real_craters/C063-500m.grd
DSAA
103 103
-25.5325 25.5325
-25.5325 25.5325
3231.8342004877 4808.8796108223
[rows 0 to 29 of 103, columns 0 to 66 of 103]
4294.87 4293.92 4294.13 4294.86 4290.13 4285.06 4286.1 4300.81 4298.11 4297.05 4298.58 4303.94 4310.11 4315.34 4319.15 4315.09 4318.26 4326.53 4329.86 4329.14 4328.9 4340.05 4343.4 4338.54 4338.33 4338.83 4340.49 4341.84 4342.67 4343.19 4343.69 4343.78 4346.11 4347.8 4348.72 4349.81 4352.69 4353.87 4345.89 4324.13 4323.24 4307.96 4316.47 4318.33 4321.1 4317.74 4311.78 4304.94 4297.81 4290.32 4285.45 4286.91 4295.8 4302.15 4308.33 4312.6 4302.83 4285.81 4280.58 4293.13 4300.94 4289.75 4278.59 4267.53 4257.96 4254.99 4263.09
4295.71 4295.11 4294.43 4295.24 4294.92 4294.47 4295.66 4296.65 4298.12 4298.54 4298.99 4303.3 4317.35 4335.95 4328.15 4319.91 4316.06 4326.45 4328.38 4327.86 4327.46 4326.62 4333.16 4336.85 4338.95 4341.41 4344.22 4346.97 4351.17 4355.07 4355.07 4352.05 4347.56 4343.15 4342.91 4343.4 4342.89 4339.88 4331.25 4318.67 4320.76 4316.03 4309.07 4307.89 4309.68 4310.21 4307.24 4301.69 4294.77 4285.94 4280.85 4291.56 4310.19 4304.09 4293.56 4303.01 4300.97 4288.67 4274.9 4274.17 4279.05 4280.72 4275.91 4269.18 4261.92 4257.02 4263.3
4296.34 4295.89 4295.95 4295.35 4293.93 4293.45 4294.15 4292.85 4295.71 4298.63 4301.13 4299.27 4323.91 4334.72 4331.05 4324.81 4331.99 4331.92 4330.04 4328.08 4326.06 4327.8 4331.1 4336.13 4340.42 4344.65 4349.24 4353.86 4360.28 4369.38 4378.02 4360.7 4336.85 4339.57 4338.49 4336.09 4334.77 4332.2 4327.29 4320.96 4312.02 4307.31 4304.13 4301.48 4305.19 4306.68 4304.89 4301.01 4296.75 4291.12 4283.81 4293.99 4299.08 4283.09 4289.21 4298.48 4299.86 4284.95 4272.39 4270.72 4273.06 4275.2 4273.46 4270.41 4264.72 4257.5 4263.67
4296.54 4296.06 4295.89 4295.33 4294.1 4293.09 4295.42 4295.54 4292.54 4299.6 4315.07 4339.93 4343 4340.41 4332.38 4322.45 4324.37 4331.86 4331.28 4328.9 4326.41 4323.66 4330.81 4336.35 4341.33 4345.84 4350.02 4354.97 4361.52 4370.51 4380.65 4368.23 4350.4 4338.57 4335.73 4334.84 4332.44 4331.44 4330.61 4331.02 4321.43 4305.14 4303.03 4305.76 4307.92 4307.57 4304.29 4301.75 4300.02 4303.08 4315.73 4300.92 4287.63 4298.52 4300.76 4291.85 4278.25 4278.28 4277.45 4278.05 4277.35 4275.94 4273.42 4268.92 4264.52 4263.83 4268.69
4296.6 4295.68 4295 4294.96 4296.32 4294.59 4293.16 4292.6 4295.88 4301.75 4310.8 4327.76 4358.21 4349.18 4336.26 4326.76 4327.32 4333.24 4333.3 4330.52 4327.95 4328.03 4332.56 4336.96 4340.68 4344.73 4348.13 4352.18 4355.7 4358.22 4356.59 4343.37 4337.01 4333.5 4331.27 4330.59 4331 4331.42 4332.25 4330.15 4319.5 4308.93 4307.54 4314.66 4314.23 4309.7 4307.03 4304.87 4303.25 4302.82 4298.51 4290.62 4280.08 4303.23 4309.84 4291.55 4277.69 4275.83 4275.36 4280.11 4280.8 4279.25 4276.09 4271.6 4269.44 4273.11 4272.45
4297.45 4295.55 4293.03 4292.68 4295.07 4292.12 4296.8 4294.12 4295.22 4306.05 4319.34 4330.13 4369.61 4348.4 4329.96 4325.22 4332.67 4338.22 4335.83 4333.1 4330.64 4327.78 4334.55 4338.14 4340.47 4342.52 4344.6 4346.44 4346.51 4345.27 4337.7 4332.54 4327.37 4327.8 4327.55 4329.67 4330.25 4330.93 4331.7 4331.21 4317.93 4312.34 4311.04 4312.76 4312.35 4311.49 4309.1 4306.14 4302.18 4297.91 4292.02 4285.79 4281.23 4285.18 4294.15 4289.12 4281.02 4277.67 4278.18 4281.2 4283.58 4283.96 4282.44 4277.91 4276.81 4272.81 4266.6
4299.11 4296.86 4294.49 4293.83 4295.49 4296.96 4299.62 4297.19 4297.23 4313.57 4344.23 4393.41 4369.06 4337.91 4314.39 4324.2 4334.54 4336.97 4334.02 4332.89 4334.67 4340.57 4340.24 4336.5 4334.14 4332.09 4330.8 4330.77 4331.04 4335.6 4329.89 4326.42 4325.95 4328.04 4327.93 4329.07 4329.49 4329.39 4329.65 4328.81 4320.72 4317.36 4314.5 4313.26 4313.05 4313.58 4311 4306.9 4301.57 4295.47 4288.82 4284.04 4283.72 4283.14 4284.77 4287.8 4286.52 4284.02 4277.84 4285.52 4286.85 4287.96 4289.87 4290.68 4282.53 4271.82 4262.21
4300.97 4299.3 4297.87 4297.14 4296.84 4295 4297.75 4297.48 4292.64 4312.67 4338.32 4363.98 4351.01 4334.44 4310.35 4317.26 4322.32 4326.85 4327.67 4328.5 4332.07 4344.27 4341.47 4337.68 4334.92 4330.16 4327.23 4325.93 4318.27 4320.42 4324.63 4326 4331.24 4337.21 4339.68 4336.58 4335.24 4333.05 4329.4 4324.47 4323.58 4322.31 4319.04 4320.08 4321.45 4318.1 4313.58 4308.11 4301.89 4294.34 4287.16 4283.99 4284.43 4283.1 4282.96 4288.87 4297.55 4293.44 4282.22 4284.3 4285.74 4288.43 4292.47 4300.52 4293.65 4275.78 4261.2
4303.87 4302.34 4300.82 4299.77 4297.88 4296.24 4297.33 4291.55 4297.61 4307.71 4316.52 4314.07 4366.61 4346.26 4320.38 4302.13 4310.87 4317.98 4319.34 4320.06 4322.62 4329.64 4333.17 4329.9 4325.68 4322.12 4318.39 4314.41 4312.44 4313.7 4326.22 4324.19 4333.84 4337.27 4337.14 4336.48 4335.18 4332.29 4328.77 4325.12 4323.92 4324.15 4321.55 4323.83 4328 4322.04 4316.69 4310.63 4303.98 4296.15 4287.45 4283.23 4284.01 4282.86 4281.45 4286.43 4291.04 4289.11 4284.51 4282.6 4283.71 4285.86 4287.36 4286.37 4285.5 4275.13 4263.01
4307.58 4305.27 4303.52 4301.33 4299.49 4298.06 4296.81 4289.52 4296.66 4308.8 4314.21 4316.86 4367.73 4348.98 4314.63 4303.86 4305.19 4309.26 4310.58 4311.05 4311.34 4319.95 4324.7 4322.87 4320.49 4317.74 4315.01 4311.73 4306.84 4298.55 4299.67 4345.18 4346.73 4343.37 4339.83 4336.75 4333.95 4331.68 4329.05 4324.57 4324.8 4324.51 4320.29 4324.41 4323.69 4324.89 4319.31 4313.59 4308.42 4303.03 4296.12 4287.79 4286.59 4288.15 4284.76 4283.7 4284.94 4285.6 4284.86 4282.53 4282.77 4283.32 4282.78 4283.02 4279.3 4275.51 4267.3
4309.62 4307.34 4306.14 4305.91 4300.14 4299.75 4296.98 4307.6 4317.61 4327.3 4326.65 4332.67 4350.13 4339.42 4309.38 4302.03 4302.56 4301.88 4302.75 4304.1 4305.72 4309.9 4313.37 4314.96 4315.38 4315.03 4314.21 4312.77 4310.25 4305.2 4301.1 4350.33 4352.38 4345.31 4340.18 4336.06 4333.07 4331.36 4331.13 4330.87 4324.66 4324.33 4321.21 4326.44 4337.52 4325.85 4320.57 4317.15 4314.61 4312.47 4312.18 4321.33 4328.79 4304.31 4282.68 4281.41 4283.22 4284.75 4285.58 4283.97 4283.46 4284.72 4282.84 4290.14 4301.96 4283.28 4271.74
4310.28 4309.21 4307.07 4304.64 4303.03 4300.42 4319.83 4341.65 4357.62 4347.73 4333.29 4328.99 4333.13 4335.5 4319.18 4309.68 4305.61 4299.77 4297.98 4299.5 4302.24 4302.99 4305.39 4308.47 4310.94 4312.99 4315.36 4318.28 4321.37 4330.34 4352.53 4352.25 4346.31 4341.49 4336.78 4332.65 4330.27 4328.35 4327.8 4326.59 4323.24 4321.15 4325.43 4323.24 4318.19 4318.43 4320.67 4321.47 4323.22 4323.52 4326.13 4331.31 4333.01 4311.55 4287.97 4282.83 4287.46 4292.68 4290.58 4285.07 4287.75 4294.4 4293.63 4295.03 4296.85 4284.44 4270.3
4311.13 4311.02 4310.02 4306.44 4302.17 4330.64 4343.05 4340.98 4343.29 4339.64 4328.37 4317.8 4317.25 4330.62 4342.52 4335.05 4311.33 4297.81 4294.08 4296.02 4298.58 4298.69 4300.02 4301.52 4304.19 4307.97 4312.6 4318.39 4326.01 4336.88 4346.17 4344.06 4338.39 4336.12 4333.73 4330.75 4324.19 4322.22 4321.75 4320.42 4317.08 4316.61 4320.5 4319.89 4315.45 4316.93 4322.44 4326.42 4328.89 4332.25 4332.38 4332.33 4330.17 4312.82 4289.26 4288.83 4291.48 4287.66 4296.75 4287.38 4294.51 4312.71 4326.49 4307.09 4288.46 4281.52 4274.35
4312.62 4316.07 4317.19 4321.79 4330.57 4353.04 4344.56 4323.54 4326.86 4328.67 4321 4309.74 4301.27 4312.2 4335.38 4324.47 4308.8 4296.06 4291.77 4292.72 4293.78 4292.86 4293.19 4296.67 4300.96 4305.83 4308.59 4316.73 4327.5 4337.05 4338.41 4333.01 4328.5 4326.04 4324.6 4323.41 4320.98 4317.54 4313.37 4312.47 4314.15 4314.53 4318.37 4321.43 4317.75 4320.1 4327.3 4332.52 4334.93 4336.96 4335.51 4336.08 4330.58 4321.56 4315.17 4314.21 4309.46 4316.69 4293.39 4289.93 4307.13 4323.66 4340.82 4317.71 4292.22 4281.7 4275.08
4310.93 4317.35 4326.08 4335.73 4341.41 4359.15 4345.46 4324.64 4323.39 4323.71 4316.58 4308.15 4299.95 4306.54 4330.6 4319.74 4300.65 4291.84 4288.29 4289.39 4290.55 4289.55 4290.06 4292.22 4298.78 4304.8 4311.71 4318.99 4327.26 4337.13 4333.81 4325.27 4319.01 4317.82 4318.21 4319.01 4318.72 4314.26 4305.31 4306.62 4309.53 4309.71 4312.2 4317.94 4322.87 4328.47 4339.05 4342.91 4343.99 4343.6 4339 4329.89 4323.13 4330.73 4344.6 4343.64 4332.84 4322.57 4292.51 4312.41 4322.78 4318.46 4316.63 4302.46 4290.04 4282.28 4275.82
4310.41 4318.19 4329.9 4336.29 4333.85 4334.11 4327.84 4320.63 4321.54 4323.87 4316.08 4309.56 4306.51 4305.71 4303.13 4291.77 4291.07 4287.82 4286.87 4288.5 4288.65 4287.11 4286.6 4289.24 4294.02 4299.31 4305.49 4311.79 4318.1 4326.08 4331.5 4322.21 4312.94 4312.32 4315.5 4317.54 4319.37 4319.91 4314.8 4313.61 4309.27 4303.37 4311.31 4321.22 4347.91 4361.33 4359.66 4357.07 4354.99 4351.73 4346.74 4337.81 4327.36 4336.36 4344.12 4347.38 4348.09 4335.02 4300.56 4309.42 4306.35 4306.3 4296.35 4287.27 4288.47 4287.15 4279.78
4302.49 4313.57 4329.84 4353.89 4332.52 4318.27 4317.34 4318.51 4318.07 4316.94 4315.88 4311.51 4310.76 4320.45 4312.59 4296.77 4290.87 4287.9 4286.86 4287.12 4287.1 4284.73 4284.03 4285.67 4289.45 4293.89 4298.79 4303.51 4307.37 4310.37 4333.01 4320.93 4304.78 4307.78 4313.51 4318.96 4324.43 4332.14 4347.95 4333.44 4325.9 4315.95 4346.48 4378.25 4384.47 4386.91 4376.12 4369.68 4366.23 4363.87 4361.07 4357.38 4346.95 4345.36 4348.13 4354.06 4366.53 4378.62 4359.78 4344.73 4328.95 4312.53 4302.54 4305.66 4306.2 4303.34 4294.6
4292.35 4300.59 4313.85 4323.47 4338.05 4329.4 4314.61 4317.34 4319.49 4320.4 4317.57 4312.21 4307.62 4334.75 4322.98 4307.65 4294.44 4288.42 4284.42 4283.45 4283.02 4282.19 4281.84 4282.49 4284.86 4288.22 4292.8 4295.88 4299.24 4308.51 4328.55 4315.3 4305.49 4309.21 4316.11 4322.28 4328.59 4336.97 4344.53 4348.59 4355.62 4377.09 4397.16 4413.57 4404.4 4388.6 4381.73 4376.29 4373.29 4372.79 4373.58 4371.68 4359.11 4354.64 4357.57 4365.36 4378.21 4390.03 4390.89 4370.32 4350.63 4336.83 4332 4343.83 4332.51 4328.05 4327.82
4278.89 4286.26 4295.62 4300.34 4306.81 4328.66 4320.33 4322.04 4322.55 4322.21 4316.62 4313.13 4313.12 4314.59 4317.13 4303.17 4294.37 4289.58 4285.39 4283.31 4281.78 4280.27 4278.93 4278.86 4281.08 4283.51 4286.31 4289.23 4291.73 4291.41 4298.24 4306.2 4308.46 4314.72 4320.43 4325.18 4330.67 4337.43 4347.27 4358.81 4373.93 4393.42 4405.75 4422.55 4410.59 4392.15 4383.59 4377.82 4375.1 4376.08 4379.77 4381.02 4359.83 4359.37 4366.19 4375.93 4383.11 4386.25 4387.77 4377.45 4366.19 4365.35 4358.1 4345.52 4348.03 4348.68 4354.52
4271.52 4278.04 4287.73 4296.13 4309.66 4331.87 4336.65 4335.24 4326.43 4317.1 4314.49 4313.4 4315.14 4313.79 4307.42 4303.56 4296.37 4292.41 4290.07 4284.98 4281.8 4279.77 4277.84 4276.74 4278.23 4279.77 4281.6 4284.06 4287.16 4291.73 4288.09 4302.67 4318.37 4324.24 4324.76 4327.18 4330.89 4336.34 4347.47 4364.52 4382.1 4396.75 4402.66 4409.02 4400.5 4391.23 4379.09 4373.37 4371.37 4371.57 4374.71 4378.11 4367.86 4365.5 4370.56 4376.69 4385.62 4393.76 4387.82 4386.51 4386.08 4382.18 4374.45 4363.56 4359.81 4359.6 4361.47
4273.2 4278.82 4288.36 4296.73 4309.33 4323.66 4345.35 4341.57 4330.07 4320.77 4315.59 4313.23 4311.12 4309.28 4315.65 4303.79 4296.86 4294.47 4292.53 4288.39 4282.98 4279.77 4277.68 4277.24 4275.37 4275.79 4276.83 4277.54 4279.8 4280.34 4285.47 4301.23 4319.95 4326.68 4327.53 4329.7 4332.63 4337.86 4349.57 4366.4 4384.7 4401.27 4399.6 4390.73 4380.13 4367.08 4363.95 4365.78 4363.78 4361.5 4359.37 4359.36 4362.78 4367.39 4373.21 4379.68 4386.19 4389.9 4390.18 4390.01 4389.35 4395.73 4388.84 4373.31 4366.25 4364.02 4363.34
4276.85 4283.08 4293.67 4305.42 4329.33 4345.14 4346.35 4339.94 4333.25 4325.09 4316.05 4312.61 4309.04 4306.9 4308.48 4304.23 4299.1 4296.19 4292.9 4289.13 4284.18 4279.86 4275.96 4272.47 4272.47 4273.3 4274.03 4273.67 4274.3 4274.75 4283.7 4298.75 4310.92 4320.82 4329.53 4332.79 4335.21 4339.47 4349.31 4364.81 4381.41 4398.97 4402.75 4379.7 4365.47 4363.84 4364.45 4361.76 4357.56 4352.17 4343.08 4341.38 4354.89 4363.79 4373.57 4385.06 4388.04 4383.54 4388.98 4386.87 4381.32 4393.51 4381.52 4369.99 4365.8 4362.07 4359.66
4284.58 4290.3 4300.03 4313.19 4334.38 4347.4 4343.14 4340.19 4343.58 4334.99 4321.6 4314.28 4309.45 4305.05 4305.86 4304.85 4303.39 4297.96 4293.31 4289.79 4284.59 4279.85 4275.29 4270.87 4270.72 4271.2 4271.1 4271.46 4272.07 4270.99 4283.52 4301.15 4316.74 4329.03 4335.05 4336.04 4336.65 4340.66 4347.86 4358.86 4371.48 4382.13 4384.48 4365.23 4355.15 4360.82 4363.84 4358.24 4353.65 4348.29 4342.2 4338.21 4340.01 4349.2 4369.79 4388.6 4390.09 4382.83 4382.34 4384.28 4385.03 4382.35 4377.4 4369.2 4364 4358.06 4351.17
4292.25 4295.13 4306.41 4328.93 4343.83 4359.54 4352.88 4354.73 4359.67 4342.54 4323.46 4318.97 4313.4 4309.03 4305.67 4304.78 4302.44 4299.3 4294.16 4289.04 4284.61 4280.25 4276.25 4272.99 4271.32 4270.47 4270.06 4270.33 4271.81 4276.56 4289.79 4308.47 4328.51 4342.76 4342.33 4338.73 4334.23 4334.65 4340.77 4349.97 4357.4 4359.36 4347.64 4350.64 4347.89 4350.11 4351.77 4353.43 4350.92 4347.99 4346.02 4341.24 4335.74 4342.12 4365.09 4386.16 4384.5 4367.35 4374.58 4382.84 4388.54 4375.94 4379.47 4373.54 4363.09 4352.86 4343.79
4303.82 4307.46 4315.69 4351.36 4356.26 4115.87 4219.01 4389.12 4380.96 4356.18 4334 4325.99 4317.8 4309.75 4306.29 4305.13 4303.58 4300.85 4298.23 4291.92 4286.15 4280.91 4276.85 4274.72 4272.47 4271.03 4270.94 4270.22 4269.6 4283.66 4295.47 4315.27 4335.32 4348.29 4348.11 4340.79 4331.23 4323.09 4332.79 4341.47 4347.39 4349.46 4350.46 4341.16 4338.26 4345.84 4350.51 4350.95 4348.7 4347.07 4347.77 4342.65 4339.4 4346.39 4359.87 4376.27 4373.67 4353.8 4364.65 4375.26 4381.94 4366.61 4378.78 4371.59 4361.95 4352.97 4343.32
4313.17 4317.14 4322.38 4352.64 4344.16 4158.64 4235.48 4373.91 4380.71 4363.19 4350.52 4333.31 4319.1 4313.75 4312.43 4306.97 4303.16 4302.7 4301.03 4294.69 4288.25 4282.61 4277.03 4273.12 4271.55 4273.37 4275.77 4275.2 4270.22 4274.06 4299.31 4321.83 4342.13 4357.56 4354.41 4344.77 4333.58 4326.39 4331.85 4338.03 4342.47 4344.1 4342.53 4339.03 4345.74 4347.01 4352.16 4348.84 4344.82 4342 4342.01 4339.55 4337.47 4339.45 4351.43 4363.07 4366.54 4360.73 4362.86 4367.71 4376.7 4373.1 4376.79 4369.19 4362.15 4353.26 4344.32
4318.61 4319.91 4321.09 4330.76 4351.38 4355.81 4348.49 4358.75 4363.51 4353.85 4340.58 4327.83 4316.83 4310.4 4308.79 4306.47 4308.27 4306.92 4302.4 4298.44 4291.35 4285.3 4278.89 4272.97 4271.58 4278.11 4285.84 4292.27 4297.62 4297.82 4311.72 4329.09 4346.18 4360.49 4356.83 4348.34 4339.81 4334.26 4335.68 4339.18 4342.06 4343.44 4341.93 4342.5 4342.76 4345.21 4346.11 4344.21 4340.78 4335.5 4328.58 4333.03 4335.74 4339.42 4345.62 4351.01 4359.25 4376.18 4369.87 4367.33 4373.08 4371.19 4368.43 4367.93 4362.72 4356.67 4349.86
4322.58 4322.46 4320.91 4320.22 4322.27 4338.15 4340.4 4341.82 4344.28 4338.11 4324.39 4318.51 4313.71 4311.61 4307.6 4303.2 4306.89 4307.69 4303.7 4298.15 4294.31 4291.26 4285.53 4277.49 4275.07 4285.72 4298.26 4310.35 4322.31 4321.88 4326.42 4336.24 4346.73 4353.08 4353.38 4348.52 4345.57 4343.11 4340.75 4342.95 4345.71 4347.24 4345.36 4340.45 4343.66 4345.03 4343.43 4342.69 4340.7 4336.15 4333.57 4333.57 4337.01 4342.47 4344.78 4347.06 4357.9 4386.6 4377.31 4369.45 4367.51 4372.29 4371.7 4367.26 4363.18 4358.26 4354.49
4323.84 4323.04 4320.02 4320.6 4319.88 4321.56 4324.76 4332.21 4333.38 4329.33 4319.61 4316.04 4313.02 4310.76 4309.25 4304.21 4305.09 4308.4 4310.82 4302.36 4301.88 4303.78 4298.68 4290.13 4284.33 4301.05 4313.61 4323.02 4322.53 4329.85 4336.83 4341.88 4346.1 4349.38 4347.76 4344.46 4340.84 4341.36 4343.5 4346.71 4351.04 4354.96 4358.26 4354.71 4348.85 4347.5 4351.14 4351.84 4345.73 4338.08 4334.14 4336.49 4339.25 4341.68 4345.13 4351.87 4368.26 4382.53 4379.22 4373.2 4374.18 4377.87 4373.75 4370.77 4366.78 4362.37 4359.52
4325.1 4326.65 4323.49 4323.25 4324.19 4327.82 4325.69 4328.37 4328.79 4328.12 4325.55 4321.65 4314.44 4312.5 4313.82 4303.48 4303.72 4309.41 4322.56 4329.15 4331.94 4326.05 4317.94 4314.13 4316.76 4322.53 4331.14 4341.89 4350.56 4348.69 4346.85 4346.37 4345.2 4341.04 4338.65 4340.1 4340.94 4341.56 4345.11 4350.14 4355.46 4362.58 4369.17 4369.49 4355.53 4350.65 4357.81 4359.7 4354.55 4344.57 4338.79 4342.29 4342.14 4342.28 4344.19 4353.31 4371.72 4384.11 4384.16 4382.47 4379.77 4384.32 4377.09 4373.53 4370.32 4368.02 4365.32
