real_craters/C063-500m.grd
DSAA
103 103
-25.5325 25.5325
-25.5325 25.5325
3231.8342004877 4808.8796108223
[rows 30 to 59 of 103, columns 0 to 66 of 103]
4339.22 4334.41 4326.75 4326.92 4331.64 4341.12 4343.91 4340.18 4338.41 4329.65 4326.99 4324.28 4315.81 4314.85 4313.94 4305.65 4306.53 4317.21 4342.86 4361.15 4365.79 4346.01 4333.77 4329.49 4335.15 4334.48 4343.25 4357.84 4363.57 4360.56 4354.72 4350.03 4345.78 4342.63 4340.1 4336.88 4336.43 4340.13 4345.87 4352.64 4360.16 4366.89 4374.9 4377.52 4362.36 4353.83 4357.1 4363.43 4368.74 4370.99 4365.56 4357.72 4350.08 4341.56 4339.37 4347.48 4372.59 4386.96 4390.48 4390.88 4386.44 4383.96 4375.27 4377.39 4376.62 4373.17 4370.01
4363.39 4346.44 4340.76 4337.88 4341.9 4350.31 4340.62 4337.5 4329.78 4324.77 4318.46 4310.31 4315.34 4314.57 4310.11 4307.54 4312.28 4324.84 4352.03 4363.08 4363 4351.58 4339.38 4329.91 4323.97 4328.41 4343.46 4363.7 4372.12 4365.17 4356.53 4350.38 4345.8 4342.02 4338.4 4333.68 4331.41 4338.19 4347.2 4354.86 4363.35 4368.96 4371.04 4367.97 4358.83 4347.3 4356.41 4371.07 4380.8 4390.97 4389.47 4378.96 4367 4353.03 4346.5 4349.9 4332.22 4384.16 4392.54 4399.66 4393.04 4397.72 4384.57 4381.95 4379.21 4376.17 4374.12
4372.42 4356.07 4344.32 4337.15 4344.06 4361.73 4350.88 4333.44 4324.08 4319.48 4313.43 4306.05 4309.07 4310.87 4310.6 4308.12 4316.66 4334.75 4351.15 4357 4353.39 4351.21 4340.91 4328.34 4317.02 4321.27 4335.59 4351.33 4365.86 4360.79 4353.6 4348.56 4344.82 4341.37 4338.04 4334.7 4332.74 4341.45 4350.01 4357.93 4365.24 4369.95 4369.73 4365.03 4351.82 4324.7 4343.67 4367.91 4387.08 4401.73 4405.4 4403.69 4394.4 4379.74 4368.42 4386.3 4399.69 4384.04 4393.93 4408.23 4411.33 4400.41 4396.7 4388.15 4382.99 4381.75 4381.53
4367.29 4352.34 4344.17 4334.17 4331.75 4335.54 4329.89 4327.18 4323.9 4317.17 4313.1 4311.38 4309.56 4310.13 4310.87 4307.39 4317.64 4336.69 4348.64 4354.04 4362.07 4353.65 4342.58 4330.6 4318.63 4318.26 4328.31 4335.71 4342.72 4348.07 4347.39 4344.72 4342.54 4340.9 4340.22 4340.38 4342.04 4345.98 4354.34 4360.71 4367.72 4374.66 4375.24 4374.76 4355.82 4328.65 4351.46 4379.95 4392.56 4407.92 4422.05 4430.96 4430.17 4420.01 4395.98 4403.67 4391.84 4373.18 4398.67 4422.29 4428.49 4419.27 4399.32 4387.34 4386.48 4388.94 4390.02
4359.02 4353 4342.8 4332.93 4329.55 4332.87 4334.46 4329.03 4318.61 4314.05 4313.09 4313.11 4310.95 4310.43 4312.58 4315.96 4312.9 4316.66 4328.49 4343.61 4356.49 4353.71 4345.02 4334.72 4326.47 4324.09 4326.6 4330.31 4333.22 4337.63 4340.25 4340.55 4340.13 4339.88 4341.15 4345.1 4347.61 4350.65 4358.07 4367.45 4377.64 4383.09 4382.53 4385.58 4379.12 4368.29 4382.88 4393.85 4411.8 4415.6 4443.76 4458.84 4470.84 4485.96 4482.81 4470.47 4432.91 4417.28 4425.24 4441.13 4448.81 4407.52 4386.44 4390.97 4394.84 4398.85 4401.75
4363.7 4351.53 4344.41 4334.12 4332.41 4333.4 4335.06 4329.42 4316.82 4311.65 4311.79 4311.86 4309.24 4309.09 4307.59 4303.47 4304.07 4303.75 4310.09 4329.83 4343.23 4348.97 4345.81 4339.18 4333.9 4331.23 4328.52 4327.29 4326.6 4332.5 4336.08 4337.69 4337.72 4337.18 4338.56 4342.33 4346.88 4352.79 4362.28 4366.32 4378.12 4390.95 4396.12 4390.72 4394.85 4416.69 4450.71 4461.57 4501.45 4496.55 4481.76 4467.73 4481.24 4535.98 4641.32 4588.31 4498.19 4448.85 4459.6 4491.86 4507.42 4487.35 4450.87 4419.73 4419.32 4421.19 4417.5
4404.51 4378.84 4358.19 4343.16 4329.46 4330.85 4337.48 4337.45 4319.82 4313.21 4311.5 4311.06 4309.42 4307.55 4305.59 4303.68 4303.72 4303.65 4304.74 4322.25 4341.64 4349.47 4346.46 4342.05 4338.02 4331.66 4331.98 4328.29 4326.48 4330.99 4335.06 4337.48 4338 4335.83 4327.52 4325.44 4338.41 4348.62 4358.2 4370.9 4385.86 4402.19 4417.56 4428.57 4432.55 4510.99 4561.09 4614.18 4656.26 4629.49 4474.63 4419.1 4418.81 4467.49 4577.55 4608.26 4503.37 4436.83 4496.83 4604.32 4612.15 4538.3 4504.18 4466.92 4453.13 4446.23 4439.35
4395.27 4393.22 4365.44 4342.93 4326.34 4326.12 4330.03 4327.94 4319.66 4313.65 4311.3 4310.2 4309.17 4306.11 4304.74 4304.32 4302.97 4302.26 4301.99 4316.48 4336.65 4346.98 4343.01 4342.58 4343.24 4346.15 4337.29 4329.81 4331.71 4335.21 4338.29 4340.05 4341.29 4340.97 4341.39 4338.9 4339.21 4347 4358.89 4370.49 4392.1 4415.06 4450.15 4486.96 4526.46 4591.12 4579.58 4515.29 4461.43 4393.29 4327.95 4284.03 4269.11 4264.7 4285.92 4323.33 4392.24 4444.21 4554.8 4678.02 4688.34 4627.59 4596.89 4530.01 4487.25 4463.18 4453.27
4372.09 4375.97 4359.13 4335.81 4325.96 4322.64 4320.22 4314.79 4313.72 4311.36 4310.52 4307.97 4305.36 4305.11 4304.44 4303.44 4303.27 4303.79 4301.6 4307.34 4316.14 4321.94 4330.5 4340.77 4349.57 4352.72 4348.89 4343.42 4341.84 4342.13 4342.26 4343.89 4345.83 4347.86 4349.87 4342.74 4347.33 4353.49 4365.36 4378.48 4383.74 4407.6 4447.32 4516.77 4605.26 4449.38 4312.79 4230.99 4134.05 4101.05 4109.09 4096.87 4061.25 4025.86 3991.25 4027.14 4258.67 4493.31 4617.29 4680.54 4808.88 4754.67 4662.09 4583.62 4537.13 4500.11 4481.39
4367.6 4366.39 4360.48 4337.27 4327.8 4323.12 4319 4315.68 4313.84 4312.86 4311.54 4310.37 4307.64 4305.65 4304.39 4303.54 4302.84 4302 4299.67 4298.05 4295.11 4296.87 4318.53 4339.87 4358.08 4368.61 4362.55 4357.51 4351.56 4349.03 4347.26 4347.02 4348.54 4351.09 4355.6 4357.52 4349.74 4354 4358.57 4364.36 4370.64 4377.32 4388.67 4411.19 4358.67 4188.45 4053.54 3992.23 3896.47 3889.4 3906.35 3907.21 3853.25 3796.99 3746.2 3801.11 4161.56 4534.84 4617.89 4449.53 4669.8 4733.69 4675.76 4608.94 4589.52 4550.37 4508.01
4373.6 4389.5 4371.64 4348.39 4335.45 4326.02 4320.9 4318.25 4315.7 4314.82 4313.26 4309.94 4307.17 4306.02 4304.62 4302.86 4301.02 4300.02 4298.5 4295.64 4290.17 4285.86 4314.69 4342.78 4367.35 4385.9 4368.11 4357.04 4360.61 4356.18 4352.67 4349.45 4348.67 4349.74 4353.42 4350.59 4347.95 4346.76 4346.29 4341.66 4340.67 4335.96 4314.51 4264.48 4143.05 4044.75 3987.64 3866.47 3792.41 3767.46 3753.44 3742.13 3717.93 3632.04 3595.11 3656.2 4071.95 4526.81 4575.83 4152.48 4371.72 4591.12 4693.44 4693.54 4650.31 4591.25 4530.49
4356.19 4356.92 4358.33 4345.38 4334.55 4326.82 4321.77 4317.57 4316.6 4316.55 4315.8 4314.64 4309.2 4307.87 4305.27 4302.41 4300.9 4299.37 4300.9 4299.09 4297.49 4300.91 4324.09 4350.9 4374.11 4393.05 4390.01 4385.89 4370.92 4361.42 4354.4 4349 4345.19 4345.17 4348.91 4352.8 4344.45 4340.78 4331.91 4318.94 4297.15 4269.26 4233.67 4165.74 4083.75 4004.88 3872.26 3775 3705.95 3660.46 3640.31 3628.29 3612.66 3553.78 3545.09 3582.54 3966.28 4402.34 4427.69 3898.47 4142.05 4382.87 4625.06 4754.86 4682.51 4613.02 4554.3
4340.28 4340.83 4342.07 4334.1 4329.49 4326.17 4323.26 4321.5 4319.72 4318.16 4315.99 4313.19 4312.13 4309.72 4306.06 4302.68 4299.87 4300.81 4299.98 4305.83 4317.8 4328.1 4346.37 4361.76 4376.39 4389.05 4392.43 4383.6 4373.17 4363.04 4354.15 4346.51 4340.69 4336.28 4335.29 4340.14 4339.08 4334.57 4317.76 4291.68 4255.85 4227.17 4166.75 4095.09 4009.98 3924.64 3785.44 3687.73 3614.23 3564.32 3556.02 3552.42 3542.76 3530.8 3512.92 3528.49 3839.2 4204.76 4204.39 3705.76 3950.24 4163.31 4433.26 4629.19 4636.53 4588.1 4532.63
4332.27 4328.16 4330.75 4332.91 4328.99 4326.38 4324.89 4322.94 4320.36 4318.51 4315.23 4313.87 4311.88 4309.74 4305.58 4302.51 4304.36 4304.11 4310.12 4323.82 4344.85 4363.44 4369.08 4370.39 4373.92 4376.49 4378.99 4377.7 4369.05 4358.9 4350.37 4341.09 4333.63 4326.25 4321.09 4329.63 4338.09 4333.28 4309.4 4272.25 4229.37 4162.19 4097.34 4025.62 3956.44 3872.58 3720.52 3603.32 3531.77 3495.6 3494.25 3497.5 3495.86 3494.91 3497.57 3521.08 3714.46 3944.31 3983.11 3618.02 3770.5 3965.19 4229.4 4449.82 4530.68 4528.85 4500.44
4330.81 4329.6 4334.36 4330.42 4326.78 4327.45 4326.67 4325.46 4321.89 4318.61 4314.41 4312.75 4309.06 4305.72 4302.43 4299.98 4299.72 4306.26 4336.33 4362.75 4370.09 4377.44 4377.53 4371.22 4368.34 4366.94 4363.16 4366.5 4359.44 4351.9 4344.82 4338.07 4330.82 4324.55 4317.5 4341.17 4354.93 4335.61 4296.42 4240.4 4176.61 4105.84 4028.74 3959.38 3894.67 3783.47 3599.91 3497.69 3460.12 3447.91 3451.8 3456.76 3460.45 3469.6 3488.56 3533.48 3612.82 3669.81 3654.85 3655.9 3638.7 3800.68 4053.48 4296.46 4407.85 4440.95 4443.41
4332.24 4334.96 4334.91 4344.26 4331.98 4329.53 4330.52 4333.25 4335.29 4323.99 4314.53 4312.95 4310.33 4305.7 4300.48 4296.56 4299.21 4323 4363.99 4388.05 4382.65 4377.2 4370.39 4363.93 4359.29 4356.79 4352.45 4353.03 4349.18 4345.5 4341.67 4337.91 4334.91 4334.7 4345.64 4369.63 4381.3 4349.16 4294.68 4223.93 4143.26 4053.38 3966.37 3873.42 3770.75 3618.37 3502.3 3444.64 3425.3 3420.82 3422.62 3424.16 3429.39 3443.51 3468.38 3509.6 3529.46 3515.63 3516.97 3622.23 3567.24 3677.94 3912.53 4149.37 4278.89 4343.81 4384.87
4335.12 4345.81 4336.17 4329.18 4328.96 4330.46 4331.55 4333.99 4335.66 4330.86 4324.46 4318.35 4312.41 4305.95 4299.83 4296.06 4301.42 4358.6 4379.18 4384.69 4375.75 4367.42 4359.2 4352.24 4347.75 4342.89 4342.39 4339.81 4339.84 4339.7 4337.65 4337.77 4337.63 4343.29 4355.14 4393.98 4409.73 4372.91 4305.78 4220.23 4121.58 4019.23 3906.12 3787.52 3656.33 3517.39 3439.01 3406.86 3409.25 3413.76 3399.01 3390.12 3392.53 3409.21 3436.35 3465.89 3477.87 3472.67 3526.3 3569.58 3554.64 3660.99 3826.49 4005.47 4132.91 4244.35 4336.68
4330.43 4329.51 4330.74 4339.87 4333.36 4331.51 4330.03 4327.35 4321.36 4325.45 4323.68 4320.34 4313.76 4311.09 4301.61 4297.26 4304.34 4356.4 4377.36 4362.51 4364.91 4355.1 4342.57 4340.56 4339.23 4334.95 4330.35 4329.48 4332.17 4332.9 4333.82 4334.73 4341.78 4356.29 4378.88 4423.81 4451.16 4396.49 4317.22 4219.76 4107.11 3985.84 3854.96 3720.21 3577.16 3456.2 3395.98 3380.77 3386.99 3393.16 3366.54 3351.15 3346.47 3358.04 3391.4 3427.27 3456.1 3463.85 3515.59 3519.5 3548.66 3644.53 3765.87 3880.94 3998.12 4163.02 4311.64
4330.91 4329.79 4329.31 4336.8 4337.49 4332.16 4328.39 4325.22 4321.6 4319.7 4315.64 4315.38 4313.13 4310.74 4305.53 4300.58 4304.03 4345.83 4377.66 4381.94 4367.85 4349.99 4331.88 4336.41 4339.34 4336.75 4333.75 4332.09 4329.56 4329.42 4328.81 4333.92 4343.97 4362.48 4389.48 4433.39 4450.97 4409.35 4330.23 4224.81 4099.8 3963.73 3816.4 3669.5 3521.62 3400.2 3373.39 3371.44 3362.69 3338.93 3319.89 3303.46 3291.69 3290.64 3319.58 3380.19 3430.95 3450.86 3501.32 3507.46 3559.95 3648.05 3739.37 3812.85 3921.75 4121.61 4308.46
4330.46 4329.8 4329.17 4330.63 4328.42 4328.68 4327.37 4325.05 4323.44 4320.37 4316.75 4313.15 4311.96 4311.28 4308.04 4305.49 4302.35 4322.28 4359.19 4366.04 4366.31 4356.51 4347.31 4351.12 4351.25 4345.28 4341.11 4334.82 4329.86 4326.85 4328.21 4332.71 4341.93 4359.3 4389.64 4439.82 4451.99 4431.08 4348.52 4230.08 4096.07 3950.5 3795.19 3642.8 3499.15 3386.78 3372.09 3386.76 3356.93 3311.51 3280.92 3270.26 3254.41 3231.83 3261.8 3342.83 3405.62 3429.24 3447.76 3549.69 3595.62 3649.35 3726.53 3820.93 3933.39 4135.31 4321.62
4329.84 4331.17 4328.66 4328.69 4329.18 4328.62 4327.02 4325.08 4322.14 4319.06 4315.2 4312.59 4311.02 4308.5 4307.83 4308.86 4305.42 4301.04 4322.42 4351.92 4363.68 4365.75 4374.58 4376.61 4372.49 4361.44 4350.83 4339.75 4332.98 4328.77 4327.53 4329.71 4336.5 4352.48 4389.08 4447.5 4524.84 4482.9 4372.01 4242.37 4100.59 3946.1 3789.3 3639.69 3503.81 3399.83 3383.73 3397.79 3371.12 3296.32 3266.9 3265.13 3255.36 3243.47 3269.92 3333.93 3389.88 3413.27 3426.58 3537.02 3608.76 3645.73 3718.44 3860.78 4027.65 4194.34 4354.94
4332.38 4335.46 4330.99 4329.37 4329.8 4329.12 4326.85 4324.67 4321.99 4318.23 4314.72 4313.41 4311.62 4309.69 4309.59 4309.17 4306.41 4305.9 4309.59 4322.91 4336.54 4365.72 4394.2 4404.82 4393.15 4376.6 4359.63 4344.69 4336.91 4331.64 4328.79 4328.71 4333.34 4344.48 4384.16 4448.71 4531.66 4491.61 4380.07 4249.37 4104.74 3955.16 3804.1 3656.86 3523.45 3420.48 3395.37 3416.66 3394.84 3314.77 3290.67 3295 3293.78 3294.18 3312.87 3351.22 3390.09 3410.21 3421.46 3537.08 3617.37 3644.76 3705 3901.65 4104.32 4261.85 4400.39
4332.66 4334.02 4330.75 4328.9 4328.51 4327.65 4326.58 4324.85 4323.17 4320.06 4318.32 4316.9 4314.19 4313.03 4313.16 4310.62 4307.95 4307.19 4313.62 4307.22 4313.2 4360.53 4412.85 4428.11 4404.8 4388.98 4369.76 4354.34 4340.63 4333.66 4330.74 4331.33 4335.53 4350.44 4382.75 4429.9 4479.51 4454.47 4372.32 4251.19 4114.33 3969.15 3822.18 3679.4 3547.93 3434.49 3399.64 3410.07 3406.21 3389.01 3370.09 3343.23 3340.36 3362.83 3360.11 3372.85 3395.75 3414.48 3430.12 3533.55 3624.75 3681.41 3764.52 3976.68 4179.62 4326.1 4442
4333.7 4332.71 4330.46 4328.9 4328.11 4327.33 4326.49 4325.77 4325.33 4329.36 4325.09 4317.35 4315.88 4314.68 4314.82 4315.55 4312.56 4310.37 4321.37 4306.4 4309.35 4349.91 4397.78 4415.22 4393.9 4374.83 4366.39 4347 4338.48 4334.77 4334.37 4335.22 4338.14 4345.52 4376.7 4415.42 4469.98 4454.46 4367.55 4254.4 4126.43 3990.4 3853.36 3716.49 3586.62 3468.94 3401.51 3404.27 3411.1 3411.91 3398.73 3373.16 3364.19 3365.73 3373.27 3383.63 3400.3 3417.91 3442.99 3525.62 3630.46 3751.92 3914.81 4095.96 4265.8 4391.34 4476.82
4336.7 4332.95 4334.24 4329.73 4328.15 4327.74 4326.82 4326.19 4325.25 4325.68 4324.05 4319.13 4317.06 4315.7 4316.8 4318.36 4314.57 4310.98 4312.48 4302.59 4300.43 4336.52 4378.91 4398.93 4382.33 4375.1 4360.23 4343.65 4337.74 4337.89 4339.72 4342.54 4346.86 4350.58 4374.92 4402.88 4452.91 4445.58 4361.69 4263.39 4152.8 4036.17 3910.15 3776.62 3654.17 3533.98 3473.65 3433.11 3419.39 3408.7 3394.19 3383.06 3375.77 3377.57 3382.77 3391.89 3406.89 3430.62 3469.17 3523.55 3629.36 3813.88 4035.39 4205.49 4340.96 4459.49 4500.73
4347.04 4336.93 4331.03 4328.09 4327.92 4327.75 4327.14 4326.21 4325.49 4325.23 4321.82 4319.88 4319.03 4317.42 4314.09 4311.33 4311.02 4309.2 4307.03 4301.45 4298.88 4330.82 4363.94 4378.55 4375.08 4362.32 4353.48 4342.84 4340.12 4342.65 4346.33 4352.81 4362.42 4373.58 4379.11 4388.23 4416.71 4387.6 4343.07 4269.09 4177.43 4074.6 3966.95 3852.16 3728.29 3607.54 3504.74 3464.09 3431.85 3416.5 3407.14 3389.45 3383.17 3388.02 3396.11 3402.48 3410.82 3452.34 3540.28 3560.99 3650.31 3860.58 4078.77 4277.05 4439.36 4557.84 4520.47
4357.71 4344.17 4332.59 4328.72 4328.05 4328.22 4328.07 4326.36 4325.36 4325.65 4322.79 4322.34 4325.91 4322.49 4315.72 4312.8 4311.45 4310.23 4306.64 4310.29 4320.34 4341.6 4360.73 4374.77 4364.55 4359.06 4350.02 4347.17 4346.7 4346.7 4350.41 4358.1 4371.59 4383.05 4377.85 4375.39 4395.4 4373.85 4336.33 4279.99 4206.15 4121.88 4026.32 3931.14 3827.58 3714.26 3603.08 3486.19 3464.6 3433.01 3407.21 3397.56 3395.75 3407.45 3426.09 3437.9 3444.43 3501.01 3584.31 3632.11 3717.25 3942.96 4163.53 4366.43 4552.01 4644.89 4515.59
4383.23 4358.31 4342.15 4332.01 4330.6 4331.5 4329.94 4327.06 4324.88 4323.04 4333.14 4348.13 4341.53 4330.16 4321.83 4316.92 4313.49 4312.84 4315.47 4327.86 4346.69 4355.27 4355.43 4351.56 4347.83 4342.56 4344.28 4346.57 4348.27 4347.97 4349.48 4354.58 4363.45 4371.4 4367.3 4364.62 4363.97 4372.41 4341.5 4289.38 4228.47 4159.26 4082.55 4013.85 3926.95 3839.62 3728.17 3565.65 3513.02 3486.29 3446.79 3445.07 3442.85 3457.69 3492.3 3515.46 3534.54 3594.62 3706.02 3775.13 3881.68 4081.12 4290.34 4460.55 4576.58 4568.76 4468.44
4380.23 4370.24 4354.23 4342.15 4334.53 4331.9 4329.67 4327.71 4326.12 4326.99 4334.12 4353.85 4347.28 4332.72 4322.16 4316.65 4313.91 4315.39 4326.35 4334.73 4347.09 4354.06 4349.24 4339.09 4339.02 4336.5 4337.8 4342.2 4345.37 4343.63 4342.96 4342.43 4343.13 4347.34 4350.91 4353.38 4356.9 4371.62 4346.48 4308.97 4264.52 4213.63 4154.8 4102.31 4041.11 3984.03 3905.62 3735.46 3664.65 3631.25 3597.44 3572.84 3560.33 3572.47 3604.46 3638.02 3679.58 3777.19 3872.8 3950.49 4063.47 4234.21 4440.08 4589.65 4539.91 4434.66 4437.32
4370.98 4370.55 4356.87 4341.11 4332.71 4330.53 4328.51 4329.11 4330.51 4330.95 4335.29 4337.19 4334.75 4328.36 4319.04 4312.6 4310.16 4308.04 4307.22 4325.91 4337.75 4348 4346.94 4337.97 4323.26 4325.54 4332.72 4336.37 4335.73 4338.65 4336.05 4330.98 4323.94 4327.95 4336.73 4343.3 4348.47 4361.41 4346.66 4324.59 4295.56 4267.48 4228.66 4185.17 4141.95 4098.14 4062.04 3993.43 3896.66 3842.83 3782.95 3737.54 3708.25 3720.45 3750.03 3786.5 3847.71 3933.48 4029.66 4120.86 4201.1 4346.55 4510.8 4636.79 4521.43 4432.19 4443.12
