real_craters/C063-300m.grd
DSAA
171 171
-25.5325 25.5325
-25.5325 25.5325
3218.901149007 4811.7532447754
[rows 90 to 119 of 171, columns 0 to 66 of 171]
4336.7 4333.79 4333.05 4334.07 4332.4 4329.73 4328.52 4328.01 4327.81 4327.34 4326.82 4326.5 4326.14 4325.43 4324.91 4325.68 4325.92 4322.97 4319.72 4318.26 4317.06 4316.04 4315.73 4316.23 4316.98 4318.36 4317.01 4313.54 4311.38 4310.68 4312.48 4307.55 4300.54 4298.33 4311.56 4336.52 4362.98 4386.04 4399.88 4393.52 4382.33 4375.93 4374.32 4363.96 4352.95 4343.65 4338.65 4337.3 4337.95 4338.39 4339.72 4341.7 4343.39 4345.98 4348.48 4350.58 4364.1 4380.44 4397.27 4414.34 4452.91 4461.61 4428.81 4377.91 4324.24 4263.39 4198.33
4344.72 4337.9 4334.13 4332.39 4330.64 4328.81 4328.16 4327.88 4327.63 4327.4 4326.72 4326.11 4326.2 4325.81 4325.14 4323.3 4323.35 4322.01 4320.76 4319.14 4318.22 4317.33 4316.2 4315.05 4314.4 4312.18 4312.28 4311.65 4309.91 4308.08 4308.86 4305.08 4299.32 4296.58 4307.32 4331.18 4354.95 4373.29 4381.57 4382.97 4375.82 4366.09 4364.18 4358.34 4350.24 4342.61 4338.74 4338.57 4340.57 4342.18 4344.41 4347.4 4350.13 4354.74 4360.43 4368.08 4372.28 4380.86 4390.75 4400.65 4430.91 4423.44 4397.88 4363.57 4320.69 4267.98 4209.76
4347.67 4341.91 4336.19 4331.83 4329.84 4328.67 4328.22 4327.9 4328.07 4327.94 4327.27 4326.65 4326.32 4325.78 4325.53 4324.84 4322.38 4321.26 4319.77 4319.69 4319.77 4319.11 4317.33 4315.07 4313.64 4311.76 4311.15 4310.73 4309.8 4308.52 4306.64 4303.68 4301.74 4301.23 4310.74 4331.7 4351.74 4367.66 4377.76 4379.34 4375.08 4367.72 4359.07 4354.34 4348.83 4343.34 4340.58 4341.72 4343.18 4344.9 4347.4 4351.11 4356.41 4362.95 4370.07 4376.05 4377.88 4380.47 4384.11 4387.46 4410.53 4397.3 4374.05 4350.72 4316.18 4272.21 4221.71
4353.59 4346.8 4339.63 4332.96 4330.51 4329.93 4328.19 4328.06 4328.16 4327.96 4327.73 4326.89 4326.31 4325.66 4325.2 4326.65 4322.68 4322.07 4321.18 4322.32 4323.87 4322.76 4320 4316.31 4313.58 4312.6 4311.58 4310.91 4310.33 4310.67 4307.03 4305.19 4308.89 4313.19 4321.58 4338.25 4352.93 4365.45 4376.16 4375.13 4368.26 4363.25 4356.89 4351.9 4348.56 4346.39 4346.2 4345.52 4346.05 4346.72 4349.9 4353.66 4359.59 4367.67 4376.85 4381.71 4380.03 4378.32 4377.76 4377.28 4397.78 4387.15 4367.92 4345.2 4316.66 4278.66 4234.4
4369.95 4356.9 4346.33 4337.45 4332.51 4328.07 4327.73 4328.8 4329.68 4330.26 4329.14 4327.61 4326.33 4325.35 4324.24 4322.63 4322.48 4326.39 4327.04 4329.49 4331.4 4328.61 4323.88 4319.11 4315.81 4312.78 4312.49 4311.88 4310.94 4308.93 4307.6 4311.52 4319.96 4330.33 4343.41 4349.22 4355.25 4361.03 4364.89 4362.7 4356.21 4353.09 4351.3 4348.6 4347.49 4347.64 4348.81 4347.92 4348.03 4348.97 4350.61 4354.34 4359.74 4367.83 4378.18 4382.68 4377.52 4373.88 4371.67 4369.99 4391.17 4382.47 4365.49 4344.77 4316.5 4281.95 4242.53
4383.23 4366.78 4354.42 4344.62 4337.77 4332.01 4330.44 4330.77 4331.32 4331.36 4329.94 4328.18 4326.59 4325.25 4324.16 4323.04 4328.38 4335.44 4344.16 4348.9 4341.53 4334.48 4328.15 4323.08 4320.66 4316.92 4314.44 4313.26 4312.85 4312.99 4315.47 4322.67 4330.84 4342.22 4353.89 4355.27 4355.45 4355.13 4352.8 4350 4347.83 4343.05 4343.11 4344.01 4344.99 4346.57 4347.96 4348.17 4347.91 4348.72 4349.48 4352.09 4355.4 4361.31 4368.28 4371.4 4368.99 4366.66 4365.01 4364.03 4363.97 4380.09 4366.78 4349.03 4321.8 4289.38 4254.1
4381.34 4371.59 4362.47 4352.55 4344.61 4339.06 4335.51 4332.94 4332.37 4332.75 4330.33 4328.38 4327.04 4325.74 4326.42 4329.46 4335.39 4340.2 4351.08 4355.84 4347.43 4338.13 4330.5 4324.93 4321.48 4318.42 4315.55 4314.22 4314.85 4318.61 4325.68 4331.11 4336.76 4344.88 4351.76 4354.67 4353.52 4350.04 4345.12 4342.37 4344.65 4341.17 4339.19 4339.83 4341.76 4344.39 4347.46 4346.94 4346.08 4346 4346.31 4347.14 4348.65 4350.86 4353.8 4356.69 4357.48 4357.67 4357.84 4358.44 4360.18 4378.23 4375.68 4354.44 4328.59 4301.34 4272.36
4380.44 4377.63 4368.72 4359.04 4349.39 4342.58 4337.48 4333.42 4331.72 4330.09 4329.13 4328.32 4327.61 4326.58 4325.58 4325.19 4325.41 4336.5 4348.55 4356.81 4345.7 4337.14 4329.79 4323.33 4317.87 4315.51 4314.25 4313.13 4313.64 4317.19 4324.15 4328.9 4336.01 4343.69 4351.71 4353.84 4351.26 4346.51 4339.31 4332.76 4335.95 4334.36 4334.26 4335.61 4338.19 4340.86 4343.81 4343.36 4342.64 4342.01 4341.44 4340.52 4339.69 4339.11 4339.7 4342.86 4345.73 4348.45 4350.55 4352.61 4355.19 4371.31 4365.07 4352.86 4333.72 4312.13 4288.27
4375.21 4376.19 4369.54 4360.34 4350.54 4341.46 4334.49 4332.52 4330.95 4328.84 4328.38 4328.5 4328.73 4328.95 4327.61 4327.53 4327.54 4335.3 4339.96 4334.86 4336.94 4332.95 4327.21 4321.18 4315.47 4313.24 4312.05 4310.74 4309.9 4309.86 4311.7 4323.5 4330.59 4337.76 4345.99 4349.79 4349.21 4345.46 4338.6 4329.51 4320.51 4323.61 4328.37 4332.06 4335.14 4337.05 4336.87 4337.76 4339.36 4338.76 4337.05 4334.72 4331.77 4328.28 4325.97 4330.99 4335.97 4340.34 4343.84 4346.89 4356.94 4365.47 4360.6 4351.03 4337.56 4321.33 4302.76
4365.58 4366.22 4364.08 4357.85 4350.05 4341.86 4334.49 4334 4332.31 4330.62 4329.11 4328.99 4330.21 4333.12 4338.75 4339.18 4340.36 4339.61 4336.9 4335.45 4332.07 4329.09 4324.78 4319.94 4315.22 4312.39 4309.75 4307.65 4305.45 4303.09 4299.85 4305.65 4315.23 4328.04 4339.05 4346.05 4347.79 4346.46 4343.93 4342.19 4333.88 4322.98 4327.24 4331.29 4334.44 4336.22 4335.93 4336.71 4338.32 4337.04 4334.3 4330.53 4326.17 4321.38 4317.91 4323.68 4329.23 4334.4 4338.77 4342.53 4353.79 4360.85 4356.66 4349.58 4342.8 4331.37 4318.43
4359.86 4357.87 4354.03 4352.55 4350.06 4346.81 4344 4340.24 4335.21 4330.39 4327.86 4328.93 4330.78 4334.17 4340.79 4342.59 4342.89 4339.98 4335.14 4330.13 4328.29 4326.02 4322.6 4318.78 4314.36 4310.55 4307.49 4305.22 4302.82 4300.67 4299.28 4297.75 4304.85 4320.25 4334.59 4344.11 4347.13 4347.18 4346.8 4347.62 4343.85 4332.16 4331.21 4333.36 4335.88 4338.33 4340.78 4342.21 4340.03 4336.63 4332.77 4328.48 4323.47 4319.05 4317.56 4321.42 4326.36 4331.57 4336.33 4340.59 4348.46 4356.22 4357.98 4354.55 4349.56 4342.76 4335
4355.44 4353.24 4350.56 4350.75 4351.18 4351.65 4352.73 4346.2 4338.3 4331.56 4328 4329.53 4330.7 4331.65 4336.14 4337.71 4336.88 4334.48 4332.51 4330.56 4327.78 4324.73 4321.52 4317.77 4313.26 4307.07 4305.91 4303.8 4301.78 4300.49 4300.17 4297.91 4300.79 4316.19 4332.17 4343.31 4346.88 4346.41 4345.38 4344.56 4342.73 4337.89 4335.7 4336.19 4337.95 4340.5 4344.08 4346.36 4341.1 4336.16 4331.62 4327.43 4323.29 4319.63 4318.28 4322.07 4326.35 4331.29 4336.22 4340.74 4345.03 4354.55 4359.81 4360.1 4354.67 4349.6 4345.22
4351.32 4351.53 4350.59 4351.73 4352.58 4352.88 4352.26 4347.19 4340.46 4335.41 4333.43 4331.82 4331.88 4331.37 4329.61 4333.5 4332.62 4330.98 4330.77 4328.99 4326.67 4324.18 4320.6 4316.7 4312.92 4311.48 4305.99 4303.03 4301.31 4300.51 4300.94 4299.47 4301.13 4315.24 4332.58 4346.19 4347.11 4344.16 4341.42 4341.46 4339.88 4338.26 4338.04 4338.14 4338.87 4340.33 4342.34 4344.42 4338.51 4334.09 4330.21 4327.03 4324.59 4323.4 4323.36 4324.79 4327.57 4331.64 4336.14 4337.57 4345.1 4350.09 4356.33 4354.34 4358.18 4358 4356.26
4353.71 4355.75 4354.4 4355.19 4354.54 4352.75 4350.21 4345.94 4340.94 4337.32 4333.87 4334.37 4334.21 4335.23 4337.42 4334.08 4332.73 4331.89 4330.67 4330.04 4328.49 4324.07 4319.74 4315.46 4311.42 4305.95 4304.82 4302.83 4301.5 4300.66 4300.98 4300.57 4300.09 4315.51 4332.56 4346.47 4344.75 4339.77 4334.79 4331.48 4338.17 4339.23 4339.21 4338.8 4338.48 4338.1 4337.03 4333.41 4332.65 4330.5 4328.1 4326.2 4325.37 4326.36 4326.98 4327.13 4328.93 4332.51 4336.73 4334.21 4342.88 4348.5 4356.3 4358.14 4362.47 4363.79 4364.34
4367.84 4367.2 4364.72 4361.4 4357.39 4352.5 4346.8 4341.61 4339.84 4339.44 4340.19 4337.62 4335.68 4335 4334.65 4334.07 4332.58 4330.81 4331.22 4329.86 4326.13 4324.24 4319.83 4314.02 4308.76 4307.04 4304.95 4303.24 4302.27 4301.29 4300.29 4300.74 4306.64 4319.92 4331.07 4336.53 4337.07 4334.63 4329.62 4323.67 4336.35 4339.21 4339.05 4337.99 4336.78 4335.27 4332.93 4329.66 4328.72 4327.62 4326.1 4324.62 4324.45 4325.48 4326.55 4327.92 4329.7 4333.4 4337.91 4329.59 4338.07 4348.09 4358.27 4362.7 4369.51 4370.61 4371.7
4377.75 4378.52 4374.9 4367.94 4360.8 4353.34 4344.86 4338.52 4339.34 4340.55 4342.2 4338.72 4335.72 4333.69 4333.44 4334.02 4334.13 4333.89 4334.36 4333.63 4330.05 4327.52 4321.08 4314.95 4309.57 4306.39 4304.75 4304.66 4304.8 4304.57 4302.99 4302.25 4319.88 4329.64 4333.39 4332.21 4333.33 4333.23 4330.05 4329.77 4339.04 4340.29 4338.88 4337.53 4335.91 4333.95 4331.5 4328.88 4327.39 4326.25 4324.6 4323.11 4322.03 4322.4 4324.17 4327 4329.89 4334.13 4339.14 4330.48 4339.46 4349.5 4363.98 4372.99 4377.26 4379.19 4382.71
4374.76 4383.13 4380.33 4371.83 4364.01 4356.41 4348.75 4343.08 4341.76 4340.49 4338.14 4336.18 4335.02 4333.85 4333.71 4335.21 4336.75 4338.47 4337.98 4338.56 4344 4330.63 4320.72 4315.93 4311.02 4305.07 4304.8 4308.06 4309.84 4310.99 4313.57 4320.29 4333.81 4339.47 4340.53 4341.58 4340.93 4336.95 4333.07 4332.29 4337.42 4339.15 4337.83 4336.27 4334.75 4333.07 4331.36 4329.3 4327.91 4326.24 4323.8 4321.51 4319.58 4318.28 4321.56 4326.06 4330.35 4335.41 4336.07 4341.49 4341.42 4352.26 4366.13 4376.41 4381.34 4383.44 4388.61
4370.64 4375.72 4375.69 4371.14 4365.67 4360.04 4354.63 4350.21 4346.38 4342.29 4337.13 4335.06 4335.12 4333.74 4334.52 4337.01 4338.64 4339.1 4335.89 4333.13 4333.99 4321.15 4314.47 4312.06 4312.12 4312.33 4313.72 4314.35 4315.29 4317.64 4322.98 4332.25 4338.26 4342.98 4347.04 4348.65 4346.78 4342.09 4337.36 4333.73 4336.35 4337.01 4336.18 4334.94 4333.57 4332.3 4331.56 4331.74 4330.49 4326.25 4322.95 4320.39 4318.46 4318.27 4321.03 4325.61 4330.82 4336.21 4341.76 4347.87 4350.57 4352.24 4364.87 4374.85 4378.86 4383.33 4388.81
4366.51 4367.25 4368.45 4367.94 4365.64 4362.78 4359.83 4356.57 4351.83 4346.07 4341.02 4337.7 4335.53 4337.17 4337.54 4339.79 4341.21 4338.19 4332.37 4321.73 4302.48 4299.64 4306.32 4310.65 4315.77 4321.29 4324.32 4320.21 4319.66 4322.14 4327.33 4335.07 4343.74 4351.26 4353.34 4351.46 4348.48 4346.79 4345.83 4343.4 4339.66 4336.82 4334.62 4333.89 4332.69 4331.42 4330.45 4330.34 4329.41 4324.46 4321.57 4319.56 4318.24 4317.78 4321.46 4326.05 4330.98 4336.38 4342.87 4348.22 4354.37 4351.8 4361.43 4367.97 4371.03 4379.6 4386.55
4358.28 4360.31 4362.73 4364.17 4364.6 4364.58 4364.26 4362.39 4357.79 4350.14 4341.14 4334.32 4334.3 4333.54 4338.76 4343.28 4347.06 4348.54 4342.22 4321.29 4294.28 4290.16 4306.49 4317.44 4321.94 4324.13 4322.16 4321.45 4321.46 4323.58 4328.41 4336.2 4349.25 4362.03 4359.93 4353.49 4348.03 4350.38 4353.78 4351.17 4341.87 4335.32 4333.58 4332.61 4331.33 4329.22 4327.12 4324.57 4321.54 4320.67 4319.85 4319.73 4320.25 4320.51 4323.17 4326.76 4331.06 4337.01 4342.6 4348.37 4350.07 4356.15 4357.24 4365.97 4369.12 4376.85 4384.36
4349.37 4352.96 4357.42 4360.66 4363.13 4365.35 4367.56 4369.67 4365.49 4354.37 4343.69 4336.87 4336.29 4338.35 4341.7 4346.62 4352.18 4358.52 4355.86 4332.62 4306.7 4301.93 4319.41 4330.92 4327.25 4325.18 4318.62 4320.3 4320.35 4322.78 4327.2 4333.47 4348.59 4368.73 4363.96 4355.87 4348.44 4353.43 4358.69 4353.05 4340.18 4332.37 4332.97 4331.88 4329.81 4327.4 4324.49 4320.79 4316.18 4317.96 4318.55 4319.83 4322.56 4324.93 4324.83 4327.09 4330.69 4335.46 4340.57 4346.73 4351.77 4357.73 4360.72 4366.62 4368.6 4378.65 4382.38
4343.72 4350.22 4353.52 4357.13 4360.79 4364.45 4368.06 4369.94 4365.87 4356.92 4346.32 4338.03 4338.41 4340.77 4344.11 4347.83 4352.15 4356.22 4354.29 4343.37 4341.97 4348.59 4331.8 4330.99 4325.46 4321.96 4321.48 4316.57 4316.83 4320.1 4325.14 4332.87 4346.4 4359.94 4361.3 4359.27 4359.02 4358.13 4356.07 4348.77 4342.74 4339.23 4336.54 4333.64 4330.34 4326.92 4323.53 4320.52 4319.78 4317.59 4317.47 4318.69 4320.96 4322.68 4324.18 4326.44 4329.8 4332.93 4338.28 4343.44 4349.9 4355.39 4362.62 4370.21 4384.72 4381.24 4378.37
4338.38 4344.03 4348.39 4352.66 4357.05 4361.31 4365.45 4368.89 4369.11 4358.09 4347.96 4340.86 4341.62 4344.89 4344.54 4346.17 4348.19 4348.97 4346.8 4342.39 4338.32 4329.42 4325.97 4319.48 4317.7 4312.65 4305.48 4307.09 4311.48 4316.14 4321.48 4327.8 4335.41 4346.51 4354.3 4359.45 4364.35 4361.27 4356.14 4351.16 4351.55 4348.47 4342.7 4336.93 4331.69 4327.18 4323.3 4320.19 4317.66 4316.48 4315.98 4316.33 4317.68 4319.59 4321.91 4324.67 4327.33 4331.01 4335.24 4339.82 4346.7 4352.19 4358.36 4363.83 4373.42 4372.08 4370.05
4333.67 4337.4 4343.18 4348.27 4352.86 4356.96 4360.51 4363.47 4362.45 4354.95 4347.45 4342.33 4339.94 4340.81 4342.69 4343.15 4342.91 4341.43 4338.11 4334.28 4330.53 4326.08 4321.12 4316.36 4311.9 4306.69 4301.81 4303.3 4307.4 4312.03 4317.67 4324.2 4330.48 4339.08 4347.81 4356.47 4361.51 4363.8 4358.82 4371.76 4367 4358.35 4349.12 4340.32 4333.33 4327.83 4323.47 4319.96 4317.17 4315.62 4314.51 4314.08 4313.64 4315.9 4319.27 4322.42 4324.74 4328.06 4332.23 4336.15 4341.19 4346.19 4349.97 4350.26 4351.86 4353.93 4357.82
4331.65 4334.29 4339.22 4343.95 4348.01 4351.4 4353.64 4354.36 4350.92 4348.82 4344.59 4341.43 4341.21 4340.99 4340.15 4339.79 4338.38 4334.82 4328.73 4327 4325.13 4321.81 4318.03 4313.75 4309.49 4305.12 4302.45 4303.2 4304.86 4308.25 4313.06 4321.16 4334.53 4337.26 4344.14 4354.12 4364.31 4376.68 4392.14 4395.76 4381.27 4368.63 4352.7 4341.05 4333.35 4327.57 4323.14 4319.63 4317.33 4315.45 4313.54 4313.1 4313.64 4315.04 4317.6 4320.17 4323.07 4325.88 4329.24 4332.64 4335.79 4339.23 4341.8 4341.49 4337.47 4341.98 4348.59
4330.96 4332.85 4336.74 4340.55 4343.84 4346.06 4347.44 4347.8 4348.44 4344.84 4341.02 4336.96 4333.56 4335.78 4337.66 4337.33 4335.4 4331.95 4328.01 4324.64 4321.69 4318.67 4315.5 4311.99 4308.31 4304.11 4301.72 4302.22 4302.99 4304.18 4306.37 4309.86 4315.43 4325.77 4339.21 4349.19 4365.77 4383.71 4397.93 4399.89 4381.83 4360.88 4346.92 4338.45 4331.89 4326.65 4322.18 4318.73 4316.17 4314.19 4312.73 4313.01 4312.75 4314.6 4316.62 4318.44 4321.04 4323.58 4326.08 4328.14 4330.74 4332.87 4334.88 4335.81 4337.21 4340.9 4343.28
4330.32 4331.77 4334.7 4337.65 4339.91 4341.6 4341.94 4341.46 4339.46 4338.5 4339.27 4337.49 4332.43 4336.13 4337.81 4335.75 4333.35 4330.22 4326.88 4323.12 4319.5 4315.39 4312.26 4309.69 4306.82 4303.44 4302.25 4304.02 4301.09 4300.06 4299.46 4298.15 4294.76 4303.77 4319.11 4335.79 4354.78 4371.01 4385.09 4390.09 4373.31 4352.47 4339.89 4334.5 4329.98 4325.53 4321.66 4317.8 4314.14 4311.44 4311.13 4312.8 4316.28 4314.87 4314.97 4316.53 4318.55 4320.85 4323.02 4324.63 4326.64 4327.88 4329.03 4330.99 4332.09 4334.36 4336.77
4329.64 4331.35 4333.96 4336.23 4337.99 4339.25 4339.21 4337.49 4332.74 4334.44 4341.94 4346.88 4349.82 4343.58 4340.02 4336.96 4333.81 4330.51 4326.6 4322.59 4318.81 4314.6 4311.62 4308.63 4305.9 4303.41 4300.72 4299.62 4298.5 4296.79 4294.84 4292.9 4291.95 4293.6 4299.99 4320.05 4339.73 4358.09 4370.92 4374.13 4363.5 4346.74 4335.83 4332.56 4329.01 4325.23 4321.36 4317.3 4313.5 4311.36 4308.39 4308.75 4310.8 4311.85 4312.99 4314.73 4316.76 4318.6 4321.09 4322.7 4323.68 4324.68 4325.34 4325.95 4325.83 4326.07 4330.9
4330.79 4332.21 4334.36 4336.19 4337.78 4338.98 4339.14 4338.78 4339.94 4344.42 4347.22 4353.95 4354.75 4349.59 4343.36 4339.16 4334.45 4330.96 4328.08 4325.06 4319.14 4313.69 4310.35 4307.78 4305.34 4302.88 4300.18 4298 4297.26 4295.12 4292.56 4291 4291.62 4292.33 4295.35 4311.28 4327.47 4336.88 4357.2 4363.03 4356.42 4346.74 4339.39 4333.74 4329.57 4325.99 4322.2 4318.06 4312.72 4306.04 4306.22 4304.79 4304.22 4308.77 4311.98 4314.51 4315.62 4317.25 4318.97 4320.18 4320.75 4321.47 4321.91 4322.59 4323.8 4325.76 4327.77
4333.23 4333.73 4335.47 4337.07 4338.53 4339.89 4340.87 4341.29 4340.88 4339.72 4349.12 4357.46 4358.94 4350.48 4344.3 4338.5 4334.13 4330.25 4327.21 4324.04 4317.7 4312.49 4309.72 4307.44 4305.4 4303.09 4301.03 4300.69 4297.82 4294.63 4292.03 4289.96 4289.8 4291.3 4294.95 4311.62 4326.55 4338.25 4354.08 4355.86 4350.75 4345.1 4339.9 4334.25 4330.21 4327.2 4324.62 4321.16 4317.4 4312.12 4311.6 4308.33 4306.38 4309.39 4311.87 4314.01 4315.65 4317.25 4317.11 4317.81 4318.66 4318.97 4319.27 4319.84 4321.15 4324.4 4324.68
