real_craters/C063-500m.grd
DSAA
103 103
-25.5325 25.5325
-25.5325 25.5325
3231.8342004877 4808.8796108223
[rows 60 to 89 of 103, columns 0 to 66 of 103]
4359.86 4355.34 4351.9 4346.81 4341.81 4333.56 4327.86 4329.97 4335.9 4342.59 4341.77 4333.67 4328.29 4323.84 4317.26 4310.55 4305.97 4302.07 4299.28 4300.76 4325.29 4344.11 4347.34 4346.81 4343.85 4330.9 4334.14 4338.33 4342.6 4338.85 4332.77 4325.02 4317.94 4321.42 4329.88 4337.8 4348.46 4358.11 4353.34 4342.76 4329.06 4310.03 4292.22 4266.26 4240.19 4192.05 4158.39 4136.64 4097.35 4051.7 3997.64 3956.09 3896.78 3903.25 3928.33 3955.06 3991.37 4108.98 4224.88 4300.68 4362.83 4430.9 4480.7 4463.51 4457.79 4447.01 4444.55
4352.86 4351.14 4351.56 4352.8 4349.86 4337.75 4331.31 4331.18 4329.88 4334.29 4329.91 4330.67 4326.97 4322.07 4315.75 4309.02 4304 4300.99 4300.71 4297.56 4321.03 4344.76 4345.96 4342.87 4340.73 4337.55 4337.92 4340.58 4345.61 4338.31 4330.96 4324.97 4321.53 4323.71 4329.82 4337.63 4345.09 4357.72 4356.03 4355.27 4352.03 4345.46 4334.75 4339.38 4326.38 4317.28 4284.65 4207.64 4192.31 4175.48 4164.97 4148.48 4136.22 4113.92 4134.2 4165.69 4203.15 4341.97 4449.85 4481.23 4501.84 4509.68 4474.43 4406.64 4416.22 4436.47 4437.25
4357.36 4358.19 4356.66 4352.62 4347.37 4339.6 4335.06 4334.99 4336.57 4334.26 4331.43 4330.47 4327.98 4321.11 4313.52 4303.86 4303.43 4301.19 4300.88 4298.58 4321.76 4345.62 4339.51 4330.83 4339 4339.46 4338.5 4337.26 4333.13 4330.76 4327.58 4325.29 4326.86 4327.5 4331.55 4338.7 4339.36 4355.63 4360.87 4365.67 4368.59 4372.38 4383.51 4396.37 4404.65 4401.26 4380.33 4328 4297.01 4290.62 4289.59 4290.58 4260.24 4286.64 4328.97 4401.98 4494.17 4591.51 4629.77 4603.76 4618.45 4604.1 4500.53 4435.5 4428.67 4431.98 4431.52
4377.75 4376.88 4365.58 4353.34 4339.54 4339.79 4342.2 4336.56 4333.33 4334.02 4333.93 4334.31 4330.05 4323.33 4313.06 4306.39 4304.57 4304.93 4302.99 4313.78 4331.32 4332.21 4333.84 4329.26 4339.04 4339.37 4336.94 4333.95 4329.7 4327.13 4324.6 4322.29 4322.98 4327 4332.62 4327.53 4339.46 4359.21 4375.24 4379.19 4385.87 4398.91 4419.06 4447.56 4491.15 4519.34 4506.54 4465.33 4424.75 4378.79 4398.23 4395.05 4413.9 4424.43 4467.41 4568.69 4682.91 4759.52 4692.52 4602.35 4554.7 4503.71 4486.94 4484.77 4465.59 4435.82 4421.15
4371.53 4380.43 4369.73 4358.95 4349.29 4343.68 4336.92 4334.99 4333.27 4336.33 4339.39 4336.68 4338.75 4319.34 4313.1 4308.65 4311.47 4313.97 4320.39 4335.91 4343.44 4347.31 4342.09 4333.85 4335.74 4337.1 4334.91 4332.63 4331.16 4328.66 4323.21 4319.4 4318.98 4325.68 4333.77 4343.21 4342.13 4360.06 4379.47 4383.69 4393.25 4407.93 4429.47 4465.79 4527.33 4647.8 4607.52 4615.9 4539.42 4505.2 4509.62 4544.71 4539 4506.44 4511.3 4557.69 4596.59 4568.13 4531.28 4509.91 4463.25 4413.06 4453.53 4469.39 4452.36 4418.84 4389.02
4364.16 4366.48 4366.48 4363.53 4359.63 4351.79 4341.44 4335.3 4336.89 4340.89 4342.06 4330.48 4297.76 4301.7 4313.72 4322.69 4321.87 4320.9 4328.05 4343.25 4356.01 4352.22 4348.01 4348.49 4340.68 4334.78 4333.18 4330.97 4328.97 4325.63 4321.11 4318.97 4319.27 4326.25 4334.52 4344.71 4345.29 4357.86 4367.81 4378.38 4390.74 4402.92 4419.36 4437.02 4461.31 4492.89 4519.05 4512.12 4486.27 4507.16 4535.02 4598.78 4563.78 4516.25 4489.3 4462.04 4446.83 4436.27 4432.43 4437.58 4443.91 4459.04 4452.32 4435.07 4412.88 4389.8 4372.3
4349.37 4356.06 4361.59 4365.35 4368.99 4361.76 4343.69 4335.99 4339.27 4346.62 4356.38 4348.79 4306.7 4314.84 4329.82 4325.18 4320.53 4320.9 4327.2 4340.81 4368.39 4355.87 4351.43 4360.2 4340.18 4332.93 4331.15 4327.4 4322.15 4317.01 4318.55 4321.41 4324.59 4327.09 4333.88 4342.97 4351.77 4358.68 4366.92 4378.65 4383.88 4389.29 4393.64 4394.09 4379.1 4356.43 4401.81 4396.97 4392.39 4427.37 4476.49 4502.28 4497.66 4480.37 4451.82 4412.67 4390.93 4379.81 4367.22 4385.29 4425.49 4472.74 4442.19 4411.96 4390.64 4373.08 4365.02
4340.46 4349.06 4355.48 4362.68 4368.59 4364.68 4347.58 4339.75 4343.78 4346.99 4351.2 4346.85 4341.83 4331.64 4323.05 4315.98 4310.07 4314.57 4322.84 4336.1 4353.15 4359.95 4362.38 4353.92 4348.08 4342.37 4334.15 4327 4321.21 4317.7 4316.29 4318.24 4321.5 4325.37 4331.33 4337.49 4347.44 4357.39 4370.86 4376.55 4373.16 4372.9 4373.07 4368.95 4355.8 4344.57 4367.97 4383.51 4393.77 4423.77 4449.09 4446.58 4452.53 4444.42 4428.65 4406.33 4384.28 4358.89 4333.14 4350.94 4386.68 4404.53 4401.9 4383.19 4357.68 4356.57 4358.19
4332.83 4339.79 4347.99 4355.17 4359.99 4356.83 4346.69 4340.72 4341.35 4342.09 4339.87 4331.3 4328.54 4321.55 4313.9 4305.98 4302.76 4307.64 4316.18 4330.63 4338.94 4355.54 4364.61 4375.54 4372.74 4354.63 4338.26 4327.86 4320.95 4316.64 4313.93 4313.68 4316.62 4321.73 4326.08 4332.36 4339.73 4346.12 4346.67 4348.13 4356.86 4360.87 4363.56 4366.14 4366.89 4369.1 4372.64 4384.7 4389.99 4415.9 4430.09 4428.14 4420.06 4415.86 4408.86 4405.99 4394.74 4369.13 4346.13 4350.55 4367.96 4374.98 4377.14 4368.75 4359.41 4351.06 4366.39
4330.96 4335.44 4341.69 4346.06 4347.65 4348.24 4341.02 4334.28 4336.77 4337.33 4333.24 4326.86 4321.69 4316.48 4310.7 4304.11 4301.75 4303.26 4306.37 4313.38 4331.67 4349.19 4379.22 4401.27 4381.83 4350.29 4336.09 4326.65 4319.82 4315.64 4312.73 4313.01 4315.35 4318.44 4322.69 4326.97 4330.74 4334.5 4336.06 4340.9 4345.29 4351.24 4356.55 4359.8 4369.59 4376.9 4379.65 4387.34 4390.53 4400.65 4413.02 4410.67 4403.57 4400.13 4390.73 4377.77 4390.53 4374.83 4359.12 4356.96 4365.72 4378.99 4379.4 4364.47 4351.46 4352.02 4373.7
4329.73 4333.29 4337.44 4339.49 4338.89 4332.5 4340.51 4343.07 4340.27 4336.63 4331.55 4325.19 4318.87 4312.62 4307.98 4303.55 4300.84 4298.81 4296.03 4292.79 4297.54 4324.84 4356.79 4380.42 4366.6 4339.02 4331.76 4325.4 4318.65 4313.14 4309.49 4312.61 4313.42 4315.16 4318.27 4321.62 4323.9 4326.52 4327.74 4327.23 4335.33 4341.12 4347.06 4354.46 4361.63 4372.47 4380.9 4391.45 4397.01 4398.81 4399.15 4397.75 4400.48 4392.95 4386.32 4380.38 4367.87 4366.63 4358.71 4355.11 4364.54 4373.13 4370.86 4359.55 4353.4 4361.76 4374.89
4331.55 4333.98 4337.11 4339.17 4339.55 4343.63 4348.31 4357.57 4348.25 4338.68 4332 4327.99 4319.08 4310.66 4306.93 4302.82 4298.43 4296.54 4292.46 4290.76 4292.05 4310.31 4332.36 4361.3 4354.88 4343.37 4332.44 4326.31 4320.32 4311.37 4306.96 4303.11 4309.73 4314.27 4317.57 4318.84 4319.99 4320.67 4322.16 4326.17 4328.38 4332.79 4339 4348.47 4362.72 4370.55 4378.14 4390.29 4406.81 4399.03 4403.29 4403.72 4392.79 4394.93 4388.93 4379.07 4370.92 4365.08 4364.96 4371.09 4363.36 4359.72 4353.89 4353.35 4351.3 4356.14 4365.44
4335.03 4335.95 4337.89 4340.61 4343.78 4346.48 4349.99 4349.93 4344.9 4337.43 4330.16 4321.51 4314.31 4310.3 4307.06 4303.92 4300.64 4296.87 4291.84 4288.68 4295.84 4322.4 4340.17 4345.19 4344.08 4337.54 4332.46 4329.1 4326.29 4325.42 4321.47 4315.12 4313.25 4314.79 4316.36 4316.07 4316.89 4316.96 4316.96 4318.28 4321.48 4325.99 4331.12 4337.31 4344.3 4360.41 4372.27 4381.53 4381.89 4396.78 4432.96 4432.12 4423.11 4405.29 4389.45 4376.92 4363.11 4364.14 4364 4360.72 4359.63 4356.24 4356.42 4348.89 4350.28 4354.12 4365.92
4337.57 4337.31 4339.56 4343.1 4348.22 4354.58 4348.48 4334.54 4339.48 4335.24 4327.61 4318.64 4312.54 4311.03 4308.06 4304.48 4302.56 4298.99 4293.45 4291.91 4302.24 4332.2 4331.8 4331.13 4337.21 4333.06 4334.3 4334.67 4333.08 4331.43 4327.35 4320.49 4318.23 4316.99 4316.93 4317.17 4316.24 4314.25 4312.74 4310.79 4316.36 4322.81 4327.46 4328.54 4331.36 4349.86 4368.85 4383.59 4395.88 4406.72 4434.44 4436.62 4423.84 4403.41 4381.6 4370.3 4365.59 4364.05 4362.52 4362.33 4355.73 4350.46 4344.62 4341.33 4344.73 4353.21 4362.54
4333.73 4337.24 4340.4 4344.5 4349.05 4353.4 4348.58 4337.46 4341.78 4335.25 4327.36 4318.66 4312.34 4310.76 4308.55 4304.89 4300.6 4297.21 4296.53 4298.45 4307.22 4325.31 4336.34 4342.41 4338.41 4342.75 4342.85 4339.76 4337.52 4334.96 4330.47 4326.41 4322.14 4319.37 4318.14 4317.23 4315.69 4314.85 4313.41 4314.07 4318.73 4325.78 4330.97 4333.22 4333.69 4353.02 4370.77 4386.73 4403.13 4413.24 4427.98 4424.2 4411.13 4395.25 4377.28 4373.39 4372.96 4365.72 4361.17 4359.12 4352.31 4347.16 4340.36 4331.62 4328.95 4353.27 4368.43
4333.31 4336.32 4339.38 4342.04 4344.86 4345 4339.91 4339.37 4341.33 4335.06 4327.32 4320.33 4314.63 4311.67 4311.68 4306.55 4302.71 4301.39 4299.98 4302.03 4309.01 4326 4335.8 4325.66 4333.04 4340.36 4344.16 4341.79 4339.15 4339.24 4339.44 4330.46 4323.79 4319.51 4316.88 4316.51 4316.33 4315.95 4315.87 4318.47 4323.74 4332.83 4342.09 4348.29 4353.32 4365.15 4375.98 4386.85 4396.1 4396.03 4387.27 4385.81 4383.08 4377.97 4371.29 4368.49 4367.68 4364.49 4359.72 4352.65 4349.5 4346.74 4342.98 4329.96 4308.64 4365.74 4378.94
4332.41 4334.6 4336.79 4338.07 4339.31 4338.77 4338.3 4337.2 4339.14 4333.13 4326.68 4320.97 4316.46 4309.96 4308.84 4308.29 4304.85 4298.71 4303.83 4305.28 4310.19 4312.52 4322.24 4319.05 4323.91 4336.15 4343.6 4337.29 4334.59 4334.61 4339.01 4328.51 4322.01 4317.83 4316.04 4315.8 4315.4 4317.27 4319.1 4320.22 4325.61 4342.71 4356.54 4370.48 4377.49 4377.24 4379.28 4381.47 4382.67 4364.99 4336 4336.16 4350.44 4359.54 4364.06 4365.64 4364.67 4362.73 4359.84 4355.75 4353.35 4349.71 4342.5 4340.07 4351.56 4366.74 4391.32
4331.28 4332.59 4333.72 4334.75 4334.39 4334.02 4333.97 4331.44 4331.58 4328.93 4325.61 4320.76 4311.81 4314.17 4312.47 4311.59 4313.12 4319.36 4312.83 4307.02 4301.46 4304.6 4308.3 4303.6 4310.18 4318.76 4322.15 4325.53 4325.38 4321.71 4313.2 4319.32 4318.6 4317.47 4315.67 4315.79 4317.59 4320.23 4323.91 4331.4 4342.74 4353.56 4369.08 4384.21 4388.75 4382.38 4376.25 4371.56 4363.35 4344.97 4302.99 4306.63 4328.51 4344 4353.03 4360.18 4360.83 4360.14 4360.75 4364 4363.36 4355.95 4351.97 4354.97 4360.77 4368.1 4368.05
4331.49 4331.14 4331.02 4330.98 4330.04 4328.96 4327.1 4326.01 4322.53 4325.27 4325.56 4324.6 4324.98 4320.88 4312.29 4311.7 4317.01 4324.52 4317.62 4308.7 4300.47 4293.68 4293.29 4291.49 4300.58 4306.98 4308.52 4315.88 4318.26 4316.01 4312.43 4315.79 4316.57 4316.36 4316.47 4316.75 4318.79 4322.3 4327.55 4334.26 4343.27 4356.47 4372.8 4388.67 4388.58 4378.59 4368.15 4358.37 4345.39 4328.2 4303.71 4300.65 4319.42 4338.36 4338.27 4346.01 4351.61 4354.87 4357.65 4360.02 4359.99 4360.19 4359 4364.61 4379.22 4365.83 4355.55
4331.19 4330.18 4329.41 4328.25 4327.21 4326.14 4324.8 4325.13 4326.79 4326.89 4325.83 4325.48 4326.52 4317.15 4301.71 4306.54 4312.44 4314.71 4313.65 4310.53 4308.24 4304.71 4295.25 4300.15 4304.3 4306.51 4309.59 4314.37 4316.68 4317.62 4318.21 4315.17 4314.72 4315.53 4315.74 4316.79 4318.75 4322.12 4327.14 4333.97 4339.49 4353.39 4366.21 4378.39 4376.35 4366.35 4355.65 4343.92 4327.75 4308.24 4303.62 4302.39 4312.58 4324.38 4327.92 4334.67 4343.11 4347.98 4351.03 4354.64 4359.42 4362.94 4365.72 4363.7 4367 4357.16 4341.96
4330.07 4329.07 4327.94 4326.75 4325.29 4324.09 4323.67 4324.69 4328.6 4327.34 4324.05 4320.76 4314.79 4305.58 4302.4 4303.19 4306.51 4310.43 4309.35 4308.81 4308.5 4304.63 4294.34 4299.36 4303 4307.73 4315.53 4317.34 4316.9 4318.28 4318.82 4313.41 4313.75 4314.09 4314.3 4314.79 4317.35 4320.3 4325.19 4333.18 4345.25 4345.47 4346.45 4357.9 4351.81 4346.29 4339.45 4330.52 4318.86 4307.36 4305.5 4308.29 4308.35 4306.65 4318.14 4332.32 4337.51 4340.76 4343.2 4345.54 4347.54 4364.8 4378.16 4375.29 4333.51 4320.33 4312.5
4329.12 4327.96 4326.79 4325.42 4323.84 4322.67 4322.34 4323.45 4324.76 4324.2 4321.15 4316.38 4308.98 4304.54 4301.97 4301.47 4301.93 4300.82 4301.05 4304.44 4305.16 4302.28 4292.75 4294.75 4298.04 4304.47 4312.18 4313.21 4314.26 4315.09 4315.29 4316.27 4314.25 4314.12 4314.41 4314.63 4316.19 4317.6 4319.92 4324.19 4329.95 4325.4 4317.22 4305.12 4320.85 4326.7 4326.07 4321.64 4314.4 4307.96 4304.52 4307.78 4307.81 4307.68 4319.24 4333.82 4333.24 4333.26 4334.6 4338.41 4348.26 4360.53 4376.74 4372.16 4289.25 4293.9 4295.52
4328.7 4327.69 4326.45 4324.9 4322.94 4321.13 4319.39 4320.38 4321.18 4320.64 4319.12 4315.31 4310.52 4307.35 4303.32 4301.14 4300.66 4299.46 4299.29 4302.89 4304.52 4308.29 4303.37 4298.77 4298.21 4299.61 4299.85 4304.6 4311.59 4313.5 4313.59 4312.89 4312.21 4312.62 4313.39 4313.04 4314.16 4313.99 4313.7 4311.55 4303.94 4301.79 4301.37 4299.25 4306.87 4313.28 4315.42 4314.93 4313.12 4309.3 4306.1 4306.48 4312.68 4309.81 4312.29 4322.46 4324.48 4324.73 4323.92 4324.59 4329.32 4338.53 4351.76 4346.58 4283.78 4290.95 4294.24
4328.35 4327.22 4325.76 4324.58 4322.91 4321.02 4319.87 4320.05 4321.07 4320.7 4319.74 4316.52 4313.02 4310.83 4305.27 4302.83 4303 4303.4 4304.76 4303.87 4303 4300.53 4308.85 4298.57 4292.79 4298.41 4305.76 4312 4311.94 4312.8 4311 4304.56 4306.27 4308.68 4311.02 4311.85 4312.45 4310.44 4309.07 4305.48 4300.48 4298.92 4299.7 4301.08 4304.11 4307.97 4310.47 4311.99 4312.05 4314.02 4306.56 4319.23 4327.18 4331.47 4302.25 4309.91 4315.62 4316.72 4314.59 4309.83 4301.52 4309.53 4317.87 4303.18 4288.13 4292.48 4292.9
4328.17 4327.29 4326.36 4325.06 4323.68 4321.9 4320.99 4322.84 4323.92 4325.14 4322.97 4318.54 4314.47 4311.13 4308.2 4306.29 4307.03 4307.21 4309.96 4304.55 4302.64 4299.17 4299.62 4296.34 4290.38 4299.22 4309.6 4314.79 4309.07 4304.6 4301.67 4298.43 4300.61 4305.52 4308.98 4310.59 4311.38 4310.78 4307.84 4305.11 4302.77 4302.18 4302.27 4303.87 4305.27 4307.45 4309.4 4310.98 4311.12 4309.4 4306.86 4312.88 4317.68 4322.03 4315.85 4313.48 4313.4 4311.97 4309.44 4304.49 4297.33 4298.05 4300.13 4295.5 4293.94 4292.62 4292.36
4328.47 4327.47 4326.22 4325.3 4324.47 4325.24 4322.46 4321.4 4325.87 4330.86 4325.32 4319.51 4314.85 4311.71 4311.81 4315.39 4310.42 4308.01 4307.29 4304.09 4301.3 4296.73 4298.96 4298.16 4295.18 4300.44 4307.02 4309.47 4301.43 4291.44 4290.43 4292.5 4300.4 4305.95 4308.13 4309.28 4309.22 4309.02 4307.39 4305.52 4303.44 4302.13 4304.66 4306.12 4307.52 4309.73 4311.45 4312.24 4312.19 4311.12 4312.44 4311 4310.5 4319.77 4321.03 4312.29 4307.88 4306.08 4304.47 4302 4298.89 4296.66 4295.26 4293.49 4295.59 4293.26 4294.79
4329.44 4328.01 4326.67 4325.29 4323.9 4322.6 4322.32 4322.14 4324.6 4327.1 4323.02 4318.2 4313.43 4308.93 4310.66 4314.8 4310.76 4306.92 4302.87 4303.82 4303.44 4302.7 4306.94 4301.09 4301.4 4300.65 4301.5 4299.01 4294.63 4290.53 4294.51 4306.89 4310.82 4309.36 4308.75 4308.92 4308.74 4307.96 4307.03 4305.97 4305.31 4305.72 4307.27 4308.24 4309.57 4311.2 4312.96 4313.32 4313.04 4313.58 4315.66 4311.58 4309.84 4309.79 4300.61 4303.06 4302.56 4301.69 4301.73 4301.59 4302.62 4301.64 4291.31 4302.76 4295.9 4293.92 4293.81
4330.17 4328.37 4326.79 4325.09 4323.38 4321.73 4322.35 4323.41 4323.78 4320.62 4319.11 4315.88 4312.58 4309.65 4309.4 4310.16 4309.05 4306.92 4304.32 4306.99 4311.29 4310.29 4320.83 4305.07 4298.89 4299.69 4300.22 4297.62 4292.91 4289.29 4297.95 4310.6 4314.58 4310.98 4309.26 4308.27 4307.66 4307.34 4307.32 4306.76 4306.82 4307.74 4306.85 4308.23 4310.63 4312.78 4314.23 4315.67 4313.92 4309.68 4306.11 4309.69 4307.17 4309.15 4303.26 4299.39 4299.3 4299.34 4299.56 4299.91 4300.01 4295.12 4283.28 4255.84 4295.51 4291.96 4290.49
4330.3 4328.43 4326.77 4325.01 4323.86 4321.5 4322.92 4325.14 4325.2 4321.07 4319.57 4318.41 4314.56 4310.41 4308.5 4308.15 4308.34 4308.16 4309.11 4311.48 4313.34 4318.98 4314.28 4306.03 4307.49 4308.97 4305.05 4299.21 4296.74 4297.71 4301.16 4306.08 4307.49 4308.84 4308.94 4309.38 4309.17 4308.66 4308.33 4308.13 4307.66 4306.52 4306.85 4308.56 4310.85 4313.32 4316.75 4320.5 4323.74 4318.38 4308.79 4310.86 4309.78 4309.15 4304.1 4299.16 4298.41 4298 4297.45 4296.81 4294.75 4291.94 4298.48 4307.78 4295.41 4289.77 4288.81
4329.94 4328.47 4326.26 4324.88 4324.31 4324.62 4323.27 4323.24 4321.69 4321.16 4320.82 4322.56 4316.55 4312.07 4309.85 4309.5 4309.56 4310.37 4311.93 4312.79 4315.7 4317.97 4311.13 4309.32 4317.37 4320.39 4312.57 4305.01 4304.56 4307.14 4305.82 4304.47 4304.91 4307.4 4309.14 4309.85 4309.96 4309.62 4309.55 4309.17 4308.73 4308.89 4309.63 4310.19 4312 4314.44 4317.29 4321.35 4330.36 4329.79 4320.26 4312.27 4311.44 4312.82 4308.61 4300.14 4297.58 4296.65 4296.19 4295.02 4293.56 4293.09 4293.55 4295.49 4295.87 4287.95 4287.3
