real_craters/C063-300m.grd
DSAA
171 171
-25.5325 25.5325
-25.5325 25.5325
3218.901149007 4811.7532447754
[rows 60 to 89 of 171, columns 67 to 133 of 171]
4388.84 4399.04 4408.43 4417.56 4427.56 4428.82 4430.63 4466.29 4510.99 4543.26 4567.86 4597.19 4658.8 4656.26 4684.92 4587.35 4495.62 4443.04 4419.1 4412.18 4425.01 4452.19 4505.31 4577.55 4621.9 4594.93 4524.52 4469.34 4436.83 4458.25 4518.37 4582.15 4627.01 4612.15 4553.78 4533.24 4514.21 4485.54 4466.92 4458.44 4451.9 4444.18 4442.68 4439.35 4435.14 4427.56 4424.01 4419.44 4419.18 4417.87 4411.47 4395.52 4337.67 4203.62 4096.43 4196.14 4325.29 4394.94 4357.68 4353.32 4347.87 4344.57 4339.71 4333.95 4330.78 4330.7 4332.02
4392.82 4409.06 4422.79 4437.75 4455.78 4467.16 4483.87 4526.64 4578.02 4618.43 4593.2 4589.22 4627 4590.33 4562.97 4492.6 4422.07 4373.89 4344.38 4337.91 4339.56 4353.66 4379.45 4411.53 4442.25 4477.51 4455.32 4440.22 4439.03 4477.69 4554.95 4620.62 4657.59 4638.96 4577.41 4576.57 4559.38 4522.16 4501.75 4481.86 4471.18 4457.26 4453.81 4445.86 4443.98 4437.99 4432.39 4427.21 4424.81 4426.65 4426.14 4422.38 4386.46 4304.78 4265.78 4296.83 4343.18 4367.6 4339.64 4341.49 4346.68 4345.92 4339.55 4334.91 4332.48 4330.95 4332.47
4393.37 4408.38 4431.58 4453.18 4479.99 4507.44 4528.09 4564.96 4581.44 4590.05 4520.05 4473.54 4436.34 4390.07 4336.6 4323.09 4296.14 4268.44 4244.72 4235.4 4226.7 4222.89 4221.53 4224.08 4236.31 4275.45 4342.24 4399.91 4450.33 4511.87 4596.79 4678.72 4720.85 4716.28 4670.36 4650.28 4629.63 4589.56 4542.9 4511.83 4490.21 4474.51 4467.39 4455.9 4454.25 4445.16 4437.21 4433.58 4431.06 4434.04 4428.89 4414.14 4392.02 4372.17 4394.04 4379.88 4362.12 4354.08 4341.57 4337.36 4340.99 4340.88 4335.9 4331.36 4327.93 4326.94 4329.39
4391.26 4404.76 4427.19 4452.99 4488.32 4536.47 4593.57 4597.38 4494.51 4414.52 4356.98 4306.26 4248.78 4191.61 4151.73 4155.12 4155.05 4147.74 4137.81 4116.4 4098.19 4077.03 4059.55 4048.99 4050.22 4110.89 4237.75 4366.17 4481.51 4572.98 4623.74 4680.97 4739.37 4792.81 4772.55 4719.94 4674.6 4626.47 4576.84 4542.51 4516.39 4504.98 4485.33 4471.18 4461.21 4453.77 4443.7 4435 4430.57 4437.75 4428.3 4406.51 4392.44 4385.66 4378.77 4370.14 4365.54 4359.44 4349.77 4339.82 4337.02 4334.79 4331.61 4324.76 4318.13 4319.79 4324.26
4387.44 4391.43 4406.26 4429.4 4462.07 4508.71 4569.58 4447.93 4343.28 4239.42 4181.9 4140.42 4085.57 4028.01 4000.16 4010.68 4020.87 4022.3 4022.2 4011.02 3964.79 3935.9 3906 3887.22 3892.03 3974.91 4153.4 4341 4511.87 4619.28 4608.64 4579.25 4664.99 4792.18 4811.75 4748.21 4685.41 4620.68 4590.78 4572.25 4547.28 4531.57 4511.09 4490.23 4470.29 4456.88 4449.47 4436.59 4431.37 4439.55 4429.05 4405.71 4394.61 4385.63 4371.23 4361.09 4362.45 4359.42 4349.96 4337.99 4340.13 4338.37 4332.3 4321.91 4312.33 4314.03 4319.26
4372.6 4374.63 4376.99 4388.67 4404.58 4412.38 4388.08 4273.46 4188.45 4096.46 4043.64 4008.59 3953.83 3896.47 3880.04 3895.34 3904.7 3907.41 3907.21 3895.06 3837.04 3815.04 3771.07 3746.2 3743.05 3861.04 4081.85 4318.93 4534.84 4659.12 4569.39 4440.77 4520.88 4669.8 4739.38 4724.91 4689.65 4643.02 4608.94 4600.35 4578.86 4557.79 4529.2 4508.01 4481.15 4466.15 4451.49 4438.79 4428.46 4434.18 4431.21 4417.76 4404.79 4391.72 4378.13 4367.33 4364.26 4358.32 4353.3 4354.43 4351.18 4349.66 4337.83 4324.23 4312.07 4311.67 4315.74
4351.64 4354.16 4352.52 4344.41 4334.61 4302.99 4245.25 4135.24 4081.77 4025.55 3976.31 3924.98 3867.6 3820.29 3810.38 3809.12 3810.39 3809.7 3805.59 3791.49 3735.91 3699.23 3664.81 3642.9 3634.3 3772.38 4019.2 4290.43 4543.98 4699.73 4510.43 4255.26 4337.18 4493.71 4622.32 4667.09 4686.89 4686.52 4659.68 4641.11 4616.09 4590.08 4555.77 4530.24 4497.66 4480.19 4461.65 4444.23 4434.18 4435.76 4436.82 4433.15 4414.99 4399.4 4388.85 4382.52 4368.97 4359.52 4360.13 4363.03 4356.87 4354.62 4343.7 4329.92 4317.06 4314.01 4315.05
4329.24 4325.94 4314.14 4295.76 4267.83 4220.16 4147.9 4070.65 4034.18 3993.72 3939.22 3868.13 3812.94 3781.99 3763.87 3741.38 3732.44 3726.97 3714.07 3704.53 3643.91 3623.35 3595.24 3581.28 3580.14 3701.14 3958.63 4244.52 4509.05 4660.06 4410.83 4093.65 4162.55 4322.24 4481.58 4582.07 4665.98 4733.57 4702.19 4679.95 4645.33 4605.71 4572.68 4531.5 4509.47 4487.85 4470.01 4453.34 4443.67 4441.8 4438.23 4430.21 4417.12 4402.76 4391.08 4380.09 4370.01 4363.38 4369.72 4365.06 4353.41 4354.97 4348.34 4337.7 4326.86 4321.33 4318.14
4298.94 4293.67 4273.77 4249.06 4211.32 4163.31 4108.98 4072.32 4016.09 3942.46 3871.79 3811.23 3763.03 3732.14 3699.86 3677.27 3663.67 3654.1 3645.76 3636.54 3622.82 3569.73 3554.12 3551.7 3562.39 3647.9 3895.33 4176.96 4432.23 4568.51 4286.63 3937.44 4018.78 4182.72 4332.26 4472.04 4607.78 4731.34 4748.17 4709.28 4666.28 4622.07 4585.57 4542.29 4517.38 4493.79 4476.64 4463.67 4455.1 4443.33 4432.05 4424.08 4415.8 4403.82 4390.93 4378.93 4368.02 4362.41 4368.19 4371.89 4359.94 4357.92 4353.05 4345.97 4339.28 4332.59 4323.98
4274.62 4259.09 4233.06 4207.52 4166.82 4122.59 4073.08 4031.39 3974.93 3890.95 3811.36 3755.23 3709.13 3664.23 3629.95 3615.33 3603.97 3600.51 3593.99 3586.46 3576.88 3565.68 3529.52 3531.72 3542.68 3605.99 3829.47 4092.71 4328.81 4452.39 4151.56 3799.74 3904.71 4066.9 4195.39 4346.47 4504.96 4646.54 4717.68 4700.3 4663.12 4619.17 4584.42 4542.13 4516.14 4491.71 4472.63 4461.04 4456.67 4449.92 4440.52 4428.03 4419.56 4405.4 4389.64 4374.74 4362.37 4355.3 4356.32 4369.8 4367.8 4361.58 4356.87 4351.95 4348.27 4341.88 4330.83
4247.74 4237.09 4205.63 4166.75 4125.12 4078.94 4028.38 3972.32 3924.64 3842.89 3759.4 3703.02 3659.27 3614.23 3573.68 3561.84 3557.22 3553.7 3552.42 3547.03 3540.41 3533.45 3508.85 3512.92 3517.58 3562.34 3762.81 3994.72 4204.76 4312.82 4017.35 3686.47 3799.91 3950.24 4067.64 4216.93 4380.63 4529.09 4629.19 4646.75 4629.74 4602.46 4569.59 4532.63 4507.62 4483.53 4460.77 4442.33 4445.39 4456.23 4464.05 4448.34 4428.23 4409.29 4389.43 4369.09 4356.3 4348.84 4343.07 4347.24 4359.02 4357.58 4354.98 4354.12 4352.68 4347.49 4337.36
4230.08 4203.28 4167.94 4119.4 4080.35 4037.48 3989.59 3931.59 3881.77 3803.38 3718.85 3656.42 3609.88 3565.51 3525.03 3519.54 3518.7 3518.62 3517.14 3514.54 3511.42 3509.34 3499.03 3502.54 3505.85 3534.46 3700.34 3888.57 4056.89 4151.8 3880.07 3610.52 3710.29 3834.4 3949.67 4093.15 4255.17 4406.2 4516.69 4569.88 4575.91 4562.99 4539.2 4511.06 4490.18 4470.27 4449.54 4427.49 4437.99 4456.28 4466.21 4455.21 4434.21 4413.75 4392.9 4371.85 4357.96 4351.26 4347.5 4355.66 4353.52 4352.26 4351.2 4354.34 4356.74 4355.16 4343.68
4195.69 4159.92 4124.08 4079.39 4040.11 3997.56 3961.05 3918.85 3868.61 3764.24 3672.8 3600.65 3554.1 3516.71 3489.13 3483.97 3484.69 3485.99 3487.77 3488.32 3488.21 3488.68 3489.04 3495.19 3507.62 3539.43 3649.36 3777.07 3886.95 3942.8 3698.91 3615.26 3659.87 3741.51 3844.49 3980.08 4139.18 4291.3 4417.64 4486.52 4511.15 4512.54 4500.89 4490.28 4469.47 4455.67 4444.82 4442.97 4444.7 4455.69 4463.59 4451.83 4435.4 4418.38 4400.64 4382.86 4369.15 4360.16 4355.39 4355.62 4352.77 4351.3 4349.77 4353.83 4358.37 4358.56 4348.34
4167.63 4127.13 4084.78 4039.39 3999.33 3959.91 3924.19 3896.04 3820.05 3697.62 3592.81 3528.93 3496.73 3473.75 3460.12 3456.39 3458.65 3461.17 3464.25 3465.54 3469.79 3473.09 3479.18 3490.28 3512.41 3547.35 3608.68 3674.05 3718.86 3720.46 3555.97 3678.5 3618.66 3662.01 3753.16 3878.63 4033.44 4189.7 4325.26 4404.12 4441.53 4457.29 4458.33 4457.13 4444.74 4438.75 4434.62 4439.04 4445.56 4453.44 4451.98 4442.77 4435.53 4423.85 4410.32 4397.57 4385.09 4369.16 4358.22 4358.68 4360.4 4354.24 4350.51 4351.27 4356.03 4361.59 4348.87
4141.68 4095.59 4050.72 4005.01 3958.03 3909.89 3863.19 3805.37 3705.19 3611.49 3528.19 3477.68 3454.82 3439.74 3432.28 3434.39 3437.13 3439.27 3442.9 3445.62 3449.95 3457.55 3466.68 3481.51 3507.8 3543.15 3571.11 3589.08 3589.72 3564.8 3602.77 3700.37 3580.48 3601.07 3677.12 3787.56 3938.74 4096.09 4235.69 4328.87 4371.46 4397.53 4412.79 4419.97 4419.2 4419.69 4416.1 4417.82 4437.91 4452.18 4455.79 4444.75 4440.19 4430.77 4419.18 4407.56 4394.78 4374.76 4356.82 4352.05 4358.49 4353.02 4344.28 4345.22 4347.29 4344.25 4340.95
4126.16 4071.31 4023.31 3966.37 3912.07 3851.7 3792.36 3721.99 3618.37 3538.65 3486.32 3451.65 3435.4 3425.3 3420.36 3420.93 3421.33 3422.73 3424.16 3426.96 3431.35 3439.79 3451.47 3468.38 3492.58 3515.1 3528.4 3528 3515.63 3500.72 3599.16 3664.65 3556.71 3567.24 3625.67 3713.25 3861.19 4012.32 4149.37 4243.36 4294.06 4333.63 4362.7 4384.87 4398.31 4406.72 4407.11 4414.07 4439.54 4455.06 4460.07 4457.74 4449.36 4438.52 4426.1 4413.08 4398.39 4378.68 4359.83 4351.09 4353.42 4348.02 4341.81 4340.63 4340.18 4337.34 4335.94
4109.4 4050.14 3993.49 3925.76 3864.92 3796.83 3724.43 3643.97 3556.05 3489.08 3450.32 3426.46 3419.17 3415.98 3416.27 3414.47 3409.37 3406.52 3404.46 3405.44 3410.68 3420.08 3433.45 3450.74 3470.87 3484.62 3491.36 3490.43 3482.92 3486.49 3576.8 3619.13 3545.41 3555.6 3608.43 3695.44 3814.02 3941.15 4061.37 4148.05 4211.47 4266.44 4314.97 4354.64 4385.26 4406.53 4414.93 4429 4454.95 4469.24 4472.79 4469.05 4457.88 4444.71 4431.21 4416.65 4399.96 4382.1 4366.05 4358.45 4352.63 4345.33 4341.72 4337.57 4336.67 4338.31 4336.33
4095.3 4029.76 3964.84 3891.14 3820.88 3745.33 3665.6 3581.29 3500.73 3451.09 3419.69 3401.28 3400.29 3405.35 3413.02 3408.26 3396.96 3388.17 3382.83 3382.64 3386.31 3395.78 3411.72 3429.72 3447.12 3463.08 3471.19 3471.06 3470.48 3484.72 3554.2 3581.15 3537.22 3552.83 3605.39 3684.41 3778.84 3880.52 3978.09 4056.37 4129.67 4202.92 4271.73 4330.75 4380.63 4419.53 4442.55 4461.54 4481 4493.21 4494.24 4482.2 4464.92 4449.38 4436.14 4421.78 4403.81 4388.94 4372.2 4359.25 4352.39 4348.56 4337.35 4331.13 4332.5 4334.84 4333.79
4084.63 4013.47 3938.6 3863.09 3785.09 3701.94 3618.51 3536.48 3470.37 3419.55 3396.65 3384.72 3384.57 3391.93 3400.9 3394.69 3378.88 3366.87 3358.97 3356.13 3357.59 3365.31 3382.93 3403.03 3421.12 3442.57 3459.1 3460.98 3465.2 3482.89 3538.79 3553.68 3522.12 3549.38 3601.86 3669 3748.02 3828.89 3903.29 3971.96 4053.35 4146.79 4235.38 4314.8 4387.11 4445.42 4483.75 4499.79 4503.96 4507.92 4499.43 4479.65 4461.16 4449.87 4439.3 4428.65 4419.79 4400.09 4374.78 4354.19 4351.35 4353.24 4340.58 4330.29 4328.71 4328.99 4328.38
4077.8 4001.2 3921.46 3839.75 3754.93 3668.56 3578.08 3497.04 3428.94 3393.09 3380.78 3375.25 3375.5 3376.56 3377.44 3368.37 3352.87 3340.88 3331.74 3326.39 3324 3328.32 3340.46 3361.52 3389.1 3418.12 3443.65 3451.62 3460.04 3480.86 3533.47 3541.57 3510.72 3549.28 3603.67 3666.35 3731.27 3791.45 3843.9 3894.88 3992.54 4103.81 4210 4309.38 4399.27 4478.56 4532.61 4533.48 4510.49 4491.04 4474.2 4453.07 4452.54 4448.75 4440.59 4430.68 4420.85 4401.26 4375.08 4352.65 4351.06 4362.55 4344.89 4329.04 4326.87 4326.02 4324.77
4073.61 3990.37 3908.79 3816.4 3727.47 3640.19 3551.99 3467.05 3400.2 3376.26 3372.77 3372.2 3369.38 3362.69 3350.21 3334.52 3323.64 3312.8 3303.46 3295.81 3290.18 3289.42 3297.31 3319.58 3355.15 3392.34 3424.45 3439.38 3450.86 3470.44 3519.85 3535.41 3515.04 3559.95 3610.91 3667.85 3723.13 3770.71 3812.85 3863.89 3959.51 4081.73 4198.88 4308.46 4409.91 4504.52 4580.15 4551.44 4498.83 4452.62 4448.71 4452.96 4454.69 4451.46 4441.79 4428.1 4411.83 4393 4375.62 4361.89 4352.6 4362.96 4347.86 4332.42 4327.79 4328.15 4331.29
4066.55 3981.08 3894.56 3805 3710.13 3621.45 3532.33 3450.52 3388.82 3369.17 3372.93 3379.61 3374.8 3356.84 3334.44 3314.6 3298.94 3289.19 3281.2 3272.11 3262.32 3253.74 3254.02 3281.98 3325.62 3369.25 3406.89 3426.24 3437.68 3451.46 3478.37 3513.68 3552.78 3582.22 3620.56 3665.6 3714.26 3763.04 3811.13 3863.61 3956.25 4082.17 4201.56 4312.39 4413.17 4500.25 4559.57 4536.22 4481.68 4428.26 4441.21 4459.01 4466.5 4459.53 4444.29 4425.47 4404.92 4386.51 4375.08 4369.02 4367.4 4358.73 4349.95 4335.29 4328.79 4326.33 4323.85
4068.14 3979.63 3886.62 3792.64 3699.21 3612.15 3525.4 3446.45 3386.66 3366.77 3376.85 3386.27 3384.65 3357.89 3322.72 3288.18 3276.5 3271.83 3266.61 3258.49 3246.95 3231.63 3218.9 3256.22 3306.75 3352.94 3391.7 3413.72 3425.46 3435.45 3444.74 3500.54 3578.56 3600.99 3627.61 3661.92 3707.36 3764.79 3827.81 3901.11 3987.41 4105.63 4219.61 4324.37 4415.63 4480.38 4507.79 4508.82 4472.32 4442.29 4454.93 4481.01 4488.22 4470.28 4447.48 4423.67 4401.07 4383.05 4371.77 4366.88 4364.41 4372.58 4359.9 4339.77 4329.04 4324.18 4321.79
4067.66 3974.95 3882.24 3789.95 3696.81 3607.9 3527.13 3451.54 3394.79 3376.41 3383.42 3390.39 3396.72 3366.3 3320.25 3278.87 3267.45 3265.47 3263.25 3257.64 3248.18 3237.61 3236.78 3262.81 3304.8 3346.39 3382.31 3404.6 3415.74 3423.34 3435.11 3497.67 3579.39 3607.78 3629.76 3657.04 3700.08 3767.28 3852.6 3946.5 4039.18 4145.31 4249.46 4347.36 4429.32 4490.91 4516.54 4502.17 4471.17 4448.44 4466.14 4493.71 4500.93 4474.44 4447.02 4420.47 4394.74 4373.81 4366.05 4363.69 4359.92 4368.2 4360.02 4339.01 4329.73 4323.95 4318.19
4073.26 3980.8 3885.94 3795.24 3705.45 3615.56 3534.61 3460.82 3409.01 3388.41 3391.43 3400.23 3420.01 3382.42 3331.6 3287.38 3270.86 3272.18 3273.03 3270.48 3265.07 3258.05 3259.12 3284.62 3316.44 3349.78 3379.82 3400.48 3410.14 3416.08 3430.22 3495.32 3579.22 3611.42 3630.64 3651.25 3691 3772.53 3876.44 3991.4 4093.93 4189.65 4284.95 4373.82 4449.35 4510.41 4530.83 4504.38 4473.73 4458.49 4466.36 4481.35 4482.57 4464.97 4441.16 4415.44 4389.97 4368.46 4362.1 4361.21 4358.02 4354.6 4349.09 4341.47 4332.82 4326.44 4323.2
4075.4 3985.16 3893.94 3804.1 3713.65 3628.85 3548.32 3475.46 3420.48 3393.52 3396.98 3407.44 3427.23 3394.84 3347.88 3298.92 3287.99 3293.87 3295 3294.22 3293.82 3294.24 3296.68 3312.87 3334.97 3359.49 3382.99 3401.27 3410.21 3415.06 3428.84 3499.75 3588.72 3617.37 3633.95 3651 3681.89 3777.7 3901.65 4028.12 4136.61 4230.83 4320.31 4400.39 4466.4 4512.55 4523.26 4497.75 4463.99 4448.99 4456.39 4463.5 4462.15 4453.21 4432.73 4409.6 4387.75 4370.87 4361.3 4356.87 4354.89 4346.78 4339.48 4335.75 4331.99 4329.71 4326.59
4081.07 3993.05 3902.75 3813.96 3724.26 3640.35 3561.52 3487.68 3426.89 3393.81 3399.48 3408.42 3417.93 3402.05 3375.4 3352.48 3340.98 3330.69 3324.29 3322.22 3326.12 3339.4 3348.49 3345.52 3354.86 3370.6 3387.96 3403.96 3413.05 3417.96 3433.32 3503.68 3589.45 3622.6 3645.7 3669.03 3703.72 3804.98 3939.98 4068.7 4177.66 4270.73 4353.81 4425.82 4482.88 4516.82 4517.05 4487.99 4450.95 4436.66 4444.45 4454.85 4462.94 4445.26 4423.1 4402.16 4384.34 4371.05 4359.6 4349.67 4342.5 4340.19 4337.85 4338.09 4337.72 4334.69 4331.9
4088 4002.42 3916.91 3829.47 3741.83 3657.39 3579.89 3504.52 3439.39 3399.17 3400.6 3405.49 3412.04 3407.78 3400.13 3400.86 3391.94 3366.14 3351.77 3346.5 3348.68 3358.38 3365.9 3364.33 3369.45 3379.31 3392.13 3405.87 3415.23 3422.59 3442.43 3503.66 3579.1 3625.44 3666.15 3709.35 3763.9 3866.31 3998.23 4125.08 4236.82 4313.66 4387.46 4450.14 4500.12 4531.3 4518.08 4480.77 4440.83 4426.95 4431.29 4437.24 4440.14 4425.7 4408.97 4392.14 4377.21 4363.96 4352.36 4344.08 4336.73 4334.45 4336.58 4341.41 4344.11 4339.27 4335.66
4097.71 4015.43 3931.79 3848.92 3765.05 3680.02 3604.98 3528.41 3460.31 3411.14 3397.77 3401.14 3408.33 3410.41 3410.56 3412.98 3405.75 3384.07 3369.43 3362.28 3360.82 3362.9 3367.4 3371.63 3377.37 3385.14 3395.77 3406.59 3417.74 3427.86 3450.87 3503.65 3572.84 3629.49 3691.33 3762.91 3849.33 3956.02 4070.52 4183.02 4279.92 4356.85 4419.66 4470.74 4511.6 4536.02 4514.9 4475.67 4434.45 4421.11 4419.04 4415.08 4405.69 4399.85 4392.99 4381.54 4369.31 4355.6 4346.19 4342.92 4339.65 4334.78 4340.05 4342.99 4342.85 4342.4 4339.43
4109.96 4032.07 3954.67 3872.79 3792.41 3712.99 3639.27 3563.2 3493.61 3441.78 3411.12 3407.48 3412.71 3413.49 3412.06 3408.45 3399.7 3388.33 3378.37 3371.41 3368.84 3369.99 3372.81 3376.67 3382.58 3390.03 3399.29 3411.84 3420.78 3435.44 3457.84 3502.9 3561.53 3630.27 3715.27 3814.65 3929.58 4044.73 4143.59 4238.5 4327.77 4396.04 4450.34 4486.87 4510.93 4519.51 4500.43 4471.3 4442.29 4422.35 4411.04 4401.39 4389.94 4384.94 4381.69 4373.88 4364.8 4355.96 4349.37 4345.09 4342.47 4340.78 4347.11 4347.52 4349.48 4345.91 4343.13
