real_craters/C063-750m.grd
DSAA
69 69
-25.5325 25.5325
-25.5325 25.5325
3238.432982141 4761.2699751593
[rows 0 to 45 of 69, columns 0 to 68 of 69]
4295 4294 4295 4285 4286 4299 4297 4301 4310 4319 4315 4322 4330 4329 4340 4341 4338 4339 4342 4343 4344 4344 4348 4350 4353 4351 4324 4317 4316 4321 4318 4308 4298 4288 4287 4301 4308 4311 4286 4285 4301 4284 4268 4255 4263 4284 4271 4246 4243 4236 4231 4232 4229 4228 4227 4223 4221 4219 4218 4217 4216 4216 4216 4218 4221 4213 4208 4205 4205
4296 4295 4295 4295 4294 4296 4299 4298 4320 4333 4324 4330 4329 4327 4327 4334 4340 4345 4351 4360 4367 4344 4340 4339 4339 4332 4320 4314 4307 4305 4308 4304 4295 4282 4292 4305 4289 4303 4287 4271 4274 4276 4270 4259 4263 4276 4272 4256 4244 4240 4239 4237 4235 4234 4229 4226 4224 4222 4220 4219 4218 4217 4216 4214 4211 4211 4208 4207 4205
4297 4296 4295 4294 4295 4293 4300 4330 4343 4336 4322 4330 4331 4328 4324 4334 4341 4348 4355 4366 4381 4366 4339 4335 4332 4332 4331 4312 4303 4307 4308 4303 4300 4307 4301 4284 4301 4285 4278 4277 4277 4275 4269 4263 4269 4271 4272 4269 4252 4246 4240 4239 4247 4238 4229 4227 4225 4223 4221 4220 4219 4218 4216 4215 4213 4210 4207 4205 4203
4297 4295 4294 4294 4295 4295 4303 4316 4365 4344 4327 4336 4335 4330 4327 4336 4342 4347 4350 4352 4346 4332 4330 4330 4330 4331 4331 4314 4310 4319 4310 4306 4303 4298 4286 4279 4303 4285 4277 4278 4282 4280 4274 4273 4270 4267 4279 4289 4256 4252 4241 4237 4241 4238 4232 4229 4227 4224 4223 4222 4220 4219 4217 4215 4212 4209 4206 4204 4203
4299 4296 4294 4297 4300 4296 4314 4367 4369 4322 4324 4339 4334 4333 4341 4338 4334 4331 4331 4338 4330 4325 4328 4329 4329 4329 4329 4320 4315 4312 4314 4309 4302 4292 4284 4284 4285 4288 4284 4281 4287 4289 4291 4277 4262 4257 4261 4310 4269 4256 4242 4244 4244 4240 4237 4235 4231 4227 4225 4222 4220 4217 4216 4214 4211 4208 4207 4206 4204
4302 4300 4298 4296 4297 4296 4310 4333 4351 4324 4311 4319 4324 4326 4335 4336 4329 4323 4318 4317 4325 4328 4336 4338 4336 4330 4324 4325 4321 4324 4320 4312 4302 4290 4277 4286 4282 4292 4293 4281 4285 4289 4293 4287 4261 4256 4261 4292 4287 4256 4245 4251 4247 4239 4250 4242 4235 4230 4228 4225 4222 4219 4216 4212 4210 4208 4207 4207 4206
4308 4304 4301 4298 4297 4288 4309 4315 4368 4330 4304 4308 4311 4311 4320 4324 4320 4316 4312 4303 4300 4347 4343 4338 4334 4330 4325 4326 4320 4325 4325 4316 4308 4300 4288 4287 4285 4284 4286 4284 4283 4283 4283 4278 4267 4262 4267 4279 4267 4253 4256 4254 4245 4241 4243 4242 4238 4235 4233 4229 4225 4220 4216 4212 4210 4207 4207 4207 4205
4310 4307 4305 4300 4302 4342 4341 4330 4344 4325 4304 4302 4300 4302 4305 4310 4314 4314 4315 4317 4347 4352 4344 4337 4332 4330 4331 4324 4324 4325 4321 4320 4319 4319 4327 4326 4286 4283 4287 4286 4285 4288 4295 4295 4271 4264 4266 4271 4261 4258 4259 4249 4243 4244 4245 4242 4242 4249 4239 4233 4228 4223 4216 4211 4209 4207 4206 4207 4205
4311 4311 4306 4313 4343 4341 4340 4323 4317 4335 4335 4304 4294 4298 4299 4301 4304 4310 4318 4331 4346 4340 4336 4332 4324 4322 4320 4316 4320 4318 4317 4325 4329 4332 4332 4323 4289 4291 4288 4294 4295 4320 4307 4285 4274 4268 4268 4266 4261 4270 4256 4249 4245 4247 4242 4238 4240 4237 4240 4240 4234 4225 4217 4212 4210 4207 4208 4207 4204
4312 4319 4333 4351 4347 4321 4325 4313 4300 4323 4321 4299 4291 4292 4291 4293 4297 4304 4323 4335 4336 4327 4321 4321 4318 4312 4309 4315 4316 4320 4323 4335 4340 4339 4334 4327 4334 4326 4321 4295 4318 4328 4313 4286 4275 4269 4267 4266 4275 4275 4258 4251 4259 4254 4240 4237 4245 4246 4253 4250 4239 4228 4218 4213 4209 4210 4209 4210 4210
4310 4324 4336 4334 4328 4320 4324 4312 4307 4305 4292 4290 4287 4289 4287 4288 4294 4302 4312 4322 4332 4316 4312 4317 4319 4318 4314 4305 4311 4337 4361 4359 4355 4350 4338 4331 4344 4349 4335 4306 4306 4302 4287 4289 4280 4271 4270 4266 4262 4262 4260 4258 4286 4263 4241 4243 4263 4295 4289 4260 4242 4229 4217 4212 4210 4210 4209 4210 4211
4298 4315 4352 4330 4315 4318 4319 4314 4309 4330 4303 4290 4286 4284 4284 4283 4287 4293 4300 4306 4334 4309 4308 4317 4327 4338 4342 4343 4376 4402 4388 4376 4370 4368 4367 4351 4352 4366 4389 4370 4346 4315 4329 4318 4309 4299 4287 4268 4266 4277 4269 4261 4265 4269 4282 4267 4265 4269 4264 4258 4243 4229 4217 4212 4210 4209 4208 4207 4204
4279 4291 4300 4315 4320 4323 4322 4314 4313 4315 4303 4292 4285 4283 4280 4278 4281 4285 4289 4292 4298 4307 4315 4323 4331 4342 4359 4383 4406 4420 4392 4380 4375 4378 4381 4357 4366 4380 4386 4384 4366 4366 4346 4348 4355 4360 4317 4272 4278 4266 4265 4257 4259 4256 4243 4244 4252 4258 4258 4250 4241 4230 4221 4215 4212 4208 4206 4206 4203
4272 4282 4295 4310 4343 4334 4319 4314 4313 4313 4303 4295 4292 4283 4280 4277 4277 4278 4281 4285 4286 4312 4328 4327 4332 4343 4366 4393 4402 4394 4379 4370 4368 4367 4368 4367 4372 4381 4395 4389 4393 4392 4370 4363 4363 4363 4352 4349 4277 4270 4266 4258 4255 4249 4244 4238 4244 4247 4243 4246 4240 4232 4223 4219 4214 4210 4208 4208 4210
4277 4288 4305 4341 4346 4337 4325 4314 4309 4309 4304 4298 4293 4286 4280 4274 4272 4274 4274 4274 4284 4306 4321 4332 4335 4343 4365 4390 4403 4370 4364 4363 4358 4348 4341 4361 4374 4388 4384 4389 4381 4391 4370 4364 4360 4359 4364 4372 4318 4272 4263 4261 4256 4253 4248 4245 4245 4249 4264 4247 4242 4236 4228 4224 4217 4212 4207 4207 4202
4288 4297 4318 4346 4353 4350 4339 4319 4311 4305 4305 4301 4293 4287 4280 4273 4271 4270 4270 4276 4286 4314 4338 4338 4336 4342 4354 4368 4366 4353 4355 4356 4352 4346 4340 4335 4367 4395 4372 4381 4388 4378 4372 4359 4346 4334 4354 4377 4348 4268 4264 4260 4256 4253 4249 4245 4243 4241 4232 4240 4242 4245 4241 4230 4222 4214 4207 4205 4203
4304 4311 4351 4212 4219 4390 4356 4327 4318 4309 4305 4302 4298 4289 4281 4276 4272 4271 4270 4275 4295 4326 4348 4345 4331 4328 4341 4349 4350 4339 4346 4352 4349 4347 4343 4342 4360 4381 4354 4370 4382 4373 4372 4358 4343 4332 4347 4368 4360 4283 4264 4260 4257 4253 4249 4245 4241 4237 4234 4236 4242 4246 4243 4234 4223 4214 4207 4203 4202
4316 4319 4342 4317 4298 4374 4361 4344 4318 4312 4307 4306 4302 4293 4284 4275 4271 4278 4282 4270 4304 4335 4361 4352 4336 4331 4338 4343 4341 4343 4347 4349 4343 4336 4336 4336 4348 4361 4367 4364 4376 4375 4369 4359 4347 4338 4348 4368 4362 4315 4274 4269 4268 4263 4251 4246 4240 4237 4233 4234 4240 4244 4240 4230 4222 4213 4206 4203 4202
4323 4322 4320 4331 4340 4343 4338 4321 4314 4310 4303 4308 4304 4296 4291 4282 4275 4292 4310 4322 4326 4342 4353 4351 4346 4341 4343 4347 4345 4343 4345 4343 4341 4335 4334 4339 4345 4349 4387 4373 4368 4375 4367 4361 4354 4351 4353 4357 4375 4362 4339 4327 4318 4276 4250 4247 4242 4241 4239 4239 4239 4234 4230 4225 4219 4212 4207 4201 4199
4324 4323 4322 4322 4322 4330 4327 4321 4314 4313 4305 4306 4315 4308 4314 4305 4306 4317 4333 4337 4342 4345 4344 4343 4341 4343 4348 4356 4364 4357 4349 4362 4350 4336 4339 4341 4345 4362 4382 4376 4376 4385 4372 4366 4363 4360 4355 4350 4360 4361 4342 4341 4338 4294 4263 4252 4245 4252 4265 4266 4245 4227 4223 4222 4218 4212 4207 4204 4201
4339 4330 4327 4336 4344 4344 4330 4328 4316 4315 4306 4310 4343 4371 4346 4330 4335 4338 4358 4363 4355 4348 4343 4338 4336 4343 4353 4364 4375 4371 4354 4358 4369 4374 4358 4346 4339 4358 4387 4391 4386 4378 4377 4375 4370 4365 4358 4351 4341 4342 4334 4325 4316 4324 4326 4263 4249 4259 4278 4285 4253 4230 4225 4223 4218 4213 4208 4203 4201
4373 4344 4341 4364 4350 4330 4322 4311 4311 4311 4307 4321 4351 4360 4351 4334 4315 4331 4359 4370 4356 4347 4342 4336 4330 4344 4357 4366 4369 4362 4348 4358 4384 4396 4391 4373 4359 4391 4383 4399 4406 4382 4386 4382 4378 4373 4370 4351 4336 4346 4335 4325 4323 4329 4320 4280 4254 4259 4271 4268 4260 4239 4234 4227 4221 4215 4210 4206 4203
4367 4350 4334 4336 4330 4326 4317 4312 4310 4311 4307 4326 4349 4357 4354 4337 4319 4323 4336 4347 4347 4344 4341 4340 4342 4350 4361 4372 4375 4367 4329 4366 4393 4415 4431 4426 4396 4399 4373 4411 4428 4405 4387 4388 4390 4389 4379 4360 4360 4363 4338 4330 4324 4319 4303 4270 4255 4260 4273 4279 4289 4284 4250 4234 4224 4217 4211 4204 4203
4357 4349 4331 4331 4336 4323 4312 4313 4311 4310 4308 4308 4316 4344 4351 4341 4330 4327 4325 4332 4338 4339 4339 4343 4348 4358 4368 4382 4388 4385 4387 4418 4444 4457 4468 4498 4564 4497 4445 4453 4486 4441 4403 4408 4412 4406 4395 4382 4235 4295 4349 4344 4335 4321 4302 4282 4255 4259 4282 4293 4281 4261 4254 4241 4231 4221 4213 4206 4204
4405 4368 4343 4328 4337 4328 4313 4311 4309 4307 4304 4303 4305 4332 4349 4344 4338 4332 4328 4329 4335 4338 4336 4321 4338 4353 4371 4393 4418 4430 4511 4580 4656 4536 4419 4437 4578 4560 4437 4550 4612 4525 4467 4448 4439 4426 4419 4405 4204 4263 4358 4346 4334 4331 4340 4319 4270 4254 4284 4326 4300 4266 4253 4244 4234 4225 4215 4210 4205
4376 4376 4339 4324 4324 4318 4313 4310 4305 4305 4304 4303 4303 4320 4340 4340 4346 4344 4337 4337 4340 4343 4345 4346 4343 4355 4378 4400 4457 4546 4548 4417 4286 4233 4190 4158 4135 4238 4463 4651 4761 4672 4564 4493 4467 4447 4433 4420 4383 4371 4346 4338 4328 4325 4334 4321 4290 4257 4266 4267 4263 4261 4250 4243 4234 4228 4217 4210 4205
4368 4366 4337 4325 4319 4315 4313 4311 4308 4305 4304 4303 4300 4297 4297 4329 4358 4367 4358 4350 4347 4347 4351 4358 4350 4356 4364 4376 4389 4408 4188 4029 3896 3900 3907 3827 3746 3966 4535 4493 4670 4709 4609 4568 4508 4459 4428 4425 4392 4366 4353 4350 4324 4314 4323 4316 4257 4259 4254 4250 4247 4245 4242 4238 4236 4235 4232 4214 4205
4369 4377 4352 4331 4321 4316 4315 4314 4308 4306 4303 4299 4301 4294 4289 4332 4371 4393 4376 4363 4354 4348 4349 4354 4346 4343 4331 4309 4271 4161 4025 3872 3762 3703 3681 3645 3567 3791 4475 4132 4251 4586 4717 4644 4554 4486 4448 4431 4404 4374 4369 4356 4342 4324 4304 4267 4265 4256 4249 4248 4246 4239 4240 4240 4240 4240 4243 4225 4208
4340 4340 4334 4328 4323 4321 4318 4315 4312 4308 4303 4301 4300 4312 4328 4354 4376 4393 4384 4368 4354 4344 4336 4338 4339 4328 4292 4241 4167 4055 3925 3728 3614 3559 3552 3537 3513 3654 4205 3719 3950 4299 4629 4615 4533 4472 4445 4459 4409 4361 4343 4359 4354 4343 4309 4272 4264 4259 4247 4226 4186 4226 4238 4243 4243 4239 4229 4220 4213
4332 4334 4331 4327 4326 4322 4317 4313 4310 4306 4302 4301 4321 4350 4371 4373 4372 4372 4373 4361 4347 4335 4324 4321 4344 4320 4255 4168 4063 3962 3848 3592 3495 3469 3475 3480 3492 3582 3801 3702 3701 4006 4370 4483 4476 4443 4447 4450 4421 4384 4358 4354 4353 4356 4323 4305 4285 4266 4257 4249 4254 4239 4243 4246 4248 4242 4230 4224 4218
4332 4333 4344 4330 4331 4335 4324 4313 4310 4303 4297 4306 4364 4386 4377 4367 4359 4356 4353 4347 4342 4336 4335 4354 4381 4324 4224 4098 3966 3822 3618 3466 3425 3421 3424 3435 3468 3525 3516 3691 3567 3784 4149 4316 4385 4407 4440 4460 4439 4406 4360 4351 4341 4336 4326 4308 4304 4305 4280 4263 4261 4252 4251 4255 4259 4257 4236 4231 4220
4332 4334 4328 4331 4331 4329 4330 4331 4313 4304 4296 4321 4379 4369 4361 4348 4343 4335 4334 4336 4337 4338 4349 4381 4433 4352 4219 4058 3877 3684 3485 3397 3399 3395 3372 3376 3418 3460 3468 3576 3553 3716 3939 4133 4323 4449 4494 4497 4450 4419 4374 4352 4330 4332 4325 4319 4315 4307 4292 4277 4258 4255 4260 4267 4275 4285 4295 4255 4228
4331 4329 4337 4335 4328 4323 4320 4316 4313 4309 4301 4317 4378 4378 4350 4333 4339 4335 4332 4329 4329 4338 4362 4407 4451 4374 4225 4034 3816 3595 3400 3373 3363 3329 3303 3289 3320 3410 3451 3545 3560 3697 3813 4020 4308 4548 4499 4451 4451 4420 4376 4360 4332 4330 4323 4321 4328 4334 4301 4270 4257 4257 4263 4270 4279 4289 4290 4259 4227
4330 4330 4329 4328 4327 4324 4320 4313 4311 4308 4307 4300 4339 4371 4362 4365 4361 4348 4337 4330 4328 4335 4356 4413 4484 4413 4237 4022 3790 3566 3390 3384 3361 3269 3263 3238 3255 3369 3420 3453 3605 3680 3840 4067 4334 4495 4470 4475 4474 4410 4369 4368 4339 4322 4321 4324 4330 4338 4321 4273 4257 4258 4262 4268 4274 4275 4267 4252 4232
4332 4334 4329 4330 4327 4323 4318 4314 4312 4309 4309 4305 4310 4327 4366 4403 4393 4368 4345 4334 4329 4330 4344 4415 4532 4438 4249 4030 3804 3588 3420 3400 3395 3286 3295 3294 3313 3371 3410 3452 3617 3663 3902 4185 4400 4524 4464 4461 4453 4398 4361 4353 4336 4328 4325 4326 4337 4340 4341 4273 4260 4260 4259 4261 4266 4271 4266 4249 4231
4333 4332 4329 4328 4326 4325 4325 4322 4315 4314 4313 4309 4319 4303 4356 4426 4402 4383 4354 4336 4333 4335 4350 4401 4473 4417 4252 4049 3836 3629 3448 3399 3409 3414 3362 3357 3369 3388 3416 3471 3628 3768 4034 4300 4461 4532 4435 4425 4412 4380 4347 4333 4342 4339 4332 4327 4319 4336 4340 4278 4266 4260 4258 4256 4256 4253 4250 4245 4235
4337 4333 4330 4328 4327 4326 4326 4321 4317 4316 4318 4312 4312 4298 4337 4395 4382 4370 4344 4338 4340 4345 4351 4389 4453 4403 4263 4094 3910 3713 3534 3442 3419 3401 3383 3376 3383 3398 3431 3494 3629 3920 4205 4398 4501 4485 4441 4399 4383 4367 4351 4347 4349 4348 4344 4330 4322 4330 4328 4317 4281 4262 4260 4257 4250 4239 4237 4244 4252
4349 4335 4330 4328 4327 4326 4325 4321 4321 4317 4312 4310 4307 4305 4334 4373 4373 4355 4345 4344 4348 4362 4379 4380 4403 4359 4273 4145 3996 3837 3657 3494 3439 3416 3392 3392 3407 3419 3474 3577 3667 4008 4319 4561 4523 4417 4378 4390 4394 4366 4352 4357 4348 4357 4356 4328 4304 4308 4313 4303 4289 4281 4269 4262 4255 4246 4243 4246 4248
4383 4349 4332 4331 4330 4325 4323 4339 4342 4325 4317 4313 4315 4336 4355 4354 4348 4344 4347 4348 4349 4358 4371 4366 4364 4359 4289 4194 4083 3972 3840 3637 3513 3469 3445 3443 3492 3525 3595 3740 3882 4189 4461 4608 4468 4407 4418 4396 4381 4367 4356 4361 4346 4344 4344 4323 4292 4285 4292 4292 4288 4284 4275 4270 4266 4263 4256 4251 4248
4381 4364 4342 4332 4329 4328 4325 4340 4342 4325 4314 4312 4318 4337 4352 4342 4327 4332 4339 4341 4339 4334 4336 4346 4353 4357 4317 4259 4193 4117 4048 3914 3788 3712 3653 3641 3673 3734 3856 3993 4147 4392 4639 4472 4442 4439 4425 4402 4383 4364 4356 4351 4333 4353 4351 4322 4292 4277 4279 4281 4281 4276 4277 4279 4280 4271 4266 4254 4243
4360 4353 4347 4338 4328 4332 4343 4337 4328 4321 4311 4304 4299 4312 4344 4347 4344 4332 4338 4341 4333 4321 4321 4334 4348 4356 4343 4319 4292 4252 4192 4161 4097 4020 3956 3893 3928 3972 4109 4266 4363 4461 4464 4450 4445 4445 4431 4402 4372 4356 4343 4340 4347 4343 4346 4326 4297 4279 4281 4278 4280 4283 4284 4286 4289 4279 4274 4257 4241
4351 4352 4353 4344 4334 4333 4334 4331 4327 4318 4311 4302 4301 4307 4348 4340 4338 4339 4339 4337 4329 4325 4326 4334 4342 4356 4359 4360 4360 4366 4364 4307 4243 4229 4216 4199 4236 4309 4473 4554 4567 4528 4417 4426 4435 4418 4410 4393 4379 4361 4342 4335 4343 4348 4352 4334 4304 4280 4280 4278 4280 4285 4286 4286 4289 4291 4275 4258 4243
4378 4371 4353 4339 4342 4335 4334 4334 4330 4318 4306 4305 4303 4326 4332 4332 4339 4338 4334 4328 4325 4322 4327 4337 4339 4368 4379 4392 4419 4469 4519 4487 4425 4388 4395 4416 4467 4638 4760 4638 4555 4494 4485 4448 4421 4408 4396 4384 4370 4355 4341 4337 4344 4338 4348 4335 4307 4287 4282 4278 4280 4279 4279 4282 4284 4283 4271 4260 4246
4369 4371 4362 4351 4339 4336 4338 4334 4318 4310 4318 4317 4325 4341 4350 4343 4338 4335 4332 4332 4322 4318 4326 4339 4345 4368 4381 4400 4426 4475 4578 4585 4563 4538 4611 4542 4506 4504 4485 4469 4448 4440 4449 4418 4371 4392 4383 4372 4359 4346 4340 4334 4333 4336 4344 4327 4302 4286 4291 4285 4285 4283 4280 4280 4275 4269 4268 4260 4251
4349 4359 4365 4370 4344 4337 4347 4361 4307 4326 4325 4320 4327 4361 4356 4356 4340 4332 4327 4318 4319 4325 4327 4338 4352 4363 4379 4387 4394 4389 4356 4407 4392 4450 4502 4491 4452 4396 4380 4370 4425 4462 4412 4380 4365 4366 4371 4365 4356 4348 4341 4342 4333 4333 4320 4299 4292 4283 4286 4294 4292 4290 4288 4283 4273 4268 4267 4265 4261
4336 4348 4359 4369 4348 4343 4345 4345 4334 4320 4309 4307 4320 4336 4358 4359 4358 4342 4328 4319 4315 4315 4324 4332 4344 4357 4363 4365 4368 4363 4356 4376 4394 4444 4436 4431 4419 4406 4363 4332 4374 4387 4373 4352 4359 4369 4369 4362 4350 4336 4336 4332 4326 4313 4300 4294 4289 4284 4287 4289 4294 4297 4302 4287 4276 4271 4270 4273 4276
