real_craters/C063-300m.grd
DSAA
171 171
-25.5325 25.5325
-25.5325 25.5325
3218.901149007 4811.7532447754
[rows 0 to 29 of 171, columns 67 to 133 of 171]
4322.54 4309.51 4311.28 4316.47 4317.61 4319.69 4321.17 4320.24 4317.74 4314.35 4310.45 4306.4 4302.23 4297.81 4293.41 4289.31 4286.46 4284.76 4286.91 4291.63 4298.06 4302.26 4301.66 4308.33 4311.7 4312.54 4306.49 4295.36 4285.81 4281.81 4281.93 4289.64 4300.64 4300.94 4294.13 4287.57 4280.84 4274.09 4267.53 4261.38 4256.57 4254.28 4257.98 4263.09 4269.49 4278.13 4290.07 4289.92 4270.66 4253.88 4247.08 4244.28 4242.85 4242.67 4239.74 4236.91 4234.65 4231.28 4231.31 4232.13 4232.03 4231.2 4229.69 4228.6 4228.23 4228.21 4228.1
4322.87 4314.56 4311.23 4310.8 4309.7 4310.8 4313.11 4313.66 4312.71 4310.51 4307.32 4303.68 4300.22 4295.8 4290.49 4284.7 4279.5 4283.36 4290.4 4300.65 4316.12 4331.23 4295.89 4298.2 4304.08 4306.36 4303.44 4296.75 4288.79 4281.8 4277.29 4280.53 4285.33 4287.97 4286.6 4283.28 4278.8 4273.73 4268.53 4263.29 4259.06 4257.42 4258.87 4263.82 4271.12 4279.48 4287.16 4285.46 4273 4260.3 4252.45 4248.48 4245.55 4243.9 4240.7 4237.81 4235.11 4234.03 4235.08 4236.69 4236.06 4233.66 4231.76 4230.56 4230.66 4231.01 4231.55
4317.61 4317.14 4312.67 4308.28 4306.46 4306.6 4307.77 4309.33 4309.04 4307.97 4305.73 4302.81 4299.12 4294.68 4289.65 4284.11 4280.37 4283.34 4291.79 4301.57 4310.79 4304.95 4287.92 4291.68 4298.61 4302.77 4302.28 4296.3 4288.34 4280.73 4273.01 4272.18 4270.76 4276.16 4278.99 4278.52 4276.37 4273.17 4269.56 4265.53 4260.98 4257.35 4256.38 4262.96 4270.12 4276.27 4279.11 4276.24 4271.85 4264.79 4257.87 4251.15 4247.14 4243.77 4241.09 4239.11 4237.05 4237.56 4238.55 4239.69 4237.51 4235.54 4234.09 4232.84 4233.39 4233.48 4233.13
4311.19 4310.7 4307.73 4305.15 4303.26 4302.69 4304.96 4306.86 4306.63 4306.57 4304.59 4302.35 4299.41 4296.04 4292.39 4287.2 4281.38 4285.2 4293.11 4298.72 4301.69 4297.91 4281.91 4288.74 4295.9 4300.62 4301.92 4294.46 4286.08 4278.45 4271.59 4270.32 4270.1 4272.95 4275.34 4275.72 4274.38 4272.34 4270.22 4267.74 4262.41 4257.78 4256.91 4263.01 4268.92 4273.46 4276.17 4277.25 4271.99 4266.12 4260.68 4256.7 4251.27 4244.71 4242 4241.34 4241.45 4240.08 4239.88 4239.72 4237.62 4237.34 4237.39 4237.04 4237.29 4235.99 4233.58
4312.39 4306.88 4302.91 4302.8 4302.82 4303.78 4304.96 4306.27 4306.32 4305.2 4303.65 4301.88 4299.87 4298.63 4297.14 4296.1 4295.24 4297.13 4297.07 4295.6 4294.42 4296.42 4287.54 4292.12 4295 4295.89 4295.23 4287.68 4282.43 4277.94 4273.78 4272.95 4273.04 4274.23 4274.97 4274.84 4273.6 4271.89 4270.02 4268.16 4262.97 4258.86 4261.79 4265.45 4269.15 4271.83 4272.87 4271.71 4270.14 4267.2 4262.59 4261.09 4255.8 4247.7 4243.97 4243.61 4243.05 4241.25 4240.42 4240.67 4239.26 4239.38 4241.06 4243.23 4242.32 4238.72 4234.76
4317.4 4307.66 4302.34 4303.03 4304.7 4306.03 4307.49 4308.06 4307.57 4305.32 4305.08 4302.18 4300.93 4300.02 4300.65 4304.37 4312.29 4313.1 4300.92 4291.9 4285.83 4286.34 4300.75 4300.76 4296.22 4289.44 4279.88 4278.68 4278.28 4277.28 4277.59 4277.74 4278.06 4277.35 4276.53 4275.57 4274.03 4271.8 4268.92 4265.88 4263.77 4262.71 4266.18 4268.69 4269.89 4270.66 4270.35 4268.79 4271.87 4273.57 4270.49 4265.34 4258.58 4251.96 4247.13 4246.15 4245.22 4241.98 4239.88 4239.77 4239.1 4240.1 4243.09 4246.73 4245.58 4240.38 4235.61
4317.64 4309.37 4304.01 4305.35 4308.35 4311.4 4312.14 4310.61 4309.01 4307.5 4306.64 4304.95 4304.18 4303.07 4303.53 4305.61 4309.67 4308.56 4296.75 4287.31 4280.02 4285.84 4316.77 4308.87 4298.43 4288.39 4279.65 4276.18 4276 4276 4276.37 4279.94 4282.04 4280.1 4278.58 4277.22 4275.4 4272.9 4269.78 4267.3 4266.86 4268.71 4273.71 4272.06 4270.11 4269.73 4270.81 4274.34 4279.07 4284.6 4289.22 4272.59 4258.69 4253.58 4249.99 4248.52 4246.5 4243.2 4240.08 4238.57 4239.02 4240.72 4242.7 4244.69 4243.77 4239.97 4235.87
4317.29 4311.32 4308.6 4308.6 4312.13 4317.45 4316.38 4312.56 4310.16 4309.14 4307.66 4306.51 4303.87 4302.93 4302.51 4301.64 4297.75 4290.09 4288.43 4283.33 4278.56 4288.64 4320.32 4308.06 4297.54 4288.58 4280.86 4276.97 4276 4276.01 4276.71 4278.31 4280.23 4281.14 4280.69 4279.54 4277.87 4275.41 4272.64 4271.05 4270.81 4272.1 4275.13 4271.91 4268.99 4268.07 4269.63 4274.64 4281.23 4289.34 4297.74 4278.73 4259.71 4254.02 4251.98 4251.23 4248.97 4244.75 4241.42 4238.88 4238.87 4239.69 4240.93 4241.55 4240.08 4239.23 4236.32
4316.42 4312.69 4310.44 4310.62 4312.52 4314.5 4313.89 4312.48 4311.02 4309.83 4308.32 4306.57 4304.01 4302.2 4301.31 4298.41 4293.59 4288.71 4285.77 4282.36 4280.12 4283.97 4292.98 4297.51 4293.8 4287.63 4282.42 4278.73 4277.17 4277.39 4278.73 4278.67 4280.68 4282.8 4283.19 4282.67 4281.43 4279.46 4276.37 4275.18 4276.08 4274.52 4270.59 4267.95 4265.89 4264.65 4265.03 4266.99 4273.42 4285.49 4289.24 4282.6 4267.76 4258.75 4254.32 4252.95 4249.82 4244.98 4240.72 4238.56 4237.6 4237.04 4240.38 4241.88 4242.19 4239.95 4237.27
4316.77 4314.61 4312.7 4312.16 4312.01 4310.8 4310.44 4312.1 4312.11 4311.15 4309.34 4307.52 4305.09 4302.49 4299.36 4295.95 4292.38 4290.06 4285.65 4283.13 4282.87 4284.14 4285.78 4289.07 4289.36 4286.87 4282.88 4279.39 4279.06 4278.04 4277.49 4281.84 4284.63 4285.26 4285.62 4285.82 4285.74 4285.05 4283.23 4280.62 4277.48 4273.54 4268.29 4264.63 4262.39 4260.7 4259.76 4260.33 4267.83 4283.32 4298.22 4296.69 4281.71 4262.47 4258.35 4254.53 4250.23 4244.99 4239.95 4239.45 4240.29 4242.24 4243.16 4243.08 4242.56 4240.56 4238.31
4320.45 4318.23 4315.78 4314.5 4313.91 4312.81 4312.53 4313.94 4313.58 4312.27 4310.27 4307.83 4304.87 4301.57 4298.01 4294.17 4290.18 4286.31 4284.04 4283.55 4283.9 4283.63 4282.44 4284.77 4287.12 4287.96 4287.21 4285.67 4284.02 4280.16 4277.11 4284.23 4286.17 4286.85 4287.44 4288.33 4289.48 4290.54 4290.68 4286.75 4280.2 4273.98 4267.26 4262.21 4259.5 4257.41 4255.95 4255.55 4260.92 4280.94 4302.53 4306.45 4289.55 4268.52 4263.28 4258.98 4252.55 4246.31 4242.14 4241.5 4243.12 4245.67 4245.06 4244.08 4242.48 4240.75 4239.24
4324.38 4321.8 4318.98 4317.42 4317.17 4317.7 4318.6 4317.76 4316.12 4314.14 4311.68 4308.59 4305.05 4301.29 4297.21 4292.88 4288.97 4285.29 4284 4283.58 4284.38 4283.36 4280.73 4282.98 4286.47 4289.8 4293.94 4297.11 4290.86 4284.01 4280.22 4284.12 4285.4 4286.92 4287.75 4289.16 4291.34 4294.39 4296.18 4292.56 4284.82 4276.79 4268.03 4261.39 4257.94 4255.84 4254.28 4253.89 4259 4277.15 4295.81 4303.48 4299.06 4277.9 4265.02 4261.22 4253.68 4247.52 4243.69 4243.08 4245.01 4246.11 4246.71 4245.17 4242.46 4240.4 4239.96
4324.64 4323.73 4321.17 4319.69 4320.23 4321.75 4322.6 4321.47 4319.04 4316.24 4313.15 4309.78 4306.3 4302.26 4297.85 4292.8 4288.11 4284.52 4281.56 4282.78 4285.33 4284.19 4282.35 4282.71 4285.67 4290.19 4295.58 4299.89 4293.85 4286.53 4281.21 4282.41 4283.98 4285.31 4287.2 4288.65 4290.93 4294.14 4297.79 4295.96 4294.97 4280.38 4269.07 4261.02 4257.72 4255.75 4254.76 4255.75 4260.85 4274.43 4289.26 4298.37 4297.31 4284.53 4269.65 4259.02 4252.94 4247.61 4244.15 4244.54 4248.04 4251.59 4251.74 4246.65 4241.55 4238.75 4240.33
4324.9 4324.67 4322.54 4321.42 4322.06 4324.31 4327.05 4324.56 4321.42 4318.27 4314.89 4311.24 4307.42 4303.24 4298.73 4293.86 4288.31 4281.34 4279.14 4282.49 4284.71 4283.72 4281 4281.43 4284.61 4288.41 4292.17 4294.54 4290.92 4286.55 4283.37 4281.87 4282.93 4284.41 4285.73 4286.74 4288.21 4288.62 4288.91 4289.76 4287.93 4278.97 4269.73 4262.06 4259.4 4257.71 4257.31 4258.68 4262.14 4273.01 4284.51 4291.86 4294.13 4287.71 4270.44 4259.6 4252.11 4247.15 4245.15 4247.49 4250.85 4253.78 4252.97 4246.95 4241.26 4237.96 4240.51
4325.25 4325.03 4322.72 4321 4322.45 4324.57 4325.5 4324.62 4323.08 4320.13 4316.64 4312.99 4309.3 4305.41 4301.2 4296.73 4292.13 4288.76 4287.01 4284.22 4284.34 4284.02 4282.55 4282.17 4283.83 4285.65 4287.29 4286.74 4286.78 4285.64 4284.23 4283.41 4282.88 4283.49 4284.37 4284.92 4285.23 4285.32 4284.22 4281.67 4277.75 4275.91 4271.06 4266.81 4262.16 4259.93 4259.83 4262.14 4268.74 4275.37 4280.87 4284.85 4282.55 4273.91 4262.85 4255.65 4251.29 4247.78 4247.37 4251.36 4253.43 4252.88 4250.02 4245.9 4241.51 4238.62 4240.59
4325.15 4325.29 4322.61 4320.29 4322.5 4325.03 4324.36 4325.75 4324.89 4321.75 4318.15 4314.7 4311.39 4308.42 4305.11 4301.78 4297.66 4292.55 4287.79 4289.29 4285.58 4288.34 4286.89 4284.76 4283.34 4283.93 4284.67 4285.53 4285.6 4285.09 4284.65 4283.25 4282.24 4282.77 4283.2 4283.29 4282.9 4282.84 4283.02 4280.7 4278.55 4276.67 4272.7 4267.3 4264.11 4262.09 4261.68 4263.32 4267.15 4271.35 4276.77 4279.95 4274.4 4266.55 4260.56 4254.18 4252.46 4252.38 4255.76 4260.72 4256.33 4252.4 4248.6 4245.07 4242.13 4240.46 4241.31
4324.64 4325.27 4322.77 4320.76 4323.17 4327.84 4335.71 4335.79 4327.1 4322.35 4319 4316.13 4313.59 4312.19 4310.01 4307.93 4305.77 4303.63 4303.16 4309.37 4308.89 4300.53 4292.03 4285.66 4282.24 4282.04 4282.85 4283.57 4284.29 4285.07 4285.05 4283.19 4282.6 4282.87 4283.31 4283.24 4282.13 4280.82 4284.82 4286.5 4285.08 4281.84 4275.89 4270.99 4266.26 4263.52 4262.65 4262.76 4262.75 4265.55 4272.55 4278.22 4271.45 4262.45 4256.47 4254.73 4255.66 4258.2 4260.89 4261.91 4255.97 4251.05 4246.91 4244.08 4242.65 4242.3 4242.72
4324.18 4324.54 4323.07 4321.56 4323.94 4326.9 4329.59 4327.13 4324.23 4321.76 4319.89 4318.29 4316.9 4315.65 4315.01 4314.62 4314.96 4317.53 4324.37 4331.96 4332.37 4312.9 4296.03 4282.05 4281.22 4281.69 4283.14 4284.41 4285.52 4286.64 4285.88 4283.79 4282.3 4283.91 4285.41 4285.9 4284.75 4284.05 4292.61 4311.14 4302.19 4288.06 4278.39 4271.33 4266.49 4264.22 4263.51 4263.53 4263.91 4265.97 4269.97 4268.91 4265.33 4259.61 4258.75 4257.4 4258.57 4261.39 4259.9 4254.13 4252.23 4248.72 4245.1 4243.21 4242.89 4243.37 4243.79
4323.51 4322.47 4322.82 4325.6 4325.66 4323.43 4320.35 4318.22 4319.34 4320.2 4320.41 4320.35 4320.17 4320.6 4321.01 4321.75 4322.85 4325.66 4329.85 4335.54 4332.69 4317.1 4299.98 4288 4282.46 4282.8 4285.3 4288.21 4290.21 4290.72 4288.98 4285.73 4283.73 4286.55 4290.02 4292.17 4291.42 4289.58 4294.87 4300.88 4298.45 4288.44 4278.74 4270.27 4265.67 4264.76 4264.76 4265.45 4267.28 4269.96 4270.88 4272.68 4270.36 4263.32 4262.83 4258.37 4259.95 4262.85 4258.86 4253.4 4250.12 4247.25 4244.44 4243.05 4243.15 4243.92 4244.36
4320.2 4318.59 4320.63 4323.04 4323.01 4320.53 4317.38 4315.11 4317.07 4319.65 4321.63 4323.02 4323.95 4323.96 4326.03 4327.58 4328.75 4329.94 4333.15 4335.52 4330.04 4316.83 4301.25 4287.44 4283.45 4285.14 4288.47 4293.73 4300.98 4295.6 4291.01 4286.61 4285.99 4290.55 4297.16 4302.52 4303.91 4299 4297.18 4292.08 4290.38 4285.22 4278.29 4271.56 4267.53 4266.47 4266.3 4266.9 4268.91 4272.15 4270.16 4268.16 4264.72 4263.53 4262.62 4262.24 4261.78 4259.33 4256.97 4253.08 4249.7 4246.78 4244.07 4242.5 4243.8 4245.23 4246.19
4316.39 4315.9 4318.23 4320.5 4321.14 4319.06 4316.31 4314.4 4316.93 4320.32 4323.39 4325.78 4327.39 4328.89 4329.64 4332.46 4332.45 4332.09 4332.33 4332.16 4327.81 4317.2 4303.36 4289.26 4286.23 4290.04 4291.59 4290.23 4287.66 4290.49 4297.06 4289.69 4286.45 4294.51 4305.23 4316.08 4324.74 4323.68 4307.09 4291.46 4287.27 4283.1 4278.32 4274.35 4271.77 4268.85 4267.09 4266.93 4267.51 4267.08 4266.35 4264.94 4264.03 4260.97 4263.73 4270.43 4266.51 4259.85 4256.32 4252.81 4249.89 4247.41 4245.44 4244.86 4245.64 4246.81 4246.43
4314.95 4315.22 4316.37 4318.75 4319.89 4319.42 4317.27 4316.79 4318.52 4322.07 4325.77 4328.63 4330.6 4333.13 4335.85 4335.32 4335.36 4334.45 4333.31 4331.54 4327.37 4319.97 4310.5 4298.4 4297.42 4301.34 4300.31 4293 4275.46 4291.57 4300.71 4290.52 4287.36 4300.24 4313.18 4325.28 4338.95 4341.02 4316.31 4295.24 4288.11 4282.97 4278.62 4275.22 4272.43 4269.81 4268 4266.8 4266.22 4265 4264.17 4262.77 4261.45 4266.63 4276.86 4278.83 4270.76 4262.38 4257.71 4253.82 4250.76 4249.01 4248.03 4247.06 4248.62 4249.72 4249.91
4314.43 4314.67 4312.35 4317.82 4325.15 4320.56 4318.44 4317.94 4321.01 4326.05 4330.56 4333.68 4335.63 4337.24 4339.58 4338.12 4336.21 4335.84 4335.99 4336.05 4328.49 4324.6 4322.92 4323.55 4324.34 4320.16 4316.21 4314.25 4321.04 4305.82 4292.38 4293.67 4300.52 4311.75 4318.65 4326.9 4335.5 4333.53 4316.76 4300.97 4289.92 4283.51 4278.82 4275.02 4271.64 4269.84 4268.28 4266.99 4266.31 4265.66 4264.88 4263.78 4262.58 4275.96 4288.49 4281.02 4274.77 4268.8 4258.97 4252.63 4250.22 4251.4 4252.97 4252.75 4254.89 4254.06 4249.21
4311.29 4310.41 4309.61 4313.64 4317.23 4319.39 4320.61 4320.97 4325.66 4332.61 4337.46 4340.09 4341.4 4342.58 4341.91 4339.94 4338.43 4336.21 4331.09 4322.06 4325.2 4328.02 4333.05 4341.84 4346.49 4337.17 4330.79 4326.85 4321.91 4304.36 4292.81 4303.59 4321.77 4322.19 4320.1 4321.32 4322.69 4318.11 4307.33 4297.1 4289 4283.61 4279.27 4275.5 4272.64 4269.95 4268.25 4267.39 4267.36 4268.01 4267.65 4267.1 4270.86 4271.86 4279.2 4269.97 4265.86 4262.97 4257.37 4251.1 4249.68 4254.93 4261.59 4267.34 4268.25 4261.66 4252.03
4307.85 4307.53 4308.61 4309.97 4313.3 4320.03 4327.97 4331.84 4337.39 4344.31 4347.4 4348.48 4348.92 4348.55 4348.25 4344.86 4341.96 4338.59 4330.66 4321.87 4323.79 4330.27 4337.59 4345.95 4351.16 4345.26 4340.38 4334.55 4323.13 4301.11 4293.65 4307.06 4322.27 4318.36 4314.36 4311.77 4307.81 4302.06 4293.13 4288.76 4286.93 4284.32 4280.77 4276.65 4272.53 4270.08 4268.98 4268.7 4268.4 4268 4267.06 4267.1 4268.18 4265.15 4261.7 4258.84 4260.34 4260.5 4256.96 4251.56 4250.44 4259.04 4269.86 4282.29 4283.84 4269.34 4254.9
4307.74 4303.59 4305.74 4311.31 4313.45 4328.05 4343.95 4354.95 4361.33 4360.59 4359.24 4357.49 4356.24 4354.99 4353.79 4350.95 4348.06 4343.75 4337.81 4328.01 4328.64 4334.39 4340.05 4344.12 4344.27 4348.16 4348.57 4345.66 4335.02 4310.33 4302.04 4308.79 4306.69 4306.35 4307.94 4304.74 4298.41 4293.06 4287.27 4287.11 4288.75 4287.97 4284.78 4279.78 4274.3 4271.48 4271.26 4271.39 4270.47 4268.53 4266.45 4265.63 4263.54 4261.88 4262 4259.62 4263.63 4264.24 4260.43 4255.68 4255.42 4261.95 4272.44 4285.71 4289.94 4270.56 4255.69
4314.17 4305.06 4308.13 4326.6 4338.96 4354.02 4367.3 4377.12 4381.67 4374.8 4369.66 4366.4 4363.81 4362.1 4360.41 4358.62 4355.89 4352.6 4348.24 4340.99 4338.69 4340.2 4342.92 4345.54 4348.31 4352.71 4358.15 4361.82 4363.05 4346.96 4329.51 4327.37 4319.68 4312.03 4310.69 4304.84 4298.18 4295.5 4289.29 4294.36 4297.15 4296.33 4292.72 4286.81 4279.73 4275.81 4276.71 4277 4275.06 4271.88 4268.99 4266 4264.29 4263.17 4261.93 4263.78 4273.04 4270.94 4265.34 4259.92 4257.03 4262.54 4268.39 4271.5 4264.58 4263.33 4255.81
4330.75 4328.65 4338.07 4358.34 4379.87 4392.33 4390.44 4390.09 4387.7 4381.92 4376.37 4372.38 4369.71 4367.94 4366.53 4365.59 4364.27 4363.03 4362.23 4355.41 4349.21 4347.46 4348.09 4349.77 4351.67 4358.78 4366.97 4375.26 4384.13 4385 4365.12 4354.54 4351.6 4336.65 4323.45 4312.89 4305.65 4310.89 4315.01 4313.12 4311.2 4308.77 4305.48 4299.74 4289.37 4283.05 4289.18 4287.83 4282.52 4276.03 4270.98 4266.4 4265.03 4263.91 4263.27 4267.84 4285.07 4277.06 4268.83 4263.38 4262.77 4262.26 4264.27 4263.23 4256.22 4263.42 4264.7
4352.01 4362.16 4379.48 4390.03 4404.05 4411.96 4404.55 4396.8 4388.28 4383.97 4379.93 4376.58 4373.88 4372.06 4371.32 4371.3 4371.35 4371.39 4369.51 4363.03 4356.04 4353.24 4353.47 4355.48 4358.82 4365.55 4373.85 4382.13 4390.56 4396.42 4384.09 4371.07 4362.13 4349.84 4337.36 4328.22 4323.38 4331.44 4341.76 4332.07 4326.59 4323.68 4322.01 4320.43 4317.82 4315.26 4312.67 4303.77 4292.55 4280.41 4268.89 4265.22 4265.71 4266.84 4265.38 4267.41 4276.44 4273.05 4267.94 4263.08 4258.98 4260.47 4263.07 4266.69 4276.61 4273.76 4273.6
4368.22 4381.7 4396.83 4404.94 4412.1 4413.69 4410.78 4400.82 4390.02 4385.12 4381.47 4378.42 4376.22 4374.77 4374.54 4375.3 4376.82 4377.7 4377.15 4367.47 4359.17 4356.98 4358.19 4361.47 4366.13 4372.19 4378.42 4384.13 4387.97 4390.65 4387.52 4377.1 4365.28 4354.1 4350.75 4347.64 4344.69 4344.17 4346.17 4342.16 4338.95 4337.43 4338.26 4341.86 4350.65 4363.03 4339.23 4320.63 4304.13 4287.48 4271.88 4265.74 4266.71 4268.39 4267.16 4264.47 4268.03 4266.78 4265.35 4261.89 4259.14 4259 4261.38 4265.14 4269.11 4267.91 4266.79
