real_craters/C063-1000m.grd
DSAA
30 30
-14.59 14.59
-14.59 14.59
3562.0700902144 4542.7848704367
4277.92 4274.4 4269.06 4265.52 4272.53 4281.19 4286.82 4292.01 4294.26 4295.06 4300.51 4319.18 4323.88 4331.65 4325.52 4315.37 4339.53 4341.86 4328.56 4335.07 4321.79 4319.01 4303.71 4287.24 4301.3 4288.76 4284.57 4283.77 4285.75 4288 
4275.46 4270.47 4262.68 4262.63 4272.26 4300.53 4306.59 4307.5 4310.05 4309.02 4301.01 4309.65 4314.18 4327.71 4335.08 4313.4 4325.53 4336.88 4331.57 4340.45 4353.51 4338.41 4319.59 4305.22 4328.41 4309.29 4287.98 4283.99 4284.09 4291.94 
4271.12 4267.19 4262.49 4264.06 4267.28 4322.11 4321.53 4315.44 4310.88 4305.02 4301.19 4303.88 4305.75 4309.92 4319.78 4318.34 4311.7 4324.43 4334.94 4346.45 4368.42 4352.28 4337.81 4328.4 4310.09 4311.92 4292.01 4288.43 4288.2 4292.11 
4271.96 4268.78 4269.95 4297.12 4313.53 4329.72 4321.05 4311.29 4305.88 4296.55 4305.43 4304.8 4302.4 4307.12 4305.73 4310.02 4307.04 4317.07 4327.41 4339.92 4348.71 4351.53 4348.5 4344.62 4321.08 4311.53 4301.07 4296.91 4298 4287.39 
4277.87 4276.63 4276.14 4312.05 4321.29 4336.25 4310.02 4303.06 4296.8 4298.13 4303.6 4301.43 4311.08 4306.38 4303.66 4306.36 4304.38 4305.1 4317.67 4329.01 4338.75 4345.74 4354.76 4362.71 4347.66 4295.57 4303.57 4301.61 4290.01 4283.68 
4279.3 4288.41 4288.75 4314.63 4319.99 4307.82 4297.13 4301.26 4301.91 4313.06 4299.6 4300.44 4311 4316.52 4311.04 4301.18 4314.99 4306.12 4320.69 4321.26 4326.18 4332.86 4343.45 4360.28 4360 4354.4 4330.3 4307.14 4296.84 4297.26 
4285.55 4305.85 4349.46 4335.27 4335.47 4314.53 4312.23 4311.59 4309.29 4308.39 4310.2 4323.49 4313.1 4330.58 4321.78 4322.12 4300.4 4314.98 4320.1 4314.92 4309.18 4311.06 4331.52 4352.77 4347.13 4354.35 4340.58 4310.83 4300.18 4306.7 
4292.82 4297.42 4306.94 4328.37 4335.71 4334.8 4337.14 4319.07 4314.19 4310.59 4311.85 4317.93 4360.65 4356.98 4339.45 4336.85 4321.28 4329.38 4324.78 4317 4308.88 4306.42 4318.02 4325.89 4347.7 4370.98 4351.27 4310.19 4301.22 4326.93 
4293.16 4290.81 4291.16 4292.4 4324.92 4325.38 4314.01 4319.25 4317.31 4317.56 4353.93 4386.97 4392.64 4362.28 4485.35 4424.69 4442.67 4398.21 4347.42 4337.22 4320.54 4309.31 4312.8 4315.58 4354.73 4380.44 4352.95 4318.71 4317.84 4330.03 
4292.76 4295.84 4296.09 4302.38 4330.1 4337.1 4330.7 4328.76 4344.57 4372.35 4446.93 4333.1 4194.64 4161.11 4082.18 4112.14 4188.89 4376.3 4413.31 4337.23 4320.31 4318.95 4319.16 4323.99 4316 4340.05 4334.19 4314.61 4306.28 4316.27 
4286.82 4305.54 4310.07 4303.93 4304.15 4317.7 4324.46 4347.78 4378.46 4414.22 4379.94 4056.58 4056.64 3936.64 3877.87 3900.96 4009.58 4106.59 4197.08 4268.59 4302.37 4327.59 4331.95 4330.96 4317.45 4318.84 4319.18 4312.93 4312.54 4331.67 
4277.31 4282.17 4283.39 4275.88 4295.33 4298.32 4328.17 4354.56 4356.69 4337.92 4170.25 4019.24 3765.57 3721.06 3664.61 3643.87 3749.42 3958.43 4063.93 4165.15 4250.83 4309.73 4319.79 4311.73 4310.98 4312.1 4314.93 4314.09 4316.72 4325.89 
4272.29 4269.06 4266.26 4267.22 4287.71 4298.76 4339.45 4331.68 4312.68 4236.9 4004.08 3701.49 3562.07 3596.69 3608.49 3607.6 3611.58 3715.16 3911.45 4067.3 4196.52 4296.03 4324.61 4312.44 4304.48 4311.11 4316.74 4317.51 4322.15 4322.7 
4276.97 4267.67 4268.96 4272.52 4283.44 4288.25 4296.01 4309.15 4266.68 4164.95 3898.16 3634.98 3583.41 3603.77 3646.57 3645.41 3625.88 3667.95 3829.69 4004.66 4160.62 4283.01 4316.12 4307.09 4300.83 4309.93 4316.15 4331.4 4327.21 4333.99 
4286.93 4280.92 4277.4 4274.84 4271.24 4277.37 4297.39 4309.67 4235.98 4115.72 3885.41 3657.48 3612.97 3619.92 3700.97 3798.92 3633.4 3687.17 3797.79 3969.87 4134.44 4263.28 4308.34 4305.39 4309.34 4312.98 4317.13 4320.65 4337.5 4308.36 
4288.98 4298.38 4284.91 4276.8 4274.15 4280.34 4302.68 4320.77 4225.66 4059.12 3873.77 3689.27 3634.49 3614.79 3637.53 3632.17 3608.38 3649.02 3823.32 3996.22 4139.74 4259.37 4317.83 4309.25 4304.23 4318.27 4347.05 4348.64 4324.87 4300.66 
4255.55 4303.8 4295.17 4285.12 4282.01 4290.12 4299.51 4328.25 4276.23 4129.77 3975.66 3805.45 3634.02 3605.21 3611 3606.51 3626.17 3723.13 3901.36 4032.73 4159.83 4255.82 4308.69 4305.9 4296.53 4302.55 4320.9 4315.33 4334.07 4300.42 
4219.27 4282.3 4284.12 4281.87 4278.26 4285.34 4300.58 4320.05 4362.44 4424.58 4165.46 3924.19 3743.4 3680.19 3669.51 3723.51 3817.67 3986.2 4027.64 4119.98 4202.48 4267.63 4310.99 4307.52 4311.96 4314.89 4322.29 4325.17 4318.01 4295.9 
4212.26 4250.6 4283.54 4283.13 4270.91 4251.79 4291.66 4327.98 4366.58 4399.63 4389.56 4061.49 3862.54 3805.37 3816.21 3854.93 3961.55 4004.83 4143.25 4208.59 4247.54 4283.16 4302.74 4315.14 4316.62 4313.01 4319.15 4336.71 4295.05 4297.91 
4210.61 4236.29 4280.79 4283.69 4272.33 4265.86 4278.13 4298.87 4319.28 4342.85 4447.85 4505.64 4179.05 4093.53 4063.73 4086.69 4194.24 4350.54 4332.12 4282.45 4281.1 4290.39 4302.43 4321.73 4328.7 4319.95 4315.8 4337.91 4297.53 4295.89 
4209.01 4222.92 4279.98 4277.97 4271.95 4266.05 4273.88 4284.44 4314.22 4327.46 4341.17 4356.59 4481.32 4474.1 4521.24 4542.78 4476.59 4470.73 4342.55 4305.96 4293.39 4294.19 4297.19 4307.47 4314 4299.44 4286.47 4294.73 4273.09 4275.58 
4213.95 4218.72 4240.36 4264.39 4272.1 4277.57 4279.2 4298.35 4307.6 4299.59 4298.78 4299.11 4306.16 4347.42 4369.88 4354.83 4335.14 4309 4292.81 4296.95 4294.18 4294.23 4304.94 4320.57 4321.02 4307.03 4290.12 4275.76 4267.97 4261.62 
4205.14 4213.8 4250.49 4258.35 4268.7 4280.2 4281.94 4275.14 4278.2 4274.73 4282.6 4286.62 4277.09 4295.89 4304.02 4326.13 4313.11 4303.51 4296.46 4293.31 4297.49 4302.84 4319.18 4340.83 4328.36 4321.72 4322.72 4354.2 4293.3 4269.24 
4209.42 4242.73 4238.57 4248.09 4260.62 4274.78 4280.81 4269.07 4267.71 4270.78 4280.09 4280.27 4276.33 4283.78 4300.23 4307.53 4299.48 4299.71 4294.1 4298.79 4304.64 4316.34 4321.79 4321.18 4314.12 4299.13 4308.65 4336.33 4303.59 4275.88 
4205.74 4204.67 4214.6 4231.15 4246.34 4260.46 4270.34 4273.18 4278.43 4272.01 4279.77 4272.61 4271.43 4280.78 4286.49 4297.45 4288.43 4291.05 4296.33 4298.72 4302.71 4308.97 4319.49 4321.87 4301.32 4283.03 4306.66 4280.74 4292.12 4274.97 
4203.11 4203.25 4205.66 4216.19 4227.4 4237.71 4248.3 4228.09 4249.47 4254.66 4259.18 4266.96 4272.66 4276.98 4299.32 4300.26 4287.89 4296.56 4297.83 4300.85 4299.46 4300.22 4310.65 4299.58 4292.24 4288.57 4280.17 4338.11 4297.91 4275.29 
4213 4217.01 4204.37 4211.09 4215.53 4215.35 4207.49 4210.53 4222.7 4241.2 4253.91 4269.54 4279.78 4286.07 4301.47 4301.09 4293.15 4308.7 4316.93 4307.34 4296.69 4295.32 4301.62 4273.61 4285.8 4319.28 4296.42 4270.52 4276.62 4264.17 
4221.96 4213.13 4210.79 4212.31 4213.38 4211.13 4208.65 4211.37 4225.69 4237.54 4254.97 4276.05 4300.49 4305.02 4309.42 4301.57 4303.51 4305.2 4311.67 4301.71 4287.24 4284.43 4290.89 4277.05 4288.24 4304.85 4281.18 4267.4 4261.06 4258.36 
4214.4 4214.37 4216.53 4216.11 4212.58 4210.26 4212.13 4222.27 4237.52 4243.19 4255.24 4269.65 4285.72 4298.39 4280.11 4283.22 4297.46 4292.89 4274.94 4264.75 4268.97 4268.21 4265.71 4286.57 4294.75 4337.9 4267.34 4245.6 4249.92 4250.11 
4216.11 4218.64 4229.42 4222.92 4217.34 4214.21 4215.89 4247.32 4278.49 4262.26 4257.88 4256.94 4253.91 4276.72 4263.36 4266 4277.66 4273.8 4250.45 4251.6 4255.84 4255.58 4252.03 4259.08 4262.27 4254.51 4254.04 4245.73 4248.48 4249.3 
