real_craters/C063-300m.grd
DSAA
171 171
-25.5325 25.5325
-25.5325 25.5325
3218.901149007 4811.7532447754
[rows 120 to 149 of 171, columns 0 to 66 of 171]
4335.03 4335.49 4336.25 4337.43 4339.15 4340.61 4342.59 4344.34 4345.72 4348.17 4349.99 4350.96 4350.28 4346.32 4342.1 4337.43 4333.27 4328.57 4323.52 4317.74 4314.31 4311.67 4309.61 4307.86 4305.95 4303.92 4301.85 4299.83 4297.75 4294.98 4291.84 4289.43 4288.4 4291.79 4307.88 4322.4 4333.09 4343.12 4344.38 4345.86 4344.08 4340.21 4336.23 4333.17 4330.85 4329.1 4327.41 4325.83 4325.16 4327.14 4321.47 4316.75 4314.04 4313.11 4313.68 4314.79 4315.79 4316.65 4315.92 4316.48 4316.89 4316.96 4316.95 4316.92 4317.05 4318.28 4319.79
4336.97 4336.75 4337.47 4338.69 4340.53 4342.53 4345.06 4348.07 4351.98 4357.84 4350.02 4341.72 4337.6 4340.01 4339.24 4335.84 4331.64 4326.88 4321.06 4315.19 4312.57 4311.22 4310.56 4308.57 4306.31 4304.26 4302.61 4301.95 4299.47 4295.87 4292.53 4290.22 4289.65 4294.11 4318.81 4332.3 4335.87 4339.36 4329.39 4336.85 4338.36 4335.93 4331.3 4332.2 4332.5 4331.94 4331.03 4330.11 4329.6 4329.02 4325.54 4320.74 4317.88 4316.64 4315.84 4315.88 4316.26 4316.76 4316.88 4315.83 4315.71 4315.56 4315.17 4314.45 4313.36 4312.65 4314.67
4337.24 4337.01 4337.94 4339.35 4341.21 4343.53 4346.48 4349.78 4353.36 4353.87 4347.88 4337.56 4336.21 4339.95 4338.6 4335.1 4330.6 4325.49 4320.46 4315.58 4312.62 4311.54 4311 4309.02 4306.41 4304.69 4302.91 4302.31 4300.16 4296.61 4294.3 4293.12 4294.08 4300.14 4318.53 4330.43 4332.47 4328.91 4331.9 4336.33 4337.28 4336.28 4333.28 4335.36 4336.3 4335.65 4334.67 4333.61 4332.46 4330.91 4327.74 4323.82 4321.35 4319.48 4317.99 4317.71 4317.36 4317.42 4317.14 4317.03 4316.75 4314.36 4313.85 4312.84 4312.08 4311.63 4314.02
4334.49 4336.06 4337.51 4339.18 4341.29 4344.5 4347.33 4349.93 4353.25 4355.49 4348.56 4336.91 4339.52 4343.15 4339.4 4335.37 4330.6 4325.46 4320.33 4315.52 4312.46 4311.52 4310.73 4309.06 4307.08 4304.8 4302.37 4300.16 4297.82 4296.77 4295.82 4296.22 4298.73 4305.14 4315.69 4325.99 4332.09 4336.5 4343.13 4339.49 4338.61 4339.58 4343.46 4342.65 4340.17 4338.76 4337.24 4336.07 4334.57 4331.87 4328.84 4327.75 4324.98 4322.26 4320.24 4318.62 4317.59 4317.79 4317.64 4317.15 4315.68 4315.14 4313.55 4313 4312.84 4314.02 4316.01
4333.46 4335.51 4337.46 4339.46 4341.44 4343.64 4345.97 4348.08 4350.01 4351.8 4346.96 4339.48 4339.61 4341.37 4339.27 4335.17 4330.44 4325.5 4320.61 4315.95 4312.69 4311.47 4310.14 4309.46 4307.8 4305.29 4302.7 4300.26 4298.31 4298.09 4297.95 4298.75 4301.44 4306.41 4315.25 4325.2 4333.95 4336.89 4340.23 4336.91 4337.29 4339.82 4342.49 4343.29 4342.65 4341.21 4339.45 4338.14 4337.27 4336.18 4333.91 4329.31 4326.99 4323.79 4321.6 4319.75 4318.36 4317.98 4317.03 4316.24 4315.51 4315.1 4314.95 4314.74 4314.21 4315.52 4317.89
4333.31 4335.07 4336.81 4338.74 4340.67 4342.04 4343.74 4345.18 4345.16 4343.21 4339.91 4338.1 4340.27 4341.69 4339.41 4335.06 4330.56 4325.81 4321.63 4317.97 4314.63 4311.64 4312.2 4312.47 4309.51 4306.55 4303.93 4302.46 4302.42 4300.1 4299.98 4300.82 4303.3 4307.12 4314.29 4326 4333.09 4334.62 4324.41 4328.81 4333.04 4337.58 4341.36 4343.61 4343.87 4341.79 4339.99 4338.93 4339.03 4339.86 4339.44 4333.41 4329.39 4324.93 4321.84 4319.51 4317.92 4316.51 4316.7 4315.9 4316.33 4316.09 4315.5 4315.74 4316.29 4318.47 4322.5
4332.72 4334.1 4335.61 4337.44 4339.02 4340.43 4341.03 4341.43 4341.11 4339.08 4338.11 4341.2 4340.63 4343.12 4338.78 4334.36 4329.99 4325.88 4322.24 4319.56 4316.7 4309.32 4311.73 4312.97 4309.5 4307.26 4305.11 4302.77 4300.13 4300.46 4301.68 4302.98 4304.63 4307.19 4312.3 4319.09 4325.62 4327.5 4320.93 4322.73 4327.97 4334.51 4342.27 4347.49 4343.56 4340.37 4338.2 4337.28 4337.68 4340.03 4343.35 4337.22 4329.98 4324.22 4320.81 4318.26 4317.63 4315.76 4315.38 4314.64 4315.89 4316.08 4316.72 4317.31 4318.06 4318.6 4319.49
4332.11 4333.25 4334.58 4335.81 4336.96 4337.89 4337.84 4338.12 4337.93 4338 4338.13 4332.76 4336.6 4337.97 4335.77 4332.5 4328.96 4325.36 4321.8 4318.29 4314.51 4311.42 4309.39 4307.58 4308.98 4308.76 4307.64 4305.53 4301.42 4303.9 4305.32 4305.61 4306.04 4307.89 4310.6 4309.17 4315.37 4320.83 4318.62 4317.31 4321.39 4328.18 4336.23 4342.24 4338.2 4335.2 4333.44 4332.47 4331.98 4332.34 4333.28 4328.18 4325.91 4321.99 4319.46 4317.92 4316.45 4316.58 4316.36 4315.83 4315.99 4317.48 4318.32 4319.69 4321.1 4322.33 4323.83
4331.45 4332.46 4333.36 4334.19 4334.92 4335.49 4335.29 4335.46 4335.14 4335.44 4336.02 4333.83 4332.76 4332.82 4331.89 4329.89 4327.58 4325.09 4321.81 4317.29 4311.72 4312.44 4312.07 4310.57 4310.62 4310.47 4310.98 4312.07 4315.16 4313.79 4311.03 4308.37 4305.91 4303.97 4302.6 4305.85 4307.55 4312.67 4308.24 4308.1 4312.98 4318.81 4324 4325.91 4327.65 4327.95 4327.6 4326.66 4324.81 4321.37 4315.42 4319.08 4321.21 4319.71 4318.68 4317.66 4316.39 4316.09 4315.73 4316.73 4317.21 4318.05 4319.47 4322.1 4325.39 4329.69 4337.38
4331.29 4331.67 4332.04 4332.38 4332.65 4333.34 4332.92 4332.59 4332.31 4331.48 4329.85 4328.14 4328.7 4328.88 4327.86 4327.22 4326.42 4324.97 4322.84 4320.14 4317.94 4319.41 4316.76 4315.12 4312.35 4312.66 4313.89 4317.01 4320.64 4320.13 4315.62 4310.6 4305.89 4300.77 4294.77 4296.43 4298.6 4301.75 4299.54 4300.04 4305.16 4310.24 4313.16 4313.41 4317.52 4320.79 4322.1 4321.64 4319.5 4315.52 4310.85 4315.63 4317.91 4317.45 4317.26 4316.66 4316.23 4315.78 4315.72 4316.97 4318.76 4320.78 4322.49 4324.47 4328.34 4333.67 4340.66
4331.49 4331.22 4331.11 4331.03 4331.12 4330.98 4330.52 4329.82 4329.32 4328.35 4327.1 4326.48 4325.58 4323.41 4323.39 4325.27 4325.71 4325.38 4324.75 4324.47 4324.98 4324.12 4318.88 4313.38 4311.28 4311.7 4314.35 4318.46 4323.07 4323.66 4317.62 4312.27 4307.19 4302.29 4296.76 4293.68 4292.01 4293.68 4292.52 4293.63 4300.58 4305.25 4307.47 4307.92 4311.75 4315.88 4318.01 4318.16 4316.79 4314.12 4312.43 4314.81 4316.35 4316.39 4316.43 4316.36 4316.41 4316.53 4316.59 4317.91 4318.79 4320.77 4323.07 4326.46 4329.98 4334.26 4339.57
4331.25 4330.55 4330.03 4329.63 4329.12 4328.72 4328.41 4328.21 4327.18 4326.19 4324.99 4325.4 4324.83 4323.43 4323.71 4325.59 4325.92 4325.79 4325.79 4326.7 4329.4 4327.59 4317.62 4310.64 4307.45 4308.94 4312.05 4316.54 4320.19 4320.89 4316.03 4312.74 4309.45 4306.63 4305.19 4300.51 4294.5 4293.28 4294.07 4296.4 4301.74 4304.7 4306.43 4307.42 4310.52 4314.05 4316.14 4317.14 4316.87 4315.76 4313.28 4314.6 4315.29 4315.11 4315.38 4315.72 4315.89 4316.32 4316.73 4317.64 4318.74 4320.58 4323.37 4326.34 4329.93 4333.97 4336.73
4330.79 4330.06 4329.58 4329.01 4328.47 4327.91 4327.72 4326.95 4325.79 4324.76 4324.11 4324.67 4325.5 4327.39 4328.98 4327.5 4326.31 4325.42 4324.87 4325.02 4324.94 4320.34 4312.11 4303.9 4302.44 4305.54 4308.84 4312.13 4313.69 4310.74 4312.79 4311.53 4309.85 4309.28 4309.15 4306.3 4297.87 4295.94 4299.92 4307.6 4305.26 4305.79 4307.59 4309.72 4312.39 4314.94 4316.42 4317.11 4317.7 4318.85 4319.58 4315.88 4314.71 4314.31 4314.64 4314.51 4314.82 4315.29 4315.82 4316.84 4318.25 4320.16 4322.41 4325.61 4329.7 4334.16 4338.66
4330.18 4329.68 4329.07 4328.32 4327.69 4326.92 4326.21 4325.53 4324.86 4323.98 4323.2 4323.41 4325.58 4328.39 4330.38 4327.82 4325.77 4324.11 4322.45 4320.74 4318.12 4309.94 4306.42 4303.15 4302.19 4303.63 4306.03 4308.44 4311.02 4314.87 4310.78 4309.44 4309.11 4309.16 4309 4306.38 4297.13 4295.51 4299.36 4304.99 4304.48 4305.87 4308.92 4312.87 4315.75 4316.76 4316.79 4317.17 4318.08 4319.62 4320.35 4314.47 4314.04 4314.13 4314.13 4314.08 4314.44 4314.36 4315.07 4316.54 4317.7 4319.53 4321.58 4324.67 4328.52 4333.83 4340.58
4329.55 4329.01 4328.22 4327.42 4326.82 4326.02 4325.25 4324.54 4323.97 4323.9 4324.66 4323.78 4325.01 4326.39 4326.61 4326.01 4324.36 4322.11 4319.56 4316.13 4310.91 4305.39 4303.66 4302.31 4301.62 4302.24 4303.46 4304.75 4305.59 4304.47 4305.64 4306.49 4307.11 4307.17 4306.01 4302.81 4294.16 4293.36 4295.31 4295.37 4300.07 4304.14 4308.74 4315.19 4320.71 4317.4 4316.26 4316.35 4316.96 4317.61 4316.98 4313.48 4314.24 4314.03 4314.1 4314.27 4314.59 4314.56 4315.29 4314.8 4316.11 4317.75 4320.33 4322.89 4326.24 4330.81 4336.72
4329.12 4328.43 4327.7 4327.06 4326.27 4325.42 4324.37 4323.58 4322.89 4322.27 4322.34 4323.67 4323.57 4324.43 4325.07 4324.2 4322.41 4320.44 4317.54 4313.68 4308.98 4305.98 4303.93 4302.42 4301.44 4301.47 4301.76 4301.77 4301.05 4299.9 4301.05 4303.16 4304.9 4305.34 4304.15 4302.28 4295.89 4293.08 4294.43 4295.58 4298.04 4301.83 4305.87 4310.59 4314.67 4313.21 4313.67 4314.54 4315.05 4314.89 4315.29 4316.68 4315.79 4314.86 4314.05 4314.12 4314.06 4314.63 4315.03 4315.2 4316.19 4316.68 4318.11 4319.21 4321.39 4324.19 4327.41
4328.85 4328.17 4327.58 4326.84 4325.88 4324.96 4324.01 4322.79 4321.87 4321.01 4320.43 4319.98 4321.3 4322.38 4323.1 4322.16 4320.87 4318.96 4316.37 4313.1 4309.82 4307.49 4305.33 4303.48 4302.31 4301.3 4300.97 4300.36 4299.27 4297.33 4298.66 4301.66 4303.47 4304.42 4304.65 4305.25 4300.2 4297.67 4297.02 4296.19 4297.47 4299.71 4301.94 4302.95 4300.64 4306.61 4310.54 4312.81 4313.63 4313.15 4313.28 4315.58 4314.95 4313.61 4313.19 4313.4 4312.66 4313.25 4313.44 4314.15 4314.95 4315.04 4315.52 4316.27 4316.38 4316.49 4315.33
4328.67 4328.02 4327.36 4326.53 4325.49 4324.59 4323.59 4322.66 4321.5 4320.29 4319.39 4319.66 4320.1 4320.71 4320.28 4320.22 4319.84 4318.45 4316.31 4313.66 4311.14 4309.45 4307.11 4304.35 4301.92 4301.06 4300.78 4300.82 4300.43 4300.04 4300.93 4302.38 4303.48 4304.27 4305.02 4306.68 4306.93 4304.67 4300.47 4298.7 4298.01 4297.99 4299.66 4300.18 4298.71 4304.78 4309.54 4312.03 4313.3 4313.89 4313.66 4313.19 4312.57 4311.49 4311.3 4311.38 4312.24 4312.86 4311.95 4312.6 4313.16 4312.92 4313.14 4312.55 4311.8 4309.96 4305.95
4328.49 4327.64 4327.01 4326.04 4325.27 4324.56 4323.58 4322.54 4321.38 4320 4319.8 4319.29 4319.84 4320.69 4320.55 4320.38 4320.07 4318.9 4316.98 4314.65 4312.75 4311.49 4309.06 4305.67 4302.81 4302.14 4302.3 4302.35 4302.46 4303.39 4304.24 4303.92 4303.76 4303.65 4303 4302.21 4305.6 4307.38 4300.98 4295.85 4293.34 4296.23 4299.53 4302.82 4306.05 4309.66 4311.19 4312.11 4312.96 4313.63 4312.2 4310.19 4308.01 4307.47 4308.33 4309.58 4310.95 4311.2 4312.13 4312.85 4311.39 4311.28 4311.02 4309.92 4308.55 4306.2 4302.78
4328.13 4327.56 4326.68 4325.93 4325.4 4324.52 4323.66 4322.73 4321.79 4321.21 4320.5 4321.19 4322.15 4322.11 4321.85 4321.62 4321.51 4320.21 4318.07 4315.65 4313.57 4312.13 4309.88 4307.2 4305.04 4303.99 4304.29 4304.52 4304.82 4304.44 4303.96 4304.62 4303.95 4302.85 4301.47 4299.13 4302.65 4301.18 4298.63 4294.22 4292.28 4295.32 4300.5 4306.45 4313.82 4315.38 4312.73 4311.2 4311.02 4311.79 4308.41 4303.39 4301.16 4303.07 4305.19 4307.22 4309.06 4310.68 4311.76 4312.46 4311.56 4311.44 4310.87 4308.28 4306.68 4304.75 4302.68
4328.17 4327.64 4327.07 4326.6 4325.8 4325.06 4324.21 4323.39 4322.3 4321.07 4320.99 4321.9 4322.92 4323.53 4324.64 4325.14 4324.42 4322.11 4319.43 4316.81 4314.47 4312.45 4310.55 4308.83 4306.8 4306.29 4307.03 4306.99 4307.16 4307.75 4309.96 4305.53 4304.05 4303.02 4301.92 4299.17 4298.15 4299.99 4297.61 4293.62 4290.38 4295.4 4301.24 4307.46 4313.2 4314.79 4311.75 4307.83 4305 4305.37 4301.67 4298.68 4298.23 4299.57 4302.74 4305.52 4307.92 4309.41 4310.37 4311.21 4311.38 4311.21 4309.61 4308.29 4306.82 4305.11 4303.18
4328.37 4327.97 4327.4 4326.65 4325.98 4325.05 4324.48 4324.06 4323.63 4322.16 4321.57 4321.22 4321.28 4324.31 4327.87 4330.45 4327.3 4323.7 4320.44 4317.65 4314.99 4312.91 4311.6 4310.84 4311.51 4312.2 4310.34 4309.03 4308.46 4308.12 4306.73 4305.53 4303.67 4302.44 4301.41 4297.65 4296.3 4300.48 4298.46 4295.43 4294.69 4296.9 4301.68 4306.93 4312.61 4314.61 4308.53 4302.74 4296.6 4289.8 4292.3 4292.62 4291.99 4297.48 4302.08 4305.31 4307.36 4308.58 4309.41 4310.26 4310.23 4309.85 4309.41 4308.35 4306.99 4305.07 4303.7
4328.6 4327.97 4327.3 4326.64 4325.85 4325.35 4324.75 4324.46 4324.87 4325.81 4322.62 4321.7 4322.11 4324.74 4328.21 4330.43 4327.8 4323.97 4320.42 4317.3 4314.54 4312.21 4310.86 4311.2 4313.11 4313.58 4311.69 4309.88 4308.34 4307.01 4305.8 4304.93 4303.49 4301.59 4299.37 4296.22 4297.39 4299.58 4299.13 4297.53 4295.97 4298.79 4301.7 4304.81 4307.47 4307 4303.25 4298.02 4292.63 4288.71 4290.64 4292.96 4294.53 4300.09 4304.11 4306.4 4307.96 4308.6 4309.19 4309.42 4309.25 4308.83 4308.69 4307.76 4306.65 4305.65 4304.41
4329.14 4328.4 4327.61 4326.88 4325.94 4325.21 4324.5 4323.91 4323.05 4321.59 4322.3 4322.06 4322.43 4324.22 4326.72 4328.37 4326.07 4322.7 4319.49 4316.45 4313.61 4310.95 4308.59 4310.09 4311.78 4312.32 4312.01 4310 4307.89 4305.67 4303.16 4303.7 4303.48 4302.69 4299.36 4299.23 4300.52 4303.16 4301.01 4299.92 4301.89 4301.23 4301.19 4302.2 4302.55 4301.48 4298.11 4294.46 4291.33 4290.77 4293.46 4298.77 4304.53 4308.15 4308.54 4308.63 4308.53 4308.47 4308.63 4309 4308.71 4308.57 4308.03 4307.29 4306.48 4305.86 4305.11
4329.71 4328.77 4327.86 4327.08 4326.18 4325.35 4324.34 4323.4 4322.81 4322.96 4322.39 4322.32 4322.28 4323.34 4324.39 4324.13 4322.47 4320.45 4317.97 4315.55 4312.97 4310.63 4309.37 4309.91 4311.97 4314.22 4311.8 4309.61 4307.33 4305.08 4303.19 4303.51 4305.29 4306.85 4308.5 4310.57 4326.25 4314.29 4303.08 4300.89 4299.53 4299.21 4299.97 4300.29 4299.23 4295.65 4294.74 4292.3 4289.95 4290.86 4296.2 4304.2 4314.03 4314.49 4312.04 4310.37 4309.36 4308.83 4308.57 4308.21 4307.83 4308.16 4307.67 4307.12 4306.6 4306.2 4305.93
4330.17 4329.03 4328.02 4327.1 4326.19 4325.09 4324.03 4323.03 4322 4321.51 4322.35 4323.02 4323.57 4323.91 4323.03 4320.62 4319.43 4318.75 4316.8 4314.09 4312.58 4310.76 4309.2 4309.12 4310 4310.16 4309.61 4308.64 4307.43 4306.04 4304.32 4305.27 4307.73 4310.2 4313.43 4310.29 4324.3 4316.89 4307.08 4302.22 4298.89 4298.19 4300.24 4300.53 4299.29 4297.62 4294.67 4292.08 4289.76 4291.21 4297.95 4305.66 4312.55 4315.13 4312.98 4310.98 4309.79 4309.04 4308.41 4308.03 4307.66 4307.55 4307.23 4306.94 4306.97 4306.76 4306.75
4330.29 4329.35 4328.1 4326.96 4326.05 4324.98 4324.03 4323.11 4321.73 4321.46 4322.64 4323.88 4325.3 4325.51 4323.21 4320.58 4319.18 4318.73 4317.63 4315.73 4313.54 4311.31 4309.29 4308.53 4308.6 4308.29 4308.33 4308.15 4307.79 4307.26 4307.85 4309.47 4310.42 4311.53 4313.44 4319.19 4316.7 4313.03 4307.49 4304.39 4302.54 4302.12 4304.04 4303.16 4300.81 4297.77 4295.58 4294.17 4293.29 4294.98 4299.78 4305.39 4311.34 4312.82 4310.86 4310.06 4309.56 4309.22 4308.79 4308.57 4308.14 4307.7 4308.01 4308 4307.75 4307.55 4307.63
4330.04 4329.14 4328.22 4326.84 4325.96 4325.13 4324.37 4323.86 4322.84 4322.23 4323.07 4324.13 4325.48 4325.81 4323.31 4321.29 4320.24 4319.85 4319.25 4317.68 4315.06 4312.38 4309.99 4308.68 4308.52 4308.21 4308.32 4308.47 4308.51 4308.84 4309.51 4310.65 4312.33 4313.67 4315.86 4318.2 4316.32 4311.08 4305.93 4307.17 4310.12 4312.85 4310.97 4307.78 4303.97 4300.21 4298.2 4297.98 4298.51 4299.8 4301.93 4304.14 4304.73 4304.69 4307.27 4308.55 4309.14 4309.4 4309.48 4309.45 4309.16 4309.14 4308.96 4308.61 4308.43 4308.39 4308.13
4330.01 4329.21 4328.34 4326.81 4325.87 4325.02 4324.74 4324.6 4325.98 4323.5 4323.33 4323.61 4323.76 4323.09 4322.13 4321.35 4320.95 4320.89 4321.38 4319.75 4316.35 4313.4 4311.43 4310.57 4309.13 4309.17 4309.49 4309.37 4309.76 4310.48 4311.5 4312.96 4313.31 4315.01 4317.06 4317.58 4315 4309.84 4306.79 4310.79 4316.17 4321.26 4317.45 4312.68 4307.96 4303.79 4301.94 4303.27 4303.68 4304.52 4304.71 4304.53 4303.58 4303.35 4305.68 4307.61 4308.7 4309.41 4309.79 4309.96 4309.98 4309.93 4309.3 4309.16 4309.02 4308.74 4308.58
4329.22 4328.42 4327.64 4326.94 4325.68 4325.07 4324.17 4323.41 4322.1 4322.98 4323.04 4322.92 4322.17 4320.63 4320.88 4320.75 4320.27 4320.39 4320.98 4319.67 4316.36 4313.55 4311.11 4308.57 4309.11 4309.24 4309.24 4309.83 4310.68 4311.75 4312.89 4314.94 4313.98 4315.41 4317.9 4319.6 4319.13 4317.74 4315.44 4314.32 4318.53 4323.09 4321.14 4316.65 4312.18 4308.13 4306.44 4309.74 4313.28 4310.63 4307.89 4306.3 4305.46 4305.74 4306.14 4307.42 4308.6 4309.34 4309.81 4310.24 4310.31 4310.28 4310.19 4310.05 4309.85 4309.75 4309.59
