real_craters/C064-500m.grd
DSAA
106 106
-26.2675 26.2675
-26.2675 26.2675
10320.786254466 11524.424791851
[rows 30 to 59 of 106, columns 0 to 66 of 106]
11152.1 11152 11152.5 11152.9 11152.7 11152.7 11151.9 11141.9 11143.3 11144.8 11143.1 11143.1 11143.6 11144.6 11145.7 11147.1 11148 11150.4 11154.1 11160.5 11170.5 11166.4 11165.8 11168.4 11172.2 11178.8 11187.3 11193.4 11189.2 11187.9 11185.1 11184.6 11184.6 11185.3 11186.3 11187.4 11188.4 11188 11185.2 11183 11179.3 11175.1 11171.4 11171 11168.6 11165.2 11167.2 11169.5 11171.3 11173.7 11173 11174.5 11169.2 11169.3 11176 11179.4 11176 11162.8 11149.1 11148.5 11149.6 11149.1 11148 11146.7 11145.9 11145.9 11146.2
11157 11155.1 11154.7 11154.7 11154.6 11154.2 11152.2 11148.6 11145.4 11144.5 11143.8 11145.5 11148.1 11150.1 11149.3 11150.5 11152.3 11153.4 11156 11160.2 11161.6 11166.2 11166.8 11168.7 11171.1 11175.2 11182.2 11187.2 11184.7 11182.5 11182.1 11181.5 11181.9 11181.9 11182 11185.5 11187.4 11189.3 11191.5 11189 11185.8 11183 11180 11174.2 11173.9 11177 11177.3 11180.5 11184.2 11189.2 11196.5 11204.5 11208.6 11203.8 11199.4 11202.2 11192 11172.5 11157.1 11155.6 11154.3 11153.1 11151.5 11149.7 11147.9 11148.1 11153.9
11164.3 11159.9 11158.1 11157.2 11156.8 11155.9 11154.6 11153.3 11148.7 11147.4 11147.4 11148.7 11149.3 11148.9 11151.7 11153.8 11154.1 11155.6 11156.2 11157.7 11161 11162.5 11164.9 11166.7 11167.6 11168.3 11168.3 11171.3 11174.5 11176.2 11176.8 11177 11177.3 11178.5 11180.9 11183.7 11186.6 11190.9 11193.9 11192.7 11192 11190.7 11185.1 11181.6 11178.9 11179.6 11186.8 11193.8 11202.1 11209.1 11214.1 11224.9 11239.7 11225.6 11209.2 11197 11182.6 11174.2 11173.8 11164.2 11161.2 11159.2 11156.5 11152.9 11148.5 11142.5 11138.2
11172.9 11165.5 11162.3 11160.1 11158.8 11157.9 11156.8 11157.6 11153.8 11153.5 11153.2 11153.2 11153.4 11154.5 11155.9 11157.3 11157.4 11157.1 11156 11153.7 11154.4 11159.3 11162.7 11164.6 11165.3 11163.6 11158.2 11161 11167.7 11171.1 11171 11170.8 11171 11172.2 11176.4 11180.1 11185.3 11189.3 11189.7 11195.9 11200.2 11201.6 11195.9 11191.4 11183.6 11187.7 11198.4 11210.6 11219.6 11226.5 11226.1 11227 11231.9 11223.4 11209.9 11190.7 11171 11166.7 11164.6 11171.1 11172 11170 11166.5 11160.7 11153.5 11143.2 11140.3
11181.6 11171.4 11166.3 11163 11161.1 11160.1 11159.7 11158.5 11156.4 11160.1 11158.3 11158.1 11159.1 11160.4 11161.2 11161.7 11161.1 11159.9 11158.4 11153.8 11153 11159 11162 11164 11165.2 11166.4 11164.9 11164.6 11166.2 11167 11167.2 11165.9 11165.3 11164.7 11165 11172.4 11185.2 11193.2 11192.8 11203.7 11213.1 11217 11211.9 11204 11192.8 11197.1 11213.3 11227.4 11240.4 11245.3 11239.6 11221.2 11204.7 11218.3 11216.8 11199.9 11179.3 11185.4 11184 11188.1 11187.5 11185 11179.8 11174.1 11166.7 11156.4 11154.4
11187.4 11175.7 11168.9 11165.4 11163.5 11161.8 11160.7 11160.2 11158.9 11158 11159.7 11162.3 11164.8 11166.6 11167.4 11165.5 11163.9 11163 11163.1 11168.3 11165.6 11162.2 11162.8 11164.5 11166.6 11170.8 11177.2 11172 11168.1 11166 11163.7 11162.1 11160.7 11159.3 11158.6 11169.1 11189.5 11206.1 11207.4 11220.1 11230.3 11235.4 11231.9 11220.3 11211.3 11216.2 11232 11248.6 11261.9 11270.8 11267.3 11238.9 11218.3 11238.4 11241.8 11235.4 11231.2 11232.2 11223.5 11210.8 11205.5 11201.3 11195.9 11190.6 11184.4 11176.6 11173.6
11183.7 11174.1 11171.1 11168.9 11166.7 11164.3 11161.7 11161.7 11165 11162.7 11162.3 11165.8 11169.8 11174.6 11173 11169.2 11166.3 11164.1 11162.5 11162.6 11163.6 11162.5 11162.7 11164.3 11166.8 11169.6 11168.9 11170 11167 11164.4 11161.1 11159.5 11157.4 11157 11160.5 11171.8 11191.4 11217 11230 11240.2 11251.6 11260.7 11247.9 11240.6 11235.9 11240.8 11252.9 11265.8 11279.1 11298 11313.4 11308.4 11288.4 11291.7 11278 11263.4 11236.2 11218.5 11226 11227.8 11222.5 11215.4 11209.4 11204.2 11200.4 11198.6 11193.1
11185.7 11176.9 11174.8 11173 11171.1 11168.6 11165 11162.3 11165.7 11167.4 11167.7 11169.6 11171.7 11172.8 11172.1 11171.3 11168.9 11165.3 11161.1 11157.2 11158.7 11160.8 11162.4 11164.2 11166.8 11170 11171.3 11168.8 11166.3 11164 11161.9 11159.5 11158.1 11157.6 11159.6 11168 11187.6 11209.7 11237 11255.9 11270.8 11266.5 11276.7 11276.8 11270.2 11271.2 11268.6 11265.4 11274.4 11306.9 11363.1 11441.3 11422.4 11348.4 11306.1 11286.2 11250.2 11232.4 11251 11249.2 11237.9 11228 11220.5 11214.8 11211.6 11210.9 11201.7
11194.7 11185.6 11181.6 11178.8 11177.2 11176.1 11175.1 11173.8 11172.4 11173.5 11173.1 11173.8 11174.4 11173.6 11173.3 11174.1 11172.1 11168.6 11162.8 11157.4 11158.8 11160.2 11161.3 11163.1 11165.7 11169.5 11171.9 11168.8 11165.4 11162.8 11160.6 11159.5 11159.3 11160.2 11161.8 11169 11192.8 11220.5 11249.9 11268.9 11282.2 11300.1 11308.7 11331.4 11331.3 11309.2 11273 11241.5 11244.3 11266.9 11329.4 11438.8 11418 11330.5 11289 11297.4 11345.3 11394.4 11313.4 11266.3 11243.9 11233.4 11227.2 11222 11217.5 11224.9 11204.6
11197.4 11194.5 11187.4 11183.8 11182.7 11182.8 11186.1 11195.3 11185.5 11179.9 11178.6 11177.6 11178.3 11179.6 11181 11179.6 11177.8 11174.7 11170.5 11163.6 11163.3 11162.1 11161.1 11160.6 11161.7 11165.7 11167.9 11164.5 11162.2 11161.1 11162.4 11162.6 11164 11166.6 11170.9 11180.8 11210.9 11258.5 11277.6 11279.4 11284.5 11296.8 11321.1 11371 11414.6 11326.2 11243.8 11188.2 11163.8 11166.6 11182.7 11207.4 11222.9 11207.5 11199 11229.9 11266 11311.6 11274.5 11234.5 11218 11215.4 11220.3 11223.2 11222.8 11209.2 11204.8
11196.4 11190.6 11188.4 11187.5 11186.2 11185.6 11185.5 11182.6 11174.3 11175.9 11178.1 11178.3 11180.8 11185.1 11188.6 11185.3 11182.2 11180.4 11180 11180 11169.3 11163.4 11160 11156.8 11154 11153.8 11157.3 11157.8 11159.5 11159.2 11162.8 11165.4 11169 11174.9 11185.1 11200.7 11225.7 11267.8 11282.3 11274.3 11265.6 11265.9 11280.7 11316.8 11342.3 11255.8 11159.2 11098.6 11061.2 11028 11003.9 10976 11013.7 11042.8 11064.1 11098.9 11108 11120.4 11150.8 11151.5 11159.6 11179.2 11205.4 11228.9 11238 11225.2 11230.1
11200.5 11196.1 11193.4 11192.6 11190.8 11188.2 11183.8 11178.1 11175.5 11173.5 11171.8 11175.3 11181.2 11186.7 11189.3 11188.6 11185.4 11181.4 11177.4 11174.4 11168.4 11163 11158.6 11154 11147.4 11136 11141.8 11151.8 11156.4 11162.4 11164.8 11168.1 11173.3 11181.5 11195.2 11218.2 11233.7 11265.6 11270.6 11252.2 11226.8 11207.6 11194.9 11171.3 11143.2 11112.2 11045.2 10989.7 10944.1 10889.7 10843.8 10825.6 10840 10876.2 10925.7 10951.2 10982 11016.6 11014.2 11040.5 11077.5 11125.3 11182.7 11245.1 11293.9 11281.2 11289.8
11205.6 11206 11201.9 11198.6 11194.8 11190.8 11184.6 11177.9 11177.2 11174.1 11169.2 11172.6 11181 11188.8 11192.1 11193 11187.4 11180.1 11171.8 11166.7 11164.6 11161.5 11158.7 11155.6 11151.3 11143.9 11147.6 11153.7 11159.8 11163.7 11169.4 11173.9 11178 11185.9 11197.2 11213.3 11237.4 11267.7 11257.5 11223.7 11177.8 11142.2 11095.2 11036.9 10992.7 10966.3 10923.1 10868.7 10816.5 10750.6 10685.2 10649.6 10683.4 10728 10770.1 10791.6 10803.3 10799.3 10853.8 10913.3 10978.5 11052.7 11140.7 11248.1 11376.2 11420.4 11371.7
11207 11211.9 11208.9 11203.2 11197.9 11193.6 11187.8 11184.3 11182.4 11178 11171.2 11172.7 11183.2 11194.2 11204.1 11198.9 11187.8 11177.2 11170.3 11164.3 11161.1 11160 11159.5 11159.3 11158.8 11165.3 11162.2 11164.1 11168.7 11171.7 11178.5 11180.4 11186 11191.7 11196.7 11207.1 11234 11271.7 11242.3 11188.3 11125.3 11072.9 11003.5 10926.2 10876.9 10846.6 10804.3 10754.2 10702.4 10629.2 10556.1 10518.2 10556.3 10594.6 10633.2 10644.8 10644.2 10644.8 10704.4 10787.1 10874 10964.9 11070.5 11195.8 11357.4 11483.1 11419.6
11207 11209.2 11211.3 11207 11200.6 11195.7 11192.9 11194.1 11203.4 11202.7 11183.8 11178.3 11187.8 11197.8 11205.5 11200.6 11185.8 11171.7 11158.5 11156.3 11157.3 11158.3 11159.6 11161.5 11162.6 11166.4 11168.4 11169.6 11174 11182.3 11188.3 11194 11199.3 11203.4 11205.1 11208 11228.8 11261.7 11221.7 11153.5 11073.9 11010.2 10927.4 10847.5 10789.2 10750.4 10705.7 10656.2 10607.2 10536.8 10469.1 10439.9 10464.8 10497.5 10525.2 10530.8 10519.2 10518.6 10587 10673.9 10764.2 10858.7 10962.3 11080.6 11228.3 11418.8 11399
11209 11208.5 11211.8 11209.3 11204.2 11198.7 11195.3 11196.1 11207.5 11220.5 11200.1 11189.8 11193.6 11198.2 11201 11194.7 11180.9 11166.8 11155.2 11152.7 11154.2 11156.4 11159.3 11162.8 11163.3 11167.8 11172.3 11176.1 11180.5 11185.5 11192.1 11199 11206.1 11212.6 11221.1 11222.7 11239.8 11259.3 11202.5 11121.3 11030.4 10954 10857.5 10775.5 10715 10670.1 10625.2 10575.6 10532.8 10470.4 10414.2 10391.1 10405.2 10428.6 10448.1 10453.8 10456.4 10458.5 10509 10586 10670 10757.4 10848 10951 11090.7 11292.2 11323.7
11210 11208.6 11211.4 11210.6 11206.9 11200.9 11196.4 11190.7 11188 11204.9 11206.3 11204.4 11198.6 11197 11193.3 11185.9 11175.5 11164 11155.3 11152.2 11153.2 11156 11160 11164.7 11167.2 11171.4 11175.8 11179.4 11185.1 11191.2 11197.6 11205.7 11213.6 11224.3 11236 11249.3 11260.3 11254.4 11187.3 11097.2 11012.5 10908.7 10803.8 10702.6 10651.6 10608.7 10563.2 10534 10477.4 10422.2 10376.4 10358.6 10364.3 10386 10398.1 10403.6 10404.4 10415.4 10455.9 10517.1 10587.2 10662.1 10742.2 10832.9 10974.2 11170.3 11236.3
11211.8 11212.5 11214.8 11212.7 11207.7 11202.2 11197.8 11193.4 11183.2 11191.7 11199.1 11198.4 11198.1 11196.3 11191 11182.6 11171.8 11161.2 11153.7 11152 11153.1 11156.1 11160.3 11165.9 11171 11177.1 11178.9 11183.2 11189.3 11194 11202.2 11211.5 11222.5 11236.8 11255 11279.3 11275.7 11246.5 11174.1 11077.7 10968.4 10875.9 10771.6 10688.3 10616.9 10563.1 10519.7 10471.8 10437.3 10387.2 10345.4 10334.6 10340.3 10356.7 10369.7 10379.3 10383.3 10392 10421 10466.1 10520.9 10582.3 10653.7 10746.6 10889.6 11074 11159.4
11214.7 11213.4 11216.8 11213.2 11206.6 11200.6 11196.6 11194.2 11191.5 11196.5 11192.8 11191.2 11199.9 11199.9 11191.5 11178.5 11171.4 11160.8 11153.1 11152.7 11154 11157.3 11161.1 11165.5 11167.8 11173.2 11179.1 11183.8 11190.2 11196 11204.4 11213 11224.7 11238.2 11255.4 11276.9 11289.7 11255.2 11167.6 11060 10942.3 10843.9 10734.2 10640.8 10584.8 10532 10485.6 10441.2 10410.5 10364.6 10326.1 10321.5 10329.5 10342.5 10361.3 10376.1 10386.7 10383.7 10401.7 10433.6 10476.4 10527.4 10590.7 10682 10868.9 11014.6 11103
11218.7 11217.5 11216.5 11210.2 11203 11196.6 11191.3 11186.7 11186.5 11187.9 11196.6 11208.9 11215 11208.5 11198.9 11190.7 11176.1 11164 11156.8 11155.6 11156.6 11158.8 11161.6 11165.5 11169.7 11173.6 11179.3 11185.6 11192.5 11199.8 11207.5 11216 11225 11235.6 11244.9 11247.1 11272.6 11260.8 11167.8 11052.4 10943.5 10820.2 10699.3 10609.9 10556.6 10510.9 10466.8 10426.2 10399.1 10357.9 10323.7 10320.8 10329.5 10346.1 10358.9 10371.6 10377.7 10376 10386.8 10411 10445.3 10487.5 10541.3 10618.2 10807.3 10964.5 11062
11217 11218.1 11213.3 11204.3 11198.1 11191.6 11185.4 11181.1 11179.9 11184.4 11204.8 11236 11231.5 11214.3 11201.2 11189.5 11178.1 11167.4 11161 11159.5 11159.7 11160.8 11161.9 11162.9 11168.6 11172.3 11176.9 11183.6 11190.9 11198 11206.6 11214.6 11222.1 11229.7 11240.3 11255.7 11257.2 11256.4 11167.7 11049.7 10934.3 10806.1 10678.4 10589.5 10542 10499.8 10460.1 10423.3 10389.2 10365.5 10336.5 10331.4 10335.8 10351.1 10361 10370.2 10371.7 10370.8 10377.6 10398 10426.3 10463.1 10512.8 10587.9 10783.4 10931.7 11038.5
11216.4 11218.7 11214 11203.8 11197.1 11189.4 11181.3 11176.5 11179.1 11184.8 11200 11225.5 11223.9 11209.3 11196.3 11187.6 11176.1 11168.2 11164.5 11163.4 11163.4 11163.3 11162 11158.3 11159.8 11167.2 11174.7 11182.6 11190.5 11195.9 11201.4 11208.3 11214 11220.5 11229.7 11245.7 11272.2 11267.1 11172.4 11049.5 10930.8 10804.2 10686.6 10598.5 10542.9 10497.9 10461.1 10429.1 10400.4 10380.9 10355.1 10347.8 10346.4 10357.6 10364.2 10374.2 10372.3 10368.8 10378.9 10391.2 10414.6 10449.7 10500.8 10582 10770.5 10910.3 11021.7
11218.1 11225.2 11222.8 11209 11202.2 11192.9 11181.5 11175.4 11176.9 11179.1 11187 11197.4 11199.4 11196 11186 11172 11166.2 11167.3 11167.2 11167.2 11167.6 11167.4 11164.9 11157.1 11152.6 11165.8 11176.9 11185.8 11191.6 11197.5 11199.7 11203.5 11207.3 11211.8 11215.4 11221.5 11254.6 11267.9 11174 11049 10926.4 10804.3 10701.5 10611.8 10547.5 10499.8 10464.6 10437.5 10415 10402.2 10378.2 10365.3 10358.1 10364.5 10364.3 10366 10363.9 10363.9 10370.7 10384 10403.9 10436.8 10489.5 10580.5 10754.3 10891.9 11011.3
11215.1 11229.3 11237.5 11222.3 11213.3 11203.2 11190.9 11184.4 11184.9 11188 11191.2 11187.4 11187.6 11185.8 11179.4 11167.8 11164 11167.6 11169.5 11171.3 11173.7 11175.7 11176.2 11170.2 11164.2 11175.8 11183.8 11189.9 11194.2 11198.3 11202 11205.8 11209.6 11213.6 11218.7 11234.7 11266.3 11267.1 11177.6 11057.5 10919.8 10790.4 10687.5 10604.8 10545.5 10502.6 10470 10445.1 10428.6 10425.3 10401 10379.6 10369.1 10369.9 10365.5 10360.9 10356.5 10357.8 10368.7 10378.4 10396 10428.3 10478.8 10565.8 10742.4 10884.7 11005.2
11214.7 11222.3 11226.9 11231.3 11225.1 11218.1 11208.4 11200.2 11195 11191.1 11181.7 11181.8 11181.2 11181.4 11181 11180.8 11180.1 11173.4 11173.4 11175.9 11180.2 11185.7 11192.2 11199.5 11203.5 11196.3 11195.2 11196.3 11198.8 11203 11207.1 11210.4 11214.2 11218.3 11230.3 11260.6 11286.8 11270.5 11188.2 11065.8 10917.5 10767.1 10638.9 10583.6 10541.9 10506.9 10476.6 10450.4 10431.3 10426.6 10404 10384.1 10375.6 10372.8 10371.1 10369.7 10355.2 10348.7 10350.3 10363.5 10389.9 10428.1 10479.8 10571.4 10753.3 10886.1 11004.2
11209.4 11216.1 11223.9 11231.8 11232.2 11232.8 11236.8 11219.2 11200.4 11183.8 11183.4 11180.1 11177.8 11179.8 11183 11190.4 11196.4 11181.7 11176.1 11179 11185.3 11194.1 11204.4 11214.5 11218.9 11211.4 11205.9 11205.3 11206.1 11208.2 11212 11215.7 11219 11223.5 11229.9 11253.6 11291.5 11300 11215.6 11086.5 10929.5 10763.6 10627.7 10583.5 10550.5 10516.7 10487.5 10456 10427 10406.5 10390.8 10381.6 10377.5 10373.9 10375.7 10372.2 10354.1 10340.4 10337.2 10352.7 10389.6 10439.5 10499.8 10607.4 10768.6 10893.7 11006.2
11201.1 11211 11221.4 11229.4 11233.6 11238.4 11240.7 11226.8 11206.5 11188.3 11181 11178.9 11179 11179 11180.2 11178.6 11167.3 11166.9 11173 11179.6 11187.6 11197.6 11209.1 11219.4 11222 11216.9 11212.9 11210.1 11210.5 11212.4 11215.9 11219.4 11224.9 11232.2 11240.3 11266.6 11306 11327.2 11251.4 11122.3 10966.2 10801 10673.1 10623.9 10587.7 10549.6 10509.8 10467.8 10431.9 10392 10381.1 10376.7 10373.5 10370.8 10373.6 10369.4 10350.1 10335.6 10330.7 10348.4 10399 10467.3 10547.8 10659.3 10798.8 10914.1 11017.5
11201.7 11209.3 11217.3 11223.5 11231.7 11241.3 11237.3 11231.4 11212.9 11193 11184.8 11181.3 11178.1 11179.7 11178.3 11173.4 11164.4 11163.7 11170.5 11177.7 11186.1 11195.8 11207 11216.5 11219.7 11216.1 11212.7 11211.5 11212 11214.3 11218.4 11222.2 11231.6 11243.9 11262.1 11279 11313.5 11336.3 11280.6 11171.7 11029.8 10877.7 10761 10703.1 10654.5 10603.6 10550.2 10494.6 10442.9 10397 10382.9 10376.2 10372.5 10372.6 10369.2 10361.2 10350.3 10338.9 10334.9 10355.8 10417 10504.8 10615.8 10752.7 10845.1 10945.2 11041.2
11197.9 11204 11209 11216.4 11234.2 11255.7 11262.1 11244.7 11221.7 11199 11189.4 11186.6 11188.7 11184.5 11178.6 11174.5 11173 11168.2 11169.9 11175 11181.9 11190.3 11198.5 11207.5 11211 11211.1 11210.9 11210.5 11212.1 11215.2 11219.8 11226.3 11234.7 11248.1 11266.8 11267.1 11308.4 11339.8 11312 11230.8 11115.6 10988.4 10884.5 10813.6 10744.5 10675.5 10601.6 10530.4 10463.4 10418.3 10400 10393.5 10393.7 10383.3 10374.5 10368.1 10363.1 10357.1 10353.2 10369 10443.4 10542.5 10653.6 10778.3 10892.3 10980.2 11068
11197.5 11201.8 11203.2 11214.5 11240.8 11271.1 11280.8 11256.5 11229.5 11205.4 11191.2 11190.6 11188 11183 11177.2 11171.7 11166.1 11164.2 11167.1 11171.6 11176.8 11182 11186.6 11197.4 11199.5 11202.5 11206.1 11208.9 11212.3 11216.5 11221.4 11227.1 11233.9 11240.2 11249 11255.1 11300.9 11350.8 11352.9 11291.8 11213.6 11112.7 11022.7 10940.6 10853.9 10764.3 10674 10585.9 10501.3 10447.6 10432.5 10422.2 10425.3 10409.3 10394.2 10393.4 10397.7 10397.2 10399.9 10418.8 10493.5 10594.7 10705.3 10829 10940 11018.7 11096.9
