real_craters/C064-300m.grd
DSAA
176 176
-26.2675 26.2675
-26.2675 26.2675
10317.642651992 11532.7888398
[rows 120 to 149 of 176, columns 67 to 133 of 176]
11247.6 11248.4 11249.5 11244.7 11241.4 11239 11236.8 11236.7 11237.4 11237.4 11239.6 11242.8 11249.1 11255.5 11265.8 11274.4 11282.1 11281.9 11284.7 11287.6 11286.2 11286.3 11290.5 11292.5 11295.7 11296.9 11299.7 11300.3 11297.9 11293.4 11290.8 11284.2 11276.9 11268.1 11260.7 11258.9 11260.5 11260.9 11260.6 11260.5 11259.8 11260.1 11259.7 11260 11261.1 11263 11271.6 11279.1 11277.2 11266.5 11251.4 11237.1 11226.4 11214.3 11206.4 11202.3 11200.4 11198.7 11199.2 11198.1 11197 11195.8 11196.4 11194.3 11193.1 11191.7 11190.3
11248.8 11248.9 11249.7 11246.1 11242.6 11239.4 11237.1 11234.7 11234.2 11233.6 11234.2 11237 11242.4 11250.1 11259 11267.4 11274.9 11279.4 11282.3 11284.1 11283 11283.3 11287.2 11288 11290.2 11292.5 11292.1 11293.2 11290.9 11287.5 11285.2 11279.9 11273.6 11265.9 11260.6 11254.7 11254.9 11257.2 11258.3 11258.8 11259.7 11260.3 11260.5 11262 11263.8 11265.1 11275.6 11287.3 11281.3 11265.3 11248.8 11233.2 11220.7 11213.2 11208 11202.8 11199.8 11198.6 11197.8 11196.7 11195.5 11194.9 11194 11192.4 11191 11189.6 11188.1
11246.7 11247.7 11249.1 11245.5 11241.2 11238.2 11235.4 11233.4 11231.4 11230.7 11230.4 11231.1 11236.9 11245.3 11254.1 11261.9 11265.9 11272.1 11278.8 11282.9 11286.5 11286.9 11286.5 11286.3 11286 11287.4 11286.5 11286 11286 11282.7 11280.5 11275.8 11270.6 11263.9 11258.7 11251.6 11252.3 11255.1 11256.7 11258.1 11259.4 11260.9 11261.8 11263.9 11266.8 11269.8 11276 11279.9 11274.7 11260.5 11243.9 11227.3 11214.8 11209.2 11206.1 11201.9 11199.4 11198 11196.8 11195.4 11194.5 11193 11191.6 11190.2 11189.8 11188.3 11187
11243.4 11244.5 11246 11244.5 11236.6 11234.2 11232.1 11230.2 11228.9 11228.1 11228.1 11229.7 11232.4 11242 11249.8 11257.4 11261.5 11267.8 11274.9 11280.2 11286.9 11287 11284.3 11283.4 11282.4 11282.9 11283.9 11282.4 11282.2 11279.3 11277.4 11272.9 11268.3 11262.6 11259.3 11254.6 11252.9 11254.4 11256 11257.7 11259.4 11260.5 11262.4 11265.3 11268.6 11272.7 11273.9 11273 11266.7 11254.4 11238.8 11222.8 11211.3 11205.3 11200.5 11199.6 11198.7 11197.9 11196.7 11195.4 11193.2 11191.7 11190.3 11189.6 11188.1 11186.5 11187.7
11239.3 11240.4 11240.9 11239.9 11231.8 11230 11228.8 11227.8 11227.1 11226.9 11227.1 11228.9 11232.7 11240.3 11246.4 11253.4 11257.8 11264 11270.1 11274 11277.3 11280.5 11280.9 11280.3 11279.5 11279.7 11278.3 11279.4 11279.7 11278.7 11275.2 11270.1 11265.9 11261 11258.2 11255.4 11253.9 11254.7 11256.1 11257.5 11259 11261.2 11262.7 11264.6 11266.6 11268.4 11270.6 11270.1 11261.4 11249.5 11235.4 11220.6 11211.7 11207.2 11202.9 11200.9 11198.6 11197.4 11195.6 11194 11194.3 11192.8 11191.8 11190.2 11188.4 11186.5 11183.7
11235.4 11235.6 11235.3 11234.5 11234.1 11231.7 11230.8 11229.5 11228.4 11228 11228.2 11229.9 11232.7 11239.2 11244.3 11250.2 11255 11260.8 11265.8 11268.2 11269.5 11274.1 11277 11277.2 11277 11275.8 11274 11274.3 11275 11274.3 11271.3 11266.7 11263.2 11258.9 11255.2 11252.7 11253.6 11255 11256.6 11258.7 11260 11260.5 11261.5 11262.8 11263.7 11265 11266.2 11263.4 11256.8 11245.8 11233.7 11223.6 11215.6 11214.3 11210.9 11203.5 11199.9 11198.5 11196.8 11195.2 11193 11191.3 11189.6 11188.5 11186.6 11184.6 11180.7
11232.8 11232.8 11232.3 11231.4 11230.5 11229.6 11230.2 11229.3 11228.5 11228.2 11228.8 11230.9 11233.3 11238.2 11243.1 11248 11253.5 11258.6 11263.1 11266.1 11268.9 11271.7 11274.6 11275.8 11276.2 11274.2 11272.6 11271.4 11271.2 11271.2 11267 11264.3 11261.5 11257.9 11255.1 11253.2 11254.7 11257.3 11258.8 11259.9 11260.6 11260.9 11261.4 11261.5 11260.3 11261.2 11263.4 11263.1 11253.5 11243.2 11231.3 11219.7 11213.1 11210.7 11209 11202.9 11199.5 11198.4 11196.6 11194.9 11191.4 11189.5 11187.5 11185.5 11183.4 11181.3 11180.7
11231.1 11231.1 11230.9 11230.6 11229.6 11229 11228.5 11228.2 11227.8 11227.9 11228 11230.8 11234.4 11238.1 11242 11246.5 11253.2 11257.8 11262.2 11266 11269.5 11271.5 11273.8 11274.8 11275.3 11274.4 11272.1 11271 11268.8 11268.2 11264.3 11262.8 11261.3 11258.8 11256.6 11256.5 11258.4 11260.6 11261.5 11261.9 11262 11261.8 11261.2 11261 11259.8 11258.8 11256.8 11254.1 11250 11241.9 11231.1 11217.9 11209.4 11199.6 11198.2 11200 11199.1 11197.9 11195.9 11193.9 11192.7 11190.6 11188.5 11186.3 11184 11184.1 11181.4
11230.3 11229.7 11229.1 11228.7 11227.8 11227.4 11227.2 11227.3 11227.8 11228.9 11229.8 11232.6 11235.8 11238.2 11241.9 11246.1 11254 11258.9 11262.5 11266 11269.2 11271.6 11273.5 11274.6 11275.2 11274.2 11273 11270.2 11269.3 11267.2 11263.9 11263.2 11263.1 11262.2 11259.5 11262 11264.7 11265.6 11265.6 11265.2 11264.1 11262.7 11261.4 11260.4 11259.8 11257.8 11255.7 11252.8 11249.1 11243.3 11236.4 11228.3 11215.6 11203.7 11201.2 11202.2 11202 11201 11199.5 11197.1 11195.8 11193.7 11191.4 11189.1 11186.4 11184.6 11182
11230.4 11227.4 11226.7 11226.4 11225.8 11225.8 11226 11226.4 11227.4 11229.7 11235.3 11234.9 11237 11239.3 11243.1 11247.4 11255.3 11260.1 11263.5 11266.2 11269.1 11272 11273.9 11274.9 11275.5 11275 11274.3 11272.6 11271.6 11268.8 11266.3 11266.1 11266.1 11265.4 11262.5 11268.4 11271.3 11270.5 11268.9 11267.4 11265.4 11263.7 11261.4 11258.9 11256.3 11256.7 11257.4 11254.8 11250.6 11245.9 11240.9 11235.2 11226.5 11218.1 11211.8 11208.3 11206.4 11204.7 11203 11201.1 11199.1 11196.7 11194.6 11192.2 11189.6 11186.6 11183.9
11222.1 11223.3 11223.8 11224 11223.8 11224.2 11224.6 11225.2 11226 11227.6 11228.8 11233.4 11236.9 11240.3 11244.5 11251.2 11256.2 11261 11265.4 11269.9 11272 11273.5 11274.6 11275.2 11275.6 11275.6 11275.3 11274.6 11274 11272.1 11271.5 11270 11270.1 11270.9 11272.5 11275.6 11276.8 11274.6 11271.9 11269.5 11267 11264.5 11262.2 11258.8 11255.4 11257 11255.9 11255.3 11252.7 11248.3 11243.1 11237.5 11233.1 11231.7 11221.6 11214.5 11210.7 11208 11205.7 11203.4 11200.7 11198.3 11195.6 11192.9 11190.7 11187.2 11184.4
11219.2 11220.3 11221.4 11222 11222.1 11222.5 11223 11223.6 11224.6 11226.1 11228.5 11232.1 11236.3 11240.7 11245.4 11251.6 11256.7 11261.8 11267 11272 11274.1 11274.8 11275.5 11275.9 11276.4 11276.5 11276.7 11275.9 11275.3 11274.3 11274.2 11273.5 11273.9 11276.7 11281.9 11281.5 11281 11277.1 11273.4 11270.5 11267.9 11266.5 11264.9 11262.6 11260.4 11261.4 11260.9 11258.7 11255.6 11251 11244.9 11238.6 11232.5 11227.1 11223.2 11218.3 11214.1 11210.9 11207.8 11204.9 11202 11199 11196.3 11193.4 11190.4 11186.9 11184.7
11217.1 11219.3 11220 11220.4 11220.5 11220.9 11221.5 11222.2 11223.3 11224.9 11227.3 11231.4 11235.9 11240.7 11245.7 11251.8 11257.2 11262.6 11267.1 11270.5 11273.8 11275.3 11276.2 11276.2 11276.6 11277 11277.2 11277.4 11276.9 11277 11276.9 11276.9 11278.4 11281.8 11285 11282.6 11279.5 11277.1 11274.5 11271.7 11268.9 11267.3 11267 11269.3 11268.7 11267 11266.1 11262.9 11259.1 11254.6 11248.2 11240.8 11232.8 11226.8 11224.3 11221.4 11217.5 11214 11210.5 11207.1 11203.7 11200.1 11197.8 11194.5 11191.4 11188.4 11185.6
11220.9 11220.2 11219.3 11219.1 11218.9 11219.3 11220 11220.9 11222.3 11224.2 11226.8 11230.9 11235.2 11240.4 11245.8 11251.8 11257.5 11263.2 11268 11272.1 11274.4 11275.7 11276.6 11277.5 11277.4 11277.5 11277.8 11278 11278.4 11278.6 11278 11279.5 11281.5 11282.3 11282.2 11281.6 11278.8 11277.5 11275.5 11272.2 11268.6 11265.6 11264.2 11267.3 11266.7 11266.9 11269.2 11264.6 11261.6 11259.1 11255.5 11247.2 11236.7 11230.2 11228.2 11225.5 11222.3 11218.5 11214.8 11211.1 11207.4 11203.1 11199.5 11195.2 11191.7 11189.3 11185.3
11219.8 11218.8 11217.9 11217.5 11217.7 11218 11218.5 11219.7 11221.6 11224.6 11227.1 11230.3 11234.7 11239.8 11245.3 11251.3 11257.5 11263.5 11269 11272.8 11275.3 11276.6 11277.2 11277.7 11278.4 11278.7 11278.9 11279.3 11279.5 11280.1 11279.9 11280.7 11281 11281.7 11282.4 11282.7 11281.4 11279.4 11276.6 11272.1 11267.3 11262.1 11256.2 11250.9 11251.8 11256.5 11260.1 11261 11261.8 11262.5 11261.5 11255 11246.1 11239.4 11235 11231.3 11227.1 11223.1 11219.2 11214.8 11210.9 11205.4 11201.5 11197.8 11193 11190.5 11187.2
11216.5 11215.3 11216.5 11216.9 11217.2 11217.4 11217.7 11218.3 11219.7 11222.9 11225.3 11228.7 11233 11238.3 11244 11250.1 11256.6 11263.9 11270.5 11274.7 11276 11276.6 11277.2 11277.9 11278.2 11279.1 11280.3 11280.3 11281.4 11282.3 11282 11282.4 11281.5 11282.3 11283.7 11284.8 11286 11283 11277.5 11271.9 11266.1 11259.5 11250.5 11238.5 11239.6 11243.5 11248.1 11254.3 11259.9 11264.4 11265.6 11262.1 11256.9 11249.9 11243.3 11237 11231.4 11226.3 11221.4 11216.7 11212.3 11210.2 11206.1 11202.1 11198.1 11193.9 11189.4
11217.8 11215.8 11216.7 11217.1 11217.1 11216.9 11216.7 11217 11217.2 11216 11221.5 11226.3 11231.1 11236.4 11242.1 11248.3 11254.9 11262.6 11271.1 11276 11275.3 11275.7 11276.3 11277.4 11278.4 11279.2 11280.6 11281.9 11282.9 11284.4 11285.4 11285.8 11285.2 11284 11284 11285 11287 11283.6 11276.6 11270.5 11265.1 11259.7 11253 11243.7 11237.5 11233.2 11237.5 11247.9 11257.6 11266.2 11271.2 11268.3 11262.6 11256.7 11250.7 11243.6 11237.5 11232.2 11226.7 11221.8 11217 11212.6 11207.7 11203.3 11198.1 11194 11194.4
11222 11219.4 11219.3 11219 11218.2 11217.2 11216.3 11215.8 11216.4 11220.4 11220.6 11224.2 11228.9 11234.2 11239.7 11245.6 11251.5 11258.1 11264 11269.2 11271.4 11273.2 11274.4 11276 11277.9 11279.3 11280.5 11281.9 11283.6 11285.5 11287.5 11289.4 11291.6 11285.4 11282.2 11281.2 11281 11278 11272.2 11267.7 11264 11261 11258.6 11255.5 11240 11231 11233.4 11243.8 11255.2 11266.1 11273.3 11273.3 11270.4 11263.7 11257 11249.1 11242.8 11237.3 11232.2 11226.9 11222.1 11217.2 11212.5 11209.4 11204.1 11199.8 11195.7
11227.9 11225.2 11223.8 11221.9 11220 11218.2 11216.2 11214.8 11213.7 11214.2 11218.1 11222.1 11226.8 11231.9 11237.1 11242.2 11247.3 11252.2 11256.4 11261.6 11266.3 11269.9 11272.7 11275.2 11277.1 11278.8 11280.4 11282 11283.6 11285.6 11287.4 11287.9 11287.2 11280.8 11277.5 11274.7 11271.6 11267.9 11265.3 11263.5 11261.8 11260.3 11258.6 11253.4 11239.1 11228.1 11231.3 11241.5 11253.1 11263.2 11269.8 11273.4 11275.7 11267.3 11259.9 11254 11248.1 11243.3 11239.6 11235.1 11230.7 11224.1 11219.4 11214.8 11210.1 11205.2 11200.9
11234.1 11233.2 11228.6 11225.1 11222 11219.2 11216.7 11214.5 11212 11210.6 11216.1 11220.5 11225.1 11229.9 11234.6 11239.2 11243.7 11247.2 11251 11256.5 11261.9 11266.6 11270.7 11273.5 11276.7 11278.9 11280.6 11282.2 11283.5 11284.4 11285.8 11284.7 11282.2 11276.7 11272.6 11268 11262.4 11257.3 11258 11258.7 11258.6 11257.7 11255.4 11248.5 11236 11226.6 11230.6 11240.9 11252.4 11261.4 11265.3 11265.7 11266.1 11263.4 11260.1 11255.6 11251.6 11247.4 11243.1 11239.3 11234.7 11230.6 11226 11221.7 11215.4 11209.5 11205
11238.1 11235.2 11231.5 11227.9 11224.2 11220.6 11217.2 11215.2 11215.2 11216.1 11216.7 11219.9 11224.1 11228.6 11233 11237.2 11240.7 11243.7 11247 11252.8 11258.8 11264.2 11268.4 11272.1 11275.9 11278.4 11280.4 11282 11282.9 11283 11283.6 11280.6 11278.7 11275 11268.7 11263.4 11257.4 11252.4 11253.8 11255.9 11256.6 11255.3 11252.1 11244.1 11233.2 11226.3 11231.3 11241.6 11253.4 11263.1 11263.1 11256.2 11253.9 11258 11259.6 11258.2 11254.8 11251.2 11247 11242.5 11238.6 11233.8 11228.9 11223.9 11217.4 11213.4 11208.5
11240.5 11236.2 11233.7 11230.5 11226.2 11221.6 11217.4 11214.6 11214.4 11215.4 11216.4 11219.4 11223.5 11228 11232.4 11235.6 11239.3 11242.3 11246.2 11251.3 11256.8 11262.2 11266.9 11270.9 11274.3 11278.7 11280.5 11282.4 11283.2 11283.4 11281.7 11276.4 11271 11267.9 11265.7 11261.9 11257.1 11252.6 11253.8 11256.3 11257 11255 11249.9 11241.9 11232.9 11227.1 11233 11242.8 11254.5 11265.1 11263.2 11253.6 11251.9 11258.1 11261.5 11261.6 11258.8 11255.4 11251.2 11246.6 11242 11236.3 11231 11225.6 11219.3 11214.4 11209.2
11242.6 11240.9 11237.9 11233.5 11228.1 11222.5 11216.7 11212 11209 11210.8 11214.5 11218.9 11223.6 11228.4 11232.7 11235.6 11238.7 11242 11246.1 11251.3 11257 11262.4 11267.3 11271.5 11274.6 11278.5 11281.2 11283.3 11284.4 11284.4 11282.8 11277.4 11270.3 11266.6 11266.1 11264.1 11260.6 11256.4 11258 11260.7 11261.1 11258.7 11252.3 11245.4 11237.9 11233 11236.5 11243.7 11253.5 11263.6 11265.3 11261.6 11261.6 11265.7 11267.3 11266.8 11263.7 11260.2 11255.9 11250.6 11245.2 11239.7 11233.8 11227.5 11221.9 11217 11211.5
11242.9 11243.2 11241.2 11236.3 11230.1 11223.3 11216.7 11210.2 11204.3 11207.6 11213.3 11218.9 11224.3 11229.5 11234 11236.9 11239.8 11242.2 11245.9 11252.2 11258.2 11263.1 11267.8 11272.1 11275.7 11278.4 11281.2 11283.5 11286.4 11287.2 11286.6 11282.1 11275.9 11272.4 11271.3 11269.7 11267.9 11267.2 11268 11268.1 11268.5 11267.6 11263.7 11256.2 11247.7 11241.7 11240.6 11243.5 11249.9 11259.2 11269.1 11276.8 11278 11276.9 11275.4 11273.2 11268.9 11264.7 11260 11254.9 11248.8 11243.1 11237.3 11231.5 11225.8 11220.3 11213.5
11241.1 11244 11243.7 11238.4 11231.5 11224.7 11217.9 11211.6 11206.6 11209.3 11214.6 11220.4 11226 11231.5 11236.7 11239.8 11243.3 11245.1 11248.8 11255.1 11260.6 11265.4 11269.7 11273.8 11277.5 11280 11282.9 11285.6 11289 11291.1 11292.7 11291.2 11285.9 11282.2 11279.5 11277 11275.3 11276 11275.6 11275.1 11277 11278.7 11276.9 11268.2 11257.7 11249.1 11243.6 11242.1 11244.8 11254.3 11272.5 11290 11291.2 11287 11283 11279.4 11274 11268.8 11263.6 11258.1 11252.9 11247 11241.1 11235.3 11229.2 11222.1 11215.4
11237.6 11242.4 11244.2 11238.7 11232.4 11226.2 11220.6 11215.6 11213 11214.2 11218.2 11223.3 11228.9 11234.6 11240.2 11244 11248.9 11252.5 11255.8 11259.8 11263.8 11267.7 11271.3 11275.1 11278.6 11282.2 11285.1 11287.9 11290.8 11295 11298.6 11301.1 11299.8 11294.1 11288.7 11284 11280.1 11276.5 11274.8 11278.6 11283.6 11288.7 11289.2 11277.4 11265.6 11254 11244.8 11239.7 11239.6 11250.3 11273.8 11294.1 11297.4 11293.8 11288.6 11283.8 11277.4 11271.8 11266.1 11260.3 11254.2 11247.9 11241.8 11236.4 11229.5 11223.3 11217.1
11232.7 11237.3 11239 11236.6 11232.3 11227.8 11223.6 11219.9 11218.2 11219.5 11222.7 11227 11232.1 11237.5 11242.1 11248.8 11255.3 11262.2 11263.8 11264.3 11265.5 11267.8 11270.4 11273.6 11276.9 11281.2 11283.9 11287.2 11290.4 11296.3 11301.9 11308.1 11309.4 11304 11297.1 11291.1 11285.3 11278.8 11275.1 11280.9 11286.9 11293.1 11292.6 11279.2 11267.6 11254.5 11243.6 11237.1 11236.1 11249 11275.7 11296.8 11300.1 11296.7 11291.8 11285.7 11279.6 11273.3 11267.4 11261.1 11254.8 11248.8 11242.4 11236.3 11230.4 11223.7 11217.4
11227.6 11231.5 11233.6 11233.3 11232.1 11230.2 11227.4 11224.1 11222.6 11224.7 11227.4 11230.9 11235.1 11238.4 11244.4 11251.9 11260.2 11267.7 11267.9 11265.8 11264.4 11264.7 11265.7 11268.1 11271.2 11276.1 11279.9 11284.3 11288.1 11293.9 11300.7 11310.9 11318.3 11310.1 11303.5 11298 11292.6 11287.4 11284.1 11284.9 11285.8 11287.4 11283.6 11270.9 11258.9 11249 11240.6 11235 11235 11250.2 11278.1 11300 11300.4 11296.5 11291.8 11285.6 11279.3 11273.1 11267 11261.1 11255.3 11249.2 11243.2 11236 11230.2 11223.6 11217.3
11223.8 11226.9 11227.7 11230.5 11232.6 11232.8 11231.8 11229.8 11229 11230.3 11232.1 11234.4 11237.6 11240.2 11245.3 11251.8 11262.4 11272.6 11268.1 11263.8 11261.3 11260.6 11261 11263.1 11266.3 11271.4 11275.6 11281 11285.4 11289.3 11291.5 11297.2 11305.5 11308.1 11306.4 11303.3 11299.6 11296.4 11293.7 11288.9 11282.4 11272.6 11265.6 11258.5 11248.2 11242.6 11237.6 11234.3 11235.8 11251.6 11276.4 11294.9 11296.7 11293.7 11289.7 11284.2 11278.3 11271.5 11265.3 11261.5 11255.4 11248.7 11242.5 11234.7 11229.8 11223.5 11216.9
11222 11225.3 11227.3 11231 11234.6 11236.5 11237.3 11237 11236.4 11236.1 11236.3 11237.3 11239.1 11240.9 11244.1 11247.7 11255.1 11261.6 11259.7 11257.1 11254.9 11254 11254.1 11256 11259.3 11265 11270.8 11277.9 11283.2 11287.9 11286.5 11288.1 11296.3 11305.8 11308.4 11307.3 11304.8 11302.2 11298.8 11292.4 11282 11269.1 11259.1 11251.1 11243.7 11239.3 11237.2 11236 11238.2 11252.9 11272.8 11287 11290.5 11289.5 11286.4 11282 11276.8 11270.5 11264.4 11260 11254 11246.4 11240 11234.3 11228.2 11221.8 11213.4
