real_craters/C064-500m.grd
DSAA
106 106
-26.2675 26.2675
-26.2675 26.2675
10320.786254466 11524.424791851
[rows 60 to 89 of 106, columns 0 to 66 of 106]
11193.6 11197.2 11199.6 11212.8 11240 11269.8 11278.7 11256.1 11232.5 11213 11200.3 11196.5 11190 11182.7 11175.6 11168.5 11164.1 11161.6 11164.9 11168.8 11172.1 11173.7 11170.7 11169.5 11184.5 11193.9 11200.2 11205.5 11208.8 11213.6 11218.6 11223.7 11228.8 11231.1 11234 11247.8 11288.2 11325.8 11334.8 11336.6 11320.4 11265.4 11176.9 11074.2 10967.8 10862.4 10758.5 10657.9 10570.2 10513.8 10489.7 10473.3 10479.3 10459.5 10443.4 10448.3 10461.4 10471.7 10481.8 10503.2 10573.2 10670.6 10775.7 10912.4 11006 11066.9 11130.6
11184.6 11187.2 11193.2 11201.8 11215.2 11238.9 11250.4 11243 11229.1 11215.5 11207.7 11203.5 11194.8 11185.8 11175 11165.4 11159 11158.6 11162.7 11166.6 11169.4 11170.1 11165.4 11163.6 11177.8 11188.3 11196.1 11202.1 11207 11212.1 11216.6 11220.4 11225.3 11229.8 11235.5 11248.4 11276.7 11300.2 11317.7 11363.6 11409.7 11453.4 11316.8 11186.4 11069.7 10959.5 10848.7 10736.6 10638.8 10591.6 10569.7 10578.8 10556.2 10533.1 10524.3 10533.1 10554.6 10575.8 10594.9 10620.8 10686.9 10781.7 10877.5 11005 11082.8 11135.3 11164.8
11172.1 11182 11187.5 11198.2 11203.2 11212.4 11223.3 11226.1 11221.8 11214.9 11210.5 11207.9 11196 11185.8 11174.7 11163 11154.9 11157.5 11162.7 11166.5 11169.8 11173.4 11176.1 11176.9 11180.8 11186.5 11193 11200.5 11206.5 11211.9 11216.2 11220.9 11225.5 11231.2 11240.5 11252.2 11270.6 11291.6 11317.5 11372.7 11420.3 11435.6 11364.1 11261.5 11155.2 11052.7 10948.1 10829.4 10713.8 10679.4 10671.4 10663.7 10653 10617.6 10610.4 10632.3 10666.4 10702.7 10734.9 10770.7 10838.3 10937.5 11032 11141.7 11175.9 11194.8 11208.5
11168 11170.3 11176.6 11183.4 11196.3 11205.8 11211.3 11214 11213.6 11211.6 11209.1 11205 11195.3 11186.2 11177.3 11167.3 11161.4 11166.6 11166.3 11167.8 11170.2 11174.9 11185.9 11189.3 11184.8 11186.8 11191.6 11196.5 11202.6 11208.1 11213.9 11216.7 11221.8 11226.9 11233.5 11245.1 11263.8 11285.3 11316.7 11364.3 11399.9 11394.4 11364.8 11296.3 11224.6 11143.3 11061.6 10960 10850 10832.3 10819.8 10805.3 10769.3 10726.9 10702.9 10752 10803 10853.6 10904.3 10953.7 11027.5 11131.9 11243.3 11280.2 11267.8 11253.4 11241
11164.8 11165.4 11168.6 11172.5 11189.1 11198.2 11201.3 11202.8 11204 11205.5 11206.5 11200.4 11194 11188 11184 11178.8 11174.4 11172.2 11170.7 11169.8 11169.7 11169.9 11168.3 11174.4 11179.3 11183 11187.5 11193.3 11198.4 11203.4 11209.3 11214 11218.5 11222.5 11229.3 11238.3 11252.2 11271.5 11293.8 11346.3 11389.9 11399.4 11361 11311.8 11260.7 11226.9 11184.2 11138.9 11070.6 11039.5 11004.2 10971.3 10932.6 10891.2 10869.3 10913.1 10961.1 11015.1 11076.4 11155.9 11236 11322.3 11361.9 11363.2 11327 11290.6 11267.6
11162.9 11163.3 11164.8 11166.2 11180.5 11187.8 11189 11191.4 11193.9 11197.5 11203.3 11201.6 11199.9 11201.1 11192.3 11186.9 11182.4 11178 11174 11172 11169.5 11165.2 11162.4 11166.6 11172.7 11178.9 11185.6 11191.5 11197.6 11203.2 11208.5 11213.9 11217.7 11220.3 11230.8 11229.7 11229.4 11245.1 11290.4 11327 11358.6 11361 11320.9 11296.3 11282.5 11282.7 11302.1 11340.3 11351.6 11265.7 11189.2 11151.4 11132.6 11109.9 11090.4 11100.3 11119.6 11160.1 11228.6 11342.1 11473.3 11474.4 11473.7 11406.7 11357.5 11315.3 11283.5
11162.6 11161.7 11162.2 11162.5 11167.3 11169.7 11175.9 11179.6 11183.3 11186 11188 11198.3 11206.6 11195.4 11193.5 11195 11188.2 11177.6 11177.5 11176 11171.1 11164.6 11162 11165.1 11170.9 11177.7 11184 11190.2 11196.6 11202.1 11206.7 11212 11218.8 11224.8 11209.3 11207.9 11193.3 11182 11187 11179.6 11201.3 11238.7 11242.7 11261.2 11281.5 11311.8 11361.6 11442.2 11489.9 11400.9 11332.8 11309.1 11328.1 11376.7 11338.8 11274.3 11253.6 11272.1 11326.9 11416 11496.7 11461.8 11418.5 11390.4 11353 11320.2 11292.9
11161.9 11161.2 11160.6 11158.9 11159.1 11160.8 11165 11168.9 11171.9 11174.4 11175.5 11180.1 11185.8 11190.2 11190.6 11191.9 11192.4 11191.8 11191.2 11183.9 11174.7 11164.6 11159.4 11164.3 11171.6 11178.7 11185.5 11191.3 11195.6 11202 11208.7 11213.5 11217.2 11221.3 11219.6 11193.8 11154.7 11100.4 11021.9 10957.3 10961.1 11058 11150.6 11212.9 11257.8 11302.8 11350.3 11401.2 11429.2 11415.2 11383.8 11384.1 11419.5 11524.4 11470.2 11372.1 11331.5 11331.6 11361.4 11393.3 11397.7 11377.1 11362.6 11350.3 11328.3 11312.5 11293.7
11160.4 11161.1 11159.3 11156.7 11156.3 11153.9 11158.2 11162.1 11164 11165.4 11165.8 11165.9 11167.9 11173.6 11176.3 11178.8 11191 11207.6 11204.7 11189.8 11179.6 11168 11160.6 11167.5 11174.8 11181.4 11187.9 11192.3 11198.5 11206.2 11211.6 11216 11217.8 11220.5 11233.7 11192.7 11137.5 11063.7 10962.9 10874.4 10875.4 10998 11112.5 11184.9 11236.7 11272.8 11304.6 11319.3 11345 11383.2 11397.4 11384.8 11386.9 11381.4 11402.1 11381.8 11361.8 11355.4 11363.7 11359.5 11339.9 11317.9 11320.1 11315.6 11309.9 11294.9 11280.6
11157.9 11157.5 11157.4 11155.1 11154 11152.7 11154.8 11157.4 11159.3 11160.4 11161.4 11161.8 11159.4 11162.2 11166.5 11175.5 11183.6 11191 11191.4 11188.4 11184.5 11180.1 11176.9 11177.5 11180.9 11185.6 11189.4 11197.3 11204.1 11210.7 11216.2 11221.2 11227.3 11230.7 11222.6 11191.8 11146.4 11090.1 11025.1 10971.4 11009.7 11076.7 11138.9 11190.8 11226.3 11252.8 11273.7 11286.9 11309.6 11346.9 11344.6 11345.8 11327 11299.6 11333.6 11352 11356.7 11352.4 11346.8 11328.1 11300.7 11283.4 11289.2 11290.6 11287.5 11278.2 11267.5
11159.7 11155.3 11154.8 11153.3 11152.7 11153.1 11153 11153.8 11154.4 11154.9 11155.9 11157.2 11157.2 11165.9 11170.7 11170.5 11176.5 11177.9 11177.9 11185.5 11188.1 11188.7 11188.2 11185.8 11185.5 11188.2 11194.1 11200.5 11207.3 11213.2 11219 11226.1 11231.2 11235.1 11226.2 11203.2 11173.5 11149.3 11148.6 11219.7 11262 11200 11194.9 11211.3 11233.5 11250.1 11259.5 11267.8 11289.4 11313.5 11319.7 11311.2 11301 11284.5 11308 11328.8 11335.7 11334 11322.9 11305.2 11282.9 11271.1 11277.3 11276.2 11273.9 11267.7 11259.1
11161.6 11157 11151.6 11151.3 11151 11151.5 11151.6 11151.8 11151.6 11151.4 11151.7 11153.4 11163.4 11179.3 11179.2 11171.8 11175.9 11179.9 11185.9 11186.9 11189.6 11192.8 11192.1 11188.6 11188.3 11190.8 11195.8 11201.1 11207 11212.7 11218.7 11225.4 11230.6 11234.7 11229.9 11215.7 11203.4 11199.3 11215.4 11245.5 11250 11241.7 11232.9 11231.2 11236.5 11242.7 11248.1 11255.4 11272.3 11288.4 11299.5 11296.3 11295.7 11293.7 11299.1 11309 11315.5 11313.5 11304.8 11290.7 11275.4 11272.5 11272.1 11268.7 11264.9 11262.1 11257.9
11163.1 11159.7 11156.5 11153.9 11150.8 11151.3 11151.4 11151.3 11151 11150.4 11150.2 11151.8 11171.6 11186.5 11192.7 11182.6 11177.3 11179.2 11184.9 11181.2 11184 11191.4 11190.7 11188.3 11188.9 11190.9 11194.7 11197.6 11202.2 11208.9 11216.6 11221.5 11224.5 11222.6 11223.6 11223.7 11222.3 11224.5 11233.1 11238.2 11246.1 11247.9 11244.7 11239.7 11236.7 11237.4 11238.8 11244.4 11255.5 11271.8 11278.8 11284.7 11286.9 11287.8 11292.5 11296.6 11299.5 11297.9 11292.2 11281.8 11268.1 11259.1 11260.3 11260.6 11260.1 11259.9 11260
11164.7 11161.7 11158.5 11157.7 11153.7 11152.7 11152.4 11151.6 11151.1 11150.5 11150.6 11152.7 11158.9 11168.2 11170.7 11173.9 11172.4 11168.7 11160.2 11167.8 11171.2 11170.9 11178.2 11182.4 11186 11188.9 11192.9 11196.9 11203 11209.2 11216.6 11222.7 11223 11220.3 11222.9 11227.9 11229.5 11232.2 11238 11242.3 11248.1 11250.4 11245.4 11238.4 11234.4 11231.6 11231.4 11234.8 11246.7 11260.9 11273.2 11280.2 11284.7 11285.9 11287 11288.6 11288.7 11287.9 11282.6 11274.8 11264.7 11252.7 11254 11257.3 11258.6 11260.6 11263.5
11166.8 11164.5 11161.5 11160.1 11155.6 11153.1 11152.3 11153 11153.9 11153.7 11154.5 11156 11157.8 11160 11162 11166.4 11167.4 11165.4 11164.6 11164.3 11163.2 11164.2 11170.2 11176.4 11181.3 11185.8 11190.9 11196.3 11200.9 11206.6 11213.9 11224.9 11237.8 11235.2 11231.1 11230.1 11230.2 11232 11233.3 11236.4 11241.4 11244.2 11241.9 11230.9 11228.1 11227 11227 11230.4 11241.1 11252.5 11264 11273.2 11282.6 11284.9 11281.6 11280.5 11280.7 11279.9 11276.8 11269.4 11262.1 11256.4 11253.8 11255.9 11258.5 11261.8 11265.3
11168.3 11166.5 11162.6 11160.6 11157.6 11154.4 11153.4 11154.4 11155.9 11157.7 11158.8 11159.6 11161.1 11161.4 11157.9 11168 11166.3 11162.8 11160.6 11157.5 11157.8 11160.2 11165.6 11171 11175.7 11181 11185.1 11189 11193.2 11197.9 11203.6 11213.6 11229.6 11231.7 11233.7 11234.1 11230.8 11230.1 11229.6 11229.6 11234.9 11235.6 11234.5 11233.3 11230.4 11228.4 11227.9 11230.9 11239.2 11248.2 11257.5 11265.8 11269 11275.2 11277.2 11275.7 11275.2 11275 11272.4 11265.5 11258.9 11252.8 11254 11256.6 11259.6 11260.9 11262.8
11169 11167.5 11163 11159.9 11158.3 11157.6 11155.2 11156.2 11158 11160.2 11162.8 11166.4 11169.8 11167.3 11162.6 11169 11165.7 11159.7 11150.4 11149.3 11155.2 11160.9 11163.8 11168.9 11173.4 11177.3 11180.8 11183.6 11186.6 11190.3 11193.1 11193 11200.3 11228.3 11232.7 11233 11232.1 11231.1 11230.6 11230.1 11231.6 11231.6 11230.9 11229.8 11228.8 11227.8 11227.9 11232 11237.7 11244.8 11254.4 11262 11268.5 11272.3 11275.3 11274.6 11272.3 11269.3 11267.3 11262.1 11258.3 11255.1 11257.7 11260.5 11261.3 11261.6 11261.1
11168 11165.5 11164.1 11161.4 11159.6 11159.1 11157.1 11158.2 11159.9 11161.9 11164.7 11168.3 11171.4 11169.3 11166.9 11169.4 11166 11160.8 11154.6 11152.5 11155.1 11158.2 11163.5 11167.2 11170.8 11173.3 11176.4 11180.7 11183.6 11186.5 11188.3 11188.4 11198 11222.6 11231.4 11232.6 11231.9 11230.3 11229.9 11232.9 11230.7 11228.7 11227.5 11226.9 11226.8 11227.8 11230.9 11234.5 11238.7 11245.3 11256.1 11262.6 11268.2 11272.3 11274.6 11275.2 11272.8 11268.7 11266.9 11264.3 11263.8 11262.5 11267.2 11266.8 11264.8 11262.6 11259.8
11167.4 11164.1 11163.7 11161.9 11161.2 11160.4 11160.8 11160.4 11160.9 11161.6 11163.3 11165.9 11167.2 11172.5 11173.8 11172.2 11168 11166.7 11167.4 11169.8 11165.3 11162.9 11165 11166.7 11168.8 11172.4 11174.9 11177.6 11180.6 11184.2 11189.9 11199.1 11213.8 11227.4 11232.2 11232 11230.1 11227.3 11224.6 11224.3 11222.1 11223.5 11224 11224.1 11224.7 11226 11228.3 11234.6 11240.3 11247.8 11257.8 11265.4 11271.6 11273.8 11275.2 11275.6 11275.6 11274 11271.7 11269.9 11270.9 11274.5 11276.3 11271.9 11267.7 11263.8 11258.8
11168.5 11165.7 11166.6 11163.3 11163.2 11162.9 11161.4 11160.9 11160.4 11161.1 11162.5 11164.7 11170 11191.5 11191.3 11171.9 11170.4 11170.8 11175.6 11183.3 11180.8 11173.8 11168.5 11168 11169.3 11171.3 11173.4 11175.7 11178.4 11182.5 11189.8 11206.1 11226.2 11235.6 11232.7 11230.5 11227.9 11224.5 11219.1 11215.4 11217.3 11219.8 11220.7 11221.2 11222.2 11223.7 11226.7 11233 11240.8 11249.1 11258.8 11267.1 11273.3 11275.5 11276 11276.7 11277.2 11276.3 11276.1 11276.1 11280 11283.4 11279.8 11274 11269.8 11267 11267.3
11170.8 11169.1 11169.1 11166.9 11164.7 11162.7 11162.2 11161.4 11161 11161.3 11161.9 11164.6 11172.3 11199.8 11205.1 11183.3 11176 11172.2 11168.9 11162 11163 11167.3 11168 11168.4 11169.2 11170.5 11171.9 11173.4 11175.6 11177.8 11182.7 11190.1 11212.5 11225.8 11227.5 11227.7 11226.7 11224 11218.9 11215.8 11219.9 11219.5 11218.3 11218.7 11219.7 11222.1 11225.8 11232.2 11240.4 11249.6 11259.5 11268.4 11274.2 11276.5 11277.6 11278.2 11277.9 11278.5 11279.4 11280.4 11282.1 11282.1 11279.2 11275.8 11269.7 11263.6 11262.2
11173.4 11172.9 11171.5 11167.6 11164.9 11162.7 11163.1 11163.5 11162.4 11162.2 11162.3 11165.1 11171.7 11188.2 11200.9 11191.7 11179.7 11171.8 11165.1 11158.2 11159.6 11164.3 11167.6 11169.6 11171.1 11171.8 11171.9 11173.3 11174.7 11175.4 11177 11179.3 11194.5 11209.1 11217.7 11222.7 11225.4 11226.2 11225.7 11222.3 11217.8 11215.8 11216.9 11217.2 11217.8 11219.7 11224.7 11230.1 11238.3 11248 11259 11270.5 11275.7 11276.7 11277.9 11278.8 11280.2 11281.4 11282.8 11282.2 11282.3 11284.4 11285.8 11277.5 11268 11256.9 11238.5
11175.3 11174.2 11173.4 11170.7 11166.9 11165 11165.4 11164.1 11163.8 11165 11165.2 11167.3 11169.8 11174.7 11182.2 11181.2 11177.2 11173 11168 11165.2 11164.9 11166.2 11168 11169.8 11171 11171 11171.9 11172.8 11174.4 11175.4 11176.9 11179.1 11182.8 11196.6 11209.5 11218.5 11224.6 11228.7 11230.5 11228.4 11221.8 11218.1 11218.3 11217.3 11216.4 11216.7 11219.6 11226.3 11234.9 11244.5 11255 11267.3 11272.9 11274.7 11276.5 11278.9 11281 11283.5 11286.3 11289.2 11285.3 11282.8 11283.5 11274.2 11265.9 11259.4 11253.2
11176.7 11175.2 11174.3 11172.6 11170.9 11166.8 11163.1 11161.5 11164.3 11167 11168.6 11170 11170.1 11169.9 11178.2 11180.2 11177.8 11175.7 11172.1 11167.7 11165.5 11169.9 11172.1 11173.3 11174.6 11174.9 11175 11175.4 11176.4 11176.9 11178.2 11178.8 11182.2 11192.9 11205 11215.9 11225.2 11232.6 11235.4 11234.7 11230.9 11227.1 11223 11219.1 11215.8 11212.7 11215.6 11223.1 11231.1 11239.4 11247.4 11254.7 11263.2 11269.8 11274.4 11278.3 11281 11283.7 11286.6 11286 11279 11273.5 11266.6 11262.7 11261.1 11259.1 11252.3
11177.5 11176.1 11174.7 11173.3 11176.5 11168.3 11163.4 11163.4 11165.4 11169.4 11173.5 11177.1 11176.7 11174.6 11191.7 11184.2 11181.3 11181 11180.1 11176 11174.8 11180.5 11182.2 11183.2 11183.3 11182.1 11181.2 11179.6 11179 11178.7 11179.5 11181.9 11184.6 11192.6 11203.2 11214.3 11226.1 11237.6 11243 11243.6 11239.1 11234 11227.9 11221.7 11216.4 11215.2 11216 11221.2 11228.6 11235.9 11241.8 11247 11256.9 11265.8 11272.1 11277.6 11280.9 11282.9 11283.8 11279.9 11275 11265.2 11255.3 11253.8 11256.6 11254.5 11244.1
11178.8 11176.8 11176.3 11174.4 11172.3 11169.4 11166 11164.2 11166.5 11172 11179.8 11187.5 11194.2 11201.1 11189.7 11188.4 11186.7 11188.7 11191.4 11197.4 11198.2 11193.7 11191.4 11189.7 11187.8 11185.3 11183.3 11181.8 11180.3 11180 11179.9 11180.7 11183.7 11192.9 11201.7 11211.8 11223.6 11239.2 11255.1 11248.2 11242.9 11238.4 11232.5 11224 11215.4 11211 11214 11220.5 11228.1 11234.4 11239.7 11246.2 11255 11264.1 11271.5 11276.3 11281.8 11283.9 11283 11274.1 11266 11263.9 11257.4 11256 11259.4 11255.2 11243.5
11179.8 11178 11176.8 11176.5 11173.7 11171.8 11169 11166.4 11167.9 11174.7 11183.8 11196.2 11209.8 11219.6 11205.7 11198.6 11198.1 11196.2 11197.2 11205.7 11204.3 11201.4 11197.8 11194.6 11191.7 11188.8 11186.2 11183.9 11182 11181.3 11183.1 11187.9 11191.6 11193.9 11199.5 11206.7 11215 11224.9 11236.4 11240 11242.3 11243.6 11237.1 11226 11214.7 11204.3 11211.4 11221 11230 11237.3 11241.6 11246.2 11256.9 11265.2 11272.2 11278.2 11283 11287.3 11288.4 11282.5 11275.4 11272.6 11270.6 11271.7 11271.1 11270.9 11260.3
11180.9 11179.1 11176.3 11177 11175.4 11174.8 11172 11166.6 11168.8 11176 11186.4 11199.7 11220.3 11239.1 11222.3 11210.1 11209.1 11198.1 11192.3 11191.9 11200.2 11203.3 11202.7 11199.3 11195.5 11191.9 11188.4 11185.3 11182.7 11181 11180.5 11185.3 11189.8 11192.4 11196.1 11200.4 11204.1 11206.2 11211.8 11225.8 11235.9 11243.8 11238.7 11228.2 11218.7 11213 11216.7 11225.1 11234.6 11242.2 11250 11255.8 11262.4 11268.9 11275.1 11281.1 11286 11290.8 11297.3 11301.2 11294.1 11285.5 11278.9 11274.8 11281.9 11290 11277.4
11182.1 11182.7 11181.8 11175.1 11175 11175.5 11172.3 11170.3 11172 11177.3 11184.1 11193 11207.5 11243.9 11230.1 11208.4 11198.8 11190.9 11183.7 11181.9 11201.4 11207.6 11205.7 11201.8 11197.4 11193.2 11189.3 11185.7 11182.5 11179.9 11178.3 11179.4 11184 11188.8 11192 11194.8 11196.5 11197 11203 11216.4 11227.5 11234.3 11234.3 11230.5 11224.9 11221.2 11224.8 11231 11239.4 11248.4 11261.4 11266.9 11264.6 11265.1 11268.7 11275.4 11281.6 11289.1 11299.1 11313.6 11309 11298 11288.3 11279.6 11285.5 11292.4 11274.6
11181.5 11180.3 11175.3 11174 11174 11174.3 11174.9 11177.2 11178.6 11178 11179.7 11181.6 11182.2 11196.2 11198.3 11192.9 11189 11183.9 11178.5 11178.7 11204.2 11209 11206.2 11202.4 11198.3 11194.3 11190.4 11186.4 11182.8 11179.7 11178 11181.2 11183.8 11186.7 11189.4 11191.4 11193.5 11196.1 11202.1 11212.3 11221.6 11226.5 11230.3 11233.9 11233.1 11231.4 11233.1 11236.4 11240.4 11248.9 11265.3 11266.6 11260.4 11258.9 11261.4 11268.4 11275.5 11284.9 11288.6 11293.2 11306.6 11305.4 11300.5 11295.5 11284.9 11266.1 11255.3
