real_craters/C064-300m.grd
DSAA
176 176
-26.2675 26.2675
-26.2675 26.2675
10317.642651992 11532.7888398
[rows 90 to 119 of 176, columns 0 to 66 of 176]
11214.7 11219.6 11223.4 11225.6 11230.1 11231.3 11228.2 11223.7 11219.6 11215.1 11208.4 11202.3 11199 11195.9 11193.8 11191.1 11185.4 11181.2 11181.8 11181.6 11181.2 11181.4 11181.4 11181.1 11180.8 11180.8 11180.7 11179 11174.3 11173 11173.4 11174.6 11176.7 11179.2 11182.3 11185.7 11189.5 11193.7 11197.3 11204.5 11203.5 11198.2 11195.6 11195.2 11195.3 11196.3 11197.9 11200.6 11202.4 11204.2 11207.1 11209.1 11211.1 11213.5 11214.8 11218.3 11223.8 11234.9 11253.7 11275.5 11286.8 11283.8 11260.4 11209.6 11145.4 11065.8 10978.2
11212.7 11216.5 11219.4 11221.8 11227.7 11231.9 11231.4 11229.5 11227.9 11227 11225.2 11218.3 11209.3 11200.9 11192.8 11184.6 11182.1 11181.4 11180.7 11179.1 11178.1 11179.5 11180.7 11181.9 11184.5 11189.3 11197.1 11190.7 11181 11176.8 11175.7 11176.8 11179.1 11182.4 11186.4 11191.1 11196.4 11202.8 11208.2 11217.3 11216.4 11209.8 11205.2 11203.2 11201.2 11201.1 11203 11204.1 11206.1 11208.4 11210.3 11212.2 11214.4 11216.7 11218.1 11220.8 11225.7 11234.1 11251 11271.9 11289.4 11294.9 11277.7 11224.9 11159.4 11076.7 10985.4
11207.2 11211.7 11216.5 11221.8 11228 11231.2 11232.4 11233.1 11234.1 11236.3 11239.7 11231.2 11217.5 11205.4 11194.3 11184.7 11182.9 11184.3 11180.9 11178.8 11178.3 11178.9 11180.1 11181.8 11184.7 11189.3 11196.4 11190.5 11184.1 11177.1 11175.9 11177.4 11180.5 11184.9 11189.7 11195.2 11201.4 11208.4 11213.4 11218.5 11219.6 11215.7 11211.9 11209 11207.4 11206.7 11206.6 11207.4 11208.6 11210.9 11212.4 11215.6 11216.7 11219.1 11222.1 11224.2 11227.9 11232.2 11247.3 11268.2 11293.5 11307.6 11298.3 11245.2 11171 11093.4 10999.8
11202 11207.4 11213.8 11219.9 11226.6 11229.9 11232.1 11234.5 11236.9 11239.7 11240.6 11233.8 11222 11209.3 11197.5 11187.9 11183.3 11180.7 11179.4 11178.8 11179 11178.7 11179.6 11180.6 11181.4 11181.4 11177.8 11172 11169.5 11171.6 11173.9 11176.9 11180.8 11185.8 11191.2 11197.3 11204 11208.8 11216.3 11220.8 11221.6 11218.1 11215.1 11212.6 11212 11211.2 11209.7 11210.4 11211.6 11213.2 11214.1 11216.7 11220.4 11222.1 11226.1 11230 11234.1 11238.2 11255 11277 11302.7 11320.1 11315.6 11266.9 11192.7 11114.7 11022.2
11201.5 11206.3 11212 11217.7 11223.8 11227.3 11229.9 11234.4 11238.2 11240 11239.9 11233.9 11224.4 11212.9 11200.7 11189.9 11183.8 11181.2 11179.4 11178.4 11177.1 11177.9 11179 11179.2 11178.2 11174.7 11167 11159.6 11160.4 11166.9 11171.7 11175.9 11180.5 11185.5 11191.1 11197.4 11204.3 11209.3 11217.4 11224 11222.5 11218.7 11215.9 11213.6 11213.6 11212.9 11211.8 11212.5 11213.8 11215.6 11218 11218.7 11222.4 11225.6 11231.2 11237.1 11244.8 11254.5 11268.7 11288.6 11311.2 11330.5 11336.9 11287.2 11215.5 11140.9 11051.6
11201.7 11206.6 11210.6 11215.5 11220.6 11223.5 11226.7 11234.3 11240.2 11241.4 11237.3 11235.8 11228.3 11217 11204.4 11193 11186.2 11184.2 11182 11180.1 11178.1 11179 11179.8 11178.9 11176.8 11173.4 11168.2 11163.2 11162.6 11166.4 11170.5 11174.7 11179.3 11184.3 11189.7 11195.8 11202.5 11207.3 11214.4 11219.5 11219.7 11217.4 11215.4 11213.5 11212 11211.5 11211.6 11212.3 11213.7 11215.7 11218.4 11219.4 11223.7 11229 11236 11243.9 11254.4 11265.9 11275.1 11289.9 11313.5 11332.1 11334.1 11299.1 11238.2 11171.7 11088.8
11199.3 11203.9 11207.7 11212 11217.6 11219.4 11225.6 11236.3 11246.2 11250.9 11248.5 11244.3 11235 11222.5 11208.9 11196.3 11188.7 11187.4 11185.1 11184.3 11184.5 11183.9 11181.9 11179.5 11176.9 11174.4 11173.3 11174.2 11168.2 11167.5 11170.1 11173.6 11177.7 11182.4 11187.1 11192.8 11198.9 11203.4 11209.3 11213.4 11214.8 11214.3 11213.2 11212.3 11211.1 11211.2 11211.6 11212.7 11214.4 11216.6 11219.5 11223 11226 11231.7 11238.8 11247.7 11259.4 11269.8 11273.8 11286.9 11311.3 11331 11335.1 11311.5 11263 11206 11132.6
11197.9 11200.6 11204.3 11206.6 11208.1 11215.5 11225.3 11240.3 11255.2 11266.5 11267.8 11256.4 11242.9 11228.4 11213.7 11200.5 11192.2 11189.7 11188 11188 11189.9 11188.4 11183.4 11179.7 11176.6 11174.2 11172.8 11170.3 11167.7 11167.5 11169.4 11172.1 11175.7 11179.7 11184.1 11188.6 11194 11198.2 11204.7 11208.4 11209.5 11209.3 11209.7 11209.4 11210.2 11211 11211.5 11213.1 11215.2 11217.7 11220.7 11224.6 11228.6 11232.7 11238.7 11247.2 11258.4 11266.1 11262.5 11277.2 11306.9 11331.9 11344.5 11331.5 11291.4 11243.3 11180.3
11197.7 11200.6 11202.6 11203.4 11205.6 11214.4 11227.8 11245.4 11263.4 11278.1 11278.7 11265.2 11249.4 11233.6 11218.1 11204.1 11192.9 11190.5 11189.8 11189.6 11189 11186.2 11182.5 11178.8 11175.4 11172.4 11169.5 11166.3 11164.9 11165.9 11167.7 11170.1 11173.1 11176.4 11179.9 11183.6 11187.8 11191.3 11198.8 11202.1 11202.5 11203.1 11204.5 11206.6 11208.2 11209.9 11211.3 11213.4 11215.8 11218.5 11221.6 11224.7 11228.5 11231.2 11236.6 11242.4 11249.8 11254.1 11253 11271.2 11302.5 11332.7 11356.7 11355.9 11320.2 11280.3 11230.2
11196.9 11199.3 11200.8 11201.4 11204.5 11214.6 11230.6 11248.6 11267.3 11283.4 11282.6 11268.6 11252.4 11236.7 11221.9 11208.8 11196.2 11193.6 11192.2 11190.8 11187.6 11183.6 11181 11177.5 11173.8 11170.2 11166.5 11161.9 11162.2 11164.2 11166.1 11168.4 11171 11173.6 11176 11178.3 11180 11181 11185.1 11189.6 11193.4 11196.6 11199.9 11202.7 11205.4 11207.8 11209.5 11212 11214.7 11217.5 11220.6 11223.1 11226.6 11230.2 11231.9 11235.8 11238.5 11242 11248.8 11267.8 11296.6 11326.9 11355.9 11369.6 11336.9 11312.3 11280.7
11193.6 11194.8 11197.5 11198.8 11202.7 11212.8 11228.5 11245.3 11263.4 11280.9 11278.7 11265.7 11251.3 11237.2 11224 11213 11203.9 11199.4 11197.1 11194.5 11190 11185.3 11181.5 11177.1 11172.6 11168.5 11165.2 11163.2 11161.5 11162.6 11164.9 11167.2 11169.5 11171.6 11173.2 11173.7 11173 11170.1 11168.2 11176.1 11184.5 11190.3 11195.4 11199 11202.3 11205.5 11208.3 11209.7 11212.6 11215.5 11218.6 11221.6 11224.8 11227.8 11230.6 11231.1 11232.4 11235.4 11243.1 11262.6 11288.2 11312.7 11330.4 11331.7 11336.3 11336.6 11328.9
11188.6 11192 11192.3 11194.7 11199.1 11207.3 11217.9 11231 11248.7 11267 11264.8 11256.2 11245.7 11234.8 11224.1 11214.8 11207.1 11204.9 11205.6 11199.1 11193.4 11188.8 11182.9 11177.1 11171.7 11166.8 11162.9 11161 11160.4 11161 11163.6 11165.9 11168 11169.8 11170.9 11170.7 11167.5 11164.3 11161.7 11169.5 11179 11186.1 11191.4 11196.4 11200.2 11203.5 11206.6 11208.4 11210.9 11213.9 11217 11220 11223 11225.9 11227.1 11229.7 11231.2 11234.5 11239 11259.2 11280.1 11298.8 11311.1 11317.3 11334.2 11354.6 11370.2
11181.8 11187.2 11186.8 11190.7 11194.9 11200.4 11207.9 11216.5 11228.5 11235.6 11243.4 11242.8 11237.4 11230.4 11222.7 11215.5 11210 11207.6 11205.2 11199.9 11195.2 11190.1 11183.6 11177 11170.6 11164.7 11159.9 11157.2 11157 11159.5 11162.5 11165 11167.1 11168.9 11170 11170.3 11168 11165.2 11163.2 11170.1 11177.9 11184 11189.2 11193.7 11198.2 11201.1 11204.7 11207.9 11209.6 11212.6 11215.6 11218.6 11221.5 11224.5 11226.7 11230.2 11234.1 11239.2 11247.6 11259.3 11274.8 11289.6 11300.9 11310 11334.1 11366.6 11396.6
11174.1 11180.2 11184 11187.5 11192.6 11200.2 11203.2 11207.3 11214.1 11220.4 11227.2 11230 11228.6 11224.6 11220 11215.4 11210.8 11208.5 11206.9 11201.4 11195.8 11189.9 11183.7 11177 11170.1 11163.2 11157.4 11154.8 11155.1 11159.4 11162.7 11165.1 11167.1 11169 11170.8 11172.4 11172.5 11172.8 11172.2 11175.8 11180.3 11183.7 11187.9 11191.7 11195.1 11198.6 11201.5 11204.7 11210.7 11213.8 11216.7 11219.4 11222.1 11224.9 11227 11231.4 11236.8 11242.5 11249.8 11259.7 11271.6 11284.5 11296.6 11309 11337.2 11372.5 11404.3
11169.4 11174.6 11179.7 11182.3 11186.9 11193.8 11198.5 11201.1 11206.1 11210.7 11217.1 11220.5 11220.6 11218.9 11216.4 11214 11211.5 11209.9 11208.6 11202.4 11196.1 11190.6 11184.4 11177.6 11170.8 11163.5 11156.1 11156.3 11160.2 11162.3 11164 11165.7 11167.3 11169.2 11171.6 11174.7 11178.4 11184.9 11185.9 11183 11182.8 11184.1 11186.7 11190.1 11193.3 11199.2 11202.4 11206.2 11209.5 11211.9 11214.9 11217.7 11220.6 11223.4 11225.7 11230 11235.7 11241.8 11249.2 11257.3 11268.4 11280.7 11294.9 11312.9 11339.3 11371.2 11399.4
11168 11169.1 11171.1 11175.2 11179.1 11183.4 11191.9 11198.5 11204.3 11208.2 11211.3 11213.2 11214.1 11213.8 11212.7 11211.6 11210.2 11208.7 11206.6 11201.1 11195.3 11189.9 11184.4 11179.1 11173.4 11167.3 11161.6 11162.3 11166.8 11166 11166.3 11167.2 11168.2 11169.6 11171.6 11174.9 11179.6 11189.9 11192 11186.2 11184.8 11185.4 11187.7 11190.5 11193.7 11196.5 11200.1 11203.7 11207.1 11210.2 11213.9 11216.6 11217.7 11220.7 11223.6 11226.9 11230.8 11234.6 11242.3 11252.5 11263.8 11276 11290.6 11309 11333.8 11364.3 11390.2
11165.7 11165.6 11167.3 11170.2 11172.7 11175.7 11185.4 11195.6 11202.3 11205 11205.7 11207.1 11208 11208.5 11208.5 11208.1 11208.2 11206.9 11203.7 11198.7 11194.1 11189.4 11185.2 11182 11178 11173.8 11169.9 11168.8 11167.3 11168.6 11168.8 11168.9 11169 11169.6 11170.6 11172.3 11173.8 11177.3 11180.6 11181.8 11182.5 11183.9 11186.5 11189.2 11192.6 11192.7 11196 11199.4 11202.9 11206.1 11210 11213 11215.7 11218.5 11221.3 11224.2 11227.5 11231.7 11238.5 11247.4 11257.4 11268.9 11282.3 11296.5 11317.9 11353.4 11380.4
11164.7 11164.7 11165.9 11167.4 11168.5 11170.9 11179.6 11190.7 11195.6 11197.6 11199.1 11200.1 11200.9 11202 11203 11204.1 11206 11206.2 11202.2 11196.1 11194.4 11192 11188.7 11186.7 11183.7 11181 11179.4 11175.9 11175.3 11173.3 11171.5 11170.5 11170 11169.6 11169.3 11168.7 11166.9 11165 11169.8 11174.9 11177.6 11180.3 11183 11186.1 11189.3 11192.2 11195.8 11199.1 11202.2 11205.4 11208.5 11211.9 11214.6 11217 11219.4 11221.6 11225.3 11230.3 11235.2 11240.8 11248.2 11258.6 11272.1 11286.1 11304.3 11342.2 11369.2
11163.5 11163.6 11164.5 11165.4 11165.7 11167.1 11174.5 11186.1 11191.2 11190.3 11191.6 11192.9 11194.2 11195.6 11197.3 11199.5 11202.8 11205.7 11202.9 11197.9 11198 11198 11197.6 11192.5 11188.7 11186 11184 11180.5 11178.6 11175.8 11173.5 11172.2 11171.1 11169.8 11168.3 11165.5 11163.4 11162.2 11165.7 11169.9 11173.5 11178 11181.4 11184.2 11187.7 11192 11195.6 11199.1 11202 11205.5 11208.1 11211.1 11214.5 11216.6 11218.6 11220.4 11225.3 11229 11231.5 11231.6 11234.6 11242.8 11258.2 11280.8 11299.5 11332.1 11350.6
11162.2 11162.3 11162.7 11163.7 11163.7 11164.7 11170.4 11177.7 11179.1 11180.8 11183.7 11185.7 11187.7 11189.5 11191.4 11193.4 11196 11199.5 11201.4 11203.5 11204.2 11201.2 11197.7 11194.2 11191.9 11189.1 11185.3 11182.8 11178.5 11175.4 11174.8 11174.1 11172.6 11170.6 11168.1 11164.8 11162.7 11162.8 11164.7 11168 11172 11175.9 11178.7 11182.4 11187.6 11191.5 11193.6 11198.6 11202.1 11205.3 11208.3 11211.3 11214.1 11217 11219.1 11219.9 11226.6 11239.9 11226.2 11219 11216.4 11218.9 11230.5 11260.8 11328.8 11296.2 11300.7
11162.6 11162.3 11161.7 11162.3 11162.1 11162.5 11165.1 11167.7 11168.6 11172.1 11175.9 11178.2 11180.3 11182.8 11184.5 11186 11187.5 11188 11194.3 11206.2 11206.6 11199.6 11193.8 11193.4 11193.8 11195 11192.6 11186.2 11179.7 11176 11177.5 11177.3 11175.2 11172.2 11168.7 11164.6 11162.2 11162.2 11164.5 11167.3 11170.9 11175 11178.7 11182.6 11186.6 11190.2 11194.1 11197.4 11201 11204.4 11206.7 11210.1 11213.1 11217.5 11221.3 11224.8 11216.7 11209.8 11209.9 11202.5 11193.3 11185.2 11181.4 11184.8 11187.5 11179.6 11185.3
11162.8 11162 11160.6 11160.8 11160.6 11160.2 11160.7 11161.8 11163.1 11165.5 11168.8 11171.7 11173.9 11175.6 11177.6 11178.9 11179.9 11181.6 11187.1 11194 11196.3 11194.3 11193.3 11192.9 11193 11194.1 11193.4 11190 11185.4 11182.1 11184.1 11182.7 11179.1 11174.7 11169.9 11164.5 11161.4 11161.6 11163.9 11167.1 11171.2 11175.4 11179.7 11183.4 11187.4 11191 11194.1 11196.5 11200 11203.7 11207.2 11211 11214 11217.2 11220.6 11223.5 11213.9 11202.6 11199.1 11186.8 11168.5 11146.8 11121.7 11091.4 11053.1 11037 11041.2
11161.5 11162.5 11161.4 11160.8 11159.6 11158.4 11157.6 11157.9 11158.6 11160.7 11163.2 11165.6 11167.7 11169.5 11171.5 11172.4 11173 11173.2 11175 11177.8 11181.5 11185.3 11188.8 11189.2 11188.4 11190.3 11191.7 11193.5 11195.8 11197.6 11195.2 11189.6 11183.6 11177.6 11171.7 11164.9 11160.1 11159.8 11163.6 11167.3 11172 11176.4 11180.6 11184.4 11188 11191.9 11193.6 11197.5 11201.3 11205.9 11209.1 11211.9 11215.3 11216.3 11217 11220.3 11230.9 11226.2 11201.6 11177.4 11149.2 11114.8 11072.8 11020 10958.3 10925.6 10924.6
11160.7 11162.2 11161.4 11160 11158.7 11157.1 11156.1 11155.8 11154.8 11156.7 11159.3 11161.9 11163.3 11164.9 11166.1 11166.8 11167.2 11167.3 11168 11168.2 11170.8 11174.9 11178.3 11179.6 11180.1 11180.5 11187.2 11194.4 11203.5 11215.5 11204.3 11194.4 11187 11180.7 11174.4 11166.8 11160.6 11160.8 11165.2 11169.6 11173.9 11178.2 11182.2 11186.1 11189.3 11192.8 11194.8 11199.9 11203.6 11207.1 11210.9 11213.6 11216.6 11216.9 11216 11220.2 11235.3 11231.7 11203.3 11172.5 11138.3 11097.9 11048.2 10986.9 10917.7 10874.7 10871.8
11159.6 11159.3 11158.8 11158.6 11157.8 11156 11154.3 11153.9 11152.5 11153.9 11156.3 11158.5 11160.4 11162.1 11163.2 11163.9 11163.4 11163.6 11163.5 11163 11163.6 11166 11167.4 11169.1 11173.1 11176.3 11183.3 11191.1 11199.5 11204.7 11200.7 11194.1 11188.2 11183.2 11178.5 11171.8 11165.4 11166 11169.8 11173.2 11176.7 11180.2 11183.9 11187.5 11189.4 11194 11197.8 11203 11206.9 11210.2 11213.4 11216.8 11219.1 11220.6 11221 11223.9 11228.9 11222.7 11200.5 11171.8 11137.5 11097.8 11050.7 10995.1 10933.9 10894.1 10898.5
11157.9 11157.9 11157 11157 11156.8 11155.1 11153.7 11154.6 11153.1 11153.1 11154.8 11156.5 11157.9 11158.9 11159.6 11160.4 11161 11161.5 11162.1 11160.6 11159.4 11161 11162.6 11164.7 11170.2 11175.5 11180 11185.4 11190 11192.1 11191.4 11189.8 11187.7 11185.4 11183 11180.1 11178.2 11176.5 11176.8 11178.5 11180.9 11183.6 11186.4 11188.2 11191.8 11197.3 11200.9 11205.7 11209.6 11212.9 11216.2 11219.3 11222.7 11225.9 11230.4 11230.7 11227.5 11218.7 11199.5 11174.8 11146.4 11113.8 11077.7 11038.6 10998.1 10971.4 10999.9
11158.2 11157.1 11155.9 11155.6 11155.4 11154.2 11153.6 11154.1 11153.4 11153.1 11153.9 11154.9 11155.7 11156.5 11156.8 11157.4 11158 11158.7 11160 11158.7 11157.5 11160.3 11164.2 11167.1 11169.7 11172.9 11176.4 11179.9 11181.7 11180.5 11181.7 11185 11186.5 11186.9 11185.8 11186.8 11189.6 11185.2 11182.8 11183.2 11184.4 11185.1 11187.6 11189.8 11194.5 11198 11202.1 11207 11210.4 11213.7 11217.2 11220.8 11225.3 11229.3 11234 11234.5 11229.4 11220.3 11203.9 11182.8 11160.5 11137.9 11117 11101.9 11098.1 11108.1 11158.1
11160.3 11157 11154.5 11153.7 11153.9 11152.8 11152.1 11153 11153.2 11153 11152.9 11153.4 11153.7 11154.1 11154 11154.1 11154.5 11155 11155.2 11155.8 11157.3 11163.6 11169.7 11172.6 11170 11169.5 11173.7 11176.7 11177.6 11175.7 11177.4 11183.3 11186.4 11188.2 11188.5 11189.4 11188.7 11188.6 11186.8 11185.9 11186.4 11187.7 11190.9 11193.4 11197.4 11201.3 11205.8 11208.6 11212.6 11216.1 11219.5 11222.8 11226.7 11230 11232.6 11235.4 11233.6 11224 11210.4 11194.2 11179.1 11166.4 11159 11163.1 11189.1 11261.8 11286.2
11161.5 11158.3 11155 11152 11151.6 11151.5 11151.1 11151.9 11152.1 11152 11152 11151.8 11152 11152.1 11152 11152.1 11152.1 11152.2 11152.7 11155.8 11161.4 11171.7 11177.5 11178.4 11172.5 11170.2 11173.7 11176.3 11178.2 11180 11182.9 11185.5 11187.1 11188.8 11190.1 11191.9 11191.8 11190.8 11188.6 11187.4 11188.3 11189.2 11191.6 11193.9 11197.9 11201.1 11204.8 11208.3 11211.2 11214.9 11218.7 11222.4 11226.7 11229.8 11233.3 11235.6 11235.6 11226.8 11215.5 11205 11196 11190 11190.5 11201.1 11224.5 11251.6 11257.4
11162 11159.6 11156.8 11153.6 11151.8 11151.7 11150.8 11150.1 11151 11151 11151.3 11151.3 11151.1 11151.3 11151.1 11151 11150.9 11150.8 11151.9 11157.4 11169.1 11182.7 11185.8 11187.1 11181.5 11176.7 11176.4 11177.3 11180 11185.6 11191.6 11187.2 11186.2 11187.6 11189.8 11194.1 11194.9 11191.9 11189.9 11188.3 11188.7 11188.7 11191 11193 11195.8 11198.5 11201.7 11204.7 11208.6 11212.8 11216.8 11220.5 11224.6 11227.3 11229.6 11231.2 11231.3 11226.6 11220.9 11215.6 11211.5 11209.9 11212.9 11220.6 11231.3 11238.1 11241.7
