real_craters/C064-300m.grd
DSAA
176 176
-26.2675 26.2675
-26.2675 26.2675
10317.642651992 11532.7888398
[rows 60 to 89 of 176, columns 67 to 133 of 176]
11253.7 11259.3 11262.8 11247.9 11245.2 11239.1 11238.3 11233.7 11240.8 11247.3 11255.8 11262.9 11271.2 11279.1 11294.7 11302.2 11310.3 11317.1 11308.4 11286.3 11291.1 11293.1 11286.8 11278 11272.3 11258.7 11243.1 11227.7 11218.5 11219.9 11227.5 11228.3 11226.3 11222.5 11218.2 11214 11210.6 11207.2 11204.2 11201.7 11199.9 11197.3 11200.7 11193.1 11187.8 11184.3 11181.4 11179.4 11177.8 11177.8 11179.1 11182.3 11187.4 11192.2 11183.7 11175.6 11163.3 11154.3 11148.5 11144.2 11140.7 11137.6 11136.6 11138.1 11141.3 11145.1 11149
11265.9 11273.1 11278.4 11261.8 11262.7 11260.2 11258.2 11252.5 11257.9 11260.7 11265.3 11267.3 11274.3 11279.1 11296.5 11311.5 11336.7 11366.7 11387.3 11380.6 11361.3 11337 11315.5 11297.1 11287.8 11269.4 11244.6 11223 11214.4 11222.3 11237.8 11239.1 11235.5 11230.2 11224.6 11219.6 11215.5 11212.4 11209.9 11208.1 11207.2 11208.4 11206.2 11200 11194.4 11189.3 11185.1 11181.6 11179 11178 11178.5 11180.7 11184.4 11186.9 11179.4 11167.4 11162.2 11157.2 11152.5 11148.2 11144 11139.9 11137.9 11139.3 11142.8 11146.7 11151.1
11276.7 11285 11292.9 11279.7 11289.1 11290 11283.8 11276.2 11278 11273.5 11268.8 11266.7 11265 11267.1 11284.9 11312.8 11349 11400.6 11462.2 11481.1 11418.7 11366 11330.2 11306.4 11299.2 11286.5 11270.9 11254.6 11252.9 11259.6 11262.2 11255.3 11246.1 11237.9 11230.9 11225.5 11221.3 11218 11215.3 11213.5 11216.6 11215.9 11209.9 11203.3 11195.7 11189.3 11184.1 11180 11176.8 11174.8 11174.1 11174.7 11176.8 11177.2 11172.2 11164.3 11161.7 11159.3 11156 11151.6 11146.7 11141.5 11138.8 11140.6 11144.2 11148.3 11152.5
11283.7 11293 11305.4 11299.9 11315.5 11324.6 11320.1 11309.8 11301.2 11283.2 11265.1 11254.2 11241.8 11243.1 11264.4 11289.7 11327.6 11386.4 11463 11487.8 11415 11355.6 11318.6 11297.1 11298.6 11301.3 11318.3 11347.1 11359.4 11326.9 11293.9 11270.2 11253.8 11242.8 11235.2 11230.2 11226.5 11223.5 11220 11217.5 11221.1 11223.5 11218 11204.5 11195.3 11188.4 11182.9 11177.5 11173.3 11170.1 11168 11167.4 11168.5 11169.3 11168.2 11164.2 11163.6 11161.8 11159.3 11156.8 11150.4 11143.8 11141 11142.5 11146.1 11150.1 11154.2
11289.1 11298.4 11292.3 11316.5 11338.1 11362 11371.8 11353.6 11322.7 11287.2 11260.3 11227.8 11217.6 11212.5 11225.6 11239.6 11267 11309.8 11361.2 11375.4 11337.6 11299.2 11273.8 11261.4 11274 11288.8 11329.5 11420.1 11436 11354.4 11300.2 11267.6 11247.9 11236.5 11229.5 11226.6 11225.3 11224.3 11222.5 11219.1 11219.9 11217.4 11210.7 11203 11195.7 11189.8 11184.7 11178.9 11173.9 11168.8 11164.3 11161.2 11160 11163.5 11168.7 11170.1 11167.3 11164.7 11161.8 11158.6 11152 11145.5 11143.2 11144.9 11148.2 11152.1 11155.9
11286.3 11293.7 11294.5 11321.1 11346.6 11385.4 11415.7 11381.1 11326.2 11271 11231.6 11196 11176.3 11163.8 11166.1 11168 11178.1 11192.7 11207.4 11221.2 11220.1 11210.9 11202.5 11199 11221.6 11235.5 11257.9 11273.1 11311.6 11295.3 11264.5 11240.5 11225.5 11218 11214.8 11216.2 11219.2 11222.1 11223.2 11221.5 11221 11213.4 11206.3 11204.8 11201.8 11197.6 11192.3 11185.6 11178.2 11170.4 11162.8 11155.7 11152.8 11159.2 11168.8 11172.5 11170.2 11167.2 11163.7 11159.1 11153.3 11146.5 11145.4 11147.8 11150.7 11154.2 11157.6
11276.2 11279.6 11283.7 11304.4 11328.8 11367.7 11398.3 11355.6 11295.7 11229.3 11182.4 11149 11120.5 11098.7 11092.2 11081.3 11074.9 11069.2 11059.1 11077.1 11097.2 11108.7 11113.8 11122.2 11147.7 11157.7 11163 11153.3 11178.6 11204.3 11199.8 11191.6 11186.6 11186.8 11191.8 11201.2 11210.9 11220.2 11226.4 11228.3 11226.5 11226.4 11215.7 11216 11215.6 11212 11205.5 11196.4 11186.1 11175.2 11164.4 11153.3 11149.4 11157.8 11168.2 11172.6 11171.8 11169.3 11165.9 11161.6 11156.6 11152.3 11150.5 11151.9 11154.2 11156.7 11159.5
11257.6 11255.1 11257.1 11267 11279.3 11299.5 11314 11277.5 11228.9 11168.7 11125.5 11087.6 11054 11027.4 11013.3 10994.8 10976.4 10959.8 10945.5 10960.8 10983.1 11002.9 11022.8 11037.5 11063.2 11074.4 11083.2 11086.3 11099.5 11122.5 11127.3 11130.5 11136.7 11146.8 11160.8 11178.1 11197.7 11216.7 11233.2 11242.9 11241.9 11232.4 11231.6 11237.2 11237.5 11232.4 11222.7 11211 11197.3 11183.1 11169.3 11154.9 11150.7 11158.9 11168.9 11172.9 11172.8 11171.1 11168.2 11164.9 11160.7 11157.2 11155.9 11156.5 11157.8 11159 11160.9
11231.7 11220.3 11221.9 11214.4 11208.4 11198.2 11182.3 11171.2 11141.8 11098.3 11057.1 11024.5 10989.5 10969.4 10936.1 10907.2 10883.4 10864.4 10857.1 10862.8 10879.8 10901.5 10928.1 10957.6 10972.3 10986.8 11004.6 11035.3 11050.1 11042.2 11047.6 11060.7 11076.4 11096.8 11120.9 11148.5 11178.8 11211.3 11242.5 11268 11277.2 11269.4 11267.8 11271.7 11268 11258 11244.2 11228.1 11210.6 11193 11176.5 11159.5 11155.3 11162 11168.5 11172.7 11173.9 11173.1 11170.7 11167.8 11165.4 11162.3 11161 11160.8 11160.9 11161.7 11162.9
11201.3 11180.9 11175.4 11156.1 11131.5 11103 11077.9 11071.3 11051.8 11019.3 10985.5 10950.5 10915.1 10892 10857.8 10823.4 10790 10765.3 10757.3 10763.8 10782.7 10804.8 10833.9 10863 10878.4 10892.4 10906.6 10919.5 10928.1 10941.5 10959.1 10983.2 11010.9 11040.9 11075.2 11112.9 11155 11201.3 11250 11300.5 11345.3 11353 11330.9 11320.6 11306.2 11288.1 11267.8 11246.4 11224.9 11204 11184.9 11166.3 11162.7 11167 11171.8 11174.3 11175.4 11175.7 11175.3 11173.8 11171.8 11169.2 11166.5 11165.1 11164.2 11164.6 11165.1
11168.3 11139.1 11127.2 11095.2 11061 11024.2 10997.2 10985.2 10966.3 10942.4 10912.7 10880.3 10844.8 10816.5 10777.5 10737.1 10697.7 10662.6 10649.6 10664.7 10691.5 10715.3 10742.7 10770.1 10784 10794.8 10802.7 10796.6 10799.3 10833.8 10865.2 10900.9 10938.9 10978.5 11022 11069.1 11121.8 11181 11248.1 11325.7 11407.1 11433 11399.7 11371.7 11344.1 11316.8 11289.6 11263.6 11238.5 11214.6 11192.7 11171.9 11167.4 11170.1 11174.9 11175.2 11176.8 11178.3 11179.1 11178.8 11178 11175.7 11171.2 11168.6 11166.9 11166.7 11167.1
11135.1 11098.7 11080.6 11039.4 10997.3 10955 10926.7 10910.3 10891.5 10868.1 10839.7 10810.2 10775.2 10747.3 10704.7 10660.7 10617 10575.1 10560.2 10581.6 10609.9 10634.3 10659.6 10684.1 10695.2 10702.1 10707.4 10717.6 10710.1 10735.7 10775 10819.7 10866.4 10914.9 10964.6 11019.2 11079 11146.4 11224 11316.1 11421.9 11477.6 11447.7 11408.4 11371.5 11337.6 11305.8 11276.1 11248.9 11223.4 11198.9 11176.2 11168.8 11169.4 11169.9 11174.1 11177.5 11180.5 11182.7 11181.9 11180.6 11178 11173.5 11170.8 11169 11168.1 11167.9
11099.7 11074.8 11034.6 10988.4 10940.8 10892 10863.1 10845.6 10826.6 10803.1 10773.9 10744.7 10709.9 10682.8 10639.6 10593.4 10550 10511.4 10500.1 10517.4 10542.8 10569 10588.5 10610.2 10617.9 10619.8 10616.1 10605.6 10610.7 10647.4 10696 10748.4 10801.8 10856.3 10910.6 10968.7 11031 11099.8 11177.8 11268.4 11368.7 11471.1 11456.5 11419.7 11381.7 11346.1 11312.8 11281.3 11254 11229 11205.5 11184.4 11175 11172.1 11170.6 11174.3 11178 11181.2 11184.6 11181.6 11178.4 11175.9 11173.5 11171.4 11169.7 11168.5 11168.4
11068.1 11038.4 10991.8 10941.8 10893 10845.8 10813.6 10789.6 10766.8 10742.8 10714.6 10684.1 10649.8 10624.1 10582.1 10539 10496.8 10462.2 10453.4 10466.2 10486.1 10508 10524.6 10543 10548.7 10548.6 10541.2 10530.5 10536.4 10574.2 10624.8 10679.2 10734.2 10789.7 10844.8 10904.1 10966.2 11033.4 11107.7 11191.9 11288.8 11425.5 11429.2 11405.7 11374.9 11341.4 11310.7 11282.4 11256.4 11233.2 11211.2 11196.1 11184.4 11177.8 11174.6 11176.6 11179 11180.4 11180.1 11178.1 11173.6 11172.6 11172.6 11170.9 11169.7 11168.5 11168.7
11038.3 11004.2 10951.4 10898.8 10850.8 10808.4 10771.1 10740 10715.8 10690.5 10663.4 10632.8 10599.3 10574.4 10534.3 10493.6 10455.5 10424.5 10417.1 10428.6 10443.7 10460.4 10474.5 10490.4 10495.1 10495.3 10491.7 10487.3 10491 10521.8 10567.7 10619.1 10672.2 10726.2 10781.3 10837.2 10896.5 10959.8 11028.7 11107.3 11205.4 11355.3 11377.7 11371.4 11352.3 11328.4 11302 11277.3 11254 11232.9 11213.1 11202.1 11191.4 11183.3 11179.6 11180.5 11181.3 11181 11178.1 11176.4 11173.5 11172 11172.1 11171 11170.3 11169.7 11168.6
11011.3 10973.2 10915.2 10857.5 10803.2 10764.7 10725.2 10694.6 10670.1 10644 10616.1 10586.3 10553.9 10532.8 10495.1 10457.3 10424.2 10398.7 10391.1 10397.7 10409.1 10424.6 10436.1 10448.1 10452.5 10454.2 10455.6 10455.6 10458.5 10483.5 10522.9 10569.7 10619.1 10670 10722 10773.9 10829 10887.3 10951 11025 11130.5 11279.1 11314.5 11323.7 11317.7 11303.8 11285.1 11265.3 11245.4 11226.9 11209.3 11200.1 11196 11191 11187.5 11185.7 11184.5 11184.2 11183.3 11176.8 11172.1 11172.3 11172.9 11172.4 11171.9 11171.1 11169.2
10987.1 10945.4 10883.9 10821.1 10756 10697 10679.7 10653.9 10629.9 10604.3 10575.6 10546.6 10515.4 10497.3 10462.1 10428.4 10399.1 10378 10370.4 10373.1 10381 10393.7 10407.5 10414.7 10419.1 10421.1 10423.1 10425.2 10430.8 10452.5 10486.9 10528.2 10572.8 10619.2 10667 10716 10764.6 10818 10876.9 10947.4 11066.7 11202.5 11247.5 11270.5 11277 11273.3 11263.7 11249.7 11233.5 11217 11200.3 11196 11196.9 11201.7 11194.8 11190.4 11187.5 11184 11180.8 11178.5 11174.3 11174.7 11175 11174.7 11174.2 11173.1 11170.9
10967.6 10922.9 10859.4 10796.2 10734.1 10684.2 10653.3 10622.9 10596.5 10570.6 10543.2 10514.7 10484.7 10467.7 10434.5 10404.1 10377 10358.7 10353.3 10354.7 10360.4 10370.5 10382.9 10389.8 10394.5 10396.4 10396 10400.1 10408.9 10428.1 10458.1 10492.7 10531.4 10572.2 10614.9 10659.3 10704.8 10755.2 10811.1 10881.7 11004.9 11123.6 11183.8 11219 11236.6 11242.9 11241.1 11232.9 11220.9 11206.1 11188.4 11182.7 11190.3 11191.6 11194.6 11192.9 11190.6 11188.4 11185.7 11184.3 11183.2 11179.7 11178.2 11177.4 11176.3 11175 11173.7
10951.2 10903.9 10839.3 10777.8 10722 10673.6 10635.4 10599.6 10570.7 10544 10516.6 10488.6 10459.6 10443.8 10412.1 10383.5 10357.8 10341.6 10338.7 10342.2 10347 10353.3 10366.2 10373.5 10379.3 10382.7 10383.4 10387.2 10394.8 10410.4 10435.1 10464.2 10497 10532.8 10570.4 10610.4 10653.2 10702.1 10759.4 10832.7 10959.3 11065.3 11129.9 11172.7 11198.9 11214.2 11219.5 11217.3 11209.9 11197 11182.1 11180.3 11190 11196.9 11196.3 11194.7 11193.2 11192.2 11189.8 11186.8 11185.1 11183.6 11182 11180.5 11178.8 11176.9 11175
10934 10884.6 10819.6 10757.7 10707.6 10660.7 10617.7 10581.5 10550.7 10521.7 10494.4 10467.9 10440.4 10424.9 10394.5 10367.2 10342.4 10328.5 10327.8 10331.1 10337.2 10345.1 10357 10365 10372.6 10379.2 10384.6 10384 10387.6 10399 10418.4 10442.4 10470.1 10500.9 10534.1 10570.4 10610.9 10658.9 10720.9 10808.2 10936.2 11024.9 11087.8 11134.4 11166.7 11187.8 11199.8 11204.4 11202.4 11194.2 11183.4 11183.1 11191.5 11200 11197 11195.6 11194.7 11194 11192.5 11189.6 11187.7 11187.4 11185.8 11183.7 11181.3 11178.9 11176.3
10936.1 10867 10799.4 10734.2 10670.8 10630.3 10596.4 10562.5 10532 10503.6 10476.6 10450 10424 10410.5 10382.4 10355.7 10331.9 10320.2 10321.5 10325.3 10331.4 10339.6 10352.8 10361.3 10370.1 10379.2 10388.6 10383.4 10383.7 10392.1 10407.2 10426.2 10449.6 10476.4 10505.9 10539.3 10577.3 10622 10682 10771 10913.5 10993 11054.4 11103 11139.7 11167 11185.2 11196.5 11200.6 11198 11193.2 11191.2 11189.5 11191.9 11194.7 11195.7 11196 11195 11196.8 11196.9 11195.2 11192.9 11190 11187.1 11184.1 11181.1 11177.9
10925.9 10853.2 10782.3 10714 10660.2 10612.5 10576.5 10545.7 10516.9 10490.2 10464.7 10439.5 10414.2 10401.4 10375.5 10350.2 10327.3 10317.6 10319.7 10323.4 10331.2 10339.2 10351.8 10359.9 10368.4 10376.6 10382.4 10379.4 10379.3 10386.5 10397.8 10413.5 10434 10457.8 10484.4 10514 10548.3 10588.3 10641.3 10717.5 10879.1 10960.7 11025 11076.1 11117 11150.2 11174.3 11191.9 11202.3 11205.9 11206.8 11201.1 11191.3 11190.6 11193.5 11196.5 11199 11201.5 11203.1 11204.1 11202.2 11198.5 11194.2 11190.4 11186.8 11183.4 11179.9
10916.6 10840.9 10766 10692.9 10627.3 10592 10561.2 10533.4 10507.1 10480.9 10456.1 10432.1 10408.7 10386.1 10374 10350.7 10329.9 10321.2 10322.7 10326.5 10333.1 10340.4 10352.5 10359.7 10366.9 10372.7 10376.3 10374.1 10374.1 10377.4 10387.5 10402.9 10421.7 10442.9 10466.8 10494 10525.1 10561.5 10610.7 10691.1 10841.8 10931 11000.7 11056.1 11101.1 11140 11169.7 11192.7 11208 11214.6 11215.9 11207.9 11194 11192 11194.9 11198.4 11201.8 11205.3 11208.7 11211.9 11207.7 11202.6 11197.5 11193.2 11189.2 11185.5 11182
10910 10832.6 10755.9 10679.9 10614.6 10579.9 10551.6 10526.1 10501.6 10476.7 10452.6 10430 10408.8 10387.9 10377.7 10356 10337 10328.8 10328.9 10330.9 10336.5 10342.6 10354.1 10360.5 10366.8 10370.3 10371.6 10371.3 10370.4 10373.1 10382 10395.5 10412 10430.8 10452.5 10478 10507.6 10543.3 10591.7 10676.9 10823.7 10911.2 10982.6 11041.6 11091.7 11135.5 11170.7 11198.5 11218 11226.9 11226.8 11216.6 11200.3 11196.9 11198.5 11201.7 11204.6 11207 11210.3 11212.4 11209.1 11204.2 11200 11195.9 11192.6 11189 11185.5
10906.2 10829.6 10753.3 10678.6 10616.4 10579.2 10549.2 10523.8 10498.6 10475.6 10452.6 10431.7 10412 10393.3 10384 10364.4 10347.4 10339 10338 10338.3 10341.3 10346 10356.9 10362.4 10368.9 10374.5 10374 10371.1 10369.9 10373.6 10382.2 10391.4 10405.1 10421.9 10442.1 10466.5 10496.1 10533.9 10584.7 10688 10816.8 10897.6 10968.9 11030.7 11085.1 11133.4 11173.9 11207.3 11231.3 11243.5 11246.1 11224.5 11210.6 11203.9 11203.7 11206.3 11209.4 11210.6 11209.7 11207.7 11207.2 11204.7 11201.1 11197.8 11194.4 11191 11187.8
10904.8 10828.7 10755.7 10686.6 10627.1 10586.2 10551.6 10523.9 10497.9 10475.5 10454.5 10435.5 10417.2 10400.4 10393.2 10374.6 10358.7 10350.2 10347.8 10346.8 10347 10356.7 10360 10364.2 10370.1 10376.7 10374.1 10370.2 10368.8 10373 10381.5 10388.1 10399.4 10414.6 10434.3 10458.3 10488.7 10529.2 10582 10690.6 10799.5 10885.3 10957.3 11021.7 11080.7 11133.7 11179.7 11218.2 11246.5 11259.5 11257.2 11234.1 11215.4 11209.3 11208.4 11210.7 11214.8 11214.8 11211.2 11208.1 11206.9 11205.3 11202.4 11199.4 11196.1 11192.9 11189.8
10902.6 10827.9 10760.5 10698.6 10641.7 10595.1 10555.3 10525.7 10498.9 10477 10457.4 10439.9 10423.9 10409.4 10404 10387 10371.5 10363.1 10358 10354.8 10353.5 10362 10363 10364.6 10368.1 10371.4 10369.2 10366.6 10365.7 10369.1 10374.9 10383.6 10394.3 10408.4 10427.2 10450.9 10482.2 10525.2 10584.4 10692.2 10788.7 10874 10948 11015.1 11077.6 11135 11186.6 11231.4 11264.9 11283.3 11276.3 11246.4 11222.1 11214.8 11212.3 11213.1 11216.1 11215.5 11212.4 11209.9 11207.5 11205.6 11203.1 11200.2 11197.3 11194.4 11191.6
10899.3 10826 10760.6 10701.2 10645.1 10598.1 10558.2 10526.7 10500.8 10479.8 10460.4 10443.9 10430 10418.3 10415.9 10402 10387.5 10376.4 10368.4 10362.8 10360.1 10366.2 10365.2 10364.5 10364.6 10362.8 10362.9 10361.5 10362 10365.8 10372.6 10380.5 10389.4 10402.1 10419.9 10443.3 10474.4 10515.9 10576.2 10691.1 10780.6 10865.5 10940.9 11010.3 11075.9 11137.2 11193.6 11244.4 11286.7 11314.3 11304.7 11263.9 11234.1 11221.6 11215 11212.4 11212.5 11212.3 11211.5 11210.1 11207.7 11206 11203.6 11200.6 11197.7 11194.8 11191.9
10895.8 10818.7 10751.8 10693.1 10637.9 10593.8 10557.1 10526.8 10502.6 10481.6 10463.1 10447.9 10435.8 10426.5 10427.2 10417.1 10402.2 10388.1 10377.2 10370.5 10366.3 10369.7 10367.1 10365 10362.9 10361.5 10358.7 10357.3 10358.8 10363 10374.2 10378.7 10384.8 10396.8 10414.2 10437.3 10467.6 10508.1 10566.9 10680.2 10774.1 10859.5 10935.4 11007.8 11074 11136.5 11195.2 11250 11299.7 11337.8 11324.4 11278.3 11246.5 11227.3 11215.8 11209.2 11206.4 11207 11208.2 11208.3 11206.8 11205.4 11203.4 11201 11198 11194.5 11191.5
10889.7 10807.1 10733.9 10672.5 10621.2 10583.8 10552.8 10525.8 10504.2 10483.7 10466.6 10451.7 10439.5 10430.4 10433.9 10428.3 10412 10394.8 10383 10376.6 10371.4 10372.4 10369.4 10367.1 10362.9 10356.9 10356.3 10353.8 10354.2 10356.7 10365.1 10371 10379.1 10392.9 10411.3 10435.1 10464.9 10504.4 10566.1 10684.5 10776.4 10858.9 10934.2 11006 11072 11134.1 11192.5 11246.2 11294.6 11332.7 11318 11277.6 11248.8 11228.1 11214.2 11204.6 11199.1 11201.6 11204.5 11205.9 11205.6 11204.9 11203.1 11201.1 11199 11196.1 11193
