real_craters/C064-500m.grd
DSAA
106 106
-26.2675 26.2675
-26.2675 26.2675
10320.786254466 11524.424791851
[rows 0 to 29 of 106, columns 0 to 66 of 106]
11125.5 11116.6 11127.4 11120.7 11120.9 11125.4 11129.4 11132.1 11136.2 11138 11134.1 11132.6 11131.4 11129.8 11128.6 11127.1 11126.9 11126.7 11127.4 11128.4 11132.3 11136.2 11140.4 11145.5 11149.7 11143.7 11136.7 11129.9 11123.1 11115.5 11106.7 11102.9 11101.4 11100.4 11099.6 11099.4 11098 11096.3 11094.2 11091.9 11089.2 11084.9 11081.5 11085.4 11088 11090.2 11091.7 11092.5 11092.3 11090.9 11091.3 11089.4 11087.3 11084 11078.3 11072.4 11067.5 11063.7 11061.2 11059 11056.7 11053.9 11051 11052.1 11053.1 11053.2 11052.6
11130.9 11131.5 11130.9 11125.2 11126.2 11134.9 11133.2 11133.3 11132.4 11130.4 11132.4 11132.5 11131.9 11130.4 11129.3 11128.4 11128 11128.1 11128.2 11132.3 11134.6 11137.5 11140.6 11143.6 11144.1 11142.3 11137.8 11132 11125.3 11117.3 11108.9 11103 11102.4 11102.3 11101.7 11100.9 11099.7 11098.4 11096.2 11094.1 11092 11090.6 11088.6 11089.1 11091 11093 11095 11095.9 11095.6 11094.6 11095.4 11095.5 11093.1 11087.9 11081.5 11075.2 11069.7 11066.4 11064 11061.6 11058.5 11055.7 11053.6 11054.4 11055.8 11056.7 11056.9
11135.5 11135.7 11130.3 11129 11129.8 11130.9 11133.7 11133.8 11132.9 11131.8 11132.5 11132.4 11131.1 11130.1 11128.9 11128 11127.9 11128.4 11129.3 11133.2 11135 11136.8 11138.5 11139.8 11139.8 11139.7 11137.5 11133.7 11128.6 11121.4 11112.3 11107.4 11106.4 11106.2 11106 11105.2 11103.9 11101.9 11099.2 11097.1 11095 11094.6 11093.9 11093 11094.3 11096.5 11098.5 11100.3 11101.4 11100.3 11100.7 11100.9 11098.8 11091.3 11085.1 11079 11072.1 11070.4 11068 11064.8 11061 11057.7 11057.7 11057.6 11059.4 11061.4 11062.9
11139.2 11137.5 11133.8 11135 11133.1 11135.2 11134.5 11133.8 11134.1 11134.6 11133.9 11132.2 11129.6 11127.8 11127.3 11127.5 11127.5 11128.9 11129.3 11130.6 11133.8 11133.3 11134 11134.8 11136.6 11136.8 11136.8 11135.8 11133.8 11129.7 11121.1 11112.9 11112.6 11112.8 11111.9 11110.4 11108.5 11106.1 11104 11101.3 11097.9 11093.1 11093.3 11096 11098.1 11099.9 11101.6 11103.8 11108.5 11109.6 11104.1 11100.5 11096.1 11093 11089.5 11085 11081 11076.6 11073.4 11069.3 11063.5 11058.2 11056.6 11060 11063.5 11066.7 11069.5
11141.3 11133.5 11128.1 11128 11127.8 11129.1 11130 11131.9 11134.4 11136.3 11135.2 11131.9 11127.7 11124.4 11125.1 11126.3 11127.3 11128.5 11129.6 11130.7 11130.9 11131.7 11132 11128.1 11129.3 11135 11137.5 11138.8 11139.8 11141 11138.9 11125 11122.7 11120.7 11118.5 11116 11113.4 11110.9 11108.4 11106 11103.3 11099.3 11098.7 11100.1 11101.1 11102.6 11103.3 11104.1 11105.3 11106.6 11104.7 11099.4 11092 11095.8 11096.4 11091.6 11086.5 11083.6 11079.4 11074.4 11067.6 11062.4 11060.3 11063.7 11067.6 11071.9 11076.4
11138.2 11130.9 11125.8 11123.4 11121.7 11121.3 11124.1 11129.2 11133.4 11140.4 11136.8 11130 11126.4 11125.2 11124.2 11125.2 11126.4 11127.5 11128.6 11128.5 11129.9 11131.5 11133.3 11136 11135.5 11136.8 11139.1 11141.5 11144.2 11148.6 11152.7 11139.8 11133.9 11128.5 11123.9 11120.8 11117.5 11114.6 11112.4 11110.5 11109.3 11111.5 11106.6 11104.7 11103.8 11103.1 11104.2 11105.5 11105.7 11106.9 11108.6 11105.2 11099.7 11106.7 11110.9 11105.6 11097.5 11093.9 11087.5 11079.9 11075.7 11072.4 11069.3 11069.2 11071.3 11075.2 11080.3
11139.5 11134.2 11130.8 11128.8 11125.4 11124.1 11125.2 11128.1 11129.3 11127.2 11125 11124.8 11123.2 11122.7 11123 11124.2 11125.6 11127 11128.3 11129.5 11129.6 11130.3 11133.4 11139.2 11138.8 11138.7 11140.7 11143.2 11145.4 11147.2 11149 11153.1 11143.2 11135.1 11129.1 11124.3 11120.6 11117.3 11115.3 11113.3 11111.4 11109.7 11108 11106.5 11105.3 11105.1 11106.9 11109.6 11112.9 11114.9 11117.8 11121.3 11120.6 11129.5 11132 11133.2 11122.2 11106.1 11095.1 11086.3 11083.5 11082.2 11077.8 11074.6 11074.1 11074.6 11077.8
11145.2 11142.2 11138 11136.5 11135 11131.7 11130.5 11129.5 11127 11122.3 11119.9 11120.7 11119.8 11119.9 11121.7 11123.3 11125 11126.6 11127.3 11129.7 11129.2 11128.9 11129.4 11132.7 11135.3 11138.4 11141.8 11144.6 11146.2 11145.1 11146.3 11152.9 11145.6 11138.2 11132.1 11127.1 11123.4 11120.5 11118.1 11116 11113.5 11111 11109.3 11108.6 11107.4 11108.1 11108.8 11110.4 11115 11118.3 11125.5 11138.9 11163.5 11157.5 11141.9 11142.7 11128.9 11108.5 11097.1 11091.7 11087.7 11084.4 11081.1 11077.1 11075.3 11075.6 11075.3
11145 11143.9 11142.3 11141.7 11141.1 11137.5 11136.5 11132.2 11127.9 11123.8 11121.2 11120.4 11119.4 11119.7 11121.6 11123.1 11124.2 11127.1 11128.6 11129.2 11129.1 11128.6 11126.1 11120.5 11131.4 11138.4 11143.2 11147.1 11149.2 11148.3 11146.9 11148.1 11143.5 11138 11133.2 11129 11125.8 11122.8 11120.5 11118.4 11116.6 11114.7 11112.2 11111 11109.6 11108.8 11108.3 11108.1 11108.5 11115.1 11123.7 11136.3 11152.7 11143.5 11122 11107.1 11102.6 11097.4 11092.2 11090 11089 11088.4 11082.6 11077.7 11073.8 11071.3 11070.3
11144.7 11145 11144.8 11145.2 11145.5 11140.5 11138.9 11134.2 11129.4 11125.3 11122.2 11122.2 11122.7 11122.1 11122.7 11123.7 11126 11127.7 11129.4 11128.9 11130.3 11131.6 11132.6 11134 11136.4 11140.7 11145.4 11149.7 11153.8 11158 11154.6 11145.1 11140 11136 11132.3 11129.3 11126.7 11124.4 11122.3 11120.5 11118.7 11117 11114.2 11111.7 11110.3 11108.9 11107.2 11106 11106.3 11109.3 11113.5 11116.3 11112.9 11102.5 11090 11073.7 11078.2 11083 11083.9 11084.8 11085.1 11085.7 11080.5 11076.3 11075 11072.7 11067.9
11148.4 11147.2 11147.3 11146.4 11146.6 11140.6 11137.9 11134.6 11130.8 11127.5 11126.8 11123.4 11124 11122.9 11123.1 11124.5 11126.3 11128 11129.9 11131.8 11132.8 11135.1 11138.4 11141.6 11141.5 11143.9 11147.4 11151.1 11155 11159.8 11154.6 11143.7 11137.2 11133.5 11131.3 11129.6 11127.8 11125.9 11124 11122.2 11120.4 11119.7 11116.6 11113.1 11110.4 11107.9 11106.4 11103.9 11103 11103.1 11102.2 11098.1 11086.9 11074.6 11070.4 11064.9 11069.3 11075.2 11078 11079.1 11077.7 11076.3 11077.4 11077.1 11074.4 11070.7 11065.2
11150.6 11150.2 11150.5 11150.7 11150.2 11141.9 11138.8 11135.5 11131.6 11128.1 11125.3 11121.4 11117.4 11120.5 11122.8 11124.9 11127 11129.2 11131.4 11132.7 11134.4 11136.5 11139.1 11141.9 11143.6 11146.2 11149.1 11151.3 11152.4 11149.4 11145.5 11137.8 11132.2 11130.5 11130.2 11129.8 11128.8 11127.3 11125.6 11124 11125.3 11120.4 11118.1 11116 11112.6 11109.3 11105.8 11102.6 11100.7 11099 11095.3 11089.1 11079.1 11069.7 11065.8 11064.5 11069.9 11075.3 11077.3 11077.3 11073.2 11072.3 11075.7 11076.4 11074.1 11069.7 11064.2
11151.7 11152.7 11154 11155.8 11155 11145.2 11140.9 11137.1 11132.1 11127.5 11123 11119.4 11117.6 11120.3 11123.2 11125.7 11128 11130.2 11132.1 11134.2 11136.5 11138.3 11137.9 11140.8 11144.5 11146.9 11149.4 11151.3 11152 11148.8 11141.7 11131.8 11126.9 11128.8 11130.6 11131.2 11130.2 11128.9 11126.8 11124.3 11122 11120.1 11120.6 11119 11116.3 11112.4 11107.6 11102.9 11099.8 11097.4 11094 11088.1 11081.6 11076.3 11072.3 11071.8 11078.1 11082.9 11085.6 11084.1 11073.8 11073.1 11079.3 11079.3 11076 11070.3 11064.5
11153.4 11154.9 11156.4 11157.4 11157.8 11147.4 11141 11137.1 11131.9 11127.1 11122.3 11120.6 11121 11123 11125.3 11127.3 11129.2 11131.3 11132.8 11135.6 11138.7 11142.1 11144.5 11145.3 11146.3 11147.4 11149.3 11151.6 11153.8 11154.2 11144.8 11133.6 11128.6 11132.2 11134.9 11135.5 11134.9 11133.6 11131.1 11127.1 11122.4 11123.4 11125.1 11123.6 11119.8 11114.5 11109.1 11103 11100 11098.4 11095.6 11091.6 11086.9 11083.3 11087 11090.4 11092 11096.4 11101.3 11103.1 11098.7 11094.4 11092 11087.2 11081 11073.2 11066.2
11155.5 11156.5 11158 11158.8 11157.2 11146.1 11139.4 11135.9 11131.8 11128.3 11126.1 11126.4 11127 11127.1 11128.1 11129.3 11130.9 11131.6 11133.5 11136 11140 11145.3 11150.4 11149.8 11147.2 11146.8 11147.8 11150.1 11153.4 11154.7 11148.7 11141.7 11138.5 11141 11142.2 11142 11141.1 11139.8 11137.9 11135.2 11135.1 11135.2 11133.7 11129.8 11124.4 11118 11111.7 11107.9 11104 11102.1 11100.5 11098.2 11095.1 11091.8 11095.2 11101.9 11105.8 11109.4 11116.2 11124.9 11135.6 11121.5 11106.8 11095.5 11087.1 11078.3 11070.1
11155.8 11157.2 11158.6 11160.2 11159.1 11149.1 11139.5 11135.5 11131.6 11129.3 11129.1 11131.8 11132.4 11131 11130.8 11131.3 11132.2 11133.3 11133.7 11136.2 11139 11143 11148.7 11146.7 11144.7 11144 11144.5 11145.7 11148.5 11152.4 11151.2 11152.6 11154.2 11153.9 11151 11148.6 11146.9 11145.5 11145.9 11147.2 11150.9 11149.8 11144 11137.7 11130 11121.3 11113.6 11110.8 11107.7 11107 11107.5 11108 11108.1 11105.5 11107.2 11114.4 11118.6 11119.8 11122.9 11132.1 11142.2 11128.6 11112.7 11100.5 11092.1 11083.8 11075.6
11155.9 11157.5 11158.9 11160.4 11164.2 11152.7 11139.7 11132.4 11131.2 11129.6 11128.5 11129.7 11132.2 11132.3 11132.4 11132.7 11133.2 11134.1 11134.7 11135 11135.2 11135.4 11136.1 11139 11140 11140.8 11140.9 11140.4 11139.3 11142.1 11150.4 11160.3 11174.3 11164.1 11157.6 11153.7 11151.2 11150.5 11152.7 11159.3 11174.3 11161.2 11151.9 11144.9 11136.8 11128.2 11116.5 11104.7 11110.4 11113.4 11114.2 11117.6 11123.2 11135.9 11148.9 11139.8 11131.3 11126.1 11124.9 11123.7 11124.4 11120.3 11113.2 11105 11097.4 11088.9 11085.1
11156.7 11156.8 11156.9 11156.1 11151 11146.8 11138.4 11135.9 11132.7 11130.4 11128.3 11126.5 11130.6 11133.1 11133.8 11134.1 11134.4 11135.5 11135.2 11134 11132.2 11128.7 11128.2 11132.5 11136.2 11137.9 11138.1 11137.1 11134.9 11138.3 11148.5 11158.4 11166.4 11163.6 11158.8 11155.5 11154.3 11154 11155.1 11161.4 11166 11160.4 11154.9 11149.9 11146.5 11142.3 11134.2 11121.2 11124.7 11123.5 11122 11124.2 11129.9 11142.1 11157.9 11148.6 11135.6 11127.3 11121.4 11111.6 11104.6 11111.6 11111.8 11108.3 11103.2 11098.4 11096.3
11158.3 11157.2 11155.6 11152.9 11148 11143.9 11138.3 11137.1 11134 11131.7 11131.2 11133 11133.4 11134.4 11135 11135.4 11135.8 11135.9 11135.6 11134.4 11131.9 11127.7 11126.4 11131.5 11135 11137.1 11137.7 11137.4 11137.6 11140.7 11146.7 11152.3 11155.6 11156.1 11156.6 11156.9 11156.7 11155.8 11152.6 11145.7 11143.8 11152.3 11155 11154.4 11155.8 11160 11167.9 11164.4 11147 11136.2 11130.7 11125.9 11125.7 11128.6 11132.8 11133.8 11129.8 11125.1 11121.2 11115 11109.2 11113.3 11113.7 11113.7 11112.5 11109.2 11106.5
11160.4 11157.2 11154.8 11152.2 11150.4 11146.8 11139.2 11136.3 11133.6 11132.2 11132.5 11135.5 11135.4 11135.3 11135.5 11135.4 11135.8 11136.5 11136.4 11136.2 11135.5 11133.7 11133.2 11134.9 11136.6 11138 11138.8 11139.5 11139.9 11142.3 11145.8 11147.7 11146.8 11149.7 11154.7 11157.8 11159.5 11159.3 11155.3 11144 11143 11151.3 11155.9 11158.2 11162.2 11170.6 11182.2 11179.4 11158.2 11143.2 11132.5 11123.1 11116.4 11110.7 11108.3 11115.9 11119.8 11121.4 11122.5 11125.9 11126 11120.4 11119.3 11119.9 11119.6 11119.7 11115.9
11160.7 11156.4 11152.4 11149.4 11147.3 11143.4 11136.5 11132.2 11130.6 11131.6 11133 11134.1 11134.5 11135.2 11135.6 11136.1 11136.6 11137 11137.8 11139.1 11140.6 11143.3 11142.5 11140.5 11140.4 11140.8 11141.6 11143.3 11145.5 11146.1 11147.1 11147.4 11147.2 11149.5 11154.8 11159.4 11162.7 11164.8 11167.2 11170 11161.3 11157.7 11158.2 11162 11164.7 11168.5 11170.5 11166.8 11155.8 11142.2 11128.8 11117.7 11107.4 11097.4 11093.9 11104.5 11111.9 11116.4 11119.4 11123.2 11124.5 11124.7 11125 11126 11127.3 11129.1 11129.7
11159.2 11154.8 11150.9 11146.6 11141.6 11137.6 11135.4 11130.8 11129.7 11131.6 11133.5 11133.9 11134.5 11135.3 11136 11136.6 11137.2 11138.2 11138.9 11140.7 11142.9 11145.5 11145.7 11144.7 11144.3 11144.2 11144 11145.2 11148.2 11149.2 11150.1 11151 11149.6 11150.5 11157.9 11162.9 11166 11169.1 11173.9 11178.3 11167.9 11161 11158.8 11161 11161.5 11162 11165.2 11158.1 11148.9 11137.9 11126.3 11114.5 11102.9 11095.4 11096 11101.3 11108.1 11113.3 11115 11120.4 11123 11124.7 11127.1 11129.4 11132.3 11137.1 11145.5
11155.7 11152.7 11149.4 11145.2 11139.9 11136.1 11135.5 11132.2 11130.7 11133.1 11135.5 11136.3 11136.2 11136 11136.2 11136.9 11137.6 11138.8 11139.6 11141.1 11143.1 11145.2 11146.4 11147.2 11147.3 11146.9 11146.5 11146.6 11147.1 11152.1 11155.8 11158.6 11159.2 11160 11166.8 11169.1 11169.2 11169 11169.7 11166.8 11161.6 11159.1 11157.9 11159.9 11158.7 11153.5 11136.2 11144.3 11141.7 11133.3 11123.4 11111.8 11100.8 11092.7 11093.2 11100.5 11107.7 11110.9 11113.1 11106.3 11118.5 11125.2 11128.3 11130.9 11133.9 11137.7 11144.7
11152.6 11151.2 11148.7 11145.4 11141.8 11139.6 11140.2 11136.4 11133.9 11135.6 11139 11139.4 11138 11137.2 11136.6 11136.9 11137.2 11138.4 11140.2 11141.9 11143.5 11143 11147.3 11148.9 11149.6 11150.7 11151 11151.4 11153.7 11158 11163.5 11169.6 11176.6 11183.4 11181.7 11176.3 11171.3 11166.3 11160.3 11155.1 11154.8 11156.4 11159.8 11160.8 11159.9 11156.6 11154.8 11145.8 11140.5 11132.3 11121.7 11111 11101.2 11095.4 11098.7 11106.4 11111.8 11116 11120.5 11126.1 11125.7 11128.4 11130.8 11132.5 11133.2 11132.8 11129.6
11152.4 11150.9 11149.1 11147.5 11146 11144.9 11147.4 11143.3 11137.8 11138.5 11138.8 11139.9 11140.3 11136.6 11136.1 11136.8 11137.3 11138.7 11139.3 11141.3 11143.9 11148.7 11149.9 11151.9 11154.6 11156.9 11157.4 11155.6 11158.2 11165.1 11171.5 11178.4 11188.4 11204.1 11190 11180.2 11173.3 11165.4 11154.4 11147.9 11151.7 11155.2 11157.7 11159.3 11163.7 11162.4 11156.6 11151.8 11143.4 11133.9 11121.6 11111.6 11103 11100.2 11107.4 11114.7 11117.8 11121.6 11125.8 11129.1 11130.9 11132.5 11133.6 11133.7 11132.8 11130.1 11122.6
11152.7 11152 11150.8 11150.3 11150.9 11154.6 11157.2 11151.8 11146.4 11143.3 11138.8 11136.5 11134.5 11134 11134.8 11136 11137.1 11135.9 11137.4 11138.7 11141.7 11146.8 11150.4 11153.5 11159.4 11164.9 11168.2 11165.4 11167.7 11174.8 11179 11182.6 11184.5 11182.7 11181.4 11178.8 11175.2 11169.3 11160.5 11154.3 11154.8 11157.4 11159.9 11162.5 11168.3 11172.4 11171.5 11159 11148 11137 11125.5 11115.5 11106.2 11098.7 11108.4 11116.9 11123.8 11128.9 11131.3 11131.6 11134.9 11135.9 11136.4 11136.1 11135.1 11133.8 11131.4
11154.3 11152.7 11151.6 11151.4 11152.2 11153.8 11155.4 11154.1 11154.9 11150.2 11144.1 11136.3 11129.6 11132.4 11135 11137 11135.7 11137.1 11137.5 11138.1 11138.8 11142.2 11150.5 11157 11165.5 11174 11183 11194 11191 11186.8 11185.4 11184.1 11180.2 11173.6 11174 11177.7 11178.2 11176.9 11173.3 11162.9 11161 11161.6 11163 11167.7 11170.2 11173 11172.7 11161.7 11151.6 11141 11130.6 11121.5 11115.2 11114.6 11118.2 11126.1 11131.7 11136.2 11140 11141.1 11140.2 11139.6 11138.7 11138.5 11138.3 11138.6 11142.4
11155.2 11153 11151.7 11151.2 11151 11151.3 11150.8 11150.5 11156.2 11153.7 11145.9 11140.2 11136.6 11135.7 11137 11138.9 11137 11138.6 11138.8 11139.3 11140 11144.4 11152.5 11161.4 11170.5 11179.8 11191.7 11207.9 11202.9 11194.8 11189.8 11185.2 11181.4 11175.7 11176.7 11181.3 11183.4 11184.3 11181.4 11174.3 11168.7 11166.1 11165.1 11167.8 11168.8 11167.1 11165.2 11160.9 11153.6 11144.6 11135.5 11127.7 11122.6 11123.6 11129.6 11136.1 11141.5 11144.3 11146.4 11146 11143.8 11142.1 11141 11140 11139.7 11139.3 11138.4
11152.7 11152.2 11151.7 11151.5 11150.4 11148.3 11147.4 11149.2 11154 11153.6 11150.2 11142.9 11140 11138.5 11139.5 11141.5 11140.8 11142.4 11142.8 11142 11140.6 11146.6 11155.9 11164.5 11172.2 11180.5 11188.2 11193.4 11196.6 11194.4 11191.1 11188.2 11185.6 11186.9 11188.9 11187.3 11188.2 11190.5 11193.9 11182.3 11174.3 11169.7 11167 11169.3 11168.6 11168.1 11165.9 11161.9 11156.5 11150.6 11143.3 11135.7 11129.1 11131.3 11141 11151.4 11152.2 11151 11149.8 11147.7 11145.7 11143.8 11142.2 11141.4 11140.6 11139 11135.3
11153.7 11152 11151.8 11151.7 11150.9 11149.2 11147.8 11146.6 11146.2 11145.8 11144.3 11142.4 11139.3 11139.6 11142.2 11142.9 11144.6 11145.5 11147.8 11151 11153.1 11156 11161.1 11166.7 11173.1 11179.7 11183.8 11183.6 11190 11190.8 11189.7 11186.9 11186.9 11189.4 11190.3 11189.5 11189.8 11190.3 11187.6 11181.8 11177.2 11172.7 11169.2 11170.2 11166.5 11163.4 11163.6 11163.8 11163.3 11159.1 11156 11149.6 11137.6 11139.2 11154.1 11162.3 11161.8 11156.2 11150.4 11147.9 11146.8 11145.8 11144.8 11143.9 11142.6 11140.8 11138.7
