real_craters/C064-1000m.grd
DSAA
31 31
-15.01 15.01
-15.01 15.01
3763.6869409443 4359.6148402371
4206.75 4192.4 4195.9 4174.2 4176.85 4192.24 4221.39 4233.06 4223.94 4204.63 4192.16 4194.41 4200.94 4206.1 4209.55 4208.83 4206.72 4198.55 4197.23 4176.26 4184.55 4155.15 4160.23 4161.89 4146.6 4167.02 4166.71 4168.8 4171.81 4177.21 4172.56 
4203.21 4175.67 4174.54 4195.67 4184.89 4199.23 4227.43 4234.84 4227.83 4207.52 4192.18 4195.9 4201.24 4206.4 4210.88 4214.1 4203.45 4199.78 4178 4173 4174.54 4158.01 4152.02 4176.23 4163.13 4162.59 4163.21 4163.28 4172.95 4187.59 4181.16 
4222.27 4192.97 4188.24 4190.59 4188.27 4191.64 4200.9 4201.57 4214.41 4202.11 4200.67 4207.43 4207.29 4209.9 4210.26 4212.42 4225.88 4206.87 4188.15 4170.28 4159.44 4162.95 4167.97 4191.76 4170.89 4159.76 4157.4 4158 4166.57 4197.68 4186.14 
4216.14 4218.45 4193.18 4186.27 4183.89 4175.26 4161.35 4186.18 4213.68 4218.22 4218.76 4213.89 4213.43 4213.93 4212.48 4210.45 4207.63 4211.84 4208.55 4197.44 4182.77 4181.75 4186.15 4188.28 4172.8 4157.61 4158.5 4159.63 4167.77 4197.18 4193.62 
4210.45 4227.15 4212.16 4196.83 4189.45 4180.26 4166.2 4184.49 4203.63 4226.37 4220.85 4217.48 4217.47 4217.88 4219.13 4225.7 4230.18 4225.39 4225.76 4232.53 4223.47 4208.72 4208.46 4208.79 4182.79 4173.63 4172.52 4173.43 4182.75 4209.6 4204.87 
4192.6 4207.91 4211.85 4206.39 4203.59 4192.86 4179.22 4186.03 4208.89 4220.75 4219.79 4218.55 4216.8 4216.88 4219.95 4225.1 4223.39 4223.1 4224.78 4243.67 4220.04 4228.54 4236.76 4201.61 4201.53 4193.55 4186.96 4186.13 4189.86 4193.39 4189.71 
4186.08 4200.7 4221.79 4220.65 4223.37 4212.76 4199.32 4205.38 4227.61 4221.94 4229.71 4217.54 4216.3 4219.37 4219.45 4215.87 4214.7 4219.62 4231.41 4248.61 4255.59 4235.75 4233.22 4223.43 4213.53 4208.83 4200.38 4195.58 4190.37 4184.77 4182.03 
4200.1 4240.26 4243.67 4233.17 4234.9 4228.98 4235.43 4247.05 4233.88 4222.54 4204.51 4202.51 4206.37 4212.98 4215.31 4214.72 4215.77 4218.66 4226.06 4236.17 4242.21 4236.89 4231.67 4228.48 4239.42 4222.02 4205.79 4191.28 4187.94 4184.64 4170.07 
4223.03 4232.15 4241.75 4244.68 4257.04 4244.04 4250.8 4256.93 4245.2 4228.9 4195.57 4193.37 4197.91 4197.25 4204.9 4227.83 4248.22 4236.2 4247.11 4222.53 4231.34 4237.78 4245.59 4234.86 4229.93 4222.69 4211.82 4200.74 4198.63 4202.31 4212.84 
4209.81 4221.66 4235.24 4249.03 4253.29 4250.29 4255.48 4250.66 4235.41 4227.12 4217.05 4216.11 4203.12 4182.99 4174.48 4194.98 4247.54 4359.61 4284.96 4288.87 4222.15 4208.11 4248.9 4247.14 4229.3 4220.91 4215.99 4220.67 4208.96 4210.34 4222.4 
4208.54 4217.09 4233.28 4247.77 4239.85 4251.35 4259.25 4270.21 4251.28 4251.54 4260.6 4248 4187.21 4134.33 4102.27 4081.7 4087.01 4164.2 4171.72 4217.61 4271.36 4220.93 4271.59 4247.65 4238.88 4218.78 4210.42 4205.19 4201.89 4201.05 4191.04 
4218.39 4228.06 4218.93 4243.5 4267.13 4265.65 4242.96 4244.04 4262.4 4283.87 4311.22 4218.77 4112.79 4065.28 4006.51 3952.47 3905.14 3964.49 4036.12 4088.87 4215.75 4277.92 4274.18 4246.15 4225.33 4211.16 4193.21 4189.6 4189.65 4192.9 4185.31 
4189.63 4199.21 4211.04 4239.05 4267.85 4269.87 4253.13 4258.78 4254.7 4260.61 4259.86 4050.78 4004.05 3962.29 3917.92 3874.6 3815.44 3818.48 3894.42 4079.49 4139.26 4232.24 4248.64 4250.52 4236.88 4207.36 4170.19 4153.11 4172.11 4190.58 4217.76 
4153.42 4183.05 4202.76 4234.68 4259.95 4250.06 4250.28 4262.79 4272 4246.78 4131.87 3971.74 3928.1 3906.36 3871.97 3829.34 3795.44 3786.02 3817.39 3947.5 4106.82 4171.45 4238.92 4224.38 4246.56 4220.11 4182.81 4163.01 4169.09 4179.2 4186.61 
4172.77 4185.97 4220.51 4243.59 4256.56 4258.81 4236.1 4230.1 4268.52 4299.78 4087.09 3946.05 3902.94 3874.89 3842.52 3807.5 3775.58 3763.69 3792.82 3900.25 4118.66 4169.37 4241.09 4222.69 4255.59 4230.31 4202.61 4184.1 4174.63 4172.58 4178.15 
4167.7 4207.33 4231.67 4258.54 4277.51 4261.94 4259.3 4236.04 4256.78 4300.03 4067.2 3936.64 3900.03 3875.64 3847.17 3811.32 3777.4 3764.74 3788.03 3900.98 4037.62 4281.16 4209.77 4233.76 4233.13 4225.66 4201.39 4187.83 4177.97 4176.68 4194.22 
4190.55 4210.96 4245.36 4264.18 4255.06 4251.18 4240.54 4224.4 4239.31 4340.36 4138.01 3947.49 3893.87 3890.16 3874.29 3837.46 3797.5 3782.82 3827.78 4028.88 4208.3 4283.97 4209.92 4206.5 4226.35 4224.58 4198.4 4193 4178.47 4171.08 4176.2 
4188.9 4211.71 4243.64 4247.24 4239.26 4226.64 4211.73 4199.81 4245.61 4355.59 4275.17 4060.76 3909.09 3910.35 3914.82 3883.61 3843.59 3816.37 3882.4 4102.16 4331.01 4281.88 4197.36 4217.17 4223.15 4223.57 4225.17 4197.47 4178.93 4157.52 4150.33 
4180.53 4209.08 4242.17 4247.25 4227.31 4219.4 4203.87 4200.3 4232.54 4281.1 4318.45 4256.3 4053.26 4011.6 3980.36 3955.28 3936.08 3928.55 4027.82 4128.53 4250.86 4220.88 4202.75 4202.65 4210.25 4213.6 4194.63 4192.82 4178.84 4172.7 4161.2 
4171.08 4199.95 4242.38 4251.64 4238.99 4224.78 4206.51 4204.16 4224.43 4234.29 4264.54 4300.47 4279.06 4156.62 4107.66 4084.41 4071.79 4098.11 4099.27 4210.04 4230.63 4210.7 4195.34 4212.77 4222.75 4217.43 4220.35 4188.71 4168.5 4163.44 4162.55 
4160.98 4193.29 4229.53 4240.22 4224.04 4226.98 4214.69 4210.62 4214.67 4212.45 4215.06 4225.13 4241.16 4221.32 4197.91 4186.67 4193.17 4207.06 4295.26 4265.92 4221.69 4199.16 4199.58 4211.2 4231.01 4199.59 4191.07 4172.13 4151.76 4129.24 4150.56 
4155.38 4184.33 4214.31 4214.76 4226.59 4230.49 4211.8 4216.42 4210.04 4204.27 4203.32 4210.9 4214.42 4220.34 4226.3 4220.75 4222.99 4221.26 4203.81 4216.06 4202.52 4187.59 4196.94 4206.98 4214.82 4154.52 4153.1 4151.03 4144.76 4153.17 4152.43 
4150.63 4166.67 4177.69 4183.56 4198.7 4221.17 4211.77 4204.17 4210.78 4201.17 4194.21 4200.96 4204.33 4209.6 4212.85 4216.07 4216.99 4194.78 4176.75 4179.67 4176.41 4166.23 4189.91 4188.05 4196.25 4150.36 4139.73 4138.62 4138.68 4143.98 4148.48 
4143.8 4153.74 4160.59 4157.63 4183.23 4221.04 4214.12 4231.1 4216.91 4197.01 4190.37 4187.27 4192.22 4189.43 4191.17 4193.47 4191.52 4181.92 4197.59 4183.5 4162.42 4159.21 4170.23 4173.28 4171.61 4157.34 4130.78 4131.44 4137.15 4148.87 4148.59 
4136.12 4144.86 4147.54 4151.96 4184.35 4184.39 4198.57 4221.87 4218.18 4208.75 4202.16 4198.93 4184.92 4176.09 4178.94 4178.34 4177.79 4175.56 4190.29 4187.55 4164.97 4158.95 4148.85 4149.75 4150.41 4118.68 4113.38 4127.69 4142.98 4156.19 4154 
4139.61 4147.35 4155.48 4170.88 4172.61 4177.06 4169.64 4177.7 4193.63 4203.64 4201.92 4187.18 4179.6 4171.32 4170.08 4173.81 4181.71 4176.89 4169.3 4161.66 4159.81 4144.98 4130.77 4134.19 4137.85 4123.67 4120.85 4129.72 4132.62 4153.68 4154.7 
4149.96 4158.58 4169.74 4192.49 4160.64 4175.19 4171.59 4147.36 4159.13 4184.38 4157.68 4131.04 4130.47 4165.37 4160.79 4155.91 4157.84 4160.47 4147.24 4110.93 4129.85 4133.03 4125.8 4119.94 4120.4 4153.34 4150.12 4141.31 4143.45 4157.48 4155.17 
4155.88 4160.05 4165.05 4169.02 4160.53 4174.28 4167.94 4153.78 4164.07 4171.77 4135.11 4111.07 4130.73 4151.03 4144.52 4129.17 4113.9 4139.38 4136.81 4104.94 4100.31 4109.54 4118.04 4114.12 4114.07 4130.07 4148.2 4148.97 4153.36 4158.78 4152.63 
4159.78 4161.14 4162.69 4155.97 4176.67 4187.04 4174.87 4178.02 4182.85 4157.48 4129.95 4110.25 4115.71 4138.86 4130.32 4117.76 4105.4 4133.23 4140.76 4120.36 4106.47 4102.13 4117.33 4126.44 4112.12 4112.5 4126.36 4143.18 4165.74 4157.59 4147.18 
4160.19 4165.24 4171.09 4181.09 4197.45 4190.76 4175.03 4189.19 4183.01 4170.67 4148.35 4126.1 4106.77 4110.63 4115.96 4113.57 4117.78 4121.44 4133.54 4117.04 4098.15 4101.93 4106.34 4115.49 4113.56 4114.95 4115.54 4125.03 4132.57 4137.52 4136.27 
4154.61 4163.16 4176.29 4204.66 4202.43 4191.47 4170.11 4168.79 4172.1 4158 4141.54 4104.93 4114.23 4114.91 4112.18 4110.4 4105.54 4123.97 4127.42 4120.42 4097.32 4104.15 4099.33 4113.57 4116.38 4114.19 4115.06 4111.84 4103.01 4120.5 4125.4 
