real_craters/C064-300m.grd
DSAA
176 176
-26.2675 26.2675
-26.2675 26.2675
10317.642651992 11532.7888398
[rows 0 to 29 of 176, columns 0 to 66 of 176]
11125.5 11122.2 11114.1 11125.5 11126 11120.7 11119.5 11121.7 11124.3 11127.3 11129.4 11131 11132.7 11135.1 11138.9 11138 11135.1 11133.8 11132.9 11132.1 11131.4 11130 11129.7 11129 11127.7 11127.1 11126.8 11126.9 11126.7 11126.9 11127.4 11128.2 11129 11130.9 11133.4 11136.2 11138.6 11141.3 11144.5 11147.6 11149.7 11146.7 11142.3 11138.1 11133.9 11129.9 11125.9 11121.7 11117.1 11111.9 11106.7 11104 11102.5 11101.6 11101 11100.4 11099.9 11100.3 11099.7 11098.9 11098 11097 11096 11094.8 11093.3 11091.9 11090.4
11127.6 11127 11129.6 11129.7 11127.9 11122.6 11122.2 11125.4 11129.1 11131.4 11132 11132.6 11133.2 11133.5 11132.2 11131.1 11132.7 11133 11132.8 11132.4 11131.7 11130.7 11130.1 11129.4 11128.7 11128 11127.8 11127.8 11127.7 11127.9 11128.4 11130.2 11130.9 11132.6 11135 11137.2 11139.5 11141.5 11144.1 11145.8 11146.7 11145.3 11142.3 11138.8 11135.1 11131.3 11127.2 11122.8 11117.9 11112.5 11107.1 11103.5 11102.3 11101.8 11101.4 11101.1 11101.4 11101.1 11100.6 11099.7 11099 11098 11097 11095.8 11094.5 11092.9 11091.5
11132.2 11132.7 11132.4 11132 11130.5 11126.1 11124.7 11128.5 11134.8 11134.4 11133.5 11133.4 11133.2 11132.6 11131.2 11130.6 11131.7 11132.4 11132.6 11132.3 11131.8 11130.7 11130.2 11129.5 11128.9 11128.5 11128.2 11128.1 11128.2 11128.5 11128.5 11131 11132.9 11134.4 11135.9 11137.4 11139.3 11141.3 11142.6 11142.8 11143.1 11142.6 11141.2 11138.8 11135.5 11132.1 11128.4 11124.1 11119.4 11114.5 11109.9 11104.7 11103.9 11103.4 11103.2 11102.6 11102.5 11102.3 11101.8 11101.2 11099.9 11099.1 11098.1 11097 11095.8 11094.6 11093.4
11134.8 11135.6 11134.7 11131.6 11129.3 11127.8 11126.7 11129.8 11131.2 11132.5 11133.7 11133.8 11133.5 11132.9 11132 11131.5 11132.1 11132.5 11132.5 11132.1 11131.6 11130.5 11130.1 11129.3 11128.6 11128.2 11128.4 11128.4 11128.6 11129 11129.2 11129.9 11133.6 11134.5 11135.9 11137.2 11138.4 11139.8 11140.6 11140.2 11140.4 11140.5 11139.8 11138.2 11136 11133.3 11130.2 11126.4 11122 11117 11112.3 11109 11106.3 11105.5 11105.2 11105.3 11105.3 11105 11104.6 11104 11103.1 11101.9 11100.8 11099.6 11097.8 11096.5 11095.2
11136.9 11136.7 11135.2 11132.6 11130.9 11132.2 11132.7 11132 11131.7 11132.6 11133.9 11134 11133.8 11133.5 11133.2 11133.2 11133.2 11133 11132.6 11131.8 11130.7 11129.7 11129.3 11128.6 11128.2 11128.1 11128.1 11127.8 11127.7 11128.1 11130.1 11130.9 11133.6 11134.5 11134.6 11135.1 11136 11137.6 11138 11139.7 11139.7 11138.8 11138.4 11137.6 11136.3 11134.5 11132.3 11129.4 11125.6 11120.4 11113.2 11108.4 11108.5 11108.5 11108.4 11108.4 11108.3 11107.8 11107.2 11106.4 11105.5 11104.4 11103.5 11102.1 11100.7 11099.1 11097.4
11139.2 11139 11136.6 11134.1 11134.2 11135 11136.1 11132.7 11134.2 11135.8 11134.5 11133.9 11133.8 11134 11134.3 11134.6 11134.2 11133.6 11132.6 11131.4 11129.6 11128.3 11127.6 11127.3 11127.3 11127.5 11127.5 11127.7 11128.8 11129.3 11129.3 11130.1 11130.9 11133.5 11133.1 11133.3 11133.7 11134.2 11134.6 11135.9 11136.6 11136.5 11136.9 11136.9 11136.6 11135.8 11134.8 11133.2 11130.8 11127 11121.1 11113.9 11112.7 11112.7 11112.6 11112.8 11112.4 11111.7 11110.8 11109.7 11108.5 11107 11105.6 11104.5 11102.9 11101.3 11099.4
11141.1 11141.9 11136 11132 11129.9 11131.1 11127.8 11129.5 11132.8 11135.6 11132.9 11132.6 11133.1 11134 11134.9 11135.1 11135 11134.2 11132.7 11130.9 11128.4 11126.5 11125.6 11125.8 11126.1 11126.5 11127.3 11127.8 11128.5 11129.1 11129.7 11130.2 11130.9 11132.1 11131.7 11132.4 11132.4 11132.2 11130.6 11128.2 11131 11134 11135.8 11136.8 11137.3 11137.4 11137.3 11137.2 11136.8 11135.5 11132.5 11122.6 11119.4 11118.7 11118.1 11117.6 11116.6 11115.5 11114.2 11112.9 11111.4 11109.9 11108.5 11107 11105.5 11104.1 11102.3
11141.2 11131.4 11131.3 11128.3 11125 11126.8 11129.9 11126.4 11126.5 11126.1 11128.2 11130.2 11131.9 11133.7 11135.3 11136.3 11136 11134.9 11132.5 11130.1 11127.3 11124.9 11123.9 11124.6 11125.4 11126 11126.7 11127.4 11128.2 11128.9 11129.5 11130.2 11130.8 11131 11130.8 11131.9 11132 11131.7 11129.5 11126.3 11129.7 11133.5 11135.8 11137.4 11138.4 11139.4 11140.3 11141.4 11142.7 11143.7 11141.9 11131 11126.9 11125.3 11123.8 11122.2 11120.8 11119.1 11117.4 11116.1 11114.5 11112.9 11111.3 11109.8 11108.4 11107 11105.7
11139.8 11134.8 11130 11126.7 11123.6 11123.7 11123.2 11122.2 11122 11121 11124.6 11127.8 11130.4 11132.9 11135.7 11138.7 11139.5 11135.3 11131.6 11129 11126.7 11125.4 11124.3 11124.3 11124.9 11125.4 11126.1 11126.8 11127.6 11128.1 11128.8 11129.5 11129 11129.8 11130.5 11131.5 11132.2 11133.1 11133.5 11134.4 11133.9 11135.2 11136.8 11138.3 11139.7 11141 11142.5 11144.5 11146.9 11149.8 11151.1 11140 11135.5 11132.5 11129.6 11126.8 11124.3 11121.9 11120.5 11118.5 11116.7 11115 11113.4 11112 11110.9 11109.7 11108.9
11136.6 11131.6 11130.3 11127.9 11125.2 11124.4 11124.5 11121.8 11121.6 11121.8 11123.9 11126.7 11129.1 11131.3 11133.7 11137.9 11138 11132.1 11129 11127 11125.4 11124.9 11124.2 11123.9 11124.3 11124.8 11125.5 11126.2 11126.9 11127.7 11128.5 11129.2 11128.1 11129.1 11129.9 11131.2 11132.7 11134.2 11136.7 11138.5 11137.6 11137.3 11138.3 11139.5 11140.9 11142.4 11144 11145.9 11148.1 11151 11154.8 11149.9 11144.8 11139.6 11135.1 11131.2 11127.9 11125 11122.8 11120.8 11118.8 11117 11115.4 11114.5 11113.1 11112 11111.3
11139.5 11134.6 11133.6 11131.5 11129.5 11128.8 11128.8 11125 11124.3 11123.5 11125.2 11127.2 11128.5 11129.2 11129.2 11127.2 11123.9 11125.2 11125 11124.2 11123.2 11122.8 11122.7 11123 11123.6 11124.2 11125.1 11125.9 11126.8 11127.6 11128.3 11129 11128.6 11129.4 11129.7 11130.3 11131.9 11134.4 11138.1 11139.8 11138.8 11138.4 11139 11140.3 11141.7 11143.2 11144.6 11145.8 11146.9 11147.6 11149 11154.5 11151.2 11144.9 11139.7 11135.1 11131.3 11128.2 11125.4 11122.7 11120.6 11118.7 11117.2 11115.7 11114.4 11113.3 11112.2
11146.6 11144.1 11138.8 11136.1 11134.6 11134.1 11133.7 11130.6 11129 11129.1 11129 11128.7 11128.5 11127.8 11126 11122.7 11119.6 11121 11121.8 11121.6 11121 11120.7 11121.2 11121.9 11122.9 11123.7 11124.6 11125.4 11126.3 11127.3 11128.1 11129 11128.7 11128.7 11128.8 11129.7 11130.7 11132.3 11136.3 11138.5 11137.6 11138 11139.3 11140.9 11142.6 11144.1 11145.2 11145.8 11145.8 11145.3 11147.4 11153.2 11152.5 11147.1 11142 11137.3 11133.3 11129.6 11126.7 11124.5 11122.3 11120.6 11118.9 11117.5 11116.2 11114.9 11113.6
11144.4 11144.4 11141.8 11139.7 11138.4 11138 11137.5 11135.7 11133.4 11132.1 11131.3 11130.8 11129.5 11127.7 11125.3 11122.5 11120.4 11120.4 11120.4 11120.1 11119.3 11118.8 11120 11121.2 11122.2 11123.3 11124.2 11125.3 11126.3 11127.2 11127.4 11128.2 11129.2 11129.2 11128.7 11128.7 11128.6 11128.2 11127.9 11130.7 11134 11136.6 11139.1 11141.3 11143.5 11145.1 11146.3 11146.5 11145.7 11144.2 11145.8 11150.5 11150.6 11146.9 11142.7 11138.5 11134.8 11131.4 11128.6 11126.2 11124 11122 11120.4 11119 11117.7 11116.4 11115.2
11144.3 11144.2 11143.2 11142 11141.3 11141.2 11141 11138.2 11136.8 11136.1 11135.4 11133.2 11130.9 11128.4 11125.9 11123.6 11122.5 11121 11120.4 11119.8 11119.1 11118.7 11119.8 11121.2 11122.1 11123.1 11123.5 11124.5 11126.8 11127.7 11128.5 11129.2 11129.3 11129 11128.8 11128.5 11127.3 11125.2 11121.4 11125.1 11131.6 11135.8 11139.3 11142.1 11144.6 11146.5 11147.9 11148.4 11147.6 11145.4 11146 11148.3 11148 11145.2 11141.8 11138.2 11135.2 11132.3 11129.7 11127.5 11125.5 11123.7 11122.2 11120.5 11119.2 11118 11116.8
11145.9 11144.9 11144.2 11143.6 11143 11142.4 11143.5 11142 11139.4 11139 11138.4 11135.2 11132.3 11129.4 11126.7 11124.2 11121.8 11121.1 11121 11120.7 11120.4 11120.3 11120.8 11121.4 11121.9 11122.8 11124.7 11125.7 11126.7 11128 11128.9 11129.7 11129.5 11129.2 11129.5 11129.5 11128.8 11127 11124.2 11127.3 11132.6 11136.6 11140.1 11143.1 11145.7 11148.1 11150 11151.5 11152 11150.8 11149.6 11148.6 11146.5 11143.2 11140.3 11137.3 11134.6 11132.1 11130.1 11128.1 11126.3 11124.7 11123.3 11121.9 11120.6 11119.4 11118.3
11144.7 11144.9 11145 11144.9 11144.8 11145.2 11145.7 11144.9 11140.8 11140 11138.9 11136.2 11133.2 11130.3 11127.7 11125.3 11123 11122.1 11122.1 11122.2 11122.7 11122.6 11122 11122.4 11122.9 11123.7 11125 11126.3 11127.4 11128.4 11129.4 11130.3 11129.2 11129.7 11130.8 11131.6 11132.3 11132.9 11134 11134.3 11136.4 11138.8 11141.6 11144.5 11147.2 11149.7 11152.1 11154.7 11157.2 11159.3 11154.6 11148.7 11143.6 11140.7 11138.4 11136 11133.7 11131.7 11129.9 11128.2 11126.7 11125.3 11124 11122.7 11121.5 11120.5 11119.5
11144.3 11145.7 11146.2 11146.3 11146.2 11146 11146.1 11145.4 11141.6 11140 11139 11136.3 11133.7 11131.1 11128.7 11126.7 11125 11124.1 11123.4 11123.3 11124.4 11123.9 11123 11122.9 11123.5 11124.3 11125.3 11126.4 11127.6 11128.5 11129.6 11130.6 11130.4 11131.3 11132.4 11133.9 11135.4 11137.8 11140.3 11139.8 11139.6 11141.2 11143.3 11145.7 11148.1 11150.7 11153.3 11156.2 11159.6 11162.8 11156.1 11148.3 11141.7 11139 11136.6 11134.6 11132.9 11131.3 11129.9 11128.6 11127.4 11126.4 11125.1 11123.9 11122.8 11121.6 11120.3
11149.8 11148 11147.8 11148 11147.8 11147.2 11147.1 11146.7 11141.1 11139.5 11137.5 11136.1 11134 11131.7 11129.5 11127.8 11126.8 11125.7 11123.6 11122.6 11123.1 11122.8 11122.6 11122.9 11123.6 11124.6 11125.7 11126.6 11127.8 11129 11130.3 11129.9 11131.8 11132.8 11134.1 11135.4 11137.1 11139.7 11141.8 11142.2 11142.1 11143.3 11145 11147 11149.2 11151.3 11153.2 11155.3 11157.5 11159.3 11153.2 11146.8 11141.9 11137.8 11135 11133.1 11131.9 11131 11130.2 11129 11127.9 11126.9 11125.7 11124.6 11123.7 11122.7 11121.7
11150.5 11149.8 11149.7 11149.8 11149.8 11149.7 11150 11148.5 11142.4 11140 11138.4 11136.7 11134.5 11132.2 11129.9 11128.1 11126.4 11124.7 11122.6 11120.4 11119.1 11120.1 11121.4 11122.5 11123.6 11124.8 11126 11127.3 11128.6 11129.9 11131.1 11131.6 11132.9 11133.8 11135.1 11136.3 11137.8 11139.7 11141.8 11142.9 11143.4 11144.7 11146.4 11148.2 11149.6 11151.2 11152.5 11152.9 11152.2 11150.4 11147.4 11142.7 11138.3 11134.4 11132.2 11131.1 11130.7 11130.2 11129.8 11129.3 11128.6 11127.6 11126.6 11125.7 11124.6 11123.7 11123.6
11151 11151 11151.4 11151.8 11152.2 11152.5 11152.6 11150.7 11144 11141.4 11139.7 11137.8 11135.4 11132.8 11130.2 11128 11126 11124.2 11121.3 11118.6 11117 11118.6 11120.6 11122.2 11123.8 11125.2 11126.5 11127.8 11129.1 11130.4 11131.7 11133 11134.1 11135 11136 11137.1 11137.8 11138.8 11140.7 11142.8 11144.1 11145.4 11147 11148.7 11149.9 11151.2 11151.9 11151.3 11148.2 11144.2 11142.7 11138.2 11132.8 11129.8 11129.4 11129.4 11129.8 11129.8 11129.7 11129.4 11128.9 11128.1 11127.1 11126.1 11125.1 11124.1 11123.8
11151.7 11152.2 11153 11153.7 11154.6 11155.8 11157 11153.4 11147 11142.8 11140.9 11139 11136.1 11133.1 11130.2 11127.5 11124.8 11122.2 11120 11118.3 11117.6 11119 11121 11122.7 11124.3 11125.7 11127.1 11128.4 11129.8 11130.7 11132.1 11133.5 11134.7 11136.2 11137.3 11138.3 11138.3 11137.6 11139.6 11142.8 11144.5 11145.9 11147.4 11148.9 11150 11151.3 11152 11151.8 11149.9 11146.2 11141.7 11136 11129.7 11126.7 11127.7 11128.8 11130 11130.8 11131.1 11130.7 11130.2 11129.5 11128.4 11127.2 11125.8 11124.3 11123.1
11152.4 11153.4 11154.4 11155.4 11156.2 11157.1 11157.2 11156.5 11146.9 11143.3 11141.5 11139.9 11136.3 11133.1 11130 11127.1 11124 11120.7 11119.7 11119.1 11119.3 11120.6 11122.2 11123.8 11125.2 11126.6 11127.9 11129.2 11130.5 11131.3 11132.8 11134.3 11135.8 11137.5 11138.9 11140.3 11140.8 11139.3 11141.4 11144.4 11145.6 11146.6 11147.9 11148.8 11150.1 11151.4 11152.6 11153.5 11153.4 11149.7 11143.4 11136.6 11129.9 11126.6 11128.2 11130.2 11131.9 11132.9 11133.4 11133.4 11132.4 11131.7 11130.8 11129.4 11127.7 11125.6 11123.5
11153.9 11154.7 11155.6 11156.5 11157.2 11157.7 11157.2 11157.7 11153.3 11143.3 11140.6 11138.6 11135.8 11132.8 11130 11127.2 11124.5 11122 11121.3 11121.4 11122 11123.1 11124.2 11125.5 11126.6 11127.6 11128.8 11129.9 11131.2 11131.9 11133.2 11134.7 11136.4 11138.3 11140.6 11143 11145.8 11148.1 11147 11146.9 11146.7 11146.9 11147.7 11148.7 11150 11151.5 11153 11154.5 11155.1 11151.6 11145.5 11139.2 11132.9 11129.5 11131.1 11133.5 11135.3 11136.2 11136.6 11136.5 11135.9 11135.2 11133.9 11132.6 11130.9 11128.3 11125.7
11155.2 11155.6 11156.3 11157.4 11158.4 11158.5 11157.5 11156.6 11151.5 11142.4 11139.6 11137 11135.2 11132.6 11130.1 11127.9 11126 11124.7 11124.8 11125.3 11125.6 11126.1 11126.5 11127.2 11128 11128.9 11130 11131 11132.1 11132.1 11133.4 11134.8 11136.6 11138.7 11141.9 11145 11148.8 11151.8 11150.2 11148.5 11147.1 11147 11147.3 11148 11149 11150.5 11152.4 11154.4 11155.1 11152.5 11147.9 11143 11138.2 11135.5 11136.8 11138.8 11140 11140.6 11140.8 11140.2 11139.7 11139 11137.9 11136.8 11135.3 11133.2 11131.9
11155.9 11156.3 11157.2 11158.2 11159 11159.5 11159.4 11156.8 11149.9 11142.3 11139.4 11138 11135.2 11132.5 11130.4 11128.7 11127.8 11128 11129 11129.8 11129.6 11129.1 11128.9 11129.2 11129.7 11130.4 11131.1 11132 11132.9 11132.6 11133.6 11135.4 11137 11139.1 11141.7 11144.9 11148.8 11151.1 11149.9 11148.2 11146.6 11146.1 11146.1 11146.5 11147.3 11148.6 11150.5 11153.1 11155 11152.9 11149.9 11147.5 11145.2 11143.9 11144.7 11145.8 11145.9 11145.4 11144.8 11144.1 11143.1 11142.2 11141.6 11141.1 11140.5 11139.5 11139.3
11155.8 11156.6 11157.5 11158.3 11159.4 11160.2 11160.3 11157.9 11152.1 11142.8 11139.5 11137.4 11134.6 11132.2 11130.5 11129.3 11128.9 11129.4 11131.1 11133 11132.4 11131.5 11130.8 11130.7 11130.9 11131.3 11131.8 11132.4 11133.1 11133 11133.7 11135.5 11136.6 11138.1 11140.4 11143 11146.4 11148.8 11147.2 11145.6 11144.7 11144.1 11144 11144.2 11144.9 11145.7 11147.1 11149.4 11153 11151.6 11151.2 11151.7 11152.9 11153.8 11154.6 11153.9 11152.1 11150.4 11149 11147.8 11146.9 11146 11145.5 11145.7 11146 11147.2 11148
11155.7 11156.7 11157.6 11158.6 11159.8 11160.7 11160.8 11159.7 11157.1 11145 11139.5 11135.4 11132.9 11131.5 11130.4 11129.5 11129 11129.2 11130.9 11133.4 11133 11132.4 11131.9 11131.8 11131.9 11132.4 11132.8 11133.2 11133.7 11133.3 11133.9 11135.2 11135.9 11136.6 11137.4 11138.7 11140.2 11141.8 11142.3 11142.2 11142 11142 11142.2 11142.2 11142.5 11142.6 11142.5 11142.8 11143.9 11147.8 11151 11154.9 11160.1 11165.8 11165.5 11161.2 11157.5 11154.6 11152.5 11150.9 11149.8 11149.2 11149 11150 11151.9 11155.6 11161.2
11156.3 11156.9 11157.6 11158.6 11159.2 11160 11161.8 11162.5 11154.7 11147.3 11139.7 11134.4 11132.1 11131.6 11130.7 11129.7 11128.7 11127.9 11127.7 11130.3 11131.6 11132.3 11132.5 11132.5 11132.6 11133.2 11133.4 11133.7 11134 11134.3 11134.5 11134.8 11134.7 11134.4 11134.2 11133.9 11133.6 11134.8 11136.8 11138.1 11139.1 11139.6 11140.1 11140.2 11140 11139.5 11138.3 11137.7 11139.5 11144.6 11150 11155.9 11162.9 11170.3 11169.7 11164.6 11160.5 11157.3 11154.9 11152.8 11151.8 11151 11151.5 11153 11155.8 11160.2 11167.8
11156.7 11156.8 11157 11157.6 11157.6 11157.2 11155.9 11152.6 11150.2 11142.8 11138.8 11136.2 11134.6 11132.7 11131.4 11130.1 11128.9 11127.5 11126.1 11127.8 11130.5 11132.4 11133.1 11133.5 11133.7 11133.9 11134.1 11134.3 11134.4 11135 11134.9 11134.5 11134.1 11132.8 11131.5 11129.8 11128.8 11130.1 11132.8 11135 11136.8 11137.9 11138.5 11138.6 11138.2 11137.5 11136 11134.3 11136.3 11142.8 11148.8 11154.9 11161.4 11166.1 11167 11164.3 11161 11158.1 11156 11154.4 11153.5 11153.2 11153.5 11154.6 11156.9 11161.8 11167.7
11157.5 11157.2 11157.1 11156.5 11155.7 11154.1 11151 11146 11144.9 11140 11138 11136.9 11135.6 11133.9 11132.3 11130.9 11129.9 11128.9 11128.2 11129.5 11131.3 11132.9 11133.8 11134.2 11134.5 11134.7 11134.9 11135 11135.7 11135.7 11135.6 11134.7 11133.8 11132.1 11130 11127.3 11124.9 11127.1 11130.5 11133.3 11135.4 11136.9 11137.6 11137.8 11137.6 11136.9 11136.1 11136.1 11138.1 11142.6 11147.6 11152.8 11157.8 11162.4 11164 11161.4 11159.3 11157.5 11156.4 11155.8 11155.2 11154.9 11154.7 11154.3 11154.6 11156.8 11157.9
