real_craters/C065-300m.grd
DSAA
176 176
-26.3025 26.3025
-26.3025 26.3025
3588.4000559683 4196.4675854273
[rows 0 to 29 of 176, columns 0 to 66 of 176]
3862.89 3863.2 3863.37 3864.03 3865.82 3868.32 3868.41 3867.37 3868.1 3868.43 3868.92 3868.87 3868.77 3868.44 3868.25 3868.01 3867.75 3867.4 3867.11 3866.62 3866 3866.11 3865.61 3865.42 3865.58 3867.91 3865.91 3865.73 3865.83 3866.01 3866.15 3866.24 3866.23 3866.54 3867.47 3869.91 3868.85 3864.01 3861.52 3862.09 3862.07 3864.49 3872.29 3880.74 3888.59 3896.12 3903.53 3910.25 3917.6 3923.04 3923.98 3926.25 3927.81 3929.15 3930.43 3932.14 3934.42 3934.14 3934.27 3935.25 3936.71 3938.59 3940.34 3939.83 3931.66 3930.16 3949.66
3861.56 3862.3 3863.1 3863.77 3865.2 3867.33 3867.94 3868.66 3868.21 3868.32 3868.4 3868.64 3868.42 3868.31 3868.16 3867.96 3867.72 3867.32 3867.02 3866.53 3866.46 3865.96 3865.51 3864.82 3864 3862.24 3864.35 3865.05 3865.38 3865.57 3865.68 3865.75 3865.7 3865.72 3865.74 3866.37 3865.14 3862.38 3861.14 3861.19 3862.03 3866.12 3874.44 3882.13 3890.19 3897.88 3905.27 3913.05 3919.55 3921.3 3923.62 3925.45 3926.83 3928.18 3928.86 3928.57 3926.93 3927.12 3930.93 3933.78 3935.96 3937.77 3939.32 3939.38 3932.42 3932.15 3947.36
3861.04 3861.9 3862.85 3863.75 3864.87 3866.18 3866.71 3866.51 3867.01 3867.75 3867.89 3868.12 3868.13 3867.8 3867.67 3867.46 3867.22 3866.93 3866.65 3865.53 3865.89 3865.5 3865.21 3864.35 3863.7 3863.51 3863.78 3864.61 3865 3865.16 3865.25 3864.83 3864.39 3863.99 3862.95 3861.21 3859.14 3859.93 3860.67 3862.49 3864.51 3869.9 3877.62 3885.2 3893.27 3901.05 3908.8 3916.15 3923.25 3922.65 3923.76 3925.04 3926.17 3926.86 3927.26 3926.78 3925.97 3926.5 3929.84 3932.88 3935.1 3936.25 3936.1 3934.37 3931.27 3932.57 3937.75
3860.48 3861.49 3862.62 3863.93 3865.97 3865.84 3865.92 3866.36 3866.86 3867.55 3867.85 3867.75 3867.76 3867.52 3867.42 3867.18 3866.95 3866.51 3866.29 3866.05 3865.35 3865.67 3865.19 3864.64 3863.69 3863.34 3863.89 3864.65 3865.01 3865.13 3864.63 3864.52 3863.93 3862.73 3861.27 3859.56 3858.36 3858.82 3860.79 3863.86 3866.08 3873.43 3881.95 3889.38 3896.98 3904.69 3912.99 3921.77 3923.13 3923.62 3924.5 3925.19 3926 3926.57 3926.76 3926.76 3926.75 3927.71 3930.28 3932.94 3935.1 3935.84 3934.02 3929.49 3926.12 3927.76 3934.6
3859.76 3860.88 3862.25 3863.68 3865.73 3866.62 3867.57 3867.41 3867.62 3868.28 3868.26 3867.88 3867.73 3867.07 3866.93 3866.66 3866.42 3865.92 3865.73 3865.58 3865.97 3865.78 3865.59 3865.29 3864.69 3864.42 3864.51 3864.77 3864.81 3864.77 3864.51 3864.28 3863.59 3862.64 3861.14 3859.69 3858.25 3859.03 3860.08 3862.37 3866.63 3877.85 3886.28 3893.29 3900.41 3907.54 3914.73 3921.89 3924.02 3924.19 3925.07 3925.99 3926.76 3927.36 3927.48 3927.87 3928.33 3929.38 3931.57 3934.12 3936.21 3937.46 3937.75 3934.67 3928 3926.09 3926.79
3859.33 3860.53 3861.96 3863.36 3864.82 3866.84 3868.16 3869.19 3869.59 3869.42 3868.67 3868.03 3867.4 3866.98 3866.62 3866.32 3866.07 3865.86 3865.67 3865.54 3866 3865.88 3865.85 3865.77 3866.29 3865.95 3865.56 3865.43 3865.34 3864.82 3864.56 3864.01 3863.63 3863.03 3862.02 3861.17 3861.76 3860.82 3861.76 3868.69 3871.24 3881.46 3890.18 3897.04 3903.46 3909.61 3914.94 3918.63 3922.49 3924.31 3925.69 3926.77 3927.52 3928.16 3928.54 3929.21 3929.99 3931.38 3933.2 3935.36 3937.46 3939.42 3940.75 3939.45 3935.14 3930.07 3923.48
3858.55 3859.82 3861.6 3863.25 3865.36 3867.35 3868.8 3871.18 3873.4 3870.09 3868.65 3867.77 3867.03 3866.31 3865.98 3865.67 3865.45 3865.3 3865.18 3865.14 3865.15 3865.74 3865.75 3865.95 3867.69 3866.89 3866.07 3865.96 3865.87 3865.8 3865.68 3865.44 3864.99 3863.93 3863.32 3862.49 3861.98 3863.73 3866.53 3869.46 3877.75 3887.06 3894.33 3900.52 3906.2 3911.66 3916.05 3919.01 3921.56 3924.95 3926.74 3927.74 3928.33 3929.04 3929.73 3930.61 3931.64 3932.25 3934.65 3936.94 3938.7 3940.43 3941.59 3940.69 3938.18 3937.26 3938.03
3858.1 3859.57 3861.23 3863.08 3865.71 3868.32 3870.94 3870.67 3867.69 3868.33 3867.86 3867.25 3866.42 3866.07 3865.63 3865.38 3865.22 3865.12 3864.9 3864.93 3865 3865.17 3865.34 3865.15 3863.45 3865.17 3865.97 3866.69 3866.81 3866.86 3866.92 3866.85 3866.63 3866.1 3865.87 3865.44 3865.7 3868.74 3873.87 3879.8 3887.95 3893.65 3899.1 3904.26 3909.03 3913.68 3918.23 3922.55 3925.71 3928.15 3928.51 3928.92 3929.41 3929.77 3930.49 3931.65 3933.34 3936.85 3938.34 3937.58 3938.67 3940.57 3942.32 3941.87 3939.36 3937.05 3935.96
3857.43 3858.88 3860.42 3862.2 3864.5 3867.79 3870.9 3869.93 3867.69 3867.35 3866.74 3866.08 3865.6 3865.33 3864.83 3864.58 3864.5 3864.49 3864.48 3864.57 3864.71 3864.75 3865.01 3865.29 3866.75 3866.02 3866.74 3867.32 3867.91 3867.56 3867.92 3867.91 3868.23 3868.51 3868.94 3869.49 3870.58 3875.35 3881.44 3886.77 3894.86 3899.19 3902.89 3907.13 3911.22 3915.42 3919.94 3925.72 3933.16 3930.68 3929.24 3929.25 3929.72 3930.19 3930.76 3931.41 3932.69 3934.05 3934.46 3935.62 3937.1 3938.87 3941.84 3941.35 3938.27 3930.48 3924.34
3856.48 3857.93 3859.3 3861.12 3862.9 3865.53 3867.22 3867.41 3868.2 3866.67 3865.4 3864.72 3864.07 3864.01 3863.99 3864.09 3864.14 3864.22 3864.21 3864.32 3864.5 3864.89 3864.47 3865 3865.47 3866.08 3866.87 3867.79 3868.45 3869.24 3870.03 3870.67 3871.06 3872.18 3873.2 3875.21 3878.52 3885.93 3888.86 3889.54 3896.03 3902.5 3905.78 3909.93 3913.34 3916.82 3920.3 3922.65 3923.54 3927.84 3928.67 3929.26 3929.71 3929.9 3930.25 3930.66 3930.6 3929.82 3929.96 3932.6 3934.64 3935.16 3933.97 3937.05 3935.37 3928.41 3923.62
3855.21 3856.81 3858.23 3859.93 3861.9 3862.81 3862.49 3862.58 3863.29 3863.33 3863.3 3862.86 3862.7 3863.01 3863.19 3863.36 3863.52 3863.74 3863.69 3863.99 3864.23 3864.44 3863.94 3864.47 3865.86 3866.1 3867.22 3868.2 3869.24 3870.34 3871.49 3872.52 3873.9 3875.87 3877.54 3880.16 3884.2 3890.52 3893.11 3893.62 3899.81 3904.8 3908.71 3912.03 3914.81 3918.11 3920.57 3922.18 3923.13 3925.99 3927.98 3928.91 3929.45 3930.01 3930.11 3930.04 3929.53 3928.32 3927.86 3931.2 3933.46 3933.7 3931.79 3931.57 3930.31 3924.47 3921.85
3853.74 3855.15 3856.75 3858.42 3859.43 3860.37 3859.89 3859.02 3859.61 3860.24 3860.7 3860.99 3861.29 3861.86 3862.3 3862.66 3863.04 3863.39 3863.45 3863.77 3864.05 3864.31 3863.48 3863.73 3864.36 3866.07 3867.49 3868.75 3870.06 3871.45 3873.06 3874.81 3876.65 3878.81 3881.24 3884.37 3888.22 3893.36 3900.01 3900.82 3902.58 3907.53 3911.59 3914.71 3917.36 3919.63 3921.61 3923.23 3925.05 3927.06 3928.62 3929.4 3929.78 3930.03 3930.26 3930.34 3930.2 3929.8 3929.25 3933.09 3934.86 3935 3932.95 3925.52 3925.31 3929.56 3926.59
3852.84 3854.08 3855.48 3857.05 3859.03 3862.41 3859.45 3856.98 3856.98 3857.88 3858.5 3859.3 3859.78 3860.46 3861.14 3861.92 3862.47 3863.01 3863.49 3863.86 3864.2 3864.52 3863.66 3865.01 3866.19 3867.07 3868.41 3869.93 3871.55 3873.26 3875.06 3877.07 3879.64 3881.97 3884.96 3888.39 3892.95 3899.52 3909.16 3908.89 3908.26 3912.24 3916.19 3918.74 3921.35 3922.54 3923.95 3925.35 3926.82 3929.02 3929.73 3929.82 3929.85 3930 3930.17 3930.57 3931.31 3933.11 3938.38 3937.17 3937.2 3935.53 3928.74 3919.67 3921.32 3929.1 3927.9
3851.26 3852.39 3853.55 3855.55 3858.71 3861.9 3857.45 3853.3 3853.93 3855.55 3856.23 3857.02 3857.97 3859.24 3860.28 3861.28 3861.8 3862.56 3863.21 3863.76 3864.2 3864.62 3863.79 3865.86 3867.44 3868.06 3869.48 3871.28 3873.47 3875.51 3877.65 3879.31 3881.92 3884.59 3888.53 3892.07 3895.95 3899.74 3905.38 3912.74 3918.19 3919.43 3921.33 3923.18 3924.36 3925.61 3926.21 3927.03 3927.89 3930.1 3929.93 3929.48 3929.29 3929.43 3929.7 3930.39 3931.52 3933.09 3932.87 3936.63 3939.6 3939.98 3932.25 3918.63 3918.93 3924.38 3924.53
3849.89 3850.69 3851.3 3852.36 3853.72 3855.22 3853.45 3850.23 3850.04 3851.36 3853.78 3855.08 3856.52 3857.81 3859.15 3860.3 3861.69 3862.61 3863.48 3864.14 3864.59 3864.82 3863.47 3863.87 3866.44 3868.97 3870.6 3873.05 3875.29 3877.56 3879.89 3882.03 3884.66 3887.57 3891.26 3894.99 3898.82 3904.09 3909.39 3916.41 3922.58 3925.03 3927.03 3928.28 3929.08 3928.75 3928.39 3927.89 3927.27 3927.99 3928.88 3928.75 3928.68 3928.85 3929.45 3930.18 3931.32 3932.85 3935.32 3938.54 3941.18 3942.66 3933.96 3920.26 3918.64 3921.41 3921.5
3848.14 3848.36 3848.64 3848.7 3848.3 3850.06 3850.34 3845.65 3846.02 3849.91 3851.34 3853.46 3855.45 3857.09 3858.69 3860.06 3861.17 3862.39 3863.6 3864.45 3865.07 3864.11 3864 3864.62 3867.29 3870.61 3872.82 3874.95 3877.44 3879.92 3882.78 3884.77 3887.46 3889.52 3892.84 3896.57 3902 3908.33 3915.07 3918.4 3925.53 3929.92 3933.07 3933.85 3933.01 3931.49 3929.83 3928.17 3927.11 3927 3926.94 3926.8 3926.89 3927.16 3927.78 3928.51 3929.68 3931.68 3935.53 3938.17 3939.52 3940.63 3930.44 3917.54 3918.36 3921.62 3919.66
3847.18 3847.36 3847.07 3846.47 3845.75 3849.03 3849.19 3842.48 3842.16 3844.74 3849.07 3852.15 3854.44 3856.38 3858.29 3859.94 3861.53 3862.84 3864.03 3865.14 3866.08 3865.74 3865.8 3866.79 3869.62 3872.76 3875.18 3878.01 3880.51 3883.08 3885.69 3887.39 3890.02 3893.12 3895.81 3898.71 3903 3907.39 3912.09 3921.93 3933.03 3939.02 3940.89 3939.7 3937.03 3934.07 3930.96 3928.19 3925.63 3923.93 3923.67 3924.67 3925.05 3925.38 3925.93 3926.59 3927.36 3928.43 3928.91 3930.56 3934.86 3933.13 3924.64 3915.42 3917.32 3919.91 3917.74
3846.59 3846.34 3845.97 3845.06 3844.54 3845.04 3844.41 3840.17 3840.78 3845.35 3849.45 3852 3854.01 3856.01 3858.01 3859.8 3861.38 3863.03 3864.44 3865.88 3867.26 3867.57 3868.77 3870.97 3872.98 3875.62 3877.72 3880.62 3883.19 3886.06 3888.81 3891.02 3893.53 3894.66 3896.9 3898.98 3901.84 3905.29 3912.16 3921.96 3939.26 3949.28 3947.91 3944.19 3940.08 3935.84 3931.63 3927.63 3923.71 3921.16 3920.92 3922.31 3923.1 3923.64 3924.07 3924.43 3924.74 3925.05 3924.94 3927.35 3932.37 3935.46 3924.16 3915.05 3916.47 3917.43 3915.65
3846.04 3846.21 3845.73 3844.77 3843.88 3842.88 3841.54 3840.5 3842.25 3847.71 3850.94 3852.03 3853.85 3855.97 3857.88 3859.8 3861.5 3863.4 3865.1 3866.81 3868.55 3869.28 3871.21 3874.08 3875.7 3877.96 3879.52 3882.18 3885.27 3888.53 3891.36 3893.78 3896.42 3898 3899.53 3900.04 3900.7 3903.06 3911.65 3929.35 3943.16 3953.06 3951.18 3946.37 3941.2 3936.14 3931.24 3926.66 3922.24 3918.38 3918.53 3920.37 3921.33 3921.85 3922.26 3922.42 3922.53 3922.49 3922.57 3924.04 3929.8 3934.52 3928.42 3921.36 3916.72 3915.61 3915.15
3846.21 3846.56 3846.02 3845.33 3844.44 3843.14 3841.6 3841.49 3842.73 3845.93 3848.94 3851.23 3853.66 3855.84 3858.17 3860.13 3862.14 3864.03 3865.85 3867.72 3869.69 3870.44 3872.86 3874.98 3877.09 3878.85 3881.02 3882.35 3885.17 3890.59 3893.68 3897.04 3899.68 3902.01 3903.59 3904.17 3904.25 3906.63 3914.4 3926.67 3941.95 3951.37 3950.16 3945.22 3939.84 3934.78 3930.07 3925.68 3921.54 3917.76 3917.59 3919.59 3920.39 3920.64 3920.89 3920.92 3920.87 3920.78 3921.09 3924.08 3926.47 3925.76 3927.01 3924.07 3919.52 3917.94 3916.96
3846.33 3846.78 3846.56 3846.07 3845.75 3845.07 3844.48 3843.27 3842.21 3844.36 3846.93 3850.75 3853.85 3856.47 3858.88 3860.9 3862.74 3864.7 3866.53 3868.42 3870.44 3871.02 3874.47 3877.16 3878.66 3880.14 3882.26 3883.73 3886.75 3890.28 3893.49 3897.27 3900.55 3906.77 3909 3910.46 3912.55 3915.47 3919.7 3928.57 3939.09 3947.24 3945.65 3940.95 3936.29 3931.84 3928.21 3924.58 3921.61 3919.71 3920.06 3920.03 3919.74 3919.7 3919.78 3919.76 3919.76 3919.7 3919.63 3917.95 3927.42 3929.54 3918.73 3920.05 3928.02 3923.51 3918.78
3845.43 3846.61 3846.9 3847.22 3847.51 3848.38 3849.98 3846.65 3844.69 3845.45 3847.85 3851.51 3854.91 3857.53 3859.75 3861.63 3863.47 3865.23 3867.07 3868.84 3870.69 3870.85 3874.19 3876.66 3879.22 3881.37 3884.09 3886.67 3889.76 3893.2 3895.21 3899.41 3903.49 3908.66 3913.04 3917.45 3921.16 3926.51 3928.3 3930.19 3935.4 3938.66 3937.42 3934.57 3931.48 3928.32 3925.75 3922.78 3920.98 3920.21 3921.42 3919.38 3918.93 3918.85 3918.87 3918.85 3918.99 3919.17 3920.13 3925.97 3931.69 3929.39 3913.9 3915.7 3922.44 3922.4 3917.53
3846.47 3846.91 3848.14 3848.63 3849.06 3850.51 3850.61 3848.81 3847.1 3848.45 3850.06 3854.51 3857.11 3859.12 3861.11 3862.79 3864.31 3866.07 3867.64 3869.2 3870.73 3870.41 3873.46 3876.16 3879.27 3882.48 3885.64 3888.7 3892.32 3895.7 3899.56 3903.53 3908.23 3912.32 3918.85 3926.02 3932.15 3935.74 3938.47 3933.93 3932.09 3929.31 3927.79 3927.24 3925.77 3923.93 3922.09 3920.39 3918.89 3917.09 3915.76 3916.79 3917.35 3917.58 3917.73 3917.67 3917.79 3918.05 3918.64 3919.72 3927.21 3926.63 3913.22 3914.91 3920.92 3920.75 3917.67
3848.6 3849.06 3849.36 3850.01 3850.52 3850.95 3850.88 3851.36 3851 3853.56 3858.59 3858.99 3859.81 3860.88 3861.94 3863.37 3864.98 3866.45 3867.99 3869.34 3870.6 3870.06 3872.18 3875.49 3879.32 3882.64 3885.97 3889.66 3893.48 3897.91 3902.28 3907.06 3912.04 3917.72 3924.69 3933.82 3942.94 3945.85 3944.29 3937.85 3930.67 3924.91 3922.1 3921.78 3921.24 3920.38 3919.38 3918.5 3917.5 3916.57 3915.89 3915.69 3916.35 3916.83 3917.25 3917.55 3917.63 3917.7 3917.5 3916.46 3919.43 3920.57 3916.03 3916 3918.99 3920.89 3921.17
3848.9 3849.53 3850.36 3851.11 3851.73 3852.42 3853.65 3854.84 3855.72 3857.92 3860.18 3861.88 3862.17 3862.65 3863.67 3864.86 3866.16 3867.53 3868.71 3869.86 3870.92 3870.39 3873.14 3876.14 3879.81 3883.56 3887.26 3891.26 3895.18 3899.75 3904.37 3909.75 3915.1 3921.36 3928.35 3938.16 3956.79 3968.45 3954.28 3939.38 3930.17 3923.15 3919.17 3918.18 3917.69 3917.43 3917.03 3916.59 3916.18 3915.78 3914.98 3915.4 3916.01 3916.67 3917.22 3917.69 3918.11 3918.38 3918.57 3918.82 3918.68 3918.32 3917.44 3917.37 3918.56 3921.72 3923.62
3849.58 3850.37 3851.11 3851.82 3852.65 3854.02 3856.22 3858.05 3859.38 3860.79 3863.58 3863.98 3863.4 3863.96 3864.97 3866.3 3867.71 3868.93 3869.96 3870.87 3869.32 3871.12 3873.5 3877 3880.84 3884.73 3889.19 3893.47 3897.01 3901.46 3906.21 3911.7 3917.47 3923.13 3929.51 3938.82 3966.45 3989.6 3966.97 3940.91 3929.21 3921.91 3917.63 3915.82 3915.25 3915.17 3915.2 3915.18 3915.13 3915.01 3915.04 3915.49 3915.59 3916.11 3916.65 3917.24 3918.13 3918.72 3919.39 3921.15 3922.51 3918.96 3918.76 3919.42 3921.08 3922.33 3923.58
3849.92 3850.91 3851.67 3852.28 3853.48 3854.85 3856.69 3861.41 3859.7 3859.39 3861.24 3862.27 3863.25 3864.48 3866.11 3867.64 3868.99 3870.25 3871.36 3872.07 3870.64 3872.16 3874.94 3878.12 3881.92 3886.31 3890.83 3895.51 3900.11 3904.03 3908.79 3913.78 3919.26 3924.76 3930.55 3937.49 3952.07 3966.14 3953.89 3937.04 3926.66 3919.88 3916.36 3913.75 3913.35 3913.76 3914.05 3914.39 3914.53 3914.75 3915.5 3915.32 3915.45 3915.95 3916.51 3917.21 3918.15 3919.06 3919.65 3919.38 3916.75 3917.1 3917.92 3919.44 3920.81 3922.03 3921.32
3850.89 3851.92 3852.61 3853.13 3854.38 3855.29 3856.73 3859.02 3859.4 3858.95 3859.13 3860.3 3862.83 3865.39 3867.57 3869.43 3870.9 3872.17 3873.01 3873.52 3871.88 3873.25 3875.92 3879.23 3883.47 3887.82 3892.26 3896.91 3901.27 3905.24 3910.06 3914.78 3920.52 3925.41 3930.52 3935.28 3935.86 3938.97 3939.53 3930.61 3923.11 3917.06 3911.5 3911.91 3912.81 3913.51 3913.88 3914.12 3914.16 3914.09 3913.95 3914.31 3914.89 3915.64 3916.48 3917.62 3918.47 3919.25 3919.86 3919.45 3917.05 3918.02 3919.63 3921.69 3921.87 3921.22 3921.07
3852.54 3853.02 3853.63 3854.12 3855.02 3856.08 3858.02 3860.27 3859.61 3858.6 3859.73 3861.04 3863.6 3866.54 3869.33 3871.52 3873.26 3874.5 3875.27 3875.55 3873.76 3874.34 3877.04 3880.42 3885.17 3889.6 3893.87 3898.49 3902.52 3906.75 3911.15 3915.8 3920.09 3925.07 3930.37 3934.83 3937.03 3939.79 3933.42 3926.6 3920.91 3916.32 3912.81 3912.87 3913.64 3914.09 3914.25 3914.2 3913.94 3913.45 3912.75 3913.09 3914.26 3915.38 3916.3 3917.24 3918.22 3919.09 3920.43 3921.49 3920.93 3918.01 3919.88 3924.08 3921.84 3918.49 3915.43
3853.2 3853.33 3854.14 3854.48 3855.32 3856.34 3858.11 3859.29 3860.73 3862.32 3861.61 3861.51 3865.16 3869 3872.18 3874.59 3876.2 3877.59 3878.35 3878.53 3876.48 3875.88 3878.5 3882.73 3887.18 3891.12 3895.04 3898.99 3902.76 3906.82 3911.59 3916.68 3921.86 3926.36 3931.02 3935.62 3937.61 3935.61 3930.42 3924.49 3920.01 3917.43 3916.34 3916.46 3916.29 3916.1 3915.9 3915.56 3915.13 3914.5 3913.64 3913.25 3914.97 3915.86 3916.69 3917.55 3918.44 3919.53 3920.59 3921.99 3920.83 3919.75 3919.19 3917.48 3918.44 3916.64 3915.16
