real_craters/C065-500m.grd
DSAA
106 106
-26.3025 26.3025
-26.3025 26.3025
3588.4000609678 4160.0448392624
[rows 30 to 59 of 106, columns 0 to 66 of 106]
3886.68 3887.48 3888.3 3888.92 3889.72 3892.01 3892.03 3888.84 3893.57 3896.83 3899.55 3902.05 3903.36 3903.94 3903.76 3903.3 3903.12 3903.09 3903.33 3905.65 3905.34 3899.58 3902.86 3905.94 3907.75 3908.44 3912.23 3916.46 3915.84 3915 3914.6 3914.27 3917.58 3926.59 3938.38 3933.07 3927.34 3927.96 3930.28 3936.45 3938.44 3940.66 3942.32 3942.76 3940.56 3934.34 3932.44 3929.87 3932.15 3938.87 3939.01 3953.96 3950.46 3942.04 3963.57 3977.3 3987.05 4004.53 4001.07 3992.41 3984 3973.95 3960.94 3949.49 3938.36 3937.96 3943.24
3888.95 3889.09 3889.07 3889.97 3890.31 3890.81 3888.14 3892.74 3896.7 3900.35 3904.15 3907.68 3908.1 3906.89 3905.7 3904.89 3904.22 3903.53 3903.55 3905.73 3905.82 3899.76 3902.47 3906.74 3910.41 3913.31 3915.39 3918.15 3917.51 3916.53 3915.94 3915.71 3912.75 3927.57 3937.17 3935.33 3928.62 3932.25 3928.14 3932.05 3937.51 3942.32 3947 3948.21 3946.93 3941.09 3936.39 3927.76 3932.67 3944.71 3948.56 3958.5 3958.28 3951.09 3976.47 3994.22 4007.87 4017.56 4007.96 3999.4 3990.29 3979.83 3968.54 3957.81 3947.95 3945.5 3947.52
3888.62 3888.28 3889.17 3889.42 3890.18 3890.96 3891.48 3894.06 3898.35 3901.19 3906.23 3912.02 3911.15 3908.39 3906.15 3904.83 3903.59 3902.56 3902.11 3900.21 3904.3 3899.53 3903.99 3909.59 3914.72 3916.99 3918.41 3919.66 3918.03 3918.27 3919.4 3921.87 3932.23 3939.66 3950.55 3939.89 3931.92 3930.28 3926.01 3931.74 3939.86 3946.41 3950.44 3954.56 3956.76 3958.51 3949.53 3943.32 3939.33 3950.95 3962.43 3975.86 3982.29 3972.65 3991.85 4003.74 4009.13 4008.96 4008.55 4003.63 3996.3 3987.54 3976.98 3970.01 3969.82 3965.73 3955.5
3888.8 3888.73 3889.24 3889.07 3889.99 3890.46 3892.08 3895.57 3897.43 3896.95 3903.42 3908.56 3909.61 3907.8 3905.64 3903.68 3902.34 3901.63 3900.71 3900.32 3900.22 3901.02 3907.05 3914.13 3921.77 3930.27 3933.64 3921.66 3918.03 3920.88 3922.97 3925.04 3926.95 3935.03 3941.2 3938.77 3939.4 3931.87 3928.42 3935.5 3945.53 3952.64 3958.6 3963.06 3966.01 3964.81 3960.83 3950.8 3941.54 3958.02 3969.88 3987.67 4003.36 4008.15 3999.43 3999.72 4015.38 4009.59 4010.34 4009.85 4005.84 4000.01 3993.87 3993.06 3995.21 3990.48 3968.51
3887.77 3888.12 3888.4 3888.1 3888.89 3889.08 3889.52 3894.63 3897.49 3894.17 3900.68 3904.76 3906.12 3904.62 3902.2 3900.38 3899.4 3898.59 3899.05 3899.56 3903.02 3906.46 3909.51 3916.52 3925.81 3937.07 3942.52 3931.56 3926.41 3927.11 3926.29 3926.17 3928.03 3934.41 3938.96 3935.82 3935.98 3935 3927.21 3946.77 3956.56 3962.94 3969.04 3974.91 3979.54 3983.63 3984.23 3977.63 3966.51 3986.06 3986.67 3998.5 4002.98 4018.89 4003.85 3991.61 3989.55 4005.88 4017.66 4019.08 4013.41 4011.89 4009.11 4008.29 4012.02 4010.31 3992.96
3885.38 3885.4 3885.38 3886 3887.11 3888.78 3891.23 3892.56 3892.2 3895.21 3900.93 3905.78 3902.79 3900.74 3898.48 3896.56 3895.2 3894.69 3895.62 3898.21 3898.7 3902.76 3908.73 3916.16 3925.19 3934.24 3939.27 3940.85 3942.16 3933.08 3929.34 3928.04 3928.54 3931.01 3927.8 3929.58 3929.01 3934.26 3946.9 3967.89 3968.86 3973.7 3979.71 3987.77 3998.97 4015.4 4033.52 4046.53 4064.26 4069.66 4069.15 4037.96 4008.89 4022.79 4026.43 4018.27 4017.91 4026.1 4029.46 4028.11 4024.42 4024.55 4022.14 4020.08 4024.96 4022.64 4014.56
3880.64 3881.31 3882.48 3884.13 3884.6 3886.58 3888.83 3890.22 3892.03 3892.11 3894.96 3897.31 3897.67 3895.97 3894.68 3893.12 3891.32 3890.84 3890.41 3890.95 3896.25 3899.59 3905.01 3912.66 3920.89 3928.41 3933.98 3936.76 3935.15 3931.33 3928.99 3927.78 3927.41 3931.39 3931.56 3926.44 3925.13 3929.66 3946.8 3971.1 3977.03 3983.13 3990.55 4000.32 4014.59 4042.07 4082.35 4110.17 4136.34 4160.04 4133.36 4090.33 4074.9 4065.76 4071.46 4069.28 4058.27 4059.69 4050.21 4042.8 4038.73 4036.23 4036.55 4040.55 4037.54 4031.77 4023.12
3876.39 3876.52 3878.27 3879.81 3881.2 3882.71 3884.8 3883.22 3886.51 3887.09 3890.67 3892.23 3891.45 3890.61 3889.36 3888.18 3887.8 3886.86 3887.12 3892.08 3894.31 3891.84 3899.68 3908.18 3915.67 3922.59 3927.25 3927.41 3924.23 3926.89 3927.12 3925.97 3924.8 3923.98 3927.68 3923.57 3923.33 3929.94 3942.2 3963.85 3978.18 3989.72 3999.91 4009.9 4025.45 4056.24 4099.14 4124.24 4137.72 4142.19 4132.93 4115.63 4113.62 4114.91 4123.44 4142.92 4129.68 4093.94 4067.15 4049.42 4041.64 4039.26 4042.45 4043.99 4042.32 4040.48 4036.77
3872.01 3873.56 3874.74 3874.66 3876.03 3877 3877.47 3875.72 3879.35 3885.56 3882.63 3882.72 3884.37 3884.13 3884.07 3882.91 3881.79 3881.75 3882.54 3890.27 3884.93 3887.72 3895.01 3902.62 3909.57 3915.82 3921.09 3922.91 3923.19 3925.04 3924.87 3923.65 3922 3921.13 3930.43 3925.67 3925.58 3932.13 3946.41 3963.12 3981.49 3997.28 4010.56 4020.24 4027.33 4056.38 4097.67 4107.51 4110.53 4111.54 4101.52 4099.11 4114.07 4126.1 4144.05 4141.03 4086.68 4084.38 4064.78 4049.79 4042.29 4040.47 4041.47 4042.99 4043.46 4041.69 4042.7
3867.4 3869.55 3870.67 3871.59 3871.95 3872.49 3872.48 3873.82 3876.3 3879.94 3877.46 3879.06 3880.71 3880.99 3879.49 3878.44 3878.91 3877.39 3879.07 3885.42 3883.66 3887.39 3893.59 3899.44 3905.22 3910.19 3913.03 3917.63 3924.32 3926.23 3925.31 3923.31 3922.04 3924.09 3931.44 3946.78 3942.64 3941.11 3951.93 3969.27 3986.26 4005.61 4025 4039.62 4039.8 4058.66 4069.63 4077.03 4061.49 4065.44 4059.32 4052.16 4064.57 4088.33 4127.89 4142.49 4074.44 4074.27 4055.21 4042.05 4034.15 4032.57 4035.82 4042.28 4043.48 4041.17 4043.8
3865.2 3867.29 3868.27 3868.69 3869.72 3869.27 3868.47 3869.97 3881.58 3878.54 3881.47 3880.02 3877.39 3876.52 3876.8 3875.86 3874.98 3875.05 3877.54 3890.87 3888.86 3889.75 3894.17 3898.14 3903.88 3906.62 3910.03 3915.29 3923.44 3925.89 3926.31 3926.33 3924.26 3921.96 3938.43 3953.88 3954.12 3954.29 3959.59 3969.5 3987.26 4012.08 4040.62 4070.31 4088.83 4078.18 4057.4 4059.56 4059.55 4060.51 3993.94 3976.52 3987.53 4024.5 4075.87 4101.59 4081.93 4050.1 4029.92 4019.6 4019.04 4017.81 4025.03 4035.03 4041.69 4037.47 4038.56
3862.95 3864.72 3866.08 3864.27 3866.23 3866.47 3866.75 3867.85 3867.84 3866.31 3870.75 3875 3874.33 3873.4 3873.09 3872.99 3872.84 3873.12 3873.58 3887.71 3887.23 3890.4 3893.69 3897.36 3901.92 3906.04 3909.77 3913.82 3919.63 3924.67 3928.83 3933.61 3937.21 3939.65 3957.24 3967.1 3964.15 3964.41 3963.24 3966.23 3982.35 4012.02 4047.63 4086.04 4116.61 4090.44 4059.81 4021.55 4006.34 3904.42 3892.31 3884.4 3905.1 3975.1 4023.22 4055.28 4037.16 3998.46 4000.92 3994.26 3992.66 4000.35 4009.12 4017.69 4025.73 4036.28 4038.91
3861.37 3862.89 3864.25 3864.77 3865.84 3864.52 3864.76 3865.99 3865.68 3865.48 3866.24 3868.63 3870.34 3871.04 3870.71 3871.26 3872.32 3874.45 3878.27 3886.42 3888.81 3889.86 3892.67 3896.69 3901.2 3905.86 3910.08 3914.88 3916.44 3921.59 3931.21 3942.87 3955.98 3972.68 3978.3 3978.18 3979.11 3975.68 3964.22 3953.07 3969.03 4004.31 4038.77 4070.23 4073.68 4044.65 4004.77 3935.76 3859.83 3831.75 3820.52 3807.04 3830 3904.46 3945.95 4003.35 3997.94 3994.54 3968.83 3955.85 3959.17 3972.4 3987.26 4001.53 4012.21 4024.37 4025.83
3860.29 3861.6 3862.58 3863.42 3864.11 3865.19 3864.86 3862.88 3863.72 3865.31 3863.89 3866.64 3867.59 3867.93 3867.96 3867.82 3870.38 3874.31 3881.09 3883.55 3884.63 3886.77 3890.9 3894.62 3900.07 3906.55 3912.41 3912.38 3916.86 3918.28 3935.98 3952.64 3969.57 3983.04 3985.63 3991.03 3983.08 3973.47 3968.38 3957.32 3970.71 3997.32 4018.07 4033.67 4019.25 3947.94 3895.05 3858.66 3812.34 3793.34 3770.07 3752.69 3754.99 3771.91 3808.61 3867.19 3868.76 3892.35 3892.74 3897.25 3914.7 3939.09 3965.2 3989.03 4006.85 4015.34 4026.93
3859.64 3860.79 3861.92 3863.36 3864.1 3865.27 3866.53 3867.94 3868.31 3862.8 3870.65 3866.75 3865.87 3865.89 3867.32 3867.22 3867.21 3869.24 3874.61 3872.03 3875.71 3881.51 3887.88 3893.23 3899.47 3906.36 3916.27 3930.36 3926.94 3934.76 3944.37 3959.88 3977.08 3991.88 4006.81 4000.35 3985.3 3985.59 3983.61 3988.33 3994.9 3995.17 3988.61 3973.47 3938.06 3870.65 3828.8 3812.71 3790.3 3753.68 3721.16 3692.09 3678.61 3666.39 3675.62 3686.41 3708.73 3747.81 3783.18 3821.3 3862.86 3904.39 3944.37 3979.95 4005.37 4011.94 4026.32
3858.22 3858.92 3859.21 3861.53 3864.19 3865.63 3868 3870.49 3866.52 3865.46 3864.62 3863.54 3863.12 3862.8 3862.63 3863.19 3862.85 3862.37 3865.98 3869.84 3871.08 3876.74 3883.64 3890.56 3897.55 3904.8 3911.88 3915.53 3925.1 3935.5 3948.91 3964.29 3979.38 3989.38 4003.21 4003.15 3993.65 3987.1 3997.02 4013.03 4017.54 3997.19 3961.1 3916.6 3878.06 3840.87 3804.3 3780.78 3751.42 3710.28 3681.34 3665.01 3648.75 3640.1 3633.17 3633.19 3632.25 3647.25 3688.87 3753.85 3815.62 3874.2 3929.27 3977.01 4014.58 4021.21 4032
3854.7 3856.08 3857.8 3859.56 3860.29 3862.96 3865.38 3867.02 3863.01 3861.35 3858.36 3859.77 3861.11 3861.08 3861.14 3860.37 3859.78 3859.22 3864.61 3866.27 3866.55 3872.47 3879.08 3886.45 3894.25 3902.19 3909.17 3916.5 3926.38 3937.64 3949.82 3963.95 3980.74 3986.38 3993.05 3991.41 3979.25 3974.29 4003.15 4036.81 4048.43 4004.51 3941.42 3874.17 3839.19 3816.4 3778.96 3743.44 3705.52 3684.45 3670.46 3659.85 3642.61 3629.41 3622.66 3617.84 3614.23 3611.63 3640.32 3707.77 3779.33 3849.45 3916.38 3975.28 4024.11 4037.01 4038.87
3851.33 3853 3854.52 3856.36 3858.28 3860.79 3862.77 3863.76 3863.46 3859.95 3860.96 3860.86 3859.12 3858.91 3858.23 3857.9 3858.16 3859.63 3857.95 3853.71 3861.94 3870.09 3878.04 3886.25 3893.68 3900.4 3907.78 3918.22 3926.81 3935.01 3946.29 3957.62 3965.88 3967.93 3970.46 3970.59 3959.57 3959.03 4002.66 4047.31 4065.49 4009.72 3930.17 3854.89 3819.57 3795.79 3753.72 3704.75 3683.44 3671.52 3659.56 3648.87 3635.09 3620.3 3613.51 3610.22 3606.55 3602.2 3620.52 3681.14 3754.34 3830.83 3904.77 3970.73 4024.49 4049.15 4046.15
3849 3850.65 3852.31 3853.04 3855.44 3856.98 3857.86 3859.03 3857.95 3855.17 3855.81 3857.04 3855.23 3854.98 3855.1 3855.17 3854.63 3854.43 3853.55 3853.99 3861.33 3869.43 3877.39 3884.85 3891.97 3898.73 3904.78 3908.94 3914.97 3928.03 3941.5 3951.51 3954.65 3959.36 3961.7 3952.65 3940.25 3954.13 4003.66 4045.56 4049.51 4005.1 3924.83 3840.58 3812.48 3788.77 3740.41 3695.84 3683.06 3668.43 3655.51 3646.37 3631.96 3616.93 3609.23 3601.68 3598.53 3595.79 3608.73 3663.99 3736.5 3816.39 3895.82 3969.43 4029.15 4058.54 4056.52
3847.51 3848.66 3849.72 3850.88 3850.74 3850.85 3850.76 3850.92 3850.15 3852.55 3849.9 3848.87 3850.52 3852.14 3852.91 3853.78 3854.11 3850.48 3848.38 3855.24 3864.31 3872.01 3878.62 3885.42 3893.14 3899.69 3904.88 3907.79 3915.18 3934.89 3944.95 3946.85 3953.37 3947.09 3956.07 3956.9 3951.34 3967.78 4009.47 4049.71 4064.51 4018.23 3927.63 3849.43 3811.2 3783.15 3735.24 3696.43 3687.92 3672.11 3656.32 3647.26 3632.6 3617.39 3606 3599.73 3596.67 3594.89 3604.34 3652.52 3723.97 3805.27 3887.8 3968.29 4038.86 4077.92 4076.01
3845.25 3845.42 3845.49 3845.88 3846.25 3846.46 3846.39 3845.53 3844.02 3851.89 3848.32 3843.34 3847.65 3849.71 3851.53 3852.74 3853.92 3861.7 3859.34 3868.58 3869.99 3875.08 3880.83 3887.35 3894.01 3901.2 3909.08 3919.36 3933.62 3940.07 3943.08 3936.09 3934.21 3949.17 3961.24 3955.04 3951.25 3972.61 4013.55 4055.87 4085.3 4026.87 3923.99 3840.27 3801.34 3770.29 3733.46 3706.07 3696.64 3680.39 3664.69 3652.11 3635.82 3619.05 3603.87 3600.89 3598.92 3597.32 3599.53 3643.36 3712.59 3793.15 3878.18 3962.82 4038.54 4085.64 4084.6
3843.47 3843.34 3843.39 3843.17 3843.12 3843.58 3842.43 3840.98 3840.85 3842.08 3842.23 3849.99 3847.08 3848.58 3849.73 3851.2 3852.45 3853.12 3857.89 3866.49 3872.48 3877.45 3883.34 3889.02 3895.12 3902.23 3910.67 3920.76 3931.41 3932.07 3928.72 3926.05 3933.22 3961.38 3961.83 3954.09 3946.53 3971.53 4010.54 4044.29 4050.81 4000.38 3908.57 3828.48 3782.95 3754 3731.69 3716.94 3707.22 3690.84 3673.11 3657.63 3642.24 3622.9 3588.4 3601.34 3604.62 3603.91 3598.3 3636.05 3701.73 3779.16 3862.78 3948.38 4027.96 4073.05 4077.49
3840.79 3840.62 3840.47 3840.51 3839.95 3839.77 3839.57 3838.89 3838.77 3837.31 3838.89 3842.2 3845.01 3846.54 3848.37 3851.18 3852.91 3851.85 3857.63 3866.37 3872.3 3876.51 3882.03 3888.66 3895.02 3901.38 3908.78 3915.86 3919.71 3922.29 3923.2 3924.5 3931.92 3952.55 3955.95 3943.68 3942.53 3968.28 4005.35 4034.72 4039.64 3993.64 3891.89 3817.04 3784.93 3756.68 3735.7 3723.82 3715.65 3701.35 3682.41 3662.39 3652.72 3648.07 3633.67 3618.41 3614.72 3612.18 3606.43 3633.97 3691 3763.57 3842.89 3924.18 3998.55 4049.21 4070.34
3838.22 3837.93 3837.84 3837.5 3837.75 3838.09 3838.25 3838.19 3837.8 3833.19 3836.45 3842.13 3843.67 3845.76 3848.91 3852.72 3858.81 3866.71 3866.94 3868.11 3872.14 3877.94 3882.12 3888.38 3895.29 3901.21 3906.61 3911.33 3915.47 3916.95 3916.07 3923.66 3930.42 3943.5 3941.49 3926.02 3928.14 3962.51 4000.44 4030.7 4037.14 3988.82 3883.33 3816.49 3794.19 3766.24 3741.61 3734.84 3724.12 3713.88 3700.46 3670.94 3662.76 3656.48 3650.91 3635.19 3626.22 3620.62 3612.89 3632.73 3682.4 3746.37 3818.1 3895.81 3966.34 4036.14 4067.9
3835.07 3835.26 3835.58 3835.88 3836.02 3836.33 3836.88 3836.15 3837.46 3835.58 3840.27 3842.28 3840.71 3843.59 3847.7 3852.48 3856.93 3862.61 3864.65 3865.13 3870.59 3876.89 3883.64 3889.6 3895.41 3901.33 3905.96 3909.61 3910.33 3913.53 3917.64 3921.84 3922.95 3922.65 3916.28 3907.01 3923.59 3960.35 4002.8 4032.33 4035.82 3984.32 3878.24 3817.04 3799.19 3766.73 3732.04 3717.13 3727.04 3723.8 3714.66 3687.69 3674.61 3665.82 3658.22 3645.16 3635.71 3629.55 3621.55 3634.52 3676.33 3730.49 3790.56 3854.25 3928.07 4004.11 4059.95
3830.98 3831.52 3832.08 3832.58 3833.01 3833.51 3834.06 3833.3 3833.56 3829.84 3849.41 3849.31 3838.04 3841.29 3846.41 3851 3852.63 3853.86 3851.79 3860.17 3869.01 3876.58 3882.02 3888.77 3895.21 3901.08 3906.06 3909.05 3910.51 3911.94 3915.36 3918.83 3910.76 3908.96 3905.4 3901.67 3916.11 3958.13 4002.58 4042.12 4060 4019.23 3876.83 3817.12 3796.17 3768.51 3745.44 3741.85 3734.93 3729.72 3723.27 3702.28 3685.71 3675.47 3665.99 3652.19 3641.88 3634.42 3627.85 3636.54 3674.58 3723.66 3773.87 3817.11 3877.66 3979.82 4052.63
3827.51 3828.4 3828.95 3829.39 3829.91 3830.45 3830.84 3831.3 3832.26 3831.85 3837.14 3837.68 3834.2 3839.31 3846.33 3853.18 3857.45 3854.58 3852.37 3860.99 3869.3 3877.12 3885.59 3891.43 3897.43 3902.76 3908.03 3911.62 3914.21 3916.12 3913.75 3911.38 3907.58 3911.76 3913 3917.38 3924.05 3956.02 4005.49 4055.19 4095.44 4107.6 3938.12 3843.53 3795.71 3770.66 3764.13 3757.16 3745.72 3731.76 3715.48 3705.55 3692.39 3684.07 3673.79 3658.72 3645.26 3638.54 3631.64 3637.36 3678.6 3732.06 3781.35 3823.74 3887.39 3980.02 4045.74
3825.39 3825.86 3826.31 3826.78 3827.38 3827.67 3827.75 3827.57 3826.42 3828.05 3828.21 3829.88 3831.04 3837.4 3846.5 3855.7 3863.88 3864.26 3864.76 3865.29 3871.47 3878.55 3885.87 3892.02 3898.85 3905.14 3910.03 3915.4 3920.37 3921.37 3913.22 3907.58 3906.49 3924.07 3924.7 3930.67 3915.4 3949.85 4003.37 4056.2 4099.7 4101.02 4041 3882.08 3781.63 3769.99 3775.01 3767.7 3752.52 3740.59 3725.99 3708.31 3696.85 3685.98 3674.54 3660.31 3645.49 3638.52 3633.8 3631.79 3696.52 3759.78 3811.96 3856.43 3915.64 3986.4 4032.07
3823 3823.28 3823.8 3824.12 3824.56 3824.88 3824.75 3824.81 3825.11 3823.94 3824.44 3825.68 3828.06 3835.51 3845.7 3857.37 3866.06 3860.93 3861.58 3868 3872.16 3878.38 3885.47 3892.85 3898.85 3906.17 3912.55 3918.23 3923.06 3923.33 3911.2 3905.08 3907.86 3914.27 3922.95 3930.91 3906.42 3945.05 3991.58 4035.53 4079.14 4115.25 4099.25 3931.55 3806.83 3788.2 3780.32 3771.78 3758.7 3743.65 3732.96 3721.01 3708.79 3689.81 3675.22 3660.72 3643.52 3633.44 3642.5 3687.42 3753.26 3809.79 3861.92 3912.84 3955.79 3996.38 4018.83
3819.69 3820.26 3820.82 3821.54 3822.19 3822.63 3822.63 3822.13 3821.71 3822.16 3822.43 3822.81 3824.69 3832.86 3844.01 3856.82 3870.88 3874.59 3870.1 3869.3 3873.56 3878.98 3885.46 3892.75 3900.37 3908.68 3914.91 3921.33 3923.49 3919.74 3911.26 3902.52 3900.73 3905.11 3915.12 3916.17 3914.23 3936.25 3970.47 4006.46 4038.21 4061.49 4070.14 4025.68 3933.69 3835.11 3778.7 3780.63 3772.52 3753.29 3736.03 3729.9 3720.86 3703.45 3682.26 3665.62 3646.52 3633.73 3650.2 3759.44 3821.42 3867.57 3911.06 3954.76 3984.44 4004.85 4015.01
