real_craters/C065-300m.grd
DSAA
176 176
-26.3025 26.3025
-26.3025 26.3025
3588.4000559683 4196.4675854273
[rows 120 to 149 of 176, columns 67 to 133 of 176]
3959.38 3949.61 3940.95 3936.68 3932.14 3936.21 3921.63 3907.64 3898.46 3898.75 3900.27 3902.87 3906.75 3908.85 3905.22 3902.1 3899.38 3897.85 3896.54 3897.25 3895.94 3896.63 3893.94 3889.99 3887.38 3885.39 3883.6 3880.98 3881.44 3882.63 3883.36 3884.08 3883.5 3877.66 3870.66 3869.68 3872.62 3870.77 3870.17 3870.5 3870.56 3869.92 3869.66 3868.29 3866.75 3864.05 3861.77 3867.65 3873.53 3885.62 3890.18 3890.98 3892.73 3895.37 3896.91 3896.4 3896.76 3900.48 3909.33 3910.52 3906.18 3911.46 3930.53 3921.61 3917.43 3918.71 3920.62
3954.9 3948.78 3945.32 3944.44 3940.37 3937.57 3924.27 3907.54 3898.45 3897.94 3898.5 3899.26 3899.53 3900.62 3901 3899.89 3898.79 3898.31 3895.94 3894.73 3894.08 3892.43 3889.98 3888.06 3885.73 3883.42 3881.89 3881.52 3880.7 3878.9 3878.47 3878.8 3878.94 3870.92 3856.79 3847.36 3850.64 3858.07 3862.03 3864.32 3866.28 3867.72 3868.84 3869.92 3870.5 3872.96 3871.42 3871.07 3873.58 3879.41 3889.32 3892.75 3893.06 3893.15 3891.39 3886.2 3879.69 3872.04 3861.84 3868.07 3870.81 3869.52 3872.41 3890.29 3902.06 3911.03 3917.36
3946.97 3942.37 3935.88 3933.27 3934.3 3932.53 3922.28 3911.54 3902.69 3898.47 3896.87 3896.05 3895.87 3895.96 3897.09 3897.25 3896.89 3896.18 3895.08 3893.84 3892.9 3889.86 3887.05 3886.62 3884.17 3881.14 3878.53 3878.05 3876.55 3872.9 3871.86 3871.28 3869.71 3861.66 3848.39 3839.04 3842.35 3850.02 3856.1 3860.61 3864.19 3867.1 3869.72 3871.57 3873.54 3873.9 3877.47 3875.35 3875.29 3887.58 3891.73 3895.13 3897 3893.53 3886.54 3876.62 3864.43 3850.83 3838.38 3839.61 3841.77 3839.04 3842.63 3867.38 3888.31 3904.75 3917.44
3939.8 3937.03 3929.73 3926.43 3926.1 3921.01 3918.35 3913.2 3904.12 3897.59 3894.76 3893.62 3893.85 3894.28 3894.75 3895.25 3895.13 3894.91 3895.52 3895.17 3894.02 3892.62 3890.77 3887.31 3882.64 3877.52 3872.3 3867.65 3864.11 3863.94 3864.55 3863.75 3859.08 3851.32 3846.02 3841.61 3843.03 3847.6 3852.98 3858.05 3862.53 3866.79 3870.66 3874.11 3877.42 3879.56 3881.37 3884.41 3881.48 3884.92 3892.56 3896.3 3897.35 3894.38 3883.55 3869.56 3854.06 3838.87 3827.99 3824.91 3826.09 3828.54 3838.3 3858.07 3880.21 3900.58 3918.07
3937.19 3935.31 3933.68 3927.48 3921.78 3918.6 3914.29 3902.77 3897.9 3894.66 3892.27 3890.66 3890.05 3891.07 3892.78 3894.34 3895.11 3894.75 3894.46 3894.85 3895.15 3895.46 3894.47 3888.21 3880.49 3873.27 3866.27 3858.05 3850.63 3856.23 3858.84 3859.55 3858.33 3854.96 3849.05 3845.22 3844.84 3847.81 3852.31 3857.42 3862.45 3867.48 3871.89 3876.24 3880.97 3885.05 3886.78 3886.58 3877.51 3883.15 3895 3895.18 3893.71 3890.51 3879.9 3865.32 3848.05 3830.67 3820.13 3816.64 3819.05 3825.82 3837.02 3854.26 3875.51 3897.27 3916.92
3935.25 3932.41 3930.83 3923.51 3915.95 3908.24 3904.97 3893.59 3892.65 3891.79 3890.31 3888.25 3886.33 3888.38 3891.12 3893.61 3896.38 3897.2 3895.73 3894.93 3894.48 3894.93 3895.63 3885.97 3876.5 3868.76 3862.09 3856.47 3855.32 3854.08 3855.54 3857.25 3859.42 3862.52 3850.32 3843.57 3845.46 3848.27 3852.35 3857.29 3861.98 3866.67 3870.88 3876.62 3881.9 3886.01 3881.69 3876.24 3872.24 3882.75 3895.57 3891.67 3886.18 3883.64 3876.68 3865.57 3848.47 3825.46 3812.11 3813.35 3815.83 3823.17 3834.36 3850.71 3871.52 3893.5 3914.16
3933.99 3927.78 3915.84 3916.14 3911.21 3902.75 3900.02 3896.57 3893.06 3891.01 3889.47 3887.79 3885.58 3887.41 3889.61 3892.07 3894.54 3896.67 3896.84 3893.94 3890.62 3887.82 3885.51 3876.99 3869.62 3863.48 3858.42 3854.67 3853.06 3852.01 3852.89 3854.33 3854.97 3851.35 3848.39 3845.48 3847.65 3849.51 3853.32 3857.43 3861.52 3865.8 3870.03 3874.36 3879.06 3881.92 3880.53 3876.55 3875.94 3886.82 3892.94 3887.17 3880.63 3877.87 3876.59 3872.89 3863.64 3838.6 3822.24 3822.36 3816.03 3815.72 3827.84 3846.57 3867.66 3888.75 3908.15
3931.69 3926.46 3920.18 3914.62 3909.96 3905.79 3903.33 3900.94 3894.04 3889.72 3888.22 3889.06 3889.76 3887.39 3887.39 3889.32 3891.99 3895.2 3895.64 3890.39 3883.98 3876.92 3868.08 3863.77 3861.1 3857.89 3854.55 3851.29 3848.07 3848.71 3850.29 3851.59 3852.17 3851.8 3849.22 3849.64 3849.53 3851.07 3854.31 3858.15 3861.48 3865.06 3868.54 3872.5 3875.87 3877.92 3877.41 3870.62 3882.07 3889.53 3886.59 3883.3 3878.34 3875.67 3879.01 3884.04 3891.95 3906.95 3881.48 3845.82 3819.81 3809.04 3823.52 3844.65 3865.55 3884.28 3899.62
3920.69 3918.91 3920.93 3910.06 3906.64 3906.93 3902.49 3898.39 3890.26 3884.82 3882.69 3885.23 3887.99 3883.15 3882.52 3884.46 3887.98 3891.02 3890.77 3884.07 3876.15 3867.68 3858.42 3854.66 3854.33 3852.98 3851.04 3849.13 3846.91 3847.85 3848.93 3849.58 3850.47 3851.37 3850.63 3847.06 3847.98 3852.47 3856.18 3859.17 3861.85 3864.51 3867.27 3870.35 3873.39 3877.04 3880.2 3878 3886.67 3888.92 3883.29 3877.89 3872.99 3874.87 3880.94 3890.15 3904.74 3926.52 3905.2 3867.28 3829.76 3807.71 3828.95 3849.18 3866.22 3880.84 3892.45
3899.44 3895.97 3893.23 3894.6 3895.51 3897.16 3890.27 3886.92 3879.85 3875.19 3872.15 3868.98 3869.33 3872.22 3873.88 3876.36 3879.19 3882.15 3881 3874.8 3867.95 3861.09 3854.72 3851.42 3850.19 3849.23 3848.33 3848.07 3849.57 3849.5 3848.02 3848.02 3848.78 3850.16 3852.37 3851.18 3851.96 3856.43 3859.41 3862.17 3863.87 3865.34 3866.71 3868.07 3869.86 3875.17 3883.9 3892.65 3879.68 3882.03 3885.34 3880.9 3876.54 3876.41 3880.91 3887.63 3895.44 3898.42 3897.48 3884.53 3869.75 3851.07 3854.49 3862.1 3870.81 3880.13 3887.52
3877.51 3872.83 3871.79 3875.02 3877.95 3878.27 3867.88 3866.46 3865.38 3863.55 3861.2 3858.32 3858.01 3860.9 3863.13 3866.15 3868.3 3867.9 3866.78 3863.28 3859.34 3855.17 3852.01 3849.65 3847 3846.16 3845.92 3845.93 3846.6 3846.54 3846 3846.23 3846.94 3847.91 3851.11 3856.85 3861.11 3862.26 3863.97 3864.97 3865.48 3865.88 3866.3 3866.62 3867.95 3873.65 3880.8 3895.15 3880.2 3877.41 3875.53 3881.48 3880.59 3877.64 3878.73 3881.16 3882.46 3881.18 3888.11 3893.39 3907.63 3905.4 3881.03 3875.07 3876.54 3880.98 3885.46
3857.67 3851.39 3851.61 3856.58 3859.37 3858.09 3847.5 3847.34 3851.19 3852.71 3852.42 3851.56 3851.55 3852.11 3851.92 3851.22 3851.63 3847.75 3849.46 3851.62 3851.33 3849.45 3846.46 3843.59 3844.15 3844.06 3843.58 3843.23 3842.57 3842.3 3843.45 3844.75 3846.15 3847.34 3850.66 3858.73 3864.48 3867.09 3867.6 3867.15 3866.3 3865.61 3865.43 3865.55 3866.39 3873.01 3882.03 3891.86 3888.74 3881.82 3880.55 3888.46 3875.8 3874.83 3875.31 3875.21 3874.27 3874.2 3880.72 3886.98 3890.14 3890.69 3885.12 3880.1 3879.38 3881.18 3883.66
3840.74 3835.36 3837.22 3842.94 3845.3 3840.8 3834.96 3838.49 3842.36 3845.18 3846.53 3845.55 3846.41 3846.15 3843.93 3837.95 3835.13 3835.93 3839.27 3843.66 3845.72 3845.88 3844.68 3842.97 3844.07 3843.38 3842.22 3841.09 3840.09 3840.16 3841.95 3844.58 3847.51 3850.73 3854.92 3863.61 3870.93 3873.13 3871.19 3868.49 3865.73 3864.1 3863.69 3865.22 3867.5 3872.48 3880.29 3885.7 3884.64 3883.27 3885.96 3890.14 3879.6 3874.45 3872.61 3870.64 3869.11 3870.25 3873.78 3877.76 3879.11 3880.63 3880.48 3878.99 3878.22 3879.07 3879.86
3829.92 3823.25 3828.45 3835.63 3841.19 3843.71 3841.23 3836.74 3838.23 3841.34 3844.36 3847.93 3845.52 3843.8 3841.73 3839.65 3836.33 3834.71 3837.03 3840.35 3842.86 3844.47 3846.12 3848.73 3845.74 3843.33 3841.7 3840.09 3838.79 3837.83 3841.5 3845.61 3850.32 3855.72 3861.89 3870.77 3880.72 3878.64 3873.72 3869 3865.14 3862.61 3861.57 3862.51 3865.98 3867.66 3872.67 3875.85 3877.48 3878.74 3879.36 3884.03 3881.81 3874.32 3870.23 3867.27 3864.17 3863.93 3867.79 3870.74 3872.93 3874 3874.6 3873.69 3873.47 3874.15 3876.04
3822.03 3824.62 3825.32 3832.78 3839.45 3841.41 3837.2 3833.8 3836.3 3839.7 3842.74 3843.53 3844.67 3843.37 3842.01 3840.34 3838.23 3836.93 3837.89 3839.96 3842.06 3843.83 3845.37 3846.6 3844.87 3843.56 3842.01 3840.35 3839.05 3839.99 3842.16 3847.55 3853.4 3858.71 3861.86 3872.23 3881.25 3879.89 3873.67 3867.53 3862.55 3858.95 3857.08 3856.57 3856.69 3858.59 3860.76 3867.72 3872.23 3873.11 3873.46 3875.13 3872.44 3869.1 3866.61 3864.92 3863.54 3862.86 3863.46 3864.55 3865.94 3867.42 3867.98 3869.01 3869.53 3869.92 3871.31
3812.26 3807.04 3820.08 3832.92 3841.62 3840.8 3834.63 3834.85 3836.03 3839.37 3843.4 3846.31 3845.07 3843.64 3842.09 3841.61 3840.09 3839.56 3839.98 3841.01 3842.43 3843.67 3844.44 3843.38 3844.17 3844.22 3843.19 3841.77 3840.44 3837.22 3844.14 3850.52 3857.14 3863.39 3866.14 3875.26 3881.26 3877.52 3870.19 3863.69 3858.19 3853.76 3851.07 3849.94 3850.72 3851.06 3851.77 3864.93 3868.65 3866.91 3864.24 3861.53 3861.2 3861.03 3861.25 3862.02 3863.99 3862.36 3859.87 3858.79 3859.37 3861.14 3863.36 3864.68 3865.44 3865.55 3865.69
3807.27 3806.08 3818.54 3835.39 3851.48 3852.1 3839.85 3834.04 3835.2 3839.09 3843.76 3846.5 3845.76 3843.9 3842.08 3840.13 3841.27 3841.57 3842.13 3842.67 3843.56 3844.53 3845.62 3847.17 3847.13 3846.12 3844.99 3843.81 3843.79 3848.74 3849.34 3853.47 3860.71 3869.57 3879.3 3881.61 3877.52 3870.3 3863.04 3857.05 3852 3847.56 3843.85 3840.59 3840.71 3845.25 3850.47 3859.02 3860.67 3860.72 3857.99 3849.82 3850.62 3852.97 3855.22 3857.66 3859.36 3858.79 3856.11 3853.11 3852.83 3856.09 3858.82 3860.44 3861.04 3860.94 3860.09
3806.08 3804.84 3817.89 3835.53 3853.58 3851.31 3836.27 3832.79 3833.54 3838.12 3843.46 3846.31 3846.01 3844.13 3842.57 3843.3 3844.41 3845.02 3844.44 3844.12 3844.34 3845.14 3846.56 3848.46 3849.02 3848.02 3847.04 3846.22 3845.4 3842.78 3846.54 3855 3862.29 3870.5 3883.34 3883.41 3869.63 3858.9 3853.13 3848.66 3844.84 3841.46 3837.6 3833.66 3833.31 3835.19 3840.33 3849.19 3855.77 3856.57 3853.77 3844.56 3844.3 3847.21 3850.26 3853.13 3856.24 3855.66 3853.88 3850.58 3850.2 3853.64 3855.58 3856.5 3856.65 3856.11 3854.43
3809.93 3806.77 3816.4 3830.4 3843.9 3841.73 3831.13 3825.67 3828.25 3836.4 3844.48 3847.69 3846.63 3844.18 3841.02 3841.54 3846.5 3847.58 3846.19 3844.67 3844.23 3844.83 3846.37 3848.86 3850.32 3849.15 3848.88 3848.99 3849.24 3849.42 3852.79 3858.18 3862.52 3866.7 3875.55 3873.45 3857.44 3846.7 3842.88 3840.36 3838.15 3836.25 3834.13 3831.55 3831.03 3832.96 3843.64 3852.88 3857.02 3852.96 3848.81 3841.79 3841.31 3843.17 3846.04 3848.46 3850.15 3853.03 3854.1 3853.8 3853.11 3853.01 3852.74 3852.16 3851.75 3850.08 3849.39
3817.28 3810.87 3814.62 3821.98 3829.77 3832.1 3826.85 3819.69 3824.51 3835.1 3844.16 3847.69 3847.31 3845.33 3841.56 3842.14 3848.61 3848.46 3845.88 3843.86 3842.92 3843.12 3844.22 3846.12 3847.77 3848.45 3849.57 3851.67 3854.45 3857.91 3861.51 3863.14 3862.82 3860.75 3858.21 3851.59 3843.3 3836.52 3833.94 3833.06 3832.44 3832.24 3832.62 3833.67 3832.06 3835.57 3849.98 3855.52 3855.59 3850.15 3837.88 3840.72 3838.99 3840.8 3843.57 3845.9 3848.08 3852.37 3855.71 3858.4 3856.46 3853.46 3851.77 3850.06 3847.96 3845.54 3843.48
3824.49 3816.07 3816.25 3814.89 3814.69 3823.43 3825.65 3824.23 3827.95 3835.19 3843.08 3846.13 3847.51 3848.02 3846.98 3846.9 3849.26 3846.11 3842.59 3840.28 3839.61 3839.72 3840.62 3841.81 3843.33 3846.39 3849.21 3853.47 3858.64 3864.69 3868.95 3869.02 3864.54 3856.15 3847.21 3836.35 3831.34 3826.87 3826.45 3827.2 3827.99 3828.71 3829.96 3831.57 3829.9 3833.33 3851.03 3860.75 3860.56 3853.96 3847.91 3840.94 3837.25 3839.53 3842.92 3846.18 3849.17 3852.56 3856.08 3859.09 3856.08 3852.75 3850.22 3847.77 3845.44 3843.06 3840.74
3852.3 3836.48 3825.52 3815.02 3807.46 3822.29 3826.8 3828.94 3832.1 3834.73 3837.4 3842.08 3845.98 3850.21 3853.39 3848.6 3842.6 3838.71 3836.41 3835.08 3834.61 3835.09 3836.04 3837.49 3839.76 3842.86 3847.22 3852.92 3860.03 3868.97 3877.68 3873.98 3869.07 3860.64 3845.94 3832.56 3825.61 3821.87 3822.28 3823.99 3825.8 3826.93 3827.31 3827.58 3828.62 3829.12 3853.86 3862.13 3859.98 3855.02 3848.65 3841.18 3836.98 3839.25 3843.52 3847.94 3850.72 3852.73 3854.07 3854.39 3852.95 3850.16 3847.66 3844.92 3842.26 3840.37 3838.48
3875.95 3855.26 3838.87 3825.79 3817.62 3820.5 3825.58 3830 3833.43 3833.16 3833.42 3836.89 3840.97 3846.39 3853.26 3842.42 3830.94 3828.31 3827.79 3828.1 3828.76 3829.94 3831.34 3832.74 3833.74 3838.71 3843.78 3849.58 3856.77 3865.53 3873.76 3872.03 3868.71 3862.23 3846.33 3831.76 3824.36 3820.31 3820.64 3823.04 3825.39 3827.4 3828.29 3829.69 3835.13 3843.1 3855.19 3855.78 3852.04 3850.08 3845.67 3838.02 3836.21 3838.39 3843.31 3849.85 3851.93 3851.92 3852.56 3850.45 3849.57 3846.94 3844.38 3841.62 3839.27 3837.31 3835.75
3871.59 3863.04 3852.11 3840.38 3827.93 3818.94 3824.18 3827.52 3828.54 3829.23 3830.43 3829.91 3831.75 3834.36 3833.74 3826.42 3818.75 3818.05 3819.01 3820.64 3822.3 3824.25 3826.24 3829 3832.56 3835.72 3838.94 3843.37 3848.69 3854.71 3861.33 3859.86 3859.52 3854.98 3843.74 3832.77 3826.49 3822.25 3822.31 3824.08 3826.66 3829.85 3833.5 3837.34 3842.99 3849.59 3846.23 3843.2 3840.78 3844.25 3842.31 3833.74 3832.04 3835.53 3839.85 3845.33 3847 3847.37 3849.91 3851.72 3846.01 3842.95 3840.85 3838.34 3835.94 3833.52 3831.71
3871.07 3867.31 3863.64 3858.68 3850.15 3839.34 3829.78 3824.97 3823.1 3819.38 3819.76 3819.03 3819.87 3820.13 3818.09 3809.85 3805.15 3808.02 3810.97 3813.81 3816.15 3818.47 3820.8 3823.8 3827.82 3830.53 3832.1 3834.97 3838.15 3839.91 3837.28 3840.29 3843.41 3842.81 3838.55 3834.2 3829.76 3826.71 3825.2 3825.67 3827.76 3831.56 3837.06 3840.68 3843.62 3841.85 3834.04 3832.85 3834.07 3838.5 3832.76 3829.61 3831.1 3833.17 3834.1 3834.78 3837.99 3839.3 3837.59 3838.24 3839.26 3837.97 3836.24 3834.09 3831.79 3829.45 3827.77
3862.29 3866.78 3870.99 3875.56 3868.22 3851.06 3832.02 3819.24 3808.51 3801.96 3801.64 3806.98 3808.45 3807.04 3803.49 3799.05 3797.59 3801.89 3805.52 3808.37 3810.82 3812.86 3814.84 3817 3819.3 3820.99 3823.33 3825.93 3827.86 3828.26 3826.88 3827.38 3828.66 3829.72 3831.24 3832.62 3831.55 3827.38 3825.41 3825.61 3827.64 3830.65 3834.26 3836.23 3835.85 3830.53 3824.71 3825.21 3826.22 3827.18 3826.19 3827.98 3833.66 3828.44 3827.55 3829.31 3831.22 3832.89 3832.79 3833.13 3833.65 3832.82 3831.63 3829.83 3827.85 3825.31 3823.16
3855.6 3862.18 3869.22 3874.69 3859.77 3839.21 3825.73 3812.38 3801.32 3797.54 3797.67 3799.84 3800.83 3799.71 3798.15 3798.7 3798.59 3800.19 3802.46 3804.37 3806.45 3807.85 3809.19 3810.11 3809.78 3810.59 3814.8 3817.82 3819.3 3819.71 3819.88 3818 3814.31 3817.7 3822.39 3827.4 3827.35 3823.43 3822.18 3823.95 3826.17 3828.24 3829.11 3829.72 3827.32 3824.47 3823.63 3820.74 3818.9 3819.41 3819.23 3817.42 3814.48 3816.84 3819.9 3821.93 3825.3 3827.9 3832.68 3830.72 3829.16 3828.54 3827.46 3825.82 3823.76 3821.25 3819.06
3847.13 3854.36 3859.85 3861.24 3848.57 3831.15 3818.5 3806.95 3798.27 3797.98 3797.35 3796.9 3797.25 3797.52 3797.9 3799.23 3799.37 3799.53 3800.33 3801.09 3802.6 3803.7 3804.7 3805.24 3805.63 3806.76 3809.32 3811.32 3812.39 3812.54 3810.98 3808.17 3806.41 3809.34 3813.45 3815.3 3815.83 3817.91 3819.24 3822.03 3824.67 3826.92 3828.26 3827.79 3823.41 3819.84 3823.53 3816.76 3812.07 3812.85 3812.08 3810 3804.86 3809.57 3815.9 3819.55 3821.2 3821.14 3821.33 3823.45 3824.33 3824.55 3824.11 3822.41 3820.05 3818.16 3815.92
3837.34 3845.25 3847.28 3843.62 3834.53 3823.45 3812.37 3802.12 3793.39 3790.5 3794.14 3795.06 3795.45 3796.22 3796.98 3798.06 3798.07 3797.88 3798.32 3798.89 3799.96 3800.76 3801.28 3802.1 3803.21 3804.82 3805.73 3807.06 3807.77 3807.62 3806.43 3805.05 3804.91 3805.72 3807.47 3809.47 3812.15 3814.17 3818.41 3820.41 3822.65 3825.36 3828.42 3829.31 3827.66 3819.22 3816.31 3812.22 3805.45 3803.72 3813.98 3810.85 3807.01 3809.8 3816.21 3820.19 3819.95 3816.59 3812.89 3818.3 3821.03 3821.31 3820.6 3819.43 3817.37 3815.45 3813.11
3837.36 3840.17 3837.72 3829.76 3823.07 3815.73 3807.75 3799.09 3791.34 3794.66 3794.43 3794.14 3794.23 3794.57 3795.37 3796.25 3796.48 3796.18 3796.23 3796.71 3797.5 3798.25 3799.14 3799.88 3800.98 3801.62 3802.68 3803.8 3804.67 3804.73 3804.53 3804.5 3804.17 3803.46 3803.37 3803.13 3803.4 3809.33 3813.83 3818.19 3819.89 3821.07 3824.27 3828.25 3831.91 3820.87 3814.25 3812.27 3808.36 3812.51 3822.21 3813.7 3809.92 3811.32 3816.24 3820.04 3821.41 3821.67 3817.19 3820.03 3820.32 3819.93 3819.04 3817.76 3816.43 3813.41 3811.19
