real_craters/C065-500m.grd
DSAA
106 106
-26.3025 26.3025
-26.3025 26.3025
3588.4000609678 4160.0448392624
[rows 0 to 29 of 106, columns 0 to 66 of 106]
3862.89 3863.33 3864.42 3868.32 3867.73 3868.25 3868.92 3868.87 3868.38 3868.01 3867.49 3866.83 3866 3865.91 3865.33 3867.91 3865.5 3865.89 3866.15 3866.18 3866.74 3869.91 3865.38 3861.53 3862.07 3869.43 3883.23 3896.12 3908.01 3919.62 3923.98 3927.36 3929.55 3932.14 3934.17 3934.49 3936.71 3939.87 3937.9 3930.16 3961.8 3954.1 3933.37 3923.29 3917.98 3921.18 3922.34 3925.16 3929.71 3935.51 3942.58 3944.74 3938.05 3932.68 3933.34 3933.18 3928.17 3923.7 3920.97 3920.88 3924.88 3929.39 3931.1 3932.07 3932.36 3933.18 3933.7
3861.22 3862.6 3863.22 3866.35 3867.37 3867.58 3868.02 3868.27 3867.96 3867.63 3867.19 3865.8 3865.53 3865.39 3864.27 3863.15 3864.36 3865.23 3865.23 3864.97 3864.44 3862.59 3860.64 3860.88 3863.64 3874.22 3886.81 3899.87 3911.92 3923.04 3923.89 3926.26 3927.54 3927.3 3925.95 3931.13 3935.31 3937.28 3935.47 3933.79 3946.93 3947.36 3941.23 3926.4 3926.07 3921.04 3922.43 3924.28 3929.52 3938.3 3939.65 3942.07 3935.8 3932.04 3924.15 3924 3922.05 3918.43 3922.59 3927.02 3926.54 3925.01 3927.7 3929.17 3930.18 3931.02 3931.97
3860.14 3862.02 3865.09 3865.94 3866.56 3867.26 3867.97 3867.83 3867.51 3867.04 3866.75 3866.14 3865.28 3865.45 3864.41 3863.62 3864.64 3865.09 3864.89 3864.05 3862.12 3859.35 3858.2 3861.61 3866.18 3881.13 3893.02 3905.61 3919.62 3924.55 3924.58 3925.89 3926.85 3927.18 3927.81 3931.54 3935.35 3935.52 3928.6 3926.58 3935.53 3929.01 3925.67 3923.13 3919.16 3921.06 3924.05 3927.31 3931.04 3931.45 3935.96 3941.11 3937.61 3937.57 3927.78 3923.86 3922.77 3922.6 3925.05 3927.37 3927.94 3927.26 3926.32 3927.34 3928.68 3930.25 3932.3
3859.33 3861.35 3863.85 3866.84 3868.92 3869.72 3868.67 3867.57 3866.85 3866.32 3865.93 3865.62 3866 3865.91 3866.01 3865.95 3865.51 3864.85 3864.56 3863.84 3862.85 3861.17 3861.08 3863.35 3871.24 3887.69 3899.25 3909.61 3917.47 3923.52 3925.69 3927.31 3928.37 3929.21 3930.8 3934 3937.46 3940.42 3938.02 3930.07 3924.19 3924.4 3922.99 3922.91 3922.24 3924.07 3927 3931.2 3935.72 3934.63 3936.01 3940.35 3938.11 3939.18 3930.93 3926.32 3924.8 3925.29 3926.58 3930.27 3927.89 3926.24 3925.52 3926.42 3927.93 3929.58 3931.69
3858.23 3860.84 3863.99 3868.07 3870.89 3869.67 3868.28 3866.96 3866.03 3865.45 3865.16 3864.91 3865.31 3865.45 3865.22 3865.53 3866.25 3866.34 3866.51 3866.09 3865.44 3864.17 3866 3872.71 3885.06 3895.68 3904.76 3912.99 3919.86 3924.68 3927.95 3928.98 3929.84 3931.43 3934.21 3937.14 3938.86 3941.77 3940.64 3938.32 3933.65 3925.42 3927.53 3925.62 3926.77 3927.23 3929.17 3932.29 3935.7 3935.91 3933.43 3936.95 3932 3932.48 3930.36 3926.96 3925.08 3924.8 3925.59 3925.95 3929.44 3922.8 3923.6 3925.37 3927.17 3928.66 3930.69
3856.9 3859.62 3862.3 3867.17 3870.04 3867.81 3866.37 3865.33 3864.69 3864.66 3864.56 3864.58 3864.68 3864.88 3865.56 3866.23 3867.36 3868.41 3868.31 3868.96 3869.81 3871.24 3876.08 3884.7 3896.38 3902.94 3909.24 3916.08 3923.29 3929.3 3929.16 3929.49 3930.19 3931.02 3932.17 3933.15 3936.24 3939.28 3939.77 3929.02 3923.72 3924.27 3925.29 3926.08 3926.46 3928.05 3930.19 3932.4 3933.45 3935.48 3935.5 3930.14 3931.05 3928.98 3927.47 3927.25 3926.37 3925.82 3925.43 3923.61 3923.82 3924.05 3923.8 3925.19 3926.71 3928 3930.2
3855.21 3857.7 3860.65 3862.81 3862.18 3863.12 3863.3 3862.75 3863.03 3863.36 3863.67 3863.78 3864.23 3864.1 3865 3866.1 3867.89 3869.6 3871.49 3873.42 3876.18 3880.16 3888.18 3892.35 3899.81 3907.54 3913.09 3918.11 3921.79 3923.68 3927.98 3929.3 3930.1 3930.04 3928.78 3928.9 3933.46 3932.47 3931.59 3924.47 3922.03 3921.83 3924.39 3926.15 3927.62 3929.18 3931.09 3932.48 3933.84 3936.18 3938.35 3934.12 3932.96 3933.51 3932.57 3929.78 3926.93 3927.1 3927.97 3928.93 3927.64 3924.99 3923.64 3924.37 3925.3 3927.5 3929.77
3853.32 3855.52 3857.91 3860.83 3858.02 3858.1 3859.25 3860.2 3861.14 3861.93 3862.91 3863.58 3864.13 3863.86 3864.72 3866.67 3868.86 3871.48 3874.31 3877.59 3881.98 3887.22 3895.75 3910.89 3905.47 3913.06 3918.07 3921.5 3924.04 3926.52 3929.34 3929.88 3930.03 3930.43 3931.61 3935.54 3936.4 3932.63 3919.9 3930.31 3924.65 3923.49 3925.06 3926.56 3928.86 3930.94 3931.7 3932.72 3931.8 3932.99 3934.83 3935.17 3935.17 3933.72 3934.37 3933.43 3933.8 3931.25 3931.03 3930.91 3929.46 3924.01 3921.94 3923.02 3924.47 3926.66 3929.23
3850.61 3852.49 3855.37 3860.33 3853.13 3853.19 3855.34 3857.17 3858.96 3861 3862.35 3863.54 3864.46 3863.43 3865.83 3868.21 3871.05 3874.65 3878.3 3881.76 3887.06 3892.67 3899.26 3908.53 3920.95 3922.73 3925.2 3926.74 3927.24 3927.96 3929.64 3929.21 3929.56 3930.58 3932.58 3931.54 3940.32 3938.8 3917.03 3923.18 3921.89 3920.82 3923.55 3925.8 3927.97 3929.73 3931.18 3932.68 3935.19 3930.01 3931.58 3936.43 3935.18 3935.03 3934.52 3936.3 3937.45 3935.05 3933.3 3931.31 3928.19 3924.95 3922.54 3921.94 3922.94 3924.92 3927.47
3848.14 3848.55 3848.63 3850.06 3847.21 3847.01 3851.34 3854.82 3857.61 3860.06 3862.02 3863.9 3865.07 3864.23 3865.28 3870.61 3874.11 3878.27 3882.78 3886.52 3890.59 3896.57 3906.04 3915.65 3925.53 3932.41 3933.69 3931.49 3928.68 3926.74 3926.94 3926.83 3927.3 3928.51 3930.89 3937.3 3939.52 3935.69 3916.84 3921.62 3918.18 3918.38 3921.25 3924.06 3927.02 3929.48 3929.09 3928.52 3927.79 3923.23 3925.56 3931.42 3932.86 3933.28 3934.94 3936.36 3935.25 3935.41 3933.45 3931.66 3929.09 3923.84 3920.09 3920.85 3922.32 3924.07 3926.34
3846.71 3846.17 3845.07 3846.28 3842.51 3842.16 3848.99 3853.44 3856.86 3859.83 3862.43 3864.82 3866.9 3867.35 3870.23 3874.04 3878.44 3883.08 3887.72 3892.11 3894.96 3899.04 3904.88 3914.19 3937.5 3946.31 3941.69 3935.39 3929.01 3923.29 3921.79 3923.45 3924.35 3925.11 3925.97 3925.84 3932.93 3927.81 3915.04 3918.21 3914.79 3916.72 3919.93 3922.34 3925.11 3927.8 3925.57 3922.5 3919.7 3920.52 3923.55 3927.1 3928.96 3932.03 3934.91 3936.32 3936.62 3934.41 3932.08 3931.66 3927.81 3924.23 3920.85 3919.88 3920.04 3922.08 3924.4
3845.9 3845.92 3844.52 3842.85 3840.88 3843.92 3850.54 3853.04 3856.67 3859.89 3862.87 3865.94 3868.97 3870.79 3874.94 3878.67 3882 3886.6 3892.1 3896.19 3899.56 3900.9 3902.14 3915.01 3943.28 3952.5 3944.5 3935.84 3927.97 3920.43 3917.96 3920.73 3921.73 3922.06 3922.01 3922.3 3928.57 3930.15 3920.99 3915.81 3914.92 3918.18 3918.44 3919.51 3920.86 3923.01 3921.19 3919.1 3921.15 3927.04 3924.1 3921.92 3920.21 3921.66 3931.45 3935.13 3935.8 3933.03 3929.35 3925.53 3927.89 3924.47 3919.64 3917.35 3918.77 3921.69 3923.96
3846.33 3846.61 3845.96 3845.07 3843.78 3842.93 3846.93 3852.83 3857.26 3860.9 3864.03 3867.15 3870.44 3873.18 3877.57 3880.14 3882.89 3887.71 3893.49 3899.44 3907.57 3910.46 3914.43 3921.59 3939.09 3946.98 3939.36 3931.84 3925.74 3920.89 3920.06 3919.84 3919.77 3919.76 3919.71 3919.43 3927.42 3922.07 3922.33 3923.51 3917.52 3914.87 3915.87 3916.6 3916.41 3914.98 3916.18 3921.79 3933.07 3948.22 3928.25 3922.49 3917.96 3923.66 3929.52 3932.85 3934.77 3933.47 3929.38 3923.53 3927.83 3925.39 3913.36 3914.37 3918.57 3922.04 3924.76
3846.01 3846.82 3848.35 3850.06 3849.26 3846.33 3848.44 3855.28 3859.31 3862.35 3865.14 3867.86 3868.85 3872.94 3877.34 3882.5 3886.92 3892.72 3898.47 3905.38 3912.64 3922.87 3931.08 3933.9 3932.95 3931.13 3928.91 3925.24 3921.71 3919.03 3916.43 3917.81 3917.93 3917.91 3918.18 3920.2 3929.7 3917.44 3917.08 3921.01 3914.32 3913.7 3914.49 3914.47 3913.95 3911.91 3913.78 3919.08 3930.76 3941.67 3939 3932.02 3934.01 3931.11 3925.8 3928.63 3933.21 3937.05 3938.17 3937.21 3945.31 3935.07 3918.82 3917.77 3920.81 3923.61 3926.21
3848.31 3849.48 3850.35 3851.19 3852.47 3853.06 3858.82 3860.52 3861.7 3863.83 3866.15 3868.54 3868.48 3871.9 3876.96 3882.97 3889.05 3895.48 3902.65 3911.43 3921.31 3935.49 3949.83 3944.51 3930.44 3921.46 3920.2 3919.2 3917.9 3916.86 3916.87 3916.06 3917.09 3917.85 3918.19 3917.42 3918.35 3917.62 3916.98 3921.13 3920.95 3916.44 3914.81 3914.5 3914.36 3917.08 3919.41 3918.78 3928.7 3943.02 3948.53 3950.64 3937.24 3933.85 3925.5 3929.26 3936.12 3944.32 3951.51 3957.93 3947.74 3938.61 3929.75 3926.04 3925.15 3926.77 3929.71
3849.58 3850.85 3852.13 3854.02 3857.43 3860.11 3863.58 3863.44 3864.31 3866.3 3868.55 3870.28 3869.32 3872.62 3878.25 3884.73 3892.04 3898.26 3906.21 3915.7 3925.11 3938.82 3988.55 3954.74 3929.21 3918.69 3915.53 3915.17 3915.18 3915.11 3915.04 3915.52 3916.28 3917.24 3918.52 3919.79 3922.51 3918.94 3920.24 3922.33 3922.02 3917.69 3915.59 3914.78 3914.29 3913.94 3913.24 3918.56 3929.87 3941.8 3952.36 3957.83 3946.36 3941.73 3938.01 3934.07 3940.78 3951.51 3962.77 3967.85 3954.65 3944.7 3938.51 3933.07 3929.71 3929.61 3931.64
3850.53 3851.62 3853.51 3855.12 3859.53 3859.22 3859.49 3862.19 3865.79 3868.78 3871.15 3872.59 3871.57 3874.28 3880.03 3887.13 3895.01 3902.58 3910 3918.03 3927.11 3936.44 3940.33 3940.07 3924.27 3914.62 3912.44 3913.29 3913.99 3914.22 3914.89 3914.72 3916.05 3917.46 3918.95 3919.46 3916.71 3918.08 3920.99 3921.69 3919 3916.73 3916.25 3915.59 3915.38 3915.2 3916.16 3923.33 3934.58 3945.06 3952.8 3956.95 3949.6 3946.37 3942.3 3932.79 3944.82 3957.03 3970.57 3972.66 3958.35 3946 3941.13 3935.2 3931.44 3930.46 3931.66
3852.51 3853.36 3854.35 3856.22 3860.3 3859.86 3860.19 3862.83 3868.37 3872.39 3875.12 3876.36 3874.56 3875.99 3882.74 3890.16 3897.22 3904.41 3911.41 3918.66 3926.93 3935.37 3938.85 3930.16 3920.53 3914.59 3914.1 3914.74 3914.67 3914.14 3912.67 3913.67 3915.83 3917.35 3919.02 3921.01 3920.83 3918.68 3922.39 3917.68 3913.59 3915.76 3916.78 3917.64 3919.33 3921.61 3924.74 3925.82 3943.1 3952.29 3953.78 3949.27 3947.09 3951.64 3947.29 3944.33 3948.67 3956.94 3965.36 3967.67 3962.12 3953.74 3944.12 3935.59 3930.95 3929.59 3929.5
3854.16 3855.38 3855.63 3856.69 3858.56 3862.7 3865.14 3867.85 3873.84 3877.88 3880.62 3882.44 3881.21 3881.81 3888.22 3894.13 3899.95 3905.94 3913.36 3921.69 3927.41 3932.34 3933.19 3926.09 3918.82 3919.43 3920.08 3918.33 3917.41 3916.7 3916.61 3916.29 3916.98 3917.96 3918.99 3920.02 3921.69 3919.83 3917.77 3917.19 3916.48 3916.85 3918.05 3919.91 3923.06 3928.4 3941.91 3955.25 3950.62 3950.86 3947.08 3946.2 3946.88 3950.18 3945.29 3944.55 3950.37 3955.78 3959.33 3961.22 3961.63 3958.56 3944.72 3933.71 3929.78 3928.59 3927.74
3855.93 3857.38 3858.31 3858.32 3858.62 3864 3871.8 3878.41 3881.52 3884.02 3886.57 3889.29 3892.07 3895.43 3896.03 3899.25 3903.35 3908.56 3914.14 3919.56 3923.12 3924.57 3929.89 3923.27 3915.89 3919.01 3921.64 3921.59 3920.16 3919.16 3919.02 3918.17 3918.22 3918.37 3917.78 3915.73 3914.15 3916.49 3917.27 3915.72 3917.13 3918.1 3919.89 3921.88 3925.27 3929.67 3933.78 3942.88 3945.8 3945.54 3946.34 3949 3945.6 3945.66 3951.09 3953.83 3953.45 3956.76 3959.89 3959.88 3958.45 3954.39 3942.89 3931.53 3928.33 3927.46 3926.87
3858.45 3859.73 3860.97 3861.48 3862.44 3867.24 3876.17 3885.33 3887.55 3889.06 3891.25 3894.06 3897.19 3899.96 3900.16 3901.66 3904.4 3908.55 3913.07 3918.49 3923.59 3928.01 3925.36 3920.82 3914.49 3920.1 3926.11 3924 3921.97 3920.47 3919.08 3917.99 3919.75 3919.98 3918.52 3915.82 3911.03 3912.37 3915.2 3915.91 3916.77 3919.3 3921.85 3924.14 3926.86 3929.84 3933.4 3936.44 3939.04 3941.03 3944.05 3946.7 3943.72 3944.12 3952.08 3955.32 3955.38 3955.47 3957.53 3955.49 3952.17 3945.87 3938.18 3929.77 3928.26 3927.81 3927.53
3860.66 3862.27 3864.16 3866.17 3868.04 3870.88 3878.21 3887.37 3890.84 3892.13 3893.64 3895.42 3896.67 3899.27 3900.92 3902.92 3905.71 3909.08 3912.82 3916.57 3921.87 3928.05 3928.5 3921.93 3915.91 3921.02 3925.1 3923.61 3922.26 3921.73 3920.91 3918.38 3923.41 3922.77 3921.1 3916.89 3910.6 3911.06 3918.46 3920.99 3920.41 3921.7 3924.23 3926.92 3929.69 3931.94 3933.11 3936.08 3938.36 3941.44 3945.1 3943.37 3946.22 3952.63 3957.41 3957.37 3954.95 3952.12 3948.98 3949.59 3947.1 3943.05 3937.25 3932.62 3930.04 3929.37 3929.36
3862.4 3865.28 3867.5 3871.05 3877.26 3881.26 3877.65 3886.34 3890.83 3893.05 3894.44 3895.57 3895.33 3898.02 3900.83 3902.8 3905.56 3908.02 3910.76 3913.68 3916.3 3918.98 3923.48 3923.51 3922.56 3921.48 3920.88 3919.91 3920.73 3922.45 3926.05 3934.88 3927.56 3925.09 3924.44 3922.33 3915.65 3912.31 3926.49 3930.61 3922.96 3923.66 3925.75 3928.38 3930.96 3933.67 3936.95 3938.73 3939.86 3940.98 3941.88 3942.5 3946.88 3952.41 3950.55 3954.72 3953.28 3949.84 3949.57 3946.32 3944.09 3940.29 3936.99 3934.22 3931.62 3930.96 3931.37
3865.33 3867.73 3869.9 3872.69 3875.26 3874.74 3878.37 3885.29 3891.03 3892.55 3893.84 3895.36 3899.18 3899.32 3900.84 3902.74 3905.29 3907.68 3909.86 3911.33 3912.22 3913.59 3919.2 3921.77 3923.57 3920.06 3913.57 3915.08 3917.83 3920.58 3923.48 3923.28 3922.15 3924.08 3926.1 3928.54 3914.99 3923 3936.19 3932.69 3926.21 3927.07 3929.36 3930.89 3932.79 3934.89 3936.31 3932.94 3936.63 3938.82 3939.64 3939.75 3945.16 3952.5 3945.99 3954.05 3950.75 3945.41 3942.49 3943.32 3942.92 3942.21 3939.44 3934.4 3932.46 3932.16 3932.47
3867.74 3869.63 3871.75 3873.07 3873.83 3874.15 3874.96 3884.49 3889.74 3890.1 3891.58 3893.08 3895.36 3897.91 3899.67 3902.02 3903.81 3905.86 3908.12 3910.28 3911.81 3912.8 3914.11 3918.12 3920.08 3917.76 3913.31 3913.6 3915.72 3917.78 3919.02 3919.22 3920.49 3921.89 3923.17 3922.74 3917.93 3937.52 3940.92 3936.62 3932.9 3931.76 3931.43 3931.67 3932.71 3934.3 3933.82 3928.87 3937.45 3936.99 3937.51 3940.82 3943.33 3946.98 3947.58 3951.68 3948.37 3944.89 3941.64 3941.77 3942.4 3942.17 3940.78 3938.39 3936.26 3933.11 3932.04
3870.93 3872.59 3873.01 3874.13 3874.26 3874.89 3875.68 3878.24 3881.78 3886.22 3888.86 3890.08 3892.2 3895.3 3897.95 3900.08 3902.3 3904.42 3907.27 3909.49 3913.16 3914.04 3912.09 3915.74 3916.22 3914.89 3913.4 3913.26 3914.29 3915.76 3917.01 3918.46 3919.98 3920.37 3919.27 3917.2 3917.55 3942.68 3939.63 3936.63 3936.39 3934.73 3933.97 3933.85 3934.18 3934.13 3935.24 3935.7 3936.58 3936.06 3935.78 3940.09 3941.93 3942.79 3945.51 3946.9 3945.08 3941.14 3939.27 3941.53 3943.35 3942.55 3939.47 3938.07 3935.53 3932.92 3931.53
3873.64 3875.33 3875.67 3874.86 3875 3875.14 3877.86 3879.02 3879.98 3884.14 3887.6 3889.57 3891.59 3894.67 3897.5 3899.1 3900.89 3902.83 3904.66 3907.68 3913 3920.68 3917.29 3915.73 3914.6 3913.48 3912.33 3911.78 3912.9 3914.43 3914.94 3915.13 3916.99 3921.43 3923.18 3924.37 3925.93 3919.67 3928.18 3939.07 3938.38 3937.44 3936.16 3935.87 3935.83 3934.93 3935.1 3942.55 3943.78 3937.02 3934.97 3942.25 3941.5 3939.19 3942.33 3948.74 3942.73 3937.34 3939.2 3944.62 3947.78 3947.49 3943.99 3939.67 3933.54 3931.94 3932.15
3876.48 3877.2 3877.88 3878 3878.05 3877.98 3881.84 3885.53 3882.68 3885.2 3888.78 3891.61 3893.88 3896.27 3898.24 3899.95 3900.93 3901.64 3902.36 3904.3 3910.92 3914.3 3919.46 3915.64 3913.01 3910.8 3909.79 3909.8 3911.94 3912.26 3913.43 3915.43 3919.1 3925.46 3932.38 3939.47 3934.25 3922 3928.32 3938.16 3938.64 3938.53 3939.03 3937.97 3938.25 3938.75 3941.38 3944.5 3944.46 3938.77 3936.88 3947.05 3942.04 3938.22 3952.45 3954.36 3944.57 3934.99 3944.81 3952.52 3956.85 3958.71 3956.39 3945.84 3931.62 3932.59 3935.18
3881.36 3881.22 3882.04 3881.93 3882.75 3883.84 3887.37 3884.66 3884.69 3887.5 3891.34 3895.45 3898.26 3898.8 3899.73 3900.72 3900.99 3901.07 3900.8 3900.38 3906.35 3914.84 3914.7 3912.78 3911.09 3910.62 3910.19 3912.26 3912.08 3913.15 3914.13 3917.27 3923.57 3928.97 3936.54 3938.13 3927.08 3917.41 3918.38 3928.6 3935.93 3939.02 3939.65 3940.05 3940.22 3940.57 3941.28 3944.47 3943.98 3941.27 3945.25 3946.52 3941.88 3937.37 3950.59 3959.76 3955.25 3953.54 3961.9 3965.59 3967.24 3968.53 3970.93 3953.52 3938.35 3935.45 3939.82
3885.12 3885.32 3885.52 3885.69 3887.23 3890.42 3893.22 3886.4 3887.99 3891.2 3894.95 3897.06 3899.43 3901.18 3901.39 3901.39 3901.15 3901.25 3901.24 3899.79 3903.9 3906.09 3908.33 3908.72 3907.93 3906.03 3908.37 3910 3912.83 3913.67 3914.43 3915.83 3920.41 3928.3 3936.2 3933.71 3926.78 3924.7 3928.33 3935.03 3937.25 3939.36 3940.56 3940.79 3940.27 3941.23 3939.87 3937.2 3939.88 3938.81 3942.92 3952 3945.39 3938.2 3961.94 3965.37 3969.95 3987.55 3984.77 3980.5 3976.53 3971.96 3964.13 3950.35 3937.97 3936.47 3942.87
