real_craters/C065-500m.grd
DSAA
106 106
-26.3025 26.3025
-26.3025 26.3025
3588.4000609678 4160.0448392624
[rows 60 to 89 of 106, columns 0 to 66 of 106]
3816.77 3817.2 3817.89 3818.95 3819.99 3820.84 3821.2 3820.56 3819.67 3820.94 3820.31 3820.82 3822.35 3828.63 3838.16 3849.23 3860.6 3867.23 3866.94 3867.41 3871.9 3879.15 3886.09 3893.32 3901.84 3909.47 3917.68 3923.82 3927.3 3926.37 3919.7 3908.82 3899.58 3900.69 3912.71 3911.42 3919.1 3929.11 3947.83 3973.5 3991.5 4004.9 4034.38 4073.3 4030.34 3921.66 3838.83 3847.68 3810.98 3771.95 3747.08 3737.84 3730.54 3711.8 3688.21 3669.87 3661.01 3664.76 3682.54 3809.36 3887.95 3921.88 3950.06 3972.8 3990.64 4000.02 3990.26
3813.58 3813.43 3814.2 3815.7 3817.7 3819.31 3821.05 3822.89 3822.89 3821.67 3820.13 3819.43 3819.9 3824.35 3831.05 3838.3 3843.11 3849.12 3853.67 3860.54 3868.3 3878.11 3887.44 3897.03 3905.51 3913.97 3921.56 3928.92 3933.55 3937.56 3933.78 3918.96 3910.75 3906.88 3912.54 3915 3909.73 3922.44 3933.96 3943.56 3951.52 3961.15 4019.5 4081.87 4076.67 4058.99 4076.02 3968.32 3865.62 3784.01 3754.39 3748.91 3745.59 3729.02 3700.85 3671.7 3696.39 3745.28 3810.11 3895.14 3942.06 3965.11 3981.9 3989.56 3993.79 3988.01 3971.36
3808.47 3809.23 3810.92 3813.3 3815.31 3817.79 3820.72 3822.66 3823.59 3822.72 3823.47 3820.38 3818.82 3821.22 3825.3 3827.39 3833.07 3833.43 3840.85 3854.49 3866.36 3876.41 3886.53 3898.52 3908.37 3918.19 3926.17 3932.73 3940.72 3947.62 3943.85 3936.08 3924.5 3915.01 3914.35 3918.89 3918.56 3921.23 3926.49 3931.4 3932.45 3934 3967.24 4029.71 4063.02 4087.9 4108.8 4026.82 3928.28 3793.48 3794.57 3777.51 3758.88 3753.5 3746.86 3738.75 3771.78 3840.16 3914.45 3943.12 3960.17 3998.95 4021.36 4009.88 4002.43 3972.47 3937.06
3803.19 3804.87 3807.86 3810.78 3813.65 3816.43 3819.49 3824.73 3824.56 3822.97 3822.56 3818.52 3818.66 3820.93 3823.2 3824.69 3827.5 3827.34 3836.52 3849.59 3863.74 3875.9 3888.27 3900.16 3911.33 3918.6 3927.66 3936.93 3944.08 3944.69 3940.08 3940.97 3920.23 3916.05 3917.82 3921.43 3918.89 3924.85 3927.59 3930.35 3930.77 3933.16 3930.92 3957.1 4003.37 4025.82 4036.2 4039.1 4033.05 4014.04 3928.88 3845.85 3769.14 3811.02 3840.84 3837.76 3871.1 3935.84 3975.75 3992.9 3998.05 4029.02 4069.01 4080.3 4012.06 3953.76 3898.13
3802.48 3803.18 3805.63 3808.51 3811.13 3814.05 3816.49 3817.47 3820.43 3821.19 3819.57 3819.62 3821.77 3823.24 3823.46 3824.61 3824.39 3828.44 3834.83 3845.54 3857.11 3869.94 3883.59 3895.75 3909.08 3920.8 3931.98 3944.18 3950.11 3950.35 3936.34 3932.27 3929.8 3922.22 3917.94 3921.96 3928.34 3930.24 3932.04 3933.23 3933.8 3928.15 3917.24 3935.1 3955.55 3963.52 3972.28 4021.18 4082.32 4145.37 4053.28 4003.72 3976.53 3981.54 3977.46 4010.04 4045.8 4027.47 4046.75 4050.93 4033.4 4024.22 4044.96 4041.78 3988.16 3932.22 3880.53
3802.2 3802.07 3804.76 3807.45 3809.81 3811.91 3813.76 3815.71 3817.66 3819.58 3821.18 3820.75 3821.86 3822.7 3822.97 3822.48 3822.66 3828.18 3836.04 3846.04 3856.47 3868.8 3883.11 3895.46 3908.08 3921.49 3934.05 3947.86 3957.65 3964.84 3961.17 3950.7 3955.06 3947.1 3943.21 3940.65 3932.14 3931.33 3937.98 3939.78 3939.28 3934.16 3920.82 3919.28 3927.81 3931.48 3941.77 3981.52 4019.35 4046.07 4069.47 4112.64 4158.14 4098.61 4059.02 4081.24 4092.46 4044.3 4019.87 3997.08 3970.36 3971.04 3966.92 3962.78 3942.2 3907.7 3872.9
3801.91 3802.09 3805.11 3806.87 3808.16 3809.79 3811.66 3813.64 3815.64 3817.66 3819.62 3819.44 3820.41 3822.1 3822.83 3822.2 3821.51 3827.94 3835.45 3845.01 3855.43 3868.1 3880.52 3895.57 3908.66 3921.7 3936.18 3949.57 3961.98 3975.59 3978.14 3971.75 3962.06 3960.67 3951.99 3947.96 3951.14 3954.82 3945.52 3941.49 3941.96 3938.24 3921.9 3920.6 3914.82 3915.67 3923.28 3941.9 3960.27 3982.01 4016.31 4037.41 4047.62 4051.24 4040.36 4029.11 4001.54 3995.22 3966.21 3937.81 3930.84 3921.25 3908.3 3907.14 3904.42 3888.13 3867.45
3808.02 3809.62 3806.77 3807.11 3806.47 3807.19 3808.65 3811 3812.66 3815.15 3817.72 3819.98 3822.91 3824.1 3823.43 3824.26 3821.82 3826.54 3835.73 3846.09 3856.27 3867.04 3878.67 3890.56 3901.37 3914.66 3930.17 3945.04 3961.34 3978.39 3994.73 3977.01 3968.27 3962.63 3959.11 3957.69 3959.17 3956.95 3945.22 3935.17 3934.8 3937.43 3922.96 3914.47 3904.4 3895.36 3899.98 3914.73 3924.99 3942.03 3958.39 3952.68 3949.26 3974.13 3981.9 3978.01 3975.78 3949.52 3923.38 3894.77 3891.7 3894.74 3891.26 3888.72 3886.47 3877.72 3865.8
3806.62 3805.1 3807 3806.08 3804.99 3804.5 3805.1 3806.79 3809.24 3812.11 3814.87 3817.4 3821.56 3823.75 3821.97 3823.12 3826.35 3826.52 3834.07 3842.57 3851.93 3861.59 3871.98 3883.96 3895.22 3907.14 3921.34 3936.39 3951.33 3965.29 3965.3 3958.29 3962.68 3952.7 3956.78 3959.23 3958.33 3949.84 3941.23 3923.89 3901.22 3902.07 3918.51 3908.94 3897.02 3884.44 3890.08 3901.7 3910.77 3920.75 3928.33 3935.45 3922.54 3922.83 3929.74 3926.68 3906.48 3907.36 3902.76 3897.34 3892.94 3890.41 3891.72 3887.4 3881.1 3874.78 3869.27
3806.25 3809.64 3807.18 3805.33 3803.43 3801.33 3800.18 3801.93 3805.63 3809.71 3812.34 3813 3816.89 3818.74 3817.87 3818.35 3822.02 3826.86 3833.52 3841.08 3850.03 3858.09 3868.29 3878.44 3890.44 3901.24 3913.65 3926.82 3938.79 3949.8 3958.55 3955.53 3947.07 3952.96 3954.98 3956.42 3954.78 3949.02 3941.25 3923.49 3893.48 3894.77 3925.43 3917.98 3901.41 3891.85 3892.96 3901.39 3910.18 3915 3916.84 3911.88 3909.17 3891.38 3899.28 3895.14 3882.25 3887.33 3893.4 3895.15 3889.35 3890.08 3895.52 3888.55 3880.89 3874.18 3870.26
3803.59 3805.96 3805.62 3803.26 3800.59 3798.03 3795.98 3798 3803.06 3808.17 3812.92 3815.44 3814.29 3814.79 3814.96 3816.96 3821.61 3825.72 3831.9 3838.77 3847.12 3857.27 3866.29 3875.75 3885.32 3896.9 3906.28 3915.31 3923.61 3933.15 3945.42 3950.14 3944.79 3941.36 3953.57 3951.78 3951.93 3953.06 3949.6 3943.16 3936.68 3910.39 3892.46 3900.45 3904.37 3898 3898.46 3903.44 3911.15 3910.58 3910.69 3911.05 3897.82 3887.59 3888 3888.32 3890.15 3890.52 3889.84 3888.36 3888.5 3889.81 3889.49 3886.53 3880.05 3873.69 3869.08
3800.33 3804.39 3804.04 3801.36 3798.56 3795.9 3793.8 3796.24 3801.65 3807.51 3813.52 3818.24 3812.15 3810.24 3812.35 3811.95 3815.89 3822.45 3829.4 3837.3 3843.83 3852.05 3861.39 3869.66 3878.78 3886.95 3893.69 3900.39 3906.5 3908.88 3916.88 3935.07 3945.12 3942.18 3936.27 3943.83 3949.13 3952.7 3956.89 3961.5 3965.37 3929.17 3880.45 3885.88 3906.43 3905.03 3901.71 3905.5 3913.99 3905.94 3898.34 3892.37 3893.4 3893.66 3889.88 3888.09 3889.67 3888.93 3888.3 3890.26 3886.8 3884.85 3888.67 3881.23 3876.18 3872.26 3867.49
3795.68 3801.2 3800.5 3797.89 3795.44 3793.49 3793.4 3795.6 3800.43 3806.21 3811.58 3814.34 3812.05 3809.58 3810.02 3808.45 3811.26 3817.97 3824.98 3831.59 3838.83 3847.25 3854.78 3862.24 3870.35 3876.66 3883.9 3889.58 3893.28 3898.45 3907.06 3907.14 3921.75 3922.26 3934.98 3935.98 3945.21 3957.04 3962.97 3963.81 3961.58 3946.2 3936.68 3936.94 3917.22 3898.46 3899.64 3903.97 3908.85 3903.13 3898.67 3896.54 3896.14 3896.85 3889.99 3886.01 3882.81 3881.44 3883.11 3884.21 3877.66 3869.14 3871.72 3870.17 3870.58 3869.99 3868.29
3789.82 3792.75 3794.05 3793.94 3792.48 3791.03 3790.02 3793.74 3798.85 3803.94 3808.96 3812.68 3810.76 3806.59 3808.37 3805.28 3808.28 3814.97 3822.27 3829.01 3835.54 3841.29 3847.95 3853.06 3860.34 3866.94 3875.05 3881.27 3885.01 3888.11 3889.63 3900.68 3902.33 3906.07 3908.57 3922.04 3936.08 3951.96 3958.11 3955.1 3951.22 3942.99 3937.54 3937.18 3917.79 3900.89 3897.57 3896.97 3896.05 3898.21 3897.26 3894.8 3893.4 3888.4 3886.97 3882.68 3879.7 3878.65 3874.46 3873.9 3865.14 3842.38 3846.75 3857.78 3863.68 3868.07 3871.35
3787.15 3789.5 3790.91 3791.03 3789.96 3788.7 3788.86 3791.4 3795.83 3801.05 3805.7 3808.87 3805.36 3803.59 3803.33 3806.01 3808.54 3814.32 3819.11 3823.93 3829.37 3835.01 3840.9 3847.41 3853.91 3859.36 3866.81 3871.26 3877.35 3879.54 3882.91 3897.97 3894.84 3890.92 3892.22 3907.84 3922.58 3935.63 3941.75 3942.5 3938.87 3934.71 3926.44 3922.26 3915.11 3902.63 3894.76 3892.54 3893.2 3894.61 3894.26 3895.02 3894.7 3893.38 3887.77 3878.06 3868.01 3859.38 3862.05 3861.09 3851.48 3843.54 3844.7 3852.54 3860.69 3868.16 3875.04
3787.92 3789.26 3789.94 3789.61 3787.89 3786.51 3786.35 3788.99 3793.16 3797.62 3801.72 3804.02 3800.62 3797.13 3797.97 3803.75 3811.72 3813.03 3816.43 3819.83 3823.7 3828.94 3833.32 3837.41 3842.48 3847.85 3854.39 3862.47 3870.21 3873.93 3872.43 3888.31 3892.4 3890.24 3890.45 3899.36 3908.81 3917.56 3923.37 3932.35 3935.72 3931.42 3923.51 3910.83 3902.22 3892.65 3890.9 3887.53 3888.38 3892.83 3897.25 3895.73 3894.59 3895.36 3885.97 3871.18 3859.97 3855.32 3854.98 3857.86 3862.52 3845.09 3846.3 3852.35 3860.43 3868.25 3876.62
3787.1 3789.59 3792.42 3788.28 3785.68 3783.68 3783.6 3786.41 3790.01 3793.92 3797.56 3799.51 3794.76 3796.86 3796.52 3801.08 3807.98 3810.61 3812.79 3816.31 3819.97 3824.28 3828.52 3832.03 3835.33 3840.39 3845.26 3851.13 3860.26 3867.06 3860.51 3875.03 3887.56 3894.81 3891.59 3892.09 3894.26 3896.6 3899.41 3926.89 3934.7 3924.25 3914.73 3906.58 3902.38 3894.14 3889.28 3888.64 3887.57 3889.59 3893.45 3896.03 3888.23 3878.39 3867.97 3861.14 3854.54 3849.7 3850.65 3852.76 3851.65 3848.33 3849.37 3853.32 3860.06 3866.53 3873.03
3784.34 3785.75 3785.48 3785.06 3783.34 3781.55 3781.37 3783.2 3786.36 3790.02 3793.14 3796.61 3802.04 3793.19 3794.16 3794.54 3800.49 3805.51 3807.92 3811.34 3814.86 3818.31 3821.42 3825.01 3828.24 3830.01 3833.07 3836.13 3839.77 3844.17 3840.96 3859.82 3877.61 3893.76 3887.38 3881.79 3880.17 3883.31 3898.88 3910.69 3915.44 3912.65 3905.97 3904.56 3898.19 3887.51 3880.12 3883.25 3880.22 3881.25 3886.49 3887.74 3876.12 3862.4 3852.98 3852.02 3849.62 3847.73 3848.59 3849.44 3851.12 3850.29 3850.1 3856.96 3861.33 3865.33 3869.5
3780.06 3781.95 3783.08 3782.1 3780.52 3778.41 3777.95 3780.25 3782.55 3785.14 3787.26 3789.02 3787.53 3788.08 3789.03 3791.64 3795.32 3799.46 3804.63 3807.55 3810.04 3813.02 3815.23 3817.44 3820.7 3821.87 3821.84 3821.04 3814.95 3821.28 3831.51 3840.28 3852.78 3866.99 3872.44 3867.63 3863.22 3861.87 3863.55 3876.92 3878.77 3871.76 3875.02 3878.74 3867.79 3865.38 3862.08 3857.7 3860.9 3865 3868.1 3866.78 3860.71 3853.89 3849.65 3846.36 3845.86 3846.6 3846.08 3846.43 3847.91 3854.81 3861.41 3863.97 3865.34 3865.97 3866.62
3776.59 3779.56 3779.09 3780.28 3778.57 3776.32 3775.85 3777.17 3779.2 3781.36 3782.86 3783.43 3783.73 3784.26 3790.02 3788.43 3789.66 3792.87 3796.4 3800.03 3802.7 3806.66 3810.28 3813.01 3814.21 3814.93 3813.43 3812.79 3812.31 3817.26 3816.98 3822.61 3828.76 3836.79 3849.85 3851.9 3845.47 3836.9 3830.43 3839.22 3847.42 3839.77 3846.73 3847.63 3835.42 3844.68 3848.04 3847.24 3847.68 3842.68 3838.61 3841.33 3846.98 3846.25 3841.36 3843.51 3842.34 3840.72 3841.73 3845.29 3849.22 3857.98 3869.12 3869.96 3866.66 3864.43 3865.23
3775.91 3779.08 3783.68 3781.42 3776.43 3774.08 3773.68 3774.55 3775.69 3777.09 3778.16 3778.56 3779.91 3781.66 3785.71 3785.91 3785.14 3788.25 3790.47 3793.94 3796.27 3799.36 3802.22 3804.59 3807.83 3807.98 3808.51 3808.28 3807.28 3804.48 3804.35 3806.38 3814.81 3832.96 3842.49 3842.5 3836.1 3824.25 3809.37 3829.25 3828.98 3824.45 3834.45 3846.34 3837.56 3837.33 3842.73 3847.18 3843.56 3840.3 3835.9 3837.01 3841.76 3844.8 3848.73 3844.06 3841.09 3838.68 3840.42 3847.85 3857.07 3868.21 3881.36 3873.96 3865.74 3860.97 3860.6
3776.01 3775.41 3774.07 3770.98 3771.68 3770.84 3771.53 3771.71 3772.11 3773.36 3773.79 3774.68 3775.54 3777.06 3782.3 3779.51 3780.3 3782.62 3785.27 3788.17 3790.16 3792.65 3794.03 3795.63 3798.98 3801.57 3803.21 3804.79 3802.82 3805.69 3805.66 3803.94 3808.71 3824.03 3837.69 3838.51 3834.11 3825.97 3818.64 3827.52 3814.74 3811.08 3832.92 3842.09 3834.54 3836.03 3842.06 3845.88 3843.64 3841.55 3839.81 3839.98 3841.94 3844.02 3843.38 3844.45 3842.75 3840.44 3841.46 3852.66 3863.39 3871.95 3881.22 3870.19 3859.96 3852.91 3849.94
3773.12 3770.37 3764.03 3762.5 3766.94 3772.04 3769.96 3769.29 3769.5 3770.12 3770.58 3771.59 3772.97 3774.59 3774.24 3776.15 3777.27 3778.71 3781.2 3782.39 3783.85 3786.13 3788.88 3789.74 3792.45 3796.3 3799.78 3803.86 3807.97 3802.62 3795.76 3796.68 3801.81 3816.3 3830.9 3835.74 3838.69 3839.95 3839.12 3826.97 3808.79 3808.51 3835.99 3858.88 3835.09 3834.18 3841.98 3846.38 3844.11 3843.07 3843.54 3843.73 3843.91 3845.41 3848.08 3847.84 3846.05 3844.89 3844.62 3856.91 3870.66 3886.56 3869.19 3856.74 3848.56 3842.2 3835.61
3770.96 3767.56 3763.84 3762.3 3762.04 3761.9 3764.65 3765.53 3766.01 3766.75 3767.13 3768.37 3768.96 3770.1 3770.59 3774.03 3774.19 3774.8 3775.92 3778.09 3780.54 3784.4 3786.15 3788.1 3790.37 3793.09 3796.34 3799.86 3798.55 3790.87 3796.7 3801.13 3807.08 3811.6 3823.44 3834.24 3845.67 3860.72 3873.41 3841.34 3816.81 3810.07 3827.77 3840.94 3826.68 3826.07 3841.85 3847.75 3844.33 3839.62 3848.34 3846.32 3843.94 3844.79 3848.46 3849.42 3849.46 3850.97 3854.46 3860.81 3864.51 3869.42 3848.75 3839.81 3836.71 3834.39 3832.6
3767.09 3763.32 3760.08 3758 3757.89 3759.06 3760.45 3761.84 3762.8 3763.62 3764.95 3765.38 3765.49 3767.67 3770.08 3769.66 3769.65 3770.85 3773.09 3775 3776.99 3778.9 3780.86 3783.04 3785.68 3787.31 3789.59 3791.98 3794.97 3795.73 3805.34 3811.76 3809.98 3806.41 3815.14 3830.44 3848.99 3869.8 3889.82 3876.6 3834.13 3816.39 3814.89 3820.47 3825.06 3827.95 3840.44 3846.67 3848.02 3846.45 3848.96 3842.59 3839.48 3839.99 3841.81 3845.4 3850.57 3858.64 3867.78 3867.97 3856.15 3839.09 3829.59 3826.45 3827.74 3829.04 3831.57
3756.72 3757.09 3755.58 3753.97 3754.47 3755.59 3757.5 3759.63 3760.88 3761.73 3762.3 3762.37 3763.09 3764.18 3767.99 3765.54 3766.38 3768.2 3770.09 3771.83 3773.98 3775.59 3778.12 3780.4 3781.79 3783.47 3783.92 3783.05 3788.94 3798.13 3804.59 3818.11 3806.65 3802.87 3810.37 3823.81 3840.8 3861.73 3881.57 3890.25 3875.4 3844.55 3821.33 3819.42 3827.55 3833.31 3834.26 3840.09 3848.76 3850.98 3833.56 3830.75 3830.83 3831.97 3834.13 3837.64 3846.85 3858.38 3873.72 3872.39 3864.54 3836.13 3823.03 3821.02 3824.51 3827.23 3827.54
3751.63 3752.48 3752.25 3751.53 3752.95 3754.3 3755.67 3757.14 3758.28 3759.3 3760.1 3760.82 3761.9 3763.25 3766.02 3764.66 3764.28 3765.88 3767.84 3770.68 3772.55 3774.97 3776.98 3778.74 3779.71 3780.87 3781.12 3782.71 3787.68 3792.79 3794.4 3793.49 3796.22 3796.05 3803.37 3812.08 3827.34 3844.83 3861.3 3873.88 3874.43 3861.89 3845.86 3824.39 3826.07 3825.84 3827.87 3826.97 3829.73 3823.78 3813.96 3816.22 3819.64 3823.08 3827.43 3833.38 3838.17 3845.24 3852 3853.89 3852.06 3836.43 3826.3 3823.53 3826.2 3831.93 3839.31
3750.51 3750.21 3750.28 3751.15 3751.74 3752.84 3754.23 3755.73 3757.01 3758.02 3759.05 3759.83 3760.85 3762.77 3762.29 3762.52 3762.77 3764.63 3766.03 3767.84 3770.33 3772.31 3773.35 3774.95 3775.96 3777.44 3779.71 3782.62 3785.8 3788.5 3788.48 3789.42 3790.69 3792.8 3788.86 3795.8 3811.91 3827.42 3841.15 3851.32 3860.29 3868.08 3875.56 3857.77 3827.24 3808.51 3798.38 3807.79 3807.04 3800.92 3799.15 3805.52 3810.05 3813.53 3817 3820.63 3824.21 3827.86 3827.51 3827.85 3829.72 3832.25 3830.05 3825.41 3826.82 3831.84 3836.23
3747.25 3747.66 3748.1 3748.81 3749.4 3751.32 3753.49 3755.14 3756.31 3757.25 3757.8 3758.3 3758.49 3758.96 3759.74 3758.77 3761.18 3763.32 3765.12 3765.39 3766.46 3767.43 3768.22 3771.95 3774.15 3775.32 3776.95 3779.81 3782.62 3783.34 3781.38 3782.29 3788.72 3789.77 3782.96 3786.05 3801.07 3814.59 3824.42 3837.97 3849.17 3859.12 3866.28 3836.32 3816.6 3799.79 3798.38 3797.87 3798 3798.77 3799.38 3800.75 3803.14 3805.72 3806.78 3806.45 3811.75 3814.49 3814.14 3809.64 3811.3 3818.03 3818.8 3819.62 3824.36 3827.76 3827.86
3744.69 3745.73 3746.67 3746.62 3748.44 3751.59 3753.48 3754.75 3755.58 3756.35 3756.84 3757.13 3756.78 3756.63 3756.04 3758.62 3759.27 3763.42 3764.37 3764.3 3764.85 3765.44 3766.52 3767.87 3769.8 3772.56 3774.86 3774.48 3780.87 3779.85 3777.87 3778.07 3783.31 3785.65 3783.83 3787.74 3796.65 3808.86 3819.5 3822.65 3832.15 3843.87 3838.25 3823.16 3807.26 3792.28 3793.13 3794.78 3795.5 3797.18 3797.5 3797.68 3798.75 3799.66 3801.12 3803.37 3805.01 3806.56 3805.98 3804.66 3804.9 3806.71 3809.48 3818.24 3821.18 3825.55 3829.61
