real_craters/C065-750m.grd
DSAA
71 71
-26.3025 26.3025
-26.3025 26.3025
3588.4000585827 4156.8683964213
[rows 0 to 44 of 71, columns 0 to 70 of 71]
3863 3864 3868 3868 3869 3869 3868 3867 3866 3866 3868 3866 3866 3866 3870 3862 3862 3877 3896 3914 3924 3928 3932 3934 3937 3941 3930 3961 3933 3920 3921 3923 3930 3939 3945 3935 3933 3931 3924 3920 3925 3931 3932 3933 3934 3934 3935 3938 3938 3931 3926 3918 3918 3937 3905 3915 3925 3926 3935 3935 3938 3942 3946 3947 3948 3948 3940 3934 3930 3928 3926
3861 3863 3866 3866 3868 3868 3867 3867 3865 3865 3863 3865 3865 3864 3860 3860 3866 3883 3903 3923 3924 3926 3927 3928 3935 3933 3930 3939 3936 3921 3921 3924 3931 3939 3940 3936 3924 3923 3919 3927 3928 3927 3928 3930 3932 3934 3935 3932 3934 3931 3931 3933 3933 3912 3904 3914 3924 3927 3928 3927 3932 3939 3944 3946 3943 3937 3935 3933 3931 3930 3930
3859 3863 3867 3869 3869 3867 3866 3866 3866 3866 3866 3865 3865 3863 3861 3861 3871 3894 3910 3920 3926 3928 3929 3932 3937 3941 3930 3925 3923 3923 3924 3929 3936 3935 3940 3939 3931 3925 3925 3928 3928 3926 3926 3929 3932 3934 3936 3937 3927 3930 3934 3946 3944 3939 3922 3921 3920 3921 3921 3922 3931 3935 3941 3943 3939 3933 3931 3931 3931 3931 3932
3858 3862 3868 3869 3867 3866 3865 3865 3865 3865 3866 3867 3868 3867 3867 3875 3891 3903 3915 3930 3929 3930 3932 3940 3938 3943 3934 3926 3927 3926 3928 3931 3934 3935 3932 3930 3927 3926 3925 3925 3928 3922 3925 3927 3931 3934 3936 3934 3930 3931 3933 3943 3942 3934 3928 3923 3923 3922 3925 3915 3917 3926 3935 3938 3934 3927 3928 3929 3931 3931 3932
3855 3859 3863 3863 3863 3863 3863 3864 3864 3864 3866 3869 3871 3875 3880 3893 3900 3910 3918 3923 3928 3930 3930 3928 3933 3931 3924 3922 3924 3927 3929 3932 3934 3937 3934 3932 3933 3928 3927 3928 3928 3924 3924 3927 3930 3933 3935 3933 3924 3930 3933 3940 3947 3942 3924 3921 3925 3925 3923 3917 3909 3920 3929 3931 3931 3929 3929 3930 3930 3930 3929
3852 3855 3864 3855 3857 3859 3861 3863 3864 3865 3868 3871 3876 3882 3890 3903 3913 3920 3924 3927 3930 3930 3931 3935 3938 3924 3927 3921 3925 3927 3931 3932 3932 3933 3936 3934 3934 3935 3933 3932 3928 3922 3922 3925 3928 3932 3934 3932 3929 3928 3935 3935 3938 3934 3919 3921 3929 3928 3927 3924 3921 3927 3929 3929 3931 3933 3932 3931 3930 3929 3927
3848 3849 3850 3845 3851 3856 3860 3863 3865 3864 3871 3876 3883 3889 3897 3912 3926 3934 3931 3927 3927 3927 3929 3933 3940 3923 3922 3917 3921 3926 3929 3929 3928 3924 3931 3932 3935 3936 3935 3933 3929 3921 3921 3923 3926 3930 3933 3929 3922 3922 3925 3933 3938 3939 3918 3922 3929 3928 3924 3927 3927 3932 3930 3932 3931 3932 3932 3931 3931 3930 3929
3846 3845 3844 3840 3850 3855 3860 3864 3868 3872 3877 3883 3890 3896 3899 3907 3942 3948 3936 3925 3920 3922 3923 3924 3931 3919 3916 3918 3919 3922 3924 3922 3920 3923 3924 3923 3934 3936 3934 3930 3927 3924 3919 3920 3924 3927 3931 3925 3916 3925 3925 3928 3934 3937 3921 3926 3931 3926 3923 3922 3925 3923 3928 3930 3929 3929 3929 3930 3930 3930 3929
3846 3846 3845 3842 3847 3855 3861 3866 3870 3876 3880 3885 3893 3902 3910 3917 3939 3943 3932 3923 3920 3920 3920 3920 3927 3917 3924 3915 3916 3917 3915 3918 3933 3935 3922 3918 3930 3935 3933 3926 3928 3920 3914 3920 3925 3926 3923 3920 3915 3915 3922 3930 3932 3938 3929 3929 3930 3930 3924 3925 3925 3929 3927 3925 3925 3928 3929 3930 3929 3929 3929
3848 3849 3851 3849 3855 3859 3863 3867 3868 3874 3883 3891 3901 3913 3930 3942 3931 3924 3922 3919 3915 3917 3918 3918 3923 3914 3921 3916 3915 3914 3914 3917 3929 3942 3941 3939 3924 3931 3941 3948 3948 3931 3922 3924 3928 3930 3925 3922 3914 3906 3926 3924 3936 3928 3927 3931 3929 3923 3922 3923 3925 3922 3924 3921 3922 3926 3930 3927 3927 3927 3927
3850 3851 3854 3859 3864 3864 3866 3869 3869 3875 3885 3895 3906 3920 3939 3985 3929 3917 3915 3915 3915 3916 3917 3919 3923 3919 3922 3920 3916 3914 3914 3916 3930 3948 3958 3944 3938 3936 3952 3968 3955 3941 3933 3929 3932 3940 3955 3931 3920 3923 3934 3934 3931 3925 3927 3930 3928 3926 3920 3923 3923 3924 3923 3922 3922 3923 3924 3924 3925 3925 3924
3852 3853 3856 3859 3859 3865 3870 3874 3873 3878 3889 3900 3910 3923 3934 3938 3922 3911 3914 3914 3913 3915 3918 3920 3919 3922 3920 3916 3916 3917 3918 3924 3939 3954 3953 3950 3944 3943 3958 3978 3961 3947 3937 3930 3930 3932 3931 3927 3918 3914 3917 3933 3926 3920 3927 3934 3927 3921 3920 3921 3919 3919 3924 3925 3925 3923 3922 3921 3922 3923 3923
3854 3856 3857 3860 3865 3871 3878 3882 3881 3885 3894 3903 3913 3924 3932 3931 3919 3922 3918 3917 3917 3917 3918 3919 3922 3918 3917 3917 3918 3921 3928 3951 3951 3949 3946 3950 3945 3948 3956 3962 3962 3952 3934 3929 3928 3925 3922 3920 3914 3909 3917 3915 3918 3924 3928 3933 3928 3922 3922 3922 3923 3923 3925 3926 3924 3925 3921 3918 3919 3921 3924
3857 3859 3860 3861 3875 3884 3887 3890 3895 3898 3901 3906 3914 3921 3926 3927 3915 3922 3923 3921 3919 3919 3919 3917 3912 3917 3915 3917 3921 3924 3929 3932 3941 3943 3951 3942 3952 3955 3957 3960 3955 3945 3929 3928 3927 3926 3923 3920 3916 3911 3920 3910 3917 3920 3926 3930 3936 3933 3928 3925 3927 3924 3928 3935 3942 3931 3920 3915 3916 3916 3917
3861 3863 3866 3868 3878 3890 3892 3894 3897 3900 3903 3907 3913 3919 3928 3926 3916 3924 3924 3922 3921 3922 3923 3919 3911 3916 3921 3921 3924 3928 3932 3933 3938 3944 3943 3949 3957 3956 3952 3950 3947 3940 3933 3930 3929 3929 3926 3924 3922 3920 3917 3923 3919 3916 3929 3939 3942 3941 3934 3931 3928 3928 3933 3938 3943 3933 3921 3914 3915 3915 3915
3864 3868 3872 3881 3878 3887 3893 3895 3896 3900 3903 3906 3910 3913 3915 3923 3923 3919 3917 3920 3926 3928 3925 3926 3915 3925 3933 3925 3927 3931 3935 3938 3939 3940 3940 3950 3950 3954 3947 3945 3943 3941 3934 3932 3932 3936 3932 3927 3924 3922 3917 3922 3922 3921 3933 3942 3947 3944 3938 3932 3931 3935 3931 3934 3933 3929 3922 3917 3916 3914 3913
3868 3871 3873 3874 3875 3890 3890 3893 3895 3899 3902 3905 3908 3911 3913 3916 3920 3915 3914 3917 3919 3920 3922 3924 3918 3943 3937 3932 3931 3932 3934 3931 3937 3937 3941 3945 3948 3950 3945 3942 3942 3942 3938 3934 3932 3931 3931 3929 3926 3922 3929 3920 3928 3930 3933 3939 3945 3944 3941 3938 3935 3935 3934 3931 3930 3927 3924 3925 3917 3913 3912
3872 3874 3874 3874 3876 3878 3885 3889 3890 3896 3900 3903 3906 3911 3918 3915 3915 3914 3913 3914 3916 3917 3920 3916 3921 3933 3936 3937 3935 3935 3934 3936 3940 3935 3941 3941 3942 3946 3940 3941 3945 3941 3938 3933 3932 3931 3932 3931 3929 3932 3934 3922 3926 3933 3934 3936 3938 3943 3945 3945 3940 3932 3929 3926 3925 3923 3920 3915 3915 3914 3911
3876 3878 3878 3878 3882 3883 3885 3890 3894 3897 3900 3902 3902 3906 3914 3917 3913 3911 3910 3913 3913 3916 3925 3936 3934 3919 3938 3939 3939 3938 3939 3943 3944 3936 3947 3939 3952 3951 3935 3949 3957 3959 3946 3932 3935 3939 3937 3936 3933 3927 3929 3932 3921 3934 3937 3936 3938 3946 3953 3957 3950 3936 3930 3924 3924 3922 3918 3914 3913 3912 3910
3884 3883 3884 3886 3893 3885 3889 3895 3899 3900 3901 3901 3901 3898 3909 3911 3909 3908 3910 3913 3915 3919 3929 3936 3926 3924 3931 3938 3940 3941 3943 3941 3942 3942 3948 3940 3957 3962 3970 3973 3972 3971 3953 3936 3942 3950 3944 3941 3940 3945 3952 3947 3924 3931 3937 3935 3937 3950 3962 3971 3966 3944 3941 3929 3923 3918 3917 3916 3913 3910 3911
3887 3888 3889 3891 3892 3891 3897 3901 3903 3904 3903 3903 3903 3907 3900 3905 3908 3910 3916 3915 3915 3915 3927 3939 3927 3929 3936 3939 3942 3942 3934 3931 3932 3941 3954 3944 3964 3980 4005 3997 3984 3968 3949 3936 3943 3948 3946 3942 3942 3946 3959 3956 3934 3938 3933 3942 3949 3959 3969 3979 3979 3951 3944 3934 3927 3923 3918 3914 3914 3915 3913
3890 3889 3890 3891 3890 3897 3901 3908 3910 3907 3905 3903 3903 3905 3902 3906 3912 3914 3918 3918 3918 3920 3934 3940 3931 3933 3931 3941 3949 3952 3951 3939 3936 3955 3966 3963 3984 4004 4011 4005 3993 3978 3962 3955 3951 3948 3947 3944 3944 3947 3957 3958 3963 3956 3940 3957 3966 3964 3968 3973 3975 3947 3935 3931 3927 3925 3917 3914 3914 3914 3913
3889 3889 3889 3891 3892 3898 3897 3907 3910 3907 3904 3902 3901 3900 3901 3911 3922 3935 3922 3920 3923 3926 3935 3940 3939 3928 3935 3949 3959 3965 3965 3956 3942 3964 3988 4008 3999 4006 4010 4010 4006 3997 3993 3996 3969 3956 3953 3946 3942 3943 3954 3961 3951 3958 3953 3955 3959 3959 3959 3956 3945 3934 3929 3928 3922 3913 3912 3911 3911 3911 3912
3887 3887 3887 3889 3891 3897 3894 3903 3905 3902 3898 3897 3898 3904 3904 3913 3926 3941 3937 3932 3928 3928 3934 3935 3932 3933 3957 3965 3974 3985 3999 4003 4013 4023 4014 4015 4012 4001 4014 4022 4019 4016 4012 4019 4005 3984 3970 3955 3935 3938 3949 3949 3943 3948 3950 3947 3950 3951 3948 3943 3935 3932 3933 3926 3921 3918 3912 3906 3907 3910 3909
3881 3882 3884 3885 3889 3891 3892 3894 3898 3895 3893 3891 3890 3893 3900 3909 3921 3931 3937 3933 3929 3928 3931 3929 3925 3935 3971 3980 3991 4007 4042 4100 4136 4157 4090 4065 4071 4067 4060 4046 4039 4036 4041 4035 4023 4008 3990 3973 3952 3939 3941 3940 3942 3958 3946 3940 3947 3947 3944 3938 3931 3935 3933 3926 3921 3920 3911 3904 3901 3906 3907
3874 3876 3877 3879 3881 3881 3888 3886 3888 3887 3886 3885 3885 3890 3890 3901 3913 3922 3925 3926 3926 3924 3919 3927 3922 3935 3959 3987 4005 4019 4057 4111 4125 4123 4113 4132 4138 4138 4090 4058 4042 4041 4042 4042 4041 4023 4006 3994 3991 3948 3933 3934 3950 3956 3949 3959 3956 3950 3943 3935 3932 3932 3928 3927 3920 3911 3906 3906 3908 3908 3908
3867 3870 3872 3872 3872 3876 3880 3878 3881 3880 3878 3877 3879 3889 3887 3896 3905 3912 3918 3926 3925 3923 3924 3940 3943 3944 3969 3996 4025 4042 4059 4076 4061 4064 4052 4075 4128 4094 4074 4047 4034 4034 4042 4042 4044 4030 4013 4000 3996 3984 3946 3935 3954 3967 3958 3969 3962 3953 3945 3937 3933 3936 3936 3927 3922 3914 3910 3909 3908 3910 3910
3864 3867 3867 3867 3867 3870 3870 3881 3877 3875 3874 3874 3877 3885 3890 3895 3902 3908 3915 3921 3927 3929 3929 3952 3959 3959 3970 3999 4046 4103 4089 4052 4065 3956 3931 3963 4048 4069 4010 4011 4005 4012 4027 4036 4039 4029 4013 3993 3981 3980 3964 3938 3945 3970 3969 3970 3967 3958 3949 3940 3936 3953 3951 3932 3925 3920 3916 3913 3916 3911 3908
3861 3864 3865 3866 3865 3867 3865 3867 3870 3871 3871 3873 3878 3887 3890 3895 3901 3908 3915 3919 3931 3949 3973 3978 3979 3971 3953 3987 4039 4078 4045 3970 3860 3828 3807 3872 3946 4009 3995 3960 3959 3980 4002 4020 4026 4025 4013 3996 3978 3976 3965 3946 3940 3951 3965 3972 3969 3962 3951 3942 3935 3941 3945 3930 3928 3920 3913 3910 3907 3905 3903
3860 3861 3863 3865 3865 3864 3866 3867 3868 3867 3868 3870 3878 3880 3884 3891 3900 3911 3930 3921 3940 3965 3989 3997 3987 3978 3974 3990 4004 3998 3903 3845 3799 3759 3722 3711 3734 3784 3820 3848 3889 3938 3984 4011 4032 4026 4015 4006 3991 3961 3956 3942 3945 3946 3950 3964 3969 3963 3953 3940 3932 3929 3938 3937 3930 3922 3915 3909 3903 3902 3900
3858 3859 3862 3865 3868 3871 3865 3865 3863 3863 3863 3863 3866 3869 3877 3887 3898 3908 3916 3930 3949 3972 3989 4006 3994 3990 4013 4010 3961 3895 3841 3791 3751 3691 3665 3643 3633 3631 3647 3722 3816 3902 3977 4022 4032 4030 4016 3995 3987 3981 3953 3931 3944 3949 3956 3983 3973 3963 3953 3944 3936 3934 3941 3945 3929 3926 3920 3914 3912 3911 3905
3853 3856 3858 3861 3864 3863 3860 3860 3860 3859 3859 3859 3857 3861 3870 3883 3894 3905 3918 3932 3949 3968 3978 3983 3968 3982 4043 4038 3935 3837 3807 3743 3690 3672 3653 3631 3617 3611 3606 3659 3766 3875 3973 4040 4040 4038 4026 3996 3980 3979 3964 3940 3941 3950 3965 3970 3966 3959 3951 3945 3939 3936 3937 3938 3943 3935 3927 3922 3924 3922 3911
3849 3851 3853 3856 3858 3859 3855 3858 3855 3855 3855 3855 3854 3857 3869 3881 3892 3902 3909 3922 3942 3954 3959 3955 3940 3978 4046 4033 3925 3822 3789 3716 3683 3661 3646 3624 3609 3600 3596 3633 3737 3856 3969 4049 4057 4051 4044 4041 3954 3980 3975 3948 3940 3954 3950 3957 3955 3952 3948 3944 3940 3939 3940 3939 3949 3945 3933 3925 3921 3916 3912
3847 3847 3847 3848 3849 3847 3853 3846 3849 3852 3853 3856 3855 3864 3872 3883 3893 3903 3914 3933 3945 3941 3947 3959 3954 3991 4055 4078 3928 3824 3779 3715 3693 3667 3649 3626 3606 3598 3596 3620 3718 3841 3965 4068 4083 4066 4042 4006 3979 3986 3977 3946 3939 3941 3947 3942 3943 3945 3943 3941 3939 3940 3944 3949 3962 3947 3947 3924 3917 3915 3910
3843 3843 3843 3843 3842 3841 3842 3845 3847 3849 3851 3853 3858 3870 3877 3886 3895 3906 3921 3933 3929 3925 3961 3958 3947 3991 4044 4034 3909 3804 3754 3722 3707 3682 3658 3634 3588 3604 3604 3611 3702 3820 3948 4056 4077 4065 4044 4006 3983 3965 3929 3934 3934 3940 3943 3939 3941 3942 3941 3938 3935 3934 3936 3934 3927 3928 3923 3915 3914 3914 3907
3840 3840 3839 3839 3839 3838 3835 3839 3844 3847 3853 3857 3864 3870 3876 3885 3895 3905 3913 3917 3923 3928 3949 3945 3936 3984 4032 4036 3887 3801 3763 3733 3720 3700 3666 3655 3646 3624 3615 3616 3687 3792 3910 4015 4069 4073 4059 4020 3975 3942 3929 3932 3934 3933 3935 3943 3946 3941 3938 3935 3932 3929 3930 3928 3927 3917 3914 3915 3912 3912 3908
3835 3835 3836 3836 3837 3837 3836 3842 3841 3845 3852 3859 3865 3867 3877 3886 3895 3904 3910 3911 3918 3923 3923 3910 3924 3982 4032 4019 3878 3806 3767 3721 3727 3721 3688 3670 3658 3640 3630 3623 3676 3760 3854 3970 4060 4091 4049 3974 3922 3924 3931 3936 3935 3935 3939 3944 3946 3940 3937 3933 3929 3925 3927 3929 3940 3916 3914 3913 3910 3907 3908
3829 3830 3831 3832 3832 3833 3832 3852 3835 3843 3852 3852 3850 3864 3875 3888 3897 3905 3910 3906 3916 3912 3908 3909 3918 3980 4049 4082 3903 3810 3770 3757 3741 3726 3705 3684 3671 3649 3637 3629 3675 3751 3815 3929 4050 4076 4026 3946 3918 3925 3928 3933 3933 3931 3935 3937 3933 3938 3936 3932 3927 3923 3922 3921 3935 3918 3919 3919 3909 3905 3909
3825 3826 3827 3828 3828 3827 3828 3830 3831 3842 3856 3866 3865 3868 3879 3889 3899 3908 3915 3922 3913 3905 3924 3928 3915 3973 4056 4110 4041 3817 3770 3774 3753 3735 3708 3691 3675 3652 3639 3629 3697 3787 3856 3952 4032 4028 3983 3935 3924 3922 3929 3926 3924 3931 3939 3939 3947 3941 3935 3930 3925 3921 3919 3917 3940 3911 3925 3907 3905 3907 3914
3821 3822 3823 3824 3824 3823 3823 3824 3826 3840 3858 3872 3864 3871 3877 3887 3900 3911 3920 3922 3910 3902 3909 3921 3908 3959 4023 4079 4098 3906 3809 3780 3764 3729 3726 3708 3678 3652 3632 3685 3791 3863 3940 3988 4014 3968 3928 3922 3917 3921 3921 3926 3921 3929 3932 3935 3943 3940 3934 3927 3921 3916 3913 3912 3923 3911 3911 3908 3906 3908 3906
3817 3817 3819 3820 3821 3820 3821 3821 3822 3833 3849 3866 3867 3870 3879 3890 3902 3913 3924 3928 3920 3906 3901 3913 3919 3938 3974 3999 4034 4067 3922 3850 3811 3757 3738 3723 3688 3663 3665 3740 3888 3936 3973 3997 3990 3920 3902 3900 3897 3894 3907 3915 3915 3927 3930 3934 3937 3935 3929 3922 3916 3911 3907 3908 3913 3920 3920 3914 3911 3907 3905
3812 3812 3814 3817 3821 3827 3822 3822 3819 3825 3832 3834 3846 3862 3877 3893 3907 3919 3930 3941 3940 3923 3912 3916 3918 3925 3935 3940 3995 4083 4087 4062 3893 3765 3759 3749 3719 3698 3793 3910 3953 3993 3994 3991 3957 3901 3893 3875 3875 3881 3898 3907 3911 3921 3931 3932 3933 3929 3922 3916 3911 3905 3902 3913 3909 3918 3909 3915 3912 3908 3902
3803 3806 3811 3815 3819 3826 3823 3820 3819 3822 3825 3828 3837 3857 3876 3894 3911 3924 3937 3946 3940 3931 3916 3919 3919 3927 3930 3932 3931 3983 4026 4040 4033 3970 3846 3786 3841 3834 3936 3975 3998 4047 4080 3982 3898 3870 3875 3879 3884 3892 3903 3915 3915 3919 3934 3933 3922 3918 3916 3912 3909 3905 3904 3921 3917 3919 3910 3911 3911 3907 3900
3803 3804 3808 3812 3815 3817 3820 3821 3822 3823 3824 3825 3836 3851 3871 3888 3909 3928 3945 3957 3946 3940 3936 3934 3929 3932 3936 3935 3920 3934 3947 3977 4058 4088 4084 4108 4032 4124 4048 4038 4007 4004 4004 3943 3877 3853 3867 3883 3897 3903 3906 3920 3930 3940 3947 3924 3916 3914 3914 3912 3909 3906 3907 3912 3920 3918 3910 3910 3908 3903 3899
3802 3804 3807 3809 3812 3815 3818 3820 3820 3823 3822 3825 3835 3850 3868 3889 3909 3929 3950 3969 3978 3965 3961 3947 3951 3949 3941 3942 3922 3917 3916 3932 3960 4001 4037 4052 4040 4015 3995 3950 3931 3916 3907 3898 3867 3855 3869 3893 3899 3901 3899 3901 3922 3936 3945 3924 3921 3923 3915 3912 3909 3908 3907 3907 3924 3917 3908 3906 3904 3901 3898
