real_craters/C065-300m.grd
DSAA
176 176
-26.3025 26.3025
-26.3025 26.3025
3588.4000559683 4196.4675854273
[rows 60 to 89 of 176, columns 67 to 133 of 176]
3978.14 3981.81 3985.98 3990.55 3996 4002.73 4011.27 4023.32 4042.07 4065.84 4090.25 4106.35 4118.59 4136.34 4154.77 4161.61 4143.25 4114.02 4090.33 4076.02 4071.06 4064.79 4068.49 4071.46 4071.86 4069.4 4061.55 4059.14 4059.69 4053.78 4048.53 4043.82 4040.27 4038.73 4036.85 4036.09 4036.33 4038.05 4040.55 4039.65 4036.44 4032.94 4029.3 4023.12 4017.81 4011.32 4003.76 3996.47 3989.78 3983.03 3976.39 3969.4 3961.78 3952.36 3944.15 3939.31 3937.49 3940.8 3941.36 3939.74 3938.66 3941.66 3943.19 3942.17 3946.49 3953.73 3963.25
3979.97 3985.59 3991.04 3996.31 4001.93 4008.45 4017.77 4028.66 4051.69 4078.84 4107.49 4122.05 4131.54 4146.21 4160.31 4159.63 4145.73 4125.62 4109.39 4098.92 4087.56 4095.34 4099.62 4105.48 4114.57 4122.39 4115.21 4099.65 4082.58 4064.41 4053.29 4051.99 4046.5 4043.04 4040.97 4040.24 4041.01 4042.66 4045.61 4044.22 4040.77 4038.69 4036.07 4032.01 4025.71 4018.44 4011 4003.71 3996.79 3990.54 3985.23 3980.55 3976.33 3971.09 3959.09 3941.79 3932.67 3940.8 3939.1 3936.59 3936.08 3941.85 3943.97 3945.97 3952.42 3956.07 3955.46
3981.43 3988.41 3995.44 4001.53 4007.64 4013.64 4022.17 4037.98 4057.26 4082.69 4105.49 4119.46 4126.94 4132.27 4131.6 4134.4 4131.7 4122.03 4116.48 4116.9 4128.74 4122.76 4123.04 4131.11 4142.47 4148.92 4137.69 4116.87 4094.13 4076.74 4063.74 4055.12 4049.1 4042.44 4040.19 4039.92 4041.09 4042.49 4042.72 4042.25 4041.99 4041.43 4040.61 4038.64 4032.43 4024.7 4016.94 4009.47 4002.93 3997.49 3992.86 3989.73 3988.18 3987.38 3976.1 3955.6 3933.56 3935.36 3935.15 3934.09 3936.19 3938.06 3943.27 3950.94 3959.11 3956.9 3950.17
3983.71 3992.82 4001.16 4007.98 4014.01 4019.25 4023.74 4031.06 4056.5 4082.25 4102.57 4110.93 4113.91 4116.98 4121.03 4115.4 4111.42 4106.96 4105.69 4112.29 4126.95 4128.12 4132.64 4146.12 4151.73 4136.28 4102.52 4091.59 4086.15 4073.8 4062.67 4052.83 4046.56 4043.09 4041.11 4040.6 4041.13 4042.07 4042 4041.79 4042.56 4042 4041.84 4042.48 4036.92 4029.42 4021.91 4014.85 4007.99 4002.59 3998.64 3995.96 3994.94 3994 3990.65 3981.65 3940.73 3930.93 3933.13 3932.58 3931.59 3935.41 3943.69 3949.56 3953.46 3957.37 3958.11
3986.92 3997.15 4007.31 4015.81 4022.8 4027.57 4030.07 4038.72 4056.57 4077.07 4095.88 4096.68 4094.53 4091.95 4094.55 4084.62 4086.13 4083.6 4084.64 4090.31 4097.54 4110.09 4124.67 4145.1 4164.29 4196.47 4086.89 4079.31 4079.73 4070.39 4058.37 4050.28 4045.06 4040.22 4038.66 4038.21 4038.6 4040.99 4044.3 4047.29 4043.75 4041.84 4041.78 4043.58 4039.16 4031.62 4024.37 4017.53 4011.21 4005.92 4001.71 3998.91 3996.95 3996.86 3997.33 3990.17 3958.79 3945.55 3938.47 3934.68 3932.52 3938.83 3946.24 3950.93 3954.68 3959 3957.93
3990.02 4001.57 4013.75 4025 4035.08 4040.96 4041.22 4044.32 4058.66 4066.69 4071.96 4077.35 4073.32 4061.49 4063.26 4064.68 4061.24 4053.38 4052.16 4057.22 4068.21 4082.14 4102.72 4127.89 4147.39 4120.49 4077.88 4075.33 4074.27 4063.62 4052.21 4043.43 4039.06 4034.15 4033.13 4033.01 4034.39 4038.27 4042.28 4043.95 4042.84 4041.25 4041.88 4043.8 4039.44 4033.19 4026.47 4019.64 4013.02 4007.29 4002.48 3999.05 3996.8 3995.61 3997.52 3990.99 3974.45 3958.06 3946.35 3938.53 3934.73 3938.81 3947.19 3953.74 3962.47 3966.03 3965.72
3991.91 4005.53 4020.36 4035.37 4049.8 4061.09 4067.07 4068.5 4068.57 4063.32 4060.84 4064.46 4061.89 4046.4 4062.88 4061.63 4033 4015.25 4009.97 4014.16 4024.77 4042.51 4070.12 4098.14 4117.39 4120.77 4095.97 4077.53 4066.97 4050.59 4038.84 4032.82 4026.07 4022.82 4021.62 4023.65 4027.7 4031.79 4037.58 4039.8 4041.32 4039.49 4038.18 4040.47 4037.93 4032.85 4026.76 4020.21 4014.01 4007.62 4001.31 3996.72 3995.18 3996.13 3997.02 3991.37 3978.53 3965.5 3952.72 3941.52 3936.26 3940.23 3946.58 3951.99 3958.05 3966.24 3972.47
3992.17 4007.49 4024.63 4043.57 4062.86 4082.67 4098.41 4095.92 4083.04 4067.48 4057.43 4055.91 4058.71 4070.78 4054.26 4014.35 3981.46 3964.86 3958.83 3962.2 3975.17 3999.29 4035 4064.43 4080.39 4085.29 4080.52 4055.34 4034.25 4027.12 4020.14 4015.51 4013.77 4012.65 4014.01 4016.53 4020.14 4025.24 4032.29 4041.7 4039.06 4037.74 4037.29 4038.43 4036.48 4032.13 4026.54 4020.32 4013.49 4006.3 3998.93 3991.7 3986.88 3987.15 3989.56 3983.14 3977.66 3970.39 3959.53 3945.45 3936.91 3939.72 3944.47 3947.72 3952.54 3965.65 3975.02
3989.13 4006.36 4025.9 4047.54 4070.08 4094.2 4120.06 4110.77 4091.42 4074.01 4054.17 4037.6 4030.96 4033.29 3974.54 3921.38 3914.13 3907.75 3902.87 3905.84 3930.45 3965.21 4005.14 4032.99 4052.47 4059.7 4050.73 4026.66 4002.22 4005.76 4003.35 4002.97 3999.66 3999.3 4000.9 4005.17 4010.15 4015.43 4021.81 4025.74 4030.97 4035.19 4041.37 4039.32 4034.88 4030.36 4025.14 4019.06 4012.3 4005.31 3996.89 3987.03 3976.9 3976.8 3980.41 3981.27 3982.29 3975.04 3967.42 3962.45 3945.83 3938.86 3941.27 3942.98 3945.13 3953.36 3968.06
3983.1 4002.37 4023.46 4045.89 4068.28 4087.83 4099.15 4094.26 4080.85 4068.67 4036.3 4000.44 3970.06 3934.09 3882.03 3859.47 3859.03 3855.23 3850.2 3852.25 3894.36 3953.97 3973.05 3998.08 4026.72 4034.14 4028.4 4015.68 4006.11 3997.64 3988.91 3983.09 3981.08 3981.88 3985.74 3992.06 3997.85 4005.2 4011.01 4015.74 4022.31 4029.48 4037.63 4035.45 4031.72 4028.43 4023.78 4018.42 4012.58 4005.42 3997.29 3986.89 3976.16 3974.47 3978.03 3981.26 3980.23 3975.27 3969.19 3964.81 3949.34 3941.78 3938.64 3940.03 3942.96 3955.45 3958.81
3976.13 3997.19 4018.48 4038.77 4059.01 4074.7 4075.55 4064.57 4044.65 4027.48 3990.74 3949.53 3906.81 3859.83 3835.35 3830.8 3823.44 3814.65 3807.04 3805.11 3846.08 3895.34 3918.91 3945.95 3982.35 4010.2 4002.53 3992.34 3994.54 3979.31 3964.58 3956.75 3955.79 3959.17 3966.9 3975.32 3984.16 3993.4 4001.53 4008.32 4015.37 4021.96 4026.69 4025.83 4027.23 4026.25 4022.9 4018.43 4013.12 4006.71 3999.95 3992.18 3984.42 3978.07 3974.57 3975.47 3975.59 3971.22 3965.27 3955.35 3950.64 3938.58 3938.73 3939.53 3940.96 3948.73 3953.06
3973.18 3992.75 4010.81 4027.78 4043.63 4057.16 4063.5 4026.42 3988.21 3953.33 3927.59 3897.35 3861.86 3829.21 3813.85 3808.97 3795.31 3781.75 3773.89 3775.28 3793.47 3820.18 3842.15 3868.96 3905.6 3945.09 3933.22 3931.94 3941.1 3935.83 3926.32 3923.35 3926.54 3933.63 3943.97 3956.25 3968.83 3982.22 3993.69 4003.99 4011.47 4016.54 4022.07 4023.14 4025.85 4025.81 4023.26 4019.17 4014.24 4009.11 4003.96 3999.45 3992.92 3981.93 3971.83 3969.21 3968.5 3966.13 3962.55 3956.65 3945.04 3938.48 3938.77 3941.29 3942.15 3941.81 3947.11
3979.8 3992.65 4003.67 4012.48 4019.55 4022.76 4012.05 3975.77 3928.8 3888.11 3872.5 3854.43 3829.87 3804.64 3789.58 3781.18 3765.49 3750.02 3741.17 3741.88 3739.03 3742.64 3757.35 3777.81 3803.5 3839.9 3835.68 3845.94 3864.07 3870.86 3873.11 3879.22 3890.22 3904.16 3920.51 3937.69 3954.81 3971.71 3987.07 4000.96 4008.88 4011.53 4018.44 4028.85 4028.79 4026.73 4023.55 4019.29 4014.66 4010.19 4006.92 4005.41 4002.01 3987.62 3970.04 3964.97 3963.29 3960.92 3959.57 3958.14 3949.35 3939.23 3940.62 3944.76 3950.16 3949.08 3945.19
3991.64 3994.64 3995.58 3994.71 3991.04 3982.53 3963.93 3927.63 3881.75 3844.35 3834.57 3824.06 3810.52 3795.14 3775.19 3754.99 3736.61 3718.88 3703.33 3693.33 3689.61 3681.64 3686.68 3695.8 3701.27 3722.98 3735.59 3753.68 3775.87 3793.5 3811.66 3830.17 3851.2 3873.46 3896.05 3918.69 3941.15 3962.29 3981.64 3998.87 4010.28 4009.69 4016 4028.25 4029.64 4027.39 4023.98 4019.18 4014.22 4009.6 4005.88 4004.29 4001.86 3994.59 3982.53 3964.2 3957.45 3955.96 3951.86 3948.07 3942.86 3938.23 3938.53 3944.97 3954.06 3951.32 3947.47
4000.48 3997.22 3988.81 3976.93 3961.87 3942.29 3919.66 3890.51 3855.45 3826.3 3813.08 3802.9 3792.56 3776.22 3752.5 3728.87 3708.63 3692.32 3674.68 3662.44 3658.7 3650.98 3649.03 3649.56 3647.8 3656.33 3663.67 3680.02 3699.51 3721.07 3751.74 3782.59 3812.71 3842.96 3871.57 3900.7 3928.29 3954.6 3978.05 3997.06 4005.41 4012.38 4019.02 4027.17 4030.47 4029.05 4025.57 4020.25 4014.7 4008.73 4002.23 3997.48 3994.77 3995.66 3993.69 3976.79 3964.56 3956.63 3945.37 3935.94 3934.61 3933.45 3935.04 3943.76 3952.37 3951.01 3952.8
4015.41 4002.86 3984.05 3961.1 3934.83 3907.51 3884.86 3863.51 3840.87 3817.87 3798.66 3784.86 3771.95 3751.42 3726.61 3702.24 3684.22 3675.68 3665.01 3654.17 3646.31 3640.9 3637.35 3633.17 3632.53 3632.15 3631.35 3637.56 3647.25 3664.36 3702.41 3741.54 3778.95 3815.62 3851.24 3885.43 3918.2 3948.91 3977.01 4002.11 4019.26 4021.62 4024.7 4032 4033.75 4031.89 4028.29 4023.16 4016.45 4008.64 3999.18 3991.04 3986.38 3987.45 3995.36 3987.37 3974.25 3963.28 3953.48 3940.6 3931.2 3930.88 3933.56 3944.17 3955.48 3951.68 3950.19
4033.4 4010.7 3981.53 3948.31 3912.43 3878.55 3857.57 3842.29 3825.92 3804.92 3783.03 3765.31 3751.55 3722.31 3703.14 3686.79 3674.58 3668.8 3665.87 3654.1 3641.85 3634.21 3629.16 3626.42 3624.26 3620.87 3617.99 3618.19 3619.71 3631.2 3667.92 3709.75 3752.02 3792.24 3833.66 3870.27 3907.56 3942.91 3975.96 4007.32 4033.08 4033.42 4033.08 4036.99 4037.15 4034.57 4031.17 4026.11 4019.13 4009.6 3998.68 3987.53 3980.63 3977.37 3988.78 3987.9 3978.36 3968.65 3962.06 3950.02 3938.78 3933.62 3934.96 3942.69 3955.09 3953.35 3953.16
4046.14 4017.65 3980.36 3938.76 3895.36 3856.02 3837.72 3825.85 3812.3 3790.28 3765.22 3741.58 3720.67 3698.84 3687.2 3678.62 3671.83 3663.68 3656.75 3647.93 3637.67 3629.75 3624.7 3620.25 3618.45 3614.99 3612.91 3611.95 3609.19 3617.19 3647.42 3686.95 3729.64 3773.37 3816.37 3858.68 3899.71 3938.91 3974.87 4007.01 4030.7 4039.76 4039.94 4039.11 4037.7 4037.05 4034.43 4029.89 4022.99 4013.4 4001.13 3986.46 3979.42 3977.39 3982.48 3982.2 3977.84 3970.81 3957.31 3948.93 3941.1 3936.15 3933.9 3940.77 3953.48 3952.82 3952.33
4055.9 4023.21 3979.47 3932.42 3884.82 3843.18 3826.08 3814.15 3799.95 3776.45 3748.58 3719.53 3692.52 3684.94 3677.96 3671.21 3664.6 3657.46 3650.43 3642.32 3633.2 3624.71 3617.62 3614.73 3614.01 3610.57 3608.57 3607.51 3603.84 3608.97 3633.76 3671.18 3713.6 3759.05 3804.23 3849.05 3892.85 3932.85 3971.49 4006.13 4032.47 4046.55 4046 4043.73 4042.11 4040.95 4038.63 4034.88 4029.31 4021.13 4009.06 3993.28 3981.23 3979.17 3977.2 3976.28 3977.25 3975.49 3972.06 3952.69 3944.12 3939.82 3938.07 3940.79 3954.51 3952.31 3951.9
4068.08 4024.77 3977.73 3927.75 3878.43 3841.77 3820.6 3807.59 3791.7 3766.16 3736.92 3707.84 3687.24 3682.52 3674.44 3666.45 3658.4 3652.81 3646.73 3639.1 3630.14 3621.06 3613.22 3611.63 3609.33 3605.65 3603.27 3601.57 3599 3602.65 3624.2 3659.83 3701.65 3746.94 3793.36 3839.43 3885.63 3929.52 3970.03 4005.76 4033.25 4049.32 4051.11 4050.11 4048.08 4045.9 4043.73 4040.6 4036.85 4031.96 4023.21 4005.01 3980.99 3963.41 3967.16 3973.14 3978.31 3978.89 3974.76 3963.63 3950.48 3943.73 3941.99 3941.15 3955.31 3953.31 3953.05
4043.06 4017.68 3975.74 3924.83 3872.09 3830.81 3816.45 3804.76 3788.77 3760.44 3730.49 3703.17 3687.7 3683.06 3674.3 3665.58 3657.65 3651.86 3646.37 3638.02 3628.9 3619.78 3612.53 3609.23 3602.79 3601.05 3599.16 3597.52 3595.79 3598.44 3617.55 3651.03 3691.54 3736.5 3784.27 3832.42 3880.53 3926.32 3969.43 4007.5 4037.95 4055.58 4058.1 4056.52 4051.74 4051.71 4049.97 4046.65 4043.78 4042.21 4042.82 4028.9 3984.51 3953.96 3965.67 3976.9 3982.35 3983.27 3974.58 3961.14 3952.08 3944.71 3940.04 3940.42 3951.37 3953.11 3954.8
4036.94 4019.93 3978.56 3926.08 3873.02 3833.3 3816.04 3803.16 3785.32 3756.45 3727.16 3701.12 3688.77 3684.8 3676.25 3667 3658.62 3652.2 3646.36 3638.21 3629.16 3619.64 3611.38 3606.2 3600.98 3598.97 3597.27 3596.05 3594.75 3597.29 3613.77 3644.54 3684.45 3728.57 3775.99 3825.09 3874.82 3922.99 3969.29 4010.83 4045.81 4065.67 4069.15 4067.53 4063.8 4060.33 4055.84 4050.69 4046.26 4043.54 4044.71 4032.2 3990.54 3969.45 3976.04 3983.26 3987.2 3990.31 3983.54 3963.56 3951.67 3944.33 3938.71 3940.55 3949.25 3948.79 3948.41
4081.24 4041.63 3986.18 3928.56 3876.37 3838.53 3815.81 3801.21 3781.87 3752.95 3725.91 3703.02 3695.3 3689.89 3679.99 3670 3659.75 3652.94 3647.91 3639.3 3629.97 3620.58 3612.64 3606.37 3602.53 3599.06 3597.2 3596.27 3595.17 3596.06 3609.28 3638.92 3677.35 3721.92 3769.45 3819 3869.44 3919.1 3967.6 4012.45 4051.7 4077.66 4081.44 4079.65 4077.42 4069.12 4060.25 4052.02 4043.81 4034.81 4024.77 4010.19 3989.64 3977.58 3982.56 3985.91 3988.24 3988.43 3977.04 3957.03 3949.91 3943.82 3941.06 3938.49 3938.75 3942.42 3943.51
4090.62 4049.6 3987.68 3925.99 3870.31 3832.56 3810.35 3793.28 3773.89 3749.5 3726.47 3707.42 3701.01 3695.01 3684.97 3675.09 3664.95 3657.44 3650.73 3641.55 3631.61 3621.85 3613.53 3604.79 3602.32 3599.92 3598.47 3597.7 3596.53 3595.47 3605.88 3633.83 3671.34 3714.9 3762.26 3812.2 3862.99 3913.67 3963.83 4010.97 4052.08 4081.56 4087.43 4084.68 4080 4071.45 4062.01 4051.85 4040.32 4025.31 4006.17 3993.85 3986.42 3982.52 3982.77 3983.62 3983.81 3984.13 3974.75 3959.81 3947.16 3941.71 3938.92 3938.85 3936.89 3939.78 3942.24
4068.94 4034.98 3978.93 3918.53 3862.86 3825.23 3801.43 3783.88 3764.52 3744.78 3727.17 3714.32 3708.94 3700.79 3691.57 3681.44 3671.61 3663.84 3654.82 3644.69 3634.27 3623.09 3610.34 3602.28 3602.5 3600.65 3600.61 3600.55 3599.38 3596.38 3603.24 3629.29 3664.72 3708.21 3754.6 3803.9 3854.7 3906.13 3958.11 4005.9 4047.85 4077.44 4085.77 4082.68 4075.24 4068.26 4061.97 4052.54 4039.82 4023.32 4001.98 3990.5 3986.36 3985.48 3982.99 3978.76 3972.66 3967.12 3952.54 3942.46 3939.66 3937.99 3937.52 3937.18 3936.91 3939.59 3944.47
4045.94 4015.25 3965.9 3908.57 3854.79 3818.46 3791.28 3767.56 3754 3740.63 3727.51 3717.8 3715.49 3707.22 3697.22 3687.34 3676.6 3666.99 3657.63 3648.34 3639.04 3627.89 3610.01 3588.4 3596.98 3602.51 3604.31 3604.99 3603.91 3598.66 3600.92 3625.69 3659.88 3701.73 3746.98 3795.47 3845.57 3896.51 3948.38 3997.32 4041.35 4067.49 4078.04 4077.49 4071.87 4066.44 4062.2 4054.59 4043.77 4030 4015.23 3996.97 3984.25 3983.36 3985.32 3972.13 3957.44 3942.41 3929.24 3928.14 3932.13 3934.56 3936.25 3934.06 3934.23 3937.83 3942.64
4033.14 4003.23 3956.73 3898.31 3846.52 3812.72 3787.7 3764.43 3751.36 3740.58 3728.97 3720.13 3720.04 3712.43 3703.62 3693.57 3681.72 3668.43 3659.85 3652.71 3646.28 3640.15 3630.12 3615.18 3609.54 3610.1 3610.34 3610.3 3609.22 3603.29 3605.01 3625.11 3656.3 3694.64 3738.92 3785.91 3834.56 3884.55 3934.91 3982.45 4024.99 4051.47 4066.77 4072.42 4071.03 4067.55 4064.71 4058.89 4049.81 4037.94 4022.03 4002.93 3986.26 3985.02 3980.14 3963.73 3944.81 3926.06 3922.81 3925.07 3929.46 3933.18 3935.62 3931.31 3932.6 3935.44 3938.22
4039.21 4016.36 3954.44 3889.43 3833.17 3809.11 3792.57 3778.6 3759.66 3745.04 3733.65 3726.62 3722.81 3717.32 3709.81 3700.87 3689.94 3675.38 3663.79 3657.85 3653.57 3651.17 3649.65 3645.99 3627.26 3620.9 3617.76 3615.6 3613.07 3608.22 3609.54 3625.65 3653.43 3689.36 3731.08 3775.54 3822.7 3870.85 3918.86 3963.87 4004.85 4037.63 4059.36 4069.73 4072.12 4070.98 4069.26 4064.36 4056.42 4046.15 4029.53 4007.35 3989.36 3981.53 3972.04 3954.54 3938.16 3926.6 3927.27 3927.9 3930.25 3933.07 3935.02 3934.72 3933.58 3933.74 3935.18
4036.62 4011.15 3950.1 3884.39 3832.43 3809.81 3796.94 3784.83 3765.53 3748.96 3738.26 3733.38 3728.38 3722.55 3716.05 3708.97 3700.29 3683.56 3668.75 3663.42 3659.75 3656.33 3654.15 3649.71 3637.79 3630.33 3625.27 3621.54 3618.27 3613.07 3611.83 3625.19 3651.04 3684.67 3722.57 3763.94 3808.4 3854.63 3902.17 3946.82 3987.25 4027.64 4055.94 4068.73 4074.52 4075.62 4074.34 4068.75 4060.27 4051.57 4034.68 4002.85 3981.19 3965.03 3954.41 3943.38 3933.89 3928.75 3930.47 3930.91 3932.34 3934.18 3934.96 3933.5 3931.04 3931.36 3933.06
4028.77 3997.58 3943.53 3881.18 3833.81 3811.59 3799.5 3786.26 3766.95 3748.67 3737.07 3737.86 3733.78 3726.25 3721.33 3716.7 3710.86 3694.91 3676.94 3670.45 3665.78 3661.28 3658.24 3653.64 3644.75 3637.52 3631.94 3627.74 3625.2 3619.54 3616.31 3626.57 3649.41 3679.91 3714.2 3752.08 3792.59 3835.77 3882.81 3939.23 3984.48 4014.57 4045.36 4065.03 4077.45 4082.08 4080.1 4070.73 4057.33 4042.33 4018.7 3982.48 3952.03 3938.27 3933.79 3932.04 3930.45 3930.74 3932.87 3932.89 3934.04 3936.01 3937.55 3935.44 3929.64 3930.44 3933.31
