real_craters/C065-300m.grd
DSAA
176 176
-26.3025 26.3025
-26.3025 26.3025
3588.4000559683 4196.4675854273
[rows 90 to 119 of 176, columns 67 to 133 of 176]
4030.58 4001.04 3943.34 3878.24 3832.24 3811.84 3802.03 3788.49 3766.73 3745.13 3726.47 3718.42 3724.66 3727.04 3725.52 3722.67 3717.75 3703.74 3687.69 3678.99 3672.62 3667.28 3663.62 3658.22 3649.89 3643.03 3637.35 3632.64 3629.55 3624.1 3621.25 3628.96 3648.35 3676.33 3707.49 3742.21 3778.33 3815.53 3854.25 3895.28 3946.1 3990.71 4028.8 4059.95 4080.69 4092.18 4086.56 4070.15 4048.6 4021.64 3990.78 3956.95 3932.68 3922.31 3921.79 3923.55 3925.29 3928.39 3931.15 3932.84 3934.67 3936.78 3938.64 3935.3 3931.84 3933.54 3937.18
4043.72 4014.68 3952.99 3875.94 3828.61 3810.91 3800.84 3787.06 3767.17 3746.8 3723.35 3721.15 3728.24 3730.4 3729.42 3727.05 3722.96 3711.8 3697.96 3687.25 3679.25 3673.07 3669.08 3662.47 3653.77 3647.26 3641.46 3636.46 3632.22 3627.65 3625.35 3631.41 3648.64 3674.63 3704.05 3735.97 3768.1 3798.96 3827.51 3855.79 3908.98 3968.95 4018.61 4055.42 4081.16 4098.45 4088.65 4065.94 4038.89 4006.63 3971.57 3936.23 3915.2 3915.08 3917.43 3920.1 3920.32 3923.4 3928.01 3931.65 3934.15 3936.08 3936.63 3934.91 3934.58 3935.57 3937.1
4068.13 4050.37 3984.07 3883.08 3833.05 3814.37 3801.19 3785.34 3769.45 3756.46 3751.66 3752.45 3742.57 3737.43 3733.46 3729.06 3724.76 3715.1 3703.49 3693.1 3685.05 3679.18 3675.58 3667.99 3658.63 3651.3 3644.89 3639.57 3635.61 3631.82 3628.23 3632.06 3648.91 3674.51 3703.35 3733.98 3763.64 3791.01 3814.9 3840.81 3896.78 3959.39 4013.33 4051.75 4074.84 4085.75 4077.86 4056.94 4030.4 3997.86 3963.67 3930.38 3913.94 3916.8 3918.31 3921.73 3926.63 3927.48 3928.63 3930.76 3932.84 3934.72 3935.75 3934.26 3933.67 3932.68 3929.93
4094.86 4100.53 4037.81 3922.97 3860.44 3826.36 3802.94 3783.56 3770.57 3764.13 3762.25 3756.82 3751.01 3744.04 3736.97 3728.41 3720.3 3712.95 3705.23 3696.45 3689.3 3684.19 3680.4 3672.77 3663.81 3654.98 3647.38 3641.69 3638.07 3634.74 3630.28 3633.24 3649.88 3676.87 3707.68 3739 3768.23 3794.78 3819.35 3849.84 3901.78 3960.27 4013.86 4048.14 4064.24 4070.03 4061.93 4043.11 4022.16 3998.82 3962.92 3933.41 3921.74 3919.93 3920.35 3922.95 3927.32 3926.94 3928.04 3929.79 3931.03 3931.97 3932.21 3931.08 3930.39 3931.14 3930.67
4107.77 4116.64 4072.16 3967.25 3899.2 3841.8 3802.35 3779.14 3769.95 3767.87 3767.06 3763.39 3756.76 3748.55 3739.95 3730.07 3717.34 3712.13 3704.98 3698.24 3691.98 3686.98 3683.31 3674.98 3666.2 3656.82 3648.19 3642.45 3639.26 3637.04 3630.77 3632.16 3651.07 3682.97 3718.55 3751.8 3781.9 3808.65 3834.89 3867.72 3914.8 3965.88 4012.45 4041.26 4051.12 4048.36 4037.1 4024.26 4007.6 3989.89 3957.51 3932.02 3923.82 3921.72 3921.6 3922.3 3924.23 3927.18 3928.51 3928.86 3928.93 3928.87 3928.23 3927.43 3927.3 3931.69 3933.8
4105.59 4107.81 4081.87 4041 3942.55 3854.11 3790.62 3772.91 3769.99 3772.29 3775.43 3770.62 3761.49 3752.52 3745.22 3738.39 3729.57 3718.84 3708.31 3701.37 3694.41 3687.71 3682.75 3674.54 3666.31 3656.9 3647.98 3641.59 3638.52 3638.15 3631.26 3628.24 3655.24 3696.52 3735.29 3771.02 3802.22 3830.88 3856.43 3886.56 3930.44 3973.17 4010.02 4032.07 4037.69 4032.71 4021.58 4003.29 3983.17 3963.29 3944.41 3927.25 3924.41 3923.82 3922.52 3922.01 3923.19 3929.99 3928.7 3927.5 3926.55 3925.71 3924.97 3924.23 3925.17 3928.35 3933.59
4095.42 4111.85 4116.86 4068.5 3977.42 3870.88 3789.61 3778.72 3777.17 3777.43 3778.56 3773.47 3764.68 3757.02 3749.05 3744.48 3741.06 3726.26 3715.82 3708.19 3700.16 3689.98 3679.9 3673.78 3666.06 3656.69 3647.11 3639.43 3635.68 3636.91 3638.64 3643.74 3678.51 3725.41 3764.18 3798.71 3830.52 3860.23 3887.13 3915.26 3950.02 3982.17 4008.39 4023.15 4024.31 4016.96 4004.38 3980.12 3956.97 3939.84 3932.05 3926.1 3922.7 3923.2 3921.98 3922.2 3922.7 3923.76 3925.39 3925.47 3924.65 3921.92 3921.07 3921.2 3920.82 3924.28 3931.25
4080.76 4101.91 4122.14 4105.68 4012.75 3914.43 3837.29 3813.13 3795.99 3784.81 3780.53 3774.45 3768.38 3760.56 3751.67 3739.43 3732.24 3728.12 3723.33 3717 3708.75 3696.95 3684.34 3676.1 3667.52 3657.4 3646.79 3637.82 3632.49 3634.59 3653.55 3693.49 3736.26 3768.33 3800.27 3831.59 3862.21 3892.25 3925.44 3951.28 3970.84 3992.13 4009.36 4016.47 4010.09 3994.11 3975.43 3953.42 3934.97 3923.96 3923.02 3908.5 3912.43 3916.98 3919.02 3920.84 3921.43 3920.15 3922.28 3923.6 3924.57 3924.92 3922.57 3920.7 3919.81 3925.2 3930.39
4054.14 4070.52 4083.57 4083.04 4040.44 3985.87 3924.07 3870.91 3824.44 3790.98 3780.45 3778.06 3775.26 3767.92 3757.93 3743.32 3732.84 3731.02 3728.4 3723.67 3716.06 3705.04 3692.23 3680.65 3670.65 3660.09 3648.56 3638.8 3632.1 3634.15 3664.88 3729.97 3786.88 3810.08 3837.9 3865.46 3892.95 3921.18 3949.76 3971.16 3985.02 3999.67 4011.05 4014.08 3997.03 3968.7 3935.47 3926.66 3923.47 3918.82 3917.07 3915.32 3919.05 3915.73 3913.75 3915.18 3918.44 3919.75 3919.34 3920.93 3923.41 3926.63 3924.2 3920.97 3920.85 3924.83 3929.43
4024.01 4033.6 4034.77 4048.5 4058.21 4062.52 4013.63 3933.88 3860.86 3793.61 3774.71 3792.33 3794.84 3784.55 3770.32 3758.53 3746.22 3737.19 3732.98 3728.92 3722.1 3711.72 3698.26 3684.99 3674.49 3664.8 3653.95 3645.89 3640.49 3640.86 3672.29 3740.06 3792.37 3844.13 3873.74 3897.64 3920.27 3942.5 3962.86 3979.65 3991.4 4002 4008.72 4008.52 3984.18 3949.97 3918.13 3908.86 3911.49 3910.14 3907.05 3909.07 3908.39 3907.14 3904.54 3903.44 3907.11 3911.48 3913.75 3916.27 3918.9 3920.62 3920.18 3918.91 3919.82 3926.79 3930.03
3995.03 4002.52 4010.28 4034.38 4062.45 4073.74 4048.64 3989.42 3921.66 3844.99 3844.56 3850.42 3836.39 3810.98 3785.61 3765.35 3750.61 3741.95 3737.84 3734.18 3727.93 3716.47 3702.62 3688.21 3676.09 3666.98 3661.8 3661.8 3664.76 3669.94 3701.32 3781.91 3858.79 3887.95 3909.57 3927.79 3944.7 3959.38 3972.8 3984.5 3993.11 3999.32 3999.45 3990.26 3968.12 3936.59 3905.7 3897.47 3901.62 3900.06 3896.83 3901.44 3900.98 3896.97 3894.2 3893.01 3896.08 3901.73 3906.99 3911 3914.11 3916.11 3915.95 3915.4 3915.71 3922.77 3928.67
3969.18 3975.67 3994.29 4030.49 4061.9 4082.63 4069.47 4039.67 4009.67 3992.68 3994.43 3942.39 3891.09 3844.56 3802.24 3771.79 3754.09 3746.6 3743.3 3741.64 3736.18 3724.92 3710.14 3693.58 3677.27 3666.29 3673.82 3689.78 3708.07 3727.34 3758.72 3839.64 3909.89 3926.83 3940.37 3954.01 3966.14 3975.36 3984.17 3989.77 3993.03 3994.23 3989.09 3977.96 3956.52 3926.98 3900.48 3893.88 3902.26 3893.68 3883.03 3884.59 3886.64 3885.55 3884.05 3884.88 3889.91 3896.13 3901.77 3906.18 3909.37 3911.46 3912.27 3912.43 3912.85 3918.59 3928.13
3947.48 3950.32 3961.16 4011.49 4052.07 4091.26 4084.18 4073.65 4074.59 4095.22 4077.56 4009.45 3940.59 3876.68 3816.73 3772.97 3758.89 3755.02 3752.14 3749.2 3747.22 3738.15 3723.17 3707.3 3689.1 3673.55 3696.94 3728.96 3764.03 3806.25 3868.54 3897.06 3927.9 3947.04 3962.66 3976.47 3986.26 3989.43 3991.97 3994.43 3993.02 3988.13 3978.56 3966.26 3945.16 3917.58 3896.12 3890.57 3898.13 3889.4 3879.49 3874.68 3873.81 3876.67 3876.78 3877 3885.51 3892.61 3898.47 3903.02 3906.11 3908.22 3909.79 3910.92 3912.46 3915.51 3926.19
3935.39 3935.6 3944.3 3977.98 4019.42 4056.08 4068.52 4077.38 4089.7 4103.48 4095.72 4040.54 3978.2 3912.51 3837.38 3775.36 3778.5 3778.12 3769.33 3760.71 3755.54 3750.37 3743.41 3734.31 3723.91 3719.89 3741.99 3778.88 3822.28 3869.37 3914.17 3933.08 3941.25 3957.13 3979.26 3997.73 4009.66 4008.45 3997.86 4003.61 3995.18 3981.36 3964.24 3945.63 3925.18 3903.75 3888.66 3882.53 3886.85 3885.04 3879.23 3872.27 3871.57 3874.91 3877.12 3878.78 3884.87 3891.33 3897.54 3902.32 3905.3 3907.64 3909.42 3910.64 3912.55 3917.04 3927.75
3930.67 3931.09 3933.56 3947.58 3977.75 4006.43 4033.39 4053.33 4071.09 4091.18 4080.41 4047.54 4010.03 3966.88 3908.01 3848.73 3842.73 3825.82 3798.05 3772.57 3760.49 3765.62 3775.03 3777.91 3775.65 3778.36 3797.77 3835.74 3877.59 3917.08 3951.27 3959 3953.48 3968.07 3996.46 4019.39 4038.63 4050.65 4043.28 4023.4 3999.66 3974.16 3947.38 3918.66 3894.93 3886.12 3882.42 3885.17 3881.52 3880.62 3877.58 3874.95 3875.68 3878.6 3881.91 3883.55 3883.89 3892.14 3899.13 3904.2 3906.96 3909.53 3911.35 3911.65 3911.48 3915.22 3928.21
3931.19 3932.83 3931 3930.92 3945.42 3966.99 3995.79 4015.3 4025.82 4029.89 4038.99 4039.97 4036.16 4033.05 4029.11 3997.69 3944.82 3897.53 3845.85 3786.29 3774.51 3800.8 3828.11 3840.84 3842.1 3833.97 3854.46 3900.43 3935.84 3964.24 3976.08 3989.22 3991.6 3998.05 4016.2 4035.94 4059.88 4088.77 4080.3 4037.76 4000.01 3965.34 3931.58 3898.13 3874.02 3869.88 3871.79 3875.09 3875.42 3875.83 3877.84 3879.9 3881.88 3884.5 3887.44 3890.83 3893.38 3897.59 3903.15 3909.02 3914.09 3915.52 3915.8 3915.29 3913.89 3914.73 3924.92
3932.66 3934.42 3928.41 3916.33 3930.99 3949.42 3966.92 3980.6 3989.81 3986.96 4001.03 4024.6 4047.75 4078.31 4121.38 4105.24 4033.98 3979.71 3930.11 3871.41 3863.09 3886.62 3910.98 3921.99 3930.25 3938.57 3959.63 3981.24 3994.96 4013.14 4043.63 4053.68 4036.49 4033.53 4028.05 4037.35 4056.16 4076.43 4065.51 4028.05 3989.24 3952.68 3918.54 3885.78 3861.34 3858.44 3861.2 3865.25 3869.02 3871.24 3876.82 3884.1 3887.69 3890.72 3894.19 3898.06 3901.3 3902.69 3906.89 3913.27 3919.64 3921.08 3921.13 3921.6 3921.53 3921.48 3927.47
3934.46 3930.57 3924.22 3917.83 3922.62 3934.25 3945.25 3953.56 3954.8 3950.14 3973.39 4004.17 4036.83 4075.75 4120.51 4117.94 4076.74 4048.87 4039.65 4037.52 4041.05 4031.11 4006.32 4002.18 4017.49 4058.08 4091.53 4056.19 4038.7 4039.06 4050.56 4049.17 4035.88 4026.79 4016 4018.16 4028.02 4039.96 4027.69 4000.31 3969.2 3938.13 3907.64 3878.89 3858.59 3853.72 3855.31 3859 3866.3 3870.85 3877.47 3886.77 3891.78 3895.45 3899.5 3901.24 3902.31 3904.18 3907.33 3913.6 3922.04 3922.48 3924.28 3927.98 3931.33 3930.64 3932.46
3937.87 3936.36 3927.88 3921.43 3917.96 3923.28 3930.21 3935.32 3937.98 3933.85 3954.25 3980.74 4008.78 4035.21 4054.64 4070.43 4073.51 4080.1 4108.42 4147.73 4155.97 4109.63 4066.92 4052.12 4062.9 4096.27 4115.56 4076.84 4048.21 4034.15 4027.06 4018.34 3999.81 3983.82 3983.01 3983.55 3984.2 3983.79 3978.77 3964.94 3944.31 3920.56 3896.68 3874.43 3859.29 3853.3 3854.49 3858.71 3868.85 3874.86 3881.66 3890.35 3895.08 3897.73 3900.48 3903.79 3903.96 3903.46 3903.93 3906.22 3911.71 3917.12 3923.42 3931.55 3938.56 3942.43 3950.1
3940.14 3936.21 3929.12 3919.78 3918.54 3920.21 3921.74 3923.07 3923.66 3925.6 3940.27 3958.68 3976.84 3990.62 3997.79 4023.12 4045.88 4066.31 4094.12 4123.24 4129.86 4100.56 4074.43 4061.29 4061.27 4066.19 4059.57 4045.86 4027.43 4009.89 3991.34 3967.6 3959.48 3943.7 3948.76 3947.24 3940.29 3925.61 3934.35 3931.58 3920.42 3904.75 3886.86 3870.47 3857.47 3853.19 3856.31 3864.87 3869.56 3874.64 3885.38 3896.51 3898.1 3898.49 3899.03 3902.66 3902.96 3901.63 3899.48 3896.02 3897.27 3908.94 3919.11 3929.09 3937.78 3942.16 3950.4
3941.91 3941.22 3931.35 3921.9 3922.69 3918.92 3915.6 3913.88 3915.67 3919.82 3926.49 3938.34 3949.9 3960.27 3969.63 3989.57 4010.39 4026.5 4037.41 4045 4050.21 4052.11 4046.96 4040.36 4034.86 4024.57 4003.38 4002.61 3995.22 3979.34 3959.24 3943.17 3931.27 3930.84 3924.6 3919.33 3911.31 3904.82 3907.14 3907.58 3901.96 3892.11 3879.83 3867.45 3857.43 3853.9 3856.79 3862.8 3869.38 3873.36 3886.13 3896.31 3898.74 3899.22 3899.07 3900.11 3900.97 3900.97 3899 3894.54 3895.59 3906.3 3915.05 3921.64 3928.19 3933.86 3938.82
3941.37 3939.97 3931.98 3923.08 3918.91 3915.16 3909.8 3904.94 3900.85 3903.75 3912.07 3921.09 3929.68 3937.26 3947.86 3962.74 3975.89 3983.44 3984.76 3983.36 3985.36 4000.92 4006.62 4006.67 4002.67 3994.29 3984.93 3977.69 3966.52 3950.85 3931.41 3909.63 3905.17 3904 3903.1 3901.01 3895.11 3889.35 3892.74 3893.08 3889.65 3883.23 3874.74 3865.74 3857.63 3854.35 3857.68 3862.99 3869.88 3876.01 3886.17 3893.81 3898.33 3899.85 3898.91 3897.55 3900.52 3903.08 3904.47 3904.37 3906.04 3911.34 3915.54 3917 3922.56 3927.93 3930
3931.83 3937.67 3927.02 3922.18 3918.47 3910.82 3904.56 3898.89 3892.57 3891.27 3900.32 3908.41 3914.46 3920.89 3928.26 3939.45 3947.46 3949.24 3940.21 3938.66 3941.57 3956.84 3966.49 3970.49 3969.38 3967.15 3970.41 3957.95 3941 3927.43 3912.09 3895.42 3891.25 3889.22 3891.32 3892.8 3891.74 3890.1 3887.65 3886.24 3883.03 3878.77 3872.73 3866.38 3860.9 3858.92 3860.85 3864.88 3871.03 3879.22 3887.19 3894.07 3899.18 3901.21 3899.6 3898.13 3902.71 3907.53 3913.07 3919.21 3919.93 3920.13 3922.36 3923.01 3926.49 3930.63 3933.3
3903.83 3903.78 3914.42 3918.62 3912.04 3907.26 3900.48 3892.63 3885.86 3886.24 3893.14 3900.6 3907.16 3912.25 3918.44 3925.67 3930.73 3932.38 3928.47 3924.92 3921.75 3926.94 3934.63 3938.8 3937.97 3934.66 3927.49 3918.98 3914.93 3909.37 3902.67 3896.41 3893.34 3893.76 3892.97 3891.04 3891.37 3890.19 3887.37 3883.94 3880.39 3876.7 3872.12 3868.54 3865.31 3863.8 3864.74 3866.86 3870.31 3876.23 3889.19 3897.07 3901.5 3904.38 3903.51 3903.14 3907.2 3912.24 3918.84 3927.63 3927.59 3926.66 3929.61 3936.14 3935.33 3936.9 3940.35
3887.79 3889.33 3907.09 3920.68 3916.56 3908.55 3900.57 3890.64 3885.78 3887.64 3892.64 3898.57 3904.93 3911.21 3915.48 3918.75 3921.87 3923.93 3929.01 3923.72 3916.68 3911.17 3911.95 3914.96 3914.33 3906.86 3892.7 3886.7 3894.99 3898.43 3898.83 3901.03 3898.79 3890.1 3886.39 3890.56 3893.15 3891.77 3888.39 3883.88 3879.74 3875.63 3872.08 3870.25 3869.32 3869.41 3864.55 3865.07 3870.32 3875.93 3889.97 3898.82 3904.13 3906.78 3910.32 3911.16 3912.18 3914.9 3918.77 3922.78 3925.87 3927.29 3930.06 3933.91 3936.63 3940.01 3945.33
3887.64 3889.68 3906.62 3925.43 3924.16 3914.93 3904.47 3896.12 3891.85 3891.47 3894.21 3899.53 3905.21 3910.18 3913.89 3915.53 3916.59 3916.24 3911.88 3915.12 3903.3 3889.33 3895.42 3899.28 3897.96 3892.95 3884.28 3882.1 3887.33 3891.84 3894.01 3895.37 3893.41 3889.35 3888.17 3891.44 3895.24 3892.53 3888.55 3883.87 3879.6 3875.25 3872.05 3870.26 3870.88 3870.81 3860.83 3862.55 3867.79 3878.85 3891.69 3899.59 3907.1 3913.79 3915.85 3915.93 3915.19 3915.59 3916.52 3918.27 3921.48 3924.14 3926.44 3929.7 3933.79 3938.49 3944.18
3903.6 3901.14 3905.24 3918.73 3925.6 3915.37 3906.1 3900.69 3893.85 3894.38 3896.92 3901.18 3906.06 3912.33 3912.78 3912.8 3913.48 3915.84 3916.73 3910.26 3897.34 3884.94 3887.82 3889.66 3889.97 3888.52 3886.89 3887.12 3888.58 3889.84 3890.97 3889.75 3887.61 3888.62 3889.62 3891.13 3893.21 3890.84 3887.8 3883.77 3879.27 3876.13 3872.43 3870.55 3869.36 3867.84 3865.17 3865.25 3871.26 3877.73 3887.32 3897 3906.68 3915.46 3915.48 3915.28 3915.75 3915.73 3914.32 3914.18 3918.43 3920.91 3921.92 3924.54 3929.4 3933.87 3936.97
3947.18 3922.34 3899.82 3877.65 3886.99 3896.36 3903.01 3905.35 3901.42 3899.24 3899.91 3902.67 3905.39 3906.13 3909.21 3909.21 3908.35 3908.51 3907.2 3900.75 3894.46 3889.82 3887.92 3887.8 3888.16 3888.55 3890.45 3894.01 3891.36 3889.97 3889.71 3889.19 3888.11 3888.62 3888.54 3889.86 3888.59 3888.15 3885.86 3882.17 3878.47 3875.24 3871.31 3869.21 3867.17 3864.54 3862.03 3866.24 3873.23 3878.32 3883.01 3891.99 3901.11 3909.73 3909.99 3912.75 3915.48 3917.17 3915.21 3914 3919.16 3920.18 3917.96 3920.48 3925.82 3929.63 3931.53
3963.08 3935.73 3904.02 3870.85 3877.8 3889.57 3902.51 3908.14 3905.88 3902.12 3901.93 3904.05 3907.29 3909.15 3907.62 3905.69 3901.96 3896.95 3895.33 3894.44 3893.79 3892.98 3891.03 3889.06 3888.57 3888.55 3890.26 3892.39 3890.17 3889.01 3888.86 3890.01 3892.71 3888.04 3886.4 3888.34 3890.97 3886.08 3882.66 3879.11 3876.11 3873.56 3870.82 3867.95 3865.12 3861.91 3861.92 3865.83 3869.16 3873.41 3881.22 3887.88 3891.3 3895.23 3904.24 3909.25 3914.33 3920.65 3924.95 3924.59 3924.83 3924.21 3919.56 3921.09 3924.95 3927.02 3928.49
3962.25 3944.13 3922.46 3904.99 3900.47 3903.99 3910.32 3907.72 3902.17 3900.94 3901.72 3904.76 3908.35 3910.47 3907.65 3903.58 3898.84 3892.23 3891.73 3892.83 3894.78 3896.29 3893.84 3890.33 3888.61 3887.47 3886.77 3885.37 3885.51 3886.2 3886.89 3887.91 3887.8 3883.32 3877.46 3882.43 3886.65 3881.35 3878.03 3875.53 3873.72 3871.68 3870.09 3868.03 3865.13 3862.86 3863.59 3866.99 3871.68 3874.71 3884.82 3888.18 3889.36 3891.99 3900.31 3904.34 3909.3 3919.14 3939.03 3936.79 3926.08 3928.77 3936.15 3929.64 3924.69 3924.26 3925.25
