real_craters/C065-1000m.grd
DSAA
31 31
-15.03 15.03
-15.03 15.03
9714.4025084656 11255.764902228
10902.3 10928.2 10974.3 10970.8 10909.9 10890.9 10852.5 10835.5 10828.5 10826.5 10821.3 10814.2 10811 10838.9 10862.8 10878.4 10880 10882.1 10883.9 10865.1 10838.2 10812.7 10798.3 10785.8 10772.7 10758.4 10744 10733.4 10737.9 10746.5 10745.1 
10881.3 10900.5 10927.3 10923.6 10901.7 10886.5 10855.3 10840.1 10834.9 10833.7 10831 10816.5 10825 10865.2 10872.1 10878.9 10890.5 10873.3 10871.4 10860.3 10843.6 10823 10808.7 10794.8 10774.2 10751.6 10739.7 10727.5 10727.2 10732.5 10772.5 
10872.8 10884.5 10883.7 10871.2 10867.6 10847.2 10840.5 10840.2 10841.9 10851.8 10833 10822.6 10836 10859.4 10868.6 10875.8 10874.2 10888.1 10866.8 10853.2 10833 10826.8 10819 10809.2 10797.6 10786.8 10753.6 10728.7 10736.6 10739 10770.5 
10903.3 10886.2 10874.2 10855.5 10852.7 10840.6 10839.5 10841.6 10844.9 10852.6 10834.2 10832.4 10846.2 10871.2 10883.2 10880.5 10873.6 10873.8 10869.8 10858.4 10841.5 10831.4 10833 10830.4 10830 10827.9 10798.6 10783.2 10801.3 10760.8 10773.7 
10890.9 10884.3 10871.6 10864.8 10853.1 10850.3 10851.7 10851 10850.3 10853.3 10858.2 10838.8 10826.9 10887.3 10905.2 10890.7 10875.1 10879.4 10893.4 10876.1 10855.5 10855 10853.8 10845.9 10835.9 10817.9 10814.4 10817.7 10824.1 10831.8 10776.6 
10892.2 10875 10862.4 10854.9 10844.4 10847.1 10854.5 10866.1 10873.2 10885.1 10879.1 10893.8 10913.7 10922.1 10934.6 10919.5 10885.8 10867.6 10901.3 10900.7 10912 10907.2 10886 10863 10837.8 10809.2 10800.3 10813.2 10836.4 10834 10770.2 
10858.3 10861 10853.1 10836.5 10838.9 10841.5 10850.4 10892 10917.4 10898.4 10885.4 10911.2 10925.2 10929.4 10974.8 10978.3 10951.9 10895.8 10924.9 10927.2 10936.9 10930.1 10904.9 10881 10856.1 10835.7 10816.1 10822.7 10838.6 10848.5 10783.3 
10848.5 10853 10856.2 10859.3 10863.8 10864.4 10877.9 10903.4 10923.3 10907.8 10938.6 10995 11033.3 11115 10960.6 10949.8 11056.7 11123.1 11056.3 10983.2 10903.9 10943 10898.3 10884.3 10866.4 10850.3 10851.1 10842.9 10852.9 10864.4 10809.9 
10840 10849.3 10860.3 10876.8 10886 10888.4 10901.4 10899.8 10930.9 10945.7 11092.1 11103.2 10935.1 10806.2 10743.3 10761 10884.8 11056.3 11072.8 11121.2 11081.7 10917.4 10920.4 10919.2 10884.4 10862.5 10845.9 10845.8 10846.1 10851.8 10826 
10834.3 10847.2 10861 10874.2 10889.1 10890.6 10915 10917 11054.1 11237.4 11083.4 10688.1 10349.9 10310.4 10392 10430.3 10428.5 10529.2 10781 11022.4 11129 11030.5 11038.8 11005 10936.1 10874.4 10849.6 10851.3 10855.2 10856.2 10834.4 
10835.9 10847.6 10858.3 10869 10871.9 10877 10877.7 10912.2 11094.8 11058.5 10573.6 10207.2 10039.3 10070 10132.4 10156.7 10144.5 10157.6 10363 10548.9 10844.2 11156.7 11223.3 11102.5 10988.9 10887.9 10858.9 10860.7 10875.7 10864.2 10845 
10830.2 10841.6 10853.7 10867.4 10889.9 10873 10866.9 10960.2 11014.3 10703.4 10171.8 9917.71 9937.26 9971.37 9985.96 9985.39 9954.72 9985.87 10105.3 10305.8 10657.6 11114 11255.8 11134.7 11010.6 10892.7 10831 10847.7 10862.8 10853.1 10847.7 
10822.4 10829.9 10844 10855.3 10874.4 10891.5 10936.6 11155.3 10903.9 10438.8 10034 9981.06 9832.45 9894.33 9930.47 9914.84 9817.14 9797.14 9920.18 10121.5 10474.6 10850.8 11046.7 11039.1 10962.2 10886.2 10824 10835 10842.3 10843.3 10835.1 
10819.2 10817.4 10824.8 10838.5 10865 10940.3 11056.8 11169.3 10762.1 10276.6 10068.1 9969.13 9838.81 9871.02 9932.47 9973.42 9904.72 9748.65 9766.44 10055.9 10322.4 10654.8 10861.2 10920.1 10890.2 10857 10843.1 10855.6 10851.1 10844.3 10842.2 
10821.3 10815.9 10817 10828.9 10861.9 10992.7 11199.9 11157.8 10686.4 10260.5 10020.9 9898.02 9833.03 9885.17 9965.83 10052.3 10051.1 9815.92 9739.99 9893.28 10220 10519 10745.3 10833.6 10859.2 10842.1 10848.9 10869 10868.4 10863 10866.3 
10827.5 10821.5 10823.4 10833.1 10867.3 11026.1 11254.7 10952.9 10660.9 10222.6 10041.2 9950.35 9860.13 9891 9967.39 10037.7 9985.49 9837.5 9775.05 9944.71 10204.3 10471.3 10656.7 10815 10875.6 10883.2 10866.5 10858 10864.1 10855.7 10850.7 
10828.7 10824.7 10823.2 10838.4 10864.6 10993.8 11181.2 10816.1 10618 10223.6 10073.2 9953.28 9813.05 9857.69 9925.3 9984.75 9927.39 9822.5 9820.51 9981.59 10247.9 10544.5 10765.3 10911.3 10908.6 10945 10874.2 10847.1 10845 10841.9 10837 
10824.2 10833.9 10841 10853.9 10874.8 10956.4 11140.5 10803 10694.2 10459.2 10084.5 9903.83 9814.64 9864.92 9890.5 9882.68 9787.33 9771.51 9796.82 9983.38 10321.5 10688.2 11030.2 11099.6 10969 10907.6 10853.1 10826 10830.4 10832.8 10844.2 
10820.1 10834.7 10846.5 10868.1 10903.9 10957.7 10982.5 10804.7 10659.7 10547.1 10254.9 10064.3 9965.37 9942.2 9892.37 9786.37 9714.4 9747.44 9804.7 10016.2 10374.3 10751.4 11111.9 11146.8 10969.8 10875.6 10830.7 10811.8 10828.3 10829.1 10835.6 
10809.1 10830.7 10855.5 10877.4 10911 10956.9 10951.2 10903.3 10749.5 10621.9 10445.7 10250.6 10168.8 10069.8 9975 9832.6 9749.07 9833.82 9866.37 10127.5 10436.2 10732.1 10946.6 11005.6 10930.5 10863.1 10819.5 10805.4 10821.8 10838.1 10849.1 
10802.2 10824.4 10847 10868.6 10894.2 10912.4 10916.9 10949.9 11052 10756.6 10683.1 10477.8 10301.9 10256.3 10165.4 10062.3 9994.05 10082 10239.8 10323.3 10517.6 10730.1 10894.4 10942.5 10879.6 10838.5 10817.6 10818.9 10821.2 10841.4 10856.4 
10798.3 10813.6 10832.6 10848.1 10862.9 10876.1 10874.3 10880.6 10974.9 11052.9 10871.4 10749.8 10608 10527.4 10434 10290.1 10262.5 10313.7 10423 10447.1 10608.1 10763.6 10875.8 10910.1 10828.2 10793.7 10793.1 10797.7 10799.2 10821 10836 
10775.7 10798.2 10814.5 10828.7 10832.7 10831.2 10834.1 10856.4 10899.7 10999.7 11125.7 11135.9 10978.3 10875.7 10758.4 10692.8 10556.1 10486.1 10489.2 10625.8 10735.2 10790.4 10841.5 10846.1 10793.5 10766.6 10748.5 10788.6 10773.6 10800.5 10814.3 
10765.7 10783 10795.1 10805.8 10811.2 10809.4 10804.8 10808 10846.5 10890.2 10959.9 11031.4 11143.8 11072 10988.9 10922.9 10803.7 10752.2 10779.7 10917.5 10833.4 10807 10801.8 10786.6 10756.2 10752.3 10757.5 10764.7 10762.8 10790.8 10808 
10758.9 10767.4 10775.8 10783.6 10789.1 10790.7 10780.1 10787.5 10806.4 10837.3 10883.1 10930.7 10984.2 10996.5 11014.1 11005.1 10896.5 10867.5 10872.2 10787.2 10793.4 10789.3 10773.5 10750.3 10752.9 10749.1 10745.2 10757.8 10762.9 10782.1 10815.5 
10748.8 10751.9 10756.6 10765.8 10772.4 10784.9 10769.5 10788.9 10819.1 10843.2 10876.7 10873.6 10906 10894.5 10858.3 10820.8 10811.3 10770 10762.2 10761.6 10758.5 10755.2 10749 10734.8 10743.6 10752 10757 10750.4 10756.1 10772.4 10802.5 
10729 10733.4 10737 10742.6 10748.8 10753.5 10794.3 10800.7 10818 10876.4 10859.7 10898.8 10867.6 10829.3 10764.7 10727.6 10729.6 10719 10728.1 10740.4 10744.2 10743.5 10738.3 10742.2 10752.5 10756.9 10763.6 10748 10742.3 10767.5 10784.7 
10715.5 10715.6 10718.4 10724.6 10734.4 10761.4 10790.9 10822.7 10844.3 10734.2 10529.2 10589.2 10718.7 10815 10711.5 10691 10702.3 10701 10717.1 10729.9 10736.3 10733.7 10731 10727.5 10747.1 10759.5 10757.8 10749.2 10742.5 10763.5 10758 
10682.1 10691 10698 10702.5 10713 10729 10765.4 10788.5 10867 10498 10404.8 10412.5 10563.1 10788.4 10729.3 10699 10703.5 10722.4 10716.5 10722.1 10725.9 10725 10725.1 10731.1 10759.7 10754.9 10758.1 10749.7 10754.7 10763.6 10762.9 
10652.4 10669.5 10679.7 10691.2 10696.2 10711 10745.7 10744.5 10807.8 10681.5 10582.3 10512.4 10574.8 10733.9 10720.3 10698.5 10703.7 10713.5 10711.7 10713 10714.9 10716 10717.1 10721.4 10732.7 10713.9 10697.6 10726.7 10747.1 10759.9 10767.6 
10657.2 10668.8 10670.9 10681.7 10692.9 10707.9 10719.3 10709.2 10745.2 10875.9 10853.3 10735.8 10761.7 10723.6 10706.4 10691.9 10691.4 10696.8 10698.2 10703.1 10713.9 10706.4 10707.2 10712.7 10719.3 10693 10694.8 10698.9 10702.7 10731.9 10750.6 
