real_craters/C066-300m.grd
DSAA
176 176
-26.32 26.32
-26.32 26.32
3495.5457647494 4980.5343041508
[rows 60 to 89 of 176, columns 0 to 66 of 176]
4559.46 4559.68 4559.99 4559.67 4559.78 4560.04 4560.25 4560.85 4560.62 4560.16 4559.73 4560.36 4560.35 4559.97 4559.33 4558.72 4558.23 4557.93 4558.44 4558.48 4558.16 4559.48 4561.76 4565.01 4567.37 4569.17 4568.91 4566.53 4562.06 4558.4 4569.86 4586.97 4599.01 4610.18 4614.39 4614.93 4613.05 4609.31 4605.63 4604.23 4601.26 4597.56 4593.79 4590.63 4588.65 4587.95 4589.27 4591.35 4592.17 4591.24 4591.23 4592.31 4593.13 4594.37 4595.39 4595.72 4595.76 4594.75 4592.59 4589.28 4590.84 4599.57 4605.91 4610.82 4614.86 4616.37 4610.86
4559.38 4559.42 4559.5 4559.28 4559.69 4560.06 4560.45 4560.92 4560.79 4560.56 4560.6 4561.4 4562.01 4560.86 4559.97 4559.19 4558.62 4558.07 4558.22 4558.91 4559.03 4560.66 4565.47 4570.17 4574.47 4576.9 4578.06 4577 4574.21 4573.78 4584.48 4600.87 4619.33 4622.47 4621.69 4620.47 4618.11 4614.04 4609.05 4608.27 4605.07 4601.42 4597.54 4594.11 4591.86 4590.95 4592.39 4596.04 4597.44 4593.06 4587.98 4590.23 4594.2 4596.13 4596.99 4597.46 4597.27 4596.8 4596.68 4597.5 4601.72 4603.34 4606.68 4609.85 4612.37 4613.03 4611.88
4559 4559.02 4559.24 4559.78 4559.97 4560.18 4560.75 4561.02 4560.84 4560.82 4561.13 4561.39 4561.47 4560.94 4560.27 4559.54 4559.09 4558.82 4558.85 4559.7 4559.72 4563.28 4570.96 4576.97 4582.31 4586.37 4590.08 4591.65 4591.56 4592.15 4601.95 4614.17 4623.91 4628.06 4627.13 4625.26 4623.82 4623.42 4619.86 4614.12 4609.01 4604.34 4599.97 4596.27 4593.26 4591.64 4591.74 4594.99 4598.27 4594.62 4590.87 4594.35 4597.24 4598.57 4599.02 4599.56 4599.66 4600.2 4601.04 4603.27 4605.98 4607.06 4609.05 4610.88 4612.74 4613.74 4616.02
4558.47 4558.61 4558.77 4559.18 4559.19 4559.71 4560.26 4560.54 4560.59 4560.67 4560.89 4560.99 4561 4560.82 4560.36 4559.95 4559.23 4559.48 4560.22 4560.49 4562.62 4569.75 4577.93 4584.78 4590.87 4597.06 4602.8 4608.9 4614.18 4616.67 4619.92 4624.98 4631.99 4632.65 4628.78 4626.81 4626.2 4626.88 4623.72 4617.26 4611.27 4606.16 4601.13 4596.53 4592.6 4589.51 4587.11 4584.64 4583.35 4594.32 4607.84 4602.9 4601.69 4601.28 4601.46 4601.73 4602.46 4603.69 4604.9 4606.15 4607.37 4609.23 4610.83 4612.26 4613.99 4615.95 4618.84
4557.76 4558.27 4558.73 4560.01 4558.95 4559.39 4559.82 4560.11 4560.23 4560.35 4560.61 4560.86 4560.95 4560.72 4560.03 4559.53 4559.2 4559.08 4558.27 4561.6 4572.92 4579.86 4586.36 4591.6 4598.11 4606.1 4614.79 4624.96 4636.16 4640 4633.92 4630.33 4628.7 4626.67 4625.08 4624.82 4625.3 4624.14 4621.95 4617.69 4611.76 4605.89 4600.31 4595.3 4590.95 4586.64 4582.17 4578.1 4578.42 4588.79 4601.99 4603.28 4603.02 4603.13 4603.78 4604.8 4606.35 4607.79 4609.15 4610.24 4613.45 4613.28 4615 4616.52 4618.19 4621.03 4629.63
4556.77 4557.27 4558.18 4560.98 4561.01 4558.48 4559.13 4559.79 4560.05 4560.19 4560.37 4560.76 4560.95 4560.4 4560.07 4559.61 4559.41 4559.17 4558.86 4562.45 4575.82 4593.49 4591.39 4595.92 4603.23 4612.46 4622.97 4634.84 4647.66 4649.1 4638.43 4628.91 4621.75 4617.77 4616.97 4619.36 4623.49 4626.34 4623.48 4617.22 4610.74 4604.38 4598.62 4593.01 4587.93 4583.34 4579 4575.05 4570.46 4583.8 4593.32 4600.2 4602.69 4604.28 4605.72 4607.79 4608.42 4610.39 4612.62 4613.72 4611.23 4616.16 4620.39 4621.45 4622.68 4625.52 4632.89
4556 4556.03 4559.35 4562.18 4561.81 4559.93 4559.27 4560.02 4560.54 4560.49 4560.21 4560.58 4560.93 4560.97 4560.17 4559.83 4559.36 4559.14 4558.51 4559.94 4563.83 4577.14 4586.16 4595.55 4605.47 4616.14 4627.31 4637.34 4643.81 4643.52 4634.34 4622.27 4610.39 4602.25 4605.53 4610.78 4617.9 4627.65 4622.17 4614.24 4607.79 4601.46 4595.61 4590.47 4585.88 4581.52 4577.88 4576.52 4581.37 4586.07 4593.94 4597.97 4600.86 4603.32 4605.54 4607.95 4610.66 4613.52 4616.88 4620.91 4628.35 4631.45 4629.02 4628.75 4629.53 4630.83 4636.37
4556.13 4557.57 4560.82 4563.38 4565.36 4563.81 4560.66 4561.84 4562.26 4561.71 4560.43 4560.12 4561.12 4561.47 4560.9 4560.08 4559.52 4559.34 4557.86 4557.07 4556.65 4563.81 4577.45 4593.31 4606.71 4618.7 4629.26 4637.89 4641.49 4637.57 4627.65 4614 4600.34 4591.3 4593.86 4599.84 4605.9 4609.48 4610.07 4607.19 4602.37 4597.46 4592.76 4588.15 4583.66 4579.63 4576.75 4575.69 4575.12 4582.34 4591.98 4596.85 4600.33 4603.38 4606.24 4609.21 4611.34 4614.87 4618.92 4625.36 4633.6 4636.85 4636.03 4636.99 4639.46 4641.3 4645.99
4556.3 4558.57 4560.49 4562.95 4566.87 4567.81 4566.81 4565.95 4565.45 4564.59 4562.7 4560.57 4562.97 4562.66 4561.53 4560.05 4559.32 4559.09 4558.51 4557.25 4556.53 4556.42 4574.42 4593.85 4608.28 4620.15 4629.85 4638.07 4643.3 4635.11 4621.67 4607.04 4592.44 4581.41 4583.96 4589.8 4595.37 4598.32 4600.23 4599.5 4596.82 4593.26 4590.2 4586.46 4582.94 4579.97 4577.25 4576.1 4575.91 4583.03 4591.85 4594.96 4598.5 4601.45 4604.38 4607.57 4609.67 4613.68 4618.84 4624.45 4629.57 4634.16 4639.96 4645.47 4651.35 4657.6 4671.96
4555.51 4558.13 4561.83 4564.96 4568.57 4571.29 4571.82 4570.13 4569.35 4568.89 4568.39 4569.72 4567.57 4564.4 4561.87 4559.93 4558.34 4557.48 4557.51 4560.05 4566.48 4572.74 4586.72 4600.87 4611.61 4620.94 4628.49 4634.12 4636.66 4628.23 4615.61 4601.08 4586.72 4576.16 4576.66 4582.03 4588.24 4594.1 4594.09 4593.01 4591.37 4588.98 4586.49 4584.09 4581.25 4578.99 4577.12 4577.02 4578.75 4586.56 4592.23 4593.46 4596.51 4599.43 4602.57 4606.54 4608.78 4613.28 4617.99 4623.38 4628.8 4636.16 4646.35 4657.03 4668 4678.72 4691.56
4554.06 4557.12 4561.44 4564.43 4567.08 4569.87 4572.03 4572.23 4572.55 4573 4573.33 4574.07 4569.29 4565.03 4561.88 4559.58 4557.74 4557.07 4556.91 4564.55 4582.11 4602.46 4608.33 4611.29 4616.44 4621.67 4626.26 4627.36 4623.52 4619.65 4609.34 4596.34 4583.03 4571.01 4571.96 4576.67 4581.53 4585.67 4587.24 4587.37 4586.73 4585.39 4583.73 4581.37 4578.62 4576.77 4575.83 4576.5 4579.19 4583.5 4588.37 4590.62 4594.73 4598.05 4601.39 4604.84 4608.57 4609.62 4614.85 4621.67 4629.82 4639.81 4656.19 4669.54 4686.1 4703.23 4721.72
4553.48 4557.21 4561.11 4563.31 4565.31 4567.5 4570.56 4572.67 4574.3 4575.75 4576.58 4571.71 4567.7 4564.64 4561.64 4559.23 4556.9 4555.75 4557.9 4572.74 4594.27 4613.9 4617.77 4617.73 4619.79 4622.1 4624.23 4627.65 4625.8 4615.05 4604.5 4593.27 4582.34 4573.96 4572.18 4573.77 4576.55 4579.4 4581.14 4582.04 4582.17 4581.65 4580.15 4579.29 4577.84 4576.87 4575.73 4575.02 4575.1 4578.4 4584.14 4587.46 4590.47 4592.8 4596.95 4599.74 4603.17 4607.53 4613.37 4621.16 4632.79 4650.64 4666.62 4687.11 4712.51 4738.92 4766.17
4555.29 4559.72 4563.61 4564.36 4566.05 4567.27 4569.66 4572.32 4574.4 4576.28 4577.28 4573.7 4567.75 4563.6 4560.8 4558.74 4557.21 4555.62 4563.06 4587.83 4601.75 4609.63 4615.32 4618.78 4621.22 4621.85 4620.85 4618.72 4616.48 4608.78 4599.89 4590.91 4582.34 4577.35 4573.55 4571.52 4572.69 4575.75 4576.58 4577.96 4579.06 4579.19 4578.92 4578.39 4577.58 4576.64 4575.84 4574.4 4571.59 4571.47 4581.84 4586.74 4590.84 4593.09 4594.73 4597.31 4600.27 4607.82 4613.04 4619.9 4631.63 4651.38 4670.22 4697.96 4733.1 4772.86 4814
4555.73 4559.53 4562.42 4562.71 4563.87 4568.8 4570.05 4571.03 4572.96 4574.93 4575.61 4570.37 4564.76 4561.8 4559.43 4558.06 4558.39 4559.96 4572.52 4603.59 4607.15 4606.76 4610.87 4620.08 4623.82 4623.5 4618.78 4607.16 4603.09 4602.32 4596.32 4588.66 4581.05 4575.17 4570.83 4568.49 4568.05 4569.27 4572.64 4575.21 4576.41 4577.02 4576.98 4576.69 4576.48 4576.37 4576.38 4576.28 4574.91 4575.22 4586.16 4588.01 4592.26 4594.9 4598.22 4601.19 4604.4 4612.04 4616.06 4620.26 4626.42 4636.63 4660.25 4699.41 4744.27 4795.27 4852.38
4546.14 4553.12 4557.5 4558.73 4560.14 4564.6 4566.62 4568.03 4569.96 4571.71 4572.17 4568.31 4563.59 4560.02 4557.38 4556.09 4556.95 4558.75 4571.53 4593.44 4606.34 4612.87 4619.77 4626 4630.04 4629.04 4624.32 4618.21 4609.63 4602.91 4595.51 4587.66 4579.55 4570.94 4565.68 4566.74 4566.93 4568.04 4571.51 4574.16 4575.72 4576.42 4576.67 4576.73 4576.53 4577.03 4578.13 4580.14 4585.07 4593.4 4593.73 4591.38 4594.17 4597.21 4602.04 4605.87 4609.63 4616.42 4617.64 4621.45 4623.32 4626.28 4650.04 4694.76 4742.21 4792.67 4847.27
4541 4546.72 4548 4545.76 4554.99 4554.03 4560.51 4562.97 4565.43 4567.26 4567.34 4565.35 4562.16 4557.58 4553.83 4552 4552.06 4550.19 4563.4 4586.38 4605.1 4617.08 4624.43 4636.74 4640 4636.61 4631.29 4628.18 4616.92 4605.75 4597.08 4588.85 4580.97 4573.06 4568.4 4570.12 4570.65 4571.52 4573.6 4574.79 4575.17 4575.28 4575.13 4575.12 4575.43 4576.58 4578.25 4581.44 4585.82 4591.47 4591.78 4588.81 4595.12 4599.34 4604.4 4609.8 4614.11 4622.09 4624.67 4627.16 4628.9 4633.79 4653.22 4689.2 4728.23 4765.28 4794.71
4541.23 4544.08 4545.51 4547.6 4553.46 4558.35 4553.91 4557.4 4560.3 4562.29 4562.88 4561.04 4558.68 4553.21 4548.86 4545.87 4544.14 4541.34 4556.43 4583.62 4604.89 4623.76 4644.33 4654.63 4653.53 4645.06 4633.05 4620.28 4614.58 4607 4599.26 4591.38 4584.38 4579.44 4578.8 4577.23 4579.51 4579.58 4577.98 4576.87 4575.81 4574.91 4573.96 4573.6 4573.73 4574.64 4576.37 4579.7 4584.58 4581.06 4580.83 4585.63 4596 4601.91 4609.99 4616.49 4622.04 4630.72 4632.29 4638.87 4641.76 4644.84 4655.95 4684.73 4709.09 4725.99 4723.79
4537.29 4539.7 4542.87 4545.37 4547.46 4555.81 4551.44 4553.31 4555.21 4556.52 4556.47 4554.08 4550.67 4546.73 4543.29 4540.02 4537.33 4539.6 4549.98 4567.05 4590.73 4624.78 4662.56 4673.91 4667.27 4654.21 4636.72 4618.38 4614.53 4608.93 4601.1 4593.43 4586.8 4582.36 4580.39 4581.19 4585.45 4585.19 4580.93 4578.1 4576.15 4574.68 4572.85 4571.98 4571.62 4572.04 4573.57 4576.11 4577.17 4580.62 4585.47 4588.48 4598.57 4606.44 4613.4 4622.07 4629.33 4638.29 4649.35 4653.15 4658.38 4663.63 4669.21 4685.91 4693.05 4687.76 4662.27
4533.89 4535.75 4537.52 4538.96 4542.19 4547.28 4550.01 4549.62 4550.08 4550.36 4549.78 4547.53 4543.46 4541.29 4538.94 4536.32 4534.88 4536.6 4542.7 4555.41 4578.43 4610.87 4649.49 4679.77 4674.61 4663.49 4648.48 4632.19 4622.16 4612.93 4603.47 4595.37 4588.18 4582.72 4579 4580.91 4583.5 4583.35 4580.66 4577.71 4575.27 4573.21 4571.61 4570.14 4569 4568.47 4569.07 4571.97 4578.43 4583.5 4590.46 4591.15 4602.46 4613.98 4626.02 4638.7 4646.35 4657.72 4673.84 4681.45 4683.1 4688.74 4694.71 4688.94 4677.3 4651.99 4608.13
4533.08 4533.29 4535.06 4536.17 4538.46 4541.75 4543.19 4544.17 4545.24 4545.95 4545.26 4543.52 4541.14 4538.87 4536.84 4534.32 4532 4531.64 4535.18 4540.71 4553.04 4589.34 4624.23 4663.57 4672.71 4668.63 4661.94 4649.73 4630.72 4616.55 4605.11 4595.9 4587.96 4582.07 4580.59 4578.72 4580.9 4580.68 4578.85 4576.87 4574.75 4572.6 4570.46 4568.61 4566.53 4564.6 4563.15 4563.19 4567.73 4572.18 4577.15 4587.52 4603.83 4618.79 4635.02 4651.55 4664.11 4678.51 4695.9 4705.37 4706.83 4709.95 4700 4689.44 4665.52 4625.41 4567.54
4534.02 4537.3 4535.32 4534.61 4536.64 4537.98 4537.12 4539.15 4540.93 4541.97 4542.12 4541.2 4539.83 4538.61 4537.09 4534.93 4533.31 4532.97 4531.98 4533.87 4549.23 4574.06 4610.82 4653.31 4669.02 4666.02 4658.92 4647.09 4630.51 4616.69 4605.46 4595.32 4586.94 4579.39 4572.5 4570.27 4572.7 4575.6 4576.36 4575.69 4574.07 4572.01 4569.69 4566.91 4564.03 4560.94 4557.38 4553.08 4550.89 4560.86 4570.28 4583.35 4603.08 4622.18 4641.97 4661.54 4679.68 4696.94 4714.95 4726.01 4732.54 4729.72 4712.62 4695.5 4660.44 4607.11 4539.69
4533.41 4533.78 4533.7 4533.49 4534.92 4535.61 4536.25 4536.83 4537.47 4537.98 4539.08 4539.75 4539.95 4539.41 4538.59 4539.51 4541.06 4539.52 4533.55 4528.69 4526.79 4561.92 4604.11 4654.67 4665.94 4657.56 4642.35 4632.05 4623.11 4613.49 4604.2 4595.39 4587.24 4578.82 4569.21 4567.25 4571.02 4574.18 4575.63 4575.06 4573.64 4571.69 4569.36 4566.44 4563.04 4559.48 4555.37 4550.72 4548.73 4556.44 4565.22 4579.9 4601.84 4624.93 4647.67 4670.61 4692.1 4711.88 4730.88 4743.92 4751.9 4752.22 4740.88 4712.87 4662.75 4597.78 4521.69
4530.89 4530.18 4530.6 4530.91 4532.3 4532.97 4533.1 4533.65 4535.11 4536.49 4537.77 4538.93 4539.42 4539.13 4539.02 4539.97 4547.57 4545.79 4539.07 4534.36 4532.11 4563.38 4600.76 4645.4 4660.29 4647.67 4629.05 4620.22 4614.55 4608.03 4601.32 4595.41 4588.68 4582.71 4579.86 4579.89 4579.61 4578.07 4576.55 4575.04 4573.42 4571.51 4569.1 4566.56 4563.65 4560.38 4557.02 4555.44 4555.61 4558.53 4563.96 4579.5 4600.15 4628.02 4652.8 4677.36 4704.3 4725.2 4743.87 4759.75 4768.38 4770.12 4762.67 4726.72 4664.88 4592.31 4509.15
4530.34 4530.01 4529.13 4528.25 4530.42 4530.39 4530.08 4530.95 4533.22 4535.45 4536.91 4538.67 4540.61 4541.89 4539.51 4535.28 4537.01 4543.95 4547 4552.02 4565.11 4583.26 4604.95 4635.27 4651.56 4637.95 4621.62 4614.07 4609.87 4605.31 4599.89 4594.63 4590.1 4586.05 4583.59 4581.6 4581.62 4579.86 4577.76 4576.04 4574.44 4572.41 4570.49 4568.46 4565.91 4563.32 4560.28 4558.2 4560.15 4563.91 4570.14 4583.75 4603.3 4630.9 4656.86 4682.79 4711.51 4735.69 4756.69 4772.75 4781.53 4780.73 4759.42 4718.02 4665.19 4590.03 4501.2
4530.19 4529.88 4529 4528.33 4528.07 4528.61 4529.25 4530.38 4531.72 4533.03 4535.41 4537.67 4540.37 4542.86 4540.09 4538.6 4535.57 4543.75 4555.4 4569.45 4586.16 4602.02 4616.1 4636.59 4637.41 4626.13 4616.38 4609.8 4607.17 4604.42 4600.17 4596.1 4591.77 4588.52 4587.04 4587.42 4584.82 4580.77 4578.17 4576.57 4575.19 4574.02 4572.58 4571.08 4569.62 4568.3 4566.69 4562.37 4564.36 4571.07 4578.03 4589.84 4607.73 4634.74 4661.39 4688.82 4718.78 4744.67 4766.83 4785.19 4795.15 4793.67 4771.44 4730.96 4673.74 4592.84 4497.06
4529.66 4529.47 4529.22 4529.15 4528.3 4527.76 4528.92 4530.84 4531.44 4532.6 4533.8 4535.5 4537.15 4537.88 4537.62 4537.56 4540 4547.64 4563.26 4582.86 4604.85 4619.5 4621.83 4617.8 4616.24 4612.54 4604.95 4606.22 4605.54 4603.98 4601.51 4598.06 4594.16 4590.47 4587.18 4584.96 4580.42 4578.8 4578 4577.13 4576.24 4575.31 4574.55 4573.86 4573.38 4574.14 4575.94 4581.04 4579.18 4579.12 4584.59 4594.22 4610.75 4638.36 4666.04 4695.01 4723.28 4754.56 4778.12 4796.85 4809.13 4813.34 4798.24 4757.22 4694.9 4601.82 4495.54
4529.18 4529.05 4529.02 4529.12 4528.14 4527.04 4527.36 4527.96 4529.13 4530.72 4531.82 4532.97 4533.94 4534.57 4534.98 4534.35 4534.25 4548.72 4567.72 4590.2 4613.31 4627.12 4626.61 4621.06 4612.42 4611.65 4608.25 4606.99 4607.14 4606.08 4603.77 4600.5 4596.39 4591.76 4585.9 4577.53 4574.87 4577.16 4578.69 4579.28 4579.16 4578.91 4578.87 4578.3 4577.95 4578.34 4581.21 4586.16 4584.89 4584.05 4585.39 4591.11 4611.17 4640.61 4670.56 4700.77 4730.32 4762.2 4786.49 4807.68 4822.57 4832.35 4830.47 4818.3 4719.95 4609.8 4493.43
4528.73 4528.64 4528.75 4529.54 4527.67 4525.91 4525.87 4525.34 4526.29 4528.07 4529.97 4530.93 4531.38 4531.52 4532.43 4533.17 4532.72 4548.79 4568.61 4591.27 4616.01 4634.01 4629.02 4622.95 4628.15 4616.35 4609.77 4612.23 4612.66 4611.29 4608.26 4604.28 4599.98 4594.83 4588.84 4581.38 4577.89 4580.07 4581.97 4582.78 4583.56 4583.23 4582.04 4581.5 4581.24 4581.02 4581.59 4583.89 4585.35 4586.57 4588.07 4591.95 4613.39 4643.96 4674.08 4705.14 4735.94 4769.04 4794.29 4816.01 4831.65 4840.49 4838.58 4806.69 4724.14 4611.31 4489.49
4528.1 4528.18 4528.46 4531.51 4529.06 4526.16 4526.04 4526.8 4528.71 4528.69 4529.01 4529.62 4529.99 4530.29 4533.52 4536.82 4540.11 4550.95 4565.9 4584.09 4606.24 4629.41 4618.48 4620.43 4636.83 4631.78 4623.58 4622.54 4621.11 4617.63 4614.59 4610.69 4606.27 4601.28 4595.73 4590.98 4586.79 4587.07 4588.18 4588.52 4587.41 4586.7 4585.87 4584.49 4584.1 4584.34 4583.41 4581.13 4586.53 4590.16 4594.19 4600.63 4618.75 4647.93 4678.84 4710.77 4742.93 4774.03 4799.74 4821.6 4836.22 4840.91 4831.91 4802.31 4716.31 4606.49 4484.85
4527.67 4527.73 4528.35 4528.59 4528.61 4527.57 4526.68 4526.45 4527 4527.74 4528.09 4528.79 4529.86 4531.99 4538.4 4547.52 4548.7 4551.15 4559.01 4568.52 4578.02 4584.14 4587.16 4596.87 4636.11 4649.36 4640.56 4633.71 4627.95 4623.41 4618.95 4615.7 4611.84 4608 4603.98 4599.71 4596.62 4596.42 4594.35 4593.03 4590.98 4589.62 4588.41 4588.15 4587.57 4587.74 4589.75 4592.61 4592.01 4594.12 4599.26 4608.29 4623.37 4648.66 4678.8 4712.07 4745.36 4777.55 4804.95 4824.89 4838.07 4838.81 4820.58 4768.15 4696.86 4603.38 4485.54
