real_craters/C066-500m.grd
DSAA
106 106
-26.32 26.32
-26.32 26.32
3494.8554677461 4961.5603374906
[rows 0 to 29 of 106, columns 0 to 66 of 106]
4559.72 4558.79 4558.81 4559.34 4559.96 4559.68 4555.43 4555.65 4555.15 4555.95 4556.58 4556.83 4556.11 4555.48 4554.26 4553.13 4551.54 4551.09 4550.79 4550.73 4550.58 4550.08 4549.33 4549.01 4551.97 4566.97 4589.3 4587.06 4571.28 4562.12 4555.65 4550.77 4549.87 4550.32 4551.14 4552.37 4552.48 4553.73 4554.09 4554.82 4555.04 4555 4554.76 4554.53 4554.12 4553.84 4553.89 4554.03 4552.76 4552.16 4551.62 4551.02 4550.46 4550.71 4551.08 4551.27 4551.33 4551 4551.19 4551.84 4551.81 4551.57 4551.3 4551.21 4551.24 4551.07 4550.47
4559.85 4558.63 4558.44 4559.35 4560.68 4562.55 4555.14 4555.67 4556.79 4556.33 4556.85 4557.8 4557.79 4555.52 4553.98 4552.81 4551.31 4550.97 4550.72 4550.57 4550.44 4550.07 4549.56 4548.98 4551 4558.69 4566.59 4572.22 4566.68 4560.26 4554.33 4549.54 4548.62 4549.72 4550.65 4552.32 4552.19 4552.97 4553.83 4554.68 4554.37 4554.52 4554.21 4553.74 4553.52 4553.05 4552.67 4552.07 4551.7 4551.16 4550.98 4550.99 4551.28 4551.31 4551.22 4551.24 4551.22 4550.93 4550.6 4551.63 4551.39 4551.01 4550.65 4550.59 4550.74 4550.67 4550.31
4560.9 4558.88 4558.42 4558.99 4559.51 4558.98 4558.14 4556.45 4556.96 4556.49 4556.62 4556.65 4556.13 4554.79 4553.21 4551.85 4550.68 4550.93 4551.04 4551 4550.96 4550.99 4550.9 4549.53 4549.9 4549.7 4546.7 4553.94 4558.16 4556.29 4552.5 4548.77 4547.87 4548.89 4550.46 4551.59 4551.77 4552.04 4554.09 4554.59 4553.16 4553.24 4552.56 4552.8 4552.59 4552.3 4551.67 4551.15 4550.84 4549.5 4549.62 4550.27 4551.19 4551.39 4551.32 4551.25 4551.15 4550.63 4549.88 4551.08 4550.85 4550.48 4550.03 4550.11 4550.37 4550.4 4549.97
4561.95 4560.09 4558.94 4558.6 4558.37 4557.48 4556.1 4556.45 4556.34 4556.67 4556.31 4555.44 4554.71 4553.75 4552.53 4551.79 4551.96 4551.41 4551.23 4551.14 4551.14 4551.61 4551.56 4549.73 4548.9 4550.29 4549 4553.44 4554.89 4553.75 4551.06 4548.24 4547.46 4548.6 4550.15 4551.29 4551.71 4551.75 4553.54 4554.1 4553.19 4552.43 4551.78 4551.41 4551.4 4551.43 4551.12 4550.69 4550.39 4549.46 4549.62 4550.24 4551.02 4551.33 4551.19 4551.07 4550.75 4550.98 4549.88 4550.19 4550.06 4549.93 4549.92 4549.92 4550.06 4549.97 4549.43
4562.12 4559.97 4558.44 4558.08 4557.73 4557.47 4557.05 4557.05 4556.38 4557.13 4556.23 4555.1 4554.19 4553.27 4552.09 4551.09 4552.26 4551.91 4551.39 4551.12 4551.01 4550.86 4550.33 4549.48 4549.57 4554.59 4563.25 4557.37 4554.7 4552.61 4550.24 4547.95 4547.27 4548.47 4550.04 4551.23 4551.8 4552.15 4552.98 4553.01 4552.17 4551.78 4551.79 4551.36 4551.01 4550.74 4550.8 4550.73 4550.33 4549.15 4549.29 4549.93 4550.9 4551.35 4550.88 4550.32 4549.9 4550.13 4550.32 4549.08 4549.16 4549.32 4549.42 4549.51 4549.64 4549.43 4548.76
4561.33 4559.76 4558.32 4557.96 4557.73 4557.59 4557.24 4556.15 4557.3 4557.05 4556.14 4554.92 4554.29 4553.42 4552.6 4551.51 4552.22 4551.72 4551.27 4550.96 4550.75 4550.21 4549.61 4549.24 4549.48 4552.23 4554.68 4555.9 4553.83 4551.58 4549.34 4547.6 4546.97 4548.23 4549.83 4551.57 4551.99 4551.88 4551.52 4551.12 4551.1 4551.97 4552.16 4551.66 4551.51 4551.09 4550.8 4550.77 4550.18 4548.98 4548.95 4549.6 4550.16 4550.18 4550.02 4549.13 4548.83 4549.15 4549.61 4548.44 4548.29 4548.62 4548.97 4548.73 4548.63 4548.4 4547.83
4560.78 4559.79 4558.59 4558.33 4558.05 4557.97 4557.95 4555.2 4556.79 4555.95 4555.85 4556.18 4554.72 4553.61 4552.94 4552.45 4551.15 4551.06 4551.08 4550.9 4550.73 4550.56 4549.81 4549.07 4549.24 4551.43 4554.02 4553.63 4552.3 4550.45 4548.67 4547.57 4547.22 4548.3 4549.79 4550.8 4551.57 4551.07 4550.85 4550.16 4550.67 4551.64 4552.34 4552.64 4552.54 4551.81 4550.92 4550.35 4549.54 4548.6 4548.81 4549.32 4549.77 4549.71 4548.71 4547.93 4547.99 4548.18 4548.86 4547.24 4547.1 4547.44 4547.72 4547.48 4547.31 4547.12 4546.76
4560.75 4560.02 4559.62 4558.74 4558.24 4557.81 4556.76 4555.62 4555.69 4554.22 4554.92 4554.71 4554.42 4553.47 4552.63 4552.08 4551.29 4551.02 4550.82 4550.7 4550.57 4550.34 4549.62 4548.71 4548.32 4549.78 4552.27 4552.24 4551.09 4549.67 4548.68 4548 4548.31 4549.11 4549.53 4550.38 4550.91 4550.12 4550.01 4550.2 4550.49 4551.31 4553.12 4554.02 4552.74 4552.52 4551.26 4549.41 4547.86 4548.69 4549.91 4550.44 4549.95 4549.14 4547.46 4546.49 4546.79 4547.33 4547.82 4546.13 4545.56 4545.87 4546.35 4546.15 4546.95 4546.59 4546.16
4560.67 4560 4559.07 4558.61 4558.02 4557.12 4556.06 4555.93 4555.56 4553.99 4554.42 4554.6 4554.01 4552.97 4552.41 4552.77 4552.07 4551.18 4550.66 4550.41 4550.21 4550.16 4549.19 4548.31 4547.7 4548.99 4551.2 4550.86 4549.98 4548.96 4548.25 4547.83 4548.18 4551.91 4555.08 4551.77 4550.48 4550.19 4549.53 4548.71 4548.59 4550.65 4550.19 4552.09 4553.77 4554.72 4553.53 4550.12 4548.34 4551.2 4554.51 4554.17 4551.18 4547.61 4544.97 4544.58 4545.27 4545.82 4546.35 4545.01 4543.69 4543.92 4544.33 4544.69 4545.78 4546.22 4546.22
4560.81 4560.18 4559.47 4559 4558.55 4557.76 4556.24 4554.99 4555.47 4553.94 4554.74 4554.77 4553.69 4552.38 4550.97 4550.59 4551.01 4550.57 4550.37 4550 4549.75 4548.5 4548.98 4548.43 4547.67 4547.45 4548.97 4549.21 4548.69 4548.16 4547.85 4548.35 4550.74 4557.03 4560.06 4554.86 4550.22 4549.58 4549 4550.19 4548.64 4549.04 4552.46 4556.77 4560.18 4562.19 4561.32 4555.25 4547.69 4560.47 4564.84 4561.66 4554.09 4546.13 4542.47 4542.57 4542.74 4542.12 4543.36 4542.71 4541.39 4542.93 4544.47 4544.26 4544.85 4547.9 4549.2
4560.85 4560.38 4560.02 4559.38 4558.56 4558.62 4557.95 4555.55 4555.36 4554.6 4555.26 4555 4553.79 4552.32 4551.42 4552.68 4551.8 4550.91 4550.27 4549.91 4549.65 4550.79 4549.13 4548.88 4548.82 4549.37 4548.02 4547.94 4547.83 4547.82 4548.07 4548.54 4549.83 4559.14 4568.45 4562.84 4551.19 4560.58 4554.55 4551.72 4547.51 4550.23 4555.06 4559.6 4565.21 4571.18 4575.2 4579.21 4580.18 4589.22 4583.82 4574.62 4561.8 4545.12 4544.35 4549.47 4546.64 4540.73 4538.79 4539.45 4542.67 4541.5 4548.74 4551.2 4546.91 4554.6 4554.46
4561.17 4560.53 4559.83 4559.07 4558.41 4559.7 4558.98 4556.1 4555.61 4555.93 4555.59 4555.16 4554.06 4552.7 4551.94 4553.78 4551.88 4550.92 4550.46 4550.05 4549.09 4546.69 4549.25 4549.55 4549.61 4548.54 4547.03 4547.18 4547.66 4548.12 4549.17 4550.7 4555.19 4569.49 4581.14 4582.51 4585.24 4609.45 4605.4 4560.99 4547.45 4550.17 4554.04 4560.89 4568.32 4576.7 4588.83 4608.52 4641.54 4623.82 4604.05 4592.41 4582.33 4565.72 4569.37 4574.1 4564.48 4545.56 4546.41 4554.58 4567.09 4557.99 4572.8 4581.66 4579.15 4573.35 4567.77
4561.36 4560.49 4559.57 4558.52 4558.19 4558.12 4558.2 4556.75 4554.92 4554.57 4555.65 4555.34 4554.48 4553.45 4552.8 4552.67 4551.96 4550.36 4550.85 4550.71 4551.03 4551.25 4550.25 4550.21 4550.23 4548.95 4547.15 4547.07 4547.41 4548.21 4549.92 4552.94 4561.07 4582.75 4596.15 4599.62 4616.16 4612.62 4573.58 4556.22 4551.38 4555.12 4556.06 4559.92 4570.56 4579.52 4591.59 4609.19 4626.57 4619.84 4609.05 4605.45 4610.28 4628.85 4631.19 4609.79 4599.38 4594.27 4612.7 4620.47 4623.25 4638.1 4614.06 4613.09 4610.06 4591.35 4584.02
4561.24 4560.51 4559.73 4558.6 4557.53 4557.29 4557.91 4556.63 4554.17 4553.94 4555.63 4555.63 4554.86 4554.14 4553.77 4553.05 4552.56 4552.08 4551.44 4551.03 4550.77 4550.59 4550.46 4550.51 4550.61 4549.74 4547.83 4547.41 4547.68 4548.47 4550.3 4551.99 4560.07 4574.65 4586.87 4596.6 4599.41 4586.48 4565.63 4556.78 4562.24 4561.37 4560.66 4564.47 4568.87 4576.62 4584.66 4591.84 4594.75 4594.47 4598.46 4605.6 4620.38 4643.58 4646.46 4623.79 4618.39 4633.99 4628.76 4627.99 4626.95 4629.34 4615.2 4600.21 4595.67 4593.44 4593.71
4560.87 4560.45 4560.21 4560.09 4555.67 4557.16 4557.38 4557.52 4554.72 4555.6 4555.79 4555.69 4555 4554.08 4553.12 4552.79 4552.69 4552.64 4551.78 4551.04 4550.56 4550.32 4550.2 4550.19 4550.28 4550.22 4548.8 4547.98 4547.71 4546.76 4547.98 4550.63 4554.37 4557.05 4576.35 4588.64 4593.38 4588.59 4574.27 4557.25 4560.25 4566.68 4568.44 4569.84 4569.02 4569.63 4571.49 4573.2 4567.6 4569.38 4582.01 4594.07 4606.37 4616.14 4613.78 4607.22 4596.35 4593.35 4600.84 4598.81 4593.75 4592.51 4590.65 4583.88 4582.87 4587.21 4594.2
4560.72 4560.2 4559.65 4559.66 4561.89 4558.24 4557.01 4556.6 4556.29 4555.58 4555.85 4555.75 4554.9 4553.73 4552.88 4552.44 4552.44 4552.26 4551.71 4550.8 4549.75 4549.75 4549.78 4549.66 4549.21 4548.92 4548.88 4547.47 4545.28 4544.56 4544.73 4546.82 4550.3 4556.19 4570.12 4585.5 4596.71 4606.11 4583.48 4576.03 4571.78 4577.5 4576.4 4574.38 4570.82 4569.78 4567.81 4562.75 4559.1 4560.05 4568.78 4578.67 4586.23 4590.71 4593.47 4585.62 4574.96 4566.42 4574.11 4571.46 4574.57 4577.86 4570.28 4562.22 4566.55 4575.16 4586.25
4560.94 4560.11 4559 4557.87 4560.32 4558.44 4558.68 4558.54 4557 4557.91 4557.03 4555.8 4555.27 4554.07 4551.74 4551.8 4551.91 4551.81 4551.41 4550.73 4549.74 4549.64 4549.49 4549.38 4549.06 4548.52 4548.16 4545.95 4544.1 4541.96 4541.92 4544.62 4549.21 4556 4569.24 4584.25 4595.19 4594.04 4580.07 4576.44 4594.51 4586.68 4579.12 4575.64 4572.87 4568.62 4565.03 4559.2 4553.63 4552.69 4559.33 4565.78 4568.64 4567.5 4561.64 4570.84 4576.53 4575.61 4573.15 4573.01 4565.58 4561.15 4556.89 4551.72 4556.1 4563.9 4572.54
4561.41 4560.42 4559.58 4559.29 4559.09 4559.16 4559.76 4558.44 4557.12 4561.09 4554.86 4555.19 4555.55 4556.84 4552.68 4551.46 4551.69 4551.76 4551.29 4550.6 4550.43 4549.25 4548.77 4548.47 4548.86 4548.26 4547.4 4547.07 4546.33 4545.69 4544.88 4544.94 4548.7 4557.2 4571.11 4584.56 4590.37 4590.73 4573.33 4568.4 4581.04 4581.38 4576.95 4574.45 4571.38 4568.91 4563.67 4557.77 4554.18 4554 4556.15 4558.66 4558.72 4555.07 4552.92 4564.29 4580.4 4579.51 4567.56 4554.18 4553.49 4553.21 4551.45 4550.1 4550.66 4554.52 4558.89
4561.1 4560.51 4560 4559.73 4559.71 4559.45 4558.9 4557.82 4557.28 4557.49 4554.42 4554.66 4555.01 4554.38 4552.59 4552.03 4552.08 4551.98 4551.42 4550.29 4548.85 4547.84 4547.1 4547.34 4548.67 4547.85 4547.54 4548.93 4550.65 4550.46 4548.23 4545.79 4548.53 4565.51 4587.72 4590.56 4581.4 4565.4 4569.31 4575.24 4570.58 4570.09 4570.01 4570.6 4567.68 4565.35 4561.14 4557.04 4554.81 4553.44 4554.98 4556.29 4556.07 4553.01 4548.68 4562.45 4573.16 4575.6 4563.52 4545.21 4544.16 4548.2 4548.39 4547.96 4546.47 4545.89 4545.14
4560.98 4560.58 4560.31 4560.2 4559.66 4559.09 4558.94 4558.12 4556.78 4556.06 4554.77 4554.93 4555.31 4554.43 4553.7 4552.89 4552.81 4553.02 4552.23 4550.64 4549.3 4546.55 4545 4545.77 4548.12 4548.3 4547.37 4552.89 4560.92 4561.67 4556.48 4550.03 4549.69 4587.52 4618.49 4599.85 4578.29 4559.41 4564.94 4563.58 4557.24 4560.93 4565.69 4565.97 4565.75 4563.14 4560.18 4557.79 4556.15 4554.23 4555.54 4557.35 4559.33 4562.02 4563.05 4578.16 4584.08 4581.42 4572.16 4560.54 4547.34 4545.31 4545.14 4544.69 4542.24 4539.88 4537.13
4560.5 4560.3 4560.21 4560.21 4559.28 4558.79 4558.92 4557.8 4555.78 4556.21 4554.98 4555.58 4556.68 4556.52 4553.88 4553.49 4553.15 4553.07 4552.19 4550.6 4549 4547.48 4545.51 4544.8 4548.09 4555.96 4557.97 4571.81 4582.28 4578.25 4569.89 4559.75 4554.62 4587.77 4616.3 4601.98 4576.28 4550.93 4551.14 4554.82 4554.48 4564.79 4565.79 4565.23 4564.22 4562.18 4560.1 4558.58 4557.23 4558.51 4558.66 4559.44 4564.4 4574.01 4590.05 4599.04 4606.26 4593.99 4584.18 4578.41 4564.38 4542.26 4537.75 4537.59 4536.79 4535.79 4535.53
4559.62 4559.9 4559.94 4559.83 4559.55 4558.34 4557.95 4556.89 4555.21 4556.01 4555.73 4555.75 4556.99 4558.52 4555 4554 4553.54 4552.73 4552.04 4551.66 4551.29 4550.1 4548.62 4545.6 4549.37 4576.22 4613.15 4631.71 4615.92 4599.1 4586.18 4576.73 4570.74 4596.3 4618.02 4603.27 4578.86 4552.26 4551.16 4570.71 4561.35 4566.59 4567.61 4564.16 4561.13 4559.09 4556.98 4558.04 4556.78 4556.32 4556.57 4559.25 4565.64 4576 4590.47 4596.7 4592.23 4594.03 4588.28 4576.97 4560.68 4535.43 4532.9 4532.64 4532.21 4531.04 4532.35
4559.12 4559.76 4559.78 4558.99 4558.39 4558.35 4558.06 4556.59 4555.09 4556.21 4554.88 4555.1 4555.5 4555.23 4555.58 4554.74 4553.94 4553.24 4552.48 4551.31 4553.82 4557.75 4559.46 4554.74 4551.83 4595.66 4647.78 4671.6 4635.53 4611.89 4597.99 4594.29 4601.41 4609.37 4613.62 4607 4586.35 4569.78 4581.05 4627.6 4580.13 4586.1 4572.96 4567.3 4564.58 4562.63 4560.97 4559.06 4556.4 4554.2 4554.81 4559.04 4564.73 4571.3 4577.86 4583.7 4588.99 4590.17 4588.93 4584.21 4562.7 4529.39 4529.84 4530.05 4528 4525.95 4525.52
4559.48 4560.15 4560.61 4560.14 4558.27 4558.09 4557.64 4556.81 4555.68 4555.88 4554.8 4555.15 4555.62 4556.84 4556.25 4554.93 4554.13 4553.72 4552.94 4551.44 4558.86 4569.83 4581.05 4589.14 4591.12 4615.31 4635.75 4636.05 4623.87 4608.93 4599.87 4598.09 4603.87 4612.89 4625.97 4609.54 4592.02 4580.29 4585.43 4597.4 4583.45 4574.94 4571.91 4569.56 4567.65 4566.2 4564.66 4562.58 4560.95 4558.41 4558 4561.32 4563.83 4565.74 4566.53 4570.92 4582.49 4586.96 4588.12 4582.62 4557.01 4527.64 4530.89 4528.06 4525.01 4522.89 4519.89
4560.05 4560.59 4560.82 4559.84 4557.95 4557.52 4557.02 4557.04 4557.05 4555.37 4554.68 4555.23 4555.84 4553.93 4554.44 4554.18 4553.72 4553.6 4554.48 4558.21 4565.98 4583.04 4604.81 4633.57 4653.47 4634.33 4619.91 4605.14 4600.53 4595.77 4592.24 4592.12 4594.68 4601.65 4602.43 4599.4 4591.76 4585.95 4590.94 4602.66 4595.91 4576.25 4570.77 4570.53 4570.11 4570.41 4570.55 4569.6 4567.74 4566.97 4568.04 4567.3 4566.65 4564.65 4561.43 4564.37 4575.79 4583.1 4585.81 4581.01 4563.99 4562.21 4536.01 4527.41 4524.54 4522.46 4520.95
4559.89 4560.61 4560.61 4558.83 4557.22 4557.32 4557.48 4557.21 4556.77 4554.9 4553.97 4555.29 4552.52 4555 4553.87 4553.61 4553.05 4552.25 4550.52 4550.26 4568.34 4591.33 4616.59 4640.73 4650.55 4634.39 4609.76 4584.47 4582.21 4580.48 4578.73 4580.62 4585.58 4589.65 4596.79 4595.71 4590.07 4585.34 4585.31 4591.43 4597.41 4578.7 4573.96 4574.59 4574.83 4575 4575.2 4576.89 4577.13 4576.75 4573.67 4576.44 4574.13 4569.32 4562.09 4555.56 4569.45 4582.52 4587.98 4583.01 4561.03 4556.7 4534.18 4528.93 4526.28 4523.79 4522.54
4559.93 4560.95 4561.5 4559.9 4558.23 4557.71 4557.55 4557.29 4556.47 4554.75 4553.25 4555.08 4554.18 4553.65 4553.34 4553.14 4552.86 4552.52 4552.73 4552.69 4570.91 4595.61 4620.56 4637.59 4639.74 4627.11 4604.32 4585.26 4573.2 4567.23 4563.65 4561.59 4566.17 4576.53 4586.31 4589.24 4585.81 4584.05 4587.34 4594.34 4587.4 4581.54 4578.32 4577.71 4578.98 4580.83 4583.12 4585.65 4588.08 4591.19 4598.6 4590.97 4584.06 4578.78 4573.22 4573.37 4580.98 4588.02 4594.66 4595.11 4570.15 4558.73 4541.05 4535.08 4530.44 4527.9 4528
4560.15 4561.69 4561.81 4560.12 4558.36 4558.98 4559.33 4557.65 4555.86 4553.76 4553 4554.6 4553.42 4552.35 4552.55 4552.63 4552.55 4552.47 4551.21 4554.17 4572.41 4596.11 4620.67 4645.48 4645.09 4621.2 4597.35 4577.1 4564.05 4556.64 4551.87 4548.03 4553.89 4565.46 4573.86 4577.87 4581.8 4584.81 4590.85 4594.82 4595.88 4592.48 4586.83 4582.24 4583.04 4586.36 4589.89 4593.89 4597.89 4602.08 4606.03 4603.07 4593.85 4590.72 4590.97 4594.48 4589.35 4593.5 4598.71 4601.18 4586.77 4577.77 4559.16 4543.83 4535.22 4529.9 4529.7
4559.7 4560.38 4561.56 4560.82 4559.81 4559.84 4559.65 4557.63 4555.39 4553.55 4552.42 4552.4 4552.62 4551.83 4552.11 4551.05 4550.44 4550.51 4550.38 4554.89 4571.44 4592.32 4614.61 4630.16 4628.7 4609.77 4585.9 4563.7 4551.48 4548.74 4547.87 4548.47 4553.55 4561.98 4568.36 4573.95 4581.34 4586.21 4586.39 4595.6 4611.2 4594.92 4589.1 4585.96 4588.64 4591.92 4597.48 4601.87 4605.96 4608.9 4610.5 4610.31 4603.53 4602.58 4605.18 4607.84 4594.18 4597.41 4598.52 4594.89 4581.59 4574.56 4559.94 4549.59 4541.59 4535.27 4530.53
4560.5 4560.11 4561.6 4561.83 4560.66 4561.38 4559.45 4557.47 4555.02 4553.39 4552.75 4553.24 4552.55 4552.25 4552.18 4551.94 4552.07 4551.7 4551.34 4555.25 4568.44 4584.66 4601.74 4624.13 4614.78 4594.45 4574.44 4552.49 4543.07 4546.88 4549.31 4554.04 4559.43 4566.56 4572.12 4576.35 4586.2 4594.47 4601.51 4611.82 4605.78 4586.35 4585.25 4590.86 4597.78 4603.32 4607.48 4611.69 4614.13 4614.73 4616.14 4614.95 4611.65 4612.74 4612.7 4609.5 4605.1 4604.96 4602.48 4594.37 4594.64 4578.56 4560.78 4556.29 4550.5 4543.96 4532.68
