real_craters/C066-300m.grd
DSAA
176 176
-26.32 26.32
-26.32 26.32
3495.5457647494 4980.5343041508
[rows 90 to 119 of 176, columns 0 to 66 of 176]
4527.16 4526.46 4527.55 4527.84 4528.73 4528.79 4526.92 4525.26 4524.06 4525.82 4527.08 4528.16 4529.57 4531.72 4535.69 4540.57 4543.3 4546.41 4549.77 4552.39 4549.88 4536.91 4553.75 4577.81 4626.97 4652.92 4647.21 4639.03 4632.19 4627.34 4622.3 4618.99 4616.33 4614.26 4613.22 4613.5 4611.64 4606.06 4601.55 4598.75 4596.47 4595.33 4593.63 4592.45 4591.28 4590.76 4591.44 4592.84 4594.25 4595.82 4600.33 4609.36 4621.93 4647.05 4678.28 4711.71 4745.11 4776.44 4807.17 4827.21 4841.86 4841.86 4823.5 4776.84 4709.08 4615.57 4495.21
4526.92 4525.21 4522.46 4527.02 4527.87 4527.5 4526.68 4526.07 4526.03 4525.83 4526.44 4527.41 4529.04 4531.53 4534.2 4535.17 4537.48 4540.14 4541.7 4541.63 4538.69 4535.74 4543.06 4558.81 4593.49 4636.97 4640.58 4635.58 4632.16 4627.73 4625.05 4623.11 4621.83 4620.88 4620.82 4622.25 4618.88 4613.17 4607.74 4604.98 4602.26 4600.33 4598.18 4596.03 4594.29 4592.93 4592.24 4592.82 4594.45 4596.75 4597.33 4597.29 4609.18 4640 4676.66 4711.27 4745.32 4777.61 4808.83 4832.24 4848.54 4851.57 4839.99 4814.21 4754.23 4641.56 4517.09
4526.86 4526.45 4527.05 4527.26 4526.89 4526.28 4526.46 4526.73 4526.56 4525.89 4525.71 4526.11 4527.53 4530.09 4534.52 4533.53 4533.95 4535.65 4536.73 4536.82 4536.73 4540.14 4540.81 4542.67 4562.93 4618.9 4625.94 4625.42 4625.16 4624.39 4623.13 4623.29 4623.56 4623.84 4624.09 4623.48 4618.32 4617.56 4614.38 4611.64 4608.79 4605.98 4603.37 4600.73 4598.27 4595.93 4595.16 4595.19 4596.59 4598.35 4598.94 4596.21 4608.61 4641.58 4676.37 4710.99 4745.62 4778.96 4811.96 4837.81 4854.8 4863.15 4856.87 4824.68 4754.99 4670.94 4551.33
4527.03 4527.07 4526.89 4526.83 4526.62 4526.38 4526.55 4526.87 4526.11 4525.36 4524.71 4524.57 4524.67 4525.9 4529.68 4530.3 4531.62 4533.01 4534.25 4535.1 4535.87 4535.22 4532.72 4532.48 4537.05 4588.54 4602.39 4608.51 4612.67 4616.52 4620.24 4623.67 4625.8 4626.96 4626.9 4626.37 4624.99 4623.05 4619.94 4617.13 4614 4611.01 4608.15 4605.5 4603.16 4599.36 4596.61 4598.46 4598.57 4601.01 4606.24 4617.13 4634.46 4649.31 4676.61 4708.64 4742.62 4777.53 4812.21 4841.16 4861.93 4875.74 4877.5 4856.12 4803.71 4717.1 4595.7
4527.4 4527.94 4527.65 4526.86 4526.45 4526.24 4526.38 4526.7 4525.99 4524.82 4523.82 4522.87 4521.79 4521.19 4523.13 4529.33 4529.6 4530.55 4532.5 4534.54 4536.42 4539.27 4539.5 4534.16 4536.11 4555.84 4576.13 4589.43 4600.73 4609.52 4616.15 4623.63 4628.02 4630.28 4629.59 4627.76 4630.99 4628.61 4625.51 4622.01 4618.33 4615.14 4613.1 4610.64 4608.54 4605.75 4600.77 4602.89 4601.04 4603.36 4607.59 4618.85 4632.67 4644.51 4669.33 4702.55 4736.67 4772.31 4809.44 4839.17 4866.22 4886.56 4899.95 4899.08 4879.93 4773.82 4644.08
4527.09 4527.86 4527.59 4526.48 4526.17 4525.99 4525.97 4525.9 4525.18 4524.39 4523.02 4521.59 4519.81 4518.06 4518.44 4523.95 4526.88 4528.9 4531.67 4534.74 4538.47 4543.43 4547.61 4538.9 4536.3 4538.22 4554.69 4573.73 4589.29 4602.43 4612.53 4621.93 4629.6 4634.73 4635.81 4631.7 4633.65 4633.96 4631.19 4627.05 4623.08 4619.9 4617.15 4615.25 4614.09 4614.31 4616.72 4611.55 4604.73 4603.02 4603.19 4602.77 4601.52 4627.49 4657.34 4692.88 4728.58 4764.28 4803.28 4833.6 4863.75 4889.29 4912.22 4921.85 4906.35 4813.92 4683.42
4525.07 4525.76 4525.81 4525.73 4525.71 4525.81 4525.57 4524.79 4525.15 4524.4 4522.75 4520.96 4519.05 4517.41 4518.59 4523.3 4525.45 4527.9 4531.16 4534.74 4538.97 4543.08 4544.84 4540.88 4531.22 4525.4 4541.54 4559.94 4579.39 4595.75 4609.47 4622.1 4633.11 4642.39 4648.71 4650.32 4647.37 4642.3 4636.49 4631.38 4626.81 4623.35 4621.16 4619.53 4618.29 4617.16 4615.98 4614.28 4605.8 4601.85 4598.87 4596.05 4595.22 4617.98 4647.4 4682.03 4715.9 4751.41 4792.15 4819.89 4851.14 4878.53 4901.74 4918.72 4913.62 4829.88 4708.98
4525.33 4525.6 4525.58 4525.38 4525.14 4524.9 4524.51 4524.39 4523.99 4523.47 4522.85 4521.31 4519.66 4519.17 4521.01 4522.55 4523.78 4526.48 4529.72 4533.15 4536.85 4541.07 4544.97 4545.15 4541.32 4528.59 4538.8 4555.19 4572.44 4588.44 4604.84 4619.68 4633.94 4648.02 4661.88 4671 4662.2 4650.46 4639.03 4631.85 4627.27 4624.92 4623.43 4622.94 4622.62 4621.03 4617.42 4616.64 4607.23 4601.36 4596.61 4595 4600.13 4615.13 4639.18 4671.02 4704.01 4738.08 4775.63 4804.29 4834.82 4860.14 4881.67 4892.76 4876.36 4814.57 4719.09
4525.04 4525.27 4525.64 4525.1 4524.48 4523.93 4523.69 4523.85 4524.74 4525.06 4524.02 4522.05 4520.11 4519.86 4524.11 4519.88 4521.17 4524.43 4527.61 4530.18 4532.88 4536.01 4542.27 4544.46 4554.74 4544.93 4544.33 4553.55 4567.89 4582.62 4599.6 4615.84 4631.85 4648.36 4664.74 4674.59 4661.92 4646.39 4635.35 4628.98 4625.34 4623.51 4623.36 4624.15 4626.1 4629.15 4627.39 4621.06 4608.55 4601.23 4595.59 4592.14 4591.49 4603.11 4627.95 4659.9 4690.82 4722.77 4754.24 4788.38 4813.18 4835.01 4852.37 4859.52 4847.72 4799.58 4720.07
4524.9 4525.03 4525.21 4524.55 4523.8 4523.12 4522.69 4523.36 4526.02 4527.89 4525.79 4523 4520.4 4517.77 4521.41 4518.53 4520.57 4523.29 4525.78 4527.47 4528.35 4527.57 4523.17 4526.77 4532.62 4537 4545.42 4551.32 4563.01 4577.28 4594.37 4610.91 4627.57 4643.1 4654.94 4657.14 4644.61 4631.22 4627.05 4623.02 4621.31 4621.37 4621.66 4623.9 4626.48 4630.01 4628.92 4621.84 4615.59 4604.69 4596.22 4589.48 4583.69 4594.46 4620.47 4648.38 4675.45 4703.77 4732.23 4764.87 4783.94 4801.8 4816.17 4823.51 4811.66 4775.22 4716.59
4524.32 4524.32 4524.23 4523.89 4523.16 4522.35 4522.18 4523.33 4525.47 4528.72 4525.22 4523.55 4522.35 4520.81 4522.71 4523.65 4523.31 4523.76 4524.56 4525.31 4525.19 4523.19 4518.48 4517.51 4519.39 4522.66 4533.7 4545.63 4559.44 4574.14 4589.52 4605.12 4621.02 4635.19 4644.46 4643.67 4634.07 4623.42 4616.65 4614.93 4615.44 4617.29 4619.62 4622.3 4624.22 4624.81 4623.86 4620.07 4615.12 4606.17 4597.97 4592.74 4591.01 4598.22 4616.59 4638.46 4660.67 4684.72 4708.43 4738.39 4749.59 4766.01 4776.85 4784.9 4773.43 4749.86 4707.99
4523.87 4524.28 4524.04 4523.55 4522.77 4521.82 4521.09 4521.98 4522.25 4520.27 4522.07 4523.5 4525.11 4528.19 4529.67 4527.04 4524.54 4523.29 4523.35 4523.6 4523.63 4523.36 4523.66 4522.05 4517.68 4520.48 4526.33 4540.16 4554.89 4568.93 4583.51 4598.44 4612.81 4625.98 4637.43 4637.54 4620.79 4605.86 4604.46 4605.59 4608.68 4612.39 4616.15 4619.56 4621.32 4621.37 4621.28 4618.37 4614.49 4606.32 4600.19 4595.99 4596.19 4601.69 4616.56 4628.57 4646.03 4665.38 4684.73 4707.92 4721.92 4730.65 4739.88 4747.35 4736.28 4707.52 4698.05
4524.03 4523.69 4523.99 4523.5 4522.77 4521.84 4521.06 4521.63 4521.13 4520.59 4521.44 4522.89 4524.48 4525.86 4523.49 4522.18 4521.63 4522.04 4522.27 4522.5 4522.86 4524.03 4526.86 4527.45 4519.13 4521.18 4527.25 4537.62 4550.52 4563.67 4576.47 4589.75 4602.3 4613.17 4621.53 4620.33 4607.46 4596.27 4594.25 4596.88 4601.82 4607.07 4612.7 4617.34 4620.25 4620.37 4620.2 4617.71 4614.16 4605.75 4599.81 4598.97 4600.19 4606.94 4613.4 4616.32 4630.94 4645.11 4660.32 4680.59 4688.9 4700.38 4708.11 4714.72 4712.42 4708.15 4696.24
4523.87 4523.49 4523.96 4523.56 4523.12 4522.66 4522.18 4521.56 4521.06 4521.07 4521.43 4521.95 4522.31 4521.14 4519.21 4520.35 4521.55 4521.55 4521.86 4522.67 4522.98 4523.5 4523.29 4519.9 4519.36 4521.94 4527.19 4536.32 4547.08 4558.65 4569.52 4580.46 4590.6 4598.58 4601.42 4599.09 4592.18 4584.08 4582.81 4587.98 4594.89 4602.3 4609.48 4615.52 4620.54 4623.67 4621.09 4616.94 4612.53 4605.91 4599.63 4596.87 4595.01 4597.73 4602.47 4604.34 4615.74 4627.87 4640.85 4659.11 4664.9 4672.48 4684.16 4687.11 4686.52 4692.85 4684.55
4523.7 4523.09 4523.56 4523.44 4523.44 4523.44 4523.65 4521.39 4520.82 4520.88 4521.06 4521.01 4520.91 4520.34 4519.57 4520.73 4521.48 4521.57 4521.68 4521.86 4522.2 4522.19 4521.29 4519.94 4520.34 4523.61 4529 4535.32 4542.77 4551.56 4560.96 4570.78 4578.9 4585.61 4590.03 4587.17 4579.27 4570.63 4573.13 4580.52 4589.14 4597.84 4606.11 4613.95 4619.79 4621.85 4619.62 4615.03 4609.81 4603.32 4595.37 4589.72 4583.8 4580.09 4586.32 4590.99 4601.96 4613.4 4624.31 4639.57 4649.5 4648.89 4657.08 4656.47 4651.98 4639.6 4651.14
4523.88 4522.97 4523.07 4523.21 4523.26 4523.43 4523.11 4520.92 4520.33 4520.2 4520.17 4519.96 4519.93 4519.37 4519.27 4520 4520.65 4521.29 4521.64 4521.79 4521.87 4521.65 4520.87 4520.72 4521.09 4523.72 4529.67 4532.62 4537.53 4544.49 4552.56 4560.29 4567.06 4572.46 4576.73 4575.2 4569.78 4566.79 4568.46 4574.98 4583.89 4593.43 4603.19 4612.51 4620.16 4622.71 4618.19 4612.21 4605.73 4597.71 4589.2 4582.73 4575.24 4569.28 4573.68 4579.05 4590.62 4600.32 4608.42 4620.91 4622.01 4627.23 4634.47 4633.67 4628.38 4616.43 4632.69
4523.69 4522.7 4522.5 4522.72 4523.07 4523.09 4522.49 4520.92 4519.86 4519.12 4518.77 4519.06 4519.05 4518.69 4519.72 4521.08 4522.03 4521.39 4521.09 4521.09 4521.21 4520.88 4520.45 4520.41 4519.77 4519.12 4519.53 4525.11 4532.31 4539.97 4546.49 4552.43 4556.64 4559.29 4560.02 4560.86 4560.11 4559.02 4561.72 4570.25 4579.52 4589.14 4598.78 4608.95 4618.91 4621.91 4615.18 4608.41 4601.51 4594.07 4585.46 4578.17 4569.56 4564.54 4566.06 4570.37 4580.11 4588.18 4594.54 4605.37 4609.87 4611.26 4614.63 4616.65 4621.49 4627.35 4644.27
4523.28 4522.85 4522.23 4522.48 4522.76 4522.74 4522.01 4520.88 4519.57 4518.37 4517.51 4519.16 4521.45 4522.12 4522.7 4522.04 4520.99 4520.45 4520.33 4520.49 4520.63 4520.46 4519.71 4519.28 4518.66 4515.46 4513.6 4520.34 4529.38 4537.09 4543.23 4547.03 4548.88 4549.02 4547.55 4550.33 4552.94 4554.23 4558.3 4567.56 4576.43 4584.79 4593.02 4601.6 4610.1 4612.75 4608.53 4603.36 4597.78 4591.19 4581.7 4573.83 4565.3 4559.22 4558.72 4562.69 4570.7 4578.13 4583.42 4589.62 4599.09 4600.16 4604.56 4609.44 4619.28 4628.25 4642.36
4522.74 4522.59 4521.96 4522.22 4522.53 4522.72 4522.24 4520.65 4519.45 4518.62 4518.36 4520.46 4524.07 4532.2 4526.73 4522.38 4519.58 4519.19 4519.69 4520.15 4520.24 4520.51 4520.04 4517.16 4515.07 4516.13 4516.34 4526.25 4532.29 4537.62 4542.37 4544.46 4544.86 4543.7 4540.91 4545.27 4550.06 4554.97 4560.69 4567.67 4574.24 4580.44 4586.19 4591.34 4596.08 4599.09 4599.52 4597.24 4593.24 4587.8 4577.8 4569.89 4562.23 4553.76 4551.99 4559.3 4565.87 4572.68 4578.63 4584.91 4592.91 4595.23 4600.24 4606.9 4615.18 4623.05 4630.12
4522.36 4522.2 4521.76 4521.95 4522.32 4522.47 4521.77 4520.23 4519.43 4519.44 4520.42 4521.66 4522.38 4524.51 4524.55 4521.54 4518.04 4518.14 4519.17 4519.59 4519.81 4520.38 4521.62 4521.24 4516.77 4518.92 4529.96 4531.06 4537.02 4541.94 4545.29 4545.2 4543.72 4543.02 4545.47 4544.99 4549.24 4556.55 4564.73 4568.74 4572.37 4576.68 4580.25 4581.59 4581.61 4586.71 4591.16 4591.1 4587.45 4583.03 4577.46 4570.46 4562.62 4554.63 4552.93 4560.34 4567.02 4574.38 4582.85 4589.61 4592.25 4599.96 4603.63 4608.85 4616.93 4625.12 4644.5
4522.4 4521.74 4521.29 4521.58 4522.04 4522.29 4521.53 4520.02 4519.37 4519.61 4520.78 4522.94 4524.59 4521.41 4521.51 4521.14 4520.89 4520.89 4520.25 4519.82 4519.5 4519.44 4519.5 4517.87 4513.95 4516.97 4520.32 4529.45 4542.97 4548.85 4550.97 4548.62 4544.19 4539.6 4538.47 4541.95 4547.64 4555.49 4564.12 4566.4 4569.91 4574.07 4577.43 4577.83 4575 4581.69 4587.32 4588.89 4587.85 4582.88 4578.3 4572.65 4566.95 4561.69 4561.6 4566.24 4573.2 4580.28 4586.37 4591.7 4594.7 4602.2 4606.62 4612.22 4618.63 4623.44 4627.92
4521.88 4521.42 4520.8 4521.15 4521.73 4522.06 4521.32 4519.99 4519.18 4519.02 4519.28 4520.69 4522.43 4518.75 4519.65 4520.73 4522.39 4522.27 4520.51 4519.4 4519.02 4518.16 4516.37 4515.31 4517.33 4515.85 4519.71 4540.51 4557.08 4561.14 4558.81 4553.94 4546.66 4537.3 4531.04 4539.21 4546.18 4551.21 4554.34 4559.65 4566.74 4572.98 4578.66 4583.19 4585.21 4586.69 4588.56 4589.26 4588.42 4583.2 4580.13 4576.5 4573.39 4571.1 4569.6 4574.54 4580.34 4585.27 4589.77 4593.54 4597.57 4602.2 4607.05 4612.89 4618.22 4624.92 4630.99
4521.75 4521.03 4520.17 4520.8 4521.59 4521.47 4521.1 4520.05 4519.04 4518.32 4517.63 4517.44 4518.14 4518.11 4518.67 4519.37 4519.57 4519.1 4519.3 4519.01 4518.67 4517.84 4518.11 4516.1 4512.56 4516.99 4526.01 4560.31 4576.29 4574.2 4569.14 4563.64 4556.34 4546.86 4540.69 4545.77 4549.78 4551.13 4550.4 4555.95 4565.02 4573.23 4580.9 4589.85 4595.95 4593.03 4591.65 4590.54 4589.42 4585.79 4584.23 4583.06 4582.46 4582.07 4584 4586.78 4589.17 4591.03 4593.07 4596.27 4598.45 4602.39 4606.44 4611.69 4616.76 4625.46 4640.8
4521.41 4520.77 4520.2 4520.81 4521.83 4522.9 4521.43 4520.01 4518.89 4517.93 4517.43 4517.17 4516.74 4517.46 4518.07 4518.42 4518.3 4517.7 4518.66 4518.85 4518.87 4518.74 4516.55 4520.74 4519.16 4526.62 4532.78 4565.37 4584.49 4580.46 4577.02 4574.65 4571.51 4567.06 4563.06 4561.59 4560.03 4557.6 4555.12 4557.7 4565.69 4573.84 4582.77 4589.95 4594 4594.86 4593.38 4591.77 4590.59 4589.02 4588.55 4588.61 4590.37 4593.23 4594.8 4598.13 4599.63 4597.26 4596.23 4596.9 4598.66 4601.71 4604.63 4608.85 4613.49 4618.11 4623.52
4520.5 4520.1 4519.96 4520.17 4521.3 4522.46 4520.82 4519.1 4517.82 4517.47 4517.4 4517.25 4516.43 4517.79 4518.3 4518.49 4519.17 4519.82 4519.55 4519.22 4519.52 4521.07 4528.02 4531.85 4548.7 4540.79 4527.92 4541.27 4571.22 4575.5 4579.14 4583.42 4587.57 4591.31 4588.76 4581.07 4574.13 4567.92 4563.38 4562.85 4567.81 4574.75 4584.98 4594.73 4597.45 4595.79 4593.96 4592.38 4591.13 4590.19 4590.87 4591 4595.76 4603.62 4614.7 4618.46 4609.25 4601.53 4597.66 4596.92 4596.51 4598.54 4602.29 4604.86 4607.4 4607.58 4606.03
4519.52 4519.19 4518.44 4518.83 4519.75 4520.26 4519.24 4517.92 4517.12 4517.25 4517.53 4516.27 4518.1 4519.44 4519.13 4518.8 4519.29 4520.51 4519.23 4518.59 4519.05 4519.83 4519.89 4528.52 4533.09 4526.67 4515.21 4512.12 4544.8 4562.77 4577.34 4590.31 4601.11 4608.77 4607.64 4598.86 4588.69 4578.87 4572.6 4569.19 4568.38 4573.24 4582.67 4596.72 4599.66 4594.2 4591.96 4590.67 4590.27 4589.56 4590.45 4592.91 4596.87 4606.04 4624.06 4625.88 4607.07 4597.88 4594.91 4593.47 4595.57 4596.73 4599.08 4600.52 4601.09 4601.13 4601.58
4519.55 4519 4518.48 4518.37 4518.29 4517.83 4517.68 4516.74 4516.1 4517.01 4519.02 4522.15 4524.99 4520.8 4518.77 4517.96 4517.27 4516.76 4516.09 4516.81 4518.12 4519.43 4520.71 4522.61 4518.99 4512.6 4508.44 4506.14 4525.11 4550.38 4573.94 4595.46 4613.08 4623.84 4623.72 4614.77 4601.63 4587.86 4575.86 4566.01 4563.98 4568.23 4572.85 4578.08 4584.63 4586.58 4587.33 4587.78 4588.27 4588.81 4589.64 4590.71 4591.19 4593.03 4596.15 4593.57 4587.11 4587.39 4588.67 4590.68 4590.99 4592.01 4592.36 4592.86 4593.2 4594.14 4599.67
4519.43 4519.04 4518.63 4518.48 4518.44 4517.93 4517.1 4515.95 4514.86 4516.67 4519.51 4521.53 4515.91 4518.19 4517.83 4516.59 4514.64 4510.62 4511.77 4515.11 4517.13 4519.68 4521.94 4521.18 4520.81 4518.96 4509.69 4508.94 4516.76 4541.91 4571.42 4600.19 4625.84 4642.31 4641.69 4629.62 4613.09 4595.07 4576.82 4559.78 4559.25 4563.28 4564.93 4566.23 4572.35 4578.48 4581.12 4582.98 4584.23 4585.16 4586.06 4586.11 4582.66 4575.28 4560.03 4546.96 4560.67 4575.52 4583.89 4587.15 4586.46 4587.74 4587.01 4586.12 4586.17 4586.37 4588.64
4519.59 4519.1 4518.84 4518.83 4518.91 4518.33 4517.19 4516.3 4515.9 4517.16 4518.59 4518.3 4516.97 4517.3 4517.11 4516.21 4515.18 4515.08 4515.73 4515.09 4515.3 4516.34 4518.17 4519.12 4520.69 4520.27 4509.2 4500.49 4508.26 4536.39 4569.9 4604.72 4637.43 4661.94 4658.25 4642.2 4622.79 4602.38 4582.69 4566.73 4561.86 4563.12 4563.13 4564.09 4568.64 4573.48 4577.13 4579.56 4581.55 4583.08 4585.75 4585.25 4580.32 4569.47 4547.04 4524.99 4553.74 4576.4 4586.15 4589.9 4587.18 4584.95 4582.33 4579.76 4577.11 4575.06 4575.07
4519.34 4518.82 4518.53 4518.45 4518.23 4517.8 4517.12 4516.72 4517.46 4518.05 4518.54 4519.92 4520.69 4517.92 4517.04 4516.37 4516.01 4517 4516.63 4514.34 4513.46 4510.95 4511.93 4515.45 4517.03 4515.79 4508.4 4501.93 4507.91 4532.77 4567.37 4605.64 4641.97 4667.31 4665.11 4648.93 4628.8 4608.42 4589.6 4574.26 4566.73 4566.54 4566.27 4567.43 4568.85 4571.67 4574.86 4576.23 4578.42 4580.72 4586.16 4587.09 4585.9 4583.1 4574.25 4566.41 4586.78 4596.66 4596.98 4593.03 4589.55 4583.37 4578.91 4574.54 4570.09 4565.03 4559.82
