real_craters/C066-500m.grd
DSAA
106 106
-26.32 26.32
-26.32 26.32
3494.8554677461 4961.5603374906
[rows 30 to 59 of 106, columns 0 to 66 of 106]
4559.99 4570.2 4566.6 4563.94 4562.75 4560.13 4559.23 4557.79 4556.27 4553.45 4551.97 4552.9 4552.28 4552.98 4554.19 4555.24 4554.88 4553.59 4553.58 4555.1 4566.74 4575.99 4579.47 4575.2 4579.76 4575.34 4565.96 4556.07 4552.84 4552.54 4555.65 4556.44 4568.13 4577.99 4584.05 4584.97 4601.39 4607.65 4609.52 4607.58 4604.41 4589.46 4590.66 4600.16 4609.99 4616.41 4621.5 4624.78 4624.99 4623.91 4617.18 4614.97 4622.76 4624.74 4621 4622.1 4620.15 4615.65 4613.96 4610.64 4600.05 4585.48 4573.17 4569.46 4564.84 4558.74 4555.95
4559.87 4563.8 4535.01 4568.1 4562.98 4561.93 4559.37 4557.98 4556.72 4555 4554.35 4553.98 4553.81 4554.73 4556.6 4558.45 4559.93 4558.68 4552.35 4556.95 4574.71 4576.78 4568.07 4552.01 4558.7 4564.04 4561.76 4558.9 4559.68 4559.21 4565.78 4576.23 4581.1 4591.48 4607.49 4631.02 4629.43 4622.58 4615.2 4599.09 4610.1 4612.48 4613.17 4620.38 4628.9 4635.63 4639.12 4641.59 4644.57 4640.9 4637.17 4635.66 4641.2 4640.7 4631.36 4626.09 4623.71 4625.17 4624.8 4620.58 4613.08 4596.55 4590.2 4587.46 4581.64 4573.06 4564.11
4559.12 4568.14 4566.81 4562.46 4561.94 4560.5 4558.53 4557.86 4557.3 4556.66 4556.49 4556.96 4556.2 4557.06 4559.08 4562.35 4567.76 4575.48 4589.71 4609.19 4598.03 4589.11 4579.4 4566.03 4565.64 4565.63 4562.47 4557.95 4554.73 4561.24 4570.58 4580.35 4588.88 4600.26 4617 4640.16 4637.56 4632.2 4633.55 4642.5 4616.83 4616.09 4632.1 4643.56 4650.32 4656.84 4661.38 4664.5 4666.01 4664.03 4660.93 4658.65 4662.45 4659.93 4654.46 4647.75 4642 4634.14 4631.85 4629.75 4624.31 4624.79 4614.86 4612.83 4603.44 4591.4 4577.81
4558.13 4560.95 4562.8 4560.78 4561.6 4561.18 4558.72 4557.58 4557.21 4557.86 4559.37 4558.64 4559.3 4558.6 4560.28 4564.11 4572.44 4590.01 4614.75 4625.21 4611.02 4601.05 4596.84 4600.16 4582.45 4573.61 4567.21 4561.48 4559.71 4563.81 4573.03 4582.29 4591.04 4600.33 4610.15 4615.25 4621.05 4628.43 4636.83 4646.38 4634.81 4626.99 4645.04 4661.86 4668.69 4670.13 4676.08 4682.84 4685.66 4684.37 4680.86 4679.67 4674.02 4677.56 4672.94 4656.87 4639.41 4643.15 4652.55 4647.39 4634.25 4624.34 4651.43 4640.97 4626.57 4613.6 4602.76
4558.19 4559.52 4560.27 4560.76 4561.26 4561.21 4559.87 4558.31 4557.72 4557.99 4558.11 4558.27 4557.5 4558.59 4560.67 4563.6 4569.04 4580.29 4597.1 4602.17 4606.81 4605.24 4601.22 4595.74 4589.72 4581.38 4573.45 4568.2 4562.5 4568.97 4576.18 4583.44 4590.35 4596.1 4600.63 4602.38 4608.22 4618.64 4627.67 4630.31 4625.35 4626.12 4657.43 4680.48 4682.97 4684.01 4688.91 4693.75 4702.44 4706.7 4697.31 4668.06 4694.75 4702.03 4666.22 4651.83 4637.7 4652.74 4676.63 4673.83 4660.51 4655.85 4671.05 4661.2 4645.85 4632.04 4616.62
4559.37 4559.93 4560.14 4560.79 4561.11 4561.11 4560.55 4559.12 4558.48 4558.07 4557.57 4558.23 4557.77 4558.9 4561.62 4563.2 4563.62 4560.66 4568.69 4590.08 4604.41 4608.04 4605.57 4600.57 4594.75 4587.74 4582.34 4578.91 4580.24 4582.03 4586 4588.87 4591.99 4594.89 4595.83 4595.72 4599.56 4608.82 4617.71 4621.63 4616.88 4610.7 4653.47 4684.2 4686.3 4689.24 4702.84 4714.15 4725 4746.68 4758.3 4756.68 4789.81 4775.06 4706.05 4689.69 4658.87 4674.33 4698.61 4699.11 4703.77 4719.14 4694.67 4675.27 4658.18 4639.32 4624.75
4559.46 4560 4559.69 4560.04 4560.72 4560.5 4559.73 4560.46 4559.77 4558.72 4558 4558.69 4558.16 4561.08 4565.88 4569.17 4567.6 4560.36 4569.86 4595.87 4612.32 4614.93 4610.75 4604.9 4601.26 4594.94 4589.83 4587.95 4590.7 4591.94 4591.23 4593.09 4594.76 4595.72 4594.94 4591.86 4590.84 4603.95 4612.42 4616.37 4609.54 4610.06 4630.35 4666.52 4691.05 4712.68 4721.15 4727.54 4750.43 4774.27 4822.8 4907.14 4903.13 4864.55 4848.05 4776.5 4737.14 4732.68 4724.73 4721.33 4713.33 4724.96 4718.6 4691.91 4667.69 4644.64 4629.83
4559.16 4559.23 4559.68 4560.18 4560.97 4560.81 4561.07 4561.73 4560.74 4559.44 4558.64 4558.55 4559.61 4566.39 4576.51 4583.33 4586.55 4584.96 4596.1 4619.86 4626.69 4623.8 4621.02 4614.89 4607.69 4600.43 4594.52 4591.57 4594.82 4597.57 4588.71 4595.09 4598.05 4598.78 4598.93 4600.53 4606.06 4607.39 4611.07 4613.38 4617.96 4631.61 4635.2 4680.67 4708.34 4734.12 4739.58 4738.06 4740.9 4760.3 4806.28 4880.82 4897.51 4881.14 4884.16 4809.18 4832.72 4826.85 4759.52 4741.36 4705.07 4688.37 4683.3 4686.2 4674.25 4659.44 4640.92
4558.28 4558.47 4558.76 4559.55 4560.28 4560.49 4560.8 4560.93 4560.69 4559.52 4559.23 4559.54 4564.22 4578.19 4589.3 4600.08 4612.29 4624.57 4625.41 4630.68 4630.42 4626.68 4626.04 4621.7 4611.83 4602.77 4594.82 4588.47 4583.29 4585.13 4605.92 4602.9 4602.57 4603.16 4604.98 4606.68 4608.43 4611.54 4614.13 4617.61 4631.38 4647.2 4667.75 4710.95 4748.56 4757.96 4740.19 4711.07 4691.55 4681.56 4690.86 4727.56 4716.83 4686.78 4691.55 4666.28 4722.39 4790.86 4779.5 4755.91 4744.06 4703.7 4685.78 4710.46 4680.63 4658.47 4646.71
4556.77 4557.34 4561.33 4558.48 4559.69 4560.11 4560.37 4560.96 4560.26 4559.61 4559.17 4558.84 4575.82 4591.07 4598.1 4612.46 4630.83 4650.89 4638.43 4623.81 4616.99 4619.36 4626.07 4621.57 4610.74 4600.49 4591.32 4583.34 4576.4 4574.01 4593.32 4602.05 4604.75 4607.79 4609.71 4613.21 4611.23 4619.57 4621.81 4625.52 4642.48 4680.62 4704.1 4773.94 4811.21 4770.62 4714.88 4657.11 4585.71 4539.33 4499.55 4441.9 4371.3 4329.71 4319.38 4359.28 4391.92 4450.73 4571.68 4665.5 4825.66 4750.4 4702.56 4695.73 4677.77 4664.26 4652.99
4556.04 4559.46 4564 4562.45 4560.59 4561.49 4560.27 4560.88 4561.18 4560.22 4559.35 4557.89 4557.91 4575.88 4598.03 4617.99 4635.1 4639.24 4629.82 4607.52 4594.82 4603.56 4613.95 4613.17 4604.44 4595.46 4587.58 4580.63 4576.28 4577.19 4592.06 4599.22 4603.87 4608.58 4613.51 4620.44 4634.66 4634.64 4634.48 4637.71 4647.6 4739.26 4779.47 4929.43 4872.67 4759.76 4653.58 4556.3 4471.63 4397.99 4310.29 4198.94 4080.04 4024.28 4021.78 4054.99 4065.19 4099.18 4239.89 4382.55 4537.71 4697.43 4819.2 4711.91 4701.98 4664.17 4674.77
4556.19 4560.03 4564.89 4569.23 4567.81 4566.46 4564.44 4564.52 4562.5 4560.22 4558.62 4557.96 4558.51 4569.65 4600.63 4620.35 4634.99 4641.17 4619.64 4594.92 4579.06 4586.86 4596.22 4598.07 4594.8 4589.29 4585.01 4579.72 4576.37 4577.94 4592.25 4597.2 4601.02 4605.61 4612.3 4619.75 4628.57 4639.77 4650.63 4664.92 4696.61 4742.28 4811.41 4961.56 4864.19 4708.75 4571.72 4462.61 4354.28 4255.51 4153.35 4039.96 3920.45 3822.4 3815.41 3842.29 3839.7 3834.05 3979.24 4080.25 4210.94 4497.03 4771.41 4836.03 4821.37 4753.08 4739.2
4554.06 4560.13 4565.35 4569.87 4572.19 4572.71 4573.33 4571.11 4563.91 4559.58 4557.19 4557.81 4582.11 4608.31 4612.85 4621.67 4627.74 4623.15 4609.34 4587.47 4569.46 4576.67 4584.4 4587.23 4586.73 4584.23 4580.66 4576.77 4575.81 4581.03 4588.37 4593.58 4599.22 4604.84 4608.06 4616.89 4629.82 4650.02 4674.88 4703.23 4728.86 4788.06 4883.36 4896.77 4735.24 4570.98 4438.15 4330.6 4234.5 4134.64 4038.52 3937.24 3842.89 3752.31 3727.4 3729.99 3738.48 3776.65 3844.62 3921.66 4039.16 4265.84 4459.73 4807.12 4951.79 4945.6 4816.19
4554.56 4561.8 4564.62 4567.22 4571.72 4575.1 4577.59 4570.55 4563.09 4558.84 4555.95 4567.5 4599.4 4616.73 4619.54 4621.94 4622.56 4619.1 4601.4 4585.37 4575.54 4572.31 4577.37 4578.38 4579.83 4579.14 4577.8 4576.59 4574.76 4571.95 4581.7 4589.15 4593.49 4597.39 4602.99 4616.13 4632.88 4663.83 4706.08 4763.59 4815.7 4879.82 4916.9 4653.07 4455.41 4354.7 4263.17 4181.96 4100.33 4024.06 3943.97 3856.91 3782.24 3753.76 3706.87 3691.73 3694.52 3718.47 3768.11 3878.95 4001.74 4115.94 4289.05 4570.55 4820.56 4889.63 4813.73
4553.62 4560.36 4561.86 4567.28 4569.9 4572.84 4575.3 4565.65 4560.41 4557.64 4559.78 4583.11 4607.59 4608.58 4623.5 4625.28 4612.62 4603.46 4595.75 4582.78 4571.8 4567.56 4567.36 4572.95 4575.91 4576.76 4576.51 4576.43 4577.32 4579.15 4588.77 4591.17 4598.89 4604.27 4610.02 4618.54 4624.93 4643.76 4714.45 4799.34 4900.35 4871.56 4640.55 4389.8 4203.25 4127.2 4076.69 4026.55 3974.43 3918.47 3859.29 3804.47 3756.83 3719.24 3698.53 3676.78 3661.8 3659.96 3684.63 3727.39 3839.89 3984.42 4142.54 4362.31 4609.77 4731.15 4742.83
4541 4548.48 4548.81 4554.03 4562.14 4566.15 4567.34 4563.39 4556.17 4552 4551.25 4571.11 4605.1 4621.36 4638.77 4636.61 4628.9 4612.72 4597.08 4583.63 4570.59 4570.12 4570.85 4574.09 4575.17 4575.15 4575.17 4576.58 4580.32 4586.54 4591.78 4594.11 4600.85 4609.8 4617.12 4625.88 4628.9 4644.65 4701.88 4765.28 4805.09 4646.35 4385.39 4164.87 3985.75 3926.31 3902.76 3884.91 3864.09 3837.49 3805.63 3767.23 3736.12 3723.87 3700.15 3672.41 3646.62 3629.21 3625.68 3652.69 3741.74 3875.16 4029.07 4219.88 4417.15 4569.92 4660.84
4538.84 4544.15 4548.89 4555.9 4553.43 4557.54 4558.6 4554.84 4547.66 4541.76 4537.98 4558.72 4596.51 4647.39 4667.26 4651.07 4621.73 4612.06 4600.48 4588.13 4580.88 4580.47 4586.92 4579.45 4575.94 4573.61 4572.46 4572.77 4576.25 4577.58 4582.39 4595.54 4607.07 4620.82 4631.65 4641.93 4652.3 4658.47 4690.85 4701.79 4652.43 4470.74 4213.84 3999.83 3819.66 3773.69 3776.58 3780.16 3782.14 3778.77 3773.47 3759.02 3756.93 3742.19 3717.51 3681.37 3637.31 3601.35 3588.18 3612.37 3687.99 3799.74 3934.67 4100.41 4274.01 4446.6 4599.19
4533.34 4536.12 4539.21 4545.14 4548.02 4548.57 4547.74 4543.78 4539.58 4535.38 4533.96 4542.8 4571.39 4627.95 4676.72 4665.9 4642.95 4621.57 4604.43 4590.22 4581.45 4580.6 4583.05 4579.22 4575.07 4571.64 4568.98 4567.12 4568.41 4577.64 4585.58 4599.68 4624 4642.91 4664.6 4681.66 4694.68 4698.92 4684.67 4642.67 4542.32 4365.95 4117.54 3905.07 3713.62 3681.06 3697.75 3724.1 3743.78 3759.39 3772.7 3774.9 3778.06 3766.22 3752.67 3708.66 3643.31 3584.91 3557.22 3571.99 3644.18 3737.7 3843.99 3979.79 4154.27 4361.82 4564.01
4534.02 4535.97 4534.8 4537.98 4538.32 4541.32 4542.12 4540.35 4538.18 4534.93 4533.31 4531.97 4549.23 4598 4662.14 4666.02 4652.29 4625.59 4605.46 4589.65 4576.9 4570.27 4574.85 4576.19 4574.07 4570.49 4565.91 4560.94 4554.58 4554 4570.28 4593.42 4628.75 4661.54 4691.38 4719.2 4732.54 4720.05 4686.71 4607.11 4478.75 4317.83 4061.68 3846.95 3667.48 3640.07 3663.94 3695.51 3728.43 3761.91 3791.4 3823.28 3828.75 3837.15 3818.25 3761.05 3682.02 3593.51 3534.13 3556.51 3619.16 3703.07 3797.26 3915.03 4097.57 4314.73 4545.17
4531.56 4531.24 4532.28 4533.95 4535 4536.17 4538.06 4539.41 4539.03 4541.65 4546.76 4534.77 4528.76 4587.6 4659.42 4650.87 4625.2 4614.92 4602.54 4590.5 4579.45 4576.45 4577.57 4575.98 4573.67 4570 4565.61 4559.88 4554.33 4554.06 4562.94 4592.85 4635.53 4675.65 4712.48 4742.16 4763.05 4761.08 4705.58 4594.55 4445.72 4274.7 4030.57 3813.26 3691.12 3651.12 3660.18 3687.63 3727.21 3771.83 3819.99 3872.58 3919.05 3958.43 3908.13 3827.16 3741.5 3621.79 3529.06 3549.9 3607.76 3689.21 3780.99 3886.23 4041.16 4270.32 4534.63
4530.33 4529.33 4528.67 4529.71 4529.92 4533.44 4536.46 4540.02 4542.63 4536.76 4540.67 4552.23 4573.64 4601.96 4644.02 4634.34 4614.25 4607.6 4600.53 4592.28 4586.08 4583.7 4581.19 4577.46 4574.85 4571.75 4568.61 4564.7 4559.03 4561.95 4572.42 4598.14 4640.36 4686.54 4729.1 4765.43 4786.91 4771.58 4705.1 4591.3 4433.53 4245.42 4006.52 3794.96 3708.74 3664.16 3663.51 3689.69 3735.03 3786.88 3849.82 3923.52 4025.5 4054.43 3964.9 3865.11 3773.02 3646.7 3551.12 3552.71 3606.21 3686.23 3782.61 3890.56 3988.86 4223.63 4524.93
4529.66 4529.28 4529.12 4527.76 4530.35 4531.94 4533.8 4536.63 4537.89 4537.56 4543.87 4569.42 4604.85 4621.41 4617.29 4612.54 4605.95 4605.13 4601.51 4595.48 4589.2 4584.96 4579.29 4577.61 4576.24 4574.86 4573.64 4574.14 4578.92 4578.53 4584.59 4604.58 4647.55 4695.01 4745.79 4785.16 4809.13 4805.79 4741.3 4601.82 4419.92 4215.61 3986.29 3784.03 3688.47 3650.64 3661.72 3692.77 3739.08 3796.17 3859.75 3923.49 3968.1 3992.72 3940.08 3850.98 3750.52 3641.43 3556.32 3554.59 3606.42 3686 3785.24 3876.1 3957.32 4184.97 4510.59
4528.89 4528.77 4528.94 4526.3 4526.06 4527.26 4530.52 4532.02 4533.29 4535.51 4542.55 4576.05 4615.92 4630.94 4626.23 4614.79 4609.6 4611.03 4607.07 4600.76 4591.39 4579.46 4577.93 4580.77 4581.16 4581.48 4579.93 4580.37 4584.6 4585.53 4586.65 4604.23 4653.02 4704.37 4755.13 4801.27 4830.35 4839.25 4788.96 4611.87 4406.97 4190.49 3993.36 3840.2 3712.2 3657.02 3662.83 3695.39 3741.21 3799.35 3859.77 3916.7 3940.29 3940.41 3906.47 3820.57 3712.74 3617.4 3543.54 3548.55 3605.24 3685.17 3776.43 3858.84 3944.57 4156.13 4485.32
4527.89 4528.26 4530.99 4526.59 4526.59 4530.46 4528.68 4529.6 4531.97 4541.17 4548.29 4568.94 4598.23 4611.84 4622.51 4638.48 4627.61 4622.07 4616.09 4609.36 4601.93 4594.01 4590.01 4590.58 4589.11 4587.59 4585.52 4585.22 4586.53 4589.91 4596.28 4613.73 4658.35 4710.44 4764.12 4808.85 4838.94 4834.27 4771.45 4605.22 4396.26 4165.85 3971.98 3856.15 3745.46 3671.13 3664.19 3687.16 3726.04 3780.79 3844.49 3919.84 3978.69 3981.91 3923.75 3794.4 3675.54 3589.11 3534.41 3550.1 3608.5 3684.73 3775.18 3857 3967.51 4143.05 4461.51
4527.16 4526.76 4528.11 4528.79 4525.82 4524.59 4527.08 4529.03 4532.66 4540.57 4545.38 4550.86 4549.88 4545.57 4589.01 4652.92 4642.06 4630.58 4622.3 4617.16 4614.09 4613.5 4607.51 4600.53 4596.47 4594.17 4592.01 4590.76 4592.42 4594.4 4600.33 4616.83 4657.56 4711.71 4766.3 4813.33 4841.86 4832.4 4753.26 4615.57 4406.78 4163.72 3954.98 3843.84 3759.06 3678.56 3659.81 3674.48 3705.56 3743.47 3796.41 3866.89 3921.63 3922.84 3873.25 3761.9 3649.85 3558.31 3500.96 3549.82 3609.38 3684.13 3782.11 3914.82 4045.36 4179.35 4463.98
4526.9 4526.09 4527.25 4526.17 4526.53 4526.36 4525.97 4527.59 4532.43 4534.89 4536.46 4538.15 4537.07 4542.02 4552.88 4625.21 4630.47 4627.18 4623.8 4623.06 4622.99 4623.74 4616.66 4611.35 4606.76 4602.34 4598.44 4594.97 4593.48 4596.35 4596.89 4589.62 4653.13 4710.12 4769.87 4820.36 4853.67 4856.33 4804.28 4660.21 4448.53 4200.14 3967.76 3852.86 3753.71 3672.89 3651.86 3658.48 3676.91 3697.69 3718.45 3742.59 3774.25 3791.86 3773.36 3707.52 3625.92 3540.41 3494.86 3559 3613.12 3682.57 3773.1 3912.06 4079.98 4216.25 4504.06
4527.11 4527.19 4526.75 4526.33 4526.77 4525.82 4524.24 4523.51 4524.78 4529.93 4531.46 4533.9 4536.13 4533.26 4531.52 4579.41 4599.17 4610.46 4618.98 4625.38 4627.85 4627.72 4626.22 4620.77 4615.64 4610.63 4606.18 4600.79 4597 4599.73 4607.65 4638.3 4655.33 4705.92 4763.19 4820.6 4864.58 4885.24 4861.1 4736.38 4520.14 4282.75 4072.7 3894.29 3805.99 3698.24 3658.74 3661.17 3664.56 3659.77 3644.63 3619.37 3630.24 3647.66 3636.22 3633.09 3594.98 3542.61 3523.09 3580.92 3626.34 3682.87 3752.62 3873.3 4069.23 4321.49 4623.96
4527.09 4528.21 4526.35 4525.99 4525.94 4524.74 4523.02 4520.41 4517.69 4523.95 4528.23 4532.61 4538.47 4547.76 4537.04 4538.22 4567.24 4593.93 4612.53 4627.27 4635.62 4631.7 4634.79 4629.78 4623.08 4617.92 4614.74 4614.31 4613.02 4603.95 4603.19 4600.59 4637.46 4692.88 4752.38 4814.74 4863.75 4903.6 4921.04 4813.92 4592.08 4350.34 4122.55 3963.18 3886.24 3745.94 3697.09 3689.86 3676.7 3652.94 3611.04 3560.4 3560.37 3570.46 3561 3583.93 3585.08 3569.83 3570.33 3603.85 3661.68 3722.79 3786.11 3915.03 4179.73 4486.48 4744.73
4525.35 4525.66 4525.43 4525.36 4524.59 4523.9 4522.73 4519.98 4518.25 4523.28 4526.28 4531.65 4537.89 4544.09 4541.82 4524.86 4550.24 4579.09 4605.65 4628.99 4650.35 4665.12 4651.05 4636.17 4627.25 4623.6 4621.82 4618.91 4615.83 4604.92 4597.04 4596.88 4624.23 4674.04 4730.85 4790.73 4843.62 4886.24 4901.13 4821.01 4638.81 4437.12 4239.67 4066.63 3972.66 3875.23 3795.84 3755.96 3723.59 3684.76 3637.83 3586.07 3573.94 3577.39 3585.8 3609.89 3616.29 3619.67 3633.43 3667.69 3740.87 3829.32 3919.62 4090.37 4361.66 4707.41 4817.93
4525.05 4525.52 4524.71 4523.72 4523.51 4525.56 4524.62 4520.86 4519.54 4517.4 4522.89 4527.7 4531.41 4535.08 4542.61 4546.84 4549.72 4570.23 4596.88 4624.65 4652.24 4672.24 4642.5 4630.64 4624.2 4622.85 4624.91 4631.11 4624.15 4605.61 4595.21 4587.46 4606.59 4653.48 4703.64 4760.12 4804.2 4838.42 4847.17 4792.83 4664.58 4516.96 4363.93 4214.18 4112.63 4019.04 3910.9 3844.81 3798.61 3752.35 3703.6 3676.3 3635.35 3626.82 3638.93 3658.99 3679.65 3696.95 3725.33 3769.9 3877.44 4010.9 4133.11 4337.64 4623.55 4861.58 4786.66
