real_craters/C066-300m.grd
DSAA
176 176
-26.32 26.32
-26.32 26.32
3495.5457647494 4980.5343041508
[rows 120 to 149 of 176, columns 67 to 133 of 176]
4540.06 4545.02 4559.79 4571.55 4583.98 4597.6 4609.95 4610.18 4618.28 4617.65 4603.23 4590.48 4585.59 4584.87 4586.26 4593.76 4589.74 4589.35 4592.11 4593.77 4596.94 4601.87 4608.2 4606.03 4606.77 4604.74 4594.93 4607.38 4608.18 4604.04 4598.48 4591.75 4584.85 4579.07 4573.46 4566.49 4560.9 4553.49 4547.45 4543.61 4543.66 4545.87 4547.47 4554.69 4569.02 4579.41 4579.37 4574.68 4567.15 4559.06 4550.63 4542.49 4534.68 4527.76 4519.86 4512.6 4505.25 4498.31 4495.8 4494.13 4493.91 4501.03 4510.21 4513.59 4513.72 4513.64 4518.38
4542.38 4546.29 4557.03 4568.37 4580.31 4591.22 4598.63 4601.18 4611.06 4612.69 4595.21 4587.46 4582.79 4580.63 4577.56 4574.85 4578.56 4581.67 4584.49 4585.98 4584.65 4581.63 4583.07 4588.38 4590.81 4592.7 4597.89 4601.11 4599.8 4596.46 4593 4588.18 4584.62 4582.51 4587.19 4580.71 4563.82 4551.91 4543.77 4538.06 4535.73 4539.01 4544.57 4550.48 4570.72 4582.33 4580.71 4574.11 4565.7 4555.24 4546.42 4537.96 4530.38 4523.73 4517.76 4512.37 4508.5 4503.33 4497.95 4494.76 4494.13 4499.22 4507.15 4509.21 4510.24 4511.2 4512.53
4549.46 4553.36 4557.39 4566.33 4575.99 4585.81 4592.71 4596.58 4602.52 4602.65 4592.66 4588.64 4585.63 4580.87 4571.46 4561.65 4569.2 4575.03 4578.86 4580.29 4579.03 4572.82 4571.34 4576.19 4577.97 4581.19 4592.41 4595.47 4590.88 4587.56 4585.2 4583.24 4581.16 4578.34 4568.66 4570.5 4557.4 4547.67 4539.68 4532.76 4526.93 4532.33 4546.47 4561.64 4577.16 4588.18 4579.94 4570.84 4561.57 4552.4 4543.28 4534.35 4526.5 4519.9 4514.94 4511.24 4509.13 4503.76 4498.6 4495.14 4494.41 4497.98 4503.75 4505.14 4507.95 4512.76 4511.75
4549.9 4552.36 4556.36 4564.36 4571.91 4581.02 4589.15 4596.01 4595.12 4589.41 4590.19 4594.88 4597.51 4584.74 4573.7 4567.3 4568.22 4572.57 4576.8 4579.6 4580.69 4579.96 4575.61 4571.35 4567.8 4564.42 4571.26 4579.39 4578.26 4578.07 4576.42 4576.61 4577.06 4576.69 4569.53 4549.25 4546.32 4541.52 4536.23 4531.35 4528.13 4535.93 4551.86 4567.96 4577.45 4577.58 4573.16 4564.54 4555.2 4545.85 4537.42 4529.65 4522.4 4515.8 4510.09 4506.47 4505.82 4501.32 4496.45 4493.9 4493.43 4494.79 4496.88 4498.04 4500.62 4503.79 4502.61
4548.93 4548.45 4555.26 4561.97 4568.34 4575.07 4581.93 4588.77 4585.66 4584.95 4587.26 4589.91 4593.18 4582.52 4574.31 4570.94 4569.24 4571.89 4575.61 4579.72 4583.86 4586.56 4578.87 4568.52 4560.29 4555.75 4552.71 4555.08 4563.81 4566.96 4567.64 4568.93 4571.26 4574.62 4574.48 4550.59 4542.01 4536.96 4533.88 4532.98 4535.62 4544.63 4558.32 4570.78 4576.3 4573.45 4565.24 4555.78 4546.77 4538.5 4530.65 4523.05 4516.01 4508.92 4503.07 4498.32 4495.57 4493.49 4491.71 4491.19 4491.36 4491.43 4488.12 4489.25 4490.32 4488.88 4483.47
4551.35 4552.8 4556.5 4560.01 4563.37 4566.66 4569.3 4569.7 4571.49 4574.33 4572.81 4574.87 4575.84 4576.17 4568.46 4565.23 4568.92 4572.06 4575.29 4579.25 4583.17 4585.49 4576.5 4564.27 4553.27 4544.14 4545.29 4551.62 4554.51 4556.49 4557.68 4558.47 4559.75 4561.65 4559.81 4548.86 4536.54 4531.67 4531.26 4534.08 4539.99 4550.29 4563.66 4577 4580.03 4569.03 4555.62 4545.48 4537.45 4529.95 4522.75 4516.05 4509.25 4502.59 4496.26 4489.53 4483.93 4485.22 4486.32 4487.54 4488.98 4490.29 4484.27 4482.93 4482.7 4480.63 4474.5
4552.72 4558.26 4556.94 4556.49 4556.95 4558.35 4558.86 4557.96 4564.66 4570.02 4565.7 4566.6 4574.65 4572.34 4572.15 4570.26 4569.76 4571 4573.66 4576.81 4578.85 4577.16 4570.37 4559.42 4548.45 4538.97 4540.86 4545.92 4547.32 4547.89 4547.57 4546.59 4544.53 4541.22 4535.42 4526.56 4522.9 4523.7 4526.36 4532.48 4541.95 4551.1 4563.81 4577.87 4579.41 4555.17 4540.04 4532.55 4526.09 4520.07 4514.32 4508.03 4502.41 4496.73 4490.98 4484.8 4479.19 4480.99 4482.45 4483.55 4484.68 4484.42 4480.04 4478.4 4478.81 4479.42 4477.5
4548.73 4550.3 4550.51 4550.36 4550.83 4552.27 4553.32 4552.53 4567.75 4572.27 4571.43 4568.45 4561.14 4566.05 4576.26 4573.63 4569.4 4569.09 4570.87 4573.43 4576.27 4574.66 4565.63 4554.83 4544.27 4541.12 4537.77 4539.33 4540.83 4540.15 4538.15 4534.82 4529.61 4523.29 4518.17 4513.76 4513.53 4515.79 4518.75 4524.4 4534.12 4544.19 4556.11 4566.17 4563.28 4543.71 4527.19 4520.62 4515.71 4511.54 4506.94 4502.46 4497.61 4492.28 4487.9 4484.89 4483.1 4480.63 4480.22 4480.41 4480.44 4477.97 4473.35 4474.93 4476.84 4479.26 4477.74
4541.52 4541.37 4540.78 4541.5 4543.44 4546.45 4551.9 4559.48 4568.23 4573.57 4580.87 4579.65 4568.71 4564.18 4565.3 4564.7 4563.18 4563.68 4565.95 4567.65 4567.96 4567.87 4560.33 4551.02 4539.4 4526.68 4533.11 4537.05 4535.51 4533.27 4529.83 4524.91 4518.05 4507.94 4505.67 4508.6 4509.63 4508.69 4509.71 4511.74 4518.41 4531.57 4543.23 4552.66 4557.32 4532.9 4516.71 4510.04 4506.42 4503.52 4500.63 4497.26 4493.11 4488.63 4484.72 4481.9 4480.6 4479.2 4478.16 4478.18 4477.5 4475.83 4474.89 4474.78 4476.1 4476.11 4471.8
4533 4529.32 4528.8 4531.86 4535.33 4540.02 4547.15 4554.92 4555.99 4557.83 4565.76 4575.92 4563.77 4553.59 4547.6 4549.64 4553.57 4557.04 4560.63 4563.01 4561 4557.29 4555.93 4549.97 4542.72 4535.77 4533.92 4532.25 4530.97 4527.76 4523.32 4518.1 4512.28 4507.26 4502.39 4501.84 4501.76 4500.89 4502.28 4504.46 4510.07 4520.38 4528.89 4532.42 4525.05 4516.08 4505.55 4500.06 4498.2 4496.52 4494.64 4492.49 4489.64 4485.86 4481.97 4477.17 4475.96 4476.47 4476.14 4475.99 4475.4 4474 4473.16 4475.1 4479.82 4481.31 4478.17
4525.41 4522.03 4521.96 4522.65 4526.34 4531.67 4538.88 4543.35 4544.09 4541.52 4538.46 4546.27 4542.2 4531.96 4525.76 4535.65 4544.65 4551.14 4556.23 4560.79 4565.9 4563.09 4555.71 4550.43 4547.11 4544.06 4536.73 4533.24 4528.93 4523.78 4518.56 4513.25 4508.18 4502.86 4498.29 4493.51 4490.23 4493.77 4497.05 4501.31 4506.33 4512.18 4517.24 4518.53 4514.67 4503.52 4491.42 4491 4491.97 4491.67 4491.08 4490.05 4488.16 4485.88 4482.31 4477.46 4476.01 4476.18 4474.98 4474.54 4474.2 4473.82 4472.66 4478.69 4490.75 4499.07 4500.54
4516.3 4511.75 4509.7 4511.77 4517.27 4523.52 4531.16 4535.34 4537.75 4536.27 4526.87 4529.16 4532.68 4524.03 4518.11 4531.56 4540.27 4546.82 4551.67 4555.47 4558.88 4558.12 4553.33 4549.05 4544.77 4540.02 4535.73 4530.68 4525.53 4519.9 4514.15 4508.71 4504.26 4501.35 4495.25 4490.81 4488.84 4490.51 4493.1 4496.33 4501.05 4505.56 4509.17 4509.7 4506.84 4495.86 4483.55 4487.39 4488.61 4489.07 4489.43 4488.64 4487.92 4487.22 4486.05 4482.5 4480.23 4477.42 4475.31 4473.83 4473.75 4475.87 4481.51 4490.85 4506.5 4524.07 4538.71
4508.36 4501.23 4495.29 4502.17 4509.01 4516.42 4525.72 4531.5 4537.84 4538.34 4536.98 4544.07 4551.16 4553.36 4545.57 4539.02 4540.76 4544.99 4548.67 4550.04 4547.42 4549.52 4548.76 4545.61 4543.35 4538.63 4532.74 4528.11 4523.13 4516.3 4509.88 4504.18 4499.28 4495.4 4491.9 4489.79 4489.55 4489.57 4490.64 4493.57 4496.9 4500.95 4503.99 4504.84 4500.7 4497.34 4496.44 4492.21 4491.12 4489.55 4489.06 4488.1 4488.02 4488.43 4490.27 4496.87 4485.26 4478.18 4474.72 4473.69 4473.67 4477.02 4486.73 4500.9 4517.09 4542.6 4572.56
4503.11 4496.92 4495.29 4497.6 4503.84 4511.62 4519.37 4526.91 4530.48 4535.44 4543.59 4554.83 4568.74 4578.32 4555.5 4543.55 4541.81 4544.46 4548.08 4550.72 4550.42 4549.45 4546.59 4540.91 4535.07 4531.48 4527.9 4524.01 4518.98 4511.65 4505.65 4499.97 4494.24 4489.55 4488.67 4488.31 4489.07 4489.06 4488.63 4488.3 4493.95 4498.31 4501.37 4503.78 4507.95 4507.78 4498.61 4496.28 4494.62 4492.12 4489.92 4488.02 4487.37 4487.28 4488.25 4486.73 4483.67 4478.34 4474.4 4471.93 4471.43 4472.56 4477.36 4490.29 4511.81 4539.99 4572.19
4498.48 4493.01 4490.1 4493.2 4499.24 4507.29 4515.47 4524.37 4529.73 4535.83 4544.75 4550.32 4563.18 4577.22 4542.7 4538.9 4540.14 4543.73 4548.43 4553.59 4557.75 4553.65 4547.75 4538.49 4526.32 4525.69 4524.37 4518.96 4511.04 4507.43 4502.13 4496.81 4492.18 4488.57 4486.6 4486.34 4487.59 4488.72 4490.59 4492.4 4495.04 4497.77 4499.76 4501.3 4502.8 4503.31 4504.89 4503.2 4498.38 4494.15 4491.09 4488.45 4486.77 4485.33 4484.35 4483.73 4481.68 4479.17 4474.17 4470.24 4468.65 4467.33 4466.57 4473.6 4496.29 4517.11 4527.79
4494.63 4489.86 4487.43 4489.64 4495.38 4503.56 4513.3 4523.98 4534.21 4540.51 4547.65 4546.97 4543.82 4533.8 4527.98 4533.11 4537.88 4542.41 4547.6 4552.3 4555.84 4555.66 4552.28 4544.69 4531.22 4530.4 4526.56 4519.86 4513.65 4505.44 4499.86 4494.46 4490.28 4487.15 4484.84 4484.33 4484.69 4487.85 4493.87 4498.82 4498.74 4498.92 4498.92 4498.29 4496.63 4496.57 4505.29 4506.42 4499.93 4494.94 4491.26 4488.31 4485.71 4483.35 4480.98 4479.35 4479.37 4478.1 4475.37 4471.05 4467.92 4465.46 4463.73 4468.55 4484.29 4494.31 4493.75
4491.34 4486.81 4483.81 4484.64 4490.86 4499.5 4509.94 4522.3 4535.98 4544.76 4547.88 4545.32 4540.24 4529.28 4528.33 4532.11 4536 4540.49 4546.22 4550.76 4554.17 4557.02 4558.76 4559.74 4556.34 4544.58 4533.3 4522.13 4509.55 4504.67 4499.47 4493.12 4486.05 4483.82 4483.61 4483.61 4484.42 4488.25 4495 4499.9 4500.82 4500.39 4499.13 4497.01 4494 4492.18 4498.43 4500.41 4497.35 4494.58 4491.44 4488.22 4484.83 4481.38 4479.44 4478.78 4477.77 4477.6 4477.28 4474.01 4469.61 4467.4 4466.53 4472.41 4479.26 4481.49 4480.61
4488.68 4483.85 4478.76 4479.12 4486.58 4495.6 4505.78 4517.94 4532.32 4549.53 4552.47 4555.58 4548.39 4539.47 4536.7 4535.37 4536.15 4538.42 4542.32 4549.35 4554.4 4556.14 4561.21 4569.01 4573.22 4554.25 4539.46 4527.64 4518.29 4509.91 4501.35 4494.31 4488.78 4485.65 4484.43 4484.61 4486.27 4490.61 4496.32 4501.05 4503.01 4502.44 4500.63 4497.95 4494.64 4492.59 4491.97 4491.21 4494.02 4493.8 4491.65 4487.99 4484.33 4479.89 4474.29 4474.84 4477.5 4478.72 4478.54 4476.75 4475.03 4471.98 4469.18 4470.18 4473.36 4474.09 4474.05
4487.31 4482.62 4478.29 4478.26 4483.17 4491.21 4499.52 4508.37 4518.53 4528.37 4536.95 4553.87 4550.29 4536.11 4539.64 4535.61 4532.66 4532.55 4533.89 4535.68 4543.13 4550.22 4557.12 4562.19 4561.01 4552.6 4540.72 4530.09 4522.93 4511.85 4502.35 4496.06 4491.77 4488.71 4486.73 4486.68 4488.27 4492.97 4502.17 4506.36 4506.46 4505.13 4502.99 4500.38 4497.53 4494.08 4493.97 4494.32 4494.71 4494.5 4492.69 4489.71 4485.58 4481.66 4479.24 4478.25 4479.37 4481.17 4481.38 4480.99 4480.04 4478.24 4474.55 4468.89 4467.23 4470.79 4473.71
4487.9 4482.77 4478.48 4477.07 4481.34 4486.77 4492.59 4496.87 4498.68 4491.57 4501.89 4525.5 4536.3 4531.42 4533.21 4529.82 4527.18 4526.41 4526.17 4525.47 4532.18 4542.08 4549.6 4554.43 4553.89 4547.19 4537.78 4527.53 4516.27 4507.35 4501.12 4495.77 4495.39 4490.57 4489.61 4489.86 4490.59 4493.98 4505.86 4510.9 4510.15 4508.2 4505.88 4503.62 4502.11 4502.49 4500.97 4498.19 4498.39 4497.59 4495.72 4492.55 4488.36 4483.75 4482.17 4481.67 4482.88 4484.44 4485.89 4487.5 4486.83 4486.19 4484.78 4481.97 4469.73 4471.75 4478.91
4489.95 4484.91 4481.01 4479.34 4482.23 4484.36 4487.29 4488.63 4488.04 4485.01 4486.76 4487.15 4509.26 4523.46 4522.39 4519.98 4517.68 4517.74 4520.81 4527.16 4529.2 4534.2 4541.09 4546.54 4546.14 4540.95 4533.43 4524.62 4515.27 4506.92 4500.66 4493.53 4487.67 4491.89 4494.3 4495.69 4496.76 4499.58 4509.77 4513.78 4512.93 4510.73 4508.24 4506.12 4505.21 4505.74 4505.5 4505.75 4503.14 4501.62 4500.3 4497.51 4492.84 4486.78 4481.8 4485.25 4488.49 4490.77 4492.47 4492.77 4493.94 4494.59 4494.41 4492.17 4473.94 4475.95 4482.81
4491.27 4487.29 4485.09 4486.06 4485.03 4483.1 4483.68 4484.22 4485.62 4486.48 4483.89 4485.81 4485.91 4495.95 4506.87 4506.05 4505.49 4505.9 4508.81 4515.44 4519.31 4524.29 4530.72 4539.21 4538.49 4534.36 4529.26 4522.71 4514.96 4508.12 4504.89 4499.02 4494.21 4499.15 4502.39 4504.53 4506.42 4509.24 4514.34 4517.14 4516.21 4513.13 4510.29 4507.82 4506.06 4505.67 4505.01 4504.88 4505.01 4505.8 4506.19 4505.36 4501.88 4495.58 4491.58 4493.39 4495.68 4497.2 4498.23 4499.2 4498.38 4500.13 4500.81 4498.04 4483.62 4486.51 4491.19
4493.77 4489.62 4486.65 4486.95 4484.72 4481.7 4480.91 4482.23 4484.3 4486.73 4487.61 4490.2 4491.76 4489.62 4487.99 4491.4 4493.13 4492.7 4491.75 4494.46 4505.15 4513.79 4517.56 4519.46 4525.51 4528.26 4526.44 4522.33 4518.53 4516.36 4513.53 4513.33 4512.91 4512.03 4513.62 4515.36 4517.27 4520.06 4523.42 4521.94 4518.22 4514.71 4511.48 4508.58 4506.12 4504.04 4502.23 4502.73 4505.75 4510.54 4514.57 4516.76 4515.76 4509.26 4504.75 4505.7 4505.19 4504.17 4502.55 4502.35 4502.52 4503.51 4506.14 4508.68 4507.62 4501.39 4503.19
4495.85 4491.32 4487.24 4483.12 4481.7 4481.03 4479.83 4480.78 4481.63 4480.63 4477.45 4488.29 4493.77 4487.85 4485.17 4486.04 4485.04 4482.53 4479.32 4482.11 4496.78 4509.99 4515.64 4508.64 4522.38 4527.29 4526.06 4522.56 4519.25 4517.73 4518.21 4523.64 4525.9 4524.77 4525.36 4526.84 4527.92 4529.24 4530.27 4525.95 4520.87 4516.68 4513.07 4510.13 4507.68 4505.15 4503.68 4503.72 4509.01 4517.32 4524.12 4529.24 4533.94 4535.27 4529.01 4522.31 4513.69 4508.83 4505.77 4503.97 4504.97 4506.44 4507.96 4508.49 4504.62 4506.54 4513.64
4496.06 4491.39 4486.87 4482.85 4481.07 4480.75 4481.03 4480.72 4480.06 4478.52 4480.24 4486.02 4481.33 4483.12 4486.66 4485.79 4481.47 4477.94 4475.69 4480.78 4496.56 4514.55 4532.7 4542.76 4536.8 4532.28 4527.95 4523.41 4518.41 4514.17 4518.56 4526.38 4532.09 4535.2 4537.24 4537.98 4537.57 4535.63 4533 4527.75 4521.85 4517.51 4514.54 4512.77 4510.62 4508.08 4505.74 4509.67 4516.96 4528.33 4534.62 4539.85 4548.69 4565.36 4554.85 4533.95 4518.66 4510.09 4505.26 4504.23 4505.96 4507.04 4508.44 4509.84 4508.93 4502.37 4515
4496.35 4492.02 4487.8 4484.64 4482.37 4481.75 4482.52 4482.82 4482.91 4481.76 4481.99 4491.18 4492.96 4483.15 4484.15 4483.12 4480.42 4477.82 4477.36 4483.84 4498.72 4518 4541.75 4557.71 4544.88 4535.95 4529.85 4524.82 4520.27 4517.47 4521.11 4527.16 4537.53 4545.29 4548.88 4549.38 4546.72 4541.43 4535.86 4528.29 4521.6 4517.73 4516.19 4515.27 4515.6 4515.88 4518.18 4527.55 4539.09 4544.64 4544.93 4543.67 4543.76 4548.14 4543.6 4530.36 4519.42 4512.18 4507.97 4507.08 4503.76 4503.48 4505.29 4507.22 4508.03 4492.32 4502.55
4497.9 4494.07 4490.15 4486.45 4483.77 4484.59 4486.7 4487.88 4488.04 4486.35 4483.66 4491.59 4505.24 4491.65 4486.89 4483.09 4482.38 4480.62 4479.47 4486.13 4498.82 4514.45 4530.61 4540.16 4538.76 4534.22 4530.36 4527.19 4524.44 4523.73 4530.02 4535.38 4550.59 4558.47 4561.32 4560.98 4556.42 4546.64 4538.86 4526.08 4518.08 4515.81 4516.74 4519.83 4524.05 4528.45 4534 4550.74 4566.67 4563.92 4554.43 4542.45 4528.25 4512.07 4515.9 4517.48 4514.41 4511.26 4508.76 4507.06 4500.44 4499.27 4498.14 4496.16 4489.92 4478.2 4485.33
4499.85 4497.25 4494.26 4490.54 4487.6 4490.35 4493.87 4496.21 4496.91 4494.91 4490.83 4488.42 4505.56 4507.45 4498.15 4490.87 4489.14 4487.67 4486.29 4490.58 4498.56 4506.95 4514.76 4522.48 4527.43 4529.17 4529.87 4530.47 4530.74 4531.11 4545.31 4571.37 4572.76 4573.33 4573.27 4572.02 4568.27 4559.35 4533.67 4515.98 4511.07 4512.64 4517 4523.96 4532.94 4543.21 4555.37 4574.95 4594.94 4578.91 4560.22 4540.82 4520.9 4504.59 4503.45 4506.25 4505.95 4505.02 4503.55 4501.95 4497.23 4495.02 4489.74 4484.36 4475.61 4471.47 4474.86
4502.46 4501.37 4499.94 4498.75 4498.34 4500.58 4503.12 4505.66 4507.41 4508.57 4510.57 4497.21 4496.24 4506.7 4504.85 4501.54 4497.87 4497.76 4499.13 4498.63 4499.62 4500.89 4501.09 4507.89 4517.03 4523.48 4528.78 4534.26 4540.39 4547.17 4566.63 4590.14 4588.98 4584.62 4582.18 4580.41 4576.34 4560.92 4514.5 4498.95 4501.76 4508 4516.47 4526.72 4539.62 4555.17 4573.46 4590.03 4592.92 4582.29 4560.06 4537.98 4518.3 4502.55 4499.89 4499.7 4498.81 4498.54 4497.58 4496.42 4493.27 4490.4 4484.75 4477.57 4470.53 4469.7 4471.43
4505.73 4506.44 4507.09 4507.73 4509.43 4510.73 4513.82 4516.56 4518.59 4519.36 4517.74 4504.01 4493.08 4498.63 4503.09 4501.78 4501.72 4505.48 4510.82 4505.28 4501.09 4498.39 4497.45 4502 4510.23 4518.63 4527.64 4537.54 4549.74 4566.06 4589.36 4603.81 4592.71 4586.35 4584.14 4583.27 4579.15 4559.31 4506.72 4490.35 4496.31 4505.54 4515.8 4527.21 4541.42 4559.11 4581.69 4599.42 4601.35 4577.89 4550.73 4529.83 4516.78 4508.12 4497.04 4494.02 4492.51 4492.4 4490.92 4490.52 4488.68 4485.59 4481.97 4477.3 4472.15 4471.23 4471.78
