real_craters/C066-300m.grd
DSAA
176 176
-26.32 26.32
-26.32 26.32
3495.5457647494 4980.5343041508
[rows 30 to 59 of 176, columns 0 to 66 of 176]
4561.1 4560.76 4560.39 4560.08 4559.89 4559.73 4559.68 4559.72 4559.54 4559.29 4558.9 4558.2 4557.63 4557.22 4557.59 4557.49 4555.21 4554.37 4554.56 4554.84 4555.01 4554.92 4553.86 4552.84 4552.28 4552.03 4552.03 4552.1 4552.05 4551.78 4551.42 4550.81 4549.98 4549.02 4548.64 4547.84 4547.31 4547.07 4547.16 4547.85 4548.67 4548.59 4547.55 4547.32 4548.31 4548.93 4549.92 4550.89 4550.69 4549.7 4548.23 4546.42 4545.73 4547.13 4552.92 4565.51 4579.46 4589.98 4591.32 4587.92 4581.4 4572.74 4562.1 4565.6 4576.42 4575.24 4571.65
4561.01 4560.7 4560.41 4560.26 4560.23 4560.29 4559.9 4559.85 4559.5 4559.09 4558.83 4558.4 4557.78 4557.33 4557.02 4556.45 4555.16 4554.78 4554.72 4554.98 4555.12 4554.95 4554.99 4553.35 4552.83 4552.55 4552.49 4552.54 4552.56 4552.38 4551.87 4551.03 4550.29 4549.51 4548.3 4546.99 4546.1 4545.7 4546 4547.03 4548.54 4548.63 4547.57 4547.54 4549.01 4551.02 4554.41 4556.76 4556.94 4555.51 4552.48 4549.42 4547.28 4547.45 4554.47 4581.77 4610.33 4608.1 4599.56 4589.94 4578.8 4566.37 4554.7 4560.56 4572.88 4570.9 4565.2
4560.93 4560.73 4560.53 4560.42 4560.28 4560.03 4559.82 4559.44 4559.12 4558.67 4559.03 4558.85 4557.78 4556.8 4556.21 4555.92 4554.6 4554.64 4554.95 4555.29 4555.51 4555.17 4554.07 4554.22 4553.48 4553.1 4552.98 4552.98 4553.12 4553.26 4552.39 4551.3 4550.51 4549.9 4548.19 4546.46 4545.27 4544.71 4545.31 4546.3 4548 4548.95 4548.65 4547.64 4547.7 4554.53 4561.4 4565.17 4565.2 4562.75 4558.48 4554.06 4550.28 4549.1 4557.89 4588.04 4616.71 4615.65 4604.95 4591.91 4578.11 4564.93 4560.4 4565.75 4564.11 4559.87 4556.24
4560.66 4560.47 4560.36 4560.28 4560.2 4560.04 4559.49 4559.29 4558.94 4558.72 4559.04 4558.76 4557.51 4556.27 4555.67 4556.24 4554.64 4554.88 4555.23 4555.77 4556.31 4556.51 4555.59 4554.35 4553.7 4553.4 4553.23 4553.11 4553.19 4553.28 4552.36 4551.3 4550.11 4549.2 4548.05 4546.66 4545.89 4544.93 4544.6 4545.52 4548.21 4551.41 4554.01 4553.66 4548.45 4564.74 4574.65 4577.98 4576.32 4572.12 4566.83 4561 4555.64 4552.44 4559.6 4587.28 4610.56 4614.99 4606.03 4592.12 4576.37 4561.42 4551.81 4553.6 4555.65 4552.92 4550.37
4560.04 4560.1 4560.11 4560.12 4560.08 4559.99 4559.74 4559.22 4558.73 4558.41 4558.79 4558.22 4557.03 4555.86 4555.29 4555.68 4555.23 4554.91 4555.57 4556.29 4557.14 4558.05 4556.66 4554.15 4553.98 4553.7 4553.45 4553.24 4552.96 4552.31 4551.88 4551.33 4550.8 4549.89 4549.07 4547.93 4547 4545.65 4544.64 4545.07 4547.87 4556.29 4566.32 4575.08 4579.84 4592.18 4596.46 4594.45 4588.99 4582.38 4576.64 4570.06 4564.12 4559.85 4567.15 4590.06 4610.54 4614.95 4606.18 4592.2 4575.78 4558.97 4543.11 4540.42 4558.89 4559.44 4550.67
4559.62 4559.81 4559.93 4559.94 4559.9 4559.83 4559.68 4559.26 4558.55 4558.01 4557.95 4557.53 4556.53 4555.49 4554.98 4556.01 4555.93 4555.63 4555.59 4556.16 4556.99 4558.18 4557.59 4555.44 4554.45 4554 4553.78 4553.42 4552.91 4552.36 4552.04 4551.54 4552.21 4551.69 4550.77 4550.1 4549.61 4548.02 4546.1 4545.5 4549.37 4563.55 4583.06 4605 4628.72 4631.71 4622.75 4612.34 4602.27 4593.2 4586.18 4579.51 4575.13 4571.16 4577.58 4596.3 4612.84 4616.56 4607.37 4594.22 4578.86 4562.67 4547.81 4544.08 4566.11 4570.71 4559.86
4559.41 4559.62 4559.78 4559.8 4559.63 4559.41 4559.12 4558.61 4558.43 4558.19 4557.67 4557.13 4556.28 4555.31 4554.8 4556.21 4555.47 4554.86 4555.23 4555.68 4556.01 4555.8 4555.09 4555.09 4554.97 4554.55 4554.07 4553.64 4553.22 4552.87 4552.46 4551.46 4551.43 4551.93 4553.2 4554.01 4554.32 4553.11 4550.32 4547.51 4551.36 4571.07 4598.13 4628.83 4660.52 4662.42 4643.48 4625.87 4611.8 4601.87 4594.18 4589.25 4587.58 4588.26 4593.54 4604.34 4613.41 4614.66 4608.49 4596.78 4583.31 4570.08 4561.76 4567.09 4589.9 4604.99 4579.27
4559.17 4559.59 4559.87 4559.92 4559.54 4558.92 4558.58 4558.29 4558.3 4558.33 4558.2 4557.27 4556.32 4555.41 4554.99 4556.41 4555.63 4554.75 4554.88 4555.26 4555.38 4555.32 4556.28 4556.14 4555.44 4554.81 4554.3 4553.88 4553.46 4553.03 4552.57 4551.32 4551.64 4553.28 4556.65 4559.98 4562.28 4562.9 4560.6 4554.59 4552.44 4579.86 4608.79 4638.38 4669.35 4671.46 4648.26 4630.03 4616.51 4606.42 4599.67 4596.24 4597.79 4604.27 4607.09 4611.5 4616.51 4618.19 4611.43 4600.16 4587.62 4576.95 4570.48 4573.86 4598.83 4619.48 4585.97
4559.41 4559.8 4560.15 4560.37 4560.38 4559.72 4558.69 4558.37 4558.14 4558.11 4557.89 4557.26 4556.48 4555.73 4555.12 4556.2 4555.5 4554.79 4554.94 4555.29 4555.48 4555.47 4558.28 4556.91 4555.72 4554.95 4554.42 4554 4553.69 4553.3 4552.79 4551.71 4551.08 4555.4 4561.35 4567.16 4572.71 4577.33 4579.87 4577.57 4574.98 4597.45 4617.28 4634.9 4647.32 4645.29 4636.06 4623.99 4613.63 4605.71 4600.72 4598.43 4599.97 4604.88 4608.57 4613.83 4621.33 4625.42 4614.09 4601.85 4591.62 4582.72 4576.72 4578.76 4592.87 4593.2 4586.03
4559.66 4560.1 4560.46 4560.78 4561.05 4560.34 4558.81 4557.74 4557.88 4557.82 4557.48 4557.15 4556.77 4556.4 4556.09 4555.82 4555.1 4554.78 4555.27 4555.48 4555.79 4556.52 4555.64 4555.61 4555.18 4554.7 4554.29 4554.01 4553.93 4554.3 4555.11 4554.35 4554.51 4559.63 4567.05 4575.5 4584.61 4594.63 4605.39 4616.85 4624.36 4622.64 4625.58 4628.22 4626.7 4620.95 4618.2 4612.51 4606.65 4601.43 4597.69 4596.06 4595.94 4594.94 4602.65 4609.29 4615.76 4618.82 4609.87 4600.78 4592.37 4585.97 4582.95 4586.07 4595.37 4604.04 4593.28
4560.05 4560.45 4560.66 4560.8 4560.77 4559.84 4558.47 4557.86 4557.6 4557.2 4557.02 4557.08 4557.02 4557.02 4557.17 4555.37 4554.74 4554.72 4555.09 4555.48 4555.84 4554.68 4553.87 4554.37 4554.43 4554.18 4553.89 4553.65 4553.56 4553.89 4554.48 4554.99 4559.75 4563.5 4572.17 4583.04 4595.49 4609.86 4627.04 4647.09 4653.47 4641.28 4631.34 4622.92 4613.84 4605.14 4602.07 4599.67 4596.78 4593.93 4592.24 4591.66 4592.52 4593.69 4597.51 4601.65 4603.97 4600.67 4599.98 4596.89 4591.76 4587.46 4585.73 4588.24 4596.47 4602.66 4600.56
4560.06 4560.53 4560.69 4560.65 4560.02 4559.01 4557.77 4557.23 4557.24 4557.42 4557.25 4557.2 4557.18 4557.08 4556.81 4554.9 4554.39 4554.66 4555.05 4555.06 4555.24 4556.61 4553.99 4554.01 4553.9 4553.76 4553.46 4553.17 4552.77 4552.02 4550.67 4550.59 4554.06 4563.93 4575.51 4588.57 4603.11 4618.96 4636.76 4658.13 4662.83 4646.34 4631.87 4618.06 4603.93 4590.35 4588.52 4588.2 4587.03 4585.53 4584.47 4584.8 4587.72 4592.27 4592.28 4594.54 4596.47 4596.65 4597.1 4594.91 4591.35 4588.25 4585.99 4586.96 4591.24 4593.42 4599.07
4559.81 4560.22 4560.73 4560.87 4560.4 4558.99 4557.54 4557.3 4557.27 4557.39 4557.43 4557.31 4557.16 4556.84 4556.03 4555 4554 4553.53 4555.59 4554.59 4551.99 4551.23 4554.16 4553.89 4553.69 4553.53 4553.26 4552.88 4552.41 4551.66 4550.43 4549.13 4553.19 4564.53 4577.93 4592.29 4607.6 4622.58 4635.63 4641.33 4644.78 4640.6 4628.52 4613.62 4597.78 4581.98 4580.08 4579.52 4578.16 4576.74 4575.72 4575.77 4577.48 4580.38 4583.56 4587.17 4591.58 4596.37 4595.74 4592.4 4589.26 4586.33 4584.17 4582.79 4587.98 4591.4 4593.15
4559.87 4560.35 4560.98 4561.34 4561.21 4559.71 4558.38 4558.11 4558 4557.39 4557.43 4557.44 4557.16 4556.72 4556.24 4554.92 4553.68 4553 4555.06 4554.7 4554.36 4554 4553.58 4553.51 4553.38 4553.23 4553.04 4552.8 4552.52 4552.26 4551.92 4550.49 4554.46 4565.73 4579.93 4594.57 4609.82 4624.38 4634.99 4639.89 4640.1 4635.17 4624.2 4610.14 4595.9 4585.66 4578.01 4573.44 4570.55 4568.56 4566.67 4565.47 4565.42 4568.2 4573.48 4579.27 4584.88 4589.73 4591.09 4589.08 4586.86 4585.04 4583.89 4584.65 4597.43 4593.88 4590.26
4560.05 4560.81 4561.39 4561.63 4561.26 4560.2 4558.96 4558.05 4557.63 4557.4 4557.97 4557.76 4557.23 4556.5 4555.55 4554.16 4553.37 4553.45 4554.14 4554.3 4553.24 4553.14 4553.17 4553.04 4552.98 4552.97 4552.93 4552.81 4552.67 4552.59 4552.18 4551.7 4556.43 4567.3 4581.04 4596.24 4611.3 4626 4637.91 4641.33 4641.05 4632.85 4620.55 4606.77 4593.35 4582.32 4574.03 4567.88 4563.71 4560.76 4558.09 4555.96 4554.4 4557.68 4564.71 4571.59 4577.87 4583.58 4586.15 4584.83 4584.15 4584.08 4584.68 4586.85 4591.62 4594.15 4591.73
4560.15 4561.53 4561.69 4561.83 4561.39 4560.12 4559.05 4558.02 4557.72 4560.46 4559.33 4558.31 4557.27 4556.22 4555.07 4553.76 4553.07 4553.07 4554.09 4554.21 4553.42 4552.46 4552.4 4552.53 4552.61 4552.63 4552.56 4552.56 4552.53 4552.35 4551.21 4551.28 4557.12 4568.14 4581.5 4596.11 4610.74 4625.61 4640.27 4657.54 4645.09 4630.59 4616.4 4601.99 4588.52 4577.1 4568.53 4562.12 4557.72 4554.2 4551.87 4549.58 4547.62 4551.63 4558.88 4565.46 4571.04 4575.03 4577.09 4579.71 4581.8 4583.72 4585.43 4589.13 4595.78 4594.82 4593.36
4559.78 4560.57 4561.17 4561.7 4561.49 4559.99 4559.22 4559.3 4560.24 4560.73 4559.85 4558.53 4557.24 4555.99 4554.74 4553.66 4552.88 4552.41 4552.67 4553.58 4553.31 4552.07 4552.19 4552.36 4551.59 4551.43 4551.27 4551.33 4551.29 4551.38 4550.83 4551.36 4557.48 4567.9 4580.36 4594.31 4608.51 4622.29 4633.66 4638.04 4635.67 4624.27 4610.06 4595.54 4581.83 4570.21 4561.59 4555.59 4552.28 4550.03 4548.71 4547.29 4546.06 4550.28 4556.58 4562.37 4566.85 4569.21 4570.53 4576.58 4580.75 4583.79 4586.1 4588.29 4589.91 4594.88 4601.04
4559.87 4559.97 4560.52 4561.23 4561.55 4561.31 4560.45 4559.85 4559.69 4560.07 4559.59 4558.45 4557.13 4555.76 4554.5 4553.48 4552.74 4552.33 4552.3 4552.76 4552.51 4552.04 4551.85 4552.1 4552.16 4551.44 4551.21 4550.42 4550.45 4550.66 4550.38 4551.93 4558.25 4567.35 4578.8 4591.05 4604.08 4616.81 4626.9 4627.94 4626.06 4615.68 4602.28 4588.11 4573.93 4560.42 4550.46 4548.41 4547.84 4547.83 4548.1 4548.83 4550.78 4553.29 4557.53 4562.4 4566.5 4570.28 4575.31 4578.35 4582 4585.52 4587.74 4588.05 4583.31 4596.48 4615.32
4560.74 4559.97 4560.32 4561.18 4561.62 4562.03 4561.2 4560.06 4559.64 4560.43 4559.5 4558.36 4557.03 4555.59 4554.36 4553.34 4552.56 4552.69 4553.02 4552.68 4552.65 4552.48 4552.19 4551.98 4551.83 4551.7 4551.91 4551.87 4551.56 4551.47 4550.98 4552.93 4558.15 4566.11 4575.96 4586.4 4597.43 4609.36 4622.53 4630.66 4618.7 4606.14 4593.61 4580.77 4567.37 4553.28 4541.22 4544.15 4546.15 4547.5 4548.83 4550.82 4557 4557.28 4560.87 4565.28 4569.04 4572.53 4576.85 4579.64 4584.61 4589.47 4593.05 4596.24 4600.28 4607.55 4612.33
4558.32 4560.6 4561.41 4561.09 4561.57 4561.62 4561.78 4561.03 4560.23 4559.86 4559.31 4558.34 4557.1 4555.48 4554.36 4553.59 4553.5 4552.81 4553.02 4552.76 4552.32 4552.36 4552.54 4552.83 4553.13 4553.26 4553.17 4553.16 4552.65 4552.4 4552.98 4553.37 4557.76 4564.91 4572.45 4580.38 4588.08 4596.01 4606.65 4615.56 4602.91 4592.7 4583.57 4573.65 4563.4 4553.04 4544.96 4546.36 4547.85 4549.61 4550.89 4551.11 4552.59 4559.94 4565.53 4570.3 4573.69 4574.87 4573.38 4580.32 4590.08 4596.63 4600.79 4605.47 4613.83 4616.75 4609.7
4559.99 4566.32 4570.06 4568.4 4563.69 4563.94 4563.6 4562.33 4560.69 4559.76 4559.23 4558.44 4557.48 4556.66 4555.05 4553.45 4551.52 4552.3 4552.84 4552.73 4552.28 4552.52 4553.26 4553.98 4554.76 4555.24 4555.34 4554.7 4553.9 4553.1 4553.58 4553.48 4557.56 4564.67 4570.92 4575.99 4578.79 4579.33 4576.86 4576.07 4579.76 4578.14 4573.78 4567.87 4561.73 4556.07 4553.85 4552.8 4552.25 4553.7 4555.65 4556.85 4558.84 4565.93 4572.34 4577.99 4582.03 4584.55 4584.14 4591.79 4601.39 4606.07 4608.01 4609.18 4609.83 4607.58 4607.91
4561.18 4568.71 4571 4545.05 4557.59 4567.76 4565.36 4562.38 4562.31 4560.99 4559.49 4558.49 4557.68 4556.81 4555.6 4554.17 4553.23 4553.18 4553.3 4553.19 4553.22 4553.42 4554.41 4555.45 4556.44 4557.23 4557.37 4557.28 4556.32 4554.26 4552.61 4551.7 4558.36 4567.26 4572.91 4574.82 4573.13 4567.61 4557.82 4555.27 4563.51 4566.91 4566.87 4564.21 4561 4558.56 4559.39 4558.12 4556.87 4558.6 4562.19 4567.84 4572.04 4574.8 4580.09 4586.51 4593.59 4601.32 4609.81 4616.95 4618.4 4617.7 4616.1 4612.63 4604.9 4600.71 4607.81
4559.61 4563.64 4553.15 4528.67 4552.47 4566.82 4564.93 4562.08 4561.76 4560.52 4559.21 4558.41 4557.77 4557.16 4556.21 4555.38 4554.94 4554.74 4554.71 4554.44 4553.97 4554.41 4555.56 4556.76 4558.06 4559.43 4560.78 4561.77 4561.51 4558.98 4552.84 4552.33 4566.27 4576.61 4579.5 4578.68 4573.9 4565.24 4554.07 4551.83 4558.03 4562.57 4563.26 4562.3 4560.38 4558.81 4559.33 4558.86 4559.19 4562.13 4567.12 4573.89 4578.61 4581.76 4586.89 4593.98 4603.3 4615.69 4632.04 4640.62 4633.72 4628.14 4624.35 4620.42 4613.93 4602 4606.7
4559.29 4563.36 4568.94 4563.32 4559.51 4563.49 4563.16 4561.83 4561.06 4559.18 4558.64 4558.19 4557.79 4557.3 4556.82 4556.38 4556.12 4556.12 4556.41 4556.24 4555.3 4555.91 4556.96 4558.14 4559.73 4561.81 4564.36 4567.36 4570.39 4573.09 4575.03 4587.11 4595.28 4593.93 4590.4 4586.2 4580.42 4572.58 4560.94 4558.58 4562.6 4564.32 4564.15 4562.17 4560.21 4557.96 4556.12 4556.13 4559.58 4564.21 4569.9 4576.15 4581.18 4585.99 4591.53 4599 4608.82 4621.55 4637.42 4646.44 4638.9 4633.36 4630.85 4630.28 4631.96 4634.58 4619.22
4558.6 4562.1 4564.97 4569.8 4563.02 4561.33 4561.78 4561.94 4561.5 4559.39 4558.51 4558.02 4557.69 4557.57 4557.24 4557.2 4557.18 4557.29 4557.4 4557.62 4558.25 4557.77 4558.07 4559.27 4561.04 4563.66 4567.4 4572.7 4579.71 4589.55 4603.89 4622.05 4622.98 4609.71 4600.91 4594.69 4589.85 4586.49 4584.88 4578.44 4572.93 4569.77 4567.69 4565.12 4562.03 4558.84 4555.42 4555.39 4560.36 4565.74 4571.86 4578.66 4583.23 4588.32 4594.12 4600.92 4609.38 4618.72 4627.66 4632.01 4632.01 4631.53 4632.47 4635.15 4640.41 4642.54 4634.21
4558.13 4559.88 4561.34 4562.83 4561.58 4560.78 4561.14 4561.96 4561.78 4559.95 4558.72 4558.03 4557.34 4557.07 4557.45 4557.86 4558.61 4559.25 4558.62 4559.73 4559.3 4558.81 4558.71 4559.76 4561.28 4564.11 4568.25 4574.99 4585.54 4600.38 4614.75 4624.22 4622.9 4613.88 4606.37 4601.05 4597.64 4597.02 4600.51 4591.78 4582.45 4576.58 4572.26 4568.71 4564.85 4561.48 4558.97 4559.95 4562.28 4567.32 4573.03 4578.68 4583.92 4589.37 4594.62 4600.33 4606.38 4611.59 4614.97 4615.75 4621.05 4625.57 4629.69 4634.87 4640.67 4646.38 4642.43
4557.92 4558.97 4560.35 4560.55 4560.63 4560.69 4560.93 4561.73 4561.6 4560.08 4559.14 4558.46 4557.77 4557.48 4557.65 4558.08 4558.66 4558.99 4558.63 4557.95 4557.63 4558.48 4558.63 4559.77 4561.75 4564.29 4567.88 4573.77 4583.29 4598.51 4613.33 4611.39 4608.73 4609.71 4607.15 4604.21 4601.71 4599.87 4597.72 4593.68 4587.48 4581.67 4576.39 4572.23 4568.13 4564.93 4562.11 4560.64 4564.32 4569.61 4574.58 4579.7 4584.39 4589.19 4593.84 4598.25 4602.02 4604.81 4605.95 4606.02 4612.01 4618.92 4624.93 4630.43 4635.33 4638.42 4634.09
4558.58 4559.12 4559.56 4560.13 4560.58 4560.84 4561.1 4561.2 4561.32 4561.02 4560.3 4559.14 4558.2 4557.88 4557.84 4557.92 4557.9 4557.63 4558.14 4558.06 4557.45 4558.17 4559 4560.32 4561.85 4563.09 4565.47 4568.8 4573.57 4580.2 4589.21 4597.34 4602.9 4605.49 4606.4 4605.6 4603.73 4600.29 4596.11 4594.08 4590.42 4586.06 4580.62 4576.6 4572.61 4569.7 4567.31 4563.13 4569.37 4574 4577.3 4580.52 4585.31 4589.38 4592.82 4595.82 4598.2 4599.81 4600.72 4602.3 4606.77 4612.74 4618.78 4624.14 4627.12 4626.36 4624.58
4559.31 4559.65 4559.93 4560.14 4560.85 4560.9 4561.1 4561.3 4561.23 4561.42 4560.98 4559.58 4558.69 4558.33 4558.15 4557.98 4557.67 4557.46 4558.05 4558.24 4557.45 4558.48 4559.27 4560.57 4561.55 4563.15 4563.98 4564.21 4563.74 4563.73 4571.88 4585.63 4595.12 4602.87 4606.39 4607.17 4605.99 4603.03 4597.6 4596.36 4593.36 4589.31 4584.86 4581.37 4578.55 4576.73 4576.34 4578.92 4578.92 4580.8 4583.04 4584.49 4588.21 4590.83 4593.19 4595.03 4596.16 4596.61 4596.97 4599.07 4602.14 4606.47 4612.48 4617.89 4621.11 4621.68 4622
4559.37 4559.59 4559.92 4558.96 4560.13 4560.46 4560.59 4560.6 4560.77 4560.39 4559.72 4559.66 4559.33 4559.04 4558.69 4558.29 4557.9 4557.8 4558.2 4558.13 4558.24 4558.84 4560.19 4562.04 4563.66 4564.87 4564.29 4562.3 4558.58 4555.4 4565.29 4581.41 4594.63 4603.84 4608.84 4610.12 4609.33 4607.86 4607.25 4601.56 4597.12 4593.25 4589.28 4586.3 4584.06 4583.13 4583.62 4584.74 4585.94 4587.5 4591.15 4592.88 4591.76 4592.56 4594.01 4595.03 4595.32 4594.57 4593.04 4590.72 4592.69 4600.81 4607.99 4613.55 4617.92 4621.92 4622.03
