real_craters/C066-750m.grd
DSAA
71 71
-26.32 26.32
-26.32 26.32
3521.7224029822 5011.5874480273
[rows 0 to 44 of 71, columns 0 to 70 of 71]
4560 4559 4559 4560 4555 4555 4556 4557 4556 4555 4553 4551 4551 4551 4550 4549 4552 4578 4587 4566 4556 4550 4550 4552 4552 4554 4555 4555 4555 4554 4554 4554 4553 4552 4551 4551 4551 4551 4551 4552 4552 4551 4551 4551 4550 4549 4551 4550 4544 4538 4535 4533 4533 4532 4533 4534 4532 4539 4538 4537 4531 4528 4527 4526 4525 4523 4523 4522 4521 4519 4516
4560 4558 4559 4561 4555 4557 4556 4557 4557 4554 4552 4551 4551 4551 4551 4549 4550 4553 4560 4560 4553 4548 4549 4552 4552 4553 4555 4553 4553 4553 4553 4552 4551 4550 4551 4552 4551 4551 4551 4551 4551 4550 4550 4551 4550 4550 4549 4551 4546 4545 4538 4533 4533 4532 4532 4532 4531 4530 4529 4528 4529 4527 4526 4525 4524 4522 4522 4522 4519 4517 4516
4562 4559 4559 4558 4556 4556 4557 4556 4555 4553 4552 4552 4551 4551 4552 4551 4549 4550 4553 4555 4551 4547 4549 4551 4552 4553 4554 4553 4552 4552 4551 4551 4550 4549 4550 4551 4551 4551 4551 4550 4550 4550 4550 4550 4549 4549 4549 4552 4547 4547 4543 4535 4533 4532 4532 4532 4531 4530 4528 4528 4527 4527 4526 4525 4523 4522 4521 4521 4520 4519 4516
4562 4559 4558 4558 4557 4557 4557 4556 4554 4553 4551 4552 4551 4551 4550 4550 4550 4558 4557 4553 4550 4547 4548 4551 4552 4552 4552 4552 4552 4551 4551 4551 4550 4549 4550 4551 4551 4549 4550 4549 4549 4549 4549 4549 4548 4548 4548 4552 4547 4548 4545 4540 4535 4532 4531 4532 4531 4530 4527 4527 4527 4526 4525 4524 4523 4522 4521 4521 4519 4518 4516
4561 4559 4558 4558 4558 4555 4556 4556 4555 4553 4552 4551 4551 4551 4551 4549 4549 4554 4554 4551 4549 4547 4548 4550 4552 4551 4550 4551 4552 4553 4552 4551 4550 4549 4549 4550 4549 4548 4548 4548 4547 4548 4547 4547 4547 4546 4547 4552 4546 4546 4546 4545 4541 4535 4532 4532 4530 4529 4527 4526 4526 4525 4524 4524 4523 4523 4522 4521 4519 4518 4516
4561 4560 4559 4558 4556 4556 4554 4555 4554 4553 4552 4552 4551 4550 4550 4549 4548 4551 4552 4550 4548 4548 4550 4551 4551 4550 4550 4550 4552 4554 4554 4551 4548 4551 4552 4549 4546 4546 4547 4546 4545 4545 4545 4547 4546 4546 4547 4551 4545 4546 4545 4544 4544 4540 4535 4533 4531 4528 4527 4525 4525 4525 4524 4523 4523 4522 4522 4521 4520 4518 4517
4561 4560 4559 4558 4556 4556 4554 4555 4554 4552 4551 4551 4550 4550 4549 4549 4548 4548 4549 4548 4548 4549 4557 4558 4550 4549 4550 4548 4552 4558 4562 4559 4548 4564 4562 4550 4542 4543 4542 4543 4541 4544 4544 4546 4549 4546 4545 4549 4544 4545 4545 4543 4544 4543 4541 4539 4534 4530 4528 4526 4525 4525 4524 4523 4522 4522 4522 4521 4520 4518 4518
4561 4560 4559 4559 4559 4556 4555 4556 4554 4552 4553 4550 4550 4550 4549 4549 4549 4548 4548 4548 4549 4550 4560 4573 4559 4592 4557 4548 4555 4562 4574 4589 4615 4601 4583 4561 4551 4558 4541 4541 4550 4548 4563 4562 4560 4549 4539 4546 4543 4543 4544 4542 4544 4543 4543 4543 4537 4532 4530 4528 4527 4526 4525 4524 4522 4521 4521 4519 4518 4517 4518
4561 4560 4559 4558 4558 4556 4555 4556 4554 4553 4553 4550 4551 4551 4551 4550 4550 4548 4547 4548 4550 4555 4583 4597 4616 4591 4556 4553 4556 4562 4580 4600 4627 4614 4605 4618 4631 4603 4594 4620 4623 4625 4613 4599 4584 4580 4560 4572 4544 4545 4544 4540 4541 4543 4543 4542 4540 4537 4532 4529 4532 4527 4526 4524 4522 4521 4518 4517 4517 4516 4516
4561 4560 4559 4557 4557 4555 4555 4555 4555 4554 4553 4552 4552 4551 4551 4550 4551 4549 4548 4548 4550 4554 4571 4588 4594 4578 4557 4564 4565 4567 4571 4580 4578 4585 4601 4623 4633 4613 4617 4615 4610 4606 4594 4590 4595 4611 4645 4635 4599 4574 4549 4539 4540 4542 4542 4541 4541 4540 4539 4534 4528 4529 4528 4527 4525 4522 4519 4517 4515 4515 4516
4561 4560 4560 4560 4557 4557 4556 4556 4555 4553 4552 4552 4552 4550 4550 4550 4549 4549 4547 4545 4545 4548 4556 4578 4597 4596 4576 4576 4576 4574 4570 4565 4559 4563 4579 4589 4593 4581 4566 4571 4575 4574 4562 4571 4586 4615 4618 4642 4640 4603 4571 4551 4540 4541 4542 4541 4540 4540 4539 4538 4538 4534 4532 4530 4528 4525 4521 4518 4516 4514 4513
4561 4560 4559 4559 4560 4558 4560 4556 4555 4555 4551 4552 4551 4551 4550 4549 4549 4548 4546 4545 4543 4546 4558 4577 4593 4580 4569 4590 4579 4574 4569 4562 4553 4554 4562 4562 4556 4573 4578 4569 4552 4555 4549 4555 4566 4578 4585 4619 4651 4619 4585 4559 4541 4540 4540 4540 4538 4539 4538 4537 4537 4536 4534 4532 4531 4531 4530 4524 4517 4514 4510
4561 4560 4560 4560 4559 4557 4557 4554 4555 4553 4552 4552 4551 4550 4548 4547 4549 4547 4549 4551 4548 4546 4566 4591 4581 4561 4575 4570 4570 4569 4565 4559 4555 4554 4556 4555 4549 4570 4576 4554 4544 4548 4548 4546 4545 4542 4551 4574 4600 4606 4588 4570 4552 4540 4539 4537 4536 4536 4537 4536 4536 4535 4534 4533 4532 4533 4533 4531 4523 4516 4512
4561 4560 4560 4559 4559 4557 4556 4555 4556 4555 4553 4553 4552 4550 4547 4545 4548 4550 4558 4571 4563 4551 4587 4611 4577 4564 4555 4553 4566 4567 4563 4558 4556 4556 4559 4565 4585 4595 4589 4575 4555 4543 4542 4538 4536 4529 4530 4540 4565 4583 4592 4584 4560 4535 4538 4534 4533 4535 4535 4535 4534 4534 4533 4533 4533 4532 4532 4531 4528 4525 4516
4560 4560 4560 4559 4558 4556 4556 4556 4557 4556 4554 4553 4552 4552 4550 4547 4549 4594 4632 4607 4586 4573 4596 4613 4579 4543 4571 4564 4568 4563 4559 4558 4557 4556 4559 4570 4590 4595 4594 4584 4561 4533 4533 4531 4532 4536 4524 4532 4557 4576 4602 4624 4596 4556 4532 4532 4533 4534 4536 4533 4533 4533 4533 4533 4532 4532 4530 4530 4529 4525 4524
4559 4560 4559 4558 4558 4556 4556 4555 4555 4558 4555 4554 4553 4552 4563 4570 4562 4625 4661 4621 4601 4603 4614 4619 4590 4571 4599 4583 4574 4566 4564 4562 4558 4553 4560 4566 4572 4582 4589 4587 4558 4527 4529 4525 4522 4522 4523 4531 4550 4555 4593 4635 4620 4581 4527 4531 4534 4533 4532 4531 4531 4531 4531 4532 4532 4531 4530 4530 4528 4527 4525
4560 4561 4560 4558 4557 4557 4555 4555 4556 4554 4554 4554 4554 4561 4583 4618 4653 4627 4605 4598 4592 4593 4602 4600 4592 4586 4603 4585 4571 4570 4570 4570 4568 4568 4567 4566 4561 4571 4583 4585 4564 4549 4527 4524 4521 4522 4530 4555 4551 4542 4556 4566 4606 4632 4554 4538 4533 4536 4533 4529 4530 4530 4530 4530 4531 4531 4529 4529 4528 4527 4526
4560 4561 4559 4558 4557 4557 4555 4552 4553 4554 4553 4553 4551 4559 4594 4630 4641 4619 4584 4575 4571 4572 4583 4593 4588 4583 4592 4586 4576 4577 4577 4580 4582 4583 4583 4576 4565 4567 4584 4592 4570 4545 4531 4527 4525 4528 4538 4542 4545 4540 4539 4565 4590 4612 4642 4585 4565 4547 4536 4532 4527 4528 4529 4530 4530 4529 4529 4528 4529 4529 4526
4560 4562 4560 4557 4559 4557 4554 4553 4553 4552 4553 4553 4551 4562 4596 4633 4645 4609 4577 4560 4552 4549 4565 4576 4582 4587 4595 4595 4587 4583 4586 4591 4598 4605 4603 4592 4591 4589 4593 4601 4587 4571 4544 4532 4530 4533 4542 4556 4543 4524 4537 4555 4573 4588 4606 4607 4581 4554 4541 4531 4527 4527 4529 4531 4532 4530 4528 4533 4542 4547 4550
4560 4561 4562 4560 4560 4556 4553 4553 4553 4552 4552 4551 4550 4562 4589 4620 4623 4591 4556 4546 4548 4555 4564 4575 4583 4591 4601 4602 4589 4591 4598 4605 4610 4613 4614 4608 4609 4593 4600 4597 4588 4565 4552 4542 4531 4535 4540 4542 4557 4535 4536 4541 4550 4566 4588 4609 4575 4554 4540 4540 4527 4525 4527 4530 4536 4542 4542 4561 4576 4569 4558
4560 4569 4564 4562 4559 4557 4553 4553 4552 4554 4555 4554 4554 4561 4576 4579 4580 4571 4556 4552 4556 4562 4578 4585 4601 4609 4608 4593 4591 4606 4616 4623 4625 4622 4615 4624 4621 4623 4616 4614 4600 4577 4569 4562 4556 4548 4551 4562 4554 4540 4526 4523 4522 4543 4600 4634 4594 4569 4538 4529 4518 4515 4521 4530 4541 4564 4581 4586 4593 4581 4559
4559 4545 4565 4562 4559 4557 4556 4556 4554 4557 4560 4565 4557 4583 4582 4562 4559 4563 4558 4558 4569 4582 4597 4628 4638 4627 4618 4608 4624 4636 4645 4653 4655 4651 4647 4651 4642 4635 4630 4631 4619 4602 4599 4587 4570 4563 4553 4537 4545 4552 4534 4527 4525 4530 4590 4640 4673 4612 4552 4522 4517 4514 4520 4532 4549 4595 4593 4594 4590 4582 4550
4558 4561 4561 4562 4559 4557 4558 4559 4559 4559 4564 4580 4615 4618 4601 4598 4582 4570 4561 4561 4573 4587 4600 4614 4621 4632 4646 4628 4645 4665 4670 4678 4686 4682 4680 4679 4673 4646 4643 4651 4634 4639 4641 4620 4603 4583 4569 4550 4544 4555 4550 4535 4527 4537 4559 4580 4646 4630 4566 4519 4515 4512 4518 4534 4563 4606 4613 4610 4626 4597 4543
4559 4560 4561 4561 4561 4558 4558 4558 4558 4560 4563 4567 4579 4602 4606 4598 4592 4581 4573 4573 4580 4588 4595 4598 4605 4619 4623 4618 4661 4687 4688 4698 4718 4725 4678 4741 4670 4653 4660 4685 4680 4689 4668 4645 4625 4601 4588 4570 4555 4560 4560 4540 4519 4537 4531 4557 4617 4628 4585 4521 4512 4511 4514 4534 4550 4573 4585 4601 4609 4589 4540
4559 4560 4560 4561 4560 4560 4559 4558 4558 4563 4569 4564 4570 4605 4615 4607 4601 4592 4588 4592 4591 4594 4596 4594 4591 4609 4616 4609 4630 4680 4713 4725 4750 4795 4907 4886 4848 4756 4733 4725 4713 4728 4692 4656 4630 4614 4590 4582 4579 4571 4558 4559 4564 4568 4547 4522 4573 4619 4617 4612 4508 4511 4518 4536 4558 4558 4569 4571 4565 4540 4520
4559 4559 4560 4561 4561 4561 4559 4560 4561 4578 4592 4601 4611 4629 4626 4626 4610 4599 4591 4590 4600 4600 4601 4603 4606 4611 4615 4635 4647 4715 4741 4738 4723 4740 4833 4817 4843 4777 4841 4763 4712 4657 4690 4670 4646 4630 4624 4598 4578 4574 4573 4570 4574 4573 4555 4520 4561 4599 4617 4617 4542 4508 4518 4528 4540 4541 4546 4542 4530 4523 4514
4557 4560 4558 4560 4560 4561 4560 4559 4576 4593 4612 4641 4638 4620 4619 4625 4611 4596 4583 4573 4593 4603 4608 4612 4611 4621 4626 4663 4704 4802 4771 4686 4586 4522 4442 4349 4319 4375 4451 4610 4826 4712 4696 4669 4653 4641 4619 4602 4586 4580 4581 4571 4563 4557 4554 4556 4573 4576 4591 4595 4513 4507 4505 4513 4517 4524 4523 4523 4518 4514 4511
4556 4561 4566 4564 4561 4562 4561 4559 4556 4584 4620 4642 4625 4590 4595 4604 4600 4589 4579 4575 4591 4601 4609 4616 4631 4639 4650 4707 4797 4938 4747 4563 4414 4275 4110 3940 3904 3942 3956 4161 4350 4752 4774 4710 4701 4666 4629 4598 4586 4579 4582 4574 4564 4560 4557 4579 4585 4557 4563 4545 4509 4506 4505 4506 4509 4513 4514 4514 4511 4511 4510
4554 4563 4570 4572 4573 4567 4560 4557 4582 4609 4622 4625 4609 4576 4577 4587 4587 4582 4577 4578 4588 4596 4605 4612 4630 4662 4703 4745 4883 4845 4571 4383 4234 4087 3937 3794 3727 3733 3777 3883 4039 4364 4807 5012 4816 4693 4622 4603 4582 4570 4587 4566 4560 4554 4570 4604 4601 4588 4568 4550 4522 4506 4504 4504 4504 4507 4509 4509 4509 4508 4509
4556 4564 4568 4573 4576 4564 4558 4557 4605 4616 4623 4607 4598 4579 4570 4573 4577 4578 4577 4574 4583 4591 4602 4610 4630 4683 4788 4894 4834 4387 4241 4132 4036 3932 3830 3756 3702 3675 3685 3760 3922 4126 4460 4795 4783 4693 4634 4624 4600 4576 4574 4555 4573 4562 4577 4601 4592 4591 4573 4548 4524 4507 4503 4504 4503 4502 4505 4507 4508 4508 4509
4541 4546 4554 4564 4567 4560 4552 4554 4605 4631 4637 4624 4597 4577 4570 4573 4575 4575 4577 4584 4592 4597 4610 4624 4629 4671 4765 4780 4385 4057 3926 3894 3864 3822 3767 3721 3700 3659 3629 3634 3742 3949 4220 4501 4661 4717 4709 4679 4636 4602 4585 4563 4559 4568 4568 4593 4597 4563 4547 4535 4517 4507 4503 4504 4503 4502 4504 4506 4508 4508 4508
4535 4541 4552 4552 4553 4544 4538 4542 4584 4679 4659 4620 4602 4585 4581 4583 4576 4572 4570 4576 4591 4607 4629 4653 4672 4685 4670 4521 4150 3837 3722 3737 3762 3771 3764 3764 3732 3665 3590 3575 3663 3824 4031 4298 4578 4773 4808 4751 4680 4610 4585 4568 4553 4562 4570 4588 4608 4574 4560 4539 4519 4514 4506 4504 4503 4502 4503 4505 4507 4507 4507
4534 4535 4538 4540 4542 4539 4535 4532 4549 4632 4666 4638 4605 4583 4570 4576 4574 4568 4561 4551 4570 4613 4662 4704 4733 4705 4607 4405 4062 3747 3640 3678 3728 3777 3823 3831 3818 3723 3594 3538 3619 3749 3915 4203 4545 4834 4894 4819 4712 4616 4598 4578 4560 4564 4580 4614 4591 4580 4575 4550 4530 4514 4510 4514 4504 4502 4503 4505 4507 4507 4507
4530 4529 4532 4533 4537 4540 4536 4544 4547 4619 4643 4614 4601 4587 4581 4578 4574 4569 4562 4560 4567 4616 4682 4740 4776 4748 4591 4352 4019 3743 3662 3672 3728 3807 3902 4005 3945 3808 3637 3534 3606 3734 3882 4111 4531 4895 4942 4856 4732 4628 4617 4616 4571 4575 4573 4564 4546 4544 4547 4557 4561 4517 4513 4507 4507 4505 4504 4504 4505 4505 4506
4530 4529 4528 4531 4534 4538 4538 4555 4605 4621 4613 4606 4602 4592 4585 4578 4576 4574 4574 4581 4585 4625 4695 4767 4809 4780 4602 4314 3986 3730 3651 3675 3739 3828 3923 3990 3940 3801 3641 3547 3606 3732 3876 4045 4511 4916 4958 4870 4741 4628 4622 4629 4607 4595 4573 4530 4527 4528 4527 4558 4586 4577 4514 4516 4503 4505 4506 4505 4501 4505 4505
4528 4529 4526 4526 4529 4530 4532 4558 4613 4623 4622 4617 4612 4601 4586 4584 4585 4584 4582 4583 4591 4628 4708 4784 4836 4825 4609 4289 3985 3787 3665 3676 3736 3824 3921 3965 3915 3750 3604 3535 3607 3735 3855 4017 4471 4860 4928 4860 4743 4626 4597 4584 4606 4596 4573 4532 4526 4532 4530 4556 4567 4530 4512 4511 4502 4504 4508 4511 4512 4505 4502
4527 4528 4529 4524 4527 4531 4541 4548 4550 4565 4653 4635 4622 4615 4614 4604 4596 4593 4591 4593 4600 4632 4712 4793 4842 4804 4616 4289 3955 3808 3679 3661 3706 3768 3867 3924 3873 3702 3558 3522 3609 3733 3915 4086 4464 4809 4882 4829 4727 4623 4595 4604 4575 4580 4568 4523 4515 4546 4568 4546 4524 4513 4512 4508 4501 4503 4508 4513 4512 4505 4500
4527 4527 4526 4527 4525 4527 4532 4535 4536 4536 4604 4618 4621 4625 4624 4619 4611 4604 4597 4599 4603 4633 4710 4796 4860 4856 4691 4364 4038 3814 3681 3654 3667 3679 3674 3709 3705 3645 3539 3535 3618 3717 3894 4148 4555 4818 4845 4787 4699 4617 4585 4590 4568 4564 4546 4528 4533 4566 4515 4514 4511 4522 4525 4513 4501 4502 4507 4511 4510 4505 4501
4527 4527 4526 4526 4523 4519 4524 4530 4538 4543 4538 4582 4613 4633 4632 4633 4623 4616 4614 4606 4603 4613 4693 4782 4864 4918 4814 4475 4123 3915 3746 3694 3677 3634 3560 3568 3561 3588 3570 3585 3662 3753 3915 4333 4745 4865 4818 4751 4671 4598 4567 4576 4579 4575 4575 4551 4532 4512 4492 4497 4505 4511 4527 4514 4500 4500 4504 4511 4509 4504 4500
4525 4525 4524 4524 4523 4520 4521 4527 4535 4546 4535 4561 4602 4641 4677 4644 4627 4624 4625 4617 4596 4606 4664 4750 4825 4874 4807 4565 4301 4061 3955 3824 3758 3691 3628 3600 3612 3640 3653 3689 3801 3964 4208 4648 4817 4780 4748 4694 4641 4573 4523 4539 4552 4584 4606 4570 4513 4489 4490 4498 4513 4524 4507 4501 4496 4496 4499 4502 4503 4501 4499
4524 4524 4522 4524 4525 4522 4524 4524 4525 4516 4523 4552 4590 4628 4644 4619 4615 4621 4625 4618 4598 4593 4638 4697 4750 4780 4750 4638 4498 4295 4150 3982 3886 3810 3730 3693 3692 3747 3844 3930 4084 4335 4601 4916 4712 4688 4677 4644 4601 4562 4530 4523 4534 4578 4631 4582 4510 4485 4484 4496 4516 4527 4518 4508 4497 4494 4496 4497 4498 4498 4497
4524 4524 4522 4521 4521 4523 4520 4522 4523 4526 4522 4543 4574 4601 4609 4590 4598 4614 4624 4616 4600 4602 4612 4645 4679 4701 4703 4690 4690 4523 4308 4132 4036 3966 3904 3827 3781 3905 4173 4268 4423 4637 4781 4749 4669 4647 4622 4598 4571 4547 4537 4519 4520 4543 4568 4558 4520 4487 4479 4488 4510 4529 4517 4506 4494 4493 4495 4499 4496 4495 4494
4524 4523 4523 4521 4520 4520 4520 4521 4522 4521 4524 4535 4553 4570 4575 4567 4584 4608 4623 4609 4589 4571 4579 4604 4622 4635 4616 4692 4792 4782 4463 4274 4205 4141 4098 4041 3982 4140 4367 4440 4507 4755 4823 4734 4679 4651 4624 4600 4577 4548 4519 4514 4506 4515 4525 4541 4577 4524 4484 4490 4502 4513 4507 4504 4495 4492 4492 4493 4493 4493 4490
4523 4522 4523 4520 4517 4526 4522 4520 4520 4519 4515 4527 4542 4546 4547 4556 4575 4593 4606 4598 4580 4559 4560 4579 4594 4606 4625 4671 4721 4699 4788 4516 4437 4337 4301 4362 4397 4561 4711 4630 4614 4838 4808 4706 4691 4646 4614 4592 4572 4552 4526 4519 4518 4523 4516 4534 4575 4549 4500 4489 4495 4506 4511 4501 4493 4490 4491 4492 4492 4492 4492
4522 4521 4522 4520 4521 4523 4521 4520 4519 4519 4517 4537 4551 4542 4542 4560 4570 4578 4582 4589 4578 4564 4566 4583 4595 4609 4623 4647 4666 4671 4688 4722 4649 4700 4660 4664 4843 4828 4831 4766 4777 4743 4698 4624 4593 4601 4591 4577 4566 4555 4554 4521 4525 4521 4523 4542 4572 4572 4532 4495 4495 4505 4513 4501 4494 4489 4490 4491 4492 4493 4494
