real_craters/C066-500m.grd
DSAA
106 106
-26.32 26.32
-26.32 26.32
3494.8554677461 4961.5603374906
[rows 60 to 89 of 106, columns 0 to 66 of 106]
4524.32 4524.29 4523.67 4522.35 4522.9 4526.55 4525.22 4522.76 4520.73 4523.65 4523.5 4524.86 4525.19 4520.26 4518.35 4522.66 4541.59 4564.19 4589.52 4615.7 4639.09 4643.67 4627.13 4615.82 4615.44 4618.8 4623.04 4624.81 4621.55 4610.2 4597.97 4590.85 4604.39 4638.46 4676.74 4722.21 4749.59 4773.76 4782.7 4749.86 4678.22 4593.73 4497.86 4374 4237.83 4149.87 4026.08 3943.99 3885.78 3834.34 3780.23 3729.65 3705.51 3688.65 3692.31 3715.67 3782.4 3843.54 3901.11 3960.29 4084.42 4249.52 4424.2 4601.32 4824.36 4845.27 4711.95
4524.02 4524.01 4523.26 4521.7 4521.24 4520.97 4521.45 4524.37 4528.64 4524.63 4522.62 4522.51 4523.06 4525.48 4522.75 4521.01 4534.43 4556.66 4578.91 4601.7 4621.52 4627.98 4602.04 4597.91 4604.23 4612.33 4619.02 4618.22 4618.55 4609.21 4600.59 4598.16 4608.88 4622.07 4650.36 4675.94 4700.96 4718.85 4724.04 4707.97 4687.49 4663.76 4631.03 4540.05 4361.35 4263.45 4113.83 4042.46 3982.97 3932.77 3882.8 3834.01 3793.42 3759.37 3746.54 3787.86 3920.49 4071.2 4137.37 4218.27 4332.52 4475.19 4646.09 4751.03 4801.71 4740.65 4679.51
4523.75 4523.8 4523.45 4522.97 4521.79 4520.95 4521.32 4521.83 4520.14 4521.17 4521.87 4522.01 4522.79 4522.99 4518.9 4522.43 4533.04 4549.21 4566.95 4583.62 4595.64 4593.79 4580.61 4580.61 4592.74 4605.82 4617.1 4622.84 4617.99 4610.2 4598.21 4592.02 4592.26 4602.18 4619.52 4640.71 4658.14 4673.58 4677.37 4675.3 4681.47 4711.41 4745.9 4723.36 4492.02 4353.03 4250.69 4152.53 4087.89 4046.1 4021.54 3989.82 3914.19 3862.44 3825.75 3878.68 4061.09 4252.31 4314.76 4386.05 4493.95 4617.97 4767.81 4801.13 4774.41 4706.38 4667.33
4523.88 4523.08 4523.27 4523.43 4521.44 4520.24 4520.17 4519.93 4519.05 4520 4521.16 4521.7 4521.87 4521.18 4521.01 4523.72 4531.84 4539.62 4552.56 4565.08 4574.02 4575.2 4567.27 4570.29 4583.89 4599.87 4615.25 4622.71 4614.36 4603.33 4589.2 4578.01 4569.19 4579.05 4597.04 4611.3 4622.01 4629.1 4633.12 4616.43 4659.4 4723.98 4792.21 4858.4 4659.68 4463.19 4304.01 4246.46 4205.2 4161.12 4126.26 4097.63 4060.86 4018.2 3981.94 4056.6 4224.29 4367.35 4424.1 4451.17 4506.99 4674.92 4805.69 4823.47 4772.62 4701.45 4679.14
4523.42 4522.4 4522.62 4522.81 4521.37 4519.28 4518.04 4519.81 4520.36 4521.78 4521.12 4520.89 4520.71 4520.17 4521.16 4516.28 4517.46 4532.44 4544.01 4550.53 4551.78 4553.2 4555.03 4561.46 4577.4 4592.22 4607.68 4616.79 4607.45 4597.26 4582.37 4569.49 4561.25 4565.23 4580.32 4591.45 4601.32 4610.08 4616.6 4629.69 4657.78 4704.46 4744.81 4741.68 4771.18 4709.56 4424.24 4385.3 4350.55 4293.54 4220.78 4221.97 4239.81 4244.22 4240.04 4327.63 4471.48 4534.44 4563.74 4525.44 4495.76 4732 4883.89 4827.58 4762.8 4718.45 4696.86
4522.51 4521.99 4522.24 4522.67 4521.03 4519.22 4519.47 4522.45 4530.32 4522.21 4518.67 4519.33 4520.61 4520.71 4516.67 4517.3 4529.01 4535.17 4542.79 4544.62 4542.4 4544.81 4553.45 4563.79 4573.68 4582.46 4589.02 4594.69 4595.87 4590.4 4576.91 4564.34 4550.88 4558.81 4571.92 4580.02 4590.46 4598.12 4609.18 4623.98 4647.01 4678.4 4700.43 4702.16 4700.59 4758.07 4701.56 4599.37 4524.12 4477.66 4413.6 4418.24 4455.03 4513.16 4590.33 4662.17 4776.69 4845.58 4732.86 4693.76 4749.73 4780.7 4806.86 4773.16 4709.66 4645.87 4675.03
4522.4 4521.33 4521.74 4522.29 4520.51 4519.37 4520.78 4524.51 4521.41 4521.14 4521.32 4520.05 4519.5 4519.49 4516.21 4516.97 4524.91 4545.89 4550.97 4545.76 4538.7 4541.95 4552.63 4565.36 4569.91 4576.54 4576.97 4581.69 4588.7 4585.24 4578.3 4568.78 4561.06 4566.24 4577.51 4588.2 4594.7 4604.83 4614.28 4623.44 4636.83 4655.59 4666.12 4674.49 4665.57 4688.01 4732.66 4690.28 4649.13 4667.85 4735.32 4660.35 4642.33 4706.1 4842.63 4838.87 4828.97 4830.7 4783.93 4761.84 4776.7 4748.62 4724.39 4698.01 4653.18 4596.39 4592.88
4521.83 4520.49 4521.15 4521.58 4520.4 4518.86 4517.94 4519.12 4518.36 4519.84 4520.81 4519.58 4518.53 4517.55 4514.89 4516.14 4539.07 4571.03 4565.76 4556.17 4538.27 4542.41 4549.83 4550 4565.39 4577.64 4591.18 4591.39 4590.16 4585.71 4582.27 4579.74 4577.59 4582.24 4588.27 4593.41 4598.21 4604.66 4613.33 4625.57 4645.79 4643.64 4646.03 4641.5 4626.83 4641.33 4666.95 4677.78 4686.04 4722.2 4790.31 4743.24 4719.16 4742.13 4784.42 4769.66 4758.21 4753.57 4742.92 4723.85 4692.68 4661.7 4645.37 4637.68 4615.16 4588.33 4579.26
4521.25 4520.44 4521.04 4522.8 4520.3 4518.33 4517.47 4516.53 4517.73 4518.37 4517.86 4519.08 4518.99 4519.95 4526.99 4532.93 4546.13 4581.98 4578.68 4577.4 4574.31 4567.89 4562.01 4556.34 4566.37 4580.32 4590.36 4595.12 4592.73 4590.69 4589.44 4591.54 4597.93 4602.46 4599.89 4596.56 4598.14 4601.82 4608.55 4614.39 4617.48 4624.94 4630.26 4634.46 4638.13 4650.51 4649.35 4653.39 4669.24 4679 4677.94 4702.91 4703.11 4699.43 4704.84 4724.23 4683.37 4677.71 4683.85 4673.35 4649.37 4619.05 4603.88 4599.98 4590.35 4578.22 4548.8
4519.52 4518.71 4519.15 4520.26 4518.35 4517.08 4517.53 4516.6 4519.32 4518.8 4520.15 4518.82 4519.05 4519.99 4530.64 4526.67 4511.19 4551.6 4577.34 4597.74 4609.82 4598.86 4581.87 4571.48 4568.38 4578.96 4600.59 4594.2 4590.96 4590.27 4590.45 4594.92 4610.93 4625.88 4600.04 4595.37 4595.57 4598.61 4600.22 4601.13 4602.02 4611.38 4616.92 4626.67 4646.51 4646.1 4633.3 4629.98 4641.8 4650.97 4657.8 4669.11 4671.94 4661.68 4655.01 4670.43 4658 4645.02 4642.1 4631.36 4614.46 4590.34 4577.35 4574.3 4571.14 4561.13 4547.04
4519.42 4518.69 4518.38 4517.77 4516.49 4515.11 4519.61 4521.52 4518.87 4516.89 4513.51 4513.89 4517.53 4521.54 4521.14 4516.72 4507.4 4526.84 4572.39 4614.44 4637.45 4624.71 4598.28 4570.6 4559.72 4565.85 4566.55 4580.76 4583.81 4585.59 4586.34 4585.71 4577.22 4561.99 4575.34 4586.61 4589.08 4588.45 4588.2 4589.56 4594.61 4595.22 4600.05 4605.54 4606.25 4632.83 4623.07 4616.28 4619.12 4626.62 4635.33 4639.03 4645.74 4655.69 4663.69 4674.1 4656.69 4634.08 4622.05 4606.34 4588.7 4572.53 4563.82 4559.18 4556.52 4553 4557.35
4519.64 4518.85 4518.8 4518.22 4516.7 4516.76 4518.47 4518.85 4517.41 4516.28 4516.1 4516.27 4514.54 4515.21 4518.55 4518.49 4502.54 4515.24 4569.28 4628.83 4669.74 4645.11 4611.42 4579.46 4564.21 4563.48 4564.53 4572.61 4577.99 4581.45 4585.93 4582.99 4566.83 4523.39 4575.81 4589.93 4588.2 4581.96 4576.35 4571.28 4569.44 4571.99 4582.97 4596.65 4611.29 4612.91 4603.62 4599.64 4597.85 4592.75 4599.14 4609.64 4618.31 4619.59 4631.34 4646.15 4646.38 4623.58 4608.24 4593.76 4574.97 4563.39 4557.59 4551.95 4548.06 4545.67 4556.49
4518.37 4517.85 4517.56 4517.41 4516.12 4515.67 4516.55 4515.07 4516.81 4516.36 4514.28 4510.95 4513.47 4513.11 4512.69 4513.2 4505.87 4510.23 4562.06 4628.57 4666.82 4648.12 4617.3 4589.3 4573.33 4569.98 4570.59 4570.2 4574.05 4578.1 4586.83 4595.1 4610.56 4651.39 4631.49 4604.45 4588.36 4577.7 4568.44 4557.3 4543.13 4549.97 4571.55 4592.88 4612.94 4618.28 4608.71 4587.27 4584.87 4590.31 4588.8 4592.11 4595.98 4605.06 4606.03 4606.04 4600.81 4608.18 4600.43 4588.94 4579.07 4568.07 4558.42 4547.45 4543.19 4545.91 4554.69
4517.22 4516.67 4516.49 4516.66 4514.88 4512.92 4512.86 4513.63 4516.23 4516.5 4518.31 4520.84 4512.55 4509.9 4507.96 4505.01 4503.14 4504.99 4545.37 4602.81 4647.63 4626.2 4610.2 4594.73 4576.61 4575.69 4568.15 4567.39 4570.02 4575.15 4584.59 4596.92 4621.84 4667.39 4631.82 4598.76 4582.66 4573.03 4562.99 4552.94 4547.24 4552.95 4566.85 4582.24 4596.01 4605.7 4597.87 4584.93 4580.1 4566.4 4573.29 4580.29 4581.24 4568.78 4579.37 4583.94 4598.48 4594.28 4589.45 4584.37 4579.75 4581.72 4556.23 4540.88 4530.41 4537.36 4558.4
4516.46 4515.92 4515.29 4515.47 4514.23 4513.4 4513.05 4513.81 4515.16 4515.03 4515 4512.92 4509.7 4508.09 4505.41 4502.8 4502.76 4506.92 4525.76 4536.48 4552.55 4583.14 4592.99 4600.66 4623.48 4587.23 4566.49 4561.41 4563.21 4568.27 4575.01 4583.52 4586.08 4560.07 4564.82 4576.32 4573.51 4566.53 4559.36 4553.07 4549.06 4551.8 4562.4 4575.54 4590.63 4592.98 4589.67 4597.26 4585.05 4570.79 4569.81 4576.27 4581.08 4581.91 4570.45 4562.33 4566.28 4573.11 4574.35 4574.69 4576.61 4555.19 4542.92 4535.39 4530.63 4543.62 4568.65
4515.78 4515.68 4515.38 4514.02 4513.56 4513.28 4512.73 4511.69 4511.6 4512.53 4512.01 4509.97 4507.83 4506.33 4504.64 4504.01 4507.06 4518.35 4520.38 4513.93 4523.91 4553.47 4569.76 4581.78 4594.4 4562.28 4549.53 4549 4552.69 4558.8 4564.81 4569.77 4566.91 4557.81 4559.8 4565.61 4566.17 4562.38 4557.35 4552.88 4550.9 4554.22 4560.01 4565.12 4569.67 4571.49 4573.64 4576.1 4576.17 4563.29 4569.81 4575.29 4581.88 4583.73 4564.27 4546.87 4547.63 4554.51 4557.38 4558.95 4561.65 4552.06 4534.17 4531.26 4537.61 4554.45 4577
4515.58 4515.46 4515.06 4513.03 4512.93 4512.77 4512.53 4511.1 4510.58 4511.29 4511.03 4508.83 4506.09 4506.2 4504.83 4504.19 4506.42 4510.44 4516.97 4536.72 4542.65 4541.46 4545.94 4544.69 4526.1 4525.51 4528.54 4535.91 4544.05 4552.4 4558.12 4565.06 4566.66 4569.9 4570.84 4566.82 4562.95 4558.66 4553.49 4549.6 4549.52 4552.92 4552.63 4553.86 4553.56 4562.33 4570.02 4565.99 4567.26 4575.48 4569.79 4571.77 4576.28 4572.01 4556.34 4542.25 4539.49 4542.83 4541.6 4537.29 4529.01 4519.27 4516.68 4521.56 4535.86 4551.12 4570.12
4515.27 4514.79 4513.8 4512.82 4512.43 4512.09 4511.5 4511.08 4511.1 4510.97 4511.19 4510.48 4497.26 4503.76 4504.65 4507.03 4511.29 4508.64 4512.95 4519.76 4528.05 4530.56 4529.55 4521.47 4503.83 4503.32 4513.86 4526.78 4537.92 4546.4 4553.64 4562.6 4569.65 4574.94 4574.04 4573.15 4565.27 4557.51 4550.07 4543.41 4538.91 4536.35 4538.22 4543.29 4553.24 4566.6 4576.73 4577.68 4562.09 4560.07 4560.22 4564.29 4564.98 4560.98 4550.26 4531.67 4533.62 4533.67 4528.92 4520.32 4506.85 4505.8 4507.19 4506.98 4509.75 4531.42 4545.88
4514.8 4514.18 4513.26 4512.61 4512.13 4511.8 4511.63 4510.54 4510.02 4510.1 4510.55 4510.35 4505.48 4502.4 4503.93 4506.38 4509.67 4519.58 4517.76 4513.98 4519.46 4522.87 4521.44 4517.56 4512.79 4501.69 4511.39 4521.09 4531.6 4541.22 4550.62 4561.35 4574.47 4584.29 4587.43 4583.24 4567.82 4556.36 4545.12 4535 4526.51 4522.01 4522.65 4529.74 4540.65 4544.09 4537.98 4545.73 4531.96 4532.2 4546.99 4556.23 4564.17 4560.29 4550.43 4547.08 4535.29 4528.93 4520.31 4511.5 4502.86 4495.15 4491.46 4497.05 4504.71 4514.12 4518.53
4514.28 4513.74 4512.9 4511.95 4511.61 4511.49 4510.54 4509.37 4508.83 4508.95 4508.96 4507.66 4506.02 4504.19 4503.59 4503.03 4502.73 4507.14 4507.07 4525.12 4521.43 4519.13 4518.66 4519.14 4524.21 4519.62 4519.2 4526.02 4533.68 4542.4 4551.79 4562.25 4581.9 4593.31 4603.82 4590.43 4570.15 4553.46 4538.27 4524.89 4513.24 4501.43 4504.81 4515.98 4529.59 4540.03 4534.18 4540.03 4545.03 4535.02 4542.28 4549.63 4550.43 4551.58 4547.03 4542.03 4532.18 4523.52 4513.43 4503.88 4497.37 4490.95 4489.54 4491.33 4496.33 4503.47 4505.82
4513.24 4513 4512.12 4510.82 4511.03 4511.01 4509.25 4508.61 4508.14 4508.27 4508.34 4507.6 4506.47 4504.98 4504.36 4504.78 4507.63 4511.77 4514.08 4509.32 4513.36 4513.89 4514.11 4515.95 4521.23 4528.15 4528.33 4533.15 4538.55 4545.99 4554.26 4564.84 4580.61 4591.64 4601.09 4589.02 4567.87 4548.96 4532.59 4517.46 4503.9 4494.33 4496.19 4507.51 4522.33 4529.27 4541.09 4557.77 4594.44 4545.18 4542.1 4548.22 4553.92 4549.77 4539.63 4529.37 4524.99 4514.51 4506.22 4496.96 4488.99 4487.62 4489.27 4488.65 4491.42 4498.98 4503.23
4511.4 4512.21 4511.8 4510.77 4510.71 4510.25 4509.07 4508.26 4508.09 4507.95 4507.64 4507.25 4506.2 4505.21 4504.83 4505.32 4507.46 4509.42 4527.75 4512 4509.67 4510.05 4510.11 4509.48 4507.38 4528.96 4532.74 4533.34 4536.96 4542.97 4549.42 4557.1 4570.12 4579.26 4588.26 4577.73 4555.91 4538.91 4523.55 4509.49 4497.48 4488.78 4489.47 4500.69 4517.01 4534.21 4545.48 4544.79 4533.8 4531.15 4539.5 4547.48 4554.89 4554.85 4544.69 4530.66 4524.51 4513.65 4501.69 4492.83 4487.15 4484.39 4485.14 4493.87 4498.8 4498.94 4498.29
4509.81 4511.72 4511.66 4511.07 4510.59 4510.38 4508.72 4508.11 4507.81 4507.56 4507.28 4507.17 4506.06 4504.92 4504.36 4503.99 4502.59 4503.19 4520.51 4517.92 4509.73 4508.77 4508.73 4508.22 4508.51 4519.91 4522.13 4524.7 4528.36 4532.82 4537.11 4542.47 4554.8 4558.64 4559.69 4548.85 4534.83 4524.61 4514.35 4502.95 4491.69 4482.79 4480.01 4493.9 4511.24 4534.22 4551.32 4550.14 4536.58 4534.06 4537.56 4543.96 4554.64 4557.94 4568.17 4558.33 4533.62 4514.49 4503.02 4491.54 4484.61 4483.94 4486.35 4495.75 4501.93 4501.1 4497.53
4510.37 4511.58 4511.27 4510.38 4510.03 4509.73 4508.97 4507.82 4507.03 4506.52 4506.61 4506.3 4504.42 4504.37 4503.69 4503.02 4502.94 4500.38 4493.48 4503.12 4505.81 4506.49 4507.21 4508.71 4508.88 4501.39 4508.88 4518.04 4523.63 4528.46 4532.85 4536.24 4542.45 4537.68 4522.07 4514.82 4519.08 4517.46 4510.41 4500.6 4490.08 4480.86 4477.83 4487.37 4499.6 4511.83 4520.65 4547.88 4535.54 4535.46 4530.22 4530.67 4532.96 4550.08 4559.66 4554.14 4536.42 4519.88 4504.53 4495.21 4489.68 4487.46 4489.62 4504.53 4508.05 4505.4 4501.38
4510.99 4510.76 4510.66 4510.07 4509.53 4508.95 4508.41 4507.35 4506.68 4506.33 4506.17 4506.14 4505.6 4504.48 4503.31 4502.38 4501.03 4500.19 4506.95 4504.69 4503.64 4503.66 4505.31 4507.31 4510.59 4512.23 4512.65 4514.73 4519.78 4524.71 4528.88 4531.74 4536.5 4530.71 4516.77 4510.48 4518.88 4518.31 4511 4501.74 4491.76 4483.58 4479.34 4483.47 4487.66 4488.04 4486.28 4492.66 4523.46 4521.14 4517.45 4520.81 4528.52 4536.3 4546.54 4543.02 4530.61 4515.27 4502.61 4490.89 4491.89 4495.29 4497.28 4509.77 4513.38 4509.9 4506.12
4511.23 4511.02 4510.27 4509.75 4509.27 4508.86 4508 4506.89 4506.15 4505.88 4505.81 4505.77 4505.02 4504.19 4503.5 4502.4 4501.19 4500.43 4499.69 4499.69 4500.24 4501.51 4502.32 4502.92 4502.56 4503.39 4502.62 4509.59 4514.35 4519.13 4523.53 4527.22 4530.42 4537.66 4538.39 4538.96 4536.68 4526.88 4516.03 4504.19 4495.03 4488.33 4488.14 4483.4 4481.89 4483.97 4487.32 4490.17 4490.19 4494.25 4497.14 4497.37 4506.76 4518.71 4527.49 4530.26 4525.64 4517.42 4511.41 4508.05 4507.47 4511.07 4514.42 4519.58 4518.96 4513.16 4508.22
4511.08 4510.7 4509.6 4508.75 4508.34 4507.55 4506.7 4505.82 4505.67 4505.43 4505.43 4505.08 4504.94 4504.14 4502.78 4501.52 4500.86 4500.99 4498.56 4495.93 4497.74 4499.47 4500.6 4500.99 4500.33 4501.97 4509.77 4505.38 4508.7 4513.02 4517.88 4523.22 4533.73 4544.04 4562.76 4583.44 4557.99 4532.98 4518.05 4506.86 4497.7 4489.65 4482.57 4481.08 4480.59 4480.34 4475.1 4489.08 4486.1 4486.88 4482.47 4477.23 4490.62 4514.81 4520.6 4528.41 4525.29 4518.8 4516.92 4527.33 4528.5 4530.15 4531.3 4531.58 4523.12 4515.97 4510.95
4510.45 4509.85 4508.57 4506.97 4506.22 4506.75 4506.3 4506.04 4505.59 4505.2 4505.06 4504.47 4504.32 4503.77 4502.47 4501.25 4499.92 4498.19 4497.87 4494.95 4496.95 4498.34 4499.34 4500.51 4500.36 4498.13 4494.51 4499.21 4503.2 4508 4512.89 4518.3 4525.29 4539.2 4555.61 4576.12 4547.33 4526.92 4514.95 4506.16 4497.8 4490.46 4484.64 4481.89 4482.71 4482.91 4481.78 4495.2 4483.15 4483.85 4479.49 4477.36 4493.17 4525.41 4557.71 4538.42 4528.13 4520.27 4519.34 4530.3 4545.29 4549.54 4545.32 4535.86 4523.52 4517 4515.27
4509.56 4508.74 4507.59 4506.59 4506.2 4505.87 4505.89 4505.69 4505.24 4504.74 4504.66 4504.03 4503.65 4502.9 4501.92 4500.45 4498.82 4497.48 4498.03 4498.83 4496.91 4496.65 4497.33 4498.6 4499 4495.38 4493.88 4496.49 4499.56 4503.38 4507.2 4511.07 4515.37 4521.81 4521.51 4504.35 4510.84 4510.86 4508.1 4504.59 4500.1 4495.06 4488.72 4487.08 4492.45 4493.69 4488.66 4490.58 4501.42 4488.3 4485.96 4483.01 4495 4513.09 4528.43 4531.2 4529.98 4528.28 4533.35 4562.66 4568.46 4569.09 4562.18 4539.02 4515.16 4514.92 4522.78
4508.72 4507.55 4506.3 4505.49 4505.3 4505.37 4505.18 4505.06 4504.72 4504.25 4504.11 4503.52 4503.39 4503.13 4501.58 4499.89 4498.4 4497.76 4498.17 4496.36 4495.41 4494.95 4494.95 4494.66 4494.43 4493.54 4494.79 4494.1 4497.01 4500.26 4503.02 4505.2 4506.29 4506.11 4501.14 4492.24 4493.86 4498.97 4502.23 4503.56 4503.65 4502.73 4501.9 4503.86 4507.51 4511.38 4515.19 4494.99 4502.81 4504.71 4499.82 4504.02 4500.4 4499.45 4505.29 4519.5 4530.78 4543.94 4567.08 4595.99 4586.5 4582.85 4574.14 4507.38 4497.24 4509.78 4527.14
