real_craters/C066-1000m.grd
DSAA
31 31
-15.04 15.04
-15.04 15.04
8357.805996092 9468.8553062095
9274 9261.73 9252.63 9248.42 9278.26 9290.81 9245.91 9225.07 9236.26 9247.09 9236.18 9229.54 9226.07 9209.26 9219.62 9222.86 9235.32 9247.42 9261.69 9268.98 9272.72 9271.53 9290.7 9304.58 9303.05 9302.83 9301.59 9292.37 9277.4 9275.32 9292.76 
9303.25 9306.35 9287.11 9308.83 9306.51 9294.61 9244.9 9230.54 9255.34 9240.06 9234.8 9225.77 9206.77 9235.41 9241.44 9238.85 9250.47 9260.12 9264.46 9283.39 9279.26 9271.77 9301.13 9323.09 9305.93 9303.53 9293.18 9281.33 9274.98 9296.23 9311.57 
9310.24 9258.97 9258.23 9266.82 9274.62 9250.27 9238.42 9233.7 9233.75 9229.56 9232.78 9230.84 9223.55 9225.92 9237.75 9244.6 9265.61 9282.99 9288.76 9302.25 9295.12 9286.81 9288.79 9293.73 9308.97 9313.53 9293.11 9279.59 9279.83 9305.88 9315.53 
9293.98 9253.16 9239.51 9277.03 9261.67 9240.68 9239.77 9237.04 9236.19 9233.02 9235.66 9235.52 9231.9 9225.57 9243.9 9259 9284.43 9313.57 9338.53 9321.94 9318.33 9299.83 9288.58 9278.03 9302.85 9313.99 9297.56 9286.29 9299.8 9326.74 9320.64 
9265.41 9242.89 9245.15 9274.5 9262.94 9243.48 9243.19 9239.54 9235.93 9238.96 9244.72 9251.35 9245.74 9248.01 9263.34 9274.7 9308.1 9337.88 9348.18 9332.73 9316.37 9302.46 9307.14 9289.52 9308.66 9314.39 9299 9294.9 9328.03 9331.82 9331.53 
9262.1 9253.09 9239.35 9259.87 9255.65 9247.11 9248.24 9240.76 9244.31 9249.64 9253.28 9255.46 9266.23 9289.08 9296.3 9323.53 9354.52 9360.03 9362.47 9326.78 9333.13 9332.96 9333.94 9305.67 9321.1 9314.39 9296.11 9289.1 9331.96 9340.58 9334.23 
9269.85 9256.42 9233.49 9240.92 9248.2 9248.02 9244.95 9250.77 9253.85 9264.4 9273.27 9287.08 9359.89 9393.83 9403.84 9433.15 9390.82 9370.01 9347.36 9339.42 9332.47 9337.74 9324.71 9314.56 9317.43 9308.65 9295.85 9290.75 9308.72 9323.73 9343.61 
9275.52 9250.65 9241.18 9245.64 9251.02 9251.8 9250.19 9264.64 9272.26 9295.98 9325 9349.19 9468.86 9464.76 9281.27 9385.68 9300.06 9336.3 9374.79 9373.02 9327.24 9322.29 9310.08 9308.59 9301.88 9304.64 9300.34 9297.16 9304.39 9306.51 9338.82 
9294.69 9266.52 9266.76 9268.57 9261.85 9258.57 9259.37 9257.97 9266.83 9313.69 9377.76 9413.46 9180.01 9259.42 8913.79 8938.09 9053.63 9052.58 9135.52 9246.65 9353.02 9332.67 9328.5 9317.99 9306.63 9309.07 9312.57 9314.86 9308.74 9309.67 9330.58 
9302.41 9267.82 9268.71 9266.49 9267.16 9272.7 9290.9 9310.9 9269.76 9278.4 9292.23 9120.37 8921.89 8966.57 8822.5 8785.89 8860.49 9005.65 9038.35 9034.42 9114.29 9331.2 9354.17 9328.3 9311.78 9318.48 9325.96 9332.99 9334.83 9349.63 9357.74 
9293.51 9271.08 9256.89 9260.79 9268.69 9280.4 9293.5 9310.91 9277.02 9208.46 9103.93 8939.39 8832.13 8918.51 8563.98 8633.94 8661.01 8720.82 8902.49 9063.55 8947.52 9153.9 9275.47 9313.15 9311.19 9326.2 9336.91 9346.14 9354.38 9374.51 9357.45 
9271.16 9260.89 9254.79 9259.88 9269.5 9276.06 9296.47 9294.99 9244.96 9129.06 9011.14 8910.28 8710.63 8662.63 8470.38 8451.69 8477.19 8531.44 8698.38 8961.69 9034.58 8931.16 9176.47 9326.88 9339.18 9338.3 9347 9356.24 9362.69 9365.63 9372.67 
9276.34 9271.3 9263.02 9265.28 9276.5 9297.59 9311.68 9304.58 9209.94 9043.66 8859.89 8660.12 8576.4 8510.42 8445.98 8412.55 8402.68 8414.25 8486.22 8629.6 9105.08 9191.39 9249.5 9374.17 9352.93 9340.8 9358 9373.37 9372.76 9379.92 9377.28 
9310.32 9282.07 9274.52 9277.42 9285.64 9307.46 9358.94 9366.36 9209.09 8977.99 8720.66 8568.54 8498.61 8479.82 8465.95 8473.85 8449.12 8401.3 8407.76 8502.06 8829.21 9177.92 9265.75 9375.86 9357.33 9360.51 9368.84 9378.69 9380.65 9379.26 9369.06 
9363.14 9297.73 9282.78 9284.31 9289.98 9303.48 9332.65 9425.59 9220.83 8949.96 8720.51 8565.57 8505.7 8487.15 8478.2 8475.38 8576.39 8449.19 8419.93 8464.78 8742.69 9093.14 9183.67 9202.79 9313.97 9370.42 9385.1 9391.62 9380.11 9375.55 9367.5 
9296.02 9322.31 9293.29 9292.46 9302.96 9318.62 9350.76 9417.13 9219.03 8932.28 8697.01 8557.45 8495.51 8498.27 8453.56 8357.81 8568.87 8489.09 8498.84 8528.79 8782.43 9073.65 9160.98 9232.75 9316.55 9394.97 9388.77 9378.45 9372.01 9359.87 9365.12 
9266.6 9323.02 9308.79 9284.81 9304.15 9318.1 9333.99 9408.31 9193.93 8912.01 8691.81 8549.3 8493.38 8464.05 8460.03 8449.41 8475.87 8514.47 8606.78 8645.02 8805.83 9034.3 9165.62 9283.61 9355.45 9391.83 9388.4 9374.62 9368.29 9366.65 9370.84 
9292 9312.67 9295.65 9272.48 9295.76 9317.31 9337.46 9345.03 9173.44 8920.88 8672.32 8567.13 8508.32 8449.49 8471.58 8477.96 8444.82 8571.2 8782.3 8785.3 8845.4 9010.99 9201.16 9337.42 9398.21 9411.29 9383.92 9376.02 9372.97 9379.37 9367.26 
9318.98 9293.28 9280.18 9278.62 9293.33 9321.21 9332.88 9317.21 9197.9 8997.48 8813.43 8718.61 8606.07 8498.42 8533 8561.3 8546.81 8696.69 8835.01 8723.08 8974.38 9048.61 9299.46 9456.06 9426.33 9384.1 9372.48 9364.94 9356.12 9369.96 9357.6 
9298.49 9276.17 9273.46 9280.11 9303.59 9320.19 9335.37 9322.43 9274.02 9161.09 8968.84 9126.6 8594.77 8621.76 8659.02 8715.31 8734.26 8867.31 8886.95 8704.9 9007.81 9167.02 9382.9 9441.15 9421.39 9386.39 9365.1 9361.97 9357.79 9361.72 9349.22 
9276.7 9267.49 9269.71 9278.2 9309.49 9320.81 9337.52 9319.32 9349.04 9379.43 9113.88 9284.52 8977.82 8799.85 8823.92 8906.6 9034.12 8901.82 8752.02 8782.88 9100.56 9430.92 9414.99 9397.41 9392.39 9376.92 9361.35 9355.08 9348.79 9344.78 9337.31 
9273.76 9269.17 9268.73 9278.37 9293.97 9303.43 9338.07 9329.44 9344.42 9373.43 9252.05 9279.13 9201.81 9017.77 8981.51 8933.51 8866.87 8844.74 8877.68 9077.55 9344.65 9392.74 9384.03 9370.83 9362.43 9351 9342.43 9336.14 9328.97 9328.47 9330.34 
9299.91 9276.51 9271.1 9264.75 9266.05 9277.06 9296.06 9301.34 9296.78 9315.68 9384.04 9310.26 9351.27 9274.57 9171.75 9071.95 8998.16 9060.12 9221.76 9395.51 9431.03 9389.28 9361.66 9358.12 9352.82 9348.96 9353.16 9319.01 9317.97 9340.91 9335.25 
9298.53 9293.72 9276.37 9258.98 9246.15 9250.04 9261.18 9270.24 9263.89 9277.23 9355.92 9304.69 9350.32 9337.4 9325.68 9413.04 9415.07 9398.63 9411.46 9408.02 9383.68 9375.79 9360.43 9354.05 9346.99 9339.86 9323.95 9309.92 9309.43 9311.04 9312.51 
9296.94 9304.32 9280.03 9257.29 9242.02 9245.16 9254.8 9243.22 9238.97 9265.55 9268.13 9298.71 9310.63 9330.97 9348.66 9371.14 9376.35 9335.6 9352 9362.27 9353.39 9356.3 9358.07 9352.8 9345.35 9336.76 9322.6 9321.26 9306.2 9290.55 9291.41 
9312.59 9308.72 9278.19 9249.3 9249.14 9266.31 9251.43 9234 9225.13 9232.33 9260.96 9280.48 9301.46 9306.33 9314.59 9314.82 9317.69 9310.5 9323.11 9344.42 9331.58 9316.83 9341.93 9341.72 9334.88 9328.85 9313.16 9308.06 9304.98 9299.16 9307.16 
9287.94 9293.44 9267.44 9244.59 9254.73 9266.59 9244.43 9232.58 9223.5 9236.04 9247.91 9255.47 9267.79 9281.8 9290.32 9288.99 9309.88 9332.67 9380.52 9324.81 9306.25 9280.79 9275.09 9311.65 9316.95 9310.4 9290.09 9301.11 9312.91 9308.67 9303.93 
9294.16 9284.47 9260.38 9240.99 9252.42 9250.86 9237.44 9237.51 9252.84 9237.18 9259.32 9256.31 9254.97 9271.48 9286.29 9297.33 9299.41 9315.71 9325.69 9324.11 9294.3 9268.26 9268.13 9290.76 9308.45 9310.61 9305.95 9325.85 9327.72 9337.47 9349.23 
9294.74 9284.01 9257.4 9240.71 9241.85 9233.15 9232.75 9244.18 9260.97 9278.05 9287.11 9256.86 9245.82 9271.43 9300.51 9305.47 9294.63 9298.51 9297.54 9302.47 9290.8 9271.75 9274.33 9291.28 9314.16 9336.29 9323.19 9315.57 9340.22 9371.19 9411.41 
9348.69 9291.48 9245.39 9216.62 9212.47 9216.75 9227.25 9244.12 9260.23 9305.79 9274.54 9234.82 9235.34 9268.67 9319.71 9331.16 9292.32 9290.02 9293.69 9302.4 9293.88 9287.23 9286.74 9296.48 9316.84 9332.62 9323.72 9324.63 9362.49 9393.51 9414.92 
9295.68 9268.39 9224.45 9196.42 9196.37 9213.87 9224.98 9237.9 9267.96 9258.79 9244.14 9240.8 9232.65 9249.65 9263.65 9279.23 9279.72 9281.9 9283.45 9293.3 9294.93 9294.01 9295.41 9299.47 9313.59 9326.67 9323.08 9377.65 9399.21 9413.88 9426.15 
