real_craters/C067-500m.grd
DSAA
106 106
-26.3375 26.3375
-26.3375 26.3375
8272.7742283845 9633.5159448401
[rows 0 to 29 of 106, columns 0 to 66 of 106]
9231.55 9241.42 9241.18 9223.24 9212.4 9212.83 9215.23 9215.71 9203.63 9205.77 9210.98 9208.54 9203.7 9204.29 9208.38 9212.67 9217.71 9222.5 9225.75 9227.05 9226.8 9225.9 9225.21 9224.72 9224.33 9223.48 9223.04 9074.41 9042.77 9024.18 9003.06 8980.15 8955.64 8928.42 8901.09 8789.45 8778.66 8753.83 8733.95 8710.25 8704.19 8711.07 8707.04 8685.39 8663.19 8645.29 8637.95 8626.49 8623.59 8619.78 8620.1 8621.47 8620.83 8619.15 8620.09 8620.51 8623.75 8635.65 8643.91 8658.11 8671.7 8683.28 8698.09 8712.67 8721.33 8730.17 8727.65
9224.33 9227.43 9221.04 9214.6 9211.11 9210.39 9210.87 9208.81 9203.38 9205.22 9201.14 9196.83 9197.99 9204.35 9207.81 9211.33 9214.5 9217.1 9218.09 9219.39 9221.58 9221.34 9221.05 9219.4 9218.5 9218.64 9218.06 9086.28 9050.05 9031.98 9011.65 8992.02 8977.38 8953.57 8927.26 8833.02 8818.7 8803.9 8783.68 8760.6 8738.31 8736.9 8746.63 8714.88 8690.45 8683.2 8674.69 8665.83 8651.87 8642.32 8643.18 8644.29 8642.6 8635.9 8642.14 8649.66 8657.53 8667.29 8682.08 8691.06 8693.86 8700.31 8712.97 8717.76 8722.36 8708.88 8716.68
9217.35 9214.86 9211.59 9211.48 9207.95 9205.88 9207.51 9205.97 9198.55 9199.55 9199.63 9196.88 9203.24 9207.73 9208.79 9210.26 9212.13 9212.62 9210.83 9212.14 9216.17 9216.57 9216.24 9216.71 9216.07 9217.17 9103.14 9084.61 9060.01 9043.62 9024.85 9013.19 8992.66 8972.33 8947.73 8871.09 8858.48 8847.85 8826.25 8798.59 8769.46 8742.16 8716.23 8709.34 8703.42 8705.44 8700.54 8690.4 8684.15 8678.59 8672.99 8671.94 8672.78 8672.32 8675.28 8680.39 8684.85 8692.9 8706.79 8711.23 8703.36 8701.91 8706.72 8689.98 8691.87 8713.94 8749.03
9213.52 9209.46 9203.39 9208.36 9202.27 9198.86 9193.01 9187.97 9194.11 9193.33 9191.77 9194.93 9201.69 9199.23 9205.29 9208.58 9210.38 9211.48 9211.25 9212.59 9213.87 9212.12 9212.4 9211.67 9212.18 9211.37 9118.77 9091.73 9068.99 9056.67 9039.94 9033.56 9017.03 8999.59 8976.96 8901.84 8900.71 8888.05 8871.25 8843.02 8806.83 8761.65 8716.65 8707.58 8696.49 8701.32 8713.15 8728 8725.4 8707.68 8701.37 8698.14 8698.89 8703.33 8703.54 8708.24 8706.39 8706.34 8712.3 8713.2 8703.74 8695.47 8690.49 8692.61 8724.57 8784.77 8842.76
9213.36 9208.09 9200.72 9191.37 9193.06 9192.42 9191.82 9191.81 9189.46 9187.33 9188.54 9192.37 9193.46 9200.86 9205.96 9207.9 9209.11 9211.17 9217.64 9221.05 9211.84 9207.23 9206.5 9207.46 9208.39 9207.83 9125.88 9101.68 9077.89 9070.52 9070.97 9054.36 9044.1 9031.8 9012.75 8942.53 8939.19 8931.87 8919.52 8896.71 8858.54 8805.06 8759.64 8734.63 8717.65 8700.68 8682.96 8712.56 8733.16 8733.58 8723.39 8718.96 8717.53 8720.69 8721.62 8717.15 8712.7 8710.49 8714.56 8719.34 8703.4 8697.63 8702.76 8741.6 8818.21 8931.14 9022.29
9214.53 9212.2 9197.96 9188.03 9187.25 9188.02 9188.1 9184.01 9181.63 9179.68 9183.14 9194.35 9203.38 9209.22 9208.73 9207.23 9205.97 9205.48 9205.73 9203.78 9201.69 9200.94 9200.85 9201.2 9204.62 9202.89 9130.43 9108.76 9086.61 9092.38 9080.79 9076.46 9066.31 9053.01 9039.78 8963.78 8963.04 8953.67 8951.33 8949.75 8925.89 8872.49 8817.05 8785.74 8744.42 8719.95 8703.22 8696.14 8701.87 8733.83 8739.56 8739.38 8740.41 8750.15 8737.67 8722.32 8717.06 8713.35 8706.92 8697.86 8709.91 8726.02 8751.59 8835.21 8943.64 9073.01 9183.92
9214.84 9203.43 9191.53 9185.49 9185.33 9184.95 9186.49 9182.83 9178.37 9176.88 9185.96 9194.53 9194.17 9212.14 9207.88 9203.84 9200.01 9196.65 9191.67 9185.97 9191.06 9194.21 9196.84 9195.95 9198.65 9200.1 9131.94 9113.28 9097.21 9110.01 9080.08 9069.18 9061.47 9051.32 9039.97 8978.04 8977.46 8987.96 8995.36 9002.02 9004.82 9001.36 8958.54 8876.69 8780.22 8755.13 8753.79 8747.2 8743.03 8751.84 8768.19 8766.46 8757.51 8760.47 8744.71 8722.53 8730.57 8730.7 8718.97 8701.05 8747.53 8798.36 8857.16 8977.49 9085.93 9137.57 9163.89
9218.27 9210.96 9199.45 9191.49 9186.57 9183.04 9179.1 9177.81 9177.64 9177.21 9185.18 9193.22 9192.87 9199.71 9200.09 9197.16 9193.63 9189.67 9185.68 9183.31 9185.09 9188.57 9192.35 9193.42 9196.54 9198.73 9139.01 9116.79 9106.61 9120.8 9093.93 9083.57 9072.28 9065.35 9056.63 9040.84 9001.5 9013.4 9024.63 9047.7 9077.58 9113.8 9088.08 9005.94 8914.53 8860.78 8831.44 8857.5 8836.98 8830.1 8828.42 8807.9 8779.39 8774.65 8761.69 8752.15 8768.39 8781.71 8783.82 8773.78 8846.34 8926.98 8998.31 9098.06 9151.54 9148.5 9142.27
9223.96 9217.36 9206.48 9197.12 9189.91 9183.73 9179.47 9178.76 9179.13 9182.89 9189.13 9191.11 9186.09 9188.49 9191.69 9190.28 9188.37 9185.39 9182.51 9181.68 9182.35 9184.57 9188.91 9193.71 9195.38 9198.21 9149.11 9122.28 9109.42 9113.5 9099.2 9090.64 9082.13 9073.51 9064.69 9055.43 9015.31 9031.49 9054.32 9081.06 9117.34 9151.25 9146.71 9122.85 9112.63 9037.77 9004.47 9023.65 9049.75 8978.05 8925.77 8873.24 8820.39 8799.71 8785.51 8798.44 8833.5 8864.22 8898.41 8945.79 9004.31 9070.19 9114.95 9123.14 9125.02 9131.13 9121.02
9228.32 9223.02 9210.41 9201.05 9194.52 9187.71 9178.24 9178.78 9181.28 9183.28 9188.94 9191.54 9187.19 9187.95 9186.79 9186.09 9184.87 9182.78 9180.36 9178.39 9179.83 9183.55 9189.84 9194.2 9193.78 9196.53 9161.14 9131.58 9104.29 9099.45 9092.37 9083.83 9074.8 9067.56 9061.99 9068.18 9016.86 9047.37 9065.87 9091.64 9121.67 9150.17 9157.67 9158.73 9164.52 9152.19 9140.99 9143.67 9169.93 9098.78 9024.92 8963.86 8905.2 8888.06 8872.68 8890.58 8921.83 8956.17 9005.54 9085.89 9120.88 9126.93 9131.24 9122.34 9121.29 9116.08 9106.76
9229.77 9223.26 9209.66 9203.78 9200.06 9197.77 9195.44 9188.94 9183.89 9184.86 9189.15 9194.26 9195.22 9183.2 9181.82 9183.07 9182.98 9182.77 9180.69 9178.14 9180.01 9183.7 9189.39 9193.53 9193.75 9196.39 9166.8 9138.26 9108.44 9102.9 9095.34 9088.38 9080.23 9077.77 9070.75 9067.63 9027.05 9039.73 9060.96 9090.57 9107.26 9121.42 9133.57 9144.25 9165.82 9176.42 9177.09 9172.67 9172.52 9139.93 9097.31 9068.91 9047.43 9039.71 9057.59 9027.39 9013.93 9027.9 9062.3 9109.37 9130 9124.51 9117.09 9106.52 9110.08 9102.79 9096.92
9230.77 9224.44 9212.07 9207.46 9204.87 9203.15 9195.57 9186.43 9185.16 9183.24 9186.34 9188.82 9192.3 9181.24 9181.21 9183.38 9184.04 9184.44 9183.82 9182.75 9183.71 9186.53 9190.88 9194.51 9198.09 9166.48 9169.22 9145.95 9123.03 9114.79 9110.11 9102.58 9095.43 9093.51 9085.62 9079.6 9054.6 9061.04 9078.07 9083.02 9086.73 9088.25 9099.79 9105.67 9119.57 9140.54 9149.77 9150.78 9150.76 9145.48 9135.37 9137.9 9153.35 9125.91 9124.52 9100.34 9075.33 9071.06 9084.03 9101.04 9105.63 9099.4 9098.47 9094.68 9084.11 9081.81 9077.84
9232.53 9228.16 9219.03 9212.9 9208.22 9204.08 9194.6 9187.98 9188.15 9189.03 9186.81 9185.62 9185.31 9186.51 9185.93 9187.91 9189.23 9189.64 9190.12 9190.4 9190.83 9191.53 9194.34 9196.01 9195.66 9167.61 9170.82 9154.45 9137.43 9131.39 9124.36 9117.12 9116.71 9109.09 9109.56 9104.51 9082.53 9079.65 9076.35 9075.56 9066.68 9060.46 9071.38 9075.07 9080.08 9083 9099.07 9111.97 9126.77 9139.64 9135.11 9136.76 9141.43 9137.25 9125.63 9113.54 9097.09 9087.47 9087.7 9089.17 9083.14 9081.71 9079.71 9075.05 9070.24 9067.36 9064.57
9236.43 9233.29 9226.21 9218.85 9211.39 9203.48 9197.45 9193.75 9193.64 9191.25 9187.98 9182.42 9182.04 9187.95 9190.91 9195.29 9197.44 9197.05 9195.36 9194.68 9193.57 9193.31 9195.85 9196.49 9197.21 9172.82 9172.7 9165.15 9150 9150.63 9143.72 9137.56 9134.64 9126.11 9116.8 9111.65 9087.56 9082.65 9073.6 9066.77 9055.15 9050.9 9056.49 9059.96 9060.63 9060.7 9067.6 9076.16 9094.45 9112.93 9111.04 9106.39 9108.56 9120.54 9122.41 9106.27 9097.37 9089.95 9086.17 9078.63 9069.87 9066.89 9066.72 9065.38 9063.4 9063.26 9067.22
9237.19 9236.19 9231.39 9225.19 9217.18 9204.9 9198.34 9199.45 9200.33 9200.02 9192.59 9187.22 9187.63 9192.79 9198.61 9205.09 9204.79 9202.89 9200.16 9197.33 9193.88 9194.91 9195.93 9195.42 9197.29 9174.81 9172.35 9167.07 9162.09 9154.52 9149.7 9142.94 9135.65 9128.9 9118.46 9106.88 9083.34 9080.25 9068.92 9061.45 9050.36 9047.69 9052.91 9052.09 9051.82 9052.98 9053.03 9053.36 9063.41 9076.02 9085.2 9082.7 9084.68 9091.43 9091.13 9085.55 9084.72 9081.67 9077.29 9071.33 9065.63 9061.1 9059.96 9061.1 9061.87 9063.55 9075.7
9237.12 9236.9 9235.6 9232.77 9229.14 9224.65 9217.55 9210.2 9203.84 9199.38 9196.32 9196.41 9198.92 9206.57 9210.4 9214.01 9211.46 9208.49 9205.43 9203.95 9200.78 9198.85 9197.12 9198.24 9195.61 9175.36 9171.75 9167.92 9164.08 9151.56 9144.86 9138.07 9130.62 9122.35 9111.97 9103.9 9095.76 9073.05 9065.14 9062.72 9058.45 9059.4 9062.51 9059.13 9054.83 9052.4 9052.45 9049.07 9053.1 9061.64 9073.12 9080.5 9075.99 9067.73 9061.03 9067.66 9071.88 9072.48 9071.03 9066.82 9062.2 9058.53 9058.68 9062.43 9069.31 9074.42 9083.52
9239.95 9240.64 9241.74 9240.97 9240.73 9242.92 9234.56 9222.99 9211.47 9203.51 9200.97 9204.76 9214.24 9228.5 9230.41 9224.62 9215.29 9210.36 9208.76 9208.41 9207.26 9208.24 9198.3 9191.48 9193.89 9174.44 9172.49 9167.67 9163.05 9155.43 9143.14 9135.27 9126.76 9119.66 9111.41 9101.85 9095.53 9072.8 9069.85 9068.09 9071.76 9076.85 9084.22 9082.14 9078.54 9071.64 9070.15 9061 9061.9 9065.88 9071.61 9078.79 9073.39 9062.3 9057.37 9060.75 9065.45 9067.89 9068.34 9066.9 9064.06 9066.42 9075.06 9079.33 9084.67 9089.76 9093.06
9252.41 9257.01 9252.27 9248.51 9245.37 9243.66 9244.12 9235.72 9225.86 9215.02 9207.25 9207.98 9236.33 9268.55 9278.68 9227.6 9209.81 9207.36 9209.99 9213.65 9216.58 9213.57 9213.01 9208.51 9190.85 9172.39 9173.1 9163.37 9155.21 9147.15 9139.42 9132.25 9124.52 9115.95 9109.05 9102.08 9096.19 9075.44 9074.3 9074.31 9074.51 9088.48 9108.47 9129.49 9121.06 9111.96 9105.68 9094.4 9085.22 9076.13 9072.18 9069.35 9070.44 9068.36 9063.17 9061.84 9067.19 9070.79 9072.14 9072.23 9073.54 9079.69 9089.19 9091.64 9097.54 9110.22 9105.06
9265.91 9261.66 9258.75 9253.74 9249.38 9247.93 9248.32 9244.8 9242.31 9230.28 9220.98 9225.24 9328.83 9263.16 9207.33 9186.46 9193.79 9202.8 9210.48 9217.26 9221.96 9218.66 9217.78 9208.45 9181.69 9169.55 9164.58 9160.41 9153.07 9145.77 9138.04 9130.02 9123.37 9116.76 9108.95 9103.33 9099.68 9083.2 9082.62 9082.95 9082.36 9098.05 9118.01 9138.05 9147.64 9143.32 9134.82 9137.06 9107.84 9088.09 9078.71 9073.01 9075.08 9075.51 9074.7 9075.49 9076.85 9079.15 9079.8 9079.27 9080.61 9085.21 9079.18 9086.52 9097.93 9107.45 9110.53
9265.69 9264.56 9260.86 9257.11 9254.47 9253.66 9253.37 9249.66 9244.8 9243.28 9243.92 9265.44 9287.05 9227.18 9110.32 9153.41 9187.33 9202.3 9210.93 9217.82 9223.64 9219.79 9204.08 9197.09 9193.74 9190.74 9183.31 9159.65 9152.67 9144.88 9138.52 9132.31 9124.88 9118.96 9113.93 9108.08 9103.92 9090.44 9094.34 9096.73 9099.37 9110.13 9123.63 9136.04 9139.77 9138.24 9131.41 9123.59 9112.1 9098.31 9092.23 9092.95 9089.68 9084.54 9084.88 9083.24 9088.28 9092.55 9092.74 9089.33 9083.48 9080.74 9069.52 9082.01 9095.7 9106.07 9116.46
9262.95 9263.51 9260.18 9257.82 9256.38 9259.14 9256.86 9252.91 9250.78 9253.47 9263.82 9287.04 9322.61 9269.39 9213.92 9208.36 9208.14 9210.14 9211.99 9214.65 9218.37 9215.39 9203.61 9194.17 9193.03 9176.71 9169.59 9159.83 9153.95 9147.74 9142.52 9137.18 9132.34 9127.42 9121.55 9118.43 9114.88 9104.01 9107.56 9112.83 9115.82 9122.1 9128.08 9136.61 9133.86 9131.69 9123.28 9114.59 9115.15 9111.54 9108.21 9106.6 9109.74 9116.28 9106.98 9100.28 9108.57 9112.23 9110.92 9107.31 9101.61 9088.96 9078.03 9090.73 9100.41 9108.48 9122.15
9254.38 9256.58 9256.87 9256.14 9255.98 9257.34 9255.05 9252.85 9253.94 9259.21 9270.52 9295.05 9321.66 9314.44 9317.05 9269.14 9233.47 9217.74 9211.43 9206.31 9203.22 9197.25 9186.45 9180.58 9163.38 9152.96 9166.8 9158.44 9154.3 9150.63 9147.49 9144.31 9140.41 9135.78 9131.84 9128.43 9124 9115.95 9120.49 9126.93 9134.39 9134.82 9139.6 9146.6 9141.85 9139.35 9130.79 9125.68 9126.94 9128.75 9131.5 9130.25 9124.98 9124.35 9131.5 9140.04 9141.78 9137.82 9133.63 9128.85 9122.91 9115.36 9123.44 9112.15 9111.17 9113.55 9128.24
9251.1 9252.96 9254.14 9254.06 9252.82 9249.59 9249.26 9249.51 9253.23 9260.72 9270.59 9289.36 9318.87 9315.33 9290.93 9266.09 9244.06 9223.73 9207.05 9195.21 9182.2 9168.74 9162.78 9156.89 9156.58 9152.43 9163.86 9158.62 9156.33 9153.09 9150.43 9146.6 9145.87 9142.09 9140.17 9137.02 9132.75 9125.03 9127.47 9131.87 9137.18 9143.25 9147.33 9156.3 9171.84 9156.56 9144.96 9142.11 9144.5 9144.57 9146.28 9151.85 9141.79 9134.1 9151.36 9168.34 9165.47 9159.05 9155.2 9149.45 9140.62 9144.94 9141.38 9128.66 9123.32 9125.82 9138.06
9252.02 9252.33 9252.74 9252.33 9251.78 9249.35 9244.01 9242.19 9248.26 9260.99 9277.92 9293.69 9304.99 9302.9 9288.56 9268.76 9243.62 9222.74 9203.95 9185.82 9167.42 9151.3 9147.94 9148.97 9150.29 9161.14 9159.53 9158.53 9156.77 9155.04 9153.68 9151.92 9148.3 9145.88 9142.5 9143.12 9140.11 9133.87 9132.77 9136.81 9143.9 9151.21 9149.45 9153.87 9161.59 9169 9167.09 9166.45 9167.05 9168.36 9173.28 9174.5 9171.86 9169.98 9173.14 9173.38 9174.35 9174.83 9172.74 9172.17 9161.46 9138.71 9134.74 9133.78 9133.58 9134.88 9140.11
9252.1 9252.3 9252.13 9251.26 9249.13 9246.95 9237.62 9229.06 9237.67 9257.71 9281.42 9293.25 9295.29 9290.79 9278.12 9258.27 9237.97 9218.89 9199.72 9179.82 9160.24 9144.02 9139.29 9141.18 9142.47 9145.04 9157.13 9155.73 9155.71 9155.08 9154.65 9153.45 9151.85 9151.18 9149.58 9147.69 9146.16 9141.27 9138.83 9134.76 9146.54 9162.52 9163.47 9157.95 9168.35 9186.26 9197.68 9194.97 9189.32 9187.84 9190.37 9195.29 9198.44 9198.4 9196.15 9195.41 9193.33 9186.44 9181.31 9181.4 9167.72 9138.72 9133.72 9140.28 9144.51 9146.52 9149.16
9252.11 9251.93 9251.72 9251.52 9250.52 9244.72 9233.62 9227.61 9235.08 9252.22 9268.31 9280.81 9287.9 9283.7 9262.68 9240.86 9231.37 9216.16 9197.85 9177.93 9157.46 9141.48 9133.98 9135.32 9140.62 9146.23 9156.85 9159.28 9159.18 9159.45 9158.6 9156.97 9156.27 9155.57 9155.86 9155.34 9153.38 9151.32 9150.13 9150.58 9159.68 9172.17 9171.98 9174.09 9182.07 9206.9 9229.76 9216.79 9206.77 9202.08 9201.45 9210.23 9221.45 9220.07 9212.29 9208 9203.01 9192.77 9181.87 9165.89 9156.44 9143.41 9141.13 9151.02 9158.59 9167.11 9181.75
9251.44 9250.82 9250.82 9250.41 9249.29 9243.45 9233.46 9225.8 9237.42 9253.1 9262.25 9272.66 9274.82 9266.56 9255.4 9244.41 9230.38 9215.33 9198.23 9178.2 9157.25 9137.64 9129.97 9138.61 9142.98 9148.2 9157.46 9159.65 9160.51 9160.46 9160.77 9160.69 9160.66 9158.92 9161.67 9162.09 9162.71 9163.71 9164.51 9164.48 9178.07 9192.68 9209.73 9221.04 9221.71 9220.78 9223.9 9221.99 9215.8 9211.47 9210.31 9216.82 9226.04 9225.6 9217.7 9210.93 9204.89 9195.16 9185.96 9177.11 9169.52 9164.6 9168.66 9171.12 9173.6 9178.88 9184.06
9246.88 9248.33 9248.87 9248.19 9245.57 9241.18 9236.94 9238.86 9250.02 9265.27 9275.53 9277 9268.25 9251.49 9251.3 9244.15 9232.66 9219.19 9202.11 9182.87 9162.37 9141.57 9133.88 9142.73 9148.04 9152.95 9152.3 9162.17 9163.08 9163.48 9164.41 9164.76 9164.99 9165.38 9165.68 9167.63 9170.25 9175.98 9184.76 9196.79 9198.84 9208.19 9219.57 9231.99 9234 9226.95 9222.61 9223.33 9220.26 9214.78 9211.31 9215.9 9223.15 9221.72 9214.91 9206.59 9197.96 9195.53 9194.4 9191.88 9197.24 9199.97 9200.65 9190.16 9185.4 9182.96 9178.85
9244.83 9245.72 9246.59 9246.27 9243.1 9240.64 9240.63 9246.33 9265.25 9284.89 9296.15 9293.81 9283.13 9269.27 9264.32 9249.66 9242.92 9228.68 9210.63 9192.66 9175.69 9160.5 9152.91 9154.36 9155.52 9160.83 9167.21 9167.69 9166.34 9166.13 9166.25 9166.77 9167.7 9169.88 9171.81 9173.3 9177 9184.32 9198.63 9211.57 9212.73 9213.74 9220.44 9226.97 9231.52 9230.81 9225.97 9226.98 9224.09 9220.57 9215.51 9211.07 9214.35 9215.71 9210.82 9202.49 9194.59 9195.99 9204.27 9217.15 9220.61 9228.49 9210.35 9200.37 9192.9 9187.05 9184.8
9241.03 9242.72 9244.2 9244.8 9239.57 9241.72 9248.86 9261.38 9283.47 9306.68 9320.25 9315.87 9308.91 9301.65 9294.59 9285.6 9266.18 9240.52 9219.4 9203.35 9192.5 9187.32 9184.58 9175.48 9168.18 9164.58 9173.82 9173.04 9172.31 9172.23 9172.21 9173.13 9173.93 9174.5 9176.35 9178.61 9182.49 9187.35 9197.05 9208.91 9215.16 9225.21 9220.61 9221.54 9230.18 9239.75 9239.6 9230.5 9225.59 9223.68 9220.21 9216.48 9219.72 9215.44 9209.98 9202.14 9193.34 9197.8 9205.05 9207.87 9217.67 9217.97 9210.13 9206.78 9198.36 9189.49 9179.94
