real_craters/C067-500m.grd
DSAA
106 106
-26.3375 26.3375
-26.3375 26.3375
8272.7742283845 9633.5159448401
[rows 60 to 89 of 106, columns 0 to 66 of 106]
9307.81 9308.2 9318.5 9348.83 9379.62 9354.49 9326.45 9317.71 9310.17 9301.85 9295.93 9289.49 9284.28 9279.53 9275.31 9272.58 9271.73 9269.36 9258.13 9248.99 9257.28 9270.92 9285.87 9301.88 9319.02 9337.5 9347.59 9344.85 9342.16 9337.68 9331.3 9332.47 9329.38 9330.49 9334.74 9344.56 9346.67 9341.3 9317.51 9288.39 9324.16 9382.11 9379.74 9290.03 9192.46 9061.2 8928.51 8831.5 8755.87 8706.49 8683.7 8662.3 8639.7 8607.38 8565.3 8542.27 8581.34 8636.46 8752.74 8875.76 9008.37 9089 9160.02 9236.33 9304.38 9357.2 9322.62
9332.26 9314.5 9310.32 9337.67 9370.08 9358.22 9336.65 9320.36 9312.21 9305.21 9298.46 9293.83 9288.26 9284.54 9279.6 9276.32 9274.4 9268.06 9262.86 9258.73 9262.67 9273.86 9288.88 9307.11 9326.69 9343.2 9354.09 9355.08 9348.86 9342.77 9336.12 9334.75 9335.37 9337.78 9337.97 9342.07 9357.71 9371.7 9329.77 9309.16 9328.1 9362.8 9378.68 9362.79 9337.06 9278.4 9129.84 8935.07 8786.42 8778.43 8770.76 8751.73 8730.58 8712.65 8695 8703.65 8755.25 8804.03 8908.46 9012.46 9098.1 9177.24 9237.1 9272.94 9294.02 9296.44 9259.8
9372.59 9338.26 9317.98 9341.67 9379.44 9349.09 9329.14 9322.83 9316.88 9309.02 9303.47 9297.93 9293.16 9288.62 9283.59 9279.24 9275.76 9273.43 9265.14 9262.57 9265.15 9274.49 9289.17 9307.79 9328.9 9351.45 9375.66 9362.57 9352.01 9345.03 9341.03 9336.53 9339.86 9344.86 9356.57 9365.85 9368.63 9354.81 9336.47 9312.8 9313.18 9313.37 9354.87 9401.74 9450.39 9521.88 9354.43 9100.14 8936.14 8899.88 8879.65 8858.12 8848.13 8843.57 8876.59 8966.75 8999.4 9031.66 9077.64 9155.57 9226.96 9286.28 9313.02 9310.26 9296.08 9267.93 9240.58
9403.68 9370.95 9344.24 9359.42 9371.43 9352.01 9332.73 9327.5 9323.14 9314.98 9310.16 9305.81 9299.73 9293.92 9288.5 9281.85 9274.64 9265 9259.53 9258.23 9261.12 9272.14 9286.15 9303.14 9322.49 9340.77 9355 9351.2 9344.49 9340.45 9339.38 9338.12 9340.85 9346.5 9354.19 9369.02 9388.73 9386.91 9348.34 9319.09 9310.9 9313.07 9351.03 9406.77 9459.55 9483.95 9429.09 9280.83 9147.2 9064.91 9007.97 8970.93 8947.84 8943.35 8981.54 9073.1 9090.87 9141.37 9189.2 9268.17 9365.37 9427.07 9375.73 9332.04 9294.33 9253.1 9219.68
9421.08 9408.66 9406.91 9399.22 9401.91 9361.47 9341.79 9334.83 9327.24 9319.21 9313.51 9308.05 9302.57 9300.15 9293.49 9285.63 9276.65 9265.28 9258.87 9258.25 9260.39 9268.05 9280.02 9294.23 9308.65 9318.87 9329.26 9330.12 9331.56 9332.74 9333.87 9334.04 9337.79 9343.66 9354.8 9366.36 9382.99 9384.1 9355.33 9334.81 9323.83 9312.18 9351.96 9390.99 9421.78 9439.57 9445.1 9467.04 9357.11 9218.88 9138.09 9082.36 9054.61 9030.64 8998.67 9013.61 9068.48 9160.55 9244.98 9318.9 9402.86 9447.01 9380.16 9323.04 9276.54 9239.97 9210.43
9443.69 9445.78 9434.29 9429.86 9413.19 9370.19 9351.53 9341.43 9329.34 9324.33 9316.41 9309.47 9303.58 9298.73 9292.88 9287.6 9281.68 9274.28 9267.23 9262.18 9257.47 9263.85 9273.91 9284.95 9294.87 9299.4 9299.35 9307.58 9315.79 9320.62 9325.05 9326.16 9329.29 9333.18 9335.62 9349.36 9357.04 9360.19 9372.37 9364.12 9351.6 9348.06 9358.89 9375.04 9385.65 9390.01 9417.88 9425.65 9381.59 9294.97 9226.46 9180.7 9157.75 9148.41 9123.47 9170.16 9239.13 9261.78 9284.14 9314.25 9338.55 9325.1 9317.39 9288.01 9258.36 9235.2 9216.4
9465.81 9480.66 9491.68 9457.9 9424.55 9398.58 9368.16 9349.86 9336.22 9325.94 9318.22 9310.88 9303.57 9297.55 9293.38 9289.8 9289.15 9288.91 9285.54 9269.48 9256.78 9260.25 9268.35 9276.81 9281.61 9285.96 9288.46 9294.41 9303.21 9310.36 9316.45 9320.06 9323.63 9325.31 9327.62 9335.35 9341.42 9353.31 9376.36 9381.45 9378.63 9375.33 9366.33 9363.71 9361.96 9367.07 9378.98 9375.87 9361.37 9322.77 9290.54 9261.44 9254.88 9275.73 9384.55 9388.53 9400.32 9332.83 9304.89 9293.39 9274.61 9242.68 9251.48 9253.53 9243.96 9227.68 9216.05
9475.59 9488.71 9491.92 9473.89 9438.51 9411.09 9378.35 9355.47 9340.12 9327.23 9317.6 9309.27 9302.59 9300.28 9293.27 9290.3 9290.11 9294.27 9293.77 9273.09 9257.59 9257.39 9264.04 9271.04 9273.23 9276.91 9280.55 9286.04 9294.18 9302.65 9310.55 9315.95 9321.3 9323.34 9321.88 9331.11 9331.18 9350.1 9368.39 9377.82 9387.13 9385.46 9365.94 9354.62 9347.75 9350.75 9362.52 9357.01 9358.26 9339.14 9315.25 9298.92 9287.25 9294.68 9310.52 9320.88 9291.33 9296.91 9287.15 9269.45 9245.03 9217.23 9222.71 9233.13 9233.85 9228.79 9222.75
9466.67 9482.18 9495.07 9490.34 9465.55 9407.84 9388.68 9373.99 9360.23 9348.6 9338.05 9328.01 9310.86 9303.36 9296.57 9291.06 9285.91 9286.03 9284.96 9266.39 9253.14 9255.51 9262.69 9268.33 9268.75 9270.61 9272.15 9276.02 9286.07 9294.36 9303.08 9312.59 9321.11 9331.41 9337.75 9335.23 9343.46 9348.32 9359.67 9365.92 9363.43 9360.43 9352.1 9343.51 9340.3 9346.19 9361.77 9374.92 9363.55 9349.14 9335.22 9319.1 9305.22 9282.31 9253.77 9260.38 9248.32 9263.96 9262.02 9251.98 9235.96 9220.21 9218.41 9225.47 9232.78 9241.13 9232.06
9448.45 9459.48 9482.05 9508.7 9516.65 9441.27 9407.53 9391.08 9378.65 9366.53 9349.9 9337.77 9326.52 9314.98 9298.32 9289.81 9281.54 9272.9 9260.75 9256.29 9251.68 9258.87 9265.27 9265.69 9265.86 9266.5 9269.33 9273.73 9278.7 9285.88 9296.4 9304.77 9315.79 9327.92 9333.99 9330.86 9324.22 9341.79 9353.9 9359.89 9350.81 9344.17 9339.29 9330.46 9324.69 9335.32 9357.86 9372.66 9362.85 9352.26 9340.69 9329.93 9317.61 9302.65 9278.17 9269.81 9265.84 9260.59 9251.19 9242.78 9232.87 9229.12 9229.32 9228 9232.56 9234.81 9230.98
9439.21 9451.82 9478.15 9516.31 9543 9466.25 9425.5 9407.8 9395.22 9381.89 9373.01 9358.51 9343.38 9327.03 9311.71 9295.92 9278.4 9263.05 9250.04 9253.38 9268.6 9275.1 9270.4 9265.94 9263.38 9261.82 9263.69 9267.19 9270.88 9275.93 9284.36 9296.26 9306.55 9314.84 9318.14 9316.87 9320.74 9343.89 9372.71 9364.26 9351.87 9343.88 9334.04 9320.77 9309.13 9319.61 9339.23 9352.38 9352.01 9345.63 9337.81 9328.33 9318.98 9319.65 9318.08 9292.25 9269.6 9260.38 9249.01 9239.32 9228.96 9228.04 9223.9 9224.27 9235.29 9240.29 9233.75
9440.38 9456.92 9472.36 9493.86 9537.92 9461.77 9438.67 9423.04 9407.27 9390.42 9373.67 9357.22 9347.96 9330.86 9313.76 9297.91 9278.91 9260.6 9246.08 9253.46 9280.87 9287.41 9274.59 9264.76 9258.56 9254.49 9254.11 9261.68 9258.48 9263.98 9273.27 9284.27 9296.26 9303.11 9302.18 9296.73 9293.55 9328.85 9357.04 9363.78 9363.16 9349.52 9334.51 9318.57 9305.5 9312.25 9327.65 9336.44 9336.83 9334.1 9327.8 9319.37 9308.68 9292.72 9284.32 9285 9275.3 9259.47 9250.28 9242.89 9231.7 9204.59 9181.84 9223.02 9241.49 9251.72 9239
9443.4 9472.08 9459.17 9435.29 9408.83 9459.29 9461.19 9441.08 9421.83 9401.43 9382.57 9363.98 9345.83 9328.61 9316.13 9297.83 9280.55 9261.59 9248.12 9249.35 9265.26 9269.76 9266.4 9259.88 9253.54 9246.99 9239.95 9229.7 9238.73 9250.16 9261.37 9273.01 9286.27 9296.22 9291.15 9282.18 9284.06 9310.29 9335.37 9354.03 9365.06 9352.4 9336.53 9321.79 9311.75 9311.1 9311.69 9320.95 9326.26 9325.74 9321.35 9314.16 9305.22 9293.5 9285.02 9277.99 9269.57 9265.02 9261.75 9257.78 9251.22 9247.34 9259.87 9248.05 9241.9 9238.21 9230.94
9430.28 9462.56 9442.26 9404.7 9364.67 9451.32 9474.92 9458.1 9439.39 9419.53 9393.69 9373.51 9355.32 9333.69 9316.02 9296.46 9279.63 9265.02 9252.88 9248.32 9256.14 9255.95 9259.08 9255.93 9248.11 9239.92 9230.66 9223.55 9228.27 9239.19 9250.21 9260.94 9270.99 9282.12 9275.36 9272.76 9281.42 9293.15 9313.36 9335.09 9350.67 9347.26 9338.06 9326.58 9317.77 9317.67 9319.4 9320.74 9323.63 9322.71 9319 9314.77 9308.89 9306.88 9297.06 9283.85 9278.11 9275.89 9274.36 9272.29 9272.99 9280.8 9288.49 9268.81 9246.8 9229.77 9225.98
9395.54 9405.12 9432.19 9446.68 9447.08 9465.2 9475.18 9472.14 9460.77 9441.69 9421.04 9402.02 9374.43 9352.31 9324.08 9305.3 9288.62 9274.92 9269.02 9270.53 9263.59 9261.94 9257.45 9251.39 9243.34 9234.41 9226.1 9220.22 9221.96 9229.85 9238.72 9246.56 9250.3 9249.1 9252.11 9255.38 9265.03 9266.04 9287.98 9312.65 9329.94 9339.09 9339.77 9335.32 9328.7 9329.9 9330.07 9327.77 9326.38 9323.64 9318.07 9312.36 9307.77 9304.97 9307.97 9313.78 9299.31 9293.06 9287.76 9284.16 9283.42 9287.95 9291.01 9276.05 9255.96 9244.85 9237.05
9379.11 9388.67 9431.48 9489.42 9525.18 9493.12 9482.92 9481.94 9472.01 9454.78 9435.02 9411.84 9389.38 9362.63 9340.76 9313.2 9295.91 9281.47 9272.52 9265.98 9264.29 9261.98 9257.91 9249.53 9240.01 9230.99 9222.44 9215.58 9215.68 9221.55 9229.02 9236.61 9240.58 9235.59 9235.1 9232.33 9239.49 9246.07 9272.3 9299.25 9319.09 9334.4 9342.81 9349.31 9350.59 9344.25 9336.23 9334.37 9328.87 9323.46 9317.73 9312.28 9306.24 9301.04 9307.52 9314.68 9315.88 9311.69 9299.68 9290.94 9284.7 9280.06 9275.56 9262.36 9257.35 9255.16 9258.53
9382.65 9388.67 9418.58 9464.58 9496.49 9499.97 9501.86 9496.21 9485.97 9472.67 9453.1 9430.84 9405.62 9381.62 9354.76 9332.72 9307.78 9289.03 9271.39 9264.68 9263.76 9268.46 9258.01 9245.06 9235.8 9227.45 9219.7 9212.79 9210.85 9216.06 9220.99 9227.85 9238.68 9241.94 9224.05 9218.28 9225.16 9241.02 9270.11 9303.92 9321.95 9331.15 9341.75 9352.49 9356.49 9353.46 9348.75 9340.03 9331.7 9324.82 9318.76 9313.12 9308.31 9305.35 9305.63 9307.23 9313.73 9310 9303.13 9292.65 9282.08 9267.45 9244.96 9243.41 9254.14 9260.29 9268.64
9386.69 9382.61 9391.35 9409.37 9444.28 9482.57 9506.27 9505.51 9495.6 9478.65 9456.87 9433.33 9409.74 9383.4 9359.86 9333.3 9309.88 9289.33 9268.95 9256.49 9253.82 9257.63 9249.68 9238.51 9229.71 9223.28 9217.19 9213.16 9211.06 9211.64 9212.41 9214.57 9219.1 9219.25 9209.44 9200.93 9218.3 9243.02 9263.77 9293.47 9309.61 9319.02 9332.49 9346.27 9353.41 9354.51 9350.16 9341.07 9332.32 9324.92 9319.23 9314.47 9311.62 9308.73 9306.59 9308.43 9311.79 9315.14 9303.37 9293.01 9281.66 9267.77 9252 9248.01 9253.13 9259.88 9263.71
9395.68 9379.17 9366.61 9359.79 9402.72 9463 9501.18 9509.97 9499.14 9480.35 9455.55 9432.38 9406.81 9381.75 9358.69 9332.25 9309.24 9287.88 9266.4 9244.72 9242.22 9240.47 9233.54 9229.61 9224.54 9219.43 9214.8 9212.85 9212.82 9206.63 9203.06 9200.29 9196.71 9197.5 9198.7 9196.96 9218.39 9239.77 9248.02 9252.4 9277.01 9297.69 9314.74 9333.22 9340.11 9344.12 9343.91 9335.53 9328.17 9322.31 9316.99 9313.31 9311.42 9309.18 9302.99 9302.06 9305.31 9303.19 9298.65 9291.47 9283.77 9276 9270.42 9268.09 9265.57 9263.69 9259.19
9403.52 9379.1 9357.06 9350.02 9389.94 9456.39 9513.3 9515.47 9496.43 9476.07 9453.73 9429.31 9405.29 9382.16 9358.21 9335.06 9314.8 9293.93 9273.93 9260.74 9248.15 9230.6 9220.74 9222.73 9222.18 9218.87 9213.31 9207.57 9203.55 9197.94 9194.99 9190.53 9185.42 9190.22 9200.04 9211.46 9218.62 9229.12 9236.68 9243.35 9259.87 9277.08 9289.72 9303.24 9312.58 9321.95 9325.21 9322.44 9320.13 9317.65 9314.81 9311.49 9306.45 9304.45 9303.14 9301.18 9299.99 9297.59 9294.17 9291.56 9288.83 9286.96 9285.41 9286.59 9290.52 9267.83 9253.57
9411.6 9383.59 9358.91 9349.66 9387.3 9443.04 9507.38 9501.66 9487.56 9471.99 9455.89 9433.64 9411.52 9387.09 9365.33 9341.17 9319.44 9299.4 9282.13 9279.75 9265.78 9236.66 9220.82 9225.07 9224.17 9218.99 9211.79 9203.08 9192.89 9191.77 9190.55 9187.6 9184.17 9192.38 9203.62 9212.43 9218.91 9225.3 9232.03 9239.61 9251.83 9262.83 9267.65 9264.27 9282.45 9289.98 9300.28 9307.73 9310.19 9311.87 9312.23 9310.74 9306.16 9305.02 9306.01 9302.9 9298.05 9291.16 9291.51 9293.38 9295.98 9297.63 9299.53 9298.07 9294.25 9262.55 9229.59
9420.31 9390.6 9367.24 9362.18 9388 9422.98 9436.57 9462.41 9474.79 9467.15 9451.5 9432.23 9411.62 9388.81 9364.28 9339.23 9318.54 9299.42 9280.79 9275.67 9265.9 9251.86 9241.84 9238.97 9229.84 9220.97 9212.03 9203.87 9198.65 9193.68 9190.34 9190.66 9193.17 9199.98 9210.97 9215.21 9218.83 9223.46 9229.93 9239.94 9248.59 9258.18 9262.67 9263.47 9270.93 9276.24 9285.29 9295.06 9302.31 9307.42 9311.66 9314.03 9314.15 9312.3 9310.33 9306.1 9300.28 9294.92 9294.22 9298.63 9302.57 9307 9311.58 9317.68 9291.91 9258.52 9230.59
9422.98 9397.72 9377.43 9373.39 9395.01 9424.76 9458.23 9475.47 9470.66 9459.17 9443.49 9423.43 9402.88 9379.46 9359.2 9335.7 9314.06 9293.24 9270.97 9258.45 9251.67 9264.98 9280.48 9252.02 9233.64 9221.54 9212.1 9204.1 9197.78 9193.97 9193.08 9193.71 9198.17 9205.32 9214.81 9218.69 9218.93 9221.7 9226.48 9233.95 9247.12 9260.76 9273.42 9275.88 9273.38 9271.16 9278.35 9287.48 9296.76 9304.77 9312.02 9318.74 9322.48 9320.44 9315.97 9311.54 9306.94 9302.01 9301.94 9304.76 9307.49 9310.28 9312.02 9302.83 9279.65 9253.31 9231.12
9425.43 9405.17 9390.06 9389.21 9405.48 9432.49 9472.89 9484.34 9463.2 9447.17 9430.5 9411.14 9391.52 9370.79 9349.98 9326.57 9304.89 9284.13 9262.67 9241.31 9232.22 9244.54 9252.64 9241.36 9228.74 9218.71 9210.88 9204.5 9199.81 9197.19 9196.81 9198.11 9202.04 9207.42 9213.63 9216.33 9216.14 9219.94 9226.5 9234.67 9245.26 9260.71 9285.72 9296.54 9278.55 9269.08 9275.92 9283.77 9292.21 9300.52 9309.79 9320.88 9330.14 9329.41 9322 9319.44 9315.31 9311.69 9310.21 9310.73 9309.75 9307.88 9305.79 9301.29 9274.03 9237.45 9228.49
9428.08 9414.64 9403.38 9403.43 9415.1 9430.31 9445.42 9445.84 9442.94 9433.53 9418.47 9400.57 9379.77 9358.71 9339.71 9317.31 9297.7 9275.32 9253.95 9230.18 9214.42 9220.28 9219.72 9221.18 9218.55 9213.83 9209.49 9205.56 9203.29 9202.11 9201.31 9202.43 9205.67 9209.37 9213.02 9215.85 9216.66 9219.08 9221.61 9229.44 9239.23 9248.77 9257.67 9269.41 9275.6 9277.12 9276.52 9279.51 9284.86 9291.64 9301.06 9314.73 9331.03 9334.13 9335.39 9323.51 9319.77 9320.13 9320.66 9315.17 9308.71 9302.01 9294 9279.24 9250.57 9230.29 9226
9435.4 9428.2 9423.6 9423.08 9426.54 9430.67 9432.32 9424.01 9430.12 9422.77 9409.27 9390.81 9372.04 9350.54 9331.08 9308.91 9286.94 9268.23 9243.73 9227.48 9215.68 9210.46 9208.29 9209.27 9210.66 9210.3 9208.37 9206.23 9204.93 9203.28 9205.34 9206.57 9209.96 9214.61 9216.3 9216.3 9216.8 9221.51 9230.03 9231.03 9233.6 9236.06 9235.81 9247 9264.7 9275.17 9271.97 9272.69 9275.42 9279.85 9284.76 9291.28 9299.89 9307.9 9315.52 9312.12 9314.34 9320.78 9324.55 9313.66 9302.85 9292.81 9281.38 9261.82 9233.5 9229.3 9223.37
9443.05 9443.83 9445.9 9443.65 9440.69 9439.59 9442.23 9443.85 9432.26 9419.93 9403.61 9386.2 9365.63 9347.28 9327.81 9305.48 9278.12 9257.22 9239.84 9225.27 9214.72 9207.7 9204.44 9204.81 9207.53 9209.14 9208.97 9207.76 9206.32 9206.73 9209.43 9214.26 9219.88 9224.28 9223.31 9225.2 9223.96 9225.45 9223.44 9228.08 9230.59 9231.17 9230.62 9237.57 9247.95 9255.73 9259.6 9261.82 9263.78 9266.34 9268 9265.54 9262.87 9263.18 9272.16 9289.59 9300.08 9308.48 9314.9 9301.84 9290.62 9280.1 9269.2 9255.82 9232.9 9226.2 9229.76
9451.79 9458.91 9465.73 9460.65 9453.84 9449.92 9452.41 9450.75 9435.38 9416.94 9397.43 9377.81 9358.72 9339.51 9318.67 9299.26 9278.41 9257.15 9239.15 9225.27 9213.95 9207.41 9205.52 9205.55 9207.85 9209.61 9210.34 9210.32 9209.17 9207.51 9215.2 9223.74 9233.35 9240.09 9248.44 9252.64 9247.95 9237.35 9228.21 9230.42 9233.52 9233.26 9231.06 9232.87 9234.5 9240.72 9247.16 9251.89 9254.61 9257.41 9257.17 9256.88 9253.94 9250.63 9258.36 9272.8 9282.75 9286.62 9277.23 9280.82 9276.79 9268.56 9257.15 9243.24 9234.82 9231.68 9229.23
9462.96 9471.46 9478.85 9471.13 9462.34 9455.8 9452.47 9449.8 9434.54 9412.13 9389.07 9368.65 9347.93 9331.35 9310.95 9290.85 9272.58 9255.05 9239 9225.27 9213.74 9208.1 9207.59 9207.72 9210.17 9211.82 9213.12 9214.34 9215.96 9218.23 9224.63 9230.12 9246.46 9269.28 9273.89 9277.07 9271.85 9254.59 9240.16 9243.09 9242.36 9240.36 9237.38 9232.69 9230.23 9233.49 9239.76 9244.91 9248.01 9249.03 9248.51 9248.05 9248.81 9250.27 9256.43 9264.73 9270.94 9272.54 9269.98 9269.66 9267.7 9261.5 9250.56 9242.73 9243.82 9240.82 9238.07
9474.29 9480.63 9483.46 9475.39 9464.37 9455.35 9449.3 9448 9428.17 9402.09 9379.06 9358.07 9338.55 9320.12 9303.01 9285.22 9267.91 9251.9 9236.96 9224.45 9214.25 9209.74 9211.2 9211.77 9214.6 9215.01 9216.41 9218.56 9222.7 9228.21 9232.78 9242.47 9246.43 9265.03 9266.93 9262.43 9266.46 9271.75 9272.61 9262.57 9255.63 9248.33 9243.27 9234.97 9229.11 9231.47 9236.76 9240.91 9243.41 9243.17 9242.91 9242.42 9246.94 9254.52 9257.22 9261.89 9265.8 9267.35 9267.08 9266.2 9265.53 9262.09 9255.2 9252.19 9252.62 9249.39 9244.2
