real_craters/C067-300m.grd
DSAA
177 177
-26.3375 26.3375
-26.3375 26.3375
8276.4806037188 9634.2450311433
[rows 0 to 29 of 177, columns 67 to 133 of 177]
8704.16 8710.31 8712.3 8709.26 8700.32 8686.48 8672.55 8660.4 8649.14 8642.26 8638.51 8631.59 8626.03 8624.65 8622.2 8619.93 8619.45 8620.29 8621.22 8621.5 8621.03 8619.97 8619.31 8619.64 8620.45 8620.66 8619.07 8624.78 8632.21 8638.27 8643.04 8648.8 8659 8667.4 8674.02 8681.31 8689.53 8699.16 8709.3 8714.36 8719.67 8725.43 8730.41 8731.02 8729.34 8742.8 8765.35 8787.76 8813.66 8840.76 8870.91 8913.7 9000.08 9096.03 9181.2 9242.82 9242.33 9215.81 9199.12 9181.39 9155.19 9122.5 9097.16 9079.63 9067.25 9058.44 9051.43
8724.2 8728.78 8731.48 8734.91 8729.29 8708.16 8690.74 8678.92 8672.96 8665.8 8660.68 8656.55 8649.09 8642.24 8637.02 8631.88 8631.29 8633.01 8634.16 8634.13 8632.93 8629.44 8623.08 8628.73 8633.6 8637.82 8645.36 8645.82 8651 8657.7 8664.76 8671.84 8678.07 8683.07 8687.6 8694.03 8701.16 8709.8 8716.4 8718.11 8723.49 8727.25 8722.39 8712.36 8729.01 8757.96 8792.77 8825.75 8864.55 8907.34 8956.54 9013.07 9079.81 9141.94 9190.86 9220.7 9222.22 9207.88 9196.04 9179.47 9154.97 9121.3 9094.4 9078.11 9065.37 9055.83 9049.33
8742.28 8741.06 8740.13 8745.63 8740.48 8717.83 8701.75 8691.79 8687.11 8685.22 8680.99 8678.78 8668.44 8660.44 8654.77 8649.51 8647.99 8648.72 8649.24 8649.07 8648.22 8646.21 8643.09 8645.51 8650.11 8653.75 8656.46 8663.13 8669.23 8677.03 8686.61 8697 8696.86 8696.23 8697.07 8701.13 8706.94 8714.78 8719.22 8718.43 8716.12 8717.43 8705.39 8702.99 8733.94 8776.77 8823.45 8868.84 8917.95 8971.87 9037.88 9115.33 9164.78 9182.34 9196.91 9204.96 9209.01 9203.63 9189.2 9174.98 9152.97 9118.76 9087.99 9072.94 9062.48 9054.59 9048.65
8764.58 8752.53 8740.28 8731.65 8723.06 8713.1 8705.07 8700.66 8698.7 8698.99 8695.92 8689 8682.72 8678.29 8674.9 8671.32 8667.97 8666.48 8666.01 8665.97 8666.18 8665.34 8663.79 8666.68 8669.63 8672.42 8674.29 8679.59 8685.07 8692.18 8701.68 8711.91 8709.01 8704.64 8702.46 8702.94 8704.92 8710.94 8708.1 8701.96 8694.29 8695.98 8708.21 8720.93 8755.7 8808.07 8862.35 8914.88 8968.29 9026.71 9093.11 9169.91 9206.46 9200.24 9194.63 9188.04 9182.36 9180.62 9174.99 9165.74 9148.35 9117.01 9081.02 9068.92 9059.94 9053.27 9049.19
8784.87 8763.64 8740.57 8713.97 8703.63 8705.27 8703.63 8705.94 8714.45 8709.41 8709.35 8710.2 8702.58 8700 8696.02 8689.62 8686.42 8684.15 8682.94 8682.81 8683.93 8688.68 8690.59 8687.5 8689.09 8693.62 8696.98 8695.48 8697.24 8702 8708.27 8711.94 8711.49 8707 8702.22 8699.98 8698.26 8697.52 8690.69 8684.36 8697.29 8714.48 8731.15 8748.91 8792.56 8854.33 8910.68 8962.08 9012.36 9064.01 9117.04 9165.74 9190.68 9191.6 9182.32 9168.06 9150.87 9155.04 9158.31 9155.02 9143.24 9115.92 9084.95 9067.56 9059.79 9054.74 9050.98
8807.36 8779.66 8753.38 8724.69 8710.22 8707.58 8703.16 8693.27 8697.44 8703.86 8711.8 8725.15 8729.44 8730.01 8718.31 8707.93 8703.67 8700.39 8698.36 8697.59 8698.26 8700.88 8703.1 8702.79 8704.04 8707.29 8708.57 8705.73 8705.23 8707.78 8711.28 8713.14 8712.88 8707.42 8701.29 8696.51 8692.92 8690.49 8690.57 8694.83 8715.65 8751.24 8784.21 8811.75 8861.1 8917.94 8967.04 9010.51 9051.01 9090.32 9125.65 9156.12 9172.65 9175.02 9166.11 9153.26 9141.77 9141.74 9144.34 9144.55 9138.76 9116.03 9085.92 9067.09 9061.15 9057.08 9053.47
8836.67 8806.47 8777.76 8751.98 8732.75 8721.33 8713.12 8707.15 8693.45 8693.89 8691.14 8702.39 8732.26 8742.91 8733.88 8727.18 8719.57 8714.53 8711.24 8710.13 8709.38 8707.6 8710.34 8713.96 8714.45 8714.3 8713.2 8710.85 8709.43 8710.7 8713.85 8719.33 8718.39 8708.14 8700.73 8695.69 8692.75 8694.22 8705.71 8723.63 8758.66 8812.37 8865.89 8910.26 8955.86 8997.32 9028.95 9056.71 9082.89 9108.95 9131.79 9149.03 9160.41 9157.39 9148.15 9138.58 9131.26 9130.59 9131.12 9132.51 9131.92 9118.17 9087.82 9069.76 9065.78 9061.53 9057.41
8870.81 8838.95 8805.12 8773.07 8755.86 8742.32 8729.51 8718.08 8710.29 8695.74 8684.54 8689.92 8711.42 8724.88 8732.1 8735.24 8730.28 8725.9 8723.3 8722.23 8722.19 8723.16 8727.8 8726.45 8722.88 8718.82 8715.6 8713 8711.04 8711 8712.68 8717.39 8716.66 8707.19 8702.4 8700.57 8700.85 8709.6 8735.88 8770.27 8820.54 8890.48 8963.59 9031.5 9069.47 9081.06 9088.19 9098.37 9109.43 9121.03 9131.54 9138.39 9141.14 9137.27 9128.31 9118.79 9113.68 9114.99 9115.96 9116.75 9115.78 9110.68 9099.2 9081.27 9072.99 9067.3 9062.06
8907.08 8879.22 8842.43 8804.04 8789.63 8772.64 8751.39 8732.43 8719.16 8706.53 8696.4 8694.03 8695.12 8697.47 8720.33 8733.78 8735.28 8735.31 8734.93 8734.72 8735.52 8739.52 8745.25 8739.32 8730.26 8721.95 8718.05 8715.45 8713.23 8710.72 8708.58 8706.13 8703.5 8704.49 8708.69 8714.64 8722.01 8739.57 8781.84 8829.87 8894.23 8970.68 9051.48 9133.98 9165.3 9145.09 9132.51 9128.18 9126.43 9128.25 9129.27 9128.98 9123.77 9118.06 9109.08 9098.33 9092.97 9097.37 9099.7 9101.07 9099.93 9099.33 9096.85 9089.32 9079.7 9073.74 9067.73
8952.92 8934.52 8904.6 8869.72 8847.35 8816.92 8780.79 8752.15 8737.45 8725.32 8719.88 8713.11 8704.37 8697.34 8714.54 8732.3 8743.29 8747.25 8748.68 8747.91 8746.99 8751.36 8759.45 8749 8735.49 8728.72 8722.11 8720.36 8718.47 8714.33 8708.76 8700.49 8697.47 8709.06 8726.05 8743.12 8760.87 8793.6 8847.36 8906.22 8976.68 9044.19 9108.05 9165.79 9184.75 9168.08 9150.28 9138.84 9130.31 9125.49 9123.57 9118.41 9109.85 9102.46 9092.86 9081.99 9077.92 9081.91 9085.71 9088.17 9090.18 9090.51 9091.09 9086.21 9084.61 9079.02 9073.29
9001.75 9000.55 8993.9 8969.08 8926.07 8876.91 8820.66 8769.68 8755.63 8751.14 8751.71 8747.29 8743.59 8741.16 8738.61 8748.23 8761.42 8767.71 8767.08 8762.62 8757.49 8756.1 8760.52 8752.78 8736.51 8722.35 8726.95 8730.13 8730.16 8727.63 8720.29 8708.26 8701.23 8726.54 8759.61 8788.8 8813.85 8858.5 8929.14 9001.06 9068.45 9106.96 9137.74 9159.01 9165.97 9162.41 9150.55 9138.44 9127.73 9121.43 9113.97 9105.85 9098.1 9090.07 9081.39 9072.26 9068.36 9071.4 9075.63 9078.07 9079.31 9080.02 9089.39 9096.05 9090.22 9084.16 9077.75
9049.6 9063.36 9078.65 9062.51 9007.59 8950.67 8886.57 8819.81 8802.42 8793.25 8781.15 8795.14 8801.6 8795.57 8777.66 8785.21 8794.85 8797.97 8792.25 8782.04 8770.23 8765.66 8767.21 8760.42 8744.94 8734.94 8741.28 8749.07 8754.06 8755.39 8750.13 8738.55 8730.54 8766.4 8814.16 8855.07 8888.69 8938 9011.17 9093.46 9147.89 9145.67 9149.86 9150.87 9151.85 9150.54 9140.74 9128.84 9119.18 9110.53 9101.99 9093.52 9085.02 9078.15 9073.36 9070.37 9068.09 9068.61 9071.1 9072.68 9072.82 9077.77 9090.15 9096.29 9093.54 9088.3 9082.37
9085.42 9107.74 9128.38 9116.71 9074.92 9031.08 8986.24 8935.53 8899.38 8871.9 8854.8 8870.74 8883.38 8878.71 8850.14 8849.72 8849 8841.06 8825.24 8806.64 8786.39 8776.11 8777.98 8772.93 8760.72 8758.08 8766.83 8778.77 8789.13 8797.49 8799.95 8797.2 8795.38 8836.12 8891.02 8940.34 8983.47 9024.8 9073.89 9128.1 9150.33 9148.31 9147.22 9143.7 9139.18 9132.91 9124.33 9115.28 9108.46 9099.48 9090.08 9081.43 9073.01 9068.17 9066.57 9068.18 9068.53 9069.17 9070.51 9072.19 9074.47 9080.95 9088.7 9093.89 9093.89 9090.51 9086.13
9110.19 9132.5 9149.49 9144.67 9123.06 9101.9 9089.5 9060.66 9012.48 8976.96 8960.24 8969.46 8986.35 8999.96 8969.15 8941.97 8919.02 8895.69 8869.43 8839.58 8811.18 8794.4 8789.37 8782.08 8777.59 8783.74 8799.88 8817.93 8834.31 8850.56 8865.38 8880.6 8900.46 8938.6 8982.09 9028.41 9077.25 9095.89 9110.75 9127.15 9131.02 9134.43 9136.03 9132.97 9124.92 9112.21 9106.23 9100 9093.84 9086.3 9079.41 9070.6 9061.42 9057.43 9060.19 9064.7 9068.61 9070.37 9072.9 9074.65 9076.95 9080.41 9087.42 9092.69 9094.03 9092.34 9089.25
9122.2 9142.83 9159.81 9159.16 9150.49 9144.86 9148.22 9145.32 9103.41 9078.35 9065.46 9064.82 9081.56 9109.56 9094.12 9037.17 8992.45 8955.72 8920.26 8883.74 8848.08 8828.36 8818.33 8805.59 8799.23 8815.18 8843.05 8865.44 8885.82 8908.13 8934.7 8968.48 9015.36 9049.67 9065.44 9091.8 9123.68 9128.92 9125.93 9122.48 9119.34 9122.38 9123.87 9119.78 9107.44 9096.37 9091.77 9087.17 9082.11 9075.97 9069.82 9062.36 9052.97 9048.69 9058.05 9066.68 9072.92 9076.16 9076.97 9078.22 9080.12 9083.35 9088.46 9092.87 9094.59 9094.11 9092.28
9121.23 9139.83 9155.66 9158.4 9157.64 9158.37 9160.09 9163.78 9153.06 9146.12 9137.9 9132.82 9143.5 9164.48 9156.6 9101.98 9053.09 9013.09 8975.87 8940.57 8904.44 8888.11 8878.86 8857.88 8866.86 8879.7 8900.92 8919.24 8940.54 8962.92 8993.47 9034.79 9088.27 9119.67 9117.27 9122.88 9131.72 9131.31 9125.27 9124.08 9120.98 9118.51 9116.18 9111.84 9102.71 9089.53 9082.94 9078.14 9073.02 9067.98 9063.38 9057.73 9051.61 9050 9063.66 9078.97 9080.3 9080.28 9081.6 9082.17 9083.21 9087.04 9090.86 9093.02 9094.87 9095.86 9095.71
9112.37 9127.03 9135.21 9144.05 9149.53 9154.87 9162.55 9167.81 9172.08 9174.16 9170.65 9166.69 9170.02 9174.54 9164.85 9132.78 9095.25 9062.46 9033.89 9008.09 8980.91 8971.94 8973.63 8988.89 8976.43 8968.31 8968.69 8975.23 8988.53 9007.75 9036.51 9072.07 9111.25 9135.03 9133.27 9129.54 9127.15 9123.75 9114.64 9102.35 9118.89 9115.25 9109.78 9105.8 9102.73 9088.93 9077.24 9071.05 9066.6 9063.03 9059.86 9057.21 9055.95 9058.7 9070.99 9083.02 9086.69 9088.92 9087.83 9085.21 9086.65 9089.22 9091.37 9093.77 9096.72 9099.29 9100.63
9101.2 9112.16 9118.47 9126.04 9132.5 9138.71 9149.77 9162.97 9170.63 9180.37 9177.37 9173.36 9171.62 9173.08 9166.22 9146.06 9122.08 9101.45 9086.77 9079.55 9072.66 9059.49 9058.64 9070.62 9075.92 9048.33 9029.95 9025.03 9030.25 9042.92 9062.23 9087.39 9110.97 9124.8 9126.77 9123.28 9118.62 9114.53 9109.34 9106.02 9105.42 9104.23 9099.95 9096.42 9092.64 9079.76 9069.26 9064.59 9061.8 9060.19 9059.36 9059.52 9061.62 9068.24 9076.41 9084.08 9089.63 9093.69 9091.28 9084.38 9082.16 9087.36 9089.72 9096.17 9100.68 9104.16 9106.82
9090.63 9094.77 9098.12 9105.84 9111.57 9115.24 9120.61 9135.75 9149.43 9162.15 9162.21 9160.45 9159.72 9159.91 9156.13 9147.54 9136.94 9127.41 9124.64 9131.99 9139.71 9121.23 9111.79 9114.43 9118.86 9094.85 9072.9 9061.88 9060.16 9065.99 9077.7 9091.43 9104.75 9110.98 9112.1 9108.91 9106.08 9103.81 9101.39 9097.66 9091.1 9089.1 9087.36 9084.95 9080.48 9069.36 9060.66 9058.66 9059.03 9059.51 9060.29 9062.05 9065.26 9070.92 9078.25 9085.27 9090.14 9092.99 9089.81 9081.29 9076.65 9087.63 9095.33 9104.56 9106.88 9111.14 9114.53
9078.87 9077.12 9078.67 9086.46 9091.6 9094.4 9098.34 9107.43 9115.79 9122.11 9131.34 9136.29 9139.25 9141.09 9143.73 9144.81 9141.44 9138.15 9141.58 9150.98 9158.82 9145.31 9134.39 9126.57 9123.51 9111.47 9095.82 9084.94 9079.42 9080.21 9084.49 9090.95 9097 9097.25 9096.78 9093.59 9091.62 9091.59 9089.9 9086.13 9080.05 9075.52 9075.56 9074.29 9070.56 9060.44 9052.77 9055.48 9058.44 9060.56 9062.56 9064.24 9067.61 9071.68 9078.56 9086.03 9090.57 9091.62 9088.27 9083.25 9080.03 9100.14 9119.71 9123.56 9119.9 9120.77 9123.59
9067.54 9062.21 9062.96 9070.69 9075.2 9076.82 9078.4 9083.49 9085.82 9088.45 9100.82 9109.65 9115.75 9122.72 9136.32 9140.72 9138.01 9135.82 9137.14 9140.44 9143.95 9141.98 9136.89 9128.91 9123.04 9115.47 9104.42 9095.28 9088.89 9085.8 9087.58 9087.8 9089.62 9085.48 9084.12 9083.06 9081.97 9080.69 9078.09 9075.36 9071.99 9068.74 9067.97 9067.04 9062.98 9054.52 9052.48 9057.34 9061.23 9063.51 9065.66 9067.39 9070.47 9074.75 9079.69 9087.14 9093.65 9097.13 9096.78 9094.97 9094.73 9118.08 9147.01 9141.91 9132.22 9131.13 9132.76
9059.97 9053.93 9054.3 9060.14 9063.64 9064.88 9064.94 9067.61 9067.95 9070.26 9078.94 9086.7 9093.15 9103 9120.94 9128.37 9126.07 9123.86 9121.56 9119.13 9121.12 9127.61 9130 9126.75 9121.59 9114.11 9104.86 9097.33 9091.45 9089 9087.15 9083.98 9083.48 9077.46 9074.58 9073.56 9073 9072.01 9070.45 9068.48 9066.32 9064.23 9064.23 9064.64 9063.62 9061.23 9062.94 9064.95 9066.86 9067.62 9068.94 9070.61 9073.62 9077.76 9082.9 9090.27 9099.59 9107.96 9113.16 9112.4 9109.76 9128.63 9146.12 9148.53 9144.5 9142.1 9141.69
9054.47 9050.76 9050.35 9054.27 9056.85 9058.74 9060.69 9059.07 9059.01 9060.66 9064.59 9068.94 9073.64 9082.96 9098.75 9108.11 9108.73 9107.22 9104.57 9101.68 9104.02 9112.03 9118.68 9123.56 9116.48 9106.15 9098.5 9092.64 9091.15 9087.61 9083.53 9082.23 9077.1 9071.42 9067.05 9065.29 9065.62 9065.54 9065.07 9064.26 9063.3 9062.69 9063.26 9066.08 9069.64 9073.63 9075.73 9074.63 9074.09 9073.54 9073.26 9074.3 9076.34 9079.52 9084.86 9094.4 9106.08 9118.62 9131.91 9131.36 9130.71 9137.22 9146.6 9150.84 9151.46 9149.93 9148.18
9051.24 9046.69 9048.16 9051.98 9053.41 9053.47 9053 9053.47 9054.05 9054.75 9055.68 9056.89 9058.5 9065.09 9076.82 9085.35 9090.28 9091.41 9089.79 9086.95 9089.64 9096.16 9101.59 9106.26 9099.66 9093.5 9090.46 9089.41 9084.78 9081.81 9081.87 9078.02 9073.2 9068.02 9063.9 9061.38 9061.09 9061.29 9061.82 9061.87 9061.99 9062.1 9063.19 9069.13 9076.11 9083.61 9085.17 9082.89 9080.95 9078.33 9077.51 9077.87 9079.07 9081.6 9086.41 9098.43 9111.21 9123.19 9133.13 9136.78 9138.26 9141.97 9147.06 9150.78 9152.76 9152.38 9151.19
9051.85 9047.57 9050.51 9053.93 9054.18 9052.06 9051.27 9051.04 9050.68 9051.04 9051.11 9050.48 9050.18 9054.23 9061.26 9067.27 9075.66 9079.84 9080.1 9076.5 9078.87 9081.92 9081.19 9076.61 9074.22 9077.25 9079.12 9080.37 9079.58 9077.96 9076.08 9072.81 9069.56 9067.02 9064.97 9061.77 9059.39 9058.81 9059.98 9061.36 9062.76 9062.89 9065.93 9073.34 9081.08 9088.44 9090.68 9088.73 9086.41 9083.38 9081.93 9081.14 9081.87 9085.43 9093.51 9103.99 9115.03 9124.83 9132.72 9134.09 9138.65 9143.44 9147.44 9151.04 9153.82 9154.17 9152.03
9057.52 9057.28 9058.3 9060.83 9060.86 9058.06 9054.78 9053.55 9051.86 9052 9051.97 9050.22 9048.67 9051.02 9055.82 9061.15 9068.44 9074.52 9078.47 9079.63 9076.53 9073.03 9067.75 9061.56 9063.33 9067.82 9071.02 9072.83 9073.15 9073.2 9071.79 9069.29 9066.8 9064.38 9061.46 9059.04 9058.96 9058.16 9058.09 9063.82 9067.54 9070.09 9073.3 9079.06 9084.99 9090.47 9093.41 9092.42 9090.58 9088.52 9086.12 9084.66 9084.55 9087.46 9097.21 9108.8 9117.93 9125.95 9131.41 9134.56 9138.46 9143.95 9149.89 9154.23 9153.27 9151.38 9150.38
9064.83 9066.22 9068.54 9071.58 9072.62 9068.2 9064.84 9062.93 9059.39 9059.76 9059.23 9056.02 9052.42 9053.88 9057.54 9061.28 9067.02 9072.98 9078.78 9082.59 9076.43 9069.35 9062.59 9058.54 9061.27 9063.92 9065.81 9067.96 9069.43 9069.14 9068.75 9067.5 9065.85 9062.82 9058.49 9058.44 9062.86 9064.87 9066.64 9071.53 9075.67 9079.2 9082.54 9085.98 9088.82 9090.74 9093 9094.34 9093.89 9092.5 9090.43 9088.9 9087.18 9088.16 9098.75 9112.07 9119.97 9126.41 9132.52 9136.06 9138.63 9142.78 9148.24 9152.33 9150.23 9147.72 9147.58
9072.57 9076.61 9079.4 9084.88 9089.33 9086.91 9085.64 9081.17 9075.63 9075.25 9073.63 9068.66 9062.57 9063.01 9064.71 9066.54 9068.96 9072.37 9076.6 9078.43 9073.91 9067.77 9061.24 9056.87 9057.5 9059.44 9063.01 9065.74 9067.07 9068.45 9068.55 9068.01 9067.16 9065.68 9065.35 9067.4 9072.18 9077.96 9080.77 9082.29 9085.32 9089.16 9092.07 9094.35 9093.98 9092.5 9092.64 9096.35 9097.3 9096.84 9094.81 9093.62 9091.92 9090.61 9100.51 9113.47 9120.74 9126.89 9131.3 9133.5 9136.52 9139.13 9142.59 9145.54 9144.84 9145.13 9144.61
9075.42 9081.1 9087.97 9097.98 9110.19 9123 9113.9 9106.42 9099.94 9097.57 9094.46 9088.92 9081.01 9078.5 9075.76 9073.17 9071.91 9071.8 9072.56 9073.34 9071.45 9068.45 9064.69 9060.81 9058.76 9059.23 9063.14 9066.05 9067.91 9069.7 9070.4 9070.56 9070.37 9070.4 9072.95 9076.31 9080.75 9089.44 9091.28 9090.46 9093.51 9099.18 9104.89 9103.82 9100.53 9097.54 9096.99 9100.59 9101.88 9101.74 9100.48 9100.03 9100.28 9102.34 9106.72 9113.64 9121.95 9127.1 9130.36 9132.53 9133.38 9134.24 9135.09 9135.12 9137.23 9139.41 9140.77
9073.94 9082.17 9093.97 9106.96 9121.09 9132.91 9133.68 9132.76 9128.62 9121.36 9117.39 9115.69 9109.45 9098.43 9088.36 9080.62 9075.77 9072.5 9068.6 9068.25 9070.59 9071.22 9071.84 9069.4 9065.44 9064.45 9067.46 9069.97 9071.98 9073.43 9074.05 9074.21 9074.21 9074.67 9076.93 9081.51 9083.36 9086.25 9089.6 9092.29 9097.19 9104.72 9112.3 9110.08 9106.38 9103.81 9102.73 9107.07 9107.78 9107.44 9106.98 9107.27 9109.19 9113.26 9117.13 9121.69 9126.32 9128.34 9129.24 9128.43 9129.85 9129.89 9129.38 9128.05 9130.76 9135.26 9137.63
