real_craters/C067-500m.grd
DSAA
106 106
-26.3375 26.3375
-26.3375 26.3375
8272.7742283845 9633.5159448401
[rows 30 to 59 of 106, columns 0 to 66 of 106]
9238.61 9239.48 9240.41 9241.56 9237.56 9244.51 9259.35 9279.17 9301.72 9320.91 9332.22 9332.8 9330.65 9330.78 9318.8 9307.49 9276.51 9243.18 9222.88 9210.42 9204.43 9206.45 9211.53 9192.56 9178.29 9167.19 9161.05 9177.37 9176.56 9176.38 9176.73 9177.43 9177.47 9178.59 9180.07 9181.69 9183.79 9185.33 9185.8 9190.82 9205.72 9218.6 9221.19 9221.52 9226.71 9233.15 9233.71 9228.24 9223 9218.65 9218.3 9219.35 9219.84 9218.95 9213.54 9206.47 9202.32 9203.39 9209.9 9216.24 9215.25 9215.64 9221.58 9213.77 9203.61 9193.69 9182.87
9238.6 9237.08 9234.95 9232.89 9232.67 9248.53 9268.24 9293.83 9321.5 9337.88 9343.95 9342.06 9336.08 9333.42 9309.34 9274.52 9246.36 9230.4 9218.79 9211.39 9207.57 9206.89 9203.8 9193.19 9182.91 9177.3 9167.92 9181.14 9180.14 9180.03 9179.78 9181.2 9182 9184.08 9184.48 9184.41 9185.84 9186.26 9186.18 9189.03 9195.87 9206.42 9215.43 9219.38 9221.46 9223.63 9225.24 9224.06 9220.13 9216.93 9218.52 9220.99 9230.39 9227.11 9221.73 9214.29 9206.66 9208.87 9219.32 9224.86 9224.22 9223.58 9224.99 9215.89 9206.99 9199.96 9194.05
9236.61 9234.12 9232.23 9231.39 9236.62 9259.7 9278.62 9310.94 9345.22 9369.72 9363.54 9342.93 9322.4 9299.96 9271.12 9237.78 9214.88 9213 9210.67 9207.46 9203.52 9198.85 9192.09 9186.32 9183.7 9181.62 9178.64 9185.23 9185.64 9185.83 9186.66 9187.42 9188.64 9188.63 9190.33 9190.93 9191.02 9189.81 9187.59 9190.46 9197.55 9204.72 9215.3 9219.19 9221.56 9219.38 9223.65 9225.08 9222.11 9220.28 9227.36 9240.55 9239.81 9236.5 9231.9 9225.77 9220.81 9222.62 9230.35 9231.28 9229.24 9223.8 9216.38 9211.57 9208.66 9206.62 9207.31
9232.41 9230.26 9230.69 9231.55 9245.76 9283.54 9319.14 9339.86 9360.63 9385.75 9362.73 9330.22 9299.2 9268.05 9239.5 9214.9 9202.22 9202.08 9203.47 9201.8 9197.79 9191.11 9183.48 9178.87 9180.34 9181.57 9181.33 9186.15 9187.42 9190.18 9192.31 9193.81 9195.06 9196.03 9195.56 9196.35 9197.33 9199.22 9199.83 9198.53 9202.54 9215.19 9228.21 9233.12 9231.02 9229.04 9234.98 9234.46 9230.2 9226.67 9240.35 9248.67 9250.25 9247.2 9243.46 9239.11 9236.99 9236.85 9234.99 9231.24 9223.39 9218.5 9212.43 9209.77 9211.29 9212.54 9214.6
9231.47 9229.41 9230.01 9231.17 9254.51 9304.95 9356.76 9358.56 9352.34 9346.86 9332.58 9306.37 9273.55 9238.67 9209.83 9198.77 9192.22 9202.12 9203.44 9200.09 9194.03 9186.11 9176.82 9172.85 9175.49 9178.19 9183.41 9187.93 9190.34 9192.66 9195.05 9197.5 9199.22 9201.39 9201.51 9201.23 9201.65 9204.63 9211.2 9203.6 9201.37 9217.38 9230.04 9238.7 9245.24 9261.47 9255.28 9257.2 9253.03 9255.22 9264.03 9261.14 9260.72 9257.48 9251.92 9248.12 9245.96 9239.26 9234.5 9228.34 9223.09 9219.87 9216.47 9214.39 9213.98 9217.1 9221
9233.36 9232.56 9232 9229.87 9255.5 9304.34 9343.79 9346.26 9329.61 9308.27 9302.46 9283.49 9254.37 9219.44 9192.61 9202.08 9217.11 9217.05 9210.01 9202.62 9194.58 9185.65 9177.43 9174.33 9175.45 9178.51 9183.91 9189.72 9193.36 9196.54 9199.36 9200.6 9202.64 9204.55 9205.94 9206.39 9205.9 9204.11 9200.23 9199.31 9200.03 9207.81 9220.04 9237.01 9250.63 9261.32 9277.39 9288.14 9289.06 9279.36 9305.84 9312.83 9286.25 9255.61 9244.43 9248.35 9257.57 9261.78 9239.95 9236.58 9232.61 9229.56 9223.67 9217.93 9220.46 9222.03 9225.38
9233.98 9233.17 9234.72 9230.92 9251.52 9288.76 9321.68 9322.96 9311.76 9297.53 9286.62 9271.36 9247.27 9218.11 9194.23 9214.74 9242.1 9231.1 9217.37 9206.73 9196.69 9187.67 9180.42 9175.67 9176.21 9178.54 9181.63 9185 9196.55 9199.85 9202.41 9205.34 9208.21 9210.17 9210.83 9212.12 9211.25 9207.25 9198.93 9197.95 9196.7 9205.35 9208.62 9241.1 9270.06 9284.97 9296.87 9311.02 9341.27 9344.47 9323.7 9353.76 9280.88 9221.85 9210.55 9228.56 9257.04 9288.8 9266.94 9266.1 9255.16 9251.4 9242.57 9237.36 9232.81 9232.41 9231.58
9234.71 9234.54 9233.31 9227.22 9245.59 9271.46 9289.9 9304.91 9301.09 9292.68 9283.31 9270.97 9253.1 9234.91 9226.16 9229.96 9236.2 9230.89 9219.43 9208.36 9198.31 9189.89 9181.67 9176.69 9178.85 9181.04 9184.49 9194.4 9199.19 9203.52 9206.99 9209.23 9211.8 9214.83 9217.3 9218.39 9218.69 9218.33 9214.57 9203.01 9199.11 9209.18 9229.32 9267.5 9295.47 9307.15 9304.44 9299.76 9323.47 9312.63 9230.46 9145.35 9119.01 9138.71 9148.41 9172.12 9223.44 9315.88 9344.76 9313.54 9289.2 9275.18 9256.08 9241.08 9243.77 9242.51 9237.03
9233.4 9233.01 9228.31 9219.3 9242.7 9275.01 9297.28 9304.99 9297.94 9291 9288.42 9278.8 9265.5 9254.76 9249.33 9243.59 9236.18 9227.49 9218.41 9209.12 9200.14 9192.21 9187.68 9189.94 9182.89 9184.82 9189.45 9198.32 9204.15 9207.91 9212.01 9215.18 9218.2 9219.78 9221.94 9225.42 9226.33 9225.97 9221.21 9212.76 9203.48 9219.77 9248.08 9304.59 9354.85 9341.23 9299.26 9251.19 9178.41 9164.8 9144.17 9080.19 9062.46 9065.29 9075.78 9088.54 9115.9 9138.82 9213.25 9313.48 9345.91 9276.46 9257.27 9251.3 9256.66 9255.59 9243.3
9227.17 9229.44 9215.96 9209.16 9244.38 9282.92 9307.58 9320.6 9321.87 9315.12 9305.31 9291.42 9277.95 9267.98 9262.86 9251.09 9236.15 9225.48 9217.61 9209.27 9200.85 9193.21 9187.4 9186.92 9183.95 9188.04 9195.03 9200.98 9207.83 9212.29 9215.81 9218.43 9221.55 9224.08 9226.56 9228.81 9233.37 9239.69 9236.37 9227.77 9221.06 9248.38 9278.14 9317.67 9380.85 9334.57 9269.51 9219.09 9148.36 9121.87 9129.81 9105.52 9049.21 9007.12 8973.83 8970.4 8987.92 8994.63 9034.19 9104.24 9161.76 9199.36 9232.17 9262.38 9280.81 9270.51 9249.8
9214.45 9207.73 9212.39 9234.85 9257.66 9272.2 9309.03 9339.54 9363.34 9347.94 9322.98 9304.02 9287.7 9275.05 9261.87 9249.73 9237.98 9226.76 9218.58 9210.85 9203.29 9194.73 9185.7 9178.7 9181.22 9192.2 9201.04 9208.18 9216.09 9218.51 9221.41 9223.48 9223.25 9225.77 9228.15 9230.94 9234.85 9248.77 9245.33 9240.69 9246.99 9302.5 9319.91 9284.83 9217.68 9220.83 9201.53 9181.83 9204.78 9084.42 9032.6 8996.08 8953.14 8870.42 8836.21 8833.01 8857.06 8939.84 9002.93 8928.47 8982.2 9090.02 9185.91 9268.52 9300.14 9279.45 9248.87
9211.58 9207.49 9225.77 9248.68 9285.57 9321.6 9332.54 9344.41 9361.96 9347.77 9327.05 9309.5 9294.43 9280.74 9265.99 9253.5 9241.53 9231.02 9220.61 9214.01 9208.3 9202.02 9191.45 9172.96 9185.48 9204.96 9213.23 9217.67 9223.2 9225.17 9226.25 9229.88 9231.55 9231.06 9231.68 9231.85 9232.12 9227.69 9241.21 9255.6 9286.21 9361.07 9363.25 9272.44 9156.76 9130.07 9103.17 9067.4 9012.51 8910.71 8786.27 8720.02 8653.76 8653.04 8669.43 8685.05 8692.37 8683.29 8730.06 8816.11 8880.21 8986.78 9112.95 9256.76 9309.46 9256.21 9227.32
9227.57 9232.21 9239.84 9265.9 9309.24 9352.69 9346.57 9332.94 9320.6 9324.17 9319.68 9309.26 9297.09 9284.67 9271.73 9259.15 9242.99 9227.68 9221.09 9217.79 9216.37 9216.24 9216.67 9221.8 9229.14 9230.56 9233.03 9234.63 9236.61 9236.6 9236.91 9237.16 9235.93 9236.81 9238.03 9235.44 9234.64 9239.19 9245.44 9267.22 9316.11 9410.28 9386.21 9283.49 9179.91 9077.47 8999.36 8925.43 8838.57 8713.73 8577.41 8516.25 8483.28 8498.01 8530.98 8549.48 8551.23 8530.11 8530.36 8591.95 8730.05 8859.66 8984.41 9100.78 9158.36 9169.33 9183.33
9255.75 9264.23 9256.74 9273.56 9309.12 9341.8 9338.18 9323.1 9303.85 9312.05 9311.84 9305.72 9296.48 9286.63 9276.25 9264.55 9245.23 9229.45 9222.35 9222.06 9225.4 9232.3 9244.21 9263.6 9268.41 9256.99 9251.04 9247.53 9242.61 9244.74 9239.94 9228.53 9238.93 9238.43 9239.16 9239.53 9237.42 9242.33 9252.22 9276.29 9344.3 9398.66 9353.59 9241.7 9117.15 9004.74 8889.85 8779.32 8675.25 8565.29 8452.4 8414.91 8408.42 8420.37 8437.82 8451.52 8461.55 8487.58 8492.38 8536.12 8630.39 8742.1 8844.12 8912.42 8956.24 9056.12 9126.7
9281.95 9279.63 9268.56 9275.9 9294.35 9309.06 9322.43 9324.98 9323.24 9313.61 9309.22 9303.86 9296.02 9286.13 9277.19 9265.57 9246.45 9229.59 9223.44 9225.43 9232.27 9243.79 9258.67 9275.11 9281.7 9273.05 9260.45 9252.58 9245.29 9237.59 9235.36 9232.37 9231.7 9231.51 9233.49 9238.39 9249.41 9260.75 9269.44 9272.99 9324.42 9324.13 9264.94 9174.09 9055.09 8918.87 8783.33 8648.85 8539.55 8467.71 8406.44 8370.22 8361.78 8365.09 8374.27 8385.49 8397 8409.93 8435.7 8479.26 8562.29 8657.31 8741.86 8804.77 8871.12 8984.95 9085.49
9295.3 9281.61 9270.64 9281.3 9294.31 9304.59 9313.95 9313.95 9312.79 9312.38 9307.62 9301.18 9293.51 9284.24 9274.87 9262.98 9244.72 9227.01 9223.03 9227.39 9236.86 9249.72 9263.82 9275.97 9280.77 9279.18 9268.46 9258.92 9252.23 9244.08 9240.08 9240.47 9238.81 9233.91 9236.99 9245.22 9256.01 9289.67 9325.64 9337.5 9329.59 9216.96 9153.14 9073.68 8965.73 8832.11 8692.98 8558.22 8463.47 8414 8375.11 8347.6 8334.99 8332.65 8337.06 8341.71 8346.62 8364.37 8389 8429.56 8504.66 8591.42 8677.16 8755.06 8842.39 8957.97 9072.48
9297.41 9273.42 9281.67 9291.1 9306.73 9314.71 9316.88 9316.27 9312.84 9311.93 9307.35 9300.49 9291.7 9281.84 9271.05 9258.61 9241.63 9227.85 9222.65 9228.24 9239.42 9252.98 9266.48 9277.33 9285.78 9281.21 9275.92 9268.48 9261.19 9256.55 9253.3 9252.53 9249.59 9249.65 9250.74 9253.95 9258.61 9312.21 9410.53 9472.09 9327.35 9161.67 9065.17 8959.59 8857.92 8749.15 8628.81 8511.5 8430.53 8390.52 8364.62 8342.11 8329.42 8320.8 8324.55 8322.76 8310.41 8308.32 8339.97 8387.45 8460.48 8545.79 8634.63 8725.04 8825.85 8951.09 9080.9
9297.06 9261.49 9273.26 9294.63 9312.6 9320.56 9322.28 9322.05 9320.3 9316.15 9309.32 9300.4 9290.84 9279.76 9268.35 9254.11 9238.36 9221.56 9216.29 9227.9 9242.61 9256.21 9267.77 9276.82 9281.48 9280.56 9278.31 9272.91 9263 9258.06 9253.83 9252.39 9255.41 9256.48 9258.59 9262.24 9278.2 9344.14 9439.26 9408.13 9252.71 9122.69 9006.16 8887.57 8788.45 8690 8587.41 8491.54 8420.62 8378.63 8359.49 8353.14 8348.53 8337.93 8343.73 8334.23 8310.57 8295.58 8307.12 8356.82 8428.13 8513.48 8607.73 8709.52 8817.03 8959.4 9108.06
9308.53 9269.08 9271.17 9295.34 9312.03 9322.53 9328.52 9325.97 9325.78 9322.45 9314.8 9303.78 9291.76 9278.37 9266.43 9257.88 9242.02 9218.45 9213.05 9232.59 9248.01 9259.25 9268.59 9275.05 9279.78 9278.54 9275.6 9270.98 9268.44 9259.62 9255.23 9252.57 9254 9256.88 9261.63 9274.74 9290.56 9347.22 9387.63 9240.46 9168.52 9078.8 8970.38 8854.46 8750.49 8653.36 8564.44 8486.47 8424.52 8377.85 8366.6 8384.22 8399.37 8406.71 8402.89 8376.98 8336.15 8300.28 8286.18 8341.14 8405.26 8493.38 8595.84 8707.86 8827.71 8976.82 9141.99
9339.87 9297.32 9279.34 9297.29 9312.48 9327.1 9340.15 9345.35 9339.24 9331.31 9319.82 9306.69 9292.94 9278.04 9263.09 9250.32 9238.87 9231.99 9234.26 9252.42 9259.32 9263.99 9268.49 9273.21 9280.29 9275.87 9269.05 9263.62 9268.28 9258 9255.43 9257.3 9258.17 9259.07 9267.81 9286.09 9321.82 9357.01 9354.41 9187.3 9140.89 9063.16 8940.85 8832.02 8720.8 8628.61 8551.03 8490.04 8442.52 8417.55 8411.93 8429.76 8461.38 8497.07 8484.54 8437.66 8381.23 8322.54 8272.77 8313.6 8385.93 8481.76 8596 8711.43 8829.91 8983.32 9171.79
9362.1 9330.08 9298.33 9300.2 9316.31 9333.23 9352.8 9362.42 9352.54 9338.74 9324.53 9310.13 9295.28 9279.19 9261.16 9239.35 9229.84 9263.06 9296.92 9280.54 9271.07 9267.9 9266.93 9266.1 9262.49 9264.15 9264.47 9263.44 9261.95 9266.13 9265.65 9265.89 9260.71 9262.38 9268.14 9282.96 9318.98 9354.18 9343.3 9169.62 9118.62 9029.03 8893.71 8768.8 8684.89 8606.06 8537.93 8487.23 8455.06 8455.59 8449.02 8465.08 8501.24 8551.62 8535.06 8484.99 8445.1 8369.69 8304.71 8297.73 8375.2 8484.83 8607.19 8735.2 8856.85 9005.32 9181.53
9366.01 9343.11 9313.47 9303.46 9318.93 9335.7 9353.34 9360.14 9355.27 9341.53 9326.72 9312.12 9297.41 9282.8 9267.93 9252.53 9249.35 9277.41 9295.91 9285.67 9275.43 9269.41 9264.86 9261.01 9256.99 9256.8 9257.87 9258.84 9260.04 9260.57 9264.63 9264.78 9262.63 9261.81 9263.88 9264.65 9280.74 9344.85 9352.12 9179.99 9099.68 8994.31 8860.62 8744.95 8664.95 8593.01 8526.79 8477.97 8452.56 8435.5 8455.15 8477.94 8501.53 8512.87 8504.33 8492.7 8468.73 8395.71 8331.43 8304.12 8377.29 8497.15 8632.84 8772.35 8895.3 9018.86 9177.01
9380.64 9364.64 9325.42 9307.84 9320.19 9335.88 9350.86 9356.36 9350.3 9338.31 9325.92 9311.97 9299.51 9287.08 9278.69 9277.21 9288.2 9281.77 9275.44 9274.71 9270.81 9265.99 9261.76 9257.23 9254.05 9253.29 9255.47 9258.39 9261.39 9263.02 9265.08 9265.9 9265.15 9260.72 9257.27 9255.2 9276.59 9335.91 9362.85 9236.63 9116.76 8991.86 8856.3 8743.97 8671.92 8593.76 8524.81 8480 8461.04 8465.19 8465.75 8482.84 8496.32 8493.92 8486.4 8482.89 8448.44 8394.08 8343.11 8322.63 8395.66 8523.23 8671.09 8826.39 8973.5 9104.89 9197.96
9395.85 9363.19 9332.91 9311.87 9323.17 9335.35 9348.55 9353.72 9345.81 9334.74 9322.29 9309.77 9297.84 9290.34 9284.2 9283.32 9283.09 9278.6 9270.45 9266.81 9266.5 9264.69 9260.82 9256.68 9254.12 9254.19 9254.9 9260 9262.13 9266.47 9266.93 9269.54 9268.81 9267.32 9262.02 9254.43 9268.98 9318.81 9361.18 9265.85 9113.07 9017.46 8920.79 8812.15 8707.84 8607.9 8528.21 8482.45 8470.67 8472.83 8477.4 8487.31 8498.3 8512.05 8517.48 8477.11 8436.36 8382.87 8347.52 8352.58 8425.11 8556.28 8714.72 8887.74 9059.17 9204.26 9248.36
9402.43 9379.41 9345.76 9324.09 9329.78 9335.9 9341.11 9342.49 9339.33 9330.76 9320.26 9309.71 9297.38 9288.66 9283.54 9280.32 9281.48 9273.71 9264.16 9263.72 9265.88 9264.97 9262.46 9259.24 9255.92 9251.6 9258.81 9264.96 9270.27 9273.4 9272.21 9274.81 9274.81 9274.15 9271.35 9270.54 9278.11 9295.87 9318.02 9234.31 9093.06 9064.47 9031.28 8906.2 8754.64 8627.23 8531.41 8486.71 8480.91 8484.79 8485.25 8490.16 8495.86 8501.85 8495.57 8451 8411.67 8382.55 8365.92 8378.72 8453.42 8591.15 8758.42 8943.27 9129.73 9298.15 9301.62
9402.67 9389.76 9363.03 9336.99 9332.76 9335.52 9349.52 9342.09 9331.45 9324.2 9315.8 9307.5 9297.9 9289 9280.3 9273.4 9266.47 9265.5 9268.88 9270.46 9268.01 9266.25 9264.96 9263.82 9264.81 9267.25 9271.08 9273.91 9277 9279.58 9279.98 9280.98 9281.99 9282.21 9285.57 9294.1 9290.53 9280.7 9282.75 9239.8 9156.3 9122.02 9090.82 8950.21 8787.72 8642.37 8531.31 8492.2 8493.86 8497.76 8494.25 8491.72 8485.53 8473.79 8446.29 8418.11 8399.13 8398.49 8394.29 8405.98 8478.4 8621.19 8799.32 8984.21 9164.5 9312.95 9339.15
9396.72 9403.65 9381.94 9356.15 9337.46 9330.56 9316.77 9321.8 9321.01 9315.98 9309.48 9301.54 9293.46 9285.31 9276.76 9267.5 9258.64 9258.75 9268.43 9273.01 9269.52 9268.09 9268.62 9270.55 9274.86 9281.55 9283.09 9284.88 9288.96 9291.25 9292.61 9292.13 9292.71 9293.89 9295.79 9293.78 9295.51 9284.17 9274.9 9306.97 9263.6 9160.93 9062.79 8949.26 8808.79 8661.62 8538.64 8510.02 8516.32 8516.58 8508.95 8499.73 8485.17 8460.57 8426.07 8423.44 8420.05 8423.34 8419.56 8424.44 8486.84 8650.38 8839.3 9022.75 9186.29 9302.91 9380.73
9369.99 9395.37 9385.33 9384.95 9355.89 9336.26 9312.84 9313.22 9312.55 9308.47 9303.24 9296.4 9289.64 9281.96 9273.71 9264.05 9253.33 9251.9 9261.69 9267.45 9267.02 9268.79 9272.56 9276.91 9280.9 9282.56 9289.86 9296.18 9300.75 9302.57 9302.79 9303.58 9302.67 9301.9 9301.65 9306.66 9306.59 9310.15 9297.32 9322.7 9287.81 9173.93 9057.57 8968.39 8853.39 8712.49 8580.08 8559.38 8555.15 8544.6 8531.86 8517.68 8498.42 8475 8456.06 8460.17 8451.92 8446.49 8455.09 8469.54 8522.96 8705.54 8896.44 9070.44 9223.87 9344.82 9450.67
9323.38 9352.91 9365.3 9371.57 9370.98 9350.69 9333.49 9317.85 9310.46 9305.13 9298.26 9291.42 9285.08 9279.6 9272.65 9264.67 9257.45 9253.99 9256.1 9256.73 9261.37 9268.09 9275.98 9283.87 9290.64 9295.91 9302.92 9310.9 9314.84 9314.49 9313.98 9313.99 9314.14 9312.1 9306.28 9299.61 9312.61 9312.16 9301.82 9281.43 9264.47 9206.4 9103.29 9044.66 8944.21 8826.27 8717.14 8652.27 8621.79 8592.11 8568.77 8550.29 8528.72 8502.45 8484.6 8483.92 8477.51 8485.38 8525.2 8577.18 8653.34 8812.15 8976.17 9131.88 9276.88 9406.2 9488.56
9308.42 9322.72 9341.88 9369.17 9380.9 9354.66 9330.01 9317.8 9308.99 9302.17 9295.89 9290.86 9284.2 9278.55 9272.72 9268.39 9265.44 9264.25 9255.09 9249.14 9256.78 9268.73 9280.96 9293.26 9305.19 9314.54 9323.99 9327.97 9328.9 9327.66 9326.32 9322.85 9321.9 9321.86 9321.94 9323.74 9329.89 9337.18 9315.01 9275.44 9293.3 9326.54 9289.38 9176.03 9063.42 8947.98 8848.65 8751.37 8691.43 8646.74 8617.99 8593.78 8572.6 8541.83 8505.37 8497.84 8511.84 8549.04 8627.7 8726.46 8842.13 8962.31 9075.4 9191.9 9309.86 9428.97 9486.06
