real_craters/C067-300m.grd
DSAA
177 177
-26.3375 26.3375
-26.3375 26.3375
8276.4806037188 9634.2450311433
[rows 60 to 89 of 177, columns 67 to 133 of 177]
9198.09 9205.1 9205.13 9207.22 9215.93 9237.04 9254.44 9265.67 9271.05 9283.73 9293.11 9300.5 9311.17 9324.84 9339.71 9338.52 9327.01 9330.15 9351.47 9353.94 9304.22 9254.75 9230.69 9221.75 9222.71 9231.4 9245.89 9261.56 9279.47 9281.9 9260.08 9257.71 9257.71 9252.41 9249.57 9247.31 9243.43 9238.34 9236.81 9233.35 9230.83 9230.45 9230.88 9230.82 9230.95 9229.52 9225.08 9226.15 9227.05 9230.71 9244.11 9244.58 9232.69 9219.8 9205.47 9192.91 9187.37 9179.39 9170.4 9159.95 9149.44 9139.24 9130.25 9122 9120.68 9121.63 9124.91
9195.05 9202.52 9206.7 9210.46 9223.03 9247.3 9268.15 9285.63 9301 9299.18 9302.15 9305.89 9315.6 9336.02 9363.51 9352.84 9317.85 9296.66 9300.48 9283.14 9237.55 9205.45 9192.99 9189.21 9197.78 9211.37 9225.1 9253.2 9286.36 9305.91 9292.51 9290.78 9282.99 9270.17 9266.18 9262.76 9256.26 9248.77 9242.32 9238.1 9237.25 9236.85 9237.1 9235.65 9232.58 9230.21 9228.66 9228.26 9227.97 9228.87 9241.57 9241.14 9234.5 9223.94 9212.38 9204.53 9194.07 9183.31 9172.09 9161.17 9149.59 9138.91 9128.57 9119.98 9118.17 9119.67 9121.92
9198.88 9204.24 9211.38 9222.46 9240.9 9265.08 9286.46 9296.15 9303.49 9308.48 9305.06 9301.15 9300.91 9312.56 9348.09 9321.42 9269.73 9222.61 9167.32 9136.52 9115.23 9137.06 9140.38 9144.62 9157.65 9169 9192.32 9226.82 9281.35 9340.81 9351.25 9325.64 9311.34 9291.45 9287.53 9278.02 9266.61 9255.88 9246.25 9241.96 9244.9 9243.71 9242.3 9239.3 9235.38 9231.78 9230.18 9232.71 9229.82 9231.12 9239.71 9241.56 9233.48 9226.61 9220.46 9212.27 9199.61 9186.73 9174.12 9160.81 9150.47 9140.32 9130.15 9121.64 9118.62 9118.69 9119.7
9199.89 9205.88 9217.62 9233.52 9257.45 9286.97 9313.32 9324.23 9325.16 9319.3 9304.7 9287.24 9267.68 9246.63 9222.16 9221.77 9202.05 9159.16 9095.37 9075.89 9076.35 9087.49 9095.16 9100.31 9110.88 9124.57 9143.67 9171.89 9216.81 9279.78 9322.02 9311.73 9334.43 9345.62 9316.99 9288.65 9269.41 9258.84 9253.02 9252.4 9251.27 9251 9249.14 9244.47 9237.76 9231.1 9225.14 9228.13 9226.53 9227.9 9230.77 9230.36 9227.22 9224.59 9222.8 9214.04 9201.3 9189.13 9177.45 9165.87 9154.82 9143.95 9133.48 9125.48 9120.7 9118.75 9119.04
9207.73 9214.09 9226.96 9241.29 9271.12 9307.45 9345.1 9373.42 9361.27 9329.61 9299.21 9269.15 9233.9 9187.77 9123.63 9145.54 9152.15 9132.54 9096.77 9071.37 9057.26 9054.46 9056.72 9055.81 9061.03 9068.72 9079.45 9093.66 9101.01 9091.11 9146.43 9223.34 9299.07 9359.85 9307.36 9273.36 9259.06 9254.19 9252.2 9251.15 9258.01 9260.49 9257.59 9250.91 9240.92 9231.96 9221.42 9221.44 9223.48 9219.54 9223.23 9218.88 9221.26 9217.92 9213.29 9208.18 9199.33 9190.1 9181.17 9171.6 9160.97 9149 9137.11 9127.1 9120.81 9119.39 9120.12
9219.03 9227.69 9244.43 9258.64 9285.68 9316.71 9356.35 9410.77 9371.05 9320.52 9282.68 9250.42 9214.31 9169.73 9122.44 9123.12 9130.4 9130.8 9113.89 9081.28 9039.26 9034.82 9017.63 9001.86 8994.95 8997.14 9005.91 9015.21 9016.05 8992.12 9025.89 9112.62 9167.15 9211.27 9217.6 9220.9 9229.22 9240.95 9251.77 9256.33 9271.69 9272.45 9266.91 9256.2 9245.11 9235.53 9233.18 9242.4 9233.62 9228.05 9227.38 9230.71 9223.41 9211.58 9201.21 9199.6 9196.04 9190.37 9184.07 9177.87 9168.54 9154.66 9141.32 9128.24 9120.34 9121.94 9123.57
9231.44 9247.98 9271.51 9289.64 9298.95 9307.34 9318.57 9334.38 9312.93 9279.71 9250.65 9226.55 9204.98 9179.2 9137.16 9119.64 9109.26 9118.53 9123.29 9078.07 9083.24 9017.76 8963.18 8932.32 8921.56 8921.52 8928.53 8944.39 8971.1 9011.28 9039.5 9032.99 9012.3 9034.36 9102.06 9148.47 9185.67 9219.67 9252.23 9286.16 9289.47 9285.26 9274.87 9260.72 9246.51 9233.64 9227.56 9225.11 9235.05 9234.99 9226.81 9222.25 9219.9 9208.82 9195.76 9194.33 9194.21 9191.03 9186.09 9180.22 9171.79 9160.12 9148.51 9136.57 9128.59 9130.5 9130.86
9245.37 9276.24 9307.88 9317.95 9311.31 9288.04 9254.21 9216.46 9226.12 9219.02 9204.45 9191.03 9183.08 9191.85 9178.32 9095.15 9050.46 9037.83 9024.66 8985.46 8965.34 8916.39 8870.42 8846 8838.44 8836.12 8845.1 8864.92 8905.5 8991.98 9021.95 8965.87 8926.24 8942.84 9014.93 9078.37 9135.89 9191.63 9242.82 9278.01 9298.79 9294.69 9278.61 9259.96 9243.15 9228.06 9215.63 9210.32 9227.13 9231.08 9223.54 9215.54 9215.47 9209.64 9202.32 9197.43 9195.47 9191.96 9187.11 9180.54 9171.93 9166.13 9158.79 9152.32 9149.2 9145.85 9143.32
9269.19 9308.56 9351.29 9365.86 9326.96 9276.61 9211.37 9154.27 9160.94 9159.27 9147.54 9134.41 9124.48 9118.77 9086.15 9009.27 8941.56 8891.22 8856.99 8823.76 8781.97 8753.26 8745.84 8742.96 8744.51 8747.31 8754.8 8763.01 8783.99 8810.89 8856.9 8863.37 8889.8 8911.9 8952.77 9014.27 9082.32 9155.79 9227.78 9290.95 9314.81 9296.46 9271.46 9249.88 9233.71 9221.47 9212.28 9209.8 9224.15 9229.46 9225.18 9217.21 9208.93 9209.55 9210.73 9203.66 9197.6 9193.31 9189.25 9184.83 9179.86 9174.73 9169.2 9165.96 9166.23 9160.66 9157.84
9287.21 9336.68 9376.44 9379.28 9339.66 9279.36 9208.01 9149.52 9128.1 9109.93 9088.42 9063.83 9037.13 8997.79 8950.59 8885.66 8808.05 8731.25 8691.04 8662.84 8621.12 8603.33 8624.1 8639.21 8652 8659.83 8664.7 8661.47 8654.64 8634.9 8672.58 8721.73 8782.12 8827.88 8881.76 8949.18 9023.05 9101.92 9188.11 9285.18 9312.6 9270.72 9244.88 9227.7 9218.39 9212.43 9210.96 9209.54 9225.1 9228.33 9229.21 9223.48 9197.1 9204.71 9212.33 9205.12 9198.3 9193.74 9191.14 9190.08 9190.04 9183.41 9176.46 9171.95 9168.85 9167.95 9169.87
9304.23 9363.27 9408.43 9400.56 9349.82 9287.59 9222.23 9160.83 9108.65 9066.71 9028.09 8989.14 8949.28 8898.86 8839.09 8766.89 8684.57 8601.87 8564.77 8542.37 8516.11 8508.36 8531.06 8552.06 8567.71 8577.04 8581.2 8578.68 8565.07 8545.18 8544.59 8593.25 8637.23 8716.87 8795.32 8871.03 8947.65 9024.18 9103.24 9176.85 9207.37 9200.71 9194.55 9192.85 9196.28 9200.83 9209.44 9214.36 9215.07 9225.05 9231.93 9231.28 9190.17 9197.63 9203.33 9199.13 9194.43 9191.33 9190.01 9190.84 9193.56 9186.77 9179.13 9174.45 9170.37 9173.11 9178.57
9327.5 9382.73 9431.96 9407.57 9346.01 9281.78 9226.46 9157.07 9081.6 9021.01 8966.14 8914.46 8865.28 8822.62 8746.65 8665.97 8585.6 8513.57 8480.29 8462.76 8449.99 8446.7 8466.93 8484.68 8497.45 8509.14 8514.58 8514.83 8511.17 8501.62 8506.92 8530.25 8562.56 8639.5 8720.61 8796.41 8867.08 8935.15 8996.86 9044.96 9075.23 9103.25 9128.58 9150.76 9169.32 9186.92 9206.02 9221.26 9220.74 9223.66 9230.62 9233.97 9218.67 9192.81 9190.71 9189.56 9187.57 9185.99 9185.07 9184.58 9182.58 9179.62 9177.39 9176.79 9178.95 9181.71 9184.09
9342.2 9381.7 9401.61 9377.85 9318.95 9250.27 9170.58 9107.06 9038.01 8968.95 8901.8 8836.6 8772.37 8710.08 8647.89 8580.23 8510.71 8444.02 8424.49 8413.59 8410.29 8418.04 8424.51 8435.04 8444.49 8453.74 8460.59 8465.84 8476.35 8489.08 8491.24 8507.75 8541.91 8595.18 8663.46 8731.33 8796.66 8854.57 8900.28 8929.47 8945.11 9009.83 9062.8 9105.88 9140.84 9170.42 9195.35 9212.05 9217.9 9217.02 9223.18 9226.41 9207.26 9179.65 9178 9180.39 9181.26 9180.88 9179.55 9177.14 9172.45 9171.43 9173.63 9176.14 9180.67 9183.1 9184.26
9334.04 9361.19 9382.97 9333.24 9275.51 9210.6 9136.09 9063.1 8989.77 8913.47 8837.47 8761.48 8683.95 8608.32 8562.06 8512.02 8461.03 8418.05 8392.87 8382.36 8381.27 8387.4 8389.69 8395.31 8402.79 8410.64 8417.15 8423.59 8427.73 8437.8 8457.31 8479.92 8515.76 8559.21 8617.35 8676.2 8733.69 8784.26 8824.34 8852.18 8875.19 8945.93 9013.07 9069.55 9117.28 9155.23 9184.9 9200.76 9201.34 9203.53 9210.6 9215.48 9202.35 9174.94 9172.02 9174.45 9175.83 9175.26 9174.42 9172.16 9170.56 9170.65 9170.58 9172.88 9175.39 9177.83 9182.05
9321.71 9317.85 9299.05 9266.05 9219.31 9166.74 9107.91 9024.35 8940.89 8858.67 8777.35 8695.67 8616.38 8549.96 8501.71 8462.41 8425.96 8395.47 8372.4 8361.03 8356.73 8355.79 8358.96 8364.43 8370.68 8376.57 8381.97 8389.84 8400.46 8410.51 8424.15 8442.29 8474.2 8521.65 8576.13 8631.59 8685.56 8733.74 8774.6 8810.15 8850.92 8913.16 8981.75 9045.34 9101.01 9146.22 9178.8 9196.65 9193.5 9192.41 9196.97 9197.17 9184.81 9174.59 9172.58 9172.05 9172.05 9171.35 9170.18 9168.32 9166.74 9164.97 9167.29 9170.33 9172.49 9174.37 9179.8
9325.82 9276.47 9221.09 9195.42 9155.16 9107.88 9056.27 8972.66 8889.32 8806.12 8723.2 8640.5 8561.24 8499 8459.4 8428.16 8399.61 8375.93 8357.96 8346.68 8340.32 8337.56 8338.16 8341.31 8346.13 8350.7 8354.63 8360.41 8373.83 8384.27 8396.14 8412.96 8442.79 8487.8 8540.91 8593.63 8645.59 8693.95 8739.16 8783.13 8831.77 8895.47 8965.25 9033.61 9094.71 9145.58 9181.85 9197.94 9186 9186.2 9188.33 9186.04 9178.78 9179.33 9176.38 9174.77 9173.4 9172.02 9170.13 9167.71 9164 9161.21 9166.53 9170.98 9174.06 9176.19 9178.81
9339.92 9254.99 9186.27 9138.78 9090.83 9035.14 8973.17 8908.2 8834.8 8756.73 8676.44 8596.84 8520.63 8464.55 8431.4 8406.52 8386.16 8367.66 8349.91 8338.94 8331.8 8328.86 8327.07 8328.74 8330.68 8332.51 8332.19 8330.55 8330.92 8347.72 8367.6 8392.33 8420.2 8459.73 8509.75 8560.3 8612.31 8663.05 8713.57 8764.25 8820.39 8885.95 8957.89 9030.28 9096.97 9153.64 9195.11 9211.55 9200.54 9188.92 9188.41 9189.16 9189.63 9187.25 9180.17 9178.68 9177.18 9175.48 9173.3 9171.19 9168.33 9168.11 9170.89 9175.07 9179.19 9182.22 9182.5
9334.94 9228.35 9148.63 9092.42 9034.35 8970.43 8907.51 8848.22 8783.06 8711.67 8639.02 8566.63 8499.24 8448.64 8415.93 8393.83 8377.11 8362.2 8347.17 8337.35 8330.23 8324.74 8321.08 8323.34 8325.2 8323.61 8318.48 8310.28 8303.55 8319.02 8337.91 8360.02 8394.14 8434.14 8483.74 8534.97 8586.91 8640.5 8694.39 8749.08 8809.09 8877.75 8954.99 9033.53 9106.49 9170.14 9218.68 9243.2 9213.42 9195.62 9193.38 9195.32 9196.57 9182.24 9182.11 9182.48 9181.94 9180.15 9178.04 9175.58 9173.98 9174.06 9176.6 9180.61 9185.32 9188.92 9188.43
9298.49 9200.22 9121.15 9056.11 8990.08 8918.86 8855.9 8801.37 8741.43 8676.48 8610.62 8545.89 8487.04 8440.77 8407.83 8386.18 8373.46 8359.34 8348.97 8342.52 8336.49 8329.78 8324.27 8328.68 8330.08 8326.05 8316.95 8304.76 8296.7 8303.33 8318 8338.17 8372.64 8414.96 8462.95 8513.41 8566.51 8622.19 8679.43 8738.48 8799.9 8871.23 8957.72 9043.5 9123.16 9192.85 9245.72 9265.05 9224.56 9203.95 9199.66 9200.94 9201.01 9190.21 9188.62 9188.13 9186.3 9184.33 9182.98 9181.24 9180.01 9179.87 9182.53 9186.6 9190.95 9194.26 9191.38
9243.82 9170.4 9097.25 9028.05 8958.51 8887.59 8823.97 8768.08 8710.37 8649.71 8589.76 8531.66 8478.8 8436.81 8403.73 8379.69 8365.59 8357.87 8355.7 8355.71 8353.97 8349.2 8343.28 8348.44 8347.97 8340.19 8326.62 8310.22 8297.2 8295.72 8301.63 8318.66 8359.06 8399.54 8445.45 8497.11 8553.41 8610.42 8669.97 8733.87 8798.84 8874.2 8965.71 9057 9143.44 9218.75 9273.36 9288.26 9237.27 9210.7 9206.07 9207.6 9206.57 9201.02 9198.48 9195.12 9191.92 9190.04 9188.39 9187.38 9186.65 9186.88 9188.89 9192.1 9195.31 9196.68 9191.75
9189.22 9128.84 9071.2 9005.97 8936.94 8865.71 8803.19 8744.51 8686.77 8629.44 8574.72 8523.18 8476.45 8437.83 8405.2 8377.77 8354.56 8361.79 8369.69 8376.92 8382.22 8384.28 8383.6 8385.45 8379.59 8366.15 8346.56 8324.81 8305.8 8293.24 8288.41 8309.3 8349.6 8385.8 8430.98 8485.06 8540.66 8600.64 8665.92 8734.11 8803.34 8886.54 8977.54 9072.74 9166.64 9248.19 9302.47 9303.16 9250.3 9216.31 9212.23 9214.76 9218.13 9209.23 9206.68 9201.71 9197.74 9195.15 9193.96 9193.32 9193.35 9193.72 9195.07 9197.11 9198.56 9199.29 9192.85
9155.37 9113.62 9055.15 8988.93 8921.72 8857.21 8789.23 8726.5 8669.12 8614.48 8564.49 8519.61 8478.92 8443.17 8414.77 8390.5 8375.27 8380.7 8392.06 8404.81 8417.38 8429.37 8437.39 8434.7 8420.97 8400.32 8373.83 8343.31 8315.94 8295.15 8281.24 8298.03 8335.86 8373.68 8418.18 8473.1 8534.76 8599.84 8666.05 8734.09 8806.53 8890.1 8983.98 9087.45 9189.65 9280.65 9344.72 9339.94 9269.85 9225.46 9218.7 9220.8 9221.68 9216.56 9211.4 9206.26 9203 9201.15 9199.92 9199.54 9200.13 9201.55 9202.56 9201.52 9200.02 9198.66 9191.74
9142.7 9112.91 9044.62 8972.03 8903.44 8840.14 8771.78 8708.83 8653.19 8602.11 8556.5 8517.47 8482.25 8451.82 8430.21 8415.34 8407.59 8408.99 8419.2 8434.76 8453.42 8474.93 8491.81 8488.11 8465.76 8438.3 8407.82 8370.5 8335.82 8304.86 8276.48 8282.56 8319.49 8359.82 8409.71 8467.11 8533.75 8601.02 8670.07 8739.12 8809.5 8880.32 8987.4 9100.45 9209.75 9309.21 9382.93 9369.86 9287.33 9228.86 9221.75 9224.54 9228.92 9216.53 9209.37 9208.26 9206.2 9204.79 9203.78 9203.71 9204.87 9207.65 9209.21 9203.71 9199.08 9193.67 9185.99
9133.65 9102.4 9027.63 8948.94 8874.62 8809.98 8745.86 8688.6 8637.13 8590.03 8548.31 8513.39 8483.2 8458.8 8444.99 8440.98 8437.47 8435.34 8443.68 8460.15 8482.24 8510.92 8542.42 8537.3 8503.39 8472.25 8444.55 8419.53 8374 8326.55 8285.25 8279.41 8307.77 8349.94 8404.03 8466.24 8533.5 8604.96 8678.14 8750.23 8821.74 8903.96 9002.34 9110.04 9221.09 9323.6 9400.23 9380.6 9299.65 9235.71 9222.71 9221.4 9221.59 9216.83 9214.06 9210.81 9209.44 9207.95 9206.89 9206.41 9206.38 9206.7 9204.76 9201.82 9197.79 9192.25 9186.05
9116.53 9073.81 9002.73 8921.59 8837.6 8763.66 8717.16 8669.43 8623.16 8579.22 8539.97 8507.68 8480.94 8460.71 8451.63 8455.59 8454.4 8451.65 8460.38 8476.67 8498.12 8525.16 8554.83 8552.16 8519.39 8492.4 8469.42 8443.5 8401.15 8352.31 8314.25 8293.71 8301.26 8343.02 8400.67 8467.95 8539.39 8615.08 8691.22 8765.52 8839.21 8918.48 9010.47 9113.81 9220.31 9317.89 9403.49 9372.63 9300.67 9240.5 9223.46 9219.36 9215.33 9213.51 9212.63 9212.87 9211.7 9210.23 9208.86 9207.51 9206.17 9204.48 9201.61 9200.65 9197.94 9194.61 9193.08
9104.5 9051.95 8980.61 8900.18 8820.12 8751.19 8700.89 8656.95 8613.15 8571.32 8532.75 8498.65 8475.22 8458.53 8448.09 8441.69 8447.64 8456.69 8468.86 8484.11 8500.79 8517.49 8528.58 8524.27 8510.82 8496.52 8481.38 8459.77 8416.5 8370.58 8331.75 8305.5 8304.07 8341.97 8402.97 8473.77 8550.19 8630.43 8710.4 8790.03 8860.79 8925.83 9009.34 9116.72 9210.59 9286.9 9334.27 9330.28 9287.12 9243 9227.93 9224.22 9220.74 9212.88 9216.16 9215.36 9214.27 9212.44 9210.09 9208.05 9206.29 9204.99 9204.75 9202.32 9200.07 9197.81 9198.9
9102.83 9041.38 8968.76 8887.74 8807.52 8744.04 8696 8653.12 8609.02 8567.43 8529.05 8497.26 8474.08 8458.56 8447.39 8433.79 8444.94 8459.53 8473.05 8486.27 8497.46 8503.72 8498.49 8487.85 8493.9 8491.17 8482.3 8465.07 8422 8379.02 8344.27 8315.18 8307.08 8346.04 8409.67 8484.31 8566.06 8649.97 8737.29 8820.16 8898.45 8970.2 9052.59 9133.71 9204.55 9255.9 9286.02 9289.57 9269.25 9242.85 9231.13 9225.53 9222.31 9216.67 9216.94 9218.31 9216.78 9214.22 9211.63 9208.86 9205.98 9203.77 9202.36 9201.4 9202.52 9205.29 9210.05
9117.76 9044.91 8969.46 8888.41 8803.42 8744.72 8702.88 8658.94 8611.99 8568.25 8528.53 8497.26 8475.87 8462.87 8457.93 8461.12 8457.84 8466.18 8477.05 8487.6 8495.46 8498 8491.17 8480.93 8488.17 8485.36 8472.28 8448.59 8415.42 8378.77 8348.91 8324.88 8320.49 8357.93 8422.8 8499.87 8585.31 8675.07 8766.73 8856.89 8941.75 9024.21 9100.6 9163.04 9210.37 9239.37 9252.56 9262.93 9255.08 9240.79 9231.25 9224.8 9223.04 9224.03 9225.98 9223.48 9220.17 9216.31 9212.23 9208.45 9204.87 9201.05 9198.11 9198.37 9202.66 9211.2 9218.62
9118.12 9049.89 8982.79 8910.65 8833.05 8774.28 8725.22 8674.05 8621.17 8572.44 8529.31 8495.13 8476.68 8468 8466.56 8468.56 8468.81 8473.29 8481.27 8489.5 8496.36 8501.34 8504.03 8505.9 8498.33 8483.89 8464.86 8438.5 8406.22 8373.86 8349.11 8335.27 8340.01 8375.54 8439.79 8518.25 8606.68 8700.37 8797.92 8895.51 8990.23 9078.75 9151.79 9201.81 9228.52 9241.2 9248.31 9250.66 9246.85 9240.95 9233.35 9228.94 9226.21 9226.82 9228.56 9225.64 9221.68 9218.21 9213.69 9208.59 9203.4 9198.28 9193.73 9192.97 9198.71 9205.29 9208.84
9115.31 9056.29 9007.71 8954.61 8889.96 8826.05 8761.12 8696.8 8634.24 8579.06 8533.07 8499.28 8479.93 8472.74 8471.78 8473.56 8475.16 8479.23 8484.75 8491.1 8497.48 8504.88 8514.54 8524.5 8506.4 8480.44 8457.27 8430.42 8398.63 8369.39 8350.27 8346.08 8357.36 8394.34 8457.56 8538.18 8629.39 8726.69 8829.88 8935.39 9038.19 9137.4 9219.13 9251.13 9253.51 9246.76 9244.4 9244.97 9242.22 9235.57 9226.1 9228.93 9226.9 9225.76 9224.16 9224.48 9223.25 9219.12 9213.8 9208.66 9203.17 9197.16 9191.96 9190.88 9195.67 9200.12 9207.53
