real_craters/C067-300m.grd
DSAA
177 177
-26.3375 26.3375
-26.3375 26.3375
8276.4806037188 9634.2450311433
[rows 30 to 59 of 177, columns 0 to 66 of 177]
9265.28 9263.75 9262.37 9259.63 9256.3 9253.35 9250.69 9248.16 9246.73 9247.36 9247.48 9245.81 9243.34 9241.7 9237.7 9229.73 9222.96 9218.16 9217.43 9252.54 9316.94 9291.66 9261.67 9240.29 9206.51 9193.04 9192.66 9196.29 9200.79 9205.58 9209.74 9213.88 9217.47 9220.58 9222.03 9218.91 9219.1 9217.05 9210.63 9206.57 9185.45 9175.82 9172.02 9167.19 9162.99 9161.3 9158.27 9152.85 9148.05 9143.41 9139.19 9134.79 9130.73 9127.03 9122.79 9118.93 9114.12 9109.85 9106.57 9102.8 9099.7 9099.14 9082.5 9082.15 9082.67 9082.26 9080.74
9266.38 9264.28 9262.31 9260.84 9258.36 9255.68 9253.27 9250.98 9250.26 9253.06 9251.6 9249.35 9247.06 9245.8 9243.03 9237.63 9233.08 9231.74 9235.97 9277.16 9325.31 9284.52 9226.09 9151.82 9134 9158.04 9176.33 9189.12 9197.78 9204.4 9209.66 9214.22 9218.48 9222.6 9225.65 9221.77 9215.25 9214.06 9207.67 9202.51 9202.39 9189 9191.15 9186.41 9182.19 9161.06 9156.49 9151.25 9146.97 9142.76 9138.72 9133.84 9130.75 9126.98 9123 9119.5 9115.2 9112.1 9108.75 9104.74 9102.23 9100.29 9085.95 9086.56 9089.09 9089.51 9090.09
9265.59 9265.91 9264.04 9261.8 9259.49 9257.38 9255.63 9254.96 9254.54 9253.86 9253.4 9251.73 9249.18 9246.07 9244.19 9244.25 9244.11 9247.62 9259.01 9278.82 9285.95 9267.95 9213.89 9141.34 9118.28 9150.47 9175.26 9190.28 9199.49 9205.56 9210.3 9214.44 9218.45 9222.11 9224.07 9221.16 9212.07 9208.76 9201.24 9202.28 9205.2 9196.82 9192.78 9188.17 9184.31 9160.81 9156.26 9151.79 9148.34 9143.93 9140.22 9136.47 9132.11 9128.58 9124.08 9120.8 9116.86 9114.02 9111.02 9107.98 9104.94 9103.71 9089.93 9091.84 9096.48 9097.6 9098.33
9264.55 9265.87 9263.97 9261.61 9259.58 9258 9256.9 9256.67 9258.32 9259.3 9256.35 9253.82 9251.22 9248.54 9247.95 9250.22 9253.87 9260.72 9270.96 9290.11 9301.31 9282.91 9238.64 9183.6 9158.76 9180.77 9193.36 9200.76 9205.4 9208.72 9211.42 9213.95 9216.7 9219.26 9221.5 9219.23 9211.09 9206.04 9197.41 9192.74 9199.25 9190.49 9186.54 9182.2 9178.72 9160.43 9156.36 9152.75 9149.47 9145.86 9142.56 9139.12 9134.9 9131.58 9128.51 9125.52 9121.5 9118.7 9115.77 9113.41 9112.23 9110.46 9098.28 9100.43 9103.97 9106.3 9107.77
9260.58 9261.67 9261.21 9259.8 9258.46 9257.55 9257.17 9257.2 9258.53 9260.05 9257.13 9254.61 9252.75 9252.57 9252.78 9255.4 9260.74 9270.09 9285.92 9306.32 9327.72 9311.62 9281.69 9262.29 9255.77 9234.77 9222.11 9216.2 9213.46 9212.06 9211.55 9211.8 9213.28 9214.27 9216.75 9215.46 9205.83 9199.43 9193.37 9188.19 9183.39 9171.58 9167.69 9171.03 9167.61 9160.47 9156.74 9153.5 9150.86 9147.99 9145.15 9142.28 9138.58 9135.44 9132.71 9130.11 9128.25 9125.59 9121.8 9119.61 9118.33 9116.84 9107.41 9109.45 9112.75 9116.26 9119.65
9255.24 9256.46 9257.47 9257.38 9256.89 9256.4 9256.31 9257.35 9258.13 9258.1 9255.81 9253.95 9252.99 9253.56 9255.16 9258.43 9264.09 9273.03 9287.25 9307.78 9324.97 9321.06 9310.29 9309.91 9320.65 9271.31 9244.18 9228.99 9219.87 9215.92 9212.04 9209.25 9207.25 9205.87 9205.21 9201.69 9194.7 9188.04 9183.58 9174.84 9165.75 9156.56 9153.28 9168.83 9165.9 9159.84 9156.79 9154.24 9152.06 9149.68 9147.32 9145.5 9143.07 9140.58 9138.18 9134.47 9132.71 9130.35 9127.97 9126.02 9123.65 9122.11 9114.36 9116.48 9119.94 9124.18 9130.01
9252.02 9253.32 9254.79 9255.32 9255.4 9255.08 9254.41 9252.96 9252.9 9252.74 9252.5 9251.73 9251.73 9252.69 9255.61 9259.89 9265.16 9271.67 9281.32 9302.23 9316.43 9321.11 9316.44 9308.01 9288.09 9272.94 9254.31 9237.63 9225.58 9216.69 9209.85 9204.24 9199.4 9194.83 9190.98 9185.19 9179.62 9172.42 9169.54 9163.52 9159.51 9158.46 9155.35 9166.39 9161.96 9159.31 9156.43 9155.68 9153.03 9151.09 9149.15 9147.49 9145.17 9143.91 9141.81 9138.18 9136.93 9134.75 9132.28 9130.5 9128.98 9126.69 9119.21 9121.28 9124.17 9128.06 9132.22
9251.08 9251.89 9253.13 9253.86 9254.08 9253.94 9253.37 9252.41 9250.53 9249.36 9248.92 9248.76 9249.53 9251.78 9255.31 9260.51 9266.19 9272.37 9281.32 9299.89 9316.36 9320.89 9312.51 9298.77 9278.84 9267.45 9255.06 9241.85 9229.58 9219.09 9209.74 9201.06 9193.13 9185.09 9176.83 9167.62 9163.62 9159.53 9156.72 9157.19 9155.27 9155.37 9153.24 9164.38 9160.54 9158.95 9155.65 9155.78 9153.21 9151.63 9150.03 9148.37 9147.12 9145.83 9144.04 9144.06 9142.53 9140.67 9138.65 9137 9134.53 9131.66 9126.79 9126.74 9128.64 9131.37 9132.82
9251.74 9251.94 9252.48 9252.99 9253.06 9252.9 9252.58 9252.12 9250.67 9248.21 9246.07 9244.87 9245.89 9249 9253.6 9260.54 9268.76 9277.29 9286.99 9298.81 9308.47 9310.69 9305.47 9294.3 9278.58 9267.84 9255.15 9242.24 9229.57 9218.33 9207.57 9197.35 9187.28 9176.97 9166.37 9156.28 9151.94 9151.8 9150.83 9151.56 9151.52 9151.11 9150.29 9162.2 9158.99 9158.48 9157.8 9157.43 9154.32 9153.14 9152.69 9150.79 9150.38 9149 9147.57 9146.73 9145.2 9143.21 9141.59 9139.78 9139.45 9135.33 9131.94 9131 9132.58 9134.62 9139.5
9251.87 9252.15 9252.39 9252.5 9252.43 9251.86 9251.06 9250.64 9249.97 9246.56 9242.56 9239.46 9239.1 9243.12 9250.12 9259.79 9270.98 9282.74 9291.68 9297.83 9301.89 9302.05 9298.57 9291.59 9285.81 9271.92 9254.56 9240.2 9227.39 9215.6 9204.71 9193.49 9182.29 9171.01 9160.21 9151.29 9145.86 9145.47 9145.61 9147 9147.97 9145.72 9145.91 9160.17 9158.4 9158.29 9158.15 9157.82 9156.53 9155.82 9154.57 9153.63 9151.42 9150.08 9148.75 9147.57 9146.42 9144.39 9143.24 9142.98 9142.68 9140.58 9136.12 9135.7 9133.93 9135.3 9139.98
9251.93 9252.27 9252.29 9252.23 9251.91 9251.32 9249.97 9249.04 9249.52 9244.33 9238.72 9233.68 9229.8 9234.58 9245.42 9257.38 9270.54 9286.64 9293.82 9295.3 9296.57 9295.13 9291.52 9284.64 9275.79 9263.28 9249.17 9236.86 9224.92 9213.62 9202.25 9190.49 9178.64 9166.9 9156.2 9146.83 9140.95 9140.29 9140.78 9142.41 9143.72 9144.78 9145.41 9146.22 9157.76 9158.39 9158.74 9156.57 9156.27 9155.81 9155.39 9154.73 9152.18 9151.62 9150.56 9149.64 9148.67 9148.39 9147.34 9146.84 9145.32 9144.18 9139.9 9138.89 9136.69 9135.06 9134.83
9252.17 9252.28 9252.25 9252.12 9251.81 9251.43 9250.57 9249.17 9245.81 9241.7 9235.74 9230.36 9226.87 9231.57 9242.11 9253.95 9265.64 9275.99 9285.34 9289.81 9291.76 9290.23 9285.34 9275.83 9262.01 9249.21 9241.22 9232.56 9222.44 9212.23 9200.96 9189.02 9176.79 9164.69 9153.74 9144.45 9138.19 9136.58 9136.72 9139.68 9141.52 9143.84 9146.5 9147.85 9156.81 9157.78 9158.41 9156.3 9156.19 9155.91 9155.49 9155 9155.54 9154.92 9154.46 9153.79 9153.14 9151.43 9150.57 9149.57 9149.55 9148.15 9146.05 9144.96 9141.96 9139.7 9139.84
9252.03 9251.86 9251.82 9251.7 9251.65 9251.51 9251.22 9250.13 9247.2 9240.57 9233.84 9228.2 9227.95 9231.85 9240.66 9251.15 9260.72 9270.24 9277.47 9283.19 9287.07 9288.64 9280.96 9268.75 9253.98 9241 9236.63 9229.84 9221.14 9210.72 9199.8 9187.97 9175.68 9163.4 9152.15 9142.9 9136.23 9133.71 9134.56 9138.36 9141.17 9144.98 9147.56 9149.51 9157.81 9159.1 9160.02 9159.3 9159.53 9158.24 9158.81 9158.56 9157.12 9156.72 9156.33 9155.92 9155.56 9156.15 9155.81 9155.44 9154.6 9153.06 9151.99 9151.06 9150.85 9150.52 9154.04
9251.79 9251.33 9251.42 9251.4 9251.23 9251.07 9250.76 9249.77 9246.35 9239.95 9233.23 9226.7 9221.17 9230.63 9241.23 9250.81 9258.02 9262.98 9271.81 9277.1 9279.9 9280.69 9272.76 9262.57 9252.54 9244.89 9236.37 9228.72 9219.96 9210.12 9199.78 9188.12 9175.83 9163.3 9151.24 9140.59 9133.28 9130.31 9133.95 9137.94 9141.35 9145.19 9147.67 9147.26 9157.94 9159.25 9160.19 9159.39 9159.67 9160.16 9159.84 9159.73 9160.14 9159.97 9159.14 9159.02 9159.56 9159.53 9159.54 9159.88 9160.73 9159.92 9159.62 9159.71 9159.4 9159.14 9163.3
9250.28 9250.12 9250.33 9250.47 9250.3 9249.84 9249.12 9248.13 9244.97 9239.56 9234.53 9230.91 9230.19 9236.49 9245.66 9254.49 9260.81 9265.58 9270.87 9273.38 9271.94 9266.27 9260.21 9256 9251.03 9246.08 9237.38 9229.03 9220.1 9210.7 9200.34 9188.88 9176.75 9164.18 9151.81 9139.46 9130.26 9129.76 9134.56 9139.23 9142.96 9146.46 9149.1 9147.88 9158.86 9160.09 9160.99 9160.69 9161.04 9161.24 9161.34 9161.14 9162.06 9162.02 9161.58 9161.66 9161.24 9161.59 9162.09 9163.96 9164.99 9165.33 9167.03 9169.01 9169.71 9168.95 9173.82
9247.16 9248.34 9248.91 9249.17 9249.05 9248.54 9247.28 9245.24 9242.61 9239.38 9236.55 9235.67 9239.31 9244.63 9253.22 9262.09 9268.91 9273.68 9275.5 9274.29 9268.83 9258.91 9252.15 9252.09 9249.67 9245.8 9237.92 9230.83 9222.63 9213.32 9202.9 9191.66 9180.14 9167.89 9155.14 9142.3 9132.08 9132.52 9137.94 9142.22 9145.97 9148.7 9152.4 9150.69 9161.29 9162.28 9163.01 9163.86 9164.25 9164.55 9164.77 9164.85 9164.96 9165.05 9165.2 9165.43 9165.15 9165.77 9166.11 9167.62 9167.96 9170.07 9173.36 9178.38 9183.27 9190.06 9191.94
9245.92 9246.79 9247.32 9247.68 9247.75 9247.29 9245.91 9244.11 9241.68 9239.6 9238.38 9238.57 9243.14 9252.3 9262.56 9272.51 9280.09 9284.33 9284.26 9280.76 9273.45 9262.36 9254.74 9255.24 9251.82 9243.75 9238.86 9234.45 9227.13 9217.86 9207.44 9196.42 9184.92 9173.54 9161.94 9150.63 9141.69 9140.98 9143.26 9146.44 9151.59 9153.71 9156.23 9153.8 9163.75 9164.33 9164.61 9164.88 9165.07 9165.44 9165.57 9165.47 9165.62 9166.26 9166.54 9166.93 9168.06 9168.82 9169.16 9170.24 9172.72 9175.95 9180.54 9187.55 9194.49 9200.66 9204.22
9244.66 9245.22 9245.86 9246.3 9246.53 9246.21 9244.7 9242.31 9240.93 9240.45 9240.8 9242.31 9249.3 9260.88 9273.25 9284.81 9293.65 9297.46 9296.2 9291.89 9284.98 9276.33 9269.56 9267.27 9262.07 9252.34 9246.86 9242.53 9234.1 9223.81 9212.89 9202.03 9191.38 9181.39 9171.88 9163.09 9155.32 9153.84 9153.65 9154.7 9154.8 9156.18 9161.21 9158.75 9167.56 9167.81 9166.44 9166.48 9166.52 9166.27 9166.34 9166.99 9167.19 9167.58 9168 9168.56 9171.06 9171.98 9173.38 9173.9 9176.01 9179.2 9184.4 9192.79 9202.11 9211.29 9212.3
9242.06 9243.25 9244.14 9244.82 9245.32 9245.16 9243.01 9240.28 9240.55 9242.28 9244.95 9248.21 9257.47 9270.99 9284.79 9297.99 9308.89 9311.98 9309.61 9305.4 9300.03 9293.91 9288.39 9285.1 9279.92 9272.86 9265.04 9255.08 9242.77 9230.2 9218.4 9207.74 9198.21 9190.12 9183.38 9178.17 9173.96 9171.96 9168.86 9166.15 9163.19 9161.23 9165.2 9161.89 9170.73 9170.52 9169.9 9169.85 9169.89 9169.65 9169.79 9170.85 9171.19 9171.58 9172.1 9172.75 9174.46 9175.43 9176.23 9177.68 9179.03 9181.61 9186.18 9193.92 9203.61 9215.44 9214.31
9240.26 9241.39 9242.25 9243.07 9244.08 9244.53 9241.8 9238.5 9240.86 9245.11 9251 9258.76 9269.12 9282.1 9296.01 9309.79 9322.36 9324.29 9321.88 9318.66 9315.24 9311.47 9307.56 9303.45 9299.24 9294.76 9285.8 9268.03 9250.25 9235.13 9222.7 9212.55 9204.45 9198.39 9194.46 9193.18 9193.33 9191.3 9183.9 9178.24 9172.14 9168.62 9170.07 9165.82 9174.73 9174.13 9173.34 9173.12 9172.97 9173.01 9173.14 9173.99 9173.53 9174.27 9174.84 9174.97 9175.48 9176.36 9178.13 9179.97 9182.07 9184.38 9187.42 9190.74 9194.93 9200.16 9207.39
9239.05 9239.66 9240.21 9240.84 9241.86 9242.85 9239.98 9238.55 9241.81 9248.4 9257.12 9267.74 9279.79 9293.17 9306.36 9318.39 9327.78 9331.48 9331.2 9329.58 9327.99 9326.84 9324.62 9319.69 9312.18 9308.27 9302.11 9273.37 9252.11 9236.3 9224.05 9215.22 9208.56 9204.26 9202.47 9203.98 9207.42 9206.83 9195.95 9187.16 9179.46 9174.46 9168.29 9163.96 9177.59 9177.33 9176.1 9175.83 9176.25 9176.37 9176.62 9176.17 9177.17 9176.68 9177.27 9176.56 9177.79 9178.88 9180.48 9181.68 9182.82 9184.51 9185.6 9186.92 9185.85 9188.18 9198.87
9237.79 9238.42 9238.37 9238.21 9238.24 9238.21 9235.01 9235.58 9242.56 9251.65 9262.46 9275.51 9289.47 9303.97 9316.89 9325.63 9330.16 9336.58 9337.95 9336.82 9335.69 9336.49 9339.43 9328.19 9311.7 9298.37 9283.04 9263.13 9246.01 9233.19 9223.45 9216.03 9210.86 9207.73 9206.33 9208.01 9211.23 9210.49 9200.1 9190.58 9182.46 9177.57 9167.39 9163.62 9180.02 9179.02 9177.88 9177.48 9177.16 9177.15 9177.29 9177.88 9179.07 9178.81 9179.36 9180.01 9181.69 9181.74 9182.12 9183.19 9183.87 9184.41 9184.87 9185.8 9186 9188.16 9194.06
9238.62 9237.95 9236.62 9235.31 9233.71 9232.58 9230.64 9234.79 9244.54 9255.68 9267.74 9281.27 9298.98 9315.77 9329.87 9338.13 9341.25 9344.77 9343.62 9339.96 9336.3 9334.04 9332.37 9318.56 9297.23 9276.55 9256.47 9243.49 9233.84 9226.25 9219.94 9214.58 9210.82 9208.32 9206.67 9206.71 9206.12 9202.68 9196.5 9189.83 9183.5 9179.27 9176.68 9169.49 9167.25 9181.11 9180.56 9180.18 9180.11 9180.12 9179.77 9180.9 9181.27 9181.73 9182.26 9183.46 9184.54 9184.55 9184.67 9185.26 9185.71 9185.84 9186.29 9186.44 9186.08 9187.84 9191.88
9237.91 9236.78 9234.85 9233.17 9231.13 9227.59 9228.37 9236.56 9249.2 9261.77 9273.88 9290.36 9309.52 9328.95 9345.57 9357.05 9360.55 9355.39 9347.6 9338.9 9330.2 9321.66 9310.94 9295.35 9275.42 9253.27 9230.01 9223.55 9220.54 9217.65 9214.6 9211.37 9208.8 9206.59 9204.33 9202.42 9199.43 9195.2 9190.55 9186.65 9183.75 9180.88 9179.75 9175.04 9173.44 9184.29 9183.94 9183.86 9183.62 9183.81 9184.04 9184.69 9185.13 9185.04 9185.62 9186.73 9187.32 9187.64 9188.13 9188.99 9189.04 9187.94 9188.22 9187.44 9186.73 9188.03 9191.9
9235.71 9234.34 9232.85 9232.08 9232.38 9232.69 9232.89 9242.66 9257.91 9272.54 9282.39 9297.82 9321.74 9342.19 9360.35 9374.71 9375.51 9362.66 9347.9 9333.58 9319.32 9305.12 9288.78 9271.22 9253.77 9234.84 9216.99 9210.94 9210.17 9209.97 9209.28 9207.74 9205.96 9203.8 9201.2 9197.79 9193.63 9188.63 9184.92 9183.97 9182.14 9181.98 9180.39 9179.45 9178.95 9186.29 9185.96 9186.17 9186.6 9187.02 9187.17 9188 9188.56 9189.43 9190.01 9190.79 9191.33 9191.45 9191.86 9192.1 9191.8 9191.62 9191.59 9190.47 9187.36 9189.99 9194.41
9233.02 9231.09 9230.84 9230.92 9231.85 9232.29 9234.04 9249.57 9270.23 9291.13 9306.3 9321.02 9337.82 9353.01 9368.72 9385.1 9380.83 9360.71 9341.97 9323.64 9305.88 9288.18 9269.58 9251.67 9235.83 9220.77 9210.24 9204.03 9202.95 9203.78 9204.33 9204.06 9202.53 9200.14 9197.01 9192.98 9188.42 9183.62 9180.62 9180.6 9179.99 9181.71 9180.86 9180.44 9180.49 9185.64 9185.96 9186.7 9187.41 9188.19 9190.61 9191.44 9192.35 9193.11 9193.8 9194.53 9195.04 9194.42 9194.59 9194.97 9195.59 9195.96 9197.25 9197.57 9195.43 9195.84 9198.25
9231.6 9229.42 9229.5 9229.82 9230.24 9230.58 9234.96 9256.44 9283.21 9312.55 9341.74 9350.66 9352.4 9357.49 9364.33 9371.15 9365.53 9348.74 9329.72 9310.37 9290.85 9271.25 9252.31 9235.93 9220.07 9208.09 9197.92 9194.62 9198.56 9201.1 9202.31 9202.08 9200.31 9197.5 9193.83 9189.73 9184.87 9181.13 9177.71 9176.59 9177.01 9179.72 9179.89 9180.47 9181.21 9185.84 9187.78 9188.78 9189.87 9190.96 9192.42 9193.47 9196.26 9197.17 9197.95 9198.75 9199.27 9198.46 9198.67 9197.88 9198.61 9199.48 9202.22 9206.27 9209.38 9203.3 9201.33
9231.48 9229.42 9229.49 9229.9 9230.23 9231.09 9239.97 9262.24 9292.4 9326.1 9355.62 9361.74 9357.3 9353.44 9350.37 9347.02 9340.82 9329.14 9313.95 9295.44 9275.74 9255.07 9234 9214.91 9205.62 9199.56 9193.85 9193.34 9199.89 9202.9 9203.57 9202.2 9199.64 9196.16 9191.91 9187.17 9181.78 9175.92 9171.9 9173.12 9175.24 9176.97 9178.3 9182.63 9183.97 9187.17 9189.02 9190.44 9191.84 9193.2 9194.7 9195.95 9197.57 9198.63 9199.57 9201.23 9201.34 9201.53 9201.97 9201.4 9201.24 9201.79 9204.58 9208.49 9210.8 9205.17 9201.96
9232.44 9230.82 9230.93 9231.04 9231.6 9230.38 9239.36 9264.05 9294.68 9327.88 9359.79 9358.99 9351.76 9342.95 9332.65 9322.11 9317.66 9310.88 9298.4 9282.04 9263.1 9242.19 9220.53 9201.08 9196.33 9198.16 9200.66 9203.69 9209.05 9209.24 9207.23 9204.39 9200.61 9196.27 9191.45 9186.32 9180.52 9173.84 9169.93 9172.65 9174.19 9175.96 9178.16 9183.46 9185.32 9188.3 9190.09 9191.78 9193.43 9194.97 9196.41 9197.81 9199.31 9200.53 9201.96 9201.79 9203.71 9203.53 9203.54 9203.62 9204.33 9204.26 9204.18 9204.06 9203.45 9201.85 9200.57
9233.69 9234 9232.9 9232.64 9231.82 9229.88 9239.27 9262.69 9290.92 9319.22 9336.63 9344.72 9339.8 9330.24 9317.35 9303.85 9301.08 9296.45 9286.1 9271.82 9254.11 9234.25 9213.29 9195.32 9193.64 9202.86 9215.28 9226.76 9223.63 9218.1 9212.73 9207.58 9202.56 9197.39 9192.42 9187.3 9182.07 9178.55 9177.14 9175.44 9175.41 9177.17 9179.28 9180.6 9185.28 9189.81 9191.94 9194.07 9196.04 9197.98 9198.72 9200.33 9202.06 9203.44 9204.16 9204.57 9206.03 9206.42 9207.9 9207.71 9207.36 9205.84 9204.13 9201.42 9199.72 9198.66 9198.51
