real_craters/C067-300m.grd
DSAA
177 177
-26.3375 26.3375
-26.3375 26.3375
8276.4806037188 9634.2450311433
[rows 120 to 149 of 177, columns 67 to 133 of 177]
9367.23 9359.84 9349.39 9339.48 9329.9 9320.75 9312.78 9308.3 9309.38 9313.41 9318.52 9325.57 9328.29 9329.71 9329.8 9328.26 9325.29 9321.55 9317.13 9311.88 9306.17 9298.61 9289.05 9282.4 9282.33 9280.8 9275.51 9265.25 9262.45 9259.68 9256.64 9255.39 9251.02 9245.67 9238.3 9228.12 9217.35 9220.56 9231.41 9237.69 9241.55 9246.15 9246.54 9239.18 9233.28 9229.63 9227.74 9226.07 9230.77 9239.21 9248.08 9258.55 9270.55 9285.4 9295.85 9295.35 9294.39 9291.75 9272.19 9238.53 9230.02 9225.96 9224.63 9226.06 9229.95 9234.27 9228.2
9362.84 9357.98 9349.65 9340.59 9331.72 9323.19 9315.75 9311.83 9311.28 9312.27 9311.33 9312.53 9320.57 9324.72 9325.83 9325.06 9323.29 9320.2 9316.27 9311.72 9306.61 9300.77 9294.09 9288.84 9284.94 9280.59 9274.94 9270.96 9267.86 9266.26 9265.02 9263.06 9260.18 9257.3 9255.11 9255.74 9265.12 9275.32 9259.01 9250.3 9243.47 9235.77 9232.88 9231.31 9227.54 9224.16 9223.97 9227.85 9235.46 9244.51 9252.98 9262.78 9272.42 9281.03 9285.66 9289.31 9284.51 9273.37 9249.83 9226.16 9226.56 9227.98 9229.02 9230.44 9232.14 9231.2 9228.26
9354.52 9352.4 9347.29 9340.72 9333.24 9325.87 9319.02 9315.29 9315.27 9315.83 9316.15 9317.25 9320.6 9323.14 9324.18 9323.54 9321.55 9318.75 9315.36 9311.39 9308.14 9305.32 9302.02 9296.95 9290.9 9283.91 9279.02 9276.12 9273.77 9272.8 9272.06 9270.69 9269.31 9268.98 9270.27 9274.94 9284.16 9288.22 9274.5 9260.61 9247.69 9232.45 9227.31 9227.6 9224.22 9219.83 9220.16 9230.11 9240.67 9249.16 9256.83 9264.64 9271.65 9278.82 9284.53 9284.25 9273.38 9256.43 9234.12 9228.51 9226.01 9230.38 9231.14 9231.13 9233.6 9232.49 9226.65
9342.19 9344.57 9343.59 9340.12 9335.33 9329.63 9323.74 9321.05 9321.48 9322.15 9323.01 9323.43 9323.32 9324.16 9324.65 9323.76 9321.54 9318.95 9315.85 9312.52 9310.06 9308.46 9310.08 9305.32 9299.51 9291.06 9286.97 9283.21 9281.15 9281.06 9280.01 9278.42 9277.76 9277.69 9279.52 9283.83 9288.09 9286.23 9279.59 9267.53 9255.6 9247.95 9237.66 9231.65 9226.56 9221.88 9228.74 9240.98 9249.44 9254.69 9259.12 9263.86 9268.3 9273.44 9282.46 9278.19 9262.86 9246.3 9231.66 9225.11 9219.97 9219.92 9222.92 9225.8 9230.79 9230.12 9223.58
9329.79 9336.75 9339.77 9340.14 9338.73 9335.39 9330.05 9328.56 9329.51 9329.64 9329.77 9328.33 9327.19 9326.82 9325.62 9323.99 9321.39 9317.5 9314.38 9310.85 9308.19 9306.23 9304.92 9306.66 9309.17 9312.9 9304.77 9298.02 9294.09 9291.5 9288.1 9285.59 9283.78 9282.96 9283.96 9286.98 9290.65 9290.38 9283.99 9270.58 9258.71 9249.31 9244.53 9239.53 9234.93 9230.24 9242.75 9259.18 9260.19 9259.7 9259.71 9260.73 9261.67 9261.49 9259.22 9259.25 9251.05 9237.71 9222.49 9213.11 9210.34 9209.03 9212.46 9215.78 9218.09 9218.6 9216.82
9322.58 9331.33 9337.23 9340.81 9342.71 9343.47 9342.28 9340.65 9339.02 9336.99 9335.22 9333.25 9331.28 9328.92 9326.3 9323.25 9320.14 9317.08 9313.87 9310.7 9307.44 9304.28 9302.94 9306.37 9312.38 9319.19 9315.21 9309.97 9306.15 9301.7 9296.72 9292.19 9287.87 9285.48 9284.74 9284.97 9288.5 9300.34 9283.71 9267.74 9258.76 9252.62 9249.9 9249.24 9248.98 9247.39 9254.99 9269.47 9265.33 9261.09 9258.18 9256.05 9254.15 9250.91 9244.72 9246.64 9242.08 9231.94 9219.74 9207.45 9204.74 9205.32 9206.37 9206.72 9206.07 9207.96 9209.77
9318.08 9328.57 9335.69 9341.06 9345.78 9350.45 9355.51 9351.9 9347.89 9344.66 9340.62 9337.82 9334.87 9331.43 9327.79 9324.02 9320.71 9317.45 9314.14 9310.45 9306.73 9303.2 9301.38 9304.78 9308.34 9311.15 9314.69 9317.18 9318.32 9309.73 9302.23 9296.36 9290.62 9286.21 9282.24 9278.19 9273.6 9262.84 9257.16 9257.1 9256.59 9256.76 9256.68 9258.85 9263.78 9271.44 9261.83 9265.13 9261.92 9257.75 9253.57 9250.62 9247.42 9244.4 9241.98 9243.06 9237.44 9228.77 9218.89 9206.9 9204.72 9206.25 9203.49 9201.51 9198.83 9201.92 9205.3
9320.51 9327.51 9333.82 9340.18 9346.41 9352.27 9356.13 9355.97 9353.42 9351 9349.11 9343.04 9338.1 9333.61 9329.01 9324.86 9321.18 9317.87 9314.25 9311.19 9307.95 9305.05 9303.26 9304.69 9305.43 9306.11 9311.86 9315.69 9316.96 9310.32 9304.31 9298.12 9291.97 9286.02 9279.42 9271.51 9260.39 9245 9240.56 9247.75 9253.26 9257.49 9259.94 9264.21 9270.07 9272.2 9264.69 9259.35 9255.96 9251.53 9247.42 9244.87 9242.47 9239.36 9235.82 9240.37 9234.47 9227.02 9218.78 9211.11 9205.85 9203.23 9200.55 9199.41 9201.4 9200.43 9203.38
9321.44 9324.4 9329.71 9336.57 9343.87 9350.78 9355.74 9356.52 9355.31 9352.54 9348.77 9344.69 9339.91 9334.93 9330.36 9326.01 9322.21 9318.74 9315.46 9312.65 9310.06 9308.18 9307.14 9306.34 9307.51 9309.27 9310.93 9312.27 9307.75 9308.98 9304.44 9298.92 9292.39 9285.57 9278.1 9268.9 9257.36 9245.8 9241.66 9245.34 9250.37 9255.57 9260.32 9265.08 9270.31 9271.51 9264.82 9259.09 9249.82 9243.12 9240 9237.98 9237.37 9235.92 9232.49 9231.35 9232.27 9226.44 9218.82 9210.69 9202.31 9197.87 9197.3 9197.19 9197.23 9199.25 9202
9310.66 9315.18 9321.7 9329.67 9338.15 9346.17 9351.81 9354.02 9354.65 9353.93 9350.3 9345.19 9339.91 9334.62 9329.86 9325.48 9321.77 9318.66 9315.67 9313.4 9311.77 9310.08 9308.3 9306.94 9307.04 9308.51 9310.02 9312.31 9317 9311.5 9304.81 9298.51 9292.36 9285.74 9278.31 9269.82 9260.15 9250.77 9244.39 9249.07 9251.98 9255.67 9260 9262.9 9264.69 9265.68 9261.21 9248.38 9234.76 9231.21 9231.01 9231.09 9232.56 9234.36 9236.71 9237.85 9234.46 9226.67 9218.99 9210.69 9199.12 9195.95 9195.88 9197.13 9198.57 9199.32 9201.49
9289.94 9300.71 9310.08 9319.72 9329.61 9339.12 9345.04 9347.97 9350.13 9352.75 9350.93 9343.57 9337.59 9332.4 9328.16 9324.06 9320.63 9318.14 9315.15 9313.24 9312.27 9312.84 9309.87 9305.9 9303.3 9303.87 9306.68 9308.79 9309.73 9306.98 9302.35 9297.27 9291.9 9286.28 9279.58 9273.24 9266.67 9261.99 9261.31 9259.12 9259.19 9260.42 9261.52 9261.09 9257.53 9258.2 9250.75 9223.07 9214.91 9219.02 9222.04 9225.03 9228.95 9233.15 9239.2 9247.39 9235.47 9225.24 9217.82 9208.88 9199.82 9195.29 9196.19 9198.65 9200.41 9200.77 9201.64
9272.82 9286.24 9297.1 9307.15 9317.61 9328.87 9335.21 9337.37 9339.94 9342.03 9341.47 9337.26 9332.84 9328.75 9325.37 9321.77 9318.93 9316.2 9314.07 9312.19 9311.05 9310.34 9307.89 9304.39 9301.26 9301.28 9303.36 9304.32 9303.15 9301.12 9298.51 9294.78 9290.81 9287.01 9282.56 9278.54 9274.57 9272.61 9271.17 9270.38 9268.64 9267.18 9264.46 9260.9 9258.02 9251.3 9239.75 9219.22 9210.3 9212.93 9216.87 9220.71 9224.79 9228.81 9232.66 9233.08 9225.5 9220.52 9216.09 9210.69 9195.2 9192.93 9198.19 9202.6 9204.65 9204.65 9203.94
9262.59 9274.33 9284.45 9292.97 9301.64 9311.17 9317.47 9321.65 9325.95 9329.66 9330.04 9327.99 9325.47 9323.34 9321.06 9319.09 9317.05 9314.77 9312.74 9310.63 9308.3 9306.69 9305.33 9303.56 9301.86 9301.13 9301.36 9300.93 9299.44 9297.71 9295.63 9293.42 9291.08 9288.61 9286.61 9284.43 9282.77 9281.31 9278.76 9282.86 9284.71 9276.54 9267.08 9259.29 9251.42 9243.78 9232.8 9220.52 9213.5 9211.5 9213.59 9217.46 9221.43 9223.86 9224.23 9221.07 9216.64 9214.79 9213.9 9211.04 9192.65 9196.53 9205.29 9211.26 9213.41 9212.5 9210.9
9255.91 9265.25 9273.11 9278.86 9283.09 9288.46 9295.62 9302.76 9308.69 9315.6 9317.06 9317.25 9317.33 9317.06 9316.58 9315.84 9314.85 9313.45 9311.55 9309.28 9305.65 9302.67 9303.67 9304.09 9303.8 9302.04 9300.55 9298.64 9296.63 9294.82 9293.12 9292.52 9291.84 9291.82 9291.54 9290.87 9290.47 9290.92 9293.24 9295.3 9295.2 9282.12 9266.11 9253.13 9244.37 9233.61 9224.47 9216.62 9211.87 9209.29 9212.02 9216.09 9219.3 9220.59 9218.86 9214.26 9208.92 9210.5 9211.63 9211.97 9204.96 9206.67 9217.7 9225.89 9227.25 9223.91 9222.28
9251.75 9259.03 9264.76 9267.97 9268.03 9264.21 9276.23 9285.55 9290.45 9293.37 9300.9 9305.98 9309.14 9310.64 9311.43 9312.12 9312.38 9312.46 9311.41 9309.7 9306.46 9302.76 9304.96 9305.89 9305.38 9303.3 9300.73 9297.6 9293.79 9290.11 9291.12 9292.46 9293.32 9295.11 9295.98 9296.84 9298.16 9298.87 9298.49 9299.74 9297.41 9281.98 9261.9 9240.26 9228.44 9222.11 9215.49 9207.67 9201.29 9206.56 9212.49 9217.54 9220.7 9221.74 9219.32 9212.16 9208.74 9210.37 9210.3 9209.12 9205.29 9212.19 9228.91 9251.51 9241.97 9234.38 9234.1
9249.38 9255.41 9260.29 9262.74 9262.9 9264.11 9269.06 9275.22 9278.77 9281.22 9289.5 9296.37 9301.36 9304.84 9307.36 9309.43 9310.83 9311.9 9312.42 9311.8 9311.35 9310.37 9309.09 9309.16 9308.65 9305.18 9301.91 9298.21 9293.99 9289.92 9291.73 9293.67 9295.41 9299.32 9301.18 9302.68 9304.56 9306.38 9306.8 9305.83 9298.81 9280.25 9259.13 9238.49 9225.57 9218.63 9212.86 9207.05 9202.54 9209.66 9217.38 9222.56 9225.98 9227.48 9226.63 9223.07 9218.51 9216.59 9211.28 9205.59 9203.51 9211.71 9227.51 9240.81 9240.95 9237.19 9240.42
9248.07 9254.25 9259.5 9262.63 9262.97 9263.42 9267.78 9271.43 9274.23 9277.8 9283.36 9289.55 9295.03 9299.54 9303.67 9306.96 9309.69 9312.41 9314.53 9314.89 9315.01 9314.28 9312.99 9310.8 9308.94 9306.89 9303.99 9300.45 9296.86 9295.49 9294.42 9296.57 9299.68 9302.09 9304.6 9306.89 9309.7 9312.53 9317.21 9316.69 9296.12 9276.58 9256.97 9239.76 9226.22 9218.41 9215.8 9215 9215.65 9221.15 9226.82 9230.59 9233.52 9235.44 9237.3 9240.27 9241.39 9228.23 9215.55 9204.33 9202.19 9209.5 9220.81 9230.3 9231.89 9231.42 9236.01
9247.05 9254.5 9261.65 9267.51 9269.51 9268.8 9271.64 9271.74 9272.02 9274.41 9279.3 9284.94 9290.42 9296.21 9301.2 9305.42 9309.35 9313.24 9316.46 9318.33 9319.15 9318.78 9317.66 9314.34 9311.37 9310.06 9307.59 9304.4 9300.74 9295.59 9298.17 9300.53 9303.45 9305.41 9307.42 9309.46 9311.42 9312.91 9312.7 9302.86 9287.13 9271.01 9254.09 9238.13 9226.61 9219.54 9221.44 9226.1 9232.83 9236.09 9237.98 9239.79 9241.85 9243.88 9246.24 9248.94 9248.5 9235.89 9222.08 9210.36 9212.42 9210.81 9215.66 9220.56 9224.04 9223.84 9221.41
9246.37 9254.95 9264.46 9275.23 9284.76 9285.43 9279.73 9274.34 9270.38 9271.16 9276.63 9282.21 9287.63 9293.11 9298.41 9303.21 9308.08 9313.37 9318.09 9322.08 9326.05 9325.64 9323.26 9320.28 9317.3 9314.68 9311.92 9309.68 9307.05 9307.26 9305.94 9305.99 9307.23 9307.89 9308.9 9309.66 9310.32 9309.88 9306.1 9294.7 9281.95 9265.05 9249.05 9237.59 9228.48 9225.15 9228.69 9235.86 9244.29 9248.13 9247.35 9247.48 9248.66 9250.28 9252.47 9253.01 9246.58 9241.19 9231.36 9221.94 9225.56 9219.33 9216.89 9218.04 9223.01 9224.81 9222.71
9245.16 9253.79 9264.39 9278.82 9297.22 9297.54 9285.09 9276.54 9270.07 9270.56 9275.42 9280.33 9285.11 9289.9 9295.3 9300.3 9305.72 9311.32 9317.78 9324.16 9329.32 9330.39 9328.25 9323.33 9321.3 9319.37 9316.58 9314.49 9312.48 9309.93 9309.23 9310.2 9310.32 9309.89 9309.38 9308.36 9307.56 9306.23 9303.85 9299.13 9281.31 9258 9238.11 9229.59 9229.18 9230.9 9234.36 9241.87 9251.96 9255.73 9253.1 9252.38 9252.96 9254.87 9257.29 9259.51 9261.05 9252.8 9243.72 9238.18 9241.77 9237.76 9227.91 9225.61 9230.68 9233.82 9237.96
9242.13 9249.53 9258.42 9270.07 9286.72 9288.1 9281.53 9277 9272.65 9272.94 9275.89 9279.19 9282.79 9286.4 9290.72 9295.52 9301.04 9307.28 9315.11 9323.77 9331.19 9333.18 9333.34 9331.03 9327.3 9323.36 9320.26 9318.32 9316.95 9315.79 9315.31 9314.83 9313.32 9311.12 9309.07 9306.38 9303.67 9300.21 9297 9293.49 9271.57 9248.91 9230.4 9225.08 9226.96 9230.72 9235.92 9242.49 9249.69 9253.23 9253.36 9253.64 9254.74 9256.58 9259.27 9263.07 9268.23 9262.64 9253.84 9253.4 9262.42 9266.32 9254.13 9246.94 9246.24 9243.97 9241.88
9238.08 9243.31 9248.44 9252.59 9252.85 9264.53 9271.6 9275.63 9278.32 9276.79 9276.23 9277.18 9279.38 9282.04 9285.59 9289.76 9294.45 9300.46 9308.24 9318.43 9329.53 9330.13 9334.2 9338.84 9331.24 9324.07 9320.54 9319.72 9320.28 9321.62 9322.31 9319.07 9314.95 9310.74 9306.52 9302.43 9298.15 9292.27 9283.86 9266.36 9249.56 9239.18 9229.72 9225.67 9227.48 9230.52 9235.08 9240.54 9244.64 9246.8 9251 9252.3 9253.65 9255.5 9257.37 9260.07 9262.63 9259.13 9255.43 9262 9284.96 9303.23 9294.34 9275.93 9265.19 9257.57 9248.44
9234.66 9237.66 9239.4 9239.71 9239.66 9250.28 9261.32 9271.08 9278.73 9276.21 9274.22 9273.99 9275.24 9276.92 9279.65 9282.92 9286 9290.54 9296.3 9303.8 9312.53 9314.72 9321.23 9329.05 9322.79 9317.72 9316.38 9317.47 9319.86 9323.59 9325.68 9320.59 9314.26 9308.09 9302.8 9297.32 9291.49 9284.2 9273.62 9254.14 9236.53 9232.69 9229.18 9225.37 9224.61 9228.55 9233.29 9238.54 9243.87 9248.77 9249.38 9249.47 9250.31 9251.86 9253.27 9253.38 9251.43 9248.92 9248.62 9258.7 9287.22 9317.72 9310.79 9290.88 9278.86 9274.49 9268.27
9232.22 9233.42 9233.62 9233.04 9234.14 9242.6 9252.22 9261.54 9269.56 9269.1 9268.66 9268.77 9269.57 9270.41 9272.44 9274.91 9276.79 9279.21 9281.14 9281.94 9284.52 9289.68 9292.66 9297.55 9302.05 9304.94 9307.97 9311.75 9316.09 9320.7 9324.2 9318.06 9310.32 9303.36 9296.79 9290.49 9284.39 9276.74 9267.64 9252.55 9235.38 9228.89 9226.81 9225.16 9223.91 9227.1 9231.32 9235.69 9240.76 9247.02 9244.79 9244.33 9245.29 9246.93 9248.05 9247.57 9246.04 9242.47 9241.18 9251.02 9278.65 9296.74 9293.05 9286.66 9278.25 9276.07 9271.69
9230.65 9231.4 9231.19 9230.59 9231.67 9237.67 9244.48 9250.34 9254.3 9258.71 9260.65 9261.76 9263.02 9263.98 9265.54 9267.2 9268.74 9269.32 9268.45 9264.54 9264.11 9267.25 9265.41 9267.7 9280.84 9290.17 9296.81 9302.38 9307.31 9312.35 9317.05 9310.79 9302.56 9295.52 9289.06 9282.7 9276.2 9269.73 9262.47 9250.53 9235.48 9228.01 9225.78 9227.31 9229.69 9229.3 9230.11 9231.69 9233.16 9233.66 9235.13 9237.35 9239.71 9241.9 9243.67 9243.95 9244.19 9242.99 9241.01 9251.14 9276.22 9292.63 9288.09 9278.74 9265.75 9251.95 9244.97
9231.27 9231.79 9231.38 9230.77 9231.79 9234.44 9238.21 9242.65 9247.39 9249.83 9252.61 9254.66 9256.83 9258.73 9260.04 9261.06 9262.61 9262.08 9260.87 9258.06 9256.32 9255.42 9253.07 9256.62 9268.12 9278.12 9285.92 9291.76 9296.02 9298.83 9301.71 9296.12 9290.94 9286.16 9281.03 9275.62 9269.33 9262.29 9254.36 9244.89 9234.62 9230.73 9228.88 9228.99 9230.08 9229.66 9228.84 9228.02 9226.51 9223.56 9226.36 9230.78 9234.46 9237.53 9240.19 9241.65 9244.06 9246.72 9244.19 9254.69 9279.57 9300.85 9288.64 9274.67 9254.32 9229.93 9222.48
9234.11 9234.2 9233.44 9231.94 9231.51 9232.56 9233.3 9233.4 9236.66 9242.11 9245.94 9248.78 9251.24 9254.19 9255.32 9256.21 9256.47 9256.07 9255.93 9257.14 9254.1 9251.42 9250.52 9254.1 9262.06 9270.23 9277.13 9281.78 9284.34 9283.42 9276.29 9276.49 9278.98 9277.45 9274.06 9269.05 9262.79 9255.66 9247.43 9241.19 9236.44 9233.51 9232.29 9230.94 9229.41 9229.34 9227.84 9225.75 9223.16 9220.74 9222.32 9226.49 9230.72 9234.66 9238.12 9240.07 9243.54 9246.31 9245.42 9256.52 9278.63 9296.55 9294.56 9272.53 9249.76 9228.79 9217.04
9239.37 9238.56 9237.51 9235.86 9234.09 9232.4 9231.14 9230.59 9232.82 9237.52 9241.36 9244.66 9247.38 9249.4 9250.5 9251.07 9251.03 9250.66 9250.57 9249.32 9250.09 9249.9 9250.44 9253.94 9259.43 9265.31 9270.47 9274.09 9275.65 9274.27 9271.11 9270.71 9271.71 9270.88 9268.31 9263.98 9258.17 9251.37 9245.25 9242.33 9241.16 9238.28 9237.45 9236.09 9233.73 9230.97 9227.86 9224.7 9221.9 9219.83 9220.75 9224.32 9228.46 9232.71 9236.83 9240.57 9243.42 9247.2 9250.71 9260.71 9274.75 9283.43 9281.78 9268.53 9247.47 9226.45 9213.58
9246.5 9244.33 9242.53 9240.81 9237.35 9233.51 9230.69 9229.81 9231.1 9234.52 9238.27 9241.2 9243.64 9245.42 9246.53 9246.7 9246.7 9246.4 9246.22 9246.9 9247.78 9249.8 9251.73 9254.66 9258.65 9262.79 9266.51 9269.19 9270.48 9270.19 9269.28 9268.95 9268.61 9267.43 9265.53 9262.24 9256.98 9249.78 9243.27 9244.7 9247.19 9246.67 9244 9242.18 9238.56 9233.37 9228.68 9224.61 9221.79 9220.41 9221.15 9223.57 9227.28 9232 9237.17 9241.74 9245.07 9247.09 9258.05 9268.73 9274.95 9276.66 9278.13 9269.04 9248.22 9224.98 9211.4
9254.64 9250.46 9246.67 9245.46 9239.69 9234.99 9231 9228.49 9230.21 9233.46 9236.63 9239.16 9241.29 9242.98 9243.77 9243.6 9243.64 9243.45 9243.05 9242.67 9246.46 9250.59 9254.69 9256.24 9258.57 9261.4 9264.27 9266.38 9267.55 9267.7 9267.51 9267.77 9266.64 9266.21 9264.91 9262.46 9258.82 9253.48 9248.38 9251.62 9252.55 9252.23 9248.74 9246.5 9241.22 9234.51 9228.81 9224.18 9221.06 9220.41 9222.18 9222.99 9226.94 9232.83 9239.85 9246.13 9251.22 9256.36 9270.11 9278.64 9281.96 9283.1 9292.45 9275.74 9252.36 9229.72 9211.15
