real_craters/C067-1000m.grd
DSAA
31 31
-15.05 15.05
-15.05 15.05
5737.4861725376 6081.4004543241
5900.78 5905.12 5912.29 5920.8 5943.45 5913.45 5935.15 5952.83 5937.57 5941.93 5921.61 5944.11 5952 5946.98 5958.68 5956.12 5964.36 5973.74 5977.33 5966.63 5971.78 5975.64 5974.5 5971.44 5964.88 5955.92 5948.48 5951.4 5953.99 5954.16 5950.37 
5901.95 5905.91 5914.71 5924.33 5928.38 5930.96 5935.28 5934.43 5935.13 5933.52 5931.28 5940.44 5952.62 5942.89 5962.25 5958.32 5966.04 5976.01 5981.15 5994.36 5994.33 5983.78 5975.55 5967.87 5964.51 5972.41 5964.9 5962.95 5966.3 5958.05 5948.67 
5904.1 5904.65 5918.86 5936.56 5945.67 5943.57 5938.15 5938.52 5926.47 5929.83 5926.84 5943.15 5936.91 5949.31 5956.59 5977.44 5974.59 5975.92 5984.94 5993.79 5999.99 5986.17 5973.03 5961.59 5953.96 5968.97 5967.54 5968.89 5980.11 5961.9 5943.76 
5901.46 5900.79 5921.07 5944.03 5941.99 5934.02 5924.84 5930.95 5918.27 5913.32 5936.33 5935.85 5941.37 5944.74 5960.66 5976.5 5975.64 5971.29 5965.67 5981.37 5990.59 5984.38 5973.67 5962.92 5971.01 5959.79 5956.2 5943 5973.44 5963.66 5936.44 
5900.92 5906.85 5925.55 5936.3 5935.09 5917.88 5915.08 5921.21 5919.54 5934.29 5926.05 5944.96 5952.74 5950.76 5970.85 5975.47 5979.75 5975.02 5967.17 5982.42 5981.31 5979.24 5975.05 5965.51 5959.7 5957.74 5944.34 5951.37 5970.7 5968.72 5973.87 
5919.94 5932.55 5938.97 5923.86 5920.14 5909.43 5911.36 5920.3 5938.42 5937.11 5942.12 5929.97 5965.45 5987.69 6001.66 5998.9 5992.33 5987.49 5979.75 5966.47 5970.07 5973.21 5974.64 5976.21 5956.1 5969.8 5953.99 5959.95 5962.75 5966.92 5964.83 
5913.87 5939.57 5938.76 5923.5 5917.52 5908.44 5904.16 5915.61 5919.38 5926.53 5942.5 5955.58 5979.4 5995.42 6002.24 6005.87 6001.05 6002.36 6005.82 5991.88 5978.98 5977.43 5974.88 5977.29 5968.05 5966.12 5956.4 5932.68 5943.23 5958.08 5964.85 
5930.21 5934.17 5931.56 5915.74 5909.96 5911.17 5911.59 5933.73 5952.45 5948.91 5945.38 5963.39 5973.37 5985.24 5992.85 5996.72 6001.21 6007 6015.18 6011.56 6001.99 5985.61 5973.6 5962.56 5974.68 5974.26 5967.75 5949.66 5939.59 5934.52 5933.03 
5955.7 5928.51 5916.1 5908.66 5904.14 5916.84 5939.88 5957.44 5975.73 5971.77 5951.32 5952.45 5961.09 5977.84 5994.7 6003.95 6000.97 5999.99 6004.29 6018.44 6002.88 5987.86 5977.07 5961.15 5943.15 5944.53 5950.05 5936.91 5930.87 5929.92 5930.44 
5953.57 5926.27 5913.44 5902.92 5894.49 5940.12 5955.97 5960.38 5962.37 5957.95 5942.93 5951.89 5961.51 5993.53 6000.51 6003.8 5995.75 5991.44 5975.64 5964.05 5972.45 5975.16 5979.59 5976.21 5950.9 5940.55 5946.75 5934.1 5927.49 5935.97 5936.68 
5927.22 5914.66 5903.99 5900.42 5905.45 5954.35 5955.64 5954.99 5937.68 5930.94 5928.35 5962.12 6013.32 6012.91 6009.49 5974.96 5955.15 5974.4 6009.05 5976.64 5953.22 5961.75 5971.56 5978.87 5972.21 5963.56 5963.39 5936.52 5937.34 5950.12 5940.58 
5915.41 5909.56 5900.84 5895.85 5914.29 5950.38 5962.42 5943.99 5935.83 5937.27 5969.46 6026.01 6050.3 5950.44 5892.1 5853.74 5872.1 5908.38 5973.72 6009.07 5974.14 5962.96 5958.02 5966.97 5977.41 5972.96 5981.45 5945.62 5931.31 5929.53 5930.29 
5902.89 5909.91 5922.47 5921.19 5927.71 5959.29 5944.46 5937.63 5927.57 5959.7 6013.47 6069.47 5961.62 5866.25 5814.93 5794.06 5799.35 5815.47 5845.57 5972.85 6004.22 5974.94 5953.12 5967.96 5973.04 5958.39 5936.79 5941.6 5935.35 5911.49 5922.35 
5897.81 5904.95 5919.66 5944.79 5958.47 5963.43 5932.58 5934.37 5936.69 5978.62 6053.4 5982.75 5896.66 5830.61 5785.04 5762.73 5756.45 5764.72 5802.21 5901.37 5983.06 5987.88 5951.99 5967.34 5981.46 5957.18 5936.64 5940.92 5939.83 5928.83 5925.8 
5897.48 5901.45 5912.32 5951.4 5960.63 5952.85 5945.68 5941.13 5949.99 5981.31 6081.4 5937.89 5861.5 5814.22 5772.76 5739.47 5737.49 5749.72 5797.31 5887.9 5991.12 6002.42 5950.28 5963.29 5972.79 5968.72 5951.02 5932.38 5925.34 5931.98 5929.82 
5901.44 5896.42 5908.13 5931.08 5947.05 5941.54 5946.77 5949.63 5953.24 5974.99 6046.15 5914.82 5843.05 5811.04 5775.74 5744.16 5744.62 5754.51 5812.81 5921.9 6014.53 6005.82 5954.5 5961.87 5965.42 5967.36 5955.6 5933.46 5913.55 5919.46 5924.62 
5894.55 5894.95 5896.75 5935.73 5946.83 5946.18 5948.35 5945.07 5944.09 5965.13 6044.76 5933.48 5850.99 5824.88 5794.03 5768.49 5767.63 5770.42 5836.99 5956.86 6066.94 5993.16 5950.41 5952.05 5957.78 5958.89 5954.36 5940.99 5925 5915.4 5916.81 
5907.58 5904.04 5904.29 5931.96 5951.1 5957.92 5960.12 5953.68 5938.47 5952.83 6016.33 5985.22 5876.56 5849.26 5821.62 5797.58 5790.49 5797.53 5863.2 5956.23 6008.71 5964.65 5953.81 5955.96 5957.09 5960.89 5955.16 5949.12 5925.03 5913.72 5918.71 
5900.83 5902.91 5915.24 5919.94 5925.56 5951.1 5960.11 5963.06 5961.91 5946.8 5966.14 6055.21 5969.56 5899.41 5867.15 5840.63 5833.63 5856.83 5907.88 5953.71 5976.19 5947.19 5952.4 5960.2 5958.34 5954.6 5947.3 5933.77 5922.89 5928.95 5925.5 
5901.6 5908.57 5916.02 5913.41 5930.19 5937.14 5952.21 5974.23 5977.94 5960.08 5974.56 5994.67 6044.38 5966.66 5918 5902.37 5916.4 6016.19 5977.48 5960.31 5942.98 5934.79 5951.94 5955.35 5951.93 5943.74 5940.02 5925.17 5921.64 5931.51 5918.8 
5903.1 5916.68 5932.65 5924.78 5936.29 5940.47 5957.23 5966.87 5957.04 5936.3 5945.18 5954.97 5964.83 5962.16 5949.07 5956.02 6033.43 6039.36 5997.99 5963.41 5936.53 5932.13 5956.34 5960.58 5947.22 5941.04 5943.09 5940.68 5919.84 5927.21 5921.44 
5898.2 5898.73 5916.57 5952.86 5950.4 5938.52 5949.4 5961.58 5945.07 5932.12 5927.63 5935.49 5945.45 5943.95 5950.84 5953.41 5946.89 5954.56 5966.5 5956.31 5948.29 5957.5 5955.72 5957.09 5948.29 5941.24 5949.09 5960.85 5957.15 5933.52 5920.16 
5896.02 5905.61 5910.97 5920.04 5939.45 5926.89 5925.88 5963.55 5949.68 5930.02 5934.5 5939.51 5946.19 5952.4 5953.07 5947.1 5937.2 5946.91 5951.64 5954.2 5955.81 5958.17 5963.88 5957.27 5946.31 5941.4 5945.93 5948.92 5954.94 5923.82 5899.69 
5891.66 5902.36 5923.58 5939.04 5942.62 5930.72 5933.54 5941.02 5957.59 5960.61 5949.41 5958.79 5981.36 5973.16 5959.17 5948.99 5942.39 5940.88 5944.93 5949.35 5956.55 5953.14 5960.45 5951.35 5928.2 5926.64 5931.37 5935.9 5945.9 5921.35 5898.96 
5890.14 5893.31 5908.44 5923.38 5918.95 5928.74 5922.83 5907.46 5945.95 5960.75 5961.75 5970.17 5986.52 5977.79 5966.36 5956.55 5949.5 5945.31 5939.77 5939.35 5945.41 5951.86 5946.33 5931.61 5904.54 5911.86 5920.49 5919.95 5915 5928.62 5905.93 
5895.47 5907.52 5913.09 5928.61 5916.18 5919.8 5917.38 5910.69 5927.27 5930.21 5938.76 5940.19 5939.84 5970.38 5960.31 5953.89 5951.53 5936.88 5926.23 5920.66 5914.74 5922.6 5920.34 5915.17 5909.86 5914.29 5921.53 5927.32 5925.92 5941.87 5924.11 
5897.67 5904.36 5924.02 5954.93 5922.2 5908.25 5899.85 5913.49 5913.39 5905.22 5917.12 5908.49 5902.32 5926.26 5936.22 5936.43 5928.97 5910.55 5911.99 5908.88 5901.03 5904.34 5919.91 5917.05 5915.38 5918.47 5924.2 5936.2 5929.68 5922.95 5901.34 
5896.11 5898.7 5911.16 5939 5907.35 5908.96 5892.9 5941.14 5919.85 5903.02 5916.83 5898.76 5889.75 5905.65 5912.09 5916.37 5915.06 5913.52 5916.96 5911.12 5905.2 5912.49 5909.8 5923.67 5920.88 5923.21 5922.43 5915.84 5919.93 5912.89 5907.74 
5898.83 5898.96 5904.96 5922.42 5902.07 5908.52 5895.8 5899.54 5925.87 5910.76 5916.05 5909.63 5892.51 5890.66 5899.81 5907.17 5915.69 5947.17 5928.23 5916.87 5911.97 5910.61 5933.43 5941.05 5932.32 5922.13 5922.02 5919.93 5903.71 5898.07 5893.36 
5900.85 5897.32 5907.88 5931.83 5937.13 5930.76 5894.38 5884.45 5910.04 5908.85 5912.93 5910.79 5900.73 5900.17 5902.46 5906.29 5915.03 5920.49 5919.16 5920.44 5918.39 5931.03 5937.58 5921.3 5913.91 5914.69 5920.24 5914.65 5906.99 5900.02 5885.46 
5894.25 5891.49 5894.5 5910.38 5909.42 5911.73 5886.96 5876.32 5880.44 5892.09 5901.89 5904.35 5901.51 5917.48 5908.66 5903.55 5907.62 5921.21 5921.4 5924.15 5932.94 5933.36 5924.66 5897.42 5894.35 5898.13 5899.6 5900.86 5894.89 5888.59 5882.17 
