real_craters/C067-750m.grd
DSAA
71 71
-26.3375 26.3375
-26.3375 26.3375
8280.422294774 9633.5898854905
[rows 0 to 44 of 71, columns 0 to 70 of 71]
9232 9245 9223 9212 9215 9210 9206 9213 9204 9207 9213 9220 9226 9227 9226 9225 9224 9223 9074 9030 9003 8967 8928 8800 8779 8749 8710 8710 8707 8674 8645 8632 8624 8619 8621 8620 8620 8619 8636 8649 8672 8690 8713 8726 8728 8769 8831 8925 9156 9237 9187 9115 9070 9050 9030 9016 9004 8995 8965 8952 8947 8937 8942 8948 8952 8952 8958 8970 8990 9008 9022
9221 9217 9212 9208 9209 9204 9203 9191 9199 9209 9211 9214 9214 9217 9219 9218 9216 9217 9091 9043 9026 8997 8962 8854 8843 8816 8784 8747 8743 8705 8693 8685 8667 8658 8658 8656 8658 8665 8681 8707 8701 8706 8716 8704 8727 8849 8981 9173 9196 9197 9175 9110 9063 9047 9036 9023 9003 8982 8962 8953 8946 8941 8950 8963 8964 8965 8962 8981 9001 9019 9033
9214 9206 9208 9200 9193 9194 9193 9192 9202 9202 9209 9211 9211 9214 9212 9212 9212 9209 9092 9058 9040 9025 9000 8968 8901 8882 8843 8785 8717 8704 8701 8725 8725 8704 8698 8701 8704 8709 8706 8713 8704 8692 8693 8757 8843 8975 9077 9160 9169 9141 9144 9109 9063 9054 9046 9031 9010 9005 9005 8967 8962 8951 8978 8989 8989 8983 8994 9007 9020 9029 9041
9214 9209 9188 9190 9191 9188 9183 9190 9203 9207 9208 9208 9214 9211 9204 9204 9207 9205 9104 9088 9082 9063 9043 9016 8944 8936 8918 8862 8779 8742 8708 8690 8716 8733 8729 8733 8730 8717 8712 8712 8704 8711 8784 8944 9126 9115 9125 9132 9121 9104 9108 9103 9079 9064 9047 9027 9013 9011 9043 9044 9005 8973 8998 9021 9031 9055 9052 9042 9044 9050 9061
9215 9196 9185 9185 9186 9180 9177 9193 9194 9210 9204 9198 9192 9189 9194 9195 9199 9188 9113 9115 9080 9065 9051 9036 8977 8990 9002 9005 8959 8829 8755 8750 8743 8763 8766 8756 8745 8728 8731 8709 8748 8820 8977 9113 9164 9148 9121 9104 9084 9068 9077 9081 9092 9077 9061 9047 9019 9006 9023 9051 9054 9053 9056 9057 9059 9069 9070 9066 9066 9074 9087
9221 9208 9194 9186 9178 9178 9180 9192 9189 9195 9194 9189 9184 9183 9186 9193 9196 9176 9119 9122 9111 9086 9069 9055 9007 9031 9065 9122 9124 9050 8949 8925 8941 8888 8837 8785 8772 8785 8820 8843 8921 9042 9117 9141 9135 9113 9095 9074 9062 9068 9073 9082 9094 9087 9072 9049 9040 9035 9038 9063 9092 9113 9083 9064 9067 9073 9076 9078 9082 9087 9089
9228 9217 9201 9191 9178 9180 9183 9191 9187 9188 9186 9184 9180 9179 9184 9192 9194 9172 9132 9104 9092 9079 9068 9071 9017 9055 9092 9137 9158 9160 9152 9137 9170 9059 8964 8895 8873 8907 8956 9041 9121 9132 9122 9118 9107 9082 9069 9057 9059 9081 9082 9088 9094 9096 9090 9082 9060 9068 9097 9109 9119 9127 9093 9067 9069 9073 9078 9085 9093 9100 9113
9230 9217 9206 9202 9197 9186 9182 9190 9198 9180 9183 9183 9182 9180 9185 9192 9197 9172 9141 9111 9102 9091 9082 9073 9037 9066 9081 9101 9117 9131 9166 9166 9166 9133 9112 9101 9108 9058 9053 9092 9118 9112 9104 9095 9087 9063 9060 9061 9076 9091 9085 9087 9103 9112 9116 9118 9127 9114 9118 9123 9121 9117 9100 9076 9077 9076 9082 9091 9100 9110 9117
9233 9224 9213 9206 9195 9188 9189 9186 9185 9187 9188 9190 9190 9192 9192 9195 9196 9171 9154 9134 9124 9120 9109 9106 9083 9078 9076 9061 9071 9076 9083 9106 9127 9137 9137 9141 9126 9105 9087 9087 9083 9081 9075 9068 9065 9054 9063 9068 9079 9095 9097 9126 9136 9134 9140 9151 9144 9134 9130 9124 9116 9123 9123 9126 9113 9089 9092 9101 9108 9114 9119
9236 9232 9222 9209 9197 9197 9198 9187 9184 9192 9199 9201 9198 9194 9194 9195 9198 9172 9166 9155 9148 9139 9129 9115 9087 9078 9063 9048 9053 9055 9056 9061 9077 9097 9093 9102 9115 9094 9085 9079 9065 9062 9063 9063 9072 9082 9077 9077 9083 9112 9136 9142 9152 9150 9150 9151 9144 9142 9142 9139 9140 9139 9141 9150 9143 9122 9117 9117 9117 9116 9114
9237 9236 9233 9227 9218 9207 9199 9196 9199 9210 9214 9209 9205 9202 9199 9198 9196 9173 9168 9155 9145 9135 9122 9108 9096 9070 9063 9058 9063 9056 9052 9051 9053 9068 9081 9072 9061 9070 9072 9069 9062 9059 9062 9072 9084 9094 9090 9085 9093 9120 9134 9145 9153 9150 9148 9147 9139 9139 9144 9146 9151 9149 9145 9149 9162 9159 9145 9133 9124 9119 9113
9244 9247 9245 9244 9241 9224 9208 9203 9221 9250 9230 9212 9210 9212 9213 9200 9194 9171 9166 9156 9142 9131 9118 9107 9095 9073 9071 9080 9098 9105 9090 9082 9072 9071 9076 9068 9058 9063 9068 9070 9070 9079 9088 9096 9099 9096 9100 9098 9101 9123 9132 9136 9139 9142 9141 9138 9135 9129 9138 9141 9140 9141 9136 9130 9147 9188 9166 9147 9132 9120 9109
9266 9261 9254 9248 9248 9243 9230 9219 9329 9235 9186 9198 9210 9220 9219 9212 9182 9168 9160 9149 9138 9127 9117 9106 9100 9083 9083 9089 9118 9143 9143 9137 9108 9082 9073 9075 9075 9076 9079 9080 9081 9081 9087 9103 9111 9114 9115 9115 9125 9132 9127 9127 9126 9135 9135 9131 9132 9132 9135 9138 9134 9134 9130 9129 9145 9168 9164 9149 9132 9118 9105
9265 9263 9258 9259 9256 9249 9249 9263 9290 9189 9170 9201 9211 9219 9218 9201 9200 9189 9160 9150 9140 9131 9122 9115 9109 9097 9104 9111 9126 9137 9134 9119 9113 9102 9100 9099 9094 9091 9101 9100 9089 9075 9084 9102 9121 9134 9128 9129 9131 9129 9126 9135 9145 9135 9132 9128 9130 9136 9139 9141 9143 9133 9129 9130 9148 9161 9156 9144 9125 9110 9097
9254 9257 9256 9257 9255 9253 9259 9280 9322 9311 9269 9224 9211 9205 9197 9183 9163 9150 9158 9152 9147 9142 9136 9130 9124 9118 9127 9134 9140 9146 9139 9127 9127 9131 9130 9123 9131 9143 9138 9132 9123 9124 9112 9112 9128 9164 9140 9144 9138 9127 9127 9134 9130 9129 9134 9133 9137 9140 9139 9136 9132 9127 9128 9132 9143 9148 9141 9129 9114 9098 9083
9251 9253 9253 9251 9247 9249 9261 9281 9312 9300 9265 9234 9206 9182 9157 9152 9152 9163 9159 9154 9151 9148 9145 9141 9136 9129 9135 9144 9149 9163 9163 9152 9155 9157 9163 9151 9162 9167 9168 9163 9153 9142 9132 9129 9141 9166 9153 9139 9137 9134 9137 9138 9135 9146 9148 9141 9138 9134 9130 9127 9122 9120 9126 9136 9146 9138 9128 9116 9100 9086 9071
9252 9252 9251 9249 9238 9229 9258 9293 9295 9286 9258 9228 9200 9170 9144 9140 9142 9146 9156 9155 9155 9153 9151 9149 9146 9141 9135 9155 9163 9162 9186 9198 9189 9189 9195 9198 9196 9196 9186 9180 9168 9132 9140 9145 9149 9163 9144 9130 9129 9132 9145 9169 9162 9169 9164 9150 9140 9130 9125 9120 9112 9107 9119 9138 9135 9126 9116 9107 9093 9078 9066
9252 9252 9251 9249 9233 9225 9251 9270 9282 9268 9243 9223 9198 9167 9140 9133 9141 9158 9159 9159 9159 9159 9158 9159 9159 9158 9158 9176 9192 9192 9215 9226 9212 9207 9215 9230 9216 9209 9194 9176 9159 9143 9160 9170 9186 9176 9167 9138 9133 9129 9137 9152 9155 9160 9175 9191 9146 9133 9132 9121 9108 9100 9107 9112 9110 9112 9108 9100 9086 9075 9066
9247 9249 9248 9243 9237 9243 9265 9277 9268 9252 9244 9226 9202 9173 9142 9136 9148 9152 9162 9163 9164 9165 9165 9167 9170 9181 9197 9203 9220 9236 9227 9223 9220 9212 9216 9224 9215 9202 9196 9193 9197 9204 9190 9184 9179 9184 9180 9171 9150 9135 9136 9142 9143 9143 9168 9191 9148 9166 9159 9138 9119 9103 9103 9107 9110 9106 9101 9097 9092 9081 9072
9243 9245 9245 9240 9244 9263 9296 9308 9296 9282 9266 9245 9215 9191 9173 9167 9161 9161 9169 9169 9170 9171 9173 9175 9180 9193 9215 9218 9220 9228 9237 9232 9225 9220 9213 9215 9210 9197 9196 9214 9222 9220 9204 9192 9182 9183 9200 9185 9160 9141 9136 9142 9141 9140 9150 9167 9136 9162 9171 9171 9140 9113 9105 9108 9102 9099 9099 9099 9094 9091 9086
9239 9240 9242 9240 9259 9290 9321 9333 9331 9327 9307 9258 9223 9206 9206 9201 9178 9163 9177 9176 9177 9178 9179 9181 9184 9186 9191 9212 9221 9224 9233 9231 9223 9218 9219 9220 9214 9204 9203 9214 9215 9219 9214 9199 9183 9181 9182 9185 9162 9142 9138 9140 9141 9141 9141 9132 9127 9142 9156 9158 9136 9116 9099 9093 9091 9094 9101 9103 9104 9105 9103
9238 9234 9227 9242 9274 9318 9354 9350 9331 9307 9254 9224 9215 9208 9203 9193 9183 9175 9184 9183 9184 9185 9187 9188 9188 9188 9189 9196 9212 9218 9219 9224 9220 9216 9235 9234 9226 9216 9215 9227 9228 9223 9214 9205 9202 9206 9204 9193 9166 9148 9140 9141 9143 9156 9146 9141 9131 9141 9146 9124 9121 9110 9095 9090 9095 9106 9109 9112 9114 9117 9121
9232 9230 9232 9264 9319 9350 9386 9346 9299 9253 9215 9201 9203 9200 9191 9180 9180 9181 9186 9189 9192 9195 9196 9196 9197 9200 9199 9208 9228 9232 9229 9235 9230 9233 9249 9248 9243 9237 9237 9235 9223 9216 9210 9212 9215 9222 9213 9199 9174 9147 9142 9135 9132 9138 9164 9151 9137 9168 9159 9122 9113 9110 9108 9104 9106 9115 9116 9120 9124 9127 9134
9232 9231 9231 9280 9363 9349 9326 9307 9263 9209 9198 9205 9206 9198 9185 9169 9175 9179 9189 9193 9196 9200 9202 9203 9204 9205 9202 9205 9227 9243 9260 9269 9268 9273 9273 9265 9251 9250 9245 9232 9224 9221 9214 9218 9224 9226 9223 9223 9200 9174 9156 9135 9124 9119 9127 9123 9116 9135 9139 9115 9111 9111 9113 9115 9115 9115 9124 9131 9136 9137 9140
9234 9234 9231 9269 9322 9319 9298 9280 9247 9204 9215 9239 9217 9202 9188 9177 9176 9180 9185 9197 9202 9207 9210 9211 9211 9202 9198 9207 9209 9257 9285 9302 9341 9329 9354 9242 9211 9242 9289 9267 9255 9247 9237 9232 9232 9225 9228 9242 9212 9188 9163 9137 9119 9125 9116 9113 9114 9121 9112 9103 9111 9119 9126 9122 9125 9131 9137 9144 9147 9146 9144
9234 9233 9225 9258 9292 9302 9290 9281 9259 9241 9238 9234 9219 9204 9191 9184 9181 9185 9197 9204 9210 9213 9217 9221 9223 9221 9207 9205 9241 9307 9321 9290 9251 9212 9085 9094 9114 9153 9268 9319 9323 9268 9252 9250 9240 9226 9229 9232 9224 9199 9168 9141 9121 9119 9116 9115 9115 9114 9110 9110 9116 9126 9134 9134 9137 9144 9155 9163 9164 9158 9150
9227 9224 9209 9263 9308 9324 9315 9298 9278 9265 9251 9230 9218 9205 9193 9186 9184 9192 9201 9212 9216 9220 9224 9227 9233 9242 9228 9232 9278 9345 9335 9244 9148 9125 9106 9033 8974 8978 8995 9081 9162 9215 9262 9277 9250 9235 9235 9230 9200 9194 9181 9154 9121 9126 9127 9130 9125 9124 9120 9115 9119 9125 9128 9135 9154 9171 9187 9188 9181 9171 9159
9211 9208 9243 9284 9319 9358 9353 9317 9292 9271 9251 9234 9219 9209 9197 9179 9180 9202 9213 9221 9223 9228 9227 9229 9234 9245 9248 9300 9348 9220 9168 9143 9128 8958 8860 8772 8754 8766 8817 8878 8938 9098 9268 9294 9240 9211 9230 9215 9211 9196 9186 9172 9165 9156 9159 9149 9147 9133 9127 9118 9121 9126 9130 9138 9171 9214 9227 9212 9197 9183 9168
9228 9233 9266 9334 9347 9326 9324 9315 9297 9279 9259 9235 9221 9217 9216 9218 9229 9232 9235 9236 9237 9236 9237 9238 9235 9240 9267 9366 9386 9232 9077 8963 8839 8644 8516 8481 8531 8552 8530 8562 8730 8923 9101 9164 9183 9209 9222 9234 9199 9191 9189 9183 9174 9183 9190 9182 9164 9141 9106 9119 9126 9129 9131 9144 9179 9217 9233 9223 9207 9191 9174
9270 9270 9275 9315 9330 9317 9312 9307 9296 9283 9267 9237 9223 9226 9239 9262 9276 9262 9252 9247 9234 9231 9232 9234 9242 9252 9265 9361 9316 9145 8961 8772 8595 8466 8388 8390 8403 8420 8433 8485 8595 8744 8848 8958 9103 9189 9203 9217 9172 9176 9173 9170 9175 9183 9196 9189 9148 9152 9155 9136 9134 9136 9140 9149 9181 9212 9230 9224 9210 9194 9178
9295 9277 9281 9299 9314 9310 9312 9304 9294 9280 9263 9236 9223 9232 9250 9271 9281 9273 9259 9247 9240 9239 9234 9243 9256 9309 9338 9275 9153 9030 8832 8625 8463 8393 8348 8333 8337 8344 8364 8407 8505 8635 8755 8899 9072 9189 9185 9186 9180 9174 9169 9164 9175 9180 9189 9188 9168 9163 9159 9145 9142 9143 9152 9151 9167 9196 9225 9227 9216 9191 9175
9296 9268 9294 9319 9320 9323 9314 9304 9292 9276 9255 9232 9220 9234 9254 9273 9290 9277 9272 9260 9255 9252 9253 9256 9271 9384 9458 9213 9032 8863 8716 8550 8424 8374 8345 8329 8330 8316 8299 8341 8443 8572 8715 8881 9093 9250 9207 9201 9188 9186 9181 9180 9189 9190 9184 9207 9193 9169 9158 9153 9148 9150 9153 9157 9130 9172 9218 9213 9210 9199 9184
9309 9261 9295 9318 9329 9325 9322 9310 9292 9272 9258 9230 9213 9241 9259 9272 9280 9277 9271 9267 9255 9253 9257 9270 9291 9377 9240 9126 8970 8801 8653 8524 8425 8362 8384 8404 8403 8357 8300 8308 8405 8543 8708 8899 9142 9325 9225 9218 9211 9200 9196 9197 9200 9189 9194 9225 9212 9169 9150 9149 9148 9152 9171 8996 9082 9150 9186 9196 9191 9182 9168
9355 9292 9298 9323 9346 9350 9335 9315 9294 9270 9243 9239 9266 9266 9267 9269 9269 9270 9264 9264 9263 9257 9260 9275 9326 9364 9178 9110 8919 8752 8617 8515 8451 8437 8450 8510 8519 8443 8347 8280 8380 8539 8722 8914 9180 9405 9250 9222 9215 9209 9206 9207 9199 9185 9189 9216 9208 9171 9150 9147 9142 9144 9161 9129 9136 9163 9182 9185 9180 9174 9164
9366 9328 9303 9327 9353 9361 9342 9320 9297 9276 9253 9264 9296 9280 9269 9263 9257 9258 9259 9260 9265 9262 9262 9264 9281 9363 9180 9053 8861 8702 8593 8498 8453 8444 8478 8510 8504 8483 8396 8309 8377 8564 8772 8950 9177 9311 9254 9226 9214 9215 9209 9205 9201 9215 9189 9219 9199 9164 9145 9136 9140 9140 9157 9211 9204 9189 9188 9178 9167 9158 9147
9388 9347 9310 9328 9351 9353 9337 9319 9300 9286 9282 9284 9274 9270 9265 9258 9254 9254 9260 9264 9266 9265 9263 9255 9273 9351 9262 9058 8880 8730 8600 8497 8467 8469 8485 8501 8503 8464 8388 8335 8410 8615 8857 9088 9220 9249 9243 9228 9228 9221 9210 9197 9197 9208 9205 9208 9177 9153 9146 9144 9144 9151 9167 9230 9231 9197 9171 9154 9149 9141 9134
9402 9362 9324 9332 9341 9342 9331 9315 9297 9285 9280 9279 9264 9265 9265 9261 9256 9255 9265 9272 9272 9275 9274 9271 9278 9303 9234 9077 9031 8827 8627 8502 8481 8484 8490 8499 8496 8429 8383 8367 8453 8671 8943 9220 9302 9246 9246 9235 9226 9226 9213 9197 9194 9222 9213 9182 9163 9157 9153 9156 9144 9149 9185 9207 9206 9190 9165 9147 9140 9133 9126
9399 9386 9343 9333 9337 9329 9320 9309 9296 9282 9270 9262 9270 9271 9267 9267 9270 9279 9280 9285 9288 9286 9288 9294 9293 9265 9269 9177 9082 8875 8650 8506 8505 8504 8494 8475 8426 8407 8411 8406 8484 8724 9003 9247 9356 9328 9263 9242 9228 9237 9220 9199 9189 9230 9215 9177 9160 9163 9153 9144 9145 9164 9191 9195 9190 9180 9163 9146 9134 9127 9121
9370 9390 9385 9346 9313 9313 9308 9300 9290 9278 9264 9249 9262 9267 9269 9275 9281 9285 9296 9301 9303 9304 9302 9303 9307 9305 9323 9233 9058 8915 8712 8564 8555 8539 8518 8487 8456 8461 8446 8461 8523 8802 9070 9289 9451 9432 9277 9228 9234 9245 9232 9215 9206 9225 9211 9166 9155 9149 9148 9146 9153 9172 9192 9194 9189 9184 9165 9140 9129 9123 9114
9314 9345 9373 9366 9335 9313 9303 9294 9285 9275 9266 9258 9255 9255 9268 9284 9298 9304 9319 9321 9317 9317 9316 9308 9320 9318 9278 9273 9181 9057 8894 8744 8648 8603 8571 8533 8496 8493 8507 8610 8741 8954 9164 9366 9521 9394 9269 9217 9239 9253 9238 9230 9235 9219 9201 9189 9175 9155 9150 9149 9152 9149 9180 9205 9217 9205 9176 9143 9126 9115 9105
9308 9313 9349 9370 9326 9314 9302 9292 9284 9277 9273 9271 9258 9251 9271 9294 9319 9347 9345 9341 9331 9329 9330 9341 9347 9330 9288 9354 9380 9243 9061 8883 8756 8694 8662 8624 8565 8562 8636 8814 9008 9124 9236 9339 9323 9269 9235 9229 9237 9238 9232 9225 9216 9206 9195 9196 9164 9154 9153 9153 9152 9151 9185 9228 9262 9236 9194 9152 9128 9109 9097
9355 9317 9338 9368 9332 9317 9306 9298 9291 9283 9278 9274 9265 9262 9275 9299 9329 9357 9360 9347 9337 9337 9342 9351 9362 9347 9312 9329 9366 9395 9411 9131 8847 8828 8803 8781 8782 8862 8925 9040 9161 9255 9292 9291 9255 9224 9209 9222 9238 9228 9226 9222 9210 9202 9174 9177 9169 9158 9158 9158 9156 9162 9202 9247 9285 9254 9201 9165 9132 9104 9090
9404 9357 9359 9365 9333 9327 9315 9307 9300 9292 9282 9270 9260 9257 9272 9294 9322 9351 9351 9343 9339 9339 9346 9360 9389 9368 9319 9309 9351 9434 9484 9360 9147 9034 8971 8942 8982 9073 9141 9226 9365 9402 9332 9274 9220 9211 9221 9232 9242 9246 9234 9229 9229 9228 9183 9177 9177 9172 9169 9167 9168 9202 9223 9248 9268 9233 9177 9140 9099 9085 9088
9432 9420 9415 9392 9346 9335 9321 9315 9305 9296 9287 9274 9262 9260 9266 9283 9299 9312 9318 9325 9329 9333 9340 9355 9368 9368 9347 9333 9354 9394 9415 9450 9388 9222 9136 9092 9043 9101 9204 9293 9378 9379 9308 9251 9214 9209 9223 9238 9245 9231 9239 9237 9238 9236 9197 9184 9179 9186 9186 9189 9201 9232 9230 9227 9210 9181 9141 9058 9019 9079 9094
9466 9490 9458 9409 9368 9341 9326 9314 9304 9295 9290 9289 9286 9262 9260 9273 9282 9287 9294 9307 9316 9322 9325 9331 9341 9365 9381 9379 9366 9363 9367 9380 9361 9303 9261 9259 9385 9429 9333 9299 9275 9245 9254 9236 9216 9209 9215 9239 9247 9235 9246 9245 9238 9228 9190 9177 9186 9186 9197 9217 9256 9229 9229 9217 9192 9170 9153 9145 9165 9124 9116
