real_craters/C068-500m.grd
DSAA
107 107
-26.4775 26.4775
-26.4775 26.4775
8782.4149604726 10095.042855664
[rows 0 to 29 of 107, columns 0 to 66 of 107]
9549.73 9549.8 9549.26 9548.19 9548.39 9550.47 9553.88 9558.2 9565.13 9570.73 9577.55 9585.8 9597.05 9599.33 9608.04 9611.64 9622.12 9648.43 9668.54 9670.21 9658.47 9640.87 9624.01 9618.51 9614.39 9610.36 9605.66 9603.2 9605.28 9610.06 9613.33 9623.34 9633 9638.73 9643.91 9645.91 9650.07 9652.63 9646.51 9645.52 9662.33 9679.6 9692.8 9703.76 9713.5 9722.73 9732.53 9735.27 9733.33 9730.41 9726.83 9724.05 9721.14 9716.93 9711.08 9708.69 9707.18 9702.05 9694.87 9676.21 9656.79 9640.92 9625.88 9624.16 9622.56 9606.21 9594.98
9547.39 9545.67 9544.28 9543.58 9541.46 9541.31 9546.4 9551.49 9555.74 9559.48 9565.23 9572.7 9581.5 9583.46 9591.64 9601.42 9615.44 9642.68 9667.73 9675.53 9671.93 9651.63 9637.06 9626.05 9620.47 9616.28 9611.42 9605.99 9612.47 9621.6 9633.36 9640.76 9641.77 9642.84 9652.45 9656.64 9658.82 9656.01 9665.07 9679.59 9696.24 9707.31 9715.34 9722.58 9728.75 9734.64 9740.05 9742.87 9743.07 9738.33 9732.99 9728.96 9726.45 9723.67 9720.29 9716.84 9712.54 9704.19 9691.86 9673.91 9657.65 9638.63 9632.11 9634.68 9635.6 9623.31 9608.85
9546.7 9544.67 9543.47 9541.12 9538.93 9539.07 9541.66 9545.64 9549.51 9552.38 9555.26 9555.94 9553.1 9558.11 9567.94 9581.27 9602.51 9634.96 9668.04 9680.29 9680.68 9657.49 9640.08 9631.54 9627.21 9625 9623.79 9620.66 9623.06 9632.04 9642.79 9649.91 9652.89 9656.58 9661.8 9667.94 9669.95 9668.91 9706.3 9743.69 9739.02 9736.11 9736.84 9739 9741.64 9743.22 9741.79 9744.03 9740.91 9738.18 9737.07 9733.6 9731.6 9729.85 9726.63 9722.96 9715.8 9707.75 9695.44 9669.39 9638.03 9620.32 9628.68 9636.6 9637.8 9637.33 9631.83
9546.88 9544.48 9542.74 9540.09 9537.96 9537.4 9538.99 9541.5 9544.14 9545.97 9545.84 9545.03 9546.42 9548.56 9553.07 9563.87 9584.66 9623.11 9660.96 9679 9675.45 9655.92 9640.37 9635.08 9633.52 9633.98 9634.31 9630.47 9637.08 9641.53 9644.33 9647.77 9656.8 9666.71 9666.78 9691.61 9723.04 9745.8 9772.54 9780.33 9769.25 9759.94 9755.08 9753.32 9753.43 9753.62 9753.25 9751.21 9748.35 9746.49 9742.73 9739.14 9736.75 9735.01 9732.74 9728.32 9720.87 9710.64 9695.8 9670.5 9642.81 9629.93 9631.62 9641.31 9650.9 9653.92 9656.91
9547.35 9544.22 9542.26 9539.88 9537.76 9536.87 9537.63 9538.54 9539.07 9539.7 9539.51 9538.78 9538.3 9539.85 9540.86 9540.39 9562.41 9608.35 9656.13 9678.75 9668.81 9645.96 9639.28 9637.3 9638.09 9641.96 9649.02 9657.92 9657.39 9651.68 9648.17 9650.39 9661.39 9674.68 9701.73 9740.2 9774.69 9785.73 9785.06 9787.9 9781.34 9774.36 9769.85 9766.27 9764.3 9763.5 9765.07 9758.47 9755.44 9752.61 9747.89 9743.8 9740.68 9738.6 9736.02 9730.55 9723.46 9714.57 9699.85 9675.52 9649.12 9643.91 9635.73 9648.81 9662.05 9668.89 9675.96
9547.01 9544.04 9542.16 9540.08 9538.74 9537.27 9536.63 9536.37 9536.12 9535.81 9535.47 9535.29 9536.84 9535.4 9532.38 9536.4 9549.76 9592.7 9640.82 9674.85 9670.15 9645.03 9640.66 9638.51 9639.77 9645.9 9656.39 9666.85 9667.98 9660.93 9655.17 9655.76 9678.68 9702.07 9745.09 9772.65 9777.6 9783.17 9781.51 9783.77 9783.96 9781.17 9777.28 9774.64 9772.18 9768.62 9764.88 9762.81 9759.2 9754.67 9752.01 9748.21 9744.83 9741.37 9736.53 9731.52 9724.72 9716.69 9705.27 9683.13 9658.58 9610.46 9643.73 9657.66 9671.78 9678.56 9685.41
9547.15 9544.04 9541.68 9539.69 9539.02 9537.02 9536.17 9535.9 9535.7 9535.48 9535.77 9536.47 9539.31 9538.21 9534.59 9533.55 9543.99 9576.9 9613.58 9641.76 9656.71 9646.05 9639.21 9635.44 9637.45 9644 9655.12 9664.89 9670.42 9669.33 9669.29 9672.74 9710.27 9758.11 9772.84 9774.36 9776.32 9771.46 9774.05 9778.67 9781.92 9781.49 9780.84 9779.19 9778.05 9774.94 9770.53 9767.81 9763.81 9759.93 9756.84 9755.4 9752.57 9744.33 9735.37 9726.14 9725.28 9722.13 9711.76 9697.99 9676.22 9669.17 9660.54 9672.22 9677.22 9681.83 9686.42
9546.07 9543.3 9540.94 9538.4 9536.57 9536.35 9536.16 9536.1 9535.77 9535.68 9535.97 9537.85 9541.73 9542.13 9534.65 9535.7 9543.76 9565.62 9593.45 9625.63 9637.77 9628.93 9626.84 9628.42 9632.31 9638.08 9646.65 9655.51 9665.48 9678.65 9692.76 9706.29 9744.43 9778.81 9788.54 9795.14 9776.91 9771.48 9773.5 9778.15 9783.2 9785.87 9786.44 9786.33 9785.7 9785.38 9781.39 9774.47 9768.01 9762.48 9759.64 9758.78 9755.64 9746.97 9736.46 9726.34 9729.27 9734.94 9727.65 9710.82 9695.18 9683.99 9680.13 9682.31 9682.53 9682.96 9684.31
9543.83 9542.49 9540.72 9538.33 9535.76 9536.54 9536.61 9536.4 9536.16 9536.19 9536.19 9536.97 9541.49 9542.64 9539.7 9540.87 9544.4 9558.04 9580.26 9621.46 9635.11 9622.59 9618.48 9623.38 9627.82 9631.68 9637.56 9649.9 9665.22 9689.67 9719.99 9759.99 9784.14 9795.75 9797.56 9783.24 9776.41 9769.95 9770.01 9781.54 9786.3 9789.16 9790.17 9790.14 9790.48 9790.68 9786.62 9778.89 9770.9 9762.68 9760.71 9760.32 9757.35 9750.6 9742.17 9733.45 9735.67 9739.23 9731.77 9719.1 9706.08 9703.61 9696.25 9690.36 9686.12 9684.37 9682.96
9543.56 9542.03 9541.33 9541.04 9539.97 9538.58 9537.74 9537.33 9537.32 9537.2 9537.28 9538.03 9541.55 9543.12 9545.87 9546.65 9547.01 9552.23 9565.52 9619.34 9637.6 9642.03 9620.74 9623.34 9628.65 9633.61 9638.39 9651.92 9668.45 9698.9 9736.93 9776.82 9794.89 9792.67 9783.81 9780.51 9775.55 9770.28 9773.03 9787.39 9790.66 9791.77 9792.07 9792.35 9792.3 9791.66 9787.33 9780.67 9773.63 9767.8 9764.83 9762.96 9760.63 9754.86 9749.89 9747.8 9743 9736.75 9728.12 9718.19 9706.33 9696.82 9689.21 9689 9686.46 9683.33 9682.42
9542.45 9541.83 9541.48 9542.26 9542.13 9540.04 9539.18 9538.8 9538.51 9538.82 9539.24 9541.05 9543.93 9544.56 9547.11 9549.48 9549.36 9549.26 9551.3 9560.52 9615.97 9649.03 9629.75 9627.76 9632.7 9643.11 9653.49 9660.85 9672.04 9707.63 9744.19 9773.44 9787.71 9785.51 9777.44 9777.2 9775.5 9772.13 9777.25 9792.17 9794.16 9794.21 9793.98 9793.13 9791.79 9790.42 9785.73 9780.48 9775.29 9771.34 9768.57 9765.16 9760.6 9757.54 9753.73 9749.78 9739.68 9724.59 9718.66 9711.22 9699.31 9684.77 9675.03 9684.38 9686.39 9685.55 9683.77
9543.81 9541.71 9540.62 9540.34 9540.44 9540.17 9539.78 9539.51 9539.59 9540 9541.08 9543.48 9545.27 9546.1 9547.93 9549.92 9551.21 9550.89 9551.63 9563.52 9608.41 9632.31 9631.21 9632.55 9636.84 9643.71 9656.56 9673.83 9700.21 9725.7 9750.99 9775.76 9789.09 9782.96 9776.45 9778.86 9778.84 9777.67 9782.83 9794.27 9795.68 9795.01 9794.05 9792.99 9790.25 9784.76 9782.72 9778.38 9774.04 9771.78 9769.72 9765.85 9765.22 9760.37 9753.56 9745.33 9734.1 9721.37 9714.93 9708.85 9698.08 9690.78 9684.72 9688.12 9689.01 9691.21 9685.16
9543.38 9540.56 9539.84 9538.82 9539.77 9540.62 9540.62 9540.44 9540.55 9540.79 9541.74 9543.13 9545.57 9547.19 9548.52 9550.37 9553.03 9554.04 9554.17 9561.16 9601.82 9629.54 9632.2 9636.44 9639.66 9645.98 9659.35 9680.77 9707.85 9730.68 9753.08 9773.13 9784.22 9780.95 9773.14 9774.48 9780.23 9779.23 9783.89 9792.72 9794.99 9794.84 9793.59 9792.18 9790.59 9786.85 9780.95 9774.72 9769.16 9764.75 9762.11 9761.55 9761.93 9758.85 9751.47 9742.71 9733.45 9723.58 9713.51 9705.32 9697.08 9692.31 9695.83 9687.03 9686.16 9685.26 9681.44
9537.91 9539.24 9541.02 9541.91 9541.94 9542.1 9542.01 9541.75 9541.63 9541.38 9542.11 9543.93 9546.07 9547.82 9548.55 9551.95 9555.28 9556.35 9553.74 9554.97 9577.26 9615.6 9634.66 9642.11 9640.36 9643.11 9658.53 9680.95 9702.4 9727.07 9751.87 9771.47 9783.33 9780.35 9774.45 9778.26 9784.93 9781.44 9784.17 9790.97 9793.59 9792.92 9791.17 9789.61 9789.17 9787.82 9777.86 9769.41 9761.98 9755.56 9751.41 9752.83 9757.32 9756.34 9747.25 9738.92 9730.92 9721.61 9711.39 9702.14 9694.16 9686.72 9680.14 9680.18 9680.42 9679.26 9676.99
9544.52 9543.16 9543.34 9545.37 9544.69 9544.03 9543.59 9543.1 9542.43 9542.18 9542.69 9544.47 9547.02 9548.97 9551.87 9553.54 9555.94 9557.78 9553.06 9551.05 9556.48 9589.41 9633.16 9646.2 9638.58 9634.08 9656.26 9682.61 9707.64 9731.34 9751.88 9767.89 9778.85 9776.04 9772.43 9777.05 9784.4 9777.98 9784.66 9791.99 9791.57 9789.77 9787.31 9784.16 9781.27 9777.05 9770.31 9762.29 9754.12 9745.97 9738.92 9741.62 9745.33 9745.02 9739.83 9733.4 9726.48 9719.35 9709.15 9699.69 9690.26 9679.52 9669.57 9670.42 9674.27 9678.56 9677.56
9543.27 9542.28 9545.53 9548.77 9546.7 9545.93 9545.26 9544.43 9543.75 9543.03 9542.91 9546.45 9548.54 9550.19 9552.87 9554.19 9555.26 9555.73 9552.99 9551.72 9551.13 9576.39 9617.36 9635.27 9635.35 9640.29 9661.13 9685.42 9712.61 9737.29 9751.02 9761.41 9767.03 9767.59 9763.66 9767.31 9777.94 9771.16 9776.51 9784.28 9786.95 9785.29 9782.11 9777.07 9771.65 9767.6 9762.12 9755.44 9747.77 9739.79 9733.66 9732.99 9733.33 9731.88 9734.29 9730.98 9721.35 9714.42 9708.02 9698.54 9688.11 9676.45 9664.59 9664.34 9667.16 9670.22 9668.46
9545.84 9547.24 9548.6 9548.4 9548.52 9547.9 9547.09 9546.43 9545.45 9544.75 9544.24 9548.91 9550.36 9551.95 9553.36 9554.1 9555.73 9554.92 9553.03 9554.03 9554.42 9560.58 9573.39 9588.63 9623.85 9654.71 9662.78 9683.03 9709.81 9735.29 9745.1 9753.3 9759.49 9759.33 9754.42 9752.6 9759.05 9756.13 9762.56 9775.18 9780.76 9780.18 9777.2 9771.08 9761.29 9757.83 9756.46 9751.3 9744.17 9736.34 9729.1 9729.41 9732.31 9732.18 9738.13 9736.39 9728.22 9716.51 9708.96 9698.82 9687.5 9675.84 9664.45 9659.52 9659.62 9657.09 9654.15
9552.09 9556.47 9552.84 9551.02 9550.05 9549.27 9548.59 9547.8 9547.51 9547.63 9548.84 9550.39 9551.39 9553.55 9555.96 9555.76 9554.04 9554.93 9554.15 9556.98 9557.5 9551.4 9550.03 9558.22 9587.76 9621.79 9645.63 9671.98 9697.75 9720.41 9733.54 9743.14 9746.81 9746.93 9745.36 9739.42 9744.38 9747.26 9754.23 9764.03 9772.79 9775.29 9774.16 9770.26 9762.39 9758.67 9756.13 9750.88 9743.87 9736.22 9729.64 9730.59 9740.22 9754.15 9749.49 9744.89 9744.09 9722.44 9711.73 9700.82 9688.97 9677.14 9665.08 9656.7 9655.9 9652.21 9650.17
9553.88 9558.92 9555.49 9552.89 9551.74 9550.96 9550.3 9549.61 9549.62 9550.04 9551.38 9548.19 9551.6 9554.75 9560.31 9562.91 9557.93 9553.92 9552.51 9556.88 9557.99 9551.06 9547.66 9549.9 9553.03 9578.31 9623 9659.9 9689.2 9708.56 9728.07 9736.79 9735.98 9735.26 9737.66 9727.83 9733.27 9746.02 9750.44 9758.54 9769.04 9771.84 9772.62 9773.31 9774.7 9766.77 9759.82 9753.81 9747.49 9740 9731.38 9731.86 9744.38 9755.98 9749.61 9742.14 9736.16 9729.58 9715.57 9702.61 9689.96 9679.04 9668.87 9660.59 9654.79 9650.2 9647.71
9556.49 9560 9556.64 9554.31 9553.2 9552.35 9551.68 9551.4 9551.02 9551.43 9551 9551.6 9552.69 9555.92 9561.81 9566.13 9564.66 9558.37 9551.64 9554.78 9555.55 9551.92 9549.4 9551.48 9550.11 9573.26 9614.69 9655.78 9691.93 9720.5 9736.02 9738.4 9733.26 9728.85 9729 9717.58 9726.64 9744.95 9748.69 9754.9 9765.18 9768.09 9769.46 9771.4 9773.58 9767.93 9761.45 9757.02 9752.75 9748.58 9744.64 9744.39 9746.16 9741.07 9736.83 9732.83 9732.68 9729.3 9715.37 9701.93 9690.84 9680.92 9672.16 9656.65 9655.32 9648.18 9642.64
9558.34 9556.32 9557.37 9555.72 9553.96 9552.93 9552.17 9552.12 9552.37 9553.57 9555.75 9554.59 9553.77 9554.27 9560.99 9566.47 9566.27 9563.8 9558.8 9555.75 9553.73 9551.95 9550.22 9549.85 9554.86 9578.9 9617.1 9658.83 9699.29 9734.91 9749.44 9744.55 9734.22 9724.89 9722.85 9720.57 9720.53 9735.87 9748.14 9757.37 9762.5 9764.88 9765.22 9764.89 9764.05 9763.1 9760.77 9758.95 9757.42 9758.08 9761.45 9763.52 9751.04 9737.89 9727.94 9720.81 9716.53 9721.82 9709.76 9697.27 9687.26 9679.69 9673.4 9667.12 9656.43 9645.39 9634.44
9557.18 9560.07 9558.03 9556.06 9554.73 9553.97 9553.66 9553.31 9553.29 9553.67 9556.16 9556.15 9555.25 9555.81 9560.01 9563.31 9562.55 9566.25 9565.63 9561.93 9556.9 9553.63 9554.04 9555.3 9562.01 9586.17 9621.51 9662.32 9703.72 9741.82 9758.13 9748.63 9735.78 9726.28 9720.13 9717.91 9713.82 9731.79 9750.77 9764.32 9764.09 9764.27 9763.09 9759.62 9757.35 9759.19 9759.79 9759.75 9760.37 9762.26 9766.53 9767.24 9752.28 9734.35 9721.78 9716.24 9711.55 9707.5 9696.25 9686.28 9678.75 9676.1 9671.21 9665.38 9654.16 9638.91 9626.87
9559.37 9557.73 9557.07 9556.08 9555.57 9554.9 9554.26 9553.97 9553.76 9553.63 9556.8 9557.2 9556.48 9556.74 9558.52 9560 9563.7 9564.82 9570.31 9567.02 9562.12 9559.54 9560.08 9564.95 9571.02 9593.1 9626.06 9663.74 9702.21 9737.97 9755.17 9745.1 9733.23 9722.51 9718.09 9714.27 9718.2 9738.29 9758.92 9770.66 9768.8 9768.9 9765.65 9758.6 9754.9 9757.96 9759.9 9761.25 9761.61 9761.82 9762.48 9762.26 9747.88 9734.1 9722.47 9714.04 9702.12 9693.46 9678.76 9674.57 9669.92 9667.11 9663.07 9655.05 9645.15 9629.13 9612.4
9553.11 9555.94 9554.53 9555.56 9556.02 9555.61 9554.75 9554.31 9554.41 9555.22 9557.73 9558.56 9557.81 9557.63 9559.33 9560.41 9560.79 9563.51 9566.32 9565.82 9563.14 9562.42 9563.44 9567.54 9574.19 9598.7 9629.98 9663.87 9695.99 9721.33 9734.25 9734.09 9727.99 9720.13 9721.64 9725.58 9740.58 9757.46 9771.96 9788.36 9787.64 9782.48 9775.12 9763.96 9758.34 9760.19 9761.05 9761.19 9760.61 9758.89 9754.82 9748.83 9740.27 9733.49 9727.78 9714.77 9694.46 9665.92 9662.75 9661.6 9658.31 9653.77 9651.79 9643.7 9630.53 9616.08 9602.11
9552.78 9552.93 9555.11 9556.41 9556.17 9555.74 9555.07 9554.53 9554.65 9555.62 9558.82 9561.22 9562.14 9562.36 9563.06 9562.98 9564.29 9563.61 9561.89 9560.75 9561.62 9561.06 9565.4 9570.92 9581.32 9605.7 9634.27 9663.47 9689.81 9709.15 9719.53 9725.15 9723.75 9721.44 9726.63 9733.89 9746.46 9762.45 9778.3 9794.52 9803.71 9799.38 9788.85 9778.39 9769.9 9765.76 9763.8 9761.63 9759.39 9755.48 9749.66 9739.41 9733.81 9727.24 9717.1 9708.25 9691.02 9672.59 9660.74 9655.72 9651.16 9645.49 9639.26 9629.37 9615.32 9606.67 9596.81
9551.08 9550.71 9557.04 9557.71 9556.94 9556.11 9555.18 9554.33 9554.63 9556.51 9560.69 9564.71 9568.78 9569.78 9568.88 9567.72 9566.97 9567.14 9564.3 9561.47 9565.9 9568.15 9573.09 9576.65 9589.84 9613.55 9637.7 9662.49 9685.25 9704.16 9719.33 9721.65 9721.85 9722.46 9731.39 9745.62 9757.71 9764.19 9778.78 9795.42 9810.2 9811.24 9799.41 9789.46 9779 9770.74 9765.1 9760.98 9757.46 9752.87 9748.41 9744.67 9735.4 9720.81 9708.96 9695.54 9684.6 9669.29 9657.97 9651.33 9644.35 9636.71 9628.4 9617.65 9601.5 9598.55 9594.06
9552.03 9548.61 9555.04 9557.3 9556.95 9556.03 9555.2 9554.05 9554.9 9558.14 9562.49 9566.08 9571.46 9574.07 9575.22 9576.64 9579.83 9580.17 9578.99 9576.4 9574.61 9581.29 9583.61 9588.72 9606.18 9623.71 9642.24 9662.34 9683.14 9699.89 9711.09 9720.73 9724.7 9724.98 9736.5 9752.54 9768.06 9771.99 9782.29 9796.65 9810.24 9813.92 9801.3 9788.82 9781.06 9773.61 9766.72 9760.78 9755.53 9750.11 9745.31 9741.03 9729.75 9713.18 9697.62 9690.58 9681.43 9670.46 9659.31 9649.54 9640.12 9631.08 9622.6 9612.83 9600.39 9594.65 9591.13
9548.85 9549.82 9553.57 9557.09 9557.24 9556.23 9555.12 9554.25 9554.43 9558.72 9562.81 9564.97 9567.25 9573.87 9580.8 9588 9597.53 9593.75 9590.8 9582.89 9574.39 9572.73 9577.23 9591.52 9615.03 9630.24 9645.39 9663.66 9683.18 9701.52 9715.72 9730.95 9740 9739.97 9748.23 9760 9778.35 9780.94 9789.33 9801.87 9807.74 9799.94 9798.52 9795.71 9782.32 9774.28 9767.4 9760.59 9754.41 9747.89 9740.55 9731.46 9718.19 9706.35 9695.62 9690.65 9680.87 9670.81 9660.98 9647.06 9636.51 9627.51 9618.92 9609.86 9601.61 9592.72 9589.82
9553.29 9555.24 9556.84 9557.54 9557.13 9555.95 9554.87 9553.6 9552.98 9557.49 9561.92 9563.69 9566.46 9574.99 9584.97 9595.13 9597.22 9585.6 9577.26 9569.66 9566.13 9563.16 9568.94 9588.15 9611.66 9628.17 9645.76 9665.08 9685.14 9705.9 9729.9 9749.45 9764.08 9773.68 9767.57 9774.58 9795.38 9795.86 9803.1 9810.91 9813.51 9804.92 9798.32 9788.95 9781.94 9775.07 9767.94 9761.71 9754.11 9746.86 9737.87 9726.5 9713.51 9702.27 9691.22 9687.79 9677.37 9664.41 9651.38 9640.93 9631.46 9625.37 9617.76 9609.61 9580.06 9593.69 9588.44
9551.11 9555.05 9556.82 9556.86 9556.09 9555.27 9554.57 9553.74 9553.57 9557.67 9561.98 9563.95 9566.82 9576.8 9586.93 9593.96 9590.45 9578.43 9569.08 9561.14 9560.19 9560.89 9569.4 9587.03 9601.78 9621.96 9643.55 9664.93 9686.46 9708.03 9729.34 9754.92 9784.78 9794.96 9780.43 9785.71 9807.98 9809.12 9816.3 9820.62 9820.27 9818.15 9801.87 9789.27 9782.29 9776.11 9769.63 9762.9 9755.53 9747.31 9738.16 9727.91 9718.44 9703.41 9691.96 9684.67 9673.31 9658.7 9644.13 9634.18 9626.86 9621.07 9615.48 9611.28 9618.7 9598.01 9587.26
