real_craters/C068-1000m.grd
DSAA
31 31
-15.13 15.13
-15.13 15.13
8295.6994134358 9497.4835073605
9154.56 9153.95 9159.81 9154.06 9150.02 9145.13 9141.44 9133.65 9130.39 9142.39 9149.83 9166.98 9148.17 9152.33 9161.57 9146.01 9163.92 9166.62 9160.04 9145.89 9134.78 9127.49 9149 9158.64 9140.89 9135.63 9139.55 9137.33 9133.62 9147.15 9139.34 
9137.43 9143.03 9156.95 9156.09 9154.75 9153.86 9150.26 9147.21 9140.18 9156.63 9161.99 9180.88 9209.18 9194.59 9196.47 9205.78 9201.67 9193.45 9179.05 9151.79 9139.09 9151.45 9165.49 9154.77 9129.17 9128.94 9135.41 9163.45 9166.68 9167.07 9152.83 
9130.84 9145.93 9159.39 9161.8 9163.25 9162.99 9163.57 9165.11 9172.6 9190.53 9220.62 9226.58 9222.88 9215.29 9212.13 9227.15 9213.66 9198.72 9185.54 9178.63 9180.46 9179.71 9180.57 9175.89 9159.45 9138.31 9132.98 9144.42 9145.64 9164.35 9195.89 
9163.71 9158.75 9169.51 9168.62 9168.61 9171.41 9174.12 9180.79 9208.23 9216.46 9222.3 9233.25 9231 9223.61 9212.14 9215 9206.36 9193 9214.16 9227.18 9207.42 9191.14 9179.68 9198.65 9184.03 9151.37 9135.18 9142.22 9140.86 9144.58 9168.67 
9206.51 9178.73 9179.74 9177.11 9177.72 9179.37 9181.67 9184.45 9186.42 9205.7 9221.15 9226.67 9228.97 9219.56 9216.89 9222.83 9212.86 9202.23 9214.79 9217.97 9220.82 9200.13 9181.25 9187.34 9186.58 9152.61 9137.69 9141.65 9141.67 9143.94 9131.27 
9184.52 9181.88 9180.82 9187.22 9189.73 9192.89 9192.95 9193.54 9188.5 9205.42 9223.15 9224.49 9227.34 9223.22 9237.89 9241.9 9232.41 9229.86 9236.16 9222.65 9210.87 9209.38 9211.46 9214.21 9194.06 9157.01 9138.33 9137.42 9141.95 9156.22 9150.2 
9169.6 9176.08 9185.04 9191.96 9196.56 9201.37 9202.74 9203.17 9205.25 9203.28 9234.69 9253.69 9266.23 9257.04 9280.8 9264.15 9249.27 9248.15 9231.56 9222.98 9214.88 9217.27 9225.31 9223.35 9220.28 9192.18 9158.56 9133.55 9122.22 9126.56 9123.29 
9176.5 9178.63 9183.39 9198.69 9205.7 9210.39 9213.93 9213.38 9202.93 9199.84 9225.72 9296.86 9304.71 9367.03 9291.34 9205.05 9199.35 9275.82 9292.25 9266.13 9243.83 9236.33 9231.52 9228.14 9240.11 9207.64 9172.06 9134.96 9119.17 9118.64 9112.72 
9185.98 9184.43 9192.76 9207.35 9215.04 9219.85 9224.08 9230.77 9224.08 9216.54 9280.38 9390.71 9267.22 9117.94 9115.93 9045.05 9037.51 9062.05 9180.32 9266.05 9251.12 9264.55 9236.93 9227.24 9223.3 9206.27 9182.37 9146.36 9119.77 9121.58 9119.09 
9181.85 9185.97 9207.88 9219.89 9224.83 9225.95 9229.03 9235.91 9244.55 9289.45 9320.29 9167.16 9150.88 9097.67 8907.78 8791.82 8766.49 8803.66 8889.86 8991.83 9218.52 9293.95 9228.96 9223.03 9214.35 9204.85 9188.8 9170.57 9159.33 9155.49 9147.8 
9233.65 9248.21 9241.17 9240.52 9239.86 9239.72 9239.43 9239.04 9255.92 9368.75 9337.9 9115.28 8912 8715.71 8480.41 8438.23 8493.87 8506.03 8526.91 8741.83 8969.68 9093.06 9174.76 9221.13 9231.92 9188.29 9184.28 9177.61 9183.15 9193.5 9181.56 
9266.61 9281.39 9260.58 9245.49 9233.98 9232.46 9236.36 9267.47 9289.66 9304.23 9182.11 8960.84 8679.7 8470.58 8371.47 8344.55 8357.8 8383.18 8425.45 8579.05 8745.75 8913.64 9124.07 9190.81 9186.13 9173.28 9170.55 9163.29 9172.95 9188.92 9190.85 
9270.6 9287.16 9276.43 9260.76 9253.72 9252.92 9255.79 9282.58 9468.82 9231.88 8988.25 8778.98 8558.85 8403.47 8352.59 8329.02 8328.44 8298.11 8341.66 8485.5 8668.95 8884.89 9159.59 9227.67 9200.97 9187.72 9182.23 9179.75 9193.27 9184.59 9208.13 
9270.39 9284.99 9270.3 9266.86 9252.35 9258.09 9271.35 9323.71 9331.57 9125.24 8912.5 8694.96 8526.64 8414.03 8393.81 8440.8 8426.36 8327.46 8295.7 8436.97 8652.37 8902.89 9247.55 9282.69 9223.31 9208.14 9201.21 9204.51 9198.09 9187.97 9224 
9265.05 9260.41 9262.14 9259.42 9264.1 9261.4 9268.37 9315.66 9274.25 9075 8816.6 8640.42 8507.34 8449 8461.21 8520.69 8509.81 8426.25 8300.89 8429.87 8688.68 8933.32 9261.99 9299.06 9221.68 9214.39 9209.78 9204.41 9197.04 9192.87 9218.16 
9259.32 9253.83 9257.11 9263.1 9266.44 9264.27 9256.23 9293.4 9347.9 9068.93 8826.78 8648.47 8499.87 8466.83 8477.79 8501.07 8494.33 8416.9 8335.01 8471.25 8777.18 9091.59 9236.36 9247.42 9227.99 9227.21 9213.65 9196.42 9203.72 9206.06 9206.7 
9263.29 9258.27 9266.4 9274.22 9276.52 9277.56 9280.2 9285.74 9288.69 9105.64 9028.94 8713.21 8504.69 8491.2 8489.03 8489.68 8455.37 8394.93 8381.59 8532.4 8876.57 9242.33 9290.23 9257.77 9246.64 9224.23 9218.73 9196.55 9196.95 9222.35 9182.41 
9271.58 9279.28 9287.88 9295.81 9297.18 9298.88 9300.07 9300.72 9303.73 9243.31 9013.98 8767.66 8536.25 8530.16 8515.14 8480.52 8438.87 8432.95 8435.9 8580.04 8960.63 9269.01 9465.27 9311.48 9230.86 9235.78 9233.86 9206.84 9206.51 9223.39 9170.08 
9281.78 9300.45 9315.46 9321.69 9318.1 9317.03 9309.93 9322.97 9295.82 9276.51 9161.39 8958.97 8754.66 8635.62 8582.38 8535.39 8492.05 8497.91 8613.8 8816.82 9100.26 9370.01 9493.82 9301.61 9217.35 9249.66 9242.47 9229.96 9228.56 9203.46 9190.53 
9293.22 9329.76 9350.63 9344.31 9333.84 9333.67 9332.91 9354.99 9314.41 9349.23 9366.27 9235.64 8967.5 8748.48 8718.91 8671.19 8618.94 8670.33 8890.96 9090.56 9231.78 9316.6 9249.05 9227.15 9229.62 9234.72 9228.48 9222.11 9208.12 9185.41 9182.05 
9293.23 9333.53 9370.36 9347.38 9340.28 9342.33 9351.78 9384.5 9327.79 9308.4 9374.93 9497.48 9321.48 9019.54 8936.33 8904.02 9015.05 9136.25 9181.92 9334.36 9339.5 9276.79 9226.06 9216.45 9225.06 9240.83 9232.3 9226.79 9225.31 9188.9 9177.22 
9280.03 9301.72 9315.13 9323.79 9329.22 9335.81 9352.52 9364.71 9354 9335.61 9366.18 9404.79 9445.42 9332.43 9168.08 9101.65 9044.98 9169.58 9293.92 9395.5 9324.39 9248.58 9211.41 9215.58 9238.66 9239 9238.04 9237.37 9242.59 9206.31 9183.41 
9268.16 9277.57 9285.48 9300.97 9315.83 9322.67 9325.59 9345.04 9375.13 9389.14 9362.8 9349.71 9365.65 9349.25 9299.87 9285.21 9367.89 9322.1 9287.03 9238.42 9237.46 9232.26 9214.58 9209.97 9234.81 9240.71 9251.22 9247.98 9232.01 9202.2 9176.72 
9265.25 9266.7 9272.48 9284.75 9302.08 9323.11 9336.35 9331.51 9357.91 9345.34 9341.15 9338.27 9366.39 9356.84 9329.54 9299.79 9258.44 9256.57 9250.81 9228.82 9225.56 9237.86 9225.68 9212.69 9221.9 9243.95 9263.34 9221.72 9204.02 9200.89 9197.64 
9270.6 9259.64 9260.86 9265.6 9282.68 9303.05 9306.77 9313.07 9366.12 9353.17 9327.5 9306.35 9333.46 9341.33 9328.53 9308.1 9291.85 9263.56 9243.83 9220.65 9208.55 9248.05 9233.25 9224.08 9245.48 9280.33 9282.5 9216.02 9215.22 9209.85 9221.21 
9260.6 9247.45 9230.3 9235.31 9258.2 9282.6 9279.76 9288.99 9330.85 9355.76 9331.99 9313.8 9314.26 9324.44 9317.13 9304.05 9287.13 9273.09 9268.44 9267.35 9274.76 9229.36 9222.56 9237.79 9265.94 9285.97 9236.57 9231.34 9233.06 9230.4 9243.89 
9254.98 9238.61 9221.28 9220.03 9235.36 9240.09 9240.17 9248.93 9287.49 9328.93 9343.11 9340.74 9333.91 9325.91 9315.29 9304.22 9314.44 9308.13 9292.37 9284.22 9287.84 9252.71 9249.87 9265.93 9255.1 9245.46 9219.49 9205.55 9206.62 9218.36 9276.06 
9250.2 9228.87 9216.76 9211.89 9217.06 9230.66 9209.89 9228.64 9279.83 9320 9342.42 9355.8 9345.96 9329.58 9317.03 9308.95 9309.34 9313.15 9298.6 9274.3 9243.13 9255.49 9269.98 9246.38 9235.68 9232.83 9218.87 9196.27 9198.56 9215.73 9288.7 
9223.93 9221.37 9212.24 9205.63 9196.23 9187.96 9201.99 9223.93 9242.09 9273.01 9305.71 9326.62 9330.33 9321.31 9313.93 9307.54 9301.18 9300.54 9293.5 9284.62 9277.77 9273.5 9248.95 9213.18 9219.09 9224.2 9214.28 9198.35 9211.08 9230.87 9295.77 
9232.05 9225.49 9209.19 9196.18 9189.37 9191.5 9211.89 9221.48 9234.38 9253.43 9262.59 9275.9 9293.87 9307.03 9312.25 9311.33 9308.07 9295.58 9294.43 9302.23 9308.81 9276.44 9221.56 9204.47 9225.08 9227.19 9211.67 9216.66 9236.97 9287.35 9267.54 
9261.62 9227.28 9208.81 9196.25 9195.68 9202.14 9216.25 9218.72 9229.3 9251.89 9294.74 9272.78 9279.95 9297.44 9315.76 9328.61 9319.01 9311.01 9308.34 9309.23 9305.78 9258.24 9228.53 9248.71 9250.49 9256.28 9237.94 9226.06 9228.81 9232.99 9226.86 
