real_craters/C068-300m.grd
DSAA
178 178
-26.4775 26.4775
-26.4775 26.4775
8781.0646949429 10103.177393404
[rows 120 to 149 of 178, columns 0 to 66 of 178]
9613.66 9613.68 9610.72 9607.7 9605.78 9605.62 9605.54 9611.26 9615.82 9618.47 9620.31 9622.23 9626.19 9632.79 9641.73 9652.41 9663.54 9673.17 9678.22 9684.95 9691.55 9696.88 9700.18 9702.35 9703.95 9705.43 9706.82 9708 9709.34 9710.71 9707.6 9704.83 9702.79 9701.17 9700.62 9700.97 9703.98 9708.13 9706.36 9705.89 9708.68 9708.29 9705.67 9700.94 9694.54 9688.26 9691.77 9701.98 9713.22 9723.78 9741.01 9763.55 9780.17 9794.08 9807.01 9818.01 9827.18 9836.86 9844.64 9850.23 9854.22 9857.33 9853.39 9846.95 9836.15 9822.2 9808.95
9624.87 9623.79 9617.71 9612.59 9608.68 9608.92 9611.87 9612.8 9614.19 9616.27 9619.57 9622.78 9627.29 9634.03 9642.97 9653.85 9664.73 9672.84 9676.01 9683.29 9690.94 9697.03 9699.7 9701.34 9702.49 9703.61 9705.03 9706.74 9709.16 9710.78 9707.89 9704.55 9701.99 9700.42 9700.22 9700.86 9703.63 9706.19 9708.57 9707.73 9707.4 9706.42 9703.03 9696.83 9690.16 9685.8 9687.82 9696.88 9708.07 9721.71 9744.29 9761.55 9775.7 9788.44 9800.39 9810.74 9819.76 9828.23 9837.03 9843.71 9851.15 9863.83 9874.94 9858.23 9839.89 9821.55 9805.35
9625.47 9626.22 9621.69 9616.29 9612.76 9617.03 9617.17 9613.91 9612.08 9613.2 9616.71 9621.99 9627.3 9633.46 9643.14 9654.71 9665.58 9672.26 9675.09 9682.37 9690.13 9696.03 9698.36 9699.44 9700.13 9700.92 9701.97 9703.8 9706.06 9708.28 9705.07 9702.17 9700.06 9698.94 9699.44 9701.54 9705.87 9711.8 9717.48 9720.46 9717 9710.83 9703.94 9696.54 9689.42 9683.99 9687.56 9695.6 9706.6 9720.17 9747.92 9761.27 9772.88 9784.19 9795.14 9804.92 9813.75 9822.16 9831.13 9837.58 9845.64 9863.44 9879.36 9863.5 9844.6 9826.76 9813.07
9625 9627.39 9622.84 9618.13 9615.18 9619.74 9618.06 9613.54 9609.64 9610.93 9616.08 9622.06 9627.81 9634.32 9643.66 9655.52 9667.05 9672.91 9674.87 9681.77 9689.23 9694.51 9696.05 9696.59 9696.88 9697.15 9697.74 9699.09 9700.05 9700.29 9699.8 9698.27 9696.95 9696.33 9697.29 9700.41 9706.82 9715.85 9726.29 9737.24 9730.07 9717.5 9706.43 9697.48 9690.8 9687.48 9688.4 9695.79 9708.03 9724.44 9745.76 9757.79 9769.02 9780.1 9790.73 9799.87 9809.1 9816.95 9826.06 9832.04 9838.03 9853.94 9869.15 9860.7 9847.19 9833.32 9822.06
9620.08 9622.57 9620.45 9617.86 9616.75 9617.54 9616.24 9612.66 9610.36 9611.84 9616.6 9623.25 9629.62 9635.28 9643.72 9656.22 9667.5 9672.73 9675.04 9680.93 9687.25 9691.64 9692.75 9693.05 9692.89 9692.86 9692.9 9693.51 9693.95 9694.15 9694.39 9693.97 9693.52 9693.31 9693.78 9695.24 9698.26 9707.34 9723.26 9740.37 9734.34 9719.4 9707.38 9698.13 9691.49 9687.55 9687.48 9694.64 9708.59 9725.47 9738.1 9751.92 9764.36 9775.95 9786.81 9796.82 9806.54 9816.3 9823.25 9829.24 9834.13 9844.3 9855.19 9855.32 9848.57 9839.56 9831.87
9613.62 9615.48 9616.36 9615.15 9615.3 9617.24 9613.95 9610.57 9609.79 9612.14 9616.78 9625.94 9634.24 9640.02 9647.09 9658.15 9666.51 9671.75 9675.13 9679.33 9683.61 9686.91 9688.28 9688.61 9688.41 9688.05 9687.51 9687.63 9688.45 9689.1 9689.26 9689.56 9690.14 9690.49 9690.57 9690.67 9691.85 9700.58 9716.15 9731.71 9728.58 9715.37 9705.83 9697.86 9690.71 9684.08 9680.55 9690.47 9706.46 9722.84 9734.85 9747.55 9760.26 9772.4 9783.65 9794.38 9804.37 9812.72 9822.53 9829.17 9834.01 9840.42 9849.52 9853.91 9851.34 9845.4 9839.11
9608.65 9612.62 9612.34 9610.9 9609.13 9612.95 9610.51 9607.23 9603.76 9605.6 9619.74 9632.14 9641.96 9650.59 9659.1 9660.56 9664.89 9669.62 9673.25 9676.77 9680.71 9682.91 9683.8 9684.09 9683.82 9683.19 9682.14 9681.5 9681.05 9682.43 9684.41 9685.98 9687.08 9688.02 9689.25 9690.03 9692.25 9701.27 9714.5 9726.26 9723.44 9710.38 9704.26 9698.02 9691.26 9683.42 9677.66 9688 9703.79 9719.05 9731.06 9744.01 9757.35 9769.6 9780.95 9791.68 9802.62 9812.19 9823.75 9831.57 9837.78 9845.12 9855.42 9858.71 9856.97 9852.23 9845.32
9602.28 9606.47 9606.42 9606.13 9607.74 9607.7 9607.33 9606.21 9604.79 9609.34 9624.67 9640.68 9649.97 9653.88 9656.24 9658.8 9662.33 9666.12 9669.4 9672.56 9676.13 9678.34 9679.3 9679.75 9679.41 9678.77 9677.79 9676.36 9675.29 9677.52 9680.78 9683.59 9685.72 9687.62 9689.69 9692.04 9696.22 9706.36 9718.26 9722.33 9717.66 9710.63 9706.56 9700.57 9692.9 9686.99 9684.6 9690.84 9701.86 9715.02 9727.97 9742.24 9756.09 9767.43 9778.68 9789.46 9801.59 9812.39 9825.35 9836.39 9847.48 9862.67 9867.8 9867.48 9864.77 9860.9 9856.75
9594.7 9597.34 9597.9 9598.27 9600.81 9602.91 9605.3 9608.33 9612.75 9621.38 9636.85 9656.02 9657.29 9655.12 9652.85 9654.53 9657.74 9661.64 9664.43 9667.37 9670.09 9672.92 9674.93 9676.04 9675.99 9675.5 9674.6 9673.31 9671.71 9675.02 9679.08 9682.7 9685.78 9688.76 9691.84 9695.58 9700.09 9710.91 9725.14 9724.37 9722.69 9719.38 9714.54 9706.49 9696.92 9693 9693.52 9695.56 9699.79 9711.17 9728.97 9745.52 9755.55 9766.1 9777.12 9788.51 9800.18 9812.43 9827.05 9841.11 9857.44 9875.5 9878.42 9875.14 9871.42 9868.26 9866.72
9587.36 9589.24 9589.35 9588.12 9589.58 9597.03 9604.36 9611.7 9619.45 9628.04 9645.13 9660.85 9661.26 9655.91 9650.18 9650.24 9652.91 9655.08 9659.48 9662.7 9665.81 9668.84 9671.52 9672.99 9673.75 9674.02 9673.2 9672.37 9672.53 9675.2 9679.14 9683.09 9686.95 9690.85 9694.95 9700.19 9705.47 9713.51 9720.38 9727.97 9733.13 9733.6 9725.28 9713.9 9705.5 9699.37 9698.81 9697.51 9696.97 9706.59 9724.19 9741.26 9752.87 9763.78 9775.25 9787.32 9799.67 9812.69 9826.35 9842.87 9859.42 9877.26 9881.14 9878.56 9874.93 9871.74 9869.29
9580.95 9582.41 9583.24 9583.49 9585.31 9594.37 9605.11 9616.27 9627.69 9638.87 9652.32 9661.48 9663.08 9657.59 9649.49 9647.54 9649.82 9654.17 9657.05 9659.68 9662.33 9666.09 9669.3 9671.68 9673.03 9673.61 9673.64 9673.34 9673.43 9676.98 9680.63 9684.66 9688.68 9693.08 9697.9 9704.11 9712.54 9720.43 9722.13 9726.5 9732.68 9734.65 9727.58 9716.11 9706.53 9699.8 9696.1 9691.82 9688.77 9699.09 9716.73 9734.53 9748.39 9760.75 9773.13 9785.82 9798.78 9812.24 9825.79 9841.05 9854.44 9867.41 9878.42 9877.75 9875.08 9871.59 9867.59
9576.06 9577.23 9579.65 9585.45 9587.61 9594.84 9607.38 9621.46 9636.25 9651.3 9659.61 9664.88 9666.25 9662.79 9655.95 9650.56 9649.16 9653.43 9656.81 9659.83 9662.81 9666.37 9669.15 9671.47 9673.23 9674.51 9675.49 9676.47 9677.89 9680.01 9682.91 9686.24 9690.12 9694.25 9699.21 9704.94 9711.98 9716.79 9715.72 9718.26 9722.18 9724.25 9721.25 9713.04 9703.16 9695.3 9688.16 9681.31 9678.45 9691.11 9709.73 9728.16 9743.78 9757.68 9771.28 9784.73 9798.08 9811.28 9823.92 9838.5 9850.71 9863.77 9874.31 9875.06 9873.19 9869.46 9864.49
9572.45 9572.72 9575.22 9582.88 9583.19 9595.16 9610.02 9626.02 9641.52 9654.5 9662.41 9667.36 9669.89 9670.07 9669.64 9661.37 9654.44 9655.75 9658.86 9661.36 9664.58 9667.9 9670.3 9672.51 9674.46 9676.27 9678.03 9679.9 9681.67 9683.16 9685.28 9687.9 9691.12 9694.72 9698.79 9702.89 9705.73 9705.91 9707.42 9708.43 9709.44 9713.96 9715.63 9709.53 9700.42 9690.56 9681.48 9674.45 9674.39 9686.85 9704.62 9724.48 9739.12 9754.01 9768.65 9782.73 9796.45 9809.8 9822.5 9835.73 9848.12 9860.69 9870.06 9872.24 9870.8 9866.54 9861.22
9570.63 9570.32 9572.02 9579.65 9582.26 9596.54 9613.31 9630.48 9646.06 9656.47 9662.45 9669.58 9674.27 9675.31 9674.76 9668.62 9661.91 9661.1 9663.52 9666.19 9668.27 9670.8 9672.38 9674.26 9676.19 9678.26 9680.51 9682.47 9684.14 9685.5 9687.15 9689.15 9691.65 9694.53 9697.6 9700.62 9702.36 9703.07 9701.91 9700.78 9701.07 9707.34 9712.24 9705.09 9695.88 9686.13 9677.54 9671.96 9674.48 9685.72 9701.1 9716.33 9733.92 9751.08 9766.67 9780.9 9795.07 9808.68 9820.91 9832.7 9843.32 9856.64 9867.59 9870.76 9868.93 9864.05 9857.79
9570.36 9570.57 9571.89 9578.14 9586.46 9600.06 9616.84 9634.27 9650.23 9658.71 9661.5 9669.24 9674.93 9677.35 9678.93 9672.92 9667.72 9666.79 9668.54 9672.64 9673.89 9673.95 9674.63 9676.08 9677.96 9680.07 9682.5 9685.49 9686.48 9687.17 9688.32 9689.96 9691.89 9694.13 9696.54 9698.82 9700.99 9702.36 9699.88 9697.87 9698.66 9703.24 9705.32 9698.32 9689.98 9682.28 9675.57 9671.75 9676.01 9686.62 9701.01 9715.92 9733.3 9749.88 9765.07 9780.06 9794.19 9807.97 9820.43 9831.42 9838.01 9854.55 9868.87 9871.16 9867.9 9861.81 9854.04
9570.67 9572.87 9576.39 9582.37 9590.09 9603.55 9619.93 9637.01 9652.58 9659.55 9661.32 9666.38 9671.42 9675.83 9678.81 9675.7 9670.02 9669.92 9671.32 9673.56 9675.18 9676.03 9676.67 9677.89 9679.3 9681.12 9683.2 9685.83 9686.94 9687.75 9688.78 9690.46 9692.02 9693.69 9695.57 9697.39 9698.9 9699.74 9697.45 9695.44 9698.34 9701.31 9699.55 9691.32 9684.8 9679.97 9675.73 9673.5 9678.74 9688.72 9702.98 9721.28 9737.25 9749.39 9763.6 9778.95 9794.14 9809.01 9822.64 9834.31 9846.9 9858.91 9870.23 9871.78 9867.87 9860.73 9851.33
9570.12 9574.27 9580.51 9583.94 9591.5 9605.74 9621.8 9638.34 9653.61 9660.02 9661.57 9665.1 9668.62 9673.41 9676.08 9674.94 9672.75 9672.77 9673.23 9673.65 9675.93 9677.11 9678.14 9679.08 9680.36 9681.71 9682.92 9683.79 9686.11 9687.55 9688.7 9690.16 9691.75 9692.96 9694.69 9695.58 9696.61 9696.49 9694.59 9693.23 9697.18 9699.06 9696.57 9688.38 9683.1 9680.06 9677.98 9678.63 9683.36 9690.74 9703.16 9719.07 9734.01 9746.71 9761.27 9777.33 9794.22 9810.86 9826.78 9840.17 9847.13 9863.24 9871.7 9872.92 9868.85 9861.3 9850.92
9568.92 9572.76 9579.2 9583.1 9592.27 9607.3 9623.4 9638.62 9650.74 9658.91 9662.73 9665.81 9668.58 9672.15 9675.49 9676.57 9675.33 9676.57 9677.52 9677 9678.53 9679.03 9679.48 9679.98 9680.75 9681.71 9682.97 9684.24 9685.57 9686.88 9688.28 9689.46 9691.22 9692.73 9693.91 9694.48 9694.28 9693.84 9693.35 9694.82 9698.7 9700.55 9697.03 9690.84 9684.83 9681.57 9680.34 9681.92 9685.72 9690.95 9700.82 9713.29 9727.05 9740.89 9757.2 9774.65 9793 9812.37 9831.63 9850.45 9866.44 9871.48 9875.11 9874.64 9870.88 9863.54 9853.17
9567.05 9569.5 9573.9 9581.12 9593.62 9609.33 9625.21 9639.92 9651.26 9659.8 9665.17 9666.68 9667.26 9670.81 9675.54 9679.8 9680.51 9681 9682.67 9684.53 9682.18 9680.94 9680.49 9680.29 9680.55 9681.11 9682.3 9684.01 9684.68 9686.04 9687.44 9689.16 9690.81 9691.78 9693.14 9693.55 9693.76 9693.71 9694.82 9699.3 9701.32 9702.48 9697.45 9690.55 9685.82 9682.96 9681.77 9681.86 9683.68 9689.64 9698.05 9706.89 9715.96 9734.61 9752.66 9771.18 9790.57 9811.43 9833.97 9856.88 9873.02 9877.66 9877.21 9876.82 9874.82 9868.04 9858.27
9564.78 9565.51 9569.31 9580.54 9596.19 9612.42 9627.66 9641.9 9654.75 9660.54 9665.6 9665.98 9664.86 9668.4 9673.88 9681.45 9683.55 9684.06 9683.9 9683.81 9683.52 9682.26 9681.25 9680.32 9679.75 9679.57 9679.8 9680.95 9682.66 9684.16 9686.04 9687.91 9690.02 9691.66 9693 9693.99 9694.46 9694.89 9696.26 9699.31 9698.66 9695.54 9691.97 9687.58 9686.11 9684.79 9683.58 9682.68 9683.77 9689.85 9697.53 9705.94 9715.76 9732.01 9749 9766.58 9785.42 9806.4 9830.08 9856.67 9875.43 9879.95 9882.69 9883.82 9880.96 9873.38 9863.95
9564.89 9563.67 9564.47 9580.87 9602.31 9617.12 9630.03 9641.96 9651.8 9658.02 9662.21 9662.77 9662.08 9665.62 9671.9 9682.87 9686.18 9686.52 9685.43 9684.5 9684.5 9683.13 9681.62 9680.07 9678.62 9677.36 9677.32 9678.39 9680.03 9682.21 9684.52 9686.84 9689.03 9690.98 9692.69 9693.84 9695.44 9696.05 9696.36 9697.31 9694.34 9688.36 9687.23 9687.74 9688.19 9687.93 9686.96 9685.6 9687.6 9692.33 9699.39 9708.53 9721.07 9731.92 9745.33 9760.81 9778 9797.06 9818.15 9841.19 9861.04 9875.14 9887.69 9893.44 9886.74 9877.16 9867.65
9569.57 9569.2 9570.69 9602.49 9614.31 9622.95 9631.66 9640.65 9648.81 9654.05 9657.39 9658.81 9659.52 9662.79 9669.23 9678.92 9686.19 9688.67 9689.38 9688.07 9686.13 9683.83 9681.74 9679.58 9677.47 9674.96 9672.78 9674.35 9677.52 9680.44 9683.16 9685.95 9688.32 9690.6 9692.89 9695.03 9696.67 9697.64 9697.31 9694.72 9691.24 9688.97 9689.62 9691.74 9692.12 9692.87 9693.87 9693.35 9692.25 9696.29 9702.15 9709.7 9719.68 9729.18 9740.32 9753.56 9768.48 9784.48 9801.16 9818.02 9839.89 9862.59 9882.68 9893.51 9886.37 9876.31 9866.96
9577.53 9583.83 9596.66 9619.88 9623.47 9627.06 9632.31 9638.09 9644.61 9650.83 9655.02 9657.77 9660.01 9663.37 9668.65 9677.7 9686.63 9689.5 9691.42 9689.81 9686.9 9684.06 9681.61 9679.09 9676.72 9673.93 9671.47 9673.1 9676.34 9679.36 9682.01 9685 9688 9690.78 9693.63 9696.1 9698.68 9700.5 9700.73 9695.46 9691.79 9695.6 9696.84 9695.71 9695.98 9697.92 9700.56 9701.66 9700.45 9701.79 9704.79 9709.37 9715.83 9723.89 9734.01 9745.62 9758.4 9771.61 9784.62 9797.42 9820.63 9845.88 9867.51 9880.75 9877.49 9869.5 9861.07
9585.14 9595.97 9611.65 9619.83 9623.95 9627.41 9631.93 9636.93 9643.19 9649.79 9654.99 9659.39 9664.53 9669.46 9672.17 9678.64 9686.27 9688.36 9688.66 9688.24 9686.54 9683.85 9681.41 9679.06 9676.71 9675.12 9674.5 9674.79 9676.6 9679.06 9681.83 9684.75 9687.42 9690.69 9693.52 9697.11 9700.65 9703.97 9705.87 9702.65 9699.88 9703.92 9703.69 9698.8 9698.88 9702.24 9706.2 9707.68 9707.81 9707.05 9706.96 9708.44 9712.18 9718.37 9727.33 9737.82 9748.96 9760.35 9771.82 9784.81 9806.02 9828.91 9848.35 9860.74 9861.98 9858.14 9851.43
9590.09 9597.58 9609.75 9617.53 9619.6 9625.32 9631.2 9636.72 9643.49 9650.56 9656.76 9662.36 9668.4 9673.17 9676.11 9680.76 9684.88 9686.36 9686.86 9686.67 9685.43 9683.1 9680.87 9678.61 9676.53 9676.16 9676.61 9676.22 9677.1 9679.06 9681.44 9684.09 9687.03 9690.14 9693.55 9697.43 9702.39 9707.2 9712.71 9714.6 9714.02 9714.08 9710.98 9702.04 9700.9 9705.49 9711.01 9712.81 9712.25 9710.38 9708.15 9707.11 9708.26 9712.6 9721.23 9731.1 9741.25 9751.43 9762.1 9775.68 9794.35 9814.15 9830.27 9839.5 9845.62 9846.14 9841.56
9594.34 9602.5 9614.71 9612.76 9615.12 9624.41 9631.53 9638.08 9645 9652.23 9659.45 9666.37 9671.57 9675.88 9678 9679.77 9681.26 9684.51 9685.91 9685.65 9684.43 9682.71 9679.82 9677.96 9676.3 9675.38 9674.95 9675.93 9677.24 9678.95 9681.16 9683.8 9686.85 9690.38 9693.67 9697.53 9702.25 9707.3 9714.69 9720.71 9725.28 9724.54 9721.14 9706.85 9703.04 9706.98 9712.13 9713.49 9713.56 9711.72 9707.96 9705.65 9705.49 9708.63 9717.11 9726.53 9735.83 9745 9754.28 9766.06 9785.02 9803.32 9818.24 9827.88 9834.6 9836.6 9833.35
9598.96 9607.38 9619.22 9620.58 9621.99 9627.11 9633.18 9639.63 9646.62 9653.86 9661.26 9668.21 9672.21 9674.88 9676.62 9677.81 9679.7 9683.18 9685.5 9684.39 9683.06 9681.51 9678.87 9676.85 9675.63 9674.34 9673.85 9675.61 9677.24 9679.15 9681.6 9684.09 9686.85 9690.11 9693.26 9696.56 9700.14 9703.62 9707.77 9713.46 9722.87 9725.66 9722.7 9710.93 9705.11 9706.06 9709.16 9709.57 9709.87 9708.63 9705.62 9704.44 9704.75 9707.11 9715.99 9724.85 9733.21 9741.48 9749.8 9762.11 9779.52 9796.91 9811.88 9823.13 9829.61 9830.95 9827.82
9603.51 9611.32 9619.6 9624.63 9628.01 9630.37 9635.26 9641.16 9648.11 9655.08 9661.86 9667.85 9670.84 9672.07 9675.49 9677.43 9679.05 9680.87 9682.14 9682.15 9681.34 9680.13 9677.5 9676.13 9675.12 9674.43 9674.54 9675.62 9677.4 9679.52 9681.86 9684.09 9686.63 9689.6 9692.06 9694.56 9697.35 9698.91 9700.17 9703.42 9712.99 9717.42 9716.29 9708.87 9703.93 9702.09 9702.12 9702.17 9701.17 9700.28 9701.98 9704.14 9707.07 9711.83 9718.88 9726.15 9733.26 9740.65 9748.67 9761.03 9777.47 9794.15 9809.16 9821 9827.76 9828.48 9825.14
9607.8 9614.47 9619.69 9624.04 9626.95 9631.99 9637.34 9643.23 9649.57 9655.83 9661.81 9666.78 9669.14 9669.79 9672.18 9674.34 9676.18 9677.94 9679.28 9679.62 9679.31 9678.62 9676.51 9675.78 9674.85 9674.1 9674.68 9675.99 9678.02 9680.22 9682.62 9684.83 9686.59 9688.92 9691.24 9692.69 9694.64 9695.33 9695.96 9697.64 9702.17 9704.54 9703.5 9701.51 9699.36 9697.07 9695.52 9695.78 9695.26 9695.64 9699.85 9705.25 9711.35 9718.49 9724.4 9729.65 9735.32 9741.72 9749.25 9761.59 9777.81 9794.11 9808.93 9820.84 9827.77 9828.39 9824.92
9612.43 9619.77 9622.35 9625.2 9628.55 9633.3 9639.18 9645.25 9650.83 9656.43 9661.58 9665.76 9667.77 9667.93 9668.98 9670.55 9672.08 9674.63 9676.58 9677.38 9677.47 9677.05 9676.52 9675.09 9674.72 9675.08 9675.4 9676.21 9678.3 9680.1 9682.43 9684.49 9686.64 9688.86 9690.55 9691.61 9692.94 9694 9694.13 9694.59 9696.38 9697.08 9696.19 9696.01 9695.25 9694.02 9692.69 9692.77 9692.7 9693.99 9699.75 9707.54 9715.96 9725.12 9730.4 9733.98 9738.52 9744.23 9751.08 9763.84 9780.02 9796.11 9810.76 9822.37 9829.3 9830.4 9826.93
