real_craters/C068-500m.grd
DSAA
107 107
-26.4775 26.4775
-26.4775 26.4775
8782.4149604726 10095.042855664
[rows 60 to 89 of 107, columns 0 to 66 of 107]
9606.12 9602.06 9598.79 9595.47 9591.07 9596 9599.9 9601.87 9604.89 9609.21 9611.44 9610.1 9607.84 9616.5 9624.07 9633.04 9645.75 9659.53 9672.99 9686.26 9692.43 9672.11 9671.87 9688.43 9714.82 9743.87 9778.25 9815.11 9846.1 9849.02 9839.46 9825.6 9823.03 9824.53 9826.17 9834.78 9846.07 9856.66 9860.46 9910.4 10089.2 10012.3 9837.79 9622.97 9394.35 9241.07 9168.96 9111.89 9057.57 8995.7 8936.87 8903.32 8896.32 8898.55 8898.35 8889.76 8883.92 8884.21 8899.42 8930.01 8993.87 9062.46 9151.01 9278.48 9419.18 9544.24 9616.85
9607.9 9604.46 9601.33 9596.9 9595 9599.47 9600.97 9602.21 9605.8 9616.17 9625.73 9634.4 9640.04 9639.36 9643.11 9648.32 9656.54 9665.94 9673.95 9678.06 9677.31 9671.82 9679.08 9702.69 9722.17 9746.94 9776.59 9812.44 9848.54 9863.16 9853.06 9840.59 9837.51 9836.89 9842.39 9848.78 9853.2 9860.81 9861.45 9879.97 9984.85 10058.7 10040.1 9818.01 9584.61 9394.63 9292.93 9220.73 9153.1 9069.8 8983.09 8938.99 8944.63 8953.37 8952.82 8937.24 8902.76 8915.49 8957.42 9023.97 9096.77 9170.07 9263.32 9401.93 9554.86 9659.42 9691.24
9608.2 9606.6 9605.23 9604.11 9596.9 9598.32 9604.36 9608.38 9614.01 9625.76 9639.34 9653.03 9659.25 9654.76 9653.14 9659.62 9665.96 9672.02 9677.32 9679.36 9673.63 9676.94 9692.98 9714.02 9725.57 9743.69 9769.3 9801.04 9833.33 9856.58 9862.2 9863.57 9854.56 9849.35 9848.45 9850.95 9857.42 9871.74 9891.68 9882.62 9868.07 9943.32 10095 9942.34 9767.15 9568.29 9453.19 9366.68 9274.94 9176.97 9076.28 9032.85 9033.69 9043.95 9048.23 9041.02 9041.4 9067.54 9094.93 9158.94 9229.73 9298.18 9354.2 9509.3 9689.49 9786.34 9748.55
9607.49 9608.6 9609.16 9608.56 9601.3 9599.69 9607.83 9616.89 9622.03 9634.08 9648.89 9662.34 9662.09 9665.54 9667.68 9671.97 9674.95 9677.45 9679.56 9679.28 9678.05 9684.51 9705.43 9708.8 9722.34 9736.79 9757 9786.99 9821.86 9847.53 9862.42 9871.58 9862.97 9856.25 9849.27 9845.76 9859.06 9870.92 9887.48 9877.97 9859.12 9866.45 9967.59 9970.02 9928.16 9781.91 9645.2 9546.7 9439.25 9318.26 9200.56 9162.51 9165.48 9170.47 9174.16 9176.91 9189.83 9176.79 9229.78 9299.36 9387.33 9467.24 9528.82 9643.3 9756.02 9803 9751.9
9608.22 9611.62 9614.62 9616.13 9612.78 9599.09 9606.06 9615.47 9624.14 9638.18 9653.9 9668.6 9667.44 9679.18 9687.77 9686.65 9684.86 9683.38 9682.65 9680.92 9680.79 9695.02 9708.04 9711.35 9718.77 9730.84 9744.18 9770.86 9802.83 9833.65 9850.51 9864.28 9862.57 9860.92 9857.89 9855.7 9861.93 9863.88 9850.25 9837.14 9844.06 9843.36 9879.28 9950.6 10028.1 10003.6 9868.17 9732.08 9606.7 9491.17 9376.15 9338.51 9332.53 9326.75 9321.89 9313.46 9299.72 9312.44 9399.22 9471.59 9571.75 9657.04 9762.67 9798.6 9760.58 9745.44 9723.36
9612.49 9614.04 9616.2 9618.8 9615.67 9596.48 9601.26 9612.92 9624.21 9638.89 9653.89 9666.63 9672.51 9692.27 9703.06 9699.81 9694.89 9689.53 9684.46 9682.44 9684.44 9704.19 9715.36 9711.54 9719.01 9730.51 9741.24 9760.53 9783.85 9803.03 9824.95 9842.99 9858.03 9864.16 9868.93 9871.81 9871.47 9863.87 9851.37 9832.62 9830.9 9835.39 9859.47 9902.43 9947.51 10004.6 10006 9861.52 9759.22 9683.89 9605.04 9555.37 9520.24 9486.54 9481.41 9489.44 9504.87 9541.15 9635.24 9739.23 9781.12 9798.24 9832.27 9813.38 9743.05 9706.53 9689.11
9615.12 9613.34 9612.93 9612.09 9599.28 9589.97 9597.2 9607.93 9624.78 9639.25 9653.07 9666 9680.47 9701.94 9711.66 9708.87 9703.52 9696.33 9687.48 9686.55 9691.52 9714.2 9726.14 9720.09 9726.64 9739.34 9750.84 9758.45 9762.09 9783.13 9813.48 9835.97 9852.69 9867.79 9880.01 9888.86 9884.67 9868.16 9844.51 9826.9 9824.89 9828.27 9825.7 9844.83 9866.53 9885.2 9916.84 9890.2 9863.74 9865.19 9863.8 9759.88 9687.26 9651.94 9631.44 9668.25 9747.33 9817 9833.09 9892.36 9882.85 9851.98 9855.15 9831.44 9722.33 9683.81 9671.84
9613.33 9610.35 9606.83 9603.36 9591.63 9590.07 9599.82 9613.79 9627.63 9640.9 9654.06 9666.15 9684.21 9705.98 9714.9 9714.15 9711.3 9706.89 9699.33 9695.56 9696.05 9713.86 9734.26 9737.21 9741.33 9751.03 9765.1 9764.46 9756.15 9780.08 9803.4 9826.81 9847.57 9867.38 9885.93 9900.11 9895.96 9876.05 9851.27 9829.43 9827.73 9827.01 9823.77 9829.99 9831.92 9832.67 9847.59 9869.74 9894.02 9940.45 10003.2 9872.24 9796.81 9747.14 9744.99 9785.73 9872.2 9944.67 9883.14 9844.11 9821.22 9820.05 9812.81 9776.98 9711.15 9678.6 9662.19
9613.05 9606.85 9599.9 9593.39 9589.74 9593.98 9606.1 9618.77 9628.85 9643.23 9658.21 9671.79 9687.93 9706.83 9713.96 9715.46 9716.55 9719.4 9721.21 9707.25 9698.64 9705.87 9727.25 9739.4 9746.85 9753.47 9762.69 9759.59 9752.7 9766.24 9791.34 9816.35 9840.4 9863.58 9885.71 9904.01 9903.89 9883.34 9857.57 9840.65 9835.68 9834.04 9835.24 9836.41 9820.4 9808.59 9811.21 9842.49 9872.02 9888.95 9890.29 9876.02 9844.32 9819.55 9809.09 9814.89 9832.04 9829.91 9819.2 9776.87 9752.25 9766 9757.74 9732.51 9694.51 9678.3 9663.61
9612.03 9604.21 9595.58 9588.88 9594.78 9602.28 9608.63 9618.25 9629.39 9645.57 9663.25 9677.18 9688.75 9700.16 9708.92 9713.34 9715.96 9719.89 9724.01 9710.2 9700.49 9701.8 9719.99 9731.8 9738.16 9745.95 9752.28 9752.89 9747.13 9761.46 9776.44 9805 9831.11 9855.09 9877.12 9895.8 9900.72 9889.92 9870.98 9846.87 9844.06 9848.97 9835.59 9831.17 9813.04 9804.56 9800.53 9824.63 9848.62 9852.15 9852.48 9862.31 9851.65 9836.53 9824.89 9815.47 9797.78 9761.97 9760.12 9741.47 9723.12 9732.61 9734.13 9727.53 9710.01 9686.64 9672.74
9609.91 9600.42 9595.11 9590.87 9604.92 9616.02 9615.52 9619.43 9629.52 9647.34 9666.12 9680.81 9690.47 9697.6 9705.43 9709.79 9711.45 9709.06 9705.09 9704.94 9701.14 9703.2 9715.53 9716.95 9729.61 9732.72 9735.03 9733.27 9733.01 9749.83 9778.14 9798.44 9820.69 9843.21 9862.86 9877.85 9883.38 9879.72 9864.83 9849.27 9845.05 9851.17 9824.22 9803.08 9808.11 9803.2 9801.41 9817.6 9837.15 9852.77 9856.8 9851.52 9847.08 9837.11 9820.64 9801.12 9770.99 9750.35 9742.25 9731.94 9723.9 9723.91 9724.95 9720.51 9708.7 9693.74 9681.3
9596.9 9600.13 9599.72 9598.44 9607.59 9619.31 9619.78 9621.96 9630.7 9649.93 9669.44 9684.21 9692.37 9699.31 9704.18 9707.32 9708.41 9706.4 9703.5 9702.92 9701.11 9702.43 9709.59 9710.69 9716.51 9716.59 9712.65 9708.31 9713.79 9734.5 9766.52 9788.09 9809.86 9829.22 9847.13 9860.37 9863.86 9852.35 9845.07 9832.41 9828.29 9832.85 9824.28 9817.47 9817.62 9819.81 9818.4 9825.39 9835.43 9837.38 9841.91 9839.84 9836.48 9827.28 9813.01 9793.68 9771.53 9754.79 9743.07 9735.5 9733.32 9725.63 9719.89 9712.11 9711.78 9699.49 9686.78
9617.73 9613.89 9607.94 9606.34 9610.06 9616.46 9620.45 9625.04 9636.21 9653.11 9671.17 9679.92 9691.67 9699.42 9702.78 9705.17 9707.44 9710.19 9707.78 9703.05 9700.8 9700.82 9707.26 9705.74 9708.63 9705.65 9697.05 9686.58 9697.78 9716.34 9743.1 9775.41 9798.36 9817.73 9833.2 9845.53 9853.33 9859.17 9844.07 9819.46 9809.39 9819.27 9824.79 9825.88 9827.24 9834.88 9841.58 9839.11 9837.5 9841 9836.87 9828.74 9823.08 9815.08 9801.2 9788.1 9782.61 9763.92 9752.05 9742.35 9735.55 9730 9723.26 9716.67 9710.62 9699.82 9688.83
9625.37 9623.21 9614.45 9616.47 9614.72 9612.41 9617.23 9625.61 9636.12 9654.94 9670.96 9677.53 9690.5 9698.05 9699.95 9701.36 9703.69 9707.68 9705.29 9700.82 9699.17 9701.71 9709.57 9717.7 9715.16 9705.48 9693.43 9684.09 9693.28 9711.96 9749.61 9770.53 9789.54 9806.66 9821.1 9834.62 9847.85 9880.08 9854.62 9824.04 9809.34 9814.33 9816.95 9823.69 9827.98 9832 9838.7 9841.02 9830.51 9822.11 9825.69 9820.85 9813.46 9805.12 9795.8 9780.44 9761.21 9760.25 9753.78 9748.18 9743.48 9735.99 9727.62 9718.05 9706.95 9696.07 9686.51
9622.74 9623.25 9617.25 9618.31 9614.42 9608.52 9617.03 9626.81 9637.49 9656.23 9672.75 9677.1 9688.63 9694.19 9694.79 9694.79 9695.75 9696.51 9696.69 9695.31 9694.96 9698.15 9709.2 9732.91 9732.89 9710.19 9694.89 9687.94 9693.05 9715.74 9742.37 9763.61 9782.68 9799.25 9813.6 9826.91 9835.67 9859.15 9853.6 9835.63 9823.36 9821.2 9828.57 9828.59 9826.13 9823.91 9818.78 9814.85 9820.23 9820.14 9817.98 9814.66 9808.84 9802.59 9793.28 9785.21 9775.7 9764.78 9756.94 9751.41 9748.12 9741.07 9731.15 9720.08 9700.85 9691.18 9681.51
9612.41 9615.59 9613.96 9616.36 9610.9 9609.67 9617.58 9633.46 9644.86 9659.13 9670.1 9676.25 9682.81 9687.07 9687.55 9686.87 9686.08 9687.4 9688.06 9689.03 9690.07 9690.16 9697.28 9722.31 9726 9707.36 9694.79 9682.74 9685.83 9713.16 9735.17 9756.5 9776.75 9794.93 9810.59 9826.03 9835.07 9848.46 9854.1 9846.03 9836.32 9832.6 9829.82 9831.14 9827.41 9821.74 9816.29 9811.86 9816.53 9817.65 9814.15 9809.71 9805.22 9800.5 9795.83 9791.39 9782.48 9769.31 9759.27 9751.69 9746.05 9739.24 9732.19 9721.85 9700.15 9688.58 9679.34
9602.95 9607.46 9606.96 9608.15 9606.68 9603.71 9624.15 9647.21 9654.96 9659.2 9665.33 9670.94 9677 9679.55 9680.16 9679 9677.16 9676.13 9681.22 9685.26 9688.22 9691.91 9702.57 9720.76 9717.76 9707.19 9697.15 9686.13 9688.04 9707.67 9729.09 9753.01 9773.25 9791.79 9810.02 9830.62 9847.59 9867.12 9865.64 9859.5 9852.94 9848.18 9842.86 9837.76 9832.13 9821.13 9813.69 9813.47 9814.16 9813.62 9809.21 9806.11 9802.54 9798.55 9795.09 9792.25 9783.23 9767.46 9753.9 9750.53 9746.22 9739.41 9731.86 9719.03 9701.77 9690.45 9679.71
9590.38 9592.98 9592.36 9599.49 9608.33 9619.38 9642.8 9660.68 9653.81 9652.01 9656.17 9662.6 9668.14 9672.13 9674.31 9674.6 9672.83 9672.82 9679.18 9685.61 9691.27 9698.23 9708.76 9725.24 9729.82 9723.13 9706.85 9696.82 9697.81 9700.9 9728.64 9751.89 9769.7 9789.06 9809.7 9834.31 9862 9883.49 9875.97 9870.41 9868.75 9860.27 9854.81 9842.22 9833.78 9818.33 9804.73 9808.2 9807.04 9803.41 9803.86 9802.55 9800.13 9796.94 9792.36 9783.85 9775.37 9764.6 9754.45 9751.23 9753.63 9753.94 9730.89 9712.78 9703.32 9692.78 9681.86
9579.62 9581.8 9583.55 9594.45 9613.7 9634.49 9654.66 9663.84 9655.67 9647.48 9652.58 9657.83 9662.08 9668.42 9672.12 9673.76 9673.93 9675.49 9681.37 9687.78 9695.17 9705.23 9722.22 9722.85 9731.26 9729.04 9711.2 9698.42 9690.85 9688.64 9716.63 9744.09 9765.44 9786.83 9808.83 9831.45 9854.74 9876.8 9876.37 9870.56 9863.22 9855.85 9849.61 9834.8 9823.41 9815.09 9813.04 9818.57 9809.16 9800.99 9800.77 9799.43 9796.69 9793.32 9789.44 9785.65 9774.54 9762.41 9752.22 9749.36 9749.25 9743.54 9723.77 9707.26 9700.6 9693.71 9686.6
9572.71 9573.82 9584.2 9595.28 9620.55 9646.16 9662.41 9669.15 9669.17 9660.18 9654.51 9659.62 9664.66 9669.41 9673.11 9676.19 9679.08 9681.79 9685.21 9690.09 9696.39 9703.37 9706.74 9708.5 9710.6 9716.45 9706.25 9690.13 9676.11 9678.51 9706.86 9736.16 9760.81 9784.3 9806.89 9828.21 9849.83 9868.78 9872.2 9866.17 9856.93 9845.47 9831.55 9823.79 9810.55 9811.91 9817.81 9824.76 9816.13 9805.21 9802.27 9798.51 9793.95 9788.86 9783.89 9778.21 9769.09 9758.48 9750.82 9744.2 9738.99 9733.04 9715.69 9704.12 9698.71 9696.34 9691.69
9570.34 9570.33 9580.04 9598.61 9627.23 9653.43 9661.83 9675.51 9677.4 9671.72 9664.8 9668.04 9672.32 9673.25 9675.95 9679.49 9683.59 9685.98 9688.01 9691.47 9695.55 9699.72 9703.03 9699.2 9698.98 9709.85 9697.65 9683.02 9672.11 9678.99 9701.99 9728.3 9756.85 9781.53 9804.98 9825.16 9840.85 9865.45 9870.19 9861.94 9849.52 9834.44 9819.22 9808.82 9808.26 9817.69 9826.8 9827.03 9817.08 9811.71 9805.13 9797.89 9790.08 9783.38 9776.78 9768.52 9760.7 9750.78 9740.67 9733.12 9728.75 9719.83 9710.86 9705.56 9706.4 9702.69 9694.46
9569.99 9576.13 9584.92 9604.35 9632.16 9656.9 9661.48 9668.73 9676.49 9675.48 9670.45 9672.45 9675.42 9676.81 9678.84 9681.4 9684.79 9687.24 9689.08 9691.5 9694.28 9696.87 9698.98 9695.29 9698.45 9699.92 9686.33 9679.39 9674.49 9683.06 9704.88 9734.59 9755.06 9780.07 9806.22 9829.16 9849.29 9868.28 9870.55 9859.71 9842.06 9825.45 9817.61 9819.21 9833.73 9837.17 9832.32 9824.97 9829.46 9815.55 9802.44 9791.59 9782.72 9775.29 9769.66 9765.74 9754.14 9744.65 9733.56 9727.12 9724.44 9717.78 9707.4 9702.5 9698.97 9695.01 9693.8
9569.04 9577.32 9584.81 9607.32 9633.89 9654.16 9662.56 9667.6 9673.51 9676.3 9675.89 9676.92 9678.26 9679.18 9680.18 9681.78 9683.86 9686.04 9688.42 9690.85 9693.27 9694.61 9694.33 9693.6 9698.67 9698.17 9687.76 9681.26 9681.17 9687.04 9702.15 9724.74 9748.19 9776.72 9807.81 9839.67 9865.65 9874.39 9873.27 9862.16 9843.08 9825.44 9824.86 9836.55 9848.91 9847.82 9838.2 9830.28 9828.63 9812.53 9796.82 9785.12 9776.21 9768.06 9758.76 9750.53 9747.23 9742.03 9736.06 9730.51 9726.22 9721.6 9713.02 9702.88 9697.84 9692.12 9691.63
9565.6 9569.55 9585.02 9611.09 9636.67 9656.41 9666.11 9665.61 9671.24 9681.02 9682.82 9683.93 9683.15 9681.26 9680.2 9680.24 9681.99 9683.96 9686.64 9689.44 9692.19 9694.02 9694.4 9697.44 9700.26 9696.09 9686.95 9683.82 9682.5 9684.98 9698.17 9712.42 9740.37 9770.51 9804.07 9843.84 9876.14 9880.17 9880.13 9870.13 9853.75 9839.17 9832.15 9834.02 9839.12 9844.83 9835.98 9831.36 9820.55 9797.3 9784.84 9777.16 9770.25 9762.7 9753.19 9746.02 9743.98 9741.84 9741.22 9739.76 9727.4 9717.11 9705.81 9699.94 9697.03 9696.41 9689.75
9566 9563.59 9592.85 9618.66 9638.15 9653.45 9660.85 9661.25 9666.93 9682.02 9687.04 9685.75 9684.86 9682.13 9679.26 9676.54 9677.24 9680.25 9684.34 9688.37 9691.5 9694.3 9696.41 9696.53 9693 9686.72 9688.89 9689.18 9686.69 9689.9 9700.88 9718.15 9736.72 9760.67 9789.51 9823.34 9857.72 9884.51 9892.27 9876.27 9861.38 9850.14 9832.2 9812.32 9814.98 9823.88 9818.01 9815.06 9779.61 9771.6 9768.65 9765.54 9763.08 9760.15 9755.78 9749.3 9743.47 9739.69 9737.44 9734.9 9721.29 9709.75 9699.71 9695.91 9693.47 9691.08 9683.85
9576.94 9589.54 9621.75 9626.95 9636.38 9647.2 9655.15 9659.25 9664.98 9678 9688.85 9691.82 9686.82 9682.31 9678.28 9673.81 9672.17 9677.6 9682.21 9687.3 9691.92 9696.18 9699.92 9699.04 9691.82 9696.46 9695.46 9697.84 9701.61 9700.16 9705 9714.48 9728.51 9747.45 9769.39 9791.13 9824.72 9864.51 9881.4 9869.06 9855.19 9843.84 9824.95 9811.27 9799.57 9760.45 9797.27 9792.73 9765.53 9754.89 9754.75 9755.19 9755.43 9756.69 9760.22 9752.87 9742.03 9733.8 9725.58 9715.34 9708.61 9703.63 9700.51 9691.09 9684.49 9675.26 9670.87
9588.42 9607.26 9620.39 9626.3 9634.97 9645.74 9655.93 9665.05 9672.58 9680.55 9686.93 9687.53 9685.82 9681.8 9677.65 9675.95 9675.62 9677.63 9681.69 9686.29 9691.49 9697.68 9704.95 9710.2 9708.04 9707.48 9699.45 9704.85 9711.62 9710.56 9707.75 9709.19 9718.39 9734.58 9752.24 9770.91 9801.1 9833.63 9849.37 9850.41 9839.4 9821.13 9810.25 9802.92 9801.2 9811.64 9801.16 9787.75 9762.62 9749.68 9747.51 9747.48 9747.55 9747.83 9749.12 9744.32 9735.72 9726.95 9716.11 9702.57 9699.07 9696.4 9687.48 9685.18 9678.28 9666.06 9663.67
9595.62 9612.78 9612.73 9624.92 9636.38 9647.98 9660.23 9670.69 9676.72 9679.18 9683.17 9685.94 9683.97 9681.07 9676.86 9674.91 9675.3 9677.83 9681.24 9686.2 9691.72 9697.68 9705.1 9716.32 9727.43 9725.04 9704.26 9707.42 9712.98 9713.53 9707.33 9704.77 9711.35 9726.7 9741.68 9756.7 9785.22 9813.14 9829.84 9834.56 9826.58 9812.82 9802.39 9795.37 9794.26 9807.74 9802.21 9785.78 9756.46 9747.31 9744.78 9742.72 9740.57 9737.51 9731.73 9731.23 9727.66 9721.58 9713.7 9704.99 9700.73 9696.38 9691.77 9687.85 9680.94 9673.45 9666.57
9603.28 9616.91 9626.22 9630.27 9639.03 9650.48 9661.99 9670.38 9673.35 9677.54 9680.46 9682.43 9681.33 9678.05 9675.58 9674.41 9674.99 9678.23 9682 9685.95 9690.6 9694.83 9698.7 9700.99 9714.19 9718.18 9706.65 9702.34 9702.69 9700.9 9702.34 9706.11 9714.45 9726.75 9738.9 9753.39 9779.44 9806.19 9825.04 9828.33 9820.57 9807.57 9797.96 9796.38 9799.75 9808.43 9795.62 9772.89 9753.4 9748.95 9745.21 9741.36 9737.3 9732.84 9727.44 9725.29 9722.72 9719.09 9715.79 9715.35 9710.73 9701.31 9699.53 9695.78 9686.54 9676.16 9666.78
9610.58 9619.68 9625.53 9632.86 9642.68 9652.42 9661.73 9667.84 9667.93 9672 9675.11 9677.92 9678.13 9677.14 9675.19 9674.56 9675.6 9678.87 9682.74 9685.97 9689.8 9692.84 9693.98 9694.69 9697.7 9697.54 9697.27 9694.62 9693.49 9693.51 9700.2 9712.33 9725.47 9732.78 9741.68 9754.93 9780.83 9806.8 9825.23 9829.08 9820.89 9807.22 9797.8 9800.62 9805.64 9801.39 9783.68 9758.12 9753.66 9753.18 9745.88 9739.71 9734.9 9730.63 9728.21 9723.58 9720.83 9718.3 9716.37 9715.85 9714.16 9713.7 9714.6 9707.99 9692.53 9676.72 9664.25
