real_craters/C068-300m.grd
DSAA
178 178
-26.4775 26.4775
-26.4775 26.4775
8781.0646949429 10103.177393404
[rows 30 to 59 of 178, columns 0 to 66 of 178]
9553.77 9557.02 9558.17 9556.17 9554.17 9552.84 9552.08 9551.52 9551.05 9550.61 9550.25 9549.98 9549.68 9549.55 9549.72 9549.97 9550.7 9548.36 9546.97 9549.67 9551.51 9553.27 9555.51 9558.81 9562.15 9562.69 9560.86 9556.46 9554.34 9553.47 9552.58 9554.74 9557.77 9559.23 9555.14 9551.23 9548.56 9547.53 9548.92 9551.44 9553.5 9558.41 9586.4 9613.28 9637.25 9658.57 9677.27 9692.72 9704.1 9715.3 9727.19 9734.25 9737.25 9736.93 9734.94 9734.95 9737.67 9737.39 9731.28 9727.77 9732.82 9740.91 9746.77 9749.37 9752.16 9757.64 9765.73
9555.54 9559.06 9559.97 9557.31 9554.74 9553.74 9553.07 9552.57 9552.05 9551.57 9551.19 9550.95 9550.62 9550.61 9550.62 9550.83 9550.56 9550.12 9549.71 9550.69 9552.07 9553.73 9555.75 9559.9 9564.43 9565.49 9563.93 9560.58 9556.74 9552.78 9551.08 9553.53 9556.3 9557.6 9555.48 9552 9549.42 9548.72 9550.17 9549.67 9549.15 9556.2 9579.49 9605.75 9631.22 9655.01 9675.95 9694.11 9709.51 9722.41 9731 9735.72 9736.75 9735.02 9731.73 9730.87 9733.55 9733.82 9723.44 9720.64 9727.74 9739.58 9746.8 9748.61 9750.73 9755.44 9764.71
9556.86 9558.95 9559.51 9557.39 9555.48 9554.58 9553.74 9553.22 9552.65 9552.26 9551.87 9551.67 9551.32 9551.16 9551.53 9551.84 9551.58 9552 9552.19 9552.3 9552.85 9554.05 9556.78 9560.17 9563.81 9566.13 9566.73 9565.1 9562.13 9556.03 9552.3 9553.61 9554.9 9555.25 9554.32 9552.07 9550.08 9549.64 9551.11 9550.63 9550.63 9559.26 9579.7 9604.12 9629.6 9654.16 9677.4 9698.11 9716 9729.65 9737.54 9739.92 9738.74 9735.21 9730.6 9728.09 9728.46 9726.23 9719.92 9717.11 9724.79 9736.79 9744.58 9747.31 9749.94 9753.63 9760.68
9558.15 9557.93 9556.29 9557.11 9556.66 9555.42 9554.34 9553.4 9552.98 9552.56 9552.24 9552 9551.99 9552.06 9552.35 9553.15 9554.62 9555.22 9554.28 9553.69 9553.52 9553.75 9555.21 9559.48 9563.49 9566.29 9567.12 9565.84 9563.38 9560.88 9556.67 9555.71 9554.8 9554.01 9553.46 9552.01 9550.52 9549.91 9550.25 9550.73 9553.27 9563.59 9582.69 9605.96 9630.86 9655.9 9680.09 9703.04 9723.68 9740.41 9746.12 9745.51 9741.83 9736.48 9730.36 9726.19 9724.77 9723.14 9720.54 9717.67 9721.81 9732.41 9739.91 9745.73 9750.68 9755.42 9759.94
9558.32 9558.56 9558.74 9558.03 9557.06 9556.08 9555.07 9554.12 9553.45 9553.06 9552.75 9552.54 9552.5 9552.65 9553.04 9553.78 9554.92 9555.94 9555.54 9554.81 9554.26 9553.99 9555.08 9559.17 9563.58 9566.36 9566.72 9565.61 9565.5 9564.11 9561.79 9559.29 9556.52 9554.57 9553.39 9552.12 9551.4 9550.86 9550.1 9550.77 9556.25 9567.99 9586.59 9608.74 9633.12 9658.14 9683.09 9707.36 9729.79 9747.84 9753.23 9750.7 9744.95 9738.11 9730.45 9723.81 9722.67 9721.6 9721.31 9719.09 9717.61 9723.51 9735.59 9744.97 9752.85 9759.46 9762.23
9557.33 9559.26 9560.29 9558.69 9557.14 9556.08 9555.03 9554.6 9554.1 9553.53 9553.64 9553.4 9553.25 9553.27 9553.38 9553.66 9554.36 9556.43 9556.31 9555.69 9555.2 9555.16 9556.24 9558.9 9561.99 9563.55 9561.74 9563.7 9565.84 9565.37 9565.42 9563.53 9560.82 9557.78 9555.03 9553.45 9553.51 9553.78 9554.38 9556.48 9561.11 9572.87 9590.78 9611.82 9635.8 9660.14 9685.13 9709.8 9732.96 9751.75 9757.98 9753.83 9746.87 9739 9731.32 9726.29 9722.27 9719.88 9718.82 9716.45 9713.99 9721.01 9734.5 9745.93 9755.72 9763.38 9764.86
9557.66 9558.96 9558.71 9557.73 9556.81 9556.13 9555.73 9555.01 9554.76 9554.47 9554.13 9554.06 9553.38 9553.33 9553.5 9553.7 9555.24 9557.05 9556.92 9556.42 9556.01 9556.24 9557.1 9558.41 9559.86 9560.79 9563.2 9564.48 9565.03 9566.51 9569.37 9567.29 9564.83 9561.52 9558.39 9556.84 9556.86 9557.76 9560.19 9564.33 9568.03 9578.26 9594.83 9615.14 9637.72 9661.43 9685.64 9709.66 9732.73 9753.2 9759.67 9753.62 9746.08 9738.2 9730.88 9725.09 9721.09 9718.09 9715.48 9712.33 9713 9721.51 9736.43 9749.37 9759.66 9766.43 9766.93
9557.2 9557.55 9557.14 9557.13 9556.52 9555.92 9555.86 9555.5 9555.49 9555.14 9554.51 9554.23 9554.09 9553.96 9553.73 9553.57 9554.76 9557.19 9557.46 9557.11 9556.66 9556.45 9557.07 9558.1 9558.94 9559.72 9561.69 9562.86 9564.06 9566.23 9570.23 9568.86 9566.85 9563.78 9561.34 9560.31 9560.07 9561.32 9564.37 9569.33 9570.72 9582.01 9598.48 9617.99 9639.35 9661.82 9684.52 9706.69 9727.57 9745.6 9752.43 9748.29 9742.12 9735.48 9728.5 9722.09 9719.22 9717.81 9716.15 9714.92 9720.17 9730.99 9743.86 9756.06 9766.09 9772.3 9773.18
9553.02 9555.4 9556.8 9555.86 9555.42 9555.63 9556.2 9555.68 9555.4 9555.38 9554.92 9554.63 9554.19 9554.23 9554.31 9554.65 9556.51 9557.84 9558.17 9557.92 9557.4 9556.98 9557.58 9558.56 9559.32 9560.05 9560.29 9561.3 9563.21 9564.94 9567.57 9567.52 9566.66 9564.24 9562.51 9562.08 9562.08 9563.46 9566.04 9568.5 9572.5 9585.06 9601.81 9620.37 9641.07 9662.14 9682.45 9701.9 9719.36 9732.59 9739.33 9739.23 9736.04 9731.52 9725.98 9720.29 9719.54 9720.34 9721.31 9724.83 9733.71 9744.59 9755.02 9764.64 9774.3 9783.13 9786.72
9552.27 9553.81 9555.34 9554.24 9554.8 9555.48 9555.74 9556.1 9555.8 9555.53 9555.19 9554.8 9554.38 9554.44 9554.82 9555.66 9556.87 9558.31 9559.19 9559.39 9558.89 9557.9 9559.02 9560.06 9560.55 9560.45 9560.68 9561.17 9562.16 9563.43 9564.53 9564.33 9563.71 9562.84 9562.08 9562.03 9562.74 9564.62 9567.28 9569.62 9574.94 9588.57 9605.51 9623.55 9642.65 9661.95 9680.46 9697.26 9711.17 9720.67 9725.79 9729.84 9729.99 9727.69 9723.98 9720.91 9723.57 9724.21 9726.8 9732.43 9742.53 9752.98 9763.61 9771.2 9780.69 9790.68 9796.29
9552.58 9552.73 9553.23 9554.24 9555.83 9556.34 9556.4 9555.98 9555.92 9555.45 9555.06 9554.73 9554.57 9554.5 9554.89 9555.61 9557.6 9559.27 9560.67 9561.57 9561.86 9561.56 9562.23 9562.75 9562.79 9562.72 9563.12 9564.32 9563.97 9562.94 9562.09 9561.23 9561.01 9561.53 9561.52 9561.1 9562.88 9566.1 9569.33 9572.6 9580.17 9593.21 9609.25 9626.81 9644.53 9661.78 9678.68 9693.36 9705.39 9713.75 9718.97 9724.1 9725.57 9724.69 9722.77 9721.25 9723.86 9727.3 9731.46 9736.47 9745.13 9754.91 9764.36 9773.71 9783.64 9793.34 9800.51
9552.22 9551.75 9551.91 9555.65 9557.3 9557.28 9557.03 9556.53 9556.02 9555.48 9554.93 9554.64 9554.25 9554.37 9554.81 9555.3 9557.89 9560.41 9562.43 9564.26 9565.81 9566.73 9566.48 9566.29 9565.96 9565.55 9565.49 9565.74 9565.86 9564.32 9562.19 9560.09 9560.19 9562.33 9563.31 9563.06 9565.55 9569.43 9572.28 9574.49 9585.07 9598.57 9613.6 9630.06 9645.54 9661.91 9677.06 9690.57 9702 9711.41 9719.46 9722.38 9722.96 9722.72 9721.97 9721.32 9724.77 9730.46 9736.94 9744.04 9750.64 9757.72 9765.14 9774.05 9784.31 9794.13 9802.51
9550.78 9550.72 9550.5 9554.97 9557.74 9557.79 9557.48 9556.83 9556.33 9555.6 9555.12 9554.79 9554.15 9554.4 9555.39 9557 9559.46 9561.73 9564.16 9566.88 9569.67 9571.03 9570.63 9570.02 9569.52 9568.69 9568.15 9567.64 9568.5 9567.16 9565.71 9563.52 9563.9 9566.39 9568.47 9570.47 9573.23 9575.48 9577.31 9579.3 9590.63 9604.98 9618.56 9632.58 9647.22 9661.57 9675.5 9688.06 9699.1 9708.79 9717.32 9720.49 9721.42 9721.89 9721.98 9722.52 9727.1 9733.94 9742.65 9753.01 9759.28 9762 9765.59 9774.09 9784.57 9794.37 9803.1
9552 9551.35 9548.21 9552.67 9556.96 9557.41 9557.26 9556.9 9556.32 9555.72 9555.2 9554.87 9554.02 9554.56 9555.76 9557.82 9560.35 9562.79 9565.12 9568.02 9571.88 9574.29 9573.53 9573.54 9573.91 9573.94 9574.58 9575.9 9576.46 9574.92 9574.25 9572.87 9572.09 9572.33 9574.3 9579.01 9582.78 9582.03 9583.93 9588.07 9600.67 9612.99 9624.16 9636.28 9648.77 9661.44 9673.92 9686.45 9696.83 9705.43 9712.25 9717.22 9720.92 9722.97 9723.38 9723.83 9729.05 9737.14 9746.77 9757.69 9765.44 9767.46 9769.1 9776.43 9786 9795.02 9803.13
9548.47 9550.47 9547.71 9551.5 9556.05 9557.23 9557.35 9556.81 9556.21 9555.61 9555.03 9554.62 9554.05 9554.38 9555.47 9558.09 9561.66 9563.33 9565.13 9567.23 9569.79 9572.5 9574.57 9576.52 9578.59 9580.56 9582.97 9585.6 9585.55 9588.67 9586.07 9583.92 9579.74 9576.33 9576.39 9580.04 9583.65 9583.82 9588.68 9599.54 9611.7 9620.23 9629.15 9639.52 9650.06 9661.38 9673.86 9685.96 9696.07 9704.18 9710.22 9716.85 9723.86 9727.75 9728.21 9726.57 9732.65 9741.29 9750.2 9758.83 9770.4 9774.93 9776.61 9781.11 9788.92 9797 9803.61
9548.38 9551.01 9549.23 9552.04 9555.61 9557.09 9557.38 9557.01 9556.46 9555.8 9555.14 9554.72 9554.23 9554.22 9555.37 9558.55 9561.7 9563.31 9564.61 9565.92 9567.28 9570.79 9575.07 9579.06 9583.13 9587.25 9592.15 9596.55 9592.92 9595.01 9591.22 9587.75 9581.17 9575.89 9573.61 9573.35 9574.46 9579.49 9587.6 9599.16 9613.96 9624.22 9631.93 9641.14 9651.49 9662.96 9674.46 9685.83 9696.95 9706.28 9714.38 9722.88 9731.85 9737.36 9739.61 9738.41 9742.84 9748.9 9756.12 9763.62 9776.72 9780.14 9780.32 9784.42 9793.33 9800.74 9806.2
9551.78 9552.63 9552.61 9554.31 9556.48 9557.35 9557.4 9557.04 9556.45 9555.77 9555.23 9554.19 9553.66 9553.65 9554.68 9558.85 9561.47 9562.79 9563.84 9564.95 9566.61 9570.72 9576.04 9581.48 9587.09 9592.54 9598.07 9597.64 9593.02 9589.77 9585.28 9580.51 9575.32 9571.41 9568.63 9566.53 9566.2 9573.97 9584.1 9596.11 9615.96 9625.05 9632.46 9641.37 9652.12 9663.32 9675.15 9687.03 9698.74 9710.87 9722.94 9734.77 9743.45 9750.68 9757.26 9762.26 9758.84 9759.75 9764.8 9773.37 9785.84 9785.9 9789.59 9794.65 9800.24 9806.03 9810.29
9553.47 9556.01 9555.82 9556.72 9557.9 9557.63 9557.4 9556.92 9556.14 9555.46 9554.69 9554.04 9553.42 9552.91 9552.75 9556.98 9560.49 9562.17 9563.24 9564.37 9566.29 9571.15 9577.08 9583.25 9589.28 9595.19 9599.67 9595.49 9586.01 9580.27 9575.1 9569.95 9567.17 9565.63 9563.98 9562.56 9563.11 9571.51 9583.17 9595.98 9608.63 9620.01 9629.71 9640.58 9652.28 9664.04 9676.24 9688.41 9700.86 9714.25 9729.25 9744.47 9753.58 9763.4 9772.28 9776.28 9772.44 9769.92 9773.32 9782.13 9796.17 9796.54 9798.98 9802.69 9807.94 9811.94 9814.67
9551.75 9552.23 9556.01 9557.05 9557.73 9557.22 9556.67 9556.08 9555.62 9555.01 9554.53 9553.96 9553.47 9553.16 9553.79 9557.29 9560.2 9562.14 9563.27 9564.22 9566.47 9571.85 9578.26 9584.54 9590.14 9594.46 9596.23 9592.9 9584.03 9575.08 9569.98 9564.66 9561.83 9561.44 9560.9 9561.15 9564 9571.65 9582.74 9593.72 9602.83 9614.13 9626.38 9638.96 9651.44 9663.98 9676.67 9689.37 9702.27 9715.53 9729.05 9743.17 9758.48 9773.88 9786.09 9789.41 9782.96 9777.34 9780.19 9788.83 9803.73 9805.48 9807.73 9813.88 9815.41 9817.84 9819.21
9551.41 9551.63 9554.14 9555.8 9556.08 9556.17 9555.88 9555.36 9555.14 9554.69 9554.3 9554.02 9553.92 9553.82 9554.84 9557.94 9560.92 9563.4 9564.76 9564.94 9566.98 9573.22 9579.67 9585.2 9589.99 9593.16 9591.68 9586.11 9578.84 9571.45 9567.74 9564.18 9560.58 9559.65 9559.39 9560.44 9564.03 9571.41 9582.26 9591.97 9599.63 9610.42 9624.21 9637.56 9650.62 9663.66 9676.76 9689.75 9703.14 9715.9 9727.96 9740.65 9762.52 9783.86 9800.18 9803.24 9793.76 9784.84 9786.37 9794.01 9806.58 9808.98 9812.58 9816.58 9821.32 9823.89 9824.74
9552.64 9553.07 9554.15 9555.64 9555.83 9555.86 9555.38 9554.81 9554.27 9554.07 9554.13 9554.23 9554.56 9554.88 9556.14 9558.74 9562.58 9566.08 9568.76 9569.25 9570.24 9577.1 9582.35 9586.61 9590.43 9593.02 9593.35 9583.32 9573.01 9566.85 9563.73 9563.69 9560.97 9559.71 9559.34 9560.36 9563.24 9570.45 9582.04 9591.45 9600.12 9611.47 9624.42 9637.15 9650.43 9663.9 9677.67 9690.52 9703.66 9716.95 9730.08 9746.38 9769.16 9794.18 9814.14 9816.64 9805.46 9793.84 9793.34 9798.77 9806.82 9811.64 9817.85 9824.08 9827.99 9830.57 9831.46
9554.01 9556.16 9556.98 9556.99 9557.02 9556.15 9554.89 9554.27 9554.03 9554.01 9553.59 9554.08 9555.19 9556.38 9557.95 9560.38 9564.83 9569.77 9574.95 9580.18 9582.38 9583.18 9585.01 9587.14 9589.61 9591.35 9590.84 9579.49 9570.96 9566.71 9564.34 9564.35 9562.19 9560.79 9560.27 9560.87 9563.49 9569.58 9579.1 9589.88 9601.12 9614.23 9625.51 9637.71 9651.09 9665.33 9679.04 9692.67 9705.92 9718.91 9732.8 9749.65 9774.07 9803.33 9827.21 9829.13 9817.67 9805.26 9801.37 9804.25 9810.15 9817.18 9824.7 9830.22 9834.29 9837.57 9839.71
9556.57 9558.7 9559.53 9557.56 9556.36 9554.89 9553.99 9553.86 9554.1 9554.53 9553.89 9554.75 9555.88 9557.86 9560.25 9562.78 9567.03 9572.53 9579.37 9588.38 9589.93 9587.17 9586.57 9587.16 9587.77 9587.87 9585.96 9579.27 9575.66 9572.78 9569.99 9566.42 9564.34 9562.58 9561.65 9561.68 9563.48 9568.2 9577.01 9588.32 9600.29 9613.32 9625.76 9639.01 9653.1 9667.49 9681.56 9695.57 9709 9722.45 9736.16 9751.9 9777.03 9809.51 9836.9 9838.09 9828.53 9818.69 9812.59 9812.06 9815.93 9823.44 9832.51 9835.53 9838.97 9843.94 9849.02
9558.54 9558.94 9559.08 9556.21 9553.37 9551.65 9552.2 9552.88 9553.58 9554.32 9554.25 9555.14 9556.49 9558.27 9560.81 9564.15 9568.25 9573.21 9578.77 9584.85 9587.13 9586.57 9585.93 9585.56 9585.31 9584.5 9583.86 9584.44 9581.57 9579.82 9575.28 9567.52 9565.9 9564.32 9563.28 9562.92 9564 9567.9 9577.96 9588.46 9599.46 9611.27 9625.69 9641.03 9656.5 9671.4 9685.65 9699.71 9713.77 9727.58 9741.64 9756.8 9779.91 9811.46 9836.31 9840.4 9835.36 9829.74 9827.32 9825.24 9824.68 9829.64 9837.47 9837.18 9840.41 9848.42 9855.91
9560.52 9558.55 9556.4 9554.66 9551.86 9550.28 9551.33 9552.44 9553.52 9554.65 9555.15 9555.91 9556.96 9558.27 9560.81 9564.6 9568.58 9572.55 9576.03 9577.02 9581.61 9583.59 9583.85 9583.43 9582.48 9580.55 9578.32 9578.23 9579.82 9580.76 9578.08 9568.27 9567.1 9565.91 9564.88 9564.92 9566.2 9570.52 9580.45 9590.51 9601.01 9612.27 9627.67 9644.84 9661.13 9676.12 9690.7 9705.01 9719.67 9733.82 9748.56 9765.09 9786.93 9812.43 9831.69 9838.83 9838.1 9834.93 9833.94 9833.69 9834.25 9836.11 9837.05 9839.57 9844.43 9851.56 9858.5
9561.41 9559.31 9556.73 9554.8 9552.61 9551.25 9551.63 9552.61 9553.82 9554.67 9555.83 9556.92 9557.81 9558.86 9561.56 9565.25 9568.79 9572.07 9574.98 9577.91 9579.67 9581.36 9581.95 9581.53 9580.33 9578.72 9575.24 9572.34 9571.93 9571.75 9570.85 9566.96 9567.61 9567.34 9566.82 9567.03 9569.38 9574.78 9584.31 9594.81 9606.16 9617.14 9633.68 9651.81 9667.56 9682.39 9696.92 9711.33 9726.16 9740.65 9755.89 9773.5 9794.88 9814.12 9830.68 9838.62 9839.28 9837.05 9835.25 9838.49 9841.64 9842.93 9836.32 9841.92 9850.5 9851.69 9856.14
9559.65 9559.76 9558.61 9555.99 9553.72 9552.44 9552.53 9553.31 9554.61 9555.66 9557.03 9558.22 9559.39 9560.96 9563.18 9566.49 9569.14 9571.87 9574.47 9576.44 9578.63 9579.92 9580.22 9579.74 9578.43 9576.32 9572.57 9568.5 9566.7 9565.83 9566.74 9566.69 9568.36 9569.02 9568.41 9569.03 9571.79 9578.33 9589.03 9600.31 9614.94 9631.35 9647.67 9662.03 9675.39 9689.03 9703.24 9717.88 9733.52 9748.35 9762.83 9776.57 9791.36 9818.98 9837.62 9841.88 9840.68 9838.33 9838.74 9842.85 9846.56 9847.52 9839.25 9840.83 9843.63 9845.92 9848.76
9559.46 9559.53 9559.33 9556.41 9554.18 9553.28 9553.05 9553.96 9555.44 9557.12 9558.49 9560.04 9561.27 9562.7 9568.01 9567.91 9569.34 9571.67 9574.27 9576.96 9578.19 9579.18 9579.51 9578.96 9577.21 9573.9 9571.19 9568.49 9566.62 9567.01 9568.33 9568.27 9570.95 9571.36 9570.22 9570.5 9572.82 9578.24 9590.31 9604.6 9623.23 9646.13 9663.68 9671.29 9681.49 9694.22 9708.9 9724.15 9741.13 9757.07 9772.36 9785.29 9798.77 9829.18 9846.85 9846.09 9841.34 9837.41 9839.51 9846.33 9849.55 9851.3 9845.66 9840.89 9836.52 9838.8 9839.73
9559.76 9558.79 9557.42 9555.63 9553.88 9552.45 9553.08 9554.53 9556.25 9558.13 9559.71 9561.81 9563.81 9565.77 9567.03 9566.73 9568.85 9571.32 9573.47 9575.55 9577.75 9579.02 9579.48 9579.15 9578.21 9576.29 9574.39 9570.65 9568.16 9568.52 9569.48 9569.57 9571.78 9572.07 9571.58 9571.99 9573.93 9578.5 9590.86 9606.98 9626.3 9648.04 9664.72 9673.58 9684.14 9697.15 9712.18 9729.14 9748.52 9766.01 9784.55 9801.74 9817.78 9845.05 9854.22 9848.18 9840.09 9834.77 9842.92 9848.26 9849.4 9849.85 9847.88 9842.69 9837.47 9836.56 9834.61
9560.06 9559.02 9556.79 9555.1 9553.97 9553.35 9554 9555.35 9557.04 9558.66 9560.77 9563.12 9565.24 9560.98 9556.09 9563.81 9568.33 9571.59 9574.03 9576.34 9578.27 9579.55 9580.04 9580 9579.5 9578.4 9575.22 9571.24 9568.83 9569.67 9569.63 9569.99 9570.61 9571.54 9572.58 9574.12 9576.46 9581.08 9592.59 9608.52 9625.81 9642.77 9657.14 9670.14 9683.61 9698.55 9715.1 9733.19 9754.55 9775.41 9797.15 9820.88 9846.24 9860.41 9856.92 9846.76 9836.42 9828.9 9835.11 9842.71 9845.92 9847.08 9846.18 9844.09 9842.2 9838.84 9834.32
