real_craters/C068-300m.grd
DSAA
178 178
-26.4775 26.4775
-26.4775 26.4775
8781.0646949429 10103.177393404
[rows 60 to 89 of 178, columns 0 to 66 of 178]
9559.62 9558.67 9556.51 9554.92 9554.55 9554.7 9555.37 9556.33 9557.68 9559.12 9560.86 9563.14 9565.44 9566.32 9562.31 9564.98 9569.64 9573.55 9575.17 9577.73 9579.87 9580.67 9580.84 9580.72 9580.25 9578.72 9574.87 9571.52 9569.52 9570.41 9569.08 9569.18 9570.03 9571.94 9574.67 9577.72 9581.05 9586.11 9597.65 9611.55 9625.46 9638.03 9649.48 9665.06 9681.26 9698.35 9716.68 9736.57 9759.78 9782.32 9806.06 9831.71 9857.48 9862.82 9852.56 9841.36 9830.88 9824.02 9825.33 9833.87 9841.66 9847.3 9848.11 9844.37 9843.52 9840.19 9835.36
9557.89 9557.54 9556.75 9555.56 9555.3 9555.68 9556.39 9556.98 9558.12 9559.35 9560.98 9562.41 9563.72 9562.81 9564.56 9567.64 9572.17 9577.19 9582.66 9582.78 9582.43 9582.12 9581.63 9580.88 9580.21 9578.86 9576.06 9572.07 9570.28 9570.92 9569.39 9569.23 9569.84 9572.25 9578.17 9584.18 9588.9 9594.29 9606.16 9617.41 9627.09 9636.25 9647.18 9661.36 9678.25 9696.88 9716.97 9739.96 9762.63 9785.77 9809.18 9831.42 9848.89 9851.34 9843.44 9833.34 9823.4 9817.88 9820.7 9828.88 9837.67 9845.6 9849.16 9845.02 9842.17 9838.7 9835.07
9558.7 9559.06 9557.84 9556.67 9555.4 9555.62 9556.33 9557.15 9557.88 9559.1 9560.46 9561.57 9562.38 9563.58 9565.7 9569.71 9574.53 9579.68 9584.01 9585.04 9584.32 9583.2 9581.94 9580.61 9579.63 9577.73 9574.59 9571.71 9570.29 9572.51 9571.69 9571.54 9571.97 9574.92 9584.25 9593.92 9602.32 9610.39 9620.96 9626.08 9629.61 9635.02 9643.59 9656.44 9673.53 9693.24 9714.07 9736.08 9761 9784.77 9806.59 9825.96 9839.45 9842.42 9834.15 9824.73 9815.42 9808.24 9814.71 9824.26 9833.01 9841.02 9846.77 9843.35 9837.83 9835.1 9833.61
9560.77 9560.79 9557.62 9554.86 9554.71 9555.11 9556.06 9557.05 9557.79 9558.97 9560.12 9561.25 9562.17 9563.84 9567.39 9571.68 9576.44 9580.97 9585.17 9585.59 9585.08 9583.77 9581.93 9579.74 9577.57 9575.71 9573.15 9571.23 9571.18 9574.88 9575.7 9575.49 9577.69 9583.42 9593.25 9604.48 9618.04 9628.31 9634.6 9631.97 9630.66 9632.25 9636.92 9649.72 9668.81 9689.68 9711.55 9733.98 9758.96 9780.83 9801.75 9819.32 9831.18 9833.75 9824.53 9817.21 9810.22 9805.94 9812.01 9820.48 9827.83 9833.77 9837.29 9832.94 9829.64 9827.06 9831.17
9562.22 9559.99 9556.95 9554.49 9553.86 9554.51 9555.82 9556.68 9557.7 9559.13 9560.38 9561.4 9562.55 9564.43 9568.99 9573.75 9578.15 9581.61 9583.63 9585.74 9585.59 9584.32 9582.1 9578.92 9574.5 9572.03 9571.1 9570.39 9571.01 9574.54 9577.67 9579.2 9584.1 9593.23 9601.4 9610.56 9622.14 9629.43 9630.43 9629.33 9628.52 9629.75 9633.71 9646.02 9665.07 9686.39 9708.66 9731.52 9755.32 9776.99 9797.23 9812.61 9821.13 9817.79 9814.75 9811.34 9808.03 9806.91 9812.48 9819.15 9823.34 9826.07 9826.95 9826.86 9823.48 9820.82 9829.97
9565.28 9560.32 9556.97 9553.62 9553.14 9553.56 9554.21 9555.81 9557.78 9559.68 9561.34 9562.42 9563.68 9567.18 9571.36 9576.14 9580.82 9584.12 9585.63 9586.81 9586.13 9584.66 9582.54 9579.55 9574.93 9570.06 9569.08 9569.65 9570.34 9571.99 9575.73 9580.63 9587.89 9598.14 9605.11 9610.68 9615.9 9620 9621.24 9621.99 9624.18 9627.47 9632.96 9644.83 9662.67 9683.47 9705.82 9728.78 9752.04 9773.27 9793.71 9807.99 9816.78 9812.82 9808.09 9807.98 9808.64 9810.06 9813.91 9818.29 9819.71 9820.18 9819.99 9823.71 9821.36 9818.55 9831.81
9566.17 9563.45 9558.46 9554.16 9553.41 9553.71 9553.78 9556.18 9558.52 9560.76 9562.8 9564.85 9566.21 9568.89 9573.63 9578.53 9583.88 9589.21 9590.9 9589.1 9587.17 9585.28 9583.45 9581.71 9578.95 9572.53 9569.59 9569.74 9570.77 9570.23 9574.32 9581.59 9590.38 9598.93 9604.89 9608.65 9610.58 9612.61 9612.38 9615.05 9620.7 9625.8 9632.05 9643.36 9660.85 9681.09 9703.57 9726.27 9748.43 9769.98 9789.01 9804.15 9813.46 9805.77 9803.44 9807.07 9810.76 9813.65 9814.95 9816.58 9817.34 9817.28 9816.79 9819.88 9822.77 9828.4 9839.18
9565.12 9562.5 9558.56 9555.03 9554.94 9555.55 9556.94 9558.39 9559.83 9561.94 9564.7 9568.13 9571.39 9572.74 9575.65 9579.9 9585.07 9592.37 9593.42 9589.55 9586.9 9584.84 9583.25 9582.28 9581.1 9573.29 9569.92 9569.65 9570.6 9569.75 9574.21 9581.64 9590.93 9598.42 9604.46 9607.62 9609.38 9610.75 9612.38 9615.69 9620.16 9625.43 9631.84 9642.32 9659.68 9679.5 9700.96 9723.01 9744.54 9764.99 9784.21 9800.23 9811.41 9805.96 9805.52 9809.09 9812.7 9815.38 9816.55 9816.4 9818.11 9818.69 9816.55 9817.66 9824.96 9834.97 9847
9562.21 9560.24 9558.38 9557.16 9557.14 9557.68 9558.56 9559.48 9560.65 9562.93 9565.83 9569.48 9571.53 9573.4 9576.67 9579.98 9582.88 9584.91 9587.21 9586.94 9585.35 9583.27 9581.38 9579.6 9576.62 9570.27 9569.34 9569.23 9568.86 9569.78 9573.79 9580.18 9587.91 9597.5 9604.9 9607.57 9608.98 9611.38 9614.03 9617.51 9621.08 9626.06 9632.94 9643.61 9659.4 9678.05 9698.61 9720.12 9740.76 9760.91 9779.18 9795.23 9809.01 9813.21 9813.48 9811.54 9814.78 9818.05 9821.09 9823.39 9826.86 9827.37 9823.57 9820.38 9829.86 9845.17 9857.75
9559.33 9559.83 9559.7 9559.17 9559.85 9560.07 9559.71 9560.03 9561.43 9563.38 9565.76 9568.66 9570.48 9573.67 9577.54 9580.38 9581.28 9579.19 9582.53 9584.32 9583.44 9581.29 9578.55 9575.93 9572.88 9569.39 9569.71 9569.98 9569.75 9569.6 9572.62 9577.78 9584.97 9595.31 9604.74 9609.38 9610.87 9613.58 9615.91 9618.75 9621.9 9626.52 9633.88 9645.1 9659.56 9677.25 9697.28 9718 9738.58 9757.98 9774.63 9788.01 9799.23 9810.25 9813.03 9806.38 9809.46 9816.91 9827.52 9838.5 9844.62 9843.5 9839.08 9834.36 9843 9859.72 9873.76
9559.22 9560.67 9561.83 9563.26 9564.56 9562.83 9561.71 9561.35 9562.09 9563.5 9565.47 9568.2 9572.85 9576.09 9579.44 9582.54 9584.3 9583.29 9584.45 9584.34 9582.4 9579.32 9575.58 9572.01 9570.74 9571.1 9571.95 9572.24 9570.81 9568.6 9569.71 9574.25 9582.31 9595.41 9608.92 9616.31 9617.37 9617.41 9617.98 9620.04 9622.05 9625.63 9632.71 9643.31 9657.82 9675.73 9696.13 9717.15 9737.75 9756.71 9771.82 9783.15 9790.29 9794.36 9794.28 9795.97 9792.74 9814.27 9834.12 9851.89 9862.18 9862.73 9862.53 9861.39 9865.4 9879.94 9895.81
9561.26 9562.89 9564.66 9565.35 9565.37 9565.38 9563.86 9562.28 9563.16 9563.92 9565.05 9567.76 9573.75 9577.47 9581.36 9585.58 9589.93 9594.06 9589.6 9586.41 9582.64 9578.63 9574.07 9569.2 9569.29 9573.16 9575.58 9576.55 9574.1 9569.57 9568.71 9573.53 9584.22 9601.6 9621.5 9627.83 9625.17 9620.04 9617.8 9619.86 9619.31 9622.39 9629.31 9639.49 9654.59 9673.67 9695.04 9717.08 9738.62 9757.9 9773.13 9783.49 9788.44 9786.65 9784.39 9795.79 9809.74 9822.84 9841.32 9860.29 9874 9879.04 9885.35 9898.6 9898.57 9898.21 9911.83
9564.05 9565.41 9566.72 9568.8 9570.02 9568.98 9567.35 9566.17 9565.32 9564.91 9564.79 9565.39 9570.53 9577.03 9582.43 9587.53 9592 9593.76 9591.84 9587.97 9583.81 9579.37 9574.8 9571.29 9572.99 9576.48 9579.37 9582.26 9578.97 9571.47 9570.84 9578.45 9593.47 9612.51 9631.14 9630.68 9624.68 9617.85 9613.07 9610.5 9612.49 9617.27 9624.77 9634.59 9650.41 9671.66 9694.98 9718.62 9741.59 9762.33 9778.95 9789.24 9792.81 9790.2 9788.07 9800.37 9817.63 9830.03 9846.85 9865.55 9881.41 9888.98 9896.84 9906.65 9914.21 9903.76 9903.26
9567.07 9568.71 9570.72 9572.76 9574.05 9572.31 9570.52 9569.18 9567.83 9566.89 9566.42 9567.02 9571.48 9577.25 9582.79 9588.17 9593.08 9594.89 9592.33 9588.99 9585.02 9580.84 9576.61 9574.11 9575.75 9578.02 9580.69 9584.72 9581.06 9573.83 9574.9 9585.14 9600.02 9615.58 9621.08 9621.22 9616.72 9611.31 9606.56 9604.03 9606.14 9612.21 9620.78 9631.86 9649.05 9670.89 9696.19 9722.2 9747.14 9769.8 9788.69 9802.03 9804.92 9800.98 9797.92 9804.64 9816.46 9832.96 9849.69 9867.15 9882.83 9893.19 9901.06 9906.16 9909.14 9910.17 9905.35
9569.5 9571.51 9574.73 9575.21 9574.78 9574.36 9572.93 9571.39 9570.38 9569.46 9569.15 9570.87 9574.18 9578.18 9582.7 9587.47 9592.06 9593.78 9591.71 9589.01 9585.92 9582.4 9578.59 9575.46 9576.1 9577.01 9578.39 9579.23 9578.31 9576.01 9578.19 9586.28 9594.36 9600.84 9604.62 9606.4 9605.84 9603.34 9600.43 9598.01 9601.21 9608.89 9618.05 9629.14 9645.9 9670.52 9698.82 9727.63 9754.79 9779.98 9800.95 9816.45 9819.22 9814.58 9810.47 9813.02 9822.22 9836.06 9851.34 9867.32 9882.38 9895.75 9906.99 9915.45 9923.33 9938.56 9947.68
9571 9572.39 9574.67 9575.25 9575.67 9575.49 9574.81 9574.27 9573.24 9572.22 9571.53 9572.46 9575.64 9578.59 9581.71 9585.11 9588.59 9590.25 9589.75 9588.63 9586.99 9584.6 9581.14 9576.98 9574.85 9574.82 9574.93 9575.76 9575.82 9576.26 9577.97 9582.09 9586.59 9590.14 9591.69 9592.02 9595.31 9596.42 9596.35 9597.13 9601.51 9608.56 9617.59 9627.91 9644.05 9672.36 9704.01 9735.47 9765.13 9792.03 9814.59 9830.13 9832.96 9828.68 9823.23 9822.84 9829.82 9841.06 9853 9866.85 9882.29 9899.17 9917.38 9932.57 9945.86 9984.48 10021.2
9572.06 9571.98 9571.79 9572.49 9574.67 9575.86 9576.26 9576.03 9575.64 9575.23 9574.86 9575.3 9577.05 9578.67 9580.1 9581.57 9583.02 9585.44 9587.33 9588.19 9588.3 9587.74 9585.81 9581.02 9575.27 9573.76 9572.31 9570.38 9574.44 9576.61 9576.74 9576.16 9578.69 9585.57 9585.75 9586.45 9589.58 9592.07 9594.33 9597.6 9603.37 9611.2 9620.79 9632.41 9650.46 9679.08 9712.34 9745.61 9776.65 9805.22 9829.06 9845.62 9847.62 9843.23 9837.51 9836.66 9840.91 9847.71 9855.45 9866.08 9880.27 9903.15 9933.01 9961.69 9992.44 10038.5 10026.7
9573.74 9572.6 9570.37 9570.78 9575.16 9577.05 9577.84 9578.26 9578.48 9578.04 9578.52 9578.88 9578.65 9578.5 9578.58 9578.6 9578.24 9581.78 9585.29 9587.82 9589.57 9590.86 9591.58 9587.82 9579.91 9573.9 9572.75 9573.21 9576.04 9579.64 9582 9574.05 9573.55 9580.15 9582.06 9584.45 9587.6 9590.23 9593.68 9599.2 9607.91 9615.9 9627.11 9640.84 9658.51 9689.05 9724.77 9759.1 9790.3 9818.62 9842.58 9858.67 9860.41 9857.05 9853.6 9853.22 9852.7 9854.48 9858.04 9865.18 9878.24 9905.84 9949.37 10000 10062.5 10082.6 9993.17
9576.36 9575.58 9575.03 9575.95 9577.98 9579.53 9579.44 9579.09 9578.79 9579.72 9580.8 9580.45 9579.56 9578.46 9577.89 9577.65 9578.61 9580.66 9583.95 9587.29 9589.96 9591.87 9592.33 9582.58 9570.58 9572.77 9574.72 9576.55 9578.19 9580.85 9583.87 9577.55 9574.99 9576.7 9578.61 9583.8 9587.11 9589.55 9593.07 9599.08 9609.3 9620.57 9636.1 9653.85 9673.52 9705.83 9742.36 9775.89 9805.3 9831.44 9852.79 9867.54 9869.92 9867.88 9865.66 9863.91 9862.6 9861.03 9859.92 9862.78 9871.26 9901.24 9959.44 10021 10064.1 10066.6 9937.97
9579.4 9579.47 9580.15 9581.4 9581.54 9581.59 9580.65 9579.95 9579.75 9580.31 9581.42 9581.44 9579.83 9578.21 9577.01 9576.63 9577.75 9579.82 9582.86 9586.49 9589.77 9591.96 9590.04 9578.12 9571.26 9575.45 9577.94 9579.21 9579.48 9579.3 9577.6 9577.35 9577.74 9576.06 9576.56 9584.08 9587.03 9588.82 9591.94 9597.59 9606.93 9624.76 9647.75 9673.42 9700.02 9732.64 9766.03 9795.15 9820.99 9843.86 9861.39 9872.35 9876.94 9875.86 9873.53 9874.69 9872.66 9867.39 9862.29 9861.08 9866.47 9894.77 9964.67 10035.2 10075.9 10007 9877.8
9582.59 9583.07 9583.87 9584.64 9583.41 9582.1 9581.41 9580.18 9579.74 9579.83 9580.52 9581.19 9579.54 9577.47 9575.66 9574.68 9575.46 9578.41 9581.99 9585.82 9589.47 9592.91 9595.29 9593.86 9587.08 9584.09 9583.29 9582.72 9581.44 9579.02 9575.68 9577.06 9579.47 9575.4 9574.1 9581.75 9585.21 9587.73 9591.27 9597.07 9607.42 9629.55 9660.54 9695.95 9734.76 9769 9792.67 9814.84 9835.94 9855.49 9872.39 9881.07 9882.19 9880.5 9881.58 9889.53 9882.47 9872.31 9864.63 9861.8 9866.66 9892.81 9968.58 10045.2 10087.9 9993.56 9850.79
9585.76 9586.21 9586.58 9586.2 9585.47 9585.03 9581.91 9579.57 9578.02 9578.79 9580.13 9580.04 9578.72 9576.69 9574.67 9573.16 9573.85 9577.35 9581.02 9585.07 9589 9593.06 9596.77 9599.18 9596.75 9593.2 9590.79 9588.39 9585.09 9580.91 9577.12 9575.51 9574.92 9572.78 9571.85 9576.41 9582.75 9587.06 9591.72 9598.56 9609.77 9635.62 9672.39 9714.26 9760.02 9795.63 9814.29 9831.63 9848.26 9863.2 9876.43 9882.97 9883.53 9880.77 9879.59 9891.1 9885.99 9872.65 9864.27 9863.07 9872.06 9901.57 9972.4 10046 10087.3 10007.9 9843.09
9588.64 9588.95 9589.2 9588.71 9587.09 9584.15 9580.96 9578.72 9577.3 9578.12 9579.55 9579.21 9578.11 9576.52 9574.6 9573.35 9574.08 9577.23 9580.72 9584.32 9587.94 9591.99 9595.73 9598.77 9600.55 9600.74 9599.01 9595.56 9590.24 9583.71 9577.05 9572.76 9572.04 9571.41 9572.61 9578.88 9584.04 9587.87 9593.32 9601.97 9617.48 9644.08 9681.37 9724.91 9769.12 9804.76 9827.8 9844.23 9857.2 9867.33 9873.27 9879.53 9881.99 9879.04 9877.09 9884.66 9878.33 9867.39 9860.79 9861.63 9874.26 9908.46 9968.35 10035.9 10072.1 9989.17 9825.81
9590.82 9591.06 9591.47 9591.52 9588.54 9583.38 9579.46 9578.03 9577.54 9577.56 9578.25 9578.75 9578.35 9577.3 9575.84 9574.63 9575.41 9577.99 9580.84 9583.96 9587.26 9590.63 9593.96 9596.46 9604.13 9608.97 9608.27 9604.06 9596.54 9587.92 9579.22 9572.99 9571.72 9572.67 9575.62 9581.15 9585.76 9589.59 9595.19 9604.51 9620.77 9647.58 9685.85 9730.76 9776.07 9814.88 9838.47 9853.65 9864.45 9871.7 9875.84 9879.84 9881.14 9877.21 9869.61 9864.09 9861.42 9857.24 9853.86 9854.84 9863.86 9887.75 9943.18 10016 10057.7 9982.61 9805.85
9592.01 9592.21 9592.69 9592.66 9589.26 9583.27 9578.88 9577.7 9577.21 9576.6 9577.44 9579.54 9579.77 9579.02 9577.94 9577.34 9577.68 9579.25 9581.46 9584.26 9587.21 9590.06 9593.62 9600.02 9610.12 9618.91 9622.88 9613.31 9602.93 9593 9583.89 9577.41 9576.6 9576.89 9580.24 9584.44 9588.13 9592.11 9597.04 9605.34 9619.61 9644.96 9685.83 9733.43 9781.67 9823.35 9847.18 9861.48 9870.06 9875 9879.47 9882.23 9882.39 9878.54 9868.96 9857.86 9850.51 9846.85 9845.67 9846.61 9850.57 9858.06 9912.8 9991.76 10038.5 9986.82 9793.7
9592.06 9592.26 9592.59 9592.57 9589.13 9581.82 9577.81 9578.39 9579.58 9580.09 9582.44 9583.66 9582.81 9581.56 9580.43 9580.17 9579.85 9580.72 9582.5 9584.98 9588.15 9591.76 9598.39 9608.11 9616.2 9624.56 9628.9 9617.69 9607.01 9597.56 9589.34 9583.12 9581.46 9580.97 9584.6 9589.96 9594.15 9595.51 9599.11 9605.95 9617.74 9639.25 9684.14 9734.11 9784.13 9827.05 9853.75 9868.26 9875.34 9877.19 9877.14 9883.39 9885.15 9883.2 9877.53 9857.09 9842.81 9839.62 9839.81 9841.56 9846.42 9858.82 9902.48 9969.03 10012.7 9986.95 9776.75
9591.29 9591.2 9591.05 9590.7 9587.8 9580.4 9577.1 9580.33 9584.65 9588.7 9591.43 9589.24 9586.49 9584.19 9581.93 9580.15 9580.82 9582.01 9583.34 9585.7 9589.47 9595.48 9607.14 9616.3 9618.19 9620.17 9619.98 9615.18 9607.8 9600.48 9594.15 9589.89 9584.65 9583.11 9587.14 9591.55 9595.03 9598.74 9602.06 9607.69 9618.9 9643.24 9682.99 9734.39 9786.94 9831.5 9860.79 9875.53 9880.77 9881.5 9882.23 9886.08 9888.16 9887.49 9879.47 9857.13 9838.65 9835.82 9837.89 9841.76 9847.48 9860.44 9893.32 9945.67 9976.86 9941.51 9756.25
9590.27 9589.66 9588.59 9586.88 9583.99 9579.35 9579.02 9582.34 9588.42 9594.99 9595.23 9591.76 9588.81 9586.48 9584.49 9582.72 9582.73 9583.16 9584.02 9585.87 9589.36 9596.07 9610.36 9616.49 9614.24 9613.02 9612.15 9610.32 9606.5 9601.77 9596.75 9591.55 9585.53 9584.17 9587.67 9591.88 9599.58 9604.14 9607 9610.89 9619.04 9636.36 9679.37 9734.81 9792.04 9842.17 9873.71 9883.95 9885.4 9884.17 9883.82 9887.15 9889.32 9890.36 9884.24 9858.41 9837.84 9835.48 9838.76 9843.91 9850.74 9859.7 9880.14 9925.07 9946.83 9907.19 9732.47
9589.51 9588.36 9586.42 9583.17 9578.07 9577.44 9577.82 9582.63 9588.56 9592.38 9591.47 9590.73 9589.42 9588.21 9588.06 9587.4 9585.46 9584.75 9584.69 9585.58 9587.27 9589.45 9595.72 9603.12 9605.03 9605.17 9605.57 9605.84 9604.76 9602.53 9599.2 9593.85 9587.79 9584.99 9590.04 9597.41 9608.46 9613.58 9614.54 9616.6 9621.63 9634.09 9677.17 9735.94 9797.04 9855.84 9888.24 9888.98 9885.89 9882.76 9881.97 9884.46 9886.17 9887.38 9880.92 9858.03 9839.01 9837.87 9842.81 9849.62 9857.5 9866.52 9879.88 9918.92 9933.6 9896.14 9731.22
9589.21 9587.82 9585.7 9582.6 9579.04 9577.29 9577.66 9582.53 9587.25 9588.97 9588.23 9588.86 9588.83 9588.76 9588.81 9588.36 9586.81 9585.7 9585.18 9585 9585.65 9586.91 9587.03 9592.31 9596.13 9597.01 9599.78 9602.29 9603.54 9603.63 9603.03 9601.51 9595.24 9587.4 9595.17 9608.77 9623.18 9624.46 9623.67 9625.91 9631.33 9643.9 9682.65 9738.57 9796 9849.52 9879.91 9882.53 9880.22 9876.21 9875.58 9878.05 9878.56 9877.23 9869.72 9855.21 9841.97 9842.05 9847.79 9857.23 9868.34 9883.46 9903.15 9928.74 9939.35 9903.76 9759.52
