real_craters/C068-750m.grd
DSAA
72 72
-26.4775 26.4775
-26.4775 26.4775
8783.7645275902 10093.43079637
[rows 0 to 43 of 72, columns 0 to 71 of 72]
9550 9550 9548 9549 9554 9561 9570 9581 9596 9603 9611 9633 9667 9667 9643 9621 9615 9609 9603 9607 9613 9627 9638 9645 9649 9651 9645 9668 9690 9707 9721 9735 9734 9729 9725 9720 9712 9709 9703 9692 9660 9636 9624 9619 9598 9588 9582 9573 9566 9563 9566 9565 9561 9556 9548 9538 9527 9515 9504 9497 9495 9496 9496 9492 9488 9487 9488 9496 9508 9506 9505 9501
9547 9544 9542 9539 9544 9550 9556 9563 9567 9575 9591 9622 9667 9678 9657 9635 9624 9619 9612 9621 9637 9647 9648 9660 9664 9654 9708 9719 9725 9732 9738 9741 9742 9737 9732 9728 9725 9718 9709 9686 9651 9625 9634 9636 9623 9605 9605 9600 9588 9580 9581 9577 9571 9565 9556 9547 9535 9521 9507 9499 9496 9496 9496 9491 9488 9486 9493 9500 9507 9505 9504 9501
9547 9543 9540 9538 9539 9543 9546 9546 9546 9549 9563 9600 9658 9680 9658 9638 9633 9634 9631 9639 9644 9651 9665 9668 9719 9757 9781 9766 9755 9753 9753 9753 9749 9745 9740 9736 9734 9727 9713 9691 9650 9628 9638 9652 9656 9653 9642 9629 9633 9619 9602 9591 9583 9578 9569 9561 9549 9532 9508 9500 9500 9496 9493 9490 9486 9482 9480 9492 9503 9504 9504 9504
9547 9543 9540 9538 9537 9537 9537 9537 9538 9536 9537 9573 9647 9678 9645 9638 9639 9648 9663 9661 9652 9657 9682 9742 9773 9787 9788 9782 9775 9770 9767 9764 9758 9752 9747 9742 9737 9730 9718 9698 9660 9628 9648 9669 9679 9692 9671 9653 9644 9632 9616 9603 9593 9589 9582 9576 9567 9556 9534 9524 9518 9500 9493 9493 9488 9481 9479 9492 9503 9501 9501 9498
9547 9543 9540 9538 9536 9536 9535 9536 9539 9536 9533 9557 9611 9656 9647 9637 9637 9648 9664 9670 9669 9682 9749 9773 9777 9771 9778 9783 9781 9779 9775 9770 9765 9759 9755 9750 9738 9725 9724 9709 9682 9678 9666 9678 9685 9687 9674 9656 9639 9630 9620 9610 9605 9599 9595 9589 9586 9589 9598 9574 9554 9534 9519 9509 9498 9486 9479 9493 9502 9500 9497 9494
9545 9542 9538 9536 9536 9536 9536 9536 9541 9540 9538 9550 9585 9630 9624 9623 9630 9638 9651 9671 9703 9741 9785 9794 9778 9769 9778 9786 9788 9788 9789 9782 9771 9761 9760 9754 9741 9727 9737 9728 9704 9695 9688 9684 9684 9682 9669 9653 9638 9630 9623 9614 9607 9600 9598 9597 9600 9607 9610 9599 9586 9584 9554 9527 9510 9494 9487 9492 9498 9496 9491 9482
9544 9542 9541 9539 9538 9537 9537 9537 9541 9544 9547 9549 9564 9634 9643 9621 9628 9634 9650 9678 9731 9789 9794 9783 9777 9769 9786 9791 9792 9792 9792 9786 9775 9767 9763 9759 9751 9747 9738 9726 9709 9696 9690 9686 9683 9680 9668 9651 9636 9627 9620 9613 9607 9603 9601 9601 9605 9610 9610 9605 9594 9584 9564 9542 9524 9511 9493 9491 9495 9492 9489 9482
9543 9541 9541 9541 9539 9539 9539 9541 9545 9546 9550 9550 9551 9574 9647 9630 9634 9649 9665 9690 9743 9782 9785 9777 9777 9775 9793 9795 9794 9793 9789 9783 9776 9773 9767 9761 9755 9745 9724 9715 9704 9683 9685 9688 9686 9680 9666 9652 9633 9622 9617 9612 9607 9605 9602 9602 9604 9607 9607 9600 9592 9580 9565 9549 9534 9527 9522 9502 9496 9495 9492 9483
9544 9540 9539 9540 9541 9540 9541 9542 9545 9548 9550 9554 9554 9577 9629 9634 9639 9651 9678 9718 9750 9779 9782 9773 9780 9779 9792 9795 9794 9792 9788 9779 9771 9764 9762 9762 9754 9741 9726 9711 9700 9693 9688 9686 9683 9675 9665 9650 9632 9618 9613 9609 9605 9601 9599 9598 9599 9600 9596 9591 9582 9574 9562 9551 9541 9528 9523 9539 9527 9514 9504 9493
9540 9541 9544 9543 9543 9542 9542 9543 9546 9549 9553 9557 9553 9554 9598 9643 9640 9644 9678 9713 9749 9776 9780 9775 9784 9781 9791 9793 9790 9787 9784 9772 9760 9749 9747 9754 9746 9735 9723 9708 9694 9682 9674 9678 9676 9670 9658 9640 9621 9612 9608 9604 9602 9597 9595 9592 9589 9587 9582 9576 9568 9561 9555 9550 9547 9550 9552 9559 9559 9540 9521 9504
9544 9544 9548 9546 9545 9544 9543 9544 9548 9551 9554 9556 9553 9551 9574 9638 9636 9647 9682 9722 9749 9765 9768 9764 9779 9772 9784 9787 9783 9776 9770 9761 9750 9738 9733 9733 9734 9729 9716 9707 9692 9673 9663 9669 9672 9662 9649 9630 9613 9607 9603 9596 9595 9590 9586 9581 9577 9571 9565 9559 9551 9547 9546 9545 9547 9550 9561 9578 9578 9555 9534 9516
9549 9551 9550 9549 9548 9547 9546 9548 9551 9554 9555 9555 9553 9556 9555 9559 9607 9651 9676 9715 9739 9751 9755 9749 9751 9753 9768 9778 9776 9767 9757 9754 9745 9734 9729 9737 9743 9740 9722 9707 9691 9673 9660 9657 9652 9658 9661 9632 9623 9614 9604 9595 9588 9580 9578 9571 9565 9557 9551 9546 9540 9538 9539 9541 9545 9555 9564 9576 9571 9556 9540 9529
9554 9557 9553 9551 9550 9550 9550 9545 9551 9557 9562 9555 9553 9559 9551 9548 9554 9598 9657 9697 9726 9738 9735 9736 9732 9748 9756 9770 9773 9773 9768 9758 9749 9737 9729 9748 9753 9741 9731 9712 9693 9677 9667 9654 9648 9651 9659 9666 9633 9614 9603 9595 9586 9579 9571 9563 9557 9551 9544 9537 9531 9531 9534 9537 9541 9549 9564 9573 9555 9547 9537 9530
9557 9558 9555 9553 9552 9552 9552 9553 9553 9558 9566 9565 9554 9555 9552 9550 9551 9589 9651 9707 9740 9739 9727 9723 9722 9744 9753 9765 9768 9769 9767 9760 9756 9752 9755 9746 9734 9727 9726 9711 9692 9680 9669 9655 9642 9632 9623 9613 9619 9610 9598 9587 9580 9572 9565 9557 9548 9542 9537 9531 9526 9528 9532 9535 9539 9549 9575 9573 9548 9537 9528 9519
9558 9560 9556 9554 9554 9553 9554 9556 9555 9557 9564 9565 9565 9559 9553 9554 9560 9598 9657 9718 9758 9744 9726 9720 9714 9738 9762 9764 9763 9759 9759 9760 9760 9763 9769 9748 9724 9715 9712 9695 9682 9676 9668 9652 9631 9613 9600 9579 9593 9600 9586 9577 9570 9563 9558 9551 9543 9535 9534 9530 9526 9529 9534 9539 9544 9558 9578 9562 9539 9529 9520 9510
9554 9556 9556 9556 9555 9554 9554 9558 9557 9558 9559 9563 9570 9566 9561 9563 9571 9607 9660 9713 9747 9738 9722 9718 9723 9752 9775 9774 9770 9757 9758 9760 9761 9760 9755 9742 9728 9709 9684 9670 9666 9663 9655 9637 9613 9592 9572 9572 9571 9567 9569 9567 9563 9560 9554 9549 9545 9541 9536 9532 9530 9534 9539 9544 9550 9562 9575 9549 9533 9524 9516 9508
9552 9554 9556 9556 9555 9555 9556 9560 9561 9562 9562 9564 9562 9561 9561 9567 9578 9616 9660 9699 9718 9726 9721 9728 9743 9767 9792 9803 9790 9774 9766 9763 9761 9755 9743 9733 9721 9707 9676 9659 9653 9645 9634 9615 9601 9584 9572 9569 9564 9558 9557 9557 9555 9552 9548 9545 9544 9542 9539 9536 9537 9539 9545 9552 9559 9563 9563 9543 9529 9522 9517 9512
9550 9551 9558 9557 9555 9554 9557 9563 9571 9572 9570 9570 9568 9567 9574 9579 9592 9626 9659 9691 9714 9721 9722 9738 9761 9768 9793 9815 9804 9788 9774 9764 9758 9751 9746 9730 9706 9691 9673 9656 9643 9631 9619 9599 9593 9586 9572 9570 9559 9553 9549 9548 9547 9545 9542 9539 9539 9538 9538 9540 9541 9542 9546 9555 9571 9562 9548 9527 9525 9521 9518 9515
9548 9550 9557 9557 9555 9554 9558 9564 9567 9577 9586 9594 9592 9579 9574 9583 9612 9635 9661 9690 9712 9733 9736 9750 9773 9779 9799 9806 9800 9790 9776 9765 9756 9746 9735 9717 9698 9688 9674 9658 9640 9626 9613 9594 9591 9587 9572 9562 9553 9543 9542 9541 9541 9540 9539 9535 9527 9531 9536 9542 9543 9540 9541 9544 9544 9536 9530 9527 9525 9522 9520 9518
9553 9557 9558 9557 9555 9553 9556 9563 9566 9580 9595 9591 9572 9564 9562 9576 9605 9633 9663 9693 9728 9760 9780 9773 9797 9804 9814 9815 9802 9787 9777 9767 9756 9745 9730 9710 9693 9684 9666 9646 9632 9622 9612 9608 9590 9579 9570 9556 9550 9548 9544 9539 9537 9537 9538 9538 9536 9533 9532 9528 9530 9532 9532 9529 9524 9520 9524 9528 9526 9524 9522 9519
9553 9555 9556 9555 9554 9554 9558 9567 9569 9584 9593 9579 9564 9560 9560 9575 9599 9629 9662 9695 9728 9777 9816 9791 9805 9819 9829 9827 9808 9789 9779 9771 9760 9748 9733 9716 9695 9681 9659 9634 9624 9615 9609 9584 9586 9574 9568 9554 9548 9540 9535 9537 9535 9533 9535 9540 9554 9539 9530 9521 9521 9524 9523 9521 9516 9518 9525 9528 9526 9523 9521 9519
9558 9559 9554 9554 9554 9557 9563 9576 9590 9587 9587 9580 9571 9564 9562 9571 9598 9631 9667 9702 9736 9790 9841 9821 9818 9836 9845 9857 9824 9798 9788 9778 9766 9753 9737 9719 9696 9679 9657 9630 9613 9606 9601 9606 9584 9569 9561 9562 9548 9543 9541 9537 9533 9527 9526 9527 9532 9533 9532 9525 9526 9523 9520 9516 9515 9518 9524 9523 9523 9521 9520 9519
9562 9556 9551 9553 9556 9558 9565 9574 9580 9582 9579 9573 9573 9568 9567 9577 9604 9640 9679 9716 9753 9802 9838 9836 9840 9837 9851 9864 9839 9812 9801 9793 9782 9769 9751 9726 9709 9699 9663 9619 9603 9600 9598 9588 9573 9558 9553 9553 9546 9544 9545 9534 9528 9522 9515 9509 9510 9522 9534 9552 9536 9527 9520 9513 9512 9515 9520 9519 9519 9519 9518 9519
9560 9557 9553 9555 9559 9562 9568 9573 9578 9579 9574 9568 9569 9573 9571 9582 9623 9668 9694 9732 9774 9812 9848 9837 9850 9845 9837 9832 9833 9822 9805 9791 9780 9779 9770 9760 9739 9726 9696 9636 9618 9610 9596 9572 9556 9546 9543 9546 9538 9535 9530 9530 9527 9519 9509 9496 9495 9513 9525 9530 9532 9527 9520 9510 9507 9510 9513 9513 9515 9516 9517 9518
9560 9555 9554 9557 9561 9566 9564 9574 9579 9581 9579 9570 9569 9571 9577 9589 9624 9656 9696 9744 9802 9867 9844 9824 9841 9846 9841 9832 9839 9829 9809 9792 9776 9765 9777 9790 9781 9804 9758 9700 9671 9640 9604 9565 9548 9548 9541 9540 9528 9530 9532 9532 9528 9521 9514 9503 9502 9515 9527 9529 9529 9527 9523 9520 9513 9513 9517 9513 9513 9514 9515 9516
9560 9557 9555 9558 9560 9563 9570 9582 9585 9581 9578 9571 9573 9574 9596 9621 9630 9646 9689 9743 9802 9840 9824 9808 9830 9844 9833 9837 9859 9834 9806 9778 9747 9721 9734 9810 9866 9785 9741 9739 9730 9664 9608 9571 9554 9553 9529 9529 9526 9531 9539 9533 9529 9527 9526 9530 9523 9520 9524 9530 9525 9522 9522 9525 9517 9511 9508 9511 9512 9513 9513 9515
9565 9555 9554 9557 9561 9565 9575 9584 9586 9581 9570 9570 9576 9591 9610 9623 9625 9637 9681 9738 9792 9817 9808 9811 9820 9821 9819 9852 9875 9855 9808 9731 9673 9628 9603 9598 9565 9540 9575 9687 9737 9619 9577 9568 9567 9579 9555 9544 9535 9531 9527 9529 9529 9528 9529 9538 9533 9524 9512 9510 9518 9517 9513 9512 9507 9509 9511 9511 9511 9511 9512 9512
9564 9557 9556 9559 9565 9574 9580 9594 9587 9582 9573 9570 9573 9593 9607 9612 9620 9635 9677 9730 9780 9812 9810 9817 9819 9817 9835 9864 9895 9860 9739 9633 9551 9482 9417 9369 9338 9361 9392 9431 9435 9470 9505 9548 9609 9609 9584 9550 9542 9531 9531 9530 9528 9526 9524 9526 9527 9530 9532 9526 9520 9514 9507 9499 9506 9505 9511 9511 9510 9511 9511 9511
9559 9562 9562 9561 9565 9574 9582 9583 9583 9575 9571 9571 9570 9587 9614 9617 9622 9637 9674 9725 9771 9794 9798 9821 9859 9857 9873 9905 9916 9807 9613 9496 9406 9326 9241 9161 9144 9169 9211 9186 9189 9304 9413 9520 9607 9638 9592 9551 9529 9531 9533 9533 9530 9525 9517 9506 9519 9529 9540 9535 9523 9516 9509 9505 9510 9516 9510 9513 9514 9513 9513 9511
9565 9569 9570 9567 9565 9573 9588 9593 9584 9574 9577 9584 9571 9605 9629 9614 9610 9627 9668 9728 9779 9795 9799 9837 9880 9901 9906 9976 9745 9498 9417 9342 9268 9189 9093 8995 8939 8953 8938 8998 9058 9168 9309 9465 9604 9649 9607 9561 9545 9538 9538 9538 9535 9530 9523 9517 9518 9522 9527 9526 9522 9517 9513 9510 9510 9513 9516 9516 9515 9515 9513 9511
9571 9576 9575 9574 9571 9577 9586 9591 9587 9579 9575 9576 9578 9590 9594 9597 9601 9621 9668 9744 9809 9829 9820 9844 9880 9919 9966 9960 9551 9298 9228 9175 9119 9060 8989 8911 8871 8846 8838 8867 8927 9036 9201 9385 9591 9716 9643 9569 9553 9549 9550 9546 9544 9539 9535 9528 9521 9515 9511 9516 9519 9520 9520 9519 9517 9522 9524 9521 9518 9517 9515 9512
9574 9571 9578 9579 9579 9579 9578 9583 9590 9592 9574 9575 9583 9576 9583 9591 9607 9635 9688 9775 9843 9863 9857 9857 9874 9970 1.009e+004 9788 9415 9190 9113 9068 9030 8981 8936 8878 8841 8815 8796 8798 8808 8916 9079 9253 9459 9768 9664 9584 9585 9574 9569 9565 9552 9548 9547 9539 9524 9511 9504 9512 9520 9525 9526 9525 9526 9525 9526 9525 9522 9520 9517 9516
9582 9584 9582 9580 9581 9579 9575 9580 9589 9594 9582 9582 9576 9578 9582 9589 9606 9670 9756 9819 9868 9881 9887 9869 9865 9994 1.002e+004 9652 9326 9127 9048 9001 8962 8942 8907 8875 8845 8817 8801 8784 8792 8860 8974 9131 9307 9606 9646 9599 9605 9608 9583 9559 9553 9550 9548 9541 9530 9515 9506 9517 9526 9532 9535 9530 9524 9523 9525 9525 9524 9522 9520 9519
9589 9590 9584 9578 9579 9578 9574 9579 9588 9597 9603 9595 9578 9571 9579 9590 9617 9699 9802 9852 9873 9881 9878 9862 9869 9986 1.002e+004 9594 9296 9115 9014 8964 8941 8909 8885 8867 8835 8813 8804 8792 8792 8837 8922 9027 9194 9576 9642 9615 9621 9610 9587 9566 9557 9552 9550 9544 9539 9534 9530 9530 9535 9542 9547 9538 9531 9528 9527 9527 9526 9526 9525 9523
9592 9593 9582 9578 9580 9581 9580 9581 9588 9601 9623 9613 9589 9581 9588 9596 9616 9703 9821 9870 9875 9884 9860 9840 9845 9928 1e+004 9571 9271 9077 8989 8945 8911 8888 8857 8835 8815 8806 8811 8807 8797 8826 8883 8972 9130 9551 9657 9624 9619 9597 9586 9574 9563 9555 9549 9545 9546 9554 9553 9543 9542 9548 9557 9542 9537 9532 9531 9530 9529 9528 9527 9527
9590 9587 9579 9585 9595 9588 9584 9584 9589 9617 9611 9608 9598 9584 9592 9607 9618 9699 9841 9886 9884 9890 9863 9837 9850 9892 9915 9552 9281 9133 9000 8942 8911 8875 8833 8804 8805 8808 8821 8822 8805 8825 8875 8963 9140 9606 9677 9643 9625 9604 9588 9582 9572 9556 9537 9545 9547 9545 9546 9545 9543 9543 9545 9541 9538 9537 9536 9533 9531 9530 9529 9528
9589 9585 9579 9585 9588 9588 9588 9586 9585 9588 9593 9602 9606 9597 9617 9629 9641 9711 9831 9873 9871 9871 9855 9847 9874 9920 9938 9582 9293 9121 9005 8945 8913 8881 8855 8830 8820 8822 8830 8831 8806 8817 8875 8974 9174 9586 9700 9659 9631 9602 9587 9575 9565 9560 9556 9553 9551 9545 9545 9544 9541 9534 9528 9540 9554 9545 9540 9536 9534 9532 9530 9528
9591 9590 9590 9590 9588 9590 9590 9588 9586 9597 9601 9608 9615 9620 9635 9648 9684 9746 9813 9842 9844 9849 9843 9851 9882 9943 1.003e+004 9621 9316 9131 9009 8953 8922 8893 8876 8853 8835 8832 8833 8833 8808 8815 8887 9005 9229 9632 9731 9678 9639 9620 9578 9568 9563 9564 9565 9562 9560 9559 9552 9546 9540 9533 9530 9539 9558 9548 9543 9539 9536 9535 9534 9532
9596 9594 9595 9599 9596 9593 9592 9592 9597 9603 9607 9620 9631 9640 9647 9665 9709 9774 9813 9843 9840 9823 9817 9817 9866 9917 1.007e+004 9719 9383 9199 9046 8979 8937 8903 8876 8855 8843 8840 8836 8835 8825 8843 8933 9073 9296 9692 9754 9706 9654 9581 9567 9565 9565 9567 9568 9567 9567 9567 9557 9548 9542 9539 9536 9532 9547 9546 9543 9540 9539 9538 9535 9532
9601 9597 9597 9606 9605 9603 9600 9596 9594 9600 9611 9633 9657 9669 9657 9671 9707 9753 9812 9841 9834 9831 9817 9840 9852 9895 9929 9876 9535 9303 9140 9034 8976 8924 8883 8863 8855 8852 8849 8855 8871 8914 9040 9210 9420 9678 9710 9681 9627 9580 9570 9571 9572 9573 9571 9569 9567 9565 9557 9549 9544 9540 9538 9541 9540 9544 9545 9544 9540 9537 9534 9532
9605 9600 9595 9593 9601 9604 9608 9608 9602 9614 9627 9649 9672 9697 9674 9673 9710 9755 9810 9846 9838 9820 9822 9823 9844 9861 9886 1.007e+004 9812 9503 9224 9126 9050 8963 8904 8888 8888 8881 8876 8892 8954 9052 9208 9406 9570 9674 9668 9645 9618 9580 9581 9585 9583 9584 9577 9567 9559 9554 9549 9546 9544 9544 9541 9541 9549 9548 9547 9545 9541 9539 9537 9534
9608 9604 9598 9601 9602 9603 9618 9634 9646 9644 9650 9662 9674 9678 9672 9692 9721 9756 9806 9857 9857 9844 9840 9848 9854 9865 9864 9970 1.009e+004 9784 9467 9302 9196 9065 8959 8964 8973 8946 8931 8996 9102 9213 9382 9611 9704 9684 9609 9611 9614 9613 9624 9601 9588 9580 9574 9563 9547 9538 9541 9541 9540 9536 9539 9545 9551 9550 9548 9545 9543 9541 9537 9534
9608 9607 9607 9595 9607 9617 9631 9653 9661 9662 9668 9674 9679 9678 9682 9707 9722 9745 9787 9837 9862 9866 9855 9846 9856 9879 9894 9858 9984 9946 9753 9559 9416 9241 9122 9123 9133 9140 9161 9206 9316 9425 9547 9775 9779 9683 9590 9592 9614 9629 9616 9601 9594 9576 9572 9562 9553 9544 9538 9538 9540 9545 9544 9552 9554 9555 9553 9548 9545 9542 9538 9534
9609 9614 9618 9607 9605 9618 9638 9661 9667 9688 9690 9686 9683 9681 9695 9712 9717 9734 9764 9811 9843 9862 9862 9859 9863 9862 9831 9844 9866 9966 1.005e+004 9869 9667 9499 9382 9368 9353 9343 9335 9462 9587 9708 9833 9751 9724 9666 9608 9603 9612 9613 9606 9600 9590 9598 9579 9561 9545 9539 9536 9535 9536 9544 9545 9554 9560 9558 9556 9553 9549 9547 9543 9538
