real_craters/C068-500m.grd
DSAA
107 107
-26.4775 26.4775
-26.4775 26.4775
8782.4149604726 10095.042855664
[rows 30 to 59 of 107, columns 0 to 66 of 107]
9552.73 9553.84 9555.91 9555.89 9554.92 9554.15 9554.18 9554.17 9555.49 9558.97 9565.39 9569.89 9571.44 9581.2 9588.2 9593.09 9587.26 9569.84 9563.32 9561.56 9559.55 9560.5 9567.91 9586.61 9601.14 9621.07 9642.7 9665.13 9687.39 9709.39 9731.79 9763.85 9804.98 9817.07 9796.75 9795.95 9807.79 9816.98 9826.76 9831.44 9830.65 9819.6 9805.54 9791.31 9785.1 9779.28 9772.75 9765.83 9758.82 9750.68 9741.07 9730.31 9719.49 9703.96 9693.07 9684.53 9671.08 9653.59 9636.25 9627.16 9620.13 9614.24 9610.42 9607.47 9603.79 9591.67 9583.16
9555.86 9559.6 9557.24 9555.43 9554.07 9554.28 9555 9555.32 9558.43 9562.36 9570.26 9581.74 9588.9 9586.34 9587.59 9588.77 9581.2 9572.66 9570.19 9564.31 9561.69 9561.53 9566.84 9581.72 9601.57 9622.68 9644.41 9668.03 9691.41 9713.78 9736.63 9768.82 9821.4 9835.66 9817.61 9806.57 9814.88 9829.42 9836.43 9843.19 9848.99 9838.94 9815.06 9798.26 9789.97 9783.82 9777.95 9769.98 9761.62 9753.36 9744.02 9732.5 9718.78 9705.01 9691.63 9687.15 9668.81 9652.07 9634.89 9621.95 9613.75 9608.45 9605.84 9600.84 9585.69 9584.9 9580.51
9559 9558.01 9554.41 9550.38 9552.39 9553.94 9554.89 9556.28 9558.85 9564.48 9571.59 9578.98 9584.6 9585.22 9584.51 9582.71 9583.26 9582 9576.05 9566.71 9564.42 9563.69 9567.04 9582.87 9600.55 9622.1 9649.04 9674.41 9698.61 9722.3 9745.77 9773.92 9823.09 9839.76 9833.49 9831.02 9829.07 9837.21 9838.8 9850.87 9862.9 9856.06 9826.93 9807.41 9798.73 9790.98 9784.71 9777.65 9770.26 9760.81 9751.24 9738.83 9727.31 9710.96 9695.12 9680.63 9671.64 9651.57 9631.5 9615.48 9607.62 9603.99 9601.43 9600.51 9603.89 9592.9 9578.16
9561.12 9557.61 9554.14 9551.27 9552.32 9554.35 9555.95 9557.7 9559.55 9565.45 9571.1 9575.86 9579.64 9581.71 9580.85 9578.56 9572.45 9570.62 9569.76 9567.39 9567.38 9567.36 9573.33 9589.6 9607.81 9629.53 9659.39 9684.3 9708.45 9733.02 9758.07 9789.57 9822.3 9839.14 9837.8 9836.76 9842.56 9836.99 9846.12 9851.73 9859.76 9857.54 9835.51 9816.78 9805.87 9798.36 9790.71 9782.21 9780.8 9772.69 9763.81 9750.04 9733.36 9719.76 9707.05 9703.47 9684.46 9657.25 9625.58 9605.9 9601.86 9600.07 9599.13 9594.76 9588.53 9576.92 9567.83
9559.4 9560.06 9555.59 9553.65 9553.48 9555.82 9558.2 9560.48 9564.35 9567.74 9570.98 9575.46 9578.33 9579.58 9578.5 9573.69 9568.9 9566.11 9567.94 9569.56 9570.26 9570.28 9576.51 9596.27 9623.18 9657.74 9673.69 9694.21 9719 9745.93 9771.25 9791.92 9838.06 9844.91 9838.33 9842.09 9849.41 9846.03 9839.4 9840.41 9841.05 9837.93 9831.27 9823.43 9811.81 9801.6 9792.66 9784.24 9781.34 9775.84 9769.34 9767.57 9755.22 9742.9 9728.92 9719.71 9705.5 9677.28 9636.52 9611.32 9609.53 9606.38 9599.54 9592.42 9579.03 9561.09 9557.15
9559.97 9557.68 9554.79 9552.76 9554.34 9557.21 9560.28 9563.95 9563.72 9565.37 9570.52 9574.33 9577.83 9579.53 9579.36 9577.95 9572.27 9568.48 9569.68 9570.79 9571.8 9572.84 9577.6 9598.45 9627.7 9658.63 9677.4 9699.69 9726.81 9757.68 9792.16 9826.53 9858.87 9847.1 9833.27 9847.96 9848.31 9846.14 9841.58 9836.96 9830.4 9827.1 9843.77 9830.19 9816.2 9803.86 9792.82 9787.74 9780.79 9775.78 9775 9774.89 9774.08 9763.31 9753.58 9755.8 9744.8 9712.32 9669.72 9638.83 9635.34 9625.44 9607.25 9590.05 9570.82 9555.27 9549.53
9559.44 9557.19 9554.75 9554.86 9556.08 9558.06 9560.89 9564.65 9567.71 9565.4 9572.83 9575.47 9580.19 9580.88 9580.61 9578.71 9572.58 9569.95 9569.03 9569.57 9573.04 9578.51 9584.98 9604.67 9626.5 9645.77 9671.41 9699.67 9731.69 9769.49 9808.87 9851.19 9857.77 9839.4 9824.55 9828.08 9841.96 9849.02 9843.98 9839.51 9833.08 9836.16 9841.12 9834.44 9819.4 9808.85 9794.95 9782.18 9773.72 9768.61 9765.72 9776.64 9793.68 9795.89 9790.24 9810.32 9799.4 9750.99 9714.33 9695.53 9672.89 9650.5 9624.15 9597.74 9571.61 9552.78 9549.66
9557.86 9557.99 9556.14 9555.7 9556.9 9558.3 9560.57 9562.4 9563.29 9569.42 9577.74 9584.72 9583.97 9582.21 9580.41 9577.71 9572.64 9570.87 9570.99 9571.06 9577.01 9592.16 9603.87 9621.3 9629.53 9641.97 9664.57 9695.73 9731.07 9771.56 9809.35 9838.57 9840.39 9825.51 9810.73 9820.3 9835.07 9847.39 9841.76 9835.77 9834.26 9838.16 9852.27 9837.33 9819.62 9799.24 9781.99 9765.45 9753.85 9734.88 9738.58 9754.97 9804.7 9863.78 9840.17 9811.2 9791.39 9750.67 9736.63 9727.85 9708.34 9667.61 9631.31 9598.71 9574.83 9554.05 9552.52
9560.74 9558.46 9554.5 9554.87 9556.66 9558.23 9560.19 9561.92 9565.28 9572.64 9580.08 9585.11 9585.42 9582.71 9578.11 9573.74 9571.18 9572.51 9577.43 9579.41 9592.01 9608.88 9631.56 9633.26 9630.18 9633.42 9655.17 9689.6 9726.93 9766.78 9801.38 9824.69 9823.83 9813.71 9806.16 9815.4 9826.22 9832.08 9828.47 9824.6 9837.61 9853.39 9847.96 9840.81 9832.35 9809.83 9772.24 9742.05 9717.33 9696.57 9687.89 9688.97 9721.02 9762.76 9734.9 9690.34 9661.25 9681.24 9727.18 9777.47 9740.12 9669.61 9619.52 9593 9575.45 9572.76 9566.99
9565.46 9558.43 9553.28 9553.5 9554.98 9558.54 9561.47 9563.31 9568.81 9576.59 9583.87 9586.79 9586.32 9583.44 9578.28 9569.96 9569.4 9570.67 9575.58 9585.79 9601.75 9610.79 9617.95 9620.09 9623.74 9630.9 9651.38 9685 9722.58 9760.77 9794.76 9815.32 9809.3 9807.85 9810.02 9815.96 9819.39 9819.48 9822.89 9818.89 9845.74 9874.39 9882.95 9866.17 9837.2 9796.92 9736.78 9692.83 9645.5 9619.82 9593.14 9579.73 9571.59 9550.41 9536.64 9524.84 9504.29 9573.44 9643.56 9734.24 9683.83 9615.75 9579.3 9566.37 9563.91 9566.47 9575.1
9565.5 9560.34 9554.35 9555.12 9557.55 9560.33 9564.41 9569.69 9572.92 9579.8 9589.95 9591.94 9586.97 9583.82 9582.33 9573.31 9569.63 9570.11 9574.76 9588.94 9600.74 9607.86 9610.44 9613.21 9620.49 9629.92 9648.99 9681.72 9718.15 9754.36 9786.85 9810.1 9800.97 9808.85 9814.38 9816.17 9817.69 9816.55 9821.32 9834.9 9855.68 9882.05 9899.73 9875.68 9814.01 9741 9672.64 9613.51 9565.72 9523.11 9480.66 9451.79 9421.13 9386.03 9386.74 9398.83 9418.93 9446.82 9479.88 9498.03 9500.99 9504.87 9512.35 9526.78 9547.68 9568.25 9589.94
9560.61 9559.31 9557.43 9558.7 9559.07 9561.81 9565.99 9571.48 9574.62 9580.07 9581.78 9585.14 9584.32 9580.76 9576.88 9569.67 9569.37 9569.25 9574.06 9584.39 9600.33 9608.1 9611.41 9616.11 9621.86 9631.39 9650.18 9679.38 9714.03 9748.25 9778.79 9802.65 9817.62 9810.44 9817.5 9826.79 9834.57 9830.89 9828.36 9853.16 9871.07 9868.3 9906.33 9893.38 9775.04 9673.61 9594.79 9532.49 9474.93 9424.35 9375.28 9321.27 9281.07 9265.64 9264.23 9268.57 9279.44 9303.76 9312.08 9308 9326.98 9378.26 9430 9479.14 9528.17 9579.84 9631.27
9559.4 9561.82 9564.34 9563.14 9561.42 9562.54 9565.47 9571.58 9577.57 9583.05 9584.85 9585.06 9582.25 9576.48 9570.45 9571.37 9572.77 9570.08 9569.56 9579.65 9602.07 9617.87 9618.07 9618.85 9622.04 9630.29 9648.32 9677.26 9711.8 9746.08 9773.05 9788.59 9792.22 9795.41 9809.81 9843.33 9864.3 9865.68 9866.62 9884.52 9912.17 9909.6 9924.38 9826.97 9677.51 9573.58 9498.26 9437.53 9382.08 9323.68 9265.57 9208.19 9144.44 9091.6 9113.24 9133.55 9182.8 9173.47 9158.76 9155.26 9181.7 9266.77 9346.79 9423.63 9501.74 9573.88 9610.14
9563.46 9565.65 9568.42 9568.21 9565.72 9564.71 9564.76 9569.29 9578.99 9587.38 9593.84 9590.28 9583.4 9575.73 9569.97 9575.98 9580.69 9575.18 9570.37 9587.1 9619.36 9631.35 9620.33 9613.18 9614.16 9623.51 9641.14 9673.97 9712.6 9749.78 9778.71 9791.01 9787.02 9801.29 9825.95 9854.58 9881.68 9893.58 9911.37 9902.82 9945.4 9988.79 9754.16 9588.74 9510.51 9444.63 9388.64 9334.85 9280.75 9228.38 9168.44 9101.77 9034.55 8980.45 8968.85 8988.86 8986.67 8996.26 9023.4 9049.39 9097.04 9175.43 9264.56 9361.51 9459.47 9554.81 9616.53
9568.35 9572.06 9574.21 9573.38 9570.6 9568.59 9567.82 9572.16 9579.57 9588.2 9595.05 9591.08 9585.46 9578.59 9574.82 9577.88 9581.77 9577.88 9577.22 9594.86 9611.09 9615.02 9608.73 9602.1 9603.72 9616.82 9637.98 9672.93 9717.86 9761.15 9796.11 9812.8 9805.23 9809.08 9830.72 9858.12 9883.48 9901.79 9911.44 9920.92 9950.71 9913.26 9578.49 9394.6 9348.36 9307.96 9266.67 9224.26 9179.23 9129.77 9079.43 9022.46 8961.76 8910.77 8899.87 8890.69 8870.82 8879.43 8919.41 8965.91 9032.41 9091.96 9182.51 9289.62 9407.13 9527.23 9678.68
9571.15 9573.64 9575.08 9575.55 9574.65 9573.19 9571.91 9575.09 9579.62 9584.75 9589.47 9589.15 9587.1 9582.76 9576.14 9574.56 9574.65 9575.76 9577.72 9584.42 9590.47 9590.57 9595.44 9596.2 9602.15 9615.36 9633.61 9675.72 9729.08 9778.69 9818.35 9835.41 9828.16 9824.82 9839.36 9859.17 9883.57 9915.13 9942.05 9997.11 10005.6 9782.49 9470.51 9310.8 9241.83 9200.93 9166.49 9132.93 9094.89 9053.94 9013.44 8965.61 8916.64 8877.14 8859.9 8842.21 8828.82 8832.81 8848.99 8874.81 8901.75 8992.02 9096.68 9218.81 9342.44 9473.77 9602.59
9573.35 9571.04 9572.22 9576.77 9577.81 9577.84 9577.94 9578.25 9578.63 9579 9581.11 9586.58 9589.42 9590.68 9584.29 9573.84 9572.31 9576.98 9581.27 9571.42 9582.71 9585.37 9589.79 9595.44 9607.71 9622.72 9645.5 9689.84 9747.85 9800.11 9841.97 9858.51 9852.69 9850.39 9852.36 9860.86 9881.79 9936.99 10018.1 10071.7 9906.09 9644.61 9386.78 9234.37 9158.29 9122.55 9091.57 9066.19 9035.56 9002.43 8975.48 8933.98 8892.71 8858.95 8837.77 8820.69 8806.8 8800.29 8802.95 8807.19 8826.73 8913.12 9023.41 9139.71 9261.07 9393.79 9543.92
9577.8 9577.46 9579.08 9580.75 9579.7 9579.52 9581.52 9580.05 9578.05 9577.3 9579.62 9584.75 9589.98 9591.4 9571.31 9573.36 9577.46 9579.35 9580.24 9575.76 9576.22 9584.23 9588.58 9594.48 9609.02 9636.29 9671.56 9720.62 9777.15 9823.78 9858.03 9873.27 9870.88 9867.06 9865.07 9861.13 9870 9947.17 10052.1 10021.9 9780.72 9543.62 9325.78 9175.77 9108.81 9067.61 9034.27 9006.8 8990.47 8973.47 8943.57 8912.91 8882.66 8855.35 8836.09 8817.87 8802.74 8796.02 8786.22 8784.83 8807.48 8871.58 8957.95 9057.12 9164.65 9286.52 9444.79
9583.07 9584.04 9584.56 9582.49 9580.54 9579.44 9580.52 9580.01 9576.56 9574.37 9577.16 9583.2 9589.58 9595.04 9596.26 9585.51 9583.63 9580.97 9575.8 9578.94 9573.99 9580.88 9586.78 9593.27 9608.75 9653.77 9715.68 9776.68 9812.65 9846.28 9875.06 9882.8 9880.7 9890.06 9875.24 9862.89 9868.95 9951.38 10072.2 9980.69 9719.8 9486.84 9280.92 9146.95 9082.84 9034.46 9003.85 8976.56 8952.52 8930.68 8920.08 8899.88 8880.74 8857.63 8841.97 8822.36 8806.13 8800.82 8786.95 8782.41 8797.74 8846.06 8916.14 8981.45 9072.28 9181.85 9325.44
9588.16 9588.68 9587.83 9584.29 9579.52 9576.96 9579.74 9578.65 9575.74 9573.18 9576.05 9582.14 9588.28 9594.98 9599.57 9599.35 9595.27 9586.97 9576.63 9572.7 9571.42 9578.95 9586.55 9595.78 9617.83 9669.79 9742.22 9805.94 9838.6 9860.82 9873.85 9882.37 9878.35 9888.13 9870.91 9860.91 9877.32 9955.33 10062.2 9970.43 9698 9448.61 9271.52 9153.23 9067.68 9011.53 8977.55 8963.54 8940.6 8919.2 8900.67 8885.98 8875.35 8853.06 8833.58 8816.91 8807.29 8801.66 8792.4 8786.95 8794.43 8829.06 8881.89 8943.71 9020.57 9119.39 9260.69
9591.53 9592.13 9591.68 9583.21 9578.09 9577.07 9577.43 9579.01 9577.6 9575.71 9577.68 9582.13 9587.23 9592.24 9600.84 9614.09 9611.1 9596.19 9580.85 9573.98 9575.03 9582.44 9589.47 9599.15 9622.15 9675.37 9752.13 9824.48 9854.74 9870.46 9879.82 9881.87 9873.89 9859.28 9852.61 9849.41 9857.47 9907.83 10030.7 9957.46 9675.06 9418.77 9248.81 9111.75 9029.13 8990.06 8960.17 8937.47 8923.14 8904.14 8884.73 8869.28 8857.36 8837.83 8824.12 8813.54 8807.9 8808.29 8801.94 8792.74 8797.84 8823.76 8864.97 8920.9 8984.25 9071.17 9214.64
9591.95 9592.3 9592.02 9581.51 9578.13 9580.67 9584.02 9583.81 9581.44 9580.57 9580.41 9583.59 9588.49 9596.71 9612.4 9624.88 9620.69 9603.64 9589.82 9582.55 9581.94 9590.71 9595.33 9601.72 9618.99 9671.95 9755.41 9831.08 9866.59 9877.36 9878.54 9885.54 9881.93 9855.1 9838.97 9839.56 9847.12 9888.69 9989.53 9950.16 9656.77 9407.86 9242.65 9112.24 9023.82 8979.38 8951.73 8925.72 8912.32 8889.59 8867.24 8847.22 8832.19 8819.31 8810.97 8802.84 8807.86 8814.08 8811.81 8801.04 8801.76 8821.2 8850.79 8895.03 8956.31 9040.12 9181.83
9590.38 9589.35 9586.96 9579.57 9580.66 9590.45 9595.52 9589.31 9585.27 9582 9582.72 9584.65 9589.73 9605.91 9616.49 9614.22 9612 9604.93 9596.13 9587.01 9585.66 9591.95 9602 9607.4 9619.83 9667.53 9758.33 9842.59 9880.89 9884.53 9883.83 9888.92 9889.16 9855.57 9835.19 9839.99 9851.23 9872.85 9943.16 9897.19 9637.99 9392.28 9255.41 9156.75 9047.8 8986.2 8950.24 8923.03 8898.94 8882.43 8857.35 8828.46 8806.82 8805.95 8803.81 8802.61 8812.24 8821.87 8822.82 8809.27 8803.87 8820.89 8844.22 8886.54 8950.07 9039.34 9196.2
9589.28 9586.65 9580.98 9577.02 9580.74 9589.57 9589.05 9589.44 9588.59 9588.57 9585.6 9585.07 9586.36 9588.95 9598.45 9601.02 9603.6 9604.03 9600.91 9593.24 9587.06 9603.78 9619.71 9619.46 9626.23 9665.47 9762.05 9861.08 9888.11 9881.93 9878.94 9882.59 9881.37 9854.8 9839.01 9848.6 9863.57 9887.62 9932.05 9886.53 9656.54 9400.98 9265.3 9171.09 9070.91 8994 8953.08 8928.69 8903.78 8880.93 8857.91 8830.92 8809.53 8809.78 8813.33 8816.72 8820.84 8828.97 8830.69 8814.79 8805.24 8819.12 8843.61 8889.38 8950.97 9052.45 9233.1
9589.57 9587.35 9584.34 9580.65 9583.15 9586.93 9586.83 9588 9588.6 9588.17 9586.53 9585.02 9584.49 9586.74 9591.03 9592.56 9600.04 9604.87 9607.92 9608.34 9598.33 9622.35 9628.71 9635.72 9650.77 9689.04 9764.57 9832.5 9863.99 9866.89 9866.44 9867.66 9863.35 9851.26 9847.24 9857.94 9879.08 9909.01 9956.23 9940.08 9671.51 9426.41 9268.96 9148.34 9056.13 8992.96 8954.08 8931.79 8908.91 8888.8 8870.77 8859.06 8841.93 8826.59 8822.52 8822.84 8826.44 8832.66 8835.14 8816.7 8803.03 8810.96 8839.62 8885.12 8957.71 9068.2 9257.87
9590.79 9589.98 9589.69 9588.08 9587.39 9588.26 9586.67 9588.54 9589.85 9589.52 9588.07 9586.49 9585.58 9592.42 9596.43 9598.43 9603.76 9609.27 9612.84 9615.56 9624.69 9632.91 9637.95 9655.37 9681 9719.55 9772.95 9819.63 9844.07 9844.93 9848.45 9852.07 9850.32 9845.5 9849.53 9861.69 9886.8 9922.36 9991.27 10011.1 9700.96 9447.25 9282.35 9156.57 9057.79 8995.68 8958.78 8931.57 8914.84 8895.88 8882.25 8874.01 8857.48 8840.3 8832.14 8830.09 8830.9 8833.81 8835.04 8818.26 8803.9 8809.99 8841.64 8897.55 8976.66 9093.31 9300.24
9593.3 9592.79 9593.13 9594.51 9597.15 9592.12 9591.67 9591.47 9591.79 9591.27 9590.07 9590.13 9592.03 9602.44 9603.35 9606.72 9611.41 9617.57 9622.46 9627.32 9635.62 9642.4 9655.31 9673.44 9705.42 9750.52 9785.19 9811.86 9828.01 9840.74 9840.36 9837.98 9835.57 9829.45 9833.47 9850.39 9882.44 9931.23 10015.2 10070.3 9759.59 9487.77 9315.59 9191.1 9086.01 9011.97 8971.51 8942.62 8923.37 8902.63 8886.11 8872.12 8858.1 8846.03 8838.77 8836.32 8834.76 8834.41 8835.6 8822.54 8812.1 8822.56 8858.16 8928.3 9014.48 9126.28 9341.48
9596.85 9595.4 9594.67 9595.11 9598.23 9600.75 9597.53 9595.09 9592.6 9592.9 9592.78 9593.05 9596.8 9601.04 9602.26 9606.9 9617.37 9627.28 9635.25 9638.43 9646.43 9649.61 9658.07 9680.75 9714.15 9757.02 9788.22 9818.84 9845.46 9846.92 9837.79 9825.71 9815.61 9814.13 9806.09 9835.54 9867.9 9896.1 9957.91 10059 9845.77 9557.29 9373.09 9247.37 9133.6 9043.82 8996.71 8962.92 8937.61 8912.37 8890.63 8872.45 8857.75 8848.92 8843.45 8841.36 8839.39 8836.65 8836.51 8832.21 8831.03 8846.3 8892.08 8975.2 9070.09 9181.61 9393.52
9600.01 9597.85 9596.08 9595.68 9602.27 9610.54 9603.24 9601.22 9600.53 9598.44 9596.19 9594.12 9594.5 9597.32 9601.91 9610.64 9624.75 9639.6 9653.88 9663.64 9653.74 9656.01 9665.74 9683.14 9711.25 9741.37 9778.64 9818.78 9846.15 9839.26 9834.03 9829.87 9822.26 9815.94 9827.02 9837.48 9857.66 9884.47 9922.27 9958.19 9954.27 9670.07 9471.54 9325.21 9197.32 9104.27 9037.12 8993.66 8959.01 8927.08 8899.12 8876.13 8862.43 8856.28 8851.7 8849.96 8847.63 8844.91 8846.06 8854.44 8866 8888.97 8947.94 9050.42 9161.67 9280.02 9461.84
9602.86 9599.84 9597.76 9598.42 9597.89 9604.73 9606.59 9605.57 9608.83 9604.87 9601.89 9597.94 9595.51 9602.03 9606.67 9618.21 9634.53 9651.11 9669.23 9688.46 9681.55 9666.56 9664.49 9681.75 9709.58 9737.47 9773.81 9813.19 9835.26 9834.27 9831.69 9821.82 9819.28 9819.14 9822.15 9831.41 9849.1 9869.47 9882.74 9917.68 10040 9837.46 9623.5 9444.51 9262.12 9158.74 9091.79 9040.69 8992.55 8954.1 8914.6 8887.91 8874.27 8869.96 8866.46 8864.87 8863.79 8863.61 8871.48 8886.67 8918.81 8965.54 9038.44 9158.39 9284.7 9408.87 9538.95
