real_craters/C068-300m.grd
DSAA
178 178
-26.4775 26.4775
-26.4775 26.4775
8781.0646949429 10103.177393404
[rows 0 to 29 of 178, columns 67 to 133 of 178]
9664.8 9675.19 9684 9691.87 9698.65 9704.97 9710.84 9716.45 9721.94 9727.6 9733.69 9736.18 9734.48 9733.48 9732.27 9729.94 9727.7 9725.98 9724.34 9722.71 9720.78 9718.32 9715.33 9711.57 9709.44 9709.09 9707.98 9706.26 9702.57 9699.18 9693.76 9683.35 9669.45 9657.43 9661.18 9638.86 9628.89 9624.84 9623.95 9626.08 9621.16 9611.06 9603.23 9596.27 9592.75 9588.68 9585.7 9583.81 9581.57 9578.2 9573.81 9571.09 9568.28 9565.64 9563.41 9563.2 9564.39 9565.63 9566.35 9566.2 9565.45 9564.14 9562.33 9560.32 9558.96 9556.18 9553.08
9682.91 9691.8 9699.25 9705.57 9711 9716.1 9720.84 9725.4 9729.9 9734.59 9739.77 9742.13 9741.52 9741.97 9742.25 9736.17 9732.37 9729.68 9727.28 9725.66 9724.16 9722.26 9719.86 9717.38 9715.17 9712.94 9710.52 9708.65 9704.86 9699.04 9691.99 9681.98 9671.43 9666.1 9664.35 9645.85 9633.73 9630.35 9632.41 9635.51 9631.69 9621.79 9612.9 9604.96 9596.56 9590.25 9590.52 9590.17 9588.42 9585.38 9581.2 9578.08 9574.54 9569.91 9564.49 9566.19 9568.64 9570.17 9570.77 9570.38 9569.32 9567.74 9565.84 9563.44 9562.21 9559.31 9556.11
9705.81 9710.82 9715 9718.9 9723.03 9726.62 9729.95 9733.13 9735.99 9738.5 9740.79 9742.52 9743.2 9742.5 9740.28 9737.67 9735.02 9732.58 9730.25 9728.56 9727.28 9725.74 9724.17 9722.12 9719.65 9716.88 9714.68 9710.7 9705.87 9699.51 9689.6 9679.06 9666.4 9652.67 9632.56 9629.37 9630.72 9631.63 9635.16 9637.5 9635.6 9628.83 9622.08 9614.72 9603.99 9597.42 9599.3 9599.83 9598.86 9596.52 9593.47 9589.93 9585.15 9579.07 9572.1 9573.9 9576.11 9576.91 9576.74 9575.81 9574.25 9572.26 9570.51 9567.89 9566.08 9563.04 9559.98
9730.35 9730.01 9730.99 9732.26 9734.14 9736.12 9738.21 9739.98 9741.32 9741.68 9741.19 9742.87 9743.39 9741.19 9737.69 9737.73 9736.94 9735.2 9732.94 9731.4 9730.4 9729.23 9727.99 9725.66 9723.46 9720.99 9717.62 9713.28 9707.84 9701.28 9691.99 9677.99 9661.65 9642.36 9632.37 9622.23 9627.02 9631.16 9635.69 9638.14 9637.35 9635.37 9632.12 9628.16 9622.58 9614.49 9613.58 9613.25 9611.83 9609.77 9608.15 9604.95 9599.4 9593.98 9588.71 9587.45 9587.03 9585.9 9584.3 9582.23 9580.35 9577.85 9575.14 9573.71 9570.84 9567.77 9564.52
9752.19 9747.8 9745.43 9744.38 9744.24 9745.12 9745.99 9746.74 9747.14 9746.78 9745.26 9746 9745.73 9743.32 9740.3 9740.39 9739.81 9738.21 9736.08 9734.52 9733.53 9732.54 9731.47 9729.51 9727.37 9724 9720.69 9715.98 9709.9 9702.99 9693.3 9678.17 9660.76 9642.56 9633.25 9624.19 9627.23 9631.86 9637.25 9640.89 9642.98 9643.88 9643.06 9642.52 9640.05 9632.54 9631.35 9629.33 9626.31 9622.8 9619.71 9616.67 9614.85 9612.53 9606.78 9604.14 9600.06 9596.14 9592.72 9589.35 9586.17 9583.05 9579.93 9578.82 9575.83 9572.73 9569.5
9767.76 9761.84 9757.89 9755.23 9753.82 9753.16 9753.34 9753.33 9753.54 9753.53 9753.05 9751.87 9750.18 9748.44 9747.78 9746.01 9743.77 9741.6 9739.42 9737.77 9736.52 9735.51 9734.5 9732.58 9731.39 9728.03 9723.38 9718.23 9711.84 9704.49 9693.82 9678.94 9662.34 9645.54 9635.69 9628.55 9629.39 9634.09 9640.21 9646.06 9651.25 9653.3 9654.45 9656.55 9657.56 9653.65 9651.71 9646.56 9640.77 9635.06 9629.56 9626.45 9629.6 9635.68 9634.16 9621.16 9612.21 9605.64 9600.37 9595.91 9592.06 9588.41 9584.94 9584.09 9581.06 9577.98 9574.83
9777.28 9771.93 9767.86 9764.77 9762.54 9760.93 9760.03 9759.67 9759.73 9760.24 9759.48 9757.47 9754.83 9753.37 9753.21 9750.74 9747.39 9744.79 9742.58 9741.02 9739.13 9737.89 9736.82 9735.68 9733.91 9729.69 9725.22 9720.08 9713.72 9706.6 9696.16 9682.41 9665.15 9649.25 9638.54 9633.48 9631.88 9637.26 9643.86 9651.35 9658.26 9661.9 9664.8 9668.49 9672.52 9680.37 9671.55 9662.32 9653.94 9646.67 9640.75 9637.86 9639.92 9644.25 9641.99 9630.71 9620.74 9613.22 9607.08 9601.94 9597.47 9593.53 9589.81 9588.98 9585.47 9582.44 9579.41
9781.52 9778.23 9774.83 9771.64 9769.42 9767.89 9766.46 9765.45 9764.85 9765.02 9764.67 9761.47 9758.35 9756.41 9754.68 9752.29 9749.87 9747.41 9744.8 9742.27 9741.03 9739.83 9738.38 9736.55 9733.53 9730.29 9726.03 9721.31 9715.62 9709.31 9699.27 9686.05 9668.95 9653.09 9640.7 9638.14 9633.75 9640.17 9648.45 9657.1 9665.01 9669.36 9672.94 9676.97 9681.82 9690.39 9684.41 9673.82 9664.13 9656.14 9650.2 9646.73 9644.79 9643.16 9639.6 9632.81 9625.03 9618.05 9611.91 9606.58 9601.89 9597.71 9593.88 9594.02 9591.06 9587.74 9584.58
9783.9 9780.73 9778.33 9776.16 9774.04 9772.5 9770.98 9769.46 9767.82 9765.96 9764.84 9763.16 9760.93 9758.71 9756.08 9753.67 9752 9750.01 9747.48 9744.44 9743.37 9741.84 9739.61 9736.99 9733.69 9730.48 9726.49 9722.53 9717.16 9711.69 9702.59 9690.54 9673.71 9658.66 9644.71 9647.39 9637.6 9644.93 9653.91 9662.25 9670.56 9675.19 9678.76 9682.98 9687.64 9693.81 9689.3 9679.68 9670.23 9662.17 9655.9 9651.42 9646.37 9641.29 9637.18 9632.37 9626.63 9620.88 9615.36 9609.96 9605.35 9601.17 9597.35 9598 9595.17 9592.53 9589.73
9782.67 9780.28 9779 9777.71 9776.21 9775.13 9774.03 9772.62 9770.43 9767.25 9765.94 9765.12 9763.45 9761.23 9758.42 9755.89 9754.61 9753.09 9751.4 9749.44 9747.25 9744.26 9740.7 9736.9 9733.03 9729.48 9726.13 9723.22 9718.62 9712.08 9704.72 9695.1 9680.98 9667.38 9654.8 9663.98 9646.42 9653.06 9660.4 9667.53 9675.11 9678.93 9681.98 9685.76 9689.61 9692.22 9688.02 9680.45 9672.24 9664.61 9657.91 9652.12 9645.46 9638.83 9635.1 9631.44 9627.03 9622.38 9617.58 9612.96 9608.23 9604.24 9600.57 9601.71 9599.57 9597.16 9594.95
9782.1 9781.57 9781.34 9780.86 9780.31 9778.99 9778.46 9777.24 9775.17 9772.02 9770.16 9768.7 9766.56 9764.16 9761.54 9759.49 9757.52 9756.2 9755.42 9754.85 9751.64 9746.8 9741.71 9736.33 9730.49 9725.75 9725.32 9725.01 9722.68 9717.26 9711.02 9703 9690.52 9678.07 9667.9 9674.96 9658.44 9661.96 9671.23 9674.94 9677.65 9680.45 9682.99 9685.97 9687.91 9687.6 9684.02 9678.25 9671.46 9664.39 9657.38 9650.41 9643.6 9637.26 9633.83 9630.66 9626.92 9622.93 9618.7 9614.54 9611 9607.3 9603.89 9603.82 9601.28 9598.93 9597.81
9782.53 9783.66 9784.24 9784.39 9783.86 9783.4 9782.94 9782.4 9781.39 9779.48 9776.45 9773.35 9770.07 9766.94 9763.96 9761.5 9759.53 9758.42 9758 9757.66 9754.42 9748.78 9742.9 9736.57 9729.8 9724.5 9725.88 9728.38 9729.97 9728.58 9720.28 9711.36 9699.85 9689.05 9680.88 9681.19 9671.75 9673 9678.32 9679.5 9679.92 9681.13 9683.23 9684.69 9685.55 9683.11 9679.49 9675.28 9669.53 9663 9655.98 9648.95 9642.67 9637.53 9634.11 9630.78 9627.22 9623.74 9620.04 9616.4 9612.86 9609.02 9606.53 9603.73 9601.22 9599 9598.41
9784.02 9785.63 9786.78 9786.94 9787.07 9787.09 9786.94 9786.79 9786.88 9786.34 9782.08 9777.54 9773.3 9769.2 9765.31 9762.15 9760.3 9759.57 9759.12 9757.96 9754.93 9750.25 9744.61 9738.31 9731.72 9726.71 9728.03 9732.33 9736.24 9736.95 9727.83 9718.6 9707.87 9700.02 9693.49 9691.21 9686.62 9683.27 9685.4 9684.04 9683.26 9683.09 9683.67 9684.07 9684.47 9683.35 9677.54 9673.01 9667.53 9661.25 9654.33 9647.66 9641.7 9637.24 9634.23 9630.81 9627.26 9624.06 9620.8 9617.6 9614.52 9610.07 9606.67 9604.5 9602.12 9600.06 9599.02
9786.33 9787.75 9788.75 9789.21 9789.48 9789.52 9789.68 9789.85 9790.15 9789.45 9785.28 9780.5 9775.77 9770.99 9766.3 9761.84 9760.37 9760.37 9760.01 9758.75 9756.1 9752.06 9747.1 9741.58 9735.69 9730.44 9731.75 9735.88 9738.93 9738.54 9731.18 9722.54 9713.05 9706.75 9702.51 9701.81 9698.32 9694.87 9690.32 9687.25 9685.11 9684.85 9683.97 9683.34 9683.33 9681.6 9676.7 9671.79 9666.3 9660 9653.02 9646.61 9641.37 9637.39 9634.4 9631.17 9626.92 9623.83 9620.87 9618.01 9615.29 9612.72 9606.5 9603.94 9601.67 9599.7 9599.11
9788.32 9789.63 9790.37 9790.73 9791.08 9791.12 9791.31 9791.56 9791.45 9789.77 9786.45 9782.13 9777.43 9772.69 9767.93 9763.05 9761.6 9761.84 9761.4 9760.29 9758.09 9754.39 9750.19 9745.92 9741.86 9738.36 9738.11 9739.14 9739.18 9736.45 9730.34 9723.17 9714.81 9709.14 9705.07 9705.15 9704.15 9696.51 9691.62 9688.41 9686.23 9684.48 9683.45 9682.71 9682.46 9679.91 9675.55 9671.04 9665.59 9659.27 9652.4 9645.69 9640.47 9636.32 9632.51 9629.46 9626.02 9623.03 9620.35 9617.85 9615.5 9613.31 9608.9 9604.52 9603 9600.98 9599.61
9790.82 9791.54 9791.87 9792.03 9792.33 9792.42 9792.34 9792.16 9791.79 9790.11 9786.75 9782.74 9778.42 9774.2 9770.33 9767.34 9765.6 9764.15 9763.1 9761.83 9760.16 9756.54 9753.16 9750.22 9748.16 9747.57 9745.26 9740.7 9737.41 9733.03 9727.35 9721.36 9715.42 9707.51 9700.92 9696.01 9691.47 9690.64 9689.33 9687.97 9686.2 9683.83 9683.19 9682.61 9682.55 9680.35 9675.78 9671.51 9665.77 9659.34 9652.3 9645.05 9638.76 9634.49 9630.49 9627.84 9624.22 9621.36 9618.61 9616.09 9613.77 9611.66 9608.03 9606.35 9605.44 9603.62 9602.47
9792.82 9793.07 9793.16 9792.97 9793.02 9792.91 9792.52 9791.99 9791.16 9789.16 9786.21 9782.57 9778.91 9775.29 9772.23 9769.45 9767.09 9766.23 9764.66 9762.53 9759.94 9757.63 9755.33 9753.14 9751.56 9751.18 9747.17 9738.56 9731.56 9726.53 9722.48 9717.85 9712.51 9703.98 9695.12 9685.6 9668.47 9682.39 9685.98 9686.98 9686.45 9684.91 9684.07 9683.37 9683.25 9682.31 9680.03 9672.98 9665.97 9659.42 9652.61 9645.47 9638.8 9632.82 9628.66 9626.57 9623.08 9620.63 9618.07 9615.67 9613.47 9611.47 9607.68 9605.96 9604.48 9603.69 9602.71
9794.65 9794.56 9794.53 9794.03 9793.64 9792.89 9792.05 9790.92 9789.82 9787.63 9784.85 9781.74 9778.54 9775.65 9773.4 9771.78 9770.74 9768.34 9766 9763.49 9760.54 9758.95 9756.96 9754.35 9751.62 9748.24 9742.35 9733.65 9724.04 9719.55 9717.6 9714.1 9709.35 9700.85 9692.11 9682.93 9665.4 9678.49 9685.05 9687.03 9687.48 9686.71 9686.06 9684.55 9683.36 9681.71 9681.02 9672.09 9665.32 9659.09 9652.76 9646.53 9639.21 9631.19 9627.17 9624.74 9621.32 9618.41 9616.39 9614.03 9611.87 9611.04 9608.67 9607.09 9605.71 9604.26 9603.33
9795.55 9795.33 9794.75 9794.09 9793.6 9792.59 9791.39 9789.21 9786.51 9784.7 9782.96 9780.29 9777.41 9774.91 9773.17 9772.62 9772.48 9768.85 9766.41 9764.92 9764.31 9761.84 9758.17 9754.46 9750.38 9745.25 9738.57 9730.61 9721.44 9716.92 9714.84 9711.5 9707.2 9699.2 9692.81 9687.72 9685.86 9683.99 9687.14 9688.11 9688.87 9689.41 9689.27 9686.14 9682.33 9677.99 9672.18 9667.83 9663.78 9658.64 9652.93 9646.98 9639.02 9630.35 9625.83 9623.36 9620.1 9617.47 9615.08 9613.41 9611.95 9609.23 9607.5 9605.93 9604.54 9603.54 9602.51
9795.72 9795.43 9794.89 9794.09 9793.48 9792.41 9791.1 9788.49 9784.33 9783 9781.3 9778.5 9775.65 9772.92 9770.81 9769.09 9766.89 9765.83 9764.91 9764.58 9764.59 9762.22 9758.15 9753.74 9748.88 9743.2 9736.71 9730.45 9724.17 9718.04 9713.76 9709.64 9705.37 9698.92 9695.06 9692.73 9696.46 9690.07 9688.77 9688.27 9688.72 9689.76 9689.82 9685.36 9680.78 9675.63 9668.43 9666.18 9662.87 9657.93 9652.37 9646.85 9639.19 9629.75 9624.61 9620.35 9618.81 9616.42 9614.31 9611.98 9610.54 9607.78 9606.07 9604.49 9603.07 9602.11 9601.05
9795.07 9794.94 9794.5 9793.74 9792.92 9792.04 9791.04 9789.8 9787.16 9783.8 9780.28 9776.57 9773 9769.75 9766.96 9764.52 9762.66 9761.86 9761.66 9762.04 9761.88 9760.26 9757.03 9752.38 9747.25 9741.9 9736.37 9730.62 9724.78 9718.34 9712.73 9707.76 9703.22 9697.81 9694.57 9692.43 9692.77 9688.55 9687.37 9686.45 9686.26 9685.97 9684.52 9682.16 9679.16 9675.71 9672.59 9668.74 9662.78 9656.77 9650.88 9644.97 9637.41 9628.97 9622.98 9618.63 9616.78 9614.45 9612.43 9610.78 9609.07 9606.84 9605.6 9604.06 9602.58 9600.96 9599.81
9794.31 9794.23 9793.44 9792.6 9791.65 9791.12 9790.72 9790.98 9790.2 9784.14 9778.9 9774.11 9769.79 9765.84 9762.24 9759.43 9757.81 9756.65 9756.85 9758.32 9760 9759.95 9755.54 9750.32 9745.1 9740.19 9735.76 9729.74 9723.42 9717.43 9711.38 9705.93 9701.04 9696.8 9691.86 9689.33 9688.66 9686.32 9683.92 9683.14 9682.83 9682.05 9680.03 9678.38 9677.2 9675.14 9673.64 9669.73 9661.44 9654.46 9648.22 9642.56 9634.94 9626.55 9620.42 9616.37 9614.27 9612.18 9611.07 9609.43 9607.83 9605.98 9604.38 9602.72 9601.49 9599.99 9598.68
9793.31 9793.14 9792.08 9790.82 9789.64 9788.68 9788.16 9788.04 9786.97 9781.25 9775.82 9770.69 9765.89 9761.32 9756.9 9753.04 9749.55 9748.73 9750.49 9753.17 9756.34 9757.39 9752.42 9747.07 9742.07 9737.2 9732.39 9727.41 9722.26 9716.18 9710.07 9704.21 9698.97 9694.23 9688.72 9685.14 9681.99 9680.22 9678.56 9678.93 9679.44 9679.16 9677.58 9676.78 9675.28 9672.51 9668.9 9664.35 9657.39 9650.17 9643.48 9638.13 9630.32 9621.38 9616.35 9613.33 9612 9610.51 9608.96 9607.41 9606.51 9604.95 9603.33 9601.71 9600.25 9598.68 9597.19
9791.93 9791.27 9789.94 9788.58 9786.96 9785.43 9783.99 9782.03 9779.43 9776.07 9771.31 9766.28 9761.39 9756.5 9751.68 9747.03 9742.44 9741.34 9743.65 9746.37 9749.03 9749.99 9746.38 9742.33 9738.28 9733.8 9729.07 9725.35 9720.97 9715.04 9709.69 9703.79 9698.37 9693.02 9684.97 9680.15 9674.45 9669.48 9672.3 9674.61 9676.43 9677.8 9678.02 9677.3 9673.85 9669.09 9663.76 9658.36 9652.58 9645.46 9637.4 9629.05 9622.15 9615.48 9612.51 9610.4 9608.75 9607.49 9605.83 9604.09 9603.86 9602.68 9600.98 9599.28 9598.66 9596.93 9595.22
9789.86 9788.96 9787.44 9785.69 9783.54 9781.29 9779.15 9777.06 9774.37 9770.6 9766.32 9761.69 9756.93 9752.17 9747.21 9742.41 9737.95 9736.26 9737.64 9739.23 9740.07 9739.05 9738.45 9737.37 9734.97 9731.28 9726.96 9723.47 9719.02 9713.92 9708.85 9703.11 9697.59 9691.79 9685.6 9676.28 9670.02 9663.03 9667.49 9670.57 9673.02 9675.88 9680.05 9678.34 9671.59 9665.71 9659.79 9654.69 9648.79 9641.61 9632.96 9623.37 9617.25 9613.11 9610.41 9608.1 9606.37 9604.24 9602.1 9602.1 9600.11 9599.18 9597.45 9597.39 9595.64 9593.76 9591.9
9786.97 9786.24 9784.7 9782.51 9779.73 9776.64 9773.45 9771.03 9768.4 9765.1 9761.59 9757.63 9753.26 9748.66 9743.67 9739.09 9735.11 9733.11 9733.05 9733.74 9733.39 9731.83 9732.93 9734.3 9733.48 9730.28 9724.69 9718.43 9714.97 9712.1 9707.9 9702.34 9696.66 9690.46 9683.77 9673.98 9667.98 9659.94 9663.18 9666.38 9668.17 9670.04 9671.58 9669.95 9665.93 9662.08 9657.32 9652 9646.85 9639.89 9631.23 9623.05 9616.39 9611.36 9608.6 9607.59 9606.73 9604.72 9602.53 9598.36 9595.92 9595.25 9593.24 9593.65 9591.58 9589.61 9587.67
9783.62 9783.09 9781.65 9779.4 9776.37 9772.44 9767.4 9762.55 9761.27 9759.99 9757.85 9754.59 9750.69 9746.09 9741.32 9736.69 9732.42 9729.55 9729.98 9731.09 9731.17 9729.76 9731.68 9734.78 9734.99 9732.2 9726.2 9717.77 9714.68 9711.41 9707.19 9702.12 9696.09 9689.49 9682.46 9673.91 9667.21 9659.91 9660.9 9662.56 9662.89 9662.6 9660.49 9657.96 9659.24 9659.17 9657.09 9651.86 9648.54 9640.92 9630.97 9622.36 9617.21 9612.65 9611.36 9610.18 9607.62 9606.02 9603.58 9598.89 9597.79 9595.46 9590.62 9588.4 9586.34 9584.34 9584.97
9779.5 9779.64 9778.71 9776.76 9773.8 9769.53 9763.53 9757.18 9757.03 9757.15 9755.62 9752.74 9748.94 9744.55 9739.92 9735.2 9730.94 9728.12 9729.15 9731.44 9733.61 9734.41 9737.1 9739.8 9739.62 9737.7 9734.26 9726.77 9718.76 9713.13 9707.62 9702.02 9695.59 9688.66 9681.49 9674.61 9667.56 9661.09 9659.11 9659.4 9658.55 9657.04 9654.5 9652.75 9655.04 9657.89 9659.79 9661.13 9655.38 9645.35 9632.49 9622.18 9620.65 9621.63 9620.54 9614.32 9609.94 9606.45 9602.6 9599.47 9598.01 9595.35 9590.56 9588.08 9585.83 9581.53 9579.43
9774.94 9776.24 9776.05 9774.85 9772.62 9769.05 9763.7 9757.83 9757.29 9757.17 9755.44 9752.43 9748.79 9744.41 9739.8 9735.16 9731.02 9728.89 9729.87 9733.78 9739.34 9745.53 9749.3 9747.57 9745.17 9743.46 9743.04 9735.65 9722.38 9715.66 9708.82 9702.11 9696.31 9689.09 9681.81 9675.69 9668.55 9661.63 9657.27 9657.25 9655.8 9653.86 9651.71 9650.41 9652.92 9657.26 9661.83 9664.99 9662.9 9652.92 9638.67 9627.57 9625.89 9624.74 9621.46 9615.2 9610.63 9606.1 9602.62 9599.16 9597.3 9593.84 9591 9588.26 9585.72 9580.88 9578.45
9771.37 9773.56 9774.09 9773.74 9772.63 9770.91 9767.98 9763.79 9761.52 9759.62 9756.94 9753.57 9749.82 9745.72 9741.06 9736.23 9731.54 9728.22 9729.95 9736.08 9744.02 9753.44 9758.19 9752.63 9747.76 9744.96 9744.18 9737.82 9725.75 9718.92 9711.61 9704.28 9697.74 9690.47 9683.58 9676.72 9669.86 9663.57 9659.17 9656.82 9654.73 9652.46 9650.47 9649.31 9651.19 9655.18 9660.73 9669.32 9671.54 9660.99 9650.9 9640.67 9633.69 9625.78 9617.59 9614.35 9610.4 9606.27 9602.4 9598.69 9596.7 9592.73 9589.7 9586.75 9583.34 9580.59 9577.87
