real_craters/C069-300m.grd
DSAA
181 181
-26.95 26.95
-26.95 26.95
10425.489141239 12202.633153659
[rows 90 to 119 of 181, columns 0 to 66 of 181]
11381.4 11385.7 11390.2 11390.5 11389.3 11388.3 11387.8 11387.2 11387.2 11387.4 11387.7 11388.2 11389.6 11390.6 11391.9 11394 11398.6 11401.2 11401.6 11399.2 11397.6 11395.4 11393.7 11392 11390.3 11388.9 11389.1 11389.4 11389.5 11390.3 11392.2 11396.5 11405 11410.8 11413.7 11413.4 11410.7 11409.7 11411.2 11413.3 11415.4 11417.4 11413.9 11405.5 11398.1 11393.9 11393.6 11393.1 11395.8 11401.2 11408.3 11416.4 11425.7 11436.6 11449.2 11463.5 11480.1 11497.8 11512.8 11518.2 11523.2 11534.1 11570.8 11572.6 11432.6 11286 11194.8
11380.6 11383.9 11387.5 11387.7 11387.4 11387.2 11387.2 11387.4 11387.6 11388.2 11388.7 11389.3 11389.9 11390.9 11392.3 11394.4 11397.5 11401.3 11402.6 11400.6 11398.6 11396.6 11394.7 11393.1 11391.7 11390.8 11391.1 11391.1 11391.8 11393 11395.5 11400.4 11412.3 11427.9 11433 11427.2 11419.3 11414.1 11411.9 11411.7 11411.8 11410.8 11406.6 11400.4 11394 11389.9 11389.6 11391.2 11395.5 11401.9 11409.3 11417.8 11427.5 11438.1 11450.7 11465.4 11482.1 11501.1 11520 11524.9 11532.4 11548.7 11573.6 11565.6 11424.1 11278.9 11193.6
11379.8 11380.8 11381.9 11383.4 11384.8 11385.8 11386.6 11387.2 11387.8 11388.3 11388.7 11389.4 11390.6 11391.5 11392.4 11393.4 11396.5 11400.7 11402.3 11400.8 11399.4 11397.7 11396.1 11394.8 11393.6 11392.6 11392.2 11393.9 11394.6 11395.4 11397.2 11399.2 11406.9 11437.7 11449 11437.5 11424.1 11414.5 11411.2 11409.8 11408.4 11405.3 11400.9 11396.4 11390.3 11385.1 11382.3 11388.3 11394.8 11402.2 11410 11418.9 11428.2 11438.9 11450 11462.7 11477.6 11494.6 11513.5 11520.2 11530.4 11543.4 11568.8 11560.3 11434 11293.2 11212.3
11377.6 11378 11378.6 11380.2 11382.3 11384.2 11385.8 11386.8 11387.8 11388.5 11389.2 11390 11391.2 11392.4 11393.4 11393.7 11397 11399.8 11399.8 11399.9 11398.9 11397.6 11396 11394.9 11394.1 11393.5 11393.5 11394.7 11395.8 11397.8 11400 11402.5 11409.7 11441.6 11455 11440.3 11424.2 11412.9 11409.8 11408.9 11407.4 11404.2 11400.1 11396 11390.1 11384.1 11381.4 11388.4 11396.2 11403.9 11411.7 11419.3 11427.8 11436.9 11447 11457.5 11469.1 11480.6 11490.6 11504.7 11520.3 11535.8 11561.5 11562.2 11468.9 11351.9 11261.1
11374.8 11376 11376.8 11378.4 11380.9 11383.2 11384.9 11386.3 11387.4 11388.2 11389.2 11390.3 11391.5 11393.4 11396 11399.8 11402.7 11401.4 11400.3 11399.8 11398.3 11396.7 11395.3 11394.6 11394 11393.9 11394.1 11396 11397.6 11400.1 11404.2 11411.6 11422.9 11438.2 11445.4 11434 11421.1 11410.3 11409.6 11409.8 11409 11407.2 11404.6 11400.5 11394.8 11389.1 11388.1 11393.7 11400.8 11407.7 11414.5 11420.9 11428.1 11435.7 11443.5 11451.4 11459.3 11467.1 11474 11488.7 11507.8 11528.2 11549.3 11549.4 11510.8 11437.5 11327.5
11374.3 11375.4 11376.4 11378 11380.8 11383.2 11385 11386.5 11387.6 11388.6 11389.4 11390.3 11391.3 11392.8 11396 11401.1 11402.9 11401.4 11402.6 11399.7 11397.1 11395.6 11394.7 11394.2 11394.1 11394.2 11394.6 11396.5 11398.2 11401.3 11406.1 11413.8 11422.6 11424.8 11423.6 11423.2 11418.8 11414 11413.1 11413 11412.6 11412.3 11412.1 11408.6 11404.1 11398.5 11398.1 11403 11408.1 11413.1 11418.1 11423.4 11428.7 11434 11439.8 11445.2 11450.3 11456 11464.4 11476.6 11492.2 11511.6 11532 11546.6 11545.3 11500 11393.8
11374.6 11376.1 11377.9 11380 11382.3 11383.9 11385.2 11386.4 11387.6 11388.7 11389.4 11389.8 11390.3 11390.8 11391.3 11391.7 11391.5 11395 11398.1 11395.9 11393.9 11393.2 11393 11393 11393.3 11393.7 11393.6 11395.4 11397.1 11400.5 11404.6 11408.5 11412.5 11414.3 11412 11417.1 11419 11419.3 11418.4 11417.2 11416.7 11417.1 11418 11417.8 11417.4 11414.3 11414 11415.7 11417.1 11419.4 11422.2 11426 11429.2 11432.7 11436.3 11439.4 11442.1 11445.5 11450.4 11459.4 11474.1 11491.6 11511 11546.4 11575.5 11572.9 11485.6
11375.1 11377.7 11380.5 11383.2 11384.5 11385.1 11385.8 11386.7 11387.5 11388.2 11388.7 11389.2 11389.2 11388.8 11387.7 11386.5 11386.9 11388.6 11387.9 11388.1 11389.4 11390.2 11390.9 11391.5 11391.5 11392.2 11392.5 11393.9 11395.8 11398.4 11402.5 11406 11408.9 11411.5 11414.5 11416.6 11419.6 11423.3 11422.7 11420.3 11419.9 11420.9 11422.5 11425.9 11432 11440.4 11434.9 11429 11426.5 11426.2 11427.7 11429.3 11431.2 11433.2 11435.2 11436.2 11436.8 11437.2 11437.1 11442.1 11458 11477.3 11503.8 11547 11596.1 11634.3 11574.3
11377.6 11380 11382.6 11385.2 11386 11386 11386.5 11387.3 11387.9 11388.4 11388.5 11388.8 11388.8 11388.3 11387 11387.1 11389.1 11387.1 11383.3 11383.7 11386.4 11388.1 11389.7 11390.7 11391.6 11392.4 11393.2 11393.9 11394.6 11395.7 11398.7 11403.8 11406.5 11409.2 11413 11415.5 11417.7 11420.6 11420.7 11420.1 11421.8 11424.5 11427.7 11432.7 11440.5 11449.1 11444.5 11437.9 11434.1 11432.7 11432.9 11433.6 11434.5 11435.7 11436.4 11436.3 11435.6 11434.4 11431.6 11432.4 11448.8 11466.9 11491.6 11539.9 11595.1 11644.1 11615.2
11381.3 11382.5 11383.8 11385.4 11386.4 11386.8 11387.3 11387.8 11388.5 11388.9 11389.4 11389.6 11389.8 11390 11389.8 11389.8 11390.5 11388.4 11385.6 11385.1 11386.3 11387.7 11389 11389.9 11391 11391.8 11392.6 11393.2 11393.3 11392.9 11392.5 11393.4 11399.2 11405.6 11411.1 11413.6 11413.7 11412.7 11413 11417.7 11423.1 11428.5 11433.5 11438.2 11442 11445.1 11444.6 11441.9 11439.5 11438.4 11438 11438.4 11438.8 11439.1 11439.3 11438.7 11438 11437 11436.8 11438.7 11449.7 11462 11480.3 11529.2 11577.6 11620.8 11613.9
11383.5 11384.1 11384.7 11385.5 11386.8 11387.5 11388 11388.4 11389 11389.5 11390 11390.5 11391.2 11392.3 11394.1 11394.1 11392.1 11390.3 11389.1 11387.7 11388.1 11388.8 11390 11391.3 11392.5 11393.6 11394 11394.3 11394.1 11392.7 11390 11386 11394.6 11403.6 11409.9 11412.5 11411.4 11408.8 11409.3 11417.7 11426.2 11433.3 11439.2 11442.7 11440.6 11438.7 11442 11442.6 11442.2 11441.5 11440.2 11440.1 11440.4 11440.7 11441.3 11440.7 11442.6 11443.3 11447.7 11457 11458.7 11465.2 11482.9 11524.4 11558.2 11587.4 11585
11383.3 11384.3 11385.6 11387 11388.3 11388.6 11388.8 11389.2 11389.6 11390.3 11390.8 11391.5 11392.3 11393.6 11395.7 11398 11398.6 11398 11395.6 11392.1 11390.7 11390.9 11392.1 11393.4 11395.8 11397 11398.3 11398.5 11398.4 11397.4 11395.7 11394.8 11399.4 11405.8 11410.8 11413.3 11413.1 11411.4 11411.9 11422.1 11431.9 11439.3 11443.7 11444.5 11441.3 11438.3 11442.1 11443.3 11442.8 11441.9 11441.5 11441.6 11442.1 11443.2 11444.6 11443.9 11446.7 11450.1 11455.4 11461.6 11465.8 11473 11491.2 11521.7 11546.8 11568.9 11574.4
11382.9 11384.2 11386.2 11388.1 11389.2 11389.4 11389.8 11390.2 11390.6 11391.2 11391.7 11392.5 11393.2 11394.3 11396.7 11402.8 11409.5 11412.1 11404 11395.9 11392.7 11392.4 11394.3 11396.1 11398.1 11400.3 11402 11403.4 11404.1 11404.3 11404.4 11405.7 11407.9 11411.5 11414.4 11416.6 11419.6 11420.9 11423.5 11432.5 11441.5 11447.6 11450.1 11449.6 11448.5 11446.3 11445.9 11444.4 11442.9 11441.6 11441.1 11440.2 11441.2 11443 11445.5 11447.7 11451.7 11456.4 11461.8 11467 11471.7 11479.8 11497 11521.2 11545.5 11563.9 11579
11384.4 11385.5 11387.3 11388.5 11389.1 11389.8 11390.4 11391 11391.4 11392 11392.3 11393 11394.1 11395.7 11398.9 11407 11416.6 11422 11409.1 11396.8 11393.6 11394.2 11395.7 11397.7 11400.4 11402.7 11405.2 11407.6 11410.1 11412.2 11413.2 11414.1 11416.6 11419.2 11422.1 11425.6 11430.6 11435 11439.7 11447.5 11454.4 11458.5 11459.7 11459.4 11459.2 11455.5 11450 11444.8 11441.5 11438.2 11437.1 11437.4 11438.6 11441.4 11445.1 11449.5 11455.2 11461.7 11467.9 11473.7 11477.6 11482.1 11497.9 11523.9 11551.7 11575.7 11599.6
11387.7 11388.9 11389.4 11389.4 11389.1 11390.3 11391.3 11391.8 11392.2 11392.5 11393 11393.8 11395.2 11397.5 11401.5 11408.3 11415.5 11417.5 11408.9 11397.9 11395.4 11396.1 11398 11399.9 11402.3 11404.7 11407.8 11411.5 11415.8 11420.9 11425 11425.9 11425.6 11427 11430.8 11436.2 11443.9 11450.6 11457.5 11464.8 11468.8 11469.9 11469.1 11466.3 11464 11458.6 11449.9 11441.2 11435.9 11432.6 11431.4 11432.1 11434.5 11437.7 11442.9 11449.7 11457 11465.3 11474 11483.4 11487.7 11484.6 11502.4 11533.4 11561 11586.4 11613.5
11390.5 11392.2 11392 11391.7 11391.5 11392.4 11392.7 11392.9 11393 11393.2 11393.6 11394.2 11395.6 11398.6 11402.6 11407.1 11411.4 11412.6 11408.6 11402.6 11399.9 11399.5 11400.3 11401.6 11403.5 11406.5 11409.8 11414.5 11420.2 11427.9 11435.7 11435.6 11431.3 11430.9 11436 11447.8 11453.7 11463.6 11476.8 11483.6 11482 11478.5 11476.2 11473.8 11469.4 11458.1 11442.6 11431.3 11424.8 11421.1 11420.9 11422.7 11426.1 11433.4 11439.7 11447.7 11456.6 11466.4 11477 11488.7 11495.8 11492 11511 11545.9 11567 11590.2 11615.3
11391.7 11394.1 11394.3 11394.6 11395.7 11394.8 11394.3 11394.1 11393.9 11393.8 11393.9 11394.2 11394.8 11396.3 11399.9 11404.2 11407.9 11410.3 11408.7 11406.8 11404.2 11402.5 11402.3 11403 11404.5 11407.4 11410.7 11415.4 11421.1 11429.5 11438.1 11436.2 11430.1 11427.5 11429.8 11439.4 11448 11466.5 11490.1 11498.3 11487.9 11478.6 11474.7 11481 11482.7 11448.9 11425.8 11411.1 11407.9 11405.2 11406.1 11409.4 11418.4 11425.5 11433.6 11442.3 11452.6 11463.8 11475.3 11486.1 11491.5 11495.1 11512.1 11539.4 11562.6 11586.2 11612.2
11392 11394.1 11395.2 11396 11396.1 11396.1 11395.5 11394.9 11394.5 11394.2 11394.2 11394 11394 11394.1 11396.9 11401.3 11404.3 11405.4 11405.4 11405.5 11404.6 11403.8 11403.5 11404.2 11405.3 11407.6 11410.2 11413.9 11418 11423.8 11429.1 11427.3 11422.4 11418.3 11415.2 11411.8 11427 11456.4 11485.8 11496.1 11480.6 11465.2 11452.8 11446.5 11434.3 11411.4 11394.7 11384.3 11385.3 11385.9 11392.7 11398.6 11405.9 11413.7 11423.6 11433.1 11445.3 11458 11471.1 11482.5 11488.5 11489.6 11505.7 11526 11550 11575.1 11601
11392.7 11394.3 11396.2 11397.2 11397.9 11397.4 11396.2 11395.3 11394.7 11394.4 11394.3 11394.3 11394.3 11394.7 11396.9 11399.9 11402.2 11403.2 11404.1 11404.8 11405 11404.4 11404.3 11404.6 11405.4 11407 11408.8 11411 11413.1 11414.5 11414.1 11414.7 11412.3 11408.4 11404 11400.2 11413.6 11441.7 11464.2 11470.6 11460.8 11441.8 11416.5 11385.1 11357.6 11355.6 11353.5 11354.5 11360.6 11364.3 11374.9 11383.3 11392.5 11402.9 11413.3 11425.2 11438 11451.6 11466.9 11481.2 11493.5 11486 11500.7 11516.1 11537.5 11560.7 11580.3
11394.5 11396.6 11397.7 11397.9 11397.9 11397.3 11396.3 11395.3 11394.7 11394.5 11394.6 11395 11395.6 11396.2 11397.9 11399.7 11401.5 11403.2 11404.9 11405.3 11406 11404.8 11404.6 11404.7 11405.3 11406.2 11407.2 11408.3 11409.1 11409.2 11406.9 11406.6 11404.3 11401.1 11398.4 11399 11411.4 11432 11447 11447.9 11444.3 11421.4 11384.5 11340.4 11307.3 11307 11313.6 11323.6 11335.5 11348.1 11358.9 11370.4 11381.4 11391.5 11403.6 11416.4 11430.8 11445.6 11459.6 11475.6 11491.1 11492.3 11500.7 11515.7 11532.9 11548 11558.4
11395.6 11398 11398.4 11397.8 11397.4 11396.8 11395.7 11394.9 11394.3 11394.2 11394.6 11395.6 11397.3 11399.3 11399.4 11399.9 11401 11402.1 11402.8 11403.8 11404.6 11404.5 11405.2 11405.7 11406.1 11406.6 11406.4 11406.8 11407 11408.4 11407.3 11402.9 11399.2 11396.1 11394.8 11397 11409.2 11429.5 11449.6 11459.9 11447.1 11413.4 11366 11312.2 11272.9 11272.8 11283.7 11298.8 11312.3 11330.5 11344.6 11357 11368.9 11381.7 11394 11408.3 11421 11434.7 11448.4 11462.2 11473.1 11482.5 11497.7 11517 11533.6 11536.2 11539.4
11395 11396.9 11397 11396.2 11395.8 11395.5 11394.3 11393.8 11393.5 11393.8 11394.2 11395.1 11397 11399.4 11399.2 11399.5 11400.3 11400.9 11400.4 11401.9 11402.5 11403.7 11405.9 11407.7 11408.2 11408.4 11407.4 11406.3 11405.3 11406.2 11404.9 11399.6 11395.5 11392.6 11390.2 11392.5 11403.3 11429.2 11458.7 11481.3 11460.6 11417.7 11363.9 11304.6 11261.6 11255.4 11266.3 11282.6 11298.6 11318.2 11334.1 11348.1 11362 11374.8 11386.9 11400 11412.2 11424.5 11435.9 11448.3 11458 11474.1 11488.9 11505.1 11518.9 11519.8 11523.7
11393 11393.9 11394.1 11393.4 11392.4 11391.8 11391.8 11392.4 11392.8 11393.3 11393.6 11394 11394.4 11395.7 11397.5 11398.9 11400.2 11401.6 11402.8 11402.6 11401.6 11403.5 11407.1 11409.9 11411.4 11411.2 11409.3 11406.7 11403.4 11401.6 11399 11396.1 11393 11390.5 11388 11388.9 11397 11427.4 11461 11482.8 11469.4 11430.2 11376.8 11316.9 11268.4 11252.5 11258.8 11274.4 11291.6 11314.2 11327.7 11342.6 11356.4 11369.7 11381.4 11393.1 11404.2 11414.5 11424.6 11436.7 11446.9 11468.2 11475.5 11483 11489 11497.7 11507.5
11390.5 11391.4 11391.5 11390.2 11388.9 11388.1 11389.4 11391.2 11392.7 11393.6 11393.7 11393.4 11392.6 11393.5 11396.3 11398.5 11400.5 11402.6 11405.4 11404.4 11402.5 11405.4 11410.4 11414 11415.8 11415.6 11413.1 11408.3 11403.1 11399 11396.3 11394.4 11392.4 11390.2 11387.8 11388.5 11396.5 11426.4 11463 11487.7 11484 11450.1 11400.8 11345.4 11286.2 11259.2 11262.9 11276.4 11293.7 11314.5 11330.4 11342.6 11355.6 11366.6 11377.6 11387.9 11397.3 11405.4 11414.7 11426.1 11436.3 11450.3 11458.9 11462.9 11460.5 11478.5 11493
11387.7 11388 11387.8 11387.2 11386.5 11385.8 11388.4 11391.6 11393.6 11394.8 11395 11394.6 11394.2 11394.7 11396.9 11398.9 11400.8 11402.6 11403.4 11403.9 11405.7 11410.1 11416.5 11421.3 11423.4 11423.1 11419.9 11414.1 11405.9 11398.1 11396.5 11396.9 11395.3 11392.9 11391 11390.9 11397.2 11426.6 11468 11504.6 11508.5 11473.4 11428.1 11376.4 11311.9 11276.5 11277.8 11289.7 11302.8 11320.3 11333.7 11346.1 11357.5 11366.6 11375.1 11383.6 11391.3 11398.8 11406.7 11415.9 11422.7 11434.4 11446.3 11454.4 11461 11473 11483.1
11385.3 11384.9 11384.5 11385.6 11386.6 11387.1 11390.5 11394 11396.1 11397.1 11397.4 11397.3 11398 11398 11398.7 11400.1 11401.7 11403.6 11405.5 11408.2 11411.5 11417.4 11426.5 11432.2 11434.3 11433.8 11430.3 11424.2 11416.1 11405.4 11404.1 11404 11402 11399.8 11397.6 11397.6 11402.6 11428.7 11469.2 11507.5 11517.9 11489 11451.9 11403.8 11342.6 11302.4 11301.4 11310 11319.4 11333.2 11344.5 11353.5 11361.9 11370.1 11375.6 11382.7 11388.1 11394.3 11400.3 11407.1 11417.2 11428 11439.3 11451.9 11467.6 11474.9 11478
11383.7 11383.5 11383.9 11386 11389 11392.5 11396.1 11398.5 11400.1 11400.8 11401 11400.5 11399.9 11400.2 11400.9 11401.9 11403.4 11405.8 11410.7 11418.7 11423.3 11432 11442.1 11446.2 11447.5 11446.6 11444.1 11439.1 11432.2 11423.8 11419.5 11415.8 11411.8 11408.1 11405.9 11406.6 11413.7 11433.9 11463.7 11491 11502.2 11490.5 11471.2 11437.9 11381.1 11339.6 11337.7 11340 11342.8 11348.1 11354.9 11360 11365.1 11370.9 11377 11381.7 11386.6 11390.7 11394.9 11398.9 11405.2 11418.7 11431.9 11446 11461.7 11469.5 11472.8
11383 11382.9 11383.7 11387.2 11392.4 11398.1 11402.2 11404.1 11405.1 11405.4 11405.9 11404.5 11402.3 11402.9 11403.6 11404 11405 11407.1 11410.9 11418 11439.7 11459.3 11461.8 11461.2 11461 11460.5 11459.4 11457.3 11453.4 11446.7 11438.6 11430.6 11423 11416.9 11413.6 11414.5 11423.1 11438.6 11453.3 11468.4 11477.1 11481 11479.5 11462.8 11427.9 11402.7 11386.4 11375.7 11369.5 11368 11368.9 11370.3 11371.3 11374.6 11377.7 11381.6 11385.3 11389.5 11393.1 11396.1 11401.2 11411.7 11424.3 11436.6 11446.4 11454 11462.8
11383 11383.3 11384.3 11389.1 11396 11402.8 11407.7 11409.8 11410.3 11410.3 11410.2 11410.8 11409.5 11407.8 11406.8 11406.2 11406.6 11408.3 11411.7 11420.4 11449.1 11476.2 11473.6 11471.6 11471.6 11472.7 11473.9 11475.3 11476 11471 11457.4 11445.2 11433.8 11424.9 11419.1 11417.1 11421.6 11430.6 11438.1 11447.7 11455.9 11466.8 11474.3 11471.6 11461.3 11454.2 11428.2 11406.8 11394.2 11386 11381.9 11379.7 11379.7 11380.9 11381.7 11383.7 11386.5 11390.1 11394.3 11399 11404.4 11411.9 11420.8 11428.8 11435.7 11442.6 11451.7
11383.8 11384.7 11386.9 11392 11399.5 11407.9 11414.5 11415.2 11414.8 11414.5 11414.6 11416.1 11416.2 11412.3 11409.6 11408 11407.8 11409.5 11414.3 11426.3 11444.8 11462.8 11470.2 11475 11478.2 11481.4 11484.7 11489.2 11493.8 11488.8 11471.7 11456.3 11442.7 11431 11422.2 11415.7 11412.9 11412.2 11420.6 11430.6 11440.2 11452.9 11463.6 11469.3 11470.1 11467.1 11448.4 11426.8 11411.7 11400.2 11393.9 11389.5 11386.7 11386.4 11386.3 11387.2 11388.9 11391.8 11395.4 11401.3 11405.9 11411.3 11417.4 11422.9 11429.1 11437 11441.5
