real_craters/C069-300m.grd
DSAA
181 181
-26.95 26.95
-26.95 26.95
10425.489141239 12202.633153659
[rows 150 to 179 of 181, columns 0 to 66 of 181]
11449.6 11448.4 11447.3 11446.3 11445.5 11444.6 11443.7 11444.3 11447.2 11453.7 11459.7 11463.6 11467.7 11471.6 11475.1 11478.6 11482 11485.4 11488.8 11491.7 11495.2 11498.7 11502.3 11506.1 11508.9 11512.1 11519.1 11525.5 11532.9 11540.7 11547.6 11555.9 11564.6 11574.2 11584.4 11594.8 11606.7 11620.9 11636 11635.5 11626.8 11618.7 11611 11601.3 11591.9 11586.2 11584.4 11584.5 11585.1 11585.5 11578.1 11567 11554.5 11539 11519.2 11495.7 11493.2 11499.8 11501.6 11499.5 11495.5 11490.1 11484.5 11478.6 11473.5 11468.9 11468.4
11452.2 11450.8 11449.5 11448.5 11447.3 11446.9 11447.5 11448.6 11450.8 11454.4 11457.6 11463.7 11468.4 11472.5 11476.5 11480.3 11484.1 11487.9 11491.9 11496.2 11499.5 11503.5 11507.8 11512.2 11515.9 11519.1 11525.4 11531.1 11537.2 11544.2 11551.5 11558.1 11566.2 11574.7 11584.1 11593.9 11605.1 11618 11631.8 11637.6 11638.2 11636.2 11626.6 11611.4 11595.8 11588 11585.9 11585.9 11586.4 11586 11580.5 11571.2 11560.8 11547.7 11530.4 11509.3 11506.2 11509.3 11509.6 11507 11502.7 11496.7 11491.2 11485.1 11479.9 11476.2 11475.4
11455.3 11453.5 11452 11450.6 11449.5 11449.4 11450.2 11452 11454.4 11457.4 11460.8 11466 11470.1 11474 11477.8 11481.9 11486.2 11490.6 11495.1 11499.6 11503.7 11508.1 11512.6 11517 11521.7 11526.9 11531.7 11536.3 11541.6 11547.2 11553.7 11560.7 11567.5 11575 11583 11590.9 11599.6 11608.5 11618.3 11632.1 11643.9 11653.4 11641 11620.4 11601 11590.2 11587.3 11587 11586.9 11585 11581.9 11576.5 11569.9 11562.6 11554.7 11546.2 11534.9 11528 11523 11517.7 11512 11505.6 11499.1 11492.6 11487 11483.1 11481.9
11459 11456.9 11455 11453.3 11452 11451.3 11451.6 11453.2 11455.9 11460.3 11467.4 11468.9 11471.6 11475.2 11479.2 11483.8 11488.4 11493.3 11498.1 11503 11508 11512.6 11517 11520.9 11523.2 11529.7 11535.3 11539.9 11544.3 11549.2 11555.1 11560.9 11567.1 11573.9 11580.9 11587.5 11593.7 11599.2 11607.4 11626 11642.9 11654 11645.6 11626 11605.6 11592.7 11589.3 11588.4 11588.5 11588.1 11586.6 11582.6 11579.3 11577.5 11578.3 11577.9 11561.7 11547.9 11538.2 11529.7 11522.3 11514.9 11507.6 11500.6 11494.1 11489.6 11487.4
11463.1 11460.4 11458.1 11456 11454.4 11453.1 11452.3 11451.2 11456.1 11460.7 11464.5 11468.1 11471.8 11475.7 11480.1 11484.8 11490 11495.3 11500.8 11506.2 11511.7 11516.8 11521.4 11525.3 11528.3 11533.8 11538.6 11543.2 11546.7 11551.5 11556.3 11561.7 11567.2 11573.3 11579.1 11585 11589.9 11595.2 11604.7 11623.4 11639.9 11648.1 11644 11630 11611.2 11596.9 11592 11590.6 11590.6 11591.4 11591 11586.8 11585.9 11587.2 11590.4 11589.8 11576.8 11563.1 11551.8 11542.3 11533.2 11525.1 11517.1 11509.6 11502.4 11496.2 11492.5
11467.1 11463.8 11460.9 11458.6 11456.6 11455.3 11454.7 11455.5 11458.4 11461 11463.8 11467.3 11471.2 11475.5 11480.2 11485.5 11490.9 11496.7 11502.7 11509.5 11515.5 11521.3 11526.4 11530.5 11534.5 11539.2 11543 11545.9 11548.8 11552.8 11556.9 11561.6 11567 11572.7 11578 11583.5 11588.9 11596 11607.6 11624.8 11640.9 11650.6 11649.8 11637.1 11617.7 11601 11595.8 11594 11592.4 11590.4 11588.3 11587.8 11588.7 11591.4 11593.8 11592.2 11583.8 11572.8 11562.5 11553.1 11544 11535.8 11527.7 11519.7 11511.4 11503.6 11497.5
11471 11467.4 11463.9 11461.1 11459 11457.6 11457.2 11458.9 11460.9 11461.5 11464 11467 11470.4 11474.6 11479.8 11485.4 11491.3 11497.4 11503.9 11510.6 11517.5 11524.4 11530.9 11536.8 11540 11541.5 11543.8 11547.3 11550 11553.5 11557.5 11561.8 11566.6 11571.7 11577.8 11582.9 11589.1 11597.3 11610.2 11627.6 11645 11659.4 11663.4 11648.4 11627.4 11607.5 11602.9 11599.7 11595.2 11589.6 11585.2 11586.2 11589.2 11592.6 11595.3 11594.3 11588.1 11579.7 11571 11562.6 11554 11546.1 11537.8 11529.6 11521.4 11513.2 11504.3
11474.7 11470.4 11466.6 11463.2 11460.6 11458.9 11458.7 11460.6 11460.5 11460.4 11462.1 11465 11468.9 11474 11479.5 11485.5 11492 11498.7 11505.6 11512.7 11520.1 11527.6 11535.1 11542.4 11543.8 11542.2 11544.5 11548.2 11551.4 11554.9 11558 11562.1 11567.1 11572 11577.4 11582.7 11589.6 11598.3 11611.8 11629.3 11647.6 11664.5 11672.7 11659.6 11641.5 11623.7 11616.3 11608.8 11600.2 11591 11582.3 11585.8 11589.8 11593.1 11595.6 11595.6 11591.8 11586.2 11578.8 11571.2 11563.3 11555.5 11548.2 11540.7 11533.6 11525.9 11517.5
11477.1 11472.6 11468.7 11464.9 11461.8 11459.2 11457.8 11456.9 11456.6 11457.8 11459.4 11462.1 11467.2 11472.8 11479 11485.6 11492.5 11499.4 11506.7 11513.9 11521.3 11528.9 11536.5 11543.8 11542.5 11540.6 11545.8 11549.1 11551.7 11555.2 11558.7 11562.6 11566.8 11571.4 11576.8 11582.3 11589.7 11599.2 11612.2 11628.2 11645.7 11662.1 11671.8 11665.5 11654.9 11645.7 11633.7 11619.4 11606.6 11596.1 11589.2 11589.9 11592.8 11595 11595 11596.8 11596.1 11592.4 11586.7 11580.1 11573 11566.2 11559.3 11553 11546.9 11541.9 11536.7
11478.4 11474.2 11470.2 11466.5 11462.8 11459.1 11455.5 11453.4 11453.9 11455.4 11457.6 11461.3 11465.8 11472 11479 11485.8 11493.1 11500.2 11507.3 11514.3 11521.1 11528.4 11535.1 11540.6 11539.1 11538.5 11546.2 11548.9 11551.6 11554.7 11557.9 11561.4 11565.5 11570 11575.2 11581.3 11588.4 11597.6 11609.6 11623.8 11638.9 11653.5 11665.2 11662.8 11659 11658.6 11645.2 11626.1 11610.9 11600.2 11595.5 11594.4 11597.7 11601.6 11602.2 11603.8 11603.1 11599.5 11594.7 11588.8 11582.1 11576.7 11571.3 11566.1 11562.4 11559.6 11557.1
11478.7 11475.1 11471.7 11468.2 11464.3 11460 11454.9 11453.1 11454 11454.2 11455.9 11458.9 11464.5 11471.4 11478.9 11486 11493.5 11500.4 11507.1 11514.1 11520.7 11527 11532.7 11537.2 11538.2 11539.1 11543 11546.6 11550.7 11553.6 11556.8 11560.3 11564 11568.6 11573.4 11578.9 11585.6 11593.9 11604.3 11616.2 11628.1 11638.8 11645.8 11648 11648.8 11650.1 11640.2 11623.6 11610.3 11600.3 11593.1 11594.5 11603.9 11612.9 11618 11616.3 11612.1 11606.8 11601.6 11595.8 11590.3 11586 11582.4 11579 11576.8 11576.5 11577.2
11478.5 11475.8 11473 11470.2 11467 11463.2 11458.4 11455.3 11453.9 11453.8 11455.2 11457.4 11464.1 11472 11479.7 11487.1 11494.3 11501.2 11507.7 11513.9 11519.5 11524.8 11529.6 11535.1 11539.2 11544.8 11543.9 11546.4 11550 11552.8 11555.7 11559 11562.4 11566.7 11571.2 11576 11581.1 11588 11597.5 11607 11615.6 11621.9 11625.3 11627.7 11629.5 11627.3 11620.8 11613.8 11606.1 11599.1 11594 11597.3 11610.7 11624.6 11633.1 11627.3 11619.7 11612.8 11606.8 11601.1 11596 11593.1 11589.8 11588.3 11588 11590.1 11594.8
11478.5 11476.2 11474.2 11472.4 11470.4 11468.1 11465.4 11459.1 11454 11454.5 11456.7 11460.1 11466.6 11474.8 11481.9 11489.1 11495.9 11502.2 11508.1 11513.8 11518.7 11523.1 11526.2 11528.7 11535.9 11540.8 11545.8 11549.1 11549.5 11551.4 11553.8 11557 11560.6 11564.6 11568.8 11573.2 11577.2 11582.5 11590.8 11598.1 11603.9 11607.1 11607.2 11608.2 11610.6 11608.1 11603.8 11603.2 11601 11598.6 11598.1 11603.3 11616 11631.4 11639.8 11631.9 11623.2 11615.6 11609.4 11604.3 11599.6 11597 11594.6 11593.2 11594 11597.1 11603.4
11478.4 11476.8 11475.5 11474.2 11473.5 11472.8 11470 11463.1 11456.5 11457.1 11460.3 11465.3 11471.8 11478.7 11485.5 11492 11498 11503.9 11509.3 11514.2 11518.6 11522.4 11525.3 11528.5 11532.4 11536.8 11542.9 11547.5 11547.5 11549 11551.5 11554.7 11558.3 11562.4 11566.6 11570.9 11575.3 11580 11585.5 11590.6 11594.3 11596.1 11596 11596.4 11597.4 11595.9 11594 11595.6 11596.7 11598.2 11601.2 11606.9 11617.3 11628.5 11634 11628.6 11621.7 11615.2 11609.6 11605 11601.1 11597.9 11596.1 11595.1 11595.6 11597.8 11600.3
11477.9 11477.4 11476.6 11476 11475.6 11475.8 11475.5 11466.4 11460.7 11460.5 11464.3 11470.3 11477.1 11483.5 11489.4 11495.3 11500.7 11505.9 11510.6 11514.9 11518.8 11522.4 11525.4 11528.1 11530.3 11532.5 11536.5 11540.6 11542.5 11545.3 11548.5 11552 11555.8 11560.2 11564.6 11568.9 11573.2 11577.3 11581.1 11584.5 11586.8 11588.2 11589 11589.6 11588.7 11588.2 11588.4 11590.3 11593 11597.1 11602.8 11609.4 11614.5 11618.4 11620.8 11619.5 11615.9 11611.7 11607.6 11604.2 11600.9 11597.9 11596.1 11595.5 11594.9 11595.5 11595.4
11478.6 11478.5 11478 11477.1 11476.1 11474.9 11471.4 11466.3 11462.4 11462.6 11467.2 11474.7 11482.3 11488.3 11493.5 11498.7 11503.6 11508 11512 11515.8 11519.1 11522.4 11525.9 11528.1 11528.5 11528.7 11530.3 11531.8 11536.4 11540.7 11545.1 11549.3 11553.7 11558 11562.5 11566.8 11570.5 11574.1 11577.2 11579.5 11581.1 11581.8 11581.8 11580.9 11581.2 11581.8 11583.6 11585.1 11588.5 11594 11601.6 11610.1 11609.6 11606.7 11607.6 11609.2 11608.8 11606.9 11604.3 11602.2 11599 11597.3 11595.4 11594.3 11593.3 11592.7 11592.7
11481.3 11480.8 11479.7 11478 11476.2 11474.2 11470.3 11464.4 11460.4 11461.5 11468.2 11477.7 11487.3 11492.5 11497.3 11501.9 11506.2 11510.1 11514 11517.2 11519.9 11521.9 11524.3 11526.4 11527.4 11528.4 11528.8 11527.9 11532.3 11537.3 11541.7 11546.5 11551.2 11555.6 11560.5 11565.2 11568.9 11571.9 11573.9 11575.6 11576.7 11577 11576.2 11574.5 11575.6 11575.8 11575.8 11578.2 11582.6 11588.1 11595.2 11604.4 11600.5 11595.6 11596.9 11599.8 11601.3 11601.2 11600.2 11598.9 11597.1 11595.2 11593.3 11592.7 11591.6 11591.4 11591.3
11485.4 11484.5 11482.4 11479.3 11475.5 11472.1 11467.2 11461.2 11457 11458.5 11467.4 11478.4 11489 11495.2 11500.2 11504.7 11508.9 11512.7 11516.1 11519.1 11521.1 11521.9 11521.5 11524.3 11526.8 11528 11527.8 11527.7 11530.2 11534.6 11539.2 11544 11548.6 11553.4 11558.1 11563.3 11568.3 11570 11571.1 11572.3 11573.3 11573.8 11573.9 11574.2 11573.4 11571.9 11570.2 11572.3 11576.5 11580.4 11583.9 11585.2 11585 11585.7 11589.2 11593 11595.8 11597 11596.9 11596.3 11595 11593.5 11591 11590.3 11589.2 11589.6 11589.6
11491.8 11490 11486.4 11481.4 11474.8 11467.4 11462.4 11458.2 11455 11456.7 11465.9 11477.8 11489.7 11496.7 11502 11506.7 11510.9 11515.1 11518.9 11521.9 11523.9 11524.3 11523.4 11525.6 11527.8 11528.5 11528.5 11527.5 11529.3 11533 11537.1 11541.7 11546 11550.3 11554.8 11559.6 11564.8 11566.4 11567.9 11569.4 11570.6 11571.5 11572.2 11573.5 11572.1 11569.9 11568.9 11569.7 11571.8 11573.6 11573.9 11571.6 11572.7 11578.6 11584.3 11589.2 11592.2 11594 11594.1 11593.8 11593.4 11591.7 11590.3 11589.7 11588.6 11588.1 11589.3
11500.6 11497.1 11492.1 11485.5 11476.8 11465.9 11461.1 11457.3 11454.3 11455.8 11464.4 11476.5 11488.7 11496.9 11503 11507.9 11512.4 11516.6 11520.8 11524.6 11527.7 11529.4 11528.9 11530 11530.4 11530.3 11529.9 11529.2 11529.6 11531.8 11535.3 11539.6 11543.7 11547.5 11550.8 11553.5 11557.1 11561.3 11564.3 11566.6 11568.3 11569.4 11569.9 11569.9 11569.2 11568.1 11567.7 11568 11568.9 11569.7 11569.3 11568 11569.7 11576 11582.6 11587.6 11590.6 11592.6 11593.5 11593.1 11592.5 11591.6 11590.5 11589.1 11588.5 11588.7 11590.7
11509.5 11505.6 11499.5 11492.2 11483.4 11472.2 11465.7 11459.4 11454.7 11454.1 11462.7 11475.1 11487.3 11496.9 11503.6 11508.5 11513.1 11517.7 11522.5 11527.3 11531.9 11536.4 11539.3 11535.7 11533 11531.2 11530.1 11527.5 11527.2 11530.4 11533.9 11537.9 11541.9 11545.3 11547.7 11548.9 11551.7 11557.5 11561.6 11564.6 11566.7 11568 11568.3 11567.7 11567.4 11567.3 11566.2 11565.3 11568 11569.2 11569.5 11569.3 11572 11579.7 11584.7 11588.7 11590.5 11592 11592.8 11591.9 11591.6 11590.1 11589.7 11588.6 11588.7 11589.7 11592.7
11520.4 11515.1 11507.4 11499.5 11492.2 11486.9 11473 11463.3 11456.3 11453 11461.7 11474.8 11488.1 11498.3 11504.2 11508.3 11512.8 11517.8 11523.1 11528.9 11534.8 11539.9 11541.3 11538.6 11534.1 11530.2 11527.5 11525.5 11526.4 11529.4 11532.9 11537.1 11540.9 11544.3 11546.9 11548.3 11551.5 11556.4 11560.7 11563.8 11565.9 11567.5 11568.2 11568.5 11568.7 11568.5 11568.5 11569.5 11570.2 11571.5 11573.3 11574.8 11576.5 11585.6 11589.1 11590.8 11590.8 11590.9 11591 11590.9 11590.6 11590.2 11589.5 11589.2 11589.5 11590.8 11594.9
11532.5 11523.6 11514 11504.9 11496.4 11486.6 11477.1 11467.3 11459.4 11456.3 11462.2 11474.6 11490.2 11501.3 11503.1 11506.1 11510.7 11516.1 11522 11528.4 11535.2 11542.1 11543.6 11538.7 11533.1 11527.6 11522.3 11522.4 11525.3 11528.9 11532.8 11536.7 11540.5 11544.3 11548 11551.5 11554.5 11557.8 11561.1 11564 11566.3 11568.2 11569.5 11570.3 11570.5 11570.4 11570.9 11572.9 11572.5 11574.3 11578.7 11585.3 11590.8 11596 11594.8 11593.5 11591.4 11591.1 11590.5 11590.3 11590.5 11590.3 11590.1 11589.6 11590.5 11592.1 11595.6
11538.6 11527.7 11517.5 11508.5 11500.3 11490.9 11480.6 11471 11462.9 11457.8 11461.6 11472.2 11484.8 11494.3 11496.9 11501.1 11506.5 11512.5 11519.1 11525.7 11532.2 11538.6 11539.8 11535.9 11531 11525.8 11521.2 11522 11525.1 11529.4 11533.1 11536.9 11540.4 11544.6 11548.8 11554.1 11557.1 11559.2 11562.1 11565.1 11567.7 11569.9 11571.3 11572.4 11573.4 11571.8 11571 11571.4 11571.9 11575.3 11581.6 11592.8 11613.8 11606 11598.1 11595 11593.3 11591.2 11591.2 11591.3 11591.1 11591 11591.3 11591.2 11591.3 11591.7 11593.2
11532.3 11524.2 11516.7 11509.5 11503.1 11494.5 11484 11474.6 11467 11461.8 11462.8 11468.7 11474.8 11479.9 11487 11494.2 11501.2 11508 11514.7 11521 11526.5 11529.4 11531.6 11531.1 11528.2 11524.9 11523.1 11524.1 11528.4 11530.5 11533.2 11536.4 11539.9 11543.9 11548.3 11552.9 11556.7 11559.9 11563.2 11566.6 11569.7 11572.3 11573.9 11574.4 11573.1 11572.6 11571 11567.8 11569.9 11574.4 11579.6 11585.8 11592.7 11595.3 11594.5 11593.9 11593.5 11591.4 11592.4 11592.3 11592.5 11592.7 11593.3 11593.4 11593.4 11593 11592.5
11516 11516.5 11513.1 11508.2 11502.6 11495.1 11486.2 11477.8 11471.3 11467.5 11466.9 11466.9 11467.8 11469 11478.4 11487.8 11496 11503.2 11509.9 11515.7 11521.1 11525.7 11526.3 11526.2 11524.9 11523.3 11522.7 11524.2 11527.4 11530.4 11532.8 11535.1 11538.3 11541.9 11546.3 11552.6 11555.8 11559.6 11563.8 11568.1 11572.1 11575.6 11578 11578.6 11577.4 11577.4 11575.4 11571.1 11571.7 11575.3 11577.2 11576.1 11572.7 11581.5 11588.8 11590.9 11592.1 11592.8 11592.6 11593.7 11594.4 11595.1 11595.9 11596.9 11598 11598 11598.7
11511.3 11511.6 11509.6 11505.9 11501.4 11494.8 11487.4 11480.3 11474.5 11470.6 11468.5 11467.1 11466.5 11467.3 11475.2 11484.3 11492.1 11498.9 11505 11510.4 11515.1 11518.3 11520.7 11521.5 11521.4 11521.1 11521.2 11523.1 11527.2 11530 11531.7 11533.4 11535.8 11538.4 11541.7 11546.9 11552.6 11558.6 11564.4 11569.9 11575.1 11579.8 11583.7 11586.4 11588.2 11587.9 11585.2 11581 11579.6 11580.7 11579.8 11576.7 11573.1 11580.4 11587.5 11589.6 11590.8 11592.1 11594.1 11595.3 11596.6 11597.9 11599.5 11602 11603.8 11605 11606.6
11511.3 11509.3 11506.9 11503.7 11499.6 11494.1 11487.9 11481.8 11476.4 11472.3 11469.7 11468.9 11469.5 11471.1 11477.3 11483.8 11489.7 11495 11500.1 11505.1 11509.3 11511.7 11515 11516.8 11517.9 11518.7 11519.2 11520.5 11525.3 11528 11529.5 11531.1 11533.2 11535.3 11536.7 11540.2 11549.6 11557.9 11565.2 11571.8 11578.1 11584.2 11590.1 11595.1 11599 11600.1 11598.5 11595.5 11592.7 11590.4 11587.4 11585.5 11587.1 11590.9 11590.4 11591 11592.9 11594.9 11597.1 11598.8 11599.9 11601.8 11604.3 11606.9 11610.2 11613.4 11615.6
11508.2 11506.8 11505 11502.1 11497.1 11493.4 11488.4 11483 11478 11473.8 11471 11471.6 11474.4 11479.3 11483 11485.1 11487.9 11491.1 11495 11499.4 11504.8 11509.5 11510.3 11512 11514 11516.1 11518.6 11522.2 11523.4 11524.6 11526.1 11528.2 11531.4 11534.6 11536.7 11541.1 11550.3 11558.7 11566.4 11573.7 11581 11588.4 11596.1 11603.5 11610.2 11613.6 11612.5 11610.3 11608 11601.1 11595.5 11592.1 11592.2 11593.3 11591.8 11592.6 11594.8 11597.3 11599.8 11602.2 11604 11606 11608.5 11611.7 11616.4 11623.5 11630.2
11504.9 11505.3 11504.4 11502.3 11499 11494.1 11489.1 11484.1 11479.4 11475.6 11473 11474.1 11478 11484.2 11486.7 11485.1 11485.3 11486.7 11488.9 11491.9 11496.7 11501.4 11503.4 11506.1 11509.2 11512.4 11515.8 11520.9 11519.1 11519.4 11521.2 11524.8 11530 11535.8 11541.7 11546.9 11553.8 11561.2 11568.6 11575.9 11583.5 11591.7 11600.5 11610.2 11620.9 11627.5 11623.1 11619.2 11616.5 11609.1 11602.1 11595.8 11590.9 11588.2 11590.8 11594.7 11598.1 11600.9 11603.3 11605.8 11607.6 11609.3 11611.9 11614.8 11619.4 11627.3 11636.3
