real_craters/C069-1000m.grd
DSAA
32 32
-15.4 15.4
-15.4 15.4
8652.551896646 10054.752648956
9788.51 9798.14 9785.35 9742.52 9823.06 9854 9744.12 9698.43 9693.77 9698.82 9718.87 9733.8 9730.67 9738.03 9737.05 9737.3 9736.75 9727.94 9706.82 9701.5 9690.18 9672.67 9678.32 9675.36 9670.93 9660.11 9666.42 9684.46 9690.19 9688.85 9685.79 9689.04 
9789.72 9814.73 9790.51 9735.2 9803.91 9825.1 9764.7 9727.68 9722.28 9733.97 9740.83 9742.35 9722.66 9725.5 9742.69 9746.79 9744.34 9740.08 9748.32 9750.07 9729.38 9710.29 9709.31 9695.67 9687.91 9671.87 9726.71 9739.28 9721.52 9706.16 9697.33 9696.54 
9772.25 9776.84 9781.75 9780.71 9825.79 9819.67 9778.96 9752.51 9746.26 9755.16 9766.08 9779.43 9787.75 9763.51 9761.07 9761.39 9761.22 9750.39 9783.98 9825.43 9786.31 9757.33 9748.98 9757.24 9736.14 9730.76 9747.76 9759.7 9738.98 9720.06 9704.49 9697.83 
9762.23 9771.34 9808.83 9787.17 9803.22 9772.6 9754.34 9741.53 9739.27 9750.31 9773.28 9807.62 9811.42 9795.71 9787.04 9790.98 9804.65 9826.38 9837.14 9846.04 9835.59 9806.16 9788 9786.27 9776.01 9771.11 9760.47 9762.06 9750.02 9731.04 9713.45 9703.3 
9717.43 9719.52 9703.7 9705.17 9689.51 9699.21 9702.97 9704.23 9715.43 9724.89 9765.43 9805.08 9817.19 9809.1 9821.1 9841.31 9852.52 9874.57 9871.97 9917.91 9862.59 9835.03 9821.99 9810.02 9797.36 9777.62 9762.9 9770.91 9758.7 9740.33 9721.88 9710.17 
9697.32 9673.65 9634.57 9642.64 9663.45 9675.78 9682.58 9689.69 9710 9733.83 9765.58 9783.99 9778.23 9804.65 9837.25 9868.87 9854.77 9860.45 9858.75 9880.36 9902.09 9873.38 9855.23 9835.94 9807.35 9789.1 9791.06 9787.54 9766.95 9745.89 9725.79 9708.88 
9660.17 9642.64 9640.56 9651.84 9673.85 9680.64 9691.05 9704.86 9717 9733.73 9766.17 9811.04 9768.44 9813.27 9833.01 9780.03 9828.39 9809.61 9791.73 9802.24 9802.82 9844.93 9840.68 9815.3 9790.57 9774.98 9781.56 9779.73 9772.57 9750.52 9728.66 9711.63 
9637.76 9639.78 9650.07 9657.52 9660.62 9679.54 9704.24 9716.68 9725.63 9738.11 9758.47 9785.69 9861.16 9904.23 9880.84 9925.99 9879.22 9866 9796.78 9785.59 9801.12 9788.23 9776.74 9778.45 9767.38 9758.45 9766.95 9791.9 9779.26 9760.45 9736.68 9716.43 
9644.34 9643.51 9648.25 9647.17 9658.93 9665.75 9694.54 9720.99 9743.25 9751.97 9782.16 9859.15 9947.69 9935.27 9750.45 9678.01 9613.24 9642.95 9674.61 9741.85 9823.1 9812.77 9760.04 9769.17 9767.37 9770.28 9772.94 9780.01 9781.02 9770.18 9756.69 9742.36 
9649.78 9650.98 9650.7 9649.22 9662.79 9665.73 9669.57 9721.03 9766.72 9822.76 9902.64 9944.27 9756.53 9540.81 9375.66 9243.4 9189.67 9328.97 9596.44 9555.9 9610.61 9792.29 9901.79 9836.09 9779.92 9781.18 9788.43 9788.93 9782.97 9780.77 9781.99 9790.44 
9652.63 9653.64 9659.09 9652.28 9675.54 9675.56 9690.24 9711.68 9771.89 9855.98 9907.99 9594.15 9346.19 9065.21 8995.26 8921.97 8871.15 8991.99 9164.38 9313.33 9556.87 9646.47 9802.74 9831.41 9801.44 9785.65 9790.52 9784.37 9776.41 9784.23 9801.18 9816.83 
9651.7 9653.8 9661.03 9664.38 9674.24 9673.75 9698.83 9766.71 9791.55 9727.98 9513.3 9161.28 9010.67 8870.38 8797.57 8747.88 8726.1 8791.49 8869.85 9040.15 9315.76 9532.85 9581.17 9767.55 9848.46 9782.83 9775.11 9769.01 9763.67 9785.67 9814.25 9840.38 
9645.56 9645.32 9652.1 9674.18 9673.4 9670.38 9741.74 9889.02 9893.84 9622.27 9221.78 8904.19 8816.95 8766.24 8705.94 8667.95 8655.79 8746.13 8808.79 8907.07 9110.97 9345.22 9557.13 9758.94 9881.16 9807.41 9770.62 9755.47 9759.43 9783.6 9815.4 9846.15 
9647.05 9643.19 9645.8 9664.22 9668 9677.71 9789.25 9998.22 10019.2 9568.59 9065.63 8819.77 8729.65 8668.99 8652.55 8673.86 8678.36 8759.45 8800.21 8936.31 9065.91 9196.46 9464.09 9768.51 9944.24 9866.24 9805.58 9773.15 9746.49 9785.74 9807.67 9826.92 
9651.34 9647.12 9641.1 9647.35 9664.57 9690.08 9804.16 10005.3 10025.4 9532.73 8963.74 8752.66 8712.02 8692.14 8707.96 8770.42 8843.51 8843.43 8803.09 8825.28 8996.73 9136.51 9400.93 9738.12 9968.76 9872.5 9855.86 9848.96 9793.67 9798.83 9793.24 9775.43 
9648.3 9649.46 9657.2 9658.34 9665.33 9665.49 9767.69 9949.86 9954.76 9484.41 8972.11 8771.59 8732.09 8753.45 8792.55 8823.58 8938.1 8946.84 8851.82 8858.9 8945.16 9119.23 9365.4 9579.85 9770.65 9859.53 9862.91 9841.28 9857.89 9824.07 9799.32 9780.21 
9648.51 9653.14 9671.86 9691.81 9690.86 9688.06 9735.33 9888.23 9887.8 9460.36 8973.65 8792.64 8763.23 8791.15 8850.27 8888.04 8978.95 8964.69 8873.33 8856.78 8900.35 9177.25 9374.74 9432.82 9645.11 9844.04 9846.72 9817.41 9816.39 9817.74 9809.15 9819.13 
9652.04 9656.44 9669.66 9694.88 9694.97 9696.45 9736.61 9873.9 9908.6 9517.22 9067.87 8829.81 8785.49 8788.73 8823.79 8909.37 8930.15 8885.69 8845.35 8845.67 8901.37 9287.79 9410.99 9402.52 9656.69 9858.1 9839.9 9795.9 9787.89 9787.96 9786.99 9789.96 
9668.99 9666.77 9663.66 9674.36 9682.97 9698.64 9730.43 9883.72 9974.48 9648.1 9155.12 8912.51 8846.67 8784.88 8733.18 8778.79 8824.06 8844.33 8805.73 8817.87 9015.09 9379.78 9505.55 9544.31 9724.05 9834.05 9816.23 9772.18 9758.78 9754.15 9760.28 9765.74 
9675.93 9684.67 9665.99 9671.82 9674.72 9670.95 9693.88 9878.34 10054.8 9819.14 9376.15 9143.86 8971.83 8845.88 8740.83 8737.81 8808.19 8853.65 8800.53 8902.56 9239.57 9422.42 9595.86 9783.01 9768.29 9799.27 9792.57 9755.14 9738.47 9740.45 9750.83 9749.71 
9665.99 9661.22 9658.38 9665.43 9661.28 9668.08 9701.59 9830.98 9967.85 9908.33 9523.24 9305.72 9113.72 8960.81 8823.85 8764.02 8835.65 8916.67 8885.12 9142.82 9434.42 9454.19 9663.91 9796.8 9779.19 9790.94 9775.74 9756.32 9748.33 9753.31 9764.65 9755.42 
9663.61 9663.86 9661.89 9664.63 9672.8 9682.31 9704.19 9765.13 9818.82 9840.35 9864.27 9492.29 9309.83 9153.26 8965.86 8868.17 8941.14 9013.23 9075.74 9280.29 9475.39 9740.89 9836.41 9836.89 9927.58 9809.04 9772 9772.93 9789.3 9797.8 9792.35 9776.13 
9647.68 9645.69 9653.6 9662.91 9674.94 9690.13 9700.15 9722.4 9743.86 9772.96 9859.67 9788.73 9645.26 9437.81 9247.54 9120.59 9241.49 9325.69 9456.96 9683.55 9952.75 10022.4 9931.78 9836.52 9718.79 9734.63 9741.75 9760.22 9783.57 9801.53 9779.37 9766.34 
9639.13 9637.58 9643.01 9660.42 9677.68 9688.55 9708.02 9720.48 9731.6 9756.13 9814.37 9878.74 9819.99 9700.95 9678.62 9713.39 9686.96 9872.53 10005.9 9953.99 10005.9 9977.33 9843.27 9646.63 9594.65 9647.73 9694.3 9726.63 9739.77 9766.31 9758.84 9750.27 
9637.93 9639.65 9644.38 9661 9680.88 9690.07 9698.73 9707.9 9714.16 9737.61 9797.16 9817.65 9817.17 9810.33 9840.39 9849.38 9862.89 9926.12 9907.09 9879.71 9822.26 9818.15 9780.74 9656.33 9585.71 9636.93 9686.18 9720.56 9747.19 9769.82 9764.2 9741.99 
9635.89 9628.56 9635.63 9659.01 9682.59 9693.02 9696.83 9696.9 9697.64 9709.95 9749.33 9768.87 9782.43 9808.84 9813.76 9778.68 9827.4 9824.76 9820.42 9851.07 9781.65 9771.57 9780.83 9752.67 9692.2 9680.64 9698.51 9720.55 9751.17 9735.34 9711.61 9718.85 
9632.56 9626.6 9632.7 9651.13 9683.39 9716.67 9716.11 9702.63 9694.28 9710.41 9728.92 9751.25 9789.81 9803.98 9823.85 9833.69 9825.49 9837.9 9821.69 9816.16 9762.12 9755.42 9761.79 9763.03 9749.81 9727.04 9722.48 9727.68 9722.37 9728.88 9718.16 9717.24 
9634.16 9631.3 9629.72 9628.14 9650.82 9692.78 9713.68 9709.52 9697.85 9700.35 9715.95 9750.13 9767.41 9806.43 9824.84 9821.6 9823.74 9813.31 9803.05 9796.61 9769.09 9743.45 9724.86 9762.29 9766.21 9751.61 9739.92 9731.72 9726.63 9733.86 9746.07 9724.74 
9639.48 9637.19 9632.4 9629.85 9640.33 9654.74 9685.96 9695.49 9696.61 9710.36 9741.88 9767.35 9791.62 9820.99 9846.49 9832.52 9819.14 9802.17 9800.33 9793.88 9760.68 9741.81 9728.47 9751.86 9758.94 9752.23 9742.44 9733.39 9727.38 9726.85 9725.24 9721.77 
9655.56 9655.69 9637.5 9631.58 9640.36 9661.86 9674.46 9681.32 9707.33 9739.25 9780.28 9776.49 9788.91 9804.03 9828.45 9809.39 9794.7 9782.94 9732.69 9729.72 9729.4 9745.89 9749.83 9749.02 9742.94 9742.44 9739.78 9738.12 9729.9 9719.44 9713.98 9712.84 
9633.41 9631.3 9638.16 9640.29 9654.51 9667.77 9682.95 9698.07 9721.34 9753.71 9776.23 9748.12 9727.57 9736.11 9760.59 9740.88 9713.65 9730.64 9718.64 9707.62 9709.84 9723.42 9736.19 9720.94 9727.88 9732.38 9732.3 9732.13 9733.07 9725.61 9711.59 9714.69 
9635.24 9648.19 9650.06 9655.64 9676.24 9703.42 9718.36 9717.3 9737.21 9735.46 9712.46 9713.75 9706.65 9713.17 9725.53 9700.76 9676.63 9683.96 9692.62 9696.97 9708.78 9724.37 9726.09 9729.38 9727.84 9727.87 9726.47 9721.39 9726.95 9755.67 9755.59 9726.99 
