real_craters/C069-500m.grd
DSAA
109 109
-26.95 26.95
-26.95 26.95
10430.351737204 12199.886593098
[rows 30 to 59 of 109, columns 0 to 66 of 109]
11300.3 11300.3 11300.5 11300.7 11300.2 11300 11301.3 11303.3 11306.7 11309.8 11311.7 11312.3 11310.8 11310.1 11310.3 11308.5 11306.3 11303.4 11299.9 11298.9 11301.3 11303 11298.2 11293.3 11299 11303.3 11307.2 11310.5 11310.2 11314 11319.5 11324.4 11324.7 11351.1 11349.6 11316.6 11295.8 11293.3 11296.9 11301.1 11304.1 11306.2 11310.2 11313.7 11316.4 11319.6 11326.7 11329.2 11331.9 11335.9 11338.5 11339.5 11342.9 11341 11344.1 11344.1 11345.2 11344.2 11341.7 11337.9 11336 11333.7 11331.2 11326.3 11322.4 11319.5 11317.2
11302.3 11302.6 11303.3 11303.6 11302.2 11301.4 11301.9 11305.1 11308.7 11310.9 11312.8 11314.1 11313.5 11313.1 11313.3 11312.2 11310.8 11309.1 11306.7 11305.8 11311.2 11317.3 11316.8 11307.6 11308.7 11311 11313.2 11315.5 11315.2 11315 11312.1 11301.7 11301.3 11335.3 11343.5 11319.1 11299.5 11297.7 11301 11305.8 11308.8 11307.7 11314.7 11318.5 11321.3 11324.9 11331.2 11336.7 11338.8 11340.1 11343.6 11349.1 11356.7 11351.8 11355.2 11355.2 11353.3 11352 11348.3 11346.1 11343.1 11341.5 11338.9 11332.5 11328.5 11322 11320.7
11304.5 11304.9 11305.3 11305.1 11304.1 11302.5 11302.2 11307 11310.6 11311.8 11314 11317.2 11321.4 11319.4 11316.9 11315.4 11314.6 11314 11313.7 11315.4 11319.6 11326.5 11332.1 11322.4 11319 11318.3 11319.1 11320.6 11321.1 11319.9 11314.1 11303.7 11304.9 11330.6 11341.2 11322.7 11305.8 11304.7 11307.4 11312.4 11320.1 11327.2 11324.6 11325.8 11329.3 11332.7 11337.8 11344.6 11349.3 11349.7 11354.3 11361.8 11371.1 11365.3 11365.5 11364.2 11363.5 11361.6 11357.4 11354.3 11350.9 11347.9 11344.2 11339 11337.5 11331.2 11327.1
11306.7 11307.4 11307.9 11307.7 11307 11306 11305.4 11307.8 11309.2 11311.3 11313.7 11317 11320 11320.4 11318.4 11317.3 11317 11318 11318 11319.4 11322.8 11328.2 11329.9 11329.9 11326.7 11324.9 11324.9 11326.2 11327.8 11329.5 11329.8 11325.1 11323.3 11333.6 11337.2 11326.4 11314.6 11312.4 11313.3 11318.4 11326.4 11332.2 11332.6 11334.3 11338.8 11343.8 11349 11358.9 11365.7 11367.1 11371.9 11380.5 11386.9 11378 11377.6 11375.7 11374.8 11371.9 11368.7 11365.1 11363.5 11359.7 11356.4 11346.2 11344.1 11335.7 11331.8
11308.9 11309.6 11310.5 11310.7 11310.3 11310.7 11312.5 11310.6 11308.6 11309.8 11312.3 11314.4 11314.9 11317.4 11317.7 11317.5 11317.5 11318.2 11318.7 11319.8 11323.1 11326.6 11333.5 11334.6 11330.4 11328.3 11328.5 11330.2 11333.2 11337.3 11341.5 11340.7 11339.5 11340.1 11340.9 11329.5 11321.3 11319.1 11319.3 11321.9 11326.2 11332.2 11337 11343.8 11349.1 11356.1 11368.8 11375.9 11382.2 11379.2 11390 11397.1 11403.1 11392.3 11390.5 11388.7 11383.7 11382.6 11377.5 11373.3 11364.3 11360.4 11355.8 11350.7 11346.9 11340.7 11337.6
11311.4 11311.8 11311.9 11312.4 11312.8 11313.3 11313.8 11310.7 11307.1 11308.8 11311.1 11313.6 11317.3 11316.4 11316.8 11317 11316.7 11316.2 11318.3 11323 11324.6 11322.8 11323.3 11330.7 11328.7 11328.2 11328.4 11331 11334.7 11340.6 11349.7 11348.3 11347.7 11342.2 11334.4 11329 11324.1 11324.1 11325 11325.9 11326.9 11333.5 11343.2 11350.7 11358.6 11366.2 11372.8 11387.5 11408.6 11407.9 11416.3 11419 11420 11405.9 11410.2 11404 11389.3 11385 11376.2 11360.7 11357.8 11354.4 11350.7 11352 11349 11342 11337.2
11313.8 11314.3 11314.8 11314.8 11314.8 11314.4 11312.8 11310.4 11308.8 11309.2 11310.8 11311.8 11312.8 11315.4 11316.4 11316.8 11317.1 11317.1 11319.9 11325.6 11326.6 11321.6 11318.7 11321.1 11323.5 11324.9 11326.7 11329.2 11332.4 11336.7 11341.5 11344.1 11343.1 11338.7 11331.8 11331.8 11333.9 11333.6 11334.3 11334.7 11334.7 11343.2 11352.4 11362.1 11374.2 11383.2 11389.7 11412.6 11451.3 11459.8 11449.7 11444.3 11439.7 11421 11406.2 11400.1 11377 11373.2 11368.8 11361 11357.7 11355.7 11347.5 11352.8 11358.9 11346.7 11344.4
11316.4 11317 11317.2 11317.4 11317.1 11316.3 11314.7 11312.7 11310.5 11310.9 11311.9 11313.2 11314.4 11315.6 11316.6 11317.4 11318.5 11319.7 11322.4 11328.2 11328.1 11323.2 11316.8 11315.3 11319.3 11323.1 11325.3 11327.2 11328.5 11330.1 11331.8 11337.2 11337.8 11337.4 11338.5 11340.7 11346.1 11347.6 11347.8 11349 11354.1 11359.6 11369.4 11379.9 11394.3 11406.8 11420.9 11450.3 11484.7 11490.7 11465.3 11446.5 11405.5 11396.2 11385 11376.7 11363.3 11355.7 11353.1 11348.7 11352.5 11350 11349.9 11358.8 11370.4 11359 11354.2
11318.6 11319.3 11319.2 11319.7 11319.4 11318.9 11317.7 11315.8 11314.7 11313.6 11313.9 11316.3 11317.2 11317 11317.6 11318.7 11320.7 11324.6 11332.3 11335.7 11337 11330.2 11320.9 11316.8 11320.4 11323.4 11325.9 11326.8 11326.1 11324.7 11326.4 11335.1 11341.6 11344.9 11343.6 11346.1 11355.7 11361.1 11363.5 11364.8 11367.3 11375.3 11382.2 11391.5 11400.7 11420 11447.3 11475.6 11483.5 11460.6 11445.7 11414.1 11388.5 11382.9 11376.8 11365 11356.6 11352.7 11354.6 11352 11348.5 11350 11351.3 11350.6 11373.4 11364.5 11360.4
11321.1 11321.6 11321.6 11321.6 11321.7 11321.8 11321.8 11321.7 11317.2 11314.4 11314.6 11316.7 11318 11318.3 11318.7 11319.9 11321.8 11325.7 11332.7 11341.7 11352.6 11349.4 11338.9 11328.9 11328.6 11328.9 11330.5 11330.2 11328.4 11326.2 11327.8 11339.8 11350.1 11355.8 11355.5 11359.5 11369.1 11379.2 11379.8 11384.4 11391.1 11391.7 11396.3 11400.1 11409.2 11425.2 11460.2 11498.2 11489.2 11441.7 11417.2 11387.2 11361.6 11364.4 11364.9 11356.5 11351.2 11350.4 11351.6 11352.3 11350.3 11353.8 11355 11356 11375.5 11371.1 11366.7
11325.6 11324.5 11323.5 11323.6 11323.9 11324.2 11324.6 11323.8 11318.3 11314.4 11314.8 11315.7 11317.8 11319.5 11320.4 11321 11321.8 11322.6 11325.5 11338.7 11355.5 11366.3 11357.7 11345.9 11339.2 11337.5 11337.1 11336.2 11335.8 11337 11341.5 11349.7 11359.7 11367.1 11367.2 11367.9 11376 11383.6 11393.3 11408 11413.5 11409.6 11399.1 11393.2 11391.4 11399.5 11429.8 11503.3 11497.9 11414.5 11367.6 11339.6 11319.1 11332.4 11340.6 11338.4 11336.3 11341 11345.3 11352.1 11351.4 11357.6 11357.2 11362.8 11380.1 11385.3 11377.4
11331.3 11328.5 11326.5 11325.6 11325.7 11326 11326.3 11325.8 11320.1 11316.2 11317.7 11319.3 11320.3 11321.7 11322.1 11321.2 11322.1 11321.2 11323.5 11335.8 11356.1 11376.2 11363.8 11349.3 11346.1 11346.2 11344.9 11343.8 11343.4 11345.4 11351.6 11359.3 11369.9 11378.6 11377.6 11377.5 11385.6 11390.8 11413.1 11438.6 11439.9 11419.5 11391.5 11361.9 11339.3 11327.5 11317 11283.1 11265.7 11273.7 11246.4 11236.3 11218.3 11262.9 11276.7 11282.2 11294.2 11301.4 11311.9 11319.2 11328.1 11327.8 11340.8 11354.7 11399.2 11407.1 11398.1
11334.4 11330 11327.6 11327.2 11327.4 11327.6 11327.1 11324.4 11322.1 11321.1 11323.3 11325.3 11325 11324.3 11323.7 11323.2 11323.4 11324.1 11325.9 11332.9 11338.5 11347.7 11358.2 11357.3 11358.7 11356.6 11354.4 11352.5 11350.8 11349.4 11356.9 11367.9 11379.4 11388.7 11389.1 11389.3 11410.3 11432 11452.8 11474.5 11462.5 11422.9 11374.8 11329.3 11283.1 11241 11201.9 11148.9 11137.4 11137.9 11130.2 11125.6 11113.9 11189.8 11202.7 11220.5 11241.1 11241.4 11264.7 11286.5 11310 11302.8 11324.7 11343.9 11408.8 11422.1 11415.8
11334.2 11329.6 11328.1 11328.7 11329.6 11330.2 11330.1 11329.3 11329 11329.1 11330 11331.2 11330.3 11329.2 11328.4 11328.5 11328.5 11329.7 11333.6 11339.1 11341 11342.6 11359.9 11373 11374.4 11368.9 11365.9 11363.6 11362.1 11360.2 11367.5 11377.1 11387.9 11400.1 11404.6 11411.7 11444.2 11483.6 11497.1 11506.6 11474.8 11415.1 11354.3 11294.9 11232.2 11170.4 11110.8 11073.8 11062.6 11027.9 11015.1 11002.1 11070.1 11105.5 11121 11156.7 11159.6 11187.2 11220.2 11251.4 11283.5 11312.7 11340.5 11360.7 11382.7 11439.4 11428.9
11333.6 11327.6 11328.9 11331.1 11332.5 11333.5 11334.3 11335.7 11336.4 11334.5 11335.7 11335.8 11335.4 11334.9 11333.9 11333.5 11333.7 11334.7 11337.9 11344.5 11360.1 11370.9 11366.4 11371.9 11375.5 11376.9 11375.6 11374.5 11375.9 11381.6 11382 11386.5 11393.8 11402.5 11416.6 11441.8 11475.1 11508.7 11515.3 11513.7 11465.9 11396.6 11325.1 11246.1 11165 11076.1 11005.4 10955.5 10933.4 10887 10878.5 10880.1 10994.1 11009.3 11039.1 11071.2 11105.4 11147 11182.4 11219.5 11256.3 11289.7 11321.5 11351.8 11316 11445 11427.6
11333.4 11331.4 11333.5 11335.4 11336.6 11337.6 11337.9 11338.6 11339.6 11342.3 11341.2 11340 11340.1 11340.5 11340.4 11340.7 11340 11339.4 11338.4 11339.5 11346.5 11353.1 11362.6 11373 11380.9 11383.3 11381.7 11380.8 11383.4 11388.7 11390.7 11394.5 11399.6 11404.9 11423.1 11459.7 11486.6 11500.3 11491.8 11468.4 11434.4 11370.4 11283.9 11187.1 11088.3 10992.3 10892.5 10789.8 10691 10707.9 10723.1 10733.8 10846.4 10879.5 10944.5 10994.1 11040.8 11081.9 11129.1 11186.9 11229.6 11269.1 11304.7 11341.6 11327.7 11455.6 11446.1
11345.5 11342.7 11342 11342.3 11342.5 11342.1 11341.7 11340.4 11339.1 11341.4 11341.8 11343.3 11344.2 11345.3 11344.5 11344.4 11343.8 11344.3 11342.1 11338.3 11334.5 11336.5 11356 11375.4 11390.3 11385 11382.6 11382.4 11384.9 11389.1 11394.9 11401.8 11409.7 11417.8 11433.3 11458.9 11474.7 11480.2 11472.6 11453.6 11421.1 11347.1 11249.1 11140.4 11025.9 10911.2 10791 10668.9 10552.3 10574.5 10597.9 10619.3 10750.2 10795.5 10842.7 10902.2 10951.6 11001.1 11051.3 11100.4 11149.1 11207.2 11258.3 11311 11337.6 11464.6 11474.5
11358.9 11356.2 11352.6 11350.2 11349.1 11347.9 11346.4 11344.4 11343.2 11341.5 11342.8 11347.2 11350.4 11352 11352.8 11352.3 11352 11351.1 11349.8 11348.3 11338 11338 11356 11371 11379.9 11379.6 11380.7 11382.8 11385.9 11390.5 11398 11407.3 11420.2 11440.4 11461.6 11451.6 11451.4 11475.8 11487.5 11506.5 11440.8 11341.4 11224.4 11098.9 10971 10840.6 10714.4 10593.7 10494.8 10499.5 10514.2 10535.4 10680.7 10735.1 10788.7 10850.6 10904.3 10958.3 11010.7 11062.6 11118.7 11175.2 11234.2 11297.1 11340 11471.3 11502.8
11371 11366.5 11361.9 11358.8 11355.8 11354.5 11352.6 11349.5 11346 11346.4 11351.4 11355.6 11357.5 11359.2 11359.9 11360.1 11359.9 11358.5 11358.7 11358.3 11353.1 11357.2 11367 11369.8 11365.3 11371.3 11378.4 11382.9 11387.9 11393.5 11399.8 11409.2 11422.5 11440.8 11453 11452.7 11461.8 11495.2 11538.3 11568.1 11461.1 11334.6 11198 11058.4 10917.4 10778.9 10648.9 10540.5 10473.2 10460.1 10469.2 10494 10608.2 10660.6 10715.6 10777.3 10833.6 10889.4 10946.2 11002.9 11065.2 11128.2 11194.7 11263.1 11332.4 11410.4 11518.7
11377.5 11372.8 11370 11367.4 11364.8 11362.8 11360.8 11358.2 11354.6 11357.3 11364 11366.1 11367.2 11366.3 11366.2 11364.5 11363.8 11364.2 11365.9 11369.3 11370.7 11385.5 11389.7 11380.8 11369 11373.4 11380.8 11384.9 11387.6 11393.5 11400.4 11409.2 11418.2 11426.9 11432.4 11452.1 11490.5 11524.9 11570.3 11566.5 11447.5 11302 11151.6 11002.7 10855.3 10715.9 10587.7 10490.4 10459.6 10451.9 10453.8 10468.8 10580.6 10630.5 10683.5 10740.6 10792.2 10849.9 10914.5 10972.3 11030.5 11092.1 11156.7 11227.2 11301.2 11387.3 11510.8
11380.6 11380.9 11377.3 11374.3 11372 11370 11369.1 11368.6 11370.5 11372.2 11375.1 11375.3 11375.3 11374.4 11372.2 11371.4 11370.5 11370.5 11371.7 11375.1 11382.1 11407.6 11410.2 11397.8 11389.5 11388.3 11389.1 11389.8 11391.5 11395.8 11402.2 11409.7 11416 11420.4 11421.5 11447.4 11484.3 11543 11598.8 11539.9 11398.8 11256.1 11103.4 10952.1 10805 10664.8 10541.8 10450.9 10442 10447.5 10458.5 10472.8 10569.1 10614 10668.3 10718.2 10772.9 10827.1 10884.5 10939.8 10993.9 11052.6 11114.5 11179.2 11249.3 11334 11455.1
11389.8 11385 11383.6 11381.2 11379 11377 11376.2 11377.2 11379.3 11380.8 11381.1 11382.8 11381.5 11379.3 11375.9 11373.2 11372.6 11373.9 11373.5 11374.4 11380.6 11402.6 11410.7 11407.2 11405.3 11403 11398.9 11394.7 11394 11397.5 11404 11411.7 11419.5 11426.9 11436.4 11452.3 11474.5 11546.2 11601.7 11486.4 11326.7 11179.9 11032.6 10888.8 10754.5 10623.6 10508.1 10430.4 10431.2 10450.4 10468 10505.7 10561.9 10604.9 10652.3 10702.1 10753 10803.4 10853.8 10903.1 10956.3 11005.5 11062.4 11118.2 11180.5 11245.8 11348.1
11383 11390.8 11388.6 11385.6 11383.5 11382.3 11382 11383 11385.7 11389.9 11392.6 11391 11387.8 11384.3 11381.6 11378.9 11376.7 11375.6 11374.5 11372.9 11375.6 11387.5 11397.2 11409.2 11417.6 11418.7 11406.1 11396.4 11394.4 11397.4 11405.2 11415.2 11427.1 11440 11456.2 11470.9 11490.7 11552.6 11579 11380.8 11244.5 11099.7 10970 10836.8 10708.6 10593.5 10496.3 10439.1 10442.9 10466.2 10481.2 10507.5 10558.2 10598.2 10638.9 10685.8 10735.2 10780.6 10828.2 10874.2 10918.3 10964.6 11006.3 11051.2 11098.8 11146.4 11219.7
11380.2 11389.2 11390.4 11388.4 11386.6 11385.9 11386 11387.1 11389.8 11396 11399.9 11397.3 11393.2 11390.5 11387.3 11385 11383.7 11383.3 11382 11381.2 11380.8 11393.2 11401.6 11410.8 11418.7 11417.8 11406.7 11395.1 11389.1 11396.2 11406 11418.4 11434.3 11454 11477.4 11494.9 11505.2 11552.9 11547 11301.1 11177.1 11048 10928.5 10804.1 10682 10572.6 10487.8 10445.8 10456.5 10480.1 10488.7 10506 10553.9 10591.4 10632 10677 10718.9 10764 10806.4 10848.8 10886.2 10924.4 10956.1 10989.6 11019.4 11048 11102.3
11381.4 11389 11390 11388.3 11387.3 11387.4 11387.7 11389.2 11391.1 11394 11400.6 11401.1 11397.6 11394.3 11391.6 11388.9 11389.6 11389.8 11392.2 11401.8 11412 11413.4 11409.3 11411.9 11415.4 11416.4 11402.6 11393.9 11393 11397.3 11408.3 11422.6 11440.5 11463.5 11492 11514.9 11523.2 11559.4 11544.7 11286 11146.8 11025.7 10908.5 10786.2 10668.8 10562.8 10480.4 10446.5 10460.7 10483.1 10484.1 10497.5 10543.7 10582.9 10623.3 10667 10711.3 10752.9 10786.9 10824.2 10856.2 10888.6 10909.7 10929.1 10946.3 10961.2 11000.8
11380.3 11383 11385.1 11386.4 11387.4 11388 11388.7 11389.9 11391.7 11394 11399.7 11402.5 11399.2 11396.5 11394.2 11393 11392.7 11394 11396.5 11404.6 11444.3 11434.8 11417.5 11411.1 11409.4 11403.4 11395.3 11386.6 11387.2 11397.4 11410.1 11424.8 11442.3 11464.2 11492 11519.4 11532 11562.2 11524.4 11283.1 11160.9 11049.7 10928.4 10802.2 10679.5 10566.6 10476.8 10445.3 10457.8 10478.7 10477.2 10489.1 10531.7 10573.6 10617.5 10659.9 10704.4 10747.2 10785.9 10810.2 10839.5 10864.7 10874.8 10886.2 10892 10895.2 10913.8
11376.6 11377.6 11380.2 11383.8 11386.4 11388 11389.2 11390.9 11393.1 11394.6 11399.7 11399.4 11398.9 11396.3 11394.6 11393.7 11394.7 11397.1 11401.5 11409.4 11450.1 11439.2 11414.9 11409.4 11407.7 11402.1 11394.8 11385.2 11387.3 11399.8 11411.9 11425.5 11439.6 11455.4 11472.6 11487.8 11516.8 11549.3 11537 11384.9 11233.7 11115.7 10989.5 10850.4 10713.4 10586.8 10488.3 10451.9 10454.7 10467.5 10471.9 10481.4 10523.2 10569.4 10615.3 10662.1 10705.6 10745 10784.5 10816.9 10831.6 10849 10862.2 10867.8 10864.8 10860.3 10871.4
11374.3 11376.1 11378.9 11383.2 11386.1 11388 11389.4 11390.9 11393.7 11401.1 11401.5 11402 11397.1 11395 11394.2 11394.2 11395.3 11399.1 11406.1 11420.4 11424.6 11423.2 11415.1 11413.1 11412.6 11412.2 11407.2 11398.5 11401.8 11409.8 11418.1 11426.9 11435.8 11445.2 11454.1 11468.8 11492.2 11526 11548.6 11500 11346.4 11218.5 11072.1 10918.3 10768.1 10622 10509.6 10468 10459.5 10461.2 10460.6 10472.4 10515.7 10565.3 10612.5 10659.1 10706.2 10749.9 10790.7 10827 10837 10858.7 10870.2 10871.4 10865.1 10858 10868.2
11374.8 11378.8 11382.8 11384.7 11386.2 11387.5 11388.7 11389.4 11389.1 11386.7 11389.1 11391.4 11390.9 11391.4 11391.9 11392.3 11393.8 11396.9 11403.3 11407.8 11412.5 11416.6 11421.3 11420.7 11419 11420.6 11424.6 11432.2 11426.2 11423.7 11426.1 11429.9 11434.2 11437 11439 11442.1 11462.7 11496.8 11562.7 11621.8 11485.9 11323.9 11161.9 10996.9 10834.6 10676.1 10551.3 10502.8 10481.2 10471.4 10467 10473.3 10516.9 10567.4 10617.7 10669.2 10718.6 10765.3 10809.8 10847.4 10880.7 10888.8 10901.1 10904.5 10899.2 10888.2 10891.5
11378.8 11382.3 11385.9 11386.3 11387.2 11388.2 11388.7 11389 11388.3 11387.4 11388.6 11382.9 11386.1 11389.1 11390.9 11392.4 11393.1 11394.3 11396.9 11404.1 11409.5 11414.9 11417.6 11418.5 11422.2 11428.3 11436.9 11448.2 11441.4 11435.9 11434.7 11435.8 11437.1 11436.8 11435 11431.3 11447.8 11478.2 11554.6 11639 11568.1 11408.3 11245.2 11078.3 10909.2 10751.3 10625.2 10562.6 10523.3 10499.1 10490.6 10488.6 10530.5 10580.1 10633.9 10688 10740 10793.5 10839.4 10885.9 10919.4 10949.6 10952.6 10963.6 10962.5 10952.5 10955
