real_craters/C069-300m.grd
DSAA
181 181
-26.95 26.95
-26.95 26.95
10425.489141239 12202.633153659
[rows 30 to 59 of 181, columns 67 to 133 of 181]
11285.1 11289.8 11295.2 11301.3 11308.6 11315.6 11320.1 11317.7 11316.1 11311.1 11305.7 11300.6 11296.2 11292.1 11288.3 11284.8 11281.1 11277.1 11271.8 11273.3 11273.5 11276.1 11275.4 11277.1 11277.5 11281.1 11281.4 11281.9 11282 11282.1 11282.9 11282.8 11282.7 11283.6 11283.2 11282.5 11282.6 11281.9 11281 11279.8 11278.4 11276.5 11274.3 11270.9 11267.1 11262.2 11257.1 11246.1 11237.6 11237.9 11236.7 11233.8 11230.9 11227.4 11226.9 11226 11225.4 11224.4 11224.3 11223.1 11221.9 11219.9 11217.8 11216.1 11216.1 11218 11220.5
11287.8 11290.9 11293.8 11296.7 11300.3 11305.4 11309.2 11310.6 11306.5 11303.5 11300.2 11297.2 11294.2 11292.7 11289.8 11286.9 11283.7 11280.4 11276.9 11276.5 11277 11278.4 11279.3 11280.2 11281 11283.1 11283.6 11284.1 11284.4 11285 11285.1 11285.1 11285.1 11285 11284.8 11284 11283.7 11283.4 11283.2 11283 11282.8 11283.8 11283.8 11284.2 11287.6 11289.3 11275.7 11261.4 11248.2 11246.7 11241.1 11234.9 11230.6 11227 11226.4 11225.8 11225.8 11226.7 11227.4 11227 11226.3 11224.2 11221.3 11218.6 11218.2 11223 11227.9
11291.1 11292.6 11293.3 11292.5 11292.5 11295.8 11297.8 11297.2 11295.1 11295.1 11294.1 11293.1 11292.3 11291.8 11290.2 11288.7 11286.8 11285.4 11284.1 11282.4 11282 11282.2 11283 11283.3 11284.8 11287.4 11285.1 11285.4 11285.7 11286.6 11286.4 11286.6 11286.7 11285.8 11285.8 11285 11285.1 11286.1 11286.2 11286.6 11287.3 11289.1 11291.1 11293.9 11299.4 11301.6 11292 11282.3 11276.9 11261.4 11247.7 11236.2 11230.1 11226.9 11226.3 11226.6 11227.1 11228.4 11231.4 11232.1 11232.1 11229.9 11227.1 11223 11223.6 11230.3 11237.2
11295.3 11296.3 11294.8 11291.8 11289.4 11289.2 11287.4 11284.3 11284.2 11287.1 11289 11289.4 11290.3 11291.2 11291.1 11290.1 11290.2 11290.2 11289.5 11288.2 11286.7 11286.3 11286.9 11286.8 11288 11289.1 11286.5 11286.4 11286.7 11286.8 11286.7 11286.9 11287.1 11287.6 11287.8 11286.7 11286.9 11287.3 11287.8 11288.6 11289.9 11291.6 11294.5 11298.2 11304 11306.9 11301 11295 11291.2 11271.9 11252.9 11237.4 11228.9 11226.1 11225.5 11227.2 11229.5 11232.5 11235.6 11237.4 11238.7 11238.9 11236.6 11230.6 11231.9 11240.2 11247.3
11302 11301.4 11299 11294.7 11290.5 11287.2 11281.6 11274 11277.8 11281.9 11284.8 11287 11288.4 11289.4 11290.2 11291.6 11293 11294.7 11294.7 11292.7 11291.1 11290.3 11291 11290.7 11290.8 11290.7 11290.1 11287.8 11287.6 11287.8 11288 11288.8 11287.8 11288 11288.2 11288.4 11288.8 11289.2 11288.3 11289.6 11291.2 11293.5 11296.5 11299.4 11303.3 11305 11301.5 11296.6 11289.6 11274.1 11255.5 11238.4 11227.1 11224.5 11224.7 11229.1 11233.2 11237.4 11241.5 11245 11248.2 11251.1 11252.8 11251.5 11250.6 11253 11256
11308 11307.7 11305.9 11302.3 11296.6 11290 11282.9 11277.1 11279 11280.8 11282.7 11284.4 11286.6 11288.5 11290.4 11291.8 11293.9 11296.5 11297.1 11295.5 11293.9 11293 11293.8 11292.4 11292.2 11292 11291.8 11288 11288.3 11288.3 11288.3 11289.4 11288.7 11288.8 11289 11288.2 11288.6 11289.3 11290.1 11290.5 11292.6 11294.5 11296.3 11297.8 11299.6 11298.9 11296.9 11293.2 11286 11273.6 11257.3 11240.4 11226.4 11222.5 11226 11233.5 11239 11244.5 11248.5 11252.6 11257.3 11263.1 11269.9 11278.5 11272.6 11264.5 11260.9
11315 11315.2 11313.7 11310.3 11303.8 11295.4 11287.2 11281.8 11283 11281.4 11282 11283.9 11285.7 11288.3 11290.6 11291.8 11293.1 11294 11295 11295.8 11295.3 11294.8 11294.6 11293.1 11292.6 11292.7 11292.3 11292 11287.9 11287.7 11287.5 11289 11289 11289.2 11289.4 11290.1 11290.5 11291 11291.7 11292.3 11293 11294.2 11295.4 11295.4 11295.5 11293.9 11292.2 11289.9 11284.8 11275.8 11262.7 11245.9 11232.5 11226.5 11233.2 11241.6 11246.5 11250.5 11253.9 11257.7 11263 11269.7 11278.4 11284.9 11278.6 11268.4 11260.4
11321.7 11322.8 11322.5 11319.1 11311.2 11301.1 11291.2 11283.6 11281 11281.1 11282.1 11284.1 11286.5 11289.2 11290.8 11292.6 11292.8 11291.2 11292.8 11295.6 11296.1 11296 11296.5 11295 11294.6 11294.5 11294.4 11294 11289.4 11289 11288.7 11289.1 11289 11289.4 11289.4 11291.9 11292.2 11292.6 11293 11293.9 11294.2 11294 11294.1 11292.5 11291.8 11289.3 11288.4 11289.1 11287.6 11283.5 11277.1 11265.4 11259.9 11253.7 11253.5 11254.7 11255.8 11257 11258.4 11260.8 11264.6 11270.3 11278.1 11282.8 11275.1 11264.6 11255
11327.7 11329.3 11330.9 11329.8 11318.4 11305.8 11294.2 11283.5 11279 11280.7 11282.9 11285 11287.6 11289.5 11291.7 11293.9 11294.8 11294.2 11295.2 11296.9 11297.7 11297.6 11298.2 11297.5 11298.1 11296.9 11296.5 11296.4 11295 11292.5 11292.3 11291.6 11291.4 11291.4 11291.4 11292.6 11292.7 11292.8 11292.7 11295.1 11294.9 11294.1 11292.6 11291.1 11289.5 11286.2 11286.5 11292 11296.4 11298.1 11299.1 11296.6 11292.2 11284.4 11276 11269.4 11265.2 11262.9 11261.6 11261.7 11262.9 11265.3 11269.1 11271.5 11264.5 11255.5 11246.1
11331.9 11333.9 11335.1 11333 11322.2 11309.3 11297 11285.9 11281 11282.7 11285.1 11287 11288.9 11290.8 11293 11294.9 11298.3 11301.3 11299.8 11299.5 11299.7 11299.6 11301 11300 11300.1 11298.5 11298.4 11298.4 11298 11297.7 11295.2 11295 11294.8 11294.6 11294.4 11294.3 11294.3 11294.1 11294 11295.4 11294.9 11293.1 11293.2 11291.5 11289.7 11287.2 11288.1 11297.6 11308.4 11318.3 11313.6 11307.2 11296.7 11291.5 11287.7 11279.4 11272.5 11266.8 11262.8 11260.3 11258.1 11256.3 11254.4 11252.3 11250 11244.1 11236.8
11334.4 11336 11336.1 11332.4 11323.2 11311.6 11299.9 11289 11283.5 11287.5 11288.9 11290.2 11291.5 11293 11294.5 11297.6 11299 11300.1 11301.2 11301.7 11301.8 11302.1 11302.7 11302.5 11302.4 11301.4 11301.2 11300.9 11300.6 11300.3 11297.5 11297.3 11297.6 11297.6 11297.4 11297.6 11297.4 11297.2 11296.8 11297.6 11296.5 11295.7 11294.4 11292.6 11290.9 11291.2 11293.9 11302.7 11313.3 11321.8 11313.3 11298.8 11281 11281.6 11290.2 11283.9 11276 11268.8 11262.9 11257.6 11252.6 11247.5 11241.3 11237.9 11237.4 11234.5 11229.1
11335.1 11336.6 11336.5 11332.6 11323.7 11313.2 11303 11294.5 11291.6 11294 11293.5 11293.8 11294.9 11295.9 11296.8 11299 11299.2 11299.5 11301.4 11303.3 11303.8 11304.3 11304.8 11304.3 11304.7 11304.6 11303.3 11303 11302.7 11302.4 11302 11299.7 11300.6 11300.3 11300 11301.6 11301.1 11300.5 11299.8 11299.3 11298.4 11297.3 11295.9 11294.3 11293.4 11295.4 11300.1 11305 11310.7 11314.7 11308.3 11294.7 11276.9 11278.5 11289.2 11283.8 11275.9 11268.3 11261.5 11254.8 11248.1 11241.3 11233.9 11230 11229.8 11228 11224.7
11334 11335.3 11336 11331.8 11323.2 11313.8 11305.3 11298.9 11296.2 11298 11297.6 11297.6 11298.3 11298.9 11301 11301.1 11300.7 11301 11303.3 11305.6 11305.5 11306.7 11307.8 11305.7 11306.5 11306.3 11305.7 11305.4 11304.9 11304.6 11304.9 11304.4 11303.3 11302.9 11302.9 11302.5 11303 11302.3 11301.4 11300.4 11299.3 11297.9 11296.9 11296 11294.8 11297.2 11301.1 11303.1 11304.7 11303.4 11299.9 11293.6 11288.6 11288.7 11286.2 11280.2 11273.2 11266.6 11259.4 11252.3 11245.1 11238.5 11233.1 11229 11226.9 11225.4 11223.8
11330.2 11331 11332.6 11328.6 11321 11313 11306.4 11301.3 11298.4 11300.6 11301.1 11301.1 11301.7 11302.3 11304.1 11304.3 11303.3 11303.6 11306.1 11308.2 11308.2 11309.7 11310.2 11308.7 11308.2 11308.3 11307.6 11307.7 11307.1 11307.4 11306.7 11306 11307.4 11304.5 11303.9 11303.4 11304.2 11303.2 11302.2 11301.2 11298.9 11298.6 11297.1 11297 11295.2 11296.6 11297.8 11298.7 11299.9 11298.1 11294.6 11292.2 11289.7 11286.3 11279.5 11275.4 11270.5 11264.5 11257.7 11249.9 11242.6 11236.1 11232.1 11228.2 11226.3 11225.4 11225.3
11324.5 11324.1 11322.8 11321.3 11317.1 11312.1 11307.2 11303.1 11300.4 11304.5 11304.4 11304.5 11305.2 11307.4 11307.9 11309 11309.1 11309.2 11310.2 11312.1 11311.7 11313 11313.2 11311.9 11312.3 11312.2 11311.8 11311.7 11311.2 11311 11310.3 11310.2 11309.2 11308.4 11305.3 11304.6 11303.8 11303.1 11301.5 11300.7 11299.7 11298.8 11298.8 11297.8 11296.1 11296.1 11293.8 11294.6 11298.8 11300.3 11297.7 11292.7 11286.2 11278.6 11274.8 11272.2 11268.4 11263.2 11256.4 11248.8 11241 11233.8 11228.2 11226.5 11226.4 11226.8 11228.3
11318.7 11318 11315.6 11315.3 11314.1 11311.4 11308 11305.1 11303 11303.4 11306.9 11307.9 11309.2 11311.3 11312.3 11314.5 11315 11315.2 11315.8 11316.8 11316 11317.2 11317.3 11317.3 11316.4 11316.2 11316.2 11316.1 11315.7 11316.1 11315.7 11315.1 11313.7 11312.9 11312.1 11308.5 11308.2 11306.6 11305.2 11304.3 11303.2 11302.3 11302 11300.8 11299.1 11299.2 11298.2 11299.4 11301.8 11303.5 11302.4 11294.6 11286.5 11279.3 11274.7 11272.2 11268.9 11263.7 11257 11249 11240.5 11232.7 11227.8 11226.4 11227.3 11228.8 11232
11314.1 11314.8 11315.4 11313.8 11312.9 11311.2 11309.2 11307.6 11307 11307.8 11310.7 11312.8 11314.3 11315.6 11317.1 11319.9 11320.6 11320.9 11321.2 11322 11320.7 11321.1 11320.9 11321.1 11322 11321.8 11322.6 11321.4 11321 11321.6 11321 11320.4 11319.2 11319.7 11318.9 11318.6 11314.2 11312.9 11309.4 11309.9 11307 11306.3 11305.9 11304.9 11303.6 11304.2 11303.6 11304.1 11306.1 11307 11303.8 11295.6 11287.5 11281.5 11278.1 11275.9 11272 11266.6 11259.6 11251.2 11241.7 11233 11227.7 11227.4 11229.3 11232.6 11236.3
11310 11311.9 11313.4 11312.6 11311.9 11311.3 11310.6 11310.2 11310.4 11313 11316.1 11317.2 11318.6 11320.1 11322.1 11325.5 11327.2 11326.8 11326.7 11326.6 11325.3 11325.6 11325.7 11326.1 11326.2 11326.1 11326.3 11327.1 11325.6 11325.2 11326.1 11325.5 11324.1 11323.2 11322.8 11321.7 11321.3 11315.7 11314.3 11312.9 11311.4 11311.6 11310.8 11309.6 11308.7 11309.7 11309.8 11310.3 11310 11309 11302.8 11294.9 11287.9 11282.3 11281.9 11281.2 11276.9 11271.1 11264.2 11256.1 11245.9 11235.4 11229.5 11231.7 11234.5 11237.3 11240.7
11307.2 11308.9 11310.1 11311 11311.3 11311.7 11312 11312.7 11314.1 11317.6 11320.7 11321.3 11322.8 11324.4 11326.3 11329.7 11331.3 11331.4 11331.4 11331.3 11332.5 11329.2 11329.8 11331.1 11330 11331.7 11331.2 11330.7 11332 11331.5 11330.1 11329.3 11329.3 11328.1 11327.1 11325.5 11324.3 11319.6 11317.4 11315.9 11314.6 11313.6 11312.8 11312.6 11312 11313.5 11314.7 11316.3 11312.1 11307.1 11300 11293.3 11288.7 11285.5 11286.1 11286.7 11282.7 11277.6 11271.5 11264.4 11255.1 11243.3 11237.3 11240.3 11242 11243.3 11245
11305.1 11306.8 11308.5 11310 11311.3 11312.6 11313.7 11315 11317 11319.9 11323.4 11324.9 11326.6 11328.3 11330.1 11333.3 11334.5 11335.1 11335.3 11336.3 11337 11334.8 11333.9 11336.8 11336.7 11336.3 11337.4 11337 11336.1 11335.8 11336 11335 11333.9 11331.9 11330.7 11329.4 11328.1 11323.8 11322.6 11319.8 11318.7 11317.2 11316 11315.1 11314.7 11316.2 11317 11316.6 11312.3 11305 11295.7 11291 11289.8 11290.4 11292.2 11291.9 11288.6 11284.5 11279.9 11275.4 11270.6 11264.5 11257.5 11254.2 11251.7 11250.2 11249.7
11304.4 11305.6 11307.7 11310.2 11312.3 11314.3 11315.9 11317.6 11319.6 11322.4 11327.3 11328.7 11330.4 11331.9 11333.6 11336.8 11338.1 11338.9 11339.5 11341.7 11343.7 11341.6 11340.6 11344.1 11344.2 11344 11343.6 11344.8 11344.2 11342.3 11339.7 11338.3 11337.4 11336 11334.2 11333.3 11331.8 11327 11326.3 11323.3 11321.2 11320.1 11318.2 11317.2 11316.8 11317.8 11319.3 11318.2 11312.6 11304 11293.5 11289.5 11290.6 11293.9 11296.7 11295.3 11293.3 11290.6 11287.9 11285.9 11285.8 11289.7 11279.8 11267.9 11261 11257.1 11255.3
11305.9 11305.5 11308.4 11312.1 11314.8 11316.9 11318.6 11321 11322.6 11325 11329.2 11332.7 11334.2 11335.4 11336.8 11340 11341.5 11342.9 11344.4 11348.6 11350.5 11345.9 11348.4 11349.8 11351.3 11351.2 11350.7 11349.8 11347.6 11346 11344.9 11343 11341.1 11339.7 11338.1 11337.3 11335.5 11329.8 11329.1 11327.1 11324.3 11322.1 11319.7 11318 11317.5 11319 11319.8 11317.1 11312.1 11305 11295.4 11290.4 11290.5 11292.6 11295.1 11297.1 11297.1 11295.4 11293.6 11292.5 11292.6 11291.8 11285 11275.1 11267.1 11262 11259.9
11311 11310.9 11313.5 11316.5 11318.8 11320.5 11322.2 11323.8 11326.3 11328.5 11337.8 11338 11339.6 11340.4 11340.1 11340.5 11343 11346.4 11350.7 11353.8 11359.7 11353.8 11356 11356.9 11356.8 11355.4 11356.2 11355.5 11354.7 11352.5 11350.7 11349.3 11347.9 11346.2 11344.6 11343.6 11341.8 11335.6 11333.1 11332.9 11328.6 11324.9 11322 11320.4 11320.5 11319.6 11319.5 11316.2 11311.9 11304.8 11296.6 11290.8 11290.2 11291.1 11293.2 11298.9 11300.1 11298.3 11296.4 11295.1 11294.4 11292.3 11285.6 11277 11269.3 11263.7 11260.6
11319.4 11323.2 11322.7 11322.8 11323.8 11325.2 11326.7 11328.4 11331.1 11333.9 11339.2 11342.3 11345.8 11347 11346 11346.6 11349 11353.5 11359 11363.6 11369.3 11362.9 11363.3 11362.8 11363.3 11362.7 11360.7 11359.6 11357.2 11355.8 11354.4 11352.7 11351 11351.1 11348.2 11346.4 11344.6 11338.6 11336.2 11336.7 11334.1 11330.7 11327.4 11323.6 11322.4 11321 11319.8 11315.5 11312 11308.4 11298.3 11291.8 11290.5 11291 11293.4 11299.6 11300.7 11298.6 11296.5 11294.5 11292.9 11291 11283.5 11275.9 11268.7 11262.5 11258.1
11325.5 11330.7 11329.4 11328.4 11328.8 11329.8 11331.4 11334.1 11336.7 11338.3 11340.8 11347.7 11352.9 11354.8 11358.3 11356.4 11359.6 11363.8 11368.9 11375.7 11380.1 11371.6 11371.6 11371.1 11369.6 11368.7 11368.1 11365.8 11364.4 11363.3 11361.5 11359.2 11357.3 11354.8 11352.7 11350.5 11350.8 11349.1 11341.1 11340.3 11338.9 11333 11330.5 11329 11326.7 11323.7 11321.2 11314.6 11308.2 11305.2 11299.4 11293.3 11291.6 11291.3 11292 11295.9 11297.5 11296.6 11294.4 11291.7 11288.5 11284.3 11279.5 11273.2 11266.5 11259.9 11253.9
11328.1 11331.7 11332.5 11332.6 11333.5 11334.9 11336.8 11340.7 11343.8 11347.1 11351.8 11358.1 11362.1 11365.7 11367.3 11366.5 11370.3 11375.4 11380.5 11384.3 11388.1 11378.7 11377.1 11377.6 11376.2 11375.2 11374.1 11373.6 11371.9 11370 11368 11365.9 11363.7 11363.5 11361.2 11358.9 11357.2 11354.7 11346.2 11344.3 11344.1 11337.9 11333.6 11331.8 11329.3 11325.8 11323.7 11317.1 11311 11308.1 11302.2 11297.1 11293.3 11292.3 11293.1 11294.5 11294.7 11293.7 11291.5 11288.4 11284.4 11280.2 11276.2 11270.9 11264.9 11258.4 11251.8
11328.6 11332.6 11334 11335.7 11337.8 11340.2 11343.9 11347.7 11351.9 11358 11367.7 11370.4 11372.2 11375.2 11375.6 11375.2 11380.3 11385.9 11390.6 11394.1 11396.9 11398.5 11386.7 11385.6 11384.7 11383.7 11380.9 11378.7 11376.4 11378.1 11376.6 11374.2 11370.7 11368.2 11365.7 11358.5 11356.5 11355.3 11350.6 11348.6 11348.3 11342 11336.5 11334.8 11332.5 11329.1 11328 11322.6 11318.3 11313.4 11305 11298 11293.8 11292.2 11292.8 11293.2 11292.7 11291.2 11288.8 11285.6 11281.8 11278 11274.3 11269.8 11264.3 11258.6 11253.7
11326.6 11330.3 11334.4 11338.1 11341.5 11344.9 11349.6 11354.2 11358.4 11364.5 11372.9 11377.5 11381.7 11386.2 11385 11382.2 11392.1 11397.6 11401.5 11405.1 11406.6 11407.7 11394.2 11395.2 11392.3 11390 11389.4 11387 11385.2 11382.7 11379.2 11376.6 11366.8 11363.4 11360.9 11359.3 11356.9 11348.1 11351 11347 11348.6 11344.2 11338.6 11337.2 11336.8 11337.9 11332.9 11328 11321.9 11315.6 11306 11297.9 11293 11290.5 11289 11288.9 11290 11288.9 11286.5 11283.4 11280 11276.9 11273.7 11270.1 11265.4 11259.9 11255.5
11326.6 11330.6 11336.5 11341.9 11346.8 11350.4 11355.6 11360.7 11364.7 11368.6 11372.4 11380 11392.6 11401.8 11402.4 11399.4 11408.7 11412.5 11415 11415.9 11415.2 11416.5 11401.8 11403.1 11404.9 11402.7 11398.5 11392.9 11380.3 11377.5 11374.9 11372.3 11369.7 11367.1 11356.5 11350.9 11349.2 11347.6 11349 11348.8 11348.5 11345.1 11337 11337.5 11337.4 11339.9 11336.8 11333 11327.4 11315.6 11305.8 11297.6 11292.1 11289 11286.6 11285.8 11287.9 11287 11284.9 11282.2 11278.9 11276.8 11274.9 11272.1 11268.5 11262.8 11256.4
11329.1 11334 11340.6 11347.1 11351.6 11357.3 11362.8 11367 11371.2 11375.6 11379.1 11391 11408.6 11424.2 11429.1 11426 11430.4 11429.6 11429.1 11427.6 11425.1 11431 11414.1 11414.5 11411.9 11398.3 11391.2 11388.4 11385.7 11366.4 11364 11361.8 11360.6 11358.7 11356.9 11354.4 11346.8 11345.8 11348.8 11355.8 11353.2 11347.9 11340.1 11338.8 11338.7 11341.8 11340.1 11337.6 11330.6 11314.8 11304.9 11296.3 11290.9 11288.8 11287.4 11287.2 11287.1 11285.9 11283.9 11282.1 11280 11278.7 11277.6 11276.4 11274.6 11270.5 11263.4
