real_craters/C069-300m.grd
DSAA
181 181
-26.95 26.95
-26.95 26.95
10425.489141239 12202.633153659
[rows 60 to 89 of 181, columns 0 to 66 of 181]
11313.8 11314.1 11314.4 11314.7 11314.8 11314.8 11314.8 11314.8 11314.6 11314 11312.8 11310.9 11310 11309 11308.7 11309.2 11310.2 11311.1 11311.7 11311.8 11312.8 11314.6 11315.7 11316.2 11316.7 11316.8 11317 11317.1 11317 11317.6 11319.9 11323.3 11326.6 11327.3 11324.7 11321.6 11318.9 11319.1 11320.6 11322.1 11323.5 11324.2 11325.2 11326.3 11327.9 11329.2 11331 11333.2 11335.8 11339 11341.5 11343.6 11344.2 11343.6 11341.4 11338.7 11334.7 11330.7 11331.2 11332.8 11333.9 11333.1 11333.8 11334.2 11334.5 11334.7 11335
11315.4 11315.7 11316 11316 11316.3 11316.4 11316.3 11316.1 11315.7 11315 11313.8 11312.9 11311.2 11309.7 11309.1 11310 11310.8 11311.5 11312.1 11312.4 11313.2 11314.6 11315.7 11316.2 11316.7 11317.2 11317.5 11317.8 11318.3 11318.9 11321.1 11324.9 11327.8 11328.4 11325.6 11322 11318.4 11315.8 11315.3 11318.3 11320.5 11322.4 11323.8 11325.2 11326.8 11328.1 11329.2 11330.6 11332.3 11334.2 11336.5 11338.6 11340 11339.7 11338.6 11337.3 11336.1 11335.3 11336.4 11338.8 11342.3 11343.7 11342.2 11342.1 11342.4 11342.9 11344.6
11316.9 11317.2 11317.7 11318.3 11318.2 11318 11317.8 11317.4 11317 11316.2 11315.2 11314.1 11312.8 11311.6 11311.2 11311.4 11311.9 11312.6 11313.5 11314.4 11315 11315.4 11316.1 11316.6 11317.1 11317.7 11318.4 11319.2 11320.3 11321.2 11323.6 11327.6 11329.4 11328.9 11327.5 11324 11320.1 11316.2 11315 11316.7 11319 11321.3 11323.2 11324.3 11325.6 11326.6 11327.3 11327.9 11328.7 11329.8 11331.1 11334.4 11337 11337.8 11336.5 11337.9 11338.9 11340.3 11341.6 11344 11347.6 11349.4 11350.1 11350.7 11351.2 11352 11353.8
11318.2 11318.6 11319 11319.3 11319.5 11319.3 11319.1 11318.8 11318.5 11317.9 11317 11315.5 11314.7 11314.1 11313.5 11313.1 11313.1 11313.9 11315.1 11316.5 11316.7 11316.6 11316.7 11317.3 11317.8 11318.5 11319.3 11320.7 11322.8 11325.8 11329.7 11332.4 11334 11332.7 11332.8 11328 11321.8 11318.3 11315.9 11317.4 11319.6 11321.7 11323.4 11324.6 11325.3 11326.1 11326.3 11326.3 11325.7 11326 11328.4 11332.2 11336.4 11339.4 11340.8 11342.5 11342.8 11342.4 11343.8 11348.7 11353.2 11355.9 11358.6 11360.1 11360.5 11361.2 11363.2
11319.6 11319.9 11320.1 11320.2 11320.4 11320.5 11320.5 11320.4 11320.2 11319.8 11319.3 11318.5 11317.6 11316.4 11315.5 11314.2 11314 11314.7 11316.3 11318.6 11317.9 11317.6 11317.6 11318 11318.6 11319.1 11320.2 11321.9 11324.7 11329.2 11334.6 11337 11340.8 11346.3 11342.9 11336.3 11328.7 11324.4 11319 11320.6 11322.6 11324.2 11326 11326.8 11327.1 11327.3 11326.6 11325.8 11324.4 11322.6 11324.6 11331.9 11338.2 11343.4 11348.5 11349.9 11348.5 11346.5 11347.8 11354.8 11361.3 11367.5 11370 11370.4 11370.8 11372.2 11375.2
11321.1 11321.5 11321.5 11321.6 11321.6 11321.6 11321.7 11321.8 11321.8 11321.7 11321.8 11321.9 11320.7 11318 11315.6 11314.4 11314.2 11314.8 11316.2 11317.5 11318 11318.2 11318.4 11318.6 11319.1 11319.9 11320.9 11322.3 11324.7 11328.2 11332.7 11337.5 11344 11351.2 11351.7 11349.4 11344.1 11336.5 11330 11328.7 11328.6 11328.7 11329 11330.2 11330.5 11330.2 11329 11328 11326.5 11325.1 11327.8 11335.1 11342.1 11348.1 11353.4 11355.8 11355.6 11355.8 11358.3 11362.6 11369.1 11376.8 11379.3 11379.7 11381.1 11384.4 11389.6
11323.4 11323.5 11323 11322.6 11322.7 11322.8 11322.9 11323 11323.2 11323.5 11323.7 11323.6 11322.2 11318.9 11315.7 11314.2 11314.2 11314.8 11315.6 11316.5 11317.6 11318.6 11319.2 11319.5 11320 11320.4 11321 11321.9 11323.3 11325.2 11328.6 11334.8 11343.2 11350.5 11356.9 11360.4 11357 11349.2 11344.2 11338.8 11335.5 11334.1 11333.8 11333.9 11333.7 11333.2 11332.8 11332.3 11331.8 11332.4 11335.5 11341.2 11347.7 11353.7 11358.7 11361.6 11362.7 11363.4 11365.6 11368.5 11374 11381 11384.5 11386.9 11391.3 11399.1 11403.4
11326.8 11326.1 11324.9 11324.1 11324 11324.1 11324.2 11324.4 11324.6 11324.8 11325 11324.9 11323.5 11319.9 11316.1 11314.5 11314.8 11315.3 11315.8 11316.5 11318.1 11319.4 11320.1 11320.5 11321 11321.4 11321.6 11321.9 11322 11322.2 11322.6 11330 11341.8 11353.5 11363.6 11369.1 11365.7 11357 11348.7 11342.9 11340.6 11339.4 11339 11338.7 11338.3 11337.6 11337.2 11337.4 11338.3 11341.7 11344.1 11348.1 11353.8 11359.8 11365.6 11369.8 11369.7 11369.1 11368.9 11372.9 11377.1 11380.6 11384 11393 11403.8 11413 11417.3
11330.2 11328.8 11327.4 11326.3 11325.5 11325.3 11325.3 11325.4 11325.7 11325.9 11326 11325.9 11324.9 11321.1 11317.1 11315.5 11316.3 11317.1 11317.9 11318.8 11319.9 11320.9 11321.3 11321.7 11321.9 11322 11322 11322 11321.7 11321.4 11321.5 11328.8 11340.2 11353.4 11366.3 11375.9 11370.8 11360.4 11351.2 11345.5 11344.7 11344.6 11344.4 11343.7 11342.7 11342 11341.8 11342 11343.2 11347.9 11350.3 11353.9 11359.4 11365.9 11372 11376.6 11376.4 11375.4 11376.2 11378.4 11382.6 11385.6 11388.6 11402.8 11419.4 11431.1 11435.4
11333.3 11330.9 11328.8 11327.4 11326.6 11326.3 11326.4 11326.4 11326.6 11326.6 11326.5 11326.1 11325.7 11322 11319.1 11318.1 11318.9 11320.1 11321.5 11322.2 11322.1 11322.2 11322.3 11322.2 11322 11321.9 11321.9 11321.9 11322 11322.5 11325 11329.8 11337.2 11345.7 11354.8 11366.7 11366 11360 11353.2 11348.7 11349.9 11350.5 11350 11349.2 11348.3 11347.2 11346.5 11346.2 11346 11348.6 11353.4 11358.6 11364.9 11371.6 11378 11383.1 11382.9 11381.1 11379.8 11384.8 11393.5 11400.5 11405.8 11420.8 11438.8 11453.1 11457.7
11334.4 11331.7 11329.3 11327.8 11327.3 11327.2 11327.3 11327.4 11327.6 11327.6 11327.1 11325.9 11323.5 11322.3 11321.5 11321.1 11322.3 11323.8 11325 11325.6 11325 11324.6 11324.2 11323.8 11323.5 11323.2 11323.3 11323.5 11323.8 11324.8 11325.9 11329.2 11334.5 11337.9 11340.2 11347.7 11355.9 11358.7 11358.1 11356.3 11358.7 11357.6 11356.2 11354.8 11353.7 11352.5 11351.5 11350.3 11349.3 11350.9 11356.9 11363.4 11370.2 11377.1 11383.4 11388.7 11389.8 11388.7 11388.3 11395.9 11410.3 11424.3 11435 11448 11462.2 11474.5 11473.3
11334.3 11331.7 11329.4 11328.1 11327.9 11328.1 11328.4 11328.8 11329 11329 11328.6 11327.4 11325.1 11325.1 11325.4 11325.5 11326.5 11327.7 11328.9 11328.9 11328.1 11327.5 11326.8 11326.5 11326 11325.8 11326.3 11326.4 11327 11328.2 11330 11333 11336.2 11336.8 11334.1 11338.6 11351.4 11360.1 11366.6 11374.1 11369.7 11365.8 11363.4 11361.5 11359.8 11358.7 11357.6 11356.4 11355 11356.3 11362.6 11369 11375.6 11382.3 11389 11395.1 11398 11398.4 11400.4 11410.7 11430.5 11451.9 11470 11477.9 11486.9 11493.9 11484.1
11334.2 11331 11328.6 11328 11328.4 11329.1 11329.8 11330.3 11330.7 11330.9 11330.9 11330.8 11331.2 11331.2 11330.6 11331.1 11330.9 11331.5 11332.2 11332 11331.1 11330.7 11330.2 11329.5 11329.1 11329.2 11329.2 11329.5 11330.3 11331.9 11335.1 11339.5 11342 11344.5 11344.7 11348 11356.4 11363.9 11371.1 11377.5 11375.4 11372.1 11369.9 11368.2 11366.4 11365.6 11364.9 11364.5 11364.3 11365.4 11370.3 11375.4 11381.1 11387.1 11393.9 11401.8 11406.2 11408.7 11414.1 11426.9 11450.8 11475.7 11496.5 11502.3 11507.7 11512.6 11496.4
11333.8 11329.9 11327.4 11328 11329.3 11330.3 11331.4 11332.1 11332.7 11333.1 11333.4 11334.1 11335.1 11335.5 11334.7 11333.9 11334.2 11334.8 11335.1 11334.6 11334.1 11333.7 11333.2 11332.9 11332.8 11332.5 11332.5 11332.7 11333.4 11334.9 11337.9 11342.3 11346.4 11354.4 11369.7 11367.8 11364.3 11366.9 11371.2 11374.3 11375.7 11375.8 11375.3 11374 11372.8 11372.5 11372.1 11373.8 11376.6 11377.4 11379.2 11382.3 11386.4 11391 11396.5 11402.6 11409 11418 11430.1 11446.5 11469.6 11492.1 11511.7 11514.1 11514.4 11518.1 11497.7
11332.6 11329.7 11328.5 11329.6 11331.2 11332.4 11333.4 11334.1 11334.9 11335.3 11335.8 11336.5 11337.7 11338.5 11338 11337.8 11338 11337.8 11337.5 11337.4 11337.3 11336.9 11337 11337.5 11336.8 11336.6 11336.5 11336.5 11336.7 11337 11338.1 11340 11345.2 11353.7 11364.4 11366.7 11364.9 11367.1 11370.6 11372.8 11376.1 11378.9 11379.4 11378.9 11377.7 11377.6 11378.4 11381.4 11387 11386.8 11386.5 11388 11391 11394.5 11398.6 11402.9 11410.2 11425.3 11445.1 11468.2 11483.2 11499.1 11514.1 11513.2 11504.2 11498 11477
11333.4 11331.5 11331.7 11333 11334.3 11335.4 11336.2 11336.8 11337.4 11337.7 11337.9 11338.2 11338.8 11339.6 11340.2 11342.3 11342.4 11340.8 11340.1 11340.1 11340.1 11340.4 11340.6 11340.8 11340.7 11340.7 11340.2 11340.1 11339.5 11339 11338.4 11337.9 11340.8 11345.2 11348.8 11353.1 11358.5 11364.7 11371.1 11376.4 11380.9 11383.2 11382.8 11382 11380.8 11380.8 11382.1 11384.7 11387.9 11389.5 11390.7 11392.7 11395.5 11398.6 11401.8 11404.9 11411.3 11430 11452.2 11474 11486.6 11495.5 11501.6 11496.5 11484 11468.4 11451
11339.6 11337.3 11337.1 11338 11338.9 11339.3 11339.8 11340.1 11340.5 11340.4 11340.1 11339.8 11339.1 11338.3 11340.2 11342.5 11342.8 11342.4 11342.3 11342.5 11342 11343 11343.3 11343.6 11343.8 11343.7 11344 11343.1 11342.6 11341.6 11340 11337.8 11337.6 11337.7 11336.5 11340.9 11351.3 11361.6 11371.8 11382.1 11388.6 11387.2 11385.1 11383.4 11382.4 11382.4 11383.3 11384.8 11385.8 11390 11393.3 11396.7 11400.2 11404 11407.6 11410.8 11415.5 11434.3 11454.3 11473.4 11482 11485.9 11487 11480 11469.4 11451.8 11438.1
11348.4 11346.5 11345.3 11344.3 11344.2 11344.4 11344.1 11343.8 11343.3 11342.9 11342.6 11341.7 11340.7 11339.8 11340.5 11341.1 11341.3 11341.4 11343.1 11344.6 11345.4 11346.1 11346.6 11345.7 11345.8 11345.6 11345.4 11345 11345.8 11344.9 11343.6 11341.7 11339.3 11335.6 11332 11335.3 11347 11359.2 11371 11382.7 11390.1 11387.3 11384.1 11382.8 11382.2 11382.4 11383.8 11385.9 11389.3 11391.8 11395.6 11399.9 11404.8 11410.1 11416 11422.2 11427.8 11442.2 11453.8 11463.9 11469.1 11474.7 11478 11473.4 11470.4 11459.8 11443.1
11356.4 11354.6 11353.2 11351.1 11349.7 11348.6 11348.1 11347.4 11346.8 11346.4 11345.3 11344.1 11343.2 11342.6 11341.9 11341.2 11341 11342.6 11345.1 11347.5 11349.1 11350.2 11350.8 11350.6 11350.9 11350.8 11350.4 11350.1 11349.7 11348.4 11348.3 11347.8 11344.8 11338.3 11333.4 11336.1 11347.5 11358.8 11368.9 11377.6 11382.9 11382.4 11381.2 11381.1 11381.6 11382.7 11384.3 11386.5 11389.1 11392.9 11397.5 11402.6 11408.6 11415.7 11424.7 11436.5 11450.3 11455.8 11453.5 11448.3 11453.2 11467.5 11477.3 11480.5 11492.4 11492.4 11464.5
11364 11361.9 11359.9 11357.4 11355.2 11353.6 11352.3 11351.2 11350.1 11349.9 11348.5 11347.1 11345.8 11344.6 11343.6 11342.9 11343.6 11346.3 11349.2 11351.5 11353 11354.5 11355.2 11355.3 11356 11356.1 11355.8 11355.2 11354 11353.9 11353.7 11353.3 11350.9 11345.1 11341.5 11345.3 11353.3 11361.5 11367.8 11371.7 11373.8 11374.9 11376.9 11378.9 11380.9 11382.7 11384.8 11387.5 11390 11394.3 11398.8 11404.1 11411 11419.1 11429.8 11444.6 11465 11465.2 11454.7 11447.9 11452.5 11470.1 11486.5 11502.1 11531.6 11535.9 11490
11371 11368.3 11365.5 11362.7 11360.6 11358.8 11357.2 11355.4 11354.6 11353.6 11352.6 11350.8 11348.9 11346.6 11345.4 11346.4 11348.6 11352.7 11355 11356.7 11357.5 11358.6 11359.3 11359.7 11360 11360.1 11359.9 11359.1 11358.6 11358.3 11358.7 11358.9 11357.7 11354 11353.2 11357.2 11363.4 11368.3 11370 11368.5 11365.3 11368 11373.1 11377.2 11380.4 11382.9 11385.3 11389.1 11392.1 11395.4 11399.8 11405 11411.4 11419.7 11429.4 11440.8 11450.9 11454.1 11453 11453.4 11461.8 11481.1 11502.3 11526.4 11568.9 11568.1 11507.4
11375.8 11372.2 11369.7 11367.6 11365.7 11364 11362.3 11361.1 11359.4 11358.3 11357.8 11355.7 11353.6 11350.6 11349.1 11352 11355.4 11360.5 11361.7 11362.7 11363.2 11363.9 11363.6 11363.7 11364 11362.3 11362.3 11361.5 11361.8 11362.2 11363.2 11364.4 11364.7 11363.5 11366 11371.9 11377.8 11379.3 11376.6 11370.9 11364.1 11366.3 11372.6 11377.8 11381.3 11383.8 11385.6 11388.7 11391.8 11395.8 11400.4 11405.3 11411.3 11417.9 11425.1 11432.2 11438 11443.4 11449.7 11459.7 11473.8 11497.7 11521.1 11547.4 11587.6 11574.1 11507.7
11378 11375.2 11373.9 11372.1 11370.5 11368.9 11367.3 11366 11364.9 11363.5 11362.1 11361.3 11359.8 11358.4 11358 11360.5 11363.2 11366.9 11367.9 11368.5 11368.9 11368.9 11369.2 11367.7 11367.5 11367.3 11365.5 11365.1 11365.1 11365.9 11367 11369.4 11372.1 11373.2 11379.9 11392.8 11397.7 11393.1 11386.6 11379.3 11372.7 11372.8 11377.1 11380.9 11383.7 11385.4 11386.5 11388 11391.9 11396.2 11400.7 11405.5 11410.7 11415.6 11420.8 11424.4 11426.4 11430.8 11445.4 11465.6 11493.3 11513.3 11539.2 11566.1 11589.6 11561.7 11491.4
11379.7 11379.3 11378.7 11376.8 11374.7 11373 11371.5 11370.1 11368.9 11368.2 11367.3 11367.1 11366.6 11367.4 11369.5 11369.7 11371.3 11373.1 11373.4 11373.6 11373.8 11373.2 11372.2 11371.7 11370.7 11370.1 11369.5 11368.6 11368.7 11369.3 11370.3 11372.7 11376.2 11379.1 11389.6 11405.7 11411.9 11404.9 11397.1 11390.3 11385.2 11384 11385.4 11386.8 11387.5 11388.3 11389.1 11390.5 11393.7 11397.4 11401.7 11406.3 11410.7 11415 11418.5 11420.4 11420.6 11423.5 11441.2 11462.6 11487.2 11517.9 11552.9 11585 11591.1 11547 11465.9
11383.9 11382.7 11382 11380.4 11378.8 11377.3 11376.6 11374.8 11373.6 11372.6 11372 11372.1 11372.6 11374 11375.7 11376.2 11376.8 11378.1 11378.4 11378.2 11377.9 11377.3 11374.9 11374 11372.6 11372.3 11371.8 11370.7 11372.5 11372.9 11373.2 11374.2 11376.3 11381.2 11392.5 11408.3 11416.5 11410.9 11404.6 11399.9 11397.5 11396.7 11394.7 11393.3 11392.5 11392 11392.5 11395 11395.7 11399 11402.9 11407.2 11411.6 11415.7 11419.2 11421.6 11423 11425.7 11441.4 11458.6 11478.5 11515 11559.9 11595.8 11593.9 11526.9 11431.9
11389.8 11386.7 11384.8 11384 11382.7 11381.2 11379.8 11378.6 11377.3 11376.5 11376.2 11376.8 11377.5 11378.9 11380.2 11380.8 11380.5 11381.7 11383 11382.3 11381.5 11380 11379 11376.3 11374.3 11373.2 11373.1 11372.4 11374 11374 11373.5 11373.9 11374.9 11377.7 11388.7 11402.6 11412 11409.9 11407.7 11406.5 11405.3 11403.1 11402.6 11399.8 11397.1 11394.7 11394.1 11394.5 11396.5 11399.9 11404 11408.5 11413.3 11418 11422.6 11426.9 11431.8 11439.7 11448.6 11460 11474.5 11511.8 11562.7 11597.7 11580.1 11486.4 11396.7
11388.5 11389.2 11388.8 11387.5 11385.8 11384.2 11382.7 11381.4 11380.5 11379.9 11379.9 11380.3 11381.4 11382.8 11384.3 11385.9 11386.9 11387.8 11388.1 11386.3 11384.9 11383.4 11381.6 11380.7 11379.3 11376.1 11375.3 11374.5 11375.2 11374.4 11373.4 11373.1 11372.7 11373.8 11382.8 11392.3 11397.5 11403.7 11407.6 11410.6 11412.9 11414.1 11411 11405.5 11400.4 11396.3 11394.9 11395.1 11396.6 11400.1 11404.7 11409.6 11415.7 11421.5 11427.9 11434.7 11442 11451 11459.3 11468.5 11480.7 11514.8 11564.5 11591.2 11534 11424.1 11337.4
11381.2 11387.3 11390.6 11389.6 11388 11386.3 11385 11383.8 11383 11382.9 11382.8 11383.3 11384.4 11386.2 11388.4 11391.8 11394.9 11394.1 11393.1 11390.6 11388.7 11386.6 11384.9 11383.2 11382.1 11380.9 11378.2 11377.8 11377.3 11376.6 11375.9 11374.7 11373.4 11373.9 11380.3 11386.7 11390.3 11399.6 11407.3 11413.4 11419.2 11425.1 11417.7 11409 11402 11396.2 11393.3 11393.5 11395.8 11399.8 11405.2 11411.4 11418 11425.7 11433.7 11443 11453.2 11464.2 11473.3 11481.3 11494.9 11524.9 11567 11584.1 11486.2 11359.6 11278.1
11379.4 11385.7 11390.2 11390.5 11389.4 11388.1 11386.8 11386.1 11385.5 11385.3 11385.4 11385.5 11386.9 11388.6 11391.1 11395.6 11399.9 11398.3 11397 11394.2 11392.5 11390.8 11389 11387.1 11385.4 11384.4 11383.5 11382.5 11380.6 11380.2 11380.4 11379.5 11377.8 11376 11383.6 11390.4 11395.3 11401.8 11408.4 11414.3 11419.4 11421.3 11417.4 11409.6 11401.9 11395.2 11389.6 11390.1 11394.8 11399.8 11405.4 11412.4 11420.1 11429.5 11440.4 11451.5 11464.5 11478.5 11488.8 11494.5 11502.9 11524.4 11566.5 11576.1 11439.5 11310.5 11233.2
11381.4 11385.8 11390 11390.8 11389.7 11388.7 11387.7 11386.8 11386.4 11386.7 11386.8 11387.6 11388.6 11390 11391.8 11395.1 11400.3 11400.5 11399.8 11397.3 11395.6 11394 11392.2 11390.3 11388.8 11387.9 11387.3 11386 11385.8 11385.9 11386.8 11387.6 11389 11388.6 11395.4 11400.4 11403.7 11406.5 11410 11414.2 11417.6 11418.8 11415.7 11408.2 11400.8 11395 11391.8 11391.8 11395.3 11400.3 11406.6 11414.4 11423.4 11433.6 11445.1 11458.6 11473.7 11489.7 11501 11506.6 11511 11523.3 11566.4 11572 11430.2 11292.9 11208
