real_craters/C069-500m.grd
DSAA
109 109
-26.95 26.95
-26.95 26.95
10430.351737204 12199.886593098
[rows 60 to 89 of 109, columns 0 to 66 of 109]
11383.5 11384.5 11385.8 11387.5 11388.3 11389.2 11390 11391 11392.8 11394.1 11390.5 11388.5 11388.1 11389.6 11391.8 11393.6 11395 11393.8 11390 11391 11406 11412.5 11409.7 11411.7 11426.2 11437.3 11442.3 11438.7 11442.8 11441.8 11440.2 11440.3 11440.9 11440.7 11443.5 11449.9 11458.7 11473.8 11536.4 11587.4 11569 11462.5 11319.2 11160.6 11003 10852.5 10727.9 10645.3 10584.6 10538.8 10521.4 10512.8 10552.5 10605.2 10661.7 10724.5 10779.8 10832.4 10886.2 10934.3 10975 11008.9 11020.9 11041 11058.6 11058.1 11064.7
11382.9 11385.4 11388.5 11389.1 11389.8 11390.5 11391.3 11392.6 11394.6 11401.2 11407.3 11399.1 11392.2 11392.8 11396 11398.9 11401.5 11402.1 11401.6 11403.9 11410.6 11414.7 11417.1 11421.2 11437.9 11447 11446.7 11443.1 11444.3 11442.4 11441.1 11441.3 11442.4 11446.8 11452.5 11461.3 11469.7 11488.5 11529.4 11561.6 11573.4 11505.8 11389 11252.5 11104.5 10961.5 10839.3 10745.6 10662.7 10590.2 10555.7 10543.7 10587.2 10645.1 10705.8 10764.9 10822.5 10877.8 10934.3 10984.9 11037.9 11082.4 11106.8 11150.6 11185.8 11206.8 11223.2
11385.3 11387.5 11388.8 11389.9 11391.1 11392 11392.6 11394.1 11397.1 11407.7 11422.9 11404.8 11394 11395.9 11399.3 11403.6 11408 11413.1 11416.8 11419.2 11422.9 11428.7 11438.6 11447.4 11459.1 11463 11462.2 11457.2 11444.6 11438.6 11435.7 11437 11441.4 11449.6 11460.4 11472.6 11480.5 11491 11536.3 11579.9 11607.8 11547.7 11455.4 11341.5 11215.8 11083.8 10964 10861 10759.6 10662.8 10604.3 10595.9 10639.7 10696.9 10756.6 10817.8 10875.3 10939.2 10995.4 11054.8 11107 11163.8 11215.2 11260.8 11317.4 11369.8 11390.5
11390.5 11392.1 11391.7 11392.4 11392.9 11393.1 11393.6 11395 11400 11407.1 11412.7 11406.5 11399.9 11400 11402.2 11406.5 11412.9 11422.4 11435.7 11432.4 11431.9 11447.8 11459.7 11480.4 11482 11476.9 11472.4 11458.1 11434.7 11423.2 11420.9 11424.7 11435.4 11447.7 11463.1 11480.8 11495.8 11501.9 11552.9 11590.2 11616.5 11579.9 11515.2 11434.2 11334.8 11214.6 11105.4 10996.4 10882 10771.9 10701.3 10684.5 10724.1 10781.6 10841.1 10905.9 10962.5 11017.2 11083.1 11135.6 11197.7 11248.1 11306.4 11360.5 11428.4 11502 11518.6
11392 11394.9 11395.7 11395.6 11394.8 11394.2 11394.1 11394.2 11394 11402.1 11406.9 11406.5 11404.6 11403.3 11404 11407.3 11413.2 11421.4 11434.2 11427.2 11420.9 11419.7 11451.5 11498.1 11484.8 11464.7 11468.8 11427.3 11396.8 11391.9 11394.6 11406.7 11419.4 11435.2 11455.3 11476.1 11488.8 11501.6 11538.3 11579.5 11613 11595.4 11565.4 11529.2 11472.7 11374.8 11272 11149.9 11024.3 10912.1 10849.7 10836.7 10841.1 10891.5 10949.7 11002.4 11072.9 11123.8 11182.1 11229.8 11279.5 11329.2 11381 11432.9 11494.2 11545.6 11559.3
11393.3 11396.3 11397.7 11397.5 11395.6 11394.4 11394.3 11394.6 11395.3 11399.7 11402.8 11404.6 11405.5 11404.4 11404.9 11406.7 11409.5 11411.9 11410.4 11410.3 11404.2 11399.6 11429.3 11459.4 11454 11415.4 11355 11337.9 11341.8 11356 11367.3 11382 11404.2 11423.3 11446.1 11469.7 11494.8 11495.8 11520.4 11556.1 11582 11594.5 11601.8 11612.6 11623.7 11592.4 11457.1 11306.5 11170.9 11054.6 10981.7 10965.2 10969.2 11022.2 11075.8 11137.4 11180.3 11222.3 11266.3 11306.5 11348.4 11385.4 11432.7 11482.1 11528.4 11557.6 11567.7
11395.6 11398.6 11397.6 11396.8 11395.1 11394.2 11394.6 11396.7 11399.4 11399.9 11401.7 11403.1 11404.6 11405 11405.7 11406.6 11406.6 11407.2 11407.3 11400.4 11395.3 11397 11422.3 11454.5 11447.1 11382.8 11295 11272.8 11292.7 11320.9 11344.6 11365.6 11385.5 11408.3 11430.1 11452.8 11473.1 11492.4 11524.6 11536.2 11541.1 11571.8 11609 11651.7 11716.7 11750.9 11588.9 11432.4 11301.9 11191.9 11103.2 11104.6 11118.3 11174.1 11218.1 11255.2 11279.6 11308.8 11329.9 11361.8 11389.3 11428.6 11464.2 11510.1 11552.4 11570.6 11573.1
11393.7 11394.9 11394.1 11393.1 11392.8 11393.2 11393.8 11395 11397.4 11399.1 11400.9 11401.7 11401.8 11405.5 11409.3 11409.9 11406.9 11403.4 11400.6 11394.9 11390.3 11389.7 11417.2 11470.8 11467.1 11390.2 11292.7 11252.4 11269.4 11300.8 11332.5 11353.5 11375.3 11396.1 11414.7 11432.1 11451.1 11477.2 11494.2 11505.3 11518 11550.4 11588.5 11630.7 11676 11696.5 11607.2 11504.5 11413.7 11338.6 11279.7 11310.5 11316.1 11349.2 11362.4 11361.2 11358.1 11370.1 11387 11403.5 11430.1 11459.5 11500.6 11535.1 11571.1 11585.8 11574.7
11389.6 11390.7 11388.8 11387.1 11390.4 11393.3 11393.9 11392.9 11394.4 11398.4 11401.8 11406.3 11403.5 11410.4 11416.8 11417.5 11411.8 11402.6 11395.8 11393.5 11390.2 11389 11414.3 11476.1 11492 11426.9 11335 11263.7 11274.8 11301.6 11330.4 11351.8 11370 11384.8 11400.3 11414.9 11431.6 11451.1 11459 11475 11496.5 11528.3 11553.4 11575.1 11573.9 11566.6 11570.9 11536.2 11498.9 11482.1 11494.2 11570.3 11574.9 11531.1 11492.9 11462.3 11442.2 11438.6 11442.2 11451.4 11468.5 11490.7 11518.2 11545.5 11576.5 11600.9 11565.9
11385.3 11384.5 11386 11387.1 11392.9 11396.5 11397.4 11397.8 11398.1 11400.1 11403 11406 11411.5 11423.8 11433.3 11433.8 11426.5 11412.2 11404.1 11402.8 11399 11397.6 11416.4 11482.7 11517.9 11465 11384 11302.4 11306.8 11323.2 11344.5 11359 11372.1 11382.7 11392.3 11401.4 11417.2 11435.5 11456.6 11474.9 11481 11499.1 11519.5 11527.6 11533.6 11536 11544 11548.4 11553.9 11587.4 11663.6 11778.2 11762 11661.8 11585 11538.6 11504.4 11490.5 11487 11488.4 11494.3 11503.3 11521.3 11530.9 11542.2 11547.4 11537.4
11383.1 11383.3 11388.1 11396.6 11401.7 11403.6 11404.4 11401.5 11402.1 11403.3 11405.9 11413.7 11434.1 11454.2 11456.5 11455.9 11452.4 11443.3 11432.2 11421.2 11412.7 11412.6 11432.6 11464 11485.4 11481.2 11441.7 11375.5 11365.2 11361.5 11363.7 11369.1 11374.1 11381.1 11387.9 11394.2 11401.7 11422 11444 11459.4 11471.7 11490.3 11493.9 11496.7 11501 11516.4 11529.6 11551.2 11576.3 11618.8 11698.2 11786.1 11789.6 11684.6 11614.9 11573.3 11534.4 11518.5 11509.7 11503.7 11503 11510.3 11511.7 11508.9 11501.6 11498.7 11502.5
11383.2 11384.4 11392.3 11404.7 11411.6 11411.9 11412.5 11413.3 11409 11406.9 11408 11414.9 11448.6 11474.3 11473.6 11476.1 11479.8 11482.6 11462.9 11440.8 11424.5 11417.4 11422.7 11435.4 11450.1 11468.6 11469.9 11460.3 11421.2 11396.3 11385.6 11382 11382.5 11384.9 11389.9 11396.2 11405.3 11418 11429 11440.3 11453.5 11467.7 11469.3 11473.3 11475.6 11494.7 11516.3 11541.6 11566.2 11595.7 11627.8 11610.7 11606.7 11604.2 11585.9 11567.9 11550.6 11524.8 11512.4 11506.6 11509.5 11505.6 11500.4 11492.3 11480.2 11472.5 11477.6
11385.2 11387.9 11396.3 11410.6 11418.7 11417.2 11417.2 11418 11413.2 11408.8 11408.7 11416.6 11435.8 11456.7 11478.2 11485.9 11493.8 11501.8 11478.5 11452.9 11431.6 11414.2 11400.3 11411.2 11430.3 11451.6 11464.7 11465.7 11441.1 11417.6 11403 11394.6 11391.1 11390.5 11392.1 11396.6 11403.6 11411.7 11418.5 11424.5 11435.2 11440.8 11452.4 11460.1 11469.6 11485.9 11506.3 11526.6 11545.8 11559.2 11559.1 11522.8 11502.5 11525.8 11545.5 11550.3 11536.1 11529.9 11523 11514.8 11506.8 11507.1 11496.7 11481.9 11472.2 11462.9 11462.3
11388.3 11389.9 11396 11408.6 11415.7 11416.1 11417.9 11419.1 11412.6 11407.9 11406.4 11410.4 11432.5 11479.6 11484.3 11484.3 11486.7 11495.2 11473.5 11455.6 11437.7 11420.5 11403.1 11411.2 11430.8 11444 11452.5 11448.5 11437.3 11425.2 11414.1 11404.9 11399.3 11396.2 11395.5 11394.8 11397.3 11402.5 11412.4 11422.4 11429.1 11428.7 11443.8 11452.7 11459.5 11478.1 11498.8 11516.2 11527.6 11533.6 11534.4 11536.3 11516.1 11503.6 11514.7 11522.5 11525 11522.2 11518.1 11512 11502.3 11498.7 11484.7 11474.4 11466.7 11457.5 11453.2
11393.5 11394.7 11397.8 11405.4 11408.9 11410.9 11411.3 11411.2 11408.5 11405.7 11404.3 11406.3 11424.4 11477.8 11479.6 11472.8 11462 11452.9 11458.3 11455.1 11447.7 11439.3 11435 11440.5 11448.3 11452 11449.7 11438.9 11431.1 11427.7 11420.9 11413.6 11406.4 11401 11399.1 11402.2 11403 11406.7 11415.6 11425.6 11434 11446.1 11454.7 11457.6 11457.8 11474.5 11489.5 11500.2 11508.9 11515.4 11517.2 11528 11521.3 11503.2 11494.6 11496 11499.4 11508.7 11507.2 11504.2 11495.8 11486.3 11474.8 11465.4 11460.9 11452.6 11448.6
11400.6 11402.8 11406.5 11408.1 11409.1 11407.1 11403.5 11402.4 11404 11404.5 11405.4 11409.2 11422 11450.2 11462 11459.5 11449 11443.9 11452.6 11457.9 11458.6 11458.6 11465 11469.5 11466.7 11464.3 11457.5 11444.1 11436.2 11433.8 11427.7 11418.7 11410.6 11403.3 11399.5 11400.4 11405.2 11414.9 11423 11428.6 11440.6 11454.5 11466.6 11473.9 11477.7 11478.5 11482.6 11486.7 11490.5 11494.4 11496.6 11498.2 11491.3 11475 11473.4 11474.8 11478.5 11484.4 11484.8 11481 11480 11473.6 11467.5 11453.3 11440.3 11445.7 11448
11407.6 11409.4 11411.9 11410.9 11409.3 11406.6 11403 11402.2 11404.8 11406.8 11410.1 11415.9 11427.3 11441 11451.5 11453.9 11450.7 11450.1 11456.1 11463.2 11468.5 11473.6 11477.2 11477 11481.6 11479.9 11470.4 11461.1 11453.4 11440.7 11431.1 11422 11413.1 11404.4 11397.3 11393.1 11402.3 11415.7 11424.5 11431.6 11443.7 11462.6 11475.8 11480.6 11483.2 11480.7 11478.4 11478 11478.7 11480.4 11475.9 11466 11449 11450.4 11464.6 11471.1 11475.8 11477.8 11479.1 11478.7 11478.7 11485.5 11477.1 11459.6 11445.2 11456.7 11457.6
11413.8 11413.5 11412.7 11412.2 11410.9 11407.9 11405.9 11406 11407.6 11412 11417.2 11423.7 11431.4 11441 11451.6 11456.6 11458.2 11460.2 11464.1 11470.6 11478.5 11486.8 11494.7 11500.6 11496.1 11487.6 11481.7 11470.7 11458.6 11445.5 11434.3 11424.2 11414.5 11405.7 11397.8 11392.7 11399.7 11408.9 11416.8 11424 11435.5 11456.4 11468 11474.6 11476.9 11475.8 11474.5 11475.2 11474.3 11471.6 11466.2 11452.2 11441.1 11450.3 11466.4 11474.9 11479.1 11481.6 11484 11485.3 11497 11497.8 11495 11493.8 11491.3 11480.7 11477.7
11419 11417.9 11416 11415.1 11413.3 11410.1 11406.2 11408.4 11412.8 11417.8 11424.6 11432.4 11439.6 11451.9 11462.4 11464.7 11465.2 11468 11473.1 11479.4 11487.5 11497 11509.3 11521.7 11511.4 11503.4 11495.3 11479.1 11460.6 11449.2 11439.5 11429.2 11418.4 11409.3 11403.7 11400.3 11401 11406.1 11414.7 11428.1 11445.1 11447.2 11447.6 11459.2 11465.6 11469.2 11470.5 11470.8 11470.6 11469.7 11467.9 11463.5 11468.6 11480 11480.1 11477.8 11478.9 11482 11485.8 11489.9 11503 11508.6 11511.6 11522.1 11522.3 11506.7 11499.4
11422.7 11422.3 11421.9 11420.8 11418.4 11414.5 11411.7 11412.8 11418.4 11426.1 11435.2 11445.4 11455.9 11468.4 11475.6 11474.5 11473 11475.6 11480.8 11486.4 11493.6 11502.1 11512.3 11521.5 11524.2 11526.8 11514.4 11492.9 11471 11459 11448.8 11437.8 11425.8 11414.6 11407.4 11405 11402.6 11404.5 11409.5 11427.4 11440.5 11445.2 11448.8 11454.3 11458 11462.2 11465.5 11466.7 11469.6 11470.9 11474 11477.8 11492.5 11511.3 11486.8 11479 11480.1 11483.9 11489 11495.2 11503.9 11510.8 11519.9 11528 11530.1 11523.6 11519.2
11425.3 11426 11427.4 11426.3 11421.7 11416.3 11412.9 11416.7 11424.3 11433.8 11444.7 11457.5 11472.6 11484.8 11485.8 11482.8 11482.3 11482.8 11487.1 11492.7 11498.9 11505.3 11511.4 11517.2 11531.2 11545.1 11532.3 11509.3 11486.5 11472.6 11462.3 11449.3 11434.9 11419.7 11405.8 11400.7 11403.4 11407.8 11416.2 11426.8 11441.7 11442.4 11442.4 11441.5 11451.3 11456.1 11460 11463.9 11467.1 11471.5 11477.2 11486.2 11494.2 11478.9 11473.5 11476.5 11481.6 11488.9 11496.5 11504.3 11513 11519.9 11526.7 11531.8 11535.4 11535.8 11535.3
11426.7 11427.9 11428.3 11426.8 11422.7 11415.6 11413 11420.8 11430.1 11440.3 11451.8 11465 11480 11492.6 11489.2 11485.5 11483.3 11487.4 11492.1 11497.8 11503.7 11509.1 11513.1 11513.8 11525.4 11543 11540.6 11525.6 11506.5 11494.2 11481 11463.9 11446.5 11428.7 11412 11405.9 11408.2 11412.1 11419.1 11422.6 11426.8 11438.6 11451.3 11450.2 11449.4 11453.9 11458.7 11463.5 11467.6 11471.3 11477.2 11485.2 11491.2 11476.1 11466.4 11477.9 11489.4 11499.5 11507.5 11515.9 11524.3 11529.2 11536.5 11543.7 11544.9 11545.2 11546.1
11427.5 11428.8 11429.8 11430.3 11428.2 11426.6 11422.2 11428 11436.3 11445.5 11456 11467 11477.6 11484.1 11488.1 11487.9 11487.3 11491.4 11497 11503.7 11510.5 11516.2 11520.3 11524.3 11531.2 11543.1 11545.6 11542 11537.8 11524.3 11502.3 11481.7 11461.7 11443.2 11428.2 11420.1 11417.7 11417 11414.6 11418.6 11425.9 11435.2 11445.4 11445.8 11447 11451.6 11456.5 11462.2 11467.3 11472.4 11476.8 11479 11479.6 11470.3 11469 11485.2 11499.5 11509.3 11519.1 11527.3 11534.6 11538.5 11543.3 11548 11552 11552.1 11553.3
11428.3 11429.6 11430.4 11430.3 11433 11436 11434.7 11437.1 11443.6 11451.2 11459.2 11467.5 11474.2 11478.6 11484.2 11488.8 11493.2 11495.4 11502.3 11510.6 11517.3 11525 11532.2 11541 11550.6 11551.7 11554.4 11553.6 11550.2 11538.4 11518 11497.5 11477.4 11459.2 11446.5 11436 11431.1 11428.7 11426.4 11429.2 11431.2 11434.4 11436.1 11438.4 11443.1 11448.9 11454.9 11460.8 11466 11469.2 11471.8 11471 11465.5 11463.3 11482.4 11497.5 11508.1 11517.3 11525.5 11533.7 11539.5 11544.5 11550.3 11554.9 11557.8 11557 11558.3
11430.9 11432.1 11432.9 11433.7 11435.9 11435.6 11439.5 11444.9 11450.2 11456.5 11462.3 11468.3 11473.1 11475.6 11478.3 11481.6 11488.2 11497.1 11506.9 11517.6 11527.4 11537.2 11546.1 11552.7 11554.1 11560.2 11565.9 11559.6 11554.4 11544.7 11530.2 11511.6 11491.7 11472.4 11458 11449.5 11445.7 11445.5 11450.2 11453.7 11451.7 11448.8 11439.4 11438.3 11443.6 11449.3 11455.6 11460 11465.3 11468.3 11471.3 11470.9 11469 11479 11507.5 11515 11520.7 11526.3 11532.5 11539.3 11544 11551.1 11557.3 11560.7 11561 11560.9 11561
11434.8 11436 11437.6 11438.5 11444.1 11448.3 11449.5 11452.1 11455.9 11460.9 11465.5 11469.8 11473.5 11477.3 11478.5 11477.5 11485.7 11499.5 11513.5 11526.5 11538.9 11550.6 11559.8 11566 11558.5 11556.9 11555.7 11559.4 11559.8 11553.2 11543.1 11526.1 11506.4 11485.7 11467.9 11462.7 11459.9 11459.8 11463.2 11469 11477.9 11476.4 11456.7 11449.2 11448.2 11453.8 11458.9 11463.9 11468.4 11472 11474.8 11478.3 11482.5 11495.3 11526.9 11530.1 11531.1 11534.2 11539.2 11545.6 11550.4 11557.4 11565.2 11569.1 11564.7 11562.2 11561.4
11439.2 11440.5 11444.3 11451.9 11455.9 11459.1 11458.9 11459.6 11462.1 11464.7 11468.2 11472.1 11475.3 11477 11478.3 11479.5 11490 11505.5 11520.8 11535.1 11550 11562.9 11572.7 11579.2 11569.1 11557.8 11553 11563.3 11570.3 11572.7 11558.7 11540.7 11522.6 11503.5 11486.4 11478.7 11473 11470.8 11472.8 11480.4 11494.7 11499.5 11471.5 11454.7 11454.4 11459.9 11462.5 11464.8 11470.3 11474.4 11479.1 11486.7 11498.7 11522.2 11539.6 11535 11534.7 11537.8 11542.6 11548.9 11554.2 11562 11566.2 11568 11566.3 11562.5 11560.2
11441.9 11443.1 11446.6 11452.4 11455.6 11458.8 11463 11463.9 11466.1 11469.5 11473.1 11476.8 11479.8 11483 11487.6 11492.6 11499.4 11512.7 11528.5 11542.8 11559.7 11573 11583.3 11587.1 11571.6 11565 11570 11573.2 11579.1 11583.9 11569.4 11551.8 11537 11526.9 11511.8 11494.8 11483.6 11477.4 11476.8 11483.8 11493.7 11503.2 11488.5 11471.8 11469.1 11469.1 11469.2 11470.1 11473.5 11477.3 11485.5 11493.8 11504.9 11516.4 11519.9 11524.5 11529.7 11535 11540.9 11547.8 11558.2 11567 11572.3 11572.4 11566.5 11560.8 11555.1
11443.4 11444.1 11445.1 11446 11450.2 11459 11462 11465.6 11468.7 11472.6 11476.9 11480.7 11484.3 11487.9 11491.4 11496.5 11506.9 11519.8 11534.5 11550.4 11566.2 11580.6 11591.2 11593 11579.2 11573.7 11576 11577.3 11580.5 11580.8 11569.9 11555.6 11542.7 11538 11524.5 11502.9 11489.1 11479.5 11472.5 11466.6 11476.7 11488.8 11507.7 11498.1 11485.1 11478.7 11477.4 11478.6 11481.7 11486.1 11490.9 11497.6 11505.2 11511.7 11506.2 11514.9 11524 11530.8 11537.5 11544.8 11556.7 11566.7 11580.4 11576.9 11566.6 11556 11549
11445.8 11445.3 11444.7 11444 11445 11451.9 11460.2 11465.9 11471.1 11475.9 11480.7 11484.9 11489.2 11492.7 11495.5 11503 11514.7 11527.8 11542.2 11556.9 11573.4 11590.2 11604.7 11607.5 11599.6 11589.9 11582.4 11580.2 11581.1 11577.8 11570.3 11555.4 11536.5 11522.5 11511.7 11501.1 11491.1 11481.4 11471.2 11463.7 11467.1 11473.9 11492.6 11493.3 11487 11483.3 11484.2 11487.7 11489.9 11493.3 11497.3 11501.2 11504.3 11506.2 11510.4 11515 11521.8 11529.2 11535.7 11544.5 11547 11553.8 11568 11564.1 11558.1 11549.5 11545.6
