real_craters/C069-500m.grd
DSAA
109 109
-26.95 26.95
-26.95 26.95
10430.351737204 12199.886593098
[rows 0 to 29 of 109, columns 0 to 66 of 109]
11236.9 11235.3 11232.1 11228.2 11224.7 11222 11221 11218.9 11218.6 11219.1 11219.6 11219.5 11218.1 11215.1 11211 11204.9 11200.6 11200.6 11203.5 11204.3 11203.8 11203.1 11202.7 11202.2 11202.4 11201.1 11201.6 11209.3 11217.1 11210.9 11208.1 11212.9 11214.8 11212.7 11210.8 11209.3 11210 11210.6 11212.1 11212.6 11212.7 11213.2 11217.2 11219.3 11217.4 11215.9 11215 11215.4 11216.3 11217.2 11217.9 11218.7 11218.7 11217.6 11219.5 11224 11226.9 11230.3 11233.1 11235.6 11237.3 11237.8 11237.8 11237.4 11233.9 11228 11220.7
11237.8 11235.3 11231.5 11226.4 11222.8 11224.1 11228.2 11231.9 11227.5 11225.1 11224 11223.8 11223.3 11220.7 11215.6 11208.2 11203 11202.6 11205.2 11203.7 11202 11201.3 11201 11201.5 11201.9 11203 11205.4 11211.4 11217.1 11214.4 11213.4 11215.6 11215.9 11215.5 11214.4 11213.4 11212.8 11212.9 11213.3 11214.4 11215.8 11218.1 11223.1 11224.6 11222.1 11220 11219.3 11220 11220.3 11221.1 11222.1 11223.4 11224.4 11225 11226.6 11228.2 11230.9 11233.8 11236.7 11239.3 11241.6 11243.4 11243.5 11242.4 11238.2 11230.7 11223.2
11237.6 11235.3 11231.8 11224.2 11220.2 11224.2 11230 11232.8 11231.1 11228.9 11227.5 11227 11227.3 11229.4 11220.6 11212.1 11208.4 11205 11202.9 11201 11200.6 11200.9 11201.3 11201.9 11202.9 11204.8 11208.7 11211.9 11211.9 11214.3 11215.7 11217.5 11219.5 11218.6 11217.4 11216.5 11215.9 11215.7 11216 11216.7 11218.2 11220.6 11224.4 11226.8 11225.4 11224.1 11223.4 11223.8 11224.3 11225 11226.4 11228.2 11230.8 11234.1 11233.9 11233.4 11232.8 11234.4 11236.4 11239 11241.8 11244.5 11248.3 11250.7 11247.9 11238.6 11229.2
11237.4 11234.9 11229.1 11223.9 11219.4 11224 11230 11233.4 11232 11230.5 11229.3 11228.2 11227.3 11224.3 11218.8 11212.7 11210.1 11203.9 11197.2 11196.9 11199.1 11200.4 11201.3 11202.2 11203.4 11205.2 11207.1 11210.8 11213.6 11214.1 11213.2 11218.1 11223 11220.8 11219.9 11219.2 11218.3 11218 11218.4 11219.3 11220.7 11222.4 11224.5 11228.4 11228.8 11227.8 11227.6 11227.8 11228.1 11229 11230.4 11232.3 11234.2 11240.4 11238.1 11235.8 11235.6 11236.4 11238.1 11240.7 11243.9 11247.9 11253.3 11259.7 11266.9 11270.6 11257.5
11238.3 11236.3 11233.1 11227.7 11223.3 11225.4 11228.4 11230.6 11231.5 11231 11230 11228.4 11225.9 11222.6 11217.2 11209.5 11205 11202.8 11199.2 11198.8 11199.9 11201 11202.2 11203.2 11204.3 11205.4 11206.5 11211.4 11216.5 11215 11214.3 11217.7 11221.3 11220.4 11220 11220.4 11220.6 11220.6 11220.7 11221.2 11222.9 11224.2 11226.2 11230.3 11232.9 11232.9 11231.1 11231 11231.2 11232 11233.5 11235 11235.8 11237.8 11238.6 11238.1 11238.3 11239 11240.5 11242.9 11246 11251.6 11257.9 11266.5 11281.3 11301.3 11294.6
11242.5 11240.6 11238.3 11233.6 11229.9 11229.3 11229.4 11230.6 11231.4 11231 11229.8 11227.8 11224.9 11221.1 11216.1 11211.3 11208.9 11205 11203.6 11202.4 11201.6 11202.1 11202.9 11203.8 11205.3 11207.6 11210.2 11211.8 11212.7 11214 11214 11217.1 11220.5 11220.6 11220.7 11222.2 11222.7 11222.9 11222.9 11223.2 11223.9 11225.5 11227.5 11230.1 11230.6 11231.7 11232.3 11233.1 11234 11234.9 11236.1 11237.4 11239 11240 11240.3 11240.8 11241.6 11243.4 11244.9 11247.1 11249.7 11252.5 11257.6 11265.3 11277.2 11292.7 11305.9
11250.4 11246.3 11242.5 11238.8 11235.7 11233.6 11233.7 11232.6 11232.2 11231.4 11230 11228.1 11224.7 11219.7 11214.1 11212.1 11209.2 11207 11204.7 11203.1 11203.1 11203.3 11204 11204.8 11206.2 11208.1 11209.5 11212.8 11215.2 11216.2 11216.9 11219.5 11221.9 11222.9 11225.8 11225.7 11225.2 11224.9 11224.8 11224.9 11225 11226 11227 11229.1 11229 11230.8 11233.2 11235.3 11237 11238.2 11238.9 11239.5 11242.5 11245.2 11243.7 11242.3 11243.9 11244.7 11246.7 11248.2 11250.6 11252.4 11254.9 11258 11262 11266.7 11287.7
11257.6 11251.8 11247.8 11244.1 11239.2 11236.1 11233.5 11233.7 11233.2 11232.3 11230.7 11228.7 11226.1 11222.8 11219.2 11215.6 11211.3 11209.9 11207.8 11205.6 11205.3 11204.9 11204.8 11205 11206.1 11208.4 11210.7 11213 11214.5 11216.1 11219.4 11222.2 11225.6 11227.1 11229.1 11228.3 11227.1 11226.4 11226 11225.8 11225.8 11226.5 11227.6 11230.7 11230.1 11231.2 11234.1 11237.1 11240 11242.1 11242.7 11240.8 11238.5 11241 11245 11244.8 11246.3 11246.5 11248 11247.9 11250.4 11250.1 11249.5 11248.8 11246.4 11246.5 11258.1
11262.3 11255.1 11249.3 11243.1 11241 11239.4 11237.3 11235.9 11234.9 11234.4 11232.6 11230.5 11228.3 11226.9 11226.2 11220.3 11216.7 11215.6 11212.8 11210.1 11208.3 11207.5 11206.6 11205.5 11205.2 11207.5 11210.4 11213.3 11217.4 11221.1 11221.4 11222.7 11227.8 11230.6 11231 11229.5 11228.3 11227.3 11226.6 11226.4 11226.2 11225.9 11225.9 11226.3 11226.9 11230.7 11235 11239.6 11244 11247.4 11249.4 11247.4 11237.2 11238.8 11249.7 11250.6 11251.1 11250.9 11250.2 11250 11248.4 11248.2 11244.6 11239.8 11233.2 11223.3 11219.7
11265.3 11257.9 11248.4 11240.8 11244.3 11242.7 11240.4 11239.3 11238.6 11236.8 11235.5 11233.3 11231.1 11229 11226.1 11224.1 11227.1 11223.4 11218.2 11212.5 11212.5 11211.3 11209.2 11206.6 11203.8 11200.9 11205.6 11212.9 11219.6 11224.2 11224.4 11225.4 11226.6 11226.7 11229.2 11229.1 11228.4 11227.7 11226.6 11226 11225.3 11224.8 11223.7 11222.5 11225.5 11230.6 11236.3 11242.2 11248.1 11254.1 11259.7 11264.8 11268.9 11265.2 11261.4 11259.8 11258.4 11256.8 11255 11251.2 11248.6 11245.3 11243.6 11236.6 11226.4 11212.8 11202.3
11268.6 11262.9 11258.5 11256.3 11250.1 11247 11244.6 11244.1 11243 11240.7 11238.8 11236.3 11233.8 11231 11227.8 11230 11232.1 11229.6 11225.6 11223.3 11220.6 11217 11213.1 11208.8 11204.7 11202.6 11206.2 11213.7 11220.8 11226.1 11226.2 11224.9 11226.1 11224.3 11227 11228 11227.7 11227.2 11226.9 11226.5 11226.1 11225.3 11224.4 11225.4 11226.6 11231.5 11237.8 11244.6 11251.8 11259.8 11269 11282 11294.6 11287.5 11277.7 11269.8 11265.1 11262.3 11258.6 11256 11253.1 11249.5 11243.5 11237.8 11229.1 11218.1 11201.6
11272.7 11267.8 11262.3 11255.2 11253.7 11252.6 11252.4 11249.7 11247.3 11244.6 11241.7 11239.5 11236.9 11234.7 11233 11232.5 11234 11232.4 11231 11231.3 11228 11222.8 11217.8 11212.9 11208 11204.4 11209.4 11216.4 11222.8 11227.4 11228.5 11230.6 11229.3 11229.9 11227.5 11227.9 11228.5 11228.8 11228.7 11228 11227.5 11226.6 11225.7 11225.2 11227.2 11233.8 11240.6 11248.1 11256.1 11264.5 11274.2 11285.8 11293.6 11291.5 11282.2 11276.1 11271.9 11269.1 11266.7 11262.4 11259.8 11253.9 11250.4 11246.1 11240.2 11237.4 11233
11277.7 11273.2 11269.2 11265.5 11262.1 11258.1 11258.3 11255.8 11252.2 11248.3 11245.1 11242.5 11240.2 11238.3 11237.8 11236.5 11232.7 11231 11232.4 11233.8 11232.5 11227.8 11222.7 11218 11214.1 11212.3 11215.3 11220.8 11226.3 11229.8 11230.8 11229.5 11230.4 11231.1 11228.3 11229.8 11231.7 11233.3 11234.2 11232.7 11232.3 11231.1 11229.1 11227 11231.5 11238.1 11245.5 11252.8 11259.9 11269.3 11276.7 11284.5 11293.4 11289 11282.8 11278.3 11274.8 11271.9 11268.2 11265.5 11263.2 11260 11257.7 11255.3 11252.4 11255.4 11262.2
11282.6 11279.2 11276.7 11276.4 11272.5 11270 11266.3 11261.4 11256.9 11252.4 11248.2 11245.1 11242.2 11240.3 11239.7 11238.8 11231.9 11229.2 11232.6 11236 11236.1 11232.1 11227.5 11223.4 11221.1 11220.9 11222.5 11226.4 11231.2 11235.3 11234.7 11231.2 11230.3 11231.8 11229.5 11231.7 11234.3 11236.9 11238.6 11239.9 11239.4 11237.8 11235.1 11233 11236.3 11246 11255.5 11263 11269.8 11273.6 11276.1 11279 11280.5 11282.9 11280.1 11277.9 11275.6 11273.2 11271.2 11268.8 11266.9 11263.3 11261.9 11260.1 11260.7 11261.5 11257.1
11285.7 11283.1 11280.9 11278.4 11276.8 11276.1 11271.7 11265.9 11259.9 11254.6 11250.7 11247.3 11244.2 11241.2 11239.4 11237.7 11231.7 11229.4 11232.9 11237.3 11238.9 11235.4 11231.1 11227.5 11225.5 11226.2 11228 11231.7 11235.9 11239.5 11238.3 11232.9 11230.6 11233 11232.1 11233.4 11235.6 11237.1 11239.3 11241.8 11243.2 11243.2 11241.3 11237.6 11241.7 11255.1 11265.1 11271.1 11273.6 11274.9 11274.1 11272.4 11272.7 11276.3 11279.5 11276.9 11276.4 11274.4 11273.8 11272.4 11271 11269.1 11267.8 11266.6 11265.7 11264.5 11265.8
11287.9 11286.4 11284.8 11282.9 11282.2 11281.6 11274.8 11268.3 11262.8 11257.8 11253 11249 11244.5 11240.5 11236.1 11233.3 11230.6 11229.4 11233.3 11237.4 11239.6 11237 11233.9 11230.6 11227.3 11227.8 11232.2 11236.5 11240.4 11242.5 11241.5 11238.8 11235.8 11233.8 11234 11236.4 11239.5 11243.4 11247.1 11251.1 11254.8 11258.1 11257.8 11248.5 11252.7 11275.7 11282.3 11281.4 11279.5 11277.8 11274.2 11270.4 11268.6 11271.4 11278 11276.4 11276.4 11275.7 11275.2 11274 11272.9 11273.1 11271.7 11269.8 11267.5 11263.1 11256
11289.5 11288.6 11288 11288.3 11287.5 11281.7 11274.3 11269.2 11264.2 11259.5 11254.4 11249.9 11245.1 11240.2 11235.8 11232.2 11231.1 11232.5 11234.5 11237.1 11238 11238.4 11236.6 11234.3 11231.8 11232.9 11237.4 11241.8 11245.7 11248.5 11248.6 11245 11242.3 11242.4 11240.2 11241.6 11245.8 11250.2 11254.8 11260.4 11266.7 11274.9 11286.3 11296 11301.2 11312.2 11301 11292.6 11285.4 11280.3 11276.8 11274.2 11271.8 11272.4 11273.6 11276.9 11277.5 11277.4 11277 11276 11275.2 11274.6 11273.2 11272.6 11268.3 11260.6 11247.9
11291.2 11290.8 11290.2 11289.6 11287 11280.3 11274.2 11269.9 11265.6 11261.3 11256.4 11251.7 11246.9 11241.5 11236.8 11232.2 11232.8 11234.4 11235.7 11238.2 11240.7 11240.1 11239.4 11238.6 11239.2 11240.3 11243.3 11247.3 11251.4 11254.8 11256.2 11252.6 11252.4 11257.1 11251.4 11250.4 11253.2 11257.3 11262 11268.6 11276.9 11287.3 11303 11324.4 11347.1 11329.2 11311.1 11299 11290.6 11283.8 11278.7 11277.2 11274.5 11272.4 11271.3 11274.9 11278.2 11278.2 11277.9 11278.8 11278.2 11279.3 11277.8 11277 11272.6 11265.4 11253.5
11292.8 11292.1 11291.3 11290.1 11286.8 11280.5 11274.5 11271.4 11267.9 11263.9 11259.5 11254.7 11249.7 11244.1 11238.1 11238.4 11237.8 11235.7 11237.1 11239.5 11240.6 11242 11242.5 11243.1 11243.1 11245.8 11249 11252.6 11256.4 11260.2 11262.4 11260.7 11262.3 11266.4 11263.7 11259.3 11261.3 11265.3 11269.7 11277 11283.7 11291.5 11301.3 11313.3 11320.1 11316.1 11307.5 11299 11292.1 11285.9 11279.9 11271.8 11273.3 11275.5 11277.1 11280.9 11281.5 11282 11282.9 11282.8 11283.6 11282.6 11282.4 11281 11278.9 11275.7 11270.9
11294.7 11293.4 11292.3 11290.8 11289.4 11283.9 11278.2 11274.5 11271.3 11267.6 11263.4 11259 11254.4 11249.6 11246 11246.9 11245.6 11241.6 11241.5 11242.9 11244.4 11245 11245.9 11247.7 11250.8 11251.6 11253.9 11257.1 11260.6 11263.8 11265.9 11264.2 11263.6 11267.5 11267.4 11265.2 11268.2 11272.9 11278.1 11283.2 11287.8 11291.6 11293.3 11297.4 11302.3 11298.9 11296.7 11294.3 11291.5 11288.4 11285 11281.9 11280.2 11281 11282.4 11286 11284.5 11285.5 11286 11285.6 11285.6 11285 11285 11286.5 11285.8 11287.3 11291.4
11296.2 11295.3 11293.3 11291.4 11290.3 11286.6 11281.4 11278.5 11275 11271.7 11267.8 11264.3 11260.4 11257.1 11255.1 11254.3 11252.7 11249.7 11248.3 11247.9 11247.2 11247.5 11249 11250.8 11252.6 11255.5 11258.3 11261.1 11263.8 11265.8 11266.5 11266 11266.5 11270.1 11272 11271.3 11276 11281.8 11288 11292.9 11296.3 11296.9 11292.3 11288.5 11283.1 11281.3 11286.7 11288.6 11290.8 11291.1 11291.5 11291.1 11288.6 11288.3 11288.3 11289.2 11288.9 11286.8 11287 11285.9 11286.9 11287.2 11287.6 11288.5 11288.9 11293.7 11299
11299.2 11297 11294.5 11290.8 11286.9 11286 11286.1 11282.7 11278.9 11275.8 11272.7 11269.6 11266.4 11263.4 11261.4 11259.4 11257.5 11257.2 11256.3 11254.5 11252.2 11251.4 11253.3 11255 11257.1 11259.7 11262.6 11265.2 11267.5 11269.1 11269.6 11268.5 11267.8 11272.8 11275.6 11277 11285.9 11294.1 11300 11305 11307.8 11307 11302.3 11292.2 11280.6 11279 11282.1 11285.5 11288.5 11291.3 11294.6 11297.1 11294 11292.8 11292.4 11292.2 11291.8 11288.3 11288.3 11289.5 11288.8 11288.1 11288.8 11290.1 11292.1 11295.1 11297.8
11300.9 11298.5 11295.8 11291.8 11285.3 11284.4 11286.4 11284.6 11282.8 11280.9 11278.7 11276.3 11273.2 11269.2 11266.4 11266 11266 11265.9 11266 11262.5 11259.5 11258.2 11259.4 11259.9 11261.6 11264.7 11267.4 11269.7 11271.6 11273 11273.8 11272.5 11271.3 11275.1 11278.7 11285.7 11297 11305.3 11310.8 11316 11319.3 11319.9 11315.8 11302.4 11287.4 11281.9 11281.6 11284.5 11289.1 11291.9 11292.4 11293.1 11295.6 11295.6 11294.3 11294.2 11293.6 11292.9 11288.1 11287.7 11288.7 11288.8 11291.8 11292.2 11294.1 11294.1 11293.7
11302 11299.9 11298.3 11296.9 11293.6 11290.4 11286.4 11285.9 11287.3 11286.8 11285.5 11283.5 11281.4 11278.5 11275.3 11273 11270.4 11271.8 11272.1 11269.7 11268.2 11268.2 11267.5 11266.7 11267.7 11270.6 11272.8 11274.5 11275.8 11276.9 11277 11275.6 11274.8 11278.3 11285.7 11293.6 11311.6 11319.5 11322.3 11324.8 11327.5 11331.4 11333.6 11311.3 11291.1 11279.5 11282.5 11286.1 11289.9 11294.2 11296.3 11296.9 11298 11298.8 11298.4 11298.3 11297.3 11296.4 11295.9 11293.2 11293 11293.3 11293.1 11293.1 11294 11293.2 11291.7
11301.8 11300.3 11299.9 11301.5 11303.2 11296.5 11292.4 11292.6 11293.7 11293.3 11292 11290.3 11289 11289.4 11284.7 11279.2 11276.4 11275.8 11276.2 11274.9 11274.1 11275.2 11275.2 11276.8 11277.5 11277.7 11278.6 11279.1 11280 11281 11281.2 11279.7 11276.2 11284.7 11310.3 11330.3 11336.7 11332.9 11329.9 11330.9 11333.7 11336.4 11332.4 11315.5 11295.8 11283.5 11288.6 11290.6 11293 11297.1 11299.3 11301.2 11302 11302.4 11302.5 11302.3 11301.1 11300.6 11300 11297.7 11297.6 11297.2 11297.5 11296.8 11296.8 11295.3 11292.6
11300.1 11298.9 11298.3 11298 11296.9 11294.2 11298.2 11302.3 11300.8 11299.2 11297.6 11295.8 11293.7 11290.6 11287.8 11283.1 11279.3 11278.8 11279.5 11278.6 11276.7 11275.3 11278.9 11286.1 11285.2 11283.4 11283.3 11284.1 11284.7 11283.6 11284 11283.5 11280.1 11291.6 11334.6 11376 11351 11338 11333.5 11332.6 11334.2 11335.6 11332.2 11316.8 11301.7 11295.3 11296.5 11296.5 11297.9 11300 11300.1 11302.5 11305.1 11306.1 11306.5 11305.5 11304.8 11304.2 11303.4 11302.6 11302.7 11302 11302.2 11300.7 11299.1 11297.4 11295.8
11297.7 11297.1 11295.9 11293.9 11292.1 11291 11299.9 11306.9 11305.8 11304 11302.2 11300.6 11298 11293.6 11290.7 11286.3 11281.7 11280.9 11283.7 11282.4 11278.9 11275 11278.4 11284.1 11286.3 11286.8 11287.4 11288 11286.5 11286.3 11286.9 11286.1 11288 11304.2 11335.7 11341.9 11331.3 11326.1 11326.5 11327.1 11326.7 11328.9 11326.6 11315.1 11304.9 11299.2 11302.4 11302.5 11305.3 11305.5 11304.2 11307.2 11309 11311.1 11309.4 11309.8 11309.5 11309 11308.7 11307 11303.4 11303.3 11303.7 11302 11300.2 11298.4 11297.5
11296.4 11296.1 11294.9 11293.2 11292.8 11295.1 11301.6 11307.9 11308.3 11307.3 11306.3 11305.6 11304.4 11302.3 11297 11291.3 11285 11283.7 11286.1 11285.3 11283 11281.8 11281 11279.6 11285.3 11289.4 11292.3 11290.3 11290.1 11291.1 11290.9 11291.9 11307.8 11340.4 11345.9 11329 11310.4 11312 11313.9 11317.8 11319 11317.3 11315.3 11312.4 11306.9 11303 11306.1 11308.3 11311.3 11313.9 11315.1 11315.8 11317.9 11317.4 11317.3 11316.3 11316.3 11315.7 11315.8 11315.6 11312.9 11311.5 11307.5 11305.2 11303.6 11302.3 11300.8
11296.6 11296.3 11295.5 11294.5 11295.3 11298.3 11302.9 11307.3 11308.5 11308.9 11309.2 11309.7 11310.4 11309.1 11303.7 11298.2 11293.7 11291.3 11289.5 11288.1 11287.9 11288.5 11287.4 11285.5 11288.5 11292.6 11296.5 11294.2 11296.4 11298.7 11299.8 11296.1 11326.8 11368.9 11356.8 11320.2 11299.4 11299.2 11303.2 11307.1 11310.2 11313.7 11313.2 11311.6 11309.9 11309.2 11313.6 11316.2 11318.7 11322.9 11325 11324.9 11325.4 11323.9 11325 11325.4 11324.6 11324.6 11323.8 11324 11322.4 11321.6 11316.1 11312.3 11311.3 11309.7 11308.2
11298.1 11298 11297.6 11297.2 11297.8 11299.4 11301.8 11304.3 11307.2 11309.4 11310.9 11311.7 11312.9 11313.1 11308.2 11304.2 11301.4 11298.6 11293.6 11291.3 11293.1 11293 11290.7 11291.6 11293.1 11297.2 11301.4 11300.1 11302.9 11307.3 11317 11336.7 11344.4 11363.3 11353.8 11316.5 11294.7 11293.5 11296.9 11301.6 11305.8 11308.9 11310.5 11311.5 11312.6 11315.2 11321 11323.1 11325.8 11330.2 11332.4 11332.8 11333.7 11331.5 11332.4 11333.3 11332.3 11333.1 11331.6 11331.3 11330 11327.5 11321.3 11320.1 11316.3 11314.8 11313.9
