real_craters/C070-500m.grd
DSAA
111 111
-27.3875 27.3875
-27.3875 27.3875
4884.182790321 5750.5692511806
[rows 0 to 29 of 111, columns 0 to 66 of 111]
5354.66 5359.44 5364.48 5367.39 5370.65 5374.45 5378.94 5384.87 5386.8 5388.16 5391.93 5401.46 5415.65 5418.34 5423.8 5430.41 5430.73 5419.56 5415 5409.37 5412.84 5419.04 5417.27 5418.12 5419.81 5413.27 5410.09 5410.17 5408.28 5407.28 5406.07 5408.74 5415.67 5421.8 5427.44 5432.08 5433.59 5432.1 5429.03 5424.65 5416.24 5424.17 5432.5 5435.23 5441.07 5443.02 5440.69 5428.51 5418.92 5421.75 5427.08 5434.16 5441.46 5448.54 5455.34 5457.45 5456.66 5456.42 5456.77 5458.7 5466.21 5464.77 5467.1 5472.12 5477.21 5481.04 5482.8
5357.82 5358.79 5358.58 5363.4 5366.87 5369.61 5372.32 5375.87 5383.94 5391.5 5400.27 5403.9 5407.99 5414.78 5424.02 5433.73 5437.73 5424.85 5418.34 5411.84 5407.56 5407.96 5412.12 5413.01 5413.87 5416.23 5416.69 5416.49 5415.28 5414.49 5412.23 5411.82 5414.72 5418.86 5423.18 5427.04 5428.06 5429.59 5433.45 5439.3 5422.46 5416.46 5428.2 5430.93 5433.78 5434.94 5435.2 5433.33 5423.01 5422.81 5427.3 5432.82 5439.5 5447.85 5464.29 5469.59 5465.16 5458.88 5457.18 5459.53 5463.7 5460.77 5463.6 5470.18 5476.74 5482.5 5486.51
5359.01 5358.55 5358.77 5361.2 5363.6 5365.35 5366.89 5371.17 5383.26 5393.54 5398.1 5398.41 5406.08 5413.31 5423.9 5433.98 5440.77 5432.15 5424.2 5415.41 5407.09 5403.55 5409.03 5413.82 5414.03 5419.97 5427.41 5422.85 5418.24 5414.75 5412.61 5412.27 5413.74 5416.26 5418.43 5419 5418.91 5423.82 5431.28 5438.97 5435.71 5427.58 5428.45 5424.24 5420.24 5421.23 5425.04 5426.36 5422.25 5423.32 5426.31 5432.13 5441.4 5460.25 5479.6 5486.45 5474.66 5459.39 5459.66 5466.73 5459.72 5461.06 5463.72 5467.84 5472.71 5476.83 5478.7
5360.54 5358.2 5359.92 5361.52 5363.23 5364.98 5366.35 5372.61 5387.87 5399.94 5400.99 5400.53 5412.53 5418.87 5423.51 5429.22 5434.38 5438.09 5426.13 5416.17 5409.42 5402.54 5402.86 5415.61 5420.18 5424.18 5426.97 5427.11 5418.96 5410.29 5409.47 5410.34 5411.78 5413.41 5414.96 5414.43 5412.75 5417.15 5423.28 5428.85 5436.79 5431.43 5428.99 5419.14 5415.33 5420.86 5423.35 5421.33 5422.73 5423.02 5425.16 5430.44 5441.45 5463.73 5482.35 5487.84 5472.86 5456.28 5457.44 5460.92 5457.38 5459.81 5463.13 5465.14 5468.52 5473.59 5476.37
5354.28 5355.59 5360.21 5363.59 5366.23 5368.45 5370.81 5378.93 5396.61 5415.52 5414.91 5413.42 5414.19 5419.21 5421.94 5424.9 5424.57 5426.41 5425.35 5421.07 5414.54 5409.44 5407.34 5415.09 5425.29 5430.92 5433.03 5433.64 5420.51 5407.61 5405.36 5406.83 5408.87 5410.51 5412.09 5411.77 5407 5410.82 5415.37 5420.36 5432.11 5434.86 5426.77 5417.6 5414.47 5423 5423.17 5421.63 5421.66 5421.6 5422.95 5425.91 5431.44 5446.44 5461.84 5470.81 5461.85 5451.8 5454.35 5458.65 5458.59 5458.95 5459.17 5460.66 5464 5471.37 5474.74
5351.02 5355.21 5361.37 5366.87 5371.29 5375.15 5379.2 5387.67 5402.14 5421.44 5431.48 5417.78 5415.69 5418.83 5420.27 5418.93 5424.72 5419.85 5419.91 5421.66 5420.95 5414.53 5414.02 5415.06 5420.75 5430.31 5433.98 5435.49 5422.71 5405.61 5403.46 5403.85 5405.62 5406.89 5408.74 5408.42 5406.94 5406.88 5408.95 5412.18 5419.41 5434.75 5427.4 5431.21 5428.46 5425.53 5422.6 5418.42 5418.24 5419.82 5420.97 5421.98 5422.99 5430.32 5438.36 5440.75 5449.66 5451.07 5452.44 5461.2 5462.02 5456.92 5455.44 5455.46 5456.88 5459.16 5468.37
5356.5 5361.65 5367.51 5372.3 5378.22 5384.16 5389.41 5395.66 5402.34 5406.97 5419.87 5424.84 5422.88 5422.56 5422.33 5421.47 5425.41 5419.14 5419.76 5418.08 5411.52 5415.53 5418.97 5416.36 5417.11 5422.2 5439.94 5444.31 5426.72 5408.46 5403.74 5402.12 5401.89 5403.46 5405.41 5407.71 5406.71 5405.09 5405.05 5406.79 5410.05 5433.68 5443.51 5444.93 5437.13 5427.57 5418.99 5414.43 5416.29 5417.76 5420.04 5421.44 5423.17 5428.69 5433.79 5437.38 5443.35 5447.03 5449.47 5460.05 5457.65 5453.43 5448.42 5450.96 5453.24 5459.08 5465.03
5362.26 5366.5 5371.69 5378.05 5385.15 5393.67 5402.72 5406.97 5407.77 5402.79 5415.92 5420.91 5422.14 5425.64 5423.35 5426.27 5421.71 5412.94 5413.89 5413.69 5412.98 5412.5 5412.99 5414.33 5414.96 5418.72 5432.61 5439.48 5427.62 5414.56 5405.08 5401.12 5399.49 5399.73 5398.08 5399.95 5403.56 5404.22 5402.67 5401.55 5407.64 5430.31 5441.63 5438.85 5428.22 5417.42 5414.36 5415.54 5416.35 5418.11 5419.73 5422.32 5426.78 5429.68 5436.23 5437.48 5436.28 5438.04 5442.24 5449.58 5449.7 5450.26 5448.07 5449.84 5453.6 5455.31 5462.27
5367.32 5368.19 5375.18 5383.04 5391.44 5400.9 5411.8 5416.21 5420.25 5428.97 5425.57 5427.84 5425.2 5416.83 5417.81 5416.34 5414.56 5404.95 5401.09 5404.75 5405.89 5404.7 5405.25 5409.83 5412.51 5414.69 5419.13 5420.82 5423.04 5417.39 5404.57 5399.93 5398.25 5397.4 5396.12 5401.38 5405.57 5404.96 5402.58 5399.79 5405.83 5417.65 5424.46 5423.43 5417.59 5410.68 5410.4 5415.43 5416.07 5417.94 5419.54 5421.38 5423.38 5425.71 5427.73 5430.33 5428.33 5430.21 5434.82 5442.64 5451.73 5452.23 5451.63 5455.64 5458.85 5461.06 5462.65
5371.06 5373.75 5380.62 5388.75 5396.25 5404.03 5413.44 5420.54 5428.4 5436.48 5436.64 5440.15 5438.29 5425.29 5415.38 5409.91 5412.9 5403.51 5397.71 5397.76 5397.75 5399.17 5400.28 5407.05 5412.81 5411.03 5412.79 5417.57 5419.48 5420 5405.02 5399.73 5397.87 5397.76 5399.39 5409.88 5410.6 5407.33 5405.21 5403.87 5402.34 5405.64 5417.56 5417.4 5414.98 5409.55 5405.19 5410.47 5414.11 5417.39 5419.15 5419.76 5419.58 5420.02 5420.07 5420.8 5420.8 5424.37 5429.15 5436.36 5449.78 5454.79 5462.94 5467.14 5466.81 5464.58 5466.51
5378.62 5379.56 5388.3 5395.04 5400.98 5405.91 5410.03 5421.62 5430.3 5436.67 5439.83 5441.58 5443.76 5427.83 5418.76 5416.12 5414.44 5406.86 5395.02 5397.99 5403.6 5408.68 5409.08 5410.93 5414.83 5410.49 5408.13 5406.37 5410.22 5414.85 5405.07 5398.32 5397.17 5397.45 5402.1 5405.76 5407.61 5407.23 5407.15 5406.52 5403.26 5403.75 5406.95 5407.21 5404.34 5402.33 5401.84 5407.59 5413.24 5416.69 5418.85 5419.6 5418.36 5415.74 5413.32 5413.48 5416.59 5423.35 5428.61 5433.09 5441.71 5453.16 5463.94 5471.27 5474.75 5476.75 5479.58
5389.2 5400.26 5399.87 5402.17 5406.2 5411.3 5417.22 5424.25 5430.9 5435.25 5438.86 5441.42 5428.86 5430.19 5426.71 5417.75 5413.43 5412.14 5405.82 5402.08 5409.06 5415.67 5414.56 5414.04 5414.96 5413.13 5404.92 5394.71 5392.08 5390.26 5390.95 5396.08 5396.98 5395.32 5390.77 5392.69 5400.88 5404.76 5406.88 5407.65 5402.64 5400.81 5400.14 5400.74 5397.39 5398.27 5400.58 5409.03 5413.81 5417.2 5419.69 5421.05 5418.73 5413.18 5408.13 5411.37 5418.02 5426.84 5437.89 5444.44 5441.07 5453.04 5468.18 5480.55 5485.07 5485.11 5491.73
5392.29 5401.46 5404.78 5407.11 5410.25 5414.83 5420.77 5426.15 5432.01 5434.12 5432.14 5427.83 5419.03 5418.99 5430.43 5408.31 5408.46 5412.87 5405.56 5399.52 5403.1 5408.04 5413.39 5414.37 5410.34 5408.96 5400.78 5384.18 5382.86 5386.73 5397.34 5399.75 5398.2 5398.87 5399.44 5400.44 5400.49 5401.72 5403.58 5406.57 5404.51 5401.14 5403.93 5405.99 5405.93 5404.65 5408.45 5412.15 5414.38 5417.16 5419.54 5421.68 5418.75 5412.08 5409.49 5415.32 5420.85 5430.15 5436.88 5437.27 5441.27 5454.83 5472.83 5489.72 5502.68 5503.14 5496.36
5398.75 5403.69 5406.57 5410.02 5412 5414.4 5418.19 5423.89 5429.89 5429.88 5423.37 5411.36 5403.45 5402.68 5417.46 5409.85 5405.49 5406.77 5399.4 5393.18 5394.46 5396.02 5400.56 5399.16 5394.38 5392.89 5388.21 5383.19 5383.64 5389.49 5394.16 5395.68 5395.78 5400.27 5406.22 5405.29 5399.71 5397.75 5397.77 5401.48 5402.1 5400.06 5409.34 5408.89 5406.94 5408.02 5411.68 5413.91 5415.78 5417.28 5418.52 5418.69 5415.83 5410.89 5409.87 5416.42 5424.37 5434.1 5440.25 5434.82 5441.33 5455.7 5475.79 5497.18 5504.89 5505.08 5498.79
5405.47 5411.2 5414.29 5413 5411.69 5412.81 5414.8 5418.11 5422.17 5422.29 5417.92 5407.82 5399.1 5397.98 5397.22 5402.27 5401.84 5397.03 5391.17 5387.1 5386.04 5387.37 5385.3 5380.07 5381.91 5382.96 5379.73 5382.56 5382.8 5382.17 5383.28 5384.25 5388.17 5391.5 5393.39 5394.32 5394.55 5393.39 5393.27 5399.72 5403.36 5404.27 5418.11 5418.98 5412.5 5410.2 5411.64 5414.48 5415.87 5416.73 5417.08 5417.15 5413.99 5410.65 5411.89 5419.67 5428.63 5439.03 5446.64 5435.38 5436.3 5451.57 5474.09 5495.21 5505.65 5505.57 5500.25
5403.48 5411.29 5416.01 5413.03 5408.92 5403.72 5406.34 5410.04 5413.16 5413.7 5414.51 5418 5395.93 5392.62 5395.84 5402.37 5399.46 5394.61 5385.13 5377.9 5378.45 5377.56 5376.7 5374.66 5381.47 5385.43 5385.62 5383.8 5383.59 5380 5378.65 5378 5383.39 5384.96 5385.78 5388.67 5391.11 5390.65 5392.12 5402.57 5407.01 5406.42 5412.46 5419.69 5416.66 5415.52 5412.96 5415.98 5416.71 5416.39 5415.75 5415.04 5413.43 5413.33 5417.7 5427.87 5432.7 5442.1 5447.24 5439.45 5440.98 5453.76 5469.79 5486.56 5504.6 5503.82 5499.1
5400.38 5406.83 5410.04 5411.68 5408.32 5402.61 5401.86 5401.59 5399.49 5402.76 5404.22 5406.66 5406.91 5408.35 5408.5 5402.38 5396.45 5392.34 5381.93 5375.16 5375.96 5376.93 5375.43 5373.8 5377.38 5379.96 5378.01 5382.16 5384.91 5387.04 5385.07 5384.57 5386.99 5388.9 5391.63 5393.88 5393.36 5390.85 5388.73 5397.81 5401.93 5404.54 5408.43 5411.75 5415.97 5421.7 5422.96 5419.94 5418.95 5417.66 5415.17 5411.4 5412.17 5415.13 5422.18 5428.74 5434.45 5442.37 5445.51 5441.01 5442.96 5451.27 5464.25 5480.37 5503.26 5493.62 5481.35
5402.99 5407.05 5414.4 5414.07 5409.83 5406.77 5402.49 5398.29 5392.95 5393.7 5391.17 5382.56 5387.21 5398.97 5400.46 5392.78 5388.26 5384.99 5381.91 5379.65 5377.71 5375.97 5375.28 5377.64 5381.56 5384.9 5382.12 5387.3 5393.1 5397.15 5394.49 5395.12 5394.11 5399.9 5404.91 5404.64 5400.35 5394.68 5392.21 5401.13 5398.9 5404.46 5410.75 5409.35 5410.71 5409.57 5418.73 5421.54 5421.28 5419.94 5418.54 5417.06 5412.69 5411.5 5422.47 5432.18 5433.91 5440.51 5441.34 5441.21 5443.16 5447.52 5456.02 5466.78 5482.87 5476.74 5468.3
5396.79 5406.77 5415.8 5415.7 5410.76 5404.77 5404.05 5401.71 5397.34 5391.52 5385.77 5382.89 5374.1 5378.38 5377.65 5377.81 5380.31 5380.85 5382.17 5381.78 5381.23 5379.96 5380.22 5383.91 5388.63 5392.48 5396.36 5400.63 5404.96 5404.56 5402.1 5400.07 5399.41 5401.36 5416.77 5416.84 5411.02 5402.17 5392.08 5393.22 5397.74 5410.23 5424.05 5422.79 5417.66 5416.29 5421.7 5424.78 5426.14 5424.59 5421.23 5417.92 5415.01 5416.79 5427.39 5438.99 5433.14 5438.6 5438.39 5435.54 5435.23 5440.09 5447.37 5454.55 5463.73 5463.13 5463.08
5404.18 5406.27 5410.23 5410.31 5408.97 5409.22 5404.78 5406.13 5403.26 5391.33 5381.75 5375.38 5373.5 5375.89 5372.24 5367.27 5376.38 5382.55 5383.47 5385.93 5386.45 5386.41 5388.5 5390.03 5397.26 5400.57 5404.4 5408.54 5411.38 5409.53 5408.55 5409.35 5406.31 5407.51 5425.52 5428.67 5424.74 5416.74 5406.29 5396.92 5398.8 5415.58 5428.7 5435.41 5430.05 5422.3 5427.63 5432.85 5434.94 5433.58 5426.44 5420.22 5418.32 5418.12 5427.26 5432.02 5429.95 5437.32 5435.74 5430.71 5427.92 5432.3 5442.82 5452.22 5456.37 5458.97 5462.37
5402.69 5402.19 5401.19 5399.41 5398.71 5398.05 5396.98 5398.2 5396.31 5387.64 5377.8 5368.22 5368.35 5362.99 5368.83 5367.79 5369.88 5375.95 5381.89 5387.92 5388.7 5389.03 5391.46 5391.18 5393.91 5401.27 5404.73 5409.67 5413.55 5412.58 5412.89 5413.18 5412.3 5418.11 5436.75 5441.55 5440.01 5436.58 5429.14 5417.64 5417.29 5426.55 5436 5448.31 5448.41 5438.32 5442.1 5445.92 5448.39 5448.99 5448.03 5438.17 5425.71 5418.61 5426.35 5431.74 5432.49 5436.82 5436.12 5432.15 5430.37 5437.07 5446.23 5454.55 5455.19 5460.02 5465.71
5398.87 5396.69 5392.45 5387.87 5385.82 5385.03 5384.77 5381.37 5381.74 5382.28 5381.65 5376.55 5363.38 5353.86 5355.81 5363.23 5369.03 5373.87 5379.24 5381.42 5384.01 5388.41 5390.06 5395.02 5399.51 5399.79 5405.53 5408.68 5416.81 5416.08 5420.46 5421.05 5424.44 5438.23 5452.65 5455.18 5454 5452.45 5448.23 5439.93 5442.18 5451.51 5456.35 5467.29 5467.96 5464.39 5462.24 5462.42 5463.38 5464.6 5464.65 5454.32 5438.89 5427.04 5426.28 5429.82 5433.2 5441.3 5439.96 5436.67 5438.75 5441.91 5452.34 5464.25 5470.21 5466.28 5468.72
5396.84 5392.57 5386.84 5380.44 5376.19 5375.94 5376.93 5374.4 5375.56 5376.73 5376.82 5374.53 5367.43 5364.91 5364 5373.42 5380.2 5380.37 5379.19 5378.83 5382.24 5391.3 5400.47 5406.21 5409.79 5424.82 5419.47 5420.33 5432.82 5433.34 5435.49 5440.08 5448.42 5459.54 5467.89 5467.45 5464.91 5462.01 5463.43 5458.92 5461.55 5475.07 5483.54 5488.71 5490.55 5484.84 5480.64 5478.59 5478.14 5478.13 5476.27 5467.75 5457.26 5444.22 5430.94 5434.84 5445.53 5447.65 5445.45 5438.76 5433.32 5442.52 5459.05 5472.88 5479.76 5480.44 5475.35
5395.24 5389.9 5383.47 5374.51 5364.98 5369.7 5375.59 5378.79 5376.05 5372.57 5368.24 5369.11 5371.93 5371.62 5370.22 5378.5 5384.19 5381.97 5378.64 5378.59 5383.37 5394.55 5409.75 5415.93 5418.53 5430.72 5436.29 5440.9 5448.13 5447.96 5450.58 5456.58 5466.17 5473.09 5477.41 5476.47 5474.08 5471.13 5471.57 5471.07 5471.2 5475.28 5484.29 5494.43 5502.35 5497.2 5495.01 5493.31 5491.92 5489.88 5487.95 5479.49 5471.1 5459.24 5445.27 5450.46 5463.78 5462.35 5456.51 5445.74 5435.51 5449.89 5472.33 5482.78 5482.91 5480.17 5480.21
5392.31 5388.36 5384.03 5381.29 5376.94 5374.54 5377.81 5379.83 5376.22 5371.17 5367.66 5370.8 5377.22 5378.25 5372.16 5374.2 5378.27 5376.29 5375.51 5376 5379.3 5393.53 5409.31 5418.2 5419.82 5437.44 5449.05 5454.14 5458.2 5460.54 5460.87 5464 5470.51 5478.57 5481.89 5482.09 5481.98 5483.53 5482.69 5478.38 5477.45 5476.26 5484.17 5495.65 5509.87 5509.06 5506.54 5505.07 5503.31 5500.3 5494.18 5490.11 5481.68 5473.17 5466.7 5470.33 5478.29 5479.6 5471.04 5459.76 5453.31 5463.49 5481.01 5491.06 5486.36 5485.55 5487.02
5391.28 5387.9 5383.76 5381.26 5380.13 5376.68 5378.05 5382.21 5374.65 5368.95 5368.1 5371.82 5380.45 5386.72 5367.15 5361.69 5359.94 5367.1 5371.83 5376.32 5382.57 5392.59 5403.19 5412.86 5427.07 5449.29 5458.75 5465 5463.85 5459.9 5463.44 5466.65 5469.23 5479.23 5482.51 5485.31 5487.88 5492.5 5497.97 5494.39 5485.89 5482.69 5486.03 5497.14 5516.1 5518.33 5513.55 5512.2 5512.99 5514.13 5510.55 5502.37 5497.4 5491.23 5486.96 5489.39 5492.53 5494.04 5486.59 5476.72 5470.57 5476.65 5492.73 5498.1 5492.96 5490.92 5492.15
5392.05 5387.98 5382.26 5377.67 5375.32 5369.83 5368.03 5369.37 5368.92 5365.87 5361.36 5368.86 5375.93 5383.47 5371.41 5359.81 5357.78 5362.84 5370.02 5377.09 5385.4 5391.73 5398.79 5407.91 5428.09 5450.25 5460.73 5469.6 5469.14 5468.46 5468.08 5470.74 5473.33 5474.39 5481.15 5486.82 5491.24 5492.11 5497.76 5499.18 5490.14 5484.55 5484.57 5490.35 5510.07 5515.58 5513.07 5513.26 5517.04 5523.59 5522.37 5510.53 5501.01 5503.52 5507.28 5508.39 5509.79 5511.74 5504.13 5493.86 5484.78 5483.71 5497.15 5507.81 5501.4 5497.62 5495.29
5395.35 5389.78 5380.75 5369.62 5360.96 5357.71 5355.88 5357.2 5364.65 5369.26 5369.01 5371.53 5369.05 5367.15 5367.13 5362 5359.63 5362.97 5370.71 5379.61 5385.82 5396.13 5403.72 5411.15 5426.99 5441.83 5458.14 5467.45 5469.46 5477.19 5475.92 5475.09 5477.18 5477.04 5480.76 5486.75 5493.44 5496.04 5493.53 5493.86 5488.47 5483.39 5482.1 5481.23 5494.87 5500.15 5502.78 5507.15 5513.47 5519.26 5519.14 5513.63 5511.83 5516.98 5522.04 5525.6 5529.81 5531.65 5523.11 5512.95 5502.63 5494.39 5496.18 5504.66 5503.53 5497.77 5494.86
5403.04 5395.7 5382.16 5364.05 5346.36 5347.18 5349.92 5355.45 5363.78 5374.98 5384.16 5378.11 5374.01 5365.05 5362.33 5356.46 5357.04 5363.34 5374.07 5386.23 5400.69 5409.98 5414.89 5423.84 5434.86 5450.98 5459.46 5465.77 5472.45 5486.53 5487 5476.23 5468.79 5475.02 5478.39 5483.49 5490.22 5491.15 5487.58 5489.6 5487.87 5480.33 5471.24 5467.22 5474.43 5479.35 5486.07 5494.87 5504.42 5512.09 5512.86 5510.36 5513.04 5527.18 5536.55 5538.44 5541.2 5544.86 5540.84 5532.06 5525.56 5522.66 5506.34 5508.28 5508.01 5498.91 5495.01
5420.63 5406.34 5388.83 5369.79 5348.17 5342.99 5345.21 5351.87 5361.38 5371.3 5377.64 5379.97 5377.98 5365.84 5357.6 5350.31 5351.68 5364.25 5377.56 5391.79 5406.74 5417.8 5425.27 5433.22 5445.2 5455.38 5462.56 5471.86 5479.69 5490.02 5491.91 5478.52 5468.28 5469.76 5472.79 5476.28 5479.14 5476.84 5474.09 5478.03 5483.4 5476.05 5464.61 5459.89 5456.53 5457.34 5469.33 5481.58 5493.21 5503.91 5504.47 5503.53 5509.05 5526.04 5537.88 5543.87 5550.6 5560.37 5553.44 5544.53 5540.52 5540.72 5529.46 5524.69 5526.66 5512.88 5499.25
