real_craters/C070-500m.grd
DSAA
111 111
-27.3875 27.3875
-27.3875 27.3875
4884.182790321 5750.5692511806
[rows 30 to 59 of 111, columns 0 to 66 of 111]
5434.52 5416.24 5394.97 5374.62 5351.09 5343.36 5344.68 5350.46 5358.4 5367.81 5374.99 5378.1 5379.67 5368.37 5358.79 5352.84 5352.6 5367.31 5381.85 5396.14 5410.28 5421.57 5432.15 5445.79 5453.35 5459.49 5467.91 5480.97 5485.87 5489.47 5490.53 5478.04 5466.45 5465.07 5465.42 5466.48 5467.87 5466.35 5462.23 5461.75 5464.54 5462.08 5457.15 5451.8 5448.84 5448.8 5459.43 5469.65 5479.49 5486.34 5491.72 5494.95 5502.02 5513.46 5526.59 5539.33 5548.57 5559.59 5553.52 5545.34 5541.21 5540.41 5532.83 5523.07 5519.89 5514.23 5501.17
5443.72 5420.79 5396.68 5376.34 5355.38 5348.87 5347.8 5351.57 5355.66 5358.37 5365.14 5372.48 5376.07 5372.37 5368.12 5368.05 5362.95 5374.44 5386.93 5400.96 5414.36 5425.4 5434.28 5440.01 5446.51 5455.48 5465.33 5479.12 5484.49 5482.8 5477.44 5470.64 5463.81 5457.25 5454.73 5453.95 5455.99 5451.06 5449.65 5443.56 5435.98 5442 5442.8 5439.97 5440.83 5449.29 5454.52 5460.88 5466.72 5473.23 5477.95 5484.53 5490.31 5500.09 5510.74 5523.32 5527.59 5536.33 5537.45 5533.23 5529.46 5527.77 5521.23 5507.25 5499.61 5499.05 5494.62
5439.71 5416.09 5391.95 5371.62 5366.01 5362.22 5358.91 5356.41 5356.73 5356.06 5360.25 5365.92 5371.05 5370.7 5372.41 5376.83 5371.75 5380.82 5391.94 5405.51 5420.15 5432.16 5436.94 5437.42 5440.9 5449.75 5455.1 5468.53 5475.83 5475.31 5469.48 5465.89 5460.67 5449.82 5441.77 5437.49 5436.48 5430.9 5431.68 5429.66 5425.42 5426.91 5427.1 5426.45 5434.52 5442.41 5450.92 5456.07 5456.34 5457.19 5466.12 5470.31 5475.95 5477.97 5492.22 5499.97 5497.91 5509.08 5515.27 5514.5 5509.66 5503.69 5505.72 5504.73 5492.76 5484.65 5481.06
5416.43 5402.6 5385.09 5369.07 5371.95 5371.25 5363.89 5360.92 5360.8 5361.77 5360.27 5358.23 5357.27 5361.75 5367.59 5376.37 5376.63 5382.52 5394.02 5408.86 5425.29 5439.81 5441.34 5437.36 5437.68 5450.65 5461.04 5466.63 5470.51 5468.84 5462.99 5456.92 5450.3 5438.13 5430.54 5423.44 5413.53 5420.62 5424.56 5423.76 5421.27 5419.17 5417.64 5420.75 5434.97 5448.67 5456.35 5458.49 5459.46 5460.5 5465.53 5467.01 5475.04 5482.59 5485.22 5484.98 5482.58 5493.95 5499.75 5497.86 5491.63 5484.8 5491.76 5501.01 5495.43 5486.46 5480.44
5397 5391.94 5381.27 5371.44 5369.88 5369.41 5366.04 5361.25 5361.48 5367.11 5359.68 5354.51 5351.6 5354.26 5355.83 5361.85 5367.47 5378.97 5392.65 5409.28 5427.33 5442.64 5445.45 5440.07 5438.64 5453.51 5468.26 5470.07 5471.83 5469.48 5458.38 5451.52 5437.21 5429.43 5424.12 5420.24 5420.21 5423.91 5423.29 5423.49 5420.81 5414.49 5415.57 5422.64 5447.21 5454.59 5460.15 5465.42 5468.44 5470.97 5473.84 5483.5 5489.04 5491.61 5490.67 5485.82 5485.43 5489.51 5490.47 5487.47 5479.83 5469.23 5467.51 5475.89 5480.38 5477.71 5471.92
5400.89 5390.04 5380.35 5371.65 5364.07 5356.89 5357.4 5356.68 5354.84 5353.54 5355.4 5355.7 5355.47 5353.02 5348.96 5346.49 5354.27 5369.26 5388.23 5408.19 5426.35 5442.41 5446.26 5442.61 5440.32 5453.69 5465.58 5465.35 5467.06 5463.97 5447.96 5437.93 5425.25 5420.47 5417.98 5418.58 5420.36 5420.78 5422.86 5425.01 5425.07 5423.3 5423.81 5434.97 5453.3 5464.07 5471.65 5478.81 5478.9 5480.76 5483.27 5487.2 5507.09 5514.61 5505.55 5497.59 5499.54 5495.21 5488.1 5487.51 5479.66 5464.42 5453.34 5455.47 5460.85 5461.15 5455.98
5395.75 5386.01 5377.12 5369.73 5362.94 5356.5 5355.25 5354.44 5349.54 5347.21 5351.88 5358.05 5360.56 5353.93 5347.81 5346.05 5349.85 5360.93 5386.24 5407.73 5424.72 5436.56 5442.54 5445.17 5445.7 5453.86 5454.42 5452.15 5452.35 5449.06 5439.51 5431.13 5420.98 5413.73 5409.95 5412.6 5415.17 5417.6 5422.97 5427.86 5430.27 5433.49 5436.24 5443.09 5459.23 5479.16 5496.95 5496.51 5501.44 5501.61 5501.57 5508.47 5524.96 5534.86 5530.95 5522.34 5529.4 5521.49 5507.95 5507.64 5499.56 5478.06 5457.2 5454 5453.23 5449.51 5438.76
5394.47 5383.31 5369.16 5363.4 5364.71 5369.65 5366.75 5358.7 5349.98 5346.12 5350.74 5354.23 5358.8 5354.4 5348.61 5351.39 5357.21 5373.01 5393.85 5411.53 5425.27 5435.72 5443.51 5449.59 5456.68 5460.06 5452.58 5443.94 5437.33 5427 5431.42 5430.58 5421.55 5410.92 5405.74 5411.99 5415.98 5418.92 5425.95 5430.98 5431.9 5433.22 5439.96 5452.43 5472.44 5489.91 5501.03 5506.07 5510.66 5521.02 5525.02 5528.46 5535.57 5554.3 5570.84 5573.56 5577.75 5566.95 5558.2 5550.23 5535.65 5512.78 5488.14 5475.63 5463.54 5455.36 5442.01
5384.27 5374.02 5362.78 5359.41 5362.54 5368.88 5369.15 5364.22 5359.89 5355.87 5354.64 5352.57 5358.07 5355.3 5352.89 5360.86 5373.56 5391.93 5407.3 5417.43 5427.31 5436.69 5445.29 5450.42 5455.63 5459.06 5452.63 5440.86 5428.29 5418.79 5419.84 5422.09 5417.82 5410.32 5406.73 5418.41 5422.28 5426.21 5431.35 5433.96 5432.72 5434.46 5440.09 5454.98 5479.17 5498.91 5511.27 5518.73 5523.1 5550.35 5565.04 5567.09 5564.74 5580.16 5615.29 5657.13 5615.46 5598.45 5600.62 5593.91 5579.38 5560.65 5536.11 5521.5 5500.42 5483.71 5463.51
5367.77 5360.12 5359.74 5358.77 5358.21 5359.23 5364.69 5365.71 5369.44 5365.91 5360.84 5360.27 5356.27 5355.85 5360.67 5369.23 5387.81 5401.99 5415.79 5422.01 5428.13 5434.43 5439.92 5446 5450.82 5452.63 5446.64 5434.34 5421.3 5411.82 5411.41 5408.63 5409.99 5411.64 5417.5 5427.43 5437.17 5440.86 5438.67 5434.64 5431.43 5434.51 5445.23 5462.75 5488.88 5512.11 5531.77 5542.99 5555.71 5588.85 5627.96 5614.4 5597.8 5575.39 5589.43 5596.54 5578.75 5581.36 5612.41 5612.78 5608.52 5612.45 5593.5 5575.36 5551.95 5530.16 5506.2
5357.31 5353.71 5358.89 5357.75 5354.71 5354.62 5358.38 5359.32 5363.03 5362.07 5360.65 5362.07 5357.17 5354.03 5356.79 5374.03 5394.61 5411.54 5419.05 5423.79 5427.55 5430.92 5434.13 5440.27 5447.24 5452.04 5441.04 5425.18 5415.13 5405.78 5402.47 5403.2 5405.36 5411.57 5422.06 5430.45 5449 5453.61 5442.9 5437.02 5430.38 5438.46 5453.82 5477.8 5507.76 5532.9 5553.37 5574.86 5589.45 5596.82 5613.75 5573.66 5526.12 5500.94 5481.85 5457.83 5482.38 5505.93 5534.11 5552.75 5587.62 5656.68 5640.46 5632.62 5605.64 5586.47 5555.84
5352.7 5352.98 5355.84 5355.9 5354.09 5351.42 5349.7 5349.33 5345.06 5351.44 5354.91 5352.67 5352.25 5354.78 5359.28 5376.69 5394.58 5406.68 5419.64 5422.48 5425.43 5427.93 5430.23 5434.86 5440.18 5443.41 5434.94 5421.97 5411.71 5402.84 5399.95 5403.41 5402.38 5407.49 5415.77 5429.64 5449.04 5449.26 5437.32 5428.78 5431.24 5446.76 5468.81 5502.48 5543.62 5576.49 5605.53 5626.86 5609.09 5554.31 5508.95 5460.47 5411.94 5399.86 5377.92 5360.22 5384.3 5404.37 5413.03 5437.88 5495.39 5552.81 5609.36 5645.68 5659.02 5654.45 5617.72
5350.76 5352.09 5355.25 5354.41 5354.67 5354.4 5349.21 5347.65 5344.85 5348.7 5351.54 5352.37 5354.5 5360.57 5368.99 5379.98 5392.66 5404.82 5411.89 5419.46 5423.86 5426.1 5427.44 5429.81 5431.56 5431.67 5424.89 5418.44 5410.19 5401.9 5399.13 5394.49 5398.64 5402.39 5409.11 5426.07 5445.25 5446.19 5434.69 5430.19 5442.13 5460.88 5483.35 5526.77 5585.7 5647.01 5643.56 5623.35 5553.01 5477.63 5408.19 5365.25 5333.42 5323.02 5310.11 5299.6 5307.94 5318.69 5326.09 5347.45 5390.64 5435.95 5497.83 5566.84 5686.87 5719.7 5697.66
5348.69 5350.63 5352.05 5350.38 5349.15 5349.55 5350.92 5351.24 5353.76 5352.62 5354.26 5359.04 5359.34 5365.04 5373.14 5381.3 5394.24 5407.4 5412.84 5418.82 5422.76 5424.55 5425.53 5425.75 5425.39 5420.75 5414.86 5412.06 5408.04 5401.38 5394.59 5390.01 5390.79 5397.17 5405.43 5418.45 5443.59 5453.73 5442.77 5442.79 5458.67 5481.16 5503.81 5541.94 5588.45 5628.56 5583.71 5508.48 5456.85 5395.53 5334.87 5303.35 5280.49 5268.78 5261.14 5248.09 5248.24 5252.57 5259.52 5276.08 5305.08 5348.53 5399.97 5467.08 5601.07 5715.55 5750.57
5345.7 5343.88 5345.09 5346.15 5343.59 5343.34 5346.24 5351.57 5355.81 5354.93 5355.07 5356.04 5357.89 5360.64 5369.03 5379.05 5386.1 5397.31 5408.92 5418.24 5422.57 5425.35 5426.27 5425.77 5422.85 5414.23 5408.76 5405.71 5402.78 5398.71 5393.97 5389.1 5387.36 5393.91 5405.38 5418.69 5447 5461.79 5457.66 5460.39 5477.38 5503.25 5529.23 5544.87 5553.28 5543.11 5494.57 5426.84 5378.34 5330.12 5286.9 5259.29 5237.89 5221.08 5208.24 5197.84 5199.15 5201.15 5204.86 5211.81 5229.84 5262.23 5315.91 5379.99 5485.26 5605.65 5684.76
5344.69 5341.78 5343.53 5346.75 5348.34 5347.23 5346.59 5349.79 5354.02 5355.47 5355.34 5354.92 5359.11 5359.89 5369.82 5382.69 5390.18 5397.36 5407.72 5417.64 5423.9 5427.29 5429.94 5432.83 5426.4 5416.65 5407.13 5402.17 5397.68 5391.27 5384.7 5387.15 5383.5 5390.79 5402.52 5419.32 5457.66 5469.3 5467.22 5474.18 5495.9 5529.55 5552.46 5542.66 5513.73 5472.47 5417.84 5363.17 5312.38 5274.73 5241.43 5212.79 5194.55 5178.27 5160.32 5155.85 5158.95 5161.23 5164.4 5171.68 5190.31 5215.02 5249.13 5302.05 5379.38 5472.91 5573.76
5348.56 5346.32 5348.57 5349.54 5351.47 5351.28 5350.4 5352.22 5355.48 5358.14 5360.37 5364.99 5367.56 5374.05 5381.46 5393.99 5408.86 5422.66 5419.83 5423.13 5427.96 5429.72 5428.43 5424.01 5425.45 5419.66 5406.27 5399.45 5393.13 5387.22 5389.82 5392.53 5388.07 5389.69 5396.05 5418.65 5459.67 5472.65 5477.53 5491.52 5520.85 5564.29 5580.89 5534.37 5475.11 5414.18 5352.22 5293.68 5254.34 5223.84 5198.2 5176.68 5161.08 5149.09 5136.66 5130.48 5129.02 5129.31 5130.32 5136.39 5158.7 5180.71 5206.62 5239.38 5293.83 5371 5473.89
5355.43 5355.08 5351.69 5351.59 5352.8 5354.76 5355.91 5358.25 5361.19 5362.89 5367.43 5375.22 5377.35 5377.13 5390.66 5405.55 5421.67 5432.88 5434.11 5434.88 5435.85 5434.75 5430.21 5420.39 5416.49 5406.58 5393.84 5390.89 5391.77 5388.34 5386.86 5390.14 5394.99 5393.48 5395.9 5417.98 5448.68 5476.2 5497.65 5523.44 5558.44 5588.94 5581.06 5515.38 5437.3 5358.46 5289.61 5241.4 5208.91 5193.09 5170.36 5148.75 5136.2 5127 5116.71 5108.34 5104.02 5101.64 5099.64 5098.09 5112.56 5136.24 5159.75 5189.27 5230.27 5293.09 5380.5
5359.81 5354.21 5352.02 5355.15 5358.32 5359.33 5362.54 5368.73 5368.03 5367.43 5373.21 5385.88 5388.17 5393.67 5400.32 5413.24 5429.08 5443.46 5447.34 5446.79 5445.62 5443.34 5439.54 5434.04 5420.85 5403.05 5387.35 5383.63 5384.9 5397.53 5408.21 5399.43 5400.06 5398.63 5405.01 5425.66 5454.92 5487.55 5526.72 5571.65 5608.68 5625.12 5564.65 5486.06 5402.93 5318.34 5248.07 5204.83 5176.54 5163.92 5146.05 5126.84 5113.18 5103.88 5092.88 5085.57 5081.32 5078.25 5075.48 5075.09 5085.11 5096.53 5115.83 5147.49 5181.44 5214.61 5293.98
5359.32 5351.57 5355.8 5357.27 5359.5 5360.23 5363.2 5368.52 5369.24 5372.5 5380.34 5392.37 5392.69 5396.43 5403.99 5416.33 5430.73 5444.77 5448.64 5453.03 5454.68 5452.97 5449.52 5444.9 5428.57 5411.4 5398.35 5387.47 5388.67 5394.91 5412.81 5411.45 5402.21 5398.76 5405.57 5431.02 5463.18 5501.66 5556.32 5626.83 5650.38 5620.64 5536.48 5455.57 5371.67 5290.5 5225.79 5182.91 5153.43 5141.56 5123.62 5105.82 5089.21 5077.54 5065.91 5061.12 5057.88 5055.52 5054.69 5056.69 5063.83 5067.26 5080.63 5105.5 5131.77 5159.56 5228.83
5356.74 5351.47 5355.69 5357.64 5355.98 5357.89 5357.96 5356.09 5362.64 5376.25 5393.73 5392.91 5388.08 5390.66 5401.34 5414.86 5428.14 5438.94 5447.2 5459.76 5463.23 5460.7 5456.94 5450.44 5435.75 5422.58 5409.78 5398.97 5392.92 5390.09 5399.75 5409.08 5405.08 5401.86 5409.67 5437.15 5474.7 5511.73 5567.35 5634.48 5651.43 5588.38 5506 5426.24 5343.54 5266.17 5198.79 5166.9 5144.26 5127.81 5102.01 5079.36 5062.45 5048.06 5037.73 5035.38 5033.62 5033.06 5033.48 5037.04 5042.58 5047.94 5057.08 5071.97 5094.15 5128.46 5182.35
5355.59 5351.9 5352.27 5356.32 5360.78 5357.12 5353.61 5349.53 5355 5365.59 5380.08 5383.37 5379.84 5383.33 5397.9 5412.53 5425.88 5437.26 5448.11 5466.46 5468.08 5465.5 5461.91 5456.67 5448.99 5433.59 5421.58 5409.54 5401.12 5395.81 5392.03 5397.51 5399.27 5399.87 5413.62 5447.42 5495.7 5523.68 5568.83 5617.42 5625.94 5547.98 5475.85 5396.63 5321.28 5250.43 5191.8 5159.06 5137.09 5118.56 5086.41 5058.42 5037.23 5019.23 5011.44 5010.99 5011.16 5010.91 5012.29 5015.93 5024.11 5030.92 5037.68 5047.58 5066.69 5093.3 5145.02
5357.63 5355.03 5346.98 5349.06 5357.65 5356.81 5352.98 5351.19 5356.21 5357.02 5361.42 5375.47 5379.87 5386 5397.67 5411.58 5425.37 5439.66 5452.19 5462.65 5466.33 5466.24 5463.91 5459.49 5449.74 5437.44 5426.26 5414.02 5401.82 5396.45 5391.56 5390.19 5393.73 5400.07 5420.27 5457.43 5506.28 5531.54 5565.3 5598.96 5600.56 5524.89 5454.43 5377.84 5305.42 5238.38 5183.84 5150.16 5131.01 5110.25 5077.2 5044.79 5016.36 4994.94 4990.32 4990.36 4989.03 4987.78 4988.08 4991.27 5000.68 5013.97 5018.11 5025.17 5037.63 5068.72 5116.53
5355.12 5356.63 5351.21 5348.78 5357.8 5361.08 5358.75 5360.66 5366.56 5368.49 5376.17 5378.05 5383.15 5389.42 5398.11 5409.94 5423.49 5438.97 5453.17 5462 5465.16 5465.78 5463.92 5459.69 5448.61 5436.5 5426.73 5415.7 5403.53 5396.26 5391.78 5388.11 5392.26 5401.07 5428.7 5471.78 5535.18 5549.23 5568.77 5588.41 5585.71 5512.07 5442.96 5370.47 5293.27 5225.85 5173.55 5141.63 5120.47 5100.15 5068.95 5034.4 5001.74 4980.13 4976.4 4974.22 4969.68 4965.31 4962.63 4964.44 4972.31 4983.16 4993.33 5006.38 5024.78 5044.2 5090.23
5346.37 5354.47 5362.98 5370.9 5372.88 5369.69 5369.72 5373.33 5376.01 5377.54 5379.39 5380.54 5382.88 5389.58 5398.08 5407.97 5419.3 5431.31 5443.82 5457.33 5463.22 5464.04 5462.77 5456.78 5444.91 5433.14 5422.91 5411.78 5400.7 5390.98 5388.85 5389.12 5394.37 5406.86 5439.68 5483.86 5537.35 5563.57 5591.67 5605.23 5582.67 5506.79 5439.54 5361.7 5286.79 5215.85 5157.38 5134.19 5118.46 5094.44 5062.42 5028.15 4995.12 4976.32 4970.78 4963.76 4954.89 4944.79 4936.45 4932.97 4940.4 4943.87 4967.91 4987.74 5007.08 5023.22 5071.78
5352.18 5361.21 5375.18 5394.05 5382.67 5372.91 5369.61 5373.44 5376.77 5376.36 5378.88 5381.58 5386.88 5390.37 5396.61 5404.63 5412.8 5420.76 5428.25 5442.73 5454.76 5462.06 5463.12 5457.3 5442.17 5431.06 5420.62 5408.36 5401.18 5388.82 5388.22 5391.3 5398.05 5411.05 5444.11 5488.45 5535.72 5581.44 5628.3 5640.57 5604.77 5521.51 5448.53 5368.15 5289.91 5216.35 5162.78 5137.14 5120.22 5094.25 5063.98 5027.22 4993.67 4977.6 4969.82 4958.23 4944.81 4929.55 4914.25 4904.18 4915.5 4931.05 4949.76 4969.71 4990.51 5008.2 5058.01
5371.69 5370.33 5372.95 5377.61 5370.07 5365.27 5367.24 5372.39 5379.12 5377.7 5377.67 5380.32 5384.18 5388.6 5393.49 5399.44 5405.83 5411.89 5418.05 5435.52 5452.58 5460.11 5465.45 5465.32 5449.91 5435.3 5424.87 5415.06 5400.06 5385.87 5390.52 5397.62 5405.31 5413.68 5444.39 5487.29 5534.67 5586.22 5639.07 5658.35 5632.16 5551.04 5468.92 5380.04 5295.39 5218.94 5167.89 5140.82 5113.44 5090.79 5063.51 5026.67 4996.01 4982.27 4971.7 4957.59 4941.13 4922.37 4901.61 4884.18 4899.25 4922.01 4937.98 4954.16 4971.45 5000 5054.42
5382.73 5372.85 5362.31 5350.24 5350.85 5353.39 5353.19 5365.86 5375.9 5373.83 5375.18 5377.87 5382.34 5385.1 5389.98 5395.32 5400.94 5406.46 5413.83 5430.02 5441.9 5456.54 5465.76 5471.44 5456.92 5441.43 5430.39 5420.45 5406.48 5389.07 5394.7 5401.54 5407.32 5416.49 5444.5 5484.8 5526.56 5574.35 5614.57 5638.86 5639.83 5578.52 5486.9 5393.33 5301.95 5217.96 5165.8 5137.18 5109.22 5084.44 5057.47 5024.48 4996.21 4986.02 4975.52 4961.21 4944.29 4925.15 4904.74 4889.08 4897.83 4918.51 4932.29 4947.33 4969.69 5007.79 5071.71
5382.41 5372.09 5358.39 5344.34 5344.1 5351.41 5354.91 5364.33 5370.45 5377.26 5375.16 5373.24 5374.67 5381.35 5386.98 5392.34 5397.7 5403.93 5411.53 5427.66 5443.04 5454.26 5462.89 5465.7 5457 5444.99 5433.45 5422.94 5413.56 5401.31 5401.9 5411.2 5419.16 5422.79 5442.84 5476.7 5511.87 5553.53 5586.8 5613.28 5631.94 5587.16 5499.3 5406.22 5313.59 5223.42 5172.1 5142.35 5112.8 5086.39 5057.73 5025.11 4998.22 4992.01 4983.17 4969.95 4954.22 4937.11 4920.58 4909.97 4908.2 4922.17 4932.45 4947.38 4975.29 5023.48 5103
5377.7 5373.17 5363.45 5350.49 5349.57 5361.49 5371.29 5372.05 5372.59 5374.07 5374.91 5374 5374.93 5379.73 5385.32 5390.68 5396.53 5403.2 5410.87 5426.32 5445.47 5453.6 5459.01 5459.54 5453.53 5444.18 5435.48 5425.28 5419.54 5409.62 5417.77 5424.83 5430.67 5430.14 5431.74 5460.69 5496.06 5533 5560.82 5599 5636.38 5584.82 5508.1 5418.91 5333.15 5250.28 5191.93 5151.76 5124.87 5097.02 5066.89 5032.09 5008.32 5004.75 4996.26 4984.26 4969.58 4954.02 4940.73 4933.52 4930.86 4931.77 4941.4 4957.28 4993.11 5051.24 5143.28
