real_craters/C070-1000m.grd
DSAA
32 32
-15.65 15.65
-15.65 15.65
8355.0853586751 9647.6372268439
9285.28 9263.64 9260.65 9246.68 9243.81 9234.52 9236.79 9260.45 9253.63 9241.75 9238.69 9247.39 9278.34 9292.01 9302.43 9309.7 9311.66 9306.8 9305.19 9313.48 9320 9308.86 9301.89 9307.96 9328.57 9358.1 9381.18 9393.77 9416.63 9403.4 9390.77 9393.88 
9258.64 9257.76 9253.18 9246.97 9243.06 9251.56 9245.63 9248.13 9244.38 9227.38 9215.49 9238.46 9277.99 9289.3 9299.98 9304.02 9304.39 9286.37 9294.88 9300.33 9296.76 9300.3 9304.51 9312.42 9333.43 9345.66 9375.04 9418.72 9437.17 9419.22 9411.9 9415.32 
9238.24 9264.99 9236.56 9244.05 9244.71 9243.77 9242.3 9247.69 9234.63 9219.88 9198.93 9192.13 9271.06 9289.62 9298.88 9302.13 9295.83 9289.1 9294.46 9296.91 9292.34 9296.29 9313.38 9337.9 9326.46 9334.94 9357.08 9393.87 9400.13 9412.74 9414.55 9429.46 
9244.55 9262.29 9237.4 9246.19 9239.45 9242.84 9265.97 9245.44 9236.88 9221.16 9211.03 9223.57 9256.24 9287.31 9300.63 9305.22 9307.53 9312.27 9322.77 9325.21 9303.85 9289.04 9300.8 9311.77 9327.18 9317.69 9330.32 9345.38 9351.4 9367.28 9395.53 9416.82 
9255.92 9254.91 9231.53 9223.05 9219.47 9217.77 9231.56 9247.1 9236.08 9233.28 9235.73 9241.25 9279.22 9297.37 9312.34 9320.95 9335.84 9335.31 9359.71 9370.65 9296.17 9271.44 9294.27 9299.95 9297.12 9300.97 9316.07 9324.05 9320.78 9351.37 9371.72 9402.26 
9252.91 9233.84 9226.34 9231.04 9229.97 9214.99 9220.64 9238.13 9234.53 9237.57 9253.07 9276.8 9289.73 9314.42 9339.93 9344.89 9345.63 9364.42 9341.72 9364.26 9297.95 9272.67 9315.65 9331.14 9320.72 9318.55 9323.53 9333.98 9377.17 9379.87 9383.29 9390.52 
9245.08 9236.12 9213.11 9239.34 9236.23 9217.05 9161.88 9224.41 9232.69 9228.86 9241.41 9271.79 9297.82 9331.98 9399.96 9430.03 9439.88 9426.34 9398.97 9421.03 9350.07 9309.91 9342.85 9380.35 9342.11 9348.29 9326.54 9324.94 9301.84 9302.99 9308.65 9331.22 
9240.12 9233.19 9233.67 9224.54 9209.56 9219.4 9150.37 9202.98 9222.65 9244.15 9258.91 9329.13 9426.61 9495.13 9457.69 9500.62 9589.81 9584.88 9468.51 9480.79 9387.35 9318.07 9330.67 9340.21 9297.48 9284.91 9313.91 9331.01 9318.69 9316.26 9351.89 9351.14 
9240.87 9235.15 9218.84 9184.95 9209.49 9170.13 9134.59 9143.4 9214.98 9297.61 9346.18 9395.63 9512.76 9515.05 9327.13 9272.04 9348.33 9547.58 9613.26 9563.7 9408.22 9327.79 9341.4 9336.48 9318.5 9296.49 9313.93 9338.7 9370.4 9379.32 9387.5 9380.66 
9235.09 9233.15 9219.61 9218.69 9191.4 9159.87 9139.04 9140.57 9252.48 9386.05 9520.82 9362.74 9224.66 9030.16 9000.27 9027.85 9049.85 9060.79 9188.98 9329.87 9385.04 9409.49 9398.68 9394.19 9382.34 9336.83 9321.95 9326.81 9342.79 9357.44 9354.97 9365.84 
9215.03 9222.54 9221.12 9196.69 9177.18 9153.97 9151.42 9237.47 9350.21 9356.66 9308.78 9162.24 8944.53 8767.74 8724.33 8707.39 8748.26 8838.97 8974.21 9120.3 9299.66 9535.3 9501.48 9439 9357.35 9334.85 9327.51 9319.68 9324.23 9333.07 9341.48 9347.51 
9209.08 9219.81 9245.23 9218.96 9185.09 9155.66 9273.32 9431.94 9457.94 9252.56 9043.03 8921.35 8753.69 8611.39 8537.79 8455.34 8520.88 8584.7 8686.54 8847.17 9086.58 9339.4 9647.64 9472.61 9368.22 9353.87 9336.43 9324.36 9321.03 9315.32 9312.33 9308.93 
9162.08 9168.56 9215.28 9237.75 9187.8 9139.88 9368.35 9462.14 9454.67 9147.52 8923.37 8776.12 8628.3 8495.72 8438.94 8395.6 8401.57 8409.29 8415.23 8605.84 8812.33 8983.17 9207.82 9357.56 9402.76 9362.34 9338.32 9307.53 9285.49 9294.5 9285.94 9260.75 
9170.97 9148.68 9193.08 9226.93 9172.46 9150.43 9420.92 9443.84 9195.94 9020.54 8836.73 8694.62 8563.92 8448.63 8410.13 8374.23 8381.68 8364.35 8393.67 8479.64 8607.44 8706.04 8891.71 9243.73 9432.21 9397.91 9345.05 9284.66 9268.82 9261.29 9267.04 9240.22 
9163.42 9147.01 9187.14 9238.79 9201.12 9146.6 9308.44 9362.19 9187.93 9027.4 8843.37 8682.35 8551.56 8450.5 8406.25 8450.45 8432.69 8399.66 8355.09 8427.79 8541.64 8634.82 8835.44 9186.52 9493.93 9433.37 9346.85 9262.98 9248.38 9266.82 9230.4 9232.18 
9160.72 9143.85 9179.08 9235.09 9249.02 9194.46 9185.81 9429.28 9283.89 8950.46 8789.26 8666.46 8560.9 8487.3 8487.08 8522.48 8512.97 8476.18 8363.57 8412.43 8530.96 8660.44 8837.86 9134.46 9342.54 9427.5 9301.42 9223.32 9194.75 9219.67 9223.59 9258.92 
9155.61 9148.21 9179.98 9208.92 9252.88 9248.43 9210.81 9429.47 9338.83 8968.39 8782.58 8676.35 8581.34 8514.45 8476.5 8517.09 8527.4 8525.1 8434.28 8455.2 8565.83 8708.74 8904.99 9210.43 9414.53 9349.69 9206.74 9162.81 9162.14 9231.93 9293.82 9301.39 
9152.72 9131.76 9172.53 9214.55 9211.16 9249.77 9233.92 9413.29 9384.7 9014.5 8846.27 8726.96 8621.15 8534.66 8471.66 8467.66 8461.9 8457.59 8493.94 8522.24 8611.12 8752.51 8938.86 9312.46 9462.06 9310.63 9148.78 9165.65 9208.08 9266.4 9301.61 9315.61 
9153.11 9132.4 9160.28 9175.15 9200.01 9210.21 9265.73 9410.29 9500.95 9208.45 8975.88 8819.21 8681.77 8561.27 8482.52 8452.8 8447.09 8475.08 8517.45 8571.57 8665.2 8774.88 8971.91 9404.62 9444.88 9169.63 9166.79 9186.62 9229.51 9264.41 9283.86 9274.85 
9144.42 9130.95 9146.08 9147.29 9178.19 9175.63 9231.29 9340.44 9428.88 9268.86 9076.47 8907.5 8754.67 8620.37 8532.54 8463.03 8458.61 8493.8 8553.77 8617 8747.07 8895.35 9088.19 9464.19 9431.35 9186.16 9188.65 9209.88 9223.6 9249.86 9269.33 9247.73 
9153.01 9160.11 9154.98 9165.21 9180.07 9201.96 9216.91 9250.59 9269.48 9266.6 9131.74 8992.27 8859.27 8715.28 8605.33 8541.68 8504.38 8551.56 8609.41 8675 8882.56 9128.08 9299.03 9455.68 9365.53 9181.43 9161.83 9196.06 9233.84 9229.89 9231.28 9210.49 
9206.95 9208.39 9155.01 9175.16 9172.59 9187.6 9202.34 9206.3 9198.52 9176.96 9137.81 9074.73 8985.25 8871.08 8802.01 8740.19 8647.47 8615.66 8726.59 8808.01 9027.32 9233.37 9418.2 9405.35 9259.63 9149.61 9156.87 9170.32 9181.64 9185.3 9176.6 9178.85 
9234.9 9215.08 9193.88 9170.66 9174.63 9183.75 9195.49 9201.74 9194.21 9155.96 9128.27 9109.51 9104.78 9092.85 9036.11 8973.03 8893.35 8903.87 8911.89 8979.02 9229.51 9395.28 9330.62 9189.14 9158.7 9136.6 9130.85 9140.84 9147.12 9151.71 9156.19 9167.64 
9215.92 9214.95 9180.35 9169.37 9165.29 9184.3 9195.23 9178.01 9194.14 9166.81 9159.24 9170.87 9223.89 9332.85 9297.79 9122.97 9103.54 9036.77 9071.91 9112.44 9286.93 9330.33 9261.34 9142.01 9105.48 9108.43 9123.12 9127.36 9118.13 9126.25 9133.34 9147.66 
9189.14 9203.26 9208.87 9167.51 9143.06 9135.3 9100.11 9111.78 9126.47 9164.22 9175.45 9191.89 9226.4 9301.99 9357.21 9270.39 9288.03 9197.14 9187.67 9272.37 9233.03 9223.07 9212.72 9097.65 9084.96 9095.77 9092.8 9081.4 9095.48 9106.62 9109.09 9122.71 
9153.08 9185 9173.42 9170.25 9166.16 9168.24 9114.68 9079.58 9069.24 9156.22 9161.25 9170.58 9163.06 9080.12 9096.18 9134.92 9181.95 9226.87 9170.76 9123.13 9168.11 9188.06 9185.04 9120.03 9089.93 9080.93 9047.41 9062.78 9096.7 9105.51 9105.06 9109.16 
9124.3 9153.46 9159.39 9143.68 9146.45 9149.05 9126.44 9081.19 9056.57 9104.59 9124.82 9134.2 9139.58 9155.6 9102.1 9013.09 9001.67 9053.81 9096.85 9113.57 9156.19 9158.8 9159.96 9151.16 9098.13 9061.54 9060.17 9099.45 9115.64 9120.75 9120.17 9125.49 
9106.45 9108.77 9140.75 9146.75 9119.15 9088.13 9088.94 9066.93 9045.91 9036.01 9082.61 9102.79 9119.49 9127.24 9106.96 9073.35 9006.18 9011.76 9056.16 9078.06 9099.99 9113.06 9075.13 9075.02 9076.82 9070.85 9120.43 9139.79 9141.76 9142.33 9148.57 9171.23 
9114.45 9096.7 9117.14 9119.05 9115.74 9068.67 9059.7 9035.98 9024.65 9022.39 9043.34 9069.23 9086.49 9092.47 9041.48 8975.41 8997.76 9024.32 9061.35 9113.79 9160.34 9108.25 9052.6 9048.37 9064.94 9097.32 9123.03 9148.09 9156.83 9156.97 9166.06 9181.22 
9146.77 9138.65 9102.02 9126.33 9110.77 9088.41 9057.84 9043.92 9034.82 9023.03 9029.74 9045.72 9045.09 9029.27 9001.8 8973.5 8966.75 9016.15 9059.73 9099.44 9122.17 9099.49 9076.38 9056.53 9075.01 9106.63 9118.65 9144.97 9151.4 9155.93 9168.25 9179.91 
9148.87 9137.32 9103.11 9081.53 9112.74 9084.79 9054.95 9050.79 9045.35 9043.57 9044.21 9038.5 9026.33 9006.47 8990.47 8971.35 8958.36 8997.96 9041.15 9081.81 9088.5 9082.09 9076.97 9071.98 9089.86 9131.81 9081.82 9085.29 9121.32 9142.73 9159.3 9177.43 
9142.48 9120.66 9124.81 9066.57 9076.69 9069.58 9083.2 9046.34 9051.57 9065.69 9062.57 9045.54 9034.45 9018.57 8997.03 9001.54 8967.08 8983.41 9024.7 9062.29 9078.44 9057.31 9014.67 9056.52 9069.6 9053.09 9068.45 9086.63 9107.33 9130.41 9146.52 9161.28 
