real_craters/C070-300m.grd
DSAA
184 184
-27.3875 27.3875
-27.3875 27.3875
4883.2866540449 5752.679074393
[rows 0 to 29 of 184, columns 0 to 66 of 184]
5354.66 5357.65 5360.35 5363.47 5365.85 5367.4 5369.3 5371.4 5373.7 5376.19 5379 5382.38 5385.8 5386.53 5387.38 5388.18 5389.68 5394.77 5399.63 5407.4 5415.78 5417.45 5419.22 5422.58 5426.8 5430.55 5432.28 5427.87 5420.58 5417.73 5414.83 5411.36 5408.09 5411.52 5416.22 5419.02 5417.95 5416.98 5417.58 5419.71 5419.4 5415.08 5412.28 5410.26 5410.26 5410.12 5409.03 5407.77 5407.37 5406.95 5405.95 5406.2 5410.6 5414.74 5418.58 5422.15 5425.46 5428.72 5431.56 5433.02 5433.59 5432.89 5431.39 5429.48 5427.28 5424.24 5419.54
5356.7 5358.25 5359.33 5360.66 5362.72 5364.93 5366.72 5368.79 5370.79 5372.82 5374.95 5377.9 5381.63 5384.24 5386.95 5389.63 5393.38 5399.8 5403.32 5406.6 5411.49 5414.11 5416.41 5422.22 5427.87 5432.91 5436.29 5431.89 5422.99 5419.51 5416.34 5413.39 5408.18 5408.37 5410.09 5410.37 5413.19 5414.56 5415.45 5416.13 5415.99 5415.57 5415.16 5414.47 5413.89 5413.65 5413.04 5412.81 5412.82 5410.78 5409.31 5409.07 5411.37 5414.13 5417.18 5420.24 5423.27 5426.28 5429.5 5432.31 5431.51 5431.34 5431.36 5432.13 5433.62 5435.25 5427.13
5358.26 5358.91 5358.68 5358.68 5360.36 5362.98 5364.83 5366.62 5367.89 5369.36 5370.77 5372.35 5375.98 5381.74 5387.14 5392.53 5398.82 5402.14 5403.17 5403.87 5406.45 5411.48 5416.84 5422.28 5428.49 5434.25 5437.84 5435.05 5427.83 5423.13 5419.24 5415.1 5410.34 5407.63 5406.68 5406.98 5409.94 5411.89 5412.41 5411.99 5413.23 5415.52 5417.63 5418.52 5418.89 5417.87 5416.7 5416.06 5415.67 5413.57 5412.88 5412.62 5412.52 5414.07 5416.27 5418.63 5420.92 5423.02 5424.92 5425.93 5425.97 5427.3 5429.62 5432.64 5436.64 5440.27 5433.48
5359.08 5358.92 5358.47 5358.69 5359.89 5361.63 5363.19 5364.7 5365.54 5366.62 5367.58 5368.78 5373.37 5380.86 5387.69 5393.65 5398.24 5399.69 5399.12 5402.3 5405.45 5410.33 5415.58 5422.17 5428.46 5434.52 5439.56 5437.94 5431.7 5427.35 5422.74 5417.44 5412.38 5408.01 5405.18 5403.79 5407.96 5410.39 5412.46 5413.52 5413.2 5416.39 5421.36 5425.93 5424.3 5421.68 5419.25 5417.2 5415.83 5413.72 5412.24 5412.11 5412.67 5413.71 5415.26 5416.99 5418.55 5419.75 5420.3 5420.43 5420.34 5422.93 5426.74 5431.14 5435.87 5440.3 5438.79
5359.62 5358.81 5358.38 5358.53 5359.71 5361.14 5362.42 5363.37 5364.19 5364.95 5366.1 5368.35 5374.01 5381.92 5389.44 5394.61 5396.31 5396.99 5397.03 5402.51 5408.56 5412.71 5416.54 5422.17 5427.61 5432.76 5437.74 5441.05 5436.77 5431.46 5425.7 5421.87 5414.03 5408.29 5405.04 5403.16 5405.02 5408.55 5414.04 5419.06 5415.62 5418.2 5423.51 5427.81 5426.68 5424.19 5420.76 5416.86 5412.93 5411.71 5412.42 5411.89 5412.02 5412.81 5413.93 5415.24 5416.37 5416.98 5416.69 5416.33 5416.45 5419.1 5423.21 5427.67 5431.77 5435.61 5436.57
5360.53 5358.13 5358.49 5359.73 5360.47 5361.54 5362.66 5363.55 5364.42 5365.41 5366.38 5368.6 5375.69 5385.06 5393.89 5400.13 5401.95 5400.86 5400.25 5404.85 5412.86 5417.51 5419.53 5422.49 5426.08 5429.3 5431.95 5435.81 5438.05 5432.96 5425.72 5418.57 5414.71 5410.66 5406.42 5402.27 5399.95 5405.82 5413.58 5420.22 5420.15 5422.07 5425.46 5426.88 5428.12 5426.83 5422.22 5416.55 5411.21 5409.25 5409.48 5409.98 5410.55 5411.54 5412.57 5413.51 5414.51 5415.18 5414.79 5413.48 5412.76 5415.16 5418.92 5422.39 5426.1 5429.11 5432.38
5357.51 5355.87 5357.73 5360.27 5361.33 5362.58 5363.91 5365.23 5366.3 5367.32 5368.43 5370.89 5379.17 5389.81 5400.48 5409.6 5413.37 5408.47 5408.7 5409.64 5413.91 5417.84 5420.16 5422.11 5424.29 5426.27 5426.68 5426.94 5430.85 5429.48 5425.09 5418.68 5416.82 5413.5 5409.58 5406.17 5403.84 5406.43 5412.93 5418.46 5423.38 5426.93 5428.98 5430.5 5433.72 5430.74 5424.18 5416.75 5409.91 5406.86 5407.45 5407.82 5408.6 5409.84 5410.84 5411.69 5412.81 5413.71 5414.44 5411.29 5409.16 5411.36 5414.44 5417.61 5420.76 5423.86 5428.74
5352.59 5353.32 5355.93 5359.07 5361.87 5364.16 5366.12 5367.89 5369.26 5370.67 5372.41 5375.86 5384.04 5394.72 5406.61 5418.55 5424.38 5418.54 5415.85 5413.87 5414.59 5417.62 5419.74 5421.17 5422.46 5424.34 5426.26 5425.12 5424.55 5424 5425.11 5425.91 5420.66 5416.51 5413.58 5410.69 5409.58 5409.95 5413.94 5419.53 5426.16 5431.58 5432.06 5433.1 5437.62 5433.98 5426.12 5417.21 5408.75 5404.4 5404.76 5405.72 5406.53 5407.94 5408.87 5409.94 5410.9 5411.67 5411.28 5408.54 5406.21 5408.51 5410.82 5413.29 5415.89 5419.31 5424.88
5350.7 5352.6 5355.65 5359.31 5363.18 5366.11 5368.59 5370.84 5372.96 5375 5377.51 5381.7 5388.97 5398.34 5409.51 5422.34 5431.03 5427.66 5418.69 5414.88 5415.36 5418.2 5419.36 5420.32 5420.55 5420.12 5422.39 5424.63 5421.2 5419.09 5421.73 5423.86 5422.13 5421.69 5417.13 5413.54 5410.52 5413.21 5414.63 5416.73 5423.37 5431.78 5432.07 5433.46 5436.32 5434.89 5427.72 5417.92 5407.89 5402.2 5403.72 5404.05 5404.75 5405.05 5406.93 5407.83 5408.8 5409.54 5409.35 5407.93 5406.92 5406.95 5408.16 5409.7 5411.49 5414.16 5417.86
5352.86 5354.79 5359.12 5362.78 5366 5369.17 5372.17 5374.9 5377.81 5380.37 5382.66 5386.7 5392.98 5400.1 5408.08 5417.62 5426.6 5429.86 5422.81 5419.44 5418.09 5418.12 5420.07 5420.68 5420.11 5418.59 5421.08 5423.77 5420.81 5418.61 5417.81 5417.69 5419.91 5420.89 5417.27 5415.64 5416 5416.28 5415.59 5415.07 5418.07 5422.31 5429.11 5435.03 5438.73 5438.1 5430.3 5419.53 5408.5 5401.22 5403.34 5403.09 5402.91 5403.03 5404.83 5405.6 5406.74 5408.14 5408.02 5407.13 5406.37 5406.05 5406.17 5406.84 5408.04 5409.75 5412.64
5356.57 5358.64 5363.42 5366.82 5369.42 5372.39 5375.98 5379.53 5383.13 5386.67 5389.64 5392.54 5397.4 5401.31 5404.33 5406.87 5414.52 5421.13 5424.49 5425.07 5422.92 5423.16 5422.73 5422.5 5422.05 5421.53 5424.62 5424.18 5420.05 5417.86 5419.95 5419.79 5416.96 5412.99 5413.31 5415.67 5418.61 5418.12 5416.54 5416.52 5417.1 5417.57 5426.23 5437.06 5447 5443.65 5433.32 5421.99 5411.04 5403.21 5403.64 5402.57 5401.69 5401.85 5403.1 5403.47 5404.41 5406.51 5407.89 5407.51 5406.5 5405.56 5404.94 5404.94 5405.55 5406.95 5408.61
5360.16 5363.21 5366.71 5369.61 5372.44 5376.04 5379.77 5383.98 5388.67 5393.59 5398.77 5402.02 5403.37 5404.38 5403.51 5400.19 5408.02 5419.51 5423.92 5424.44 5423.97 5427.5 5425.52 5423.92 5424.05 5425.63 5425.84 5422.35 5417.22 5414.38 5417.69 5417.75 5414.69 5411.49 5411.91 5414.12 5416.34 5416.04 5415.6 5416.16 5416.42 5416.04 5423.56 5434.24 5443.76 5442.74 5433.81 5423.87 5414.5 5406.84 5404.41 5402.27 5400.81 5400.45 5401.31 5401.06 5400.99 5401.5 5403.01 5405.04 5405.12 5404.63 5404.11 5403.76 5403.46 5404.56 5407.7
5363.39 5364.9 5367.33 5371.13 5374.96 5379.21 5383.44 5388.35 5393.7 5399.34 5404.76 5408.01 5409.53 5410.25 5409.8 5405.89 5412.2 5418.41 5420.63 5419.17 5421.68 5423.93 5423.52 5422.46 5423.31 5425.9 5422.98 5418.05 5412.42 5408.49 5411.57 5412.66 5411.84 5412.57 5413.05 5411.34 5411.14 5412.14 5413.36 5413.83 5414.21 5415.7 5420.57 5427.85 5434.55 5436.31 5430.84 5424.01 5417.14 5410.7 5404.71 5401.81 5400.1 5399.54 5399.61 5398.76 5397.79 5396.55 5398.31 5400.04 5403.38 5404.18 5403.69 5402.77 5401.45 5400.07 5402.66
5366.48 5366.35 5368.58 5372.84 5377.38 5382.12 5387.07 5392.16 5397.93 5404.18 5410.2 5413.38 5415.35 5417.34 5420.47 5429.04 5423.6 5422.93 5424.44 5426.05 5424.31 5419.3 5418.39 5418.88 5419.02 5418.7 5417.48 5413.73 5407.81 5401.64 5403.65 5406.02 5406.86 5407.9 5408.13 5406.45 5406.16 5408.47 5410.59 5411.64 5412.59 5414.03 5416.79 5420.51 5422.59 5425.38 5425.3 5422.65 5418.36 5412.11 5404.28 5401.25 5399.51 5398.65 5398.4 5397.43 5396.47 5396.33 5399.4 5403.39 5404.74 5404.94 5404.12 5402.76 5400.84 5399.14 5401.42
5368.88 5367.33 5370.38 5375.59 5380.37 5385.33 5390.21 5395.33 5400.95 5407.32 5414.03 5417.19 5419.79 5423.08 5426.62 5427.1 5430.66 5431.27 5433.36 5434.49 5427.5 5415.92 5416.35 5416.47 5414.82 5414.94 5416.17 5411.68 5405.46 5399.42 5398.28 5400.36 5401.35 5401.25 5400.05 5401.13 5401.27 5401.51 5406.36 5410.26 5412.75 5413.12 5413.96 5415.46 5416.41 5417.69 5420.75 5421.25 5419.19 5412.8 5403.72 5400.83 5399.12 5398.36 5397.63 5397.21 5396.8 5397.4 5403 5407.45 5407.81 5406.81 5405.48 5403.94 5402.21 5401.13 5403.06
5371.13 5371.85 5375.01 5379.08 5383.99 5388.89 5393.4 5397.93 5402.58 5407.79 5413.45 5417.82 5422.13 5426.92 5432.2 5436.61 5436.26 5437.27 5439.69 5441.45 5438.51 5429.17 5423.83 5417.03 5411.62 5410.03 5414.24 5411.12 5405.27 5399.34 5397.48 5397.04 5398.03 5397.98 5397.15 5399.31 5400.56 5400.17 5405.73 5410.31 5412.9 5411.96 5410.72 5412.09 5414.93 5417.6 5418.7 5419.91 5420.38 5415.25 5404.47 5401.03 5399.02 5398.03 5397.51 5397.82 5398.72 5400.85 5408.25 5412.67 5410.38 5408.28 5406.75 5405.48 5404.39 5403.96 5402.67
5374.84 5375.1 5377.3 5383.12 5388.18 5392.54 5396.66 5400.5 5403.77 5407.05 5410.74 5417.21 5423.12 5428.62 5434.11 5438.26 5438.89 5439.52 5439.74 5442.95 5444.35 5432.96 5425.34 5418.47 5413.2 5412.97 5415.85 5412.02 5406.76 5400.77 5394.59 5395.51 5397.86 5399.46 5398.93 5403.19 5405.13 5407.22 5409.03 5411.89 5414.25 5411.75 5407.58 5409.2 5410.39 5412.52 5414.46 5416 5418.95 5416.57 5406.16 5400.79 5398.45 5397.63 5397.41 5398.05 5400.39 5404.57 5409.65 5412.45 5409.88 5408.26 5407.29 5406.73 5406.17 5404.93 5403.19
5381.22 5384.7 5385.24 5389.4 5393.26 5396.66 5399.86 5403.05 5406 5408.15 5411.23 5417.95 5423.95 5428.9 5432.71 5435.94 5438.88 5440.37 5441.35 5443.07 5444.19 5434.17 5424.21 5420.87 5418.58 5417.55 5416.46 5413.11 5409.26 5404.68 5396.98 5397.25 5400.26 5404.54 5410.63 5411.8 5410.71 5410.41 5410.71 5413.25 5415.3 5413.45 5410.29 5408.24 5405.73 5404.74 5406.29 5407.21 5409.52 5408.17 5402.35 5398.48 5397.4 5397.09 5396.86 5396.84 5397.96 5400.39 5401.57 5404.29 5405.96 5406.57 5406.95 5407.33 5407.64 5407.42 5404.55
5387.82 5395.94 5397.48 5397.68 5398.84 5401.01 5403.47 5406.23 5409.27 5412.28 5415.69 5420.5 5425.34 5429.51 5432.61 5435.34 5438.08 5440.02 5441.8 5439.75 5432.2 5430.19 5428.99 5426.44 5421.25 5418.7 5415.69 5413.17 5411.78 5409.93 5403.38 5400.88 5402.71 5407.47 5414.62 5416.09 5414.28 5412.89 5412.37 5414.37 5415.08 5414.3 5413.33 5407.42 5401.38 5397.11 5395.59 5395.35 5394.8 5394.9 5392.53 5394.72 5396.58 5396.88 5396.47 5395.23 5393.08 5392.48 5393.21 5397.62 5402.03 5404.35 5405.9 5406.98 5407.87 5407.78 5404.48
5391.12 5399.69 5404.15 5403.72 5403.49 5404.7 5406.66 5409.11 5412.41 5416.75 5420.2 5423.1 5426.87 5430.54 5433.51 5435.17 5436.25 5437.21 5438.71 5435.53 5428.36 5425.45 5431.96 5432.62 5421.34 5412.15 5410.91 5411.73 5412.85 5412.77 5407.38 5402.43 5402.73 5406.05 5410.32 5412.96 5414.62 5417.1 5417.94 5415.21 5414.02 5412.84 5409.9 5404.8 5396.47 5387.73 5385.01 5386.14 5385.09 5388.64 5393.18 5396.46 5397.62 5397.61 5397.12 5395.84 5392.91 5392.06 5392.52 5396.66 5400.35 5402.56 5404.14 5405.54 5406.88 5407.31 5405.28
5392.35 5397.74 5402.62 5404.41 5405.67 5407.2 5408.97 5411.14 5413.85 5417.23 5420.76 5423.82 5427.46 5430.96 5433.98 5434.15 5432.88 5431.24 5428.59 5422.92 5418.47 5417.02 5422.25 5431.77 5424.68 5407.53 5406.48 5409.48 5412.26 5412.83 5404.91 5399.46 5399.84 5402.15 5405.09 5408 5411.06 5414.65 5415.29 5411.89 5410.05 5409.12 5408.78 5403.38 5392.78 5383.55 5381.45 5383.91 5386.18 5390.96 5398.15 5400.91 5399.14 5398.26 5398.36 5399.08 5399.86 5400.07 5400.87 5400.23 5400.52 5401.11 5402.02 5403.13 5404.74 5406.54 5406.31
5395.58 5399.61 5402.17 5404.24 5407.03 5409.04 5410.56 5412.17 5413.82 5415.42 5418.93 5422.61 5426.36 5429.99 5432.36 5431.7 5428.98 5424.83 5418.62 5411.34 5406.49 5405.61 5411.3 5423.06 5423.44 5406.42 5405.28 5407.26 5409.62 5410.4 5401.31 5395.65 5395.82 5397.26 5399.06 5401.13 5404.31 5407.44 5408.68 5403.9 5401.8 5401.02 5400.1 5396.36 5388.89 5383.84 5383.11 5385.13 5389.43 5392.66 5397.74 5399.97 5397.98 5397.4 5398.47 5401.4 5405.87 5406.72 5406.7 5402.73 5400.46 5399.51 5399.43 5399.87 5401.01 5403.44 5403.99
5400.65 5404.51 5405.65 5406.83 5409.38 5410.78 5411.57 5412.48 5413.93 5415.71 5417.83 5420.54 5424.08 5427.64 5430.71 5428.39 5424.99 5419.73 5412.06 5404.4 5403.03 5400.87 5400.41 5410.48 5416.36 5411.32 5405.74 5404.72 5404.14 5402.88 5396.88 5392.41 5391.7 5392.31 5393.35 5394.23 5396.48 5397.16 5395.21 5390.77 5389.87 5388.62 5388.1 5385.08 5383.79 5382.41 5381.79 5384.16 5387.78 5389.69 5391.95 5393.17 5393.3 5393.97 5395.92 5399.48 5403.81 5404.92 5404.75 5401.07 5398.57 5397.21 5396.52 5396.35 5397.01 5400.93 5402.67
5404.69 5408.69 5410.63 5411.99 5413 5412.58 5412.07 5412.01 5413 5414.87 5415.82 5417.54 5420.36 5423.19 5424.97 5423.72 5421.01 5416.68 5409.94 5401.25 5400.79 5400.37 5398.9 5399.31 5402.16 5404.65 5403.58 5401.78 5398.82 5394.22 5391.81 5388.88 5387.63 5387.44 5388.23 5390.19 5388.74 5387.03 5384.36 5381.42 5382.64 5382.38 5382.07 5378.57 5381.15 5382.23 5382.25 5382.38 5383.31 5384.48 5385.08 5385.58 5386.95 5389.09 5391.32 5393.65 5396 5396.46 5396.69 5396.3 5395.31 5394.43 5393.87 5393.62 5394.81 5400.13 5403.18
5406.37 5410.8 5414.28 5419.35 5416.14 5413.55 5411.67 5410.28 5409.77 5410.7 5411.6 5413.37 5415.68 5417.49 5418.39 5418.56 5417.76 5415.96 5413.05 5405.09 5395.66 5395.99 5394.69 5393.58 5395.02 5399.37 5401.02 5399.72 5397.08 5393.29 5388.86 5385.97 5383.06 5382.39 5382.35 5381.41 5380.85 5379.32 5375.79 5377.28 5382.36 5386.9 5383.9 5382.21 5382.65 5383.67 5384.73 5382.07 5380.05 5380.45 5379.73 5378.17 5381.33 5384.59 5386.74 5387.73 5387.71 5387.79 5389.11 5391.83 5392.39 5392.08 5391.89 5392.22 5394.17 5401.63 5404.94
5403.27 5408.02 5412.61 5415.71 5414.97 5412.96 5410.63 5407.8 5404.38 5403.37 5406.14 5408.47 5410.55 5412.64 5413.45 5413.45 5413.82 5414.91 5417.33 5416.84 5395.92 5390.38 5393.69 5395.32 5400.78 5402.51 5400.72 5398.5 5395.54 5390.93 5384.61 5378.84 5377.64 5378.18 5378.41 5377.43 5377.18 5375.98 5374.61 5377.14 5381.77 5386.35 5384.71 5385.41 5383.76 5383.84 5384.67 5382 5380.08 5379.78 5378.54 5377.01 5379.58 5382.79 5384.58 5384.88 5385.17 5386.29 5388.16 5390.29 5391.12 5390.98 5390.57 5391.46 5396.28 5403.29 5406.3
5400.68 5404.85 5409.11 5411.01 5412.08 5411.81 5409.9 5406.75 5402.19 5400.03 5402.53 5404.02 5404.85 5406.85 5407.55 5407.25 5408 5409.85 5413.29 5414.36 5403.61 5401.41 5402.54 5405.66 5407.42 5404.02 5400.08 5397.06 5394.01 5388.86 5381.97 5375.27 5374.8 5376.03 5376.85 5378 5377.4 5375.15 5374.21 5375.76 5378.48 5379.39 5381.29 5380.97 5381.08 5382.66 5383.83 5382.87 5383.05 5382.96 5381.71 5380.7 5382.1 5384.31 5385.73 5385.87 5386.64 5388.87 5390.73 5391.81 5391.82 5390.92 5389.93 5389.59 5393.7 5400.81 5403.84
5400.48 5404.05 5407.73 5409.69 5411.47 5411.93 5410.33 5407.84 5405.4 5403.11 5401.98 5401.11 5399.33 5396.31 5397.99 5400.22 5400.87 5400.88 5400.6 5402 5405.57 5410.59 5409.5 5410.55 5404.4 5400.42 5396.9 5393.93 5391.51 5387.05 5381.67 5377.31 5375.92 5376.09 5376.34 5376.41 5375.83 5374.81 5374.01 5374.62 5377.91 5380.71 5380.45 5378.25 5379.02 5382.76 5385.79 5389.5 5390.06 5388.62 5387.23 5386.83 5387.43 5388.38 5389.92 5391.68 5393.44 5395.18 5396.04 5395.61 5394.53 5392.6 5390.5 5389.06 5392.29 5398.51 5400.39
5402.79 5404.55 5408.31 5412.33 5414.71 5413.53 5411.39 5408.88 5407.34 5404.93 5402.36 5400.09 5397 5393.12 5393.56 5394.75 5394.21 5391.73 5386.78 5385.83 5392.66 5402.02 5403.34 5405.03 5399.38 5394.71 5391.54 5389 5386.84 5384.43 5381.81 5379.64 5378.36 5377.42 5376.74 5375.86 5375.14 5375.41 5376.13 5377.25 5380.65 5383.79 5383.27 5381.11 5381.66 5386.09 5389.97 5395 5396.08 5394.45 5392.96 5392.95 5393.13 5392.81 5394.79 5398.84 5401.7 5403.77 5403 5401.22 5398.57 5395.48 5392.6 5391.43 5395.55 5400.69 5399.26
5398.56 5403.53 5408.76 5413.65 5416.19 5415.13 5412.31 5408.67 5404.2 5403.57 5402.81 5400.91 5398.19 5395.01 5393.38 5391.96 5389.91 5386.62 5381.41 5378.16 5378.88 5385.22 5387.98 5390.43 5389.51 5386.65 5385.03 5383.7 5382.13 5382.15 5381.76 5381.11 5380.31 5379.29 5378.26 5376.79 5375.45 5377.41 5379.85 5383.12 5385.06 5387.88 5388.17 5387.46 5388.37 5392.84 5396.51 5400.31 5400.75 5399.4 5397.78 5396.4 5394.91 5396.01 5397.8 5401.94 5407.37 5410.8 5410.25 5407.64 5404.01 5399.91 5395.41 5392.53 5394.63 5398.45 5398.82
