real_craters/C070-500m.grd
DSAA
111 111
-27.3875 27.3875
-27.3875 27.3875
4884.182790321 5750.5692511806
[rows 60 to 89 of 111, columns 0 to 66 of 111]
5381.41 5377.49 5374.89 5366.5 5361.06 5371.64 5381.29 5379.04 5376.51 5378.12 5376.52 5375.81 5377.65 5380.75 5385.85 5391.73 5397.25 5403.96 5411.56 5423.47 5442.7 5452.18 5456.2 5455.16 5450.5 5443.24 5440.27 5434.94 5430.24 5430.05 5433.94 5433.65 5439.57 5436.06 5427.1 5449.43 5481.5 5508.52 5536 5581.05 5611.17 5572.22 5505.44 5426.78 5351.57 5281.08 5217.21 5167.2 5137.51 5112.21 5079.93 5045.54 5026.53 5023.4 5013.98 5001.26 4987.87 4973.57 4961.27 4956.07 4958.06 4953.13 4959.05 4980.87 5028.75 5097.07 5194.33
5382.48 5376.15 5374.79 5368.69 5364.51 5373.16 5381.11 5379.65 5380.14 5382.87 5375.85 5371.92 5376.02 5381.6 5387.13 5392.74 5399 5406.44 5414.55 5426.05 5437.63 5448.37 5454.46 5454.25 5448.39 5445.71 5445.1 5449.91 5440.06 5432.66 5427.32 5430.08 5435.97 5428.81 5425.18 5440.42 5470.16 5490.52 5520.27 5563.07 5585.13 5554.79 5497.47 5432.96 5364.96 5300.72 5239.48 5186.97 5148.87 5128.86 5096.8 5064.89 5053.37 5046.37 5035.26 5021.87 5007.34 4993.15 4981.82 4975.84 4973.03 4969.84 4986.75 5018.59 5080.26 5161.7 5252.71
5369.9 5365.05 5358.48 5355.95 5355.64 5363.47 5370.96 5373.14 5372.68 5365.41 5370.97 5377.88 5380.12 5383.88 5389.31 5395.75 5402.52 5410.19 5417.69 5426.28 5439.64 5448.46 5451.67 5449.81 5443.85 5435 5442.54 5454.55 5438.94 5420.56 5415.15 5418.81 5421.99 5422.99 5419.81 5427.8 5449.2 5473.37 5507.59 5546.78 5561.27 5541.41 5500.24 5442.23 5377.29 5313.82 5263.09 5211.3 5164.13 5148.06 5117.33 5085.86 5075.9 5070.51 5058.61 5044.62 5029.48 5014.52 5001.74 4995.88 4997.64 5011.42 5036.53 5079.1 5145.44 5222.26 5308.33
5360.76 5354.45 5346.25 5346.8 5348.46 5359.47 5363.89 5363.4 5359.55 5355.29 5364.14 5379.19 5380.89 5384.42 5390.18 5397.57 5405.69 5413.8 5422.29 5430.13 5445.12 5455.71 5449.98 5448.07 5444.84 5440.12 5441.47 5439.73 5425.7 5415.23 5410.38 5410.41 5405.86 5410.52 5410.4 5418.35 5436.86 5462.58 5499.35 5535.65 5544.26 5535.27 5507.56 5463.8 5404.59 5343.69 5295.15 5244.15 5189.43 5168.06 5138.37 5107.55 5100.48 5092.44 5085.93 5072.39 5056.81 5041.45 5030.51 5030.73 5047.19 5076.54 5109.39 5150.98 5227.47 5307.16 5387.45
5353.58 5344.94 5343.17 5344.21 5352 5357 5358.06 5355.89 5355.22 5352.23 5354.65 5359.89 5373.52 5383.09 5391.35 5399.84 5408.63 5417.53 5426.98 5437 5447.59 5447.11 5452.16 5452.5 5450.2 5449.01 5444.64 5434.4 5427.09 5416.61 5413.03 5408.9 5406.1 5404.91 5404.61 5413.42 5426.55 5449.79 5492.81 5524.88 5532.94 5532.67 5522.48 5501.12 5458.8 5400.09 5335.9 5274.82 5226.23 5191.27 5156.99 5127.76 5124.82 5125.66 5122.79 5110.96 5094.06 5077.51 5071.84 5079.15 5114.68 5166.4 5217.08 5265.24 5324.8 5392.82 5460.91
5335.66 5334.69 5330.69 5339.35 5345.98 5352.46 5354.05 5351.7 5344.52 5349.15 5352.85 5357.4 5370.33 5381.63 5391.95 5401.37 5411.13 5420.28 5430.13 5441.52 5450.73 5457.4 5467.89 5459.72 5452.7 5448.65 5442.25 5431.79 5422.59 5414.92 5410.86 5404.82 5399.03 5395.66 5395.66 5401.9 5410.84 5434.03 5473.23 5509.24 5518.97 5531.45 5540.23 5546 5544.73 5477.64 5380.99 5299.94 5269.21 5232.61 5192.35 5156.88 5160.93 5166.91 5166.62 5160.8 5144.43 5124 5117.54 5149.08 5204.7 5269.98 5329.6 5362.32 5415.58 5487.15 5562.37
5338.34 5336.54 5337.35 5339.53 5341.6 5344.15 5355.2 5361.53 5368 5366.46 5364.09 5364.77 5374.41 5384.59 5393.93 5402.95 5411.92 5421.21 5430.55 5438.72 5443.67 5448.99 5453.58 5455.05 5449.62 5441.81 5433.35 5426.31 5413.07 5407.47 5401.69 5394.09 5386.45 5384.69 5384.99 5385.94 5393.56 5416.33 5446.75 5472.37 5498.27 5526.2 5549.14 5571.25 5586.45 5528.34 5430.84 5345.39 5305.41 5278.31 5254.47 5211.38 5218.34 5224.44 5228.13 5226.58 5217.15 5199.77 5197.19 5255 5311.12 5361.6 5396.26 5428.7 5478.66 5530.68 5568.5
5343.54 5337.4 5339.06 5344.23 5349.05 5355 5361.81 5370.13 5380.04 5379.07 5378.55 5379.53 5382.33 5388.68 5395.9 5403.34 5411.88 5419.9 5427.43 5433.76 5437.29 5440.53 5447.36 5449.07 5444.5 5436.67 5428.07 5423.91 5417.75 5410.24 5398.39 5390.2 5375.76 5374.98 5373.8 5369.96 5377.5 5395.64 5423.2 5447.6 5480.7 5515.64 5546.79 5571.44 5576.14 5552.19 5496.61 5419.56 5343.05 5310.66 5299.72 5276.64 5282.83 5294.38 5309.2 5317.45 5318.31 5307.57 5319.05 5371.7 5424.4 5465.8 5485.47 5502.32 5520.94 5537.73 5544.73
5347.86 5347.85 5348.02 5352.01 5359 5364.45 5366.72 5374.75 5383.62 5381.53 5382.2 5385.1 5386.78 5391.07 5397.42 5404.92 5411.94 5418.42 5424.67 5430.34 5435.7 5440.02 5449.15 5446.73 5441.95 5435.63 5428.84 5426.92 5424.49 5418.37 5406.76 5397.42 5381.28 5378.44 5371.68 5366.61 5369.26 5384.73 5409.09 5428.72 5464.52 5502.93 5538.43 5567.06 5578.7 5573.67 5560.5 5502.36 5406.28 5356.15 5327.48 5315.61 5348.72 5374.35 5397.2 5421 5443.32 5451.09 5471.27 5509.81 5536.73 5562.73 5600.49 5566.03 5539.08 5532.76 5521.74
5355.35 5357.29 5357.04 5357.92 5360.42 5358.87 5366.67 5377.03 5381.39 5379.66 5375.54 5384.42 5389.33 5393.59 5398.59 5404.36 5409.31 5415.36 5420.48 5425.3 5429.75 5436.49 5443.97 5444.2 5441.08 5437.32 5433.1 5428.85 5422.98 5416.35 5411.55 5411.71 5398.83 5393.83 5380.23 5370.15 5366.71 5378.6 5396.07 5414.14 5451.11 5488.81 5526.24 5562.52 5584.25 5573.29 5558.72 5532.15 5504.35 5440.31 5401.98 5404.56 5432.56 5450.82 5473.14 5509.01 5563.32 5646.94 5676.36 5669.07 5621.59 5607.31 5599.47 5566.95 5541.06 5519.21 5502.47
5356.98 5360.41 5361.26 5361.57 5360.71 5365.12 5368.93 5375 5384.69 5386.61 5390.23 5390.71 5392.58 5395.04 5397.4 5401.44 5404.64 5408.61 5413.75 5419.08 5426.15 5436.87 5442.53 5442.14 5440.03 5437.94 5437.58 5430.73 5418.81 5412.58 5419.1 5430.06 5423.41 5408.4 5391.32 5385.86 5382.21 5384.55 5392.35 5410.3 5440.98 5472.69 5504.81 5535.12 5552.5 5547.04 5530.36 5517.43 5501.46 5493.62 5507.55 5547.66 5514.34 5510.19 5526.26 5561.11 5618.33 5698.88 5708.97 5674.12 5635.71 5603.66 5572.86 5542.32 5522.41 5501.82 5487.04
5358.32 5360.11 5363.15 5366 5369.18 5368.91 5371.89 5375.44 5388.38 5392.31 5396.43 5394.79 5394.55 5395.14 5397.37 5398.63 5400.76 5404.05 5407.39 5412.36 5420.82 5434.77 5441.68 5439.57 5436.86 5433.59 5428.16 5420.31 5410.69 5403.43 5424.39 5444.2 5433.2 5420.77 5403.86 5400.06 5392.74 5391.65 5396.03 5413.06 5432.32 5454.56 5476.75 5496.6 5510.02 5512.29 5504.8 5497.48 5487.6 5492.89 5537.51 5552.98 5544.82 5541.32 5551.23 5573.36 5605.84 5631.44 5638.72 5624.51 5604.37 5575.99 5544.36 5518.77 5503.56 5489 5477.5
5360.31 5362.96 5365.56 5371.76 5372.75 5370.38 5377.36 5393.67 5395.28 5391.05 5387.43 5392.05 5394 5393.9 5393.55 5393.3 5394.67 5396 5398.17 5402.75 5408.14 5423.79 5430.64 5433.8 5432.21 5428.46 5420.52 5409.72 5404.84 5401.77 5420.27 5432.42 5429.32 5420.12 5406.07 5397.94 5389.55 5391.86 5399.63 5412.35 5422.89 5436.39 5450.35 5463.24 5475.26 5484.04 5487.03 5489.47 5482.93 5479.83 5507.57 5523.32 5540.55 5546.77 5546.31 5556.83 5569.06 5579.17 5582.97 5576.72 5561.91 5540.84 5516.92 5497.02 5489.56 5484.79 5483.61
5366.45 5367.78 5370.37 5381.83 5388.49 5379.27 5379.3 5391.29 5392.63 5390.93 5390.16 5395.22 5392.73 5389.77 5387.72 5386.4 5385.56 5385.49 5386.13 5389.57 5395.07 5409.53 5426.72 5429.42 5426.41 5422.56 5417.54 5404.86 5403.66 5410.59 5420.82 5424.75 5417.22 5411.04 5401.9 5394.6 5387.42 5388.91 5390.71 5401.01 5409.35 5417.84 5425.68 5434.5 5447.13 5461.98 5475.12 5484.33 5478.25 5470.05 5489.07 5514.44 5524.45 5525.29 5527.26 5528.06 5527.52 5525.8 5531.97 5529.85 5519.95 5505.61 5490.45 5479.06 5483.3 5487.14 5492.54
5364.21 5366.52 5374.38 5390.71 5401.92 5384.23 5375.12 5382.26 5383.46 5388.33 5398.63 5398.84 5391.62 5386.22 5383.01 5380.27 5377.7 5374.57 5374.02 5374.99 5380.67 5394.79 5415.31 5419.89 5417.58 5412.39 5405.23 5397.46 5399.93 5409.21 5417.85 5418.32 5407.29 5405.29 5402.14 5399.49 5394.52 5389.3 5386.84 5389.24 5397.19 5403.05 5405.51 5407.7 5421.61 5440.33 5458.89 5472.75 5466.04 5454.25 5472.33 5501.53 5502.84 5501.43 5498.49 5493.45 5487.66 5484.84 5488.76 5487.65 5483.36 5478.18 5476.52 5482.67 5485.65 5492.07 5499.76
5359.73 5360.35 5372.04 5391.45 5401.78 5384.6 5369.6 5362.54 5370.14 5376.7 5382.32 5386.19 5383.9 5380.29 5377.36 5375.03 5371.59 5368.85 5364.19 5361.8 5363.74 5376.13 5401.37 5410.28 5404.44 5398.61 5389.83 5381.98 5392.7 5404.98 5410.27 5412.55 5412.27 5410.09 5408.59 5401.92 5394.07 5388.54 5385.1 5389.19 5393.26 5396.43 5395.64 5391.98 5404.39 5416.1 5431.82 5448.4 5446.43 5438.25 5444.19 5460.35 5471.45 5474.26 5470.32 5461.94 5451.5 5445.47 5447.04 5453.68 5456.2 5453.23 5464.73 5476.49 5486.6 5494.38 5505.08
5358.64 5364.16 5370.64 5383.3 5391.56 5379.57 5364.17 5358.06 5364.05 5375.56 5377.81 5375.13 5374.09 5371.81 5369.26 5366.2 5362.85 5357.85 5354.43 5350.78 5347.26 5354.71 5377.88 5386.72 5383.21 5381.38 5374.73 5371.49 5387.36 5405.15 5418.32 5420.79 5417.31 5413.48 5407.16 5402.58 5396.99 5392.5 5393.27 5395.44 5398.16 5399.26 5399.25 5400.3 5400.75 5404.91 5413.89 5422.42 5430.22 5429.85 5432.61 5440.98 5450.65 5455.81 5451.49 5439.92 5424.22 5415.91 5420.56 5432.79 5443.04 5452.42 5465.15 5479.77 5490.93 5495.88 5505.01
5350.77 5355.69 5357.4 5365.94 5372.77 5373.71 5370.83 5354.06 5359.69 5370.4 5369.97 5363.09 5364.46 5364.45 5362.74 5360.15 5356.34 5352.3 5347.36 5341.89 5337.07 5335.44 5346.83 5351.51 5358.54 5358.53 5355.24 5366.38 5385.02 5401.09 5412.19 5413.46 5415.02 5415.12 5413.04 5409.05 5406.09 5403.84 5406.65 5408.3 5409.42 5407.89 5406.83 5406.75 5404.81 5402.86 5409.53 5422.74 5427.96 5436.04 5444.51 5446.63 5449.22 5450.89 5444.22 5431.33 5415.28 5407.47 5412.65 5425.64 5441.09 5454.46 5473.72 5491.33 5502.01 5505.74 5507.52
5343.94 5346.13 5345.63 5357.53 5364.4 5365.4 5361.68 5352.01 5355.52 5359.08 5361.83 5359.87 5360.55 5359.31 5357.13 5354.39 5351.46 5347.76 5343.67 5339.22 5336.16 5341 5345.44 5342.39 5346.8 5347.57 5350.84 5365.63 5382.22 5394.85 5405.14 5414.41 5412.35 5417.33 5419.55 5413.27 5410.69 5413.32 5418.23 5420.43 5421.14 5418.24 5413.47 5412.02 5413.96 5414.51 5412.8 5415.87 5432.07 5447.27 5463.9 5466.57 5464.53 5457.35 5448.11 5434.4 5418.31 5407.6 5411.05 5425.29 5443.11 5465.65 5481.21 5501.96 5512.46 5512.14 5503.81
5350.51 5356.1 5356.92 5360.11 5362.25 5358.36 5350.64 5348.96 5354.02 5362.34 5361.07 5363.58 5359.62 5355.46 5352.64 5350.07 5347.27 5344.49 5341.31 5338.93 5339.19 5347.82 5348.42 5342.96 5346.12 5352.32 5351.29 5360.96 5375.8 5389.66 5401.29 5408.78 5411.28 5414.84 5413.01 5411.07 5413.74 5419.46 5426.69 5430.52 5432.79 5432.18 5428.36 5427.03 5429.48 5429.32 5428.56 5432.4 5445.24 5458.4 5481.81 5485.18 5477.88 5471.96 5462.12 5449.22 5432.63 5414.73 5417.28 5431.55 5444.5 5459.05 5481.69 5500.98 5508.09 5498.85 5489.83
5364.77 5366 5366.45 5370.25 5366.85 5357.2 5347.13 5347.18 5352.16 5355.62 5356.42 5355.17 5352.34 5349.32 5346.41 5344.2 5342.56 5341.73 5341.29 5340.34 5338.51 5348.89 5347.36 5335.66 5343.08 5350.07 5342.93 5353.29 5367.58 5384.73 5396.97 5402.27 5411.59 5416.41 5415.45 5414.85 5416.81 5423.9 5433.01 5440.07 5446.55 5448.29 5451.65 5451.08 5450.76 5452.1 5451.69 5455.7 5465.18 5479.06 5501.01 5503.78 5499.26 5490.42 5480.14 5470.21 5460.37 5446.99 5441.63 5445.86 5455.1 5467.29 5481.34 5494.14 5498.9 5495.34 5486.7
5364.79 5366.49 5368.56 5374.69 5374.84 5365.04 5351.91 5352.61 5353.39 5352.45 5350.8 5347.86 5344.8 5343.01 5341.45 5340.24 5339.87 5340.31 5342.12 5344.47 5347.76 5353.88 5354.86 5344.2 5342.65 5338.22 5339.41 5351.44 5367.93 5381 5393.1 5399.66 5416.4 5425.58 5426.26 5424.35 5423.71 5431.77 5440.15 5447.61 5454.31 5460.72 5466.81 5469.36 5470.68 5471.76 5477.17 5479.48 5483.54 5490.39 5504.4 5512.31 5516.4 5504.73 5494.8 5488.23 5485.39 5483.64 5468.71 5460.3 5461.15 5469.19 5480.35 5492.24 5499.57 5496.06 5484.94
5361.34 5370.06 5376.07 5388.99 5387.69 5383.53 5376.72 5368.57 5360.04 5352.82 5347.72 5343.39 5340.58 5337.8 5336.13 5335.97 5336.79 5338.74 5342.15 5348.97 5357.26 5358.65 5360.06 5348.86 5344.84 5335.13 5340.21 5348.91 5360.31 5369.83 5383.85 5393.28 5413.88 5425.84 5433.92 5433.98 5429.91 5440.63 5445.73 5452.39 5462.23 5469.26 5473.42 5480.18 5488.71 5494.89 5497.46 5496.67 5496.23 5495.47 5498.02 5503.24 5511.74 5506.75 5501.68 5498.43 5495.49 5490.7 5481.94 5470.22 5459.12 5465.75 5478.81 5489.53 5498.06 5489.21 5472.32
5373.84 5378.49 5388.91 5396.73 5395.24 5395.26 5387.28 5377.47 5366.46 5355.26 5346.23 5339.74 5334.61 5332.56 5331.93 5332.14 5333.52 5335.53 5338.64 5343.86 5351.27 5354.02 5352.87 5351.79 5342.6 5337.44 5343.2 5344.53 5346.32 5354.38 5363.65 5376.2 5396.88 5412.23 5425.61 5429.78 5434.12 5440.49 5442.7 5451.37 5462.95 5471.96 5481.73 5484.25 5492.18 5499.32 5502.91 5502.67 5502.19 5500.96 5488.17 5486.77 5492.63 5498.57 5501.65 5503.1 5503.48 5499.23 5490.22 5481.88 5474.24 5474.65 5479.51 5482.66 5479.7 5472.81 5462.27
5368.21 5379.57 5387.41 5392.33 5393.78 5392.51 5391.34 5388.21 5367.72 5352.22 5344.29 5336.67 5333.05 5328.78 5328.29 5329.09 5329.77 5330.77 5331.56 5332.28 5336.47 5346.61 5352.52 5347.05 5342.97 5339.04 5342.62 5341.65 5340.66 5344.12 5350.8 5362.27 5378.3 5390.48 5412.75 5426.97 5432.48 5426.23 5432.97 5447.31 5460.12 5470.47 5475.93 5480.71 5481.83 5490.31 5500.12 5500.78 5499.43 5492.31 5482.32 5479.38 5486.42 5494.74 5498.93 5500.4 5500.06 5498.04 5494.43 5492.79 5490.74 5486.02 5481.8 5478.74 5475.2 5467.75 5459.11
5368.92 5379.83 5385.89 5390.34 5391.43 5391.65 5382.11 5384.05 5370.27 5354.62 5343.83 5334.25 5325.73 5324.63 5326.29 5327.54 5328.04 5328.31 5327.69 5325.8 5329.4 5339.65 5346.7 5344.92 5340.01 5338.9 5341.26 5340.82 5341.77 5345.69 5360.28 5364.21 5370.74 5386.31 5411.65 5426.25 5425.07 5421.56 5430.6 5445.35 5459.99 5472.48 5478.66 5479.45 5477.39 5483.59 5490.24 5494.27 5494.99 5488.16 5477.89 5476.09 5487.22 5495.19 5495.89 5492.24 5488.09 5488.47 5492.68 5498.54 5501.05 5491.48 5482.46 5475.58 5471.01 5464.78 5457.22
5371.35 5383.94 5395.43 5392.25 5387.63 5392.28 5383.21 5375.45 5368.8 5355.59 5344.49 5334.85 5326.36 5324.87 5326.44 5327.06 5327.19 5326.99 5326.78 5327.57 5329.95 5335.42 5341.55 5343.99 5337.95 5342.88 5343.27 5341.46 5339.67 5347.37 5365.07 5369.99 5368.8 5373.56 5392.73 5411.14 5415.9 5424.83 5435.22 5445.3 5457.04 5469 5476.34 5480.97 5484.63 5483.46 5484.22 5486.06 5485.64 5477.71 5471.42 5471.8 5483.6 5493.36 5493.92 5490.48 5479.37 5478.26 5486.78 5496.55 5501.31 5489.94 5479 5469.7 5460.21 5460.51 5457.78
5371.58 5384.45 5394.36 5386.87 5377.06 5375.38 5373.24 5364.01 5357.02 5352.42 5344.91 5338.07 5332.83 5330.46 5329.83 5328.75 5328.02 5327.76 5327.65 5328.85 5329.95 5331.71 5332.2 5331.18 5335.91 5342.19 5343.67 5343.04 5344.2 5355.95 5370.69 5377.46 5372.29 5368.98 5383.53 5402.69 5417.36 5427.37 5437.17 5442.31 5450.33 5459.85 5468.43 5476.26 5483.85 5478.41 5475.33 5475.36 5474.62 5466.23 5463.31 5466.45 5477.13 5486.83 5490.73 5487.74 5477.05 5473.35 5478.32 5484.14 5485.9 5480.11 5471.63 5463.58 5455.79 5457.26 5452.92
5371.04 5380.63 5384.64 5375.5 5364.45 5359.51 5363.12 5357.72 5353.61 5350.11 5345.42 5341.79 5340.84 5339.14 5334.29 5331.1 5329.49 5328.68 5328.59 5328.74 5329.41 5329.86 5330.16 5331.27 5335.24 5340.45 5342.12 5344.44 5348.47 5358.59 5369.22 5377.36 5369.98 5371.32 5387.15 5400.41 5410.25 5420.14 5427.53 5432.84 5439.22 5445.31 5453.87 5461.38 5466.8 5464.75 5462.22 5460.23 5456.87 5450.12 5452.3 5457.02 5467.98 5478.85 5485.7 5487.9 5467.73 5465.05 5469.24 5472.07 5471.51 5467.74 5460.63 5454.25 5449.13 5441.43 5437.65
5369.91 5375.39 5373.02 5361.33 5350.06 5350.73 5355.3 5354.4 5352.12 5348.16 5344.41 5342.35 5343.85 5343.52 5336.26 5332.57 5331.11 5330.43 5329.85 5329.71 5329.86 5329.87 5330.49 5332.15 5331.69 5332.2 5338.82 5343.52 5347.51 5346.82 5352.05 5359.56 5359.41 5372.75 5394 5403.04 5413.47 5409.62 5411.05 5418.67 5426.8 5434.29 5438.55 5440.14 5444.97 5449.13 5447.99 5442.28 5430.75 5432.24 5441.16 5452.59 5461.04 5465.81 5475.03 5475.18 5459 5457.01 5461.15 5464.92 5463.21 5456.37 5447.63 5438.31 5428.33 5418.42 5417.56
