real_craters/C070-300m.grd
DSAA
184 184
-27.3875 27.3875
-27.3875 27.3875
4883.2866540449 5752.679074393
[rows 60 to 89 of 184, columns 0 to 66 of 184]
5395.21 5388.66 5383.84 5378.3 5373.39 5369.27 5365.27 5361.85 5358.37 5355.61 5355.9 5355.7 5353.7 5350.4 5347.22 5346.94 5349.6 5352.97 5356.74 5360.87 5360.38 5356.63 5352.38 5348.63 5346.22 5346.08 5347.85 5351.4 5357.23 5372.34 5387.32 5400.59 5412.24 5422.26 5430.61 5436.63 5440.46 5443.51 5445.18 5445.76 5446.32 5451.07 5455.45 5455.07 5451.5 5451.33 5451.55 5450.93 5448.92 5443.79 5438.54 5433.37 5428.82 5422.39 5417.3 5413.05 5409.68 5410.19 5411.93 5413.35 5415.07 5415.97 5419.46 5422.51 5425.56 5428.4 5430
5394.51 5388.7 5381.49 5374.26 5368.9 5365.64 5364.3 5364.39 5365.42 5366.4 5363.09 5359.42 5355.29 5350.48 5345.85 5345.52 5348.64 5351.89 5354.98 5358.43 5359.08 5356.62 5352.65 5348.57 5346.12 5348.32 5350.27 5355.87 5364.21 5376.9 5390.79 5403.19 5413.72 5422.64 5429.99 5435.73 5439.51 5444.12 5447.48 5450.25 5453.99 5457.41 5457.91 5454.04 5446.14 5445.23 5443.45 5440.28 5436.14 5434.23 5434.71 5435.73 5429.55 5423.49 5416.67 5411.11 5407.53 5407.73 5410.56 5413.5 5415.78 5417.47 5420.85 5424.28 5427.5 5430.09 5431.33
5393.38 5389.22 5378.7 5369.52 5361.53 5361.72 5363.16 5365.59 5369.85 5373.58 5368.64 5363.33 5358.56 5353.21 5347.62 5347.51 5350.01 5351.79 5352.84 5354.9 5358.43 5356.6 5353.28 5350.36 5350.26 5354.68 5361.98 5364.82 5374.74 5386.54 5397.71 5407.53 5416.13 5423.74 5430.48 5436.51 5442.26 5446.17 5449.52 5453.26 5457.91 5460.93 5460.66 5456.23 5447.94 5442.66 5437.51 5431.84 5425.71 5425.46 5428.57 5429.64 5427.01 5422.29 5415.8 5409.91 5405.53 5406.49 5412.03 5416.77 5415.94 5417.78 5421.6 5426.2 5429.75 5432.16 5432.45
5386.39 5381.01 5373.09 5365.5 5359.41 5359.71 5361.37 5364.11 5368.42 5372.22 5369.48 5365.74 5362.48 5359.18 5355.27 5353.93 5353.98 5353.61 5352.6 5354.21 5358.19 5356.58 5354.29 5352.53 5353.84 5360.2 5368.51 5375.31 5385.67 5398.24 5405.91 5412.63 5419.08 5425.26 5431.3 5437.08 5442.83 5446.71 5449.79 5453.24 5456.44 5458.45 5459.8 5455.34 5447.64 5440.7 5433.3 5426.35 5420.7 5419.4 5421.35 5422.18 5423.7 5419.68 5414.38 5409.78 5406.06 5407.96 5415.66 5421.34 5420.26 5422.53 5427.02 5429.94 5432.27 5433.94 5433.17
5376.29 5370.43 5365.95 5362.48 5360.28 5359.13 5359.6 5360.76 5361.99 5365.32 5367.05 5366.3 5365.57 5365.72 5365.92 5362 5359.08 5357.28 5355.65 5355.42 5357.15 5356.32 5355.54 5356.23 5359.14 5364.94 5371.6 5384.65 5395.62 5407.28 5412.69 5417.02 5421.85 5426.53 5431.41 5436.23 5440.97 5444.77 5447.84 5451.15 5454.05 5456.92 5456.28 5451.81 5444.84 5437.75 5429.33 5422.05 5416.31 5414.3 5415.88 5416.47 5417.79 5415.09 5412.59 5410.82 5410.33 5413.62 5421.61 5429.74 5430.46 5431.62 5433.18 5434.51 5434.6 5433.92 5432.58
5366.78 5360.71 5359.45 5359.82 5359.21 5358.71 5358.03 5358.17 5358.85 5362.24 5364.43 5364.99 5366.06 5368.57 5370.36 5365.98 5362.33 5360.8 5360.67 5358.42 5356.35 5355.8 5356.15 5359.43 5363.72 5370.12 5380.04 5394.78 5401.77 5409.04 5416.4 5420.26 5423.62 5427.2 5430.81 5434.43 5437.64 5440.89 5444.66 5448.05 5450.51 5450.18 5452.67 5448.15 5440.51 5432.95 5425.01 5418.05 5412.44 5409.85 5410.97 5410.22 5407.62 5409.28 5410.48 5412.07 5415.29 5420.58 5426.19 5433.01 5438.35 5440.75 5441.12 5439.55 5437.75 5434.91 5432.49
5359.91 5355.62 5355.74 5359.09 5360.24 5358.23 5356.64 5355.78 5356.99 5360.19 5361.08 5361.57 5362.91 5365.84 5367.81 5364.67 5362.29 5361.63 5362.49 5360.82 5357.3 5355.23 5354.9 5356.99 5363.84 5373.51 5385.26 5399.65 5408.36 5411.77 5418.3 5422.09 5424.82 5427.05 5429.76 5432.22 5434.51 5437.5 5441.19 5445.05 5448.5 5451.84 5452.17 5445.23 5435.46 5427.16 5420.56 5414.43 5408.79 5405.23 5405.23 5404.94 5403.53 5405.7 5408.67 5412.53 5418 5424.84 5427.82 5434.32 5445.21 5449.01 5447.04 5443.27 5440.41 5437.37 5432.52
5355.57 5353.13 5353.73 5356.82 5358.09 5357.15 5355.36 5352.96 5349.75 5353.6 5355.98 5356.21 5356.56 5357.57 5359.04 5359.16 5359.09 5359.15 5359.49 5358.67 5355.93 5354.2 5353.47 5354.05 5363.25 5375.31 5388.23 5401.56 5411.03 5415.31 5420.13 5422.53 5424.46 5426.3 5428.25 5430.03 5431.5 5433.01 5437.57 5441.84 5446.12 5450.16 5449.03 5441.84 5431.92 5423.19 5417.28 5411.46 5406.01 5402 5400.91 5402.59 5403.04 5404.22 5407.05 5411.33 5417.09 5424.42 5430.87 5441.82 5453.12 5455.37 5450.77 5443.51 5438.48 5434.56 5430.55
5353.08 5352.48 5353.46 5355.51 5356.46 5356.09 5354.92 5353.11 5350.74 5350.25 5350.68 5350.84 5349.78 5347.53 5348.66 5352.61 5354.9 5355.6 5354.07 5351.9 5352.83 5353.86 5354.55 5355.99 5365.48 5376.83 5388.51 5398.73 5405.84 5413.01 5420.22 5421.66 5423.4 5425.05 5426.81 5428.22 5429.5 5431.43 5434.61 5438.16 5441.51 5444.11 5444.71 5437.9 5430 5421.72 5415.37 5409.56 5404.34 5400.53 5400.51 5402.16 5403.63 5402.56 5404.92 5408.67 5413.5 5419.56 5428 5441.82 5450.48 5452.11 5447.61 5440.01 5432.65 5429.66 5429.6
5351.62 5351.98 5353.17 5354.9 5355.61 5355.33 5354.96 5355.16 5355.37 5350.55 5348.06 5348.02 5346.25 5342.63 5344.02 5348.8 5351.85 5353.48 5353.38 5349.31 5352.17 5355.35 5358.6 5363.58 5369.89 5378.7 5387.69 5394.97 5402.18 5407.72 5414.42 5418.78 5421.76 5423.88 5425.79 5427.04 5428.15 5429.33 5431.66 5434.18 5435.95 5436.04 5437.7 5432.29 5426.24 5420.45 5414.55 5408.63 5403.26 5398.99 5398.37 5398.13 5398.73 5399.79 5402.26 5405.44 5409.41 5414.39 5424.2 5439.53 5447.47 5448.04 5444.16 5436.65 5428.41 5427.84 5432.31
5350.64 5351.48 5352.45 5355.11 5354.94 5354.2 5354.05 5354.77 5355.01 5351.8 5349.5 5348.58 5347.49 5346.15 5346.66 5348.96 5350.82 5351.45 5352.24 5352.75 5355.08 5358.5 5362.82 5367.86 5373.57 5380.62 5388.31 5395.32 5403.43 5408.17 5412.19 5416.82 5420.77 5423.38 5424.88 5426.2 5426.94 5427.6 5429.05 5430.44 5430.97 5430.4 5428.5 5425 5421.02 5417.28 5412.94 5407.87 5402.93 5399.24 5399.02 5394.8 5395.78 5398.16 5399.39 5402.23 5406.07 5411.34 5421.94 5436.75 5445.64 5447.73 5444.13 5436.73 5429.82 5431.44 5438.31
5349.48 5350.73 5353.93 5355.23 5353.2 5352.01 5351.49 5351.79 5352.23 5351.2 5350.96 5350.28 5350.6 5351.92 5351.39 5351.34 5352.07 5352.51 5353.71 5357.63 5358.52 5361.34 5366.28 5371.35 5375.63 5381.69 5389.24 5398.38 5405.33 5409.86 5413.15 5416.88 5419.95 5422.26 5423.94 5425.02 5425.86 5426.54 5427.04 5427.28 5426.97 5425.22 5420.61 5418.23 5415.31 5412.9 5411.13 5406.95 5402.64 5398.69 5396.44 5392.37 5391.41 5393.26 5395.6 5399.1 5403.52 5409.49 5419.01 5431.91 5445.32 5451.78 5447.96 5440.73 5434.98 5438.61 5447.06
5347.91 5348.06 5348.4 5349.48 5349.66 5348.95 5347.81 5346.39 5346.5 5348.21 5349.79 5350.63 5352.28 5353.96 5353.95 5353.56 5354.2 5356.36 5358.77 5359.19 5359.39 5361.83 5367.1 5372.07 5375.65 5380.93 5387.83 5396.22 5404.01 5409.37 5412.77 5416.68 5419.85 5421.68 5423.35 5424.57 5425.16 5424.72 5424.48 5425.1 5424.09 5421.85 5416.9 5413.46 5411.34 5410.72 5409.34 5405.39 5401.94 5399.05 5395.57 5391.99 5388.61 5388.05 5392.13 5396.62 5401.75 5406.99 5413.31 5423.36 5445.61 5457.35 5453.98 5447.92 5444.08 5448.39 5457.37
5346.07 5345.02 5344.36 5345.5 5346.31 5346.45 5345.29 5342.64 5342.58 5345.24 5346.86 5349.43 5352.88 5355.43 5355.15 5354.77 5354.9 5355.56 5356.3 5357.11 5358.27 5359.91 5362.67 5367.95 5373.92 5379.55 5384.51 5388.58 5395.73 5405.31 5410.23 5416.24 5419.56 5421.99 5423.99 5425.27 5425.9 5425.41 5424.75 5425.09 5422.58 5417.94 5412.79 5409.86 5407.84 5406.33 5405.02 5402.47 5399.91 5398.94 5394.85 5391.47 5387.95 5387.35 5389.9 5394.68 5400.9 5408.64 5415.92 5426.21 5448.28 5460.4 5459.79 5456.46 5455.19 5459.12 5468.22
5344.55 5342.93 5341.25 5342.01 5344.59 5345.8 5345.72 5344.57 5344.19 5345.04 5345.94 5348.52 5352.41 5355.6 5355.46 5355.19 5355.04 5354.79 5354.16 5355.78 5357.57 5358.28 5358.62 5365.12 5373.26 5379.71 5383.95 5384.77 5387.73 5400.74 5408 5416.13 5419.53 5422.19 5424.66 5426.27 5427.65 5428.9 5430.2 5427.72 5423.51 5416.65 5411.42 5407.97 5405.63 5403.49 5401.68 5398.92 5395.8 5392.08 5387.57 5387.75 5386.23 5384.86 5387.65 5392.96 5400 5410.2 5419.45 5432.42 5454.51 5465.05 5465.1 5463.55 5464.09 5468.4 5478.25
5344.82 5343.22 5341.45 5342.82 5345.63 5346.99 5348.07 5349.28 5348.13 5346.98 5346.64 5347.91 5350.52 5352.99 5354.92 5355.55 5355.6 5355.35 5355.06 5357.38 5359.68 5360.79 5360.2 5367.95 5376.37 5383.61 5389.11 5392.77 5396.89 5405.65 5408.55 5414.25 5419.73 5423.33 5425.89 5427.63 5429.08 5430.87 5434.09 5429.69 5426.55 5421.89 5413.84 5408.05 5404.76 5401.76 5399.25 5395.65 5391.81 5387.73 5384.59 5387.68 5386.53 5383.65 5386.67 5391.31 5397.3 5406.05 5416.65 5435.45 5460.48 5469.55 5469.14 5467.65 5469.77 5476.17 5487.44
5346.97 5345.73 5345.82 5348.91 5348.02 5348.75 5350.02 5351.51 5350.72 5349.42 5348.62 5349.38 5351.29 5353.3 5355.55 5356.91 5357.57 5357.86 5360.56 5362.54 5364.63 5367.43 5373.1 5376.02 5382.62 5390.35 5398.18 5406.37 5416.14 5417.32 5415.86 5417.38 5422.11 5425.52 5427.69 5428.94 5429.31 5428.9 5427.79 5426.98 5427.52 5427.99 5416.9 5408.94 5403.73 5400.99 5397.51 5392.82 5388.95 5386.28 5388.7 5393.79 5389.88 5388.02 5387.93 5390.25 5394.24 5400.88 5414.75 5437.02 5462.02 5470.79 5472.3 5472.54 5477.13 5485.77 5499.3
5350.43 5349.3 5346.81 5347.96 5349.51 5350.17 5351.08 5351.86 5352.2 5351.95 5351.9 5352.64 5354.5 5356.4 5357.98 5359.54 5361.34 5364.01 5367.06 5368.82 5370.38 5372.75 5378.18 5382.54 5389.51 5397.88 5407.24 5416.9 5425.74 5425.14 5422.96 5424.48 5427.16 5429.47 5430.52 5430.81 5429.6 5426.75 5422.03 5421.54 5422.81 5421.02 5413.44 5406.06 5399.91 5396.88 5393.23 5390.17 5387.24 5386 5390.28 5393.11 5391.26 5389.47 5388.7 5390.29 5392.53 5398.53 5413.82 5435.18 5458.29 5469.53 5475.81 5481.26 5489.67 5500.4 5516.69
5354.7 5354.03 5354.62 5352.85 5350.74 5351.36 5352.15 5352.84 5354.02 5354.72 5355.21 5355.95 5358.19 5360.02 5361.17 5362.41 5364.63 5368.83 5373.15 5375.14 5376.15 5376.44 5377.79 5387.14 5395.59 5404.7 5414.45 5424.01 5431.57 5432.52 5432.14 5432.3 5433.76 5434.73 5434.44 5433.8 5431.67 5427.77 5421.4 5418.66 5417.04 5412.49 5404.77 5397.01 5393.13 5391.75 5391.6 5390.35 5388.1 5384.92 5386.96 5388.48 5391.5 5393.81 5393.33 5392.76 5393.6 5399.81 5414.24 5431 5451.83 5468.34 5480.72 5492.24 5506.24 5520.8 5540.11
5358.14 5356.54 5356.16 5350.26 5350.92 5352.99 5354.15 5354.81 5356.59 5357.91 5359.3 5361.1 5363.56 5364.58 5364.69 5365.21 5367.18 5373.09 5379.84 5381.76 5382.88 5384.37 5387.36 5393.48 5401.36 5410.33 5419.98 5429.15 5436.44 5439.42 5441.67 5441.87 5441.07 5440.58 5439.65 5438.69 5436.27 5432.68 5427.81 5422.75 5415.3 5406.95 5398.13 5387.01 5386.79 5386.91 5388.46 5390 5392.85 5395.97 5393.53 5388.85 5394.05 5397.8 5398.21 5396.57 5397.63 5406.37 5417.61 5432.38 5452.09 5470.96 5488.38 5506.32 5527.26 5546.45 5568.75
5359.98 5356.39 5353.55 5352.76 5353.7 5355.51 5357.74 5359.1 5359.33 5360.65 5363.15 5367.08 5370.41 5368.94 5367.83 5367.83 5369.41 5378.08 5385.99 5387.62 5388.97 5391.98 5395.32 5399.43 5405.88 5414.11 5423.59 5433.15 5442.06 5446.26 5447.88 5447.97 5447.24 5446.7 5445.71 5444.16 5442.01 5439.31 5436.15 5430.77 5421.01 5410.08 5399.18 5389.22 5385.82 5383.18 5382.19 5387.21 5395.74 5404.31 5411.3 5402.76 5400.68 5400.09 5400.37 5398.56 5400.84 5410.74 5423.12 5439.43 5457.52 5477.27 5498.45 5523.27 5552.87 5579.66 5602.63
5359.98 5355.38 5354.17 5355.56 5356.93 5357.29 5359.32 5360.58 5360.38 5361.53 5364.02 5368.13 5371.35 5370.12 5369.72 5370.6 5372.19 5382.16 5390.25 5391.42 5392.29 5394.77 5397.87 5401.99 5408.31 5416.24 5425.03 5434.47 5443.96 5448.69 5449.12 5450.72 5452.14 5452.15 5451.4 5449.8 5447.82 5445.59 5443.04 5437.63 5425.39 5414.33 5404.69 5397.27 5390.12 5384.5 5382.6 5389.11 5395.66 5405.82 5415.36 5413.47 5407.08 5401.62 5396.88 5398.17 5400.93 5411.74 5426.32 5443.2 5462.41 5484.35 5509.01 5540.16 5578.98 5615.64 5634.78
5358.47 5352.39 5350.73 5354.04 5356.08 5357 5357.14 5358.39 5359.29 5360.29 5361.91 5364.07 5365.84 5367.22 5370.02 5374.47 5380.43 5390.15 5393.67 5392.77 5392.21 5393.61 5396.9 5401.88 5408.63 5416.59 5424.76 5433.38 5441.19 5446.07 5448.23 5450.91 5455.39 5457.11 5456.65 5455.2 5453.33 5450.98 5447.9 5442.96 5429.21 5419.34 5410.91 5402.94 5395.86 5389.98 5386.88 5388.96 5391.03 5400.21 5411.29 5413.37 5409.59 5404.87 5401.83 5399.77 5400.99 5412.33 5428.24 5447.41 5468.34 5491.16 5517.34 5552.62 5597.51 5640.17 5653.53
5356.95 5352.36 5351.51 5354.3 5356.74 5357.32 5355.25 5356.81 5357.97 5358.28 5358.52 5358.38 5357.8 5361.86 5368.05 5376.73 5388.22 5395.47 5394.43 5391.14 5388.93 5389.56 5393.43 5399.66 5407.38 5415.53 5423.47 5431.22 5437.93 5442.79 5447.6 5454.15 5460.69 5462.16 5461.39 5459.66 5457.71 5455.17 5451.19 5443.64 5432.77 5425.76 5417.97 5410.24 5403.19 5397.15 5392.77 5390.51 5389.38 5394.55 5402.35 5409.12 5408.59 5405.75 5404.27 5401.49 5402.56 5415.36 5431.9 5451.91 5475.5 5498.01 5521.84 5557.49 5602.02 5639.52 5653.03
5355.91 5353.21 5352.62 5355.04 5360.58 5358.64 5359.67 5358.74 5357.63 5356.62 5355.57 5354.58 5351.68 5356.35 5363.69 5372.89 5384.34 5391.32 5390 5386.7 5383.47 5382.11 5388.78 5396.79 5405.24 5413.69 5422.1 5429.51 5435.8 5440.17 5448.01 5458.6 5467.17 5466.82 5465.2 5463.29 5461.18 5458.71 5455.19 5451.09 5444.08 5433.88 5425.3 5417.87 5411.03 5404.41 5399.81 5396.39 5392.82 5392.16 5395.7 5402.59 5404.11 5403 5402.53 5401.42 5404.49 5419.1 5437.63 5460.94 5487.2 5506.49 5527.42 5559.88 5598.49 5628.54 5640.93
5355.59 5352.8 5351.78 5351.37 5351.19 5355.63 5361.54 5360.08 5357.68 5355.4 5353.29 5351.29 5348.15 5352.73 5358.59 5364.38 5371.68 5380.51 5382.4 5381.53 5379.39 5378.39 5386.38 5395.25 5404.01 5412.58 5421.04 5428.63 5435.49 5441.15 5448.82 5460.44 5469.35 5468.42 5467.03 5465.52 5463.65 5461.19 5457.97 5453.79 5448.71 5439.44 5430.92 5423.89 5417.42 5409.62 5403.47 5400.22 5397.38 5392.18 5391.9 5395.06 5396.94 5398.37 5399.24 5399.98 5405.96 5421.32 5442.65 5470.18 5499.28 5514.95 5533.76 5561.7 5593.73 5617.93 5626.16
5356.82 5355.24 5352.37 5348.49 5344.16 5350.63 5358.49 5358.78 5357.23 5355.11 5352.37 5349.58 5349.48 5353.25 5356.38 5357.62 5359.83 5368.18 5375.56 5378.27 5378.99 5380.65 5387.2 5395.17 5403.7 5412.16 5420.46 5428.56 5436.58 5443.79 5450.78 5459.74 5463.63 5466.64 5467.01 5466.22 5464.78 5462.64 5459.66 5455.07 5449.61 5441.56 5433.86 5427.13 5420.62 5412.44 5404.75 5399.07 5397.31 5393.25 5391.09 5390.91 5391.99 5394.36 5396.82 5399.98 5409.49 5425.98 5448.35 5476.24 5504.42 5521.33 5536.19 5560.73 5587.1 5606.32 5611.75
5358.08 5359.4 5354.52 5349.2 5345.58 5348.06 5354.2 5357.28 5357.71 5356.31 5353.97 5352.66 5355.95 5358.45 5359.28 5358.73 5360.73 5367.79 5374.15 5378.09 5381.28 5384.75 5389.22 5395.6 5403.14 5411.14 5419.83 5428.58 5437.47 5447.21 5453.84 5461.63 5463.72 5465.43 5466.42 5466.11 5464.94 5463.11 5460.69 5457.04 5448.62 5441.69 5434.7 5428.32 5421.53 5414.1 5406.39 5399.27 5396.91 5394.73 5391.69 5389.7 5389.79 5392.12 5395.87 5400.71 5412.36 5431.34 5455.17 5485.09 5515.67 5531.09 5540.51 5560.24 5579.92 5595.46 5600.14
5356 5359.33 5355.58 5351.69 5348.09 5347.92 5352.54 5358.51 5360.34 5359.68 5357.72 5355.65 5361.95 5365.1 5365.8 5366.97 5371.4 5375.17 5376.92 5379.54 5383.21 5387.1 5390.78 5396.24 5403.01 5410.44 5418.69 5427.37 5436.63 5446.37 5454.05 5460.93 5462.46 5465.06 5465.89 5465.72 5464.9 5463.15 5460.64 5457.09 5447.99 5440.85 5434.12 5428.21 5422.93 5415.04 5407.25 5400.92 5396.89 5395.12 5391.59 5388.94 5388.43 5391.24 5395.73 5401.31 5416.05 5438.19 5463.64 5497.59 5537.12 5546.08 5550.56 5564.55 5576.89 5589.83 5593.05
5350.2 5353.35 5355.41 5356.06 5355.84 5357.54 5362.06 5364.86 5365.37 5364.91 5364.69 5366.14 5369.18 5371.72 5372.41 5374.26 5377.9 5379.31 5379.39 5380.69 5383.12 5386.83 5391.36 5396.53 5402.63 5409.39 5416.92 5424.85 5433.3 5441.99 5449.14 5456.67 5459.92 5463.91 5464.94 5465.15 5464.33 5462.44 5459.22 5454.4 5446.87 5439.22 5432.45 5426.57 5421.14 5413.8 5406.27 5399.82 5394.29 5392.82 5390.26 5388.52 5388.58 5391.88 5397.18 5404.53 5420.97 5443.56 5471.57 5506.02 5542.15 5555.43 5562.14 5575.08 5585.36 5594.06 5591.63
