real_craters/C070-750m.grd
DSAA
74 74
-27.3875 27.3875
-27.3875 27.3875
4889.7252872628 5723.4301618381
[rows 0 to 42 of 74, columns 0 to 73 of 74]
5355 5362 5367 5373 5379 5386 5388 5397 5416 5421 5431 5422 5415 5410 5419 5417 5419 5411 5410 5408 5406 5413 5423 5431 5434 5430 5424 5419 5433 5439 5443 5433 5419 5425 5436 5447 5456 5456 5457 5457 5467 5466 5474 5480 5483 5486 5480 5476 5474 5474 5475 5492 5510 5516 5511 5509 5516 5527 5539 5548 5562 5558 5547 5516 5509 5503 5494 5490 5490 5496 5499 5498 5500 5498
5359 5359 5362 5366 5369 5378 5394 5402 5406 5420 5435 5432 5421 5409 5405 5412 5413 5422 5420 5416 5412 5413 5418 5422 5423 5431 5441 5421 5429 5424 5427 5431 5423 5425 5434 5446 5475 5474 5459 5461 5463 5463 5471 5480 5483 5477 5469 5469 5473 5476 5478 5484 5505 5510 5489 5498 5512 5527 5542 5548 5553 5543 5549 5542 5522 5508 5495 5488 5485 5491 5492 5493 5496 5496
5361 5359 5362 5364 5366 5381 5400 5401 5413 5421 5429 5437 5425 5413 5402 5410 5420 5427 5426 5413 5410 5411 5414 5415 5413 5421 5429 5432 5427 5415 5422 5423 5423 5424 5432 5457 5484 5478 5455 5461 5458 5463 5466 5472 5476 5466 5458 5462 5470 5479 5493 5488 5499 5493 5481 5490 5507 5525 5534 5538 5534 5547 5543 5558 5538 5514 5495 5488 5484 5486 5484 5486 5486 5483
5351 5357 5365 5370 5375 5392 5422 5420 5415 5420 5423 5424 5424 5420 5412 5413 5426 5433 5434 5411 5404 5406 5409 5411 5406 5411 5417 5439 5425 5418 5425 5420 5420 5421 5424 5432 5449 5455 5451 5458 5460 5455 5458 5465 5471 5468 5467 5464 5468 5475 5484 5484 5482 5480 5476 5486 5504 5525 5548 5541 5524 5528 5540 5559 5547 5514 5496 5489 5484 5480 5479 5481 5489 5492
5357 5366 5373 5382 5390 5400 5407 5423 5423 5423 5422 5422 5420 5415 5416 5417 5417 5433 5443 5415 5404 5401 5404 5408 5406 5405 5407 5426 5444 5441 5425 5415 5417 5420 5422 5427 5435 5442 5447 5458 5456 5450 5452 5457 5466 5470 5479 5494 5475 5468 5468 5484 5472 5469 5474 5484 5499 5518 5540 5547 5538 5528 5529 5545 5531 5510 5503 5490 5483 5478 5479 5475 5474 5476
5365 5370 5381 5393 5408 5413 5418 5421 5423 5421 5423 5412 5408 5410 5409 5412 5413 5422 5431 5420 5404 5399 5398 5397 5404 5403 5399 5417 5431 5425 5412 5415 5417 5419 5423 5427 5435 5433 5435 5443 5451 5448 5453 5459 5464 5473 5481 5487 5477 5469 5473 5483 5464 5465 5470 5478 5489 5501 5508 5523 5540 5545 5547 5529 5515 5500 5494 5488 5484 5483 5478 5473 5475 5475
5371 5377 5389 5400 5413 5425 5437 5439 5439 5420 5410 5408 5397 5398 5400 5404 5413 5411 5418 5420 5404 5398 5398 5406 5410 5406 5404 5403 5418 5415 5408 5409 5415 5419 5420 5420 5420 5420 5425 5435 5451 5461 5467 5466 5469 5478 5483 5483 5479 5475 5477 5477 5461 5463 5468 5474 5479 5485 5490 5501 5516 5527 5519 5504 5492 5488 5481 5480 5481 5482 5476 5478 5475 5475
5385 5393 5399 5406 5413 5427 5436 5441 5437 5425 5419 5412 5400 5404 5415 5411 5415 5410 5401 5401 5397 5397 5396 5396 5404 5407 5407 5401 5401 5400 5399 5406 5414 5419 5420 5415 5409 5415 5427 5439 5444 5463 5478 5477 5489 5489 5485 5482 5480 5485 5488 5473 5458 5462 5464 5465 5470 5473 5476 5483 5494 5495 5491 5481 5473 5471 5468 5473 5476 5478 5483 5482 5470 5475
5392 5403 5407 5413 5421 5429 5434 5430 5418 5431 5406 5411 5404 5401 5408 5416 5410 5407 5383 5386 5399 5398 5399 5401 5401 5403 5407 5401 5405 5406 5406 5411 5415 5419 5422 5414 5411 5419 5433 5436 5444 5469 5494 5506 5496 5494 5488 5482 5480 5488 5478 5462 5456 5462 5462 5463 5465 5468 5472 5474 5477 5471 5466 5467 5466 5459 5467 5470 5473 5473 5474 5478 5480 5478
5403 5409 5412 5413 5417 5424 5426 5414 5403 5402 5408 5402 5393 5389 5393 5390 5385 5381 5382 5385 5388 5391 5397 5401 5397 5395 5401 5401 5416 5411 5409 5414 5416 5418 5415 5411 5412 5424 5439 5439 5441 5470 5501 5506 5503 5492 5485 5485 5490 5485 5463 5454 5456 5460 5459 5458 5461 5465 5471 5479 5470 5460 5459 5462 5462 5455 5460 5467 5471 5474 5477 5480 5478 5480
5403 5414 5413 5406 5406 5411 5413 5416 5396 5395 5403 5397 5384 5378 5377 5375 5382 5385 5384 5380 5378 5382 5385 5387 5391 5391 5404 5406 5413 5417 5415 5416 5417 5416 5414 5413 5420 5431 5444 5442 5444 5466 5491 5505 5497 5489 5489 5491 5489 5490 5470 5457 5459 5458 5455 5454 5459 5467 5473 5471 5469 5462 5462 5457 5453 5448 5459 5469 5474 5474 5477 5479 5479 5485
5402 5410 5413 5408 5402 5395 5397 5394 5400 5408 5397 5390 5381 5377 5376 5375 5380 5380 5385 5395 5390 5391 5397 5400 5396 5390 5400 5402 5409 5411 5418 5421 5420 5417 5413 5412 5425 5433 5443 5442 5445 5457 5479 5487 5475 5482 5491 5508 5493 5481 5462 5462 5460 5452 5452 5450 5460 5471 5481 5479 5477 5471 5457 5450 5448 5450 5462 5478 5477 5481 5486 5481 5484 5489
5397 5411 5416 5408 5404 5400 5391 5383 5374 5380 5377 5381 5382 5382 5380 5383 5390 5395 5402 5406 5402 5400 5403 5419 5411 5396 5393 5406 5425 5420 5418 5425 5426 5422 5417 5416 5431 5432 5440 5436 5435 5445 5456 5463 5466 5481 5496 5503 5491 5478 5467 5462 5454 5446 5452 5464 5469 5471 5481 5488 5477 5465 5456 5449 5446 5450 5455 5462 5472 5480 5486 5483 5485 5486
5405 5405 5404 5402 5401 5406 5389 5373 5372 5370 5368 5378 5383 5389 5389 5391 5397 5403 5410 5412 5411 5411 5416 5436 5433 5422 5407 5417 5434 5442 5430 5439 5442 5440 5428 5418 5429 5430 5437 5432 5429 5442 5454 5459 5467 5486 5497 5486 5484 5475 5463 5454 5445 5445 5452 5460 5464 5462 5458 5462 5460 5455 5450 5446 5450 5454 5451 5457 5469 5476 5477 5479 5482 5481
5399 5394 5387 5383 5384 5379 5382 5383 5363 5353 5364 5372 5379 5382 5389 5393 5401 5404 5410 5416 5422 5423 5443 5456 5455 5452 5442 5451 5461 5470 5467 5464 5465 5466 5452 5430 5427 5432 5442 5437 5438 5450 5467 5468 5471 5482 5492 5489 5485 5466 5449 5444 5442 5447 5452 5454 5454 5454 5450 5455 5452 5449 5446 5442 5458 5466 5463 5467 5469 5474 5473 5474 5478 5483
5396 5388 5374 5369 5376 5377 5374 5369 5370 5368 5376 5384 5379 5382 5395 5413 5417 5430 5434 5444 5446 5458 5470 5474 5470 5467 5467 5473 5487 5497 5492 5488 5486 5484 5473 5459 5436 5454 5455 5444 5433 5463 5481 5479 5478 5478 5486 5489 5486 5463 5443 5435 5446 5455 5455 5453 5452 5455 5456 5459 5458 5451 5449 5452 5460 5467 5475 5467 5467 5472 5473 5473 5472 5469
5392 5386 5381 5376 5378 5379 5371 5369 5378 5374 5373 5376 5375 5377 5395 5417 5421 5447 5456 5460 5462 5468 5479 5483 5483 5485 5479 5477 5486 5507 5510 5506 5504 5496 5490 5477 5469 5478 5480 5464 5456 5478 5491 5485 5488 5492 5495 5502 5495 5469 5455 5461 5467 5461 5459 5457 5453 5462 5469 5462 5454 5452 5449 5452 5459 5473 5472 5459 5462 5469 5472 5471 5472 5466
5392 5385 5380 5375 5373 5374 5366 5366 5379 5381 5360 5361 5371 5382 5393 5402 5431 5458 5468 5465 5466 5470 5474 5485 5491 5500 5498 5485 5485 5509 5518 5514 5518 5522 5506 5498 5501 5503 5504 5490 5478 5492 5504 5496 5494 5496 5504 5512 5508 5487 5486 5493 5484 5467 5466 5467 5469 5470 5469 5464 5454 5448 5446 5446 5454 5470 5458 5454 5458 5464 5478 5478 5475 5476
5396 5386 5368 5357 5355 5361 5370 5372 5369 5368 5362 5360 5372 5385 5399 5409 5429 5453 5467 5476 5477 5476 5477 5484 5494 5493 5493 5484 5481 5487 5498 5504 5514 5519 5513 5517 5525 5531 5532 5518 5502 5496 5505 5498 5495 5498 5508 5520 5512 5511 5509 5502 5494 5486 5483 5480 5477 5475 5472 5467 5451 5447 5446 5445 5446 5449 5447 5451 5454 5465 5492 5493 5479 5479
5413 5394 5367 5344 5346 5358 5373 5381 5377 5361 5352 5359 5377 5399 5416 5426 5443 5458 5469 5485 5489 5470 5473 5478 5485 5479 5484 5483 5465 5464 5467 5483 5500 5508 5506 5523 5540 5546 5555 5543 5537 5525 5520 5512 5495 5493 5507 5518 5525 5522 5513 5500 5501 5504 5500 5490 5479 5473 5469 5467 5457 5446 5445 5448 5448 5446 5448 5455 5456 5468 5470 5485 5481 5482
5436 5406 5375 5345 5345 5354 5367 5376 5380 5364 5354 5362 5384 5405 5423 5440 5454 5462 5482 5488 5488 5470 5465 5465 5467 5462 5459 5460 5454 5448 5451 5466 5479 5489 5495 5509 5528 5547 5558 5546 5540 5534 5519 5514 5497 5491 5498 5511 5524 5519 5504 5498 5505 5514 5513 5494 5477 5456 5452 5454 5444 5440 5442 5445 5446 5450 5453 5463 5463 5465 5476 5473 5472 5479
5444 5406 5373 5359 5352 5355 5355 5365 5373 5371 5374 5375 5391 5412 5430 5437 5444 5454 5473 5479 5472 5464 5452 5444 5445 5438 5433 5430 5432 5432 5444 5456 5460 5468 5478 5483 5501 5510 5521 5522 5516 5511 5501 5489 5486 5483 5479 5488 5495 5500 5497 5498 5504 5511 5506 5491 5471 5452 5443 5441 5436 5436 5440 5443 5445 5454 5459 5464 5462 5468 5465 5468 5460 5471
5412 5393 5369 5374 5364 5361 5363 5359 5355 5363 5376 5379 5396 5419 5442 5439 5439 5458 5468 5468 5460 5450 5435 5425 5412 5423 5423 5419 5417 5431 5452 5459 5462 5465 5471 5481 5486 5481 5495 5497 5487 5486 5497 5487 5476 5459 5454 5464 5461 5475 5482 5489 5499 5506 5505 5487 5465 5444 5438 5433 5431 5433 5439 5445 5445 5454 5463 5465 5462 5464 5458 5455 5458 5467
5399 5385 5371 5363 5361 5358 5358 5356 5354 5352 5349 5365 5391 5420 5445 5444 5442 5464 5468 5472 5450 5434 5422 5419 5422 5425 5425 5419 5421 5447 5461 5472 5472 5479 5488 5511 5498 5492 5491 5487 5475 5456 5463 5467 5458 5443 5440 5451 5455 5462 5474 5481 5492 5501 5500 5482 5460 5447 5434 5429 5431 5436 5443 5448 5454 5452 5456 5457 5456 5453 5457 5463 5470 5476
5395 5381 5369 5361 5357 5352 5347 5355 5360 5350 5346 5355 5389 5418 5437 5445 5447 5456 5450 5448 5437 5425 5412 5411 5415 5422 5429 5433 5439 5456 5485 5498 5505 5505 5514 5537 5535 5536 5524 5514 5500 5463 5455 5451 5436 5435 5435 5439 5445 5445 5457 5472 5486 5494 5490 5480 5455 5432 5430 5428 5440 5450 5448 5448 5443 5449 5457 5461 5467 5466 5466 5476 5480 5491
5389 5371 5360 5367 5370 5359 5351 5353 5358 5353 5359 5377 5404 5422 5438 5449 5458 5459 5441 5424 5424 5422 5409 5412 5418 5428 5434 5433 5441 5470 5499 5512 5520 5548 5553 5565 5611 5615 5591 5585 5561 5525 5499 5475 5449 5441 5426 5426 5445 5453 5457 5470 5485 5496 5504 5489 5466 5449 5439 5437 5442 5447 5449 5451 5452 5451 5454 5457 5465 5463 5472 5477 5475 5488
5365 5359 5359 5358 5364 5367 5366 5361 5356 5357 5372 5401 5417 5426 5434 5443 5450 5450 5431 5414 5410 5408 5413 5425 5440 5441 5435 5433 5449 5483 5519 5544 5568 5625 5609 5572 5579 5566 5578 5614 5614 5610 5580 5544 5506 5476 5448 5438 5442 5462 5470 5478 5489 5496 5496 5489 5477 5460 5446 5440 5439 5439 5447 5455 5458 5454 5449 5445 5456 5499 5494 5493 5487 5489
5354 5355 5356 5351 5352 5351 5355 5356 5354 5354 5377 5405 5421 5425 5429 5434 5444 5442 5421 5407 5401 5403 5410 5426 5453 5444 5431 5437 5469 5520 5568 5598 5600 5552 5482 5435 5400 5407 5440 5463 5547 5623 5649 5636 5587 5538 5483 5461 5452 5456 5478 5494 5496 5496 5494 5490 5485 5469 5454 5447 5444 5444 5447 5456 5469 5468 5458 5455 5468 5514 5505 5501 5490 5489
5350 5354 5354 5355 5350 5348 5349 5351 5356 5366 5381 5401 5413 5422 5426 5428 5430 5425 5416 5405 5398 5397 5402 5416 5446 5440 5434 5458 5492 5571 5659 5622 5519 5409 5342 5314 5296 5293 5307 5326 5385 5465 5583 5723 5696 5614 5537 5490 5455 5453 5495 5504 5500 5496 5491 5487 5484 5479 5470 5460 5450 5443 5445 5451 5455 5455 5470 5473 5466 5488 5495 5495 5490 5476
5347 5346 5347 5342 5348 5354 5355 5357 5359 5367 5380 5394 5412 5421 5425 5424 5422 5412 5408 5402 5395 5387 5396 5412 5451 5455 5457 5488 5527 5559 5563 5466 5389 5311 5268 5238 5221 5213 5217 5224 5257 5328 5435 5620 5714 5669 5595 5521 5474 5453 5478 5498 5498 5493 5486 5481 5486 5486 5484 5471 5455 5443 5443 5449 5451 5451 5457 5458 5459 5477 5480 5480 5476 5474
5345 5342 5347 5350 5347 5351 5356 5355 5361 5366 5385 5398 5410 5422 5428 5432 5427 5410 5401 5393 5385 5385 5391 5412 5464 5469 5479 5526 5558 5518 5448 5362 5291 5241 5198 5175 5152 5151 5155 5163 5192 5233 5305 5430 5580 5657 5644 5565 5506 5473 5482 5494 5495 5491 5486 5485 5484 5492 5493 5478 5461 5448 5446 5451 5456 5460 5451 5445 5442 5441 5459 5472 5471 5464
5354 5352 5351 5353 5354 5358 5362 5370 5374 5382 5403 5427 5429 5433 5433 5424 5418 5403 5393 5388 5389 5392 5392 5408 5457 5486 5517 5572 5574 5470 5358 5271 5216 5184 5154 5135 5121 5112 5109 5108 5132 5168 5213 5292 5435 5568 5670 5609 5537 5489 5484 5491 5494 5492 5488 5487 5498 5499 5497 5479 5465 5457 5453 5454 5458 5461 5450 5443 5443 5436 5448 5460 5460 5460
5360 5354 5356 5360 5364 5371 5368 5385 5390 5398 5415 5439 5448 5448 5445 5439 5421 5394 5383 5393 5417 5401 5399 5419 5462 5518 5592 5630 5544 5423 5295 5211 5168 5146 5119 5101 5085 5077 5072 5071 5083 5101 5149 5194 5305 5458 5659 5625 5557 5498 5484 5495 5497 5495 5493 5492 5500 5499 5484 5474 5465 5458 5454 5453 5455 5453 5444 5442 5439 5445 5466 5481 5487 5481
5357 5352 5357 5358 5359 5362 5377 5396 5390 5398 5416 5436 5448 5461 5459 5452 5430 5411 5394 5389 5406 5407 5401 5425 5477 5543 5647 5639 5500 5376 5258 5180 5142 5114 5082 5060 5044 5041 5039 5041 5050 5060 5085 5133 5219 5364 5529 5613 5564 5510 5486 5502 5500 5499 5499 5500 5502 5497 5484 5473 5465 5457 5450 5453 5452 5447 5441 5437 5439 5454 5484 5504 5507 5493
5356 5351 5355 5359 5353 5350 5363 5380 5379 5391 5413 5432 5450 5469 5466 5460 5448 5427 5410 5399 5392 5397 5400 5436 5503 5552 5618 5578 5455 5340 5234 5162 5132 5093 5049 5018 5006 5006 5006 5009 5022 5032 5046 5082 5161 5294 5440 5585 5557 5513 5489 5489 5499 5503 5504 5508 5503 5499 5486 5474 5467 5461 5458 5454 5453 5452 5449 5442 5442 5449 5474 5498 5499 5484
5357 5353 5347 5359 5356 5363 5365 5375 5383 5393 5411 5433 5455 5464 5466 5462 5447 5431 5414 5398 5391 5390 5402 5452 5535 5557 5592 5537 5432 5318 5217 5150 5118 5080 5029 4984 4979 4976 4971 4971 4982 4998 5015 5045 5118 5245 5396 5543 5561 5511 5486 5501 5512 5510 5504 5494 5495 5494 5488 5476 5468 5463 5459 5456 5453 5452 5448 5445 5441 5449 5472 5487 5493 5469
5346 5361 5379 5374 5371 5377 5379 5380 5383 5394 5408 5424 5441 5460 5464 5460 5442 5426 5409 5393 5388 5393 5410 5469 5544 5590 5612 5526 5427 5310 5201 5138 5116 5072 5019 4979 4968 4954 4938 4925 4940 4958 4989 5013 5093 5248 5400 5532 5554 5510 5490 5518 5530 5520 5509 5497 5499 5496 5481 5469 5468 5466 5464 5458 5452 5445 5439 5441 5440 5442 5455 5475 5476 5457
5368 5371 5384 5371 5369 5376 5378 5379 5386 5392 5401 5411 5421 5446 5461 5465 5445 5427 5411 5389 5390 5402 5418 5473 5544 5624 5657 5566 5446 5318 5206 5148 5111 5074 5019 4985 4968 4946 4918 4890 4908 4937 4962 4994 5081 5250 5392 5519 5545 5502 5488 5512 5530 5524 5516 5510 5510 5503 5485 5472 5472 5469 5465 5457 5452 5447 5444 5446 5450 5445 5457 5466 5467 5458
5384 5367 5347 5350 5350 5370 5373 5376 5381 5387 5395 5403 5414 5439 5457 5469 5456 5436 5420 5396 5397 5406 5421 5472 5530 5596 5634 5608 5473 5333 5204 5146 5104 5065 5017 4988 4974 4950 4922 4896 4904 4929 4953 5001 5106 5290 5412 5520 5524 5488 5466 5491 5515 5522 5525 5525 5517 5510 5499 5489 5480 5472 5463 5456 5451 5444 5437 5439 5446 5447 5449 5452 5451 5446
5379 5368 5348 5353 5368 5371 5375 5374 5374 5383 5391 5400 5412 5442 5454 5462 5454 5439 5423 5412 5414 5428 5426 5452 5506 5557 5608 5607 5486 5354 5226 5159 5115 5073 5022 5001 4990 4969 4946 4930 4925 4936 4961 5030 5165 5345 5455 5544 5522 5491 5480 5489 5498 5520 5533 5534 5527 5514 5508 5503 5487 5475 5466 5458 5451 5443 5437 5438 5435 5435 5440 5449 5451 5454
5383 5377 5369 5367 5382 5379 5381 5375 5377 5384 5393 5402 5413 5434 5452 5457 5450 5443 5438 5434 5434 5438 5433 5438 5483 5518 5584 5582 5488 5378 5274 5184 5135 5093 5044 5032 5017 4996 4976 4963 4961 4961 5002 5099 5244 5411 5527 5551 5510 5498 5509 5511 5507 5528 5542 5539 5526 5518 5507 5499 5486 5476 5471 5463 5452 5444 5441 5439 5431 5431 5434 5439 5447 5450
5373 5365 5359 5362 5374 5375 5370 5374 5379 5387 5395 5406 5418 5434 5448 5452 5444 5439 5457 5429 5417 5424 5423 5425 5458 5497 5558 5554 5490 5394 5299 5219 5156 5122 5076 5064 5050 5028 5006 4992 4993 5017 5080 5191 5323 5495 5577 5527 5492 5503 5519 5530 5540 5543 5545 5536 5517 5508 5498 5488 5476 5468 5464 5458 5449 5445 5443 5446 5440 5437 5440 5447 5448 5444
5360 5349 5346 5355 5362 5359 5355 5368 5379 5388 5399 5412 5424 5442 5454 5448 5446 5443 5435 5419 5410 5406 5408 5412 5438 5485 5536 5538 5505 5436 5347 5268 5193 5154 5110 5103 5093 5071 5048 5041 5074 5127 5200 5315 5433 5560 5546 5504 5505 5523 5532 5540 5552 5550 5543 5532 5518 5500 5488 5472 5462 5457 5448 5438 5442 5443 5441 5444 5449 5448 5451 5458 5453 5449
