real_craters/C070-300m.grd
DSAA
184 184
-27.3875 27.3875
-27.3875 27.3875
4883.2866540449 5752.679074393
[rows 90 to 119 of 184, columns 67 to 133 of 184]
5559.1 5514.83 5476.33 5434.59 5385.95 5340.55 5295.46 5252.26 5209.69 5171.39 5148.69 5135.75 5126.96 5117.28 5102.42 5085.65 5066.11 5045.54 5024.61 5004.28 4986.69 4977.29 4971.89 4970.01 4965.34 4960.16 4954.35 4948.32 4942.14 4936.49 4931.85 4929.71 4932.41 4939.51 4936.9 4950.1 4963.79 4976.21 4988.35 5000.18 5007.44 5019.16 5041.15 5079.66 5133.37 5194.77 5260.77 5328.72 5384.27 5432.95 5488.14 5541.28 5572.48 5561.02 5541.92 5523.76 5507.63 5494.96 5488.05 5494.94 5505.95 5518.55 5527.79 5529.03 5526.09 5522.47 5518.45
5561.53 5523.2 5483.81 5436.81 5390.02 5342.89 5296.27 5251.83 5209.45 5173.64 5150.74 5136.98 5127.95 5118.57 5102.31 5085.67 5066.79 5045.57 5023.74 5003.06 4986.19 4977.6 4971.64 4968.82 4962.71 4955.92 4948.51 4940.46 4932.45 4924.06 4916.61 4911.68 4914.43 4925.01 4933.78 4940.69 4952.5 4964.9 4977.37 4989.75 4998.21 5009.82 5032.51 5071.71 5128.39 5192.8 5259.99 5327.67 5383.53 5435.43 5488.1 5535.77 5565.27 5557.22 5539 5520.9 5506.18 5495.67 5491.31 5496.75 5507.61 5521.3 5533.81 5533.85 5529.61 5525.32 5521.08
5573.37 5538.18 5495.24 5447.71 5399.04 5349.24 5300.27 5253.8 5211.8 5178.39 5156.46 5142.22 5128.84 5117.42 5102.7 5086.51 5069.11 5046.37 5023.84 5003.36 4987.31 4980.37 4975.09 4969.12 4961.53 4953.37 4944.44 4934.9 4925.01 4914.34 4904.2 4897.71 4900.79 4911.44 4920.85 4932.58 4943.98 4955.22 4966.83 4978.88 4988.77 5002.04 5025.84 5065.6 5125.59 5192.44 5259.29 5323.11 5379.22 5431.66 5484.03 5530.01 5560.01 5554.42 5534.33 5516.8 5503.27 5494.28 5492.12 5495.52 5505.36 5519.41 5532.91 5534.08 5530.19 5526.35 5522.67
5591.8 5557.37 5511.26 5459.38 5407.5 5355.21 5303.97 5255.81 5213.22 5180.85 5159.14 5144.23 5127.19 5112.43 5098.94 5084.57 5067.85 5045.64 5023.52 5003.99 4990.23 4983.54 4977.25 4970.17 4961.91 4952.87 4942.91 4932.23 4920.62 4908.36 4895.92 4885.87 4890.17 4902.71 4917.06 4927.44 4937.39 4947.24 4957.31 4967.3 4979.7 4997.04 5023.71 5064.39 5127.59 5197.07 5264.1 5324.9 5376.68 5425.11 5479.58 5524.92 5554.04 5550.12 5529.88 5511.77 5498.32 5489.02 5485.33 5488.35 5498.42 5512.12 5524.93 5528.95 5527.6 5525.56 5523.19
5622.86 5577.33 5527.22 5471.55 5416.77 5361.94 5308.19 5257.51 5212.42 5178.93 5157.72 5140.7 5124.05 5108.16 5093.68 5080.22 5063.77 5043.4 5022.43 5003.81 4991.01 4984.58 4979.16 4972.02 4963.76 4954.11 4944.22 4933.02 4920.88 4907.92 4894.45 4883.29 4887.47 4898.5 4914.29 4924.44 4933.15 4941.77 4951.32 4961.81 4977.08 4998.31 5028.59 5071.95 5136.41 5208.3 5277.24 5334.28 5381.05 5428.55 5480.22 5522.57 5548.21 5542.73 5520.41 5504.9 5492.22 5481.86 5474.58 5477.27 5489.04 5502.67 5514.17 5520.87 5523.11 5523.38 5522.92
5636.39 5590.55 5539.82 5484.84 5425.92 5369.25 5313.47 5260.12 5212.09 5177.87 5157.17 5140.64 5123.34 5106.96 5091.79 5077.1 5060.44 5041.3 5021.33 5003.21 4991.26 4985.97 4981.93 4974.8 4966.43 4957.03 4946.79 4935.53 4923.96 4911.89 4900.04 4891.54 4892.81 4900.36 4913.04 4923.11 4930.93 4939.15 4949.24 4962.7 4980.28 5005.24 5038.94 5084.46 5150.9 5225.59 5297.47 5349.21 5392.31 5440.7 5486.84 5524.76 5544.96 5533.13 5512.17 5498.87 5487.31 5476.78 5468.4 5469.48 5481.33 5494.84 5506.95 5515.02 5518.47 5520.63 5522.21
5629.17 5595.01 5547.27 5493.06 5433.86 5376.86 5320.13 5264.95 5214.5 5180.63 5160.07 5143.48 5125.49 5108.53 5092.89 5077.05 5059.97 5041.05 5021.35 5003.77 4993.77 4990.36 4985.78 4979.29 4971.56 4962.49 4952.55 4941.92 4931.05 4920.3 4910.56 4904.07 4902.35 4905.29 4917.23 4924.29 4930.75 4938.75 4948.78 4963.56 4985.16 5014.06 5053.01 5103.6 5171.04 5246.34 5318.18 5369.9 5411.73 5456.27 5497.64 5531.33 5547.65 5529.19 5510.4 5496.64 5485.57 5475.82 5468.06 5467.66 5477.82 5489.85 5501.38 5509.8 5513.65 5517.52 5521.19
5628.87 5595.44 5550.26 5498.12 5440.62 5384.83 5328.99 5273.85 5222.19 5188.7 5166.73 5148.3 5130.14 5113.43 5097.37 5081.35 5063.31 5043.47 5023.48 5006.09 4997.59 4995.81 4991.76 4985.83 4978.3 4969.68 4960.03 4950.05 4940.25 4931 4923.09 4917.71 4914.66 4913.76 4918.76 4925.8 4933.05 4940.87 4951.42 4968.03 4993 5024.77 5070.45 5126.23 5194.5 5269.31 5338.19 5390.89 5433.23 5471.92 5510.27 5540.86 5553.6 5530.5 5510.57 5496.97 5486.97 5479.01 5472.98 5471.56 5479.4 5488.03 5495.99 5503.15 5508.13 5514.43 5520.34
5626.93 5593.79 5550.65 5501.3 5446.56 5393.43 5340.5 5288.19 5240.5 5204.67 5177.19 5154.69 5136.77 5121.08 5104.29 5088.9 5069.58 5048.47 5028.11 5011.4 5006.04 5003.9 4999.86 4993.82 4986.83 4978.49 4969.52 4959.74 4950.78 4942.57 4935.99 4932.01 4929.3 4928.6 4928.81 4932.92 4939.08 4946.91 4958.46 4978.08 5006.6 5042.41 5091.64 5151.88 5221.07 5295 5363.55 5409.58 5446.76 5486.83 5522.83 5549.33 5557 5529.15 5510.53 5498.16 5490.32 5485.24 5482.52 5483.06 5486.59 5490.27 5492.24 5492.69 5503.47 5512.9 5520.86
5617.7 5587.61 5548.04 5502.64 5450.92 5401.39 5352.41 5304.7 5262.13 5223.09 5190.1 5163.47 5145.53 5129.36 5112.4 5096.76 5076.97 5055.45 5035.16 5019.65 5016.13 5014.22 5009.83 5003.85 4996.44 4988.53 4979.85 4971 4962.42 4954.73 4948.02 4945.02 4944.59 4944.05 4944.39 4946.13 4948.72 4956.93 4970.19 4993.89 5026.62 5064.73 5117.4 5179.81 5247.62 5320.87 5385.19 5429.31 5465.53 5505.75 5535.34 5553.37 5552.62 5525.19 5508.31 5498.93 5494.04 5492.56 5493.62 5496.27 5497.56 5497.31 5495.76 5496.1 5504.21 5514.42 5523.26
5601.83 5576.71 5541.6 5499.78 5452.6 5407.05 5362.27 5318.79 5278.2 5239.15 5203.63 5173.39 5149.95 5136.45 5121.29 5106.06 5085.41 5064.26 5044.58 5030.5 5028.87 5026.68 5021.72 5015.21 5007.58 4999.27 4990.61 4982.72 4974.45 4967.11 4961.03 4958.56 4959.35 4959.19 4955.09 4954.61 4960.01 4971.04 4988.43 5016.88 5054.31 5097.72 5151.75 5213.76 5280.96 5349.41 5412.44 5457.74 5500.1 5534.46 5547.82 5552.03 5542.92 5518.78 5504.33 5498.68 5497.27 5499.63 5504.36 5510.29 5510.92 5507.8 5504.77 5502.13 5510.29 5519.8 5527.71
5586.57 5565.6 5533.49 5492.65 5453.15 5411.43 5369.96 5329.62 5290.85 5252.49 5216.81 5187.1 5160.39 5143.48 5130.46 5114.94 5095.22 5074.85 5056.41 5045.3 5044.06 5040.39 5034.59 5027.42 5019.48 5010.97 5002.35 4993.88 4985.85 4979.01 4974.6 4971.36 4970.21 4968.79 4964.09 4962.9 4974.69 4989.87 5010.53 5044.87 5087.43 5136.77 5191.16 5249.07 5312.96 5376.18 5440.98 5499.49 5548.39 5563.4 5555.19 5544.82 5529.93 5510.34 5498.94 5497.49 5499.71 5504.88 5512.02 5521.74 5521.58 5518.05 5516.86 5518.2 5522.67 5528.26 5533.61
5572.77 5554.64 5527.77 5495.25 5455.37 5416.48 5376.66 5336.89 5299.5 5264.4 5230.45 5199.65 5167.77 5150.9 5140.91 5126.21 5106.55 5086.55 5068.93 5059.9 5058.19 5054.44 5048.43 5040.99 5032.8 5024.08 5015.11 5006.34 4997.9 4990.17 4985.35 4981.52 4978.72 4978.3 4979.56 4984.2 4997.36 5015.9 5040.16 5078.38 5123.17 5172.22 5224.64 5280.49 5341.33 5405.86 5476.52 5545.07 5579.15 5570.08 5552.18 5533.21 5517.21 5502.81 5494.02 5496.54 5502.13 5508.66 5515.37 5520.74 5523.07 5525.38 5527.93 5532.38 5535.18 5536.88 5539.5
5560.2 5546.86 5524.71 5495.86 5460.59 5423.46 5384.24 5343.47 5307.94 5277.26 5246.1 5214.26 5180.35 5160.69 5151.79 5138.33 5119.1 5099.03 5081.63 5073.8 5071.57 5065.99 5062.54 5055.01 5046.75 5037.84 5028.73 5019.53 5010.65 5003.01 4997.4 4994.05 4991.94 4995.62 5003.02 5011.47 5028.4 5050.02 5079.35 5118.24 5163.28 5209.69 5257.42 5313.78 5370.74 5447.11 5516.43 5571.64 5583.04 5560.47 5541.68 5521.17 5506.2 5494.45 5490.04 5497.54 5505.74 5512.81 5518.82 5522.57 5526.06 5531.79 5535.88 5539.86 5542.32 5543.41 5544.26
5549.78 5540.26 5522.78 5499.85 5470.35 5435.38 5396.73 5355.18 5322.05 5294.06 5264.46 5235.3 5198.92 5173.55 5163.97 5151.47 5132.4 5111.7 5095 5089.69 5086.04 5080.78 5077.66 5070.35 5062.09 5053.11 5043.91 5034.51 5025.68 5017.76 5012.96 5011.87 5013.74 5022.52 5035.61 5051.16 5068.23 5089.52 5120.03 5163.55 5210.14 5257.9 5306.79 5357.16 5409.79 5491.15 5546.19 5575.06 5571.04 5548.28 5529.63 5511.6 5498.64 5492.17 5493.51 5504.3 5512.32 5518.9 5524.39 5530.23 5535.75 5538.04 5541.55 5544.92 5547.03 5548.07 5547.34
5541.93 5536.08 5524.13 5507.26 5483.73 5453.3 5417.08 5377.42 5345.11 5315.68 5284.97 5253.88 5217.94 5190.59 5177.24 5163.55 5144.69 5123.61 5108.13 5104.64 5100.65 5097.23 5095.07 5088.57 5080.72 5071.78 5062.07 5052.38 5043.87 5036.57 5033.72 5034.92 5042.26 5057.09 5076.07 5095.02 5116.32 5138.24 5169.51 5216.12 5262.69 5310.25 5360.4 5405.58 5455 5526.1 5560.52 5569.57 5556.9 5534.96 5518.26 5503.37 5493.93 5497.8 5511.95 5516.31 5521.17 5525.81 5529.88 5534.03 5538.59 5540.45 5544.88 5549.72 5553.8 5551.35 5549.12
5536.28 5534.01 5527.43 5515.33 5499.61 5477.94 5447.6 5410.39 5377.25 5342.82 5306.79 5273.38 5239.43 5212.23 5192.41 5174.62 5154.64 5135.03 5120.42 5117.9 5116.59 5115.53 5112.53 5109.94 5102.72 5093.83 5083.72 5073.43 5065.1 5059.64 5059.15 5062.45 5073.43 5097.86 5125.01 5150.93 5178.27 5206.1 5237.02 5276.3 5319.02 5361.8 5402.38 5450.54 5502.88 5553.91 5561.96 5553.5 5539.7 5522.71 5508.06 5497.08 5492.26 5503 5521.88 5526.54 5529.86 5532.88 5535.03 5535.51 5534.16 5540.57 5546.42 5550.86 5552.94 5551.53 5548.75
5531.98 5533.29 5531.79 5526.93 5520.34 5509.92 5488.85 5455.66 5417.8 5374.07 5328.57 5288.63 5259.29 5235.21 5212.67 5191.72 5169.31 5149.09 5133.68 5133.5 5135.83 5136.97 5137.31 5136.14 5127.25 5118.58 5108.49 5097.67 5089.68 5084.88 5088.07 5097.44 5115.65 5147.44 5182.26 5218.59 5252.22 5281.71 5307.06 5338.16 5376.87 5418.12 5455.42 5501.05 5542.17 5565.68 5553.86 5535.56 5522.96 5509.81 5498.22 5491.77 5491.09 5505.89 5524.64 5532.55 5537.13 5540.15 5541.57 5541.52 5541.13 5544.14 5547.59 5549.97 5551.73 5548.75 5545.97
5525.01 5531.33 5536.34 5539.16 5542.37 5543.11 5539.18 5515.55 5463.81 5407.16 5350.65 5302.75 5279.85 5263.14 5240.68 5217.24 5192.58 5169.67 5152.52 5155.61 5159.65 5162.27 5162.54 5161.48 5159.52 5151.54 5141.29 5129.08 5118.15 5111.55 5120.18 5139.34 5167.41 5203.65 5242.03 5283.64 5320.32 5336.63 5361.31 5392.14 5429.91 5474.3 5524.27 5558.12 5565.27 5557.21 5540.85 5522.71 5510.09 5497.66 5488.51 5488.53 5496.57 5511.32 5525.67 5537.73 5545 5548.31 5549.74 5549.82 5550.36 5549.86 5549.07 5547.5 5545.18 5542.44 5540.65
5515.59 5527.25 5537.98 5548.18 5557.85 5568.11 5577.85 5561.47 5502.01 5439.14 5376.54 5325.16 5302.81 5287.96 5270.16 5247.91 5226.39 5199.22 5178.99 5185.43 5190.36 5194.01 5195.54 5194.97 5194.01 5191.78 5182.16 5169.35 5156.27 5145.87 5163.31 5192.54 5225.69 5264.57 5300.27 5335.85 5363.85 5378.13 5403.84 5435.63 5471.53 5512.63 5558.62 5581.89 5567.66 5544.86 5529.08 5515.26 5503.31 5490.89 5485.05 5491.75 5506.12 5521.89 5537.22 5548.33 5554.75 5557.64 5558.1 5557.39 5556.94 5553.6 5549.68 5544.9 5538.01 5535.4 5534.18
5505.02 5521.94 5537.26 5551.44 5565.37 5577.38 5584.47 5569.68 5524.58 5469.09 5409.01 5358.77 5329.45 5306.12 5290.58 5276.57 5266.42 5237.28 5221.6 5225.89 5227.51 5231.54 5234.56 5236.69 5237.17 5235.04 5229.12 5220.98 5209.64 5205.46 5227.52 5264.86 5298.5 5330.66 5359.42 5385.36 5403.02 5413.75 5441.79 5470.69 5499.84 5528.5 5554.98 5565.47 5555.81 5535.36 5520.26 5510.99 5504.17 5497.44 5496.6 5505.77 5520.01 5536.2 5551.2 5561.69 5566.42 5567.52 5566.54 5563.81 5558.82 5553.78 5550.42 5544.25 5537.6 5532.22 5527.87
5494.54 5514.24 5533.66 5550.89 5565.74 5576.26 5578.19 5567.2 5540.88 5500.72 5450.92 5402.4 5362.9 5325.5 5306.33 5298.67 5292.86 5271.57 5263.33 5265.13 5266.6 5271.34 5279.42 5286.11 5289.44 5290.32 5287.36 5280.95 5274.05 5277.26 5300.49 5337.17 5369.49 5398.21 5424.82 5442.3 5448.64 5461.09 5483.62 5501.99 5519.67 5535.08 5547.69 5550.05 5540.45 5524.87 5512.59 5510.14 5512.66 5515.33 5519.79 5526.97 5537.28 5552.98 5567.43 5576.95 5578.5 5577.2 5574.6 5571.05 5565.84 5560.31 5553.59 5544.19 5534.96 5526.95 5520.43
5484.54 5506.33 5527.32 5547.11 5563.47 5574.15 5577.86 5572.3 5557.75 5535.56 5506.91 5460.26 5404.7 5352.21 5327.56 5318.62 5310.73 5294.95 5291.46 5298.37 5306.35 5314.84 5325.41 5339.61 5348.63 5354.31 5356.57 5353.57 5344.88 5345.77 5374.86 5403.06 5436.87 5465.4 5489.6 5509.37 5529.46 5529.69 5528.58 5529.97 5534.51 5537.76 5539.04 5535.66 5526.45 5516.45 5506.51 5514.05 5527.04 5539.95 5549.86 5554.84 5560.33 5570.07 5581.54 5588.72 5589.08 5585.21 5581.15 5577.45 5574.71 5570.03 5556.66 5543.21 5529.72 5517.88 5511.72
5476.16 5499.26 5521.49 5541.74 5559.56 5572.94 5578.41 5577.79 5571.27 5562.41 5554.18 5509.14 5450 5391.93 5359.44 5344.84 5328.11 5311.34 5314.79 5333.98 5350.74 5365.39 5379.96 5392.62 5405.34 5419.27 5431.17 5438.97 5436.19 5438.31 5472.93 5492.53 5514.37 5531.39 5547.9 5565.52 5592.21 5585.57 5562.32 5549.26 5540.86 5535.42 5529.31 5521.82 5517.41 5532.77 5530.82 5527.43 5543.61 5564.93 5583.22 5576.61 5576.45 5582.69 5592.42 5601.66 5595.5 5589.29 5584.14 5579.8 5575.56 5568.51 5555.99 5540.87 5526.19 5513.78 5503.92
5467.68 5491.1 5513.92 5535.49 5556.1 5572.93 5580.7 5580.92 5576.04 5569.8 5561.11 5531.52 5492.9 5449.93 5406.05 5386.13 5363.66 5342.8 5356.03 5380.18 5398.15 5412.92 5426.37 5443.48 5460.68 5481.28 5506.21 5534.32 5560.05 5576.42 5597.01 5606.64 5594.41 5588.19 5590.04 5598.33 5606.37 5593.05 5569.25 5552.88 5538.79 5527.87 5518.32 5510.88 5509.47 5519.57 5524.28 5537.41 5554.43 5575.08 5591.99 5586.92 5584.36 5587.39 5592.91 5596.78 5593.58 5588.25 5582.84 5577.76 5572.84 5566.37 5552.33 5536.24 5521.32 5508.54 5496.33
5459.7 5482.17 5504.83 5527.14 5548.6 5570.77 5585.16 5578.42 5570.15 5561.38 5549.66 5535.44 5521.54 5508.45 5468.46 5438.47 5418.05 5402.78 5424.7 5439.36 5448.13 5457.52 5468.95 5484.28 5505.53 5532.45 5568.24 5615.92 5677.08 5698.65 5691.76 5683.05 5647.29 5624.24 5612.33 5606.46 5598.86 5579.92 5558.93 5546.1 5531.25 5518.3 5507.4 5498.98 5499.95 5509.69 5522.32 5541.31 5558.3 5572.32 5583.18 5583.02 5582.84 5584.69 5587.19 5587.68 5586.4 5582.78 5577.74 5571.87 5565.73 5558.38 5544.5 5528.38 5513.46 5500.31 5487.47
5452.71 5472.94 5493.74 5514.27 5534.66 5553.79 5566.36 5562.83 5554.88 5544.96 5534.25 5525.81 5515.99 5506.3 5498.75 5481.38 5479.41 5494.51 5513.89 5500.49 5493.87 5495.42 5503.29 5517.23 5537.76 5566.12 5604.61 5654.99 5716 5730.15 5709.84 5688.68 5659.12 5634.25 5615.62 5600.33 5583.92 5562.43 5545.91 5534.52 5520.48 5507.9 5497.26 5490.45 5495.2 5511.41 5530.42 5546.21 5559.71 5570.46 5573.66 5573.44 5575.07 5577.11 5579.17 5579.14 5578.63 5575.63 5570.25 5563.22 5555.03 5544.93 5531.77 5517.93 5503.58 5489.43 5477.39
5445.64 5462.86 5480.77 5498.37 5514.92 5528.72 5537.13 5538.98 5534.55 5525.88 5516.2 5511.04 5501.74 5494.91 5492.26 5502 5525.47 5563.89 5560.2 5538.11 5526 5523.33 5528.18 5539.45 5557.45 5581.99 5613.47 5649.73 5682.05 5692.64 5677.2 5660.79 5644.14 5624.59 5605.36 5586.27 5565.83 5547.01 5531.91 5521.97 5510.19 5498.73 5488.15 5482.34 5490.88 5515.03 5539.89 5547.87 5556.57 5566.91 5566.34 5562.29 5563.97 5566.57 5569.69 5572.11 5571.53 5567.42 5561.66 5554.21 5544.3 5530.98 5519.01 5508.09 5494.6 5479.67 5467.9
5438.79 5452.46 5467.02 5481.07 5493.54 5503.81 5511.84 5515.5 5514.19 5509.48 5504.03 5499.61 5492.88 5487.81 5487.47 5504.17 5533.29 5553.26 5554.89 5548.79 5541.94 5540.31 5543.11 5551.72 5564.97 5582.98 5604.3 5624.5 5637.64 5645.29 5638 5629.29 5619.03 5604.28 5587.1 5568.51 5549.06 5530.68 5518.01 5509.44 5500.25 5490.87 5482.52 5477.38 5489.56 5512.35 5531.3 5538.72 5543.43 5549.16 5549.33 5548.83 5550.71 5553.76 5557.88 5561.3 5561.46 5557.65 5552.59 5545.71 5536.46 5524.47 5512.67 5502.09 5488.79 5474.52 5461.61
5432.16 5442.5 5453.61 5464.14 5473.57 5481.29 5488.75 5494.41 5496.44 5495.64 5494.39 5492.56 5487.62 5483.33 5482.42 5495.68 5518.21 5527.78 5539.01 5544.02 5544.96 5546.31 5549.85 5555.96 5564.11 5571.95 5585 5596.37 5603.98 5608.04 5605.26 5599.95 5591.67 5579.81 5565.34 5549.37 5532.44 5515.93 5504.92 5498.28 5492.16 5486.07 5480.98 5478.07 5491.42 5505.49 5517.98 5523.74 5524.41 5524.55 5529.06 5531.81 5534.83 5539.95 5544.91 5547.73 5548.43 5547.26 5543.96 5538.53 5531.36 5522.59 5512.31 5500.19 5485.8 5470.88 5457.29
