real_craters/C070-300m.grd
DSAA
184 184
-27.3875 27.3875
-27.3875 27.3875
4883.2866540449 5752.679074393
[rows 30 to 59 of 184, columns 0 to 66 of 184]
5396.8 5402.9 5408.66 5414.08 5418.3 5415.65 5412.77 5409.73 5405.93 5404.67 5404.13 5402.91 5401.16 5398.49 5395.09 5391.42 5387.79 5384.64 5382.95 5377.86 5373.87 5376.63 5379.15 5378.94 5376.49 5377.36 5379.14 5380.6 5380.68 5381.8 5382.23 5382.12 5381.74 5381.48 5381 5380.09 5379.62 5381.33 5383.55 5385.6 5389.23 5391.68 5393.52 5395.98 5399.42 5401.23 5403.72 5405.75 5405.1 5403.66 5402.23 5401.07 5400.4 5399.75 5399.52 5401.94 5411.67 5418.73 5417.79 5414.98 5410.95 5405.82 5399.55 5393.2 5392.44 5393.26 5395.17
5401.34 5404.23 5408.01 5411.97 5414.72 5413.24 5411.47 5410.97 5411.43 5407.26 5405.34 5404.94 5404.84 5402.17 5397.18 5391.51 5386.34 5382.18 5379.48 5375.72 5372.74 5374.98 5377.64 5375.82 5366.83 5369.75 5374.85 5379.73 5382.94 5382.77 5383.21 5383.85 5384.3 5384.53 5384.37 5384.3 5385.05 5386.08 5387.71 5391.33 5396.6 5396.84 5398.72 5401.93 5406.3 5407.11 5408.72 5409.68 5408.52 5407.28 5406.44 5406.48 5406.8 5404.39 5402.55 5404.98 5416.27 5424.22 5424.67 5422.64 5419.04 5413.85 5407.29 5399.87 5395.92 5393.3 5392.33
5405.31 5405.04 5406.21 5407.77 5408.53 5408.05 5407.2 5406.73 5406.25 5404.93 5403.8 5404.44 5406.91 5406.09 5397.75 5390.7 5384.33 5378.5 5374.04 5372.62 5373.5 5375.41 5374.89 5373.5 5367.72 5367.32 5371.92 5377.46 5381.31 5382.08 5383.54 5385.65 5387.68 5387.68 5387.2 5387.6 5389.01 5389.59 5390.18 5392.44 5397.56 5399.97 5401.78 5404.05 5406.78 5409.18 5411.39 5411.72 5410.44 5409.84 5409.62 5410.08 5410.81 5408.45 5406.78 5410.84 5422.29 5430.05 5431.65 5430.55 5427.82 5423.89 5418.59 5412.58 5405.79 5400.29 5397.67
5403.63 5403.36 5403.07 5402.79 5402.5 5401.44 5400.78 5400.51 5399.86 5399.12 5398.8 5399.51 5401.5 5400.46 5394.22 5388.26 5382.29 5375.45 5369.14 5369.12 5370.01 5369.56 5364.64 5368.73 5370.08 5368.02 5369.36 5372.5 5376.36 5379.58 5382.56 5385.87 5389.54 5389.22 5388.4 5388.93 5390.45 5391.18 5391.02 5391.46 5395.7 5399.31 5402.15 5404.2 5406.53 5409.76 5412.65 5413.07 5412.36 5411.98 5412.18 5412.54 5412.68 5411.53 5411.36 5417.24 5429.47 5436.92 5439.16 5438.87 5437.25 5434.91 5431.69 5426.36 5419.44 5413.2 5411.19
5400.58 5400.36 5399.27 5397.59 5395.28 5393.69 5393.37 5392.96 5392.68 5392.15 5391.62 5391.06 5390.4 5389.94 5388.09 5385.15 5381.62 5376.6 5369.47 5368.13 5364.49 5359.11 5356.44 5361.75 5365.12 5365.82 5367.03 5367.51 5371.64 5377.07 5380.77 5383.68 5386.22 5386.82 5387.53 5388.76 5390.24 5391.17 5391.84 5392.2 5392.39 5398.05 5401.47 5403.89 5406.61 5409.9 5413.82 5413.23 5412.69 5414.32 5415.44 5415.62 5414.64 5415.27 5418.62 5426.77 5438.74 5445.16 5447.17 5447.22 5446.27 5445.21 5444.59 5441.51 5432.77 5427.41 5426.28
5398.82 5397.69 5395.8 5393.23 5390.01 5387.59 5386.55 5384.68 5384.25 5384.82 5384.33 5382.68 5379.89 5380.73 5382.14 5382.02 5381.59 5382.02 5379.82 5370.74 5363.12 5355.73 5354.01 5354.6 5357.95 5363.52 5368.16 5369.77 5372.87 5376.81 5379.3 5380.84 5381.33 5383.07 5386.05 5388.56 5389.9 5390.95 5394.53 5397.19 5400.15 5399.89 5401.28 5405.25 5406.3 5409.22 5415.62 5416.79 5415.83 5418.9 5421.05 5421.78 5421.3 5423.64 5430.72 5440.27 5450.28 5454.72 5455.71 5455.36 5454.36 5453.29 5452.53 5449.99 5443.5 5440.54 5441.37
5397.44 5395.58 5393.01 5389.93 5386.97 5384.94 5380.96 5379.61 5378.86 5379.08 5378.93 5377.32 5374.62 5375.97 5377.86 5378.7 5379.36 5381 5379.36 5371.89 5365.44 5360.69 5360.11 5358.9 5360.55 5368 5373.93 5377.4 5378.04 5378.47 5379.03 5379.24 5379.11 5380.87 5385.69 5390.02 5393.38 5396.24 5400.61 5403.39 5405.24 5407.45 5410.92 5412.9 5411.66 5413.89 5423.37 5426.57 5426.26 5427.52 5429.7 5431.62 5433.62 5437.91 5445.15 5453.89 5462.48 5463.89 5463.61 5462.5 5461.13 5459.77 5458.74 5458.21 5454.38 5451.33 5452.49
5396.5 5393.81 5390.65 5386.89 5382.5 5377.18 5374.38 5373.15 5373.51 5374.96 5376.14 5376.22 5374.6 5375.22 5375.61 5375.34 5374.86 5373.76 5372.94 5371.01 5368.41 5366.85 5368.45 5367.45 5367.36 5374.57 5380.02 5383.45 5382.01 5380.22 5379.17 5378.9 5379.28 5382.02 5386.91 5392.85 5399.67 5406.61 5409.07 5410.28 5412.86 5420.3 5428.1 5424.48 5423.07 5425.98 5434.85 5437.76 5438.21 5437.99 5439.63 5442.54 5446.93 5452.75 5457.47 5463.92 5469.28 5470.72 5470.07 5468.64 5466.93 5465.06 5463.02 5465.94 5465.34 5463.04 5463.23
5395.55 5392.46 5389 5385.21 5380.18 5373.33 5369.73 5364.4 5368.49 5372.71 5375.55 5377.59 5379.21 5376.59 5374.71 5373.06 5370.8 5367.77 5368.66 5370.53 5371.18 5370.93 5370.32 5369.29 5371.87 5377.51 5382.51 5385.25 5383.02 5380.44 5378.83 5378.44 5379.65 5382.92 5387.65 5394.83 5403.71 5412.72 5415.03 5415.48 5418.11 5425.05 5431.36 5433.68 5434.66 5437.88 5444.76 5446.47 5446.48 5446.77 5448.69 5451.95 5457.03 5463.14 5466.33 5471.75 5475.46 5476.12 5475.43 5473.92 5472.47 5470.68 5468.58 5470.09 5471.16 5469.79 5469.57
5394.01 5391.06 5388.07 5384.7 5381.34 5378.64 5372.87 5367.36 5369.6 5373.32 5376.31 5378.3 5378.42 5376.86 5374.31 5371.69 5368.84 5366.74 5368.34 5371.46 5374.21 5375.51 5373.56 5370.59 5373.79 5378.96 5382.04 5382.57 5380.78 5378.85 5377.62 5377.25 5377.83 5379.94 5386.31 5394.96 5404.48 5413.16 5417.15 5417.88 5419.8 5428.8 5437.86 5441.74 5444.56 5448.41 5452.21 5453.29 5453.28 5454.28 5455.98 5458.64 5462.96 5468.72 5473.68 5477.69 5480.22 5479.96 5479.22 5478.47 5477.74 5477.33 5477.08 5475.4 5474.52 5473.91 5473.63
5392.28 5390 5387.59 5384.76 5382.69 5381.4 5378.86 5376.6 5374.68 5375.74 5377.95 5379.98 5379.56 5377.18 5373.96 5370.97 5368.93 5367.34 5369.93 5373.65 5377.65 5379.8 5375.87 5372.77 5371.64 5373.69 5376.64 5377.42 5376.21 5375.54 5375.29 5375.65 5376.27 5377.92 5384.91 5394.04 5403.57 5412.82 5417.9 5418.72 5420.11 5428.14 5442.66 5448.43 5452.21 5454.95 5458.14 5458.77 5460.38 5461.57 5461.22 5462.67 5465.44 5469.23 5474.67 5478.86 5481.44 5482.17 5482.29 5482.23 5482.34 5483.05 5484.47 5483.91 5481.56 5478.76 5478.25
5391.26 5389.39 5387.29 5384.65 5382.9 5381.4 5380.78 5379.95 5377.4 5377.04 5378.87 5381.76 5380.99 5376.92 5373.02 5370.05 5369.02 5370.9 5371.49 5375.18 5380.32 5384.8 5381.17 5371.83 5366.93 5364.86 5364.77 5367.61 5369.97 5371.43 5372.93 5374.68 5376.58 5379.17 5385.5 5393.27 5401.19 5409.34 5415.12 5418.79 5424.44 5436.68 5446.85 5454.37 5458.69 5462.01 5462.9 5461.85 5460.94 5463.01 5463.3 5464.61 5466.5 5468.69 5473.39 5478.66 5481.59 5483.05 5484.14 5485.14 5486.2 5487.62 5489.07 5492.75 5491.49 5487.43 5484.47
5391.41 5389.44 5387.03 5384.31 5382.23 5380.85 5380.12 5378.41 5376.23 5375.33 5376.67 5380.07 5379.06 5374.84 5371.01 5367.81 5365.58 5366.36 5369.76 5374.61 5380.34 5386.36 5386.04 5370.41 5362.85 5360.81 5356.66 5359.58 5364.32 5367.93 5371.07 5374.41 5378.06 5383.12 5388.35 5392.8 5398.16 5403.21 5408.33 5417.63 5429.26 5444.27 5455.98 5459.38 5463.18 5466.37 5465.79 5464.06 5460.6 5460.25 5463.92 5466.28 5467.96 5469.09 5471.56 5477.99 5481.1 5483.21 5485.37 5487.32 5489.17 5491.98 5496.48 5500.28 5499.98 5496.86 5490.31
5391.98 5389.71 5386.5 5383.57 5380.75 5378.52 5377.21 5375.1 5372.08 5370.29 5370.19 5371.75 5371.84 5370.44 5368.51 5365.94 5362.44 5361.78 5367.52 5372.54 5377.18 5381.58 5386.31 5374.89 5363.68 5359.62 5356.49 5358.21 5361.96 5365.95 5370.18 5374.36 5378.8 5384.37 5388.88 5392.21 5396.47 5400.28 5405.18 5416.27 5429.45 5444.2 5454.07 5459.69 5464.93 5469.29 5469.33 5467.69 5466.39 5465.16 5466.93 5468.94 5470.57 5471.82 5472.13 5473.85 5478.96 5482.81 5485.98 5488.8 5491.02 5492.32 5494.9 5498.56 5501.11 5499.12 5492.93
5392.98 5390.53 5387.11 5382.81 5378.45 5374.73 5372.9 5369.16 5365.57 5363.34 5361.63 5360.26 5363.27 5365.94 5366.89 5366.29 5364.13 5364.55 5368.12 5370.91 5372.45 5375.27 5378.63 5373.65 5364.07 5361.13 5359.98 5359.68 5361.93 5365.64 5370.08 5374.78 5379.16 5382.29 5385.18 5392.32 5397.57 5401.49 5406.27 5416.11 5427.69 5438.99 5448.51 5457.18 5464.37 5469.34 5469.73 5470.37 5472.61 5473.75 5472.16 5472.45 5473.67 5475.62 5476.02 5476.52 5479.13 5482.58 5486.29 5489.79 5492.89 5495.18 5494.29 5494.64 5496.99 5496.27 5492.46
5395.61 5392.6 5388.39 5382.72 5376.03 5369.04 5363.29 5358.99 5357.47 5356.39 5355.52 5354.69 5358.85 5363.32 5367.01 5369.68 5370.36 5370.79 5371.75 5371.32 5368.8 5362.85 5368.05 5367.98 5363.78 5361.9 5361.1 5359.56 5361.9 5366.1 5371.11 5376.58 5381.73 5385.77 5390.11 5397.13 5401.98 5405.71 5409.89 5418.5 5427.82 5435.68 5446.52 5456.06 5463.28 5467.5 5466.89 5471.97 5476.85 5477.11 5476.31 5475.68 5475.14 5476.82 5477.44 5477.14 5479.1 5482.12 5485.86 5489.95 5493.84 5496.6 5494.16 5493.14 5494.04 5493.55 5490.58
5399.64 5396.25 5390.8 5383.62 5374.92 5364.28 5352 5348.91 5350 5350.69 5352.08 5354.91 5357.8 5362.52 5367.94 5374.1 5380.73 5379.95 5376.81 5374.3 5371.25 5367.22 5365.16 5364.49 5360.07 5359.24 5358.72 5358.5 5361.88 5366.78 5372.71 5379.57 5386.58 5394.15 5402.39 5405.77 5408.77 5412.47 5417.64 5424.48 5432.07 5440.44 5451.94 5457.3 5462.67 5466.53 5468.6 5474.58 5482.2 5488.45 5483.38 5478.53 5473.86 5470.55 5473.92 5476.04 5478.06 5480.72 5484.2 5488.19 5492.42 5494.81 5491.01 5490.22 5493.09 5491.74 5489.19
5406.29 5402.58 5395.4 5386.74 5376.48 5364.79 5351.93 5345.01 5345.3 5346.42 5348.44 5351.73 5356.09 5361.52 5367.81 5374.88 5382.69 5382.46 5379.82 5377.75 5375.62 5370.88 5363.29 5361.46 5356.64 5354.27 5353.84 5357.27 5362.09 5368.07 5375.16 5382.75 5391.19 5400.11 5408.63 5412.55 5415.62 5419.25 5423.72 5429.71 5437.88 5446.66 5457.04 5459.15 5462.47 5466.03 5470.33 5477.68 5485.78 5490.38 5487.65 5481.01 5473.62 5469.02 5471.01 5474.28 5475.94 5478.22 5481.33 5484.72 5488.78 5490.83 5486.16 5484.46 5486.32 5487.4 5488.02
5417.61 5410.51 5401.52 5391.28 5380.15 5368.65 5356.37 5345.23 5343.3 5343.82 5345.65 5348.95 5354.14 5359.9 5366.2 5372 5375.83 5379.47 5380.14 5379.44 5377.75 5371.65 5363.35 5359.21 5354.63 5350.72 5349.72 5354.91 5361.99 5369.54 5377.69 5386.05 5394.69 5403.66 5411.57 5417.12 5421.34 5425.64 5429.84 5435.91 5444.05 5450.93 5456.85 5460.33 5465.89 5470.57 5475.53 5481.56 5488.18 5492.85 5490.73 5483.16 5474.27 5468.32 5469.69 5471.05 5472.73 5474.7 5477.03 5479.27 5481.37 5481.46 5477.37 5476.18 5477.98 5480.5 5483.57
5428.76 5418.61 5407.55 5395.8 5383.98 5372.33 5358.9 5346 5342.93 5342.88 5344.45 5347.81 5352.74 5358.3 5364.24 5370.35 5374.6 5377.62 5379.24 5379.8 5378.37 5371.76 5364.23 5358.58 5352.63 5349.7 5349.66 5354.48 5362.59 5371.13 5379.95 5388.64 5397.61 5406.28 5414.66 5420.75 5425.74 5431.52 5438.51 5445.96 5450.52 5455.11 5459.42 5463.4 5471.66 5477.08 5480.52 5484.87 5489.57 5493.07 5492.14 5484.33 5476.53 5470.11 5466.72 5467.15 5468.88 5470.33 5471.75 5472.95 5473.37 5472.37 5469.31 5467.97 5468.22 5471.36 5474.65
5434.94 5424.78 5412.4 5399.44 5386.8 5374.72 5360.62 5347.77 5343.81 5343.56 5344.86 5347.73 5352.03 5356.69 5361.66 5367.51 5373.73 5375.1 5377.23 5379.11 5379.66 5373.59 5366.64 5360.93 5355.21 5353.3 5351.47 5355.96 5364.98 5373.92 5382.6 5391.09 5399.91 5408.33 5415.71 5421.99 5428.42 5435.17 5443.4 5451.8 5453.51 5456.85 5460.96 5465.45 5476.07 5481.48 5484.31 5487 5488.86 5490.15 5489.87 5482.14 5474.61 5467.7 5462.57 5465.18 5465.01 5465.03 5465.67 5466.67 5467.37 5467.16 5464.69 5461.95 5460.88 5460.82 5461.88
5440.48 5429.2 5415.34 5401.26 5388.16 5376.78 5362.83 5349.11 5346.23 5345.96 5346.69 5348.9 5352.14 5355.4 5358.53 5361.26 5364.91 5369.94 5373.68 5376.67 5378.47 5375.53 5370.15 5365.91 5363.32 5362.56 5358.28 5360.84 5369.51 5377.55 5385.78 5394.22 5402.56 5410.55 5417.48 5423.86 5430.23 5436.02 5441.49 5445.59 5449.99 5454.76 5459.37 5464.8 5477.01 5481.67 5484.38 5486.46 5485.81 5483.46 5480.09 5476.54 5469.83 5464.66 5460.71 5461.26 5459.53 5458.56 5458.65 5459.53 5460.68 5459.3 5455.81 5454.46 5452.3 5449.32 5446.32
5445.25 5430.89 5415.48 5400.56 5386.9 5374.96 5364.23 5354.78 5352.2 5350.61 5348.97 5350.78 5353.17 5355.03 5356.21 5356.68 5359.67 5365.11 5369.66 5372.98 5374.48 5373.47 5371.62 5370.18 5370.13 5371.58 5366.77 5367.49 5374.58 5381.32 5388.77 5397.02 5405.34 5413.69 5420.97 5427.31 5432.31 5436.09 5438.5 5440.19 5445.25 5450.84 5455.66 5460.1 5470.54 5476.78 5480.58 5482.59 5481.34 5478.72 5476.12 5471.87 5467.52 5464.25 5461.2 5455.63 5452.77 5450.83 5450 5450.51 5452.12 5449.78 5445.27 5445.65 5443.3 5438.83 5433.52
5441.81 5427.61 5412.32 5397.5 5383.79 5372.1 5366.31 5363.82 5361.16 5358.29 5356.07 5355.31 5355.72 5356.21 5356.25 5355.5 5357.55 5361.98 5365.77 5369.23 5371.7 5372.08 5371.2 5371.78 5373.87 5375.21 5372.42 5371.01 5378.6 5384.6 5391.46 5399.71 5408.24 5417.12 5425.01 5431.41 5435.2 5436.95 5437.57 5438.32 5442 5447.41 5451.87 5454.46 5462.29 5470.29 5475.23 5477.16 5476.74 5474.14 5469.88 5467.95 5465.18 5462.31 5457.75 5450.69 5445.62 5442.43 5440.35 5439.19 5440.04 5437.7 5433.63 5434.65 5433.69 5430.82 5427.39
5430.48 5419.02 5406.06 5392.94 5380.35 5370.22 5368.57 5370.72 5369.13 5365.04 5362.67 5359.89 5358.72 5358.48 5358.48 5358.37 5359.11 5360.5 5361.93 5364.19 5367.44 5366.59 5367.91 5370.33 5374.64 5377.18 5375.93 5375.62 5380.52 5386.67 5393.87 5402.28 5411.1 5420.33 5429.19 5436.36 5438.88 5438.63 5437.33 5436.39 5439.39 5445.73 5451.72 5454.45 5459.17 5466.69 5471.55 5473.92 5472.86 5470.3 5468.35 5465.69 5462.29 5458.58 5452.52 5443.53 5437.98 5434.52 5430.88 5427.03 5425.91 5426.36 5425.49 5425.19 5426.52 5425.69 5423.57
5414.79 5407.59 5398.57 5388.32 5377.55 5368.81 5369.76 5373.24 5372.88 5368.11 5364.09 5362.01 5360.83 5360.82 5361.65 5362.21 5361.27 5359.77 5358.29 5356.52 5356.34 5359.24 5362.52 5365.69 5370.85 5376.15 5376.13 5377.78 5381.15 5387.43 5394.9 5403.7 5413.1 5422.85 5432.35 5440.55 5442.43 5440.77 5438.13 5435.89 5438.04 5445.79 5454.11 5460.29 5463.13 5467.13 5469.88 5469.98 5468.79 5466.63 5461.86 5458.32 5454.32 5450.07 5444.34 5436.86 5431.98 5428.45 5424.08 5418.09 5412.79 5418.23 5421.66 5424.19 5423.96 5423.56 5422.22
5400.39 5397.69 5392.37 5384.81 5376.71 5370.92 5370.12 5371.99 5372.16 5369.13 5365.94 5362.92 5361.48 5361.71 5363.7 5365.86 5362.72 5359.1 5355.91 5351.97 5350.01 5353.73 5357.03 5359.18 5362.26 5369.22 5370.38 5373.73 5379.37 5386.07 5394.13 5403.47 5413.72 5424.27 5434.17 5441.91 5444.6 5443.05 5439.77 5436.87 5438.1 5446.73 5455.9 5462.67 5467.6 5469.31 5470.52 5470.19 5468.9 5464.92 5460.19 5456.55 5449.82 5441.6 5435.87 5431.97 5428.3 5424.57 5421.2 5417.62 5415.55 5420.17 5421.93 5421.78 5423.06 5423.22 5422.61
5396.93 5393.71 5389.2 5383.01 5376.43 5371.36 5369.08 5368.16 5367.38 5366.67 5364.9 5361.61 5360.03 5359.93 5361.52 5363.75 5360.83 5357.85 5355.29 5353.37 5352.68 5353.04 5353.58 5353.3 5352.46 5356.17 5360.04 5366.23 5374.55 5382.87 5392.2 5402.36 5413.54 5424.3 5435.03 5444.3 5447.84 5445.21 5441.74 5439.18 5440.68 5448.27 5458.41 5468.65 5470.95 5470.06 5470.96 5472.92 5471.28 5463.04 5455.18 5451.83 5445.81 5436.05 5430.09 5426.65 5423.87 5421.57 5420.31 5420.41 5421.44 5424.93 5424.65 5424.23 5423.82 5423.98 5422.76
5400.23 5394.48 5388.18 5382.27 5376.6 5371.42 5367.4 5363.32 5359.31 5358.72 5359.05 5358.09 5356.99 5356.15 5355.47 5355.38 5356.06 5355.96 5355.54 5354.56 5354.61 5354 5352.29 5350.08 5347.49 5347.18 5352.55 5357.58 5367.03 5378.31 5389.55 5401.03 5412.76 5423.85 5434.49 5443.65 5447.69 5445.67 5443.03 5440.78 5440.89 5448.35 5457.81 5465.6 5467.37 5466.61 5467.43 5469.11 5467.34 5458.39 5448.43 5440.84 5436.93 5428.3 5423.92 5421.25 5419.35 5418.41 5418.71 5420.63 5420.95 5421.73 5422.37 5423.38 5424.11 5425.06 5425.57
5400.27 5393.78 5386.64 5381.22 5377.43 5372.17 5366.23 5360.78 5354.57 5351.56 5353.67 5355.15 5354.34 5352.48 5350.3 5349.65 5351.98 5354.26 5356.48 5358.4 5358.59 5355.75 5352.27 5349.19 5347.6 5346.19 5348.76 5351.73 5358.83 5373.82 5387.42 5400.1 5411.99 5422.94 5432.5 5439.75 5443.51 5444.44 5443.77 5442.44 5442.37 5448.54 5455.86 5460.47 5460.12 5459.69 5460.37 5461.02 5459.16 5451.75 5443.14 5436.65 5431.26 5423 5419.36 5416.8 5415.21 5414.4 5415.53 5417.79 5417.95 5416.21 5417.96 5420.88 5424.18 5425.84 5426.62
