real_craters/C071-500m.grd
DSAA
111 111
-27.545 27.545
-27.545 27.545
10158.111431206 11750.736425177
[rows 60 to 89 of 111, columns 0 to 66 of 111]
11396.7 11394.8 11395.9 11394.5 11397.3 11398.4 11392.8 11389.4 11385.7 11393.1 11406.7 11419.3 11421.5 11423.2 11422.6 11423.2 11423.3 11427 11425.3 11420.6 11420.6 11422.7 11432.7 11436.3 11443 11437.2 11428.4 11420.9 11421.9 11429.3 11438.5 11447.5 11464.7 11490.2 11531.8 11578.6 11626 11669.7 11711.3 11734.8 11738.1 11600 11464.2 11320.4 11183.6 11054.2 10975.8 10827.3 10685.3 10617.2 10579.5 10540.8 10503.6 10468.4 10440.8 10422.9 10425.5 10455.6 10474.5 10487.9 10514.4 10559.2 10635.4 10744.2 10866.7 10981 11108.2
11397.1 11393.9 11392.8 11393.1 11393 11394.3 11391.2 11388.9 11386 11390.4 11399.8 11412.7 11415.3 11419.8 11427 11422.5 11419.5 11416.4 11418.6 11419.8 11420.7 11419.1 11422.2 11428 11433.8 11431.3 11424.6 11420 11420.3 11424 11426.7 11430.5 11445.4 11473.5 11513 11558.9 11602.2 11643.8 11681.8 11715.6 11732.1 11628.9 11490 11343.1 11202.3 11100.5 11033.1 10899.7 10741.6 10660 10623.2 10585.5 10552.2 10522 10498 10483.9 10483.8 10501.3 10511.8 10516.2 10531.7 10569.6 10638.4 10739.4 10869 11012.9 11160.4
11395.6 11391.6 11392.7 11391.2 11387 11386.2 11387.4 11386.1 11384.9 11385.8 11388.4 11392.4 11404.9 11414.5 11419.7 11417.8 11413.4 11409 11412.1 11417.1 11424.5 11433.7 11421.3 11422.5 11423.3 11421.1 11421.2 11421.5 11421.2 11426.2 11432.9 11439.3 11449.1 11467.5 11502 11539.5 11575 11610.2 11643.2 11674.2 11702 11649.3 11508 11354 11201.1 11082.9 11059.6 10979.4 10866.3 10744.7 10681.6 10638.4 10606 10578.1 10553.4 10535.5 10525.7 10527.7 10535.4 10537.1 10547.1 10579.9 10645.3 10738.3 10880.4 11055.3 11227.4
11400.3 11393.2 11392.2 11390.5 11386.1 11385.5 11386.2 11386.3 11383.9 11382.2 11381.6 11385.5 11397.4 11408.5 11413 11411.3 11407.1 11403.3 11405.3 11412 11420 11429.4 11430.9 11430.8 11429.3 11427.4 11422.9 11417.4 11426.1 11435.3 11446.9 11450 11455.8 11468.3 11497 11525.7 11553.3 11579.5 11606.1 11626.2 11645.5 11635.8 11508.9 11356.6 11196 11076.2 11037.6 11008.8 10935.2 10816.5 10730.1 10695.8 10669.2 10643 10616.3 10589 10566.2 10547.9 10559.6 10560.2 10567 10600.5 10674.7 10777.2 10933.6 11118.1 11296.4
11412.8 11404 11397 11389.5 11385.9 11385.3 11384.9 11384.5 11381.7 11379.5 11379.3 11383.5 11392.5 11401.4 11405.4 11405.1 11402.8 11400.3 11402.1 11405 11406.7 11405.4 11413 11431.9 11446.5 11453.2 11436 11425.5 11438.4 11447 11436.6 11449.8 11466.1 11481.6 11494.7 11511.9 11530.4 11549.4 11565.4 11578.1 11596.2 11608.9 11508.9 11369.7 11211.8 11070.7 11007.7 11000.3 10968.5 10870.6 10788.3 10764.7 10742.2 10717.8 10688.9 10655.5 10621.1 10592.8 10599.7 10599.3 10607.3 10637.8 10740.5 10862.3 11027 11206.3 11373.2
11440.4 11424.1 11408.9 11393.7 11386.7 11384.9 11383.3 11381.2 11379.1 11377.5 11377.4 11381.4 11388.9 11395.9 11399.3 11400 11399.3 11403.5 11399.9 11398.3 11396.3 11393.1 11392.7 11412.8 11445.5 11473.7 11451.9 11440 11441 11438.7 11430.6 11447.1 11467.7 11480.8 11490.1 11499.6 11509.9 11520.3 11529.8 11536.5 11542.4 11575.2 11506.5 11399 11268.5 11134.1 11026.3 10983.2 10982.4 10933.5 10884.9 10855.7 10823.8 10802.6 10775.4 10742.4 10702.3 10660.4 10652.5 10671 10687 10741.9 10859.4 10992.7 11152.8 11311.8 11458.4
11489.3 11446.2 11430.1 11406.5 11390.4 11385.4 11383 11380.1 11378 11376.8 11376.1 11379.9 11386.5 11392.1 11395.3 11395.6 11396.3 11396.9 11395.6 11393.4 11391.4 11391.6 11391.7 11395.9 11419 11433.9 11446.7 11445.5 11439.1 11431.3 11426.2 11447.7 11467.5 11481 11485.2 11489.3 11494.3 11499.6 11504.5 11509.4 11520.3 11535.2 11509.5 11453.6 11386 11314.5 11167.7 11024.3 10995.6 10990.3 10995.8 10941.9 10912.7 10899.2 10877.8 10850.7 10816.2 10782.4 10796 10786.2 10803.9 10877.9 11032.8 11171.7 11305 11422.8 11529.7
11572 11524.5 11466.4 11420 11395.9 11388.6 11382.5 11380.1 11379.1 11377.8 11375.6 11379.3 11383.8 11387.8 11388.7 11390.5 11392 11392.8 11391.3 11389.6 11387.8 11386.2 11385.9 11389.8 11397.3 11399.5 11420.2 11431.1 11433.8 11435.3 11430.5 11448.4 11475.1 11478.6 11478.2 11479.7 11482.4 11485.1 11487.8 11490.6 11498.5 11522.3 11522.6 11509.1 11510 11560.7 11428.8 11197.5 11079.2 11057.6 11008 11005.9 11010.2 11005.7 10991.8 10974.8 10957.8 10942.9 10911.3 10929.3 10972.2 11072.7 11250.4 11391.8 11460.2 11521.7 11580.3
11388 11490.2 11455.7 11432.5 11412.4 11395.5 11384.1 11382.2 11380.9 11380.9 11382.5 11380.3 11380.5 11381.5 11383.1 11385.8 11386.6 11386.4 11386.2 11385.1 11383.7 11381.6 11381.5 11387.3 11390.7 11392.7 11400.1 11414.2 11423.8 11428.9 11421.5 11443 11463.5 11467.5 11467 11469.2 11471.6 11473.6 11476.6 11480 11492.1 11519.9 11530.4 11533.9 11549 11589.1 11591.5 11454.9 11286.7 11205.7 11129.3 11125.6 11142.4 11136.8 11127.1 11118.9 11117 11112.5 11096.5 11132.4 11201.2 11304.7 11461.3 11569 11571.2 11584.7 11608.8
11119.8 11283.9 11379.4 11429.2 11422.9 11400.2 11387.7 11382.6 11380.4 11381.2 11384.4 11378.9 11376.5 11377.2 11380.2 11381.6 11383 11381.4 11381.4 11381.2 11380.6 11380 11380.5 11385.3 11392.3 11389.4 11394.3 11405.1 11413.7 11419.5 11425.9 11437.3 11453.3 11453.7 11453.9 11458.3 11462 11464.7 11468.6 11474.2 11484.5 11503.4 11516.5 11528.3 11543.4 11554.4 11556 11625.8 11497.3 11392.3 11340.6 11324.3 11296.2 11273.2 11258.9 11259.5 11275.4 11307.2 11337.7 11372.3 11440.5 11499.4 11575.6 11624.2 11606.7 11594.7 11592.8
10950.9 11146.1 11315.7 11424.2 11421.3 11400 11387.2 11380.4 11377.4 11375.4 11373.8 11373.1 11371.3 11372 11375.1 11377 11377.9 11377.3 11377.7 11378.1 11378.8 11380.5 11378.7 11396.4 11397.8 11392.3 11396.2 11400.4 11405.8 11411.3 11421.7 11427.4 11429.8 11435.2 11444.8 11449.3 11452.8 11456.9 11462.1 11469.2 11477.3 11484.3 11494.6 11508.5 11522.2 11523.1 11524.8 11567.4 11552.4 11516.6 11522.7 11513.1 11437.3 11395.1 11373.7 11377.5 11409.2 11469.3 11552.5 11550 11600 11594.1 11576 11584.4 11583.7 11566 11535.3
10952.8 11133.7 11306.3 11420.9 11416.3 11400.8 11385 11378.8 11374.2 11371 11369 11368.1 11367.2 11367.8 11369.4 11371.8 11373.6 11374.1 11374.5 11375.4 11376 11375.8 11379.4 11386 11389 11389.1 11392.8 11394.4 11399.4 11407.3 11415.8 11419.5 11417.8 11423.3 11434.6 11439.4 11443.5 11448.1 11453.3 11459.5 11464.9 11471.2 11479.1 11484.3 11492 11494.2 11496.9 11527.4 11549.4 11554.2 11570.8 11558.2 11507.5 11470.2 11457 11460.9 11493 11547 11597.9 11595.2 11604.3 11591.9 11557.3 11549.6 11546.4 11528.8 11502.6
11118.8 11244.3 11351.2 11418.3 11416.4 11402.9 11383.6 11375.9 11371.3 11368.1 11366.3 11365.8 11363.1 11364.7 11365.3 11368.4 11368.3 11368.9 11371.2 11373 11373.8 11373.7 11377.6 11379.8 11377.8 11376 11377.7 11386.3 11393.1 11401 11417.8 11416.2 11416.6 11421.1 11424.1 11429 11433.9 11439.1 11444 11447.3 11451.7 11453.4 11452.3 11460.6 11462.5 11472.4 11486.9 11515 11539.6 11549.4 11555.3 11547.2 11525.8 11505.8 11498.3 11504.6 11529 11565.3 11592.5 11610.7 11593.2 11569.6 11544.7 11529.3 11514.7 11495.9 11467.2
11374.2 11399.2 11419 11442.8 11407.9 11391.4 11382 11374.5 11369.5 11365.6 11363.9 11364.3 11367.6 11364.4 11363.1 11365.4 11365.9 11366.7 11368.6 11370.9 11374 11375.1 11370.2 11366.9 11368.4 11368.4 11372.8 11381.6 11389.8 11405.9 11408.8 11411.7 11411.5 11412.9 11415.2 11419.1 11424.3 11430.3 11436.9 11441.1 11443 11443.4 11445.7 11447.8 11450.9 11460.9 11474 11489.5 11515.3 11525.6 11530.1 11532.8 11520.9 11513.5 11514.3 11523.2 11533.7 11554.9 11576.6 11585.7 11553.5 11540.6 11521.5 11508.7 11493.7 11476.3 11454.1
11557.5 11487.5 11450.5 11432.6 11401.8 11391.3 11382.3 11374.2 11368.4 11364.5 11362.1 11360.9 11359.6 11360 11360.5 11363.5 11364.9 11364.3 11365.9 11367.5 11369.6 11370.8 11368.4 11366.4 11366 11365.7 11376.6 11380 11384.8 11394.3 11411 11406.1 11402.5 11399 11406.5 11409.1 11414.6 11421 11428.9 11440.7 11435.8 11435.3 11436.8 11441.2 11443.2 11449.7 11454.2 11461 11488.5 11499.2 11501.1 11496.3 11498.4 11501.3 11508.7 11513.7 11521.7 11531.1 11541 11523.6 11519.2 11514.3 11503.7 11492.2 11478.1 11464.4 11451.6
11466 11465.8 11435.3 11405.2 11397.5 11386.3 11380.9 11372.4 11367.2 11363.3 11360.9 11359.2 11358.4 11357.2 11356.4 11358.4 11359.2 11362.1 11363.7 11364.2 11363.7 11363.9 11365.2 11365.6 11365.5 11366.1 11370 11375.9 11379.4 11380.6 11391.5 11395.1 11394.9 11392.4 11393 11398.6 11405.3 11411.1 11415.3 11417.1 11422.8 11424.8 11427.7 11434.2 11445.4 11441 11439.8 11446.9 11466.8 11474.9 11475.9 11470.3 11473.6 11478.6 11483.6 11488.3 11492 11492.5 11490.1 11486.3 11496.4 11495.2 11489.5 11477.5 11464.5 11450.3 11435.3
11441.3 11432.2 11412.4 11394.2 11387.7 11383.5 11371.5 11369.2 11366.1 11363.3 11360.8 11358.5 11356.9 11356.6 11356.5 11358.2 11360.8 11362.1 11363 11362.8 11361.4 11362.4 11363.8 11364.2 11366.2 11370.7 11371.6 11374.3 11377.2 11385.6 11385.4 11388.8 11390.8 11391 11387.3 11392.6 11399.2 11403.8 11406.8 11409.8 11412.1 11414.3 11416.4 11418.8 11422.8 11429.7 11432.5 11436.2 11450 11457.2 11455.5 11449.9 11450.3 11453.7 11459.1 11459.5 11461.1 11457.5 11448.4 11450 11465.8 11474 11474.7 11462.5 11450 11435.7 11419.9
11410.4 11407.2 11395 11384.7 11379.8 11375.8 11370.7 11368.4 11365.8 11362.9 11361.5 11360.6 11359 11357.8 11357.8 11359.4 11362.5 11363.9 11364.3 11364.1 11364.2 11365 11366.1 11366.7 11367.8 11368.2 11372.6 11376.4 11376.3 11379.5 11383.1 11385 11389.7 11395 11397 11394.7 11396.5 11399.8 11400.5 11401.7 11404.9 11405.2 11404.5 11403.8 11407.6 11418.9 11423.5 11422.2 11438.5 11441.4 11436.9 11431.9 11431.9 11433.7 11434.9 11434.6 11432.4 11425.7 11419.4 11411.6 11419.1 11441 11448.3 11441.1 11432.6 11423 11409.9
11394.5 11389.6 11381.9 11377.3 11375.1 11372.2 11374 11370.5 11366.8 11364.1 11362.5 11361 11360.4 11359.2 11359.1 11362.2 11365.7 11366.6 11366.4 11366.7 11367.6 11369.8 11372 11371 11369.7 11370.8 11371 11377.2 11389.4 11383.2 11377.9 11379.2 11387.2 11396.3 11394.8 11391.1 11395.7 11399.3 11401.7 11402.2 11401.5 11399.1 11394.8 11393 11397.5 11404.2 11410.6 11411.7 11427.5 11426.9 11422.1 11415.2 11411.6 11415 11415.2 11414 11408.6 11402.9 11399.9 11395.7 11387.8 11398.4 11409.9 11414.9 11413.4 11411.8 11401.4
11385.5 11382 11378.9 11375.2 11374.6 11373.9 11374.9 11371.5 11368.4 11365.8 11363.8 11362.7 11361.9 11361.7 11361.5 11365 11370.5 11370.6 11368.8 11368.2 11370.7 11372.9 11379.1 11387.5 11378.6 11368.2 11368.1 11373.3 11383.3 11382.4 11377.3 11377.5 11381.9 11387 11389.9 11392.3 11395.6 11400.5 11405.1 11405.4 11402.1 11397.6 11391.8 11387.9 11390.1 11391.5 11393.6 11413.7 11413.8 11411.3 11409.6 11407.1 11405.5 11404.1 11402.4 11398.8 11394.3 11387.7 11380.7 11368.1 11377.6 11377.7 11385.8 11393.1 11392.3 11386.3 11381.6
11381.9 11378.1 11373.8 11373.4 11374 11375.3 11372.6 11370.7 11368.9 11366.9 11365.3 11364.9 11364.5 11366 11370.1 11374.7 11378.6 11374.4 11369.6 11366.1 11365.4 11371 11377.8 11385.7 11369 11365.8 11371 11378.3 11381.1 11377.7 11373.1 11372.5 11375.1 11377.9 11381.8 11389.4 11392.4 11400.2 11410.4 11407.7 11403.1 11399.3 11395.9 11393.4 11394.2 11392.6 11393.3 11411.3 11402.3 11400 11401.2 11400.1 11398.5 11395.9 11394 11390.2 11385.6 11379.3 11370.6 11361.4 11366.2 11376.8 11378.9 11379.1 11375.6 11368.7 11365.5
11376.6 11376.1 11375.6 11372.9 11371.9 11376.7 11370.7 11368.3 11366.9 11365.9 11365.5 11365 11365.6 11367.8 11375.8 11397.2 11385.9 11375.6 11368.4 11363.7 11362.5 11366.2 11369.2 11366.3 11364.6 11365.8 11366.6 11361.7 11359.4 11362.4 11365.6 11366.6 11368.8 11369.6 11371.3 11373.7 11384.6 11394.8 11402.5 11405 11403.1 11400.8 11400.1 11398.6 11399.4 11396.8 11401.8 11408.2 11404.2 11397.4 11395.7 11393.6 11388.4 11388.7 11386.6 11383.7 11381 11376.5 11369.8 11362.7 11364.9 11377.5 11373.9 11370.4 11364.8 11359.4 11356.4
11375.8 11375.4 11374.5 11372.8 11371 11370.9 11367.8 11365.8 11363.7 11363.8 11364.5 11365.5 11364.5 11365.2 11368.7 11381.1 11377.9 11370.2 11364.5 11360.3 11360.1 11362.3 11363.9 11362.5 11360 11360.6 11367.5 11366.8 11353.2 11357.2 11361.2 11362.5 11364 11365 11366.8 11370.7 11378.8 11387.6 11397.9 11399.7 11400.9 11400.8 11401.4 11402.9 11406.1 11408.3 11411 11405.5 11401.8 11396.5 11393.5 11390.2 11390.5 11384.4 11382.1 11380.8 11379.1 11376.7 11375.2 11371.5 11368.3 11370.2 11368.9 11364.7 11358.4 11351.5 11351
11375.2 11375.5 11374.9 11372.7 11371.4 11369.1 11367 11364.1 11362 11362.1 11362.7 11363.3 11362 11361 11360.4 11359.4 11360 11362.3 11361 11357 11356.8 11360.2 11362.7 11365.6 11365.8 11371.4 11377.7 11385 11368.6 11363.5 11361.6 11361 11360.5 11361.4 11363.3 11366.3 11376.5 11386.4 11383.8 11397.2 11399.2 11398.7 11399.3 11406.5 11407 11403.3 11395.7 11394.1 11392.8 11396.2 11391.6 11385.8 11378.5 11376.4 11377.6 11377.9 11378.8 11379.8 11381.6 11382.2 11378.5 11371 11366.2 11361.7 11357.4 11352.5 11349
11374.7 11374.6 11373.8 11372 11369.5 11368.9 11365.9 11363.4 11360.9 11361.1 11361.1 11360.9 11360 11358.5 11355.3 11356.6 11355.9 11358.9 11361.4 11363.8 11361.6 11360.9 11362.3 11368.6 11384.1 11382.7 11384.2 11389 11381.7 11370.3 11364.5 11361 11359.4 11358.4 11357.8 11364.2 11376.7 11394.3 11407.9 11401.4 11398.2 11395.8 11392 11390.9 11396.2 11393.7 11393.1 11389.4 11387.6 11396 11390.8 11384.1 11376.9 11373.7 11376 11377.7 11379.2 11380.5 11383.2 11383.1 11377.4 11367.7 11363.5 11359.2 11355.7 11352.1 11346.8
11374.8 11373.9 11372.8 11371.3 11369.3 11367.7 11367.1 11364.1 11362 11361.2 11360.8 11360.2 11359.4 11358.4 11358.2 11356.2 11355.1 11357.4 11361.3 11365.6 11363.6 11360.1 11359 11360.1 11361.7 11375.8 11380.3 11375.5 11372.5 11371.1 11366.6 11363.1 11360 11358.8 11360.1 11363.8 11373.9 11388.3 11398.5 11399.1 11397.3 11395.4 11393.7 11395 11395.5 11394.6 11393.8 11391.2 11395.7 11393 11389.2 11383.3 11378.4 11376 11376.5 11377.3 11378.4 11378.9 11378.9 11376.3 11370.7 11365.3 11360.7 11355.9 11350.9 11346.7 11343.3
11375.6 11374.4 11372.7 11371 11369 11367.6 11366.7 11364.4 11362.8 11362.2 11361.4 11360.3 11359.1 11358 11353 11352.7 11352.9 11355.4 11358.8 11360.3 11359.7 11356.3 11352.7 11349.2 11348.6 11349.1 11363.5 11378.2 11382.9 11378.6 11370.5 11363.7 11359.4 11359.5 11362.2 11365.5 11371.9 11378.2 11388.2 11395.6 11395 11393.6 11397.3 11405.2 11407.3 11401.5 11396.7 11386.8 11374.1 11389.5 11384.4 11381.7 11379.9 11379.4 11376.8 11376.1 11376.1 11375.6 11372.5 11369.8 11365.5 11364.3 11359.3 11353.6 11347.8 11343 11339.8
11376.5 11374.5 11372.7 11370.9 11369.6 11368.6 11367.9 11365.5 11363.7 11362.7 11362.5 11360.7 11358.3 11356.7 11356 11353 11352 11353.5 11355.8 11357.9 11354.9 11351.8 11349.2 11345.5 11347.1 11346.8 11365.7 11401.7 11393.6 11386.3 11376.8 11367.7 11362.5 11362.1 11361.4 11360.5 11370 11396.7 11399.4 11396.8 11393.8 11389.1 11382.8 11391.1 11398.8 11400 11393.9 11383.9 11380.9 11371.1 11378 11378.7 11377.6 11376.7 11375 11374.8 11375 11374.8 11375.9 11369.2 11361.6 11362.4 11357.7 11352.6 11348.3 11342.6 11338.4
11377.8 11375.8 11373.3 11371.2 11369.7 11368.9 11367 11364.4 11363.5 11362.7 11360.5 11359.2 11356.7 11354 11353.9 11352.7 11352 11352.5 11352.1 11350.9 11350.5 11348.4 11346 11345.2 11348 11348 11368.4 11412.5 11400 11394.5 11386.1 11375.4 11367.5 11368 11368 11368.2 11367.2 11383.3 11395.8 11396 11394.3 11389.9 11382.2 11381.3 11381.9 11388.2 11382.7 11376.6 11371.6 11375.6 11376.9 11375.9 11373.3 11368.2 11371 11372.8 11373.2 11372.5 11370.2 11368.9 11370.3 11361 11355.5 11350.2 11345.7 11340.6 11336
11379.5 11376.9 11374.2 11371.2 11369.8 11368.6 11367.1 11365.4 11364 11363.2 11363.7 11359.1 11356.1 11353.6 11351.9 11352.2 11353.9 11351.7 11349.1 11347.8 11346.6 11345 11343.5 11342.7 11346.9 11350.7 11365.8 11390.7 11401.5 11401.1 11394.2 11387.9 11381.9 11377.8 11370.5 11362.3 11364.2 11376.1 11389.2 11393.3 11394.7 11395.8 11396.9 11393.7 11383.5 11371.5 11370.4 11368.6 11366.7 11373.8 11373.8 11372.7 11371.6 11371.3 11370.9 11370.5 11370.8 11371 11369.3 11364.9 11360.5 11361.7 11351.8 11344.8 11339.1 11336.4 11333.2
