real_craters/C071-300m.grd
DSAA
185 185
-27.545 27.545
-27.545 27.545
10157.032962474 11753.076882675
[rows 90 to 119 of 185, columns 0 to 66 of 185]
11405.5 11402.2 11399.9 11400.3 11401.7 11401.3 11399.7 11398.8 11398.9 11400.6 11404.5 11410.3 11417 11423.9 11429.7 11433.8 11438.8 11443.4 11447 11449 11448 11448.5 11446.5 11444 11442.9 11441.8 11441.5 11442.7 11444.4 11446.4 11449.2 11460 11462.9 11462.3 11459.8 11457.1 11457.3 11456 11452.4 11447.8 11452.2 11456 11457.6 11457.9 11458 11458.6 11458.9 11451.1 11450.2 11449 11448.7 11452.7 11463.5 11476.5 11494.7 11522.3 11550.2 11579.2 11609 11636.3 11661.6 11683.3 11699.9 11707 11702.1 11675.6 11621.5
11403.7 11400.7 11398.6 11401.9 11401.8 11400.3 11398.5 11396.9 11396 11396 11400.2 11406.6 11413.6 11420.1 11424.1 11426.8 11433.7 11438.3 11441 11441.9 11442.3 11441.9 11440.7 11439 11436.5 11437 11437.8 11438.7 11440.2 11442.5 11444.3 11445.6 11451.5 11454.7 11455.5 11456.7 11460 11459.5 11459.7 11459.9 11460.3 11463 11463.2 11463 11463.1 11463.8 11462.4 11462.7 11459.7 11456.8 11455.8 11459.7 11472.9 11484.6 11501.8 11528.9 11555.5 11584.9 11613.3 11639.4 11666.1 11688.7 11704.7 11714.4 11712.9 11693.4 11652.7
11402.9 11400.2 11398.3 11402.1 11399.9 11399 11397.1 11395.2 11393.7 11393.5 11397.1 11403 11410.3 11418.4 11423.8 11427.2 11431.3 11434.5 11436.4 11437 11436.5 11435.6 11435.4 11434.9 11434.8 11434 11434.3 11435.1 11436.3 11438.2 11441.9 11439.6 11442.9 11446.2 11449.1 11453 11457.7 11461.2 11464.3 11469.3 11473.3 11471.3 11468.3 11466.4 11466.1 11467.8 11473 11473.8 11467.2 11463.8 11461.8 11463.6 11478.4 11492.4 11506.7 11532.7 11557.8 11586.6 11615.3 11642.5 11668.7 11692.7 11710.9 11723.5 11726.8 11716.7 11692
11402.1 11400.4 11399.7 11398 11397.9 11397.4 11396 11394 11392.2 11391.7 11394.3 11399 11405.8 11415.3 11422.8 11427.2 11430 11431.8 11432.6 11432.5 11430.1 11429.7 11430.8 11431.1 11431.1 11431.1 11431.1 11431.4 11431.9 11432.1 11431.6 11434.1 11436.7 11439.8 11443.9 11448.8 11452.8 11461.5 11471.4 11481.8 11486.2 11475.9 11469.5 11466.6 11465.8 11467.5 11471.2 11474.4 11471.3 11469 11467.6 11469.6 11482.7 11494 11507.2 11532.7 11558.2 11586.6 11616.7 11644.7 11672.7 11697.8 11718.1 11732.9 11739.1 11731.9 11699.3
11401.4 11400 11399.2 11400.8 11398.5 11397.5 11395.5 11393.4 11391.5 11390.2 11391.6 11394.2 11398.3 11407.4 11420.4 11426.9 11428.3 11429.1 11429.3 11429.5 11429.1 11428.6 11427.9 11427.8 11427.7 11428 11428.1 11428.2 11428.2 11428.2 11427.9 11429.5 11431.6 11434 11437.1 11442.9 11447.5 11460.2 11480.8 11483.7 11477 11471.1 11466.1 11463.5 11462.5 11463.3 11466.7 11471.9 11471.1 11471.9 11473 11476.7 11486.2 11492.6 11507.3 11531.8 11556.7 11585.5 11615.5 11645 11673.7 11699.7 11721 11738.8 11747.3 11742.6 11714.9
11400.3 11399.4 11398.6 11398.3 11400.1 11398.1 11395.6 11393.5 11391.7 11390.6 11389.9 11390 11390.4 11392.2 11414.9 11423.2 11425 11425.9 11425.9 11424.9 11425.3 11425.1 11425.2 11425.4 11425.5 11425.6 11425.5 11425.3 11425.2 11425.8 11425.8 11426 11427.5 11429.3 11432 11436 11441.2 11452.3 11466.1 11468.3 11461.3 11460.8 11459.1 11457.6 11456.5 11456.7 11458 11466.7 11468.5 11471.7 11475.9 11483.1 11490.8 11494.9 11504.8 11527.5 11553 11582.2 11615 11643.7 11671.4 11697.5 11722.7 11740.9 11751.7 11751.5 11735.3
11399.4 11398.4 11397.4 11396.7 11396.9 11396.7 11395.2 11393.6 11392 11390.5 11389 11388 11388 11392.4 11408.3 11416 11419.9 11422.6 11424 11423 11422.5 11421.7 11422.6 11423.8 11424.7 11423.9 11423.6 11423 11422.2 11421.9 11422.8 11423 11424.1 11426 11428.4 11429.5 11431.9 11439.3 11446.4 11450.3 11451.3 11450.6 11451.2 11450.1 11449.9 11450.5 11452.4 11459.1 11463.4 11468 11473.7 11481.9 11488.5 11488.8 11496.6 11519.6 11546.2 11574.5 11606.1 11636.4 11666.2 11692.2 11719.1 11738.6 11750.8 11753.1 11741.5
11397.9 11397 11395.9 11395.2 11396.6 11395.7 11394.7 11393.6 11392.4 11390.9 11389.1 11387.7 11387.6 11390.9 11399.4 11407.1 11414 11419.6 11424 11426.3 11423.3 11421 11420.9 11420.9 11421.6 11422.5 11422.3 11421.4 11419.6 11417.2 11417.7 11419.4 11421 11422.7 11424.3 11425.1 11426.4 11429.8 11433.9 11437.5 11437.2 11441 11444 11443.7 11442.7 11443.4 11448.4 11451.4 11456 11461.3 11467.1 11473.4 11477.6 11477.1 11486.3 11510.8 11538.1 11569.4 11598.7 11629.9 11659.2 11687.1 11714.2 11733.5 11745.8 11747.8 11735.7
11396.9 11395.6 11394.5 11394.2 11396.5 11394.8 11394.5 11393.9 11392.7 11391.4 11389.7 11388.1 11387 11386.4 11388.1 11399 11408.4 11416.3 11423.2 11427.1 11423.7 11420.5 11420.3 11421.9 11422.1 11422.3 11422.1 11421 11418.9 11415.5 11413.9 11416.8 11419 11420.4 11421 11422.5 11425 11426.4 11428.7 11433.3 11432.3 11438.5 11441.1 11438.9 11435.8 11432.7 11433.6 11442.8 11446.6 11452.3 11458.6 11463.6 11466.7 11470.8 11480.4 11503.6 11530.7 11559.8 11589.7 11620.1 11649.2 11679.8 11705 11725.5 11738.9 11741 11725.5
11396.6 11395.6 11394.7 11394.4 11395 11394.2 11394.8 11394.7 11394.1 11392.8 11391 11389.2 11387.5 11385 11385.9 11394.7 11404.3 11413 11420 11423.4 11422.3 11419 11420 11421.5 11422.5 11422.6 11422.4 11422.1 11421.2 11418.1 11416.5 11417.8 11419 11419.9 11420.8 11422.6 11424.7 11427.5 11430.7 11438 11449.4 11449.6 11441.6 11435.7 11430.2 11425.4 11424.4 11426.9 11435.8 11443 11450.2 11459 11466.9 11470.1 11479.6 11499.4 11523.1 11550.4 11579.6 11609.3 11641.7 11669.4 11695.1 11716.6 11731.3 11737 11727.9
11397 11395.6 11395.1 11395.6 11395.9 11394.8 11395.5 11397 11395.2 11395 11392.5 11390.3 11389.1 11386.2 11386.5 11393 11401.5 11410 11417.4 11421.2 11421.7 11422.1 11422.1 11421.7 11422.7 11423 11423 11423.4 11424.9 11427.4 11424.1 11420.9 11420.1 11420.3 11421.4 11423.1 11426.3 11432.6 11435.1 11439.6 11447.5 11446.6 11438.7 11432.3 11426.7 11422.2 11420.9 11424.2 11428.6 11434.6 11440.9 11447.7 11458.6 11465.6 11475.2 11490.9 11512.8 11538.9 11566.8 11595.3 11628.3 11655.6 11681.4 11704.1 11722.4 11735.4 11736.8
11396.8 11394.6 11394.1 11394.7 11395.1 11393.1 11395.1 11398.8 11404.6 11397.1 11393 11390.6 11388.6 11386.5 11387.2 11391.9 11398.9 11407.1 11415.3 11419.3 11420.1 11421.7 11423.5 11424.7 11424.4 11423.5 11422.6 11422.5 11423.8 11426.6 11424.3 11421.5 11420.5 11420.4 11420.1 11420.4 11423.6 11431.4 11433.1 11434.5 11433.4 11430 11432.6 11429 11424.4 11420.2 11419 11419.4 11423.5 11428.2 11432.3 11436.4 11441.9 11452.2 11460.8 11479.5 11501.8 11527.4 11554.2 11586.2 11613.4 11640.2 11664.9 11688.1 11708.6 11727.5 11737.1
11397.1 11395.9 11393.1 11391.8 11394.4 11393.2 11392.7 11393.6 11394.7 11393.5 11391.4 11389.7 11388.9 11386.4 11386.9 11390.2 11395.3 11402.1 11410.4 11414 11415.4 11417.3 11421.9 11427.9 11425.3 11422.8 11420.9 11419.3 11417.8 11416.8 11418.6 11419.4 11419.9 11420.7 11420.1 11418.9 11420.3 11423.6 11427 11429.6 11432.9 11437.7 11430.4 11426.3 11423.3 11420.4 11419.6 11420.6 11422.7 11425.2 11426.8 11426.8 11431.9 11441.1 11450.6 11469.4 11491.8 11516.5 11545 11571.1 11597.1 11622.2 11646.9 11670.1 11691.4 11712.6 11724.5
11395.5 11392.5 11392.3 11392.9 11393.9 11391.9 11389.7 11387.4 11386.5 11388.8 11388.8 11387.8 11385.9 11385.2 11385.8 11387.7 11390.5 11394.2 11397.9 11404.1 11408.9 11412.9 11417.9 11422.5 11422.5 11420.4 11418 11415.4 11414 11414.2 11414.9 11416.8 11418.9 11421.7 11424.3 11425.9 11423.7 11421.4 11422.6 11425.6 11428.2 11427.7 11425.5 11423.4 11422.7 11424.4 11421.3 11421.2 11423.1 11425.9 11427.8 11428.7 11432.8 11439.8 11447.5 11464.5 11485.1 11509.5 11533.5 11557.7 11581.6 11605 11627.6 11649.3 11673.6 11690.8 11703.4
11395.8 11391.6 11391.6 11392.2 11392.7 11391 11388 11386.3 11385.9 11386.6 11387 11386.7 11385.8 11385 11384.6 11385.1 11386 11387.1 11388.8 11395.5 11402.9 11409.5 11415.4 11418.5 11418.5 11416.9 11414.4 11411.4 11408.4 11408.1 11410.5 11413.5 11417.3 11422 11428.5 11435.3 11429.2 11421.1 11421 11423.8 11422.8 11418.4 11420.3 11421 11420.1 11419.8 11420.5 11421.6 11424.5 11429.9 11434.8 11437.6 11443.5 11450.8 11452.8 11463.8 11482.6 11503.6 11525.5 11547 11567.2 11587.8 11607.9 11627.1 11647.8 11663.4 11675.8
11398.5 11393.3 11392 11392 11392.5 11390.7 11386.8 11386 11385.7 11385.9 11386.3 11386.5 11385.8 11384.8 11383.5 11382.9 11382.7 11382.7 11384.4 11390.8 11398.3 11405.5 11412.1 11415 11414.5 11413 11410.8 11408 11406.6 11403.7 11406.2 11410.1 11414.4 11419.5 11426 11433.2 11431.9 11428.8 11426.6 11428 11426 11419.7 11423.1 11423 11418.9 11416.1 11420.6 11424.4 11428.1 11436.1 11443.2 11445.9 11450 11454.9 11453.6 11463 11481.2 11499.9 11518.7 11535.7 11553.7 11570.5 11587.5 11605.6 11620.7 11633.9 11644.6
11404.1 11398.3 11394.6 11393 11392.2 11390.1 11387.8 11385.4 11385.2 11385.5 11385.8 11386.5 11385.9 11383.7 11382.2 11381.1 11380.6 11380.7 11382.8 11388.1 11394.8 11401.1 11405.9 11409.3 11410 11409 11407.2 11404.6 11401.3 11400.7 11403.5 11406.8 11410.3 11413.7 11417.3 11420.7 11425.8 11427.9 11434.7 11435.1 11436.8 11441.1 11438.4 11431.1 11422.7 11419.6 11424.8 11432 11438.6 11442 11446.7 11448.2 11451.7 11457.6 11461.3 11469.7 11483.3 11497.1 11511.2 11526.1 11540.6 11554.9 11569.8 11582.6 11594.6 11605.2 11614.6
11412.2 11406.5 11401.9 11397.9 11394.2 11389.6 11385.4 11386 11385.5 11385 11384.9 11385 11384.2 11382.5 11380.8 11379.6 11379.1 11379.6 11382 11386.6 11392.2 11397.8 11402.6 11405.1 11405.9 11405.4 11404.1 11402.5 11400.9 11400.4 11402 11403.9 11405.6 11406.8 11407.2 11406.2 11409.2 11415.6 11429.5 11436 11444.8 11452.5 11452 11442.1 11428.8 11424.4 11430.8 11439.7 11449.9 11443.1 11437.7 11442.4 11451.3 11461.2 11470.1 11479.5 11487.1 11495.9 11506.3 11517.3 11528.5 11541 11551.4 11561.3 11570.1 11577.8 11585.3
11424.1 11418.6 11412.2 11405.4 11398.7 11391.9 11386.7 11387.9 11385.7 11384.6 11383.8 11382.6 11381.8 11380.7 11379.4 11378.3 11377.9 11378.5 11380.9 11385 11390 11395.1 11399.4 11401.2 11402.2 11402.2 11401.5 11401 11401.4 11401.7 11401.1 11401 11401.1 11400.7 11399.3 11396.1 11394.2 11397.2 11412.1 11429.1 11446.4 11465.1 11469.2 11453.5 11437.6 11432.5 11436.4 11441.5 11443.9 11438.2 11430.2 11437.4 11449.8 11462.2 11473.9 11484.3 11487.9 11493.1 11500 11510.3 11518.9 11527 11535 11542.2 11548.2 11552.8 11556.6
11445.8 11434.4 11424 11414.5 11405.5 11394.7 11389.4 11385.9 11385.1 11384.2 11383.2 11382.2 11380.5 11379.3 11378.2 11377.3 11376.9 11377.3 11379.7 11383.6 11388.1 11392.3 11395.6 11398 11399.1 11399.3 11399.1 11398.8 11400 11401.1 11399.5 11398.2 11397.2 11396 11394.6 11392.9 11391.7 11393.5 11402.9 11419.1 11439.3 11461.2 11469.6 11458.1 11449.4 11443 11441 11440.9 11440 11434.8 11431.9 11436.9 11448.9 11461.4 11471.5 11478.1 11485 11490 11495.4 11500.7 11506.3 11512.3 11517.6 11522.9 11527.1 11530.8 11533.8
11468.7 11455 11432.9 11426.5 11416.1 11403.6 11394.1 11387.8 11385.6 11384.2 11383.1 11382 11379.6 11378.4 11377.6 11376.8 11376.3 11376.2 11378.6 11382.5 11386.7 11390.5 11393.8 11396.3 11396.5 11396.7 11396.9 11397 11397 11397.3 11396.8 11395.5 11394.3 11393 11392.1 11392.1 11393.2 11391.8 11394.3 11407.3 11423.9 11438.8 11447 11449.4 11452.8 11447.4 11442.5 11439.4 11435.4 11430.2 11427.9 11436.5 11449.2 11461.4 11471.4 11476.6 11483.1 11486.6 11489.7 11493.1 11496.6 11500.7 11504 11507.7 11510.8 11513.9 11518
11525.8 11495.2 11459.3 11448.3 11430.3 11410 11398.1 11390.5 11387.3 11384.9 11383 11381.7 11379.2 11378.3 11377.7 11377 11376.4 11377 11378.6 11381.7 11385.5 11389.9 11392.7 11392.6 11393.2 11393.8 11394.5 11395.5 11396.6 11395.7 11394.1 11393 11391.8 11390.7 11390 11389.9 11390.8 11389.9 11390.5 11398 11407.9 11413.9 11416.1 11431 11442.7 11442.3 11439.6 11437.2 11433.9 11429.2 11426.6 11436 11451 11467.6 11479.5 11483.2 11483.3 11483.4 11485 11486.8 11489.3 11491.7 11493.5 11495.9 11498.2 11500.6 11504.3
11573.3 11544.4 11509.6 11475.9 11445.6 11419.6 11401.6 11393.7 11389.8 11386 11382.6 11380.8 11379.8 11379.2 11378.6 11377.8 11376.7 11376 11378.3 11381 11383.8 11386.6 11388.5 11388.5 11389.6 11390.7 11391.6 11392.6 11393.3 11392.6 11391.5 11390.6 11389.6 11388.4 11387.4 11386.5 11386.2 11386.2 11387.7 11392.8 11397.3 11399.2 11401.1 11414.5 11426.8 11431.5 11433.2 11434.2 11434.6 11433.8 11430.5 11436.6 11450.9 11468.3 11478.9 11479.3 11478.7 11478.8 11479.7 11480.8 11482.5 11484.3 11485.9 11487.6 11488.9 11490.8 11493.1
11501.4 11544.3 11530.7 11483.4 11451.6 11428.2 11408.6 11399 11394.2 11388.2 11382.7 11380.6 11382.1 11380.7 11379.9 11379.5 11379 11377.9 11379.1 11380.4 11381.7 11382.5 11383.5 11384.7 11386.3 11387.6 11388.4 11388.2 11387.8 11388.6 11388.4 11387.8 11387 11385.7 11384.6 11383.4 11382.7 11383 11385.1 11390 11392.3 11393.6 11396.8 11403.4 11412 11420.1 11425.5 11429.4 11432.3 11432.5 11425.7 11432.9 11447.6 11461.6 11470 11471.3 11471.1 11472.3 11473.3 11474.4 11475.7 11477 11479 11480.1 11481.6 11483.5 11487.2
11344.9 11435.4 11460.4 11450.2 11440.2 11433.9 11425.6 11411.4 11400.1 11391.4 11384.9 11382.1 11382 11381.3 11380.9 11381.3 11382.5 11382.7 11380.9 11380 11380.1 11380.7 11381.1 11381.8 11383.5 11385.1 11386.1 11386.1 11386.2 11385.8 11385.5 11385 11384.3 11383.6 11382.5 11381.3 11380.7 11381.6 11384.2 11388.6 11390.2 11390.8 11391.6 11395.3 11402.4 11411.1 11417.9 11423 11426.8 11426.5 11422.4 11431.1 11444.2 11457 11465.9 11466.2 11464.8 11465.2 11466.5 11468.1 11469.6 11471.2 11472.3 11474.3 11476 11478.1 11481.4
11180.9 11279.8 11350.7 11390.4 11415.2 11431 11429.6 11417.8 11403.6 11393.9 11387.3 11383.7 11382.1 11381.1 11380.8 11381.7 11383.7 11383.7 11380.7 11378.7 11377.8 11378 11378.8 11380.2 11381.5 11382.7 11384 11385.8 11384 11382.9 11382.6 11382.3 11381.9 11381.3 11380.8 11380.3 11380.2 11381 11382.7 11387 11390.7 11390.4 11389.1 11391.7 11398.3 11405.8 11412.1 11417 11420.6 11423.2 11425.5 11431 11440.5 11451.5 11460.9 11458.7 11455.7 11457.5 11459.8 11462 11463.5 11465.3 11467.1 11469.1 11471.4 11474.2 11477.3
11045.5 11159.2 11255 11330.6 11387.6 11426.7 11439.1 11414.9 11403.7 11394.8 11388.1 11384.1 11381.7 11380 11379.3 11379.6 11380.8 11380.6 11378 11376.1 11374.7 11374.2 11375.7 11377.8 11379.1 11379.9 11380.3 11378.9 11378.4 11379.6 11380 11379.9 11379.8 11379.9 11379.9 11379.6 11379.2 11380.4 11385.3 11393.7 11396 11392.6 11390 11391.8 11397.2 11402.5 11407.4 11411.2 11414.5 11416.8 11423.4 11428.8 11435.1 11442.1 11448 11447.5 11446.9 11450.5 11453.7 11456.2 11458 11460.1 11462.4 11464.7 11467.8 11472 11477.9
10956.1 11070 11188.2 11288.4 11367 11423.6 11438.3 11416.8 11403.5 11394.5 11387.5 11382.7 11380 11378.2 11376.9 11375.8 11374.6 11374.4 11373.9 11372.8 11371.7 11371.2 11372.6 11374.6 11376.1 11377.1 11377.9 11377.6 11377.1 11377.6 11378 11378.1 11378.3 11378.6 11379.3 11380.3 11378.8 11379.6 11389.4 11405 11399.1 11394.1 11392 11393.9 11397.4 11400.1 11403.3 11406.7 11410 11413.7 11421 11425.2 11428.4 11430.6 11431 11434.7 11440.2 11445.6 11448.5 11450.6 11452.8 11455.1 11457.7 11460.7 11464.1 11468.4 11474
10929.3 11032.9 11161.1 11270.4 11358 11422 11435.4 11413.6 11403.2 11393.9 11386 11382.3 11378.9 11376.5 11374.6 11372.7 11370.8 11370.4 11370.3 11369.7 11369.1 11369.2 11369.9 11371.2 11372.6 11374.1 11375.8 11378 11376.9 11376 11376.1 11376.4 11376.7 11377.2 11377.9 11379.1 11378.6 11379.3 11384.5 11388.2 11392.3 11392.2 11392.9 11397.2 11396.7 11397.3 11399.7 11402.9 11407.1 11414.6 11420.3 11421.2 11422.2 11421.9 11420.3 11426 11439.6 11441.1 11443 11444.9 11447.2 11449.7 11452.5 11455.5 11458.9 11462.9 11466.9
10967.5 11065.9 11179.4 11279.1 11360.1 11419.5 11429 11412.8 11405.3 11394.3 11384.9 11380.6 11377.4 11374.6 11372.5 11370.6 11369.2 11368.4 11367.8 11367.2 11366.6 11366.8 11367.4 11368.5 11369.9 11371.1 11371.1 11372.4 11373.1 11373.4 11373.9 11374.5 11375.1 11375.5 11375.5 11375.6 11377.2 11380.1 11384.7 11389.1 11388.1 11387.2 11387.7 11389.6 11391.1 11392.8 11395.5 11399.3 11404 11408.3 11412.5 11417.8 11418.7 11418 11416.8 11420.7 11427.8 11433.6 11436.8 11439.1 11441.6 11444.4 11447.2 11450.3 11453.5 11457.1 11460.9
