real_craters/C071-500m.grd
DSAA
111 111
-27.545 27.545
-27.545 27.545
10158.111431206 11750.736425177
[rows 30 to 59 of 111, columns 0 to 66 of 111]
11411.6 11414.8 11419 11423.1 11427.5 11431.7 11433.6 11435 11436.4 11436.6 11431.7 11426.2 11424.2 11423.4 11422.9 11421.3 11417.1 11413 11406.8 11404.4 11407.5 11406.6 11405 11405.3 11408 11414.4 11429.7 11437.6 11422.4 11408.6 11404.3 11403.1 11403.9 11407.8 11413 11415.9 11422 11425.7 11426.3 11426.8 11428.2 11425.1 11404.9 11407.4 11407 11395.1 11386.6 11389.1 11391.1 11389.8 11390.2 11387.5 11384.8 11390.7 11385.3 11379.6 11377.4 11374.1 11366.6 11360.2 11351.6 11344.3 11336.4 11329.1 11323 11315.5 11313
11416.5 11419.8 11422.8 11425.3 11426.8 11430.4 11435.2 11438.2 11441.6 11441.2 11437.9 11433.8 11429.4 11429 11429.8 11428.4 11421.4 11413.2 11411.9 11412 11410.1 11408.9 11407.9 11407.4 11408.8 11415.4 11426.5 11429.6 11422.1 11413.7 11409 11406.1 11408.4 11412.2 11416.2 11422.7 11428.7 11431.8 11431.8 11432 11431.4 11427.6 11422.9 11420.6 11419.6 11408.9 11400 11402.1 11405.8 11405 11408.6 11409.1 11400.2 11401 11394.6 11391.8 11388.4 11383.8 11378.1 11375.5 11365.9 11356.2 11345.7 11335.7 11326.7 11321.2 11319.8
11423.2 11425 11426.8 11428.6 11430.3 11432.6 11435.8 11438.7 11442.3 11444.2 11443.6 11440.2 11434.7 11433.8 11433.3 11431.3 11424.7 11417.5 11417.2 11419 11411 11404 11406.4 11408.5 11411.9 11418.5 11427.1 11425.3 11422.9 11420.9 11416.4 11412.6 11415.3 11418 11422 11431.7 11432.6 11432.6 11436.8 11436.8 11433.3 11429.1 11435.8 11430.6 11427.6 11422.4 11417.2 11417.2 11423.6 11439.7 11439.2 11440.8 11432.5 11413.8 11406.2 11409.5 11412.6 11410.3 11400.5 11387.9 11376.8 11364.9 11352.8 11341.4 11331.7 11334.1 11331.6
11429.5 11430.1 11430.9 11432.2 11435 11435.8 11436.7 11437.6 11438.9 11445.5 11448.1 11445.9 11443 11438.2 11434.7 11431 11426.4 11421.7 11420.6 11423.1 11415.5 11408 11408 11409.5 11411.3 11413.6 11417.3 11424 11427.1 11427.4 11428.6 11426 11423.9 11424.2 11429.4 11438.2 11442.4 11445.1 11447.6 11444.3 11437.7 11430.3 11432.6 11433.9 11433.8 11430.8 11428.8 11432.9 11434.6 11438 11454.2 11464.8 11457.7 11451.2 11445.6 11443.2 11437.3 11430.2 11420.5 11407.3 11394 11379.7 11365.1 11349.4 11339.6 11341.8 11338.9
11433.9 11434.8 11435.2 11435.2 11434.6 11437.1 11437.5 11437 11437.5 11444.9 11450.7 11449.6 11445.8 11441.2 11436.5 11432.6 11429 11425 11420.6 11420.7 11427.2 11418.8 11415.5 11414.1 11412.9 11412 11416.7 11425.4 11435.8 11444.2 11445.5 11439 11432.3 11430 11430.4 11441.1 11454.9 11467.1 11461.2 11453.4 11445.5 11438.8 11437.4 11439.3 11438.3 11445.2 11453.2 11454.7 11451.6 11448.7 11477.8 11487.2 11497.8 11507.8 11485.8 11478.9 11466.8 11454 11439.8 11424.1 11409.4 11394.2 11378.8 11363.2 11348.6 11344.8 11342.8
11437.8 11438.4 11439 11439.4 11439.8 11439.5 11438.7 11437.4 11436.9 11441.9 11448.2 11450.7 11447.3 11443.4 11438.7 11435.6 11433.4 11429.6 11433.7 11439.8 11446.4 11442.9 11427.1 11421.3 11417.4 11415 11415.6 11426.4 11439.5 11458.5 11449.2 11438.9 11434.7 11437.9 11439.3 11446.5 11461.1 11474.7 11469 11460.5 11453.8 11448.1 11447.8 11447.2 11450.8 11461.9 11477.7 11482.8 11491.8 11498 11523.3 11548.1 11524 11517.9 11506.3 11516.9 11496.2 11475.5 11453.3 11437.7 11423.7 11411.1 11396 11382.7 11365.8 11359 11351.6
11440.7 11442.5 11443.5 11444 11444.4 11443 11440.2 11438.1 11436.9 11435.6 11438.6 11449.5 11448.4 11444.5 11442 11439.4 11439 11443.4 11449.1 11458.3 11446.3 11437.8 11433.3 11426.4 11421.7 11418.7 11418.7 11429.1 11443.7 11454.5 11412.3 11416.7 11436.4 11446.1 11451.6 11452.9 11459.6 11466.3 11466.3 11465 11463.4 11458.7 11450.3 11454 11461.6 11476.4 11480.8 11507.2 11538.4 11557.5 11561.2 11568.2 11555.2 11563.2 11596.8 11560.3 11514.9 11486.4 11467.8 11452 11441.3 11429.9 11419.5 11409.8 11395.1 11383.4 11376.7
11445.5 11447.3 11447.7 11446.9 11445.1 11443.3 11440.8 11438.5 11436.5 11434.3 11435.7 11444.2 11446.7 11444.3 11440.6 11440.7 11440.8 11440.7 11444.8 11446.7 11440.5 11435.9 11435.5 11431 11426.1 11422.6 11422.5 11431 11442.9 11460.8 11473.7 11448.4 11445.3 11450.9 11453.1 11453.6 11454.5 11456.3 11461.4 11469.6 11477.9 11486 11489 11481 11509.1 11509.4 11515.3 11531.7 11553.1 11562.7 11546.3 11540.2 11534.1 11535.9 11548.2 11543 11513.1 11491.5 11477.3 11469.6 11462.7 11456.8 11450.8 11443.4 11440.8 11437.4 11423.9
11451.5 11451.7 11451.4 11450.1 11446.7 11442.9 11441.8 11439.6 11437.3 11436.7 11435.8 11441.1 11445.3 11445.5 11444.7 11444 11443.5 11442 11439.6 11435.2 11436.3 11439.5 11441 11435.4 11430.6 11425 11422.8 11432.5 11442.8 11450.1 11456 11453.4 11450.6 11450.9 11450.2 11450.9 11451.1 11451.3 11458.8 11474 11491.6 11508.8 11519.7 11535.3 11545.7 11536.5 11541.4 11530.1 11514.8 11508.4 11496.3 11476.7 11477.9 11484.3 11485.8 11493.1 11487.2 11481.7 11478.5 11477.5 11478.3 11475.8 11475.7 11476.9 11477.3 11465.8 11451
11454 11453.4 11453 11452.6 11449.8 11446.2 11444.7 11443 11442.3 11442.8 11442.4 11443 11446.2 11448.3 11448.6 11448.2 11447.8 11446.2 11442.3 11439.3 11445.5 11444.6 11440.5 11439.2 11436.2 11432.4 11429.2 11435.1 11442.6 11446.5 11448.6 11451.5 11451.1 11449.8 11449.4 11450.5 11450.5 11450.3 11458.8 11480.1 11503.7 11527.6 11545.7 11557.2 11552.5 11533.3 11512.8 11494.4 11476.5 11464.8 11453.8 11441.3 11443.4 11450.7 11451.4 11448.3 11454.4 11464.5 11467.9 11476.6 11488 11498.4 11505.3 11507.7 11505.7 11487.2 11474.4
11434 11446.7 11450.4 11452.8 11453.9 11451.6 11448.7 11447.4 11447.3 11448.9 11453.8 11445 11450.2 11454.2 11453.9 11453.1 11448.9 11446.5 11445.5 11444.6 11445.5 11443.2 11440.8 11442.3 11443 11447.1 11436.2 11439.8 11445.3 11448.7 11448.2 11450.8 11452.6 11453.2 11455 11454 11453.5 11455.3 11465.7 11487.5 11514.8 11543.1 11572.4 11560.7 11534.5 11516.3 11487.9 11464.7 11455.2 11434 11417.7 11412.9 11407 11413.1 11422.2 11398.1 11419.7 11431.3 11446.4 11463.8 11487.3 11509.2 11531.5 11542.1 11527.7 11506.5 11490.5
11418.4 11433.6 11445.1 11452.7 11452 11450.9 11450.7 11451.6 11451.4 11451 11449.6 11452 11455.3 11462.4 11464.9 11458.7 11454.5 11451.1 11448 11448.1 11452.6 11446.5 11444.1 11447.4 11448.6 11446.7 11443.6 11444.4 11447.9 11451.5 11452.3 11452.8 11453.8 11456 11459.9 11459.1 11460.1 11462.5 11469.8 11497.3 11524.8 11548.3 11560.5 11552.7 11526.6 11503.4 11480 11453.9 11431.1 11390.1 11362.5 11355.7 11346.4 11351.9 11351.9 11381.1 11388.3 11387.5 11402.3 11428.5 11466.2 11513.3 11553 11581.2 11595.1 11546 11507.5
11416.4 11424.6 11438.7 11451.2 11448.9 11448.6 11449.8 11451.2 11452.2 11453.1 11455.4 11456 11456 11459 11461 11460.2 11459.2 11456.7 11454.6 11452.5 11454.1 11455.2 11455.9 11456.6 11456.3 11452.9 11449.2 11446.9 11448.3 11451.2 11453.4 11455.5 11455.5 11455.6 11461.2 11464.5 11469.1 11476 11488.2 11513.6 11540 11558.9 11559.1 11539.5 11511.1 11489.4 11475.3 11457.7 11373.8 11327.2 11273.6 11242.7 11255.3 11276.5 11329.9 11370.9 11327.1 11310.6 11324.9 11356.8 11410.3 11476.7 11549.8 11609.2 11619.2 11587.1 11546.5
11417.8 11420.9 11432.5 11441.8 11444.2 11446 11447.9 11449.3 11450.9 11452.5 11454.3 11453 11451 11450.5 11454.4 11458.6 11460.9 11460.9 11461.4 11463.4 11464.6 11465.9 11466.1 11465.6 11462.2 11456 11447.6 11447.2 11448.2 11449.6 11456.9 11458.4 11458.8 11464.5 11465.2 11472.4 11480.9 11490.6 11502.6 11530.2 11559.9 11582.2 11581.4 11539.4 11485.8 11460.2 11435.4 11400.7 11321.2 11276.6 11226 11178.2 11148.5 11150.8 11179.1 11202.8 11180.5 11175.1 11201 11251.5 11321.1 11409.4 11517.7 11633.9 11687.2 11643.7 11582.9
11419.4 11420.5 11430.5 11436.9 11439.9 11444.1 11446.7 11448.2 11449 11449 11445 11444.4 11444.1 11443.8 11449.2 11456.7 11463.4 11463 11464.7 11471.2 11468.7 11468.6 11471.8 11468.5 11463.2 11457.7 11451.5 11449.5 11450.2 11451.4 11458 11460.4 11459.8 11458.7 11470 11481.4 11493.9 11505.9 11517.9 11547.3 11583.3 11612.2 11620.1 11553.9 11476.8 11424.7 11375 11333.1 11284.9 11214.3 11175.4 11071.9 11008.5 10979.9 10958.1 10942.1 10967.5 11005.1 11056.3 11121.5 11202.6 11302.9 11432.9 11600.4 11697.8 11684.8 11648.1
11426.5 11430.8 11433.9 11438.3 11443.4 11445 11446.2 11447.1 11448.3 11446.4 11442.6 11441.3 11439.6 11439.8 11446.1 11453.2 11458.9 11461.7 11461.7 11461.7 11460.5 11466.2 11468.9 11464.7 11456.3 11452.3 11451.1 11452 11454.5 11455.9 11459.4 11462.4 11465.5 11468.8 11481.9 11497.4 11509.8 11521.9 11537 11567.1 11605.1 11640.6 11656.7 11555.5 11475.3 11379.2 11298.5 11216 11163.8 11082.2 10973.3 10877.7 10844.3 10806.2 10760.4 10724 10765.4 10834.3 10908.3 10985.3 11068.6 11165.9 11277.8 11418.4 11553.2 11650.9 11678.4
11430.9 11434.1 11434.8 11439.5 11443.7 11446.7 11449 11450.1 11450.8 11449 11444.5 11444.7 11438 11439.5 11448 11454.5 11457.8 11463 11461.7 11459.3 11460.9 11458.9 11458 11455.7 11453.7 11451.5 11450.8 11453.3 11459.3 11467.4 11459.5 11463 11473.8 11485.4 11496.4 11511.8 11528.6 11541.6 11556 11581.2 11619.4 11646.5 11644.2 11458.1 11381 11306.9 11217.7 11141.4 11050.9 10937.3 10822.6 10747.6 10707.3 10665.5 10614.7 10571.1 10606.6 10688.3 10770.2 10845.3 10923.2 10998.7 11078.5 11167.2 11343.2 11552.8 11680.6
11431.1 11433.5 11436.5 11438.2 11441.8 11446.8 11453.4 11456.5 11455.6 11453.3 11448.3 11443.7 11441.4 11438.4 11457 11473.7 11476.1 11470.5 11464.1 11457.8 11450.8 11453 11451.5 11449.3 11452.3 11450.7 11451.2 11454.2 11458 11461.1 11459.9 11465.3 11478.9 11492.2 11509.7 11529.8 11548.8 11567.1 11580.2 11597.7 11623.7 11629.9 11589.5 11429.9 11340.6 11234 11122 11010 10897.9 10808.9 10704 10641.8 10605 10569.1 10530.3 10497.4 10515.3 10584.7 10658.3 10727.5 10790.7 10847 10901.1 10961.6 11147.4 11369.6 11561.1
11428.4 11428.2 11426.4 11432.5 11436.8 11442.6 11451.4 11457.6 11460.4 11461 11463.8 11467.9 11460.1 11457.4 11465.8 11488.9 11490.2 11476.8 11467 11453.8 11453.2 11456.6 11454.6 11450.3 11447.5 11446.8 11448.1 11449.9 11454.4 11457.1 11458.6 11463.8 11481.7 11498.9 11520.7 11547.2 11574.2 11591.1 11612 11630 11626.8 11611.4 11555.6 11360.1 11273.9 11158.6 11018.1 10874.3 10752.1 10700.9 10613.8 10563.2 10537.1 10510.6 10484.1 10464.2 10471.4 10521.6 10579 10633.2 10684 10731.1 10776.9 10844.2 10997 11177.9 11387.3
11423.3 11422.4 11418.1 11418 11424.6 11432.9 11443.3 11453.3 11464 11472.2 11471.2 11471.5 11465.4 11460.5 11463.2 11465.2 11473.8 11475.8 11472.3 11468.8 11468.9 11469.6 11460.6 11452.9 11441.6 11443.6 11445.6 11449.8 11448.9 11452.1 11454.2 11459.9 11475.8 11496.5 11526.6 11561.1 11592 11616 11632 11627.6 11617.7 11580.8 11502.5 11274.3 11186.8 11084.1 10928.9 10769.8 10668.6 10617.3 10557.4 10522.7 10498.8 10478.6 10460.2 10448.2 10452.8 10484.5 10522.7 10562.7 10603 10644.2 10692.4 10771.8 10896.8 11049.1 11249.1
11418.2 11412.4 11413.5 11413.2 11416.7 11422.3 11428.7 11444 11459.3 11466.3 11466.4 11466.2 11463.7 11460.2 11457.8 11460.4 11466.7 11475.6 11481.5 11483.4 11480.3 11466.2 11461.2 11459.5 11449.9 11444.6 11442.8 11441 11442.1 11445 11450.2 11456.9 11467.1 11494 11534.2 11574.5 11613.3 11643.8 11655.8 11648.5 11612.8 11542.7 11429.2 11208.9 11118.3 11027.4 10861.1 10700.7 10618.8 10573.5 10532.7 10500 10476.6 10458.7 10446.1 10443.6 10451.2 10462.7 10483.2 10511.7 10547.3 10585.9 10631.4 10701.3 10825.3 10977 11148.4
11416 11414.6 11413.2 11411 11411.7 11415 11421.6 11435.9 11451.8 11459.8 11460.6 11459.3 11457.2 11456.5 11450.9 11447.5 11458.5 11473 11492.8 11501.1 11481.1 11455.7 11459.2 11459.2 11450.9 11446 11441.9 11440.1 11439.4 11442.5 11448.3 11455.7 11467 11499.4 11543 11589.9 11631.9 11665.7 11687.7 11678.1 11611.2 11496.6 11353.1 11158.9 11067.9 10985.8 10815.9 10659.6 10582.6 10545.6 10511.9 10482.3 10457.1 10436.2 10424 10426.6 10438.8 10436.2 10447.4 10473.1 10508.6 10549.7 10598.7 10668.8 10771.4 10905.7 11070.5
11412.1 11409.3 11412.3 11409.1 11407.3 11409.2 11415.9 11427.6 11440 11448.8 11455.9 11461.9 11465.5 11456.8 11449.3 11446.6 11452.3 11462.8 11472.6 11480 11481.8 11470.6 11461.8 11460.4 11455.7 11448.8 11443.3 11435.6 11436.8 11439.8 11444.8 11452.2 11466.7 11506.9 11554.2 11602.3 11646.3 11681.3 11698.9 11690.9 11595.1 11444.8 11275.7 11112.2 11019.3 10945 10784.5 10646.6 10573.2 10536.9 10497.9 10468.8 10438.5 10411.1 10387.4 10376.3 10380.1 10382.1 10399.3 10431.9 10474.5 10522.5 10577.3 10645.6 10734.7 10858.8 11016.7
11408.2 11403.7 11405 11401.5 11402.2 11403.7 11409.5 11420 11431 11441.8 11449.5 11457.5 11463.8 11454.8 11447.2 11444.2 11447 11451.9 11457 11468.4 11466.7 11457 11456.4 11453.4 11452.8 11452.2 11449.8 11446.5 11441.3 11441.4 11441.3 11450.5 11474 11518.4 11566.8 11616.2 11659.3 11691.9 11701.6 11666.4 11565.3 11405.5 11227.2 11065 10947.8 10877.4 10754.7 10645.6 10576.5 10539.9 10495.6 10458.5 10419.1 10379.5 10340.6 10306.1 10287.3 10303.2 10342.4 10392.2 10447.1 10506.1 10566.8 10630 10706.9 10827.9 10993.7
11404.9 11399.9 11401.1 11400.8 11398.3 11398 11403.2 11413.8 11424.7 11431.5 11440.4 11445.8 11445.5 11445.1 11441.7 11440.5 11441.2 11443.8 11447.8 11458.5 11460.9 11457.6 11457.5 11452.3 11454.9 11459.3 11459.7 11460.6 11455.2 11452.2 11451.4 11464.7 11485.9 11529.8 11578 11625.9 11669.3 11699.8 11708.9 11669.9 11564.8 11395 11208.5 11036.1 10894.6 10823.2 10727.5 10641 10581.2 10543.5 10497.8 10452.1 10403.5 10352.3 10297.4 10244.4 10203.7 10227.3 10290.8 10360.1 10429.8 10498.6 10568.1 10625.5 10688.8 10812 10991.4
11402.9 11398.8 11401.5 11398.9 11395.8 11393.4 11397.3 11408 11421.2 11427.4 11433.7 11436.8 11436.4 11435.4 11434.8 11434 11434.9 11436.9 11441.6 11442.1 11447.3 11453.5 11460.5 11465.4 11473.2 11468.8 11466.2 11468.4 11475.2 11465.6 11461.7 11475.8 11496.8 11537.9 11582.9 11631.2 11674.3 11709.1 11726.7 11712.4 11617.9 11404 11208.2 11036.9 10884.8 10810.4 10715.9 10642.2 10588 10545.7 10499.7 10447.5 10391.9 10334.8 10272.9 10212 10168.1 10187 10259.3 10340.1 10421.8 10502 10582 10635.9 10695.6 10820.8 10997.2
11401.5 11399.3 11400.3 11397.2 11394.2 11390.9 11392.5 11399.2 11415.4 11427.4 11429.8 11430.4 11428.9 11428.8 11428.7 11428.9 11429.2 11429.4 11429.1 11432.6 11437.6 11445.6 11457.9 11482.9 11480.7 11468.9 11464 11465.4 11472.8 11471.8 11471.7 11482.9 11497.4 11537.2 11582.2 11629.9 11679.2 11718.9 11743 11734.7 11641.5 11432.9 11241 11072.9 10914.1 10802.7 10724.8 10657.4 10599.6 10550 10502.3 10450.2 10393.2 10332.1 10268.6 10205.4 10158.1 10178.6 10254.3 10340.7 10425.9 10511.1 10595 10652 10721.4 10845.8 11007.8
11400 11398.5 11397.6 11397.7 11394.1 11391.3 11389.5 11389 11399.3 11421.2 11424.5 11424.7 11423.8 11424 11425 11425 11424.5 11424.2 11424.4 11425.9 11429.3 11434.2 11445.9 11461.2 11457.1 11456.9 11454.5 11454.5 11463.4 11469.1 11476.8 11491.1 11495.9 11529.8 11575.2 11625.4 11674.1 11716.7 11747 11750.7 11696.6 11496.3 11310.8 11140.4 10978.4 10826.3 10740.8 10680.1 10617.5 10558.6 10511.6 10461.5 10407 10350 10288.3 10226.8 10178.8 10200.1 10277.3 10360.3 10441 10522 10602.7 10666.6 10743.6 10868.3 11015.1
11397.9 11396.2 11395.5 11395.7 11393.9 11392 11389 11387.4 11393.4 11407.4 11418.1 11425.4 11423.1 11420.8 11420.4 11422.5 11421.7 11418.5 11417.8 11420.7 11423.4 11425.1 11428.9 11435.8 11436.9 11443.6 11443.1 11443.8 11450.5 11458.4 11468 11477.2 11477.8 11515.8 11565.7 11615.9 11665.4 11711.7 11741.3 11746 11697.8 11562.5 11385.8 11219.4 11067.9 10881.2 10803.9 10720.7 10645.4 10578.4 10528.3 10482 10434.5 10382.2 10330.4 10277.4 10230.9 10259 10333.8 10399.3 10464.3 10534.5 10612.4 10687.6 10770.2 10897.6 11031.2
11396.7 11394.8 11394.1 11394.3 11394.5 11393.3 11390.5 11387.6 11384.4 11396.2 11411.8 11423.3 11422.5 11419.6 11422.8 11422.5 11421.9 11418.9 11414.9 11418.5 11420.1 11422.5 11426.2 11432.6 11444.4 11442.3 11434.3 11426.5 11430.8 11442.5 11454.2 11464.7 11472.4 11503.9 11549.6 11598.1 11646.4 11694.6 11727.8 11736.2 11693.7 11585.6 11434.6 11282.7 11145 10969.8 10866.3 10768.7 10659.3 10597.5 10550.7 10509.6 10466.1 10424.9 10384 10351.2 10340 10381 10412.6 10447.1 10491.2 10547.5 10625.1 10721 10832.3 10940.6 11063.6
