real_craters/C071-300m.grd
DSAA
185 185
-27.545 27.545
-27.545 27.545
10157.032962474 11753.076882675
[rows 120 to 149 of 185, columns 67 to 133 of 185]
11455.3 11457.1 11458.2 11458.8 11462.5 11466.2 11467.8 11467.7 11474.2 11480.7 11488.6 11505.9 11523.3 11538.2 11547.4 11554.2 11557 11558.2 11546.3 11538.7 11523.9 11508.2 11497 11491.9 11489.2 11496.3 11509.2 11529.6 11553.3 11579.1 11594.9 11602.6 11606.3 11599.6 11589 11576.4 11560.4 11544.6 11536.6 11529.8 11523.3 11514.4 11500.7 11483.9 11468.8 11453 11436.7 11420.1 11404.3 11391.7 11384.2 11382.1 11380.9 11381.7 11380.3 11377.9 11375.4 11372.4 11368.4 11363 11358.5 11359.8 11360 11359 11357.6 11356.7 11357.5
11448.1 11449.1 11448.4 11446.6 11451.4 11455.4 11457.9 11461 11466.3 11474.5 11484.5 11495.3 11517.4 11527.8 11536.8 11543.4 11547.8 11549.5 11549.9 11539.4 11526.5 11515.7 11508.5 11502.7 11509.6 11515.9 11523.1 11541.6 11555.2 11575.8 11587.4 11608 11613.7 11593.4 11575.8 11561.4 11548.1 11536.5 11526.4 11516.7 11507.6 11497.3 11484.5 11465.9 11450.2 11440 11427.4 11413.8 11400.7 11389.9 11383.5 11380.1 11378.5 11378.3 11376.8 11374.7 11372.5 11369.9 11366.9 11363.5 11359.8 11360.4 11359.5 11357.4 11355.2 11352.9 11350.9
11443.4 11443.8 11443.9 11444.8 11446.9 11448.5 11450.2 11454 11459.8 11467.5 11476.1 11474.1 11498.8 11513.1 11521.4 11527.5 11531.6 11533.2 11536.1 11529.6 11522.4 11517.4 11512.6 11511.7 11516.4 11523.3 11529.9 11538 11550.8 11567.4 11577.8 11590.2 11585.8 11561.7 11552.5 11543 11532 11521.4 11514.2 11504.5 11495.3 11485.5 11473.7 11459.8 11445.6 11433.6 11421.4 11409.2 11398.4 11389.9 11383.8 11379.5 11377 11376.8 11375.3 11373.3 11371.1 11369 11367.3 11367.1 11368 11364.1 11359.6 11356 11352.8 11348.3 11341.9
11439.8 11439.3 11440.1 11442.5 11443.2 11443.6 11443.2 11445.3 11452.6 11458.7 11462.3 11458.7 11477.6 11495.2 11509 11512.2 11515.8 11513.9 11510.2 11509.2 11509.3 11508.4 11509.6 11510.5 11515.1 11519.3 11525 11534.8 11542.4 11554.8 11562 11563 11542.7 11533.7 11530.7 11525.7 11518.2 11509.9 11503 11494.2 11485.4 11476.5 11467.7 11459.6 11446.5 11430.8 11417.6 11405.8 11395.8 11388.3 11383.2 11378 11377.8 11376.3 11374 11371.7 11369.6 11367.5 11366.2 11366.6 11368.5 11362.6 11358 11354.5 11351.1 11346.8 11340.6
11434.2 11433.8 11434.3 11435.3 11437.6 11440.9 11444.1 11445.7 11448 11450.2 11452.4 11450.1 11466.5 11481 11492.6 11496.2 11497.1 11496.5 11492.7 11493.2 11495.1 11497.1 11500.2 11504.3 11507.7 11510.9 11515.5 11520.1 11524.5 11533.3 11533.9 11528.9 11516.6 11516.6 11515.3 11511.7 11505.4 11499.1 11493.5 11485.4 11476.6 11468.5 11460.5 11452.8 11440.8 11426.4 11413.5 11402 11392.1 11383.6 11377.3 11377.9 11375.8 11375.2 11372.5 11369.8 11366.9 11364.3 11362.4 11360.5 11357 11355 11353.9 11352 11350 11347.7 11346.1
11426.5 11427.3 11428.2 11429.7 11432.6 11437.7 11445.4 11446.7 11444 11442.9 11440.1 11447.1 11457.7 11469.5 11478.9 11482.3 11482.5 11481.3 11476.6 11477.2 11480.2 11483.8 11486.9 11491.6 11494.2 11496.6 11500.2 11501.3 11503.3 11507.5 11502.8 11496.1 11496.9 11502.6 11502.5 11500.3 11496.4 11490.6 11484.2 11476.8 11468.7 11460.3 11452 11443 11432.1 11420.1 11408.3 11397.7 11388.4 11380.9 11377.8 11377.2 11376 11374.7 11371.4 11367.8 11364.2 11361 11357.7 11354.4 11350.5 11349.1 11349.9 11350 11349.5 11347.9 11345.1
11419 11420.6 11421.9 11423.4 11425.8 11429.6 11433.9 11437.1 11437.4 11437.7 11439.3 11440.5 11445.6 11458 11466.1 11469.3 11470.1 11468.6 11463.5 11463.4 11466 11468.7 11471.6 11474.5 11476.6 11479.7 11480.8 11481 11481.2 11482.9 11475.9 11471.6 11479.1 11487.4 11488.5 11489 11488.1 11483 11475.9 11468.4 11460.4 11451.9 11442.5 11433 11423.6 11413.3 11403 11393 11384.4 11377.5 11373.3 11378.8 11377.5 11373.9 11369.5 11365.2 11361.2 11357.4 11353.5 11349.8 11346 11344.9 11346.9 11348.8 11349.8 11348.8 11345.8
11412.9 11414.3 11415.6 11416.8 11418.4 11420 11421.8 11425.8 11429.7 11431.9 11432.9 11435 11439.3 11448.9 11455.6 11458.5 11458 11456.1 11451.6 11452.8 11452.1 11454.1 11456.2 11458.4 11459.8 11461.7 11461.8 11460.6 11459.5 11455.2 11451.9 11445.5 11459.2 11468.1 11470.9 11475.6 11479.1 11474 11466.8 11459.2 11451.8 11443.3 11434 11423.7 11415.9 11407.1 11397.9 11388.5 11380.7 11374.9 11372.5 11378.9 11376.9 11371.3 11366.1 11361.7 11357.6 11353.7 11349.9 11346.3 11343 11342.6 11345.1 11348.2 11350.7 11350.8 11346.5
11407.9 11408.9 11409.6 11410.1 11411.1 11410.7 11411.8 11416.9 11422.8 11428.8 11432.2 11433.7 11434.2 11441.3 11446.9 11448.4 11447.1 11444.5 11439.7 11435.7 11439.2 11441.7 11444 11445.8 11446.6 11447.2 11445.3 11443.2 11440.7 11436.2 11431.6 11423.5 11429.5 11437.9 11447.6 11458 11465.3 11461.2 11454.7 11448.1 11441.6 11434.6 11426.9 11419 11410.1 11401.4 11392.6 11383.9 11376.4 11371.2 11371 11378.8 11372.1 11365.9 11361.1 11357.2 11353.4 11350.1 11346.5 11343.2 11340.2 11340.3 11343.1 11347.7 11351.7 11352.9 11344.7
11404.2 11404.6 11404.2 11403.4 11402.7 11402.4 11403.1 11408.8 11415.7 11421.5 11421.2 11417.4 11424.5 11436.1 11439.2 11439.4 11437.2 11434.5 11430.3 11431.6 11429.6 11430 11431.4 11432.3 11432.4 11432.2 11430.5 11428.1 11424.4 11419.8 11417.2 11410.8 11409.2 11409.9 11422.7 11435.8 11445.1 11443.1 11439.6 11435.1 11430.7 11425.8 11419.6 11411.9 11404.4 11395.7 11387.1 11378.9 11371.3 11364.7 11358.9 11356.8 11358.4 11357.5 11355.1 11352.2 11349.1 11346.1 11343.1 11340.1 11336.8 11335.6 11340.6 11346.3 11351.1 11352.6 11338.8
11402.1 11401.3 11399.7 11397.8 11396.3 11396.4 11398.8 11402.1 11407.5 11415.6 11416.2 11413.5 11417.6 11429.6 11431.9 11430.5 11428.2 11424.8 11420.4 11415.7 11415.5 11418.6 11420.1 11421.2 11421.1 11419.5 11416.1 11413.2 11409.8 11406.1 11404.2 11401.9 11398.5 11392.6 11400.7 11410.1 11418 11421.3 11422.4 11421.2 11419.1 11416.9 11414.6 11407.8 11398.8 11389.9 11381.4 11373.4 11366 11359 11352.2 11347.2 11347.9 11349.3 11348.9 11347.3 11345.1 11342.8 11340.3 11337.8 11335.3 11335.3 11339.4 11344.4 11348.9 11349.6 11334.1
11401.5 11399.5 11397.1 11393.7 11390 11389 11391.6 11395.1 11397.8 11398.2 11402.4 11407.2 11413.9 11423.2 11423.7 11422.2 11419.4 11416.7 11413.2 11409.8 11409.2 11410.4 11411.1 11410.8 11409.8 11408 11405.6 11402.4 11398.8 11395.2 11393.9 11390 11386.9 11380.2 11384.6 11386.8 11392 11401.5 11406.1 11407.4 11406.6 11405.5 11405.3 11399.9 11391.1 11383 11375.5 11368.4 11361.5 11355.3 11350.4 11344.9 11342.3 11343.8 11343.6 11342.5 11341.3 11339.5 11337.6 11335.9 11334.4 11335.3 11337.2 11341.3 11344.7 11345.6 11333.9
11401.7 11399.2 11396.3 11392.6 11388.7 11387.2 11388.3 11391 11391.9 11391.2 11394.4 11404.9 11416.4 11416.2 11414.2 11412.9 11411.8 11409.9 11408.2 11406.6 11405.9 11405.2 11404.5 11403.5 11402.3 11400.6 11397.3 11394.4 11390.7 11386.2 11382 11375.3 11369.7 11376.4 11377.7 11377.8 11381.2 11388.9 11393.9 11395.2 11394.2 11391.4 11387.5 11384.5 11380.7 11375.2 11369.5 11363.5 11357.8 11352.5 11349.1 11347 11342.5 11340.9 11339.9 11339 11337.7 11336.4 11335.1 11333.8 11332.9 11331.5 11334.5 11337.8 11339.5 11336.4 11332.6
11402.4 11399.9 11397.2 11394.1 11391.4 11390.8 11391.5 11391.5 11391.4 11391.8 11393.5 11405.5 11418.5 11411.3 11405.9 11405 11405.5 11404.7 11403.9 11403.2 11402.9 11401 11399.6 11398.7 11397.4 11395.5 11391.1 11388 11383.9 11380.4 11374.5 11366.7 11364 11370.7 11373.8 11376.6 11379.5 11382.4 11384.8 11384.9 11383 11379.2 11373.8 11372.4 11370.6 11367.6 11363.2 11358.9 11354 11349.4 11345.3 11342 11340 11338.4 11337.4 11336.5 11335.5 11334.5 11333.4 11332.4 11331.9 11332.6 11333.6 11334.5 11335.5 11336.2 11329.5
11403.1 11400.9 11398.8 11397 11395.5 11396.1 11395.9 11394.2 11393.1 11392.6 11393.4 11404.2 11412.6 11404.2 11398.4 11399.2 11400.7 11400.4 11399.6 11398.4 11397.5 11395.5 11394.4 11393.6 11392.2 11389.4 11387.1 11384.2 11380 11376 11370.3 11364.8 11360.7 11363.5 11370.5 11377 11378.6 11378.9 11378.4 11376.9 11374.4 11370.7 11366.7 11364.8 11363.3 11361.2 11358.1 11354.9 11350.7 11346.5 11341.6 11336 11336.2 11336.1 11335.4 11334.5 11333.6 11332.8 11332 11331.2 11330.6 11330 11330.2 11330.9 11330.7 11328.5 11324.5
11403.1 11401.5 11400 11399.3 11400.4 11402.1 11399.3 11397.3 11395.4 11395.4 11398.9 11404.9 11409.5 11403.9 11398.6 11397.4 11397.7 11396.9 11395.7 11393.4 11388.5 11390 11390.1 11388.9 11387.5 11385.7 11383.9 11381.5 11377.8 11373.9 11369.6 11364.7 11361.8 11363 11369.7 11377.7 11377.3 11375.6 11373.5 11370.8 11367.7 11364.4 11361.8 11359.5 11357.9 11356.6 11354.2 11351.4 11348.1 11344.2 11340.6 11337.2 11335.8 11335 11333.8 11333 11332.3 11331.7 11331 11330.2 11329.5 11328.8 11328.6 11328 11327.2 11325.6 11321.4
11402.1 11401.3 11400.5 11400.6 11400.8 11399.8 11401 11401 11399.6 11400.3 11403.6 11406.7 11408.6 11406.3 11400.8 11397.8 11395.8 11394.4 11393.1 11391.5 11389.8 11388.8 11387.2 11385.5 11384.2 11382.7 11381.5 11379.8 11377.4 11374.2 11371.1 11367.2 11363.5 11364.1 11368.5 11372.8 11373.5 11372 11369.6 11366.4 11362.5 11358.3 11355.5 11354.7 11353.9 11352.9 11351.2 11348.5 11345.6 11342.7 11340.8 11340.4 11338.1 11334.2 11332.7 11332.2 11331.8 11331.4 11330.7 11330 11328.9 11327.7 11326.7 11326.4 11325 11323.4 11321.5
11401.1 11400.9 11400.8 11401.3 11401.9 11402.7 11404.7 11405.9 11406.9 11409.1 11409.8 11406.8 11406.3 11404.1 11399.5 11397 11394.7 11393.1 11391.1 11390 11391.2 11388.3 11384.3 11382.8 11381.9 11381.1 11380 11379 11377 11375.7 11374.5 11372.6 11369.3 11367.7 11368.6 11369.8 11370.2 11369 11366.3 11363 11358.9 11354.4 11351.1 11351.5 11351.1 11349.9 11348.5 11346.4 11344.3 11342 11339.9 11336.8 11333 11331.3 11331.4 11332 11332 11331.8 11331.3 11330.6 11329.6 11328 11326 11328.5 11328.2 11327.1 11325.3
11399.7 11400.5 11400.4 11400.9 11402.7 11406 11407.8 11408.7 11412.2 11410 11406.5 11402 11399.1 11396.9 11396.4 11396 11394.2 11391.5 11388.8 11385.9 11381.9 11378.7 11379.6 11379.5 11379.4 11379.2 11378.8 11378.7 11378.5 11378.7 11378.8 11378.4 11376.3 11373.5 11371.8 11371.3 11368.9 11366.9 11364.3 11361.1 11357.7 11354.4 11351.6 11350.2 11349.2 11347.7 11346.3 11344.6 11343.1 11341.4 11340 11337 11330.2 11328.4 11331.7 11332.7 11333.2 11333 11332.7 11332.2 11331.5 11331.3 11332.9 11335.5 11336 11334.4 11330.5
11399.1 11398.9 11398.3 11398.6 11401.1 11406.5 11407.3 11405.7 11402.6 11395.5 11393.7 11394.3 11392.2 11391.2 11396.1 11396.2 11393.6 11390.4 11386.9 11382.7 11378.4 11376.1 11376 11377.3 11377.3 11377.7 11378.5 11379 11379.7 11380.7 11382 11382.9 11383.1 11382.2 11375.5 11370.9 11367.6 11365.1 11362.6 11359.9 11357.4 11354.9 11352 11349.6 11347.5 11345.7 11344.1 11342.6 11341.5 11340.9 11340.6 11341.3 11342.3 11336.5 11335.4 11335 11335 11334.5 11334.2 11333.9 11333.8 11334.3 11336 11341.6 11352.5 11342.9 11333.7
11398.4 11397.3 11396.1 11394.6 11392.6 11398.1 11401.4 11399.3 11399.1 11393.9 11391 11390.6 11388.6 11387.5 11395.7 11396.4 11393.4 11389.5 11385.7 11381.3 11377.3 11374.4 11374.7 11375.7 11376.7 11377.6 11378 11378.9 11380.4 11381.8 11383.2 11384.2 11384.1 11381.9 11375 11368.9 11365.7 11363.6 11361 11358.8 11356.8 11355.6 11352.1 11348.7 11345.9 11343.8 11342.1 11340.7 11339.4 11339 11339.5 11341.2 11343.7 11342.2 11338.7 11337.4 11337 11336.5 11336.3 11336 11336.1 11336.4 11337.6 11340.8 11342.1 11340.8 11333.5
11398.3 11396.8 11394.8 11392.3 11389.4 11391 11394.4 11392 11385.2 11392.6 11392.7 11390.9 11389.8 11389.8 11395.2 11395.1 11392.6 11389.1 11385.1 11380.9 11376.8 11373.2 11374.2 11375.2 11376.5 11377.3 11378.2 11379 11379.7 11381.1 11382.9 11383 11380.7 11376.9 11371.2 11367.1 11363.9 11361.7 11359.3 11356.7 11354.5 11352.5 11349.8 11347.1 11344.4 11341.9 11340 11338.6 11337.3 11336.7 11336.6 11337.3 11338.3 11338.4 11338.8 11338.7 11338.7 11338.4 11338.1 11337.9 11337.9 11337.9 11338.2 11338.9 11339.1 11338.3 11334
11397.5 11396.2 11394.9 11393.7 11392.8 11394.8 11396.1 11394.1 11393.1 11393 11393.1 11391.7 11391.6 11396.5 11394.7 11393.3 11391.7 11388 11384.4 11381 11378.1 11376.1 11375.6 11376.2 11376.7 11377.4 11378.1 11378.7 11379.1 11379.3 11379.8 11379.2 11376.2 11372.6 11368.6 11365.7 11362.5 11360.1 11357.3 11354.3 11351.5 11349 11346.7 11344.5 11342.4 11340.1 11337.8 11336.2 11334.9 11334 11333.2 11332.5 11331.2 11335.2 11338.2 11339.4 11339.8 11339.8 11339.7 11339.6 11339.7 11339.7 11339.3 11339.9 11341.2 11338.7 11334.2
11396.3 11395 11394.7 11395.9 11398.1 11399.9 11399.8 11399.1 11397.7 11399.3 11395.6 11391.4 11388 11385.5 11389.9 11395 11390 11386.3 11383.6 11381.2 11379.4 11378.1 11377.3 11376.8 11376.5 11376.5 11376.6 11377 11377 11376.4 11375 11373.7 11371.7 11368.4 11366.7 11364.6 11361.6 11359.1 11355.9 11352.5 11349 11345.5 11343.9 11342.3 11340.2 11338.2 11336.2 11334.1 11332.3 11331.1 11330 11329.4 11329.2 11335.5 11338.7 11340.1 11340.3 11340.6 11340.5 11340.9 11341.2 11341.8 11343.3 11346.2 11345.2 11339.7 11333.9
11394.7 11393.8 11393.1 11395.4 11401.4 11405.6 11411.7 11405 11402.2 11401.4 11396.5 11390.3 11384 11376.7 11380.1 11386.6 11384.7 11383.2 11381.9 11380.6 11379.9 11380.1 11379.1 11377.4 11376.3 11375.8 11375.4 11376 11375.5 11374.6 11372.5 11370.8 11368.7 11365.9 11365.2 11364.4 11361.4 11358.2 11354.8 11351.5 11347.8 11344.6 11342.4 11340.4 11338.5 11336.4 11334.3 11332.3 11330.3 11328.5 11327.4 11327.3 11328.3 11334.1 11338.7 11340.3 11340.5 11340.7 11340.7 11341.1 11341.6 11342.6 11344.2 11346.6 11344.8 11338.8 11333.4
11393.8 11391.7 11389.6 11388.1 11390.3 11398.4 11407.1 11402 11401.9 11402.5 11395.6 11388.7 11383 11379.7 11377.4 11373.7 11378.1 11379.7 11379.9 11379.2 11378.9 11379 11378 11376.2 11375.4 11375.3 11375.4 11375.2 11375.1 11374.8 11374.1 11371.1 11367.8 11363.5 11362.7 11363.6 11360.5 11357.3 11354.1 11351.1 11347.9 11344.4 11341.7 11339.6 11337.5 11335.3 11333.1 11331.1 11329 11326.8 11325.7 11325.7 11327.5 11333.4 11338.5 11339.6 11339.5 11339.5 11340 11340.7 11341.2 11341.7 11341.4 11338.9 11337.9 11335 11330.1
11393.3 11390.5 11386.3 11380.8 11378.8 11386.2 11390.7 11394.7 11398.3 11397 11391.2 11385.3 11381 11379.3 11378.5 11374.9 11376.6 11377.7 11378 11377.3 11376.3 11374.9 11373.7 11373.6 11374.2 11374.7 11374.7 11374.7 11374.4 11374 11373.7 11371.2 11368.8 11366.4 11363.4 11361.5 11359 11356.3 11353.3 11350.7 11348.2 11345.2 11341.5 11338.7 11336.3 11333.8 11331.4 11329.2 11327 11325 11323.9 11323.5 11325.4 11332.4 11337.4 11337.8 11338.2 11338.7 11339.5 11340.6 11340.9 11341.1 11340 11336.5 11334.9 11331.6 11326.9
11393.8 11391.3 11387.4 11382 11378.7 11381 11378.9 11387.7 11391.4 11389.3 11384.2 11380 11376.2 11373.3 11371.3 11376.5 11377.4 11377.2 11376.5 11375.4 11373.7 11371 11368.9 11371 11372.3 11373 11373.3 11373.4 11373.1 11372 11370.4 11369.8 11369 11370.1 11368.6 11361.1 11358 11354.8 11351.8 11348.9 11346.1 11343.3 11340.2 11337.3 11334.7 11332.3 11330 11327.5 11325.3 11323.1 11321.4 11320.1 11319.6 11321.2 11332.4 11334.3 11335.9 11337.4 11338.2 11339.4 11340.6 11341.4 11340.9 11337.4 11335.6 11328.8 11322.6
11394.3 11393.6 11391.9 11390.1 11388 11385.8 11382.9 11381.2 11377.4 11376.5 11375.8 11373.8 11371.5 11369.5 11369.8 11376.1 11377.3 11376 11374.8 11373.7 11372.2 11370.2 11368.9 11370.4 11371.3 11371.8 11372.2 11372.3 11372 11371.3 11370 11368.3 11366.6 11365.3 11366.7 11362.4 11357.6 11353 11349.2 11346.2 11344.3 11341.2 11338.2 11335.8 11333.5 11331 11328.9 11326.7 11324.3 11322.1 11319.9 11317.8 11316 11316.8 11323.8 11329.2 11332.5 11335.2 11337.3 11338.9 11340.3 11342.1 11344.4 11343.3 11336.7 11325.1 11313.2
11394.8 11395.7 11396.7 11397.6 11396.9 11394.6 11389.9 11382.2 11372.9 11370.3 11369.8 11368.8 11367.6 11366.5 11366.8 11372.5 11373.6 11373.2 11372.6 11372 11371.5 11371.3 11371.8 11371.2 11370.5 11370.3 11370.4 11370.6 11370.9 11370.3 11369.1 11366.5 11363.7 11360.7 11362.5 11361.1 11355.2 11349.8 11345.8 11342 11338.8 11337.4 11335.6 11333.7 11332 11330.1 11328.3 11326.4 11324.5 11322.4 11320.1 11317.6 11315.3 11313.3 11318.9 11325.7 11330 11333.9 11336.4 11337.9 11338.8 11340.1 11344.4 11352.8 11337.8 11323 11309.8
