real_craters/C071-500m.grd
DSAA
111 111
-27.545 27.545
-27.545 27.545
10158.111431206 11750.736425177
[rows 0 to 29 of 111, columns 0 to 66 of 111]
11408.5 11416.7 11423.4 11427.9 11427.1 11424.5 11422.1 11419.6 11417.5 11415.6 11412.4 11408.9 11406.6 11407.2 11399.2 11391 11385.7 11383.2 11389.8 11391.1 11391 11387.4 11384.1 11381.2 11378.7 11376.5 11374.2 11368.6 11362.5 11356.7 11351.6 11347.1 11342.8 11340 11337.9 11336.4 11337.1 11337.8 11334.6 11333.8 11328.9 11324.6 11322.9 11323.3 11323.7 11324.2 11324.6 11325.1 11325.1 11322.7 11319 11318.3 11317.4 11317.1 11316.5 11316.3 11314.9 11314.4 11314.5 11315.5 11317.7 11321.5 11319.7 11318.7 11318.8 11318.7 11317.6
11406.8 11415.4 11422.5 11427.1 11426.1 11424.3 11421.3 11418.1 11415.9 11413.6 11411.3 11409.4 11407.3 11404.6 11403.4 11401.8 11398.2 11393.4 11395.5 11398.4 11395.8 11393 11388.6 11385.8 11384.6 11383.3 11378.4 11371.7 11365.2 11359.3 11354.8 11350.6 11347.8 11345.7 11343.5 11342.9 11342.7 11341.5 11337.6 11335.8 11331.8 11328.3 11326.3 11325.8 11325.6 11326.3 11327.4 11328 11328.4 11325.5 11323 11321.1 11319.3 11318 11319 11321.3 11321.2 11318.1 11317.2 11318.2 11322.5 11325.5 11321.4 11320.7 11321.5 11323.4 11327.1
11406.4 11415.1 11421 11424.1 11423.9 11421.6 11418.5 11415.2 11411.6 11410.9 11409.7 11407.9 11407.1 11408 11405.4 11402.8 11402.8 11400.4 11399.5 11399.4 11398 11396.5 11390.4 11385.7 11383.8 11385.6 11378.8 11373 11367.1 11361 11354.6 11353.1 11351.6 11350 11348.4 11347.2 11348.1 11349 11342.2 11338 11335.1 11331.7 11329.1 11328.3 11328.6 11329.1 11330 11330.7 11331.2 11327.7 11327.2 11324.1 11321.7 11319.3 11320.3 11321.3 11320.7 11319.2 11318 11317.4 11317.1 11315.5 11318.6 11320.9 11322.9 11325.5 11328.2
11407.4 11416.2 11421.3 11423.2 11422.9 11419.6 11415.9 11412.8 11409.7 11407.5 11406.7 11405.3 11403.7 11402.8 11402.2 11404.1 11404.7 11403.8 11400.3 11397 11395.7 11393 11387.1 11382.8 11379.6 11379.6 11376.3 11373.5 11369.4 11364.3 11359.1 11356.9 11355.5 11355.8 11353 11352.3 11352 11352.6 11351 11344.1 11339.1 11334.2 11330.8 11331.2 11331.5 11331.4 11331.8 11332.6 11333 11331.3 11328.5 11326.2 11324.8 11324.2 11321.2 11319.6 11319.5 11319 11318.1 11316.4 11313 11312.8 11317.1 11320.3 11322.6 11324.8 11327.1
11409.4 11419.6 11427.5 11428.1 11424.2 11418.5 11413.6 11411.4 11409.1 11406.1 11405.2 11404.3 11402.9 11401.8 11400.1 11398.8 11400.4 11401.8 11400.5 11397.1 11392.6 11387.4 11385 11381.1 11376.6 11374.9 11374.7 11374 11372.4 11369.7 11365.4 11362.1 11358.6 11355.4 11354.4 11353.6 11353.4 11352.9 11353.2 11349.6 11343.3 11338.8 11335.7 11335 11334.4 11334.1 11333.8 11333.8 11334 11333 11329.6 11326.9 11325.2 11323.1 11320.9 11319.1 11318.9 11319.3 11319.3 11318.5 11316 11313.7 11319.3 11321.3 11321.9 11322.3 11322.5
11412.5 11423.5 11431.9 11432.4 11426.6 11419.2 11412.5 11410.2 11408.9 11405.6 11406.7 11406.2 11405.1 11403.2 11400.8 11397.7 11397.8 11397.5 11396.3 11394.9 11391.7 11388.5 11387.5 11383.1 11377.6 11375.2 11375.8 11375.6 11375.9 11376.7 11374.6 11367.1 11361 11355 11353.5 11353.7 11353.7 11353.7 11353.4 11349 11346.2 11343.6 11342.7 11339.7 11338.1 11336.8 11335.9 11335 11332.6 11331.9 11329.5 11327.4 11325.6 11323.2 11320.6 11319 11319.3 11320.5 11321.8 11323.2 11325.7 11332.8 11327.2 11323.8 11321.6 11319.3 11316
11414 11426 11434.2 11434.2 11428.8 11421.9 11413.9 11412.9 11410.5 11414.1 11410.6 11408.6 11407.9 11405.8 11403.8 11404.6 11401.3 11399 11396.2 11395.8 11394 11393.3 11392.8 11387.1 11383.7 11380.3 11377.6 11377.1 11377.6 11377.8 11375.4 11369.6 11363.4 11357.9 11353 11353.6 11355 11354.8 11353 11350.4 11348.6 11346.5 11344.8 11342.9 11341.6 11340.4 11338.5 11336.2 11334.7 11332.3 11330.2 11328.1 11326.1 11323.5 11320.6 11318.9 11320.4 11322.5 11324.7 11327.5 11331.1 11333.5 11329.7 11325.3 11321.3 11317.4 11313.4
11413.9 11427 11435.7 11435.1 11430.3 11425.4 11423 11418.6 11416.9 11415.7 11411.9 11408.2 11406.4 11407.8 11410.7 11405.2 11405.8 11404.4 11403.8 11400.9 11398.4 11396.7 11394.1 11389 11383.3 11378.2 11377 11377.6 11377.7 11377.7 11375.1 11370.3 11365.5 11361.6 11358.3 11357.8 11358.9 11358.4 11354.2 11353.6 11351 11348.4 11344.4 11345 11346.4 11344.9 11341.5 11336.7 11332.8 11331.4 11330.5 11329.2 11326.9 11323.8 11321.3 11320.8 11322.4 11325 11327.8 11330.6 11332.3 11330 11329.3 11325.3 11321.1 11317.1 11312.3
11411.4 11425.7 11435.9 11433.3 11428.8 11424.6 11421.5 11418.2 11415.7 11413.7 11410.2 11407 11405.3 11405.9 11406.1 11406.1 11408.2 11409.1 11408.2 11405.3 11402.1 11399.1 11395.5 11390.4 11385.2 11380.9 11379.8 11378.3 11376.2 11375 11372.8 11370.1 11367.2 11364 11360.6 11362.9 11364.1 11364.7 11359.2 11353.6 11353.4 11353.8 11352.4 11354.6 11354.7 11351.1 11346.1 11340.5 11335.2 11331 11328.4 11329.5 11327.3 11324.8 11322.1 11322.2 11324.9 11327.7 11330.3 11333 11335.5 11337.6 11329.1 11326.8 11322.6 11317.4 11313.3
11405.3 11419 11427.5 11426.4 11422.7 11419.7 11417.3 11415.7 11411.9 11408.9 11406.8 11405.1 11403.7 11403.2 11404.4 11405.1 11407 11409.3 11410.7 11408 11404.5 11400.4 11396 11391.2 11386.5 11384 11382.9 11379.5 11375.4 11370.4 11370.4 11370.1 11369.4 11369.4 11369.6 11370.1 11369.1 11365.6 11362.6 11355.5 11356.8 11362.3 11370.1 11372.3 11365.5 11358 11351 11344.1 11338 11332.5 11329.8 11330.3 11327.1 11327.9 11325.2 11325.2 11329 11330.6 11332 11333.7 11336.7 11340.4 11337.4 11330.1 11324.7 11320.3 11316.2
11394.7 11406.4 11415.2 11414 11412.9 11411.4 11409.6 11405.9 11403.4 11402.1 11402.4 11402.5 11401.3 11399.5 11399.4 11399.8 11402.1 11407.2 11409.5 11408.9 11405.9 11399.8 11395 11390.5 11390.2 11384.6 11384.8 11380.8 11376.9 11373.9 11371.9 11371.3 11371.6 11373.7 11380.3 11376.2 11372.1 11370.1 11365 11352.1 11357.6 11367.9 11379.1 11381.9 11372.7 11362.3 11353.4 11347.6 11339.7 11333 11329.4 11333 11334.1 11336.4 11341.1 11338.6 11335.1 11333 11332.1 11332 11333 11335.5 11338.2 11328.9 11324.7 11323.5 11320.3
11381.8 11384.7 11391 11398.2 11401.7 11402.8 11402.5 11400.1 11397.4 11397.4 11398.1 11399 11397.6 11396.1 11395.5 11396.8 11399 11404.1 11409.3 11409.2 11405.9 11397.6 11383.8 11390 11391.6 11387.9 11384.5 11381.8 11378.5 11375.2 11374.3 11373.3 11372.1 11371.2 11376.8 11375.9 11370.5 11365.7 11366 11362.5 11361.4 11369.4 11379.2 11383 11373 11362.4 11352.4 11340.5 11336.9 11332.1 11327.5 11332.3 11334.8 11339.8 11350.9 11346.6 11338.3 11333.9 11331 11328.9 11326.4 11322.9 11317.3 11320.4 11324 11327.4 11330
11372.9 11372 11377.1 11385.9 11391.7 11395.2 11397.3 11403.9 11399.5 11395.5 11394.2 11393.3 11392.9 11391.7 11391.6 11391.9 11392.8 11399.5 11408.2 11410.2 11406 11400.9 11397 11395.9 11394.8 11389.6 11386.1 11383.4 11381.1 11379.5 11378.2 11377 11374.5 11371.4 11373.2 11372.6 11368.7 11365.8 11362.6 11358.5 11361 11367.3 11372.6 11373.8 11366.6 11359.1 11352.3 11348.1 11338.5 11332.7 11328.5 11325.9 11325.6 11332.6 11336 11338.1 11335.3 11331.8 11328.5 11325.3 11320.9 11314.1 11308.3 11315.8 11324.4 11332.9 11343.3
11369.3 11370.5 11373.7 11379.4 11385.2 11389.5 11392.5 11395.2 11392.1 11392.8 11391.6 11389.9 11390 11388.2 11384.4 11385.6 11389.3 11393.6 11403.8 11408.9 11408.3 11404.9 11403.3 11401.3 11397 11393.9 11390.2 11386.7 11384.3 11382.7 11383.5 11383.1 11380.2 11373.3 11372.1 11370.7 11367.6 11365.6 11361.5 11358.7 11362.1 11364.8 11363.8 11359.5 11356.8 11353.6 11349.6 11344.6 11339.3 11333.8 11329.7 11324.7 11323.2 11326 11328.1 11329.7 11329 11327 11324.5 11321.7 11318.3 11313.3 11308.4 11317.5 11325.6 11335.1 11348.2
11368.1 11367.1 11370.9 11376.2 11381.3 11385.7 11389.1 11391.9 11393.2 11392 11391.2 11390.3 11390.2 11391.2 11388.9 11388.2 11386.3 11385.5 11395.1 11402.1 11403 11404.2 11406.3 11403.4 11400.1 11399.3 11395.2 11391.2 11389.4 11388.8 11389.8 11391.6 11392 11386.7 11379.4 11372.8 11366.6 11361.8 11360.7 11364.3 11368.9 11364.6 11359 11350.9 11349.9 11348.7 11346.2 11343.1 11338.3 11334.1 11330 11326.1 11321.4 11320.9 11322.3 11323.5 11323.8 11323 11321.5 11319.8 11318.2 11317.7 11320.2 11321.7 11324.9 11332 11341.2
11370 11367.7 11370.8 11375.8 11380.3 11384.2 11387.2 11389.7 11391.6 11391.8 11391.7 11391.1 11390.1 11389.4 11388.1 11386.1 11383.8 11380.5 11384.2 11389.4 11395.5 11399.8 11403.1 11401.8 11399.7 11398.7 11396.9 11394 11391.6 11391.7 11394.4 11399.4 11406.5 11412.4 11391.1 11375.4 11368.3 11362.2 11359.9 11358.3 11366.8 11364 11358.5 11353.1 11349.1 11346.2 11343.3 11340.2 11337.4 11334.2 11330.4 11324.3 11319 11316.8 11316.1 11318.4 11319.8 11319.7 11319.1 11318.3 11318.2 11319.7 11322.4 11318.3 11320.5 11325.1 11330.7
11373.6 11372.6 11374 11377.3 11381.5 11385.1 11387.8 11390 11390.4 11391.1 11391.2 11390.8 11389.2 11387.1 11385.3 11384.8 11381.4 11380.1 11379.4 11380.2 11386.3 11394.4 11400.7 11402 11399.8 11398.7 11396.9 11395.2 11389.6 11391.8 11396.4 11401.8 11407.9 11409.9 11389.2 11372 11368.5 11365.3 11363.1 11363.5 11366.6 11364.4 11359.3 11353.2 11348.4 11345.5 11342.4 11339.5 11336.9 11334 11331.2 11327.9 11320.5 11316.7 11315.5 11316.4 11316.9 11316.9 11316.4 11315.8 11315.7 11316.2 11316.2 11312.4 11314.9 11316.9 11319.8
11376.6 11375.7 11377.6 11380.5 11383.9 11387.2 11390.7 11390.8 11390.8 11390.7 11390.6 11390 11388.3 11385.8 11383.5 11383 11381.9 11379.7 11379.3 11379.7 11382.1 11390.2 11398 11402.8 11402.1 11404.1 11405.8 11401.1 11395.3 11394 11396.8 11400 11401 11394.8 11383.5 11371.8 11368.9 11369 11367.4 11370.2 11369.2 11367.4 11360.8 11353.7 11348.5 11346.2 11343.4 11340.1 11337.1 11333.9 11330.6 11327.2 11321.1 11319.2 11318 11317.1 11316.4 11315.4 11314.4 11313.1 11311.8 11310.6 11308.1 11310.3 11309.7 11309.9 11311.2
11380.1 11379.7 11381 11383.4 11386.5 11389.6 11391.4 11392.8 11390.4 11390.3 11390.3 11389.8 11388.7 11385.8 11382.9 11380.8 11379.5 11379.4 11379.3 11379.1 11381.3 11388.3 11394.7 11396.7 11402.4 11407.1 11409.6 11406 11397 11395.2 11396.1 11397.2 11396.9 11392.1 11380.9 11371.5 11370.9 11370 11368.1 11367.6 11374.9 11369 11362 11355.8 11351 11348 11345.4 11341.6 11337.7 11334.2 11330.3 11326.4 11324.2 11322.6 11320.6 11318.6 11317.1 11315.4 11313.6 11311.5 11309.7 11306.5 11302.8 11305.5 11304.7 11305.5 11308.3
11383 11383.2 11383.7 11385.8 11388.7 11391.5 11393.2 11393.1 11389.8 11389.9 11390.3 11389.8 11389 11387.8 11384 11381.2 11379.6 11379.9 11378.8 11377.6 11381.3 11388.6 11396.3 11404 11405.8 11406.2 11404.2 11400.4 11396.4 11394.8 11394.7 11394.4 11391.2 11386.1 11378.8 11372.1 11368.2 11368.2 11367.2 11365.2 11364.2 11364.4 11361.9 11358.3 11354.6 11349.6 11345.3 11341.9 11338.6 11335.2 11331.1 11328.1 11327 11325.7 11322.9 11320.4 11318.6 11316.4 11313.9 11311.1 11307.7 11304.1 11299.8 11298.8 11301 11302.6 11307.2
11382.5 11383.2 11384.8 11387.7 11390.8 11393.3 11394.2 11391.5 11391.2 11390.3 11389.3 11389.6 11388.6 11386.7 11384.6 11382.1 11380.8 11380 11379.5 11377.1 11382.3 11390.5 11399.8 11406.2 11410.9 11406.9 11400.8 11398.1 11395.1 11394.3 11393.6 11392.9 11391.6 11385.8 11378.3 11371.9 11368.4 11369.1 11368.6 11367.2 11364.8 11363.3 11361.8 11359.3 11356.8 11350.3 11345.8 11342.3 11339.8 11337.1 11333.6 11330.2 11329.5 11327 11324.4 11322.2 11319.5 11316.7 11313.8 11310.6 11307.1 11303.6 11300 11297.6 11299.3 11300 11302.1
11376.8 11380.6 11384.8 11388.7 11392.3 11395.2 11395.9 11392.6 11391.6 11391.8 11391.8 11390.7 11389.8 11387 11384.5 11382.6 11381.2 11382.6 11381.7 11379.6 11382.5 11391.6 11403.7 11416.3 11417.4 11408.7 11400.6 11397.8 11396.4 11394.8 11393 11391.3 11391.5 11385.2 11378.8 11374.2 11375.4 11373.7 11371.8 11370.4 11368.7 11366.3 11362.5 11358.1 11351.9 11349.4 11346.3 11344.4 11342.3 11340.4 11339.2 11335.4 11332.5 11329.7 11326.5 11324 11320.7 11317.3 11314 11310.6 11307.1 11303.8 11301.1 11300.5 11300.5 11299.9 11301
11378.9 11381.4 11385.9 11390 11393.6 11396.4 11397 11395.6 11394.3 11393.6 11392.9 11391.9 11390.2 11388 11385.6 11383.6 11382.6 11382.2 11382.5 11380.3 11382.1 11390.4 11401.4 11411.1 11414.4 11408.3 11401.4 11399.5 11398.7 11396.2 11393.3 11389 11382.9 11382 11379.7 11377.6 11377.5 11377.1 11375.1 11372.8 11370.6 11367.9 11363.4 11358.1 11352.6 11351 11350.3 11347 11344.7 11342.9 11342.1 11340.2 11336.9 11332.1 11329.8 11326.6 11323.2 11318.6 11315.1 11311.6 11308.9 11305.9 11303.6 11302 11299.9 11301.4 11302.7
11384.3 11385.6 11388.9 11392.6 11395.6 11397.2 11396 11394.2 11395.8 11395.2 11394.6 11393.3 11391.9 11390.3 11388 11385.8 11384.6 11385.2 11385.8 11381.4 11381.8 11387.9 11394.1 11402.8 11408 11406.1 11402.1 11397.7 11398.3 11396.6 11395.6 11392.2 11384.2 11385.1 11382.9 11378.5 11379.9 11381.1 11379.4 11376.3 11371.2 11369.7 11365.6 11360.8 11355.7 11352.5 11351.1 11349.7 11347.5 11344.6 11341.1 11341.7 11343.4 11337.7 11332.7 11329 11325.5 11323.7 11319.9 11315.9 11312.2 11309 11306.1 11303.4 11303.1 11306.1 11308.5
11387.8 11389.3 11392.5 11396.3 11399 11399.2 11398.2 11397 11396.7 11396.2 11396.1 11395.3 11393.4 11391.8 11390.4 11389.2 11389.1 11388.1 11389.4 11387 11385.5 11388.8 11390.2 11397.1 11405.3 11404.9 11399.1 11393.1 11392.9 11396.3 11399.6 11402.1 11402.1 11394.6 11389.2 11387.2 11387.6 11385.9 11384.5 11382.5 11382 11375 11369.5 11365.2 11361.5 11356.6 11354 11353.9 11352.2 11348.7 11343.2 11342.3 11338.9 11337.9 11334.8 11332.4 11329.3 11325.8 11321.8 11318.1 11314.8 11311.7 11308.9 11309.4 11313.7 11312.2 11312.2
11389.3 11392.6 11397 11401.5 11405 11405.4 11406 11403.8 11400 11398.4 11398.5 11398.6 11397.5 11394.4 11393.5 11392.3 11390.5 11393 11397 11396.1 11396.3 11393.1 11394.4 11399.9 11409.3 11406.9 11401 11397 11392.9 11396.9 11403.2 11410.3 11411.9 11402.6 11394.4 11389.7 11390.2 11390.5 11390 11388.5 11383.7 11377.9 11372.5 11370.2 11367.9 11365 11362.1 11360.4 11359.1 11357.1 11354.9 11351.4 11348.6 11342.2 11337.8 11336.3 11333.1 11329.3 11325.7 11320.8 11316.9 11313.6 11310.7 11309.6 11313.7 11315.4 11316.5
11391.8 11396 11401.6 11407.4 11412.9 11417.1 11414.5 11410.8 11407.5 11405.1 11404.1 11403.3 11401.2 11399.1 11398.2 11397.5 11398.2 11397.2 11399.4 11400 11399.9 11393.8 11390.2 11400 11410.2 11410.1 11405 11399.7 11394.7 11397.7 11404.2 11411.9 11412.9 11405.7 11397.8 11391.1 11394.9 11395.7 11396.1 11395.2 11391.9 11378.2 11377.4 11377.1 11375 11373.3 11369.2 11367.8 11367.9 11368.4 11367.1 11364.8 11360.3 11348.1 11346.4 11343.9 11340.8 11335.9 11330.7 11326.3 11321.7 11317 11312.7 11309 11308.7 11315.9 11320.1
11394.9 11399.9 11406.2 11413 11419.5 11422.1 11418.6 11416 11413.6 11412.5 11411.1 11409.5 11408.2 11405.4 11403.8 11403.3 11404.1 11403.2 11400.2 11399.8 11398.7 11393.7 11391.7 11401.9 11415.3 11413.2 11410 11403.3 11397.4 11398.8 11401.3 11404.6 11407 11404.6 11401.6 11398.3 11398.7 11401.8 11403.3 11403.3 11402.4 11397 11391.5 11386.4 11382.6 11379.3 11374.6 11373.5 11374.7 11378.2 11382.1 11376 11378.9 11371.7 11358.5 11352.4 11347.1 11342.5 11336.8 11332.3 11326.3 11321.2 11316.1 11311.1 11309.4 11316.7 11319.6
11400 11404.5 11410.8 11417.7 11424.5 11428.7 11423.7 11422.2 11420.8 11419.1 11417.2 11414.7 11412 11410.6 11409.3 11407.9 11407.6 11405.5 11400.9 11400.3 11398.1 11395.9 11394.3 11402.5 11411.3 11411.8 11410.8 11411.7 11408.1 11403.4 11398.8 11392.7 11396.6 11402.9 11406.4 11407.6 11407.2 11409.7 11411.2 11411 11409 11409.3 11403.4 11394.1 11388.9 11386.8 11378.2 11377.9 11379.3 11380.5 11379.9 11377.1 11374.7 11373.1 11366.2 11360.6 11355.4 11349.2 11343.7 11338.1 11333.5 11327.8 11322.4 11318.4 11318.1 11317.7 11318.2
11405.5 11409.8 11415.2 11421.1 11426.8 11430.3 11430.2 11429.2 11428.4 11426.5 11424.1 11420.7 11417.9 11416.5 11415.4 11413.6 11411.9 11408.6 11403.8 11401.1 11400.4 11398.6 11397.4 11402.7 11406.1 11409 11400.5 11400.8 11413.1 11407.1 11400.8 11397.3 11399 11404.5 11409.8 11412.4 11416.5 11418.4 11419.3 11419.2 11417.3 11409.1 11398.3 11398.4 11395.4 11384.8 11380.3 11381.8 11383.5 11384.4 11382.7 11378.9 11377.4 11383.5 11375.6 11368.9 11363 11359.5 11353.8 11349.7 11342.4 11335.8 11330 11324.5 11319 11315 11313.9
