real_craters/C071-300m.grd
DSAA
185 185
-27.545 27.545
-27.545 27.545
10157.032962474 11753.076882675
[rows 120 to 149 of 185, columns 0 to 66 of 185]
11064 11150.2 11235.5 11312.2 11374.6 11415 11421.9 11419.6 11410.6 11394.5 11383.9 11378.9 11375.6 11372.9 11370.7 11368.9 11367.5 11366.7 11366.3 11365.6 11363.8 11363.9 11365.3 11366.3 11367.3 11369 11370.6 11367 11369 11370.7 11371.8 11372.9 11373.6 11374.1 11374.1 11374.3 11376.2 11379.2 11382.4 11384.1 11381.9 11380.2 11379.2 11379.3 11383.2 11387.7 11391.4 11395.3 11400.2 11407.1 11416.7 11417 11416.9 11416.6 11417.2 11420.3 11425.5 11428 11430.4 11433 11435.8 11438.8 11441.8 11444.7 11447.6 11450.2 11453.2
11198 11259.7 11312.3 11359.5 11399.8 11426.4 11425.9 11415 11401.8 11392.4 11384 11378 11374.3 11371.5 11369.2 11367.3 11366 11365.4 11365.4 11366 11366.5 11365.3 11364.7 11364.4 11364.7 11367.1 11369.1 11367.8 11367.6 11368.8 11370.1 11371.2 11372.4 11373.4 11373.7 11373.4 11374.5 11375.8 11375.3 11373.8 11373.3 11373.3 11372.2 11372.6 11377.8 11383.2 11387.9 11392 11395.2 11401 11414.2 11415.3 11415.1 11415.2 11416.9 11419.4 11418.6 11420.3 11424 11426.9 11430 11433.3 11436.5 11439.7 11442.3 11443.4 11445.3
11355.5 11381 11393.1 11408.3 11426.5 11441.2 11426 11403.3 11393.4 11388.6 11382.5 11376.9 11373.6 11370.6 11368 11365.8 11364.3 11364 11364.2 11365.4 11368.3 11366.8 11364.1 11363.3 11363.6 11365.4 11366.3 11366.2 11366.4 11367.4 11368.6 11370 11371.4 11373.1 11375 11375.1 11372.9 11370.1 11368 11366.8 11368.6 11368.8 11368.7 11370.5 11375.7 11381 11385.6 11390.9 11398 11409.1 11409 11411.7 11412 11411.9 11412.5 11413.7 11414.1 11416 11418.3 11421.2 11424.2 11427.6 11431.3 11435.3 11438.8 11440.7 11442
11524.7 11484.7 11455.4 11443.8 11441.6 11437.8 11419.8 11399.8 11393.8 11386.3 11381.9 11377.5 11373.3 11369.9 11367.2 11365 11363.5 11362.8 11362.5 11362.3 11361.8 11362.3 11362 11361.9 11362.8 11364.6 11365.7 11364.6 11365.2 11366 11367 11368.2 11369.6 11371.6 11374.6 11375.2 11371.3 11367.4 11365.8 11366.1 11366.9 11366.6 11367.3 11371.6 11376.9 11380.4 11383.9 11388.9 11399.2 11418.6 11412.6 11410.5 11408.9 11407.4 11406 11405 11407.3 11410.3 11412.7 11415.3 11418.5 11422.1 11426.2 11430.6 11435.9 11441.7 11441.7
11560.3 11514 11478.9 11456.1 11442.3 11431.4 11412.6 11395.6 11392.5 11388.6 11382.6 11377.3 11372.9 11369.4 11366.6 11364.4 11362.7 11361.7 11360.9 11360 11359.2 11359.4 11359.6 11359.7 11360.5 11362.6 11364.4 11363.8 11363.7 11364.5 11365.4 11366.3 11367.2 11368.1 11368.9 11369.5 11368.7 11368.1 11367.4 11365.4 11365.8 11365.4 11365.6 11372.7 11378.7 11379.4 11381.4 11384.3 11388.8 11398.6 11409.4 11407.9 11404.7 11402.5 11400.4 11398.6 11401.1 11405.2 11406.2 11409.1 11412.6 11416.4 11420.3 11424.5 11429.6 11436.1 11435.9
11478.8 11485.8 11469.5 11448.8 11428.4 11412.5 11404.1 11395.2 11389.1 11391 11382.5 11376.3 11372 11368.7 11365.9 11363.6 11362 11360.8 11359.8 11359 11358.2 11357.9 11357.7 11357.3 11357 11359.3 11359.9 11360.2 11362 11363.1 11364.1 11364.7 11365 11364.8 11363.7 11364.4 11365.7 11365.6 11364.8 11365.2 11365.8 11365.3 11365.7 11370.4 11374.5 11376.7 11378.7 11380.5 11383.1 11391.1 11397.4 11398.8 11398.4 11397.5 11396.2 11395.3 11395 11394.8 11399 11402.9 11406.9 11410.7 11414.1 11417.3 11419.9 11421.4 11424.9
11456.3 11457.7 11449.8 11433.7 11413.4 11399.7 11396.9 11393.5 11382.5 11379.9 11378.7 11374.1 11370.5 11367.7 11365.3 11363.3 11361.7 11360.4 11359.3 11358.4 11358.1 11357.2 11356.7 11356.2 11355.7 11357.1 11358.6 11359.9 11361.4 11362.5 11363.3 11363.4 11363.3 11362.9 11362.9 11363.2 11364 11364.8 11366 11365.3 11365.2 11366 11367.3 11369.1 11371.1 11374.5 11376.9 11379.4 11380.2 11382 11385.4 11388.5 11392.2 11393.2 11392.7 11391.4 11390.7 11391.4 11393.6 11397.9 11402 11405.6 11408.7 11411 11412.3 11412.5 11416.4
11443 11439.1 11431.7 11419.2 11404.8 11394.7 11390.9 11387.2 11383.8 11377.6 11372.5 11370.7 11368.9 11366.9 11365.1 11363.3 11361.8 11360.4 11359.1 11357.6 11356.9 11356.8 11356.5 11356.4 11356.5 11357.8 11360.4 11360.9 11361.7 11362.5 11362.9 11363.1 11362.7 11361.9 11361 11362.2 11363.3 11363.9 11363.4 11364.8 11365.8 11368 11370.3 11370.8 11372.3 11374 11375.7 11378.1 11384.1 11385 11384.6 11386.9 11389.2 11390.5 11391.2 11391 11389.8 11386.9 11389.9 11395 11398.8 11402 11404.5 11406.3 11408.1 11410.1 11411.2
11427.7 11422.7 11416.1 11406.5 11395.3 11389.1 11385.3 11382.6 11380 11375.3 11369.2 11368.6 11367.8 11366.4 11364.8 11363.5 11362 11360.8 11359.6 11358.2 11357.5 11357.3 11357.1 11357.2 11357.7 11358.2 11359.4 11361.4 11362.6 11363.2 11363.4 11363.5 11363.2 11362.6 11362.2 11363.2 11364.1 11364.7 11365.3 11366.1 11367.8 11369.2 11370.6 11371.5 11372.9 11374.6 11375.2 11374.5 11379 11383.5 11385.5 11387.5 11387.7 11389.3 11391 11392 11391.6 11390.3 11391.7 11394.3 11396.8 11399.4 11401.3 11402.6 11403.6 11405.4 11406.8
11407 11407.4 11402.9 11396 11388.9 11383.8 11380.6 11378.3 11376 11375.3 11371.8 11369.6 11368.2 11366.5 11364.7 11363 11362.1 11361.4 11361 11360.9 11359.6 11358.5 11357.8 11357.7 11358.5 11360.1 11362.1 11363.3 11364.2 11364.6 11364.8 11364.5 11364.3 11364.1 11364.8 11365.5 11366.3 11366.6 11366.7 11366.6 11367.4 11367.8 11368.1 11371.2 11374.6 11376.7 11377.9 11377.4 11377.6 11380.9 11382 11382.4 11384.5 11387.6 11391.4 11395.4 11398.1 11398.2 11396.4 11394.7 11396.1 11397.9 11399.8 11400.4 11399.7 11400.5 11403.2
11398.9 11396.1 11392.6 11387.2 11381.3 11379 11377.2 11375.2 11373.2 11374.2 11373.8 11371.5 11369.4 11367.3 11365.3 11363.8 11362.7 11362 11361.6 11362.3 11360.9 11359.5 11358.7 11358.6 11359.6 11362.4 11364.9 11365.1 11365.6 11366 11365.7 11365.8 11365.8 11365.8 11366 11368.1 11369.4 11369.8 11368.3 11368 11368.3 11370.7 11369.2 11370.9 11374 11377.3 11382 11386.8 11384 11381.2 11379 11378 11381.2 11385.7 11390.7 11397 11402.4 11396.1 11391.5 11393.3 11395.3 11397.5 11399.3 11400.6 11400.6 11401.1 11402.1
11389.5 11388.2 11385.4 11381.5 11377.3 11376.2 11375.4 11374.7 11374.1 11374.3 11374.8 11372.6 11370.3 11368.1 11366.1 11364.6 11363.4 11362.5 11361.4 11359.9 11360.4 11360.2 11359.8 11359.4 11359.5 11361.5 11365.2 11367.2 11367.8 11367.9 11367.5 11367.4 11367.8 11369 11370.1 11371.1 11372.9 11374.9 11376 11375.7 11374 11375.3 11370.6 11369.5 11370.1 11374.6 11382.9 11390.8 11386 11381.4 11377.9 11375.5 11378.5 11383.1 11388 11392.5 11394.8 11391.7 11388.8 11392.2 11394.9 11397.5 11399.9 11401.9 11403.6 11403.6 11402.6
11385.5 11383.5 11381.2 11379.3 11377.7 11375.5 11374.7 11374.8 11374.8 11374.5 11375.1 11373 11370.9 11369 11367.2 11365.6 11364.3 11363.4 11362.7 11362.2 11361.7 11361.5 11361.4 11361.1 11361 11364.1 11368.3 11370.3 11370.5 11369.7 11368.8 11368.1 11368.4 11370 11371.4 11372.6 11375.4 11379.6 11384.6 11385.7 11379.2 11373.9 11368.5 11368.1 11368.1 11372.1 11380 11385.3 11383.5 11380.9 11377.8 11376.4 11377.8 11380.6 11384 11387.2 11388.7 11390.1 11391.1 11393 11395.1 11397.7 11400.8 11403.8 11406.3 11405.6 11403.9
11384.1 11381.4 11378.9 11376.7 11375.2 11374.3 11374 11374.7 11374.8 11374.1 11373.8 11372.5 11370.9 11369.4 11368.3 11366.7 11365.4 11364.5 11363.9 11363.5 11363.3 11363.4 11364.1 11364.8 11365.3 11367.3 11373.7 11374.4 11373.2 11371.3 11369.5 11368 11367.1 11367.1 11369.1 11372.1 11376 11381 11387.5 11389.6 11376.2 11365.7 11366 11368.1 11370.5 11374.2 11378.6 11381.7 11383.8 11379.4 11376.5 11375.8 11376.1 11377.4 11379.8 11382.3 11385.6 11388.3 11392.8 11392.8 11394.2 11397.4 11401.3 11405.3 11406.3 11406.8 11404.9
11381.3 11379.1 11377 11374.5 11373.2 11373.3 11373.5 11374.1 11374.9 11372.9 11372.3 11371.4 11370.2 11369.1 11368.1 11367 11366 11365.3 11365 11364.9 11364.7 11365.3 11366.8 11369.6 11374.1 11377.5 11380.6 11378.9 11376 11372.9 11370 11367.4 11365.4 11364.3 11366.6 11370 11373.7 11377.9 11381.9 11383.4 11370.1 11364.1 11366.4 11369.1 11374.1 11379.1 11376.4 11379.3 11378.5 11374.6 11372.5 11371.5 11371.8 11373.4 11375.1 11376.5 11377.7 11380.8 11387.1 11388.3 11390.8 11395.1 11400.5 11406.5 11412.2 11408.5 11405.7
11377.7 11377.2 11376.2 11375.3 11373.9 11373 11372.6 11372.5 11373.4 11372.9 11371.3 11370 11368.8 11368 11367.5 11366.5 11365.8 11365.5 11365.1 11365.1 11365.4 11366.3 11368.4 11372.7 11380.9 11398.1 11387.7 11383 11377.8 11373.3 11369.5 11366.4 11363.8 11362.1 11364.3 11367.1 11369.9 11371.8 11371.6 11366.6 11365.7 11366.7 11367.2 11367.7 11370.3 11371.3 11366.2 11361.5 11364.8 11367 11367.5 11367.3 11368 11369.7 11370.8 11371.5 11371.5 11372.9 11374.7 11379.7 11385.7 11391.4 11397.4 11403.3 11407.2 11406.6 11405
11376.1 11376.1 11375.6 11374.8 11374 11372.8 11371.9 11371.4 11373.8 11373.3 11369.9 11368.4 11367.1 11366 11365.3 11365.3 11365.3 11365.4 11365.6 11365.5 11365.4 11366.2 11368.1 11372.1 11380.5 11395.9 11392.7 11384.2 11377.1 11371.9 11367.8 11364.7 11362.8 11362 11363 11364.7 11366.4 11367.1 11365.4 11362.2 11362.5 11363.1 11363.1 11364.8 11363.8 11357.9 11358.1 11356.1 11357.7 11361.2 11363.6 11365.4 11367.2 11367 11367.3 11367.8 11368.5 11369.5 11370.3 11374.6 11381.1 11387.3 11393.5 11398.9 11401.8 11403.4 11402.9
11375.9 11375.7 11375.3 11374.7 11373.8 11372.8 11371.7 11370.7 11371.1 11370.2 11368 11366.8 11365.6 11364.3 11363.3 11363.9 11364.3 11364.8 11365.8 11365.3 11364.8 11364.9 11365.9 11368.2 11373.3 11382.4 11385.5 11378.3 11372.9 11368.7 11365.3 11362.3 11360.7 11360.8 11361.1 11362.5 11363.7 11364.1 11363.2 11361 11360.1 11359.2 11361.2 11365.7 11366.8 11364.1 11358.1 11353 11355.5 11358.6 11361.1 11363 11363.8 11364.2 11364.6 11365.2 11365.9 11366.8 11369.1 11372.6 11377.9 11383.6 11388.9 11395.5 11399.6 11400 11401
11375.5 11375.4 11375.4 11375 11374 11372.9 11371.9 11371.3 11369.8 11369.1 11367.3 11365.8 11364.6 11363.7 11363.2 11362.9 11363.2 11363.6 11363.3 11363.6 11363.4 11363.1 11363.1 11363.4 11366.2 11371.1 11366.9 11367.4 11366.8 11364.9 11362.7 11360.1 11357.3 11356.3 11358.6 11360.6 11362.1 11363 11363.3 11363.6 11362.1 11363.3 11366.8 11370.8 11375.3 11378.7 11365.8 11356.4 11358.4 11359.9 11360.8 11361.2 11361.5 11361.9 11362.3 11363 11364.4 11367 11367.2 11369.9 11375.8 11381.4 11384.8 11384.6 11390.4 11396.6 11399.1
11375.1 11375.3 11375.6 11375.4 11374 11372.7 11371.6 11371 11369.8 11369.3 11366.9 11365.1 11363.5 11362.2 11361.8 11361.9 11362.2 11362.6 11363.4 11362.5 11361.9 11361.2 11360.5 11360.1 11358.6 11358 11357.6 11359.9 11361.8 11362 11361.3 11359.5 11356.5 11355.9 11358.1 11359.9 11361.3 11363.1 11364.8 11366.9 11367.3 11367.9 11372.8 11375.8 11381.3 11385.3 11380.8 11370.8 11366.1 11363.5 11362 11361 11360.1 11360 11360.4 11361 11361.6 11362.6 11364.2 11368.2 11374.9 11382.1 11387.9 11384.6 11391.7 11397.2 11399
11374.8 11374.9 11374.9 11374.6 11373.5 11372.3 11370.9 11369.6 11369.5 11368.6 11366.2 11364.6 11363 11361.3 11361 11361.2 11361.4 11361.4 11361 11361.1 11360.5 11359.7 11358.6 11356.7 11356.5 11356.4 11356.3 11357.1 11358.9 11360.2 11361 11361 11359.8 11359.2 11359.7 11360.6 11361.6 11363.4 11366.1 11369.8 11374.8 11377.8 11371.3 11379.6 11384.6 11388.5 11391.8 11384.3 11372.4 11367.1 11364 11361.5 11359.1 11359.2 11359.2 11359 11358.7 11358.5 11361.6 11366.6 11374.9 11384.2 11395.9 11416.8 11405.8 11401.2 11399.8
11374.7 11374.5 11374.2 11373.7 11372.9 11371.8 11370.6 11369.3 11368.2 11367.9 11366.5 11364.8 11363 11361.4 11361 11360.9 11361 11361.1 11360.9 11360.4 11359.9 11359 11358.2 11357.7 11358.5 11357 11355.3 11355.6 11357.5 11359.4 11361.4 11363.7 11367 11364.6 11361.9 11361 11361 11362.6 11365.4 11371.8 11383.1 11385.5 11387.1 11386 11385 11385.5 11381.3 11375.2 11372.1 11368.3 11365.2 11363 11361.9 11360.4 11359.3 11358.5 11357.9 11357.9 11361.3 11368.2 11374.5 11383.7 11393.8 11397.3 11403.6 11401.7 11399.8
11374.8 11374.3 11373.7 11373.1 11372.4 11371.4 11370.3 11369.1 11367.6 11367.9 11367.1 11365.2 11363.5 11362.2 11361.5 11361.2 11360.9 11360.8 11360.6 11360 11359.5 11358.9 11358.3 11358.3 11358.2 11356.5 11355.2 11355.3 11356.7 11358.7 11361.2 11364 11366.1 11364.8 11362.3 11360.4 11359.4 11359.6 11360.6 11362.6 11363.6 11369.7 11384.8 11384.9 11380.4 11377.3 11371.1 11371.9 11372.8 11369.4 11366.8 11364.5 11362.8 11361 11359.3 11358.5 11358.8 11359.9 11362.3 11364.3 11372.2 11381 11390.4 11400.3 11399.6 11399.7 11398.7
11375.1 11374.5 11373.8 11373 11372.1 11371.1 11369.8 11368.4 11367.6 11367.9 11367 11365.2 11363.9 11362.9 11362.1 11361.7 11361.2 11360.4 11360 11359.8 11359.3 11358.7 11357.8 11356.3 11356.6 11354.7 11354.3 11354.7 11355.7 11357.6 11360 11362.3 11364.4 11362.9 11361 11358.8 11357.2 11356 11354.6 11352.7 11350.8 11353.1 11356.9 11366.6 11372.6 11374.5 11381.5 11380 11376.5 11373.4 11368.6 11365.9 11363.2 11361.1 11359.1 11358.8 11359.9 11362.4 11364.9 11368.2 11372.4 11377.6 11382.8 11388.7 11394.2 11396.7 11397
11375.6 11374.8 11374.1 11373.1 11372.1 11371 11370 11368.6 11367.5 11368 11366.8 11365.3 11364.1 11363 11362.6 11362.3 11362.1 11361.3 11360.6 11359.9 11359.2 11358.5 11357.9 11356.2 11350 11352.4 11352.7 11353 11354.4 11356.4 11358.2 11359.6 11359.9 11359.8 11358.3 11356.2 11354.1 11351.8 11349.7 11347.4 11348.1 11348.5 11349.1 11356.5 11369 11377.9 11381.7 11383.3 11381 11377.4 11372.9 11367.6 11363.1 11359.6 11359.1 11359.5 11360.6 11362.4 11364.4 11366.2 11370.3 11376.2 11378.4 11381.9 11391.6 11395.1 11395.6
11376.2 11375.1 11374 11373.1 11372 11371 11370.3 11369.2 11368.3 11368.2 11367.6 11366.3 11364.9 11363.8 11363.1 11362.7 11362.8 11364.2 11362 11360 11358.8 11357.9 11357.3 11356.9 11355.2 11352.8 11352.2 11352.1 11353.4 11355 11356.6 11357.9 11358 11357.2 11355.5 11353.6 11351.4 11349.7 11347.4 11345.4 11347.4 11347.8 11346.5 11352.9 11373.3 11387.9 11385.9 11388.2 11385.8 11381.8 11376.6 11371.2 11364.9 11360.9 11360.7 11361 11361.3 11361.2 11360.8 11361.7 11367.2 11379.2 11390.6 11394.8 11395.8 11396.1 11395.3
11376.8 11375.7 11374.4 11373.3 11372.1 11370.9 11369.7 11369.5 11369.1 11368.5 11367.8 11366.3 11365 11364.1 11363.2 11362.6 11362 11360.9 11360.6 11359.3 11358 11356.7 11355.9 11355.4 11354.7 11353.2 11352.1 11351.8 11352.5 11353.7 11354.8 11356.1 11356.6 11354.7 11353.2 11351.7 11349.9 11348 11345.9 11344.8 11346.6 11347.8 11348.3 11357.8 11381.9 11408.3 11406.8 11396.1 11390.9 11386.3 11381.1 11375.2 11369 11365 11363.3 11363 11363 11361.9 11360.2 11361.8 11368.1 11381.3 11402.1 11404.2 11399.4 11397 11395.5
11377.6 11376.4 11375.2 11373.7 11372.4 11371.1 11370 11369.6 11369.2 11368.5 11367.3 11365.2 11363.9 11363.4 11363.3 11362.7 11361.6 11360 11359.6 11358.5 11357.1 11355.5 11354.2 11354.2 11353.8 11352.9 11352.3 11351.5 11352.2 11352.7 11352.6 11351.9 11351.6 11351.5 11350.5 11349.2 11347.6 11346.2 11345.3 11345.8 11347.6 11348.5 11348.6 11356.1 11384 11413.1 11410.2 11399 11395.2 11391.4 11386.3 11380.3 11373.4 11367.5 11366.5 11367 11367.1 11366.8 11364.3 11365.1 11365.9 11376.7 11384.1 11395.1 11397 11396.5 11395.5
11378.5 11377 11375.5 11374.2 11372.7 11371.3 11370.6 11369.6 11369 11368.2 11366.9 11365.4 11365 11364.1 11363.5 11363 11362.4 11361.1 11359.7 11358.2 11356.4 11354.4 11351.6 11349.6 11351.3 11352.4 11352.9 11353.7 11353.2 11351.9 11350.8 11350.1 11349.3 11348.8 11347.9 11346.9 11345.7 11344.6 11344.1 11344.8 11347.2 11348.8 11348.6 11356.5 11379 11399.3 11401.5 11399.9 11398.9 11395.6 11391 11385.8 11379.9 11373.6 11372.3 11372.5 11371.4 11371.8 11378.5 11368.6 11363.2 11373.2 11389.4 11390.8 11393.7 11394.6 11394.7
11379.7 11378.3 11376.6 11374.9 11373.1 11371.3 11369.9 11369.6 11368.9 11368.1 11367.1 11366 11365.1 11364.3 11363.6 11363.1 11363.2 11362.7 11359.9 11357.9 11356.2 11354.8 11353.8 11352.7 11351.9 11352.2 11352.7 11354.1 11352.7 11350.3 11348.9 11348.1 11347.4 11346.7 11345.9 11345 11344 11343.2 11342.7 11342.8 11346.4 11349.4 11351.5 11358.9 11373.8 11387.9 11397.5 11402.3 11403.2 11399.7 11395.4 11391.5 11388.6 11385.5 11383.7 11379.7 11374.3 11369.6 11363.8 11361.7 11363.2 11370.6 11375.4 11385.8 11390.5 11392.7 11393.7
