real_craters/C071-1000m.grd
DSAA
32 32
-15.74 15.74
-15.74 15.74
3595.355304438 4143.8144711776
3927.82 3921.36 3921.87 3923.13 3921.8 3920.95 3922.72 3915.46 3914.26 3921.96 3922.65 3927.43 3932.59 3937.52 3943.2 3944.62 3954.46 3955.61 3949.51 3947.99 3939.52 3930.9 3929.46 3928.3 3925.66 3921.37 3919.83 3918.86 3918.7 3918.77 3936.67 3942.6 
3913.38 3921.59 3918.95 3915.2 3920.73 3917.44 3924.37 3927.24 3930.69 3927.89 3928.48 3931.79 3935.5 3933.66 3938.97 3941.4 3949.76 3952.49 3942.12 3942.97 3941.45 3932.67 3932.25 3936.5 3930.28 3925.22 3921.33 3916.19 3925.34 3928.42 3939.6 3943.1 
3914.48 3915.69 3914.53 3913.33 3915.74 3918.18 3920.32 3915.14 3941.67 3936.67 3934.55 3934.76 3933.95 3937.03 3935.25 3941.26 3942.28 3946.49 3939.39 3942.96 3939.85 3936.7 3931.92 3930.37 3930.51 3928.37 3931.23 3931.06 3925.41 3932.09 3934.65 3939.86 
3916.86 3914.98 3911.26 3910.77 3912.64 3916.37 3927.9 3940.71 3917.01 3936.92 3938.85 3938.75 3940.05 3945.29 3937.07 3945.13 3940.1 3951.16 3942.14 3957.14 3960.29 3936.99 3934.81 3939.66 3937.32 3934.35 3933.23 3945.24 3919.27 3934.57 3935.72 3937.38 
3906.17 3907.95 3906.07 3911.51 3914.05 3916 3930.49 3931.02 3925.89 3936.65 3940.12 3940.82 3939.83 3938.94 3938.05 3951.82 3946.17 3967.33 3991.27 3980.06 3966.7 3941.29 3940.44 3950.28 3942.84 3941.62 3942.68 3959.48 3930.38 3933.96 3935.57 3938.52 
3901.03 3907.78 3913 3918.24 3916.67 3916.74 3933.23 3934.14 3933.93 3933.3 3944.55 3949.2 3942.51 3930.53 3951.3 3962.65 3965.59 4003.07 4011.43 3995.05 3974.17 3954.43 3949.12 3947.69 3945.07 3943.6 3950.31 3961.93 3956.51 3954.14 3945.55 3965.27 
3902.88 3915.88 3934.59 3921.49 3922.36 3925.73 3936.63 3938.88 3932.52 3940.76 3957.05 3967 3968.27 3947.81 3961.41 3997.51 4005.7 4001.84 4009.71 4010.62 4000.08 3998.96 3980.96 3958.78 3951.07 3941.07 3944.5 3955.68 3949.75 3960.11 3953.82 3957.23 
3902.77 3916.41 3933.41 3942.87 3932.53 3927.98 3928.07 3927.25 3935.59 3971.26 3977.76 3995.44 4033.53 4075.41 4113.41 4035.63 4036.07 4022.65 4033.32 4030.95 4026.93 4028.84 4020.43 3995.05 3971.53 3942.17 3941.25 3944.86 3942.95 3947.17 3942.58 3945.78 
3891 3907.07 3921.31 3925.57 3926.23 3924.88 3920.14 3919.02 3932.33 3967.12 3995.64 4016.74 4074.54 4125.5 4130.65 4116.98 4126.51 4143.81 4077.9 4047.88 4041.05 4042.05 4040.66 4018.93 3997.18 3989.09 3934.58 3933.76 3948.67 3951.31 3952.91 3955.11 
3889.1 3899.88 3909.43 3917.89 3926.35 3923.81 3923.05 3952.51 3947.97 3973.74 4015.6 4052.72 4064.1 4064.86 4057.14 4033.68 4090.7 4094.52 4058.97 4031.2 4030.28 4041.79 4042.04 4027.46 4005.79 3997.63 3978.08 3938.09 3951.5 3969.26 3964.17 3963.32 
3890.76 3897.73 3906.29 3914.66 3924.96 3938.35 3959.04 3971.09 3968.97 3964.7 4022.05 4093.62 4074.72 3974.39 3862.76 3854.98 3980.83 4032.02 3998.61 3983.07 3996.47 4016.79 4038.8 4024.8 4003.53 3973.04 3980.72 3961.67 3939.78 3960.11 3979.8 3969.06 
3885.11 3894.22 3907.87 3925.96 3925.33 3959.31 3989.62 3992.15 3977.51 3971.97 4000.41 4009.43 3881.58 3821.61 3765.94 3728.52 3737.7 3806.53 3848.83 3883.69 3944.94 4001.15 4023.93 4024.47 4009.42 3995.68 3961.5 3953.07 3943.66 3945.51 3956.39 3969.31 
3875.65 3889.23 3904.34 3913.85 3938.97 3968.34 3990.11 3997.6 3988.93 4030.23 3984.54 3879.5 3817.16 3756.99 3681.85 3657.37 3630.48 3621.88 3637.1 3772.42 3901.1 4008.12 4032.81 4030.54 4006.87 3980.26 3977.95 3943.2 3940.37 3953.05 3972.04 3973.13 
3869.61 3885.69 3900.94 3917.57 3934.1 3956.23 3963.47 3960.88 3968.24 4060.15 3981.5 3833.17 3775.05 3686.83 3662.79 3640.56 3612.41 3603.9 3601.83 3715.47 3871.81 4008.35 4051.08 4044.43 4031.22 3967.7 3978.29 3958.83 3939.67 3953.75 3958.96 3959.79 
3872.62 3887.45 3900.76 3915.46 3940.9 3942.19 3950.69 3958.8 3982.44 4067.01 3993 3829.13 3760.11 3699.12 3667.21 3641.83 3611.91 3598.29 3595.36 3687.26 3852.19 4015.52 4084.39 4062.97 4027.56 3980.78 3986.95 3955.36 3939.67 3941.53 3944.84 3943.14 
3877.92 3890.1 3903.01 3920.54 3926.29 3924.54 3960.47 3948.12 3981.43 4043.79 3961.99 3805.51 3743.8 3718.76 3687.27 3653.18 3620.28 3608.76 3602.56 3668.74 3821.85 3989.57 4071.77 4064.75 4033.59 3984.11 3947.33 3926.69 3936.58 3939.27 3939.62 3942.33 
3876.13 3890.76 3901.43 3910.32 3915.47 3923.04 3934.98 3911.98 3973.1 4035.71 3947.76 3807.67 3753.52 3732.42 3715.76 3673.1 3658.73 3635.27 3620.89 3658.46 3777.91 3941.59 4053.02 4082.34 4035.13 3939.4 3929.84 3933.3 3936.83 3934.01 3941.13 3948.81 
3875.75 3891.33 3902.52 3910.69 3912.81 3912.99 3908.64 3904.15 3970.93 4062.22 4021.34 3814.3 3763.71 3747.57 3726.41 3696.94 3677.48 3649.17 3634.06 3657.07 3756.87 3846.27 4034.54 4071.45 3989.69 3917.99 3927.91 3930.79 3933.11 3929.45 3938.32 3932.99 
3879.5 3893.07 3907.03 3918.46 3922.09 3907.99 3920.71 3930.36 3958.65 4059.88 4116.28 3839.04 3776.56 3764.01 3744.58 3709.04 3678.81 3651.13 3636.86 3692.32 3819.43 3916.13 4017.18 4008.67 3939.07 3925.53 3922.8 3925.44 3921.42 3931.89 3934.26 3947.31 
3880.46 3894.7 3910.65 3923.1 3924.17 3905.96 3905.05 3912.8 3938.14 3993.04 4026.45 4084.26 3822.68 3805.38 3755.32 3731.54 3696.94 3659.63 3646.6 3826.5 3922.5 3981.93 4006.04 3918.35 3905.95 3905.23 3902.41 3915.56 3918.08 3930.01 3932.51 3938.26 
3877.84 3898.37 3916.08 3932.8 3947.54 3927.28 3911.96 3917.93 3922.91 3935.45 3947.6 4075.36 4094.47 3964.07 3767.51 3757.92 3734.15 3710.96 3849.86 3942.56 3999.61 3999.74 3961.29 3893.33 3885.04 3873.48 3886.56 3903.5 3910.15 3927.5 3930.94 3932.4 
3873.54 3898.27 3923.39 3943.08 3944.04 3933.43 3913.31 3920.53 3929.72 3932.13 3929.08 3953.63 3986.48 4049.15 4077.45 3892.77 3920.33 3957.9 4014.83 4038.75 4048.65 4023.31 3902.35 3860.01 3871.51 3889.79 3901.28 3915.93 3921.95 3928.84 3935.73 3918.55 
3871.17 3896.44 3925.52 3951.18 3974.14 3964.82 3955.37 3945.13 3945.46 3941.34 3930.95 3919.53 3922.53 3965.25 4017.76 4082.06 4062.26 4038.98 3997.16 3942.92 3928.26 3918.89 3876.55 3855.88 3874.84 3898.84 3902.02 3891.84 3923.37 3946.87 3934.52 3919.66 
3864.31 3887.19 3912.43 3940.62 3972.04 3962.15 3949.77 3959.56 3950.07 3921.63 3916.01 3905.91 3884.84 3908.18 3930.12 3924.96 3940.4 3938.38 3912.55 3892.33 3891.27 3883.58 3870.17 3863.88 3879.41 3902.89 3906.22 3928.26 3933.82 3939.98 3929.83 3922.82 
3858.23 3877.4 3897.01 3920.08 3940.9 3949.62 3947.48 3952.52 3950.91 3932.2 3904.12 3909.39 3894.74 3906.39 3912.26 3909.38 3888.02 3887.88 3889.81 3887.78 3891.71 3883.24 3871.25 3865.04 3879.14 3911.49 3915.83 3915.23 3922.65 3935.74 3936.14 3922.06 
3848.96 3864.98 3880.72 3891.95 3901.52 3913.46 3929.29 3940.14 3959.59 3965.2 3935.31 3924.71 3899.16 3907.69 3901.15 3897.85 3893.65 3885.45 3884.08 3884.08 3881.43 3872.94 3869.09 3860.94 3888.17 3893.91 3902.71 3921.69 3933.77 3922.91 3917.07 3916.3 
3836.78 3849.45 3861.19 3874.68 3881.31 3900.34 3891.66 3914.91 3942.24 3943.48 3930.54 3919.43 3899.24 3894.04 3895.34 3895.4 3890.11 3874.82 3864.23 3856.13 3842.24 3858.49 3872.16 3880.95 3885.06 3896.51 3854.81 3825.47 3852.32 3919.68 3903.53 3906.13 
3825.65 3833.99 3841.8 3855.1 3868.38 3880.54 3892.35 3894.54 3900.05 3933.57 3917.92 3901.94 3891.47 3886.17 3892.27 3893.83 3877.69 3858.84 3850.85 3853.31 3848.99 3857.74 3871.52 3879.66 3889.37 3876.51 3873.31 3824.81 3839.74 3907.11 3894.88 3895.83 
3812.93 3818.83 3823.6 3822.26 3825.72 3847.36 3874.52 3869.02 3867.61 3883.06 3877.51 3882.55 3867.75 3860.09 3870.49 3867.59 3852.96 3846.7 3847.79 3847.65 3859.63 3864.02 3866.43 3880.52 3877.73 3878.31 3885.66 3894.92 3872.03 3886.43 3887.64 3891.5 
3802.04 3806.31 3809.67 3808.43 3805.35 3807.51 3835.28 3842.5 3821.02 3835.37 3827.42 3843.62 3840.08 3845.38 3838.66 3839.64 3846.63 3842.42 3837.89 3852.27 3878.66 3868.58 3861.28 3870.6 3878.35 3876.64 3863.99 3870.92 3873.28 3875.79 3869.71 3882.61 
3786.69 3790.35 3797.1 3804.7 3800.73 3795.69 3821.47 3836.51 3840.17 3819.72 3816.94 3848.05 3837.26 3845.77 3842.3 3843.34 3846.46 3846.52 3845.66 3864.38 3877.3 3852.83 3838.87 3843.56 3858.1 3848.83 3857.87 3849.89 3858 3857.16 3850.12 3846.21 
3779.31 3783.91 3788.09 3793.52 3797.23 3810.84 3808.38 3835.25 3876.05 3862.24 3815.58 3826.22 3832.48 3847.58 3847.69 3841.39 3841.41 3848.24 3863.48 3861.98 3834.27 3827.94 3831.34 3848.34 3851.58 3838.48 3848.89 3858.94 3848.78 3840.9 3832.97 3826.55 
