real_craters/C071-300m.grd
DSAA
185 185
-27.545 27.545
-27.545 27.545
10157.032962474 11753.076882675
[rows 150 to 179 of 185, columns 67 to 133 of 185]
11394.1 11396.8 11400.3 11403.8 11404.6 11404.2 11402.6 11392.6 11373.7 11368.5 11366.8 11365.8 11364.9 11364.4 11364 11365.2 11367.7 11369.7 11370.4 11370.2 11370 11370.7 11371.9 11370.4 11368.9 11368.2 11368.2 11368.7 11369.3 11369.5 11367.5 11364.2 11360.9 11358.2 11353.8 11351.3 11348.1 11344.7 11341.5 11337.9 11335.5 11334.2 11333 11331.6 11330.1 11329.1 11327.5 11326.2 11324.8 11323.4 11321.8 11320 11318.3 11316.9 11319.8 11325.2 11330.2 11334.3 11336.5 11337.3 11336.4 11334.1 11329.7 11326.9 11326.6 11319.2 11313.6
11391.4 11395.2 11400.4 11406.5 11408.3 11409.5 11410 11391.3 11376.6 11369.1 11365.5 11363.7 11363 11363.2 11364.8 11365.4 11365.9 11367.6 11368 11367.6 11367.2 11367 11367.3 11366.1 11365 11365 11365.4 11366 11366.8 11367.6 11365.5 11361.1 11356.2 11350.8 11343.6 11340.2 11339.8 11339.3 11337.4 11334.4 11332.4 11331.7 11330.8 11329.5 11328.2 11328 11327.1 11326.4 11325.6 11325.2 11324.9 11324.4 11324.2 11324.1 11323.4 11327.4 11333.2 11337.1 11338.9 11338.3 11335.7 11329.9 11318.9 11310.5 11309.8 11308.3 11305.7
11385.6 11388.9 11395.3 11402.7 11404.9 11406.7 11407.9 11390.6 11377.7 11368.9 11364.4 11362.2 11361.3 11361.7 11364.1 11365.8 11366.3 11366.6 11365.8 11364.6 11363.3 11361.9 11359.7 11358.9 11360.3 11361.3 11362 11362.6 11363.1 11363 11361.1 11357.6 11352.5 11345 11338 11334.3 11334.5 11335.4 11334.8 11333.1 11330.8 11330.6 11329.5 11328.1 11327.1 11326.5 11326.4 11326.4 11326.3 11327.1 11328.2 11329.7 11331.5 11331.6 11328.8 11333.6 11339.9 11342.5 11342.2 11339.9 11336.4 11331.6 11324 11313.5 11303.5 11297.8 11294
11375.6 11377.4 11382.1 11389.9 11394.3 11396.9 11393.7 11381.6 11372.4 11365.9 11362.3 11360 11358.7 11358.4 11358.6 11361 11366.5 11365.4 11363.4 11361.3 11359.2 11357.1 11354.9 11354.9 11356.2 11357.7 11358.9 11359.3 11359 11358.7 11357.1 11354.6 11351.3 11345.7 11336.7 11332.3 11333.2 11333.3 11333.6 11335.4 11334.2 11330.3 11328.2 11326.5 11325.7 11325.5 11325.8 11326.5 11327.7 11329.5 11332.1 11335.6 11340.2 11345 11346.8 11348.2 11351 11349.8 11346.4 11342 11337.7 11334.5 11332.9 11320.1 11304 11294.2 11289.7
11365.8 11364.7 11364 11368.8 11381.3 11388.4 11386.7 11374.3 11365.5 11363.7 11361.3 11358.8 11356.8 11355.3 11355.1 11357.6 11362.6 11362.1 11360 11357.6 11355.1 11352.7 11351 11350.7 11352 11354.3 11356.2 11356.9 11355.4 11353.4 11353.5 11352.4 11349.6 11344.4 11336.5 11332.1 11332.7 11330.8 11330.6 11333.3 11332.1 11328.1 11325.9 11324.4 11324.6 11324.7 11325.6 11326.2 11327.9 11330.6 11334.4 11339.7 11347.1 11356.6 11367.6 11369 11364.3 11357.9 11350.5 11343.5 11336.7 11331.8 11330.9 11318.7 11304.6 11295.9 11290.2
11357.1 11355 11352.6 11358.3 11375.1 11386.7 11389.5 11378.3 11369.7 11365.5 11361.6 11358.1 11355 11352.5 11351.9 11353.5 11356.8 11357.8 11356 11353.5 11351 11348.4 11345.7 11344.9 11347.8 11351.6 11355.2 11357.1 11355.8 11352.5 11353.5 11352 11348.5 11343.6 11338 11333.3 11328.8 11326.6 11325.1 11323.8 11323.7 11322.7 11321.5 11320.9 11320.8 11321.5 11322.6 11324.2 11326.9 11330.2 11334.7 11341.1 11349.6 11360.2 11370.7 11381.6 11374.7 11363.9 11353.2 11343.2 11333.2 11322.4 11311.7 11309 11304.9 11298.7 11291.9
11351.5 11350.5 11351 11360.1 11377.5 11392 11394.1 11391.2 11379.8 11370.2 11363.9 11358.8 11354.3 11350.5 11347.8 11347.7 11352.5 11353.1 11351.6 11349.6 11347 11344.3 11341.8 11341.4 11344.5 11349.9 11355.8 11361 11363.5 11361.3 11358.3 11353.7 11349 11344.7 11340.1 11333.6 11327.5 11324 11320.5 11316.7 11316.8 11317.6 11317.7 11318 11318.5 11319.4 11320.9 11322.3 11324.7 11328.2 11332.8 11339 11347.5 11358.8 11374.3 11388.4 11377.8 11363.5 11351.4 11340.5 11329.6 11315.9 11298.6 11302.3 11301.8 11296.8 11290.9
11349 11349.7 11353.4 11364.8 11383.4 11404.8 11415.7 11388.6 11382 11374.2 11366.7 11360.4 11354.6 11349.9 11344.3 11339.4 11344.4 11347.1 11347.5 11346.2 11344 11341.3 11338.5 11337.3 11341.2 11348.3 11356.5 11365.5 11374.7 11374.4 11364.1 11355.6 11349.6 11346.7 11344.7 11340.3 11331.6 11324.6 11319.4 11316 11313.6 11313.6 11314 11314.6 11315 11315.5 11317 11318.7 11320.5 11323.6 11327.6 11333 11340 11349.4 11364 11380.4 11368.2 11355.2 11344.9 11336.2 11328.1 11320.2 11312.8 11304.6 11301.4 11296.8 11288.7
11348 11349.9 11355 11367.3 11384.7 11402.8 11410.4 11394.1 11386.1 11377.7 11370.2 11363.2 11356.2 11349.9 11344.3 11340.3 11340.1 11342.6 11345 11344.4 11342.2 11339.5 11336.6 11334.5 11338.5 11346.2 11355.2 11365.4 11375.6 11375.3 11364.4 11354.5 11348.3 11348.8 11351.5 11352.5 11341.1 11329.4 11320 11313.6 11310.4 11310.1 11310.3 11310.7 11311.4 11311.5 11312.6 11313.8 11315.8 11318 11320.7 11324.1 11328.1 11332.1 11336.7 11343.1 11342.5 11338.5 11333.8 11328.9 11324.7 11322.1 11317.1 11304.3 11296.2 11291.4 11283
11348.5 11351.2 11356.2 11368.2 11382.6 11393.9 11400.5 11398.5 11388.6 11380.6 11373 11365.3 11358 11351.5 11346 11343.4 11343.4 11345.5 11345.7 11344.2 11341.9 11339.2 11336.6 11335.1 11338.1 11344 11351.7 11360.5 11367.2 11366.3 11359.4 11351.2 11346 11350.4 11356.6 11359.4 11351.3 11336.8 11321.8 11310.3 11308.3 11307.5 11307.5 11307.5 11307.7 11308 11308.1 11308.9 11310.1 11311.3 11312.8 11314.2 11315.2 11314.7 11309.8 11306 11314.5 11320 11320.6 11319 11317 11314.7 11308.7 11297.2 11284.3 11275.9 11274.9
11349 11352.9 11359.2 11368.9 11381.8 11396.1 11410.7 11415.1 11394.4 11384.9 11376.3 11367.7 11359.8 11353.2 11347.7 11343.4 11344.4 11348.7 11347.1 11345.3 11342.9 11340 11337.5 11336.5 11337.6 11340.6 11345.6 11352.1 11359.5 11357.9 11352.7 11347.4 11345.9 11352.4 11360.7 11366.8 11362.9 11347.4 11326.6 11312 11308.4 11306.5 11305.4 11304.6 11304 11303.7 11303.7 11303.7 11304 11304.2 11304.5 11304.7 11304 11302.9 11299.7 11295.4 11300.2 11306.9 11308.7 11308 11306.4 11305.1 11299.1 11289.1 11278.7 11272.9 11270.3
11349.1 11352.7 11358.7 11366.7 11378.8 11396.9 11418.6 11423.7 11404.1 11391.7 11379.9 11369.5 11361 11354.6 11350.1 11348.1 11348 11347.2 11348.3 11346.9 11344.5 11341.4 11338.1 11335.3 11334.2 11335.9 11338.5 11340.7 11341.7 11345 11345.8 11345 11346 11353.5 11362.2 11370.3 11369 11353.6 11331.2 11316.9 11310.6 11306.3 11303.6 11301.7 11300.4 11299.5 11298.8 11298.3 11297.9 11297.4 11296.8 11295.9 11295.1 11294.7 11294.8 11298.4 11300.2 11299.8 11299 11297.2 11294.2 11289.8 11287.1 11282.3 11275.3 11268.8 11267.3
11348.1 11351.1 11354.7 11361 11369.8 11384.9 11419.1 11430 11416.7 11396.3 11379.3 11368.2 11360.8 11355.2 11351.7 11350.4 11351.5 11352.1 11351.1 11349.4 11346.8 11343.5 11339.3 11334.6 11331.2 11332.1 11333.2 11332.5 11331 11336.3 11340.6 11343.9 11347.6 11352.6 11359 11364 11359.6 11342.8 11333.7 11322.5 11312.6 11306.1 11301.7 11298.7 11296.9 11295.3 11293.7 11292.5 11291.5 11290.7 11289.6 11288.3 11288.3 11287.1 11286.2 11287.6 11295.1 11292.9 11290.7 11287.9 11284.1 11279.2 11279.3 11279.2 11274.8 11269.9 11267.6
11346.2 11348.6 11351.5 11353.7 11358.1 11368 11396.4 11408.2 11397.6 11383 11371.7 11363.6 11357.9 11353.8 11351.5 11350.3 11347.9 11353.9 11353.3 11352.1 11350.1 11346.9 11342.7 11336.5 11330.5 11331.8 11332.5 11330.6 11329 11332.8 11337.2 11340.8 11344.5 11348.4 11352 11354.3 11350.7 11339.3 11332.5 11322.1 11312 11304.6 11299.3 11295.7 11293 11291 11289.3 11287.7 11286.7 11285.7 11284 11282.2 11281.4 11280.2 11279 11279.2 11283.4 11284.3 11283 11280.7 11277.7 11275.5 11277.4 11280.4 11281.9 11276.4 11269.7
11342.7 11343 11344.1 11346.1 11348.6 11355.6 11373.4 11381.1 11372.6 11362.9 11359.9 11356.3 11352.9 11350.7 11349.8 11351.1 11357.1 11353.1 11354.3 11355.3 11354.1 11351.7 11348.4 11344.2 11338.3 11338.9 11336.3 11333.1 11330.9 11331.1 11334.6 11339.7 11340.9 11341.4 11342.2 11341.7 11337.9 11329.1 11322.2 11315 11307.8 11301.6 11297 11293.6 11291 11288.9 11286.9 11285 11283.5 11281.5 11280.6 11278.6 11276.5 11274.6 11273.7 11273.6 11276 11276.5 11275.9 11274.8 11273.5 11273.7 11277 11281.5 11283.9 11276.4 11268.4
11339 11338.6 11339.1 11340.4 11342.7 11349.7 11364.5 11365.2 11357.8 11351 11349.9 11348.7 11347.4 11346.3 11346.1 11347.4 11350.3 11353.4 11358 11359.4 11358.2 11356.4 11355 11354.7 11357 11350 11340.8 11333.9 11329.5 11326.7 11327.7 11333.4 11332.8 11331.4 11330.5 11328.2 11322.8 11311.5 11307.7 11304.9 11301.5 11298.6 11296.3 11292 11289.5 11287.2 11285.2 11283.1 11280.6 11279.2 11276.8 11274.4 11272 11269.5 11268.6 11265.5 11267.8 11269.8 11270.3 11270.1 11269.8 11270.7 11275.3 11280.6 11283.2 11274.6 11266.3
11336.1 11336.1 11336 11336.6 11338.5 11344.4 11353.2 11354.1 11348.7 11343 11342.9 11342.7 11342.2 11341.6 11341.3 11341.8 11343.6 11355.1 11364.3 11363.4 11360.9 11359.1 11358.5 11359.7 11361 11354.2 11341.3 11329.8 11323 11319.4 11316.4 11313.5 11317.5 11319.5 11318.8 11315.6 11308.5 11300.2 11295.7 11296.6 11296.9 11295.2 11293.4 11292.6 11290.4 11288.2 11286.3 11283.9 11281 11279.1 11276.4 11273.5 11270.5 11267.2 11265.1 11262.2 11263.4 11265.4 11266.2 11266.5 11267.3 11268.9 11272.1 11276.5 11279.4 11273.3 11267.8
11333.4 11334.9 11334.1 11333.7 11335 11339.7 11345.6 11346.6 11343.7 11340.8 11339 11338.5 11337.8 11337.2 11336.7 11336.9 11338.8 11353.7 11366.6 11363.2 11360.2 11358.4 11357.7 11358.4 11359.5 11352.4 11336.9 11323.8 11316.6 11312.6 11308.7 11305.3 11308 11310 11309.5 11307.1 11303.6 11296.6 11291.2 11292.6 11293.6 11294 11293.2 11291.8 11290 11287.9 11285.1 11282.7 11280.5 11277.7 11275 11272 11268.9 11265.9 11263.6 11260.9 11262 11262.8 11262.6 11262.7 11264 11265.4 11266.6 11268.3 11269.4 11268.3 11266.7
11329.7 11331.4 11330.8 11330.7 11332.5 11337.6 11342.5 11342.9 11340.6 11336.4 11336.3 11335.3 11334.1 11333.1 11332.5 11333.1 11336.5 11346.8 11356.6 11356 11355 11353.9 11352.8 11351.5 11349.6 11342.3 11327.7 11315.6 11310.7 11308.3 11306 11303.9 11303.9 11303.8 11302.7 11300.4 11297.4 11292.5 11290.1 11291.9 11292.8 11292.8 11292 11290.6 11288.7 11286.4 11283.9 11282.3 11279.5 11277.9 11274.8 11271.2 11267.4 11264.6 11262.6 11260.7 11260.8 11259.9 11259.2 11258.3 11258 11258.8 11259.9 11260.1 11260 11261 11259.5
11324.9 11326.8 11326.5 11326.8 11329.3 11336.8 11342 11341.2 11339.4 11337.4 11335.6 11333.3 11331.1 11329.2 11328.3 11329 11332.1 11336.9 11339.7 11345.1 11347.4 11347.6 11345.9 11342.1 11334.7 11324.4 11318.7 11309.2 11307.8 11306.7 11305.7 11304.2 11301.9 11300.1 11297.9 11295.3 11291.6 11289.4 11292.8 11293.7 11293.5 11293.5 11292.7 11291.3 11289.5 11287.4 11284.7 11281.7 11279 11276.5 11273.5 11270.6 11267.1 11264.1 11262.2 11260 11259 11257.4 11256.2 11254.3 11252 11252.8 11254.5 11255.5 11255.9 11255.7 11254.6
11318.9 11321 11321 11321.6 11324.5 11333 11338.6 11338 11337.7 11338.5 11335.3 11330.7 11327.3 11325 11323.7 11323.4 11325.4 11328.2 11329.9 11336.5 11340.6 11341.4 11339.5 11335 11327.1 11317.2 11316 11315.4 11308.7 11306.1 11305.2 11303.4 11300.2 11297.5 11294.9 11292.3 11289.8 11289.4 11295.8 11295.8 11294.7 11293.1 11292.3 11290.7 11289.6 11287.3 11284.7 11282.7 11281 11277.7 11274.6 11270.4 11267.2 11264.4 11261.6 11258.8 11257.4 11256.4 11254.6 11252.4 11250.2 11250.3 11251.2 11251.6 11252.1 11252.6 11252.9
11312.7 11313.7 11315.2 11316 11318.5 11325.3 11330.9 11332.5 11332.7 11333.2 11330.4 11326.2 11323 11320.5 11318.4 11317.2 11317.2 11318.4 11324.6 11332.5 11336 11336.5 11334.8 11331.2 11325.8 11321 11313.6 11309.2 11306.3 11304.3 11303.5 11301.2 11297.6 11294.6 11293 11290.4 11289.1 11288.8 11295.3 11295.5 11294.2 11290.9 11290.1 11288.1 11288.2 11285.9 11279.4 11276.8 11274.3 11275.6 11273.3 11270.5 11267.5 11264 11260.6 11257.3 11255.7 11255.4 11253.8 11252.1 11250.7 11250 11250 11250 11250.3 11250.7 11251
11309.5 11310.4 11311.2 11311.7 11313.8 11321.1 11325 11326.3 11325.9 11323.7 11320.9 11320 11317.9 11315.7 11313.6 11311.8 11310.7 11311.8 11325.9 11332.9 11333.2 11332.6 11331.3 11329.2 11325.7 11319.3 11312.8 11305.7 11303.8 11301.5 11300 11297.8 11295.4 11293.1 11291 11289.4 11288.3 11288.9 11291.8 11293.3 11292.7 11291.2 11287.9 11286.2 11283.7 11281.7 11279.2 11275.8 11273.5 11270.4 11268.3 11266.5 11263.8 11262.1 11259.3 11256.3 11254.5 11254.5 11253.2 11252.1 11251.6 11250 11249.5 11249.8 11249.5 11249.4 11249.3
11307.5 11308.2 11309 11310 11312.4 11317.9 11320.3 11320.5 11319.8 11318 11316.1 11315 11313.3 11311.6 11309.7 11307.8 11306.4 11307.3 11324.5 11329.4 11328 11327.9 11327.9 11327.7 11327.2 11325.3 11318.6 11309.5 11302.7 11298.9 11296.1 11294.5 11293 11291.5 11289.8 11288.6 11287.7 11288 11289.7 11292 11292.4 11291.3 11287.9 11285.7 11283.2 11280.9 11277.4 11275.3 11272.9 11271.1 11268.8 11266.2 11263.3 11261.5 11259.6 11256.5 11254.6 11253.5 11252 11251 11250.4 11249.3 11248.6 11248.7 11248.7 11249 11248.8
11306.9 11307.2 11307.9 11309.2 11311.4 11313.5 11315.2 11315.5 11315.1 11314.2 11314.4 11310.9 11309.7 11308.6 11307.1 11305.6 11304.5 11305.1 11310.3 11315.9 11319.7 11322 11323.9 11325.6 11327.4 11328.5 11318.3 11306.3 11300.8 11297.1 11294.3 11292.5 11291.3 11290.4 11289.8 11289.2 11288.4 11287.7 11290.6 11294.3 11293.5 11291.4 11288.9 11286.5 11284.2 11281 11278.8 11276.7 11274.6 11272 11270 11267.6 11265.6 11263.4 11261 11258 11255.4 11252.4 11251.3 11249.7 11248.5 11248.5 11248 11247.3 11248.4 11249.2 11250.5
11306.3 11306.4 11306.9 11307.9 11309 11310.8 11311.7 11311.8 11310.9 11308.7 11304.1 11306.2 11306.9 11306.8 11305.9 11304.9 11304.3 11304.5 11305.1 11307.4 11312 11315.7 11318.9 11321.8 11324.5 11325.4 11315.2 11304 11298.8 11295.6 11292.3 11290.9 11289.8 11289.1 11289.3 11290.3 11292 11293.2 11298.8 11299.8 11294.4 11291.1 11288.4 11285.8 11283.6 11281.7 11279.2 11277.3 11275.6 11273.1 11270.9 11269 11267.1 11264.9 11262.8 11260.4 11259.6 11257.4 11253.9 11251.1 11249.4 11249.2 11249 11249 11249.3 11249.8 11250
11305 11305.7 11306.3 11306.7 11307.4 11307.9 11309.4 11309.7 11308.8 11306.9 11304 11305.5 11306.3 11306.2 11305.6 11305 11304.6 11304.7 11304.1 11303.3 11306.3 11309.9 11313.5 11316.5 11318.8 11319.4 11313.6 11302.7 11297.4 11294.3 11292.4 11289.8 11288.5 11288 11288.8 11291.4 11297.3 11308.7 11312.8 11299.6 11293.4 11289.5 11287.1 11285.1 11283.2 11281.6 11279.9 11278.1 11276 11274.3 11271.9 11269.9 11268.1 11266.2 11264.5 11262.8 11262 11260.1 11257.9 11254.7 11252.6 11251.6 11250.7 11250.4 11251 11251.1 11250.6
11305.8 11306.2 11306.5 11306.3 11307.1 11308.5 11309 11309.3 11308.9 11308.4 11309.7 11308.2 11307 11306.5 11306 11305.5 11305 11304.4 11303.1 11300.6 11302.3 11305.4 11308.5 11311 11312 11310.4 11305 11298.8 11294.7 11291.8 11289.4 11288.1 11286.9 11286.2 11286.9 11289.8 11297.9 11321.1 11329.4 11299.2 11291.1 11287.6 11285.3 11283.9 11282.4 11280.5 11279 11277.1 11275.7 11273.7 11272.2 11270.9 11269.2 11267.7 11266.4 11264.9 11264.1 11265.1 11264.4 11259.4 11257 11255.4 11253.6 11253 11253.3 11253.9 11253.8
11307.8 11307.8 11308.1 11308 11307.8 11308.6 11310 11310.2 11309.9 11309.4 11309.4 11308.4 11307.6 11307.3 11306.9 11306.4 11305.7 11304.1 11300.1 11297.9 11298.9 11301.5 11304.1 11305.9 11306 11303.4 11295.1 11294.3 11291.8 11289.9 11288.2 11286.1 11284.9 11284.1 11284.1 11285.4 11289.3 11306.6 11313.8 11295 11288.2 11285.6 11284 11282.2 11280.8 11279.4 11278 11276.8 11275.5 11273.8 11272.6 11271.6 11270.6 11269.5 11268.5 11267 11265.3 11263.6 11266.4 11266 11263.4 11260.8 11257.5 11256.6 11257 11257.8 11258.8
11307.4 11309.2 11311.3 11312.8 11312.7 11312.4 11312.5 11312 11311.3 11310.2 11307.9 11307.3 11308.5 11308.5 11308.1 11307.6 11307 11306.1 11305.1 11297.5 11296.5 11298.5 11300.5 11301.8 11301.8 11300.8 11299.1 11292.9 11289.6 11287.2 11285.7 11284.4 11283.1 11282 11281.2 11281.1 11283.2 11295 11305.2 11290.3 11285.5 11283.6 11282.4 11281.5 11280.5 11279.3 11277.7 11276.6 11275.4 11274.5 11273.5 11273.2 11272.3 11271.7 11271 11269.8 11269 11267.8 11267.4 11270.5 11269.1 11266.7 11266 11262.7 11260.9 11260.9 11261.5
