real_craters/C072-500m.grd
DSAA
113 113
-28.07 28.07
-28.07 28.07
3193.6226518426 4421.3217466154
[rows 60 to 89 of 113, columns 0 to 66 of 113]
4085.55 4088.26 4090.56 4091.94 4091.27 4093.21 4096.9 4099.64 4102.36 4104.7 4107.22 4110.18 4113.62 4117.24 4121.97 4118.65 4111.33 4103.6 4098.59 4097.12 4100.49 4120.95 4145.7 4171.2 4160.87 4154.93 4152.59 4153.05 4160.66 4185.96 4202.27 4259.63 4300.91 4305.69 4287.21 4271.28 4260.12 4263.84 4300.27 4340.84 4371.96 4366.29 4236.31 4094.56 3971.52 3856.52 3733.94 3601.08 3459.94 3333.71 3255.11 3208.63 3206.65 3219.71 3240.78 3330.98 3302 3234.99 3219.24 3215.91 3216.43 3223.17 3215.01 3243.8 3381.78 3628.46 3853.23
4088.65 4090.67 4093.63 4098.13 4096.51 4094.68 4096.71 4099.06 4101.83 4105.57 4108.21 4111.52 4114.75 4118.16 4124.82 4123.82 4120.62 4113.72 4097.03 4111 4127.3 4138.17 4142.74 4139.57 4143.62 4146.54 4147.42 4149.55 4154.44 4169.32 4181.44 4234.69 4259.73 4261.11 4270.4 4267.26 4263.18 4270.96 4290.89 4317.98 4334.81 4364.5 4256.22 4118.95 4010.37 3914.95 3817.5 3695.8 3536.23 3417.82 3305.31 3207.84 3199.65 3193.62 3198.88 3261.64 3246.18 3207.05 3204.62 3207.72 3200.84 3201.28 3208.72 3309.14 3473.32 3686.6 3863
4090.39 4091.81 4094.8 4097.23 4097.03 4097.22 4098.44 4100.82 4103.32 4106.68 4109.14 4112.46 4115.76 4117.84 4113.81 4122.95 4129.62 4132.89 4115.78 4131.76 4145.55 4151.75 4148 4138.89 4137.15 4140.93 4141.55 4143.32 4148.48 4149.38 4160.01 4212.08 4248.7 4254.76 4264.88 4263.88 4261.49 4257.72 4275.82 4293.73 4311.59 4312.39 4253.24 4160.24 4068.8 3997.01 3915.84 3819.07 3667.86 3539.22 3408.62 3295.24 3203.89 3200.61 3200.17 3198.62 3203.27 3196.58 3197.36 3210.56 3218.27 3212.49 3290.81 3429.48 3613.39 3759.02 3822.72
4089.16 4093.49 4095.72 4097.16 4098.16 4097.89 4099.63 4100.9 4103.14 4104.91 4107.74 4110.81 4116.06 4124.69 4132.17 4128.12 4129.28 4135.49 4140.47 4158.85 4173.94 4178.43 4156.53 4144.46 4142.89 4141.4 4137.43 4135.71 4139.98 4152.5 4163.92 4234.26 4256.88 4273.62 4263.67 4261.47 4261.21 4264.98 4265.16 4267.88 4280.16 4290.94 4259.83 4192.26 4134.36 4068.35 4009.69 3944.68 3835.68 3681.77 3538.9 3414.85 3321.5 3266.12 3227.51 3249.21 3233.5 3228.73 3221.7 3257.24 3314.96 3361.88 3467.93 3596.42 3763.95 3775.64 3783.69
4095.03 4096.57 4097.49 4096.86 4095.45 4097.94 4099.14 4101.16 4102.84 4104.33 4106.31 4109.31 4113.7 4121.49 4132.26 4125.76 4124.63 4143.71 4190.57 4175.76 4162.43 4148.4 4153.51 4164.68 4169.23 4143.84 4132.17 4125.98 4126.98 4137.46 4172.01 4228.59 4248.32 4242.23 4255.79 4260.03 4260.63 4255.33 4252.21 4243.38 4240.31 4271.06 4289.83 4278.1 4208.43 4135.65 4076.3 4020.52 3936.59 3803.81 3674.12 3552.32 3462.3 3394.02 3353.72 3363.5 3382 3390.5 3362.26 3401.89 3478.66 3550.45 3641.36 3745.85 3808.15 3747.63 3727.23
4100.78 4100.51 4100.65 4099.23 4097.97 4099.17 4100.56 4101.3 4102.45 4103.57 4105.15 4107.33 4108.24 4107.13 4107.79 4117.34 4120.47 4135.71 4163.46 4164.79 4150.36 4135.36 4145.24 4146.59 4135.58 4135.67 4127.21 4117.95 4113.99 4133.12 4173.4 4231.11 4244.94 4248.63 4255.01 4262.34 4265.28 4265.55 4260.78 4246.06 4232.11 4259.81 4300.94 4327.52 4259.38 4187.19 4121.87 4058.6 3986.28 3892.95 3809.36 3715.21 3615.5 3551.74 3511.91 3514.19 3529.75 3567.18 3575.06 3585.53 3637.83 3723.13 3717.9 3710.62 3655.04 3694.32 3722.78
4101.59 4103.21 4105.57 4104.62 4100.66 4102.97 4104.2 4104.8 4105.65 4106.38 4106.78 4106.98 4105.71 4104.08 4107.45 4118.33 4130.7 4141.46 4151.82 4153.45 4150.07 4147.06 4147.44 4144.6 4140.74 4137.52 4127.75 4115.1 4109.78 4139.6 4196.67 4236.73 4245.92 4248.48 4261.5 4270.86 4273.86 4272.66 4267.85 4264.57 4251.75 4260.3 4283.62 4284.55 4271.29 4229.25 4165.22 4082.28 4031.04 3946.96 3851.12 3783.21 3731.51 3700.34 3693.47 3696.93 3757.7 3775.48 3793.57 3732.37 3674.17 3618.78 3586.74 3588.11 3624.29 3742.9 3824.58
4100.44 4104.33 4109.75 4121.88 4117.88 4111 4108.1 4107.17 4107.58 4108.56 4109.13 4108.92 4108.44 4107.01 4111.11 4121.93 4137.61 4143.59 4143.69 4146.5 4148.74 4155.81 4154.32 4156.64 4151.92 4151.61 4134.94 4118.59 4109 4144.71 4195.63 4219.43 4241.38 4262.12 4277.08 4281.81 4281.36 4273.99 4259.73 4257.66 4254.11 4268.57 4289.82 4296.57 4287.96 4272.8 4234.24 4143.26 4086.66 4005.19 3914.73 3851.1 3812.74 3769.73 3734.21 3816.4 3899.11 3890.49 3866.3 3816.16 3753.37 3679.05 3627.59 3675.21 3796.32 3969.18 4090.56
4099.38 4102.68 4105.99 4104.6 4114.94 4113.41 4108.96 4108.44 4109.18 4110.87 4112.05 4112.55 4113.36 4117.5 4118.15 4121.24 4125.25 4132.92 4137.71 4138.24 4139.31 4138.68 4146.24 4164.71 4195.13 4166.87 4139.68 4124.78 4123.72 4139.13 4160.19 4190.74 4228.84 4266.26 4287.3 4287.85 4288.97 4289.89 4290.76 4265.62 4261.49 4269 4293.68 4304.62 4298.5 4311.65 4328.91 4301.13 4202.88 4094.42 3977.24 3941.84 3934.6 3936.93 3939.62 3966.82 4018.97 3951.08 3893.87 3888.6 3878.83 3821.24 3818.06 3930.49 4071.76 4216.31 4374.66
4098.21 4100.87 4102.64 4103.04 4103.07 4103.42 4107.25 4109.35 4111.17 4112.68 4114.18 4115.59 4116.63 4114.38 4117.75 4119.66 4123.11 4125.95 4128.9 4132.92 4133.85 4125.64 4137.72 4154.76 4151.89 4144.56 4133.45 4123.67 4120.7 4118.83 4122.24 4164.36 4209.76 4248.22 4271.49 4283.71 4291.2 4296.99 4292.42 4251.42 4247.57 4255.81 4255.8 4269.65 4285.59 4313.91 4349.27 4399.67 4313.95 4221.44 4128.26 4072.8 4065.66 4070.35 4061.52 4041.97 4017.2 4005.4 3998.11 3994.88 3992.01 4065.82 4122.34 4242.94 4308.96 4316.31 4325.05
4097.79 4099.95 4101.07 4102.21 4101.47 4102.58 4106.91 4110.11 4112.44 4114.32 4116.08 4118.95 4122.16 4126.86 4120.13 4116.26 4115.42 4122.55 4128.43 4135.3 4142.72 4156.31 4163.04 4149.83 4137.3 4129.79 4123.72 4116.28 4112.24 4114.33 4125.01 4155.91 4194.87 4230.31 4255.13 4272.58 4283.89 4295.64 4310.68 4304.45 4268.02 4244.26 4241.49 4245.65 4258.88 4269.75 4291.72 4334.39 4345.73 4343.75 4339.74 4277.23 4203.7 4138.64 4116.73 4089.22 4066.83 4034.71 4057.51 4142.88 4223.91 4357.77 4361.65 4359.8 4350.02 4298.11 4243.11
4099.16 4101.01 4102.93 4102.03 4105.1 4106.9 4110.25 4112.02 4113.7 4115.69 4117.29 4120.87 4124.24 4126.16 4120.58 4113.46 4112.23 4123.2 4131.28 4133.12 4151 4164.9 4162.5 4144.36 4130.76 4123.06 4120.53 4114.16 4109.73 4117.79 4128.47 4157.11 4185.93 4214.44 4240.52 4251.48 4266.57 4278.47 4280.73 4271.94 4252.01 4228.17 4205.05 4217.59 4230.87 4232.13 4239.12 4298.26 4333.05 4364.6 4396.19 4384.3 4321.31 4258.37 4187.84 4215.7 4216.66 4245.59 4245.59 4281.85 4340.1 4343.42 4317.02 4297.53 4295.57 4271.09 4234.97
4102.49 4103.41 4103.87 4106.88 4109.95 4116.11 4114.54 4114.73 4115.85 4117.24 4118.68 4120.76 4123.44 4124.25 4119.02 4114.45 4117.02 4132.53 4149.18 4163.25 4166.96 4154.78 4137.11 4134.45 4129.28 4126.9 4125.82 4133.35 4136.16 4129.26 4150.77 4167.62 4184.28 4196.35 4197.15 4226.11 4246.37 4261.06 4269.71 4258.03 4237.66 4221.13 4203.6 4206.55 4209.4 4213.78 4219.29 4249.87 4298.5 4326.98 4360.43 4379.03 4349.78 4344.2 4329.59 4330.11 4359.07 4393.15 4369.83 4345.07 4343.56 4308.69 4301.72 4291.99 4275.81 4264.62 4243.29
4109.42 4107.49 4104.5 4105.37 4110.44 4115 4115.98 4116.43 4117.02 4117.98 4118.26 4118.29 4119.42 4120.1 4118.03 4118.29 4126.38 4143.4 4168.93 4202.14 4186.66 4159.96 4138.76 4133.2 4128.26 4128.63 4127.97 4142.35 4174.51 4194.8 4179.48 4182.61 4188.86 4196.94 4212.19 4220.81 4231.13 4241.37 4250.6 4258.17 4245.77 4229.02 4215.73 4207.2 4204.79 4207.47 4221.14 4242.08 4273.22 4300.1 4299.79 4301.91 4302.26 4303.61 4318.68 4300.28 4340.4 4364.49 4356.45 4333.65 4311.36 4294.99 4276.59 4253.08 4260.65 4261.45 4255.51
4119.53 4114.2 4109.99 4109.13 4111.14 4114.1 4114.49 4115.65 4116.23 4116.81 4117.11 4116.57 4114.86 4115.34 4117.46 4118.84 4128.83 4146.88 4168.21 4187.23 4180.75 4162.51 4153.05 4138.14 4129.47 4119.02 4125.64 4138.46 4184.8 4232.59 4203.06 4193.91 4194.66 4198.58 4198.11 4208.11 4220.13 4225.03 4225.77 4236.45 4244.18 4238.61 4230.76 4217.28 4206.41 4202.78 4202.25 4232.4 4253.8 4271.83 4266.96 4268.99 4272.25 4260.97 4281.08 4321.36 4323.14 4322.6 4318.12 4303.89 4305 4299.92 4278.92 4270.92 4255.79 4250.9 4257.81
4124.38 4117.03 4112.93 4114.17 4114.4 4111.28 4112.44 4115.36 4116.85 4117.43 4117.56 4116.76 4115.97 4118.27 4122.19 4124.02 4133.23 4145.69 4155.81 4158.97 4158.22 4159.02 4155.16 4149.42 4138.29 4126.3 4129.66 4137.94 4164.69 4189.82 4194.56 4193.81 4197.58 4202.65 4207.66 4213.43 4215.97 4214.53 4213.42 4224.04 4240.37 4246.14 4240.6 4225.24 4211.47 4201.64 4200.01 4222.59 4241.25 4242.13 4259.47 4266.48 4275.42 4271.44 4267.92 4268.98 4286.85 4283.61 4281.68 4282.93 4300.61 4289.46 4267.05 4253.94 4258.87 4256.64 4269.54
4112.75 4116.02 4120.71 4127.14 4126.01 4120.14 4117.94 4119.09 4118.84 4119.48 4120 4119.9 4118.5 4124.67 4133.27 4137.59 4142.18 4145.14 4146.37 4144.05 4146.97 4156 4172.04 4163.57 4148.06 4146.55 4139.75 4135.14 4144.61 4154.03 4172.16 4184.89 4195.91 4207.57 4217.94 4224.16 4220.93 4212.48 4202.4 4220.58 4237.39 4250.4 4247.84 4231.61 4214.96 4206.24 4215.88 4232.18 4249.57 4263.15 4263.84 4266.96 4267.78 4286.76 4268.69 4261.75 4270.28 4269.21 4260.38 4241.81 4262.31 4271.58 4258.36 4258.21 4274.04 4287.32 4285.13
4072.74 4112.93 4142.97 4149.45 4144.64 4137.1 4131.46 4123.82 4121.14 4121.16 4123.63 4126.64 4130.28 4135.28 4144.93 4157.85 4150.22 4144.65 4140.52 4137.62 4138.19 4141.77 4144.71 4142.32 4141.88 4143.21 4142.76 4141.97 4134.29 4138.22 4159.51 4177.75 4193.2 4208.84 4223.7 4232 4230.22 4222.49 4210.31 4215.31 4235.48 4255.43 4251.43 4234.02 4213.69 4201.77 4226.63 4243.57 4259.02 4270.11 4266.37 4268.85 4264.59 4232 4218.76 4254.1 4262.98 4263.67 4258 4251.05 4245.62 4238.84 4239.16 4256.97 4289.39 4310.38 4307.89
4010.72 4113.54 4172.11 4175.42 4161.93 4141.91 4121.28 4120.62 4120.02 4122.15 4125.91 4135.21 4148.56 4145.37 4148.11 4147.07 4148 4141.92 4134.78 4126.99 4119.07 4123.41 4122.1 4123.47 4129.2 4132.18 4135.12 4140.51 4141.95 4148.14 4160.97 4176.7 4192.1 4207.83 4224.02 4236.64 4240.62 4241.05 4239.11 4226.3 4239.44 4254.44 4251.29 4234.83 4214.62 4200.39 4215.89 4244.52 4260.02 4272.65 4274.62 4269.66 4229.41 4130.81 4134.17 4198.46 4271.59 4283.4 4263.96 4242.92 4228.18 4219.31 4232.6 4258.98 4293.09 4317.78 4311.3
3962.07 4124.19 4201.39 4196.09 4172.68 4143.17 4118.1 4117.77 4118.53 4120.2 4124.36 4130.33 4134.59 4143.37 4147.13 4148.04 4144.88 4138.35 4130.73 4122.51 4116.69 4116.06 4115.03 4115.83 4122.44 4125.92 4128.75 4136.18 4151.19 4159.46 4163.99 4174.97 4188.61 4203.14 4220.49 4242.09 4242.86 4251.42 4250.61 4237.13 4247.52 4260.65 4253.7 4238.28 4219.78 4212.27 4230.29 4250.49 4257.15 4268.34 4286.83 4290.63 4263.41 4172.02 4170 4226.1 4298.31 4301.44 4269.42 4242.25 4225.83 4216.76 4234.19 4259.45 4282.56 4296.35 4297.16
3959.57 4139.11 4215.38 4208.75 4181.35 4151.36 4127.18 4120.76 4117.89 4117.79 4119.22 4121.42 4126.25 4136.62 4145.41 4147.04 4142.71 4136.23 4128.69 4121.85 4117.54 4117.08 4118.38 4119.07 4125.24 4125.31 4132.68 4144.85 4141.03 4152.91 4161.07 4170.54 4182.52 4194.23 4205.5 4213.51 4227.82 4243.47 4250.82 4247.37 4256.94 4265.8 4254.11 4236.57 4221.32 4222.27 4242.57 4268.02 4280.79 4284.55 4287.61 4293.53 4332.34 4345.86 4324.07 4310.27 4305.7 4292.96 4265.33 4241.42 4235.34 4234.87 4247.64 4260.04 4270.66 4276.64 4275.59
4015.87 4177.35 4223.25 4210.07 4183.4 4155.38 4132.53 4122.24 4117.68 4115.64 4115.05 4116.64 4121.09 4130.53 4141.56 4145.03 4139.32 4133.7 4127.45 4121.74 4118.11 4119.22 4125.85 4134.83 4131.73 4133.05 4142.91 4147.8 4143.07 4148.07 4157.34 4165.79 4173.79 4182.23 4189.18 4195.42 4199.59 4210.04 4227.87 4244.23 4259.84 4255.03 4250.52 4234.94 4218.27 4219.25 4251.42 4280.94 4327.96 4322.47 4298.86 4280.33 4316.77 4372.93 4342.15 4297.4 4289.62 4278.36 4265.9 4261.33 4257.34 4251.88 4257.94 4260.91 4260.67 4257.37 4250.8
4097.18 4190 4209.81 4196.31 4176.72 4151.74 4123.99 4118.25 4116.14 4114.68 4113.31 4110.76 4114.75 4123.3 4131 4134.46 4133.06 4130.43 4126.53 4122.31 4117.45 4119.54 4124.83 4126.8 4131.04 4136.07 4142.15 4143.04 4141.41 4145.67 4153.21 4160.62 4168.04 4173.47 4174.62 4174.38 4169.49 4160.88 4157.62 4211.86 4260.32 4265.88 4248.96 4224.83 4214.44 4216.66 4230.8 4251.07 4291.89 4319.6 4298.46 4284.92 4330.03 4360.96 4322.73 4255.12 4250.26 4253.42 4261.91 4262.1 4274.53 4282.08 4278.23 4261.75 4246.87 4239.16 4230.04
4139.92 4149.31 4174.68 4174.53 4163.2 4144.44 4121.09 4115.84 4115.51 4115.19 4115.11 4115.22 4115.76 4118.7 4120.31 4125.01 4127.28 4127.53 4126.25 4124.6 4124.2 4125.65 4125.95 4128.32 4130.01 4134.2 4140.21 4142.14 4142.1 4147.61 4152.18 4158.2 4162.87 4166.67 4165.58 4156.5 4147.46 4141.55 4142.9 4187.09 4246.63 4263.33 4241.45 4217.62 4195.4 4182.71 4193.44 4195.49 4186.68 4249.11 4254 4248.94 4305.72 4331.29 4296.42 4227.55 4206.08 4225.37 4244.03 4269.63 4283.65 4291.05 4276.54 4256.73 4240.62 4226.49 4215.15
4136.39 4131.95 4147.65 4152.96 4148 4136.67 4120.21 4117.28 4116.97 4117.16 4117.85 4119.1 4119.26 4118.31 4118.63 4121.79 4124.65 4125.94 4126.76 4126.78 4127.65 4128.37 4128.2 4126.39 4128.41 4131.45 4135.9 4148.86 4151.59 4150.15 4154.56 4158.29 4162.25 4165.16 4167.27 4167.3 4167.4 4157.48 4161.47 4168.93 4195.37 4237.46 4223.55 4201.64 4176.15 4163.61 4171.05 4168.99 4167.73 4179.07 4201.23 4192.62 4220.32 4260.54 4244.36 4210.45 4199.34 4213 4225.34 4242.22 4266.19 4272.14 4259.13 4239.21 4228.33 4213.53 4203.67
4131.43 4131.71 4136.77 4135.67 4133.7 4125.84 4122.68 4121.32 4120.46 4120.5 4120.74 4121.5 4120.6 4120.65 4121.63 4122.5 4124.47 4126.19 4127.24 4128.11 4129.11 4131.02 4131.68 4133.12 4132.59 4130.12 4128.05 4135.85 4146.1 4150.77 4154.76 4158.55 4161.92 4165.46 4169.56 4174.68 4172.71 4146.58 4138.47 4161.9 4191.56 4206.85 4200.79 4188.33 4175.75 4176.74 4176.08 4170.32 4173.2 4204.39 4202.95 4193.74 4172.95 4204.82 4202.61 4211.83 4213.62 4213.67 4216.74 4222.22 4243.43 4239.41 4231.28 4214.47 4191.45 4198.21 4195.42
4132.85 4133.54 4132.03 4128.07 4126.41 4124.22 4123.98 4122.55 4123.92 4123.55 4122.5 4119.44 4122.85 4123.95 4125.82 4125.33 4126 4127.36 4128.57 4129.28 4130.22 4129.97 4134.44 4137.47 4136.98 4131.62 4130.64 4141.33 4147.96 4152.32 4154.72 4157.14 4159.7 4162.49 4166.53 4172.24 4182.08 4192.53 4158.3 4157.97 4175.73 4179.65 4181.9 4179.6 4176.88 4205.74 4193.86 4181.76 4180.21 4189.99 4214.28 4222.09 4187.41 4184.72 4211.46 4227.53 4226.91 4218.13 4215.22 4213.89 4209.78 4214.6 4216.79 4213.25 4203.43 4200.38 4194.77
4127.22 4128.63 4126.68 4125.07 4124.65 4124.05 4124.45 4126.63 4125.5 4126.68 4127.06 4125.61 4126.16 4125.53 4125.22 4126.25 4127.24 4128.91 4130.35 4131.44 4133.42 4136.02 4138.57 4140.59 4141.44 4134.84 4136.12 4146.58 4154.17 4153.52 4155.1 4156.44 4158.14 4160.32 4163.02 4165.15 4176.79 4189.92 4178.5 4152.32 4138.84 4162.05 4170.84 4174.29 4190.61 4223.3 4201.37 4184.12 4180.9 4193.29 4219.93 4236.38 4210.5 4197.74 4218.06 4206.85 4214.97 4223.88 4219.13 4202.37 4204.07 4197.46 4212.95 4228.65 4229.62 4210.97 4198.44
4120.98 4123.53 4124.86 4124.6 4123.91 4123.17 4121.91 4119.14 4123.81 4129.97 4137.35 4138.42 4133.11 4127.4 4125.38 4127.92 4129.38 4130.28 4131.32 4133.18 4135.64 4138.73 4138.8 4139.93 4140.1 4135.61 4136.65 4142.13 4148.52 4151.18 4152.72 4154.45 4155.45 4160.45 4159.23 4155.18 4140.99 4150.56 4157.25 4148.2 4153.79 4166.89 4169.02 4168.3 4166.09 4188.71 4191.65 4191.49 4198.92 4206.18 4208.29 4216.62 4213.88 4200.49 4208.63 4194.83 4215.04 4237.37 4246.55 4224.01 4197.6 4199.99 4212.74 4224.83 4225.82 4214.88 4201.38
4120.64 4121.73 4123.89 4124.12 4124.31 4123.7 4122.47 4122.13 4125.16 4130.14 4137.63 4142.49 4137.06 4133.5 4131.34 4131.13 4131.11 4131.93 4132.75 4133.54 4134.45 4134.14 4135.43 4136.18 4136.06 4145.54 4142.88 4142.57 4145.76 4147.85 4149.87 4152.14 4153.39 4153.4 4154.43 4151.89 4146.27 4142.54 4143.03 4143.21 4148.5 4170.32 4172.62 4168.32 4159.84 4169.14 4176.88 4177.51 4196.58 4201.79 4191.37 4188.54 4198.13 4193.6 4204.33 4236.2 4224.58 4234.51 4250.76 4227.59 4193.17 4198.59 4210.07 4226.83 4222.64 4209.25 4199.35
