real_craters/C072-300m.grd
DSAA
188 188
-28.07 28.07
-28.07 28.07
3192.5948222375 4433.5929690882
[rows 0 to 29 of 188, columns 0 to 66 of 188]
4056.27 4059.02 4062.36 4066.66 4071.98 4072.4 4069.42 4067.25 4066.44 4066.91 4068.72 4072.5 4080.14 4078.08 4076.92 4078.98 4083.22 4079.84 4076.36 4074.08 4071.91 4069.78 4068.84 4066.84 4065.38 4065.32 4064.75 4064.48 4064.56 4064.99 4065.24 4064.03 4064.15 4063.18 4062.89 4063.22 4063.23 4063.17 4061.2 4059.66 4057.86 4056.97 4059.36 4060.26 4060.59 4060.71 4060.58 4060.22 4059.76 4060.07 4060.62 4061.62 4062.56 4062.94 4063.32 4063.76 4064.91 4065.13 4065.55 4066.06 4066.71 4066.99 4069.73 4076.09 4084.27 4085.32 4082.85
4058.1 4060.05 4063.05 4067.42 4073.97 4075.97 4070.91 4068.01 4066.81 4066.93 4068.23 4070.92 4074.62 4076.33 4077.62 4082.02 4087.69 4081.77 4077.3 4075.21 4073.43 4071.53 4070.97 4070.08 4068.98 4068.11 4067.73 4067.48 4066.75 4066.43 4066 4066.09 4065.75 4065.41 4064.92 4064.43 4064.18 4063.87 4062.47 4060.83 4058.58 4056.61 4058.58 4061.1 4062.28 4062.37 4061.83 4061.16 4060.76 4060.94 4061.82 4062.24 4062.75 4062.54 4062.8 4063.53 4063.59 4063.71 4064.63 4065.15 4066.22 4067.91 4070.4 4073.45 4072.79 4071.6 4075.64
4058.94 4059.94 4061.59 4063.62 4065.76 4067.34 4067.21 4066.19 4065.38 4065.21 4065.5 4066.17 4066.59 4070.01 4072.36 4074.11 4073.82 4073.74 4074.18 4075.05 4076.5 4077.39 4074.81 4073.28 4071.98 4071.41 4070.79 4069.75 4069.11 4069.17 4068.75 4067.59 4067.17 4066.79 4066.22 4065.45 4064.54 4063.67 4063.92 4063.38 4062.02 4058.28 4062.35 4064.41 4064.73 4064.35 4063.68 4062.88 4062.02 4062.08 4063.34 4064.19 4064.83 4065.09 4065.12 4064.75 4064.71 4065.08 4065.41 4065.73 4066.72 4068.58 4070.79 4073.13 4075.22 4072 4073.58
4058.64 4058.79 4059.04 4058.9 4058.44 4060.38 4062.31 4062.88 4062.89 4062.72 4062.27 4061.72 4062.03 4064.21 4065.97 4065.85 4063.67 4065.95 4069.78 4073.09 4076.96 4081.09 4078.58 4075.65 4074.01 4073.04 4072.06 4071.91 4071.34 4070.71 4069.87 4069.33 4068.88 4068.47 4067.72 4066.91 4066.21 4065.92 4066.07 4066.83 4068.92 4072.79 4071.45 4069.2 4067.47 4066.46 4065.96 4065.51 4064.69 4064.76 4066.62 4067.48 4067.72 4067.61 4066.98 4066.62 4066.47 4065.54 4065.39 4065.76 4066.59 4068.38 4070.9 4073.14 4074.94 4073.74 4073.64
4058.13 4057.76 4057.14 4056 4054.75 4056.43 4058.66 4059.93 4060.37 4060.27 4059.74 4058.44 4057.66 4060.22 4061.4 4061.38 4061.11 4062.97 4066.28 4069.65 4073.03 4077.93 4077.02 4075.34 4074.86 4074.7 4074.46 4074.22 4073.89 4073.16 4072.36 4071.41 4070.75 4070.21 4069.35 4068.44 4067.65 4067.5 4067.93 4068.98 4071.66 4076.15 4076.39 4071.77 4069.04 4068.02 4068.25 4068.96 4069.42 4068.91 4071.56 4071.48 4071.07 4070.23 4069.92 4069.72 4068.98 4067.85 4067.26 4066.41 4066.65 4067.25 4072.57 4074.37 4071.68 4072.92 4073.7
4057.7 4057.44 4056.51 4055.07 4054.15 4055.17 4056.7 4057.75 4058.25 4058.35 4058.39 4058.36 4058.25 4058.61 4058.99 4059.13 4059.44 4060.89 4063.71 4066.27 4066.81 4060.67 4069.18 4072.93 4074.68 4076.23 4077.56 4076.8 4075.57 4074.54 4073.64 4073.15 4072.56 4071.71 4071.06 4070.34 4070.52 4069.56 4069.01 4069.13 4069.48 4070.41 4073.9 4069.76 4068.28 4068.3 4069.5 4071.7 4075.58 4082.59 4077.82 4074.84 4073.36 4072.79 4072.11 4072.13 4071.34 4069.98 4069.12 4067.43 4067.84 4071.13 4078.77 4084.48 4080.42 4075.14 4073.86
4057.92 4057.78 4056.98 4055.57 4054.39 4055.17 4055.94 4056.43 4056.63 4056.65 4057.14 4058.64 4058.69 4057.69 4057.53 4057.79 4058.39 4059.86 4062.28 4064.79 4067.16 4071.58 4069.08 4071.49 4073.91 4076.37 4078.55 4077.9 4076.36 4075.58 4074.85 4074.35 4073.81 4073.33 4072.66 4071.71 4070.48 4070.03 4069.3 4068.4 4067.23 4065.7 4061.57 4063.79 4065.41 4067.1 4069.47 4072.37 4075.84 4078.82 4077.66 4075.83 4074.73 4074.16 4073.68 4073.1 4072.25 4071.72 4070.86 4069.42 4069.14 4073.33 4084.98 4099.65 4094.16 4077.1 4073.73
4058.63 4058.65 4058.36 4057.43 4056.35 4056.24 4055.68 4055.32 4054.96 4055.02 4054.97 4055.27 4055.84 4056.11 4056.61 4057.26 4058.07 4059.25 4061.6 4064.05 4066.96 4069.5 4069.46 4070.51 4072.67 4074.95 4076.84 4076.81 4076.29 4075.23 4074.62 4074.48 4074.54 4074.38 4073.99 4073.07 4070.93 4070.78 4069.58 4067.8 4065 4060.21 4056.06 4059.33 4062.88 4065.8 4068.94 4071.41 4073.24 4073.67 4074.4 4075.52 4075.8 4075.56 4075.08 4074.86 4074.8 4074.4 4073.81 4072.8 4071.44 4074.11 4086.07 4093.29 4083.92 4073.9 4072.26
4059.73 4059.9 4060.16 4060.81 4059.84 4057.78 4056.22 4055.11 4054.19 4053.4 4052.78 4051.73 4053.13 4054.61 4055.89 4057.1 4058.4 4060.22 4061.57 4063.06 4064.51 4065.6 4066.77 4068.79 4071 4072.83 4073.85 4074.57 4075.26 4075.47 4075.7 4075.34 4075.45 4075.94 4076.11 4075.85 4075.03 4072.79 4070.38 4067.94 4065.6 4061.73 4056.89 4058.76 4062.26 4065.33 4068.02 4070.47 4071.94 4072.13 4073.62 4075.35 4076.22 4076.62 4076.78 4077.05 4077.2 4077.31 4077.16 4077.41 4078.28 4080.71 4085.41 4090.52 4076.41 4069.81 4070.3
4061.19 4060.75 4060.72 4061.71 4060.86 4058.11 4056.16 4054.77 4053.79 4052.62 4051.67 4050.83 4052.12 4054.12 4055.73 4057.35 4058.95 4060.53 4061.55 4062.39 4062.87 4063.45 4065.04 4067.48 4069.57 4071.18 4072.23 4073.24 4074.2 4074.7 4075.61 4076.21 4076.6 4076.7 4077.47 4078.61 4078.09 4074.6 4071.04 4067.83 4065.49 4062.9 4059.32 4060.5 4063.27 4065.57 4068.29 4070.5 4072.37 4074.41 4075.68 4076.21 4076.8 4077.32 4077.84 4078.64 4079.59 4080.28 4081.15 4081.9 4082.85 4083.03 4081.91 4077.82 4068.75 4067.27 4068.97
4062.58 4060.94 4059.41 4058.17 4057.5 4056.59 4055.44 4054.3 4053.38 4052.5 4051.79 4051.3 4052.62 4054.3 4056.22 4058.05 4059.62 4060.54 4061.9 4062.72 4062.87 4063.58 4065.35 4067.24 4068.96 4070.26 4071.49 4072.8 4073.2 4074.04 4075.04 4075.71 4076.21 4076.78 4077.93 4079.54 4079.15 4075.09 4071.1 4067.15 4062.82 4061.7 4062.81 4063.89 4065.52 4067 4069.32 4071.33 4073.2 4074.94 4076.21 4077.22 4077.8 4078.42 4079.23 4080.07 4081.15 4082.5 4084.54 4086.05 4085.15 4083.94 4079.72 4071.36 4069.05 4067.93 4069.17
4063.73 4060.85 4057.91 4054.57 4054.53 4054.99 4054.6 4053.87 4053.29 4052.88 4052.85 4053.03 4053.97 4055.53 4057.3 4059.22 4060.94 4062.85 4064.15 4064.38 4064.25 4064.98 4066.5 4067.82 4068.84 4069.55 4069.85 4070.11 4071.75 4073.75 4075.1 4075.8 4075.68 4075.82 4075.98 4077.13 4076.88 4074.14 4071.26 4067.73 4064.3 4063.61 4066.14 4067.09 4067.55 4068.65 4070.21 4072.02 4073.76 4075.48 4077 4078.04 4079 4080.39 4081.45 4082.22 4083.31 4084.95 4086.77 4089.85 4094.15 4088.22 4081.42 4075.58 4068.42 4069.55 4070.44
4063.78 4060.69 4058.08 4056.19 4054.6 4054.34 4054.11 4053.89 4053.42 4053.24 4053.61 4054.68 4055.15 4056.59 4058.37 4060.44 4062.63 4065.43 4067.08 4067.16 4065.83 4066.93 4068.25 4068.7 4069.53 4070.01 4069.29 4067.66 4071.77 4074.26 4075.35 4075.77 4075.67 4074.99 4073.44 4070.42 4071.43 4073.04 4072.45 4070.34 4066.88 4067.12 4066.75 4067.08 4069.9 4070.79 4071.83 4073.13 4074.74 4076.33 4078.51 4078.56 4079.77 4080.9 4082.05 4083.45 4084.41 4085.79 4087.41 4090.01 4092.04 4088.69 4082.63 4077.03 4075.7 4073.64 4073.36
4062.86 4060.13 4057.67 4056.01 4055.03 4054.35 4054.21 4053.91 4053.67 4053.48 4053.42 4054.3 4055.82 4057.45 4059.44 4061.4 4063.53 4065.56 4067.46 4070.95 4073.9 4072.14 4069.52 4069.73 4071.07 4072.24 4073.26 4074.98 4076.5 4076.56 4076.61 4076.52 4076.2 4075.27 4073.58 4070.84 4072.05 4074.45 4075.5 4075.67 4075.59 4073.78 4073.74 4074.86 4073.45 4073.18 4073.69 4074.69 4075.74 4076.5 4075.72 4079.05 4080.75 4081.63 4082.49 4083.64 4084.47 4085.19 4085.53 4086.17 4088.33 4086.99 4085.6 4083.22 4079.62 4076.36 4075.36
4061.28 4059.08 4057.21 4055.85 4054.97 4054.91 4054.55 4054.46 4054.28 4054.05 4053.63 4054.59 4056.53 4058.48 4060.5 4062.62 4064.7 4066.32 4068.22 4072.77 4080.38 4075.3 4072.32 4072.2 4073.08 4074.74 4077.52 4081.45 4080.71 4078.62 4077.58 4077.04 4076.97 4076.83 4076.43 4075.73 4076.72 4078.35 4079.52 4080.67 4081.98 4079.3 4078.38 4077.91 4075.55 4074.69 4074.88 4075.78 4077.23 4079.11 4080.81 4082.76 4082.13 4082.44 4083.15 4083.73 4084.27 4084.38 4084.19 4081.96 4079.03 4084.31 4086.84 4083.74 4078.61 4076.58 4075.78
4059.65 4057.98 4055.64 4054.55 4055.08 4055.34 4055.67 4055.81 4055.38 4055.43 4054.85 4056.09 4058.08 4059.88 4061.75 4063.77 4065.9 4068.9 4072.24 4069.06 4063.67 4070.26 4072.36 4073.59 4074.31 4075.82 4078.26 4080.95 4080.64 4078.67 4077.45 4077.08 4077.57 4078.72 4080.22 4081.5 4082.24 4083.21 4083.65 4082.75 4081.75 4080.71 4078.64 4078.14 4074.51 4074.97 4075.97 4076.75 4078.1 4080.41 4086.57 4084.05 4081.73 4082.26 4082.86 4083.45 4083.5 4083.78 4083.37 4083.64 4084.15 4083.12 4082.16 4077.36 4075.47 4076 4076.2
4058.67 4057.93 4056.6 4055.32 4056.01 4056.07 4056.31 4056.8 4057.62 4058.33 4058.58 4059.3 4060.24 4061.38 4062.64 4064.22 4066.08 4068.07 4068.47 4067.21 4067.14 4067.7 4070.59 4072.63 4074.1 4075.5 4076.8 4077.58 4077.13 4076.14 4076 4076.21 4077.39 4079.78 4083.82 4086.06 4086.98 4087.89 4088.99 4086.61 4083.24 4083.27 4077.87 4065.91 4072.54 4075.81 4077.11 4078.02 4078.5 4077.92 4074.56 4075.39 4079.99 4082.55 4083.65 4084.19 4084.28 4083.8 4083.24 4081.98 4082.01 4082.2 4080.47 4079.58 4076.05 4075.26 4076.47
4057.71 4058.17 4059.7 4059.27 4057.74 4057.42 4057.77 4058.35 4059.61 4061.17 4064.45 4062.58 4062.09 4062.42 4063.25 4064.09 4065.05 4065.77 4066.45 4064.23 4063.82 4067.05 4069.74 4071.67 4073.85 4074.86 4074.76 4073.92 4073.31 4073.24 4073.7 4074.55 4075.98 4078.12 4082.89 4090.68 4087.91 4090.5 4095.26 4101.93 4099.27 4090.73 4084.49 4082.84 4080.1 4078.82 4078.69 4078.8 4079.19 4078.39 4075.62 4076.45 4081.53 4083.97 4084.81 4084.91 4084.3 4084.23 4083.8 4083.23 4083.32 4083.14 4079.19 4074.66 4073.61 4074.75 4075.35
4056.39 4056.82 4057.97 4058.39 4058.22 4058.38 4058.78 4059.58 4060.44 4061.46 4062.37 4062.99 4063.2 4063.36 4063.61 4063.93 4063.89 4063.48 4061.86 4060.92 4063.01 4067.46 4071.15 4073.66 4075.28 4075.06 4073.4 4071.33 4069.45 4069.99 4071.28 4072.77 4074.12 4074.91 4072.23 4072.79 4083.4 4089.14 4095.64 4105.75 4104.07 4094.32 4089.1 4088.14 4084.5 4080.83 4079.43 4079.73 4080.77 4082.31 4084.16 4086.62 4087.95 4087.39 4086.71 4086.02 4085.25 4084.68 4084.29 4084.64 4085.17 4085.75 4085.83 4072.51 4071.93 4073.39 4074.99
4054.92 4054.69 4054.19 4056.02 4057.6 4058.6 4059.41 4060.17 4060.97 4061.74 4061.98 4063.03 4063.57 4063.89 4063.75 4063.45 4063.28 4062.64 4061.3 4062.83 4065.95 4069.91 4074.21 4077.78 4078.17 4076.3 4073.08 4069.08 4065.98 4067.4 4069.45 4071.25 4072.82 4074.36 4077.32 4078.95 4081.5 4085.47 4088.4 4087.66 4091.02 4089.48 4086.4 4084.02 4081.25 4079.3 4078.95 4080.22 4082.53 4086.08 4092.41 4100.7 4093.26 4090.41 4088.88 4087.66 4086.33 4085.12 4084.12 4085.36 4085.39 4085.99 4081.5 4074.26 4071.99 4072.26 4073.05
4053.72 4053.99 4054.47 4055.72 4057.63 4059.37 4060.63 4061.18 4061.5 4062.5 4063.68 4063.51 4064.19 4064.47 4064.22 4063.63 4063.48 4063.53 4064.63 4066.56 4068.59 4072.37 4077.17 4081.24 4081.51 4078.32 4073.88 4069.26 4066.32 4066.8 4068.79 4070.61 4072.15 4073.81 4076.16 4078.4 4080.09 4082.09 4083 4083.55 4083.07 4083 4080.73 4077.07 4074.61 4075.7 4077.14 4079.45 4082.51 4086.34 4089.97 4089.13 4092.31 4091.72 4090.45 4089.1 4087.29 4085.08 4082.43 4080.59 4082.66 4085.24 4084.63 4074.54 4072.51 4072.61 4073.08
4053.66 4053.7 4054.6 4056.24 4058.61 4060.82 4062.25 4062.86 4062.22 4061.11 4061.89 4063.85 4064.97 4065.39 4065.29 4064.36 4063.93 4064.19 4065.49 4066.82 4068.87 4073.17 4078.72 4084.43 4084.67 4079.89 4075.15 4070.47 4066.18 4067.38 4069.82 4071.22 4071.9 4072.31 4073.5 4075.68 4078.15 4080.07 4080.14 4077.57 4079.39 4078.64 4076 4072.51 4070.46 4072.41 4074.84 4077.73 4081.23 4085.1 4088.67 4092.46 4092.34 4092.42 4091.91 4090.54 4088.73 4086.47 4083.03 4079.58 4080.9 4078.04 4075.43 4074.96 4073.24 4072.84 4073.51
4054.17 4053.38 4053.69 4056.97 4060.07 4063.01 4065.2 4066.28 4065.15 4061.58 4062.6 4066.04 4067.38 4067.54 4066.84 4064.92 4063.62 4063.33 4063.3 4062.69 4067.21 4071.89 4077.29 4083.26 4084.03 4079.66 4076 4073.16 4071.29 4071.91 4072.88 4073.12 4072.54 4071.26 4069.35 4073.23 4076.63 4079.43 4081.69 4082.31 4078.89 4076.06 4073 4070.01 4067.88 4070.29 4072.67 4075.85 4079.49 4083.35 4086.95 4089.33 4091.13 4092.05 4092.03 4092.18 4091.16 4089.6 4087.33 4085.39 4083.94 4082.5 4078.15 4074.64 4073.04 4073.34 4073.98
4055.55 4054.97 4055.46 4058.77 4062.11 4065.46 4068.81 4071.74 4072.64 4069.35 4070.18 4071.38 4070.66 4069.28 4067.62 4064.78 4063.54 4062.09 4060.97 4062.6 4065.58 4069.24 4072.87 4075.79 4076.5 4076.04 4075.91 4076.23 4077.28 4077.52 4076.96 4075.89 4074.65 4072.54 4071.11 4073.35 4076.21 4078.85 4082.11 4083.53 4078.21 4073.82 4070.51 4068.74 4069.52 4068.78 4070.16 4073.47 4077.59 4081.77 4085.77 4088.84 4091.88 4092.37 4092.56 4092.99 4093.13 4093.31 4092.2 4090.34 4087.87 4085.41 4077.2 4073.32 4073.15 4073.75 4074.1
4057.76 4058.67 4059.63 4061.55 4064.3 4067.7 4072.2 4078.17 4085.34 4086.88 4084.21 4079 4074.72 4071.44 4068.87 4065.83 4064.01 4061.68 4058.97 4058.75 4063.63 4066.33 4068.14 4068.23 4068.06 4071.75 4074.68 4077.66 4081.66 4083.2 4080.27 4078.54 4077.83 4076.67 4073.77 4075.81 4076.54 4077.01 4076.97 4076.5 4074.12 4070.5 4067.14 4064.87 4066.02 4064.25 4066.28 4070.92 4075.71 4080.09 4084.43 4090.23 4092.16 4091.5 4092.93 4094.5 4095.66 4097.29 4097.8 4095.59 4090.96 4083.73 4076.54 4073.87 4074.1 4073.97 4074.82
4059.54 4062.06 4063.1 4063.69 4065.49 4068.54 4073.03 4080.18 4092.52 4112.6 4094.22 4082.86 4076.4 4072.34 4069.31 4066.63 4064.51 4062.43 4061.58 4062.39 4062.92 4064.05 4065.15 4065.4 4065.86 4069.62 4073.07 4076.43 4080.48 4081.76 4079.84 4079.24 4080.34 4083.12 4084.22 4079.22 4076.74 4075.17 4072.68 4071.21 4070.17 4067.42 4063.54 4058.43 4052.28 4054.45 4062.54 4069.32 4074.47 4078.74 4081.85 4082.11 4083.01 4089.53 4093.09 4095.6 4097.53 4099.3 4101.68 4099.51 4094.47 4088.62 4077.56 4076.35 4076.2 4076.16 4077.25
4059.77 4063.02 4063.8 4063.88 4065.06 4067.12 4070.12 4074.22 4079.21 4084.57 4083.52 4078.84 4074.67 4071.37 4068.74 4066.52 4064.81 4063.3 4062.4 4061.16 4060.96 4062.37 4063.85 4065.37 4067.17 4069.48 4071.16 4072.83 4074.04 4074.57 4075.54 4077.03 4079.44 4082.91 4083.42 4078.86 4075.36 4073.46 4074.43 4071.28 4068.01 4065.57 4062.52 4057.44 4046.19 4051.7 4064.27 4070.38 4074.71 4078.51 4081.38 4083.6 4086.78 4090.34 4093.29 4096.03 4098.49 4100.1 4100.2 4100.76 4097.74 4091.9 4087.07 4081.78 4079.44 4078.3 4078.44
4057.6 4060.54 4061.57 4062.19 4063.26 4064.61 4065.63 4065.68 4062.68 4060.21 4069.08 4071.39 4070.79 4069.25 4067.16 4065.61 4064.35 4063.44 4063.05 4060.75 4060.03 4061.27 4062.9 4065.5 4069.81 4069.51 4068.57 4068.83 4068.47 4067.39 4070.58 4073.22 4075.08 4077.36 4077.35 4074.7 4071.85 4069 4066.21 4066.58 4065.82 4065.06 4064.44 4065.3 4072.35 4077.73 4072.85 4073.59 4076.09 4079.05 4082.19 4086.06 4091.07 4091.2 4093.3 4095.63 4098.29 4101.57 4103.88 4104.48 4103.23 4095.9 4089.84 4084.66 4081.71 4080.76 4080.68
4053.83 4055.3 4057.6 4059.54 4061.1 4062.08 4062.09 4060.69 4057.88 4057.57 4062.27 4065.65 4066.57 4066.36 4065.46 4064.37 4063.46 4062.8 4063.04 4061.32 4060.36 4060.74 4061.45 4062.38 4063.88 4062.92 4064.57 4065.83 4065.97 4066.12 4068.51 4070.15 4069.96 4067.57 4068.79 4069.51 4068.16 4065.25 4060.71 4062.36 4063.88 4064.68 4066.17 4069.84 4076.99 4079.65 4076.07 4075.26 4076.67 4079.28 4082.51 4085.72 4085.83 4091.03 4092.67 4094.09 4096.37 4099.72 4104.36 4105.03 4109.34 4106.42 4090.54 4086.07 4084.01 4083.02 4082.38
4050.91 4050.92 4054.48 4057.44 4059.46 4060.53 4060.57 4059.59 4058.36 4058.52 4060.9 4063.11 4064.25 4064.65 4064.02 4063.21 4062.19 4061.07 4060.97 4060.78 4061.09 4060.41 4060.17 4059.06 4054.84 4057.24 4062.02 4064.5 4066.26 4067.48 4069.11 4069.36 4067.83 4065 4065.49 4066.44 4066.03 4065.41 4065.63 4063.35 4063.38 4064.08 4065.7 4068.27 4070.6 4070.88 4072.94 4074.22 4075.97 4078.72 4082.34 4086.91 4093.65 4091.79 4090.64 4090.93 4091.89 4093.38 4095.82 4096.94 4097.52 4094.89 4089.09 4086.33 4085.18 4084.03 4083.76
