real_craters/C072-500m.grd
DSAA
113 113
-28.07 28.07
-28.07 28.07
3193.6226518426 4421.3217466154
[rows 30 to 59 of 113, columns 0 to 66 of 113]
4052.87 4057.19 4060.4 4062.98 4062.87 4063.79 4064.73 4065.45 4065.86 4065.95 4073.09 4078.88 4085.4 4098.3 4099.32 4083.18 4073.55 4069.43 4069.55 4073.79 4072.1 4068.84 4074.01 4075.93 4077.65 4078.82 4081.04 4083.67 4086.58 4088.61 4090.03 4090.67 4090.84 4091.77 4096.62 4104.51 4114.46 4125.28 4139.09 4154.88 4167.19 4178.44 4185.46 4193.15 4208.62 4198.8 4195.95 4203.93 4212.48 4218.46 4232.65 4251.16 4283.62 4254.48 4214.04 4189.75 4185.14 4189.34 4195.93 4180.1 4202.41 4209.51 4213.17 4224.63 4227.34 4222.53 4215.91
4054.97 4057.72 4060.94 4065.08 4066.4 4065.18 4065.1 4065.31 4064.65 4065.03 4071.55 4077.95 4083.8 4087.19 4082.72 4078.82 4071.78 4070.08 4071.51 4072.05 4073.71 4073.27 4077.41 4079.32 4080.35 4081.3 4081.98 4083.91 4086.87 4088.75 4087.04 4085.96 4085.79 4090.65 4089.46 4095.17 4115.47 4133.88 4152.19 4167.92 4180.74 4192.7 4201.74 4204.65 4198.94 4207.95 4201.23 4197.96 4203.23 4211.59 4224.67 4238.14 4270.78 4257.61 4225.07 4203.01 4221.95 4203.33 4178.88 4186.94 4194.5 4214.06 4226.09 4236.86 4227.73 4219.58 4224.26
4057.68 4060.26 4061.33 4058.54 4063.05 4065.3 4066.25 4065.99 4066.13 4068.18 4072.34 4076.91 4080.32 4079.78 4077.96 4076.61 4074.89 4075.65 4078.29 4078.81 4083.85 4088.35 4084.46 4082.72 4082.26 4081.88 4082.19 4082.44 4082.64 4083.08 4082.58 4083.44 4082.77 4090.78 4105.48 4098.06 4125.24 4145.83 4164.6 4179.15 4194.24 4208.62 4219.69 4222.59 4218.22 4211.07 4200.51 4192.53 4194.94 4202.57 4213.58 4227.29 4250.78 4246.43 4231.86 4235.56 4256.86 4215.64 4175.38 4173.86 4191.66 4201.25 4218.59 4230.9 4229.46 4219.68 4224.36
4061.64 4068.47 4067.76 4064.33 4066.1 4068.31 4068.83 4067.99 4067.39 4069.34 4073.8 4078.09 4080.68 4081.17 4079.71 4078.43 4075.6 4075.53 4084.24 4090.31 4095.65 4094.28 4087.85 4085.51 4083.99 4082.4 4081.36 4080.2 4078.31 4073.86 4080.8 4087.23 4095.69 4108.8 4124.63 4132.42 4148.07 4163.43 4175.83 4190.64 4206.65 4223.92 4238.54 4246.64 4233.5 4209.99 4198.42 4191.57 4190.98 4195.78 4202.09 4207.8 4232.82 4234.24 4226.05 4229.25 4239.44 4221.15 4186.48 4169.22 4193.57 4193.65 4227.21 4235.99 4236.01 4236.4 4221.84
4088.99 4084.96 4078.9 4075.25 4073.2 4072.51 4072.91 4072.6 4070.77 4072.97 4077.48 4080.67 4083.23 4085.31 4088.42 4083.73 4078.84 4075.23 4079.93 4087.02 4086.65 4085.24 4085.83 4085.19 4084.35 4083.15 4081.84 4080.39 4078.76 4077.78 4082.33 4091.57 4110.14 4138.1 4162.94 4182.96 4174.96 4178.65 4188.22 4201.61 4216.55 4234.13 4253.13 4269.91 4252.18 4211.79 4197.94 4190.06 4188.37 4191.58 4196.6 4203.85 4222.65 4227.72 4223.95 4230.53 4238.47 4234.12 4227.67 4198.76 4181.1 4189.81 4218.57 4225.6 4234.41 4246.15 4233.24
4090.28 4088.04 4086.23 4085.81 4079.48 4076.79 4077.12 4079.39 4079.68 4080.83 4081.77 4083.73 4085.67 4087.34 4087.29 4086.62 4086.98 4093.85 4088.17 4083.55 4084.39 4084.88 4084.97 4084.94 4084.64 4085.01 4084.34 4084.01 4084.84 4083.42 4090.67 4095.09 4096.96 4129.84 4161.73 4183.65 4187.4 4192.31 4198.27 4208.13 4220.12 4234.37 4253.3 4271.98 4263.75 4225.24 4203.85 4191.34 4189.44 4191.33 4197.58 4209.6 4219.81 4229.79 4240.38 4248.26 4249.35 4234.52 4220.91 4211.53 4194.39 4189.23 4191.02 4205.9 4220.09 4238.69 4237.72
4076.02 4079.42 4079.84 4080.73 4078.88 4077.65 4078.43 4082.46 4093.99 4087.25 4085.29 4086.16 4088.57 4090.17 4088.03 4088.76 4088.12 4080.08 4082.48 4079.58 4075.64 4082.08 4084.59 4085.33 4085.66 4084.17 4084.24 4086.4 4091.93 4104.04 4104.29 4104.1 4113.31 4133.01 4144.37 4166.46 4190.77 4200.51 4205.01 4211.87 4219.73 4229.17 4239.23 4243.98 4238.25 4228.01 4213.34 4204.66 4197.78 4196.86 4197.31 4199.8 4218.36 4236.59 4251.83 4257.77 4252.1 4235.07 4215.79 4209.19 4212.64 4201.98 4184.63 4198.17 4207.42 4209.67 4204.42
4075.1 4075.39 4073.32 4073.19 4075.69 4076.58 4075.81 4074.67 4074.24 4081.51 4085.01 4088.9 4091.93 4095.12 4096 4097.7 4097.04 4094.86 4089.45 4082.53 4077.3 4081.19 4084.8 4085.26 4087.19 4086.63 4086.08 4088.07 4092.99 4098.8 4100.49 4108.44 4127 4141.91 4187.01 4195.66 4204.17 4211.37 4213.45 4216.4 4219.8 4220.46 4221.53 4225.02 4239.55 4228.11 4214.19 4208.6 4209.75 4207.72 4203.09 4209.89 4227.48 4247.78 4259.71 4264.67 4263.57 4267.73 4256.98 4209.2 4198.51 4206.54 4206.09 4209.98 4222.52 4220.35 4226.67
4074.24 4071.52 4071.57 4073.25 4075.39 4075.48 4074.61 4072.84 4072.15 4078.9 4085.65 4091.17 4095.48 4100.71 4108.01 4110.85 4107.96 4109.14 4100.77 4091.11 4084.58 4087.09 4086.5 4086.55 4086.23 4087.32 4088.08 4088.98 4090.86 4090.21 4094.57 4101.5 4111.8 4155.86 4206.67 4216.8 4222.25 4223.6 4223.71 4222.51 4217.59 4209.41 4202.55 4199.94 4212.74 4220.99 4230.47 4231.34 4232.18 4231.76 4222.92 4219.09 4259.8 4274.07 4257.87 4261.87 4271.95 4257.5 4256.73 4233.35 4223.07 4218.28 4209.49 4222.19 4223.58 4213.93 4222.31
4077.23 4074.68 4075.14 4077.34 4078.31 4076.58 4075.37 4075.1 4076.79 4080.45 4085.88 4091.45 4097.36 4104.33 4109.26 4110.95 4113.76 4108.54 4101.52 4096.48 4094.34 4095.51 4091.43 4090.14 4090.45 4090.5 4091.91 4092.62 4092.88 4094.68 4098.18 4101.2 4111.46 4153.05 4215.65 4226.25 4227.27 4225.42 4222.66 4218.28 4213.12 4201.3 4187.3 4170.4 4184.4 4210.91 4233.37 4246.1 4255.57 4263.48 4271.85 4291.6 4317.02 4334.51 4319.79 4280.72 4303.98 4316.99 4298.17 4272.12 4234.78 4266.93 4268.65 4242.57 4217.35 4216.03 4216.07
4078.58 4076.37 4090.96 4085.78 4082.14 4079.1 4076.85 4075.84 4077.53 4082.35 4087.16 4092.19 4097.97 4104.95 4114.47 4125.52 4117.47 4109.03 4101.26 4100.11 4100.91 4096.49 4094.51 4096.02 4096.01 4096.23 4096.45 4095.27 4095.21 4094.91 4096.42 4115.87 4136.33 4153.53 4181.18 4222.55 4240.25 4242.79 4239.39 4229.11 4219.44 4207.24 4192.46 4181.51 4196.75 4216.69 4222.76 4244.34 4265.85 4282.41 4325.54 4350.71 4343.89 4379.67 4408.71 4342.1 4304.5 4385.48 4412.78 4354.9 4354.53 4317.96 4292.99 4269.35 4249.9 4231.71 4242.79
4078.56 4075.75 4084.2 4085.03 4083.57 4082.42 4079.86 4079.6 4081.03 4084.11 4088.13 4092.13 4096.89 4102.25 4106.71 4104.69 4111.43 4111.55 4105.92 4103.15 4097.01 4094.57 4099.12 4100.65 4102.02 4103.45 4103.05 4103.2 4102.31 4103.51 4112.36 4140.15 4157.48 4166.64 4182.78 4239.59 4248.47 4248.06 4243.02 4237.2 4227.62 4221.58 4215.6 4212.81 4225.95 4241.13 4252.18 4248.41 4246.33 4267.95 4326.28 4329.52 4268.97 4255.1 4245.35 4191.61 4144.71 4136.39 4162.97 4190.91 4261.52 4333.93 4328.75 4315.94 4318.48 4296.9 4257.62
4079.83 4079.5 4076.61 4081.28 4083.42 4084.27 4083.82 4082.55 4084.65 4086.54 4089.26 4092.17 4095.94 4098.28 4099.62 4099.48 4108.51 4107.01 4101.4 4111.69 4113.55 4109.61 4105.38 4105.71 4108.15 4108.92 4110.32 4112.1 4112.33 4112.39 4111.72 4125.59 4132.35 4134.01 4193.91 4251.07 4259.18 4257.5 4253.69 4247.74 4241.98 4238.73 4242.02 4250.47 4263.25 4272.3 4261.04 4239.72 4215.08 4206.39 4215.83 4163.78 4105.29 4022.6 3965.37 3946.63 3932.86 3911.74 3936.55 3978.81 4064.95 4253.23 4307.21 4331 4357.65 4345.56 4269.43
4081.4 4077.42 4078.13 4081.06 4084 4085.86 4087.19 4089.82 4088.71 4088.37 4089.23 4091.69 4093.23 4094.69 4096.35 4099.36 4109.97 4113.71 4106.4 4126.36 4124.95 4110.44 4109.42 4112.2 4114.25 4116.07 4116.77 4119.37 4122.21 4127.41 4132.18 4129.46 4118.38 4120.5 4193.57 4250.65 4261.12 4266.97 4267.21 4263.99 4259.43 4253.84 4263.34 4289.53 4300.77 4304.46 4279 4213.95 4154.96 4092.45 4007.23 3975.64 3956.49 3889.87 3846.41 3837.11 3798.22 3751.36 3776.57 3827.08 3928.73 4021.57 4130.38 4182 4282 4348.58 4332.53
4083.39 4082.69 4083.79 4084.18 4085.45 4086.87 4087.6 4087.53 4089.16 4089.75 4090.17 4090.14 4091.3 4092.39 4094.59 4099.27 4103.39 4110.47 4120.41 4122.1 4119.31 4105.85 4116.62 4121.19 4122.28 4123.83 4127.06 4128 4132.33 4138.06 4149.35 4126.72 4124.68 4142.3 4185.65 4238.51 4263.13 4277.34 4281.1 4281.84 4277.49 4272.15 4275.56 4304.9 4290.88 4290.31 4266.52 4151.98 4080.14 3994.72 3901.13 3899.68 3898.82 3837.82 3846.66 3825.76 3831.94 3845.02 3807.72 3783.13 3870.51 3977.74 4006.54 3996.75 4067.17 4237.09 4359.43
4085.63 4084.95 4085.27 4085.84 4086.29 4087.14 4088.71 4090.59 4089.31 4089.32 4089.73 4089.39 4089.65 4090.18 4091.55 4095.6 4105.25 4111.11 4117.9 4120.2 4128.55 4142.28 4134.52 4131.14 4129.69 4131.65 4132.46 4137.3 4138.27 4140.17 4133.53 4116.47 4121.42 4141.67 4185.1 4225.9 4266.94 4286.2 4294.08 4295.62 4294.58 4283.63 4261.25 4281.34 4229.65 4138.81 4082.68 4044.74 3999.67 3976.18 3952.84 3904.78 3881.31 3930.79 3856.57 3780.03 3753.34 3751.34 3785.38 3845.69 3886.73 3955.13 3953.18 3945.79 3953.94 4108.2 4306.15
4086.3 4086.68 4086.9 4087.05 4087.07 4087.18 4085.68 4086.41 4088.25 4088.58 4089.61 4090.01 4089.6 4089.72 4089.71 4088.22 4092.94 4104 4105.74 4116.62 4127.05 4135.33 4137.15 4135.04 4136.2 4138.6 4141.19 4148.02 4148.32 4147.67 4143.96 4137.14 4152.02 4180.53 4215.36 4259.35 4282.32 4294.35 4301.5 4305.61 4314.97 4308.18 4292.57 4309.88 4167.02 4004.14 3947.36 3942.76 3932.24 3927.74 3922.04 3849.55 3765.33 3695.92 3637.99 3608.88 3588.85 3570.95 3602.9 3645.12 3771.38 3871.75 3893.63 3898.65 3917.48 3955.75 4146.13
4085.1 4085.77 4087.4 4086.08 4086.45 4086.98 4089.08 4088.9 4088.66 4089.48 4089.89 4089.71 4091.58 4092.04 4092.12 4092.74 4103.52 4104.65 4103.87 4108.18 4119.36 4126.27 4132.37 4136.91 4140 4143.99 4145.27 4148.55 4152.92 4158.16 4157.48 4164.32 4168.58 4181.36 4230.92 4280.17 4294.16 4299.3 4302.89 4306.84 4320.91 4326.23 4323.98 4249.56 4102.99 3962.79 3898.87 3875.84 3853.2 3812.36 3773.93 3727.19 3626.54 3501.31 3446.38 3433.9 3404.79 3393.99 3444.32 3468.74 3582.75 3700.75 3796.81 3879.11 3864.43 3869.17 3984.22
4082.21 4079.17 4080.1 4083.58 4085.42 4087.14 4088.41 4089.51 4089.28 4089.52 4090.71 4091.85 4093 4093.54 4095.55 4099.17 4108.25 4105.47 4107.09 4108.71 4115.27 4120.6 4130.96 4140.58 4146.48 4153.42 4158.07 4161.35 4159.28 4162.57 4169.42 4168.78 4163.96 4189.64 4237.41 4279.06 4292.55 4291.46 4292.24 4300.94 4302.84 4296.6 4226.73 4092.8 4053.61 3981.87 3901.82 3832.82 3781.59 3735.04 3692.29 3617.75 3541.68 3456.13 3360.2 3325.34 3289.53 3290.92 3321.06 3329.05 3429.73 3535.2 3646.86 3798.32 3876.24 3932.65 3941.85
4080.62 4082.17 4080.5 4081.94 4083.61 4085.32 4089.27 4089.01 4089.1 4091.41 4093.31 4094.58 4096 4097.3 4097.97 4098.29 4095.49 4100.04 4102.85 4102.58 4112.01 4127.55 4141.43 4146.06 4154.87 4160.01 4163.72 4165.16 4167.98 4174.92 4184.43 4204.61 4181.68 4218.95 4244.69 4266.37 4270.5 4271.75 4271.52 4269.33 4261.21 4233.46 4130.4 4025 4036.83 4039.46 3907.82 3786.53 3702.33 3644.03 3569.53 3502.34 3430.97 3372.94 3322.31 3291.39 3266.34 3262.38 3273.57 3269.28 3304.07 3373.89 3449.92 3570.22 3721.65 3869.26 3993.63
4079.33 4077.7 4079.95 4081.22 4081.77 4081.68 4082.85 4086.23 4089.05 4091.96 4094.57 4097.12 4099.12 4100.24 4100.99 4099.44 4098.16 4098.27 4098.41 4099.83 4110.97 4120.96 4125.42 4152.89 4161.78 4165.84 4169.42 4173.08 4176.09 4181 4202.66 4256.5 4214.11 4244.68 4253.03 4242.97 4240.62 4249.57 4250.4 4242.43 4220.89 4173.94 4073.52 4003.17 3997.95 3973.88 3854.46 3723.43 3598.2 3496.09 3429.1 3400.22 3348.79 3327.85 3320.25 3295.6 3275.59 3255.54 3240.28 3223.69 3217.28 3254.38 3286 3373.87 3583.91 3741.41 3917.09
4081.93 4082.35 4081.73 4081.89 4081.11 4078.97 4078.23 4084.6 4088.97 4092.77 4096.07 4100.26 4102.54 4104.71 4104.45 4103.25 4100.39 4098.14 4093.67 4096.91 4112.99 4141.12 4178.56 4171.09 4168.43 4169.59 4175.02 4179.83 4183.7 4186.09 4183.5 4232.26 4268.66 4280.71 4267.07 4245.83 4234.02 4232.63 4231.04 4222.89 4196.67 4141.46 4053.44 3987.89 3941.08 3882.71 3777.7 3646.44 3498.52 3357.39 3339.9 3347.54 3340.59 3334.06 3328.61 3315.2 3295.92 3266.44 3232.97 3215.81 3217.57 3214.42 3220.38 3263.08 3459.76 3618.28 3798.75
4082.71 4083.57 4083.39 4082.48 4081.96 4081.25 4082.44 4086.01 4090.76 4095.36 4099.54 4103.58 4106.86 4109.45 4110.27 4110.34 4106.75 4098.57 4092.52 4087.63 4108.02 4139.55 4170.54 4167.24 4166.78 4170.47 4175.51 4182.91 4191.4 4204.78 4218.32 4223.19 4278.79 4299.84 4275.31 4245.29 4219.82 4222.25 4224.01 4212.93 4185.92 4134.66 4050.79 3983.87 3911.14 3820.9 3725.5 3589.79 3446.28 3338.82 3324.35 3333.33 3347.26 3341.08 3348.76 3353.21 3335.72 3289.34 3233.85 3217.11 3215.81 3210.04 3220.72 3232 3354.16 3514.81 3731.74
4083.12 4084.21 4083.45 4083.86 4083.8 4083.58 4085.33 4088.9 4092.87 4097.23 4101.42 4105.02 4108.79 4112.39 4114.7 4111.58 4101.9 4093.29 4092.14 4090.27 4105.36 4121.98 4125.88 4147.78 4160.05 4169.95 4178.87 4188.91 4202.76 4221.18 4245.1 4241.44 4283.22 4293.66 4276.82 4250.42 4224.43 4224.01 4217.99 4207.62 4186.76 4151.76 4038.06 4004.11 3969.93 3865.02 3713.06 3557.18 3417.95 3338.85 3327.81 3332.47 3344.44 3354.75 3378.35 3398.27 3387.9 3345.67 3267.19 3229.01 3209.87 3209.11 3221.56 3233.23 3293.01 3434.22 3642.89
4079.47 4081.66 4082.5 4082.7 4086.03 4087.67 4089.4 4092.04 4095.32 4098.72 4102.46 4106.51 4110.44 4114 4118.02 4122.61 4107.26 4095.67 4090.25 4100.03 4110.8 4118 4127.86 4142.43 4155.74 4168.37 4179.47 4190.28 4203.03 4216.31 4226.61 4243.49 4268.09 4277.94 4275.81 4266.02 4254.95 4242.33 4225.44 4206.14 4180.88 4153.58 4066.62 4034.42 4007.24 3884.36 3709.66 3533.56 3386.74 3321.39 3323.8 3332.15 3348.14 3373.44 3409.25 3452.26 3465.85 3420.61 3348.29 3253.72 3206.04 3208.95 3223.16 3231.65 3245.31 3363.25 3560.46
4076.83 4080.07 4083.09 4086.01 4088.98 4093.03 4092.98 4094.67 4097.63 4100.95 4104.47 4108.03 4110.84 4113.21 4114.56 4109.34 4097.98 4083.47 4083.93 4094.87 4105.91 4116.39 4126.27 4140.33 4153.21 4164.05 4173.96 4184.85 4198.3 4208.74 4216.02 4225.89 4248.44 4266.8 4272.87 4271.93 4270.21 4252.85 4232.93 4207.34 4167.74 4117.09 4088.56 4049.6 3997.56 3868 3692.24 3506.91 3357.18 3299.33 3309.58 3325.18 3348.39 3380.53 3421.77 3454.66 3459.83 3475.33 3407.78 3284.54 3217.53 3219.09 3227.58 3232.41 3261.31 3314.77 3495.37
4079.31 4081.56 4087.31 4091.41 4091.04 4088.31 4092.62 4096.13 4099.24 4102.5 4105.62 4109.04 4111.35 4112.55 4112.32 4107.76 4094.59 4083.14 4081.81 4093.47 4106.08 4116.99 4131.16 4145.44 4153.3 4162.72 4170.9 4180.14 4190.85 4207.72 4222.9 4232.78 4251.27 4267.63 4272.22 4267.17 4258.1 4249.95 4241.91 4224.53 4178.32 4121.03 4099.27 4052.69 3971.26 3841.63 3662.67 3480.91 3329.49 3274.96 3286.39 3303.71 3320.92 3355.68 3435.15 3512.06 3556.09 3579.04 3512.45 3334.48 3254.29 3243.74 3244.06 3245.06 3310.7 3329.16 3492.33
4079.15 4084.07 4089.71 4097.75 4093.58 4089.88 4094.25 4097.54 4100.79 4104.26 4107.06 4108.96 4109.9 4109.9 4108.04 4105.39 4095.4 4087.17 4094.29 4097.12 4107.4 4114.66 4127.52 4139.83 4152.96 4160.42 4164.74 4170.47 4177.99 4194.22 4223.26 4241.66 4264.85 4280.6 4277.9 4262.99 4244.04 4242.21 4258.37 4267.11 4244.44 4155.93 4094.65 4056.1 3994.75 3831.35 3651.07 3463.82 3311.56 3252.42 3256.65 3271.59 3279.12 3317.53 3415.04 3515.08 3542.06 3537.09 3463.59 3345.74 3283.34 3273.86 3281.8 3280.85 3316.62 3408.05 3561.73
4082.88 4085.1 4088.05 4087.89 4095.62 4101.55 4098.08 4099.78 4102.66 4105.36 4108.26 4110.42 4111.94 4110.4 4104.58 4098.59 4097.52 4094.58 4094.13 4090.94 4089.87 4109.9 4130.06 4143.01 4156.2 4159.37 4160.23 4161.29 4163.85 4173.87 4214.39 4272.15 4286.43 4300.54 4288.49 4264.84 4244.48 4247.18 4282.39 4319.57 4347.09 4227.64 4105.85 4043.42 3952.2 3815.84 3647.84 3465.92 3285.65 3230.47 3230.39 3238.64 3244.59 3283.08 3352.85 3404.04 3422.18 3383.46 3341.3 3289.97 3273.18 3286.64 3323.15 3293.01 3324.98 3481.12 3661.42
4084.03 4086.19 4087.97 4088.93 4092.08 4095.38 4098.7 4100.75 4103.55 4105.52 4108.86 4110.94 4112.84 4113.16 4111.56 4108.37 4104.19 4101.94 4096.61 4090.47 4090.24 4111.08 4138.94 4164.6 4164.6 4159.54 4158.22 4157.43 4157.24 4155.05 4201.18 4241.82 4298.82 4317.57 4294.17 4270.57 4255.03 4263.14 4299.61 4348.21 4386.58 4303.38 4173.15 4060.68 3945.51 3820.6 3674.36 3516.52 3353.31 3258.6 3229.09 3215.78 3229.18 3259.22 3316.47 3361.39 3337.46 3272.84 3248.86 3227.54 3243.01 3267.8 3272.61 3250.58 3343.7 3530.7 3766.21
