real_craters/C072-300m.grd
DSAA
188 188
-28.07 28.07
-28.07 28.07
3192.5948222375 4433.5929690882
[rows 90 to 119 of 188, columns 0 to 66 of 188]
4079.84 4081.14 4082.18 4082.73 4082.91 4083.21 4084.8 4086.02 4086.96 4087.61 4088.94 4090.6 4092.33 4094.37 4096.51 4098.47 4100.81 4103.15 4105.51 4108.05 4110.21 4112.23 4114.62 4116.83 4119.69 4122.26 4114.71 4105.2 4100.67 4092.04 4091.01 4094.45 4102.02 4108.73 4113.36 4117.84 4124.24 4130.26 4139.09 4147.81 4156.28 4163.78 4169.33 4177.03 4183.84 4189.87 4197.25 4205.34 4214.06 4222 4228.99 4238.18 4244.49 4263.01 4273 4279.16 4279.28 4274.94 4268.05 4259.14 4252.01 4246.11 4238.29 4228.92 4219.55 4207.82 4194.69
4078.72 4079.99 4081.07 4081.7 4080.92 4082.1 4085.8 4088 4089.98 4091.11 4091.63 4092.58 4094.04 4095.88 4098.13 4100.18 4102.24 4104.64 4106.45 4108.82 4110.9 4112.79 4114.72 4116.37 4118.33 4120.18 4111.66 4100.08 4088.18 4085.41 4083.97 4092.09 4102.45 4109.38 4112.62 4116.86 4122.2 4128.5 4136.69 4145.69 4153.13 4160.3 4167.05 4175.21 4181.4 4187.54 4195.09 4203.01 4209.96 4213.9 4219.32 4229.55 4244.78 4250.74 4261.38 4271.31 4274.63 4274.53 4272.17 4269.42 4268.85 4259.9 4247.2 4235 4222.46 4207.44 4189.81
4075.51 4078.21 4080.78 4082.94 4084.89 4087.23 4088.5 4089.91 4092.24 4093.69 4093.12 4093.89 4095.36 4097.14 4099.12 4101.05 4103.14 4105.28 4107.41 4109.25 4110.76 4112.21 4113.39 4114.04 4112.78 4108.17 4103.45 4094.32 4085.41 4081.89 4083.77 4088.91 4095.69 4101.51 4109.12 4115.91 4121.97 4127.52 4135.74 4145.67 4152.39 4159.08 4164.99 4170.88 4176.86 4183.35 4190.19 4197.46 4206.16 4209.96 4214.8 4221.62 4224.96 4245.73 4255.67 4265.69 4271.15 4272.64 4271.96 4270.66 4268.88 4260.44 4250.35 4239.2 4226.99 4210.3 4189.46
4074.27 4077.57 4081.68 4085.11 4088.55 4090.84 4090.91 4090.39 4089.96 4091.3 4092.92 4094.55 4096.07 4098.01 4099.89 4102.1 4104.08 4106.01 4107.58 4109.52 4110.6 4112.47 4112.9 4112.88 4110.75 4104.51 4100.01 4092.26 4084.14 4080.15 4081.29 4087.6 4093.07 4098.89 4108.59 4116.18 4123.71 4134 4144.6 4147.54 4152.78 4158.75 4164.34 4169.79 4175.53 4181.3 4187.46 4194.99 4203.67 4212.49 4218.86 4223.24 4225.46 4244.72 4257.31 4265.59 4269.62 4271.54 4269.66 4267.03 4260.87 4254.39 4249.59 4242.63 4234.27 4219.27 4196.46
4080.34 4081.14 4083.61 4087.04 4090.53 4092.62 4092.82 4090.78 4088.36 4089.67 4092.55 4095.26 4097.34 4099.52 4101.28 4103.19 4104.81 4106.52 4108.19 4110.29 4111.37 4111.97 4112.06 4111.9 4112.27 4110.1 4100.92 4092.87 4087.34 4082.82 4083.31 4090.24 4098.04 4107.38 4111.34 4116.64 4123.68 4132.27 4139.71 4146.04 4152.14 4157.77 4162.67 4168.18 4171.91 4176.64 4182.45 4190.04 4200.6 4216.3 4225.19 4230.3 4239.88 4247.29 4260.1 4269.91 4273.88 4272.98 4269.63 4263.56 4255.67 4250.3 4247.23 4248 4245.32 4236.13 4216.98
4079.39 4082.04 4084.95 4088.33 4092.47 4096.8 4095.3 4092.27 4089.48 4090.98 4093.65 4096.3 4098.14 4100.03 4101.7 4104.01 4106.08 4107.4 4108.75 4109.74 4110.34 4110.37 4109.98 4109.19 4108.85 4107.21 4100.08 4093.66 4088.62 4091.13 4093.36 4093.98 4099.49 4107.77 4109.76 4114.75 4122.04 4129.08 4132.37 4145.48 4152.37 4157.43 4160.73 4164.04 4166.95 4170.32 4175.12 4181.34 4190.89 4208.92 4223.25 4234.91 4240.64 4254.45 4271.44 4278.6 4279.19 4275.83 4268.55 4257 4246.87 4238.93 4244.68 4253.84 4260.55 4261.88 4253.42
4080.39 4082.9 4085.44 4088.18 4091.21 4094.22 4094.4 4094.86 4092.76 4094.8 4095.88 4097.67 4099.5 4101.27 4103.03 4104.72 4106.2 4107.68 4108.54 4109.42 4109.94 4109.87 4108.98 4106.21 4101.35 4099.02 4098.13 4095.07 4093.32 4095.25 4095.16 4093.99 4094.35 4095.79 4101.67 4111.27 4121.65 4133.48 4151.43 4150.56 4154.05 4158.08 4160.67 4162.64 4164.12 4165.98 4167.78 4171.43 4176.47 4180.39 4213.9 4244.82 4256.52 4261.17 4282.63 4290.26 4287.71 4280.62 4269.54 4255.92 4243.31 4234.74 4245.85 4263.31 4279.32 4293.98 4301.06
4082.87 4084.04 4085.71 4087.38 4088.33 4087.75 4091.44 4097.89 4105.67 4099.32 4098.33 4099.19 4100.52 4102.15 4103.91 4105.68 4106.92 4108.87 4110.18 4111.78 4112.16 4111.62 4110.03 4106.32 4101.08 4099.17 4099.2 4097.45 4095.53 4093.92 4094.15 4092.25 4089.94 4088.53 4096.31 4108.88 4121.66 4133.01 4137.19 4149.09 4156.39 4158.96 4159.59 4159.98 4160.05 4160.6 4161.86 4163.12 4168.06 4186.32 4210.58 4249.16 4267.37 4274.48 4302.61 4303.15 4296.83 4287.03 4272.54 4258.51 4246.23 4240.49 4252.06 4274.12 4298.27 4321.49 4342.47
4083.28 4084.79 4086.2 4087.31 4087.9 4088.13 4090.56 4093.45 4095.12 4098.11 4098.95 4099.79 4101.57 4102.43 4104.8 4106.68 4108.36 4110.12 4111.91 4111.9 4113.59 4112.83 4112.08 4110.08 4107.84 4105.32 4103.43 4101.34 4099.55 4098.51 4095.58 4092.16 4089.26 4088.92 4095.7 4109.12 4124.13 4137.95 4147.69 4158 4161.36 4160.88 4159.16 4158.1 4157.38 4157.17 4157.45 4157.11 4157.29 4164.51 4201.17 4233.14 4250.69 4277.5 4306.24 4313.32 4304.25 4290.84 4275.48 4262.24 4252.34 4248.72 4261.04 4284.52 4311.94 4339.91 4366.63
4084.45 4085.78 4087.13 4088.24 4089.07 4089.89 4091.14 4092.81 4094.57 4096.2 4097.73 4099.31 4100.69 4102.25 4104.06 4105.83 4107.6 4108.44 4110.08 4111.67 4112.98 4114.2 4114.84 4114.5 4113.41 4111.47 4108.74 4105.8 4104.28 4104.22 4097.9 4093.67 4091.05 4089.97 4096.34 4112.19 4129.26 4147.58 4170.39 4175.86 4166.96 4162 4158.81 4157.11 4156.81 4156.74 4157.43 4158.22 4159.12 4166.51 4198.95 4229.41 4254.52 4288.25 4327.13 4321.28 4305.41 4290.66 4276.71 4267.26 4259.02 4259.12 4268.34 4287.93 4317.12 4345.62 4373.07
4085.3 4086.94 4088.49 4089.79 4090.91 4091.67 4091.63 4090.8 4092.42 4094.77 4096.88 4098.66 4100.27 4101.88 4103.43 4105.13 4106.29 4108.04 4109.95 4111.77 4113.64 4115.32 4117.69 4120.06 4120.46 4117.79 4113.63 4109.42 4105.23 4102.55 4098.69 4096.42 4096.03 4096.81 4103.4 4118.72 4134.06 4150.28 4168.31 4172.08 4163.08 4157.97 4154.96 4153.46 4153.59 4154.35 4156.65 4162.9 4174.84 4187.32 4201.48 4236.17 4269.19 4293.51 4319.02 4311.25 4298.08 4286.17 4276.4 4266.78 4260.22 4258.74 4267.23 4290.13 4315.06 4340.01 4362.93
4086.99 4088.39 4089.97 4091.62 4093.26 4094.62 4094.51 4093.12 4093.04 4094.43 4096.42 4098.04 4099.29 4100.99 4102.61 4104.61 4107.43 4109.25 4111.06 4112.99 4114.64 4116.83 4119.59 4124.09 4127.61 4123.02 4118.37 4113.75 4105.4 4098.9 4098.91 4100.23 4104.51 4110.14 4117.76 4128.15 4138.05 4145.25 4148.89 4146.58 4151.15 4151.07 4150.32 4149.87 4148.91 4150.56 4154.3 4162.55 4174.17 4183.54 4190.8 4206.17 4252.52 4275.15 4281.04 4281.74 4281.4 4277.12 4271.91 4266.14 4262.17 4261.65 4269.77 4287.85 4308.36 4328.06 4343.89
4088.96 4089.89 4091.28 4093.04 4095.19 4098.24 4101.39 4094.48 4094.71 4095.42 4096.91 4098.45 4100.75 4102.31 4103.96 4105.65 4107.03 4108.92 4110.61 4112.86 4114.82 4116.71 4118.54 4121.69 4125.2 4123.7 4122.48 4121.25 4118.5 4103.45 4096.73 4105.87 4115.22 4125.42 4136.58 4139.71 4142.06 4143.02 4140.82 4139.15 4142.46 4145.27 4146.02 4146.6 4147.4 4148.81 4151.54 4155.57 4163.56 4169.65 4178.48 4200.82 4242.68 4256.55 4254.58 4257.57 4266.76 4269.45 4268.02 4265.32 4263.07 4264.27 4271.02 4282.56 4298.66 4314.19 4326.53
4090.45 4090.73 4092.1 4093.92 4095.8 4097.57 4097.06 4099.11 4096.74 4096.77 4098.13 4099.48 4101 4102.43 4104.05 4105.74 4108.19 4110.06 4111.28 4113.24 4115.2 4117 4117.24 4115.47 4116.73 4122.5 4125.65 4128.48 4130.44 4117.31 4108.23 4116.35 4127.49 4137.8 4144.99 4147.35 4147.82 4144.61 4140.58 4138.84 4138.36 4140.53 4143.23 4143.74 4144.57 4145.28 4147.63 4149.4 4144.25 4154.12 4165.52 4191.41 4229.99 4246.73 4249.57 4252.91 4261.18 4265.37 4265.4 4263.88 4262.1 4260.65 4261.31 4274.23 4287.75 4300.32 4312.06
4089.71 4091.28 4092.74 4094.33 4095.86 4097.08 4097.57 4096.1 4096.88 4097.03 4097.94 4099.53 4100.37 4102.59 4103.87 4105.64 4106.87 4108.84 4110.56 4112.67 4115.28 4118.08 4119.15 4117.67 4118.96 4123.97 4127.59 4131.95 4137.31 4128.09 4121.46 4130.87 4142.07 4150.98 4154.48 4158.56 4155.52 4148.86 4141.31 4133.96 4135.99 4139.46 4140.2 4140.33 4140.34 4141.27 4144.04 4149.51 4160.74 4154.37 4156.28 4183.97 4227.42 4246.59 4254.15 4257.95 4263.56 4264.47 4264.73 4263.7 4262.15 4260.22 4259.56 4268.65 4277.34 4285.45 4293.37
4088.92 4091.93 4093.92 4095.42 4096.55 4097.18 4098.2 4097.69 4097.32 4097.59 4098.9 4100.29 4101.2 4102.38 4103.99 4104.85 4106.82 4108.69 4109.98 4112.63 4115.85 4119.87 4125.27 4129.16 4128.59 4127.7 4128.22 4130.62 4134.28 4135.34 4134.94 4149.22 4158 4167.09 4180.26 4177.38 4163.15 4153.62 4146.11 4136.84 4140.5 4141.61 4140.48 4137.36 4135.67 4135.94 4137.95 4143.97 4157.06 4154.09 4160.11 4197.4 4238.82 4251.98 4263.14 4274.94 4267.28 4263.48 4262.11 4261.26 4261.25 4262.53 4265.48 4266.19 4267.51 4270.42 4275.26
4091.49 4093.42 4094.92 4096.02 4096.59 4096.81 4097.04 4097.43 4097.61 4098.09 4099.15 4100.53 4102.04 4103.52 4105.01 4104.85 4106.46 4107.49 4109.54 4111.85 4115.08 4119.91 4128.15 4138.56 4134.56 4128.88 4126.8 4127.72 4130.49 4150.4 4171.64 4171.73 4170.15 4171.53 4176.64 4170.11 4160.61 4156.09 4155.28 4157.25 4157.06 4149.03 4142.44 4136.96 4133.34 4131.51 4131.11 4130.39 4128.19 4148.02 4170.15 4208.39 4238.36 4250.62 4258.79 4265.86 4261.5 4260.7 4260.59 4260.83 4260.77 4260.59 4261.61 4258.79 4256.77 4254.38 4254.26
4095.6 4096.37 4097.15 4097.63 4097.64 4096.99 4095.41 4096.5 4097.55 4098.36 4099.14 4100.5 4101.61 4102.53 4103.98 4104.33 4105.48 4106.67 4108.46 4110.38 4113.11 4116.12 4121.91 4129.15 4127.84 4125.09 4123.5 4125.07 4136.93 4160.19 4192.1 4183.88 4173.11 4164.57 4153.28 4145.9 4149.92 4153.77 4159.91 4174.81 4171.55 4151.7 4141.11 4133.92 4128.81 4125.34 4124.23 4128.05 4137.02 4143.62 4165.89 4204.25 4232.5 4245.13 4248.12 4242.15 4250.07 4256.23 4259.39 4260.69 4260.93 4259.21 4253.67 4251.54 4250.05 4243.2 4233.66
4099.3 4099.1 4099.36 4099.49 4099.16 4098.41 4098.06 4097.5 4098.17 4099.22 4099.75 4100.71 4101.47 4102.35 4102.97 4103.34 4104.57 4105.99 4106.97 4108.74 4109.97 4110.77 4110.45 4109.9 4116.22 4119.17 4120.05 4119.99 4126.05 4153.37 4173.44 4174.94 4167.43 4157.17 4144.2 4136.06 4142.56 4148.4 4152.66 4154.51 4148.51 4143.01 4137.01 4130.74 4125.02 4120.18 4117.55 4118.2 4126.52 4141.34 4154.99 4201.06 4231.31 4242.69 4245.07 4243.41 4249.16 4255.41 4259.98 4262.89 4263.5 4262.39 4260.65 4257.8 4252.37 4242.91 4229.78
4101.58 4101.34 4101.65 4101.87 4101.47 4099.93 4098.68 4097.74 4099.1 4100.65 4101.1 4101.56 4102.04 4102.55 4103.63 4104.24 4105.05 4106.48 4106.83 4107.46 4107.39 4106.68 4104.45 4103.69 4110.71 4116.42 4120.32 4123.46 4131.25 4146.2 4155.96 4160.98 4159.54 4153.02 4144.84 4140.42 4142.83 4145.2 4144.28 4136.94 4127.62 4134.24 4133.3 4128.67 4122.56 4116.55 4112.52 4112.75 4125.39 4151.19 4185.4 4226.55 4239.23 4244.43 4246.84 4249.94 4253.04 4257.58 4262.62 4265.88 4266.81 4267.94 4269.96 4268.97 4260.63 4252.54 4244.84
4101.7 4102.3 4103.29 4104.54 4105.12 4103.28 4099.25 4099.74 4101.74 4103.15 4103.76 4104.25 4104.6 4104.91 4105.74 4106.2 4106.25 4106.44 4106.48 4106.52 4106.02 4105.01 4104.01 4105.53 4110.86 4117.51 4124.4 4130.9 4137.56 4145.24 4152.07 4155.23 4154.02 4151.3 4148.39 4147.19 4146.82 4146.75 4144.69 4140.79 4137.57 4137.84 4135.42 4130.07 4122.98 4115.84 4110.45 4110.59 4127.61 4157.53 4197.91 4230.09 4240.15 4244.63 4247.52 4247.7 4252.22 4261.95 4268.08 4271.42 4273.03 4272.3 4273.43 4273.21 4265.38 4262.95 4261.04
4101.07 4102.92 4104.93 4107.43 4110.43 4113.45 4111.43 4107.78 4106.81 4106.61 4106.5 4106.46 4106.53 4106.54 4107.01 4107.19 4107.45 4108.08 4107.84 4107.41 4106.9 4105.63 4104.4 4106.65 4112.7 4120.08 4129.04 4139.64 4143.99 4145.3 4147 4148.09 4149.73 4149.92 4150.14 4150.43 4151.46 4151.01 4150.53 4151.38 4155.08 4147.32 4141.59 4133.95 4125.09 4116.68 4110.56 4112.32 4130.59 4158.58 4185.38 4214.75 4231.34 4241.1 4248.55 4254.71 4261.76 4269.84 4275.07 4277.61 4278.31 4275.51 4269.7 4260.87 4261.81 4265.22 4272.58
4100.35 4102.62 4105.02 4108.29 4113.23 4121.98 4124.46 4116.6 4112.63 4109.75 4108.35 4107.54 4107.27 4108.03 4107.87 4108.69 4108.98 4109.11 4109.17 4109.05 4108.82 4108.33 4107.48 4109.75 4115.2 4121.7 4129.96 4140.37 4143.15 4143.23 4143.53 4143.75 4146.57 4147.63 4150.32 4156.04 4156.06 4154.42 4156.35 4159.53 4152.41 4157.14 4150.7 4140.09 4129.34 4119.75 4113 4108.54 4132.5 4163.51 4192.97 4208.21 4221.16 4234.93 4248.58 4261.61 4272.92 4279.41 4282.16 4283.05 4282.3 4279.72 4273.32 4262.03 4263.73 4258.36 4249.77
4099.74 4101.92 4103.96 4106.64 4109.63 4113 4117.34 4118.65 4116.14 4111.41 4109.33 4108.4 4108.23 4108.43 4109.29 4110.5 4110.94 4111.33 4111.17 4111.32 4111.81 4112.98 4115.34 4116.2 4117.88 4121.56 4126.28 4131.12 4135.63 4138.41 4142.15 4150.4 4142.96 4142.67 4144.52 4148.5 4149.37 4152.26 4159.86 4171.07 4185.59 4178.04 4159.93 4144.26 4132.23 4123.95 4119.72 4122.87 4134.35 4154.91 4172.98 4188.94 4206.28 4225.46 4245.31 4265.51 4283.62 4286.46 4286.77 4287.44 4287.22 4286.71 4285.46 4287.23 4276.48 4263.57 4256.58
4098.74 4100.67 4102.87 4104.52 4105.28 4103.98 4107.29 4112.22 4111.69 4109.34 4108.91 4108.86 4109.29 4109.95 4110.11 4110.8 4111.51 4112.22 4113.63 4114.06 4114.58 4115.85 4119.47 4119.07 4118.83 4120.56 4122.13 4121.84 4128.39 4131.93 4132.82 4125.88 4134.36 4136.33 4135.41 4131.48 4132.96 4145.2 4158.02 4173.04 4193.29 4183.28 4159.43 4143.87 4133.07 4125.83 4123.18 4124.92 4129.58 4140.4 4143.1 4160.93 4187.95 4213.12 4237.36 4260.53 4282.01 4285.68 4286.87 4288.88 4290.66 4291.79 4292.6 4291.36 4278.1 4265.14 4262.9
4098.3 4100.04 4101.67 4102.69 4103.29 4103.89 4104.06 4103.4 4103.07 4105.75 4107.46 4108.59 4109.58 4110.67 4111.51 4112.4 4113.29 4114.12 4114.83 4115.69 4116.15 4115.76 4115.36 4117.48 4118.63 4119.73 4121.33 4123.2 4125.45 4127.7 4128.95 4132.02 4132.8 4133.85 4131.91 4125.24 4124.85 4141.22 4152.97 4159.94 4159.16 4151.34 4146.19 4137.73 4130.03 4124.55 4122.11 4121.07 4120.66 4118.04 4121.32 4143.38 4173.44 4200.93 4225.68 4248.22 4266.33 4276.25 4282.56 4287.17 4291 4294.51 4296.65 4292.19 4279.85 4253.94 4246.48
4097.97 4099.43 4100.63 4101.51 4102.14 4102.34 4101.96 4101.25 4101.46 4104.06 4106.62 4108.5 4110.04 4111.24 4112.42 4113.74 4114.76 4115.74 4116.77 4118.11 4119.13 4118.71 4115.86 4117.92 4118.36 4118.46 4120.35 4124.15 4123.75 4125.74 4128.32 4130.92 4133.94 4136.3 4137.73 4137.19 4139.15 4148.27 4151.22 4148.84 4139.83 4132.09 4133.84 4130.46 4125.52 4121.15 4119.76 4118.37 4116.17 4117.83 4124.42 4140.73 4165.13 4190.96 4215.23 4236.08 4250.35 4264.18 4275.4 4282.4 4288.17 4293.85 4300.37 4308.77 4303.58 4269.17 4249.26
4097.81 4099.21 4100.27 4100.9 4101.29 4102.02 4101.75 4101.54 4102.02 4104.38 4106.99 4109.05 4110.68 4112.1 4113.33 4114.42 4115.37 4116.7 4118.52 4120.41 4122.71 4125.61 4126.75 4121.77 4118.39 4115.94 4114.67 4116.12 4120.78 4124.68 4128.27 4132.55 4136.48 4141.04 4147.95 4157.97 4169.35 4162.41 4153.1 4144.88 4137.52 4134.27 4128.57 4125.11 4120.92 4116.1 4112.22 4111.74 4113.16 4115.88 4123.02 4139.69 4160.7 4183.63 4206.49 4227.4 4244.1 4259.36 4268.55 4275.14 4282.16 4289.17 4296.18 4303.21 4304.26 4305.6 4290.74
4098.33 4099.65 4100.75 4101.44 4100.36 4099.98 4102.68 4103.46 4103.61 4106.53 4108.73 4110.48 4111.82 4112.77 4113.89 4114.71 4116.4 4117.79 4119.48 4121.6 4124.12 4127.64 4128.32 4122.86 4118 4114.1 4111.33 4113.34 4119.67 4125.24 4129.29 4132.19 4136.67 4144.89 4154.76 4166.8 4178.58 4165.55 4151.68 4141.72 4133.99 4127.92 4124.49 4122.05 4118.58 4113.77 4108.45 4109.29 4113.27 4117.21 4122.82 4140.69 4160.32 4179.91 4199.2 4218.98 4242.46 4257.32 4257.72 4263.52 4271.4 4279.05 4284.86 4284.31 4276.53 4277.75 4276
4099.89 4101.08 4102.16 4103.6 4107.26 4107.18 4106.25 4107.27 4108.76 4110.68 4111.56 4111.94 4112.67 4113.87 4114.89 4115.58 4117.46 4118.86 4120.55 4122.23 4124.08 4125.17 4124.48 4121.66 4117.43 4113.56 4111.25 4114.73 4122.1 4129.23 4134.13 4134.18 4136.14 4150.2 4157.64 4160.77 4157.96 4151.24 4144.23 4137 4129.91 4121.39 4122.9 4122.15 4120.7 4117.21 4111.47 4113.71 4116.67 4123.76 4133.79 4147.37 4162.6 4178.51 4193.92 4207.52 4218.95 4227.42 4238.73 4249.74 4259.76 4268.69 4274.98 4279.08 4282.13 4270.81 4248.29
