real_craters/C072-1000m.grd
DSAA
33 33
-16.04 16.04
-16.04 16.04
2889.2919855645 4123.8665114581
3917.06 3871.23 3889.75 3893.04 3893.64 3895.35 3883.6 3870.21 3872.02 3870.14 3870.73 3868.76 3867.17 3859.92 3862.44 3860.73 3862.94 3863.8 3866 3859.62 3859.86 3854.69 3871.27 3879.77 3875.06 3860.91 3855.82 3864.27 3871.07 3868.29 3873.73 3885.9 3877.85 
3916.57 3879.89 3877.19 3879.52 3884.2 3877.02 3880.39 3884.7 3877.63 3865.13 3859.66 3861.61 3863.62 3862.96 3857.66 3861.8 3864.14 3864.15 3862.71 3865.51 3871.79 3884.57 3874.11 3871.94 3862.23 3853.82 3850.11 3860.87 3860.62 3868.91 3887.06 3894.23 3897.47 
3915.78 3876.71 3873.32 3881.12 3884.43 3881.63 3873.93 3870.29 3872.65 3872.39 3875.16 3858.23 3871.52 3882.49 3873.6 3877.64 3878.28 3874.84 3886.54 3903.62 3902.91 3910.56 3899.58 3891.6 3872.46 3850.11 3847.58 3852.81 3854.51 3865.39 3888.99 3898.91 3908.42 
3912.75 3910.45 3910.93 3906.58 3894.32 3882.87 3874.04 3867.5 3864.81 3867.52 3870.93 3867.11 3888.55 3911.42 3910.44 3906.79 3909.68 3919.86 3931.01 3914.93 3903.96 3903.54 3895.04 3897.26 3886.19 3853.09 3846.79 3848.82 3850.2 3858.05 3875.66 3879.66 3873.63 
3905.97 3915.42 3918.71 3923.49 3908.51 3893.3 3880.41 3870.33 3856.73 3861.39 3866.53 3878.44 3907.91 3936 3943.82 3927.27 3925.63 3928.3 3933.72 3905.47 3894.75 3893.69 3878.27 3887.65 3874.43 3854.13 3848.01 3851.44 3850.2 3853.82 3857.24 3863.13 3852.24 
3907.43 3916.95 3925.54 3932.25 3913.76 3899.71 3891.68 3888.49 3888.43 3874.84 3892.4 3914.93 3918.68 3928.72 3934.44 3923.04 3914.86 3910.65 3901.38 3891.53 3897.38 3893.18 3881.52 3881.13 3868.84 3856.56 3862.96 3852.46 3853.2 3856.8 3857.13 3840.59 3841.93 
3900.45 3911.01 3909.83 3921.85 3901.54 3900.66 3890.41 3903.45 3914.76 3918.66 3942.13 3936.18 3921.34 3905.46 3909.25 3900.96 3882.38 3882.46 3887.46 3896.04 3891.14 3882.93 3888.17 3887.34 3880.03 3856.81 3865.96 3854.84 3857.01 3861.28 3858.02 3847.81 3841.99 
3910.35 3917.72 3894.99 3877.35 3881 3905.98 3941.36 3913.08 3898.37 3913 3920.31 3925.04 3919.36 3909.58 3899.09 3886.95 3876.43 3876.11 3880.01 3880.27 3881.06 3878.6 3880.01 3868.02 3857.66 3865.17 3868.42 3865.48 3858.45 3860.6 3861.99 3853.61 3854.22 
3932.51 3945.11 3924.65 3911.57 3901.22 3914.75 3925.01 3917.01 3897.34 3903.48 3897.47 3907.87 3911.62 3920.22 3900.55 3888.63 3876 3899.63 3904.02 3895.23 3888.55 3876.41 3878.33 3862.21 3861.88 3874.62 3866.59 3851.94 3852.59 3859.55 3858.42 3851.86 3855.9 
3913.51 3942.7 3953.27 3939.68 3915.7 3928.31 3933.26 3924.84 3905.6 3883.67 3891.91 3891.84 3900.22 3903.9 3918.79 3935.67 3942.47 3964.65 3947.17 3917.97 3892.43 3871.28 3878.04 3867.88 3867.3 3880.45 3871.45 3848.03 3844.11 3844.26 3849.81 3857.66 3851.79 
3901.94 3915.24 3917.03 3943.46 3948.48 3953.13 3954.31 3933.39 3920.06 3907.35 3898.07 3897.53 3928.47 3947.61 3965.27 4072.24 4123.87 4093.5 4017.47 3944.74 3902.93 3903.73 3886.7 3886.55 3882.92 3874.06 3865.33 3848.31 3840.91 3840.79 3848.37 3851.71 3846.02 
3861.78 3889.99 3914.7 3936.4 3964.14 3949.61 3936.11 3924.99 3919.58 3907.33 3881.91 3909.02 3978.21 3887.91 3801.63 3766.28 3774.14 3848.65 3911.68 3973.81 3961.95 3923.43 3893.95 3893.65 3876.4 3875.45 3868.25 3849.52 3843.36 3850.07 3859.12 3843.2 3834.63 
3865.64 3873.56 3876.53 3910.09 3957.94 3936.29 3922.1 3907.94 3890.55 3911.3 3907.87 4006.95 3843.39 3619.29 3489.07 3369.05 3386.03 3471.35 3666.58 3908.69 4078.61 3966.77 3903.4 3913.14 3885.25 3882.52 3874.67 3866.96 3858.32 3847.06 3853.79 3840.15 3838.78 
3850.66 3858.67 3889.27 3906.64 3940.67 3948.39 3924.03 3906.11 3901.59 3906.23 3933.81 4029.51 3706.63 3412.54 3232.89 3073.53 3076.28 3173.77 3407.9 3644.34 3931.22 4028.05 3912.69 3912.45 3884.77 3867.8 3874.39 3868.47 3853.94 3839.39 3839.12 3837.57 3841 
3849.55 3857.44 3890.35 3915.56 3911.78 3921.01 3916.51 3903.36 3899.56 3922.07 3956.07 3928.58 3563.25 3270.85 3064.46 2889.29 2899.44 3011.81 3213.99 3410.87 3691.8 3954.1 3925.67 3901.29 3884.61 3872.62 3872.61 3862.75 3847.93 3839.13 3830.26 3833.54 3843.25 
3850.46 3855.61 3880.97 3915.31 3922.66 3915.43 3908.74 3904.39 3902.54 3905.93 3947.29 3828.23 3398.79 3158.02 3018.1 2911.93 2954.15 3017.05 3135.39 3296.29 3567.26 3922.06 3946.56 3923.42 3894.19 3865.84 3864.4 3862.28 3863.28 3852.85 3833.01 3835.81 3836.39 
3853.69 3848.12 3877.25 3912.48 3918.2 3913.81 3905.6 3908.12 3906.32 3913.78 3994.65 3890.83 3396.49 3131.74 3035.18 3059.49 3083.89 3029.53 3112.56 3257.05 3551.61 3970.74 3956.27 3903.35 3889.52 3860.42 3864.73 3859.15 3852.08 3851.19 3834.05 3832.49 3824.62 
3854.29 3853.33 3886.3 3933.38 3915.65 3905.33 3900.79 3890.26 3889.17 3908.02 4010.41 3982.01 3479.16 3174.81 3025.99 2951.75 2953.02 2991.73 3136.95 3315.06 3663.22 4081.71 3972.22 3880.39 3878.03 3864.3 3852.74 3849.97 3848.08 3845.6 3840.91 3833.65 3820.98 
3858.93 3853.23 3886.97 3920.45 3913.06 3908.28 3903.46 3897.83 3880.41 3893.81 3975.28 4065.63 3595.39 3303.44 3108.23 2972.07 2974.56 3084.57 3274.35 3519.84 3894.47 4100.92 3951.66 3872.03 3871.18 3873.9 3854.9 3842.64 3834.44 3834.29 3836.5 3830.26 3820.21 
3876.5 3865.51 3879.4 3907.46 3908.52 3925.4 3911.57 3886.3 3870.96 3871.36 3909.76 4013.49 3861.45 3613.81 3408.71 3265.21 3239.55 3359.31 3533.14 3752.92 4060.41 3977.87 3904.15 3868.27 3867.58 3870.51 3857.71 3844.5 3833.8 3831.58 3838.39 3833.66 3821.32 
3844.08 3847.74 3845.7 3856.21 3899.35 3938.49 3916.13 3897.56 3873.42 3865.58 3877.8 3906.61 4040.99 4026.08 3811.87 3693.06 3661.46 3744.23 3875.51 3997.4 4008.5 3919.8 3877.26 3860.81 3857.87 3862.31 3850.85 3851.78 3847.08 3842.06 3833.53 3822.68 3815.61 
3841.43 3842.2 3839.63 3847.08 3902.56 3909.81 3901.01 3884.24 3875.54 3865.6 3864.98 3868.25 3899.79 3945.48 4021.14 4005.95 4076.11 3990.4 4013.73 3997.16 3913.48 3872.79 3855.16 3848.12 3852.21 3846.34 3846.35 3860.06 3856.78 3844.18 3824.77 3807.71 3804.89 
3837.83 3840.75 3843.6 3850.12 3878.43 3892.14 3889.91 3880.78 3865.52 3857.36 3857.64 3876.64 3872.18 3884.74 3896.06 3945.51 3946.96 3949.39 3940.68 3897.58 3865.21 3854.89 3848.27 3847.74 3852.32 3841.97 3841.34 3860.76 3870.43 3855.38 3833.63 3810.95 3806.54 
3839.46 3839.77 3837.35 3841.64 3851.24 3873.81 3889.29 3886.07 3857.14 3851.48 3848.52 3845.21 3848.71 3865.41 3878.37 3901.41 3905.35 3881.34 3866.39 3853.61 3851.21 3854.4 3855.97 3845.86 3842.12 3846.72 3853.48 3866.39 3870.15 3861.73 3838.84 3815.62 3814.13 
3837.51 3843.32 3848.62 3840.38 3846.31 3862.06 3887.58 3887.9 3864.1 3858.27 3853.83 3845.03 3846.64 3852.18 3857.26 3858.06 3858.49 3854.8 3847.05 3851.23 3853.11 3852.68 3853.77 3834.65 3840.16 3852.26 3851.48 3837.3 3854.35 3857.74 3853.76 3842.52 3836.06 
3854.23 3843.91 3833.01 3832.86 3828.87 3844.97 3878.12 3881.66 3876.93 3867.78 3868.87 3858.65 3848.31 3843.42 3842.32 3835.59 3844.64 3857.09 3852.13 3844.12 3850.22 3850.38 3854.55 3846.97 3852.95 3867.73 3877.04 3857.86 3852.42 3851.98 3844.13 3851.74 3842.43 
3852.57 3841.39 3829.65 3826.29 3819.28 3830.21 3847.97 3864.73 3864.58 3866.54 3863.59 3860.92 3856.7 3836.99 3840.73 3834.43 3844.93 3858.05 3864.43 3858.58 3854.33 3853.83 3863.33 3860.26 3856.51 3870.75 3878.2 3877.35 3857.41 3843.1 3831.21 3826.15 3823.62 
3846.12 3843.94 3832.4 3827.65 3828.25 3827.64 3833.37 3858.24 3869.15 3860.37 3853.95 3853.28 3859.1 3851.66 3848.42 3839.77 3853.69 3888.31 3876.62 3865.77 3856.66 3852.36 3852.37 3845.72 3852.35 3857.76 3860.88 3853.2 3842.56 3828.28 3816.27 3810.64 3812.88 
3830.76 3856.23 3850.68 3824.8 3820.36 3821.13 3822.54 3838.43 3851.61 3849.86 3837.5 3835.04 3844.87 3842.58 3867.13 3830.1 3853.97 3873.23 3878.33 3862.89 3853.78 3846.66 3836.27 3833.29 3845.85 3863.76 3849.25 3842.12 3831.73 3821.1 3818.59 3818.81 3822.09 
3823.23 3861.81 3857.66 3824.54 3815.7 3813.62 3812.4 3821.96 3838.7 3844.8 3843.28 3840.08 3843.36 3848.16 3852.15 3848.14 3856.9 3873.2 3868.21 3853.94 3848.19 3843.84 3842.95 3842.18 3845.25 3848.76 3842.63 3845.26 3833.08 3811.41 3799.96 3807.05 3813.61 
3855.3 3860.96 3852.98 3832.47 3818.71 3811.61 3807.29 3823.23 3839.32 3840.8 3841.32 3838.05 3834.72 3850.44 3856.39 3860.25 3851.02 3845.7 3849.24 3844.44 3838.63 3836.55 3838.71 3841.01 3844.17 3834.93 3835.85 3821.38 3807.67 3801.18 3797.4 3803.27 3801.68 
3845.32 3842.98 3848.86 3828.77 3837.55 3848.85 3815.73 3829.93 3835.44 3832.91 3831.51 3820.13 3820.07 3832.89 3841.5 3851.71 3839.96 3829.02 3820.54 3828.34 3833.21 3833.13 3830.16 3833.22 3817.43 3824.99 3833.69 3818.16 3805.83 3799.62 3803.39 3808.74 3805.62 
3850.65 3858.47 3868.73 3867.68 3851.18 3846.52 3836.11 3817.83 3823.82 3822.02 3813.99 3809.27 3809.87 3813.07 3822.49 3835.23 3826.47 3812.43 3815.81 3818.91 3827.19 3832.61 3832.34 3822.5 3829.87 3822.86 3818.75 3805.71 3803.65 3802.82 3799.51 3818.65 3809.39 
