real_craters/C072-500m.grd
DSAA
113 113
-28.07 28.07
-28.07 28.07
3193.6226518426 4421.3217466154
[rows 0 to 29 of 113, columns 0 to 66 of 113]
4056.27 4061.19 4068.4 4072.38 4067.8 4066.45 4068.77 4077.12 4077.13 4079.06 4081.19 4075.44 4071.83 4069.54 4066.27 4065.36 4064.33 4064.74 4065.24 4064.6 4063.05 4063.21 4063.33 4060.58 4057.77 4058.72 4060.51 4060.71 4060.33 4059.76 4060.64 4062.01 4063.1 4063.79 4064.41 4065.27 4066.74 4068.41 4079.29 4085.25 4080.77 4081.28 4080.91 4081.34 4082.1 4082.29 4082.29 4081.2 4078.77 4068.49 4075.72 4078.82 4077.97 4073 4061.94 4044.78 4056.07 4076.42 4065.35 4053.52 4065.71 4064.61 4062.04 4065.34 4062.73 4065.58 4064.06
4058.77 4061.45 4066.36 4070 4067.52 4065.9 4066.57 4068.64 4073.07 4077.38 4077.76 4075.36 4075.65 4073.82 4071.74 4070.54 4069.28 4068.67 4067.58 4066.97 4066.17 4065.04 4063.6 4063.02 4060.26 4059.36 4063.48 4063.52 4062.5 4061.06 4062.75 4064.02 4064.49 4064.1 4064 4064.99 4066.61 4070.18 4073.59 4071.21 4075.42 4078.07 4078.9 4081.07 4082.73 4083.9 4083.55 4084.42 4085.25 4085.78 4083.78 4086.27 4083.11 4076.24 4067.55 4062.08 4075 4065.1 4063 4069.62 4067.71 4065.22 4065.02 4065.07 4064.05 4069.91 4072.04
4058.47 4058.38 4057.23 4058.64 4061.64 4061.96 4061.26 4059.93 4063.33 4063.93 4063.19 4069.78 4076.33 4080.16 4075.22 4073.49 4072.62 4072 4070.91 4069.93 4068.58 4067.17 4066.55 4067.05 4071.11 4077.24 4069.36 4067.21 4066.62 4065.42 4067.81 4068.98 4068.27 4067.16 4066.33 4065.81 4066.56 4070.37 4073.33 4073.32 4074.19 4076.48 4079.59 4081.91 4084.08 4085.83 4086.12 4087.24 4089.24 4090.99 4090.06 4088.46 4085.2 4079.17 4075.32 4079.07 4078.44 4074.18 4069.56 4064.62 4067.95 4066.83 4065.06 4065.37 4069.09 4083.54 4080.48
4057.7 4056.88 4054.57 4055.17 4057.46 4058.26 4058.38 4058.29 4058.75 4059.07 4060.16 4064.71 4066.71 4066.85 4073.65 4076.31 4077.18 4075.17 4073.61 4072.74 4071.48 4070.33 4069.92 4069.01 4069.56 4075.05 4068.78 4068.36 4071.02 4078.3 4077.38 4073.66 4072.52 4072.08 4070.21 4068.27 4068.04 4076.99 4083.58 4074.87 4073.96 4077.04 4080.45 4083.85 4087.11 4088.2 4088.32 4087.63 4087.71 4090.24 4092.71 4094.74 4087.15 4079.76 4074.57 4071.76 4071.46 4078.45 4081.74 4077.18 4073.24 4073.3 4069.46 4070.91 4078.58 4095.27 4097.87
4058.32 4058.05 4056.25 4055.8 4055.62 4055.5 4055.74 4056.92 4056.67 4057.4 4059.1 4062.68 4067.69 4070.25 4071.65 4075.66 4077.81 4075.78 4074.4 4073.92 4073.69 4072.34 4070.49 4068.87 4065.4 4057.29 4061.65 4066.51 4071.15 4074.96 4075.1 4075.47 4074.94 4074.05 4073.51 4072.17 4070.08 4083.23 4096.21 4074.83 4072.98 4076.13 4080.85 4085.51 4089.63 4091.53 4091.99 4088.5 4087.75 4089.22 4089.92 4091.95 4084.92 4077.93 4071.03 4063.88 4064.75 4072.35 4082.55 4084.36 4077.92 4081.03 4085.75 4082.76 4080.54 4079.29 4073.99
4060.21 4060.42 4062.68 4058.1 4055.32 4053.59 4052.21 4051.89 4054.75 4057.21 4060.18 4062.03 4063.83 4065.27 4069.14 4072.23 4073.52 4074.86 4075.38 4075.84 4076.29 4076.99 4074.28 4069.57 4065.93 4058.53 4060.49 4065.46 4069.91 4072.5 4074.4 4076.08 4077.32 4077.93 4078.59 4079 4080.55 4083.82 4082.94 4068.72 4070.84 4074.72 4079.62 4085.38 4091.12 4096.53 4099.86 4097.75 4091.97 4086.73 4082.2 4078.94 4079.38 4075.9 4070.63 4064.3 4063.02 4070.72 4079.31 4083.46 4082.68 4081.13 4077.35 4078.6 4077.16 4078.59 4072.79
4062.6 4059.86 4057.81 4056.54 4054.63 4053.12 4051.78 4052.15 4055 4058.11 4060.35 4062.34 4062.89 4064.82 4067.91 4070.3 4072.58 4073.39 4075.08 4076.04 4077.25 4079.65 4076.25 4069.51 4062.48 4062.51 4064.53 4067.19 4070.88 4073.98 4076.31 4077.65 4078.74 4080.19 4082.2 4085.3 4084.8 4081.02 4069.97 4068.09 4070.86 4075.11 4079.94 4086.26 4093.31 4101.46 4109.04 4114.56 4093.6 4082.71 4079.18 4077.19 4077.15 4075.53 4072.85 4066.02 4065.17 4071.07 4077.26 4087.84 4087.62 4086.5 4087 4082.26 4080.12 4084.38 4084.03
4063.92 4058.82 4053.98 4054.52 4053.93 4053.27 4053.45 4054.6 4056.87 4060.07 4063.95 4066.29 4065.16 4067.54 4068.77 4069.7 4067.78 4072.69 4075.11 4075.66 4074.86 4072.07 4073.29 4070.98 4066.12 4066.38 4067.93 4070.26 4072.49 4075.19 4078.67 4079.26 4081.48 4082.67 4085.2 4088.74 4092.7 4083.77 4075.6 4072.09 4072.72 4076.67 4081.49 4086.97 4094.08 4102.71 4111.07 4117.67 4089.9 4081.87 4078.43 4077.39 4077.73 4077.22 4077.29 4075.29 4071.29 4074.03 4078.43 4075.64 4082.68 4089.08 4099.77 4095.32 4087.76 4084.88 4093.96
4062.38 4058.15 4054.78 4054.49 4054.13 4053.74 4053.4 4055.48 4058.49 4061.81 4065.09 4069.01 4076.97 4071.45 4070.98 4073.31 4077.86 4077.92 4077.09 4076.48 4075.22 4072.32 4075.15 4077.23 4079.33 4075.87 4075.69 4073.75 4074.78 4076.81 4077.1 4080.94 4082.19 4083.65 4084.77 4084.79 4084.23 4086.51 4082.84 4076.6 4075.74 4078.35 4081.73 4086.86 4092.86 4099.44 4104.88 4105.2 4096.74 4085.97 4081.47 4079.78 4079.39 4078.93 4078.54 4077.38 4076.6 4078.74 4082.08 4080.39 4081.3 4083.46 4091.17 4104.42 4096.45 4096.85 4107.81
4059.62 4056.45 4054.72 4055.36 4055.8 4055.47 4054.91 4057.47 4060.56 4063.84 4067.94 4071.53 4063.29 4071.76 4073.71 4075.92 4080.26 4079.53 4077.39 4077.37 4079.42 4081.67 4083.07 4083.57 4081.71 4079.15 4075.85 4075.02 4076.76 4078.8 4087.1 4081.77 4082.42 4083.26 4083.81 4083.21 4083.82 4082.56 4075.22 4076.05 4077.07 4079.5 4082.9 4086.9 4090.38 4093.62 4094.73 4091.35 4091.58 4089.36 4084.75 4083.65 4082.07 4079.74 4078.47 4077.13 4079.26 4083.85 4090.07 4088.55 4084.74 4085.1 4096.08 4105.78 4100.93 4099.36 4100.39
4057.97 4058.71 4057.86 4057.14 4057.79 4059.64 4063.47 4061.6 4062.34 4064.24 4066.12 4065.72 4065.82 4069.1 4072.58 4075.04 4075.01 4073.97 4074.46 4076.06 4080.61 4090.9 4089.38 4095.07 4092.9 4083.69 4076.49 4077.75 4078.55 4078.45 4074.02 4079.4 4084.02 4084.87 4084.16 4083.25 4082.79 4080.36 4075.03 4074.57 4077.06 4080.07 4082.8 4086.29 4087.91 4088.68 4088.76 4089.81 4090.42 4092.11 4099.24 4090.09 4084.49 4080.32 4076.66 4076.86 4078.88 4080.95 4084.69 4086.64 4087.82 4087.65 4090.54 4096.04 4090.14 4091.7 4096.2
4055.88 4056.28 4057.8 4058.39 4059.53 4060.92 4062.02 4063.26 4063.66 4063.77 4063.14 4057.67 4063.99 4071.11 4075.99 4075.31 4071.07 4068.06 4070.58 4073.16 4074.27 4074.49 4086.51 4096.23 4099.92 4089.63 4086.62 4080.47 4079.81 4082.5 4088.96 4091.36 4088.02 4086.5 4084.97 4084.77 4085.65 4085.32 4072.05 4073.04 4075.71 4077.79 4080.82 4083.13 4085.22 4085.04 4084.15 4079.95 4084.23 4085.19 4084.31 4086.59 4084.27 4083.11 4082.65 4079.49 4078.59 4080.34 4083.99 4085.94 4091.17 4090.86 4085.14 4094.36 4085.31 4091.46 4094
4053.7 4054.35 4056.37 4059.41 4061.16 4061.69 4063.63 4064.03 4064.57 4063.64 4063.35 4065.56 4068.75 4075.81 4082.08 4078.21 4070.52 4066.2 4068.9 4071.74 4074.47 4078.42 4081.53 4082.99 4083 4081.29 4075.05 4075.65 4078.76 4084.01 4090.11 4092.06 4091.25 4088.96 4085.8 4081.23 4082.77 4088.27 4073.32 4072.7 4074.06 4076.61 4080.04 4082.56 4084.3 4084.71 4084.24 4080.03 4078.53 4078.32 4077.17 4080.9 4082.95 4083.69 4085.52 4084.12 4078.01 4073.29 4079.76 4091.3 4094.74 4094.84 4091.04 4095.98 4084.01 4082.82 4089.02
4053.97 4053.23 4057.79 4062.42 4065.03 4062.95 4061.81 4066.33 4066.82 4064.65 4063.6 4064.56 4067.94 4076.33 4086.77 4079.85 4073.19 4068.22 4071.84 4072.35 4070.86 4073.93 4078.89 4080.59 4078.57 4074.58 4069.3 4070.99 4075.61 4081.76 4087.65 4091.39 4092.55 4091.56 4088.96 4084.86 4082.57 4077.86 4074 4073.69 4075.13 4078 4079.41 4082.49 4085.74 4087.63 4086.85 4086.37 4083.41 4080.15 4078.12 4080.8 4083.19 4083.34 4080.29 4083.39 4079.3 4075.02 4088.16 4089.09 4094.22 4098.11 4098.82 4095.62 4091.86 4091.89 4090.4
4056.32 4055.94 4060.82 4066.42 4072.98 4076.74 4074.79 4072.96 4069.5 4065.97 4062.38 4060.03 4065.02 4070.22 4072.33 4074.35 4076.47 4078.42 4078.33 4076.14 4072.52 4074.18 4077.76 4082.01 4076.63 4070.11 4067.94 4067.65 4071.35 4078.5 4086 4093.53 4092.49 4093.51 4094.53 4093.47 4088.64 4079.29 4073.32 4073.49 4074.87 4076.93 4080.42 4083.85 4088.24 4092.51 4096.11 4092.12 4091.98 4086.15 4083.12 4084.2 4085.71 4087.77 4088.9 4086.65 4085.72 4085.55 4102.9 4092.67 4093.85 4090.99 4094.5 4100.93 4102.21 4086.91 4090.55
4059.59 4063.11 4064.24 4068.55 4077.38 4098.66 4093.87 4078.13 4071.15 4066.57 4062.9 4062.19 4062.92 4064.81 4065.31 4069.75 4075.32 4081.44 4079.64 4079.89 4084.96 4079.09 4075.52 4071 4069.9 4064.52 4055.59 4054.68 4067.78 4076.41 4081.97 4080.97 4091.24 4095.85 4099.02 4101.83 4094.02 4080 4076.43 4076.51 4077.69 4078.97 4081.37 4085.15 4089.96 4095.68 4108.01 4117.1 4104.4 4096.09 4091.11 4089.62 4088.42 4088.69 4087.11 4091.9 4096.24 4102.35 4102.08 4103.58 4098.22 4089.13 4091.3 4101.27 4104.7 4094.19 4090.89
4058.46 4062.47 4063.11 4065.39 4067.76 4064.51 4072.6 4072.62 4068.98 4065.85 4063.7 4062.24 4059.98 4062.65 4066.88 4069.64 4069.77 4069.58 4072.01 4075.92 4080.72 4075.91 4071.07 4069.97 4066.39 4064.12 4062.77 4069.69 4071.97 4077.08 4082.33 4091.05 4092.14 4096.2 4100.61 4103.15 4100.63 4091.3 4082.52 4080 4079.65 4081.59 4083.83 4086.49 4089.08 4092.35 4094.28 4106.8 4105.56 4105.85 4100.16 4094.68 4090.63 4087.37 4090.54 4094.87 4103.31 4111.01 4102 4098.94 4099.26 4091.15 4082.51 4093.07 4084.69 4079.79 4088.14
4052.45 4055.07 4059.3 4061.39 4060.48 4057.19 4061.46 4065.58 4065.56 4064.26 4062.37 4062.06 4060.47 4060.78 4059.95 4058.9 4064.66 4066.19 4068.66 4069.15 4065.6 4067.99 4065.71 4061.37 4063.62 4065.71 4071.69 4076.32 4074.96 4077.66 4082.86 4089.28 4091.88 4093.28 4097.07 4102.07 4107.22 4093.2 4085.23 4083.51 4083.38 4084.03 4085.06 4086.16 4088.22 4090.34 4093.64 4089.56 4097.84 4096.73 4099.16 4097.53 4094.18 4090.29 4088.95 4097.35 4102.54 4104.08 4101.93 4103.56 4096.51 4095.45 4081.96 4087.2 4090.4 4085.41 4087.44
4051.64 4053.27 4058 4060.37 4060.84 4060.53 4061.51 4062.98 4063.14 4062.04 4059.93 4058.17 4058.95 4060.31 4060.29 4062.03 4063.69 4068.44 4071.9 4069.22 4066.45 4065.52 4063.99 4063.59 4062.6 4063.97 4065.49 4067.27 4071.03 4075.85 4080.98 4085.44 4086.64 4086.48 4085.08 4085.86 4082.4 4083.12 4085.69 4085.01 4084.63 4085.13 4085.6 4087.11 4087.98 4089.64 4090.47 4094.78 4097.54 4097.59 4099.17 4099.82 4099.23 4101.12 4103.93 4102.93 4105.68 4106.53 4109.47 4116 4103.58 4093.2 4090.47 4087.31 4089.09 4085.88 4093.31
4058.64 4059.06 4060.85 4062.75 4063.76 4064.25 4063.76 4063.34 4062.6 4062.14 4061.8 4061.69 4062.84 4063.05 4062.09 4063.83 4061.13 4063.09 4064.99 4069.77 4072.12 4065.23 4061.12 4059.58 4060.65 4061.62 4062.19 4062.04 4067.98 4073.51 4078.05 4080.88 4082.24 4081.19 4079.18 4080.61 4086.11 4088.54 4089.24 4089.53 4090.09 4090.66 4090.75 4089.12 4089.66 4089.65 4096.76 4102.48 4103.93 4105.43 4102.87 4101.1 4100.44 4100.01 4102.01 4104.46 4103.32 4104.19 4107.23 4111.41 4103.88 4083.95 4088.14 4112.85 4090.09 4092.66 4098.09
4072.51 4066.73 4064.28 4065.26 4068.2 4069.16 4066.31 4064.41 4063.02 4062.43 4065.25 4066.93 4071.9 4066.85 4061.41 4054.13 4059 4057.91 4049.62 4062.66 4064.78 4062.06 4059.45 4059.17 4060.28 4061.31 4062.39 4064.57 4067.91 4072.58 4076.65 4079.49 4080.76 4080.55 4076.13 4081.88 4091.66 4094.81 4091.53 4091.11 4092.78 4093.53 4093.4 4092.29 4091.26 4091.63 4105.01 4108.29 4106.51 4103.64 4106.63 4104.61 4100.93 4096.57 4093.53 4108.27 4124.49 4121.95 4113.68 4103.55 4097.01 4088.12 4088.54 4112.01 4113.51 4109.3 4113.06
4065.15 4064.27 4063.36 4064.3 4067.39 4069.55 4066.06 4063.97 4062.41 4060.74 4057.77 4063.01 4065.01 4066.65 4066.85 4066.93 4065.9 4064.82 4063.09 4060.13 4059.41 4059.02 4056.84 4058.5 4061.02 4062.51 4063.73 4066.46 4068.88 4072.24 4076.67 4081.84 4087.18 4088.01 4084.92 4086.55 4087.89 4089.24 4091.54 4093.82 4094.3 4096.42 4097.87 4099.51 4097.07 4094.24 4093.06 4102.92 4111.46 4114.54 4109.27 4106.23 4102.12 4091.05 4094.84 4108.12 4125.33 4123.58 4112.7 4106.88 4108.3 4093.81 4093.17 4105.8 4123.32 4118.14 4118.17
4054.57 4057.9 4059.58 4060.3 4060.67 4061.93 4063.36 4063.08 4062.19 4061.76 4061.02 4064.88 4069.62 4072.94 4073.45 4075.45 4073.1 4071.81 4072.56 4060.19 4058.67 4061.59 4061.16 4062.98 4064.61 4065.03 4065.18 4066.05 4067.97 4071.36 4075.72 4081.38 4087.24 4096.47 4105.9 4092.73 4071.28 4080.14 4090.83 4096.77 4101.43 4104.95 4107.86 4109.35 4106.3 4097.84 4096.4 4106.29 4109.45 4111.35 4112.61 4110.77 4108.7 4102.65 4100.9 4101.22 4102.7 4099.03 4104.73 4107.8 4120.02 4111.6 4107.28 4110.75 4119.87 4128.94 4127.69
4050.71 4053.78 4056.19 4057.75 4059.09 4060.07 4061.48 4062.94 4063.79 4065.54 4066.46 4070.34 4077.83 4080.51 4074.95 4074.23 4073.16 4073.64 4074.55 4067.21 4067.06 4071.67 4072.36 4071.95 4069.48 4067.35 4066.76 4066.65 4068.23 4070.22 4073.07 4077.24 4082.44 4093.62 4098.05 4088.8 4091.97 4091.68 4095.41 4100.08 4104.93 4109.52 4114.63 4121.51 4127.39 4124.44 4116.86 4125.4 4125.24 4120.72 4118.27 4119.59 4120.83 4132.12 4118.15 4101.11 4089.07 4111.63 4106.73 4111.82 4127.19 4155.81 4137.23 4147.68 4174.45 4153.49 4122.58
4052.66 4053.81 4055.08 4055.56 4055.49 4058 4060.36 4062.62 4065.01 4068.86 4073.49 4071.29 4070.47 4069.73 4071.39 4070.12 4070.78 4072.12 4069.55 4074.46 4074.79 4082.25 4096.79 4079.82 4073.22 4070.18 4068.32 4067.15 4067.51 4070.35 4073.15 4075.09 4079.16 4093.01 4096.31 4085.02 4101.63 4099.63 4100.59 4104.63 4109.1 4115 4120.55 4129.88 4146.08 4171.53 4179.45 4138.72 4130.7 4125.31 4123.73 4129.55 4132.15 4137.02 4136.17 4119.01 4102.43 4109.55 4117.92 4110.13 4149.89 4181.41 4138.88 4127.37 4145.79 4143.26 4108.91
4054.79 4055.2 4055.39 4055.09 4054.81 4057.13 4060.07 4062.64 4064.4 4065.96 4068.41 4068.71 4067.98 4067.61 4070.69 4072.92 4074.27 4074.21 4072.69 4072.6 4074.9 4074.51 4073.52 4076.75 4074.38 4072 4069.95 4068.4 4068.04 4071.81 4075.16 4078.84 4084.87 4106.48 4109.35 4086.48 4089.07 4099.41 4104.71 4110.95 4116.76 4122.56 4127.87 4134.12 4135.79 4131.72 4125.43 4116.7 4098.94 4113.13 4130.15 4142.26 4154.25 4174.36 4163.02 4154.18 4150.38 4159.97 4165.14 4191.09 4265.85 4224.22 4181.01 4128.26 4121.14 4129.56 4120.03
4058.08 4057.54 4056.35 4054.98 4054.44 4057.66 4060.81 4063.29 4064.11 4062.27 4063.32 4067.1 4068.19 4068.07 4072.69 4076.23 4077.97 4078.58 4078.23 4079.41 4075.48 4072.48 4071.35 4073.35 4073.58 4072.67 4071.62 4072.09 4074.37 4075.9 4079.55 4084.35 4091.52 4113.34 4117.48 4094.85 4094.15 4101.31 4107.29 4113.37 4119.83 4127.3 4132.48 4136.43 4130.96 4117.42 4112.58 4108.9 4096.91 4119.13 4142.14 4162.35 4174.86 4196.08 4187.91 4180.98 4176.63 4181.81 4205.78 4232.7 4241.08 4228.86 4188.45 4157.13 4151.03 4153.47 4128.63
4060.98 4060.08 4058.56 4057.21 4056.67 4059.18 4062.36 4065.42 4067.91 4067.58 4068.22 4069.67 4069.66 4071.34 4074.15 4081.53 4088.59 4081.71 4076.56 4076.46 4074.62 4074.44 4073.82 4073.21 4073.75 4073.8 4074.47 4075.73 4075.26 4080.98 4085.5 4090.56 4097.24 4119.75 4121.01 4104.65 4102.34 4108 4116.13 4123.06 4130.72 4136.37 4141.95 4143.24 4141.11 4146.89 4142.58 4130.63 4125.25 4145.05 4167.2 4190.89 4209.66 4211.47 4196.97 4192.07 4175.43 4176.39 4210.93 4226.23 4204.17 4207.43 4195.96 4209.3 4195.55 4183.97 4180.82
4065.17 4061.71 4059.98 4060.01 4061.1 4061.21 4063.46 4066.85 4073.2 4082.39 4078.63 4074.78 4071.8 4066.62 4073.44 4081.86 4084.83 4077.78 4070.74 4070.29 4072.75 4074.54 4074.24 4074.28 4075.14 4075.73 4078.11 4080.05 4086.73 4087.07 4089.39 4096.86 4109.47 4111.19 4116.61 4115.02 4112.71 4114.46 4121.28 4130.91 4139.65 4147.54 4153.72 4155.48 4155.22 4159.72 4165.81 4170.04 4173.87 4183.33 4199.89 4221.76 4230.42 4218.26 4190.45 4158.89 4174.36 4184.62 4191.23 4197.64 4195.53 4178.44 4204 4234.94 4220.26 4203.09 4188.93
4057.92 4059.53 4059.84 4059.52 4060.27 4061.96 4063.97 4067.3 4071.52 4076.35 4078.81 4078.05 4078.75 4079.03 4082.19 4081.51 4075.98 4071.86 4067.65 4068.7 4071.98 4071.66 4073.79 4075.09 4076.23 4077.88 4079.85 4082.56 4084.54 4088.3 4091.23 4096.13 4105.09 4118.19 4120.48 4117.96 4113.25 4119.93 4130.36 4141.59 4151.62 4161.21 4168.32 4174.49 4178.09 4166.15 4181.16 4207.69 4221.78 4213.13 4226.92 4247.85 4257.88 4231.67 4195.33 4155.48 4160.84 4182.47 4188.82 4193.22 4202.28 4194.46 4200.35 4220.75 4228.95 4228.96 4210.24
