real_craters/C072-300m.grd
DSAA
188 188
-28.07 28.07
-28.07 28.07
3192.5948222375 4433.5929690882
[rows 30 to 59 of 188, columns 0 to 66 of 188]
4051.5 4051.35 4054.23 4057.18 4059.24 4060.34 4060.72 4060.68 4060.46 4060.58 4061.43 4062.45 4063.16 4063.25 4062.88 4062.09 4061.13 4059.29 4057.61 4059.08 4059.11 4060.04 4060.31 4060.13 4060.87 4061.97 4062.55 4064.24 4066.98 4071.29 4071.91 4070.07 4068.73 4066.48 4066.08 4065.59 4064.62 4064.08 4064.26 4063.01 4062.64 4063.29 4064.22 4065.22 4066.23 4067.35 4069.26 4071.83 4074.7 4077.71 4080.8 4084.07 4086.08 4086.7 4086.96 4086.8 4086.27 4085.27 4085.6 4086.41 4083.44 4081.77 4084.04 4085.34 4085.6 4084.73 4084.57
4055.18 4055.04 4056.86 4058.65 4060.28 4061.51 4062.16 4062.42 4062.87 4062.75 4062.73 4062.85 4063.01 4062.85 4062.63 4061.84 4061.27 4059.66 4058.41 4059.77 4060.49 4061.28 4061.55 4061.73 4062.7 4063.68 4062.63 4063.13 4065.21 4068.11 4068.77 4069.31 4070.78 4071.23 4068.36 4065.71 4063.36 4060.92 4059.59 4060.73 4061.27 4061.91 4062.63 4063.12 4063.23 4062.85 4066.23 4069.8 4073.12 4076.22 4078.93 4080.97 4081.15 4082.33 4083.51 4083.14 4081.9 4079.89 4079.87 4081.52 4079.58 4082.34 4085.3 4086.86 4087.19 4087.4 4087.85
4060.16 4059.55 4060.55 4061.37 4062.28 4063.29 4064.09 4064.29 4064.49 4064.4 4064.23 4063.89 4063.29 4062.84 4062.51 4062.53 4062.38 4062.52 4062.75 4063.29 4063.5 4064.11 4063.41 4062.2 4061.61 4061.2 4059.9 4060.68 4061.56 4062.52 4064.14 4065.87 4070.37 4074.17 4068.8 4065.12 4062.52 4060.88 4059.88 4059.64 4060.45 4060.95 4061.52 4061.97 4062.07 4061.91 4065.1 4068.72 4071.98 4074.91 4077.49 4079.54 4081.28 4082.22 4081.77 4080.8 4079.42 4078.85 4079.79 4082.52 4088.13 4089.97 4089.8 4089.93 4090.08 4090.82 4090.66
4069.55 4067.42 4064.94 4064.05 4064 4064.8 4066.09 4067.19 4065.87 4066.51 4065.63 4064.56 4064.11 4063.24 4062.76 4062.61 4063.43 4065.18 4065.97 4067.04 4069.88 4068.74 4065.34 4062.32 4058.34 4053.7 4056.91 4059.06 4058.91 4055.99 4052.84 4060.55 4065.19 4066.95 4065.69 4063.15 4061.1 4060.29 4059.83 4059.4 4060.08 4060.86 4061.5 4061.91 4062.56 4064.25 4066.11 4068.58 4071.55 4074.24 4076.69 4078.75 4080.14 4080.94 4081.07 4080.22 4078.21 4077.01 4079.53 4084.03 4087.03 4094.72 4093.56 4091.94 4090.96 4091.63 4091.62
4070.57 4069.48 4066.28 4064.59 4064.52 4065.34 4067.3 4070.59 4073.68 4069.38 4066.85 4065.23 4064.05 4063.01 4062.3 4061.94 4062.34 4065.82 4066.38 4067.36 4069.73 4068.83 4066.27 4063.87 4060.88 4058.24 4059.78 4060.87 4060.33 4058.42 4059.62 4060.49 4061.72 4062.24 4062.01 4060.69 4058.98 4057.4 4057.95 4059.24 4060.27 4061 4061.61 4062.35 4063.3 4064.06 4066.03 4068.85 4071.39 4073.98 4076.46 4078.54 4079.8 4080.18 4082.6 4082.36 4079.6 4075.87 4080.32 4086.68 4094.96 4098.36 4094.43 4092.33 4090.75 4091.37 4091.88
4065.42 4065.18 4064.26 4063.53 4063.59 4064.39 4065.91 4068.58 4070.56 4068.38 4066.16 4064.65 4063.65 4062.72 4061.88 4060.81 4059.17 4057.57 4061.85 4064.78 4065.23 4065.31 4066.86 4066.81 4066.26 4066.58 4066 4065.39 4064.73 4064.51 4063.77 4061.46 4060.2 4059.74 4059.55 4059.11 4057.9 4056.56 4057.55 4059.47 4060.87 4061.93 4062.63 4063.33 4064.28 4066.16 4068.1 4069.27 4071.32 4073.69 4076.29 4079.33 4082.47 4085.63 4087.38 4087.65 4086.52 4083.31 4085.35 4087.1 4088.22 4090.65 4089.61 4090.93 4092.44 4093.75 4093.91
4058.51 4059.98 4060.88 4061.19 4061.66 4062.01 4062.79 4063.24 4064.02 4064.93 4064.5 4063.48 4063.02 4062.33 4061.65 4060.69 4058.95 4056.83 4061.2 4064.69 4065.91 4067.11 4069.63 4070.62 4071.15 4072.11 4071.67 4070.15 4069.18 4068.31 4066.24 4062.81 4056.82 4056.83 4058.82 4059.55 4059.07 4058.43 4059.86 4061.54 4062.73 4063.48 4063.95 4064.46 4065.09 4066.35 4067.47 4068.86 4070.8 4073.37 4076.05 4079.43 4084.02 4090.65 4091.06 4093.49 4096.89 4097.75 4092.74 4088.18 4078.61 4075.54 4083.13 4089.08 4092.83 4095.73 4097.68
4053.93 4055.81 4057.39 4058.43 4059.24 4059.84 4060.15 4059.93 4060.63 4062.1 4062.99 4062.63 4062.65 4062.47 4062.59 4062.37 4062.17 4062.73 4064.78 4068.02 4071.22 4073.27 4074.73 4074.3 4074.41 4075.69 4075.08 4073.2 4072.5 4073.14 4074.54 4068.03 4059.01 4058.56 4061.05 4062.67 4062.8 4062.42 4063.85 4064.85 4065.38 4065.57 4065.49 4065.46 4065.46 4065.79 4066.19 4068.29 4070.08 4072.57 4075.2 4078.1 4081.46 4084.42 4089.61 4096.11 4103.79 4105.66 4096.61 4088.67 4075.34 4073.35 4082.63 4089.08 4093.94 4097.02 4099.87
4051.37 4053.27 4054.94 4056.39 4057.47 4058.2 4058.78 4059.03 4059.68 4060.76 4061.62 4062.46 4063.04 4063.39 4063.81 4064.49 4065.34 4066.78 4068.43 4071.65 4077.16 4084.84 4079.18 4075.85 4074.89 4075.05 4074.73 4073.6 4073.57 4074.51 4075.74 4070.75 4062.6 4063.54 4066.23 4068.56 4069.33 4069.13 4069.72 4069.19 4068.43 4067.98 4066.64 4066.16 4066.18 4066.44 4067.29 4068.36 4069.37 4071.25 4073.86 4076.38 4078.68 4081.5 4087.04 4094.37 4101.42 4102.8 4094.2 4087.53 4086.42 4086.18 4088.74 4091.87 4095.55 4098.19 4101.57
4050.92 4052.44 4053.98 4055.28 4056.19 4056.87 4057.56 4059.41 4059.51 4060.01 4061.04 4062.19 4063.11 4064.2 4065.3 4067.07 4068.33 4068.99 4070.58 4072.49 4075.12 4075.13 4074.95 4074.06 4073.22 4072.16 4071.18 4071.97 4072.58 4073.16 4072.78 4071.63 4070.51 4070.16 4072.32 4076.15 4078.88 4078.21 4076.88 4073.7 4071.08 4069.22 4068.43 4067.69 4067.11 4067.01 4067.88 4068.29 4069.53 4071.14 4072.44 4074.87 4076.69 4079.42 4084.68 4091.48 4094.71 4093.72 4088.96 4083.23 4096.36 4097.23 4095.63 4096.21 4098.21 4100.69 4103.31
4052.55 4053.12 4054.1 4054.89 4055.41 4055.63 4055.63 4055.86 4057.47 4059.07 4060.38 4061.74 4063.04 4064.46 4066.17 4068.76 4072.47 4072.81 4071.48 4071.23 4070.7 4069.15 4070.28 4071.38 4071.31 4070.14 4068.88 4071.19 4072.11 4071.67 4069.83 4069.98 4075.04 4074.15 4076.36 4081.64 4092.25 4092.13 4082.29 4076.62 4073.31 4071.39 4069.85 4068.64 4067.66 4067.19 4066.76 4067.92 4069.59 4071.33 4072.98 4074.1 4075.84 4077.77 4083.05 4092.01 4097.23 4094.81 4087.77 4083.27 4100.89 4101.15 4098.94 4099.79 4101.39 4104.09 4106.47
4053.51 4054.21 4054.61 4055.08 4055.21 4055 4054.53 4054.08 4056.49 4058.41 4060.1 4061.69 4063.08 4064.45 4065.86 4067.81 4070.39 4070.94 4070.3 4069.59 4068.78 4067.71 4068.38 4070.06 4071.03 4071.65 4072.67 4072.72 4072.6 4072.19 4070.26 4069.26 4071.23 4074.34 4076.33 4078.98 4082.21 4084.25 4080.65 4077.31 4074.65 4072.62 4071.06 4069.48 4068.54 4067.74 4068.03 4068.46 4070.03 4071.9 4073.82 4075.41 4077 4078.54 4083.88 4097.63 4105 4100.21 4089.89 4085.05 4096.31 4099 4100.26 4102.73 4105.17 4107.96 4111.18
4055.46 4055.63 4055.57 4055.51 4055.25 4055.03 4055.32 4055.68 4056.89 4058.42 4060.06 4061.76 4063.02 4063.98 4064.57 4065.05 4066.42 4067.51 4068.16 4068.26 4067.89 4067.48 4068.36 4070.16 4071.94 4073.28 4074.42 4074.91 4074.88 4074.39 4073.69 4073.3 4073.91 4074.74 4074.83 4073.47 4069.55 4072.9 4075.55 4075.63 4074.35 4073.04 4071.85 4070.78 4069.66 4068.67 4068.15 4068.8 4071.44 4073.58 4075.6 4077.67 4079.9 4084.68 4093.1 4107.79 4117.9 4108.32 4093.1 4082.55 4087.12 4095.32 4100.19 4103.65 4106.84 4111.17 4114.8
4057.46 4057.28 4056.83 4056.36 4055.58 4054.97 4055.4 4056.91 4057.31 4058.76 4060.62 4062.15 4063.26 4063.88 4063.63 4062.58 4061.74 4064.61 4066.71 4067.67 4067.91 4067.81 4068.54 4071.17 4073.32 4075.18 4076.27 4077.23 4077.56 4077.25 4077.18 4078.15 4077.48 4075.73 4074.29 4072.19 4070.21 4071.11 4073.23 4074.18 4074.14 4073.25 4072.5 4071.45 4071.13 4070.73 4071.65 4073 4074.12 4076.07 4078.07 4080.56 4083.65 4089.27 4100.88 4112.65 4124.05 4113.5 4098.14 4089.06 4090.32 4096.43 4101.08 4104.58 4108.3 4112.37 4115.9
4059.06 4058.78 4058.12 4057.2 4056.27 4055.41 4053.75 4054.03 4057.21 4059.15 4060.88 4062.67 4063.88 4064.7 4064.53 4063.06 4062.08 4064.87 4067.03 4068.08 4068.69 4069.71 4071.77 4072.91 4075.23 4077.88 4079.53 4080.71 4080.53 4079.17 4078.54 4079.56 4078.31 4076.1 4074.49 4073.39 4072.51 4072.33 4073.02 4073.41 4073.55 4073.5 4073.05 4072.66 4073.09 4073.37 4074.56 4076.2 4076.84 4078.93 4081.71 4084.42 4087.16 4089.94 4091.73 4111.18 4122.4 4115.72 4102.31 4096.72 4098.38 4100.85 4105.54 4110.05 4113.84 4117.71 4120.63
4060.83 4060.51 4059.6 4058.79 4057.76 4057.06 4056.4 4056.69 4058.36 4060.22 4062.22 4064.03 4065.65 4067.23 4067.67 4067.13 4066.48 4068.29 4069.28 4069.53 4069.6 4070.29 4071.92 4073.11 4076.55 4081.09 4085.87 4087.35 4083.3 4079.35 4076.88 4078.21 4076.1 4075.09 4074.44 4074.38 4074.79 4073.66 4073.37 4073.26 4073.61 4073.72 4074.17 4074.6 4074.56 4074.89 4075.89 4075.29 4079.32 4082.25 4084.92 4087.85 4090.79 4094.76 4100.97 4117.22 4126.82 4118.48 4108.01 4101.64 4102.03 4104.9 4108.57 4113.81 4117.93 4122.26 4127.1
4063.11 4062.28 4060.85 4059.93 4059.27 4059.12 4059.54 4059.59 4060.14 4061.41 4063.15 4065.09 4066.87 4069.77 4072.94 4075.08 4074.68 4073.81 4072.76 4071.81 4070.56 4068.64 4066.93 4071.17 4076.72 4082.36 4088.55 4089.7 4082.8 4077.39 4072.98 4068.63 4071.95 4073.39 4073.82 4074.08 4073.88 4073.83 4073.8 4074.41 4074.08 4074.57 4075.04 4075.91 4076.44 4077.7 4079.59 4080.2 4083.7 4085.57 4087.51 4090.62 4095.67 4100.64 4106.74 4115.48 4122.39 4118.11 4112.73 4107 4106.58 4108.94 4111.88 4116.58 4121.16 4127.28 4131.87
4065.4 4062.75 4061.16 4060.3 4059.95 4060.1 4061.31 4061.05 4061.31 4062.13 4063.62 4065.34 4067.89 4071.96 4077.25 4084.22 4083.01 4078.54 4076.07 4074.38 4072.63 4069.92 4066.78 4071.58 4077.4 4081.36 4083.22 4081.73 4078.29 4074.13 4070.33 4069.22 4071.17 4072.24 4073.16 4074.6 4075.29 4074.19 4074.25 4074.7 4075.31 4076.15 4077.36 4077.69 4078.93 4080.7 4083.61 4090.31 4087.98 4088.21 4090.22 4093.69 4098.68 4106.34 4117.26 4116.67 4113.26 4116.83 4113.74 4118.43 4113.93 4113.71 4116.35 4120.53 4125.22 4131.92 4137.17
4060.95 4060.67 4060.33 4060.01 4059.84 4059.74 4059.91 4060.86 4061.75 4062.2 4063.51 4065.65 4067.98 4071.46 4075.7 4082.21 4082.32 4079.39 4077.78 4077.06 4076.57 4075.74 4074.83 4077.58 4080.61 4081.14 4079.21 4075.67 4073.9 4071.14 4068.18 4067.4 4070.04 4071.69 4072.3 4072.09 4073.04 4074.13 4074.52 4075.57 4076.08 4076.6 4077.61 4079.28 4080.67 4082.15 4083.82 4083.1 4086.31 4088.96 4091 4093.99 4098.47 4105.2 4115.15 4123.95 4120.01 4120.77 4117.15 4111.04 4112.88 4115.85 4120.63 4125.36 4131.81 4138.23 4143.28
4054.6 4057.53 4058.77 4059.58 4059.97 4059.51 4059.08 4060.89 4062.11 4062.91 4064.2 4065.63 4067.16 4068.44 4069.95 4071.03 4074.92 4076.93 4078.11 4079.46 4081.43 4083.85 4085.43 4087.43 4086.43 4082.54 4078.25 4074.61 4071.75 4069.53 4067.82 4068.67 4072.47 4072.44 4071.98 4072.85 4073.07 4074.21 4074.81 4075.58 4076.32 4077.22 4078.35 4079.55 4081.05 4082.98 4084.82 4087.95 4088.86 4089.53 4090.94 4092.67 4095.14 4097.9 4099.02 4101.36 4110.86 4118.11 4134.23 4113.2 4113.74 4118.52 4122.95 4129.01 4136.81 4143.64 4150.41
4052.93 4055.71 4057.92 4059.77 4061.45 4062.41 4061.5 4062.64 4063.55 4063.94 4064.69 4065.27 4065.66 4066.15 4065.58 4066.1 4070.49 4074.46 4077.72 4081 4085.05 4090.95 4101.27 4103.83 4091.74 4083.54 4077.3 4072.65 4069.96 4069.22 4069.3 4071.19 4074.31 4072.82 4071.26 4069.39 4071.95 4074.57 4075.32 4076.6 4077.53 4078.38 4079.05 4080.14 4081.7 4083.74 4085.7 4086.58 4087.39 4089.16 4089.8 4090.42 4091.1 4091.86 4090.94 4090.96 4097.48 4096.92 4095.72 4111.83 4113.94 4119.95 4127.19 4134.96 4144.1 4152.83 4160.36
4053.26 4055.68 4058.02 4060.14 4062.77 4066.94 4069.54 4065.76 4064.7 4064.89 4065 4065.11 4065.3 4064.83 4063.74 4064.4 4068.85 4073.08 4077.16 4081.1 4085.45 4090.81 4097.76 4097.21 4088.62 4081.6 4075.54 4070.03 4068.65 4069.69 4071.41 4072.19 4071.8 4072.21 4071.89 4072.08 4073.29 4075.92 4077.47 4078.78 4079.77 4080.73 4081.58 4080.37 4082.14 4082.92 4085.81 4088.79 4091.73 4089.25 4088.32 4087.8 4087.57 4088.06 4088.68 4095.56 4093.39 4090.05 4092.66 4103.12 4112.86 4123.94 4133.91 4143.93 4153.91 4162.53 4170.77
4055.73 4056.83 4058.56 4060.27 4062.05 4064.13 4065.71 4065.73 4065.33 4065.19 4065.14 4065.24 4065.13 4065.06 4064.72 4065.71 4069.01 4072.71 4076.46 4079.95 4083.01 4085.09 4083.78 4078.48 4080.36 4078.28 4074.75 4071.34 4070.52 4071.11 4071.54 4072.49 4072.89 4074.16 4074.77 4073.23 4076.59 4078.47 4079.48 4080.07 4080.65 4081.26 4081.55 4081.79 4082.64 4083.36 4084.97 4086.87 4088.11 4087.22 4087.15 4086.86 4086.36 4085.31 4085.32 4088.98 4091.36 4089.06 4090.74 4101.18 4114.45 4127.78 4138.56 4149.45 4158.57 4168.02 4176.81
4057.44 4058.3 4059.81 4060.75 4060.7 4060.22 4061.85 4064.16 4064.91 4065.56 4065.71 4065.77 4065.55 4065.74 4066.39 4067.88 4070 4072.98 4075.96 4078.62 4080.71 4081.35 4079.09 4076.87 4077.23 4076.63 4075.16 4074.08 4073.98 4074.55 4073.93 4075.9 4076.42 4078.95 4082.58 4084.14 4082.83 4082.44 4081.89 4081.7 4081.6 4081.68 4081.65 4081.89 4082.29 4082.78 4083.28 4083.48 4081.96 4083.68 4083.75 4083.57 4083.46 4083.24 4083.55 4088.11 4095.62 4097.62 4093.94 4103.33 4119.62 4132.2 4145.25 4156.66 4165.71 4174.33 4183.13
4057.74 4060.43 4062.62 4062.96 4061.41 4058.49 4060.68 4063.99 4065.65 4066.38 4066.6 4066.52 4066.33 4066.35 4066.49 4068.21 4070.88 4073.42 4076.3 4078.4 4079.94 4080.25 4079.69 4079.04 4077.96 4076.99 4076 4075.69 4076.8 4078.93 4083.13 4082.68 4083.45 4086.8 4091.19 4092.13 4088.18 4085.74 4084.09 4083.2 4082.9 4083.1 4082.85 4082.51 4081.75 4081.57 4081.1 4081.32 4084.15 4081.34 4081.69 4083.01 4083.73 4084.46 4083.08 4092.13 4107.04 4118.53 4108.06 4115.33 4129.51 4141.55 4152.32 4163.28 4173.33 4183.42 4193.18
4061.17 4065.78 4068.13 4067.7 4065.84 4063.75 4064.37 4066.26 4067.71 4068.6 4068.62 4068.32 4067.81 4067.18 4067.23 4069.1 4071.7 4074.47 4077.19 4079.14 4080.48 4081.05 4080.91 4079.92 4079.22 4078.24 4076.76 4075.37 4075.44 4078.6 4084.49 4086.8 4091.63 4095.87 4095.83 4094.76 4090.12 4087.76 4086.11 4084.89 4083.9 4083.39 4082.75 4082.2 4081.21 4080.4 4079.35 4077.81 4074.4 4077.26 4080.62 4083.9 4087.83 4092.26 4096.46 4105.38 4117.43 4126.69 4127.69 4135.38 4145.56 4155.14 4164.8 4171.2 4180.35 4188.99 4198.52
4072.76 4076.92 4076.59 4074.52 4072.19 4070.06 4069.53 4069.95 4070.46 4070.88 4070.81 4070.81 4070.08 4069.35 4069.9 4071.26 4073.66 4076.32 4078.71 4080.57 4082.01 4083.02 4083.28 4082.25 4082.16 4080.93 4078.31 4074.53 4070.55 4075 4080.28 4086.08 4091.09 4092.73 4089.77 4088.92 4088.1 4087.3 4086.48 4084.57 4083.77 4083.17 4082.43 4081.61 4081.1 4080.12 4078.66 4077.13 4075.72 4077.23 4080.78 4085.38 4092.23 4101.54 4116.36 4125.87 4131.89 4132.43 4153.32 4159.58 4161.81 4166.99 4173.63 4180.94 4189.6 4198.15 4206.72
4094.41 4091.43 4085.14 4081.34 4078.5 4076.35 4074.81 4074.07 4073.6 4073.15 4073.52 4073.6 4073.19 4071.68 4070.85 4073.45 4076.4 4078.62 4080.47 4082 4083.36 4084.78 4086.4 4089.58 4089.12 4084.67 4081.81 4079.6 4078.14 4079.48 4080.57 4084.73 4086.67 4086.18 4084.03 4084.5 4085.38 4085.25 4085.46 4085.43 4084.89 4084.08 4083.12 4082.32 4081.54 4080.76 4079.63 4078.75 4077.78 4078.91 4082.54 4087.21 4093.73 4103.27 4119.87 4138.19 4158.66 4175.56 4192.3 4183 4178.32 4179.08 4182.67 4188.15 4194.82 4202.23 4211.05
4095.33 4093.77 4088.2 4085.59 4084.43 4081.89 4079.52 4077.5 4076.33 4075.81 4076.13 4076.91 4077.54 4076.23 4074.66 4077.94 4079.66 4081.07 4082.39 4083.45 4084.85 4085.87 4087.56 4089.35 4088.29 4086.49 4085.36 4086.36 4091.22 4090.88 4087.42 4085.02 4084.39 4084.79 4084.66 4084.76 4085.31 4084.84 4084.2 4084.88 4084.17 4084.71 4084.68 4083.97 4083.46 4083.68 4083.02 4082.41 4080.05 4080.75 4087.13 4091.12 4094.52 4098.47 4107.81 4133.56 4164.04 4181.77 4194.76 4188.5 4186.2 4187.29 4190.65 4193.56 4199.3 4206.26 4213.45
4081.93 4083.55 4084.92 4085.46 4088.2 4088.05 4082.32 4079.1 4077.62 4077.41 4078.07 4079.86 4082.75 4087.38 4087.87 4084.61 4083.28 4083.37 4083.97 4085.33 4086.51 4087.4 4087.85 4087.51 4086.71 4086.99 4087.15 4087.71 4089.19 4090.12 4087.42 4083.82 4081.47 4080.57 4085.5 4085.12 4085.21 4085.4 4085.08 4085.15 4084.94 4084.77 4084.5 4085.68 4085.62 4085.63 4087.08 4088.08 4090.13 4093.33 4095.32 4096.73 4097.82 4098.2 4101.9 4122.81 4133.41 4145.98 4165.24 4181.23 4187.28 4192.33 4196.89 4200.44 4205.23 4210.68 4216.73
