real_craters/C072-300m.grd
DSAA
188 188
-28.07 28.07
-28.07 28.07
3192.5948222375 4433.5929690882
[rows 60 to 89 of 188, columns 67 to 133 of 188]
4221.21 4228.08 4233.47 4239.78 4244.95 4245.87 4243.99 4236.71 4229.44 4219.47 4211.64 4207 4200.79 4197.63 4196.7 4196.2 4196.5 4199.03 4199.54 4210.12 4220.44 4231 4241.17 4248.91 4252.35 4256.48 4253.77 4247.9 4237.14 4221.65 4214.52 4209.53 4212.24 4214.41 4212.09 4198.87 4185.64 4185.11 4195.95 4204.12 4207.53 4207.32 4212.36 4208.07 4201.56 4207.2 4213.2 4222.21 4226.46 4222.88 4209.59 4205.05 4209.65 4206.18 4199.47 4206.4 4214.04 4223.78 4233.07 4226.92 4206.83 4183.86 4158.76 4133.5 4120.31 4122.41 4123.86
4222.25 4223.04 4225.45 4229.31 4230.96 4229.58 4235.36 4236.92 4229.24 4220.64 4212.68 4208.59 4205.62 4203.38 4201.43 4199.7 4200.21 4201.71 4203.01 4209.79 4223.5 4235.59 4247.88 4263.4 4268.57 4266.08 4262.04 4256.84 4252.35 4240.22 4228.05 4212.39 4198.48 4199.92 4207.61 4204.74 4201.51 4198.93 4202.5 4209 4212.52 4210.88 4206.24 4205.11 4195.88 4208.81 4221.31 4233.99 4244.24 4249.49 4248.86 4241.58 4234.77 4228.51 4220.41 4227.55 4227.17 4229.69 4229.04 4222.44 4215.47 4200.45 4179.07 4150.37 4145.51 4142.6 4141.01
4218.69 4220.4 4218.59 4218.49 4219.39 4225 4233.64 4235.81 4228.27 4221.44 4213.11 4208.5 4211.84 4212.76 4211.78 4209.49 4205.51 4204.43 4210.01 4217.19 4232.87 4245 4252.52 4257.65 4261.82 4263.81 4264.4 4264 4267 4272.16 4259.48 4229.72 4196.9 4197.89 4206.7 4206.68 4205.52 4205.91 4210.5 4217.91 4226.76 4227.26 4223.39 4228.33 4252.65 4237.8 4238.69 4252.01 4265.8 4278.39 4287.23 4274.47 4257.47 4244.39 4229.06 4222.88 4228.16 4233.35 4234.82 4234.13 4229.02 4220.59 4212.28 4199.66 4180.04 4169.58 4162.15
4218.9 4215.66 4212.59 4208.04 4206.12 4209.81 4218.32 4222.72 4223.38 4224.23 4223.75 4222.81 4225.02 4226.43 4226.77 4224.49 4216.66 4209.68 4204.81 4230.95 4251.29 4262.36 4262.96 4256.02 4257.59 4261.45 4266.76 4268.08 4261.29 4257.39 4255.58 4237.63 4214.12 4216.52 4226.15 4211.08 4199.59 4210.64 4217.7 4222.6 4231.83 4229.28 4221.19 4226.9 4235.77 4248.45 4259 4267.93 4283.36 4300.62 4309.43 4293.16 4269.33 4248.21 4230.73 4225.78 4232.78 4237.3 4242.43 4248.38 4240.43 4236.79 4235.47 4229.16 4209.76 4192.88 4179.72
4217.19 4210.02 4204.28 4197.97 4190.3 4189.17 4194.51 4205.84 4216.21 4227.09 4241.1 4242.36 4239.71 4241.22 4243.79 4241.54 4236.75 4231.05 4235.94 4261.01 4280.16 4290.45 4287.85 4271.58 4266.02 4264.93 4275.55 4281.6 4274.86 4265.56 4261.59 4250.33 4235.32 4221.38 4224.39 4228.92 4223.22 4231.17 4228.42 4222.72 4215.2 4212.29 4210.91 4215.91 4215.49 4236.09 4257.74 4272.2 4289.32 4309.61 4326.17 4298.64 4270.92 4245.56 4231.34 4240.23 4240.84 4237.46 4237.06 4236.16 4237.77 4242.55 4252.9 4247.68 4226.69 4208.42 4193.74
4210.65 4204.77 4197.33 4189.07 4179.16 4170.86 4178.34 4194.44 4209.63 4222.84 4238.33 4245.35 4248.13 4253.56 4260.31 4260.66 4264.59 4269.75 4282.19 4301.46 4315.38 4326.68 4329.35 4316.97 4293.92 4278.08 4293.46 4307.8 4313.17 4309.5 4288.06 4279.71 4252.84 4234.68 4242.32 4265.61 4274.13 4257.09 4243.23 4229.41 4214.31 4213.3 4214.29 4215.22 4216.21 4225.36 4248.15 4268.43 4281.62 4295.38 4302.75 4284.63 4263.46 4243.48 4231.38 4236.86 4236.27 4231.55 4227.29 4222.67 4229.94 4239 4238.01 4241.35 4231.79 4217 4203.14
4214.56 4206.81 4198.22 4189.17 4178.16 4174.51 4181.82 4195.53 4208.87 4217.34 4220.39 4236.68 4250.05 4261.17 4273.18 4277.19 4294.98 4319.42 4331.28 4334.65 4342.56 4358.71 4377.17 4374.07 4342.51 4312 4312.03 4330.69 4364.19 4372.75 4356.29 4333.49 4310.46 4291.9 4290.97 4297.13 4295.73 4278.28 4259.96 4244.57 4228.03 4222.97 4222.3 4217.92 4221.42 4253.44 4264.8 4265.5 4263.99 4263.57 4264.1 4259.68 4251.07 4242.39 4235.7 4232.13 4224.8 4223.62 4221.14 4220.51 4226.41 4236.98 4253.53 4242.84 4232.8 4221.17 4210.12
4218.59 4212.39 4203.85 4195.03 4186.31 4185.13 4194.31 4206.63 4217.91 4224.93 4228.9 4239.53 4252.19 4264.37 4279.12 4290.36 4314.01 4341.3 4353.43 4344.26 4342 4359.21 4398.82 4414.75 4380.62 4333.67 4295.94 4301.71 4348.95 4378.15 4391 4350.66 4354.07 4369.56 4338.21 4321.16 4304.24 4281.87 4272.94 4270.19 4256.67 4237.8 4238.81 4247.82 4263.7 4301.15 4283.75 4257.4 4242.55 4229.21 4227.71 4234.81 4237.62 4239.27 4245.99 4232.05 4222.77 4219.93 4217.45 4216.46 4221.15 4230.73 4233.89 4237.38 4232.08 4223.32 4214.27
4224.78 4219.68 4214.17 4209.14 4202.15 4203.18 4212.98 4222.91 4232.94 4240.78 4247.5 4247.27 4250.78 4257.75 4262.17 4290.49 4316.38 4331.21 4345.99 4318.93 4298.75 4299.73 4327.86 4332.23 4303.68 4258.93 4212.35 4197.64 4202.38 4223.18 4239.66 4255.24 4280.14 4319.8 4326.41 4334.75 4326.33 4298.42 4297.16 4304.15 4303.97 4278.69 4269.61 4268.02 4235.84 4211 4237.73 4235.82 4223.36 4208.31 4208.42 4217.93 4224.59 4228.7 4228.12 4224.3 4223.85 4219.04 4215.57 4213.84 4217.7 4227.34 4236.39 4232.94 4229.61 4225.16 4218.95
4232.07 4227.89 4226.05 4225.29 4226.91 4225.74 4231.35 4242.28 4249.9 4252.54 4252.11 4249.35 4246.21 4245.08 4248.74 4265.84 4295.55 4329.19 4303.72 4253.64 4215.97 4188.69 4167.69 4146.64 4110.65 4097.45 4082.18 4063.25 4053.61 4065.86 4085.01 4098.5 4119.21 4164.93 4264.41 4348.63 4353.12 4340.05 4336.63 4332.14 4339.29 4354.29 4306.42 4259.28 4224.61 4199.69 4218.81 4222.83 4215.06 4203.04 4204.39 4211.56 4217.67 4220.19 4216.17 4217.46 4220.72 4218.38 4216.45 4214.86 4215.71 4223.51 4225.09 4228.31 4227.33 4223.04 4216.96
4240.85 4238.26 4237.93 4239.87 4247.03 4246.99 4254.74 4265.03 4269.6 4266.27 4257.72 4247.06 4233.74 4220.98 4216.46 4214.88 4225.39 4242.69 4186.54 4150.99 4111 4064.2 4011.01 3984.4 3959.07 3961 3955 3937.83 3925.19 3933.76 3955.15 3979.18 4003.04 4058.33 4170.4 4288.62 4315.25 4323.7 4334.65 4344.29 4358.35 4357.67 4325.01 4271.47 4251.51 4247.09 4237.98 4229.23 4220.28 4212.44 4210.75 4213.81 4217.86 4221.15 4224.52 4230.61 4223.66 4219.02 4221 4223.76 4228.26 4226.72 4227.17 4226.87 4225.95 4221.87 4216.04
4248.44 4247.17 4247.46 4251.69 4254.55 4280.67 4287.82 4289.38 4291.1 4284.05 4266.81 4242.4 4214.3 4186.94 4168.84 4142.48 4110.62 4059.15 4050.79 4042.32 4011.79 3964.57 3907.55 3888.67 3878.2 3874.24 3859.81 3830.76 3814.7 3821.17 3846.9 3886.23 3917.88 3973.68 4053.22 4122.7 4193.26 4236.42 4269.9 4309.78 4353.61 4370.58 4341.37 4305.46 4285 4287.79 4261.51 4243.67 4231.02 4225.51 4219.43 4219.43 4222.22 4226.88 4234.29 4242.87 4226.75 4222.13 4228.46 4231.89 4232.09 4227.66 4228.95 4228.42 4226.48 4222.01 4215.07
4260.68 4259.14 4256.88 4263.78 4278.21 4293.3 4302.89 4303.09 4307.06 4303.05 4273.75 4230.06 4185.74 4144.64 4113.06 4069.88 4019.77 3964.31 3960 3959.27 3937.96 3897.44 3862.63 3838.64 3832.73 3829.38 3811.85 3767.37 3747.11 3736.42 3771.26 3789.2 3835.03 3903.07 3972.34 4024.8 4087.51 4124.37 4145.68 4191.73 4269.1 4331.32 4344.44 4343.2 4316.68 4281.26 4275.52 4261.75 4242.97 4229.82 4230.13 4230.61 4231.17 4232.65 4236.3 4241.14 4240.21 4240.44 4241.17 4239.97 4229.81 4223.59 4227.31 4235.01 4232.7 4227.25 4220.13
4269.22 4268.91 4267.5 4271.91 4283.99 4304.1 4302.16 4297.85 4306.01 4327.01 4270.36 4202.08 4147.6 4100.19 4056.49 4006.02 3955.87 3911.11 3910.6 3913.52 3900.52 3861.73 3816.96 3825.02 3816.35 3820.38 3816.33 3811.05 3804.26 3800.16 3777.32 3731.21 3782.8 3860.54 3938.04 3997 4023.12 4033.11 4028.32 4054.14 4136.26 4229.73 4310.23 4357.48 4360.2 4331.63 4305.08 4290.3 4266.43 4246.62 4248.02 4244.92 4241.32 4237.35 4234.86 4236 4249.91 4257.77 4253.26 4258.31 4270.68 4266.2 4258.66 4250.28 4241.53 4232.29 4223.63
4277.93 4277.92 4271.99 4272.58 4285.71 4298.52 4285.14 4263.92 4248.47 4240.87 4200.34 4144.1 4096.67 4055.18 4017.4 3972.39 3910.42 3877.14 3893.26 3896.95 3897.13 3894.97 3872.13 3881.99 3860.56 3824.15 3818.36 3847.07 3853.88 3860.69 3826.86 3837.7 3817.63 3864.63 3913.2 3954.55 3980.78 3987.29 3987.16 3973.46 4023.97 4128.64 4249.68 4339.41 4392.29 4381.56 4345.76 4329.9 4313.67 4293.78 4275.22 4262.9 4252.75 4241.89 4233.65 4229.68 4231.35 4241.45 4250.39 4266.73 4289.75 4308.85 4285.32 4266.38 4252.73 4239.65 4228.22
4292.16 4286.95 4275.38 4263.06 4269.59 4281.2 4255.31 4209.33 4157.97 4112.31 4092.38 4067.4 4038.96 4009.2 3989.28 3971.4 3939.31 3931.61 3907.61 3888.17 3887.69 3920.18 3928.8 3876.7 3834.63 3784.17 3765.88 3766.67 3767.21 3775.97 3802.03 3844.61 3868.1 3880.44 3927.66 3950.25 3956.41 3956.88 3955.51 3947.64 3964.34 4053.22 4178.72 4293.45 4392.83 4412.07 4385.94 4366.44 4344.45 4321.33 4298.72 4279.51 4262.09 4245.68 4230.63 4214.12 4205.21 4211.26 4238.16 4260.49 4273.22 4274.74 4281.31 4271.12 4257.95 4245.17 4233.17
4304.74 4300.31 4287.25 4269.66 4284.32 4286.02 4229.63 4153.26 4072.39 4013.92 4002.59 3993.48 3980.47 3968.15 3962.06 3970.24 4013.33 3980.37 3902.37 3854.63 3829.08 3817.99 3795.6 3745.18 3714.94 3693.37 3676.4 3663.78 3650.28 3663.07 3701.23 3738.85 3780.29 3835.5 3912.25 3939.24 3928.78 3924.59 3922.13 3920.58 3936.54 3990.11 4084.84 4208.62 4338.5 4404.24 4419.17 4394.74 4343.22 4331.59 4315.69 4292.31 4268.87 4248.45 4230.44 4216.01 4202.71 4211.22 4236.11 4258.73 4275.29 4275.43 4281.41 4274.46 4262.85 4250.2 4236.85
4315.08 4313.69 4306.69 4298.12 4322.26 4297.8 4205.77 4106.49 4006.21 3940.24 3936.88 3935.89 3929.18 3923.53 3918.29 3916.07 3912.21 3890.1 3844.38 3790.42 3738.84 3689.31 3653.66 3621.85 3599.62 3585.11 3573.67 3562.44 3551.23 3561.38 3585.34 3609.2 3653.59 3735.74 3813.87 3857.41 3876.78 3889.93 3895.38 3893.51 3917.27 3926.21 3965.41 4095.54 4237.19 4339.94 4417.48 4408.76 4402.2 4365.25 4328.82 4297.05 4270.48 4248.95 4230.18 4216.41 4216 4229.17 4242.71 4261 4284.32 4302.59 4290.32 4277.34 4264.61 4251.65 4236.71
4321.53 4323.79 4324.21 4317.87 4322.25 4267.41 4168.12 4070.29 3978.22 3918.64 3903.16 3895.61 3885.1 3879.21 3862.39 3840.66 3822.04 3803.99 3769.22 3715.39 3648.05 3571.44 3530.26 3505.29 3490.02 3477.9 3464.89 3452.78 3443.59 3461.26 3488.41 3506.7 3548.35 3622.41 3699.12 3759.35 3806.36 3847.61 3881.41 3883.2 3877.78 3879.56 3897.72 3999.72 4108.93 4208.64 4287.47 4361.57 4433.59 4372 4323.82 4289.83 4264.84 4245.16 4229.72 4217.44 4219.5 4230.96 4241.89 4255.06 4271.71 4293.61 4289.36 4278.04 4264.63 4252.74 4239.41
4319.31 4321.62 4325.54 4332.64 4238.01 4180.08 4115.94 4042.25 3962.87 3914.03 3891.09 3871.02 3849.8 3835.97 3809.78 3776.91 3746.42 3736.89 3699.27 3647.33 3584.9 3506.4 3451.36 3406.23 3398.64 3386.62 3365.29 3348.86 3342.33 3373.59 3407.11 3405.88 3442.23 3514.77 3585.72 3656.67 3721.59 3788.2 3857.68 3876.29 3873.21 3881.98 3895.12 3945.74 3993.83 4078.34 4137.3 4243.29 4327.77 4311.52 4286.9 4267.06 4252.13 4239.73 4229 4220.59 4215.39 4224.1 4236.42 4244.64 4250.91 4269.15 4277.78 4272.55 4263.38 4252.46 4241.39
4305.53 4302.38 4295.18 4247.78 4140.15 4097.44 4071.73 4034.22 3982.09 3932.2 3892.64 3854.17 3818.1 3791.96 3763.7 3737.02 3721.69 3680.91 3634.43 3586.8 3541.81 3499.4 3422.56 3367.23 3345.57 3327.64 3304.2 3290.1 3292.31 3314.77 3326.71 3323.31 3362.93 3428.58 3494.57 3557.8 3623.86 3700.89 3794.66 3868.33 3880.8 3909.58 3936.93 3939.73 3953.67 4008.52 4044.21 4113.13 4179.31 4216.31 4228.89 4232.48 4233.34 4230.88 4227.81 4225.85 4222.29 4218.06 4228.77 4236.34 4246.04 4257.52 4263.96 4262.23 4255.77 4245.71 4236.18
4283 4273.38 4256.06 4201.42 4076.04 4048.12 4045.91 4042.8 4029.98 3966.79 3897.87 3838.09 3787.33 3751 3715.71 3684.4 3645.95 3610.13 3566.33 3521.64 3482.87 3444.4 3388.23 3346.32 3318.75 3298.27 3279.57 3268.43 3269.76 3285.18 3307.39 3294.69 3312.69 3357.67 3410.63 3459.17 3515.32 3581.34 3666.81 3769.96 3815.16 3884.35 3935.68 3958.61 3975.63 4002.14 4021.1 4029.77 4069.09 4136.51 4179.87 4201.55 4215.19 4222.5 4226.54 4226.27 4221 4212.86 4220.04 4227.53 4235.38 4245.69 4253.29 4253.36 4248.67 4241.24 4233.15
4255.14 4237.12 4205.78 4133.67 4037.44 4020.73 4028.22 4041.78 4042.44 3971.68 3888.84 3814.13 3752.1 3698.96 3657.25 3626.02 3579.36 3536.72 3495.83 3453.56 3409.37 3376.68 3349.16 3323.61 3305.28 3287.45 3271.16 3262.25 3260.48 3264.63 3267.12 3261.4 3266.49 3283.96 3319.33 3362.98 3404.99 3451.7 3523.73 3635.6 3717.57 3808.78 3894.15 3979.43 4026.8 4021.21 4023.87 4003.41 4032.07 4103.76 4154.09 4187.77 4207.3 4217.06 4222.64 4225.66 4224.53 4213.99 4215.55 4218.94 4225.02 4236.38 4244.69 4246.15 4242.52 4237.28 4230.71
4227.94 4203.35 4163.31 4093.06 4022.77 4005.97 4008.48 4016.19 4005.74 3939.36 3855.99 3774.78 3707.98 3637.5 3581.89 3537.6 3487.94 3459.6 3430.1 3395.55 3351.72 3327.34 3333.16 3322.37 3304.97 3290.02 3277.17 3265.03 3257.28 3251.5 3244.23 3232.41 3230.92 3229.47 3249.39 3284.34 3311.79 3338.49 3399.78 3535.03 3635.86 3724.85 3828.36 3930.89 3998.69 4026.55 4044.97 4046.69 4066.5 4116.4 4159.54 4191.46 4205.54 4218.1 4226.56 4228.14 4222.48 4211.95 4207.74 4208.8 4214.6 4226.58 4235.46 4237.49 4234.26 4229.87 4224.35
4206.01 4177.71 4137.17 4077.59 4022.27 3995.4 3984.4 3976.44 3951.02 3890.02 3815.4 3734.26 3657.34 3574.77 3499.14 3431.91 3394.72 3392.87 3381.47 3362.78 3340.17 3327.85 3329.45 3323.14 3310.54 3297.23 3285.37 3271.79 3258.91 3246.71 3234.38 3222.91 3216.56 3214.52 3222.33 3237.02 3249.34 3260.7 3309.18 3429.3 3558.37 3649.9 3755.82 3867 3952.55 4017.72 4072.99 4095.59 4119.49 4151.75 4180.72 4204.87 4217.72 4229.94 4234.49 4233.46 4229.06 4212.2 4199.33 4195.51 4199.63 4216.67 4228.78 4229.36 4226.28 4221.64 4217.17
4193.03 4161.09 4117.46 4062.57 4015.86 3983.67 3957.96 3933.28 3897.67 3840.26 3770.16 3690.61 3606.82 3518.62 3430.97 3350.66 3334.13 3348.8 3350.9 3346.81 3340.16 3334.42 3332.14 3328.11 3321.01 3310.33 3297.21 3287.16 3268.52 3247.87 3230.4 3218.55 3214.92 3216.77 3215.09 3216.15 3219.79 3226.22 3257.06 3350.45 3483.94 3574.02 3682 3789.9 3902.16 4001.4 4091.92 4161.19 4172.79 4191.29 4207.31 4224.07 4233.48 4241.78 4240.48 4241.2 4234.79 4219.47 4193.08 4184.17 4188.46 4207.02 4220.33 4220.04 4217.67 4214.8 4211.6
4184.72 4152.87 4111.32 4055.84 4010.78 3975.27 3936.9 3887.62 3843.53 3797.42 3732.06 3653.29 3567.82 3478.86 3395.15 3330.8 3318.12 3330.51 3336.87 3340.8 3341.7 3338.99 3338.19 3338.07 3336.92 3332.59 3323.15 3307.3 3281.29 3252.19 3229.97 3218.51 3215.65 3217.11 3212.81 3210.39 3213.65 3223.9 3235.77 3294.9 3410.86 3497.96 3618.16 3741.38 3860.34 3976.85 4088.26 4181.07 4206.87 4222.17 4233.73 4243.57 4250.13 4254.75 4248.48 4248.51 4244.28 4223.41 4189.56 4180.65 4185.74 4197.3 4206 4208.35 4207.68 4207.42 4205.74
4180.76 4152.47 4109.95 4057.69 4012.62 3977.86 3937.95 3879.67 3827.89 3777.03 3707.83 3626.14 3538.88 3454.14 3380.84 3334.8 3325.15 3326.03 3331.85 3339.97 3347.83 3343.83 3342.52 3350.14 3356.47 3357.55 3348.83 3329.58 3298.97 3261.38 3231.29 3219.75 3216.93 3216.54 3211.29 3209.79 3215.2 3227.09 3229.77 3269.67 3357.6 3443.64 3567.44 3700.1 3819.84 3940.41 4061.23 4166.3 4216.29 4239.2 4251.81 4260.5 4262.92 4263.54 4256.3 4254.96 4250.4 4228.81 4193.61 4184.09 4185.84 4190.58 4196.07 4197.1 4198.01 4198.88 4198.66
4183.57 4160.47 4121.82 4046.71 4014.25 3991.64 3964.98 3929.79 3860.53 3781.52 3697.86 3610.08 3518.59 3436.16 3370.93 3336.56 3328.71 3327.6 3331.65 3338.96 3345.95 3348.24 3353.58 3366.57 3378.81 3384.61 3378.16 3356.92 3329.49 3286.09 3245.71 3229.12 3219.25 3213.86 3209.37 3210.07 3216.59 3225.78 3230.42 3258.62 3319.9 3401.35 3517.44 3647.24 3769.91 3891.97 4012.15 4132.13 4207.88 4242.06 4262.02 4270.31 4272.41 4269.51 4258.2 4255.32 4249.3 4231.15 4204.65 4191.64 4188.58 4186.96 4182.42 4186.91 4190.04 4191.2 4192.51
4183.94 4167.75 4128.04 4050.05 4024.11 4010.42 3993.82 3964.04 3887.98 3791.26 3694.1 3594.42 3500.66 3419.26 3357.78 3331.66 3328.85 3328.03 3331.95 3338.25 3346.02 3355.11 3367.78 3385.71 3403.49 3415.6 3418.93 3403.73 3377.37 3343.69 3293.01 3252.52 3223.05 3207.88 3205.55 3209.49 3217.97 3226.27 3231.92 3246.22 3278.98 3351.87 3463.78 3587.63 3716.42 3841.46 3963.25 4089.31 4187.03 4238.95 4264.69 4275.05 4278.33 4274.42 4261.01 4254.97 4245.24 4230.7 4219.46 4200.18 4194.04 4189.06 4188.99 4187.14 4184.43 4185.14 4186.22
