real_craters/C072-750m.grd
DSAA
76 76
-28.07 28.07
-28.07 28.07
3194.1262482457 4417.0302637954
[rows 0 to 41 of 76, columns 0 to 75 of 76]
4056 4064 4072 4067 4069 4081 4079 4078 4072 4068 4065 4065 4065 4063 4063 4062 4058 4060 4061 4060 4061 4063 4064 4065 4067 4072 4086 4081 4080 4082 4083 4082 4080 4070 4079 4078 4065 4039 4076 4064 4065 4063 4065 4063 4065 4073 4067 4065 4064 4064 4065 4068 4069 4068 4067 4065 4059 4056 4055 4064 4060 4060 4068 4080 4083 4090 4095 4102 4098 4096 4092 4082 4088 4085 4090 4089
4059 4061 4064 4064 4064 4066 4070 4071 4077 4076 4072 4070 4069 4068 4066 4065 4065 4067 4065 4064 4065 4067 4065 4065 4066 4072 4074 4075 4078 4081 4084 4085 4088 4088 4087 4082 4073 4078 4071 4064 4068 4065 4065 4068 4076 4070 4072 4075 4067 4063 4063 4066 4069 4069 4069 4066 4062 4057 4055 4067 4066 4062 4068 4071 4068 4089 4095 4097 4102 4103 4105 4091 4106 4092 4088 4088
4058 4056 4055 4058 4058 4058 4059 4062 4067 4071 4076 4076 4074 4072 4070 4069 4069 4072 4068 4073 4078 4073 4072 4070 4068 4081 4076 4075 4080 4085 4088 4088 4087 4091 4095 4085 4076 4071 4077 4081 4074 4073 4070 4081 4108 4084 4079 4078 4089 4070 4070 4069 4070 4072 4072 4072 4064 4059 4059 4063 4065 4065 4066 4063 4060 4074 4090 4101 4105 4106 4101 4095 4089 4090 4091 4090
4059 4059 4057 4055 4054 4055 4057 4060 4066 4069 4074 4076 4076 4075 4074 4071 4065 4057 4065 4072 4073 4076 4076 4076 4075 4089 4072 4073 4080 4087 4094 4095 4086 4088 4085 4081 4072 4061 4069 4080 4079 4082 4087 4080 4076 4071 4067 4068 4073 4070 4071 4071 4072 4074 4074 4069 4066 4063 4060 4058 4064 4063 4049 4030 4068 4064 4071 4089 4101 4106 4108 4097 4087 4091 4098 4102
4063 4059 4057 4054 4052 4053 4058 4061 4063 4066 4070 4073 4075 4076 4079 4073 4063 4063 4067 4072 4076 4078 4080 4083 4086 4077 4068 4072 4079 4088 4100 4111 4100 4082 4077 4077 4074 4063 4069 4079 4089 4086 4085 4081 4084 4076 4069 4078 4073 4071 4063 4071 4074 4076 4078 4072 4066 4065 4064 4061 4058 4060 4064 4081 4070 4065 4067 4082 4095 4100 4100 4093 4086 4091 4102 4125
4063 4058 4054 4054 4054 4056 4061 4067 4069 4068 4071 4071 4076 4076 4070 4074 4070 4069 4072 4075 4077 4080 4083 4086 4091 4082 4075 4074 4081 4089 4099 4111 4098 4082 4078 4079 4078 4076 4075 4078 4079 4086 4101 4091 4108 4093 4092 4084 4079 4077 4078 4076 4077 4078 4078 4068 4066 4066 4067 4069 4071 4061 4070 4069 4065 4067 4071 4084 4092 4095 4097 4100 4099 4113 4105 4101
4060 4055 4055 4056 4055 4059 4064 4071 4064 4073 4076 4081 4077 4078 4081 4083 4082 4078 4075 4077 4086 4082 4083 4084 4085 4081 4076 4078 4082 4088 4093 4095 4092 4088 4083 4082 4079 4077 4082 4091 4085 4086 4107 4101 4100 4100 4095 4093 4090 4085 4082 4079 4078 4077 4073 4067 4068 4067 4067 4064 4063 4060 4063 4059 4062 4066 4070 4080 4085 4088 4089 4089 4088 4110 4106 4099
4057 4061 4058 4060 4063 4063 4064 4065 4062 4071 4075 4073 4073 4076 4081 4092 4106 4087 4080 4079 4079 4085 4085 4084 4084 4078 4074 4077 4082 4086 4087 4085 4090 4092 4092 4084 4079 4078 4080 4087 4089 4087 4091 4085 4095 4095 4101 4103 4098 4091 4084 4082 4079 4077 4073 4072 4070 4069 4067 4065 4061 4062 4059 4060 4063 4067 4071 4075 4079 4081 4078 4081 4089 4103 4103 4102
4054 4055 4059 4061 4064 4064 4064 4064 4068 4079 4078 4068 4069 4073 4078 4083 4083 4080 4076 4081 4090 4092 4089 4084 4082 4080 4072 4075 4079 4083 4085 4084 4078 4078 4080 4083 4085 4082 4075 4082 4094 4093 4094 4082 4088 4085 4054 4099 4098 4100 4094 4084 4079 4075 4079 4074 4072 4072 4070 4068 4065 4066 4065 4064 4067 4066 4067 4072 4076 4078 4081 4074 4087 4090 4100 4105
4055 4056 4064 4068 4065 4068 4065 4062 4066 4078 4079 4074 4075 4073 4073 4081 4080 4071 4069 4076 4086 4092 4092 4091 4086 4075 4073 4076 4079 4084 4089 4089 4087 4082 4081 4084 4081 4084 4079 4101 4093 4098 4095 4096 4092 4092 4093 4084 4087 4082 4082 4082 4079 4075 4069 4075 4075 4074 4072 4070 4068 4070 4070 4064 4069 4067 4070 4074 4074 4076 4083 4086 4089 4089 4101 4117
4059 4063 4069 4085 4095 4074 4067 4062 4063 4065 4069 4078 4080 4081 4079 4075 4071 4062 4054 4071 4082 4086 4095 4100 4095 4076 4076 4077 4081 4086 4094 4111 4106 4093 4089 4088 4086 4093 4100 4103 4099 4087 4099 4102 4091 4093 4101 4088 4083 4077 4080 4082 4082 4079 4075 4078 4079 4078 4076 4071 4077 4074 4067 4066 4068 4068 4071 4074 4073 4072 4072 4086 4092 4091 4100 4110
4056 4061 4063 4062 4065 4068 4065 4063 4060 4063 4068 4067 4069 4073 4073 4065 4065 4066 4084 4075 4082 4088 4095 4103 4107 4088 4082 4083 4084 4088 4091 4090 4102 4107 4097 4091 4084 4098 4110 4102 4098 4090 4089 4085 4085 4089 4086 4062 4082 4074 4088 4091 4088 4085 4085 4083 4083 4083 4084 4088 4076 4079 4070 4069 4076 4073 4074 4069 4071 4074 4078 4081 4092 4089 4094 4094
4051 4056 4060 4060 4061 4063 4062 4058 4059 4060 4062 4065 4072 4068 4066 4065 4063 4065 4067 4073 4081 4087 4087 4086 4085 4085 4085 4085 4086 4087 4089 4092 4097 4098 4100 4099 4104 4103 4107 4110 4110 4092 4087 4086 4090 4100 4098 4088 4099 4134 4107 4099 4093 4088 4090 4088 4087 4087 4089 4088 4085 4079 4079 4078 4083 4072 4075 4076 4073 4075 4081 4090 4092 4091 4089 4089
4063 4062 4064 4065 4065 4063 4063 4064 4065 4063 4056 4060 4062 4070 4065 4061 4060 4062 4063 4070 4077 4082 4080 4079 4087 4092 4091 4090 4090 4090 4090 4104 4106 4108 4103 4099 4095 4107 4105 4109 4096 4082 4106 4096 4102 4110 4122 4115 4091 4102 4114 4105 4097 4090 4086 4089 4089 4089 4089 4095 4089 4085 4084 4086 4092 4088 4087 4079 4077 4076 4083 4106 4097 4097 4093 4088
4066 4064 4065 4071 4066 4063 4061 4060 4066 4067 4066 4065 4065 4061 4059 4057 4061 4063 4066 4070 4076 4083 4087 4082 4088 4091 4094 4095 4097 4098 4094 4095 4109 4112 4107 4100 4093 4113 4128 4111 4112 4092 4101 4122 4118 4108 4101 4113 4085 4097 4108 4106 4100 4095 4095 4092 4089 4086 4085 4085 4097 4093 4099 4089 4093 4091 4091 4084 4083 4082 4082 4081 4106 4105 4093 4089
4053 4057 4059 4059 4062 4063 4063 4065 4074 4076 4076 4073 4076 4059 4065 4065 4066 4066 4066 4069 4074 4081 4095 4103 4081 4087 4097 4103 4109 4115 4104 4104 4113 4114 4113 4111 4108 4098 4103 4105 4116 4126 4120 4137 4131 4160 4136 4107 4080 4101 4107 4105 4100 4096 4097 4094 4090 4087 4083 4086 4110 4105 4106 4101 4101 4098 4101 4093 4089 4092 4089 4090 4104 4115 4096 4091
4052 4055 4056 4057 4060 4064 4069 4072 4071 4071 4070 4072 4070 4074 4081 4087 4073 4069 4067 4069 4073 4076 4091 4092 4099 4098 4104 4110 4119 4133 4168 4164 4132 4124 4128 4129 4137 4110 4104 4114 4135 4169 4127 4155 4121 4088 4153 4109 4108 4107 4109 4109 4105 4096 4096 4094 4091 4087 4083 4084 4093 4088 4094 4099 4098 4096 4095 4089 4087 4089 4088 4089 4091 4091 4102 4096
4056 4056 4055 4057 4060 4064 4064 4067 4068 4069 4074 4076 4075 4075 4073 4073 4074 4072 4070 4071 4076 4083 4109 4105 4086 4102 4111 4120 4128 4134 4113 4114 4096 4119 4145 4161 4177 4166 4159 4191 4266 4225 4155 4132 4120 4101 4085 4096 4114 4129 4124 4119 4108 4093 4097 4094 4093 4091 4089 4089 4094 4099 4098 4096 4095 4096 4100 4092 4089 4090 4087 4084 4086 4084 4089 4098
4061 4059 4057 4057 4062 4066 4067 4068 4069 4072 4080 4085 4077 4076 4074 4073 4074 4074 4075 4077 4084 4092 4114 4114 4102 4110 4121 4131 4141 4142 4143 4135 4122 4148 4181 4212 4200 4189 4168 4222 4200 4206 4203 4188 4188 4127 4107 4106 4138 4168 4157 4132 4109 4091 4093 4094 4095 4096 4098 4097 4096 4100 4114 4090 4096 4094 4095 4095 4093 4089 4090 4089 4086 4082 4092 4099
4065 4061 4060 4061 4063 4070 4086 4078 4074 4070 4081 4078 4070 4071 4074 4074 4076 4078 4081 4089 4091 4101 4124 4117 4114 4119 4133 4146 4157 4163 4158 4175 4195 4199 4228 4237 4198 4138 4185 4188 4198 4180 4230 4223 4207 4166 4155 4149 4144 4167 4171 4134 4107 4088 4092 4096 4099 4102 4105 4103 4102 4117 4110 4095 4089 4095 4095 4095 4094 4093 4090 4089 4087 4087 4088 4095
4053 4059 4062 4063 4065 4066 4066 4076 4084 4104 4084 4072 4069 4074 4070 4074 4077 4079 4083 4086 4090 4092 4090 4097 4114 4129 4149 4168 4180 4194 4198 4197 4211 4221 4248 4281 4221 4185 4186 4199 4193 4207 4220 4227 4219 4196 4204 4167 4139 4128 4122 4123 4114 4097 4100 4102 4103 4106 4109 4107 4104 4113 4106 4102 4088 4100 4102 4098 4096 4098 4094 4092 4095 4094 4090 4094
4057 4060 4063 4065 4065 4065 4067 4075 4082 4077 4078 4072 4072 4075 4075 4080 4081 4082 4084 4086 4086 4085 4087 4090 4113 4145 4170 4191 4206 4209 4210 4199 4198 4211 4232 4266 4234 4224 4218 4178 4189 4210 4234 4226 4220 4218 4209 4168 4141 4099 4106 4122 4129 4122 4109 4108 4108 4108 4100 4107 4107 4112 4112 4104 4100 4093 4101 4102 4103 4104 4099 4097 4095 4091 4090 4093
4060 4067 4063 4067 4068 4067 4069 4076 4080 4080 4078 4076 4085 4093 4095 4087 4084 4082 4081 4077 4081 4089 4100 4126 4141 4164 4187 4211 4234 4242 4214 4196 4192 4199 4208 4238 4229 4236 4228 4178 4190 4200 4236 4235 4226 4201 4200 4167 4140 4108 4134 4139 4135 4119 4111 4110 4112 4117 4122 4119 4134 4115 4116 4112 4098 4107 4106 4110 4106 4106 4103 4102 4100 4097 4097 4094
4099 4085 4078 4075 4074 4074 4074 4080 4084 4088 4086 4083 4083 4086 4084 4085 4084 4083 4082 4079 4083 4096 4135 4193 4182 4186 4202 4223 4251 4276 4218 4194 4187 4193 4203 4223 4230 4251 4238 4223 4187 4195 4217 4234 4251 4234 4215 4174 4164 4145 4191 4169 4118 4106 4111 4117 4118 4119 4124 4124 4128 4111 4109 4113 4104 4111 4121 4122 4134 4118 4108 4108 4113 4113 4102 4109
4076 4081 4084 4078 4078 4087 4088 4085 4088 4089 4088 4086 4083 4078 4083 4085 4085 4085 4086 4094 4103 4104 4126 4136 4188 4200 4211 4223 4240 4249 4232 4209 4197 4196 4200 4223 4246 4254 4240 4213 4219 4194 4192 4208 4214 4210 4224 4202 4205 4203 4230 4202 4142 4120 4126 4128 4124 4121 4122 4121 4119 4119 4112 4103 4104 4106 4115 4121 4121 4114 4113 4113 4118 4122 4107 4120
4075 4073 4073 4076 4075 4071 4080 4087 4093 4099 4103 4100 4094 4082 4082 4085 4086 4088 4088 4093 4094 4113 4141 4199 4208 4216 4217 4219 4215 4224 4228 4213 4216 4212 4205 4241 4256 4263 4266 4256 4199 4206 4211 4234 4228 4244 4268 4295 4252 4217 4237 4233 4218 4175 4156 4144 4133 4120 4116 4118 4115 4113 4114 4103 4108 4119 4121 4114 4107 4107 4114 4114 4113 4104 4105 4128
4077 4074 4076 4077 4075 4076 4080 4088 4097 4107 4109 4112 4103 4094 4095 4090 4090 4090 4092 4093 4098 4101 4147 4226 4225 4223 4222 4209 4191 4175 4208 4246 4250 4258 4265 4313 4312 4277 4307 4280 4235 4262 4244 4210 4214 4229 4279 4305 4250 4240 4230 4233 4242 4213 4185 4164 4147 4127 4118 4117 4109 4105 4105 4105 4117 4113 4107 4108 4103 4102 4112 4115 4114 4112 4107 4107
4079 4082 4086 4082 4078 4077 4083 4090 4098 4108 4127 4116 4103 4101 4095 4097 4098 4097 4098 4097 4099 4124 4156 4193 4241 4245 4235 4218 4200 4192 4220 4238 4261 4298 4354 4335 4410 4308 4294 4344 4358 4326 4275 4267 4254 4282 4240 4222 4235 4229 4217 4221 4236 4222 4199 4176 4162 4159 4140 4125 4115 4107 4104 4115 4120 4112 4105 4108 4109 4111 4114 4116 4118 4119 4112 4108
4079 4078 4082 4084 4083 4082 4085 4091 4096 4100 4101 4107 4103 4111 4107 4105 4107 4109 4110 4110 4111 4140 4141 4231 4258 4257 4248 4239 4237 4242 4265 4254 4232 4230 4222 4120 4015 3983 3945 3983 4052 4338 4342 4361 4282 4236 4221 4209 4220 4227 4219 4225 4227 4221 4203 4180 4161 4147 4137 4123 4109 4139 4128 4130 4121 4118 4120 4111 4114 4122 4120 4119 4120 4120 4114 4115
4082 4079 4082 4085 4087 4089 4089 4091 4093 4095 4099 4112 4112 4132 4103 4112 4117 4119 4122 4128 4143 4133 4131 4218 4261 4269 4267 4263 4266 4297 4308 4261 4140 4037 3938 3913 3830 3821 3748 3763 3865 4029 4094 4249 4351 4291 4255 4235 4235 4241 4246 4230 4238 4228 4205 4177 4149 4124 4126 4136 4146 4167 4132 4114 4114 4116 4112 4120 4121 4116 4117 4119 4122 4123 4125 4126
4085 4086 4086 4087 4089 4089 4089 4089 4089 4091 4097 4111 4119 4126 4133 4130 4129 4130 4134 4139 4134 4111 4133 4197 4260 4288 4293 4289 4266 4280 4185 4105 4025 3961 3908 3898 3897 3790 3789 3823 3872 3950 3966 3985 4275 4400 4346 4292 4250 4215 4232 4278 4275 4242 4212 4181 4148 4116 4116 4121 4169 4183 4159 4143 4121 4116 4115 4122 4123 4118 4116 4118 4122 4125 4123 4123
4086 4088 4087 4087 4086 4088 4088 4089 4089 4090 4089 4098 4104 4118 4131 4136 4138 4141 4146 4151 4146 4146 4187 4238 4284 4299 4306 4319 4306 4266 4013 3924 3911 3893 3833 3695 3595 3550 3522 3560 3681 3837 3889 3911 4024 4326 4415 4323 4255 4216 4240 4287 4281 4248 4215 4186 4156 4131 4124 4109 4112 4152 4185 4167 4122 4121 4125 4125 4125 4122 4116 4119 4124 4129 4133 4128
4083 4079 4084 4087 4088 4089 4090 4091 4092 4094 4098 4107 4107 4113 4120 4135 4146 4153 4157 4158 4167 4169 4179 4252 4293 4296 4298 4307 4276 4103 3986 3881 3806 3742 3659 3540 3378 3332 3298 3339 3427 3593 3787 3885 3935 4027 4192 4241 4235 4225 4228 4249 4266 4248 4222 4196 4177 4163 4149 4139 4135 4142 4142 4120 4122 4124 4128 4131 4132 4129 4119 4123 4129 4134 4135 4124
4080 4080 4082 4084 4087 4089 4091 4094 4097 4098 4099 4096 4101 4104 4123 4139 4156 4163 4167 4174 4190 4215 4224 4252 4258 4266 4264 4241 4137 4017 4043 3858 3693 3593 3486 3376 3328 3283 3260 3257 3261 3347 3460 3713 3944 4026 4015 4163 4217 4227 4215 4224 4244 4235 4218 4200 4180 4179 4184 4164 4147 4135 4122 4116 4121 4127 4132 4131 4135 4132 4122 4128 4134 4138 4136 4131
4081 4081 4082 4080 4079 4087 4092 4097 4101 4103 4102 4100 4095 4103 4134 4168 4167 4171 4178 4184 4185 4254 4272 4258 4235 4236 4229 4186 4077 3979 3919 3758 3549 3347 3356 3339 3328 3302 3271 3227 3215 3220 3247 3520 3776 4024 4157 4204 4235 4238 4202 4193 4223 4217 4208 4199 4195 4203 4222 4189 4133 4137 4127 4121 4135 4138 4143 4141 4136 4134 4134 4136 4140 4145 4153 4131
4083 4084 4082 4082 4083 4089 4096 4102 4108 4111 4111 4103 4092 4091 4131 4155 4165 4172 4183 4200 4228 4230 4302 4267 4218 4221 4214 4173 4067 3970 3843 3680 3466 3331 3330 3347 3352 3364 3314 3229 3218 3211 3229 3363 3650 3953 4204 4257 4264 4255 4202 4187 4194 4197 4197 4198 4206 4216 4223 4214 4198 4159 4143 4126 4158 4142 4147 4136 4137 4141 4142 4141 4143 4146 4148 4140
4080 4083 4084 4086 4088 4093 4098 4104 4110 4115 4121 4103 4092 4104 4118 4136 4156 4173 4189 4209 4234 4244 4281 4272 4248 4233 4210 4176 4073 4021 3915 3662 3421 3322 3330 3351 3394 3445 3420 3318 3209 3212 3230 3259 3516 3832 4149 4269 4275 4252 4225 4197 4186 4180 4187 4194 4201 4218 4225 4210 4194 4166 4154 4154 4130 4126 4133 4137 4138 4141 4141 4142 4143 4144 4146 4147
4073 4082 4089 4091 4093 4096 4101 4106 4111 4114 4107 4090 4083 4095 4115 4129 4152 4167 4182 4200 4214 4228 4265 4272 4267 4247 4215 4149 4100 4035 3890 3627 3377 3291 3316 3351 3413 3459 3505 3411 3230 3226 3227 3267 3424 3758 4140 4259 4259 4234 4200 4180 4160 4166 4180 4196 4210 4227 4237 4207 4178 4160 4140 4129 4120 4128 4134 4134 4146 4144 4137 4141 4143 4143 4141 4145
4080 4086 4095 4090 4093 4099 4104 4108 4110 4110 4110 4091 4091 4104 4115 4131 4151 4162 4171 4187 4224 4243 4275 4273 4250 4247 4255 4196 4105 4041 3867 3600 3343 3263 3275 3292 3401 3548 3557 3450 3291 3266 3269 3330 3482 3783 4098 4235 4244 4227 4192 4158 4152 4162 4176 4197 4222 4231 4239 4235 4194 4169 4138 4132 4141 4140 4139 4143 4145 4146 4145 4145 4142 4141 4140 4140
4083 4087 4088 4102 4099 4101 4105 4110 4113 4109 4100 4097 4094 4089 4107 4136 4157 4159 4159 4162 4205 4265 4306 4282 4249 4261 4323 4361 4131 4011 3843 3599 3327 3229 3230 3245 3328 3395 3360 3303 3265 3289 3315 3373 3620 3945 4137 4206 4230 4240 4240 4177 4161 4167 4174 4182 4196 4217 4231 4218 4206 4195 4181 4170 4158 4140 4156 4151 4145 4149 4152 4147 4143 4141 4139 4141
4085 4089 4091 4092 4097 4101 4105 4109 4113 4118 4116 4107 4099 4094 4115 4159 4166 4156 4155 4165 4198 4279 4319 4284 4261 4274 4338 4385 4249 4045 3869 3679 3472 3291 3214 3218 3252 3348 3257 3222 3220 3241 3224 3410 3772 4061 4100 4155 4227 4248 4259 4197 4169 4175 4181 4180 4185 4198 4206 4202 4199 4201 4197 4173 4153 4148 4158 4153 4151 4149 4146 4145 4144 4142 4141 4140
4089 4092 4098 4095 4097 4102 4105 4110 4115 4119 4123 4123 4097 4122 4142 4142 4141 4146 4148 4156 4174 4249 4254 4268 4263 4272 4309 4341 4278 4079 3949 3806 3598 3409 3229 3198 3194 3243 3206 3204 3202 3203 3291 3538 3818 4007 4126 4218 4265 4246 4221 4187 4184 4196 4199 4196 4195 4193 4193 4203 4190 4179 4172 4169 4182 4172 4159 4153 4144 4148 4148 4146 4145 4144 4142 4141
