real_craters/C073-300m.grd
DSAA
188 188
-28.105 28.105
-28.105 28.105
9439.1339604247 11502.652876779
[rows 60 to 89 of 188, columns 67 to 133 of 188]
10354.6 10357.3 10360 10363.7 10365.7 10365.2 10365.6 10369.7 10400.3 10448.6 10444.7 10444.7 10453.6 10458.6 10459.7 10455.9 10450.8 10444.9 10440.7 10441.4 10443 10436.2 10436.6 10454.1 10466.1 10476.3 10486.1 10495.1 10500.5 10493.8 10485 10485.1 10490.1 10490.5 10486.3 10482 10477.2 10470.1 10464.4 10457.6 10450.6 10443.2 10435.2 10427.5 10419.6 10415.2 10416.6 10417.6 10418.1 10418.8 10418.5 10418.3 10417.7 10416.4 10414.4 10408.1 10411 10410.4 10408.3 10405.6 10402.1 10397 10398.3 10402.2 10404.6 10406.6 10409.1
10356.8 10360.4 10365.5 10366.6 10368.6 10373.2 10380.4 10392.8 10424.7 10469.4 10473.8 10472.9 10473.2 10472.1 10468.9 10463.4 10455.7 10446.9 10437.2 10431.9 10434.1 10442.9 10450.8 10464.1 10474.7 10483.1 10492.9 10501.9 10511.6 10514.3 10517.5 10492.8 10496.5 10497.9 10495.8 10491.6 10486.7 10479.5 10472.6 10463.2 10455.5 10447.3 10438.7 10430.2 10422.4 10418 10419.7 10422.6 10422.7 10423.7 10424.1 10423.3 10422.4 10421.4 10421.4 10426.3 10420.4 10414.6 10411.2 10409.2 10408 10406.4 10405.2 10406 10408.4 10409.9 10411.1
10360.4 10364.1 10366.7 10369.8 10375.3 10382.9 10398.4 10425 10461.6 10495.2 10514.3 10504.6 10494.6 10487.3 10480 10472.7 10463.3 10452.2 10439.2 10425.5 10435.9 10464.1 10480.1 10482.7 10486.5 10489 10494.4 10509.7 10506.6 10516.4 10524.9 10523 10512.8 10507.1 10500.2 10494.7 10489.5 10483.2 10476.4 10467.4 10459.6 10451.8 10443.6 10436.7 10429.2 10424.5 10424.2 10424.7 10427.4 10430 10430.5 10429.9 10428.2 10426 10424.5 10424.2 10419.5 10415.3 10413.4 10413 10414.1 10417.3 10414.3 10412.1 10412.5 10413.2 10414.1
10366.1 10373.3 10376.1 10377.6 10376.3 10385.1 10412.2 10448.3 10487.3 10518 10535.1 10523.1 10510.4 10501.4 10493.6 10486.1 10476.9 10467 10458.6 10447.7 10458.8 10482 10497.7 10500.7 10500.9 10497.3 10488.4 10474 10481.7 10494.7 10513.6 10536.6 10524.6 10517.1 10508.1 10502 10496 10489.6 10482.7 10475.3 10467.5 10461 10452.3 10443.8 10436.7 10431.9 10431.9 10432.4 10436.3 10438.9 10438.8 10437.3 10434.4 10430.2 10424.6 10417.6 10413 10414.1 10415.5 10416.3 10416.8 10415.3 10416.7 10417.7 10416.9 10416.4 10416.6
10381.4 10389.9 10397.2 10394.4 10384.2 10389.6 10421.7 10461 10495.8 10520.4 10529.9 10525.8 10521.1 10514 10509.2 10502.8 10496.7 10489.3 10484.7 10481.5 10488.5 10498.3 10511.6 10519.4 10518.6 10512.7 10499.3 10482 10483.9 10489.5 10497.6 10521.8 10526.9 10525.3 10522.5 10515.4 10509.6 10503 10495.7 10478.2 10471.2 10464.3 10457.3 10450.7 10444.8 10442.6 10443.3 10450.5 10452.1 10450.2 10448.4 10446.2 10442.6 10436.9 10428.6 10416 10408.6 10416.8 10419.9 10420.7 10420.7 10420.4 10420 10420.9 10421.6 10420.8 10419.7
10402.7 10406.9 10415.4 10410.9 10394.4 10394.8 10432.4 10473.2 10507.6 10516 10514.7 10524 10522.2 10518.9 10516.1 10514.7 10517.5 10515.6 10514.3 10514.4 10527.9 10533.2 10540.2 10543.5 10542 10537.6 10531.5 10518.6 10522.1 10529.8 10505.4 10517.6 10532.3 10535.9 10524.8 10518.2 10508.2 10492.7 10481.8 10476 10471 10466.3 10462 10458 10453 10445.8 10453.1 10460.5 10462.1 10462.4 10460.4 10456.6 10452.3 10446.5 10439.3 10432 10429.9 10428 10427.8 10426.9 10424.4 10422.7 10424 10424.5 10422.8 10424.3 10424.1
10419.6 10415.5 10415.4 10410.4 10404.8 10416.7 10448.2 10488.5 10520.9 10528 10524.9 10525.7 10520.2 10516.5 10515.9 10519.2 10528.2 10539.6 10549.5 10560.7 10577.2 10589.2 10579.9 10570.2 10564.8 10564.2 10566.8 10559.8 10573 10602.2 10558 10542.8 10543.5 10540 10520.1 10504.6 10489.6 10482 10483.6 10478.9 10476.3 10468.6 10467.1 10466.5 10467.9 10474 10476.5 10475.7 10477.8 10475.1 10473 10469.9 10465.5 10460.2 10454.6 10449.6 10443.9 10441.8 10438.1 10434.2 10431.5 10431 10428.7 10427.8 10425.6 10423.4 10428.8
10425 10418.3 10409.3 10401.4 10408 10427.8 10458.6 10503.5 10545.4 10549.6 10536.2 10528.9 10517.8 10507.8 10506.6 10513.9 10531.8 10559.1 10582.1 10592.7 10612 10621.1 10600.6 10582.7 10573.4 10572.7 10577.2 10579.4 10600.6 10630.8 10604 10575.9 10559.3 10542.3 10521.9 10507.3 10494.2 10487.3 10487.1 10475.5 10475.2 10475.1 10475.7 10477.1 10480.1 10486.6 10487 10486.2 10487.6 10486.6 10485.8 10482.8 10479.4 10474.1 10469.4 10466.1 10464.8 10456.4 10448 10441.2 10435.7 10433.9 10432.3 10429.8 10428.7 10426.6 10433.1
10428.3 10424.3 10415.8 10408.9 10410.5 10418.4 10461.4 10515.4 10551.3 10553.8 10551.1 10533.5 10503.9 10480 10473.5 10485.1 10514.7 10564 10615.1 10624.1 10618.8 10607.4 10586.3 10570.7 10562.9 10562.9 10565.5 10577.6 10585.8 10604.7 10618.5 10599.4 10562.1 10539.6 10518.9 10504.5 10491.2 10485.5 10482.9 10479 10482.9 10480 10482.2 10485.5 10486.9 10485.9 10485.5 10490.9 10491.9 10500.1 10501.4 10497.8 10492.3 10486.3 10481 10478.1 10477 10466 10454.8 10446.5 10439.8 10436.3 10435 10434.2 10431.1 10429.7 10430.9
10439.2 10438.4 10431.8 10424.8 10424.8 10428.2 10472.5 10535.5 10581 10599.8 10592.9 10536.3 10465.8 10428.8 10416.9 10427.8 10461.5 10523 10615.8 10628 10577 10557.6 10539.1 10532.3 10536 10549.8 10559.3 10575.8 10591.3 10592.8 10632.8 10616.8 10563.3 10522.6 10498.8 10485.2 10459.1 10456.5 10458.2 10453.3 10464.5 10466.3 10477 10486.9 10499.1 10498.4 10500.5 10513 10523.2 10524 10520.9 10514.7 10506.5 10497.6 10489.3 10482.4 10477 10466.5 10456.8 10450.1 10445.9 10442.4 10439.1 10436.9 10436.3 10435.6 10436
10457.3 10461.6 10458.9 10450.6 10460.9 10467.5 10503.1 10559 10613.7 10643.9 10542.1 10444.9 10379.4 10345.7 10335.8 10342.9 10367.1 10406.3 10451 10452.2 10451.4 10457.9 10465.7 10474.7 10488.5 10508.9 10530.9 10545.2 10598.3 10621 10600.1 10560.3 10517.3 10484.5 10471.5 10459.8 10448.7 10451.8 10456.9 10458.2 10468.8 10478.8 10491.8 10506.1 10512.8 10524.3 10534.3 10548.1 10553.5 10550.5 10543.1 10532.1 10519.7 10507.2 10494.8 10482.3 10468.5 10458.6 10454.7 10451.9 10450 10447 10442.7 10440.1 10437.2 10439.6 10438.1
10479.9 10492.4 10501.5 10504.8 10526.3 10548.5 10560.3 10553.2 10553.2 10515.8 10389.4 10289.7 10256.3 10242.3 10239 10241.9 10248.2 10252.8 10250.6 10277.6 10313.1 10348.8 10384.3 10405 10414.8 10434.1 10438.5 10447.9 10487.2 10532 10448.1 10433.3 10433.5 10426.3 10420.9 10420.2 10418.8 10423.4 10434.1 10445.6 10461.6 10478.5 10499.2 10512.6 10532.4 10556.9 10587.6 10585 10580.7 10577 10565 10549.5 10533.1 10517.1 10501.1 10484 10465.5 10454.4 10453.6 10453.1 10453.4 10449.2 10444.1 10441.6 10438.9 10438.4 10439.2
10502.2 10520.6 10545.7 10576.9 10589.1 10593.6 10581.5 10483.5 10421.5 10336.6 10227.9 10145.8 10130.8 10133.9 10139 10142.8 10137.2 10120 10099.1 10166.2 10254.9 10298.6 10317.2 10331.7 10340.2 10347.2 10339.9 10328.5 10335.5 10591.2 10311.1 10329.6 10352.8 10365 10368.8 10377.3 10381.6 10394.2 10411.4 10428.6 10449.9 10472.9 10488.9 10517.3 10544 10570.4 10589.1 10602.6 10615.2 10607.5 10584.8 10565.5 10546 10527.7 10509 10490.6 10473.5 10462.3 10455.8 10451.6 10450 10447.9 10445 10443.3 10441.3 10440.1 10438.5
10516 10531.3 10559.8 10602.9 10589.7 10505.4 10409.5 10341.2 10268.4 10183.1 10090.7 10020.5 10025.5 10043.5 10058.7 10064 10057.5 10038.7 10035.4 10120.7 10234 10258 10251.4 10251.9 10255.5 10258.2 10246.8 10228 10219.9 10235 10218.2 10261.3 10282.1 10298 10305.1 10320 10329.7 10350.4 10372.7 10399.3 10428.5 10458.1 10481.8 10517.4 10551.2 10581 10591.7 10612.1 10623 10612.7 10594.8 10577.5 10559 10537.7 10517.5 10498.1 10482.5 10471.8 10458.4 10450.3 10446 10445.6 10444.9 10443.5 10442.3 10440.5 10438
10513.5 10513.8 10521.9 10537.2 10496.2 10370.2 10252.6 10191.5 10126.9 10059.6 10001.8 9958.5 9962.04 9979.82 9997.09 10007.5 10009.9 10005.2 10002.6 10079.7 10163.4 10176.1 10165.7 10158.3 10158.6 10174.5 10157.5 10132.9 10131 10119.7 10142.2 10188.6 10205.8 10219.2 10231.2 10253 10272.8 10301 10329.4 10348.8 10386.6 10427.5 10469.4 10515.2 10562.7 10600.6 10632.5 10643 10624.9 10606.8 10601.1 10590 10573.3 10551.1 10528.4 10505.5 10484.4 10465.5 10456.9 10452 10448.5 10447.1 10446.1 10444.9 10442.8 10440.5 10439
10494.1 10472.7 10446.2 10404.2 10329.9 10234.1 10122.7 10091.4 10048.1 10007.7 9968.26 9938.24 9931.63 9944.15 9960.32 9973.94 9986.33 9996.18 9996.5 10029.1 10071.3 10069.5 10062.8 10052.7 10041.1 10024.9 10026.3 10023.8 10033.6 10036.1 10053.4 10093.6 10114.4 10132.2 10151 10165.2 10209.4 10240 10281 10324.1 10365.6 10411.8 10460.2 10510.6 10562.2 10614.3 10661.5 10673 10645.3 10620.2 10617.1 10607.7 10590.9 10566.6 10540.7 10513.2 10486.2 10462.6 10454.9 10455.8 10454.7 10449.9 10448.1 10445.8 10444.3 10442.9 10441.7
10468.7 10427.1 10372.4 10296 10206.6 10148.8 10089.5 10075.7 10051.8 10010.7 9963.86 9924.95 9919.43 9932.28 9942.44 9952.93 9969.6 9991.94 9998.46 9952.26 9942.12 9952.16 9958.5 9954 9939.84 9918.4 9912.85 9910.83 9901.24 9930.01 9954.59 9979.75 10005.1 10033.7 10061.5 10103 10141.3 10182.8 10228.9 10281.2 10326.4 10378.9 10434 10491.3 10552.5 10613.6 10667.5 10691.2 10673.7 10655.3 10645.1 10632.6 10613.4 10585.6 10555.6 10523.5 10492.1 10465.6 10452.3 10447.5 10449.6 10448.3 10446.7 10445 10445.3 10445.8 10444.5
10444.9 10390.2 10323.2 10240.8 10152.8 10127.8 10119.5 10125.9 10124.5 10064.8 10004.7 9961.03 9946.17 9940.69 9933.48 9929.69 9932.87 9950.64 9908.63 9844.73 9818.04 9844.58 9868.08 9872.73 9859.73 9837.44 9818.74 9820.51 9831.22 9848.5 9866.63 9875.55 9899.74 9936.18 9975.14 10024 10072.9 10118.7 10177.1 10230.7 10285.3 10342.9 10402.5 10464.3 10531.1 10596.2 10655 10689.8 10692.6 10684.2 10675.2 10661.5 10639.6 10608.4 10573.8 10536.8 10500.2 10469.1 10450.7 10444.4 10446.4 10447.8 10447.9 10447.3 10447.4 10446.9 10445.7
10424.6 10368.2 10302.5 10233.1 10174.7 10147.8 10140.7 10171 10206.2 10122.3 10052.6 10030.3 10004.3 9958.14 9925.19 9901.59 9877.42 9838.81 9808.45 9751.8 9729.32 9766.75 9800.97 9816.37 9808.52 9776.83 9750.51 9741.02 9753.26 9786.1 9785.09 9778.4 9796.67 9843.37 9895.62 9948.46 10002.6 10058.8 10117.7 10175.6 10234.5 10298.6 10360.9 10426.8 10496.1 10565.2 10630.3 10683.2 10699.6 10701.5 10704.4 10692.8 10668.2 10633 10593.6 10551.7 10510.3 10471.7 10450.1 10444.4 10448.8 10452.3 10452.2 10452.3 10452.3 10451.2 10450
10410.7 10354.9 10295.8 10239.5 10197.6 10178.3 10179 10199.2 10210.7 10150.9 10096.2 10059.3 10015.6 9952.84 9906.65 9872.18 9840.06 9801.52 9771.55 9724.86 9705.98 9722.97 9756.18 9784.11 9799.79 9767.6 9708.56 9660.89 9639.67 9671.44 9690.93 9688.67 9707.89 9761.25 9818.68 9878.89 9938.9 10000.8 10061.3 10120.7 10183 10245.7 10311.2 10378.7 10450 10521.2 10589.6 10652 10695 10728.9 10740.7 10727.2 10699.1 10659.5 10615.4 10569.1 10523.8 10483.3 10461.5 10456.7 10456.5 10458.9 10458.6 10458.4 10458.8 10456.6 10455.6
10398.2 10345.8 10293.9 10245.6 10208.2 10202.2 10227.8 10243.4 10190.2 10152.6 10099.4 10038.8 9972.69 9916.85 9873.74 9841.88 9818.32 9805.93 9759.36 9716.9 9691.46 9692.55 9719.37 9750.95 9788.67 9753.49 9673.78 9611.91 9582.16 9594.82 9614.75 9623.54 9646.79 9695.63 9754.57 9817.13 9880.69 9937.76 10001.7 10064.7 10129.1 10192.6 10258.3 10325.4 10392.8 10463.9 10533.5 10601 10674.1 10740 10769.4 10759.9 10727.9 10685.2 10636.1 10586.5 10539.5 10502.4 10486 10478 10470 10468.3 10466 10464.3 10462.7 10459.8 10457.4
10384.5 10339.3 10293.6 10250.7 10215.6 10207.8 10226.8 10221.1 10181.8 10142.6 10094.3 10008.1 9919.05 9864.95 9829.92 9803.07 9782.07 9760.56 9717.28 9667.08 9655.61 9657.47 9675.25 9692.42 9714.45 9687.37 9630.82 9578.5 9555.44 9558.67 9568.34 9573.79 9590.52 9640.81 9699.21 9761.88 9821.56 9882.77 9944.2 10007.8 10071.4 10135.8 10200.8 10266.6 10333.7 10401.9 10470.9 10545.7 10641 10743.3 10800.2 10787.3 10752.1 10707.1 10655 10603.1 10552.8 10509.5 10481.5 10481.7 10478.5 10476.5 10473.3 10471.3 10467.7 10465 10461.2
10371.2 10334.5 10297 10259.9 10220.8 10205.5 10219.7 10208.8 10168.1 10118.3 10062.7 9962.22 9856.47 9809.37 9785.62 9763.19 9733.57 9707.62 9676.96 9637.23 9625.94 9627.31 9630.47 9625.25 9608.19 9612.8 9593.64 9562.72 9552.67 9546.11 9545.24 9549.84 9559.42 9607.46 9660.39 9716.14 9770.91 9829.8 9893.97 9955.77 10018.3 10081.2 10144.3 10207.8 10272.9 10336.7 10402.6 10477.5 10586.7 10723.1 10806 10796.6 10764 10720.5 10669.4 10617.1 10564.4 10513.5 10472.4 10477.7 10484.4 10484.3 10480.4 10476.5 10471.1 10467.1 10463
10361.8 10334 10304.8 10277.2 10254.4 10244.3 10225.2 10197.1 10139.8 10073.1 9999.33 9904.08 9807.23 9768.31 9753.37 9736.33 9711.8 9675.37 9647.61 9634.64 9601.75 9598.05 9598.4 9590.7 9573.62 9587.64 9583.63 9564.76 9553.58 9551.49 9554.04 9555.24 9573.89 9602.04 9635.47 9679.05 9729.9 9787.08 9843.77 9904.53 9965.2 10027.6 10088.9 10149.3 10211.4 10270.9 10332.5 10400.4 10509.9 10658.5 10762.8 10781 10762 10725.8 10679.2 10630 10580 10532.4 10495.2 10495.7 10496.4 10494 10487.7 10482.1 10477.3 10471.9 10467.4
10359 10335.1 10311.8 10291.4 10275 10261.6 10224.7 10169.3 10095.1 10020.9 9938.02 9855.97 9786.59 9751.38 9736.29 9721.26 9705.23 9673.02 9607 9561.74 9565.18 9572.53 9580.71 9586.06 9588.4 9598.98 9601.19 9596.82 9575.53 9568.52 9562.04 9563.61 9577.02 9588.43 9613.07 9649.2 9696.27 9748.73 9801.53 9861.29 9919.96 9980.22 10038.8 10096.8 10153.4 10211.5 10270.6 10333.9 10437.4 10592.1 10713.4 10754.2 10749.9 10722.8 10682.9 10639.3 10595.8 10557.8 10528.6 10520.8 10511.6 10504.7 10494.2 10487.2 10481 10475.7 10470.8
10362 10337.5 10315 10295.1 10276.9 10262.1 10214.4 10146 10054.8 9975.39 9898.05 9831.36 9781.14 9750.71 9730.21 9710.79 9684.03 9646.18 9576.51 9532.01 9538.27 9555.54 9573.44 9587.48 9596.55 9614.22 9629.7 9638.11 9617.58 9602.2 9583.74 9572.37 9559.59 9564.47 9587.51 9619.01 9662.54 9711.12 9762.27 9820.39 9877.83 9935.8 9992.76 10049.3 10105.3 10162.6 10222.1 10288.3 10388.1 10540.4 10672.3 10728.2 10733.2 10713.6 10681.3 10641.8 10604.8 10573.8 10553.2 10535.7 10524.7 10516.7 10505.8 10500.3 10493.9 10487.7 10481.3
10368.1 10343 10317.6 10291.2 10263.4 10230.7 10190.9 10124.4 10014.7 9937.97 9864.21 9804.82 9771.63 9749.66 9726.74 9704.83 9676.87 9627.18 9557.06 9521.79 9526.13 9549.13 9576.37 9603.58 9620.65 9642.54 9660.86 9667.38 9665.52 9645.93 9624.81 9591.35 9562.51 9554.02 9563.8 9591.14 9631.74 9676.32 9728 9781.89 9839.06 9898.07 9953.95 10009.8 10065.7 10124.2 10186 10256.8 10355 10501.7 10640.8 10704.7 10714 10699.6 10672.7 10639.4 10605 10576.8 10555.5 10539.3 10532.4 10524.1 10516.5 10509.7 10502.5 10495.9 10489.7
10376.6 10347.3 10316.4 10283.6 10246.6 10201.6 10153.4 10084.7 9990.02 9910.25 9830.36 9769.91 9752.29 9742.17 9718.69 9692.98 9670.22 9597.44 9512.86 9494.45 9521.15 9552.96 9589.35 9624.05 9649.23 9676.11 9705.56 9725.13 9716.02 9682.95 9650.17 9600.58 9549.4 9523.55 9534.52 9563.24 9603.16 9648.95 9705.41 9756.32 9810.91 9866.27 9922.76 9978.34 10034.4 10091.7 10156.3 10231.2 10331.7 10465.3 10604.6 10675.6 10690.3 10681 10657.5 10627.7 10596.2 10568.6 10548 10539 10534.4 10527.8 10520.6 10513.6 10509 10501.9 10493
10391.4 10356.6 10319.6 10279.2 10234.8 10182.2 10116.5 10050.3 9984.32 9895.16 9805.69 9737.55 9734.69 9738.66 9703.72 9658.54 9612.62 9550.31 9489.52 9489.28 9527.33 9565.77 9604.71 9637.51 9664.05 9699.37 9742.81 9775.5 9749.39 9698.22 9648.78 9592.01 9530.18 9491.9 9512.11 9547.93 9590.01 9636.28 9691 9740.27 9794.32 9850.73 9905.58 9960.41 10015.5 10069.9 10131 10201.1 10290.4 10415.6 10552.9 10637.4 10663.5 10659.7 10639 10609.8 10579.7 10554.9 10542.4 10535.4 10534.1 10529.1 10521.9 10514.3 10510.7 10504.9 10499.9
10405.6 10365.1 10322.5 10276.7 10227.8 10172.8 10093.1 10027.2 9978.4 9888.25 9793.16 9719.73 9722.31 9735.69 9680.9 9608 9550.82 9518.23 9493.14 9508.18 9547.33 9588.65 9628.04 9652.65 9677.16 9707.37 9730.57 9752.6 9734.6 9688.66 9637.43 9583.11 9530.94 9497.58 9507.51 9539.01 9581.14 9628.1 9679.65 9730.65 9787.45 9841 9895.91 9950.6 10005 10057.1 10112 10172.8 10244.9 10367 10509.8 10606.8 10640.2 10639.8 10620 10590.1 10557.7 10530.9 10523.1 10534.2 10534.5 10529.8 10523.4 10517.7 10512.7 10507.5 10505.9
