real_craters/C073-300m.grd
DSAA
188 188
-28.105 28.105
-28.105 28.105
9439.1339604247 11502.652876779
[rows 150 to 179 of 188, columns 0 to 66 of 188]
10315.8 10315.9 10316 10316.5 10317.3 10318.1 10318.5 10318.6 10318.6 10318.7 10318.8 10319.1 10319.5 10319.9 10320.3 10320.8 10319.7 10320.7 10321.6 10322.8 10324.4 10326.5 10328.5 10330.3 10332.6 10335 10337.6 10340.4 10343.4 10346.7 10350.4 10354.2 10357.2 10356.4 10349.2 10340.6 10338.6 10341 10343.2 10345.3 10347.2 10350.6 10357.4 10364 10367.1 10370.5 10372.2 10372.3 10371.7 10372.9 10375.8 10386.9 10388.6 10390 10391.9 10392.8 10405 10411.4 10415.3 10418.9 10423.4 10428.5 10429.3 10422.1 10414 10406.8 10397
10317.7 10320.2 10318 10317.3 10317.8 10319.3 10319.1 10318.8 10318.6 10318.7 10318.9 10319.1 10319.5 10319.8 10320.2 10320.8 10320.9 10321.8 10322.8 10323.9 10325.2 10326.3 10328.1 10329.3 10331.4 10333.5 10335.8 10338.1 10340.7 10343.2 10345.3 10346.3 10344.6 10342 10340.6 10338.8 10341.3 10346 10350.5 10351.8 10354 10350.1 10359.6 10365.8 10371.5 10374 10372.6 10372.7 10374.3 10378.5 10386.4 10399.6 10397.2 10389 10382.6 10380.7 10390.8 10399.1 10405 10409.9 10414.6 10422.1 10423.7 10408.1 10395 10381.7 10368.8
10315 10315.5 10316.7 10317 10317.1 10317.1 10318 10318.5 10318.7 10319 10319.3 10319.6 10319.7 10320.1 10320.5 10320.9 10321.3 10322.3 10323.8 10324.7 10325.6 10326.3 10327.3 10329 10330.8 10332.7 10334.7 10336.7 10338.6 10340.2 10341.2 10341.4 10340 10337.8 10337.1 10338.5 10344.7 10352.6 10361.6 10370.6 10371 10370.9 10368.9 10368.4 10368.7 10368.6 10370.6 10372.5 10375.9 10379.6 10386 10392.8 10391.3 10385.5 10379.1 10376.8 10383.9 10390.2 10394.9 10398.5 10400.3 10400.2 10394.2 10387.1 10375.8 10363.6 10352.9
10315 10314.5 10316.2 10316.8 10316.7 10316 10317.4 10318.2 10318.5 10318.8 10319.1 10319.4 10319.6 10319.9 10320.2 10320.4 10320.9 10322.1 10323.1 10324.2 10325.2 10326 10326.7 10328.1 10329.7 10331.3 10333 10334.6 10336 10337.2 10338.1 10338.4 10339.4 10338.7 10337.6 10340.8 10348.4 10358.2 10369.9 10383.4 10383.2 10382 10374 10368.8 10366.7 10367 10369 10371.6 10374.9 10379 10381.9 10380.3 10379.4 10383.1 10382.5 10380.8 10382.1 10384.2 10386 10386.8 10385.3 10380.9 10375.1 10368.3 10360.1 10350.8 10344.6
10318.6 10318.2 10317.4 10317.3 10317.4 10317.9 10317.8 10318.2 10318.7 10319 10319.3 10319.5 10319.7 10320 10320.3 10320.4 10320.6 10321.1 10321.4 10322.7 10324.5 10326 10326.9 10328.5 10330 10331.6 10333.1 10334.3 10335.2 10335.9 10335.7 10336.1 10336.6 10337.7 10339.3 10343.8 10351.3 10360.5 10370.7 10379.8 10379.4 10370.2 10366.8 10366.6 10365.3 10365.1 10367 10370.3 10374.1 10377.1 10379.7 10379.7 10380 10384.5 10389.1 10386.6 10380.6 10378.5 10377.5 10375.8 10372.4 10366.1 10358.3 10354.1 10350 10345.3 10341.9
10319 10318.9 10318.1 10317.9 10317.8 10318.1 10318.3 10318.6 10319 10319.4 10319.7 10319.9 10320.1 10319.8 10320 10320.4 10320.7 10320.9 10321.4 10322.5 10324.1 10326.1 10327 10328.5 10330.1 10331.5 10332.7 10333.7 10334.3 10334.5 10334.4 10334.2 10334.5 10337.6 10342 10346.6 10352.7 10359.9 10367.2 10371.8 10371.9 10370.4 10367.8 10364.2 10361.8 10361 10364.6 10368.9 10373.6 10377.8 10382 10385.8 10388 10385.1 10381.9 10378.5 10374.7 10372.2 10369.8 10366.7 10362.7 10356.5 10348.7 10345.9 10344 10342.2 10341
10318.8 10318.5 10318.2 10318.2 10318.1 10318.3 10318.8 10319.2 10319.7 10320.1 10320 10320.1 10320.3 10320.6 10320.6 10320.6 10320.9 10321.2 10322 10322.7 10324.1 10325.7 10326.8 10328.2 10329.5 10330.7 10331.7 10332.5 10332.9 10333.7 10333.6 10333.7 10334.5 10338 10343.6 10347.5 10352.4 10358.1 10363.6 10368 10369.1 10365.9 10362.4 10360.8 10359.7 10360.3 10364.1 10368.5 10373.1 10378.2 10383.7 10390 10395 10382.8 10369.7 10367.2 10366.6 10365.3 10362.9 10359.6 10356.1 10351.8 10346.8 10344 10341.6 10340.4 10341.1
10317.2 10317.5 10317.9 10318.4 10318.8 10319.1 10319.3 10319.7 10319.8 10320 10320.4 10320.5 10320.6 10320.9 10320.8 10320.8 10320.8 10321 10321.7 10322.6 10324.3 10325.7 10326.4 10327.7 10328.9 10330 10330.8 10331.5 10331.9 10332.1 10332.3 10333.3 10335 10337.6 10340.8 10345.9 10350.6 10355.4 10359.6 10362.7 10362.8 10358.1 10354.2 10357.2 10358.7 10361.6 10364.2 10367.9 10372.2 10376.7 10381.3 10386.9 10390.6 10377 10361.7 10359.9 10359.7 10358.9 10357.1 10355.1 10352.5 10349.6 10347.9 10345.4 10342.7 10341.8 10342.7
10314.6 10316.6 10317.9 10318.6 10319.4 10319.9 10320.2 10320.6 10321 10321.5 10322 10322.2 10322.3 10322 10321.9 10321.6 10321.2 10320.8 10321.3 10322.9 10324.6 10326.3 10327.2 10328.5 10329.6 10330.5 10331.3 10331.8 10332.2 10332.4 10332.5 10333 10334.4 10337.3 10340.5 10344.5 10348.4 10352.2 10355.2 10356.8 10355.4 10355.2 10355.2 10355.9 10357.9 10359.7 10362.9 10366.3 10369.7 10372.9 10375.9 10377.8 10375.1 10368.3 10360.4 10356.5 10355.6 10354.9 10353.7 10352.3 10350.4 10348.3 10346.2 10345 10345.9 10345.6 10344.9
10318 10317.9 10318.7 10319.4 10318.5 10320.4 10321.3 10321.7 10322.3 10322.7 10322.9 10323.1 10323.2 10323.3 10323.1 10323.1 10322.3 10321.5 10322 10323.8 10325.8 10326.6 10328 10329.1 10330.1 10331 10331.7 10332.3 10332.7 10333 10333.1 10333.1 10334.1 10337.1 10340.9 10343.1 10346.3 10349.3 10351.8 10354 10356.3 10354.3 10353 10354.7 10357.2 10359.8 10362.4 10364.4 10366.6 10368.7 10369.8 10369 10366 10361.5 10356.5 10354.1 10353.1 10352.3 10351.6 10350.8 10349.5 10347.9 10346.2 10345.3 10346.3 10346.7 10346.6
10319.9 10319 10319.4 10320.9 10325.2 10322.6 10322.2 10322.7 10323.2 10323.7 10324.2 10324.6 10324.9 10325 10325 10324.9 10324.5 10324.1 10324.6 10325.9 10327.3 10328.2 10329.4 10330.5 10331.4 10332.2 10332.9 10333.5 10333.9 10334.3 10334.7 10334.9 10335.2 10335.8 10337.6 10341.3 10344.3 10346.8 10348.7 10350.8 10352.9 10351.3 10351.8 10353.3 10356 10358.5 10360.6 10362.1 10363.5 10364.5 10364.1 10362.2 10358.8 10356.6 10355.5 10352.6 10351.4 10351.2 10350.8 10350.1 10349.3 10348.4 10347.2 10346.7 10345 10345.9 10347.7
10319.1 10318.6 10318.9 10319.7 10319.9 10322.1 10322.8 10323.5 10324.2 10325 10325.7 10326.2 10326.5 10326.8 10327 10327.2 10327.2 10328 10328.3 10328.8 10330 10330 10331 10331.9 10332.9 10333.7 10334.3 10334.9 10335.4 10336.1 10336.9 10337.7 10337.3 10336.6 10337.8 10340.7 10343.3 10345.3 10346.5 10346.1 10343.4 10345.4 10348.3 10351.4 10354.6 10356.5 10357.8 10359.9 10361.1 10361.2 10360.1 10357.6 10354.3 10352.1 10351.6 10350.5 10350 10350.1 10350 10349.6 10349.4 10349.1 10348.4 10347.5 10346.5 10347 10348.9
10317.3 10317.8 10318.2 10318.8 10320.1 10321.6 10323.3 10324.4 10325.6 10326.5 10327.3 10328 10328.9 10329.2 10329.5 10329.5 10329.6 10330.2 10331 10331.6 10332.3 10332.4 10333.3 10334.1 10334.9 10335.6 10336.2 10336.7 10337.3 10337.9 10338.8 10340.1 10339.3 10337.7 10338.9 10341.3 10343.5 10345 10345.8 10345.2 10343.1 10345.3 10348.7 10351.6 10354.6 10356.3 10357.6 10359.5 10359.9 10359.3 10357.8 10355.4 10352 10348.7 10348.5 10348.7 10349.1 10349.4 10349.6 10349.8 10349.9 10350 10349.9 10351.6 10348.2 10348.3 10350.2
10317 10317.6 10318.2 10318.6 10319.9 10322.2 10324.3 10325.9 10327.4 10328.6 10329.7 10330.6 10331.1 10331.7 10332.1 10332.4 10332 10332.1 10333.4 10334.5 10335.5 10335.2 10335.9 10336.7 10337.4 10338.2 10338.7 10339.1 10339.3 10339.4 10339.8 10340.9 10341 10341.2 10342 10343.5 10345.1 10346.5 10347.3 10348 10349.7 10351.3 10352.1 10353.7 10355.5 10357.9 10360 10360.1 10359.6 10358.8 10357.3 10355.2 10352.8 10350 10348.3 10348.6 10349.4 10349.6 10350 10350.3 10350.5 10350.7 10350.3 10348.8 10347.7 10349 10351.5
10317.2 10318.3 10319 10319.5 10320.9 10323.4 10325.6 10327.5 10329.1 10330.6 10331.8 10333 10333.8 10334.5 10335.1 10335.1 10335.3 10335.6 10336.7 10337.8 10338.8 10338.4 10339.1 10339.9 10340.4 10341 10341.5 10341.8 10341.7 10341.3 10340 10340 10342.2 10344.8 10345.6 10346.5 10347.6 10348.7 10349.6 10350.7 10352.1 10352.9 10353.6 10354.4 10355.8 10358.2 10359.8 10360.2 10359.5 10358.8 10357.7 10356.1 10354.4 10351.8 10350.6 10350.2 10350.6 10350.9 10351.3 10351.5 10351.7 10351.7 10351.5 10350.9 10347.7 10350.1 10353
10319.7 10320.7 10321.2 10322 10323.5 10325.6 10327.6 10329.5 10331.2 10332.7 10334.1 10335.4 10336.5 10337.6 10338.5 10339 10339.3 10339.6 10340.5 10341.3 10341.9 10341.4 10342 10342.6 10343.2 10343.8 10344.4 10344.9 10345.1 10344.8 10342.8 10340.4 10344.8 10347.2 10348.9 10349.8 10350.6 10351.4 10352.1 10352.9 10353.6 10354.3 10354.4 10354.9 10355.9 10358 10360.5 10360 10359.4 10359.1 10358.8 10357.8 10356.5 10355.9 10354.4 10353.1 10353.1 10353.1 10353.6 10353.5 10353.3 10353.3 10353 10352.6 10351.4 10353.1 10355.5
10323.3 10324.1 10324.6 10324.7 10326.6 10328.7 10330.6 10332.3 10333.9 10335.4 10336.9 10338.3 10339.6 10340.9 10342.1 10342.8 10343.8 10344.3 10344.6 10345 10344.4 10344.7 10345.1 10345.6 10346.2 10346.9 10347.6 10348.4 10349.3 10350.2 10351.2 10351.4 10351.3 10352 10352.8 10353.4 10353.9 10354.2 10354.7 10355.2 10355.5 10355.7 10355.3 10354.4 10356.1 10357.1 10356.7 10357.1 10359.3 10360.5 10360.8 10360.1 10358.5 10356.9 10357.2 10356.9 10356.7 10356.4 10356 10355.8 10355.4 10354.8 10354.2 10354.9 10355.3 10356.2 10358.1
10327.2 10328.3 10329.4 10330.1 10331.2 10332.5 10333.7 10335 10336.4 10337.9 10339.4 10340.9 10342.5 10344.1 10345.7 10346.7 10348.4 10349.1 10348.8 10348.5 10347.9 10348 10348.2 10348.6 10349.1 10349.9 10350.8 10351.9 10353.3 10355.3 10358.4 10359.6 10357.8 10357.1 10357.2 10357.2 10357.2 10357.2 10357.3 10357.5 10357.7 10358.1 10358.1 10358.9 10358.5 10358.1 10356 10357.5 10361.5 10363.7 10364.5 10364.2 10362.5 10360.3 10361.5 10361.2 10360.5 10359.6 10358.8 10357.9 10357.2 10356.3 10355 10354.6 10357.1 10358.5 10360.7
10330.7 10332.2 10334.6 10337 10336.3 10336.1 10336.7 10337.7 10339 10340.4 10341.9 10343.6 10345.3 10347 10348.8 10350.3 10352.3 10352.7 10352.3 10351.5 10350.9 10350.8 10351 10351.4 10351.9 10352.7 10353.6 10354.9 10356.5 10358.7 10361 10362.7 10362.9 10362.2 10361.6 10360.8 10360.2 10359.9 10359.8 10359.8 10359.9 10360.4 10360.7 10361.5 10361.6 10362 10362.8 10364.7 10366.7 10368.1 10369.1 10369.8 10370.2 10369.5 10368 10366.2 10364.5 10362.9 10361.5 10360.3 10359.1 10357.6 10356.6 10356 10357.3 10360 10362.9
10332.7 10334.5 10337.5 10340.6 10339.3 10338.7 10339.2 10340 10341.3 10342.7 10344.3 10346 10347.7 10349.6 10351.4 10352.8 10355.2 10355.5 10354.9 10354.2 10353.6 10353.4 10353.5 10353.8 10354.3 10355 10355.9 10357.2 10358.7 10360.6 10363.1 10365.4 10367.9 10367.5 10365.3 10364 10363 10362.6 10362.3 10362 10361.8 10361.7 10362 10362.4 10364 10366.2 10369.7 10372.7 10372.2 10372.5 10373.8 10375.3 10377 10377.5 10375.2 10370.8 10367.9 10365.8 10364 10362.6 10361.2 10360 10358.9 10358.7 10358.3 10361.9 10365.2
10333.2 10334.8 10336.9 10339 10339.7 10340.1 10340.8 10341.9 10343 10344.4 10346 10347.8 10349.7 10351.7 10353.5 10354.5 10355.2 10356.5 10356.8 10356.4 10355.6 10355.5 10355.6 10355.9 10356.3 10357 10357.8 10358.9 10360.2 10361.6 10363 10365.6 10368.7 10368.7 10367.2 10366.2 10365.3 10364.9 10364.5 10364.2 10363.7 10363.3 10363.7 10365 10367 10369.4 10372.5 10374.9 10374.8 10375.7 10377.4 10379.3 10380.7 10379.2 10375.2 10373 10370.6 10368.4 10366.4 10364.7 10363.1 10361.9 10361.2 10361.5 10362.9 10365.4 10367.9
10333.3 10334.2 10335.1 10336.7 10339.1 10340.7 10341.9 10343.2 10344.5 10346 10347.7 10349.5 10351.4 10353.6 10355.2 10357 10357.6 10358.5 10358.4 10358.4 10357.4 10357.3 10357.3 10357.5 10357.9 10358.5 10359.2 10360.1 10361.2 10362.4 10364 10365.4 10364.7 10367.3 10368 10367.7 10367.3 10366.8 10366.6 10366.4 10366.3 10365.6 10366.4 10368.3 10370 10371.9 10373.1 10374.3 10375.7 10377.6 10379.6 10381.6 10382.9 10380.5 10377.2 10375.1 10372.8 10370.6 10368.6 10366.8 10365.2 10363.9 10363.3 10364.3 10367.2 10368.8 10370.3
10332.8 10334 10335.3 10337 10339.4 10341.6 10343.4 10344.9 10346.4 10348 10349.6 10351.2 10353 10354.9 10356.7 10360.1 10362.6 10361.1 10360.1 10359.7 10358.8 10358.7 10358.8 10359 10359.4 10359.9 10360.5 10361.2 10362.1 10363.1 10364.4 10366.4 10369.8 10368.5 10368.5 10368.8 10368.4 10368.3 10368.5 10368.9 10369.6 10370.8 10372.5 10373.3 10374.4 10374.9 10375 10374.5 10376.8 10378.9 10380.8 10382.6 10383.9 10382 10379.6 10377 10374.7 10372.5 10370.6 10368.8 10367.3 10365.9 10364.6 10365.6 10368.8 10370.6 10371.7
10332.2 10334.6 10336.9 10338.7 10340.7 10342.8 10344.6 10346.2 10347.8 10349.3 10350.8 10352.4 10354 10355.4 10356.5 10358.9 10362.2 10361 10360.5 10359.8 10359.8 10359.9 10360 10360.3 10360.6 10361.1 10361.6 10362.1 10362.5 10363.1 10364.6 10365.8 10367.3 10368.5 10369 10369.2 10369.4 10369.8 10370.2 10371.1 10372.2 10374.9 10377.3 10377.5 10378.2 10377.8 10377.5 10377.5 10378.8 10380.1 10381.2 10382.2 10383.1 10381.9 10380.2 10378.3 10376.1 10374.1 10372.3 10370.8 10369.4 10368.4 10367.5 10367.6 10369.5 10371.1 10372.5
10334.4 10335.8 10337.6 10339.9 10341.9 10344.1 10345.9 10347.4 10349 10350.5 10352 10353.4 10354.8 10355.5 10355.6 10354.9 10355.4 10358.9 10360.3 10360.3 10360.6 10360.8 10361.1 10361.5 10361.9 10362.3 10362.7 10363.2 10363.4 10363 10362.9 10365.1 10366.4 10368 10369 10369.5 10369.8 10370.2 10370.9 10371.7 10373.3 10375.1 10376.4 10378.4 10379.8 10379.2 10379.4 10380.7 10381.3 10381 10380.9 10380.7 10380.4 10380.9 10380.8 10379 10377.1 10375.4 10373.8 10372.4 10371.4 10370.9 10371.7 10371.8 10371.5 10372.2 10372.9
10336.2 10337 10339.5 10341.5 10343.4 10344.8 10346.4 10348 10349.7 10351.2 10352.7 10354.1 10355.4 10356.2 10356 10355.7 10356.7 10358.9 10360.4 10360.7 10361.2 10361.5 10362 10362.4 10362.8 10363.2 10363.6 10364.2 10364.9 10366.2 10366.7 10366.4 10366.8 10368.3 10369.1 10369.7 10370 10370.4 10371 10371.8 10372.9 10374.2 10375.8 10376.9 10377.6 10378.1 10378.9 10380.8 10381.4 10380.7 10380.4 10379.8 10379.4 10380 10379.3 10378.5 10377.6 10376.3 10375.1 10373.9 10373 10372.4 10371.7 10372.1 10372.5 10373 10373.5
10332.7 10336.9 10341 10343 10344.5 10346.1 10347.8 10349.2 10350.9 10352.4 10353.9 10355.4 10356.6 10357.6 10358.1 10358.1 10359 10360.3 10361.3 10361.4 10361.8 10362.2 10362.5 10362.9 10363.3 10363.7 10364.2 10364.9 10365.9 10367.3 10368.3 10369 10369.4 10369.4 10369.6 10369.9 10370.2 10370.5 10370.9 10371.3 10371.8 10372.3 10372.9 10373.7 10375.3 10375.3 10375.6 10376.8 10378 10378.9 10380.2 10380.7 10380.7 10380.4 10380.1 10379.4 10378.1 10377.2 10376.3 10375.3 10374.4 10373.7 10373.3 10373.2 10373.3 10373.1 10374.1
10332.9 10337.4 10342.3 10344.3 10345.8 10347.3 10348.9 10350.5 10352.1 10353.6 10355.1 10356.6 10358 10359.4 10360.7 10363 10362.6 10362.3 10362.5 10362.4 10362.7 10363 10363.2 10363.5 10363.9 10364.3 10364.9 10365.4 10366.2 10366.8 10368.3 10369.7 10370.2 10370 10370 10370 10370 10370.2 10370.3 10370.4 10370.4 10370 10368.7 10369.1 10370.1 10370.2 10371.2 10372.2 10373.5 10377.6 10379.9 10382 10382.1 10380.9 10379.7 10378.6 10378.3 10377.9 10377.3 10376.6 10375.9 10374.9 10374.3 10374.6 10374.9 10374.9 10375.6
10335.5 10339.2 10342.8 10344.7 10346.7 10348.4 10349.2 10351.4 10352.2 10353.9 10355.3 10357 10358.7 10360 10361.7 10363.4 10363.7 10363.6 10363.5 10363 10363.2 10363.4 10363.8 10364.1 10364.5 10364.9 10365.3 10365.9 10366.5 10367 10368.5 10369.8 10370.2 10370.1 10370 10369.9 10369.7 10369.7 10369.7 10369.7 10369.5 10368.9 10367.4 10365.8 10363.5 10363.5 10366.8 10371.4 10376.6 10377.3 10379.3 10380.9 10381.6 10380.9 10379.6 10378.7 10378.9 10378.8 10378.5 10378 10377.4 10376.8 10376.1 10376.4 10376.9 10377.8 10377.4
10341.8 10342.7 10343.3 10344.9 10347.1 10348.7 10350.3 10352.2 10353.1 10354.5 10356.1 10357.6 10359.3 10360.7 10362.3 10362.8 10364.1 10364.1 10364.2 10363.6 10363.7 10363.9 10364 10364.3 10364.6 10365 10365.5 10366 10366.7 10368 10368.5 10369.9 10370 10369.9 10369.8 10369.6 10369.5 10369.4 10369 10368.9 10368.8 10369 10368.9 10365.8 10358.5 10357.2 10363.7 10368.6 10372.5 10375.3 10378.2 10379.9 10381.2 10381.3 10380.8 10380.4 10380.3 10380.1 10379.6 10379.1 10378.9 10379 10379.1 10378.2 10378.2 10378.8 10378.5
