real_craters/C073-300m.grd
DSAA
188 188
-28.105 28.105
-28.105 28.105
9439.1339604247 11502.652876779
[rows 30 to 59 of 188, columns 67 to 133 of 188]
10348.3 10350.3 10353.5 10357.1 10360.7 10365 10368.8 10371.7 10374.8 10377.3 10380 10382.9 10385.7 10388.9 10392.5 10392.3 10392.7 10393.2 10393.6 10393.5 10394.1 10397.4 10405 10420.1 10416.1 10405.6 10404.8 10398.3 10388.4 10378.7 10370.4 10365.7 10368.2 10370.8 10373 10371.9 10369.5 10366.7 10364 10361.3 10359.1 10357.9 10357.3 10359.7 10358.1 10358.1 10357.3 10355.4 10353 10349.7 10345.6 10341.4 10340 10340.2 10340.2 10340.2 10340.5 10340.1 10341.3 10342.1 10343.5 10345 10345.9 10346.1 10348.3 10349.8 10349.3
10350 10351.4 10354.1 10356.7 10361.3 10366.2 10370.1 10372.8 10375.3 10378.4 10380.7 10383.5 10386.3 10389.1 10392.5 10394.2 10395.5 10396.9 10398.3 10399 10399.3 10400.6 10403.9 10411.1 10402.5 10399.4 10402.2 10397.9 10387.9 10377.7 10369.7 10365.5 10363.9 10364.5 10367 10374.7 10370.8 10367.7 10364.8 10362.4 10361.3 10362.1 10359.9 10359.2 10361.2 10360.5 10358.6 10355.5 10352.1 10348.1 10344.8 10341 10338.8 10338.5 10338.6 10338.6 10339.4 10340.7 10343.1 10344.4 10345.7 10347.1 10348 10348.2 10350.3 10351.7 10351.5
10352.2 10353.3 10355.7 10358.2 10363.2 10366.8 10370.7 10373.4 10376 10378.9 10381.7 10383.9 10386 10387.5 10389.8 10394.7 10398.5 10401.4 10402.5 10403.5 10401.5 10399.7 10393.9 10379.9 10381.8 10395.1 10407.3 10396.5 10386.5 10375.9 10365.3 10361.3 10361.9 10363.5 10365.9 10370.1 10370 10367.8 10365.6 10362.9 10360.4 10357.1 10361.4 10365.8 10365.9 10363.5 10360.4 10356.2 10351.8 10347.1 10343.8 10339.9 10337.8 10336.9 10337.2 10338.7 10340.4 10342.9 10344.5 10346.6 10348.3 10350 10350.8 10350.9 10352.4 10352.9 10354.3
10354.8 10355.8 10358 10361.3 10362 10366.2 10369.8 10373.8 10376.5 10379.8 10382.4 10385.5 10387.8 10388.7 10391.5 10397.4 10402.1 10405.5 10408 10409.8 10409 10406.4 10396.3 10377.9 10371.9 10380.4 10391.7 10388.9 10383.7 10376.3 10367.3 10361.1 10363 10365 10367.2 10368.7 10369.4 10368.2 10366.2 10363.9 10361.2 10359.1 10364 10369.6 10370.1 10366.6 10362.2 10357 10351.7 10346.1 10341.9 10336.6 10334.4 10335 10336.6 10339.3 10342.6 10345.6 10348.4 10350.8 10352.3 10353.7 10354.4 10353.3 10354.8 10357.7 10356.8
10356.6 10356.4 10359.5 10363.5 10363.9 10366.8 10370.9 10374.3 10376.7 10380.1 10383.7 10387.9 10392.2 10396.5 10399.9 10403.8 10408.2 10412.3 10416.2 10418.8 10419 10417.1 10412.6 10396.4 10369.4 10368.6 10374.6 10381.1 10381.3 10379.1 10378.3 10374.2 10367 10364.6 10368.1 10370.5 10370.1 10369.1 10367.6 10366.3 10365 10364 10368.7 10373.5 10373.6 10368.9 10363.7 10357.8 10351.3 10345.8 10339.3 10333.6 10331 10333.2 10336.3 10340.1 10343.9 10348.4 10352 10355.2 10357.3 10359.1 10359.8 10357.5 10356 10357.5 10359.4
10357.8 10357.5 10360.8 10364 10365 10367.8 10372.4 10373.6 10376 10380.1 10384.7 10390.2 10396.1 10402.6 10406.9 10409.8 10413.6 10417.8 10421.9 10425.2 10427.7 10426.8 10422.7 10410.2 10372.2 10366.9 10374.6 10378.8 10379.8 10379.6 10380.4 10376.9 10368.2 10364 10369.7 10371.5 10370.9 10370.2 10369 10368.8 10369.6 10372.4 10375 10376.3 10375.1 10370 10364.5 10358.5 10352.1 10346.3 10338.9 10333 10330.5 10333.2 10337.1 10341.8 10346.3 10350.9 10355.1 10358.7 10363.2 10365.9 10367.3 10365.5 10360.6 10358.4 10364.2
10359.4 10360.5 10362.7 10365.3 10367.6 10368.2 10367.8 10370.6 10374.5 10379 10384.9 10391.1 10398 10403.7 10408.6 10412.3 10416.2 10420.2 10424.7 10429.4 10432.7 10432.2 10427 10412 10377.6 10367.8 10375.5 10378.6 10379.6 10378.8 10374.2 10368.3 10365.9 10363.7 10365.9 10370 10370.7 10370.3 10369.9 10370.2 10371.8 10376.6 10377.9 10375.7 10373 10369.8 10365.2 10359.1 10353.8 10347.5 10340.5 10334.9 10332.4 10334.7 10339.3 10344.4 10349.2 10354.1 10358.9 10363.1 10367.4 10371.4 10375.3 10378.1 10377.9 10373.2 10374.8
10361.4 10362.1 10364.2 10366.4 10367.3 10366.7 10365.3 10368 10372.8 10377.8 10383.9 10389.8 10397.7 10407.9 10410 10413.2 10417.6 10422 10427.4 10432.5 10437.1 10439 10433.5 10416 10385.4 10372.2 10372.6 10377.2 10382.1 10383.4 10377.5 10370.2 10365.3 10363.8 10370.9 10370.5 10370.5 10370.2 10370.4 10370.1 10370.6 10371.4 10371.8 10372.9 10373.6 10369.8 10365.6 10360.8 10355.4 10348.9 10343.4 10338.2 10335 10338 10343.1 10348.6 10353.7 10358.7 10363 10366.9 10371.7 10377.7 10383.5 10390.4 10400.7 10394.2 10387.7
10363.3 10362.9 10364.8 10367.2 10367.2 10366.7 10365.8 10368.4 10373.3 10378 10382.5 10386.5 10390.8 10397.7 10404.2 10410.3 10416.3 10422.5 10428.1 10433.6 10439.9 10445.7 10447.6 10425.7 10390.2 10378.3 10374 10378.5 10388.3 10396.8 10394.1 10378.6 10368.2 10362.5 10368.8 10371.3 10371.7 10371.2 10370.5 10369.1 10367.5 10365.2 10364.2 10368.2 10371.2 10369 10365.1 10360.5 10356.3 10351.9 10347.3 10343.7 10341.2 10343.6 10348.8 10354.1 10359.1 10363.6 10367.5 10371.7 10376.3 10381.3 10387.5 10394.7 10405.1 10405.4 10396.6
10364.9 10363.6 10364.6 10367 10367.7 10368.1 10369.4 10372.1 10375 10378.9 10382.4 10384.4 10383.3 10382.4 10396.2 10407.2 10414.7 10421.2 10426.8 10431.8 10436.8 10443.8 10450.7 10424.5 10386.7 10378.8 10377.3 10382.4 10395.7 10405.2 10398.9 10384 10373.2 10367.7 10371 10373.7 10374.1 10373 10371.3 10368.8 10365.4 10361.7 10359.5 10363.1 10367 10366.5 10364 10362.1 10359 10356.3 10353.8 10351.3 10349.5 10351.8 10356.7 10361.5 10365.6 10368.7 10372 10375.3 10378.9 10383.2 10388.3 10392.9 10395.6 10402 10398.5
10366.9 10365.1 10365.9 10367.9 10368.3 10369.1 10371.7 10375.1 10377 10380.7 10384.8 10387.8 10388 10388.3 10398.6 10407.8 10414.4 10418.9 10422.6 10425.5 10427.2 10425.8 10424.1 10412.9 10387.5 10383.9 10393.7 10402.6 10404.8 10401.2 10396.1 10388 10383.2 10377.6 10378.3 10378.5 10377.1 10375.2 10372.5 10369.3 10365.3 10360.8 10357.2 10359.1 10360.6 10362.8 10364.4 10364 10364.1 10363.2 10362.3 10361.1 10360.5 10362.5 10367.3 10371.1 10373.8 10375.6 10377.2 10378.9 10381.1 10384 10387.8 10391.9 10398.3 10399.7 10397.5
10369 10366.4 10368.4 10368.8 10368.6 10369 10371.4 10374.6 10377.5 10382.6 10389.1 10396 10401.7 10405 10408.2 10411.9 10414.4 10417 10418.5 10419.3 10418 10412.4 10407.6 10404.4 10390.4 10392.1 10416.1 10440.6 10413.1 10392.3 10388.7 10388.2 10394.2 10397.4 10389.4 10384.3 10380.8 10377.7 10374.6 10371.3 10367.7 10362.9 10357.5 10360.1 10360.9 10363 10365.7 10367.8 10369.2 10370.9 10372.8 10373.9 10373.7 10375.2 10380.9 10383 10383.3 10382.7 10382.5 10382.5 10382.7 10383.5 10386.1 10389.9 10395.7 10396.7 10396
10365.8 10365.9 10365.9 10367.4 10368 10369.5 10369.3 10370 10376.2 10384.2 10393.5 10404.3 10416 10419.5 10417.3 10416.3 10416.3 10416.8 10416.4 10415.4 10414.1 10412.8 10416.9 10409.2 10393.2 10396.1 10420 10427.2 10409.7 10388.7 10384.9 10380.5 10383 10393.5 10392.3 10387.3 10383.2 10379.7 10376.5 10373.5 10370.7 10368.8 10369.7 10368.4 10367.5 10368.1 10369.2 10371.6 10374.9 10378.9 10383.4 10388.9 10393.2 10395.2 10399.2 10396.2 10392.8 10390.1 10387.9 10386.2 10384.1 10382.7 10382.7 10386 10392.7 10391.4 10391.9
10365.9 10366.2 10366 10366.1 10366.8 10366.7 10367.3 10368.7 10375.4 10385.2 10396.1 10408.3 10421.6 10425.4 10422 10419.5 10417.8 10416.3 10415 10413.2 10412.4 10413.9 10419 10418.5 10414.3 10418.4 10428.5 10425.1 10407.8 10385 10377.2 10370.1 10364.6 10374.6 10386 10386.7 10384.9 10381.6 10378.6 10375.8 10373.8 10373.3 10374.9 10373.4 10372.1 10372 10372.1 10374.9 10379.5 10385.2 10392.3 10401.9 10416.7 10434.7 10415.7 10405.7 10400.3 10396.4 10393.3 10390.1 10386.3 10382.1 10378 10373.7 10377.3 10383.4 10387.4
10370.5 10368.1 10365.5 10365.4 10366.6 10368.5 10369 10369.3 10376.1 10385.9 10396.1 10406.8 10417.4 10421.8 10421.6 10420.4 10418.8 10416.8 10414 10411.4 10409.8 10411.1 10418.5 10425.1 10440.6 10450.9 10443.4 10439.1 10420 10393.8 10377.8 10368.2 10362.6 10381.2 10385.7 10386.6 10385.5 10383.5 10380.8 10378.4 10375.9 10374.6 10373.8 10372 10370.9 10370.6 10372.3 10376.7 10382.2 10389.3 10396.7 10405.8 10416 10422 10414.4 10407.4 10403.3 10400.6 10397.5 10394 10389.5 10383.5 10376.4 10369.3 10370.1 10378.7 10385.4
10370.5 10368.8 10366.5 10365.7 10367.4 10369.3 10371 10373.9 10379.6 10387.5 10395.4 10402.7 10410 10416 10419.5 10421.2 10419.9 10417.9 10414.6 10410.8 10407.3 10405.1 10411 10419.1 10429.2 10444 10443.2 10441.4 10438.8 10425.6 10398.8 10379.2 10365.5 10384 10387.3 10388.5 10387.9 10386.7 10384.2 10381.6 10378.3 10375.2 10373.4 10370.9 10366.7 10366.9 10370.8 10377.6 10384.8 10391.6 10397.8 10403.2 10405.8 10402.3 10404.4 10404.2 10403.1 10402.6 10400.7 10398.3 10395.2 10389.2 10380.8 10372.4 10373.8 10381 10387.3
10366.2 10366.8 10367.1 10367 10368.6 10370.9 10374.1 10377.6 10383.4 10390.3 10396.7 10400.4 10402.9 10413.4 10420.4 10423.4 10423.4 10421 10417.1 10412.4 10407.5 10403.7 10406.1 10412.3 10419.4 10425.9 10433.4 10439.7 10452.7 10458.7 10431.3 10401.4 10379.6 10383.5 10391 10393.3 10393.7 10392.9 10390.2 10386.1 10381.5 10375.8 10370.7 10366.1 10360.9 10360.1 10369.9 10380 10388.9 10394.7 10398.7 10400.9 10400.4 10398.1 10398.9 10401.3 10402.6 10403.2 10404 10403.7 10403.3 10400.1 10393.6 10378.2 10381.9 10390.3 10393.9
10365.6 10365.2 10367.1 10369.2 10370.1 10371.3 10373.2 10379.3 10386.4 10394.7 10402.9 10408.1 10410.7 10420.9 10427.5 10429.3 10427.7 10425 10420.8 10415.8 10411.1 10409 10410 10409.2 10411.1 10416.8 10425.5 10436.4 10457.6 10477.1 10459.8 10432.7 10404.1 10397.3 10402.1 10402.9 10401.6 10399.6 10396.9 10393.1 10387.3 10379.2 10368.8 10358.6 10360.5 10361.2 10377.2 10389.1 10396.6 10399.8 10401.3 10401 10399 10396.3 10397 10400.6 10403.6 10406.3 10408.6 10410.8 10412.9 10415.1 10418.3 10420.3 10408.6 10405.3 10403.2
10370.8 10368.8 10369.9 10371.9 10371.9 10372.6 10375.8 10380.3 10388.8 10399.8 10413.1 10425.9 10434.3 10437.2 10438.7 10438.4 10435.7 10431.5 10426.7 10421.4 10415.1 10411.4 10412.3 10412.7 10412.3 10413.3 10420.8 10434.2 10458.1 10480.8 10475.8 10467.6 10454.7 10431.6 10419.1 10414.5 10411.4 10408.5 10405.4 10402 10397.6 10389.2 10377.5 10363.8 10377.3 10390.6 10401.9 10406.3 10407.1 10406.2 10405.4 10403.3 10400.4 10397.1 10397.9 10402.3 10406.3 10410.2 10413.9 10417.8 10422.9 10429.4 10437.8 10443.8 10431.2 10421 10413.6
10376 10376.7 10373.6 10373.5 10373.4 10373.9 10374.1 10380.2 10386.7 10404.1 10422.4 10442.4 10454.3 10453.7 10451.4 10448 10443.6 10437.9 10432.7 10427.7 10423.3 10419 10417.9 10416.7 10414.6 10412.9 10417.7 10431.2 10451.3 10466.7 10473.1 10478.1 10468 10445.5 10431.8 10424.4 10420.6 10417.9 10415.6 10413.5 10412.1 10408.3 10402.7 10397.5 10413.5 10432.2 10435.6 10427.6 10419.3 10413.6 10409.4 10406.1 10403.3 10402.6 10403.7 10405.8 10409.6 10413.7 10417.7 10423.2 10430.2 10438.7 10446 10447.7 10439.8 10430.5 10420.7
10377.1 10373.7 10373.3 10373 10375.4 10377.3 10378.3 10384.1 10400.7 10404.9 10426.3 10452.4 10466.2 10466 10461.7 10456.2 10450.4 10444.2 10438.5 10433.8 10431 10431 10427 10424.8 10420 10415.3 10416.3 10424.9 10435.9 10446.1 10456.1 10463.1 10453.7 10443.7 10437.1 10431.6 10428.7 10427.5 10428.4 10428.3 10429 10431.2 10436.5 10447 10456.2 10463.6 10458.6 10440.4 10427.9 10419.4 10413.4 10410.2 10407.7 10407.2 10406.1 10410.3 10413.2 10416.3 10420.6 10426.3 10433.7 10441.9 10450.6 10451.5 10443.7 10433.2 10423.8
10376.5 10373.1 10373.8 10375.9 10378.2 10382.1 10386.8 10379 10363.8 10387.5 10424.5 10455.6 10472.7 10474.9 10470.3 10463.4 10455.9 10448.5 10441.9 10436.9 10433 10432.3 10432.6 10430.3 10426.1 10422.1 10419.7 10418 10418.7 10425.1 10434.7 10441.2 10447.5 10443.8 10439.6 10436.4 10436.6 10436 10437.7 10439.8 10443.6 10450.6 10463.1 10481.6 10484.6 10473.1 10458.7 10441.4 10429.5 10421.3 10415.9 10412.6 10411.6 10413.6 10419.4 10415.1 10415.3 10417.7 10421.5 10426.1 10432.8 10440.1 10451.1 10453 10443 10433 10424.5
10378.3 10376.7 10374.6 10375.6 10379.4 10384.2 10388 10373.8 10348.2 10379 10429.1 10467.2 10482.2 10482.7 10476.5 10468.4 10459.2 10450.8 10443.6 10438.1 10436.3 10439.5 10438.7 10435.1 10432.4 10427.7 10422.1 10413.1 10408.8 10413.2 10418.3 10423.3 10444.7 10440.9 10440.3 10440 10441.5 10442.2 10444.5 10447.6 10452.6 10460.8 10473.2 10488.8 10487 10464.1 10443.3 10432.4 10425.1 10419.4 10415.5 10413.3 10412.8 10414 10414.2 10414.9 10415.4 10417.2 10419.7 10423.3 10427.2 10431.7 10438.3 10440.4 10435.3 10428.1 10421.6
10380.3 10376.2 10374.8 10376.5 10381 10384.2 10383.1 10375.1 10372.8 10397.4 10442.2 10485.9 10493.5 10488 10479.9 10470.6 10461 10451.9 10443.7 10436.8 10434.2 10438.6 10442.9 10446 10438.9 10432.3 10423.4 10413.3 10408.3 10413.9 10415.1 10405.7 10414 10432.4 10440.5 10442.5 10445.7 10447.2 10449 10451.8 10455.7 10461.5 10468.6 10473.6 10466.1 10446.6 10427.4 10420.8 10418 10415.7 10413.7 10412.4 10411.7 10412.4 10413.5 10413.1 10413.4 10414.6 10416.1 10417.7 10419.3 10419.8 10417.9 10422.3 10424.7 10420.4 10416
10383.1 10375.8 10375.9 10382.9 10386.9 10385.3 10382.9 10381.3 10383.3 10405.5 10447.5 10484.4 10491.7 10487 10479.1 10470.4 10460.5 10451.3 10442.1 10434 10426.8 10430.4 10440.8 10444.7 10442.2 10437.9 10432.1 10419 10414.3 10423.6 10432.6 10433 10425.6 10436.1 10443 10447.4 10448.4 10449.4 10451 10452.7 10455.1 10457.4 10458.3 10454.7 10443.3 10429.8 10414 10411.4 10411.9 10412.1 10412 10410.8 10410.5 10410 10409.3 10409.4 10410.3 10411.1 10412.1 10412.4 10412.2 10411.7 10411.5 10413.6 10415.3 10413.4 10410.9
10386.5 10377.1 10377.2 10388.3 10391 10384.1 10380.7 10381.5 10387.1 10409.7 10445.1 10474.8 10481.7 10479.3 10473.4 10465.5 10457.6 10449.6 10441.5 10434.6 10431.2 10434.2 10440.1 10443.6 10443.5 10442.2 10439.7 10430.8 10428.6 10435.3 10451 10467 10454 10450.3 10450.8 10452.6 10452.2 10453 10452.7 10452 10452 10451.6 10448.6 10442.4 10432.8 10420.6 10409 10407.4 10408.9 10409.7 10410.2 10410.1 10409.9 10408.6 10406.4 10406.6 10407.7 10408 10407.9 10407.3 10406.5 10406.1 10405.6 10408.2 10409.4 10407.7 10406.6
10382.1 10379.1 10379.7 10382.7 10381.9 10378.3 10373.6 10373 10384.2 10405.1 10435.9 10460.6 10468.4 10469.8 10467.4 10462.1 10455.3 10448.8 10441.8 10436.1 10438.3 10438 10437.6 10440.9 10444.1 10445.8 10445.9 10443.8 10445.7 10447.5 10452 10457 10462.6 10461.5 10459.2 10458.3 10456.2 10456.3 10454.9 10452.7 10449.2 10446.4 10441.4 10434.6 10425.3 10417.1 10412 10408.9 10407.8 10408.9 10409.5 10410 10409.8 10409.2 10408.1 10408 10407.1 10406.6 10405.6 10404.6 10403.6 10403.8 10403.8 10405 10406.5 10405.9 10406.1
10373 10377 10379.2 10380.4 10380.1 10372.9 10365.5 10364 10380 10402.7 10423.9 10440.9 10453.2 10459.4 10460.5 10458.1 10452.7 10446.7 10440.2 10433.3 10431 10433.6 10432.3 10440.1 10447.1 10451.1 10452.3 10458 10464 10460.3 10462.6 10467.7 10470.9 10469.2 10467.9 10465.5 10462.8 10460.3 10457.4 10453.2 10448.1 10443 10436.6 10429.3 10421.2 10414.9 10410.4 10408.6 10409 10409.7 10410.3 10410.3 10410.4 10409.8 10408.9 10408 10407.2 10405.9 10404.7 10403.3 10402.1 10402.4 10401.7 10402.4 10404.4 10403.7 10404.4
10363.3 10367.7 10371.7 10374.8 10377.7 10367.3 10359.7 10358.2 10381.7 10413.2 10418.5 10428.6 10443.3 10452.7 10455.9 10454.9 10449.2 10444.4 10439.3 10433.5 10426.6 10434.1 10445.3 10448.1 10453.5 10459.9 10466.4 10477.3 10482.5 10474.3 10477.5 10483.8 10482.1 10477.2 10475.1 10472.5 10469.2 10465.3 10461 10456.4 10450.3 10441.8 10434.5 10426.8 10418.2 10414 10412.5 10412.2 10411.6 10411.9 10412.1 10412.1 10411.8 10410.9 10410.3 10409.5 10407.7 10406.2 10404.6 10402.8 10401.3 10401.4 10400.4 10401.2 10403.3 10403.7 10404.9
10356.9 10360 10362.8 10365.8 10363.2 10362.4 10359 10361.1 10387.6 10419.6 10421.6 10428.6 10443.1 10451.6 10454.8 10453.6 10449.5 10444.8 10441 10438.7 10433.1 10437.7 10449.9 10453.5 10460.3 10468.9 10479.2 10490.6 10492.1 10483.1 10484.9 10492.5 10488.6 10484.7 10480.2 10477.1 10472.5 10469.1 10463.7 10457.3 10450.2 10442.6 10434.5 10426.6 10420.2 10416.4 10415.5 10416 10414.7 10414.5 10414.4 10414 10413.5 10412.7 10411.6 10409.9 10408.2 10407.3 10405.6 10403.2 10400.6 10399.1 10399.1 10400.7 10402.4 10404.9 10406.7
