real_craters/C073-500m.grd
DSAA
113 113
-28.105 28.105
-28.105 28.105
9445.2510087959 11498.349551704
[rows 0 to 29 of 113, columns 0 to 66 of 113]
10317.3 10317.9 10318.7 10319.4 10319.4 10320.7 10323.5 10324.7 10325.3 10325 10324.7 10324.3 10323.8 10323.8 10325 10326 10325 10325.8 10326.4 10326.8 10326.8 10326.8 10326.4 10326.7 10327.3 10328.6 10329.6 10329.5 10329.7 10330.7 10330.6 10330.9 10332.6 10334.7 10336.1 10336.6 10336.6 10336 10335.9 10338.3 10341.3 10344.3 10346.1 10348.5 10351.9 10356.1 10359.8 10362.5 10365 10367.1 10368.6 10367.2 10363 10368.8 10375.2 10379.3 10383.2 10397.7 10434.6 10369.6 10321.1 10306.4 10388.1 10379.3 10378.1 10372.3 10368
10318.3 10317.5 10316.6 10317.8 10320.4 10321.1 10321.5 10322.5 10323.6 10324.1 10324.1 10324.1 10323.8 10324.3 10325.5 10324.2 10327.8 10327.9 10328.1 10328.5 10328.7 10327.8 10326.7 10325.8 10327.5 10328.8 10329.6 10330.4 10331 10331.8 10333.2 10330.8 10332.6 10335.4 10336.3 10336.7 10336.9 10336.9 10336.2 10338.8 10342.5 10343.6 10345.7 10348.6 10351.4 10354.9 10358.6 10361.5 10363.6 10365.1 10365.6 10363.5 10362.5 10370.8 10376.8 10381.4 10388.7 10388.8 10357.9 10306.5 10217.6 10193.8 10365.1 10386 10384.6 10376.5 10368.6
10318.5 10316.2 10314.8 10317.1 10320.5 10322 10322.5 10322.8 10323.1 10323.3 10323.5 10323.7 10324 10325.8 10326.4 10327.2 10328.7 10329.2 10329.5 10330 10329.4 10328.5 10328 10328.6 10328.4 10329.6 10330.9 10331.3 10331.8 10331.9 10330 10331.8 10333.8 10335.7 10336.4 10336.8 10337.1 10337 10337.4 10339.5 10343.1 10344.7 10346.7 10349.3 10351.9 10354.9 10357.9 10360.4 10362.2 10363.5 10363.7 10362.4 10361.7 10371.5 10378.3 10380.9 10383.6 10401.1 10390.6 10297.8 10182.1 10162.5 10360.2 10402.1 10384.3 10376.9 10372.1
10324.4 10311.2 10308.5 10314.4 10322.3 10322.8 10322.2 10322.2 10322.6 10322.9 10323.2 10323.6 10324.8 10327.2 10327.2 10326.5 10328.8 10330.1 10330.2 10329.9 10329.7 10328.8 10328.3 10328.5 10329.2 10330.1 10331.5 10331.7 10332.4 10333.1 10336.5 10331.8 10333.5 10335.5 10336.5 10337.1 10337.7 10338.6 10337.9 10339.3 10343 10346 10348.2 10350.5 10352.8 10355.4 10357.9 10359.6 10361.2 10362.2 10362.4 10361.1 10361.1 10371.4 10378.5 10380.1 10383.2 10399 10398.5 10346 10295.6 10292 10366 10390.2 10382.5 10377.1 10373.8
10327.5 10287.3 10295.9 10309.6 10321 10324.4 10323 10322.2 10322.4 10322.7 10323.2 10323.6 10324.2 10327.4 10329.6 10328.6 10331.5 10331.2 10330.8 10330.3 10329.9 10329 10328.3 10328.4 10329.6 10330.4 10329.8 10331.8 10332.6 10332.8 10331.8 10331.1 10333.3 10335.2 10336.3 10337.2 10337.9 10338.1 10337.3 10338.8 10343.4 10346.7 10348.4 10351.7 10354.7 10356.3 10357.8 10359.1 10360.2 10361.2 10362.7 10361.6 10361.5 10369.2 10376.8 10379.9 10378.3 10387.1 10387.9 10388.2 10417.9 10404.7 10383.2 10374.6 10367 10371.8 10369.1
10194.4 10255.9 10287.1 10307.2 10319.9 10321.6 10322.1 10322 10322.1 10322.7 10323.4 10324.3 10326.1 10328.2 10330.3 10330.3 10331.7 10331.7 10330.9 10330.2 10329 10329.3 10329.5 10329.9 10330.6 10331.5 10332.2 10332.9 10333 10332.8 10332.2 10331.9 10333.4 10334.8 10336.1 10337.2 10338.1 10338.4 10338.3 10338.8 10343.4 10347.4 10350.3 10352.9 10354.2 10357.1 10358.4 10359.5 10360.3 10360.6 10360.2 10361 10362.1 10368.1 10376.1 10384.3 10399.4 10378.3 10378.9 10385.8 10388.8 10387.1 10379.1 10369.9 10372.8 10372.6 10368.3
10321.7 10285.1 10295.3 10310.2 10322.3 10323 10321.8 10321.5 10322.2 10323.1 10324 10325 10326.5 10328.7 10330.1 10330.4 10329.8 10330.9 10330.8 10330.5 10330.7 10330.4 10330.6 10331.1 10331.9 10332.7 10333.7 10333.9 10333.6 10333.2 10333.3 10332.6 10333.3 10335 10336.3 10337.4 10338.4 10339.5 10338.8 10339 10343 10348 10351.2 10354.3 10358.3 10358 10358.9 10359.7 10360.4 10360.7 10360.7 10362.2 10364.8 10368.1 10372.4 10386.2 10389.1 10351.3 10357.4 10370.2 10372 10378.5 10382.8 10368.4 10372.1 10372.2 10366.8
10322.5 10309.9 10308.6 10315.2 10322.3 10324.6 10323 10321.9 10322.9 10324 10325.1 10326.2 10328 10330.8 10330.9 10330.9 10330.4 10330.7 10331 10331.1 10330.8 10331.3 10332.2 10332.4 10332.9 10333.7 10334.6 10334.6 10333.7 10332.9 10332.4 10332.7 10334.2 10335.5 10336.6 10337.4 10338 10338.3 10337.9 10337.1 10341.7 10347.4 10350.8 10354 10356.4 10358 10359.1 10360.1 10361.1 10362 10362.8 10363.4 10367.9 10370.9 10375.1 10389 10390.6 10362.8 10363.8 10369.8 10376.1 10375.1 10372.2 10367.9 10368.9 10368.3 10364.2
10321.8 10318 10317 10319.8 10325.2 10328.7 10325.3 10323.8 10324.4 10325.5 10326.5 10327.2 10328.6 10330.3 10331.4 10331.9 10331.3 10331.3 10331.9 10332.3 10332.4 10332.4 10332 10332.8 10333.4 10334 10334.8 10334.7 10333.5 10332.5 10331.8 10332.7 10334.4 10336.2 10337.2 10337.6 10337.7 10337.3 10336.3 10337.7 10340.1 10343.8 10350.4 10353.7 10356.1 10358.1 10359.6 10360.5 10361.5 10362.9 10363.9 10362.1 10358.7 10359.8 10378.1 10394.4 10398.8 10391.4 10376 10372.8 10373.7 10371.3 10370.5 10366.3 10363.8 10362.1 10360.8
10322.8 10322.6 10322.8 10323.7 10325.7 10327.7 10325.7 10325.3 10326.2 10327.3 10328.4 10329.2 10330 10331.1 10332 10333 10332.6 10332.7 10333.2 10333.5 10334.1 10334.1 10333.3 10333.3 10333.7 10334.1 10334.4 10334.1 10333 10332.1 10332.3 10333.7 10336.1 10337.3 10337.6 10337.7 10337.8 10337.9 10338.4 10337 10339.8 10344.5 10348.9 10352.9 10356.5 10358.8 10360.5 10361.7 10362.5 10362.7 10362.8 10362.5 10361.4 10365.2 10376.5 10400.6 10399 10378.9 10376.7 10372.8 10370 10366 10368.3 10365.9 10361.6 10358.1 10357.4
10324.4 10325.4 10326.3 10327.9 10328.6 10328.1 10327.5 10327.2 10327.9 10329.2 10330.7 10332.2 10331.7 10330.9 10331.4 10333.6 10334.6 10335.3 10334.5 10334.6 10334.9 10334.4 10333.7 10333.8 10334 10334.1 10333.8 10333.2 10332.6 10331.8 10329.7 10336.2 10339.8 10338.8 10338.2 10338 10337.8 10337.8 10338 10337.4 10339.8 10344.8 10346.9 10352.3 10357.2 10359.9 10361.8 10363.2 10364 10363.3 10363.7 10366.1 10369.4 10375.9 10382.1 10391.2 10382.6 10379.8 10375 10372.4 10362.6 10363.2 10355.8 10361.6 10362.2 10357.7 10354.8
10326.2 10326.4 10327.3 10329.1 10328.8 10328.4 10328 10328.4 10329.2 10330.4 10332.2 10334.7 10333.2 10332.1 10332.6 10334.1 10334 10334.2 10334.5 10334.9 10335 10335.1 10334.8 10334.2 10334.3 10334.5 10334.5 10335.4 10334.1 10333.3 10332.9 10331.1 10338.1 10338.4 10338.1 10337.7 10337.3 10336.9 10336.1 10337 10339.4 10342.6 10346.2 10352.8 10357.9 10361.3 10364.1 10366.2 10367.1 10367.7 10368.4 10370.4 10373.3 10380 10374.4 10377.3 10366.2 10370.4 10371.9 10369.2 10363.2 10362.2 10354.7 10358.5 10361.5 10363.1 10352
10326.9 10326.7 10326.8 10327.2 10327.7 10328.1 10328.9 10329.3 10330.1 10331.1 10332.1 10332.5 10333.1 10332.4 10333 10333.3 10333.6 10332.9 10335 10335.5 10335.1 10334.8 10334 10334.1 10334.3 10334.7 10335.6 10336.6 10335.4 10334.4 10334.7 10334.3 10336.2 10337.1 10337.2 10337.1 10336.8 10336.6 10337 10337.6 10339.4 10342.5 10347.6 10352.3 10358.3 10363.1 10367 10370.2 10372.3 10371.4 10373 10374.2 10374.2 10372 10369.5 10366.2 10365.9 10368.6 10372.1 10372.3 10363.2 10359.8 10367 10359.3 10357.8 10365.4 10345.4
10326.7 10326.4 10326 10325.6 10326.7 10328.2 10329.4 10329.8 10330.5 10331.4 10332.4 10333.2 10333.7 10334.3 10334.5 10334.7 10336.8 10341.2 10337.9 10336.1 10334.8 10333.4 10333.3 10333.7 10334.2 10334.7 10335.3 10335.7 10334.9 10334 10333.4 10334.4 10335.3 10336.2 10336.4 10336.5 10336.4 10336.3 10336 10336.3 10337.8 10342 10349.9 10358.3 10360.8 10365.1 10369.8 10374.1 10378.7 10384.1 10381.5 10378.4 10376.2 10375.4 10373.9 10372.3 10370.6 10370.9 10375.8 10374 10356.1 10366.3 10365.8 10358.6 10352 10347.1 10341.6
10327 10326.1 10325.5 10326 10327.1 10327.6 10328.8 10329.7 10330.7 10331.6 10332.3 10333 10334.4 10335.7 10336.9 10336.4 10337.7 10338 10337.5 10335.9 10334.5 10333.4 10332.9 10333.3 10333.8 10334.4 10334.8 10334.8 10334.7 10334.1 10334.3 10334.9 10335 10335.3 10335.9 10336.2 10336.3 10336.3 10336.3 10335.8 10337.8 10342.1 10349.3 10358 10363 10367 10371.1 10376.4 10382.4 10389.3 10385.1 10380.4 10376.8 10375.5 10384.7 10394.9 10376.4 10372.6 10374.3 10373.2 10367.3 10365.2 10362 10359 10355.7 10361.1 10351.7
10326.4 10325.4 10324.6 10324.5 10325.5 10326.1 10327.4 10329.3 10330.8 10332.1 10333.1 10333.9 10335 10335.9 10337.8 10337.1 10337 10336.4 10335.9 10334.8 10333.8 10332.9 10332.6 10332.9 10333.4 10334.1 10334.6 10335 10334.8 10334.5 10335.2 10336.3 10334.9 10335 10335.6 10336.1 10336.8 10337 10337.1 10338 10340 10344.6 10350.6 10357.8 10364 10369 10372.8 10377 10379.8 10383.2 10382 10379.1 10376.4 10374.7 10384.9 10386.7 10377.9 10373.5 10371.3 10369.5 10373.3 10366.6 10366 10362.8 10361.4 10360.8 10354.7
10325 10324.3 10323.9 10324 10324.9 10326.5 10327.7 10329.1 10330.7 10332.5 10334.3 10335.2 10335.7 10336.3 10336.1 10336.8 10336.1 10335.2 10334.6 10333.8 10332.6 10331.4 10331.1 10332.3 10333.1 10333.9 10334.5 10334.7 10334.7 10335.2 10335.7 10335.6 10334.9 10335.3 10336.1 10337 10337.7 10338.2 10338.6 10339.7 10342.8 10347.5 10353.8 10359.4 10365.6 10370.3 10375.2 10378.3 10379.4 10376.7 10381 10380.6 10378.9 10381.5 10391.2 10405.3 10382.9 10377.6 10373.1 10373.8 10380.8 10375.3 10366.7 10363.2 10361.3 10357.4 10354.7
10323.8 10323.4 10323.1 10323.5 10324.8 10326.5 10327.6 10328.8 10330.5 10332.5 10335.1 10335.4 10335 10335.3 10335.7 10334.4 10334.4 10334.3 10333.9 10332.8 10331.9 10331.5 10331.1 10332.1 10332.9 10333.8 10334.7 10335.5 10335.6 10335 10337 10337.1 10335.2 10336.1 10337.4 10338.5 10339.5 10340.6 10341.4 10341.6 10344.4 10349.8 10357 10362 10367.9 10372.2 10376.5 10381 10385.8 10388.1 10386.2 10385 10384.5 10384 10402.6 10429.6 10404.1 10384 10374 10370.2 10381.8 10375.7 10366 10362.2 10357.6 10355.4 10355.2
10322.9 10322.4 10323 10323.7 10324.7 10325.1 10326.7 10328.1 10329.6 10331.3 10332.9 10333.7 10333.2 10332.6 10332.2 10333.1 10333.8 10333.2 10332.7 10331.9 10331.3 10331.4 10332.3 10332.1 10332.7 10333.6 10334.6 10335.7 10336.6 10335.9 10337 10337 10336 10336.9 10338.7 10340.5 10342.1 10343.7 10345.4 10347.7 10348.1 10351.7 10357.5 10364.2 10370.2 10375.2 10379.6 10384.3 10389.5 10392.5 10393.1 10393.9 10394.1 10399.4 10422.3 10407.2 10402.3 10386.6 10371.5 10366.3 10370.7 10372.2 10368.1 10363.5 10359.5 10357.7 10359.2
10323.2 10322 10319.2 10326.5 10325.5 10324.1 10325.5 10327.2 10328.6 10329.7 10330.8 10332.3 10333.2 10332.2 10331.3 10331.4 10332 10331.3 10330.9 10330.7 10330.6 10330.7 10331.1 10331.6 10332.5 10333.4 10334.3 10335.1 10336 10335.3 10335.2 10335.8 10336.2 10338.5 10340.7 10342.8 10345 10347.2 10349.4 10351.2 10351.5 10353.7 10357.9 10365.9 10371.9 10376.2 10380.8 10384.7 10387.7 10393.5 10399.3 10401.4 10400.4 10398.3 10383.9 10395.3 10402.8 10385.2 10368 10361.8 10363.2 10370.9 10369 10364.7 10360.9 10359.7 10364.4
10324.4 10324.1 10327.5 10323.1 10324.2 10324.1 10325.2 10326.4 10327.8 10328.6 10329.1 10331.5 10334 10334.1 10331.5 10330.8 10331.3 10330.1 10329.7 10330.2 10330.1 10329.9 10329.7 10331.2 10332.2 10333.1 10333.8 10334.3 10334 10333.7 10334.9 10336.6 10338.7 10340.8 10343.2 10345.6 10348.1 10350.6 10353.2 10354.8 10355.6 10357.1 10362.4 10365.4 10371.9 10377.2 10382.4 10388 10390.7 10398.7 10406.8 10412 10413.9 10406.7 10379.5 10373.5 10385.6 10381.4 10372.3 10364.9 10365 10368.8 10369.2 10366.4 10362.8 10362.7 10371.8
10326.1 10324.7 10323.2 10323.1 10323.7 10324.1 10325 10326.1 10327.4 10328.9 10330.2 10330.9 10332.1 10331.9 10330.8 10329.8 10329.1 10329.7 10330.1 10330.2 10330.1 10330.3 10331 10331.3 10331.9 10332.7 10333.5 10334.1 10334.3 10333.4 10335.9 10338.1 10340.7 10343.3 10345.8 10348.4 10351.1 10353.7 10356.4 10358.8 10358 10359 10364.3 10367.1 10372.9 10376.4 10383.8 10393 10403.6 10409 10415.8 10422.7 10427.9 10425.3 10404.4 10366.7 10377.3 10379.8 10379.7 10371.8 10364.1 10371.5 10370.6 10368.9 10369.6 10374.6 10376.6
10327.6 10327.6 10325.5 10325.1 10325.6 10325.1 10325 10325.8 10327.2 10328.8 10330 10330 10330 10330.4 10330.5 10329.9 10329.5 10329.9 10330 10330.3 10330.9 10330.6 10330.4 10330.8 10331.4 10332.3 10333.4 10334.2 10335 10335.2 10337 10339.7 10342.7 10345.6 10348.3 10350.9 10353.6 10356.3 10358.7 10360.2 10360.8 10362.5 10366.4 10367.3 10366.3 10373.7 10382.8 10393.8 10406.7 10412.6 10419.6 10427.6 10435.1 10435.7 10409.1 10370.6 10375.3 10381.5 10376.8 10366.8 10365.2 10370.2 10370.4 10370.4 10371 10373.9 10373.9
10329.4 10329.4 10325.6 10323.5 10324.7 10324.5 10323.6 10324.8 10326.4 10327.9 10328.9 10329.4 10329.3 10330.1 10330.8 10331.7 10331.8 10330.5 10329.9 10329.7 10330.1 10329.9 10329.9 10330.3 10330.8 10331.7 10332.3 10333.7 10335.1 10337 10338.5 10341.4 10345.1 10348.5 10350.7 10353.3 10356.2 10358.9 10361.5 10363.7 10364.2 10363.2 10367.2 10367.3 10367.5 10374.5 10381.6 10386.2 10389.7 10407.1 10418.9 10428.6 10438.2 10450.8 10420 10381.1 10375.5 10393 10406.2 10375.1 10365.5 10371.7 10372.5 10370.4 10366.9 10362 10366.9
10330.2 10337.8 10332 10320.9 10305.6 10315.4 10321.4 10324.1 10326.1 10327.9 10328.9 10329.3 10329.1 10330.5 10331.2 10331.1 10331.1 10330.1 10328.8 10328.8 10328.5 10329.4 10329.5 10329.9 10330.6 10331.2 10332.1 10333.7 10336 10338.1 10339.4 10342.8 10346.1 10349 10352.3 10355.3 10358.2 10361 10363.7 10366.6 10367.5 10364.9 10368.1 10368.9 10373.7 10377.4 10384.3 10388.9 10390.5 10406.5 10416.7 10422.9 10426.5 10422.1 10407.8 10383.6 10400.2 10404.8 10397 10386 10379.2 10379 10376.4 10372.1 10366.1 10358.4 10359.5
10324.8 10335.4 10329.6 10321.8 10328.8 10322.7 10322.4 10324.2 10325.9 10327.4 10328.7 10329.8 10330.7 10331.4 10332 10331.7 10330.6 10329.6 10329.5 10330.3 10330.9 10330.1 10330.2 10330.3 10330.5 10330.9 10331.3 10332.5 10338.1 10340.9 10341.7 10344.4 10347.4 10350.4 10354 10357.1 10360 10362.4 10365 10367.2 10368 10365.9 10367.9 10369.2 10370.4 10377.5 10390.8 10407.4 10416.1 10415 10416.2 10416.8 10415.1 10411.9 10404.9 10391 10430.9 10407 10385.7 10384.2 10397 10387.6 10381.4 10375.1 10370 10366.5 10365.9
10312.4 10314.8 10322.4 10321 10319 10321.7 10323.1 10324.5 10325.8 10326.8 10328.4 10330.2 10331.7 10332.3 10333.2 10334.1 10332.2 10330 10329.5 10329.7 10330.2 10330.2 10330.1 10330.1 10330.5 10330.8 10330.9 10330.1 10327.2 10341.6 10343.5 10346.2 10349.7 10353.2 10356.2 10359 10361.5 10364 10366 10367.4 10368.5 10366.3 10365.8 10367 10367.9 10376.7 10394.1 10414.4 10424.3 10420.5 10417.4 10414.4 10411.8 10416.3 10423.6 10437.5 10433.8 10406.4 10376.2 10364.4 10377.2 10386.7 10383.4 10378.7 10375.2 10374.5 10372.8
10302.8 10302.8 10311.6 10316.1 10317.7 10321.3 10323.9 10325.4 10326.3 10327 10328.5 10329.8 10331.1 10332.2 10333.6 10335.2 10333.9 10330.6 10329.4 10330.1 10330.2 10330.2 10330.4 10330.9 10330.9 10331.2 10332 10334 10341.7 10341.2 10344.3 10347.9 10351.8 10355.1 10358.4 10360.7 10363.1 10365.1 10366.8 10368.4 10370.2 10368.2 10366 10369 10372.4 10380.8 10394 10405.6 10416.2 10421.2 10419.1 10414.1 10407.8 10406.3 10419.8 10441 10442.1 10440.1 10404.5 10371.4 10385.1 10388.6 10388 10384.1 10378.5 10374.2 10369.6
10298.7 10298.5 10299.7 10313.2 10322.5 10323.7 10325.2 10326.2 10327.4 10328.7 10328.4 10328.7 10329.9 10331.3 10332.5 10333.2 10332.1 10329.8 10329.2 10329 10329.8 10330.2 10330.4 10331 10331.1 10331.7 10332.9 10335.6 10339.2 10340.9 10345 10348.8 10353.1 10357.9 10360 10362 10364.3 10366.5 10368.2 10368.5 10365.3 10365.6 10368.7 10370.9 10375.9 10386.7 10399.6 10404.8 10419.3 10427.3 10425.4 10418.9 10410.7 10409.4 10409 10417.5 10432.1 10461.5 10458 10406.1 10393.4 10400.2 10398.1 10394.4 10386.5 10373.4 10359.7
10298 10298.6 10300.2 10312 10321.3 10324.5 10326.3 10327.5 10327.8 10328.1 10328.5 10328.5 10329.1 10330.3 10331 10331.1 10330.5 10330 10329.5 10329.7 10330.1 10330.1 10330.3 10330.2 10331.1 10332 10332.9 10334.3 10336.5 10341.2 10345.6 10349.5 10353 10356.5 10359.7 10363.3 10366.6 10368.6 10370.3 10371.8 10372.9 10371.3 10372.9 10373 10377.2 10390 10414.2 10441 10444.6 10442.7 10437 10428.4 10419.2 10412.7 10413.8 10412.8 10425.6 10463.4 10477.3 10474.1 10437.1 10419.8 10413.7 10409.7 10403.5 10391.5 10376.4
