real_craters/C073-500m.grd
DSAA
113 113
-28.105 28.105
-28.105 28.105
9445.2510087959 11498.349551704
[rows 60 to 89 of 113, columns 0 to 66 of 113]
10310.7 10313.6 10317.2 10320.5 10324.1 10325.6 10325.6 10328.9 10330.2 10332.4 10335.3 10337.6 10340.6 10343.3 10347.1 10361 10350.6 10347.4 10348.2 10354.3 10381.1 10417.6 10445 10488.7 10486.2 10474.8 10445.4 10423.5 10416 10410.6 10405.3 10402.3 10404.2 10410.3 10429.8 10452.4 10474.9 10496.7 10508.2 10493.5 10466.3 10428.6 10375.4 10307.2 10140.6 9978.79 9848.26 9760.63 9688.91 9664.02 9537.08 9488.03 9462 9457.02 9493.2 9553.61 9569.37 9572.46 9563.07 9551.18 9533.7 9534.95 9626.22 9729.35 9840 9950.83 10066
10306.7 10311.2 10315.5 10320.1 10326.1 10328.1 10326.1 10321.7 10328.2 10331.7 10333.9 10337.1 10340.4 10343.2 10343.3 10332.4 10347.1 10351 10355.6 10366.6 10386.1 10409.6 10418.7 10435.6 10462.5 10467.4 10454.3 10442.4 10433.6 10424.4 10415.8 10409.9 10409 10417.4 10427 10439.4 10452.6 10476.5 10494.9 10491.3 10478.1 10452.9 10413.7 10345.7 10238.6 10080.7 9915.57 9799 9730.05 9705.34 9605.99 9554.31 9510.51 9456.24 9487.4 9494.46 9519.91 9548.2 9565.92 9583.88 9582.9 9599.95 9652.78 9752.08 9866.27 9984.02 10098
10305.8 10310.3 10314.6 10318.4 10320.3 10324.9 10328.6 10330.4 10330.5 10330.4 10332.8 10335.6 10339.2 10343.7 10350.9 10359.7 10353.4 10353.7 10357.9 10366.5 10374.3 10370 10375.1 10368.4 10407.6 10436.8 10451.1 10461.3 10449.7 10435.6 10423.5 10412.7 10406.9 10404.4 10414.4 10433.4 10447.9 10464 10486.7 10495.2 10492.4 10478.7 10455 10405.7 10327.1 10191.1 10014.2 9875.62 9790.76 9828.56 9727.93 9639.62 9586.31 9579.9 9533.75 9503.04 9518.85 9547.64 9569.11 9588.02 9594.68 9604 9671.16 9775.46 9891.6 10009.9 10126
10307.9 10311 10314.8 10318.2 10320.6 10324.5 10329.3 10333.9 10331.4 10329.6 10330.2 10332.2 10335.3 10340.5 10349 10357.1 10353.8 10353 10355.5 10357.6 10357.7 10358.1 10359.2 10363 10385.6 10413.1 10438.7 10455.6 10453.1 10440.5 10426 10413.5 10402.9 10394 10403.8 10435.3 10470.7 10486.9 10493.3 10501 10504.4 10499.8 10490.5 10471.9 10405.2 10310.9 10144.2 9983.65 9834.69 9829.14 9785.75 9696.94 9622.49 9600.53 9553.82 9519.02 9549.39 9572.29 9585.02 9591.69 9593.72 9601.96 9688.9 9810.17 9935.71 10051.4 10160.3
10309.2 10311.7 10315 10318.6 10323.5 10324 10325.7 10326.7 10327.6 10327.2 10327.8 10329.1 10331.5 10333.6 10335.4 10341 10345.8 10349.2 10352 10354.5 10357.5 10361.2 10361.8 10371.2 10379.8 10398.1 10427.1 10449.9 10453.3 10440.6 10426.7 10415.3 10404.4 10399.1 10409.4 10436.3 10468.4 10487.6 10496.6 10505.6 10511.8 10511.5 10479.8 10446.3 10424.7 10365.5 10303.6 10138.8 9958.36 9874.65 9811.89 9742.23 9643.18 9587.51 9593.86 9617.36 9625.67 9633.59 9632.04 9617.2 9609.21 9629.59 9739.98 9870.57 9990.58 10099.3 10198.6
10308.8 10312 10315.2 10317.5 10317.8 10319.7 10320.1 10321.5 10322.5 10323.5 10324.9 10326.8 10328.1 10326.9 10323.8 10329.5 10340.3 10347.4 10351.9 10352.4 10349.9 10345.4 10356.7 10375.9 10379 10392.4 10415.4 10436.1 10441.5 10433.7 10423.8 10414.3 10407.5 10404.8 10412 10428.9 10455.6 10470.3 10485.2 10499.9 10516.9 10535.2 10555.9 10515.8 10438.3 10362.1 10383.2 10249.4 10067 9940.12 9893.97 9843.47 9763.67 9694.03 9706.1 9697.95 9723.45 9731.22 9721.66 9690.53 9659.9 9742.21 9858.03 9976.75 10081.4 10173.2 10254.9
10308.3 10311.9 10315.6 10318.3 10317.9 10316 10312.9 10313.7 10317.1 10320.2 10322.2 10323.4 10324 10323.7 10324.6 10329.5 10339.9 10348.4 10355.2 10357.2 10351.9 10357.6 10366.4 10374 10390.5 10392.9 10404.5 10414.1 10419.2 10422.5 10419.7 10414.1 10408.3 10404.4 10406.1 10414.6 10423.9 10448.8 10467.1 10489 10509.7 10535.2 10567.7 10553.7 10487.3 10386.6 10340.2 10262.4 10224.8 10080.4 10036.5 10007.4 9978.69 9933.06 9909.7 9864.15 9872.17 9872.54 9862.75 9843.19 9829.49 9921.18 10027.6 10122.7 10198.5 10263.7 10319.4
10308.3 10311.7 10315.6 10320.7 10321.5 10313.8 10308.1 10309.1 10313.4 10317.6 10319.8 10322.3 10321.8 10324.9 10328.2 10334.1 10341.9 10351.6 10361.5 10371.6 10379.9 10380.3 10373.5 10371.6 10374.4 10385 10396.8 10403.6 10409.3 10420.8 10421.6 10415 10408.1 10403.1 10400.4 10407.2 10419.4 10437.8 10459 10478.6 10494.8 10503.7 10507.9 10541 10561.3 10579.9 10443.6 10303.8 10271 10275.8 10201.9 10165.3 10164.5 10149.4 10112.6 10080.8 10050.3 10039.5 10043.5 10052.8 10082.5 10170.5 10249.3 10287.6 10315.1 10344.4 10374.6
10309.1 10311.3 10313.4 10315 10314.8 10310.7 10306.5 10308 10312.2 10316.4 10318 10319.1 10321.9 10327.1 10333.3 10338.6 10346.5 10355.4 10367.3 10382.6 10404.1 10404.5 10360.2 10339.7 10359.3 10373.3 10392.6 10412.6 10430.3 10432.1 10427.4 10419 10410.8 10404.2 10402.1 10403.4 10412.5 10436.3 10460.3 10473.2 10477.3 10478.6 10481.9 10526.4 10591.2 10669.8 10588.2 10453.8 10333.5 10275.8 10270.7 10253.9 10298.1 10280.1 10256.9 10234.9 10215.7 10209.5 10225.9 10269.9 10355.7 10431.6 10466.4 10435.9 10421.4 10419.4 10426.1
10309.6 10310.6 10311 10308.2 10308.6 10308.5 10306.9 10308.8 10312.4 10316.4 10320.2 10320.2 10324.2 10326.8 10334 10339.5 10347.6 10356.3 10365.6 10378.8 10395.4 10404.8 10385.3 10338.1 10334.7 10361.8 10392.6 10421.5 10447.4 10442 10431.9 10421.4 10410.8 10404 10401.1 10403.3 10413.6 10435.6 10458.6 10463.3 10463.2 10462.8 10466.5 10507.6 10551.9 10575.5 10601.4 10643.8 10533.8 10352.4 10279.5 10299.8 10277.4 10295.2 10353.8 10376.8 10349.6 10350 10373.6 10430.2 10506.6 10554.6 10552.2 10528.3 10496.4 10475.3 10465.6
10310.8 10310.7 10310.6 10311.5 10310 10309.1 10308.8 10310.8 10313.9 10317.7 10317.6 10320.9 10325.7 10326.6 10328.7 10338.8 10346.9 10354.8 10362.6 10367.2 10365 10355.5 10371.9 10353.1 10331.7 10359.6 10391.9 10420.2 10437.9 10440.9 10430.7 10418.5 10408.1 10401.7 10401.7 10411.7 10425 10437.5 10445.4 10452.7 10454.8 10453.7 10460.3 10484.7 10505.2 10505.1 10526.6 10562.2 10586.4 10588.9 10501.5 10454.9 10383.6 10358.9 10319.6 10410.1 10436.4 10449.9 10477 10522.3 10573.4 10608.5 10636.8 10580.8 10537.8 10505 10487.2
10311.7 10310.9 10310 10309.1 10308.5 10307.8 10312.1 10311.6 10314.8 10319 10324.2 10328.6 10331.8 10334.5 10336.9 10342.6 10347 10352 10356.6 10359.1 10355.5 10352.6 10372.4 10385 10384 10385.5 10396 10418 10444.7 10442.8 10426.5 10413 10402.9 10396 10394.5 10415.7 10432.9 10441.6 10454.4 10460.3 10449.9 10443.6 10447.5 10462.7 10479.5 10498.9 10518.8 10527 10548.3 10547.3 10606.1 10643.6 10670.9 10567.1 10561.8 10520.9 10512.6 10522.3 10539.3 10573.5 10617.4 10647.5 10620.6 10577.5 10541.5 10516 10498.6
10312.9 10311.8 10310 10307.3 10308.1 10305.9 10304.5 10312.2 10317.1 10322 10327.2 10332.4 10338.1 10345 10349.5 10347.9 10349.4 10352.7 10355.5 10357.3 10359 10362.1 10381.8 10423.9 10411.1 10389 10386.2 10402.5 10427 10425 10413 10404.5 10395.5 10388.4 10382.5 10397.7 10423.4 10436.1 10448.9 10452 10441.6 10431.9 10434.1 10448.4 10466.9 10488.5 10498 10499.5 10516.7 10557.5 10568.2 10648.5 10726.9 10685 10615.7 10590.9 10570.2 10561.5 10570.8 10593.9 10621.8 10630.6 10569.5 10540.4 10528.1 10511.1 10497.4
10314.1 10313.4 10312 10310.5 10310.8 10311.1 10312.7 10315.6 10319.4 10324.3 10329.9 10335.3 10339.5 10344.8 10348.2 10351.6 10352.9 10355.7 10358.2 10365.6 10374.5 10397.5 10435.2 10433.2 10381.5 10352.5 10363 10376.6 10382.2 10385.1 10390.4 10390.7 10389.6 10386.1 10383.4 10388.3 10406.7 10422.8 10434.6 10438.6 10427.4 10419.1 10423.8 10439.3 10458.9 10479.9 10494.5 10479.6 10498.5 10519.1 10512.9 10541.7 10609.9 10706.6 10662.6 10616.1 10593 10585.2 10583.7 10587.2 10592.9 10585.8 10534.1 10510.8 10509 10503.8 10496.1
10316 10316.4 10316.7 10315.6 10315.2 10318 10317.8 10318.3 10321.5 10326.1 10331.9 10338.4 10342.4 10350.2 10353.6 10354 10355.7 10358.6 10361.4 10368.5 10380 10403.7 10421 10407.1 10351.3 10326.3 10346.5 10358.9 10363 10366.6 10375.5 10381.4 10384 10386.6 10388.5 10393.2 10400.8 10410.6 10416.3 10415.1 10408.6 10400.6 10410.4 10428.8 10448.4 10469.9 10493.4 10489.5 10477.2 10483.7 10482 10475.7 10510 10614.3 10664 10616.9 10587.5 10573.5 10568.5 10561.5 10550 10522.2 10506.9 10498.9 10500.4 10497.3 10491.2
10318.3 10318.8 10319.9 10319.4 10315 10315.4 10316.3 10318.5 10322 10326.2 10331.2 10337 10343.7 10356.6 10356.9 10356 10358.2 10362.6 10365.3 10368.2 10373.4 10367 10354.7 10351.3 10350.7 10352.3 10351.6 10355.6 10357.7 10360.6 10369.4 10376.6 10383.2 10389.2 10393.8 10394.9 10400.2 10402.5 10400.9 10395.1 10396.1 10400.9 10404.7 10417.2 10431.2 10443.7 10448.7 10465.2 10448.3 10469.5 10477.1 10461 10452.7 10469.4 10549.7 10564.4 10559.7 10551 10541 10529.8 10515.3 10504.9 10499.2 10504.5 10500.4 10492.2 10484.2
10321 10321.2 10318.4 10318 10314.9 10300.6 10312.2 10318.4 10322.2 10325.6 10329.2 10332.8 10336.6 10345.9 10348.6 10352 10357.6 10366.4 10370.6 10375.3 10372.3 10374.8 10361.9 10356.6 10360 10366.2 10366.7 10363.1 10362.1 10366.4 10366.2 10373.2 10382.8 10392.5 10401 10406.7 10404.5 10398.7 10394.1 10390.1 10391.4 10393.5 10399.2 10406.3 10413.8 10418.4 10419.7 10428 10437.7 10450.5 10456.6 10438.7 10431 10434.9 10469.4 10508.1 10520.1 10519.7 10515.1 10505.6 10490.7 10471.5 10487.9 10517.6 10497.6 10485.9 10476.8
10323 10325.3 10328.1 10325.5 10324.7 10330.3 10320.8 10320.6 10322.8 10325.2 10327.1 10328 10324 10320.4 10336.6 10345.8 10355.3 10362.1 10370 10375.6 10372.7 10354.8 10339.3 10344.8 10367.9 10387.7 10380.1 10368.1 10359.3 10357.7 10356.5 10366.4 10381.8 10397.8 10411.5 10415.1 10403.9 10393.4 10388.4 10388.2 10389.5 10391.3 10394.2 10397.4 10401.3 10403.4 10407.8 10417.2 10430 10442.5 10444.7 10430.9 10424.7 10436.6 10452.6 10476.1 10488.5 10491.1 10492.2 10487.4 10478.2 10470.1 10476.1 10483.5 10480.7 10473.6 10466.7
10323.8 10327 10327.7 10328.3 10325.9 10324.4 10323.2 10322.3 10323.4 10325.2 10326.9 10327.6 10324.1 10322.5 10334.3 10345.3 10353.2 10360.1 10363.9 10371.8 10375.2 10370.2 10359.9 10355.9 10377.5 10395.4 10384.4 10363.1 10346.6 10329.2 10340.3 10359.8 10379.4 10399 10415.2 10407.1 10389.7 10383.9 10379.9 10377.5 10380.4 10387.9 10388.2 10391.2 10393.7 10395.7 10396.5 10413.3 10423 10431.7 10425.1 10421.3 10420.5 10432.5 10443.9 10455.9 10470 10475.4 10476.9 10477.5 10477.1 10480.5 10480.6 10466.5 10465.8 10463.2 10459.4
10323.2 10326 10329.5 10325.2 10320.4 10318.1 10320.7 10322.3 10324.1 10326.4 10328.4 10331.3 10333.1 10336.8 10339.1 10345.8 10352.5 10359.5 10367.5 10377.8 10394 10419.9 10414.8 10394 10390.5 10400.2 10377.8 10352 10334.8 10322.9 10333.6 10356.8 10379.1 10397.9 10407 10393.3 10378.4 10375.3 10372.1 10368.6 10367.8 10373.2 10380.9 10386 10390.3 10395.4 10402.7 10416.5 10425 10430.3 10431.5 10414.8 10418.1 10430.3 10436.9 10440.2 10449.6 10456.1 10463.7 10467.8 10472.2 10475.3 10472.8 10459.3 10454.8 10454.3 10452.1
10319.7 10321.4 10323 10321.5 10317.9 10316.5 10319.4 10322 10323.7 10326 10328.6 10332.1 10338.6 10343.5 10343.9 10348.5 10354.6 10362.6 10368 10377.1 10389.1 10423.8 10461.1 10423.7 10382.4 10360 10345 10338.1 10330.9 10327.8 10338.9 10359 10379 10396.7 10409.6 10395 10379.5 10371.8 10368.1 10366.3 10367.2 10370.9 10376.8 10381.8 10387.2 10394.6 10404.4 10412.6 10427.4 10427.3 10427.1 10416.5 10414.7 10422 10425.9 10429.8 10436.3 10442.7 10449.3 10456.2 10464 10470 10472.8 10456.1 10449.2 10449.2 10447.1
10315.8 10316.3 10316.7 10317.8 10318.9 10319.3 10319.7 10321.1 10323 10325.8 10328.1 10328.7 10328.6 10335.7 10342.6 10347.7 10354.1 10361.2 10367.5 10371.7 10368.7 10370.4 10415.6 10379.9 10347.7 10326.6 10321.7 10329.5 10333.3 10342 10352.2 10362.8 10378.9 10394.3 10401.3 10389.9 10373.7 10368.5 10365.7 10364.9 10366.6 10372.1 10376.4 10380.2 10383.8 10389.1 10395.1 10415.2 10424.3 10419 10413.4 10406.9 10414.6 10409 10412.9 10421.2 10428.9 10435.9 10441.1 10448.1 10454.8 10461.1 10472.1 10451.4 10447.3 10449 10446.2
10313.3 10313.4 10314.4 10316.5 10317.2 10319.1 10320.8 10322 10323.4 10325.1 10327 10325.4 10331.7 10335.1 10340.5 10347.2 10354.4 10361.8 10369.9 10374.5 10372.1 10365.5 10355 10339.9 10331.4 10328.1 10329.7 10333.8 10337.1 10341 10348.5 10363.8 10379.6 10391.1 10393.5 10384.4 10373.7 10366 10364.4 10365.8 10373.1 10376.8 10378.1 10380.2 10381.4 10382.2 10385.3 10403.8 10410.9 10408.2 10404.4 10411.7 10410.7 10393.2 10404 10413.4 10422.3 10429.9 10436.5 10442.1 10446.9 10449.3 10443.1 10454.1 10459.4 10453.8 10447.7
10311.3 10312.4 10314.1 10316.6 10319.2 10320.3 10321 10322.1 10323.4 10324.8 10326 10323.8 10324.1 10332.2 10339.3 10346.7 10353.7 10362 10370.4 10380.7 10393.8 10383.2 10352.8 10329.6 10331.7 10339.6 10346.8 10343 10342.6 10343.9 10350 10366.2 10382 10392.2 10394.2 10381.9 10367.4 10365 10365.2 10368.3 10372.9 10377.2 10378.6 10379.4 10379.5 10380.1 10386.9 10394.1 10401 10400.9 10401 10392.9 10402.7 10398.8 10402.8 10410.3 10418.4 10425.2 10431.8 10437.1 10440.3 10441.4 10441.7 10457.8 10466.5 10455.6 10446.9
10310.3 10309.7 10312.9 10317.2 10320.6 10321.3 10321.4 10322.1 10323.3 10324.5 10325.7 10326.1 10335.5 10332.7 10339.3 10346.8 10353.5 10361.3 10366.9 10377.1 10389.7 10373 10339.2 10334.6 10340.2 10345.6 10346.7 10348.2 10349.1 10350.1 10353 10372.6 10389.2 10397.5 10394.7 10385.9 10373.6 10368.1 10367.6 10370.1 10376.6 10380.2 10383.3 10382.5 10380.8 10380.6 10381.4 10389.9 10388.8 10382.9 10390.8 10397.9 10400.3 10402.7 10401.6 10405.3 10410.7 10418.5 10424.1 10429 10432.3 10435.6 10446.6 10450.3 10449.5 10450.4 10445.3
10310.9 10311.2 10313 10316.5 10321 10320.7 10321 10321.9 10322.9 10324.3 10325.6 10326.1 10328.1 10333.4 10338.3 10345.5 10351.6 10356.6 10359.6 10362 10358.2 10347.8 10340.3 10348 10358.3 10351.4 10345.7 10353.2 10358.4 10362.5 10368.8 10385.2 10401.7 10414.4 10411.7 10394 10378.2 10372.6 10373.7 10374.2 10379.3 10393.7 10392.5 10388.1 10382.3 10376.8 10375.9 10380.6 10381.2 10375.2 10385.4 10390.5 10395.7 10396.9 10402.2 10407.7 10414.3 10420.2 10425.2 10429.1 10430.6 10427.9 10419.3 10419.7 10439.4 10446.6 10448
10312.6 10314.7 10313.7 10313 10313.3 10317.8 10320 10321.7 10322.9 10324.2 10324.7 10325.3 10326.6 10333 10338.6 10343.7 10348.7 10352.4 10353.4 10349.7 10341.1 10339.6 10346.8 10360.4 10359.2 10360.8 10358.2 10366.7 10370.4 10376.5 10387.9 10401.6 10413.5 10424.6 10420.1 10401.8 10381.5 10377 10386.7 10393 10399.3 10409.6 10403.4 10396 10386.2 10373.4 10372.2 10383.9 10387.5 10385.4 10385.8 10400 10401.9 10399.7 10405.2 10412.3 10420 10425.9 10430.7 10433.9 10435.9 10432.1 10419.7 10416.5 10428.8 10446.8 10460.4
10313 10313.3 10313.8 10313.9 10314.7 10316.9 10319.1 10320.7 10322 10323.3 10324.6 10325.7 10328.1 10332.4 10337.4 10342.5 10347 10350.4 10351.4 10346.4 10340.2 10350 10352.6 10353.5 10362 10370.9 10390.4 10384.4 10378.4 10380.7 10399.4 10402.7 10416.5 10434.3 10429.8 10411.2 10389.4 10386.9 10406.8 10428.6 10434.1 10419.2 10412.5 10404.2 10396.4 10388.2 10384.5 10388.6 10391.9 10405.5 10399.5 10398.6 10394.5 10401.4 10413.8 10423.1 10431.5 10437.8 10439.2 10440.7 10444.7 10448.7 10457.4 10468.8 10459.4 10472.9 10479.2
10312.9 10313.2 10314.3 10315.6 10316.7 10317.6 10319.1 10320.3 10321.2 10322.1 10321.5 10324.2 10327.2 10331.3 10336 10340.5 10345.4 10350.3 10353.6 10355.1 10350.7 10372 10353.9 10339.6 10351.5 10366.3 10378 10380.9 10376.3 10369.4 10356.8 10371.6 10409.1 10436.9 10435.5 10422.5 10411.9 10413 10424.9 10436.6 10440.9 10434.7 10417 10411.1 10409 10406.3 10393.7 10390.9 10404.5 10418.4 10420.2 10400.3 10397 10414.4 10424.9 10430.5 10433.2 10438.3 10443.9 10449.7 10456.7 10465.3 10480 10497.8 10505.2 10499.9 10499
10312.9 10313.2 10315.3 10317.1 10318 10318.2 10318.8 10319.6 10320.4 10321.1 10319 10320.5 10323.8 10328.9 10333 10337.4 10342.3 10347.9 10355.2 10369.1 10378.7 10340.2 10341.6 10337.7 10344.2 10357.9 10372.2 10376.2 10373.2 10365.8 10352.8 10363.2 10399.7 10432.7 10429.3 10425.4 10427 10429.8 10430.2 10435.9 10424.9 10412 10402.8 10410.4 10419.9 10419.5 10401.7 10393.1 10402 10425.9 10431.3 10397.3 10404 10431.8 10433 10432.3 10435.4 10440.9 10447.7 10455.5 10464.4 10474.8 10485 10484.6 10490.9 10497.9 10512.8
