real_craters/C073-750m.grd
DSAA
76 76
-28.105 28.105
-28.105 28.105
9449.7940287855 11460.201269069
[rows 25 to 49 of 76, columns 0 to 57 of 76]
1.03e+004 1.03e+004 1.03e+004 1.031e+004 1.033e+004 1.035e+004 1.036e+004 1.036e+004 1.035e+004 1.035e+004 1.035e+004 1.036e+004 1.036e+004 1.035e+004 1.035e+004 1.035e+004 1.035e+004 1.036e+004 1.036e+004 1.036e+004 1.037e+004 1.037e+004 1.038e+004 1.038e+004 1.038e+004 1.038e+004 1.036e+004 1.036e+004 1.037e+004 1.039e+004 1.047e+004 1.052e+004 1.049e+004 1.047e+004 1.045e+004 1.045e+004 1.049e+004 1.049e+004 1.05e+004 1.053e+004 1.051e+004 1.049e+004 1.048e+004 1.046e+004 1.044e+004 1.043e+004 1.043e+004 1.043e+004 1.043e+004 1.042e+004 1.041e+004 1.042e+004 1.041e+004 1.041e+004 1.041e+004 1.041e+004 1.041e+004 1.041e+004
1.031e+004 1.031e+004 1.031e+004 1.031e+004 1.032e+004 1.033e+004 1.034e+004 1.035e+004 1.035e+004 1.035e+004 1.036e+004 1.036e+004 1.034e+004 1.036e+004 1.037e+004 1.036e+004 1.035e+004 1.036e+004 1.038e+004 1.037e+004 1.037e+004 1.038e+004 1.038e+004 1.039e+004 1.039e+004 1.039e+004 1.04e+004 1.04e+004 1.041e+004 1.04e+004 1.05e+004 1.052e+004 1.052e+004 1.051e+004 1.051e+004 1.052e+004 1.054e+004 1.053e+004 1.051e+004 1.05e+004 1.053e+004 1.051e+004 1.049e+004 1.047e+004 1.046e+004 1.045e+004 1.046e+004 1.046e+004 1.045e+004 1.043e+004 1.043e+004 1.042e+004 1.042e+004 1.042e+004 1.042e+004 1.042e+004 1.042e+004 1.042e+004
1.031e+004 1.031e+004 1.031e+004 1.031e+004 1.031e+004 1.032e+004 1.033e+004 1.033e+004 1.034e+004 1.035e+004 1.036e+004 1.036e+004 1.037e+004 1.038e+004 1.04e+004 1.038e+004 1.036e+004 1.036e+004 1.037e+004 1.038e+004 1.038e+004 1.039e+004 1.039e+004 1.039e+004 1.04e+004 1.041e+004 1.042e+004 1.042e+004 1.04e+004 1.043e+004 1.054e+004 1.053e+004 1.05e+004 1.051e+004 1.059e+004 1.062e+004 1.059e+004 1.057e+004 1.059e+004 1.06e+004 1.055e+004 1.05e+004 1.049e+004 1.048e+004 1.048e+004 1.049e+004 1.049e+004 1.049e+004 1.048e+004 1.047e+004 1.045e+004 1.044e+004 1.043e+004 1.043e+004 1.043e+004 1.043e+004 1.043e+004 1.044e+004
1.03e+004 1.031e+004 1.031e+004 1.031e+004 1.031e+004 1.031e+004 1.031e+004 1.032e+004 1.033e+004 1.034e+004 1.035e+004 1.035e+004 1.035e+004 1.037e+004 1.04e+004 1.038e+004 1.036e+004 1.035e+004 1.036e+004 1.039e+004 1.042e+004 1.043e+004 1.042e+004 1.041e+004 1.043e+004 1.044e+004 1.044e+004 1.046e+004 1.044e+004 1.046e+004 1.06e+004 1.054e+004 1.037e+004 1.037e+004 1.048e+004 1.048e+004 1.049e+004 1.053e+004 1.059e+004 1.061e+004 1.05e+004 1.046e+004 1.045e+004 1.046e+004 1.049e+004 1.052e+004 1.055e+004 1.054e+004 1.051e+004 1.048e+004 1.046e+004 1.045e+004 1.044e+004 1.044e+004 1.044e+004 1.044e+004 1.044e+004 1.044e+004
1.03e+004 1.03e+004 1.031e+004 1.03e+004 1.03e+004 1.03e+004 1.031e+004 1.032e+004 1.033e+004 1.034e+004 1.034e+004 1.035e+004 1.035e+004 1.035e+004 1.036e+004 1.037e+004 1.037e+004 1.038e+004 1.045e+004 1.043e+004 1.043e+004 1.042e+004 1.043e+004 1.045e+004 1.046e+004 1.048e+004 1.048e+004 1.051e+004 1.059e+004 1.058e+004 1.039e+004 1.015e+004 1.01e+004 1.011e+004 1.007e+004 1.027e+004 1.03e+004 1.031e+004 1.031e+004 1.028e+004 1.034e+004 1.036e+004 1.04e+004 1.044e+004 1.051e+004 1.058e+004 1.062e+004 1.059e+004 1.054e+004 1.049e+004 1.046e+004 1.045e+004 1.044e+004 1.044e+004 1.043e+004 1.044e+004 1.044e+004 1.043e+004
1.03e+004 1.031e+004 1.03e+004 1.03e+004 1.03e+004 1.03e+004 1.031e+004 1.032e+004 1.033e+004 1.033e+004 1.034e+004 1.035e+004 1.036e+004 1.037e+004 1.037e+004 1.038e+004 1.039e+004 1.043e+004 1.041e+004 1.043e+004 1.042e+004 1.04e+004 1.042e+004 1.044e+004 1.046e+004 1.05e+004 1.053e+004 1.049e+004 1.044e+004 1.022e+004 1.007e+004 9961 9946 9982 9997 1.01e+004 1.008e+004 1.005e+004 1.005e+004 1.008e+004 1.014e+004 1.019e+004 1.027e+004 1.038e+004 1.05e+004 1.062e+004 1.065e+004 1.061e+004 1.057e+004 1.051e+004 1.046e+004 1.045e+004 1.045e+004 1.044e+004 1.044e+004 1.044e+004 1.043e+004 1.043e+004
1.031e+004 1.031e+004 1.031e+004 1.03e+004 1.03e+004 1.031e+004 1.031e+004 1.032e+004 1.033e+004 1.033e+004 1.034e+004 1.035e+004 1.036e+004 1.038e+004 1.04e+004 1.04e+004 1.039e+004 1.04e+004 1.046e+004 1.043e+004 1.041e+004 1.04e+004 1.042e+004 1.044e+004 1.046e+004 1.052e+004 1.054e+004 1.042e+004 1.025e+004 1.013e+004 1.015e+004 1.001e+004 9949 9919 9889 9794 9855 9800 9806 9842 9898 1.001e+004 1.014e+004 1.029e+004 1.044e+004 1.06e+004 1.07e+004 1.068e+004 1.063e+004 1.053e+004 1.045e+004 1.045e+004 1.045e+004 1.045e+004 1.044e+004 1.044e+004 1.043e+004 1.043e+004
1.03e+004 1.03e+004 1.031e+004 1.031e+004 1.031e+004 1.032e+004 1.032e+004 1.032e+004 1.033e+004 1.034e+004 1.034e+004 1.035e+004 1.036e+004 1.04e+004 1.041e+004 1.04e+004 1.039e+004 1.04e+004 1.042e+004 1.041e+004 1.04e+004 1.04e+004 1.043e+004 1.046e+004 1.048e+004 1.052e+004 1.05e+004 1.038e+004 1.025e+004 1.02e+004 1.02e+004 1.009e+004 9937 9841 9777 9694 9752 9741 9593 9629 9693 9845 9993 1.015e+004 1.032e+004 1.049e+004 1.066e+004 1.076e+004 1.069e+004 1.057e+004 1.048e+004 1.047e+004 1.046e+004 1.046e+004 1.045e+004 1.044e+004 1.044e+004 1.043e+004
1.03e+004 1.03e+004 1.031e+004 1.031e+004 1.032e+004 1.032e+004 1.032e+004 1.033e+004 1.033e+004 1.034e+004 1.034e+004 1.035e+004 1.037e+004 1.04e+004 1.041e+004 1.04e+004 1.039e+004 1.038e+004 1.038e+004 1.039e+004 1.04e+004 1.041e+004 1.044e+004 1.05e+004 1.053e+004 1.049e+004 1.043e+004 1.036e+004 1.027e+004 1.022e+004 1.017e+004 1.002e+004 9801 9747 9676 9621 9616 9599 9554 9546 9590 9717 9863 1.002e+004 1.017e+004 1.033e+004 1.053e+004 1.08e+004 1.074e+004 1.061e+004 1.048e+004 1.049e+004 1.048e+004 1.047e+004 1.046e+004 1.045e+004 1.045e+004 1.044e+004
1.03e+004 1.031e+004 1.031e+004 1.031e+004 1.032e+004 1.032e+004 1.033e+004 1.033e+004 1.034e+004 1.034e+004 1.035e+004 1.035e+004 1.035e+004 1.035e+004 1.037e+004 1.037e+004 1.038e+004 1.037e+004 1.038e+004 1.038e+004 1.039e+004 1.041e+004 1.045e+004 1.053e+004 1.057e+004 1.049e+004 1.04e+004 1.035e+004 1.03e+004 1.025e+004 1.008e+004 9882 9755 9707 9598 9546 9583 9614 9612 9576 9561 9635 9754 9898 1.004e+004 1.018e+004 1.036e+004 1.07e+004 1.072e+004 1.063e+004 1.055e+004 1.052e+004 1.05e+004 1.049e+004 1.047e+004 1.046e+004 1.045e+004 1.045e+004
1.031e+004 1.031e+004 1.031e+004 1.032e+004 1.033e+004 1.033e+004 1.034e+004 1.034e+004 1.034e+004 1.035e+004 1.035e+004 1.035e+004 1.036e+004 1.036e+004 1.035e+004 1.036e+004 1.038e+004 1.037e+004 1.038e+004 1.038e+004 1.039e+004 1.041e+004 1.046e+004 1.054e+004 1.06e+004 1.053e+004 1.044e+004 1.037e+004 1.029e+004 1.018e+004 1e+004 9801 9744 9679 9520 9529 9621 9692 9736 9643 9512 9566 9684 9822 9956 1.01e+004 1.029e+004 1.061e+004 1.068e+004 1.062e+004 1.055e+004 1.053e+004 1.052e+004 1.05e+004 1.049e+004 1.048e+004 1.047e+004 1.046e+004
1.031e+004 1.032e+004 1.032e+004 1.032e+004 1.033e+004 1.034e+004 1.034e+004 1.034e+004 1.035e+004 1.035e+004 1.036e+004 1.036e+004 1.036e+004 1.036e+004 1.037e+004 1.039e+004 1.044e+004 1.043e+004 1.04e+004 1.039e+004 1.04e+004 1.043e+004 1.047e+004 1.052e+004 1.058e+004 1.061e+004 1.051e+004 1.04e+004 1.028e+004 1.014e+004 9988 9766 9727 9550 9509 9577 9678 9713 9709 9621 9507 9549 9662 9795 9931 1.006e+004 1.021e+004 1.052e+004 1.063e+004 1.057e+004 1.05e+004 1.053e+004 1.052e+004 1.051e+004 1.05e+004 1.048e+004 1.048e+004 1.048e+004
1.033e+004 1.033e+004 1.032e+004 1.033e+004 1.033e+004 1.034e+004 1.034e+004 1.034e+004 1.035e+004 1.035e+004 1.036e+004 1.036e+004 1.037e+004 1.036e+004 1.038e+004 1.046e+004 1.043e+004 1.04e+004 1.038e+004 1.039e+004 1.039e+004 1.041e+004 1.044e+004 1.048e+004 1.052e+004 1.058e+004 1.053e+004 1.042e+004 1.029e+004 1.013e+004 9916 9756 9651 9498 9546 9603 9686 9633 9571 9636 9576 9568 9665 9792 9937 1.008e+004 1.025e+004 1.049e+004 1.058e+004 1.055e+004 1.05e+004 1.051e+004 1.051e+004 1.05e+004 1.049e+004 1.048e+004 1.047e+004 1.047e+004
1.033e+004 1.033e+004 1.032e+004 1.032e+004 1.033e+004 1.033e+004 1.034e+004 1.034e+004 1.035e+004 1.035e+004 1.035e+004 1.035e+004 1.035e+004 1.034e+004 1.035e+004 1.039e+004 1.042e+004 1.039e+004 1.039e+004 1.038e+004 1.038e+004 1.039e+004 1.04e+004 1.046e+004 1.051e+004 1.056e+004 1.052e+004 1.043e+004 1.03e+004 1.013e+004 9895 9744 9600 9481 9516 9526 9540 9519 9545 9573 9547 9574 9673 9807 9967 1.014e+004 1.032e+004 1.044e+004 1.049e+004 1.056e+004 1.057e+004 1.051e+004 1.05e+004 1.049e+004 1.049e+004 1.047e+004 1.046e+004 1.044e+004
1.032e+004 1.032e+004 1.032e+004 1.032e+004 1.032e+004 1.033e+004 1.033e+004 1.034e+004 1.034e+004 1.034e+004 1.034e+004 1.034e+004 1.034e+004 1.034e+004 1.035e+004 1.041e+004 1.041e+004 1.041e+004 1.039e+004 1.039e+004 1.039e+004 1.039e+004 1.04e+004 1.045e+004 1.052e+004 1.057e+004 1.051e+004 1.044e+004 1.032e+004 1.012e+004 9898 9788 9675 9492 9457 9450 9455 9565 9609 9535 9509 9568 9682 9827 9993 1.017e+004 1.033e+004 1.044e+004 1.05e+004 1.055e+004 1.056e+004 1.051e+004 1.049e+004 1.048e+004 1.048e+004 1.047e+004 1.046e+004 1.045e+004
1.031e+004 1.032e+004 1.032e+004 1.032e+004 1.033e+004 1.033e+004 1.033e+004 1.034e+004 1.034e+004 1.034e+004 1.036e+004 1.035e+004 1.035e+004 1.036e+004 1.042e+004 1.046e+004 1.048e+004 1.046e+004 1.042e+004 1.041e+004 1.04e+004 1.04e+004 1.041e+004 1.044e+004 1.048e+004 1.051e+004 1.05e+004 1.045e+004 1.038e+004 1.024e+004 9984 9814 9697 9607 9480 9453 9485 9600 9583 9557 9535 9556 9698 9860 1.003e+004 1.02e+004 1.035e+004 1.048e+004 1.052e+004 1.054e+004 1.052e+004 1.049e+004 1.048e+004 1.048e+004 1.048e+004 1.047e+004 1.048e+004 1.048e+004
1.031e+004 1.031e+004 1.032e+004 1.033e+004 1.033e+004 1.033e+004 1.033e+004 1.034e+004 1.034e+004 1.034e+004 1.033e+004 1.035e+004 1.036e+004 1.038e+004 1.04e+004 1.041e+004 1.045e+004 1.046e+004 1.045e+004 1.043e+004 1.042e+004 1.041e+004 1.042e+004 1.043e+004 1.045e+004 1.048e+004 1.049e+004 1.048e+004 1.043e+004 1.033e+004 1.014e+004 9895 9751 9712 9586 9516 9495 9495 9539 9572 9598 9614 9727 9895 1.007e+004 1.023e+004 1.036e+004 1.047e+004 1.058e+004 1.053e+004 1.05e+004 1.049e+004 1.047e+004 1.047e+004 1.047e+004 1.048e+004 1.05e+004 1.051e+004
1.031e+004 1.031e+004 1.032e+004 1.032e+004 1.033e+004 1.033e+004 1.033e+004 1.033e+004 1.034e+004 1.035e+004 1.036e+004 1.035e+004 1.036e+004 1.036e+004 1.036e+004 1.036e+004 1.038e+004 1.043e+004 1.046e+004 1.045e+004 1.043e+004 1.041e+004 1.04e+004 1.042e+004 1.046e+004 1.048e+004 1.05e+004 1.05e+004 1.049e+004 1.044e+004 1.031e+004 1.006e+004 9841 9834 9704 9609 9567 9513 9558 9581 9594 9613 9766 9947 1.012e+004 1.027e+004 1.041e+004 1.052e+004 1.051e+004 1.05e+004 1.048e+004 1.046e+004 1.046e+004 1.046e+004 1.046e+004 1.047e+004 1.048e+004 1.05e+004
1.031e+004 1.031e+004 1.032e+004 1.032e+004 1.032e+004 1.033e+004 1.033e+004 1.033e+004 1.033e+004 1.033e+004 1.034e+004 1.035e+004 1.035e+004 1.035e+004 1.036e+004 1.037e+004 1.038e+004 1.041e+004 1.045e+004 1.045e+004 1.043e+004 1.041e+004 1.04e+004 1.042e+004 1.046e+004 1.049e+004 1.05e+004 1.052e+004 1.05e+004 1.045e+004 1.037e+004 1.032e+004 1.002e+004 9857 9776 9626 9608 9638 9649 9643 9616 9664 9854 1.003e+004 1.018e+004 1.032e+004 1.044e+004 1.054e+004 1.051e+004 1.05e+004 1.049e+004 1.047e+004 1.046e+004 1.046e+004 1.046e+004 1.045e+004 1.044e+004 1.043e+004
1.031e+004 1.031e+004 1.032e+004 1.032e+004 1.031e+004 1.032e+004 1.032e+004 1.032e+004 1.032e+004 1.032e+004 1.033e+004 1.034e+004 1.035e+004 1.035e+004 1.035e+004 1.036e+004 1.04e+004 1.04e+004 1.042e+004 1.043e+004 1.042e+004 1.041e+004 1.04e+004 1.041e+004 1.043e+004 1.046e+004 1.049e+004 1.052e+004 1.057e+004 1.053e+004 1.039e+004 1.032e+004 1.019e+004 1.002e+004 9965 9901 9847 9808 9827 9812 9771 9888 1.005e+004 1.018e+004 1.028e+004 1.037e+004 1.044e+004 1.047e+004 1.048e+004 1.052e+004 1.05e+004 1.049e+004 1.048e+004 1.047e+004 1.045e+004 1.043e+004 1.041e+004 1.04e+004
1.031e+004 1.031e+004 1.032e+004 1.032e+004 1.031e+004 1.031e+004 1.032e+004 1.032e+004 1.032e+004 1.033e+004 1.033e+004 1.035e+004 1.036e+004 1.038e+004 1.039e+004 1.037e+004 1.037e+004 1.039e+004 1.04e+004 1.042e+004 1.042e+004 1.041e+004 1.04e+004 1.04e+004 1.042e+004 1.044e+004 1.047e+004 1.049e+004 1.049e+004 1.055e+004 1.061e+004 1.042e+004 1.027e+004 1.028e+004 1.019e+004 1.019e+004 1.015e+004 1.01e+004 1.008e+004 1.008e+004 1.012e+004 1.025e+004 1.032e+004 1.034e+004 1.038e+004 1.042e+004 1.045e+004 1.047e+004 1.047e+004 1.049e+004 1.05e+004 1.049e+004 1.048e+004 1.046e+004 1.045e+004 1.044e+004 1.042e+004 1.041e+004
1.031e+004 1.031e+004 1.031e+004 1.031e+004 1.031e+004 1.031e+004 1.032e+004 1.032e+004 1.032e+004 1.033e+004 1.034e+004 1.035e+004 1.037e+004 1.039e+004 1.041e+004 1.035e+004 1.034e+004 1.038e+004 1.042e+004 1.044e+004 1.043e+004 1.042e+004 1.041e+004 1.04e+004 1.041e+004 1.044e+004 1.047e+004 1.047e+004 1.047e+004 1.053e+004 1.06e+004 1.062e+004 1.05e+004 1.029e+004 1.028e+004 1.028e+004 1.032e+004 1.033e+004 1.031e+004 1.035e+004 1.045e+004 1.053e+004 1.051e+004 1.047e+004 1.046e+004 1.046e+004 1.046e+004 1.046e+004 1.047e+004 1.048e+004 1.048e+004 1.047e+004 1.046e+004 1.046e+004 1.045e+004 1.045e+004 1.047e+004 1.045e+004
1.031e+004 1.031e+004 1.031e+004 1.031e+004 1.031e+004 1.031e+004 1.032e+004 1.032e+004 1.033e+004 1.033e+004 1.034e+004 1.035e+004 1.036e+004 1.036e+004 1.035e+004 1.036e+004 1.034e+004 1.038e+004 1.042e+004 1.044e+004 1.043e+004 1.041e+004 1.04e+004 1.04e+004 1.042e+004 1.044e+004 1.045e+004 1.045e+004 1.046e+004 1.049e+004 1.05e+004 1.053e+004 1.058e+004 1.056e+004 1.051e+004 1.042e+004 1.034e+004 1.043e+004 1.046e+004 1.05e+004 1.057e+004 1.062e+004 1.06e+004 1.053e+004 1.049e+004 1.048e+004 1.047e+004 1.046e+004 1.047e+004 1.047e+004 1.047e+004 1.046e+004 1.046e+004 1.046e+004 1.045e+004 1.045e+004 1.043e+004 1.044e+004
1.031e+004 1.031e+004 1.031e+004 1.031e+004 1.03e+004 1.031e+004 1.032e+004 1.033e+004 1.034e+004 1.035e+004 1.035e+004 1.035e+004 1.035e+004 1.036e+004 1.036e+004 1.041e+004 1.041e+004 1.039e+004 1.041e+004 1.045e+004 1.042e+004 1.04e+004 1.039e+004 1.038e+004 1.043e+004 1.044e+004 1.046e+004 1.044e+004 1.043e+004 1.046e+004 1.049e+004 1.051e+004 1.052e+004 1.057e+004 1.064e+004 1.072e+004 1.061e+004 1.057e+004 1.055e+004 1.057e+004 1.061e+004 1.063e+004 1.056e+004 1.053e+004 1.05e+004 1.048e+004 1.047e+004 1.046e+004 1.046e+004 1.045e+004 1.045e+004 1.047e+004 1.048e+004 1.048e+004 1.046e+004 1.044e+004 1.044e+004 1.043e+004
1.031e+004 1.031e+004 1.031e+004 1.031e+004 1.031e+004 1.032e+004 1.032e+004 1.033e+004 1.034e+004 1.035e+004 1.035e+004 1.035e+004 1.036e+004 1.037e+004 1.04e+004 1.045e+004 1.038e+004 1.035e+004 1.037e+004 1.038e+004 1.039e+004 1.039e+004 1.039e+004 1.038e+004 1.04e+004 1.042e+004 1.044e+004 1.042e+004 1.042e+004 1.044e+004 1.047e+004 1.049e+004 1.049e+004 1.051e+004 1.052e+004 1.062e+004 1.069e+004 1.061e+004 1.059e+004 1.058e+004 1.059e+004 1.057e+004 1.051e+004 1.051e+004 1.05e+004 1.049e+004 1.048e+004 1.047e+004 1.046e+004 1.042e+004 1.044e+004 1.046e+004 1.05e+004 1.048e+004 1.045e+004 1.043e+004 1.042e+004 1.043e+004
