real_craters/C073-1000m.grd
DSAA
33 33
-16.06 16.06
-16.06 16.06
8683.1507224682 10193.328542411
10136.3 10061.2 9999.7 9994.68 9989.55 9968.39 9933.4 9888.43 9847.06 9807.24 9775.71 9743.87 9718.2 9716.88 9722 9724.83 9746.69 9698.54 9668.17 9626.63 9577.92 9593.44 9573 9547.86 9520.09 9497.01 9478.77 9480.42 9475.78 9469.42 9457.86 9433.46 9449.44 
10151.8 10142.3 10100.4 10060.3 10037.6 10006.1 9976.2 9904.53 9823.4 9807.82 9781.57 9743.4 9763.91 9741.53 9720.7 9706.2 9675.61 9654.41 9629.04 9594.52 9537.24 9558.87 9582.48 9557.28 9528.82 9501.72 9485.48 9485.44 9482.81 9477.75 9472.22 9465.24 9495.41 
10129.9 10144.6 10136.1 10100.3 10051.1 10040.1 10000.9 9959.04 9892.91 9840.5 9813.8 9813.54 9765.64 9736.55 9713.68 9679.9 9628.78 9610.73 9594.65 9563.4 9552.33 9536.43 9562.99 9553.21 9532.91 9511.2 9490.64 9494.16 9488.89 9483.79 9482.98 9486.17 9490.78 
10082.4 10082.9 10114.8 10132 10136.4 10097.8 10068.8 10019.1 9910.77 9862.9 9836.79 9813.6 9781.61 9741.91 9718.11 9682.87 9640.95 9614.41 9604.51 9589.45 9584.08 9575.85 9547.94 9546.23 9536.23 9525.11 9514.97 9507.95 9499.6 9490.31 9486.23 9505.9 9513.52 
10076.8 10061.5 10100.7 10139.7 10155.3 10134.2 10086.1 10042 9973.92 9920.41 9858.28 9806.52 9782.53 9771.21 9751.21 9723.09 9693.63 9672.68 9659.26 9663.17 9650.52 9576.88 9553.86 9546.85 9544.07 9537.08 9525.85 9520.49 9508.33 9497.39 9488.01 9501.78 9506.7 
10101 10086.8 10101.3 10137.6 10156.7 10146.3 10144.3 10091.5 9984.75 9928.23 9879.01 9832.72 9818.66 9830.47 9815.34 9790.68 9745.7 9706.72 9732.83 9697.05 9640.67 9589.96 9593.88 9574.03 9563.19 9550.89 9542.88 9527.48 9516.09 9507.2 9508.64 9512.47 9517 
10101.8 10082.9 10090.5 10105.8 10121 10123.8 10098.7 10046.9 9959.28 9905.21 9915.89 9926.03 9940.22 9906.65 9887.82 9870.55 9846.63 9821.71 9844.13 9771.11 9652.83 9607.56 9603.89 9599.04 9573.55 9553.98 9535.65 9522.72 9519.1 9512.58 9509.7 9530.69 9566.56 
10077.5 10055.7 10070.4 10077.3 10086.5 10092.5 10068 10003.3 9914.81 9905.12 9967.9 10032.8 10041 9989.35 9931.3 9900.27 9946.16 10060.2 9970.76 9862.01 9730.51 9676.59 9603.7 9590.31 9578.42 9554.77 9532.38 9521.93 9522.82 9521.42 9519.21 9542.82 9553.6 
10072.2 10066.2 10067.6 10065.5 10065.4 10064.4 10050.3 9984.8 9942.01 9956.23 10057.3 10113.1 10135.2 10038.3 9872.97 9823.1 9856.92 9921.73 9923.36 9983.07 9884.91 9749.54 9692.97 9610.17 9589.84 9561.88 9534.55 9516.28 9530.63 9539.68 9547.64 9547.58 9546.59 
10095.2 10084.5 10083.2 10081.6 10053.2 10023.8 9995.85 9969.44 9970.79 10093.4 10111.8 10136.9 10038.7 9841.59 9690.79 9613.69 9579.88 9584.45 9584.21 9665.15 9798.76 9910.65 9918.1 9710.34 9631.47 9590.84 9549.77 9523.69 9540.32 9548.45 9551.15 9550.93 9554.17 
10111.4 10105.2 10098.2 10099.9 10045 10009.2 9987.35 9975.18 9996.36 10144.9 10023.8 9730.97 9554.08 9480.36 9441.95 9374.63 9269.01 9120.95 9138.6 9250.59 9431.13 9582.62 9884.69 9747.97 9700.96 9638.21 9580.7 9539.86 9554.23 9559.11 9550.9 9536.77 9524.04 
10052.9 10086.7 10076.7 10063 10017.1 9974.5 9988.2 10029.5 10073.3 10168.1 9802.41 9421.67 9311.65 9237.16 9206.33 9142.21 9050.25 8946.64 8892.36 8955.85 9182.08 9343.15 9573.74 9794.75 9787.02 9712.26 9631 9566.78 9568.77 9560.34 9541.62 9519.62 9510.25 
10026.5 10024.1 10027.2 10016.8 9976.48 9953.64 9993.99 10085.2 10193.3 10022.7 9539.98 9252.87 9122.84 9095.61 9028.3 8980.44 8916.54 8843.94 8814.83 8872.87 9032.01 9173.91 9464.28 9846.98 9859.77 9775.51 9674.07 9606.1 9562.48 9545.04 9527.78 9500.45 9490.06 
9993.37 9979.66 9979.2 9970.53 9946.83 9927.14 9972.34 10047.2 10091.1 9766.92 9326.7 9074.61 8962.46 8869.53 8875.31 8870.2 8848.75 8823.35 8816.1 8841.83 8898.82 9059.51 9348.41 9767.04 9895.14 9815.8 9692.79 9578.57 9553.37 9536.35 9523.83 9512.11 9490.71 
9990.98 9958.56 9971.65 9971.6 9941.66 9896.58 9945.18 9964.93 9875 9499.61 9185.09 8993.89 8867.35 8777.45 8794.32 8808.78 8811.1 8810.93 8807.08 8823.58 8889.94 9025.39 9257.49 9788.46 9927.63 9835.93 9697.78 9570.63 9526.37 9517.79 9513.36 9511.39 9494.36 
9986.54 9955.07 9976.25 9981.37 9970.89 9922.27 9927.41 9906.02 9801.63 9501.43 9195.4 9038.91 8873.54 8765 8776.75 8788.19 8790.17 8796.86 8810.21 8800.81 8868.66 8994.2 9213.29 9558.75 9866.78 9810.24 9687.11 9558.04 9508.22 9507.37 9509.46 9517.18 9529.41 
9999.36 9981.22 9993.55 9991.83 9982.83 9973.53 9933.47 9889.61 9816.15 9665.95 9330.2 9134.96 8930.22 8775.66 8798.25 8794.43 8779.35 8760.86 8720.14 8760.53 8817.2 8873.94 9179.2 9523.48 9783.9 9795.86 9701.67 9577.3 9528.13 9531.97 9523 9517.18 9515.06 
10026.4 9998.88 9987.01 9979.84 9986.54 9961.46 9936.38 9884.73 9808.7 9661.72 9436.05 9183.04 8988.17 8921.04 8856.52 8802.35 8765.83 8731.85 8720.29 8746.34 8836.32 9002.01 9111.04 9520.9 9794.97 9811.87 9706.72 9595.48 9532.96 9530.17 9512.93 9503.91 9505.57 
10063 10015.3 9963.5 9963.18 9977.02 9971.09 9952.47 9903.28 9826.92 9714.48 9469.86 9170.39 8984.6 8834.58 8805.06 8790.68 8760.12 8717.88 8683.15 8766.29 8912.45 9077.86 9194.81 9621.78 9974.24 9838.39 9703.56 9587.54 9516.89 9498.05 9508.13 9499.04 9496.1 
10058 10037.2 9985.19 9955.52 9965.87 9987.49 9998.36 9982.26 9934.32 9794.15 9439.16 9136.45 8988.03 8844.73 8797.75 8793.41 8784.13 8770.77 8769.31 8856.5 9021.1 9174.53 9410.72 9735.24 9862.02 9757.59 9653.83 9569.58 9503.05 9491.85 9482.73 9468.49 9479.78 
10046.8 10045.3 9864.14 9966.46 10041.9 10036.4 10032.7 10046.1 10034 10052.3 9681.4 9296.23 9105.95 8930.1 8830.99 8850.02 8857.62 8844.68 8878.25 8991.87 9168.72 9404.68 9606.69 9796.76 9722.54 9642.91 9586.81 9536.54 9491.51 9484.56 9481.96 9458.08 9460.04 
10031.7 10032.7 10041.1 10009.3 10032.9 10037.7 10028.6 10026.2 10043.1 10095.8 10030.4 9600.26 9370.41 9151.79 9011.64 9023.06 8997.04 8969.95 8997.46 9106.1 9345.35 9544.34 9794.7 9869.1 9601.83 9564.09 9541.11 9517.53 9502.7 9491.91 9465.27 9442.16 9441.49 
9999.87 9971.38 9968.57 9984.58 10015.1 9990.97 9981.12 9974.05 9987.88 9988.48 10021.1 9964.77 9686.36 9468.32 9357.98 9302.5 9239.98 9124.99 9214.01 9366.68 9583.72 9755.23 9844.13 9669.92 9524.41 9531.87 9529.77 9519.4 9501.13 9506.31 9495.01 9440.19 9437.53 
9985.62 9981 9926.93 9930.35 9938.79 9942.62 9931.9 9924.76 9911.44 9897.74 9912.16 10009.5 9872.27 9748.8 9686.24 9625.29 9592.46 9608.86 9667.33 9918.14 9805.15 9820.07 9797.12 9586.85 9556.76 9549.93 9539.42 9531.3 9525.35 9514.9 9524.9 9456.19 9449.55 
9988 9983.68 9954.39 9926.91 9922.94 9898.46 9893.04 9886.21 9870.72 9855.43 9875.07 9909.29 9901.69 9881.6 9870.5 9815.76 9801.55 9924.88 9855.16 9815.52 9786.78 9739.27 9657.68 9584.92 9565.26 9553.26 9543.68 9534.53 9520.62 9494.67 9503.63 9467.08 9458.16 
9988.4 9994.85 9948.16 9854.71 9816.59 9861.1 9864.38 9854.11 9840.1 9825.19 9843.17 9863.12 9867.33 9865 9870.89 9831.18 9785.77 9730.82 9759.63 9724.31 9693.96 9672.72 9629.84 9588.03 9558.27 9552.53 9543 9527.71 9510.61 9497.21 9480.92 9468.57 9465.78 
9987.01 9975.67 9951.46 9946.67 9901.36 9867.98 9859.28 9847.33 9831.34 9830.96 9804.96 9788.1 9796.67 9804.7 9809.38 9783.49 9734.5 9700.37 9681.31 9639.34 9627.83 9639.86 9639.53 9605.18 9575.05 9553.46 9545.23 9535.4 9507.59 9480.76 9472.9 9472.17 9470.57 
10012.2 9980.72 9946.41 9919.65 9903.51 9879.99 9859.83 9844.11 9821.98 9792.44 9778.82 9747.75 9739.13 9747.89 9729.76 9706.36 9692.15 9666.26 9647.4 9622.81 9611.44 9619.3 9616.79 9597.61 9562.76 9561.45 9547.35 9523.94 9497.6 9467.2 9463.13 9468.87 9467.39 
10021.4 9963.04 9935.87 9914.63 9903.1 9882.97 9865.72 9851.01 9832.99 9808.96 9787.34 9763.89 9735.37 9727.55 9715.41 9699.22 9696.17 9682.25 9663.35 9642.18 9629.37 9625.46 9611.34 9596.61 9579.22 9583.7 9546.43 9508.18 9500.5 9476.37 9457.66 9458.46 9459.42 
10008.6 9954.76 9924.81 9911.09 9896.53 9884.33 9869.8 9861.4 9848.52 9829.65 9798.49 9756.8 9732.14 9731.55 9723.84 9701.97 9699.99 9700.69 9689.38 9676.92 9663.35 9647.35 9630.5 9607.89 9590.97 9576.31 9542.61 9511.93 9525.1 9449.43 9486.8 9461.05 9459.36 
9951.64 9922.67 9907.78 9892.3 9892.31 9886.72 9874.99 9861.22 9854.15 9841.66 9824.17 9800.18 9781.05 9747.28 9730.4 9706.76 9710.7 9717.72 9716.53 9709.48 9692.84 9672.64 9642.03 9605.2 9571.43 9559.79 9537.28 9516.27 9511.78 9507.46 9493.01 9472.63 9461.64 
9959.72 9934.3 9925.53 9902.87 9905.95 9894.33 9876.88 9859.31 9836.56 9833.54 9835.14 9843.31 9784.42 9765.78 9745.28 9729.36 9731.98 9742.27 9743 9737.54 9739.24 9689.72 9646.58 9609.27 9565.97 9541.36 9530.16 9514.97 9511.77 9529.78 9499.61 9474.45 9465.37 
9959.72 9959.13 9981.14 9976.38 9929.38 9902.19 9887.96 9868.22 9837.95 9833.18 9824.78 9789.73 9793.93 9795.13 9779.87 9769.03 9800.26 9783.36 9769.93 9751.73 9722.64 9689.45 9643.54 9588.76 9573.51 9550.43 9543.36 9537.08 9536.89 9520.36 9471.23 9467.27 9464.49 
