real_craters/C073-500m.grd
DSAA
113 113
-28.105 28.105
-28.105 28.105
9445.2510087959 11498.349551704
[rows 30 to 59 of 113, columns 0 to 66 of 113]
10299.1 10298.8 10301.9 10313.1 10320.6 10324 10326.9 10328.8 10329.1 10328.8 10329.2 10328.8 10329 10329.7 10330 10329.8 10329.2 10329.4 10329.7 10329.7 10330.6 10330.8 10330.7 10330.9 10331.5 10332.6 10333.6 10334.7 10337.2 10341.6 10346 10349.7 10353.1 10355.8 10359.4 10363.8 10367.7 10370.9 10373.7 10375.9 10376.9 10373.3 10373.6 10377.3 10380.4 10402.5 10421.2 10462.6 10466.5 10458.1 10447.9 10438.1 10432 10429.4 10424.9 10416.6 10420 10436 10452.7 10460.4 10442.6 10432.8 10428.9 10429.2 10430.2 10435.9 10454.4
10302.8 10302.2 10303.2 10309.3 10316.7 10322.6 10327.8 10331.7 10333.4 10333 10331.4 10329.3 10329.5 10330 10330.1 10329.9 10330 10331 10330.9 10331 10331.4 10331.6 10331.5 10331.4 10332.3 10333.6 10334.7 10335.9 10338.4 10342.4 10346.7 10350.1 10353.5 10356.5 10360.1 10364.8 10368.5 10371.5 10374.3 10377.3 10377.9 10374.8 10376 10383 10386 10348.1 10417.9 10470.8 10480.4 10468.9 10454.2 10442.2 10435.6 10437.8 10433.5 10427.3 10417.8 10410.7 10420.6 10436.3 10442.1 10439.8 10439.9 10443.1 10449.9 10465.5 10492.4
10307.9 10308.2 10306.5 10304.6 10313.1 10321.4 10328.6 10335.1 10342 10339.9 10335.1 10330.6 10331.5 10331.6 10331.3 10330.6 10330 10331.7 10331.7 10331.3 10332.4 10332.9 10333.2 10333.4 10334.4 10335.7 10337 10338.6 10340.4 10343.5 10347.4 10350.9 10355 10360 10365.4 10366.4 10368.9 10371.8 10375.7 10379.8 10381.4 10374 10379.2 10384.5 10380.1 10384 10436.7 10494.2 10487.5 10472.7 10456.7 10441.8 10430.8 10438.4 10445.4 10435.8 10421.4 10410.4 10420.5 10412.2 10434.3 10445 10448 10450.1 10454.9 10462.4 10464
10308.1 10313.6 10313.4 10313.6 10316.2 10322.2 10328.3 10335.6 10341.1 10341.6 10339.3 10337.9 10335.1 10334.1 10333.4 10332.7 10331.6 10332.1 10332.3 10332.5 10333.6 10334.8 10335.7 10336.6 10337.4 10338.7 10339.7 10341.4 10343 10345.1 10348.1 10352.1 10356.5 10360.3 10363.1 10365.9 10368.7 10371.3 10374.5 10379.2 10385.6 10374.2 10389.3 10384.8 10380.3 10389.3 10437.3 10478.9 10477.6 10466.3 10453.5 10440.5 10432.6 10437.3 10443.5 10442.9 10437 10431.1 10448.5 10461.8 10451.2 10453 10453.3 10452.8 10451.8 10449.7 10439.8
10310.7 10316.2 10316.8 10315.9 10318.4 10322.3 10327 10331.4 10339.1 10338.2 10337.5 10338 10337.5 10337.1 10336.4 10335.7 10335 10334 10334.7 10335.5 10335.7 10337.3 10339.1 10340.5 10341.4 10342.4 10342.5 10343.7 10349.6 10349.7 10349.3 10354.4 10358.7 10361.6 10363.3 10366.3 10368.4 10369 10370.3 10371.9 10374.9 10381.2 10381.1 10375.6 10365.5 10383.1 10421.8 10451.5 10462.1 10459.4 10450.6 10439.7 10431.7 10434.1 10441 10449.3 10449 10459 10459 10467 10466.9 10464 10461.1 10455.8 10448.9 10440.6 10428.6
10312.3 10312.7 10315.2 10318.3 10318.7 10322.4 10326.5 10327.8 10327.4 10334.7 10335.3 10336.3 10340.3 10340.9 10340.5 10339.7 10338.8 10338.6 10339.3 10338.5 10337.3 10340.8 10343.2 10345.8 10349 10346.8 10346.4 10347.1 10350.4 10353.4 10354.9 10359.5 10362.9 10365.3 10366.8 10368.3 10369.3 10368.6 10365.1 10361.8 10360 10366.6 10370.9 10365.7 10357.2 10388.7 10418.8 10434.6 10452.3 10453.5 10447.4 10439.4 10430.5 10442.4 10451.9 10462.7 10478.4 10486.5 10480.9 10488 10480.5 10475.8 10469.1 10460.7 10450.8 10438.5 10424.8
10304.3 10303.1 10307.8 10312.7 10315.6 10322.1 10329.3 10335 10334.7 10344.2 10345 10346.7 10347.5 10347 10346.4 10345.6 10343.9 10343.5 10344.4 10344.9 10345.4 10345.7 10346.7 10347.9 10348.9 10350.3 10350.7 10351.4 10355.6 10359.1 10364.5 10367.1 10368.3 10369.7 10370.1 10371.6 10371.3 10368.6 10364.2 10358.1 10354.1 10358.9 10364.2 10365.7 10368.2 10409.3 10452.5 10451.2 10460.1 10457.4 10448.2 10440.4 10442.9 10433.1 10456.7 10475.4 10490.7 10501.2 10489.3 10487.9 10490.8 10483.4 10473.4 10463.6 10451.9 10439.2 10425.9
10300.4 10299.4 10294.1 10298.7 10310.8 10320.2 10331 10347.1 10358.7 10355.5 10364.3 10358.8 10353.3 10351.4 10351 10351.4 10352.7 10355.9 10360.6 10353.9 10353.3 10352.3 10351.5 10351.3 10352.7 10355.4 10356.7 10355.8 10356.7 10363.1 10370.8 10372.3 10372.8 10374.9 10378.2 10378.5 10377 10374.1 10369 10360.9 10359.1 10364.6 10369.5 10380.1 10404.1 10458.1 10506.4 10493.8 10482.4 10471.5 10456.5 10435.4 10428.9 10468.6 10479.1 10487.4 10503.5 10510.9 10524 10511.2 10503.2 10494.6 10485.3 10474.5 10463 10447.9 10433.5
10294.8 10298.6 10299.9 10302.9 10310.6 10318 10326.2 10335.8 10345 10350 10350.7 10354.4 10353 10352.9 10353.4 10355.3 10357.2 10354.8 10348.3 10352.9 10359.7 10358.7 10358.8 10356.4 10355.1 10359 10370.8 10369.5 10362.6 10366.3 10369.3 10372.5 10376 10380 10383.1 10384.6 10384.1 10382.9 10380.3 10372.7 10369.5 10382.7 10383.5 10383.3 10433.6 10496.9 10538.5 10520.8 10504.9 10491.4 10480.1 10467.7 10469 10496.7 10508.1 10503.8 10484.7 10480.5 10497.5 10528.5 10519.9 10510.1 10499.4 10487.5 10467.9 10455.6 10444.2
10308.5 10310 10313.1 10311.5 10312.2 10315.3 10318.4 10320.1 10328.2 10338.1 10347.6 10347.7 10349 10351.3 10354 10357.4 10361.5 10366.3 10345.8 10354.7 10360 10368.6 10369.6 10363.2 10357.3 10360.9 10371.6 10375.8 10374.8 10371.5 10370.8 10374 10380.1 10384.6 10388.1 10389.5 10390.6 10393.1 10398 10403.2 10404.9 10411.5 10409.7 10392.7 10452.8 10512.8 10513.2 10522.9 10519 10515.9 10518 10517.6 10530.7 10541.3 10546.5 10541.9 10530.6 10530.7 10511.2 10528.3 10537.4 10521 10505.5 10481.2 10472.3 10464.9 10458.5
10314.4 10316 10315.1 10313.7 10312.4 10313.2 10314 10315.9 10319.9 10327.6 10331.6 10338.9 10342.9 10347.1 10351.1 10355.9 10361.9 10367.2 10368.5 10373.2 10390.8 10394.5 10382.8 10371.7 10363 10359.5 10358.7 10368.6 10375.8 10378.1 10378.9 10381.9 10387 10390.2 10389.7 10390.4 10396.9 10404.4 10412.5 10424.3 10426.1 10414.2 10401.8 10421.6 10476.9 10543.6 10537.7 10524.1 10510.1 10514.3 10543.4 10578.7 10603.6 10611.5 10579 10573 10574.1 10603.1 10602.7 10562.4 10534.1 10510 10489.4 10480.6 10476.6 10474.9 10476
10312.1 10313.9 10312.9 10312 10311.1 10310.7 10311.3 10313.1 10315.2 10318 10324.2 10331.3 10338.2 10344.5 10350.1 10354.1 10356.5 10356.7 10356 10373.2 10404.1 10410.6 10390.3 10374.4 10363.3 10357 10354.2 10363 10377.5 10388.7 10391.8 10390.9 10402.7 10402.2 10396.4 10392.8 10407.4 10418.3 10424.7 10428 10432 10426.4 10415.4 10418.6 10492.8 10561.8 10571.3 10515.1 10457.4 10459.2 10521.1 10645 10613.1 10578.9 10556.1 10556.6 10567.6 10588.7 10622.5 10588.8 10524.2 10474.2 10486.9 10478 10475 10471.6 10490.2
10303 10308.6 10313.7 10310.1 10308.3 10307.5 10308.2 10309.4 10310.4 10311.3 10315.4 10324.3 10332.2 10339 10344 10348.8 10350.6 10349.1 10347.3 10358.7 10384.6 10394.2 10382.5 10371.9 10362 10355.1 10356.2 10364 10388.3 10406.4 10423.4 10449.6 10426.3 10418.5 10416.9 10422.4 10432.7 10439.8 10444.4 10444.5 10458.3 10465.3 10455.7 10475.6 10534.3 10620.8 10547.3 10392.3 10330.9 10328.3 10367.6 10425.8 10432 10448.8 10468 10495.4 10524.6 10598.3 10594.3 10524.9 10474.8 10456.8 10446 10448.9 10466.4 10485.9 10502.8
10303.3 10303.7 10303.8 10305.9 10304.9 10303.6 10302.8 10304.5 10305.9 10308.4 10313.7 10321 10328.4 10335.3 10340.3 10344.4 10347.6 10348.7 10345.5 10346.2 10356.7 10359.9 10370.8 10371.5 10366.6 10363.5 10386.1 10430.3 10425.5 10424.3 10430.4 10435.9 10427.9 10427.7 10437.2 10456.4 10459.5 10466 10473.5 10472.9 10494.9 10525 10567.5 10588.8 10544.3 10443.8 10282 10161 10155.7 10160.6 10152 10123.1 10249 10319.3 10347 10367.7 10356.9 10356.9 10346.9 10359.2 10379.8 10384.6 10395.6 10420.4 10448.6 10476.6 10521.5
10305.6 10304.6 10304.5 10304.1 10303 10300.6 10296.8 10295.4 10302 10308.9 10313.7 10319.7 10326.3 10332.4 10337.1 10342.1 10347.4 10352.9 10356.4 10354.9 10355.2 10356.4 10370.2 10377.7 10384.5 10396.8 10420 10452.1 10441.2 10430.1 10420.2 10405.4 10415.1 10425.2 10437.7 10451.3 10466.9 10485.4 10502.3 10518.2 10516.3 10535 10590.2 10469.4 10303.5 10187.2 10056.9 9978.82 10012.4 10034.5 10026 10029.1 10188.3 10220 10209.9 10231.9 10197.4 10163.5 10177.8 10241.9 10261.6 10282.4 10314 10358.6 10411 10458 10524.7
10303.8 10304.9 10305.1 10304.4 10303.3 10301.2 10299.5 10300 10303 10305.9 10312.8 10319.3 10325.3 10331 10337 10341.8 10347.3 10354.6 10358.1 10367.7 10371.4 10379.4 10385.6 10388.1 10396.4 10416.6 10420.2 10413.2 10431.3 10426.7 10415.6 10404.8 10410.5 10420.1 10431.5 10443.3 10465.8 10497.2 10518.9 10521.8 10495.5 10453.6 10379.3 10239.3 10096.2 10037.9 9974.81 9928.45 9943.75 9968.76 9989.97 9999.91 10049.3 10052 10038.5 10011.4 10009 10020.2 10033.6 10091.9 10113.8 10149.2 10220.1 10284.2 10355 10434 10519.2
10305.2 10304.6 10304.8 10304.9 10304.5 10303.8 10303 10304.6 10307.6 10312.6 10316.1 10320.8 10325.5 10330.4 10335.3 10340.1 10344.4 10345 10359.3 10369.5 10384.9 10400.1 10398 10394.3 10392.9 10394.2 10423.2 10444.5 10435.3 10423.9 10412.2 10405.2 10407.2 10418.8 10429.9 10438.1 10464.3 10504.2 10535.9 10527 10459.3 10368.2 10235.3 10131.7 10113.3 10103 10002.7 9934.48 9936.11 9934.35 9951.75 9919.92 9838.01 9875.85 9887.16 9865.1 9835.64 9846.66 9879.49 9903.2 9962.43 10029.9 10107.9 10196.6 10284.2 10379.5 10483.5
10306.5 10307.7 10306.2 10306 10306.8 10307.8 10309.3 10310.8 10313 10316.2 10319.7 10323.9 10328 10332.1 10336.5 10340.7 10346.5 10355.1 10371.9 10375.3 10395.7 10412.7 10406.1 10395.7 10388.9 10389.1 10432.7 10454.6 10432 10417.1 10406.2 10400.4 10404.9 10422.2 10439.2 10453.3 10476.6 10511.4 10527.3 10502 10429.9 10332.1 10228.3 10165.7 10161.5 10203.2 10076.2 10054.6 9952.64 9892.32 9836.84 9777.16 9711.72 9760.4 9801.24 9773.89 9713.62 9701.97 9740.79 9729.8 9811.63 9904.41 10002.1 10101.5 10202.9 10306.8 10418.1
10299.1 10298.7 10304.1 10306.6 10308.8 10312.1 10314.4 10317.2 10319.1 10321.7 10324.3 10327.5 10330.5 10334 10338 10342.9 10349.1 10355.1 10362.7 10399.5 10414.5 10409.6 10402.2 10394.6 10383.9 10381.4 10399.8 10411.2 10412.3 10406.6 10401.1 10397.8 10406.4 10432.9 10457.7 10479.1 10497 10518.6 10532.8 10487.9 10407.3 10321.9 10241 10202.9 10252.6 10185.1 10108.5 10001.4 9903.2 9841.91 9807.33 9746.55 9690.63 9701.75 9750.33 9759.42 9634.94 9576.27 9603.79 9624.48 9697.08 9798.15 9901.84 10006 10111.1 10220.4 10331.3
10299.9 10304.2 10304.2 10307.1 10310 10313.4 10320 10320.5 10322 10325.8 10327.7 10329.9 10332.9 10335.6 10339.3 10343.3 10348.6 10355.3 10367.8 10407 10412.2 10400.4 10400.5 10396.9 10387.9 10376.7 10374.9 10383.1 10393.1 10396.2 10397.7 10404.7 10424.6 10446.7 10480.3 10513.5 10530.7 10509.4 10479.6 10442.5 10381.3 10316.2 10252.7 10194.2 10219.2 10165.4 10084.7 9919.06 9815.21 9774.44 9722.4 9677.17 9631.37 9635.83 9634.08 9625.35 9581.45 9550.93 9545.83 9553.83 9620.85 9714.38 9808.72 9910.65 10018.1 10123.8 10230.6
10301.3 10303.4 10305.6 10308.3 10310.9 10312.5 10312.4 10319.4 10322.8 10326.2 10329.9 10333.2 10336 10339.4 10341.2 10344 10345.9 10350.7 10357.2 10360.6 10372.6 10402.5 10411 10392.4 10390.9 10408.7 10381.8 10378.2 10384.9 10390.8 10394 10400.2 10409.7 10455.3 10500.6 10541.6 10560.4 10500.6 10412.9 10390.7 10364.7 10322.3 10282.8 10258 10209.2 10110 9984.5 9836.71 9754.93 9731.4 9694.74 9623.22 9588.05 9588 9588 9593.89 9584.63 9558.15 9557.7 9568.86 9603.63 9656.88 9742.02 9833.84 9936.38 10036.8 10134.3
10303 10304.2 10307.4 10310.4 10313.1 10316 10318.5 10322.9 10324.9 10329.4 10333.5 10336.4 10339.1 10341.3 10344.2 10346.4 10348.2 10350.8 10352.8 10351.4 10354.9 10362.8 10363.6 10374.2 10371.9 10363.1 10368.1 10375.2 10380.2 10385.6 10392 10400.8 10425.1 10462.6 10515.3 10563.7 10581.3 10522.7 10437.5 10397.3 10366.7 10329.7 10293.8 10262.7 10184.7 10037.9 9907.68 9803.25 9747.71 9713.64 9668.47 9563.13 9533.25 9562.86 9591.04 9614.57 9641.16 9621.87 9592.38 9566.44 9566.04 9609.14 9680.67 9767.41 9863.3 9959.12 10052.9
10305.7 10307.3 10310.1 10313.1 10315.9 10320.4 10327 10328.7 10334.1 10336.4 10338 10339.1 10341.3 10343.3 10346 10348.4 10351.6 10354.7 10358.7 10359.8 10357 10354.2 10360.7 10370.1 10373.9 10370.1 10366.7 10374.9 10380.4 10384.7 10392.6 10402.7 10410 10463.7 10521.3 10573.6 10607.8 10551 10470.1 10424.2 10379.7 10332.4 10279.8 10216 10136.3 9982.61 9850.81 9763.15 9740.75 9700.9 9648.16 9512.34 9516.26 9568.5 9626.18 9665.78 9706.83 9702.93 9652.03 9573.99 9531.07 9563.18 9630.02 9714.05 9807.18 9900.92 9993.91
10309.2 10311.5 10314.2 10317 10319.3 10319.5 10322.9 10332.7 10343.1 10341.2 10341.1 10341.3 10344.6 10346.8 10349.6 10352.2 10352.8 10357.5 10357.9 10352.6 10349.3 10355.5 10356.2 10385.5 10404.1 10402.7 10396.8 10390 10386.3 10390.2 10398.1 10414.4 10442.6 10477.9 10520.3 10566 10598.3 10577.2 10510.4 10463.9 10404.6 10343.2 10272.1 10189.2 10067.6 9969.81 9815.55 9718.58 9736.82 9645.2 9555.82 9485.05 9525.14 9595.65 9645.69 9698.31 9762.72 9740.1 9652.22 9556.91 9495.13 9536.56 9607.7 9692.76 9784.91 9875.23 9963.98
10313.9 10317 10319.1 10321.1 10324.1 10328.2 10332.1 10335.6 10339.3 10342.1 10343.3 10345.3 10347.2 10349.8 10353 10357.6 10362.8 10363.9 10367.8 10372.5 10375.6 10380.6 10391 10425 10446.6 10437 10416.7 10395.6 10390.3 10392.2 10400 10418.5 10447.5 10475.2 10506.2 10542.5 10578.4 10606.5 10589.4 10504.2 10428 10350.3 10268 10168.9 10033.7 9965.05 9805.72 9708.85 9705.82 9572.01 9507.37 9523.57 9569.8 9647.56 9710.06 9712.68 9705.56 9681.93 9634.89 9567.68 9504.77 9536.51 9603.45 9686.97 9772.21 9864.02 9956.53
10326.1 10324.4 10323.6 10324.5 10327.1 10331.3 10334.7 10337.6 10339.6 10342.6 10343.5 10345.1 10346.5 10349.8 10353.6 10358.4 10363.4 10365.1 10371.3 10384.8 10370.1 10391.6 10452 10447.6 10431 10415.7 10388.1 10383.3 10385.9 10389.3 10395.7 10408 10425.9 10448.7 10479.3 10509 10526.3 10565.1 10581 10519 10442 10360.6 10270.8 10164.6 10029.8 9898.18 9789.19 9706.22 9652.14 9528.38 9505.83 9555.83 9592.36 9658.53 9708.58 9670.51 9611.1 9602.45 9628.29 9611.42 9545.74 9556.06 9608.75 9685.79 9771.4 9866.19 9963.81
10331.1 10328.5 10325.9 10325.2 10326.4 10330.1 10332.6 10336.2 10341.7 10341.3 10342.3 10344.7 10346.8 10348.3 10350.6 10354 10356.6 10357 10355.6 10344.6 10337.5 10365.4 10394 10414.2 10419.4 10400.6 10387.1 10384.9 10383.9 10383.8 10388.4 10394.4 10402.5 10420.4 10455.3 10487.1 10508.8 10541.6 10558.1 10517 10451.4 10371 10280.7 10175.6 10014.6 9882.21 9774.46 9676.69 9589.89 9499.05 9502.27 9544.12 9565.36 9594.86 9614.12 9574.42 9510.87 9551.61 9615.48 9646.81 9569.47 9567.56 9617.36 9691.19 9777.41 9876.07 9980.78
10327.7 10326.3 10324.7 10323.2 10322.5 10323.9 10327 10329.6 10332.5 10337.3 10340.3 10342.5 10344.6 10345.6 10346.6 10347.3 10348.5 10348.5 10346.3 10344.3 10336.9 10352.5 10382.9 10403.9 10411.7 10394.4 10388 10384.9 10383 10383.8 10384.1 10386 10389.3 10403 10442 10482 10521.6 10556.6 10555.5 10512.1 10453.7 10378 10285.3 10172.3 10001.2 9866.21 9771.45 9680.8 9582.64 9491.47 9481.5 9501.25 9507.67 9507.63 9511.27 9518.49 9537.76 9559.98 9561.28 9527.02 9534.63 9559.41 9620.41 9699.7 9788.53 9891.57 10001.6
10321 10321.5 10321.4 10320.9 10319 10317.2 10323.1 10327.3 10331.2 10335.5 10339 10342 10342.4 10343.2 10343.5 10342.4 10342.6 10343.4 10341.2 10338.8 10335.9 10355.4 10390.7 10407.7 10403.3 10402.7 10391.7 10383.9 10385.8 10387.4 10388.4 10389.1 10391.7 10403.8 10437.6 10478.4 10527.3 10584.7 10548.7 10508.3 10455.7 10387.6 10297 10168.2 9973.81 9877.45 9802.25 9726.77 9628.57 9502.85 9463.94 9458.56 9459.84 9447.28 9466.94 9539.41 9634.13 9591.23 9545.13 9501.13 9510.31 9553.07 9620.9 9706.04 9806.73 9909.74 10024.1
10313.2 10316.7 10318.7 10320 10320.6 10321.6 10323.6 10326.1 10329.8 10334.1 10337.1 10340.1 10341.9 10343.1 10344.9 10343.2 10343.8 10343.5 10341.2 10337 10351.6 10388 10419.2 10441.5 10450.5 10443.4 10419.1 10401 10398.1 10396.5 10394.8 10394.7 10399.6 10417.2 10436.7 10467.7 10504.2 10531.7 10529.6 10500.9 10460.4 10406.5 10329.9 10212.3 10029.2 9909.01 9822.89 9762.15 9669.88 9559.48 9488.9 9456.28 9445.25 9450.4 9499.36 9612.45 9630.37 9595.04 9555.16 9527.77 9529.87 9562.11 9623.52 9714.62 9815.71 9926.54 10042.2
