real_craters/C074-1000m.grd
DSAA
33 33
-16.12 16.12
-16.12 16.12
10405.805426496 11797.223113357
11395 11389.6 11409.1 11408.8 11399.2 11384.6 11367.8 11349.7 11343.2 11373.6 11396.3 11406.1 11416.4 11417.1 11410.9 11408.9 11420 11432.7 11436.1 11433.8 11429.8 11433.9 11439.2 11444.4 11452.2 11462.4 11469.8 11471.5 11470.4 11489 11514.4 11537.3 11530.6 
11402.9 11403.5 11414.6 11420 11408.7 11394.2 11382.3 11373.6 11368.8 11388.6 11409 11415 11408.9 11413.4 11415.2 11418.1 11430.8 11446 11452.1 11452.6 11455.1 11453.4 11453.4 11456.2 11460.9 11468.5 11474.4 11475.9 11478.9 11498.1 11524.9 11551.6 11544.1 
11408 11412.4 11434.1 11432 11419.9 11407.5 11395.8 11394.1 11401.7 11406.8 11415.7 11414.7 11411.7 11420.3 11426 11431.3 11440.7 11449.8 11459.9 11467.4 11473.3 11469.6 11465 11466.9 11465.2 11473.7 11480.1 11484.3 11491.7 11504.9 11523.3 11541.3 11539.5 
11409.1 11419.9 11433.7 11435.1 11420 11408.6 11398.4 11392.6 11394.2 11396.6 11390.5 11416.4 11440.3 11444.2 11448 11450.6 11457.5 11460 11472.8 11480.1 11479.1 11474.1 11469.9 11471 11473.1 11477 11482.7 11488.7 11496.5 11505.4 11513.8 11519.9 11529 
11401.1 11414.7 11434 11434.1 11412.9 11406 11397.9 11387.7 11387.9 11393 11400.3 11429.7 11463.4 11466.7 11470.2 11477.9 11480 11491.9 11492.8 11497.7 11494.9 11480.6 11472.8 11471.3 11478.9 11488.9 11487.9 11492.7 11498.4 11503.3 11506.1 11505.6 11510.1 
11393.9 11395.2 11315.9 11351.8 11404.8 11416.4 11410.7 11385.7 11391.9 11403.5 11406.8 11436.9 11485.3 11487.5 11478.8 11499.3 11514.2 11512.4 11525.4 11526.5 11520.5 11502.7 11481.9 11475.8 11472.3 11474.2 11491.1 11498.5 11502 11505.3 11505.7 11505.4 11509.3 
11396.1 11403.4 11421.6 11418.2 11426.2 11442.3 11452 11453.9 11436.7 11423.6 11415.1 11432.9 11494.4 11528.4 11504.2 11557.2 11587.6 11586.2 11573.8 11554.7 11516.4 11509.2 11492.8 11492.4 11497.4 11503.9 11506.6 11508.3 11507.4 11505.2 11511.7 11510.9 11515 
11412 11421.8 11422.7 11432.9 11452.2 11471.6 11497.9 11522.2 11497.5 11471.6 11464.9 11515 11582.6 11628.1 11631.7 11627 11674.4 11662.2 11593.4 11581.5 11563.4 11533 11505.6 11512.3 11514.2 11527.5 11524.3 11519.7 11517.2 11514.7 11526.8 11540.2 11528 
11430.5 11436.5 11451.2 11462.9 11468.7 11491.1 11516.8 11541.6 11536.2 11541.4 11605 11797.2 11709.5 11597.9 11648.7 11499.2 11471.9 11494.8 11484 11553 11633.3 11582 11561 11558 11544 11540 11536.5 11531.4 11528.1 11533.1 11540.8 11546.8 11524 
11435.3 11437.7 11441.4 11445.5 11467.7 11493.3 11521.1 11546.8 11558.5 11572.6 11756.7 11659.9 11477.5 11277.2 11130.6 11132.2 11106.2 11151.5 11245.6 11351.6 11482.8 11581.7 11635.3 11622.8 11577.5 11562.4 11542.2 11535.5 11533.9 11534.3 11543.9 11558.9 11531.5 
11424.6 11431 11435.4 11444.5 11461.1 11488.2 11526.4 11563.5 11597.3 11663.8 11562 11305.5 11166.4 10997.2 10862 10844.7 10810.5 10900.8 11009.6 11084.2 11199.8 11455 11731.5 11648 11591.8 11559.1 11543.6 11542.5 11540.8 11539.5 11544.4 11562.7 11561.1 
11415.5 11423.8 11428.2 11433 11452.1 11478.8 11510.3 11553.8 11610.5 11690.1 11448.8 11172.4 10986.8 10829.3 10728.9 10693.2 10679.6 10738.9 10824.2 10933.6 11065.2 11211.2 11356.6 11567.2 11633.3 11555.7 11551.9 11553.6 11555.8 11556.6 11558.5 11562.9 11574.8 
11418.2 11423 11423.7 11425 11441.4 11471.6 11511 11558.5 11608.7 11649.9 11408.5 11126.8 10872.1 10729.4 10647.3 10626.9 10639 10657.2 10693.8 10739.5 10866.6 11021.7 11201.4 11487.4 11665 11623.1 11582.7 11571.7 11566.1 11565 11564.1 11566.1 11561.8 
11430.2 11426.5 11425.3 11430.6 11439.7 11476.9 11508.9 11544.9 11613.9 11503 11237.2 11007.3 10802.9 10663.6 10588.3 10582.9 10600.4 10591.6 10612.4 10664.7 10768.1 10907.5 11064.7 11412.3 11698.8 11644.7 11605 11576.1 11564.7 11562.5 11558.6 11563.2 11555.5 
11423 11423.5 11424.2 11423.5 11440.4 11482.4 11499.9 11476.3 11373.7 11190.7 11032.3 10879.5 10772 10620.8 10524.4 10494.1 10513.8 10536.4 10560 10619 10729.8 10830.7 10969.4 11324.4 11727.6 11672 11589.8 11564.9 11558.5 11554.9 11563.9 11568.8 11539.4 
11401.7 11415.7 11425 11428.6 11446.8 11493.3 11523.2 11461.6 11294.9 11101.3 10948.9 10828.4 10747.8 10524 10470.4 10409 10405.8 10484.6 10524.8 10591.7 10712.1 10834.5 10948.1 11212.5 11559.9 11684.9 11580.9 11562.1 11554.4 11542.5 11523.5 11538.2 11524.7 
11409.9 11421.2 11434.1 11449.4 11462 11485.2 11515.9 11546.7 11386.4 11118.2 10980.5 10809.1 10735.4 10601.3 10531.2 10497.2 10479.5 10502.8 10512.7 10574 10729.5 10891.6 11074.8 11232.1 11401.3 11612.2 11625.5 11581.3 11566.8 11556 11546.8 11555.9 11543.9 
11420.3 11430.7 11444.6 11460.2 11476.2 11485.5 11532.2 11658.1 11592.2 11234.8 10979.3 10798 10734.2 10672 10616.5 10633.8 10587.4 10551.5 10530.9 10598.1 10755.7 10939.7 11121.7 11225.7 11386 11577.1 11628.9 11599 11582.2 11575.7 11572.3 11574.2 11555.7 
11428.6 11439 11450.4 11467.7 11480.8 11495.5 11550 11650 11663.5 11351.7 11087.2 10865.9 10745 10699.1 10647.2 10567.4 10589.3 10599.4 10589.5 10664.9 10832.8 10999.9 11162.2 11305.7 11511.3 11604.1 11624.3 11598.7 11589.5 11585.5 11584.1 11598.8 11581.7 
11425.1 11434.3 11450.8 11467.3 11480.8 11501.4 11544.1 11586.4 11594.9 11395 11132.6 11037.4 10940.2 10795.5 10738.4 10708.7 10659.2 10663.3 10668.1 10768.3 10919.7 11116 11305.7 11515.8 11663.3 11644.5 11600.8 11589.1 11590 11593.3 11594.5 11616.7 11596.8 
11422.1 11431.8 11451.4 11468.7 11479.9 11498.6 11525.6 11553.9 11571.9 11499.4 11316.6 11150.2 11054.3 10980.3 10868.8 10786.5 10779.3 10762.5 10732.7 10853.9 11052.5 11271.8 11508 11780.4 11757.3 11659.5 11593 11590.4 11591.5 11594.9 11600.6 11602 11596.3 
11430.4 11441.3 11460.4 11474 11484.2 11505.5 11522.3 11539.2 11575.2 11645.7 11586 11297.8 11076.5 11066.8 10990.3 10926.1 10939.9 10924.6 10848.8 10997 11206.3 11404.8 11605.8 11749.4 11704.8 11648.7 11599.2 11592.2 11595.9 11597.2 11602.8 11604.3 11599.7 
11447.7 11463.9 11474.8 11488.1 11506.5 11519.9 11525.3 11535 11569.3 11615.9 11597.1 11483.4 11340.5 11268 11199.8 11125.8 11177.1 11189.6 11143.1 11239.8 11367.7 11506.1 11612.6 11635.9 11639.2 11622.2 11606 11603.1 11603.7 11606.4 11612.8 11618.5 11610.5 
11465.9 11476.3 11485.8 11500.5 11516.3 11528.7 11528.3 11528 11551.6 11578.3 11606.4 11642.7 11723.4 11654.5 11573.8 11507.5 11468.2 11513.8 11561.5 11493.4 11522.6 11574.9 11637.1 11638.5 11610.4 11606.9 11603.6 11605.2 11609.6 11610.6 11609.8 11609.8 11614.4 
11481.3 11479.6 11492 11510.1 11529.6 11544.5 11534.8 11528.8 11544.1 11564.1 11610.3 11678.9 11756 11759.9 11750.2 11706.7 11639.5 11649.2 11673.9 11601.1 11605.2 11610 11629.7 11620.4 11601.5 11600.7 11609.8 11605.8 11612 11621.3 11617.1 11591.3 11604.1 
11494.4 11493.3 11502.8 11514.9 11533.7 11544.4 11545.1 11545.7 11545.1 11557.8 11604.2 11660.8 11696 11711.9 11739.3 11721.6 11677.2 11627.2 11587.4 11598.7 11623.1 11613.9 11604.9 11593.8 11586.4 11598.5 11607 11604.1 11607.2 11619.1 11624.2 11590.2 11599.5 
11494.1 11498.9 11503.8 11512.2 11524 11538.2 11554.1 11547.2 11544.7 11550.6 11596 11651.1 11693.7 11718.7 11738.5 11717.1 11670.6 11598.8 11569.2 11583 11612.7 11605.8 11595.5 11594.1 11598.4 11600.7 11606.1 11602.7 11598.9 11607.8 11622.7 11587.5 11598.6 
11482.1 11482 11485.7 11503.6 11522.9 11542.6 11559.1 11557.8 11541.3 11546.9 11591.9 11648.3 11692.1 11718.1 11729.1 11701.5 11651.7 11586.4 11564.4 11574.6 11593.8 11592.8 11592.1 11596.7 11602.5 11605.9 11604.5 11600.3 11600.2 11613.9 11613.8 11578.5 11596.2 
11483.4 11485.3 11490.8 11499.5 11511.3 11557.2 11565 11546.4 11536.6 11547.4 11589.9 11639.9 11686.3 11717.5 11724.8 11685.6 11639.5 11603.8 11581.1 11570.8 11580.8 11584.4 11590.5 11597.3 11610.1 11610.6 11607.4 11609.3 11629.6 11631.2 11612.5 11588.5 11608.3 
11487.5 11491.3 11497.5 11497.1 11506.5 11542.2 11558.9 11540 11538.2 11551.8 11593.2 11634.5 11687.7 11728.1 11707.6 11671 11630.1 11598.9 11581.7 11578.2 11588.3 11587 11587.3 11595.5 11600.8 11599.9 11609.7 11624.5 11636.7 11643.8 11598.8 11604.4 11638.7 
11490.8 11494.5 11501.5 11498.8 11506.6 11548.6 11565.6 11562 11561.6 11575.3 11604.8 11650.2 11692.2 11726.6 11693.1 11650.4 11609.9 11576.4 11575.7 11592.2 11597.3 11597.6 11597.6 11600.9 11597.9 11597.7 11612.8 11625.2 11633 11610.7 11591.6 11611.4 11637 
11490.4 11495.3 11493.1 11504.9 11510.9 11526.5 11574.4 11557.2 11555.9 11579.5 11612.9 11645.1 11689.4 11705.3 11659.1 11642.3 11606.2 11566.6 11579.8 11592.8 11609 11617.6 11619.6 11617.7 11619.1 11616.2 11622 11628.1 11622.7 11606.1 11595.3 11621.3 11641 
11493 11504 11512.2 11524.8 11529.7 11509.5 11503.8 11521.7 11520.6 11571.8 11631.7 11672.5 11698.9 11707.9 11694.1 11655.5 11623.6 11601.3 11595.6 11603.9 11619.6 11629.2 11631.8 11630.2 11633.1 11634.9 11628 11623.8 11613 11605.3 11613.7 11630.7 11654.8 
