real_craters/C074-300m.grd
DSAA
189 189
-28.21 28.21
-28.21 28.21
8016.9705130706 9186.9529476599
[rows 120 to 149 of 189, columns 67 to 133 of 189]
8781.16 8777.55 8774.23 8772.48 8772.32 8773.26 8775.76 8778.11 8779.8 8783.21 8786.36 8794.87 8807.82 8816.6 8821.81 8828.14 8839.72 8861.63 8891.31 8880.96 8862.93 8862.78 8873.37 8837.15 8788.84 8725.96 8685.48 8662.83 8653.51 8646.45 8656.2 8682.66 8731.06 8766.24 8738.48 8718.52 8711.07 8714.88 8722.06 8732.91 8747.49 8764.54 8774.37 8787.93 8781.66 8771.69 8757.24 8746.82 8742.65 8736.83 8729.38 8721.1 8712.61 8705.32 8698.9 8699.12 8701.23 8704.01 8706.08 8706.8 8704.65 8706.59 8705.35 8701.33 8701.95 8705.79 8710.12
8781.12 8778.67 8775.61 8774.6 8774.74 8776.59 8780.29 8784.53 8783.9 8784.95 8788.79 8794.68 8803.7 8811.53 8817.66 8824.96 8835.87 8854.34 8879.33 8878.26 8872.24 8872.71 8876.25 8858.23 8829.35 8774.47 8734.16 8710.31 8701.75 8703.3 8716.31 8749.04 8795.75 8826.09 8791.65 8761.19 8746.37 8739.99 8738.3 8741.52 8749.18 8756.02 8760.77 8762.15 8760.79 8750.57 8740.92 8734.45 8730.04 8725.4 8720.86 8714.41 8707.63 8701.47 8696.02 8695.76 8697.61 8699.78 8701.64 8703.94 8708.34 8708.46 8705.21 8703.55 8701.17 8703.38 8706.78
8779.27 8779.25 8777.7 8777.53 8778.14 8780.01 8783.29 8788.98 8787.03 8788.48 8793.34 8798.15 8802.06 8805.93 8809.37 8812.38 8815.32 8818.05 8823.33 8838.27 8846.65 8846.01 8832.63 8825.89 8816.73 8782.39 8754.95 8738.65 8736.79 8737.49 8749.76 8774.19 8798.79 8812.6 8796.51 8775.28 8759.29 8750.14 8746.73 8746.52 8748.06 8746.58 8749.26 8746.58 8745.93 8737.42 8730.03 8725.56 8721.72 8717.77 8715.25 8710.22 8704.92 8699.62 8695.68 8694.97 8695.59 8696.99 8698.08 8700.03 8704.93 8705.86 8703.57 8702.65 8700.82 8701.84 8703.98
8783.08 8780.47 8779.5 8779.9 8780.94 8782.47 8783.56 8783.25 8787.85 8790.97 8794.31 8798.4 8799.8 8800.35 8799.23 8796.89 8792.22 8783.14 8776.33 8798.86 8813.4 8815.12 8806.76 8794.31 8782.68 8764.33 8755.57 8750.57 8752.79 8754.64 8763.02 8776.4 8784.94 8787.13 8781.55 8770.84 8759.89 8749.86 8744.63 8740.22 8741.88 8738.25 8737.68 8736.21 8735.69 8728.37 8721.58 8718.7 8716.24 8713.02 8710.57 8706.53 8702.5 8699.01 8697.16 8695.32 8694.69 8695.18 8695.18 8694.95 8694.74 8699.26 8700.26 8698.57 8699.16 8701.03 8702.58
8781.16 8780.43 8780.72 8781.91 8783.45 8785.34 8786.44 8787.68 8790.32 8793.12 8795.42 8796.49 8797.03 8794.84 8789.95 8784.26 8776.6 8766.53 8761.3 8776.05 8787.27 8789.25 8781.6 8763.37 8729.2 8738.81 8750.17 8754.85 8758.59 8760.26 8764.3 8770.45 8770.9 8768 8765.13 8759.67 8752.44 8746.4 8740.89 8736.88 8735.53 8733.82 8729.93 8727.97 8727.82 8722.88 8718.42 8714.66 8712.26 8709.44 8706.59 8704.03 8700.82 8697.87 8695.55 8694.21 8693.82 8693.71 8694.06 8695.16 8700.64 8700.47 8701.37 8700.4 8700.7 8701.42 8702.48
8778.95 8779.17 8780.5 8782.48 8785.04 8787.97 8791.05 8793.2 8793.81 8795.29 8797.58 8799.03 8797.11 8790.76 8783.64 8774.93 8767.6 8762.52 8760.24 8764.63 8770.06 8771.04 8765.66 8753.83 8742.28 8745.15 8751.11 8754.91 8758.2 8759.53 8760.47 8762 8760.4 8756.9 8753.15 8749.13 8744.68 8739.41 8735.33 8731.57 8730.78 8725.64 8724.12 8722.67 8721.44 8717.69 8714.95 8710.46 8709.15 8707.23 8704.61 8701.86 8699.41 8696.84 8695.08 8693.92 8693.28 8692.97 8693.65 8695.28 8699.71 8703.81 8706.49 8706.41 8702.6 8703.14 8704.07
8776.38 8777.48 8779.54 8782.27 8785.65 8789.38 8793.42 8795.4 8794.9 8795.59 8797.65 8801.33 8795.96 8785.72 8776.37 8767.07 8759.99 8756.22 8754.72 8755.93 8758.74 8759.59 8757.41 8753.91 8761.77 8761.82 8755.44 8755.1 8755.72 8755.17 8755.03 8752.43 8748.99 8744.69 8740.2 8737.91 8734.93 8732.34 8730.11 8727.7 8725.21 8722.77 8722.04 8718.07 8715.76 8710.94 8707.34 8705.78 8706.63 8705.25 8703.2 8700.83 8698.34 8696.01 8694.5 8693.67 8692.4 8692.2 8693.03 8694.82 8700.33 8706.53 8712 8712.9 8707.17 8706.76 8706.18
8773.7 8775.36 8778.01 8781.15 8784.88 8788.85 8791.64 8793.19 8792.88 8792.32 8792.3 8791.67 8786.34 8777.73 8768.13 8759.77 8751.57 8745.5 8744.3 8746.98 8750.1 8752.07 8753.48 8754.92 8755.21 8753.74 8753.97 8752.25 8751.23 8750.04 8748.17 8744.03 8738.5 8730.61 8725.85 8726.42 8726.68 8726.16 8724.62 8724.19 8722.16 8719.77 8716.01 8712.17 8712.37 8707.64 8704.77 8704.44 8704.93 8703.92 8701.78 8699.39 8696.85 8694.37 8692.04 8689.82 8690.97 8691.38 8692.92 8695.89 8700.48 8708.18 8716.42 8720.01 8715.01 8710.59 8708.87
8771.76 8773.74 8776.3 8779.24 8782.81 8787 8790.92 8790.55 8788.36 8786.33 8783.87 8779.72 8774.12 8768.17 8760.63 8752.14 8743.73 8737.14 8736.55 8739.66 8743.44 8746.59 8749.77 8751.03 8751.3 8751.74 8750.36 8749.38 8747.24 8745.12 8742.25 8737.15 8730.02 8721.24 8716.75 8717.84 8719.33 8720.57 8720.61 8720.32 8718.78 8716.92 8713.11 8711.05 8710.25 8706.85 8706.33 8705.39 8705.2 8703.6 8701.44 8698.72 8695.88 8693.14 8690.9 8690.73 8690.17 8691.08 8692.73 8693.79 8698.42 8708.33 8716.99 8720.23 8715.05 8712.17 8710.68
8771.27 8772.64 8774.48 8776.47 8778.9 8782.27 8787.51 8784.76 8781.53 8778.77 8775.28 8770.54 8765.14 8759.88 8753.7 8746.32 8738.04 8730.37 8731.65 8735.43 8739.19 8743.19 8747.1 8749.21 8748.65 8745.9 8746.53 8746.54 8744.12 8741.81 8737.64 8731.96 8724.44 8715.07 8709.91 8711.21 8713.43 8715.06 8716.01 8715.72 8715.86 8713.51 8711.61 8709.54 8708.45 8705.38 8706.78 8707.71 8706.5 8704.19 8701.39 8698.32 8695.26 8692.05 8689.36 8687.42 8688.35 8690.72 8693.98 8696.84 8700.54 8708.26 8715.64 8717.72 8714.44 8712.28 8711.22
8772.31 8772.2 8772.56 8773.1 8773.52 8773.56 8772.12 8774.08 8772.9 8770.68 8767.43 8762.76 8756.77 8754.09 8749.02 8743.21 8736.59 8731.12 8731.62 8734.13 8737.17 8740.44 8743.83 8747.19 8745.81 8742.05 8742.62 8743.07 8740.93 8738.54 8734.16 8728.38 8721.48 8712.15 8706.68 8708.57 8711.17 8712.48 8713.68 8713.52 8713.18 8711.7 8709.43 8707.95 8705.75 8704.09 8707.46 8709.95 8707.57 8704.56 8701.37 8698.15 8694.86 8691.62 8688.35 8685.24 8687.18 8690.59 8694.58 8699.53 8701.65 8707.48 8713.72 8715.46 8712.95 8711.21 8711.03
8773.71 8771.98 8770.82 8769.65 8768.32 8766.19 8764.34 8765.26 8765.23 8763.68 8761 8758.05 8756.76 8750.54 8745.85 8742.15 8739.13 8735.4 8734.4 8734.57 8736.17 8738.23 8740.78 8742.57 8741.81 8739.05 8740.27 8740.71 8738.69 8736.14 8732.04 8726.72 8720.45 8714.63 8711.24 8710.9 8711.54 8711.77 8712.43 8711.1 8709.98 8709.47 8708.15 8706.98 8705.16 8702.14 8706.89 8711.28 8707.18 8704.09 8701.1 8698.11 8695.18 8692.19 8689.38 8687.33 8688.47 8691.24 8693.75 8693.12 8698.87 8706.12 8711.07 8712.87 8710.51 8710.9 8711.47
8774.37 8771.8 8769.52 8767.49 8764.84 8761.51 8759.15 8759.4 8759.01 8757.55 8755.14 8752.01 8748.32 8745.18 8742.4 8740.6 8740.95 8741.58 8736.47 8734.92 8735.47 8736.76 8738.67 8740.08 8740.82 8742.21 8740.37 8738.94 8736.99 8734.6 8730.82 8726.32 8721.42 8718.17 8716.35 8714.97 8713.84 8712.37 8711.43 8710.04 8708.69 8708.68 8707.04 8706.26 8705.25 8705.51 8704.51 8703.73 8704.24 8702.91 8700.67 8698.2 8695.71 8693.35 8691.41 8690.7 8691.39 8693.11 8695.1 8697.71 8700.69 8706.89 8711.88 8713.97 8715.13 8714.45 8712.69
8774.59 8771.62 8768.83 8766.06 8763.01 8759.08 8756.18 8755.83 8754.72 8752.71 8749.82 8746.25 8742.5 8739.89 8738.03 8736.69 8735.72 8734.72 8733.38 8732.48 8732.76 8734.11 8736.04 8738.58 8740.26 8738.51 8737.36 8737.01 8735.75 8733.83 8730.41 8726.22 8723.23 8722.37 8721.97 8720.53 8717.27 8714.22 8711.76 8710.15 8708.45 8707.3 8705.95 8705.12 8703.79 8704.3 8702.8 8700.78 8702.96 8702.2 8700.33 8698.27 8696.21 8694.54 8693.4 8692.75 8693.4 8696.21 8698.34 8700.5 8704.41 8708.98 8713.13 8714.92 8715.72 8715.03 8712.85
8774.06 8770.75 8767.76 8765.01 8762.51 8759.89 8756.93 8754.22 8751.84 8749.14 8745.74 8741.77 8738.04 8735.15 8733.58 8732.38 8730.43 8729.28 8729.08 8728.92 8729.47 8730.94 8732.95 8735.1 8736 8734.45 8734.31 8735.49 8734.42 8731.24 8728.98 8725.84 8724.68 8725.22 8727.91 8725.97 8719.57 8715.43 8712.81 8710.8 8709.13 8707.25 8705.38 8703.55 8701.65 8700.97 8703.93 8708.33 8704.38 8702.04 8700.18 8698.42 8697.17 8695.93 8695.1 8696.51 8700.06 8699.58 8701.61 8704.67 8708.21 8711.62 8713.21 8714.23 8715.05 8715.04 8710.17
8772.77 8769.71 8766.56 8763.64 8761.36 8760.72 8757.1 8752.64 8749.46 8746.23 8742.78 8738.63 8733.56 8730.07 8729.72 8729.41 8726.51 8725.36 8724.7 8724.18 8724.95 8726.81 8729.41 8732.25 8734.55 8737.37 8738.38 8735.06 8733.13 8730.13 8727.93 8726.03 8724.83 8724.11 8724.05 8720.78 8717.49 8715.45 8713.98 8711.92 8710.4 8708.63 8706.39 8704.26 8701.81 8701.63 8703.45 8705.38 8703.66 8701.58 8699.91 8698.45 8697.12 8696.16 8695.72 8695.82 8695.25 8701.04 8706.42 8708.9 8711.95 8715.13 8716.31 8712.37 8707.56 8704.39 8702.38
8772.63 8769.19 8765.32 8761.63 8757.97 8754.31 8752.55 8749.91 8747.34 8744.78 8741.53 8737.41 8732.4 8727.8 8725.31 8728 8732.27 8725.64 8719.35 8718.17 8719.69 8722.21 8725.25 8728.78 8733.86 8734.39 8734.33 8734.01 8732.22 8729.91 8727.67 8725.74 8723.84 8721.14 8716.12 8712.27 8714.58 8714.89 8714.36 8713.69 8712.4 8710.93 8709.13 8706.88 8703.79 8701.53 8702.41 8702.26 8701.35 8700.82 8700.12 8699.06 8698.15 8697.07 8696.42 8696.31 8698.95 8701.88 8707.75 8712.16 8714.33 8716.52 8716.44 8709.98 8700.29 8684.54 8696.69
8773.79 8769.15 8764.63 8759.95 8754.99 8749.39 8748.54 8747.54 8746.08 8744.05 8741.35 8737.96 8733.31 8726.88 8716.39 8709.35 8728.81 8711.61 8707.5 8709.95 8713.78 8717.72 8721.34 8724 8724.14 8729.45 8735.28 8733.62 8731.64 8729.85 8728.05 8725.85 8723.4 8720.5 8717.25 8715.32 8714.7 8715.04 8714.95 8714.69 8713.95 8713.11 8712.29 8710.85 8708.64 8706.46 8703.86 8699.9 8699.68 8700.75 8700.93 8700.5 8699.66 8698.76 8697.82 8696.99 8696.88 8702.27 8706.01 8712.45 8715.16 8715.85 8714 8709.78 8705.24 8705.21 8703.44
8774.89 8769.87 8764.83 8759.67 8753.81 8750.2 8748.06 8747.04 8745.87 8744.3 8742.19 8739.41 8735.35 8727.7 8708.12 8678.04 8637.12 8674.24 8692.51 8702.26 8708.97 8714.24 8718.58 8722.07 8725.28 8729.65 8733.93 8732.12 8730.9 8729.55 8728.11 8726 8723.67 8721.19 8718.66 8716.89 8716.13 8716.31 8716.41 8715.87 8715.68 8715.52 8715.59 8715.47 8715.44 8713.32 8708.3 8703.81 8702.6 8703.25 8703.37 8703.05 8702.58 8701.8 8700.99 8699.69 8698.71 8707.01 8716.02 8716.5 8716.03 8714.03 8712.68 8710.33 8708.6 8711.84 8705.81
8776.48 8771.5 8766 8760.64 8755.14 8750.51 8748.96 8747.98 8747.03 8745.77 8743.95 8741.85 8738.16 8731.72 8711.88 8686.45 8668.32 8676 8689.46 8699.59 8706.89 8712.58 8717.39 8721.7 8726.09 8728.46 8725.91 8728.69 8729.96 8729.82 8728.66 8726.87 8724.97 8722.63 8720.1 8717.74 8717.52 8717.85 8718.05 8717.97 8718.23 8718.14 8718.24 8718.67 8719.42 8717.24 8712.85 8710.39 8708.87 8707.14 8706.73 8706.6 8706.43 8706 8705.46 8705.04 8705.62 8712.36 8720.17 8721.77 8718.35 8712.9 8711.59 8711.4 8708.08 8698.74 8700.02
8779.3 8773.88 8768.14 8762.39 8757.04 8752.97 8750.73 8749.59 8748.67 8747.43 8746.23 8744.41 8741.21 8734.86 8722.94 8710.15 8699.3 8694.24 8697.15 8702.6 8708 8712.92 8717.27 8721.22 8724.71 8726.92 8728.04 8729.73 8730.54 8730.43 8729.61 8728.4 8726.6 8724.63 8722.54 8720.34 8720.26 8720.3 8720.09 8719.79 8719.93 8720.02 8720.17 8720.63 8719.45 8717.33 8715.25 8713.02 8711.13 8710.3 8710.18 8709.97 8709.69 8709.76 8710.29 8711.16 8713.19 8715.36 8715.96 8720.95 8721.58 8721.93 8718.78 8715.18 8711.95 8711.01 8710
8783.82 8777.59 8770.72 8764.06 8758.55 8754.78 8752.47 8751.8 8750.9 8750.1 8748.86 8747.41 8745.13 8741.13 8733.92 8727.91 8720.76 8709.87 8707.12 8708.38 8711.22 8714.74 8718.11 8721.38 8724.23 8727.14 8731.05 8732.45 8731.96 8731.66 8730.94 8729.8 8728.53 8727.13 8726.01 8725.08 8724.33 8723.32 8722.22 8721.46 8721.24 8720.86 8721.28 8721.84 8719.62 8717.97 8717.3 8714.93 8711.57 8713.38 8713.24 8712.67 8712.53 8712.7 8714.82 8716.59 8718.84 8720.66 8711.45 8716.69 8723.06 8726.86 8723.38 8718.45 8714.8 8712.88 8710.43
8789.26 8782.07 8774.39 8766.23 8757.59 8754 8754.39 8754.34 8753.96 8753.3 8752.15 8750.76 8748.74 8746.89 8740.64 8729.9 8723.34 8718.68 8715.44 8714.55 8715.29 8717 8719.17 8721.97 8724.8 8727.4 8731.07 8732.62 8733 8732.73 8732.05 8731.2 8730.18 8729.4 8728.98 8729.17 8728.12 8726.16 8724.28 8723.01 8721.8 8721.15 8721.38 8722.51 8722.6 8721.2 8720.99 8720.45 8720.92 8718.85 8717.72 8716.83 8716.32 8716.6 8717.15 8719.63 8723.27 8721.63 8712.75 8716.21 8722.15 8727.75 8723.15 8718.23 8714.46 8710.62 8705.81
8794.33 8787.37 8779.63 8770.76 8761.6 8757.61 8757.95 8757.86 8757.25 8756.58 8755.3 8753.67 8751.14 8746.98 8740.13 8733.95 8729.12 8725.67 8722.48 8720.5 8719.76 8720.02 8720.99 8722.74 8725.6 8730.22 8730.91 8732.57 8733.71 8733.7 8733.17 8732.32 8731.41 8730.84 8730.8 8731.21 8730.25 8727.59 8725 8723.18 8721.62 8720.72 8720.74 8721.57 8725.03 8724.79 8724.64 8725.14 8726.09 8723.07 8719.74 8717.46 8716.17 8717.09 8717.69 8720.12 8722.89 8723.29 8721.05 8717.6 8718.25 8718.45 8717.75 8714.73 8712.16 8711.15 8712.43
8799.3 8793.58 8786.41 8778.19 8769.47 8765.49 8764.86 8763.99 8761.45 8760.08 8758.12 8756.21 8753.78 8750.76 8747.56 8742.94 8737.52 8732.42 8728.26 8725.19 8723.24 8722.28 8722.18 8722.99 8724.67 8726.32 8730.63 8733.51 8734.98 8734.7 8733.99 8732.99 8732.15 8731.45 8731.15 8731.2 8730.26 8727.02 8724.75 8722.8 8721.42 8720.22 8719.39 8719.36 8724.51 8725.95 8726.29 8726.39 8726.92 8723.54 8720.16 8717.79 8716.31 8715.77 8715.68 8716.78 8717.75 8720.74 8718.96 8714.87 8714.16 8712.8 8710.48 8707.92 8705.97 8705.79 8705.23
8805.64 8800.79 8794.24 8787.31 8781.39 8774.82 8771.53 8768.76 8767.74 8766 8763.83 8761.28 8758.53 8755.29 8753.34 8752.15 8745.08 8738.58 8733.65 8729.77 8726.89 8724.85 8723.5 8722.75 8723.3 8727.2 8730.75 8736.88 8735.98 8735.02 8734.37 8733.62 8732.69 8731.63 8730.37 8728.83 8726.88 8725.07 8723.75 8722.46 8721.06 8719.5 8718.28 8717.41 8720.95 8725.65 8725.95 8725.17 8722.09 8720.47 8718.24 8715.94 8714.26 8713.82 8713.58 8713.09 8712.24 8706.4 8706.33 8708.86 8707.55 8705.82 8701.61 8699.01 8696.74 8695.29 8697.5
8813.17 8807.66 8801.21 8794.77 8788.2 8782.4 8778.17 8774.48 8771.34 8768.61 8767.06 8764.37 8761.48 8757.89 8755.45 8753.99 8749.01 8742.82 8737.35 8732.82 8729.31 8726.5 8724.59 8722.39 8720.25 8718.33 8722.49 8731.17 8733.94 8734.46 8734.05 8733.6 8732.76 8731.71 8729.69 8726.49 8723 8722.76 8723.2 8722.42 8721.05 8719.64 8718.75 8719.88 8727.28 8726.68 8724.85 8722.76 8721.8 8719.08 8715.08 8712.39 8710.95 8710.37 8710.15 8710.79 8711.54 8716.77 8714.24 8705.56 8697.97 8693.09 8691.25 8688.34 8685.38 8680.96 8672.64
8819.09 8812.38 8806.25 8800.5 8794.98 8788.22 8782.54 8777.72 8773.74 8770.42 8769.03 8766.22 8763.49 8760.71 8757.07 8756.16 8750.88 8746.03 8740.51 8736.11 8732.3 8728.99 8724.86 8722.04 8718.89 8715.17 8716.99 8726.21 8731.13 8733.79 8734.56 8734.71 8734.07 8732.68 8730.62 8727.36 8723.04 8723.83 8724.03 8722.65 8721.06 8720.25 8719.87 8721.99 8728.73 8725.58 8721.75 8718.55 8715.83 8712.42 8709.13 8706.16 8705 8705.42 8706.29 8706.65 8705.87 8703.65 8711.68 8700.18 8691.91 8685.71 8681.73 8678.87 8675.67 8671.11 8665.68
8817.3 8812.75 8807.98 8802.93 8797.49 8792.01 8786.16 8781.12 8776.58 8773.16 8769.92 8767.05 8764.49 8762.47 8760.24 8754.89 8750.58 8746.54 8741.86 8737.67 8733.91 8730.59 8727.63 8725.36 8722.34 8719.19 8719.36 8724.44 8729.74 8734.15 8736.12 8736.66 8736.22 8735.03 8733.39 8731.67 8730.66 8728.47 8726.1 8723.74 8721.67 8719.93 8720.15 8722.94 8724.34 8719.6 8715.26 8710.85 8709.32 8708.73 8700.11 8698.29 8698.98 8700.7 8703.13 8704.77 8704.06 8700.89 8699.2 8688.56 8678.18 8674.49 8673.07 8671.63 8669.15 8666.02 8663.54
8810.14 8808.86 8807.03 8804.21 8799.38 8794.04 8788.05 8782.77 8778.16 8774.29 8771.1 8768.31 8765.59 8763.48 8760.69 8754.13 8750.11 8746.11 8741.97 8738.17 8734.72 8731.78 8729.43 8727.76 8727.29 8728.11 8731.81 8731.29 8734.12 8736.77 8738.31 8738.7 8738.1 8737.03 8735.84 8734.94 8735.04 8732.07 8727.34 8723.64 8720.8 8719.61 8717.9 8713.8 8714.17 8711.3 8706.46 8699.38 8691.6 8682.18 8685.45 8688.53 8692.37 8695.97 8699.26 8702.67 8707.39 8695.29 8685.45 8676.46 8667.04 8665.63 8665.55 8664.83 8663.68 8662.22 8661.24
