real_craters/C074-300m.grd
DSAA
189 189
-28.21 28.21
-28.21 28.21
8016.9705130706 9186.9529476599
[rows 30 to 59 of 189, columns 0 to 66 of 189]
8778.53 8780.34 8782.06 8783.79 8787.3 8790.18 8792.83 8795.89 8799.33 8803.58 8810.77 8822.17 8834.99 8845.05 8852.36 8861.34 8869.65 8877.81 8884.55 8891.79 8899.01 8902.98 8909.34 8912.68 8914.74 8915.72 8915.21 8913.01 8908.53 8900.85 8892.05 8879.29 8864.44 8847.85 8831.96 8817.86 8810.33 8804.81 8800.7 8798.46 8796.65 8796.48 8795.94 8796.5 8796.78 8796.99 8797.31 8797.35 8797.76 8797.43 8797.67 8798.57 8799 8801.59 8802.42 8801.89 8800.83 8799.63 8798.74 8798.53 8798.63 8799.55 8800.43 8801.61 8803.48 8807.38 8810.54
8778.59 8780.12 8781.48 8782.76 8784.35 8787.33 8791.82 8794.73 8798.85 8803.37 8809.85 8820.8 8832.13 8842.61 8850.99 8858.46 8866.93 8875.67 8882.37 8890.78 8900.03 8906.42 8912.2 8914.72 8915.6 8915.03 8913.27 8909.83 8903.95 8895.47 8886.59 8875.14 8861.39 8845.65 8830.41 8817.08 8810.66 8806.05 8802.47 8800.52 8798.56 8798.25 8797.63 8797.54 8797.71 8797.97 8798.23 8799.13 8799.8 8800.03 8800.79 8802.32 8802.78 8804.6 8804.66 8803.17 8801.61 8800.16 8799.26 8799.17 8799.45 8800.47 8801.65 8802.66 8803.45 8802.99 8799.08
8778.71 8780.06 8780.9 8781.87 8782.49 8784.72 8789.99 8794 8799.92 8807.4 8813.95 8820.21 8827.63 8838.06 8848.64 8858.02 8869.32 8876.44 8881.7 8889.89 8900.92 8910.04 8915.52 8916.34 8915.79 8914.22 8911.78 8907.8 8901.92 8893.9 8883.96 8872.49 8859.42 8844.65 8830.81 8819.25 8812.67 8807.94 8804.44 8802.41 8800.88 8799.92 8799.28 8800 8800.11 8800.3 8800.5 8801.39 8802.05 8802.5 8803.16 8805.12 8806.8 8807.5 8806.09 8804.18 8802.19 8800.61 8799.79 8799.64 8800.06 8801.14 8802.19 8803.52 8804.07 8802.4 8800.43
8779.12 8780.47 8781.25 8782.29 8783.68 8786.04 8788.54 8793.95 8801.57 8809.98 8815.97 8820.42 8825.43 8834.02 8844.76 8857.66 8872.69 8877.5 8881.73 8889.89 8901.03 8911.48 8915.07 8915.58 8914.94 8913.21 8910.38 8906.39 8900.86 8892.79 8882.43 8870.76 8858.28 8844.66 8832.49 8822.11 8815.31 8810.29 8806.79 8804.25 8802.72 8802.55 8801.92 8802.28 8802.34 8802.71 8803.33 8803.47 8804.57 8805.15 8805.43 8805.37 8806.28 8807.61 8807.06 8804.81 8802.37 8800.05 8799.44 8800 8800.83 8801.8 8802.9 8804.84 8806.64 8810.36 8817.13
8779.84 8781.07 8781.77 8783.26 8785.35 8788.12 8791.36 8796.15 8803.75 8811.82 8817.17 8820.66 8824.88 8830.55 8838.28 8852.53 8866.4 8874.08 8880.09 8888.99 8899.63 8907.85 8910.22 8913.12 8913.7 8912.22 8909.4 8905.3 8899.77 8891.55 8881.04 8869.43 8857.36 8844.6 8834.37 8825.22 8817.44 8812.16 8809.01 8806.53 8805.06 8804.97 8804.37 8804.62 8804.74 8804.75 8805.38 8805.54 8806.89 8807.71 8808.29 8804.29 8805.64 8809.22 8807.48 8805.29 8802.69 8800.45 8799.92 8800.61 8801.6 8802.67 8804.02 8806.14 8808 8810.59 8812.39
8780.55 8781.44 8782.83 8784.36 8786.29 8788.86 8791.31 8796.39 8804.82 8815.36 8818.18 8820.95 8823.58 8828.06 8833.72 8845.83 8859.21 8868.45 8875.19 8886.15 8897.1 8904.41 8910.06 8912.64 8912.7 8911.44 8908.32 8904 8898.02 8889.66 8879.42 8868.04 8856.33 8843.79 8832.94 8824.67 8818.5 8813.78 8810.46 8808.02 8807.17 8806.5 8806.53 8805.9 8806.24 8806.64 8807.05 8807.65 8809 8810.67 8810.93 8810.48 8812.23 8809.56 8807.94 8805.75 8803.28 8801.13 8800.87 8801.45 8802.34 8803.61 8805.01 8806.59 8808.12 8809.33 8810.23
8781.06 8782.45 8783.83 8785.18 8787.14 8789.52 8792.48 8796.76 8803.02 8810.5 8816.29 8821.44 8825.54 8827.53 8830.73 8840.04 8853.16 8863.16 8872.08 8883.55 8895.69 8903.07 8910.74 8912.48 8912.25 8910.79 8907.33 8902.6 8896.09 8887.6 8877.67 8866.55 8855.04 8842.87 8832.17 8824.46 8819.02 8814.89 8811.9 8809.67 8808.72 8808.15 8807.93 8807.7 8808.13 8808.82 8809.17 8809.6 8809.96 8811.71 8811.3 8811.41 8811.36 8810.48 8808.33 8806.15 8804.12 8802.63 8802.09 8802.45 8803.64 8805.03 8806.23 8807.6 8808.56 8808.53 8807.15
8781.83 8783.3 8784.55 8786.27 8788 8789.96 8794.06 8798.09 8801.09 8804.44 8814.08 8821.18 8825.81 8828.24 8831.16 8839.39 8850.23 8859.06 8867.03 8880.3 8893.29 8901.05 8907.3 8911.25 8911.94 8910.37 8906.92 8901.66 8894.49 8886.03 8876.33 8865.3 8853.85 8841.9 8832.37 8824.56 8819.28 8815.44 8812.97 8811 8810.17 8809.69 8809.47 8809.83 8810.35 8810.57 8811.3 8811.5 8811.6 8812.91 8811.61 8811.73 8811.81 8811.03 8808.47 8805.94 8804.19 8804.27 8802.91 8803.22 8804.52 8806.34 8808.01 8809.5 8810.29 8810.39 8809.45
8781.86 8783.47 8785.69 8787.51 8789.57 8792.11 8796.19 8799.52 8802.42 8807.55 8814.71 8822.05 8826.83 8829.78 8833.68 8840.1 8849.63 8858.92 8865.27 8877.63 8888.97 8896.9 8905.17 8911.08 8912.18 8910.96 8907.49 8901.88 8893.7 8885.52 8875.85 8864.56 8852.85 8840.62 8830.37 8823.92 8819.3 8815.69 8813.38 8811.95 8810.75 8810.51 8810.64 8810.55 8811.45 8812.07 8812.36 8812.88 8813.17 8814.32 8812.9 8812.14 8812.65 8811.44 8808.38 8805.09 8802.01 8800.28 8802.02 8803.7 8805.73 8807.94 8810.23 8812.6 8814.5 8815.41 8815.62
8782.51 8784.29 8785.85 8788.17 8790.77 8794.01 8797.49 8800.27 8802.93 8808.06 8816.12 8823.95 8828.38 8830.83 8834.02 8838.3 8849.24 8860.89 8866.04 8877.29 8889.03 8897.83 8908.66 8912.98 8913.76 8912.7 8909.46 8904.11 8896.48 8886.94 8876.22 8864.35 8851.23 8839.32 8829.63 8823.25 8819 8816.21 8814.03 8812.75 8811.73 8812.15 8811.87 8812.26 8812.69 8813.4 8813.7 8813.89 8814.69 8815.81 8814.59 8814.06 8814.81 8812.27 8808.17 8804.34 8801.11 8799.69 8801.69 8804.28 8807.21 8810.4 8813.74 8816.85 8820.1 8822.99 8825.86
8783.59 8784.4 8786.31 8788.55 8791.32 8794.48 8796.92 8800.62 8804.06 8809.35 8816.96 8824.46 8828.47 8830.75 8833.77 8838.55 8848.59 8860.87 8866.23 8877.83 8890.74 8900.12 8910.09 8915.18 8916.04 8915.18 8912.28 8907.33 8899.83 8889.36 8877.56 8864.84 8851.06 8838.18 8827.67 8822.8 8818.98 8816.28 8814.18 8813.04 8812.04 8812.39 8812.12 8812.6 8812.97 8813.8 8814.28 8815.22 8815.82 8817.58 8817.09 8816.43 8815.33 8812.38 8807.72 8803.82 8801.71 8800.94 8802.54 8805.57 8809.21 8813.27 8817.19 8821.79 8826.55 8831.14 8836.55
8782.47 8784.38 8786.72 8788.81 8791.16 8794.44 8797.62 8800.35 8803.83 8808.63 8815.88 8824.18 8826.93 8829.09 8832.18 8837.9 8848.63 8857.96 8864.06 8878.09 8891.93 8902.3 8912.77 8916.84 8918.16 8917.74 8915.31 8910.52 8902.65 8891.91 8879.4 8865.79 8851.6 8838.82 8828.98 8823.28 8819.2 8816.67 8814.65 8813.54 8812.73 8813.29 8813.08 8813.49 8814.08 8814.77 8815.32 8815.9 8816.86 8818.91 8818.9 8816.66 8816.22 8811.19 8806.57 8802.8 8800.14 8800.53 8803.24 8806.89 8811.3 8816.32 8821.03 8826.53 8832.36 8838.67 8844.54
8783.16 8783.94 8785.64 8787.61 8790.11 8792.89 8796.39 8800.48 8801.22 8804.76 8810.63 8818.28 8821.94 8825.76 8830.07 8834.75 8848.74 8856.39 8866.12 8878.87 8891.36 8901.93 8912.56 8917.35 8919.59 8920.05 8918.46 8914.37 8906.19 8894.5 8881.12 8866.92 8852.44 8839.57 8830.06 8824.22 8820.13 8817.35 8815.28 8814.15 8813.65 8813.59 8813.4 8813.75 8814.26 8814.72 8815.52 8816.57 8817.72 8819.67 8819.79 8818.45 8816.46 8809.98 8805.55 8801.77 8799.87 8800.64 8804.12 8808.59 8813.8 8819.72 8824.8 8830.7 8837.26 8844.08 8851.19
8782.65 8783.82 8785.34 8786.89 8788.38 8790.01 8792.54 8795.6 8796.01 8798.71 8802.53 8807.29 8814.99 8821.74 8828.98 8838.17 8845.68 8851.74 8869.43 8879.4 8889.92 8901.57 8910.27 8916.25 8920.14 8921.79 8921.32 8918.06 8909.43 8896.91 8882.85 8868.09 8853.43 8839.92 8830.82 8825.44 8821.44 8818.46 8816.38 8815.26 8814.69 8814.52 8814.23 8814.53 8815.52 8815.93 8816.45 8816.96 8820.35 8819.5 8819.25 8818.8 8815.42 8810.71 8805.12 8800.75 8798.34 8800.78 8805.51 8810.81 8816.7 8822.39 8828.24 8834.31 8840.59 8847.56 8855.32
8782.5 8783.4 8784.31 8785.19 8786.31 8787.55 8788.86 8789.24 8790.19 8792.44 8796.02 8801.3 8809.25 8817.59 8826.29 8836.19 8843.49 8850.52 8868.94 8877.34 8887.17 8900.27 8909.5 8915.43 8920 8922.94 8923.46 8920.21 8911.53 8898.78 8884.13 8869.04 8854.55 8841.7 8832.48 8826.75 8822.62 8819.64 8817.62 8816.27 8815.23 8814.77 8814.59 8814.92 8815.5 8816.14 8816.51 8816.92 8819.72 8818.41 8817.15 8817.08 8814.7 8810.29 8804.93 8800.49 8798.28 8802.12 8807.89 8813.99 8820.16 8825.66 8831.3 8836.51 8842.64 8848.25 8853.82
8782.22 8782.84 8783.08 8783.62 8784.24 8785.49 8787.05 8784.43 8783.83 8786.73 8790.92 8797.13 8804.65 8813.18 8821.79 8830.41 8838.76 8847.47 8861.94 8871.46 8881.61 8895.36 8905.96 8912.86 8918.91 8923.35 8925.3 8922.57 8913.26 8899.76 8884.66 8869.26 8854.85 8842.82 8833.85 8827.93 8823.83 8820.9 8819.06 8817.21 8816.18 8815.85 8815.27 8815.39 8815.29 8815.52 8816.1 8816.68 8819.03 8817.38 8815.81 8815.58 8813.29 8809.24 8805.84 8802.5 8800.47 8806.46 8812.34 8818.4 8823.75 8828.6 8833.97 8838.23 8841.92 8845.95 8849.02
8780.96 8781.31 8781.68 8781.78 8781.61 8781.56 8782.56 8780.83 8779.72 8782.61 8785.9 8792.34 8801 8809.46 8817.49 8824.16 8830.43 8839.42 8853.89 8864.12 8873.37 8888.87 8901.95 8909.58 8916.68 8922.7 8926.76 8925.64 8914.52 8899.84 8884.16 8868.7 8853.99 8840.25 8833.95 8829.03 8825.04 8822.6 8821 8819.77 8818.42 8817.87 8817.79 8816.7 8816.61 8816.53 8816.57 8816.2 8818.34 8816.73 8815.07 8814.38 8811.53 8809.29 8808.08 8809.35 8811.38 8814.63 8818.88 8823.49 8827.77 8832.59 8835.8 8839.11 8841.73 8843.51 8843.36
8780.56 8780.17 8780.36 8780 8779.44 8778.66 8778.19 8777.42 8778.47 8781.43 8784.96 8791.12 8799.16 8807.49 8815.36 8823.21 8831.3 8839.36 8851.12 8859.4 8866.58 8882.71 8896.99 8904.9 8912.84 8919.8 8925.63 8925.83 8913.02 8897.76 8882.23 8867.18 8853.51 8842.9 8834.61 8829.58 8826.03 8823.56 8822 8821.31 8819.85 8819.85 8819.71 8818.92 8817.74 8817.25 8816.77 8815.72 8817.43 8816.12 8813.65 8808.48 8808.58 8807.12 8809.27 8816.04 8821.5 8823.33 8826.23 8829.77 8832.72 8835.62 8838.42 8840.17 8841.26 8841.5 8840.21
8780.09 8779.48 8779.51 8779.01 8778.3 8776.94 8776.84 8778.4 8780.87 8781.93 8785.92 8791.43 8798.65 8806.69 8814.99 8823.4 8831.28 8840.46 8851.65 8858.33 8865.2 8878.62 8891.43 8900.08 8907.4 8913.95 8918.65 8917.52 8906.99 8893.2 8878.55 8864.37 8851.06 8840.41 8834.56 8830.11 8827.04 8824.87 8823.55 8822.54 8822.6 8821.86 8821.48 8820.71 8819.4 8818.43 8817.3 8815.95 8816.78 8814.88 8812.41 8809.98 8807.99 8806.49 8810.02 8818.7 8826.45 8831.09 8833.69 8835.75 8837.86 8839.36 8840.38 8840.99 8841.44 8840.72 8839.47
8779.47 8779.29 8779.34 8779.14 8778.88 8778.4 8777.06 8776.8 8778.97 8781.4 8785.91 8791.3 8798.81 8806.92 8815.39 8824.19 8833.6 8842.03 8850.56 8858.77 8866.96 8876.91 8886.69 8893.93 8900.77 8906.3 8909.18 8906.76 8898.57 8886.94 8873.81 8860.78 8848.77 8839.59 8834.21 8830.45 8827.87 8826.04 8825.42 8824.48 8824.05 8823.56 8823.1 8822.16 8821.15 8820.32 8818.76 8818.26 8816.74 8814.13 8812.05 8809.43 8808.63 8807.34 8812.48 8825.57 8834.41 8839.14 8841.25 8841.85 8842.65 8842.7 8843.2 8842.85 8841.99 8840.74 8838.97
8779.44 8779.11 8779.11 8778.97 8779.35 8780.2 8778.9 8779.27 8780.66 8782.2 8782.2 8791.57 8799.69 8807.77 8816.12 8824.46 8832.33 8843.37 8853.06 8860.83 8867.81 8875.74 8882.85 8887.98 8894.36 8898.91 8900.83 8897.89 8890.5 8880.63 8869.03 8856.8 8845.42 8837.74 8834.2 8831.64 8829.91 8828.71 8828.13 8827.48 8827.22 8826.61 8825.69 8824.6 8823.49 8822.03 8820.24 8818.78 8817.14 8814.39 8813.83 8814.34 8811.81 8814.49 8822.34 8838.78 8846.21 8848.11 8847.98 8847.43 8847.2 8845.95 8845.17 8844.05 8842.17 8840.29 8838.09
8779.27 8779.22 8778.88 8778.66 8778.43 8778.42 8778.63 8780.31 8785.32 8787.2 8791.23 8794.82 8801.53 8808.89 8817.09 8825.57 8835.65 8846.29 8856.77 8863.46 8868.83 8875.76 8881.98 8886.5 8890.78 8892.92 8892.47 8889.56 8883.73 8875.44 8865.23 8854.06 8843.29 8837.03 8834.83 8833.6 8832.68 8832.35 8832.02 8831.73 8831.95 8831.48 8831.14 8830.15 8828.83 8825.87 8823.33 8822.79 8818.98 8815.96 8816.33 8818.14 8822.15 8830.1 8842.45 8855.96 8858.78 8857.61 8855.51 8853.41 8850.99 8849.02 8846.6 8843.8 8841.72 8838.96 8835.97
8779.74 8779.7 8779.52 8778.92 8778.19 8777.66 8778.29 8780.98 8786.42 8788.91 8792.1 8797.12 8803.24 8810.42 8818.32 8826.63 8835.91 8848.24 8858.06 8864.02 8869.09 8876.05 8884.34 8888.88 8890.78 8889.4 8885.74 8883.4 8879.36 8872.4 8863.28 8853.01 8844.54 8838.87 8836.66 8835.88 8835.38 8835.55 8835.61 8836.66 8836.43 8837.01 8836.49 8835.78 8834.49 8831.51 8829.63 8828.73 8824.11 8820.79 8826.31 8831.6 8835.09 8847.65 8867.4 8870.38 8869.03 8866.02 8861.88 8858.4 8854.85 8851.69 8848.11 8844.59 8840.7 8836.77 8833.48
8780.23 8780.44 8780.47 8780.19 8779.8 8779.84 8780.78 8783.69 8787.49 8790.53 8794.03 8798.81 8804.78 8811.68 8819.42 8827.89 8837.46 8848.42 8856.57 8860.57 8865.4 8874.16 8883.21 8890.34 8892.65 8889.53 8883.5 8882.25 8878.74 8871.98 8863.17 8853.26 8845.38 8841.2 8839.49 8839.6 8839.65 8840.72 8841.14 8841.96 8841.94 8842.8 8842.39 8841.15 8840.26 8839.48 8838.13 8837.03 8834.42 8833.17 8841.24 8848.53 8853.88 8865.62 8879.45 8882.02 8876.47 8872.22 8867.55 8862.84 8858.53 8853.99 8849.98 8845.74 8841.26 8836.11 8830.7
8780.58 8781.21 8781.76 8782.39 8782.72 8783.69 8785.64 8789.28 8793.15 8793.84 8795.69 8799.98 8805.58 8812.23 8819.75 8828.39 8838.18 8848 8854.58 8857.05 8862.07 8871.51 8880.88 8890.21 8894.66 8894.16 8892.05 8887.59 8882.18 8874.54 8864.8 8854.9 8847.43 8844.22 8843.62 8844.33 8844.64 8845.57 8845.54 8846.55 8846.69 8846.62 8847.06 8846.74 8846.39 8846.02 8846.44 8848.08 8849.05 8851.35 8853.7 8862.51 8875.39 8886.08 8885.17 8883.87 8879.1 8874.95 8870.07 8865.58 8860.59 8855.88 8851.4 8845.97 8840.86 8835.02 8828.51
8781.01 8782.14 8783.45 8785 8786.22 8787.85 8790.52 8793.71 8795.78 8795.14 8796.84 8800.8 8806.02 8812.27 8819.33 8827.1 8836.31 8846.47 8853.82 8856.29 8860.46 8869.33 8879.25 8887.18 8892.77 8897.47 8899.43 8894.98 8888.25 8879.59 8869.03 8858.18 8850.53 8848.64 8849 8849.49 8850.78 8851.79 8851.3 8851.58 8851.69 8852.4 8852.81 8852.98 8852.95 8853.25 8854.33 8856.85 8861.31 8866.87 8868.9 8873.23 8880.79 8885.49 8883.69 8880.28 8877.86 8874.73 8870.62 8866.26 8862.42 8857.36 8851.79 8845.71 8840.57 8834.37 8827.6
8781.22 8782.53 8784.37 8787.03 8790.53 8790.92 8791.77 8794.23 8796.27 8795.85 8797.22 8800.93 8805.96 8811.85 8818.6 8825.95 8833.72 8841.94 8851.4 8858.4 8860.76 8867 8873.79 8880.25 8887.99 8899.16 8904.24 8901.87 8895.41 8886.56 8875.45 8864.21 8856.1 8855.67 8856.2 8856.44 8856.65 8857.47 8857.88 8858.57 8856.96 8857.42 8858.44 8859.12 8859.9 8860.46 8861.98 8862.86 8864.12 8869.04 8875.33 8878.05 8881.19 8882.14 8880.44 8877.13 8877.03 8875.02 8871.89 8868.04 8863.44 8855.98 8851.42 8846.26 8840.52 8834.46 8828.29
8780.91 8782.11 8783.98 8786.39 8788.71 8790.01 8790.88 8791.02 8791.89 8793.72 8796.44 8800.41 8805.3 8810.95 8817.18 8824.12 8831.66 8838.62 8846.87 8851.23 8859.19 8864.83 8870.45 8877.1 8887.8 8904.29 8912.21 8909.48 8903.05 8894.76 8884.94 8875.95 8869.06 8866.19 8865.28 8864.68 8864.24 8864.34 8864.42 8864.58 8864.61 8863.6 8864.24 8865.21 8866.45 8867.83 8868.93 8868.87 8864.09 8866.38 8872.67 8878.76 8880.94 8882.62 8882.54 8879.31 8877.34 8874.35 8870.98 8867.07 8862.8 8857.03 8852.73 8847.81 8842.44 8836.8 8830.69
8780.34 8781.62 8783.07 8784.59 8785.69 8786.86 8787.58 8787.51 8787.53 8790.65 8795.12 8799.79 8804.73 8810.15 8815.73 8821.7 8830.09 8840.53 8846 8851.52 8858.79 8863.31 8867.92 8874.46 8887.61 8910.53 8919.77 8916.03 8910.08 8903.08 8895.12 8888.43 8882.56 8877.77 8874.89 8872.78 8871.53 8870.42 8869.61 8868.79 8868.73 8869.45 8870.13 8870.87 8872.95 8875.27 8877.5 8879.9 8878.7 8879.01 8882.96 8881.09 8879.97 8877.1 8875.48 8878.8 8877.76 8874.82 8871.15 8867.44 8863.36 8857.87 8853.32 8848.72 8844.45 8839.93 8834.37
8779.78 8780.88 8781.97 8782.88 8783.79 8784.39 8784.84 8785.74 8787.01 8790.53 8794.87 8799.66 8804.65 8809.86 8814.98 8820.52 8827.85 8835.11 8844.66 8851.86 8858.74 8862.34 8866.22 8871.54 8882.67 8908.6 8920.02 8918.57 8914.81 8910 8904.22 8899.04 8893.55 8887.9 8883.47 8879.86 8877.22 8875.29 8873.36 8872.56 8872.39 8872.49 8874.17 8875.6 8877.72 8881.33 8885.3 8892.24 8899.3 8890.97 8883.23 8883.31 8881.54 8876.17 8875 8880.09 8878.42 8874.8 8871.04 8867.23 8863.23 8859.48 8855.16 8850.75 8846.66 8842.66 8838.96
