real_craters/C074-300m.grd
DSAA
189 189
-28.21 28.21
-28.21 28.21
8016.9705130706 9186.9529476599
[rows 150 to 179 of 189, columns 0 to 66 of 189]
8792.68 8784.99 8775 8763.99 8752.16 8744.44 8742.61 8740.92 8737.17 8732.08 8726.64 8721.15 8716.16 8712.46 8711.82 8713.84 8717.04 8720.54 8724.36 8728.7 8732.6 8736.5 8739.92 8743.12 8745.93 8748.64 8751.13 8753.62 8756.47 8762.75 8771.52 8779.15 8785.6 8791.69 8796.74 8797.4 8798.47 8799.62 8800.5 8799.18 8798.26 8797.38 8796.06 8795.09 8794.37 8793.84 8792.9 8791.9 8791.3 8790.7 8788.75 8788.09 8786.96 8785.61 8784.99 8784.1 8782.29 8781.16 8779.73 8777.88 8775.82 8773.08 8769.27 8765.09 8768.47 8780.21 8799.24
8791.93 8783.42 8772.32 8760.37 8748.74 8740.43 8738.91 8737.33 8733.19 8728.39 8723.22 8718.12 8713.78 8710.82 8710.68 8712.71 8715.79 8719.77 8724.36 8729.21 8731.42 8733.6 8736.63 8740.01 8743.08 8745.97 8748.85 8751.83 8755.56 8762.17 8771 8778.25 8784.1 8789.63 8794.4 8797.63 8801.88 8802.01 8800.74 8799.98 8798.99 8798.09 8796.5 8795.71 8794.79 8793.83 8793.1 8792.34 8791.68 8790.65 8790.16 8789.58 8787.33 8787.2 8786.3 8785.23 8783.92 8781.32 8779.68 8777.72 8775.6 8772.8 8769.38 8766.16 8764.18 8767.09 8775.44
8789.67 8780.71 8770.26 8758.91 8747.1 8739.1 8736.23 8733.91 8730.2 8725.75 8720.78 8716.08 8712.29 8709.92 8710.29 8712.32 8715.62 8719.64 8723.99 8728.25 8729.06 8731.07 8734.45 8737.81 8740.91 8744.05 8747.21 8750.62 8754.58 8761.11 8769.23 8776.31 8781.64 8786.9 8792.34 8798.87 8803.16 8802.49 8801.18 8800.52 8799.71 8799.05 8798.57 8796.5 8795.35 8794.05 8793.18 8792.25 8791.66 8790.72 8790 8789.49 8788.17 8786.91 8786.43 8785.47 8784.77 8783.32 8783.04 8780.85 8778.02 8774.83 8772.15 8769.74 8766.7 8765.46 8765
8787.55 8777.85 8767.67 8756.4 8744.92 8736.68 8734.13 8731.89 8728.2 8723.83 8718.86 8714.05 8711.07 8711.6 8710.06 8712.23 8715.91 8719.93 8723.65 8726.55 8728.2 8729.78 8732.78 8736.03 8739.25 8742.52 8745.92 8749.56 8753.92 8759.45 8766.08 8772.71 8778.44 8783.61 8788.69 8796.65 8802.39 8801.71 8801.41 8801.34 8800.28 8798.66 8797.4 8796.04 8795.12 8794.03 8793.25 8792.42 8791.67 8790.98 8790.3 8789.61 8789.28 8788.56 8788.15 8788.12 8787.05 8785.71 8784.11 8781.43 8779.52 8777.54 8775.11 8773.01 8771.66 8770.3 8764.42
8786.95 8776.85 8764.71 8752.78 8741.98 8733.6 8731.45 8730.12 8727.25 8723.26 8718.42 8712.44 8704.75 8701.57 8707.51 8712.41 8716.93 8721.12 8724.7 8727.16 8728.9 8729.57 8732.28 8735.07 8737.92 8741.21 8744.79 8748.62 8752.7 8757.21 8763.11 8769.69 8775.57 8780.55 8785.12 8792.24 8800.42 8802.96 8803.91 8803.07 8800.8 8797.82 8795.16 8794.98 8794.76 8794.39 8794 8793.54 8793.28 8792.98 8792.52 8792.18 8791.75 8791.34 8790.33 8789.61 8787.41 8786.36 8785.18 8783.12 8781.75 8780.42 8779.13 8777.6 8776.22 8774.95 8766.99
8786.88 8776.85 8763.03 8750.53 8740.29 8731.87 8731 8730.42 8728.07 8724.63 8720.31 8715.19 8708.5 8703.68 8709.51 8714.62 8718.87 8723.01 8727.33 8732.11 8734.15 8732.18 8732.72 8734.77 8737.41 8740.55 8744.27 8747.93 8751.86 8756.25 8761.45 8768.04 8773.66 8778.75 8783.39 8787.81 8794.28 8805.75 8807.75 8805.37 8801.82 8798.09 8795.55 8794.84 8794.9 8795.02 8794.79 8794.57 8794.31 8794.46 8794.07 8793.28 8792.76 8791.97 8791.24 8790.65 8789.56 8788.06 8787.16 8786.44 8784.93 8783.37 8782.33 8781 8778.96 8776.15 8769.97
8786.29 8777.42 8762.83 8750.5 8740.56 8733.13 8734.31 8733.03 8730.16 8727.12 8724.05 8721.47 8720.46 8719.11 8717.41 8719.13 8721.84 8725.06 8728.67 8733.39 8736.66 8733.41 8732.58 8734.32 8737.19 8740.47 8744.08 8747.75 8751.5 8755.18 8760.88 8766.99 8772.65 8777.93 8782.82 8786.09 8790.48 8808.06 8810.35 8806.9 8802.71 8798.4 8795.91 8795.63 8795.86 8795.64 8795.46 8795.39 8795.14 8794.82 8795 8794.55 8794.02 8793.41 8792.15 8791.49 8791.24 8789.65 8789.08 8788.73 8787.71 8786.36 8784.38 8782.88 8780.88 8777.47 8772.23
8784.08 8773.97 8762.53 8752.27 8742.79 8735.9 8739.81 8735.83 8732.45 8729.82 8728.03 8726.91 8726.74 8725.32 8723.6 8723.47 8724.66 8726.48 8728.7 8730.38 8730.17 8729.56 8730.66 8733.38 8736.82 8740.49 8744.23 8748.08 8752.14 8756.91 8762.54 8767.13 8772.49 8777.77 8782.56 8786.27 8789.44 8811.12 8809.66 8806.31 8803.15 8800.38 8798.14 8797.12 8797.04 8796.72 8796.71 8796.72 8796.73 8796.44 8795.99 8795.8 8795.29 8794.52 8794.08 8792.85 8791.91 8791.41 8790.98 8790.7 8790.27 8789.59 8788.15 8785.88 8783.15 8780.18 8775.44
8782.76 8774.01 8766.58 8756.29 8746.27 8737.52 8739.07 8736.28 8733.91 8732.19 8731.14 8730.67 8730.69 8729.3 8727.56 8726.76 8726.86 8727.5 8728.17 8728.45 8727.73 8725.15 8728.69 8732.87 8736.98 8740.98 8744.87 8748.8 8753 8758.02 8763.81 8768.22 8773.43 8778.06 8781.84 8784.49 8786.52 8798.19 8803.04 8802.99 8802.02 8801.22 8799.85 8798.32 8798.14 8798.15 8798.11 8797.96 8797.63 8797.45 8797.05 8795.84 8795.34 8794.64 8794.15 8794.02 8793.78 8793.38 8792.96 8792.96 8792.87 8792.91 8791.74 8788.9 8785.17 8781.51 8777.41
8782.69 8776.98 8770.5 8760.64 8751.11 8743.41 8736.87 8735.5 8734.81 8733.86 8733.38 8733.21 8732.83 8731.58 8730.14 8729.02 8728.5 8728.28 8727.96 8726.92 8725.58 8725.7 8729.09 8733.51 8737.82 8741.95 8745.86 8749.72 8753.62 8757.87 8763.67 8770.54 8775.83 8779.07 8781.52 8783.21 8783.49 8789.44 8795.98 8798.87 8799.59 8799.18 8799.19 8798.97 8798.69 8798.66 8798.54 8798.18 8797.84 8797.21 8796.75 8796.23 8796.14 8795.73 8795.29 8794.75 8794.3 8794.2 8794.78 8794.49 8794.96 8795.88 8795.71 8791.15 8786.24 8781.96 8778.59
8782.84 8778.25 8771.92 8763.81 8755.62 8748.74 8738.25 8736.61 8736.2 8735.65 8735.31 8735.42 8735.43 8733.51 8731.81 8730.47 8729.66 8729.11 8728.6 8726.59 8724.92 8726.99 8731.15 8735.44 8739.6 8743.66 8747.46 8751.19 8754.83 8758.4 8764.21 8772.24 8777.61 8780.15 8781.72 8782.75 8782.42 8786.13 8792.38 8796.02 8797.66 8797.92 8798.91 8799.47 8799.48 8799.48 8799.3 8798.79 8798.38 8797.97 8797.81 8797.35 8797.63 8797.41 8796.98 8796.53 8796.06 8795.66 8795.35 8795.2 8795.43 8795.89 8795.68 8791.17 8786.13 8781.6 8778.43
8783.72 8780.91 8774.28 8766.83 8758.89 8751.02 8744.82 8740.52 8738.84 8737.83 8736.99 8736.59 8736.37 8734.48 8732.85 8731.41 8730.4 8729.78 8729.34 8726.98 8724.03 8727.62 8733.75 8738.32 8742.28 8746.12 8749.76 8753.39 8757.12 8761.18 8766.53 8773.43 8779.1 8781.59 8782.47 8782.81 8784.23 8787.91 8792.84 8795.79 8797.44 8798.08 8799.4 8799.93 8800.49 8800.78 8800.6 8799.95 8799.44 8800.72 8798.84 8799.72 8799.97 8799.43 8798.86 8798.63 8797.92 8797.2 8796.42 8795.36 8794.17 8793.03 8791.37 8788.96 8785.43 8781.76 8778.71
8784.68 8782.8 8777.17 8769.77 8762.2 8754.55 8748.18 8744.91 8742.44 8740.39 8738.57 8736.91 8735.39 8734.69 8733.6 8732.31 8731.11 8730.15 8729.77 8728.92 8729.1 8732.83 8738.19 8742.17 8745.75 8749.28 8752.78 8756.38 8760.1 8764.35 8769.17 8775.72 8781.57 8783.44 8784.34 8784.13 8788.69 8793.84 8796.03 8797.61 8798.88 8799.4 8801.15 8802 8802.77 8802.55 8802.27 8802.9 8802.02 8802.11 8802.29 8801.84 8801.59 8801.1 8800.48 8799.6 8798.85 8797.75 8796.69 8795.19 8792.86 8790.44 8788.38 8786.95 8784.87 8783.44 8784.33
8785.77 8782.84 8778.55 8772.24 8766.06 8760.1 8754.56 8750.01 8745.94 8742.9 8740.51 8738.45 8736.64 8735.94 8734.8 8733.38 8731.86 8730.43 8729.9 8731.57 8734.1 8738.81 8743.98 8746.41 8749.51 8752.66 8756.05 8759.55 8763.09 8767.07 8771.78 8778.22 8783.47 8784.91 8785.1 8784.02 8789.65 8797.57 8799.29 8800.73 8802.48 8803.03 8803.87 8804.25 8804.13 8804.01 8803.82 8803.5 8803.74 8803.34 8802.84 8802.37 8802.04 8801.52 8800.92 8799.9 8799.31 8798.09 8796.43 8794.72 8792.35 8789.66 8787.43 8785.85 8784.12 8783.11 8783.11
8787.4 8784.12 8777.83 8775.08 8771.28 8763.5 8761.52 8754.88 8748.93 8745.31 8743.01 8741.13 8739.36 8737.89 8736.54 8735.09 8733.57 8732.45 8732.65 8735.4 8739.17 8743.3 8746.55 8749.95 8753.22 8756.55 8759.83 8763.01 8766.63 8769.87 8773.65 8780.79 8785.63 8786.3 8785.05 8786.18 8792.83 8797.83 8800.78 8803.59 8806.8 8807.61 8806.67 8806.05 8805.42 8804.55 8804.71 8804.21 8803.95 8803.56 8803.18 8802.86 8802.57 8801.76 8801.47 8800.59 8799.73 8798.7 8796.99 8795.11 8792.58 8790.23 8787.67 8785.49 8783.14 8780.67 8777.37
8789.51 8787.13 8781.12 8780.95 8780.26 8776.63 8763.89 8755.03 8750.49 8747.54 8745.64 8744.05 8742.39 8740.6 8738.91 8737.44 8736.29 8735.52 8736.75 8740.11 8744.23 8747.75 8749.94 8753.66 8757.42 8760.7 8763.92 8766.96 8770.16 8773.49 8777.89 8783.71 8787.73 8788.27 8787.77 8789.74 8794.69 8797.58 8800.76 8804.89 8809.77 8810.13 8808 8806.49 8805.87 8805.03 8804.5 8804.38 8803.94 8803.6 8803.42 8803 8802.62 8802.28 8801.87 8800.87 8800.45 8799.56 8798.32 8796.39 8793.4 8790.13 8787.91 8785.75 8782.91 8779.44 8775.51
8791.04 8789.95 8789.82 8788.2 8786.73 8781.88 8765.89 8755.4 8751.86 8749.49 8748.29 8747.9 8745.81 8743.63 8741.97 8740.66 8739.95 8739.85 8741.5 8745.2 8749.72 8754.09 8755.49 8758.35 8761.52 8764.66 8767.52 8770.4 8773.44 8776.74 8780.48 8785.21 8787.76 8789.73 8791.74 8792.97 8795.7 8796.4 8798.9 8803.29 8809.12 8809.27 8807.04 8805.62 8805.09 8804.56 8804.15 8803.79 8803.49 8803.12 8803.46 8802.65 8802.36 8802.1 8802.15 8801.84 8801.72 8801.11 8800.42 8798.93 8795.97 8791.05 8789.63 8787.37 8784.09 8780.45 8777.33
8792.21 8790.81 8792.24 8791.08 8787.37 8779.95 8769.81 8760.42 8754.18 8751.37 8750.13 8750.34 8748.51 8746.68 8745.43 8744.54 8744.12 8744.9 8746.93 8750.27 8754.58 8758.89 8760.59 8763.23 8766.17 8768.9 8771.62 8774.03 8776.69 8779.66 8783.33 8786.5 8787.87 8790.2 8794.07 8794.76 8795.48 8795.14 8796.34 8798.84 8801.85 8803.81 8804.16 8804.25 8804.07 8803.92 8803.67 8803.52 8803.36 8802.85 8802.6 8802.61 8802.74 8802.58 8802.82 8802.81 8802.71 8802.54 8802.33 8802.03 8802.31 8800.48 8794.99 8790.28 8786.18 8782.51 8780.14
8795.08 8793.32 8790.96 8791.4 8793.21 8785.89 8772.36 8760.21 8756.24 8753.48 8751.2 8749.71 8750 8749.84 8749.32 8748.66 8748.35 8748.89 8751.41 8754.95 8758.84 8762.55 8765.65 8768.45 8771.01 8773.27 8775.28 8777.36 8779.4 8781.87 8784.74 8787.36 8784.05 8785.33 8793.33 8794.53 8794.86 8794.41 8794.56 8795.22 8795.58 8798.81 8801.03 8802.43 8802.84 8803.27 8803.33 8803.18 8803.06 8802.95 8803.19 8803 8803.14 8803.02 8802.97 8803.02 8803.27 8803.27 8803.7 8803.94 8805.34 8805.77 8798.74 8792.84 8787.99 8784.25 8782.22
8797.49 8795.96 8793.64 8794.37 8797.28 8790.02 8776.33 8764.92 8760.3 8757.39 8754.5 8752.56 8753.6 8754.26 8754.2 8753.75 8753.22 8753.42 8756.2 8759.88 8763.48 8766.3 8770.33 8773.66 8775.93 8777.78 8779.37 8780.8 8782.2 8783.42 8784.66 8786.93 8783.43 8785.22 8792.44 8794.7 8794.71 8795.23 8795.71 8794.66 8795.02 8797.01 8799.12 8801.11 8802.02 8802.49 8802.73 8802.96 8802.97 8803.23 8803.26 8803.82 8803.23 8803.28 8803.24 8803.06 8803.22 8803.44 8803.49 8803.95 8803.29 8801.22 8798.08 8793.38 8788.66 8784.71 8781.95
8798.66 8796.75 8795.33 8795.75 8795.93 8791.14 8781.13 8771.67 8766.8 8763.85 8761.19 8759.58 8760.04 8760.46 8760.46 8760.14 8759.46 8759.55 8762.23 8765.56 8768.93 8772.81 8776.57 8779.26 8780.86 8782.08 8783.28 8784.22 8785.02 8785.6 8785.88 8787.57 8790.6 8792.59 8792.97 8795.26 8796.97 8798.05 8798.01 8795.81 8794.96 8796.9 8798.71 8800.55 8801.31 8801.85 8802.33 8802.51 8802.57 8803.15 8803.12 8803.2 8803.23 8803.18 8803.12 8803.07 8802.96 8803 8802.64 8803.32 8803.36 8801.13 8797.13 8792.73 8788.22 8784.02 8780.15
8800.03 8797.82 8795.69 8794.32 8798.99 8793.76 8785.9 8778.47 8774.52 8772.51 8770.66 8769.07 8768.6 8768.03 8767.63 8767.46 8767.34 8767.64 8769.42 8771.82 8774.52 8776.78 8780.36 8784.63 8785.3 8786.09 8786.88 8787.75 8788.36 8788.49 8788.34 8789.68 8792.97 8792.51 8793.94 8797.64 8799.84 8800.26 8800.46 8798.88 8798.1 8798.58 8799.28 8800.62 8801.34 8802.05 8802.39 8802.56 8802.26 8802.13 8802.58 8802.44 8802.6 8802.29 8802.06 8802.04 8802.22 8802.06 8801.31 8801.86 8802.89 8800.63 8795.87 8791.59 8787.39 8783.3 8779.28
8801 8799.36 8798.87 8799.27 8800.59 8796.48 8790.52 8785.11 8782.44 8782.14 8782.64 8780.71 8777.8 8775.82 8774.9 8774.83 8775.8 8776.52 8776.64 8777.9 8780.15 8783.56 8787.44 8787.76 8788.69 8789.82 8790.92 8791.98 8792.69 8793.04 8792.85 8793.65 8796.58 8795.67 8800.14 8805.01 8808.3 8806.54 8804.64 8802.72 8801.14 8799.5 8798.55 8798.73 8798.8 8801.98 8802.22 8802.21 8802.35 8802.3 8802.34 8802.25 8802.28 8802.24 8801.96 8801.48 8801.26 8801.01 8799.42 8798.77 8797.86 8796.43 8793.6 8790.13 8786.64 8783.14 8779.96
8801.17 8801.44 8802.91 8803.71 8801.49 8799 8794.61 8790.62 8789.14 8790.24 8792.75 8790.12 8785.46 8782.48 8781.05 8781 8782.09 8782.73 8782.31 8782.97 8784.63 8786.96 8788.94 8789.92 8791.27 8792.72 8794.19 8795.29 8796.69 8797.95 8798.99 8799.85 8800.86 8801.58 8813.9 8830.69 8821.98 8814.5 8809.35 8806.18 8803.61 8800.38 8798.94 8798.62 8798.16 8798.87 8798.94 8799.03 8798.8 8798.82 8799.63 8803.26 8803.26 8802.82 8802.32 8801.69 8801.13 8799.81 8797.53 8795.75 8793.16 8792.45 8791.25 8788.63 8785.93 8783.16 8781
8802.44 8804.23 8806.61 8810.01 8807.57 8801.68 8798.08 8795.5 8794.57 8795.01 8795.89 8793.79 8790.3 8787.36 8785.65 8785.2 8785.96 8786.14 8786.02 8786.63 8787.85 8789.22 8790.33 8792.2 8793.65 8795.53 8797.19 8799.58 8801.76 8803.99 8806.5 8809.23 8807.96 8808.3 8820.61 8834.2 8829.19 8821.54 8812.4 8808.87 8805.49 8802.06 8800.2 8799.76 8799.15 8799.41 8800.02 8800.05 8800.36 8800.33 8800.39 8800.27 8800.75 8800.56 8800.32 8799.57 8799.47 8798.38 8796.55 8794.55 8792.32 8791.27 8790.19 8788.09 8785.91 8783.5 8781.59
8807.55 8807.64 8808.12 8807.09 8803.35 8802.03 8800.45 8799.69 8799.26 8797.81 8796.31 8795.35 8793.16 8790.69 8788.71 8787.61 8787.52 8787.89 8788.37 8789.29 8790.5 8791.69 8793.16 8794.62 8796.57 8799.56 8802.3 8804.78 8807.53 8810.97 8814.43 8817.59 8819.08 8820.25 8828.53 8835.44 8832.62 8817.54 8812.28 8810.12 8806.35 8803.48 8802.06 8802.12 8801.62 8801.41 8802.18 8802 8802.28 8801.94 8802.18 8798.65 8801.96 8799.59 8798.92 8798.58 8798.31 8797.97 8796.54 8794.7 8792.29 8791.39 8789.96 8787.63 8785.73 8783.57 8781.72
8810.49 8810.12 8809.57 8807.25 8802.59 8802.26 8801.92 8801.34 8800.49 8800.2 8799.29 8797.62 8795.56 8793.34 8791.01 8789.08 8788.08 8788.65 8789.86 8791.23 8792.62 8794.04 8795.25 8796.74 8799.42 8802.35 8805.65 8809.16 8812.37 8816.12 8819.46 8821.62 8822.45 8829.64 8854.65 8855.4 8845.2 8831.28 8822.83 8811.79 8805.82 8802.95 8801.31 8801.59 8801.3 8801.09 8803.98 8803.89 8803.59 8803.06 8802.89 8802.43 8803.14 8801.94 8800.87 8799.83 8799.23 8798.34 8797.37 8797.04 8795.19 8792.77 8789.81 8787.86 8786.04 8784.54 8782.64
8811.06 8811.39 8811.48 8810.66 8804.59 8803.98 8803.66 8802.95 8801.95 8802.41 8802.12 8800.04 8798.02 8795.8 8793.22 8790.5 8789.1 8789.87 8791.37 8792.92 8794.5 8796.46 8798.81 8800.48 8802.59 8805.42 8808.82 8813.02 8817.69 8821.97 8823.94 8826.76 8828.4 8841.2 8850.71 8850.48 8852.97 8865.24 8843.8 8812.5 8803.9 8801.1 8799.31 8799.54 8799.51 8799.56 8801.26 8801.32 8801.2 8801.59 8801.07 8800.59 8798.02 8797.77 8797.38 8796.89 8796.64 8796.59 8797.32 8798.05 8797.33 8793.55 8790.29 8788.44 8787.11 8786.16 8785.16
8810.45 8811.86 8812.57 8811.12 8808.11 8806.32 8806 8806.09 8806.13 8804.09 8802.62 8801.76 8800.68 8799.13 8796.75 8793.18 8790.35 8792.51 8794.38 8795.82 8797.22 8799.14 8802.01 8803.12 8804.97 8808.61 8813.7 8818.4 8823.04 8824.03 8829.33 8839.7 8843.31 8816.51 8830.67 8828.39 8839.01 8849.13 8835.01 8813.05 8807.83 8806.48 8807.4 8807.97 8809.35 8809.84 8805.65 8804.95 8804.47 8804.82 8801.12 8800.42 8799.79 8798.93 8797.73 8796.9 8796.76 8795.58 8796.45 8795.19 8794.01 8792.44 8789.82 8788.56 8787.77 8787.68 8787.65
8809.97 8812.27 8813.99 8813.73 8809.13 8808.14 8808.22 8808.84 8809.35 8805.96 8803.65 8804.01 8803.9 8803.37 8802.21 8800.1 8798.11 8798.91 8799.69 8800.21 8800.78 8801.68 8803.84 8806.83 8810.08 8813.9 8820.27 8825.91 8829 8826.14 8820.7 8803.6 8735.23 8699.88 8731.97 8783.43 8816.79 8828.51 8822.06 8816.88 8813.35 8813.56 8814.83 8816.04 8816.78 8815.89 8815.57 8814.8 8813.51 8812.08 8808.6 8807.77 8805.94 8803.62 8803.52 8801.26 8799.7 8796.44 8796.39 8794.15 8792.45 8791.16 8788.71 8788.02 8787.81 8788.63 8788.85
