real_craters/C074-500m.grd
DSAA
114 114
-28.21 28.21
-28.21 28.21
8010.2009450502 9187.4606458843
[rows 30 to 59 of 114, columns 0 to 66 of 114]
8779.43 8779.04 8778.94 8780.3 8778.69 8781.02 8781.34 8796.72 8810.25 8824.2 8839.47 8855.17 8867.44 8880.64 8890.19 8899.37 8900.46 8888.62 8870.08 8849.96 8836.55 8831.65 8828.95 8827.7 8826.99 8826.47 8824.07 8821.89 8818.82 8816.36 8813.62 8812.04 8814.35 8836.02 8846.69 8847.21 8846.9 8844.8 8843.59 8840.6 8837.14 8833.5 8824.34 8815.36 8805.76 8797.58 8790.71 8791.53 8792.41 8790.64 8783.16 8783.12 8782.76 8781.88 8780.8 8778.75 8777.52 8777.92 8779.1 8780.15 8781.22 8782.82 8787 8795.46 8804.53 8819.9 8838.01
8779.3 8779.25 8778.66 8777.46 8779.59 8787.03 8791.79 8800.1 8812.31 8825.96 8843.76 8860.34 8869.32 8880.97 8888.48 8890.59 8886.59 8878.99 8864.44 8847.21 8837.13 8834.78 8834.16 8833.91 8834.9 8834.05 8833.33 8829.61 8826.18 8820.71 8820.67 8827.15 8844.71 8865.22 8863.94 8858.88 8853.73 8848.96 8843.19 8837.92 8832.45 8827.62 8818.45 8811.1 8805 8802.34 8798.11 8793.38 8789.68 8787.95 8787.42 8786.35 8786.32 8785.53 8783.42 8780.88 8778.77 8780.19 8782.12 8782.73 8783.25 8783.72 8784.59 8787.12 8802.84 8819.17 8836.12
8780.18 8780.6 8780.6 8780.67 8783.1 8788.93 8794.38 8802.8 8814.15 8827.88 8844.59 8857.47 8864.28 8879.27 8892.22 8890.48 8883.34 8877.53 8863.94 8848.42 8841.38 8840.49 8840.61 8841.45 8842.67 8843.38 8842.15 8840.83 8839.84 8837.29 8843.79 8856.37 8874.38 8885.08 8874.78 8867.03 8859.74 8852.02 8844.87 8836.62 8826.93 8815.86 8809.05 8805.41 8802.44 8800.65 8799.18 8795.4 8793.09 8791.94 8790.13 8791.35 8791.88 8791.68 8789.39 8786.13 8786.54 8788.59 8789.68 8789.04 8788.06 8786.92 8786.77 8790.17 8802.09 8817.16 8832.38
8780.96 8782.84 8785.07 8787.44 8792.33 8795.65 8796.72 8804 8814.41 8827.07 8843.3 8855.37 8860.17 8875.76 8889.59 8897.17 8896.49 8885.35 8869.08 8852.39 8847.97 8848.9 8851.08 8850.86 8851.18 8851.13 8852.39 8852.51 8855.34 8862.06 8867.25 8876.99 8885.7 8880.86 8876.73 8869.61 8862.69 8854.02 8844.74 8835.4 8823.75 8809.81 8802.47 8801.72 8799.87 8796.77 8796.19 8796.7 8796.75 8795.15 8795.07 8797.29 8800.24 8802.01 8802.19 8800.92 8803.55 8802.75 8800.49 8798.23 8796.13 8793.67 8791.91 8793.93 8803.64 8816.3 8830.35
8781.09 8783.64 8788.2 8791.07 8792.09 8794.69 8796.87 8803.74 8813.35 8824.9 8836.84 8851.7 8859.82 8869.51 8880.03 8901.05 8907.69 8897.43 8881.13 8863.95 8861.21 8861.15 8861.73 8862.05 8862.41 8861.59 8862.94 8864.95 8866.33 8862.48 8873.5 8880.23 8882.89 8879.06 8876.73 8870.63 8862.94 8853.77 8845.32 8836.76 8825.19 8813.18 8806.31 8805.9 8802.77 8797.37 8798.4 8800.2 8799.58 8795.2 8797.55 8805.73 8811 8815.07 8819.31 8823.91 8823.99 8818.59 8813.81 8809.56 8805.87 8802.12 8798.89 8799.51 8805.2 8816.66 8830.1
8780.18 8782.33 8784.8 8786.26 8786.97 8787.97 8794.89 8802.91 8811.75 8820.96 8835.88 8847.35 8858.68 8865.73 8876.67 8910.44 8918.83 8909.58 8897.69 8887.42 8879.21 8874.39 8871.78 8870.07 8869.73 8870.8 8871.99 8876.74 8881.93 8884.24 8885.66 8880.9 8874.7 8878.25 8876.85 8870.52 8863.67 8855.68 8848.3 8840.87 8832.84 8826.07 8821.25 8815.32 8811.8 8809.72 8807.76 8808.17 8808.39 8809.33 8811.61 8817.21 8822.3 8827.22 8833.35 8840.66 8838.55 8832.21 8825.95 8820.82 8817.22 8812.38 8809 8801.75 8808.85 8819.49 8829.95
8779.31 8781.02 8782.03 8783.05 8784.86 8788.59 8795.18 8803.38 8811.87 8820.63 8831.19 8844.92 8857.59 8863.71 8872.97 8899.08 8916.94 8916.58 8911.35 8904.08 8894.18 8885.82 8880.36 8877.2 8875.54 8876.56 8878.91 8884.06 8892.88 8904.22 8888.84 8884.42 8892.13 8881.13 8877.02 8869.08 8862.19 8856.23 8851.25 8846.31 8841.74 8837.02 8834.47 8827.67 8823.27 8819.03 8819.11 8819.56 8819.32 8817.24 8824.37 8831.26 8834.35 8838.24 8842.73 8846.37 8843.52 8844.7 8840.74 8835.98 8828.65 8824.28 8822.35 8823.7 8824.4 8825.08 8829.56
8779.07 8781.04 8782.64 8785.19 8787.94 8791.44 8797.41 8806.12 8814.87 8824.92 8835.26 8844.8 8856.18 8861.42 8867.27 8894.62 8912.59 8918.83 8919.55 8914.84 8903.92 8894.7 8887.52 8882.36 8879.68 8878.89 8879.68 8883.19 8887.43 8888.85 8886.53 8880.61 8872.06 8877.34 8873.09 8865.37 8860.47 8857.48 8854.51 8852.83 8850.78 8848.16 8841.08 8842.96 8838.51 8833.03 8831.42 8830.92 8832.01 8836.55 8849.72 8844 8847.27 8855.14 8856.83 8855.88 8863 8860.25 8856.41 8846.39 8840.6 8835.84 8834.36 8838.2 8835.37 8829.55 8829.47
8780.36 8782.47 8785.12 8792.1 8794.47 8797.14 8801.8 8811.18 8820.1 8829.02 8839.35 8850.1 8858.71 8862.59 8871.56 8894.98 8911.24 8918.55 8919.43 8914.96 8906.12 8896.62 8888.99 8883.64 8878.9 8876.87 8875.6 8874.99 8875.28 8872.37 8869.56 8869.32 8873.25 8861.19 8859.76 8858.95 8857.7 8856.94 8857 8858.84 8861.08 8864.72 8870.62 8868.09 8860.12 8851.12 8847.92 8843.26 8840.88 8842.18 8836.72 8848.75 8870.33 8880.04 8880.03 8872.85 8865.65 8871.13 8861.43 8853.56 8846.62 8842.98 8839.76 8837.11 8833.36 8830.19 8829.89
8782.08 8784.54 8787.51 8792.59 8798.02 8803.1 8810.34 8818.69 8828.5 8836.88 8843.82 8852.99 8862.22 8866.03 8872.58 8895.45 8910.72 8916.28 8917.11 8912.02 8903.17 8895.27 8886.52 8880.59 8875.04 8870.38 8866.64 8864.94 8862.72 8857.27 8852.35 8849.3 8842.26 8836.77 8841.61 8848.98 8852.46 8854.96 8857.7 8861.89 8868.06 8877.22 8887.7 8888.72 8886.68 8880.5 8867.84 8857.21 8846.55 8840.64 8832.15 8865.12 8897.19 8907.44 8907.52 8886.28 8869.79 8879.88 8863.74 8851.89 8847.06 8845.96 8844.37 8835.78 8830.29 8832.93 8838.34
8784.73 8786.92 8790.71 8794.58 8802.3 8811.54 8818.04 8826.98 8835.5 8842.89 8849.06 8853.34 8864.73 8870.09 8876.03 8899.67 8911.07 8911.98 8912 8905.37 8896.91 8888.55 8881.17 8875.03 8868.7 8862.81 8857.26 8852.99 8848.35 8839.41 8834.12 8830.38 8827.35 8827.88 8837.64 8843.01 8846.49 8850.23 8853.72 8859.6 8867.87 8878.66 8891.63 8894.3 8894.49 8896.19 8896.19 8891.35 8871.2 8860.4 8901.54 8938.1 8941.69 8930.56 8932.72 8960.35 8951.4 8886.85 8850.24 8837.78 8841.36 8847.79 8857.62 8859.13 8855.22 8865.9 8860.48
8788.18 8790.1 8795.17 8802.4 8809.86 8820.79 8831.41 8836.84 8841.88 8847.77 8852.96 8859.26 8866.7 8875.79 8884.89 8907.35 8907.66 8899.93 8890.32 8890.14 8885.12 8879.61 8872.6 8865.97 8859.16 8852.24 8845.85 8838.82 8831.65 8819.94 8819.97 8818.71 8811.21 8816.88 8838.6 8836.63 8839.34 8843.32 8848.82 8854.92 8862.79 8870.91 8880.76 8882.08 8878.69 8898.19 8927.65 8951.03 8952.58 8966.98 9042.33 9061.85 8973.13 8909.7 8888.22 8914.85 8894.7 8823.24 8795.62 8798.65 8817.31 8844.29 8877.32 8908.26 8929.46 8919.95 8885.87
8792.3 8794.51 8802.29 8812.7 8822.22 8834.7 8843.92 8847.09 8849.85 8853.3 8858.31 8863.77 8867.21 8883.1 8905.89 8902.33 8888.71 8884.72 8879.64 8875.92 8873.14 8868.92 8863.17 8856.98 8849.74 8842.23 8834.13 8825.29 8817.04 8814.94 8816.06 8818.3 8812.51 8804.02 8815.97 8824.44 8829 8834.02 8839.76 8845.05 8851.54 8856.77 8861.16 8858.2 8852.67 8898.12 8962.73 9030.08 9090.2 9114.71 9137.69 9072.54 8929.7 8824.59 8755.28 8708.79 8672.77 8674.16 8696.09 8729 8767.81 8816.31 8877.38 8947.36 9000.33 8979.21 8916.88
8797.57 8801.3 8810.82 8821.83 8831.37 8843.84 8853.52 8854.63 8855.65 8857.54 8860.17 8862.67 8871.9 8888.4 8899.85 8864.83 8873.8 8870.3 8862.84 8864.3 8862.27 8858.48 8853.59 8847.59 8840.22 8833.08 8825.29 8816.86 8811.5 8811.81 8815.37 8818.78 8813.41 8803.41 8806.36 8815.07 8822.65 8829.81 8835.91 8841.18 8844.52 8845.11 8841.71 8835.89 8838.36 8901.41 8983.99 9080.14 9176.35 9144.87 9036.73 8922.88 8803.16 8687.38 8587.09 8510.24 8472.8 8520.39 8587.07 8644.08 8699.61 8758.92 8835.32 8933.1 9054.82 8990.31 8915.09
8803.41 8810.7 8819.43 8829.54 8840.27 8848.9 8855.97 8856.81 8857.25 8860.73 8863.61 8868.36 8878.55 8884.08 8872.09 8837.37 8865.65 8863.24 8857.73 8856.55 8853.78 8849.52 8844.53 8838.81 8832.38 8826.86 8819.49 8812.81 8808.69 8812.58 8812.57 8814.53 8810.62 8803.42 8803.77 8810.37 8818.17 8827.94 8836.15 8842.57 8845.08 8841.77 8833.63 8825.7 8845.54 8905.74 8978.38 9057.51 9127.33 9048.93 8886.68 8758.16 8639.19 8537.76 8437.29 8361.62 8369.21 8433.41 8507.49 8565.87 8617.74 8674.83 8740.07 8817.17 8885.36 8876.34 8850.9
8808.32 8814.33 8824.67 8833.93 8841.43 8849.51 8855.57 8854.13 8856.98 8865.22 8874.13 8882.34 8880.78 8856 8838.43 8839.16 8855.36 8858.49 8857.91 8851.73 8846.46 8843 8837.67 8831.77 8825.31 8818.79 8812.93 8809.24 8807.56 8803.77 8806.67 8806.79 8806.43 8805.06 8802.69 8807.25 8819.92 8833.52 8847.26 8857.8 8863.63 8862.07 8851.51 8843.04 8874.2 8911.24 8945.93 8972.24 8968.08 8879.73 8744.53 8567.68 8474.91 8413.18 8353.74 8327.9 8370.21 8423 8457.43 8490.7 8525.62 8566.97 8606.96 8646.75 8673.52 8703.08 8740.93
8813.51 8821.22 8830.03 8837.51 8844.33 8847.39 8848.15 8847.75 8852.72 8869.86 8880.23 8877.86 8844.84 8843.79 8849.4 8849.22 8840.33 8851.38 8852.98 8845.84 8840.44 8834.76 8828.77 8823.17 8817.42 8811.88 8806.85 8802.4 8798.5 8798.06 8801.65 8808.12 8803.7 8801.46 8798.54 8803.58 8823.15 8843.05 8863.86 8883.13 8897.75 8903.52 8897.45 8886.42 8915.39 8916.1 8904.19 8871.56 8805.46 8696.19 8546.23 8399.29 8340.52 8331.71 8329.26 8340.25 8388.5 8423.93 8405.81 8411.37 8429.28 8451.05 8468.59 8477.3 8480.93 8527.58 8620.43
8817.95 8824.43 8831.99 8837.81 8843.04 8846.75 8846.94 8845.59 8855.39 8876.35 8882.22 8860.27 8839.73 8865.26 8852.57 8837.42 8833.1 8835.69 8837.69 8836.26 8832.08 8826.93 8821.59 8815.9 8809.39 8804.39 8800.69 8798.47 8794.11 8793.03 8793.78 8796.28 8796.81 8795.91 8796.91 8801.64 8826.21 8852.96 8881.95 8911.15 8937.11 8960.7 8970.82 8965.39 8956.57 8922.84 8868.35 8789.51 8681.59 8555.27 8400.32 8270.94 8252.61 8281.31 8324.09 8334 8334.44 8342.52 8328.25 8329.54 8339.15 8345.12 8343.73 8338.9 8329.31 8384.33 8521.77
8821.78 8828.57 8835.01 8840.83 8845.03 8851.21 8854.5 8856.93 8868.2 8883.91 8882.97 8852.54 8832.43 8854.57 8854.86 8847.94 8840.95 8830.92 8828.55 8827.14 8823.4 8818.95 8814.29 8809.07 8803.74 8799.04 8795.71 8794.95 8793.64 8790.98 8786.93 8781.33 8788.95 8792.6 8791.97 8798.6 8829.31 8866.64 8905.34 8944.61 8982.8 9022.77 9057.78 9077.42 9022.17 8925.78 8840.68 8746.13 8623.33 8480.62 8320.47 8228.09 8229.37 8245.08 8262.09 8261.83 8232.95 8196.27 8239.84 8244.09 8251.19 8249.67 8242.26 8236.19 8236.62 8299.55 8454.89
8826.78 8835.43 8843.74 8850.72 8854.55 8857.89 8865.17 8870.41 8874.78 8880.97 8877.81 8858.86 8842.88 8862.89 8853.11 8845.21 8834.74 8829.3 8824.26 8821.04 8817.45 8812.93 8808.55 8803.34 8798.35 8793.22 8788.2 8784.39 8791.32 8793.84 8791.48 8786.36 8789.77 8787.87 8786.07 8798.13 8834.08 8875.01 8923.59 8970.79 9016.43 9060 9103.25 9135.8 9020.56 8892.22 8806.27 8731.01 8617.38 8456.21 8308.55 8230.59 8228.71 8224.42 8217.48 8204.63 8178.3 8159.07 8179.69 8176.72 8181.45 8176.19 8168.14 8165.54 8180.54 8248.73 8408.18
8837.01 8844.42 8849.56 8850.11 8854.05 8859.87 8866.03 8869.53 8870.41 8868.78 8869.43 8871.82 8876.15 8848.08 8844.38 8840.23 8834.37 8824.59 8818.83 8815.24 8811.53 8807.23 8802.6 8797.67 8792.8 8787.71 8783.04 8779.9 8788.2 8797.81 8810.54 8810.3 8797.76 8794.2 8797.22 8801.96 8837 8884.26 8935.57 8987.47 9039.39 9077.4 9093.72 9059.91 8897.43 8802.27 8741.76 8689.96 8586.93 8441.78 8314.09 8241.75 8230.86 8212.24 8199.09 8177.09 8154.42 8138.55 8148.06 8136.15 8131.69 8124.03 8117.59 8119.19 8141 8208 8365.12
8846.53 8850.51 8849.19 8846.17 8851.96 8860.33 8866.77 8868.41 8861.25 8850.74 8856.51 8872.79 8887.19 8842.42 8848.87 8838.4 8832.13 8820.01 8814.44 8812.32 8808.56 8804.76 8800.69 8795.28 8790.21 8785.06 8783.72 8786.19 8794.99 8795.1 8802.62 8805.46 8795.29 8791.61 8792.14 8794.88 8833.85 8885.89 8940.97 8998.56 9046.18 9075.95 9062.9 8957.72 8755.78 8690.4 8651.47 8619.38 8531.96 8413.25 8311.85 8248.05 8222.49 8200.07 8176.59 8160.8 8144.6 8130.06 8133.39 8114.25 8099.89 8087.6 8082.43 8087.57 8109.09 8167.04 8322.1
8845.97 8855.41 8850.9 8845.15 8852.64 8864.41 8872.01 8872 8854.86 8822.6 8834.36 8857.55 8873.85 8833.84 8838.73 8832.94 8824.8 8816.41 8814.36 8811.73 8808.07 8803.71 8798.99 8793.64 8788.58 8784.13 8782.52 8785.3 8784.31 8784.91 8768.58 8774.99 8784.46 8783.18 8779.75 8783.31 8827.41 8883.45 8939.42 8993.64 9043.45 9072.81 9059.58 8942.88 8696.92 8601.22 8551.83 8508.47 8444.85 8366.51 8295.16 8245.99 8225.75 8196.62 8170.86 8158.59 8146.56 8136.03 8131.97 8107.4 8083.52 8070.26 8062.49 8069.64 8093.64 8152.72 8282.71
8856.52 8858.27 8849.39 8841.28 8857.45 8875.84 8884.9 8870.04 8852.15 8818.78 8823.08 8838.73 8843 8843.09 8830.27 8827.31 8821 8819.63 8817.25 8813.91 8809.45 8804.68 8799.47 8794.06 8788.42 8783.22 8777.28 8777.09 8783.59 8791.32 8792.82 8786.29 8783.79 8779.47 8778.08 8791.71 8828.36 8877.26 8930.71 8981.77 9028.29 9059.64 9060.98 8951.45 8678.5 8538.74 8469.15 8410.63 8369.68 8320.03 8269.9 8237.12 8215.8 8198.01 8180.66 8164.96 8153.18 8145.64 8137.44 8107.45 8083.95 8063.44 8053.29 8058.04 8083.67 8142.15 8247.66
8866.07 8853.76 8843.46 8845.75 8865.82 8888.64 8904.65 8895.44 8848.16 8817.25 8819.53 8830.35 8842 8857.58 8842.88 8832.49 8825.12 8825.71 8822.31 8817.93 8813.19 8809.05 8803.6 8797.68 8791.72 8783.93 8775.65 8774.99 8787.66 8801.45 8815.11 8803.16 8788.73 8779.83 8776.48 8802.95 8826.52 8864.29 8910.07 8954.14 8993.25 9017.66 9013.14 8889.39 8633.23 8482.23 8412.52 8365.76 8321.53 8273.28 8235.37 8208.9 8198.22 8198.41 8189.65 8171.63 8156.79 8156.51 8148.93 8113.64 8070.28 8056.4 8050.52 8050.4 8073.44 8124.18 8201.35
8860.46 8832.61 8832.62 8844.34 8871.66 8900.19 8911.67 8868.21 8811.24 8816.11 8818.91 8827.17 8839.47 8849.3 8845.98 8839.89 8836.71 8833.12 8828.56 8823.79 8819.01 8813.79 8808.53 8804.1 8796.84 8791.09 8789.15 8792.46 8793.79 8797.78 8798.7 8797.24 8788.55 8780.68 8777.34 8782.73 8804.68 8843.91 8882.24 8917.61 8942.38 8948.78 8918.23 8784.15 8560.82 8422.81 8369.71 8335.5 8289.23 8244.86 8204.16 8178.3 8178.11 8197.08 8192.28 8167.01 8144.51 8127.81 8110.61 8082.67 8062.68 8055.96 8048.71 8050 8057.05 8075.1 8134.02
8846.71 8827.4 8826.89 8842.18 8870.5 8902.04 8924.2 8853.67 8803.6 8813.62 8818.46 8827.92 8834.68 8855.93 8843.61 8843.77 8842.56 8837.77 8832.59 8829.18 8824.84 8820.23 8815.52 8810.55 8804.8 8799.28 8792.79 8795.72 8795.17 8792.13 8791.17 8790.3 8786.69 8781.45 8776.66 8775.48 8791.01 8823.48 8853.9 8876.59 8886.53 8873.05 8822.02 8690.54 8503.86 8382.34 8341.37 8310.29 8268.32 8223.05 8181.84 8151.44 8163.16 8198.86 8191.89 8156.69 8118.41 8072.07 8026.65 8045.14 8052.66 8053.3 8052.55 8052.78 8047.5 8049.16 8090.33
8836.32 8827.69 8826.03 8838.67 8860.42 8884.26 8901.24 8840.32 8800.92 8809.68 8818.45 8830.18 8840.47 8836.5 8848.96 8847.83 8842.37 8831.6 8835.33 8834.12 8830.68 8826.75 8822.86 8817.97 8812.67 8807.49 8802.37 8792.7 8793.26 8792.05 8789.86 8788.71 8786.89 8784.13 8781.69 8780.61 8785.96 8809 8832.4 8848.16 8844.84 8813.3 8746.78 8636.55 8494.3 8388.48 8344.25 8306.18 8266.68 8217.91 8170.29 8141.5 8165.99 8228.74 8189.11 8144.72 8105.39 8059.67 8010.2 8042.15 8054.93 8061.95 8064.74 8060.15 8060.78 8062.86 8092.47
8828.63 8826.48 8826.75 8833.88 8844.43 8850.62 8840.27 8813.9 8810.26 8814.44 8818.94 8830.51 8849.29 8855.3 8848.54 8848.36 8846.96 8846.72 8844.48 8840.69 8836.97 8833.08 8828.89 8824.68 8820.32 8815.89 8810.08 8802.57 8796.34 8793.75 8792.76 8789.31 8788.27 8786.76 8786.42 8785.58 8780.95 8796.96 8817.73 8830.38 8826.3 8789.79 8705.36 8637.15 8537.01 8449.04 8409 8356.59 8293.75 8226.72 8164.15 8120.48 8121.03 8147.18 8144.54 8121.25 8096.1 8080.3 8094.21 8078.97 8075.06 8082.56 8094.93 8105.52 8110.92 8121.38 8149.4
8824.41 8825.56 8829.61 8830.31 8831.6 8826.72 8812.08 8806.77 8808.45 8810.47 8815.09 8820.91 8825.89 8835.67 8840.8 8847.81 8847.12 8854.55 8850.17 8847.14 8843.27 8839.64 8835.71 8831.2 8827.6 8823.82 8818.87 8804.39 8797.96 8793.17 8791.6 8790.64 8788.66 8786.65 8786.43 8783.18 8774.75 8790.75 8811.34 8829.16 8833.11 8817.34 8784.02 8704.72 8630.28 8564.04 8518.06 8433.73 8335.38 8243.9 8161.67 8088.81 8041.63 8065.81 8092.13 8095.49 8088.12 8081.78 8086.98 8086.06 8090.17 8107.13 8130.07 8154.5 8182.64 8220.34 8263.74
