real_craters/C074-500m.grd
DSAA
114 114
-28.21 28.21
-28.21 28.21
8010.2009450502 9187.4606458843
[rows 0 to 29 of 114, columns 0 to 66 of 114]
8785.05 8789.9 8800.39 8809.68 8819.77 8831.24 8847.4 8870.56 8882.84 8885.37 8887.24 8893.32 8899.26 8902.8 8900.96 8893.07 8880.46 8861.87 8840.71 8819.68 8803.22 8798.37 8797.26 8796.24 8795.15 8793.42 8791.33 8790.45 8791.03 8790.14 8788.13 8786.62 8785.33 8784.14 8783.64 8784.14 8783.62 8783.63 8785.68 8786.4 8787.21 8787.97 8788.59 8788.95 8788.99 8789.08 8789.13 8789.77 8791.12 8793.4 8797.65 8801.97 8805.7 8808.47 8810.86 8811.03 8811.62 8812.53 8812.59 8814.65 8818.43 8829.93 8849.21 8871.22 8890.98 8908.16 8924.01
8785.56 8792.63 8800.24 8808.17 8817.28 8827.82 8840.87 8867.34 8880.54 8883.02 8887.36 8893.64 8900.57 8903.32 8900.68 8891.11 8875.38 8858.46 8837.71 8818.2 8804.3 8798.04 8796.38 8796.79 8794.04 8791.81 8789.69 8787.29 8786.46 8788.09 8786.9 8785.65 8784.87 8785.21 8785.97 8784.86 8784.23 8785.07 8786.23 8786.33 8786.67 8786.99 8787.58 8788.09 8788.44 8787.21 8786.04 8787.62 8789.34 8789.91 8794.25 8801.24 8805.18 8807.88 8809.32 8810.63 8811.34 8812.16 8812.93 8812.37 8816.37 8831.38 8852.74 8875.99 8896.02 8909.98 8923.7
8785.4 8790.91 8798.77 8806.46 8815.39 8825.62 8837.54 8859.56 8877.45 8882.08 8886.67 8896.29 8905.61 8909.49 8906.95 8897.79 8881.09 8858.93 8835.9 8815.33 8802.05 8797.01 8795.8 8796.13 8793.07 8790.72 8788.73 8787.43 8786.61 8786.48 8785.45 8784.37 8783.48 8783.32 8783.98 8785.01 8785.28 8785.53 8786.22 8786.31 8786.2 8786.6 8787.14 8787.65 8788.1 8787.02 8784.8 8787.46 8790.52 8794.11 8797.38 8800.49 8805.62 8808.92 8810.22 8810.2 8810.93 8811.96 8813.19 8812.42 8818.84 8835.26 8855.93 8878.46 8896.87 8910.24 8922.41
8785.03 8789.25 8796.29 8804.59 8814.23 8824.92 8837.33 8856.07 8872.72 8884.86 8897.22 8904.64 8915.12 8919.93 8915.88 8905.06 8885.49 8860.13 8834.75 8812.27 8799.6 8795.53 8794.61 8794.76 8792.02 8789.84 8787.91 8786.12 8784.6 8785.4 8784.29 8782.97 8781.85 8780.4 8782.41 8785.95 8787.12 8786.58 8786.85 8785.98 8785.87 8786.24 8786.78 8787.34 8787.83 8788.05 8786.26 8789.33 8792.77 8796.88 8801.39 8806.32 8807.94 8808.18 8808.42 8808.74 8809.87 8811.63 8814.04 8815.16 8823.65 8838.29 8857.08 8878.46 8897.82 8908.34 8918.89
8784.57 8786.32 8794 8803.36 8813.95 8825.45 8837 8853.33 8872.81 8886.19 8903.95 8915.97 8927.79 8931.06 8925.03 8909.75 8886.84 8859.91 8833.66 8812.91 8799.5 8794.52 8792.96 8791.83 8790.51 8789.04 8787.49 8785.75 8783.81 8783.86 8783.17 8781.87 8780.95 8782.23 8785.3 8789.25 8793.14 8791.01 8785.99 8785.28 8785.6 8786.07 8786.62 8787.09 8787.17 8786.85 8790.28 8792.57 8795.39 8798.41 8804.03 8809.57 8808.82 8805.23 8804.76 8806.18 8808.42 8811.25 8814.79 8818.23 8826.29 8838.75 8855.8 8874.67 8893.78 8902.65 8912.71
8786.43 8790.57 8792.88 8802.3 8813.67 8826.13 8839.31 8857 8874.06 8887.31 8906.22 8926.77 8940.47 8947.7 8933.92 8912.48 8886.23 8857.81 8830.61 8808.98 8797.9 8793.9 8793.29 8792.51 8790.35 8788.81 8787.52 8786.58 8786.07 8784.02 8782.3 8781.24 8779.81 8780.41 8786.4 8790.71 8796.68 8793.12 8784.43 8784.6 8785.44 8786.34 8787.13 8787.7 8787.88 8788.57 8792.45 8795.54 8798.76 8800.52 8805.13 8808.86 8805.86 8799.63 8800.37 8803.58 8807.23 8810.95 8815.06 8819.02 8825.57 8837.58 8852.97 8867.96 8881.13 8894.58 8906.13
8788.49 8792.07 8792.21 8803.01 8815.86 8828.76 8840.81 8855.17 8876.39 8890.84 8906.44 8926.61 8948.45 8954.75 8939.39 8914.3 8885.2 8855.35 8826.64 8802.49 8794.88 8793.18 8793.96 8793.44 8790.99 8789.36 8788.13 8787.29 8787 8784.28 8782.84 8782.27 8781.16 8781.54 8786.03 8787.47 8788.03 8787.74 8785.48 8785.18 8785.82 8786.82 8787.86 8788.84 8789.68 8791.42 8792.98 8798.14 8802.06 8805.16 8803.92 8802.45 8799.36 8796.11 8797.63 8801.54 8806.11 8810.68 8815.19 8818.46 8825.01 8837.54 8851.23 8863.72 8875.78 8887.68 8899.22
8788.52 8791.13 8795.05 8802.71 8815.04 8828.96 8842.15 8860.21 8879.83 8893.09 8912.73 8933.76 8954.98 8962.08 8941.62 8912.74 8883.33 8853.17 8825.08 8803.81 8794.74 8793.2 8794.24 8792.99 8791.18 8789.51 8788.16 8787.17 8786.22 8785.71 8785.48 8784.81 8784.34 8783.44 8782.92 8783.55 8783.09 8784.2 8785.52 8785.7 8786.53 8787.72 8789.04 8790.57 8791.79 8793.52 8798.15 8800.95 8801.72 8801.94 8800.55 8797.69 8794.29 8791.74 8795.44 8800.19 8805.37 8810.98 8816.76 8822.07 8830.68 8841.36 8850.77 8860.6 8872.62 8882.14 8892.81
8787.75 8788.78 8792.72 8801.57 8813.83 8827.91 8838.13 8816.31 8873.97 8889.95 8914.48 8934.3 8957.79 8963.82 8942.9 8913.94 8883.18 8851.59 8822.67 8803.17 8794.61 8793.53 8795.69 8793.96 8791.26 8789.64 8788.12 8787 8786.11 8786.42 8787.68 8786.79 8786.18 8783.15 8781.42 8782.27 8782.41 8783.67 8784.92 8785.83 8787.08 8788.64 8790.15 8792.09 8794.67 8797.6 8800.61 8802.59 8802.6 8800.29 8797.67 8793.82 8790.8 8791.09 8794.32 8799.4 8805.14 8811.5 8818.88 8828.14 8837.65 8844.45 8849.87 8857.42 8865.14 8876.39 8888.01
8787.17 8789.36 8791.93 8799.41 8810.29 8823.19 8836.46 8862.44 8878.88 8892.25 8914.5 8935.29 8956.48 8960.99 8944.63 8917.73 8886.21 8852.02 8819.89 8799.32 8793.98 8793.71 8794.53 8792.87 8791.05 8789.27 8788.05 8786.76 8785.98 8786.57 8787.71 8787.14 8786.53 8782.66 8781.88 8783.45 8784.96 8784.88 8785.17 8786.42 8787.93 8789.59 8791.6 8793.74 8796.66 8800.88 8803.59 8803.21 8805.31 8802.05 8795.47 8790.16 8784.49 8789.13 8794.25 8799.36 8804.96 8811.46 8818.84 8827.73 8833.47 8838.82 8846.19 8854.67 8863.79 8873.99 8883.96
8786.09 8789.7 8793.53 8798.83 8807.25 8817.45 8832.36 8851.68 8875.59 8892.04 8913.53 8934.93 8953.86 8956 8947.04 8925.49 8892.15 8856.11 8821.25 8801.27 8796.7 8796.01 8796.71 8792.54 8790.48 8788.72 8787.25 8786.53 8785.23 8784.92 8787.03 8786.16 8785.39 8784.89 8784.66 8785.34 8786.4 8786.19 8786.69 8787.46 8789.14 8790.82 8792.59 8794.59 8796.7 8798.9 8800.07 8800.23 8798.01 8795.77 8792.14 8788.43 8787.75 8791.37 8795.78 8800.19 8804.88 8810 8815.85 8822.14 8826.33 8831.89 8841.54 8851.48 8862.13 8872.04 8879.22
8785.27 8788 8792.41 8797.45 8804.9 8810.98 8824.58 8845.33 8870.7 8897.63 8915.46 8938.91 8944.8 8947.58 8944.87 8928.3 8900.27 8866.27 8829.39 8810.43 8804.52 8800.14 8796.91 8792.13 8789.24 8787.69 8786.65 8786.19 8785.16 8782.87 8783.98 8785.59 8785.39 8787.97 8787.35 8786.54 8786.53 8787.44 8787.99 8788.98 8790.11 8791.45 8792.53 8793.76 8794.98 8796.4 8796.51 8790.92 8787.41 8788.52 8789.35 8789.85 8791.44 8794.55 8798 8801.35 8804.72 8808.24 8811.87 8816.04 8821.08 8827.48 8838.02 8847.86 8857.29 8865.51 8871.98
8780.43 8786.86 8789.48 8793.68 8799.83 8815.95 8832.4 8843.54 8861.73 8898.85 8917.69 8934.51 8940.17 8941.23 8944.17 8932.28 8910.9 8884.87 8852.68 8832.66 8818.13 8805.8 8797.22 8791.44 8788.47 8787.07 8786.67 8786.77 8787.4 8788.5 8787.97 8788.09 8787.73 8789.78 8788.72 8789.07 8789.23 8789.33 8789.93 8790.79 8791.21 8791.82 8792.44 8793.32 8792.97 8792.47 8790.2 8786.29 8783.02 8785 8787.86 8790.9 8795.23 8799.03 8800.64 8802.99 8805.4 8807.67 8809.5 8812.64 8819.76 8827.12 8837.04 8845.2 8850.96 8854.9 8864
8787.77 8786.28 8788.31 8788.41 8773.44 8796.4 8822.21 8851.94 8859.29 8887.08 8907.4 8919.73 8925.71 8932.81 8934.46 8930.67 8921.09 8908.77 8894.15 8862.9 8834.08 8811.3 8796.53 8790.73 8788.18 8787.11 8787.11 8788.03 8789.51 8791.05 8791.86 8791.22 8790.18 8786.28 8789.42 8790.64 8791.17 8791.25 8791.3 8791.09 8792.13 8792.27 8792.31 8792.26 8791.34 8789.51 8786.92 8784.73 8783.43 8784.87 8787.5 8791.2 8795.46 8800.63 8802.31 8804.36 8806.54 8809.13 8810.83 8815.15 8823.47 8831.91 8839.07 8844.15 8849.01 8854.26 8858.82
8784.87 8784.28 8787.97 8786.2 8740.64 8658.15 8719.8 8806.05 8857.72 8880.49 8896.67 8908.69 8918.16 8923.2 8926.11 8927.85 8926.79 8924.65 8916.77 8882.04 8845.48 8815.73 8797.66 8790.77 8788.03 8786.87 8787.36 8788.8 8790.56 8792.68 8793.57 8792.71 8792 8792.85 8792.05 8792.38 8792.39 8792.83 8793.29 8795.65 8793.52 8792.98 8792.53 8791.66 8790.53 8788.36 8786.42 8785.93 8785.19 8785.87 8787.48 8790.65 8796.22 8800.5 8803.48 8806.18 8808.88 8811.6 8814.27 8819.47 8828.6 8839.66 8840.92 8841.94 8845.47 8852.31 8851.52
8782.23 8785.19 8785.58 8791.55 8775.37 8763.36 8784.48 8820.78 8852.09 8872.83 8888.35 8900.32 8907.98 8914.2 8917.11 8923.02 8926.06 8925.37 8916.22 8885.26 8849.43 8817.74 8799.22 8792.21 8788.95 8787.23 8787.95 8789.27 8791.71 8794.16 8794.91 8794.69 8795.05 8795.88 8794.81 8793.56 8793.52 8794.13 8794.49 8794.25 8794.15 8794.08 8793.52 8792.16 8790.31 8788.27 8786 8785.16 8785.49 8786.44 8787.63 8789.67 8792.82 8799.19 8804.54 8808.86 8811.95 8815.14 8819.47 8823.67 8829.42 8835.11 8836.6 8835 8834.55 8835.68 8836.43
8776.84 8784.08 8787.29 8794.07 8809.25 8844.98 8841.2 8842.41 8849.09 8868.12 8883.84 8895.38 8903.5 8909.48 8912.79 8919.26 8922.47 8918.95 8904.04 8880.8 8849.32 8818.89 8801.97 8793.98 8790.4 8788.77 8789.31 8790.97 8793.03 8796 8797.75 8796.96 8798.17 8798.65 8796.81 8795.04 8795.32 8795.68 8795.64 8794.24 8795.22 8795.7 8794.78 8793.03 8791.21 8789.19 8787.5 8787.4 8787.9 8787.97 8788.79 8790.06 8793.62 8799.78 8808.14 8813.41 8816.09 8817.47 8819.44 8821.75 8824.82 8829.99 8827.8 8824.09 8821.43 8816.81 8820.33
8776.79 8780.86 8787.71 8792.22 8799.37 8805.96 8815.7 8833.14 8849.8 8868 8881.42 8892.69 8903.14 8908.07 8912.36 8917.35 8918.94 8917.36 8904.34 8876.61 8847.44 8822.85 8805.65 8796.68 8792.8 8791.36 8792.34 8793.29 8794.41 8795.51 8795.97 8797.96 8799.74 8800.36 8798.67 8797.32 8796.57 8797.72 8798.74 8799.58 8799.88 8798.92 8797.25 8795.44 8793.48 8791.21 8789.05 8789.25 8789.41 8791.17 8792.93 8793.73 8797.81 8808.76 8815.95 8820.01 8821.04 8819.79 8814.88 8816.5 8816.41 8813.03 8811.59 8811.88 8811.15 8811.71 8814.45
8778.54 8781.37 8784.94 8790.24 8794.89 8800.6 8810.69 8830.5 8847.19 8861.33 8875.28 8886.6 8898.95 8907.22 8913.26 8915.72 8914.2 8907.07 8893.01 8870.51 8843.54 8818.71 8806.8 8799.74 8796.66 8796.01 8796.41 8796.89 8797.39 8797.55 8797.44 8798.55 8802 8801.95 8800.12 8798.68 8798.56 8799.9 8801.87 8806.57 8806.96 8802.38 8800.77 8798.78 8796.35 8794.45 8792.53 8792.85 8792.9 8796.72 8800.9 8805.25 8812.72 8821.19 8828.64 8829.16 8827.05 8824.42 8823.88 8816.29 8810.25 8803.99 8801.54 8802.03 8802.81 8803.8 8806.67
8778.56 8780.8 8782.42 8785.04 8792.9 8801.3 8812.15 8826 8843.23 8857.65 8873.34 8883.72 8900.4 8912.56 8915.89 8914.76 8910.03 8900.38 8885.33 8865.39 8840.86 8819 8808.71 8803.1 8800.36 8798.91 8798.62 8798.81 8800.11 8801.27 8802.24 8804.75 8806.56 8804.06 8801.07 8799.54 8799.68 8801.55 8803.36 8800.85 8797.97 8804.84 8804.04 8802.84 8801.64 8799.69 8797.55 8799.45 8798.11 8805.14 8812.35 8819.21 8830.21 8844.02 8844.82 8838.41 8832.47 8826.08 8816.13 8814.01 8806.78 8799.33 8795.8 8796.07 8797.54 8799.49 8804.31
8779.36 8781.34 8783.02 8787.13 8792.39 8804.84 8816.21 8823.57 8835.92 8856.53 8875.96 8883.47 8900.48 8912.8 8914.93 8913.13 8907.83 8898.64 8882.62 8862.87 8841.47 8823.65 8812.61 8806.53 8803.94 8803.45 8803.09 8803.02 8804.09 8805.43 8806.34 8804.21 8807.86 8805.19 8800.98 8799.59 8800.93 8802.66 8805.6 8810.3 8814.13 8809.67 8808.47 8807.57 8806.93 8805.71 8803.32 8797.83 8806.03 8817.59 8825.74 8831.87 8843.32 8857.66 8852.31 8841.51 8834.29 8830.37 8826.51 8814.43 8804.92 8796.03 8791.12 8793.5 8795.99 8797.12 8797.42
8780.47 8782.64 8784.85 8788.73 8794.33 8807.98 8818.14 8822.43 8829.69 8845.81 8866.06 8878.16 8896.93 8908.28 8912.85 8911.6 8905.92 8896.09 8880.1 8860.98 8840.81 8825.16 8815.19 8809.64 8807.18 8806.66 8805.77 8806.55 8807.14 8809.02 8810.84 8811.32 8809.29 8805.94 8801.89 8800.88 8802.13 8804.28 8806.87 8809.27 8810.66 8811.26 8812.68 8813.71 8814.06 8814.47 8815.32 8819.87 8826.88 8831.43 8837.33 8846.14 8847.25 8845.54 8841.76 8835.52 8829.18 8824.62 8821.02 8812.63 8804.69 8797.3 8792.92 8796.35 8799.06 8800.15 8802.51
8781.44 8783.94 8786.4 8789.45 8796.26 8802.79 8814.56 8824.6 8828.51 8837.66 8857.32 8872.66 8895.01 8907.47 8912.11 8910.35 8904.11 8892.82 8877.38 8858.74 8839.33 8824.99 8816.81 8812.05 8809.5 8809 8808.9 8809.48 8810.49 8811.57 8811.28 8811.52 8810.4 8806.23 8804.01 8802.69 8803.97 8806.67 8808.91 8809.4 8807.96 8813.63 8818.19 8820.01 8820.96 8822.9 8825.55 8828.36 8836.41 8835.7 8837.28 8843.15 8839.44 8834.56 8830.37 8825.03 8818.76 8813.3 8809.95 8807.88 8805.59 8803.55 8803.18 8805.22 8806.96 8807.78 8807.03
8782.07 8784.86 8788.6 8792.76 8798.96 8804.12 8814.98 8826.09 8831.12 8838.7 8857.23 8868.76 8888.38 8903.66 8912.32 8911.34 8904.71 8891.68 8876.39 8857.24 8837.27 8824.09 8817.11 8813.47 8811.1 8811.03 8810.92 8811.67 8812.99 8813.8 8813.37 8812.88 8811.01 8805.17 8799.37 8802.18 8805.77 8809.92 8814.3 8817.13 8818.17 8823.94 8826.82 8827.5 8827.2 8828.2 8829.32 8832.71 8834.73 8831.4 8825.75 8821.15 8822.91 8823.23 8821.45 8812.99 8807.38 8802.79 8801.76 8803.78 8807.31 8811.84 8815.46 8817.6 8816.67 8817.26 8821.89
8783.57 8785.63 8789.39 8794.43 8799.55 8805.42 8816.79 8827.44 8831.57 8838.51 8857.56 8869.37 8890.18 8906.13 8915.32 8915.09 8909.24 8896.81 8878.09 8856.77 8834.87 8823.08 8817.32 8813.69 8812.06 8812.15 8812.58 8813.71 8814.88 8816 8817.03 8815.77 8811.37 8804.18 8801.2 8803.11 8808.68 8815.08 8822.51 8830.03 8838.85 8839.93 8837.28 8834.3 8831.4 8830.66 8832.93 8831.55 8827.73 8821.43 8813.13 8806.73 8806.59 8804.84 8800.6 8797.79 8795.37 8794.78 8795.75 8799.81 8806.57 8816.94 8835.27 8827.44 8822.62 8822.9 8825.97
8782.87 8785.35 8789.01 8793.73 8799.71 8803.64 8813.22 8823.53 8828.29 8835.82 8855.36 8868.89 8891.29 8909.15 8918.03 8919.18 8914.8 8901.75 8881.05 8857.51 8836.34 8824.16 8817.96 8814.91 8813.11 8813.25 8813.3 8814.77 8815.87 8819.7 8819.66 8816.99 8809.06 8802.49 8799.42 8804.57 8812.22 8821 8830.51 8841.43 8851.36 8852.56 8845.48 8837.78 8831.4 8827.57 8825.68 8823.44 8816.26 8807.34 8801.43 8797.1 8793.7 8789.51 8782.71 8784.56 8783.94 8783.11 8787.38 8793.6 8801.29 8809.82 8816.3 8818.63 8820.33 8823.32 8828.4
8782.56 8784.75 8787.05 8789.25 8793.26 8795.14 8800.56 8810.62 8823.02 8837.51 8848.58 8872.73 8889.03 8907.69 8917.44 8922.11 8920.38 8906.75 8883.95 8859.3 8836.95 8826.12 8819.8 8816.52 8814.55 8814.09 8814.89 8815.72 8816.99 8820.02 8818.89 8816.75 8809.4 8800.93 8799.13 8807.18 8817.07 8826.31 8836.5 8847.07 8859.77 8859.85 8846.79 8835.66 8826.17 8818.01 8813.65 8806.5 8799.39 8799.74 8791.51 8786.52 8785.34 8782.51 8779.47 8778.35 8776.58 8775.35 8780.63 8786.95 8793.54 8798.76 8801.76 8807.38 8813.81 8819.16 8823.44
8782.29 8783.05 8783.99 8785.68 8786.15 8785.07 8791.27 8802.19 8816.13 8830.78 8843.74 8865.61 8881.76 8903.31 8915 8923.2 8924.12 8909.64 8885.47 8860.35 8840.01 8828.17 8821.85 8818.14 8816.42 8815.61 8815.37 8815.48 8816.28 8819.06 8815.95 8814.9 8808.23 8802.53 8803.28 8813.23 8822.9 8831.4 8839.17 8845.73 8850.49 8847.49 8839.62 8829.92 8818.7 8806.96 8796.44 8794.56 8796.11 8790.28 8788.27 8784.92 8782.07 8780.32 8780.42 8777 8774.56 8773.38 8777.92 8782.74 8787.12 8790.47 8793.29 8798.99 8807.83 8814.91 8818.45
8780.66 8780.99 8780.59 8779.3 8778.78 8779.48 8784.91 8796.67 8810.77 8823.15 8835.42 8854.71 8868.36 8895.98 8909.36 8921.09 8927.91 8909.97 8884.01 8859.19 8838.98 8829.58 8824.27 8821.22 8819.83 8818.04 8817.5 8816.25 8817.25 8817.87 8814.52 8810.64 8807.43 8813.14 8818.86 8823.84 8830.72 8835.86 8840.19 8842.01 8839.57 8832.18 8831.4 8823.74 8813.06 8799.89 8789 8789.04 8788.44 8784.22 8783.13 8782.36 8780.9 8778.98 8776.27 8775.31 8776.02 8777.71 8778.1 8780.49 8782.8 8785.25 8787.8 8794.3 8804.8 8814.96 8823.43
8779.53 8779.54 8778.91 8776.47 8777.02 8780.82 8786.05 8796 8809.32 8823.41 8836.74 8854.05 8865.41 8886.27 8900.91 8911.87 8916.25 8901.42 8878.21 8855.28 8838.09 8830.31 8826.22 8823.72 8822.74 8822.51 8821.25 8819.51 8817.59 8816.33 8812.35 8808.8 8806.5 8818.68 8831.05 8835.93 8838.96 8840.56 8841.49 8840.65 8838.33 8835.65 8827.81 8818.89 8807.72 8798.46 8792.88 8790.31 8792.34 8789.46 8787.47 8783.31 8781.19 8779.6 8778.29 8777.54 8776.73 8777.1 8778.23 8779.85 8781.39 8783.41 8785.82 8792.06 8804.52 8817.57 8831
