real_craters/C074-500m.grd
DSAA
114 114
-28.21 28.21
-28.21 28.21
8010.2009450502 9187.4606458843
[rows 60 to 89 of 114, columns 0 to 66 of 114]
8850.13 8841.09 8828.43 8828.63 8826.81 8821.64 8819.02 8817.4 8818.16 8809.88 8809.41 8808.64 8807.92 8819.37 8832.17 8848.54 8852.07 8853.27 8854.8 8851.91 8849.38 8846.58 8843.11 8838.89 8833.81 8826.03 8812.98 8801.67 8800.13 8799.03 8795.64 8792.86 8789.5 8786.42 8783.32 8778.63 8772.43 8788.74 8812.58 8839.26 8857.3 8860.22 8839.86 8782.09 8728.07 8690.17 8627.11 8495.81 8368.46 8262.64 8168.64 8088.31 8038.76 8056.28 8070.65 8079.95 8070.96 8065.84 8057.73 8070.24 8101.43 8134.48 8172.78 8212.48 8258.88 8312.61 8374.99
8847.97 8844.93 8832.53 8836.17 8834.07 8826.36 8827.63 8840.5 8840.57 8820.33 8812.65 8803.3 8799.47 8810 8822.93 8837.18 8843.46 8850.65 8855.11 8855.57 8853.37 8851.19 8847.79 8844.78 8839.74 8831.81 8819.85 8809.16 8806.33 8805.79 8800.45 8794.74 8789.95 8785.65 8781.14 8777.32 8775.74 8789.3 8815.34 8843.4 8874.27 8900.88 8891.3 8834.33 8779.07 8724.88 8603.44 8484.92 8373.7 8274.41 8182.52 8104.37 8052.88 8060.85 8071.7 8080.55 8073.87 8065.19 8057.57 8074.57 8116.55 8162.4 8211.46 8260.98 8316.93 8374.23 8420.7
8830.46 8848 8858.63 8857.18 8855.62 8848.59 8853.52 8877.21 8861.25 8846.65 8827.19 8806.02 8795.3 8800.2 8809.78 8848.99 8843.85 8846.82 8855.68 8856.07 8855.11 8853.62 8852.34 8850.44 8847.37 8840.4 8830.06 8819.68 8813.55 8807.54 8802.65 8796.16 8789.68 8783.82 8778.94 8776.94 8774.7 8786.37 8811.23 8840.18 8871.8 8905.33 8906.95 8848.02 8781.89 8701.39 8519.45 8441.35 8363.69 8276.7 8192.04 8121.82 8077.4 8079.67 8091.27 8099.19 8099.85 8083.45 8083.01 8100.11 8140.58 8191.07 8244.62 8298.63 8358.6 8422.06 8488.06
8831.41 8860.26 8876.69 8880.5 8881.91 8891.94 8895.09 8901.11 8902.4 8880.02 8848.47 8818.71 8801.32 8803.88 8818.59 8831.43 8835.34 8849.13 8857.6 8855.43 8854.86 8855.28 8856.16 8856.96 8856.18 8851.84 8841.89 8830.7 8821.49 8816.15 8805.42 8797.38 8789.74 8782.35 8775.11 8767.05 8765.11 8780.1 8803.96 8829.25 8850.28 8858.97 8861.88 8836.32 8776.91 8669.71 8519.14 8453.41 8380.26 8293.61 8207.68 8136.62 8106.5 8113.6 8125.82 8132.46 8132.68 8119.23 8115.74 8126.32 8170.78 8223.19 8276.32 8322.7 8376.1 8441.89 8529.27
8835.86 8882.14 8901.42 8896.5 8894.5 8901.92 8903.66 8904.33 8896.06 8887.13 8864.44 8846.21 8826.3 8813.98 8819.33 8827.13 8831.78 8831.76 8846.31 8848.46 8851.87 8855.69 8859.31 8862.73 8865.73 8864.6 8850.47 8837.97 8826.64 8817.12 8807.11 8798.59 8790.46 8782.15 8773.77 8765.96 8764.55 8776.16 8793.16 8808.03 8821.01 8826.25 8836.69 8834.46 8805.51 8744.33 8633.05 8537.94 8444.66 8339.82 8235.21 8148.57 8107.38 8143.94 8170.06 8184.27 8182.17 8176.37 8163.98 8165.61 8213.88 8261.09 8300.26 8337.7 8379.56 8416.04 8436.1
8834.76 8887.64 8902.64 8895.77 8890.92 8884.88 8890.38 8892.21 8888.33 8879.24 8869.71 8856.75 8837.7 8817.61 8812.81 8831.83 8832.05 8828.81 8826.7 8837.07 8845.9 8852.99 8859.87 8866.17 8871.65 8877.31 8862.9 8845.82 8829.01 8815.33 8808.63 8800.56 8792.21 8784.07 8776.38 8769.51 8766.63 8772.41 8782.11 8791.84 8799.58 8817.11 8831.91 8852.58 8863.98 8848.74 8767.74 8657.77 8539.14 8407.09 8275.03 8157.62 8096.21 8194.57 8235.53 8243 8244.15 8241.08 8242.77 8238.99 8286.01 8311.06 8336.33 8362.15 8385.01 8401.45 8409.8
8826.26 8854.21 8877.11 8881.47 8878.76 8876.88 8875.66 8874.06 8877.29 8877.3 8870.46 8858.09 8840.22 8820.95 8809.07 8827.25 8823.93 8820.82 8822.16 8833.02 8842.41 8850.48 8858.71 8865.31 8870.7 8872.23 8868.36 8853.1 8836.44 8822.22 8812.2 8803.48 8794.91 8787.26 8780.47 8776.12 8775.4 8778.78 8778.9 8779.13 8778.49 8785.66 8824.25 8872.01 8926.92 8983.54 8906.9 8790.73 8648.05 8489.64 8331.15 8186.39 8115.01 8231.32 8277.03 8289.93 8293.82 8303.77 8330.34 8383.36 8374.87 8367.34 8374.79 8389.93 8411.29 8425.91 8432.69
8824.79 8850.38 8858.2 8866.94 8866.59 8860.55 8864.43 8861.22 8865.7 8871.5 8869.04 8857.23 8842.74 8827.79 8818.98 8818.07 8815.14 8816.92 8824.68 8832.86 8840.36 8848.54 8856.87 8863.28 8867.2 8870.54 8873.95 8857.77 8842.95 8829.41 8817.6 8807.88 8799.15 8791.67 8785.42 8781.81 8784.2 8791.13 8780.83 8770.07 8766.14 8775.88 8814.34 8873.22 8948.93 9041.62 9042.11 8934.22 8763.33 8582.61 8404.75 8244.22 8151.77 8235.34 8319.11 8319.99 8326.73 8335.89 8369.6 8418.86 8414.28 8401.88 8411.74 8438.69 8468.02 8490.52 8515.8
8823.78 8827.08 8846.25 8860.15 8868.57 8868.88 8865 8861 8861.17 8866.93 8867.22 8857.39 8845.55 8834.94 8826.69 8819.57 8814.53 8814.4 8819.8 8831.07 8838.48 8847.7 8856.22 8863.23 8867.09 8870.67 8868.9 8856.75 8843.43 8831.75 8821.03 8811.23 8802.37 8794.46 8788.12 8784.23 8784.83 8794.15 8780.28 8766.74 8759.59 8766.44 8800.99 8849.52 8913.63 9015.92 9187.46 9036.12 8846.14 8664.76 8491.68 8334.48 8233.86 8226.11 8291.44 8321.45 8338.56 8354.33 8357 8367.56 8370.27 8402.34 8443.86 8487.6 8534.87 8584.75 8646.94
8823.31 8826.55 8844.18 8860.98 8873.28 8876.74 8870.05 8864.2 8863.51 8866.23 8866.96 8860.51 8851.26 8842.11 8834.85 8824.78 8820.59 8817.59 8816.37 8825.5 8834.9 8845.98 8856.76 8864.49 8866.87 8863.56 8860.86 8854.78 8841.04 8834.05 8825.59 8815.42 8806.02 8797.71 8790.58 8785.26 8782.07 8777.5 8773.54 8767.26 8758.01 8759.56 8783.21 8812.16 8843.86 8890.68 9039.78 9006.36 8871.07 8726.58 8583.81 8447.93 8349.23 8307.41 8293.89 8328.3 8362.03 8358.15 8345.06 8305.83 8318.35 8402 8480.15 8542.54 8605.73 8677.75 8769.15
8822.11 8831.83 8849.68 8867.69 8880.63 8882.45 8875.9 8869.18 8868.09 8869.34 8871.67 8867.68 8857.08 8848.8 8839.87 8845.71 8836.72 8826.37 8822.55 8820.02 8832.58 8846.13 8859.14 8868.96 8872.45 8865.88 8861.19 8860.12 8856.21 8842.48 8830.6 8819.37 8809.52 8800.35 8792.79 8786.41 8782.55 8780.94 8777.5 8769.78 8762.94 8761.64 8772.33 8783.74 8793.34 8819.3 8914.52 8921.18 8855.87 8772.18 8685.25 8595.11 8516.17 8451.86 8379.33 8393.77 8426.82 8418.89 8392.29 8352.09 8359.89 8451.22 8534.04 8606.63 8666.96 8740.67 8820.91
8822.59 8837.64 8857.58 8877.3 8889.94 8890.36 8881.02 8873.57 8871.58 8872.32 8869.85 8859.57 8861.49 8857.67 8855.99 8849.61 8846.04 8832.83 8821.07 8822.74 8833.57 8848.06 8862.69 8876.43 8886.03 8884.63 8872.23 8865.5 8860.04 8847.61 8834.37 8822.44 8812.31 8802.31 8793.95 8787 8782.33 8786.75 8784.94 8778.19 8774.59 8770.75 8769.97 8771.69 8774.12 8785.59 8815.78 8834.64 8832.19 8808.07 8783.16 8766.31 8722.62 8675.88 8591.37 8545.72 8541.12 8532.02 8503.02 8484.21 8489 8565.27 8615.99 8663.68 8710.82 8768.84 8814.16
8823.85 8840.63 8864.02 8888.12 8905.22 8900.38 8885.45 8876.3 8875.12 8874.54 8888.89 8876.26 8867.97 8864.98 8864.29 8870.23 8858.67 8837.6 8823.71 8824 8836.8 8851.08 8867.04 8882.23 8891.99 8874.82 8868.84 8862.85 8856.35 8846.12 8834.75 8823.5 8812.66 8803.35 8794.3 8787.43 8783.3 8783.53 8786.11 8783.8 8780.97 8776.12 8772.11 8772.07 8775.29 8778.7 8785.81 8798.5 8816.95 8824.45 8840.54 8882.19 8862.56 8854.63 8827.64 8735.96 8667.67 8641.87 8634 8667.68 8739.01 8710.8 8702 8715.92 8736.54 8766.53 8784.6
8823.59 8841.61 8865.83 8891.89 8918.19 8906.05 8892.43 8882.69 8879.66 8882.64 8882.9 8877.39 8871.15 8867.97 8871.58 8864.21 8849.29 8829.38 8826.42 8831.93 8840.44 8853.37 8868.91 8883.65 8889.72 8875.47 8867.49 8859.69 8850.19 8843.35 8833.54 8823.43 8813.03 8803.52 8794.77 8787.93 8782.04 8783.9 8791.47 8786.51 8781.01 8778.27 8775.48 8776.91 8783.01 8785.73 8787.93 8797.56 8808.36 8817.63 8830.16 8853.25 8863.39 8862.19 8843.88 8804.68 8741.59 8719.07 8724.88 8769.56 8826.05 8782.54 8752.41 8743.19 8745.69 8752.03 8755.29
8830.17 8849.04 8856.59 8872.46 8889.94 8884.41 8883.92 8876.68 8875.17 8883.12 8881.04 8875.13 8866.4 8857.9 8857.84 8867.24 8833.69 8822.84 8826.29 8828.8 8838.72 8853.46 8869.05 8882.4 8884.12 8877.71 8871.07 8863.27 8853.94 8842.06 8831.47 8821.28 8811.92 8803.51 8796.13 8789.27 8785.21 8786.88 8790.72 8786.09 8785.68 8780.22 8780.29 8782.35 8783.54 8787.45 8793.06 8798.35 8799.85 8796.98 8788.73 8772.46 8804.54 8811.04 8792.46 8767.34 8754.31 8753.15 8760.02 8777.71 8785.03 8775.21 8756.84 8746.53 8741.62 8739.88 8737.28
8827.66 8829.65 8836.59 8842.35 8843.62 8845.46 8833.79 8846.31 8857.4 8870.75 8885.92 8874.47 8858.04 8844.2 8839.09 8838.78 8824.24 8823.05 8824.08 8826.76 8836.02 8849.88 8865.57 8881.77 8896.91 8888.8 8873.74 8863.46 8851.72 8839.07 8827.86 8817.8 8810.3 8802.79 8796.77 8791.5 8787.51 8784.12 8783.19 8782.99 8779.59 8779.77 8782.2 8786.21 8790.66 8792.97 8796.14 8797.27 8792.43 8781.39 8767.87 8760.42 8770.49 8773.81 8758.03 8736.41 8750.97 8757.62 8760.68 8764.17 8759.99 8753.9 8746.14 8736.72 8733.05 8729.22 8725.8
8822.06 8807.27 8809.63 8824.24 8830.46 8826.85 8815.83 8827 8836.14 8840.29 8848.33 8857.72 8844.83 8832.56 8830.76 8842.16 8823.24 8823.58 8824.98 8827.17 8833.84 8844.9 8857.55 8871.16 8875.42 8873.94 8864.01 8859.45 8846.42 8833.16 8823.75 8815.67 8808.93 8802.59 8797.46 8793.01 8790.75 8791.28 8793.64 8781.22 8774.9 8776.98 8781.52 8787.57 8793.67 8794.33 8795.06 8797.77 8783.82 8768.23 8754.92 8749.65 8753.17 8756.17 8755.37 8764.38 8755.4 8754.49 8752.74 8747.54 8739.32 8732.93 8731.04 8729.22 8723.52 8719.23 8715.17
8818.06 8772.14 8801.91 8822.34 8829.51 8827.87 8827.25 8823.14 8822.37 8820.25 8821 8829.98 8829.85 8824.78 8821.46 8818.94 8820.47 8824.94 8826.67 8828.75 8831.93 8838.32 8844.83 8850.02 8852.61 8848.13 8842.36 8830.2 8827.9 8821.48 8815.07 8809.44 8804.66 8800.63 8796.62 8793.47 8791.5 8789.26 8786.77 8776.89 8770.96 8774.07 8778.59 8784.69 8791.4 8788.04 8784.26 8777.56 8768.18 8755.42 8741.41 8735.56 8740.9 8746.98 8750.6 8751.79 8749.83 8747.01 8743.11 8735.59 8721.94 8716.43 8719.06 8720.24 8719.27 8716.43 8711.35
8829 8831.66 8825.1 8823.96 8827.51 8828.76 8826.92 8821.4 8816.43 8813.75 8816.52 8821.78 8821.13 8814.72 8812.33 8810.92 8816.5 8824.2 8826.72 8828.39 8830.25 8832 8832.51 8830.11 8828.37 8827.54 8820.49 8815.03 8810.68 8808.36 8805.78 8803.07 8799.78 8796.76 8795.43 8793.4 8791.37 8786.83 8780.98 8775.78 8772.13 8772.29 8773.78 8775.34 8776.39 8775.29 8770.83 8762.93 8755.66 8746.77 8735.29 8731.13 8735.99 8741.67 8747.68 8744.22 8743.31 8742.02 8737.47 8728.4 8714.14 8707.07 8711.63 8714.3 8713.66 8712.26 8709.09
8828.03 8827.96 8823.79 8818.93 8822.8 8828.69 8827.65 8819.47 8812.78 8809.1 8816.07 8820.78 8819.82 8815.28 8811.69 8809.54 8814.04 8822.38 8826.09 8828.99 8828.64 8826.78 8824.14 8820.88 8816.34 8811.02 8800.97 8791.37 8794.89 8797.58 8798.2 8797.86 8797.15 8795.95 8796.25 8794.08 8792 8789.78 8786.18 8781.13 8775.53 8771.42 8768.75 8765.18 8761.89 8762.53 8759.62 8755.03 8749.06 8742.91 8741.06 8736.28 8735.12 8737.78 8740.91 8740.65 8740.31 8738.1 8733.32 8725.88 8716.92 8713 8712.45 8711.49 8710.81 8708.49 8706.6
8826.87 8821.64 8819.3 8819.97 8820.89 8824.19 8822.59 8814.94 8808.79 8806.13 8812.1 8818.51 8826.56 8813.13 8820.08 8812.94 8812.4 8821.67 8824.83 8826.83 8827.15 8822.53 8817.5 8814.21 8813.76 8805.89 8794.28 8785.4 8788.24 8791.59 8793.37 8794.06 8794.58 8795.1 8794.43 8794.08 8793.24 8790.99 8787.71 8782.84 8776.24 8770.95 8766.22 8761 8755.99 8754.59 8750.79 8745 8739.72 8736.86 8734.9 8733.18 8732.17 8734.13 8737.91 8739.07 8736.95 8735.87 8731.7 8725.95 8722.79 8722.16 8717.14 8712.4 8709.53 8707.45 8704.56
8819.6 8817.22 8816.05 8819.74 8817.84 8813.01 8810.5 8807.05 8802.84 8800.64 8804.14 8811.77 8823.9 8842.78 8826.83 8817.15 8817.91 8819.52 8822.43 8823.02 8822.55 8819.21 8812.54 8805.74 8814.18 8804.52 8795.71 8789.63 8787.02 8788.47 8790.62 8792.39 8794.89 8795.54 8796.09 8796.13 8794.52 8794.26 8789.49 8777.41 8774.34 8769.42 8764.29 8761.15 8756.34 8750.28 8745.05 8738.32 8731.23 8730.37 8727.03 8725.81 8725.48 8728.23 8732.42 8735.35 8736.76 8733.48 8729 8725.82 8724.6 8728.54 8717.76 8713.79 8710.97 8707.98 8704.45
8814.96 8816.61 8818.32 8817.02 8814.55 8811.33 8804.37 8798.49 8794.56 8794.84 8794.2 8801.76 8803 8803.78 8809.05 8810.55 8811.36 8817.8 8819.4 8820.26 8821.24 8819.17 8812.78 8806.69 8804.15 8800.48 8793.4 8788.46 8786.73 8787.59 8789.79 8791.84 8793.37 8795.22 8795.88 8795.3 8794.7 8791.61 8784.78 8783.19 8774.96 8768.28 8761.34 8753.81 8750.14 8747.25 8742.8 8736.71 8728.06 8721.61 8745.72 8716.07 8715.86 8720.87 8726.1 8729.28 8733.91 8732.43 8728.79 8725.64 8721.13 8714.42 8714.5 8714.76 8713.8 8711.72 8708.75
8814.32 8817.24 8819.44 8817.64 8809.4 8803.49 8795.99 8789.15 8783.54 8778.65 8779.07 8779.45 8785.39 8791.04 8796.08 8800.29 8804.1 8808.77 8815.02 8819.21 8825.67 8823.78 8813.91 8809.05 8807.69 8798.39 8788.75 8784.97 8784.81 8786.08 8787.68 8789.3 8791.27 8793.14 8794.45 8795.38 8796.12 8793.58 8788.97 8785.77 8777.37 8768.83 8760.33 8751.77 8747.8 8746.12 8743.41 8738.91 8729.57 8693.55 8643.58 8689.68 8705.51 8714.94 8721.53 8727.48 8733.62 8730.89 8728.71 8725.76 8721.66 8717.75 8716.23 8716.3 8716.14 8715.94 8715.56
8814.96 8816.91 8817.25 8810.01 8800.26 8789.17 8784.67 8778.89 8773.27 8769.87 8768.82 8768.94 8771.94 8778.39 8785.06 8790.7 8796.17 8802.48 8812.64 8824.01 8832.01 8823.53 8812.63 8808.67 8807.05 8796.6 8787.73 8784.18 8784.78 8786.62 8788.58 8791.07 8793.16 8795.52 8795.59 8797.03 8799.08 8800.34 8801.23 8785.51 8780.52 8772.04 8762.54 8754.01 8750.08 8748.32 8746.36 8743.2 8735.21 8711.5 8690.61 8693.75 8704.62 8713.49 8720.68 8726.4 8726.87 8730.1 8729.8 8727.8 8724.43 8720.61 8719.36 8719.65 8719.54 8719.41 8720.22
8816.13 8814.47 8811.3 8801.7 8792.13 8782.56 8775.39 8769.2 8764.19 8761.11 8760.71 8760.16 8763.57 8770.08 8775.85 8781.1 8793.29 8802.47 8808.79 8820.6 8829.06 8816.73 8805.19 8801.63 8799.86 8793.36 8786.33 8784.53 8785.07 8785.47 8786.1 8788.84 8790.34 8792.12 8795.19 8797.18 8799.64 8804.06 8809.25 8802.02 8789.14 8777.62 8765.85 8756.39 8753.1 8752.14 8750.62 8748.4 8744.34 8732.79 8720.47 8711.05 8712 8716.19 8721.12 8725.62 8732.08 8732.54 8731.72 8730.08 8728.19 8727.29 8725.89 8723.53 8721.23 8721.11 8722.06
8814 8807.53 8799.02 8790.07 8784.4 8777.64 8766.38 8759.37 8755.57 8753.93 8753.73 8754.49 8757.63 8763.56 8768.03 8771.9 8772.33 8794.96 8801.15 8807.4 8806.87 8801.86 8797.17 8794.18 8794.7 8792.47 8788.78 8786.67 8786.41 8786.48 8786.59 8786.58 8786.92 8788.24 8788.97 8792.26 8795.25 8800.37 8806.34 8808.74 8797.56 8786.29 8772.43 8759.12 8758.34 8757.67 8756.35 8753.5 8747.88 8737.76 8729.09 8723.42 8720.36 8720.36 8722.44 8727.59 8731.12 8733.67 8733.61 8732.27 8731 8731.07 8729.97 8725.51 8722.46 8720.58 8721.11
8804.19 8798.41 8788.76 8777.04 8764.16 8757.04 8754.09 8747.73 8743.66 8743.05 8745.98 8752.84 8753.64 8757.77 8761.72 8765.31 8771.1 8781.6 8792.01 8796.16 8796.68 8799.15 8793.47 8792.43 8793.85 8793.9 8793.37 8789.67 8788.13 8787.07 8785.68 8786.07 8786.36 8785.99 8787.44 8789.4 8792.47 8795.96 8797.27 8803.5 8805.07 8797.56 8785.88 8774.58 8769.84 8766.84 8763.92 8758.25 8754.65 8751.41 8742.25 8733.06 8727.14 8723.88 8722.83 8725.22 8732.08 8736.05 8734.79 8733.41 8731.77 8730.17 8727.47 8724.37 8721.79 8719.42 8717.67
8800.27 8790.44 8777.81 8765.66 8761.22 8752.78 8743.75 8735.95 8728.95 8729.77 8734.5 8739.76 8749.23 8752.81 8755.92 8759.85 8765.34 8772.5 8780.89 8788.83 8794.85 8798.03 8795.38 8796.52 8795.96 8795.21 8793.86 8791.69 8790.28 8788.34 8787.48 8786.2 8785.57 8786.85 8786.67 8785.83 8788.42 8793.13 8806.26 8815.75 8818.14 8808.63 8798.16 8787.49 8778.62 8773.78 8768.66 8764.13 8759.84 8755.81 8748.64 8739.82 8731.98 8726.78 8722.49 8718.03 8721.13 8732.22 8734.37 8734.04 8732.64 8728.19 8721.13 8723.33 8721.98 8720.05 8719.84
8795.9 8784.03 8768.26 8755.03 8752.97 8745.62 8735.3 8725.72 8718.2 8719.54 8724.16 8728.56 8741.46 8746.25 8749.59 8753.58 8758.89 8764.06 8773.28 8784.87 8794.04 8798.64 8795.85 8799.31 8797.46 8796.1 8794.73 8793.13 8791.41 8790.17 8788.41 8786.82 8784.93 8784.76 8783.79 8782.66 8782.76 8782.96 8788.36 8804.71 8818.22 8811.64 8803.65 8794.68 8785.31 8777.21 8771.39 8766.64 8762.59 8758.15 8750.24 8742.79 8735.77 8730.16 8726.01 8720.89 8721.15 8728.77 8735.62 8736.76 8735.39 8732.74 8730.85 8726.54 8722.83 8720.32 8721.65
