real_craters/C074-750m.grd
DSAA
76 76
-28.21 28.21
-28.21 28.21
8044.252777232 9177.0605048208
[rows 0 to 41 of 76, columns 0 to 75 of 76]
8785 8796 8810 8826 8848 8881 8885 8890 8899 8903 8892 8870 8839 8809 8798 8797 8795 8792 8791 8791 8788 8786 8784 8784 8784 8785 8787 8788 8789 8789 8789 8790 8791 8797 8803 8808 8811 8811 8813 8814 8820 8844 8877 8905 8928 8951 8977 9011 9038 9028 9012 8978 8936 8905 8884 8871 8863 8860 8855 8851 8850 8850 8850 8851 8851 8851 8852 8850 8858 8854 8845 8846 8846 8846 8843 8844
8785 8796 8807 8822 8840 8877 8882 8890 8903 8906 8893 8867 8835 8808 8797 8796 8793 8790 8788 8786 8786 8784 8784 8785 8785 8786 8786 8787 8787 8788 8786 8787 8790 8794 8802 8808 8810 8811 8812 8811 8819 8849 8887 8908 8927 8950 8978 8997 9018 9038 9016 8985 8949 8911 8888 8875 8871 8862 8854 8854 8854 8855 8855 8853 8853 8851 8856 8867 8863 8847 8846 8847 8846 8845 8845 8843
8785 8793 8805 8819 8838 8869 8885 8900 8916 8919 8904 8871 8833 8803 8795 8795 8792 8789 8786 8785 8784 8782 8780 8785 8787 8787 8786 8786 8787 8788 8788 8788 8794 8800 8807 8808 8808 8810 8812 8814 8827 8853 8885 8906 8922 8940 8957 8977 8991 9057 9036 9000 8965 8921 8897 8884 8877 8872 8861 8858 8857 8860 8862 8858 8855 8855 8855 8852 8853 8850 8848 8848 8847 8845 8844 8842
8785 8789 8803 8820 8838 8866 8887 8915 8935 8936 8909 8871 8830 8804 8794 8791 8790 8788 8786 8785 8783 8781 8782 8789 8797 8786 8785 8786 8787 8787 8787 8794 8798 8803 8811 8803 8803 8807 8812 8817 8828 8850 8876 8896 8912 8928 8944 8968 9003 9046 9023 9037 8990 8935 8908 8892 8879 8875 8868 8861 8857 8856 8855 8856 8855 8856 8854 8852 8850 8849 8848 8849 8847 8846 8845 8843
8789 8792 8803 8823 8841 8864 8891 8917 8950 8948 8912 8868 8824 8797 8793 8795 8791 8789 8787 8786 8783 8782 8782 8787 8788 8786 8785 8786 8788 8789 8792 8797 8803 8804 8802 8797 8798 8805 8812 8818 8828 8848 8867 8885 8902 8918 8934 8953 8972 8982 8946 9029 9000 8953 8920 8892 8877 8872 8864 8860 8856 8852 8847 8848 8851 8850 8851 8851 8849 8850 8852 8852 8851 8848 8843 8840
8788 8791 8803 8822 8840 8862 8892 8928 8958 8953 8910 8865 8822 8798 8794 8796 8791 8789 8787 8787 8787 8786 8783 8782 8782 8785 8786 8788 8790 8793 8796 8801 8801 8799 8794 8791 8796 8804 8813 8824 8839 8849 8861 8876 8893 8909 8923 8935 8940 8956 8988 9009 8985 8953 8931 8923 8891 8873 8864 8858 8854 8852 8852 8846 8847 8846 8846 8846 8847 8846 8853 8854 8853 8850 8847 8846
8787 8791 8799 8817 8837 8870 8893 8927 8957 8953 8916 8867 8818 8795 8794 8794 8790 8788 8787 8786 8788 8787 8782 8783 8785 8785 8787 8789 8792 8796 8802 8803 8806 8797 8789 8788 8795 8803 8813 8826 8834 8844 8857 8872 8886 8900 8915 8922 8922 8927 8935 8950 8956 8948 8936 8923 8885 8873 8861 8853 8850 8850 8853 8855 8848 8843 8843 8844 8844 8843 8851 8852 8851 8849 8849 8849
8785 8791 8798 8810 8828 8863 8896 8912 8951 8950 8925 8876 8822 8802 8798 8794 8790 8787 8786 8784 8785 8785 8787 8786 8787 8787 8788 8791 8793 8795 8798 8797 8792 8791 8789 8792 8798 8804 8810 8817 8824 8837 8852 8869 8878 8889 8898 8904 8908 8911 8916 8922 8934 8938 8931 8904 8881 8860 8851 8846 8843 8842 8841 8844 8845 8843 8842 8843 8844 8847 8851 8852 8853 8852 8851 8848
8780 8788 8793 8808 8834 8852 8899 8927 8940 8943 8931 8898 8852 8825 8805 8793 8788 8787 8787 8788 8788 8788 8789 8789 8789 8790 8791 8792 8793 8793 8792 8787 8783 8787 8792 8799 8801 8805 8808 8811 8822 8835 8847 8853 8866 8874 8882 8891 8896 8899 8901 8910 8920 8929 8926 8901 8875 8845 8838 8835 8834 8833 8832 8835 8838 8838 8840 8840 8843 8847 8849 8849 8854 8861 8854 8851
8787 8786 8786 8722 8759 8856 8883 8909 8921 8930 8929 8922 8908 8855 8812 8792 8788 8787 8788 8791 8792 8791 8790 8791 8792 8792 8792 8793 8792 8791 8788 8786 8786 8787 8792 8799 8804 8808 8811 8816 8829 8840 8844 8854 8856 8859 8865 8872 8883 8892 8890 8898 8908 8918 8921 8909 8870 8842 8829 8825 8824 8824 8826 8831 8834 8832 8829 8831 8837 8843 8841 8841 8846 8851 8851 8855
8782 8786 8792 8775 8794 8841 8874 8895 8908 8915 8923 8926 8913 8864 8815 8794 8789 8788 8790 8794 8795 8795 8796 8794 8794 8794 8794 8794 8793 8791 8788 8785 8786 8787 8790 8798 8806 8812 8816 8823 8831 8836 8834 8834 8836 8842 8848 8856 8867 8879 8880 8886 8896 8905 8913 8912 8874 8835 8821 8816 8815 8817 8820 8825 8828 8825 8821 8824 8828 8831 8830 8834 8837 8838 8843 8848
8779 8784 8794 8807 8822 8841 8869 8889 8904 8911 8918 8920 8902 8861 8819 8798 8791 8790 8792 8795 8797 8797 8800 8796 8796 8797 8796 8798 8795 8793 8790 8789 8789 8790 8792 8802 8814 8818 8818 8818 8820 8819 8817 8814 8818 8826 8834 8843 8851 8860 8861 8873 8882 8889 8890 8887 8857 8819 8810 8808 8808 8811 8814 8817 8820 8821 8821 8822 8823 8821 8821 8826 8829 8832 8836 8842
8779 8783 8790 8798 8811 8841 8861 8881 8899 8912 8916 8910 8891 8855 8817 8802 8797 8796 8797 8798 8798 8801 8802 8799 8799 8801 8809 8803 8800 8798 8794 8793 8794 8801 8808 8821 8830 8828 8824 8818 8808 8801 8802 8803 8808 8817 8825 8831 8838 8844 8851 8862 8870 8875 8878 8869 8836 8808 8802 8800 8801 8803 8806 8808 8808 8818 8825 8822 8820 8820 8819 8823 8826 8827 8831 8838
8779 8782 8785 8797 8815 8830 8859 8880 8902 8917 8914 8904 8882 8851 8820 8807 8802 8801 8801 8803 8804 8808 8804 8800 8801 8804 8809 8809 8806 8804 8802 8800 8803 8818 8829 8851 8849 8836 8826 8816 8803 8793 8795 8797 8802 8812 8821 8826 8829 8830 8844 8851 8856 8860 8862 8860 8817 8798 8793 8795 8795 8796 8799 8803 8813 8819 8821 8819 8816 8814 8818 8824 8825 8825 8828 8834
8781 8784 8789 8800 8818 8826 8846 8872 8897 8912 8911 8901 8878 8848 8824 8812 8808 8806 8807 8809 8811 8810 8805 8801 8803 8806 8809 8811 8813 8815 8815 8820 8829 8836 8848 8846 8839 8830 8822 8814 8803 8793 8798 8801 8804 8812 8819 8823 8824 8823 8835 8839 8843 8845 8847 8847 8803 8791 8789 8790 8787 8787 8790 8802 8809 8818 8819 8812 8809 8811 8816 8824 8824 8823 8825 8829
8782 8786 8791 8800 8814 8828 8842 8862 8891 8909 8910 8897 8875 8846 8824 8814 8810 8811 8812 8813 8812 8812 8805 8802 8806 8811 8813 8816 8823 8825 8827 8833 8832 8832 8831 8829 8824 8814 8805 8805 8807 8810 8813 8813 8820 8820 8821 8821 8820 8821 8829 8833 8832 8828 8818 8800 8798 8794 8785 8777 8770 8767 8768 8775 8792 8805 8811 8799 8797 8800 8807 8816 8818 8819 8821 8824
8783 8788 8795 8802 8817 8830 8839 8862 8892 8914 8915 8904 8877 8843 8822 8815 8813 8812 8814 8816 8817 8814 8803 8802 8810 8821 8833 8842 8838 8832 8831 8833 8826 8814 8806 8804 8798 8795 8794 8798 8809 8830 8825 8823 8828 8826 8825 8824 8821 8816 8826 8827 8822 8813 8806 8804 8803 8794 8772 8757 8748 8741 8737 8735 8742 8755 8776 8781 8782 8786 8792 8798 8807 8813 8817 8819
8783 8787 8791 8798 8806 8821 8838 8863 8891 8915 8921 8913 8881 8845 8824 8817 8814 8814 8816 8818 8820 8812 8801 8803 8816 8831 8848 8863 8845 8831 8822 8815 8805 8797 8789 8785 8780 8779 8778 8788 8798 8805 8813 8820 8830 8828 8827 8824 8819 8818 8825 8826 8817 8804 8794 8796 8794 8771 8747 8734 8724 8716 8707 8699 8700 8705 8730 8754 8764 8772 8779 8785 8797 8806 8812 8813
8782 8783 8785 8783 8790 8809 8830 8855 8881 8909 8924 8918 8883 8847 8828 8820 8816 8816 8816 8817 8816 8811 8803 8811 8825 8837 8846 8847 8837 8822 8804 8793 8793 8788 8784 8780 8780 8775 8774 8781 8787 8792 8801 8813 8819 8829 8834 8831 8821 8819 8827 8826 8819 8802 8780 8779 8761 8724 8716 8711 8703 8693 8682 8670 8665 8677 8695 8717 8742 8757 8766 8778 8791 8801 8802 8811
8780 8779 8778 8779 8786 8803 8824 8847 8866 8898 8917 8915 8879 8846 8830 8824 8822 8820 8818 8818 8812 8807 8819 8830 8836 8840 8841 8836 8828 8814 8797 8789 8791 8786 8783 8780 8775 8776 8778 8779 8782 8785 8796 8814 8830 8843 8848 8849 8859 8864 8856 8852 8832 8806 8779 8755 8728 8702 8696 8694 8686 8677 8663 8650 8641 8647 8668 8688 8716 8734 8740 8747 8794 8800 8794 8799
8779 8779 8780 8780 8784 8804 8825 8849 8868 8885 8898 8893 8867 8840 8832 8829 8828 8826 8822 8818 8814 8815 8843 8849 8848 8845 8840 8834 8822 8808 8796 8792 8792 8785 8783 8782 8780 8778 8778 8780 8782 8785 8796 8816 8844 8862 8859 8862 8867 8874 8868 8866 8846 8809 8773 8744 8715 8700 8693 8685 8676 8666 8654 8641 8634 8638 8651 8670 8692 8711 8723 8737 8780 8793 8790 8795
8780 8780 8779 8785 8793 8808 8828 8854 8867 8888 8889 8880 8862 8842 8838 8839 8841 8841 8837 8831 8837 8850 8877 8867 8856 8846 8836 8823 8811 8805 8805 8796 8790 8791 8790 8790 8786 8783 8785 8786 8785 8785 8792 8815 8838 8855 8859 8865 8874 8881 8879 8875 8846 8800 8767 8749 8719 8711 8694 8680 8672 8660 8649 8639 8631 8632 8639 8651 8671 8695 8719 8752 8776 8781 8784 8791
8781 8785 8788 8796 8797 8809 8827 8851 8861 8883 8898 8892 8869 8850 8850 8852 8852 8854 8855 8860 8871 8884 8879 8872 8862 8848 8833 8814 8802 8801 8796 8797 8797 8794 8799 8804 8805 8806 8804 8800 8796 8793 8797 8814 8833 8844 8855 8859 8868 8894 8883 8872 8832 8785 8749 8729 8709 8692 8682 8675 8667 8658 8647 8637 8629 8626 8630 8635 8655 8681 8709 8737 8757 8769 8777 8790
8780 8784 8788 8788 8796 8808 8823 8844 8859 8872 8910 8911 8891 8876 8870 8868 8867 8869 8873 8874 8879 8880 8879 8872 8862 8850 8838 8824 8815 8809 8805 8805 8805 8805 8814 8822 8831 8836 8826 8819 8812 8805 8797 8816 8834 8851 8847 8846 8851 8871 8857 8832 8809 8772 8738 8712 8699 8687 8679 8676 8669 8657 8645 8634 8625 8622 8625 8629 8641 8670 8699 8725 8743 8758 8772 8774
8779 8782 8783 8787 8796 8808 8821 8838 8858 8868 8899 8918 8913 8900 8887 8879 8876 8878 8885 8900 8889 8886 8881 8871 8861 8853 8847 8840 8835 8827 8821 8821 8821 8825 8834 8840 8845 8846 8846 8840 8829 8825 8829 8826 8829 8830 8830 8832 8831 8842 8829 8808 8801 8769 8728 8701 8685 8685 8688 8682 8671 8659 8645 8632 8621 8620 8623 8627 8636 8662 8691 8718 8740 8756 8764 8774
8780 8783 8790 8794 8800 8814 8827 8844 8858 8865 8900 8917 8920 8910 8896 8885 8880 8877 8878 8882 8876 8875 8868 8863 8860 8857 8857 8859 8858 8855 8843 8839 8839 8842 8851 8869 8870 8863 8867 8854 8845 8839 8840 8831 8827 8813 8811 8823 8838 8830 8815 8798 8802 8785 8747 8700 8691 8689 8697 8688 8677 8663 8649 8634 8619 8620 8623 8628 8636 8659 8687 8715 8742 8753 8756 8767
8783 8786 8792 8801 8812 8825 8839 8849 8863 8870 8898 8914 8916 8906 8894 8882 8873 8866 8863 8858 8849 8842 8833 8845 8852 8856 8863 8875 8889 8889 8882 8864 8847 8836 8882 8912 8911 8869 8878 8854 8848 8847 8834 8837 8837 8803 8796 8811 8816 8822 8812 8796 8788 8786 8760 8711 8688 8689 8696 8690 8680 8668 8655 8641 8625 8623 8627 8631 8639 8661 8688 8713 8733 8742 8747 8758
8787 8790 8801 8810 8826 8837 8846 8854 8867 8877 8905 8907 8903 8892 8882 8872 8862 8852 8843 8830 8823 8816 8826 8840 8842 8848 8858 8871 8887 8885 8902 8927 8912 8974 9013 8933 8920 8963 8842 8813 8830 8866 8895 8904 8873 8819 8793 8800 8813 8821 8821 8815 8798 8790 8764 8711 8692 8686 8687 8687 8683 8674 8666 8656 8650 8633 8630 8643 8653 8669 8693 8715 8731 8741 8741 8753
8793 8799 8815 8830 8846 8850 8854 8862 8868 8898 8893 8883 8879 8872 8866 8858 8847 8835 8822 8814 8816 8817 8804 8820 8828 8836 8845 8853 8857 8850 8912 9021 9126 9143 9018 8828 8710 8640 8651 8704 8770 8858 8973 9000 8905 8832 8796 8798 8812 8829 8829 8825 8807 8795 8778 8733 8704 8691 8690 8689 8689 8683 8677 8668 8656 8631 8638 8659 8669 8683 8702 8718 8733 8738 8743 8751
8802 8812 8828 8843 8856 8857 8860 8864 8877 8887 8843 8867 8857 8857 8851 8844 8834 8824 8813 8812 8814 8814 8803 8808 8820 8832 8841 8843 8832 8830 8919 9046 9177 8974 8789 8610 8453 8388 8473 8574 8656 8757 8890 8935 8866 8832 8818 8799 8811 8821 8824 8822 8817 8814 8798 8762 8723 8703 8701 8702 8696 8691 8685 8677 8670 8645 8655 8672 8693 8709 8715 8721 8726 8734 8740 8744
8809 8820 8835 8846 8854 8854 8867 8880 8872 8845 8842 8855 8856 8849 8841 8833 8823 8814 8807 8801 8806 8806 8805 8803 8822 8844 8862 8868 8855 8871 8918 8950 8920 8745 8505 8407 8335 8361 8433 8469 8519 8574 8620 8658 8731 8803 8849 8819 8802 8808 8813 8819 8819 8806 8795 8767 8734 8714 8707 8709 8707 8702 8696 8688 8668 8665 8675 8694 8715 8728 8726 8723 8720 8726 8736 8734
8817 8828 8838 8845 8847 8845 8875 8874 8840 8854 8838 8837 8842 8836 8829 8820 8811 8804 8799 8795 8797 8801 8797 8800 8827 8869 8909 8938 8945 8931 8914 8833 8690 8482 8272 8287 8341 8352 8371 8352 8366 8375 8372 8397 8586 8771 8887 8843 8808 8800 8800 8807 8806 8794 8773 8754 8742 8730 8718 8716 8720 8717 8710 8696 8703 8696 8707 8722 8729 8735 8728 8723 8721 8725 8732 8731
8823 8833 8843 8850 8858 8866 8885 8867 8835 8857 8848 8835 8827 8824 8817 8810 8802 8795 8793 8792 8786 8786 8791 8793 8835 8895 8957 9017 9076 9057 8904 8771 8590 8357 8225 8236 8250 8227 8191 8227 8238 8231 8219 8261 8496 8754 8938 8889 8819 8792 8784 8798 8818 8793 8759 8750 8755 8765 8745 8737 8737 8735 8734 8733 8737 8720 8720 8729 8728 8729 8722 8719 8717 8717 8721 8724
8833 8848 8851 8857 8866 8872 8872 8870 8869 8846 8841 8831 8820 8815 8807 8800 8793 8786 8780 8794 8805 8798 8793 8796 8844 8914 8993 9062 9104 8972 8817 8722 8565 8347 8238 8220 8201 8165 8144 8146 8143 8132 8134 8198 8431 8731 9003 8935 8849 8802 8770 8786 8805 8779 8749 8753 8762 8775 8763 8758 8755 8754 8756 8761 8749 8731 8724 8724 8720 8713 8713 8714 8714 8712 8711 8716
8847 8851 8846 8857 8868 8866 8842 8861 8887 8851 8838 8824 8814 8810 8804 8797 8789 8783 8789 8794 8794 8794 8789 8788 8839 8922 9007 9068 9048 8787 8658 8606 8489 8333 8241 8205 8170 8148 8129 8114 8091 8077 8087 8141 8366 8658 8944 9002 8897 8823 8786 8776 8786 8780 8760 8758 8759 8755 8758 8767 8766 8764 8765 8761 8742 8728 8718 8715 8710 8707 8706 8709 8712 8715 8713 8714
8854 8858 8841 8865 8881 8871 8818 8835 8847 8834 8827 8820 8816 8811 8804 8796 8787 8780 8779 8786 8769 8783 8779 8782 8836 8916 8997 9058 9057 8762 8539 8446 8377 8292 8236 8204 8175 8154 8140 8126 8073 8054 8066 8128 8297 8528 8767 8967 8897 8824 8776 8762 8764 8763 8771 8762 8754 8748 8751 8762 8764 8768 8770 8761 8744 8726 8711 8708 8705 8698 8701 8708 8713 8713 8710 8714
8869 8843 8847 8881 8908 8864 8817 8825 8842 8850 8834 8826 8823 8817 8810 8802 8792 8781 8777 8796 8814 8793 8779 8788 8829 8889 8954 8999 8985 8693 8451 8371 8303 8237 8199 8197 8186 8159 8159 8116 8074 8048 8054 8100 8210 8378 8566 8761 8840 8815 8766 8750 8749 8759 8770 8763 8754 8746 8747 8748 8760 8768 8773 8780 8755 8731 8716 8710 8708 8707 8709 8711 8713 8711 8706 8713
8849 8827 8844 8888 8928 8814 8814 8824 8836 8850 8843 8840 8831 8825 8817 8810 8801 8794 8797 8794 8794 8789 8781 8777 8798 8851 8892 8898 8829 8575 8377 8328 8263 8197 8152 8194 8185 8135 8071 8050 8052 8049 8050 8050 8121 8261 8411 8722 8815 8806 8766 8746 8738 8750 8764 8760 8751 8745 8747 8756 8760 8767 8771 8770 8753 8732 8717 8715 8715 8717 8719 8714 8711 8709 8706 8708
8833 8826 8838 8867 8890 8804 8811 8825 8843 8843 8848 8836 8837 8834 8828 8822 8814 8806 8794 8793 8791 8788 8785 8783 8788 8820 8842 8817 8716 8541 8388 8324 8261 8183 8139 8220 8172 8112 8051 8044 8063 8069 8073 8071 8119 8227 8354 8686 8824 8821 8774 8744 8738 8745 8762 8756 8744 8733 8730 8747 8760 8766 8766 8763 8748 8730 8716 8713 8713 8715 8715 8710 8707 8700 8701 8706
8824 8827 8831 8833 8813 8806 8813 8820 8830 8840 8847 8853 8849 8843 8838 8832 8826 8820 8806 8795 8791 8789 8787 8787 8778 8806 8830 8818 8749 8631 8525 8439 8306 8182 8080 8076 8104 8093 8086 8089 8090 8116 8146 8188 8242 8278 8371 8723 8866 8851 8787 8744 8747 8761 8763 8751 8737 8723 8719 8740 8761 8765 8764 8764 8746 8725 8709 8706 8708 8707 8702 8702 8701 8700 8707 8706
8859 8835 8829 8825 8821 8824 8812 8808 8805 8822 8848 8850 8855 8852 8849 8842 8834 8819 8802 8801 8797 8791 8786 8779 8773 8806 8844 8871 8844 8762 8698 8545 8349 8198 8078 8055 8072 8079 8062 8061 8114 8175 8240 8320 8394 8365 8415 8760 8913 8882 8808 8759 8769 8773 8760 8749 8734 8720 8715 8737 8758 8764 8767 8760 8741 8721 8706 8703 8708 8703 8695 8698 8701 8699 8704 8707
8831 8849 8852 8846 8846 8875 8838 8813 8796 8806 8846 8847 8857 8856 8853 8851 8845 8832 8816 8809 8801 8792 8783 8778 8776 8805 8848 8900 8901 8805 8690 8469 8346 8213 8104 8071 8087 8095 8077 8087 8147 8225 8307 8400 8473 8440 8460 8798 8944 8897 8824 8772 8774 8774 8765 8751 8736 8723 8719 8738 8761 8757 8743 8747 8733 8716 8708 8711 8714 8704 8698 8696 8699 8700 8700 8707
