real_craters/C074-300m.grd
DSAA
189 189
-28.21 28.21
-28.21 28.21
8016.9705130706 9186.9529476599
[rows 90 to 119 of 189, columns 0 to 66 of 189]
8867.3 8856.23 8848.83 8843.75 8842.05 8846.54 8857.3 8871.71 8886.24 8898 8905.95 8906.04 8886.37 8854.72 8829.71 8817.13 8816.91 8821.32 8827.99 8834.84 8842.17 8851.63 8854.38 8846.83 8838.44 8833.2 8829.05 8824.44 8826.3 8825.19 8822.73 8820.05 8817.25 8814.36 8812.33 8809.26 8806.02 8802.63 8799.05 8795.34 8791.82 8786.88 8782.58 8777.53 8772.34 8775.57 8783.14 8791.01 8799.39 8808.57 8814.52 8809.41 8798.75 8790.63 8784.32 8779.52 8776.41 8778.78 8796.66 8816.66 8828.06 8849.94 8874.85 8901.58 8929.48 8954.92 8977.77
8865.01 8847.14 8835.34 8835.24 8836.91 8845.67 8859.86 8876.29 8892.35 8905.52 8909.52 8897.67 8863.8 8827.75 8819.15 8816.99 8816.87 8820.86 8826.42 8833.27 8840.31 8848.8 8850.03 8847.77 8842.25 8838.08 8835.66 8834.35 8832.19 8829.71 8826.74 8823.92 8821.12 8818.25 8815.39 8812.58 8809.32 8806.79 8803.23 8799.59 8795.67 8791.02 8787.27 8784.31 8781.26 8784.55 8788.13 8793.27 8798.34 8803.36 8808.2 8803.73 8797.15 8790.32 8784.68 8780.04 8777.25 8777.91 8786.29 8795.8 8815.51 8837.43 8860.8 8884.79 8909.12 8930.81 8949.35
8855.08 8839.69 8829.84 8829.76 8834.05 8844.38 8860.29 8878.49 8896.9 8912.38 8917.89 8893.2 8845.18 8809.37 8810.15 8814.55 8816.42 8819.8 8825.2 8831.16 8838.53 8847.83 8849.87 8846.59 8842.47 8841.03 8840.08 8838.01 8835.44 8832.81 8829.5 8826.49 8823.89 8821.03 8817.61 8814.56 8811.42 8809.3 8805.57 8802.13 8798.64 8795.4 8792.53 8791.38 8797.43 8796.66 8796.42 8795.26 8795.82 8796.11 8794.18 8796.04 8793.14 8788.75 8784.52 8780.59 8778 8778.25 8779.7 8783.78 8802.41 8824.51 8846.51 8868.1 8888.3 8905.53 8919.05
8847.54 8833.88 8826.75 8826.68 8830.62 8842.77 8859.11 8877.59 8896.74 8914.36 8926.35 8900.05 8830.53 8805.34 8809.07 8813.78 8816.04 8820.59 8825.93 8831.15 8835.23 8845.24 8857.31 8845.22 8842.72 8843.27 8842.88 8842.29 8838.46 8835.03 8832.37 8830.08 8827.89 8825.03 8822.24 8819.52 8816.75 8813.93 8810.79 8807.51 8804.13 8800.5 8796.85 8793.19 8789.21 8796.26 8796.54 8794.69 8793.09 8792.01 8792.62 8791.33 8790.27 8787.55 8784.16 8781.01 8778.39 8775.79 8775.67 8780.12 8793.84 8813.99 8833.4 8852.21 8869.07 8881.02 8889.36
8843.03 8831.25 8826.07 8825.4 8829.4 8840.61 8855.94 8872.78 8890.36 8906.51 8912.28 8883.16 8832.68 8804.58 8804.44 8810.82 8814.99 8820.49 8827.04 8831.95 8834.8 8836.65 8845.86 8847.82 8847.81 8846.02 8843.83 8839.94 8836.93 8834.34 8833.4 8832.15 8831.11 8829.05 8826.66 8823.74 8820.41 8817.37 8814.41 8811.38 8808.29 8805.38 8801.92 8799.31 8796.99 8793.77 8793.89 8793.27 8791.42 8787.07 8785.6 8788.69 8788.61 8787.03 8784.64 8782.29 8779.8 8777.55 8777.26 8776.88 8788.65 8805.43 8821.96 8838.1 8851.85 8860.26 8863.92
8834.79 8830.35 8826.81 8825.4 8828.8 8838.35 8850.21 8863.65 8877.25 8889.49 8896.94 8867.27 8822.77 8801.49 8803.48 8810.08 8815 8820.7 8828.32 8835.13 8841.45 8840.9 8837.61 8846.37 8850.2 8847.91 8845.12 8839.71 8833.69 8833.59 8835.99 8835.68 8834 8831.91 8829.53 8826.97 8825.16 8822.54 8819.63 8816.28 8813.26 8810.26 8806.89 8803.64 8799.21 8793.2 8793.24 8793.27 8792.67 8792.16 8790.54 8789.29 8788.61 8787.42 8785.8 8784.27 8782.73 8782.13 8781.78 8781.02 8786.77 8798.93 8813.17 8826.27 8837.54 8844.37 8844.53
8830.05 8828.66 8826.66 8825.8 8828.4 8835.18 8843.74 8852.72 8859.63 8863.26 8863.43 8840.87 8808.65 8799.54 8809.35 8812.77 8816.29 8821.35 8829.03 8837.5 8846.03 8849.21 8846.98 8846.85 8848.86 8848.43 8846.79 8843.02 8840.89 8842.57 8841.51 8839.74 8838.05 8835.96 8833.67 8830.66 8827.96 8825.05 8823.2 8820.32 8817.61 8814.99 8812.03 8807.83 8803.31 8798.81 8796.18 8794.69 8793.99 8795.1 8793.13 8790 8789.23 8788.05 8786.97 8786.05 8785.29 8785.45 8785.03 8781.03 8783.57 8793.09 8804.63 8817.78 8827.76 8833.35 8832.84
8826.5 8825.11 8825.74 8826.75 8828.94 8832.52 8837.15 8840.87 8841.91 8836.54 8824.07 8817.44 8806.71 8809.46 8817.04 8814.9 8815.74 8820.02 8826.33 8834.46 8847.92 8850.49 8848.57 8847.48 8849.82 8847.71 8845.97 8846.77 8849.46 8851.13 8846.95 8844.2 8841.89 8839.6 8837.25 8835.11 8832.67 8830.1 8827.58 8825.35 8822.89 8820.43 8817.75 8814.87 8810.59 8805.39 8799.42 8796 8793.79 8791.87 8791.77 8790.24 8788.92 8787.85 8787.52 8786.93 8786.79 8787.21 8786.97 8780.29 8779.72 8788.37 8799.58 8811.21 8822.4 8828.53 8829.33
8824.03 8822.35 8826.24 8828.47 8829.77 8830.78 8832.07 8832.29 8829.7 8822.31 8812.03 8809.05 8805.6 8807.19 8812.21 8811.34 8813.65 8816.11 8820.37 8825.08 8826.75 8834.7 8837.47 8839.98 8844.78 8847.49 8844.34 8849.1 8855.22 8850.98 8849.78 8847.9 8845.52 8843.33 8841.1 8838.91 8836.55 8834.12 8831.23 8829.04 8826.86 8824.33 8822.48 8820.41 8811.97 8805.19 8800 8796.64 8793.77 8792.08 8791.54 8790.92 8790.07 8788.8 8787.24 8786.59 8786.79 8786.51 8784.84 8778.25 8775.91 8784.3 8796.48 8808.77 8820.08 8829.32 8832.27
8833.36 8831.83 8831.33 8829.14 8828.63 8828.54 8828.27 8826.93 8823.67 8819.05 8814.19 8811.32 8808.94 8806.26 8803.52 8807.39 8810.18 8812.12 8813.95 8816.14 8821.82 8824.23 8828.34 8833.94 8844.23 8849.59 8856.61 8855.87 8855.67 8852.26 8852.39 8850.94 8849.39 8847.5 8845.52 8842.42 8840.25 8838.99 8836.26 8833.52 8830.98 8827.51 8823.61 8820.1 8807.82 8800.69 8799.33 8797.65 8795.34 8791.81 8792.53 8792.18 8790.85 8789.39 8788.11 8786.75 8785.53 8784.24 8782.24 8776.99 8773.85 8782.01 8794.84 8808.09 8822.65 8833.78 8842.55
8853.96 8851.5 8839 8830.27 8828.19 8828.94 8828.25 8825.97 8822.79 8820.36 8819.73 8819.06 8819.64 8821.77 8814.54 8810.95 8809.75 8808.92 8807.98 8806.88 8806.44 8814.1 8820.34 8827.18 8840.64 8848.55 8849.42 8851.94 8851.52 8856.38 8855.08 8853.8 8852.37 8850.82 8849.14 8847.74 8845.22 8842.98 8840.59 8837.63 8834.08 8829.78 8823.89 8814.64 8806.42 8801.81 8800.89 8800.47 8800.1 8798.9 8795.93 8794.02 8792.29 8789.92 8788.06 8785.97 8784.13 8781.87 8778.47 8774.46 8772.39 8781.48 8794.43 8809.79 8826.62 8841.05 8852.48
8857.75 8855.83 8842.05 8832.1 8831.17 8832.61 8831.76 8829.22 8825.16 8821.96 8824.29 8829.71 8833.02 8829.29 8824.95 8817.13 8813.24 8809.61 8805.24 8801.74 8801.85 8807.56 8815.98 8823.4 8838.62 8844.01 8849.94 8848.08 8849.18 8853.29 8855.26 8855.33 8854.61 8852.84 8851.34 8850.26 8847.42 8846.02 8843.76 8841.1 8837.94 8833.29 8827.18 8819.44 8810.21 8805.79 8804.55 8804.24 8804.39 8802.91 8798.9 8795.77 8792.93 8790.43 8787.89 8785.15 8782.85 8780.28 8776.82 8774.84 8774.58 8781.97 8795.95 8811.34 8829 8846.16 8860.98
8839.47 8844.09 8842.19 8836.28 8839.29 8841.3 8840.78 8837.87 8832.49 8826.63 8833.06 8844.99 8853.01 8846.96 8831.31 8825.08 8820.25 8813.32 8805.69 8799.26 8797.49 8802.23 8809.45 8814.85 8825.87 8834.55 8832.35 8844.24 8851.09 8853.8 8855.97 8856.71 8855.99 8854.7 8853.57 8851.89 8850.65 8849.08 8847.18 8845.03 8841.73 8837.34 8832.08 8824.82 8816.6 8811.86 8809.41 8807.96 8807.01 8804.78 8800.88 8797.35 8793.98 8790.65 8787.63 8784.73 8782.1 8779.86 8778.43 8777.38 8776.98 8782.43 8795.35 8810.85 8829.04 8847.84 8865.73
8830.6 8840.35 8850.07 8855.63 8854.69 8855 8854.6 8852.32 8847.54 8840.05 8850.11 8865.29 8877.89 8874.5 8850.77 8842.86 8832.85 8821.13 8808.84 8798.93 8795.55 8798.09 8802.29 8804.65 8831.8 8848.35 8847.02 8844.26 8847.23 8853.3 8856.51 8856.14 8855.91 8855.24 8854.24 8853.35 8852.51 8851.55 8850.29 8849.13 8846.42 8842.51 8837.45 8830.83 8822.48 8818.18 8814.73 8811.58 8808.2 8805.23 8802.14 8798.21 8794.41 8790.78 8786.96 8783.62 8780.63 8778.51 8777.63 8777.21 8775.43 8780.37 8792.86 8808.43 8825.06 8843.75 8863.12
8830.35 8843.39 8857.22 8867.34 8869.3 8869.85 8869.79 8870.05 8870.91 8871.15 8876.54 8885.79 8896.55 8900.11 8882.68 8866.08 8848.69 8831.89 8815.48 8800.12 8795.59 8797.9 8801.35 8813.4 8834.16 8844.23 8837.61 8841.07 8844.43 8848.16 8851.48 8855.72 8855.93 8855.5 8855.13 8854.97 8854.8 8854.56 8854.06 8853.45 8851.61 8848.51 8843.27 8838.03 8832.89 8825.65 8820.26 8815.98 8810.82 8807.24 8803.51 8799.27 8795.03 8790.88 8786.71 8782.84 8779.06 8775.71 8772.81 8770.6 8768.86 8775.14 8788.93 8804.37 8820.56 8835.22 8852.29
8832.48 8850.58 8868.26 8877.82 8882.41 8882.84 8883.04 8885.44 8891.64 8902.71 8898.15 8899.6 8903.56 8903.84 8896.14 8881.64 8862.44 8844.21 8826.61 8808.77 8803.45 8803.8 8806.66 8815.12 8827.14 8829.18 8830.03 8837.44 8846.51 8855.24 8858.15 8856.38 8855.15 8854.81 8855.47 8855.63 8856.33 8856.7 8857.41 8857.89 8857.23 8855.32 8851.46 8844.8 8837.74 8831.07 8825.12 8820.46 8818.1 8810.89 8805.23 8800.27 8795.54 8790.99 8786.32 8781.84 8777.31 8772.71 8767.48 8762.96 8765.11 8772.7 8785.21 8799.18 8813.86 8826.87 8840.54
8835.87 8859.73 8885.04 8896.46 8895.49 8893.52 8892.17 8894.42 8899.44 8903.81 8904.35 8904.34 8904.86 8900.65 8893.47 8887.21 8871.05 8855.59 8841.82 8828.48 8818.51 8812.83 8812.6 8819.66 8825.46 8825.92 8829.07 8833.87 8837.8 8842.78 8853.62 8852.01 8851.83 8852.63 8854.47 8856.11 8857.65 8859.41 8860.77 8862.42 8863.1 8862.37 8859.12 8850.63 8842.14 8835.39 8828.88 8823.03 8815.93 8811.75 8806.25 8801.06 8796.04 8791.1 8786.17 8781.4 8776.47 8771.32 8766.19 8762.73 8763.89 8769.76 8782.27 8794.09 8804.59 8816.14 8825.76
8836.29 8865.73 8895.09 8905.28 8902.27 8898.43 8895.87 8895.13 8897.05 8901.02 8900.74 8901.53 8902.39 8897.53 8888.88 8884.02 8873.82 8863.38 8854.93 8851.23 8832.16 8820.16 8813.37 8811.77 8819.53 8830.11 8831.73 8831.57 8829.43 8829.47 8840.07 8842.98 8845.9 8848.66 8852.29 8855.28 8857.87 8860.51 8863.17 8866 8868.36 8869.55 8867.22 8857.37 8847.56 8839.75 8831.92 8825.06 8820.77 8812.61 8806.95 8801.69 8796.56 8791.75 8786.56 8781.63 8776.72 8771.9 8767.4 8764.81 8765.92 8772.1 8780.24 8788.12 8795.5 8804.06 8811.6
8835.31 8865.68 8897.94 8904.84 8900.79 8896.56 8893.35 8890.85 8887.18 8886.38 8891.69 8893.23 8893.85 8891.05 8885.08 8878.85 8873.91 8866.85 8859.19 8849.77 8836.97 8823.97 8814.13 8810.3 8820.33 8829.86 8834.94 8830.82 8828.7 8829.91 8827.05 8833.61 8840.12 8845.16 8849.49 8853.8 8857.5 8861.69 8865.16 8868.26 8871.67 8875.01 8876.33 8864.95 8854.14 8844.37 8834.63 8824.46 8815.91 8812.61 8808.02 8803.12 8798.21 8793.15 8788.21 8783.35 8778.66 8774.11 8769.88 8766.48 8766.49 8768.56 8777.16 8782.31 8788.2 8793.73 8798.46
8830.24 8855.59 8881.86 8890.9 8891.08 8889.4 8886.97 8884.91 8884.89 8883.6 8882.67 8882.7 8881.62 8882.33 8882.27 8879.37 8874.05 8867.85 8860.05 8850.17 8838.44 8826.12 8815.54 8810.16 8817.8 8833.37 8830.92 8827.82 8825.95 8825.86 8823.68 8829.02 8836.54 8842.41 8846.87 8851.43 8855.64 8860.92 8864.77 8868.53 8872.12 8875.18 8875.73 8868.59 8859.08 8848.88 8838.36 8827.68 8819.19 8814.43 8809.58 8804.58 8799.56 8794.84 8789.95 8784.98 8780.63 8776.69 8773.52 8771.45 8769.81 8767.76 8775.59 8778.65 8781.76 8783.65 8787.12
8826.27 8841.96 8855.22 8870.87 8877.85 8879.38 8878.44 8876.19 8874.5 8874.06 8873.94 8873.27 8872.44 8874.85 8878.62 8877.08 8873.76 8868.34 8861.31 8851.55 8840.14 8828.42 8817.8 8810.28 8817.8 8826.06 8823.46 8821.99 8820.38 8817.91 8822.45 8829.3 8835.08 8840.58 8845.67 8850.27 8855.04 8859.94 8863.85 8867.28 8870.46 8872 8872.3 8870.22 8862.72 8853.03 8843.03 8833.64 8825.21 8818.27 8812.3 8806.84 8801.61 8796.59 8791.76 8787.27 8783.14 8779.7 8777.26 8776.13 8776.6 8779.76 8780.87 8779.12 8778.31 8776.21 8775.78
8826.08 8837.95 8848.44 8859.15 8866.71 8870.47 8870.58 8867.56 8862.77 8864.82 8866.51 8865.77 8864.69 8867.77 8871.19 8874.28 8872.92 8867.71 8862.56 8853.73 8841.82 8831.48 8822.39 8815.97 8815.8 8818.83 8815.91 8817 8817.18 8818.99 8825.62 8831.18 8834.79 8839.24 8844.23 8849.06 8853.97 8858.94 8862.77 8865.9 8868.18 8870.35 8873.38 8873.24 8865.83 8856.15 8846.8 8837.98 8829.75 8822.17 8815.68 8809.79 8804.37 8799.22 8794.33 8789.83 8785.83 8782.64 8780.53 8780.03 8782.41 8788.02 8787.08 8782.12 8776.52 8771.79 8768.75
8823.86 8833.89 8844.98 8851.53 8858.55 8863.84 8865.89 8864.46 8859.7 8862.35 8863.52 8862.67 8861.27 8862.67 8863.95 8869.33 8871.73 8865.63 8854.91 8849.15 8842.92 8835.02 8827.42 8822.01 8820.43 8818.45 8814.68 8814.63 8815.56 8817.9 8822.51 8828.22 8833.95 8838.8 8843.53 8848.46 8853.54 8858.06 8861.9 8865.03 8866.68 8866.22 8871.88 8875.79 8866.98 8857.36 8848.64 8840.97 8832.63 8825 8818.37 8812.41 8806.79 8801.54 8796.62 8792.14 8788.19 8785.11 8783.16 8783.11 8786.03 8793.08 8791.43 8783.24 8775 8768.16 8763.56
8823.65 8825.51 8831.47 8843.47 8852.96 8860.38 8865.66 8868.59 8867.48 8866.65 8864.63 8862.36 8861.46 8861.16 8861.87 8867.66 8870.8 8865.09 8858.98 8851.1 8844.88 8838.32 8832.17 8826.96 8822.61 8819.02 8814.73 8814.38 8814.45 8815.21 8820.53 8828.92 8832.72 8837.52 8842.66 8847.94 8853.15 8858.34 8862.19 8865.26 8867.16 8869.75 8871.15 8870.64 8864.55 8856.32 8848.09 8840.85 8833.35 8826.55 8820.61 8814.25 8808.64 8803.34 8798.34 8793.75 8789.67 8786.54 8784.48 8784.04 8785.5 8792.74 8791.51 8782.61 8773.71 8767.31 8761.8
8824.36 8823.92 8828.56 8839.98 8850.94 8860.08 8867.6 8874.68 8879.75 8872.48 8867.53 8863.44 8860.97 8861.59 8862.38 8864.93 8867.41 8864.75 8858.39 8853.76 8847.91 8842.12 8837.15 8833.61 8832.82 8822.68 8818.61 8816.6 8815.52 8814.59 8817.96 8826.54 8830.53 8835.5 8841.09 8847.1 8852.78 8858.41 8862.64 8865.65 8867.12 8868.56 8867.98 8865.89 8860.88 8854.56 8846.36 8838.34 8833.48 8828.17 8822.32 8816.45 8810.85 8805.32 8800.16 8795.58 8791.44 8788.1 8785.43 8784.06 8783.26 8786.29 8785.12 8778.11 8771.92 8766.71 8760.92
8822.89 8824.29 8829.95 8840.85 8852.01 8861.79 8869.78 8874.93 8876.5 8875.14 8870.59 8865.93 8863.74 8863.84 8864.94 8867.09 8867.83 8866.69 8863.27 8857.47 8851.83 8846.24 8840.9 8836.16 8832.92 8825.56 8821.53 8821.7 8819.29 8816.6 8816.69 8822.01 8826.74 8832.76 8839.34 8846.4 8852.86 8859.17 8863.96 8866.76 8867.12 8863.58 8861.23 8860.07 8858.61 8854.58 8847.55 8838.78 8835.91 8831.33 8825.66 8819.75 8813.48 8807.75 8802.38 8797.58 8793.1 8789.22 8786.02 8783.83 8781.53 8778.06 8773.05 8773.49 8770.07 8764.4 8760.98
8821.86 8825.69 8833.09 8844.06 8855.31 8865.59 8873.95 8879.02 8880.15 8878.22 8873.89 8868.81 8866.61 8866.7 8867.54 8868.75 8870.22 8870.39 8867.23 8861.4 8855.4 8849.91 8844.51 8838.76 8833.34 8840.18 8837.21 8830.49 8825.09 8821.44 8819.96 8817.4 8823.48 8831.09 8838.85 8846.91 8854.11 8860.59 8866.32 8869.63 8870.65 8869.11 8857.97 8857.76 8859.41 8857.89 8854.78 8849.5 8841.93 8835.22 8828.64 8822.17 8816.05 8810.09 8804.49 8799.33 8794.56 8790.35 8787.01 8784.17 8781.6 8778.23 8775.83 8775.32 8772.12 8767.13 8763.48
8822.29 8828.62 8837.1 8848.33 8860.07 8870.68 8879.63 8886.19 8886.45 8882.66 8878.03 8874.07 8870.92 8869.56 8869.75 8871.12 8871.98 8871.89 8871.5 8863 8858.36 8854.3 8850.08 8845.61 8842.06 8847.28 8843.01 8837.02 8830.53 8825.51 8822.05 8818.79 8822.99 8830.57 8838.77 8847.39 8855.27 8862.72 8869.72 8874.34 8875.15 8872.38 8869.85 8865.98 8863.96 8862.37 8861.07 8856.22 8846.97 8838.57 8831.03 8824.05 8817.71 8811.52 8805.6 8800.93 8795.9 8791.38 8787.6 8784.51 8782.83 8783.24 8785.92 8781.82 8776.73 8771.97 8769.04
8822.47 8830.31 8840.77 8852.95 8865.25 8876.63 8885.43 8890.73 8890.83 8886.63 8880.68 8875.7 8872.97 8871.61 8871.34 8872.36 8874.09 8862.79 8856.77 8862.35 8861.34 8859.02 8856.61 8855.07 8852.45 8849.13 8848.47 8842.48 8834.89 8827.12 8821.04 8820.35 8824.53 8831.37 8839.73 8848.76 8857.5 8865.87 8874.14 8880.36 8885.33 8885.64 8882.96 8873.57 8868.03 8865.11 8862.69 8857.49 8849.51 8841.33 8833.71 8826.12 8819.78 8813.4 8807.24 8801.6 8796.37 8791.95 8787.8 8784.71 8782.27 8783.55 8789.36 8785.84 8780.85 8777.13 8775.19
8823.47 8832.76 8843.67 8856.86 8870.26 8882.93 8892.73 8895.58 8896.09 8890.83 8882.8 8875.37 8874 8873.32 8872.55 8872.23 8880.98 8878.96 8869.88 8866.54 8864.55 8862.87 8861.8 8862.95 8866.04 8863.63 8855.49 8847.17 8838.41 8828.9 8821.4 8821.75 8826.36 8832.56 8840.85 8849.77 8859.29 8868.36 8877.89 8885.27 8890.16 8887.05 8880.34 8873.1 8868.27 8864.95 8863.46 8857.38 8849.54 8841.61 8834.4 8826.83 8820.42 8814.01 8807.9 8802.48 8797.11 8792.46 8788.37 8784.87 8782.36 8782.39 8783.4 8784.19 8783.41 8781.16 8779.26
