real_craters/C075-300m.grd
DSAA
190 190
-28.2975 28.2975
-28.2975 28.2975
8367.9936460604 9708.800636893
[rows 30 to 59 of 190, columns 67 to 133 of 190]
9114.25 9115.52 9124.99 9133.58 9144.1 9155.76 9153.52 9146.72 9138.01 9129.6 9123.57 9116.05 9113.84 9113.48 9112.79 9111.5 9109.06 9105.55 9099.28 9097.53 9098.28 9094.34 9090.01 9081.79 9078.42 9085.32 9083.74 9080.66 9078.82 9082.02 9087.9 9095.54 9104.72 9116.93 9131.06 9146 9160.35 9168.51 9173.56 9178.64 9175.18 9162.32 9142.16 9123.66 9106.05 9093.3 9078.67 9047.28 9015.15 8992.18 8975.2 8962.88 8955.5 8954.31 8960.08 8951.04 8944.92 8936.19 8931.03 8934.7 8937.47 8937.28 8926.83 8923.29 8921.16 8916.69 8912.84
9120.37 9116.85 9126.86 9137.15 9146.69 9153.12 9149.81 9142.21 9132.35 9122.23 9112.56 9115.14 9119.2 9119.71 9119.66 9118.86 9118.23 9118.61 9122.61 9124.66 9113.83 9108.53 9098.72 9089.94 9083.98 9082.08 9080.35 9079.4 9079.03 9082.34 9087.65 9092.91 9101.22 9112.96 9126.8 9145.43 9162.18 9162.57 9168.01 9179.76 9175.93 9150.36 9133.19 9113.81 9097.54 9071.34 9031.84 8999.48 8982.7 8969.72 8958.4 8948.02 8939.87 8933.06 8928.92 8927.45 8925.04 8921.93 8920.36 8927.06 8931.8 8936.15 8924.5 8925.98 8923.57 8919.83 8914.88
9128.27 9122.58 9135.77 9144.93 9151.6 9152.1 9146.56 9138.34 9128.71 9118.28 9108.75 9116.38 9125.67 9127.13 9126.9 9126.46 9126.39 9127.56 9130.6 9128.91 9118.48 9108.91 9099.68 9098.25 9087.88 9077.64 9074.82 9075.32 9076.1 9080.24 9085.55 9089.08 9096.07 9104.17 9113.99 9126.22 9135.87 9137.67 9146.15 9152.74 9153.17 9145.2 9118.81 9092.47 9068.25 9029.98 8976.6 8951.49 8953.01 8948.91 8941.62 8933.18 8924.11 8914.57 8907.57 8910.77 8911.8 8920.45 8927.3 8927.31 8928.85 8931.89 8921.49 8921.7 8919.5 8915.35 8911.32
9141.39 9132.6 9146.51 9153.97 9158.46 9152.05 9143 9134.88 9127.03 9119.95 9115.27 9122.59 9132.55 9134.4 9134.49 9134.15 9133.57 9132.65 9129.79 9122.96 9116.48 9105.23 9095.21 9088.2 9077.2 9065.81 9067.77 9071.93 9074.37 9078.28 9082.58 9087.69 9090.35 9092.93 9097.19 9099.16 9094.44 9105.63 9118.41 9127.02 9135.06 9126.05 9095.93 9063.43 9023.89 8988.14 8961.64 8943.63 8939.63 8935.56 8928.94 8920.69 8912.71 8905.9 8904.85 8910.8 8915.45 8919.78 8924.99 8922.53 8923.01 8927.35 8917.8 8914.57 8911.83 8909.48 8906.49
9161.23 9157.26 9164.87 9161.76 9155.53 9145.47 9138.53 9132.68 9127.74 9124.24 9124.95 9131.48 9138.33 9139.45 9140.1 9139.84 9138.96 9137.02 9132.56 9125.84 9123.02 9114.02 9097.73 9087.23 9071.73 9060.86 9065.41 9071 9074.14 9078.52 9081 9083.8 9086.03 9085.95 9084.96 9082.28 9074.84 9083.93 9093.44 9099.36 9093.67 9088.08 9068.3 9039.97 9006.7 8981.08 8963.07 8947.94 8938.35 8930.05 8920.64 8911.38 8903.19 8898.57 8900.81 8912.31 8916.52 8912.42 8908.88 8912.37 8916.3 8921.03 8914.99 8910.33 8908.39 8906.54 8903.65
9183.39 9181.85 9177.66 9168.07 9151.39 9137.39 9133.44 9130 9127.61 9127.18 9129.96 9135.31 9139.26 9143.25 9144.53 9144.69 9144.07 9142.51 9139.7 9134.91 9132.71 9125.77 9114.8 9103.55 9082.3 9069.61 9070.88 9074.8 9079.19 9081.95 9083.82 9084.98 9084.42 9082.66 9078.46 9075.01 9074.13 9068.87 9071.77 9075.9 9083.25 9062.29 9043.64 9023.84 9002.96 8987.33 8971.29 8956.61 8941.6 8927.91 8915.25 8903.74 8894.42 8889.28 8889.53 8896.92 8902.33 8904.13 8905.24 8908.98 8912 8915.65 8910.29 8906.92 8905.35 8901.93 8901.54
9205.17 9203.34 9193.62 9176.9 9156.93 9137.28 9131.36 9127.92 9126.32 9127.07 9130.25 9136.02 9143.88 9146.78 9148.01 9148.33 9148.14 9148.33 9148.73 9150.58 9147.93 9138.87 9128.92 9116.87 9097.34 9085.03 9081.76 9083.6 9085.6 9086.31 9086.13 9085.62 9081.33 9077.8 9073.41 9067.66 9059.82 9054.24 9051.24 9047.9 9034.96 9028.24 9020.28 9010.18 8998.67 8987.07 8978.1 8963.73 8946 8928.55 8912.72 8898.3 8886.46 8877.83 8875.79 8872.23 8885.72 8896.84 8904.2 8906.41 8907.76 8909.52 8905.94 8904.28 8902.99 8900.31 8900.04
9212.82 9209.76 9189.86 9182.47 9169.48 9143.49 9132.55 9127.2 9125.24 9126.05 9129 9133.81 9143.13 9148.07 9150.28 9150.84 9151 9151.69 9153.17 9155.61 9154.88 9146 9136.13 9125.44 9111.68 9101.61 9097.06 9095.47 9093.64 9092.09 9090.04 9086.19 9081.34 9075.47 9067.54 9059.84 9051.3 9041.9 9031.06 9022.68 9015 9002.37 9001.22 8998.78 8995.2 8991.94 8980.27 8966.97 8947.95 8929.27 8911.87 8896.08 8881.54 8869.18 8873.09 8879.55 8886.5 8893.53 8897.47 8900.45 8902.95 8902.55 8902.47 8898.87 8899.05 8898.69 8898.36
9188.7 9191.85 9188.87 9182.64 9168.72 9148.42 9133.16 9125.39 9123.13 9124.2 9127.87 9133.95 9143.08 9148.79 9151.04 9151.26 9151.51 9152.34 9153.23 9153.39 9150.09 9143.52 9135.61 9128.23 9120.87 9116.02 9111.65 9107.14 9103.62 9099.17 9094.84 9088.43 9081.88 9074.18 9064.51 9055.15 9043.46 9024.97 9011.29 9000.06 8986.45 8983 8988.16 8989.13 8987.25 8983.57 8973.99 8962.17 8945.17 8927.17 8910 8894.8 8882.47 8874.94 8881.15 8894.25 8892.27 8894.07 8897.01 8899.28 8899.87 8898.21 8896.39 8894.96 8895.73 8896.16 8895.56
9183.37 9188.98 9194.03 9187.92 9168.44 9145.5 9129.21 9121.85 9119.6 9121 9125.74 9136.55 9146.15 9152.33 9150.2 9148.87 9149.2 9150.43 9150.88 9149.66 9145.47 9139.59 9132.32 9128.36 9131.25 9130.7 9125.75 9119.2 9112.73 9105.62 9098.19 9091.62 9082.59 9073.58 9063.3 9052.25 9040.66 9021.72 9000.38 8987.2 8979.32 8982 8982.94 8984.33 8981.82 8972.53 8971.09 8957.66 8940.6 8923.64 8907.45 8893.33 8883.81 8882.06 8884.75 8891.59 8892.3 8893.21 8895.46 8897.42 8896.39 8893.85 8892.12 8891.65 8892.31 8892.35 8894.9
9191.24 9195.12 9200.29 9198.46 9172.55 9134.12 9121 9117.49 9116.4 9117.1 9119.3 9123.47 9138.64 9147.14 9142.77 9143.14 9145.14 9147.33 9149.05 9149.32 9148.06 9139.72 9131.79 9137.74 9153.42 9149.8 9140.69 9130.8 9120.9 9111.06 9102.95 9093.33 9083.36 9073.89 9062.82 9050.1 9034.98 9014.84 8996.81 8985.71 8978.97 8980.26 8980.57 8982.17 8981.56 8980.17 8973.23 8954.27 8936.63 8920 8904.23 8890.71 8880.97 8877.41 8881.87 8886.86 8888.88 8889.73 8890.48 8891.66 8889.8 8889.45 8888.91 8887.35 8891 8892.35 8896.08
9198.69 9199.33 9201.65 9196.64 9167.44 9130.43 9118.02 9115.42 9114.45 9113.63 9112.4 9110.49 9113.61 9119.19 9128.88 9135.46 9140.57 9144.72 9147.8 9149.66 9152.95 9144.59 9137.3 9154.24 9173 9166.47 9154.05 9141.52 9128.7 9117.48 9106.19 9096.67 9085.5 9074.49 9062.97 9048.64 9033.54 9015.83 9000.34 8993.21 8983.34 8973.87 8978.28 8984.95 8981.75 8974.9 8963.66 8948.93 8932.96 8916.22 8900.75 8887.33 8877.85 8875.43 8879.55 8883.66 8885.95 8885.59 8883.03 8879.59 8881.26 8883.04 8884.34 8886.21 8890.12 8892.47 8895.29
9200.91 9198.71 9194.73 9180.9 9158.67 9133.53 9121.53 9118.43 9116.55 9114.34 9111.11 9107.13 9105.33 9108.23 9120.19 9130.21 9137.96 9144.18 9149.12 9153.04 9155.16 9153.5 9154.54 9175.31 9183.78 9175.79 9162.26 9148.89 9135.4 9123.03 9109.68 9097.27 9086.46 9074.5 9063.1 9050.1 9035.6 9021.25 9010.98 9000.08 8986.41 8974.68 8974.87 8979.04 8975.98 8966.8 8954.23 8942 8927.15 8913.01 8898.18 8884.22 8874.17 8874.63 8882.33 8886.34 8885.61 8883.02 8879.69 8875.47 8877.92 8879.44 8880.9 8883.54 8887.26 8894.01 8897.99
9201.9 9196.53 9189.11 9178.48 9160.53 9141 9130.67 9126.18 9122.76 9119.5 9115.72 9110.67 9107.13 9111.38 9118.98 9129.12 9138.53 9146.34 9152.53 9158.86 9161.98 9165.12 9173.58 9190.23 9189.06 9179.29 9166.6 9153.02 9138.11 9124.63 9110.92 9098.3 9086.74 9074.57 9063.57 9051.93 9039.95 9028.01 9023.51 9011.27 8994.73 8976.08 8973.81 8969.21 8969.52 8963.78 8952.16 8943.18 8927.1 8913.27 8898.22 8882.96 8870.28 8873.88 8889.05 8891.23 8886.11 8881.62 8879.28 8879.98 8878.43 8876.83 8876.45 8880.49 8885.02 8889.82 8894.28
9202.96 9195.33 9185.78 9174.06 9164.8 9154.56 9145.49 9137.16 9132.33 9128.38 9124.96 9123.07 9123.02 9115.63 9120.2 9131.94 9142.36 9150.74 9156.54 9160.23 9167.03 9175.66 9184.17 9191.78 9187.94 9179.33 9165.85 9152.18 9136.63 9122 9108.82 9096.68 9084.75 9073.43 9063.51 9053.59 9044.31 9041.36 9035.32 9022.02 9007.85 8996.51 8986.35 8975.9 8972.31 8969.78 8968.31 8951.11 8933.08 8917.87 8900.82 8884.84 8873.45 8877.21 8888.88 8890 8884.69 8879.05 8875.83 8875.49 8874.22 8871.55 8872.81 8877.63 8883.24 8889.34 8894.73
9205.85 9196.41 9186.79 9179 9170.65 9161.08 9151.85 9147.81 9143.71 9139.08 9134.93 9132.1 9128.36 9116.31 9126.26 9139.39 9150.09 9159.24 9165.07 9167.49 9178.96 9188.65 9192.43 9193.94 9186.57 9175.56 9160.98 9146.95 9132.46 9118.5 9106.12 9093.74 9081.96 9071.35 9061.51 9052.68 9044.87 9038.31 9031.55 9026.13 9015.97 9012.31 9000.81 8988.29 8977.3 8970.82 8964.1 8952.68 8942.56 8923.07 8904.23 8888.82 8877.97 8881.08 8887.17 8887.17 8881.83 8874.67 8868.64 8866.29 8864.53 8862.75 8867.91 8876.91 8885.11 8891.55 8897.53
9207.29 9198.9 9190.45 9185.32 9179.21 9170.11 9162.98 9162.4 9157.72 9151.15 9145.1 9138.16 9131.49 9138.46 9145.09 9151 9159.86 9170.32 9179.95 9184.94 9189.5 9192.04 9194.67 9193.76 9181.76 9167.81 9154.19 9140.18 9127.19 9113.69 9101.51 9089.18 9078.32 9067.56 9058.51 9051.18 9043.46 9037.5 9033.34 9020.22 9013.83 9003.74 8994.58 8986.75 8975.41 8966.29 8958.38 8948.19 8936.48 8921.04 8904.65 8892.47 8886.35 8887.01 8889.8 8886.48 8879.49 8870.18 8859.3 8847.81 8841.85 8850.84 8864.16 8877.03 8887.7 8896.55 8902.28
9210.24 9203.47 9195.26 9189.49 9190.45 9192.04 9192.25 9183.18 9173.19 9163.64 9154.32 9147.89 9146.74 9154.04 9155.82 9158.43 9167.19 9179.53 9195.71 9209.44 9198.04 9188.6 9188.86 9185.24 9170.07 9157.03 9142.98 9130.75 9117.18 9104.69 9093.08 9081.88 9072.19 9061.06 9052.75 9047.21 9040.45 9033.63 9028.07 9022.7 9010.28 8996.18 8985.13 8977.91 8967.42 8956.32 8946.92 8934.97 8925.78 8913.35 8900.26 8892.04 8889.66 8891.21 8892.69 8887.55 8879.55 8869.29 8855.92 8837.96 8826.51 8848.25 8867.64 8882.8 8895.16 8904.59 8910.54
9218.07 9210.78 9204.24 9202.07 9204.88 9209.6 9212.13 9200.18 9186.8 9174.69 9164.07 9156.7 9153.06 9147.51 9147.97 9160.37 9169.61 9180.33 9194.87 9207.67 9200.47 9193.18 9186.51 9177.1 9162 9146.5 9132.91 9119.54 9107.87 9096.35 9085.03 9074.91 9065.26 9055.99 9047.14 9040.39 9035.14 9029.61 9022.3 9019.7 9005.69 8993.35 8983.58 8970.06 8958.41 8944.52 8925.91 8916.35 8909.16 8898.64 8891.3 8887.33 8886.89 8891.93 8894.73 8889.08 8882.46 8874.36 8864.34 8853.97 8851.62 8864.3 8881.08 8896.17 8907.75 8914.62 8920.86
9225.85 9218.74 9213.96 9212.98 9215.2 9218.53 9219.02 9209.25 9195.52 9182.43 9170.57 9160.97 9155.12 9154.7 9159.98 9163.91 9168.47 9173.84 9178.97 9183.84 9188.03 9189.34 9182.89 9172.98 9152.15 9133.51 9120.73 9109.74 9099.65 9092.24 9083.33 9073.8 9064.29 9055.05 9045.56 9037.31 9030.81 9023.84 9024.89 9009.25 8996.13 8983.33 8968.52 8961.58 8950.63 8937.99 8925.23 8914.59 8897.8 8883.55 8882.77 8882.83 8884.45 8888.34 8890.87 8889.73 8887.57 8884.8 8881.14 8877.36 8877.7 8887.34 8902.86 8914.85 8922.87 8926.98 8932.29
9232.35 9223.42 9219.08 9218.75 9221.18 9222.02 9220.88 9212.09 9200.2 9187.42 9174.98 9163.27 9152.04 9152.55 9166.59 9163.1 9164.16 9165.03 9163.16 9163.84 9167.66 9162.57 9162.41 9154.72 9130.49 9116.87 9109.41 9101.49 9093.04 9084.72 9075.93 9066.56 9057.03 9048.24 9038.9 9029.67 9021.47 9012.27 9000.33 8990.36 8983.53 8975.4 8967.99 8956.95 8944.34 8933.33 8924.77 8917.83 8898.15 8880.9 8879.06 8880.99 8882.27 8883.46 8886.42 8890.14 8893.99 8898.25 8902.6 8907.25 8906.95 8923.38 8931.96 8936.25 8940.44 8942.73 8944.08
9234.11 9225.51 9215.11 9218.96 9222.79 9221.37 9217.88 9211.92 9202.61 9190.62 9178.47 9166.84 9157.18 9154.48 9150.39 9157 9159.18 9159.49 9157.41 9155.35 9154.86 9147.93 9142.45 9132.19 9113.45 9103.51 9099.29 9094.28 9087.43 9080 9071.56 9062.65 9052.35 9042.27 9032.36 9021.9 9012.1 9001.32 8990.25 8977.67 8972.16 8966.64 8962.19 8950.2 8937.81 8927.13 8919 8919.91 8897.38 8879.21 8879.49 8882.53 8881.46 8879.7 8883.69 8891.82 8901.8 8912.88 8925.64 8942.36 8967.12 8969.57 8962.67 8959.53 8959.24 8957.67 8957.01
9234.67 9229.9 9224.98 9220.94 9218.96 9219.21 9218.56 9214.14 9205.01 9193.43 9181.18 9170.17 9162.29 9157.48 9155.47 9154.28 9155 9156.2 9157.55 9153.36 9147.79 9144.12 9139.66 9127.44 9109.43 9098.55 9093.68 9090.38 9084.41 9078.13 9070.13 9062.17 9051.83 9040.38 9028.93 9016.59 9004.76 8992.37 8982 8972.67 8961.35 8952.82 8945.92 8937.65 8929.67 8920.18 8909.6 8896.4 8892.29 8884.77 8883.17 8883.97 8878.95 8874.68 8881.34 8894.1 8909.12 8926.23 8944.66 8965.07 8983.61 8989.66 8984.95 8979.59 8976.57 8972.43 8967.77
9236.33 9233.74 9229.73 9222.64 9215.97 9217.3 9220.22 9217.87 9207.33 9195.26 9182.93 9171.23 9161.62 9155.69 9152.75 9149.89 9150.4 9151.68 9152.08 9146.65 9138.41 9135.53 9135.15 9122.12 9107.56 9097.11 9092.09 9089.06 9084.34 9078.47 9071.41 9062.07 9051.79 9038.75 9025.88 9011.31 8998.24 8983.46 8971.15 8962.33 8946.97 8937.75 8929.59 8925.61 8922.87 8917.02 8908.65 8898.52 8896.82 8892.5 8887.67 8884.41 8875.33 8869.32 8880.57 8897.92 8917.39 8937.8 8958.7 8979.26 8995.03 9002.55 9000.73 8994.54 8991.02 8983.45 8977.69
9235.4 9236.22 9232.82 9225.33 9217.9 9216.82 9219.76 9218.32 9207.67 9196.21 9184 9171.07 9158.55 9146.48 9140.88 9142.53 9146.17 9147.3 9145.15 9139.43 9130.75 9128.08 9126.42 9115.86 9105.82 9097.46 9093.66 9090.5 9085.93 9079.93 9072.71 9063.81 9054.29 9041.86 9027.6 9012.46 8994.83 8976.7 8957.66 8937.17 8934.17 8928.51 8922.14 8920.81 8921.97 8920.55 8916.41 8911.02 8906.77 8900.55 8890.34 8882.25 8873.04 8870.2 8884.04 8904.42 8926.39 8948.57 8970.3 8991.06 9008.11 9017.31 9012.62 9005.73 8999.96 8991.03 8985.84
9233.9 9239.91 9237.82 9228.86 9219.68 9215.68 9214.73 9210.53 9206.87 9197.96 9186.16 9173.02 9158.48 9143.74 9140.33 9143.02 9145.37 9146.44 9143.91 9137.72 9128.39 9121.9 9118.54 9111.48 9106.92 9101.75 9098.78 9095.74 9089.23 9083.59 9076.27 9067.33 9056.51 9044.09 9029.18 9012.51 8993.09 8975.58 8958.44 8940.92 8934.41 8929.42 8924.69 8924.04 8928.73 8932.11 8931.19 8925.99 8920.44 8905.22 8894.08 8883.85 8878.15 8874.82 8892.83 8914.63 8936.93 8958.77 8980.12 9000.48 9017.15 9025.83 9022.38 9013.02 9006.09 8995.73 8989.41
9237.83 9245.11 9242.79 9232.55 9220.05 9214.89 9218.15 9216.78 9212.31 9201.4 9189.77 9177.73 9165.21 9153.18 9148.93 9147.27 9146.67 9150.66 9149.58 9140.91 9130.41 9118.94 9109.9 9108.79 9111.34 9111.64 9106.87 9101.37 9094.97 9089.67 9082.53 9073.61 9063.86 9051.56 9036.62 9020.39 8998.3 8976.59 8959.91 8950.8 8941.18 8934.45 8930.92 8932.66 8945.29 8951.25 8952.81 8951.77 8941.87 8920.4 8912.97 8917.38 8899.03 8892.48 8910.47 8929.7 8949.2 8968.28 8987.69 9007.04 9024.23 9034.61 9029.17 9017.07 9006 8994.84 8989.27
9240.67 9247.86 9245.36 9237.2 9230.15 9228.02 9226.28 9231.34 9216.57 9204.49 9194.51 9184.87 9175.93 9168.32 9151.71 9134.55 9149.85 9157.77 9157.47 9146.06 9131.92 9117.97 9108.39 9110.54 9115.72 9118.74 9113.97 9107.84 9102.56 9097.11 9090.57 9083.06 9073.5 9062.28 9049.03 9033.3 9013.66 8988.75 8973.94 8966.29 8959.32 8952.91 8955.6 8960.93 8978.62 8979.77 8974 8967.38 8955.78 8940.75 8937.06 8942.94 8933.86 8928.63 8937.47 8949.17 8961.89 8975.98 8991.38 9008.28 9025.75 9037.59 9031.64 9015.18 9002.11 8990.44 8981.15
9241.08 9240.58 9243.98 9240.39 9234.3 9228.09 9221.8 9214.21 9211.17 9206.02 9198.74 9191.45 9185.16 9179.65 9169.25 9162.46 9162.88 9166.64 9163.87 9152.32 9138.66 9125.54 9119.09 9119 9118.67 9116.16 9117.05 9114.23 9111.66 9108.03 9102.62 9096.38 9088.22 9078.24 9067.32 9054.99 9040.68 9024.93 9011.25 9004.95 8993.85 8988 9009.55 9040.05 9030.94 9013.4 8994.12 8975.61 8962.1 8964.12 8976.19 8984.99 8976.22 8969.9 8968.76 8969.05 8972.7 8979.49 8989.38 9002.13 9019.44 9032.6 9025.31 9006.46 8992.25 8980.5 8972.69
9246.29 9256.29 9252 9243.4 9231.75 9219.68 9217.78 9214.85 9212.17 9208.21 9202.84 9197.22 9192.32 9187.25 9181.7 9179.11 9175.55 9176.03 9170.98 9159.38 9147.22 9138.3 9135.95 9131.69 9126.67 9121.14 9124.98 9125.01 9124.19 9121.46 9117.84 9112.33 9105.65 9098.95 9089.92 9082.37 9072.58 9061.13 9050.63 9036.5 9034.15 9033.6 9063.4 9095.32 9074.59 9040.99 9011.42 8987.14 8976.22 8980.42 8995.59 9010.02 9029.87 9016.32 8995.9 8985.05 8979.88 8978.69 8981.54 8988.93 9000.05 9014.54 9003.16 8983.85 8972.83 8968.15 8963.92
