real_craters/C075-750m.grd
DSAA
76 76
-28.2975 28.2975
-28.2975 28.2975
8370.954455603 9692.8811590063
[rows 0 to 41 of 76, columns 0 to 75 of 76]
9640 9623 9588 9544 9531 9533 9529 9518 9517 9517 9516 9517 9497 9464 9445 9424 9422 9418 9417 9412 9370 9301 9249 9217 9193 9157 9103 9042 9021 9015 8998 8990 8997 9006 9017 9031 9056 9082 9103 9126 9091 9055 9060 9031 8950 8903 8884 8868 8858 8851 8860 8867 8878 8888 8892 8894 8897 8896 8893 8893 8901 8886 8864 8851 8845 8835 8822 8812 8792 8768 8746 8723 8703 8685 8685 8681
9637 9629 9615 9570 9543 9526 9510 9495 9488 9489 9487 9481 9484 9479 9459 9453 9441 9428 9420 9428 9382 9289 9228 9225 9185 9157 9108 9038 9018 8997 8976 8972 8976 8981 8986 8989 8992 9017 9028 9056 9053 9055 9065 9054 8997 8932 8900 8880 8864 8855 8856 8879 8893 8902 8902 8902 8900 8895 8896 8901 8906 8888 8859 8842 8834 8822 8806 8794 8780 8766 8745 8739 8721 8706 8724 8743
9629 9621 9603 9570 9548 9520 9499 9478 9469 9473 9465 9453 9465 9473 9463 9451 9439 9422 9416 9418 9370 9286 9223 9181 9160 9146 9107 9044 9024 8988 8959 8956 8955 8953 8953 8961 8958 8971 8988 9007 9036 9069 9082 9068 9024 8959 8923 8917 8904 8902 8911 8920 8912 8910 8900 8898 8898 8896 8897 8896 8886 8869 8853 8829 8820 8810 8792 8764 8753 8790 8798 8786 8771 8775 8769 8769
9616 9602 9578 9548 9525 9509 9489 9475 9465 9456 9443 9431 9440 9446 9427 9455 9427 9409 9400 9385 9347 9279 9233 9206 9155 9142 9122 9089 9014 8979 8958 8955 8945 8937 8944 8973 8990 8999 8987 9026 9061 9099 9108 9099 9047 9005 8979 8973 8983 8994 9007 8959 8930 8918 8910 8907 8905 8904 8901 8896 8886 8874 8854 8842 8814 8806 8794 8780 8781 8836 8883 8827 8799 8800 8788 8774
9604 9594 9563 9525 9515 9493 9479 9468 9454 9432 9426 9427 9431 9431 9419 9445 9432 9408 9388 9371 9335 9291 9266 9221 9171 9137 9117 9121 9026 8986 8979 8975 8958 8950 8967 9021 9058 9078 9066 9062 9093 9114 9118 9108 9084 9079 9044 9013 9009 8998 8998 8957 8929 8925 8918 8915 8914 8914 8908 8906 8904 8892 8844 8820 8801 8796 8800 8821 8849 8839 8841 8812 8792 8779 8771 8751
9595 9592 9559 9511 9475 9474 9469 9458 9448 9437 9419 9411 9410 9422 9412 9430 9439 9423 9384 9352 9324 9288 9252 9201 9153 9121 9099 9078 9036 9011 9021 9009 8989 8977 9053 9082 9084 9060 9044 9049 9064 9067 9083 9122 9110 9121 9069 9009 8959 8895 8903 8912 8911 8912 8909 8912 8914 8912 8910 8905 8895 8875 8809 8779 8796 8810 8817 8825 8826 8798 8777 8778 8764 8747 8741 8730
9578 9577 9549 9503 9489 9481 9466 9448 9430 9430 9411 9395 9384 9407 9402 9401 9422 9424 9382 9351 9318 9279 9238 9177 9137 9104 9086 9077 9080 9062 9046 9028 9038 9067 9095 9102 9078 9017 8993 9001 9008 9007 9035 9070 9092 9078 9038 8980 8912 8851 8844 8873 8885 8896 8901 8908 8907 8911 8909 8901 8882 8821 8807 8790 8810 8821 8822 8817 8802 8780 8766 8764 8754 8742 8730 8719
9553 9551 9535 9516 9507 9490 9467 9443 9418 9409 9400 9385 9367 9387 9400 9392 9412 9402 9375 9341 9305 9261 9195 9158 9129 9107 9100 9105 9114 9101 9048 9056 9081 9106 9112 9103 9060 9000 8982 8980 8973 8993 9020 9019 9035 9025 8995 8951 8904 8855 8851 8868 8878 8888 8898 8904 8908 8914 8916 8915 8904 8910 8892 8863 8843 8832 8824 8814 8793 8791 8785 8770 8757 8747 8739 8730
9526 9520 9519 9514 9500 9487 9466 9444 9425 9403 9398 9394 9391 9398 9403 9387 9392 9409 9374 9339 9303 9256 9189 9151 9124 9114 9121 9115 9121 9126 9118 9104 9113 9133 9136 9116 9057 9001 8992 8993 8991 9005 9020 9019 8993 8977 8966 8931 8886 8871 8864 8873 8873 8877 8887 8887 8885 8881 8888 8897 8907 8940 8925 8893 8859 8843 8832 8822 8812 8810 8798 8781 8761 8749 8758 8739
9500 9501 9505 9507 9497 9486 9466 9443 9422 9407 9398 9395 9397 9389 9391 9382 9378 9384 9369 9349 9319 9276 9208 9163 9137 9114 9116 9114 9132 9156 9135 9131 9123 9124 9108 9068 9049 9022 9022 9035 9051 9059 9048 9040 9010 8989 8963 8934 8899 8895 8901 8899 8890 8880 8874 8868 8864 8862 8865 8867 8876 8912 8904 8885 8866 8850 8843 8839 8836 8817 8806 8792 8778 8761 8778 8742
9481 9492 9494 9496 9494 9488 9466 9440 9416 9406 9403 9392 9381 9380 9376 9368 9365 9375 9374 9351 9318 9283 9218 9155 9148 9124 9121 9126 9150 9167 9154 9137 9114 9095 9075 9067 9069 9048 9054 9076 9107 9115 9088 9081 9070 9032 8994 8954 8935 8952 8944 8924 8911 8889 8875 8867 8861 8861 8859 8854 8841 8831 8863 8863 8858 8855 8853 8853 8854 8834 8815 8804 8800 8814 8770 8736
9464 9484 9480 9486 9484 9483 9461 9437 9417 9411 9415 9413 9417 9384 9366 9353 9348 9361 9367 9341 9303 9248 9198 9171 9152 9106 9095 9125 9143 9160 9142 9109 9106 9096 9086 9094 9102 9071 9075 9095 9123 9143 9144 9138 9127 9091 9016 8969 8970 8983 8958 8932 8917 8907 8894 8887 8880 8873 8861 8845 8823 8780 8784 8836 8853 8863 8861 8858 8850 8840 8822 8808 8797 8777 8747 8727
9441 9454 9463 9462 9459 9462 9449 9434 9424 9441 9428 9416 9386 9368 9352 9344 9341 9327 9340 9316 9276 9222 9188 9180 9182 9176 9131 9115 9138 9152 9131 9116 9115 9111 9101 9098 9078 9082 9081 9097 9128 9165 9180 9152 9107 9061 8989 8956 8953 8936 8932 8936 8920 8911 8902 8888 8876 8864 8855 8839 8824 8803 8800 8835 8851 8859 8858 8854 8844 8833 8824 8810 8789 8760 8742 8723
9438 9442 9442 9437 9428 9429 9431 9430 9435 9445 9429 9411 9367 9335 9338 9339 9336 9305 9296 9288 9259 9219 9198 9185 9212 9211 9168 9127 9155 9143 9122 9122 9133 9132 9127 9104 9085 9070 9077 9089 9100 9102 9132 9122 9037 8952 8938 8920 8905 8917 8925 8923 8915 8905 8898 8886 8880 8872 8864 8852 8850 8859 8873 8853 8849 8853 8859 8860 8856 8843 8827 8811 8787 8758 8732 8725
9439 9438 9434 9427 9403 9404 9415 9426 9432 9428 9408 9382 9369 9334 9333 9333 9327 9285 9277 9284 9282 9272 9228 9193 9240 9208 9187 9188 9160 9132 9127 9137 9145 9145 9140 9127 9093 9074 9082 9083 9077 9067 9068 9047 9003 8967 8929 8897 8885 8899 8909 8911 8906 8900 8894 8889 8889 8888 8886 8885 8880 8889 8881 8866 8863 8865 8868 8871 8875 8859 8838 8819 8798 8775 8738 8734
9467 9449 9442 9436 9435 9402 9404 9426 9433 9411 9375 9355 9367 9342 9334 9329 9320 9305 9286 9291 9303 9301 9268 9241 9230 9197 9193 9194 9177 9132 9124 9135 9151 9152 9154 9143 9122 9108 9099 9086 9067 9040 9006 8988 8989 8971 8929 8889 8879 8892 8900 8897 8894 8893 8899 8901 8900 8898 8900 8896 8890 8887 8864 8868 8876 8882 8885 8888 8891 8880 8858 8832 8808 8791 8773 8755
9471 9460 9451 9448 9441 9426 9414 9418 9407 9368 9340 9326 9336 9334 9331 9327 9322 9309 9285 9297 9313 9316 9296 9272 9238 9200 9193 9197 9190 9119 9115 9118 9138 9144 9149 9139 9161 9142 9116 9092 9065 9028 8989 8979 8982 8964 8920 8885 8881 8888 8888 8887 8890 8896 8901 8906 8908 8912 8910 8905 8900 8894 8897 8893 8892 8890 8891 8896 8897 8894 8873 8837 8806 8781 8764 8748
9486 9469 9458 9450 9445 9449 9430 9418 9389 9348 9320 9314 9325 9328 9325 9326 9325 9313 9300 9303 9312 9320 9308 9298 9276 9231 9211 9197 9169 9128 9120 9109 9115 9140 9156 9164 9191 9163 9128 9095 9066 9035 9012 8974 8970 8948 8914 8877 8888 8884 8880 8876 8886 8897 8907 8913 8914 8920 8919 8914 8908 8917 8918 8911 8901 8894 8893 8897 8897 8895 8875 8835 8795 8759 8739 8712
9477 9471 9461 9452 9446 9446 9430 9418 9388 9345 9317 9307 9322 9314 9318 9325 9328 9326 9315 9308 9307 9315 9299 9288 9279 9243 9217 9197 9177 9152 9146 9134 9128 9155 9172 9193 9189 9155 9121 9089 9063 9042 9026 9010 8979 8958 8925 8886 8888 8877 8860 8862 8886 8902 8911 8917 8920 8921 8923 8925 8925 8913 8924 8919 8905 8893 8884 8885 8906 8887 8864 8824 8779 8736 8749 8716
9481 9468 9462 9454 9451 9446 9419 9396 9372 9339 9312 9297 9297 9307 9318 9327 9330 9328 9315 9301 9301 9279 9276 9264 9250 9242 9226 9210 9202 9211 9178 9155 9141 9171 9208 9191 9166 9131 9100 9074 9050 9034 9022 8991 8961 8917 8902 8887 8895 8878 8851 8870 8907 8922 8928 8929 8931 8933 8936 8939 8945 8939 8927 8911 8898 8880 8864 8847 8814 8847 8848 8810 8766 8728 8738 8707
9463 9461 9461 9460 9456 9463 9465 9429 9382 9338 9306 9302 9304 9312 9327 9334 9336 9347 9329 9301 9291 9282 9257 9246 9239 9244 9242 9224 9221 9218 9194 9163 9157 9162 9156 9150 9127 9103 9084 9062 9038 9015 8985 8971 8944 8922 8881 8882 8885 8900 8922 8944 8949 8949 8946 8941 8939 8940 8943 8950 8957 8948 8930 8915 8889 8864 8845 8823 8808 8817 8813 8795 8763 8727 8712 8708
9445 9453 9460 9466 9474 9485 9488 9445 9401 9358 9326 9323 9317 9332 9349 9358 9354 9333 9366 9271 9282 9259 9239 9229 9216 9220 9229 9233 9219 9220 9200 9170 9154 9151 9150 9137 9112 9092 9080 9058 9029 8993 8968 8936 8924 8904 8892 8881 8880 8926 8978 9002 8989 8974 8961 8952 8944 8941 8943 8944 8957 8945 8919 8904 8862 8842 8833 8823 8811 8806 8804 8791 8780 8761 8733 8732
9440 9450 9461 9473 9488 9500 9496 9448 9423 9397 9369 9333 9340 9369 9383 9381 9375 9373 9125 9070 9372 9266 9229 9223 9221 9203 9225 9242 9224 9214 9203 9173 9144 9146 9141 9119 9109 9101 9087 9066 9034 8989 8946 8931 8934 8939 8913 8893 8898 8952 9004 9030 9005 8988 8977 8969 8962 8955 8947 8937 8949 8922 8872 8824 8825 8828 8829 8833 8821 8809 8797 8799 8807 8809 8787 8769
9440 9450 9463 9480 9496 9508 9497 9463 9445 9435 9407 9358 9369 9398 9410 9401 9387 9373 9257 9206 9351 9277 9232 9220 9217 9216 9225 9240 9237 9222 9208 9190 9174 9163 9156 9123 9119 9117 9109 9094 9069 9034 9004 8991 9030 8986 8963 8980 8968 8975 9003 9032 8992 8970 8967 8969 8953 8948 8938 8917 8885 8860 8845 8822 8817 8831 8836 8839 8833 8821 8811 8814 8828 8848 8829 8815
9442 9453 9465 9479 9493 9505 9499 9475 9466 9459 9434 9387 9394 9416 9425 9410 9396 9383 9374 9312 9290 9265 9234 9216 9195 9198 9223 9263 9243 9227 9216 9204 9197 9187 9175 9151 9150 9153 9146 9138 9126 9120 9109 9110 9098 9013 8990 9026 9007 8978 8957 8917 8936 8948 8952 8965 8968 8966 8957 8935 8895 8873 8862 8824 8830 8855 8859 8848 8840 8837 8834 8831 8824 8825 8833 8825
9444 9452 9461 9471 9483 9486 9484 9474 9471 9470 9439 9410 9411 9425 9425 9408 9385 9367 9355 9317 9285 9257 9236 9223 9210 9202 9180 9218 9243 9246 9221 9208 9210 9218 9196 9188 9219 9199 9194 9190 9180 9170 9171 9145 9036 9008 9003 8993 8997 8984 8940 8893 8909 8939 8957 8978 8987 8993 8994 8994 8998 8961 8933 8923 8920 8903 8898 8902 8879 8855 8837 8821 8822 8823 8829 8820
9447 9451 9456 9462 9468 9476 9477 9471 9461 9451 9404 9417 9422 9427 9426 9404 9377 9361 9349 9325 9291 9266 9249 9237 9232 9218 9211 9190 9220 9235 9195 9202 9219 9208 9208 9270 9353 9283 9259 9247 9249 9226 9203 9156 9059 9016 9044 8999 9054 9027 8973 8921 8923 8949 8976 8991 9004 9015 9029 9051 9062 9038 9007 8997 8977 8941 8918 8917 8890 8866 8845 8830 8825 8826 8832 8836
9449 9450 9451 9451 9451 9449 9451 9456 9443 9420 9412 9424 9421 9419 9415 9402 9382 9364 9352 9329 9302 9276 9255 9245 9232 9216 9222 9184 9205 9209 9178 9216 9248 9339 9360 9374 9450 9322 9232 9253 9322 9328 9223 9122 9048 9049 9028 9273 9166 9088 9029 8980 8965 8976 9005 9019 9030 9041 9057 9082 9102 9073 9043 9019 8995 8960 8926 8897 8891 8875 8855 8840 8824 8822 8827 8826
9448 9446 9444 9439 9433 9426 9417 9434 9436 9434 9427 9413 9408 9412 9419 9406 9390 9362 9334 9331 9306 9288 9275 9256 9244 9234 9214 9213 9223 9226 9231 9271 9324 9462 9357 9218 9026 9000 9055 9153 9293 9403 9251 9109 9138 9160 9227 9248 9217 9151 9090 9025 8997 9016 9027 9055 9058 9062 9068 9079 9089 9066 9045 9023 9003 8972 8942 8908 8902 8884 8863 8843 8831 8821 8818 8816
9447 9444 9439 9433 9426 9415 9418 9437 9439 9429 9418 9384 9398 9406 9403 9401 9391 9353 9327 9323 9305 9288 9275 9261 9246 9233 9194 9188 9271 9356 9391 9333 9256 9168 9094 8966 8845 8828 8878 8971 9104 9225 9279 9316 9342 9314 9213 9243 9239 9204 9162 9121 9102 9083 9086 9073 9065 9060 9060 9056 9051 9047 9032 9015 9003 8978 8963 8951 8921 8897 8874 8853 8832 8820 8812 8807
9445 9442 9435 9427 9420 9413 9411 9416 9426 9435 9403 9407 9406 9401 9393 9371 9351 9339 9320 9292 9281 9282 9272 9255 9231 9197 9218 9253 9346 9401 9397 9256 9166 9053 8861 8746 8719 8682 8703 8765 8816 8951 9147 9296 9302 9350 9383 9324 9295 9266 9237 9218 9199 9135 9102 9098 9076 9059 9047 9040 9027 9015 9003 8991 8981 8966 8956 8944 8928 8907 8886 8859 8846 8823 8810 8802
9448 9441 9433 9423 9416 9408 9386 9387 9405 9411 9389 9422 9414 9396 9376 9354 9338 9331 9322 9308 9295 9282 9279 9254 9228 9222 9238 9280 9385 9416 9216 9027 9007 8821 8660 8601 8581 8563 8583 8622 8663 8781 8960 9101 9224 9375 9409 9366 9358 9319 9277 9237 9174 9147 9113 9106 9076 9048 9024 9028 9014 8987 8980 8972 8955 8950 8949 8942 8929 8913 8897 8884 8841 8827 8812 8798
9452 9445 9435 9425 9413 9400 9394 9382 9390 9414 9406 9416 9409 9390 9366 9340 9329 9328 9328 9322 9285 9277 9271 9253 9242 9247 9277 9286 9442 9341 9089 8889 8859 8707 8566 8517 8491 8487 8509 8545 8596 8693 8825 8977 9071 9261 9491 9473 9421 9387 9331 9264 9196 9141 9108 9103 9071 9036 8989 8891 8906 8953 8964 8966 8963 8958 8948 8939 8926 8915 8901 8886 8845 8829 8814 8798
9453 9445 9436 9425 9411 9396 9391 9386 9407 9421 9432 9418 9403 9386 9367 9344 9329 9325 9325 9315 9286 9278 9270 9267 9265 9280 9303 9341 9567 9285 8926 8713 8593 8512 8477 8453 8438 8426 8444 8502 8575 8623 8715 8832 8929 9081 9313 9553 9520 9452 9366 9272 9182 9119 9085 9094 9065 9034 9003 8992 8947 8954 8964 8969 8975 8970 8958 8941 8928 8915 8898 8882 8855 8835 8818 8802
9449 9442 9435 9426 9416 9399 9400 9407 9443 9428 9425 9421 9405 9383 9356 9328 9325 9318 9318 9316 9303 9288 9281 9276 9267 9291 9312 9429 9619 9231 8780 8624 8499 8489 8432 8439 8439 8436 8464 8492 8513 8571 8654 8765 8867 8996 9207 9506 9594 9529 9412 9284 9154 9090 9061 9084 9061 9039 9021 9013 8988 8974 8972 8973 8971 8966 8959 8948 8932 8915 8897 8875 8859 8842 8823 8801
9443 9441 9439 9436 9433 9433 9428 9440 9481 9439 9428 9420 9407 9385 9358 9340 9322 9307 9297 9310 9299 9287 9272 9260 9270 9280 9326 9460 9568 9158 8710 8583 8530 8473 8452 8478 8522 8543 8576 8530 8488 8548 8624 8702 8763 8869 9111 9445 9640 9581 9445 9295 9159 9078 9041 9068 9052 9036 9021 9006 9001 8991 8984 8978 8974 8968 8971 8954 8937 8917 8896 8877 8867 8852 8833 8819
9443 9443 9444 9446 9449 9453 9446 9449 9494 9441 9416 9420 9419 9388 9363 9328 9315 9298 9279 9292 9279 9284 9285 9288 9308 9298 9399 9640 9382 9081 8812 8564 8531 8509 8466 8553 8658 8771 8715 8603 8518 8552 8611 8674 8733 8843 9072 9267 9585 9566 9441 9293 9148 9060 9034 9018 9043 9030 9020 9012 9008 9001 8994 8987 8980 8977 8965 8957 8939 8918 8896 8875 8870 8856 8843 8827
9438 9441 9444 9451 9459 9466 9455 9466 9484 9433 9412 9410 9406 9386 9361 9337 9326 9306 9280 9290 9299 9293 9312 9311 9281 9270 9564 9693 9317 9016 8787 8601 8500 8447 8505 8631 8754 8842 8821 8691 8588 8580 8611 8664 8735 8887 9064 9287 9486 9518 9418 9281 9142 9049 9026 9046 9035 9025 9019 9013 9011 9005 8998 8990 8984 8979 8976 8961 8943 8925 8906 8883 8861 8860 8853 8838
9439 9442 9445 9450 9458 9462 9460 9461 9440 9411 9401 9403 9403 9380 9361 9362 9350 9331 9321 9325 9317 9299 9344 9340 9301 9296 9501 9692 9282 8973 8746 8581 8465 8430 8534 8656 8784 8944 8867 8724 8634 8604 8618 8652 8711 8827 9071 9300 9437 9474 9391 9274 9147 9051 9027 9016 9033 9024 9018 9019 9015 9009 9002 8995 8987 8980 8975 8963 8946 8932 8920 8910 8903 8889 8872 8855
9439 9440 9442 9444 9447 9451 9455 9449 9419 9402 9392 9392 9388 9368 9356 9353 9352 9352 9348 9336 9319 9335 9355 9340 9316 9317 9508 9563 9296 8971 8782 8610 8462 8435 8504 8589 8690 8779 8741 8647 8603 8594 8611 8650 8701 8874 9163 9299 9387 9424 9369 9267 9149 9060 9024 9017 9034 9026 9017 9019 9016 9009 9001 8993 8989 8988 8982 8967 8949 8932 8922 8924 8908 8891 8877 8867
9435 9437 9438 9437 9433 9437 9445 9449 9451 9410 9399 9388 9365 9352 9334 9333 9348 9372 9377 9364 9362 9349 9369 9366 9336 9334 9451 9504 9326 9023 8868 8738 8506 8501 8412 8445 8532 8587 8566 8522 8530 8567 8611 8660 8757 8861 9179 9305 9388 9441 9356 9250 9138 9050 9022 9016 9039 9035 9031 9028 9023 9014 9005 8996 8989 8991 8987 8966 8944 8924 8907 8894 8886 8871 8859 8845
9431 9431 9433 9432 9428 9429 9433 9429 9436 9436 9419 9406 9392 9374 9351 9344 9360 9400 9409 9390 9379 9376 9373 9376 9340 9318 9373 9467 9325 9104 8948 8824 8681 8554 8423 8371 8424 8443 8420 8408 8475 8549 8616 8678 8742 8837 9169 9356 9458 9444 9337 9235 9134 9058 9026 9024 9049 9048 9048 9041 9028 9015 9002 8992 8982 8969 8969 8960 8940 8917 8891 8875 8874 8866 8846 8832
