real_craters/C075-1000m.grd
DSAA
33 33
-16.17 16.17
-16.17 16.17
4288.3005633828 5955.6521179684
5523.71 5538.21 5528.26 5525.17 5516.38 5494.58 5493.66 5489.88 5483.83 5484.91 5481.13 5477.14 5479.13 5486.38 5505.47 5517.32 5517.15 5526.47 5496.66 5499.75 5496.58 5495.54 5501.21 5508.73 5478.86 5475.09 5478.33 5478.98 5446.34 5416.23 5407.28 5410.76 5411.06 
5569.96 5569.36 5549.44 5542.62 5544.61 5521.9 5495.7 5480.25 5472.09 5510.81 5524.65 5520.76 5534.04 5542.74 5527.03 5515.08 5519.96 5518.7 5493.15 5486.22 5489.25 5497.31 5503.06 5521.81 5526.67 5508.1 5497.25 5484.89 5464.65 5436 5424.39 5423.79 5412.86 
5524.3 5539.04 5544.35 5539.48 5529.36 5509.26 5513.36 5509.06 5509.79 5537.27 5550.85 5552.31 5559.3 5579.15 5548.68 5523.65 5516.44 5512.66 5504.06 5506 5506.68 5501.03 5493.31 5472.91 5482.13 5523.68 5503.69 5478.09 5474.74 5441.28 5412.97 5412.57 5407.95 
5511.55 5526.09 5530.48 5530.2 5527.54 5501.38 5505.85 5514.98 5519.32 5521.64 5535.15 5544.48 5541.39 5552.59 5532.48 5525.3 5532.77 5534.19 5527.88 5523.83 5521.43 5516.73 5499.56 5486.19 5516.62 5533.62 5506.88 5460.55 5449.71 5435.73 5411.62 5409.3 5406.26 
5475.34 5505.49 5518.45 5519.32 5505.37 5502.19 5498.97 5498.81 5493.89 5499.11 5528.15 5549.75 5568.96 5568.62 5551.96 5546.51 5540.93 5525.87 5526.55 5533.7 5559.64 5542.43 5521.25 5498.68 5517.69 5550.01 5515.96 5461.53 5450.43 5438.81 5421.1 5424.73 5407.82 
5477.55 5501.06 5515.85 5524.97 5523.16 5515.55 5508.52 5501.9 5500.26 5511.39 5535.58 5557.52 5571.44 5568.67 5580.67 5599 5571.94 5542.92 5540.35 5553.9 5573.23 5567.78 5546.97 5530.29 5532.52 5544.07 5519.75 5488.38 5471.63 5450.74 5426.33 5413.28 5416.02 
5494.11 5497.48 5522.48 5537.33 5544.59 5532.13 5515.82 5500.11 5508.91 5525.75 5555.12 5597.45 5606.03 5758.66 5681.97 5662.45 5647.31 5604.45 5570.91 5584.18 5610.46 5597.86 5579.9 5558.31 5544.89 5533.86 5510.71 5496.87 5481.03 5463.92 5447.09 5449.75 5439.56 
5527.59 5528.49 5529.51 5535.4 5536.97 5522.96 5507.78 5505.95 5515.86 5526.8 5583.96 5720.17 5874.49 5955.65 5812.96 5743.69 5738.35 5723.94 5695.84 5716.44 5657.36 5640.48 5629.54 5599.24 5582.65 5543.08 5512.49 5486.82 5490.21 5480.43 5470.8 5474.72 5471.23 
5528 5527.84 5520.46 5519.46 5521 5515.61 5510.74 5533.34 5544.49 5560.91 5617.46 5794.85 5878.47 5643.62 5468.65 5401.19 5435.53 5514.9 5647.77 5748.49 5834.59 5728.27 5661.38 5632.61 5596.51 5561.4 5547.39 5524.05 5500.86 5483.97 5484.53 5492.98 5489.65 
5522.09 5502.65 5498.89 5507.81 5513.78 5517.02 5520.67 5550.98 5547.35 5613.64 5677.13 5669.3 5504.78 5113.11 4977.75 4910.17 4965.55 5048.85 5132.71 5240.87 5368.05 5568.01 5622.53 5636.24 5585.41 5579.97 5569.02 5559.38 5517.84 5486.26 5481.89 5478.72 5469.82 
5508.19 5494.47 5500.56 5534.41 5536.06 5527.06 5528.66 5535.37 5663.49 5649.2 5648.43 5407.7 5103.04 4753.92 4677 4632.54 4686.34 4673.77 4778.15 4905.8 5043.15 5293.57 5544.07 5706.46 5689.84 5626.67 5590.33 5577.14 5535.97 5506.41 5484.01 5468.05 5461.6 
5509.84 5507.84 5517.22 5551.61 5551.89 5537.17 5519.32 5536.99 5644.86 5790.93 5612.51 5196.51 4892.6 4592.71 4542.62 4474.69 4436.31 4440.95 4498.15 4620.98 4793.45 5051.32 5381.69 5654.2 5694.76 5671.2 5569.82 5554.39 5536.06 5512.44 5489.9 5460.04 5455.82 
5511.52 5514.52 5525.86 5549.5 5557.28 5556.68 5565.77 5617.52 5742.07 5714.8 5338.85 4912.06 4648.61 4444.2 4407.08 4374.41 4362.4 4361.74 4374.34 4446.84 4602.38 4859.19 5121.27 5395.84 5684.1 5743.57 5618.2 5531.82 5524.26 5519.09 5492.74 5468.05 5457.78 
5501.91 5520.08 5559.97 5568.46 5564.59 5567.58 5593.54 5658.55 5782.23 5375.11 5016.02 4648.46 4439.72 4350.72 4329.87 4317.51 4310.76 4309.18 4319.7 4363.32 4485.09 4653.52 4924.21 5249.5 5601.1 5731.27 5595.12 5514.31 5506.09 5498.95 5487.72 5480.49 5468.19 
5503.04 5531.27 5563.8 5561.91 5568.59 5579.77 5613.89 5744.43 5696.65 5182.69 4882.53 4678.84 4422.75 4318.69 4303.57 4302.97 4306.12 4297.62 4293.04 4315.07 4437.81 4583.78 4829.98 5177.17 5544.87 5716.81 5559.89 5514.2 5494.25 5486.16 5484.35 5488.98 5470.95 
5507.5 5534.13 5566.35 5562.81 5565.75 5578.48 5624.29 5798.49 5516.65 5082.03 4846.96 4648.87 4333.93 4297.58 4295.72 4308.26 4324.46 4300.6 4288.3 4295.41 4378.75 4521.54 4780.39 5130.31 5498.9 5690.66 5570.86 5509.56 5485.42 5481.26 5482.85 5492.07 5481.52 
5507.11 5527.12 5549.09 5565.09 5568.73 5576.41 5610.21 5772.48 5512.16 5032.14 4750.93 4519.99 4331.87 4294.72 4295.22 4295.34 4295.65 4300.76 4294.57 4295.7 4367.76 4426.04 4725.09 5102.82 5463.73 5688.64 5532.61 5477.23 5471.54 5475.43 5482.39 5480.98 5469.04 
5501.01 5517.32 5541 5566.73 5567.26 5571.94 5604.3 5780.36 5603.12 5123.56 4775.67 4557.51 4370 4312.62 4294 4294.79 4296.08 4308.59 4304.78 4304.36 4358.44 4477.33 4785.33 5113.33 5427.78 5601.91 5527.1 5479.77 5463.19 5466.31 5472.3 5465.16 5453.92 
5499.68 5511.07 5526.44 5574.37 5560.83 5559.2 5598.7 5812.02 5753.89 5327.66 4869.97 4649.66 4448.77 4356.67 4298.11 4295.53 4304.08 4315.61 4321.24 4333.98 4441.56 4684.83 4896.76 5163.62 5415.02 5581.56 5549.74 5478.27 5464.18 5457.27 5451 5447.23 5439.17 
5492.78 5482.21 5497.3 5528.31 5541.27 5545.81 5579.27 5757.89 5948.26 5588.49 5060.39 4801.58 4585.84 4443 4343.15 4309.35 4318.22 4334.02 4359.74 4430.04 4622.91 4880.49 5024.06 5223.92 5447.04 5613.71 5544.66 5514.87 5474.27 5450.17 5435.04 5434.46 5439.13 
5485.96 5476.72 5479.75 5503.85 5525.76 5539.99 5558.64 5654.78 5864.04 5761.4 5282.1 4923.82 4712.64 4581.03 4462.71 4404.76 4391.48 4396.3 4490.62 4574.02 4725.94 4930.69 5045.41 5316.05 5509.59 5609.09 5552.55 5497.2 5467.85 5445.91 5429.05 5425.05 5427.22 
5480.35 5475 5478.14 5512.13 5533.59 5541.09 5568.37 5632.45 5792.8 5847.77 5481.03 5105.63 4936.28 4799.35 4676.01 4645.13 4620.74 4595.98 4681.76 4711.52 4785.07 4994.6 5299.93 5501.04 5577.72 5610.53 5512.45 5494.61 5471.09 5444.16 5420.82 5396.58 5387.56 
5468.57 5462.24 5478.31 5531.86 5539.29 5532.94 5545.44 5614.83 5702.17 5880.13 5809.72 5483.32 5280.03 5101.48 4959.81 4904.85 4878.26 4862.72 4830.52 4880.25 5005.24 5322.4 5692.28 5677.58 5606.12 5553.56 5514.62 5495.29 5473.13 5446.77 5411.17 5384.62 5389.17 
5453.05 5447.86 5465.08 5505.84 5523.13 5521.18 5528.16 5563.63 5643.37 5889.86 5945.92 5918.38 5616.54 5442.99 5255.04 5138.95 5201.4 5213.95 5202.65 5288.56 5501.93 5647.85 5562.99 5609.42 5567.09 5532.07 5506.89 5505.48 5498.16 5451.72 5418.85 5393.79 5392.83 
5435.92 5438.24 5453.81 5493.42 5508.37 5506.46 5516.6 5532.78 5543.96 5636.08 5755.65 5843.99 5714.68 5693.21 5690.56 5648.71 5629.05 5739.51 5760.07 5719.62 5628.77 5499.23 5507.8 5529.47 5495.26 5469.27 5485.53 5476.58 5457.63 5440.98 5417.87 5401.48 5402.18 
5425.22 5424.43 5440 5473.49 5490.53 5485.84 5502.08 5530 5550.55 5541.59 5554.13 5580.61 5611.95 5593.04 5673.22 5740.64 5703.25 5698.8 5619.66 5557.43 5526.37 5472.6 5469.8 5491.92 5471.05 5448.81 5438.08 5441.5 5450.08 5426.43 5409.1 5400.79 5411.56 
5416.52 5415.48 5438.81 5464.64 5484.74 5466.79 5485.44 5532.7 5553.47 5528.66 5516.77 5481.27 5512.99 5526.8 5572.18 5584.33 5594.1 5528.35 5501.03 5483.82 5496.04 5476.66 5480.03 5476.44 5464.85 5443.32 5421.92 5420.28 5413.08 5415.24 5403.45 5396.65 5422.48 
5407.82 5404.64 5407.88 5429.13 5435.35 5434.03 5454.16 5493.45 5500.85 5486.26 5488.34 5459.43 5486.74 5505.78 5501.96 5481.98 5485.09 5497.89 5494.88 5464 5491.93 5508.6 5475.53 5448.91 5436.46 5425.18 5418.72 5416.88 5425.79 5420.23 5418.86 5432.75 5438.54 
5395.9 5390.4 5396.76 5406.03 5405.97 5389.42 5439.15 5451.72 5452.31 5446.5 5456.55 5465.73 5477.88 5498.94 5475.93 5445.95 5444.29 5463.75 5448.8 5436.62 5443.47 5443.53 5409.14 5377.62 5389.18 5399.77 5405.82 5402.79 5392.06 5397.22 5426.4 5453.29 5449.67 
5387.85 5395.13 5391.02 5396.62 5410.08 5410.35 5408.62 5413.55 5424.56 5443.74 5453.86 5453.76 5445.13 5440.04 5456.55 5470.04 5432.94 5407.44 5400.67 5404.29 5397.36 5385.57 5379.13 5380.01 5389.57 5389.32 5386.06 5377.88 5366.92 5376.02 5409.29 5434.84 5443.39 
5371.95 5371.93 5376.53 5383.45 5386.8 5373.84 5385.09 5406.06 5402.1 5406.71 5420.28 5416.08 5409.31 5410.33 5435.79 5452.3 5420.54 5395.13 5393.75 5397.8 5375.21 5344.81 5369.3 5385.3 5386.87 5381.88 5375.78 5373.38 5373.13 5383.18 5389.8 5402.89 5414.21 
5359.47 5367.45 5380.52 5384.08 5362.18 5351.15 5361.16 5378.24 5376.78 5388.73 5401.17 5413.67 5422.1 5416.42 5415.28 5411.91 5389.76 5384.69 5401.46 5397.99 5365.17 5343.35 5366.24 5367.71 5381.44 5375.54 5363.32 5356.25 5373.12 5392.75 5383.73 5387.58 5397.5 
5341.41 5345.55 5361 5360.58 5346.72 5331.69 5346.05 5359.86 5364.84 5362.99 5380.05 5403.3 5410.66 5403.32 5389.57 5375.67 5352.2 5351.4 5357.95 5349.89 5347.31 5347.81 5355.47 5369.72 5389.04 5368.77 5351.4 5341.19 5358.57 5369.85 5375.12 5381.8 5389.46 
