real_craters/C075-500m.grd
DSAA
114 114
-28.2975 28.2975
-28.2975 28.2975
8371.5670745035 9676.3976585208
[rows 30 to 59 of 114, columns 0 to 66 of 114]
9464.76 9463.02 9461.59 9460.96 9459.17 9458.75 9454.58 9450.95 9465.57 9462.23 9438.1 9411.89 9381.84 9353.7 9325.47 9305.99 9302.41 9299.92 9302.82 9309.84 9316.46 9325.33 9330.52 9333.98 9335.17 9337.87 9349.99 9332.14 9304.51 9298.54 9292.27 9289.66 9276.97 9261.25 9251.88 9246.26 9242.45 9240.16 9242.13 9243.39 9233.94 9219.77 9219.65 9222.11 9215.8 9197.45 9176.38 9156.45 9155.77 9162.07 9163.85 9159.49 9164.49 9157.11 9142.41 9114.02 9102.39 9088.92 9074.79 9059.1 9043.77 9028.08 9013.17 8993.08 8981.04 8970.08 8951.13
9452.88 9455.4 9456.89 9459.44 9461.4 9463.01 9466.01 9470.52 9493.17 9475.12 9453.57 9423.96 9393.52 9363.4 9333.7 9311.45 9315.08 9312.78 9310.08 9316.82 9325.34 9336.35 9344.92 9347.54 9345.55 9334.09 9337.6 9347.36 9341.45 9295.87 9280.01 9270.71 9256.12 9247.06 9239.78 9232.02 9222.88 9226.53 9232.09 9231.6 9234.86 9225.9 9220.42 9219.6 9216.18 9201.66 9181.4 9164.48 9156.54 9154.56 9156.27 9157.54 9149.18 9140.96 9121.96 9099.01 9092.39 9082.5 9070.01 9054.37 9036.62 9015.92 8996.82 8979.02 8962.72 8950.39 8936.19
9441.66 9448.53 9454.43 9460.44 9466.69 9471.84 9477.41 9485.88 9485.78 9496.01 9470.56 9435.17 9407.22 9381.18 9355.78 9338.87 9335.21 9320.09 9321.02 9332.24 9341.17 9354.56 9361 9362.34 9359.84 9352.93 9340.78 9352.06 9224.9 9236.68 9293.74 9282.94 9247.06 9235.5 9230.47 9223.88 9215.12 9208.24 9218.17 9227.76 9236.53 9233.23 9221.79 9216.69 9223.31 9204.76 9183.99 9164.14 9150.23 9145.58 9148.88 9146.59 9134.3 9133.35 9115.35 9096.75 9091.37 9083.65 9071.98 9055.78 9033.64 9010.18 8983.75 8957.17 8938.43 8924.98 8922.18
9439.53 9446.19 9453.48 9461.43 9468.4 9476.74 9487.71 9496.91 9498.92 9497.38 9465.09 9440.38 9421.96 9403.93 9385.14 9369.32 9345.34 9327.87 9335.97 9354 9372.48 9378.92 9379.55 9377.78 9374.55 9377.65 9367.48 9167.64 9024.75 9161.32 9355.02 9314.63 9244.4 9229.95 9224.89 9221.64 9219.3 9201.78 9209.7 9225.34 9233.36 9241.03 9226.83 9215.48 9210.9 9205.4 9187.57 9164.95 9141.91 9144.49 9146.65 9142.92 9129.22 9117.93 9110.67 9103.06 9097.78 9088.28 9075.65 9059.44 9038.76 9014.38 8980.52 8951.01 8934.91 8927.46 8927.45
9440.71 9446.44 9453.93 9462.53 9471.32 9480.62 9491.61 9501.99 9509.73 9496.38 9474.01 9450.85 9437.25 9425.92 9414.07 9391.71 9350.61 9340.06 9353.52 9375.41 9398.18 9401.56 9396.55 9390.41 9382.17 9373.52 9336.87 9184.23 9061.68 9184.6 9364.04 9326.25 9257.23 9232.44 9223.27 9220.22 9217.45 9207.92 9210.45 9220.32 9239.67 9249.36 9234.42 9225.67 9230.59 9213.01 9194.33 9178.12 9163.35 9132.58 9154.4 9153.82 9131.72 9110.94 9112.7 9119.04 9108.49 9099.34 9088.95 9074.91 9055.98 9030.39 8993.65 8968.69 8955.55 8948.9 8963.81
9440.34 9446.83 9454.04 9462.57 9474.33 9485.53 9496.16 9505.19 9507.7 9500.82 9471.63 9460.3 9450.44 9444.14 9440.41 9424.98 9379.71 9366.16 9374.69 9391.86 9408.3 9412.93 9408.25 9401.34 9391.63 9380.74 9382.75 9323.07 9265.98 9286.36 9329.87 9305.54 9260.32 9234.78 9223.68 9216.55 9213.08 9220.79 9214.25 9223.22 9241.76 9248.29 9239.81 9222.79 9215.96 9210.15 9201.33 9191.28 9181.4 9172.66 9171.34 9164.6 9143.65 9131.18 9125.4 9115.32 9121.53 9117.66 9110.93 9100.1 9086.03 9069.18 9048.07 9028.15 9014.92 9028.53 9072.92
9441.54 9448.67 9457.08 9465.17 9474.2 9484.06 9493.73 9503.17 9511.5 9501.52 9485.9 9469.52 9464.03 9459.71 9454.05 9436.27 9407.08 9383.4 9391.18 9405.94 9420.16 9423.67 9415.84 9405.93 9397.26 9391.81 9379.21 9377.23 9360.82 9317.03 9292.04 9281.59 9255.5 9236.3 9223.03 9211.87 9198.43 9195.38 9204.9 9227.46 9241.38 9262.47 9244.97 9226.03 9223.56 9216.77 9208.23 9201.21 9195.95 9185.98 9184.52 9176.25 9157.27 9146.12 9145.14 9146.43 9146.65 9142.13 9137.03 9130.18 9122.49 9113.92 9112.33 9099.47 9097.08 9104.56 9115.71
9442.5 9448.89 9455.31 9463.15 9471.09 9478.65 9486.12 9490.45 9485.13 9485.37 9475.35 9472.85 9470.98 9469.14 9460.22 9436.48 9415.04 9400.11 9403.85 9415.27 9427.13 9428.14 9418.09 9405.34 9391.33 9379.36 9368.39 9359.31 9338.7 9302.24 9289.44 9271.75 9252.6 9236.98 9225.2 9213.94 9200.74 9189.67 9188.72 9199.2 9217.84 9242.6 9246.89 9249.26 9237.66 9223.54 9212.36 9206.24 9204.53 9205.29 9202.42 9192.28 9180.27 9168.15 9181.16 9180.78 9176.2 9171.53 9165.67 9162.38 9156.41 9151.22 9145.08 9147.82 9149.35 9128.34 9075.53
9443.92 9448.72 9454.01 9459.48 9466.1 9473.01 9479.03 9484.8 9489.57 9485.53 9478.14 9472.06 9469.88 9469.41 9472.52 9439.37 9405.53 9407.76 9413.95 9421.9 9427.52 9424.54 9415.94 9400.65 9385.51 9372.18 9360.79 9353.67 9343.68 9310.78 9287.75 9270.28 9250.35 9238.03 9231.2 9225.03 9218.72 9205.47 9204.83 9186.36 9191.05 9219.19 9235.9 9247.55 9239.02 9222.54 9209.14 9206.46 9209.46 9217.65 9214.37 9197.39 9193.06 9212.92 9238.91 9228.05 9212.65 9209.14 9205.84 9200.96 9194.7 9188.68 9178.08 9178.47 9182.28 9133.34 9055.66
9446.33 9448.89 9452.23 9456.23 9460.41 9465.31 9470.28 9474.86 9481.72 9479.97 9476.53 9468.8 9463.02 9458.24 9450.22 9403.32 9407.55 9417.35 9420.4 9425.4 9429.35 9429.29 9413.78 9397.65 9379.64 9367.29 9357.3 9349.93 9343.85 9314.01 9292.83 9275.42 9260.31 9248.92 9239.08 9234.26 9231.54 9218.37 9216.47 9209.43 9189.25 9199.39 9218.62 9235.68 9227.9 9200.45 9198.16 9203.94 9213.31 9213.61 9207.63 9205.33 9212.94 9278.09 9329.56 9309.2 9269.37 9257.77 9244.75 9243.02 9242.39 9236.33 9212.14 9202.94 9174.3 9140.34 9077.28
9448.33 9449.28 9451.7 9454.52 9454.87 9456.63 9459.04 9459.81 9459.95 9463.88 9464.86 9459.79 9451.38 9440.07 9424.01 9414.11 9421.88 9424.4 9422.62 9422.83 9423.65 9419.22 9409.88 9396.01 9379.78 9367.79 9357.48 9344.73 9334.47 9316.34 9298.4 9282.1 9265.88 9252.05 9245.3 9238.84 9230.85 9221.01 9213.15 9216.99 9200.14 9185.91 9205.35 9224.76 9218.84 9195.45 9194.79 9212.48 9234.62 9271.71 9301.63 9284.9 9281.79 9366.64 9464.82 9403.16 9350.57 9274.61 9256.85 9267.31 9287.68 9297.88 9275.78 9232.55 9197.78 9131.87 9062.7
9449.34 9448.82 9448.04 9448.17 9448.2 9447.51 9446.87 9445.72 9442.78 9444.63 9448.15 9446.07 9440.71 9429.44 9408.76 9413.23 9429.4 9423.3 9418.87 9418.17 9416.25 9402.68 9405.71 9398.48 9386.31 9372.31 9360.69 9358.76 9325.35 9334.68 9306.33 9288.62 9273.82 9261.63 9253.01 9244.07 9233.7 9221.32 9222.81 9222.96 9206.71 9189.7 9202.81 9210.02 9196.95 9180.61 9200.5 9231.21 9252.56 9242.61 9355.21 9377.64 9388.45 9375.11 9399.57 9304.7 9243.97 9204.56 9213.66 9250.17 9310.32 9366.31 9347.26 9256.03 9154.3 9100.71 9064.74
9448.25 9446.91 9445.38 9443.73 9441.93 9438.52 9434.73 9430.66 9425.94 9420.02 9430 9436.6 9436.66 9432 9434.18 9426.84 9426.59 9412.55 9410.28 9411.58 9412.59 9414.47 9410.18 9402.14 9391.75 9373.78 9355.89 9338.86 9332.97 9322.03 9307.14 9294.68 9283.69 9275.46 9262.31 9251.22 9246.51 9237.3 9228.38 9217.91 9210.28 9211.4 9216.74 9223.75 9214.59 9213.93 9239.03 9270.27 9304.48 9411.05 9449.78 9396.32 9329.8 9223.38 9102.6 9055.38 9031.12 9066.78 9118.46 9185.02 9277.21 9392.54 9393.98 9277.68 9159.76 9102.34 9118.24
9447.32 9445.97 9443.18 9440.02 9436.1 9433.51 9425.71 9421.39 9416.4 9415.97 9429.54 9437.77 9437.47 9431.97 9418.47 9422.74 9401.26 9389.74 9400.3 9406.17 9410.06 9412.43 9408.3 9403.72 9391.7 9371.45 9349.59 9328.79 9321.61 9319.96 9308.52 9296.61 9286.76 9278.14 9266.63 9255.56 9243.49 9237.35 9226.77 9202.61 9203.02 9204.05 9238.98 9276.19 9307.48 9312.23 9311.09 9302.91 9296.27 9294.3 9216.96 9162.07 9125.57 9037.96 8905.74 8877.5 8879.92 8940.01 9003.29 9081.84 9178.2 9286.09 9309.75 9283.51 9250.94 9184.22 9222.66
9445.91 9443.89 9441.34 9438.83 9435.26 9430.18 9425.1 9418.09 9412.39 9419.94 9434.13 9442.12 9438.91 9435.82 9416.74 9414.07 9396.16 9389.17 9398.63 9402.97 9404.67 9404.03 9400.11 9394.55 9388.01 9363.18 9343.11 9326.45 9322.06 9320.12 9305.06 9291.96 9283.8 9275.89 9266.14 9258.25 9248.65 9234.1 9219.82 9194.02 9183.4 9195.1 9272.08 9332.6 9378.74 9418.17 9398.64 9312.92 9251.77 9183.73 9137.49 9085.84 8991.95 8899.85 8836.93 8808.73 8810.78 8834.9 8882 8946.38 9025.3 9121.63 9188.66 9248.21 9330.04 9357.18 9345.6
9444.72 9442.13 9439.28 9435.6 9431.27 9426.69 9421.83 9415.74 9411.47 9414.03 9420.04 9427.27 9429.59 9435.57 9424.9 9407.47 9401.93 9406.23 9404.57 9403.4 9400.39 9396.15 9385.65 9367.65 9355.35 9347.54 9335.7 9322.15 9307.27 9291.83 9283.18 9284.1 9280.28 9271.92 9263.41 9253.48 9238.98 9211.77 9200.44 9211.39 9210.76 9274.67 9327.49 9374.81 9402.74 9415.47 9363.9 9255.82 9193.88 9146.68 9061.84 8947.69 8798.25 8765.47 8748.22 8725.5 8704.04 8717.06 8758.77 8801.33 8842.15 8888.34 9017.1 9138.18 9262.44 9336.23 9313.44
9445.66 9442.59 9437.78 9432.67 9427.43 9422.16 9417.21 9412.88 9408.27 9393.66 9389.62 9398.91 9412.87 9419.98 9411.63 9390.05 9402.82 9419.08 9411.95 9403.67 9395.02 9382.48 9367 9353.61 9342.12 9337.09 9330.65 9322.66 9311.02 9295.91 9284.19 9283.19 9280.79 9278.26 9266.12 9241.76 9222.86 9209.99 9219.34 9221.5 9236.14 9304.71 9362.29 9403.91 9420.05 9328.15 9153.73 9120.53 9091.74 9033.12 8894.53 8757.18 8673.3 8652.63 8634.5 8612.49 8596.98 8612.2 8653.9 8686.09 8707.39 8735.75 8873.95 9008.63 9109.44 9141.27 9239.24
9448.79 9445.1 9439.56 9433.08 9427.61 9420.98 9414.83 9409.06 9403.22 9389.03 9380.82 9391.43 9401.58 9410.81 9401.75 9390.76 9410.7 9424.39 9415.26 9403.19 9390.01 9375.74 9361.73 9345.45 9336.48 9331.75 9328.89 9324.31 9315.11 9311.72 9298.29 9285.64 9280.54 9278.92 9268.39 9248.74 9233.29 9227.53 9229.09 9242 9254.79 9297.82 9377.87 9411.68 9391.47 9241.33 9017.69 8992.47 8980.61 8901.71 8750.2 8654.97 8601.93 8576.82 8563.89 8559.27 8550.71 8566.68 8584.64 8608.96 8636.47 8690.97 8786.02 8898.58 9001.96 9095.72 9170.39
9451.82 9447.58 9442.37 9436.3 9429.01 9420.94 9413.49 9405.12 9398.51 9393.59 9389.34 9381.36 9391.14 9406.34 9407.11 9402.59 9413.32 9416.48 9410.39 9399.07 9385.02 9368.72 9348.26 9335.28 9329.96 9328.73 9328.64 9328.22 9325.18 9321.26 9293.23 9280.81 9277.2 9273.67 9264.03 9247.99 9240.69 9240.44 9245.48 9272.92 9265.15 9316.5 9427.1 9411.96 9314.58 9148.02 8968.94 8895.96 8882.13 8851.58 8700.58 8596.77 8551.49 8522.86 8505.45 8491.4 8500.46 8516.33 8533.36 8560.4 8592.24 8641.82 8721.9 8813.86 8914.8 9000.53 9062.99
9453.38 9448.48 9442.69 9436.74 9429.3 9421.05 9411.13 9401.61 9391.94 9392.75 9389.28 9368.72 9388.55 9418.34 9414.59 9423.74 9421.98 9415.18 9405.92 9395.57 9382.51 9368.71 9357.66 9334.76 9327.99 9326.18 9326.56 9327.14 9323.97 9306.01 9281.27 9275.3 9274.5 9269.03 9259.83 9253.33 9251.45 9253.3 9270.23 9283.61 9280.24 9340.56 9497.33 9426.43 9248.46 9042.89 8884.61 8781.29 8732.97 8680.94 8565.6 8506.75 8489.54 8475.67 8463.42 8461.38 8452.82 8460.64 8490.85 8527.27 8570.91 8615.13 8668.93 8742.13 8832.67 8926.32 8962.64
9453.23 9448.39 9443.31 9436.54 9429.18 9419.81 9410.24 9400.2 9393.56 9391.48 9390.37 9394.59 9414.79 9432.67 9420.67 9442.34 9427.07 9412.93 9403.98 9393.02 9379.96 9366.7 9354.65 9338.79 9329.39 9325.78 9324.64 9324.47 9323.37 9310.26 9293.72 9283.44 9277.85 9272.85 9266.17 9272.45 9267.96 9276.22 9294.27 9308.88 9315.9 9404.92 9597.62 9449.44 9192.37 8935.06 8760.42 8656.38 8570.66 8511.08 8487.65 8468.97 8451.09 8444.02 8435.7 8419.31 8420.67 8433.09 8468.22 8506.05 8551.12 8587.92 8618.88 8673.02 8758.5 8825.31 8886.68
9450.09 9446.41 9441.07 9434.94 9429.36 9421.9 9413.53 9403.57 9393.44 9397.75 9398.5 9416.44 9437.58 9430.96 9426.13 9426.17 9425.75 9414.93 9405.16 9392.4 9376.83 9360.06 9343.59 9332.19 9327.14 9321.67 9318.7 9319.27 9320.8 9309.63 9301.08 9293.12 9284.31 9280.93 9286.57 9272.48 9268.86 9279.25 9301.75 9310.92 9350.93 9472.87 9622.1 9449.56 9141.81 8843.33 8688.25 8598.05 8510.72 8472.42 8487.01 8429.77 8434.43 8438.92 8435.84 8425.36 8431.44 8448.5 8474.03 8494.66 8514.08 8545.54 8586.27 8640.08 8712.8 8791.46 8862.89
9447.3 9444.21 9441.4 9437.91 9434.05 9428.61 9423.85 9418.28 9412.05 9412.01 9409.85 9434.28 9459.24 9451.51 9419.71 9426.59 9423.99 9418.99 9408.23 9392.98 9375.94 9356.19 9332.22 9328.46 9323.94 9316.5 9310.68 9307 9312.29 9317.54 9305.92 9293.19 9284.42 9276.9 9266.64 9263.13 9259.55 9268.39 9291.49 9317.55 9367.87 9457.27 9618.7 9410.32 9092.53 8775.42 8641.63 8579.87 8532.58 8498.39 8477.53 8444.26 8443.35 8457.58 8468.67 8470 8484.1 8508.73 8513.27 8503.18 8500.88 8522.68 8568.45 8622.2 8681.72 8741.64 8798.94
9442.98 9442.43 9441.37 9440.11 9438.72 9437.29 9436.74 9437.03 9435.93 9433.06 9440.64 9457.2 9485.05 9456.5 9435.52 9427.57 9422.34 9417.28 9408.2 9395.67 9378.03 9360.81 9349.19 9337.04 9322.34 9310.99 9301.49 9295.25 9296.44 9296.55 9297.97 9293.83 9283.35 9274.23 9261.57 9267.78 9280.41 9280.91 9284.32 9319.93 9428.66 9505.8 9572.69 9347.54 9054.63 8765.06 8625.05 8571.66 8529.38 8505.95 8476.94 8459.3 8467.57 8500.15 8536.5 8562.56 8587.03 8601.8 8576.3 8528.96 8485.34 8513.49 8557.79 8604.44 8655.74 8700.59 8738.76
9443.31 9444.11 9444.34 9444.4 9444.12 9445.08 9447.17 9449.4 9448.39 9444.56 9443.62 9462.72 9490.65 9467.74 9426.06 9417.4 9419.21 9422.71 9422.19 9398.95 9380.94 9364.38 9351.26 9328.56 9316.85 9305.83 9293.61 9282.92 9285.4 9290.33 9281.11 9284.16 9284.12 9282.18 9280.1 9287.51 9307.22 9297.3 9309.87 9360.94 9543.29 9640.26 9469.02 9246.07 9023.99 8827.91 8667.2 8548.15 8527.81 8517.25 8499.14 8465.89 8495.38 8557.38 8621.9 8689.77 8736.28 8703.55 8648.55 8571.05 8514.65 8523.73 8558.48 8598.95 8642.63 8680.17 8720.01
9441.21 9441.48 9442.88 9444.51 9447.05 9451.1 9455.05 9456.82 9455.06 9450.31 9448.03 9470.32 9488.35 9459.77 9422.39 9413.87 9414.16 9414.68 9407.52 9396.81 9380.38 9362.98 9346.48 9322.77 9317.48 9307.73 9292.92 9279.9 9281.53 9285.35 9286.36 9282.46 9289.05 9295.56 9298.23 9296.57 9295.33 9281.17 9301.07 9428.25 9607.46 9638.5 9394.94 9168.73 8990.85 8838.86 8681.72 8542.46 8542.07 8494.87 8473.27 8479.56 8539.46 8615.09 8693.27 8767.26 8801.02 8784.6 8719.95 8623.71 8548.97 8548.82 8569.28 8600.39 8636.9 8676.83 8720.66
9437.88 9440.02 9442.42 9445.33 9448.56 9453.58 9459.68 9468.58 9463.49 9456.87 9455.88 9481.07 9479.47 9448.05 9423.49 9411.49 9409.14 9410.03 9408 9395.26 9378.48 9361.66 9346.59 9341.3 9332.33 9319.08 9303.15 9283.9 9292.17 9299.24 9303.13 9290.92 9298.21 9315.64 9322.82 9314.14 9285.22 9264.4 9293.29 9550.88 9676.4 9634.37 9357.87 9130.13 8958.29 8807.63 8675.29 8592.19 8513.42 8455.4 8435 8485.72 8583.38 8661.78 8745.4 8823.63 8866.59 8850.59 8779.33 8681.47 8612.49 8586.08 8587.63 8605.47 8635.67 8670.95 8720.52
9438.6 9441.65 9443.13 9445.99 9449.58 9453.5 9459.23 9462.68 9463.08 9460.63 9461.54 9466.38 9450.33 9425.38 9411.36 9403.67 9403.41 9405.56 9405.57 9391.38 9375.46 9361.75 9354.83 9364 9349.43 9334.22 9322.39 9317.55 9317.02 9327.64 9321.79 9292.31 9306.26 9336.46 9364.1 9328.55 9302.09 9275.71 9323.16 9497.96 9618.85 9634.89 9335.67 9098.06 8930.91 8777.12 8634.23 8560.31 8484.39 8430.59 8435.82 8502.25 8602.75 8678.84 8764.49 8861.02 8954.05 8896.02 8801.4 8707.39 8643.04 8608.27 8603.44 8611.04 8633.34 8663.2 8704.21
9439.51 9440.79 9441.95 9443.09 9445.53 9448.79 9453.63 9458.54 9458.69 9457.78 9453.93 9439.43 9427.17 9407.23 9391.52 9394.19 9395.89 9395.81 9387.81 9380.87 9369.63 9360.35 9357.22 9365.02 9354.02 9345.56 9339.39 9335.86 9331.71 9326.01 9310.13 9303 9322.12 9345.15 9353.5 9336.48 9313.84 9291.31 9333.86 9491.97 9632.74 9590.3 9338.88 9083.45 8921.13 8785.42 8666.02 8565.57 8479.81 8418.64 8445.23 8524.99 8590.51 8653.77 8731.19 8819.06 8885.31 8838.42 8739.77 8688.59 8640.74 8608.12 8601.96 8616.57 8633.66 8654.19 8687.33
9438.41 9439.8 9439.6 9441.42 9441.79 9443.18 9445.01 9444.9 9450.75 9453.73 9453.82 9444.93 9421.71 9404.41 9395.14 9392.02 9391.24 9389.28 9389.5 9375.77 9360.87 9354.27 9353.31 9351.76 9351.04 9353.51 9356.78 9356.38 9346.69 9336.63 9331.47 9334.09 9340.02 9356.72 9359.05 9337.24 9322.12 9313.37 9354.56 9465.54 9537.48 9522.34 9353.26 9084.66 8933.7 8815.1 8698.86 8587.3 8483.93 8410.18 8448.44 8476.78 8532.74 8584.21 8649.41 8716.27 8758.05 8733.03 8666.77 8615.51 8595.05 8585.87 8591.97 8604.31 8628.73 8656.79 8692.96
