real_craters/C075-500m.grd
DSAA
114 114
-28.2975 28.2975
-28.2975 28.2975
8371.5670745035 9676.3976585208
[rows 60 to 89 of 114, columns 0 to 66 of 114]
9436.41 9438.03 9438.33 9438.95 9438.53 9437.34 9436.31 9438.74 9442.64 9446.91 9451.16 9457.81 9448.38 9419.66 9401.26 9396.68 9392 9384.72 9371.16 9358.64 9350.01 9339.05 9334.53 9334.14 9345.4 9360.62 9371.1 9372.32 9364.95 9355.66 9360.87 9354.31 9350.21 9366.84 9375.37 9356.92 9337.45 9323.88 9359.19 9434.22 9493.43 9513.33 9369.54 9107.02 8973.23 8870.58 8770.27 8677.85 8512.25 8450 8473.12 8428.33 8436.94 8486.65 8546.1 8597.42 8627.75 8611.43 8573.41 8541.58 8539.32 8553.8 8575.37 8602.85 8632.67 8668.17 8725.09
9433.15 9432.97 9434.05 9434.63 9434.78 9432.49 9427.78 9426.85 9434.37 9437.73 9437.95 9436.53 9438.33 9443.11 9418.66 9408.61 9400.61 9389.24 9369.38 9357.14 9351.64 9334.33 9327.73 9336.27 9350.27 9372.51 9390.07 9392.22 9383.92 9371.55 9360.75 9356.56 9358.09 9366.59 9371.12 9369.31 9343.89 9317.44 9342.32 9413.03 9462.56 9489.98 9365.87 9168.09 9032.05 8931.72 8857 8779.65 8604.02 8516.1 8514.07 8423.98 8371.57 8404.11 8456.81 8492.63 8496.86 8477.26 8457.43 8457.79 8489.14 8526.84 8563.63 8597.77 8637.11 8677.33 8730.71
9429.57 9430.02 9430.37 9431.69 9431.51 9430.63 9428.55 9428.66 9431.27 9432.36 9430.82 9427.8 9435.07 9441.99 9431.65 9423.26 9415.21 9405.9 9399.53 9392.55 9373.21 9359.03 9350.25 9349.66 9360.83 9388.32 9411.83 9413.26 9401.74 9390.99 9386.33 9386.43 9377.25 9372.21 9376.03 9376.92 9345.9 9315.99 9325.26 9356.79 9385.48 9503.65 9372.45 9193.89 9078.67 8973.51 8879.02 8822.36 8751.25 8598.63 8538.27 8450.07 8380.59 8378.15 8409.05 8433.28 8430.59 8413.76 8407.27 8411.87 8457.67 8508.36 8556.51 8607.37 8646.91 8692.36 8731.6
9423.07 9423.63 9425.41 9427.06 9429.19 9430.49 9430.25 9431.75 9432.19 9430.76 9429.67 9425.91 9432.69 9441.15 9442.27 9437.03 9429.52 9422.99 9419.2 9411.31 9394.57 9385.27 9376 9377.32 9390.68 9403.87 9419.59 9420.34 9412.1 9406.89 9408.84 9396.27 9364.6 9367.86 9373.55 9374.65 9337.9 9313.42 9315.42 9331.79 9362.09 9455.88 9393.66 9227.3 9106.65 9008.65 8919.4 8871.14 8858.18 8683.72 8575.24 8512.29 8443.08 8393.78 8410.13 8426.53 8428.12 8417.73 8408.12 8409.5 8447.26 8506.79 8569.51 8625.66 8681.79 8718.77 8756.91
9415.17 9415.07 9417.2 9420.44 9424.02 9430.7 9440.05 9438.49 9436.29 9435.54 9434.6 9438.47 9448.86 9462.42 9458.93 9451.24 9443.12 9436.16 9429.32 9420.52 9406.63 9393.28 9391.08 9393.12 9402.76 9409.37 9430.26 9421.95 9414.72 9406.16 9395.35 9395.65 9404.6 9395.46 9382.85 9358.87 9336.08 9314.39 9309.94 9322.21 9341.19 9374.01 9422.45 9297.34 9151.7 9079.19 8979.75 8922.19 8963.28 8750.47 8633.22 8601.46 8548.44 8444.29 8459.39 8462.31 8457.39 8472.65 8408.64 8396.73 8447.09 8518.54 8595.32 8664.86 8728.22 8778.78 8828.23
9405.81 9406.82 9408.06 9410.97 9416.53 9425.44 9437.72 9437.69 9439.25 9442.8 9447.49 9452.26 9476.13 9466.78 9470.51 9463.54 9455.43 9446.35 9436.96 9425.96 9419.9 9411.91 9406.26 9402.29 9399.47 9414.52 9415.47 9421.69 9414.81 9401.4 9386.05 9388.96 9403.1 9396.49 9390.82 9368.63 9331.92 9304.6 9308.56 9317.11 9330.95 9339.33 9384.88 9378.8 9309.49 9194.83 9067.41 8972.51 9007.23 8802.77 8700.4 8681.31 8667.11 8594.79 8554.21 8518.58 8475.69 8415.78 8398.99 8399.13 8459.91 8542.35 8628.39 8717.08 8806.97 8873.5 8937.08
9398.54 9399.66 9400.82 9401.98 9406.47 9412.71 9423.1 9427.54 9433.22 9446.39 9463.78 9479.08 9488.28 9480.64 9475.82 9472.06 9465.03 9455.64 9445.85 9435.05 9429.67 9426.05 9420.32 9416.16 9419.84 9434.04 9449.58 9430.36 9415.32 9401.13 9394.09 9418.38 9337.07 9393.13 9389.73 9357.15 9328.79 9314.19 9311.16 9313.07 9317.74 9324.31 9353.69 9398.58 9451.2 9308.32 9159.38 9038.29 9024.6 8882.76 8768.64 8732.03 8713.16 8738.04 8653.93 8587.43 8522.79 8457.99 8453.11 8429.21 8509.01 8596.26 8697.33 8794.54 8890.97 8989.42 9102.36
9394.24 9396.25 9396.42 9396.42 9394.96 9394.31 9399.94 9410.73 9422.81 9439.56 9466.36 9502.64 9484.7 9487.2 9490.41 9482.85 9473.94 9465.99 9456.74 9445.08 9437.8 9433.25 9429.61 9426.17 9432.01 9434.48 9437.46 9430.74 9416.71 9403.15 9396.68 9408.87 9385.61 9415.53 9379.06 9348.36 9323.75 9332.21 9319.31 9310.83 9304.75 9310.7 9332.4 9371.43 9426.18 9366 9235.12 9080.92 9038.67 8861.98 8806.24 8774.75 8773.6 8769.81 8718.64 8651.63 8589.25 8547.37 8531.71 8557.12 8584.45 8668.48 8773.03 8879.8 8990.91 9103.65 9216.76
9395.22 9396.75 9395.35 9392.07 9387.25 9379.55 9378.48 9395.51 9410.64 9425.22 9447.34 9482.61 9503.61 9499.25 9498.89 9489.47 9481.2 9474.72 9470.01 9466.64 9463.51 9453.69 9441.71 9430.6 9419.55 9427.46 9435.69 9428.61 9417.72 9403.46 9387.93 9377.19 9374.52 9372.11 9367.54 9349.47 9349.16 9336.43 9318.79 9309.67 9304.24 9297.3 9321.64 9348.02 9395.79 9411.98 9389.85 9205.04 9049.41 8917.98 8867.09 8811.35 8754.86 8773.69 8758.26 8708.3 8654.88 8594.75 8564.24 8568.53 8637.03 8750.39 8863.5 8976.64 9091.83 9211.48 9350.29
9400.92 9400.19 9397.32 9393.98 9387.83 9382.42 9382.21 9390.1 9400.17 9408.12 9410.6 9442.44 9475.37 9485.63 9493.68 9488.85 9485.67 9483.16 9482.9 9486.62 9485.97 9473.85 9456.41 9440.04 9424.93 9427.21 9434.68 9428.86 9416.94 9404.64 9396.92 9393.3 9381.52 9361.14 9347 9334.24 9314.88 9310.07 9311.56 9308.19 9305.49 9304.07 9318.84 9319.82 9361.25 9430.78 9501.09 9389.1 9253.23 9094.58 8995.04 8892.94 8793.01 8778.17 8786.91 8768.83 8738.78 8699.79 8647.8 8651.26 8732.34 8854.99 8970.23 9078.66 9185.2 9289.83 9380.74
9408.64 9407.89 9405.23 9401.16 9394.79 9391.1 9390.36 9393.35 9397.65 9401.51 9406.42 9423.23 9469.35 9486.09 9475 9483.66 9484.89 9484.4 9485.1 9488.32 9490.79 9483.2 9469.79 9455.23 9442.21 9439.04 9441.18 9435.15 9422.63 9408.19 9394.1 9392.59 9394.02 9357.98 9340.21 9328.48 9312.67 9308.98 9310.64 9309.72 9303.13 9287.76 9277.88 9286.32 9311.03 9381.6 9423.54 9514.1 9507.82 9318.33 9179.37 9029.18 8888.77 8816.72 8839.24 8859.53 8850.76 8845.86 8872.13 8844.64 8896.37 8999.54 9089.44 9170.06 9254.43 9350.06 9450.29
9418.03 9415.72 9413.4 9409.66 9405.45 9397 9398.14 9400.43 9401.24 9405.72 9413.14 9422.7 9439.59 9480.11 9491.89 9486.54 9483.67 9481.97 9483.05 9485.91 9486.91 9487.8 9481.18 9471.56 9460.39 9455.57 9462.06 9454.5 9438.67 9415.06 9391.45 9372.14 9371.97 9347.89 9365.31 9337.3 9322.85 9315.03 9315.75 9319.47 9317.58 9308.34 9283.79 9277.4 9294.18 9319.89 9347.41 9462.55 9553.77 9544.86 9353.73 9186.02 9043.82 8953.24 8975.33 9003.34 8988.79 8956.96 8954.37 9045.77 9108.43 9167.04 9211.54 9253.35 9299.9 9350.8 9392.64
9428.94 9425.88 9422.54 9420.92 9421.69 9422.95 9415.72 9411.96 9411.39 9413.93 9417.78 9435.88 9445.66 9477.66 9488.85 9484.41 9478.43 9474.89 9475.77 9481.16 9487.34 9497.77 9499.91 9496.77 9494.53 9499.58 9486.04 9470.2 9450.9 9425.56 9397.5 9378.57 9380.07 9348.32 9341.96 9339.57 9323.09 9317.27 9324.45 9332.78 9342.51 9333.88 9309.05 9290.96 9282.53 9278.38 9281.28 9349.47 9444.26 9497.65 9423.99 9315.11 9244.57 9227 9241.53 9196.94 9161.82 9135.28 9187.15 9303.36 9367.18 9339.26 9320.85 9320.6 9327.23 9319.62 9324.57
9440.61 9436.39 9432.99 9431 9432.67 9436.84 9428.35 9422.11 9421 9424.64 9432.67 9450.03 9472.29 9481.05 9481.75 9476.45 9468.32 9464.7 9466.82 9476.49 9498.28 9519.3 9521.16 9518.31 9525.66 9521.75 9509.06 9491.98 9466.47 9438.53 9411.41 9395.2 9371.55 9361.82 9360.25 9347.67 9337.28 9327.87 9336.54 9347.13 9357.77 9355.28 9316.88 9283.32 9264.68 9264.28 9280.26 9353.07 9444.2 9453.33 9414.76 9372.5 9387.19 9501 9437.4 9345.89 9316.88 9358.2 9458.67 9498.58 9518.94 9437.04 9385.13 9363.14 9352.17 9338.04 9320.14
9452.23 9446.29 9441.23 9437.04 9432.88 9428.41 9428.46 9426.77 9426.44 9431.58 9441.57 9433.05 9442.97 9466.33 9462.55 9456.87 9451.72 9450.63 9455.33 9469.32 9515.02 9548.87 9540.58 9524.17 9518.18 9538.02 9541.23 9516.08 9485.15 9456.52 9430.29 9408.78 9410.91 9382.15 9371.73 9359.21 9347.07 9348.2 9349.76 9351.81 9353.68 9350.47 9348.24 9291.2 9263.31 9266.75 9290.36 9354.09 9315.05 9358.03 9332.31 9349.27 9386.76 9404.41 9407.31 9385.41 9378.68 9427.55 9502.23 9493.95 9464.16 9420.88 9390.55 9372.44 9366.62 9355.42 9292.11
9462.4 9454.32 9447.24 9440.81 9434.88 9429.24 9427.98 9426.86 9426.31 9428.89 9429.77 9415.6 9420.57 9435.73 9430.52 9428.95 9431.98 9435.18 9443.36 9463.68 9538 9575.52 9553.68 9522.45 9478.6 9539.34 9567.44 9527.66 9496.06 9469.81 9448.34 9433.49 9415.94 9393.48 9383.5 9382.81 9376.04 9368.47 9358.11 9351.13 9346.54 9341.79 9327.17 9298.07 9270.72 9258.12 9275.35 9311.84 9324.89 9232.71 9211.61 9299.81 9355.64 9398.24 9379.92 9362.81 9353.01 9349.07 9368.97 9379.01 9360.29 9357.76 9349.62 9342.38 9344.95 9363.25 9265.61
9469.75 9459.95 9451.39 9443.93 9438.33 9433.07 9428.24 9425.27 9423.26 9422.02 9421.04 9404.23 9414.32 9428.46 9416.48 9412.66 9416.06 9421.75 9431.87 9454.18 9531.21 9570.88 9554.5 9536.19 9521.73 9524.1 9531.53 9516.78 9496.66 9476.85 9459.69 9440.62 9429.05 9427.25 9409.32 9390.83 9380.4 9372.68 9355.22 9342.49 9334.09 9324.38 9311.75 9282.98 9263.06 9249.64 9267.91 9293.74 9323.19 9297.76 9272.65 9292.37 9323.16 9336.12 9321.43 9314.46 9306.78 9293.06 9285.45 9291.72 9303.41 9303.82 9300.4 9293.46 9282.42 9260.04 9255.37
9471.69 9461.73 9452.98 9444.94 9437.32 9431.49 9425.87 9421.17 9416.93 9411.63 9401.67 9399.62 9410.36 9412.33 9406.56 9401.97 9405.44 9411.45 9421.22 9439.31 9488.43 9527.05 9535.49 9541.32 9558.23 9530.53 9501.39 9498.47 9489.53 9478.35 9468.42 9461.52 9455.7 9439.55 9396.8 9370.6 9355.38 9343.92 9333.26 9328.3 9323.56 9313.96 9300.19 9280.55 9265.91 9270.37 9279.98 9307.95 9321.06 9322.16 9305.67 9294.05 9296.12 9291.38 9281.26 9280.14 9275.25 9263.1 9263.78 9262.6 9260.93 9261.26 9258.68 9247.98 9231.82 9229.57 9242.7
9470.95 9461.04 9452.41 9444.33 9435.35 9428.27 9423.37 9417.64 9412.32 9409.79 9408.39 9405.18 9406.63 9399.31 9390.95 9396.96 9400.39 9404.79 9412.47 9426.31 9450.09 9479.55 9505 9520.03 9525.35 9509.6 9490.29 9489.16 9486.07 9479.47 9470.73 9462.46 9440.36 9410.71 9377.51 9347.38 9331.97 9313.62 9311.11 9321.25 9321.85 9316.06 9309.72 9305.07 9289.72 9295.96 9292.49 9320.37 9325.52 9314.24 9292.42 9288.12 9285.26 9280.9 9275.7 9270.58 9266.01 9264 9266.55 9270.45 9252.44 9237.4 9228.62 9217.52 9201.24 9185.81 9212.5
9465.31 9456.77 9449.57 9443.85 9439.71 9430.52 9421.8 9414.49 9408.03 9404.52 9412.39 9406.5 9404.45 9406.69 9399.65 9397.49 9397.98 9400.52 9405.71 9415.49 9432.94 9455.88 9476.71 9494.36 9502.79 9496.71 9489.32 9484.28 9480.82 9476.72 9469.33 9454.46 9437.5 9416.15 9392.47 9351.8 9336.98 9327.13 9325.54 9329.77 9331.51 9330.12 9329.83 9322.06 9297.86 9284.52 9316.24 9325.24 9318.45 9310.6 9293.77 9285.45 9282.86 9281.94 9277.48 9264.68 9263.87 9265.48 9267.31 9265.25 9240.32 9214.74 9208.53 9201.49 9196.41 9197.13 9194.36
9456.78 9450.91 9444.79 9439.83 9435.33 9427.51 9418.99 9411.77 9405.91 9401.45 9405.23 9400.96 9401.27 9407.91 9395.02 9397.69 9394.39 9397.15 9401.11 9406.63 9416.42 9430.21 9450.46 9470.15 9484.32 9486.4 9485.7 9478.01 9474.16 9471.6 9467.88 9464.63 9454.9 9417.87 9397.82 9373.19 9365.63 9357.54 9353.43 9350.14 9348.94 9346.02 9337.43 9329.31 9322.52 9333.23 9336.72 9295.62 9283.75 9272.93 9277.63 9276.42 9277.63 9278.29 9272.16 9264.74 9262.33 9262.32 9263.06 9256.67 9234.09 9211.87 9200.04 9193.09 9193.71 9195.26 9196.17
9449.65 9444.99 9439.83 9434 9426.47 9421.37 9415.25 9409.61 9405.41 9403.72 9404.36 9392.97 9392.81 9387.72 9380.1 9382.64 9389.81 9395.52 9400.7 9403.4 9406.01 9409.79 9427.26 9444.71 9463.48 9463.64 9459.27 9463.47 9463.93 9462.84 9461.04 9460.11 9443.46 9422.9 9416.29 9417.85 9398.24 9385.05 9374.66 9373.98 9370.26 9367.69 9365.2 9344.21 9351.38 9353.25 9323.29 9284.95 9271.26 9271.98 9263.85 9271.27 9275.95 9277.14 9276.25 9275.57 9245.72 9241.67 9255.67 9257.38 9234.73 9210.41 9191.44 9182.41 9180.47 9186.37 9197.16
9443.77 9440.67 9435.45 9429.86 9425.33 9417.17 9411.54 9406.41 9402.77 9403.06 9397.59 9394.42 9390.37 9385.54 9381.37 9386.84 9391.38 9394.46 9400.39 9408.03 9401.57 9402.35 9411.03 9420.23 9428.97 9441.61 9445.95 9452.41 9453.68 9453.17 9450.22 9440.42 9435.61 9431.21 9431.11 9429.05 9418.05 9408.45 9398.47 9394.79 9391.22 9389.51 9387.37 9379 9383.37 9344.49 9308.21 9277.37 9271.26 9268.88 9277.06 9278.56 9276.96 9274.16 9271.85 9244.15 9219.89 9217.84 9235.49 9244.03 9212.23 9182.74 9175.4 9174.2 9171.65 9186.97 9205.2
9446.43 9439.57 9432.25 9424.58 9417.58 9412.75 9407.48 9401.85 9396.1 9389.51 9388.48 9392.95 9391.74 9390.1 9389.64 9394.52 9392.72 9390.55 9391.97 9395.2 9395.53 9398.27 9403.14 9407.04 9414.38 9427.75 9441.97 9443.96 9443.17 9444.31 9445.78 9443.71 9437.59 9441.64 9447.1 9439.4 9429.38 9422.25 9419.23 9411.63 9406.31 9406.49 9411 9414.68 9402.82 9335.21 9308.08 9282.49 9281.43 9286.51 9289.34 9288.14 9280.55 9267 9240.65 9236.37 9216.96 9211.54 9212.27 9193.67 9177.26 9164.27 9165.9 9172.39 9198.74 9228.87 9238.93
9449.34 9439.51 9430.35 9420.82 9413.43 9409.37 9404.32 9398.34 9391.22 9383.72 9384.45 9390.22 9393.4 9397.36 9406.76 9397.57 9388.77 9384.46 9379.72 9381.16 9389.22 9395.92 9400.62 9402.7 9406.33 9413.36 9423.08 9424.13 9428.85 9437.13 9442.34 9441.07 9438.25 9466.28 9470.21 9447.38 9433.31 9426.52 9421.41 9416.49 9411.08 9412.76 9420.21 9425.67 9415.75 9347.12 9316.38 9299.63 9298.75 9300.16 9301.47 9298.05 9289.46 9274.84 9261.18 9249.84 9236.27 9223.34 9212.77 9194.3 9181.99 9179.15 9171.96 9164.42 9169.61 9225.38 9238.95
9445.72 9437.76 9429.86 9421.17 9413.89 9408.97 9403.39 9397.33 9391.4 9386.07 9388.23 9392.43 9393.78 9394.96 9394.69 9389.76 9383.73 9380.93 9378.14 9379.26 9385.37 9392.43 9400.75 9408.14 9405.62 9398.41 9386.12 9389.86 9412.72 9430.86 9445.83 9449.95 9452.39 9473.8 9476.55 9440.54 9426.19 9416.7 9411.98 9407.24 9403.97 9406 9411.8 9416.17 9407.47 9369.39 9334.02 9325.55 9322.02 9319.07 9315.72 9313.74 9306.24 9295.22 9283.58 9267.89 9251.12 9241.02 9226.31 9214.56 9205.9 9197.01 9181.93 9159.68 9146.64 9197.22 9216.48
9440.62 9434.69 9429.48 9427.25 9419.49 9410.85 9404.26 9398.01 9393.26 9389.31 9390.98 9393.37 9392.9 9390.16 9386.15 9382.31 9382.15 9379.63 9378.74 9379.16 9382.28 9390.01 9399.4 9408.36 9401.89 9390.22 9382.35 9388.17 9401.97 9423.82 9446.46 9452.4 9456.95 9468.82 9450.19 9431.65 9408.09 9396.32 9393.29 9390.43 9389.94 9393.5 9396.34 9396.61 9390.77 9389.67 9375.23 9358.34 9349.71 9342.56 9338.32 9335.03 9326.07 9316.93 9307.78 9297.49 9284.42 9263.52 9241.52 9220.37 9202.19 9189.19 9176.22 9161.51 9152.94 9156.37 9182.9
9437 9430.32 9424.54 9420.52 9417.26 9412.48 9407.14 9400.83 9393.59 9392.49 9396.84 9399.32 9394.28 9385.88 9377.17 9376.64 9380.79 9377.93 9375.28 9374.89 9376.76 9379.51 9384.44 9391.94 9392.37 9383.85 9374.53 9369.94 9388.15 9409.83 9433.58 9438.7 9428.79 9424.24 9404.83 9390.67 9377.21 9370.72 9361.19 9360.23 9374.54 9382.4 9385.12 9384.19 9409.19 9413 9409.15 9389.39 9376.68 9365.28 9356.92 9352.01 9342.75 9335.22 9329.63 9323.05 9302.12 9275.72 9251.66 9214.24 9181.59 9170.08 9166.95 9160.24 9154.38 9144.49 9165.08
9426.45 9423.03 9418 9412.45 9413.2 9413.63 9412.65 9409.38 9401.63 9402.62 9418.27 9411.01 9398.49 9385.48 9373.49 9374.42 9380.1 9376.35 9368.44 9371.93 9373.05 9372.74 9375.54 9389.91 9387.64 9380.24 9368.87 9361.49 9374.49 9389.58 9408.18 9418.32 9418.57 9405.82 9380.19 9346.21 9348.16 9351.67 9353.08 9358.85 9370.39 9377.5 9383.39 9389.59 9405.36 9404.5 9417.4 9413.95 9396 9383.49 9373.64 9359.51 9354.24 9345.79 9336.05 9321.11 9299.79 9270.89 9241.59 9202.68 9161.29 9151.02 9144.71 9155.87 9159.98 9155.15 9161.73
9425.68 9421.89 9416.73 9410.63 9413.88 9418.11 9421.54 9425.96 9428.92 9427.44 9428.97 9417.85 9402.49 9388.07 9374.87 9374.26 9379.95 9380.22 9374.15 9374.62 9373.82 9373.28 9377.72 9386.05 9386.94 9383.54 9378.28 9371.97 9370.4 9364.28 9364.41 9392.93 9401.91 9377.91 9351.38 9333.38 9333.69 9343.55 9357.6 9374.4 9372.06 9377.33 9386.3 9397.27 9417.93 9425.2 9422.81 9417.25 9402.77 9391.92 9386.84 9381.27 9368.26 9350.93 9331.64 9312.97 9281.23 9261.07 9235.97 9201.88 9175.28 9155.18 9145.66 9146.24 9145.28 9147.09 9157.44
