real_craters/C075-300m.grd
DSAA
190 190
-28.2975 28.2975
-28.2975 28.2975
8367.9936460604 9708.800636893
[rows 150 to 179 of 190, columns 0 to 66 of 190]
9430.15 9428.01 9425.05 9421.48 9417.94 9415.93 9416.4 9418.57 9421.2 9424.12 9427.31 9431.15 9435.76 9442.88 9436.3 9438.57 9442.83 9434.92 9422.79 9413.11 9404.51 9396.95 9390.15 9383.64 9378.33 9384.22 9386.66 9389.41 9389.31 9388 9384.98 9381.63 9378.59 9376.24 9374.84 9374.03 9374.15 9376.02 9380.46 9385.33 9387.23 9387.72 9387.36 9387.13 9388.37 9390.69 9383.93 9370.33 9357.13 9344.29 9336.29 9353.67 9376.61 9395.31 9381.76 9366.66 9350.74 9340.73 9331.74 9326.24 9328.27 9334.03 9340.82 9348.37 9357.34 9366.51 9365.88
9434.31 9433.61 9429.17 9425.21 9422.05 9420.52 9420.56 9422.11 9424.43 9427.34 9430.63 9434.15 9437.01 9435.64 9434.65 9435.9 9432.48 9425.7 9417.89 9410.37 9403.99 9398.61 9394.41 9392.09 9391.46 9392.24 9393.35 9393.91 9394.77 9396.62 9394.81 9386.9 9381.53 9378.2 9376.41 9375.49 9374.65 9373.08 9380.29 9386.41 9389.08 9390.27 9390.92 9391.77 9393.77 9396.24 9386.72 9369.8 9353.4 9338.32 9330.81 9339.26 9352.2 9361.15 9361.07 9354.47 9342.99 9333 9326.05 9322.61 9326.88 9333.19 9338.29 9342.45 9345.9 9347.1 9352.97
9435.72 9435.14 9431.68 9428.11 9425.56 9424.23 9424.19 9425.71 9427.85 9430.24 9433.22 9435.66 9437.49 9437.76 9431.56 9424.58 9414.13 9412.01 9409.23 9405.61 9401.54 9398.18 9396.62 9397.88 9404.45 9404.36 9395.1 9392.67 9391.95 9394.69 9393.79 9386.45 9381.8 9379.13 9377.95 9378 9379.41 9381.63 9389.09 9391.22 9392.19 9393.11 9393.72 9394.07 9393.49 9389.7 9380.88 9368.34 9352.63 9337.52 9328.68 9330.31 9332.86 9336.64 9341.72 9339.2 9329.85 9324.16 9324.26 9325.09 9331.04 9335.84 9337.94 9338.41 9338.23 9338.23 9343.59
9434.94 9435.3 9432.56 9429.65 9427.77 9426.79 9426.62 9428.16 9430.18 9432.7 9434.67 9435.84 9435.2 9432.19 9426.71 9417.73 9407.47 9404.06 9402.41 9400.87 9398.39 9396.24 9395.04 9395.15 9396.01 9391.2 9383.66 9378.44 9375.94 9376.7 9380.13 9380.94 9379.71 9378.86 9378.81 9380.39 9384.75 9393.9 9394.62 9394.54 9394.71 9394.83 9395.03 9394.63 9393.02 9388.84 9381.01 9369.49 9354.81 9340.9 9331.9 9329.03 9327.17 9329.21 9333.66 9331.1 9323.35 9327.5 9333.9 9340.97 9344.62 9343.23 9340.07 9336.91 9334.08 9332.91 9337.5
9432.73 9433.01 9431.2 9429.6 9428.48 9428.11 9428.74 9429.85 9431.42 9432.86 9435.11 9435.99 9433.24 9427.99 9422.97 9416.37 9402.79 9399.59 9398.28 9397.1 9395.42 9393.54 9391.55 9388.24 9382.71 9374.16 9370.67 9369.28 9367.46 9369.72 9372.91 9376.22 9377.45 9377.82 9378.39 9380.21 9384.47 9391.67 9394.7 9395.07 9395.35 9394.91 9394.7 9394.44 9393.37 9390.68 9384.96 9372.92 9359.1 9345.34 9336.89 9333.94 9334.71 9335.87 9338.11 9338.23 9335.21 9339.41 9347.34 9360.14 9360.35 9351.45 9342.99 9336.65 9332.19 9330.29 9333.74
9429.23 9428.02 9428.32 9428.79 9429.13 9428.76 9429.27 9430.54 9431.9 9434.15 9435.4 9436.45 9435.9 9430.31 9419.8 9407.83 9399.97 9397.08 9396.04 9395.58 9394.5 9392.64 9389.52 9384.12 9376.24 9368.49 9368.88 9370.22 9370.14 9370.2 9372.43 9374.59 9376.04 9376.51 9377.08 9377.73 9379.57 9384.66 9391.18 9392.93 9393.75 9394.21 9394.1 9393.65 9392.82 9391.07 9386.66 9376.28 9364.22 9351.8 9344.03 9340.36 9339.96 9343.37 9348.81 9356.05 9362.45 9362.8 9367.5 9376.43 9371.92 9355.01 9343.38 9336.14 9331.02 9327.52 9329.36
9426.64 9426.25 9426.75 9427.42 9427.95 9428.31 9429.11 9429.76 9430.81 9432.74 9434.72 9437.15 9438.09 9432.16 9419.62 9406.16 9398.69 9396.45 9396.03 9395.28 9394.5 9393.07 9390.54 9385.61 9379.57 9374.64 9375.25 9378.46 9380.39 9375.29 9375.54 9376.34 9377.16 9376.99 9376.29 9375.39 9374.26 9375.22 9384.97 9389.53 9391.65 9392.36 9391.98 9391.01 9389.92 9388.98 9386.87 9377.36 9368.29 9363.11 9353.37 9346.67 9343.34 9350.01 9358.96 9370.24 9380.28 9385.56 9390.52 9378.48 9363.02 9347.85 9339.33 9333.99 9330.72 9330.17 9333.98
9424.73 9424.49 9425.16 9426.96 9427.58 9427.67 9427.88 9428.04 9428.73 9430.21 9432.18 9434.68 9436.88 9433.2 9421.5 9408.68 9400.93 9398.5 9397.62 9397.02 9396.79 9395.74 9394.01 9391.25 9387.81 9384.52 9387.94 9389.72 9389.15 9383.81 9381.37 9380.59 9380.07 9379.15 9377.44 9375.13 9372.42 9371.08 9380.49 9387.55 9390.32 9390.56 9389.32 9387.26 9384.7 9382.22 9379.27 9370.51 9364.62 9364.18 9355.66 9351.51 9354.39 9358.22 9366.81 9374.43 9382.47 9389.76 9387.16 9361.9 9338.91 9334.76 9332.92 9330.77 9330.1 9333.1 9340.46
9423.15 9422.32 9423.44 9426.62 9428.38 9426.73 9425.57 9425.03 9425.12 9426.25 9427.73 9429.56 9434.75 9433.62 9422.97 9411.88 9404.66 9401.64 9400.67 9400.25 9400.34 9400.19 9399.92 9399.62 9399.74 9400.49 9407.6 9401.09 9395.74 9391.16 9388.15 9386.51 9385.07 9383.18 9380.62 9377.8 9375.95 9376.71 9384.45 9389.58 9390.74 9389.45 9386.91 9383.12 9378.35 9372.52 9364.05 9358.09 9352.29 9346.02 9348.29 9349.52 9354.18 9362.79 9373.66 9385.11 9391.7 9390.52 9375.83 9351.35 9328.05 9327.69 9329 9328.4 9327.65 9327.67 9328.29
9421.99 9421.36 9422.09 9423.76 9424.7 9423.67 9422.2 9421.27 9421.07 9421.84 9423.07 9423.63 9421.73 9434.17 9423.41 9412.84 9407.35 9405.33 9404.07 9403.79 9404.56 9405.82 9406.75 9408.63 9411.77 9416.03 9414.41 9407.1 9401.26 9396.64 9394.6 9392.7 9390.43 9387.93 9385.49 9382.88 9381.7 9385.23 9394.58 9394.79 9392.55 9389.06 9384.54 9379.29 9373.24 9365.81 9357.17 9351.82 9347.1 9341.4 9345.1 9346.43 9350.6 9364.25 9377.87 9389.37 9390.27 9381.52 9369.39 9350.54 9335.4 9333.07 9331.16 9328.36 9325.85 9323.6 9323.3
9420.85 9418.55 9417.5 9420.14 9420.78 9419.86 9418.06 9416.62 9415.85 9416.35 9418.79 9426.8 9443.45 9436.93 9423.39 9413.16 9409.78 9409 9408.93 9408.53 9409.65 9410.69 9412.78 9415.94 9419.95 9423.18 9415.71 9409.11 9404.42 9402.27 9401.77 9399.67 9397.07 9394.22 9391.51 9388.92 9387.57 9390.69 9400.61 9398.7 9394.05 9389 9383.36 9377.01 9370.23 9362.73 9356.05 9354.25 9355.99 9355.41 9352.73 9351.19 9355.26 9366.87 9380.05 9388.72 9384.51 9374.33 9362.96 9356.46 9353.58 9344.48 9336.8 9330.96 9325.54 9321.58 9321.43
9420.53 9416.76 9414.76 9417.65 9417.65 9415.84 9413.89 9412.09 9410.86 9410.35 9411.88 9416.31 9430.36 9435.36 9426.51 9417.01 9413.74 9413.13 9412.7 9413.53 9414.56 9416.31 9418.59 9421.9 9425.3 9428.42 9420.66 9413.27 9411.19 9412.11 9410.46 9407.2 9403.99 9401.02 9398.41 9396.12 9394.51 9396.04 9401.06 9399.3 9394.26 9388.53 9382.47 9375.87 9368.92 9362.03 9357.2 9358.87 9368.95 9372.16 9364.61 9357.26 9359.64 9370.18 9381.46 9390.45 9383.38 9375.36 9370.55 9365.75 9359.71 9352.11 9343.6 9334.84 9326.14 9319.49 9316.44
9421.55 9417.17 9414.19 9412.71 9412.59 9411.83 9410.24 9408.12 9406.66 9404.55 9404.43 9409.21 9430.38 9435.74 9428.76 9421.58 9418.64 9417.24 9417.05 9417.7 9419.32 9421.06 9423.42 9426.19 9428.09 9427.47 9423.78 9420.28 9418.24 9424.14 9419.13 9414.9 9411.16 9408.2 9405.75 9403.66 9402.07 9401.53 9400.78 9398.46 9394.01 9388.42 9382.45 9376 9369.53 9363.32 9357.79 9359.84 9377.23 9382.9 9376.33 9370.37 9369.24 9373.88 9379.23 9381.68 9378.4 9372.08 9371.42 9370.36 9366.51 9360.89 9351.82 9340.74 9329.27 9318.63 9311.33
9423.63 9417.99 9412.32 9408.74 9409.3 9409.63 9408.2 9405.8 9403.19 9400.38 9398.73 9401.1 9427.95 9437.4 9436.04 9427.49 9422.23 9420.94 9421.27 9422.16 9424.04 9425.84 9427.8 9430.27 9431.39 9431.02 9429.81 9427.72 9426.24 9427.64 9424.63 9420.72 9417.5 9414.99 9412.94 9411.21 9409.18 9406.54 9403.67 9399.55 9394.22 9388.84 9383.38 9378.37 9373.07 9367.76 9363.15 9364.42 9379.95 9387.06 9384.92 9382.33 9379.18 9377.94 9377.95 9377.52 9375.96 9372.57 9373.56 9375.38 9376.74 9372.96 9362.23 9348.73 9334.37 9320.94 9311.26
9426.55 9420.8 9416.22 9412.46 9410.9 9410.11 9408.27 9405.54 9402.18 9398.6 9395.98 9399.74 9422.14 9433.82 9433.89 9425.4 9423.3 9423.35 9424.33 9425.89 9428.11 9430.08 9432.38 9434.58 9435.44 9435.39 9435.01 9435.43 9435.52 9432.64 9427.74 9424.7 9422.49 9420.86 9419.29 9417.9 9416.66 9411.46 9405.81 9400.13 9394.67 9389.93 9385.64 9381.68 9377.82 9374.89 9373.28 9375.59 9387.72 9390.79 9389.12 9388.3 9383.91 9381.09 9379.1 9378.09 9378.39 9378.55 9378.23 9379.3 9385.47 9385.45 9373.36 9357.77 9341.1 9325.84 9314.76
9429.75 9424.2 9420.76 9416.11 9414.5 9412.88 9410.13 9407.37 9403.64 9399.62 9396.28 9397.66 9411.91 9422.02 9425.06 9422.06 9422.08 9423.75 9426.23 9428.91 9431.87 9434.79 9436.99 9438.53 9439.65 9440.13 9439.1 9439.73 9436.59 9430.36 9428.05 9427.27 9426.53 9425.76 9424.81 9423.13 9419.71 9413.73 9406.25 9399.09 9394.39 9390.6 9387.56 9384.83 9382.92 9382.4 9384.37 9390.25 9395.24 9393.6 9388.56 9383.79 9384.03 9383.69 9383.62 9382.78 9382.49 9383.56 9382.92 9382.7 9394.08 9396.73 9383.44 9366.79 9349.3 9332.71 9319.96
9433.39 9427.72 9423.8 9419.56 9419.49 9417.24 9413.86 9410.4 9406.26 9402.18 9399.35 9398.97 9403.42 9405.34 9408.41 9414.73 9420.05 9424.38 9428.56 9432.06 9435.27 9438.37 9440.72 9442.99 9444.53 9445.42 9446.69 9439.87 9434.39 9428.32 9428.7 9429.69 9430.04 9430.07 9429.82 9428.5 9423.97 9416.4 9407.26 9399.44 9394.64 9391.66 9389.64 9388.23 9387.66 9388.62 9391.29 9396.09 9397.82 9394.93 9389.4 9383.81 9385.55 9386.48 9386.57 9386.36 9386.01 9386.42 9389.55 9396.43 9402.34 9402.05 9391.03 9375.54 9358.69 9341.89 9326.84
9437.96 9431.99 9429.38 9429.05 9427.15 9423.69 9419.57 9415.6 9411.27 9407.25 9404.51 9403.23 9403.75 9403.62 9403.98 9412.11 9420.21 9426.4 9431.55 9435.84 9439.25 9442.57 9444.71 9447.22 9449.23 9450.44 9447.6 9445.59 9440.03 9435.75 9434.05 9433.74 9433.92 9434.18 9434.38 9434.49 9430.98 9420.12 9408.63 9398.44 9395.23 9393.58 9392.56 9391.89 9391.77 9392.87 9395.02 9397.37 9395.95 9397 9395.85 9393.26 9391.7 9390.88 9389.51 9389.48 9389.68 9390.81 9395.98 9406.2 9409.16 9407.04 9398.53 9385.85 9371.24 9355.36 9340.41
9440.52 9434.26 9432.3 9437.14 9434.86 9430.79 9426.86 9422.38 9417.94 9413.76 9410.85 9409.71 9410.65 9410.26 9408.64 9417.18 9424.74 9430.56 9435.51 9439.93 9443.55 9446.89 9449.65 9452.52 9455.34 9457.25 9458.01 9453.48 9447.5 9443.32 9439.99 9437.9 9437.42 9437.29 9437.23 9437.12 9434.33 9422.75 9411.33 9401.19 9398.13 9396.96 9396.13 9395.44 9395.42 9395.98 9397.38 9397.91 9398.03 9401.41 9403.19 9402.05 9398.46 9396.66 9396.07 9394.47 9393.73 9394.2 9397.91 9406.25 9410.92 9412.42 9406.16 9397.1 9387.06 9375.02 9362.9
9442.95 9435.57 9432.17 9439.87 9439.77 9436.91 9433.25 9429.66 9425.43 9421.24 9418.45 9417.92 9421.01 9424.78 9427.6 9428.53 9432.49 9436.72 9441.3 9444.77 9448.41 9452.02 9455.03 9458.32 9460.86 9463.35 9464.14 9460.49 9452.43 9446.01 9442.32 9441.4 9440.98 9440.3 9438.85 9435.44 9430.47 9424.4 9415.9 9408.52 9404.01 9401.83 9400.52 9399.28 9398.73 9398.66 9399.89 9403.41 9407.45 9406.69 9405.82 9404.68 9402.69 9401.26 9400.33 9399.4 9398.36 9397.54 9398.29 9403.46 9407.87 9411.78 9409.87 9407.67 9403.67 9398.94 9394.85
9446.12 9437.78 9432.95 9439.81 9443.86 9442.99 9440.12 9436.82 9432.99 9429.12 9425.86 9426.89 9431.82 9436.38 9437.82 9438.33 9440.84 9443.67 9447.32 9450.33 9453.82 9457.29 9460.24 9463.68 9466.23 9468.19 9468.97 9463.54 9454.43 9448.9 9445.89 9445.28 9444.82 9443.83 9441.74 9438.13 9433.54 9428.27 9421.8 9415.33 9410.98 9407.86 9405.07 9402.72 9401.29 9400.22 9400.47 9403.91 9411.34 9409.17 9405.72 9405.09 9405.59 9405.47 9405.07 9404.97 9404.36 9403.67 9403.74 9404.59 9407.22 9409.15 9414.24 9419.48 9420.86 9421.93 9425.88
9451.07 9442.18 9438.25 9446.53 9450.63 9449.62 9446.94 9443.95 9440.86 9437.83 9435.66 9436.79 9441.36 9444.26 9444.07 9445.66 9447.78 9450.22 9453.9 9456.25 9459.44 9462.23 9464.63 9468.01 9470.6 9471.21 9469.53 9462.73 9456.35 9452.86 9450.33 9450.18 9449.71 9448.52 9446.4 9442.9 9438.56 9433.63 9428.66 9424.29 9419.56 9414.03 9409.51 9405.99 9403.6 9401.53 9399.98 9398.91 9408.87 9409.76 9406.92 9407.23 9409.15 9410.84 9411.75 9412.15 9412.06 9411.92 9412.1 9413.7 9418.22 9424.74 9431 9434.23 9436.08 9438.78 9443.68
9459.13 9450.4 9445.1 9456.62 9459.09 9456.33 9453.18 9450.52 9448.63 9447 9445.73 9446.15 9449.51 9451.47 9451.82 9452.75 9454.09 9456.76 9459.37 9462.06 9464.77 9466.79 9468.86 9471.8 9474.19 9475.33 9473.73 9467.81 9461.78 9459.05 9457.49 9456.44 9455.51 9454.13 9452.07 9449.53 9444.37 9438.96 9434.4 9431.21 9426.35 9418.71 9413.04 9408.8 9405.7 9403.41 9402.36 9403.96 9410.96 9410.43 9408.88 9410.8 9413.8 9417.28 9419.47 9420.4 9421.39 9422.22 9422.59 9425.1 9430.35 9441.31 9448.69 9447.98 9447.96 9449.25 9451.42
9470.85 9466.64 9463.06 9467.51 9465.97 9461.41 9458.1 9456.42 9455.73 9456.12 9455.93 9454.59 9457.6 9459.37 9459.53 9460.12 9460.61 9461.97 9463.57 9464.14 9466.65 9469.32 9472.18 9476.86 9478.81 9479.56 9479.14 9473.3 9469.22 9466.57 9464.8 9463.38 9462.07 9460.29 9457.71 9454.06 9448.85 9443.14 9437.73 9432.76 9426.79 9420.7 9415.22 9411.07 9408.19 9406.01 9404.84 9405.97 9408.42 9412.01 9414.15 9415.92 9418.5 9422.73 9426.11 9428.7 9431.93 9434.96 9437.61 9439.44 9442.53 9453.53 9459.83 9457.09 9455.17 9454.61 9454.32
9482.49 9483.92 9482.58 9474.62 9468.31 9463.71 9461.15 9460.22 9460.98 9463.47 9464.85 9463.22 9465.32 9465.83 9465.47 9465.58 9465.93 9466.09 9467.44 9469.07 9470.87 9473.02 9475.48 9476.9 9480.85 9484.34 9484.8 9482.82 9476.9 9474.51 9471.93 9470.72 9469.14 9466.86 9463.65 9458.93 9453.01 9446.14 9439.32 9433.15 9427.98 9420.95 9415.87 9412.58 9410.34 9408.87 9407.81 9407.05 9411.01 9416.07 9420.74 9421.92 9422.56 9423.78 9429.82 9436.88 9443.48 9449.25 9452.51 9455.85 9460.2 9464.69 9465.05 9459.51 9456.33 9454.24 9452
9490.39 9492.58 9487.5 9475.64 9466.77 9463.77 9462.52 9462.49 9463.8 9466.52 9470.05 9471 9472.41 9471.73 9470.32 9470.27 9470.65 9471.03 9472.44 9473.12 9474.97 9477.26 9479.51 9482.01 9484.63 9486.53 9488.68 9487.93 9485.51 9483.6 9481.46 9478.96 9476.26 9473.43 9470.02 9464.95 9457.06 9448.53 9439.9 9431.44 9423.72 9418.92 9415.92 9414.12 9413.29 9413.13 9414.13 9415.45 9416.6 9422.45 9428.01 9428.95 9428.42 9428.53 9436 9446.32 9456.29 9465.88 9473.94 9480.75 9483.45 9474.2 9461.42 9455.48 9452.36 9448.7 9442.34
9493.77 9496.19 9489.18 9475.41 9465.78 9463.65 9463.35 9464.18 9465.44 9467.16 9472.01 9476.74 9476.02 9473.37 9474.45 9474.46 9474.34 9474.68 9475.69 9476.29 9477.83 9479.49 9481.8 9484.36 9487.17 9489.93 9492.03 9493.38 9494.91 9492.05 9489.12 9485.93 9482.64 9479.55 9475.8 9469.72 9460.8 9450.8 9440.33 9429.71 9420.19 9417.05 9415.98 9415.9 9416.53 9417.94 9420.61 9423.92 9428.01 9433.59 9437.42 9438.07 9437.13 9438.09 9446.15 9457.25 9468.82 9481.37 9495.96 9506.14 9499.44 9479.96 9456.84 9449.93 9446.04 9441.06 9430.3
9493.06 9491.88 9485.56 9475.21 9466.75 9464.72 9464.92 9465.98 9467.78 9470.48 9478.86 9486.23 9486.17 9482.91 9480.07 9478.71 9477.87 9477.58 9478.12 9479.08 9480.42 9481.91 9483.9 9486.49 9489.5 9493.61 9497.18 9501.75 9500.98 9496.77 9493.01 9489.85 9487.58 9484.84 9480.89 9473.99 9464.23 9453.09 9441.62 9430.46 9421.41 9417.67 9417.34 9418.36 9420.18 9422.76 9426.44 9431.61 9438.72 9445.1 9448.14 9449.59 9448.32 9448.39 9457.9 9468.75 9479.65 9491 9502.02 9507.4 9497.8 9479.59 9457.22 9447.04 9441.67 9435.82 9425.26
9491.86 9488.77 9483.52 9475.73 9468.56 9466.68 9467.09 9468.56 9471.26 9476.84 9491.63 9497.3 9499.44 9489.9 9484.01 9481.23 9479.66 9479.49 9479.6 9480.65 9482.5 9484.08 9485.96 9487.56 9490.09 9495.62 9507.15 9508.5 9505.43 9500.34 9496.46 9493.44 9491.5 9489.44 9485.92 9478.25 9467.55 9455.65 9443.6 9432.53 9423 9419.33 9419.75 9421.58 9424.33 9427.66 9431.39 9438.37 9446.21 9454.12 9461.93 9463.59 9464.35 9465.79 9472 9479.77 9487.9 9495.26 9499.98 9498.09 9491.21 9476.06 9457.69 9445.72 9438.65 9432.51 9425.7
9492.17 9491.46 9484.95 9477.39 9471.04 9469.52 9470.16 9471.78 9474.54 9481.1 9495.6 9497.45 9495.62 9488.71 9483.94 9481.44 9480.11 9480.35 9480.47 9481.49 9483.34 9484.9 9487.05 9488.38 9488.96 9487.15 9489.8 9508.02 9515.17 9504.22 9499.15 9496.3 9493.8 9492.38 9491.35 9482.19 9469.97 9457.72 9445.91 9435.17 9426.6 9422.79 9422.94 9424.86 9428.49 9433.46 9438.7 9446.53 9457.32 9469.9 9474.06 9476.2 9480.37 9483.82 9485.43 9489.06 9493.92 9497.83 9498.82 9493.59 9481.52 9465.07 9451.78 9442.21 9435.44 9430.53 9427.82
