real_craters/C075-300m.grd
DSAA
190 190
-28.2975 28.2975
-28.2975 28.2975
8367.9936460604 9708.800636893
[rows 120 to 149 of 190, columns 67 to 133 of 190]
9335.18 9329.85 9314.99 9307.14 9297.88 9287.14 9283.73 9286.39 9287.73 9280.8 9292.12 9340.71 9384.51 9444.13 9486.96 9523.03 9468.79 9386.33 9309.07 9244.06 9192.12 9150.8 9151.86 9165.75 9162.4 9147.46 9128.23 9109.37 9089.17 9072.88 9119.28 9192.23 9253.75 9295.47 9304.95 9300.02 9295.93 9296.02 9303.16 9312.45 9323.58 9326.77 9325.87 9327.94 9341.02 9320.4 9280.46 9226.71 9189.67 9190.34 9198.7 9211.57 9207.67 9207.68 9207.04 9203.63 9198.88 9196.68 9186.88 9177.15 9172.44 9168.68 9166.36 9164.85 9163.72 9162.07 9160.3
9352.58 9367.04 9376.68 9319.2 9305.75 9289.51 9280.09 9277.7 9273.8 9267.96 9281.49 9318.2 9360.38 9438.24 9476.54 9491.36 9460.26 9407.55 9358.45 9321.65 9308.93 9322.84 9347.78 9348.98 9300.7 9258.9 9232.38 9217.42 9212.26 9215.49 9278.72 9346.82 9403.88 9453.31 9424.31 9386.12 9358.89 9345.17 9338.17 9336.12 9335.07 9329.51 9313.05 9307.3 9335.14 9322.67 9263.35 9205.55 9187.43 9190.87 9199.93 9203.64 9213.22 9214.68 9214.25 9217.59 9222.48 9205.52 9194.65 9178.07 9173.22 9170.23 9168.91 9167.66 9167.43 9167.27 9167.47
9358.55 9364.85 9348.65 9323.08 9301.67 9282.26 9266.37 9266.46 9265.86 9262.92 9282.19 9323.27 9370.9 9435.53 9460.48 9457.76 9437.46 9404.5 9376.54 9367.51 9384.27 9439.18 9479.48 9453.87 9389.07 9339.83 9315.08 9311.36 9333.2 9375.97 9443.27 9476.95 9499.75 9521.72 9485.98 9435.88 9398.94 9377.45 9365.11 9357.28 9351.33 9343.78 9331.55 9319.4 9321.73 9298.28 9247.97 9207.15 9193.8 9195.24 9208.35 9223.02 9226.07 9221.2 9215.92 9211.85 9205.43 9191.8 9176.3 9172.98 9170.37 9169.43 9170.16 9171.03 9172.52 9173.73 9174.28
9356 9352.54 9340.97 9329.02 9306.11 9282.45 9264.55 9260.68 9265.56 9268.2 9290.62 9333.12 9367.74 9372.25 9396.95 9417.14 9403.72 9376.2 9367.34 9376.4 9399.22 9424.99 9433.65 9439.91 9409.21 9378.01 9362.54 9369.42 9408.95 9497.62 9539.3 9535.29 9520.96 9518.79 9485.31 9441.78 9409.83 9389.34 9375.63 9370.46 9364.61 9358.76 9350.86 9325.62 9291.66 9261.24 9226.65 9194.36 9182.4 9195.27 9215.98 9239.61 9236.16 9223.61 9211.85 9199.13 9184.76 9175.91 9170.98 9167.71 9167.69 9169.82 9172.11 9174.53 9177.63 9179.76 9181.65
9353.21 9351.81 9351.11 9351.57 9324.83 9291.68 9269.71 9264.91 9267.52 9268.25 9291.23 9329.02 9346.45 9317.3 9329.58 9333.07 9315.14 9316.09 9334.74 9359.26 9383.96 9398.64 9404.82 9407.36 9400.04 9385.23 9376.35 9382.62 9407.58 9443.18 9480 9484.55 9475.46 9453.62 9431.03 9414.59 9396.22 9381.78 9372.83 9366.2 9365.31 9365.02 9350.42 9310 9250.24 9227.49 9211.54 9190.91 9178.35 9198.83 9218.65 9231.71 9231.71 9220.78 9206.34 9189.66 9171.79 9164.98 9161.89 9162.32 9166.15 9171.42 9176.11 9179.91 9183.98 9188.07 9189.96
9348.93 9347.32 9346.3 9344.69 9325.47 9297.48 9277.11 9268.3 9268.45 9260.66 9281.51 9310.73 9323.08 9319.71 9318.58 9244.14 9199.54 9251.26 9298.12 9335.43 9365.39 9388.47 9403.28 9396.85 9383.06 9372.35 9365.22 9364.61 9369.35 9380.79 9400.01 9410 9406.91 9388.1 9374.7 9375.11 9368.68 9360.58 9355.49 9351.11 9354.69 9363.74 9368.07 9305.27 9237.03 9215.3 9212.29 9212.47 9214.76 9216.13 9223.13 9231.63 9229.39 9215.55 9200.91 9185.79 9172.27 9165.41 9159.81 9161.09 9166.75 9173.18 9178.8 9183.99 9187.59 9191.26 9193.41
9342.53 9338.02 9331.04 9317.51 9303.03 9292.23 9275.8 9261.39 9248.66 9254.97 9272.43 9292.71 9304.39 9316.71 9328.85 9236.67 9179.57 9233.16 9280.5 9316.53 9345.85 9372.53 9401.09 9375.16 9356.79 9348.06 9341.32 9335.41 9327.08 9321.02 9331.94 9335.67 9345.25 9344.22 9341.92 9340.08 9334.98 9332.91 9328.8 9326.82 9327.24 9333.31 9342.59 9283.96 9212.71 9216.11 9221.35 9231.43 9242.16 9228.57 9223.76 9221.97 9216.13 9206.1 9194.19 9183.41 9175.75 9173.13 9167.9 9167.36 9171.99 9179.16 9185.78 9190.67 9194.58 9197.02 9198.77
9334.44 9328.71 9321.79 9313.39 9302.19 9282.99 9269.55 9258.87 9249.31 9251.88 9268.84 9285.76 9297.77 9314.3 9339.21 9290.13 9266.77 9268.07 9285.15 9306.6 9325.8 9339.47 9338.58 9330.74 9321.2 9317.8 9313.7 9307.05 9298.4 9292.03 9288.67 9287.26 9299.16 9306.06 9308.54 9307.42 9305.52 9302.63 9298.95 9293.66 9287.31 9277.41 9265.92 9260.06 9247.98 9231.2 9230.36 9236.51 9239 9226.46 9217.28 9210.99 9204.17 9196.57 9187.61 9179.8 9174.74 9176.6 9171.74 9170.94 9178.41 9186.63 9193.06 9197.65 9200.98 9203.07 9204.2
9327.65 9322.27 9316.63 9312.41 9304.45 9277.52 9268.45 9264.44 9266.8 9259.3 9273.96 9291.65 9303.56 9315.41 9322.99 9321.21 9319.58 9299.22 9294.45 9300.43 9308 9309.09 9301.5 9292.11 9287.52 9292.19 9290.87 9284.87 9277.14 9271.98 9269.5 9268.74 9270.96 9274.76 9275.48 9278.19 9277.93 9275.35 9270.96 9263.15 9252.98 9234.59 9214.93 9241.99 9249.4 9238.42 9232.33 9232.31 9235.28 9215.65 9205.1 9199.35 9197.51 9186.9 9180.84 9176.37 9172.76 9174.85 9177.79 9178.93 9189.82 9195.96 9200.24 9203.22 9205.27 9206.2 9206.92
9321.8 9316.99 9309.05 9299.07 9290.04 9281.47 9272.75 9267.95 9273.33 9268.41 9283 9302.68 9313.17 9320.02 9325.02 9320.46 9311.07 9299.75 9293.97 9293.54 9293.87 9291.46 9286.13 9280.37 9279.01 9278.15 9276 9270.91 9263.81 9261.86 9263.15 9263.04 9261.5 9259.91 9257.29 9257.62 9256.38 9253.19 9247.55 9237.59 9227.93 9220.57 9224.77 9233.99 9241.91 9233.59 9225.36 9217.7 9208.28 9193.76 9190.37 9185.61 9174.98 9176.85 9175.66 9174.32 9174.38 9182.35 9192.55 9201.8 9204.46 9206.35 9207.8 9208.52 9208.6 9208.29 9207.61
9320.31 9316.33 9309.73 9302.46 9301.18 9295.64 9286.14 9281.33 9287.63 9273.46 9290.3 9310.34 9320.59 9324.12 9320.3 9313.4 9300.55 9293.03 9290.03 9288.29 9286.13 9284.26 9279.79 9275.86 9274.93 9271.88 9268.9 9266.04 9262.58 9262.32 9264.85 9268.06 9265.2 9257.11 9248.89 9243.3 9238.74 9234.05 9227.68 9218.85 9208.01 9196.09 9199.01 9216.65 9225.04 9221.67 9214.6 9204.02 9188.36 9179.64 9183.36 9181.32 9177.6 9175 9175.52 9174.94 9174.97 9185.36 9200.69 9212.78 9218.17 9216.53 9214.78 9212.87 9210.96 9210.02 9208.1
9324.32 9321.81 9319.19 9319.47 9320.74 9310.81 9297.87 9293.54 9286.89 9281.07 9299.09 9315.71 9327.87 9328.1 9324.54 9315.52 9298.51 9290.16 9288.35 9286.53 9284.2 9282.23 9279.33 9276.23 9273.65 9268.18 9265.92 9265.25 9266.44 9265.84 9267.94 9272.29 9271.42 9255.57 9241.4 9231.12 9224.3 9219.21 9213.45 9206.72 9197.73 9185.07 9186.6 9199.31 9207.85 9210.15 9206.44 9199.06 9189.93 9187.24 9190.33 9187.84 9178.22 9179.83 9182.12 9180.6 9178.63 9180.58 9201.18 9227.2 9229.03 9224.75 9220.89 9217.13 9213.58 9211 9207.54
9330.32 9329.62 9328.04 9329.02 9332.42 9319.17 9304.1 9292.04 9284.77 9300.8 9314.5 9322.27 9327.56 9322.41 9318.54 9312.52 9297.7 9291.05 9286.76 9284.32 9283.15 9282.17 9282.02 9281.67 9267.46 9264.67 9264.18 9264.21 9266.16 9266.2 9267.61 9268.54 9264.98 9248.53 9229.14 9216.97 9212.3 9208.62 9204.09 9199.69 9196.63 9199.17 9194.62 9193.25 9198.59 9202.95 9203.8 9202.02 9199.56 9203.7 9207.52 9204.53 9202.91 9200.76 9195.53 9190.4 9186.74 9186.37 9203.65 9223.67 9229.91 9228.41 9225.06 9220.87 9216.39 9211.72 9206.43
9339.52 9338.3 9336.48 9332.75 9331.12 9326.08 9315.94 9302.68 9302.64 9323.04 9331.73 9323.1 9308.5 9301.79 9294.17 9284.45 9287.94 9287.29 9282.46 9280.98 9280.61 9280.4 9279.25 9274.16 9268.71 9264.28 9263.4 9262.49 9260.02 9263.88 9265.12 9263.33 9255.82 9240.95 9220.04 9206.79 9205.25 9201.54 9197.91 9195.51 9194.9 9194.63 9194.54 9193.9 9196.94 9201.82 9205.23 9208.38 9214.51 9225.77 9224.05 9219.96 9221.78 9220.06 9209.82 9202.83 9199.49 9199.84 9214.76 9225.9 9229.27 9228.32 9225.15 9221.48 9216.31 9212.23 9205.37
9351.22 9349.6 9346.7 9341.54 9334.43 9330.96 9330.29 9324.18 9332.5 9348.64 9334.48 9309.21 9285.4 9281.76 9277.18 9270.76 9273.68 9274.09 9274.89 9276.06 9277.15 9278.76 9276.92 9274.61 9268.96 9266.47 9263.44 9261.47 9263.42 9260.99 9262.5 9261.76 9253.06 9239.9 9225.75 9215.53 9204.66 9197.44 9192.82 9191.16 9193.11 9194.37 9196.13 9195.11 9199.51 9203.87 9208.1 9213.5 9220.59 9230.74 9225.59 9223.16 9226.13 9226.6 9216.83 9212.11 9213.63 9222.25 9234.9 9232.26 9229.74 9229.11 9226.29 9221.96 9216.53 9210.02 9202.31
9363.95 9362.22 9360.49 9357.66 9349.34 9340.39 9342.75 9344.41 9349.42 9357.65 9324.95 9296.89 9278.08 9273.06 9271.3 9269.13 9267.12 9263.78 9269.7 9274 9275.85 9276.98 9276.47 9274.99 9279.21 9275.75 9260.2 9250.35 9248.64 9252.5 9258.52 9261.8 9252.09 9240.54 9228.39 9216.8 9202.27 9192.5 9186.97 9184.83 9187.68 9200.25 9195.01 9203.65 9201.92 9206.33 9211.21 9215.31 9217.37 9213.8 9212.79 9215.38 9217.61 9217.14 9214.46 9214.8 9220.57 9233.1 9243.73 9237.07 9231.75 9231.56 9228.02 9223.07 9217.13 9209.9 9201.72
9376.95 9375.37 9374.38 9371.85 9362.58 9348.46 9353.83 9364.14 9358.25 9336.65 9313.5 9293.29 9277.37 9271.11 9270.82 9275.47 9270.34 9268.44 9271.99 9274.61 9275.93 9276.49 9277.26 9279.33 9278.94 9268.9 9248.03 9232.24 9229.88 9239.88 9251.28 9262.05 9259.01 9238.59 9220.06 9206.74 9193.56 9185.08 9180.16 9176.69 9172.44 9169.97 9178.42 9184.01 9200.97 9209.67 9214.63 9217.1 9217 9212.83 9207.85 9207.61 9205.85 9204.15 9206.44 9212.06 9219.65 9228.49 9237.78 9239.87 9239.59 9235.45 9230.29 9224.43 9216.4 9208.7 9200.26
9388.85 9387.99 9387.51 9385.54 9380.88 9373.85 9370.65 9385.93 9358.15 9315.64 9309.24 9289.43 9274 9271.05 9270.96 9268.08 9272.18 9277.87 9277.94 9277.53 9276.63 9275.44 9274.51 9274.52 9265.51 9246.47 9231.89 9216.7 9216.06 9226.68 9237.9 9247.91 9246.15 9223.64 9203.07 9187.4 9179.28 9176.22 9174.81 9173.67 9170.12 9171.55 9185.48 9195.08 9209.6 9216.75 9219.51 9220.09 9219.39 9218.28 9210.64 9202.35 9195.7 9191.25 9196.47 9206.82 9217.4 9225.89 9232.15 9240.46 9241.2 9238.64 9232.01 9225.24 9217.88 9209.91 9201.96
9399.6 9398.96 9399.2 9400.55 9402.1 9404.24 9398.33 9390.89 9343.76 9311.59 9310.63 9288.35 9275.95 9275 9276.48 9280.39 9283.28 9282.92 9282.9 9281.39 9278.32 9273.98 9268.23 9262.92 9252.56 9233.96 9223.96 9211 9210.15 9216.64 9221.68 9220.68 9208.39 9195.14 9182.61 9168.51 9166.67 9169.22 9172 9177.08 9186.43 9199.98 9221.3 9228.82 9226.21 9225.68 9225.11 9223.93 9221.83 9215.81 9206.24 9199.36 9189.4 9179.88 9189.02 9204.08 9217.63 9228.53 9236.96 9244.37 9247.52 9239.57 9233.08 9226.18 9218.54 9211.1 9203.06
9407.05 9406.87 9408.37 9411.45 9415.19 9416.39 9415.68 9389.15 9345.03 9317.63 9305.58 9290.36 9282.53 9282.57 9284.54 9287.56 9289.46 9291.26 9290.57 9286.43 9281.04 9273.38 9262.42 9244.36 9226.03 9237.38 9228.86 9212.85 9211.46 9212.94 9211.13 9202.82 9186.06 9177.19 9172.51 9164.82 9163.96 9166.72 9169.89 9177.33 9197.04 9216.67 9235.63 9241.93 9236.53 9232.14 9228.62 9226.13 9224.74 9225.04 9216.71 9200.92 9190.16 9183.31 9191.89 9207.15 9221.2 9234.33 9247.51 9245 9236.95 9237.99 9234.46 9227.69 9219.77 9211.64 9204.45
9410.53 9410.69 9413.29 9417.62 9422.12 9424.53 9421.7 9395.71 9346.2 9322.85 9310.21 9297.56 9292.71 9292.67 9293.9 9295.14 9296.11 9299.15 9297.39 9292.28 9286.05 9277.51 9266.31 9252.23 9248.13 9250.33 9239.04 9229.12 9220.41 9215.92 9210.29 9200.1 9185.5 9177.09 9175.91 9172.89 9170.7 9168.46 9166.98 9168.6 9175.19 9204.28 9230.97 9241.14 9237.82 9233.03 9228.62 9225.3 9222.77 9221.8 9214.43 9197.5 9195.07 9197.68 9205.11 9214.78 9225.56 9236.77 9244.4 9247.35 9248.08 9245.62 9238.06 9228.98 9220.59 9213.36 9206.51
9410.27 9410.26 9413.2 9418.23 9424.46 9425.34 9423.38 9406.4 9365.93 9335.76 9318.23 9308.91 9305.77 9305.33 9305.45 9305.9 9307.12 9304.26 9301.57 9299.01 9293.7 9286.25 9277.51 9269.32 9261.53 9251.34 9244.24 9237.72 9230.44 9223.69 9216.7 9207.86 9197.62 9191.24 9187.83 9185.12 9180.44 9172.57 9164.59 9158.97 9162.43 9194.07 9238.16 9237.6 9232.13 9227.53 9224.87 9221.41 9216.96 9206.83 9184.11 9191.16 9201.53 9210.86 9218.22 9222.41 9228.13 9236.26 9247.44 9250.29 9255.01 9251.01 9238.14 9228.14 9220.41 9213.36 9206.98
9404.76 9405.4 9408.45 9412.39 9416.74 9418.98 9415.65 9404.4 9375.55 9349.56 9330.47 9324.16 9321.79 9319.83 9318.59 9316.93 9314.04 9313.58 9311.88 9309.14 9304.37 9297.73 9290.63 9283.21 9275.57 9265.37 9255.12 9246.98 9241.39 9233.5 9225.15 9217.43 9211.83 9207.53 9199.37 9195.75 9190.88 9176.9 9163.95 9153.27 9144.9 9178.04 9208.84 9219.32 9219.55 9218.77 9218.09 9215.95 9213 9208.06 9203.9 9204.56 9211.32 9220.42 9227.48 9225.77 9226.57 9229.18 9232.01 9232.31 9237.42 9236.25 9230.24 9223.28 9217.5 9211.69 9205.39
9397.91 9399.13 9401.48 9403.8 9404.44 9404.1 9398.54 9392.79 9383.36 9372.1 9355.02 9343.75 9339.66 9336.16 9333.26 9330.2 9327.74 9327.04 9326.37 9321.53 9316.05 9310.14 9304.37 9298.47 9292.64 9280.88 9270.94 9264.67 9255.47 9244.82 9232.1 9222.85 9217.05 9210.83 9201.83 9196.99 9191.28 9177.05 9164.46 9155.4 9154.96 9164.77 9183.23 9195.61 9203.22 9207.46 9209.72 9211.09 9211.65 9212.36 9216.75 9220.32 9218.96 9222.34 9224.86 9222.83 9221.2 9219.6 9216.08 9215.01 9218.22 9218.93 9218.87 9215.83 9211.71 9207.21 9202.58
9388.61 9390.98 9393.1 9394.61 9395.27 9395.13 9395.29 9393.97 9394.27 9387.75 9378.1 9367.08 9359.08 9353.68 9348.87 9344.76 9341.73 9339.64 9337.78 9332.86 9327.52 9322.11 9317.06 9311.93 9305.02 9300.22 9295.73 9283.08 9269.68 9257.28 9244.79 9229.86 9216.37 9204.53 9194.8 9187.68 9180.22 9172.74 9164.35 9157.49 9152.64 9150.74 9156.75 9174.62 9187.65 9196.2 9202.06 9206.53 9209.92 9212.63 9213.73 9219.6 9221.5 9220.5 9216.32 9217.44 9215.32 9211.69 9206.61 9202.4 9205.55 9208.28 9209.14 9208.87 9206.47 9203.54 9199.6
9379.06 9383.46 9386.26 9387.66 9387.56 9386.86 9389.19 9417.9 9409.38 9405.01 9400.02 9384.31 9377.17 9369.87 9363.75 9358.4 9353.66 9350.28 9347.35 9342.87 9337.7 9332.95 9328.6 9324.79 9321.36 9317.15 9311.38 9296.37 9279.15 9265.69 9254.89 9233.63 9211.47 9194.31 9182.49 9176.76 9174.41 9168.37 9162.65 9159.2 9154.32 9144.65 9146.13 9162.21 9176.28 9187.52 9195.87 9202.32 9208.28 9213.85 9220.1 9226.18 9223.81 9220.91 9219.95 9215.62 9211.87 9207.18 9202.64 9199.48 9198.81 9196.5 9203.54 9204.46 9202.71 9200.07 9197.56
9372.76 9378 9381.57 9383.98 9385.62 9388.78 9400.7 9410.86 9412.71 9420.12 9411.96 9403.77 9394.54 9385.06 9377.51 9370.73 9365.64 9361.25 9357.02 9351.35 9346.35 9341.67 9337.45 9334.2 9332.71 9325.19 9303.84 9294.57 9280.39 9265.29 9248.6 9226.89 9201.77 9177.33 9165.66 9162.94 9161.67 9158.57 9158.77 9159.21 9155.77 9150.1 9150.25 9159.21 9170.3 9180.56 9190.32 9198.21 9206 9213.62 9221.23 9228.87 9224.06 9220.18 9215.52 9212.35 9209.2 9204.59 9199.5 9196.13 9199.1 9205.62 9204.82 9202.13 9199.49 9197.5 9196.24
9370.49 9375.48 9379.45 9382.81 9386.83 9390.85 9394.26 9413.54 9408.2 9402.03 9414.32 9416.91 9407.65 9397.14 9388.24 9381.95 9375.75 9369.65 9361.71 9355.75 9352.71 9348.05 9342.7 9337.5 9332.1 9322.63 9313.43 9293.56 9277.08 9261.03 9242.74 9220.51 9194.77 9167.85 9155.8 9151.96 9145.53 9147.43 9154.03 9161.85 9160.48 9155.76 9154.96 9159.26 9167.55 9176.48 9186.04 9194.61 9203.21 9211.21 9219.13 9220.82 9220.71 9218.43 9214.38 9211.6 9208.35 9203.2 9197.57 9193.56 9199.73 9208.24 9204.37 9197.18 9193.3 9192.27 9192.2
9371.57 9374.81 9379.07 9383.35 9387.9 9392.04 9403.17 9419.77 9417.94 9417.89 9427.61 9424.45 9415.15 9404.33 9395.82 9388.82 9383.28 9377.35 9369.31 9363.8 9360.49 9353.82 9346.1 9337.59 9328.72 9319.03 9301.65 9285.39 9271.17 9256.36 9238.38 9217.12 9194.64 9173.91 9160.41 9151.58 9144.73 9144.37 9149.16 9153.37 9154.15 9154.14 9153.69 9157.55 9164.96 9173.27 9182.96 9191.54 9199.86 9207.23 9213.85 9218.38 9216.93 9217.51 9218.28 9215.79 9209.38 9203.22 9197.75 9193.09 9197.4 9201.09 9193.57 9186.98 9184.93 9185.12 9186.57
9371.99 9374.82 9379.72 9385.52 9391.62 9398.22 9406.69 9424.09 9427.61 9420.48 9420.23 9419.85 9413.05 9404.77 9397.59 9391.79 9388.35 9387.66 9383.56 9378.52 9369.33 9358.49 9346.94 9334.94 9322.87 9310.63 9295.71 9276.6 9264.31 9251.82 9235.83 9215.26 9196.01 9180.29 9167.46 9156.08 9148.84 9146.19 9145.62 9145.42 9144.01 9142.59 9147.22 9154.23 9162.42 9171.51 9180.75 9188.61 9196.66 9203.35 9206.58 9207.06 9212.9 9216.47 9218.5 9216.58 9209.41 9203.46 9198.73 9197.04 9193.01 9176.88 9169.27 9172.74 9174.93 9177.71 9181.53
