real_craters/C075-500m.grd
DSAA
114 114
-28.2975 28.2975
-28.2975 28.2975
8371.5670745035 9676.3976585208
[rows 0 to 29 of 114, columns 0 to 66 of 114]
9639.69 9628.16 9613.13 9587.94 9555.21 9536.23 9531.38 9533.36 9532.73 9529.08 9522.54 9514.39 9516.71 9517.99 9515.37 9515.8 9520.2 9512.4 9498.12 9477.34 9457.02 9445.34 9433.38 9415.65 9421.68 9420.33 9416.77 9417.01 9418.19 9407.15 9376.22 9329.54 9287.78 9253.98 9228.78 9213.65 9196.32 9175.04 9145.36 9109.64 9067.8 9031.45 9020.49 9017.66 9012.33 9000.4 8991.58 8989.65 8994.58 9006.77 9007.49 9015.66 9022.99 9034.32 9050.79 9088.65 9082.16 9097.94 9117.07 9125.48 9101.19 9064.5 9055.14 9059.21 9052.86 9023.36 8968.79
9637.99 9630.86 9621.05 9598.42 9564.16 9547.97 9536.18 9529.82 9522.92 9515.3 9507.5 9504.79 9498.31 9497.05 9495.29 9495.31 9499.43 9494.09 9488.01 9479.26 9467.67 9451.09 9449.47 9449.37 9440.58 9430.78 9424.31 9422.52 9424.18 9421.78 9385.46 9327.96 9266.63 9223.28 9227.6 9213.9 9183.79 9170.64 9153.06 9118.97 9072.63 9025.25 9014.6 9011.45 8990.97 8981.93 8977.96 8978.5 8982.78 8988.78 8992.75 8995.83 8999.65 9003.81 9006.25 9007.73 9038.92 9049.34 9072.21 9101.54 9077.07 9058.83 9055.86 9061.93 9065.28 9040 8990.37
9635.39 9631.06 9628.7 9623.98 9590.05 9565.62 9548.68 9531.23 9518.25 9506.01 9493.78 9480.32 9478.39 9482.34 9485.13 9479.91 9471.06 9472.45 9479.72 9488.59 9479.89 9468 9457.73 9451.88 9443.31 9432.9 9424.6 9418.69 9415.49 9432.48 9389.45 9327.63 9271 9230.24 9205.68 9216.6 9192.71 9166.69 9145.6 9110.51 9063.71 9030.03 9021.9 9014.63 8978.31 8971.25 8965.77 8966.36 8968.28 8969.57 8971.94 8974.09 8975.55 8977.55 8980.49 8990.88 9008.24 9011.1 9022.77 9027.44 9034.89 9046.83 9055.28 9066.84 9064.54 9056.02 9033.67
9629.17 9624.31 9617.55 9603.32 9579.77 9563.46 9548.41 9528.79 9513.43 9499.31 9485.64 9472.18 9468.64 9471.7 9473.88 9466.1 9455.74 9456.25 9464.34 9473.33 9470.59 9464.3 9454.68 9449.08 9439.93 9427.61 9419.82 9415.79 9414.88 9414.47 9376.81 9321.34 9267.84 9227.98 9193.22 9174.78 9161.65 9153.92 9140.32 9114.48 9068.32 9038.87 9025.94 9009.56 8980.61 8959.19 8956.51 8956.26 8955.2 8957.33 8952.12 8952.7 8957.9 8961.26 8958.75 8964.19 8969.69 8985.78 8998.09 9009.18 9027.88 9054.22 9072.92 9081.31 9078.9 9064.93 9031.73
9620.75 9613.91 9603.15 9588.54 9571.15 9551.51 9533.27 9520.11 9506.32 9493.3 9481.88 9473.32 9467.66 9463.2 9459.56 9451.45 9443.91 9442.24 9446.36 9448.5 9447.01 9433.84 9447.43 9450.74 9433.07 9416.55 9411.07 9406.95 9404.37 9395.7 9360.1 9311.96 9259.01 9223.02 9212.24 9185.3 9152.26 9146.95 9138.96 9121.18 9091.38 9061.91 9023.09 8993.82 8976.29 8958.96 8954.04 8951.85 8946.56 8936.69 8936.42 8941.31 8953.68 8965.19 8965.14 8972.32 8982.68 8972.32 8997.81 9022.61 9047.95 9074.63 9098.71 9100.37 9097.6 9087.85 9044.18
9612.3 9604.6 9588.86 9570.72 9552.79 9539.54 9524.38 9512.57 9498.03 9486.97 9477.67 9470.25 9462.97 9453.06 9445.85 9437.32 9428.56 9425.67 9436.14 9444.99 9431.48 9421.28 9441.78 9448.86 9428.89 9412 9403.93 9395.56 9386.23 9373.42 9346.59 9308.05 9267.67 9241.12 9229.68 9203.77 9165.76 9150.5 9137.78 9129.19 9116.55 9087.79 9026.9 8988.89 8976.04 8967.02 8961.3 8956.92 8948.91 8941.24 8938.7 8944.08 8964.79 8991.93 9015.17 9023.42 9020.63 9005.61 9023.42 9040.76 9058.28 9089.16 9109.35 9114.57 9110.29 9100.95 9079.46
9605.08 9599.03 9587.06 9563.62 9535.03 9521.36 9515.88 9500.07 9488.48 9479.7 9471.87 9464.54 9455.02 9440.84 9429.23 9425.97 9424.11 9428.39 9430.56 9439.57 9423.3 9417.73 9435.72 9447.28 9434.8 9413.46 9403.46 9389.74 9378.43 9365.48 9339.22 9308.53 9282.15 9268.3 9250.78 9202.47 9172.24 9148.71 9131.9 9117.84 9122.61 9103.34 9036.35 8998.23 8982.5 8976.83 8979.69 8972.13 8960.51 8950.69 8951.21 8963.04 8994.15 9028.26 9053.22 9064.54 9076.86 9071.64 9057.03 9065.78 9087.7 9101.46 9117.45 9118.38 9115.68 9102.16 9083.75
9598.71 9595.95 9586.4 9560.8 9527.98 9498.63 9484.03 9479.08 9477.18 9472.15 9465.55 9458.68 9450.79 9436.51 9422.23 9419.96 9416.63 9412.92 9418.33 9424.52 9420.02 9414.79 9429.39 9446.77 9439.4 9431 9409.96 9387.81 9370.67 9353.48 9330 9306.3 9283.48 9266.63 9240.72 9195.45 9159.55 9138.79 9122.16 9109.99 9099.24 9076.8 9040.22 9012.44 8993.52 8999.26 9007.6 8992.96 8979 8966.25 8968.69 9014.48 9051.94 9066.12 9074 9073.75 9073.82 9070.69 9058.12 9067.17 9095.34 9088.13 9102.14 9101.92 9111.41 9123.63 9103.43
9590.24 9590.88 9587.12 9557.6 9524.98 9494.7 9474.24 9471.02 9471.87 9466.83 9459.56 9451.58 9446.66 9440.53 9431.72 9418.12 9410.08 9406.96 9400.99 9413.15 9417.16 9408.43 9415 9422.59 9431.53 9433.55 9414.39 9385.82 9357.27 9341.06 9324.26 9301.31 9273.67 9242.07 9213.88 9182.39 9155.17 9129.31 9109.89 9094.92 9082.62 9064.05 9050.64 9035.92 9022.88 9030.29 9026.77 9012.87 9004.73 8999.76 9008.49 9058.94 9092.49 9093.33 9091.73 9071.13 9031.97 9020.27 9028.37 9034.32 9029.06 9038.22 9033.75 9052.14 9087.33 9114.75 9112.17
9578.52 9578.91 9572.89 9549.86 9519.99 9492.78 9487.98 9484.39 9476.15 9466.16 9454.93 9442.51 9431.27 9431.26 9425.69 9412.63 9401.2 9391.03 9384.22 9400.11 9406.62 9402.18 9402.4 9398.66 9420.31 9431.73 9415.28 9385.73 9357.69 9347.04 9321.75 9295.91 9269.76 9244.54 9196.5 9170.1 9143.08 9112.25 9100.4 9088.27 9078.96 9075.85 9080.22 9069.62 9057.5 9051.72 9027.66 9028.54 9034.47 9046.9 9074.56 9090.93 9102.51 9100.78 9086.31 9053.42 9003.02 8991.03 8999.37 9003.13 9006.27 9006.55 9009.31 9028.3 9054.01 9076.27 9091.7
9562.88 9561.95 9555.75 9540.41 9522.24 9511 9505.93 9498.35 9481.39 9466.35 9451.74 9436.02 9419.23 9417.09 9413.5 9404.37 9393.29 9380.32 9378.67 9390.87 9395.38 9399.2 9397.07 9399.5 9416.68 9433.48 9412.54 9382.59 9361.44 9342.59 9314.57 9286.89 9258.83 9229.76 9180.5 9159.06 9133.66 9110.96 9100.83 9092.7 9087.66 9098.85 9109.69 9099.02 9084.98 9042.13 9032.32 9047.01 9062.94 9082.06 9106.31 9108.59 9107.21 9100.21 9074.9 9027.07 8996.93 8983.58 8983.14 8982.83 8977.72 8980.9 8997.92 9014.38 9028.76 9033.17 9050.22
9545.36 9541.66 9537.46 9529.64 9520.69 9511.09 9504.87 9496.95 9482.5 9467.04 9451.51 9435.64 9420.73 9408.48 9404.1 9399.38 9391.46 9382.42 9370.49 9381.45 9401.11 9402.49 9393.77 9385.95 9403.82 9399.67 9381.36 9374.89 9352.47 9326.72 9304.58 9277.92 9241.61 9190.99 9162.27 9148.9 9129.24 9114.13 9108.14 9108.08 9109.82 9113.92 9116.67 9115.92 9103.35 9072.34 9063.62 9075.08 9088.32 9103.45 9112.78 9117.92 9106.6 9101.55 9069.28 9017.73 8994.79 8983.96 8980.56 8978.47 8974.06 8980.18 9001.1 9021.6 9019.95 9014.77 9010.07
9527.33 9523.68 9519.72 9519.13 9516.31 9509.05 9500.36 9493.09 9481.19 9466.91 9451.9 9438.08 9425.96 9407.19 9401.67 9398.36 9394.91 9393.45 9391.49 9384.28 9413.34 9404.25 9392.42 9384.02 9391.15 9399.31 9395.4 9375.87 9357.81 9326.71 9305.23 9278.05 9240.76 9195.29 9160.51 9145.83 9126.67 9117.9 9113.79 9119.51 9114.38 9116.38 9119.68 9125.2 9125.11 9117.31 9107.54 9103.66 9109.87 9121.55 9135.72 9136.81 9133.25 9107.84 9068.77 9023.2 8995.95 8991.45 8992.13 8992.01 8989.97 8992.17 9007.54 9016.05 9022.56 9016.32 9000.39
9509.61 9510.01 9509.56 9510.12 9510.88 9509.52 9498.45 9491.05 9480.35 9466.71 9451.89 9437.9 9426.84 9417.64 9403.56 9398.53 9396.15 9396.54 9390.74 9383.75 9400.32 9397.19 9388.76 9383.33 9384.4 9387.97 9387.69 9372.25 9353.68 9340.69 9317.76 9288.47 9253.91 9206.73 9164.29 9153.97 9137.08 9118.02 9114.83 9120.77 9115.82 9116.21 9124.32 9136.03 9138.65 9136.26 9128.2 9122.51 9121.63 9127.56 9140.06 9132.86 9107.51 9084.02 9060.13 9032.25 9012.1 9009.17 9013.32 9018.24 9021.84 9021.3 9034.13 9039.62 9035.36 9030 9003.39
9493.78 9497.57 9498.84 9501.89 9503.32 9502.53 9495.89 9491.15 9480.53 9466.52 9450.51 9434.66 9419.22 9407.11 9402.72 9398.5 9395.12 9392.15 9390.38 9387.53 9388.1 9386.06 9380.91 9376.18 9372.12 9369.12 9378.11 9371.72 9358.97 9344.55 9323.53 9298.44 9272.19 9224.21 9172.69 9156.82 9139.98 9120.35 9116.95 9114.9 9107.45 9118.52 9130.14 9156.11 9160.08 9144.69 9137.15 9131.03 9123.02 9117.78 9110.55 9095.13 9075.29 9053.95 9050.79 9039.75 9028.03 9030.09 9039.08 9051.76 9068.35 9090.24 9076.48 9058.51 9053.78 9044.41 9026.32
9481.2 9491.28 9492.86 9495.03 9496.31 9497.01 9494.36 9490.55 9482.32 9466.78 9449.62 9432.47 9416.98 9406.24 9405 9401.87 9396.63 9386.5 9378.37 9379.19 9380.44 9376.78 9370.93 9366.29 9365.88 9369.62 9374.81 9374.07 9362.78 9343.86 9321.83 9297.78 9275.27 9227.24 9173.98 9153.79 9148.86 9134.22 9118.88 9119 9119 9131.37 9144.12 9163.4 9165.44 9155.38 9147.13 9130.76 9116.8 9105.88 9090.06 9074.33 9073.79 9062.09 9066.89 9058.36 9046.36 9050.4 9062.25 9078.86 9099.85 9120.31 9109.41 9090.17 9082.42 9076.81 9067.07
9471.25 9487.51 9487.45 9487.04 9489.34 9492.44 9489.29 9493.92 9483.41 9465.12 9447.63 9431.44 9417.96 9410.62 9410 9409.46 9406.62 9403.56 9415.24 9400.86 9380.73 9371.33 9362.64 9355.1 9352.97 9376.7 9370.69 9365.01 9356.38 9337.01 9312.06 9283.32 9251.67 9213 9173.17 9161.33 9152.78 9132.02 9104.36 9100.5 9111.07 9136.07 9153.31 9163.26 9161.24 9148.45 9129.28 9112.83 9108.44 9100.64 9091.7 9088.17 9089.39 9098.69 9096.8 9079.29 9062.82 9066.89 9077.26 9094.65 9114.52 9130.48 9131.29 9124.75 9120.99 9118.19 9117.64
9457.45 9474.72 9473.46 9474.7 9477.85 9478.28 9476.88 9478.85 9473.89 9459.44 9444.21 9430.45 9419.27 9413.07 9419.65 9418.59 9416.42 9417.91 9409.39 9388.83 9373.67 9362.98 9354.05 9346.04 9339.44 9344.3 9353.76 9365.59 9350.84 9327.27 9300.33 9262.89 9225.46 9196.23 9174.1 9171.93 9158.14 9140.87 9114.34 9103.11 9107.41 9122.51 9139.56 9156.12 9155.28 9142.65 9125.81 9108.88 9106.82 9103.11 9095.26 9084.33 9086.65 9086.12 9091 9076.4 9073.56 9076.75 9086.68 9102.75 9121.2 9141.23 9155.8 9158.2 9154.68 9141.72 9125.06
9442.02 9451.51 9458.86 9463.02 9465.04 9462.93 9460.63 9462.57 9460.93 9450.6 9439.86 9430.01 9424.09 9437.66 9436.42 9428.54 9420.6 9411.55 9388.57 9375.73 9363.52 9353.99 9347.88 9342.35 9339.94 9331.2 9329.88 9343.75 9330.82 9309.06 9279.54 9246.44 9208.97 9190.51 9178.99 9179.65 9178.65 9180.34 9156.1 9132.13 9115.36 9120.89 9135.68 9155.28 9149.39 9135.06 9123.27 9114.56 9114.19 9112.33 9108.24 9098.48 9100.05 9093.74 9079.3 9084.71 9081.25 9079.38 9087.94 9101.3 9122.01 9147.06 9167.12 9176.12 9175.29 9146.9 9115.92
9437.03 9443.05 9447.97 9450.38 9444.6 9445.32 9442.21 9438.84 9442.11 9439.1 9434.41 9430.08 9428.36 9440.14 9441.58 9432.06 9420.48 9401.98 9382.33 9354.66 9347.15 9343.69 9341.89 9340.63 9338.37 9323.22 9304.84 9293.79 9302.65 9291.27 9268.16 9238.18 9209.17 9194.06 9186.88 9184.61 9205.48 9216.31 9195.25 9153.22 9127.5 9129.63 9145.15 9151.83 9142.58 9126.71 9109.59 9123.35 9125.61 9124.83 9125.29 9132.01 9118.81 9103.29 9095.34 9079.2 9074.64 9077.92 9085.33 9094.52 9110.06 9132.25 9143.89 9155.15 9157.57 9129.69 9089.84
9437.94 9441.06 9440.23 9438.5 9436.3 9429.64 9417.76 9414.93 9421.86 9426.23 9427.8 9428.86 9432.1 9442.1 9440.21 9425.9 9413.17 9400.67 9362.83 9329.86 9332.1 9335.07 9337.01 9337.27 9334.13 9315.81 9296.72 9296.47 9288.5 9281.62 9266.28 9248.49 9222.88 9206.11 9189.14 9188.64 9209.56 9226.02 9201.25 9180.35 9151.11 9150.83 9158.23 9150.09 9136.78 9125.77 9119.73 9134.52 9137.12 9137.01 9135.32 9128.39 9118.2 9099.11 9079.33 9060.74 9068.75 9077.64 9082.85 9085.76 9089.59 9089.44 9090.55 9110.05 9114.53 9091.19 9037.59
9438.53 9438.11 9435.49 9435.07 9430.61 9422.06 9403.7 9399.86 9408.96 9415.2 9422.31 9427.9 9432.14 9432.83 9425.3 9411.24 9393.41 9374.55 9369.7 9338.41 9331.72 9332.47 9333.52 9332.44 9328.53 9309.51 9279.09 9275.79 9282.27 9283.37 9281.43 9275.9 9260.03 9229.56 9202.99 9199.34 9237.74 9226.06 9199.65 9186.95 9186.07 9182.15 9165.2 9136.8 9131.05 9127.31 9129.81 9138.32 9144.3 9145.24 9143.9 9139.73 9134.19 9120.6 9099.47 9071.29 9074.45 9080.51 9083.69 9084.09 9079.46 9073.81 9067.54 9070.45 9077.84 9045.66 9014.1
9454.8 9446.62 9441.8 9438.37 9434.74 9428.01 9417.49 9403.09 9399.56 9406.03 9419.26 9430.72 9433.77 9428.82 9419.64 9391.37 9370.55 9371.82 9377.2 9349.88 9337.4 9333.36 9331.61 9329.04 9322 9301.74 9281.47 9281.64 9284.06 9289.31 9294.94 9296.96 9282.85 9256.17 9232.53 9225.82 9235.32 9212.91 9195.17 9191.58 9213.63 9199.56 9179.75 9143.87 9128.92 9125.45 9129.05 9140.01 9148.72 9150.51 9151 9153.55 9154.78 9138.56 9119.21 9098.45 9093.33 9091.64 9088.42 9082.78 9074.45 9061.08 9048.62 9032.31 9021.53 9005.21 8999.24
9465.64 9456.9 9449.61 9444.67 9440.8 9441 9442.74 9422.86 9396.84 9403.55 9417.91 9430.6 9429.31 9409.16 9384.15 9365.04 9348.56 9351.11 9361.18 9346.79 9337.98 9333.29 9330.22 9326.83 9320.56 9313.84 9303.85 9286.24 9288.25 9295.5 9303.8 9310.35 9301.32 9279.62 9260.51 9251.01 9234.66 9207.31 9192.25 9193.26 9184.49 9190.79 9180.03 9151.69 9126.43 9121.67 9126.99 9140.95 9150.44 9150.34 9150.78 9152.1 9146.96 9136.42 9127 9122.49 9114.44 9104.99 9096.39 9084.73 9070.35 9053.08 9029.32 9000.33 8980.77 8984.1 8985.66
9469.94 9462.88 9456.02 9450.92 9447.4 9445.87 9441.57 9431.94 9416.53 9412.55 9416.8 9419.84 9410.63 9386.1 9358.02 9342.56 9328.99 9332.47 9338.57 9331.02 9333.75 9330.81 9328.67 9326.07 9321.75 9314.62 9302.53 9286.44 9291.09 9300.07 9310.37 9316.15 9311.79 9296.41 9280.93 9263.85 9244.46 9213.72 9194.66 9191.73 9192.48 9199.06 9196.3 9134.38 9118.02 9116.03 9117.88 9127.54 9142.01 9142.05 9146.13 9149.18 9149 9134.21 9146.93 9152.56 9135.9 9118.78 9103.61 9086.94 9070.03 9049.41 9021.04 8992.75 8979.58 8979.62 8981.75
9478.94 9469.95 9461.79 9455.77 9450.93 9447.15 9443.04 9447.79 9434.29 9424.03 9418.22 9402.97 9390.57 9371.09 9352.34 9329.02 9317.46 9320.7 9324.93 9332.01 9330.3 9328.05 9327.2 9325.56 9324.31 9322.48 9302.22 9295.91 9296.61 9303.48 9312.69 9322.29 9317.57 9306.54 9295.97 9285.13 9263.9 9238.71 9203.12 9208.62 9200.74 9197.74 9175.43 9134.84 9118.39 9115.39 9111.11 9105.86 9112.25 9130.5 9142.13 9149.83 9154.37 9149.38 9177.48 9174.59 9152.33 9131.08 9110.55 9091.11 9070.7 9049.03 9024.52 9005.47 8984.89 8974.49 8981.63
9486.02 9474.65 9466.03 9458.83 9453.28 9449.62 9444.08 9448.79 9444.17 9431.75 9426.01 9421.6 9393.68 9362.35 9329.4 9317.4 9314.72 9317.41 9325.91 9325.84 9322.31 9323.75 9325.48 9326.71 9326.08 9321.44 9315.6 9303.77 9302.16 9305.69 9308.56 9317.87 9317.5 9308.55 9301.27 9297.88 9280.07 9262.82 9231.85 9216.08 9202.74 9191.16 9174.86 9148.44 9133.6 9126.1 9120.04 9112.91 9115.17 9129.54 9145.26 9156.07 9164.7 9175.82 9194 9179.81 9157.26 9134.69 9111.37 9089.87 9071.28 9052.93 9037.44 9026.38 9000.19 8980.07 8969.05
9477.9 9474.07 9467.28 9461.3 9454.87 9449.46 9445.22 9443.8 9443.27 9432 9423.04 9417.15 9390.91 9359.8 9334.31 9317.48 9306.56 9312.95 9323.76 9315.43 9313.94 9318.58 9322.86 9326.39 9328.57 9328.89 9321.86 9314.8 9311.23 9307.19 9306.65 9317.07 9311.55 9301.2 9293.33 9287.54 9281.21 9253.53 9236.75 9220.46 9207.06 9191.24 9178.88 9162.22 9150.7 9144.58 9136.71 9131.24 9119.86 9140.6 9157.59 9168.08 9181.03 9193.03 9193.03 9174.93 9150.88 9126.92 9105.52 9085.35 9067.57 9053.2 9040.04 9030.18 9015.87 9006 8984.12
9480.28 9473.1 9466.45 9461.7 9455.38 9451.32 9449.48 9450.46 9437.4 9419.27 9409.71 9393.84 9377.66 9355.27 9335.29 9318.14 9306.74 9300.56 9308.06 9304.53 9307.41 9316.31 9321.75 9326.66 9329.21 9329.22 9317.94 9313.21 9309.17 9304.21 9305.9 9299.98 9291.24 9287.18 9278.2 9268.07 9265.54 9254.27 9235.83 9211.79 9209.74 9197.74 9188.03 9188.29 9183.16 9168.22 9153.1 9143.85 9159.99 9157.5 9173.5 9198.36 9196.89 9189.25 9183.48 9159.15 9136.87 9115.09 9095.26 9077.03 9059.58 9046.71 9036.27 9027.93 9010.29 8987.82 8975.53
9477.08 9470.25 9465.01 9461.51 9457.84 9454.39 9450.7 9444.3 9441.7 9426.34 9413.01 9389.07 9373.44 9350.83 9326.59 9309.87 9301.21 9292.66 9294.54 9306.07 9314.37 9319.48 9324.79 9328.87 9331.85 9333.25 9334.02 9322.8 9300.44 9299.76 9297.64 9285.63 9280.05 9272.83 9264.31 9256.89 9248.29 9250.57 9238.96 9233.71 9222.56 9211.35 9208.77 9214.47 9210.54 9188.2 9168.77 9155.72 9150.2 9161.69 9174.33 9190.29 9195.95 9188.92 9170.49 9140.89 9118.64 9099.56 9082.14 9065.23 9050.01 9037.4 9029.33 9022.26 9000.93 8981.24 8961.43
