real_craters/C075-300m.grd
DSAA
190 190
-28.2975 28.2975
-28.2975 28.2975
8367.9936460604 9708.800636893
[rows 90 to 119 of 190, columns 67 to 133 of 190]
9534.54 9597.54 9620.06 9522.4 9388.75 9255.68 9115.63 8973.71 8846.4 8741.95 8652.91 8581.54 8544 8528.48 8519.42 8515.58 8509.97 8490.97 8470.96 8464.82 8490.12 8522.25 8559.13 8595.05 8630.77 8668.04 8705.63 8706.62 8691 8668.34 8634.54 8592.01 8549.05 8517.13 8509.04 8520.52 8540.76 8564.3 8589.05 8616.5 8643.25 8666.65 8690.48 8715.48 8734.39 8757.77 8792.15 8929.23 9017.89 9088.11 9176.55 9267.51 9370.64 9504.23 9611.28 9621.76 9593.9 9551.69 9500.31 9446.7 9387.92 9327.92 9267.44 9209.47 9153.78 9107.04 9073.62
9588.5 9647.64 9624.06 9467.77 9311.66 9199.23 9083.96 8967.43 8869.03 8792.71 8674.59 8570.76 8532.86 8536.18 8527.81 8515.04 8511.17 8487.59 8467.93 8473.27 8511.18 8553.66 8596.43 8640.19 8683.19 8729.01 8775.62 8771.16 8748.63 8722.05 8679.31 8627.33 8573.93 8530.72 8522.14 8531.75 8547.56 8567.78 8590.76 8614.08 8638.66 8663.1 8684.87 8710.41 8737.89 8767.87 8818.99 8937.55 9013.97 9076.65 9153.34 9225.97 9298.74 9441.57 9572.04 9598.87 9578.07 9540.23 9492.21 9438.96 9381.5 9322.44 9261.44 9204.06 9148.8 9099.51 9066.01
9618.38 9663.7 9598.85 9436.12 9275.39 9159.95 9054.09 8952.21 8861.33 8775.33 8675.39 8581.24 8536.92 8538.42 8519.25 8493.7 8475.03 8471.74 8474.59 8500.51 8540.89 8585.38 8632.03 8678.54 8725.85 8767.89 8795.16 8802.63 8792.25 8766.35 8720.77 8663.97 8605.74 8557.39 8545.67 8548.78 8559.46 8574.32 8592.43 8613.73 8635.87 8659.36 8681.25 8709.02 8739.2 8782.43 8849.03 8951.25 9018.96 9076.9 9148.32 9220.47 9289.94 9403.27 9517.52 9561.25 9556.33 9526.55 9483.63 9431.86 9376.27 9318.4 9259.98 9200.59 9146.2 9097.27 9062.83
9676.76 9692.95 9582.48 9414.1 9260.71 9135.35 9029.56 8934.71 8843.72 8757.91 8674.16 8602.04 8554.71 8516.24 8494.71 8470.74 8454.11 8451.2 8469.5 8520.42 8569.26 8614.95 8662.56 8711.84 8760 8801.87 8827.99 8838.49 8831.54 8802.61 8756.14 8699.73 8643.42 8599.88 8576.95 8570.1 8574.42 8582.96 8596.47 8614.18 8633.59 8655.25 8680.47 8708.17 8739.48 8787.2 8860.62 8932.97 9001.68 9073.23 9154.08 9240.56 9330.33 9408.98 9491.32 9533.69 9532.72 9507.24 9467.84 9420.65 9367.72 9312.06 9255.49 9200.4 9144.73 9096.7 9061.14
9682.61 9690.35 9571.17 9396.47 9230.43 9114.06 9010.6 8914.34 8823.52 8740.97 8666.01 8615.06 8581.53 8530.22 8480.37 8445.97 8429.87 8430.55 8469.31 8534.21 8591.46 8637.48 8685.34 8735.74 8787.39 8834.71 8870.79 8885.26 8872.94 8839.33 8790.12 8729 8672.98 8630.78 8604.52 8591.15 8587.97 8591.92 8601.19 8615.39 8634.69 8653.88 8677.23 8706.92 8739.08 8770.57 8821.68 8891.27 8968.81 9064.64 9161.15 9258.05 9351.54 9412.06 9479.23 9515.54 9512.83 9489.56 9453.13 9410.74 9360.64 9307.38 9252.8 9199.68 9144.38 9095.96 9059.65
9655.83 9708.8 9565.52 9382.25 9214.54 9094.81 8993.4 8898.56 8806.31 8715.5 8636.07 8594.82 8547.39 8503.34 8463.29 8432.6 8424.46 8440.27 8476.19 8544.07 8602.82 8648.33 8695.94 8746.9 8801.66 8858.29 8912.16 8937.56 8908.46 8858.71 8804.62 8742.66 8690.52 8649.54 8621.98 8605.09 8600.88 8600.37 8606.73 8618.94 8633.4 8651.65 8671.01 8698.76 8725.46 8749.49 8791.69 8872.06 8962.93 9067.05 9168.86 9263.79 9350.34 9400.23 9454.92 9489.75 9493.16 9471.89 9437.33 9396.07 9353.6 9303.31 9251.22 9199.34 9145.97 9096.37 9059.24
9627.72 9691.7 9557.15 9379.12 9214.56 9080.01 8978.94 8888.48 8799.33 8713.03 8636.3 8587.37 8542.1 8485.8 8450.08 8424.24 8427.33 8455.58 8500.56 8553.76 8601.39 8644.89 8690.82 8740.78 8796.21 8856.71 8923.81 8983.56 8910.91 8846.01 8787.49 8734.33 8690.64 8656.28 8629.08 8612.19 8604.55 8605.24 8609.63 8620.52 8632.85 8645.14 8663.71 8686.67 8711.67 8744.33 8799.88 8885.09 8984.61 9084.89 9181.45 9265.7 9332.73 9369.85 9437.86 9482.25 9480.08 9458.36 9426.55 9388.9 9346.52 9299.01 9249.43 9198.15 9149.9 9101.39 9066.06
9638.11 9641.66 9537.08 9381.9 9211.51 9074.59 8974.01 8887.32 8806.66 8728.47 8661.43 8597.93 8546.24 8495.19 8445.83 8418.18 8427.28 8460.07 8508.36 8553.28 8591.6 8628.08 8669.25 8715.57 8766.65 8819.97 8868.78 8886.01 8855.64 8801.62 8740.76 8707.54 8681.15 8651.07 8624.11 8608.47 8603.27 8603.06 8612.77 8624.08 8633.01 8641.2 8659.38 8679.01 8704.08 8745.73 8814.5 8910.39 9014.8 9113.82 9200.81 9271.34 9329.39 9374.26 9427.77 9472.33 9462.28 9441.71 9413.99 9380.95 9339.33 9294.24 9246.91 9197.98 9152.31 9107.03 9074.12
9597.34 9581.8 9511.15 9389.45 9218.51 9075.51 8976.54 8894.45 8819.22 8748.81 8680.77 8612.62 8551.28 8503.19 8442.77 8409.09 8428.52 8458.93 8490.84 8527.17 8564.65 8594.75 8631.56 8673.12 8718.26 8761.69 8794.11 8797.68 8785.63 8746.32 8699.2 8668.08 8647.99 8627.54 8607.11 8596.84 8594.89 8598.82 8609.93 8622.8 8626.54 8643.57 8659.4 8678.79 8703.06 8751.36 8830.97 8931.61 9051.99 9154.91 9224.23 9278.27 9324.83 9359.03 9397.61 9423.02 9431.07 9423.19 9401.86 9371.85 9334.03 9290.81 9245.18 9197.24 9153.15 9109.21 9075.55
9523.38 9530.84 9490.47 9390.31 9225.86 9078.66 8985.26 8909.16 8840.2 8772.08 8702.28 8637.57 8568.18 8502.5 8443.54 8412.11 8435.36 8454.22 8462.1 8479.15 8516.1 8545.65 8579.3 8617.28 8657.9 8694.28 8723.24 8742.78 8724.76 8687.98 8650.95 8620.17 8591.78 8583.94 8581.3 8579.42 8583.11 8591.19 8605.8 8611.99 8626.54 8644.92 8664.21 8686.17 8714.52 8768.51 8850.33 8950.53 9107.24 9195.4 9243.52 9283.49 9317.08 9344.83 9377.7 9391.42 9409.95 9412.88 9395.4 9365.23 9326.79 9284.23 9239.66 9192.11 9150.9 9110.21 9073.88
9498.71 9520.5 9488.49 9394.76 9237.43 9089.23 9003.93 8934.86 8871.98 8809.3 8745.58 8688.94 8630.83 8520.92 8460.35 8437.7 8458.53 8459.35 8440.47 8429.04 8457.38 8485.73 8520.15 8556.62 8592.19 8622.77 8646.74 8659.77 8648.62 8621.05 8597.28 8572.43 8551.74 8549.36 8553.77 8561.79 8571.28 8585.83 8594.95 8614.55 8629.01 8648.96 8674.42 8702.03 8743.62 8806.13 8859.2 8941.06 9097.51 9201.14 9250.02 9287.04 9318.97 9350.25 9381.05 9395.73 9414.92 9415.6 9392.73 9358.88 9319.81 9277.17 9233.39 9186.08 9144.33 9105.91 9073.05
9488.18 9496.89 9484.32 9401.88 9259.46 9120.72 9037.62 8969.44 8909.87 8855.51 8810.18 8759.88 8689.94 8559.95 8494.98 8479.29 8513.47 8480.56 8435.47 8401.86 8403.89 8426.95 8462.57 8497.76 8528.76 8552.74 8569.01 8574.44 8564.93 8545.07 8526.28 8512.4 8509.96 8516.23 8526.65 8543.28 8559.68 8577.45 8592.99 8611.98 8630.24 8650.92 8678 8715.02 8764.25 8820.95 8841.15 8893.28 9052.89 9178.52 9245.13 9289.66 9323.06 9353.05 9391.38 9441.66 9458.01 9433.54 9396.55 9356.05 9315.46 9272.36 9229.04 9181.21 9139.75 9100.85 9063.72
9462.74 9479.1 9478.94 9395.87 9267.52 9162.38 9073.79 9004.3 8945.15 8893.6 8853.91 8811.32 8751.32 8626.04 8543.13 8515.95 8533.73 8495.21 8439.94 8389.4 8371.75 8383.86 8416.79 8448.56 8475.03 8493.98 8501.03 8494.08 8479.66 8473.69 8459.15 8450.81 8464.06 8483.32 8503.25 8524.81 8547.56 8570.69 8589.34 8613.06 8635.95 8657.88 8682.36 8717 8755.53 8785.19 8812.63 8872.52 9018.89 9153.1 9243.75 9300.45 9331.98 9349.71 9401.99 9485.53 9494.48 9446.13 9399.21 9352.6 9308.93 9265.62 9219.76 9177.36 9136.87 9098.25 9060.87
9422.38 9477 9505.44 9397.87 9269.34 9165.79 9098.64 9033.01 8971.69 8917.82 8869.02 8826.22 8806.76 8740.7 8613.8 8561.32 8552.58 8507.33 8452.61 8404.53 8370.13 8367.99 8390.97 8415.96 8437.42 8451.14 8453.76 8444.36 8430.07 8426.9 8416.59 8407.41 8430.42 8459.4 8484.41 8512.84 8540.48 8567.43 8592.71 8619.07 8645.14 8668.49 8693.41 8720.05 8745.32 8769.12 8807.55 8885.13 9028.72 9164.2 9264.48 9325.45 9361.22 9380.47 9437.54 9483.08 9471.84 9432.36 9386.98 9341.13 9299.28 9257.55 9213.85 9173.63 9135.24 9099.15 9067.43
9379.36 9440.83 9504.43 9408.5 9284.65 9198.58 9133.01 9057.3 8994.47 8935.76 8882.03 8836.95 8821.92 8795.53 8683.04 8612.5 8575 8525.01 8473.41 8420.79 8387.68 8375.68 8383.7 8399.79 8417.83 8428.33 8430.15 8422.53 8411.04 8408.78 8406.95 8411.75 8420.04 8445.42 8474.35 8505.41 8537.45 8570.32 8597.44 8627.26 8649.28 8676.23 8702.28 8726.17 8751.17 8782.62 8830.96 8923.65 9078.82 9223.61 9310.68 9365.17 9408.88 9450.08 9506.63 9487.9 9443.09 9406.1 9365.87 9325.21 9287.03 9248.38 9208.34 9171.52 9135.39 9101.73 9070.52
9368 9418.28 9486.3 9415.96 9302.71 9216.78 9146.28 9075.31 9015.76 8958.16 8904.86 8866.17 8856.86 8850.34 8760.5 8660.73 8593.11 8549.11 8507.64 8467.26 8425.83 8393.98 8390.03 8401.42 8415.37 8424.22 8427.3 8421.79 8411.45 8410.48 8407.91 8410.53 8417.59 8438.18 8468.66 8500.66 8538.12 8574.94 8606.65 8641.55 8667.17 8694.47 8719.01 8738.9 8766.58 8817.96 8876.1 8973.15 9135.7 9294.09 9353.66 9397.44 9446.28 9504.18 9551.08 9489.86 9419.49 9378.47 9343.56 9307.44 9272.54 9236.17 9202.23 9169.5 9137.69 9106.86 9075.47
9358.15 9386.9 9452.72 9424.73 9345.23 9235.86 9150.23 9095.48 9045.82 8989.69 8937.42 8901.96 8901.63 8906.72 8833.27 8708.95 8623.87 8582.64 8552.69 8521.89 8472.28 8413.25 8406.51 8418.16 8429.32 8435.5 8438.43 8437.24 8436.12 8426.35 8409.59 8397.61 8407.96 8434.26 8468.72 8507.45 8548.75 8588.17 8623.09 8658.18 8692.32 8719.65 8744.88 8766.65 8795.09 8866.09 8935.75 9027.65 9168.27 9299.33 9358.6 9403.1 9449.48 9494.59 9505.73 9458.4 9389.56 9352.04 9320.69 9289.3 9259.26 9227.79 9198.82 9170.72 9143.6 9117.82 9092.6
9342.46 9351.12 9398.76 9421.84 9405.78 9282.82 9169.62 9134.85 9090.81 9034.46 8974.38 8927.16 8932.42 8960.75 8891.81 8743.05 8655.2 8621.81 8603.35 8587.77 8542.45 8453.87 8444.86 8454.75 8459.8 8461.05 8457.9 8456.94 8465.77 8441.12 8409.05 8392.21 8402.44 8433.55 8472.92 8516.79 8562.34 8606.06 8648.02 8687.69 8725.02 8755.33 8786.17 8813.18 8850.49 8924.66 9014.64 9099.17 9189.73 9267.52 9330.18 9386.87 9430.59 9459.45 9464.35 9429.76 9372.71 9330.05 9299.44 9272.28 9245.25 9219.06 9194.43 9171.02 9148.78 9129.61 9113.17
9338.27 9341.21 9358 9396.23 9421.61 9344.27 9247.69 9212.16 9158.68 9091.14 9022.58 8959.9 8957.66 8991.38 8935.37 8768.28 8688.94 8663.34 8653.12 8651.17 8634.7 8549.58 8520.54 8511.79 8504.87 8492.63 8478.33 8462.54 8445.76 8422.43 8401.69 8388.04 8400.64 8437.72 8483.87 8532.32 8580.94 8633.5 8678.37 8723.15 8766.33 8807.29 8838.6 8872.19 8912.75 8989.68 9101.44 9173.12 9219.39 9249.3 9307.5 9367.43 9406.72 9426.92 9424.6 9393.81 9341.59 9301.96 9274.93 9251.59 9229.17 9208.22 9187.64 9168.64 9151.7 9137.4 9128.75
9329.25 9333.25 9342.99 9369.78 9390.64 9383.63 9370.58 9317.38 9240.26 9157.5 9079.77 9014.05 8986.6 9007.11 8960.66 8807.2 8733.5 8704.8 8692.67 8687.79 8677.1 8637.87 8606.42 8580.43 8555.41 8528.76 8501.5 8468.77 8426.39 8399.4 8400.93 8397.34 8408.94 8445.56 8497.85 8548.9 8600.91 8655.79 8708.08 8760.54 8809.8 8860.27 8903.75 8946.98 8989.32 9071.51 9176.41 9232.11 9263.09 9288.48 9322.07 9361.31 9386.47 9395.6 9389.62 9356.91 9306.65 9272.73 9251.08 9231.53 9214.14 9197 9179.26 9164.24 9150.99 9140.74 9135.72
9319.97 9324.64 9334.05 9353.05 9372.19 9398.47 9448.73 9407.35 9311.83 9219.46 9135.94 9063.92 9017.23 9019.95 8991.56 8863.69 8782.01 8743.75 8724.94 8712.62 8694.46 8704.94 8689.03 8646.86 8607.18 8571.45 8533.54 8493.8 8450.13 8423.83 8430.93 8419.8 8418.64 8472.51 8524.7 8580.67 8635.73 8695.69 8752.44 8807.81 8866.08 8921.63 8977.79 9039.64 9100.55 9160.62 9240.22 9279.09 9312.8 9333.09 9351.76 9371.55 9371.89 9364.21 9346.85 9314.03 9277.24 9249.89 9232.03 9217.06 9201.3 9186.71 9172.82 9159.13 9148.22 9139.25 9134.09
9315.79 9319.26 9324.84 9340.28 9368.74 9396.96 9427.48 9437.14 9357.23 9270.94 9181.44 9098.75 9039.16 9039.64 9004.85 8881.5 8810.9 8772.79 8752.48 8742.07 8738.74 8756.36 8743.65 8697.05 8652.02 8612.4 8572.64 8534.87 8504.11 8492.38 8490.45 8491.95 8496.85 8523.06 8568.44 8621.26 8677.98 8739.91 8800.92 8863.19 8923.85 8986.58 9050.8 9123.78 9194.39 9227.55 9257.15 9324.24 9366.97 9400.64 9419.78 9389.04 9360.18 9333.47 9300.33 9272.92 9250.77 9230.69 9218.08 9204.8 9192.98 9180.29 9167.89 9157.15 9145.99 9135.79 9126.56
9304.89 9304.51 9316.31 9327.77 9351.94 9375.13 9403.71 9421.98 9379.84 9315.13 9225.14 9122.32 9059.75 9052.24 8952.36 8861.26 8823.65 8796.04 8776.84 8767.73 8773.24 8775.2 8761.76 8728.76 8688.86 8650.68 8612.08 8576.9 8550.53 8542.64 8530.58 8539.93 8562.1 8573.11 8610.42 8664.39 8723.48 8789.13 8852.52 8917.41 8984.38 9051.96 9119.67 9188.3 9256.13 9318.05 9361.18 9398.14 9412.5 9425.46 9433.97 9378.56 9341.85 9308.11 9276.48 9252.81 9236.82 9221.57 9211.06 9198.12 9187.77 9175.92 9164.29 9153.94 9142.18 9130.19 9116.19
9302.11 9299.09 9297.15 9317.81 9336.64 9356.32 9380.95 9401.25 9395.73 9366.61 9307.1 9207.62 9099.95 9050.58 8937.45 8869.75 8847.88 8822.75 8798.69 8779.21 8770.96 8770.64 8771.52 8751.46 8720.02 8684.83 8648.97 8614.24 8580.59 8546.22 8543.66 8552.09 8572.76 8601.76 8649.7 8708.59 8773.48 8839.87 8906.38 8974.3 9044.69 9113.76 9185.64 9258.3 9331.95 9420.29 9483.88 9475.78 9435.17 9399.45 9352.39 9336.35 9311.73 9286.42 9262.33 9246.22 9236.58 9225.64 9208.65 9192.45 9181.59 9170.96 9160.34 9149.4 9138.08 9125.15 9109.46
9304.78 9302.09 9299.32 9318.03 9330.13 9346.26 9384.71 9405.6 9416.02 9424.27 9416.97 9327.8 9179.18 9092.7 8998.74 8942.04 8904.57 8869.56 8830.89 8792.08 8750.85 8746 8786.07 8772.09 8745.59 8715.92 8687.84 8655.92 8619.86 8584.35 8569.98 8568.49 8575.17 8623.61 8692.26 8762.96 8832.47 8900.86 8969.62 9036.41 9105.18 9174.91 9245.37 9322.62 9407.4 9479.86 9513.57 9488.05 9424.52 9368.41 9324.55 9297.53 9280.97 9266.17 9252.65 9245.38 9234.93 9223.21 9202.88 9186.25 9176.59 9165.93 9158.09 9148.24 9137.36 9124.59 9109.83
9306.59 9311.51 9306.36 9317.98 9321.13 9328.24 9359.27 9381.93 9423.25 9458.96 9498.4 9430.08 9298.73 9213.81 9131.35 9045.58 8989.79 8940.68 8884.8 8828.24 8774.89 8759.09 8790.04 8785.54 8769.51 8750.76 8730.79 8707.97 8678.7 8639.81 8607.78 8611.82 8614.37 8669.94 8750.25 8825.22 8896.07 8965.01 9032.44 9097.4 9161.31 9227.7 9289.96 9346.76 9430.64 9516.07 9522.38 9447.87 9380.29 9326.83 9279.68 9261.93 9253.76 9246.26 9239.92 9234.62 9220.94 9203.94 9188.73 9177.84 9171.92 9166.43 9158.78 9150.77 9141.77 9130.89 9118.95
9302.99 9295.86 9293.42 9297.76 9301.06 9308.71 9328.62 9388.19 9410.96 9446.7 9477.86 9469.05 9419.39 9365.77 9263.07 9160.32 9096.99 9030.87 8956.31 8885.16 8821.28 8782.14 8789.1 8797.83 8801.01 8797.53 8785.74 8772.48 8759.33 8752.73 8728.74 8717.96 8730.11 8770.21 8832.02 8901.04 8967.25 9030.35 9090.33 9151.3 9209.44 9269.32 9330.84 9386.37 9459.48 9519.63 9489.19 9384.99 9321.12 9283.99 9254.75 9239.3 9231.6 9227.55 9223.94 9217.16 9202.81 9182.73 9171.25 9167.4 9166 9161.24 9155.92 9150.08 9142.81 9134.88 9127.44
9302.08 9292.41 9284.36 9279.06 9280.55 9288.35 9300.49 9338.12 9376.27 9405.47 9429.45 9479 9528.18 9518.85 9420.27 9302.59 9222.91 9137.93 9048.46 8961.57 8881.13 8820.1 8815.67 8828.03 8846.14 8854.14 8851.73 8842.21 8838.35 8851.64 8867.78 8837.83 8838.94 8868.27 8929.08 8990.48 9048.13 9099.03 9147.62 9198.19 9249.39 9303.12 9366.27 9431.99 9471.17 9506.69 9422.51 9314.46 9269.43 9245.02 9228.41 9217.05 9211.86 9212.14 9211.27 9206.91 9194.57 9172.41 9162.61 9161.96 9162.49 9160.01 9156.93 9152.16 9147.91 9142.83 9137.49
9308.81 9301.45 9292.91 9280.76 9272.8 9277.61 9287.75 9314.01 9340.83 9360.54 9392.3 9459.82 9552.96 9592.3 9559.5 9460.7 9350.75 9243.9 9143.3 9049.9 8962.84 8887.69 8869.41 8886.65 8918.01 8930.19 8929.25 8918.28 8907.42 8902.01 8911.65 8935.17 8952.8 8983.57 9039.63 9087.55 9128.73 9168.46 9206.03 9243.19 9284.76 9323.56 9372.72 9415.99 9427.77 9396.53 9352.7 9278.27 9237 9214.96 9197.21 9188.5 9199.93 9203 9203.49 9202.23 9200.97 9181.17 9169.05 9164.58 9164.69 9161.92 9159.02 9155.46 9153.12 9149.55 9145.67
9319.99 9315.85 9306.5 9291.83 9280.32 9278.76 9283.74 9300.24 9311.02 9314.57 9333.81 9398.9 9466.87 9521.2 9549.57 9560.15 9444.43 9332.48 9234.95 9148.25 9070.04 9005.3 8983.58 8998.05 9024.25 9028.9 9022.25 9006.36 8985.58 8962.27 8981.2 9048.81 9094.56 9132.22 9168.97 9194.32 9215.31 9235.49 9256.67 9280.08 9304.54 9328.39 9353.73 9376.86 9381.08 9365.74 9311.23 9251.57 9208.83 9197.71 9195.62 9199.79 9201.34 9202.88 9201.53 9197.1 9196.42 9187.79 9177.94 9170.56 9168.54 9165.3 9162.89 9160.52 9158.16 9155.4 9152.92
