real_craters/C076-500m.grd
DSAA
115 115
-28.4025 28.4025
-28.4025 28.4025
3761.1397192223 4591.7548768352
[rows 60 to 89 of 115, columns 0 to 66 of 115]
4093.33 4081.54 4072.2 4067.37 4063.61 4067.5 4073.81 4079.79 4084.69 4090.69 4103.38 4102.18 4104.89 4110.62 4118.06 4130.89 4171.22 4188.31 4195.28 4190.94 4181.87 4172.91 4164.06 4155.3 4150.01 4147.97 4153.11 4160.67 4157.85 4148.47 4153.3 4159.2 4159.58 4163.59 4178.46 4198.61 4227.02 4263.53 4325.78 4359.34 4364.46 4326.44 4231.86 4124.3 4077.42 4038.7 4009.47 3991.28 3979.81 3966.37 3951.02 3935.49 3919.7 3907.15 3900.38 3894.71 3880.65 3873.12 3872.25 3877.83 3890.07 3901.69 3901.36 3889.1 3902.63 3922.7 3943.68
4088.12 4078.65 4068.89 4064.78 4062.62 4065.94 4072.93 4078.88 4082.47 4088.33 4098.38 4098.11 4101.96 4106.19 4111.72 4126.38 4163.17 4187.65 4194.85 4187.81 4178.56 4170.02 4162.21 4155.29 4153.84 4150.36 4148.99 4158.96 4152.12 4147.79 4154.41 4163.59 4168.31 4162.67 4171.34 4187.64 4210.39 4247.89 4313.98 4342.57 4369.25 4368.3 4295.41 4171 4088.67 4052.01 4018.18 3999.06 3991.27 3972.74 3955.42 3941.66 3929.39 3919.58 3912.98 3905.68 3900 3898.38 3901.53 3907.58 3919.06 3931.45 3938.32 3916.01 3923.52 3940.21 3959.51
4088.12 4075.49 4069.66 4066.4 4064.32 4069.41 4077.69 4083.71 4087.39 4089.08 4090.77 4095.95 4101.57 4107.5 4116.61 4128.81 4157.66 4180.28 4186.53 4181.43 4173.25 4166.74 4158.5 4151.33 4153.19 4154.6 4148.17 4146.69 4146.39 4144.19 4149.9 4159.44 4161.77 4157.99 4164.08 4177.43 4195.85 4227.66 4273.82 4318.02 4379 4424.28 4389.52 4227.64 4134.23 4074.42 4028.91 4005.08 3978.9 3962.77 3957.44 3949.79 3941.96 3934.5 3928.42 3924.38 3922.15 3921.39 3924.5 3931.95 3942.99 3954.75 3959.35 3946.6 3948.11 3960.5 3981.73
4087.02 4077.39 4070.7 4072.28 4075.52 4081.21 4087.53 4092.87 4096.17 4096.08 4097.67 4100.42 4104.69 4110.21 4119.44 4132.69 4152.79 4166.5 4170.45 4171.73 4169.51 4164.62 4159.47 4157.46 4154.74 4156.99 4153.12 4149.51 4149.59 4145.24 4148.74 4153.52 4157.57 4152.16 4158.06 4169.42 4185.44 4209.31 4242.73 4296.85 4374.76 4446.79 4462.17 4309.97 4183.56 4102.48 4046.45 4011.75 3980.34 3966.13 3963.52 3961.22 3956.12 3950.34 3943.96 3940.54 3940.16 3940.32 3944.23 3949.6 3962.24 3974.2 3975.88 3960.6 3965.89 3981.81 4006.28
4083.61 4077.53 4075.97 4082.19 4090.03 4095.21 4098.68 4103.1 4108 4105.63 4106.6 4107.23 4107.66 4111 4118.21 4130.41 4145.93 4153.44 4158.72 4162.18 4163.95 4163.29 4159.83 4156.78 4159.39 4160.36 4157.38 4145.09 4142.35 4146.16 4159.18 4164.11 4158.83 4149.66 4155.37 4165.31 4174.23 4192.83 4218.53 4275.94 4348.61 4416.85 4450.14 4394.25 4246.67 4154.4 4087.28 4031.47 4005.26 3983.64 3977.75 3978.59 3979.61 3968.71 3959.43 3953.63 3952.84 3954.31 3956.79 3963.37 3976.64 3990.85 3996.38 3980.54 3985.53 4011.94 4042
4075.45 4076.34 4081.83 4089.97 4099.7 4104.25 4106.77 4109.29 4112.15 4110.52 4112.56 4110.79 4108.09 4107.69 4110.38 4118.23 4132.99 4143.03 4147.26 4152.93 4157.34 4159.03 4159.56 4161.79 4162.84 4165.97 4160.78 4142.8 4139.56 4142.67 4154.99 4168.85 4162.04 4147.98 4152.84 4164.7 4168.93 4182.16 4205.23 4251.19 4307.78 4359.6 4396.09 4437 4340.38 4244.37 4164.25 4083.5 4040.22 4006.44 4005.89 4001.68 3997.55 3985.02 3974.97 3968.73 3965.11 3968.17 3971.28 3976.46 3985.33 3999.44 4007.05 3993.99 4004.15 4046.9 4089.94
4073.24 4076.37 4083.77 4089.55 4100.85 4109.15 4109.4 4110.53 4112.17 4111.34 4113.78 4110.23 4105.52 4101.62 4097.96 4100.06 4111.36 4128.86 4134.24 4144.13 4151.66 4155.2 4159.67 4158.47 4163.58 4163.55 4152 4140.62 4136.44 4141.96 4158.57 4162.44 4155.51 4145.25 4149.29 4157.96 4162.47 4175.77 4196.57 4231.63 4271.1 4307.28 4338.36 4404.39 4431.4 4366.52 4257.58 4161.49 4124.56 4089.49 4063.22 4034.96 4012.75 4004.05 3994.16 3985.91 3982.44 3987.8 3989.84 3987.87 3992.4 3998.33 4002.05 4002.87 4029.01 4094.23 4153.06
4066.49 4066.97 4067.9 4084.82 4097.07 4103.8 4105.06 4106.78 4109.91 4111.08 4112.3 4106.98 4101.2 4096.21 4092.98 4091.83 4096.14 4108.27 4122.96 4138.76 4152.4 4163.34 4163.37 4163.35 4166.54 4157.82 4150.04 4136.7 4131.81 4136.88 4147.68 4148.87 4147.85 4143.21 4146.03 4156.71 4158.7 4170.98 4187.99 4215.71 4240.61 4264.97 4289.72 4340.51 4404.69 4418.52 4373.81 4290.25 4252.9 4202.02 4153.81 4096.22 4054.86 4043.99 4025.19 4007.96 3997.09 4010.86 4006.57 3997.9 4015.53 4027.98 4045.36 4066.56 4098.87 4168.66 4227.73
4066.25 4065.8 4074.53 4085.91 4090.93 4093.22 4095.09 4097.71 4101.18 4104.34 4103.97 4100.16 4096.5 4092.05 4087.89 4088.89 4092.73 4099.78 4118.39 4136.08 4152.33 4165.29 4164.66 4160.52 4159.26 4154.09 4145.36 4131.31 4124.58 4131.45 4132.71 4136.84 4136.21 4133.16 4139.44 4153.56 4158.56 4167.36 4179.79 4197.84 4217.79 4237.15 4257.93 4291.21 4346.04 4409.55 4475.94 4454.51 4412.3 4340.59 4284.85 4206.28 4150.59 4119.22 4074.94 4031.35 4024.69 4029.06 4033.5 4040.56 4075.02 4106.51 4150.36 4198.25 4227.61 4273.69 4306.27
4071.4 4073.74 4075.91 4078.74 4081.93 4082.61 4084.43 4087.16 4088.64 4091.73 4091.93 4092.15 4092.92 4092.59 4092.16 4091.7 4091.34 4096.35 4116.16 4136.02 4151.38 4161.04 4164.24 4162.12 4153.09 4146.56 4136.92 4124.54 4116.66 4118.44 4122.77 4127.14 4127.86 4127.72 4132.51 4141.99 4158.48 4164.76 4174.86 4187.66 4202.16 4217.06 4234.91 4262.68 4311.45 4386.25 4482.88 4563.44 4523.48 4490.64 4443.39 4367.28 4296.64 4230.07 4158.94 4091.46 4067.3 4073.19 4101.46 4124.99 4179.53 4224.77 4291.82 4366.1 4392.55 4390.45 4367.24
4072.16 4071.36 4073.3 4073.62 4076.3 4077.29 4079.56 4083.3 4084.65 4084.57 4085.7 4088.85 4092.33 4094.77 4095.67 4096.86 4095.13 4100.15 4121.48 4140.8 4154.48 4162.65 4166 4163.48 4150.95 4141.33 4128.73 4117.4 4110 4112.19 4116.16 4118.44 4123.29 4125.95 4132.26 4141.49 4154.48 4162.28 4173.72 4188.45 4190.73 4200.29 4214.59 4235.77 4278.35 4342.84 4422.1 4469.45 4489.71 4508.32 4514.1 4530.98 4439.36 4345.27 4279.47 4219.21 4190.31 4197.64 4227.86 4255.45 4331.91 4384.28 4441.45 4513.33 4591.75 4478.74 4397.72
4070.72 4071.9 4071.7 4073.69 4075.85 4078.4 4082.03 4085.69 4086.84 4085.5 4087.7 4090.39 4095.33 4098.99 4100.04 4100.08 4101.26 4113.85 4137.79 4149.52 4159.06 4166.5 4168.64 4164.24 4153.96 4136.11 4122.16 4112.69 4108.56 4109.94 4111.83 4115.36 4124.23 4128.01 4136.5 4152.17 4157.48 4165.06 4172.61 4179.3 4178.48 4182.5 4191.01 4206.62 4239.37 4286.04 4343.29 4375.36 4399.35 4424.58 4456.11 4506 4467.65 4413.4 4390.41 4385.84 4356.72 4374.65 4379.83 4436.63 4501.92 4556.67 4535.7 4548.61 4542.9 4454.04 4371.77
4070.28 4071.93 4072.21 4074.36 4077.48 4082.04 4088.35 4094.76 4099.27 4098.29 4100 4100.77 4102.14 4103.44 4103.84 4104.19 4107.06 4121.97 4148.15 4154.46 4160.64 4166.33 4166.65 4159.32 4142.59 4126.78 4115.18 4112.08 4107.44 4110.04 4114.91 4114.61 4122.5 4127.89 4135.98 4152.02 4155.69 4158.78 4163.13 4165.7 4162.99 4163.12 4166.46 4180.6 4202.63 4237.5 4276.11 4301.28 4320.81 4346.49 4375.34 4412.09 4425.35 4417.25 4409.48 4410.01 4425.45 4451.67 4448.31 4497.19 4527.62 4542.77 4517.97 4504.54 4472.05 4390.38 4328.63
4074.39 4074.12 4074.51 4075.07 4081.33 4086.29 4093.12 4107.2 4120.31 4125.12 4119.11 4114.64 4111.11 4107.93 4108.76 4111.21 4116.9 4122.57 4145.7 4151.18 4155.97 4160.34 4158.44 4142.75 4130.96 4116.22 4106.07 4104.35 4100.95 4105.93 4120.13 4122.34 4121.18 4124.69 4132.11 4141.37 4146.64 4149.17 4149.31 4146.89 4146.55 4144.22 4144.52 4152.59 4169.63 4196.99 4222.42 4244.01 4257.92 4285.13 4310.35 4343.85 4370.66 4387.51 4400.77 4402.53 4393.33 4390.11 4409.89 4420.81 4423.28 4420.17 4430.76 4423.19 4386.17 4317.12 4272.09
4078.72 4079.02 4080.82 4082.45 4088.6 4092.28 4100.38 4125.7 4132.27 4137.56 4134.51 4128.41 4121.45 4114.15 4115.17 4117.97 4122.55 4128.12 4132.05 4141.4 4147.36 4148.28 4141.87 4129.3 4117.79 4108.69 4100.83 4098.29 4097.01 4099.49 4104.1 4118.18 4121.56 4124.76 4127.54 4132.91 4136.53 4136.96 4136.83 4134.22 4128.19 4125.19 4125.8 4130.83 4141.74 4160.1 4184.21 4209.18 4222.83 4242.65 4263.87 4290.57 4316.81 4338.34 4365.15 4368.21 4356.88 4341.16 4352.03 4352.95 4344.66 4337.54 4343.99 4338.76 4307.33 4256.92 4224.95
4077.88 4082.77 4090.9 4091.08 4091.83 4097.71 4108.27 4129.25 4144.67 4147.7 4144.22 4140.65 4132.54 4124.49 4122.94 4123.96 4120.93 4123.7 4125.04 4136.26 4140.67 4137.77 4130.74 4122.37 4114.07 4104.47 4098.8 4096.17 4095.98 4098.62 4105.01 4112.76 4117.78 4122.74 4122.8 4126.39 4128.7 4127.86 4125.77 4122.56 4112.75 4106.72 4105.76 4111.22 4117.78 4127.85 4156.36 4183.86 4201.16 4211.93 4225.8 4247.39 4266.53 4280.69 4289.87 4309.91 4328.55 4322.73 4308.94 4297.05 4284.3 4278.41 4281.38 4274.17 4251.23 4216.43 4191.75
4070.02 4078.1 4088.2 4090.56 4094.28 4100.18 4112.16 4128.53 4140.75 4148.7 4146.11 4142.49 4137.09 4132.36 4127.89 4129.17 4131.46 4122.08 4133.69 4141.24 4139.46 4132.19 4120.53 4113.38 4107.55 4102.55 4101.17 4098.92 4097.84 4098 4103.67 4107.87 4117.07 4119.88 4122.64 4125.39 4125.04 4121.48 4115.19 4108.03 4099.12 4094.16 4093.26 4096.95 4103.08 4111.21 4131.45 4156.44 4175.45 4184.89 4195.75 4213.6 4226.42 4232.5 4234.27 4252.7 4261.97 4270.71 4260.49 4249.81 4243.89 4239.09 4238.43 4230.91 4213.54 4188.86 4168.82
4061.81 4067.62 4074.13 4080.35 4087.28 4097.07 4108.58 4121.36 4132.3 4141.42 4141.33 4138.09 4130.88 4125.31 4126.37 4127.84 4127.44 4121.19 4133.75 4147 4142.29 4132.78 4120.35 4110.44 4111.25 4107.76 4106.57 4105.13 4103.6 4103.84 4106.9 4109.48 4117.35 4119.33 4122.38 4124.38 4122.97 4116.78 4105.42 4093.1 4083.15 4087.59 4087.8 4088.63 4095.09 4105.87 4117.84 4134.27 4147.6 4160.27 4173.48 4185.82 4197.35 4203.44 4206.75 4217.06 4218.4 4216.03 4212.87 4209.73 4206.58 4214.47 4211.84 4203.04 4188.23 4167.66 4153.02
4051.22 4059.82 4069.07 4074.39 4081.84 4093.51 4104.86 4114.66 4124.87 4132.92 4134.2 4130.45 4121.5 4119.65 4124.77 4126.71 4123.5 4121.19 4134.64 4150.93 4145.92 4135.98 4124.38 4113.25 4109.78 4107.58 4109.05 4111.43 4111.39 4110.15 4115.62 4116.76 4117.53 4115.06 4115.73 4120.88 4115.49 4107.95 4097.6 4085.39 4076.16 4083.89 4086.62 4087.35 4093.11 4105.65 4108.8 4120.22 4131.72 4143.7 4154.26 4167.31 4180.22 4186.22 4190.88 4198.35 4206.03 4193.84 4186.84 4183.17 4180.93 4195.56 4194.31 4186.01 4174.62 4162.6 4147.14
4050.99 4056.1 4067.51 4077.93 4084.81 4092.77 4100.88 4109.7 4117.03 4125.74 4129.18 4128.67 4124.31 4121.39 4128.38 4133.35 4127.87 4123.83 4139.94 4152.17 4149.28 4139.33 4126.75 4120.29 4113.43 4114.4 4118.7 4119.06 4121.01 4124.54 4128.67 4129.19 4125.39 4114.81 4120.32 4121.03 4110.84 4102.65 4094.51 4084.6 4077.38 4086.66 4085.61 4088.9 4093.3 4093.58 4099.09 4109.94 4121.19 4134.91 4151.25 4166.53 4176.03 4178.45 4179.75 4181.58 4179.52 4178.2 4172.88 4171.59 4172.45 4186.63 4180.76 4174.11 4164.14 4153.69 4144.75
4051.56 4052.06 4060.42 4078.36 4083.19 4087.45 4094.73 4104.45 4113.71 4122.81 4127.81 4128.88 4126.33 4128.73 4135.63 4140.26 4131.87 4125.92 4144.59 4156.05 4153.77 4143.91 4130.88 4122.69 4120.55 4121.61 4121.41 4125.73 4130.23 4133.78 4134.52 4135.68 4122.35 4119.61 4121.13 4121.17 4111.64 4104.73 4097.7 4090.15 4084.77 4086.21 4088.76 4090.43 4093.15 4093.51 4096.34 4104.26 4116.33 4132.23 4156.33 4175.93 4180.78 4180.7 4179.49 4178.11 4175.68 4175.64 4177.64 4170.63 4168.41 4168.74 4168.7 4165.16 4159.08 4150.68 4145.38
4052.77 4051.38 4053.31 4060.09 4072.78 4079.49 4089.97 4100.37 4115.67 4124.08 4128.63 4131.37 4134.1 4136.36 4142.31 4148.55 4137.71 4128.69 4144.17 4161.4 4159.63 4150.91 4141.99 4137.56 4132.3 4129.52 4131.03 4134.06 4140.72 4143.77 4142.34 4136.42 4128.22 4124.25 4123.55 4119.76 4113.15 4110.37 4106.18 4100.53 4095.69 4099.58 4097.97 4093.19 4089.31 4095.38 4100.83 4106.09 4117.99 4134.43 4157.27 4178.83 4187.08 4188.44 4186.14 4180.83 4176.75 4174.77 4171.06 4171.98 4171 4160.77 4160.31 4160.45 4159.65 4158.63 4154.55
4054.79 4054.77 4057.58 4060.89 4069.88 4076.93 4088.71 4104.85 4119.06 4126.66 4131.41 4135.2 4136.95 4140.1 4143.73 4147.54 4138.88 4132.35 4140.45 4160.88 4162.63 4157.19 4152.54 4147.98 4142.28 4136.97 4138.11 4144.7 4150.77 4157.05 4154.68 4139.67 4132.42 4130.4 4130.96 4129.36 4124.64 4122.44 4118.1 4113.49 4107.88 4100.29 4100.16 4096.93 4093.65 4094.97 4102.37 4111.6 4122.58 4132.58 4152.81 4174.1 4187.8 4197.42 4194.06 4188.94 4182.19 4176.51 4174.42 4175.83 4177.1 4157.59 4157.14 4158.82 4161.12 4163.09 4161.53
4065.23 4063.32 4062.37 4062.27 4067.55 4072.56 4095.12 4110.79 4121.68 4128.45 4134.02 4139.16 4143.11 4143.08 4140.96 4136.45 4136.91 4135.9 4140.79 4156.74 4159.42 4157.02 4154.32 4149.63 4138.66 4128.03 4126.25 4141.99 4152.2 4159.55 4152.55 4145.3 4146.2 4141.72 4144.93 4149.49 4145.97 4138.36 4131.46 4125.85 4121.32 4110.18 4105.63 4102.88 4099.64 4099.1 4109.54 4121.32 4130.55 4140.46 4153.9 4167.24 4180.52 4193.03 4191.95 4191.89 4184.95 4177.32 4171.09 4176.38 4181.18 4164.43 4157.69 4159.65 4163.28 4165.6 4164.65
4077.96 4074.39 4069.46 4067.35 4066.38 4072.46 4104.47 4114.88 4123.24 4128.85 4134.46 4140.76 4146.6 4147.18 4143.33 4138.1 4139.75 4138.82 4136.39 4141.03 4148.66 4149.77 4147.89 4135.87 4123.75 4117.66 4116.85 4132.91 4147.76 4156.01 4156.91 4153.58 4146.83 4146.55 4152.12 4159.74 4160.94 4150.74 4141.55 4135 4131.04 4124.11 4116.22 4112.53 4110.14 4112.82 4116.55 4129.5 4139.53 4151.73 4161.27 4170.99 4176.31 4175.8 4179.85 4178.72 4179.68 4177.54 4175.74 4178.95 4180.01 4158.3 4159.18 4162.25 4166.12 4168.9 4168.68
4093.73 4086.18 4076.31 4072 4069.89 4075.78 4103.89 4115.45 4123.99 4128.15 4132.87 4139.01 4145.23 4149.32 4152.68 4154.04 4150.42 4146.35 4144.66 4146.28 4148.67 4147.94 4145.95 4132.11 4118.55 4115.29 4114.8 4126.83 4146.2 4163.56 4170.01 4163.49 4154.32 4152.58 4158.1 4166.21 4165.75 4157.25 4148.23 4139.31 4129.43 4122.28 4125.82 4125.28 4124.38 4125.44 4130.65 4137.04 4144.67 4154.54 4164.2 4174.8 4176.87 4170.83 4173.84 4177.62 4176.96 4177.81 4179.72 4181.62 4178.02 4170.8 4164.3 4165.33 4169 4174.31 4172.43
4091.73 4085.99 4077.85 4074.14 4072.21 4079.18 4104.32 4115.72 4121.59 4126.26 4131.06 4135.56 4142.71 4151.3 4162.39 4166.05 4164.33 4163.16 4162.34 4159.28 4155.77 4153.52 4146.72 4138.59 4122.69 4120.09 4116.41 4125.96 4147.97 4170.58 4177.59 4171.08 4156.84 4153.12 4168.27 4173.49 4166.75 4161.75 4154.04 4144.44 4136.82 4140.06 4138.83 4133.79 4132.94 4136.42 4138.43 4140.04 4147.81 4156.03 4163.04 4173.45 4175.97 4170.8 4170.44 4172.13 4175.21 4177.42 4179.27 4182.63 4187.27 4172.64 4166.94 4167.45 4170.2 4176.85 4182.82
4078.67 4075.99 4075.15 4072.98 4072.05 4078.16 4100.59 4115.78 4119.44 4125.58 4132.07 4136.64 4146.45 4161.02 4172.26 4177.36 4176.54 4175.16 4172.96 4170.33 4160.98 4155.03 4149.79 4142.68 4127.78 4123.78 4119.97 4125.26 4144.63 4166.61 4180.68 4178.31 4166.11 4159.25 4164.63 4171.61 4172.8 4167.4 4161.87 4155.13 4146.77 4149.71 4154.7 4147.32 4144.2 4147.15 4144.12 4145.42 4153.11 4161.81 4168.07 4170.21 4167.33 4169.11 4170.26 4170.92 4174.62 4177.22 4179.22 4182.01 4184.3 4178.56 4170.96 4167.77 4168.15 4170.98 4174.16
4079.95 4082.27 4079.22 4074.69 4073.25 4086.62 4106.79 4116.74 4120.69 4128.09 4137.26 4146.37 4155.61 4166.24 4176.31 4183.18 4186.81 4187.82 4185.69 4184.41 4170.56 4163.29 4160.12 4151.76 4132.05 4125.69 4124.23 4124.64 4136.63 4156.1 4173.45 4180.71 4176.34 4174.08 4164.25 4171.08 4173.09 4170.74 4170.73 4171.56 4171.53 4169.16 4173.26 4166.99 4157.35 4151.75 4149.41 4155.06 4159.92 4162.54 4173.62 4173.2 4171.83 4169.01 4175.51 4178.51 4176.55 4177.88 4181.03 4187.94 4197.43 4183.24 4171.3 4164.92 4163.06 4160.92 4160.69
4081.23 4088.8 4087.82 4082.09 4082.99 4100.34 4109.46 4119.86 4124.53 4131.45 4142.26 4155.24 4162.59 4169.55 4179.79 4188 4195.62 4203.27 4208.85 4202.13 4191.24 4183.47 4174.91 4160.74 4141.95 4134.13 4132.62 4126.99 4131.42 4146.09 4164.89 4176.91 4180.11 4175 4167.24 4170.5 4170.21 4172.84 4178.94 4186.09 4188.8 4187.07 4188.35 4183.68 4168.65 4159.68 4158.56 4162.79 4166.73 4171.51 4179.08 4178.74 4173.78 4171.66 4170.3 4173.39 4177.49 4179.22 4181.75 4189.25 4192.97 4176.25 4161.17 4159.91 4159.27 4154.74 4149.44
