real_craters/C076-750m.grd
DSAA
77 77
-28.4025 28.4025
-28.4025 28.4025
3767.4771846293 4545.6229172538
[rows 0 to 40 of 77, columns 0 to 76 of 77]
4143 4142 4145 4158 4177 4174 4173 4179 4199 4202 4181 4152 4147 4143 4140 4139 4145 4138 4131 4119 4109 4106 4102 4104 4121 4140 4159 4171 4181 4185 4190 4193 4191 4190 4188 4186 4180 4176 4180 4195 4211 4203 4209 4212 4195 4207 4194 4177 4159 4146 4144 4154 4178 4168 4154 4148 4145 4141 4131 4124 4117 4112 4110 4111 4113 4119 4124 4124 4125 4136 4133 4128 4125 4135 4128 4124 4128
4153 4153 4156 4166 4178 4166 4165 4171 4191 4199 4182 4162 4145 4134 4134 4140 4137 4133 4126 4117 4104 4098 4098 4097 4100 4124 4149 4158 4169 4174 4179 4182 4185 4184 4182 4180 4168 4165 4178 4191 4206 4214 4207 4202 4195 4216 4203 4188 4173 4156 4149 4154 4164 4164 4153 4149 4149 4146 4136 4127 4120 4113 4110 4110 4111 4117 4124 4124 4123 4130 4137 4131 4125 4128 4128 4128 4128
4154 4150 4153 4159 4164 4158 4156 4162 4179 4196 4180 4162 4143 4132 4136 4134 4129 4128 4124 4117 4097 4092 4093 4094 4100 4116 4137 4152 4158 4168 4175 4177 4179 4181 4180 4178 4163 4161 4171 4182 4190 4192 4196 4195 4197 4219 4208 4188 4166 4165 4155 4153 4196 4158 4147 4148 4150 4152 4147 4137 4126 4119 4114 4111 4113 4116 4119 4121 4123 4126 4135 4130 4126 4122 4129 4134 4135
4151 4144 4145 4149 4148 4148 4146 4149 4162 4180 4177 4158 4146 4138 4131 4126 4128 4128 4124 4117 4102 4094 4091 4095 4100 4113 4129 4142 4153 4166 4169 4169 4176 4179 4177 4177 4165 4164 4165 4174 4183 4187 4191 4190 4195 4217 4211 4195 4173 4173 4160 4155 4184 4156 4151 4150 4146 4142 4146 4139 4131 4126 4120 4117 4118 4117 4117 4120 4122 4130 4133 4129 4123 4125 4129 4135 4138
4151 4148 4136 4139 4140 4140 4137 4136 4141 4164 4168 4153 4146 4140 4132 4128 4132 4132 4127 4119 4107 4105 4102 4094 4098 4115 4128 4131 4141 4150 4156 4160 4172 4177 4184 4181 4172 4161 4166 4171 4175 4181 4185 4187 4195 4216 4214 4209 4205 4183 4165 4158 4168 4178 4164 4157 4150 4144 4144 4144 4136 4131 4127 4126 4131 4121 4121 4122 4125 4128 4135 4134 4127 4128 4128 4132 4135
4144 4139 4136 4135 4135 4134 4131 4132 4133 4149 4150 4154 4158 4161 4150 4144 4141 4135 4132 4127 4119 4110 4119 4119 4126 4128 4130 4134 4134 4134 4148 4158 4163 4168 4179 4181 4176 4166 4171 4172 4174 4179 4187 4188 4194 4209 4215 4216 4214 4200 4189 4191 4192 4184 4176 4166 4160 4149 4146 4146 4139 4136 4130 4137 4141 4135 4129 4127 4132 4138 4141 4140 4135 4137 4134 4130 4127
4141 4138 4134 4132 4130 4128 4128 4134 4141 4150 4153 4164 4166 4170 4162 4158 4153 4143 4139 4135 4131 4129 4128 4132 4133 4135 4139 4137 4135 4137 4146 4153 4153 4158 4159 4166 4168 4172 4172 4172 4173 4171 4177 4184 4196 4206 4213 4217 4219 4212 4202 4202 4201 4191 4181 4168 4156 4148 4144 4144 4138 4133 4129 4132 4140 4133 4131 4132 4134 4138 4144 4142 4134 4134 4134 4129 4125
4140 4137 4131 4131 4128 4127 4135 4138 4149 4157 4157 4157 4166 4169 4165 4161 4160 4151 4146 4146 4146 4154 4154 4141 4137 4141 4141 4149 4146 4142 4135 4138 4148 4157 4162 4159 4157 4163 4167 4166 4166 4167 4168 4176 4185 4199 4208 4215 4218 4216 4211 4210 4204 4194 4183 4171 4157 4150 4142 4142 4139 4140 4137 4145 4150 4136 4133 4128 4132 4139 4145 4143 4132 4129 4128 4125 4123
4138 4135 4133 4133 4135 4136 4147 4157 4162 4163 4161 4158 4162 4165 4165 4162 4156 4151 4150 4156 4168 4175 4167 4151 4153 4157 4157 4151 4155 4142 4130 4128 4131 4148 4163 4157 4155 4163 4168 4172 4173 4174 4173 4173 4185 4193 4202 4209 4215 4216 4214 4217 4210 4198 4187 4177 4167 4158 4149 4150 4166 4162 4149 4148 4153 4151 4140 4137 4137 4138 4144 4137 4130 4122 4122 4122 4122
4138 4135 4134 4138 4144 4152 4170 4174 4168 4158 4158 4161 4159 4158 4160 4157 4158 4148 4150 4157 4167 4172 4168 4161 4164 4169 4177 4156 4151 4142 4127 4127 4131 4147 4162 4159 4162 4169 4177 4184 4188 4184 4169 4164 4180 4188 4195 4202 4210 4216 4217 4221 4210 4197 4188 4183 4182 4178 4166 4166 4166 4160 4149 4151 4155 4154 4147 4142 4141 4139 4137 4129 4126 4115 4120 4120 4120
4139 4135 4134 4144 4157 4173 4193 4197 4187 4174 4166 4153 4157 4158 4162 4161 4160 4148 4148 4154 4160 4169 4168 4169 4188 4182 4180 4163 4146 4146 4142 4138 4138 4143 4153 4155 4160 4169 4179 4205 4207 4196 4172 4159 4174 4181 4186 4192 4197 4205 4212 4216 4195 4188 4185 4183 4179 4169 4169 4170 4162 4151 4147 4151 4153 4152 4150 4150 4145 4134 4125 4126 4122 4114 4122 4120 4120
4141 4134 4133 4150 4174 4204 4225 4224 4202 4188 4173 4148 4153 4168 4176 4170 4160 4150 4149 4151 4153 4159 4163 4174 4202 4203 4187 4168 4168 4164 4161 4157 4153 4146 4148 4150 4161 4175 4191 4211 4216 4211 4181 4157 4168 4175 4180 4182 4181 4176 4195 4201 4193 4186 4186 4184 4180 4169 4165 4168 4165 4158 4157 4150 4146 4150 4152 4156 4150 4124 4118 4120 4120 4118 4120 4118 4116
4147 4138 4135 4154 4182 4216 4227 4220 4199 4183 4171 4154 4158 4170 4178 4169 4159 4155 4154 4151 4151 4157 4160 4173 4204 4203 4190 4169 4170 4177 4181 4180 4180 4178 4176 4177 4175 4189 4200 4216 4219 4209 4180 4157 4167 4177 4182 4181 4177 4175 4184 4192 4195 4191 4188 4186 4180 4174 4171 4171 4168 4163 4157 4150 4147 4152 4155 4159 4148 4125 4113 4118 4114 4111 4113 4115 4111
4159 4150 4138 4155 4178 4198 4198 4192 4185 4173 4166 4158 4150 4160 4163 4167 4160 4159 4160 4154 4149 4163 4167 4181 4217 4218 4204 4187 4186 4194 4194 4204 4209 4208 4215 4227 4227 4222 4227 4223 4221 4216 4194 4171 4185 4191 4191 4188 4182 4176 4181 4196 4200 4193 4191 4186 4180 4180 4176 4168 4166 4155 4155 4146 4138 4147 4149 4145 4136 4122 4112 4115 4110 4111 4116 4114 4114
4155 4162 4149 4157 4171 4179 4178 4174 4175 4173 4172 4163 4149 4149 4147 4156 4155 4159 4160 4158 4163 4176 4189 4205 4227 4217 4213 4230 4241 4236 4229 4229 4236 4238 4239 4243 4254 4242 4235 4225 4223 4224 4223 4216 4223 4216 4208 4199 4191 4185 4184 4194 4202 4198 4195 4192 4188 4177 4164 4155 4147 4147 4147 4137 4134 4149 4148 4133 4126 4120 4115 4116 4109 4114 4115 4111 4107
4145 4152 4155 4162 4168 4171 4176 4172 4173 4170 4166 4165 4149 4139 4137 4144 4153 4158 4158 4171 4194 4213 4222 4223 4216 4214 4214 4229 4247 4247 4242 4242 4249 4254 4248 4251 4250 4242 4231 4220 4222 4230 4242 4250 4255 4235 4220 4209 4200 4194 4194 4200 4209 4207 4197 4189 4184 4169 4156 4150 4144 4144 4143 4139 4140 4149 4138 4126 4122 4117 4110 4111 4107 4107 4108 4111 4110
4136 4143 4159 4165 4165 4167 4169 4170 4175 4178 4175 4169 4152 4146 4144 4149 4151 4151 4163 4199 4231 4236 4227 4213 4198 4189 4200 4211 4220 4226 4234 4240 4249 4244 4244 4251 4248 4232 4221 4214 4224 4233 4251 4253 4256 4240 4226 4213 4204 4200 4198 4207 4214 4212 4191 4178 4173 4168 4159 4154 4148 4141 4139 4140 4140 4149 4136 4125 4123 4117 4110 4109 4104 4104 4108 4116 4113
4133 4139 4150 4155 4159 4160 4160 4165 4176 4179 4178 4171 4155 4144 4149 4151 4154 4163 4200 4235 4250 4236 4213 4198 4180 4170 4173 4186 4196 4206 4219 4230 4236 4246 4239 4240 4234 4217 4203 4210 4231 4249 4253 4260 4243 4233 4224 4214 4206 4201 4200 4207 4211 4201 4177 4158 4157 4159 4158 4156 4148 4136 4133 4139 4142 4151 4132 4117 4117 4116 4112 4117 4103 4103 4106 4110 4114
4149 4146 4146 4149 4153 4155 4154 4164 4178 4181 4180 4169 4159 4155 4151 4155 4159 4186 4233 4260 4265 4240 4207 4185 4166 4161 4168 4172 4176 4188 4208 4222 4232 4245 4241 4231 4220 4203 4193 4204 4228 4247 4256 4264 4239 4230 4221 4213 4205 4200 4203 4203 4207 4195 4172 4149 4144 4153 4154 4152 4149 4138 4128 4136 4139 4133 4122 4110 4112 4115 4109 4114 4108 4104 4106 4109 4112
4146 4145 4143 4144 4149 4155 4160 4161 4182 4188 4181 4172 4158 4152 4149 4157 4168 4206 4240 4247 4245 4221 4190 4172 4158 4160 4166 4167 4171 4181 4200 4218 4238 4234 4223 4217 4206 4193 4186 4193 4221 4236 4247 4257 4242 4231 4221 4212 4205 4202 4209 4205 4201 4192 4183 4155 4142 4138 4147 4154 4141 4133 4125 4137 4142 4135 4121 4111 4109 4119 4104 4116 4110 4108 4108 4108 4107
4140 4139 4139 4141 4146 4155 4162 4174 4187 4188 4176 4174 4168 4146 4143 4148 4168 4208 4226 4220 4216 4196 4171 4164 4152 4148 4153 4168 4168 4174 4189 4203 4211 4207 4195 4194 4199 4193 4187 4199 4212 4218 4226 4243 4245 4233 4222 4211 4203 4198 4199 4195 4193 4187 4180 4167 4161 4148 4148 4139 4134 4126 4126 4138 4150 4152 4121 4108 4115 4127 4106 4127 4116 4115 4115 4109 4109
4146 4138 4135 4133 4141 4154 4167 4186 4192 4185 4174 4174 4179 4162 4153 4154 4183 4204 4209 4211 4203 4183 4161 4152 4140 4140 4155 4168 4169 4173 4179 4187 4186 4190 4189 4202 4213 4206 4201 4210 4208 4209 4220 4235 4235 4230 4221 4211 4201 4194 4191 4191 4189 4181 4177 4192 4180 4165 4168 4171 4157 4142 4134 4142 4157 4157 4121 4116 4127 4132 4107 4130 4121 4121 4120 4111 4110
4146 4140 4136 4131 4137 4152 4164 4178 4183 4174 4159 4159 4169 4160 4165 4177 4204 4202 4202 4199 4198 4177 4161 4143 4136 4128 4139 4154 4169 4168 4169 4178 4183 4202 4215 4219 4215 4223 4229 4227 4214 4224 4233 4237 4231 4225 4219 4211 4200 4183 4184 4182 4182 4180 4182 4176 4168 4165 4173 4183 4196 4180 4149 4151 4165 4157 4127 4127 4141 4136 4113 4138 4137 4127 4119 4118 4117
4156 4148 4144 4141 4143 4144 4157 4164 4169 4167 4160 4159 4163 4159 4175 4197 4198 4194 4192 4190 4180 4166 4159 4144 4132 4128 4130 4145 4158 4164 4168 4189 4205 4223 4233 4230 4229 4238 4248 4248 4238 4235 4249 4245 4226 4222 4219 4213 4205 4194 4175 4175 4175 4175 4173 4160 4157 4161 4167 4173 4180 4189 4168 4159 4164 4152 4130 4130 4138 4126 4121 4145 4137 4132 4124 4121 4120
4156 4154 4153 4156 4158 4156 4158 4158 4156 4164 4164 4163 4164 4169 4183 4199 4194 4188 4173 4183 4165 4155 4155 4150 4135 4138 4143 4160 4175 4200 4221 4246 4241 4240 4241 4244 4258 4276 4288 4287 4273 4257 4274 4275 4239 4231 4220 4212 4205 4194 4173 4176 4174 4170 4163 4149 4145 4160 4177 4179 4183 4194 4185 4162 4147 4135 4125 4130 4132 4122 4125 4140 4138 4139 4142 4133 4122
4155 4155 4158 4163 4167 4164 4162 4160 4156 4160 4162 4163 4166 4181 4211 4205 4191 4179 4168 4159 4154 4148 4146 4143 4135 4141 4160 4177 4224 4251 4283 4299 4281 4266 4255 4271 4314 4338 4354 4347 4334 4303 4298 4283 4256 4237 4224 4210 4195 4179 4166 4167 4168 4163 4155 4148 4150 4167 4189 4192 4193 4202 4208 4176 4152 4135 4116 4119 4126 4132 4127 4123 4132 4139 4148 4146 4128
4155 4155 4160 4165 4172 4167 4161 4158 4152 4147 4155 4159 4163 4200 4217 4203 4186 4184 4171 4162 4148 4144 4140 4140 4135 4142 4152 4185 4239 4274 4285 4300 4314 4319 4327 4359 4395 4439 4408 4423 4396 4353 4356 4329 4280 4251 4238 4216 4191 4174 4166 4169 4165 4166 4161 4152 4158 4172 4190 4196 4193 4183 4179 4175 4174 4157 4125 4119 4127 4143 4131 4120 4125 4130 4134 4144 4127
4156 4158 4157 4160 4161 4155 4153 4152 4147 4148 4148 4157 4174 4211 4213 4200 4189 4183 4169 4159 4141 4134 4130 4128 4130 4147 4162 4188 4229 4271 4320 4331 4367 4417 4447 4430 4354 4357 4325 4352 4320 4298 4348 4337 4326 4309 4276 4232 4184 4165 4159 4155 4157 4158 4158 4157 4166 4172 4178 4185 4186 4183 4178 4184 4185 4169 4134 4121 4125 4142 4135 4126 4120 4120 4119 4123 4122
4149 4148 4149 4149 4144 4142 4140 4139 4133 4129 4133 4141 4167 4207 4207 4195 4181 4167 4168 4151 4129 4121 4117 4119 4135 4159 4179 4206 4249 4292 4326 4357 4377 4406 4304 4196 4144 4105 4133 4110 4110 4107 4142 4220 4320 4363 4312 4256 4196 4172 4159 4150 4148 4148 4150 4155 4166 4173 4178 4184 4191 4199 4188 4197 4203 4194 4148 4122 4119 4135 4141 4138 4130 4123 4117 4112 4116
4140 4143 4141 4138 4136 4131 4128 4124 4117 4114 4118 4127 4159 4203 4206 4192 4176 4162 4162 4144 4117 4110 4108 4112 4142 4172 4199 4232 4288 4326 4369 4411 4292 4171 4072 4002 3966 3979 4000 4000 4009 4019 4049 4133 4246 4357 4316 4281 4241 4195 4168 4159 4155 4150 4151 4148 4159 4169 4177 4184 4200 4202 4198 4201 4204 4203 4163 4132 4129 4135 4152 4152 4141 4134 4121 4116 4123
4133 4131 4130 4127 4121 4119 4120 4118 4118 4110 4113 4123 4153 4191 4205 4198 4182 4172 4158 4149 4122 4110 4109 4115 4142 4187 4231 4272 4324 4361 4355 4262 4149 4021 3949 3915 3898 3913 3927 3927 3936 3957 4005 4063 4126 4190 4275 4305 4289 4233 4190 4170 4163 4160 4146 4150 4159 4168 4177 4185 4207 4219 4203 4190 4197 4189 4171 4147 4130 4135 4162 4157 4146 4139 4121 4119 4122
4128 4126 4123 4120 4118 4121 4120 4115 4113 4108 4117 4129 4150 4182 4202 4204 4189 4170 4159 4138 4134 4127 4118 4123 4166 4225 4278 4335 4366 4306 4202 4111 4040 3957 3900 3872 3868 3881 3887 3889 3891 3909 3937 3998 4056 4128 4251 4344 4347 4269 4211 4176 4172 4162 4145 4157 4159 4165 4171 4183 4197 4212 4209 4194 4196 4195 4176 4170 4144 4135 4139 4142 4137 4130 4120 4114 4117
4118 4116 4114 4116 4120 4125 4126 4124 4113 4110 4122 4136 4156 4186 4206 4201 4197 4179 4157 4154 4152 4142 4130 4146 4208 4242 4302 4367 4404 4227 4099 4035 3981 3924 3881 3851 3837 3847 3858 3867 3877 3890 3930 3968 4017 4076 4236 4398 4408 4282 4218 4180 4176 4208 4165 4154 4155 4158 4157 4163 4176 4190 4195 4197 4189 4180 4178 4163 4151 4132 4126 4125 4124 4120 4117 4112 4111
4119 4115 4113 4114 4117 4123 4126 4129 4114 4108 4127 4145 4166 4184 4200 4195 4188 4177 4169 4154 4150 4143 4139 4166 4214 4255 4329 4439 4351 4144 4034 3992 3942 3907 3876 3850 3834 3820 3821 3834 3851 3876 3914 3949 3969 4022 4190 4388 4398 4275 4224 4185 4172 4198 4195 4156 4151 4143 4142 4145 4155 4175 4182 4191 4185 4175 4177 4170 4148 4124 4112 4113 4114 4115 4116 4111 4112
4115 4111 4110 4111 4113 4108 4117 4119 4111 4118 4147 4158 4170 4181 4185 4188 4185 4192 4167 4144 4131 4136 4147 4179 4259 4294 4359 4401 4256 4076 3993 3954 3925 3891 3876 3856 3827 3801 3790 3803 3825 3848 3896 3918 3941 3975 4113 4328 4357 4285 4246 4197 4158 4161 4178 4167 4148 4135 4135 4141 4147 4160 4175 4182 4182 4184 4190 4179 4128 4114 4108 4110 4113 4118 4126 4127 4123
4105 4102 4101 4101 4103 4107 4109 4114 4121 4142 4163 4171 4174 4175 4172 4182 4172 4156 4145 4133 4128 4137 4161 4195 4269 4327 4413 4490 4213 4052 3985 3946 3928 3906 3888 3871 3834 3792 3767 3778 3805 3841 3887 3912 3922 3946 4040 4217 4329 4334 4288 4224 4167 4158 4178 4159 4144 4138 4132 4138 4145 4157 4167 4176 4189 4202 4205 4176 4114 4111 4110 4112 4118 4126 4130 4138 4143
4091 4090 4091 4094 4098 4100 4099 4105 4136 4165 4170 4172 4171 4161 4157 4163 4155 4142 4137 4126 4128 4149 4174 4201 4258 4334 4450 4434 4169 4039 3988 3956 3942 3925 3904 3884 3846 3815 3783 3783 3802 3845 3894 3913 3921 3939 4001 4148 4346 4399 4336 4252 4179 4154 4166 4149 4135 4132 4139 4143 4150 4160 4168 4178 4188 4203 4202 4150 4128 4115 4112 4112 4117 4125 4133 4141 4158
4090 4085 4081 4092 4097 4097 4094 4099 4142 4167 4171 4172 4170 4161 4156 4153 4148 4137 4131 4131 4129 4145 4171 4203 4261 4349 4465 4383 4165 4048 4008 3961 3945 3935 3918 3898 3867 3869 3894 3815 3809 3846 3895 3912 3923 3941 3993 4140 4402 4455 4367 4265 4189 4158 4159 4152 4143 4137 4140 4146 4154 4166 4177 4190 4204 4201 4182 4121 4121 4113 4111 4114 4116 4125 4145 4150 4145
4099 4088 4082 4088 4092 4092 4091 4096 4130 4159 4171 4175 4171 4169 4166 4156 4148 4139 4136 4132 4133 4146 4167 4202 4256 4338 4437 4362 4175 4056 4024 3973 3948 3944 3926 3908 3880 3875 3875 3836 3830 3852 3893 3908 3925 3943 3988 4137 4404 4457 4372 4261 4197 4172 4168 4158 4150 4143 4141 4150 4160 4177 4194 4208 4203 4177 4155 4113 4115 4116 4116 4119 4119 4122 4132 4149 4135
4101 4087 4077 4074 4081 4088 4094 4092 4113 4133 4165 4175 4185 4189 4173 4160 4149 4148 4153 4142 4143 4149 4164 4197 4244 4317 4408 4352 4197 4071 4030 3991 3949 3949 3931 3910 3888 3869 3847 3837 3853 3870 3873 3901 3929 3953 3985 4148 4410 4438 4358 4253 4202 4177 4156 4152 4149 4141 4139 4149 4166 4191 4219 4208 4161 4143 4139 4114 4125 4118 4121 4127 4135 4132 4133 4137 4141
4093 4076 4067 4065 4074 4082 4091 4103 4105 4114 4131 4183 4195 4187 4173 4159 4150 4151 4161 4152 4153 4159 4164 4188 4227 4288 4359 4351 4232 4091 4039 4000 3980 3959 3935 3913 3900 3888 3873 3874 3890 3904 3889 3912 3944 3974 4002 4178 4411 4424 4339 4240 4190 4170 4160 4145 4144 4129 4133 4146 4166 4190 4211 4189 4144 4129 4125 4112 4116 4119 4124 4132 4143 4155 4144 4137 4136
