real_craters/C076-300m.grd
DSAA
190 190
-28.4025 28.4025
-28.4025 28.4025
3761.2229773446 4586.4338147167
[rows 150 to 179 of 190, columns 0 to 66 of 190]
4093.16 4093.49 4090.02 4092.71 4093.34 4092.29 4093.18 4097.09 4101.78 4101.21 4102.52 4109.28 4113.23 4116.43 4120.3 4126.18 4134.03 4142.71 4151.57 4157.23 4161.89 4166.87 4172.09 4176.4 4182.39 4189.93 4198.49 4207.85 4217.54 4227.38 4235.5 4238.36 4236.66 4230.29 4222.8 4214.8 4202.95 4191.26 4178.19 4165.63 4155 4154.86 4150.9 4146.41 4141.86 4134.71 4131.97 4131.95 4134.07 4141.75 4151.28 4160.63 4170.75 4179.11 4184.41 4182.94 4184.78 4183.71 4184.77 4182.54 4180.85 4181.38 4183.99 4186.66 4189.13 4191.29 4193.09
4087.99 4076.95 4079.13 4091.33 4093.19 4092.25 4093.89 4097.69 4100.64 4097.38 4097.45 4102.36 4106.82 4110.78 4115.14 4121.46 4129.21 4137.43 4145.22 4151.63 4157.19 4162.78 4167.92 4172.08 4178.8 4187.7 4197.82 4208.79 4220.41 4231.98 4241.92 4248.1 4249.71 4246.18 4240.75 4232 4218.8 4203.52 4188.61 4175.75 4166.34 4164.35 4158.74 4152.99 4146.56 4138.09 4134.84 4133.74 4132.59 4138.62 4146.7 4156.53 4167.01 4181.39 4189.17 4186.96 4190.53 4189.18 4190.65 4189.74 4187.85 4187.77 4188.69 4189.75 4190 4188.58 4187.5
4080.41 4076.46 4078.11 4085.56 4086.54 4087.57 4090.36 4094.35 4094.03 4091.88 4092.46 4095.93 4100.52 4105.32 4110.67 4116.58 4123.85 4131.19 4138.41 4144.73 4150.8 4156.52 4160.73 4166.28 4174.29 4184.07 4195.53 4207.7 4220.96 4234.07 4246.19 4255.26 4260.1 4260.45 4255.28 4244.52 4228.71 4210.56 4196.37 4184.72 4175.67 4170.53 4165.48 4159.65 4152.81 4145.2 4138.81 4136.25 4133.85 4137.61 4142.39 4146.83 4154.02 4166.74 4180.64 4181.95 4189.99 4190.34 4194.41 4195.75 4194.87 4194.3 4193.96 4193.85 4192.71 4190.6 4186.24
4078.39 4076.19 4074.5 4073.91 4075.62 4080.34 4083.75 4085.28 4084.18 4085.71 4086.56 4089.95 4094.99 4100.82 4106.38 4112.31 4119.23 4124.82 4130.53 4137.41 4143.49 4148.98 4152.66 4159.56 4167.79 4178.51 4190.96 4204.44 4219.04 4233.62 4247.22 4257.67 4264.36 4265.43 4257.33 4246.35 4230.23 4213.63 4201.39 4191.93 4184.23 4177.81 4172.77 4166.61 4159.73 4149.71 4145.81 4143.35 4139.83 4139.45 4140.14 4140.75 4143.3 4150.62 4166.71 4179.45 4187.58 4190.55 4196.69 4199.68 4199.13 4198.14 4199.1 4199.29 4197.73 4194.64 4195.26
4076.52 4073.49 4070.52 4068.23 4069.69 4074.72 4078.33 4079.53 4079.83 4081.32 4081.86 4083.44 4090.59 4097.85 4105.03 4111.76 4116.59 4120.55 4124.9 4130.88 4136.27 4141.07 4144.22 4149.18 4159.04 4171.01 4184.54 4199.12 4214.76 4230.65 4245.84 4257.19 4261.52 4259.17 4252.23 4239.08 4224.23 4211.54 4203.5 4197.11 4192.28 4187.49 4180.39 4173.2 4165.91 4157.43 4153.74 4151.32 4146.25 4142.89 4140.65 4138.97 4139.13 4142.76 4151.82 4162.94 4177.4 4188.85 4197.58 4202.16 4202.51 4202.58 4205.02 4206.08 4205.99 4204.89 4205.95
4072.18 4068.84 4067.21 4065.95 4068.24 4071.96 4075.71 4078.96 4079.95 4079.96 4081.64 4081.87 4088.38 4096.16 4103.94 4110.78 4114.75 4117.68 4121.18 4125.27 4129.47 4133.38 4136.43 4141.16 4150.15 4162.63 4177.02 4192.18 4208.41 4224.79 4241.13 4255.52 4255.43 4250.58 4243.65 4230.4 4218.51 4209.25 4203.6 4199.56 4196.89 4193.47 4185.98 4178.02 4171.76 4165.06 4160.46 4158.51 4151.81 4147.15 4143.2 4139.76 4137.42 4139.29 4144.05 4150.58 4160.32 4178.12 4192.3 4200.47 4203.86 4209.04 4211.68 4212.61 4213.29 4212.88 4207.73
4067.75 4065.93 4064.71 4064.51 4067.61 4070.08 4073.82 4077.87 4078.37 4077.71 4078.54 4082.15 4088.16 4095.37 4102.81 4109.79 4112.54 4114.07 4116.65 4119.91 4123.21 4126.27 4128.53 4132.23 4140.82 4153.67 4168.37 4183.79 4199.87 4215.84 4231.08 4242.67 4245.45 4242.42 4234.94 4225.17 4215.38 4207.47 4202.04 4198.54 4197.12 4194.72 4186.42 4178.58 4173.58 4169.09 4165.39 4163.34 4156.63 4151.69 4147.11 4142.96 4139.6 4138.28 4140.76 4144.76 4150.27 4161.93 4176.96 4188.43 4198.73 4210.2 4215.08 4216.77 4217.74 4216.22 4212.97
4062.31 4062.68 4064.88 4065.68 4064.62 4067.55 4071.51 4074.88 4075.06 4075.12 4077.83 4082.97 4088.8 4095.21 4101 4105.93 4108.27 4110.49 4112.6 4115.01 4117.53 4120.13 4122.96 4124.59 4132 4145.16 4159.59 4174.47 4189.6 4204.44 4218.14 4228.88 4232.24 4229.99 4224.77 4218.96 4210.76 4203.73 4198.01 4193.5 4189.79 4185.53 4179.23 4173.73 4170.54 4168.01 4166.76 4166.13 4161.8 4156.28 4151.12 4146.87 4144.07 4140.03 4141.9 4144.68 4145.54 4151.49 4161.33 4172.14 4187.62 4202.58 4212.06 4217.46 4221.43 4221.98 4219.01
4061.23 4061.58 4065.74 4066.94 4064.05 4066.11 4069.63 4072.77 4074.33 4074.83 4079.19 4084.5 4090.92 4096.04 4099.35 4100.93 4102.82 4105.47 4108.12 4110.41 4112.4 4114.34 4116.38 4119.28 4126.14 4137.95 4151.27 4165.06 4179.16 4192.21 4203.54 4211.83 4215.41 4215.08 4213.1 4210.5 4204.66 4197.98 4191.85 4185.98 4179.73 4172.65 4167.22 4165.32 4165.06 4165.13 4166.34 4166.76 4164.85 4159.44 4153.83 4149.44 4146.67 4143.95 4145.46 4146.33 4144.71 4146.08 4151.28 4159.85 4175.82 4192.61 4205.87 4214.98 4221.52 4224.36 4222.89
4061.28 4062.97 4065.34 4066.3 4065.63 4066.19 4068.43 4071.53 4073.76 4075.57 4082.86 4090.35 4096.62 4098.7 4099.62 4099.77 4100.81 4102.71 4104.71 4106.59 4108.22 4109.68 4111.36 4115.1 4121.63 4131.77 4143.52 4155.93 4168.27 4179.77 4189.43 4195.95 4199.07 4199.97 4200.38 4200.84 4196.22 4190.28 4184.26 4177.96 4170.19 4160.65 4154.77 4156.36 4159.5 4162.55 4164.2 4166.53 4165.55 4160.36 4154.69 4150.21 4147.77 4149.21 4149.77 4150.05 4148.3 4144.87 4146.21 4151.38 4166.07 4183.88 4199.65 4210.38 4219.65 4225.37 4225.47
4061.98 4064.2 4066.08 4067.34 4067.49 4066.93 4067.78 4069.78 4073.77 4077.58 4088.61 4098.6 4102.19 4101.36 4100.87 4100.59 4100.91 4101.85 4102.53 4103.77 4105.2 4106.81 4109.01 4111.89 4117.35 4125.7 4136.03 4147.04 4158.04 4168.29 4176.86 4183.86 4188.12 4188.02 4187.89 4189.93 4186.1 4180.66 4175.54 4170.28 4162.76 4152.2 4146 4149.31 4154.57 4159.75 4162.65 4163.58 4162.16 4158.39 4154.17 4150.63 4148.07 4150.89 4153.95 4155.42 4154.15 4147.46 4145.81 4147.75 4158.84 4174.29 4189.23 4202.91 4215.58 4224.44 4225.91
4062.22 4064.56 4066.58 4068.01 4068.6 4068.07 4068.5 4071.13 4077.91 4084.31 4096.18 4100.71 4102.76 4102.36 4101.81 4101.23 4100.34 4099.17 4100.45 4101.81 4103.02 4104.52 4106.65 4108.5 4112.22 4119.78 4128.95 4138.66 4148.53 4157.66 4165.42 4172.25 4176.89 4176.58 4175.33 4177.63 4173.13 4169.37 4165.73 4162.04 4155.64 4146.51 4141.3 4144.66 4150.95 4156.32 4159.23 4159.51 4157.63 4155.3 4153.31 4151.51 4151.25 4154.14 4158.03 4160.87 4160.84 4153.9 4148.59 4147.85 4154.46 4165.44 4177.84 4193.24 4208.22 4219.12 4222.6
4062.08 4064.48 4066.81 4068.67 4070.23 4070.51 4070.89 4075.02 4084.41 4093.02 4099.41 4099.98 4101.28 4102.27 4102.34 4101.71 4099.99 4098.64 4099.93 4101 4101.6 4101.92 4103.24 4105.27 4108.32 4114.58 4122.56 4131.02 4139.54 4147.76 4154.66 4160.46 4163.97 4163.13 4161.46 4162.53 4158.98 4157.36 4155.54 4152.49 4147.98 4142.12 4137.9 4142.47 4149.69 4156.01 4159.16 4158.81 4156.76 4154.72 4153.33 4151.93 4152.09 4157.74 4161.55 4162.49 4160.43 4155.09 4150.29 4149.09 4152.45 4158.91 4167.64 4182.59 4198.66 4209.55 4215.68
4062.49 4064.89 4067.67 4071.06 4072.84 4073.07 4075.19 4081.68 4092.96 4103.05 4105.04 4101.36 4101.76 4102.85 4103.34 4103.18 4102.21 4101.15 4101.47 4101.57 4101.41 4101.37 4101.8 4103.03 4105.53 4110.27 4116.73 4123.67 4131.15 4138.11 4144.11 4148.92 4151.85 4151.34 4148.69 4146.4 4145.02 4146.29 4146.49 4145.89 4143.38 4140.55 4139.2 4143.67 4150.5 4157.04 4160.37 4160.75 4160.08 4158.36 4154.98 4152.55 4153.69 4161.86 4164.94 4163.11 4158.5 4152.89 4150.11 4149.74 4151.36 4155.38 4159.92 4170.91 4183.03 4193.51 4205.53
4063.75 4065.74 4068.45 4071.96 4074.14 4075.07 4081.74 4090.82 4102.01 4109.36 4107.74 4103.95 4103.35 4104.16 4104.98 4105.63 4105.71 4105.19 4104.45 4103.29 4102 4101.17 4100.92 4101.28 4102.93 4106.31 4111.25 4116.86 4123.01 4128.82 4133.95 4137.98 4140.67 4139.57 4136.21 4132.46 4134.15 4137.61 4139.44 4139.58 4139.9 4140.43 4142.77 4146.52 4151.53 4157.83 4162.24 4164.41 4163.37 4161.76 4157.3 4154.55 4157.79 4166.98 4169.3 4165.25 4158.24 4153.99 4152.55 4152.6 4152.28 4156.78 4160.5 4167.29 4173.76 4181.86 4196.5
4065.4 4066.72 4068.43 4071.77 4075.28 4079.44 4089.25 4099.04 4107.26 4110.25 4107.77 4104.8 4104.28 4105.45 4106.77 4108.27 4109.58 4109.55 4107.89 4105.52 4102.84 4100.64 4099.76 4099.61 4099.93 4101.95 4105.93 4110.41 4115.19 4119.45 4123.86 4127.27 4129.29 4127.23 4124.17 4122.91 4126.89 4132.43 4135.44 4136.03 4137.47 4139.37 4143.23 4146.93 4149.99 4156.06 4163.92 4166.17 4163.51 4160.93 4159.66 4159.48 4165.75 4173.61 4174.78 4169.52 4162.96 4158.62 4159.78 4160.81 4163.77 4161.88 4163.59 4168.88 4173.91 4179.84 4190.18
4067.32 4068.08 4069.62 4072.47 4076.95 4083.08 4097.46 4106 4109.52 4109.16 4107.68 4105.39 4104.38 4106.05 4108.01 4110.38 4112.98 4113.66 4111.27 4107.84 4104.08 4100.03 4099.18 4098.4 4097.77 4098.77 4101.16 4104.37 4107.75 4110.71 4114.16 4117.02 4118.64 4116.59 4114.74 4115.17 4123.96 4131.13 4134.76 4135.78 4135.7 4136.13 4138.08 4141.1 4145.63 4152.93 4165.09 4164.56 4162.65 4161.23 4163.93 4167.32 4174.3 4180.29 4180.78 4173.96 4166.98 4166.47 4167.65 4166.3 4166.63 4163.27 4161.18 4163.33 4168.98 4174.91 4182.68
4069.39 4069.77 4070.98 4074.22 4080.04 4090.08 4105.82 4111.14 4111.95 4110.85 4108.45 4106.32 4105.67 4106.69 4108.35 4111.06 4114.61 4116.7 4113.77 4109.82 4106.07 4103.31 4099.79 4097.69 4096.05 4094.94 4097.11 4098.86 4100.76 4102.36 4104.31 4105.91 4107.14 4107.42 4107.47 4111.34 4126.85 4132.67 4135.53 4135.86 4133.37 4131.4 4130.16 4132.08 4143.66 4156.11 4166.54 4165.69 4164.53 4167.69 4170.58 4174.59 4179.88 4184.87 4185.45 4179.57 4173.33 4171 4168.11 4165.84 4164.05 4160.03 4156.15 4155.82 4158.68 4164.68 4173.02
4071.41 4071.33 4072.8 4076.78 4084.54 4097 4108.08 4111.54 4111.89 4110.36 4108.24 4105.54 4104.74 4105.36 4107.11 4109.74 4113.37 4116.71 4114.37 4110.55 4106.53 4102.95 4099.68 4097.01 4095.1 4094.6 4093.9 4093.71 4094.12 4094.48 4095.14 4095.48 4096.47 4099.73 4102.4 4113.64 4129.64 4132.54 4133.72 4133.18 4129.1 4126.68 4125.73 4129.02 4142.6 4155.43 4164.04 4165.96 4166.47 4170.38 4173.95 4178.12 4182.55 4186.77 4188.41 4184.61 4175.57 4170.4 4166.31 4161.49 4158.27 4154.39 4150.69 4148.75 4149.56 4155.81 4163.73
4072.75 4072.05 4072.93 4077.41 4086.64 4098.95 4107.76 4107.72 4106.15 4105.04 4103.81 4101.86 4101.18 4102.25 4104.88 4107.39 4110.41 4113.85 4112.94 4110.07 4106 4101.76 4098.68 4095.61 4093.42 4092.11 4090.34 4088.64 4087.82 4087.35 4087.19 4087.31 4088.8 4092.25 4096.64 4109.85 4125.61 4126.61 4124.79 4123.43 4121.91 4121.59 4123.35 4129.39 4141.02 4152.36 4160.64 4165.34 4166.59 4169.19 4172.19 4176.58 4181.59 4185.62 4188.24 4183.74 4173.27 4165.48 4159.37 4154.28 4150.44 4147.87 4146.37 4143.26 4145.33 4150.95 4157.12
4072.63 4071.88 4072.29 4076.54 4087.35 4098.36 4102.98 4100.26 4096.41 4095.64 4096.6 4095.79 4096.44 4099.14 4103.04 4105.78 4108.25 4110.17 4110.55 4109.25 4106.57 4102.34 4097.44 4093.29 4090.13 4088.05 4085.5 4083.15 4081.89 4081.03 4080.47 4080.27 4082.16 4085.98 4090.58 4101.65 4114.77 4114.92 4110.79 4110.68 4113.14 4116.02 4119.78 4125.82 4137.94 4148.35 4157.08 4163.95 4164.41 4164.99 4167.13 4172.14 4177.12 4179.62 4179.76 4176.01 4165.73 4156.66 4151.23 4147.7 4146.05 4145.61 4146.3 4144.31 4145.54 4149.41 4153.45
4072.14 4071.32 4071.62 4074.79 4084.2 4091.35 4093.09 4091.59 4088.25 4086.72 4086.28 4088.16 4091.93 4097.72 4102.57 4105.31 4107.5 4108.82 4108.94 4107.74 4106.2 4101.34 4094.78 4089.65 4085.44 4081.57 4078.88 4077.52 4076.42 4075.55 4074.82 4074.67 4076.79 4080.34 4085.03 4091.9 4100.27 4101.52 4098.24 4100.35 4105.21 4110.5 4115.84 4122.22 4133.08 4143.5 4151.19 4157.25 4157.95 4158.61 4161.66 4168.18 4171.76 4172.3 4170.02 4166.28 4158.46 4150.26 4146.4 4144.14 4145.03 4147.29 4149.36 4148.14 4148.23 4149.42 4151.34
4071.3 4070.37 4070.87 4073.88 4077.84 4081.25 4086.02 4083.89 4080.65 4078.34 4076.79 4080.78 4087.95 4096.63 4102.47 4105.35 4107.38 4108.75 4107.59 4103.48 4101.05 4095.58 4089.62 4084.8 4080.5 4076.72 4074.11 4072.58 4071.84 4071.23 4070.57 4070.61 4073.02 4076.6 4079.57 4083.95 4089.69 4091.13 4089.04 4093.48 4099.77 4106.1 4112.5 4119.52 4127.96 4136.93 4141.79 4145.47 4146.74 4150.54 4156.27 4163.51 4166.25 4166.18 4163.89 4160.63 4154.85 4148.47 4143.91 4142.37 4144.72 4148.12 4150.41 4149.86 4149.18 4148.5 4149.09
4069.95 4068.66 4068.86 4070.78 4071.88 4072.53 4074.92 4075.91 4074 4072.53 4072.06 4075.74 4083.53 4093.17 4099.22 4103.83 4105.03 4105.83 4104.08 4095.41 4085.62 4085.24 4083.07 4079.71 4075.95 4072.13 4068.93 4068.63 4068.55 4068.36 4067.89 4067.49 4070.31 4073.71 4075.46 4078.84 4082.77 4084.97 4085.51 4090.48 4096.58 4102.79 4109.12 4116.07 4122.29 4126.13 4130.19 4133.09 4135.66 4142.31 4150.65 4157.8 4160.78 4161.33 4160.13 4157.49 4154 4149.91 4145.23 4142.46 4144.77 4147.55 4148.65 4147.96 4145.46 4145.14 4145.7
4067.99 4066.5 4066.03 4065.97 4067.17 4068.99 4068.93 4070.1 4070.03 4069.28 4068.96 4071.33 4077 4082.49 4086.63 4096.44 4097.28 4095.5 4091.06 4086.93 4083.25 4079.67 4077.86 4075.44 4072.38 4069.26 4066.9 4066.36 4066.59 4066.93 4067.19 4068.1 4069.07 4071.35 4074.05 4076.94 4079.82 4082.6 4085.74 4090.55 4095.67 4100.71 4105.6 4111.01 4117.57 4115.01 4120.3 4124.77 4129.24 4135.48 4143.09 4151.33 4155.38 4157.35 4157.71 4155.45 4154.47 4153.45 4149.91 4144.75 4145.78 4147.29 4145.3 4143.19 4140.57 4140.58 4141.49
4067.84 4065.01 4063.93 4063.6 4064.21 4065.08 4066.55 4067.39 4068.11 4067.74 4067.44 4068.41 4070.61 4071.51 4076.83 4083.75 4086.22 4084.69 4081.56 4079.69 4077.34 4076.21 4074.53 4072.49 4070.1 4067.7 4065.78 4065.42 4065.83 4066.63 4067.58 4068.94 4070.14 4072.34 4075.41 4078.24 4081.14 4085.25 4088.66 4092.75 4096.76 4100.2 4103 4105.13 4108.72 4109.32 4114.4 4119.37 4124.22 4130.68 4137.66 4145.24 4150.39 4153.83 4155.45 4155.1 4155.23 4154.98 4153.42 4149.74 4147.35 4146.12 4142.79 4139.22 4135.93 4136.35 4137.24
4069.04 4064.26 4062.89 4062.45 4062.76 4064.15 4065.52 4065.85 4067.24 4067.43 4067.47 4067.97 4068.72 4069.62 4072.33 4074.02 4077.6 4077.78 4075.67 4075.45 4075.07 4073.83 4072.45 4070.83 4069.02 4067.1 4065.58 4065.47 4066.12 4067.11 4068.53 4070.53 4072.71 4075.54 4078.22 4082.35 4088.01 4092.03 4093.25 4095.68 4098.76 4101.04 4102.61 4102.56 4104.15 4107.1 4112.26 4117.84 4123.3 4129.06 4134.14 4140.31 4146.37 4150.83 4153.94 4155.3 4155.47 4155.16 4153.4 4150.42 4147.86 4145.62 4142.8 4139.1 4134.54 4133.93 4134.05
4070.19 4064.74 4062.74 4061.98 4062.34 4063.13 4064.06 4064.94 4067.37 4068.2 4068.63 4069.28 4070.17 4071.16 4071.95 4072.06 4074.78 4075.43 4074.06 4074.08 4073.74 4072.41 4071.22 4070.09 4068.76 4067.51 4066.81 4066.77 4067.28 4068.19 4069.74 4072.72 4077.29 4080.39 4083.33 4087.32 4091.52 4094.16 4095.95 4098.71 4101.4 4103.59 4105.13 4105.69 4104.74 4107.36 4112.77 4118.87 4125.39 4129.89 4134.22 4138.61 4143.52 4148.12 4152.21 4154.24 4154.47 4153.79 4152.23 4149.66 4147.5 4146.17 4144.77 4141.35 4136.21 4133.42 4132.25
4073.43 4066.13 4062.89 4061.38 4060.84 4062.6 4063.77 4065.88 4068.24 4070 4071.16 4071.62 4074.26 4077 4078.99 4076.76 4076.99 4076.92 4077.33 4074.83 4072.04 4071.55 4070.72 4069.99 4069.14 4068.39 4068.47 4068.63 4068.9 4069.57 4070.89 4074.29 4079.83 4084.73 4088.93 4092.22 4094.53 4096.98 4099.19 4102.03 4104.61 4107.08 4109.24 4110.14 4107.82 4109.61 4114.78 4120.15 4124.77 4130.09 4134.28 4136.89 4140.91 4144.93 4148.22 4151.35 4151.74 4151.2 4150.31 4148.23 4146.54 4145.94 4144.93 4142.75 4137.7 4133.48 4130.55
4070.7 4065.51 4062.84 4061.31 4060.99 4062.74 4064.32 4066.71 4069.87 4072.91 4075.61 4077.96 4081.18 4083.94 4085.2 4083.53 4081.57 4078.99 4076.1 4073 4071.93 4071.58 4070.72 4070.17 4069.57 4069.34 4069.75 4070.23 4070.92 4071.94 4073.14 4076.56 4082.05 4087.72 4092.99 4096.75 4098.96 4101.1 4103.5 4105.98 4108.28 4110.62 4112.99 4114.14 4112.5 4114.51 4118.06 4122.13 4126.45 4129.77 4132.82 4134.79 4138.1 4142.01 4145.32 4146.58 4146.97 4146.86 4147.04 4146 4145.14 4145.57 4144.39 4142.57 4137.6 4133.36 4130.24
