real_craters/C076-300m.grd
DSAA
190 190
-28.4025 28.4025
-28.4025 28.4025
3761.2229773446 4586.4338147167
[rows 30 to 59 of 190, columns 67 to 133 of 190]
4169.78 4168.48 4168.96 4170.67 4174.69 4177.16 4178.96 4181.05 4181.17 4181.07 4181.34 4181.86 4181.88 4181.74 4182.12 4180.12 4181.42 4178.78 4178.83 4180.05 4180.73 4180.44 4178.87 4178.23 4184.8 4190.97 4195.46 4199.07 4206.41 4212.66 4216.23 4218.41 4219.01 4218.2 4215.06 4208.83 4199.33 4186.45 4171.45 4159.45 4157.41 4159.96 4164.62 4169.79 4174.16 4177.16 4179.32 4181.93 4182.07 4181.58 4180.64 4179.87 4177.98 4175.95 4174.57 4174.81 4177.47 4182.15 4186.64 4189.26 4192.93 4195.64 4196.1 4194.77 4192.71 4190.85 4189.3
4174.22 4172.88 4172.6 4175.57 4181.23 4182.15 4181.94 4182.94 4186.04 4188.53 4190.43 4192.03 4193.25 4194.21 4195.36 4193.69 4194.94 4195.05 4196.81 4200.05 4204.75 4203.39 4201.18 4200.14 4201.38 4203.97 4206.6 4209.29 4215.8 4218.67 4219.14 4220.09 4220.01 4218.79 4215.79 4210.39 4201.62 4189.49 4175.3 4162.47 4160.22 4163.06 4168.68 4174.28 4178.36 4180.95 4182.79 4185.11 4185.06 4184.21 4183.08 4181.46 4179.31 4176.9 4174.75 4173.55 4175.55 4180.21 4184.95 4188.87 4193.6 4197.57 4198.87 4196.09 4193.32 4191.63 4190.29
4183.49 4182.52 4181.27 4182.88 4189.11 4190.28 4187.9 4188.16 4193.15 4197.21 4200.14 4202.52 4204.69 4206.16 4206.56 4203.89 4205.13 4208.6 4212.67 4218.41 4222.78 4223.04 4222.33 4220.84 4218.62 4217.96 4218.69 4221.12 4225.19 4224.84 4222.73 4221.84 4221.27 4220.43 4217.96 4214.15 4206.86 4196.28 4183.42 4168.59 4167.04 4172.34 4178.29 4183.36 4186.68 4188.65 4189.64 4189.94 4189.37 4188.13 4186.11 4183.98 4181.64 4178.92 4176.61 4174.44 4175.39 4179.5 4183.66 4190.05 4195.76 4199.68 4200.67 4196.63 4193.19 4192.22 4191.34
4199.07 4200.51 4198.67 4198.91 4204.75 4204.54 4200.06 4199.72 4203.99 4207.49 4210.4 4213.33 4215.77 4217.64 4218.52 4218.23 4217.95 4221.05 4225.6 4230.95 4235.22 4238.04 4239.94 4237.48 4233 4229.99 4228.95 4230.13 4232.39 4227.35 4224.19 4223.22 4222.57 4221.9 4220.96 4219.49 4214.18 4205.87 4196.83 4186.05 4180.56 4187.65 4192.36 4195.41 4197 4197.47 4196.92 4196.44 4194.74 4192.63 4189.9 4187.33 4184.86 4182.44 4180.26 4179.72 4180.51 4180.44 4183.26 4190.15 4196.26 4200.23 4200.84 4197.24 4193.68 4193.27 4192.7
4220.08 4223.33 4224.81 4223.11 4226.03 4223.41 4221.42 4218.28 4217.53 4218.84 4220.95 4223.5 4226.25 4228.6 4229.45 4229.07 4229.33 4231.7 4235.39 4240.87 4246.63 4247.67 4251.87 4248.79 4242.77 4238.43 4235.89 4234.24 4231.17 4227.85 4225.5 4223.9 4223.29 4222.99 4223.04 4223.02 4220.36 4215.86 4211.32 4206.02 4200.57 4206.66 4209.09 4209.52 4208.63 4207.11 4204.98 4202.85 4201.24 4198.18 4195.19 4191.94 4188.96 4186.49 4184.2 4183.23 4182.61 4181.39 4182.93 4189.04 4194.84 4200.2 4201.35 4198.79 4195.86 4195.38 4194.84
4229.93 4238.54 4243.93 4242.61 4241.58 4238.92 4237.54 4233.47 4229.89 4229.13 4230.24 4232.96 4236.03 4239.31 4241.36 4240.87 4240.22 4239.62 4241.49 4243.72 4243.43 4249.72 4253.56 4252.1 4247.33 4242.93 4239.45 4236.57 4232.81 4226.82 4225.11 4223.66 4223.2 4223.35 4223.89 4224.66 4225.16 4224.85 4224.1 4221.23 4219.3 4225.5 4226.4 4224.36 4220.95 4217.33 4213.74 4209.89 4207.59 4203.95 4200.27 4196.74 4193.39 4190.31 4187.4 4185.11 4183.83 4184.13 4186.21 4190.33 4195.13 4199.81 4202.08 4201.38 4199.34 4198.57 4197.36
4232.35 4242.57 4249.57 4250.29 4249.31 4246.9 4244.7 4240.83 4237.68 4236.5 4237.27 4239.65 4243.28 4248.16 4252.22 4251.28 4244.52 4244.33 4245.56 4247.21 4247.67 4250.3 4253.34 4251.59 4248.01 4243.92 4240.07 4236.73 4233.9 4227.24 4223.96 4222.55 4222.47 4223.38 4224.65 4225.49 4229.26 4232.76 4236.51 4235.53 4234 4247.53 4243.45 4238.1 4232.39 4225.77 4220.54 4216.32 4211.89 4207.38 4203.94 4200.33 4197.29 4193.9 4190.7 4187.4 4184.69 4187.52 4190.2 4193.17 4197.06 4201.87 4204.59 4205.03 4204.3 4202.5 4200.1
4229.17 4238.04 4246.35 4249.2 4249.48 4247.93 4246.2 4243.37 4241.1 4240.29 4241 4243.23 4246.78 4251.53 4256.56 4256.51 4248.72 4246.6 4248.15 4250.15 4249.54 4250.16 4251.02 4249.52 4246.61 4242.76 4238.57 4234.14 4228.59 4224.08 4220.98 4220.65 4221.55 4223.19 4225.92 4229.4 4233.33 4238.32 4243.96 4245.94 4245.05 4258.87 4255.53 4246.97 4239.43 4232.78 4225.95 4220.18 4217.28 4212.14 4207.8 4203.03 4199.63 4196.59 4194.22 4191.89 4190.81 4192.05 4193.75 4196.37 4200.32 4206.75 4208.24 4208.8 4208.45 4205.94 4202.2
4224.18 4230.79 4238.73 4242.45 4243.58 4243.97 4243.1 4241.89 4240.71 4240.96 4242.26 4244.47 4247 4248.48 4250.04 4249.84 4245.62 4245.56 4249.08 4253.07 4252.32 4249.41 4247.48 4247.05 4243.99 4239.77 4235.29 4230.74 4225.71 4218.23 4217.92 4219.17 4220.97 4222.95 4225.99 4231.61 4235.85 4241.39 4245.69 4249.31 4257.8 4264.65 4260.79 4252.18 4244.68 4238.25 4230.69 4224.94 4220.16 4214.96 4210.34 4205.99 4202.61 4199.58 4197.64 4196.93 4197.65 4195.24 4196.32 4199.3 4203.33 4208.68 4210.86 4211.59 4211.17 4208.17 4203.17
4217.33 4223.76 4228.69 4231.52 4233.91 4235.95 4237.86 4237.5 4237.95 4239.29 4241.47 4244.21 4246.94 4247.85 4247.61 4245.92 4239.88 4242.43 4248.03 4253.53 4251.28 4251.17 4250.76 4245.94 4240.91 4235.99 4231.16 4226.98 4223.68 4217.97 4216.22 4218.17 4220.97 4223.27 4224.09 4228.21 4237.87 4244.59 4248.41 4250.23 4249.57 4263.52 4260.99 4252.99 4246.88 4240.06 4232.72 4226.89 4221.59 4215.53 4211.19 4207.37 4204.2 4201.65 4200.23 4199.51 4199.62 4196.6 4198.29 4201.7 4205.43 4209.62 4212.39 4213.32 4212.77 4209.4 4203.08
4208.38 4212.94 4214.53 4218.53 4220.3 4223.36 4228 4230.96 4233.48 4235.97 4238.86 4242.36 4246.62 4251.34 4250.08 4244.78 4240.01 4240.67 4245.46 4249.52 4250.09 4251.43 4250.31 4243.8 4237.31 4231.19 4225.82 4221.48 4218.12 4212.74 4214.02 4217.71 4222.33 4226.97 4230.52 4235.34 4242.68 4249.47 4254.1 4254.59 4254.67 4261.88 4258.69 4251.66 4245.56 4239.86 4233.31 4227.94 4222.94 4217.36 4212.48 4209.27 4205.66 4203.22 4201.46 4200.21 4199.36 4197.6 4200.01 4203.86 4208.49 4212.16 4213.33 4213.84 4213.59 4210.15 4201.39
4198.53 4201.77 4204.46 4207.99 4210.85 4215.44 4220.34 4224.28 4227.96 4231.33 4234.79 4238.61 4243.03 4248.22 4249.47 4245.16 4239.42 4238.63 4242.88 4246.31 4246.72 4247.07 4245.01 4238.88 4232.1 4225.43 4219.46 4214.49 4211.16 4211.71 4212.36 4217.73 4224.55 4231.99 4240.19 4244.26 4248.01 4253.85 4259.76 4259.32 4258.3 4255.25 4251.79 4247.22 4242.6 4236.53 4231.4 4226.63 4222.08 4217.8 4213.64 4209.87 4206.08 4203.55 4201.53 4200.34 4199.02 4198.78 4201.19 4204.98 4209.32 4212.17 4212.94 4212.62 4211.01 4206.36 4197.51
4188.7 4194.5 4196.69 4199.33 4202.21 4207 4213.04 4218.12 4222.58 4226.86 4230.57 4233.8 4236.63 4239.47 4247.22 4246.31 4239.81 4237.41 4240.96 4242.88 4242.18 4242.19 4238.29 4232.66 4226.13 4219.32 4212.77 4207.39 4204.61 4207.12 4209.77 4217.47 4226.26 4235.75 4243.89 4248.14 4250.23 4252.99 4257.58 4260.57 4258.33 4247.53 4245.56 4241.9 4238.21 4233.09 4228.94 4226 4222.14 4217.2 4213.31 4209.6 4206.54 4204.1 4201.75 4200.29 4199.15 4198.68 4201.86 4204.94 4208.22 4210.89 4211.46 4210.09 4207 4201.85 4192.18
4179.37 4183.85 4188.2 4190.81 4194.64 4198.85 4205.72 4212.27 4217.89 4222.78 4226.71 4229.65 4231.98 4234.93 4244.03 4245.76 4242.55 4239.84 4239.17 4238.32 4236.24 4232.72 4230.92 4226.17 4219.67 4212.8 4206.2 4200.52 4198.27 4203.72 4209.5 4217.03 4226.63 4237.44 4248.13 4249.82 4250.12 4249.27 4252.32 4260.92 4262.98 4246.03 4241.88 4239.97 4236.73 4231.75 4228.17 4224.38 4220.2 4216.62 4212.9 4209.53 4206.36 4203.49 4201.95 4200.29 4199.07 4201.79 4202.59 4204.47 4206.02 4209.63 4209.85 4207.31 4202.51 4194.73 4186.92
4174.36 4176.27 4178.27 4182.33 4186.64 4191.98 4200.08 4207.48 4213.53 4218.92 4223.58 4227.3 4230.19 4234.4 4239.83 4244.44 4245.59 4243.75 4235.56 4232.14 4232.49 4230.98 4226.9 4220.62 4213.82 4207.04 4200.61 4195.72 4195.09 4203.41 4207.87 4214.94 4224.89 4235.82 4244.61 4248.73 4250.18 4251.01 4255.03 4262.78 4263.48 4248 4240.89 4237.56 4234.45 4230.62 4226.44 4222.93 4219.09 4214.95 4211.88 4209.13 4206.9 4204.01 4201.35 4199.2 4197.2 4199.54 4202.58 4203.91 4206.79 4209.62 4208.6 4205.28 4200.08 4192.72 4185.05
4170.23 4170.42 4171.95 4176.07 4179.86 4186.25 4196.27 4203.58 4210.28 4216.4 4221.54 4226.24 4229.68 4234.54 4241.77 4244.64 4246.92 4248.33 4235.81 4230.18 4229.85 4228.98 4221.85 4214.86 4208.2 4201.86 4196.02 4191.77 4192.85 4199.23 4202.76 4210.54 4221.32 4232.3 4241.84 4246.39 4250.12 4253.69 4259.15 4265.06 4264.71 4245.79 4240.39 4236.78 4233.33 4228.82 4225.3 4221.89 4217.9 4215.05 4211.94 4208.92 4205.52 4203.13 4200.98 4199.39 4197.4 4202.59 4203.9 4202.77 4202.14 4206.39 4206.88 4203.75 4199.08 4194.1 4185.67
4166.76 4167.01 4169.7 4172.78 4176.41 4184.43 4193.58 4200.46 4207.15 4213.64 4220.13 4226.15 4230.95 4235.89 4240.44 4242.04 4242.78 4243.43 4235.14 4228.02 4225.16 4220.04 4213.7 4208.84 4203.09 4197.48 4192.21 4188.2 4188.48 4192.67 4195.15 4205.46 4217.56 4227.93 4235.69 4242.41 4248.04 4255.23 4259.72 4264.8 4266.43 4247.96 4241.56 4236.96 4232.9 4228.86 4225.02 4221.27 4218.05 4214.63 4211.57 4208.44 4205.71 4203.36 4201.76 4201.2 4203.97 4205.63 4206.19 4203.74 4202.23 4206.45 4205.93 4202.02 4197.37 4191.54 4185.23
4166.9 4168.31 4169.91 4171.52 4173.93 4181.08 4189.97 4197.17 4203.88 4210.69 4218.1 4225.77 4233.75 4238.62 4239.35 4236.34 4232.96 4228.91 4224.04 4220.75 4219.19 4215.22 4209.59 4204.39 4199.26 4194.13 4189.48 4186.43 4186.7 4189.44 4191.85 4203.3 4215.51 4226.72 4233.62 4237.23 4241.42 4247.61 4253.21 4258.04 4258.61 4248.31 4243.83 4239.2 4234.53 4230.17 4225.97 4222.03 4218.25 4214.54 4211.19 4208.22 4205.92 4203.75 4202.54 4201.85 4202.11 4207.71 4208.1 4205.71 4204.86 4203.56 4202.29 4199.87 4195.71 4190.71 4186.47
4167.6 4170.19 4172.57 4171.7 4170.02 4176.67 4186.66 4193.29 4200.07 4206.98 4214.37 4222.52 4231.12 4235.48 4233.47 4227.38 4220.88 4213.6 4211.89 4210.3 4208.87 4207.78 4205.29 4200.88 4196.7 4192.18 4187.85 4185.04 4186.09 4189.71 4196.3 4204.31 4214.21 4224.36 4229.03 4230.24 4231.24 4233.45 4241.91 4248.08 4249.84 4247.15 4245.99 4241.39 4236.27 4231.57 4227.03 4223.24 4219.3 4215.42 4211.83 4208.51 4205.9 4203.84 4202.64 4203.06 4204.44 4204.91 4204.25 4202.06 4201.52 4201.85 4201.22 4197.82 4194.09 4190.55 4187.98
4167.54 4170.1 4172.21 4170.73 4170.6 4174.97 4182.29 4188.96 4195.43 4201.74 4208.35 4215.18 4222.36 4224.03 4221.52 4216.02 4209.7 4202.36 4200.45 4199.96 4199.88 4199.45 4197.97 4198.06 4195.92 4191.98 4187.84 4185.13 4187.15 4191.86 4197.5 4204.36 4211.98 4219.14 4222.06 4222.66 4223.08 4225.77 4233.77 4240.55 4243.57 4246.61 4246.6 4242.29 4237.41 4232.53 4227.91 4223.49 4218.93 4214.9 4211.06 4207.75 4204.82 4202.53 4201.17 4201.35 4201.73 4200.55 4198.51 4198.32 4198.12 4198.72 4198.45 4194.85 4191.58 4188.26 4185.68
4167.28 4169.25 4168.02 4167.06 4168.21 4172.78 4178.64 4184.76 4190.61 4196.01 4200.86 4204.32 4205.19 4206.15 4206.3 4204.45 4200.89 4196.89 4192.81 4192.72 4191.91 4196.75 4199.2 4200.36 4198.07 4193.79 4189.68 4187.67 4190.16 4195.06 4200.57 4206.5 4210.19 4211.86 4214.85 4216.03 4217.02 4221.12 4229.51 4238.06 4243.69 4245.96 4246.63 4241.66 4236.96 4232.26 4227.7 4223.37 4218.71 4214.65 4210.72 4207.06 4203.68 4200.91 4198.36 4196.53 4197 4198.49 4199.71 4195.2 4194.81 4194.55 4191.86 4191.29 4188.43 4185.02 4181.92
4167.11 4168.22 4165.49 4164.16 4166.52 4171.6 4177.04 4181.55 4186.1 4190.35 4193.84 4195.74 4195.91 4193.51 4194.86 4195.43 4194.41 4192.83 4188.57 4191.42 4195.86 4201.24 4207.33 4206.56 4202.51 4197.74 4192.81 4190.88 4194.54 4199.89 4205.95 4209.93 4209.81 4210.87 4210.88 4211.38 4212.5 4217.49 4226.75 4236.5 4242.58 4241.66 4240.34 4238.75 4235.31 4231.22 4226.86 4222.74 4218.67 4214.49 4211.22 4206.88 4203.13 4199.49 4196.13 4191.24 4192.59 4195.41 4197.3 4193.74 4192.95 4192.52 4192.22 4189.33 4185.82 4181.98 4178.62
4167.99 4168.13 4167.22 4167.46 4168.9 4172.04 4175.29 4178.32 4181.66 4185.24 4188.32 4189.35 4188.06 4187.31 4188.85 4190.41 4190.56 4189.7 4188.67 4193.63 4200.69 4205.89 4211.84 4211.39 4207.64 4203.86 4198.86 4196.37 4201.17 4205.54 4209.54 4210.74 4208.97 4207.56 4208.5 4209.18 4210.57 4216.19 4224.96 4232.44 4236.42 4236.99 4237.27 4235.29 4232.87 4229.85 4226.13 4222.5 4218.81 4214.97 4211.27 4206.74 4202.65 4198.63 4195.57 4194.14 4192 4192.24 4190.91 4192.5 4191.17 4190.48 4190.06 4187.37 4183.8 4180.04 4175.89
4165.44 4167.45 4170.5 4174.39 4174.76 4172.79 4173.31 4174.86 4177.38 4180.6 4184.16 4187.58 4186.51 4183.28 4186.8 4189.97 4191.02 4189.47 4191.15 4196.94 4203.13 4208.41 4211.74 4212.22 4212.1 4212.2 4212.53 4211.48 4211.61 4212.35 4212.58 4211.75 4209.08 4208.12 4209.06 4210.08 4210.93 4217.4 4225.69 4231.81 4234.11 4233.02 4230.47 4231.93 4229.76 4228.05 4225.45 4222.34 4218.64 4215.28 4211.57 4207.08 4202.43 4197.71 4193.86 4192.42 4189.83 4189.57 4190.06 4189.59 4188.18 4187.01 4186.07 4183.76 4181.95 4180.18 4178.51
4158.07 4163.42 4169.13 4174.12 4173.6 4170.88 4169.71 4170.37 4172.94 4176.54 4180.49 4185.29 4184.93 4183.19 4189.1 4194.87 4198.81 4197.93 4201.28 4206.68 4209.92 4212.23 4212.41 4213.21 4215.97 4219.65 4225.24 4225.99 4222.51 4220.74 4218.44 4215.43 4212.38 4209.96 4213.32 4216.26 4215.93 4223.43 4230.09 4234.32 4234.86 4232.8 4231.98 4230.69 4227.81 4226.66 4224.37 4221.51 4218.64 4215.31 4211.17 4207.15 4202.24 4196.63 4190.43 4185.7 4185.89 4186.28 4185.99 4185.21 4184.44 4183.38 4180.74 4180.02 4180.74 4180.48 4181.44
4151.75 4157.99 4164.3 4168.61 4168.14 4166.52 4164.88 4165.51 4169.07 4173.66 4177.55 4179.54 4182.95 4187.69 4195.74 4204.17 4212.44 4220.31 4220.64 4223.82 4222.02 4218.24 4216.01 4215.82 4219.6 4224.33 4228.91 4231.26 4230.65 4229.86 4230.07 4237.31 4222.21 4217.33 4221.05 4228.17 4237.49 4235.62 4237.13 4238.9 4237.18 4233.19 4230.1 4228.23 4225.64 4224.77 4222.96 4220.47 4217.89 4214.91 4211.23 4207.49 4202.88 4197.69 4190.81 4184.3 4184.16 4183.38 4181.96 4180.98 4180.92 4181.03 4181.79 4182.3 4180.29 4179.33 4178.9
4146.42 4153.06 4159.22 4163.37 4164.12 4163.06 4161.27 4161.91 4167.73 4174.19 4179.26 4182.99 4190.17 4197.24 4204.67 4213.59 4223.26 4230.47 4227.39 4226.73 4226.37 4223.51 4221.06 4220.93 4224.47 4228.84 4232.47 4236.1 4238.1 4238.41 4237.78 4234.72 4228.96 4225.99 4228.26 4234.77 4243.01 4243.02 4243.23 4243.65 4239.93 4234.02 4228.4 4225.8 4223.45 4222.55 4222.13 4220.16 4218.21 4215.02 4211.89 4208.28 4204.36 4200.46 4196.61 4191.37 4184.97 4181.05 4178.79 4177.41 4177.69 4178.65 4179.62 4180.07 4178.27 4177.31 4175.92
4144.07 4150.62 4155.76 4160.81 4163.02 4163.2 4161.64 4162.17 4171.07 4180.33 4186.81 4192.06 4199.2 4206.33 4213.27 4221.23 4229.12 4234.08 4231.63 4229.45 4229.33 4228.4 4227.35 4227.75 4231.51 4235.96 4239.86 4244.22 4246.85 4247.37 4246.14 4242.94 4237.81 4234.59 4233.93 4234.62 4238.25 4245.58 4248.5 4246.64 4243.43 4236.62 4228.94 4224.34 4221.9 4222.09 4220.59 4220.38 4218.05 4215.19 4212.2 4209.03 4205.88 4202.91 4198.92 4192.72 4185.08 4178.26 4172.42 4172.46 4175.2 4176.17 4175.67 4174.22 4174.91 4175.07 4174.71
4147.1 4152.15 4155.48 4156.94 4165.41 4169.65 4169.57 4169.24 4182.2 4194.08 4200.58 4202.14 4206.3 4214.14 4221.44 4227.58 4232.3 4235.45 4235.39 4234.1 4234.46 4234.66 4235.22 4236.62 4241.43 4246.7 4251.03 4255.98 4259.03 4259.42 4258.22 4254.89 4249.87 4245.01 4241.28 4238.67 4242.04 4251.68 4258.8 4256.26 4252.74 4242.72 4231.23 4223.49 4222.69 4223.02 4221.83 4219.62 4218.55 4215.64 4212.65 4209.9 4207.35 4204.99 4201.16 4193.78 4184.82 4176.61 4170.99 4173.64 4175.24 4175.08 4174.05 4172.47 4173 4173.06 4172.72
4153.48 4158.6 4162.11 4165.41 4177.61 4184.58 4188.34 4192.28 4204.88 4217.11 4224.19 4224.72 4222.69 4227.54 4231.6 4234.36 4236.3 4238.52 4241.21 4244.72 4240.52 4242.56 4245.67 4249.19 4255.61 4262.43 4267.6 4272.54 4275.61 4275.71 4273.94 4269.75 4264.02 4258.06 4252.14 4247.59 4251.17 4261.99 4274.34 4285.75 4267.77 4251.82 4237.48 4227.56 4227.22 4226.77 4223.26 4220.25 4218.35 4215.4 4212.16 4209.41 4207.2 4206.03 4202.8 4193.98 4184.05 4176.01 4172.77 4177.27 4176.45 4174.97 4174.08 4173.63 4172.6 4171.01 4169.38
