real_craters/C076-300m.grd
DSAA
190 190
-28.4025 28.4025
-28.4025 28.4025
3761.2229773446 4586.4338147167
[rows 60 to 89 of 190, columns 67 to 133 of 190]
4162.52 4169.2 4175.77 4184.06 4196.47 4205.8 4214.28 4223.94 4235.21 4246.08 4255.33 4258.34 4253.03 4247.26 4244.15 4242.03 4240.87 4241.12 4242.72 4242.19 4244.85 4252.17 4259.76 4266.97 4275.15 4283.4 4289.63 4293.79 4296.5 4295.85 4293.61 4287.91 4282 4276.07 4266.97 4261.13 4263.35 4271.95 4282.67 4289.95 4275.49 4260.33 4248.24 4241.86 4237.39 4231.79 4226.52 4221.36 4217.4 4213.74 4209.78 4207.96 4205.35 4203.7 4201.29 4191.43 4181.61 4174.01 4171.48 4176.09 4174.94 4173.74 4173.27 4173.67 4171.66 4168.54 4165.81
4171.34 4180.96 4193.1 4204.81 4218.08 4228.23 4239.73 4253.58 4264.23 4272.47 4282.73 4284.45 4275.59 4264.7 4257.21 4251.36 4246.31 4244.66 4243.33 4241.95 4251.49 4265.71 4278.16 4288.82 4298.18 4306.01 4313.34 4318.82 4320.94 4320.06 4316.56 4310.08 4307.19 4298.26 4286.2 4273.68 4276.66 4281.86 4284.69 4282.51 4277.05 4266.55 4256.78 4253.22 4244.26 4235.18 4228.66 4222.96 4217.72 4213.67 4209.36 4206.51 4201.88 4197.66 4192.79 4185.36 4177.43 4170.81 4168.22 4168.92 4170.61 4171.03 4170.78 4169.98 4167.59 4165.03 4162.68
4173.34 4190.79 4209.89 4225.9 4235.13 4247.17 4258.97 4272.93 4282.65 4287.69 4297.33 4294.39 4283.84 4276.66 4269.93 4263.75 4257.98 4254.59 4251.63 4252.42 4266.27 4285.85 4301.99 4314.05 4323.72 4332.67 4341.07 4347.74 4350.08 4347.21 4342.4 4334.12 4332.89 4323.96 4311.53 4297.75 4297.36 4296.68 4291.97 4285.8 4281.47 4272.24 4260.61 4249.76 4241.69 4235.18 4230.3 4225.16 4220.61 4215.06 4209.61 4204.27 4197.85 4190.95 4183.98 4178.99 4172.99 4167.61 4165.62 4166.96 4167.97 4168.52 4168.23 4166.4 4164.53 4162.28 4158.4
4183.5 4198.4 4214.17 4233.47 4252.27 4262.91 4270.47 4277.98 4283.73 4290.01 4293.69 4292.95 4290.12 4288.36 4285.06 4280.47 4275.91 4273.03 4270.01 4274.77 4291.12 4313.82 4332.13 4343.92 4353.28 4365.64 4374.11 4378.41 4378.92 4377.28 4371.79 4360.88 4358.42 4349.49 4339.73 4335.57 4323.57 4317.58 4308.54 4299.51 4293.08 4281.28 4266.32 4249.57 4240.82 4237.29 4233.05 4228.85 4223.51 4216.94 4210.17 4202.78 4195.25 4186.98 4179.9 4175 4170.01 4165.19 4164.09 4164.62 4165.85 4167.26 4166.85 4166.04 4165.21 4163.24 4158.67
4179.66 4200.67 4223.47 4242.61 4261.59 4271.97 4276.51 4279.62 4282.22 4290.52 4293.91 4297.18 4300.83 4303.84 4304.3 4302.12 4300.59 4301.22 4301.23 4309.69 4326.53 4349.77 4367.03 4379.37 4392.23 4407.76 4408.12 4403.76 4400.75 4403.63 4402.82 4393.41 4381.53 4372.01 4356.95 4344.52 4343.45 4340.89 4333.8 4324.2 4312.96 4297.02 4277.82 4258.12 4247.07 4243.09 4239.36 4234.26 4228.06 4219.94 4211.97 4202.91 4194.45 4187.66 4179.8 4173.66 4169.17 4165.19 4164.88 4166.83 4168.53 4167.21 4165.86 4164.65 4164.14 4166.38 4166.89
4182.76 4203.88 4227.55 4243.87 4260.84 4272.89 4279.91 4285.41 4290.35 4298.3 4303.03 4307.23 4315.57 4323.97 4328.86 4329.21 4332.27 4339.36 4344.71 4362.38 4379.58 4389.85 4397.12 4410.09 4435.61 4454.43 4430.41 4412.59 4407.8 4416.39 4431.28 4436.43 4416.83 4394.34 4371.76 4356.94 4357.42 4362.84 4364.71 4354.12 4335.38 4314.96 4295.07 4276.71 4261.64 4255.49 4250.55 4243.51 4235.64 4227.87 4216.19 4204.39 4193.18 4186.72 4178.65 4171.85 4168.95 4167.44 4165.91 4166.92 4168.37 4165.91 4164.27 4163.55 4163.72 4167.31 4168.05
4181.4 4198.57 4215.29 4237.14 4253.9 4267.89 4282.73 4294.92 4303.75 4313.02 4317.51 4319.28 4333.02 4348.31 4359.66 4364.47 4373.84 4387.27 4393 4417.54 4434.77 4416.33 4404.6 4409.21 4439.58 4449.05 4414.94 4392.11 4386.8 4400.73 4431.74 4457.05 4432.89 4394.16 4373.25 4360.47 4354.67 4370.35 4395.74 4378.92 4349.44 4328.18 4312.93 4301.66 4285.94 4276.95 4266.37 4262.18 4250.15 4236.99 4222 4206.41 4190.25 4176.96 4171.64 4168.13 4166.27 4165.64 4163.49 4163.12 4163.38 4161.82 4161.35 4162.33 4164.97 4165.47 4163.91
4184.89 4200.89 4215.91 4235.05 4251.79 4268.1 4287.14 4306.14 4326.52 4330.4 4329.91 4333.92 4351.9 4373.73 4394.52 4408.93 4420.21 4435.12 4443.05 4437.26 4438.02 4399.82 4372.75 4361.35 4369.67 4372.02 4351.91 4337.89 4334.32 4343.97 4367.18 4384.84 4361.1 4318.42 4308.84 4308.98 4316.16 4340.2 4379.62 4363.45 4340.05 4327.88 4324.36 4326.29 4319.21 4304.23 4286.87 4279.35 4263.86 4247.39 4229.07 4209.98 4190.14 4174.67 4168.66 4164.85 4161.94 4159.54 4158.64 4157.52 4155.94 4156.21 4157.03 4158.41 4160.22 4159.14 4158.37
4190.88 4206.17 4222.07 4239.45 4256.07 4272.22 4292.59 4312.52 4331.6 4336.44 4337.54 4347.45 4367.37 4392.18 4422.22 4450.45 4446.38 4443.99 4432.9 4395.53 4365.93 4329.49 4300.15 4281.36 4268.58 4258.13 4260.96 4259.98 4258.85 4258.45 4256.95 4257.16 4245.33 4211.98 4216.1 4228.93 4246.62 4268.63 4290.9 4299.66 4303.46 4312.05 4325.03 4340.45 4345.13 4329.68 4311.02 4296.74 4278.71 4258.57 4237.4 4215.79 4194.6 4179.22 4170.38 4164.61 4160.22 4156.96 4155.4 4153.63 4151.69 4151.72 4152.47 4153.17 4153.41 4153.08 4153.37
4197.69 4215.29 4230.21 4248.24 4265.48 4281.99 4300.2 4316.04 4326.53 4333.77 4345.98 4359.84 4374.54 4392.64 4418.76 4446.21 4418.05 4386.66 4353.61 4308.53 4260.94 4231.07 4210.65 4191.27 4171.31 4155.85 4169.42 4177.49 4178.39 4171.76 4158.16 4155.5 4156.08 4132.9 4125.11 4148.72 4169.66 4185.1 4195.38 4221.62 4253.78 4284.14 4314.91 4343.93 4359.74 4350.42 4334.21 4312.17 4291.38 4269.15 4246.37 4223.02 4199.91 4183.77 4174.63 4167.72 4162.42 4158.03 4154.94 4152.27 4150.13 4149.26 4149.34 4149.24 4148.24 4148.91 4151.74
4206.86 4224.42 4241.52 4260.89 4278.86 4295.97 4311.66 4324.18 4331.25 4341.07 4362.61 4372.7 4370.83 4369.25 4371.18 4368.94 4333.83 4288.18 4249.85 4209.77 4165.51 4136.96 4120.35 4103.22 4084.98 4080.35 4093.85 4104.64 4107.42 4100.29 4086.85 4086.11 4089.08 4072.07 4068.54 4087.97 4105.59 4115.96 4120.92 4157.16 4205.78 4251.52 4295.85 4338.82 4372.54 4369.72 4353.29 4324.52 4302.25 4279.52 4256.86 4233.47 4208.21 4190.72 4181.84 4174 4167.47 4161.53 4156.77 4153.14 4150.05 4148.53 4148.29 4147.79 4146.52 4148.21 4152.49
4215.66 4237.16 4258.1 4276.93 4294.09 4311.17 4325.88 4338.57 4346.65 4358.67 4382.21 4378.47 4354.86 4327.88 4299.59 4268.26 4232.49 4188.05 4152.74 4118.36 4080.93 4053.75 4040.51 4027.68 4017.66 4024.36 4037.22 4046.25 4049.94 4046.24 4039.95 4039.48 4041.68 4035.32 4040.3 4049.27 4061.12 4070.35 4079.74 4117.22 4167.59 4217.88 4267.85 4319.5 4372.02 4383.63 4362.08 4329.98 4308.41 4287.83 4267.86 4247.86 4228.05 4209.22 4194.06 4181.92 4172.6 4165.38 4160.01 4156.03 4152.64 4150.69 4150.13 4149.49 4148.83 4148.44 4148.35
4227.62 4247.66 4275.22 4292.79 4308.5 4322.91 4338.69 4356.67 4371.33 4381.62 4407.74 4376.9 4326.53 4277.09 4228.39 4183.01 4141.12 4097.42 4069.71 4042.09 4010.18 3986.23 3977.26 3967.93 3963.08 3982.75 3995.28 4002.83 4005.55 4004.95 4003.69 4005.42 4009.87 4012.86 4019.26 4022.23 4031.82 4044.44 4060.66 4095.22 4138.9 4184.75 4231.19 4279.14 4329.25 4362.73 4349.89 4323.75 4308.14 4293.22 4278.15 4262.26 4246.27 4227.87 4207.96 4190.75 4176.92 4169.61 4164.72 4161.01 4158.2 4156.18 4154.5 4152.87 4151.78 4149.54 4146.04
4238.74 4261.71 4287.99 4307.53 4323.28 4335.5 4350.29 4371.94 4395.53 4416.52 4409.54 4347.85 4281.6 4220.07 4161.65 4111.82 4068.62 4027.95 4006.44 3985.26 3962 3943.98 3934.64 3927.15 3928.35 3952.33 3963.61 3968.62 3970.85 3971.54 3972.52 3975.56 3981.83 3989.72 3991.45 3997.59 4009.45 4027.81 4052.3 4078.67 4111.47 4148.4 4186.65 4223.24 4258.14 4300.03 4313.18 4304.92 4301.25 4295.63 4287.53 4275.52 4258.66 4242.11 4222.35 4201.58 4184.04 4176.19 4170.87 4166.94 4164.95 4164.05 4160.2 4156.51 4153.27 4152.66 4151.35
4253.91 4275.31 4301.26 4321.87 4338.24 4351.1 4361.61 4371.77 4384.79 4393.44 4323.14 4277.3 4220.51 4159.91 4099.44 4052.06 4014.57 3983.33 3962.13 3945.28 3929.6 3916.98 3909.06 3903.24 3906.46 3924.95 3936.41 3940.71 3942.06 3942.35 3944.31 3946.86 3952.08 3956.47 3959.06 3971.9 3986.74 4008.58 4036.8 4057.66 4083.77 4111.79 4141.21 4168.39 4192.88 4231.74 4263.6 4280.18 4291.48 4297.47 4298.18 4292.48 4280.27 4262.11 4240.3 4216.48 4196.5 4186.33 4178.33 4172.26 4168.72 4167.55 4163.26 4161.01 4158.71 4156.27 4153.56
4282.18 4299.25 4318.38 4336.31 4349.24 4361.92 4372.96 4347.44 4323.38 4280.81 4232.57 4200.23 4157 4104.61 4049.4 4007.45 3973.75 3947.04 3930.18 3917.15 3906.97 3900.87 3895.78 3893.1 3896.44 3906.89 3915.11 3918.47 3918.09 3914.82 3915.58 3920.51 3924.03 3927.83 3936.99 3947.75 3963.76 3984.54 4007.7 4030.24 4054.02 4078.36 4102.87 4123.61 4143.32 4175.79 4227.67 4257.41 4282.79 4300.58 4310.9 4312.72 4304.77 4284.97 4261.56 4237.97 4215.61 4199.04 4186.38 4176.72 4169.14 4163.02 4163.32 4165.61 4167.39 4159.04 4149.88
4313.77 4333.84 4344.89 4350.76 4350.32 4347.6 4341.83 4297.3 4250.48 4205.72 4169.53 4138.46 4103.18 4060.6 4015.29 3978.6 3946.89 3922.87 3908.22 3896.97 3889.36 3886.15 3884.38 3890.91 3894.05 3896.38 3900.89 3901.86 3900.88 3897.77 3898.1 3901.87 3903.2 3902.43 3910.96 3925.45 3941.42 3958.77 3980.14 4001.63 4025.8 4049.92 4072.86 4093.06 4114.19 4147.71 4201.82 4241.99 4278.44 4306.98 4326.45 4334.39 4328.6 4307.53 4281.36 4255.04 4231.03 4210.05 4193.66 4181.05 4171.12 4163.95 4165.04 4169 4169.24 4156.8 4146.94
4331.11 4351.93 4365.99 4361.39 4342.36 4313.6 4273.66 4234.36 4188.72 4146.82 4118.34 4090.18 4061.61 4028.88 3993.91 3960.95 3932.68 3910.26 3894.11 3882.21 3873.35 3867.18 3866.97 3872.86 3878.49 3882.32 3886.27 3887.84 3889.06 3889.58 3889.94 3891.22 3891.97 3891.31 3897.21 3910.47 3922.72 3934.08 3947.95 3974.72 4001.47 4026 4048.41 4071.56 4092.86 4134.42 4188.41 4233.75 4278.24 4316.81 4345.38 4358.37 4352.63 4329.01 4297.55 4263.66 4237.24 4216.9 4199.15 4185.01 4174.33 4168.16 4169.96 4174.72 4173.37 4158.33 4149.12
4338.36 4358.82 4379.69 4369.29 4331.34 4280.95 4225.69 4181.07 4141.44 4101.02 4075.12 4053.17 4030.01 4004.53 3977.36 3947.44 3921.85 3900.79 3884.51 3871.73 3861.38 3853.53 3851.14 3853.71 3860.53 3865.83 3868.72 3874.88 3878.97 3883.01 3883.39 3884.38 3887.73 3893.93 3898.88 3903.73 3912.13 3920.98 3930.25 3958.19 3983.7 4007.19 4030.01 4053.79 4074.52 4116.12 4174.93 4226.77 4279.97 4329.23 4368.57 4388.71 4380.71 4350.12 4311.1 4271.6 4243.46 4221.35 4202.62 4187.74 4176.8 4171.33 4173.94 4183.22 4187.03 4169.12 4155.97
4350.12 4372.69 4398.33 4378.2 4318.7 4252 4185.7 4138.71 4105.68 4069.16 4044.64 4026.99 4005.48 3983.01 3959.25 3933.75 3911.04 3892.41 3877.48 3864.68 3854.08 3845.22 3840.42 3843.1 3847.67 3853.51 3860.07 3863.47 3867.7 3872.2 3874.11 3876.21 3880.56 3887.14 3893.89 3897.05 3906.71 3921.05 3938.33 3953.67 3972.8 3993.14 4014.76 4037.62 4053.69 4092.56 4154.49 4216.3 4279.56 4340.51 4392.98 4425.13 4410.84 4368.61 4320.79 4276.52 4247.14 4224.19 4205.21 4189.87 4177.84 4170.64 4172.96 4186.51 4198.04 4196.63 4178.33
4374.13 4406.08 4415.29 4374.97 4297.43 4221.68 4153.46 4104.39 4074.51 4045.42 4030.79 4007.79 3985.71 3963.59 3942.05 3920.96 3901.01 3885.81 3872.96 3860.9 3850.69 3842.59 3837.21 3834.45 3838.02 3842.19 3847.94 3850.21 3854.51 3859.07 3862.32 3865.51 3869.92 3874.99 3878.71 3885.33 3900.88 3919.45 3937.64 3950.07 3965.27 3982.65 4002.06 4023.2 4035.34 4071.51 4132.55 4201.59 4274.19 4345.8 4410.09 4451.76 4429.99 4378.68 4323.79 4276.63 4248.31 4225.94 4207.33 4191.7 4178.67 4170.27 4170.89 4184.77 4202.03 4214.69 4203.59
4405.78 4449.34 4420.92 4343.02 4264.08 4188.13 4118.94 4069.67 4047.35 4033.75 4011.21 3989.53 3968.3 3946.95 3928.62 3912.29 3896.15 3882.43 3870.61 3859.64 3849.99 3842.63 3837.46 3832.99 3830.89 3830.64 3830.43 3833.87 3839.94 3845.96 3849.34 3853.46 3858.33 3863.41 3867.03 3877.15 3895.06 3914.41 3931.82 3944.24 3958.19 3973.42 3990.8 3991.62 4016.12 4049.79 4106.62 4182.3 4261.86 4340.85 4411.46 4454.22 4429.96 4377.67 4320.55 4274.15 4248.44 4227.67 4209.7 4193.81 4180.01 4170.91 4169.82 4182.77 4199.98 4216.42 4216.45
4429.63 4486.45 4427.9 4311.6 4227.36 4153.93 4089.24 4044.72 4030.78 4020.12 3994.85 3973.5 3954.01 3934.77 3920.09 3908.28 3895.57 3882.36 3870.48 3859.79 3850.46 3842.29 3835.96 3830.93 3825.24 3820.76 3817.45 3819.05 3824.04 3829.6 3835.25 3840.79 3847.86 3855.35 3865.85 3876.59 3888.87 3906.58 3923.53 3936.44 3950.19 3950.46 3963.36 3977.67 3997.66 4026.57 4080.62 4158.74 4242.42 4325.21 4396.71 4435.15 4414.82 4367.52 4313.06 4271.28 4249.56 4230.32 4212.87 4196.86 4182.25 4172.38 4170.23 4178.74 4187.67 4202.79 4211.32
4420.75 4463.47 4403.7 4279.29 4190.88 4121.51 4062.66 4020.62 4012.05 3999.33 3979.48 3959.98 3942.8 3927.33 3914.66 3905.31 3894.9 3881.88 3870.74 3860.94 3851.69 3842.4 3833.7 3827.23 3819.64 3812.65 3807.97 3807.28 3810.33 3815.43 3821.44 3827.82 3835.56 3845.22 3856.68 3866.7 3879.1 3894.7 3911.43 3927.43 3931.59 3941.39 3952.82 3962.28 3979.74 4006.96 4056 4131.66 4216.6 4301.68 4373.62 4409.28 4394.09 4354.31 4307.1 4272.36 4253.67 4235.75 4218.88 4201.63 4185.54 4172.82 4165.85 4166.98 4171.21 4183.81 4197.59
4400.86 4409.17 4347.45 4237.49 4153.66 4093.66 4042.61 4001.26 3993.5 3980.19 3963.33 3946.22 3933.65 3921.83 3909.36 3897.03 3888.1 3879.46 3871.79 3863.27 3854.31 3844.42 3835.53 3824.58 3814.3 3805.3 3798.61 3795.91 3797.74 3802.77 3809.13 3816.58 3823.98 3834.67 3844.62 3852.82 3869.5 3887.27 3904.12 3920.17 3923.26 3932.33 3940.5 3950.26 3964.43 3987.29 4027.3 4099.26 4185.72 4273.9 4348.14 4383.36 4374.27 4342.91 4303.65 4277.5 4261.95 4244.79 4227.24 4207.6 4190.02 4174.47 4161.55 4158.34 4160.41 4168.95 4180.93
4404.02 4387.37 4316.14 4202.46 4124.04 4074.37 4034.84 4002.38 3991.78 3974.59 3952.21 3934.21 3928 3920.56 3907.5 3891.25 3883.69 3879.48 3874.28 3866.92 3858.61 3848.42 3835.93 3822.16 3809.83 3798.7 3789.4 3784.42 3787.08 3791.57 3798.12 3807.53 3817.8 3826.97 3837.12 3847.16 3863.95 3884.5 3901.2 3909.34 3918.6 3927.36 3932.21 3938.88 3950.92 3968.85 3999.51 4064.12 4151.64 4242.74 4326.5 4362.78 4356.92 4335.93 4306.78 4288.43 4275.5 4258.02 4239.11 4217.62 4197.3 4178.84 4163.08 4156.27 4154.09 4159.92 4172.09
4437.24 4393.51 4305.3 4189.26 4108.38 4063.38 4033.49 4018.97 3999.34 3974.31 3948.01 3929.34 3927.85 3924.8 3911.93 3899.12 3889.91 3883.9 3878.94 3872.31 3864.3 3854.71 3842.54 3822.52 3807.26 3793.91 3782.34 3775.26 3777.07 3781.21 3787.77 3797.5 3809.37 3819.94 3832.62 3846.75 3860.27 3877.95 3894.26 3906.26 3915.6 3920.19 3924.39 3930.98 3941.16 3955.45 3979.95 4034.42 4116.92 4203.34 4283.4 4327.49 4338.57 4334.64 4320.9 4307.47 4294.24 4275.24 4254.01 4230.42 4207.25 4186.03 4168.18 4157.42 4152.66 4157.77 4168.24
4495.79 4404.34 4283.91 4175.84 4099.16 4056 4026.6 4003.27 3982.75 3967.75 3948.01 3933.17 3929.57 3926.14 3916.96 3906.53 3898.04 3890.93 3885.16 3878.66 3871.03 3861.57 3846.68 3823.8 3807.14 3792.33 3778.47 3768.48 3769.5 3772.49 3778.63 3786.23 3797.86 3812.96 3827.91 3841.64 3858.76 3879.25 3894.73 3905.48 3912.43 3919.23 3922.76 3925.72 3934.79 3946.94 3969.66 4014.4 4085.42 4160.36 4225.87 4285.25 4321.46 4338.9 4340.47 4330.91 4316.72 4295.28 4271.24 4244.99 4218.65 4194.44 4172.14 4158.15 4153.74 4160.73 4173.41
4492.08 4396.59 4265.01 4164.58 4094.65 4050.49 4019.21 3994.69 3975.58 3963.99 3950.12 3938.41 3935.44 3931.41 3923.85 3914.32 3906.06 3898.55 3891.98 3884.94 3877.28 3868.57 3853.41 3827.07 3810.62 3795.95 3780.36 3764.78 3761.22 3767.81 3774.53 3781.27 3792.99 3809.04 3825.64 3842.12 3861.97 3886.39 3898.86 3905.82 3912.34 3918.26 3919.15 3924.45 3930.21 3942.64 3964.34 4000.75 4060.05 4126.93 4195.24 4259.6 4313.57 4349.58 4363.68 4356.36 4339.09 4316.64 4288.65 4260.03 4230.37 4202.46 4178.12 4161.02 4154.72 4158.32 4168.44
4460.62 4369.93 4243.82 4150.45 4089.74 4045.51 4013.88 3992.76 3978.44 3965.79 3954.98 3946.63 3941.89 3937.18 3930.77 3924.09 3914.08 3905.53 3898.37 3890.44 3881.96 3872.21 3856.51 3832.34 3818.71 3806.7 3792.39 3774.88 3766.2 3773.12 3778.12 3784.02 3794.24 3808.94 3826.09 3845.09 3864.49 3888.02 3899.84 3907.25 3913.34 3916.86 3919.78 3925.17 3930.04 3939.97 3958.25 3988.68 4040.48 4100.63 4166.85 4246.77 4316.07 4365.91 4387.67 4382.65 4363.69 4336.27 4306.1 4273.68 4240.66 4209.82 4183.85 4165.12 4156.69 4154.44 4161
