real_craters/C076-300m.grd
DSAA
190 190
-28.4025 28.4025
-28.4025 28.4025
3761.2229773446 4586.4338147167
[rows 0 to 29 of 190, columns 67 to 133 of 190]
4170.88 4172.95 4177.75 4182.99 4184.62 4184.75 4185.73 4188.53 4190.16 4191.2 4192.43 4192.67 4192.03 4190.96 4190.15 4189.73 4189.01 4188.56 4188.31 4187.92 4186.53 4184.36 4181.51 4179.66 4177.99 4176.16 4175.86 4177.78 4182.66 4188.6 4195.23 4202.14 4208.72 4213.36 4211.61 4203.3 4204.77 4207.85 4210.23 4212.24 4212.22 4205.21 4197.68 4194.57 4206.02 4206.6 4202.19 4196.21 4189.7 4182.88 4175.64 4167.61 4161.2 4156.27 4150.5 4145.35 4143.69 4143.55 4144.63 4147.83 4155.14 4165.55 4175.85 4178.73 4173.3 4166.12 4158.57
4166.16 4168.08 4173.15 4177.92 4180.13 4181.06 4182.33 4183.97 4185.94 4187.96 4190.45 4192.79 4190.31 4189.03 4188.07 4187.06 4186.31 4185.43 4184.43 4184.65 4184.71 4181.8 4178.7 4177.19 4173.13 4170.48 4172.84 4175.96 4181.8 4187.91 4194.51 4201.25 4207.67 4212.71 4211.45 4201.28 4203.61 4206.96 4209 4210.7 4210.75 4203.61 4196.84 4195.51 4208.84 4210.78 4206.91 4201 4194.15 4187.69 4180.44 4172.54 4166.33 4160.28 4153.49 4147.6 4145.83 4145.47 4146.28 4148.99 4155.33 4164.91 4174.45 4176.15 4171.57 4165.13 4158.38
4161.19 4163.7 4168.14 4172.82 4175.14 4176.36 4176.96 4177.21 4181.39 4183.73 4185.13 4186.19 4186.68 4186.34 4185.79 4185.22 4184.39 4183.12 4180.5 4180.03 4182.11 4178.49 4173.83 4168.81 4164.27 4166.2 4171.25 4176.47 4181.19 4186.72 4192.73 4199.1 4205.4 4211 4212.93 4210.58 4208.93 4207.58 4206.95 4206.28 4204.31 4199.84 4195.33 4195.7 4212.59 4214.34 4210.68 4205.05 4197.91 4191.87 4185.8 4182.11 4175.63 4165.26 4157.85 4152.78 4149.6 4148.06 4147.96 4150 4155.06 4161.9 4169.7 4171.55 4168.68 4163.92 4159.12
4154.92 4157.68 4163.19 4167.76 4170.62 4172.37 4173.83 4177.09 4178.93 4180.3 4180.52 4181.3 4182.88 4183.57 4183.71 4183.34 4182.8 4182.44 4182.2 4180.72 4178.65 4175 4169.42 4163.25 4159.54 4163.3 4169.84 4175.53 4179.74 4184.56 4189.94 4195.64 4201.44 4206.73 4210.2 4213.19 4211.14 4206.41 4203.92 4201.97 4199.46 4196.61 4194.8 4198.28 4215.83 4217.08 4213.31 4208.04 4200.88 4194.28 4188.12 4182.79 4175.86 4166.47 4160.8 4157.03 4153.56 4150.83 4149.37 4150.06 4154.4 4160.94 4161.66 4167.97 4166.65 4161.16 4155.98
4153.88 4155.18 4159.38 4163.81 4166.98 4169.51 4172.3 4176.43 4177.2 4177.99 4178.86 4179.03 4180.01 4181.31 4181.95 4182.08 4182.09 4181.95 4182.29 4181.66 4178.36 4173.12 4166.91 4160.98 4157.9 4160.26 4167.53 4172.94 4176.86 4181.32 4186.27 4191.16 4195.83 4200.72 4202.65 4202.86 4202.78 4201.45 4200.14 4198.46 4196.45 4194.72 4195.08 4202.24 4218.3 4218.63 4215.15 4209.8 4202.52 4195.11 4186.72 4176.1 4165.94 4164.59 4162.69 4160.65 4157.58 4153.77 4150.7 4149.4 4153.34 4169.54 4180.16 4176.7 4167.88 4157.57 4150.84
4151.46 4153.24 4155.97 4159.84 4164.36 4167.7 4170.64 4173.87 4174.91 4175.32 4176.41 4177.22 4178.35 4179.79 4180.61 4180.98 4180.73 4180.37 4180.84 4181.32 4178.67 4172.62 4165.99 4159.72 4156.14 4160.71 4164.2 4168.5 4173.16 4177.8 4182.4 4186.43 4189.37 4190.19 4192.35 4191.53 4192.55 4195.6 4196.64 4196.42 4194.7 4193.38 4194.7 4203.02 4217.54 4218.63 4215.74 4210.61 4203.55 4195.59 4186.44 4175.61 4166.97 4165.09 4165 4164.86 4162.33 4157.25 4152.65 4150.36 4155.01 4180.16 4199.46 4186 4170.04 4155.46 4147.97
4147.03 4150.65 4154.33 4158.38 4162.91 4167.17 4170.29 4172.13 4172.55 4172.14 4171.66 4174.68 4177.68 4178.81 4179.54 4179.97 4180.04 4178.21 4176.34 4180.57 4178.35 4172.5 4166.13 4160.71 4160.94 4162.71 4161.46 4164.74 4169.69 4174.32 4178.65 4182.28 4184.95 4186.25 4187.13 4187.1 4188.69 4192.12 4194.1 4195.16 4193.44 4191.92 4193.6 4204.16 4216.09 4218.04 4215.75 4211.32 4204.69 4196.97 4188.18 4178.05 4169.72 4167.49 4168.24 4169.27 4167.38 4160.42 4154.89 4152.95 4159.25 4183.55 4198.73 4186.92 4169.93 4154.65 4147.78
4144.62 4147.26 4152.69 4156.63 4161.04 4166.71 4171.25 4171.37 4170.27 4169.52 4169.78 4172.94 4176.25 4177.52 4178.53 4178.96 4178.16 4177.07 4176.27 4178.61 4177.42 4172.72 4167.25 4162.99 4164.06 4163.41 4159.74 4163.03 4167.37 4171.54 4175.54 4179.06 4182.38 4185.47 4185.88 4186.77 4188.83 4190.87 4191.96 4192.05 4191 4190.06 4192.2 4202.88 4214.38 4217.08 4215.53 4211.83 4206.22 4199.81 4192.03 4182.57 4172.97 4171.33 4172.19 4171.65 4168.25 4161.68 4156.21 4153.91 4158.3 4179.37 4191.79 4182.01 4167.74 4153.62 4149.15
4137.48 4141.04 4145.62 4151.15 4156.76 4162.93 4169.02 4168.32 4166.79 4166.37 4167.67 4170.3 4173.23 4175.95 4177.54 4178.53 4179.14 4178.56 4177.44 4178.85 4177.27 4173.58 4168.74 4163.87 4164.18 4163.11 4162.06 4163.23 4166.25 4170.04 4173.34 4176.39 4179.35 4182.09 4184.08 4186.57 4189.97 4190.31 4190.5 4190.32 4189.03 4188.4 4191.35 4204.76 4214.51 4216.79 4215.65 4212.83 4208.43 4203.5 4197.82 4191.03 4183.93 4181.45 4178.29 4173.74 4167.55 4161.89 4157.02 4153.91 4153.93 4165.66 4176.53 4174.7 4166.8 4155.73 4153.89
4130.2 4135.05 4138.89 4145.46 4150.87 4155.32 4160.36 4161.56 4161.58 4161.67 4163.54 4167.74 4172.35 4174.71 4176.43 4178.36 4180.66 4182.07 4182.01 4180.36 4178.67 4175.47 4171.18 4166.56 4162.56 4159.4 4160.34 4163.3 4166.04 4169.09 4171.89 4174.2 4176.11 4178.33 4181.27 4183.9 4186.05 4187.3 4188.71 4189.39 4187.87 4187.17 4189.95 4207.17 4215.27 4216.65 4215.81 4214.07 4211.22 4208.09 4204.24 4200.99 4199.57 4194.55 4185.63 4177.29 4169.01 4163.25 4159.17 4155.7 4153.17 4153.82 4163.86 4170.65 4170.94 4167.95 4162.62
4130.31 4134.98 4138.86 4141.9 4145.59 4149.04 4150.18 4154.41 4156.36 4157.02 4159.37 4164.69 4169.53 4172.23 4174.47 4177.03 4179.97 4182.86 4183.95 4182.45 4180.91 4177.95 4174.29 4169.75 4164.12 4161.06 4162.69 4164.67 4166.76 4168.92 4170.81 4172.64 4174.1 4176.15 4178.83 4180.98 4181.73 4183.88 4186.42 4187.25 4187.06 4186.91 4189.64 4207.87 4214.05 4215.48 4215.33 4214.75 4213.11 4211.05 4209.04 4207.67 4205.99 4201.16 4191.9 4181.93 4172.38 4166.53 4163.87 4161.41 4157.9 4155.61 4165.48 4172.92 4176.86 4177.12 4170.48
4132.85 4136.25 4137.42 4138.53 4140.56 4143.71 4146.41 4149.69 4152.95 4155.41 4158.19 4162.27 4165.83 4168.78 4171.43 4174.29 4177.66 4182.37 4186.79 4186.9 4183.28 4179.9 4177 4173.38 4166.62 4162.19 4165.36 4166.94 4168.17 4169.54 4170.93 4172.11 4173.25 4175.08 4177.48 4179.89 4182.16 4184.65 4187.35 4187.93 4187.44 4187.74 4191.96 4203.61 4210.28 4213.14 4214.09 4214.31 4213.95 4213.2 4212.54 4211.9 4210.02 4205.63 4197.55 4187.65 4176.8 4171.69 4171.95 4171.93 4172.35 4175.87 4177.42 4179.46 4180.21 4178.9 4175.04
4134.04 4135.21 4134.95 4134.95 4135.1 4136.51 4141.3 4146.11 4150.94 4155.45 4158.29 4160.49 4163.09 4165.37 4167.52 4170.26 4173.55 4177.57 4185.23 4186.88 4182.86 4179.78 4177.56 4174.72 4168.72 4165.08 4168.62 4169.7 4169.93 4170.54 4171.3 4172.3 4173.08 4174.52 4176.54 4179.26 4182.9 4186.04 4189.56 4189.67 4188.05 4188.08 4191.08 4200.32 4206.71 4210.63 4212.67 4213.93 4214.47 4214.91 4215.31 4214.91 4213.46 4210.02 4203.49 4195.54 4188.68 4185.04 4183 4183.82 4187.62 4192.42 4189.55 4186.72 4184.04 4181.11 4178.46
4132.99 4133.73 4133.34 4132.47 4131.29 4131.29 4136.29 4143.46 4149.68 4154.33 4156.91 4158.24 4159.44 4160.81 4163.02 4165.37 4167.76 4171.55 4177.42 4179.63 4178.33 4176.91 4175.73 4173.58 4170.18 4167.72 4171.17 4171.77 4171.47 4171.67 4171.98 4172.62 4173.09 4173.93 4175.27 4177.4 4180.53 4183.58 4186.86 4187.96 4187.45 4187.94 4191.05 4198.08 4204.48 4208.68 4211.55 4213.7 4214.97 4215.79 4216.71 4217.03 4216.49 4214.53 4209.35 4203.21 4198.81 4195.59 4192.56 4192.81 4195.65 4198.07 4195.72 4192.57 4189.74 4185.76 4182.07
4134.73 4133.69 4133.1 4132.34 4130.7 4130.29 4135.71 4142.65 4149.3 4154.77 4155.76 4155.65 4155.39 4155.84 4158.76 4160.81 4161.68 4161.78 4164.09 4169.14 4171.49 4171.99 4172.03 4171.64 4170.86 4170.83 4172.47 4172.5 4171.91 4171.86 4172.38 4172.83 4172.94 4173.12 4173.39 4174.32 4176.59 4180.63 4183.27 4184.98 4185.85 4187.52 4192.41 4199.32 4203.73 4207.3 4210.44 4212.72 4214.63 4216.07 4217.43 4218.26 4218.5 4217.69 4213.45 4208.28 4203.76 4200.21 4198.41 4198.23 4198.81 4199.68 4198.89 4196.14 4192.7 4188.75 4184.4
4137.85 4136.12 4135.64 4135.08 4135.06 4136.78 4138.96 4142.63 4147.76 4152.88 4152.85 4152.62 4152.97 4154.27 4156.67 4158.27 4158.67 4158.47 4159.86 4163.17 4165.82 4166.9 4167.15 4167.71 4169.17 4171.51 4172.13 4171.95 4171.36 4171.18 4171.78 4172.69 4173.52 4171.91 4170.95 4170.44 4170.54 4173.05 4180.48 4182.25 4183.54 4185.94 4192.4 4199.42 4202.51 4205.71 4208.89 4211.48 4213.74 4215.83 4217.38 4218.45 4218.81 4217.9 4215.09 4211.2 4206.91 4202.79 4202.33 4202.34 4202.29 4203.02 4202.14 4198.74 4193.6 4190.52 4186.53
4142.01 4140.68 4139.77 4139.19 4138.89 4141.57 4141.01 4141.21 4143.14 4145.75 4147.21 4148.7 4150.93 4153.94 4155.97 4157.53 4158.86 4159.42 4160.51 4161.43 4162.21 4162.56 4163.09 4163.86 4165.26 4168.23 4170.78 4170.54 4169.99 4169.66 4169.78 4170.47 4171.34 4169.72 4168.5 4167.05 4165.18 4164.73 4174.62 4178.47 4180.55 4183.25 4189.44 4195.81 4199.9 4203.31 4207.01 4210.13 4212.68 4214.96 4216.75 4218.07 4218.54 4217.66 4216.02 4213.28 4209.98 4207.19 4206.25 4206.04 4206.06 4205.54 4203.72 4201.33 4199.76 4193.12 4187.83
4147.01 4147.09 4145.32 4143.8 4142.12 4142.69 4140.33 4138.04 4137.01 4137.82 4140.6 4143.71 4147.43 4151.78 4154.68 4157.17 4159.64 4160.36 4161.64 4161.02 4159.8 4158.61 4158.18 4159.68 4161.33 4164.77 4169.02 4168.57 4168.21 4167.84 4167.2 4165.92 4165.94 4167.13 4167.08 4166.07 4164.63 4164.46 4171.04 4174.97 4177.31 4180.37 4185.07 4190.75 4196.19 4200.52 4204.54 4208.01 4210.86 4213.44 4215.61 4217.09 4218.14 4218.51 4217.56 4215.08 4212.63 4210.96 4209.67 4209.11 4208.58 4207.24 4204.59 4200.84 4196.42 4193.42 4188.77
4150.41 4151.54 4150.41 4148.61 4145.87 4142.39 4138.41 4134.66 4131.05 4131.1 4134.49 4138.13 4142.24 4147.08 4151.2 4155.78 4161.33 4163.96 4163.52 4161.06 4158.3 4155.72 4154.59 4157.13 4159.9 4161.91 4163.16 4165.28 4166.6 4167.04 4166.29 4164.59 4165 4166.88 4167.8 4167.84 4167.67 4168.97 4171.29 4173.17 4174.64 4176.05 4180.85 4186.97 4193.03 4197.75 4201.6 4205.06 4208.25 4211.18 4213.58 4215.75 4217.24 4218.1 4217.6 4215.99 4214.06 4212.05 4211.4 4211.8 4211.56 4210.2 4207.35 4201.9 4196.58 4193.82 4189.85
4151.51 4152.68 4154.42 4152.81 4148.94 4141.38 4136.97 4132.48 4128.31 4127.53 4129.98 4132.77 4135.82 4139.31 4144.4 4151.93 4160.79 4165.53 4163.96 4161.08 4157.5 4154.05 4153.17 4156.92 4161.21 4162.23 4162.15 4163.89 4166.69 4168 4168.01 4166.68 4167.68 4169.41 4170.47 4171 4171.23 4172.12 4172.2 4172.34 4173.7 4175.86 4181.3 4186.27 4191.09 4195.21 4198.96 4202.29 4205.5 4208.72 4211.35 4213.73 4215.64 4216.94 4217.01 4216.28 4214.9 4213.53 4213.42 4214.34 4214.6 4213.34 4211.04 4205.81 4200.45 4195.59 4191.2
4151.63 4152.3 4156.06 4154.74 4151.82 4143.14 4136.5 4131.61 4128.72 4127.03 4127.42 4128.9 4130.37 4131.26 4135.98 4146.55 4155.64 4160.82 4163.41 4161.1 4157.5 4153.87 4153.29 4158.07 4162.58 4162.99 4161.98 4166.44 4169.26 4170.99 4172.09 4173.43 4173.17 4173.75 4174.3 4174.27 4174.22 4173.72 4171.16 4170.99 4173.03 4177.49 4182.23 4186.09 4189.66 4193.21 4196.79 4200.04 4203.19 4206.11 4209.14 4211.79 4214.03 4215.76 4216.54 4216.4 4215.42 4214.23 4214.37 4216.68 4217.33 4215.09 4211.4 4207.21 4202.24 4197.01 4192.21
4151.94 4151.23 4155.72 4152.16 4147.11 4142.1 4136.03 4130.29 4126.4 4125.42 4125.91 4127.01 4128.08 4129.12 4133.94 4144.26 4152.51 4158.14 4161.94 4161.01 4158.25 4155.84 4156.38 4160.69 4164.53 4164.58 4163.35 4169.32 4172.87 4174.97 4176.42 4177.68 4178.55 4179.1 4178.95 4178.3 4177.13 4174.32 4169.25 4168.31 4170.2 4174.28 4179.27 4184 4187.96 4191.31 4194.39 4197.69 4200.65 4203.54 4206.43 4209.25 4212.06 4214.53 4216.35 4216.54 4215.79 4214.59 4214.17 4218.5 4219.31 4215.97 4211.28 4207.31 4202.55 4197.2 4192.4
4155.13 4151.96 4152.55 4150.19 4147.04 4142.29 4136.08 4129.68 4124.61 4124.76 4126 4127.21 4128.79 4131.83 4138.33 4145.92 4154.13 4160.36 4161.72 4161.1 4159.07 4157.98 4159.35 4163.46 4167.71 4167.63 4168.14 4173.07 4177.2 4179.89 4181.46 4182.06 4184.39 4185.01 4184.39 4182.47 4179.84 4174.83 4165.56 4164.66 4166.04 4171.17 4177.89 4182.65 4186.28 4189.25 4191.96 4194.9 4197.58 4200.38 4203.31 4206.34 4209.51 4212.7 4215.26 4216.16 4216.15 4215.86 4216.25 4220.09 4220.07 4216.28 4211.71 4208.2 4201.77 4196.43 4192.11
4159.13 4153.63 4150.83 4147.97 4147.73 4143.25 4137.57 4131.82 4127.38 4127.37 4128.27 4129.29 4130.69 4133.18 4137.7 4145.8 4154.66 4158.63 4161.84 4160.5 4158.69 4158.5 4160.1 4163.71 4167.75 4169.32 4172.19 4177.08 4181.16 4185.76 4189.41 4190.5 4192.48 4191.99 4189.83 4186.45 4181.81 4174.93 4163.72 4161.72 4161.78 4168.37 4178.04 4181.96 4184.55 4186.9 4189.26 4191.67 4194.37 4196.96 4199.62 4202.58 4206.02 4209.82 4213.4 4215.17 4215.71 4216.73 4219.56 4223.19 4220.74 4215.11 4209.85 4203.93 4198.23 4193.9 4190.63
4161.87 4154.97 4148.37 4144.05 4144.66 4143.85 4140.75 4137.02 4133.91 4132.8 4132.67 4132.98 4133.57 4134.17 4135.06 4142.67 4150.54 4155.92 4156.81 4157.07 4156.64 4156.4 4158.73 4161.97 4165.49 4169.05 4172.17 4176.46 4183.09 4191.29 4200.19 4204.19 4201.71 4199.24 4195.75 4190.52 4182.86 4173.56 4165.55 4161.05 4160.17 4167.06 4176.94 4179.92 4181.93 4183.94 4186.2 4188.5 4190.63 4193.06 4195.35 4198.19 4201.29 4205.28 4210.21 4212.43 4212.77 4214.92 4218.78 4223.11 4219.09 4211.54 4203.66 4196.22 4192.8 4190.4 4188.39
4164.91 4157.43 4150.3 4145.39 4147.06 4147.02 4145.48 4143.44 4141.57 4139.88 4138.96 4138.44 4138.32 4138.25 4140.22 4142.75 4146.15 4150.38 4154.24 4155.86 4154.75 4154.32 4157.64 4161.78 4165.64 4169.36 4172.43 4175.78 4182.9 4194.64 4205.59 4210.15 4208.5 4205.74 4201.86 4196.58 4188.11 4177.38 4167.87 4161.47 4158.74 4163.84 4171.38 4175.79 4178.74 4180.93 4183.1 4185.19 4187.27 4189.05 4191.24 4193.19 4195.36 4197.89 4201.17 4203.48 4205.79 4209.38 4214.16 4218.25 4214.2 4206.42 4197.21 4189.97 4187.81 4187.13 4186.3
4166.71 4161.06 4156.17 4154.53 4153.25 4153.3 4151.94 4149.41 4148.16 4147.26 4146.31 4145.23 4144.07 4143.2 4142.7 4142.86 4143.41 4146.39 4151.92 4154.97 4153.26 4154.01 4157.93 4164.22 4168.28 4171.23 4174.24 4175.8 4184.86 4197.38 4207.71 4212.51 4212.53 4210.62 4207.79 4203.94 4198.29 4185.2 4170.26 4160.82 4156.16 4160.51 4166.56 4171.93 4175.39 4178.19 4180.3 4182.5 4184.15 4185.58 4187.12 4188.12 4188.75 4189.21 4188.88 4190.12 4196.06 4202.02 4207.89 4211.1 4208.04 4201.74 4192.93 4184.36 4184.42 4185.1 4185.28
4167.14 4164.77 4164.93 4166.5 4163.87 4161.42 4160.01 4158.15 4156.8 4155.81 4154.56 4153.12 4151.17 4148.81 4146.22 4145 4143.76 4145.7 4149.4 4150.85 4150.89 4152.64 4157.55 4164.41 4169.57 4173.92 4179.42 4187.58 4192.08 4201.43 4209.76 4214.29 4215.08 4214.09 4212.12 4209.48 4205.29 4189.43 4170.02 4160.41 4156.53 4160.77 4166.23 4169.87 4172.87 4176 4178.01 4179.64 4181.74 4182.94 4183.26 4183.97 4183.41 4182.06 4179.66 4179.49 4187.28 4194.71 4200.96 4203.18 4202.44 4198.95 4194 4183.9 4184.91 4185.54 4185.51
4169.16 4166.83 4167.78 4170.12 4169.73 4168.43 4168.42 4168.87 4167.09 4165.17 4163.69 4161.98 4160.01 4157.15 4153.18 4149.43 4147.97 4149.83 4151.63 4150.56 4151.48 4153.49 4157.94 4162.67 4169.85 4176.81 4183.5 4190.52 4196.77 4205.36 4213.97 4216.38 4217.03 4216.22 4214.24 4210.98 4205.41 4189.07 4170.43 4160.99 4157.63 4161.17 4165.96 4168.81 4171.66 4175.15 4177.4 4178.91 4180.04 4181.22 4181.17 4180.71 4179.57 4177.84 4175.63 4175.7 4182.06 4189.44 4195.8 4198.31 4198.16 4197.16 4195.63 4194.05 4189.44 4187.57 4186.95
4168.17 4167.19 4168.1 4168.32 4171.04 4173.09 4174.91 4176.99 4175.52 4173.94 4172.7 4171.66 4170.52 4168.45 4165.14 4160.02 4158.64 4161.14 4162.03 4160.43 4160.93 4162.23 4163.98 4165.72 4173.94 4181.77 4187.91 4192.79 4200.32 4208.31 4214.07 4217.38 4218.2 4217.39 4214.79 4209.87 4201.24 4186.92 4170.35 4159.23 4157.16 4159.65 4164.04 4168.23 4171.87 4174.97 4178.16 4179.62 4180.37 4180.51 4180.81 4179.55 4178.21 4176.24 4174.94 4176.02 4179.71 4185.05 4189.57 4192.43 4194.65 4195.55 4194.59 4193.62 4191.52 4189.62 4188.3
