real_craters/C076-500m.grd
DSAA
115 115
-28.4025 28.4025
-28.4025 28.4025
3761.1397192223 4591.7548768352
[rows 30 to 59 of 115, columns 0 to 66 of 115]
4139.59 4139.48 4138.84 4138.7 4139.89 4142.15 4145.83 4151.85 4158.22 4162.21 4168.47 4179.46 4186.89 4187.29 4187.03 4175.89 4172.99 4174.33 4168.49 4153.33 4144.23 4143.08 4143.87 4152.56 4168.38 4194.75 4219.31 4226.3 4223.37 4219.99 4215.58 4203.61 4186.18 4171.46 4169.23 4159.49 4151.69 4147.36 4150.01 4152.83 4162.8 4169.43 4168.25 4170.06 4178.85 4189.46 4198.95 4207.04 4211.15 4209.76 4203.49 4195.34 4194.05 4196.33 4198.54 4196.56 4189.62 4187.48 4194.82 4204.63 4211.92 4216.67 4218.22 4225.68 4239.03 4245.84 4245.38
4140.95 4138.35 4136.6 4135.78 4135.2 4136.76 4142.6 4150.81 4160.22 4165.65 4174.77 4189.4 4192.87 4187.78 4184.73 4176.05 4172.63 4176.13 4177.5 4164.92 4152.25 4148.41 4147.87 4156.91 4178.4 4196.25 4207.41 4213.03 4213.09 4211.76 4204.86 4192.76 4177.6 4164.02 4159.56 4151.95 4143.92 4140.2 4145.73 4152.07 4164.45 4167.99 4162.86 4168.24 4176.36 4182.68 4189.05 4193.03 4191.71 4192.4 4192.62 4189.82 4193.28 4202.54 4210.47 4203.75 4195.4 4194.23 4202.87 4210.33 4208.96 4209.76 4211.02 4220.64 4235.99 4240.25 4239.5
4146.94 4139.86 4136.49 4134.48 4132.06 4132.19 4139.14 4148.66 4158.25 4166.84 4177.71 4189.91 4191.01 4185.58 4175.27 4169.3 4171.05 4172.94 4177.83 4168.01 4161.56 4157.41 4157.51 4167.03 4189.36 4205.36 4204.08 4204.4 4205.48 4203.71 4201.15 4188.49 4173.28 4159.28 4148.9 4143.51 4135.38 4133.12 4139.63 4152.41 4162.67 4167.25 4173.4 4174 4173.13 4176.06 4181.34 4187.27 4183.53 4187.73 4191.26 4190.03 4198.5 4207.96 4212.04 4212.3 4213.28 4212.11 4212.82 4212.2 4208.29 4209.37 4210.7 4221.41 4232.37 4233.26 4231.58
4146.25 4141.53 4138.64 4135.55 4132.32 4129.48 4136.76 4146.29 4156.51 4164.38 4173.71 4182.11 4183.25 4179.1 4164.77 4158.62 4152.64 4163.96 4168.61 4159.34 4162.04 4165.3 4172 4184.95 4204.19 4204.25 4202.79 4201.74 4200.25 4197.67 4198.16 4184.64 4169.87 4160.66 4150.03 4140.21 4135.59 4128.21 4130.34 4138.6 4151.17 4159.35 4169.1 4169.29 4166.27 4168.53 4175.21 4180.94 4183.41 4195.35 4207.66 4214.9 4220.36 4216.7 4214.57 4219.36 4227.66 4229.41 4227.16 4229.01 4214.34 4219.36 4229.19 4233.29 4237.54 4233.9 4230.89
4153.07 4146.88 4143.48 4140.41 4137.23 4134.89 4139.31 4144.13 4150.28 4159.24 4166.81 4170.95 4173.92 4170.56 4162.77 4157.83 4156.65 4160.35 4162.01 4155.17 4157.09 4174.54 4188.22 4199.12 4202.62 4201.74 4199.22 4198.15 4193.67 4189.47 4187.24 4176.3 4165.95 4159.36 4149.04 4138.6 4134.44 4128.05 4127.35 4130.24 4140.19 4151.61 4160.96 4163.38 4160.82 4165.27 4177.41 4185.65 4199.19 4209.96 4224.88 4230.87 4227.72 4225.58 4222.98 4227.66 4234.21 4240.26 4241.59 4237.47 4229.61 4230.82 4240.85 4244.63 4244.58 4236.35 4226.71
4158.72 4153.99 4149.3 4146.98 4146.23 4147.57 4148.7 4148.26 4150.18 4156.24 4159.35 4159.48 4164.34 4167.59 4165.56 4161.41 4159.1 4160.71 4163.91 4165.11 4161.93 4174.26 4192.17 4203.63 4196.61 4194.42 4185.26 4186.82 4192.4 4184.18 4173.65 4165.76 4157.89 4157.94 4155.64 4142.1 4131.35 4131.15 4130.18 4132.44 4143.16 4152.12 4156.63 4167.34 4170.01 4176.92 4196.83 4202.26 4210.81 4223.11 4231.91 4235.87 4234.4 4234.73 4235.94 4242.77 4250.62 4258.07 4259.7 4255.91 4247.57 4241.09 4240.54 4255.78 4255.88 4245.6 4226.85
4155.54 4154.85 4153.3 4152.9 4154.31 4157.78 4158.31 4156.67 4156.64 4157.99 4158.79 4155.88 4155.82 4160.79 4165.53 4163.9 4162.58 4162.75 4164.15 4168.3 4171.87 4183.09 4195.62 4198.76 4193.99 4195.99 4180.09 4173.46 4178.94 4179.7 4165.37 4157.75 4154.42 4154.85 4155.5 4143.29 4134.6 4135.33 4141.31 4142.96 4155.2 4165.41 4174.7 4192.94 4205.42 4220.52 4239.38 4247.46 4241.14 4240.05 4239.51 4241.46 4241.49 4248.43 4258.14 4269.96 4281.4 4288.25 4288.82 4282.98 4273.02 4260.85 4257.9 4274.28 4288.13 4261.55 4239.48
4153.9 4155.27 4155.26 4156.82 4159.56 4162.75 4164.1 4163.03 4161.71 4160.96 4160.68 4159.06 4156.88 4155.97 4164.39 4163.53 4163.31 4164.05 4166.75 4173.02 4184.29 4201.8 4203.89 4201.88 4191.98 4182.92 4180.38 4167.9 4164.71 4163.13 4158.27 4151.58 4147.77 4149.28 4148.52 4142.82 4136.24 4134.58 4144.66 4157.31 4165.92 4184.26 4208.51 4227.99 4246.46 4269.81 4281.76 4290.34 4273.25 4260.09 4250.15 4246.11 4245.06 4269.68 4291.88 4308.2 4320.74 4329.48 4328.37 4319.33 4312.11 4291.85 4281.6 4286.66 4282.33 4271.02 4255.76
4154.53 4151.67 4155.51 4158.9 4162.41 4166.01 4167.95 4167.11 4164.6 4162.4 4160.58 4158.36 4153.21 4152.88 4157.91 4159.74 4161.08 4161.46 4164 4172.46 4198.44 4212.71 4209.14 4200.5 4189.22 4178.67 4179.45 4168.63 4159.71 4154.5 4151.58 4146.59 4143.69 4143.83 4142.01 4133.97 4133.12 4143.09 4148.16 4156.34 4169.87 4198 4224.99 4256.61 4270.07 4281.34 4291.41 4293.26 4289.21 4284.05 4276.3 4271.27 4277.05 4311.01 4339.37 4355.78 4373.06 4379.61 4376.66 4362.77 4354.68 4338.7 4325.09 4313.99 4299.04 4284.49 4260.02
4155.46 4153.23 4156.42 4159.73 4163.39 4167.73 4172.34 4169.79 4164.41 4161.14 4159.17 4157.07 4152.29 4144.96 4150.27 4155.07 4157.88 4158.1 4162.95 4182.97 4210.82 4217.47 4209.3 4196.62 4185.65 4181.9 4183.1 4171.5 4165.51 4152.94 4148.3 4144.69 4141.5 4139.75 4139.59 4138.84 4135.39 4139.74 4143.8 4152.07 4169.52 4202.94 4238.9 4266.58 4278.65 4284.64 4296.34 4303.14 4313.9 4319.49 4319.66 4326.92 4345.13 4374.62 4395.26 4426.72 4428.52 4407.8 4415.22 4422.28 4396.03 4363.98 4353.05 4356.03 4342.16 4313.42 4280.1
4156.55 4157.54 4157.61 4158.8 4161.31 4164.79 4166.67 4160.67 4158.31 4156.39 4155.79 4155.32 4148.38 4146.82 4147.79 4150.15 4155.16 4162.69 4171.9 4194.42 4214.88 4216.27 4207.09 4195.55 4185.95 4184.64 4181.81 4169.35 4166.56 4157.07 4144.81 4140.45 4136.74 4134.05 4133.52 4130.59 4130.63 4138.82 4148.47 4159.98 4171.38 4197.94 4228.27 4256.04 4283 4306.11 4319.87 4322.37 4348.9 4372.58 4386.94 4409.34 4434.22 4420.73 4396.21 4432.37 4404.83 4374.21 4390.41 4454.87 4411.05 4360 4345.44 4379.62 4375.98 4333.73 4313.39
4153.93 4155.07 4154.88 4155.08 4155.85 4156.37 4155.66 4150.64 4149.85 4149.13 4148.5 4147.53 4145.64 4145.5 4143.39 4143.59 4148.27 4157.05 4173.23 4200.56 4212.98 4208.51 4203.35 4195.44 4189.68 4180.32 4174.21 4172.61 4161.32 4146.07 4136.4 4130.69 4127.78 4125.5 4123.66 4121.82 4129.82 4144.28 4155.58 4165.98 4181.56 4205.57 4232.83 4260.46 4291.36 4324.4 4335.86 4345.9 4380.9 4429.38 4447.25 4448.53 4391.08 4336.42 4291.89 4267.62 4263.51 4261.6 4261.36 4259.77 4228.43 4219.61 4244.54 4281.62 4301.95 4310.2 4331.4
4148.63 4148.63 4148.91 4149.39 4149.06 4147.61 4143.83 4142.2 4141.44 4140.45 4139.38 4137.39 4133.36 4125.91 4130.43 4132.98 4137.4 4144.38 4167.41 4197.2 4207.59 4206.71 4199.07 4190.41 4181.38 4171.59 4163.48 4168.34 4153.73 4144.08 4129.46 4123.08 4119.15 4117.05 4116.72 4121.32 4134.77 4152.24 4165.18 4179.5 4193.6 4220.12 4249.07 4278.57 4306.22 4325.64 4341.41 4367.51 4377.23 4396.96 4373.57 4304.03 4235.93 4172.2 4143.8 4111.18 4116.98 4132.96 4122.46 4107.21 4110.16 4089.36 4123.37 4141.73 4182.99 4254.23 4320.31
4142.41 4143.7 4144.34 4143.57 4142.14 4140.54 4139.86 4136.93 4133.73 4131.91 4129.66 4125.89 4120.2 4117.51 4119.51 4122.29 4127.58 4139.48 4162.87 4193.16 4211.45 4203.92 4195.46 4186.32 4172.56 4167.51 4161.27 4160.45 4152.87 4133.62 4121.28 4114.68 4111.81 4110.17 4110.63 4118.06 4143.15 4161.9 4175.22 4192.26 4209.07 4239.67 4275.09 4303.02 4329.16 4349.9 4373.72 4380.78 4328.3 4269.53 4208.87 4140.94 4086.87 4033.32 4014.15 4001.18 4021.83 4034.63 4033.05 4028.43 4031.44 4032.91 4048.86 4065.52 4114.36 4196.16 4279.54
4137.17 4139.54 4140.64 4137.41 4135.1 4132.76 4130.83 4126.43 4125.73 4124.91 4122.78 4119.08 4116.83 4111.24 4110.71 4114.67 4119.61 4128.32 4155.26 4186.7 4208.48 4207.2 4199.04 4189.11 4179.53 4168.5 4160.81 4160.8 4148.52 4132.9 4115.87 4109.34 4107.78 4107.05 4107.94 4119.52 4140.84 4164.88 4186.44 4208.21 4228.5 4260.31 4300.11 4326.23 4348.6 4385.19 4414.35 4355.66 4248.54 4152.25 4076.48 4018.2 3982.97 3947.24 3932.17 3933.49 3964.11 3971.76 3973.15 3976.17 3986.94 3993.17 4007.59 4038.16 4082.75 4141.04 4204.87
4132.63 4132.46 4130.02 4130.27 4128.26 4125.33 4121.49 4118.45 4120.01 4120.37 4119.09 4117.94 4118.23 4114.6 4109 4112.54 4118.67 4130.23 4152.56 4178.85 4201.23 4204.7 4201.4 4192.76 4181.91 4173.5 4173.84 4158.49 4152.38 4138.66 4121.87 4111.22 4109.86 4108.89 4111.35 4120.57 4141.68 4172.41 4200.76 4230.59 4258.63 4286.63 4323.59 4349.55 4369.3 4354.58 4306.57 4232.34 4149.44 4053.49 3991.86 3949.36 3924.31 3905.92 3897.53 3901.54 3921.41 3927.3 3925.27 3929.84 3935.71 3946.68 3968.75 4005.26 4043.5 4084.84 4126.4
4129.03 4128.02 4127.64 4125.32 4123.07 4120.68 4117.43 4117.24 4119.48 4119.25 4117 4114.55 4110.89 4109.1 4110.4 4114.82 4121.71 4132.73 4149.78 4172.42 4190.91 4200.44 4203.58 4197.06 4185.54 4174.17 4164.24 4156.61 4147.1 4137.06 4131.07 4123.77 4118 4114.24 4115.19 4129.79 4155.45 4192.2 4227.46 4260.47 4301.45 4339.71 4354.24 4346.22 4327.16 4252.18 4180.85 4127.09 4068.79 3999.13 3945.53 3910.08 3890.67 3881.22 3882.96 3891.2 3897.01 3897.9 3894.71 3898.11 3898.37 3908.83 3932.67 3960.04 3996.62 4037.35 4074.04
4125.61 4123.14 4121.58 4119.61 4119.09 4118.81 4119.35 4122.15 4122.44 4121.4 4117.58 4114.88 4113.49 4107.51 4112.69 4118.52 4124.68 4135.07 4149.14 4171.09 4190.78 4204.36 4207.72 4200.26 4193.92 4184.41 4161.92 4166.36 4155.73 4141.36 4143.51 4139.8 4128.98 4122.16 4123.05 4141.99 4180.29 4218.57 4254.53 4288.79 4324.42 4357.45 4376.55 4318.26 4231.83 4160.5 4094.42 4057.7 4017.52 3971.44 3925.11 3891.97 3870.12 3855.23 3853.5 3862.93 3868.87 3877.85 3883.9 3884.54 3891.06 3899.42 3910.84 3924.1 3961.82 4002.99 4041.14
4117.8 4117.44 4114.44 4114.44 4115.87 4117.22 4120.01 4124.05 4125.87 4126.02 4125.62 4121.26 4113.28 4108.3 4114.21 4122.34 4130.63 4141.51 4155.99 4175.31 4193.09 4206.2 4203.18 4199.26 4196.76 4190.22 4166.8 4157.31 4157.44 4151.3 4152.43 4148.43 4136.92 4130.2 4134.79 4163.54 4208.18 4231.3 4257.99 4302.04 4344.79 4390.75 4404.5 4286.99 4170.23 4098.71 4048.42 4017.26 3980.79 3943.42 3906.39 3880.51 3860.01 3843.88 3836.92 3842.63 3852.37 3858.01 3865.25 3869.67 3877.42 3888.35 3900.5 3929.63 3953.68 3982.84 4016.59
4116.71 4116.02 4113.59 4113.1 4114.29 4115.48 4117.79 4123.91 4126.23 4127.66 4131.85 4127.07 4117.99 4107.64 4112.87 4125.17 4135.87 4148.42 4163.38 4178.59 4191.33 4199.93 4199.23 4195.51 4191.02 4182.93 4175.58 4162.33 4158.82 4151.31 4154.26 4149.81 4140.18 4136.22 4145.75 4180.74 4209.95 4235.42 4266.6 4320.53 4385.66 4458.59 4367.78 4233.35 4114.67 4049.7 4024.72 3987.18 3952.48 3922.54 3897.14 3875.68 3857.32 3843.35 3834.67 3829.29 3827.13 3833.03 3843 3849.6 3858.48 3868.06 3890.08 3921.69 3944.11 3967.98 3979.23
4121.11 4116.86 4114.27 4113.69 4113.25 4114.46 4115.96 4117.41 4119.19 4122.42 4123.85 4120.11 4110.65 4107.7 4115.1 4129.93 4143.58 4154.71 4165.49 4176.21 4186.41 4194.41 4193.42 4190.8 4186.95 4181.41 4182.48 4179.92 4158.67 4146.64 4143.75 4143.01 4139.72 4141.05 4154.12 4194.87 4220.96 4251.02 4284.48 4336.88 4390.48 4467.53 4326.93 4173.16 4068.07 4018.21 3996.33 3962.88 3934.41 3912.74 3896.83 3875.49 3858.79 3843.52 3831.08 3818.84 3809.45 3809.72 3817.73 3828 3841.18 3859.63 3877.18 3903.37 3929.97 3940.05 3956.45
4115.3 4112.11 4110.49 4109.58 4109.64 4112.2 4112.8 4109.87 4110.13 4116.69 4119.41 4118.3 4110.7 4113.15 4126.19 4146.81 4154.22 4162.23 4170.02 4178.82 4183.3 4184.68 4186.78 4189.03 4184.9 4184.96 4192.65 4166.84 4148.84 4139.93 4131.31 4132.5 4138.94 4146.99 4164.26 4198.61 4258.86 4281.39 4316.21 4359.13 4387.69 4393.41 4256.47 4118.54 4039.14 3992.99 3970.99 3939.76 3924.68 3903.99 3884.47 3875.87 3863.34 3847.82 3827.38 3809.78 3794.49 3790.01 3797.34 3809.84 3824.98 3841.17 3861.95 3896.01 3912.57 3925.85 3940.97
4109.86 4106.06 4103.7 4101.98 4103.59 4104.86 4106.17 4106.72 4109.56 4112.41 4118.05 4117.47 4115.76 4123.77 4142.6 4159.13 4167.42 4169.65 4172.93 4175.73 4177.7 4180.49 4185 4185.54 4177.48 4168.28 4165.31 4151.26 4140.39 4136.18 4128.18 4130.63 4141.52 4155.84 4176.89 4211.22 4272.3 4314.84 4341.14 4393.84 4436.77 4398.21 4227.02 4090.77 4033.7 4005.32 3966.22 3930.96 3928.9 3910.23 3892.66 3882.55 3871.95 3857.46 3831.29 3804.32 3782.86 3773.77 3779.99 3792.96 3812.04 3833.56 3856.05 3885.15 3905.26 3917.88 3929.36
4101.12 4099.34 4097.91 4098.75 4098.16 4097.68 4100.01 4102.76 4104.05 4104.53 4105.57 4113.39 4125.61 4142.3 4159 4167.05 4171.38 4172.51 4173.78 4173.61 4168.53 4167.21 4174.41 4178.44 4166.84 4154.51 4148.37 4141.36 4131.76 4129.42 4127.09 4131.59 4147.81 4165.34 4184.42 4217.26 4264.23 4311.52 4361.09 4428.62 4486.05 4402.29 4199.73 4080.69 4021.52 3978.19 3960.42 3937.9 3932.77 3920.42 3905.63 3893.51 3882.49 3869.04 3838.2 3807.23 3782.15 3761.14 3769.09 3780.06 3800.72 3827.91 3856.45 3893.1 3906.51 3917.19 3921.09
4091.42 4089.95 4090.25 4091.25 4092.44 4094.74 4097.52 4099.54 4100.16 4099.13 4101.34 4112.47 4136.2 4158.33 4169.87 4170.07 4170.87 4171.93 4170.5 4162.97 4160.21 4157.49 4161.95 4161.83 4155.49 4145.68 4140.47 4136.72 4129.54 4125.32 4127.81 4141.81 4156.26 4173.91 4187.57 4218.38 4258.17 4304.81 4373.92 4450.45 4465.88 4356.01 4168.91 4073.4 4013.47 3987.86 3964.51 3949.17 3941.8 3930.72 3917.95 3904.45 3891.45 3874.1 3845.88 3823.31 3805.76 3782.53 3781.75 3785.39 3801.53 3828.98 3857.99 3893.66 3908.74 3917.12 3921.2
4088.3 4084.52 4084.35 4082.62 4087.53 4095.5 4097.3 4097.9 4098.22 4095.22 4097.05 4117.22 4142.31 4162.44 4169.26 4169.19 4170.65 4171.45 4170.24 4164.89 4158.34 4154.84 4156.33 4151.75 4148.3 4140.93 4134.72 4131.37 4133.54 4127.47 4128.52 4141.02 4155.78 4171 4189.3 4220.1 4260.88 4310.92 4388.93 4469.72 4456.98 4317.99 4159.4 4064.95 4021.83 4002.52 3968.52 3954.51 3946.19 3936.42 3925.85 3913.72 3900.2 3882.6 3859.18 3849.14 3855.84 3851.26 3820.73 3794.36 3805.47 3830.94 3861.2 3894.35 3909.41 3917.23 3924.25
4093.38 4088 4083.91 4081.32 4086.23 4094.96 4095.95 4095.46 4094.68 4092.08 4092.57 4112.89 4139.71 4160.1 4170.25 4173.87 4174.46 4172.58 4170.08 4164.46 4160.49 4158.38 4153.87 4153.25 4147.94 4141.54 4133.37 4130.89 4130.77 4128.18 4130.34 4138.7 4153.45 4170.85 4190.07 4220.2 4258.78 4306.34 4389.15 4455.25 4427.61 4307.32 4174.22 4080.07 4039.11 4011.76 3972.22 3954.04 3944.55 3941.98 3932.9 3921.21 3909.25 3897.29 3872.55 3867.52 3898.11 3922.45 3851.13 3807.72 3815.09 3835.22 3861.41 3896.44 3907.42 3914.01 3922.95
4098.83 4091.01 4085.49 4081.75 4084.23 4090.84 4091.68 4092.16 4092.05 4091.13 4090.83 4108.94 4130.27 4150.81 4165.56 4171.32 4174.59 4173.86 4171.06 4169.51 4169.01 4165.92 4160.84 4153.85 4147.96 4139.93 4139.15 4136.39 4134.45 4131.4 4133.36 4140.81 4152.76 4167.15 4187.42 4218.13 4256.37 4306.51 4376.9 4436.97 4407.2 4305.93 4174.62 4080.59 4043.12 4023.92 3984.34 3963.25 3948.34 3948.73 3938.51 3926.4 3914.44 3901.44 3880.04 3870.42 3879.98 3875.02 3847.74 3828.71 3830.14 3843.62 3862.52 3892.56 3903.68 3913.39 3925
4101.89 4092.64 4084.86 4079.43 4078.97 4081.5 4084.86 4088.08 4091.49 4092.67 4090.11 4098.03 4117.96 4134.69 4151.44 4168.42 4173.04 4177.23 4178.4 4183.61 4182.7 4170.94 4160 4157.25 4150.09 4142.42 4145.5 4146.1 4138.14 4137.11 4140.92 4144.55 4151.95 4164.48 4184.91 4213.85 4249.59 4293.79 4363.57 4428.06 4393.82 4305.6 4187.3 4092.5 4052.07 4026.21 3991.86 3979.51 3948.13 3951.34 3942.19 3929.53 3916.17 3902.66 3886.32 3874.94 3862.01 3847.34 3837.6 3836.65 3844.69 3856.08 3865.08 3877.71 3896.11 3914.37 3930.33
4099.6 4089.08 4079.52 4073.45 4070.58 4072.96 4078.3 4083.52 4088.95 4096.34 4097.58 4100.53 4109.73 4120.61 4134.59 4154.13 4166.87 4182.18 4190.33 4191.48 4187.66 4173.59 4161.57 4153.99 4148.44 4149.06 4156.13 4159.84 4150.86 4145.83 4146.98 4150.99 4154.29 4164.24 4184.08 4207.54 4238.47 4281.19 4340.78 4388.57 4375.34 4315.6 4208.23 4105.26 4063.02 4032.91 4003.02 3989.59 3955.67 3954.83 3945.39 3931.67 3915.53 3901.53 3890.64 3878.08 3868.66 3852.61 3841.64 3849.42 3863.27 3875.2 3881.32 3875.56 3893.16 3914.19 3932.56
