real_craters/C076-500m.grd
DSAA
115 115
-28.4025 28.4025
-28.4025 28.4025
3761.1397192223 4591.7548768352
[rows 0 to 29 of 115, columns 0 to 66 of 115]
4142.55 4142.1 4142.44 4144.62 4152.03 4165.14 4176.85 4175.42 4172.95 4172.93 4176.08 4183.64 4198.87 4204.7 4192.56 4180.86 4162.68 4147.98 4146.94 4143.52 4143.4 4139.81 4139.45 4142.78 4145.15 4140.78 4135.82 4130.87 4123.86 4113.58 4109.3 4107.04 4104.12 4102.46 4101.23 4111.46 4121.43 4132.9 4147.21 4158.63 4168.25 4172.86 4181.15 4184.64 4185.65 4189.83 4191.52 4192.69 4191.4 4190.04 4189.08 4188.4 4187.76 4184.69 4180.26 4177.68 4175.75 4179.99 4189.6 4200.83 4211.35 4210.56 4204.05 4208.97 4212.39 4207.15 4195.37
4151.93 4150.16 4150.35 4151.98 4158.39 4171.57 4180.39 4173.07 4167.57 4167.98 4170.98 4177.92 4194.87 4201.76 4194.43 4183.46 4169.42 4155.28 4143.45 4137.8 4137.74 4136.24 4137.16 4140.58 4139.81 4136.72 4132.67 4127.05 4120.27 4112.3 4105.91 4101.49 4099.03 4100.56 4097.92 4099.5 4104.41 4118.26 4138.95 4152.9 4162.8 4165.62 4172.95 4177.23 4178.74 4181.51 4185.7 4188.21 4187.61 4186.4 4185.03 4182.66 4182.2 4180.29 4173.63 4166.41 4170.94 4178.79 4188.14 4198.81 4209.19 4212.31 4206.4 4207.53 4207.95 4202.59 4194.64
4155.2 4154.58 4153.87 4154.56 4159.79 4168.39 4173.26 4168.04 4162.24 4162.38 4165.43 4171.81 4186.75 4198.15 4195.55 4181.45 4168.54 4155.63 4143.13 4133.72 4130.66 4132.88 4139.14 4137.4 4132.66 4130.82 4128.46 4124.99 4119.97 4113.54 4102.56 4096.35 4095.45 4095.82 4095.25 4097.01 4098.86 4110.54 4130.34 4144.64 4154.09 4156.55 4164.95 4170.01 4172.96 4177.87 4179.67 4180.18 4182.42 4183.08 4182.35 4182.4 4180.25 4174.84 4165.19 4159.23 4168.11 4176.89 4184.42 4193.33 4202.44 4208.57 4210.93 4204.01 4200.58 4196.46 4196.29
4154.16 4151.37 4148.62 4153.47 4157.3 4161.27 4163.52 4160.99 4156.44 4156.25 4159.08 4165.96 4179.08 4191.54 4195.45 4180.47 4167.46 4155.45 4142.74 4135.05 4131.08 4135.7 4135.33 4132.25 4128.57 4128.2 4126.69 4123.98 4119.87 4113.84 4096.52 4092.15 4092.22 4093.05 4092.96 4096.1 4099.95 4108.83 4122.83 4137.41 4148.69 4153.23 4157.86 4165.49 4170.48 4174.7 4175.54 4177.28 4179.3 4180.78 4180.82 4180.49 4181.23 4173.48 4162.52 4156.52 4163.72 4170.96 4178.62 4185.87 4190.31 4192.69 4191.9 4196.35 4196.32 4193.59 4197.21
4152.36 4148.11 4141.97 4146.83 4151.91 4153.56 4154.35 4152.52 4149.93 4149.39 4151.25 4155.42 4165.55 4180.12 4185.82 4177.31 4163.74 4155.94 4144.39 4139.82 4134.33 4133.78 4130.99 4128.31 4126.64 4128.07 4126.84 4123.99 4119.8 4113.57 4099.03 4092.74 4092.49 4092.31 4093.12 4097.51 4099.94 4107.88 4120.84 4131.61 4140.6 4148.58 4156.45 4163.38 4170.88 4171.44 4170.29 4173.42 4177.79 4179.07 4179.28 4176.38 4180.36 4173.39 4164.16 4164.06 4159.69 4165.68 4173.06 4179.45 4184.58 4186.3 4187.66 4191.99 4193.66 4190.82 4195.34
4150.78 4149 4145.09 4149.16 4145.54 4145.32 4144.67 4145.64 4144.04 4143 4143.65 4147.29 4160.09 4169.76 4180.11 4176.24 4164.04 4152.2 4146.24 4140.45 4135.97 4129.46 4127.06 4126.57 4129.44 4127.97 4127.36 4124.95 4120.46 4113.51 4104.36 4097.49 4094.23 4091.52 4092.08 4095.11 4098.54 4106.71 4115.8 4125.51 4133.48 4138.85 4147.1 4156.79 4166.47 4165.85 4165.35 4169.34 4174.72 4177.56 4179.69 4178.81 4179.35 4174.6 4166.78 4164.35 4160.96 4164.59 4170.24 4175.15 4179.59 4183.63 4189.3 4189.83 4190.24 4187.93 4195.17
4150.98 4152.01 4143.51 4135.65 4138.33 4139.44 4139.72 4140.21 4138.62 4137.21 4136.62 4136.39 4141.32 4156.54 4169.62 4168.01 4158 4149.33 4146.13 4140.88 4138.5 4131.77 4129.66 4130.03 4132.42 4133.92 4130.17 4127.04 4122.44 4115.87 4107.29 4103.59 4105.02 4102.33 4094.68 4093.45 4097.77 4109.78 4119.03 4127.55 4128.68 4134.8 4140.76 4146.92 4150.15 4156.05 4157.37 4164.44 4171.5 4175.16 4179.72 4183.8 4182.11 4178.26 4171.88 4163.04 4162.24 4165.64 4169.25 4172.23 4174.96 4179.26 4181.73 4185.38 4187.38 4186.82 4195.15
4146.59 4144.06 4139.62 4134.34 4135.11 4135.9 4136.88 4138.63 4134.49 4132.69 4132.48 4132.59 4134.7 4145.98 4155.44 4152.68 4153.01 4154.32 4153.38 4152.86 4149.61 4142.36 4136.48 4140.69 4138.45 4133.91 4132.99 4129.9 4126.24 4121.63 4115.71 4106.89 4110.52 4114.16 4114.03 4108.95 4113.08 4121.36 4125.83 4129.76 4133.98 4135.77 4136.15 4137.69 4143.26 4150.04 4157.1 4160.98 4165.69 4169.77 4174.99 4183.37 4186.91 4180.54 4176.69 4166.85 4167.13 4168.96 4170.34 4171.89 4173.71 4177.23 4182.17 4187.21 4189.11 4187.79 4195.86
4142.62 4139.37 4138.54 4138.1 4134.43 4133.37 4132.32 4131.15 4129.85 4129.79 4131.76 4132.34 4133.57 4142.42 4152.82 4152.29 4153.43 4154.76 4161.46 4168.6 4162.92 4156.34 4150.2 4145.41 4143.43 4139.79 4136.7 4133.75 4130.61 4127.03 4121.84 4114.28 4116.74 4121.02 4122.48 4125.66 4130.32 4130.85 4131.34 4131.98 4132.41 4133.48 4132.55 4130.43 4135.28 4147.09 4155.2 4157.5 4158.68 4162.33 4165.83 4171.68 4176.93 4175.83 4174.57 4170.08 4171.44 4171.9 4171.84 4172.67 4173.32 4175 4178.89 4184.17 4187.13 4187.54 4194.29
4141.13 4139.59 4136.65 4134.17 4132.48 4131.09 4129.84 4128.5 4126.72 4127.68 4131.62 4136.59 4140.92 4147.26 4152.54 4152.53 4158.46 4162.45 4165.7 4170.71 4167.44 4162.09 4159.71 4157.37 4153.44 4145.94 4141.82 4139.15 4136.71 4133.8 4130.5 4129.22 4127.94 4127.69 4130.62 4131.99 4133.47 4134.46 4135.91 4138.64 4138.42 4135.92 4135.01 4134.91 4138.55 4145.72 4153.65 4152.88 4153.49 4157.25 4158.77 4159.39 4164.16 4167.17 4167.54 4169.78 4172.14 4171.74 4171.44 4172.55 4172.81 4171.08 4170.95 4177.12 4182.61 4185.36 4196.36
4140.38 4139.71 4133.84 4131.23 4130.87 4129.83 4128.24 4126.8 4127.85 4130.51 4133.44 4136.14 4145.91 4152.34 4155.18 4154.02 4155.44 4164.02 4167.22 4169.18 4166.73 4158.79 4160.41 4160.99 4159.7 4151.19 4146.89 4144.53 4143.01 4141.77 4139.19 4142.01 4146.88 4145.26 4139.96 4136.61 4134.61 4136.05 4138.56 4142.12 4144.84 4144.45 4142.24 4140.92 4140.96 4139.46 4141.59 4145.71 4151.31 4155.85 4159.04 4160.15 4161.07 4160.27 4160.96 4163.08 4169.72 4169.25 4168.43 4167.88 4168.3 4167.38 4164.7 4167.35 4176.51 4180.89 4189.63
4139.01 4137.47 4133.65 4131.96 4131.29 4130.72 4129.51 4127.88 4130.25 4141.12 4143.79 4147.64 4154.11 4159.37 4160.11 4160.8 4157.63 4161.94 4164.71 4167.01 4167.18 4167.15 4163.6 4159.98 4159.7 4155.99 4150.43 4148.29 4148.87 4151.31 4155.9 4161.49 4164.16 4160.56 4148.53 4140.02 4140.36 4146.05 4144.69 4145.09 4150.19 4151.86 4150.52 4145.17 4138.18 4131.42 4130.63 4136.53 4143.4 4151.01 4160.92 4164.72 4160.6 4155.6 4155.41 4160.56 4161.99 4165.63 4167 4165.1 4166.29 4168.44 4168.46 4170.91 4173.09 4175.28 4182.62
4138.03 4136.18 4133.73 4132.8 4132.76 4133.55 4134.9 4136.67 4137.13 4146.8 4154.18 4158.31 4161.51 4165.12 4161.27 4161.35 4157.29 4159.59 4161.93 4163.86 4165.31 4165.44 4163.82 4160.23 4156.41 4153.02 4150.02 4150.2 4153.11 4158.8 4168.38 4176.96 4174.33 4166.6 4155.62 4149.13 4152.87 4156.87 4155.99 4156.59 4154.62 4152.3 4155.36 4149.14 4136.85 4129.64 4127.02 4129.08 4131.48 4139.16 4155.35 4162.9 4160.43 4154.21 4155.41 4163.07 4161.99 4167.68 4170.75 4172.44 4172.87 4173.87 4173.97 4172.81 4171.3 4176.65 4184.58
4137.79 4136.17 4133.79 4133.41 4134.66 4137.22 4140.42 4144.58 4150.06 4162.04 4166.1 4166.8 4164.44 4157.95 4157.9 4155.9 4157.63 4159.48 4159.79 4160.26 4160.73 4161.88 4160.1 4157.02 4157.24 4149.91 4148.01 4150.14 4154.15 4160.42 4168.77 4173.35 4173.55 4168.38 4160.33 4155.69 4159.36 4165.08 4168.14 4172.04 4161.06 4151.35 4152.3 4145.42 4136.29 4126.19 4124.95 4126.75 4129.31 4138.02 4152.43 4160.85 4160.63 4157.29 4160.2 4166.82 4165.77 4173.32 4177.85 4179.65 4182.17 4182.09 4179.14 4170.77 4166.36 4171.41 4180.55
4137.86 4135.99 4134.33 4133.93 4137.11 4142.22 4147.69 4153.35 4163.68 4177.35 4182.06 4179.66 4173.12 4164.46 4162.82 4161.53 4158.91 4160.83 4158.91 4157.85 4157.8 4158.18 4158.86 4157.64 4158.23 4150.75 4147.42 4149.52 4154.07 4159.13 4164.89 4169.58 4170.52 4167.87 4164.34 4167.19 4170.98 4170.13 4175.38 4178.65 4165.41 4154.03 4147.98 4146.36 4138.47 4129.47 4128.49 4129.89 4132.25 4138.33 4153.23 4159.89 4159.5 4158.22 4161.58 4167.64 4171.75 4179.3 4187.89 4192.91 4194.12 4190.62 4183.19 4169.32 4161.24 4165.66 4180.15
4138.53 4136.25 4134.09 4133.88 4139.78 4148.16 4157.38 4167.23 4179.55 4193.01 4198.06 4194.59 4186.53 4177.85 4171.88 4166.24 4157.93 4155.04 4156.93 4157.86 4157.56 4161.85 4161.67 4160.7 4160.08 4151.64 4146.79 4148.34 4151.69 4155.48 4159.68 4166.31 4167.53 4167.76 4166.49 4176.69 4188.17 4185.31 4181.58 4180.28 4168.88 4157.22 4146.32 4146.75 4144.9 4141.59 4138.65 4137.74 4137.59 4140 4146.17 4153.14 4155.8 4154.37 4159.82 4166.17 4171.87 4178.72 4196.12 4209.67 4206.56 4200.54 4189.2 4172.4 4160.91 4162.58 4174.33
4139.89 4135.47 4132.04 4133.07 4141.99 4154.36 4169.05 4185.16 4200.78 4213.75 4219.03 4210.4 4198.49 4189.04 4181.05 4170.9 4154.65 4148.45 4153.18 4161.22 4169.65 4172.6 4170.06 4165.71 4160.19 4151.65 4146.28 4147.84 4150.18 4152.47 4154.69 4158.08 4163.87 4165.73 4167.67 4185.45 4199.45 4199.49 4193.68 4182.9 4168.71 4163.21 4161.8 4158.58 4156.03 4152.01 4151.26 4149.24 4146.74 4143.3 4143.28 4148.26 4152.54 4153.3 4161.45 4169.89 4176.17 4184.58 4201.04 4212.88 4213.61 4210.09 4203.86 4179.79 4159.62 4158.93 4168.1
4143.21 4137.24 4132.57 4133.74 4144.36 4159.78 4178.63 4200.99 4220.26 4231.38 4238.12 4219.28 4203.67 4191.89 4183.45 4172.91 4157.12 4147.88 4154.17 4164.82 4175.83 4178.27 4172.59 4165.75 4159.74 4153.2 4149.02 4149.77 4150.3 4150.74 4151.9 4155.75 4157.9 4161.02 4167.09 4188.48 4204.58 4205.88 4202.38 4190.48 4173.07 4166.98 4169.06 4169.8 4169.77 4169.75 4166.49 4163.78 4160.34 4153.64 4149.47 4152.55 4151.89 4153.77 4160.47 4171.58 4183.12 4193.92 4207.29 4216.33 4217.04 4214.03 4206.57 4180.29 4160.44 4159.79 4166.93
4147.21 4140.67 4135.45 4134.84 4145.83 4162.34 4182.36 4205.38 4223.82 4226.61 4225.96 4212.98 4199.48 4188.08 4179.49 4171.38 4159.72 4153.2 4157.75 4165.18 4174.94 4178.05 4173.35 4164.85 4158.82 4155.44 4155.52 4154.37 4152.18 4150.33 4150.86 4155.31 4159.67 4160.24 4164.31 4185.68 4203.94 4206.3 4200.04 4189.51 4173.09 4168.13 4169.51 4174.74 4178.28 4180.68 4180.11 4180.18 4179.68 4179.67 4178.05 4175.86 4177.21 4177.06 4174.87 4183.93 4193.34 4200.31 4212.59 4217.87 4218.87 4214.03 4201.66 4179.51 4158.7 4158.82 4166.5
4153.5 4148.29 4141.15 4136.91 4147.14 4162.52 4180.22 4198.28 4211.78 4209.51 4203.41 4197.81 4189.66 4180.6 4173.6 4166.94 4156.82 4155.79 4155.76 4160.5 4168.96 4169.93 4168.65 4165.94 4159.31 4156.94 4162.21 4158.82 4154.64 4150.51 4147.18 4157.42 4166.14 4164.02 4167.55 4189.31 4208.25 4213.58 4209.56 4196.83 4182.32 4176.9 4176.76 4185.16 4184.33 4187.51 4193.35 4197.09 4199.79 4200.14 4199.55 4203.58 4211.35 4214.29 4212.74 4210.24 4212.36 4217.27 4221.88 4221.06 4220.12 4216.26 4205.93 4186.46 4165.33 4165.55 4174.88
4160.93 4158.18 4149.97 4144.46 4149.81 4161.87 4174.84 4186.08 4190.47 4188.93 4184.42 4183 4180.38 4175.25 4167.83 4166.71 4164.92 4154.98 4149.61 4153.1 4155.61 4157.57 4163.36 4164.75 4158.55 4156.05 4161.45 4160.2 4156.57 4154.14 4153.56 4157.72 4168.35 4170.42 4175.83 4202.21 4226.5 4225.71 4218.34 4209.53 4204.4 4204.14 4201.32 4208.39 4203.02 4204.62 4209.99 4214.77 4218.66 4220.16 4219.91 4225.19 4233.85 4239.74 4242.17 4234.07 4230.3 4231.89 4226.72 4223.53 4222.36 4221.21 4216.8 4203.81 4187.48 4188.76 4196.22
4154.81 4164.45 4156.22 4148.85 4152.35 4161.45 4170.58 4176.83 4179.2 4178.43 4174.44 4174.44 4174.77 4173.87 4171.75 4171.83 4167.9 4153.91 4148.51 4147.7 4149.33 4147.43 4153.3 4156.29 4155.29 4158.89 4160.57 4159.98 4158.4 4158.47 4162.97 4169.69 4180.85 4189.37 4196.91 4213.68 4227.28 4221.08 4212.3 4213.44 4221.99 4236.39 4240.6 4238.54 4235.61 4228.87 4227.57 4231.02 4236.28 4239.69 4238.42 4239.35 4243.72 4248.88 4253.86 4245.96 4239.49 4234.61 4226.39 4224.03 4223.38 4223.86 4224.39 4222.77 4218.05 4220.89 4222.51
4148.62 4155.29 4155.21 4152.26 4156.02 4162.74 4168.1 4171.89 4173.43 4176.26 4174.03 4172.44 4172.8 4172.6 4170.78 4167.74 4166.01 4153.58 4147.04 4142.91 4139.12 4138.74 4143.07 4148.88 4154.44 4155.23 4156.98 4157.82 4162.3 4165.41 4176.75 4194.33 4206.55 4215.32 4221.89 4219.98 4219.16 4213.28 4216.22 4216.09 4224.72 4240.69 4250.57 4250.12 4246.32 4240.69 4238.82 4241.65 4248.27 4256.74 4247.38 4246.22 4248.98 4249.94 4252.18 4246.73 4240.25 4233.65 4225.41 4221.74 4222.66 4225.49 4230.46 4238.12 4241.28 4255.67 4247.33
4141.24 4146.31 4152.19 4158.58 4163.76 4165.12 4167.2 4169.06 4171.19 4174.53 4171 4171.96 4173.06 4171.3 4166.4 4167.87 4169.18 4164.86 4150.46 4142.55 4138.05 4137.8 4141.79 4146.98 4152.07 4155.96 4154.74 4159.38 4172.29 4187.38 4210.74 4224.73 4224.94 4231.38 4226.84 4217.75 4211.45 4211.01 4211.49 4209.3 4218.41 4229.84 4240.52 4243.21 4242.49 4240.79 4241.01 4244.21 4247.84 4249.74 4245.3 4247.12 4253.97 4249.65 4247.64 4242.93 4235.57 4228.15 4217.87 4218.61 4221.88 4226.26 4234.84 4243.84 4249.91 4265.22 4257.45
4135.66 4138.58 4148.31 4158.99 4165.42 4164.45 4164.75 4166.01 4167.48 4169.39 4166.8 4172.58 4175.14 4177.44 4175.07 4174.88 4172.7 4162.93 4151.89 4145.6 4144.01 4144.43 4147.44 4150.59 4151.5 4150.88 4153.46 4163.21 4187.36 4209.5 4230.58 4238.69 4232.62 4226.94 4218.18 4208.18 4197.67 4194.85 4190.31 4199.87 4206.67 4216.09 4219.83 4222.54 4230.14 4233.64 4237.49 4242.59 4249.13 4248.59 4240.3 4243.63 4250.78 4251.56 4247.65 4237.12 4227.82 4221.27 4212.48 4216.97 4223.93 4228.82 4239.81 4250.71 4253.35 4260.86 4256.38
4131.89 4133.91 4144.18 4152.8 4157.93 4159.71 4161.01 4162.09 4163.14 4163.41 4161.85 4169.97 4175.95 4179.95 4179.52 4176.29 4174.47 4169.15 4154.39 4143.65 4144.95 4149.09 4150 4150.72 4153.12 4153.25 4162.57 4182.12 4210.35 4232.18 4239.69 4242.15 4230.56 4216.16 4207.45 4196.69 4185.42 4176.44 4176.19 4182.57 4190.69 4199.31 4202.77 4207.77 4216.98 4223.85 4230.11 4236.35 4242.37 4248.68 4240.01 4239.99 4244.91 4245.37 4239.22 4228.16 4217.47 4209.44 4209.31 4216.28 4229.34 4242.88 4248.65 4257.44 4260.34 4254.41 4247.37
4137.22 4137.74 4143.53 4148.06 4148.92 4154.47 4156.71 4157.94 4157.89 4156.35 4160.24 4171.49 4176.46 4176.59 4178.3 4178.96 4173.74 4164.58 4156.33 4147.77 4147.54 4149.31 4150.38 4152.93 4153.58 4160.76 4180.03 4212.15 4236.27 4254.65 4256.29 4248.12 4228.68 4211.35 4200.04 4186.88 4174.22 4166.05 4166.94 4170.5 4176.65 4182.77 4188.76 4194.92 4204.66 4215.16 4223.32 4229.22 4232.96 4244.76 4243.23 4239.35 4237.21 4232.72 4228.17 4217.89 4206.64 4197.78 4204.66 4215.34 4231.62 4248.47 4250.14 4248.55 4261.73 4248.88 4240.14
4148.83 4146.92 4145.4 4146.24 4148.17 4150.18 4153.02 4154.93 4154.96 4153.97 4159.04 4170.66 4178.07 4180.88 4180.62 4180.46 4173.6 4163.89 4158.54 4156.99 4152.29 4151.28 4153.72 4155.81 4159.36 4174.23 4201.18 4233.36 4253.08 4265.95 4265.47 4253.09 4226.2 4207.27 4191.94 4178.09 4166.36 4159.14 4165.77 4168.2 4169.94 4171.85 4175.7 4182.4 4196.41 4208.44 4218.21 4225.94 4232.12 4243.01 4246.77 4241.29 4230.29 4230.8 4219.6 4208.38 4197.97 4192.57 4202.1 4210.08 4227.53 4243.62 4249.56 4255.64 4265.01 4248.48 4239.02
4147.73 4147.49 4144.99 4143.93 4143.71 4146.42 4150.09 4153.43 4156.51 4158.61 4157.61 4168.66 4180.64 4186.18 4185.53 4181.2 4174.49 4166.7 4157.65 4157.02 4152.25 4151.08 4155.27 4162.09 4170.04 4185.33 4218.01 4240.68 4252.95 4258.09 4254.37 4238.37 4216.5 4192.96 4179.56 4170.07 4160.25 4156.17 4158.96 4165.52 4166.54 4166.94 4171.12 4176.92 4191.63 4203.14 4214.21 4225.62 4234.89 4240.5 4239.28 4234.49 4224.83 4218.63 4209.11 4200.37 4191.74 4186.88 4191.36 4201.68 4221.9 4235.69 4244.65 4256.97 4263.26 4252.42 4240.45
4144.76 4143.66 4142.39 4141.64 4142.12 4144.56 4148.17 4152.37 4156.6 4159.74 4161.53 4170.68 4182.84 4188.88 4186.17 4178.9 4174.86 4170.67 4160.09 4151.88 4147.66 4146.47 4150.94 4156.96 4163.6 4191.25 4224.18 4237.82 4240.54 4237.09 4234.09 4224.13 4202.76 4186.35 4174.69 4164.8 4156.37 4157.12 4162.93 4164.32 4165.87 4170.15 4172.64 4169.45 4186.01 4196.96 4208.34 4221.46 4233.82 4231.39 4220.67 4210.29 4209.16 4207.14 4202.46 4195.79 4188.43 4185.05 4190.61 4202.79 4218.99 4228.77 4230.35 4236.2 4247.77 4247.7 4244.27
