real_craters/C076-1000m.grd
DSAA
33 33
-16.23 16.23
-16.23 16.23
4545.0711822687 6202.4108791563
5636.44 5631.82 5624.08 5627.98 5624.75 5623.06 5627.76 5628.66 5624.41 5609.89 5604.82 5611.74 5620.48 5630.9 5624.5 5625.21 5634.68 5632.99 5655.46 5646.85 5651.97 5659.97 5664.16 5671.15 5664.93 5657.51 5652.82 5650.46 5660.91 5673.21 5677.61 5679.54 5678.81 
5644.8 5641.46 5639.71 5641.48 5636.03 5640.3 5637.58 5643.85 5641.12 5619.33 5606.92 5607.21 5614.59 5621.73 5633.73 5634.4 5624.55 5643.81 5629.36 5641.61 5655.42 5667.39 5674.88 5667.78 5666.71 5669.99 5665.81 5661.52 5660.99 5670.95 5675.98 5680.45 5687.13 
5649.87 5649.11 5644.93 5648.6 5645.91 5637.09 5647.62 5655.47 5650.16 5614.75 5607.12 5606 5612.54 5619.32 5633.31 5637.45 5632.43 5620.56 5618.89 5641.88 5664.16 5677.93 5682.92 5669.06 5682.97 5685.49 5684.16 5678.9 5669.2 5670.53 5674.02 5677.63 5680.05 
5654.17 5657.93 5664.68 5664.57 5662.08 5659.79 5660.12 5660.99 5657.13 5629.94 5620.66 5619.26 5621.19 5624.29 5642.7 5655.4 5639.91 5629.5 5637.85 5662.93 5681.39 5689.3 5682.46 5652.82 5676.13 5693.88 5702.25 5700.58 5672.77 5674.06 5677.36 5676.63 5674.01 
5666.45 5671.34 5675.47 5674.84 5679.1 5673.57 5669.89 5667.57 5658.13 5651.79 5649.95 5641.79 5644.08 5653.39 5671.88 5716.71 5685.92 5644.25 5682.94 5700.57 5703.64 5717.36 5722.48 5695.08 5715.82 5733.9 5723.89 5717.45 5702.11 5691.94 5688.93 5684.19 5680.76 
5670.99 5686.66 5693.63 5682.26 5673.05 5679.18 5682.73 5683.68 5690.32 5690.63 5684.32 5683.9 5676.83 5667.88 5707.51 5778.57 5832.89 5712.67 5710.49 5721.52 5741.81 5747.17 5757.01 5749.05 5759.14 5751.4 5740.13 5726.95 5715.75 5710.83 5706.35 5701.73 5682.77 
5680.91 5701.37 5709.32 5691.03 5668.83 5676.94 5680.79 5688.23 5702.87 5709.22 5716.11 5732 5742.12 5756.55 5735.67 5851.67 5971.51 5872.85 5819.78 5814.24 5805.45 5763.74 5729.33 5749.04 5755.21 5752.13 5751.44 5733.26 5724.48 5722.33 5720.04 5717.73 5700.45 
5703.47 5710.77 5712.81 5699.04 5687.74 5683.59 5685.84 5692.43 5720.66 5754.43 5752.94 5786.16 5841.81 5884.72 5940.01 5909.17 5833.48 5941.47 5963.08 6026.65 5883.5 5804.07 5747.14 5785.18 5815.37 5813.11 5781.51 5742.23 5738.11 5732.36 5730.63 5722.46 5698.79 
5709.61 5713.15 5711.18 5704.39 5693.96 5691.97 5693.34 5690.72 5691.93 5767.96 5788.55 5868.67 5909.15 6001.99 5862.51 5565.53 5300.64 5369.69 5653.59 5853.17 5838.89 5806.48 5771.27 5804.53 5819.62 5824.8 5803.05 5790.78 5750.51 5743.27 5746.55 5737.08 5710.76 
5714.58 5713.38 5712.82 5707.21 5707.55 5706.58 5706.76 5707.95 5728.03 5771.7 5955.4 5871.61 5692.51 5571.16 5354.51 5110.54 4910.83 4980.32 5233.93 5517.86 5661.33 5801.33 5855.21 5820.54 5767.15 5764.5 5774.88 5802.03 5767.69 5760.6 5767.94 5777.85 5732.38 
5706.72 5719.04 5716.85 5710.46 5716.9 5730 5727.91 5736.9 5769.8 5902.41 5990.53 5504.42 5187.69 5050.03 4875.04 4754.33 4816.47 4799.1 4871.09 5012.93 5364.83 5790.78 5981.56 5878.14 5789.15 5744.76 5733.18 5743.26 5762.08 5771.51 5777.6 5775.91 5738.08 
5717.83 5730.96 5722.13 5715.85 5735.92 5767.53 5787.21 5793.79 5831.72 6042.56 5711.51 5206.6 4843.92 4679.36 4615.97 4662.33 4730.76 4768.17 4719.68 4664.33 5065.38 5545.63 5838.15 5922.97 5914.04 5808.08 5734.92 5737.1 5773.62 5792.52 5769.7 5754 5731.71 
5717.23 5728.97 5731.09 5735.58 5756.14 5791.03 5849.47 5900 5888.86 5856.88 5437.57 4968.55 4675.68 4609.67 4582.5 4640.44 4696.95 4707.65 4655.9 4604.12 4878.95 5344.8 5678.12 5920.2 6074.39 5897.22 5746.95 5741.84 5757.01 5765.54 5750.86 5730.8 5723.11 
5720.13 5729.47 5741.3 5756.02 5769.24 5794.22 5907.57 6010.43 5921.8 5542 5094.66 4744.6 4584.34 4615.22 4572.98 4604.75 4644.07 4651.02 4618.46 4595.06 4745.94 5018.51 5460.52 5855.53 6107.51 5945.27 5713.63 5730.2 5740.09 5735.61 5735.04 5722.71 5717.51 
5718.96 5730.63 5753.69 5772.02 5792.61 5829.14 5929.72 5992.23 5810.94 5383.66 4910.48 4631.07 4576.67 4582.64 4575.16 4561.62 4649.03 4639.89 4623.06 4601.33 4672.55 4865.98 5319.13 5782.67 6136.36 6025.15 5748.78 5730.56 5737.6 5739.62 5729.24 5724.36 5715.43 
5716.34 5732.44 5766.59 5802.03 5807.64 5829.07 5931.89 5983.33 5762.87 5320.63 4860.87 4614.8 4591.87 4572.38 4567.84 4582.61 4666.56 4661.9 4625.52 4600.08 4654.52 4829.2 5275.13 5732.39 6060.78 6044.27 5800.34 5766.27 5741.32 5733.46 5724.48 5720.01 5716.2 
5730.3 5746.24 5767.05 5785 5793.71 5802.4 5934.38 6053.93 5806.34 5386.96 4953.7 4670.61 4586.07 4559.45 4568.55 4658.09 4648.38 4693.07 4683.95 4594.57 4663.72 4919.05 5319.42 5728.92 6061.26 6099.99 5842.9 5755.98 5738.09 5725.11 5726.59 5724.31 5715.54 
5740.94 5753.48 5765.88 5781.27 5786.71 5807.17 5933.97 6061.61 5849.83 5506.74 5151.53 4794.01 4603.26 4545.07 4561.84 4607.54 4719.73 4685.74 4640.13 4601.85 4689.76 5039.24 5414.12 5767.88 6044.97 6066.61 5833.41 5739.74 5723.52 5734.37 5737.86 5732.35 5715.77 
5737.63 5747.9 5752.02 5766.89 5788.06 5818.47 5905.33 5959.86 5837.78 5592.3 5292.07 4979.61 4727.02 4587.51 4569.16 4575.08 4608.45 4646.29 4634.93 4609.21 4672.65 5174.34 5459.78 5753.34 6004.44 6078.33 5829.13 5699.31 5702.94 5734.31 5761.68 5745.58 5727.14 
5744.05 5747.3 5748.5 5763.73 5791.53 5833.87 5893.46 5917.94 5809.59 5639.08 5421.64 5107.1 4819.77 4692.54 4606.26 4591.3 4620.66 4650.03 4658.31 4661.36 4729.33 5168.9 5401.17 5669.61 5926.69 6047.93 5834.72 5687.6 5689.93 5722.64 5761.05 5748.37 5726.71 
5746.39 5748.39 5756.1 5767.3 5786.16 5813.74 5837.86 5841.12 5792.44 5679.79 5485.7 5137.66 4942.96 4786.71 4696.34 4648.01 4718.11 4712.62 4701.74 4752.35 4995.76 5016.1 5317.48 5574.36 5779.32 5871.72 5779.03 5692.6 5691.71 5717.1 5744.82 5740.47 5721.43 
5732.8 5740.07 5739.07 5755.02 5773.65 5788.06 5810.3 5811.25 5801.23 5756.11 5665.3 5323.4 5057.84 4899.37 4913.53 4920.65 4803.97 4787.25 4814.18 4876.66 5307.65 5158.34 5358.94 5538.46 5658.2 5699.29 5704.84 5699.63 5699.76 5713.39 5731.09 5738.13 5733.84 
5732.44 5737.38 5742.55 5750.27 5760.8 5768.29 5772.83 5782.54 5818.09 5824.93 5770.53 5473.09 5169.89 5012.45 4993.05 4952.85 4899.44 4952.08 5073.55 5236.69 5828.19 5625.35 5596.6 5610.89 5654.3 5683.33 5691.74 5697.71 5708.7 5707.96 5736.67 5738.83 5727.1 
5729.76 5732.94 5733.21 5745.03 5752.77 5758.34 5758.06 5766.27 5804.65 5836.72 5852.19 5695.85 5439.01 5266.22 5294.95 5275.45 5259.1 5347.91 5532.24 5731.37 6078.81 6036.46 5824.01 5731.99 5706.79 5705.81 5732.22 5743.37 5729.77 5706.4 5725.65 5745.14 5746.44 
5720.44 5727.55 5735.08 5741.93 5749.51 5755.84 5753.64 5765.76 5800.19 5832.77 5888.14 5912.42 5857.32 5745.57 5865 5806.29 5828.54 5870.2 5958.26 6202.41 5970.11 6007.65 5874.59 5793.48 5751.13 5743.23 5772.27 5775.24 5745.44 5724.64 5753.04 5757.18 5753.34 
5713.24 5722.54 5727.38 5735.51 5742.62 5752.1 5766.08 5763.73 5779.61 5802.54 5827.27 5837.94 5842.66 5880.16 5907.58 5959.38 5987.1 6044.49 5999.88 5943.49 5771.3 5795.16 5814.63 5789.47 5764.81 5764.02 5798.04 5757.85 5741.02 5743.4 5785.16 5771.34 5752.11 
5706.65 5720.94 5728.21 5728.45 5732 5743.33 5762.25 5774.39 5766.4 5766.16 5772.55 5802.79 5813.28 5813.98 5820.73 5856.81 5865.59 5868.12 5858.29 5808.68 5767.27 5756.7 5766.69 5768.79 5764.9 5767.03 5757.19 5761.6 5765.69 5764.25 5798.03 5797.83 5773.86 
5697.88 5707.24 5712.73 5712.08 5713.26 5719.68 5738.49 5756.7 5742.94 5731.5 5716.31 5771.21 5772.58 5782.32 5799.77 5803.68 5795.9 5767.55 5775.08 5779.44 5777.38 5753.72 5755.55 5758.13 5756.19 5749.76 5745.57 5745.89 5744.89 5767.86 5779.03 5794.63 5788.42 
5682.45 5678.4 5685.66 5691.27 5694.07 5694.28 5699.58 5712.26 5717.09 5711.3 5691.23 5708.33 5775.88 5766.58 5767.44 5780.17 5783.64 5764.31 5759.72 5769.59 5772.98 5769.53 5761.81 5759.49 5765.88 5759.67 5750.79 5746 5754.52 5746.55 5766.75 5778.71 5780.44 
5666.78 5659.69 5670.73 5683.32 5688.06 5684.13 5684.98 5697.07 5702.96 5715.27 5745.5 5777.74 5768.55 5783.01 5773.36 5782.94 5805.92 5786.69 5762.55 5750.17 5765.66 5751.39 5749.84 5754.16 5752.69 5749.27 5737.51 5741.3 5750.74 5741.2 5767.17 5794.44 5773.04 
5675.56 5672.27 5681.55 5687.73 5688.56 5684.38 5681 5678.96 5691.19 5709.29 5735.05 5749.24 5758.55 5789.31 5778.51 5772.41 5762.09 5765.27 5751.16 5727.74 5731.49 5738.71 5745.91 5748.66 5757.24 5750.25 5750.84 5748.88 5736.41 5740.34 5762.67 5761.96 5713.59 
5705.81 5708.52 5700.3 5697.41 5695.1 5697.48 5683.69 5673.6 5680.68 5697.93 5707.54 5723.88 5742.2 5736.56 5757.35 5755.57 5745.63 5732.11 5724.1 5724.41 5725.01 5725.35 5726.32 5735.11 5747.16 5743.3 5742.59 5735.89 5730.09 5722.1 5734.52 5732.69 5682.42 
5712.84 5738.71 5707.16 5700.3 5699.17 5696.1 5684.89 5666.93 5674.44 5692.8 5710.16 5721.57 5730.69 5733.64 5738.82 5744.15 5747.4 5737.45 5712.43 5708.75 5705.68 5718.08 5720.39 5713.69 5704.96 5724.73 5727.3 5721.44 5715.33 5706.81 5700.03 5695.17 5677.69 
