real_craters/C077-750m.grd
DSAA
77 77
-28.5775 28.5775
-28.5775 28.5775
2976.1186872535 4272.9740288675
[rows 0 to 40 of 77, columns 0 to 76 of 77]
3970 3968 3967 3966 3967 3966 3964 3964 3963 3963 3961 3961 3958 3953 3951 3953 3954 3951 3949 3961 3973 3979 3975 3966 3958 3961 3978 3968 3950 3956 3952 3951 3955 3964 3971 3943 3918 3915 3907 3908 3911 3926 3914 3908 3902 3905 3937 3937 3885 3889 3890 3889 3891 3889 3899 3898 3889 3881 3875 3874 3872 3872 3872 3867 3861 3857 3856 3857 3860 3863 3865 3863 3862 3866 3872 3862 3865
3968 3966 3965 3964 3965 3965 3963 3963 3963 3963 3963 3960 3959 3953 3950 3951 3952 3949 3950 3973 3988 3984 3975 3967 3962 3959 3963 3992 3990 3979 3971 3967 3973 3978 3971 3965 3950 3942 3911 3903 3916 3934 3911 3914 3917 3917 3924 3937 3893 3893 3891 3889 3887 3896 3904 3887 3877 3878 3878 3876 3873 3870 3871 3865 3861 3857 3856 3857 3858 3860 3862 3863 3861 3862 3865 3858 3855
3966 3965 3964 3964 3965 3965 3963 3962 3962 3961 3960 3959 3956 3951 3949 3949 3947 3946 3954 3989 3999 3989 3977 3967 3961 3958 3953 3995 4034 4015 4001 4000 4001 4000 4009 4003 3980 3956 3935 3913 3920 3916 3914 3929 3946 3940 3917 3916 3890 3891 3891 3890 3892 3894 3901 3885 3874 3876 3879 3879 3879 3878 3875 3871 3862 3856 3855 3855 3856 3857 3854 3853 3853 3854 3852 3849 3847
3965 3964 3964 3963 3964 3965 3963 3962 3961 3961 3960 3958 3954 3949 3948 3948 3948 3946 3949 3977 3993 3989 3980 3968 3956 3964 3952 3983 4019 4020 4011 4011 4013 4010 4015 4008 3995 3963 3956 3942 3948 3951 3922 3944 3970 3961 3937 3923 3894 3892 3893 3893 3897 3903 3921 3905 3877 3878 3881 3883 3887 3891 3890 3878 3865 3857 3854 3853 3853 3854 3852 3848 3848 3848 3845 3845 3847
3963 3963 3964 3962 3964 3964 3962 3961 3960 3960 3959 3959 3959 3951 3949 3947 3949 3952 3957 3971 3987 3987 3984 3984 3994 3997 3999 3985 3991 3984 3986 3995 3998 4000 3998 4003 3997 3981 3983 3971 3977 3985 3969 3960 3973 3958 3934 3927 3909 3901 3897 3896 3897 3904 3926 3922 3889 3895 3890 3883 3881 3890 3893 3874 3862 3855 3852 3850 3850 3851 3852 3850 3848 3846 3844 3847 3855
3965 3964 3962 3960 3960 3960 3959 3959 3959 3959 3959 3958 3957 3953 3950 3947 3954 3964 3975 3984 3984 3983 3984 3992 4014 4007 4001 4002 3986 3967 3966 3980 3989 3989 3986 3992 3998 3996 3997 3985 3993 4004 4001 3976 3948 3938 3924 3922 3918 3908 3899 3894 3891 3895 3920 3926 3912 3897 3892 3885 3877 3886 3887 3872 3853 3850 3850 3850 3849 3849 3854 3852 3849 3848 3847 3849 3854
3965 3965 3963 3961 3955 3954 3957 3958 3957 3957 3958 3958 3955 3955 3957 3960 3970 3978 3981 3980 3981 3980 3980 3984 3997 3983 3977 3984 3976 3964 3959 3970 3987 3981 3975 3973 3973 3982 3979 3977 3980 3981 3982 3970 3959 3942 3915 3908 3906 3905 3900 3894 3887 3889 3926 3924 3901 3901 3892 3887 3887 3900 3898 3885 3861 3854 3852 3851 3850 3850 3850 3852 3851 3849 3848 3848 3848
3965 3964 3963 3959 3956 3955 3955 3955 3955 3954 3958 3962 3963 3956 3970 3994 3993 3995 3997 3992 3988 3984 3978 3976 3984 3963 3953 3960 3955 3952 3951 3955 3956 3964 3961 3946 3944 3956 3967 3969 3960 3970 3965 3966 3989 3975 3932 3899 3897 3909 3902 3895 3889 3888 3916 3918 3903 3893 3891 3891 3895 3910 3906 3889 3874 3863 3858 3854 3853 3851 3851 3851 3852 3851 3850 3848 3846
3963 3962 3959 3958 3956 3954 3956 3959 3957 3956 3961 3968 3978 3982 3992 4007 4010 4008 4011 4016 4013 3999 3981 3964 3987 3963 3952 3949 3944 3942 3938 3941 3942 3942 3939 3928 3929 3946 3956 3953 3950 3957 3961 3973 3994 3982 3939 3899 3890 3899 3900 3897 3895 3898 3907 3901 3896 3885 3886 3893 3906 3910 3907 3893 3878 3870 3863 3857 3854 3853 3852 3853 3854 3855 3855 3850 3850
3961 3961 3961 3960 3955 3953 3958 3962 3961 3960 3962 3968 3981 4007 4019 4031 4018 4010 4010 4031 4039 4013 3991 3979 3986 3965 3953 3953 3946 3941 3936 3937 3940 3941 3934 3930 3936 3955 3967 3955 3954 3956 3963 3969 3981 3984 3962 3911 3888 3897 3897 3896 3897 3901 3899 3891 3894 3888 3886 3888 3899 3918 3913 3900 3887 3880 3870 3860 3853 3852 3850 3851 3856 3860 3865 3871 3866
3960 3960 3959 3958 3956 3956 3958 3962 3961 3963 3964 3965 3969 3990 4017 4018 4008 4000 3997 4002 4032 4018 4001 3980 3983 3978 3951 3950 3947 3942 3940 3935 3932 3931 3930 3933 3948 3965 3964 3951 3952 3952 3956 3956 3959 3959 3964 3923 3891 3890 3893 3895 3894 3893 3888 3890 3890 3893 3888 3888 3902 3920 3916 3910 3902 3890 3878 3866 3853 3858 3851 3854 3859 3864 3870 3877 3876
3962 3959 3956 3954 3955 3958 3958 3959 3962 3965 3967 3965 3961 3966 3994 3996 3994 3987 3982 3989 4007 4009 4008 4007 3979 3957 3948 3945 3940 3938 3939 3932 3930 3931 3928 3931 3960 3967 3962 3950 3947 3947 3950 3955 3967 3962 3957 3934 3902 3892 3895 3895 3891 3885 3883 3888 3886 3887 3882 3880 3891 3906 3908 3911 3910 3895 3885 3877 3872 3876 3874 3863 3861 3864 3869 3874 3873
3962 3958 3955 3953 3954 3957 3958 3959 3978 3984 3974 3969 3965 3959 3973 3987 3983 3977 3970 3979 3989 3994 3997 3990 3964 3942 3936 3943 3933 3932 3926 3922 3927 3933 3937 3948 3972 3969 3958 3946 3947 3944 3944 3948 3960 3966 3969 3962 3918 3911 3907 3901 3891 3882 3883 3895 3882 3888 3876 3871 3877 3885 3892 3895 3893 3892 3890 3887 3884 3875 3867 3862 3861 3862 3865 3867 3865
3959 3957 3955 3952 3954 3957 3958 3958 3964 3975 3974 3972 3972 3965 3961 3972 3974 3971 3968 3974 3969 3980 3982 3963 3949 3936 3933 3935 3936 3930 3924 3920 3921 3930 3950 3967 3973 3965 3955 3949 3944 3942 3942 3938 3955 3972 3985 3996 3945 3944 3927 3909 3896 3891 3893 3894 3902 3895 3886 3887 3873 3873 3880 3882 3881 3888 3890 3894 3893 3876 3855 3858 3859 3861 3860 3857 3852
3959 3958 3957 3954 3954 3958 3959 3957 3958 3965 3969 3969 3965 3961 3959 3962 3967 3970 3975 3970 3969 3970 3972 3957 3956 3967 3955 3939 3930 3926 3926 3923 3921 3929 3960 3972 3968 3964 3947 3937 3935 3938 3938 3931 3960 3984 4005 4023 3970 3952 3937 3916 3897 3888 3896 3901 3895 3891 3887 3890 3878 3874 3876 3880 3889 3886 3885 3888 3890 3877 3862 3860 3860 3860 3859 3858 3856
3961 3959 3957 3956 3957 3958 3959 3959 3959 3964 3968 3969 3967 3962 3962 3961 3965 3969 3970 3967 3961 3960 3959 3950 3961 3990 3983 3946 3930 3926 3926 3924 3926 3943 3967 3973 3968 3961 3939 3933 3931 3929 3929 3930 3967 3990 4013 4026 3996 3971 3945 3924 3897 3878 3883 3886 3891 3890 3877 3882 3880 3878 3876 3874 3871 3875 3875 3873 3876 3878 3869 3865 3862 3859 3857 3856 3852
3966 3962 3958 3958 3960 3961 3963 3961 3962 3966 3971 3973 3969 3965 3963 3963 3967 3971 3969 3964 3956 3949 3943 3935 3949 3970 3979 3972 3952 3942 3931 3924 3954 3972 3976 3975 3968 3957 3936 3926 3932 3925 3920 3921 3930 3970 3999 4019 4011 4007 3981 3938 3899 3877 3881 3886 3893 3890 3876 3883 3881 3879 3876 3875 3871 3870 3869 3865 3870 3883 3880 3869 3862 3858 3855 3853 3847
3973 3969 3963 3961 3961 3961 3960 3963 3965 3969 3976 3983 3989 3973 3962 3965 3968 3974 3974 3961 3948 3940 3933 3923 3928 3943 3971 3973 3967 3955 3945 3949 3960 3975 3977 3982 3967 3954 3940 3927 3925 3922 3916 3912 3914 3934 3966 3988 3992 3994 3990 3945 3901 3877 3882 3881 3883 3877 3878 3884 3892 3881 3869 3863 3866 3867 3868 3870 3870 3870 3872 3868 3862 3857 3850 3845 3837
3980 3980 3972 3968 3962 3961 3964 3964 3965 3974 3980 3983 3984 3972 3964 3962 3965 3968 3966 3957 3946 3937 3929 3919 3917 3927 3955 3975 3976 3972 3956 3950 3947 3969 3979 3984 3966 3954 3945 3940 3930 3917 3911 3918 3916 3922 3937 3948 3954 3953 3958 3939 3912 3891 3883 3877 3882 3881 3879 3887 3892 3880 3866 3860 3861 3863 3866 3871 3866 3867 3866 3863 3859 3854 3847 3839 3825
3990 4000 4005 3985 3966 3965 3965 3964 3974 3987 3985 3978 3971 3967 3962 3958 3962 3965 3964 3958 3944 3935 3930 3923 3918 3922 3953 3972 3976 3972 3958 3941 3936 3961 3981 3972 3961 3954 3948 3937 3921 3916 3920 3919 3919 3932 3929 3930 3931 3933 3936 3937 3926 3910 3898 3892 3878 3878 3882 3895 3894 3879 3865 3860 3860 3861 3862 3861 3858 3866 3862 3859 3855 3850 3845 3839 3832
4000 4017 4029 4004 3982 3977 3971 3968 3985 3998 3987 3977 3968 3963 3957 3953 3962 3972 3976 3971 3957 3942 3930 3931 3935 3941 3962 3969 3972 3967 3957 3939 3937 3958 3971 3962 3955 3952 3950 3937 3919 3918 3926 3916 3918 3928 3929 3927 3920 3915 3932 3942 3934 3919 3902 3895 3875 3876 3888 3896 3888 3875 3864 3861 3863 3864 3858 3853 3856 3852 3854 3854 3851 3848 3845 3842 3842
4000 4007 4014 4003 3998 3987 3981 3984 3987 3989 3984 3975 3968 3961 3953 3950 3968 3991 3995 3994 3994 3979 3966 3941 3923 3939 3960 3968 3966 3961 3953 3951 3955 3960 3969 3964 3953 3951 3951 3948 3925 3927 3934 3917 3923 3934 3934 3926 3916 3912 3937 3953 3946 3927 3903 3876 3875 3884 3888 3879 3876 3870 3862 3861 3862 3863 3856 3849 3848 3850 3850 3849 3848 3847 3846 3846 3845
3989 3981 3978 3983 3981 3979 3980 3981 3985 3985 3980 3972 3967 3968 3955 3950 3979 4004 4009 4008 4009 4003 3988 3963 3949 3951 3970 3978 3970 3952 3951 3950 3948 3953 3956 3960 3958 3958 3957 3955 3938 3941 3932 3920 3923 3930 3931 3925 3916 3912 3947 3960 3952 3930 3902 3871 3870 3869 3867 3867 3868 3866 3863 3859 3857 3855 3853 3847 3843 3848 3844 3843 3843 3843 3845 3847 3844
3975 3967 3964 3967 3969 3972 3976 3977 3981 3986 3980 3970 3966 3965 3958 3963 4001 4012 4013 4009 4003 3996 3994 3976 3961 3971 3993 3993 3986 3977 3971 3958 3951 3953 3959 3966 3967 3971 3974 3965 3951 3954 3944 3927 3921 3944 3932 3928 3922 3922 3941 3947 3954 3929 3893 3871 3867 3862 3865 3866 3864 3861 3858 3855 3852 3847 3847 3841 3835 3836 3839 3840 3841 3841 3843 3845 3850
3955 3951 3952 3955 3961 3968 3971 3971 3977 3981 3978 3974 3969 3966 3969 3992 4023 4018 4014 4005 3994 3985 3987 3978 3965 3963 3985 3998 4004 4012 4006 3978 3996 3976 3988 3986 3986 3988 3980 3986 3972 3973 4004 3990 3940 3953 3945 3939 3932 3932 3942 3947 3958 3931 3888 3870 3867 3862 3864 3863 3863 3857 3853 3851 3848 3846 3845 3838 3832 3831 3835 3837 3838 3838 3837 3838 3843
3934 3934 3936 3941 3951 3960 3962 3966 3967 3968 3969 3969 3966 3967 3975 4000 4026 4025 4014 4004 3993 3980 3979 3981 3980 3983 3989 4002 4014 4017 3996 3991 3990 3997 4002 4012 4009 4032 4013 4011 4027 4040 4104 4108 3975 3962 3961 3949 3943 3941 3950 3959 3962 3946 3918 3902 3889 3866 3861 3865 3862 3856 3852 3849 3845 3842 3839 3836 3832 3832 3834 3836 3836 3835 3833 3830 3824
3921 3918 3920 3925 3932 3941 3944 3950 3953 3955 3957 3959 3956 3959 3971 3989 4020 4023 4015 4004 3995 3986 3976 3981 3971 3983 3992 4007 4021 4034 4033 4029 4023 4021 4072 4126 4167 4123 4135 4178 4220 4232 4180 4108 4023 3983 3964 3963 3954 3948 3956 3969 3979 3966 3940 3933 3927 3881 3863 3861 3858 3854 3850 3847 3844 3839 3837 3838 3836 3835 3835 3835 3836 3834 3831 3824 3811
3916 3905 3903 3905 3908 3912 3915 3928 3936 3937 3940 3943 3945 3952 3965 3984 4019 4022 4014 4004 3994 3986 3977 3972 3975 3987 4000 4013 4031 4049 4079 4087 4097 4132 4155 4169 4164 4109 4139 4140 4216 4273 4227 4171 4071 4039 4013 3979 3959 3945 3944 3956 3979 3981 3980 3955 3939 3900 3863 3860 3855 3853 3851 3848 3846 3841 3839 3839 3841 3839 3838 3837 3836 3835 3834 3832 3828
3914 3892 3888 3885 3883 3880 3884 3899 3908 3907 3911 3922 3928 3941 3958 3977 4000 4012 4009 4003 3994 3981 3972 3970 3973 3977 3997 4020 4040 4057 4056 4096 4085 4028 3955 3956 3932 3921 3914 3913 3946 4005 4056 4242 4190 4069 4009 3983 3962 3945 3938 3962 3977 3979 3971 3955 3933 3917 3868 3861 3855 3852 3851 3851 3850 3848 3846 3846 3844 3842 3841 3840 3840 3838 3836 3833 3827
3907 3888 3876 3869 3863 3859 3867 3871 3872 3876 3879 3893 3916 3934 3951 3968 3991 4003 4002 4001 3995 3979 3958 3960 3946 3970 4002 4027 4056 4092 4153 4181 3999 3853 3767 3691 3655 3667 3685 3683 3702 3742 3832 3993 4158 4192 4023 4003 3982 3955 3944 3966 3979 3990 3964 3956 3939 3897 3866 3863 3857 3850 3852 3855 3860 3867 3882 3869 3852 3846 3842 3841 3840 3839 3839 3837 3829
3898 3875 3867 3857 3848 3838 3847 3852 3850 3852 3856 3875 3907 3928 3943 3956 3961 3987 3994 3997 3996 3987 3962 3955 3942 3971 4002 4027 4063 4113 4178 4121 3888 3682 3577 3476 3433 3431 3430 3459 3493 3548 3652 3760 3897 4100 4117 4067 4012 3968 3938 3945 3971 4005 3972 3955 3937 3875 3861 3855 3858 3853 3853 3858 3866 3879 3897 3876 3856 3846 3842 3841 3842 3843 3843 3839 3818
3905 3879 3863 3850 3839 3831 3832 3835 3837 3837 3839 3863 3899 3920 3935 3950 3971 3983 3986 3990 3988 3975 3960 3954 3959 3965 3986 4016 4052 4081 4090 3920 3733 3532 3419 3323 3271 3257 3247 3272 3311 3397 3493 3602 3725 3913 4109 4105 4040 3984 3946 3946 3954 3975 3964 3952 3932 3886 3858 3856 3855 3851 3854 3858 3867 3879 3889 3861 3849 3844 3842 3842 3843 3845 3845 3844 3823
3903 3879 3860 3845 3833 3824 3821 3827 3830 3829 3830 3856 3893 3909 3922 3934 3946 3970 3970 3977 3991 3982 3968 3951 3948 3946 3967 3989 4005 4003 3953 3749 3588 3412 3290 3196 3157 3144 3133 3135 3169 3293 3399 3496 3617 3735 3931 4063 4039 3991 3947 3924 3932 3945 3953 3946 3934 3892 3860 3856 3852 3851 3852 3856 3860 3868 3866 3846 3838 3837 3839 3843 3846 3847 3844 3831 3821
3888 3871 3854 3840 3828 3818 3815 3822 3827 3824 3824 3844 3879 3891 3903 3913 3922 3931 3943 3952 3961 3962 3956 3932 3936 3941 3947 3946 3938 3907 3816 3598 3433 3282 3176 3111 3094 3096 3080 3070 3084 3208 3303 3415 3546 3650 3803 3994 4004 3978 3942 3914 3911 3924 3932 3934 3932 3904 3888 3863 3854 3850 3848 3848 3847 3840 3834 3825 3826 3829 3835 3840 3844 3847 3847 3839 3816
3880 3859 3847 3835 3824 3815 3815 3815 3812 3816 3823 3824 3845 3868 3884 3896 3906 3911 3916 3922 3926 3949 3956 3936 3935 3937 3931 3911 3877 3820 3700 3459 3301 3174 3105 3077 3094 3127 3128 3098 3092 3158 3267 3345 3446 3571 3722 3911 3957 3961 3942 3914 3910 3914 3917 3919 3920 3918 3910 3894 3862 3846 3844 3841 3837 3831 3815 3810 3816 3823 3830 3836 3843 3847 3849 3839 3826
3865 3849 3839 3829 3820 3811 3806 3809 3809 3810 3815 3823 3829 3852 3871 3883 3889 3891 3896 3904 3916 3939 3958 3943 3944 3950 3922 3879 3820 3741 3605 3362 3211 3102 3081 3112 3167 3230 3212 3181 3168 3168 3245 3320 3374 3489 3661 3839 3917 3950 3950 3914 3907 3901 3902 3905 3905 3917 3915 3906 3875 3853 3846 3838 3829 3819 3809 3805 3810 3817 3824 3831 3837 3844 3851 3856 3832
3865 3848 3835 3826 3818 3811 3811 3812 3811 3807 3803 3810 3825 3845 3863 3875 3874 3870 3880 3893 3906 3918 3927 3942 3967 3967 3913 3851 3774 3670 3518 3315 3155 3049 3071 3151 3249 3371 3286 3276 3258 3211 3232 3308 3328 3475 3632 3799 3904 3964 3972 3914 3890 3889 3897 3900 3899 3907 3908 3896 3891 3867 3854 3841 3825 3813 3805 3802 3806 3812 3818 3825 3831 3836 3839 3833 3815
3861 3839 3833 3825 3818 3813 3814 3817 3820 3820 3817 3812 3821 3840 3859 3873 3865 3855 3868 3880 3885 3901 3918 3929 3947 3942 3896 3827 3736 3618 3451 3247 3100 3010 3045 3140 3264 3391 3361 3351 3336 3226 3203 3248 3299 3458 3652 3774 3906 4000 4018 3914 3892 3898 3904 3910 3907 3896 3882 3877 3876 3874 3862 3850 3829 3810 3806 3802 3806 3812 3817 3820 3822 3823 3818 3804 3798
3866 3847 3838 3829 3822 3818 3823 3831 3835 3844 3839 3812 3818 3835 3856 3877 3868 3861 3864 3866 3871 3890 3913 3915 3927 3917 3882 3822 3725 3592 3415 3205 3044 2978 3000 3084 3181 3260 3311 3345 3329 3224 3188 3210 3266 3438 3618 3772 3922 4031 4074 3956 3885 3888 3912 3928 3921 3894 3871 3858 3858 3866 3868 3867 3865 3837 3813 3808 3808 3812 3814 3816 3815 3814 3807 3801 3793
3873 3856 3845 3835 3827 3822 3832 3843 3840 3844 3838 3820 3817 3829 3846 3865 3868 3868 3871 3860 3859 3887 3914 3918 3919 3913 3893 3849 3760 3608 3425 3229 3061 2993 2976 3036 3094 3200 3255 3294 3264 3199 3172 3177 3248 3409 3582 3777 3960 4045 4038 3947 3893 3905 3924 3937 3925 3880 3855 3857 3865 3865 3869 3876 3890 3878 3836 3819 3820 3821 3820 3818 3814 3810 3806 3800 3793
3877 3866 3853 3843 3835 3829 3832 3833 3833 3827 3827 3823 3817 3821 3827 3840 3865 3888 3878 3876 3883 3906 3911 3903 3902 3918 3920 3900 3847 3727 3517 3283 3109 3052 3056 3036 3048 3107 3188 3243 3227 3169 3160 3197 3281 3418 3603 3903 4075 4063 4014 3926 3893 3912 3930 3945 3928 3887 3852 3847 3846 3851 3860 3869 3880 3896 3895 3851 3841 3836 3831 3823 3815 3808 3803 3800 3794
