real_craters/C077-300m.grd
DSAA
192 192
-28.5775 28.5775
-28.5775 28.5775
2966.8990711567 4320.2153447093
[rows 120 to 149 of 192, columns 0 to 66 of 192]
3847.73 3851.99 3856.81 3862.02 3866.77 3869.99 3872.18 3872.28 3870.62 3868.04 3865.73 3865.1 3864.88 3864.4 3863.25 3861.29 3858.92 3855.31 3850.49 3844 3836.42 3835.1 3835.49 3836.38 3836.74 3836.17 3836.54 3835.49 3833.71 3831.38 3828.41 3824.7 3825.98 3827.91 3829.23 3829.51 3829.34 3829.49 3829.91 3830.25 3831.26 3831.94 3832.04 3832.38 3831.72 3831.52 3831.96 3834.3 3835.65 3838.57 3840.01 3839.81 3844 3848.97 3847.17 3843.71 3840.3 3838.26 3837.62 3842.27 3848.21 3852.84 3853.11 3851.87 3851.51 3851.34 3852.85
3844.9 3849.23 3854.31 3859.82 3865.16 3869.91 3872.42 3871.58 3868.76 3864.98 3860.75 3861.9 3863.62 3864.36 3864.07 3863.28 3862.82 3860.85 3858.46 3855.68 3854.46 3850.56 3847.22 3844.28 3841.59 3839.54 3838.54 3837.98 3836.46 3834.11 3831.18 3828.5 3828.9 3830.53 3832.52 3832.86 3831.37 3830.6 3830.46 3830.58 3831.06 3832.34 3833.08 3833.65 3834.03 3833.58 3832.4 3835.56 3838.01 3841.69 3843.2 3842.58 3846.53 3849.99 3848.04 3842.92 3840.16 3837.73 3837.84 3840.27 3845.49 3851.52 3851.73 3849.33 3849.41 3850.68 3852.25
3841.88 3846.17 3851.32 3857.03 3862.89 3868.88 3872.43 3870.59 3868 3864.4 3859.92 3861.98 3864.08 3865.19 3865.78 3866.01 3866.65 3866.75 3866.65 3866.75 3867.12 3866.52 3859.28 3853.15 3847.63 3843.73 3842.99 3842.09 3840.37 3838.05 3835.57 3833.96 3833.12 3832.75 3833.21 3832.97 3831.73 3830.57 3830.03 3829.97 3830.23 3831.47 3833.16 3835.03 3837.14 3837.98 3836.95 3834.65 3844.24 3848.13 3850.81 3852.87 3854.89 3856.06 3852.96 3847.83 3843.5 3838.26 3835.2 3838.55 3839.96 3839.56 3842.85 3844.11 3845.31 3847.33 3850.65
3839.13 3843.29 3848.28 3853.53 3859.13 3864.53 3868.09 3868.28 3867.94 3867.36 3864.9 3865.83 3866.09 3866.61 3867.62 3868.61 3870.57 3872.39 3874.16 3875.82 3876.4 3874.01 3868.96 3862 3855.08 3850.54 3849.31 3847.53 3845.35 3842.62 3839.79 3837.12 3835.26 3834.57 3833.92 3832.99 3831.71 3830.44 3829.63 3829.38 3829.59 3830.25 3832.14 3834.37 3839.03 3843.6 3841.38 3841.88 3853 3854.86 3858.17 3862.69 3862.86 3862.6 3860.8 3856.47 3850.73 3844.62 3840.94 3841.04 3841.13 3839.91 3834.1 3837.93 3842.4 3846.37 3850.83
3836.82 3840.65 3845.16 3849.95 3854.68 3858.76 3861.39 3864.4 3866.59 3870.69 3874.59 3869.86 3868.13 3867.98 3868.66 3870.26 3873.75 3877.12 3880.32 3883.44 3885.4 3883.49 3878.08 3870.87 3863.47 3858.53 3855.98 3854.12 3851.31 3847.86 3844.13 3840.16 3837.06 3836.44 3836.25 3833.56 3831.4 3830.06 3829.32 3828.99 3829.33 3830 3831.35 3833.76 3837.99 3842.88 3842.78 3849.37 3855.85 3858.18 3861.5 3866.11 3868 3870.01 3871.23 3867.44 3859.76 3853.16 3848.91 3846.76 3845.87 3843.91 3833.87 3836.23 3840.98 3845.29 3849.95
3835.45 3838.73 3842.61 3846.59 3850.4 3853.79 3857.09 3859.66 3862.94 3867.71 3870.47 3868.94 3867.85 3868.02 3869.15 3871.36 3875.48 3879.18 3884.33 3890.05 3894.16 3892.93 3887.19 3879.83 3871.99 3867.62 3865.39 3862.3 3858.17 3853.41 3848.67 3844.62 3841.49 3836.69 3834.21 3831.63 3829.85 3828.93 3828.24 3827.99 3828.05 3828.21 3829.16 3831.55 3834.43 3839.41 3845.96 3853.06 3856.86 3858.89 3861.41 3865.76 3872.53 3877.25 3881.42 3878.47 3867.84 3857.75 3854.46 3853.45 3850.73 3844.22 3837.48 3838.14 3842.02 3846.1 3849.69
3835.34 3837.8 3840.86 3843.94 3846.77 3849.22 3851.83 3853.91 3856.74 3860.69 3863.65 3864.2 3865.2 3866.41 3868.38 3870.78 3875.15 3879.8 3885.91 3893.64 3901.84 3901 3894.4 3888.45 3882.58 3878.82 3875.92 3871.46 3865.28 3858.67 3852.44 3847.15 3842.07 3834.18 3828.3 3827.95 3827.91 3827.76 3827.39 3827.18 3827.09 3826.98 3827.15 3827.68 3829.27 3832.88 3845.79 3856.06 3859.38 3859.11 3861.11 3866.64 3875.79 3880.76 3883.09 3881.06 3874.26 3867.5 3864.35 3863.1 3859.84 3852.69 3843.61 3843.73 3845.73 3848.31 3850.81
3836.44 3837.89 3840.11 3842.26 3844.08 3845.21 3845.33 3847.31 3850.02 3851.89 3854.85 3858.59 3861.15 3863.53 3865.9 3869.32 3873.11 3878 3884.31 3891.52 3899.27 3899.62 3897.28 3894.96 3893.44 3889.7 3886.43 3880.46 3871.66 3863.01 3854.86 3847.33 3840.26 3831.94 3826.4 3826.4 3827.05 3827.37 3827.07 3826.7 3826.31 3825.92 3825.22 3824.49 3824.21 3826.49 3841.74 3853.17 3855.75 3859.01 3863.03 3870.31 3878.57 3882.7 3880.26 3880.63 3880.26 3878.25 3876.05 3875.48 3874.84 3868.4 3860.55 3854.67 3852.2 3852.24 3853.1
3838.24 3838.96 3840.3 3841.62 3842.67 3843.26 3843.35 3844.28 3845.55 3846.83 3849.71 3853.77 3857.26 3860.39 3863.26 3866.57 3870.07 3874.17 3879.26 3884.56 3889.72 3894.22 3896.22 3897.04 3897.41 3894.98 3892.15 3885.61 3875.63 3865.76 3856.26 3846.93 3837.5 3830.86 3827.42 3827.29 3827.53 3827.63 3827.39 3826.85 3825.75 3823.95 3823 3822.27 3821.96 3822.96 3831.13 3845.11 3857.21 3864.46 3871.05 3881.7 3892.56 3892.82 3888.04 3887.13 3887.06 3886.16 3885.23 3886.16 3890.68 3903.15 3893.59 3865.87 3858.93 3856.43 3855.85
3840.73 3840.73 3841.31 3841.9 3842.43 3842.94 3843.57 3843.94 3843.32 3843.79 3846.49 3850.34 3854.06 3857.39 3860.4 3863.43 3866.58 3870.1 3873.08 3876.12 3879.82 3888.06 3892.66 3895.19 3896.39 3894.52 3891.36 3885.57 3876.97 3867.36 3857.45 3847.62 3838.1 3832.7 3830.58 3829.97 3829.62 3829.17 3828.44 3827.34 3826.2 3824.42 3823.01 3822.15 3822.31 3824.86 3827.65 3837.74 3861.07 3874.09 3882.56 3894.41 3906.25 3904.56 3901.38 3895.73 3892.72 3892.43 3889.94 3890.73 3894.07 3896.74 3884.81 3870.87 3863.11 3860.31 3859.18
3843.66 3843.16 3842.87 3842.82 3842.96 3843.25 3843.46 3843.17 3842.5 3841.8 3844.75 3848.28 3851.73 3854.94 3857.86 3860.64 3863.22 3865.43 3867.3 3868.89 3871.53 3881.58 3888.41 3891.04 3891.56 3890.95 3888.93 3884.66 3876.87 3868.12 3859.01 3849.91 3841.56 3837.54 3835.71 3834.25 3833.12 3832.05 3830.85 3829.46 3827.61 3825.77 3824.27 3823.05 3822.65 3824.08 3826.76 3830.44 3853.64 3874.14 3885.91 3896.21 3904.43 3906.59 3905.91 3898.1 3892.03 3889.37 3889.18 3889.77 3889.73 3884.82 3874.29 3866.98 3865.49 3863.75 3862.61
3846.99 3845.72 3844.7 3844.12 3843.81 3843.75 3843.83 3843.63 3843.42 3843.65 3844.97 3847.21 3849.93 3852.63 3855.22 3857.72 3859.94 3861.95 3863.44 3864.95 3869.44 3880.23 3886.69 3886.97 3886.2 3886.28 3885.11 3882.07 3875.82 3868.82 3861.28 3853.54 3846.26 3841.68 3840.18 3837.95 3837.3 3835.44 3833.85 3832.14 3830.32 3828 3826.43 3825.2 3824.38 3825.31 3827.42 3830.87 3846 3870.65 3882.87 3891.33 3896.59 3899.13 3898.98 3893.64 3887.45 3884.33 3886.11 3887.05 3886.67 3882.89 3874.68 3871.76 3869.83 3867.79 3866.34
3849.83 3847.82 3846.22 3845.17 3844.61 3844.44 3844.6 3844.84 3844.88 3845.13 3845.43 3846.62 3848.42 3850.6 3852.86 3855.11 3857.31 3859.57 3861.45 3863.47 3868.68 3880.62 3885.95 3883.61 3882.1 3882.02 3880.79 3877.5 3874.36 3869.8 3864.05 3857.93 3852.4 3848.24 3845.15 3842.61 3841.61 3839.38 3837.29 3835.32 3833.41 3831.76 3830 3828.35 3827.76 3829.3 3830.01 3831.97 3843.61 3867.19 3881.49 3887.62 3890.86 3890.43 3887.75 3887.25 3885.58 3883.75 3883.49 3884.54 3885.29 3886.13 3890.47 3880.13 3875.79 3871.94 3869.27
3850.85 3848.73 3846.95 3845.67 3844.82 3844.66 3845.08 3846.18 3846.07 3845.36 3845.23 3845.6 3846.8 3848.53 3850.63 3852.73 3855.19 3857.61 3860.55 3864.51 3870.59 3878.13 3881.83 3879.17 3878.27 3879.11 3878.85 3876.85 3875.18 3871.89 3867.3 3862.3 3857.72 3854.68 3850.66 3847.71 3846.29 3843.88 3841.61 3839.51 3837.49 3835.54 3833.58 3831.89 3830.18 3831.9 3832.44 3834.04 3842.57 3863.06 3877.89 3887.03 3890.78 3889.77 3886.29 3882.73 3878.98 3878.61 3880.01 3881.52 3882.83 3884.09 3884.33 3888.01 3878.75 3873.85 3870.84
3849.89 3848.27 3846.59 3845.24 3844.31 3843.96 3844.28 3845.45 3845.41 3845.07 3843.93 3844.03 3844.93 3846.34 3848.11 3850.35 3853 3855.75 3859.69 3863.91 3869.29 3874.41 3876.37 3874.68 3875.45 3877.88 3879.44 3879.89 3878.2 3874.93 3870.78 3866.12 3861.17 3857.3 3854.81 3852.07 3850.85 3848.13 3845.54 3843.23 3841.18 3839.27 3837.53 3835.9 3835.16 3833.85 3833.7 3834.79 3840.02 3857.22 3871.98 3889.86 3893.44 3891.37 3887.04 3880.72 3871.78 3873.87 3876.67 3877.98 3878.77 3878.72 3877.19 3874.33 3875.18 3873.6 3871.02
3848.27 3846.8 3845.42 3844.04 3842.94 3842.19 3841.75 3841.31 3840.49 3840.47 3841.05 3841.44 3842.29 3843.56 3845.18 3847.42 3850.37 3853.7 3858.44 3863.79 3868.28 3871.79 3873.44 3871.71 3874.57 3878.28 3881.02 3882.33 3881.35 3878.16 3874.02 3869.81 3865.61 3861.32 3859.68 3856.71 3854.5 3851.58 3848.88 3846.63 3844.59 3842.91 3841.24 3839.93 3838.91 3836.13 3835.86 3837.04 3840.36 3850.64 3864.61 3882.97 3887.52 3887.09 3884.42 3881.85 3879.45 3876.25 3875.08 3874.62 3874.51 3874.22 3873.57 3874.39 3874.33 3872.78 3870.51
3845.59 3844.98 3843.84 3842.37 3841 3839.82 3838.7 3837.76 3837.47 3837.64 3838.05 3838.76 3839.75 3840.82 3842.48 3844.49 3847.37 3851.1 3855.9 3861.72 3865.98 3869.67 3873.28 3874.98 3876.66 3879.88 3882.89 3885.33 3884.86 3880.71 3876.29 3872.67 3870.43 3869.66 3866.17 3860.64 3857.29 3854.03 3851.43 3849.33 3847.54 3846.09 3844.85 3843.57 3841.85 3839.07 3839.37 3840.79 3843.64 3848.56 3856.71 3867.02 3871.9 3874.1 3875.76 3879.33 3886.51 3877.25 3872.31 3870.39 3869.83 3869.97 3870.64 3872.37 3874.01 3872.4 3870.09
3844.67 3843.55 3842.02 3840.37 3838.78 3837.19 3835.71 3834.59 3834.57 3834.38 3834.81 3835.63 3836.65 3837.93 3839.47 3841.43 3843.89 3847.07 3851.43 3856.85 3861.77 3866.44 3870.6 3874.48 3878.35 3881.54 3884.26 3886.6 3886 3881.27 3876.2 3872.6 3871.85 3873.01 3868.74 3861.51 3856.9 3855.02 3852.85 3851.18 3849.81 3848.92 3848.25 3847.54 3845.3 3843.04 3844.03 3845.59 3847.78 3852.82 3851.52 3852.75 3855.72 3856.91 3862.42 3867.3 3870.21 3869.52 3867.34 3865.99 3865.3 3865.91 3868.02 3872.18 3873.78 3870.08 3868.06
3843.56 3841.88 3839.95 3838.15 3836.39 3834.55 3832.63 3830.55 3828.24 3830.59 3831.86 3832.98 3834.09 3835.18 3836.53 3838.06 3839.98 3842.37 3845.52 3850.76 3856.63 3863.26 3869.03 3875.95 3879.56 3882.21 3884.16 3885.44 3884.41 3879.22 3873.26 3868.17 3865.18 3863.79 3860.93 3857.93 3855.87 3855.16 3853.92 3852.66 3851.65 3851.13 3851.05 3851.76 3852.44 3849.65 3849.09 3850.58 3853.54 3857.13 3847.81 3844.07 3846.8 3848.09 3852.35 3854.51 3856.05 3859.2 3860.14 3859.97 3859.74 3859.97 3862.37 3867.79 3866.05 3863.69 3863.89
3840.01 3838.76 3837.45 3835.95 3834.22 3832.26 3830.16 3828.18 3828.45 3828.39 3829.48 3830.64 3831.67 3832.79 3833.87 3835.08 3836.46 3838.08 3839.56 3841.8 3851.63 3860.91 3870.47 3877.79 3879.68 3880.93 3881.79 3882.01 3880.43 3874.7 3867.95 3861.35 3855.42 3852.68 3851.75 3853.07 3854 3854.87 3854.31 3853.65 3852.83 3852.53 3852.55 3852.91 3853.27 3852.8 3852.21 3853.35 3855.7 3856.2 3845.51 3844.28 3846.86 3848.58 3848.53 3847.24 3847.9 3851.89 3853.7 3854.09 3853.75 3852.32 3850.39 3846.44 3848.66 3854.52 3858.36
3836.97 3835.97 3835.21 3834.02 3832.48 3830.69 3828.62 3826.34 3824.9 3826.56 3827.96 3828.99 3829.92 3830.8 3831.75 3832.68 3833.79 3835 3836.8 3840.65 3848.5 3857.87 3867.41 3874.51 3877.46 3878.16 3878.02 3876.73 3873.83 3868.8 3862.5 3855.33 3847.99 3846.44 3846.74 3850.24 3853.06 3854.7 3855.17 3854.52 3853.95 3853.43 3853.07 3852.98 3853.18 3852.82 3852.43 3853.13 3854.93 3855.28 3852.58 3848.1 3849.05 3850.28 3848 3846.33 3846.59 3848.57 3849.72 3849.95 3848.85 3846.47 3842.23 3835.72 3841.03 3849.47 3854.64
3835.59 3834.74 3833.75 3832.75 3831.39 3829.86 3828.14 3826.35 3825.35 3826.29 3827.13 3827.76 3828.35 3828.86 3829.52 3830.23 3831.23 3832.62 3834.94 3839 3845.53 3853.88 3863.03 3870.58 3874.28 3874.5 3873.27 3870.93 3867.73 3863.53 3858.41 3852.69 3847.49 3846.53 3847.75 3850.94 3854.2 3855.81 3856.37 3856.12 3854.89 3854.29 3853.06 3852.46 3852.61 3851.56 3850.59 3850.25 3850.25 3849.91 3849.36 3846.27 3845.46 3846.6 3847.28 3848.6 3848.39 3848.33 3848.39 3848.16 3847.05 3844.95 3842.01 3840.52 3845.08 3851.33 3854.54
3834.25 3833.15 3832.59 3831.87 3830.93 3829.8 3828.59 3827.51 3827.34 3827.38 3827.1 3827.02 3827.13 3827.25 3827.61 3828.03 3828.74 3830.06 3832.59 3836.29 3841.48 3848.66 3858.08 3868.81 3871.25 3869.94 3867.84 3865.44 3862.65 3859.4 3856.02 3852.96 3850.71 3850.83 3851.74 3854.89 3857.43 3858.53 3858.57 3857.89 3856.66 3855.03 3852.71 3850.43 3848.29 3848.11 3847.73 3846.66 3844.42 3841.43 3840.09 3840.32 3839.16 3841.5 3845.6 3849.34 3849.05 3848.29 3848.06 3847.72 3847.33 3846.49 3845.89 3846.58 3854.42 3856.97 3856.91
3833.38 3832.38 3832.1 3831.63 3830.95 3830.16 3829.42 3828.81 3828.71 3828.24 3827.05 3826.46 3826.13 3825.93 3825.78 3825.86 3826.21 3827.1 3828.77 3831.76 3835.99 3841.52 3850.13 3864.84 3865.45 3863.51 3861.96 3860.15 3857.97 3856 3854.56 3854.5 3855.9 3857.05 3859.49 3861.99 3862.68 3862.39 3861.71 3860.51 3859.14 3856.61 3852.89 3847.91 3846.01 3846.09 3845.6 3844.19 3842.27 3839.58 3836.98 3837.76 3838.69 3841.3 3844.33 3847.01 3847.63 3848.14 3848.47 3848.75 3848.93 3849.38 3850.37 3853.65 3858.45 3859.71 3859.03
3833.45 3832.98 3832.33 3831.69 3831.15 3830.64 3830.28 3830.1 3829.02 3827.46 3826.6 3825.91 3825.38 3824.96 3824.6 3824.39 3824.29 3824.44 3825.32 3827.48 3830.41 3833.53 3836.77 3849.17 3853.46 3855.1 3855.79 3855.51 3854.31 3853.42 3853.52 3854.61 3857.59 3862.56 3868.88 3870.58 3868.28 3866.55 3865.16 3863.68 3862.02 3859.6 3856.02 3850.8 3848.42 3847.18 3845.55 3843.23 3841.06 3839.77 3838.65 3841.33 3846.41 3846.4 3844.99 3842.44 3846.19 3848.25 3849.56 3850.37 3851.31 3852.4 3854.01 3855.96 3858.47 3860.83 3860.27
3833.47 3833.15 3832.36 3831.84 3831.42 3831.08 3830.77 3830.62 3828.98 3826.77 3826.22 3825.41 3824.64 3824.03 3823.51 3823.09 3822.74 3822.53 3822.65 3824.33 3826.36 3828.58 3831.3 3834.67 3841.25 3847.26 3850.91 3852.73 3852.53 3852.3 3854.41 3855.35 3859.11 3866.21 3872.84 3874.59 3871.75 3870.01 3868.64 3867.14 3865.81 3863.89 3861.54 3858.5 3853.36 3850.41 3847.36 3843.83 3840.34 3840.02 3842.82 3848.39 3854.48 3852 3848.45 3846.88 3847.64 3849.67 3851.46 3852.94 3854.2 3855.61 3857.49 3859.44 3862.2 3863.65 3861.89
3833.23 3832.26 3831.83 3831.93 3831.73 3831.43 3830.89 3830.1 3829.08 3828.21 3826.32 3825 3824.12 3823.43 3822.82 3822.26 3821.74 3821.39 3822.23 3822.58 3824.01 3826.08 3828.39 3829.62 3835.09 3842.81 3848.81 3852.96 3855.39 3857.58 3861.27 3861.06 3864.96 3871.07 3873.12 3872.81 3873.25 3873.16 3872.28 3871.32 3869.83 3868.24 3866.82 3864.63 3859.88 3854.91 3850.77 3846.85 3842.96 3842.64 3847.87 3853.27 3856.12 3854.4 3851.25 3849.59 3850.55 3852.33 3854.15 3856.03 3858.24 3859.94 3861.56 3862.9 3863.76 3866.83 3864.74
3833.62 3832.61 3832.23 3832.28 3832.15 3831.92 3831.28 3830.1 3828.85 3827.85 3825.71 3824.48 3823.66 3823.05 3822.69 3821.91 3821.42 3820.46 3819.75 3821.36 3822.91 3824.61 3826.49 3828.72 3834.18 3842.74 3850.08 3856.32 3862.08 3868.21 3875.05 3881.72 3881.83 3880.82 3877.49 3873.03 3876.58 3877.13 3876.13 3874.83 3873.22 3871.9 3870.72 3868.18 3863.81 3858.9 3855.04 3852.07 3849.82 3849.05 3851.85 3852.66 3855.96 3855.31 3853.56 3852.75 3853.54 3855.18 3857.26 3859.5 3862 3864.23 3866.15 3867.87 3870.9 3867.83 3869.08
3834.6 3833.9 3833.31 3832.85 3832.77 3832.63 3832.26 3831.01 3828.7 3825.54 3824.65 3824.09 3823.58 3823.13 3822.76 3822.51 3822.23 3821.63 3820.64 3822.1 3823.25 3824.97 3827.92 3832.4 3839 3846.15 3853.56 3861.34 3869.5 3878.64 3889.15 3897.72 3897.5 3893.17 3888.9 3885.7 3884.61 3882.63 3880.27 3877.96 3875.76 3874.11 3873.01 3868.94 3864.47 3861.51 3858.95 3857.12 3855.85 3854.08 3853.25 3853.86 3855.81 3855.65 3855.43 3855.25 3855.85 3857.44 3859.67 3862.38 3865.44 3868.25 3870.79 3872.39 3873.06 3874.76 3875.62
3835.79 3834.61 3833.67 3833.25 3833.34 3833.55 3833.62 3832.5 3829.52 3826.66 3824.96 3824.25 3823.98 3823.68 3823.52 3823.6 3823.97 3825.14 3825.66 3824.7 3824.85 3825.82 3829.62 3836.56 3844.24 3850.01 3857.51 3866.24 3876.04 3887.12 3899.81 3911.95 3908.2 3903.03 3899.65 3898.86 3893.19 3888.03 3883.9 3880.5 3877.46 3874.77 3872.12 3868.37 3865.29 3863.69 3862.24 3861.09 3859.79 3858.52 3856.31 3853.74 3854.66 3854.89 3856.19 3856.43 3856.94 3858.76 3861.27 3864.71 3868.25 3872.07 3875.41 3878.16 3879.08 3882.18 3881.12
