real_craters/C077-1000m.grd
DSAA
34 34
-16.33 16.33
-16.33 16.33
10158.39738226 11745.131280846
11403.9 11410.7 11401 11398.2 11392.9 11382.4 11379.8 11379.2 11376 11369.6 11363.2 11353.5 11350.6 11345.5 11341.8 11342.1 11330.6 11323.1 11317 11309.9 11304.8 11299.8 11304.3 11308.8 11312.7 11308.1 11311.7 11329.3 11356.8 11340.3 11324.9 11311.3 11303 11301.4 
11392 11406.9 11397.1 11393.6 11402.5 11404.3 11390.3 11388.4 11386 11385.6 11370.1 11363.1 11357.1 11354.5 11345.2 11342.7 11336 11330.6 11323.2 11315.8 11310.1 11313.9 11314.3 11313 11320.9 11304.4 11311.2 11331.9 11346.5 11345.8 11332.5 11313.6 11291.9 11291.4 
11393.3 11411.6 11404.3 11396 11405.3 11410.8 11397.2 11396.5 11398.4 11394.5 11381.4 11377.3 11371.5 11370.8 11372.3 11367.7 11350.6 11343 11333.8 11324.1 11314 11307.7 11321.3 11313.2 11307.5 11300 11307.7 11322.9 11341.6 11342.5 11336 11325.8 11307.1 11284.8 
11397.4 11412.5 11409.3 11410.6 11397.3 11398.5 11409.4 11412.2 11414 11409.7 11401.3 11389.8 11378.7 11380.6 11379.8 11373.8 11369 11358 11347.1 11336.3 11325.8 11319.3 11317.7 11303.8 11305.5 11298.9 11303.9 11311 11320.2 11325.3 11332.5 11340.7 11337.4 11291.5 
11405.9 11409.6 11432.9 11415.8 11404.7 11406 11415.6 11425.8 11428.1 11430 11411.1 11411 11389.9 11394.7 11393.5 11388.2 11388.4 11382.2 11370.6 11355.9 11337.9 11325.3 11314.6 11307.4 11311 11302.8 11301.6 11304.2 11308.6 11313.2 11317.4 11330.9 11346.2 11308.1 
11407 11414.1 11426.6 11422.8 11418 11417.9 11427.2 11434.1 11439.3 11433.3 11436.1 11429.7 11419.8 11427.9 11444.6 11435.6 11413.8 11419.5 11406.1 11382.4 11355.8 11334.2 11334.9 11324.5 11306.1 11298.4 11300.4 11300.8 11298.5 11293.9 11294.1 11290.4 11301.2 11323.7 
11417.2 11413.3 11418.9 11440.7 11449.3 11432.6 11432.9 11460.6 11462.3 11446.5 11442.3 11445 11461.1 11458.8 11489.1 11506.9 11492.7 11473.6 11444.4 11415 11383.1 11353.1 11345.5 11328.8 11312.5 11301.9 11303.1 11302.2 11297.6 11288 11282 11274.6 11288.9 11322.4 
11431 11421.5 11422.4 11450.7 11407.5 11440.4 11452.7 11459.8 11465.2 11466 11453.8 11469.5 11483.9 11548.6 11564.9 11558.7 11600.5 11517.5 11473.2 11449.1 11427.3 11406.1 11390 11355 11329.9 11311 11311.9 11312.5 11308.5 11294.7 11290.3 11276.8 11267.4 11295.1 
11439.4 11430 11426.5 11446 11454.3 11450.4 11449.2 11450.6 11461.6 11497.4 11525.8 11550.8 11536.9 11504.7 11486.3 11470.9 11476.8 11482.4 11475 11477.9 11483.2 11485 11455.9 11409.4 11347.2 11326.8 11325.8 11326.3 11327.9 11328.2 11312.8 11291.1 11279.8 11294.7 
11441.7 11444.6 11438.5 11447.8 11449.3 11453.2 11455.8 11454.5 11470 11521.9 11573.9 11530.8 11481.1 11450.9 11409.9 11398.8 11407.6 11413.7 11438.8 11482.7 11534 11535.5 11496.2 11444.1 11372.6 11350.2 11340.8 11339.5 11340.2 11345 11330 11309.9 11285.1 11304.3 
11458.7 11457.3 11448.3 11448.9 11455.1 11455.6 11462.6 11472.3 11497 11546.7 11558.8 11504.5 11470.4 11360 11258.7 11240.5 11317.4 11311.9 11308.7 11396.3 11541.7 11629 11550.4 11482.5 11399.1 11366.4 11356.1 11349.5 11344.8 11335.8 11331.6 11331.4 11304.6 11323.4 
11470.5 11460.4 11451.2 11451 11459.6 11459.7 11474.6 11498.6 11523.5 11593.5 11623.3 11471.3 11360.2 11267.5 11145.7 10986 10929.4 10938.6 11034.7 11181 11404.6 11688.1 11670.2 11551 11435.6 11401.3 11373.4 11357 11346.7 11337.4 11337.2 11340.6 11321 11340.4 
11455.5 11452.7 11450.9 11462 11458.2 11477.6 11502.4 11533.5 11560.3 11625.6 11631.4 11364 11199 11027.4 10806.5 10693.1 10602.4 10592.9 10752.5 10903.3 11050.9 11297.6 11667.2 11648.2 11499.1 11435.9 11387.5 11361.3 11344.8 11334.9 11338.7 11350.8 11330.8 11350.8 
11453.5 11446.1 11448 11455.4 11458.4 11487.1 11528.9 11580.1 11617.5 11625 11534 11256.8 10995 10738.1 10601.8 10531.6 10480.9 10468.5 10571.5 10673.4 10764.6 10968.6 11345.4 11663.6 11595 11470.6 11402.4 11372.7 11353.1 11345 11353 11355.6 11340.3 11354.2 
11461.1 11447.4 11442 11442.1 11452 11470.2 11544.5 11622.1 11658.3 11601.9 11397.3 11117.7 10839.1 10611.6 10528.7 10474.3 10444.9 10451.1 10480 10542.2 10624.7 10807 11119.4 11519.9 11549.9 11478.1 11416.8 11389.7 11363.9 11348.4 11343.4 11361.3 11354.5 11353.1 
11460.5 11452.7 11441.1 11438 11446.7 11476.1 11566.8 11655.7 11700.3 11569.2 11247.6 11016.7 10766.4 10568.6 10495.7 10437.1 10385.6 10377.1 10396.4 10470 10571.7 10722.5 10993.1 11412.7 11493.3 11473.8 11438.1 11409.1 11379.5 11357.4 11345.3 11358.6 11354 11348.3 
11456.1 11457.5 11460.1 11454.4 11453.4 11496.9 11589.1 11676.3 11706.5 11539.4 11180.7 10883 10716.7 10577.2 10494.8 10401.5 10296.4 10203.2 10287.9 10425.5 10562.9 10680.8 10966.4 11419.7 11460.7 11467.2 11461.2 11427 11393 11364.9 11345 11337.2 11343 11341.6 
11469 11475.5 11464.2 11472.5 11472.8 11507.6 11594.5 11689.1 11744.7 11610.2 11214.1 10895.1 10717.3 10595 10499.4 10391 10267.8 10158.4 10251.2 10420.7 10588.8 10711.7 10985.4 11363.1 11444.7 11453.6 11427.8 11420.6 11395.5 11370.1 11353.1 11349.9 11341.5 11336.5 
11432.1 11440.2 11443 11453.5 11471.8 11486.3 11578.6 11676.4 11745.1 11678.5 11356.6 11045 10792.4 10639.1 10524.7 10431.5 10328 10228.3 10328.8 10459.4 10606.1 10758.4 11012.5 11283.4 11491.9 11483 11427.3 11407.2 11392.4 11373.6 11353.3 11345.4 11338.5 11332.5 
11435.7 11444.6 11425.6 11424.5 11442.1 11470.9 11544.7 11642.2 11718.8 11729.5 11440.6 11167.1 10955.7 10675.3 10575.1 10499.8 10437.6 10421.3 10471.4 10511.1 10627.2 10852.8 11088 11412.5 11619.6 11531.9 11430.2 11386.5 11373.9 11369.8 11364.6 11348.6 11337.2 11326.9 
11419.2 11421.8 11421.5 11421.9 11432.8 11451.5 11512 11584.6 11655.3 11703.9 11482.9 11182.7 11050.7 10840.8 10673.5 10600.1 10548.3 10522.6 10533.3 10544.6 10636.6 10860.1 11199.4 11557.4 11664.1 11556.7 11427.5 11371 11364.2 11364.5 11362.1 11352.2 11335.5 11325 
11424.5 11450.4 11427.2 11442.9 11441.4 11469.1 11499 11536.5 11572 11605.8 11488.4 11187.8 11007.7 10957.8 10778.6 10733.5 10680.7 10614.9 10594.8 10600.8 10721.9 10996.2 11343.7 11584.2 11629.8 11544.1 11436.9 11375.7 11362.5 11361.3 11356.5 11342.6 11334.4 11328.4 
11391.1 11431.3 11452.8 11437.6 11432.1 11472 11486.9 11497.4 11508.2 11525.9 11500.6 11357.1 11096.1 10990.2 10989.3 10899.6 10857.2 10800.5 10776.6 10784.5 10994.3 11270.2 11508.1 11602.4 11608.1 11515.9 11428.6 11374.4 11359.4 11355.1 11348 11336.8 11335.6 11331.7 
11382.8 11391.7 11407.2 11427.8 11427.3 11467.6 11469.1 11473.4 11478.1 11497.8 11530.5 11551.1 11559.5 11242.5 11100.4 11120.4 11104.9 11089 11062 11158.1 11418.5 11557.2 11602.3 11575.8 11515.6 11461.2 11408 11369.4 11360.5 11351.7 11353 11349.2 11342.1 11336.1 
11383.2 11395 11397.5 11408.7 11424.7 11434.2 11447.5 11455.5 11464.6 11480.5 11500.5 11528.3 11532.9 11545.3 11500.7 11414.7 11355.7 11388.1 11520.1 11580.3 11580.4 11591.1 11547.8 11483.2 11411.1 11403.3 11390.9 11379.4 11363.5 11358.7 11351.1 11347.3 11341.5 11336.8 
11380.3 11379.8 11382.9 11396.6 11417 11417.3 11427.9 11436.9 11446.8 11455.1 11458.9 11466 11489.8 11544.6 11557.5 11523.3 11491.6 11520.2 11594 11596.4 11550 11522.3 11478.8 11427.7 11385.2 11381.2 11373.9 11358.7 11358.8 11357.9 11340.5 11340.2 11338.7 11332.3 
11367.9 11366.1 11377.9 11389.4 11411 11403.5 11409 11418.1 11433.2 11437.7 11439.8 11442.1 11457 11496 11508 11504.2 11513.4 11527.4 11552.4 11525.1 11510.2 11483.2 11456.8 11410.2 11380.4 11375.5 11367.7 11363.8 11353.6 11341.6 11328.3 11328.3 11327.7 11322.7 
11363.9 11366.7 11372 11380.9 11384.6 11391.5 11387.6 11401.7 11409.1 11414.9 11419.2 11427.6 11434.6 11454.8 11459.7 11456.2 11463.2 11467.6 11459.3 11475 11479.5 11455.5 11423.4 11394.6 11372.6 11371.8 11357.1 11344.8 11348.5 11344.8 11329.5 11308.3 11307.3 11311.6 
11369.5 11371.1 11374.2 11387 11377.9 11390.6 11393.8 11396.6 11400.6 11401.9 11396.9 11401.2 11415.9 11431.1 11425.7 11415.5 11420.8 11414.3 11404 11393.9 11420.1 11419.2 11406 11377.4 11353.6 11349.3 11344.2 11335.6 11344.4 11325.6 11267.5 11296.6 11303.6 11309.5 
11383.2 11365 11372.1 11384.7 11374.7 11378.3 11387.8 11395.4 11408.8 11402.1 11393.5 11392.4 11394.1 11405.3 11403.5 11401.2 11396.2 11388.9 11372.4 11368.3 11380.2 11380.4 11369.5 11359.4 11344.9 11337.5 11334.5 11331.6 11333.4 11325.9 11308.1 11306.7 11306.6 11309.4 
11364.6 11360.1 11364.3 11354.1 11363.4 11365.5 11367.7 11382.6 11401.4 11401.5 11401.1 11403.9 11407.1 11403.1 11393.8 11391.3 11383.5 11379.5 11373 11366.6 11370.5 11360.6 11352.4 11348.2 11340.7 11332.4 11331.7 11329.6 11327 11322.6 11313.3 11312.9 11316 11307.6 
11364.5 11376.8 11384.7 11378.4 11362.2 11359.2 11359 11380.2 11406.2 11398.3 11393.8 11400.2 11390.7 11390.7 11390.6 11377.2 11376.2 11378.6 11383.2 11380.6 11364.7 11357.1 11348.2 11341.5 11339.4 11341.6 11336.6 11336 11341 11330.8 11318.7 11313.4 11311.2 11304 
11354.2 11351 11371.5 11379.9 11367.1 11359 11363.5 11375 11392.5 11395.6 11398.6 11401.4 11395.3 11381.9 11386.6 11379.5 11376.7 11376.7 11374.1 11366.5 11360 11349.1 11341.4 11334.5 11329.4 11336.8 11340.4 11341.3 11346.9 11332.3 11317.5 11308.7 11300 11294.8 
11346.2 11348.3 11386.4 11396.3 11379.7 11364.8 11363.2 11373.8 11398.9 11393.4 11375.5 11387.6 11387 11374.8 11377.2 11374.7 11372.5 11374.1 11371 11370.4 11356.8 11347.3 11337.7 11329.4 11322.4 11328.3 11337.3 11340.5 11338.4 11324.1 11308.7 11299.8 11292.3 11287.8 
