real_craters/C077-300m.grd
DSAA
192 192
-28.5775 28.5775
-28.5775 28.5775
2966.8990711567 4320.2153447093
[rows 90 to 119 of 192, columns 67 to 133 of 192]
3879.58 3853.9 3825 3794.44 3760.28 3722.3 3678.33 3623.1 3557.92 3480.6 3394.6 3315.17 3249.26 3189.18 3129.73 3081.22 3057.76 3054.16 3064.33 3090.09 3121.7 3147.33 3176.3 3212.34 3261.44 3308.46 3329.73 3295.99 3262.83 3262.85 3261.74 3258.03 3252.89 3247.42 3250 3226.08 3206.26 3200.32 3217.54 3252.97 3298.38 3315.39 3316.88 3323.73 3347.41 3401.28 3467.52 3537.44 3599.23 3654.54 3723.29 3794.93 3846.83 3885.82 3915.2 3939.43 3957.49 3968.05 3970.47 3962.14 3941.57 3917 3903.95 3894.39 3887.7 3886.14 3885.77
3871.88 3843.64 3812.24 3775.72 3739.23 3699.13 3651.63 3600.71 3537.8 3455.09 3372.58 3299.06 3234.4 3173.54 3108.85 3057.86 3038.37 3036.42 3053.79 3085.33 3121.5 3154.69 3191.76 3236.66 3294.61 3356.81 3405.03 3362.7 3321.31 3306.35 3299.69 3295.19 3290.28 3279.56 3267.75 3241.64 3216.26 3203.1 3213.48 3239.97 3279.83 3297.08 3301.44 3311.26 3336.73 3393.51 3467.95 3539.93 3601.65 3653.15 3714.34 3791.17 3841.86 3883.12 3915.88 3944.57 3966.96 3980.46 3983.19 3974.95 3946.2 3915.72 3899.41 3892.49 3890.43 3891.41 3892.22
3861.47 3830.52 3797.2 3761.69 3723.33 3679.83 3629 3575.48 3510.62 3428.32 3346.65 3273.38 3214.43 3155.27 3088.36 3038.74 3022.71 3024.99 3043.93 3076.58 3114.84 3152.86 3196.63 3249.43 3309.04 3372.32 3421.57 3398.02 3362.77 3340.82 3331.36 3328.65 3327.44 3320.11 3290.51 3253.57 3221.89 3199.08 3205.74 3223.08 3251.58 3270.93 3282.34 3297.64 3326.59 3383.88 3457.04 3538.02 3614.52 3662.61 3718.69 3782.42 3833.85 3879.25 3917.23 3952.52 3979.07 3996.92 3999.12 3983.9 3952.77 3911.94 3895.88 3891.85 3893.18 3896.9 3897.22
3853.63 3821.89 3788.4 3751.06 3709.85 3664.74 3611.49 3549.96 3479.39 3401.53 3318.47 3239.34 3180.06 3124.77 3065.93 3024.13 3009.59 3013.44 3032.87 3063.3 3101.29 3141.84 3186.75 3238.21 3292.13 3347.92 3390.18 3390.77 3369.52 3354.71 3349.71 3351.59 3355.67 3354.06 3304.21 3263.58 3227.15 3201.13 3198.3 3207.77 3226.24 3246.32 3262.78 3282.64 3314.28 3373.17 3450.34 3537.4 3623.04 3665.09 3701.01 3766.57 3824.93 3877.23 3922.71 3962.61 3995.6 4019.9 4027.52 4009.66 3970.7 3921.84 3897.1 3890.96 3893.75 3897.99 3898.3
3847.78 3815.76 3781.29 3742.66 3702.1 3652.46 3598.66 3542.56 3467.87 3382.05 3295.31 3209.13 3139.04 3088.18 3039.53 3005.8 2995.19 2999.52 3014.91 3047.19 3084.16 3122.89 3164.91 3208.93 3255.39 3298.4 3326.89 3336.34 3344.6 3347.8 3351.66 3358.35 3366.4 3370.38 3324.46 3274.01 3230.49 3199.42 3192.76 3198.41 3210.79 3228.72 3245.77 3267.54 3301.14 3361.11 3442.91 3532.03 3618.07 3659.85 3693.91 3758.99 3821.34 3879.73 3928.35 3972.5 4011.19 4044.05 4069.37 4056.43 3997.28 3939.39 3903.22 3888.88 3886.16 3888.72 3893.28
3844.01 3817 3782.35 3742.01 3695.36 3644.73 3588.43 3530.32 3454.4 3369.17 3282.84 3197.08 3121.9 3066.74 3018.81 2989.34 2981.97 2985.18 2999.23 3029.32 3063.7 3098.93 3137.55 3179.11 3220.63 3252.52 3274.7 3290.71 3313.96 3329.91 3341.75 3351.78 3358.71 3353.04 3324.77 3272.8 3228.65 3198.58 3189.93 3192.63 3201.08 3215.04 3230.92 3253.59 3288.04 3348.77 3433.52 3520.84 3595.26 3645.84 3691.36 3760.41 3824.9 3885.1 3935.73 3982.61 4022.4 4056.02 4082.5 4068.68 4013.3 3957.01 3914.34 3890.07 3881.79 3877.66 3886.86
3848.65 3819.8 3786.02 3745.07 3697.36 3643.51 3581.56 3510.01 3441.17 3362.25 3280.78 3202.62 3136.27 3065.92 3013.91 2985.13 2975.29 2973.82 2980.45 3005.06 3038.3 3072.46 3107.25 3142.44 3179.8 3221.13 3248.73 3265.47 3289.68 3309.34 3324.69 3335.61 3340.25 3335.26 3294.75 3253.69 3219.35 3196.04 3186.65 3186.26 3191.07 3200.8 3217.31 3241.69 3278.62 3338.72 3424.68 3516.11 3576.77 3631.03 3693.41 3767.89 3832.73 3893.12 3946.55 3991.94 4028.35 4055.12 4067.57 4053.2 4012.95 3967.62 3926.66 3895.04 3883.9 3878.79 3887.8
3855.02 3831.44 3798.61 3758.22 3709.14 3651.99 3585.74 3518.39 3442.47 3365.53 3285.9 3212.92 3143.46 3071.6 3020.21 2992 2978.73 2970.99 2966.9 2981.93 3016.46 3049.83 3079.96 3107.85 3140.41 3194.78 3230.62 3250.91 3269.77 3288.54 3304.55 3315.25 3315.96 3299.15 3263.95 3231.79 3207.14 3189.39 3181.58 3178.44 3180.5 3188.51 3205.71 3232.04 3267.2 3322.23 3411.69 3505.26 3562.75 3618.2 3684.26 3765.48 3840 3901.65 3958.74 4002.66 4034.56 4052.89 4053.67 4037.68 4004.41 3963.87 3925.46 3896.44 3887.76 3888.01 3895.77
3866.87 3845.13 3814.77 3776.57 3727.97 3669.1 3599.02 3524.21 3453.71 3378.17 3298.22 3222.42 3147.3 3082.71 3033.64 3006.83 2992.5 2982.71 2974.11 2981.83 3010.48 3037.04 3060.13 3082.39 3110.4 3161.35 3201.05 3227.7 3245.7 3265.39 3282.64 3294.44 3296.31 3281.65 3246.99 3217.92 3199.84 3186.33 3177 3169.96 3168.45 3176.4 3199.04 3228.8 3263.43 3313.04 3400.95 3487.72 3550.73 3607.39 3679.54 3765.94 3851.58 3921.82 3978 4018.65 4042.89 4054.35 4051.26 4028.92 3993.92 3953.57 3916.27 3897.76 3892.26 3897.8 3904.16
3881.19 3861.58 3836.13 3801.45 3757.4 3699.86 3627.27 3549.23 3479.83 3401.7 3317.85 3237.42 3163.23 3104.13 3055.59 3027.97 3014.4 3008.22 3006.76 3013.31 3021.59 3033.97 3047.98 3063.23 3082.41 3110.68 3150.73 3186.41 3215.81 3240.13 3260.1 3274.31 3278.45 3264.37 3232.94 3205.19 3192.53 3180.87 3171.21 3162.63 3159.65 3173.27 3203.58 3235.38 3271.02 3321.04 3400.15 3487.48 3552.43 3607.94 3692.04 3787.42 3878.28 3956.12 4009.2 4039.59 4054.71 4058.88 4048.1 4021.18 3983.83 3944.27 3909.98 3896.6 3894.06 3900.55 3907.66
3900.23 3885.32 3864.41 3835.56 3798 3747.56 3680.44 3602.5 3524.36 3437.21 3345.4 3260.82 3188.81 3126.91 3074.64 3049.96 3038.97 3036.76 3043.56 3045.3 3036.26 3035.95 3041.29 3049.46 3060.63 3083.34 3116.15 3153.61 3187.36 3214.43 3237.02 3254.54 3263.69 3250.89 3220.69 3194.76 3180.28 3170.34 3164.44 3159.35 3158.65 3184.06 3220.74 3251.55 3285.83 3327.11 3405.34 3495.52 3563.8 3623.94 3722.83 3836.15 3944.47 4018.41 4053.15 4065.4 4064.35 4060.76 4048.61 4010.67 3971.95 3935.6 3905.17 3893.96 3895.59 3902.07 3909.99
3918.88 3909.85 3895.87 3875.76 3847.25 3809.03 3756.56 3678.69 3582.85 3482.11 3379.7 3287.68 3211.2 3142.99 3092.64 3073.44 3063.52 3059.47 3060.66 3053.71 3040.14 3035.32 3036.29 3041.02 3049.49 3069.7 3101.81 3133.95 3164 3189.94 3212.71 3231.47 3243.51 3230.98 3204.02 3179.83 3161.11 3156.78 3158.29 3160.72 3172.97 3201.86 3241.27 3272.72 3307.61 3354.48 3415.63 3488.05 3560.27 3642.15 3759.1 3894.04 4036.9 4097.13 4098.97 4085.71 4063.07 4044.61 4022.55 3988.52 3955.19 3925.58 3903.31 3891.64 3890.77 3901.39 3911.2
3940.97 3936.32 3929.7 3917.91 3899.84 3872.68 3831.73 3751.42 3644.11 3531.55 3417.97 3315.15 3236.12 3168.38 3122.89 3101.65 3087.33 3075.32 3063.14 3041.53 3036.96 3034.04 3034.13 3036.83 3044.54 3064.24 3096.07 3120.01 3143.75 3166.17 3186.21 3203.15 3213.46 3201.56 3178.23 3155.65 3145.67 3143.74 3148.66 3161.38 3184.12 3215.8 3259.8 3296.11 3329.65 3368.91 3422.22 3487.62 3561.61 3656.88 3787.73 3944.32 4090.61 4148.04 4129.31 4091.74 4051.13 4012.1 3982.08 3958.19 3934.85 3913.24 3896.22 3888.88 3889.99 3898.9 3907.8
3959.05 3958.84 3959.28 3955.8 3946.97 3930.17 3893.57 3812.22 3702.02 3583.46 3463.24 3353.23 3278.3 3215.77 3166 3136.49 3112.84 3091.09 3070.28 3046.03 3037.28 3034.05 3033.22 3034.94 3041.24 3059.66 3086.35 3104.72 3123.82 3142.41 3158.42 3170.86 3179.46 3167.84 3150.31 3135.04 3130.64 3132.16 3139.3 3163.15 3197.46 3237.62 3289.07 3322.62 3351.67 3387.28 3435.54 3497.86 3576.35 3674.85 3806.63 3949 4082.19 4157.81 4138.23 4086.57 4029.78 3976.19 3944.21 3928.22 3914.13 3901.16 3890.04 3888.32 3896.6 3899.75 3904.29
3971.55 3979.6 3986.26 3985.27 3984.64 3976.41 3953.71 3866.33 3755.98 3636.82 3518.06 3410.52 3335.16 3275.15 3218.01 3177.19 3142.02 3109.6 3079.3 3053.48 3042.24 3036.46 3034.76 3035.72 3040.2 3052.4 3069.24 3089.03 3105.74 3120.12 3130.52 3136.83 3136.97 3133.46 3123.23 3114.01 3114.42 3125.13 3143.67 3175.76 3218.88 3266.72 3317.21 3348.06 3373.97 3403.66 3447.6 3516.79 3599.26 3700.87 3834.55 3987.46 4113.21 4162.54 4134.49 4073.31 4006.1 3942.29 3913.61 3904.59 3898.19 3893.01 3891.38 3895.17 3899.9 3903.1 3905.65
3981.6 3993.31 4005.3 4013.35 4015.29 4004.9 3972.57 3902.4 3805.43 3694.19 3580.12 3475.17 3398.94 3335.39 3275.09 3223.48 3176.58 3133.03 3093.03 3062.34 3048.86 3042.53 3040.25 3040.13 3043.09 3049.9 3061.47 3077.89 3091.45 3102.01 3107.8 3109.65 3108.92 3106.29 3101.07 3096.83 3103.64 3123.49 3152.45 3192.68 3243 3295.64 3338.62 3372.63 3399.98 3428.83 3470 3552.29 3643.5 3752.21 3883.46 4034.57 4147.13 4166.44 4122.26 4055.25 3985.07 3919.9 3895.87 3889.52 3887.6 3888.2 3890.95 3902.18 3908.02 3906.92 3906.39
3983.51 4001.21 4018.25 4032.29 4039.98 4033.02 3996.85 3940.27 3855.53 3754.37 3648.26 3547.91 3465.85 3399.52 3336.55 3272.45 3214.67 3162.13 3116.19 3075.27 3059.43 3053.87 3050.88 3049.01 3049.92 3054.34 3062.98 3074.2 3084.03 3090.87 3093.38 3091.38 3089.03 3089.53 3088.5 3090.11 3102.77 3128.68 3159.71 3200.59 3269.48 3329.18 3364.03 3401.31 3434.25 3470.3 3522.25 3608.55 3709.35 3822.67 3943.33 4067.44 4146.04 4140.82 4096.74 4033.83 3969.96 3915.59 3891.12 3882.93 3881.74 3885.73 3895.12 3906.22 3909.8 3906.83 3903.2
3981.57 4002.2 4022.19 4042.16 4059.35 4070.06 4048.72 3985.29 3906.93 3817.02 3721.28 3623.37 3532.51 3455.32 3390.33 3321.25 3255.88 3195.02 3141.47 3095.11 3077.71 3073.99 3069.7 3064.2 3060.53 3063.85 3069.25 3077.44 3085.08 3089.43 3089.37 3086.1 3084.2 3085.87 3087.15 3092.8 3109.8 3145.45 3189.09 3240.83 3306.19 3365.65 3396.06 3435.1 3479.56 3526.71 3578.53 3684.25 3800.04 3911.21 4009.78 4082.75 4122.43 4110.89 4062.9 4009.47 3955.96 3912.58 3890.25 3879.67 3876.81 3879.59 3889.74 3900.83 3904.67 3903.21 3901.92
3974.66 3996.06 4017.06 4037.31 4062.51 4089.22 4079.89 4017.41 3950.99 3878.44 3800.14 3704.12 3600.93 3515.2 3447.26 3372.81 3301.94 3234.2 3174.68 3133.15 3115.59 3108.97 3100.65 3089.68 3079.15 3074.65 3078.44 3089.23 3097.1 3100.24 3098.65 3094.51 3094.32 3097.26 3098.18 3103.45 3126.48 3174.65 3230.58 3296.05 3347.68 3399.89 3429.13 3475.7 3539.63 3605.46 3676.69 3787.61 3910.73 4006.81 4077.19 4090.22 4091.1 4073.99 4025.06 3980.6 3940.5 3908.19 3887.91 3876.33 3870.96 3869.67 3870.8 3878.28 3887.48 3893.37 3896.48
3964.2 3982.2 4001.36 4018.86 4040.86 4062.87 4059.3 4024.62 3981.62 3931.47 3875.05 3781.92 3668.33 3573.1 3501.84 3428.99 3358.16 3288.73 3225.83 3190.36 3173.53 3159.68 3146.03 3129.66 3113.53 3100.54 3102.95 3117.08 3123.25 3124.27 3121.52 3117.41 3120.62 3126.73 3128.72 3132.15 3167.89 3217.46 3271.07 3332.05 3384.79 3433.5 3470.44 3530.26 3614.52 3701.13 3793.35 3902.35 4019.44 4091.27 4095.97 4081.43 4053.36 4021.41 3980.73 3949.08 3922.24 3900.01 3882.85 3872.21 3865.87 3862.8 3862.65 3865.5 3873.15 3880.99 3887.72
3946.45 3962.2 3977.5 3989.91 4002.84 4010.8 4017.54 4014.99 3999.75 3974.21 3931.42 3853.28 3745.45 3647.49 3568.85 3497.68 3428.06 3361.64 3302.57 3256.13 3234.07 3222.67 3205.42 3187.57 3172.62 3164.25 3166.48 3166.74 3165.67 3162.31 3158.39 3156.62 3163.92 3175.9 3187.57 3200.46 3237.88 3273.3 3311.07 3356.69 3422.82 3495.82 3545.59 3604.34 3700.34 3801.29 3903.18 4000.67 4083.06 4124.21 4108.59 4060.07 4003.56 3959.33 3934.39 3919.13 3901.31 3886.73 3876.45 3868.14 3862.29 3858.77 3858.77 3861.56 3866.17 3871.22 3877.65
3929.56 3941.15 3951.83 3959.07 3965.47 3969.2 3985.67 4002.71 4009.62 4007.76 3996.17 3934.76 3854.22 3764.47 3673.2 3585.87 3511.16 3441.19 3379.06 3329.72 3308.56 3295.45 3274.91 3256.36 3248.62 3246.67 3240.25 3227.46 3219.3 3211.58 3205.29 3205.72 3217.08 3237.44 3265.01 3291.67 3311.17 3331.56 3356.69 3391.56 3467.93 3573.69 3647.13 3694.1 3787.48 3894.01 4003.78 4086.49 4109.18 4100.96 4066.51 4017.55 3963.07 3933.68 3912.87 3900.45 3888.1 3878.44 3871.31 3864.95 3859.69 3856.08 3856.89 3861.02 3862.45 3865.26 3871.25
3912.59 3920.82 3927.67 3932.12 3935.66 3940.12 3964.27 3992.34 4013.06 4024.37 4024.17 4001.35 3966.36 3889.78 3794.22 3688.66 3603.67 3526.23 3460.59 3408.26 3376.44 3370.57 3350.61 3330.65 3328.07 3324.88 3302.23 3289.86 3279.73 3268.51 3259.03 3256.64 3274.33 3299.67 3333.11 3360.83 3367.21 3383.85 3413.35 3450.01 3522.29 3625.5 3706.11 3765.87 3860.58 3963.53 4072.55 4162.42 4102.81 4039.99 4003.59 3968.02 3939.42 3919.22 3900.9 3890.32 3885.18 3876.35 3868.88 3863.2 3858.64 3855.39 3856.48 3859.4 3861.09 3867.06 3871.25
3896.72 3902.32 3907.23 3910.3 3912.73 3922.04 3951.36 3985.43 4014.9 4033.85 4038.24 4038.71 4037.71 3980.77 3913.73 3803.74 3701.64 3610.31 3544.69 3492.89 3456.95 3451.42 3431.69 3417.68 3412.33 3401.08 3375.36 3360.44 3347.58 3333.91 3322.43 3319.68 3337.46 3360.66 3385.97 3410.48 3428.36 3450.96 3488.28 3527.59 3590.29 3680.38 3752.73 3825.17 3920.4 4000.52 4070.69 4108.4 4059.1 3997.95 3961.7 3936.24 3916.61 3899.23 3886.85 3881.4 3877.06 3873.14 3868.12 3863.29 3859.05 3856.15 3856.63 3859.56 3863.15 3866.4 3870.27
3883.15 3887.02 3890.45 3894.01 3896.89 3908.66 3942.45 3980.4 4016.4 4043.86 4052.52 4038.62 4019.46 4010.2 3982.22 3890.78 3802.35 3712.32 3644.98 3587.33 3540.2 3528.79 3507.81 3491.62 3479.36 3468.46 3452.84 3437.72 3421.47 3406.17 3396.14 3395.51 3409.42 3427.99 3449.18 3479.47 3510.3 3539.47 3585.52 3630.89 3690.87 3760.96 3831.36 3914.25 3981.93 4013.59 4032.82 4026.7 3996.79 3954.49 3934.04 3919.98 3902.11 3889.36 3881.26 3875.38 3873.39 3869.51 3866.14 3862.72 3859.5 3856.44 3856.52 3858.76 3862.42 3865.86 3866.76
3872.39 3874.84 3877.65 3881.87 3890.28 3904.64 3936.16 3973.97 4014.7 4050.94 4057.87 4029.99 3999.37 4017.06 4016.67 3976.86 3911.41 3833.63 3755.96 3686.8 3633.32 3609.41 3579.04 3549.91 3531.9 3528.42 3531.85 3516.26 3495.39 3482.81 3476.73 3478.7 3491.02 3506.04 3527.23 3569.49 3618.52 3662.57 3700.86 3731.39 3773.9 3849.26 3934.22 4007.13 4025.6 4007.93 3991.56 3965.13 3943.23 3923.79 3911.8 3902.9 3888.44 3877.44 3872.24 3868.54 3867.48 3866.62 3864.94 3862.82 3860.98 3858.93 3856.67 3856.54 3857.38 3856.98 3859.69
3864.48 3865.83 3867.56 3873.46 3884.72 3902.89 3927.01 3961.25 4001.73 4047.41 4062.36 4042.87 4022.83 4035.23 4043.26 4046.34 4009.98 3944.72 3855.81 3775.23 3715.02 3684.08 3648.84 3619.99 3598.29 3588.6 3588.05 3574.26 3558.53 3555.63 3564.2 3570.71 3579.22 3594.11 3617.39 3672.49 3739.3 3804.21 3824.3 3829.62 3839.65 3922.65 4019.65 4036.18 4006.61 3977.2 3950.84 3921.51 3903.22 3895.06 3889.95 3885.72 3875.03 3865.75 3863.37 3864.13 3865.12 3865.46 3864.89 3863.41 3861.94 3860.19 3855.13 3853.63 3853.27 3851.68 3851.89
3859.13 3859.7 3860.25 3862.72 3867.95 3884.65 3909.72 3939.13 3971.59 4006.68 4039 4068.55 4072.2 4048.91 4039.89 4046.03 4046.34 4012.5 3918.01 3836.82 3776.2 3741.55 3700.98 3674.38 3657.73 3638.38 3622.16 3610.29 3607.99 3615.17 3638.54 3651.37 3666.51 3688.89 3719.04 3777.3 3847.68 3920.31 3933 3927.89 3928.85 3977.08 4010.67 3996.84 3953.47 3931.72 3911.12 3888.54 3873.39 3866.78 3864.35 3865.9 3866.13 3866.31 3873.83 3869.21 3866.14 3867 3865.66 3863.44 3860.84 3857.11 3852.97 3849.91 3848.55 3843.02 3840.21
3855.58 3855.75 3856.63 3855.47 3854.66 3868.74 3891.71 3914.08 3934.78 3953.92 3995.84 4040.99 4052.82 4030.93 4010.84 4000.63 4010.52 3991.31 3933.78 3869.47 3810.75 3764.82 3734.56 3711.23 3698.04 3678.17 3658.61 3648.92 3652.43 3661.8 3675.67 3709.8 3748.27 3787.66 3826.41 3870.99 3925.76 3981.04 3997.76 3997.88 4025.86 4012.56 3990.8 3952.95 3904.55 3889.62 3877.5 3862.74 3852.18 3847.81 3847.71 3853.5 3862.48 3871.78 3882.65 3881.86 3875.86 3871.28 3866.98 3862.81 3858.83 3853.88 3848.5 3843.71 3840.13 3834.71 3831.47
3854.09 3854.45 3855.83 3855 3855.41 3865.16 3879.62 3893.88 3906.38 3920.54 3951.77 3977.7 3992.79 3989.25 3974.11 3961.7 3969.02 3961.36 3929.82 3885.93 3838.14 3798.09 3766.24 3741.22 3732.04 3719.37 3702.55 3691.47 3710.38 3720.12 3719.63 3776.03 3827.8 3872.99 3914 3938.88 3970.35 4004.02 4013.29 4005.24 4005.52 3985.12 3951.85 3912.64 3874.01 3860.09 3853.23 3847.01 3840.72 3839.17 3839.78 3849.9 3862.18 3875.2 3886.91 3889.14 3882.45 3874.25 3867.27 3860.96 3854.49 3846.76 3839.26 3836 3832.22 3828.59 3827.58
