real_craters/C077-300m.grd
DSAA
192 192
-28.5775 28.5775
-28.5775 28.5775
2966.8990711567 4320.2153447093
[rows 0 to 29 of 192, columns 0 to 66 of 192]
3969.6 3968.76 3967.91 3967.38 3967.02 3966.86 3966.59 3966.19 3965.93 3966.14 3966.83 3967.53 3966.7 3965.69 3964.81 3964.13 3963.94 3963.76 3963.56 3963.42 3963.29 3963.16 3962.93 3962.52 3961.94 3961.48 3961.53 3961.58 3961.12 3959.88 3958.51 3955.89 3953.97 3952.78 3951.81 3951.45 3951.53 3952.26 3953.16 3953.88 3953.87 3953.06 3951.7 3950.5 3949.64 3949.07 3950.8 3956.36 3962.23 3966.77 3971.68 3976.46 3978.78 3979.35 3978.15 3975.8 3972.85 3968.37 3964.94 3961.64 3958.76 3957.19 3957.39 3962.23 3969.3 3975.83 3980.29
3968.88 3968.15 3967.28 3966.29 3965.68 3965.73 3965.6 3965.34 3965.1 3965.19 3965.8 3966.63 3966.33 3965.59 3964.84 3964.32 3963.87 3963.53 3963.33 3963.19 3963.04 3962.92 3962.73 3962.43 3961.78 3960.98 3961.17 3960.99 3960.45 3959.59 3958.66 3956.51 3953.96 3952.46 3951.34 3950.59 3951.03 3951.8 3952.87 3954.19 3954.63 3952.82 3951.14 3950.07 3949.78 3950.13 3951.78 3958.08 3964.92 3969.39 3973.71 3978.24 3979.82 3979.4 3977.69 3974.76 3971.94 3968.21 3964.96 3962.62 3960.53 3959.27 3957.88 3960.48 3964.89 3969.79 3974.9
3968.18 3967.91 3967.15 3965.99 3965.37 3965.24 3964.98 3964.67 3964.27 3963.74 3964.61 3965.78 3965.77 3965.25 3964.66 3964.14 3963.49 3963.22 3963.09 3962.96 3962.87 3962.81 3962.75 3962.72 3962.6 3962.06 3961.44 3960.8 3960.13 3959.36 3958.69 3958.23 3954.34 3952.31 3951.05 3950.35 3950.57 3951.21 3952.19 3953.41 3953.52 3951.84 3950.25 3949.35 3949.33 3950.12 3952.2 3961.86 3971.62 3978.96 3982.63 3983.57 3983 3981.09 3978.46 3974.84 3971.87 3968.84 3965.79 3963.78 3961.79 3960.11 3958.45 3959.24 3961.03 3964.07 3969.84
3967.12 3966.03 3965.86 3965.75 3965.61 3965.06 3964.64 3964.31 3964.04 3964.06 3964.74 3965.38 3965.29 3964.8 3964.03 3963.07 3962.92 3962.89 3962.79 3962.72 3962.64 3962.57 3962.59 3962.79 3963.45 3963.21 3961.59 3960.57 3959.79 3959.07 3958.34 3957.35 3953.52 3951.84 3950.83 3950.17 3950.15 3950.38 3950.95 3951.57 3951.32 3950.07 3948.82 3948.17 3948.65 3950.94 3955.51 3968.25 3980.62 3990.27 3992.07 3990.03 3987.27 3984.07 3980.59 3976.42 3973.07 3969.46 3966.3 3964.48 3963.31 3962.61 3961.1 3958.63 3957.64 3959.02 3964.57
3966.43 3965.03 3964.8 3965.15 3965.11 3964.81 3964.43 3964.16 3964.01 3964.16 3964.62 3965.08 3964.98 3964.52 3963.84 3963.17 3962.77 3962.67 3962.55 3962.47 3962.36 3962.27 3962.14 3962.04 3962.08 3961.76 3960.83 3959.97 3959.23 3958.58 3958.16 3956.03 3952.48 3951.13 3950.48 3950.13 3949.64 3949.55 3949.54 3949.32 3949 3948.16 3947.23 3946.86 3947.67 3951 3963.97 3976.44 3988.27 3998.53 3998.46 3994.65 3990.58 3986.35 3981.61 3977.24 3973.72 3969.68 3966.21 3964.45 3964 3964.18 3961.89 3957.88 3955 3954.78 3960.29
3966.34 3965.79 3965.14 3964.91 3964.88 3964.49 3964.21 3964.03 3963.95 3964.04 3964.54 3965.02 3964.87 3964.42 3963.75 3963.02 3962.54 3962.5 3962.36 3962.24 3962.09 3961.82 3961.4 3960.87 3960.16 3959.94 3959.68 3959.11 3958.41 3957.55 3956.18 3954.37 3951.85 3950.33 3949.4 3948.96 3948.91 3948.83 3948.55 3947.58 3947.33 3946.78 3946.03 3945.76 3946.8 3951.53 3968.83 3981.34 3991.16 3999.42 3999.55 3996.35 3992.19 3987.73 3983.28 3978.59 3974.75 3970.12 3965.98 3962.97 3961.17 3962.37 3961.08 3956.98 3953.3 3952.16 3958.3
3965.97 3965.47 3964.82 3964.33 3964.1 3963.95 3963.88 3963.82 3963.84 3964.01 3964.48 3965.05 3964.91 3964.45 3963.78 3962.98 3962.52 3962.4 3962.29 3962.09 3961.71 3961.48 3960.88 3960.08 3958.41 3958.76 3958.91 3958.51 3957.77 3956.69 3955.47 3954.01 3951.28 3949.6 3948.53 3948.18 3948.35 3948.45 3948.47 3948.45 3947.5 3946.46 3945.59 3945.14 3946 3949.98 3964.87 3978.61 3988.18 3995.98 3997.47 3995.71 3992.35 3988.3 3984.09 3979.42 3975.42 3970.29 3965.29 3960.82 3957.28 3959.03 3959.85 3957.1 3953.09 3950.64 3956.96
3965.16 3964.31 3964.13 3963.89 3963.74 3963.7 3963.63 3963.57 3963.61 3964.07 3964.91 3965.03 3965.02 3964.61 3963.99 3963.27 3962.66 3962.57 3962.19 3961.84 3961.47 3961.17 3960.74 3960.32 3960.03 3959.32 3958.93 3958.45 3957.57 3956.23 3954.5 3953.59 3951.19 3949.25 3948.58 3948.18 3948.16 3948.26 3948.47 3948.79 3947.84 3946.68 3945.82 3945.51 3945.97 3948.25 3956.16 3969.78 3982.57 3991.07 3994.39 3994.12 3991.87 3988.57 3984.46 3980.29 3976.54 3971.32 3965.64 3959.61 3955.79 3958.88 3961.38 3960.37 3956.26 3951.02 3956.07
3964.53 3963.75 3963.6 3963.54 3963.73 3963.71 3963.52 3963.3 3963.24 3963.44 3964.25 3965.29 3965.18 3964.72 3964.23 3963.87 3963.62 3962.88 3962.13 3961.59 3961.3 3960.98 3960.72 3960.72 3960.6 3959.89 3959.19 3958.54 3957.7 3956.34 3954.31 3952.35 3950.21 3949.23 3949.22 3948.55 3947.96 3947.8 3947.95 3948.22 3947.7 3947.19 3946.76 3946.64 3947.3 3949.17 3953.21 3963.03 3979.18 3989.46 3991.92 3992.19 3990.66 3988.18 3985.05 3981.01 3978.16 3973.68 3968.07 3961.49 3955.33 3962.77 3967.94 3968.89 3966.27 3960.08 3960.46
3963.93 3963.28 3963.32 3963.48 3963.63 3963.63 3963.35 3962.99 3962.72 3962.55 3963.58 3965.31 3965.1 3964.55 3964.04 3963.91 3963.88 3962.66 3961.74 3961.21 3960.92 3960.63 3960.47 3960.55 3960.78 3959.93 3959.32 3958.77 3958.21 3957.35 3955.79 3953.41 3951.24 3949.66 3949.65 3948.78 3947.81 3947.3 3947.19 3947.13 3947.73 3947.97 3948.44 3948.95 3950.06 3951.97 3955.18 3962.07 3975.91 3985.93 3988.94 3989.82 3989.14 3987.4 3985.27 3982.73 3980.14 3977.72 3974.27 3970.38 3966.62 3973.55 3980.01 3982.2 3982.54 3982.15 3974.85
3963.48 3962.9 3963.18 3963.49 3963.78 3963.83 3963.23 3962.63 3962.29 3962.48 3963.64 3964.89 3964.61 3963.87 3963.18 3962.52 3961.72 3961.3 3961.04 3960.75 3960.5 3960.29 3959.99 3959.62 3959.41 3959.37 3959.14 3958.87 3958.8 3958.75 3959.11 3958.84 3953.3 3950.39 3950.43 3948.91 3947.76 3947.19 3947.33 3947.84 3948.36 3949.41 3950.62 3952.3 3954.02 3955.96 3956.94 3961.36 3973.83 3982.21 3986.28 3987.95 3987.8 3986.99 3985.75 3983.97 3982.93 3982.79 3983.44 3985.85 3990.6 3996.3 3996.71 3996.36 3997.55 4000.23 3991.75
3963.64 3963.19 3963.37 3963.55 3963.82 3963.81 3962.86 3962 3961.52 3961.81 3963.42 3964.59 3963.7 3962.69 3961.85 3960.99 3960.07 3959.99 3960.1 3960.02 3959.9 3959.71 3959.42 3958.88 3958.68 3958.9 3958.95 3958.91 3958.96 3959.41 3960.36 3961.85 3955.57 3951.19 3950.19 3949.06 3947.86 3947.01 3946.89 3947.87 3949.54 3951.63 3953.98 3956.55 3959.41 3962.87 3966.18 3970.3 3975.21 3980.94 3984.65 3986.35 3986.61 3986.38 3985.89 3985.1 3985.33 3987.09 3991.46 3999.43 4011.48 4018.03 4010.61 4005.96 4004.83 4006.92 4003.96
3964.86 3964.23 3963.78 3963.55 3963.46 3962.81 3962 3961.17 3960.33 3959.72 3960.98 3962.42 3961.81 3961.01 3960.37 3959.85 3959.39 3959.34 3959.4 3959.37 3959.33 3959.27 3959.14 3958.75 3958.59 3958.62 3958.55 3958.5 3958.55 3958.56 3958.46 3957.05 3954.75 3952.17 3950.95 3949.74 3948.43 3947.33 3947.27 3948.82 3951.59 3954.87 3958.12 3961.45 3965.3 3970.48 3978.03 3980.09 3979.62 3982.09 3984.36 3985.48 3985.73 3985.24 3985.13 3985.3 3986.39 3988.87 3994.58 4003.76 4016.29 4020.7 4014 4007.76 4003.71 4002.24 4005.75
3965.63 3964.95 3964.21 3963.66 3963.09 3962.1 3961.35 3960.55 3959.46 3958.25 3958.6 3959.57 3959.19 3958.84 3958.78 3958.82 3958.96 3959.04 3958.92 3958.8 3958.75 3958.82 3958.93 3959.11 3958.89 3958.49 3958.11 3957.88 3957.7 3957.18 3956.36 3954.51 3954.33 3953.02 3952.91 3951.22 3949.96 3948.65 3947.72 3950.58 3954.91 3959.15 3962.99 3966.57 3970.46 3974.92 3979.89 3984.62 3986.55 3984.62 3983.74 3983.47 3983.26 3982.78 3982.85 3983.71 3985.13 3987.63 3992.03 3996.75 4005.75 4011.5 4008.53 4003.05 3998.64 3997.75 4001.57
3964.85 3964.77 3964.39 3963.87 3963.2 3961.98 3961.14 3960.55 3959.35 3957.93 3956.78 3956.28 3955.91 3956.46 3957.15 3957.76 3958.29 3958.49 3958.37 3958.15 3958.06 3958 3958.28 3959.08 3958.67 3958.06 3957.79 3957.58 3957.44 3956.6 3955.08 3953.36 3953.12 3951.93 3952.71 3952.96 3952.72 3951.97 3951.34 3955.16 3960.41 3965.09 3969.13 3972.33 3975.47 3977.83 3979.8 3981.74 3984.75 3983.72 3982.45 3981.85 3981.42 3980.34 3980.32 3981.39 3982.61 3984.76 3988.18 3991.94 3999.68 4003 3999.78 3994.41 3990.36 3990.15 3993.96
3964.53 3964.8 3964.69 3964.29 3963.86 3963.06 3962.46 3961.42 3959.82 3957.76 3955.12 3951.77 3952.54 3954.61 3955.87 3956.78 3957.6 3958.11 3957.73 3957.34 3957.11 3956.93 3956.87 3956.69 3957.34 3957.64 3957.82 3957.8 3957.6 3956.95 3955.42 3954.83 3954.81 3953.57 3954.08 3955.98 3957.71 3958.47 3959.33 3963.46 3968.35 3972.53 3975.81 3978.37 3980.33 3981.01 3979.85 3978.67 3980.16 3980.68 3980.99 3980.8 3980.32 3979.71 3980.19 3980.5 3981 3982.76 3984.71 3987.7 3995.76 3995.68 3990.14 3983.11 3977.73 3977.23 3980.79
3966.39 3965.4 3964.9 3964.62 3964.59 3965.22 3965 3962.25 3960.3 3958.92 3955.54 3952.8 3953.25 3954.33 3955.2 3955.93 3956.59 3957.03 3956.73 3956.42 3956.2 3955.87 3955.52 3955.69 3956.38 3957.24 3957.96 3958.38 3958.51 3958.19 3956.84 3955.76 3954.83 3954.49 3955.83 3959.81 3964.47 3968.18 3970.34 3974.43 3977.92 3980.75 3983.17 3984.98 3986.13 3986.25 3984.83 3981.05 3978.2 3979.76 3980.76 3980.75 3979.75 3978.7 3979.2 3979.26 3979.04 3980.3 3981.75 3983.25 3988.98 3987.81 3980.93 3971.51 3962.52 3962.29 3965.66
3965.92 3965.3 3964.72 3964.29 3964.13 3964.27 3963.5 3961.16 3959.16 3957.51 3956.28 3955.99 3955.48 3954.87 3954.99 3955.27 3955.27 3954.82 3955.55 3955.71 3955.49 3954.91 3954.32 3954.64 3955.86 3957.39 3958.82 3959.94 3960.73 3960.89 3959.83 3958.06 3954.7 3953.99 3956.89 3964.45 3972.67 3980.89 3987.3 3987.3 3988.17 3989.51 3990.8 3992.02 3992.93 3993.38 3993.66 3992.32 3984.57 3983.24 3984.28 3984.32 3983.43 3981.58 3981.3 3979.24 3977.8 3977.65 3979.65 3985.67 3985.35 3982.17 3974.31 3963.43 3952.57 3953.74 3960.23
3964.25 3964.37 3963.99 3963.45 3962.75 3961.66 3960.06 3959.21 3957.67 3956.25 3956.01 3955.73 3955.31 3954.9 3954.91 3955.11 3955.15 3955.03 3955.7 3955.75 3955.36 3954.56 3953.58 3953.73 3956.08 3958.42 3960.44 3962.35 3963.93 3965.04 3965.24 3964.57 3963.02 3955.21 3961.04 3970.67 3980.71 3991.05 3998.5 3997.34 3996.58 3996.51 3996.72 3997.38 3998.65 3999.73 4001.41 4001.93 3988.42 3990.25 3991.16 3990.48 3988.42 3984.83 3982.9 3979.12 3975.9 3973.6 3973.91 3979.67 3983.73 3980.02 3971.35 3960.55 3951.23 3951.05 3954.56
3963.66 3963.53 3963.12 3962.45 3961.49 3960.18 3958.94 3958.25 3957.63 3956.67 3955.92 3955.21 3954.76 3954.54 3954.84 3955.43 3956.12 3956.82 3957.12 3956.7 3955.94 3954.97 3954.12 3954.64 3957 3959.71 3962.4 3965.08 3967.5 3969.63 3971.41 3972.76 3973 3970.46 3970.79 3979.16 3988.26 3995.62 4001.18 4003.87 4003.93 4003.52 4003.31 4003.62 4004.43 4005.6 4007.26 4006.22 4004.89 4002.46 4001.15 3998.87 3995.22 3990.29 3986.48 3980.6 3974.9 3969.93 3965.88 3971.98 3986.06 3980.62 3970.97 3960.52 3952.87 3950.82 3951.33
3963.16 3962.85 3962.38 3961.65 3960.6 3959.15 3957.67 3957.56 3958.78 3957.94 3955.85 3954.46 3953.74 3953.87 3954.76 3955.95 3957.27 3958.63 3958.95 3958.19 3957.14 3956.3 3955.74 3956.23 3958.19 3960.78 3963.48 3966.38 3969.49 3973.5 3976.88 3980.23 3982.76 3980.62 3981.36 3989.53 3997.84 4003.46 4007.65 4010.25 4010.21 4009.13 4007.62 4007.77 4008.34 4009.99 4012.82 4015.54 4015.46 4014.81 4012.75 4008.6 4002.63 3995.76 3990.32 3982.81 3975.1 3968 3963.31 3974.18 3987.32 3981.69 3971.7 3961.23 3952.99 3951.45 3951.12
3962.49 3962.22 3961.8 3961.18 3960.29 3958.92 3957.03 3956.82 3956.97 3956.67 3955.26 3953.52 3952.17 3953.11 3954.75 3956.49 3958.26 3959.77 3960.26 3959.56 3958.69 3958.02 3958.31 3958.48 3959.54 3961.28 3963.89 3966.75 3970.19 3974.39 3980.58 3986.04 3991.12 3992.22 3994.53 4001.71 4010.13 4017.56 4018.84 4017.22 4015.02 4012.77 4010.37 4009.49 4010.34 4012.05 4015.35 4019.78 4022.7 4027.17 4024.98 4018.46 4010.4 4001.79 3994.67 3986.54 3977.93 3969.86 3963.3 3976.66 3988.06 3982.18 3972.67 3963.03 3955.72 3952.75 3951.81
3961.8 3961.6 3961.33 3960.99 3960.51 3959.9 3959.1 3958.71 3957.73 3956.32 3954.96 3953.39 3952.22 3953.3 3955.17 3957.12 3959.08 3960.8 3961.6 3960.9 3960.1 3959.42 3959.69 3959.76 3960.34 3961.54 3963.35 3966.37 3969.71 3974.09 3981.1 3988.73 3998.56 4005.88 4007.61 4012.84 4021.12 4028.53 4027.22 4022.33 4017.81 4014.48 4011.86 4010.07 4010.36 4011.68 4014.9 4019.6 4033.97 4043.82 4036.83 4027.5 4017.61 4009.02 3999.45 3990.57 3982.41 3975.98 3972.92 3981.28 3986.68 3981.9 3973.13 3963.47 3956.45 3953.14 3952.37
3961.15 3961.03 3960.9 3960.8 3960.82 3961.13 3962.32 3962.02 3958.69 3956.67 3955.24 3954.16 3953.73 3954.42 3955.86 3957.74 3959.78 3961.78 3962.89 3962 3961.04 3960.31 3959.61 3960.17 3961.04 3962.09 3963.44 3965.77 3968.68 3972.58 3978.62 3986.94 3998.25 4010.63 4014.82 4019.76 4027.52 4034.09 4030.32 4023.9 4018.31 4013.83 4010.15 4008.45 4007.54 4008.38 4011.32 4017.47 4035.65 4050.55 4042.99 4032.63 4022.16 4013.56 4004.19 3995.39 3987.58 3982.4 3982.6 3987.65 3986.69 3981.94 3974.37 3964.12 3956.12 3952.69 3952.4
3960.29 3960.46 3960.48 3960.45 3960.58 3960.91 3961.71 3961.09 3958.03 3956.72 3955.58 3954.86 3954.68 3955.26 3956.51 3958.16 3960.08 3962.07 3963.66 3962.49 3961.68 3961.48 3960.8 3961.45 3962.07 3962.62 3963.62 3965.32 3967.26 3970.11 3974.07 3979.88 3989.76 4006.15 4017.09 4021.24 4027.27 4032.23 4027.11 4020.32 4014.99 4010.42 4006.92 4004.59 4003.47 4003.46 4005 4006.95 4014.38 4043.36 4041.45 4033.27 4024.07 4015.9 4007.38 3999.37 3991.5 3985.25 3982.82 3985.1 3985.08 3982.25 3977.5 3970.61 3960.67 3952.13 3951.05
3959.91 3960.14 3960.06 3959.87 3959.67 3959.42 3958.99 3958.31 3958.25 3956.66 3955.79 3955.36 3955.31 3955.91 3957 3958.34 3959.79 3961.24 3962.08 3961.81 3961.55 3962.21 3964.07 3962.86 3963.04 3963.63 3964.29 3964.63 3965.53 3967.43 3969.1 3971.71 3978.37 3998.71 4011.95 4017.21 4019.77 4020.86 4018.54 4014.34 4010.02 4006.04 4002.61 3999.98 3998.16 3997.46 3997.53 3998.44 4005.39 4034.36 4033.92 4029.2 4022.69 4016.14 4009.28 4002.62 3995.41 3987.14 3977.84 3981.34 3983.17 3981.98 3979.95 3977.44 3965.21 3952.46 3950.02
3960.51 3960.2 3959.8 3959.3 3958.68 3957.77 3956.72 3955.8 3956.08 3955.87 3955.64 3955.69 3956.02 3956.63 3957.44 3958.33 3959.23 3960.08 3960.85 3960.84 3960.71 3960.75 3961.29 3962.86 3963.86 3964.43 3964.65 3964.88 3964.73 3964.55 3964.29 3964.95 3969.56 3988.87 4004.16 4009.77 4008.44 4007.2 4008.25 4006.66 4004.06 4000.68 3997.7 3994.96 3992.8 3991.47 3991 3991.74 3997.06 4014.91 4021.62 4021.47 4018.42 4014.32 4009.79 4005.28 4000.71 3994.9 3986.16 3985.08 3983.37 3980.32 3977.57 3975.02 3964.29 3953.52 3950
3961.21 3960.46 3959.61 3958.77 3957.8 3956.52 3955.17 3954.04 3954.31 3954.9 3955.34 3955.88 3956.6 3957.36 3957.88 3958.25 3958.64 3959.03 3959.43 3960 3960.47 3959.96 3961.16 3963.9 3965.7 3966.23 3966.09 3965.5 3964.55 3963.49 3962.05 3961.39 3964.39 3978.05 3992.5 4001.13 3997.82 3996.47 3999.34 3999.67 3998.16 3995.68 3992.37 3989.6 3987.31 3985.86 3986.04 3986.95 3989.1 4000.53 4010.49 4013.5 4013.14 4011.25 4009.47 4007.95 4006.58 4006.79 4004.88 3993.31 3983.83 3976.4 3969.8 3964.03 3957.53 3952.41 3948.61
3961.99 3960.84 3959.68 3958.53 3957.28 3955.76 3954.38 3953.35 3953.36 3954.2 3955.03 3956.02 3957.08 3958.18 3958.22 3958.13 3958.11 3958.23 3958.66 3960.43 3962.8 3962.68 3964.17 3967.65 3968.73 3968.51 3967.69 3966.38 3965.09 3963.43 3961.53 3960.29 3960.78 3964.68 3975.72 3988.99 3992.06 3993.24 3994.32 3994.16 3992.75 3990.37 3987.38 3984.67 3982.03 3980.22 3979.75 3983.33 3991.4 3999.9 4003.71 4006.12 4007.03 4007.05 4007.31 4007.69 4008.45 4009.34 4004.15 3992.19 3981.24 3970.76 3960.23 3951.18 3947.42 3945.84 3946.84
3962.59 3961 3959.58 3958.25 3956.9 3955.41 3954.13 3953.33 3953.1 3953.79 3954.72 3955.85 3957 3958.05 3958.11 3957.91 3957.76 3957.88 3958.64 3962.08 3969.05 3973.97 3975.24 3974.59 3973.09 3971.42 3969.73 3968.19 3966.31 3964.62 3962.8 3961.29 3960.4 3959.1 3963.63 3977.37 3988.08 3991.49 3991.12 3990.11 3988.5 3986.11 3983.49 3980.4 3977.56 3975.41 3975.3 3978.95 3984.57 3991.26 3996.49 3998.83 4000.74 4001.85 4003.4 4004.21 4005.16 4005.8 4000.52 3988.34 3976.01 3964.64 3953.95 3944.31 3938.99 3939.25 3944.15
