real_craters/C077-500m.grd
DSAA
115 115
-28.5775 28.5775
-28.5775 28.5775
2968.7259571053 4307.2755333574
[rows 30 to 59 of 115, columns 0 to 66 of 115]
3999.73 4010.36 4023.3 4029.35 4012.17 3995.74 3981.93 3978.64 3974.98 3971.12 3968.27 3969.52 3984.87 4000.96 3994.08 3986.9 3980.02 3973.23 3968.19 3964.96 3961.89 3956.79 3953.84 3955.07 3962.27 3969.58 3973.63 3975.99 3973.95 3967.87 3956.73 3943.24 3940.92 3930.35 3930.35 3932.25 3935.2 3931.57 3953.56 3961.73 3967.06 3970.17 3971.93 3970.49 3968.1 3957.05 3944.76 3934.09 3937.15 3951.28 3963.95 3970.86 3964.79 3959.55 3954.54 3951.51 3952.42 3949.99 3941.93 3932.26 3919.34 3914.75 3922.03 3926.22 3920.79 3915.21 3917.93
4001.26 4008.86 4020.2 4025.98 4012.16 4002.01 3999.6 3990.81 3981.99 3978.17 3978.3 3977.4 3985.53 3990.57 3990.37 3985.18 3978.89 3973.75 3968.47 3963.5 3957.02 3953.23 3950.69 3953.64 3965.51 3977.9 3985.71 3988.03 3987.1 3984.93 3981.2 3973.33 3963.27 3956.79 3942.13 3931.97 3927.59 3934.33 3951.02 3961.43 3966.51 3968.82 3967.79 3965.8 3962.74 3954.87 3949.56 3949.89 3951.81 3955.98 3963.93 3970.12 3964.7 3959.34 3952.86 3949.96 3949.89 3948.08 3946.47 3932.91 3922.65 3920.12 3928.34 3933.25 3923.45 3920.09 3921.57
3996.58 3997.8 3998.75 4000.04 3998.87 3995.7 3992.76 3987.71 3983.23 3982.05 3983.69 3988.33 3987.41 3988.78 3987.05 3982.59 3976.55 3969.69 3967.28 3965.01 3959.99 3952.97 3947.76 3953.29 3970.61 3989.54 4000.73 4000.87 4000.12 4000.25 4003.82 4007.13 3985.59 3969.68 3955.8 3937.53 3925.4 3932.09 3945.11 3960.89 3968.56 3969.91 3966.26 3959.8 3952.07 3950.57 3951.04 3953.66 3955.45 3956.53 3960.69 3966.09 3966.69 3960.35 3955.6 3952.96 3952.72 3953.41 3954.78 3941.08 3927.69 3927.22 3934.57 3931.86 3919.63 3913.15 3920.17
3988.55 3984.22 3977.74 3977.77 3982.54 3983.35 3981.27 3979.3 3979.55 3980.05 3980.37 3981.62 3984.51 3985.63 3984.47 3980.49 3974.56 3969.42 3967.42 3967.95 3965.45 3954.9 3948.55 3955.56 3978.52 3997.55 4007.64 4009.06 4008.52 4008.49 4009.34 4007.19 3998.94 3988.43 3970.77 3957.1 3948.56 3947.8 3956.53 3970.09 3977.02 3976.38 3970.5 3959.08 3947.6 3950.61 3950.45 3949.71 3947.66 3952.14 3954.66 3955.51 3959.08 3959.45 3957.99 3957.81 3957.77 3956.85 3957.35 3949.61 3937.66 3936.45 3940.83 3931.91 3920.52 3920.24 3922.58
3979.71 3973.62 3967.97 3967.36 3970.85 3972.66 3972.4 3972.68 3975.11 3976.97 3977.45 3976.98 3981.61 3984.15 3983.79 3979.62 3973.18 3966.83 3966.46 3967.51 3965.43 3956.68 3952.39 3971.11 3992.24 4006.1 4011.78 4012.16 4010.24 4008.29 4006.18 4003.89 3999.07 3994.82 3980.28 3968.47 3960.06 3962.31 3973.89 3989.72 3992.2 3985.69 3979.55 3969.93 3953.66 3959.35 3956.11 3944.46 3949.93 3951.59 3951.01 3955.62 3957.94 3962.46 3961.63 3963.99 3966.02 3965.99 3964.43 3959.39 3947.49 3945.89 3946.75 3938.96 3925.77 3919.31 3920.56
3968.65 3963.95 3962.75 3960.84 3961.99 3964.43 3966.45 3968.7 3971.68 3974.04 3975.84 3976.4 3980.2 3985.07 3985.61 3979.75 3973.6 3967.95 3966.39 3964.04 3962.35 3961.02 3962.2 3988.24 4011.24 4013.86 4014.91 4013.54 4009.71 4005.39 3999.42 3992.87 3991.78 3992.69 3982.38 3970.72 3961.65 3964.35 3976.59 3991.17 3995.81 3994.09 3992.75 3992.84 3997.77 3989.6 3973.52 3965.01 3955.9 3961.05 3955 3963.76 3970.4 3975.29 3981.83 3977.5 3976.16 3978.68 3972.28 3963.76 3954.6 3958.67 3960.58 3952.77 3942.38 3928.04 3924.2
3954.67 3952.14 3951.16 3951.72 3953.66 3956.98 3961.44 3966.15 3968.61 3970.55 3971.96 3973.05 3976.63 3980.33 3980.96 3978.03 3975.5 3972.29 3968.7 3966.77 3965.81 3968.83 3979.23 4014.32 4022.53 4019.42 4017.42 4013.77 4007.81 4001.63 3994.46 3987.42 3984.57 3986.83 3982.07 3973.29 3965.35 3963.74 3972.62 3984.84 3994.14 4000.1 4003.92 4008.51 4015.81 4005.79 3983.61 3976.43 3996.31 3983.45 3972.69 3987.77 3989.68 3984.75 3986.28 3988.23 3986.77 3980.44 3984.46 3982.79 3972.3 3969.24 3983.51 4004.22 4004.51 3964.08 3940.23
3940.65 3939.4 3939.05 3940.89 3943.97 3948.6 3954.84 3961.41 3964.04 3965.56 3967.76 3969.56 3970.92 3972.28 3972.78 3972.59 3973.24 3972.9 3968.7 3968.28 3969.46 3974.99 3989.32 4011.43 4024.11 4024.38 4019.69 4013.92 4007.43 3999.92 3992.48 3984.63 3977.88 3980.75 3981.81 3982.55 3974.99 3979.48 3981.74 3985.8 3995.73 4004.25 4011.16 4014.82 4011.43 3995.17 3986.58 3980.76 3995.99 3994.38 3993.37 3998.11 3999.55 3994.98 3989.55 4006.8 4007.93 3995.42 3992.2 4002.2 4001.73 4004.49 4033.04 4077.69 4103.97 4034.79 3960.86
3928.82 3928.19 3928.97 3930.24 3933.77 3938.75 3945.51 3953.29 3955.9 3957.22 3959.68 3962.82 3963.15 3963.23 3962.2 3964.62 3964.92 3964.06 3962.86 3962.13 3966.58 3974.4 3987.17 4009.15 4026.56 4025.19 4021.51 4015.09 4007.92 4000.72 3993.85 3986.5 3976.96 3976.81 3979.53 3978.58 3978.71 3977.53 3984.4 3992.32 3999.45 4008.21 4016.44 4021.66 4020.86 4010.19 4002.22 3997.51 3987.12 3995.47 4004.87 4004.14 4022.54 4044.04 4040.58 4060.25 4059.55 4038.72 4027.05 4060.87 4073.67 4083.53 4092.63 4126.61 4130.09 4062.38 3994.33
3921.03 3919.15 3918.04 3919.53 3922.54 3927.08 3932.48 3938.96 3942.19 3944.33 3948.45 3951.28 3953.44 3954.25 3955.73 3956.52 3958.12 3957.61 3956.09 3956.36 3962.21 3970.83 3981.49 3998.62 4020.19 4023.65 4021.36 4015.14 4008.03 4001.07 3994.93 3989.67 3980.92 3975.56 3978.75 3978.86 3970.7 3977.43 3986.22 3992.06 4002.41 4011.38 4021.29 4029.6 4036.89 4032.72 4029.86 4027.32 4022.54 4029.22 4040.34 4071.66 4096.34 4153.96 4167.1 4130.61 4122.23 4135.01 4153.98 4181.59 4220.2 4241.53 4201.96 4179.85 4135.8 4073.02 4023.34
3917.12 3912.24 3909.6 3908.62 3910.16 3912.95 3916.58 3920.46 3923.35 3925.9 3931.9 3938.97 3942.03 3942.9 3943.86 3945.92 3948.09 3948.62 3949.22 3952.11 3957.81 3966.48 3977.71 3994.13 4021.4 4024.9 4020.86 4014.49 4008.11 4001.56 3995.26 3989.5 3984.21 3976.66 3974.08 3971.22 3973.29 3986.47 3991.65 3997.68 4006.29 4017.61 4028.79 4040.15 4051.84 4070.59 4069.17 4071.67 4080.68 4099.74 4116.86 4146.32 4184.27 4201.09 4190.64 4145.87 4139.03 4180.04 4191.42 4204.24 4265.45 4307.28 4297.43 4231.52 4183.11 4102.67 4036.8
3915.12 3903.21 3897.65 3897.06 3897.29 3898.15 3899.17 3899.86 3900.88 3903.62 3911.23 3927.07 3928.41 3927.7 3929.9 3932.23 3935.75 3937.48 3940.04 3944.96 3953.05 3963.05 3975.18 3991.26 4014.39 4020.76 4017.89 4013.45 4008.27 4001.53 3994.23 3984.84 3979.98 3975.82 3970.71 3972.53 3975.77 3979.93 3988.22 3998.7 4010.52 4022.55 4034.67 4046.19 4057.06 4071.81 4086.94 4094.95 4109.53 4136.98 4106.7 4099.31 4105.43 4125.89 4107.56 4069.94 4060.65 4071.4 4061.15 4088.84 4137.36 4180.44 4182.04 4188.15 4222.3 4193.43 4107.41
3913.76 3898.32 3890.17 3887.59 3885.69 3884.18 3882.67 3880.84 3880.05 3884.01 3890.49 3905.67 3907.87 3907.37 3907.58 3910.74 3918.9 3923.31 3928.24 3936.59 3946.48 3957.74 3970.36 3984.1 3999.53 4009.92 4012.31 4009.3 4005.31 4000.46 3994.42 3985.64 3976.92 3972.25 3969.31 3974.42 3972.87 3972.62 3982.25 3996.91 4012.69 4026.58 4040.37 4052.48 4058.84 4055.98 4083.76 4099.81 4085.14 4055.99 3990.92 3954.53 3961.07 3943.76 3931.98 3923.54 3919.36 3913.86 3906.4 3923.62 3945.68 3981.43 4019.81 4056.12 4171.37 4249.57 4189.6
3911.59 3898.27 3886.9 3879.88 3875.48 3871.8 3868.63 3866.39 3868.98 3872.67 3877.9 3880.23 3882.85 3885.14 3885.94 3888.67 3896.17 3907.28 3917.59 3928.24 3941.26 3953.07 3964.56 3978.49 3994.72 4004.61 4005.96 4005.14 4002.49 3999.86 3995.71 3989.89 3970.94 3962.96 3963.95 3961.6 3953.91 3959.71 3980.42 3998.42 4017.07 4034.6 4052.41 4070.72 4088.3 4101.22 4155.58 4116.15 4024.88 3933.75 3876.45 3828.47 3795.88 3751.09 3742.65 3748.21 3756.4 3764.9 3763.04 3762.31 3776.41 3796.26 3862.9 3902.57 4017.47 4139.65 4227.1
3901.07 3888.42 3879.17 3872.53 3867.03 3861.9 3856.95 3852.39 3850.68 3859.93 3865.46 3862.51 3863.49 3866.22 3867.89 3870.18 3875.78 3894.78 3914.46 3927.84 3938.01 3948.54 3958.41 3967.97 3979.05 3997.04 3998.64 3999.42 4000.23 3998.88 3995.56 3987.74 3968.45 3954.44 3958.74 3956.75 3942.81 3954.32 3990.37 4004.8 4019.18 4036.95 4059.32 4086.6 4123.72 4185.37 4245.87 4116.35 3969.57 3846.6 3772.95 3704.63 3640.46 3581.17 3573.77 3580.53 3586.69 3593.32 3605.79 3612.52 3630.74 3651.18 3723.11 3766.57 3855.08 3951.28 4066.14
3898.3 3878.33 3872.04 3866.6 3860.6 3854.16 3847.68 3841.4 3836.38 3847.02 3852.38 3850.78 3850.29 3851.45 3852.83 3855.91 3866.25 3885.97 3907.46 3922.54 3933.63 3943.34 3951.64 3957.78 3960.89 3980.68 3990.29 3993.89 3996.47 3996.85 3995.58 3992.42 3976.01 3961.96 3955.71 3953.5 3941.85 3956.07 3984.53 4002.25 4017.51 4039.02 4062.79 4094.5 4133.54 4177.8 4182.6 4045.09 3887.84 3736.17 3645.19 3576.53 3508.12 3446.07 3432.73 3432.14 3429.98 3430.4 3448.13 3470 3493.32 3517.51 3597.52 3651.69 3721.12 3799.21 3897.13
3903.33 3879.86 3871.4 3863.69 3856.05 3848.48 3841.25 3835.25 3831.22 3834.63 3839.23 3839.76 3839.95 3840.73 3841.53 3844.27 3855.82 3878.68 3902.71 3917.62 3928.38 3937.43 3947.2 3957.09 3967.35 3978.53 3986.21 3989.93 3992.79 3993.77 3991.12 3982.79 3970.46 3958.51 3956.69 3951.19 3950.28 3960.01 3977.29 3992.44 4008.15 4031.17 4056.16 4082.69 4111.61 4128.52 4055.16 3924.26 3785.38 3641.84 3536.94 3465.7 3398.73 3340.59 3319.37 3311.13 3301.52 3300.02 3318.67 3343.42 3368.31 3402.9 3487.49 3540.21 3608.36 3687.65 3773.35
3903.96 3892.64 3874.24 3862.2 3852.47 3844.3 3836.67 3830.82 3827.8 3828.27 3830.56 3832.53 3833.46 3833.54 3833.25 3834.45 3847.58 3872.27 3895.28 3910.91 3921.64 3931.12 3940.59 3953.74 3967.04 3979.31 3980.73 3981.05 3983.96 3987.13 3987.31 3979.78 3972.13 3964.37 3958.18 3952.73 3961.52 3958.71 3962.95 3979.53 3997.85 4015.83 4040.36 4055.8 4062.66 4044.41 3920.58 3804.2 3680.9 3548.37 3453.14 3375.14 3308.89 3249.52 3227.22 3216.21 3205.14 3200.83 3211.59 3228 3258.33 3310.17 3410.21 3459.36 3520.9 3613.74 3684.38
3903.18 3885.98 3872.58 3860.2 3849.88 3840.91 3833.14 3826.45 3823.04 3821.09 3824.95 3828 3829.54 3829.62 3828.41 3830.37 3844.49 3868.98 3892.65 3904.22 3913.22 3921.96 3930.29 3937.69 3946.4 3969.62 3968.74 3969.68 3973.63 3980.54 3990.88 3989.44 3976.18 3967.94 3957.59 3948.15 3948.03 3948.38 3950.88 3966.82 3982.16 3994.74 4005 4006.85 3997.43 3953.11 3808.69 3695.36 3587.71 3466.32 3370.84 3290.1 3224.95 3174.13 3157.34 3149.79 3137.81 3132.87 3133.31 3140.36 3168.59 3233.11 3348.6 3399.49 3456.11 3540.55 3616.61
3893.58 3880.19 3867.99 3856.76 3846.21 3837.15 3829.38 3823.01 3818.39 3816.62 3821.54 3825.23 3829.25 3827.15 3825.03 3826.27 3838.39 3863.01 3886.27 3894.77 3902.19 3909.54 3916.84 3924.2 3928.5 3935.15 3946.52 3952.55 3958.55 3965.09 3972.66 3973.74 3968.21 3957.23 3941.03 3935.96 3935.56 3942.24 3945.67 3953.95 3957.95 3964.03 3961.06 3951.86 3922.69 3858.85 3706.98 3592.4 3487.61 3376.57 3274.09 3210.89 3157.64 3122.33 3110.29 3107.87 3098.32 3087.36 3085.42 3082.22 3105.37 3179.91 3282.2 3330.13 3400.74 3483.62 3571.27
3885.45 3873.73 3862.1 3852.15 3842.87 3834.39 3826.27 3819.66 3815.15 3817.89 3819.27 3820.21 3821.53 3821.22 3821.73 3822.26 3826.4 3849.28 3870.39 3879.41 3888.33 3896.78 3903.54 3908.1 3913.95 3915.38 3926.39 3933.37 3939.4 3943.47 3947.46 3949 3957.72 3957.62 3938.19 3935.05 3938.59 3941.6 3941.68 3941.63 3938.78 3930.54 3917.41 3893.9 3851.71 3775.87 3615.18 3493.73 3382.67 3286.39 3198.84 3147.12 3108.04 3081.04 3084.36 3096.11 3094.82 3086.97 3076.67 3059.65 3073.89 3135.68 3226.74 3287.37 3351.76 3431.53 3513.75
3879.56 3864.52 3855 3846.74 3838.73 3830.81 3823.67 3817.21 3812.28 3815.45 3815.38 3814.04 3811.74 3813.49 3818.18 3823.28 3816.98 3829.39 3845.26 3861.79 3874.16 3884.03 3892.45 3901.04 3905.89 3910.61 3912.03 3915.83 3920.49 3924.12 3925.99 3943.78 3954.07 3956.25 3938.17 3934.06 3935.42 3937.06 3937.55 3931.41 3919.12 3900.99 3876.71 3842.75 3790.83 3699.88 3530.8 3405.79 3301.18 3212.33 3141.76 3105.06 3083.67 3074.85 3093.53 3120.44 3129.2 3128.42 3108.59 3088.35 3092.39 3128.93 3195.61 3266.59 3311.66 3378.12 3445.83
3868.68 3853.43 3847.87 3841.59 3834.67 3827.58 3820.7 3814.64 3810.38 3807.18 3808.88 3809.96 3809.74 3810.72 3813.21 3818.04 3824.81 3820.43 3830.43 3848.51 3863.12 3874.66 3883.03 3887.87 3894.6 3897.61 3897.96 3901.62 3906.62 3912.29 3924.27 3940.08 3949.96 3957.29 3949.6 3933.21 3936.54 3941.79 3938.34 3925.06 3901.63 3873.09 3838.35 3795.16 3732.39 3638.9 3467.99 3336 3236.44 3155.13 3096.47 3083.73 3088.08 3105.77 3139.67 3179.02 3200.06 3189.97 3162.11 3142.63 3135 3146.51 3176.49 3258.53 3297.26 3345.5 3395.81
3862.11 3852.52 3844.88 3837.91 3831.35 3824.7 3818.52 3812.82 3807.59 3805.27 3807.6 3809.1 3809.19 3808.4 3807.23 3810.34 3821.31 3823.88 3829.39 3841.99 3855.85 3867.72 3877.55 3883.49 3884.68 3885.2 3883.75 3889.87 3896.76 3904.06 3911.96 3925.85 3937.54 3946.28 3940.85 3940.63 3955.44 3967.47 3948.41 3919.81 3885.91 3850.44 3805.34 3749.04 3676.66 3572.92 3415.64 3284.97 3188.15 3107.36 3071.61 3079.58 3112.78 3145.54 3194.48 3249.33 3247.1 3223.11 3217.49 3208.02 3208.94 3191.96 3189.61 3238.65 3306.73 3328.63 3350.59
3864.77 3855.02 3842.86 3835.34 3829.32 3823.47 3817.56 3812.88 3809.43 3810.58 3811.89 3811.43 3810.69 3808.59 3804.76 3802.86 3806.53 3812.88 3825.15 3838.55 3851.59 3863.19 3872.1 3876.2 3873.54 3868.03 3871.07 3879.72 3888.28 3897.94 3906.14 3913.43 3921.88 3926.97 3936.26 3944.57 3966.98 3980.09 3950.68 3912.72 3874.57 3827.4 3773.76 3709.42 3626.82 3517.74 3378.76 3258.78 3154.72 3066.41 3044.41 3071.32 3127.57 3177.54 3248.76 3341.49 3339.88 3285.96 3279.24 3271.6 3258.11 3228.96 3202.14 3232.14 3299.32 3309.76 3328.34
3860.29 3844.83 3838.6 3833.27 3827.9 3822.59 3817.79 3814.19 3812.83 3813.13 3814.3 3815.59 3815.78 3814.33 3812.94 3810.15 3808.4 3810.83 3821.7 3834.67 3848.13 3860.2 3869.79 3872.99 3865.98 3858.4 3865.56 3871.21 3879.74 3886.88 3890.55 3900.64 3911.29 3922.99 3934.17 3936.23 3957.25 3963.3 3939.06 3903.33 3858.01 3805.56 3746.25 3675.21 3587.37 3474.12 3336.93 3223.5 3123.01 3033.76 3021.24 3055.54 3117.94 3186.56 3278.12 3380.38 3405.28 3353.34 3334.67 3332.48 3313.54 3247.62 3199.58 3212.19 3252.78 3278.12 3310.02
3863.34 3845.15 3839.16 3833.96 3828.8 3823.78 3819.34 3815.88 3813.92 3815.37 3817.57 3822.42 3824.64 3825.15 3829.96 3825.03 3815.96 3816.53 3820.87 3831.86 3845.11 3858.51 3868.08 3870.08 3864.96 3856.93 3857.14 3864.94 3872.22 3880.39 3881.83 3890.66 3902.92 3916.04 3923.74 3926.51 3938.27 3937.17 3921.45 3888.42 3845.83 3793.34 3728.57 3651.63 3560.68 3436.82 3291.05 3155.61 3073.23 3007.34 3000.01 3031.25 3092 3160.44 3234.13 3313.33 3345.63 3349.89 3353.39 3364.98 3350.4 3263.03 3202.05 3196.04 3216.99 3246.78 3287.51
3865.85 3852.5 3843.9 3837.68 3831.81 3826.61 3821.55 3818.31 3819.04 3822.77 3828.11 3832.24 3834.96 3840.04 3847.81 3838.63 3819.98 3810.84 3818.47 3829.05 3842.21 3856.23 3869.75 3873.3 3867.6 3863.77 3858.55 3864.22 3865.97 3865.61 3870.58 3882.08 3898.33 3913.35 3917.9 3916.08 3926.53 3922.4 3909.01 3881.98 3846.04 3793.65 3724.89 3640.27 3537.32 3414.72 3273.55 3140.4 3043.51 2984.15 2977.9 3000.12 3055.5 3115.02 3180.75 3240.65 3273.1 3311.26 3335.98 3350.12 3329.29 3256.04 3200.43 3188.18 3198.51 3222.04 3266.45
3870.22 3858.94 3849.45 3842.45 3835.94 3829.93 3824.51 3820.02 3818.8 3829.87 3842.17 3840.44 3840.44 3845.16 3850.24 3840.6 3825.17 3814.59 3816.95 3825.39 3836.67 3850.49 3862.16 3868.15 3868.56 3867.55 3869.16 3868.12 3863.12 3857.86 3857.93 3876.07 3892.45 3908.02 3914.3 3917.41 3921.45 3916 3907.83 3888.56 3859.07 3811.74 3743.49 3651.45 3538.37 3413.37 3283.12 3162.71 3049.71 2992.5 2973.91 2968.73 3017.96 3069.91 3115.8 3198.26 3244.94 3275.48 3303.14 3313.08 3278.62 3223.99 3190.09 3177.98 3179.16 3201.76 3249.76
3875.46 3864.97 3855.62 3848.08 3841.04 3834.71 3829.12 3824.57 3825.45 3832.41 3841.1 3839.89 3837.82 3835.68 3836.98 3834.62 3826.77 3815.35 3816.88 3822.56 3831.37 3840.88 3853.87 3861.48 3867.75 3874.79 3879.87 3873.53 3866.71 3856.88 3861.46 3881.96 3899.13 3922.34 3922.65 3913.9 3915.75 3913.99 3911.17 3899.36 3879.47 3842.49 3784.18 3690.58 3562.73 3444.82 3309.69 3177.7 3078.29 3022.72 3005.22 3003.21 3020.94 3046 3074.67 3121.31 3186.77 3232.8 3266.73 3281.11 3250.94 3203.82 3183.44 3166.89 3161.72 3198.9 3253.56
