real_craters/C077-500m.grd
DSAA
115 115
-28.5775 28.5775
-28.5775 28.5775
2968.7259571053 4307.2755333574
[rows 60 to 89 of 115, columns 0 to 66 of 115]
3877.44 3869.55 3861.53 3853.27 3846.19 3840.21 3835.05 3830.6 3829.44 3832.49 3833.42 3834.37 3833.32 3829.04 3826.72 3827.3 3824.98 3818.77 3817.19 3819.34 3822.56 3826.66 3832.11 3848.8 3865.03 3880.39 3888.45 3877.54 3875.33 3879.66 3883.29 3899 3908.14 3910.64 3913.52 3900.66 3901.82 3912.59 3920.09 3919.78 3909.87 3887.52 3846.62 3776.99 3665.13 3517.45 3357.48 3218.53 3109.3 3060.23 3049.65 3056.24 3038.81 3037.63 3048.29 3079.12 3135.79 3188.38 3227.89 3253.21 3226.74 3184.95 3163.72 3160 3169.48 3229.64 3281.4
3874.94 3869.11 3862.23 3856.25 3851.27 3846.49 3841.93 3838.28 3836.3 3835.14 3834.69 3834.18 3832.33 3829.49 3826.66 3823.93 3819.21 3818.08 3817.35 3816.01 3815.6 3815.84 3820.2 3839.6 3860.9 3877.56 3879.11 3873.66 3885.16 3889.54 3895 3916.37 3941.24 3918.31 3914.35 3898.67 3904.47 3918.2 3933.2 3941.34 3944.83 3938.88 3921.43 3883.71 3791.3 3611.21 3418.64 3261.23 3152.16 3106.57 3081.5 3054.74 3035.99 3033.6 3038.92 3068.34 3113.42 3150.93 3183.79 3206.02 3183.55 3147.65 3140.92 3153.3 3193.17 3260.93 3319.62
3872.58 3866.9 3859.11 3859.39 3856.51 3852.24 3848.12 3844.09 3841.02 3838.83 3837.79 3836.1 3833.37 3831.26 3826.55 3824.52 3822.05 3820.35 3818.52 3815.52 3812.66 3811.22 3815.69 3834.96 3857.77 3881.66 3901.55 3883.23 3891.17 3899.76 3896.72 3905.19 3913.59 3904.75 3911.4 3902.49 3910.98 3923.36 3941.05 3953.37 3969.62 3981.42 3981.87 3970.94 3889.97 3703.58 3502.86 3344.75 3241.64 3168.35 3114 3065.42 3040.9 3035.44 3037.45 3055.73 3087.16 3115.84 3135.33 3141.87 3131.94 3115.79 3124.19 3157.27 3226.3 3309.56 3359.73
3868.17 3868.08 3870.49 3866.13 3862.35 3858.7 3854.74 3849.32 3846.19 3842.59 3837.94 3834 3834.6 3834.23 3830.18 3827.67 3826.71 3824.55 3820.52 3816.13 3813 3811.89 3817.37 3832.64 3852.28 3873.2 3891.09 3893.31 3887.72 3885.65 3880.52 3877.24 3884.68 3901.72 3905.8 3898.64 3907.26 3919.76 3939.38 3962.13 3988.05 4010.35 4026.38 4017.88 3942.32 3792.55 3609.49 3454.48 3346.65 3245.49 3159.46 3087.09 3053.39 3046.31 3045.13 3053.05 3072.8 3092.1 3098.95 3096.52 3094.25 3092.28 3122.04 3174.83 3270.58 3345.22 3404.87
3860.28 3866.78 3871.61 3870.33 3867.45 3864.51 3861.5 3861.29 3852.97 3846.87 3841.71 3838.6 3835.86 3835.69 3832.14 3829.25 3829.31 3825.79 3821.22 3816.17 3813.86 3813.82 3818.66 3831.16 3845.62 3859.61 3870.45 3890.47 3884.4 3869.67 3863.92 3854.85 3869.28 3897.06 3894.91 3891.74 3889.13 3906.37 3928.44 3954.03 3984.78 4016.22 4049.55 4077.78 4014.57 3885.45 3732.08 3571.11 3441.89 3326.06 3217.09 3125.72 3083.55 3076.94 3066.11 3067.25 3077.52 3089.56 3090.03 3085.02 3087.63 3096.46 3145.72 3226.92 3329.66 3400.81 3471.44
3854.55 3862.94 3868.37 3870.7 3870.84 3869.15 3865.07 3857.83 3856.37 3851.13 3844.67 3835.9 3834.96 3830.34 3824.83 3825.82 3827.91 3822.58 3817.78 3814.99 3814.13 3817.45 3822.66 3829.4 3839.85 3851.16 3861.35 3883.09 3881.81 3872.38 3859.49 3848.67 3859.18 3881.72 3883.49 3868.88 3865.23 3885.48 3911.57 3936.24 3965.59 3996.88 4029.24 4068.26 4036.55 3959.42 3865.07 3690.18 3538.91 3416.29 3298.62 3202.37 3166.19 3143.83 3117.18 3095.15 3111.46 3121.36 3118.01 3116.35 3124.57 3131.63 3206.23 3300.57 3393.14 3461.8 3571.38
3852.08 3860.02 3867.43 3871.32 3873.31 3874.78 3874.54 3871.19 3863.24 3855.66 3847.92 3842.31 3836 3829.91 3822.56 3819.29 3819.36 3817.37 3815.07 3813.88 3813.06 3813.32 3818.97 3827.08 3836.54 3847.96 3860.54 3879.68 3879.3 3868.35 3860.23 3860.14 3859.25 3862.9 3866.92 3865.17 3855.32 3872.71 3894.22 3915.2 3938.39 3958.35 3974.3 3984.94 4006.03 4003.3 3970.25 3830.83 3676.15 3539.56 3422.02 3322.7 3274.85 3248.89 3222.45 3213.23 3203.08 3193.02 3184.16 3192 3221.57 3259.36 3304.66 3356.31 3469.04 3601.91 3709.53
3851.13 3858.23 3863.57 3868.3 3874.96 3879.81 3881.36 3877.25 3870.11 3859.73 3849.9 3841.18 3836.01 3833.95 3819.82 3812.24 3813.67 3814.96 3816.62 3814.63 3813.44 3813.46 3817.82 3826.31 3835.21 3845.51 3857.53 3868.93 3865.8 3858.34 3855.5 3855.17 3853.13 3856.01 3862.37 3865.6 3855.96 3865.26 3876.99 3891.07 3908.78 3920.58 3926.88 3935.89 3982.4 4020.37 4027.21 3998.01 3880.92 3707.5 3564.36 3456.17 3395.76 3375.18 3347.23 3340.51 3309.13 3290.28 3273.1 3286.42 3330.95 3374.82 3394.95 3449.53 3560.15 3711.77 3835.72
3851.19 3858.27 3864.11 3869.85 3877.41 3883.45 3891.14 3889.45 3873.82 3861.75 3850.43 3839.53 3833.79 3829.07 3816.86 3808.29 3811.89 3815.42 3816.97 3816.61 3815.71 3815.86 3819.76 3826.11 3833.72 3841.71 3848.91 3854.48 3848.61 3845.98 3847.84 3846.93 3841.54 3856.48 3865.91 3868 3861.24 3860.69 3866.72 3874.37 3883.97 3890.22 3895.16 3910.42 3970.08 4028.44 4051.65 4026.57 3999.63 3876.42 3724.77 3611.28 3529.36 3507.18 3481.99 3461.72 3434.9 3408.28 3389.44 3401.42 3433.79 3480.42 3527.32 3602.16 3698.92 3818.38 3954.48
3852.15 3860.03 3868.65 3876.81 3879.77 3881.81 3882.05 3879.73 3871.5 3861.16 3850.73 3841.32 3833.16 3824.99 3818.64 3814.07 3816.5 3819.66 3821.16 3820.97 3819.07 3818.48 3821.64 3826.72 3832.16 3836.55 3838.63 3837.7 3835.99 3840.05 3844.41 3843.99 3842.61 3849.89 3858.92 3860.79 3848.29 3855.12 3859.45 3864.33 3868.36 3870.98 3879.67 3907.08 3956.65 4026.63 4062.19 4009.69 4032.32 4021.54 3920.05 3783.33 3678.15 3628.93 3581.69 3566.32 3560.4 3530.12 3530.71 3542.15 3567.87 3642.79 3741.5 3784.41 3829.58 3983.77 4039.9
3852.48 3860.16 3869.73 3879.03 3878.92 3877.47 3873.83 3871.12 3866.85 3859.63 3850.62 3840.84 3831.89 3827.02 3824.95 3824.45 3825.77 3826.19 3828.49 3826.29 3822.68 3821.31 3823.89 3827.08 3829.91 3831.75 3832.91 3831.73 3831.45 3838.61 3844.39 3849.21 3844.46 3844.85 3847.69 3846.11 3842.8 3852.7 3855.75 3857.33 3858.23 3859.92 3860.8 3879.74 3923.85 3972.33 4030.81 4090.88 4040.44 4037.3 4022.16 3889.82 3781.64 3718.04 3677.57 3646.55 3620.27 3623.22 3655.24 3686.39 3731.07 3818.24 3934.47 3952.85 3968.94 4005.51 3951.06
3850.07 3857.78 3866.41 3872.18 3874.55 3872.81 3870.47 3867.62 3864.54 3859.53 3852.55 3842.31 3829.77 3826.67 3831.98 3838.95 3833.89 3830.53 3828.27 3826.2 3825.88 3825.58 3827.2 3828.89 3830.21 3830.74 3830.64 3831.51 3834.77 3837.47 3841.62 3847.21 3848.4 3841.56 3840.68 3842.77 3850.22 3852.48 3852.9 3853.08 3854.13 3855.63 3854.78 3865.76 3890.65 3912.25 3955.86 3992.78 3985.2 3963.03 3967.28 3910.7 3831 3772.28 3735.53 3715.13 3688.67 3713.55 3723.59 3817.64 3894.76 3943.13 3999.82 4008.15 4007.57 3957.16 3890.07
3845.99 3853.63 3862.44 3869.96 3872.08 3868.22 3862.27 3863.71 3864.03 3862.53 3859.51 3853.6 3847.93 3843.01 3840.49 3837.67 3837.11 3834.28 3829.33 3827.13 3830.54 3831.88 3830.63 3831.07 3832.08 3833.29 3833.04 3831.92 3835.63 3838.94 3841.34 3844.2 3848.41 3841.5 3837.83 3839.4 3848.95 3852.82 3850.01 3851.34 3855 3859.56 3868.5 3871.1 3874.4 3882.13 3906.23 3927.49 3929.17 3916.28 3924.26 3914.58 3892.75 3839.03 3788.01 3823.96 3849.31 3890.88 3913.87 3961.31 4016.37 4000.38 3978.58 3950.76 3914.03 3887.18 3854.04
3841.07 3848.6 3858.02 3868.08 3870.61 3866.98 3861.23 3864.16 3865.87 3867.5 3868.4 3869.45 3870.39 3864.07 3853.04 3845.29 3843.95 3840.75 3836.57 3834.34 3833.29 3832.7 3830.81 3829.44 3829.84 3833.21 3836.85 3839.87 3836.78 3849.18 3854.25 3857.49 3856.52 3848.89 3839.68 3837.88 3838.37 3839.82 3843.15 3848.11 3854.93 3864.7 3875.04 3873.35 3867.61 3865.97 3885.17 3899.15 3899.55 3894.23 3901.17 3917.85 3947.8 3984.39 3955.5 3947.41 4008.78 4031.11 4045.84 4043.78 4073.94 4007.28 3946.16 3899.94 3869.84 3847.97 3831.24
3836.85 3843.73 3851.71 3858.94 3863.74 3867.95 3874.19 3868.38 3868.21 3870.38 3876.27 3881.69 3885.28 3879.29 3867.26 3857.98 3854.41 3849.59 3843.45 3837.16 3836.37 3833.1 3830.22 3829.06 3829.45 3831.16 3835.86 3843.93 3848 3857.2 3862.72 3867.84 3870.93 3865.22 3853.2 3847.11 3845.42 3833.88 3839.38 3846.87 3854.68 3863.42 3870.85 3869.59 3866.1 3865.89 3874.92 3883.31 3886.04 3887.01 3886.81 3907.67 3926.55 3929.91 3947.76 3971.86 4004.53 3995.18 3989.63 3999.81 3990.6 3955.2 3902.99 3858.71 3837.54 3824.24 3817.84
3835.24 3840.21 3845.88 3850.84 3855.4 3860.61 3866.3 3866.22 3867.68 3871.97 3878.64 3888.67 3900.29 3893.79 3882.47 3874.45 3869.15 3860.01 3850.51 3843.13 3832.14 3828.97 3828.1 3827.61 3827.21 3827.94 3830.14 3837.4 3854.52 3858.73 3861.85 3874.81 3882.28 3878.56 3863.95 3859.91 3854.18 3841.21 3843.06 3848.3 3853.33 3857.93 3865.54 3864.29 3864.49 3864.15 3863.51 3869.93 3877.55 3884.78 3889.27 3897.17 3903.79 3899.53 3914.27 3941.75 3950.46 3943.97 3940.01 3933.28 3911.99 3889.21 3858.28 3825.36 3818.11 3810.8 3808.31
3836.92 3839.43 3842.51 3844.3 3844.9 3848.87 3853.05 3859.01 3863.74 3868.22 3875.73 3885.68 3897.23 3897.54 3895.95 3891.8 3884.85 3868.8 3854.01 3840.68 3828.49 3826.65 3827.23 3827.06 3825.83 3824.54 3823.15 3826.8 3849.42 3856.85 3865.89 3880.57 3883.39 3882.43 3881.26 3879.29 3880.91 3870.61 3855.45 3853.65 3854.37 3853.82 3852.1 3859.1 3861.47 3860.51 3857.17 3863.2 3871.71 3878.87 3885.86 3893.72 3901.42 3911.04 3913.52 3918.32 3920.17 3914.12 3902.57 3893.23 3871.1 3843.76 3831.74 3822.1 3817.14 3813.48 3813.54
3840.76 3841.15 3842.11 3842.95 3844.27 3843.3 3846.65 3853 3858.65 3863.63 3868.86 3874.29 3880.4 3891.87 3895.97 3894.17 3886.95 3872.38 3855.91 3839.62 3831.47 3829.91 3829.27 3827.99 3825.94 3823.15 3822.06 3825.02 3836.35 3870.67 3885.34 3905.99 3902.88 3894.52 3892.59 3890.14 3895.35 3884.72 3865.03 3859.84 3858.84 3858.62 3859.34 3862.44 3863.71 3862.04 3861.69 3863.53 3868.7 3875.34 3884.04 3893.7 3897.95 3901.78 3905.32 3900.27 3890.28 3873.37 3867.45 3853.73 3839.76 3826.54 3819.78 3816.55 3820.14 3828.1 3829.14
3845.88 3844.38 3843.58 3843.5 3843.49 3842.89 3844.9 3849.67 3854.34 3858.66 3862.42 3865.11 3870.89 3886.01 3887.91 3887.67 3884.67 3872.67 3859.25 3845.85 3840.19 3837.17 3834.44 3831.93 3829.05 3825.52 3823.9 3825.51 3830.11 3863.01 3885.91 3898.66 3904.16 3893.6 3885.7 3887.77 3886.5 3873.97 3868.7 3865.94 3864.73 3866.57 3868.69 3869.18 3870.73 3869 3865.24 3865.49 3867.87 3872 3887.5 3896.6 3894.62 3894.91 3894.23 3888.78 3878.02 3864.65 3852.82 3838.53 3827.21 3819.96 3815.01 3813.24 3818.39 3828.46 3821.53
3850.46 3847.12 3845.13 3844.63 3845.29 3845.22 3845.42 3847.41 3850.68 3854.65 3858.26 3862.09 3870.39 3884.87 3881.1 3880.77 3876.99 3872.68 3864.39 3855.28 3848.64 3845.08 3841.38 3838.06 3834.55 3831.43 3828.85 3831.36 3832.51 3856 3882.91 3889.89 3886.88 3884.82 3882.58 3883.11 3885 3890.73 3879.81 3871.91 3868.13 3866.31 3869.47 3874.72 3877.96 3874.44 3869.6 3867.66 3869.27 3875.24 3888.37 3892.75 3887.98 3884.36 3886.52 3883.81 3876.03 3864.14 3850.34 3836.64 3821.59 3815.29 3814.13 3813.43 3812.24 3807.8 3804.76
3849.84 3847.09 3844.85 3843.94 3844.92 3845.46 3843.82 3844.46 3846.87 3850.46 3855.05 3861.5 3869.86 3876.21 3874.29 3878.13 3879.97 3876.88 3870.19 3862.16 3856.01 3852 3848.63 3844.4 3840.89 3837.84 3835.5 3833.77 3834.65 3848.28 3876.69 3893.56 3889.16 3878.55 3873.69 3877.51 3878.72 3877.02 3874.78 3872.73 3868.35 3864.53 3868.64 3876.88 3886.37 3876.57 3867.88 3869.31 3871.73 3874.34 3880.5 3881.64 3880.23 3884.58 3887.29 3882.76 3874.97 3864.83 3849.42 3833.25 3818.48 3814.99 3816.81 3816.53 3811.5 3809.43 3809.29
3846.56 3844.77 3842.45 3840.58 3838.96 3838.32 3838.94 3840.21 3842.19 3845.5 3851.02 3859.18 3867.23 3873.08 3874.21 3879.82 3884.22 3882.23 3875.14 3869.67 3866.38 3858.94 3853.91 3849.64 3846.5 3843.84 3841.68 3838.12 3839.43 3845.78 3862.48 3876.75 3879.29 3882.31 3877.88 3872.25 3871.36 3871.48 3874.02 3871.55 3867.95 3866.24 3868.11 3873.03 3875.98 3871.24 3867.78 3871.75 3877.43 3881.51 3880.32 3876.75 3873.19 3877.18 3883.76 3883.02 3877.24 3862.98 3849.07 3832.43 3815.86 3816.07 3822.54 3825.75 3813.47 3814.73 3816.66
3844.83 3841.85 3838.93 3836.09 3833.37 3832.05 3833.68 3835.26 3837.3 3840.24 3844.61 3851.48 3860.43 3868.44 3876.72 3882.31 3886.08 3883.46 3874.66 3870.33 3869.86 3859.77 3855.59 3852.49 3850.62 3849.49 3848.91 3845.46 3847.35 3853.44 3849.1 3851.06 3855.58 3862.72 3865.45 3864.05 3863.29 3866.45 3872.8 3867.41 3866.9 3869.46 3867.42 3866.9 3865.35 3865.15 3867.41 3873.56 3880.54 3883.96 3882.34 3875.83 3870.1 3871.97 3880.45 3882.3 3882.28 3869.92 3853.94 3840.52 3821.09 3820.16 3823.81 3823.65 3817.86 3815.41 3819.97
3839.75 3837.74 3835.25 3832.09 3828.6 3828.08 3829.41 3831.45 3833.06 3835.13 3837.46 3839.87 3852.38 3868.25 3878.76 3880.87 3881.71 3877.54 3866.56 3855.75 3851.33 3853.1 3854.71 3853.84 3852.92 3852.5 3852.99 3852.6 3853.18 3856.79 3844.81 3846.87 3848.6 3846.37 3851.44 3853.8 3852.91 3849.7 3846.57 3855.55 3860.99 3865.28 3863.86 3861.59 3859.94 3862.05 3867.81 3874.76 3881.71 3883.95 3880.99 3873.84 3871.23 3873.77 3883.05 3882.92 3874.64 3867.03 3859.04 3847.45 3831.85 3829.47 3827.26 3823.93 3819.8 3818.26 3823.52
3835.85 3834.34 3832.51 3829.93 3826.75 3825.45 3827.4 3828.51 3829.67 3830.9 3832.8 3836.83 3847.23 3862.14 3873.54 3875.49 3873.09 3867.52 3858.37 3847.69 3846.37 3851.05 3855.08 3855.86 3854.67 3853.25 3852.9 3851.87 3851.26 3852.76 3850.72 3846.99 3847.63 3848.16 3848.16 3848.49 3846.73 3841.53 3841.16 3851.91 3855.81 3855.96 3859.78 3860.75 3862.53 3866.85 3871.36 3875.93 3879.66 3881.42 3880.6 3875.5 3874.96 3881.26 3891.21 3889.52 3881.06 3884.34 3883.91 3867.98 3855.07 3843.46 3835.56 3829.48 3824.76 3823.56 3825.95
3833.74 3832.36 3831.46 3829.88 3828.27 3828.21 3827.09 3826.74 3826.73 3827.06 3828.53 3832.49 3839.95 3853.12 3870.25 3867.28 3863.76 3859.32 3855.01 3852.58 3853.92 3857.91 3860.04 3859.44 3857.09 3852.74 3847.31 3846.99 3845.53 3841.09 3838.54 3837.86 3843.45 3848.95 3848.18 3848.18 3847.64 3847.7 3853.82 3858.21 3857.92 3858.52 3860.06 3863.24 3866.47 3871.76 3875.8 3879.34 3878.84 3881.32 3881.09 3879.06 3886.55 3892.58 3898.16 3898.37 3897.76 3900.66 3900.6 3889.55 3873.68 3857.62 3844.92 3836.89 3832.27 3829.74 3827.49
3833.46 3832.57 3831.51 3830.67 3830.25 3828.34 3826.49 3825.45 3824.73 3824.25 3824.16 3825.75 3830.3 3834.85 3850.28 3854.52 3855.29 3853.56 3853.6 3856.83 3866.14 3870.69 3867.13 3864.74 3861.86 3856.87 3849.63 3847.04 3843.44 3840.09 3838.61 3847.25 3846.02 3843.85 3848.27 3850.18 3851.89 3854.27 3857.04 3861.02 3859.16 3859.46 3861.53 3865.62 3868.52 3870.96 3881.45 3889.35 3892.64 3890.12 3885.35 3882.33 3891.65 3897.97 3902.57 3912.12 3917.38 3911.94 3909.08 3900.82 3887.36 3870.43 3854.05 3844.88 3840.59 3836.8 3833.23
3833.27 3832.09 3831.8 3831.34 3830.44 3828.61 3826.23 3824.47 3823.35 3822.31 3821.63 3822.54 3824.66 3828.52 3832.14 3844.31 3852.07 3854.47 3859.2 3861.52 3871.67 3873.23 3872.51 3870.72 3868.62 3865.82 3860.48 3852.85 3846.24 3841.21 3848.32 3856.35 3851.97 3849 3851.39 3854.58 3857.53 3860.6 3862.63 3865.55 3861.14 3860.84 3863.9 3865.18 3870.73 3879.26 3890.6 3902.03 3909.71 3903 3893.27 3885.27 3888.93 3897.5 3906.32 3919.78 3925.06 3919.53 3910.99 3910.04 3898.56 3882.71 3866.85 3854.15 3842.21 3833.08 3833.79
3834.02 3833.08 3832.53 3832.2 3830.86 3827.92 3825.08 3823.88 3823 3822.19 3820.94 3820.42 3823.03 3826.18 3831.47 3844.97 3857.03 3868.92 3882.94 3890.17 3884.31 3878.42 3879.52 3876.89 3874.09 3872.16 3866.34 3859.29 3854.63 3852.02 3851.83 3856.3 3854.86 3853.99 3855.98 3859.98 3864.28 3868.19 3871.16 3871.17 3872.27 3871.94 3872.41 3872.44 3877.26 3887.66 3900.59 3912.59 3918.45 3914.09 3904.15 3892.31 3891.77 3895.63 3898.53 3902.61 3910.81 3915.94 3927.05 3919.44 3908.96 3893.2 3878.72 3865.5 3853.08 3844.44 3838.63
3835.95 3833.97 3833.35 3833.66 3833.27 3828.44 3824.96 3824.15 3823.71 3823.73 3825.09 3825.5 3825.16 3828.5 3840.53 3851.21 3864.93 3881.86 3902.73 3909.94 3901.83 3898.88 3889.2 3882.35 3876.98 3872.43 3866.57 3863.59 3861.61 3859.43 3855.54 3854.53 3855.3 3856.45 3858.88 3863.57 3869.84 3875.99 3880.07 3882.61 3881.96 3884.25 3886.12 3887.41 3886.82 3895.66 3911.46 3924.35 3929.97 3927.09 3918.96 3906.29 3899.61 3896.04 3889.9 3883.07 3888.39 3896.97 3914.29 3929.74 3912.37 3898.78 3887.43 3877.07 3868.73 3862.58 3855.46
