real_craters/C077-500m.grd
DSAA
115 115
-28.5775 28.5775
-28.5775 28.5775
2968.7259571053 4307.2755333574
[rows 0 to 29 of 115, columns 0 to 66 of 115]
3969.6 3968.15 3967.2 3966.85 3966.31 3965.94 3966.88 3966.99 3965.32 3964.1 3963.81 3963.5 3963.28 3962.98 3962.28 3961.46 3961.6 3960.64 3958.31 3954.18 3952.25 3951.44 3952.13 3953.62 3953.75 3951.9 3949.95 3948.95 3955.83 3965.1 3973.13 3978.71 3978.77 3975.01 3968.49 3962.89 3958.02 3957.37 3966.89 3977.65 3981.42 3957.19 3949.75 3957.2 3954.15 3951.63 3950.41 3951.8 3955.25 3961.12 3966.82 3971.35 3956.22 3933.95 3917.63 3920.37 3907.87 3907.45 3909.19 3906.16 3911.29 3918.35 3924.19 3914.17 3909.47 3905.43 3901.65
3968.44 3967.42 3965.56 3965.32 3964.95 3964.29 3964.89 3966.04 3965.13 3964.63 3963.38 3963.12 3962.99 3962.8 3962.51 3961.59 3960.95 3959.87 3958.67 3954.75 3951.69 3950.43 3951.35 3953.22 3953.88 3950.77 3949.43 3950.09 3959.58 3973.34 3980.33 3981.8 3978.98 3973.7 3968.6 3964.16 3960.88 3957.82 3961.3 3967.54 3981.39 3980.86 3970.65 3967.66 3964.37 3963.91 3962.15 3960.93 3966.32 3972.03 3975.16 3978.46 3968.8 3949.63 3935.82 3935.33 3922.92 3907.44 3905.43 3902.43 3915.4 3935.53 3931.64 3911.26 3909.89 3910.94 3910.52
3966.77 3964.78 3965.49 3964.96 3964.33 3964.02 3964.84 3965.23 3964.4 3963.04 3962.83 3962.74 3962.57 3962.45 3962.82 3962.7 3960.56 3959.3 3958.13 3953.36 3951.1 3950.18 3950.17 3950.68 3950.3 3948.36 3947.84 3952.32 3969.94 3990.54 3994.22 3988.76 3982.72 3975.87 3969.63 3965.07 3963.67 3961.96 3956.97 3958.46 3979.46 4005.15 4010.3 3996.58 3981.33 3980.19 3978.76 3975.11 3981.46 3984.34 3982.81 3967.88 3973.84 3978.67 3966.23 3950.87 3941.8 3916.49 3905.34 3904.48 3915.68 3929.42 3920.87 3911.83 3915.63 3921.69 3925.24
3966.34 3965.3 3964.89 3964.47 3964.07 3963.96 3964.6 3964.95 3964.16 3962.95 3962.45 3962.33 3962.06 3961.48 3960.48 3959.89 3959.21 3958.01 3955.81 3952.18 3949.77 3948.92 3948.83 3948.08 3947.27 3946.09 3946.06 3953.8 3980.55 3996.73 3998.87 3992.48 3984.98 3977.22 3970.27 3963.79 3961.1 3961.09 3954.35 3952.89 3976.15 4014.68 4034.13 4024.71 4008.72 4000.95 3998.99 4003.2 4001.41 3999.97 4001.47 4009.4 4004.09 3998.46 3979.72 3963.55 3951.92 3934.53 3911.47 3915.36 3920.05 3916.66 3913.34 3914.31 3923.66 3935.57 3945.81
3965.41 3964.44 3963.95 3963.71 3963.65 3963.79 3964.83 3965.03 3964.32 3963.14 3962.54 3962.07 3961.53 3960.89 3959.88 3959.06 3958.54 3957.01 3954.52 3951.44 3948.85 3948.07 3948.3 3948.78 3947.55 3945.86 3945.38 3949.96 3971.6 3989.06 3995.28 3992.27 3985.84 3978.55 3970.81 3961.63 3956.14 3960.41 3956.31 3949.99 3974.59 4009.39 4028.66 4026.19 4025.06 4012.91 4009.65 4013.4 4012.1 4008.95 4011.78 4017.35 4014.14 4002.79 3991.16 3971.13 3959.28 3948.78 3933.28 3931.33 3934.01 3934.69 3922.94 3915.45 3929.64 3948.41 3964.37
3964.33 3963.5 3963.53 3963.65 3963.25 3963.02 3964.47 3965.3 3964.5 3964.12 3963.18 3961.83 3961.12 3960.75 3960.83 3959.87 3958.74 3957.37 3954.22 3950.38 3949.33 3948.4 3947.51 3947.8 3947.64 3947.3 3947.72 3950.82 3960.61 3986.64 3991.18 3989.8 3985.84 3980.59 3974.63 3966.17 3959.49 3971.76 3972.78 3966.56 3966.04 3991.19 4007.25 4007.61 4008.88 4004.78 4005.31 4009.71 4009.62 4007.48 4007.67 4009.29 4009.38 4006.04 3995.76 3973.84 3964.39 3964.86 3954.91 3953.92 3960.03 3969.5 3957.08 3933.57 3942.18 3959.14 3974.7
3963.48 3963.07 3963.53 3963.85 3962.76 3962.26 3963.79 3964.74 3963.51 3962.4 3961.25 3960.85 3960.49 3960.06 3959.4 3959.31 3958.96 3958.81 3959.33 3954.29 3950.42 3948.72 3947.1 3947.81 3948.63 3950.59 3953.4 3956.58 3960.37 3979.43 3986.82 3987.77 3986.27 3983.74 3983.08 3985.51 3994.12 3997.6 3997.48 3999.16 3983.79 3989.73 3990.7 3983.5 3984.5 3986.5 3992.25 3996.47 3998.44 4000.31 3999.38 3998.24 4001.95 4002.74 3996.64 3985.72 3980.36 3983.2 3972.89 3971.42 3976.59 3986.22 3980.57 3968.77 3957.74 3963.85 3972.56
3964.42 3963.75 3963.55 3963.14 3961.65 3960.46 3961.92 3962.68 3961.21 3960.09 3959.46 3959.6 3959.47 3959.23 3958.53 3958.73 3958.77 3958.82 3959.17 3955.8 3950.95 3949.25 3947.27 3947.44 3951.57 3956.76 3962.19 3970.06 3977.84 3979.48 3984.75 3985.92 3985.28 3985.55 3988.93 3999.67 4020.4 4014.24 4005.4 4004.32 4006.5 4000.67 3987.11 3972.67 3965.89 3971.13 3980.28 3987.97 3992.91 3993.38 3991.75 3991.52 3994.14 3997.22 3998.63 3997.12 3987.12 3992.81 3981.83 3983.28 3992 4001.07 4009.74 3999.16 3979.45 3965.47 3952.48
3965.59 3964.53 3963.59 3962.1 3960.72 3958.82 3957.92 3958.13 3957.97 3958.43 3959 3958.63 3958.49 3958.69 3959.27 3958.31 3957.9 3957.06 3955.45 3953.58 3952.82 3951.71 3949.83 3949.58 3957.81 3965.18 3971.24 3977.2 3983.98 3985.74 3982.58 3981.26 3981.97 3982.05 3986.69 3992.89 4004.9 4005.28 3996.86 3996.32 4000.04 3997.67 3983.87 3971.03 3963.77 3962.89 3971.97 3982.09 3989.71 3988.31 3983.29 3981.12 3984.57 3988.39 3992.21 3997.21 3994.92 3992.04 3988.8 3985.64 3987.76 3991.8 3999.14 3997.62 3983.27 3966.01 3945.33
3964.55 3964.74 3964.17 3963.25 3961.94 3959.17 3954.88 3951.61 3955.1 3956.78 3958.11 3957.5 3957.05 3956.81 3956.88 3957.62 3957.82 3957.38 3955.37 3954.93 3953.54 3956.66 3958.99 3962.01 3969.97 3976.02 3980.09 3981.25 3978.33 3980.26 3980.93 3980.35 3979.35 3980.47 3982.09 3986.11 3996.79 3989.44 3977.98 3976.81 3982.95 3983.67 3976.39 3967.58 3961.02 3958.51 3965.19 3975.74 3987.42 3983.08 3979.45 3975.28 3972.86 3973.12 3973.15 3978.74 3984.34 3979.11 3979.02 3977.5 3979.73 3980.03 3982.48 3982.27 3969.79 3968.92 3958.71
3966.39 3965.03 3964.34 3964.91 3962.4 3959.02 3956.16 3955.71 3954.82 3955.41 3955.44 3955.9 3955.66 3954.7 3955.3 3957.57 3959.49 3960.15 3958.83 3954.24 3954.38 3964.51 3976.67 3983.61 3985.99 3988.66 3990.78 3991.48 3989.31 3982.01 3983.42 3982.82 3980 3979 3978.55 3983.35 3985.68 3975.67 3957.29 3957.37 3965.33 3965.35 3964.44 3960.69 3954.69 3951.82 3957.21 3963 3967.04 3970 3974.53 3968.43 3958.51 3951.55 3950.31 3957.59 3966.42 3972.92 3974.95 3969.36 3965.52 3969.12 3971.81 3969.49 3963.24 3974.19 3982
3963.83 3963.76 3962.74 3960.92 3958.99 3956.81 3955.91 3955.21 3954.78 3955.24 3955.73 3956.31 3955.48 3953.86 3955.03 3959.28 3963.18 3966.26 3968.19 3967.34 3961.34 3975.9 3992.24 4000.52 3999.9 3999.76 4000.94 4002.68 4004.49 3994.63 3995.55 3992.15 3985.04 3979.14 3972.36 3972.69 3983.74 3970.94 3954.45 3951.44 3953.13 3946.96 3948.33 3948.38 3947.62 3949.05 3948.77 3949.98 3948.25 3952.89 3956.14 3952.16 3943.11 3934.97 3940.49 3946.76 3955.07 3960.86 3965.73 3962.14 3955.94 3961.88 3965.6 3961.85 3964.54 3974.95 3993.47
3963.08 3962.48 3961.26 3959.04 3957.32 3959.62 3955.72 3953.71 3954.12 3956.11 3958.46 3958.85 3957.2 3956.15 3957.27 3961 3965.73 3971.07 3978.02 3983.25 3980.73 3992.31 4004.14 4010.34 4010.34 4008.46 4008.26 4010.6 4016.48 4016.3 4013.07 4003.95 3992.39 3980.8 3968.11 3966.61 3986.57 3971.92 3955.28 3951.53 3949.97 3948.94 3944.27 3942.46 3941.06 3938.09 3940.56 3942.05 3941.93 3942.5 3940.47 3938.84 3932.3 3925.81 3928.87 3939.15 3951.92 3956.02 3954 3952.31 3950.45 3952.6 3961.58 3960.91 3966.99 3978.98 3994.11
3961.94 3961.54 3960.82 3959.56 3957.76 3956.86 3954.86 3952.15 3953.89 3957.15 3960.2 3961.13 3959.68 3959.41 3959.71 3961.57 3965.93 3972.11 3982.02 3995.97 4005.69 4012.1 4025.72 4023.54 4016.42 4011.7 4010.34 4012.54 4018.95 4040.29 4032.42 4016.88 4002.19 3987.09 3974.68 3974.72 3986.12 3973.15 3959.04 3952.62 3952.07 3951.27 3946.03 3941.92 3938.52 3935.57 3936.53 3938.42 3939.94 3940.93 3939.43 3934.58 3929.62 3927.02 3931.24 3942.75 3956.46 3961.18 3957.08 3953.84 3952.96 3954.52 3954.69 3960.09 3968.78 3980.42 3989.67
3960.77 3960.74 3960.69 3961.26 3963.99 3957.75 3955.36 3954.25 3955.33 3958.13 3961.55 3963.03 3961.33 3959.98 3960.95 3962.35 3964.95 3969.57 3977.59 3992.86 4014.17 4022.29 4033.72 4025.98 4015.74 4009.65 4005.92 4006.66 4012.45 4044.45 4041.04 4024.56 4008.53 3994.95 3984.24 3985.86 3985.18 3975.7 3959.99 3951.41 3954.62 3950.69 3945.91 3943.1 3939.65 3936.63 3936.96 3936.64 3937.69 3938.95 3939.71 3933.51 3930.95 3933.34 3941.91 3953.08 3966.54 3970.06 3958.5 3954.26 3954.17 3955.38 3957.6 3965.37 3965.33 3960.18 3969.92
3959.95 3960.05 3959.72 3959.2 3958.14 3957.43 3955.76 3955.37 3956.4 3958.47 3960.78 3961.78 3961.49 3963.48 3962.94 3963.79 3964.4 3965.76 3968.69 3975.12 4005.25 4016.85 4019.07 4015.18 4008.32 4002.43 3998.23 3996.58 3997.29 4024.67 4031.73 4022.93 4011.97 4000.84 3988.04 3980.3 3982.91 3980.02 3970.52 3950.87 3949.81 3948.47 3947.29 3943.76 3941.2 3939.84 3937.03 3934.25 3931.96 3930.15 3931.17 3930.24 3930.59 3937.04 3948.03 3959.79 3967.94 3963.84 3954.39 3949.62 3951.73 3951.76 3950.57 3955.6 3958.08 3956.22 3958.63
3961.08 3959.88 3958.55 3956.68 3954.43 3954.78 3955.42 3956.31 3957.46 3958.31 3959.12 3959.93 3960.34 3960.68 3964.4 3965.85 3965.35 3963.88 3962.18 3963.97 3988.3 4002.61 3997.75 4001.07 3998.92 3993.77 3989.29 3986.83 3987.59 3996.17 4013.5 4013.99 4010.56 4006.86 4004.92 3995.84 3981.78 3971.63 3961.72 3951.46 3946.97 3945.93 3945.41 3941.43 3939.88 3938.94 3935.18 3932.04 3930.3 3928.93 3929.08 3927.75 3927.11 3938.1 3954.5 3964.61 3967.36 3961.69 3955.95 3949 3948.56 3947.73 3946.11 3945.32 3949.88 3958.53 3964.55
3962.36 3960.07 3957.91 3955.55 3953.43 3953.42 3954.93 3956.8 3958.44 3958.03 3957.94 3959.29 3965.73 3967.94 3970.85 3969.6 3967.23 3964.68 3961.67 3960.3 3963.65 3984.73 3992.27 3992.41 3990.02 3985.91 3981.2 3977.45 3980.68 3993.1 4001.08 4003.79 4005.56 4006.59 4008.29 3994.86 3975.48 3956.61 3943.94 3943.61 3948.25 3941.21 3934.45 3936.02 3935.68 3935.55 3931.03 3928.82 3930.12 3933.69 3931.66 3929.45 3928.51 3945.71 3964.44 3966.25 3965.61 3960.8 3951.58 3949.88 3947.95 3950.23 3946.91 3946.99 3948.49 3961.73 3964.16
3962.16 3959.65 3957.34 3955.18 3953.51 3952.74 3954.22 3956.1 3957.47 3957.59 3957.77 3960.85 3977.93 3989.88 3979.56 3973.89 3970.73 3968.01 3965.2 3959.56 3959.9 3973.18 3988.28 3986.07 3983.02 3979.33 3974.64 3970.14 3974.09 3983.22 3988.74 3992.08 3995.77 3997.19 3994.46 3982.74 3964.04 3948.12 3935.4 3935.71 3942.56 3942.97 3933.22 3932.76 3930.5 3925.97 3920.81 3923.58 3926.71 3931.16 3933.78 3936.56 3941.08 3958.05 3972.35 3971.41 3966.97 3958.14 3949.8 3947.09 3946.99 3945 3943.32 3944.06 3942.52 3953.57 3959.95
3959.95 3958.54 3956.77 3954.68 3951.89 3952.04 3953.72 3955.73 3957.23 3957.51 3957.61 3960.11 3971.92 3982.08 3978.42 3974.88 3972.37 3971.51 3971.66 3970.22 3962 3964 3975.47 3978.34 3977.07 3974.47 3971.13 3968.9 3971.83 3977.19 3973.9 3981.18 3985.83 3985.83 3977.23 3963.14 3951.96 3939.08 3932.71 3932.34 3935.98 3940.24 3935.85 3932.14 3928.03 3922.79 3918.76 3920.14 3922.39 3926.48 3935.34 3945.92 3957.5 3967.86 3974.23 3972.79 3962.89 3955.72 3951.9 3951.09 3946.89 3943.21 3940.88 3942.28 3940.53 3945.88 3957.75
3958.34 3957.92 3956.8 3955.31 3953.44 3952.06 3953.58 3955.97 3957.9 3958.23 3957.4 3957.25 3959.94 3966.37 3971.26 3972.06 3971.68 3970.99 3970.92 3968.82 3960.32 3959.44 3965.76 3969.86 3971.21 3971.04 3969.65 3967.23 3970.55 3973.38 3969.68 3973.92 3977.88 3977.98 3970.03 3954.11 3949.06 3939.73 3942.19 3936.21 3932.47 3931.85 3934.31 3930.71 3926.86 3924.63 3923.23 3920.38 3919.99 3923.14 3937.37 3954.57 3970.64 3971.71 3971.47 3968.32 3963.1 3952.3 3945.19 3940.59 3943.83 3942.48 3939.68 3940.35 3936.92 3937.37 3953.58
3958.75 3958.31 3957.55 3956.71 3955.72 3952.42 3953.95 3956.41 3958.91 3958.59 3957.65 3957.42 3957.82 3961.79 3966.81 3969.24 3969.71 3968.64 3965.49 3962.16 3959.36 3958.88 3960.4 3964.39 3966.98 3968.76 3970.62 3974.55 3971.05 3969.62 3968.88 3968.89 3971 3971.9 3965.15 3953.95 3956.49 3964.11 3967.8 3954.86 3942.46 3936.11 3930.15 3925.83 3925.63 3925.7 3925.45 3921.49 3920.6 3925.04 3938.42 3959.9 3973.95 3969.3 3968 3966.42 3959.43 3947.13 3938.64 3936.54 3935.47 3939.06 3937.46 3937.67 3932.26 3938.62 3959.82
3960.4 3959.48 3958.31 3957.33 3956.74 3954.29 3955.36 3956.98 3957.61 3957.99 3958.37 3958.01 3958.15 3961.28 3965.48 3967.97 3968.67 3967.7 3965.77 3962.75 3960.8 3960.27 3959.51 3962.67 3965.48 3967.76 3969.83 3971.38 3969.7 3967.19 3964.26 3962.84 3963.83 3964.57 3958.91 3953.45 3961.48 3977.01 3987.5 3976.16 3954.73 3934.89 3928.21 3925.99 3925.52 3925.91 3925.68 3922.91 3922.33 3926.3 3942.2 3963.28 3972.68 3969.73 3967.17 3963.9 3957.71 3941.28 3930.55 3934.11 3931.64 3932.65 3931.3 3933.29 3929.31 3939.82 3964.97
3962.65 3961.04 3959.1 3956.77 3956.01 3957.03 3957.96 3958.84 3959.95 3960.7 3960.07 3959.72 3960.46 3962.88 3965.76 3968.73 3969.75 3968.63 3965.97 3963.87 3961.58 3961.55 3960.47 3962.54 3965.48 3968.02 3968.41 3966.81 3966.89 3963.86 3959.37 3956.84 3955.37 3953.24 3946.3 3947.51 3958.95 3978.1 3996.73 3989.52 3964.32 3941.31 3935.77 3928.38 3928.44 3927.08 3927.32 3925.91 3934.73 3946.47 3966.16 3970.63 3973.51 3972.13 3968.17 3963.27 3953.6 3937.18 3927.02 3941.4 3930.21 3927.84 3922.6 3923.71 3926.04 3932.38 3958.8
3965.81 3963.76 3960.86 3957.81 3956.94 3959.24 3959.99 3960.32 3961.79 3963.03 3961.62 3961.22 3962.12 3964.38 3967.43 3970.77 3972.8 3972.9 3969.35 3966.75 3963.9 3962.54 3961.5 3964.15 3967.26 3969.83 3971.04 3969.45 3966.07 3961.43 3956.05 3950.89 3947.22 3942.56 3934.32 3937.91 3949.17 3964.23 3976.6 3978.53 3975.57 3964.78 3952.25 3946.53 3937.09 3930.75 3924.64 3933.19 3954.13 3968.48 3974.84 3976.11 3976.1 3973.29 3967.66 3960.93 3951.7 3935.73 3922.06 3932.96 3931.6 3928.8 3920.5 3919.78 3921.22 3919.92 3930.16
3970.29 3967.74 3964.41 3960.79 3959.45 3960.21 3960.6 3960.54 3960.85 3960.56 3961.85 3962.81 3963.79 3965.9 3969.73 3974.02 3978.19 3981.51 3982.06 3974.71 3966.96 3963.39 3963.24 3964.84 3967.81 3971.81 3975.98 3973.9 3966.08 3958.39 3950.36 3944.3 3940.83 3935.55 3926.24 3927.79 3933.89 3943.38 3958.89 3972.87 3977.08 3973.85 3962.95 3951.67 3945.18 3939.5 3937.59 3950.23 3961.43 3971.91 3976.39 3978.23 3979.24 3975.86 3967.1 3957.19 3955 3938.48 3927.13 3928.67 3929.43 3928.4 3922.16 3918.12 3916.52 3910.64 3914.28
3975.31 3973.41 3970.05 3965.84 3963.22 3961.89 3960.81 3960.48 3961 3962 3962.81 3964.13 3965.04 3967.16 3972.52 3977.52 3982.08 3987.94 3992.51 3979.95 3968.33 3963.34 3966.53 3964.94 3967.17 3970.45 3974.27 3971.82 3964.06 3955.53 3946.74 3940.53 3936.54 3931.11 3922.12 3920.92 3922.87 3929.66 3947.18 3966.01 3971.64 3973.18 3971.32 3967.25 3956.47 3950.01 3948.22 3949.77 3956.19 3967.88 3979.97 3978.93 3981.66 3979.18 3967.28 3955.19 3950.62 3941.16 3930.77 3935.34 3924.47 3922.24 3915.6 3913.7 3912.62 3911.82 3916.37
3980.38 3981.14 3978.51 3971.69 3969.14 3965.41 3961.58 3960.98 3962.19 3964.29 3963.6 3964.05 3965.39 3969.85 3976.47 3980.32 3982.52 3984.1 3984.5 3976.69 3968.24 3964.27 3961.69 3962.8 3964.79 3967.03 3968.97 3966.32 3960.71 3953.52 3946.24 3939.32 3934.33 3929.27 3921.94 3917.94 3916.65 3920.72 3935.17 3955.37 3972.08 3976.51 3976.35 3973.8 3965.93 3956.5 3951.2 3947.59 3946.78 3960.85 3976.49 3979.27 3984.26 3979.25 3966.49 3956 3952.52 3944.95 3940.32 3940.14 3930.28 3922.21 3913.84 3911.27 3914.93 3914.69 3915.63
3986.11 3991.4 3993.63 3990.54 3982.55 3972.5 3963.51 3962.55 3963.61 3963.9 3963.46 3963.73 3969.72 3978.58 3983.05 3983.12 3980.99 3976.59 3971.46 3970.55 3966.03 3961.71 3962.09 3960.26 3962.33 3963.98 3961.44 3962.6 3959.91 3953.01 3944.18 3938.99 3933.36 3927.37 3922.15 3919.42 3915.05 3913.21 3929.94 3951.31 3970.7 3977.01 3977.24 3975.32 3967.46 3958.27 3949.65 3943.52 3938.75 3953.82 3971.58 3983.23 3980.51 3973.48 3962.99 3954.36 3952.39 3947.59 3941.5 3935.33 3923.69 3916.49 3915.15 3915.74 3919.76 3915.13 3917.41
3993.45 4002.72 4010.92 4011.14 3999.59 3983.36 3968.6 3967.49 3967.82 3967.37 3965.77 3965.71 3979.34 3993.67 3991.16 3986.1 3980.44 3974.45 3969.9 3967.48 3965.34 3960.65 3956.57 3956.89 3961.67 3965.75 3968.76 3967.41 3964.14 3957.19 3946.36 3938.21 3933.43 3931.51 3927.47 3926.5 3925.54 3921.05 3939.62 3955.63 3964.58 3972.51 3974.93 3975.16 3969.8 3958.18 3944.15 3928.16 3932.49 3950.08 3967.24 3975.55 3968.5 3964.07 3958.45 3954.24 3952.99 3948.7 3940.34 3932.03 3920.63 3916.23 3918.63 3923.14 3919.82 3913.65 3917.71
