real_craters/C077-300m.grd
DSAA
192 192
-28.5775 28.5775
-28.5775 28.5775
2966.8990711567 4320.2153447093
[rows 120 to 149 of 192, columns 67 to 133 of 192]
3854.44 3856.14 3858.69 3861 3862.97 3867.63 3873.85 3880.79 3887.84 3898.78 3919.22 3936.64 3948.25 3950.25 3941.79 3932.58 3934.83 3936.05 3923.29 3899.77 3870.39 3837.71 3797.07 3766.94 3764.52 3774.49 3773.5 3769.56 3803.32 3818.83 3823.23 3868.68 3912.65 3947.12 3966.61 3982.03 3988.5 3990.27 3982.82 3970.27 3949.06 3927.78 3907.85 3879.6 3853.99 3842.25 3838.03 3837 3838.17 3834.2 3834.75 3845.23 3858.02 3870.6 3880.52 3885.55 3880.59 3872.43 3865.1 3858.11 3850.35 3841.55 3833.85 3830.55 3826.57 3823.03 3821.8
3853.68 3857.61 3863.26 3869.19 3874.6 3872.69 3871.82 3872.88 3875.79 3883.79 3898.66 3911.32 3920.39 3921.81 3916.66 3910.13 3912.41 3918.55 3917.9 3913.48 3909.99 3902.37 3863.62 3831.74 3829.51 3851.39 3877.1 3916.83 3928.9 3944.87 3958.73 3967.99 3994.17 4027.42 4031.87 4011.62 3990.98 3968.21 3944.24 3930.1 3906.84 3886.99 3874.82 3858.69 3841.98 3831.8 3828.08 3827.24 3828.29 3825.51 3825.44 3833.78 3845.04 3856.48 3865.62 3873.57 3871.67 3865.95 3859.88 3854.35 3848.24 3840.65 3833.5 3828.64 3824.85 3821.64 3818.65
3854.96 3859.86 3865.7 3872.87 3877.51 3873.99 3870.39 3868.08 3867.46 3873.72 3886.73 3898.44 3903.6 3904.24 3901.14 3896.8 3899.29 3906.08 3914.43 3924.03 3941.03 3972.09 3964.63 3934.34 3920.53 3927.24 3959.32 4003.94 4015.55 4033.64 4048.15 4029.57 4042.36 4070.91 4057.52 4018.75 3982.05 3948.29 3918.04 3899.19 3880.45 3864.82 3852.39 3840.56 3830.91 3823.65 3819.99 3817.08 3813.35 3814.82 3817.87 3822.77 3829.9 3840.9 3852.7 3863.58 3859.65 3856.18 3852.51 3849.07 3845.8 3838.97 3832.39 3827.44 3824.83 3823.32 3820.57
3855.45 3860.56 3866.23 3871.74 3874.07 3872.09 3868.72 3865.69 3863.11 3867.53 3879.86 3890.5 3892.88 3893.29 3892.21 3890.68 3889.25 3896.41 3908.89 3923.56 3942.45 3963.15 3968.59 3972.35 3965.02 3967.58 3993.35 4030.93 4035.71 4028.43 4029.94 4030.16 4038.43 4053.73 4035.52 3998.35 3960.51 3925.77 3895.82 3874.62 3858.83 3845.92 3836.02 3827.12 3822.83 3818.2 3814.15 3810.84 3808.65 3810.22 3814.54 3815.79 3819.21 3828.48 3837.74 3844.34 3844.43 3844.55 3843.45 3841.28 3837.39 3831.08 3827.2 3824.74 3823.24 3822.63 3823.06
3854.58 3859.76 3865 3869.52 3871.26 3869.65 3867.38 3865.86 3865.73 3868.06 3874.32 3880.6 3883.73 3885.42 3886.51 3886.95 3884.24 3889.38 3901.95 3914.22 3925.32 3928.99 3931.15 3941.15 3954.72 3969.1 3988.24 4005.89 4002.71 3984.37 3986.53 3996.44 3999.01 3993.76 3983.69 3960.31 3930.04 3898.87 3869.77 3851.42 3839.64 3830.26 3823.54 3819.5 3816.44 3813.11 3809.76 3807.54 3806.76 3807.53 3809.16 3809.66 3812.67 3818.81 3826.18 3829.18 3830.68 3834.12 3834.04 3832.48 3829.94 3824.24 3822.17 3821.2 3820.58 3820.24 3819.7
3853.46 3857.39 3861.86 3867.3 3868.67 3866.85 3865.8 3865.67 3867.43 3867.37 3868.51 3872.22 3875.47 3878.85 3882.07 3884.98 3885.83 3888.97 3897.43 3905.45 3909.63 3908.35 3906.18 3913.41 3934.2 3951.92 3964.23 3966.42 3960.68 3951.98 3954.68 3959.37 3955.01 3943.63 3934.64 3919.06 3896.43 3871.38 3845.82 3831.84 3824.84 3816.58 3814.04 3813.11 3810.03 3807.18 3806.19 3805.48 3805.03 3805.39 3806.79 3806.25 3807.28 3812.98 3818.84 3824.58 3827.42 3828.37 3826.49 3822.89 3820.83 3820.93 3818.45 3817.5 3817.47 3818.11 3817.8
3853.3 3855.5 3857.19 3859.21 3861.72 3862.69 3863.42 3863.96 3863.92 3862.69 3860.84 3863.7 3869.12 3874.08 3878.85 3883.75 3887.78 3890.35 3894.2 3898.84 3902.62 3903.57 3902.24 3906.39 3921.45 3934.73 3942.58 3943.29 3940.99 3936.94 3933.04 3929.99 3922.09 3907.4 3895.36 3879.87 3865.59 3849.03 3830.75 3821.76 3818.38 3812.13 3810.07 3809.1 3806.36 3804.49 3804.44 3805.09 3805.92 3807.52 3808.9 3808.25 3810.38 3814.14 3817.97 3822.85 3829.14 3826.37 3821.79 3815.53 3812.83 3814.62 3813.56 3813.25 3813.72 3814.86 3815.96
3853.99 3854.39 3853.58 3851.72 3855.9 3859.35 3861.29 3862.08 3862.41 3859.95 3857.36 3859.85 3865.33 3870.64 3875.63 3880.17 3884.18 3888.27 3892.3 3896.93 3901.19 3906.7 3910.21 3911.35 3916.44 3922.31 3925.88 3925.66 3925.71 3920.25 3911.77 3905.85 3899.88 3888.62 3868.58 3850.85 3843.31 3834.3 3825.21 3821.31 3817.94 3812.98 3811.93 3812.08 3809.09 3804.86 3804.69 3806.11 3808.41 3811.21 3813.43 3814.43 3817.38 3819.92 3818.02 3822.06 3828.36 3825 3819.49 3813.66 3808.47 3806.6 3807.83 3808.9 3809.83 3810.58 3812.74
3855.79 3855.53 3854.58 3853.71 3856.1 3859.17 3860.95 3861.19 3859.96 3859.32 3858.19 3860.09 3864.01 3868.43 3872.81 3876.77 3880.45 3884.39 3890.87 3895.86 3899.73 3904.48 3910.82 3911.96 3911.24 3911.2 3908.87 3906.18 3900.05 3891.25 3887.96 3882.42 3875.6 3865.38 3849.37 3836.64 3830.31 3825.23 3821.29 3819.93 3818.49 3817.45 3818.88 3821.02 3818.45 3809.38 3806.12 3807.36 3810.76 3814.34 3816.26 3815.73 3822.27 3827.45 3828.4 3826.9 3828.28 3823.2 3817.51 3812.72 3805.44 3801.73 3803.93 3805.61 3806.91 3808.31 3810.35
3858.82 3858.72 3858.51 3858.84 3860.4 3862.34 3863.63 3863.51 3862.37 3861.56 3861.64 3861.99 3864.21 3867.3 3870.81 3874.91 3879.72 3885.5 3891.68 3895.56 3897.77 3899.25 3902.66 3905.13 3903.67 3900.88 3896 3888.85 3877.63 3871.48 3868.5 3862.24 3852.25 3843.83 3835.65 3827.65 3822.93 3819.46 3817.24 3816.64 3819.28 3823.9 3828.16 3828.9 3826.83 3811.72 3805.82 3807.54 3812.5 3818.71 3819.55 3819.14 3826.2 3833.67 3833.58 3826.91 3823.77 3819.74 3814.93 3809.27 3805.35 3803 3803.29 3804.14 3805.09 3806.16 3807.32
3862.43 3862.78 3863.52 3864.24 3865.36 3866.37 3867.11 3867.63 3866.74 3864.76 3862.88 3863.64 3864.95 3866.91 3869.32 3872.25 3878.16 3888.5 3894.55 3895.96 3896.01 3895.9 3896.87 3898.06 3896.62 3892.76 3887.35 3879.48 3869.37 3863.21 3857.56 3849.93 3839.83 3833.03 3828.94 3823.61 3819.05 3816.04 3814.62 3814.94 3818.61 3825.42 3830.78 3828.83 3824.55 3808.96 3802.82 3806.26 3812.18 3818.1 3819.98 3819.51 3827.11 3835.92 3833.52 3824.67 3818.9 3817.12 3814.4 3810.67 3807.71 3805.42 3804.14 3803.83 3803.98 3804.39 3804.94
3865.52 3866.11 3868.85 3870.91 3869.77 3870.38 3871.53 3872.33 3871.24 3868.68 3866.56 3865.77 3866.13 3867.32 3869.18 3872.06 3878.88 3893.03 3897.52 3895.66 3893.94 3893.17 3893.69 3893.29 3891.23 3887.99 3882.75 3875.85 3867.12 3860.4 3853.12 3845.34 3836.91 3828.95 3823.33 3819.34 3816.44 3814.37 3813.37 3813.45 3816.63 3821 3824.58 3820.7 3816 3803.85 3800.02 3804.93 3810.95 3816.89 3820.74 3822.2 3827.73 3834.91 3835.41 3829.45 3822.04 3819.32 3816.35 3813.19 3809.8 3807.6 3805.5 3804.01 3803.28 3803.19 3803.67
3867.64 3867.1 3867.32 3869.8 3871.41 3873.6 3875.69 3876.12 3874.51 3871.89 3869.68 3867.56 3867.32 3868.21 3870.19 3874.19 3880.84 3891.6 3895.53 3892.83 3890.08 3888.15 3886.5 3887.25 3887.55 3885.07 3880.78 3875.09 3868.96 3860.09 3851.88 3843.93 3835.92 3826.61 3818.69 3815.89 3814.74 3814.03 3813.67 3814.13 3813.73 3813.26 3810.64 3809.42 3804.57 3800.48 3801.15 3804.76 3810.23 3816.66 3822.64 3827.29 3830.59 3833.6 3835.74 3834.92 3828.92 3824.2 3819.71 3816.19 3815.59 3810.12 3806.49 3804.1 3802.54 3801.5 3800.52
3868.54 3866.91 3866.35 3867.92 3871.69 3875.93 3880.08 3882.07 3878.23 3872.42 3868.97 3868.21 3868.44 3869.37 3870.83 3873.92 3880.25 3887.38 3889.75 3887.54 3884.94 3883.55 3883.17 3884.42 3885.52 3883.45 3879.71 3874.88 3869.57 3860.92 3851.71 3842.96 3834.37 3824.87 3818.02 3814.98 3814.63 3814.57 3814.35 3813.32 3811.84 3809.32 3805.08 3804.99 3801.99 3800.9 3801.68 3805.29 3809.49 3814.31 3820.13 3828.71 3832.68 3832.77 3835.42 3837.95 3833.23 3827.71 3822.75 3818.16 3813.6 3809.89 3806.17 3803.4 3801.43 3799.92 3798.32
3868.4 3866.03 3864.23 3867.1 3871.61 3876.66 3882.35 3887.06 3880.33 3871.52 3867.93 3868.36 3869.63 3871.11 3872.17 3873.86 3878.39 3880.99 3881.69 3881.49 3880.41 3881.55 3885.03 3887.29 3886.09 3883.23 3879.33 3873.92 3867.39 3861.2 3851.22 3841.46 3831.94 3822.49 3816.33 3814.92 3815.77 3816.86 3817.11 3815.5 3812.24 3810 3809.25 3809.12 3809.28 3807.54 3805.55 3806.84 3809.25 3812.01 3816.59 3825.89 3830.23 3828.1 3828.53 3829.29 3829.34 3826.44 3822.88 3817.81 3812.21 3807.97 3804.74 3802.19 3800.24 3798.95 3798.57
3868.12 3866.04 3864.93 3866.66 3870.65 3874.97 3879.5 3882.31 3876.96 3869.76 3867.62 3868.98 3871.3 3873.92 3876.45 3878.24 3879.23 3878.79 3877.41 3877.05 3875.81 3877.64 3882.64 3887.15 3885.65 3883.31 3879.76 3873.89 3865.41 3859.25 3850.36 3840.46 3829.87 3820.37 3814.78 3815.03 3817.46 3820.61 3822.26 3818.09 3812.15 3811.83 3813.51 3814.27 3814.23 3812.37 3809.37 3809.38 3810.19 3811.34 3814.15 3819.57 3822.2 3820.35 3820.13 3820.11 3821.65 3819.13 3816.71 3812.85 3808.07 3804.98 3802.33 3800.39 3798.84 3797.79 3797.28
3868.25 3866.75 3865.77 3867.26 3869.45 3871.87 3873.98 3874.15 3871.58 3868.18 3867.74 3869.87 3873.04 3876.71 3880.62 3882.43 3881.72 3880.78 3878.23 3875.14 3873.04 3872.84 3876.94 3882.37 3883.76 3883.16 3881.32 3877.89 3868.98 3858.27 3850.86 3842.95 3831.85 3819.64 3814.32 3815.87 3819.35 3823.79 3829.36 3822.63 3814.99 3813.83 3815.27 3816.87 3817.83 3816.83 3813.22 3813.09 3812.2 3811.1 3810.79 3812.43 3813.53 3812.92 3814.75 3814.91 3814.02 3810.71 3808.35 3806.58 3804.1 3801.45 3799.81 3798.48 3797.64 3796.73 3796.43
3867.53 3867.75 3867.75 3867.48 3867.72 3868.36 3868.5 3868.18 3866.95 3865.79 3867.35 3870.47 3874.31 3878.5 3882.1 3883.74 3883.19 3881.91 3877.93 3874.01 3871.13 3869.99 3873.71 3879.67 3882.01 3882.61 3882.47 3883.1 3878.91 3861.65 3853.62 3847.74 3836.56 3822.7 3816.92 3818.27 3821.06 3824.14 3825.8 3822.59 3817.59 3815.57 3815.47 3817.27 3821.42 3824.14 3820.77 3818.3 3815.02 3811.75 3808.33 3808.13 3808.76 3809.11 3811.95 3811.11 3808.45 3805.68 3805.65 3800.19 3797.93 3797.92 3797.9 3797.63 3797 3796.34 3796.22
3865.32 3867.91 3869.59 3867.3 3865.82 3864.81 3864.06 3863.42 3863.43 3864.22 3867.02 3870.91 3875.18 3879.58 3883.26 3884.27 3883.38 3881.56 3877.57 3873.14 3870.14 3869.61 3873.35 3878.62 3881.07 3881.97 3880.97 3878.93 3873.7 3863.89 3856.64 3851.69 3841.03 3829.26 3823.55 3822.88 3823.79 3824.35 3823.3 3821.95 3819.52 3817.15 3815.69 3816.89 3823.78 3828.55 3825.07 3822.24 3818.37 3814.5 3810.83 3809.11 3806.97 3805.33 3808.65 3807.45 3805.48 3804.82 3802.35 3796.63 3795.35 3796.31 3797.13 3797.72 3797.67 3797.26 3796.63
3861.26 3864.06 3865.72 3864.54 3863.26 3861.82 3860.22 3860.6 3861.78 3863.12 3867.45 3871.64 3875.77 3880.02 3884.04 3884.13 3882.79 3880.38 3875.82 3872.8 3871.38 3870.23 3874.85 3880.73 3883.86 3883.13 3879.6 3873.31 3868.82 3863.3 3859.11 3854.61 3845.4 3833.96 3830.48 3829.25 3828.17 3826.82 3824.87 3822.83 3820.35 3818.51 3818.07 3819.78 3826.03 3831.97 3829.85 3825.52 3820.86 3817.99 3816.21 3814.13 3809.86 3807.23 3806.22 3805.56 3803.41 3802.14 3798.67 3797.25 3795.55 3796.74 3798.46 3799.6 3799.93 3799.55 3798.63
3857.21 3858.12 3859.52 3860.99 3861.11 3860.46 3859.3 3860.36 3863.48 3866.42 3869.35 3872.75 3876.15 3879.25 3881.6 3882.56 3881.89 3880.22 3876.45 3872.95 3872.56 3872.67 3878.44 3884.86 3888.53 3886.64 3881.74 3876.05 3874.56 3874.26 3871.23 3863.54 3855.99 3847.23 3841.46 3837.69 3834.23 3831.15 3828.2 3825.37 3822.51 3821.03 3821.48 3823.99 3827.05 3828.93 3827.64 3823.3 3821.32 3820.08 3820.02 3819.62 3816.9 3812.56 3807.25 3807.4 3807.2 3798.68 3795.14 3790.7 3795.33 3799.18 3802.01 3803.82 3804.46 3803.96 3802.5
3855.71 3855.24 3856.57 3858.96 3860.22 3860.94 3861.96 3863.71 3866.5 3869.33 3871.85 3874.42 3876.8 3878.64 3880.58 3881.13 3881.19 3880.31 3877.98 3875.22 3876.23 3878.43 3884.28 3890.45 3894.2 3891.38 3887.31 3882.64 3885.15 3890.82 3890.95 3878.92 3870.56 3863.04 3854.2 3847.08 3841.35 3836.54 3832.53 3829.15 3826.33 3824.64 3824.41 3824.95 3827.71 3830.27 3827.28 3821.85 3820.48 3820.25 3820.8 3821.01 3820.31 3815.45 3811.05 3812.19 3814.88 3809.71 3803.62 3795.24 3800.76 3804.76 3807.47 3809.42 3810.43 3810.2 3808.75
3857.03 3857.12 3857.7 3859.19 3860.77 3862.32 3863.85 3866.28 3869.73 3872.36 3874.53 3876.81 3878.44 3878.68 3878.98 3880.76 3881.2 3880.48 3879.06 3878.52 3882.98 3887.16 3890.91 3895.31 3897.67 3896.09 3895.04 3894.6 3896.03 3899.69 3900.13 3892.7 3883.62 3874.36 3864.87 3856.06 3848.42 3841.9 3837.07 3833.52 3830.75 3828.7 3827.91 3827.35 3828.23 3829.75 3827.01 3821.26 3819.06 3819.39 3820.21 3820.52 3818.57 3813.57 3812 3814.79 3820.06 3818.04 3815.9 3815.23 3812.47 3813.27 3814.88 3816.78 3818.13 3818.72 3818.01
3858.92 3860.08 3859.68 3860.26 3861.91 3864.26 3866.67 3868.05 3870.65 3873.87 3877.27 3880.44 3882.29 3881.72 3880.71 3883.09 3883.06 3881.63 3879.95 3882.68 3889.19 3893.91 3895.87 3898.2 3899.42 3902.15 3903.99 3903.16 3904.5 3903.81 3900.08 3899.97 3893.44 3884.63 3874.15 3864.18 3855.06 3847.09 3841.74 3838.25 3835.93 3834.24 3832.36 3830.24 3829.34 3827.55 3823.19 3817.08 3816.82 3818.31 3819.78 3821 3822.96 3817.77 3813.37 3816.43 3824.18 3823.58 3823.33 3824.2 3822.2 3821.68 3822.68 3824.18 3826.24 3828.1 3829.3
3859.23 3859.26 3859.8 3860.95 3862.76 3865.4 3868.15 3868.58 3869.06 3874.81 3880.64 3885.64 3889.44 3891.45 3890.97 3889.61 3887.27 3884.34 3882.04 3884.11 3890.84 3895.83 3898.36 3900.95 3904.06 3910.57 3914.96 3916.14 3913.09 3909.69 3908.67 3905.17 3899.43 3891.71 3882 3871.9 3861.8 3852.25 3846.77 3842.94 3840.59 3840.33 3836.25 3834.03 3831.61 3826.28 3819.65 3813.22 3815.84 3818.02 3819.41 3820.51 3820.86 3816.47 3816.46 3820.39 3823.4 3826.25 3826.72 3828.42 3827.98 3827.23 3828.16 3829.81 3832.58 3835.36 3837.16
3859.09 3856.91 3859.62 3861.65 3863.33 3865.21 3867.66 3869.75 3871.39 3878.55 3885.58 3892.11 3898.02 3903.54 3902.96 3897.82 3893.02 3888.24 3884.29 3882.82 3889.33 3894.86 3898.93 3903.22 3909.18 3917.29 3922.89 3924.46 3919.38 3914.07 3906.5 3906.91 3904.55 3898.13 3889.05 3879.21 3869.06 3859.87 3852.82 3847.23 3842.51 3838.27 3835.07 3833.83 3831.98 3828.83 3825.52 3820.53 3819.38 3819.65 3820.21 3820.21 3817.27 3810.8 3814.03 3819.06 3822.15 3826.73 3829.88 3831.25 3831.23 3830.72 3832.27 3835.06 3837.87 3840.53 3840.61
3862.38 3860.92 3862.61 3864.23 3865.06 3865.41 3867.77 3872.9 3878.97 3884.48 3891.51 3898.69 3905.23 3910.12 3909.82 3905.1 3899.32 3893.18 3887.72 3885.06 3888.07 3893.43 3898.16 3903.06 3910.01 3918.65 3923.11 3924.05 3921.27 3919.01 3915.92 3913.35 3911.32 3904.8 3895.76 3886.27 3876.61 3867.48 3859.59 3852.34 3844.78 3835.8 3833.22 3834.6 3833.84 3830.81 3827.66 3826.91 3823.07 3821.05 3820.6 3820.26 3817.09 3810.15 3810.26 3812.63 3819.32 3826.18 3830.63 3830.6 3830.72 3832.77 3834.62 3838.27 3841.78 3845.11 3846.73
3868.81 3868.35 3868.8 3869.42 3869.59 3869.36 3871.5 3876.75 3883.13 3889.98 3897.58 3904.87 3911.26 3915.85 3915.38 3911.53 3905.96 3899.38 3892.55 3887.7 3889.87 3893.46 3896.61 3899.69 3903.83 3909.18 3914.47 3916.99 3917.55 3920.72 3925.92 3922.8 3916.36 3910.95 3902.06 3892.63 3883.51 3874.79 3866.41 3858.81 3851.05 3843.72 3840.14 3838.45 3836.09 3832.95 3828.72 3825.02 3822.2 3820.64 3819.22 3819.23 3818.18 3818.3 3813.63 3810.14 3817.12 3827.17 3828.72 3826.43 3828.24 3832.14 3835.3 3839.61 3844.15 3848.96 3851.88
3876.86 3876.99 3876.32 3876.52 3876.84 3877.32 3878.26 3881.1 3887.12 3895.05 3903.55 3911.37 3917.49 3920.52 3921.24 3918.55 3913.53 3907.17 3899.94 3891.91 3893.87 3895.09 3895.36 3895.15 3894.07 3893.46 3898.23 3903.46 3908.05 3913.87 3922.81 3930.5 3927.44 3917.19 3906.98 3897.67 3889.36 3880.89 3873.41 3866.37 3859.62 3853.41 3848.55 3845.78 3841.29 3838.52 3834.17 3829.37 3824.57 3819.43 3815.19 3812.05 3807.19 3808.87 3810.96 3812.65 3815.4 3819.82 3821.63 3819.78 3825.16 3830.54 3834.8 3838.95 3843.32 3849.09 3853.48
3881.61 3882.88 3883.78 3884.76 3885.61 3886.37 3886.36 3885.67 3890.73 3900.94 3910.12 3918.32 3924.96 3928.3 3928.8 3926.51 3922.19 3916.45 3909.25 3899.33 3898.8 3897.77 3895.29 3892 3887.9 3884 3885.53 3890.63 3895.83 3901.54 3912.51 3928.65 3929.35 3918.26 3908.4 3900.07 3892.77 3886.06 3879.56 3873.55 3868.86 3864.17 3860.67 3856.58 3852.51 3846.71 3841.04 3834.01 3826.33 3816.2 3808.78 3802.18 3794.82 3793.31 3798.23 3807.74 3813.46 3814.45 3815.33 3818.39 3825.34 3830 3833.36 3836.01 3838.91 3841.93 3844.2
