real_craters/C078-500m.grd
DSAA
115 115
-28.595 28.595
-28.595 28.595
8359.1999462803 9539.7008898943
[rows 30 to 59 of 115, columns 0 to 66 of 115]
9258.91 9260.07 9262.14 9265.89 9268.91 9270.45 9274.32 9277.79 9281.1 9284.28 9282.85 9278.18 9275.5 9275.09 9274.04 9265.86 9261.38 9259.75 9261.05 9266.15 9270.02 9274.67 9280.09 9285.47 9286.63 9309.9 9325.39 9313.59 9302.99 9287.84 9273.71 9296.36 9304.12 9308.23 9309.16 9296.84 9285.47 9270.8 9256.82 9242.11 9231.1 9231.23 9234.7 9231.05 9231.31 9231.7 9233.32 9232.74 9230.89 9227.01 9219.35 9208.93 9215.39 9226.64 9233 9241.21 9237.98 9242.74 9250.38 9257.52 9264.1 9269.23 9271.4 9269.48 9278.49 9291.54 9289.85
9258.59 9260.19 9262.54 9263.79 9266.58 9270.33 9273.2 9276.75 9279.72 9281.26 9279.56 9275.51 9275.08 9275.47 9276.9 9269.75 9265.83 9266.57 9267.81 9268.86 9273.83 9279.39 9284.21 9287.28 9273.95 9306.59 9326.11 9311.63 9287.62 9260.07 9253.9 9258.3 9270.78 9268.04 9274.96 9275.31 9263.43 9250.74 9245.28 9238.79 9233.95 9233.61 9234.87 9234.07 9228.09 9229.55 9231.63 9232.76 9231.88 9230.82 9230.42 9223.82 9219.66 9225.57 9231.63 9237.47 9241.66 9244.4 9255.01 9265.11 9274.59 9282.51 9288.32 9288.51 9292.46 9302.01 9300.78
9258.36 9259.82 9261.98 9262.62 9263.94 9267.62 9271.98 9275.64 9278.02 9278.74 9277.19 9275.39 9273.67 9271.97 9269.7 9269.72 9268.77 9268.64 9269.9 9276.33 9279.92 9283.09 9286.11 9288.45 9276.83 9312.4 9323.04 9305.29 9278.71 9254.72 9247.89 9245.76 9255.96 9261.8 9264.69 9263.11 9252.57 9240.74 9239.25 9237.78 9236.44 9236.09 9238.38 9237.56 9231.68 9230.53 9231.73 9233.37 9233.87 9234.25 9235.32 9230.14 9224.34 9227.17 9227.72 9238.55 9251.89 9257.85 9263.24 9273.69 9285.56 9297.45 9310.12 9324.17 9316.2 9305.99 9311.13
9258.83 9259.13 9259.38 9261.64 9263.32 9266.53 9271.86 9275.6 9277.46 9277.26 9275.61 9273.58 9273.29 9271.77 9269.62 9270.29 9270.41 9268.92 9272.56 9281.53 9285.13 9285.8 9284.75 9277.78 9278.91 9328.53 9321.59 9295.65 9272.42 9253.92 9246.06 9238.94 9257.09 9276.22 9271.61 9262.24 9251.03 9240.69 9240.61 9239.78 9238.17 9237.09 9236.56 9236.46 9233.52 9232.94 9234.46 9235.56 9236.5 9235.57 9234.04 9232.08 9224.09 9225.14 9230 9242.97 9259.28 9258.62 9270.29 9283.75 9298.07 9312.85 9327.22 9338.28 9334.34 9322.21 9314.56
9260.17 9260.18 9260.31 9261.58 9264.82 9269.43 9274.38 9277.41 9278.49 9277.63 9275.65 9274.36 9273.78 9275.72 9275.08 9271.65 9270.26 9275.16 9279.1 9285.18 9288.45 9286.52 9284.68 9279.83 9267.8 9269.78 9285.65 9278.81 9264.25 9250.74 9243.21 9240.22 9260.24 9280.26 9274.32 9263.84 9254.76 9250.97 9244.54 9242.86 9241.18 9237.87 9233.68 9231.36 9233.24 9235.58 9237.89 9240.16 9242.11 9241.58 9239.49 9240.21 9240.26 9238.77 9242.13 9252.6 9266.78 9268.47 9279.09 9294.04 9310.73 9325.57 9338.51 9344.3 9344.17 9343.27 9331.88
9263.57 9263.49 9263.53 9264.03 9266.4 9275.63 9278.43 9280.31 9281.22 9280.35 9276.69 9274.08 9272.52 9271.1 9271.55 9271.58 9271.79 9275.6 9284.11 9283.53 9284.8 9284.73 9280.56 9271.9 9256.27 9258.69 9265.89 9265.73 9257.06 9243.75 9238.15 9244.3 9261.88 9274.16 9272.43 9263.58 9253.71 9244 9242.68 9243.22 9241.97 9239.64 9238.08 9235.94 9235.87 9238.78 9241.42 9244.74 9247.04 9250.98 9252.32 9245.79 9245.57 9247.65 9254.64 9262.87 9271.17 9274.08 9290.26 9307.29 9323.27 9337.29 9346.72 9348.27 9343.8 9333.21 9334.08
9268.47 9271.28 9271.59 9271.42 9277.06 9281.65 9282 9282.95 9285.03 9284.94 9280.83 9275.65 9270.97 9267.8 9268.42 9271.27 9275.53 9278.51 9280.93 9282.89 9288.69 9283.06 9273.37 9261.03 9254.91 9256.6 9260.41 9260.86 9256.36 9248.16 9239.64 9242.92 9260.84 9272.98 9268.13 9260.69 9252.37 9244.86 9243.77 9245.43 9243.5 9240.58 9239.94 9239.78 9241.35 9243.76 9246.21 9248.39 9251.33 9253 9255.25 9252.55 9249.14 9260.72 9268.77 9274.82 9275.33 9287.81 9311.04 9330.12 9338.37 9348.43 9359.49 9359.37 9342.75 9324.89 9322.43
9272.51 9278.63 9278.47 9276.12 9277.8 9282.2 9283.34 9283.47 9284.69 9284.64 9281.12 9275.07 9269.28 9265.22 9265.95 9269.27 9273.74 9269.67 9273.95 9279.87 9286.11 9281.06 9270.67 9258.38 9256.72 9260.62 9262.16 9262.12 9260.47 9253.85 9237.51 9238.81 9250.76 9260.01 9259.4 9255.93 9251.44 9247.25 9246.29 9248.17 9244.45 9240.91 9239.82 9243.96 9247 9249.46 9251.67 9253.14 9254.92 9255.53 9257.98 9265.69 9270.98 9288.2 9296.17 9297.08 9297.66 9321.95 9341.53 9353.95 9358.18 9359.86 9365.72 9363.37 9343.61 9327.18 9331.69
9273.05 9275.78 9277.36 9277.66 9281.09 9284.58 9283.17 9281.23 9279.42 9278.97 9276.92 9273.34 9267.49 9262.95 9263.37 9265.53 9266.24 9265.8 9268.49 9278.27 9286.09 9279.48 9268.35 9259.78 9262.92 9266.38 9266.94 9266.51 9264.35 9258.98 9241.9 9236.9 9239.35 9245.06 9250.38 9251.11 9249.8 9248.48 9247.73 9246.14 9245.09 9242.72 9240.83 9250.16 9253.33 9256.01 9259.07 9261.78 9263.52 9265.13 9266.54 9295.85 9323.23 9335.43 9335.59 9335.24 9356.29 9380.56 9382.71 9379.52 9372.18 9364.33 9347.5 9343.16 9341.43 9334.88 9337.62
9272.66 9273.34 9274.65 9275.47 9279.78 9283.18 9281.23 9278.65 9275.92 9279.09 9278.89 9274.36 9266.3 9260.3 9261.36 9263.77 9266.81 9270.92 9278.02 9286.91 9290.75 9278.04 9260.12 9261.3 9266.97 9271.09 9270.69 9269.92 9267.11 9257.39 9238.77 9233.54 9236.53 9240.72 9245.51 9248.13 9248.81 9248.09 9246.38 9244.85 9248.07 9250.65 9250.18 9253.52 9259.5 9264.09 9268.75 9273.23 9278.86 9286.37 9311.61 9357.26 9391.99 9393.12 9394.51 9402.32 9418.06 9432.93 9418.47 9391.62 9376.99 9370.46 9349.14 9346.75 9349.72 9340.32 9328.59
9272.79 9273.75 9273.44 9272.4 9275.32 9278.38 9277.96 9276.91 9277.43 9286.22 9289.36 9277.24 9267.67 9261.56 9261.5 9263.45 9267.25 9278.19 9288.06 9291.44 9284.75 9270.4 9256.61 9258.49 9264.85 9270.97 9273.86 9272.49 9268.61 9258.27 9236.52 9231.7 9230.7 9237.91 9244.77 9248.13 9249.14 9248.62 9245.79 9244.75 9252.58 9263.38 9269.25 9264.36 9270.22 9279.16 9287.92 9292.1 9302.41 9325.2 9371.97 9420.99 9445.64 9438.5 9415.58 9459.28 9472.71 9474.13 9423.08 9377.6 9361.77 9373.11 9385.96 9378.99 9365.51 9353.82 9336.04
9273.04 9273.66 9272.78 9272.36 9273.04 9274.43 9274.84 9274.53 9275.68 9278.35 9279.92 9275.59 9269.77 9265.13 9263.34 9263.92 9268.56 9277.94 9288.43 9293.47 9277.64 9266.99 9257.7 9256.16 9267.51 9277.5 9280.4 9275.95 9266.61 9251.87 9235.44 9241.15 9239.61 9245.26 9249.18 9251.01 9251.65 9251.75 9252.75 9249.96 9255.5 9264.2 9269.78 9272.03 9282.29 9295.1 9311.53 9324.1 9337.48 9345.7 9412.35 9466.32 9469.17 9465.25 9399.23 9281.89 9280 9387.15 9336.33 9301.45 9296.96 9334.35 9423.14 9377.81 9358.43 9372.28 9383.81
9272.34 9273.14 9271.04 9270.07 9270.88 9272.18 9272.47 9272.06 9271.37 9270.37 9272.14 9272.82 9270.63 9267.82 9265.53 9264.63 9265.65 9277.95 9277.57 9263.35 9274.65 9270 9255.22 9260.11 9280.69 9295.03 9294.48 9283.78 9268.19 9254.58 9248.18 9254.09 9264.71 9259.68 9257.58 9256.29 9255.5 9254.79 9253.87 9254.89 9256.64 9257.73 9261.5 9270.31 9285.65 9307.22 9332.82 9356.54 9382.39 9429.28 9430.89 9374.04 9375.38 9430.16 9410.71 9069.87 9042.21 9123.47 9163.27 9178.29 9186.14 9193.98 9214.93 9261.74 9296.67 9350.86 9410.05
9269.89 9269.05 9267.99 9266.58 9269.04 9270.33 9271.79 9271.38 9270.75 9273.06 9272.39 9271.93 9272.1 9269.69 9267.36 9267.47 9271.29 9283.83 9283.84 9289.54 9273.53 9259.52 9249.62 9277.78 9321.04 9327.73 9313.69 9295.73 9279.62 9266.81 9260.98 9265.92 9275.23 9268.91 9264.27 9261.94 9260.74 9258.68 9255.61 9259.02 9262.15 9258.22 9255.75 9265.9 9287.28 9312.35 9342.6 9376.19 9400.42 9411.96 9333.27 9184.99 9193.49 9258.57 9159.52 8913.94 8930.19 8938.65 9006.95 9052.38 9069.15 9053.94 9037.35 9133.02 9194.29 9245.32 9335.82
9268.21 9267.44 9265.89 9265.6 9268.81 9272.62 9273.32 9272.05 9270.95 9270.32 9270.66 9271.1 9269.1 9269.39 9268.19 9268.34 9275.16 9281.02 9282.11 9282.63 9270.72 9257.02 9252.44 9306.56 9375.18 9358.35 9330.56 9303.72 9283.6 9271.1 9266.33 9269.86 9271.54 9269.82 9267.03 9265.46 9263.63 9265.17 9266.79 9272.4 9278.82 9274.42 9261.13 9265.07 9281.38 9301.64 9330.02 9362.87 9398.93 9315.38 9155.59 9009.77 9037.82 9070.89 9005.01 8901.93 8877.28 8889.28 8920.56 8953.91 8987.78 9005.46 9015.25 9069.61 9104.21 9117.42 9137.05
9267.37 9266.59 9265.94 9266.05 9268.37 9271.79 9272.87 9270.8 9268.19 9266.06 9268.84 9271.06 9272.29 9270.32 9268.4 9267.68 9269.14 9269.98 9269.18 9271.28 9266.16 9256.56 9250.86 9316.46 9376.66 9368.27 9338.22 9304.45 9274.1 9267.99 9267.21 9269.01 9265.46 9266.46 9266.92 9267.11 9268.34 9272.39 9280.33 9290.56 9299.21 9311.32 9276.74 9269.71 9273.13 9276.96 9284.46 9292.26 9289.05 9130.98 9004.44 8921.85 8953.75 8968.54 8907.96 8825.94 8770.39 8784.82 8816.28 8858.76 8917.82 9001.83 9043.81 9038.19 9045.67 9035.92 9034.42
9265.44 9265.01 9264.09 9264.89 9266.2 9268.87 9270.69 9270.91 9268.81 9266.09 9268.73 9271.4 9273 9270.66 9267.87 9266.17 9267.64 9270.05 9272.13 9268.37 9266.33 9269.05 9271.33 9339.28 9384.21 9371.93 9338.87 9302.56 9276.68 9267.13 9263.72 9258.71 9260.49 9262.68 9265.22 9267.66 9271.55 9275.94 9282.32 9294.07 9303.69 9307.55 9304.45 9280.59 9262.7 9245.75 9224.6 9191.73 9128.89 8979.27 8918.2 8892.24 8928.94 8961.73 8794.61 8665.04 8645.99 8672.31 8706.88 8759.6 8814.63 8893.31 8952.13 8981.04 9014.4 9024.46 8984.32
9260.31 9260 9260.09 9260.96 9262.61 9263.29 9263.99 9267.08 9268.58 9269.32 9269.7 9271.65 9272.36 9269.94 9266.61 9263.49 9263.44 9268.26 9270.27 9268.74 9266.36 9265.89 9280.35 9367.18 9397.88 9369.57 9333.18 9295.67 9271.39 9271.35 9263.54 9257.07 9257.44 9260.57 9264.12 9268.45 9273.25 9279.89 9287.47 9292.87 9302.03 9310.59 9305.74 9278.8 9247.07 9210.53 9167.01 9107.39 9022.28 8943.72 8862.63 8830.85 8881.93 8920.15 8638.5 8563.2 8604.49 8632.61 8666.63 8660.54 8684.68 8719.48 8805.94 8899.26 8986.36 9061.68 9025.39
9257.79 9257.49 9258.53 9259.46 9260.37 9260.63 9261.5 9263.62 9266 9267.47 9269.54 9271.37 9271.38 9269.41 9266.68 9263.93 9265.19 9267.75 9269.44 9268.78 9267.19 9270.39 9296.68 9370.42 9386.23 9359.81 9322.92 9286 9266.07 9266.17 9260.28 9252.52 9255.78 9259.13 9263.62 9268.53 9273.44 9280.2 9289.09 9295.86 9295.23 9300.37 9303.21 9268.41 9223.86 9173.68 9116.13 9050.85 8983.29 8946.94 8818.16 8763.51 8796.16 8770.05 8535.3 8514.77 8531.31 8533.79 8524.43 8554.16 8572.38 8593.8 8685.51 8799.49 8920.58 9034.4 9054.41
9257.49 9256.86 9257.24 9258.24 9259.47 9260.3 9260.82 9265.07 9265.15 9266.24 9268.54 9271.1 9271.24 9268.31 9266.55 9266.15 9265.16 9266.14 9267.97 9265.86 9266.25 9282.66 9332.51 9356.45 9365.09 9344.31 9310.26 9273.34 9257.32 9260.9 9258.47 9254.54 9256.99 9259.65 9264.18 9269.26 9273.03 9275.99 9285.53 9296.23 9294.4 9294.69 9285.33 9247.47 9193.67 9132.16 9071.09 9013.97 8962.95 8916.74 8778.13 8710.88 8711.94 8669.05 8474.74 8470.61 8457.17 8451.31 8466.84 8476.61 8494.37 8529.72 8597.67 8694.39 8812.28 8957.3 9028.28
9259.82 9257.41 9256.6 9258.01 9260.14 9262.22 9263.53 9264.71 9267.18 9267.02 9266.81 9266.11 9266.35 9265.74 9264.48 9264.17 9264.75 9263.61 9263.09 9261.18 9260.81 9281.92 9327.86 9351.61 9349.98 9330.33 9302.61 9274.46 9263.31 9265.72 9263.06 9259.79 9257.94 9261.56 9266.36 9272.36 9277.22 9279.92 9290.29 9302.42 9297.65 9294.43 9274.92 9226.78 9161.81 9091.08 9021.49 8966.68 8891.46 8784.97 8747.21 8671.02 8631.92 8573.56 8457.19 8452.85 8432.99 8422.39 8420.99 8426.36 8435.68 8460.21 8514.49 8581.25 8658.34 8767.21 8966.35
9259.45 9257.92 9256.85 9258.57 9261.2 9265.03 9271.26 9267.53 9266.34 9265.5 9265.25 9265.16 9264.35 9263.16 9261.67 9261.51 9263.35 9262.48 9261.24 9260.28 9261.84 9267.86 9288.75 9339.41 9331.4 9319.01 9300.5 9277.65 9272.31 9271.47 9268.23 9263.1 9262.15 9264.99 9270.1 9276.12 9283.95 9296.72 9305.86 9311.61 9310.7 9305.31 9273.53 9213.63 9136.85 9048.19 8955.26 8864.05 8756.34 8663.14 8585.48 8577.07 8556.68 8513.25 8461.95 8446.84 8427.94 8413.1 8404.72 8402.68 8402.87 8413.25 8447.6 8484.75 8524.29 8622.44 8848.88
9259.86 9258.73 9258.72 9259.03 9261.13 9263.8 9262.64 9261.52 9261.31 9262.74 9263.48 9263.31 9262.67 9261.45 9259.82 9258.42 9258.48 9260.65 9261.24 9260.53 9262.18 9265.09 9273.29 9288.73 9307.4 9311.15 9306.22 9296.46 9289.03 9281.44 9273.35 9269.08 9267.68 9270.91 9275.21 9281.1 9289.32 9300.02 9318.4 9337.24 9345.67 9334.76 9286.8 9209.67 9115.6 9010.68 8895.39 8769.17 8657.08 8588.8 8531.12 8514.2 8501.04 8481.85 8463.66 8447.77 8437.83 8423.23 8416.66 8408.85 8403.45 8403.7 8410.82 8428.06 8453.78 8535.42 8710.96
9260.61 9257.67 9256.47 9258.48 9260.51 9262.32 9263.3 9262.41 9260.13 9261.53 9262.22 9261.18 9261.57 9260.39 9259.56 9259.58 9260.46 9260.49 9260.16 9259.12 9258.05 9260.52 9262.85 9269.74 9293.66 9310.78 9319.01 9311.24 9294.25 9282.54 9276.01 9274.42 9276.73 9277.34 9279.75 9285.26 9293.11 9306.67 9325.94 9356.71 9386.39 9367.83 9304.64 9214.35 9106.4 8984.32 8854.93 8726.52 8631.08 8570.92 8526.55 8499.5 8481.99 8479.17 8473.94 8465.95 8469.9 8473.81 8469.47 8450.03 8421.52 8401.93 8399.22 8407.18 8433.02 8498.57 8616.73
9266.57 9259.89 9257.1 9258.14 9259.42 9260.97 9262.98 9261.92 9261.49 9260.79 9261.84 9263.3 9260.84 9259.31 9258.34 9258.8 9259.82 9260.77 9261.68 9261.51 9260.23 9262.13 9267.26 9272.02 9289.99 9312.7 9337.79 9341.51 9295.97 9283.22 9283.33 9281.27 9282.67 9281.51 9283.19 9287.2 9294.47 9307.18 9323.32 9342.79 9363.06 9384.08 9324.65 9221.14 9097.66 8967.53 8834.28 8703.11 8620.66 8569.76 8532.58 8502.79 8485.04 8479.02 8487.62 8484.35 8495.58 8543.73 8549.85 8532.64 8463.56 8421.94 8407.49 8407.52 8429.54 8471.61 8555.81
9264.92 9262.08 9259.46 9258.23 9257.94 9258.1 9259.41 9261.51 9257.77 9258.84 9259.97 9259.8 9259.37 9257.77 9256.19 9257.48 9259.03 9260.43 9262.39 9262.17 9258.44 9263.66 9264.08 9268.75 9282.85 9303.82 9336.75 9366.3 9314.09 9298.57 9286.91 9282.84 9282.01 9284.23 9286.2 9289.77 9294.16 9302.54 9318.04 9331.86 9370.16 9427.4 9348.77 9227.53 9093.56 8956.71 8827.53 8726.39 8606.71 8567.02 8534.18 8506.67 8492.06 8487.09 8500.77 8478.92 8467.45 8474.51 8531.81 8578.95 8500.71 8450.59 8428.23 8420.11 8426.09 8462.82 8538.61
9262.85 9260.78 9260.12 9258.51 9257.3 9256.02 9254.07 9255.91 9256.19 9257.49 9257.85 9257.63 9257.46 9256.58 9256.62 9255.89 9257.87 9258.92 9258.5 9255.68 9252.5 9253.03 9255.03 9261.12 9270.56 9280.7 9290.71 9320.36 9365.03 9321.96 9290.74 9285.13 9284.53 9287.35 9290.18 9294.95 9300.11 9307.32 9321.82 9343.72 9379.31 9446.91 9356.58 9230.46 9089.73 8946.56 8810.31 8681.88 8610 8564.94 8529.1 8502.66 8491.79 8490.98 8474.98 8456.86 8417.68 8369.95 8444.4 8552.19 8514.72 8473.44 8456.13 8445.51 8438.58 8479.25 8562.97
9262.29 9262.85 9260.9 9258.95 9257.14 9255.57 9255.96 9261.34 9257.86 9257.47 9256.99 9256.61 9255.94 9255.43 9255.66 9258.15 9257.87 9257.7 9257.22 9256.6 9254.87 9249.11 9250.2 9256.04 9258.3 9258.97 9260.79 9292.39 9337.79 9323.8 9300.23 9293.53 9292.22 9292.3 9295.19 9302.47 9313.78 9318.68 9325.33 9348.75 9386.18 9418.72 9347.91 9225.95 9084.5 8939.38 8803.11 8701.51 8624.92 8560.23 8519.87 8496.4 8482.01 8497.32 8498.22 8455.67 8405.25 8359.2 8425.21 8567.59 8510.83 8489.47 8489.45 8498.34 8510.99 8527.65 8599.88
9261.6 9263.34 9261.03 9259.15 9257.48 9256.01 9256.12 9258.97 9260.04 9257.5 9256.67 9255.6 9254.89 9254.66 9254.67 9258.93 9257.22 9256.53 9255.86 9255.54 9253.53 9250.13 9252.13 9253.84 9249.91 9245.47 9245.7 9267.01 9298.24 9319.23 9319.88 9305.26 9297.89 9293.33 9295.89 9305.59 9317.73 9320.8 9322.86 9338.14 9400.44 9415.39 9337.21 9215.27 9074.38 8928.39 8788.68 8688.95 8620.63 8557.95 8516.12 8493.46 8480.94 8489.87 8501.23 8460.92 8425.18 8411.56 8458.15 8529.27 8491.29 8499.35 8525.84 8557.7 8583.75 8583.9 8634.37
9260.42 9259.7 9259.91 9259.35 9258.5 9257.57 9257.61 9258.02 9258.32 9255.64 9253.18 9253.31 9253.74 9254.3 9255.62 9254.22 9255.82 9255.46 9253.99 9251.78 9249.32 9248.66 9251.73 9252.18 9244.74 9237.97 9240.6 9264.77 9296.55 9322.01 9326.09 9309.96 9292.4 9284.49 9291.08 9303.35 9316.82 9318.2 9317.62 9331.87 9406.74 9411.94 9321.81 9200.71 9063.81 8919.2 8781.27 8694.52 8620.04 8551.9 8516.09 8494.08 8476.51 8463.14 8473.52 8460.26 8446.82 8448.9 8468.4 8476.29 8468.05 8512.58 8565.22 8606.09 8631.75 8644.99 8684.33
