real_craters/C078-750m.grd
DSAA
77 77
-28.595 28.595
-28.595 28.595
8359.1999436527 9539.7008834716
[rows 0 to 40 of 77, columns 0 to 76 of 77]
9278 9277 9276 9275 9275 9275 9278 9284 9290 9294 9281 9276 9269 9269 9268 9265 9266 9262 9254 9254 9243 9232 9222 9215 9207 9195 9194 9196 9197 9196 9191 9185 9185 9185 9191 9200 9203 9208 9231 9234 9219 9210 9209 9217 9225 9237 9246 9244 9249 9254 9258 9259 9266 9276 9305 9308 9297 9285 9273 9269 9269 9273 9282 9296 9313 9317 9320 9324 9326 9327 9327 9326 9326 9325 9324 9322 9319
9269 9272 9272 9273 9275 9274 9278 9284 9289 9290 9286 9281 9273 9267 9263 9263 9264 9264 9255 9252 9245 9231 9221 9215 9207 9199 9196 9197 9198 9194 9190 9185 9180 9183 9199 9213 9203 9210 9250 9249 9265 9219 9218 9225 9230 9229 9235 9234 9240 9254 9260 9261 9269 9281 9298 9303 9295 9283 9273 9267 9271 9275 9289 9305 9319 9326 9328 9328 9328 9328 9327 9326 9325 9324 9322 9321 9319
9268 9268 9269 9270 9269 9271 9274 9281 9285 9287 9289 9284 9277 9266 9259 9262 9259 9253 9249 9247 9239 9228 9218 9218 9207 9198 9198 9199 9201 9202 9191 9185 9182 9182 9202 9223 9196 9221 9239 9225 9257 9258 9246 9241 9237 9234 9227 9229 9239 9253 9259 9257 9269 9290 9297 9297 9291 9283 9274 9273 9275 9290 9299 9313 9326 9333 9333 9332 9331 9329 9327 9326 9324 9323 9322 9320 9318
9265 9265 9266 9267 9270 9272 9276 9280 9280 9282 9284 9281 9273 9266 9260 9260 9257 9252 9246 9242 9236 9228 9218 9215 9210 9203 9201 9202 9202 9200 9191 9183 9183 9183 9198 9216 9193 9223 9229 9213 9232 9270 9276 9255 9239 9228 9222 9230 9240 9251 9252 9255 9268 9286 9294 9293 9289 9282 9275 9276 9287 9295 9304 9316 9330 9338 9337 9334 9331 9330 9327 9328 9327 9325 9323 9321 9318
9264 9264 9264 9264 9266 9270 9277 9283 9287 9286 9283 9277 9271 9265 9261 9261 9257 9251 9246 9236 9234 9232 9225 9220 9210 9204 9203 9203 9203 9201 9192 9183 9183 9184 9188 9190 9191 9226 9221 9211 9219 9263 9281 9258 9234 9222 9224 9233 9242 9251 9254 9259 9270 9283 9288 9288 9286 9284 9283 9283 9283 9286 9301 9315 9329 9337 9337 9335 9333 9329 9329 9328 9329 9326 9324 9321 9318
9263 9263 9262 9263 9266 9270 9278 9286 9293 9293 9285 9281 9275 9266 9264 9264 9256 9248 9243 9241 9236 9236 9236 9212 9209 9205 9204 9204 9203 9201 9197 9192 9185 9184 9185 9188 9201 9227 9212 9206 9214 9233 9259 9246 9226 9220 9228 9237 9246 9253 9259 9270 9280 9285 9285 9283 9284 9286 9284 9278 9277 9281 9296 9311 9323 9330 9334 9335 9334 9329 9329 9329 9330 9327 9324 9321 9318
9261 9262 9262 9262 9269 9277 9282 9287 9293 9290 9287 9285 9277 9266 9261 9260 9255 9248 9239 9234 9233 9231 9226 9211 9204 9206 9207 9206 9204 9202 9199 9194 9188 9185 9185 9189 9218 9223 9206 9202 9214 9229 9242 9233 9220 9226 9239 9255 9271 9265 9267 9281 9288 9292 9286 9282 9282 9285 9285 9277 9277 9283 9294 9307 9320 9331 9334 9334 9329 9329 9329 9329 9328 9327 9325 9322 9318
9260 9262 9264 9268 9273 9280 9284 9286 9286 9283 9282 9280 9274 9267 9262 9261 9258 9248 9239 9231 9229 9224 9218 9214 9211 9212 9214 9212 9205 9203 9204 9198 9197 9193 9186 9203 9243 9219 9199 9203 9221 9222 9231 9227 9221 9239 9268 9307 9322 9308 9292 9308 9315 9294 9285 9278 9279 9284 9289 9283 9282 9285 9295 9306 9319 9333 9331 9332 9328 9328 9329 9329 9331 9329 9326 9323 9320
9258 9261 9264 9268 9273 9277 9281 9285 9284 9279 9278 9275 9271 9265 9267 9267 9266 9257 9243 9236 9229 9223 9219 9215 9215 9224 9232 9233 9218 9220 9209 9212 9223 9220 9209 9248 9255 9206 9203 9213 9224 9220 9228 9233 9231 9253 9285 9303 9342 9360 9348 9335 9315 9301 9291 9278 9276 9279 9280 9283 9280 9287 9296 9306 9314 9314 9324 9326 9327 9327 9328 9328 9328 9327 9325 9322 9318
9255 9255 9266 9272 9272 9274 9279 9282 9278 9273 9274 9276 9268 9261 9266 9270 9274 9276 9240 9233 9231 9229 9226 9216 9224 9246 9255 9263 9282 9260 9271 9293 9261 9253 9272 9293 9235 9212 9221 9218 9216 9215 9242 9251 9253 9265 9274 9274 9293 9313 9334 9351 9361 9332 9310 9285 9280 9281 9276 9273 9285 9291 9299 9307 9315 9328 9329 9326 9326 9327 9327 9328 9329 9327 9323 9320 9315
9257 9262 9270 9277 9275 9274 9276 9279 9275 9271 9266 9263 9263 9261 9266 9271 9273 9268 9245 9239 9233 9231 9228 9227 9287 9275 9273 9275 9270 9260 9247 9260 9259 9256 9260 9236 9212 9216 9207 9205 9207 9216 9235 9265 9285 9273 9263 9258 9267 9283 9316 9352 9383 9366 9334 9320 9308 9287 9272 9263 9286 9296 9304 9311 9317 9323 9327 9326 9326 9326 9327 9327 9328 9325 9321 9316 9310
9261 9264 9273 9279 9277 9275 9274 9274 9273 9269 9264 9258 9256 9259 9267 9271 9273 9270 9257 9248 9234 9231 9261 9284 9295 9282 9274 9273 9265 9244 9224 9230 9237 9236 9224 9204 9220 9210 9207 9205 9209 9219 9236 9263 9282 9271 9263 9258 9280 9281 9304 9333 9364 9354 9332 9323 9305 9282 9270 9268 9284 9299 9307 9313 9318 9324 9328 9326 9326 9326 9326 9326 9328 9325 9320 9313 9305
9265 9271 9276 9279 9275 9273 9270 9266 9271 9274 9269 9256 9252 9250 9259 9268 9275 9273 9262 9251 9234 9235 9278 9270 9262 9264 9261 9256 9247 9229 9212 9212 9217 9215 9208 9208 9223 9216 9205 9202 9208 9218 9230 9245 9259 9262 9256 9267 9287 9283 9297 9310 9308 9308 9308 9294 9278 9270 9273 9283 9295 9303 9308 9314 9319 9325 9328 9326 9325 9325 9325 9326 9326 9326 9319 9309 9299
9268 9273 9277 9277 9275 9272 9270 9271 9272 9278 9273 9257 9252 9247 9254 9266 9276 9271 9258 9249 9233 9240 9307 9265 9245 9244 9243 9233 9226 9219 9211 9208 9208 9205 9202 9206 9208 9212 9199 9202 9210 9218 9224 9237 9250 9257 9262 9269 9286 9291 9295 9300 9300 9296 9295 9285 9273 9274 9281 9295 9304 9306 9309 9313 9317 9321 9322 9323 9324 9324 9325 9325 9326 9327 9319 9308 9298
9270 9274 9277 9277 9275 9272 9269 9268 9270 9273 9265 9257 9253 9250 9255 9264 9272 9271 9263 9249 9237 9245 9289 9270 9243 9236 9228 9217 9213 9214 9217 9213 9209 9205 9200 9197 9201 9212 9221 9220 9219 9222 9229 9239 9250 9258 9264 9270 9285 9298 9297 9297 9302 9304 9298 9286 9278 9280 9296 9303 9303 9306 9310 9313 9316 9319 9323 9322 9322 9323 9324 9325 9325 9326 9320 9310 9300
9271 9275 9277 9277 9275 9272 9269 9268 9269 9267 9261 9255 9266 9255 9258 9262 9266 9269 9261 9251 9243 9241 9253 9263 9249 9239 9228 9217 9215 9218 9220 9216 9212 9207 9204 9202 9210 9209 9223 9228 9225 9226 9230 9244 9255 9261 9266 9269 9278 9294 9296 9294 9303 9322 9308 9291 9280 9285 9304 9306 9306 9308 9311 9313 9316 9318 9319 9320 9320 9321 9322 9323 9324 9327 9321 9311 9300
9270 9274 9275 9275 9275 9273 9270 9269 9272 9268 9263 9264 9258 9254 9257 9260 9260 9266 9265 9260 9248 9241 9246 9264 9250 9245 9233 9223 9221 9225 9220 9221 9218 9212 9206 9207 9211 9202 9202 9213 9226 9232 9235 9249 9257 9265 9271 9274 9284 9296 9297 9297 9308 9324 9308 9291 9281 9283 9304 9302 9307 9310 9312 9313 9315 9316 9316 9317 9318 9319 9320 9321 9322 9324 9319 9310 9300
9267 9271 9277 9271 9271 9274 9274 9273 9274 9271 9263 9256 9253 9254 9258 9261 9264 9267 9267 9265 9252 9241 9238 9247 9266 9260 9240 9222 9223 9227 9234 9231 9226 9218 9204 9206 9209 9210 9212 9224 9232 9241 9251 9254 9259 9264 9269 9275 9291 9299 9299 9299 9303 9304 9299 9286 9275 9276 9301 9307 9308 9311 9312 9313 9314 9315 9315 9316 9316 9316 9317 9317 9318 9321 9318 9308 9299
9263 9265 9267 9273 9275 9277 9279 9278 9273 9270 9262 9259 9258 9256 9261 9265 9270 9271 9274 9263 9258 9252 9248 9263 9299 9281 9247 9224 9231 9238 9247 9239 9232 9229 9227 9209 9216 9220 9223 9231 9241 9250 9261 9269 9270 9274 9271 9283 9304 9304 9303 9303 9302 9301 9293 9281 9273 9281 9292 9309 9311 9312 9312 9313 9314 9314 9314 9314 9313 9313 9313 9312 9313 9316 9314 9304 9295
9260 9261 9265 9272 9276 9279 9281 9278 9274 9269 9261 9257 9258 9261 9267 9272 9277 9280 9294 9317 9273 9267 9288 9297 9314 9287 9248 9227 9242 9259 9247 9238 9232 9224 9209 9222 9240 9227 9233 9244 9251 9258 9264 9274 9280 9278 9271 9283 9319 9313 9306 9307 9300 9292 9284 9277 9276 9294 9309 9311 9311 9312 9313 9314 9315 9314 9314 9314 9312 9311 9309 9308 9306 9303 9298 9296 9293
9259 9261 9266 9269 9274 9279 9284 9280 9275 9275 9266 9261 9261 9268 9275 9283 9287 9325 9314 9297 9274 9307 9308 9303 9285 9264 9242 9230 9235 9232 9232 9233 9231 9224 9209 9221 9233 9242 9243 9254 9264 9271 9269 9288 9290 9275 9277 9288 9305 9302 9305 9299 9299 9288 9279 9276 9279 9307 9312 9312 9313 9314 9317 9318 9318 9316 9314 9311 9310 9309 9307 9304 9299 9294 9288 9289 9289
9258 9261 9263 9268 9273 9278 9280 9277 9274 9273 9270 9268 9270 9273 9281 9287 9273 9313 9308 9269 9248 9254 9257 9269 9257 9244 9238 9235 9236 9232 9230 9232 9233 9233 9228 9222 9230 9243 9251 9264 9280 9295 9306 9303 9306 9303 9291 9288 9289 9290 9309 9331 9306 9290 9281 9282 9288 9321 9318 9314 9317 9323 9323 9324 9323 9320 9315 9312 9311 9309 9306 9302 9296 9290 9286 9286 9289
9259 9259 9262 9264 9272 9277 9277 9274 9273 9270 9270 9270 9273 9283 9286 9282 9279 9336 9296 9262 9246 9247 9276 9267 9251 9240 9240 9238 9237 9235 9233 9235 9236 9235 9232 9221 9230 9252 9259 9277 9298 9320 9338 9329 9315 9316 9300 9291 9283 9280 9302 9314 9307 9293 9286 9296 9307 9331 9321 9321 9325 9325 9331 9334 9331 9326 9320 9314 9313 9310 9307 9302 9297 9291 9285 9288 9294
9262 9261 9262 9270 9276 9279 9278 9273 9273 9276 9272 9273 9279 9286 9286 9282 9261 9268 9271 9253 9240 9251 9277 9269 9255 9245 9243 9240 9236 9231 9237 9241 9245 9248 9244 9242 9249 9262 9272 9291 9317 9338 9354 9342 9337 9312 9305 9299 9290 9281 9306 9317 9307 9296 9295 9313 9332 9334 9334 9333 9339 9345 9350 9349 9342 9334 9326 9319 9316 9313 9309 9304 9299 9295 9292 9295 9302
9268 9272 9271 9281 9282 9284 9285 9278 9271 9268 9271 9277 9281 9287 9283 9267 9255 9259 9261 9252 9240 9251 9273 9265 9252 9243 9245 9242 9240 9240 9244 9247 9251 9254 9253 9254 9269 9278 9288 9322 9338 9353 9359 9333 9322 9320 9315 9344 9318 9294 9313 9317 9307 9294 9288 9318 9340 9323 9325 9340 9354 9372 9376 9363 9351 9340 9331 9322 9317 9316 9311 9306 9302 9295 9298 9303 9310
9273 9280 9277 9282 9283 9282 9281 9277 9268 9264 9267 9265 9268 9283 9280 9263 9259 9264 9264 9262 9238 9240 9251 9254 9251 9247 9246 9243 9241 9249 9253 9256 9259 9259 9278 9304 9315 9313 9350 9365 9365 9360 9356 9337 9334 9337 9337 9336 9322 9308 9323 9318 9305 9292 9288 9315 9342 9348 9341 9349 9363 9381 9387 9370 9355 9344 9334 9331 9323 9318 9313 9309 9305 9298 9296 9300 9317
9273 9274 9275 9282 9281 9277 9279 9278 9266 9261 9264 9269 9278 9289 9278 9258 9267 9271 9270 9264 9239 9234 9241 9247 9249 9247 9245 9250 9250 9257 9264 9271 9279 9295 9357 9393 9395 9414 9433 9404 9377 9361 9347 9346 9329 9336 9338 9328 9319 9315 9317 9312 9302 9293 9291 9304 9318 9327 9344 9351 9360 9371 9371 9362 9352 9340 9332 9325 9319 9317 9313 9311 9309 9303 9303 9310 9326
9273 9273 9272 9275 9276 9276 9284 9282 9269 9263 9264 9272 9290 9287 9267 9255 9265 9276 9274 9262 9237 9234 9240 9248 9250 9250 9247 9259 9272 9271 9287 9301 9316 9357 9449 9462 9392 9416 9474 9366 9338 9392 9391 9366 9337 9327 9325 9311 9311 9307 9302 9305 9302 9297 9292 9301 9306 9316 9339 9347 9353 9354 9348 9350 9345 9338 9329 9320 9315 9312 9311 9312 9313 9309 9312 9319 9335
9272 9272 9270 9272 9272 9272 9270 9273 9271 9267 9265 9272 9278 9271 9270 9254 9281 9297 9284 9259 9248 9260 9260 9257 9255 9254 9255 9257 9262 9278 9307 9344 9382 9452 9374 9400 9411 9047 9123 9173 9186 9200 9262 9321 9410 9329 9324 9317 9314 9313 9311 9307 9307 9307 9307 9305 9303 9322 9334 9343 9348 9348 9347 9345 9341 9332 9320 9308 9296 9303 9307 9311 9313 9317 9324 9332 9346
9269 9268 9267 9270 9273 9271 9271 9272 9272 9269 9269 9280 9285 9282 9257 9256 9368 9334 9301 9277 9263 9275 9270 9265 9263 9261 9264 9268 9257 9274 9310 9357 9406 9332 9100 9140 9066 8918 8914 8983 9025 9007 9093 9163 9218 9350 9340 9336 9331 9316 9302 9310 9313 9316 9319 9314 9311 9324 9331 9343 9347 9348 9350 9345 9338 9328 9315 9299 9286 9295 9303 9311 9318 9326 9336 9347 9358
9267 9266 9266 9270 9273 9269 9266 9270 9272 9269 9268 9270 9269 9269 9257 9273 9377 9354 9304 9269 9267 9266 9266 9268 9268 9276 9291 9306 9277 9272 9277 9288 9289 9054 8922 8971 8908 8793 8785 8836 8918 9048 9038 9044 9034 9171 9329 9361 9340 9324 9312 9316 9322 9328 9333 9337 9337 9355 9358 9350 9350 9351 9352 9348 9339 9325 9311 9297 9282 9291 9301 9311 9322 9333 9346 9358 9366
9263 9262 9262 9265 9267 9270 9268 9270 9273 9269 9264 9268 9273 9268 9269 9311 9395 9356 9300 9272 9264 9257 9262 9266 9273 9280 9294 9306 9305 9269 9228 9174 9064 8916 8863 8942 8710 8602 8650 8697 8750 8838 8943 9033 9004 8979 9242 9311 9312 9316 9313 9322 9330 9336 9343 9345 9355 9361 9354 9354 9356 9357 9359 9353 9340 9326 9311 9296 9284 9285 9300 9312 9325 9338 9352 9365 9371
9258 9258 9259 9261 9262 9265 9267 9271 9271 9268 9264 9267 9269 9268 9270 9334 9386 9342 9286 9266 9260 9254 9259 9266 9273 9285 9296 9294 9303 9247 9174 9085 8983 8883 8764 8800 8535 8523 8534 8540 8572 8632 8799 8983 9054 8989 8978 9153 9270 9324 9322 9331 9338 9345 9350 9357 9368 9374 9364 9361 9361 9363 9364 9356 9341 9325 9310 9296 9285 9284 9298 9311 9326 9341 9356 9369 9374
9258 9257 9258 9260 9261 9266 9267 9268 9269 9266 9266 9261 9267 9263 9286 9348 9357 9322 9271 9263 9260 9255 9261 9268 9274 9277 9299 9295 9281 9209 9113 9021 8940 8810 8695 8658 8461 8451 8433 8444 8464 8525 8638 8801 9002 9056 8973 9127 9270 9358 9341 9338 9343 9352 9361 9365 9373 9370 9377 9376 9367 9365 9361 9353 9340 9324 9308 9294 9276 9276 9295 9310 9327 9343 9358 9370 9375
9259 9257 9259 9263 9271 9266 9265 9265 9264 9262 9262 9263 9261 9261 9268 9319 9331 9310 9278 9272 9268 9262 9265 9273 9284 9302 9312 9308 9274 9177 9048 8909 8756 8630 8577 8539 8462 8437 8413 8403 8403 8430 8485 8555 8849 9181 9192 9221 9314 9390 9355 9338 9349 9362 9373 9376 9379 9378 9377 9373 9365 9362 9357 9348 9337 9323 9308 9294 9278 9278 9294 9310 9327 9344 9360 9372 9377
9260 9258 9259 9262 9263 9261 9262 9263 9262 9260 9259 9260 9261 9259 9261 9264 9299 9312 9305 9290 9275 9272 9274 9280 9291 9312 9349 9363 9296 9163 8995 8809 8640 8549 8503 8478 8469 8454 8442 8427 8410 8400 8414 8476 8659 9023 9226 9260 9328 9435 9363 9347 9359 9370 9381 9381 9377 9377 9369 9359 9360 9358 9354 9349 9335 9320 9305 9293 9279 9278 9292 9309 9327 9345 9362 9377 9385
9267 9258 9258 9260 9263 9262 9261 9263 9261 9259 9259 9260 9262 9261 9262 9269 9290 9325 9342 9285 9283 9282 9282 9285 9294 9315 9343 9384 9325 9161 8968 8768 8621 8551 8503 8480 8488 8486 8544 8550 8464 8413 8408 8448 8556 8858 9104 9210 9249 9281 9336 9372 9375 9380 9380 9382 9389 9378 9370 9366 9358 9353 9348 9341 9328 9314 9301 9290 9280 9274 9288 9306 9325 9345 9363 9378 9386
9264 9262 9258 9257 9257 9258 9258 9260 9258 9256 9257 9259 9260 9256 9258 9261 9277 9304 9342 9325 9289 9284 9286 9290 9296 9311 9335 9430 9356 9162 8952 8762 8603 8551 8505 8491 8476 8454 8413 8545 8506 8450 8430 8442 8549 8864 9087 9156 9186 9215 9306 9360 9385 9389 9391 9381 9376 9370 9366 9361 9356 9348 9340 9327 9317 9308 9299 9289 9278 9268 9285 9305 9326 9346 9364 9378 9384
9262 9262 9259 9256 9256 9259 9257 9257 9256 9255 9258 9258 9257 9256 9249 9253 9258 9259 9292 9335 9300 9292 9292 9298 9314 9320 9349 9416 9348 9157 8939 8747 8625 8535 8496 8487 8498 8431 8359 8509 8511 8488 8498 8515 8600 8876 9071 9140 9197 9251 9315 9378 9396 9388 9379 9375 9356 9363 9365 9360 9357 9346 9335 9321 9312 9305 9297 9290 9281 9274 9288 9307 9329 9350 9367 9380 9387
9261 9261 9259 9257 9257 9261 9257 9255 9254 9255 9256 9256 9255 9254 9250 9253 9247 9241 9264 9310 9325 9301 9288 9299 9322 9320 9336 9424 9330 9139 8923 8725 8619 8532 8493 8472 8486 8448 8436 8489 8475 8524 8583 8610 8658 8887 9051 9133 9224 9296 9345 9380 9393 9387 9378 9367 9363 9365 9370 9376 9365 9347 9332 9321 9313 9309 9303 9295 9287 9283 9291 9312 9333 9354 9371 9385 9390
9259 9259 9260 9259 9257 9256 9254 9251 9253 9252 9257 9256 9253 9246 9244 9249 9241 9236 9272 9317 9330 9296 9276 9291 9306 9315 9320 9407 9302 9120 8914 8725 8612 8535 8499 8455 8459 8463 8465 8468 8471 8577 8690 8723 8761 8876 9051 9135 9232 9320 9377 9402 9393 9385 9377 9365 9377 9374 9371 9368 9358 9344 9334 9328 9321 9319 9312 9303 9295 9286 9295 9320 9342 9363 9380 9393 9398
