real_craters/C078-300m.grd
DSAA
192 192
-28.595 28.595
-28.595 28.595
8345.2651038465 9560.7950952098
[rows 30 to 59 of 192, columns 67 to 133 of 192]
9259.17 9257.07 9254.41 9250.79 9245.31 9237.36 9228.97 9221.12 9215.32 9211.27 9210.84 9213.65 9215.62 9217.07 9217.69 9217.38 9216.32 9213.03 9209.67 9208.1 9208.22 9207.13 9212.47 9219.08 9226.45 9222.32 9215.49 9210.17 9206.16 9203.65 9202.41 9202.64 9204.67 9207.03 9210 9213.86 9218.2 9222.76 9227.26 9233.92 9240.19 9245.65 9249.72 9256.94 9262.22 9263.63 9263.01 9261.16 9258.39 9254.88 9259.64 9265.46 9273.7 9286.2 9286.59 9283.52 9282 9285.94 9293.01 9299.62 9305.75 9310.58 9313.38 9312.67 9308.55 9305.25 9309.42
9250.58 9247.18 9242.25 9237.47 9235.14 9230.24 9223.68 9215.94 9209.68 9205.62 9204.98 9208.14 9210.4 9211.47 9211.72 9211.23 9210.47 9209.05 9206.45 9206.25 9207.03 9209.34 9214.3 9222.37 9230.18 9223.91 9215.99 9209.16 9204.12 9201.31 9200.11 9199.66 9201.79 9206.17 9210.11 9214.1 9217.74 9221.86 9226.5 9229.6 9232.57 9239.77 9246.85 9251.96 9256.47 9259.09 9259.83 9259.54 9258.61 9258.31 9261.98 9268.19 9277.85 9284.61 9285.89 9285.53 9285.73 9288.17 9292.44 9296.63 9300.75 9303.95 9305.58 9304.74 9301.11 9298.91 9300.89
9242.27 9238.78 9236.2 9232.23 9228.58 9224.74 9220.32 9215.52 9210.65 9206.78 9205.64 9206.91 9208.12 9208.68 9208.53 9207.46 9206.52 9205.33 9203.85 9203.91 9205.59 9208.47 9212 9216.8 9219.39 9218.27 9213.67 9207.13 9201.05 9199.21 9199.58 9199.93 9202.58 9206.81 9210.82 9214.49 9217.74 9220.75 9223.69 9225.54 9228.81 9236.74 9244.02 9249.35 9253.2 9255.86 9257.87 9258.88 9260.17 9262.29 9264.47 9268.57 9271.8 9279 9286.29 9287.43 9288.17 9290.43 9292.96 9295.73 9298.37 9300.69 9302 9302.55 9299.95 9296.66 9296.84
9233.66 9229.82 9226.97 9224.39 9222.25 9220.12 9217.96 9215.96 9213.01 9210.26 9208.82 9208.47 9208.3 9207.93 9207.27 9206.32 9204.99 9203.49 9201.83 9200.6 9201.09 9204.25 9206.47 9207.47 9209.44 9213.67 9211.65 9206.7 9200.39 9200.42 9202.36 9203.71 9206.16 9209.43 9212.75 9215.79 9218.52 9220.72 9222.62 9225.03 9230.27 9236.33 9242.84 9247.27 9251.22 9254.3 9256.51 9258.56 9260.77 9263.15 9265.99 9269.41 9273.96 9279.28 9289.49 9291.04 9291.8 9293 9294.34 9295.66 9297.33 9298.89 9300.17 9300.12 9298.5 9294.92 9295.79
9226.96 9221.61 9216.92 9216.49 9216.76 9216.36 9215.64 9215.7 9214.71 9213.88 9212.02 9210.72 9209.57 9208.35 9207.15 9205.81 9204.26 9202.49 9200.6 9198.08 9197.26 9199.06 9201.43 9205.2 9213.76 9212.82 9211.86 9210.32 9207.79 9208.05 9208.96 9209.37 9211.23 9213.42 9215.58 9217.65 9219.76 9221.83 9223.93 9226.82 9232.83 9236.18 9240.22 9246.24 9250.63 9253.97 9256.52 9258.95 9261.06 9263.54 9266.76 9270.01 9273.69 9279.02 9293.03 9296.3 9296.27 9295.52 9295.64 9296.1 9297.04 9298.06 9299.41 9300.17 9299.92 9299.99 9300.1
9221.71 9216.85 9211.92 9212.51 9213.56 9214.04 9213.76 9212.19 9215.39 9217.34 9214.92 9212.67 9210.92 9209.28 9207.65 9206.06 9204.34 9202.51 9200.34 9198.48 9197.08 9197.3 9199.46 9201.92 9206.12 9209.13 9212.29 9215.88 9219.09 9218.81 9218.39 9217.3 9217.63 9217.9 9218.62 9219.76 9221.36 9223.44 9226.28 9229.84 9233.82 9237.78 9242.24 9247.5 9251.31 9254.5 9257.18 9259.64 9262.64 9264.87 9267.37 9270.05 9272.44 9274.12 9290.4 9297.66 9298.08 9296.93 9296.31 9296.11 9296.35 9297.02 9298.55 9301 9301.87 9303.38 9303.8
9220.11 9215.98 9212.66 9212.47 9213.04 9213.83 9214.37 9215.14 9216.17 9216.89 9215.96 9214.11 9212.15 9210.2 9208.33 9206.64 9204.83 9202.95 9201.16 9198.92 9196.66 9197.33 9200.72 9202.23 9199.03 9204.47 9211.88 9219.77 9226.26 9226.62 9227.11 9227.63 9224.25 9222.38 9221.88 9222.33 9223.47 9225.23 9228.09 9232.8 9235.34 9243 9248.11 9250.37 9253.3 9256.12 9258.64 9260.71 9261.25 9264.7 9267.79 9270.53 9271.5 9274.58 9286.9 9293.6 9296.88 9296.92 9296.68 9296.29 9295.96 9295.81 9296.22 9298.08 9301.9 9304.39 9305.03
9220.13 9216.5 9215.12 9214 9214.24 9215.16 9216.05 9216.87 9218.26 9218.56 9216.97 9215.4 9213.6 9211.63 9209.84 9207.97 9206.02 9204.39 9202.72 9199.94 9198.32 9199.17 9202.79 9208.17 9202.2 9203.68 9210.74 9219.76 9227.9 9227.81 9229.33 9230.5 9226.94 9224.88 9224.16 9224.15 9225.04 9226.37 9228.18 9230.09 9235.98 9243.36 9248.93 9252.19 9254.76 9257.49 9259.99 9262.39 9266.28 9266.38 9267.99 9271.41 9274.35 9274.34 9286.38 9294.5 9295.35 9296.04 9296.02 9295.81 9295.52 9294.7 9294.17 9296.26 9303.53 9309.82 9313.49
9221.25 9216.98 9214.69 9215.44 9216.29 9217.39 9218.36 9218.69 9218.71 9218.99 9217.88 9216.67 9215.13 9213.49 9211.8 9209.81 9208.04 9206.5 9206.04 9205.24 9203.21 9202.81 9205.67 9212.32 9207.1 9204.86 9207.83 9212.75 9218.21 9220.57 9223.46 9225.64 9225.02 9224.76 9225.12 9225.8 9226.79 9228.05 9229.53 9231.7 9237.48 9243.74 9249.14 9253.14 9256.02 9258.48 9261.04 9263.21 9264.67 9266.64 9267.22 9267.04 9268.12 9270.82 9280.72 9286.73 9293.13 9295.43 9296.01 9295.64 9295.31 9294.58 9293.91 9297.46 9307.24 9317.59 9326.06
9223.52 9220.53 9218.98 9218.2 9218.92 9220.11 9221.3 9220.65 9218.4 9217.69 9218.5 9218.3 9216.93 9215.4 9213.91 9211.68 9209.82 9208.34 9208.71 9210.07 9206.26 9205.64 9207.5 9212.78 9209.23 9205.62 9204.29 9203.37 9204.73 9210.06 9213.2 9217.33 9221.36 9223.89 9225.84 9227.37 9228.84 9230.1 9231.65 9234.51 9241.5 9249.53 9251.77 9254.32 9256.96 9259.64 9262.19 9264.3 9266 9267.7 9267.97 9266.28 9267.57 9271.45 9282.9 9289.55 9293.52 9295.41 9296.23 9296.29 9296.03 9295.98 9297.17 9301.26 9310.43 9321.22 9330.18
9225.68 9222.76 9221.36 9220.58 9221.34 9223.04 9224.47 9223.24 9220.56 9219.81 9220.31 9220.24 9219.46 9218.04 9216.14 9213.61 9211.21 9208.55 9207.19 9207.25 9206.13 9207.15 9210.15 9213.2 9209.73 9205.92 9202.12 9198.95 9199.47 9204.32 9207.28 9212.98 9219.55 9223.98 9227.16 9229.34 9231.3 9232.73 9234.13 9235.84 9241.28 9250.31 9252.65 9255.05 9257.76 9260.85 9264.04 9266.82 9268.45 9270.66 9272.01 9271.98 9273.83 9277.62 9287.22 9293.48 9295.25 9296.68 9296.94 9296.86 9296.57 9296.96 9299.74 9304.18 9310.61 9318.75 9325.18
9227.15 9223.79 9222.42 9222.06 9223.08 9225.37 9228.3 9226.57 9223.28 9223.12 9223.61 9223.33 9222.36 9220.77 9218.68 9216.11 9212.71 9208.52 9204.01 9202.49 9204.87 9207 9208.79 9209.52 9208.18 9205.26 9202.09 9199.05 9199.95 9204.92 9210.62 9215.55 9220.67 9225.28 9228.95 9231.98 9234.56 9236.72 9238 9239.02 9240.5 9246.68 9251.89 9255.35 9258.5 9261.72 9265.38 9270.43 9273.04 9273.25 9276.44 9282.97 9281.84 9283.58 9289.3 9294.51 9296.56 9297.68 9297.74 9297.5 9297.11 9296.69 9296.84 9301.39 9307.58 9312.61 9314.43
9227.77 9224.21 9222.48 9222.72 9223.88 9226.01 9229.48 9229.61 9228.58 9228.58 9228.26 9227.21 9225.72 9223.75 9221.72 9218.84 9215.14 9210.06 9203.96 9202.47 9205.88 9206.58 9207.43 9207.42 9207.94 9206.49 9205.36 9202.86 9204.29 9209.62 9213.84 9219.44 9223.96 9228.17 9232.03 9235.49 9238.61 9241.18 9243.83 9246.28 9249.25 9252.29 9252.45 9256.07 9259.4 9262.14 9264.71 9268.26 9270.69 9272.17 9275.3 9282.48 9283.68 9286.63 9290.37 9296.25 9298 9298.24 9298.7 9298.4 9298.04 9297.24 9296.7 9300.21 9304.48 9307.24 9307.78
9228.02 9221.48 9221.93 9223.28 9224.41 9225.46 9227.03 9232.78 9236.73 9235.51 9233.64 9231.78 9229.78 9227.49 9225.28 9222.69 9219.63 9215.02 9208.92 9205.09 9205.52 9206.41 9206.9 9208.18 9211.23 9213.25 9212.64 9210.98 9211.87 9216.59 9223.35 9224.97 9227.84 9231.32 9235.04 9238.67 9242.29 9246.09 9250.1 9254.71 9260.61 9256.1 9254.63 9258.21 9261.07 9263.07 9263.66 9262.36 9265.8 9268.94 9270.07 9271.45 9282.08 9289.3 9296.09 9297.85 9300.05 9300 9299.72 9299.5 9299.32 9299.38 9299.27 9300.95 9302.99 9304.05 9302.99
9229.22 9224.4 9223.65 9225.13 9226.57 9226.96 9227.86 9236.15 9241.49 9240.8 9238.26 9235.51 9232.99 9230.73 9228.67 9226.76 9225.02 9222.62 9218.36 9210.47 9206.61 9207.18 9209.88 9211.61 9215.65 9220.97 9219.96 9218.17 9218.2 9220.48 9224.74 9228.11 9231.21 9234.68 9238.25 9241.62 9245.72 9250.35 9254.94 9259.85 9263.69 9261.25 9260.49 9262.57 9264.62 9266.11 9265.88 9264.31 9266.23 9268.76 9270.59 9274.38 9284.42 9293.43 9298.01 9301.77 9302.48 9301.58 9301.23 9301.09 9301.24 9301.83 9302.41 9302.18 9302.5 9302.89 9303.17
9229.22 9223.9 9225.46 9228.56 9231.65 9233.43 9236.2 9242.73 9245.69 9244.75 9241.57 9238.16 9235.21 9232.68 9230.4 9229.28 9228.95 9229.94 9230.23 9216.95 9209.24 9208.28 9208.7 9213.6 9217.58 9221.65 9220.86 9221.29 9221.68 9222.54 9225.2 9230.51 9234.54 9238.23 9241.64 9245.3 9249.27 9253.67 9258.3 9263.17 9267.42 9267.65 9267.5 9268.12 9269.41 9270.84 9271.8 9270.06 9270.59 9271.3 9275.16 9281.44 9289.46 9298.73 9305.01 9305.6 9304.02 9302.93 9302.74 9302.62 9302.71 9302.88 9303.21 9302.54 9302.1 9302 9302.15
9229.38 9224.78 9227.85 9233.05 9239.05 9244.15 9248.11 9252.93 9253.02 9248.15 9243.53 9239.62 9236.45 9233.6 9231.19 9229.83 9229.43 9230.61 9231.21 9214.99 9209.99 9211.55 9214.04 9216.78 9220.41 9216.95 9216.46 9221.16 9224.04 9227 9230.26 9234.88 9238.72 9242.28 9245.62 9248.77 9252.38 9256.21 9260.32 9264.86 9269.32 9269.89 9272.74 9273.23 9274.11 9275.57 9278.4 9282.08 9274.85 9272.2 9274.83 9282.59 9293.19 9303.24 9306.11 9302.4 9303.83 9304.47 9304.4 9304.2 9303.69 9302.77 9302.1 9301.97 9301.24 9300.43 9299.64
9229.59 9226.22 9230.16 9237.02 9245.99 9256.31 9258.8 9257.41 9254.1 9247.91 9242.86 9239.13 9236.11 9233.16 9230.63 9228.45 9226.34 9223.79 9218.4 9208.35 9210.82 9217.74 9226.65 9232.59 9229.88 9224.03 9219.38 9219.01 9225.9 9233.62 9237.95 9240.34 9243.32 9246.4 9249.69 9252.41 9255.4 9258.35 9261.6 9265.04 9268.02 9269.56 9275.94 9277.18 9277.66 9278.12 9278.91 9278.4 9274.4 9270.39 9268.96 9280.09 9296 9309.45 9312.92 9307.63 9307.4 9307.1 9306.17 9305.37 9305.18 9304.7 9303.23 9301.81 9299.96 9298.09 9296.11
9229.07 9226.95 9231.43 9238.55 9247.99 9258.28 9256.72 9249.59 9246.12 9243.1 9240.13 9237.46 9235 9232.47 9229.92 9226.99 9222.95 9217.41 9210.23 9206.89 9212.69 9223.37 9235.43 9241.17 9239.12 9235.03 9230.18 9225.09 9230.77 9237.87 9242.48 9245.05 9247.95 9251.12 9254.47 9257.14 9259.31 9261.2 9262.87 9264.9 9268.81 9275.42 9279.61 9280.9 9280.51 9279.39 9277.91 9275.8 9273.03 9269.88 9268.49 9281.47 9299.44 9315.62 9322.95 9322.99 9315.01 9309.66 9307.14 9305.9 9305.85 9307.12 9304.9 9301.54 9298.85 9295.9 9292.38
9228.97 9228 9231.67 9237.11 9243.62 9251.45 9246.3 9237.63 9236.76 9237.32 9236.72 9235.49 9233.99 9232.07 9229.58 9226.29 9221.46 9215.22 9208.62 9206.86 9213.6 9224.23 9235.24 9240.46 9241.7 9243.24 9244.66 9236.69 9237.56 9243.61 9246.72 9249.38 9252.38 9255.74 9258.9 9261.47 9263.28 9264.33 9264.78 9265.61 9271.38 9282.52 9286.13 9285.52 9283.35 9280.26 9277.86 9275.67 9273.53 9272.62 9274.75 9285.15 9300.76 9319.8 9323.42 9322.09 9313.49 9308.68 9306.58 9305.23 9304.04 9303.5 9302.38 9300.31 9297.68 9294.22 9290.09
9229.98 9229.58 9231.78 9234.6 9236.06 9232.21 9234.35 9231.28 9231.73 9233.18 9233.94 9233.87 9233.06 9231.62 9229.72 9226.93 9222.77 9216.63 9209.71 9208.14 9214.16 9221.35 9228.87 9233.42 9236.94 9241.84 9244.1 9238.98 9240.5 9245.08 9249.15 9253.04 9256.86 9260.6 9264.11 9267.05 9268.87 9269.56 9268.6 9268.03 9274.49 9287.22 9290.96 9290.05 9286.94 9281.74 9275.22 9274.45 9275.68 9276.79 9279.93 9286.88 9296.29 9304.48 9309.64 9307.1 9303.9 9304.36 9304.95 9304.9 9302.64 9298.51 9300.09 9300.23 9297.56 9293.74 9289.01
9233.52 9231.85 9232.53 9233.7 9233.66 9231.69 9230.04 9228.82 9229.57 9230.98 9232.19 9232.78 9232.56 9231.94 9230.46 9228.64 9226.54 9223.46 9217.19 9214.06 9216.53 9221.77 9227.68 9229.58 9232.72 9237.85 9238.55 9238.23 9241.13 9245.2 9250.92 9256.36 9261.55 9266.33 9270.72 9274.09 9276.78 9277.65 9276.64 9273.95 9279.89 9291.56 9296.37 9296.2 9292.59 9286.89 9278.96 9278.93 9280.44 9281.64 9283.56 9287.19 9291.18 9294.09 9297.93 9296.96 9297.39 9300.38 9304.05 9307.13 9307.29 9303.58 9304.45 9302.87 9299.07 9294.25 9289.12
9234 9233.44 9233.93 9234.76 9235.12 9234.4 9230.36 9227.92 9228.87 9230.27 9231.54 9232.43 9232.83 9232.35 9231.73 9231 9230.91 9230.43 9226.42 9221.64 9219.86 9221.09 9226.42 9229.58 9233.58 9236.92 9240.36 9242.32 9244.15 9246.75 9254.09 9260.33 9266.32 9272.06 9277.52 9282.12 9286.4 9289.39 9290.43 9288.49 9291.77 9298.24 9302.4 9302.33 9300.15 9296.92 9292.66 9289.34 9287.58 9286.96 9287.12 9287.62 9288.73 9289.88 9292.37 9293.73 9292.88 9297.22 9303.82 9311.35 9319.34 9320.72 9314.28 9307.52 9301.47 9295.64 9290.13
9234.93 9234.94 9235.53 9236.66 9237.01 9235.09 9232.39 9230.05 9229.68 9230.42 9231.44 9232.35 9233.01 9233.11 9233.3 9233.22 9233.61 9234.16 9230.76 9226.04 9223.17 9223.99 9226.81 9228.19 9231.01 9236.95 9243.62 9248.34 9251.26 9254.64 9259.31 9264.71 9270.93 9277.56 9284.06 9290.65 9296.96 9302.93 9308.42 9311.13 9308.21 9304.28 9304.2 9306.97 9307.78 9308.3 9307.02 9300.35 9294.73 9291.09 9289.12 9288.13 9288.03 9288.51 9288.94 9291.09 9290.24 9294.37 9302.53 9312.69 9325.46 9331.92 9320.42 9311.41 9303.95 9297.39 9291.06
9236.93 9236.33 9236.73 9238.19 9240.81 9239.28 9233.45 9230.93 9230.81 9231.3 9232.15 9233.31 9234 9234.24 9234.66 9234.56 9234.51 9234.65 9232.5 9227.95 9224.42 9226.32 9226.44 9226.76 9228.35 9237.57 9247.82 9254.26 9256.79 9260.15 9264.15 9269.98 9276.95 9284.04 9291.81 9299.34 9307.91 9316.33 9325.65 9335.54 9324.09 9312.49 9308.74 9312.49 9313.36 9316.33 9317.64 9307.8 9299.91 9293.91 9290.66 9288.78 9287.19 9285.95 9284.97 9284.26 9284.91 9290.64 9299.6 9309.08 9316.94 9320.41 9318.02 9311.85 9305.01 9298.75 9292.57
9237.4 9237.28 9237 9237.25 9238.95 9237.88 9234.18 9232.12 9232.24 9232.86 9233.79 9234.59 9235.14 9235.82 9235.92 9235.65 9234.39 9233.74 9232.75 9229.28 9223.99 9219.79 9225.28 9227.76 9230.34 9240.05 9251.17 9258.18 9257.36 9260.95 9267.87 9275.36 9283.5 9291.72 9299.84 9308.39 9317.43 9325.69 9334.09 9338.76 9333.78 9325.04 9317.53 9313.24 9315.64 9317.93 9316.14 9310.34 9303.13 9296.19 9292.77 9290.33 9287.98 9285.21 9282.19 9279.38 9279.54 9286.93 9296.78 9305.6 9311.08 9314.22 9314.66 9310.89 9305.3 9299.23 9293.89
9240.09 9238.32 9236.81 9234.87 9231.26 9232.82 9234.92 9234.26 9233.96 9234.71 9235.84 9237.03 9237.83 9238.32 9238.58 9237.1 9235.11 9234.23 9235.25 9233.42 9230.1 9227.33 9230.34 9232.97 9236.28 9245.12 9256.24 9263.87 9261.18 9264.69 9271.98 9280.31 9289.36 9298.18 9307.64 9316.71 9325.5 9332.9 9338.43 9340.7 9340.11 9337.38 9332.81 9319.16 9320.26 9320.39 9317.03 9310.8 9305.19 9301.08 9296.18 9292.69 9290.26 9286.17 9281.55 9277.76 9277.82 9285.51 9295.95 9305.48 9312.34 9314.5 9313.64 9310.18 9305.37 9299.98 9295.21
9241.24 9239.25 9237.26 9234.82 9231.96 9231.35 9232.05 9233.65 9235.08 9236.48 9237.88 9239.29 9240.57 9241.9 9242.67 9241.86 9240.77 9240.32 9241.28 9239.51 9239.98 9241.56 9238.99 9240.78 9245.1 9251.71 9259.59 9267.35 9267.61 9270.48 9277.82 9286.26 9295.66 9306.06 9315.33 9324.08 9332.32 9339.49 9344.1 9345.36 9344.69 9343.21 9342.99 9336.92 9328.37 9320.22 9314.64 9309.81 9305.7 9302.47 9299.33 9295.27 9291.74 9287.99 9283.69 9278.73 9276.74 9286.82 9297.33 9307.36 9315.74 9316.38 9314.09 9310.28 9305.43 9300.43 9296.22
9241.66 9240.04 9238.42 9236.86 9235.61 9233.45 9231.83 9234.18 9236.71 9238.62 9240.25 9241.66 9243.09 9244.87 9246.49 9247.76 9250.3 9249.17 9246.38 9243.59 9242.22 9242.67 9245 9248.1 9253.06 9258.41 9263.53 9269.04 9270.37 9275.1 9284.11 9293.78 9303.39 9313.58 9323.02 9331.54 9338.97 9344.5 9351.46 9351.82 9346.07 9341.83 9339.23 9341.23 9331.4 9318.54 9312.66 9308.59 9305.06 9304.36 9304.37 9301.82 9293.21 9294.07 9290.1 9284.78 9281.62 9290.91 9300.25 9309.45 9316.27 9316.92 9314.43 9310.35 9305.79 9300.87 9296.52
9242.3 9240.88 9239.68 9239.08 9238.54 9237.47 9237.21 9237.48 9239.18 9240.86 9242.46 9244.08 9245.55 9247.49 9249.21 9251.59 9254.56 9250.65 9246.73 9246.11 9246.13 9246.58 9250.56 9254.88 9259.33 9264.14 9268.91 9272.87 9270.78 9281.46 9291.17 9302.82 9312.86 9321.92 9330.48 9338.64 9344.88 9348.79 9345.34 9346.75 9344.32 9337.28 9329.45 9332.7 9329.18 9319.08 9314.09 9309.63 9304.7 9305.23 9313.65 9319.17 9316.19 9309.27 9300.48 9293.63 9292.99 9296.02 9303.58 9311.85 9317.92 9317.51 9314.68 9310.44 9305.75 9300.79 9296.43
