real_craters/C078-300m.grd
DSAA
192 192
-28.595 28.595
-28.595 28.595
8345.2651038465 9560.7950952098
[rows 150 to 179 of 192, columns 67 to 133 of 192]
9223.34 9222.92 9222.32 9220.97 9220.2 9221.56 9223.66 9226.73 9226.15 9227.31 9231.39 9235.75 9238.2 9237.22 9233.11 9230.32 9230.55 9229.75 9229.46 9229.32 9229.72 9230.2 9230.9 9231.78 9232.75 9234.39 9237.03 9242.24 9248.32 9254.78 9260.98 9265.88 9268.28 9268.13 9271.17 9271.03 9268.47 9264.48 9261.81 9260.42 9262.71 9267.21 9272.5 9278.24 9284.38 9290.55 9296.59 9302.73 9309.1 9310.82 9313.01 9315.14 9317.05 9318.68 9318.95 9317.71 9318.61 9322.28 9327.11 9331.5 9334.22 9336.03 9347.43 9364.9 9382.07 9399.08 9400.66
9225.22 9225.26 9224.12 9222.25 9220.97 9220.32 9222.55 9224.95 9225.35 9228.35 9233.77 9238.2 9241.31 9240.16 9236.61 9234.05 9233.12 9230.71 9229.69 9229.36 9229.11 9228.78 9228.8 9229.18 9229.89 9231.27 9234.34 9239.82 9246.56 9253.82 9260.96 9267.46 9272.09 9273.78 9273.55 9272.01 9268.05 9259.97 9257.97 9258.76 9259.45 9263.25 9269.11 9275.97 9283.06 9289.89 9296.69 9303.49 9310.26 9314.2 9317.42 9320.6 9323.32 9325.19 9325.05 9324.37 9326.22 9331.74 9338.86 9345.43 9349.74 9352.01 9365.98 9386.12 9406.07 9422.91 9423
9227.13 9227.05 9226.88 9225.1 9222.38 9220.82 9222.7 9224.83 9228.93 9232.14 9236.59 9240.97 9243.8 9242.77 9240.52 9236.86 9233.75 9231.49 9229.62 9229.09 9228.21 9228.2 9227.89 9227.78 9228.04 9228.94 9232.47 9238.34 9245.48 9253.17 9261.22 9269.29 9277.04 9280.24 9275.46 9272.26 9268.96 9256.56 9254.7 9254.38 9255.93 9260.69 9267.79 9275.04 9282.36 9289.83 9296.76 9303.06 9309.2 9316 9321.48 9326.2 9330.12 9333.5 9335.37 9333.05 9334.1 9342.95 9353.91 9364.71 9373.92 9380.34 9393.12 9408.28 9422.92 9431.74 9432.97
9229.51 9229.98 9231.06 9231.16 9229.1 9226.04 9226.54 9226.76 9227.99 9233.45 9238.55 9243.12 9245.17 9243.45 9240.14 9236.86 9234.23 9232.66 9230.47 9228.93 9227.94 9227.97 9227.39 9227.38 9227.53 9227.72 9230.69 9237.32 9244.56 9252.82 9261.23 9269.63 9276.89 9278.44 9273.19 9266.99 9262.27 9258.13 9254.59 9249.98 9252.12 9258.9 9266.94 9275.34 9282.76 9290.45 9298.02 9305.02 9312.02 9319.14 9325.96 9331.96 9337.3 9341.28 9345.73 9343.98 9344.27 9356.11 9371.01 9386.63 9402.58 9418.53 9422.33 9428.45 9435.04 9436.16 9437.06
9232.12 9233.34 9235.48 9238.89 9240.53 9237.89 9232.25 9229.95 9231.54 9235.01 9240.37 9245.58 9247.41 9243.51 9238.6 9235.37 9234.32 9233.42 9232.87 9231.1 9230.17 9229.45 9228.6 9228.4 9228.26 9228.98 9232.22 9237.68 9244.63 9252.66 9260.77 9268.3 9274.11 9274.51 9269.33 9261.11 9254.97 9259.11 9257.84 9253.5 9251.77 9259.62 9268.51 9277.05 9284.93 9292.61 9299.9 9307.92 9315.8 9323.33 9330.99 9338.09 9344.57 9349.31 9354.07 9354.68 9357.03 9370.88 9388.55 9407.29 9426.24 9441.72 9443 9443.25 9445.41 9441.89 9438.9
9234.29 9235.05 9236.9 9239.91 9241.76 9238.84 9234.06 9231.05 9230.97 9235.97 9241.76 9247.09 9249.1 9243.23 9236.95 9234.15 9235.07 9236.21 9236.62 9235.69 9234.89 9232.97 9231.59 9230.17 9230.12 9230.72 9233.76 9238.52 9245.04 9252.38 9260.14 9266.65 9272.29 9272.17 9267.91 9261.64 9257.15 9257.43 9261.11 9262.04 9257.18 9264.74 9272.87 9281.23 9288.9 9296.25 9302.96 9309.09 9317.92 9327.79 9336.87 9345.04 9351.18 9357.58 9362.9 9365.78 9369.59 9386.68 9405.93 9425.42 9442.87 9453.57 9454.43 9451.08 9447.01 9443.51 9437.82
9235.25 9234.95 9235.2 9235.41 9234.98 9234.52 9233.07 9231.24 9233.75 9237.4 9242.96 9247.61 9247.76 9243.66 9238.85 9238.02 9239.39 9241.17 9242.34 9241.84 9241.05 9238.4 9236.27 9233.22 9232.04 9231.79 9234.71 9239.61 9245.68 9251.89 9258.79 9264.81 9270.68 9270.96 9268.69 9266.08 9263.94 9262.59 9264.68 9267.34 9269.33 9273.55 9280.71 9288.49 9295.94 9302.77 9308.56 9314.9 9323.52 9334.23 9344.05 9352.71 9359.7 9366.99 9373.45 9379.01 9389.14 9403.97 9422.57 9441.73 9457.78 9464.8 9461.85 9454.23 9445.9 9439.01 9433.19
9234.79 9233.77 9232.81 9232.16 9231.01 9231.62 9233.52 9232.74 9232.52 9238.24 9244.49 9250.12 9251.11 9246.63 9242.83 9242.59 9245.69 9248.3 9250.2 9249.91 9248.95 9245.69 9242.65 9238.36 9235 9231.99 9235.95 9241.22 9246.78 9251.79 9256.96 9261.88 9267.97 9269.59 9270.38 9270.89 9272.52 9274.67 9273.81 9272.35 9275.02 9282.95 9290.05 9297.23 9304.45 9311.21 9317.26 9322.73 9332.36 9342.48 9352.27 9360.46 9368.78 9377.51 9386.66 9396.58 9405.51 9419.29 9437.28 9456.02 9472.82 9476.81 9467.39 9454.71 9441.56 9432.78 9426.95
9233.61 9232.6 9231.2 9229.94 9233.92 9236.41 9237.46 9238.88 9237.94 9240.01 9246.05 9252.11 9254.04 9252.11 9250.1 9250.23 9254.12 9257.67 9259.56 9259.25 9256.9 9254.15 9249.75 9245.09 9241.28 9237.53 9240.85 9245.03 9249.29 9252.78 9255.26 9258.3 9262.68 9268.09 9272.6 9276.24 9281.67 9287.95 9291.69 9290.5 9290.51 9295.39 9300.84 9307.11 9314.06 9321.59 9328.73 9335.97 9343.8 9352.42 9361.1 9368.99 9377.7 9387.16 9398.48 9412.05 9418.74 9431.07 9449.08 9466.92 9479.05 9480.64 9470.49 9454.49 9436.54 9427.09 9420.56
9232.05 9231.89 9231.68 9232.83 9239.31 9241.65 9241.7 9241.58 9239.88 9241.38 9246.91 9254.34 9256.48 9258.98 9260.07 9262.29 9265.32 9267.81 9268.64 9268.21 9264.07 9261.16 9257.94 9251.89 9248.95 9248.26 9247.87 9250.24 9252.92 9254.66 9255.13 9255.19 9258.47 9268.15 9276.54 9283.23 9289.99 9299.03 9308.27 9306.83 9308.59 9308.03 9310.2 9315.76 9323.35 9332.22 9340.91 9348.72 9356.33 9363.5 9369.6 9377.15 9385.04 9394.58 9404.55 9416.17 9424.89 9438.77 9458.22 9477.09 9487.9 9485.97 9473.63 9455.91 9435.41 9422.75 9414.86
9230.77 9231.75 9233.07 9236.54 9242.55 9245.42 9245.71 9244.23 9243.97 9244.8 9246.78 9249.56 9253.95 9257.33 9266.72 9273.41 9275.59 9276.08 9275.52 9274.14 9269.2 9269.55 9265.55 9259.42 9255.75 9251.02 9254.72 9256.72 9258.25 9258.47 9258.12 9256.69 9260.25 9271.31 9281.73 9290.35 9293.25 9297.64 9301.66 9302.18 9308.89 9311.46 9314.95 9321.93 9331.13 9341.97 9353.9 9363.18 9368.34 9373.22 9378.93 9384.86 9392.06 9399.79 9407.61 9415.24 9425.42 9443 9464.8 9486.38 9504.26 9493.32 9475.69 9458.15 9436.75 9420.33 9409.54
9229.37 9232.17 9235.13 9238.89 9246.65 9248.62 9250.31 9250.92 9249.47 9248.01 9248.7 9249.04 9254.25 9262.62 9276.55 9284.89 9283.59 9279.61 9276.11 9273.69 9272.96 9273.96 9272.49 9267.83 9266.23 9264.08 9263.86 9264.43 9264.37 9263.3 9262.91 9263.13 9267.69 9277.15 9285.64 9290.38 9290.5 9285.94 9278.44 9286.34 9296.84 9306.02 9315.56 9325.66 9337.16 9349.64 9363.52 9373.41 9377.46 9381.53 9386.69 9392.7 9398.5 9405.3 9411.75 9417.4 9427.74 9446.98 9469.28 9487.45 9498.04 9488.93 9471.56 9454.16 9433.7 9415.84 9403.31
9227.86 9232.19 9237.4 9242.26 9245.14 9249.36 9252.88 9256.96 9255.81 9256.59 9255.21 9256.54 9260.71 9270.71 9290.36 9297.53 9292.01 9282.52 9275.96 9270.58 9271.96 9276.82 9280.1 9278.92 9273.87 9272.13 9275.49 9273.86 9271.15 9268.63 9268.71 9270.29 9274.97 9283.96 9292.8 9294.31 9289.58 9280.37 9272.65 9279.53 9289.8 9301.9 9315.61 9328.61 9341.49 9354.33 9367.17 9376.53 9382.5 9387.89 9393.55 9398.72 9405.31 9411.72 9419.02 9427.11 9439.51 9458.61 9475.69 9484.84 9484.45 9477.56 9461.39 9441.37 9421.84 9406.95 9394.69
9225.65 9230.98 9236.53 9241.03 9244.98 9249.95 9253.21 9255.55 9258.59 9260.76 9263.17 9269.08 9276.61 9290.65 9322.51 9315.7 9293.81 9274.06 9264.44 9259.91 9266.08 9275.89 9286.99 9296.7 9294.46 9293.03 9292.06 9284.76 9277.97 9272.27 9272.93 9273.37 9277.65 9287.3 9302.64 9305.74 9291.78 9280.56 9275.83 9282.06 9291.28 9303.1 9318.32 9332.24 9345.21 9357.95 9370.34 9379.07 9385.77 9392.39 9398.44 9404.68 9411.59 9419.6 9428.14 9439.61 9455.91 9475.56 9487.28 9488.48 9481.7 9470.27 9452.05 9429.25 9410.16 9396.48 9384.12
9223.41 9229.66 9235.58 9241.79 9247.29 9252.23 9255.96 9258.91 9261.67 9265.4 9275.79 9292.98 9313.21 9335.45 9368.44 9323.16 9278.26 9250.87 9238.58 9236.75 9247.33 9265.06 9290.3 9321.12 9339.2 9328.57 9309.64 9292.63 9281.24 9273.76 9272.15 9269.78 9273.7 9280.71 9290.76 9295.62 9288.69 9282.49 9282.83 9291.76 9300.29 9310.87 9325.57 9338.41 9349.79 9361.03 9370.84 9380.09 9388.48 9396.54 9403.61 9411.04 9419.02 9427.62 9437.22 9449.55 9468.05 9494.11 9503.17 9497.82 9484.46 9468.18 9447.08 9422.56 9401.03 9386.88 9374.71
9221.15 9228.63 9235.88 9245.79 9251.16 9254.8 9259.87 9264.11 9266.85 9272.87 9292.82 9328.35 9364.88 9355.66 9329.14 9274.09 9231.56 9208.28 9198.76 9201.21 9213.85 9238.31 9275.44 9329.13 9389.3 9349.09 9312.29 9290.02 9277.93 9270.28 9268.49 9265.88 9267.23 9269.21 9269.16 9276.35 9283.2 9287.01 9294.9 9305.71 9315.65 9327.01 9337.33 9346.82 9355.91 9364.79 9371.29 9381.41 9391.02 9399.32 9407.37 9415.26 9425.07 9433.96 9444.25 9456.23 9474.52 9508.82 9516.45 9512.39 9493.71 9466.33 9442.82 9421.3 9395.17 9378.42 9365.87
9218.62 9227.64 9236.64 9244.39 9250.34 9254.67 9260.06 9266.71 9274 9281.99 9305.12 9349.15 9391.57 9307.71 9202 9175.27 9159.89 9149.37 9148.01 9152.85 9167.03 9189.83 9225.97 9278 9334.41 9308.4 9283.9 9270.3 9264.56 9261.97 9263.39 9261.31 9262.37 9262.25 9262.41 9271.02 9282.82 9293.85 9306.38 9319.33 9330.88 9343.63 9349.29 9355.48 9362.84 9371 9378.82 9386.2 9394.37 9402.02 9409.69 9418.34 9427.29 9436.77 9447.52 9459.93 9477.48 9504.06 9510.57 9504.97 9484.25 9454.57 9429.36 9409.29 9384.53 9368.11 9356.39
9215.27 9224.33 9235.1 9241.22 9246.19 9251.96 9259.37 9270.84 9285.03 9299.09 9327.21 9356.58 9353.59 9219.15 9096.7 9080.8 9082.19 9087.39 9091.81 9099.82 9112.32 9127.79 9149.38 9177.36 9203.13 9223.64 9230.94 9237.17 9244.49 9251.69 9259.62 9262.53 9260.5 9259.83 9262.68 9272.46 9286.54 9301.78 9316.51 9329.66 9340.27 9350.18 9356.59 9362.43 9369.04 9377.39 9385.92 9391.48 9397.87 9404.94 9411.77 9419.14 9427.8 9437.18 9447.65 9459.23 9472.97 9486.29 9486.54 9473.59 9455.53 9431.12 9405.43 9382.46 9365.95 9355.02 9346.46
9210.84 9218.25 9225.8 9235.35 9241.39 9247.43 9256.6 9275.15 9297.96 9320.84 9346.14 9347.63 9298.08 9135.1 9021.58 9009.14 9017.4 9029.37 9040.48 9047.99 9056.26 9062.96 9070.29 9077.85 9099.9 9140.08 9175.89 9202.67 9224.23 9239.69 9253.61 9259.49 9259.88 9258.66 9261.4 9274.87 9291.56 9308.75 9323.16 9335.42 9345.99 9355.13 9361.77 9367.51 9373.64 9380.47 9387.46 9393.99 9399.97 9406.72 9413.31 9419.85 9426.94 9435.09 9444.41 9454.35 9462.94 9466.49 9459.8 9443.97 9427.3 9405.81 9379.6 9355.63 9348.02 9341.99 9336.68
9206.49 9212.8 9220.18 9228.35 9235.83 9243.27 9253.27 9278.55 9307.9 9337.64 9356.17 9334.35 9252.68 9076.71 8975.83 8964.38 8973.85 8985.74 9001.25 9008.99 9012.79 9011.34 9005.85 9001.59 9027.47 9079.02 9131.03 9172.87 9207.51 9232.35 9251.87 9260.62 9261.77 9260.87 9264.42 9279.4 9296.98 9314.76 9329.02 9341.13 9351.04 9358.91 9365.4 9371.61 9377.88 9384.25 9390.51 9395.79 9401.24 9406.91 9413.07 9418.36 9424.66 9430.9 9438.65 9446.88 9452.83 9450.82 9438.84 9423.06 9407.07 9386.62 9363.43 9344.97 9336.72 9332.62 9329.29
9202.79 9207.83 9214.97 9223.46 9231.92 9242.16 9255.26 9280.47 9311.05 9343.13 9350.58 9329.08 9227.6 9050.84 8961.19 8951.25 8959.07 8969.53 8981.37 8985.96 8985.96 8978.92 8966.31 8956 8986.74 9043.69 9102.81 9153.26 9196.11 9228.41 9255.28 9265.38 9266.51 9266.76 9272.54 9286.78 9303.4 9319.79 9334.9 9347.34 9357.16 9364.38 9370.77 9376.32 9381.29 9385.33 9391.7 9396.96 9402.41 9406.65 9412 9416.14 9420.29 9425.15 9430.55 9437.32 9445.45 9447.32 9429.19 9412.55 9394.72 9373.5 9353.69 9339.12 9330.43 9327.11 9324.89
9200.52 9204.5 9211.2 9220.36 9228.88 9241.13 9254.77 9277.56 9305.26 9334.1 9354.47 9340.62 9229 9052.65 8977.08 8963.63 8966.92 8976.5 8982.76 8983.1 8978.7 8969.2 8954.38 8946.74 8979.23 9033.48 9092.88 9146.05 9192.77 9229.59 9259.98 9270.75 9272.7 9272.86 9279.8 9295.59 9311.92 9327.85 9342.55 9355.55 9364.63 9371.59 9377.21 9382.57 9386.82 9388.99 9394.07 9399.43 9403.36 9408.18 9411.34 9413.7 9416.21 9418.36 9420.51 9422.39 9425.83 9427.51 9419.41 9411.78 9386.19 9362.25 9341.64 9330 9324.08 9321.71 9321.12
9199.65 9203.81 9208.5 9216.37 9225.61 9237.42 9249.75 9270.12 9292.92 9317.37 9365.94 9367.86 9249.17 9077.79 9017.03 9003.64 9002.06 9001.06 9002.03 9000.94 8994.43 8982.48 8968.74 8963.22 8996.64 9045.2 9098.44 9149.3 9196.25 9235.42 9265.47 9276.82 9280.13 9282.93 9290.79 9306.24 9322.29 9337.66 9351.41 9363.17 9373.15 9380.62 9386.49 9391.79 9395.45 9398.52 9401.38 9403.82 9407.02 9409.27 9411.07 9411.58 9412.1 9411.31 9409.11 9404.41 9394.35 9379.4 9385.22 9391.26 9373.26 9351.45 9331.05 9322.59 9320.08 9317.76 9317.06
9199.73 9204.03 9207.23 9214.44 9223.96 9233.9 9244.73 9261.95 9279.75 9299.21 9357.89 9403.87 9292.02 9135.07 9084.47 9064.71 9054.31 9044.99 9040.83 9037.12 9027.16 9019.14 9007.64 9005.41 9034.48 9074.08 9118.6 9163.07 9205.56 9243.76 9275.94 9282.53 9286.75 9292.55 9302.59 9317.71 9333.84 9348.54 9361.38 9373.6 9383.8 9392 9399.49 9403.21 9404.98 9405.7 9408.37 9410.19 9411.4 9411.39 9411.63 9410.55 9408.56 9405.42 9400.35 9392.19 9379.76 9366.59 9373.97 9371.52 9359.14 9343.4 9329.63 9321.82 9318.32 9316.33 9314.55
9199.84 9204.39 9208.74 9214.5 9223.66 9234.24 9242.75 9254.62 9269.37 9289.73 9342.03 9397.27 9335.11 9228.54 9174.43 9139.68 9117.28 9103.49 9090.58 9085.11 9079.86 9074.32 9064.82 9063.98 9085.18 9115.21 9148.52 9182.8 9219.24 9248.92 9272.68 9284.69 9291.27 9298.69 9312.44 9328.65 9344.69 9359.01 9371.26 9382.48 9392.92 9402.68 9410.21 9415.98 9417.53 9415.54 9416.79 9416.86 9416.13 9414.17 9412.47 9409.77 9406.8 9402.16 9395.73 9387.61 9378.65 9374.68 9376.21 9359.62 9348.48 9338.14 9328.47 9322.2 9318.65 9318.03 9315.3
9199.54 9202.89 9208.61 9213.89 9221.75 9230.71 9237.6 9248.05 9261.39 9280.18 9318.78 9357.39 9377.54 9335.68 9263.02 9211.6 9177.68 9157.49 9142.49 9137.22 9138.75 9143.74 9144.65 9139.64 9151.98 9165.23 9182.97 9206.16 9232.83 9255.8 9275.3 9288.06 9296.32 9304.75 9322.38 9340.68 9356.64 9370.1 9381.42 9391.27 9401.97 9415.18 9424.55 9433.23 9435.22 9432.1 9428.18 9424.17 9420.76 9416.16 9412.2 9408.04 9403.74 9398.16 9392.5 9385.47 9377.84 9370.68 9361.46 9347.39 9341.42 9335.08 9329.16 9324.65 9321.69 9318.4 9316
9199.5 9201.51 9206.25 9212.17 9218.43 9224.63 9231.41 9240.92 9254 9274.22 9301.78 9335.31 9389.65 9382.42 9316.42 9262.48 9227.48 9204.2 9190.04 9187.88 9194.89 9213.43 9245.4 9250.15 9222.14 9213.01 9216.34 9229.63 9247.23 9265.03 9282.15 9296.37 9306.73 9316.78 9336.14 9355.01 9371.63 9382.71 9392.11 9401.45 9413.09 9431.13 9450.55 9457.77 9453.79 9446.89 9438.79 9430.76 9423.89 9417.99 9412.79 9407.66 9402.88 9396.94 9390.89 9384.76 9378.05 9370.43 9362.4 9345.87 9339.57 9335.79 9331.72 9327.05 9323.53 9319.77 9315.95
9200.5 9202.38 9206.21 9211.23 9216.6 9222.76 9226.93 9233.46 9242.83 9257.01 9283.47 9316.73 9349.43 9352.51 9325.46 9289.14 9262.67 9242.84 9230.09 9228.04 9235.6 9254.38 9294.89 9299.01 9263.37 9246.86 9241.59 9248.33 9259.91 9275.85 9292.89 9310.37 9325.13 9338.13 9354.56 9369.81 9383.6 9393.28 9402.03 9411.37 9422.83 9442.94 9464.34 9471.8 9468.5 9458.42 9445 9433.98 9425.74 9418.95 9413.78 9408.44 9403.55 9396.28 9391.27 9386.1 9379.86 9373.53 9363.94 9346.64 9340.37 9338.18 9335.21 9330.2 9325.97 9321.13 9316.49
9201.46 9204.95 9208.66 9211.03 9214.89 9220.36 9223.28 9227.98 9234.45 9244.19 9264.77 9289.42 9307.33 9318.51 9313.64 9298.86 9282.46 9270.18 9258.95 9259.93 9262.65 9264.47 9259.22 9271.36 9273.6 9264.44 9261.68 9266.04 9277.26 9290.5 9307.14 9327.38 9349.37 9365 9374.16 9383.44 9392.58 9401.38 9409.86 9419.53 9431.13 9447.35 9463.36 9470.75 9467.08 9457.32 9443.51 9432.08 9422.98 9416.03 9410.05 9406.08 9400.67 9396.33 9392.1 9387.58 9382.47 9377.23 9365.39 9347.7 9342.83 9341.64 9338.94 9333.37 9327.88 9322.12 9316.87
9199.93 9203.49 9207.78 9210.25 9212.67 9215.53 9219.81 9224.09 9229.79 9239.14 9254.57 9272.52 9287.49 9301.62 9305.03 9302.92 9295.07 9282.97 9277.63 9276.49 9278.57 9279.58 9272.11 9278.14 9280.63 9279.57 9276.97 9277.77 9286.21 9302.34 9317.97 9340.93 9365.93 9382.59 9389.39 9395.52 9401 9407.33 9414.23 9423.31 9434.91 9444.42 9451.93 9455.19 9449.69 9441.66 9433.05 9425.19 9418.73 9412.74 9409.15 9405.39 9401.67 9398.46 9395.03 9390.6 9386.44 9381.21 9370.21 9352.13 9347.66 9348.54 9344.05 9336.57 9329.51 9323.69 9317.78
