real_craters/C078-300m.grd
DSAA
192 192
-28.595 28.595
-28.595 28.595
8345.2651038465 9560.7950952098
[rows 120 to 149 of 192, columns 67 to 133 of 192]
9288.04 9290.91 9293.57 9295.42 9292.98 9287.57 9283.46 9282.77 9290.67 9314.48 9343.7 9367.22 9377.82 9366.93 9340.43 9310.9 9289.35 9319.85 9363.22 9387.73 9374.43 9343.56 9307.95 9277 9253.75 9235.59 9220.04 9206.39 9189.76 9164.78 9132.04 9133.89 9140.01 9157.18 9189.75 9221.6 9248.19 9273.49 9305.74 9361.99 9429.86 9448.03 9430.94 9415.6 9411.55 9415.75 9414.2 9405.1 9392.24 9377.05 9361.5 9360.43 9362.64 9360.35 9358.73 9357.33 9355.62 9354.29 9352.53 9350.55 9349.39 9348.13 9347.56 9348.8 9350.32 9347.77 9341.12
9277.48 9281.43 9285.05 9289.37 9286.04 9278.14 9273.31 9272.15 9279.88 9309.41 9335.96 9358.58 9375.4 9364.23 9336.74 9308.72 9293.59 9320.74 9356.07 9371.72 9361.23 9347.03 9325.63 9307.1 9291.67 9281.58 9277.18 9278.36 9286.28 9295.29 9290.13 9286.13 9295.74 9319.7 9327.12 9365.12 9369.78 9385.4 9384.54 9415.99 9459.4 9459.13 9433.04 9409.09 9399.78 9400.75 9400.12 9394.85 9385.93 9374.69 9361.63 9359.56 9361.73 9359.82 9357.32 9355.3 9353.82 9352.07 9350.34 9348.47 9346.87 9345.43 9344.26 9343.96 9343.04 9342.1 9333.81
9268.85 9271.73 9273.93 9275.5 9272.79 9267.55 9264.19 9263.96 9271.03 9291.19 9320.63 9345.6 9360.86 9352.33 9330.22 9307.74 9298.5 9320.46 9345.74 9352.26 9347.31 9344.63 9335.02 9326 9318.94 9317.09 9322.56 9337.71 9368.18 9415.91 9444.77 9407.78 9400.57 9410.49 9397.69 9398.29 9395.27 9393.45 9404.35 9421.83 9440.63 9435.99 9414.2 9390.26 9383.72 9386.48 9387.54 9385.49 9380.54 9373.82 9366.24 9363.73 9360.69 9358.93 9356.52 9354.2 9352.19 9349.82 9347.91 9346.87 9345.02 9342.96 9340.75 9338.77 9333.48 9327.24 9324.38
9261.95 9262.53 9262.21 9260.37 9257.41 9256.7 9256.07 9257.3 9265.69 9283.66 9305.49 9327.96 9346.77 9336.14 9320.47 9306.78 9303.77 9319.07 9340.35 9342.6 9340.3 9341.46 9338.84 9336.82 9336.83 9339.67 9350.66 9371.23 9406.54 9461.76 9494.59 9452.59 9428.5 9408.66 9405.73 9403.57 9391.4 9384.66 9392.6 9400.98 9404.93 9404.44 9390.38 9370.47 9369.3 9373.7 9376.4 9376.58 9375.28 9372.54 9368.43 9364.94 9360.29 9358.95 9356.38 9353.89 9350.67 9349.36 9347.31 9345.55 9343.17 9340.86 9338.38 9335.24 9329.75 9324.12 9318.61
9256.3 9254.87 9252.72 9249.58 9247.64 9247.72 9249.75 9253.05 9262.94 9280.04 9291.28 9300.34 9307.29 9311.05 9308.05 9303.74 9304.36 9312.27 9320.94 9330.36 9334.33 9338.75 9339.76 9340.87 9344.87 9350.01 9361.47 9378.37 9401.29 9421.32 9435.99 9434.63 9421.08 9408.78 9395.38 9380.92 9360.33 9360.35 9371.92 9378.99 9379.62 9381.63 9374.2 9363.1 9362.11 9364.47 9366.65 9367.8 9368.35 9368.74 9368.26 9367.77 9364.31 9359.75 9356.51 9354.05 9350.39 9348.1 9346.43 9345 9342.79 9340.03 9337.29 9333.94 9329.47 9322.9 9317.48
9252.14 9249.01 9245.46 9241.15 9236.53 9240.99 9245.52 9252.25 9263.69 9276.08 9277.2 9275.92 9276.81 9289.69 9296.57 9299.68 9302.66 9306.11 9309.06 9315.33 9325.53 9330.52 9335.2 9340.24 9345.55 9351.8 9360.92 9370.42 9380.65 9385.35 9394.39 9401.11 9396.17 9386.44 9370.02 9354 9340.8 9342.93 9353.97 9365.81 9371.4 9369.53 9366.11 9361.39 9358.28 9357.3 9357.6 9358.34 9359.94 9363.17 9367.32 9371.26 9363.93 9358.07 9355.54 9353.65 9351.09 9348.98 9346.51 9345.09 9342.78 9339.71 9336.54 9333.8 9329.61 9323.35 9319.94
9248.76 9244.8 9240.7 9236.94 9236.49 9236.94 9241.71 9249.3 9256.41 9262.43 9264.68 9265.22 9269 9280.09 9289.67 9296.7 9301.37 9304.15 9307.66 9314.26 9320.16 9324.09 9329.29 9333.31 9337.62 9343.37 9350.14 9356.37 9360.91 9365.67 9368.33 9370.45 9364.25 9349.58 9338.17 9330.78 9322.37 9328.23 9338.32 9350.92 9359.23 9359.58 9359.59 9358.43 9354.8 9351.9 9350.63 9350.41 9351.74 9354.5 9359.03 9358.41 9353.34 9352.8 9353.49 9352.8 9350.12 9348.52 9346.31 9343.99 9342.23 9337.86 9336.27 9334.02 9332.02 9327.46 9323.33
9246.08 9241.63 9237.25 9233.26 9229.95 9231.98 9236.04 9241.22 9241.66 9246.11 9254.81 9262.06 9268.69 9276.37 9285.81 9294.97 9300.37 9303.18 9305.46 9308.52 9315.11 9318.65 9322.97 9325.68 9329.81 9333.99 9337.34 9339.86 9340.33 9341.45 9344.36 9345.77 9339.7 9326.75 9317.86 9316.31 9314.56 9318.72 9324.67 9331.01 9340.32 9348.32 9352.85 9352.8 9349.93 9346.09 9343.54 9341.89 9341.94 9344.2 9348.6 9352.12 9344.76 9349.52 9351.59 9350.51 9348.65 9346.46 9344.24 9342.39 9339.67 9336.98 9335.3 9333.02 9330.95 9328.54 9326.46
9244.41 9239.76 9234.98 9230.97 9228.61 9228.33 9229.67 9231.39 9231.56 9237.85 9248.97 9259.03 9265.53 9272.15 9280.59 9292.26 9297.82 9302.42 9304.66 9305.07 9308.58 9310.66 9314.31 9317.88 9321.09 9323.97 9324.92 9325.73 9324.27 9320.58 9325.26 9328.37 9325.11 9318.32 9313.49 9310.93 9310.59 9314.61 9317.76 9318.48 9328.56 9340.77 9348.13 9348.84 9344.69 9340.04 9335.81 9332.84 9330.86 9331.29 9335.18 9344.19 9354.35 9353.79 9350.38 9347.63 9345.38 9342.98 9340.73 9338.64 9336.7 9334.87 9332.66 9330.49 9328.85 9323.92 9318.5
9242.64 9237.56 9232.97 9229.25 9226.13 9225.03 9225.33 9226.41 9229.66 9236.32 9245.96 9256 9261.53 9266.25 9271.78 9278.1 9290.57 9299.3 9301.85 9300.85 9303.02 9303.6 9306.55 9309.46 9311.79 9314.04 9315.32 9316.14 9315.36 9314.3 9315.8 9318.3 9317.4 9315.27 9313.19 9310.9 9311.71 9317.69 9322.17 9323.97 9330.53 9338.95 9344.48 9343.66 9338.83 9333.18 9327.67 9322.84 9318.57 9315.46 9314.9 9323.28 9341.33 9347.28 9345 9342.42 9340.08 9337.95 9335.96 9334.24 9332.38 9331.02 9328.86 9326.37 9323.39 9316.47 9308.46
9241.22 9236.11 9231.66 9227.76 9224.99 9223.77 9222.92 9225.34 9229.64 9236.6 9243.77 9250.43 9255.65 9259.68 9263.27 9269.08 9284.21 9297.29 9296.32 9292.44 9294.73 9297.05 9299.1 9301.72 9304.25 9305.78 9306.79 9307.24 9308.67 9310.59 9310.06 9312.18 9313.2 9312.69 9311.27 9317.45 9321.46 9329.57 9335 9337.27 9338.73 9340.39 9341.49 9337.7 9331.98 9325.65 9319.38 9312.85 9306.27 9299.79 9293.85 9298.62 9318.89 9331.99 9335.35 9334.69 9333.37 9331.99 9330.32 9328.91 9327.27 9325.96 9323.68 9321.15 9317.7 9309.1 9298.13
9240.43 9235.93 9231.51 9227.26 9223.41 9221.11 9222.11 9226.14 9235.18 9238.44 9243.13 9248.52 9251.62 9253.84 9256.69 9263.65 9277.11 9290.48 9288.02 9283.6 9285.84 9288.72 9291.96 9294.04 9296.34 9298.47 9298.75 9298.79 9299.17 9301.54 9303.89 9307.97 9311.78 9315.63 9322.07 9332.41 9342.7 9348.8 9351.31 9350.63 9347.21 9341.21 9335.91 9330.18 9324.55 9318.14 9311.07 9303.59 9295.79 9288.06 9281.79 9282.68 9298.56 9320.26 9323.55 9324.73 9325.06 9324.91 9324.54 9323.66 9322.48 9320.57 9318.11 9315.04 9310.41 9301.25 9289.04
9239.28 9235.63 9231.77 9227.7 9224.15 9222.65 9223.9 9228.62 9234.55 9238.51 9242.92 9247.24 9248.51 9248.77 9250.32 9256.48 9266.85 9274.34 9272.59 9273.19 9277.42 9281.31 9284.39 9287.12 9289.41 9291.15 9292.42 9291.78 9289.71 9292.48 9298.65 9304.69 9310.85 9317.66 9325.98 9331.73 9342.3 9354.05 9367.07 9370.16 9355.68 9340.13 9327.53 9322.45 9317.56 9311.06 9303.64 9295.75 9287.86 9280.45 9274.75 9271.88 9280.13 9301.23 9309.65 9313.89 9316.37 9317.88 9318.61 9318.33 9317.27 9315.47 9312.42 9308.66 9303.79 9294.83 9284.87
9238.4 9235.42 9232.64 9229.7 9227.29 9226.34 9226.65 9229.65 9233.93 9236.5 9242 9247.56 9247.24 9245.1 9243.32 9248.28 9258.62 9264.59 9263.56 9265.62 9270.3 9274.75 9278.8 9281.77 9285.19 9287.32 9289.1 9289.23 9288.39 9291.25 9296.52 9302.16 9308.65 9315.25 9322.85 9328.27 9334.79 9347.74 9368.08 9374.51 9357.38 9339.39 9324 9318.7 9312.95 9305.62 9297.74 9289.59 9282.11 9274.81 9269.6 9265.27 9267.57 9285.31 9296.04 9303.16 9307.93 9311 9312.85 9313.87 9313.25 9311.27 9307.83 9302.33 9296.65 9292.25 9286.39
9237.35 9235.69 9234.29 9233.41 9233.67 9235.47 9257.5 9244.14 9230.76 9233.73 9238.66 9245.16 9247.93 9245.5 9240.61 9244.21 9254.21 9261.07 9259.46 9261.4 9265.38 9270.29 9274.81 9278.91 9282.9 9285.7 9288.34 9290.62 9292.08 9294.08 9296.37 9300.28 9305.44 9310.46 9313.92 9312.48 9326.79 9339.39 9352.18 9356.48 9349.75 9339.82 9328.96 9318.82 9310.31 9302.07 9293.73 9285.36 9277.34 9270.28 9264.73 9262.9 9265.77 9273.87 9286.05 9295.21 9301.89 9306.47 9309.75 9311.3 9311.26 9309.52 9306.22 9301.87 9297.72 9295.07 9294.46
9237.04 9236.38 9236.48 9237.56 9241.28 9254.26 9284.58 9258.43 9233.9 9234.29 9238.14 9246.94 9252.99 9254.01 9249.3 9248.75 9250.27 9252.26 9254.53 9258.26 9262.56 9267.83 9272.6 9277.55 9281.99 9285.32 9288.72 9292.97 9297.35 9296.78 9296.68 9298.61 9301.98 9305.53 9309.6 9319.07 9323.36 9331.53 9334.5 9337.58 9338.07 9335.47 9328.74 9317.49 9307.73 9298.78 9290.13 9282.13 9274.05 9267.56 9263.36 9263.53 9267.85 9274.05 9281.64 9290.05 9297.39 9302.99 9307.02 9309.73 9310.63 9310.07 9308 9304.07 9301.65 9300.87 9302.05
9236.7 9237.27 9238.45 9240.73 9244.08 9248.69 9255.35 9250.18 9240.69 9239.72 9243.92 9256.04 9264.61 9270.87 9270.9 9262.65 9251.81 9247.96 9252.62 9256.48 9260.94 9266.27 9271.86 9276.71 9281.94 9285.65 9289.49 9293.64 9296.75 9297.13 9296.99 9297.08 9298.35 9300.84 9304.86 9310.83 9316.28 9321.57 9321.46 9323.39 9326.07 9326.25 9321.62 9313.42 9304.68 9296.13 9287.54 9279.42 9271.93 9266.02 9263.36 9264.11 9268.13 9272.35 9279.3 9287.61 9294.71 9300.79 9305.79 9309.42 9311.97 9312.81 9312.26 9311.06 9308.84 9308.2 9310.95
9237.05 9238.52 9240.76 9243.38 9246.1 9247.99 9249.15 9250.45 9249.67 9249.17 9253.37 9267.56 9277.03 9287.37 9295.1 9276.28 9258.83 9251.93 9252.89 9255.15 9259.63 9265.77 9272.14 9277.88 9283.67 9288.18 9291.65 9293.72 9295.12 9296.81 9297.2 9296.64 9295.98 9295.18 9295.82 9300.92 9306.47 9308.32 9308.11 9311.47 9314.91 9316.47 9313.98 9308.31 9301.52 9294.13 9286.49 9278.7 9271.19 9264.61 9261.73 9264.58 9269.14 9274.9 9280.88 9287.25 9294.06 9300.3 9305.88 9311.02 9314.79 9317.23 9317.95 9317.12 9315.91 9314.85 9314.96
9237.82 9240.47 9243.43 9246.55 9249.78 9253.65 9257.88 9262.9 9262.47 9263.58 9269.26 9280.23 9284.3 9289.23 9297.19 9274.35 9257.35 9249.8 9249.44 9252.55 9258.08 9264.93 9271.73 9279.53 9286.76 9292.83 9296.25 9296.48 9296.31 9298.77 9298.53 9296.68 9294.27 9291.55 9289.21 9295.37 9299.93 9297.73 9296.77 9302.21 9306.14 9307.3 9306.54 9303.34 9298.74 9292.14 9285.57 9278.73 9271.91 9265.44 9263.16 9266.54 9271.08 9275.96 9280.98 9287.53 9294.27 9300.67 9307.23 9313.03 9318.49 9322.94 9325.6 9323.85 9323.51 9320.56 9317.2
9237.66 9241.22 9245.03 9248.61 9253.29 9259.89 9265.83 9268.67 9274.7 9281.68 9293.58 9294.24 9285.2 9273.78 9262.29 9258.75 9248.61 9242.61 9243.6 9248.79 9255.73 9264.06 9272.64 9282.33 9290.93 9298.93 9303.87 9305.44 9305.18 9304.56 9302.27 9298.33 9294.31 9290.66 9289.47 9296.72 9299.01 9296.08 9295.77 9298.62 9301.21 9302.86 9302.52 9300.32 9297.29 9292.49 9286.88 9281.02 9275.26 9270.07 9268.33 9270.58 9274.19 9277.94 9281.91 9288.78 9295.53 9302.43 9309.19 9316.24 9322.99 9329.59 9335.71 9338.94 9332.13 9325.69 9319.54
9235.36 9239.47 9243.9 9248.19 9255.33 9261.27 9264.96 9272.05 9284.93 9299.38 9315.22 9303.99 9283.62 9262.32 9248.47 9247.05 9243.7 9237.22 9238.62 9245.05 9253.04 9262.45 9272.81 9284.4 9295.7 9305.87 9313.61 9317.52 9316.61 9312.39 9306.47 9300.38 9294.71 9290.77 9292.19 9299.27 9300.78 9298.92 9298.39 9297.12 9298.18 9299.41 9299.93 9299.06 9296.39 9292.73 9288.28 9283.63 9279.41 9276.67 9274.96 9275.54 9278.1 9282.18 9286.67 9291.22 9297.17 9303.74 9310.98 9318.2 9325.91 9333.86 9341.8 9344.57 9337.2 9329.16 9322.52
9234.45 9239.22 9244.29 9248.51 9255.12 9260.43 9265.3 9271.81 9292.14 9312.18 9321.18 9303.38 9279.78 9256.53 9243.12 9240.7 9238.8 9233.03 9235.16 9241.97 9251.07 9261.18 9273.07 9285.85 9298.92 9312.57 9324.41 9329.22 9327.41 9319.73 9310.62 9301.82 9294.3 9288.5 9286.57 9296.38 9299.75 9297.31 9292.4 9295.12 9297.15 9298.14 9299.37 9298.67 9296.39 9293.35 9289.81 9286.3 9283.08 9280.5 9279.86 9279.97 9280.94 9282.52 9288.26 9293.22 9298.78 9305.1 9311.77 9319.03 9326.54 9333.99 9341.36 9343 9336.71 9329.83 9324.63
9235.44 9239.69 9244.95 9250.62 9255.11 9259.61 9261.48 9273.42 9296 9313.67 9312.36 9295.48 9273.8 9252.69 9240.77 9236.42 9233.13 9230.4 9232.88 9239.57 9249.08 9259.88 9271.42 9284.38 9298.76 9316.02 9334.56 9346.99 9338.73 9324.46 9311.85 9301.23 9292.64 9285.88 9282.81 9290.58 9294.83 9295.07 9290.83 9295.43 9300.4 9301.98 9301.39 9299.7 9297.24 9294.44 9291.55 9288.89 9286.67 9285.32 9284.29 9284.22 9284.77 9285.9 9289.64 9294.4 9299.7 9305.69 9312.22 9318.89 9325.56 9331.22 9334.68 9335.43 9332.25 9327.22 9324.09
9234.56 9239.71 9245.42 9251.55 9256.41 9261.67 9266.96 9282.63 9297.6 9308.88 9299.16 9282.91 9266.08 9250.82 9240.87 9235.01 9229.71 9226.87 9230.96 9238.1 9246.87 9256.36 9267.28 9279.52 9293.55 9310.68 9332.44 9356.25 9338.21 9321.39 9308.68 9298.38 9289.95 9283.09 9281.58 9284.99 9287.79 9287.87 9291.45 9297.36 9305.45 9307.22 9303.39 9300.41 9297.66 9295.11 9292.9 9290.66 9289.36 9288.83 9288.1 9288.23 9289.61 9292.56 9293.95 9295.53 9299.83 9305.55 9311.93 9318.14 9323.93 9328.36 9330.34 9330.14 9327.45 9322.98 9317.6
9233.4 9238.62 9244.83 9251.95 9259.55 9268.61 9285.97 9292.88 9293.44 9290.18 9277.32 9267.61 9257.2 9247.52 9241.43 9236.82 9231.31 9227.72 9230.76 9236.86 9244.07 9252.52 9261.6 9271.59 9282.68 9294.47 9307.18 9319.09 9316.04 9308.52 9300.46 9293.06 9286.48 9280.71 9278.38 9281.3 9283.4 9285.01 9289.03 9295.61 9303.65 9305.34 9302.12 9299.37 9297.1 9295.3 9293.61 9292.16 9290.92 9290.39 9290.55 9291.17 9292.28 9293.56 9292.42 9294.2 9299.62 9305.25 9311.4 9317.01 9322.45 9326.62 9329.2 9327.7 9324.39 9321.32 9321.58
9232.18 9236.73 9242.45 9250.1 9261.41 9274.04 9289.85 9297.92 9281.56 9266.36 9255.24 9252.64 9248.41 9243.58 9241.6 9240.3 9235.39 9230.99 9231.22 9235.6 9241.31 9248.05 9255.25 9262.45 9269.24 9274.71 9276.12 9277.53 9289.14 9291.68 9289.73 9286.29 9282.57 9279.67 9279.66 9280.9 9283.81 9286.62 9286.82 9289.79 9294.59 9297.26 9297.42 9296.78 9295.99 9295.21 9294.38 9293.47 9292.26 9291.64 9292.85 9293.54 9293.88 9293.75 9293.05 9295.12 9300.11 9305.39 9310.66 9315.84 9320.97 9324.86 9328.4 9325.88 9322.55 9321.11 9327.88
9229.69 9233.26 9237.34 9243.28 9251.62 9259.69 9259.05 9274.59 9261.21 9245.35 9240.17 9241.8 9242.36 9242.03 9240.57 9239.6 9232.54 9229.19 9230.59 9233.84 9238.3 9243.31 9248.42 9253.42 9257.2 9259.55 9259.96 9263.31 9271.65 9277.39 9279.52 9279.5 9278.54 9276.38 9277.33 9280.74 9284.17 9284.39 9281.86 9282.18 9285.27 9289.07 9291.82 9293.15 9294.01 9294.71 9295.24 9295.4 9295.49 9295.54 9296.18 9296.48 9296.16 9295.35 9296.17 9300 9301.71 9305.65 9310.15 9314.98 9319.27 9322.97 9326.18 9324.5 9321.86 9321.29 9332.22
9226.56 9228.77 9230.73 9232.55 9232.4 9230.96 9232.41 9244.23 9239.84 9230.82 9231.89 9235.87 9238.86 9239.56 9237.29 9234.64 9230.39 9228.31 9229.96 9232.42 9235.44 9239.07 9242.48 9245.54 9247.85 9249.14 9250.54 9254.85 9261.23 9267.4 9271.2 9273.46 9274.36 9277.11 9277.55 9278.91 9281.66 9281.32 9277.01 9276.09 9278.73 9282.63 9286.44 9289.53 9291.96 9294.1 9295.88 9297.5 9299.07 9299.94 9300.28 9300.29 9299.76 9298.49 9297.88 9299.73 9303.1 9306.95 9311.01 9315.23 9318.91 9321.98 9324.05 9325.68 9324.9 9324.65 9338.11
9224.17 9225.08 9225.31 9223.79 9220.03 9218.13 9220.11 9221.62 9226.8 9226.39 9229.25 9233.66 9237.73 9238.29 9233.78 9230.01 9230.14 9229.33 9229.69 9231.14 9233.07 9235.3 9237.63 9239.47 9241.12 9242.18 9242.62 9247.68 9254.57 9260.47 9265.71 9269.22 9270.75 9271.26 9273.8 9274.96 9275.18 9274.79 9272.39 9272.29 9274.98 9277.62 9281.61 9285.7 9289.37 9292.98 9296 9299.02 9302.39 9303.78 9304.47 9304.92 9305.08 9305.01 9304.29 9303.39 9305.88 9309.79 9313.8 9317.61 9321.03 9324.68 9328.81 9332.89 9335.05 9336.24 9351.27
9223.01 9223.05 9222.36 9220.44 9217.64 9217.9 9220.57 9223.78 9224.93 9226.08 9229.99 9234.09 9237.36 9236.77 9231.95 9227.93 9228.57 9229.02 9229.39 9230.13 9231.16 9232.42 9233.81 9235.05 9236.27 9237.98 9241.27 9245.1 9250.75 9256.98 9262.51 9266.38 9268.62 9271.17 9271.64 9271.67 9269.52 9267.91 9266.74 9266.45 9268.87 9272.57 9277.04 9281.64 9286.52 9291.53 9296.26 9300.31 9302.75 9306.38 9308.54 9309.92 9311.02 9312.45 9312.88 9308.92 9310.97 9314.94 9319.09 9322.85 9325.94 9330.16 9337.61 9346.53 9354.79 9358.34 9372.35
