real_craters/C078-1000m.grd
DSAA
34 34
-16.34 16.34
-16.34 16.34
8626.3704251271 9745.0522961354
9671.82 9649.78 9650.75 9637.36 9629.55 9623.93 9625.88 9619.1 9604.01 9606.05 9607.37 9608.61 9606.05 9601.21 9588.81 9564.41 9568.66 9563.92 9569.1 9600.8 9566.92 9541.7 9535.42 9536.35 9568.72 9546.03 9549.7 9548.94 9582.96 9658.88 9635.37 9646.37 9655.36 9668.09 
9647.89 9621.06 9625.92 9627.81 9625.13 9618.66 9601.42 9592.29 9597.98 9604.68 9610.58 9620 9630.76 9611.28 9590.2 9566.08 9595.06 9593.62 9574.02 9563.17 9560.31 9545.04 9545.93 9542.31 9538.14 9536.9 9538.98 9540.2 9552.64 9618.13 9634.27 9632.7 9639.48 9651.08 
9635.95 9619.25 9609.83 9617.09 9622.74 9624.61 9617.79 9607.53 9607.28 9606.33 9607.83 9613.57 9609.45 9612.17 9618.28 9618.35 9624.65 9603.2 9579.24 9560.37 9566.02 9553.01 9563.5 9537.26 9541.9 9563.85 9558.26 9539.4 9535.79 9539.15 9587.7 9608.08 9623.88 9639.62 
9665.09 9610.96 9607.59 9618.69 9624.46 9632.14 9647.42 9636.47 9621.97 9611.68 9606.72 9604.04 9596.47 9605.51 9613.79 9612.64 9611.75 9586.67 9584.29 9587.77 9573.17 9553.88 9583.13 9554.36 9544.79 9560.34 9563.69 9552.18 9543.37 9537.73 9551.16 9584.69 9607.11 9627.44 
9618.9 9613.89 9634.05 9633 9628.67 9625.62 9619.91 9617.51 9608.31 9608.26 9605.99 9602.73 9601.19 9603.3 9606.94 9614.99 9649.14 9607.79 9589.68 9573.69 9587.98 9566.85 9587.9 9544.64 9544.16 9568.08 9572.53 9562.94 9559.3 9552.04 9557.15 9567.94 9587.64 9610.06 
9614.15 9623.13 9645.42 9642.9 9630.16 9619.35 9607.38 9607.72 9607.6 9610.35 9609.93 9609.68 9608.44 9611.28 9618.79 9626.43 9636.79 9616.54 9598.23 9586.67 9606.84 9594.52 9585.95 9573.44 9558.92 9575.35 9578.45 9584.4 9562.21 9543.63 9549.03 9560.92 9574.58 9590.85 
9606.39 9621.91 9645.55 9642.77 9629.86 9615.7 9607.25 9607 9610.06 9614.25 9616.52 9617 9620.9 9625.08 9634.19 9618.03 9615.1 9610.58 9612.37 9599.82 9610.46 9599.73 9577.49 9577.33 9554.03 9537.21 9567.21 9579.4 9576.18 9558.94 9549.12 9554.06 9562.11 9569.59 
9595.18 9619.77 9653.13 9644.74 9628.49 9613.01 9603 9607.42 9611.64 9614.52 9613.32 9614.32 9623.14 9634.23 9647.26 9653.87 9679.73 9633.34 9642.65 9645.61 9629.1 9602.83 9592.42 9557.47 9549.38 9541.36 9564.09 9587.87 9600.22 9579.41 9560.71 9556.83 9556.23 9553.93 
9600.32 9622.17 9646.17 9639.64 9627.98 9620.12 9614.15 9612.48 9618.81 9618.38 9606.31 9604.29 9629.22 9637.94 9593.38 9613.96 9636.15 9531.54 9545.51 9565.97 9608.88 9605.62 9668.24 9559.95 9555.84 9557.93 9564.61 9583.98 9613.09 9627.57 9582.78 9567.23 9557.83 9548.13 
9605.41 9620.02 9632.38 9625.22 9623.97 9621.35 9620.82 9618.8 9613.25 9608.16 9587.75 9562.48 9541.5 9564.97 9393.97 9252.29 9179.75 9224.2 9171.32 9285.16 9527.48 9699.32 9609.42 9612.33 9607.77 9600.24 9583.99 9583.81 9596.26 9602.96 9593.7 9586.19 9571.54 9557.01 
9602.76 9616.77 9622.29 9617.7 9620.16 9621.38 9626.52 9631.62 9636.71 9612.36 9565.3 9487.52 9371.69 9181.28 9150.38 9064.58 9047.49 9014.6 9108.92 9118.07 9241.87 9256.62 9716.77 9674.53 9638.39 9628.82 9600.57 9582.33 9575 9568.53 9598.85 9602.84 9582.38 9567.15 
9617.44 9618.72 9622.88 9625.03 9619.68 9617.45 9631.27 9649.52 9674.25 9641.09 9545.41 9398.17 9235.76 9097.36 8965.83 8873.72 8811.17 8818.56 8816.73 8928.99 9005.11 9024.36 9369.65 9610.33 9650.99 9626.28 9601.03 9581.79 9567.07 9563.23 9572.5 9575.73 9573.42 9568.16 
9612.55 9626.02 9629.58 9626.51 9616.5 9613.51 9631.82 9662.1 9700.92 9691.62 9535.7 9331.21 9119.49 8900.27 8816.37 8790.16 8763.04 8758.42 8756.23 8822.58 8911.18 9021.3 9154.14 9503.4 9651.04 9631.19 9586.61 9579.66 9567.87 9558.23 9557.93 9555.55 9559.93 9562.31 
9635.39 9636.2 9630.65 9622.28 9607.71 9603.54 9615.22 9642.67 9696.83 9745.05 9489.6 9263.27 9052.41 8866.67 8778.66 8760.07 8739.27 8730.78 8734.57 8775.81 8841.42 8931.43 9096.95 9258.68 9656.98 9647.97 9617.49 9581.29 9564.12 9563.67 9557.04 9545.5 9549.38 9553.65 
9659.2 9644.8 9633.78 9625.95 9611.59 9593.52 9584.34 9575.44 9563.8 9518.1 9363.01 9184.38 9006.47 8849.36 8768.18 8745.84 8723.32 8701.65 8713.37 8742.32 8783.3 8843.24 9018.01 9181.14 9469.33 9585.44 9589.46 9573.42 9564.36 9560.68 9552.75 9538.01 9541 9543.67 
9650.71 9642.53 9632.58 9626.29 9621.82 9602.9 9553.97 9499.3 9425.87 9340.24 9238.01 9112.37 8972.55 8843.96 8769.76 8728.73 8693.5 8677.59 8689.57 8720.32 8758.11 8824.28 8999.84 9142.64 9388.45 9547.28 9570.42 9568.59 9570.45 9556.98 9546.14 9545.27 9539.14 9534.69 
9640.83 9635.55 9630.27 9623.07 9614.88 9584.5 9526.1 9450.16 9360.43 9297.15 9185.95 9076.81 8956.25 8842.82 8758.47 8673.23 8626.37 8641.05 8686.3 8722.28 8758.13 8815.43 8996.21 9158.29 9380.3 9570.98 9595.64 9578.33 9573.48 9564.79 9550.06 9543.35 9534.35 9526.85 
9630.42 9627.7 9627.33 9626.46 9614.19 9579.46 9516.27 9437.91 9348.18 9283.14 9179.86 9080.23 8961.55 8836.68 8730.88 8672.03 8634.22 8655 8710.25 8735.59 8767.68 8822.85 9016.01 9248.07 9423.38 9578.66 9607.54 9590 9600.21 9579.83 9555.36 9541.51 9529.66 9519.12 
9621.04 9617 9621.24 9624.79 9617.14 9583.74 9525.93 9460.38 9389.6 9356.01 9262.52 9137.24 8994.48 8852.94 8743.73 8718.38 8691.11 8702.91 8728.78 8752.01 8783.59 8842.05 9090.11 9359.61 9469.83 9597.95 9590.02 9580.63 9607.6 9581.17 9559.91 9537.49 9522.8 9511.54 
9601.16 9603.72 9611.43 9621.16 9624.73 9593.6 9552.11 9510.21 9473.28 9485.24 9407.02 9241.17 9060.65 8888.28 8761.64 8734.83 8723.96 8719.16 8747.23 8781.9 8825.91 8925.95 9282.17 9474.16 9528.88 9598.23 9579.16 9567.48 9567.69 9556.42 9533.63 9524.86 9515.88 9504.74 
9594.63 9592.28 9598.45 9607.51 9607.38 9592.21 9573.85 9557.32 9548.57 9592.11 9531.77 9354.25 9158.2 8947.65 8793.82 8765.68 8758.61 8751.18 8788.38 8865.3 8947.96 9098.06 9363.3 9569.51 9584.1 9579.44 9553.32 9526.79 9535.26 9531.67 9522.99 9513.06 9506.28 9497.78 
9592.84 9584.39 9585.32 9585.09 9579.21 9587.55 9588.68 9587.84 9597.62 9640.21 9586.43 9461.36 9274.56 9055.94 8854.5 8832.57 8824.85 8826.95 8908.18 9009.76 9117.95 9330.82 9547.26 9702.3 9593.96 9549.51 9534.78 9519.95 9526.25 9521.01 9508.22 9502.27 9499.84 9493.69 
9594.05 9583.06 9578.69 9572.24 9582.89 9590.24 9597.4 9608.52 9645.12 9687.24 9714.72 9563.24 9412.63 9276.87 9140.77 9026.44 8991.8 9001.18 9051.95 9213.68 9356.56 9501.78 9664.59 9620.09 9561.74 9549.55 9534.89 9542.99 9531.83 9519.93 9506.82 9498.26 9487.55 9492.46 
9592.57 9584.21 9578.27 9573.3 9573.83 9585.99 9595.64 9608.85 9625.87 9652.64 9649.15 9587.09 9516.19 9468.45 9412.2 9315.91 9307.01 9326.5 9392.5 9481.4 9582.58 9635.95 9615.8 9554.12 9536.49 9540.39 9535.66 9535.7 9529.15 9518.39 9509.71 9504.91 9508.23 9498.56 
9588.71 9581.96 9580.47 9580.99 9583.83 9583.61 9588.79 9591.46 9597.73 9606.48 9596.7 9579.83 9568.55 9571.9 9587.74 9589.85 9588.84 9607.58 9662.53 9627.77 9634.9 9622.51 9538.64 9537.33 9523.58 9528.66 9534.63 9534.39 9514.32 9515.37 9519.45 9522.1 9514.38 9500.21 
9585.2 9596.13 9575.74 9577.35 9574.91 9572.37 9579.44 9582.01 9586.26 9582.27 9581.89 9575.62 9578.52 9599.55 9640.21 9645.72 9603.7 9592.9 9603.72 9593.19 9571.04 9572.97 9545.87 9539.7 9543.28 9541.74 9534.79 9512 9505.65 9510.4 9517.75 9522.87 9505.61 9492.58 
9562.4 9544.79 9559.03 9558.06 9561.47 9561.65 9570.38 9572.74 9573.02 9570.39 9568.64 9567.94 9564.01 9559.87 9592.39 9610.88 9551.14 9552.18 9549.59 9546.48 9544.96 9544.76 9535.53 9545.57 9581.76 9561.67 9540.51 9515.3 9506.91 9504.92 9501.68 9479.23 9489.12 9481.83 
9557.52 9556.31 9559.88 9563.32 9568.21 9570.09 9563.94 9560.06 9561.29 9563.12 9562.52 9559.36 9554.91 9547.69 9543.36 9565.84 9555.81 9553.82 9544.86 9537.89 9538.68 9534.25 9538.29 9548.52 9559.03 9553.16 9549.3 9533.09 9515.35 9502.55 9490.12 9474.19 9478.96 9481.48 
9555.26 9557.11 9554.46 9564.38 9561.64 9559.78 9550.17 9551.49 9552.59 9555.14 9556.96 9555.09 9546.05 9533.72 9520.2 9516.97 9538.11 9546.96 9547.9 9527.26 9529.5 9526.53 9532.99 9526.53 9510.49 9523.58 9523.24 9523.75 9520.18 9496.82 9480.93 9468.56 9467.88 9478.83 
9550.05 9550.61 9540.6 9526.27 9532.14 9527.18 9534.59 9538.84 9542.45 9544 9545.02 9543.33 9538.5 9521.92 9506.45 9504.19 9518.71 9527.39 9507.93 9524.64 9520.75 9529.09 9525.93 9527.5 9515.57 9511.8 9526.46 9519.33 9495.66 9485.84 9473.24 9461.91 9456.91 9455.61 
9542.22 9538.43 9530.63 9524.85 9519.07 9518 9522.47 9527.93 9531.96 9535.46 9537.8 9538.59 9544.55 9532.57 9517.29 9513.56 9517.69 9523.85 9517.9 9515.83 9511.86 9525.16 9538.19 9523.83 9508.86 9504.63 9510.71 9511.67 9490.91 9478.81 9468.49 9460.82 9459.92 9464.77 
9535.24 9525.97 9518.34 9516.54 9514.44 9512.5 9516.55 9522.56 9526.49 9528.87 9531.14 9535.07 9555.19 9556.77 9534.19 9532.72 9553.06 9528.71 9517.73 9501.97 9514.7 9547.52 9533.18 9515.69 9505.67 9505.09 9496.3 9492.91 9482.8 9469.67 9462.16 9459.03 9463.08 9478.45 
9533.7 9525.22 9515.16 9515.35 9517.59 9520.55 9522.77 9522.85 9523.52 9523.84 9523.78 9522.77 9531.66 9547.39 9525.83 9499.14 9495.54 9513.21 9523.33 9518.56 9520.63 9548.9 9532.48 9487.91 9487.67 9501.37 9491.61 9480.02 9464.73 9457.43 9456.66 9455.87 9461.04 9476.28 
9538.09 9533.84 9532.07 9523.16 9523.25 9526.21 9526.54 9526.47 9524.73 9521.72 9520.41 9520.45 9515.86 9510.7 9508.43 9497.99 9487.77 9496.14 9504.88 9515.29 9517.05 9495.17 9480.78 9476.58 9487.14 9496.1 9498.78 9479.19 9463.36 9456.15 9455.66 9456.71 9462.62 9459.26 
