real_craters/C078-300m.grd
DSAA
192 192
-28.595 28.595
-28.595 28.595
8345.2651038465 9560.7950952098
[rows 150 to 179 of 192, columns 0 to 66 of 192]
9246.25 9246.87 9247.27 9248.03 9248.78 9249.05 9249.74 9248.49 9246.93 9245.55 9244.29 9244.02 9245.1 9246.55 9248.22 9250 9251.66 9253.1 9250.3 9247.07 9247.41 9249.11 9251.05 9252.88 9254.41 9255.16 9254.5 9253.12 9251.18 9249.9 9248.29 9245.9 9243.25 9240.8 9238.14 9235.22 9231.95 9228.31 9225.33 9222.25 9220.62 9222.8 9226.38 9230.02 9235.12 9238.14 9237.58 9235.06 9231.5 9226.28 9219.3 9212.02 9204.55 9197.25 9191.84 9193.88 9196.96 9200.52 9204.44 9208.98 9212.31 9212.71 9213.12 9216.01 9218.83 9221.05 9222.65
9245.8 9246.45 9246.37 9246.22 9246.46 9245.65 9246.68 9246.78 9246.35 9246.13 9246.86 9246.36 9246.03 9246.77 9247.99 9249.48 9250.89 9251.54 9249.75 9244.39 9245.18 9247.67 9250.1 9252.48 9254.75 9256.31 9255.18 9252.27 9250.06 9249.38 9248.2 9245.28 9242.52 9239.98 9237.44 9234.68 9231.61 9228.12 9223.94 9220.27 9221.71 9225.46 9226.64 9239.1 9240.34 9236.11 9234.33 9232.21 9228.86 9223.26 9216.88 9210.17 9203.58 9197.8 9193.98 9195.55 9198.85 9202.33 9206.62 9210.78 9214.75 9215.5 9214.14 9217.08 9220.07 9222.48 9224.3
9245.85 9246.78 9247.69 9247.33 9246.25 9245.09 9245.58 9245.68 9245.58 9245.53 9245.63 9246 9246.1 9246.66 9247.51 9248.53 9249.41 9249.47 9247.05 9243.74 9244.64 9247 9249.28 9251.72 9254.41 9257.61 9258.19 9246.71 9245.7 9246.41 9245.66 9243.5 9241.24 9239.02 9236.66 9234.14 9231.39 9228.07 9223.28 9222.11 9224.99 9235.13 9250.2 9260.85 9251.09 9239.36 9235.43 9233.86 9229.5 9223.48 9216.72 9209.69 9203.79 9200.99 9199.5 9199.08 9201.65 9205.11 9208.85 9212.72 9217.35 9218.45 9217.29 9219.81 9222.61 9224.66 9226.03
9246.05 9246.97 9247.72 9247.4 9246.77 9246.58 9245.29 9244.95 9244.78 9244.54 9244.29 9244.76 9245.46 9246.07 9246.68 9247.16 9247.49 9247.05 9244.72 9244.81 9245.66 9246.83 9248.47 9250.28 9252.22 9254.38 9255.32 9250.14 9245.75 9243.35 9242.13 9240.97 9239.29 9237.35 9235.18 9232.86 9230.21 9226.41 9219.82 9215.56 9224.11 9243.25 9264.77 9273.13 9262.95 9247.88 9241.85 9240.29 9235.86 9228.62 9219.59 9211.1 9203.81 9199.46 9199.18 9201.29 9205.09 9209.41 9213.41 9216.51 9220.99 9222.05 9222.09 9225 9226.87 9227.81 9228.74
9246.33 9246.9 9247.46 9246.53 9245.2 9244.67 9244.42 9244.21 9243.99 9243.76 9243.96 9244.26 9244.78 9245.33 9245.67 9245.73 9245.14 9244.08 9244.28 9245.71 9246.37 9246.59 9247.35 9248.31 9248.83 9248.03 9248.41 9251.96 9246.03 9241.43 9239.78 9238.71 9237.31 9235.59 9233.62 9231.27 9227.95 9222.51 9214.92 9209.18 9219.37 9245.32 9272.74 9283.03 9275.17 9262.59 9255.29 9251.44 9243.74 9233.74 9222.97 9212.45 9203.09 9195.97 9197.29 9202.9 9209.39 9215.46 9220.95 9226.14 9229.97 9231.31 9231.24 9232.56 9232.3 9231.93 9231.79
9246.63 9246.68 9246.42 9245.81 9243.65 9243.12 9243.91 9243.8 9243.37 9242.93 9242.84 9243.46 9244.15 9244.74 9244.88 9244.76 9244.2 9243 9242.62 9243.62 9244.49 9245.26 9246.07 9246.59 9246.45 9245.15 9242.67 9241.01 9241.68 9240.3 9238.45 9236.97 9235.46 9233.8 9231.94 9229.69 9226.38 9220.06 9211.14 9203.34 9211.88 9241.54 9275.18 9287.1 9284.55 9280.27 9275.55 9266.14 9252.77 9238.99 9225.85 9213.85 9203.21 9194.64 9198 9205.85 9214.78 9223.34 9229.12 9235.33 9241.42 9243.59 9244.59 9241.42 9238.09 9235.86 9234.6
9247.18 9247.05 9246.31 9246.88 9246.77 9245.64 9244.73 9243.96 9243.14 9242.46 9242.3 9243 9243.79 9244.25 9244.57 9244.32 9243.34 9241.06 9240.16 9241.1 9242.41 9243.88 9244.78 9245.14 9244.95 9244.56 9241.71 9238.91 9238.79 9238.64 9236.73 9234.99 9233.46 9231.79 9229.85 9227.6 9225.25 9218.26 9208.62 9199.49 9203.63 9229.61 9262.75 9280.89 9282.23 9291.94 9296.41 9277.29 9258.05 9241.63 9227.25 9214.84 9205.01 9200.37 9202.06 9209.72 9220.41 9232.64 9244.32 9249.28 9252.67 9252.22 9252 9246.86 9241.73 9238.29 9236.33
9247.82 9248.38 9248.79 9248.69 9249.82 9247.85 9245.89 9244.54 9243.39 9242.49 9242.31 9242.89 9243.66 9244.35 9244.76 9244.69 9243.07 9239.48 9239.21 9240.39 9241.36 9243.52 9244.15 9243.88 9243.26 9242.27 9240.07 9237.72 9236.25 9235.3 9234.13 9232.95 9231.54 9229.88 9227.68 9224.56 9219.99 9214.31 9206.99 9198.61 9197.56 9211.01 9226.32 9240.4 9258.59 9279.02 9292.3 9273.18 9255.45 9240.31 9226.87 9215.14 9205.41 9199.91 9204.28 9212.32 9223.52 9237.44 9253.24 9255.11 9253.66 9252.61 9250.34 9246.22 9241.73 9238.48 9236.34
9248.02 9248.98 9249.75 9248.84 9247.74 9247.72 9246.52 9245.13 9243.83 9242.74 9242.68 9243.27 9244.03 9244.81 9245.57 9245.86 9245.02 9240.46 9240.24 9242.38 9244.89 9244.78 9243.78 9242.67 9241.34 9239.66 9238.05 9235.62 9233.18 9231.84 9231.35 9230.49 9229.86 9228.29 9226.22 9222.66 9216.93 9211.8 9205.54 9198.96 9195.43 9197.79 9195.33 9203.45 9227.17 9247.37 9255.2 9253.62 9245.09 9234.63 9224.27 9214.58 9205.81 9200.92 9205.31 9212.6 9222.13 9233.82 9245.14 9249.47 9250.38 9247.55 9244.61 9241.67 9238.77 9236.44 9234.85
9247.09 9246.93 9247.72 9248.16 9248.25 9247.96 9247.01 9245.77 9244.55 9243.54 9243.4 9243.89 9244.68 9245.41 9246.21 9247.12 9247.57 9243.22 9242.04 9244.24 9247.2 9245.04 9242.7 9241.08 9239.57 9237.14 9235.67 9233.1 9230.18 9228.8 9229 9229.24 9228.39 9227.29 9225.49 9222.91 9219.56 9212.51 9206.17 9201.34 9197.94 9196.45 9195.49 9191.73 9206.17 9222.3 9230.71 9234.69 9232.13 9226.47 9220.14 9214.11 9208.19 9204.45 9206.93 9210.97 9216.79 9224.06 9232.79 9237.05 9239.5 9238.98 9237.19 9235.51 9234.14 9233.27 9232.6
9246.17 9242.28 9243.68 9247.66 9249.87 9248.73 9247.69 9246.61 9245.49 9244.68 9244.55 9244.76 9245.31 9245.79 9246.33 9246.79 9247.26 9243.79 9242.29 9242.88 9243.32 9242.34 9240.69 9239.06 9238.39 9238.11 9232.47 9229.99 9228.1 9227.47 9228.09 9228.47 9228.37 9227.43 9225.64 9223.03 9219.23 9212.93 9207.37 9204.55 9203.57 9196.32 9188.86 9186.77 9194.81 9206.93 9217.18 9220.36 9219.57 9217.08 9214.44 9213.03 9213 9210.57 9207.99 9207.77 9209.41 9211.67 9215.13 9222.73 9227.07 9228.91 9228.5 9228.03 9228.73 9229.33 9229.95
9247.53 9245.95 9245.78 9247.62 9249.04 9249 9248.41 9247.61 9246.69 9245.88 9245.78 9245.78 9245.98 9246.22 9246.08 9245.22 9243.3 9241.49 9241.06 9240.84 9240.3 9239.51 9238.16 9236.19 9232.86 9230.29 9229.94 9228.07 9226.44 9226.53 9227.63 9228.58 9228.8 9227.97 9225.9 9222.48 9217.99 9212.32 9206.71 9204.72 9204.07 9194.64 9186.18 9184.06 9188.28 9196.12 9203.34 9206.79 9207.17 9206.56 9206.75 9207.93 9213.68 9211.3 9204.99 9202.23 9201.86 9202.69 9206.04 9212.6 9217.39 9220 9221.03 9222.01 9223.47 9225.22 9227.02
9249.9 9249.95 9249.27 9248.55 9248.76 9249.5 9249.38 9248.86 9248.18 9247.55 9247.26 9247.22 9247.23 9246.77 9245.9 9244.47 9241.61 9240.77 9240.29 9239.44 9238.23 9237.06 9236.33 9234.84 9232.29 9229.1 9228.31 9226.94 9225.48 9226.35 9227.98 9229.29 9229.88 9229.32 9227.07 9222.79 9218.01 9213.2 9207.43 9202.66 9196.62 9190.18 9184.79 9182.53 9184.03 9187.65 9191.71 9194.02 9195.05 9195.57 9195.79 9196.15 9196.69 9197.5 9195.93 9194.32 9194.21 9195.61 9199.55 9205.38 9209.72 9212.39 9214.39 9216.44 9218.24 9220.79 9224.08
9251.94 9252.66 9252.26 9251.55 9251.01 9250.87 9250.69 9250.37 9249.86 9249.3 9248.93 9248.6 9248.36 9247.59 9246.8 9245.69 9244.32 9242.13 9240.67 9239.17 9236.8 9235.57 9236.13 9235.23 9233.67 9230.92 9227.72 9227.19 9226.75 9227.53 9229.13 9230.73 9231.83 9231.81 9229.97 9225.47 9220.41 9215.81 9209.25 9200.88 9193.32 9186.13 9181.83 9180.19 9180.06 9180.68 9180.86 9181.42 9183.87 9184.94 9184.79 9183.03 9180.28 9182.44 9185.08 9185.68 9186.14 9187.66 9192.57 9199.21 9203.09 9205.39 9207.3 9209.62 9212.28 9216.2 9220.67
9253.86 9255.8 9254.7 9254.1 9253.08 9252.46 9252.2 9252 9251.72 9251.25 9250.69 9250.28 9249.57 9248.66 9247.76 9246.87 9245.94 9243.33 9241.81 9240.69 9239.57 9239.11 9238.27 9236.66 9233.7 9231.25 9229.13 9227.94 9228.18 9228.73 9230.36 9232.32 9234.04 9234.97 9234.35 9231.37 9224 9216.55 9207.83 9197.55 9189.27 9183 9179.69 9178.1 9177.18 9176.06 9174.47 9173.62 9175.72 9176.57 9176.14 9173.98 9171.59 9173.76 9176.68 9178.14 9178.95 9179.91 9186.17 9193.43 9197.06 9198.8 9200.03 9201.18 9205.7 9211.3 9217.19
9255.04 9256.68 9255.68 9253.89 9253.71 9253.63 9253.6 9253.55 9253.36 9252.92 9252.42 9251.73 9250.59 9249.63 9248.59 9247.29 9245.14 9243.45 9242.93 9242.63 9243.03 9243.19 9240.8 9238.97 9237.91 9233.25 9229.9 9227.69 9227.11 9228.89 9231.18 9233.52 9235.74 9237.55 9238.08 9235.54 9223.39 9209.62 9199.44 9191.49 9185.26 9180.18 9178.24 9177.01 9175.81 9173.89 9171.74 9170.19 9171.24 9171.57 9170.87 9169.08 9167.83 9169.28 9171.47 9172.98 9173.97 9176 9182.01 9189.83 9191.51 9192.91 9194.27 9196.31 9200.86 9207.07 9213.87
9256.11 9257.59 9256.49 9254.36 9254.51 9254.67 9254.92 9255.19 9255.04 9254.53 9253.86 9252.81 9251.54 9250.48 9249.26 9247.69 9245.8 9244.54 9244.06 9243.9 9243.93 9243.5 9241.46 9239.18 9237.02 9233.41 9230.2 9227.94 9227.23 9229.06 9231.29 9233.69 9236.08 9238.19 9239.07 9235.5 9217.28 9197.04 9187.69 9184.25 9181.99 9180.1 9178.03 9176.52 9175.42 9173.21 9171.24 9169.87 9169.83 9169.4 9168.41 9167.1 9166.57 9167.42 9168.87 9170.21 9171.14 9171.82 9176.49 9181 9185.46 9187.9 9189.84 9192.47 9196.86 9203.23 9210.57
9257.43 9258.37 9257.5 9257.1 9255.58 9255.53 9256.08 9256.86 9257.32 9256.62 9255.33 9253.92 9252.57 9251.33 9250.14 9248.38 9246.38 9245.61 9244.85 9244.24 9243.69 9242.88 9240.98 9238.21 9234.77 9233.33 9230.99 9229.02 9228.55 9229.27 9230.87 9232.76 9234.74 9236.37 9236.32 9229.62 9208.33 9185.67 9178.34 9177.98 9178.99 9180.13 9177.65 9175.59 9174.2 9172.47 9171.38 9171.17 9170.1 9168.74 9167.56 9166.5 9166.15 9166.93 9168.09 9169.5 9170.98 9172.88 9174.61 9177.28 9181.31 9184.23 9186.42 9188.62 9192.9 9199.82 9207.23
9258.1 9257.7 9256.23 9255.6 9255.23 9255.8 9256.85 9258.11 9259.2 9258.19 9256.49 9254.85 9253.48 9252.24 9251.33 9250.38 9248.87 9247.02 9245.48 9244.22 9243.08 9241.91 9240.3 9238.38 9235.34 9231.51 9229.93 9229.04 9228.68 9228.83 9229.61 9230.7 9231.62 9231.97 9230.71 9222.25 9199.71 9179.03 9173.01 9173.45 9175.45 9177.39 9175.69 9173.71 9172.09 9170.95 9170.64 9171.12 9170 9168.61 9167.62 9167.09 9166.91 9167.33 9168.28 9169.77 9171.6 9173.52 9175.72 9177.88 9179.91 9182.24 9184.49 9187.07 9191.26 9197.23 9203.76
9258.11 9256.46 9253.31 9252.02 9253.98 9255.57 9257.05 9258.4 9259.26 9258.55 9257.1 9255.46 9253.94 9252.73 9251.93 9251.7 9250.51 9247.79 9245.78 9244.05 9242.27 9240.44 9239.31 9238.41 9235.22 9229.74 9228.5 9227.56 9227.37 9227.39 9227.44 9227.5 9227.08 9225.48 9221.6 9210.96 9191.55 9174.8 9170.43 9170.91 9172.23 9173.06 9172.81 9171.43 9169.71 9168.91 9169.12 9169.15 9168.97 9168.42 9167.93 9167.96 9167.92 9168.09 9168.88 9170.25 9172.16 9174.16 9175.76 9177.73 9179.46 9181.5 9183.8 9186.73 9190.59 9195.27 9200.64
9258.86 9256.3 9253.2 9252.25 9253.85 9255.66 9257.23 9258.42 9258.84 9258.41 9257.36 9255.88 9254.33 9253 9251.49 9249.56 9248.15 9247.22 9245.62 9243.77 9241.64 9239.18 9238.29 9238.72 9235.62 9230.47 9228.18 9226.43 9226.06 9225.71 9225.13 9224.06 9222.06 9218.64 9212.66 9201.43 9185.48 9172.76 9169.97 9170.5 9171.8 9171.94 9171.14 9169.75 9168.07 9167.41 9167.96 9168.66 9168.72 9168.13 9167.97 9168.21 9168.4 9168.74 9169.54 9170.68 9172 9173.72 9175.77 9177.61 9179.38 9181.33 9183.6 9186.33 9189.7 9193.69 9198.16
9258.48 9256.86 9253.67 9253.45 9254.98 9256.52 9257.67 9258.47 9258.95 9258.47 9257.55 9256.26 9254.7 9253.37 9251.28 9248.75 9247.59 9247 9245.59 9243.83 9241.82 9239.78 9238.78 9238.12 9234.65 9230.17 9227.96 9226.62 9225.32 9224.16 9222.82 9220.89 9217.78 9212.89 9206.1 9196.13 9183.71 9174.36 9171.66 9171.39 9172.77 9171.91 9170.38 9168.92 9167.65 9167.14 9167.44 9167.67 9167.61 9167.81 9167.79 9167.92 9168.59 9169.42 9170.4 9171.45 9172.52 9174.02 9175.75 9177.84 9179.73 9181.68 9183.79 9186.17 9189 9192.53 9196.45
9260.22 9259.06 9256.97 9256.45 9257.18 9258.07 9258.78 9258.96 9258.75 9258.75 9258.04 9256.8 9255.28 9253.48 9251.98 9250.29 9248.72 9247.42 9245.89 9244.12 9242.33 9240.99 9239.77 9237.26 9232.64 9228.72 9227.02 9225.67 9224.04 9222.46 9220.64 9218.25 9214.61 9209.01 9200.98 9193.77 9186.45 9179.27 9174.64 9172.37 9171.04 9170.4 9169.41 9168.64 9167.86 9167.38 9167.69 9167.91 9168.05 9167.95 9167.85 9168 9168.98 9170.17 9171.43 9172.77 9174.21 9175.58 9176.83 9178.84 9180.71 9182.56 9184.47 9186.56 9188.83 9192.13 9195.78
9263.21 9262.3 9261.2 9260.19 9260 9260.25 9260.53 9260.66 9260.42 9259.73 9258.83 9257.61 9256.19 9254.59 9253.15 9250.87 9249.75 9248.28 9246.48 9244.51 9242.54 9240.71 9239.17 9237.89 9232.29 9227.88 9225.7 9223.85 9222.29 9220.67 9218.94 9216.66 9213.24 9208.13 9201.16 9194.85 9188.86 9182.82 9177.39 9173.64 9171.33 9170.02 9169.33 9168.96 9168.79 9168.8 9168.66 9168.56 9168.56 9168.43 9168.42 9168.72 9169.83 9171.13 9172.59 9174.26 9176.06 9177.9 9180.01 9180.71 9182.07 9183.7 9185.52 9187.44 9189.83 9192.58 9195.85
9265.47 9264.86 9264.29 9263.29 9262.74 9262.57 9262.5 9262.2 9261.7 9261 9260.01 9258.78 9257.55 9256.2 9255.32 9253.3 9251.56 9249.46 9247.19 9244.84 9242.55 9240.25 9238.06 9236.78 9232.24 9227.65 9224.18 9221.68 9220.1 9218.74 9217.41 9215.68 9213.19 9209.77 9204.74 9198.23 9191.11 9184.99 9179.57 9174.95 9171.76 9170.49 9169.63 9169.86 9170.02 9170.22 9169.72 9169.27 9169.08 9169.1 9169.45 9170.09 9171.01 9172.27 9173.74 9175.37 9177.46 9178.63 9180.33 9181.92 9183.49 9185.15 9186.98 9188.7 9190.36 9192.79 9196.2
9265.87 9266.24 9266.15 9265.53 9265.07 9264.77 9264.59 9264.27 9263.49 9262.39 9261.26 9260.03 9258.8 9257.77 9257.57 9256.5 9253.48 9250.53 9247.74 9245.07 9242.5 9239.99 9237.2 9234.03 9231.42 9226.9 9222.1 9219.26 9217.89 9216.78 9215.83 9214.71 9213.51 9211.85 9208.39 9201.64 9195.38 9187.81 9181.58 9176.58 9173.15 9172.21 9171.75 9171.36 9171.01 9170.88 9170.4 9169.83 9169.52 9169.69 9170.37 9171.21 9172.16 9173.41 9174.85 9176.3 9177.22 9178.98 9180.59 9182.87 9184.91 9186.91 9188.83 9190.68 9192.4 9194.73 9197.11
9266.56 9267.18 9267.41 9267.26 9266.99 9266.7 9266.47 9266.16 9265.08 9263.71 9262.35 9261.02 9259.78 9258.81 9258.42 9257.28 9254.28 9251.11 9248.04 9245.13 9242.35 9239.71 9236.54 9232.52 9231.02 9226.02 9220.26 9217.24 9216.09 9214.95 9213.97 9213.21 9212.9 9212.33 9208.7 9201.35 9194.76 9188.12 9182.88 9178.72 9175.83 9174.4 9174 9172.48 9171.58 9171.34 9170.87 9170.4 9170.04 9170.48 9171.22 9172.06 9173.14 9174.5 9176.01 9177.7 9179.72 9180.46 9182.22 9184.37 9186.55 9188.66 9190.74 9192.97 9195.46 9197.54 9198.41
9267.65 9268.26 9268.54 9268.61 9268.5 9268.3 9267.96 9267.36 9266.28 9264.89 9263.51 9262.1 9260.68 9259.45 9258.73 9257 9254.21 9251.09 9247.94 9244.92 9241.98 9239.18 9236.24 9232.42 9229.59 9225.37 9220 9216.8 9214.8 9212.96 9211.44 9210.21 9210.03 9211.1 9207.2 9196.62 9188.67 9185.65 9183.42 9181.14 9178.65 9176.26 9173.73 9172.38 9171.73 9171.11 9170.79 9171.07 9171.68 9171.86 9171.91 9172.73 9174.05 9175.69 9177.43 9178.58 9179.81 9182.07 9184.1 9186.29 9188.38 9190.5 9192.66 9194.97 9197.32 9199.04 9199.75
9269.13 9269.57 9269.9 9269.9 9269.85 9269.73 9269.45 9268.59 9267.42 9265.96 9264.42 9262.86 9261.16 9259.63 9258.45 9256.04 9253.5 9250.52 9247.33 9244.19 9241.11 9238.35 9235.77 9233.07 9230.23 9225.84 9221.12 9217.12 9213.75 9210.76 9208 9205.39 9203.34 9202.12 9197.94 9189.7 9184.07 9183.03 9183.58 9184.48 9182.06 9178.29 9174.9 9173.06 9172.39 9171.56 9171.3 9171.87 9172.32 9172.3 9171.96 9173.21 9175 9176.94 9179.11 9182.38 9184.16 9185.25 9186.73 9188.47 9190.33 9192.29 9194.36 9196.55 9198.77 9200.68 9200.59
9269.27 9270.34 9271.01 9271.14 9271.05 9270.9 9270.95 9270.39 9268.54 9266.84 9265.12 9263.42 9261.65 9259.68 9257.36 9254.96 9252.83 9249.89 9246.62 9243.4 9240.05 9236.85 9233.83 9231 9228.12 9224.72 9222.24 9216.91 9212.35 9208.19 9204.17 9199.95 9194.94 9188.07 9184.37 9180.92 9179.18 9180.25 9182.56 9185.46 9183.33 9179.96 9176.84 9174.94 9174.18 9173.49 9173.19 9173.16 9173.15 9173.06 9173.03 9174.43 9176.31 9178.29 9180.27 9181.66 9184.62 9187.42 9189.03 9190.48 9192.13 9193.93 9195.77 9197.62 9199.37 9200.31 9200.03
