real_craters/C078-500m.grd
DSAA
115 115
-28.595 28.595
-28.595 28.595
8359.1999462803 9539.7008898943
[rows 60 to 89 of 115, columns 0 to 66 of 115]
9258.97 9258.41 9259.3 9259.62 9259.59 9258.87 9256.88 9255.73 9255.45 9253.79 9250.31 9251.88 9253.27 9253.63 9253.61 9256.55 9256.07 9254.93 9252.8 9248.16 9246.34 9244.28 9246.28 9250.38 9241 9235.97 9239.08 9272.42 9304.2 9328 9329.69 9306.96 9286.37 9275.77 9284.98 9296.95 9306.25 9313.39 9315.55 9320.4 9382.08 9387.36 9302.09 9185.55 9054.5 8914.03 8777.88 8684.15 8612.01 8547.59 8523.05 8499.09 8470.91 8451.06 8459.11 8462.76 8462.2 8464.75 8469.51 8460.46 8470.92 8535.81 8618.39 8689.7 8717.11 8731.54 8761.36
9256.98 9258.8 9259.76 9260.23 9260.56 9260.44 9259.09 9255.65 9255.19 9253.71 9255.99 9252.92 9254.31 9256.63 9258.68 9258.51 9257.23 9255.58 9254.01 9253.78 9251.55 9251.62 9250.09 9240.22 9239.22 9241.23 9252.68 9290.21 9309.08 9312.61 9310.36 9296.54 9280.82 9272.27 9281.54 9295.01 9307.49 9316.85 9326.06 9337.18 9349.55 9347.13 9280.81 9178.96 9059.19 8927.91 8782.63 8676.28 8611.41 8568.25 8552.35 8510.6 8462.5 8449.43 8458.89 8471.25 8478.19 8478.21 8467.25 8445.69 8464.51 8567.16 8675.44 8778.96 8798.06 8784.7 8807.03
9255.43 9259.41 9260.19 9260.38 9260.58 9262.16 9259.86 9257.63 9255.34 9251.65 9249.15 9251.96 9254.46 9258.92 9262 9260.58 9257.67 9256.06 9254.45 9253.16 9251.76 9251.09 9249.41 9245.69 9244.5 9247.62 9269.38 9311.04 9312.68 9295.08 9289.07 9285.5 9278.37 9275.37 9282.67 9296.06 9310.95 9321.58 9335.3 9344.36 9335.43 9327.35 9270.89 9184.57 9078.8 8965.74 8862.94 8715.74 8639.76 8613.09 8634.68 8573.06 8458.84 8464.53 8475.58 8494.1 8504.07 8502.22 8479.99 8472.37 8501.5 8616.69 8725.3 8796.99 8793.48 8758.48 8805.56
9257.32 9260.08 9260.26 9259.71 9259.23 9258.94 9259.3 9257.27 9252.44 9251.52 9250.19 9251.4 9252.74 9253.2 9254.36 9256.25 9256.56 9255.62 9253.86 9251.74 9255.23 9253.01 9250.11 9254.89 9252.66 9250.48 9272.19 9317.68 9312.69 9294.4 9283.58 9280.31 9278.12 9278.51 9284.15 9292.56 9306.49 9320.36 9333.7 9333.96 9317.07 9318.62 9274.5 9202.39 9109.68 9003.48 8893.57 8819.35 8714.03 8715.16 8774.54 8628.06 8482.38 8499.26 8509.83 8532.23 8554.96 8561.72 8563.99 8547.49 8600.5 8693.62 8782.67 8835.09 8782.13 8723.39 8808.71
9260.57 9261.53 9260.07 9258.41 9257.05 9256.1 9255.78 9256.08 9257.24 9254.23 9252.71 9251.91 9251.98 9252.33 9253.52 9255 9255.76 9255.72 9254.73 9252.72 9250.13 9249.46 9254.53 9257.67 9255.9 9254.34 9276.17 9312.14 9303.19 9286.41 9279.8 9277.34 9278.24 9284.6 9286.72 9286.99 9298.04 9317.15 9329.53 9329.33 9321.17 9322.41 9288.51 9237.3 9164.05 9065.54 8952.22 8899.3 8877.82 8930.19 8991.24 8653.76 8571.74 8573.02 8570.41 8596.98 8613.36 8633.62 8655.22 8641.24 8709.67 8780.45 8843.91 8858.58 8771.28 8701.45 8811.24
9261.62 9260.8 9258.8 9256.48 9254.72 9253.69 9254.58 9255.22 9255.28 9255.18 9253.82 9252.44 9252.04 9250.53 9253.62 9253.87 9254.88 9255.6 9255.75 9254.52 9241.24 9245.41 9257.82 9259.6 9260.32 9258.09 9276.07 9298.78 9289.02 9276.58 9273.22 9273.43 9275.5 9279.69 9288.92 9303.04 9310.82 9319.71 9328.17 9335.18 9334.78 9323.61 9305.48 9276.29 9234.47 9167.28 9046.68 8972.15 8988.69 9121.48 9204.4 8626.88 8643.84 8622.35 8630.48 8658.62 8692 8715.43 8724.8 8732.17 8797.28 8865.62 8894.7 8891.82 8761.99 8703.44 8828
9257.54 9258.42 9256.76 9254.03 9251.55 9251.71 9254.53 9254.29 9252.92 9251.87 9251.9 9252.01 9252.34 9252.33 9248.52 9251.83 9253.77 9254.86 9253.97 9246.99 9239.28 9245.9 9253.51 9261.19 9270.37 9283.16 9283.12 9282.26 9277.12 9269.92 9269.55 9271.18 9273.06 9277.63 9290.61 9314.12 9321.21 9322.49 9327.34 9344.58 9345.43 9330.24 9320.39 9316.63 9311.45 9284.54 9134.45 9047.73 9123.25 9251.36 9329.55 8605.27 8727.64 8699.58 8708.27 8735.24 8770.98 8811.11 8846.34 8895.72 9001.05 8944.83 8869.2 8814.29 8734.05 8714.91 8850.83
9257.83 9257.23 9254.94 9251.88 9248.33 9247.5 9250.54 9252.25 9252.44 9250.46 9250.21 9251.17 9252.16 9252.88 9252.99 9251.85 9253.21 9254.32 9254.21 9248.6 9240.28 9243.22 9248.75 9265.16 9288.87 9305.74 9293.68 9277.37 9270.76 9267.5 9268.18 9269.78 9272.51 9277.83 9290.14 9308.75 9317.19 9320.57 9323.73 9336.93 9338.29 9320.2 9325.47 9348.06 9372.43 9381.49 9201.12 9112.74 9192.08 9280.6 9279.93 8993.71 8829.16 8801.28 8796.55 8823.69 8852.48 8904.52 8991.5 9038.05 8983.77 8904.12 8820 8752.64 8741.53 8779.53 8927.76
9259.23 9256.53 9253.58 9250.63 9248.65 9248.06 9249.68 9251.14 9251.93 9249.08 9249.96 9250.79 9251 9250.75 9251.45 9251.71 9252.5 9253.46 9254.27 9247.91 9244.66 9245.53 9246.89 9266.71 9294.03 9332.1 9289.31 9269.12 9269.65 9268.94 9268.32 9269.44 9273.01 9278.8 9289.1 9301.52 9309.35 9314.48 9325.61 9335.9 9335.29 9327.45 9335.18 9358.11 9389.33 9416.18 9271.81 9159.33 9132.68 9273.42 9351.57 9112.47 8916.65 8888.98 8891.79 8903.97 8911.66 8935.03 8979.73 8926.59 8854.49 8826.74 8836.76 8825.46 8818.48 8905.34 9067.4
9257.11 9254.88 9251.78 9248.73 9247.16 9246.68 9248.43 9249.91 9252.77 9251.86 9251.47 9251.52 9251.08 9250.81 9250.31 9250.64 9250.94 9250.93 9250.09 9248.48 9247.37 9247.4 9249.94 9267.86 9311.29 9328.02 9291.33 9274.25 9270.42 9269.19 9268.41 9268.78 9271.64 9277.72 9287.38 9293.55 9297.97 9302.95 9311.82 9337.15 9334.29 9329.31 9332.39 9343.35 9357.66 9371.37 9395.66 9259.88 9190.42 9275.02 9322.71 9210.6 9070.41 9019.5 8999.15 8983.31 8971.66 8935.09 8890.62 8867.4 8863.42 8846.31 8829.75 8876.18 8942.43 9073.11 9255.12
9255.01 9252.74 9249.69 9246.45 9242.52 9242.33 9244.07 9248.22 9252.44 9254.34 9254.62 9253.22 9250.95 9250.01 9249.72 9249.58 9249.76 9249.58 9246.95 9247.81 9247.41 9247.76 9247.76 9255.36 9268.23 9309.05 9312.58 9291.39 9276.83 9271.21 9270.2 9269.99 9270.3 9271.53 9275.18 9280.08 9284.55 9290.15 9300.91 9317.6 9319.21 9314.71 9310.75 9316.52 9317.02 9319.66 9410.89 9357.35 9306.96 9293.03 9298.15 9307.93 9262.21 9174.53 9119.49 9077.14 9036.11 8974.47 8899.93 8911.08 8895.54 8879.44 8908.49 9015.06 9135.25 9261.75 9406.31
9252.82 9250.14 9247.79 9245.6 9244.31 9241.27 9242.21 9246.51 9250.78 9257.79 9257.89 9255.06 9250.96 9246.61 9246.82 9248.26 9249.65 9250.77 9254.11 9249.11 9249.8 9250.1 9249.46 9252.08 9256.05 9281.35 9306.44 9301.1 9281.8 9276.79 9274.17 9271.3 9268.27 9264.85 9262.52 9265.57 9270.62 9276.49 9284.66 9295.51 9299.51 9301.1 9300.14 9296.78 9294.5 9313.37 9359.74 9383.22 9357.71 9311.73 9313.28 9351.28 9357.77 9278.98 9217.01 9174.8 9135.61 9077.01 8998.39 9000.71 9027.91 9061.61 9107.06 9219.41 9355.71 9395.87 9424.77
9248.14 9247.16 9245.89 9245.11 9245.13 9243.07 9243.61 9246.46 9250.52 9258.36 9259.08 9257.13 9255.12 9247.53 9246.12 9247.86 9249.48 9250.52 9250.4 9250.94 9249.46 9249.55 9250.5 9254.29 9260.15 9283.57 9314.52 9305.23 9299.3 9287.21 9280.33 9274.3 9267.86 9261.3 9254.66 9254.98 9257.77 9262 9266.12 9271.24 9281.17 9287.59 9292.73 9281.3 9275.45 9292.23 9340.76 9375.08 9355.37 9306.61 9311.77 9376.81 9365.02 9325.6 9288.73 9263.66 9253.39 9249.3 9229.28 9237.31 9270.02 9323.07 9355 9381.25 9469.13 9437.69 9405.07
9244 9244.42 9243.97 9243.57 9243.88 9245.87 9245.55 9246.67 9249.8 9255.89 9257.83 9257.16 9254.68 9248.28 9247.59 9248.47 9249.96 9251.79 9251.24 9249.61 9247.8 9245.37 9247.45 9250.51 9256.19 9265.91 9282.4 9297.91 9300.33 9294.27 9285.77 9276.93 9268.04 9259.45 9251.41 9246.03 9247.25 9249.78 9254.49 9260.77 9266.45 9269.84 9270.07 9263.92 9261.24 9275.6 9317.39 9354.77 9339.39 9305.98 9314.64 9350.01 9344.6 9337.99 9327.08 9326.02 9347.09 9410.5 9464.59 9416.44 9409.9 9399.46 9391.78 9410.17 9431.45 9408.86 9377.45
9243.68 9243.65 9243.12 9242.13 9241.82 9242.13 9244.23 9245.59 9248.13 9252.95 9255.78 9255.72 9254.88 9250.28 9249.93 9249.78 9249.82 9250.11 9248.19 9245.4 9246.15 9244.35 9245.93 9249.9 9251.35 9253.7 9268.09 9291.68 9303.25 9299.51 9290.21 9279.08 9268.46 9259.01 9248.9 9239.1 9242.05 9245.56 9253.01 9257.06 9256.37 9253.69 9248.81 9247.92 9251.96 9270.08 9292.25 9306.35 9310.58 9303.54 9310.32 9326.29 9334.4 9339.27 9342.37 9351.3 9375 9413.13 9438.82 9423.45 9402.6 9377.9 9359.17 9377.02 9380.72 9375.47 9361.53
9245.74 9244.85 9243.91 9242.09 9241.84 9243.39 9244.22 9244.87 9245.99 9252.03 9254.96 9253.93 9254.27 9255.97 9253.29 9251.34 9249.65 9246.98 9246.84 9246.13 9244.41 9244.35 9246.44 9247.91 9246.96 9249.69 9268.83 9295.79 9308.25 9304.92 9293.71 9280.8 9268.11 9257.77 9250.78 9242.15 9244.18 9245.4 9254.63 9254.87 9249.72 9243.46 9237.16 9238.54 9248.46 9264.29 9268.73 9267.05 9286.75 9298.24 9304 9310.24 9322.35 9330.45 9338.3 9347.96 9360.59 9370.26 9377.84 9376.2 9352.18 9335.77 9331.73 9350.71 9364.53 9362.15 9357.62
9247.8 9247.11 9246.5 9245.62 9245.11 9245.77 9246.27 9246.3 9245.59 9250.79 9253.28 9253.03 9253.92 9257.59 9254.93 9252.39 9250.25 9249.7 9249.98 9248.48 9247.12 9248.45 9248.65 9248.59 9245.39 9251.94 9274.36 9310.24 9321.58 9310.76 9297 9281.69 9267.12 9253.79 9243.34 9245.63 9251.71 9257.98 9253.52 9251.38 9245.31 9237.75 9231.11 9230.74 9236.83 9236.42 9253 9266.08 9278.75 9295.72 9302.36 9305.2 9313.7 9319.88 9326.5 9330.88 9335.09 9333.87 9337.67 9334.95 9314.57 9313.44 9316.03 9323.48 9337.65 9350.86 9349.73
9249.51 9249.3 9249.68 9250.12 9250.24 9249.29 9249.7 9250.05 9253.43 9253.93 9255.5 9254.7 9254.9 9255.78 9254.84 9252.59 9250.29 9248.07 9248.9 9251.93 9251.08 9248.96 9247.64 9246.32 9246.91 9253.12 9274.89 9310.46 9320.18 9309.43 9295.15 9278.86 9263.7 9249.97 9242.3 9248.59 9260.4 9266.64 9264.38 9251.85 9242.61 9234.47 9227.64 9225.04 9226.03 9231.81 9246.63 9260.43 9268.42 9279.13 9297.74 9301.38 9303.09 9305.9 9310.13 9314.21 9315.72 9314.81 9316.43 9317.53 9314.12 9310.67 9317.01 9323.39 9332.57 9344.13 9341
9250.47 9250.97 9252.33 9253.18 9253.38 9253.11 9252.38 9254.95 9255.83 9257.1 9256.79 9254.73 9255.2 9255.97 9254.52 9252.12 9249.47 9246.78 9240.73 9246.07 9247.86 9246.67 9245.78 9244.89 9244.93 9248.37 9269.32 9294.16 9306.09 9301.78 9289.42 9274.11 9259.52 9248.09 9243.81 9248.51 9267.65 9275.45 9259.44 9249.38 9240.82 9233.1 9226.08 9221.76 9222.87 9234.86 9243.6 9251.94 9256.7 9266.72 9291.46 9287.68 9288.46 9292.84 9298.38 9299.91 9301.38 9304.24 9306.58 9311.62 9314.59 9330.91 9342.42 9346.13 9343.68 9338.56 9329.53
9249.97 9251.32 9253.05 9254.99 9249.61 9248.85 9251.24 9254.42 9257.58 9258.4 9258.35 9255.63 9258.14 9257.36 9254.89 9251.84 9247.86 9242.39 9236.17 9237.07 9241.6 9243.51 9243.76 9243.44 9245.03 9251.93 9268.88 9287.05 9297.35 9293.87 9282.08 9268.23 9254.87 9244.99 9243.74 9253.67 9264.95 9266.94 9251.72 9244.67 9238.62 9232.9 9227.2 9223.6 9227.66 9235.68 9243.17 9247.87 9247.09 9254.45 9267.99 9267.05 9275.14 9281.45 9285.87 9289.97 9290.66 9288.71 9298.6 9309.1 9320.4 9332.12 9350.78 9380.55 9353.38 9325.02 9317.72
9249.42 9250.64 9251.19 9250.71 9246.96 9246.52 9248.72 9250.52 9253.24 9256.64 9258.8 9258.29 9258.29 9257.3 9255 9251.83 9247.99 9243.44 9237.7 9237.12 9239.28 9241.49 9242.29 9242.21 9245.2 9251.09 9269.12 9301.67 9297.63 9289.21 9277.07 9264.06 9251.44 9242.91 9243.15 9249.76 9258.28 9254.63 9244.05 9240.56 9237.32 9234.72 9233.54 9236.22 9252.37 9231.53 9238.95 9247.41 9243.71 9245.11 9260.36 9259.76 9265.81 9273.81 9281.53 9286.06 9290.39 9292.98 9296.99 9304.63 9311.46 9315 9337.44 9355.48 9347.29 9330.2 9313.82
9249.62 9250.3 9250.48 9250.01 9250.7 9248.45 9247.61 9247.8 9250.51 9254.56 9257.95 9256.9 9256.88 9256.78 9255.19 9252.59 9249 9243.98 9239.31 9238.34 9239.75 9241.16 9242.66 9241.4 9243.43 9252.32 9275.54 9293.09 9293.18 9285.02 9273.75 9261.09 9249.06 9241.23 9243.48 9251.91 9260.25 9251.74 9240.41 9237.47 9236.72 9237.45 9241.07 9251.57 9257.58 9237.49 9242.33 9259.12 9265.59 9257.35 9246.01 9254.62 9262.02 9270.71 9278.93 9286.04 9292.72 9297.3 9297.01 9299.17 9303.96 9315.11 9324.01 9325.01 9329.58 9324.31 9309.46
9249.99 9250.47 9251.22 9251.16 9250.27 9248.54 9246.97 9246.37 9248.67 9252.22 9254.51 9254.14 9255.8 9257.04 9255.56 9253.22 9250.6 9245.27 9242.25 9241.27 9241.28 9241.47 9242.06 9240.38 9244.76 9273.78 9291.63 9285.86 9288.06 9281.96 9271.34 9259.27 9248.14 9238.2 9242.12 9250.17 9253.01 9243.98 9236.73 9236 9237.32 9240.81 9245.71 9249.93 9254.14 9254.04 9259.12 9278.47 9295.46 9275.71 9253.31 9252.76 9259.54 9270.32 9281.06 9290.08 9294.08 9296.19 9297.39 9295.28 9292.56 9299.91 9303.66 9304.78 9311.59 9311.04 9302.64
9250.46 9250.3 9249.96 9249.81 9248.34 9247.47 9246.45 9247.19 9248.16 9250.74 9253.1 9254.92 9260.32 9258.05 9255.38 9252.83 9251.27 9246.9 9245.54 9245.54 9242.43 9241.41 9242.72 9240.01 9269.06 9303.2 9305.37 9294.79 9295.19 9284.92 9271.94 9258.12 9246.94 9240.97 9238.7 9241.26 9241.98 9233.1 9229.17 9232.42 9237.69 9243.86 9250.52 9260.45 9267.49 9278.2 9296.26 9287.96 9266.39 9257.05 9243.05 9245.23 9256.55 9270.6 9286.58 9300.33 9306.15 9305.8 9301.93 9294.9 9289.31 9298.28 9296.67 9297.37 9301.47 9302.41 9298.24
9250.24 9250.1 9249.14 9248.21 9247.73 9246.56 9245.44 9245.33 9247.49 9249.88 9251.82 9254.61 9260.98 9257.83 9254.08 9250.17 9246.98 9245.23 9246.01 9245.68 9241.85 9239.39 9238.98 9242.12 9275.66 9309.88 9336.76 9330.96 9312.46 9292.61 9272.99 9255.66 9240.66 9233.99 9228.33 9225.9 9223.05 9214.54 9220.67 9225.87 9234.81 9242.84 9251.87 9260.9 9268.51 9298.51 9321.63 9287.13 9249.89 9241.95 9235.15 9238.58 9252.78 9271.21 9291.48 9312.8 9325.4 9321.57 9308.13 9295.56 9287.74 9299.63 9298.18 9294.69 9297.26 9299.23 9297.45
9250 9251.01 9251.18 9249.36 9247.49 9245.93 9244.96 9244.84 9247.15 9250.25 9254.03 9256.76 9257.6 9256.25 9252.66 9247.79 9241.06 9243.24 9241.06 9241.06 9239.88 9237.19 9234.47 9234.75 9242.52 9287.01 9350.21 9350.5 9320.32 9293 9268.19 9246.36 9227.19 9216.42 9213.49 9212.44 9211.85 9216.67 9219.91 9226.8 9234.73 9243.61 9252.97 9259.98 9269.78 9304.4 9306.68 9275.68 9244.52 9235.03 9229.52 9234.93 9249.49 9267.5 9289.45 9318.11 9353.18 9332.31 9309.14 9292.76 9282.73 9289.39 9292.9 9293.35 9304.04 9302.65 9298.67
9250.23 9251.94 9252.29 9248.82 9246.4 9245.51 9245.36 9245.92 9247.71 9250.52 9254.27 9258.36 9256.43 9255 9252.15 9247.97 9244.39 9236.62 9238.25 9239.36 9238.45 9236.51 9233.76 9232.75 9235.01 9259.91 9327.05 9334.13 9311.23 9285.17 9259.38 9235.86 9213.9 9202.98 9201.28 9200.66 9208.58 9215.89 9220.09 9225.66 9233.32 9242.69 9254.55 9269.96 9292.12 9291.23 9274.6 9258.96 9244.25 9236.71 9228.34 9233.24 9244.79 9259.29 9275.9 9294.58 9313.73 9310.48 9298.28 9286.98 9278.45 9281.56 9285.21 9292.18 9304.37 9302.11 9297.88
9250.02 9252.25 9252.61 9248.24 9245.68 9245.26 9245.22 9246.31 9247.84 9250.46 9253.03 9257.82 9256.38 9254.4 9251.87 9249.52 9246.18 9245.63 9244.03 9241.75 9239.63 9237.74 9236.12 9232.34 9227.91 9238.87 9270.29 9294.33 9287.09 9269.17 9247.4 9225.31 9206.3 9196.5 9196.08 9196.33 9203.32 9213.4 9219.55 9224.63 9230.49 9237.24 9248.66 9267.28 9281.95 9259.54 9243.11 9243.6 9241.81 9240.66 9230.52 9232.15 9239.66 9249.02 9257.97 9263 9264.24 9278.28 9281.73 9279.66 9275.96 9281.64 9285.17 9283.05 9288.27 9292.97 9294.28
9248.88 9251.6 9254.39 9252.29 9248.77 9245.67 9243.38 9244.2 9247.36 9250.33 9252.61 9254.25 9253.48 9252.75 9252.64 9252.55 9251.85 9249.39 9247.83 9243.87 9240.26 9237.24 9234.94 9225.91 9228.7 9233.4 9250.81 9260.4 9260.81 9249.31 9233.58 9215.62 9202.05 9195.46 9196.42 9200.56 9210.49 9215.85 9218.72 9222.04 9225.41 9227.74 9227.56 9223.38 9231.67 9230.84 9230.34 9237.4 9237.7 9232.17 9229.33 9230.63 9234.86 9239.65 9243.78 9245.8 9249.89 9261.19 9269 9272.84 9275.72 9277.7 9280.09 9273.65 9278.02 9284.01 9289.58
9246.98 9248.14 9249.44 9255.58 9250.57 9246.21 9242.81 9243.78 9247.05 9250.15 9252.16 9249.51 9249.81 9251.56 9253.47 9254.49 9253.01 9250.25 9247.32 9243.96 9239.83 9235.27 9229.55 9226.05 9222.82 9225.14 9232.17 9241.63 9241.33 9233.64 9221.26 9207.7 9196.66 9194.75 9198.82 9204.64 9212.89 9214.38 9217.63 9220.83 9222.95 9222.61 9219.56 9218.49 9223.15 9225.37 9230.37 9236.74 9234.95 9228.07 9228.98 9229.67 9231.16 9233.33 9235.13 9237.9 9244.01 9253.62 9263.1 9268.45 9271.11 9271.24 9267.57 9265.6 9268.87 9276.12 9284.2
