real_craters/C078-500m.grd
DSAA
115 115
-28.595 28.595
-28.595 28.595
8359.1999462803 9539.7008898943
[rows 0 to 29 of 115, columns 0 to 66 of 115]
9278.36 9277.48 9276.87 9276.17 9275.42 9274.54 9275.15 9274.2 9275.45 9278.05 9281.84 9286.96 9290.19 9291.32 9289.4 9281.27 9277.64 9273.98 9269.44 9269.57 9269.09 9268.26 9266.33 9264.91 9265.89 9264.01 9259.52 9253.85 9255.3 9249.58 9242.71 9235.99 9228.51 9221.75 9217.35 9213.08 9206.73 9198.38 9193.93 9194.11 9195.29 9196.67 9197.46 9197.1 9194.13 9190.97 9186.64 9183.75 9184.94 9184.61 9186.21 9191.41 9198.15 9200.85 9203.12 9204.24 9214.8 9231.2 9234.6 9229.96 9219.09 9209.54 9207.94 9208.75 9213.37 9219.31 9224.96
9272.79 9273.5 9273.37 9273.36 9273.32 9273.34 9272.56 9273.72 9275.91 9278.68 9282.07 9286.5 9289.76 9290.95 9289.08 9283.64 9281.3 9276.33 9271.74 9268.55 9266.23 9263.38 9261.67 9262.26 9264.89 9267.09 9261.26 9254.55 9240.05 9251.18 9245.19 9235.95 9227.58 9221.12 9216.58 9213.75 9206.64 9199.25 9195.33 9195.12 9195.91 9196.86 9197.14 9196.45 9195.31 9190.38 9186.44 9182.95 9180.63 9181.97 9184.49 9196.13 9206.84 9206.99 9201.75 9200.99 9223.68 9254.25 9251.36 9252.56 9253.18 9227.61 9209.34 9213.06 9218.46 9224.01 9228.13
9270.25 9270.32 9270.41 9270.88 9271.38 9272.33 9274.93 9272.85 9272.65 9275.93 9280.59 9285.24 9289.25 9290.17 9290.52 9288.66 9284.94 9279.37 9273.52 9268.82 9264.61 9262.53 9261.47 9261.95 9262.79 9263.89 9258.43 9253.14 9252.13 9249.12 9243.4 9234.56 9226.26 9220.93 9219.65 9211.21 9206.43 9201.56 9197.65 9196.81 9197.25 9198.24 9198.36 9196.33 9192.28 9189.95 9186.25 9183.09 9180.98 9180.97 9184.69 9201.26 9220.39 9212.7 9203.02 9200.31 9224.16 9243.36 9241.03 9246.89 9268.28 9264.97 9222.13 9225.43 9229.19 9231.52 9232.74
9267.97 9268.14 9268.17 9268.76 9269.37 9269.61 9269.08 9270.87 9270.87 9274.19 9278.78 9282.6 9284.83 9284.98 9288.97 9289.17 9285.93 9282.22 9276.91 9269.46 9263.65 9259.26 9261.07 9260.97 9259.27 9255.58 9252.45 9249.29 9248.36 9244.25 9239.14 9232.05 9224.37 9218.12 9219.92 9215.25 9207.08 9196.68 9198.13 9198.42 9198.93 9200 9200.95 9201.91 9198.23 9191.02 9185.8 9183.17 9181.79 9181.02 9183.7 9201.84 9226.12 9213.53 9195.63 9205.88 9237.32 9238.85 9227.22 9233.11 9257.39 9273.06 9248.74 9245.52 9242.96 9239.91 9237.33
9265.61 9266.08 9266.38 9266.93 9267.67 9269.15 9270.74 9271 9271.96 9275.14 9278.32 9280.85 9281.95 9282.08 9283.86 9285.65 9284.07 9279.44 9274.5 9268.84 9263.47 9259.98 9259.31 9259.47 9257.41 9254.26 9251.1 9248.86 9245.31 9243.52 9237.4 9231.23 9224.14 9218.67 9217.53 9214.99 9209.26 9204.6 9200.77 9200.1 9200.36 9201.18 9202.14 9202.92 9198.95 9191.21 9184.3 9182.21 9182.25 9182 9184.47 9199.23 9224.17 9209.91 9189.55 9206.18 9239.2 9232.4 9219.24 9222.99 9239.18 9260.11 9272.48 9267 9257.02 9247.21 9239.17
9265.27 9265.36 9265.1 9265.31 9265.65 9266.38 9268.2 9270.77 9274.52 9276.43 9279.18 9281.46 9281.67 9281.17 9280.37 9282.23 9280.87 9278.15 9273.04 9267.88 9263.44 9261.03 9261.29 9259.43 9256.99 9254.22 9251.65 9246.57 9240.7 9237.89 9235.02 9231.25 9225.79 9219.11 9217.82 9214.99 9209.73 9205.02 9202.65 9201.71 9201.95 9202.52 9202.6 9200.55 9197.01 9190.86 9184.93 9183.35 9183.24 9183.22 9186.3 9196.01 9205.04 9198.37 9190.3 9209.18 9231.62 9225.13 9214.14 9215.4 9225.77 9247.39 9289.7 9282.74 9266.01 9250.43 9237.17
9264.44 9264.64 9263.88 9263.66 9263.82 9264.54 9266.34 9268.95 9272.13 9276.75 9280.94 9284.66 9287.46 9287.89 9284.38 9282.8 9279.11 9274.33 9271.42 9267.47 9263.32 9260.96 9261.25 9259.77 9256.83 9253.59 9248.94 9245.98 9240.03 9234.74 9234.41 9233.07 9230.58 9225.44 9219.77 9217.16 9209.9 9205.2 9203.02 9202.62 9202.73 9202.94 9202.92 9202.75 9197.94 9191.83 9184.75 9182.94 9183.11 9183.73 9185.52 9187.99 9190.38 9189.45 9191.33 9213.46 9229.39 9220.52 9212.96 9211.78 9219.4 9241.46 9283.82 9281.47 9265.96 9249.36 9233.96
9263.42 9263.77 9262.94 9262.55 9262.62 9263.93 9265.56 9268.14 9271.88 9277.47 9282.81 9287.87 9291.93 9292.12 9287.82 9283.76 9279.14 9277.97 9273.34 9267.94 9263.35 9263.38 9264.1 9260.85 9256.26 9252.08 9250.21 9247.77 9241.74 9236.47 9235.45 9235.15 9235.64 9235.85 9222.63 9215.93 9208.95 9204.7 9203.41 9203.32 9203.29 9203.28 9202.78 9201.09 9198.76 9195.37 9191.9 9186.66 9184.46 9184.15 9184.88 9187.86 9188.09 9187.74 9197.53 9218.35 9221.55 9214.55 9207.42 9208.24 9212.07 9229.46 9255.7 9265.85 9257.31 9242.87 9228.35
9262.23 9263.12 9262.11 9261.74 9261.47 9262.04 9265.85 9269.06 9273.41 9279.39 9284.8 9289.92 9294.74 9295.15 9293.3 9286.45 9283.67 9281.46 9275.84 9269 9263.88 9264.8 9266.18 9260.78 9255.4 9249.37 9238.78 9239.94 9241.23 9239.13 9235.61 9234.93 9235.39 9233.52 9214.03 9208.66 9207.58 9205.73 9204.79 9204.22 9204.26 9203.92 9203.55 9202.69 9200.07 9197.88 9195.38 9190.03 9186.2 9184.7 9184.18 9183.98 9185.83 9189.6 9203.35 9220.59 9219.93 9210.28 9203.73 9206.43 9214.75 9225.36 9245.24 9253.69 9246.69 9235.54 9223.29
9260.89 9261.84 9262.02 9261.89 9261.97 9263.72 9268.86 9275.65 9278.96 9282.22 9285.72 9289.4 9293.29 9292.78 9288.53 9286.63 9285.12 9284.01 9276.56 9269.54 9262.42 9260.55 9260.95 9259.06 9254.58 9250.07 9247.25 9238.61 9234.43 9233.79 9232.84 9231.89 9230.29 9225.52 9215.33 9208.73 9204.12 9204.77 9206.36 9206.96 9206.72 9205.49 9204.31 9203.3 9200.7 9198.56 9195.98 9191.69 9188.23 9185.81 9184.25 9184.94 9186.78 9194.74 9217.56 9223.69 9217.65 9205.6 9199.62 9205.65 9214.44 9223.41 9234.94 9242.44 9237.58 9228.48 9220.4
9260.23 9260.91 9262.4 9263.03 9264.62 9267.41 9272.42 9280.17 9283.05 9283.67 9285.49 9287.14 9287.3 9290.16 9285.2 9284.32 9282.28 9278.97 9275.11 9269.73 9266.19 9261.04 9259.98 9259.31 9256.34 9251.13 9244.89 9241.11 9232.15 9230.36 9229.94 9227.7 9224.63 9220.81 9217 9211.28 9208.23 9208.21 9210 9210.16 9209.56 9207.33 9204.44 9202.7 9201.76 9200.52 9197.24 9195.75 9193.26 9190.56 9186.73 9184.11 9190.05 9207.79 9232.75 9227.95 9213.39 9200.4 9196.38 9207.49 9216.56 9222.48 9230.35 9235.35 9230.84 9224.61 9219.21
9259.55 9262.94 9262.97 9263.99 9266.61 9269.97 9273.02 9275.52 9280.07 9282.98 9284.9 9286.19 9285.53 9282.34 9281.1 9280.73 9279.91 9278.63 9273.35 9268.51 9264.36 9263.85 9263.04 9262.18 9259.68 9253.17 9243.3 9238.02 9236.58 9231.78 9228.72 9225.11 9219.9 9215.14 9214.13 9212.64 9212.11 9213.32 9216.27 9218.06 9218 9214.25 9206.92 9204.96 9205.97 9206.01 9202.33 9199.62 9203.22 9201.81 9196.17 9189.18 9197.06 9231.89 9253.92 9229.89 9206.89 9197.53 9198.58 9213.33 9224.02 9221.38 9219.41 9226.7 9228.34 9225.32 9222.55
9258.07 9260.1 9262.08 9264.07 9266.65 9269.68 9272.63 9275.88 9278.56 9281.44 9283.76 9285.31 9284.19 9280.9 9278.36 9277.56 9275.83 9275.35 9270.95 9266.18 9264.44 9267.08 9266.87 9266.54 9265.83 9261.57 9250.45 9243.44 9239.48 9233.12 9229.01 9225.66 9221.22 9218.69 9217.41 9213.09 9215.45 9221.14 9227.78 9232.15 9233.52 9230.42 9217.99 9217.7 9219.46 9209.49 9211.55 9217.94 9223.31 9222.07 9217.4 9209.14 9219.84 9263.51 9255.06 9220.36 9203.65 9203.33 9206.99 9218.49 9224.31 9220.63 9220.65 9228.37 9233.6 9231.93 9230.51
9256.09 9257.32 9260.05 9264.62 9267.96 9270.31 9272.24 9274.09 9276.76 9279.68 9282.04 9283.39 9281.35 9274.73 9274.76 9274.6 9276.7 9272.72 9268.48 9263.35 9261.03 9266.06 9268.34 9270.25 9271.97 9273.74 9263.5 9243.84 9234.11 9232.22 9229.97 9227.91 9225.81 9223.23 9217.84 9212.45 9217.35 9232.38 9241.65 9247.33 9251.67 9256.8 9262.67 9252.17 9247.35 9254.99 9264.78 9261.67 9250.37 9244.47 9244.72 9255.23 9284.38 9280.63 9242.39 9214.41 9209.54 9219.99 9222.33 9220.45 9220.55 9217.31 9218.8 9240.8 9244.89 9244.73 9245.18
9255.19 9254.4 9258.58 9267.16 9275.07 9275.25 9272.45 9271.46 9275 9277.95 9280.15 9280.23 9275.66 9269.27 9271.77 9271.74 9273.87 9273.32 9266.87 9261.68 9260.58 9264.81 9268.94 9271.92 9273.77 9274.02 9263.48 9240.5 9234.46 9232.81 9231.46 9230.44 9231.15 9227.6 9218.8 9222.07 9238.92 9253.1 9258.6 9262.74 9267.02 9273.46 9284.88 9271.37 9262.74 9272.79 9302.14 9286.37 9265.62 9257.86 9260.94 9276.56 9294.09 9251.33 9227.9 9218.37 9214.67 9217.16 9215.98 9210.14 9210.58 9212.91 9216.84 9239.41 9252.5 9261.92 9266.69
9257.04 9259.1 9264.3 9270.13 9275.83 9277.29 9274.72 9272.84 9274.57 9276.35 9278.22 9279.6 9275.12 9268.59 9269.88 9265.85 9261.83 9263.81 9262.5 9260.81 9261.99 9265.63 9269.46 9271.9 9272.83 9270.11 9265.78 9244.52 9241.61 9236.67 9232.8 9231.33 9231.15 9228.06 9224.94 9255.72 9286.75 9277.76 9273.32 9272.59 9274.35 9275.8 9269.88 9265.33 9254.19 9247.44 9253.75 9262.18 9258.78 9256.47 9257.25 9259.69 9253.09 9222.28 9212.43 9220.62 9212.99 9206.65 9205.16 9203.88 9206.74 9212.23 9219.88 9234.95 9254.33 9275.43 9285.42
9259.56 9262.12 9265.71 9272.2 9277.84 9278.11 9277.49 9276.03 9274.58 9274.77 9275.61 9277.51 9274.65 9270.44 9268.37 9263.95 9259.05 9257.83 9257.68 9258.9 9263.84 9267.92 9269.91 9271.69 9272.46 9269.85 9266.43 9252.92 9248.57 9240.67 9233.73 9230.91 9236 9242.09 9255.46 9287.35 9301.55 9288.18 9279.09 9275.49 9274.83 9275.09 9272 9257.09 9240.19 9228.08 9229.76 9239.78 9244.82 9244.85 9241.95 9234.93 9217.06 9209.36 9215.07 9210.51 9209.14 9204.42 9203.85 9206.19 9208.25 9214.1 9223.52 9233.54 9252.07 9274.96 9283.13
9262.42 9264.69 9267.73 9274.77 9278.58 9278.4 9275.89 9274.48 9273.44 9272.31 9271.1 9270.03 9272.23 9271.55 9267.83 9265.69 9261.86 9256.43 9254.67 9255.71 9260.39 9264.8 9268.29 9271.66 9274.04 9273.97 9267.08 9259.97 9257.21 9244.05 9234.15 9230.18 9235.46 9272.64 9280.83 9295.79 9286 9280.03 9274.54 9270.81 9269.73 9270.9 9266.77 9247.6 9231.02 9221.73 9225.31 9226.84 9229.44 9229.03 9224.67 9217.17 9204.06 9209.4 9216.8 9211.97 9209.99 9208.17 9204.83 9206.08 9209.01 9214.93 9224.2 9235.07 9248.9 9270.37 9276.71
9264.78 9268.47 9273.06 9276.11 9278.42 9277.71 9275.49 9273.75 9272.29 9270.48 9267.92 9264.55 9271.17 9274.72 9273.58 9268.72 9258.63 9254.63 9252.05 9249.05 9251.95 9258.66 9265.1 9270.78 9275.13 9275.28 9269.54 9261.62 9257.69 9244.44 9234.24 9230.95 9248.59 9278.5 9278.56 9255.12 9261.95 9264.49 9263.02 9261.35 9257.66 9253.38 9246.87 9235.78 9222.19 9212.28 9209.62 9214.2 9216.56 9216.35 9213.22 9208.48 9207.88 9211.51 9223.48 9221.96 9211.02 9204.54 9201.96 9203.72 9208.26 9214.64 9222.01 9230.41 9240.25 9248.09 9259.36
9267.51 9270.88 9274.99 9276.45 9276.75 9276.62 9275.2 9273.35 9271.67 9270.14 9268.91 9268.55 9271.31 9276.06 9278.74 9271.07 9256.84 9254.8 9252.87 9248.75 9247.71 9254.39 9262.96 9270.58 9276.32 9276.69 9266.51 9257 9251.45 9243.53 9233.53 9230.5 9261.48 9304.08 9280.54 9253.6 9248.16 9249.92 9250.15 9247.78 9243.54 9238.24 9231.68 9225.36 9216.96 9208.51 9205.22 9207.98 9209.06 9207.99 9206.18 9204.1 9206.2 9211.85 9222.4 9218.79 9208.6 9199.92 9199.49 9201.54 9208.72 9215.13 9220.49 9225.49 9230.66 9244.01 9252.09
9269.05 9272.29 9274.54 9277.02 9277.86 9276.4 9274.04 9273 9271.4 9270.06 9270.08 9272.46 9273.46 9275.87 9277.69 9272.1 9262.7 9255.31 9250.68 9248.59 9246.62 9253.28 9261.38 9269.11 9275.76 9276.52 9267.58 9264.42 9259.69 9244.47 9233.94 9231.56 9267.85 9302.4 9279.27 9252.26 9244.55 9240.35 9237.41 9236.22 9229.85 9222.32 9219.94 9218 9216.21 9213.13 9210.35 9209.06 9207.92 9205.92 9203.28 9200 9198.59 9203.06 9207.53 9213.24 9208.74 9201.82 9205.48 9208.22 9212.75 9217.13 9220.96 9224.23 9232.94 9241.44 9249.18
9269.84 9272.87 9275.64 9277.4 9277.63 9276.7 9275.43 9273.01 9271.04 9269.39 9267.95 9267.9 9270.12 9272.1 9272.87 9264.99 9259.04 9256.46 9252.64 9254.24 9249.76 9254.97 9261.08 9267.06 9271.8 9272.7 9268.89 9263.27 9253.37 9244.34 9236.68 9235.91 9266.65 9288.8 9276.49 9257.89 9243.28 9238.8 9233.79 9228.41 9221.34 9212.86 9212.69 9213.87 9212.94 9216.72 9215.05 9211.61 9208.8 9206.01 9203.07 9199.62 9196.88 9198.93 9201.28 9208.69 9216 9220.96 9220.18 9219.05 9218.94 9220.47 9223.4 9228.91 9234.44 9242.65 9250.15
9270.76 9273.74 9276.17 9278.3 9277.9 9276.55 9274.67 9273.24 9271.18 9269.16 9267.46 9266.77 9267.22 9268.16 9265.86 9262.36 9256.06 9259.6 9266.87 9239.79 9256.39 9257.74 9260.79 9264.64 9268.15 9270.77 9267.91 9259.9 9249.56 9245.57 9240.75 9240.49 9243.8 9260.05 9267.51 9259.68 9247.98 9240.47 9234.16 9227.38 9220 9216.01 9213.61 9214.94 9216.3 9218.11 9216.7 9213.9 9210.77 9207.19 9204.43 9201.22 9197.57 9200.89 9205.28 9204.57 9218.39 9228.41 9230.02 9227.36 9224.14 9224.09 9226.01 9229.26 9237.68 9248.73 9253.66
9270.49 9273.26 9275.62 9275.99 9276.69 9277.25 9276.11 9273.47 9271.27 9269.37 9267.92 9268.5 9269.4 9268.1 9265.51 9262.87 9257.87 9260.8 9264.84 9256.43 9256.49 9258.12 9260.17 9262.33 9265.12 9268.04 9266.56 9262.88 9260.02 9251.8 9244.84 9240.94 9240.81 9250.47 9260.39 9258.39 9249.71 9243.34 9236.64 9229.26 9222.43 9217.57 9217.08 9218.84 9219.93 9216.86 9218.05 9216.65 9214.1 9210.63 9207.78 9208.5 9204.63 9205.86 9211.19 9205.26 9207.03 9212.54 9218.74 9222.86 9224.86 9226.77 9228.82 9231.78 9241.07 9250 9255.3
9269.89 9272.65 9275.17 9274.63 9275.38 9275.55 9274.89 9273.33 9271.84 9270.26 9268.5 9270.01 9271.58 9269.82 9266.71 9263.4 9262.52 9261.64 9257.62 9254.64 9254.7 9257.06 9258.9 9260.26 9260.05 9264.11 9266.13 9265.03 9263.12 9255.57 9248 9242.46 9240.81 9245.82 9261.27 9257.21 9250.17 9247.08 9241.37 9233.4 9226.09 9222.05 9221.1 9223.71 9224.62 9220.4 9220.93 9220.29 9217.82 9214.12 9209.33 9205.95 9205.76 9209.31 9211.3 9205.18 9199.14 9201.59 9208.56 9218.65 9226.02 9230.36 9233.22 9235.44 9243.06 9252.27 9256.75
9268.55 9270.66 9273.43 9275.99 9273.94 9271.17 9271.91 9272.96 9273.14 9272.51 9271.39 9272.95 9273.67 9271.55 9268.98 9263.38 9258.96 9254.58 9252.42 9254.61 9255.54 9257.4 9259.57 9261.28 9264.31 9268.08 9264.11 9265.23 9263.11 9258.16 9250.51 9243.73 9236 9238.59 9239.25 9250.53 9255.11 9256.09 9248.67 9237.78 9227.72 9222.99 9222.98 9226.16 9229.58 9227.53 9227.6 9225.74 9222.74 9218.11 9211.02 9201.6 9205.99 9207.45 9207.93 9205.84 9202.62 9206.18 9213.42 9222.86 9229.9 9235.72 9240.27 9244.35 9249.31 9252.09 9257.96
9265.98 9267.96 9270.11 9271.85 9271.55 9269.27 9271.65 9273.97 9275.24 9275.86 9275.53 9273.49 9272.71 9272.05 9271.19 9264.96 9259.02 9257.04 9256.23 9253.74 9255.52 9257.91 9260.56 9262.83 9264.77 9264.25 9272.13 9270.15 9270.52 9262.94 9253.29 9246.83 9245.17 9240.52 9244.04 9260.61 9276.37 9273.19 9259.31 9242.75 9228.63 9222.5 9224.62 9225.79 9232.44 9240.24 9236.29 9232.2 9228.54 9224.58 9220.07 9210.8 9205.82 9208.66 9211.76 9218.52 9215.94 9217.17 9224.96 9229.07 9234.83 9241.13 9247.95 9255.66 9262.95 9257.09 9261.8
9263.45 9264.68 9265.36 9266.59 9270.71 9274.63 9274.82 9276.01 9277.43 9278.59 9278.74 9275.66 9273.16 9271.31 9268.08 9261.54 9259.06 9258.21 9257.59 9256.61 9257.43 9260.68 9263.4 9265.94 9269.64 9273.63 9270.9 9273.92 9268.72 9261.69 9257.79 9252.54 9251.82 9248.44 9249.51 9276.48 9298.76 9291.65 9269.68 9247 9229.04 9224.81 9230.97 9235.72 9243.46 9247.09 9242.03 9236.37 9231.84 9229.53 9230.35 9227.4 9209.29 9209.11 9215.79 9219.89 9221.51 9222.72 9226.92 9234.95 9240.92 9247.09 9253.72 9261.3 9268.84 9268.82 9270.12
9260.87 9261.71 9262.63 9264.84 9270.19 9275.34 9276.5 9277.74 9279.5 9280.37 9279.6 9278.02 9274.62 9271.04 9266.54 9261.11 9257.95 9256.02 9256.35 9257.77 9261 9264.87 9268.01 9270.18 9274.45 9277.24 9280.02 9285.66 9289.11 9285.91 9268.35 9258.55 9262.32 9269.69 9273.01 9294.83 9313.23 9302.28 9274.41 9248.32 9229.47 9228.48 9239.78 9256 9257.37 9251.77 9242.69 9236.83 9232.17 9228.4 9225.13 9214.65 9211.36 9223.18 9231 9222.24 9218.62 9229.4 9237.77 9242.44 9247.86 9252.73 9257.79 9263.22 9267.36 9275.55 9277.15
9259.51 9260.11 9261.23 9265.14 9269.41 9271.96 9275.6 9278.33 9280.72 9282.17 9280.64 9275.65 9274.47 9272.14 9266.63 9261.7 9258.67 9259.11 9260.7 9261.17 9265.6 9269.86 9273.88 9277.76 9281.33 9289.8 9294.67 9302.6 9310.92 9307.94 9279.39 9285.34 9295.35 9307.36 9312.14 9306.47 9309.66 9296.38 9269.44 9245.97 9228.81 9230.11 9240.79 9255.15 9244.33 9240.25 9238.24 9235 9231.32 9226.11 9217.29 9207.05 9214.56 9234.75 9242.6 9241.12 9232.83 9238.24 9245.65 9250.17 9255.01 9259.87 9262.35 9264.33 9272.54 9283.1 9283.02
