real_craters/C079-300m.grd
DSAA
192 192
-28.63 28.63
-28.63 28.63
9669.4049841712 11364.244895255
[rows 0 to 29 of 192, columns 0 to 66 of 192]
9844.89 9841.32 9840.58 9846.86 9853.6 9859.9 9871.51 9877.57 9886.43 9891.04 9892.86 9894.74 9895.4 9894.92 9894.16 9891.96 9889.48 9886.63 9883.45 9879.57 9875.35 9870.94 9866.57 9861.95 9857.48 9853.49 9851.61 9851.43 9854.71 9860.33 9865.9 9871.57 9877.19 9880.85 9888.23 9899.04 9911.24 9924.77 9937.79 9949.77 9961.63 9972.92 9983.37 9993.81 10004 10013.9 10023.9 10037.6 10052.2 10069.8 10084.8 10100.2 10126.2 10166.8 10223.7 10287.7 10360.6 10416.1 10479.5 10542.5 10606.4 10670.8 10736.6 10806.7 10879.4 10952.2 11003.3
9856.15 9854.17 9855.5 9861.2 9868.99 9878.73 9891.55 9899.27 9904.18 9908.56 9910.6 9911.78 9911.66 9910.66 9910.5 9908.02 9905.25 9901.61 9899.3 9894.75 9889.66 9884.91 9879.59 9874.26 9868.67 9863.75 9861.13 9860.91 9863.22 9869.67 9875.65 9881.84 9888.29 9892.76 9901.67 9914.31 9929.36 9945.05 9959.47 9975.87 9990.22 10003.4 10016.8 10029.9 10043.1 10054.4 10070.5 10091.7 10117.7 10131.1 10144.8 10160.8 10184.5 10227.4 10285 10344.4 10397.8 10467.3 10532.4 10594.7 10657.2 10718.5 10784.2 10852.2 10922 10990.1 11037.4
9873.97 9872.59 9873.01 9879.1 9890.65 9900.6 9911.15 9918.31 9922.92 9926.25 9927.97 9928.37 9928.89 9927.34 9930.41 9927.38 9923.28 9920.81 9916 9910.76 9905.51 9899.66 9893.7 9887.63 9881.68 9875.32 9870.84 9867.9 9871.09 9879.27 9886.67 9893.87 9900.19 9906.82 9917.87 9932.91 9949.97 9967.93 9985.37 10002.3 10018.9 10035.1 10052.5 10068 10083.8 10098 10116.8 10138.2 10163.7 10183.9 10205.7 10230.1 10262.3 10303 10354 10410.3 10467.6 10530 10587.6 10643.8 10703 10761.9 10824.3 10887.7 10949.5 11007.5 11048.7
9900.48 9899.88 9898.35 9905.55 9915.66 9923.47 9931.14 9936.88 9943.32 9945.46 9951.25 9950.61 9952.67 9950.35 9949.56 9945.27 9944.63 9939.79 9934.25 9929.1 9922.71 9916.07 9909.23 9902.46 9895.87 9888.31 9882.82 9878.31 9881.35 9889.77 9899.14 9907.95 9915.42 9924.67 9937.65 9954.41 9974.59 9993.92 10014.1 10033.2 10052.3 10071 10089.3 10107.4 10123.3 10142.1 10162.2 10183.1 10204.2 10231 10264.4 10301.7 10349 10383.2 10422.5 10475.9 10546.6 10594.9 10636.5 10687.4 10742.8 10799.1 10856.3 10912.8 10966.1 11014.2 11049.9
9937.31 9936.91 9943.55 9944.47 9945.55 9951.06 9958.92 9963.48 9970.27 9971.66 9972.94 9972.07 9976.72 9970.65 9973.03 9969.06 9969.26 9963.68 9959.58 9952.57 9945.05 9937.34 9929.22 9921.01 9913.01 9904.71 9898.34 9895.92 9899.26 9907.5 9915.6 9924.59 9933.23 9945.23 9961.66 9979.39 10001.4 10022.2 10044.6 10066.1 10087.3 10108.8 10125.2 10146.3 10167 10187.3 10208.7 10231.2 10254.9 10283.1 10318 10360.2 10414 10444.3 10477.4 10522.3 10571.4 10618.9 10671.7 10724.4 10777.8 10830 10881.3 10930.8 10975.4 11014.4 11042.8
9986.24 9978.64 9970.83 9966.47 9976.34 9983.38 9990.51 9993.3 9997.73 9997.9 10001.9 10000.2 10001.1 9998.42 9997.75 9993.15 9992.31 9985.19 9985.49 9977.66 9969.87 9957.39 9948.38 9939.5 9931.12 9920.49 9917.93 9918.02 9922.98 9928.64 9934.39 9943.06 9952.26 9964.62 9983.65 10006.1 10029.9 10055.6 10079.6 10103.7 10124.1 10146.8 10169.6 10191.6 10214 10235.7 10257.8 10281.5 10309 10337 10362.2 10394.7 10441.3 10481.1 10519.2 10559.8 10597.4 10641.9 10702.8 10758.1 10810.8 10856.9 10901.7 10943.9 10980.5 11011.5 11032.9
10046.4 10030.3 10011.2 9998.85 10017.4 10023.1 10030.2 10030.7 10031.7 10030.3 10031.5 10028.2 10028.7 10025.5 10026.1 10021.2 10017.5 10011.2 10004.2 9995.91 9992.69 9982.8 9970.22 9960.08 9950.9 9939.32 9935.78 9935.43 9937.71 9944.57 9953.09 9963.75 9973.4 9985.88 10007.8 10035.7 10062 10088.7 10114.4 10139.7 10167.4 10192.2 10216.5 10240.5 10264.1 10286.1 10307.5 10330.7 10356.8 10383.2 10397.5 10416.5 10454 10510.7 10559.6 10603.8 10642.1 10683.6 10742.5 10794.7 10841.7 10882 10919.4 10954.9 10983.7 11009.4 11028.2
10110.5 10094.9 10082 10071.6 10078 10074.4 10069.6 10063.9 10065.3 10059.1 10062.2 10062.8 10059.9 10056.7 10053.7 10048.3 10041.8 10034.7 10026.8 10018.2 10011.5 10001.2 9990.83 9979.82 9969.36 9957.33 9950.83 9949.34 9953.08 9960.71 9973.04 9988.62 10000.4 10011.5 10038.4 10070.4 10098.3 10125.7 10154 10181.8 10208.7 10236.7 10263 10290.6 10315.5 10338 10359.4 10378.7 10396.8 10415.8 10431.5 10451.6 10491.8 10554.4 10609.5 10658.9 10703.4 10749 10794.1 10835.5 10873.6 10906 10936.3 10962.3 10984.9 11005.8 11021.9
10171.1 10162.5 10165.1 10173.3 10151.3 10127.6 10114.2 10103.9 10100.7 10097.1 10094.3 10091.4 10092.6 10087.2 10084.9 10079.5 10074.7 10063 10054.5 10045.8 10041.5 10030.4 10017.7 10005.5 9990.06 9976.18 9965.01 9959.11 9962.47 9973.94 9994.38 10019.1 10040.5 10060.1 10084.5 10112.1 10138.6 10165.7 10196.5 10223.6 10252.5 10283.6 10313.5 10341 10367.7 10391.8 10414.5 10431.4 10441.6 10446.5 10477.3 10510.9 10557.9 10615.8 10671.4 10722.6 10769.5 10813.7 10848.7 10878.6 10905.2 10927.3 10949.2 10967 10984.3 10998.3 11009.1
10223.8 10217.9 10226.3 10250.2 10204.8 10168.9 10150.5 10142.1 10137 10133.6 10131.7 10130.1 10127.7 10124.3 10121.2 10116 10109 10101.7 10091.5 10082.4 10072.3 10065.1 10051.9 10037.4 10014.7 9993.36 9982.25 9969.13 9965.46 9986.74 10017 10052.3 10088.3 10125 10139.7 10158 10180.4 10207.1 10236.9 10267.4 10298.5 10329.9 10363.1 10393.5 10422.4 10450.3 10475.3 10494.8 10507 10516.1 10549.4 10588 10637.6 10690.9 10741.5 10790.7 10835.6 10873.6 10903.6 10920.4 10933.5 10944.6 10957.7 10968.6 10980.1 10987.5 10991.6
10270.5 10256.4 10248.4 10235.8 10212.1 10190.7 10179.6 10175.7 10172 10171.7 10170.8 10169.5 10167.6 10165 10161.6 10156.5 10150.4 10143.1 10134.6 10119.3 10108.5 10100.3 10086.1 10070 10043 10024 10006.4 9988.68 9981.21 10007.2 10041.1 10077.1 10126.6 10173.7 10182.7 10197.8 10223 10251.8 10285.6 10319.2 10355.7 10387 10423.3 10456.1 10488.1 10518.6 10546 10571.7 10592.1 10613.3 10646.5 10686.9 10730 10772.5 10813.9 10856.3 10899.3 10945.2 10959.7 10957 10957.1 10958.7 10962.4 10967.1 10971.7 10976.7 10975.9
10316.1 10286.4 10258 10224.8 10206.6 10203.9 10206 10207.4 10209.3 10211.4 10212.9 10212 10211.9 10209 10206.1 10196.8 10190.4 10183.1 10174.4 10164.1 10143.7 10133.9 10119.7 10104 10077.6 10061 10043.5 10022 10008.5 10038.8 10067.2 10094.7 10136.3 10178.5 10202.9 10228.8 10262.7 10297.1 10332.8 10373.2 10411 10447.5 10486.6 10521.9 10557.7 10590.6 10624.7 10657.4 10688.4 10714.9 10753.5 10796.1 10828.7 10855.1 10881.8 10912.1 10945.7 10982.6 10990.8 10978.2 10969.7 10966.5 10965 10965.5 10966.2 10967.2 10964.7
10359 10318.7 10277.8 10231.7 10212.5 10224.5 10238.3 10247.8 10251.4 10254.2 10255.5 10252.3 10253.2 10249.8 10245.8 10243.5 10229.7 10222 10213.2 10203.2 10191.8 10171.3 10157.3 10142 10122.5 10105.8 10095.9 10082.9 10078.1 10084.5 10098 10108.2 10132.1 10168.3 10212.7 10255.6 10300.5 10341.5 10385.7 10425.6 10465 10503.7 10542.5 10583 10625.2 10663.6 10704.5 10746.8 10790.5 10830.8 10875.3 10909.2 10924.2 10931.1 10940.6 10953.7 10970.4 10985.3 10988.4 10981.3 10972.7 10967.4 10963.8 10960.4 10958.9 10958.7 10956.8
10401.8 10360.2 10317.7 10269.8 10248 10265.3 10281.4 10290.9 10296.3 10299.4 10298.6 10301.8 10300 10292.7 10288.5 10286.3 10280.1 10261.3 10252.7 10243.7 10232.7 10223.1 10199.7 10185.1 10171.5 10157.9 10149 10144.7 10149.4 10146.1 10132.2 10126.8 10137.1 10174.6 10232.7 10288.3 10342.5 10389.5 10432.6 10478.7 10519.4 10559.4 10599.3 10639.9 10682.8 10726.9 10777 10828.5 10886.5 10948.6 11010.3 11029.9 11009.1 10992.6 10984.5 10982 10981.6 10979.2 10975.3 10973.5 10968.1 10963 10957 10952.7 10949.5 10947.8 10945.8
10449.7 10414.2 10379 10345.5 10330.6 10330.8 10339.9 10347.2 10350.6 10350 10349 10343.2 10337.4 10331.8 10331.1 10325.5 10319.2 10312.4 10296.2 10285.7 10275.5 10268.1 10244.8 10234.9 10220.2 10207.3 10194.6 10180.6 10176.3 10168.3 10164.4 10159.6 10162.9 10207.1 10274.3 10338.8 10394.5 10444.1 10489.7 10531.9 10572.3 10612.1 10652.2 10695.2 10737.4 10783.6 10833.9 10891.4 10957.9 11031.7 11106.4 11089.9 11057.4 11030.6 11012.5 10998.7 10987 10975 10966.5 10962.5 10959.2 10953.5 10948.1 10942.4 10938.3 10934.6 10930.2
10508.8 10480.1 10452.2 10425.6 10406.8 10406 10410 10410.5 10410.5 10402.7 10398.7 10394.1 10386.5 10376.4 10367.5 10361.7 10355.8 10347 10339.4 10330.2 10321.1 10314.5 10302.5 10288.2 10278.1 10259.9 10243.4 10223.1 10207.7 10190.4 10211.9 10220.7 10231.1 10278.4 10343.5 10402.2 10454.5 10503.1 10544.9 10585 10623.5 10661.9 10700.7 10741.8 10784.3 10828.8 10878.6 10934 10994.6 11051.2 11089.1 11082.3 11067.1 11044.8 11024.1 11005 10988.1 10971.1 10958.1 10953 10947.4 10941.5 10937.1 10931.1 10925.9 10920.7 10914.6
10580.8 10554.8 10531.5 10507.9 10487.9 10486.1 10486 10476.9 10470 10459.6 10448.6 10441 10431.8 10425.3 10411.6 10402.5 10396.5 10382.2 10376.1 10370.8 10364.1 10354.9 10350 10344.6 10335 10320 10303.4 10279.1 10275.2 10271.8 10296.9 10318.1 10340.4 10383.7 10435.6 10484.2 10525.1 10567.3 10604.6 10641.3 10675.5 10710.6 10746.1 10784 10824 10864.7 10910.6 10958.5 11009 11045.3 11066.1 11069.9 11060.6 11042.9 11023.5 11003.2 10984.7 10966.3 10951.9 10944 10936.9 10930.7 10924.4 10918.9 10913 10906.4 10900.2
10655.9 10630.6 10611.1 10595.8 10579.5 10574.5 10565.5 10546.6 10530.3 10513.4 10501.8 10487.2 10477.2 10469.3 10460.5 10444.6 10438.6 10430.7 10421.1 10417 10413.4 10409 10403.8 10402.5 10397.8 10389.8 10383.1 10376.8 10376.5 10383.8 10414.9 10445.1 10472.9 10508.3 10542.9 10576.1 10607.9 10638.8 10667.8 10697 10727.5 10758.5 10787.2 10821.1 10856.9 10894.7 10934.8 10974.3 11015 11038.6 11047.7 11051.8 11046.9 11032.4 11015.7 10996.9 10978.1 10959.7 10945.4 10935.3 10927.2 10919.5 10912.8 10906.6 10900.4 10894.5 10888.2
10718.1 10696.1 10682.4 10679.6 10685.4 10668 10640.8 10611.3 10583 10564.3 10544.3 10531.3 10517.8 10503.3 10495.3 10486 10480.6 10475.7 10473.2 10470.7 10469.2 10465.7 10464.9 10466.7 10467.1 10467.1 10470.7 10479.8 10489.9 10514.2 10550.8 10590.4 10623.4 10641.9 10656.2 10672 10689.6 10709.1 10729.5 10752.5 10776.3 10803.5 10830.5 10860.1 10890 10921.2 10953.1 10985.1 11017.4 11037.1 11047.4 11042 11033.1 11018.6 11003.5 10986.5 10969.7 10951.1 10935.5 10925.8 10918.9 10912.9 10905.8 10900 10892.9 10886.1 10878.4
10762 10738 10730.3 10738.4 10764.4 10741.9 10697.1 10661.2 10629.2 10607.8 10590.3 10573.5 10560.5 10549.2 10541.4 10534.4 10530 10524.7 10523.3 10523.1 10521.7 10524.4 10525.8 10534.5 10539.7 10545.1 10553.2 10568.7 10598.1 10632.8 10682.9 10735.9 10767.9 10772 10766.9 10766.5 10771.6 10781 10792.4 10807.7 10825.6 10845.2 10867.7 10890.5 10915.3 10939.8 10964.6 10988.8 11013.7 11033 11046 11030.4 11016.3 11002 10988.6 10975.1 10959.6 10944.1 10928.1 10919.2 10913.7 10907.9 10900.5 10894.2 10886.9 10879.1 10871.6
10756.7 10746.9 10747.3 10756.4 10768.5 10754.4 10723.7 10693.7 10665 10642.4 10623.8 10611.7 10601.9 10592.2 10585.6 10579.9 10575.4 10574.1 10572.3 10574.6 10577.1 10583.5 10589.4 10603.1 10613.9 10624.2 10637.5 10661.8 10701 10745.8 10807.3 10874.7 10901.4 10886 10866.4 10851.7 10844.7 10844.8 10849.4 10857.9 10870 10883.9 10899.7 10917.4 10935.2 10951.9 10969.9 10990.7 11004.9 11016.4 11020.1 11004.8 10993.5 10983.4 10972.7 10961.9 10950 10938.2 10927.3 10919.6 10912.2 10904 10896.5 10888.7 10881.5 10874 10867.3
10732.8 10734.7 10742.4 10749.2 10753.5 10745.5 10730.4 10711.5 10689.7 10672.8 10658 10644.5 10635 10624.6 10618.8 10617.6 10614.5 10614.9 10617.9 10621.6 10628.5 10638.9 10650.2 10669.1 10686.8 10703.7 10718.6 10750.7 10796.5 10848.5 10915.5 10989.5 11005.3 10971 10940.6 10921.4 10907.8 10901.8 10901.5 10905.1 10912 10919.1 10930.3 10942.4 10955.2 10965.3 10977.7 10985.9 10991.2 10991.8 10986.9 10976.6 10971.5 10965.1 10958.1 10949.7 10941.1 10933.2 10927.6 10921.9 10910.8 10900.9 10892.2 10884.1 10877 10869.9 10864.4
10718 10721.1 10731.3 10736.7 10738.3 10733.5 10730.3 10721.7 10708.4 10695.9 10684.2 10672 10663.2 10654.5 10649.5 10646.7 10644.7 10646.6 10655.5 10662.5 10672.8 10684.4 10702.2 10728.7 10756.2 10786.8 10810.5 10839.6 10876.6 10922.9 10982.6 11035.7 11044.8 11016 10987.1 10967.7 10950.4 10940.8 10935.9 10936.3 10939.1 10944.3 10948.3 10956.4 10962.8 10970.5 10974.6 10978.4 10978.1 10970.6 10960.8 10956.9 10954.5 10951 10946.4 10940.2 10933.5 10928 10923.5 10917.8 10907.5 10897 10888 10880.2 10873.2 10866.9 10862.5
10717.2 10715 10723.2 10728.3 10731.9 10729.8 10734.8 10731.4 10723.3 10713.7 10705.8 10695.8 10688.3 10683.3 10678 10676.1 10675.4 10678 10683.8 10696.6 10708.2 10725.9 10747.6 10779.5 10815.2 10861.4 10908.7 10914.4 10932.7 10958.8 10988 11026 11040.2 11030.4 11009.3 10994.9 10982.1 10971.2 10960.2 10956.9 10956.4 10955.2 10959.2 10960.9 10966.7 10971.8 10975.4 10976.6 10973.1 10964 10952.6 10944.9 10943.2 10940.7 10936.6 10931.4 10926.3 10921.1 10916.3 10912.1 10901.4 10891.6 10883.8 10876.8 10870.6 10865.2 10860.1
10715.6 10711.6 10719.6 10726.3 10736.5 10749.6 10746.7 10743.6 10739.1 10733 10725.5 10718.3 10712.1 10709.4 10705.5 10704.7 10704.7 10708.3 10714.7 10724.6 10742.3 10760.5 10783.9 10817.3 10853.5 10900.4 10944 10950.4 10961.9 10976.1 10994.5 11018.8 11031 11030.9 11018.3 11010.2 10998.5 10988.7 10974.5 10969.9 10968.1 10968.5 10970.4 10973.9 10974.8 10977.9 10979.5 10978.9 10975.4 10967.9 10955 10944.8 10937.7 10933.8 10929.4 10924.5 10919.5 10913.4 10906.8 10898.6 10892.5 10886.2 10880.4 10874.9 10869.6 10864.1 10858.6
10717.1 10712.5 10718.8 10730.8 10740.2 10750.3 10755.7 10755.6 10754 10750.8 10745.5 10740.5 10735.7 10732.3 10730 10730.5 10731 10736.8 10743.8 10753.5 10771 10789.1 10810.3 10840.2 10871.2 10907.4 10937.3 10954 10969.4 10981.2 10996.3 11015.8 11022.6 11026 11016.3 11014.5 11006.2 10998.7 10993.2 10983 10981 10980.7 10981.6 10983.5 10985.2 10984 10984.7 10984 10980.3 10972.3 10958.1 10943 10935 10930.2 10925.4 10920 10914 10906.8 10898.8 10890.9 10885.5 10881.5 10878.6 10874.9 10870.3 10865 10859.4
10715.1 10709.3 10718.7 10733.1 10744.2 10757.4 10766.2 10768.5 10768.8 10765.9 10762.3 10759.2 10756.1 10753.3 10751.9 10752.3 10753.9 10761.3 10767.7 10777.3 10793.2 10809.5 10826.8 10850.8 10873.4 10898 10922.7 10943.1 10963.2 10975.4 10987.5 11002.8 11010.2 11015.8 11012.6 11011.9 11007.2 11003.1 10999.7 10997.8 10988.6 10988.4 10989 10990.8 10991.8 10992.3 10989.9 10989.4 10986.8 10980 10963.8 10947.5 10936.6 10929.9 10923.9 10917.5 10910.9 10903.3 10894.4 10885.3 10880.9 10879.4 10878.2 10875.8 10873.1 10868.8 10863.7
10713.1 10708.6 10719.4 10736.4 10751.2 10768 10779.2 10782.1 10781.2 10778.4 10775.7 10772.9 10770.2 10770.5 10770.2 10771.3 10773.7 10780.3 10787.1 10794.8 10806.5 10821.7 10836.2 10852.3 10869.9 10884 10904.7 10928.3 10950.2 10963.6 10977.1 10988.7 10994.9 11005.3 11004.8 11004.2 11003.3 11002.1 11001.1 11000.5 11001.3 10992.7 10993.7 10994.8 10996.3 10996.7 10996.1 10994.5 10991 10986.3 10968.7 10952.2 10940 10931.6 10924.1 10917.1 10910.2 10902.6 10894.2 10884.8 10880.7 10881.5 10881.2 10879.6 10877.2 10874.4 10871.9
10711.2 10708 10720.1 10739.5 10758.5 10781.6 10795.6 10794.6 10793.1 10790.9 10789.6 10789.8 10788 10787.9 10788.6 10788.9 10791.5 10797.8 10803.2 10809.3 10818 10830.4 10841 10853.6 10866.6 10878.8 10894.7 10914.5 10934.3 10947.3 10961.5 10972.6 10978.1 10989.2 10993.5 10993.1 10995.2 10996 10998.2 10999.4 11000.7 11002 10995.6 10997.5 10999.8 11000.5 10999.9 10997.3 10991.2 10982 10969.9 10955.2 10942.7 10933.7 10925.7 10918.5 10912.2 10905.8 10899.1 10892 10888 10888.7 10887.2 10884.9 10883 10882.1 10882.4
10709.6 10706.9 10720.8 10741.1 10761.8 10787.3 10804 10800.1 10799.3 10799.3 10798.7 10800 10798.8 10798.3 10800.7 10800.9 10803.4 10806.9 10811.8 10817.8 10824.8 10832.4 10841.8 10853.6 10862.7 10874.4 10886.6 10901.6 10917.6 10927.2 10935.6 10946.3 10958 10969.9 10978.3 10980.7 10985.4 10989.5 10993 10997.1 10999.9 11000.7 11003.2 11001.2 11003.2 11004.3 11004.1 11001.3 10994.1 10983 10972.7 10957.9 10943.6 10936.4 10928.2 10921 10914.5 10909.6 10906.5 10906.2 10907.2 10899.6 10893.8 10890.2 10888.7 10889.2 10892.4
