real_craters/C079-300m.grd
DSAA
192 192
-28.63 28.63
-28.63 28.63
9669.4049841712 11364.244895255
[rows 90 to 119 of 192, columns 0 to 66 of 192]
10603.7 10613.2 10623.1 10632.8 10643.4 10654.5 10665.4 10677.3 10689.5 10699.8 10706.1 10709.3 10710.5 10711.7 10721.1 10735.1 10742.7 10759.2 10768.4 10771.8 10772.4 10771.3 10770.4 10771.8 10776.9 10781.5 10786 10790.2 10793.6 10797.9 10801.8 10805.2 10809 10813 10817.7 10821 10824.5 10827.5 10825.5 10823.4 10823.6 10820.2 10823.5 10819.5 10818.7 10817.7 10816.7 10815.1 10814.5 10813.3 10814.6 10822.7 10823.6 10825.8 10829.2 10833.5 10836.9 10845.1 10853.5 10866.6 10882.5 10917.2 10956.2 10996.5 11055 11100.5 11138.6
10603.3 10612.4 10621.9 10629.7 10639.8 10649.1 10659.3 10670.6 10682.2 10694.3 10699.6 10703.7 10707.6 10712.5 10724.7 10744.8 10757.5 10763.4 10767.6 10769.7 10770.1 10768.4 10767.5 10769.6 10775.9 10781.1 10786.1 10790.5 10794.8 10799.2 10803.5 10806.2 10809.8 10813.6 10817.2 10820.9 10825.1 10829.5 10833.9 10838.8 10836.7 10834.3 10830.6 10823.9 10821.8 10820.4 10818.7 10818 10817.6 10815.1 10815.2 10820.4 10821.9 10824 10825.1 10829.8 10835.1 10842.3 10850.9 10865.5 10886.9 10925.8 10970.6 11020.8 11087.2 11142.4 11188.3
10601.4 10609.7 10618.2 10625.6 10635.1 10644.3 10652.9 10663 10672.3 10681.4 10689.6 10698.5 10708 10720.5 10737.6 10760.7 10773.5 10768.9 10768.5 10769.1 10769.6 10768.5 10766.8 10770.2 10777.6 10783.5 10788.6 10792 10796 10800.3 10805.7 10809.5 10811.4 10814.9 10818.7 10822 10825.8 10830.2 10836.8 10840.8 10836.8 10835 10833.8 10833.4 10834.5 10821.7 10820.3 10819.4 10817.5 10815.6 10815.7 10815.4 10819.7 10816.7 10819.7 10826.9 10832.7 10840.6 10850 10866.5 10890.6 10933.7 10986.3 11055.3 11115.4 11174.6 11220.5
10598.3 10605.4 10613.1 10621.2 10628.2 10636.8 10645.6 10653.4 10661 10667.9 10678.7 10692.2 10706.9 10727 10748.6 10757.8 10764.1 10765.2 10766.7 10768.7 10771.1 10771.6 10772.5 10776.2 10782.3 10787.8 10793 10796.6 10802 10805.4 10807.1 10810.3 10813.5 10816.6 10819.5 10822.1 10824.9 10827.5 10830.3 10832.5 10833.1 10834.1 10835.1 10835.3 10824.7 10822.5 10820.8 10818.9 10818.1 10815.6 10815.6 10810.6 10811.5 10811.5 10814 10820.1 10826.9 10836.7 10848.6 10863.7 10887.9 10936.5 10998.4 11071.4 11143 11200.2 11243
10595.2 10601.7 10608.8 10616.3 10622.6 10629.6 10636.9 10644.5 10651.7 10659.9 10671.2 10684 10699.4 10720.4 10740.9 10737.7 10745.4 10755.4 10762.2 10767.9 10773.1 10776.5 10782.6 10784 10788.1 10792.3 10797.3 10800.9 10804.4 10807.4 10808 10810.9 10813.7 10816.4 10817.8 10820.3 10822.5 10824.2 10824.1 10825.9 10834.6 10835 10835.5 10827.7 10825 10822.9 10820.5 10819.1 10818.2 10815.6 10814.6 10814.1 10816.8 10817.3 10821 10826.3 10833 10836.5 10846 10860.8 10884.8 10938.7 11008.2 11084.6 11156.5 11219.8 11259.5
10589.8 10596.3 10602.8 10610.4 10616.4 10622.4 10628.2 10634.2 10641.6 10651.4 10662 10671.4 10684.5 10700.8 10716.4 10731.9 10735.6 10745.8 10756.7 10767.2 10775.5 10779.8 10783.1 10790.1 10794.4 10797.8 10800.6 10803.5 10805.1 10807.6 10808.9 10811 10813.5 10815.3 10817.7 10820.6 10821.6 10820.8 10818.7 10814.8 10825.5 10831.6 10835 10829.5 10828.1 10827.6 10823.2 10822.3 10820.3 10820.1 10817.3 10818.9 10819.4 10821.9 10825.5 10828.9 10835.9 10841.2 10851 10867.3 10896.6 10948.7 11017.5 11093.1 11167.1 11231.2 11271
10583.8 10589.7 10596.6 10603.2 10608 10614.1 10619.8 10624.4 10629.3 10635.4 10642.9 10654.4 10666.9 10678.7 10685.8 10696.5 10718.1 10735.8 10751.2 10766.4 10778.5 10787.8 10789.6 10798.2 10800.1 10801.1 10802.3 10803.5 10804.5 10806.3 10809.3 10811.5 10814.1 10815.9 10817.9 10820.9 10821.8 10821.9 10820.8 10820.6 10819.1 10829 10833.6 10829.6 10829.8 10831 10828 10828.9 10823.1 10823.1 10821.1 10823.6 10823.5 10826.1 10828.5 10833.8 10836.6 10843.2 10855 10874.1 10906.5 10956.7 11022.5 11095.6 11171 11233.6 11276.2
10579.9 10585.2 10592.1 10596.5 10602.6 10606.4 10612.7 10615.4 10617.5 10619.4 10624.4 10638.5 10653 10665 10670.1 10678.3 10704.1 10726.9 10746.2 10765.2 10782.4 10802.2 10816 10808.3 10804.4 10802.5 10802.1 10802.2 10803.6 10804.6 10807.3 10810.3 10812.2 10814.9 10816.8 10819.4 10821 10821.1 10824.7 10830 10835 10831.9 10833.8 10830.4 10831 10832 10830.1 10822.3 10822.1 10822.4 10822.2 10823.5 10823.4 10822.7 10825 10831 10834.2 10843.1 10856.4 10875 10906.6 10954.1 11018.6 11091 11162.3 11221.8 11259.2
10578.9 10584 10589.4 10593.2 10597.9 10602.4 10605.9 10609.1 10610.8 10609.7 10610.8 10628.7 10647.1 10662.8 10673.5 10680.5 10701.4 10722.4 10742.4 10761.7 10780.2 10801.6 10813.8 10809.7 10805.4 10803.5 10803.4 10802.1 10803.9 10804.2 10805 10806.6 10808.6 10810.6 10814.4 10816.8 10819.4 10821 10825.6 10829.7 10831.2 10831.6 10833.1 10829.3 10829.8 10829.8 10827.5 10821.8 10822 10818 10818.8 10818.9 10820.1 10822.3 10827.7 10831.7 10841.5 10844.6 10855.7 10873.3 10899.5 10944.2 11005.6 11075.9 11143.4 11196.4 11220.5
10580 10583.8 10589 10593.4 10598 10602.4 10606 10608.2 10610.1 10611.1 10614 10631.4 10649.3 10667 10682.2 10693 10703.9 10720.2 10737.8 10755.4 10770.5 10787.3 10798.4 10801 10801.2 10800.6 10799.9 10800.2 10801 10804 10805.4 10807.1 10808.6 10810.8 10811.7 10814.3 10817.4 10820.4 10824.5 10828.1 10825.2 10827.3 10830.8 10826.6 10828 10828.2 10829.1 10826.9 10827.8 10824.8 10826 10822.1 10826.1 10828 10832 10836 10845.5 10847.3 10856.1 10868.1 10884.2 10919.1 10984.5 11056 11120.9 11166.3 11176.1
10578.7 10584.5 10590 10595.2 10600.3 10603.1 10608.8 10609.9 10615.6 10621.2 10631.9 10643.6 10655.9 10671.4 10687.3 10694.5 10704.5 10718.1 10732.2 10746.7 10759 10766.5 10779.2 10789.6 10793.3 10795.7 10796.5 10798.3 10799.5 10801.1 10802.8 10804 10804.8 10807.3 10809.1 10812.1 10815.4 10817.7 10821.7 10824.2 10820.4 10824.5 10828.9 10826 10826.8 10828.1 10829.6 10831.3 10829.1 10830.7 10828.4 10833.6 10836.5 10834.1 10838.1 10842.5 10848.2 10853.8 10861.9 10862.1 10872.1 10897.8 10964.4 11037.3 11101.2 11142.4 11140.1
10575.8 10581.1 10586.6 10592.8 10598.3 10603.9 10609.2 10614.2 10621.6 10629.2 10640 10649.8 10660 10673.6 10689.8 10695.5 10703.1 10714.1 10726.4 10739.6 10751.1 10763.1 10771 10778.6 10784.1 10787 10789.2 10790.9 10792.4 10792.4 10794.7 10797.1 10799.6 10802 10805.2 10808.2 10811.7 10814.7 10818.3 10821.9 10822.4 10824.2 10827.4 10825.3 10825.9 10827.4 10829 10831.1 10832.3 10836.4 10836.3 10839.2 10838 10841.6 10846.7 10846.3 10851.3 10856.7 10863.3 10862.7 10871.5 10892.3 10953.3 11024.1 11087.2 11131.8 11135.6
10573.4 10579 10584.8 10590.4 10596.5 10602.9 10609.4 10617.2 10624.6 10632.8 10640.3 10649.9 10660.8 10670.8 10680.2 10688.8 10697.2 10707.7 10720.3 10732.9 10743.3 10753.5 10762.6 10769 10774.5 10778.3 10781 10783.7 10786.3 10788.7 10791.2 10792.9 10795.8 10798.8 10802.1 10805.4 10807.9 10810.9 10814.3 10812.3 10820.9 10824.3 10826.4 10827.8 10827.3 10824.5 10826.1 10829.9 10833.4 10836.2 10838.3 10840.9 10840.4 10845.2 10845.8 10852.1 10857.7 10860.3 10867.8 10875.6 10879.7 10899.6 10951.2 11015.4 11075.7 11126.2 11154.2
10571.8 10577.6 10583.8 10591.2 10598.1 10604.8 10612.3 10620 10628.5 10636.9 10646.1 10655.5 10663.8 10668.3 10671 10678.8 10688.8 10700.7 10713.7 10726.4 10737.1 10743 10754.7 10761.5 10766.5 10770.4 10773.7 10776.7 10779.7 10782.5 10785.6 10788.3 10791.6 10794.9 10798.7 10801.6 10804.9 10808.1 10813.9 10822 10822.9 10823 10822.6 10823.4 10819.9 10821.3 10823.2 10824.1 10826.8 10832.6 10836.6 10841 10845 10850.1 10851.3 10857.1 10863.4 10870.2 10876.3 10885.6 10892.1 10911.2 10953 11005.7 11057.1 11101.5 11131.2
10571.3 10577.9 10584.6 10592.1 10598.6 10605.8 10613.7 10622.3 10631.7 10641.9 10654.5 10665.7 10667.5 10668.6 10671 10673.5 10681.3 10692.8 10706.5 10720.9 10735.8 10747.6 10750.8 10754.2 10757.1 10760.9 10764.3 10767.8 10771.4 10774.3 10778.4 10782.1 10786.1 10790.8 10794.6 10797.8 10800.4 10803 10807.8 10813.8 10815.8 10815.6 10816.2 10815.9 10817.5 10820.1 10819 10822 10826.4 10828.6 10832.9 10840.2 10845.5 10851.5 10857.6 10862.6 10869.7 10878.5 10884.5 10895.3 10907.5 10921 10953.5 10994.1 11029.6 11053 11053.1
10570.9 10578 10584.9 10592.2 10599.6 10606.9 10615.1 10622.5 10632.7 10643.2 10655.3 10665.1 10667.4 10668.3 10668.8 10669 10673.6 10683.2 10697.2 10713.6 10731.2 10743.2 10744.3 10745.5 10747.7 10750.7 10754.8 10758.4 10762.7 10767.4 10773.3 10777.6 10781.5 10785.4 10788.9 10792.3 10794.9 10795.9 10796.5 10798.3 10802 10805 10808.9 10812.1 10815.6 10816.9 10821 10826.5 10826 10830.7 10836.7 10842.2 10845.1 10851.2 10857.8 10867.8 10874.7 10882.7 10892.6 10904.2 10916.7 10930.4 10955.6 10981.8 11001.2 11005.3 10976
10570.5 10577.4 10584.7 10591.8 10599.4 10606.6 10615.3 10624.8 10633.5 10641.7 10650.3 10657 10663.9 10666.7 10665.5 10661.2 10661.4 10670.2 10684.3 10701.6 10720.7 10730.8 10731.9 10733 10735.3 10739.4 10743.9 10749.2 10754.4 10759.6 10764.4 10769.7 10774.5 10778.9 10783.2 10786.9 10789.8 10790.7 10789.6 10789.7 10794.8 10798.1 10801.9 10806.2 10811.2 10816.4 10822.4 10827.5 10833.8 10834.3 10840.5 10846.8 10845.7 10852.5 10859.8 10866.1 10874.9 10887.2 10898 10910 10923.4 10935.7 10953.6 10971 10981.2 10979.1 10961.2
10571 10577.7 10585.2 10592.7 10600.4 10608.1 10615.8 10624.3 10631.6 10639 10646.2 10654.1 10662.4 10667.1 10662.7 10652.3 10647.3 10655.4 10667.1 10682.3 10705.7 10714.4 10713.1 10716.1 10721.1 10727.1 10733.1 10739.3 10745.1 10751.1 10756.9 10762.4 10766.7 10771.6 10776.6 10780.2 10784.4 10788.2 10792.9 10792.9 10791.5 10792.6 10795.8 10800.3 10805.8 10812.3 10818.5 10824.3 10831.3 10837.7 10844.4 10845 10852.2 10859.8 10860.4 10868.9 10878.3 10887.4 10899.4 10912.6 10927.4 10938.2 10951.9 10964.2 10969.8 10966 10947.2
10572.4 10579.1 10586.7 10594.2 10603.2 10610.2 10617.3 10623.9 10630.2 10635.4 10640.9 10648.2 10657.2 10670.5 10662.5 10648.1 10640.3 10642.5 10647.3 10653.4 10664.3 10676.9 10687.1 10696.3 10705 10713.3 10721.3 10728.8 10734.6 10741.2 10747.6 10753.3 10757.8 10763.7 10769.4 10774.8 10778.8 10783.6 10788.3 10788.6 10786.5 10786.1 10789.4 10793.9 10800.4 10807.6 10814.7 10822.2 10828.9 10836.4 10842 10848.9 10857.4 10865.3 10866.5 10875.4 10884.9 10889.9 10902 10914.2 10928.7 10941 10953.1 10961.1 10963.6 10960.9 10950.5
10573.7 10581.5 10589.2 10596.8 10604.1 10611.2 10619.6 10625 10629.4 10632.8 10635.1 10635.5 10642.2 10652.5 10651.3 10643.2 10636.2 10632.7 10629.8 10624.8 10618.3 10639.8 10661.9 10677.9 10690.6 10701.5 10709.9 10718.5 10726.3 10731.1 10737.9 10744.6 10749.4 10755.8 10761.7 10768.1 10774.2 10778.2 10780.1 10781 10779.4 10778.3 10782.1 10788.7 10796.8 10805.3 10810.2 10818 10825.5 10833.1 10839.9 10847.6 10855.5 10862.6 10871.1 10880 10882.3 10893 10904.6 10913.8 10928.6 10943.4 10956.4 10959.9 10957.9 10954.4 10947.4
10574.6 10582.1 10589.6 10597.2 10604.6 10611.5 10620.5 10626.7 10631.3 10633.5 10634 10632.4 10635.6 10639.9 10641.5 10638.1 10633.1 10627.1 10620.2 10611 10602.2 10623.4 10646.3 10664.1 10678.6 10690.6 10699.1 10708 10716 10723.5 10728.2 10734.9 10741.3 10748.5 10755.6 10762.5 10769.5 10774.7 10777.1 10776.5 10773 10770.1 10774.4 10782.9 10792.6 10801.4 10809.3 10817.2 10824.8 10829.2 10837.2 10845 10852.6 10859.1 10867.6 10876.1 10884.4 10894.4 10904.9 10912.7 10925.9 10939.6 10951.6 10952.8 10947.9 10945.7 10947.4
10575.7 10583.1 10590.7 10598.2 10605.5 10612.5 10621.1 10628.7 10632.8 10636.9 10637.9 10638.9 10638.7 10638.5 10638.3 10635.3 10630.9 10624.8 10619.9 10614.8 10610.4 10625 10641.4 10656.9 10669.4 10680.9 10690.9 10698 10705.8 10713.6 10720.6 10727.5 10734.4 10741.1 10748.7 10756.6 10764.4 10772.4 10778.6 10774.8 10768.8 10762.7 10768.5 10780 10790.4 10799.9 10808.3 10816 10822.2 10828.6 10835.8 10843.1 10847.1 10855.1 10863.4 10870.7 10879.6 10889 10898.3 10908 10918.7 10929 10938.5 10938.8 10932 10923.9 10930.9
10576.3 10583.6 10591.7 10599.4 10607.3 10614.8 10621.9 10631.4 10636.7 10640.9 10644.1 10645.5 10645.1 10643.6 10641.1 10635.6 10628.4 10624.4 10624 10628 10636.4 10635 10642.9 10653.8 10664.8 10673.3 10682.3 10690 10697.1 10704.3 10711.6 10718 10724.7 10731.6 10739.3 10748.1 10758.5 10767.4 10773.6 10773.1 10768.8 10763.8 10770 10782.4 10792.5 10799.7 10806.8 10813.5 10820.4 10827.2 10834 10839.4 10846.5 10853.8 10858 10866.8 10874.9 10882.9 10890.8 10898.7 10906.1 10912.5 10917.7 10917.5 10915.5 10918 10922.1
10576.9 10584.2 10592.1 10600 10608.2 10616.1 10626.8 10634.2 10641.5 10647.5 10651.4 10655.3 10657.5 10655.4 10648.5 10639.9 10632.1 10627.6 10626.9 10630.8 10636.5 10639.7 10645.4 10653.2 10661.7 10670.3 10677.4 10684.7 10692 10698.2 10704.5 10710.3 10716.3 10722.6 10731 10739.4 10749.9 10760.6 10768.2 10771.3 10772.5 10774.8 10781.9 10790.3 10796.3 10801.2 10806.7 10811.4 10817.1 10823.2 10829.6 10837 10843 10848.8 10855.6 10862.5 10866.9 10874.2 10881.7 10887.8 10892.9 10895.3 10893.5 10892.2 10897.8 10902.3 10907.4
10576.2 10583.7 10591.9 10600.1 10608.7 10618 10626.4 10637.3 10646 10654.1 10660.3 10665.6 10669.2 10669.7 10657.5 10645.2 10634.9 10628.6 10628 10630 10635.1 10641.6 10648.3 10654.8 10661.6 10668.4 10674.9 10681.2 10687.3 10692.1 10697.6 10704.7 10710.1 10715.6 10720.7 10727.4 10736.4 10751.1 10762.4 10766.2 10774.7 10788.1 10799.9 10799.2 10799.2 10801.6 10806 10809.5 10814.9 10820.7 10825.4 10831.5 10837.7 10844.1 10851.1 10857.4 10862.6 10868.6 10872.3 10877.3 10881.2 10882.2 10879.9 10879.1 10885.4 10888.4 10891.5
10576.1 10584.1 10592.8 10601.5 10608.9 10617.9 10627.3 10636.7 10650.5 10660.3 10668.5 10677.2 10684.9 10678.2 10664.1 10650.4 10636.3 10627.8 10632 10635.4 10640.7 10646.5 10652.3 10657.2 10662.5 10667.8 10672.5 10677.9 10682.9 10689.5 10694.4 10698.9 10702.4 10706.4 10709.7 10713.9 10717.5 10719.8 10734.7 10752.7 10768.9 10788.3 10803.5 10799.6 10798.2 10799.7 10802.9 10807.4 10812.5 10819.2 10823.4 10829.3 10834.7 10839 10844.7 10850.3 10855.7 10861 10865 10869 10871.4 10874.2 10877.1 10880.6 10881 10880.2 10879
10575 10583.4 10592.5 10600.5 10609.6 10619 10629 10639.1 10653.3 10664.2 10674 10686.1 10687.9 10676.6 10668.6 10658.1 10646.7 10639.5 10646.4 10647.5 10651.7 10655.3 10657.5 10660.8 10664 10667.8 10671.8 10677.9 10682.2 10685.6 10689.4 10692.9 10695 10697.9 10700.4 10702.5 10703.5 10702.1 10716.9 10738.1 10756.2 10772.3 10783.3 10788.7 10791.4 10794.1 10798 10802.9 10807.9 10813.1 10818.5 10823.8 10828.2 10833.6 10838.2 10843.3 10848 10850.9 10855 10858.9 10861.2 10866.4 10872.9 10880 10875.2 10871 10868
10573.2 10581.8 10590.9 10600.1 10609.4 10619.1 10629.2 10639.4 10652.1 10663.1 10676 10690 10695.8 10682.6 10673.5 10667.6 10665.5 10668.1 10672.1 10674.9 10669 10664.8 10662.9 10662.8 10665.4 10669.4 10672.4 10675.8 10679.2 10682.5 10684.3 10686.7 10689.3 10691.2 10692.8 10694.7 10697.2 10703.1 10712.6 10727.8 10742.9 10756.5 10768.6 10775.9 10781.2 10786.5 10792 10797.8 10803.2 10808.9 10814.2 10819.4 10824 10829.1 10832.1 10836.5 10841.2 10845 10848.3 10851.6 10852.9 10855.5 10860.8 10863.9 10861.4 10858 10857.3
10571.5 10580.3 10589.2 10598.5 10608.6 10617.9 10627.6 10637.4 10648.4 10658 10669.1 10681.2 10689.1 10679.9 10672.6 10672.2 10678.7 10691.2 10690.1 10690.9 10679 10671.5 10667.4 10666.7 10667.5 10668.3 10670.8 10673.1 10675.2 10677.6 10680.2 10682.7 10685.3 10686.5 10687.3 10688.4 10691.4 10700.8 10707.7 10719.3 10731.2 10741.8 10752.3 10759.5 10769.8 10778.5 10785.8 10792.4 10798.2 10803.8 10809 10813.9 10820.2 10824.6 10828.7 10832.5 10834.3 10837.5 10839.8 10842.1 10841.7 10842.6 10844.3 10845.6 10847.8 10848 10847.4
10570.3 10579.2 10588.3 10597.6 10607.2 10616.3 10625.3 10634.3 10641.3 10649.7 10656.8 10660.3 10661.1 10660.3 10663.4 10668.4 10675.8 10684.4 10683.6 10682.4 10676.2 10672.3 10670 10668.6 10667.9 10668.7 10669 10671.2 10673.3 10676.1 10678 10679.7 10681.7 10682.7 10683.1 10683.3 10682.6 10684.4 10699.1 10711.3 10722.8 10730.3 10731.9 10745.9 10761.4 10772.2 10780.8 10787.8 10793.9 10799.5 10804.6 10809.8 10814.2 10818.7 10821.3 10823.7 10828.2 10830.4 10831.4 10831.8 10832.9 10830.5 10829.9 10827 10824.3 10829.7 10836.4
