real_craters/C079-300m.grd
DSAA
192 192
-28.63 28.63
-28.63 28.63
9669.4049841712 11364.244895255
[rows 60 to 89 of 192, columns 67 to 133 of 192]
10854.6 10855.1 10857.2 10858.4 10860.2 10861.4 10860.8 10862.5 10863.4 10861.3 10853.9 10852.7 10845.5 10845.1 10850.6 10856.4 10858.5 10860.7 10860.5 10853.4 10862.3 10892.3 10920.1 10922.5 10918.8 10915.1 10910.6 10904.2 10899.9 10893.7 10887.5 10881 10875 10870.5 10868.7 10872.9 10888.2 10902.3 10899.9 10897.1 10893.9 10889.4 10884.5 10878.5 10870.5 10859 10856.6 10861.4 10864.8 10867.9 10869.4 10867.8 10865 10861.3 10856.1 10851.9 10847.2 10842.3 10837.6 10831.5 10824.6 10815.5 10807.4 10804.9 10805.7 10808.6 10810.7
10857.1 10859 10860.8 10863.5 10866.5 10873.1 10875 10876.7 10875.6 10875.2 10877.1 10867.4 10856.7 10859.7 10867.2 10877.6 10886.2 10886.1 10894.7 10917.4 10917.6 10914.6 10922.3 10925.8 10924.4 10921.4 10917.2 10911.7 10907.8 10901 10894.1 10885.6 10876.5 10865.9 10857.8 10864.5 10877.2 10890.8 10898.4 10899 10897.2 10894.5 10892.5 10889.2 10885.3 10878.9 10875.5 10875.4 10878.9 10883 10882.7 10879.2 10875 10870 10863.7 10858 10852.1 10845.7 10838.5 10831.2 10823.5 10813.7 10803.4 10800.9 10802 10804.1 10806.1
10859.3 10862.9 10866.5 10868.7 10869.2 10872 10882.5 10887.5 10885.1 10885 10888.9 10882.9 10877.8 10877.8 10884.9 10892.2 10897.3 10902.4 10908.3 10923.4 10926.7 10921.5 10922.3 10929.2 10932.9 10934 10930 10927.2 10922.3 10915.6 10905.9 10895.5 10883.5 10872.2 10865.9 10865.5 10880.4 10893.2 10899.8 10901.4 10901.2 10900.2 10900 10900 10902.1 10909.6 10908 10909.6 10910.6 10902.4 10897.3 10891.2 10884.7 10877.4 10870.9 10864.2 10857.2 10849.5 10842.1 10834.2 10825.8 10816.6 10808 10803.7 10802 10801.1 10798.3
10861.6 10868.2 10873.9 10877.4 10877.8 10879.4 10887.9 10890.4 10890.4 10887.5 10886 10892 10895.9 10893.4 10900.6 10916.9 10918.8 10911.9 10905.8 10898.2 10906.8 10919.2 10929.7 10936.2 10944.8 10951.2 10953.3 10952.3 10940.6 10933.3 10923.4 10911.4 10897.9 10884.8 10878 10879.2 10903.8 10906.3 10904.7 10905.5 10906.2 10906.9 10908 10909.3 10911.6 10915.2 10920.8 10927.7 10928.7 10917.1 10908.5 10900.2 10892.4 10886 10878.1 10870.5 10863 10854.5 10846.7 10838.8 10830.3 10823.1 10817.4 10812 10806.1 10802.2 10797.7
10864.1 10873.5 10882.4 10890.1 10896.6 10898.8 10900.4 10902.9 10894.6 10888.7 10883.8 10890.5 10893.4 10889.1 10903.4 10925.8 10926.4 10917 10907.1 10890.8 10895 10909.7 10927.9 10944.3 10958.3 10968.1 10973.1 10973.9 10967.7 10960.7 10946.7 10933.6 10917.5 10899.1 10882.2 10881.3 10889.2 10901.4 10907 10911.4 10913.4 10914.2 10916.8 10918.2 10920.2 10920.6 10926.9 10932.2 10930.4 10922.9 10915.2 10905.6 10896.6 10891.2 10883.1 10875.1 10868.5 10860.3 10852.4 10844.7 10836.8 10830.5 10824.5 10818.4 10812.1 10806.9 10802.4
10867.6 10879.6 10891.3 10902.4 10912.7 10914.7 10908.1 10899.6 10896.4 10893.7 10890.1 10882.6 10867.3 10877.6 10900.9 10908.2 10918.7 10919.6 10918.7 10906 10905.9 10908.2 10927.2 10953.8 10968.4 10977.2 10979.3 10979.8 10983.1 10978.3 10967.9 10956.6 10941 10924.9 10900.6 10888.8 10885.5 10901.6 10915.6 10922.5 10925.2 10924.8 10923.6 10924.6 10929.9 10935.9 10933.2 10933.6 10931.9 10925.6 10916.8 10908.5 10902.3 10893.1 10884.7 10876.7 10872.7 10864.9 10857.3 10850.2 10843.4 10837.6 10831.8 10826.6 10820.6 10814.2 10808
10872.2 10885.7 10899 10912.3 10921.8 10923.6 10918 10903.3 10906.5 10902.6 10899 10903.6 10914.1 10914.7 10917.3 10923.1 10922.4 10925.2 10933.3 10948.7 10944.6 10940.4 10954.4 10969.4 10977 10977.8 10976.2 10974.9 10974 10971.9 10980.1 10976.1 10967.6 10956.4 10933.5 10916.8 10905.2 10920.8 10935 10941.6 10940.5 10936.8 10931.2 10926.7 10928.8 10932.4 10930.8 10933.4 10932.8 10929.8 10920.7 10911.4 10902.4 10893.3 10884.9 10881.7 10873.6 10866.4 10862 10855.1 10848.8 10843.6 10840.3 10838.6 10830.5 10825 10818.2
10877.4 10890.4 10903.9 10918.1 10931.9 10932.6 10931.6 10939.2 10926.6 10912.1 10906.1 10913.3 10945.2 10953.8 10939.2 10928.1 10935.2 10935.9 10938.3 10974.7 11000.7 11005.8 11007.8 11001.2 10991.1 10984.7 10980.3 10974.3 10973.5 10977.9 10991.1 10997.7 11001.3 11000.8 10978.5 10955.6 10949.5 10962.8 10971.5 10972.4 10965.8 10956.3 10943 10927.7 10918.1 10915.8 10921.4 10930.9 10940.9 10933.5 10921.2 10909.9 10903.5 10894.8 10887 10880.8 10874.2 10867.9 10865.3 10858.4 10852.2 10848.7 10844.5 10840.5 10837.5 10837.1 10836.5
10883.6 10894.5 10905.5 10917.2 10927.1 10929.8 10930.5 10933.8 10923.1 10908.9 10902.6 10911.5 10947.2 10970.5 10963.7 10956.7 10966 10966.6 10958.1 11010.8 11074.1 11096 11070.5 11033.2 11002.3 10979.7 10969.6 10962.2 10963.9 10973.5 10995.1 11015.7 11039 11056.8 11049.7 11028.8 11024.9 11027.4 11022.3 11013.2 10999.3 10983.2 10961.2 10931.5 10905.9 10901.8 10914.2 10927.6 10929 10930.2 10920.7 10908.4 10898.5 10889.9 10882.8 10882.4 10876.6 10870.9 10866.1 10860.7 10857.2 10851.7 10846.5 10840.3 10841.8 10845.7 10845.8
10890.8 10896.7 10904.2 10911.3 10917.9 10920.8 10919.9 10912.5 10907 10904.4 10899.4 10903.1 10943.3 10979.4 10992.9 11005.9 11013.6 11027.3 11039.8 11093.8 11152.5 11174.5 11107.7 11038.9 10989.3 10960.7 10942.4 10933.6 10939 10954.3 10980.7 11021 11067.9 11121.8 11159 11155 11137.2 11100.7 11074 11054.3 11033.8 11014.4 10987.8 10952.3 10909.6 10904.3 10920.7 10933.6 10941.9 10940.6 10922.1 10909.4 10897.1 10890.2 10885.4 10880.4 10875.9 10876.2 10870.8 10865.3 10860.8 10855.4 10850.4 10848.1 10847.8 10850.4 10850.7
10895.9 10897.8 10901.8 10905.1 10908.7 10914 10914.1 10911.4 10913.8 10921.1 10915.3 10914.8 10935.1 10982.4 11012.6 11028.2 11055.7 11087.4 11143.8 11166.6 11172.8 11167.3 11078.6 11000.9 10946.6 10912.7 10892.5 10885.5 10893.2 10912.7 10946.9 10999.5 11066.6 11156.8 11250.1 11240.5 11200.8 11144.1 11106.2 11082.3 11065.5 11048.1 11028.8 10999.4 10960.6 10948.7 10947.3 10945 10940.4 10933.1 10915.5 10905.2 10901.1 10898.1 10888.3 10883.8 10879.9 10876.6 10871.9 10872.4 10866.3 10860.3 10855 10851.7 10850 10849.5 10848.5
10899.4 10899.4 10900.1 10903.8 10909.8 10915.6 10918.5 10916.5 10916.1 10936.1 10951.6 10972.9 11012.4 11083.7 11090.7 11078.2 11075.9 11091.3 11123 11103.3 11066.5 11035.4 10971.2 10913.5 10871.5 10842.1 10827.2 10824.7 10833.6 10854.6 10889.1 10941.7 11011.3 11104.6 11197 11197 11170.6 11137.4 11108.6 11092.2 11085 11080.8 11076.4 11065.8 11050 11020.4 10990.6 10961.7 10927.6 10898 10903.6 10904.2 10906.9 10909.2 10901.5 10899.2 10888.5 10884.2 10878.9 10874.8 10869.2 10863.4 10858 10852.4 10848.9 10849.8 10848.1
10901.4 10900.3 10899.7 10902.6 10913.8 10927.7 10936.6 10938.8 10944.7 10955.1 10988.6 11036.6 11100 11177.5 11187.4 11115.4 11049.6 11015.1 10984.7 10930.3 10873.8 10838.6 10819 10792.8 10770.3 10755 10749.3 10750.8 10760.9 10780.3 10811.4 10852.5 10907.2 10970.6 11031.2 11060.8 11091 11089.4 11080.7 11077.7 11087 11101.4 11119.8 11127.9 11122.7 11086.3 11036.8 10987.6 10939 10905.3 10904.4 10911 10919.8 10925.3 10920.8 10918.7 10906.3 10901 10893.7 10880.8 10873.9 10868.2 10861.7 10858 10853.4 10847.5 10845
10904.2 10902.3 10901.5 10906 10924.5 10951.7 10973.6 10980.7 10965.8 11010 11038 11094.4 11155.8 11189.4 11161.4 11060.1 10958 10874.7 10798 10737.2 10682.8 10660.1 10660.8 10656.6 10653.3 10651.6 10651 10656.8 10670.5 10686.5 10711.6 10738.7 10771.6 10807.8 10857.1 10943.3 11003.3 11009.8 11016.8 11032.3 11061.7 11101.3 11150.2 11191.4 11185.5 11145.5 11080.8 11016.1 10960.6 10911.8 10916.1 10929.6 10942 10944.3 10945.4 10942.3 10928.3 10919.7 10902.8 10893.2 10883.5 10871.6 10863.2 10859.5 10851.2 10839.4 10840.5
10908 10906 10906.8 10916.9 10946.9 10988.8 11029.5 11065 11083.7 11121.2 11146.3 11166.2 11166.7 11145.1 11040 10929.8 10818 10711.4 10624.1 10556.9 10507.1 10497.2 10510.4 10521.2 10533.1 10542.4 10548.7 10557.1 10567.8 10574.4 10593 10609.7 10625 10646.1 10682.2 10761 10858.5 10891.1 10920 10956.5 11005.6 11067.7 11148.7 11243.5 11277.7 11191.2 11112.1 11044.6 10992 10933.9 10948.4 10963.9 10975.4 10977.2 10976.5 10963.8 10954.3 10941.2 10920.8 10907.7 10890 10877.9 10865.1 10858.1 10843.6 10837.1 10840.6
10912.9 10911.2 10913.3 10923 10970.6 11028.3 11090 11156 11222.8 11211 11202.6 11170.9 11104.2 11008.8 10883 10773.2 10661.7 10549.2 10456 10387 10343.3 10346.1 10371.1 10392.6 10414.5 10432.6 10451.1 10462 10472 10481.1 10484.1 10486.4 10483.9 10487.7 10511.4 10580.6 10682.4 10751.2 10802.3 10855.7 10916.8 10992 11082.8 11189.3 11232.3 11169.9 11110.2 11060.3 11029.5 11016.9 11005.7 11010.1 11018 11017.1 11012.1 10996.4 10980.4 10957.6 10941.1 10924.1 10901.5 10887.1 10872 10861.4 10851.2 10846.2 10845.7
10915.9 10917.1 10926.7 10947.3 11000.6 11066 11136.2 11203 11233.1 11204.4 11167.2 11108.4 10992.5 10856.6 10726.4 10617.4 10511.1 10405 10303.4 10232.7 10192.3 10215.8 10252.2 10287.4 10317.1 10341.3 10362.2 10373.8 10379.4 10381.4 10381.5 10377.4 10360.5 10339.6 10351.2 10422.9 10532.2 10610.3 10674.5 10739.3 10807.3 10877.6 10957.6 11034.1 11080.6 11086.5 11073.9 11059.7 11053.2 11032.8 11040.9 11060.6 11066.7 11063.1 11047.8 11029.9 11003.8 10983.9 10956.3 10934.6 10909.6 10893 10872.8 10865.5 10856.5 10853.4 10851
10908.2 10916.1 10935.6 10976 11023.7 11089.4 11159.8 11219 11219.7 11159.5 11105.2 10971.8 10839 10703.8 10577.4 10468.8 10370 10276.1 10178.4 10118 10084.4 10122.3 10161.7 10196.6 10229.9 10252.4 10273.6 10284.9 10289.3 10290.5 10288 10281.9 10269.3 10248.4 10234.5 10289.2 10392.6 10472.4 10541.7 10608.1 10677.2 10742.8 10806.5 10865.3 10929.2 10985.2 11021.1 11048.5 11077.4 11093.3 11112.4 11125.3 11121.9 11107.7 11087.1 11059 11033.9 11000.8 10976.7 10946.1 10923.9 10903.3 10879.1 10867.7 10854.2 10852.3 10853.9
10894.5 10906.7 10926.6 10965.7 11027.1 11094.7 11160.5 11209.5 11188.2 11072.9 10939.5 10795.4 10671.8 10547.6 10430.6 10326.6 10234.4 10158 10088.4 10060.6 10050.2 10074.8 10102.2 10129.4 10157.7 10177 10200.2 10205.3 10207 10209 10206.8 10204.2 10203.6 10212.6 10185 10203.7 10265 10344.7 10415.7 10483.8 10547.3 10605.7 10658.9 10714.2 10797.9 10889.3 10965.6 11033.2 11101.3 11162.8 11204.3 11194.9 11179.6 11153.7 11125.7 11093.4 11062.3 11023.6 10993.8 10959.3 10933.6 10906.7 10883.2 10868.4 10858.1 10856.8 10856.7
10886.8 10897.8 10915.2 10955.5 11020.5 11084.6 11137 11159.4 11092.8 10957.8 10815.8 10642.7 10517.7 10400.7 10291.7 10192.6 10105.4 10042.4 10028.1 10039.6 10047.3 10051.5 10063.2 10083.2 10100.2 10114.3 10134.4 10140.3 10136.1 10139.2 10136.8 10131.2 10127.9 10134.1 10135.7 10139.8 10168.3 10236.9 10305.3 10371.3 10430.6 10482 10528.7 10585.3 10689.5 10806.7 10913.3 11012.5 11112 11193.4 11242.5 11249.3 11230.2 11193.8 11157.2 11115.5 11079.1 11042.7 11009.2 10973.1 10947.5 10915.4 10884.7 10866 10857.3 10859.6 10857.2
10884 10896.3 10911.2 10952.3 11011.6 11063.8 11098.9 11092.5 10978.4 10785.9 10676 10510.9 10381.6 10266.3 10165.2 10073.7 9998.81 9961.67 9985.5 10021.5 10035 10031.2 10032.3 10043.8 10054.2 10065.3 10080.2 10084 10081.8 10074.9 10071.5 10063.7 10052.1 10040.9 10053 10075.4 10102.5 10151.4 10214.1 10277 10333.6 10383.5 10425.9 10482.6 10607.3 10739.2 10864.9 10986.1 11110.5 11212.3 11266.6 11294.7 11266.6 11224.2 11181.4 11134.2 11100.5 11058.1 11020.4 10990.6 10953 10915.6 10888.6 10859.7 10844.9 10851.8 10852.7
10884.4 10905.2 10925.2 10964.5 11009.6 11041.9 11053.2 11022.4 10886.2 10701.7 10567 10397.8 10261.2 10144.6 10044.3 9976.97 9927.84 9917.68 9949.82 9984.67 10001.4 10002.4 10004.8 10011.9 10018.6 10023.6 10034.3 10036.9 10034.8 10026.3 10017.3 10012.2 10012.1 10016 10032.7 10030.5 10039.6 10086.5 10145.3 10200.1 10253.7 10308.6 10366.7 10436.6 10555.9 10685.8 10818.1 10951.2 11094 11225.6 11364.2 11329.7 11281.1 11236.2 11192.4 11146.4 11105.4 11066.7 11025.3 10993.4 10956.9 10921.7 10889.9 10856.3 10834 10842.8 10844.2
10890 10927.9 10962.3 10993.5 11014.3 11018.5 11000.4 10935.7 10795.2 10609.4 10449.7 10298.9 10155.7 10037.1 9965.54 9923.88 9897.27 9896.55 9924.69 9952.35 9966.65 9971.05 9975.62 9984.31 9988.83 9993.02 9997.31 9995.94 9991.87 9984.42 9971.06 9963.64 9964.14 9971.15 9978.28 9988.5 10021.9 10060.7 10091.4 10135 10185.8 10246.5 10324.9 10418 10515 10636.7 10767.9 10902.7 11048.1 11178.4 11286 11291.2 11258.8 11220.8 11181.3 11146.8 11104.6 11067.3 11027.7 10992.6 10955.2 10922.3 10892.4 10861.4 10845 10833.6 10833.7
10901.4 10967.9 11016.1 11033.1 11023.6 10995.5 10949.3 10865.6 10707.5 10518.7 10348.9 10213.7 10074.5 9972.41 9943.11 9923.74 9898.94 9888.77 9905.14 9932.19 9938.42 9945.02 9951.63 9957.75 9960.76 9969.35 9969.51 9964.86 9959.99 9947.98 9932.53 9915.25 9898.08 9892.51 9904.69 9927.99 9964.32 10001.7 10033.9 10074.2 10122.3 10180.4 10252.8 10347.8 10459 10582 10711.4 10841.4 10978.5 11089.2 11165.4 11200.1 11200.6 11183.3 11155.2 11127 11092 11058.2 11021.8 10983.2 10948.7 10919.3 10892.7 10866.6 10853.8 10829.1 10824.4
10937.2 11029.1 11095.9 11078.4 11031.3 10968.8 10889.5 10779.2 10621.8 10431.9 10266.5 10145.9 10027.5 9955.53 9954.56 9952.92 9915.45 9880.18 9881.76 9892.15 9902.01 9916.28 9926.86 9936.19 9940.84 9947.3 9947.24 9943.63 9936.87 9922.2 9902.32 9877.75 9850.62 9830.28 9836.11 9863.88 9897.6 9933.58 9974.23 10016.5 10064.6 10117.4 10175.3 10272.4 10399.2 10525.4 10651.1 10774.3 10901.9 10998.8 11066.2 11110.9 11133.6 11134.1 11120.1 11098.3 11068.9 11037.5 11007.7 10968.9 10941.5 10915.4 10889.6 10863.3 10844.4 10823 10817.7
10988 11085.2 11157 11104.9 11027.2 10934.1 10827 10697.9 10544.4 10357.1 10197.1 10102.5 10014.2 9969.03 9976.8 9983.55 9949.14 9883.22 9857.53 9856.51 9868.39 9890.08 9905.9 9918.26 9928.46 9932.79 9935.1 9931.82 9923.92 9908.46 9885.59 9854.17 9820.36 9789.23 9787.97 9811.44 9843.12 9880.12 9920.84 9965.05 10016.6 10073.3 10135.3 10231.1 10351.6 10472.5 10592 10707.8 10828.5 10921.4 10991.5 11041.4 11074 11083.1 11076.7 11060.6 11040.8 11012 10987.1 10955.6 10931.5 10905.9 10886.2 10863.1 10845.2 10825.4 10818.1
11016 11106 11156.5 11103.1 11008.7 10895.8 10769.2 10629.5 10479.4 10306 10150.4 10083.7 10036.1 10003.5 9991.96 9984.33 9935.69 9879.98 9840.1 9825.41 9845.35 9868.96 9887.9 9903.56 9915.92 9924.81 9929.19 9928.92 9921.13 9906.53 9884.14 9848.88 9804.97 9766.82 9760.04 9774.57 9799.77 9840.16 9871.4 9917.57 9976.75 10044.6 10123.5 10210.7 10315.7 10425.9 10535.8 10644.6 10763.2 10855.7 10932.2 10988.5 11021.3 11035.1 11031.6 11021.4 11007.9 10986.7 10966.6 10939.9 10919.3 10897.4 10881 10866.8 10848.8 10829.9 10821.7
11031.4 11112.1 11150.3 11087 10980.9 10853.1 10712.2 10566.6 10415.7 10254.4 10106.2 10079 10068.1 10032.7 9997.34 9958.8 9924.15 9877.52 9847.26 9833.49 9838.47 9856.13 9874.36 9893.2 9908.04 9919.74 9928.48 9933.39 9930.76 9919.94 9899.19 9865.55 9816.92 9768.55 9752.13 9752.55 9761.11 9780.49 9817.31 9872.2 9941.35 10021.7 10104.9 10189.1 10282 10382.2 10485.1 10604 10704.4 10795.3 10877.4 10943.3 10969.9 10985.9 10990.1 10982.6 10975.7 10959.3 10938.5 10922.1 10903.7 10886.8 10871.9 10854.4 10844 10833.5 10827.8
11054.2 11122.4 11146.4 11070.7 10951.4 10810 10657 10511.6 10368.2 10224.1 10128.8 10086.3 10060.7 10034.8 10001 9967.67 9930.86 9880.71 9853.26 9840.47 9840.19 9854.02 9869.84 9886.92 9905.18 9921.01 9933.73 9944.58 9949.24 9946.67 9932.15 9902.03 9853.61 9795.25 9765.16 9746.95 9735.27 9734.9 9767.43 9827.86 9903.94 9996.83 10092.9 10161.8 10244.7 10338.1 10435.2 10551.6 10648.3 10736.3 10814.5 10875.2 10912.6 10935.2 10948.6 10948 10939 10931.9 10915.2 10902.9 10888.3 10875.9 10862.7 10849.6 10843.3 10838.5 10835.9
11102.8 11162.4 11159.6 11059.3 10925.1 10772.7 10613.3 10469.1 10330.8 10203.2 10138.4 10095.1 10063.9 10031.3 10000.1 9972.46 9932.47 9882.45 9848.26 9837.81 9842 9855.11 9871.68 9891.62 9910.71 9929.41 9946.22 9963.17 9976.06 9980.15 9975.76 9955.5 9907.44 9844.15 9795.38 9757.42 9727.82 9710.24 9732.21 9788.94 9859.36 9946.45 10045.2 10115.2 10201.4 10293.4 10388.2 10504.6 10597.1 10680.5 10753.9 10807.6 10856.5 10888.1 10907.9 10913.3 10910.8 10908.9 10893.7 10884 10873.8 10864.1 10855.1 10847.7 10844.5 10844.5 10845.3
