real_craters/C079-1000m.grd
DSAA
34 34
-16.36 16.36
-16.36 16.36
3199.1248014976 4708.8203350688
4127.14 4151.21 4165.7 4194.97 4234.23 4262.13 4240.93 4255.64 4247.46 4260.79 4253.16 4252.74 4263.34 4273 4303.38 4300.39 4297.68 4285.94 4270.42 4251.03 4233.96 4226.49 4239.98 4253.55 4223.6 4180.06 4165.08 4179.66 4193.76 4152.24 4147.94 4144.63 4139.04 4136.98 
4134.45 4155.46 4174.9 4194.77 4211.62 4211.64 4221.54 4217.07 4241.2 4237.18 4244.31 4250.18 4256.81 4275.7 4288.53 4274.22 4282.69 4288.87 4272.54 4243.61 4224.67 4222.32 4229.62 4235.16 4223.78 4200.09 4160.96 4183.26 4211.26 4152.43 4148.51 4146.2 4137.3 4137.32 
4150.85 4161.4 4176.64 4188.04 4197.54 4212.41 4210.99 4206.28 4214.81 4221.33 4229.62 4240.58 4247.58 4263.17 4265.06 4271.69 4275.32 4266.16 4259.33 4232.91 4230.85 4229.8 4232.78 4226.22 4219.84 4220.65 4175.01 4177.84 4216.8 4202.49 4150.56 4135.78 4137.34 4136.88 
4161.72 4176.27 4175.45 4181.96 4187.44 4186.28 4200.53 4192.87 4197.52 4208.39 4219.34 4229.81 4241.23 4254.82 4266.86 4272.41 4278.95 4267.76 4263.24 4241.88 4247.94 4262.12 4252.84 4235.8 4220.24 4216.57 4190.63 4165.59 4169.28 4225.37 4178.29 4137.04 4140.46 4136.79 
4133.96 4151.82 4168.09 4178.56 4187.19 4195.91 4201.78 4199.31 4190.16 4199.53 4212.82 4227 4242.65 4258.02 4283.91 4294.82 4315.21 4292.17 4268.67 4256.27 4262.19 4268.5 4264.48 4247.12 4226.96 4217.05 4195.84 4161.35 4155.92 4219.2 4188.46 4139.17 4140.95 4135.63 
4137.12 4151.09 4165.68 4178.49 4188.97 4197.79 4210.27 4198.37 4201.33 4202.92 4222.92 4240.15 4254.99 4263.51 4316.76 4394.95 4381.03 4363.01 4339.48 4289.76 4304.31 4304.2 4287.15 4267.35 4244.43 4232.58 4207.41 4175.81 4158.8 4192.17 4192.79 4141.75 4143.82 4134.79 
4146.31 4154.35 4166.13 4181.29 4194.35 4203.83 4210.31 4201.87 4220.53 4220.08 4239.2 4266.52 4294.41 4331.2 4467.87 4481.02 4453.89 4395.08 4381 4417.52 4398.65 4406.17 4383.6 4333.64 4272.84 4251.1 4217.99 4203.29 4173.89 4178.01 4156.33 4135.83 4137.65 4136.44 
4132.91 4149.45 4165.57 4181.23 4197.72 4213.02 4214.11 4214.96 4227.04 4239.46 4263.3 4296.97 4343.01 4434.36 4493.15 4490.51 4535.17 4518.81 4516.85 4495.57 4450.34 4385.04 4463.73 4407.74 4364.32 4293.89 4242.19 4224.47 4207.13 4169.71 4167.21 4146.8 4138.41 4141.69 
4136.42 4154.45 4172.03 4188.2 4201.34 4217.12 4230.37 4215.98 4225.4 4245.99 4299.03 4309.93 4303.81 4353.38 4407.21 4323.12 4095.08 4109.05 4173.26 4274.29 4435.52 4416.04 4381.71 4409.1 4402.91 4325.73 4272.52 4239.76 4232.65 4201.87 4181.79 4156.66 4145.66 4160.55 
4146.29 4163.42 4179.77 4195.51 4208.63 4215.59 4225.83 4223.51 4266.38 4400.31 4391.73 4313.07 4203.12 4054.2 3835.96 3771.74 3797.43 3705.41 3758.78 3825.55 4024.39 4321.71 4447.47 4390.35 4303.68 4313.05 4290.55 4281 4253.44 4221.72 4199.39 4177.47 4153.76 4173.02 
4173.26 4175.52 4184.98 4198.51 4211.19 4227.25 4222.98 4229.21 4268.39 4500.29 4446.26 4271.21 4071.75 3839.42 3631.3 3658.62 3745.09 3609.81 3588.84 3618.53 3733.39 3889.73 4088.79 4308.62 4383.83 4298.4 4329.64 4328.65 4282.64 4223.9 4191.16 4171.95 4143.36 4141.65 
4178.17 4181.97 4188.53 4198.95 4213.75 4234.91 4272.49 4271.26 4437.12 4529.48 4408.56 4184.58 3952.33 3722.62 3540.59 3532.59 3521.78 3516.18 3488.37 3480.48 3532.59 3645.18 3771.31 4021.73 4300.04 4408.81 4401.28 4361.72 4304.01 4240.16 4202.44 4182.44 4141.65 4155.71 
4183.23 4182.87 4190.35 4199.06 4214.43 4231.15 4277.4 4313.54 4498.98 4415.52 4252.06 4049.16 3837.69 3641.67 3476.02 3422.06 3394.3 3389.34 3386.3 3352.26 3336.2 3450.85 3642.52 3813.34 4010.19 4375.65 4401.51 4376.43 4327.93 4255.46 4216.14 4198.17 4159.13 4160.27 
4179.42 4183.56 4189.16 4193.79 4209.43 4239.33 4295.05 4355.31 4415.74 4310.52 4093.56 3889.8 3725.21 3582.44 3452.54 3399.17 3380.01 3357.7 3340.33 3292.14 3234.55 3286.47 3462.02 3676.06 3817.21 4141.24 4332.06 4392.48 4336.13 4254.61 4226.72 4209.3 4172.19 4178.5 
4183.53 4185.64 4188.08 4190.56 4199.44 4221.1 4278.01 4411.05 4475.17 4244.98 3891.22 3731.09 3616.04 3516.97 3430.99 3394.99 3366.54 3359.19 3353.62 3308.06 3246.79 3199.12 3242.75 3552.25 3823.39 3928.24 4270.18 4314.74 4327.12 4280.19 4244.63 4225.99 4184.26 4185.01 
4177.91 4187.51 4193.11 4198.9 4201.01 4221.94 4312.63 4380.28 4579.64 4274.35 3771.97 3627.79 3547.73 3478.4 3423.17 3414.07 3440.4 3455.59 3412.37 3352.25 3265.91 3207.32 3228.2 3422.45 3811.45 3894.45 4180.73 4344.71 4290.76 4279.31 4234.57 4214.27 4179.26 4183.17 
4177.84 4188.47 4196.47 4205.51 4219.5 4234.35 4286.58 4432.35 4486.86 4212.15 3750.3 3601.06 3526.36 3474.01 3441.25 3454.56 3491.39 3482.94 3465.53 3422.43 3350.62 3301.11 3313.7 3505.75 3774.07 3902.3 4261.69 4419.07 4304.31 4258.61 4220.66 4202.09 4184.73 4181.84 
4167.48 4180.35 4191.97 4209.17 4236.66 4256.92 4275.67 4393.74 4392.78 4177.36 3856.39 3637.69 3540.97 3491.03 3472.48 3512.76 3492.65 3526.97 3473.46 3416.93 3352.69 3306.05 3312.91 3461.6 3599.18 3863.69 4312.59 4484.19 4308.82 4253.08 4223.05 4201.6 4188.26 4178.55 
4159.45 4172.82 4186 4206.63 4230.14 4256.74 4294.16 4375.63 4403.1 4257.52 3873.32 3665.98 3573.25 3512.68 3470.35 3451.64 3439.53 3460.84 3411.5 3329.21 3307.39 3302.5 3378.82 3514 3573.3 3957.9 4434.47 4485.86 4294.85 4270 4253.4 4213.34 4192.45 4184.08 
4152.32 4145.91 4175.78 4197.54 4224.53 4275.41 4297.13 4398.25 4458.43 4345.99 3977.44 3734.99 3628.53 3538.42 3445.5 3375.74 3370.76 3371.34 3364.41 3353.28 3317.02 3315.75 3485.97 3550.31 3649.37 4185.18 4525.33 4449.79 4319.73 4268.94 4230.55 4201.69 4191.56 4178.88 
4160.61 4170.93 4173.14 4181.36 4203.99 4266.22 4287.28 4429.05 4528.43 4495.14 4165.66 3883.08 3747.4 3611.23 3469.79 3381.52 3371.44 3379.79 3386.75 3404.56 3354.51 3395.67 3536.48 3587.27 3801.4 4390.25 4551.76 4405.7 4295.37 4241.7 4207.78 4191.98 4185.67 4179.98 
4165.25 4170.66 4168.42 4164.39 4165.4 4190.48 4245.99 4335.68 4489.23 4708.82 4432.94 4141.39 3972.81 3769.22 3566.58 3421.57 3409.64 3396.17 3420.69 3461.59 3587.62 3592.26 3635.33 3718.45 4038.21 4486.59 4408.49 4340.23 4235.89 4221.23 4202.86 4190.59 4181.43 4177.32 
4159.36 4161.54 4158.25 4154.01 4156.78 4185.27 4227.45 4251.75 4371.85 4598.32 4608.8 4500.65 4247.1 3983.58 3717.77 3578.73 3497.08 3497.35 3508.17 3595.27 3689.67 3691.56 3850.89 4084.48 4370.54 4454.81 4363.35 4313.79 4244.2 4219.12 4210.27 4191.48 4177.26 4167.47 
4154.83 4148.88 4146.21 4148.37 4156.35 4180.79 4211.62 4234.78 4315.58 4465.05 4616.85 4693.52 4439.18 4206.16 3961 3721.52 3588.72 3525.47 3570.06 3681.84 3761.85 3966.59 4281.19 4549.76 4499.34 4345.89 4291.07 4264.2 4241.59 4213.79 4207.18 4188.66 4173.13 4164.57 
4160.98 4147.25 4141.68 4145.19 4158.66 4185.07 4200.93 4230.49 4291.65 4372.65 4472.97 4531.17 4446.84 4374.93 4353.2 4167.44 3970.22 3760.22 3717.68 3847.6 3965.99 4295.34 4589.51 4527.23 4409.7 4261.15 4256.46 4254.06 4234.29 4215.92 4203.01 4182.66 4168.8 4161.64 
4168.26 4149.26 4140.5 4144.62 4174.82 4194.5 4196.66 4211.01 4250.86 4323.57 4368.55 4331.14 4360.65 4392.56 4413.59 4514.01 4472.59 4300.48 4256.65 4300.54 4414.47 4438.06 4411.99 4362.66 4309.93 4243.4 4244.1 4244.08 4230.67 4218.09 4199.62 4186.9 4172.66 4160.21 
4169.77 4147.69 4131.6 4140.37 4153.1 4169.64 4174.56 4175.13 4189.64 4256.24 4314.03 4303.38 4331.8 4346.6 4367.04 4375.03 4400.48 4446.35 4459.2 4432.89 4412.95 4398.62 4369.86 4324.21 4265.21 4233.12 4239.18 4240.5 4227.18 4219.15 4203.66 4191.22 4178.79 4169.27 
4169.44 4148.94 4131.76 4135.53 4141.38 4148.54 4152.18 4147.1 4147.49 4199.38 4283.07 4325.23 4339.64 4326.85 4313.28 4322.28 4279.88 4294.18 4306.78 4337.78 4334.92 4308.69 4278.55 4289.19 4268.3 4246.53 4236.62 4222.6 4216.04 4206.35 4203.26 4191.28 4181.99 4176.62 
4165.52 4154.33 4150.17 4149.2 4146.56 4142.64 4144.86 4137.9 4131.79 4158.05 4195.52 4276.86 4318.07 4315.45 4302.84 4250.74 4237.15 4232.25 4238.13 4250.08 4279.76 4275.32 4273.11 4276.07 4237.82 4232.92 4231.76 4214.06 4202.99 4199.09 4193.73 4189.32 4180.85 4171.69 
4164.74 4157.1 4159.5 4172.5 4169.54 4159.3 4151.35 4142.86 4140.88 4150.15 4163.77 4216.77 4250.79 4264.3 4261.63 4219.63 4211.39 4201.5 4226.61 4216.91 4229.85 4242.85 4263.82 4255.9 4229.82 4226.38 4218.03 4204.7 4193.47 4185.68 4188.91 4190.9 4188.55 4187.3 
4147.47 4146.82 4146.9 4175.42 4168.45 4169.19 4157.59 4144.63 4137.51 4139.64 4157.63 4176.66 4191.71 4209.54 4212.16 4205.03 4198.74 4200.32 4200.25 4203.72 4205.66 4199.82 4228.75 4222.3 4212.83 4201.44 4205.05 4192.58 4183.44 4186.47 4191.95 4199.6 4209.2 4211.55 
4116.19 4129.56 4150.72 4177.3 4191.16 4181.94 4157.96 4142.49 4133.41 4136.39 4150.07 4156.64 4162.67 4173.26 4191.09 4200.36 4199.76 4198.74 4194.94 4191.7 4199.28 4199.94 4191.68 4199.37 4195.58 4199 4189.5 4196.1 4184.01 4174.75 4181.75 4204.24 4219.61 4205.71 
4096.94 4111.06 4124.25 4129.77 4143.29 4152.59 4141.3 4131.38 4126.91 4127.8 4131.22 4138.31 4143.08 4157.62 4180.36 4193.44 4198.66 4205.54 4201.74 4208.17 4206.13 4215.8 4190.67 4189.94 4193.79 4178.82 4179 4181.82 4189.32 4178.01 4180.98 4207.03 4224.84 4199.4 
4088.62 4092.93 4089.19 4079.23 4075.64 4097.55 4114.32 4120.2 4120.39 4117.02 4124.17 4129.02 4144.85 4149.12 4180.22 4193.37 4198.48 4201.99 4203.99 4203.5 4205.46 4218.68 4191.62 4182.31 4178.2 4168.53 4155.97 4172.43 4175.26 4187.76 4193.04 4213.4 4215.82 4190.79 
