real_craters/C079-500m.grd
DSAA
116 116
-28.63 28.63
-28.63 28.63
9682.8244831332 11328.655857416
[rows 0 to 29 of 116, columns 0 to 66 of 116]
9844.89 9840.55 9848.01 9859.78 9875.44 9887.98 9892.78 9895.28 9895.06 9892.07 9887.7 9882.44 9875.65 9868.47 9860.82 9853.74 9851.16 9856.04 9865.28 9874.63 9882.36 9897.59 9918.31 9940.3 9960 9978.68 9995.68 10012.3 10029.9 10055.2 10082.3 10111.9 10174.6 10275 10385.2 10487.8 10593 10699.4 10814.8 10935.9 11013.9 11038.1 11049.2 11048.5 11040.1 11026.1 11010.2 10998 10992.8 10982.7 10975.5 10973.2 10978.9 10999.8 11015.1 11021.9 11023.3 11022.8 11015.4 11001.4 10988.2 10976.6 10966.7 10957.2 10947.5 10938 10931.1
9866.97 9866.18 9875.14 9894.08 9907.94 9918.81 9920.48 9921.05 9920.29 9921.2 9915.13 9909.33 9900.57 9891.2 9881.54 9871.56 9865.98 9870.3 9882.24 9893.33 9903.92 9924.26 9952.31 9980.5 10008.3 10031.5 10056.2 10082 10112 10153.2 10181.8 10218.7 10283.3 10375.8 10471.6 10577 10675.5 10777 10884.9 10990 11055.2 11062.6 11051.2 11039.4 11031.6 11016.2 10996.5 10977.9 10964.9 10962.3 10961.9 10966 10975.8 10999.4 11018.4 11029.7 11035.6 11035.9 11029.2 11013.1 10996.1 10981.7 10969.7 10959.1 10949.5 10939.2 10928.5
9910.89 9912.15 9919.77 9930.39 9942.64 9948.19 9950.41 9956.48 9955.1 9950.81 9947.8 9938.25 9929.62 9917.97 9905.9 9893.55 9884.9 9888.2 9903.02 9917.63 9933.92 9959.9 9993.31 10027.5 10060.5 10092.5 10123.9 10153.1 10187.4 10223.3 10276.2 10347.6 10410.3 10482 10590.3 10654.5 10742.9 10834.1 10923.9 11005.5 11057.2 11065 11053.8 11037.4 11027.7 11010 10986.8 10960.9 10942.3 10945.4 10950.5 10958 10971.5 10997.3 11014.6 11026.4 11034.8 11035.1 11029.5 11013.8 10997.1 10982 10969.1 10957.9 10947.4 10934.2 10919.4
9985.28 9973.62 9968.8 9982.61 9992 9997.39 10001.5 10001.4 9997.1 9992.95 9987.06 9983.02 9970.09 9951.71 9936.99 9921.33 9916.36 9923.68 9933.27 9948.32 9967.73 10002.7 10042.5 10083.8 10119.5 10157.8 10195.5 10231.4 10268.8 10313 10356.6 10416.5 10486.4 10551.4 10613.8 10709.9 10798.4 10877.1 10948.2 11005.3 11040.5 11056.5 11052.3 11040.2 11029.4 11008.5 10983 10956.2 10939.1 10940.3 10944.3 10949.8 10963.9 10986.8 11005.3 11017.1 11021.8 11025.8 11018.9 11005.8 10990.5 10976.4 10964.1 10952.7 10942.4 10928.1 10910.1
10087.7 10060.5 10046.4 10056.4 10054.3 10051.9 10051.2 10047.4 10044.5 10038.4 10027.8 10015.5 10001 9989.43 9971.34 9951.14 9943.24 9948.51 9964.39 9984.43 10005.9 10053.2 10099.3 10145.4 10189.1 10234.7 10276.3 10315.7 10351.1 10386.8 10416.2 10448.3 10544.2 10630 10699.8 10781.1 10853.4 10911.5 10962.2 11002.8 11031 11041.4 11046.2 11053.4 11032.5 11010.1 10988.4 10965.3 10950.7 10948.5 10946.9 10943.9 10951.9 10977.3 10998.2 11009.3 11015 11011.3 11003.5 10992.5 10980.9 10968.6 10956.7 10944.6 10933.3 10919.8 10907
10188 10184.4 10192.9 10142.7 10120.2 10110.8 10106.1 10106 10101.9 10094.4 10083.2 10070.5 10054 10037.9 10014.4 9978.14 9962.78 9963.58 9998.31 10042.2 10085 10122.7 10163.6 10211.5 10264.3 10313.3 10363.1 10405.8 10441.5 10459.9 10489.9 10554.9 10646 10733.8 10810.2 10868.7 10908.5 10940.8 10970 10991.7 11007.2 11015.9 11021.6 11021.8 11016.8 11008.9 10999.7 10987.2 10976.2 10967.4 10958 10946 10950.4 10968.7 10986 10996.3 11003.5 10994.8 10984.4 10976.2 10967.6 10957.3 10946.6 10936 10923.8 10908.8 10892.2
10268.9 10250.4 10229 10190.5 10174.2 10170.3 10169.5 10167.2 10162.6 10155.4 10144.7 10131.2 10108 10090.8 10064.6 10023.3 9994.28 9985.25 10036.4 10100.9 10175.9 10194.2 10236.8 10290.7 10349.3 10403 10460 10511.5 10556.2 10592 10636.4 10703.5 10775.8 10845.9 10918.5 10957.9 10956.3 10959.6 10967.6 10976.6 10976.3 10984.5 10989.7 10988.8 10994.9 11004.5 11013.2 11012.8 11005.5 10991.9 10975.9 10956.9 10941.8 10946.4 10956.5 10978.2 10989.6 10975.8 10967.3 10963.2 10956.5 10948.4 10939.4 10929.5 10916.8 10903.9 10899.1
10343.2 10282.2 10215.8 10215.1 10231.3 10236.9 10237.2 10237.8 10235.6 10227.9 10209 10194.6 10177.3 10148.4 10122.5 10092.6 10065 10050.5 10083.6 10118.9 10179.3 10242.4 10308.9 10374.2 10442.2 10505 10567.5 10630.2 10693.9 10757.4 10819.3 10877.8 10906.5 10936.1 10974.7 10990.9 10975.7 10966 10962.3 10961.8 10960 10963.5 10962.7 10962.6 10974.5 10999.2 11026.6 11049.5 11035 11012.5 10995.7 10977.8 10936.8 10933.5 10945 10962.4 10977.7 10971.5 10960.1 10953 10946.9 10940.9 10933.4 10926.1 10916.6 10902.5 10949.9
10414.7 10346.7 10275 10282.1 10303.2 10312 10309 10303.8 10301.1 10292.3 10280.8 10262.1 10242 10212.6 10201 10171.6 10156.1 10161.7 10142.1 10136.1 10193.1 10296 10381.6 10460.2 10529.1 10595.6 10663.4 10736.3 10821.5 10921.7 11037.8 11043 11003.7 10989.1 10981.2 10972 10967.3 10957.7 10949.2 10944.4 10942.6 10941.9 10938.4 10941 10955.3 10987.2 11023.9 11057.4 11040.5 11015.8 10999.2 10993.9 10958.2 10936.8 10939.4 10951.1 10960.5 10949.4 10948.6 10943.9 10939 10934 10929.5 10926.4 10927.6 10941.7 10931.5
10505.3 10457.1 10414.2 10402 10409.3 10402.7 10396.1 10385.7 10370.9 10359.6 10347.3 10334.7 10319 10304.7 10281.8 10258.2 10227.3 10200.7 10206.8 10220.8 10288 10391.4 10478.5 10550 10615.3 10679.4 10746.9 10819.1 10903.6 11003.8 11086.9 11076.3 11041.4 11008.1 10980.6 10957.8 10948.8 10939.6 10931.1 10922.6 10913 10910 10914.9 10923.5 10940.1 10966.9 10996.5 11020.5 11013.3 10996.4 10978.9 10962.1 10957.4 10937.7 10933.7 10940.4 10945.3 10943.6 10939.1 10934.3 10930.7 10927.2 10925.3 10923.7 10925.1 10927.9 10901.3
10627.5 10587 10554.9 10539 10527.1 10500.5 10478.1 10459.8 10444.5 10426.4 10413.6 10400.3 10390.8 10380.2 10376.3 10363.6 10341.7 10334 10362.3 10406.7 10466.6 10533.5 10594.5 10648.6 10701.3 10752.2 10811 10880.3 10949.6 11017.7 11051.6 11056.6 11034.5 11003.8 10972.4 10946.9 10932 10920.8 10911.2 10900 10891.2 10886.7 10894.3 10907.2 10923.7 10943.6 10959.1 10966.1 10974.3 10967.4 10955.3 10947.2 10947.7 10945.3 10938.1 10934.3 10931.3 10927.7 10926.6 10922.8 10921.4 10919.5 10919.8 10919.3 10916 10906.6 10898.7
10732.3 10700.6 10702.7 10692.3 10637 10589.5 10558.3 10532.5 10516.6 10502.3 10492.1 10489.2 10484.4 10482.4 10486.6 10489.4 10499.9 10524.9 10582.7 10653.1 10680.8 10696.7 10719.9 10749 10785.8 10828.5 10873 10922.1 10971.9 11020.4 11049.7 11034.6 11013.1 10987.1 10958.5 10931.2 10918.8 10908.4 10897.5 10885.8 10873.6 10866.6 10877.8 10893.5 10909.5 10925.9 10936.7 10942 10945 10939.8 10931.6 10934.4 10949 10948.3 10944.8 10933.1 10925.7 10910.6 10910.8 10910.4 10914.8 10917.2 10917.8 10918.7 10915.2 10911.8 10903.1
10757.9 10745.7 10761.6 10755.1 10702.5 10654.4 10625.4 10599.3 10582.2 10571.3 10566 10571.4 10575.6 10583.3 10601.3 10617.7 10643.5 10703.7 10791.4 10889 10875.9 10846.6 10837.8 10844.9 10862.8 10891 10919.8 10948.8 10979.7 11008.2 11023.6 11001.9 10983.4 10965 10945.2 10926.1 10913.5 10900.3 10888.1 10876.1 10865.2 10858.3 10869.1 10885.1 10902.9 10914.5 10924.4 10928.3 10925.3 10919.7 10911.1 10913.4 10928.1 10945 10954.1 10961.3 10945.7 10904.5 10900 10906.8 10911.3 10913.6 10915.2 10916 10914.4 10908.2 10899.2
10723.4 10732.4 10743.8 10738.4 10721.9 10696.6 10675.1 10655.8 10643.7 10635.5 10634.9 10640.8 10654.1 10677.6 10709.4 10750.4 10787.9 10856.9 10954.4 11048.4 10996.2 10949.9 10929.8 10923 10928 10937.7 10953.7 10969.4 10979.6 10982.8 10969.3 10962.8 10955.5 10945.2 10933.5 10925.2 10911.4 10894.5 10880.8 10870 10861.3 10860.3 10866 10878.4 10894.4 10903.9 10909.5 10913.4 10911.4 10905.9 10903.2 10900.5 10903.8 10913.1 10953.8 10996.1 10968.6 10930.5 10906.2 10910 10911.2 10909.7 10909.5 10910.3 10913.6 10913.4 10904.9
10716.8 10718.7 10729.6 10732.3 10736.1 10726.2 10710.8 10697.4 10686.6 10680.7 10689.3 10698.4 10716.7 10750.5 10797.7 10870.5 10925.4 10947 10985.3 11032.9 11027.1 11000.7 10978.2 10965.5 10958.2 10958.6 10966 10972.1 10977 10972.1 10955 10943.2 10937.9 10930.4 10922 10913.5 10901.4 10886.9 10875.6 10865.8 10857.9 10856.2 10859.3 10871.8 10886.2 10895.5 10897.5 10903.9 10905.2 10897.3 10883.5 10883.2 10890.7 10904.5 10930.6 10953.7 10952.2 10942.7 10928.3 10919.2 10908.8 10903.4 10901.4 10902.4 10906.4 10911.2 10907.6
10717 10715.9 10731.4 10750.2 10754.9 10751.1 10742.4 10733.2 10728 10724.7 10731.9 10743.1 10767 10798.5 10845.7 10904.5 10948.6 10972.1 10994.8 11021.5 11023.8 11015.5 11001.6 10991.9 10980.3 10980.8 10983.4 10983.6 10984.2 10978.8 10960.5 10937.8 10929.7 10921.3 10911.4 10898.3 10886.8 10880.7 10874.3 10866 10856.1 10843.8 10849.6 10870.3 10884.5 10897.3 10912.2 10913.7 10910.6 10902.4 10886.4 10870.8 10878.1 10886.9 10892.9 10901 10907.5 10928.5 10948.2 10921.5 10898.4 10890.1 10890.7 10895 10899.3 10911.1 10903
10713.8 10714.6 10740.2 10762.9 10776.2 10775.6 10771.1 10766.5 10762.1 10764.1 10768.4 10781.9 10799.8 10827.6 10856.7 10887.7 10924.8 10959.7 10980.3 10999.3 11009.2 11007.9 11004.8 11002.1 10991.1 10991.9 10993.6 10994.9 10992 10989.6 10970.7 10943.8 10929.7 10918.6 10906.6 10892.5 10880.1 10879.8 10877.3 10873 10865.5 10854.6 10860.3 10886.5 10903.6 10918.6 10932.6 10925.7 10919 10915.7 10912 10897.2 10876.3 10869.5 10867.7 10869.3 10874.6 10898.2 10943.6 10886.7 10869.9 10871.8 10879.8 10889.9 10897.8 10904.7 10907.3
10710.8 10714.7 10747.1 10783.8 10797.9 10795.1 10792.6 10794.7 10793.7 10796.1 10800.2 10808.4 10820.9 10838.2 10857.5 10877.5 10902.5 10933.6 10954.4 10970.5 10984.7 10993.5 10999 10993.1 10996.1 10999.1 11001.8 11003.6 10999.6 10989.7 10972 10949.1 10933.2 10920.3 10909.7 10900.1 10890.4 10890.2 10885.9 10883.8 10885.8 10893.3 10907.8 10917.7 10931.4 10945.8 10936.3 10925.5 10919.5 10918.2 10918.3 10903 10892 10876.9 10863.5 10867.2 10882.8 10848.5 10801.2 10803 10826.5 10849 10868.9 10885.5 10899.1 10901.2 10907.3
10709.6 10717.3 10747 10778.6 10795 10800.5 10802.4 10803.2 10805.5 10807.1 10811.4 10818.6 10826.7 10838.4 10853.2 10865.1 10884.7 10905.3 10911.7 10935.7 10956.8 10969.9 10980.8 10990.1 10997.1 11002.6 11006.9 11006.9 11007.8 11001.6 10982 10957.5 10938.7 10923.8 10913 10910.3 10918 10900.8 10892.2 10892.4 10901.9 10923.9 10951.1 10934.8 10934.5 10935.5 10919.9 10912.5 10909.3 10908.6 10905.5 10901.5 10899.8 10886 10861.7 10856.7 10868.9 10809.5 10725.3 10744 10799.2 10836.3 10860.9 10881.3 10893 10890.1 10894.3
10709.4 10719.5 10740.5 10761.9 10780.7 10795.9 10803.4 10806.6 10808.9 10811.3 10814.7 10818.4 10825.1 10832.1 10841.7 10853.4 10868.1 10884.7 10893.5 10915.1 10934.3 10950.1 10963.2 10974.7 10985 10993.9 11001.3 11007.5 11011.3 11014.7 10991.3 10967.8 10943.2 10921.3 10908.6 10902.5 10899 10890.8 10887.8 10892.2 10902.4 10914.6 10913.4 10923.3 10919.8 10905.5 10891.4 10891.7 10892 10891.1 10889 10886.1 10896.8 10891.7 10880.2 10848.5 10847.9 10814.4 10759.6 10771.8 10814.8 10840.7 10858.9 10874.9 10890.2 10883.4 10877.7
10706.3 10713.3 10734.3 10759.4 10781.7 10795.1 10799.5 10802.4 10802.5 10806.2 10810.4 10811.1 10814.8 10817.9 10824.2 10836.4 10850.4 10866.9 10883.9 10899.2 10919.4 10937 10952.3 10966 10978.2 10989.1 10997.5 11004.4 11007.2 11001.4 10983.7 10958.1 10932.9 10912 10896.9 10884.4 10873.2 10868.7 10874.1 10882.9 10894.5 10906.3 10917.3 10914 10904.5 10893.4 10873.9 10874.1 10875.3 10868.9 10865.9 10871.4 10885 10888.1 10882.4 10865.9 10861.6 10860.6 10869.8 10879 10861.7 10856.9 10857.6 10858.5 10859 10859.5 10856.8
10707 10704.8 10732.8 10767.8 10791.1 10802.2 10799.4 10796.8 10797.6 10796.7 10799.5 10798.8 10798.7 10801 10803.8 10814.4 10831.4 10847.4 10864.8 10894.1 10907.2 10925.2 10942.2 10957.4 10970.3 10981.7 10991.3 10998 11000.5 10994.6 10972.7 10941.3 10915 10901.4 10886.4 10870.5 10853.5 10851 10861 10872.5 10884.3 10897.2 10909.3 10901.1 10886.1 10869.5 10861.4 10862.3 10864.8 10865.1 10859.6 10860 10864.4 10877.2 10889.1 10890.7 10896.1 10902.3 10926.7 10930.4 10893 10870.1 10855.4 10844.4 10835.9 10837.8 10842
10721 10716.1 10745.4 10787.7 10826.6 10808.7 10791.5 10784.3 10782.2 10781.2 10781.6 10780.4 10781.1 10786.3 10788.7 10800.1 10818.1 10833 10847.9 10864.5 10893.6 10916.8 10935.7 10950.7 10962.8 10972.9 10982.6 10989.7 10994.7 10992.4 10964.3 10936.7 10913.5 10896.6 10880.5 10864.4 10851.4 10846.8 10850.5 10860.1 10871 10880.6 10885.6 10879.9 10867.1 10853.8 10854.4 10854 10853.5 10851.8 10855.5 10845.3 10841.5 10859.9 10877.9 10894 10905.8 10913.7 10920.3 10912.7 10896.1 10873 10851.7 10836.5 10830.2 10830.9 10836.8
10751.5 10762.1 10778.5 10788.2 10798.5 10775.3 10771.1 10770 10770.3 10768.5 10768.2 10767 10768.5 10773.3 10780.8 10792.6 10810.5 10828.1 10846.3 10866.7 10891.6 10915.8 10932.6 10945.8 10955.1 10963.5 10971.9 10977 10977.7 10972.6 10957.4 10936.4 10915.8 10898.2 10881.2 10862.7 10846.9 10837.4 10838.3 10846.6 10855.9 10862.7 10865 10859.5 10852 10849.2 10853.4 10845.7 10838.6 10831.3 10829.3 10823.5 10826.2 10845.6 10868.3 10891.6 10903.4 10909.3 10912 10908.5 10893.3 10872.8 10848.6 10824.6 10821.2 10828.5 10834.7
10781 10813.5 10816.7 10775 10716.8 10725.3 10747.9 10754.8 10756.9 10756.9 10756.3 10757.1 10758.1 10761.1 10764.6 10785 10807.4 10830.5 10854.4 10875.1 10901.6 10921.4 10933.6 10941.9 10948.6 10955.5 10961.1 10966.6 10968.2 10964.1 10953.8 10937.3 10914.2 10904.5 10888.3 10865.5 10840.5 10822.1 10826.1 10836.2 10844.9 10849.4 10849.3 10845.7 10841 10834.9 10843.3 10836.1 10823 10812.1 10804.4 10811.1 10821 10838.9 10863.9 10881 10893 10900.5 10903.2 10898.3 10890 10875.9 10856.9 10825.2 10820.2 10835.4 10834.9
10788.7 10818.2 10820.9 10778.7 10732.9 10732.6 10745 10747.2 10746.4 10744.8 10745 10746.4 10748.2 10754.4 10765.5 10783.2 10807 10837.5 10868.4 10904.3 10925.6 10928.6 10931.5 10935.6 10938.8 10943.6 10948.6 10954.8 10966.9 10964.1 10954.8 10946.7 10935.1 10924.2 10904.2 10876.7 10845.1 10819.1 10823 10831.2 10837.5 10840.4 10841.1 10840.3 10835.4 10834.2 10837.4 10827.3 10816.8 10806.6 10801.9 10810.3 10818.6 10831.2 10850.2 10866.1 10881 10890.4 10893.2 10890.8 10886.9 10882.8 10879.8 10888.6 10882.6 10859.2 10843.4
10773.8 10788.5 10789.4 10782 10787.8 10784.5 10756 10742.4 10735 10732.6 10733.2 10733 10738.3 10749.7 10766.9 10781.4 10802 10829.2 10865.9 10907.3 10930.4 10926.8 10925.1 10925.5 10925.9 10927.9 10930 10934 10939.6 10948 10953.1 10960.5 10966.5 10954.2 10926.9 10896.1 10864 10830.2 10836.3 10838.3 10837.8 10836.5 10833.2 10830.1 10833.4 10833.2 10825.6 10820.9 10813.8 10811.1 10803 10806.4 10814.3 10821.1 10840.1 10855.8 10871.6 10881.5 10885.5 10885.7 10886.2 10886.3 10890.7 10900.2 10893.8 10873.4 10852
10750.6 10754.6 10753.5 10763.9 10779.6 10775.6 10747 10728.8 10720 10716.2 10716.9 10720.8 10727.5 10737.6 10753.5 10772.3 10793.7 10816.1 10851.2 10883.5 10901.9 10911.8 10914.8 10914.9 10913.9 10913.6 10912.8 10910 10910.6 10927 10945.3 10966.8 10987.6 10978.7 10945.8 10914.4 10891.5 10883.4 10866.8 10853 10843.9 10837 10830.5 10824.4 10833 10833 10822.3 10819.8 10820.9 10815.8 10806.2 10808.6 10815.1 10827.9 10843.8 10857.4 10867.7 10875.7 10881.2 10885.7 10884.6 10884.1 10884.6 10886.9 10887.5 10873.8 10857.4
10728.5 10730 10727.8 10732.8 10732.1 10724.3 10715.7 10707.9 10705.4 10706.2 10707.7 10711.1 10717.4 10727.8 10745.5 10768.9 10793.8 10811.5 10845.4 10868.5 10883 10898.4 10903.5 10904.7 10903.8 10902.2 10897.9 10892.2 10884.5 10909.1 10933.5 10957.2 10984 10980.2 10946.9 10921.3 10905.1 10894.4 10880.6 10862.7 10849.4 10840.5 10835.5 10836.6 10832.2 10827.5 10820.5 10821.1 10825 10823.3 10814.5 10810.3 10818.1 10832.9 10852.7 10860.3 10869.2 10875.7 10880.3 10881.7 10881.9 10880.2 10875.5 10876.7 10877.4 10870.8 10860
10707.4 10710.2 10711.8 10703.4 10688.9 10675.6 10678.2 10683.7 10690.2 10694.7 10699.4 10704 10708.5 10715.5 10737.2 10767.2 10801.3 10837.9 10849.6 10867.3 10881.2 10892.9 10896.4 10896.9 10895.4 10892.8 10888.4 10884.2 10886.7 10898.6 10915.4 10932.5 10945.9 10942.1 10926.7 10911.5 10900.4 10894.3 10881.3 10862.5 10850.3 10842.5 10838 10838.4 10838.8 10833.8 10825.6 10826.5 10829.3 10820.4 10817.6 10815.4 10824.4 10846.2 10866.6 10869.8 10872.8 10876.9 10881.3 10886.1 10888 10879.2 10868.3 10869.6 10873.7 10866.6 10858.1
