real_craters/C079-500m.grd
DSAA
116 116
-28.63 28.63
-28.63 28.63
9682.8244831332 11328.655857416
[rows 30 to 59 of 116, columns 0 to 66 of 116]
10688.3 10689.4 10687.6 10675.1 10655.4 10636.2 10650.2 10666.3 10678.3 10686.8 10695.5 10701.1 10706.1 10714.7 10736.5 10767 10797.8 10824.6 10848.2 10868 10889.2 10891.6 10891.8 10891.4 10889.6 10886.6 10882.9 10881.6 10883.1 10890.6 10900.4 10907 10905.5 10897.9 10897 10892.1 10884.2 10874.1 10862.6 10853.6 10845.8 10841.3 10836.7 10831.6 10838.8 10842 10837.9 10833.5 10832.9 10823.6 10826.4 10834.5 10834.5 10854.7 10869.5 10871.8 10873.1 10876.3 10880.3 10885.2 10888.5 10880 10869.6 10867.5 10866.7 10861.2 10853.2
10674 10671.1 10663.7 10654.4 10641.8 10632 10642.7 10658.7 10673.1 10685.5 10695.7 10704.4 10711.6 10718.7 10742.6 10769.9 10798.6 10822.9 10842.4 10859.7 10873.3 10881.1 10884 10886.5 10885.9 10883.9 10880.5 10876.8 10878.7 10884.3 10888.8 10888.9 10881.5 10869.6 10875.9 10874.2 10867.1 10855.7 10846 10843.3 10842 10840.6 10838.7 10838.8 10844.6 10849.2 10848.4 10839.2 10832.6 10826.4 10824.1 10830.8 10840 10852.9 10858.4 10865.4 10871.6 10875.3 10877.2 10877.3 10876.1 10881.7 10886.9 10871 10863.7 10858.2 10850.3
10661.3 10658.3 10653.9 10648.3 10640.8 10638.7 10646.7 10659.9 10673.8 10687.2 10699.7 10711.8 10723.2 10735.8 10753.9 10775 10800.5 10820.6 10834.1 10847 10856.2 10866.2 10874.4 10880 10883.7 10885.4 10883 10876.1 10876.5 10882.5 10883.3 10880.3 10875.7 10879.9 10867 10861.6 10854.7 10843.9 10832.4 10836.4 10839.2 10840.9 10841.4 10844.5 10851.5 10853.6 10855.5 10848.3 10839.8 10828.5 10821.7 10830.2 10849.2 10866.6 10861.1 10866.4 10872.4 10874.8 10875.2 10873.2 10870.6 10880.3 10892.1 10874.2 10863.8 10857.6 10849.7
10651.9 10649.2 10646 10643.5 10641.8 10646.4 10653.6 10663.4 10676.8 10692.1 10707.3 10722.4 10737.8 10753.1 10763.6 10776.6 10790.2 10807.7 10823.6 10835.7 10845.6 10856.5 10866.1 10874.8 10881.9 10887 10891.3 10894.5 10890 10886.5 10882.4 10877.3 10870.4 10859.8 10857.9 10855.3 10849.4 10840.8 10834.4 10836.7 10839.3 10840.4 10842.2 10844.8 10849.4 10853.2 10852.8 10842.1 10832.8 10833.2 10833.2 10839 10851.3 10862.3 10864.9 10875.5 10880.3 10880.9 10878.4 10874.6 10872 10875 10874.5 10863.6 10866.4 10861.6 10852.9
10644.9 10641.3 10638.3 10639 10639.1 10645.6 10655.1 10666.2 10680.6 10697.8 10716.2 10733.9 10750.6 10763.8 10771.8 10778.9 10787.1 10802 10816.1 10827.5 10836.4 10845.2 10859.9 10871.7 10880.3 10888 10895.8 10905.3 10898.7 10889.7 10882.3 10875.6 10868.9 10862.1 10859.8 10855.1 10849.3 10845.5 10844.8 10843.7 10842.9 10842.9 10844.4 10843.7 10848.6 10851.6 10850.5 10842.5 10837.7 10829.3 10839.7 10841.1 10853.2 10869.9 10895.9 10890.7 10888 10884.5 10879.8 10875.9 10875.1 10873.6 10877 10884.8 10875.5 10867.2 10858.9
10636.7 10632.7 10629.5 10631.1 10632.7 10641.6 10653.7 10667.5 10683.8 10701.5 10720.3 10742.5 10764 10776.6 10779.3 10780.7 10787.5 10801 10814.2 10825.5 10833.4 10843 10857.1 10870.7 10880.3 10888.1 10893 10894 10893.5 10888 10880.7 10874.4 10870.2 10868.5 10863 10855.5 10851 10849.3 10848.5 10849 10848.4 10848.6 10848.7 10848.9 10849.6 10851.6 10850.8 10851.5 10853.1 10837.7 10837.7 10833.7 10828.2 10864.1 10894.1 10902.1 10897 10889.6 10882.7 10876.7 10873.4 10874.1 10882.4 10891.8 10886.6 10877.5 10867.6
10629.5 10624.8 10620 10616.6 10624.7 10637.2 10652.3 10666.2 10683.7 10701.9 10722.3 10746 10773.3 10784.3 10785.5 10784 10787.3 10803.5 10818.9 10830.2 10838.9 10845.1 10860 10870.2 10879.3 10886.9 10892.2 10891.7 10889.6 10884.1 10876.7 10870.8 10867 10863.8 10859.9 10853.9 10850.1 10850.6 10856.3 10856.2 10854 10854.8 10856.7 10858.7 10857.7 10861.1 10856.8 10852.7 10843.2 10850 10853.3 10854.7 10829.9 10887.5 10921.3 10916.1 10908.7 10900.8 10890.8 10880.9 10872.5 10871 10888.6 10900.9 10895.7 10888.7 10879.5
10624.9 10620.9 10617 10614.2 10622 10633.4 10645.2 10663.9 10682.6 10700.3 10719.2 10739.8 10764.2 10781.4 10792 10796 10794.1 10815.5 10829.3 10840 10850.8 10864.7 10867.8 10871.2 10876.2 10883.1 10892.3 10897.4 10887.4 10879.3 10871.9 10866.3 10861.4 10859.4 10857.5 10848.7 10846.3 10847.9 10851.7 10854.1 10857 10861.1 10865.4 10869 10879.9 10880.9 10881.8 10875 10866.8 10878.6 10892.3 10900 10930.8 10919.3 10925.3 10927 10923.6 10915.7 10904.1 10888.8 10871.5 10860.5 10875.4 10896.4 10899.8 10897.3 10895
10623.5 10620.5 10619.5 10620.9 10628.2 10637.7 10648.3 10667.5 10685.3 10700.4 10714.6 10729 10745.4 10773.9 10801.1 10826.1 10840 10838.4 10841.5 10847.8 10858.3 10871.4 10870.1 10867.8 10870.3 10874.1 10879.1 10883 10878.2 10871.9 10866 10860.1 10854 10846 10837.8 10839 10840.5 10842.4 10844.9 10848.3 10858 10869.4 10878.1 10879.1 10889.6 10891.7 10886.5 10893.5 10894.9 10907.7 10920.4 10907.8 10894.1 10919 10934.8 10948.3 10955.2 10944.2 10932.1 10913.2 10890.4 10876.9 10904.2 10904.4 10906.3 10907.6 10909.6
10621.8 10622.2 10624.2 10630.9 10639.8 10650.4 10665.3 10680.5 10692.9 10704.6 10713.6 10721.8 10736.1 10770.3 10807 10845 10861.7 10852.9 10848.5 10849.4 10854.3 10859.4 10860.5 10859.2 10860.3 10860.8 10860.2 10862.1 10864.6 10863.6 10860.7 10855.7 10849 10838.6 10830.1 10835.4 10838.9 10840.5 10839.4 10841.6 10860.1 10879.3 10897.6 10915.8 10906.2 10896.8 10890.7 10879.8 10866.5 10906.2 10920.3 10916.6 10898.3 10906.5 10943.4 10967.7 10974.7 10978.5 10970 10950.4 10922.4 10890 10884.9 10908 10919.2 10922.3 10922.1
10620.5 10623.4 10628.2 10638 10649 10661.6 10682.6 10694.1 10704.8 10714.6 10720.8 10723.2 10733.9 10767.7 10804.3 10838.9 10853.8 10850 10846.2 10844.7 10844.6 10844.4 10845.7 10848.9 10849.9 10849.7 10846.3 10850.2 10855.3 10857.4 10857 10854.4 10849.4 10843.6 10838.3 10842.4 10845.5 10846.4 10845.7 10851.1 10867.2 10889.2 10912.2 10930.7 10924.4 10918.8 10905.2 10910.1 10941.4 10925.8 10927.1 10932.7 10966.8 10965.2 10981.5 10983 10977.7 10973.2 10981 10983.2 10974.7 10947.3 10921.4 10945.6 10953.9 10943.4 10929.2
10621.7 10625.7 10630.9 10636.9 10647.6 10668.6 10687.9 10704.4 10718.9 10727.4 10732 10738.3 10749 10766.3 10791.1 10828.9 10836.6 10834.6 10835 10834.5 10833.7 10830.3 10831.5 10836.8 10840.5 10843.4 10847.4 10848.5 10850.8 10853.1 10854.9 10855.3 10854.4 10853.9 10855.2 10857.1 10858.1 10858.4 10859.4 10862.6 10878.6 10895.8 10914 10928.3 10929.7 10925.9 10904.7 10912.6 10970.2 10962.7 10970.2 10965.9 11044.5 11105.7 11047.7 10993.4 10968.5 10961.1 10977.9 11017.3 11057.9 11051 11033.9 11030.2 11013.3 10986.6 10944.7
10623 10629.4 10636.2 10643.8 10657.4 10682.4 10704 10722.6 10736.5 10742.5 10746.9 10751.4 10758 10763.7 10765.6 10766.1 10792.3 10811.4 10820.1 10823.5 10823.2 10822.2 10824.4 10828.2 10833.5 10836.6 10845.1 10846.1 10847.8 10851.6 10854.7 10857.1 10860.3 10865.2 10871.1 10873.9 10872.1 10872.5 10877 10886.8 10893.3 10898.8 10905.9 10912.5 10914.4 10912.5 10914.7 10907.9 10957.7 11008.7 11048.2 11107.4 11161.3 11180.9 11037.8 10945.3 10906.7 10899.8 10937.8 11006.1 11124.5 11239.1 11194.8 11114.9 11070 11041.5 10999.5
10622.6 10631.9 10642.7 10655.6 10675.1 10700.9 10730.4 10754.7 10760 10761.2 10762.3 10765.3 10769.5 10770.6 10760.6 10730.3 10770.7 10798.6 10810.5 10814.3 10814.2 10813.2 10815.6 10817.6 10824 10829.6 10836 10840.3 10844.5 10848.4 10852.7 10858.1 10864.4 10872 10884.3 10887.5 10882.4 10883.7 10889.5 10899.9 10901.3 10900.1 10902.5 10914.7 10924.2 10925.6 10951.4 11004.4 11108.9 11122.4 11071.4 11080.3 11019.9 10950.4 10878.2 10820.9 10793.7 10800.4 10834.8 10905.3 11024.8 11141.5 11138.3 11106.7 11088 11090.1 11095.9
10624.3 10635.7 10649.5 10664.8 10682.3 10715.6 10751.5 10780.4 10778.4 10776.7 10775.9 10777.1 10783 10790.4 10799.4 10814.4 10800.6 10804.1 10808.4 10809.5 10808.6 10803.1 10795.5 10809.8 10818.4 10823.3 10827.5 10834.8 10841.1 10846.9 10851.9 10857.2 10864.3 10872.4 10878.9 10881.7 10885.7 10889.2 10895.3 10903.3 10906.2 10902.4 10905.2 10938.1 10978.6 10977.8 11032.2 11105.5 11183.7 11120.8 10944.1 10807.2 10702.6 10646.8 10646.5 10643.3 10643.2 10655.9 10685 10728.8 10782.7 10865.3 10993.6 11005.7 11035.4 11097.9 11182.7
10623.1 10637.5 10654.7 10674.9 10699.2 10728.2 10755.3 10775.7 10785.5 10788.3 10787 10788 10796.4 10808.5 10824.8 10838 10823.7 10814.3 10810.2 10809 10808.2 10806.3 10808.2 10813.3 10817.6 10821 10823.8 10831.7 10838.8 10844.6 10851.6 10858.3 10865.4 10872.4 10879.1 10887.4 10887.1 10890 10896.5 10906.5 10911.7 10910.1 10915.7 10985.4 11079.7 11181.5 11194.2 11174.2 11071.9 10881.9 10697.9 10521.2 10409.9 10384.7 10419.6 10447.8 10471.3 10489.8 10501.7 10517.1 10524.8 10570.1 10723.8 10817.7 10901.4 11011.8 11173.1
10621.2 10638 10657.2 10681.3 10712.5 10735.9 10754.7 10774.4 10788.4 10799.3 10803.2 10801.7 10809.1 10817.3 10827.4 10832.4 10825.5 10817.9 10813.1 10810.8 10810.7 10813 10820.4 10820.2 10821.3 10825.2 10829.3 10833.3 10839.1 10845.5 10852.6 10858.1 10864.1 10870.2 10877.3 10883.7 10883.5 10885.8 10891.7 10905.9 10916.7 10919 10955.7 11038.2 11152.7 11227.3 11184.6 11054.2 10835 10624.1 10449.1 10272.4 10157.7 10171.2 10240.9 10293.7 10325.9 10342.4 10349.4 10333.2 10301.6 10308.4 10471.6 10594.7 10706.7 10822.9 10941.5
10617.7 10634.8 10655.8 10678.8 10703.3 10728.6 10754 10771.9 10797.2 10811.9 10822.5 10826.9 10819.4 10818.6 10820.7 10822.5 10820.1 10816.3 10813.3 10812.4 10813 10815.1 10816.9 10819.1 10822.4 10828.1 10832.1 10834.8 10840.3 10846 10851.1 10856.8 10863.7 10867.9 10870.1 10865.4 10876 10879.5 10881 10883.1 10887 10907.6 10952.3 11054.6 11164.2 11203.9 11015.3 10777.7 10572.6 10380.9 10222.5 10096.1 10052.2 10073.7 10118 10160.9 10195.6 10203.8 10203.9 10199.6 10209.1 10180.1 10256.7 10382.1 10496.5 10595.4 10683
10617.6 10634.8 10653.8 10673.2 10693.9 10722 10760.1 10801.3 10818.5 10820.8 10822.5 10822.8 10816.8 10813.1 10811.1 10811.5 10812.3 10811.9 10811.5 10811.3 10812.7 10814.7 10816.8 10819.2 10820.3 10820.5 10826.1 10832.7 10838.6 10844.9 10850.6 10857.1 10861.9 10866.9 10872.8 10881.1 10881.7 10876.5 10872.1 10870.7 10879.6 10897.7 10937.3 11038.8 11112 11048.8 10798.6 10537.1 10333.7 10162.6 10022 9989.45 10040.2 10037.3 10052.5 10069.8 10087.9 10097 10092.6 10080.4 10059.9 10081.9 10121 10212.9 10319.2 10406.2 10478.1
10615.4 10633.2 10651.2 10670.6 10690.7 10720.2 10763.9 10807.3 10826.5 10820.7 10810 10806.7 10805.8 10802.8 10800.6 10801.5 10804.2 10806.1 10808.2 10809.6 10811.5 10814.3 10818.1 10819 10818 10819.3 10823 10829.5 10836.2 10842.4 10847 10853.5 10859.4 10866.2 10876.6 10893.8 10886.9 10875.9 10868.7 10865.4 10875 10914.6 10964.4 11022.7 11032 10897.1 10623.8 10349.7 10131.5 9981.31 9910.6 9929.23 9973.99 9990.93 9995.99 10010.7 10019.4 10013.8 10006.3 9994.17 10015.2 10018.8 10034 10106.1 10189.4 10281.7 10404.9
10613.1 10631.4 10650 10668.9 10690.4 10718.5 10760.5 10801.6 10821.5 10813.1 10798.9 10797.5 10795.8 10792.2 10788.8 10791.3 10796.6 10800.9 10805.9 10809.5 10812.2 10814.5 10814.8 10813.3 10815.7 10818.8 10821.5 10827.3 10832.4 10839.1 10844.3 10850.1 10855.7 10862.4 10870.9 10877.3 10878.3 10876.6 10873.3 10872.8 10881.7 10976.1 11034.2 11013.5 10942.2 10748.9 10417.5 10201.5 9988.13 9936.98 9898.42 9897.66 9934.7 9943.84 9954.83 9962.9 9968.38 9961.51 9942.03 9913.42 9888.27 9907.67 9960.32 10018.5 10084.6 10174.4 10305.3
10610.5 10628.8 10647.5 10668.2 10689.9 10717.9 10749.7 10782.5 10803.4 10802.5 10794.8 10793 10789.5 10784.3 10780.9 10785.5 10791.5 10797.6 10803.2 10808.6 10813.2 10815.8 10818.2 10821.6 10816.5 10812.2 10817.1 10821.3 10825.3 10829 10838.3 10843 10849.7 10855.2 10865.6 10873 10878.4 10883.1 10889.3 10904.5 10942.2 11082.5 11115.3 10995.8 10836.1 10608.5 10293.3 10105.9 9968.23 9976.57 9940.51 9867.93 9872.04 9898.25 9919.36 9934.91 9937.74 9930.19 9904.58 9860.06 9807.78 9806.54 9857.02 9920.34 9993.63 10081.5 10194
10608.5 10626.4 10645.1 10665 10686.5 10705.5 10735 10756.2 10771.7 10787.4 10799.4 10792 10786 10779.2 10775.4 10782 10788.9 10795.6 10802.8 10809.1 10814.9 10819.1 10820.9 10820.1 10819.9 10819.6 10818.3 10820.5 10823.9 10826.2 10829.9 10834.3 10839.4 10846 10856.8 10871.5 10881.7 10895.4 10914.6 10949 10994.2 11117.6 11117.1 10951.7 10737.4 10495.3 10214.7 10078.1 10025.1 9988.13 9926.9 9850.87 9831.2 9864.76 9894.93 9917.07 9927.59 9925.19 9903.8 9852.33 9776.85 9756.49 9784.3 9837.93 9918.09 10032.5 10167.9
10605.1 10622.5 10640 10660.2 10683.3 10709.9 10722.9 10729.8 10738.2 10762.4 10786.3 10783.4 10780.9 10778.2 10781.5 10782 10787.3 10794.1 10801.3 10807.7 10813.4 10819.3 10824.6 10830.2 10820.6 10816.4 10818.2 10820.8 10820.9 10823.1 10823.1 10825.4 10829.9 10839.4 10850.4 10862 10876.9 10912.6 10951.9 11005.6 11041.3 11130.9 11094 10893.5 10643.6 10404.4 10173.5 10084.8 10043.2 9988.24 9927.71 9859.28 9838.29 9854.41 9881.59 9911.13 9934.08 9949.35 9943.8 9903.53 9814.93 9759.03 9735.06 9749.1 9847.72 9991.6 10134.5
10604.4 10621 10637.3 10655.7 10675.1 10694.1 10707.8 10712 10714.2 10735.5 10754.1 10771 10773.5 10772.1 10774.1 10781.4 10788.3 10794.5 10801.4 10807.3 10814 10820.4 10826.5 10824.5 10821.8 10819.6 10818.2 10817.2 10815 10814.1 10814.3 10822.1 10826.4 10832.8 10842.4 10856.1 10879.1 10930.5 10992 11077.3 11134.8 11211.5 11083.8 10845.1 10581.7 10345.1 10147.5 10091.8 10038.8 9983.21 9923.77 9857.18 9839.85 9858.57 9889.02 9925.49 9957.85 9985.98 10007.1 9998.19 9906.48 9804.4 9733.78 9709.87 9785.04 9891.71 10038.6
10602.6 10617.4 10631 10647 10664.4 10682.6 10696.4 10705 10717.2 10749.7 10765.3 10768.4 10769.8 10767.2 10771 10782 10790.5 10796.9 10803.4 10809.5 10815.5 10820.7 10827.9 10839.7 10839.3 10833.4 10824.7 10821.6 10818.9 10817.9 10819.4 10819.4 10823.5 10828.5 10838.2 10852.8 10882.8 10948.7 11034.2 11141.6 11218.4 11233.8 11052.3 10806.1 10565.6 10348.7 10127.8 10066.8 10013.9 9948.95 9887.57 9840.89 9842.97 9866.68 9899.28 9939.03 9979.19 10019.7 10060.1 10085.6 9976.18 9853.38 9762.98 9726 9758.23 9827.32 9966.1
10598.3 10610.4 10623.5 10636.6 10650.4 10663 10678.1 10700.6 10733.6 10757.2 10764.8 10767.3 10770.9 10772.3 10777.5 10787.4 10795.6 10802.9 10806.7 10812.2 10817.3 10821.8 10826.4 10830.6 10833.5 10834.8 10835.5 10822.8 10820.2 10818.1 10813.8 10811 10811.4 10818 10831.2 10850.9 10881.9 10964.2 11079.1 11186.3 11253 11193.2 10984.7 10767.1 10561.3 10386.8 10140.6 10043.1 9993.22 9925.69 9863.07 9838.1 9848.02 9875.51 9906.53 9947.67 9990.27 10033.3 10072.3 10075.8 9995.9 9879.36 9790.05 9743.54 9769.07 9842.05 9961.11
10591.1 10603.4 10614.3 10624.7 10635.1 10647.8 10665.5 10684.9 10713.5 10733.1 10744.9 10761.2 10774.2 10781.3 10789.5 10796 10801.2 10805.3 10809.5 10812.4 10816.5 10820.8 10821.8 10818.9 10825.5 10834.3 10829.5 10824.6 10822.5 10820.4 10817.3 10817.4 10821 10826.2 10838.6 10853.7 10884.9 10976.1 11099 11214.1 11274.8 11093.8 10895.8 10743 10556.3 10338.6 10144 10065.4 10010.1 9955.86 9895.26 9867.22 9859.3 9878.77 9910.39 9952.18 9993.29 10032.2 10056.5 10046.2 9964.06 9879.5 9805.25 9769.6 9794.78 9873.05 9980.99
10583.8 10592.6 10602.4 10611.3 10619.4 10626.4 10634.7 10657.5 10674.6 10687 10724.8 10754.2 10779.1 10796.7 10801.8 10800.8 10801.4 10804.2 10809.3 10812.9 10817.3 10820.8 10822.2 10822.4 10824.5 10832.6 10829.6 10827.3 10827 10823.3 10822.7 10823.4 10826.3 10828.8 10837.9 10857 10898.9 10984.8 11104.4 11218.6 11278.3 11063.2 10831.2 10711.1 10528.7 10291.9 10132.4 10077 10026.8 9994.27 9918.45 9860.42 9852.37 9871.31 9901.88 9941.05 9980.08 10016.9 10035 10008.6 9940.64 9870.3 9810.06 9770.24 9801.98 9896.49 10005.2
10578.9 10587.5 10594.7 10602.4 10608.3 10610.7 10610.7 10641.2 10666.6 10679.4 10714.3 10747.7 10778.8 10813.1 10808.2 10803.7 10803.3 10803.9 10804.9 10807.7 10811.2 10816.5 10821 10826.4 10831.5 10832.3 10829.4 10829.7 10827.8 10822.1 10818.6 10819.9 10824.6 10832.1 10845.8 10857.8 10893 10970.4 11084 11186.5 11215.9 10992 10768 10679.8 10516.9 10285.4 10147 10089 10048.8 10009.4 9908.77 9831.12 9829.78 9850.01 9880.13 9919.68 9957.01 9990.11 10012.4 9989.01 9915.34 9854.7 9811.83 9799.42 9836.87 9906.9 10022.3
