real_craters/C079-500m.grd
DSAA
116 116
-28.63 28.63
-28.63 28.63
9682.8244831332 11328.655857416
[rows 60 to 89 of 116, columns 0 to 66 of 116]
10579.9 10588.8 10595.6 10603.2 10608.2 10614.9 10625.2 10648.7 10674.5 10692.9 10712.9 10738.3 10761.9 10779.7 10794.8 10797.6 10799.3 10801.7 10804.1 10805.1 10808.3 10812.7 10818.1 10823.4 10818.7 10827.6 10826.7 10828.5 10832.2 10829.5 10828.4 10825.6 10834.5 10840.6 10850.3 10855.9 10872.7 10931.2 11051.3 11142.9 11131.3 10899 10699.2 10647.5 10569.2 10346.1 10188.5 10116.6 10071.3 10012.4 9872.93 9802.49 9814.75 9837.87 9871.84 9902.02 9928.03 9953.86 9966.28 9932.69 9870.27 9828.19 9803.32 9799.64 9840.77 9931 10040.1
10575.1 10583.7 10594.4 10603.5 10613.4 10625.1 10639.4 10656.9 10677.2 10694.8 10708.3 10728 10747.8 10765.6 10777.7 10783.3 10787.2 10790.3 10793.3 10797 10801.4 10806.9 10812.8 10817.3 10821.8 10825.9 10825.4 10827.8 10831.3 10832.9 10834 10835 10842.2 10845.7 10853.8 10857.8 10871 10915.5 11028.7 11122.3 11124.4 10888.7 10699.2 10679.4 10644 10463.1 10267 10125.2 10051.7 9950.88 9852.18 9795.66 9816.28 9843.13 9870.48 9890.75 9904.83 9912.07 9904.36 9844.76 9809.18 9791.67 9783.69 9785.12 9806.94 9908.33 10049.2
10571.8 10581.6 10593.3 10604.9 10617 10630.6 10645.6 10661.1 10669.4 10678.5 10696.2 10717.5 10736.5 10751.2 10762.8 10770.3 10775.6 10780.6 10785.5 10790.2 10795.8 10801.3 10806.9 10815.2 10822.5 10822.8 10823.6 10821.1 10822.9 10827.5 10835.9 10841.7 10851.2 10855.9 10866.4 10877.2 10888.8 10927.2 11012.1 11093.2 11132.2 10904.7 10750.7 10735.8 10665.5 10606.8 10414 10206.1 10065.3 9956.26 9882.57 9835.31 9849.55 9868.04 9879.01 9884.7 9880.57 9869.56 9846.79 9779.56 9760.87 9758.32 9764.17 9785.17 9824.01 9895.74 10057
10570.6 10582.7 10594.6 10607.2 10620.2 10635.3 10655.8 10668.2 10669 10670.5 10682.4 10705.2 10732.5 10746.9 10749.7 10754.3 10760.1 10766.8 10775.4 10781.9 10788.2 10793.8 10797.3 10801.2 10806.1 10810.3 10815.7 10817.7 10820.2 10827.4 10833.3 10841.7 10851.9 10865.7 10876.6 10891.9 10911 10937.3 10989.8 11021.1 10981.8 10865.8 10737 10705.5 10592.8 10580.5 10514.3 10321.6 10151.7 10053 9967.89 9926.09 9917.84 9917.39 9912.84 9896.94 9869.47 9831.91 9793.54 9761.83 9731.85 9738.39 9756.64 9784.5 9820.51 9914.83 10077.4
10570.3 10582.2 10594.3 10606.5 10621.6 10634.9 10648.6 10660.7 10666 10658.3 10661.5 10684.1 10716.1 10727.3 10729.2 10735.5 10744 10753.1 10761.7 10769.9 10776.9 10784.1 10788.5 10789.3 10793.2 10798.5 10805.6 10813.5 10823.7 10834.5 10838.1 10841.8 10853.4 10864.7 10882.1 10900.2 10921.7 10942.6 10970.2 10976.2 10939.9 10851 10756.1 10714.1 10628 10539.6 10547 10385.8 10233.6 10147.6 10063.1 10017.9 9996.5 9977.05 9952.92 9921.64 9876.67 9813.58 9731.5 9682.82 9708.81 9738.41 9764.51 9789.48 9830.86 9945.95 10108.7
10572.3 10584.1 10596.5 10609.8 10622 10632 10641 10654 10673.9 10648.9 10641.4 10649.8 10665.4 10684.7 10699.4 10713.2 10726.1 10736.6 10747.3 10755.3 10765.3 10774.4 10781.7 10789.2 10787 10787.8 10795.5 10806.7 10818.6 10830.3 10840.9 10852.8 10866.7 10873.7 10883.7 10903.6 10925.6 10946.6 10961.8 10962.1 10939.6 10882.4 10786.9 10748.1 10727.1 10634.7 10558.3 10448.7 10349.2 10247.9 10158.9 10141 10087.3 10048 10010 9965.71 9911.27 9843.08 9757.12 9684.06 9731.2 9776.37 9805.21 9821.83 9855.36 9994.55 10162.8
10574.2 10586.8 10599.7 10613 10624.2 10631.7 10633.7 10630 10644.3 10640 10630.5 10620.8 10607.1 10641.8 10672.1 10693.1 10707.5 10720.8 10730.4 10741.1 10752.6 10763.8 10773.9 10777.8 10775.6 10774.9 10786.6 10801.1 10814.4 10827.5 10837.1 10848.9 10862.1 10875.7 10891.2 10904.1 10925.5 10948 10956.2 10950.8 10947.9 10952.7 10937 10809.6 10729.1 10677.6 10593.2 10537.5 10461.9 10343 10243.7 10213.8 10166.8 10125.9 10084.6 10036.2 9979.92 9910.82 9824.89 9788.05 9815.88 9860 9897.99 9918.51 9946.66 10106 10241.2
10575.9 10588.2 10600.8 10614.8 10626 10635.4 10639.4 10639 10639.2 10635.2 10626 10620.1 10617.4 10635.9 10658.5 10677 10692.1 10705.1 10717 10728.2 10740.3 10753.1 10767.5 10777.6 10769.1 10762.5 10782.2 10798.5 10811.7 10823.1 10833.8 10846 10855.3 10867.9 10882.2 10897.2 10913.6 10929.2 10933.3 10923.3 10935.2 10968.8 11021.8 10982.5 10862 10757.6 10690.2 10648.7 10605.3 10431.7 10329.3 10278.7 10238.9 10213.4 10174.1 10126.8 10075 10020.7 9948.4 9912.95 9935.88 9981.15 10034.3 10097.8 10188.9 10276.1 10325.6
10576.9 10589.5 10602.6 10615.9 10631.5 10643 10650.8 10656.5 10653 10640 10628.6 10627.5 10636.4 10643 10655.4 10669.4 10682.4 10693.8 10704.5 10714.3 10726.1 10738.8 10756.3 10769.4 10772 10776.3 10790.9 10800.3 10809.7 10818.2 10828.7 10839.8 10850.1 10861.6 10870.8 10883.1 10892.6 10896.2 10894.2 10902.3 10910.4 10920.1 10950.1 11029.5 11061.8 10873.3 10735.2 10712.3 10687.8 10610.8 10508 10400.7 10349.6 10326 10291 10242.9 10187.7 10132.1 10076.3 10045.7 10065.7 10109.1 10170.6 10243.5 10284.8 10280.9 10376.8
10576.3 10588.8 10603.4 10617.5 10635 10652.2 10665.1 10675.4 10672.5 10648.9 10627.7 10630.4 10637.2 10648 10657.6 10667.5 10677.2 10685.5 10695.8 10703.6 10710.7 10718.8 10729.6 10749.5 10770.1 10804.2 10800.4 10800.4 10806.4 10814.2 10823.8 10831.7 10842 10851.9 10861.2 10869.4 10874.3 10877.5 10879.2 10883.2 10884.2 10886.2 10906.8 10956.4 11043.6 10982.5 10883.7 10814.3 10692.7 10699.5 10655.5 10570.7 10503.9 10456.7 10418.8 10375.9 10315.5 10239.6 10173.7 10175.7 10195 10230.3 10283.2 10355 10366.9 10347 10432.2
10574.2 10589 10603.3 10619.2 10635.7 10657.3 10674.8 10692 10675.6 10661 10646.1 10653.6 10655.6 10658 10662.3 10667.6 10675.4 10681.9 10688.1 10692.2 10696.5 10699.7 10701.2 10719.2 10750.2 10774 10786 10791.6 10798.9 10807.5 10816.2 10824.8 10832.5 10840.7 10846.5 10852.5 10858.9 10866.4 10878.8 10868.4 10864.4 10868.1 10891.4 10942.6 11001.2 11115.7 11084 11009.6 10887.4 10811.8 10795.4 10718 10644.6 10613 10576.6 10528.4 10474.4 10401.4 10338.5 10328 10328.2 10341.1 10371.9 10417.9 10437.2 10472.1 10500.9
10571.6 10585.9 10601.6 10617.8 10634 10651.8 10669.6 10690.1 10677.9 10672.1 10685.9 10689.3 10679.4 10667.5 10666.8 10667.9 10673.1 10676.1 10680.7 10684.5 10686.8 10688.6 10696.4 10710.3 10730.3 10748.9 10762.7 10778 10789.9 10799.5 10808.5 10817.4 10824.3 10830.9 10835.3 10840.6 10842.8 10844.3 10846.9 10850.2 10848.7 10854.1 10875.4 10912.1 10954.4 11026.2 11085.7 11127.8 11131.3 11075.5 10985.6 10897.6 10826.3 10793.2 10744.6 10693.4 10651.7 10628.6 10567.8 10495.7 10461.7 10443.6 10436.4 10469 10481.3 10478.8 10576.8
10569.2 10584.1 10599.8 10614.8 10629.1 10640.5 10649.5 10646.4 10651.7 10663.3 10672.3 10670.4 10670.7 10669.5 10669 10668.3 10670.3 10673.2 10677.6 10679.7 10681.4 10682.1 10679.8 10699.2 10719 10732.1 10749.8 10768.5 10781.4 10792.1 10800.2 10807.5 10815.8 10821.4 10825.5 10826.4 10827.2 10824.3 10815.8 10819.5 10833.8 10849.7 10858.4 10877 10908.6 10955.4 11015.4 11066.1 11127.7 11187.7 11106 11065.5 11050.2 10982.7 10903.1 10838.3 10784.4 10743.8 10670 10631 10590.1 10549.7 10498.4 10438.9 10565.6 10675.4 10747.7
10569.6 10583.8 10597.1 10611.2 10624 10634.8 10640.4 10639.6 10643 10652.9 10655.6 10652.6 10661 10667.5 10669.4 10671.7 10674.3 10676.4 10679.3 10679.8 10682.6 10685.3 10690.8 10702.6 10719.6 10738 10754.4 10765.2 10775.2 10785.4 10793.7 10800.5 10805.1 10810 10814.2 10816.6 10815.6 10812.9 10814.9 10813.6 10816.2 10823.2 10829.2 10846.7 10874.5 10914.8 10948.7 10993.4 11033 11040.4 11092.9 11137.1 11212.9 11101.5 11010.5 10950 10889.9 10800.5 10775.4 10754.1 10714.4 10677.6 10637.9 10604.5 10720.5 10891.9 10913.6
10572.2 10584.2 10597.1 10609.6 10621.3 10631.8 10641.7 10646.5 10647.6 10652.5 10657.1 10660.7 10663.7 10667 10669.8 10672.3 10674.3 10677.6 10680.6 10683 10686.9 10692.7 10699.4 10710.7 10723.3 10736.4 10748.4 10760.5 10769.4 10777.3 10784.4 10791.1 10796.5 10800.9 10804.8 10806.9 10808.4 10805.2 10807 10801.4 10795.4 10796.1 10801.3 10819.1 10840.8 10854.5 10891.8 10919.1 10951.5 10979.5 11038 11092.2 11117.7 11088.5 11047.2 11025 11034.3 11052.2 10971.3 10876.7 10821.9 10802.8 10825.9 10863.6 10853.5 10881.5 10881.8
10575.5 10585.5 10596.1 10607.3 10618 10628.1 10637.2 10644.7 10648.7 10655.3 10661.5 10668.1 10667.5 10668.1 10668.9 10669.5 10672.2 10675.3 10680 10685.3 10691.9 10701 10710.6 10717.3 10727.3 10737.8 10746.5 10757.5 10765.7 10772.4 10777.5 10781.9 10782.8 10788.6 10791.5 10797.8 10798.1 10795.5 10790 10780.1 10782 10780 10789 10801.5 10816.8 10834.9 10861.2 10891.1 10913.8 10936.7 10979.7 11016.3 11025 11028.1 11028.9 11036.3 11063.7 11084.6 11022 10930.2 10876.7 10865.2 10903.7 10935.1 10880.4 10836 10805.9
10578.8 10587.3 10596.4 10606.2 10615.9 10625 10634.2 10643.1 10652.8 10658 10662 10665.1 10666.6 10668.2 10667.7 10670.4 10673.1 10677.2 10681.5 10686.8 10694.9 10705.5 10714.6 10720.9 10729.4 10738.9 10748.7 10755.4 10759.8 10763.7 10767.6 10771.8 10773.5 10777.7 10780.8 10782.9 10786.6 10788.6 10786 10780.6 10787.7 10793.9 10790.7 10806.4 10811.5 10823.6 10846.5 10862 10887.2 10904.4 10932 10955.9 10962.4 10969 10979.2 10984.1 10986.8 10978 10952.6 10905.9 10869.6 10851.5 10847.7 10849.4 10832.5 10799.4 10778.6
10581.4 10589.3 10598.1 10606.8 10615.5 10623.4 10631.8 10641.2 10650.3 10657.1 10661.2 10662.3 10664.2 10665.6 10667.2 10669.1 10671.3 10675 10679.5 10686 10693.6 10704.1 10713.1 10719.5 10728 10737.6 10748.4 10752.4 10753.7 10755.6 10757.8 10760.5 10764.3 10770.2 10771.7 10776.1 10780.9 10782.7 10780.5 10768 10785 10792.4 10797.6 10817 10816 10825.4 10857.1 10869.7 10878.9 10887.7 10901 10916.4 10923.9 10925.4 10922.1 10913.5 10896.5 10869.4 10868.1 10854.1 10832.1 10808.8 10779.7 10777.6 10785.3 10774.6 10763.8
10583.7 10591.3 10600 10608.9 10617.3 10624.5 10630.5 10640 10648 10655.5 10661.8 10662.4 10664.1 10664.7 10665.2 10665.1 10667.2 10670.6 10674.8 10680.8 10688 10696.2 10705.2 10713.5 10722.3 10731.6 10741.1 10744.6 10745.9 10747.5 10750.1 10752.5 10754 10760 10762.8 10767.8 10772.9 10780.6 10786.8 10775 10757.6 10775.4 10795.6 10809.6 10817.5 10832.3 10862 10874.5 10877.4 10879.8 10885 10899.5 10895 10884.5 10870.9 10848.9 10816.6 10793.2 10798.6 10797.9 10787.3 10768.4 10750.8 10746.6 10755.2 10756.7 10756.4
10584.4 10593.3 10602.6 10612.2 10621.4 10628.7 10635 10643.2 10649 10656.4 10664.8 10668 10665.7 10662.4 10661.6 10661.7 10662.3 10665.7 10670 10675.5 10681.6 10686.8 10696.2 10705.8 10714.2 10721.8 10726.4 10733 10736.8 10738.7 10740.9 10742.8 10744.7 10749.1 10752.6 10755 10759.5 10767.9 10780.3 10781.9 10751.2 10774.7 10799.5 10806.9 10815.2 10846.2 10867.6 10883.2 10893.6 10894.5 10913.9 10895.8 10872.3 10842.7 10831.8 10801.9 10768.6 10740.5 10747.7 10751.4 10746.5 10736.5 10724.3 10728.8 10738.4 10744 10748.1
10583.9 10594.6 10605.7 10617.1 10627.6 10636.5 10643.8 10650.2 10656.5 10664.4 10672.7 10667.8 10661.5 10658.9 10656.1 10656 10657.1 10659.5 10663.4 10668.5 10675.5 10684.7 10690 10697.7 10705.6 10712.9 10718 10723.9 10728.2 10730.2 10731.5 10732.8 10735.9 10737.8 10741.4 10745.1 10747.2 10741.4 10748.4 10782.6 10792.8 10804.8 10816.6 10820.9 10826.5 10865 10904 10849.1 10779.3 10827.1 10891.4 10859.7 10844 10835.7 10809.5 10769.4 10735.9 10724.7 10718.2 10722.1 10721.4 10719 10716.9 10720.2 10729.8 10736.5 10738.8
10584.8 10597.2 10610.3 10622.7 10634.2 10645.3 10652.9 10657.5 10663.4 10669.3 10671.2 10663.3 10655.3 10652.1 10650.8 10648.4 10649.8 10651.8 10655.1 10659.7 10666 10674.7 10680.4 10688.7 10696.9 10704.9 10711.1 10716.9 10721 10721.7 10723.3 10724.8 10727.5 10730 10731.7 10736.7 10742.7 10750.7 10761.2 10779 10792 10813 10819.1 10823.8 10841.7 10843.5 10797.1 10667.3 10599.1 10664.2 10719.4 10758.8 10794.5 10815.8 10798.1 10746.6 10699 10692.1 10699.1 10704 10707.6 10709.7 10715.8 10716.4 10723.5 10729.9 10734.2
10587.7 10602.4 10615.7 10628.3 10639.9 10651.9 10658.4 10660.8 10663.5 10665 10661.5 10655.7 10648.4 10643.4 10642 10640.3 10641.7 10644 10646.5 10649.9 10654 10657.8 10667.7 10677.3 10686 10695.1 10704.1 10713.4 10712.7 10712 10713.1 10713.8 10716.6 10717.7 10722.1 10728.2 10737.8 10751.8 10765.9 10781.7 10793.2 10807.6 10823 10843.6 10852.6 10746.4 10588.9 10500.5 10488.1 10525 10570.3 10646.8 10734.6 10806.4 10801.5 10741.9 10695.3 10689.3 10692.6 10697.3 10703 10703.8 10700.9 10712.8 10720 10726 10732.5
10596.5 10609.3 10623.2 10635 10645 10652.5 10657.6 10660.1 10661.1 10660.4 10656.9 10645 10635.7 10631.9 10632.2 10633.7 10633 10635.3 10638.8 10641.9 10644.5 10648.6 10657.3 10665.9 10674.2 10682.6 10691 10703.3 10698.8 10699.2 10701.1 10702.5 10702.3 10706.3 10711.6 10717.1 10726.7 10737.8 10752.4 10766.4 10780.3 10787.1 10809.4 10861.4 10799 10600.7 10443.4 10411.5 10421.2 10438.1 10464.8 10548.3 10674.5 10790.4 10804.8 10746.5 10713.3 10700.2 10695.8 10698.8 10704.7 10712.1 10715.7 10715 10718 10722.7 10728.5
10607.1 10621 10631.3 10642.2 10651.1 10655.2 10657.4 10656.5 10654.9 10654.9 10645.7 10631.6 10618.5 10619.7 10622 10624.9 10627.4 10627.3 10631.4 10634.9 10638.8 10643.4 10649.6 10655.7 10662.4 10668.2 10671.8 10672.1 10679.7 10685 10689.3 10693.3 10697.2 10697.7 10702.4 10707.5 10713.1 10719.6 10736.2 10751.2 10778.2 10785 10795.6 10866.5 10776.9 10559 10438.1 10409.1 10410.4 10410 10403.8 10481.5 10624.4 10744.2 10782.8 10748.8 10710.6 10700.5 10698.7 10701.8 10707.4 10712.1 10716.5 10716.6 10717.2 10718.7 10721.8
10620.1 10634.9 10644.3 10651.3 10660.2 10661.2 10659.1 10653.6 10645.6 10634.4 10627.4 10619.3 10612.5 10611.9 10614.8 10617.7 10619.4 10622.1 10625.7 10629.1 10632.9 10638 10641.6 10646.9 10652 10655.8 10657.7 10659.5 10665.5 10673 10679.8 10685.2 10686.8 10690.2 10694.7 10699.8 10704.4 10714.4 10728.5 10745.8 10759.2 10755.1 10784.9 10837.8 10770.3 10626.2 10570.4 10503.4 10477.8 10458.9 10434.6 10481.3 10610.7 10718.9 10764.8 10744 10712.6 10699.9 10699.7 10702.6 10708 10716.5 10717.1 10714.2 10714.2 10715.4 10716
10644.3 10650.2 10657.4 10661.6 10668.5 10668.6 10661.2 10651.4 10637.8 10622.7 10614.7 10609.6 10604.5 10606.3 10609.6 10612.3 10615 10617.3 10620.2 10622.2 10625.4 10629.8 10635.2 10640.1 10644.8 10648 10648.6 10647.1 10653.6 10664.7 10673.1 10676.5 10683 10688.1 10691.7 10694 10694.8 10698.4 10721.7 10739 10736.9 10733.4 10757.6 10792 10775.1 10734.8 10707.3 10652.2 10606.9 10566.9 10539.2 10561 10645.7 10709.2 10737.4 10731.7 10705 10698 10697.7 10700.3 10705.1 10709.9 10711.5 10710.3 10710 10710.8 10712.6
10646.4 10656.1 10666.5 10673.1 10674.3 10671.9 10663.2 10650 10633.1 10614.5 10604.4 10602.9 10604.7 10606.3 10606.6 10607.9 10610.1 10612.5 10614.8 10615.9 10615.2 10622.8 10629.5 10634.5 10639.8 10644 10646.2 10644.2 10651.9 10664.4 10671.2 10673.6 10678.6 10681.8 10686.3 10690.7 10694.5 10702 10717.8 10727.8 10716.7 10715.8 10734.1 10738.9 10778.7 10825.7 10838.1 10816.6 10741.1 10687.9 10682.8 10714.5 10713 10720.4 10724.8 10717.1 10712.8 10697.6 10694.2 10695.4 10699.1 10705.6 10704.1 10703.3 10704.1 10705.9 10709.7
10634 10660 10677.3 10684.4 10680.7 10674.3 10666.2 10651.4 10632.3 10609.9 10597 10596.7 10601.8 10604.3 10602.7 10604.1 10606.3 10608.9 10611.5 10612.4 10616.1 10620.7 10626.3 10631.2 10637.2 10643.4 10650.8 10660.6 10669.8 10668.7 10669.2 10669.6 10673.7 10679.4 10684.2 10690.2 10697.7 10704.2 10711.1 10717.1 10711 10703.8 10709 10730.2 10769.2 10826.1 10875.8 10906.1 10809.5 10756.3 10750.3 10772.3 10737.3 10729 10722.1 10702.7 10700.4 10692.5 10688.2 10687.7 10689.3 10689.3 10693.4 10694.8 10696.6 10698.9 10701.8
10656 10675.3 10692 10699.7 10690.7 10684.1 10673.6 10655.7 10635.3 10611.7 10593.2 10589.7 10592.2 10594.4 10596.8 10599.2 10602.1 10605.1 10607.8 10611.1 10614.3 10619.2 10624.8 10630.8 10635.2 10642.1 10651.3 10666.8 10681 10666.4 10663 10665.5 10669.7 10673.9 10679.7 10686.5 10694.4 10698.1 10694.7 10693.2 10690.1 10683.9 10688.4 10712.1 10744.3 10772.6 10797.1 10805.7 10789.3 10756.3 10727.9 10693.1 10710.5 10727.6 10739.2 10705.9 10685.5 10682.3 10680.2 10679.4 10680 10681.8 10683 10684.7 10686.7 10689.3 10690.5
