real_craters/C079-750m.grd
DSAA
77 77
-28.63 28.63
-28.63 28.63
9688.2875942054 11311.152407037
[rows 26 to 51 of 77, columns 0 to 56 of 77]
1.062e+004 1.062e+004 1.063e+004 1.065e+004 1.067e+004 1.069e+004 1.071e+004 1.072e+004 1.074e+004 1.079e+004 1.085e+004 1.086e+004 1.085e+004 1.085e+004 1.085e+004 1.086e+004 1.086e+004 1.086e+004 1.086e+004 1.086e+004 1.086e+004 1.085e+004 1.084e+004 1.084e+004 1.084e+004 1.084e+004 1.085e+004 1.088e+004 1.091e+004 1.091e+004 1.09e+004 1.089e+004 1.089e+004 1.092e+004 1.092e+004 1.091e+004 1.096e+004 1.098e+004 1.098e+004 1.097e+004 1.092e+004 1.089e+004 1.093e+004 1.093e+004 1.093e+004 1.093e+004 1.093e+004 1.091e+004 1.089e+004 1.087e+004 1.086e+004 1.084e+004 1.083e+004 1.081e+004 1.082e+004 1.084e+004 1.084e+004
1.062e+004 1.063e+004 1.064e+004 1.066e+004 1.069e+004 1.071e+004 1.073e+004 1.073e+004 1.075e+004 1.078e+004 1.084e+004 1.084e+004 1.084e+004 1.084e+004 1.083e+004 1.084e+004 1.084e+004 1.085e+004 1.085e+004 1.085e+004 1.086e+004 1.085e+004 1.085e+004 1.085e+004 1.086e+004 1.086e+004 1.086e+004 1.089e+004 1.092e+004 1.093e+004 1.092e+004 1.091e+004 1.097e+004 1.096e+004 1.096e+004 1.108e+004 1.102e+004 1.097e+004 1.097e+004 1.101e+004 1.105e+004 1.101e+004 1.101e+004 1.098e+004 1.092e+004 1.092e+004 1.093e+004 1.091e+004 1.089e+004 1.088e+004 1.087e+004 1.085e+004 1.084e+004 1.084e+004 1.084e+004 1.085e+004 1.087e+004
1.062e+004 1.063e+004 1.065e+004 1.068e+004 1.071e+004 1.074e+004 1.075e+004 1.076e+004 1.076e+004 1.076e+004 1.074e+004 1.08e+004 1.082e+004 1.082e+004 1.082e+004 1.082e+004 1.083e+004 1.084e+004 1.084e+004 1.085e+004 1.085e+004 1.086e+004 1.087e+004 1.088e+004 1.088e+004 1.088e+004 1.089e+004 1.09e+004 1.091e+004 1.091e+004 1.092e+004 1.093e+004 1.103e+004 1.106e+004 1.119e+004 1.114e+004 1.095e+004 1.087e+004 1.088e+004 1.098e+004 1.121e+004 1.12e+004 1.11e+004 1.106e+004 1.1e+004 1.096e+004 1.093e+004 1.09e+004 1.089e+004 1.088e+004 1.088e+004 1.086e+004 1.085e+004 1.085e+004 1.085e+004 1.085e+004 1.086e+004
1.062e+004 1.064e+004 1.066e+004 1.07e+004 1.075e+004 1.078e+004 1.078e+004 1.077e+004 1.078e+004 1.079e+004 1.08e+004 1.08e+004 1.081e+004 1.081e+004 1.08e+004 1.081e+004 1.082e+004 1.083e+004 1.084e+004 1.085e+004 1.085e+004 1.086e+004 1.088e+004 1.088e+004 1.089e+004 1.089e+004 1.09e+004 1.09e+004 1.091e+004 1.097e+004 1.097e+004 1.108e+004 1.119e+004 1.098e+004 1.079e+004 1.068e+004 1.067e+004 1.066e+004 1.069e+004 1.075e+004 1.085e+004 1.102e+004 1.103e+004 1.111e+004 1.118e+004 1.107e+004 1.093e+004 1.093e+004 1.094e+004 1.092e+004 1.089e+004 1.087e+004 1.085e+004 1.084e+004 1.085e+004 1.085e+004 1.085e+004
1.062e+004 1.065e+004 1.068e+004 1.072e+004 1.076e+004 1.078e+004 1.079e+004 1.079e+004 1.08e+004 1.082e+004 1.083e+004 1.082e+004 1.081e+004 1.081e+004 1.081e+004 1.082e+004 1.082e+004 1.083e+004 1.083e+004 1.084e+004 1.085e+004 1.086e+004 1.087e+004 1.089e+004 1.089e+004 1.089e+004 1.091e+004 1.091e+004 1.095e+004 1.11e+004 1.124e+004 1.116e+004 1.089e+004 1.061e+004 1.036e+004 1.029e+004 1.036e+004 1.041e+004 1.044e+004 1.044e+004 1.043e+004 1.062e+004 1.079e+004 1.096e+004 1.117e+004 1.11e+004 1.103e+004 1.103e+004 1.103e+004 1.099e+004 1.093e+004 1.088e+004 1.086e+004 1.085e+004 1.085e+004 1.085e+004 1.086e+004
1.062e+004 1.064e+004 1.068e+004 1.072e+004 1.075e+004 1.078e+004 1.081e+004 1.083e+004 1.082e+004 1.082e+004 1.082e+004 1.082e+004 1.081e+004 1.081e+004 1.081e+004 1.082e+004 1.082e+004 1.083e+004 1.084e+004 1.085e+004 1.085e+004 1.086e+004 1.087e+004 1.087e+004 1.088e+004 1.088e+004 1.089e+004 1.091e+004 1.099e+004 1.115e+004 1.115e+004 1.082e+004 1.051e+004 1.025e+004 1.008e+004 1.008e+004 1.015e+004 1.021e+004 1.022e+004 1.021e+004 1.02e+004 1.028e+004 1.047e+004 1.062e+004 1.077e+004 1.098e+004 1.114e+004 1.119e+004 1.113e+004 1.106e+004 1.097e+004 1.09e+004 1.086e+004 1.086e+004 1.086e+004 1.086e+004 1.086e+004
1.062e+004 1.064e+004 1.067e+004 1.07e+004 1.076e+004 1.082e+004 1.082e+004 1.081e+004 1.081e+004 1.081e+004 1.081e+004 1.081e+004 1.081e+004 1.081e+004 1.081e+004 1.082e+004 1.082e+004 1.082e+004 1.083e+004 1.084e+004 1.085e+004 1.086e+004 1.087e+004 1.089e+004 1.088e+004 1.087e+004 1.087e+004 1.09e+004 1.098e+004 1.108e+004 1.086e+004 1.048e+004 1.017e+004 9968 9987 1.002e+004 1.004e+004 1.006e+004 1.005e+004 1.004e+004 1.003e+004 1.007e+004 1.022e+004 1.035e+004 1.053e+004 1.086e+004 1.118e+004 1.131e+004 1.12e+004 1.11e+004 1.1e+004 1.091e+004 1.084e+004 1.085e+004 1.086e+004 1.088e+004 1.087e+004
1.061e+004 1.064e+004 1.067e+004 1.07e+004 1.076e+004 1.082e+004 1.081e+004 1.08e+004 1.08e+004 1.079e+004 1.079e+004 1.08e+004 1.081e+004 1.081e+004 1.081e+004 1.081e+004 1.082e+004 1.082e+004 1.083e+004 1.084e+004 1.085e+004 1.085e+004 1.086e+004 1.088e+004 1.088e+004 1.087e+004 1.087e+004 1.096e+004 1.103e+004 1.096e+004 1.064e+004 1.023e+004 9958 9900 9919 9945 9962 9971 9957 9918 9902 9970 1.006e+004 1.019e+004 1.042e+004 1.073e+004 1.105e+004 1.121e+004 1.117e+004 1.109e+004 1.1e+004 1.091e+004 1.086e+004 1.083e+004 1.084e+004 1.085e+004 1.085e+004
1.061e+004 1.064e+004 1.067e+004 1.07e+004 1.074e+004 1.079e+004 1.08e+004 1.079e+004 1.079e+004 1.078e+004 1.078e+004 1.08e+004 1.08e+004 1.081e+004 1.082e+004 1.082e+004 1.082e+004 1.082e+004 1.082e+004 1.083e+004 1.084e+004 1.085e+004 1.085e+004 1.087e+004 1.088e+004 1.09e+004 1.093e+004 1.108e+004 1.108e+004 1.082e+004 1.045e+004 1.01e+004 9981 9946 9834 9879 9917 9931 9915 9849 9770 9825 9922 1.006e+004 1.029e+004 1.058e+004 1.086e+004 1.102e+004 1.106e+004 1.102e+004 1.096e+004 1.09e+004 1.085e+004 1.082e+004 1.084e+004 1.084e+004 1.084e+004
1.061e+004 1.063e+004 1.066e+004 1.07e+004 1.072e+004 1.073e+004 1.077e+004 1.079e+004 1.078e+004 1.078e+004 1.078e+004 1.079e+004 1.08e+004 1.081e+004 1.082e+004 1.083e+004 1.082e+004 1.082e+004 1.082e+004 1.082e+004 1.082e+004 1.083e+004 1.084e+004 1.086e+004 1.089e+004 1.094e+004 1.102e+004 1.111e+004 1.103e+004 1.068e+004 1.031e+004 1.009e+004 1.002e+004 9936 9847 9854 9897 9933 9947 9900 9776 9736 9801 1e+004 1.021e+004 1.045e+004 1.071e+004 1.088e+004 1.095e+004 1.094e+004 1.091e+004 1.087e+004 1.085e+004 1.084e+004 1.085e+004 1.085e+004 1.085e+004
1.06e+004 1.063e+004 1.065e+004 1.068e+004 1.07e+004 1.071e+004 1.074e+004 1.077e+004 1.077e+004 1.077e+004 1.078e+004 1.079e+004 1.08e+004 1.081e+004 1.082e+004 1.083e+004 1.083e+004 1.082e+004 1.082e+004 1.081e+004 1.081e+004 1.082e+004 1.083e+004 1.085e+004 1.089e+004 1.1e+004 1.114e+004 1.125e+004 1.099e+004 1.06e+004 1.024e+004 1.009e+004 1e+004 9913 9843 9862 9912 9967 1.002e+004 1.005e+004 9882 9744 9738 9855 1.009e+004 1.035e+004 1.058e+004 1.075e+004 1.085e+004 1.088e+004 1.087e+004 1.085e+004 1.084e+004 1.086e+004 1.087e+004 1.088e+004 1.086e+004
1.06e+004 1.062e+004 1.064e+004 1.066e+004 1.068e+004 1.072e+004 1.076e+004 1.077e+004 1.077e+004 1.077e+004 1.079e+004 1.08e+004 1.081e+004 1.082e+004 1.082e+004 1.083e+004 1.083e+004 1.084e+004 1.082e+004 1.082e+004 1.082e+004 1.081e+004 1.082e+004 1.085e+004 1.09e+004 1.106e+004 1.122e+004 1.121e+004 1.091e+004 1.058e+004 1.028e+004 1.005e+004 9968 9865 9838 9874 9925 9990 1.005e+004 1.008e+004 9932 9787 9749 9848 1.005e+004 1.029e+004 1.05e+004 1.068e+004 1.078e+004 1.084e+004 1.086e+004 1.085e+004 1.086e+004 1.085e+004 1.086e+004 1.086e+004 1.086e+004
1.059e+004 1.06e+004 1.062e+004 1.063e+004 1.065e+004 1.068e+004 1.072e+004 1.075e+004 1.078e+004 1.079e+004 1.08e+004 1.08e+004 1.081e+004 1.082e+004 1.082e+004 1.082e+004 1.082e+004 1.083e+004 1.083e+004 1.082e+004 1.082e+004 1.082e+004 1.083e+004 1.085e+004 1.092e+004 1.108e+004 1.125e+004 1.113e+004 1.081e+004 1.057e+004 1.023e+004 1.006e+004 9999 9915 9860 9877 9928 9988 1.004e+004 1.002e+004 9911 9806 9775 9899 1.007e+004 1.028e+004 1.047e+004 1.062e+004 1.075e+004 1.084e+004 1.088e+004 1.088e+004 1.088e+004 1.086e+004 1.086e+004 1.087e+004 1.086e+004
1.058e+004 1.059e+004 1.06e+004 1.061e+004 1.061e+004 1.066e+004 1.068e+004 1.073e+004 1.078e+004 1.081e+004 1.08e+004 1.08e+004 1.081e+004 1.081e+004 1.082e+004 1.082e+004 1.083e+004 1.083e+004 1.083e+004 1.082e+004 1.082e+004 1.082e+004 1.083e+004 1.085e+004 1.091e+004 1.106e+004 1.121e+004 1.104e+004 1.073e+004 1.054e+004 1.021e+004 1.01e+004 1.004e+004 9915 9825 9849 9901 9956 1e+004 9988 9881 9811 9823 9914 1.009e+004 1.031e+004 1.052e+004 1.068e+004 1.082e+004 1.089e+004 1.092e+004 1.093e+004 1.09e+004 1.086e+004 1.085e+004 1.085e+004 1.085e+004
1.058e+004 1.059e+004 1.06e+004 1.062e+004 1.064e+004 1.067e+004 1.07e+004 1.072e+004 1.076e+004 1.078e+004 1.079e+004 1.08e+004 1.08e+004 1.08e+004 1.081e+004 1.082e+004 1.082e+004 1.083e+004 1.083e+004 1.083e+004 1.084e+004 1.084e+004 1.085e+004 1.085e+004 1.087e+004 1.102e+004 1.114e+004 1.092e+004 1.067e+004 1.062e+004 1.031e+004 1.013e+004 1.004e+004 9866 9799 9838 9882 9916 9933 9884 9822 9793 9798 9932 1.013e+004 1.037e+004 1.062e+004 1.084e+004 1.098e+004 1.1e+004 1.094e+004 1.093e+004 1.089e+004 1.085e+004 1.084e+004 1.083e+004 1.084e+004
1.057e+004 1.059e+004 1.061e+004 1.062e+004 1.065e+004 1.067e+004 1.068e+004 1.071e+004 1.074e+004 1.076e+004 1.077e+004 1.078e+004 1.079e+004 1.079e+004 1.08e+004 1.081e+004 1.082e+004 1.082e+004 1.082e+004 1.083e+004 1.084e+004 1.085e+004 1.086e+004 1.087e+004 1.09e+004 1.1e+004 1.111e+004 1.094e+004 1.076e+004 1.067e+004 1.054e+004 1.023e+004 1.003e+004 9889 9842 9869 9883 9880 9857 9777 9756 9765 9806 9906 1.016e+004 1.043e+004 1.072e+004 1.101e+004 1.119e+004 1.11e+004 1.097e+004 1.091e+004 1.087e+004 1.083e+004 1.082e+004 1.083e+004 1.083e+004
1.057e+004 1.059e+004 1.061e+004 1.063e+004 1.065e+004 1.067e+004 1.067e+004 1.068e+004 1.073e+004 1.074e+004 1.074e+004 1.076e+004 1.077e+004 1.078e+004 1.079e+004 1.079e+004 1.08e+004 1.081e+004 1.082e+004 1.083e+004 1.084e+004 1.085e+004 1.087e+004 1.089e+004 1.093e+004 1.097e+004 1.098e+004 1.087e+004 1.075e+004 1.06e+004 1.055e+004 1.038e+004 1.017e+004 1.003e+004 9967 9950 9923 9873 9786 9720 9726 9760 9805 9939 1.019e+004 1.047e+004 1.076e+004 1.103e+004 1.121e+004 1.107e+004 1.097e+004 1.089e+004 1.085e+004 1.082e+004 1.081e+004 1.083e+004 1.083e+004
1.057e+004 1.059e+004 1.061e+004 1.063e+004 1.064e+004 1.066e+004 1.065e+004 1.064e+004 1.066e+004 1.069e+004 1.071e+004 1.073e+004 1.075e+004 1.076e+004 1.077e+004 1.079e+004 1.079e+004 1.079e+004 1.081e+004 1.083e+004 1.084e+004 1.086e+004 1.088e+004 1.09e+004 1.093e+004 1.096e+004 1.096e+004 1.09e+004 1.077e+004 1.074e+004 1.061e+004 1.046e+004 1.033e+004 1.017e+004 1.013e+004 1.005e+004 9994 9916 9808 9688 9759 9811 9836 1.001e+004 1.026e+004 1.051e+004 1.074e+004 1.093e+004 1.101e+004 1.102e+004 1.094e+004 1.088e+004 1.084e+004 1.081e+004 1.08e+004 1.082e+004 1.083e+004
1.057e+004 1.059e+004 1.061e+004 1.063e+004 1.064e+004 1.064e+004 1.064e+004 1.062e+004 1.061e+004 1.065e+004 1.069e+004 1.071e+004 1.072e+004 1.074e+004 1.076e+004 1.078e+004 1.077e+004 1.078e+004 1.08e+004 1.082e+004 1.084e+004 1.086e+004 1.088e+004 1.09e+004 1.092e+004 1.095e+004 1.093e+004 1.097e+004 1.097e+004 1.079e+004 1.069e+004 1.061e+004 1.048e+004 1.029e+004 1.023e+004 1.018e+004 1.011e+004 1.003e+004 9943 9862 9906 9976 1.004e+004 1.022e+004 1.035e+004 1.054e+004 1.073e+004 1.088e+004 1.098e+004 1.096e+004 1.091e+004 1.087e+004 1.083e+004 1.081e+004 1.081e+004 1.082e+004 1.083e+004
1.058e+004 1.06e+004 1.062e+004 1.064e+004 1.065e+004 1.066e+004 1.064e+004 1.063e+004 1.064e+004 1.065e+004 1.067e+004 1.069e+004 1.07e+004 1.072e+004 1.074e+004 1.077e+004 1.077e+004 1.079e+004 1.08e+004 1.082e+004 1.083e+004 1.085e+004 1.086e+004 1.088e+004 1.089e+004 1.089e+004 1.09e+004 1.091e+004 1.098e+004 1.107e+004 1.08e+004 1.072e+004 1.069e+004 1.053e+004 1.037e+004 1.034e+004 1.028e+004 1.02e+004 1.012e+004 1.006e+004 1.01e+004 1.018e+004 1.028e+004 1.029e+004 1.044e+004 1.06e+004 1.074e+004 1.086e+004 1.092e+004 1.092e+004 1.086e+004 1.083e+004 1.082e+004 1.081e+004 1.082e+004 1.082e+004 1.083e+004
1.058e+004 1.06e+004 1.062e+004 1.065e+004 1.067e+004 1.068e+004 1.065e+004 1.064e+004 1.065e+004 1.066e+004 1.067e+004 1.068e+004 1.069e+004 1.07e+004 1.071e+004 1.071e+004 1.076e+004 1.079e+004 1.08e+004 1.081e+004 1.082e+004 1.084e+004 1.085e+004 1.086e+004 1.087e+004 1.088e+004 1.087e+004 1.087e+004 1.091e+004 1.1e+004 1.106e+004 1.094e+004 1.075e+004 1.074e+004 1.061e+004 1.055e+004 1.049e+004 1.041e+004 1.03e+004 1.027e+004 1.028e+004 1.034e+004 1.043e+004 1.044e+004 1.052e+004 1.066e+004 1.077e+004 1.085e+004 1.091e+004 1.089e+004 1.083e+004 1.08e+004 1.079e+004 1.08e+004 1.08e+004 1.08e+004 1.081e+004
1.057e+004 1.059e+004 1.062e+004 1.064e+004 1.067e+004 1.068e+004 1.067e+004 1.069e+004 1.068e+004 1.067e+004 1.067e+004 1.067e+004 1.068e+004 1.069e+004 1.069e+004 1.07e+004 1.073e+004 1.075e+004 1.078e+004 1.08e+004 1.081e+004 1.082e+004 1.083e+004 1.084e+004 1.084e+004 1.084e+004 1.085e+004 1.085e+004 1.089e+004 1.094e+004 1.104e+004 1.112e+004 1.112e+004 1.101e+004 1.088e+004 1.082e+004 1.074e+004 1.067e+004 1.063e+004 1.051e+004 1.046e+004 1.044e+004 1.048e+004 1.049e+004 1.064e+004 1.072e+004 1.079e+004 1.084e+004 1.088e+004 1.086e+004 1.081e+004 1.078e+004 1.076e+004 1.076e+004 1.08e+004 1.077e+004 1.079e+004
1.057e+004 1.059e+004 1.061e+004 1.063e+004 1.064e+004 1.064e+004 1.066e+004 1.065e+004 1.066e+004 1.067e+004 1.067e+004 1.067e+004 1.068e+004 1.068e+004 1.068e+004 1.069e+004 1.072e+004 1.075e+004 1.077e+004 1.079e+004 1.08e+004 1.081e+004 1.082e+004 1.082e+004 1.082e+004 1.081e+004 1.082e+004 1.084e+004 1.085e+004 1.088e+004 1.095e+004 1.102e+004 1.108e+004 1.111e+004 1.115e+004 1.108e+004 1.095e+004 1.085e+004 1.072e+004 1.071e+004 1.065e+004 1.057e+004 1.059e+004 1.084e+004 1.084e+004 1.08e+004 1.08e+004 1.081e+004 1.081e+004 1.079e+004 1.077e+004 1.076e+004 1.075e+004 1.075e+004 1.078e+004 1.076e+004 1.078e+004
1.057e+004 1.059e+004 1.061e+004 1.063e+004 1.064e+004 1.065e+004 1.065e+004 1.066e+004 1.066e+004 1.067e+004 1.067e+004 1.068e+004 1.068e+004 1.069e+004 1.07e+004 1.071e+004 1.073e+004 1.075e+004 1.076e+004 1.077e+004 1.078e+004 1.079e+004 1.08e+004 1.081e+004 1.081e+004 1.08e+004 1.08e+004 1.079e+004 1.08e+004 1.083e+004 1.087e+004 1.091e+004 1.095e+004 1.102e+004 1.11e+004 1.108e+004 1.104e+004 1.105e+004 1.107e+004 1.089e+004 1.082e+004 1.085e+004 1.087e+004 1.088e+004 1.086e+004 1.082e+004 1.081e+004 1.08e+004 1.079e+004 1.077e+004 1.076e+004 1.075e+004 1.075e+004 1.076e+004 1.076e+004 1.076e+004 1.078e+004
1.058e+004 1.059e+004 1.061e+004 1.062e+004 1.064e+004 1.065e+004 1.066e+004 1.067e+004 1.067e+004 1.067e+004 1.067e+004 1.068e+004 1.068e+004 1.069e+004 1.071e+004 1.072e+004 1.073e+004 1.075e+004 1.076e+004 1.077e+004 1.077e+004 1.078e+004 1.078e+004 1.079e+004 1.079e+004 1.079e+004 1.078e+004 1.079e+004 1.079e+004 1.081e+004 1.084e+004 1.087e+004 1.091e+004 1.094e+004 1.098e+004 1.099e+004 1.1e+004 1.102e+004 1.1e+004 1.092e+004 1.087e+004 1.087e+004 1.087e+004 1.081e+004 1.079e+004 1.079e+004 1.079e+004 1.078e+004 1.076e+004 1.075e+004 1.075e+004 1.075e+004 1.075e+004 1.075e+004 1.076e+004 1.076e+004 1.077e+004
1.058e+004 1.059e+004 1.061e+004 1.062e+004 1.063e+004 1.065e+004 1.066e+004 1.066e+004 1.066e+004 1.067e+004 1.067e+004 1.067e+004 1.068e+004 1.069e+004 1.071e+004 1.072e+004 1.073e+004 1.074e+004 1.075e+004 1.075e+004 1.076e+004 1.076e+004 1.077e+004 1.078e+004 1.078e+004 1.078e+004 1.077e+004 1.079e+004 1.08e+004 1.082e+004 1.084e+004 1.087e+004 1.088e+004 1.089e+004 1.092e+004 1.092e+004 1.091e+004 1.088e+004 1.085e+004 1.084e+004 1.081e+004 1.077e+004 1.078e+004 1.077e+004 1.076e+004 1.076e+004 1.076e+004 1.075e+004 1.074e+004 1.073e+004 1.074e+004 1.075e+004 1.075e+004 1.075e+004 1.075e+004 1.076e+004 1.076e+004
