real_craters/C079-300m.grd
DSAA
192 192
-28.63 28.63
-28.63 28.63
9669.4049841712 11364.244895255
[rows 120 to 149 of 192, columns 67 to 133 of 192]
10835 10847.2 10850.6 10853.8 10860.7 10878.4 10898.6 10923.9 10951.5 10985.1 11018.6 11046 11073.5 11118.8 11161.5 11142.7 11112.9 11096.3 11097.5 11108.6 11083.2 11025.4 10970.4 10923.2 10882.2 10846.5 10809.4 10769.8 10729 10685.8 10679.1 10659.5 10636.8 10613.1 10588.3 10559.7 10522.9 10475.5 10471.9 10573.1 10660 10741.8 10793.6 10797.9 10790.3 10785.3 10783.6 10788.3 10793.2 10801.5 10810.8 10818.9 10827.5 10828.9 10822.8 10811.1 10804.9 10797 10787.7 10774 10768.6 10764 10759.7 10756 10752 10747.5 10741
10822.3 10828.4 10832.6 10835.5 10847.1 10858 10877.6 10900.4 10925.5 10948.5 10974.8 11003.5 11035.8 11050.6 11044.3 11079.6 11098.8 11117 11145.7 11189.4 11172.4 11095.9 11034.3 10986.7 10948.2 10913.6 10872.2 10810.6 10769 10750.2 10751.2 10735.1 10712.3 10688.6 10665.5 10641 10610.8 10574.9 10586.9 10670.3 10764.5 10880.4 10945.5 10881.1 10842.6 10820.1 10807.3 10803.7 10803.3 10803.7 10808 10811.2 10812.8 10811.4 10805.2 10795 10788.7 10782.7 10776.4 10771.3 10762.8 10758.7 10755.7 10753.4 10752 10752.9 10759.9
10807.7 10810 10812.6 10814.5 10819.1 10849.9 10859.2 10869.9 10888.6 10911.3 10931.4 10948.1 10979.6 10994.9 11007.2 11035.8 11069.2 11102.1 11137.4 11169.5 11159.2 11109.9 11062.6 11025.7 10998.5 10977 10955.7 10919.8 10898.1 10874.4 10846.6 10813.1 10783.8 10760 10742.6 10731.6 10725.6 10719.2 10731.1 10775.2 10833.2 10901.9 10929 10897.6 10861.8 10836.8 10820.7 10811.8 10806.1 10804.4 10805.2 10803.3 10802.3 10800.1 10794.5 10788.3 10782 10773.5 10764.5 10757.8 10756.7 10754.5 10752.8 10751.9 10752.6 10756 10762.3
10793.7 10794.5 10797.4 10801.4 10810.4 10828.8 10838.4 10845 10858.8 10881.7 10900.7 10916 10935.7 10951.7 10966.6 10994.9 11032.7 11066.7 11094.9 11110.3 11105.8 11086 11062.2 11041.6 11029.7 11027.9 11040 11064.1 11062.7 11005.9 10936.4 10881.9 10844.7 10820 10809.1 10813.5 10835.8 10873.2 10864.4 10855.1 10863.9 10880 10886.6 10870.8 10851.4 10834.7 10822.6 10814.1 10807.2 10804.3 10801.5 10797.7 10794.5 10790.2 10785.9 10781 10776.3 10767.8 10760.8 10755.9 10753.2 10751.8 10750.7 10750.4 10751.9 10755.1 10760
10782.4 10781.3 10787.7 10793.5 10802.2 10813 10822.2 10831.7 10845.2 10862.9 10881.8 10903.1 10913.3 10925 10936.2 10960.1 10996.2 11025.8 11046.9 11052.1 11045.9 11048.5 11043.3 11038.8 11038.9 11048.3 11074.6 11121.7 11114.9 11056.6 10979.4 10922.1 10883.2 10859.9 10852.9 10864.4 10898.4 10951.6 10924.2 10889.3 10867.2 10851.4 10834.9 10830.4 10827 10820 10813.4 10808 10802.9 10798.7 10794.2 10791.6 10787.2 10781.7 10776.2 10772.3 10770.2 10761.8 10756.6 10753.6 10751.4 10749.8 10749.3 10749.1 10749.9 10752.2 10756.1
10781.5 10781.1 10785.7 10788.9 10795.9 10803.7 10813.2 10823.7 10835.4 10849.6 10863.4 10878.1 10895.9 10912.3 10927.1 10944.3 10965.3 10987.5 11002.4 11007.2 11011.3 11012.5 11015.4 11019.3 11024.2 11033.3 11047.2 11053.6 11049.9 11021.5 10973.5 10929.2 10895.4 10874.2 10867.6 10875 10897.5 10926.8 10909.5 10879.9 10849.9 10822.9 10790.9 10794.2 10801 10803 10802.2 10799.6 10796.3 10792.6 10789.4 10784.7 10778.7 10773 10764.3 10759.2 10753.5 10753.4 10753.4 10752.2 10750.3 10748.9 10749 10748.4 10747.8 10747.7 10748.8
10793.4 10793.3 10789.4 10791.7 10800.4 10808.3 10811.5 10816.4 10828.6 10842.1 10852.3 10862.6 10880.4 10894.3 10906.1 10913.9 10936.4 10954 10966.3 10970.2 10966.7 10975.9 10983.6 10988.3 10991.5 10996 10999 10998.4 10988.5 10972.3 10941.6 10912.1 10886.4 10868 10858 10855.8 10858 10857.6 10860.4 10847.3 10824.9 10802.1 10784.1 10779.4 10783.8 10788.1 10789.7 10788.8 10786.9 10781.6 10778.8 10774.5 10769.2 10763.3 10754.3 10748.3 10742.2 10746 10752.8 10751.5 10749.7 10749 10748.8 10748.2 10747.1 10744.9 10743.4
10790 10793.6 10792.1 10791.2 10807.5 10816 10812.7 10812.5 10826.5 10843.1 10856.2 10862.2 10872.8 10881.1 10891.2 10903 10915.7 10927.7 10936.8 10941.9 10944.5 10947.9 10951.1 10952.3 10951.9 10949.6 10943.7 10932.6 10921.8 10916.7 10900.8 10881.8 10863.9 10848.1 10835.3 10824.5 10813.1 10807.3 10812.9 10810.7 10801.6 10786.8 10773.5 10768.8 10771.7 10775.2 10777.2 10777.2 10772.9 10770.9 10768.1 10764.6 10760.1 10752.9 10746.3 10742.2 10737.9 10739.7 10743.9 10747.1 10748.3 10749 10749.4 10749.2 10748.5 10746.9 10746.9
10791.6 10792.2 10793.6 10800.6 10812.1 10818.6 10817 10816.9 10830.3 10849.7 10870.7 10871.8 10874.8 10880.7 10885.1 10890.9 10898.6 10909 10916.9 10920.9 10923.4 10922.5 10920.4 10917.1 10911.1 10902.4 10890.7 10875.1 10861.7 10863.5 10858.5 10849.2 10837.4 10824.3 10810.3 10794.7 10776 10767.4 10776.9 10782.6 10781.7 10772.8 10766.2 10763.2 10763.9 10765.6 10766.8 10767.2 10762.5 10760.4 10758.2 10755 10751 10747.3 10742.8 10738.4 10734.2 10734.9 10737.3 10743.8 10747.5 10749.4 10750.6 10751.4 10751.6 10750.9 10749.2
10786 10783.5 10790.3 10799.4 10808.4 10817.7 10822.1 10820.1 10835 10854.1 10872 10875.3 10877.5 10883.1 10880.8 10873.7 10882.8 10898.2 10904.3 10904 10899.6 10895 10891.4 10883.9 10872.9 10858.2 10840.4 10824.2 10816.2 10819.5 10818.7 10815.4 10807.6 10797.6 10785.1 10771.1 10756.8 10751 10756.1 10762.9 10765.7 10762.1 10760.7 10759.3 10758.4 10758 10758 10755.7 10755.3 10754.2 10752.4 10751.3 10748.5 10744.3 10740.7 10736.8 10732.2 10735.3 10742.5 10745.4 10748.2 10750.3 10752.3 10754.2 10755.8 10757.4 10754.4
10741.8 10767.3 10785.6 10797.4 10804.6 10811.4 10815.1 10822.4 10839.9 10855.9 10868.7 10872.4 10878 10876.8 10883.2 10883.8 10890.9 10898.3 10897.5 10891.8 10885 10878.4 10865.8 10854.5 10839.7 10820.8 10799.6 10784 10778.3 10782.9 10783.9 10783.5 10779.5 10771.1 10761.9 10751.7 10744.9 10740.8 10743.2 10749.2 10753.9 10753.2 10754.2 10754 10754 10753.2 10752.5 10752 10751.2 10749.3 10750.3 10748.3 10746.2 10743.3 10741.5 10737.7 10736.9 10740.5 10745.8 10748.6 10750.5 10752.3 10754.3 10756.5 10758.7 10761 10757.6
10736.8 10768.9 10788.3 10800 10802.4 10809.5 10813.7 10828.1 10848.9 10862.8 10862.1 10878.2 10888.2 10887.3 10891.1 10900.8 10909.7 10905 10893.1 10880.6 10865.6 10848.3 10843.7 10830.8 10813 10793.7 10771.5 10751.9 10747.8 10753.4 10754.5 10756 10754.3 10748.9 10742.2 10734.2 10727.9 10727.4 10733.3 10739.3 10744.4 10745.8 10748.4 10750.4 10749.5 10748.9 10749.1 10748.6 10747.4 10746.2 10746.6 10744.2 10742.7 10742.3 10741.1 10740.7 10744.6 10749.7 10751 10751.5 10752.4 10753.9 10755.8 10757.9 10759.9 10760.2 10759.4
10800.4 10791.3 10798.5 10806.1 10812.1 10815.6 10821.9 10838.7 10862.8 10882.2 10893.8 10889.5 10877 10881 10872.9 10900.5 10928.9 10903.2 10881.6 10865.9 10852.5 10841.7 10829.7 10813.6 10793.5 10773.5 10760.5 10738.9 10730.6 10732.8 10733.1 10735.2 10734.9 10731.5 10727.6 10722 10713.3 10717.8 10726 10732 10737.2 10739.9 10741.8 10742.4 10744.5 10744.9 10745.6 10745.2 10743.6 10743 10741.3 10740 10740.7 10739.9 10740.5 10741.1 10748.4 10754.9 10752.8 10752.5 10753.3 10755 10756.7 10758.2 10760.4 10762.6 10761
10798.7 10805.3 10813.5 10819.3 10822.4 10822.4 10826.6 10848.7 10871.1 10893.7 10907.2 10843.1 10779 10769.1 10800.2 10844.9 10882.7 10865.5 10850.3 10842.7 10838.6 10834.6 10820.6 10801.3 10776 10750.4 10732.1 10727.3 10719.2 10716.3 10718 10718.3 10720 10719.5 10718.3 10717.7 10717.1 10717.3 10722.8 10727.8 10732.8 10734.9 10737.4 10739.6 10741.2 10741.4 10742.1 10741.7 10741.3 10740.1 10738.4 10737.3 10736 10735.8 10737.7 10737.7 10743.7 10749.1 10749.8 10751.4 10753.6 10755.7 10757.2 10758.3 10759.5 10759.6 10759.7
10796.3 10810.5 10823.1 10821.6 10821.4 10827.2 10838.1 10857.5 10857 10857.2 10825.1 10736.1 10659 10655.5 10700.1 10746.2 10781 10790.2 10798.3 10808.4 10817.6 10819.9 10812.3 10792.1 10762.9 10729.9 10704.9 10698.1 10700.9 10702.9 10705.3 10707 10709.8 10711.1 10712.3 10715 10718.3 10716.5 10720.4 10724.5 10729.2 10732.7 10734.1 10736.9 10738.5 10739.2 10739 10738.3 10737.6 10737.4 10736.2 10734.3 10733.6 10733.7 10733.3 10732.5 10734.8 10736.6 10742.6 10749 10753.4 10756.2 10758 10758.4 10757.6 10756.5 10756.2
10799.9 10812.2 10821.3 10812.1 10817.8 10834.9 10851.1 10858 10811.7 10759.2 10681.8 10617.5 10566.4 10569.8 10605.2 10640.4 10661.9 10699 10735.3 10767.1 10794.7 10815 10811.8 10789.4 10756.3 10720.4 10696.2 10687.1 10690.4 10694 10697.1 10700.3 10703.2 10705.8 10706.8 10708.2 10711.9 10713 10717.6 10721.7 10725.5 10728.4 10730.9 10734.1 10735.9 10737.2 10736.6 10736.4 10735.6 10735 10734 10733.4 10732.5 10731.1 10730.9 10728.6 10728.1 10727.3 10739.1 10748.6 10754.2 10757.3 10758.8 10759 10757.3 10755.7 10758
10797.9 10808.4 10828.8 10820.5 10832 10848.8 10856 10832.6 10738.1 10646.5 10559.8 10518.4 10498.9 10503.6 10527.6 10554.8 10581.2 10623.3 10673.5 10723.7 10770.4 10807.3 10813.6 10791.4 10755.2 10716.3 10694.3 10688.6 10689.2 10691.6 10694.8 10697.6 10700.5 10703.7 10703.9 10700.6 10700.4 10709.5 10714.4 10719 10722.8 10726.3 10729.8 10733.8 10735.9 10736.1 10735.3 10734.1 10733.2 10732.7 10731.1 10730.8 10729.2 10729.2 10728.9 10727 10728.1 10733.3 10744.4 10751.8 10756.2 10758.5 10760.1 10760.8 10760.2 10758.7 10759.2
10790.2 10794 10795.1 10828.5 10848.5 10863.6 10834 10744.7 10646.1 10549 10467.1 10446 10438 10451 10468.7 10490 10517.3 10559.2 10616.1 10681.5 10745.8 10801.4 10820.7 10795.4 10757.6 10720.4 10704.5 10698.5 10693.8 10693.6 10695 10697.3 10700.8 10703.7 10706.8 10708.5 10709.3 10711.5 10714 10716.9 10720 10724.6 10728.5 10734.6 10739.9 10734.8 10732.8 10732 10731.1 10730.2 10729.3 10728.8 10728.7 10728.4 10727.8 10728.4 10731.5 10741.1 10753 10756.7 10758.5 10759.7 10760.8 10762.4 10765.1 10763.4 10757.2
10783.5 10786.6 10792.4 10813.8 10850.6 10865.8 10802.8 10661.4 10567.5 10474.4 10409.5 10407.5 10416.2 10419.9 10428.9 10440.1 10454.9 10493.2 10562.3 10640.9 10717.8 10785.4 10817.4 10794.5 10759.7 10724.1 10713.6 10707.5 10698 10696 10696.8 10698.9 10702.6 10706.6 10711.2 10716.4 10716.7 10715.6 10715.8 10717.2 10719.4 10722.6 10725 10728.3 10726.2 10729.2 10729.4 10728.6 10728 10727.3 10726.3 10726.3 10726.7 10726.9 10727.9 10730.3 10734.7 10747 10759.6 10759.9 10759.2 10758.8 10759.3 10760.9 10762 10761.8 10758.6
10781.5 10785.4 10789.5 10803.8 10849.8 10870.4 10785.8 10629.2 10534.9 10452.1 10404.3 10400.6 10405.1 10408.3 10411.1 10411.7 10411.4 10438.9 10520 10606.7 10688.3 10756.1 10789.5 10785 10759.7 10732.9 10713 10704.5 10699 10698.1 10699 10701.3 10704.1 10708 10712.6 10719.7 10718.6 10717.1 10716.5 10716.9 10718.4 10720.4 10722.3 10724.3 10726.7 10725.8 10725.6 10725.2 10724.7 10724.9 10725.4 10725.1 10725.1 10726 10727.5 10730.5 10736.3 10747.9 10758 10759.3 10757 10755 10754.7 10756.5 10759.2 10759.4 10757
10775.4 10781 10786.3 10799.9 10846.7 10874.3 10787.8 10639.9 10556.5 10501 10452.8 10427.9 10418.1 10421.8 10419.4 10411.7 10406.2 10429.2 10499.8 10585.7 10666.8 10733.9 10777.2 10775.9 10756.3 10730.6 10712.5 10703.1 10698.9 10699 10700.6 10702.7 10705.5 10709.2 10712 10707.6 10715.4 10716.4 10716.2 10715.9 10716.8 10717.7 10718.9 10721 10721.7 10721.7 10722.2 10722.5 10722 10721.9 10721.6 10722 10722.5 10723.6 10725.6 10729.1 10734.5 10746.2 10758.2 10755.7 10751.4 10747.6 10745.6 10747.1 10754.7 10760.4 10754.2
10761.4 10759.3 10768.9 10794.7 10830.4 10846.6 10779.2 10671.3 10606.3 10575.8 10530.5 10491.3 10471.5 10465.2 10455.5 10441.1 10428.7 10434.3 10501 10581.3 10656.5 10719.5 10762.7 10765.2 10751.2 10733.3 10713.9 10703.6 10699 10699.6 10700.8 10703 10705.7 10709.5 10714.5 10722.3 10717.1 10714.6 10714.4 10714.5 10715.5 10715.7 10716.2 10716.8 10716.2 10717 10718.3 10719.1 10719 10718.9 10718.8 10719.6 10719.7 10720.9 10722.8 10726.3 10732.2 10741.1 10749.1 10747.2 10742.4 10737 10731.8 10728.5 10729.8 10737.9 10736.9
10746.3 10743.1 10750.4 10774.9 10805.9 10816.1 10775.1 10710.2 10668 10643.1 10612.1 10578 10552 10533 10514.6 10495.4 10478.4 10475.6 10529.9 10598.4 10659.9 10710.1 10742.3 10749.8 10741.4 10724.7 10708.3 10701.6 10699.4 10699 10700.2 10702.2 10705.2 10708.4 10712.2 10714.4 10715 10713.4 10712.4 10712.4 10712.6 10713.1 10713.7 10714.3 10713.2 10714.3 10716.2 10716.8 10716.6 10716.3 10716.1 10716.4 10717.5 10718.5 10720.1 10722.2 10726.1 10731.9 10735.6 10735.6 10732 10725.5 10716.9 10706.5 10697.3 10696.4 10713.3
10732.3 10730.9 10742.9 10760.5 10780.2 10791.6 10777.4 10755.7 10743.8 10732.1 10704.9 10671.3 10642.2 10614 10588.8 10568.5 10554 10550.2 10587.5 10636.1 10676.6 10709.2 10728.6 10736.2 10733.8 10720.2 10704.1 10700 10697.8 10697.3 10698 10699.9 10702.5 10705.8 10708.8 10710.4 10710.6 10710.3 10709.4 10709.2 10709.6 10710.5 10711.6 10713 10715.2 10716.5 10716 10715.3 10714.6 10714.1 10713.9 10714 10714.6 10715.3 10716.6 10717.7 10719.1 10724.2 10725.7 10726.8 10723.6 10716.1 10706.1 10694.1 10685.2 10691.8 10701.6
10719 10719.6 10734.8 10744.6 10751.9 10762.8 10777.5 10790.6 10804.9 10808.1 10795.9 10775.6 10734.9 10694.7 10663.9 10646 10641 10647.2 10669.3 10688.1 10702.2 10716.1 10725.1 10727.7 10725.8 10718.8 10706.2 10700.8 10697.2 10696.1 10695.8 10696.9 10699.4 10702.6 10705.8 10707.2 10706.3 10705.7 10705.8 10706 10706.6 10707.7 10709.2 10712 10715.4 10716.8 10715.8 10713.6 10712 10711.2 10710.9 10711.2 10711.9 10712.9 10714 10715.1 10716.9 10722 10727.3 10726.2 10718.5 10709.5 10700.4 10693.4 10691.4 10693.5 10698.3
10712.1 10710.7 10718.9 10726.5 10731.1 10743.7 10775.6 10812.4 10857.6 10864.2 10869.2 10859.4 10809.6 10759.6 10725 10709.9 10716.7 10752.9 10762.7 10734.1 10724.6 10724.1 10722 10716.6 10709.7 10713.4 10712.2 10701.5 10695.9 10693.1 10692.7 10693.1 10694.9 10697.5 10701.5 10702.6 10701.2 10701 10701.1 10702 10702.7 10704.1 10706.2 10709.6 10714.5 10718.8 10713.8 10710.6 10709 10708.5 10708.4 10708.6 10709.1 10710.1 10711.6 10714 10717.4 10720.4 10724.7 10722.3 10713.4 10704 10695.7 10690.5 10694 10698.7 10696.8
10710.7 10705.6 10705.6 10713.1 10724.4 10741.4 10768.8 10803.1 10848.4 10871.6 10896.9 10915.6 10846.5 10794.9 10761.7 10745.4 10749.4 10771.7 10772 10744.5 10732.4 10728.8 10724.6 10717.1 10705.2 10703.3 10701.8 10696.8 10692 10689.5 10688.5 10688.5 10689.5 10690.6 10690.4 10692.9 10694.5 10695.2 10695.9 10697 10697.9 10699.8 10701.3 10703.9 10707.5 10710.2 10706.9 10705.4 10704.7 10704.5 10704.6 10705.3 10706 10706.7 10708.1 10709.7 10712.2 10714.8 10716.7 10714.6 10707 10698.6 10690.7 10685.2 10687.5 10691.9 10692.5
10697.4 10692.4 10691.6 10701.1 10716.4 10734.3 10754.3 10772.8 10782.2 10826 10850.8 10856.5 10831.2 10797.2 10769.9 10752.6 10742.2 10730.7 10714.9 10722.4 10726.3 10729.5 10730.7 10725 10702.6 10697.6 10693.2 10689.6 10686.4 10685.1 10684.2 10683.6 10683.8 10684.7 10685.6 10686.6 10688.5 10689 10689.4 10690.8 10692.1 10693.2 10695.3 10696.2 10696.3 10693.7 10696.1 10698.1 10699.4 10700.5 10701.2 10701.9 10702.8 10703.4 10704.1 10704.3 10705.6 10707.5 10707.6 10704.9 10700.1 10693.9 10686.7 10679.5 10679.7 10683.7 10687
10686.2 10683.5 10681 10688.5 10701.3 10720.1 10740.6 10760.7 10777.2 10785.1 10792.1 10796.2 10795.1 10779.9 10761 10743.2 10724.9 10705 10692.1 10703.1 10715.9 10726.5 10735 10741.6 10718.1 10690.3 10683.9 10682.5 10680.8 10680.2 10679.2 10678.5 10678.9 10679.3 10680.7 10680.9 10681.7 10682.4 10684.5 10685.8 10687.1 10688.1 10689.4 10689 10687.9 10687.2 10688.8 10691.4 10694 10696.2 10697.9 10699.4 10700.1 10700.3 10700.6 10700.8 10701.2 10701.3 10699.9 10696.9 10695 10691.7 10686.9 10679.9 10676.2 10679.1 10683.5
10686.4 10681.1 10674.8 10677.5 10685.5 10705.6 10728.1 10747.3 10755.7 10756.5 10760.5 10764.9 10764.6 10757.7 10745.1 10728.8 10711.5 10695.3 10687.4 10693 10706.7 10720.2 10728.9 10726.5 10697.2 10681.6 10679 10678.8 10678 10676.7 10675.7 10674.6 10673.7 10673.4 10673.8 10675.1 10675.7 10677 10678.8 10680.7 10681.9 10682.8 10683.4 10683 10681.7 10681.5 10682.7 10686.1 10689.9 10692.9 10694.6 10696.2 10697.1 10697.3 10697.5 10698.4 10698.1 10697.1 10695.5 10693.6 10692.9 10692.7 10691.7 10688.4 10678.6 10679.2 10683.4
