real_craters/C079-750m.grd
DSAA
77 77
-28.63 28.63
-28.63 28.63
9688.2875942054 11311.152407037
[rows 0 to 25 of 77, columns 0 to 56 of 77]
9845 9843 9860 9880 9893 9895 9892 9885 9875 9864 9853 9853 9867 9879 9901 9934 9964 9991 1.002e+004 1.005e+004 1.009e+004 1.016e+004 1.031e+004 1.047e+004 1.063e+004 1.079e+004 1.097e+004 1.104e+004 1.105e+004 1.104e+004 1.102e+004 1.1e+004 1.099e+004 1.098e+004 1.097e+004 1.1e+004 1.102e+004 1.102e+004 1.102e+004 1.1e+004 1.098e+004 1.097e+004 1.095e+004 1.094e+004 1.092e+004 1.09e+004 1.09e+004 1.09e+004 1.088e+004 1.085e+004 1.083e+004 1.082e+004 1.081e+004 1.08e+004 1.08e+004 1.08e+004 1.081e+004
9886 9886 9911 9930 9938 9941 9936 9927 9914 9898 9881 9873 9894 9913 9946 9994 1.004e+004 1.008e+004 1.013e+004 1.018e+004 1.024e+004 1.034e+004 1.046e+004 1.06e+004 1.074e+004 1.089e+004 1.103e+004 1.107e+004 1.105e+004 1.103e+004 1.1e+004 1.097e+004 1.095e+004 1.096e+004 1.097e+004 1.1e+004 1.103e+004 1.104e+004 1.103e+004 1.101e+004 1.099e+004 1.097e+004 1.095e+004 1.094e+004 1.091e+004 1.09e+004 1.09e+004 1.09e+004 1.088e+004 1.084e+004 1.084e+004 1.082e+004 1.081e+004 1.079e+004 1.079e+004 1.079e+004 1.079e+004
9988 9966 9985 9995 1e+004 1e+004 9994 9989 9970 9946 9920 9923 9936 9960 1.001e+004 1.007e+004 1.013e+004 1.019e+004 1.024e+004 1.03e+004 1.037e+004 1.047e+004 1.057e+004 1.069e+004 1.083e+004 1.094e+004 1.102e+004 1.106e+004 1.105e+004 1.103e+004 1.1e+004 1.096e+004 1.094e+004 1.094e+004 1.095e+004 1.099e+004 1.101e+004 1.102e+004 1.102e+004 1.101e+004 1.098e+004 1.096e+004 1.095e+004 1.093e+004 1.09e+004 1.09e+004 1.09e+004 1.091e+004 1.089e+004 1.087e+004 1.085e+004 1.083e+004 1.081e+004 1.08e+004 1.079e+004 1.078e+004 1.077e+004
1.014e+004 1.013e+004 1.01e+004 1.008e+004 1.008e+004 1.008e+004 1.007e+004 1.005e+004 1.003e+004 1e+004 9965 9957 9987 1.003e+004 1.01e+004 1.017e+004 1.024e+004 1.031e+004 1.037e+004 1.042e+004 1.046e+004 1.057e+004 1.071e+004 1.082e+004 1.09e+004 1.096e+004 1.101e+004 1.103e+004 1.104e+004 1.103e+004 1.1e+004 1.098e+004 1.096e+004 1.095e+004 1.094e+004 1.097e+004 1.1e+004 1.101e+004 1.1e+004 1.098e+004 1.097e+004 1.095e+004 1.093e+004 1.091e+004 1.09e+004 1.089e+004 1.089e+004 1.089e+004 1.09e+004 1.089e+004 1.087e+004 1.084e+004 1.082e+004 1.08e+004 1.079e+004 1.078e+004 1.077e+004
1.027e+004 1.024e+004 1.019e+004 1.018e+004 1.018e+004 1.017e+004 1.016e+004 1.014e+004 1.011e+004 1.007e+004 1.002e+004 9981 1.005e+004 1.016e+004 1.021e+004 1.028e+004 1.037e+004 1.045e+004 1.053e+004 1.059e+004 1.066e+004 1.077e+004 1.087e+004 1.096e+004 1.096e+004 1.097e+004 1.098e+004 1.098e+004 1.099e+004 1.099e+004 1.101e+004 1.102e+004 1.1e+004 1.098e+004 1.095e+004 1.094e+004 1.097e+004 1.099e+004 1.097e+004 1.096e+004 1.095e+004 1.094e+004 1.092e+004 1.09e+004 1.09e+004 1.09e+004 1.088e+004 1.087e+004 1.088e+004 1.09e+004 1.088e+004 1.086e+004 1.084e+004 1.082e+004 1.08e+004 1.078e+004 1.077e+004
1.038e+004 1.027e+004 1.024e+004 1.027e+004 1.028e+004 1.027e+004 1.027e+004 1.024e+004 1.021e+004 1.017e+004 1.014e+004 1.012e+004 1.012e+004 1.015e+004 1.028e+004 1.04e+004 1.051e+004 1.061e+004 1.071e+004 1.083e+004 1.096e+004 1.097e+004 1.097e+004 1.098e+004 1.097e+004 1.096e+004 1.095e+004 1.096e+004 1.095e+004 1.096e+004 1.101e+004 1.106e+004 1.103e+004 1.1e+004 1.098e+004 1.093e+004 1.095e+004 1.097e+004 1.096e+004 1.095e+004 1.094e+004 1.093e+004 1.092e+004 1.094e+004 1.094e+004 1.09e+004 1.088e+004 1.086e+004 1.087e+004 1.09e+004 1.088e+004 1.086e+004 1.085e+004 1.084e+004 1.082e+004 1.08e+004 1.079e+004
1.051e+004 1.044e+004 1.041e+004 1.041e+004 1.04e+004 1.038e+004 1.036e+004 1.034e+004 1.031e+004 1.029e+004 1.026e+004 1.022e+004 1.022e+004 1.027e+004 1.042e+004 1.054e+004 1.064e+004 1.073e+004 1.084e+004 1.098e+004 1.109e+004 1.105e+004 1.1e+004 1.096e+004 1.094e+004 1.093e+004 1.092e+004 1.091e+004 1.092e+004 1.094e+004 1.098e+004 1.102e+004 1.1e+004 1.098e+004 1.096e+004 1.094e+004 1.094e+004 1.094e+004 1.094e+004 1.093e+004 1.093e+004 1.092e+004 1.092e+004 1.093e+004 1.09e+004 1.089e+004 1.087e+004 1.086e+004 1.086e+004 1.087e+004 1.086e+004 1.086e+004 1.085e+004 1.083e+004 1.082e+004 1.08e+004 1.079e+004
1.069e+004 1.065e+004 1.063e+004 1.057e+004 1.053e+004 1.049e+004 1.047e+004 1.045e+004 1.045e+004 1.044e+004 1.044e+004 1.044e+004 1.05e+004 1.058e+004 1.064e+004 1.07e+004 1.076e+004 1.083e+004 1.092e+004 1.101e+004 1.105e+004 1.103e+004 1.099e+004 1.094e+004 1.092e+004 1.09e+004 1.089e+004 1.088e+004 1.089e+004 1.091e+004 1.094e+004 1.095e+004 1.095e+004 1.094e+004 1.094e+004 1.095e+004 1.094e+004 1.093e+004 1.092e+004 1.091e+004 1.092e+004 1.092e+004 1.092e+004 1.091e+004 1.09e+004 1.088e+004 1.087e+004 1.086e+004 1.085e+004 1.085e+004 1.085e+004 1.085e+004 1.084e+004 1.083e+004 1.082e+004 1.08e+004 1.079e+004
1.075e+004 1.075e+004 1.075e+004 1.068e+004 1.063e+004 1.06e+004 1.058e+004 1.058e+004 1.058e+004 1.061e+004 1.063e+004 1.07e+004 1.083e+004 1.09e+004 1.086e+004 1.085e+004 1.088e+004 1.091e+004 1.096e+004 1.1e+004 1.101e+004 1.098e+004 1.096e+004 1.093e+004 1.091e+004 1.089e+004 1.087e+004 1.086e+004 1.087e+004 1.09e+004 1.092e+004 1.093e+004 1.092e+004 1.091e+004 1.092e+004 1.094e+004 1.096e+004 1.095e+004 1.09e+004 1.091e+004 1.091e+004 1.092e+004 1.092e+004 1.091e+004 1.09e+004 1.088e+004 1.087e+004 1.086e+004 1.085e+004 1.086e+004 1.085e+004 1.084e+004 1.083e+004 1.082e+004 1.081e+004 1.08e+004 1.079e+004
1.072e+004 1.073e+004 1.073e+004 1.072e+004 1.07e+004 1.067e+004 1.067e+004 1.067e+004 1.07e+004 1.075e+004 1.084e+004 1.091e+004 1.1e+004 1.103e+004 1.098e+004 1.095e+004 1.095e+004 1.096e+004 1.097e+004 1.098e+004 1.095e+004 1.094e+004 1.093e+004 1.092e+004 1.09e+004 1.088e+004 1.086e+004 1.086e+004 1.087e+004 1.089e+004 1.09e+004 1.09e+004 1.09e+004 1.089e+004 1.089e+004 1.091e+004 1.096e+004 1.096e+004 1.093e+004 1.092e+004 1.091e+004 1.09e+004 1.091e+004 1.091e+004 1.09e+004 1.088e+004 1.087e+004 1.086e+004 1.086e+004 1.086e+004 1.086e+004 1.084e+004 1.083e+004 1.082e+004 1.081e+004 1.08e+004 1.079e+004
1.072e+004 1.073e+004 1.075e+004 1.076e+004 1.075e+004 1.073e+004 1.073e+004 1.074e+004 1.078e+004 1.083e+004 1.091e+004 1.096e+004 1.1e+004 1.102e+004 1.102e+004 1.099e+004 1.099e+004 1.098e+004 1.099e+004 1.098e+004 1.095e+004 1.093e+004 1.092e+004 1.09e+004 1.088e+004 1.088e+004 1.086e+004 1.085e+004 1.086e+004 1.088e+004 1.091e+004 1.092e+004 1.091e+004 1.089e+004 1.087e+004 1.088e+004 1.089e+004 1.09e+004 1.094e+004 1.092e+004 1.089e+004 1.089e+004 1.09e+004 1.091e+004 1.09e+004 1.089e+004 1.086e+004 1.085e+004 1.086e+004 1.085e+004 1.084e+004 1.083e+004 1.082e+004 1.081e+004 1.079e+004 1.078e+004 1.078e+004
1.071e+004 1.073e+004 1.078e+004 1.079e+004 1.079e+004 1.078e+004 1.078e+004 1.08e+004 1.082e+004 1.085e+004 1.088e+004 1.093e+004 1.097e+004 1.099e+004 1.1e+004 1.1e+004 1.1e+004 1.1e+004 1.1e+004 1.099e+004 1.097e+004 1.093e+004 1.092e+004 1.09e+004 1.089e+004 1.088e+004 1.088e+004 1.088e+004 1.089e+004 1.092e+004 1.094e+004 1.093e+004 1.092e+004 1.092e+004 1.089e+004 1.087e+004 1.086e+004 1.088e+004 1.086e+004 1.084e+004 1.085e+004 1.087e+004 1.089e+004 1.09e+004 1.091e+004 1.09e+004 1.09e+004 1.088e+004 1.087e+004 1.085e+004 1.084e+004 1.084e+004 1.082e+004 1.08e+004 1.078e+004 1.076e+004 1.076e+004
1.071e+004 1.073e+004 1.078e+004 1.08e+004 1.08e+004 1.081e+004 1.081e+004 1.082e+004 1.083e+004 1.085e+004 1.087e+004 1.09e+004 1.091e+004 1.095e+004 1.097e+004 1.098e+004 1.099e+004 1.1e+004 1.101e+004 1.101e+004 1.098e+004 1.094e+004 1.092e+004 1.091e+004 1.091e+004 1.089e+004 1.09e+004 1.092e+004 1.094e+004 1.093e+004 1.092e+004 1.091e+004 1.091e+004 1.09e+004 1.09e+004 1.089e+004 1.085e+004 1.087e+004 1.077e+004 1.074e+004 1.082e+004 1.086e+004 1.089e+004 1.089e+004 1.089e+004 1.09e+004 1.092e+004 1.091e+004 1.088e+004 1.088e+004 1.089e+004 1.084e+004 1.081e+004 1.079e+004 1.078e+004 1.076e+004 1.075e+004
1.071e+004 1.072e+004 1.076e+004 1.079e+004 1.08e+004 1.081e+004 1.081e+004 1.081e+004 1.082e+004 1.083e+004 1.085e+004 1.087e+004 1.089e+004 1.092e+004 1.094e+004 1.097e+004 1.098e+004 1.1e+004 1.101e+004 1.101e+004 1.098e+004 1.094e+004 1.091e+004 1.089e+004 1.088e+004 1.088e+004 1.089e+004 1.091e+004 1.091e+004 1.091e+004 1.089e+004 1.088e+004 1.088e+004 1.087e+004 1.088e+004 1.089e+004 1.087e+004 1.085e+004 1.084e+004 1.084e+004 1.085e+004 1.086e+004 1.087e+004 1.087e+004 1.086e+004 1.088e+004 1.089e+004 1.088e+004 1.087e+004 1.086e+004 1.084e+004 1.082e+004 1.08e+004 1.079e+004 1.077e+004 1.076e+004 1.075e+004
1.071e+004 1.072e+004 1.077e+004 1.08e+004 1.08e+004 1.079e+004 1.079e+004 1.079e+004 1.08e+004 1.08e+004 1.081e+004 1.084e+004 1.087e+004 1.09e+004 1.093e+004 1.095e+004 1.097e+004 1.099e+004 1.1e+004 1.099e+004 1.096e+004 1.092e+004 1.09e+004 1.087e+004 1.085e+004 1.086e+004 1.087e+004 1.089e+004 1.09e+004 1.088e+004 1.086e+004 1.086e+004 1.086e+004 1.086e+004 1.086e+004 1.087e+004 1.089e+004 1.09e+004 1.092e+004 1.093e+004 1.088e+004 1.085e+004 1.084e+004 1.084e+004 1.084e+004 1.085e+004 1.085e+004 1.085e+004 1.084e+004 1.082e+004 1.08e+004 1.079e+004 1.079e+004 1.079e+004 1.079e+004 1.078e+004 1.076e+004
1.074e+004 1.075e+004 1.079e+004 1.081e+004 1.078e+004 1.077e+004 1.077e+004 1.077e+004 1.077e+004 1.078e+004 1.08e+004 1.082e+004 1.085e+004 1.088e+004 1.092e+004 1.094e+004 1.096e+004 1.097e+004 1.098e+004 1.098e+004 1.095e+004 1.092e+004 1.089e+004 1.087e+004 1.085e+004 1.084e+004 1.085e+004 1.087e+004 1.087e+004 1.086e+004 1.085e+004 1.085e+004 1.084e+004 1.084e+004 1.083e+004 1.085e+004 1.088e+004 1.09e+004 1.091e+004 1.091e+004 1.088e+004 1.085e+004 1.082e+004 1.083e+004 1.084e+004 1.084e+004 1.084e+004 1.082e+004 1.081e+004 1.08e+004 1.078e+004 1.078e+004 1.078e+004 1.079e+004 1.082e+004 1.082e+004 1.078e+004
1.078e+004 1.083e+004 1.077e+004 1.071e+004 1.075e+004 1.075e+004 1.075e+004 1.075e+004 1.076e+004 1.076e+004 1.079e+004 1.082e+004 1.086e+004 1.09e+004 1.092e+004 1.094e+004 1.095e+004 1.096e+004 1.097e+004 1.097e+004 1.095e+004 1.092e+004 1.09e+004 1.087e+004 1.083e+004 1.082e+004 1.084e+004 1.085e+004 1.085e+004 1.084e+004 1.084e+004 1.084e+004 1.081e+004 1.08e+004 1.081e+004 1.084e+004 1.087e+004 1.089e+004 1.09e+004 1.09e+004 1.088e+004 1.086e+004 1.083e+004 1.084e+004 1.083e+004 1.082e+004 1.08e+004 1.081e+004 1.08e+004 1.078e+004 1.077e+004 1.077e+004 1.077e+004 1.078e+004 1.079e+004 1.079e+004 1.077e+004
1.078e+004 1.08e+004 1.078e+004 1.078e+004 1.075e+004 1.074e+004 1.074e+004 1.074e+004 1.074e+004 1.076e+004 1.078e+004 1.082e+004 1.087e+004 1.093e+004 1.093e+004 1.093e+004 1.093e+004 1.093e+004 1.094e+004 1.095e+004 1.095e+004 1.096e+004 1.094e+004 1.09e+004 1.085e+004 1.083e+004 1.084e+004 1.084e+004 1.083e+004 1.083e+004 1.083e+004 1.082e+004 1.081e+004 1.08e+004 1.081e+004 1.082e+004 1.085e+004 1.087e+004 1.089e+004 1.088e+004 1.089e+004 1.089e+004 1.09e+004 1.087e+004 1.084e+004 1.082e+004 1.08e+004 1.08e+004 1.079e+004 1.078e+004 1.077e+004 1.076e+004 1.076e+004 1.075e+004 1.075e+004 1.076e+004 1.076e+004
1.075e+004 1.075e+004 1.076e+004 1.077e+004 1.074e+004 1.072e+004 1.071e+004 1.072e+004 1.073e+004 1.074e+004 1.077e+004 1.08e+004 1.085e+004 1.089e+004 1.091e+004 1.091e+004 1.091e+004 1.091e+004 1.09e+004 1.092e+004 1.095e+004 1.098e+004 1.097e+004 1.092e+004 1.089e+004 1.088e+004 1.085e+004 1.084e+004 1.083e+004 1.083e+004 1.083e+004 1.082e+004 1.082e+004 1.081e+004 1.081e+004 1.083e+004 1.085e+004 1.087e+004 1.088e+004 1.088e+004 1.088e+004 1.088e+004 1.089e+004 1.087e+004 1.085e+004 1.083e+004 1.081e+004 1.08e+004 1.079e+004 1.078e+004 1.077e+004 1.076e+004 1.075e+004 1.074e+004 1.073e+004 1.074e+004 1.074e+004
1.071e+004 1.072e+004 1.071e+004 1.069e+004 1.069e+004 1.069e+004 1.07e+004 1.07e+004 1.071e+004 1.073e+004 1.077e+004 1.083e+004 1.085e+004 1.088e+004 1.089e+004 1.09e+004 1.09e+004 1.089e+004 1.089e+004 1.09e+004 1.093e+004 1.095e+004 1.095e+004 1.092e+004 1.09e+004 1.089e+004 1.086e+004 1.084e+004 1.084e+004 1.084e+004 1.083e+004 1.082e+004 1.083e+004 1.082e+004 1.082e+004 1.084e+004 1.087e+004 1.087e+004 1.088e+004 1.089e+004 1.088e+004 1.087e+004 1.088e+004 1.087e+004 1.085e+004 1.084e+004 1.082e+004 1.081e+004 1.08e+004 1.079e+004 1.077e+004 1.076e+004 1.075e+004 1.074e+004 1.073e+004 1.073e+004 1.073e+004
1.068e+004 1.068e+004 1.067e+004 1.064e+004 1.065e+004 1.067e+004 1.069e+004 1.07e+004 1.071e+004 1.073e+004 1.077e+004 1.081e+004 1.085e+004 1.088e+004 1.089e+004 1.089e+004 1.089e+004 1.088e+004 1.088e+004 1.089e+004 1.09e+004 1.09e+004 1.089e+004 1.089e+004 1.088e+004 1.086e+004 1.085e+004 1.084e+004 1.084e+004 1.084e+004 1.084e+004 1.083e+004 1.083e+004 1.083e+004 1.083e+004 1.085e+004 1.087e+004 1.087e+004 1.088e+004 1.088e+004 1.088e+004 1.087e+004 1.087e+004 1.086e+004 1.085e+004 1.084e+004 1.083e+004 1.082e+004 1.081e+004 1.08e+004 1.078e+004 1.075e+004 1.075e+004 1.074e+004 1.073e+004 1.073e+004 1.073e+004
1.066e+004 1.066e+004 1.065e+004 1.064e+004 1.065e+004 1.067e+004 1.069e+004 1.071e+004 1.072e+004 1.074e+004 1.078e+004 1.082e+004 1.084e+004 1.086e+004 1.087e+004 1.088e+004 1.088e+004 1.088e+004 1.087e+004 1.088e+004 1.088e+004 1.088e+004 1.087e+004 1.087e+004 1.085e+004 1.084e+004 1.084e+004 1.084e+004 1.084e+004 1.085e+004 1.085e+004 1.085e+004 1.084e+004 1.082e+004 1.084e+004 1.086e+004 1.086e+004 1.087e+004 1.088e+004 1.087e+004 1.088e+004 1.09e+004 1.087e+004 1.086e+004 1.084e+004 1.083e+004 1.083e+004 1.082e+004 1.082e+004 1.081e+004 1.081e+004 1.081e+004 1.078e+004 1.075e+004 1.073e+004 1.074e+004 1.074e+004
1.065e+004 1.065e+004 1.064e+004 1.064e+004 1.065e+004 1.067e+004 1.069e+004 1.072e+004 1.074e+004 1.076e+004 1.078e+004 1.08e+004 1.082e+004 1.084e+004 1.086e+004 1.087e+004 1.088e+004 1.089e+004 1.09e+004 1.089e+004 1.088e+004 1.087e+004 1.086e+004 1.086e+004 1.085e+004 1.084e+004 1.084e+004 1.084e+004 1.084e+004 1.085e+004 1.085e+004 1.084e+004 1.083e+004 1.084e+004 1.085e+004 1.086e+004 1.088e+004 1.088e+004 1.088e+004 1.087e+004 1.087e+004 1.087e+004 1.087e+004 1.086e+004 1.085e+004 1.084e+004 1.083e+004 1.083e+004 1.083e+004 1.083e+004 1.083e+004 1.083e+004 1.081e+004 1.079e+004 1.078e+004 1.079e+004 1.079e+004
1.064e+004 1.063e+004 1.063e+004 1.064e+004 1.065e+004 1.068e+004 1.07e+004 1.073e+004 1.076e+004 1.078e+004 1.078e+004 1.08e+004 1.082e+004 1.083e+004 1.084e+004 1.087e+004 1.088e+004 1.089e+004 1.09e+004 1.089e+004 1.088e+004 1.087e+004 1.087e+004 1.086e+004 1.085e+004 1.085e+004 1.085e+004 1.085e+004 1.085e+004 1.085e+004 1.085e+004 1.085e+004 1.084e+004 1.084e+004 1.083e+004 1.086e+004 1.09e+004 1.09e+004 1.088e+004 1.088e+004 1.087e+004 1.088e+004 1.089e+004 1.088e+004 1.086e+004 1.085e+004 1.085e+004 1.085e+004 1.085e+004 1.084e+004 1.084e+004 1.083e+004 1.082e+004 1.082e+004 1.081e+004 1.082e+004 1.083e+004
1.063e+004 1.062e+004 1.061e+004 1.063e+004 1.065e+004 1.067e+004 1.07e+004 1.074e+004 1.078e+004 1.079e+004 1.078e+004 1.08e+004 1.082e+004 1.084e+004 1.085e+004 1.087e+004 1.088e+004 1.089e+004 1.089e+004 1.088e+004 1.087e+004 1.087e+004 1.086e+004 1.085e+004 1.085e+004 1.085e+004 1.086e+004 1.086e+004 1.086e+004 1.087e+004 1.087e+004 1.086e+004 1.085e+004 1.087e+004 1.087e+004 1.09e+004 1.092e+004 1.091e+004 1.09e+004 1.088e+004 1.086e+004 1.089e+004 1.09e+004 1.089e+004 1.088e+004 1.086e+004 1.087e+004 1.087e+004 1.086e+004 1.085e+004 1.083e+004 1.081e+004 1.08e+004 1.081e+004 1.082e+004 1.083e+004 1.084e+004
1.062e+004 1.062e+004 1.062e+004 1.063e+004 1.065e+004 1.068e+004 1.07e+004 1.072e+004 1.075e+004 1.079e+004 1.082e+004 1.083e+004 1.084e+004 1.085e+004 1.087e+004 1.087e+004 1.087e+004 1.088e+004 1.089e+004 1.088e+004 1.087e+004 1.086e+004 1.085e+004 1.084e+004 1.084e+004 1.085e+004 1.085e+004 1.087e+004 1.088e+004 1.089e+004 1.089e+004 1.089e+004 1.089e+004 1.092e+004 1.09e+004 1.092e+004 1.094e+004 1.095e+004 1.093e+004 1.091e+004 1.088e+004 1.09e+004 1.09e+004 1.091e+004 1.091e+004 1.092e+004 1.092e+004 1.09e+004 1.088e+004 1.086e+004 1.084e+004 1.082e+004 1.081e+004 1.08e+004 1.081e+004 1.083e+004 1.084e+004
