real_craters/C080-500m.grd
DSAA
117 117
-28.945 28.945
-28.945 28.945
8641.1861666311 10082.861613454
[rows 60 to 89 of 117, columns 0 to 66 of 117]
9606.41 9594.43 9602.47 9618.03 9630.05 9625.41 9614.68 9596.01 9595.56 9600.11 9605.07 9604.15 9609.18 9602.75 9607.4 9623.71 9625.52 9627.73 9629.9 9623.49 9625.77 9628.12 9633.9 9641.92 9647.09 9647.92 9645.57 9647.07 9650.73 9654.26 9660.15 9677.24 9695.85 9700.1 9705.37 9703.17 9694.15 9695.93 9704.47 9730.09 9803.1 9874.92 9915.44 9898.47 9756.86 9489.65 9218.22 9048.31 8932.34 8811.69 8779.72 8775.49 8781.93 8797.47 8822.77 8851.88 8879.21 8928.46 8983.65 8981.39 8967.9 8932.04 8893.07 8864.39 8853.27 8866.57 8865.12
9609.25 9599.1 9606.62 9623.38 9638.61 9647.45 9627.73 9597.03 9592.48 9591.55 9592.88 9592.97 9593.34 9594.11 9598.01 9621.55 9624.61 9628.28 9627.42 9627.16 9630.61 9632.81 9636.86 9657.72 9658.05 9665.39 9671.6 9651.89 9653.86 9656.13 9658.93 9667.73 9688.81 9694.54 9696.47 9694.96 9691.44 9695.29 9713.99 9734.26 9802.29 9871.67 9917.8 9910.04 9787.18 9523.08 9235.4 9068.7 8953.81 8830.12 8796.23 8785.7 8785.03 8788.78 8800.74 8823.89 8855.7 8910.98 8951.77 8927.91 8900.92 8884.15 8863.96 8843.9 8831.47 8845.27 8858.98
9612.06 9603.88 9609.98 9626.38 9644.96 9656.98 9648.41 9607.02 9600.4 9597.49 9592.19 9592.08 9593.77 9593.5 9594.55 9620.77 9621.24 9625.21 9629.16 9634.96 9640.84 9643.46 9644.68 9667.29 9665.6 9666.09 9669.17 9669.1 9667.72 9665.89 9668.12 9669.86 9673.57 9681.65 9683.24 9683.47 9689.01 9696.73 9708.19 9732.32 9800.56 9874.4 9927.95 9930.43 9817.88 9576.21 9294.93 9081.77 8942.03 8858.45 8823.63 8803.74 8788.94 8776.74 8769.04 8768.77 8800.71 8851.42 8877.74 8861.57 8835.06 8845.6 8834.65 8819.85 8807.89 8810.33 8869.31
9615.13 9611.35 9613.75 9625.64 9641.97 9667.2 9664.97 9633.03 9609.97 9598.25 9592.96 9590.64 9589.53 9588.34 9595.37 9621.16 9626.8 9630.62 9636.42 9639.35 9645.01 9648.26 9648.42 9671.47 9672.07 9672.71 9671.68 9669.09 9669.7 9667.05 9664.61 9663.64 9664.69 9673.75 9679.22 9682.6 9689.19 9697.99 9710.79 9728.25 9797.48 9880.92 9950.79 9976.11 9905.18 9655.34 9361.03 9158.7 9013.02 8914.21 8880.74 8847.55 8815.85 8784.57 8754.64 8732.26 8746.62 8778.24 8795.28 8824.86 8853.86 8843.64 8822.84 8804.73 8801.48 8820.53 8902.45
9616.85 9615.69 9615.57 9620.59 9624.09 9615.52 9604.75 9617.35 9609.59 9600.65 9598.29 9596.05 9595.34 9598.28 9598.04 9626.18 9629.65 9633.57 9637.54 9642.15 9647.58 9651.46 9658.11 9681.72 9679.48 9673.31 9670.7 9671.72 9675.06 9671.13 9657.17 9658.85 9666.18 9672.17 9678.04 9684.25 9681.36 9685.48 9694.91 9711.26 9786.09 9880.88 9969.14 10027.8 9996.97 9746.34 9444.62 9251.17 9126.24 9042.3 8967.37 8908.17 8854.94 8807.18 8760.65 8722.99 8718.75 8736.25 8756.83 8812.89 8866.19 8853.08 8820.09 8798.41 8807.53 8864.8 8973.5
9613.85 9615.88 9616.45 9615.88 9611.64 9599.42 9592.41 9600.22 9606.43 9606.6 9606.01 9612.02 9615.09 9615.76 9633.68 9635.71 9635.51 9645.9 9648.3 9650.38 9652.68 9655.17 9650.91 9671.13 9671.69 9672.82 9676.49 9675.83 9677.79 9684.17 9681.16 9664.83 9671.96 9671.64 9673.93 9674.72 9668.52 9670.27 9675.31 9690.92 9770.45 9871.71 9971.79 10051.5 10066.6 9827.18 9537.25 9383.65 9249.66 9146.57 9049.77 8973.3 8907.97 8844.57 8787.88 8740.74 8723.62 8738.99 8766.39 8810.47 8853.81 8852.64 8824.04 8799.69 8827.3 8911.95 9072.02
9610.16 9612.15 9616.25 9613.6 9610.34 9606.99 9599.27 9608.5 9628.67 9641.78 9648.71 9654.18 9658.68 9660.57 9654.63 9663.32 9664.22 9664.47 9663.35 9658.93 9659.57 9660.76 9651.49 9668.2 9668.89 9672.09 9673.44 9674.14 9674.46 9675.77 9661.8 9660.49 9666.16 9668.11 9667.97 9664.21 9661.65 9664.77 9670.06 9686.07 9759.14 9854.97 9951.38 10032.5 10062.1 9880.73 9621.99 9471.88 9338.89 9206.25 9116.46 9037.4 8961.78 8895.42 8831.01 8776.41 8745.52 8752.14 8771.72 8817.13 8859.95 8868.9 8845.58 8820.42 8877.9 9033.85 9244.11
9606.85 9606.28 9613.16 9611.59 9612.02 9617.54 9617.08 9634.1 9656.34 9665.47 9682.63 9690.31 9695.84 9672.54 9667.93 9673.94 9669.78 9667.11 9665.54 9664.11 9664.81 9664.99 9658.09 9671.12 9671.08 9666.21 9666.88 9665.82 9665.14 9661.52 9654.54 9658.2 9662.44 9665.26 9665.3 9661.69 9660.28 9667.74 9680.75 9700.54 9750.56 9826.96 9905.85 9963.34 9992.42 9911.81 9727.69 9529.22 9421.65 9310.35 9206.6 9116.31 9037.79 8962.49 8889.88 8824.85 8783.07 8764.63 8785.37 8839.39 8897.54 8918.12 8896.72 8889.16 8978.18 9161.88 9368.11
9606.77 9608.81 9610.04 9608.93 9611.26 9623.49 9638.04 9668.66 9674.78 9675.76 9670.86 9668.54 9674.63 9669.57 9664.14 9669.08 9671.33 9670.83 9666.32 9666.1 9666.44 9662.44 9660.53 9661.67 9662.32 9663.9 9666.69 9666.61 9663.87 9658.52 9652.65 9659.03 9662.24 9663.19 9666.96 9668.64 9666.69 9674.76 9689.11 9707.45 9739.78 9792.77 9845.43 9882.27 9884.81 9907.24 9859.24 9685.38 9546.88 9406.89 9288.97 9204.99 9129.74 9050.23 8968.75 8895.92 8854.21 8843.08 8820.43 8878.59 8937.61 8971.28 8965.4 8994.38 9081.3 9214.84 9311.35
9607.28 9608.2 9607.97 9607.59 9609.66 9624.89 9698.21 9710.42 9696.04 9685.11 9676.65 9671.08 9666.91 9666.29 9661.02 9663.6 9662.95 9666.89 9663.04 9663.04 9668.03 9667.31 9665.26 9661.02 9663.39 9662.98 9666.73 9663.51 9662.51 9662.84 9664.27 9662.09 9661.67 9664.35 9668.39 9672.65 9675.37 9682.12 9692.1 9702.89 9726.07 9762.46 9794.28 9816.03 9819.41 9836.53 9919.61 9873.34 9679.33 9497.95 9368.32 9315.62 9246.47 9157.45 9063.48 8967.05 8887.52 8869.09 8896.22 8947.99 8991.69 9017.82 9043.38 9083.62 9187.78 9292.89 9363.97
9607.32 9609.61 9609.13 9610.17 9617.12 9637.67 9735.85 9732.7 9705.98 9693.04 9683.72 9677.65 9677.86 9675.59 9665.61 9672.29 9669.19 9668.4 9651.59 9650.91 9648.46 9651.23 9661.95 9648.58 9647.96 9647.81 9648.14 9650.07 9652.22 9655.63 9656.98 9653.92 9659.11 9663.96 9669.74 9676.77 9684.5 9687.91 9693.28 9698.81 9713.43 9736.29 9754.21 9770.52 9779.57 9802.76 9886.71 9890.5 9773.81 9637.38 9528.43 9469.77 9394.69 9301.37 9197.95 9075.3 8953.62 8935.82 9004.78 9069.34 9107.49 9126.97 9179.96 9225.59 9350.54 9467.47 9564.05
9605.74 9606.47 9608.58 9616.77 9638.92 9669.11 9711.53 9705.26 9693.95 9689.18 9684.09 9681.35 9676.13 9671.08 9663.69 9656.97 9656.47 9650.34 9649.05 9648.51 9649.89 9649.36 9663.46 9646.71 9646.31 9647.21 9646.84 9647.41 9647.35 9645.9 9649.81 9653.77 9656.66 9662.37 9668.52 9674.31 9682.07 9689.9 9695.17 9700.14 9709.71 9721.67 9732.88 9742.88 9754.89 9772.55 9837.54 9858.91 9835.53 9797.96 9747.07 9655.09 9545.01 9445.05 9352.66 9256.93 9168.36 9135.94 9193.35 9256.7 9302.66 9342.35 9407.17 9478.75 9584.21 9707.03 9832.31
9603.74 9604.81 9605.85 9620.43 9662.11 9695.75 9671.79 9660.06 9672.83 9680.74 9681.36 9682.52 9673.86 9666.73 9666.87 9661.57 9654.01 9649.82 9648.39 9647.46 9644.55 9644.11 9658.2 9642.56 9642.14 9644.33 9644.88 9644.94 9644.3 9648.6 9646.13 9647.16 9653.34 9660.47 9667.27 9673.44 9683.09 9689.65 9697.46 9707.12 9711.99 9720.2 9727.76 9735.44 9747.28 9770.83 9794.23 9833.51 9863.59 9893.48 9923.64 9789.44 9677.02 9592.51 9527.56 9475.91 9432.17 9409.04 9442.12 9487.61 9543.91 9604.39 9696.71 9756.44 9811.25 9904.66 10042.6
9601.41 9602.79 9603.99 9619.08 9670.56 9705.38 9673.55 9648.54 9660.92 9673.56 9680.29 9685.77 9688.1 9666.29 9666.71 9657.36 9655.54 9650.89 9651.41 9650.37 9648.22 9647.59 9660.22 9646.21 9644.36 9640.92 9639.21 9638.9 9638.14 9636.71 9638.04 9642.27 9651.23 9660.08 9668.34 9677.3 9679.89 9687.97 9697.22 9707.27 9716.64 9720.38 9724.36 9730.84 9743.6 9756.22 9770.79 9813.53 9851.96 9876.83 9863.56 9820.23 9757.04 9706.51 9683.33 9691.48 9728.39 9735.32 9689.24 9701.56 9771.65 9898.88 10003 10014.5 9955.81 9955.92 9991.62
9599.97 9602.25 9604.49 9615.58 9667.12 9712.31 9689.14 9661.31 9664.89 9674.53 9678.31 9682.17 9680.09 9670.37 9667.32 9663.33 9660.45 9658.58 9656.81 9652.17 9650.77 9648.84 9650.86 9641.51 9639.32 9639.42 9640.16 9638.76 9637.8 9635.83 9638.33 9643.37 9651.24 9660.16 9669.43 9677.04 9681.77 9688.14 9695.61 9702.39 9713.41 9716.48 9718.96 9723.63 9730.57 9758.55 9801.19 9812.26 9832.2 9846.76 9848.52 9826.31 9798.46 9780.16 9783.03 9826.05 9924.02 9910.79 9835.21 9832.41 9894.83 10020.8 10082.9 10046.1 9970.62 9927.41 9910.69
9598.61 9602.65 9606.76 9613.36 9650.05 9689.56 9689.39 9678.08 9671.96 9669.24 9669.23 9666.93 9672.16 9665.56 9662.48 9661.16 9659.45 9654.23 9652.57 9648.05 9646.76 9643.97 9641.87 9637.76 9636.67 9637.7 9638.69 9638.51 9639.08 9639.81 9641.26 9643.86 9650.71 9660.18 9670.38 9680.55 9685.48 9689.94 9693.76 9698.18 9702.53 9707.11 9710.23 9713.4 9718.85 9736.34 9778.94 9795.02 9805.89 9815.53 9821.56 9815.17 9809.68 9811.13 9820.51 9840.32 9851.92 9846.16 9853.43 9864.1 9893.56 9917.54 9891.66 9898.05 9903.36 9872.58 9842.88
9596.38 9601.25 9608.07 9617.73 9621.17 9657.48 9677.41 9682.99 9676.13 9670.6 9667.13 9662.56 9666.59 9660.39 9657.54 9653.47 9654.91 9651.21 9649.84 9649 9647.7 9642.56 9640.56 9646.13 9640.49 9636.86 9636.97 9636.6 9635.01 9632.39 9633.02 9639.76 9649.2 9659.78 9669.66 9676.08 9683.89 9688.43 9693.34 9694.73 9696.19 9701.7 9702.62 9705.03 9712.17 9721.7 9738.96 9767.18 9781.34 9785.17 9778.03 9785.18 9803.25 9814.2 9821.76 9820.69 9811.36 9813.81 9828.62 9846.21 9853.51 9831.4 9788.11 9819.67 9851.97 9849.32 9819.63
9593.98 9598.4 9603.36 9606.7 9607.33 9639.59 9663.21 9669.61 9677.51 9674.37 9667.48 9660.81 9658.51 9653.53 9650.64 9646.42 9649.56 9646.1 9644.61 9643.55 9642.74 9643.14 9639.06 9638.9 9636.1 9636.85 9636.53 9635.8 9636.36 9629.3 9623.16 9634.23 9645.57 9657.98 9671.09 9682.49 9687.7 9693.37 9697.71 9697.53 9695.36 9696.73 9697.05 9697.04 9698.72 9709 9724.92 9748.09 9761.94 9765.93 9769.08 9781.61 9795.5 9810.09 9816.98 9814.72 9795.12 9780.42 9807.49 9826.25 9833.13 9825.6 9817.01 9822.5 9837.76 9850.4 9815.37
9590.5 9594.38 9598.48 9601.65 9606.01 9631.69 9657.96 9685.39 9686.48 9675.95 9666.87 9660.2 9656.82 9650.47 9647.91 9646.02 9644.02 9644.29 9643.91 9641.23 9640.71 9639.52 9639.23 9638.72 9637.9 9636.73 9635.79 9634.17 9632.01 9627.01 9627.09 9632.72 9642.31 9654.8 9669.19 9682.78 9694.43 9703.36 9707.5 9706.94 9705.58 9698.51 9695.82 9693.7 9692.62 9705.89 9718.61 9735.7 9748.33 9756.79 9761.91 9771.38 9790.66 9803.61 9815.35 9824.97 9827.98 9814.34 9816.9 9820.96 9830.08 9841.55 9861.35 9833.57 9828.1 9820.85 9794.3
9586.82 9590.69 9594.08 9599.91 9602.19 9613.83 9643.86 9676.87 9675.32 9665.28 9660.92 9658.78 9653.1 9649.71 9650.2 9649.55 9648.37 9647.45 9648.05 9646.9 9642.73 9637.16 9638.17 9638.78 9638.02 9636.92 9635.52 9632.87 9628.19 9626.93 9628.5 9632.15 9638.82 9649.32 9666.69 9682.49 9698.72 9717.95 9718.24 9716.57 9715.08 9703.72 9697.12 9694.46 9697.15 9710.78 9722.76 9728.36 9737.65 9751.2 9768.35 9789.29 9793.77 9803.96 9814.65 9823.5 9827.63 9833.38 9827.4 9825.68 9830.74 9837.14 9830.41 9819.69 9818.31 9816.17 9783.69
9583.35 9587.76 9592.08 9597.47 9601 9606.94 9620.54 9627.32 9633.87 9643.85 9648.83 9649.88 9648.15 9649.01 9648.85 9648.13 9647.67 9647.5 9647 9646.16 9645.28 9637.18 9638.07 9638.86 9636.92 9635.08 9634.31 9633.27 9633.21 9631.22 9630.93 9630.62 9632.86 9637.22 9645.7 9666.72 9691.38 9718.71 9719.39 9719.32 9718.89 9706.46 9699.36 9696.07 9696.94 9702.62 9712.66 9720.94 9734.61 9748.95 9762.68 9775.91 9788.88 9804.18 9814.63 9819.68 9824.73 9822.65 9821.28 9823.59 9825.41 9823.17 9811.4 9807.03 9807.91 9799.26 9781.62
9579.45 9584.8 9590.38 9595.86 9599.89 9602.59 9605.04 9605.12 9611.17 9623.72 9634.01 9639.81 9642.41 9644.2 9645.51 9646.73 9647.75 9648.47 9648.75 9648.53 9648.33 9642.05 9641.48 9641.19 9639.6 9638.9 9638.27 9634.47 9631.54 9632.02 9630.37 9629.73 9629.07 9627.68 9626.04 9647.7 9673.17 9689.18 9704.54 9713.12 9716.89 9710.4 9700.58 9698.01 9699.97 9700.85 9699.99 9715.65 9734.72 9750.54 9762.2 9771.39 9790.88 9807.48 9819.24 9825.79 9828.28 9822.58 9822.1 9823.41 9819.18 9811.71 9803.15 9803.72 9806.29 9797.85 9787.93
9575.18 9581.48 9588.33 9594.32 9594.95 9597.47 9598.49 9600.02 9605.21 9613.89 9622.76 9628.82 9634.5 9637.25 9639.35 9641.13 9642.29 9642.49 9643.03 9642.33 9642.86 9638.41 9638.72 9638.78 9646.35 9641.8 9640.2 9636.84 9639.14 9636.34 9633.69 9631.2 9629.14 9627.35 9630.33 9641.86 9659.18 9679.22 9690.17 9699.89 9706.78 9704.32 9696.58 9696.49 9700.5 9707.53 9708.66 9723.38 9742.29 9758.21 9771.79 9785.79 9799.94 9815.1 9827 9829.61 9831.33 9838.25 9839.15 9824.41 9814.32 9804.44 9801 9806.46 9813.12 9808.96 9790.06
9570.52 9577.17 9583.55 9588.23 9591.04 9593.19 9595.37 9598.01 9603.07 9610.27 9616.18 9621.49 9625.49 9628.67 9631.34 9633.28 9635.01 9635.27 9636.47 9637.55 9637.83 9635.1 9636.4 9635.23 9641.41 9640.54 9644.23 9639.97 9639.02 9637.67 9636.22 9632.91 9629.89 9629.94 9634.17 9639.58 9647.46 9650.99 9663.35 9683.67 9695.32 9696.99 9692.45 9696.26 9701.9 9710.48 9727.98 9744.5 9756.45 9768.36 9780.59 9793.33 9808.37 9821.74 9835.54 9848.56 9838.72 9831.13 9821.47 9817.93 9808.73 9801.25 9798.55 9798.72 9798.03 9788.96 9770.66
9565.47 9571.73 9577.83 9583.37 9588.15 9590.15 9593.15 9597.34 9602.93 9606.57 9613.35 9618.29 9621.53 9623.69 9625.75 9628.18 9630.58 9632.23 9633.77 9635.73 9637.2 9635.12 9636.61 9634.73 9640.11 9646.34 9649.07 9644.68 9643.31 9646.44 9641.48 9635.71 9632.07 9630.58 9632.22 9637.99 9643.38 9646.59 9659.05 9676.16 9687.3 9694.54 9691.58 9698.74 9707.29 9721.17 9744.55 9761.3 9770.04 9776.13 9785.06 9801.08 9812.89 9819.28 9830.66 9830.75 9823.96 9822.25 9817.83 9808.72 9799.79 9790.11 9782.59 9776.19 9757.28 9751.11 9743.86
9560.31 9566.33 9572.54 9580.05 9584.45 9586.72 9590.48 9595.82 9601.31 9604.56 9608.31 9611.9 9618.78 9621.25 9622.57 9624.68 9626.33 9628 9628.11 9629.85 9632.48 9631.49 9634.83 9637.56 9641.69 9650.2 9655.79 9658.17 9653.43 9656.41 9643.52 9637.78 9634.56 9632.19 9633.56 9640.4 9649.8 9661.93 9674.76 9674.2 9680.25 9680.65 9686.23 9708.58 9724.51 9741.47 9764.39 9782.08 9778.58 9775.78 9778.18 9786.59 9795.81 9801.14 9814.35 9827.37 9816.93 9806.47 9802.02 9791.3 9786.66 9783.56 9758.12 9729.75 9734.02 9727.74 9720.1
9554.01 9560.33 9566.43 9570.44 9577.56 9581.79 9587.5 9593.8 9599.96 9603.54 9605.16 9608.06 9616.04 9618.13 9622.58 9625.06 9627.33 9628.57 9629.78 9632.05 9633.07 9633.43 9633.57 9638.07 9641.19 9648.72 9653.97 9666.25 9650.64 9634.74 9637.65 9637.47 9636.46 9636.84 9640.74 9646.64 9655.28 9661.99 9666.4 9674.81 9682.31 9685.99 9691.17 9718.81 9737.46 9754.22 9772.91 9788.27 9776.14 9765.51 9759.69 9755.95 9754.37 9766.74 9781.91 9798.94 9791.23 9775.02 9763.58 9755.25 9759.84 9768.61 9741.53 9713.99 9725.73 9718.96 9714.1
9547.15 9554.23 9562.25 9564.92 9570.18 9577.16 9584.38 9591.64 9598.89 9602.94 9605.11 9607.16 9613.24 9616.7 9618.06 9621.95 9626.03 9630.13 9632.69 9635.52 9637.97 9636.98 9635.22 9637.69 9639.26 9642.46 9641.41 9631.83 9630.02 9631.09 9635.8 9638.28 9639.29 9640.77 9646.87 9655.03 9663.6 9669.78 9670.5 9684.65 9692.25 9698.78 9705.31 9723.97 9742.61 9752.88 9761.44 9769.74 9754.97 9745.14 9736.09 9724.47 9715.13 9733.25 9747.1 9753.54 9752.07 9735.37 9709.35 9708.78 9718.82 9724.59 9719.16 9718.57 9710.22 9705.4 9705.81
9540.15 9546.47 9554.51 9559.58 9565.84 9573.43 9581.05 9589.21 9597.72 9603.12 9605.62 9610.11 9613.38 9615.49 9616.87 9619.12 9622.02 9624.39 9628.98 9629.92 9633.26 9632.42 9634.79 9634.68 9637.39 9639.77 9635.5 9629.04 9632.73 9637.54 9640.99 9643.27 9644.6 9645.82 9654.5 9666.06 9678.19 9690.17 9709.5 9706.37 9706.14 9707.92 9721.53 9735.35 9741.3 9743.6 9736.55 9715.73 9723.63 9724.69 9719.51 9711.6 9708.12 9716.58 9724.91 9728.34 9725.33 9709.47 9687.8 9682.95 9687.7 9688.03 9695.76 9690.13 9690.04 9695.25 9699.3
9536.17 9538.82 9541.68 9546.24 9558.98 9569.46 9576.57 9585.46 9595.13 9601.77 9604.84 9608.97 9613.33 9615.63 9617.45 9620.12 9621.4 9624.13 9624.66 9627.37 9632.05 9631.71 9631.9 9633.37 9635.54 9641.3 9637.69 9634.17 9646.54 9650.09 9649.56 9650.73 9652.97 9657.49 9665.14 9676.69 9689.82 9703.73 9715.5 9719.67 9718.94 9718.63 9730.39 9738.96 9741.12 9734.49 9723.65 9712.79 9712.33 9712.57 9709.41 9706.07 9705.04 9713.46 9721.24 9725.55 9715.14 9699.29 9682.79 9676.69 9680.53 9684.31 9688.07 9693.15 9694.33 9697.91 9702.96
