real_craters/C080-1000m.grd
DSAA
34 34
-16.54 16.54
-16.54 16.54
8239.7034132184 9620.1198531251
9369.6 9336.53 9307.9 9293.63 9284.33 9273.6 9265.49 9258.75 9250.91 9255.88 9255.86 9249.28 9241.45 9234.68 9237.68 9250.82 9254.93 9256.03 9258.92 9273.52 9316.73 9331.55 9338.72 9363.96 9394.61 9411.31 9411.75 9411.88 9412.37 9404.53 9371.1 9342.55 9329.48 9330.54 
9355.98 9323.4 9304.9 9289.54 9273.76 9269.42 9265.05 9256.12 9242.51 9252.18 9256.29 9251.96 9241.62 9239.87 9226.03 9247.19 9258.62 9265.52 9281.45 9299.68 9318.32 9330.62 9346.08 9372.37 9388.5 9398.85 9395.74 9390.64 9381.84 9366.82 9340.51 9312.22 9326.42 9325.78 
9337.27 9321.02 9304.43 9286.75 9275.01 9268.86 9270.71 9270.76 9266.38 9263.93 9267.99 9264.41 9254.6 9245.12 9239.37 9244.8 9264.84 9288.72 9311.31 9318.85 9318.83 9327.66 9349.51 9375.89 9389.43 9378.95 9370.73 9361.96 9351.43 9331.43 9308.77 9307.46 9316 9326.69 
9324.58 9324.63 9303.46 9283.96 9269.19 9272.93 9279.59 9289.74 9287.61 9301.34 9294.13 9283.19 9275.58 9265.18 9253.85 9254.78 9287.19 9307.54 9322.8 9314.25 9329.4 9343.48 9352.62 9361.43 9374.37 9371.2 9340.46 9327.51 9321.66 9314.95 9309.25 9303.81 9312.56 9318.26 
9292.18 9296.24 9304.11 9282.09 9271.43 9280.3 9289.76 9301.78 9324.79 9328.62 9318.76 9303.78 9287.31 9275.89 9286.16 9319.54 9343.25 9351.58 9347.77 9320.48 9328.99 9344.19 9344.61 9343.98 9378.63 9316.57 9301.83 9301.13 9302.99 9306.23 9307.19 9304.52 9307.39 9317.01 
9252.48 9259.84 9267.95 9284.43 9288.5 9295.16 9297.78 9300.52 9300.54 9320.76 9335.53 9336.33 9320.68 9315.04 9372.73 9394.17 9396.62 9388.08 9382.54 9356.55 9349.94 9357.61 9356.93 9336.75 9377.12 9317.25 9286.69 9288.69 9293.87 9301.08 9309.53 9313.94 9315.29 9318.75 
9241.76 9255.54 9276.6 9313.82 9319.64 9311.39 9308.02 9304.15 9297.63 9319.04 9357.43 9389.76 9407.47 9390.76 9459.71 9501.96 9460.02 9398.03 9499.61 9486.87 9459.47 9425.9 9387.16 9355.48 9366.74 9331.58 9282.98 9280.32 9287.39 9297.17 9307.59 9313.95 9309.72 9316.55 
9238.42 9271.09 9309.84 9337.36 9323.84 9318.01 9317.16 9320.27 9336.75 9369.08 9386.5 9415.23 9525.31 9520.02 9405.66 9311.28 9241.63 9206.08 9192.69 9273.07 9533.19 9485.81 9429.09 9355.45 9345.78 9295.02 9276.91 9280.29 9293.14 9302.88 9307.58 9306.96 9306.46 9314.59 
9204.05 9242.31 9336.62 9320.39 9307.85 9316.18 9330.3 9347.05 9364.15 9412.37 9402 9361.93 9273.45 9301.85 9242.25 9168.2 9179.84 9205.63 9240.71 9183.54 9271.18 9468.45 9490.57 9410.81 9389.1 9327.11 9288.22 9287.26 9298.18 9310.47 9317.66 9312.26 9308.26 9311.73 
9169.73 9196.46 9265.08 9283.42 9288.69 9314.24 9341.87 9377.64 9417.1 9466.79 9402.07 9290.25 9252.09 9104.41 9002.56 8942.1 8902.69 8899.85 8904.57 9126.59 9082.6 9293.96 9426.3 9449.54 9527.18 9410.95 9318.62 9297.16 9301.06 9315.66 9335.95 9322.72 9302.77 9309.16 
9171.32 9194.39 9232.56 9248.27 9285.42 9328.33 9365.82 9409.35 9462.51 9573.26 9349.52 9130.76 8932.23 8793.85 8675.71 8592.4 8579.67 8558.57 8586.48 8792.47 8878.88 8986.94 9190.64 9437.43 9547.82 9423.32 9313.35 9303.11 9306.51 9316.06 9323.98 9312.08 9300.8 9312.56 
9179.28 9194.14 9211.94 9252.7 9298.96 9335.71 9375.45 9416.7 9429.52 9365.69 9215.56 8945.26 8714.67 8594.45 8491.71 8375.81 8377.62 8360.61 8424.71 8604.1 8753.97 8821.24 8994.66 9385.89 9528.77 9427.51 9328.37 9322.41 9317.05 9311.22 9308.62 9293.08 9311.04 9317.29 
9191.27 9202.82 9223.4 9282.9 9317.79 9362.38 9410.85 9443.41 9412.97 9388.48 9040.77 8775.13 8559.93 8419.42 8293.54 8260.5 8251.59 8283.27 8314.3 8402.52 8555.12 8710.67 8850.36 9118.93 9415.93 9414.27 9373.76 9367.41 9349.1 9331.3 9307.39 9314.49 9305.96 9312.6 
9204.37 9222.73 9245.48 9267.67 9295.47 9347.14 9402.22 9448.59 9451.94 9132.79 8828.03 8618.76 8448.42 8321.27 8241.95 8239.7 8244.78 8252.47 8263.3 8291.33 8464.74 8616.94 8733.16 8880.09 9192.28 9358.48 9404.68 9401.94 9378.68 9347.08 9311.94 9293.37 9299.16 9303.18 
9215.06 9236.05 9270.45 9270.32 9265.89 9326.28 9381.5 9411.75 9330.56 8980.52 8677.11 8432.39 8321.86 8285.35 8272.5 8280.1 8332.47 8396.82 8335.62 8271.48 8354.89 8484.37 8687.93 8747.42 9112.15 9337.29 9406.77 9417.03 9390.07 9345.91 9303.05 9282.58 9285.06 9294.37 
9216.87 9230.32 9253.27 9246.45 9248.08 9300.77 9335.18 9319.7 9185.18 8859.94 8556.66 8354.85 8280.13 8291.62 8327.9 8372.13 8515.39 8633.78 8472.98 8331.74 8316.68 8420.47 8594.73 8692.93 9131.26 9354.11 9411.31 9411.88 9381.77 9334.27 9289.41 9274.23 9287.05 9301.52 
9210.61 9212.48 9207.82 9226.88 9248.23 9303.45 9327.81 9271.35 9102.22 8837.83 8568.04 8340.95 8283.98 8310.96 8378.82 8449.69 8535.03 8738.17 8530.95 8362.83 8342.06 8457.09 8678.92 8801.43 9142.08 9385.73 9415.28 9388.49 9354.69 9314.71 9286.44 9276.79 9285.31 9299.62 
9204.71 9203.28 9202.91 9240.11 9276.85 9332.44 9366.46 9334.13 9172.31 8906.08 8605.42 8356.58 8322.87 8337.93 8372.51 8433.75 8473.85 8542.87 8477.57 8394.21 8410.21 8606.17 8794.81 8925.61 9204.9 9428.86 9396.11 9333.85 9311.57 9295.62 9276.61 9274.76 9285.23 9305.05 
9210.33 9216.95 9241.36 9252.16 9305.83 9370.87 9437.54 9481.4 9344.53 9039.89 8715.23 8474.55 8420.85 8381.19 8358.34 8367.97 8413.38 8410.42 8403.03 8377.04 8497.87 8619.54 8847.42 9104.49 9270.24 9504.23 9394.03 9271.76 9263.53 9270.04 9274.15 9273.44 9275.71 9274.56 
9213.05 9221.47 9244.37 9259.31 9304.17 9388.39 9460 9512.54 9399.71 9128.17 8834.04 8682.32 8556.53 8465.19 8390.33 8358.29 8354.85 8360.81 8396.37 8446.6 8557.66 8712.17 8965.22 9245.36 9379.67 9620.12 9425.01 9252.03 9240.03 9252.77 9274.41 9271.68 9272.4 9272.2 
9211.07 9215.1 9233.09 9254.18 9309.17 9380.27 9430.44 9436.36 9369.5 9228.79 9094.2 8872.85 8738.65 8592.46 8456.64 8372.25 8363.46 8396.18 8458.55 8555.2 8690.6 8829.03 9074.37 9177.56 9473.68 9612.89 9434.35 9276.17 9234.23 9239.05 9254.01 9263.47 9270.54 9277.46 
9208.44 9220.58 9246.52 9247.42 9274.58 9338.89 9388.04 9416.01 9373.54 9307.28 9286.17 9162.8 8940.8 8745.57 8558.86 8429.82 8440.19 8489.33 8547.79 8667.56 8768.84 8966.62 9119.27 9272.71 9461.82 9508.21 9386.84 9251.86 9231.19 9245.8 9255.95 9266.44 9269.53 9270.83 
9214.06 9204.18 9225.25 9253.18 9272.9 9293.42 9342.15 9390.47 9364.83 9330.66 9285.28 9282.31 9120.18 8937.04 8722.05 8564.88 8618.79 8673.17 8680.03 8796.67 8922.85 9119.8 9408.57 9535.53 9426.6 9393.66 9362.44 9262.68 9237.43 9258.09 9274.92 9274.26 9283.8 9277.89 
9206.75 9201.41 9224.32 9254.18 9276.23 9267.24 9291.38 9305.95 9345.38 9356.3 9340.41 9331.7 9266.19 9134.91 8990.26 8859.31 8864.22 8871.83 8974.28 9093.51 9188.21 9425.95 9618.45 9484.7 9381.98 9393.29 9376.44 9280.62 9238.43 9245.88 9259.16 9269.48 9278.41 9275.14 
9193.65 9207.13 9226.04 9237.61 9228.04 9228.54 9257.47 9297.88 9332.95 9385.67 9432.99 9506.34 9382.41 9319.34 9310.56 9235.05 9205.42 9283.53 9454.69 9401.66 9523.2 9486.6 9448.69 9385.57 9357.94 9383.58 9368.77 9268.07 9225.34 9230.22 9243.09 9257.45 9267.36 9267.92 
9198.5 9206.88 9227.62 9235.52 9227.45 9215.52 9227.33 9259.88 9303.22 9356.26 9418.63 9434.67 9403.97 9395.59 9458.02 9479.75 9442.36 9472.52 9545.62 9441.63 9331.04 9342.99 9349 9337.17 9305.17 9316.29 9333.15 9272.73 9238.62 9238.07 9242.88 9250.28 9254.86 9260.59 
9193.4 9202.82 9224.53 9243.79 9219.23 9197.9 9210.66 9231.93 9259.13 9282.09 9311.99 9335.48 9363.09 9379.24 9369.4 9445.6 9410.7 9376.85 9396.25 9383.45 9328.73 9375.53 9405.49 9341.29 9285.39 9307.35 9297.58 9261.6 9242.38 9243.26 9245.85 9247.35 9250.97 9257.16 
9189.95 9190.18 9206.69 9214.29 9198.95 9194.62 9202.55 9215.35 9231.12 9239.33 9266.38 9345.8 9337.41 9348.26 9377.48 9365.6 9318.38 9317.36 9348.24 9347.8 9347.53 9365.38 9339.61 9304.83 9298.48 9286.14 9249.64 9241.07 9243.38 9249.53 9246.01 9243.57 9243.61 9244.81 
9182.69 9183.41 9191.51 9192.69 9190.68 9199.86 9197.18 9205.97 9222.54 9243.41 9267.32 9302.31 9324.14 9306.14 9271.26 9238.59 9292.64 9303.35 9318.26 9320.75 9307.69 9311.19 9321.67 9296.17 9291.94 9258.81 9215.55 9225.8 9239.04 9240.23 9240.02 9239.16 9237.58 9236.11 
9188.62 9186.94 9190.78 9188.32 9193.1 9203.59 9210.44 9210.32 9219.55 9233.37 9244.19 9245.51 9269.18 9266.59 9250.01 9223.19 9262.06 9282.14 9287.83 9279.46 9271.52 9269.18 9255.42 9263.84 9280.24 9244.01 9208.17 9222.7 9247.76 9230.3 9232.5 9236.67 9239.04 9233.52 
9191.56 9204.31 9199.21 9190.09 9191.25 9194.63 9199.22 9207.38 9212.69 9216.29 9222.07 9226.93 9230.86 9227.27 9226.71 9235.48 9263 9264.38 9268.09 9273.07 9251.85 9236.75 9214.3 9219 9241.9 9232.24 9204.25 9220.41 9241.48 9224.57 9233.78 9243.35 9251.99 9255.75 
9197.98 9210.03 9201.43 9190.35 9184.58 9185.35 9198.86 9200.26 9206.06 9219.22 9215.75 9216.71 9212.76 9200.53 9210.17 9229.28 9231.42 9242.38 9255.1 9254.79 9235.18 9217.39 9200.99 9206.41 9228.42 9231.09 9229.21 9219.17 9223.84 9229.62 9243.03 9251.67 9262.9 9269.61 
9192.65 9196.37 9194.74 9188.81 9185.77 9181.59 9185.65 9189.92 9192.92 9189.23 9202.94 9205.58 9191.26 9189.82 9209.44 9223.44 9226.15 9233.63 9235.35 9229.58 9221.05 9207.73 9199.53 9210.36 9220.37 9223.48 9218.32 9216.02 9217.23 9254.43 9253.72 9255.23 9261.25 9268.64 
9202.88 9196.66 9189.12 9181.78 9171.55 9177.35 9176.87 9180.45 9186.69 9196.32 9198.88 9203.22 9192.1 9193.41 9204.01 9217.2 9226.36 9228.49 9218.29 9216.46 9213.37 9203.76 9193.65 9198.39 9208.78 9218.45 9231.48 9224.82 9230.04 9256.05 9251.39 9249.6 9251.38 9262.01 
