real_craters/C080-300m.grd
DSAA
194 194
-28.945 28.945
-28.945 28.945
8642.2555610093 10090.891830961
[rows 150 to 179 of 194, columns 67 to 133 of 194]
9728.83 9733.13 9741.47 9748.57 9747.36 9737.73 9726.21 9724.69 9720.58 9717.03 9714.36 9712.75 9711.93 9709.36 9707.02 9705.38 9704.35 9704.2 9704.59 9705.86 9708.56 9717.52 9726.17 9730.34 9720.85 9717.97 9710.16 9702.1 9694.7 9688.6 9685.31 9684.08 9681.79 9681.95 9683.06 9684.96 9686.91 9689.16 9692.17 9696.49 9695.71 9697.13 9699.78 9702.37 9705.17 9708.18 9710.47 9710.95 9713.51 9716.25 9719.55 9723.22 9726.2 9728.14 9729.9 9730.97 9731.31 9731.33 9731.1 9731.48 9731.64 9728.93 9728.51 9727.99 9727.16 9728.29 9727.29
9728.25 9735.02 9745.28 9752.39 9744 9726.71 9713.13 9712.72 9712.4 9711.15 9709.91 9708.6 9707.08 9706.08 9704.63 9703.36 9702.27 9701.48 9702.65 9706.49 9716.51 9718.61 9723.55 9726.89 9720.22 9712.02 9705.56 9699.1 9693.3 9688.49 9685.47 9683.2 9682.76 9682.77 9683.69 9685 9686.84 9689.16 9692.16 9695.17 9695.1 9695.27 9697.4 9701.14 9703.97 9706.38 9708.31 9710.37 9712 9713.34 9717.54 9722.36 9726.39 9729.02 9730.72 9732.7 9733.63 9733.51 9733.26 9734.06 9732.78 9732.18 9731.4 9731.19 9730.12 9728.85 9726.91
9722.62 9727.58 9733.31 9731.57 9721.44 9715.51 9710.7 9705.39 9705.36 9705.87 9705.91 9705.39 9704.19 9703.77 9702.92 9701.65 9700.12 9699.02 9699.03 9700.2 9703.35 9707.03 9711.42 9711.89 9708.49 9704.66 9700.5 9695.83 9691.41 9687.46 9684.83 9683.42 9683.27 9683.64 9684.36 9685.42 9686.85 9688.63 9690.47 9689.94 9693.94 9696.52 9698.54 9700.8 9703.02 9704.92 9706.32 9708.04 9708.93 9710.86 9716.7 9722.91 9727.51 9730.05 9733.1 9735.95 9736.79 9736.79 9736.81 9736.08 9734.14 9734 9733.04 9731.86 9730.46 9729.24 9727.28
9714.04 9716.43 9714.95 9708.32 9712.49 9698.23 9690.91 9698.02 9700.2 9701.83 9703.2 9704.18 9703.71 9703.61 9702.4 9700.01 9697.47 9695.17 9693.25 9691.49 9689.96 9692.44 9697.79 9699.55 9698.44 9697.46 9695.13 9692.16 9688.83 9686.06 9683.76 9682.9 9683.14 9685.35 9685.78 9685.5 9686.37 9688.03 9690.3 9692.27 9695.34 9698.65 9699.84 9700.93 9702.63 9704.04 9705.25 9705.22 9705.51 9710.28 9717.75 9725.5 9732.03 9736.13 9738.88 9740.74 9740.68 9740.15 9739.9 9739.65 9737.7 9736.91 9735.8 9734.38 9732.53 9730.49 9728.09
9707.59 9707.23 9704.74 9702.31 9700.8 9703.55 9699.33 9696.41 9697.45 9699.36 9701.74 9704.46 9707.08 9706.52 9702.51 9698.18 9694.52 9691.43 9688.31 9684.8 9680.57 9681.18 9687.25 9690 9690.9 9691.09 9690.2 9688.56 9686.56 9684.18 9681.99 9680.82 9681.44 9682.89 9684.46 9684.66 9685.08 9686.74 9690.58 9695.02 9696.04 9698.17 9699.33 9700.75 9702.57 9704.52 9706 9707.44 9710.23 9714.18 9719.97 9728.58 9739.26 9744.83 9748.54 9745.62 9743.94 9743.18 9743.24 9743.09 9741.03 9740.12 9738.82 9737.31 9735.29 9732.8 9729.91
9704.69 9702.13 9698.29 9693.16 9691.93 9693.25 9695.63 9695.04 9695.28 9696.95 9699.6 9703.79 9710.89 9709.93 9700.54 9694.97 9691.21 9688.1 9684.86 9681.6 9678.26 9678.22 9682.51 9684.14 9685.38 9686.3 9686.44 9685.94 9684.6 9682.84 9680.63 9677.7 9679.86 9684.4 9684.32 9683.78 9683.37 9683.45 9685.64 9688.98 9691.76 9692.28 9697.82 9700.59 9703.28 9705.69 9707.68 9710.22 9713.58 9715.58 9720.47 9728.2 9737.45 9743.64 9747.26 9745.15 9744.84 9745.34 9746.35 9746.61 9745.24 9744.72 9743.5 9741.77 9739.52 9736.78 9733.59
9704.16 9699.5 9695.34 9689.56 9687.16 9685.88 9689.99 9693.17 9694.67 9695.64 9696.87 9697.97 9698.84 9695.22 9692.98 9690.64 9688.49 9686.23 9683.53 9681.03 9679.58 9679.21 9679.15 9680.95 9682.06 9683.51 9684.34 9684.41 9683.86 9682.96 9681.36 9680.33 9681.14 9683.75 9684 9683.5 9682.21 9680.49 9680.19 9685.36 9690.54 9696.75 9698.66 9701.92 9705.2 9707.62 9709.75 9711.39 9711.98 9714.5 9719.51 9724.85 9730.52 9734.2 9735.57 9740.08 9744.33 9745.99 9747.64 9748.32 9747.56 9746.89 9747.89 9746.06 9743.73 9740.91 9737.63
9706.8 9699.96 9693.97 9690.4 9685.59 9691.36 9693.04 9693.81 9694.59 9694.06 9693.74 9691.34 9686.23 9682.03 9684.99 9685.94 9685.23 9684.38 9683 9681.78 9681.47 9681.26 9677.81 9677.44 9680.09 9682.43 9684.03 9684.93 9685.13 9684.99 9683.71 9682.63 9682.02 9682.24 9684.77 9684.99 9683.51 9681.05 9681.43 9689.75 9695.49 9694.64 9700.5 9705 9708.32 9710.7 9712.58 9714.2 9715.87 9718.45 9720.7 9722.81 9724.11 9729.48 9731.96 9738.23 9744.73 9748.03 9750.35 9750.27 9750.07 9749.13 9747.8 9745.94 9743.46 9740.67 9739.5
9711.14 9701.94 9693.5 9687.55 9690.57 9697.44 9696.74 9695.61 9694.82 9693.92 9691.18 9688 9683.77 9681.34 9682.15 9683.03 9683.35 9683.26 9682.71 9682.49 9682.55 9681.59 9678.73 9678.67 9680.19 9682.74 9684.77 9686.29 9687.06 9687.79 9687.69 9686.89 9686.25 9687.86 9689.73 9689.98 9688.86 9687.12 9687.98 9696.22 9700.48 9701.48 9705.51 9709.55 9712.73 9715.01 9716.81 9718.2 9720.66 9722.85 9724.86 9727.61 9730.44 9733.88 9737.16 9742.66 9748.88 9752.62 9753.96 9752.82 9751.74 9750.94 9748.71 9746.17 9743.2 9741.51 9738.41
9718.39 9706.94 9696.48 9692.46 9695.24 9696.61 9697.77 9696.95 9694.96 9692.79 9689.82 9687.03 9684.04 9682.32 9682.04 9681.85 9682.37 9682.86 9683.35 9683.77 9683.62 9684.59 9680.3 9679.78 9681.93 9684.71 9687.06 9689.18 9690.83 9692.61 9693.75 9694.73 9696.27 9698.34 9698.32 9698.07 9697.37 9697.56 9700.53 9705.69 9712.46 9710.62 9712.87 9716.09 9719 9720.85 9722.34 9723.51 9724.74 9727.98 9731.57 9735.82 9740.27 9744.27 9748.26 9752.56 9757.05 9759.58 9759.3 9757.86 9755.73 9753.18 9750.37 9748.74 9745.4 9742.36 9740.51
9727.95 9713.91 9701.95 9696.86 9696.69 9699.11 9699.02 9697.61 9695.23 9693.11 9690.53 9687.85 9685.42 9683.65 9683.24 9682.69 9683.57 9683.56 9684.26 9684.98 9684.81 9684.55 9683.3 9683.15 9685.2 9687.92 9690.73 9693.36 9695.8 9698.27 9700.59 9703.73 9708.01 9708.47 9708.12 9707.29 9706.99 9706.59 9709.28 9713.78 9714.74 9719.05 9722.65 9725.25 9727.49 9729.14 9730.43 9732.08 9732.75 9736.69 9741.72 9745.97 9751.56 9757.75 9762.39 9765.8 9768.26 9768.34 9766.34 9763.71 9760.57 9756.9 9753.16 9749.77 9746.55 9744.22 9741.22
9739.04 9721.03 9708.78 9706.62 9710.6 9707.42 9703.06 9700.04 9696.93 9694.54 9692.13 9689.56 9687.18 9685.47 9684.81 9684.89 9685.68 9686.33 9686.7 9687.06 9686.43 9688.39 9688.13 9686.77 9689.29 9692.29 9695.36 9698.3 9701.29 9703.98 9707.01 9710.84 9715.15 9718.85 9717.63 9717.16 9717.42 9718.14 9720.56 9724.51 9729.92 9731.09 9733.22 9736.58 9738.66 9741.08 9741.95 9743.18 9745.38 9750.09 9757.63 9759.9 9766.99 9774.84 9779.31 9781.58 9781.11 9778.98 9775.53 9771.24 9766.87 9762.54 9755.67 9751.79 9748.28 9744.96 9741.72
9748.15 9726 9708.03 9711.15 9719.94 9714.79 9705.72 9701.98 9700.42 9698.47 9696.11 9693.42 9690.3 9687.61 9686.68 9687.28 9688.62 9689.82 9690.38 9689.97 9688.32 9687.93 9689.07 9690.68 9694.31 9698 9701.25 9704.26 9706.99 9709.41 9712.7 9716.49 9720.95 9724.33 9725.48 9727.02 9728.96 9731 9732.83 9735.03 9739.22 9740.06 9744.59 9749.6 9753.61 9756.08 9757.03 9757.5 9760.77 9770.77 9782.93 9791.4 9793.07 9795.18 9797.21 9797.38 9794.08 9789.25 9783.17 9778.1 9772.13 9764.96 9760.09 9755.35 9749.31 9746.06 9743.24
9754.08 9730.03 9712.7 9712.51 9717.89 9708.14 9703.73 9703.95 9704.28 9703.34 9701.9 9699.02 9695.22 9690.56 9689.1 9691.86 9693.87 9695.3 9695.39 9694.24 9691.94 9690.11 9691.42 9696.37 9700.96 9704.57 9707.57 9710.34 9712.42 9715.22 9718.2 9721.32 9724.62 9728.49 9732.67 9736.4 9740.43 9744.72 9745.94 9744.7 9741.21 9746.83 9758.06 9764.94 9769.54 9772.18 9774.01 9775.91 9784.23 9798.57 9810.93 9818.82 9816.7 9813.35 9812.39 9810.5 9805.74 9798.41 9789.66 9782.18 9774.82 9768.46 9763.09 9758.02 9752.05 9748.7 9745.88
9759.42 9732.85 9711.53 9712.1 9711.25 9700.03 9702.37 9707.3 9709.7 9710.37 9709.38 9706.8 9703.01 9699.13 9698.11 9700 9701.77 9702.82 9702.84 9701.52 9699.33 9698.32 9702.92 9706.41 9709.39 9711.89 9714.14 9715.58 9718.04 9720.59 9723.17 9726.04 9729.46 9734.67 9740.21 9745.46 9750.57 9757.26 9761.62 9761.58 9756.94 9766.9 9777.58 9782.18 9785.24 9788.1 9791.13 9793.73 9805.16 9822.63 9832.42 9835.88 9828.14 9822.89 9822.06 9821.06 9814.61 9803.98 9792.45 9783.01 9774.61 9767.42 9762.48 9757.78 9753.65 9750.17 9747.3
9764.09 9738.48 9715.95 9716.37 9718.18 9709.08 9710.07 9715.06 9718.23 9719.04 9718.07 9716.52 9714.12 9711.92 9711.04 9711.53 9712.61 9712.89 9712.54 9710.92 9709.9 9710.85 9716.08 9718.29 9719.19 9720.39 9721.68 9722.74 9723.95 9725.74 9728.23 9731.26 9735.82 9742.52 9747.85 9754.93 9760.99 9767.26 9781.72 9792.16 9799.91 9807.62 9801.53 9798.03 9797.72 9801.04 9807.32 9812.15 9820.55 9833.78 9834.71 9831.86 9822.85 9819.98 9823.25 9827.51 9819.02 9804.03 9790.39 9779.8 9771.36 9764.39 9759.41 9754.88 9750.97 9747.93 9745.34
9766.96 9748.68 9735.96 9723.8 9718.5 9720.33 9724.68 9728 9730.16 9729.8 9729.23 9728.6 9727.49 9724.88 9722.46 9724.75 9726.41 9725.73 9724.13 9721.88 9721.1 9723.68 9729.77 9730.04 9729.58 9730.02 9730.74 9730.47 9730.66 9731.56 9733.38 9736.17 9739.22 9744.18 9754.2 9765.54 9776.07 9786.89 9802.63 9822.61 9834.42 9828.96 9817.02 9806.57 9802.6 9805.94 9817.3 9831.27 9822.94 9813.85 9802.63 9797.52 9799.31 9803.43 9811.24 9821.78 9813.1 9795.03 9782.27 9772.69 9765.74 9760.05 9755.06 9751.1 9747.96 9744.76 9742.47
9764.02 9747.26 9737.73 9733.81 9727.85 9734.57 9744.68 9744.19 9741.85 9740.56 9740.87 9741.41 9742.13 9741.29 9739.21 9743.05 9743.82 9741.03 9737.17 9732.71 9730.83 9731.69 9737.02 9738.86 9738.78 9739.68 9740.57 9739.42 9738.32 9738.45 9739.04 9741.27 9743.05 9745.03 9760.67 9776.45 9791.14 9801.81 9811.72 9828.33 9836.93 9836.91 9816.3 9801.99 9795.52 9796.14 9804.69 9819.1 9799.7 9773.87 9755.23 9757.01 9769.43 9777.93 9784.07 9788.91 9781.58 9773.18 9767.3 9762.19 9757.79 9753.17 9749.53 9746.48 9743.81 9741.29 9739.17
9755.53 9744.24 9742.97 9751.49 9756.83 9763.06 9764.98 9757.04 9752.18 9750.13 9750.95 9752.88 9757.51 9762.43 9766.75 9767.55 9763.27 9756.98 9750.13 9743.67 9739.39 9737.98 9739.88 9743.24 9745.9 9748.74 9748.36 9747.54 9745.93 9744.24 9743.52 9745.39 9748.41 9755.67 9768.58 9786.06 9801.29 9805.78 9803.72 9804.28 9806.35 9804.85 9793.35 9783.78 9777.86 9773.92 9769.34 9763.76 9760.15 9745.23 9732.36 9736.29 9746.52 9753.11 9753.34 9743.87 9740.3 9748.08 9750.17 9748.9 9747.24 9745.16 9742.99 9740.67 9738.3 9736.43 9735.15
9741.46 9746.12 9749.78 9760.01 9766.77 9767.31 9768.23 9759.59 9754.88 9754.39 9757.23 9762.69 9770.83 9781.59 9794.63 9792.5 9782.39 9772.25 9762.69 9753.61 9746.3 9742.42 9743.07 9748.58 9754.6 9757.98 9757.02 9754.05 9751.91 9749.39 9747.05 9745.2 9747.55 9754.65 9773.85 9793.99 9807.13 9802.27 9786.01 9767.63 9764.35 9758.92 9758.52 9758.87 9756.59 9751.42 9741.38 9731.12 9734.64 9731.67 9728.61 9729.22 9732.98 9735.64 9733.91 9727.74 9726.57 9733.07 9737.08 9738.13 9738.07 9737.65 9736.26 9734.98 9733.71 9732.51 9731.15
9705.6 9728.78 9734.48 9743.85 9747.31 9747.67 9750.9 9749.13 9749.89 9753.35 9759.23 9767.19 9777.95 9791.34 9804.8 9804.38 9794.93 9784.89 9775.01 9764.45 9754.89 9749.59 9753.27 9761.17 9769.55 9769.05 9765.85 9762.4 9759.57 9756.82 9753.42 9751.05 9753.11 9762.24 9781.63 9802.1 9812.41 9797.09 9769.49 9741.54 9734.34 9729.35 9731.82 9737.29 9738.5 9735.74 9730.17 9725.62 9725.28 9725.23 9724.7 9724.96 9725.16 9725.21 9723.99 9722.34 9723.49 9725.77 9728.91 9730.73 9731.94 9732.06 9731.47 9730.69 9729.75 9728.68 9727.77
9671.53 9681.14 9698.98 9704.06 9709.43 9706.85 9719.58 9730.93 9739.99 9748.47 9757.56 9767.67 9779.4 9792.23 9803.55 9806.5 9800.81 9793.67 9786.67 9778.65 9770.26 9765.71 9781.29 9795.59 9790.71 9782.02 9774.69 9769.79 9766.94 9765.19 9762.95 9759.11 9764.96 9775.53 9792.64 9810.91 9816.04 9791.53 9756.99 9728.2 9719 9715.83 9718.44 9723.97 9726.43 9726.16 9724.03 9722.07 9721.74 9722.91 9724.17 9722.04 9720.11 9718.95 9718.15 9717.89 9719.13 9720.88 9723.12 9725.76 9726.6 9728.28 9728.72 9728.58 9728.22 9727.64 9726.7
9661.91 9667.25 9677.66 9682.29 9687.35 9690.56 9699.95 9715.58 9729.63 9741.37 9752.65 9763.72 9775.15 9787.11 9798.84 9804.15 9799.96 9797.09 9796.67 9795.98 9793.84 9793.95 9811.84 9824.51 9805.75 9789.46 9779.12 9773.72 9772.39 9773.9 9777.13 9778.76 9783.7 9792.6 9803.24 9813.5 9818.5 9781.47 9744.73 9717.77 9711.9 9712.36 9715.58 9717.77 9719.45 9720.4 9720.5 9719.35 9718.84 9720.47 9722.3 9718.39 9715.53 9714.24 9713.28 9713.28 9715 9715.9 9717.71 9719.35 9721.16 9722.54 9723.33 9723.73 9723.1 9723.05 9722.97
9662.79 9667.79 9674.57 9681.54 9685.15 9689.97 9697.09 9709.02 9722.56 9735.13 9746.46 9756.92 9766.98 9776.45 9784.96 9790.43 9791.16 9794.63 9801.65 9812.45 9824.23 9831.74 9825.41 9820.92 9800.83 9784.47 9775.2 9771.08 9771.87 9777.61 9789.42 9803.77 9801.05 9802.5 9804.54 9798.05 9785.43 9760.49 9731.57 9711.98 9708.75 9711 9713.67 9714.96 9715.01 9715.41 9716.91 9715.58 9714.11 9714.09 9714.03 9711.51 9710.35 9709.51 9708.71 9708.44 9708.99 9709.92 9711.89 9713.88 9715.73 9716.84 9717.88 9718.61 9718.95 9719.23 9719.12
9668.1 9671.25 9676.9 9683.29 9687.16 9692.23 9698.34 9706.93 9718.36 9729.67 9739.62 9748.64 9756.64 9762.7 9766.08 9767.42 9775.27 9784.47 9796.27 9814.38 9834.65 9835.39 9811.65 9791.66 9776.19 9767.38 9762.97 9761.77 9763.63 9770.2 9783.8 9800.23 9794.38 9792.46 9791.19 9768.84 9753.65 9736.82 9718.94 9707.76 9706.99 9710.94 9716.39 9713.25 9710.84 9709.52 9708.81 9708.63 9708.06 9706.83 9704.19 9704.38 9705.54 9705.44 9704.82 9704.16 9703.47 9704.85 9707.34 9709.47 9711.44 9712.74 9713.84 9714.63 9715.28 9715.7 9716.1
9671.63 9675.4 9680.62 9685.35 9689.51 9693.42 9698.64 9706.97 9716.88 9726.1 9734.4 9741.4 9747.22 9750.85 9751.67 9751.26 9760.02 9769.04 9778.36 9790.19 9802.24 9799.29 9776.61 9749.34 9742.86 9745.49 9747.08 9748.33 9749.96 9752.49 9755.58 9760.26 9761.75 9756.38 9740.66 9728.36 9719.71 9717.26 9709.37 9704.55 9705.03 9708.29 9711.62 9709.23 9706.32 9703.77 9701.76 9702.56 9703.05 9702.79 9702.6 9702.9 9702.88 9702.67 9702.16 9701.74 9701.89 9702.45 9703.94 9706.2 9707.78 9709.33 9710.55 9711.57 9712.44 9713.1 9713.57
9683.34 9684.49 9686.87 9689.84 9693.38 9697.16 9702.2 9709.07 9717.28 9724.45 9730.6 9735.49 9739.31 9741.67 9743.56 9746.13 9749.17 9752.39 9754.52 9753.22 9751.67 9751.72 9742.48 9724.65 9721.93 9728.22 9732.24 9734.28 9734.72 9733.07 9727.65 9723.84 9729.87 9725.79 9714.21 9710.18 9708.15 9707.68 9705.67 9703.39 9702.96 9703.78 9703.88 9703.41 9702.05 9700.11 9698.15 9699.38 9700.14 9700.32 9700.89 9701.53 9701.52 9701.21 9700.71 9700.45 9700.73 9701.18 9702.41 9703.83 9705.7 9706.91 9708.08 9709.22 9710.16 9711.05 9711.49
9694.73 9694.45 9694.32 9695.83 9698.68 9702.47 9707.4 9713.98 9719.5 9723.98 9727.7 9730.95 9733.12 9734.43 9735.84 9737.13 9737.31 9737.59 9735.46 9728.45 9723.58 9725.11 9723.28 9717.06 9715.58 9718.56 9721.52 9722.73 9722.2 9719.61 9714.74 9712.17 9713.87 9712.78 9709.63 9708.01 9706.27 9705.15 9704.16 9702.72 9701.52 9700.64 9699.29 9699.27 9699.57 9699.44 9699.1 9698.96 9699.23 9699.47 9700.39 9701.36 9701 9700.37 9699.88 9699.82 9700.17 9700.43 9701.69 9702.81 9704 9705.17 9706.54 9707.6 9708.45 9709.26 9710.01
9701.65 9701.54 9701.14 9701.97 9704.23 9707.86 9713.42 9719.27 9722.6 9724.98 9727.12 9727.91 9728.66 9728.9 9728.62 9726.63 9726.59 9727.32 9725.37 9721.12 9720.3 9718.34 9716.06 9713.94 9713.35 9713.37 9714.26 9714.52 9713.63 9711.66 9708.74 9707.22 9707.55 9708.11 9708.68 9708.54 9706.52 9705.22 9704.55 9702.71 9701.02 9699.63 9698.36 9698.2 9698.77 9699.22 9699.55 9699.23 9699.41 9699.98 9700.58 9701.41 9700.61 9699.82 9699.43 9699.75 9700.61 9701.37 9702.06 9702.69 9703.52 9704.41 9705.64 9706.54 9707.4 9708.03 9708.7
9707.38 9707.79 9707.33 9707.67 9709.23 9712.11 9716.17 9722.12 9725.06 9726.43 9727.37 9726.89 9726.55 9725.71 9724.29 9722.54 9721.77 9721.85 9721.51 9720.42 9718.7 9716.07 9713.47 9711.61 9710.51 9710.51 9710.36 9709.79 9708.59 9707.07 9705.4 9704.52 9704.94 9705.95 9707.19 9707.7 9706.46 9705.37 9704.58 9702.81 9701.23 9699.9 9699.22 9699.02 9699.09 9699.18 9699.24 9699.5 9699.54 9699.79 9699.94 9700.35 9699.54 9699.24 9699.14 9699.75 9700.98 9702.51 9701.94 9702.39 9703.2 9704.12 9705.1 9705.89 9706.38 9707.06 9707.52
