real_craters/C080-300m.grd
DSAA
194 194
-28.945 28.945
-28.945 28.945
8642.2555610093 10090.891830961
[rows 90 to 119 of 194, columns 0 to 66 of 194]
9659.11 9657.12 9651.68 9645.16 9639.22 9633.74 9630.23 9630.82 9624.05 9625.16 9628.71 9633.17 9639.13 9647.47 9654.39 9655.9 9659.08 9658.26 9652.2 9651.38 9650.56 9649.77 9648.35 9647.68 9647.09 9646.57 9649.35 9648.82 9649.28 9649.62 9649.61 9648.68 9648.65 9648.62 9648.6 9650.08 9649.97 9651.29 9659.28 9650.7 9645.95 9645.77 9645.56 9645.32 9645.05 9645.7 9646.01 9645.46 9646.38 9644.66 9644.64 9642.55 9640.42 9643.75 9648.15 9650.73 9654.68 9659.2 9664.19 9669.01 9674.4 9680.72 9687.66 9699.16 9744.37 9804.54 9870.21
9650.91 9648.42 9643.56 9635.67 9626.46 9617.11 9606.39 9592.62 9601.61 9611.54 9619.54 9626.92 9643.1 9657.06 9658.42 9659.5 9659.54 9658.75 9658.25 9649.85 9648.84 9647.99 9646.33 9645.65 9645.07 9644.57 9647.61 9648.28 9647.2 9647.74 9647.78 9647.83 9647.9 9647.98 9648.06 9649.62 9649.61 9650.32 9658.51 9653.5 9651.4 9649.24 9648.9 9648.51 9648.06 9649.35 9649.24 9648.54 9647.41 9645.36 9644.89 9642.66 9639.96 9642.2 9644.87 9648.45 9654.27 9658.62 9663.31 9668.73 9675.56 9684.02 9692.89 9701.38 9746.99 9806.73 9871.02
9653.14 9648.26 9636.59 9624.87 9614.18 9603.78 9592.09 9582.07 9590.86 9605.53 9617.31 9622.99 9640.39 9660.15 9662.35 9660.8 9658.42 9656.92 9654.62 9655.52 9646.18 9645.26 9645.52 9644.97 9644.51 9644.13 9646.59 9647.23 9647.95 9648.07 9648.21 9648.36 9648.52 9648.68 9650.66 9650.71 9650.75 9651.46 9657.27 9652.16 9653.21 9652.85 9652.41 9651.9 9651.34 9652.79 9650.82 9649.58 9648.67 9647.25 9647.17 9645.82 9643.59 9643.81 9643.54 9646.14 9651.65 9657.24 9662.08 9667.72 9674.5 9683.31 9693.71 9706.86 9746.97 9804.03 9866.27
9653.1 9641.02 9624.41 9613.2 9604.76 9596.59 9588.33 9583.49 9591.73 9609.12 9626.31 9640.03 9660.75 9666.09 9662.23 9657.88 9654.08 9652.93 9652.15 9651.14 9648.59 9640.07 9640.38 9639.67 9639.08 9638.58 9641.79 9642.39 9644.46 9644.7 9644.97 9645.27 9645.58 9647.46 9647.76 9648.04 9648.32 9648.53 9655.18 9652.41 9652.3 9651.3 9651.17 9651.02 9650.85 9652.22 9651.29 9652.73 9651.8 9648.92 9649.72 9650.89 9652.82 9649.42 9644.42 9645.64 9650.94 9655.58 9660.73 9665.86 9671.39 9678.19 9689.51 9700.46 9740.51 9795.54 9856.37
9624.53 9610.37 9603.6 9600.93 9598 9594.62 9590.55 9587.51 9597.39 9619.2 9641.24 9660.89 9664.28 9660.44 9655.82 9650.47 9647.24 9643.6 9643.14 9643.42 9636.45 9635.45 9634.54 9633.93 9633.42 9642.66 9637.46 9638.04 9639.57 9639.92 9640.3 9640.7 9641.13 9641.18 9641.67 9642.17 9642.68 9644.84 9650.86 9651.58 9650.7 9650.25 9650.29 9650.34 9650.59 9650.82 9650.4 9650.23 9650.19 9650.13 9652.09 9653.87 9656.3 9654.87 9652.25 9651.71 9652.6 9655.54 9661.1 9665.19 9668 9669.76 9671.13 9693.26 9728.83 9783.8 9841.77
9594.94 9583.97 9587.51 9592.03 9595.08 9597.45 9599.51 9600.8 9611.01 9632.49 9652.2 9670.42 9655.2 9647.57 9644.47 9640.46 9638.3 9633.3 9631.78 9629.84 9625.57 9624.65 9623.91 9630.55 9630.45 9638.97 9635.63 9636.43 9637.61 9638.2 9638.79 9639.38 9640.7 9641.26 9641.82 9642.38 9643.36 9644.77 9651.57 9650.96 9652.1 9652.1 9652.12 9652.17 9650.77 9648.53 9648.49 9648.95 9649.4 9650.42 9653.22 9655.58 9659.06 9659.79 9659.63 9659.59 9660.38 9662.52 9665.4 9667.31 9667.63 9666.4 9665.72 9675.88 9712.95 9767.71 9824.51
9588.62 9582.42 9584.07 9589.73 9596.43 9604.11 9613.63 9626.35 9639.7 9645.11 9651.41 9656.85 9635.17 9630.16 9630.64 9629.5 9626.42 9625.29 9624.89 9624.58 9626.75 9626.14 9626.26 9626.41 9632.88 9638.37 9637.4 9638.46 9639.24 9639.97 9640.68 9641.96 9642.73 9643.39 9644.02 9644.63 9644.75 9646.23 9646.6 9653.13 9653.08 9653.05 9653.04 9653.87 9648.49 9649.01 9648.74 9648.89 9650.19 9651.73 9654.76 9657.53 9663.83 9666.26 9663.53 9668.73 9670.85 9672.24 9673.02 9672.61 9671.33 9669.14 9668.32 9673.89 9702.56 9754.33 9808.9
9589.22 9584.78 9585.31 9591.28 9599.82 9610.53 9624.22 9643.19 9660.6 9647.86 9638.58 9625.96 9607.82 9612.89 9617.28 9617 9618.18 9617.24 9619.27 9619.75 9620.1 9620.39 9625.61 9626.2 9626.72 9634.39 9636.81 9637.01 9637.87 9638.67 9639.44 9640.66 9641.4 9642.11 9639.76 9640.61 9644.32 9645.74 9644.34 9650.64 9650.86 9651.13 9651.44 9652.5 9649.81 9650.27 9649.87 9649.09 9651.28 9653.02 9656.67 9660.72 9669.15 9675.96 9682.07 9680.92 9682.04 9684.31 9681.81 9679.95 9677.98 9675.81 9673.87 9676.35 9698.71 9745.08 9797.35
9594.62 9587.87 9588.57 9594.3 9603.13 9614.51 9627.2 9640.05 9646.26 9637.55 9623.12 9607.41 9600.81 9602.54 9606.58 9609.79 9612.92 9611.86 9614.84 9619.89 9623.1 9625.5 9626.68 9617.11 9617.32 9628.94 9628.11 9628.47 9629.43 9630.4 9631.37 9630.15 9631.01 9633.29 9634.15 9635.03 9636.37 9639.89 9640.29 9645.58 9646.1 9646.69 9647.36 9648.15 9646.21 9647.16 9649.13 9651.78 9652.33 9654.96 9659.54 9664.74 9674.36 9683.17 9688.47 9690.55 9691.27 9690.38 9689.95 9687.91 9685.72 9685.4 9685.4 9685.07 9697.79 9738.25 9787.69
9603.12 9592.64 9592.54 9597.63 9606.29 9616.21 9626.12 9632.61 9631.77 9626.39 9614.39 9602.43 9598.56 9597.22 9599.27 9603.21 9606.66 9612.37 9616.87 9619.53 9612.83 9610.03 9610.55 9610.95 9604.06 9620.7 9620.83 9620.73 9621.95 9623.19 9622.04 9623.19 9624.38 9625.44 9626.71 9628.03 9633.27 9639.32 9639.61 9643.82 9644.43 9645.12 9645.92 9648.95 9646.16 9647.29 9649.21 9652.33 9653.22 9656.73 9661.94 9671.25 9681.94 9689.41 9694.62 9697.34 9699.41 9702.44 9700.11 9695.17 9691.86 9691.63 9693.76 9694.87 9699.49 9734.71 9781.12
9606.66 9598.23 9595.04 9600.26 9608.89 9618.43 9626.82 9631.04 9627.28 9624.67 9615.2 9601.4 9594.47 9593.71 9595.39 9600.35 9597.91 9599.92 9600.37 9605.31 9606.44 9601.94 9602.35 9606.84 9607.16 9623.4 9625.14 9625.75 9627.1 9628.44 9626.83 9627.97 9623.9 9625.29 9626.7 9628.14 9627 9636.63 9642.45 9646.78 9647.2 9647.68 9648.09 9645.96 9646.42 9647.64 9650 9652.6 9653.9 9656.74 9660.8 9667.95 9681.44 9693.42 9699.46 9700.42 9703.02 9707.39 9704.82 9698.23 9694.06 9693.99 9699.66 9707.37 9703.74 9734.36 9778.05
9608.21 9601.31 9597 9602.53 9611.65 9621.4 9630.46 9636.97 9640.15 9635.51 9622.33 9603.92 9593.61 9590.82 9591.87 9592.8 9594.86 9594.36 9596.18 9597.04 9598.98 9595.98 9596.19 9598.15 9598.33 9628.43 9629.44 9633.23 9635.68 9638.88 9637.02 9637.23 9639.31 9641.33 9643.28 9645.16 9643.61 9656.88 9658.62 9674.42 9673.31 9672.07 9670.48 9647.1 9649.19 9650.23 9651.28 9653.28 9654.67 9656.82 9659.02 9662.02 9675.72 9689.48 9696.02 9697.72 9699.47 9701.93 9700.42 9695.68 9692.48 9691.91 9701.42 9714.22 9709.68 9736.77 9777.46
9610.44 9604.29 9599.89 9604.89 9614.06 9624.58 9635 9644.26 9652.3 9648.87 9633.6 9608.07 9596.19 9592.99 9592.4 9592.96 9592.05 9592.15 9592.5 9592.82 9593.23 9593.22 9595.61 9596.06 9614.26 9622.4 9623.26 9625.35 9627.8 9630.23 9628.64 9627.99 9630.13 9632.37 9637.01 9639.1 9640.27 9648.91 9647.29 9663.72 9663.82 9663.88 9663.87 9674.45 9672.62 9652.39 9653.99 9655.87 9657.08 9659.19 9660.94 9661.35 9671.89 9683.35 9688.56 9690.81 9691.73 9691.05 9689.31 9690.17 9690.23 9691.9 9700.69 9710.75 9716.27 9738.54 9777.39
9611.87 9606.82 9602.6 9606.98 9615.85 9626.28 9637.33 9648.27 9655.83 9655.3 9645.97 9614.16 9603.5 9599.45 9597.15 9597.15 9596.47 9591.86 9592.18 9593.72 9593.93 9594.2 9594.28 9594.67 9615.32 9620.05 9621.32 9623.42 9625.92 9628.37 9629.68 9631.86 9634.03 9638.34 9640.37 9642.39 9643.31 9654.11 9664.14 9664.41 9664.68 9664.95 9663.39 9667.32 9667.24 9668.9 9668.16 9670.9 9666.89 9666.13 9667.65 9669.8 9670.29 9673.53 9679.37 9683 9684.32 9683.3 9682.36 9686.55 9689.23 9692.19 9700.41 9707 9713.33 9736.69 9776.02
9613.39 9609.98 9606.31 9609.55 9617.3 9626.76 9637.56 9649.62 9661.69 9666.56 9651.61 9628.87 9616.08 9607.15 9602.16 9596.69 9593.88 9591.85 9595.08 9594.73 9594.57 9591.37 9600.69 9594.95 9620.45 9622.22 9622.45 9624.96 9627.46 9629.96 9635.45 9641.7 9643.72 9645.72 9647.69 9649.63 9649.89 9656.07 9671.21 9671.38 9671.54 9671.68 9670.04 9669.83 9669.95 9669.9 9669.52 9667.33 9666.25 9666.58 9669.43 9670.93 9667.28 9667.04 9672.15 9676.67 9679.4 9680.98 9683.43 9686.03 9690.24 9695.63 9701.67 9709.31 9715.34 9734.39 9773.65
9615.51 9613.92 9611.26 9612.62 9618.07 9625.37 9633.95 9644.33 9658.29 9675.28 9666.15 9651.62 9627.62 9612.5 9603.89 9598.42 9594.85 9592.3 9591.2 9589.82 9589.55 9588.77 9588.14 9595.22 9620.53 9623.89 9625.31 9627.61 9632.03 9634.25 9635.79 9637.96 9640.13 9644.32 9646.19 9648.29 9648.85 9654.38 9671.36 9671.71 9672.09 9672.5 9670.95 9671.8 9671.99 9669.34 9669.43 9669.57 9667.69 9665.29 9663.13 9662.57 9662.22 9662.8 9668.7 9673.7 9677.38 9680.01 9681.86 9685.21 9689.24 9694.32 9699.96 9707.69 9715.19 9729.62 9769.06
9616.82 9616.63 9614.09 9614.52 9617.86 9622.41 9627.39 9631.17 9631.65 9621.93 9624.39 9631.9 9622.28 9610.86 9604.5 9599.84 9597.91 9595.79 9594.26 9592.89 9591.99 9591.57 9591.01 9590.56 9621.31 9623.38 9625.14 9627.45 9629.79 9632.16 9635.87 9638.18 9640.49 9645.78 9647.98 9650.17 9651.26 9655.86 9679.15 9679.16 9679.17 9679.19 9677.7 9670.66 9671.37 9673.91 9673.95 9671.88 9670.25 9665.03 9657.26 9656.6 9660.26 9663.87 9668.18 9672.48 9676.28 9680.09 9685.44 9684.41 9684.59 9687.33 9692.67 9699.83 9705.25 9717.25 9762.82
9616.25 9616.93 9615.79 9615.07 9617.1 9619.05 9619.91 9617.8 9609.78 9594.85 9595.38 9603.83 9609.43 9607.13 9604.07 9601.49 9599.93 9598.33 9597.09 9596.11 9595.98 9595.43 9595 9598.54 9624.98 9626.98 9629.73 9632.11 9634.52 9636.94 9639.99 9642.39 9645.37 9647.17 9649.5 9651.83 9653.74 9658.4 9682.43 9682.29 9681.19 9681.1 9673.8 9673.08 9672.61 9672.29 9673.72 9674.5 9675.64 9670.76 9659.06 9657.18 9662.64 9667.23 9669.86 9672.4 9675.35 9678.84 9682.54 9680.64 9677.03 9677.86 9682.48 9687.99 9694.77 9710.44 9753.41
9614.21 9614.77 9616.83 9616.08 9616.46 9616.44 9614.86 9610.63 9602.58 9593.26 9591.96 9595.83 9602.55 9605 9605.02 9604.88 9603.54 9602.91 9602.35 9601.88 9601.49 9603.48 9603.23 9603.02 9632.38 9635.97 9638.02 9639.99 9641.1 9640.62 9642.46 9644.56 9646.39 9648.21 9650.04 9657.13 9649.05 9653.33 9673.78 9674.05 9675.09 9675.44 9676.79 9676.99 9674.83 9675.01 9676.6 9678.31 9681.42 9686.57 9670.77 9659.9 9668.6 9672.26 9671.32 9672.03 9673.32 9675.21 9676.18 9673.83 9669.1 9669.34 9672.89 9676.15 9679.82 9696.24 9742.27
9611.96 9612.81 9615.27 9617.4 9616.2 9615.07 9612.92 9609.31 9604.04 9597.38 9595.04 9597.58 9604.44 9610.2 9614.29 9617.61 9618.45 9619.06 9620.05 9633.84 9635.46 9636.85 9639.39 9640.36 9648.63 9651.2 9652.55 9652.74 9654.12 9655.42 9656.34 9657.59 9658.45 9659.28 9660.1 9660.91 9657.62 9651.59 9670.08 9670.42 9670.8 9671.25 9672.92 9673.46 9676.32 9676.84 9677.69 9678.51 9682.25 9690.82 9692.79 9664.79 9667.67 9670.21 9670.01 9670.31 9670.52 9670.79 9670.78 9668.36 9664.34 9664.66 9667.16 9669.06 9669.44 9683.09 9732.86
9609.74 9610.71 9612.19 9615.85 9615.24 9613.58 9611.86 9610.25 9608.94 9607.62 9600.07 9602.92 9613.74 9624.64 9635.53 9643.07 9651.24 9651.51 9655.18 9657.35 9659.81 9661.87 9662.15 9657.42 9661.02 9664.07 9664.33 9665.17 9667.43 9663.46 9663.88 9658.88 9659.51 9660.48 9661.1 9661.03 9664.67 9653.27 9667.9 9668.26 9668.68 9669.69 9671.95 9672.19 9673.51 9673.74 9674.06 9673.73 9673.97 9670.47 9660.98 9658.67 9660.02 9664.48 9666.86 9667.66 9667.74 9666.74 9663.91 9660.73 9661.14 9663.05 9666.32 9670.03 9674.02 9690.63 9730.65
9607.58 9607.05 9609.43 9614.09 9613.65 9612.37 9611.66 9612.19 9614.34 9616.37 9610.72 9616.24 9631.01 9645.75 9657.93 9665.76 9671.59 9677.51 9682.29 9686.19 9689.42 9679.09 9674.55 9666.31 9672.02 9674.17 9674.56 9666.22 9665.23 9663.95 9664.33 9664.73 9665.14 9662.97 9663.56 9664.17 9663.4 9648.57 9668.57 9668.83 9669.11 9667.59 9666.92 9667.45 9669.06 9669.26 9668.75 9667.19 9665.14 9660.02 9654.77 9656.5 9658.22 9661.92 9664.63 9665.96 9666.06 9664.78 9661.78 9659.11 9660.08 9663.55 9668.83 9675.75 9685.18 9700.64 9730.26
9606.53 9606.15 9608.09 9611 9611.58 9610.88 9611.08 9613.28 9617.86 9622.92 9623.85 9634.27 9649.13 9659.64 9665.71 9671.76 9683.43 9688.29 9692.25 9695.52 9680 9681.16 9682.12 9668.51 9673.92 9668.84 9669.07 9669.26 9669.45 9663.73 9662.87 9664.44 9664.72 9663.02 9663.45 9665.51 9662.93 9667.65 9667.79 9667.94 9668.1 9666.05 9665.25 9665.65 9665.46 9665.57 9664.62 9662.93 9660.24 9656.52 9656.35 9657.21 9661.01 9662.03 9663.71 9665 9665.5 9665.21 9663.95 9662.03 9660.95 9665.94 9672.81 9681.48 9690.86 9703.1 9727.22
9606.69 9607.49 9608.95 9609.8 9609.92 9609.21 9609.68 9612.72 9619.74 9629.02 9636.13 9655.72 9669.08 9674.89 9673.09 9673.57 9673.3 9678.71 9671.9 9671.32 9670.75 9670.22 9669.73 9661.27 9673.3 9672.53 9672.36 9672.17 9670.58 9664.51 9664.38 9664.28 9664.88 9662.67 9662.72 9662.81 9662.19 9661.54 9661.9 9662.28 9662.68 9662.35 9664.71 9664.74 9665.75 9665.3 9664.37 9662.4 9659.64 9653.15 9653.08 9657.52 9660.08 9661.94 9663.28 9664.59 9665.96 9666.95 9667.85 9668.91 9665.93 9670.55 9677.44 9686.33 9696.32 9707.73 9724.1
9607.12 9607.81 9608.38 9609.24 9608.79 9607.96 9608.41 9611.32 9619.41 9637.75 9672.02 9686.2 9691.51 9687.65 9685.09 9681.5 9678.17 9675.25 9670.54 9668.25 9666.29 9664.61 9661.4 9659.26 9671.34 9667.71 9666.46 9666.17 9665.92 9669.88 9666.93 9666.65 9666.38 9662.95 9662.86 9664.81 9666.16 9661.49 9661.67 9661.85 9662.04 9661.88 9662.7 9662.75 9664.46 9663.99 9664.17 9662.89 9662.75 9662.71 9659.52 9660 9661.03 9661.9 9663.13 9664.83 9666.66 9668.74 9670.82 9672.12 9672.59 9675.82 9681.79 9689.52 9699.11 9710.16 9722.13
9607.28 9608.12 9608.6 9607.95 9607.37 9607.6 9608.44 9611.03 9619.24 9653.62 9710.58 9718.84 9712.59 9701.36 9693.52 9686.36 9680.62 9676.81 9673.26 9669.82 9667.41 9667.78 9666.34 9661.13 9661.28 9664.48 9663.42 9663.06 9660.05 9664.23 9663.1 9663.07 9664.15 9668.36 9667.58 9667.11 9661.97 9660.57 9660.64 9663.06 9662.89 9663.61 9663.28 9666.36 9663.99 9662.71 9661.78 9661.75 9661.26 9667.09 9663.8 9661.81 9661.45 9661.2 9662.43 9664.56 9667.05 9669.83 9672.46 9672.94 9676.01 9680.37 9685.25 9690.93 9697 9702.25 9712.91
9607.42 9608.61 9609.69 9608.41 9607.69 9608.74 9611.19 9614.87 9624.39 9672.48 9732.61 9739.25 9725.44 9709.04 9698.41 9689.55 9685.43 9680.74 9676.79 9673.88 9671.92 9670.06 9668.53 9664.02 9664.51 9670.44 9668.76 9671.56 9664.08 9663.85 9661.02 9660.96 9660.9 9662.85 9663.43 9663.14 9665.36 9671.07 9666.64 9648.12 9648.33 9647.67 9648.21 9648.6 9649.94 9651.01 9652.72 9654.72 9657.27 9659.13 9659.35 9656.92 9657.35 9659.49 9661.87 9664.52 9667.59 9671.01 9674.72 9678.29 9681.8 9684.77 9688.24 9692.08 9695.82 9699.32 9708.61
9606.97 9608.22 9609.75 9610.1 9609.39 9612.21 9617.97 9625.6 9639.25 9685.53 9737.45 9740.8 9724.11 9708.09 9699.17 9691.76 9686.39 9682.36 9675.84 9676.43 9674.51 9672.96 9670.62 9665.55 9663.08 9662.34 9661.25 9660.25 9652.8 9652.2 9651.68 9651.22 9650.52 9650.2 9649.93 9649.69 9655.32 9663.27 9647.53 9647.61 9647.73 9647.17 9647.43 9647.08 9648.12 9648.98 9650.53 9650.76 9651.7 9653.4 9653.58 9651 9653.48 9657.18 9660.35 9663.56 9667.37 9671.24 9675.88 9682.06 9686.21 9687.6 9690.01 9692.99 9696.13 9699.73 9705.61
9605.91 9606.57 9606.88 9608.44 9609.12 9616.33 9627.89 9641.89 9658.77 9689.9 9715.78 9716.31 9706.08 9696.56 9692.65 9688.55 9685.52 9683.94 9685.56 9680.62 9675.73 9674.6 9667.14 9666.55 9660.13 9659.13 9657.98 9656.53 9653.97 9646.61 9650.91 9650.48 9650.1 9649.75 9649.44 9651.22 9658.16 9663.65 9646.8 9646.89 9646.46 9647.34 9647.4 9647.01 9647.5 9647.7 9648.32 9647.43 9646.66 9646.06 9650.4 9653.92 9653.75 9655.97 9659.35 9662.84 9666.5 9670.25 9673.87 9677.71 9683.78 9688.18 9691.13 9694.25 9697.43 9700.17 9705.46
9604.61 9604.97 9604.67 9605.75 9608.41 9619.66 9638.13 9660.08 9681.26 9690.73 9684.09 9675.42 9680.46 9681.45 9683.62 9682.97 9682.7 9682.31 9681.88 9676.56 9671.68 9670.61 9664.8 9665.35 9660.71 9658.52 9659.87 9658.88 9648.75 9647.35 9646.74 9646.19 9645.69 9645.25 9645.07 9644.69 9661.2 9656.74 9642.31 9642.52 9641.92 9645.48 9645.54 9645.89 9645.62 9645.59 9645.97 9645.74 9647.43 9649.4 9649.17 9650.87 9651.88 9654.2 9657.63 9661.36 9665.28 9669.1 9672.78 9677.4 9684.96 9688.12 9691.73 9695.62 9699.86 9703.88 9708.74
