real_craters/C080-500m.grd
DSAA
117 117
-28.945 28.945
-28.945 28.945
8641.1861666311 10082.861613454
[rows 30 to 59 of 117, columns 0 to 66 of 117]
9650.54 9669.13 9676.79 9673.36 9672.59 9674.68 9678.05 9680.81 9683.96 9688.9 9694.71 9687.7 9683.32 9680.5 9679.73 9698.24 9699.82 9703.77 9708.61 9713.71 9719.1 9724.83 9730.94 9737.53 9744.68 9752.35 9759.53 9779.48 9784.88 9789.64 9777.57 9759.01 9760.27 9750.41 9750.99 9814.01 9829.57 9823.38 9800.69 9774.71 9752.46 9737.93 9733.84 9735.96 9744.29 9750.15 9750.3 9753.16 9755.75 9755.86 9751.32 9747.27 9730.08 9738.08 9745 9750.71 9754.05 9752.77 9751.03 9749.38 9744.93 9739.53 9739.01 9756.95 9771.13 9774.77 9766.94
9666.22 9697.86 9698.9 9686.73 9676.55 9673.82 9673.91 9674.23 9675.24 9676.23 9678.5 9674.05 9675.22 9675.44 9676.37 9697.96 9696.57 9699.29 9703.99 9708.92 9714.13 9719.69 9725.66 9732.15 9739.26 9746.98 9753.54 9772.18 9777.92 9777.36 9778.36 9775.71 9778.02 9777.42 9795.03 9824.4 9841.39 9821.96 9800.24 9779.79 9765.71 9751.21 9744.56 9745.45 9750.51 9754.06 9760.26 9764.57 9770.67 9776.48 9779.25 9785.79 9769.01 9760.84 9759.75 9760.19 9760.45 9760.41 9760.79 9759.36 9754.91 9747.84 9756.44 9781.74 9809.17 9819.62 9800.5
9664.59 9677.53 9675.77 9674.49 9672.55 9670.46 9669.47 9667.93 9666.5 9662.49 9651.07 9659.95 9669.36 9673.05 9675.92 9700.48 9695.97 9699.97 9704.85 9709.79 9714.84 9720.07 9725.54 9731.32 9737.51 9743.07 9748.45 9768.35 9774.75 9778.28 9792.77 9814.23 9799.27 9791.77 9795.07 9814.99 9813.83 9804.56 9787.45 9773.55 9762.41 9753.28 9747.37 9747.94 9755.65 9767.99 9766.97 9773.03 9784.02 9796.48 9810.06 9796.93 9789.96 9780.7 9774.66 9771.28 9768.69 9771.84 9776.17 9778.9 9778.08 9773.81 9791.65 9812.81 9833.42 9842.07 9827.1
9649.51 9653.49 9652.76 9662.1 9666.81 9667.17 9666.28 9663.86 9662.71 9661.6 9661.51 9662 9665.41 9668.2 9670.02 9694.19 9691.58 9696.43 9701.4 9705.76 9710.74 9715.76 9720.81 9725.92 9731.14 9738.47 9742.4 9763.6 9768.47 9771.02 9789.52 9809.85 9799.86 9789.3 9790.29 9804.82 9793.16 9777.07 9765.19 9757.32 9752.5 9742.9 9739.58 9740.57 9746.33 9755.41 9760.47 9773.29 9790.09 9806.82 9814.17 9809.15 9802.87 9794.5 9789.45 9785.34 9781.83 9788.66 9795.99 9801.88 9807.74 9825.48 9830.96 9835.77 9845.75 9846.36 9842.82
9643.72 9657.35 9666.39 9663.64 9664.29 9665.06 9663.12 9662.88 9662 9663.19 9670.06 9667.12 9666.05 9666.32 9666.82 9690.88 9682.62 9687.26 9691.16 9695.1 9699.08 9703.09 9707.16 9711.31 9715.61 9720.93 9725.75 9743.35 9747.61 9747.88 9761.07 9782.9 9769.89 9761.81 9770.5 9774 9746.75 9740.2 9735.88 9731.36 9724.87 9723.86 9725.09 9726.99 9728.49 9727.63 9747.21 9769.26 9791.04 9812.71 9830.11 9812.55 9806.71 9802.86 9801.25 9801.38 9801 9808.91 9818.64 9826.64 9831.93 9826.19 9834.89 9852.01 9865.19 9867.58 9863.45
9645.65 9658.52 9666.69 9663.76 9662.14 9661.73 9660.27 9661.1 9661.29 9659.83 9664.54 9667.68 9666.42 9665.4 9664.92 9664.77 9676.19 9679.51 9682.36 9685.3 9688.31 9691.39 9694.55 9697.79 9701.15 9704.84 9719.34 9720.64 9726.77 9719.82 9719 9710.49 9709.45 9710.85 9710.74 9696.02 9689.18 9701.96 9705.75 9705.27 9702.28 9705.5 9711.52 9716.17 9719.63 9724.76 9742.12 9765.18 9786.91 9806.46 9819.84 9816.45 9808.12 9808.67 9812.56 9819.46 9826.77 9837.65 9844.15 9850.92 9862.73 9867.18 9855.32 9871.11 9892.57 9916.11 9897.13
9649.07 9655.55 9656.79 9659.09 9660.23 9660.61 9660.37 9662.23 9664.47 9665.02 9669.73 9668.07 9664.91 9662.82 9661.46 9662.48 9673.47 9677.15 9679.72 9682.34 9684.96 9687.52 9689.99 9692.29 9694.34 9695.77 9710.14 9711.53 9706.95 9699.64 9682.17 9660.18 9656.2 9662.26 9660.8 9667.53 9669.47 9680.98 9687.34 9688.31 9687.92 9695.16 9702.74 9710.29 9717.84 9725.92 9743.12 9763.69 9780.98 9792.24 9798.89 9809.12 9811.05 9811.94 9821.11 9836.12 9858.44 9869.34 9863.43 9867.01 9880.95 9909.38 9882.39 9879.76 9897.59 9926.76 9916.44
9654.54 9663.73 9662.15 9657.29 9657.48 9656.39 9657.95 9660.63 9665.82 9676.56 9672.19 9665.42 9661.47 9659.31 9657.72 9656.47 9670.31 9673.37 9675.84 9678.31 9680.7 9682.91 9684.83 9686.33 9687.23 9686.39 9704.71 9699.64 9690.49 9676.98 9658.15 9637.01 9631.36 9642.6 9653.01 9663.18 9667.63 9675.27 9679.85 9682.95 9683.42 9689.36 9699.39 9709.5 9720.2 9732.85 9748.94 9765.21 9779.07 9784.17 9782.25 9780.02 9788.13 9805.83 9821.48 9838.29 9860.78 9870.89 9859.06 9856.73 9860.45 9864.58 9864.59 9861.65 9872.04 9885.23 9894.49
9657.15 9665.47 9660.2 9655.1 9654.19 9653.48 9654.14 9655.65 9657.96 9659.11 9654.38 9657.58 9658.38 9659.19 9659.83 9660.35 9669.72 9672.24 9674.23 9676.01 9677.54 9678.74 9679.53 9678.58 9678.29 9672.76 9685.4 9678.4 9672.77 9661.17 9646.29 9635.9 9634.1 9643.66 9657.7 9668.99 9672.58 9677.16 9681.64 9685.55 9688.73 9692.35 9702.42 9712.46 9723.03 9736.99 9752.48 9767.73 9783.12 9789.36 9777.67 9771.48 9785.14 9804.26 9819.87 9830.44 9834.45 9832.7 9835.06 9836.86 9825.77 9803.46 9811.04 9824.16 9835.04 9841.33 9851.85
9655.79 9659.46 9657.2 9653.81 9651.8 9650.48 9650.11 9649.55 9647.78 9643.64 9645.26 9650.63 9653.83 9656.16 9657.76 9658.91 9663.5 9665.22 9665.99 9666.91 9667.58 9667.86 9667.86 9668.03 9667.09 9661.72 9669.34 9661.24 9651.36 9644.89 9640.03 9640.13 9641.31 9650.41 9660.1 9674.37 9677.44 9680.32 9684.84 9690.51 9696.76 9703.5 9709.45 9716.41 9724.14 9733.98 9747.95 9766.27 9789.68 9809.29 9780.53 9767.51 9785.3 9812.23 9830.01 9832.64 9814.17 9780.53 9814.56 9827.95 9818.8 9805.76 9788.36 9793.47 9802.69 9804.85 9806.4
9655.08 9658.25 9656.34 9652.25 9649.33 9647.92 9646.73 9645.5 9642.38 9639.88 9642.5 9647.64 9650.82 9653.36 9655.09 9656.29 9655.91 9656.54 9656.96 9655.78 9655.89 9654.24 9653.46 9652.82 9651.69 9648.34 9651.23 9647.02 9640.03 9638.03 9641.1 9644.13 9644.25 9649.82 9656.48 9661.04 9669.65 9680.55 9688.28 9695.38 9702.98 9712.33 9716.1 9720.63 9725.7 9731.44 9738.23 9761.91 9786.29 9822.02 9809.93 9805.01 9814.55 9840.15 9857.03 9855.67 9839.54 9811.28 9844.19 9849.38 9821.33 9785.97 9787.64 9788.99 9788.73 9786.59 9792.76
9656.36 9652.5 9650.41 9647.7 9645.62 9644.63 9644.44 9643.98 9642.65 9642.05 9643.97 9648.01 9652.63 9656.17 9659.1 9661.49 9655.47 9655.5 9655.16 9654.72 9652.32 9650.5 9649.66 9648.76 9645.83 9644.13 9639.66 9637.06 9637.68 9639.3 9642.2 9649.55 9654.67 9656.84 9655.67 9660.17 9672.3 9679.35 9690.01 9703.33 9711.32 9715.76 9721.05 9725.14 9730 9737.63 9754.28 9758.75 9770.12 9787.24 9823.84 9857.69 9878.43 9898.37 9891.59 9880.05 9887.2 9922.34 9904.56 9878.77 9890.32 9852.42 9812.56 9795.63 9785.61 9785.91 9786.14
9656.14 9654.02 9646.62 9642.11 9641.58 9641.8 9642.74 9644.06 9645.43 9646.33 9648.63 9651.96 9657.65 9661.57 9665.04 9668.01 9670.53 9658.41 9658.01 9657.11 9656.22 9656.97 9655.69 9654.34 9648.18 9642.17 9638.06 9639.18 9640.09 9641.9 9643.51 9648 9640.83 9647.71 9654.88 9660.02 9665.14 9673.7 9686.8 9703.87 9713.1 9721.52 9725.83 9731.78 9736.09 9739.44 9741.17 9757.78 9767.81 9787.4 9837.55 9910.36 9976.2 9969.36 9899.9 9858.19 9860.42 9921.47 9870.16 9817.73 9842.66 9868.59 9805.62 9779.27 9769.74 9787.97 9817.2
9651.63 9648.23 9642.97 9638.74 9638.21 9639.89 9642.34 9645.04 9649.5 9654.5 9655.82 9658.88 9660.18 9662.1 9663.65 9664.89 9665.88 9657.92 9657.24 9658.27 9656.78 9655.73 9654.89 9653.78 9651.42 9644.52 9644.18 9644.4 9643.89 9643.55 9644.03 9648.63 9647.5 9646.19 9653.25 9658.79 9659.88 9665.61 9679.66 9693.87 9708.18 9720.02 9730.23 9740.95 9748.3 9750.57 9754.48 9779.5 9811.35 9851.69 9915.23 9947.73 9972.96 9939.98 9831.93 9758.55 9722.15 9693.02 9655.62 9627.44 9618.83 9661.76 9682.15 9687.35 9721.53 9748.09 9810.79
9652.04 9647.71 9641.17 9634.94 9637.74 9642.15 9645.73 9648.38 9651.36 9657.3 9659.23 9659.95 9660.07 9660 9659.86 9659.71 9659.58 9657.74 9657.33 9656.92 9656.28 9653.37 9651.62 9650.98 9655.59 9647.54 9650.57 9650.03 9648.94 9647.7 9646.68 9648.31 9642.9 9645.6 9655.32 9657.45 9652.94 9660.3 9671.72 9691.11 9702.84 9720.59 9737.96 9754.46 9768.18 9777.6 9778.43 9827.31 9898.36 9954.47 9990.38 9910.75 9853.67 9781.46 9676.27 9589.18 9525.57 9473.68 9434.31 9405.6 9400.22 9485.3 9579.67 9648.17 9660.22 9650.8 9628.62
9657.18 9652.83 9644.56 9639.16 9641.25 9646.47 9650.82 9653.59 9656.1 9663.62 9664.71 9664.35 9662.43 9660.9 9659.55 9658.42 9657.49 9658.84 9658.09 9657.25 9656.94 9656.48 9656.2 9655.82 9662.75 9652.3 9651.95 9649.69 9650.08 9650.92 9649.64 9651.19 9644.65 9648.59 9654.86 9661.92 9665.99 9665.14 9665.28 9669.06 9693.61 9720.47 9743.96 9765.29 9792.02 9820.27 9849.79 9898.78 9964.17 9948.94 9879.77 9767.02 9656.38 9556.34 9463.2 9386.67 9320.78 9253.99 9200.96 9202.04 9242.55 9344.65 9481.6 9608.81 9573.29 9561.23 9560.69
9661.05 9657.24 9649.82 9644.64 9647.39 9653.93 9660.81 9664.38 9662.21 9669.97 9670.72 9667.09 9663.31 9660.12 9657.54 9655.46 9653.79 9654.3 9652.8 9652.09 9651.52 9650.89 9650.84 9651.35 9662.35 9658.91 9658.52 9657.89 9655.88 9655.05 9652.81 9652.98 9647.74 9651.84 9659.32 9670.61 9682.2 9673.68 9671.23 9675.06 9690.81 9707.53 9725.36 9767.68 9809.48 9857.3 9912.74 9941.44 9906.88 9804.37 9674.86 9560.08 9424.29 9296.97 9231.28 9180.37 9125.74 9064.84 9016.51 9022.27 9076.85 9175.52 9286.76 9365.85 9420.87 9460.24 9535.13
9663.13 9659.82 9653.91 9650.75 9653.94 9662.47 9673.68 9684.17 9689.94 9690.4 9678.43 9670.55 9665.1 9661.31 9658.41 9656.16 9654.38 9654.28 9653.37 9652.67 9652.15 9653.07 9652.84 9652.7 9659.81 9650.84 9651.22 9652.57 9652.42 9653.46 9657.02 9658.31 9654.04 9651.41 9666.5 9674.93 9678.89 9675.24 9680.57 9689.63 9697.77 9710.36 9726.22 9770.38 9811.67 9857.35 9917.68 9916.12 9725.05 9604.63 9487.49 9355.84 9213.23 9073.12 9026.52 9001.57 8968.02 8926.54 8893.74 8877.27 8912.92 9005.48 9097.67 9178.61 9248.75 9326.09 9413.06
9658.37 9659.18 9655.08 9652.79 9656.96 9668.28 9683.56 9701.44 9712.01 9691.04 9679.75 9672.88 9668.54 9665.59 9663.46 9661.85 9660.6 9658.41 9657.46 9656.67 9656.01 9655 9651.77 9653.73 9660.08 9652.2 9652.93 9653.51 9654.13 9655.16 9655.93 9661.98 9664.37 9662.44 9669.39 9675.82 9680.26 9676.6 9677.93 9692.73 9711.53 9733.6 9759.63 9778.42 9798.08 9808.38 9799.87 9714.89 9507.51 9392.86 9286.17 9169.14 9049.77 8929.45 8891.1 8876.23 8851.85 8822.15 8785.24 8771.53 8780.5 8866.85 8940.69 8993.05 9079.5 9195.77 9324.65
9658.82 9658.89 9656.39 9652.31 9656.28 9671.33 9686.22 9699.15 9689.88 9675.49 9671.38 9666.97 9663.3 9660.4 9658.12 9656.3 9656.77 9653.8 9652.71 9651.97 9651.39 9650.79 9650.58 9651.83 9656.05 9649.71 9650.8 9651.62 9652.36 9653.7 9656.05 9659 9664.09 9664.01 9672.67 9674.37 9673.28 9673.99 9670.57 9696.55 9732.16 9761.74 9768.2 9789.03 9776.82 9733.93 9656.89 9521.99 9318.06 9169.89 9089.2 9015.58 8938.29 8871.4 8830 8799.37 8773.68 8749.44 8731.57 8726.88 8745.85 8795.88 8840.72 8874.45 8950.86 9052.97 9174.74
9660.01 9660.91 9660.87 9660.2 9664.2 9674.71 9681.76 9686.05 9677.69 9667.35 9665.72 9664.74 9663.63 9661.94 9660.95 9658.39 9655.59 9654.82 9653.8 9653.76 9652.48 9651.67 9651.24 9648.71 9654.17 9644.66 9644.41 9645.72 9644.82 9649.09 9653.42 9654.22 9654.63 9670.58 9675.85 9674.18 9670.93 9666.5 9668.35 9711.97 9768.07 9816.86 9854.65 9834.84 9772.56 9671.94 9534.76 9367.15 9179.86 9016.07 8944.95 8899.97 8856.54 8823.34 8787.39 8748.92 8722 8702.08 8693.51 8706.09 8752.34 8767.7 8797.21 8834.47 8887.49 8952.32 9066.58
9659.33 9662.56 9667.51 9675.7 9687.43 9677.05 9672.17 9668.42 9656.42 9659.91 9663.67 9666.33 9668.19 9669.43 9666.77 9667 9660.69 9660.57 9659.72 9657.68 9656.69 9655.37 9651.1 9646.36 9656.73 9646.69 9645.35 9645.61 9644.86 9645.24 9648.6 9651.79 9657.89 9673.48 9676.33 9673.66 9671.77 9670.57 9682.41 9737.59 9813.7 9885.6 9921.9 9893.61 9783.29 9626.7 9436.54 9227.49 9042.96 8905.57 8853.38 8817.97 8791.26 8767.73 8742.31 8706.97 8685.15 8668.45 8653.77 8657.45 8710.98 8748.43 8778.71 8811.05 8854.46 8911.64 9006.56
9660.08 9663.87 9667.95 9673.67 9676.94 9669.22 9660.23 9650.51 9653.85 9655.8 9660.72 9664.59 9667.87 9669.58 9671.42 9672.88 9664.92 9665.37 9663.63 9658.51 9656.8 9655.93 9654.18 9648.24 9647.24 9644.5 9643.38 9644.03 9643.57 9644.54 9645.64 9650.18 9658.97 9666.63 9670.84 9670.78 9671.14 9672.43 9689.13 9764.74 9859.31 9949.96 10009.9 9965.8 9804.05 9596.11 9367.71 9140.51 8973.43 8868.31 8801.99 8764.81 8736.68 8708.06 8680.71 8668.91 8663.63 8657.67 8653.08 8673.01 8721.32 8746.97 8775.11 8806.85 8855.96 8926.76 9002.37
9667.19 9664.51 9660.88 9660.16 9660.48 9652.87 9648.03 9652.82 9652.83 9655.02 9655.56 9656.64 9657.35 9652.6 9652.02 9651.49 9652.9 9652.07 9655.3 9654.72 9654.1 9653.44 9652.96 9656.19 9647.52 9646.75 9647.07 9647.17 9646 9643.21 9644.22 9645.74 9654.04 9664.11 9663.21 9667.77 9671.98 9677.52 9691.83 9784.14 9892.02 9994.27 10064.8 10023.2 9820.15 9573.77 9314.6 9069.3 8907.38 8821.49 8762.47 8730.04 8701.18 8668.8 8641.19 8653.03 8667.58 8673.31 8671.21 8681.03 8738.07 8759.28 8778.34 8802.26 8846.33 8944.52 9004.19
9661.23 9655.24 9645.17 9636.48 9634.55 9626.8 9630.37 9637.26 9649.02 9654.83 9658.28 9652.22 9650.92 9648.97 9647.86 9646.94 9649.67 9649.11 9648.97 9648.03 9647.88 9648.97 9648.67 9655.83 9647.94 9647.29 9643.38 9645.24 9645.93 9645.81 9644.17 9640.92 9645.62 9651.42 9657.57 9665.35 9673.63 9683.74 9704.02 9797.22 9906.59 10008 10070.6 10022.4 9821.7 9554.4 9271.21 9014.28 8845.03 8764.54 8733.52 8710.16 8688.65 8668.42 8651.59 8668.62 8694.21 8713.03 8724.53 8751.53 8777.84 8791.1 8794.56 8797.73 8821.39 8890.91 8966.43
9650.6 9643.15 9626.9 9609.69 9589.35 9598.72 9616.93 9632.24 9660.16 9660.02 9658.83 9648.49 9646.19 9644.54 9643.34 9642.43 9646.14 9648 9647.96 9647.96 9647.98 9648.92 9649.07 9656.69 9650.46 9651.07 9655.5 9651.45 9648.93 9647.39 9645.26 9641.47 9642.83 9646.87 9656.09 9664.03 9674.68 9689.34 9709.83 9799.66 9903.57 10002.4 10063.2 10028.9 9819.71 9538.32 9242.02 8966.44 8820.48 8752.6 8727.46 8711.8 8699.72 8691.56 8693.22 8707.86 8735.01 8771.14 8816.97 8841.89 8847.93 8841.97 8825.19 8801.65 8787.34 8831.03 8922.72
9651.12 9625.86 9608.26 9596.07 9584.53 9597.75 9628.45 9654.54 9665.07 9656.26 9651.65 9650.12 9646.25 9636.91 9635.39 9634.23 9639.54 9640.04 9640.36 9640.76 9641.23 9644.83 9648.41 9654.16 9651.21 9651.61 9649.91 9651.81 9651.46 9650.53 9649.5 9652.67 9649.25 9645.77 9652.95 9661.74 9670.21 9681.56 9704.8 9787.07 9888.58 9981.56 10041 10025.1 9805.57 9518.56 9227.96 8984.25 8833.14 8761.48 8732.49 8721.64 8718.75 8725.09 8743.3 8756.17 8777.61 8817.56 8895.49 8941.22 8927.79 8895.96 8859.61 8822.13 8804.21 8843.76 8906.2
9597.61 9587.04 9593.96 9596.75 9597.72 9615.17 9650.66 9664.33 9649.35 9643.58 9638.97 9633.09 9631 9629.87 9629.09 9638.7 9634 9635.23 9636.16 9638.56 9639.73 9643.75 9643.67 9647.11 9652.83 9652.75 9652.15 9648.21 9648.91 9649.9 9652.55 9656.68 9658.77 9658.26 9659.9 9665.02 9667.27 9665.59 9681.58 9763.51 9860.84 9947.44 9994.57 9958.08 9767.94 9489.96 9203.56 8973.8 8839.27 8771.54 8742.41 8731.97 8736.97 8753.67 8777.59 8792.72 8806.25 8824.35 8854.33 8946.79 8991.85 8943.96 8894.47 8849.75 8836.59 8861.13 8897.77
9588.57 9583.29 9592.23 9607.44 9630.45 9651.48 9646.17 9627.71 9622.62 9624.09 9620.58 9619.23 9621.82 9621.85 9627.11 9638.94 9637.11 9638.6 9639.81 9641.32 9642.43 9640.84 9643.24 9644.53 9650.4 9652 9650.23 9649.66 9650.04 9649.6 9654.42 9660.57 9671.79 9674.58 9677.53 9677.16 9674.62 9670.83 9677.19 9743.07 9832.23 9912.36 9950.64 9914.54 9737.87 9465.16 9172.26 8952 8851.37 8781.04 8750.75 8744.12 8753.65 8775.23 8804.78 8824.83 8834.31 8836.86 8829.81 8962.14 9011.31 8968 8910.74 8867.27 8837.88 8846.46 8883.95
9595.89 9588.13 9597.33 9614.74 9635.16 9642 9621.34 9601.3 9602.46 9606.76 9612.05 9618.89 9621.74 9623.81 9614.84 9626.85 9621.76 9621.45 9623.1 9624.69 9626.57 9628.3 9636.56 9639.87 9644.92 9646.01 9647.37 9648.38 9650.59 9652.7 9659 9670.18 9685.76 9691.71 9692.47 9691.11 9687.03 9688.11 9686.78 9731.96 9813 9886.03 9922.41 9890.12 9731.25 9465.73 9176.81 8974.91 8875.43 8792.7 8766.87 8763.29 8773.06 8791.65 8822.93 8850.73 8865.52 8889.3 8919.54 8981.98 9004.55 8961.97 8913.84 8871.3 8849.98 8857.14 8872.55
