real_craters/C080-300m.grd
DSAA
194 194
-28.945 28.945
-28.945 28.945
8642.2555610093 10090.891830961
[rows 90 to 119 of 194, columns 67 to 133 of 194]
9935.38 9995.78 10044.5 10071.3 10056 9979.02 9851.9 9698.06 9530.37 9359.57 9191.63 9035.59 8916.19 8830.95 8775.7 8750.54 8734.77 8721.08 8707.79 8696.17 8683.85 8671.7 8659.6 8654.04 8663.81 8678.03 8692.99 8708.01 8720.02 8729.35 8734.57 8757.58 8770.87 8785.38 8794.94 8798.58 8798.86 8797.35 8799.31 8808.34 8834.43 8876.08 8924.98 8969.99 9012.89 9052.67 9081.46 9117.02 9172.76 9235.82 9323.86 9427.99 9532.78 9636.83 9739.9 9839.26 9928.48 9990.2 9974.19 9935.98 9890.57 9859.93 9851.93 9842.97 9834.35 9826.58 9818.83
9935.19 9993.95 10042.5 10067.7 10056.4 9981.61 9851.54 9692.6 9519.76 9343.52 9168.96 9009.15 8889.19 8813.89 8768.23 8742.13 8729.27 8718.08 8707.36 8698.91 8692.04 8684.16 8677.02 8675.43 8686.69 8701.07 8717.73 8736.14 8756.19 8777.61 8795.87 8814.55 8817.66 8825.31 8827.29 8823.71 8816.15 8806.51 8798.58 8794.2 8804.02 8836.29 8889.96 8942.91 8991.23 9035.64 9070.01 9106.9 9163.39 9234.38 9316.76 9412.69 9514.67 9618.12 9723.08 9827.23 9924.75 9989.18 9972.1 9934.07 9894.99 9869.84 9860.46 9853.43 9848.48 9845.07 9840.66
9928.69 9986.13 10034.1 10061.6 10059.8 9987.74 9850.16 9686.59 9509.43 9330.9 9155.84 8993.68 8881.88 8814.71 8772.39 8743.02 8730.16 8718.99 8713.44 8708.03 8704.29 8702.49 8703.33 8710.7 8717.4 8729.38 8745.82 8766.61 8793.77 8828.32 8862.81 8874.98 8872.87 8871.16 8864.11 8852.43 8837.96 8819.91 8803.91 8788.81 8786.63 8821.54 8873.2 8924.34 8972.52 9019.02 9061.07 9097.5 9150.98 9223.27 9304.48 9396.95 9494.19 9592.52 9693.16 9793.61 9888.78 9950.04 9943.03 9917.55 9887.24 9872.72 9867.22 9863.03 9861.35 9862.16 9865.93
9916.98 9974.81 10019.1 10046.6 10048.7 9982.79 9841.1 9674.88 9498.67 9320.84 9153.15 9005.84 8896.22 8823.04 8778.57 8747.15 8735.2 8725.12 8719.42 8716.56 8716.35 8720.46 8728.24 8740.25 8747.9 8757.3 8771.09 8791.54 8820.53 8864.14 8923.43 8932.89 8929.21 8917.88 8901.39 8881.88 8861.29 8836.4 8817.26 8802.83 8802.95 8834.92 8873.6 8914.83 8957.15 8999.94 9043.55 9084.84 9134.95 9196.43 9288.45 9381.06 9471.87 9562.32 9651.34 9740.94 9821.36 9876.02 9893.13 9890.04 9878.96 9873.29 9869.61 9867.03 9866.77 9869.45 9877.04
9900.83 9955.18 9997.06 10021.2 10017.4 9956.03 9821.02 9656.77 9483.13 9307.93 9146.37 9014.71 8907.2 8831.16 8783.94 8752.36 8739.41 8731.79 8725.53 8725.04 8730.26 8737.87 8748.93 8765.31 8773.79 8780.2 8790.81 8806.54 8829.2 8864.97 8919.38 8952.66 8970.56 8959.49 8936.03 8908.9 8882.14 8853.41 8834.79 8824.37 8834.76 8856.87 8878.97 8908.73 8943.82 8981.51 9021.08 9073 9135.35 9202.36 9287.78 9370.76 9450.71 9529.27 9605.16 9677.59 9743.93 9799.22 9836.02 9856.2 9868.82 9869.45 9868.9 9868.08 9867.2 9866.96 9868.04
9883.77 9933.77 9971.57 9989.99 9978.32 9915.46 9795.43 9637.47 9464.99 9289.65 9126.14 8991.23 8902.08 8832.09 8789.07 8757.38 8743.25 8735.29 8732.03 8734.31 8742.55 8752.97 8766.16 8781.9 8792.52 8799.51 8807.08 8816.6 8826.19 8838.63 8860.29 8931.82 9005.58 8991.68 8962.99 8931.97 8901.83 8870.57 8848.59 8837.37 8841.08 8856.88 8877.4 8901.76 8931.97 8966.76 9000.81 9065.27 9152.03 9232.76 9299.88 9366.96 9432.11 9494.86 9555.43 9613.42 9665.36 9726.83 9782.11 9820.11 9841.89 9858.71 9864.52 9865.5 9863.3 9858.73 9851.75
9865.91 9913.18 9948.4 9963.11 9948.97 9897.11 9775.44 9620.47 9448.97 9272.17 9104.83 8972.36 8898.94 8843.54 8795.14 8766.34 8749.5 8742.27 8740.38 8743.87 8753.54 8765.9 8782 8799.46 8811.61 8818.23 8823.93 8828.11 8828.08 8823.32 8837.12 8943.85 9022.45 9007.89 8978.75 8946.63 8915.16 8882.22 8858.8 8842.09 8835.06 8845.5 8870.65 8893.45 8920.47 8955.16 8992.81 9064.86 9165.78 9251.93 9313.72 9366.4 9415.93 9463.14 9509.32 9556.14 9606.99 9671.27 9737.06 9791.61 9829 9849.5 9858.93 9860.61 9857.14 9849.58 9838.52
9850.3 9894.42 9928.42 9941.17 9926.67 9873.16 9761.23 9611.17 9439.63 9262.32 9092.14 8966.25 8902.34 8847.15 8801.85 8771.95 8757.61 8751.18 8750.72 8754.62 8764.95 8777.96 8794.79 8815.45 8830.69 8836.94 8842.43 8847.27 8849.02 8846.23 8869.06 8952.96 9004.91 9006.54 8982.96 8952.38 8920.18 8888.8 8864.51 8846.3 8835.65 8847.37 8865.86 8883.82 8907.61 8941.31 8988.92 9072.89 9187.37 9273.47 9329.14 9368.63 9403.37 9435.55 9467.65 9504.47 9552.12 9626.65 9705.13 9772.2 9817.64 9844.41 9855.23 9856.5 9851.84 9843.41 9832.18
9836.46 9879.26 9912.2 9926.26 9912.68 9862.45 9758.27 9610.84 9441.83 9266.29 9098.64 8982.05 8921.88 8863.39 8810.18 8780.11 8767.71 8760.67 8760.1 8765.68 8774.45 8787.21 8804.69 8825.28 8844.19 8852.95 8860.66 8872.07 8885.82 8900.67 8926.14 8972.82 9005.06 9002.1 8978.34 8949.23 8919.39 8890.32 8867.77 8853.09 8847 8855.36 8864.89 8876.19 8893.96 8924.46 8973.59 9074.08 9225.19 9308.85 9347.35 9373.77 9394.74 9413.25 9432.09 9458.73 9508.65 9592.35 9685.9 9767.29 9819.13 9845.05 9854.87 9854.85 9848.88 9839.55 9828.84
9827.57 9869.14 9903.08 9918.32 9909.7 9867.21 9768.72 9621.41 9453.63 9283.91 9131.08 9026.49 8961.44 8886.76 8819.29 8788.46 8775.9 8768.73 8768.36 8773.58 8782.11 8793.72 8808.75 8827.68 8848.48 8860.65 8872.99 8893.09 8921.23 8958.84 8974.53 8985.14 9011.23 8991.16 8963.88 8936.63 8911.38 8886.15 8866.99 8857.45 8858.31 8860.86 8864.81 8869.84 8883.25 8912.42 8972.13 9086.24 9252.73 9333.65 9364.56 9380.74 9391.25 9396.52 9404.57 9418.88 9463.34 9568.37 9679.67 9775.4 9828.98 9850.04 9856.86 9854.38 9846.84 9836.6 9824.61
9822.86 9865.94 9898.96 9917.08 9913.64 9881.19 9788.82 9638.5 9470.25 9302.22 9160.71 9067.17 9007.95 8923.96 8838.07 8798.73 8783.8 8776.92 8776.12 8778.56 8784.59 8794.03 8806.69 8823.77 8842.23 8857.29 8874.23 8900.67 8935.29 8971.31 8983.77 8978.4 8971.18 8958.36 8938.12 8916.69 8896.26 8876.09 8860.62 8852.41 8854.71 8868.07 8864.1 8865.35 8877.82 8910.27 8989.25 9109.83 9281.18 9352.97 9379.15 9389.92 9393.47 9392.29 9392.36 9400.49 9451.43 9562.92 9681.78 9780.98 9833.98 9854.39 9858.87 9854.18 9847 9834.84 9821.33
9821.17 9865.18 9898.28 9919.24 9918.68 9889.31 9804.42 9658.37 9489.45 9316.24 9162.75 9079.8 9035.59 8943.43 8846 8809.56 8792.44 8784.17 8781.57 8781.38 8784.48 8789.78 8798.25 8811 8826.82 8841.98 8861.63 8891.36 8927.69 8961.95 8962.52 8949.38 8934.76 8920.27 8906.24 8892.55 8877.92 8860.93 8848.38 8839.94 8841.29 8857.6 8855.86 8862.5 8881.75 8926.14 9031.73 9170.3 9307.8 9368.75 9393.61 9402.91 9403.47 9398.09 9395.79 9403.95 9461.85 9575.03 9694.81 9788.82 9840.46 9857.97 9859.77 9853.68 9843.21 9830.56 9817.41
9821.38 9865.22 9900.86 9922.12 9925.73 9899.25 9824.52 9680.82 9513.61 9337.4 9176.14 9082.09 9011.7 8933.03 8859.15 8822.55 8804.9 8795.19 8789.27 8785.59 8783.37 8783.75 8786.25 8792.35 8802.42 8815.29 8835.89 8866.38 8901.84 8929.42 8926.9 8909.92 8889.66 8876.37 8872.12 8866.22 8855.98 8844.8 8833.85 8827.3 8825.52 8824.76 8839.76 8864.87 8901.27 8964.14 9086.67 9227.19 9333.66 9384.9 9410.64 9418.78 9420.53 9416.92 9413.8 9424.31 9487.17 9598.2 9717.42 9831.71 9850.94 9858.47 9857.33 9849.99 9838.78 9825.44 9811.53
9822.46 9866.97 9905.17 9930.55 9936.73 9910.08 9835.17 9709.23 9547.88 9374.92 9214.7 9098.56 8994.6 8931.06 8874.36 8841.68 8822.69 8810.14 8799.46 8791.15 8783.73 8777.78 8773.72 8771.07 8771.84 8779.68 8801.59 8830.72 8863.02 8886.97 8881.24 8869.38 8850.82 8839.41 8846.87 8845.96 8839.39 8829.67 8820.05 8812.99 8809.42 8809.62 8833.94 8876.22 8935.75 9023.09 9140.26 9270.52 9347.74 9401.36 9431.15 9445.53 9450.65 9448.3 9447.71 9458.69 9522.87 9623.28 9727.47 9810.22 9843.43 9852.55 9850.93 9843.58 9832.4 9819.22 9804.86
9821.94 9869.43 9912.01 9942.9 9955.23 9937.29 9877.6 9753.53 9592.06 9420.9 9270.16 9139.18 9032.6 8960.77 8903.76 8870.22 8851.63 8836.09 8821.71 8807.53 8794.38 8781.42 8769.12 8757.82 8748.28 8749.12 8767.16 8791.49 8816.53 8831.76 8834.55 8838.23 8836.65 8834.7 8841.69 8838.45 8828.85 8818.41 8809.22 8803.26 8802.95 8813.52 8843.28 8893.97 8962.4 9061.91 9184.6 9295.85 9372.78 9428.27 9459.5 9478.58 9488.11 9491.28 9495.32 9508.96 9569.76 9654.81 9735.66 9795.28 9830.45 9842.54 9842.49 9836.06 9825.53 9811.89 9797.7
9819.46 9870.83 9918.81 9958.27 9980.2 9976.26 9935.76 9810.82 9641.95 9460.85 9303.8 9188.81 9093.88 9013.94 8947.51 8913.25 8893.12 8871.12 8851.3 8828.96 8809.52 8789.46 8770.04 8751.27 8735.74 8728.79 8740.07 8756.75 8773.38 8783.59 8797.27 8819.26 8839.86 8860.11 8850.79 8838.33 8824.31 8811.28 8802.44 8799.76 8805.07 8818.93 8856.14 8921.14 8995.89 9104.95 9239.69 9345.65 9420.51 9467.95 9494.8 9514.41 9530.01 9542.38 9554.26 9575.47 9626.92 9691.55 9756.06 9802.32 9823.17 9832.26 9832.53 9826.85 9816.69 9804.96 9791.81
9814.64 9870.44 9923.74 9972.33 10005.2 10015.1 9987.26 9870.61 9695.75 9509.11 9355.22 9242.58 9152.12 9081.92 9023 8980.41 8944.79 8913.96 8885.34 8855.98 8830.85 8803.26 8778.05 8752.92 8731.81 8717.48 8722.4 8733.27 8744.16 8752.67 8775.21 8809.38 8842.14 8867.67 8859.91 8841.46 8822.48 8807.52 8798.25 8799.74 8813.46 8844.14 8897.38 8965.06 9052.91 9172.78 9315.28 9448.56 9507 9506.19 9523.99 9548.03 9573.46 9596.91 9618.99 9643.93 9682.65 9726.22 9772.31 9803.84 9815.62 9822.1 9822.62 9818.02 9809.86 9797.73 9785.69
9808.54 9868.01 9926.4 9980.14 10023.2 10046.4 10035.1 9929.39 9749.24 9559.33 9413.79 9304.9 9219.35 9156.97 9107.49 9057.44 9002.09 8959.95 8920.13 8886.5 8855.8 8822.53 8791.61 8762.67 8736.72 8717.54 8717.09 8724.39 8735.15 8747.54 8772.19 8805.88 8840.22 8871.34 8863.47 8843.57 8823.56 8806.2 8796.65 8800.38 8825.52 8866.9 8926.38 9016.88 9118.98 9239 9371.43 9493.28 9493.89 9506.67 9537.45 9574.07 9613.14 9652.05 9685.84 9707.82 9733.47 9752.63 9771.28 9791.47 9804.93 9811.31 9813.05 9809.6 9803.21 9792.03 9780.61
9799.9 9861.79 9923.23 9981.61 10031.5 10065.8 10069 9978.86 9796.05 9607.13 9479.05 9386.76 9302.4 9229.81 9168.53 9111.04 9053.49 9005.36 8961.48 8923 8884.17 8848.6 8812.44 8779.82 8750.28 8727.76 8722.67 8727.63 8740.36 8756.23 8777.11 8805.46 8835.25 8858.14 8858.51 8844.27 8826.23 8807.78 8798.57 8809.62 8846.61 8896.87 8963.97 9083.56 9197.03 9296.41 9385.4 9450.71 9425.29 9487.48 9544.31 9595.75 9649.3 9703.9 9760.88 9789.46 9779 9770.78 9768.67 9779.74 9793.2 9800.86 9804.21 9802.54 9796.85 9786.45 9776.01
9791.03 9852.03 9914.11 9972.61 10025 10064.4 10075.9 10006 9832.89 9648.13 9539.61 9483.48 9385.88 9291.09 9217.25 9155.49 9094.48 9045.95 9000.23 8957.8 8914.73 8875.86 8837.98 8804.33 8772.3 8747.84 8735.93 8736.27 8746.06 8757.26 8779.82 8807.47 8834.25 8853.42 8858.4 8850.78 8834.94 8816.23 8804.04 8820.26 8881.54 8955.5 9045.95 9180.96 9298.16 9353.07 9384.04 9404.66 9436.83 9493.53 9555.54 9614.34 9675.83 9738.9 9805.95 9830.31 9804.29 9779.07 9760.15 9771.31 9785.06 9793.14 9797.5 9796.66 9791.6 9781.73 9771.82
9783.44 9840.19 9898.43 9953.79 10004 10043.2 10059.4 10013.7 9864.03 9697.4 9583.7 9488.81 9414.42 9335.8 9257.08 9176.59 9134.32 9087.02 9038.86 8993.22 8950.41 8908.98 8867.56 8829.84 8795.88 8766.86 8749.62 8747.54 8755.97 8763.42 8785.86 8814.39 8842.51 8866.21 8875.21 8868.62 8852.72 8835.89 8825.71 8851.97 8934.71 9034.44 9149.4 9291.94 9400.22 9403.05 9391.28 9401.85 9463.09 9514.23 9573.67 9633.36 9694.17 9751.83 9803.21 9822.62 9806.8 9782.19 9763.89 9770.92 9782.51 9789.06 9793.15 9791.93 9787.77 9778.35 9769.62
9775.32 9825.6 9876.93 9924.94 9968.59 10002.6 10019.9 10004.7 9890.22 9756.84 9634.66 9512.24 9449.16 9384.14 9313.92 9247.8 9189.99 9135.6 9085.93 9039.07 8994.48 8948.35 8905.83 8865.04 8825.8 8791.83 8768.85 8762.02 8760.81 8773.53 8795.03 8826.17 8859.07 8890.04 8904.91 8896.89 8881.91 8869.35 8868.81 8909.52 8999.18 9113.18 9248.19 9371.35 9442.9 9424.7 9405.05 9414.53 9466.69 9527.74 9593.24 9654.36 9707.95 9754.89 9792.59 9809.18 9804.95 9785.82 9768.44 9778.51 9786.17 9789.85 9791.12 9788.34 9783.4 9774.96 9768.2
9765.53 9808.06 9851.14 9889.26 9923.7 9947.49 9955.1 9935.18 9911.49 9837.24 9711.17 9584.16 9515.38 9448.35 9379.08 9316.75 9248.74 9189.04 9137.95 9091.04 9044.01 8996.64 8951.42 8906.13 8865.62 8831.12 8807.4 8791 8772.23 8776.27 8807.06 8843.19 8880.19 8917.14 8939.04 8930.74 8919.18 8912.88 8918.35 8968.1 9058.85 9168.43 9294 9373.87 9406.18 9414.64 9418.62 9444.64 9487.3 9553.19 9626.55 9683.78 9726.76 9760.01 9786.54 9806.4 9813.64 9803.84 9791.39 9798.24 9799.05 9796.48 9791.92 9786.67 9778.16 9772.69 9767.74
9753.77 9787.74 9821.4 9853.18 9878.38 9893.71 9893.56 9882.21 9919.05 9913.37 9797.54 9685.98 9605.79 9524.12 9441.62 9366.29 9295.58 9239.26 9190.67 9144.78 9099.1 9051.2 9003.01 8954.65 8910.63 8874.17 8849.97 8843.56 8824.08 8800.44 8832.06 8868.55 8905.18 8942.47 8971.42 8963.68 8959.39 8965.7 8989.05 9037.01 9112.61 9198.89 9280.26 9322.42 9363.08 9410.83 9434.86 9487.35 9551.3 9618.55 9686.23 9729.37 9756.79 9772.73 9784.09 9813.88 9837.18 9844.74 9838.18 9828.75 9816.59 9805.06 9794.2 9786.18 9777.23 9772.67 9769.28
9742.74 9769.18 9796.01 9820.46 9837.95 9847.98 9848.06 9847.31 9872.5 9896.47 9877.38 9804.72 9706.3 9603.61 9502.05 9402.37 9332.66 9291.03 9251.55 9208.31 9163.15 9113.87 9062.07 9009.1 8958.12 8913.97 8889.72 8870.36 8859.24 8851 8872 8904.06 8936.6 8966.78 8985.19 8993.77 9001.51 9018.05 9054.83 9104.5 9168.98 9234.42 9284.99 9316.73 9384.18 9459.18 9512.78 9589.31 9676.18 9744.94 9773.87 9790.94 9800.45 9800.83 9803.33 9836.24 9870.9 9894.7 9884.98 9856.76 9830.06 9810.11 9795.69 9785.33 9775.63 9771.68 9769.86
9731.57 9752.35 9772.8 9789.91 9803.01 9811.17 9813.21 9815.14 9834.33 9889.05 9950.36 9912.65 9790.2 9677.53 9568.65 9461.19 9388.26 9357.81 9325.25 9284.69 9236.69 9182.85 9125.24 9067.14 9008.36 8947.76 8895.09 8869.06 8873.41 8892.67 8921.68 8954.08 8983.31 9004.48 9019.15 9033.89 9052.38 9071.7 9101.53 9166.78 9238.66 9300.74 9349.36 9394.08 9475.93 9566.87 9639 9719.5 9805.58 9870.5 9856.97 9852.58 9851.32 9846.53 9844.38 9864.6 9895.81 9936.88 9912.52 9865.28 9829.4 9805.25 9788.89 9778.33 9771.68 9768.64 9768.34
9722.14 9737.24 9752.93 9766.5 9776.48 9784.1 9787.84 9792.83 9810.98 9870.66 9934.44 9916 9831.31 9738.37 9643.93 9550.16 9479.61 9451.16 9417.75 9375.36 9327.47 9265.9 9205.75 9143.67 9075.41 9000.61 8919.94 8891.56 8908.39 8945.94 8986.57 9022.45 9051.13 9068.51 9075.17 9098 9128.18 9151.23 9182.52 9256.71 9334.56 9400.96 9457.15 9514.71 9614.78 9718.35 9795.43 9849 9888.03 9898.26 9903.71 9898.78 9896.81 9898.71 9890.8 9878.11 9884.07 9902.72 9878.95 9840.06 9810.59 9789.86 9776.42 9768.34 9765.05 9764.33 9765.51
9715.78 9727.04 9737.99 9749.27 9757.23 9764.98 9770.17 9778.37 9799.76 9841.3 9874.87 9880.05 9844.97 9787.64 9723.97 9658.32 9602.44 9564.74 9521.95 9472.35 9416.34 9357.46 9296.91 9233.39 9165.62 9092.72 9026.58 8987.15 8989.61 9031.78 9077.27 9115.6 9145.68 9165.24 9179.76 9204.49 9238.99 9269.98 9310.43 9383.42 9459.72 9530.45 9594.56 9670.58 9775.91 9882.03 9960.05 9963.64 9957.02 9947.09 9935.91 9925.01 9919.82 9926.95 9905.32 9857.46 9828.83 9814.57 9804.74 9789.33 9775.66 9765.55 9758.46 9754.71 9754.11 9755.15 9758.9
9712.87 9720.32 9727.37 9734.05 9740.46 9749.44 9755.94 9763.41 9775.03 9817.69 9853.18 9861.06 9851.79 9827.93 9800.2 9772.07 9723.73 9695.59 9632.03 9565.92 9503.94 9444.12 9385.72 9330.34 9270.98 9213.51 9158.78 9116.76 9119.09 9154.96 9196.21 9233.98 9264.99 9288.98 9311.35 9340.7 9381.32 9420.82 9466.66 9531.48 9602.46 9677 9750.44 9829.24 9920.51 10007 10063.3 10039.3 10011.2 9979.52 9957.57 9930.52 9905.1 9889.87 9854.09 9798.29 9750.51 9716.85 9724.56 9730.74 9733.28 9735.67 9736.59 9738.23 9741.48 9745.31 9750.01
9713.62 9719.54 9724.84 9729.9 9735.46 9740.93 9748.34 9757.14 9771.47 9802.7 9843.78 9847.36 9853.66 9855.1 9860.16 9874.3 9923.64 9819.67 9728.87 9655.24 9591.17 9534.56 9483.71 9436.28 9391.03 9349.46 9309.2 9274.05 9276.74 9303.54 9336.49 9368.99 9400.75 9430.22 9458.83 9493.1 9544.9 9589.44 9632 9682.39 9741.05 9814.16 9905.2 9979.84 10014.8 10058.9 10084.4 10063.1 10038.2 10014.6 9974.48 9918.81 9861.12 9802.85 9766.62 9724.5 9676.51 9645.12 9661.28 9679.23 9692.6 9704.74 9712.83 9720.03 9726.54 9733.19 9740.12
