real_craters/C080-750m.grd
DSAA
78 78
-28.945 28.945
-28.945 28.945
8646.2551071682 10097.231318227
[rows 0 to 39 of 78, columns 0 to 77 of 78]
9722 9710 9706 9717 9737 9687 9592 9479 9358 9240 9213 9282 9354 9418 9475 9521 9551 9527 9567 9728 9862 9867 9832 9809 9782 9758 9720 9727 9727 9722 9710 9702 9705 9711 9715 9718 9721 9721 9722 9736 9769 9765 9756 9751 9715 9717 9721 9723 9715 9692 9693 9676 9689 9700 9731 9688 9681 9685 9660 9630 9614 9621 9632 9641 9651 9654 9657 9661 9666 9656 9653 9652 9650 9649 9647 9646 9645 9644
9707 9697 9689 9712 9730 9667 9556 9427 9295 9178 9162 9228 9297 9359 9410 9445 9456 9406 9450 9659 9896 9878 9833 9810 9795 9785 9766 9731 9745 9765 9763 9740 9737 9726 9714 9723 9755 9777 9727 9736 9754 9759 9763 9775 9746 9738 9724 9705 9687 9675 9675 9722 9690 9679 9664 9654 9648 9692 9680 9643 9620 9633 9644 9649 9651 9657 9661 9659 9656 9653 9651 9650 9649 9648 9647 9646 9646 9645
9702 9704 9691 9715 9728 9651 9531 9394 9255 9137 9137 9193 9250 9305 9353 9391 9412 9369 9369 9616 9838 9860 9830 9812 9788 9798 9805 9790 9764 9753 9764 9787 9778 9740 9719 9735 9773 9752 9739 9738 9732 9737 9758 9775 9806 9771 9737 9697 9670 9668 9674 9668 9664 9647 9629 9635 9651 9717 9700 9666 9634 9661 9671 9674 9661 9669 9666 9659 9654 9652 9650 9649 9648 9647 9646 9646 9646 9646
9696 9691 9697 9721 9721 9637 9513 9372 9231 9113 9132 9187 9240 9294 9344 9390 9427 9415 9471 9646 9824 9857 9832 9823 9847 9847 9824 9789 9755 9738 9746 9764 9758 9738 9723 9732 9768 9759 9764 9748 9732 9733 9759 9791 9814 9784 9757 9724 9690 9670 9658 9629 9632 9629 9624 9630 9646 9687 9698 9700 9730 9703 9701 9709 9718 9693 9674 9663 9657 9654 9651 9648 9648 9648 9648 9646 9649 9648
9696 9693 9692 9721 9709 9623 9501 9362 9224 9121 9146 9204 9259 9315 9370 9423 9475 9533 9596 9710 9830 9859 9832 9816 9806 9818 9857 9803 9759 9729 9734 9733 9726 9735 9738 9738 9777 9782 9769 9760 9753 9750 9753 9767 9773 9767 9764 9777 9735 9679 9646 9623 9625 9625 9626 9630 9640 9659 9677 9692 9701 9704 9712 9725 9722 9704 9682 9664 9657 9655 9652 9653 9652 9652 9650 9648 9646 9645
9699 9699 9698 9719 9699 9613 9498 9367 9232 9141 9191 9248 9308 9367 9425 9481 9537 9591 9617 9705 9825 9866 9832 9805 9790 9795 9829 9816 9789 9780 9750 9738 9740 9751 9773 9804 9799 9789 9787 9782 9769 9753 9733 9718 9722 9732 9734 9732 9717 9687 9639 9627 9627 9628 9630 9635 9637 9645 9658 9667 9667 9684 9706 9733 9738 9710 9687 9661 9651 9660 9658 9653 9659 9658 9654 9650 9646 9646
9709 9713 9700 9709 9685 9618 9520 9399 9272 9195 9253 9317 9381 9443 9501 9557 9609 9653 9676 9729 9809 9825 9816 9806 9803 9816 9820 9826 9825 9782 9757 9746 9747 9764 9793 9840 9811 9796 9812 9814 9769 9742 9714 9701 9701 9700 9692 9675 9677 9666 9632 9630 9631 9631 9632 9633 9634 9639 9649 9655 9659 9671 9686 9696 9706 9704 9696 9682 9696 9697 9698 9688 9678 9668 9659 9653 9648 9648
9705 9697 9695 9707 9687 9640 9569 9471 9349 9300 9356 9416 9473 9528 9582 9633 9684 9731 9774 9809 9838 9818 9820 9813 9815 9813 9818 9816 9794 9761 9749 9747 9752 9764 9786 9804 9803 9795 9786 9767 9740 9714 9704 9697 9690 9680 9666 9649 9651 9643 9629 9635 9635 9633 9635 9636 9636 9639 9647 9652 9657 9664 9670 9672 9681 9693 9704 9727 9722 9721 9737 9727 9695 9676 9662 9653 9647 9646
9697 9689 9691 9698 9695 9676 9645 9597 9510 9469 9491 9519 9554 9594 9638 9686 9739 9801 9884 9960 9897 9870 9825 9818 9818 9805 9806 9810 9784 9741 9746 9750 9749 9765 9781 9791 9820 9786 9754 9721 9713 9704 9701 9692 9681 9671 9660 9647 9643 9638 9633 9638 9638 9640 9639 9639 9639 9643 9648 9654 9659 9663 9664 9664 9673 9682 9689 9683 9683 9700 9709 9709 9692 9674 9661 9652 9649 9652
9680 9678 9684 9696 9705 9712 9722 9747 9766 9682 9635 9625 9636 9661 9695 9736 9783 9838 9909 9934 9894 9839 9812 9811 9812 9813 9818 9825 9826 9775 9761 9764 9776 9784 9794 9797 9785 9766 9738 9710 9701 9698 9691 9678 9670 9667 9662 9656 9645 9641 9641 9637 9637 9638 9639 9641 9643 9645 9651 9656 9660 9662 9664 9668 9670 9674 9675 9671 9671 9679 9681 9685 9681 9672 9660 9653 9652 9653
9666 9679 9682 9698 9711 9731 9759 9808 9878 9803 9733 9707 9706 9721 9745 9776 9811 9849 9895 9897 9875 9828 9804 9804 9804 9808 9823 9836 9830 9794 9779 9779 9785 9793 9803 9795 9767 9746 9727 9713 9694 9676 9657 9650 9660 9665 9664 9655 9643 9637 9634 9637 9638 9634 9638 9643 9647 9652 9656 9659 9662 9664 9666 9668 9669 9671 9673 9672 9668 9672 9677 9677 9674 9668 9659 9654 9655 9658
9652 9666 9678 9684 9710 9731 9751 9767 9765 9777 9761 9752 9755 9768 9785 9806 9828 9850 9885 9906 9869 9837 9806 9798 9810 9809 9824 9843 9847 9798 9789 9791 9799 9807 9804 9778 9741 9723 9711 9703 9684 9660 9649 9652 9660 9667 9670 9661 9643 9634 9634 9639 9641 9638 9641 9646 9652 9659 9662 9663 9665 9667 9667 9669 9669 9669 9668 9665 9663 9669 9673 9673 9670 9665 9660 9657 9657 9658
9656 9661 9678 9699 9706 9716 9723 9722 9716 9749 9760 9771 9781 9792 9798 9812 9826 9839 9850 9861 9849 9832 9809 9791 9777 9801 9826 9847 9839 9801 9796 9801 9810 9813 9824 9772 9725 9704 9693 9684 9671 9660 9662 9654 9662 9671 9678 9669 9647 9636 9639 9643 9644 9642 9643 9649 9655 9662 9665 9669 9669 9668 9670 9670 9669 9667 9664 9662 9664 9670 9674 9672 9668 9664 9659 9657 9659 9660
9665 9650 9675 9693 9698 9703 9706 9706 9706 9739 9749 9767 9782 9794 9804 9813 9820 9827 9831 9837 9829 9821 9815 9806 9815 9854 9845 9856 9859 9810 9796 9802 9821 9844 9804 9772 9713 9684 9676 9668 9660 9656 9655 9658 9664 9673 9685 9682 9677 9650 9645 9645 9643 9645 9649 9652 9657 9663 9670 9674 9675 9674 9673 9672 9670 9667 9664 9665 9669 9675 9677 9675 9670 9664 9660 9659 9660 9662
9686 9670 9676 9689 9697 9702 9705 9711 9713 9733 9733 9746 9757 9769 9779 9788 9797 9803 9808 9811 9809 9814 9821 9832 9855 9888 9855 9850 9830 9790 9784 9785 9792 9788 9762 9731 9688 9676 9674 9665 9657 9663 9654 9667 9668 9666 9664 9679 9699 9708 9669 9648 9646 9647 9650 9655 9659 9663 9670 9678 9679 9678 9680 9679 9674 9669 9667 9668 9675 9684 9687 9677 9671 9666 9661 9661 9661 9663
9686 9683 9684 9690 9696 9700 9704 9708 9707 9718 9726 9735 9744 9754 9763 9772 9780 9786 9793 9800 9810 9811 9829 9843 9884 9874 9841 9837 9827 9800 9767 9760 9759 9748 9728 9719 9705 9697 9691 9686 9681 9701 9718 9689 9676 9664 9660 9666 9677 9687 9681 9665 9653 9651 9655 9659 9663 9667 9674 9682 9684 9684 9685 9683 9679 9675 9669 9679 9684 9672 9673 9676 9672 9667 9664 9663 9663 9664
9670 9684 9694 9696 9697 9698 9701 9702 9703 9704 9724 9733 9742 9751 9760 9768 9774 9779 9781 9785 9782 9789 9804 9783 9813 9835 9796 9796 9780 9726 9722 9731 9738 9737 9735 9735 9728 9718 9713 9722 9743 9712 9707 9701 9681 9664 9657 9661 9669 9686 9693 9692 9667 9654 9659 9663 9669 9674 9680 9688 9687 9687 9686 9686 9685 9688 9707 9722 9710 9685 9685 9685 9677 9669 9662 9663 9665 9666
9661 9676 9702 9696 9695 9697 9699 9700 9697 9700 9716 9723 9731 9738 9746 9754 9761 9767 9780 9771 9744 9766 9773 9739 9822 9827 9757 9743 9723 9683 9692 9714 9729 9741 9747 9763 9739 9727 9728 9731 9724 9712 9704 9700 9685 9668 9660 9669 9677 9679 9682 9678 9675 9659 9666 9672 9677 9680 9682 9687 9690 9691 9689 9689 9688 9689 9693 9715 9730 9761 9726 9700 9683 9671 9666 9663 9666 9668
9636 9645 9658 9679 9688 9693 9698 9697 9692 9691 9707 9716 9724 9733 9742 9750 9758 9767 9788 9789 9787 9774 9742 9792 9860 9824 9738 9704 9696 9693 9700 9716 9729 9737 9730 9738 9738 9737 9737 9737 9732 9718 9705 9701 9696 9680 9673 9678 9678 9672 9669 9660 9662 9676 9687 9690 9689 9687 9685 9689 9693 9696 9696 9693 9690 9689 9690 9698 9719 9734 9725 9706 9688 9672 9663 9664 9669 9670
9641 9648 9653 9670 9682 9689 9695 9695 9688 9686 9703 9712 9720 9729 9738 9747 9756 9765 9792 9819 9848 9786 9732 9784 9839 9810 9753 9721 9712 9714 9723 9733 9738 9732 9717 9720 9736 9741 9744 9743 9743 9740 9741 9735 9725 9708 9699 9697 9691 9686 9677 9663 9692 9727 9722 9712 9704 9697 9694 9696 9697 9696 9695 9691 9690 9689 9692 9697 9706 9703 9714 9710 9696 9678 9669 9672 9674 9672
9652 9679 9676 9674 9677 9682 9688 9691 9682 9679 9699 9701 9709 9717 9725 9735 9745 9757 9780 9787 9771 9762 9753 9795 9832 9809 9772 9743 9735 9742 9751 9754 9758 9756 9747 9739 9748 9755 9753 9750 9744 9738 9765 9779 9767 9739 9731 9735 9726 9714 9708 9711 9732 9755 9749 9732 9718 9707 9698 9698 9699 9693 9690 9690 9690 9689 9689 9697 9710 9722 9717 9716 9711 9694 9687 9687 9682 9677
9667 9694 9681 9673 9671 9670 9666 9658 9671 9675 9700 9697 9705 9712 9720 9729 9739 9749 9771 9773 9792 9797 9789 9814 9825 9800 9774 9758 9747 9752 9763 9769 9782 9797 9794 9776 9768 9765 9768 9771 9766 9772 9809 9838 9814 9789 9769 9760 9766 9758 9746 9742 9745 9763 9758 9742 9727 9714 9703 9699 9699 9699 9694 9691 9691 9691 9693 9697 9706 9716 9717 9722 9732 9755 9730 9704 9690 9681
9648 9651 9662 9667 9667 9664 9662 9663 9666 9669 9695 9693 9701 9708 9715 9723 9730 9738 9762 9771 9789 9804 9786 9801 9787 9764 9753 9743 9738 9742 9750 9768 9794 9814 9812 9798 9790 9786 9794 9804 9813 9833 9841 9847 9842 9828 9800 9788 9786 9782 9774 9772 9762 9759 9761 9750 9736 9722 9709 9704 9707 9705 9698 9692 9694 9695 9692 9695 9696 9701 9712 9721 9730 9742 9733 9711 9695 9683
9645 9668 9664 9663 9661 9661 9661 9668 9666 9666 9666 9680 9685 9690 9695 9700 9706 9714 9728 9730 9735 9732 9730 9724 9706 9716 9713 9709 9716 9721 9727 9760 9794 9821 9811 9807 9809 9814 9828 9841 9853 9833 9870 9899 9876 9825 9823 9806 9806 9799 9791 9777 9762 9770 9767 9758 9743 9728 9717 9710 9704 9704 9697 9693 9698 9703 9701 9698 9698 9701 9708 9715 9715 9705 9712 9705 9693 9681
9650 9656 9659 9659 9660 9664 9667 9670 9664 9660 9658 9673 9677 9681 9685 9688 9692 9697 9709 9701 9674 9647 9657 9666 9670 9684 9687 9692 9703 9715 9729 9758 9783 9795 9807 9810 9825 9854 9870 9865 9885 9883 9882 9916 9911 9887 9857 9846 9823 9814 9802 9795 9768 9777 9776 9762 9747 9734 9720 9712 9707 9703 9700 9698 9702 9704 9699 9701 9702 9704 9707 9711 9711 9709 9705 9700 9691 9680
9657 9673 9656 9655 9656 9660 9667 9660 9659 9658 9658 9672 9674 9677 9679 9681 9680 9681 9685 9671 9647 9628 9644 9663 9671 9679 9685 9687 9703 9719 9741 9762 9783 9781 9774 9799 9823 9842 9845 9844 9831 9830 9840 9854 9872 9883 9867 9859 9850 9819 9802 9793 9790 9796 9786 9768 9752 9736 9721 9707 9705 9703 9703 9702 9705 9706 9702 9700 9700 9703 9707 9712 9712 9706 9706 9699 9691 9683
9656 9659 9654 9651 9649 9648 9642 9648 9653 9656 9658 9663 9665 9666 9667 9667 9666 9670 9660 9646 9640 9641 9653 9667 9677 9684 9692 9703 9712 9722 9735 9759 9796 9796 9774 9807 9837 9821 9786 9829 9815 9791 9795 9801 9805 9830 9846 9841 9821 9802 9784 9773 9778 9782 9781 9773 9757 9740 9724 9712 9709 9709 9709 9712 9710 9708 9704 9703 9702 9706 9711 9715 9721 9722 9710 9701 9693 9686
9656 9653 9649 9646 9645 9643 9641 9646 9651 9655 9658 9655 9655 9653 9650 9649 9646 9643 9639 9639 9644 9652 9655 9659 9675 9686 9703 9712 9720 9727 9738 9757 9779 9815 9845 9867 9879 9873 9899 9876 9850 9808 9791 9784 9795 9811 9798 9795 9792 9778 9767 9758 9758 9780 9793 9779 9764 9748 9729 9716 9711 9713 9714 9710 9711 9710 9709 9709 9710 9711 9714 9716 9721 9721 9711 9703 9695 9689
9655 9649 9641 9640 9642 9645 9647 9653 9659 9664 9668 9659 9658 9660 9658 9656 9648 9638 9640 9641 9644 9643 9647 9659 9665 9681 9706 9718 9728 9736 9741 9755 9772 9840 9935 9994 9880 9839 9902 9796 9822 9798 9764 9778 9832 9810 9756 9742 9756 9767 9759 9760 9767 9776 9783 9780 9769 9756 9740 9721 9716 9722 9725 9718 9714 9716 9717 9717 9718 9717 9718 9718 9714 9712 9711 9705 9699 9696
9651 9644 9636 9639 9644 9649 9656 9660 9660 9661 9661 9657 9658 9655 9654 9653 9652 9646 9647 9649 9646 9644 9648 9658 9653 9670 9696 9715 9739 9759 9767 9787 9882 9977 9925 9869 9709 9602 9525 9479 9469 9589 9659 9682 9686 9786 9869 9799 9782 9781 9770 9776 9784 9776 9784 9782 9776 9769 9764 9764 9775 9774 9750 9727 9719 9722 9724 9726 9727 9726 9725 9723 9717 9715 9714 9710 9705 9702
9658 9650 9640 9645 9653 9656 9665 9666 9663 9661 9659 9659 9659 9658 9657 9656 9661 9654 9652 9651 9649 9645 9650 9661 9669 9666 9672 9710 9745 9787 9835 9890 9979 9867 9703 9528 9402 9297 9193 9160 9229 9413 9563 9545 9565 9686 9803 9913 9864 9810 9772 9781 9793 9788 9788 9782 9780 9782 9785 9793 9802 9799 9776 9751 9732 9729 9730 9730 9731 9734 9734 9733 9727 9725 9721 9716 9710 9706
9663 9656 9649 9656 9670 9679 9684 9672 9664 9659 9655 9656 9654 9654 9654 9653 9661 9651 9650 9656 9656 9653 9654 9671 9678 9676 9687 9703 9729 9799 9874 9983 9744 9583 9384 9167 9073 9022 8953 8916 8986 9130 9254 9352 9509 9604 9662 9853 9856 9822 9785 9785 9791 9791 9783 9779 9781 9789 9800 9812 9821 9819 9793 9768 9740 9737 9737 9739 9740 9742 9744 9747 9751 9740 9731 9723 9716 9712
9657 9657 9653 9662 9685 9711 9687 9675 9668 9662 9659 9657 9655 9654 9654 9653 9659 9653 9654 9656 9657 9662 9662 9674 9679 9675 9697 9732 9763 9790 9791 9715 9431 9275 9110 8940 8870 8840 8796 8759 8786 8901 8970 9139 9324 9476 9565 9622 9756 9817 9821 9790 9780 9783 9772 9770 9781 9797 9818 9835 9848 9831 9803 9766 9735 9736 9740 9743 9745 9749 9753 9760 9763 9752 9740 9730 9723 9718
9661 9660 9657 9668 9684 9688 9669 9666 9664 9662 9660 9656 9655 9654 9653 9650 9656 9646 9646 9649 9654 9658 9671 9675 9670 9666 9714 9787 9836 9793 9667 9460 9179 8995 8917 8848 8791 8741 8710 8712 8759 8797 8858 8957 9144 9375 9510 9573 9711 9831 9875 9787 9766 9773 9757 9759 9779 9800 9825 9845 9851 9831 9805 9778 9768 9755 9747 9755 9751 9753 9757 9762 9767 9756 9745 9736 9730 9725
9659 9666 9677 9681 9669 9660 9657 9664 9667 9670 9671 9664 9663 9656 9655 9650 9648 9646 9644 9643 9648 9656 9673 9674 9671 9677 9757 9878 9946 9832 9583 9271 8996 8852 8798 8760 8723 8683 8660 8650 8721 8770 8818 8898 9033 9197 9375 9542 9699 9838 9880 9813 9778 9762 9755 9760 9776 9800 9823 9847 9850 9818 9795 9773 9751 9739 9746 9749 9752 9754 9754 9751 9748 9750 9746 9740 9733 9731
9664 9664 9665 9662 9652 9656 9654 9656 9658 9662 9664 9659 9659 9656 9655 9659 9647 9647 9646 9646 9645 9652 9666 9667 9672 9682 9797 9955 1.006e+004 9884 9531 9153 8909 8785 8730 8685 8646 8661 8666 8671 8740 8772 8815 8920 9025 9132 9260 9464 9688 9872 9922 9864 9811 9778 9762 9741 9778 9798 9815 9833 9833 9811 9797 9757 9728 9735 9746 9749 9753 9754 9755 9751 9748 9750 9748 9744 9743 9741
9656 9647 9629 9619 9626 9646 9658 9659 9650 9648 9647 9649 9651 9651 9651 9651 9648 9647 9648 9646 9644 9642 9651 9662 9676 9693 9817 9978 1.007e+004 9895 9495 9075 8813 8737 8706 8678 8659 8695 8730 8759 8798 8803 8800 8856 8976 9074 9188 9404 9666 9915 9965 9864 9843 9825 9812 9802 9790 9798 9798 9795 9791 9801 9802 9769 9745 9739 9743 9753 9752 9756 9760 9760 9759 9756 9752 9748 9745 9741
9654 9622 9598 9585 9623 9666 9660 9653 9641 9638 9636 9645 9645 9647 9649 9650 9650 9650 9652 9651 9649 9649 9646 9659 9673 9699 9808 9962 1.005e+004 9893 9467 9044 8810 8738 8716 8715 8735 8760 8824 8921 8903 8860 8808 8821 8929 9040 9155 9367 9601 9826 9906 9873 9866 9875 9859 9827 9815 9800 9785 9766 9759 9784 9799 9779 9744 9730 9728 9733 9744 9754 9764 9775 9772 9765 9758 9752 9749 9746
9592 9589 9599 9609 9654 9646 9638 9631 9629 9629 9636 9637 9639 9640 9643 9647 9653 9649 9648 9649 9653 9661 9662 9666 9668 9670 9773 9912 9983 9832 9426 9021 8824 8748 8735 8754 8789 8810 8827 8912 8991 8912 8847 8850 8908 8993 9184 9355 9505 9640 9786 9854 9863 9849 9835 9850 9832 9812 9797 9784 9789 9803 9787 9794 9749 9727 9719 9723 9736 9749 9762 9775 9776 9770 9762 9756 9753 9755
9593 9590 9614 9648 9626 9602 9613 9615 9624 9628 9629 9629 9632 9633 9635 9639 9646 9648 9648 9652 9659 9679 9689 9688 9684 9682 9747 9869 9928 9796 9406 8995 8847 8766 8757 8782 8829 8854 8879 8956 8999 8927 8863 8851 8882 8965 9258 9367 9425 9508 9718 9841 9854 9831 9814 9820 9822 9814 9809 9816 9818 9823 9779 9774 9768 9734 9730 9730 9735 9746 9751 9728 9765 9768 9769 9767 9758 9753
