real_craters/C080-300m.grd
DSAA
194 194
-28.945 28.945
-28.945 28.945
8642.2555610093 10090.891830961
[rows 30 to 59 of 194, columns 0 to 66 of 194]
9655.35 9654.98 9658.89 9662.98 9669.93 9678.37 9689.05 9699.09 9698.5 9701.69 9705.53 9709.78 9714.07 9718.04 9721.53 9723.9 9724.95 9724.04 9721.07 9717.28 9716.77 9718.77 9741.02 9756.52 9754.88 9760.6 9765.34 9769.58 9773.66 9777.76 9781.99 9786.39 9790.96 9795.69 9800.56 9799.21 9804.59 9810.06 9815.56 9821.03 9826.42 9831.67 9836.75 9841.6 9846.17 9850.45 9863.48 9863.48 9859.56 9854.69 9849.69 9842.87 9836.47 9830.11 9824.14 9810.95 9801.85 9795.41 9788.82 9781.84 9776.74 9786.21 9796.15 9804.14 9813.74 9823.69 9833.92
9659.82 9654.85 9653.98 9659.54 9667.39 9676.19 9684.17 9691.21 9696.45 9699.32 9701.95 9704.37 9707.03 9709.43 9711.6 9712.7 9712.86 9711.65 9709.44 9706.39 9707.06 9712.08 9739.61 9742.4 9752.5 9761.18 9768.74 9775.41 9781.39 9786.85 9791.91 9796.66 9801.17 9805.49 9809.65 9813.66 9808.12 9812.55 9816.93 9821.24 9825.42 9829.46 9833.31 9836.9 9840.17 9843.08 9852.33 9854.72 9856.22 9852.41 9843.58 9837.23 9831.76 9826.63 9821.42 9811.55 9804.08 9798.06 9791.72 9785.38 9781.8 9794.02 9806 9808.72 9813.02 9826.44 9837.82
9665.03 9653.43 9649.1 9655.81 9665.3 9674.8 9682.12 9687.41 9693.89 9696.98 9699.21 9701.09 9703.01 9704.83 9706.05 9706.74 9706.89 9706.17 9705.24 9703.74 9705.24 9707.6 9733.8 9734.47 9744.48 9753.52 9761.94 9769.58 9776.49 9782.75 9788.43 9793.62 9798.39 9802.79 9806.88 9810.69 9814.26 9817.62 9820.13 9823.17 9826.02 9828.68 9831.11 9833.27 9835.22 9836.56 9842.53 9844.43 9844.81 9840.04 9834.94 9829.98 9825.97 9821.83 9816.77 9813.25 9808.64 9803.63 9799.21 9796.5 9797.7 9815.19 9832.47 9833.17 9829.09 9836.74 9844.22
9666.13 9652.84 9646.21 9655.32 9665.37 9675.85 9687.65 9692.96 9694.28 9695.88 9697.95 9699.82 9701.64 9703.28 9704.39 9705.33 9706.02 9706.38 9706.89 9707.2 9707.46 9706.85 9731.73 9729.39 9737.43 9744.34 9751.56 9758.32 9764.61 9770.45 9775.89 9780.96 9785.72 9790.19 9794.43 9798.44 9802.25 9805.87 9809.32 9812.58 9816.96 9819.63 9822.04 9824.12 9825.86 9827.12 9831.68 9833.66 9831.78 9827.21 9825.12 9822.64 9820.46 9817.76 9815.27 9814.75 9813.42 9810.98 9809.74 9812.48 9823.13 9841.82 9861.76 9861.44 9853.73 9850.46 9851.32
9672.57 9661.39 9655.37 9660.54 9667.85 9675.68 9683.38 9689.99 9692.91 9695.16 9697.37 9699.39 9701.17 9702.77 9704.28 9705.56 9706.72 9708.25 9710.75 9713.06 9711.24 9707.84 9706.36 9726.79 9731.83 9737.15 9742.96 9748.6 9754.01 9759.19 9764.16 9768.93 9773.51 9777.92 9782.17 9786.28 9790.24 9794.06 9797.73 9801.24 9804.56 9807.67 9811.54 9813.86 9815.72 9817.4 9821.83 9821.68 9819.76 9815.59 9815.58 9816.27 9816.06 9815.13 9813.19 9813.57 9817.53 9819.12 9820.43 9824.71 9840.25 9861.25 9878.76 9876.89 9867.04 9858.06 9854.73
9685.36 9676.45 9670.15 9669.2 9672 9676.11 9680.41 9685.92 9690.88 9694.3 9696.59 9699.05 9700.91 9702.35 9703.9 9705.44 9707.2 9709.05 9712.47 9717.14 9713.63 9708.44 9705.35 9725.3 9728.52 9732.94 9737.8 9742.66 9747.45 9752.15 9756.74 9761.22 9765.6 9769.86 9774.02 9778.05 9781.97 9785.75 9789.39 9792.87 9796.17 9799.25 9802.08 9804.59 9806.85 9808.76 9814.37 9813.06 9810.72 9807.93 9809.18 9811.89 9813.45 9814.88 9816.84 9820.07 9824.15 9828.42 9831.81 9834.27 9849.07 9876.92 9890.45 9882.77 9866.75 9856.59 9853.09
9694.53 9686.1 9679.62 9676.54 9676.65 9678.48 9681.55 9686.12 9690.33 9693.76 9696.42 9698.54 9700.41 9702.14 9703.73 9705.29 9706.93 9708.7 9710.68 9712.68 9711.16 9707.23 9703.86 9723.41 9725.2 9729.51 9733.67 9737.92 9742.2 9746.48 9750.72 9754.91 9759.03 9763.08 9767.05 9770.92 9774.68 9778.33 9781.84 9785.2 9788.39 9791.4 9794.18 9796.73 9798.9 9801.34 9808.4 9805.04 9805.56 9803.57 9806.49 9809.78 9812.57 9815.81 9820.8 9826.86 9832.51 9837.78 9845.06 9855.7 9873.29 9894.41 9904.67 9884.32 9859.97 9849.87 9848.09
9692.75 9688.3 9683.5 9681.01 9680.58 9681.62 9683.86 9687.4 9690.98 9693.99 9696.54 9698.44 9700.24 9701.82 9703.38 9704.78 9706.31 9708 9707.92 9708.17 9708.45 9705.4 9702.09 9721.54 9722.34 9726.54 9730.06 9733.72 9737.47 9741.28 9745.11 9748.94 9752.76 9756.56 9760.31 9764.01 9767.64 9771.18 9774.63 9777.96 9781.16 9784.21 9787.09 9789.8 9792.44 9795.39 9803.58 9800.25 9803.58 9806.29 9808.49 9809.65 9811.53 9815.14 9821.9 9830.91 9837.31 9841.98 9851.5 9873.53 9891.22 9895.28 9896.68 9877.23 9855.41 9844.8 9841.84
9682.27 9681.99 9682.47 9682.95 9684 9684.92 9686.33 9689.6 9692.17 9694.38 9696.34 9697.9 9699.54 9701.17 9702.61 9703.49 9705.19 9707.33 9708.44 9709.08 9707.43 9703.7 9700.23 9719.62 9720.16 9725.14 9728.5 9732.01 9735.62 9739.3 9743.03 9746.76 9750.49 9754.19 9757.85 9761.43 9764.94 9768.33 9771.6 9774.71 9777.65 9780.4 9782.94 9785.28 9787.91 9790.02 9802.43 9796.43 9801.46 9808.29 9809.93 9806.93 9807.3 9810.59 9817.38 9826.27 9837.36 9836.74 9838.45 9853.13 9872.64 9874.3 9871.14 9862 9848.76 9837.89 9832.32
9673.44 9675.45 9680.18 9684.09 9687.01 9689.62 9691.31 9692.62 9693.66 9694.79 9696.02 9697.25 9698.53 9699.83 9700.9 9701.93 9703.52 9706.03 9710.3 9712.53 9706.89 9701.91 9698.14 9717.28 9718.38 9725.5 9729.1 9732.82 9736.64 9740.51 9744.4 9748.28 9752.13 9755.92 9759.62 9763.2 9766.63 9769.87 9772.9 9775.67 9778.15 9780.31 9782.11 9783.56 9785.23 9786.53 9799.59 9797.09 9796.3 9800.87 9802.34 9798.05 9798.38 9802.08 9808.48 9816.79 9827.84 9820.85 9809.29 9809.28 9836.5 9850.17 9852.49 9845.36 9832.65 9821.66 9816.63
9669.96 9673.92 9680.62 9685.64 9689.79 9693.35 9695.44 9695.62 9695.86 9696.06 9696.58 9696.89 9697.85 9699.08 9699.9 9700.7 9701.47 9702.39 9703.07 9705.41 9703.27 9699.57 9704.11 9714.89 9716.4 9724.26 9726.93 9730.53 9734.19 9737.9 9741.63 9745.36 9749.06 9752.7 9756.27 9759.73 9763.06 9766.22 9769.19 9771.91 9774.34 9776.43 9778.14 9779.41 9780.99 9781.73 9792.91 9788.78 9786.66 9785.53 9784.95 9783.15 9786.57 9791.92 9798.37 9803.92 9812.6 9800.9 9778.95 9774.11 9809.13 9836.37 9841.69 9831.25 9814.27 9799.73 9795.53
9672.08 9679.72 9682.62 9686.64 9692.01 9696.33 9697.94 9697.69 9696.86 9696.23 9696.25 9696.71 9697.39 9698.13 9698.91 9699.46 9699.52 9698.91 9696.13 9698.72 9699.17 9697.02 9702.26 9713.42 9714.81 9722.11 9722.97 9726.23 9729.56 9732.91 9736.3 9739.69 9743.08 9746.44 9749.77 9753.05 9756.26 9759.36 9762.35 9765.17 9767.78 9770.13 9772.15 9773.73 9775.1 9776.23 9784.38 9779.28 9774.28 9765.74 9758.54 9765.15 9773.57 9781.59 9788.68 9794.71 9797.43 9778.89 9755.92 9759.23 9799.37 9832.96 9837.22 9821.7 9798.02 9776.97 9773.79
9667.81 9677.28 9679.49 9683.84 9692.06 9701.35 9701.47 9698.25 9696.2 9695.7 9695.65 9696.18 9696.85 9697.87 9698.58 9698.89 9699.03 9698.53 9696.94 9698.04 9697.29 9695.2 9700.51 9700.89 9713.84 9718.02 9720.22 9723.36 9726.54 9729.74 9732.96 9736.18 9739.41 9742.62 9745.82 9748.98 9752.1 9755.16 9758.13 9760.98 9763.68 9766.16 9768.33 9770.29 9771.6 9772.17 9779.22 9773.48 9767.23 9754.89 9743.35 9752.89 9763.82 9772.1 9778.06 9782.57 9775.77 9753.84 9741.96 9760.35 9805.15 9837.2 9837.38 9817.57 9789.66 9764.66 9756.68
9655.13 9661.11 9667.19 9674.6 9685.24 9697.87 9698.02 9694.84 9693.91 9693.79 9694.32 9695 9696.03 9697.05 9697.93 9698.77 9699.54 9700.37 9701.29 9699.51 9696.67 9693.89 9698.59 9698.85 9712.57 9715.53 9717.2 9720.19 9723.22 9726.29 9729.37 9732.48 9735.6 9738.72 9741.84 9744.96 9748.05 9751.12 9754.14 9757.09 9759.94 9762.63 9765.09 9767.5 9769.39 9780.45 9777.34 9772.51 9769.37 9757.7 9748.22 9753.16 9761.08 9766.22 9767.77 9766.18 9754.15 9736.57 9740.6 9775.23 9823.64 9854.87 9844.53 9817.68 9786.51 9758.48 9743.88
9641.96 9641.48 9651.09 9660.98 9670.16 9679.14 9684.56 9686.76 9688.48 9690.3 9691.96 9693.16 9694.68 9696.05 9697.35 9698.33 9699.85 9700.88 9702.33 9698.89 9695.27 9691.98 9695.45 9695.07 9711.55 9711.44 9714.65 9717.58 9720.6 9723.68 9726.8 9729.97 9733.17 9736.38 9739.6 9742.82 9746.03 9749.21 9752.35 9755.43 9758.42 9761.29 9763.97 9767.53 9770.07 9782.96 9780.78 9777.95 9779.44 9770.22 9760.36 9762.4 9765.97 9764.61 9759.65 9752.01 9741.21 9740.27 9764.99 9804.79 9847.36 9869.82 9849.72 9817.44 9783.27 9752.63 9732.94
9635.93 9633.36 9641.12 9649.42 9654.85 9659.89 9669.74 9677.07 9682.05 9685.53 9688.45 9690.96 9693.11 9694.64 9696.45 9697.83 9698.81 9698.47 9697.46 9695.89 9692.65 9689.09 9691.53 9690.38 9709.66 9707.03 9711.94 9714.88 9717.95 9721.13 9724.39 9727.72 9731.1 9734.51 9737.94 9741.37 9744.78 9748.16 9751.49 9754.76 9757.94 9761.02 9763.99 9769.34 9772.46 9788.03 9787.13 9787.19 9797.01 9791.72 9783.53 9783.74 9779.77 9768.6 9755.56 9743.98 9741.87 9762.68 9806.28 9833.52 9857.82 9870.87 9846.28 9813.55 9778.19 9744.75 9722.28
9637.6 9636.85 9640.46 9644.44 9646.66 9650.74 9660.95 9669.89 9676.83 9681.29 9685.07 9688.17 9690.83 9693.27 9695.37 9697 9697.55 9696.4 9693.98 9693 9690.2 9686.86 9689.26 9688.13 9707.67 9704.42 9710.85 9714.12 9717.42 9720.82 9724.29 9727.82 9731.37 9734.94 9738.51 9742.05 9745.57 9749.03 9752.44 9755.77 9759.03 9762.22 9765.35 9770.15 9775.14 9792.66 9793.24 9808.61 9812.56 9817.18 9824.72 9823.41 9800.05 9775.2 9753.82 9737.51 9732.6 9769.69 9806.73 9832.22 9846.87 9848.68 9834.78 9807.35 9773.96 9738.02 9715.91
9640.21 9642.23 9644.39 9645.57 9646.7 9650.28 9658.55 9666.65 9673.01 9678.75 9683 9685.55 9688.49 9691.19 9693.62 9695.93 9696.76 9696.62 9694.25 9691.7 9688.29 9688.98 9687.98 9687.2 9707.04 9704.37 9709.81 9712.87 9716.27 9719.74 9723.27 9726.83 9730.41 9733.99 9737.57 9741.13 9744.67 9748.18 9751.65 9755.1 9758.51 9761.93 9765.4 9768.7 9776.01 9793.76 9795.78 9813.56 9821.09 9832.58 9855.48 9856.47 9811.42 9777.62 9752.19 9734.12 9728.83 9760.24 9800.83 9825.84 9839.61 9839.48 9826.39 9803.59 9775.72 9746.59 9726.69
9641.95 9645.85 9649.12 9650.81 9651.18 9654.32 9660.95 9667.37 9672.92 9677.45 9681.13 9684.25 9687.03 9689.69 9692.28 9694.69 9696.31 9696.18 9693.49 9690.42 9686.84 9686.44 9685.19 9684.24 9703.72 9702.41 9706.5 9709.16 9712.41 9715.77 9719.2 9722.68 9726.22 9729.78 9733.38 9737 9740.65 9744.31 9747.99 9751.71 9755.47 9759.29 9763.23 9766.71 9774.94 9792.26 9794.84 9798.91 9818.33 9824.59 9831.93 9824.06 9797.43 9772.05 9750.24 9734.01 9727.86 9754.48 9793.12 9820.64 9835.33 9834.31 9821.72 9802.84 9780.84 9760.45 9744.93
9644.82 9652.01 9657.57 9661.22 9660.2 9661.63 9666.25 9670.06 9673.57 9676.87 9679.69 9682.01 9684.29 9686.97 9689.68 9692.62 9695.27 9695.9 9692.48 9688.36 9685.2 9683.82 9682.66 9681.87 9704.05 9700.07 9703.65 9704.65 9707.65 9710.75 9713.94 9717.21 9720.56 9723.98 9727.48 9731.06 9734.72 9738.48 9742.34 9746.33 9750.45 9754.73 9759.13 9762.69 9772.02 9786.68 9789.67 9792.83 9806.13 9805.15 9796.27 9781.64 9774.24 9763.72 9750.94 9739.27 9733.15 9753.51 9795.77 9820.03 9829.3 9828.76 9818.79 9803.23 9785.19 9767.53 9751.75
9651.3 9663.96 9673.64 9678.22 9677.34 9674.55 9673.19 9673.24 9674.27 9675.81 9677.69 9679.37 9681.21 9682.89 9685.36 9688.56 9692.65 9694.89 9689.5 9684.72 9682.91 9680.72 9680 9679.59 9679.36 9699.21 9701.71 9700.08 9702.84 9705.69 9708.64 9711.68 9714.83 9718.08 9721.45 9724.95 9728.58 9732.38 9736.35 9740.52 9744.9 9749.52 9754.41 9758.81 9768.36 9779.62 9782.95 9785.49 9790.13 9788.55 9774.92 9758.82 9760.27 9761.28 9756.79 9751.13 9749.28 9765.44 9809.23 9826.54 9830.47 9828.08 9818.43 9804.21 9788.7 9773.47 9759.56
9661.49 9678.4 9694.35 9695.72 9692.83 9684.88 9678.35 9675.29 9674.66 9674.78 9675.4 9676.05 9677.1 9678.26 9679.34 9681.49 9685.23 9689.78 9681.97 9678.71 9678.68 9677.38 9677.53 9677.78 9678.05 9698.76 9700.44 9697.84 9700.6 9703.43 9706.34 9709.33 9712.42 9715.61 9718.91 9722.35 9725.94 9729.69 9733.63 9737.79 9742.17 9746.79 9751.42 9755.89 9765.01 9775.44 9778.75 9781.12 9778.81 9781.26 9771.25 9760.25 9765.19 9769.74 9769.07 9768.28 9772.78 9789.4 9819.73 9834.02 9840.07 9830.21 9818.01 9804.31 9790.2 9777.95 9767.17
9667.82 9684.24 9702.67 9699.79 9694.47 9685.67 9678.8 9675.13 9673.23 9672.74 9672.6 9672.34 9672.58 9672.71 9672.37 9672.05 9670.93 9669.33 9668.84 9671.2 9673.96 9674.47 9675.73 9676.76 9677.62 9699.26 9697.57 9696.38 9699.15 9701.96 9704.81 9707.72 9710.71 9713.79 9716.97 9720.27 9723.72 9727.33 9731.12 9735.11 9739.34 9743.8 9747.67 9752.45 9767.21 9771.06 9774.83 9778.18 9776.86 9781.91 9782.33 9787.39 9786.92 9785.13 9782.86 9782.98 9790.89 9807.99 9820.75 9832.27 9836.38 9825.67 9814.01 9800.73 9788.91 9778.15 9769.76
9666.01 9675.98 9684.97 9683.14 9679.71 9677.26 9674.77 9672.89 9671.26 9670.49 9670.02 9669.5 9668.43 9667.74 9666.29 9663.68 9657.61 9651.49 9658.81 9665.33 9670.18 9672.1 9674.2 9675.82 9677.11 9700.09 9697.53 9696.5 9699.1 9702 9704.9 9707.83 9710.81 9713.84 9716.94 9720.13 9723.42 9726.83 9730.38 9734.1 9737.99 9742.08 9744.46 9748.91 9765.26 9768.8 9772.64 9776.87 9778.38 9783.67 9792.54 9806.63 9806.79 9799.12 9793.21 9791.14 9794.03 9801.54 9815.34 9819.93 9818.55 9812.7 9802.51 9791.88 9782.49 9773.94 9765
9657.99 9662.34 9662.35 9660.7 9661.2 9666.95 9669.71 9670.3 9669.68 9669.33 9668.23 9666.37 9665.74 9664.76 9663.33 9660.75 9655.32 9651.82 9657.49 9662.97 9667.45 9669.4 9671.5 9673.11 9674.38 9701.22 9694.29 9693.44 9696.28 9699.12 9701.95 9704.8 9707.67 9710.58 9713.55 9716.57 9719.68 9722.88 9726.18 9729.62 9733.22 9737.29 9740.41 9743.76 9760.45 9763.84 9767.92 9772.99 9779.57 9783.17 9794.96 9810.52 9813.34 9805.4 9797.57 9793 9790.92 9789.81 9806.84 9806.77 9800.85 9796.62 9788.47 9779.76 9772.75 9767.01 9763.53
9648.8 9653.04 9652.17 9651.93 9655.83 9662.09 9665.78 9667.34 9667.49 9667.11 9666.77 9665.16 9664.19 9663.45 9662.56 9662.06 9661.79 9662.26 9662.01 9663.71 9665.35 9666.99 9668.28 9669.27 9670.02 9695.52 9690.58 9691.91 9695 9697.97 9700.94 9703.91 9706.88 9709.85 9712.82 9715.8 9718.78 9721.78 9724.8 9727.84 9730.94 9734.22 9739.32 9740.63 9761.18 9762.91 9765.5 9769.41 9767.88 9777.62 9789.05 9803.67 9808.96 9801.39 9793.17 9788.24 9788.01 9793.12 9803.35 9802.13 9791.21 9780.38 9771.76 9765.01 9759.67 9755.71 9752.55
9644.17 9651.13 9656.32 9659.52 9660.34 9662.27 9664 9664.82 9665.65 9665.66 9665.48 9663.67 9662.78 9662.43 9662.34 9663.49 9666.98 9668.69 9666.38 9665.69 9665.68 9666.22 9666.78 9667.28 9667.68 9689.73 9686.87 9687.81 9691.06 9693.77 9696.48 9699.19 9701.9 9704.59 9707.28 9709.97 9712.64 9715.32 9717.99 9720.68 9723.41 9726.15 9732.17 9732.61 9752.37 9753.63 9755.69 9758.93 9758.03 9762.02 9774.93 9790.8 9799.92 9787.14 9777.85 9773.9 9776.33 9787.44 9791.99 9785.74 9770.23 9758.31 9751.8 9747.05 9743.51 9740.56 9737.32
9643.98 9652.64 9662.24 9669.01 9666.17 9664.12 9663.81 9664 9663.72 9663.83 9663.81 9662.11 9662.04 9661.48 9661.47 9662.31 9665.48 9669.24 9668.05 9667.09 9666.35 9666.19 9666.22 9666.34 9666.48 9666.62 9679.74 9681.7 9684.06 9686.14 9688.23 9690.35 9692.49 9694.65 9696.84 9699.07 9701.33 9703.63 9705.99 9708.41 9710.93 9713.58 9719.33 9720.34 9734.37 9736.22 9738.61 9740.63 9738.59 9745.24 9751.63 9761.17 9769.28 9757.99 9751.98 9750.49 9754.35 9764.77 9755.89 9731.59 9727.87 9729.29 9728.88 9727.97 9726.34 9723.97 9720.25
9645.31 9653.29 9662.19 9668.74 9666.02 9664.16 9663.16 9662.64 9661.94 9662.12 9660.49 9660.93 9661.26 9661.3 9661.11 9660.11 9660.09 9666.65 9667.82 9667.44 9666.46 9665.85 9665.45 9665.23 9665.11 9665.08 9675.61 9677.74 9679.72 9681.45 9683.22 9685.01 9686.83 9688.68 9690.56 9692.47 9694.42 9696.41 9698.44 9700.52 9702.66 9704.93 9710.58 9710.03 9721.95 9723.09 9724.33 9730.26 9723.75 9726.33 9725.05 9722.85 9715.4 9717.94 9718.21 9718.79 9719.56 9715.94 9706.52 9690.4 9695.49 9703.66 9708.15 9709.44 9709.77 9708.47 9706.23
9646.87 9652.86 9657.38 9659.77 9661.72 9661.92 9661.35 9661.47 9661.01 9661.38 9660.1 9660.89 9661.67 9662.21 9661.99 9660.4 9659.66 9666.28 9668.05 9667.54 9665.93 9664.81 9663.9 9663.2 9662.66 9662.25 9671.42 9673.73 9675.46 9676.88 9678.36 9679.88 9681.45 9683.05 9684.69 9686.35 9688.05 9689.77 9691.52 9693.29 9695.07 9696.63 9700.93 9700.1 9710.9 9710.99 9716.13 9714.92 9711.55 9708.34 9699.49 9690.08 9682.02 9681.82 9684.83 9685.86 9685.21 9689.61 9681.12 9671.77 9677.79 9686.53 9692.76 9695.71 9696.97 9696.33 9693.99
