real_craters/C080-500m.grd
DSAA
117 117
-28.945 28.945
-28.945 28.945
8641.1861666311 10082.861613454
[rows 0 to 29 of 117, columns 0 to 66 of 117]
9721.57 9714.5 9707.11 9705.87 9712.37 9730.4 9736.73 9712.65 9659.93 9594.71 9521.05 9442.88 9362.4 9282.69 9209.6 9208.4 9255.42 9303.04 9350.03 9394.18 9434.73 9471.39 9503.76 9530.79 9550.08 9557.29 9523.42 9556.94 9657.06 9769.49 9856.06 9870.12 9851.68 9833.91 9818.3 9803.4 9784.02 9769.07 9750.42 9720.31 9721.58 9727.18 9726.99 9726.47 9718.89 9709.85 9707.78 9700.25 9703.93 9709.37 9711.57 9713.49 9717.77 9717.77 9720.21 9722.31 9721.64 9721.7 9726.48 9739.4 9761.15 9776.62 9762.74 9757.08 9754.28 9749.56 9723.88
9709.58 9703.76 9693.26 9691.85 9698.97 9723.73 9733.13 9703.45 9643.65 9570.27 9489.69 9404.29 9318.6 9237.16 9171.65 9173.33 9214.84 9259.58 9304.45 9346.98 9385.97 9420.4 9448.94 9469.71 9480.25 9478.66 9437.53 9470.47 9589.04 9739.09 9879.6 9899.05 9858.2 9836.34 9819.19 9802.8 9786.35 9782.76 9784.37 9760.68 9725.12 9725.65 9735.64 9745.25 9754.34 9747.86 9731.78 9713.85 9720.22 9722.72 9718.97 9714.9 9713.92 9723.09 9732.9 9758.81 9749.57 9727.09 9727.95 9742.1 9761.15 9772.77 9764.56 9762.27 9765.44 9770.4 9737.56
9705.24 9701.82 9696.25 9688.85 9694.97 9721.38 9727.41 9693.35 9629.25 9550.5 9464.07 9373.56 9284.48 9202.18 9139.7 9150.42 9192.04 9235.23 9279.03 9320.47 9357.88 9389.84 9414.79 9430.89 9436.25 9430.16 9382.84 9413.75 9534.31 9704 9861.82 9880.59 9866.62 9833.95 9819.02 9805.62 9797.81 9788.51 9783.42 9782.78 9767.39 9744.63 9752.84 9758.25 9774.42 9774.57 9762.77 9764.62 9757.27 9742.02 9728.22 9717.15 9712.55 9734.95 9764.51 9776.47 9763.43 9736.06 9730.34 9737.66 9743.37 9744.47 9753.22 9759.98 9768.49 9778.83 9779.89
9701.83 9702.11 9703.82 9691.12 9697.01 9723.65 9728.53 9685.68 9617.02 9534.8 9445.36 9351.74 9260.04 9176.02 9119.89 9135.46 9171.96 9208.88 9247.01 9284.23 9319.23 9350.91 9378 9398.83 9411.28 9412.83 9361.51 9365.4 9504.23 9681.02 9824.48 9863.55 9858.73 9831.79 9819.32 9807.13 9790.38 9794.68 9799.28 9803.94 9799.42 9785.92 9766.15 9755.85 9751.85 9762.14 9774.6 9791.19 9783.98 9756.17 9734.84 9720.75 9717.61 9746.55 9774.97 9757.46 9751.51 9741.79 9737.24 9736.9 9732.97 9730.22 9740.05 9754.35 9767 9777.33 9808.97
9697.45 9696.05 9694.84 9695.54 9702.07 9726.43 9722.84 9677.1 9606.23 9521.95 9429.86 9335.32 9241.95 9156.29 9108.46 9130.38 9166.44 9202.9 9239.43 9275.49 9310.08 9342.4 9371.57 9396.52 9415.88 9428.09 9398.24 9422.6 9533.71 9683.98 9811.71 9869.25 9855.41 9832.44 9823.67 9819.09 9821.99 9828.88 9824.02 9818.51 9804.32 9780.86 9761.01 9748.06 9744.23 9750.02 9765.92 9786.19 9780.8 9754.36 9735.23 9722.73 9718.99 9747.41 9776.2 9749.19 9752.85 9758.82 9757.69 9742.43 9731.91 9721.49 9734.49 9753.02 9769.91 9785.78 9814.02
9695.31 9692.72 9690.27 9694.84 9711.61 9729.65 9725.85 9670.01 9596.42 9511.34 9418.82 9323.62 9231.38 9144.17 9107.36 9132.81 9169.86 9204.42 9240.34 9276.37 9311.77 9346.01 9378.65 9409.26 9437.63 9464.25 9456.78 9501.76 9596.34 9711.06 9814.25 9865.58 9851.42 9833.46 9825.66 9824.78 9837.72 9846.09 9853.94 9833.59 9811.55 9780.96 9756.6 9740.97 9731.26 9737.76 9747 9749.38 9743.4 9739.84 9733.16 9726.44 9723.2 9736.28 9763.07 9775.02 9766.98 9761.65 9750.75 9747.37 9740.38 9734.79 9740.74 9754.15 9773.06 9801.39 9815.24
9695.82 9693.72 9691.29 9691.39 9711.44 9725.02 9710.12 9660.27 9587.86 9504.13 9413.1 9319.94 9228.41 9143.93 9126.8 9144.1 9183.47 9219.09 9255.94 9292.97 9329.66 9365.74 9401.12 9435.89 9470.64 9507.12 9517.25 9585.09 9667.86 9739.59 9820.38 9869.61 9855.43 9834.14 9821.85 9814.28 9807.75 9807.69 9828.29 9855.44 9829.49 9789.9 9761.93 9743.48 9726.2 9732.51 9735.24 9730.66 9724.95 9731.74 9735.68 9737.76 9736.68 9741.81 9769.76 9787.38 9779.28 9770.24 9764.45 9758.24 9753.38 9750.64 9749.74 9751.4 9758.86 9769.76 9773.92
9697 9695.91 9694.72 9696.91 9713.3 9723.95 9706.05 9651.38 9581.18 9499.62 9411.67 9320.56 9228.53 9153.01 9143.51 9166.21 9210.73 9249.98 9289.33 9328.3 9366.58 9404.07 9440.83 9477.02 9513.11 9550.13 9589.99 9617.34 9684.54 9743.44 9820.5 9884.82 9867.13 9839 9815.89 9804.29 9794.27 9791.86 9808.22 9846.33 9833.23 9802.92 9779.62 9767.58 9754.43 9743.8 9737.45 9731.52 9728.79 9737.33 9746.82 9756.71 9767.86 9788.01 9797.17 9789.38 9786.4 9782.27 9770.1 9772.3 9766.13 9760.24 9752.31 9742.53 9735.44 9727.61 9732.28
9701.6 9704.15 9700.47 9698.22 9712.31 9717.5 9695.51 9645.65 9580.8 9504.72 9421.02 9333.76 9244.98 9172.49 9168.88 9204.86 9243.94 9284.75 9325.54 9365.71 9405.15 9443.86 9481.85 9519.08 9555.24 9589.45 9618.96 9619.64 9641.49 9735.07 9809.78 9859.08 9835.92 9827.51 9817.95 9800.12 9791.7 9790.87 9801.22 9815.58 9825.08 9815.03 9801.34 9794.88 9781.17 9757.82 9745.42 9740.8 9746.73 9749.06 9760.79 9778.27 9803.78 9835.72 9809.77 9786.89 9792.14 9796.73 9797.8 9792.16 9775.67 9761.11 9746.93 9731.15 9715.65 9704.54 9710.5
9708.33 9717.12 9706.93 9700.57 9709.11 9705.16 9685.81 9645.57 9589.59 9521.79 9444.32 9359.01 9275.23 9203.43 9208.15 9247.98 9290.18 9333.39 9375.88 9417.19 9457.26 9496.14 9533.83 9570.1 9604.33 9635 9659.31 9669.5 9703.64 9749.26 9803.12 9831.22 9817.45 9816.38 9808.55 9804.26 9802.14 9812.56 9815.28 9819.66 9824.11 9826.89 9829.09 9799.14 9776.74 9759.7 9748.95 9746.07 9746.23 9755.54 9768.64 9787.88 9815.98 9847.42 9820.02 9795.15 9797.8 9808.18 9827.2 9805.2 9774.88 9754.43 9738.32 9719.02 9704.94 9702.31 9701.12
9707 9705.94 9699.91 9697.22 9706.62 9701.55 9684.16 9652.18 9606.82 9549.04 9480.72 9401.62 9319.82 9250.28 9267.78 9311.18 9353.79 9395.86 9435.86 9474.95 9512.8 9549.6 9585.45 9620.27 9653.68 9684.72 9711.4 9729.67 9729.86 9783.87 9818.72 9824.92 9817.16 9815.88 9812.17 9810.05 9811.49 9812.71 9816.28 9819.63 9820.47 9820.58 9811.64 9786.15 9765.38 9753.32 9747.49 9747.22 9754.66 9759.21 9769.1 9786.03 9803.67 9825.85 9814.42 9799.42 9796.63 9798.12 9798.65 9781.82 9757.75 9735.54 9715.49 9708.19 9701.85 9697.1 9694.04
9703.97 9696.37 9693.39 9696.73 9704.16 9709.19 9690.63 9666.41 9633.76 9591.42 9538.05 9471.27 9390.19 9327.93 9353.16 9391.02 9426.12 9460.69 9494.84 9528.76 9562.56 9596.29 9630 9663.78 9697.76 9732.28 9767.89 9808.61 9844.47 9864.36 9858.97 9842.23 9823.46 9823.15 9818.67 9815.6 9815.69 9815.74 9809.83 9813.47 9814.09 9808.45 9788.57 9760.9 9749.45 9746.51 9747.03 9746.8 9745.64 9752.04 9766.42 9779.82 9790.39 9800.28 9805.35 9800.86 9790.07 9778.44 9761.96 9745.19 9733.84 9720.25 9707.28 9703.11 9700.14 9695.18 9688.46
9697.67 9691.15 9689.72 9691.04 9697.02 9698.68 9694.37 9683.26 9665.98 9642.92 9613.37 9570.73 9506.65 9450.99 9464.79 9485.03 9504.77 9526.96 9551.52 9578.11 9606.4 9636.16 9667.34 9700.09 9734.93 9773.03 9816.89 9874.78 9946.11 9940.13 9899.81 9875.48 9860.77 9828.32 9819.29 9817.44 9818 9812.92 9801.95 9804.83 9811.32 9807.5 9789.03 9746.16 9741.95 9745.5 9748.31 9749.73 9748.72 9754.38 9768.89 9779.3 9784.79 9798.32 9823.57 9802.33 9781.25 9760.44 9737.17 9719.31 9714.8 9709.21 9703.3 9701.51 9699.81 9690.58 9682.88
9684.1 9680.18 9681.9 9684.87 9692.35 9697.63 9700.98 9700.99 9698.86 9696.54 9695.1 9692.37 9667.94 9607.51 9594.23 9583.84 9582.96 9590.44 9604.28 9622.89 9645.22 9670.66 9698.91 9729.99 9764.26 9802.47 9845.8 9901.41 9949.68 9944.78 9907.86 9876.25 9845.82 9818.75 9815.12 9814.14 9815.64 9816.72 9808.88 9812.65 9817.55 9819.24 9810.7 9772.22 9756.6 9754.26 9755.6 9758.85 9766.48 9775.25 9779.1 9786.01 9790.88 9794.67 9797.87 9788.3 9769.69 9748.56 9725.23 9708.65 9704.6 9702.24 9700.56 9698.07 9695.65 9683.28 9675.6
9679.06 9677.73 9678.14 9684.44 9693.14 9701.08 9708.24 9715.52 9724.29 9737.85 9760.61 9799.56 9855.57 9785.77 9714.38 9673.24 9655.67 9652.19 9658.13 9670.62 9687.91 9708.94 9733.09 9760.08 9789.82 9822.19 9856.39 9903.35 9921.09 9908.3 9889.7 9856.54 9816.34 9809.32 9808.59 9808.57 9808.2 9807.43 9814.02 9819.02 9825.57 9831.74 9836.99 9810.92 9778.48 9768.61 9767.23 9770.31 9777.24 9785.41 9789.06 9796.31 9804.61 9794.93 9777.44 9769.95 9755.85 9738.61 9721.39 9707.17 9700.07 9695.14 9693.42 9685.96 9675.47 9667.62 9666.57
9667.25 9674.53 9680.02 9682.39 9691.26 9701.8 9711.24 9723.23 9737.77 9757.25 9786.23 9829.6 9881.37 9844.6 9780.3 9732.98 9710.49 9702.05 9700.52 9708.41 9721.43 9738.39 9758.5 9781.2 9805.99 9832.11 9857.93 9882.82 9904.44 9892.61 9878.39 9849.67 9815.57 9804.23 9803.92 9804.24 9803.97 9802.54 9811.45 9821.04 9830.48 9837.81 9833.55 9806.89 9788.67 9778.91 9777 9779.87 9783.61 9785.57 9795.04 9801.63 9803.98 9789.62 9770.62 9756.89 9742.95 9729.89 9719.08 9711.67 9697.7 9685.59 9674.33 9661.75 9649.62 9652.14 9659.02
9655.14 9664.26 9674.49 9678.58 9681.74 9693.34 9710.23 9725.17 9740.4 9757.27 9776.49 9793.77 9792.53 9800.72 9785.39 9757.66 9743.36 9737.94 9739.66 9746.73 9757.72 9771.56 9787.42 9804.65 9822.6 9840.6 9857.87 9887.23 9903.59 9901.75 9876.47 9850.66 9832.71 9808.82 9799.93 9801.53 9809.45 9813.99 9809.5 9820.81 9833.99 9842.95 9841.67 9810.46 9792.25 9785.5 9785.26 9788.51 9793.33 9801.82 9803.37 9804.22 9799.59 9778.51 9763.33 9741.63 9728.12 9719.26 9712.28 9707.28 9692.6 9676.32 9659.13 9646.97 9648.19 9650.9 9656.99
9650.72 9657.9 9668.35 9677.46 9683.89 9694.23 9708.73 9721.22 9732.91 9743.27 9750.55 9750.86 9744.84 9760.2 9763.52 9761.28 9759.28 9760.28 9764.6 9771.74 9781.04 9791.87 9803.72 9816.11 9828.61 9840.87 9852.65 9864.32 9886.93 9881.55 9865.72 9846.62 9828.21 9807.59 9797.66 9793.6 9796.75 9807.93 9811.28 9822.37 9836.83 9846.95 9848.34 9814 9794.96 9791.13 9792.32 9796.35 9800.26 9804.55 9807.96 9809.12 9787.05 9769.15 9737.37 9723.84 9714.52 9707.19 9701.81 9696.93 9685.19 9669.81 9656.57 9649.46 9651.47 9653.94 9658.23
9655.08 9657.09 9665.05 9678.35 9696.85 9698.91 9705.5 9712.71 9719.19 9724.21 9725.09 9720.51 9717.3 9721.52 9750.25 9760.78 9768.31 9775.05 9781.97 9789.36 9797.22 9799.04 9808.08 9817.26 9826.33 9835.05 9843.22 9850.64 9864.48 9857.65 9850.56 9839.54 9828.88 9812.12 9798.17 9787.19 9777.02 9792.53 9807.13 9822.49 9839.03 9849.36 9843.81 9809.2 9798.72 9795.63 9797.54 9802.75 9807.9 9806.57 9816.13 9822.48 9814.35 9755.96 9729.17 9713.07 9702.09 9695.63 9690.15 9683.27 9674.77 9665.35 9659.39 9660.69 9654.45 9655.22 9660.32
9663.19 9650.78 9659.85 9674.89 9682.75 9695.77 9700.43 9703.99 9707.3 9708.91 9708.31 9705.46 9705.45 9712.04 9739.05 9754.75 9768.19 9779.51 9789.13 9797.46 9804.81 9811.42 9817.44 9822.97 9828.05 9832.67 9836.67 9839.73 9847.19 9849.41 9839.42 9830.21 9822.52 9812.27 9803.27 9794.44 9789.34 9815.28 9820.31 9831.15 9845.46 9855.73 9856.85 9830.78 9806 9798.07 9799.66 9806.1 9817.93 9837.96 9840.08 9821.42 9801.97 9760.35 9724.43 9701.7 9689.97 9683.67 9678.51 9672.94 9666.6 9660.54 9658.02 9657.71 9652.47 9657.7 9662.77
9666.63 9645.05 9659.4 9675.91 9694.46 9694.43 9697.65 9700.82 9703.34 9705.29 9706.72 9708.08 9708.52 9707.82 9731.65 9742.06 9752.82 9762.56 9771.35 9779.38 9786.78 9793.67 9800.11 9806.12 9811.64 9816.57 9820.64 9823.58 9829.12 9827.02 9822.38 9819.9 9816.23 9813.51 9813.58 9813.15 9827.7 9860.25 9865.16 9853.72 9853.62 9858.36 9859.61 9823.61 9799.21 9793.75 9794.91 9801.24 9812.79 9828.65 9824.98 9797 9775.2 9765.27 9712.83 9683.88 9677.94 9674.74 9669.93 9664.1 9658.89 9656.54 9654.2 9651.78 9659.38 9660.77 9664.08
9684.66 9670.99 9669.33 9675.97 9683.67 9692.18 9696.61 9700.34 9702.9 9705.45 9708.45 9713.69 9713.81 9705.89 9726.68 9732.91 9741.04 9749.04 9756.78 9764.21 9771.34 9778.15 9784.63 9790.73 9796.36 9801.4 9805.98 9809.19 9810.42 9810.54 9809.24 9812.93 9815.17 9819.4 9826.18 9831.72 9844.98 9886.07 9879.05 9857.44 9852.31 9849.05 9834.46 9806.83 9788.72 9785.52 9784.83 9787.66 9793.16 9796 9787.78 9769.14 9749.33 9727.81 9696.3 9674.42 9675.76 9674.98 9669.68 9662.6 9657.38 9659.91 9660.11 9651.36 9660.21 9666.62 9667.82
9695.79 9684.08 9679.08 9680.32 9685.11 9691.73 9696.13 9699.66 9702.41 9704.92 9707.48 9709.23 9709.45 9704.01 9722.83 9727.36 9733.54 9739.98 9746.51 9753.01 9759.43 9765.72 9771.81 9777.66 9783.19 9788.3 9792.92 9797.58 9799.37 9804.79 9807.1 9811.22 9817.14 9830.24 9838.9 9854.33 9888.15 9906.73 9875.59 9846.58 9843.9 9841.48 9829.71 9809.95 9792.25 9777.67 9771.49 9770.79 9771.05 9766.42 9754.67 9746.61 9732.87 9715.67 9698.99 9687.03 9685.67 9683.46 9679.02 9670.66 9660.15 9675.45 9688.43 9693.25 9680.66 9678.53 9673.62
9679.84 9681.02 9683.71 9685.84 9689.36 9693.32 9696.31 9698.77 9701.36 9703.67 9706.56 9709.8 9707.54 9701.05 9718.6 9724.63 9731.81 9738.08 9744.47 9750.85 9757.11 9763.14 9768.82 9774.05 9778.7 9782.64 9785.87 9789.24 9793.19 9801.77 9808.91 9804.41 9809.75 9823.58 9836.01 9832.78 9862.3 9867.13 9854.71 9835.18 9828.22 9832.57 9827.48 9802.05 9783.6 9759.23 9752.85 9752.6 9752.37 9748.83 9741.87 9726.19 9716.96 9712.43 9713.21 9714.41 9703.8 9698.74 9697 9696.65 9698.59 9703.47 9709.18 9719.82 9707.09 9691.13 9679.83
9669.91 9678.32 9686.98 9693.19 9695.49 9695.82 9696.55 9697.53 9699.71 9700.77 9702.23 9704.21 9703.64 9697.3 9714.46 9723.59 9729.2 9735.28 9741.47 9747.66 9753.73 9759.56 9765.04 9769.99 9774.25 9777.6 9780.04 9781.76 9789.26 9787.26 9787.17 9785.74 9794.22 9804.14 9810.47 9776.91 9806.89 9842.19 9828.76 9802.58 9797.23 9801 9790.64 9757.5 9726.11 9725.04 9729.26 9734.76 9737.73 9738.69 9734.94 9733.07 9733.33 9729.37 9727.72 9723.06 9716.31 9712.73 9714.88 9723.15 9741.19 9726.03 9708.41 9704.77 9707.84 9697.36 9684.09
9670.94 9681.25 9687.73 9699.12 9699.03 9696.19 9696.13 9696.97 9698.21 9699.08 9698.89 9696.04 9697.76 9700.9 9709.99 9719.4 9722.41 9727.59 9732.87 9738.22 9743.58 9748.9 9754.12 9759.15 9763.83 9767.92 9771.29 9773.13 9775.79 9766.82 9745.56 9763.21 9777.8 9787.83 9773.72 9744.78 9796.52 9837.99 9813.13 9769.74 9762.63 9762.45 9747.23 9715.47 9684.88 9696.02 9710 9720.73 9729.53 9735.43 9740.28 9743.22 9760.28 9754.8 9738.91 9727.81 9723.33 9723.22 9725.81 9731.06 9735.43 9725.24 9714.46 9715.95 9712.78 9699.07 9686.45
9651.18 9660.36 9674.54 9694.77 9693.6 9692.71 9693.71 9695.31 9697.09 9698.61 9700.18 9701.08 9696.6 9698.16 9708.06 9714.95 9719.38 9724.55 9729.78 9735.04 9740.3 9745.52 9750.65 9755.64 9760.38 9764.65 9768.4 9771.12 9775.82 9769.3 9751.45 9758.6 9765.36 9762.18 9736.04 9746.83 9824.99 9854.98 9810.74 9759.75 9735.83 9727.72 9715.35 9695.22 9677.67 9687.83 9702.84 9716.14 9726.69 9736.01 9744.61 9742.24 9761.44 9756.25 9742.44 9731.15 9729.1 9730.71 9732.05 9732.03 9725.72 9717.29 9705.49 9696.68 9702.41 9697.8 9689.44
9636.07 9638.13 9652.3 9660.85 9675.74 9683.74 9688.64 9692.52 9695.35 9697.88 9698.98 9697.49 9692.91 9692.15 9690.22 9707.1 9713.88 9718.97 9724.34 9729.9 9735.56 9741.26 9746.91 9752.45 9757.78 9762.82 9769.89 9787.87 9786.15 9794.67 9781.6 9780.78 9765.08 9745.37 9748.53 9814.47 9855.17 9859.6 9806.17 9748.86 9715.98 9699.29 9696.18 9692.94 9691.01 9696.71 9707.28 9718.43 9726.84 9733.94 9739.72 9733.72 9737.78 9740.86 9738.73 9736.63 9736.16 9736.85 9737.18 9735.91 9732.09 9725.11 9711.6 9703.54 9700.16 9700.35 9696.3
9639.76 9642.27 9645.01 9648.99 9664.77 9676.1 9683.13 9688.62 9692.65 9696.01 9697.11 9693.47 9689.3 9689.4 9688.07 9704.93 9712.67 9718.27 9724.06 9729.95 9735.87 9741.76 9747.57 9753.26 9758.82 9764.3 9771.13 9793.32 9796.76 9821.33 9846.17 9825.21 9771.2 9736.58 9744.24 9810.23 9841.07 9836.45 9798.18 9745.15 9715.92 9704.61 9702.29 9702.81 9704.63 9710.66 9719.21 9726.7 9731.66 9733.35 9727.9 9718.47 9713.61 9725.73 9734.06 9738.05 9739.82 9740.56 9740.61 9740.16 9740.46 9738.35 9736.92 9730.65 9717.45 9716.07 9712.54
9642.54 9649.42 9652.99 9655.41 9665.84 9674.4 9680.6 9685.35 9689.9 9694.21 9696.52 9693.01 9686.33 9684.99 9683.45 9701.32 9706 9711.13 9716.53 9722.13 9727.9 9733.81 9739.88 9746.12 9752.58 9759.39 9766.3 9789.19 9794.9 9816.6 9821.46 9800.11 9765.01 9735.83 9737.18 9800.24 9832.8 9827.09 9798.27 9764.59 9738.85 9726.62 9718.71 9719.95 9724.42 9730.68 9734.92 9739.12 9741.22 9739.99 9732.87 9720.93 9714.22 9725.03 9735.61 9741.77 9745.05 9745.98 9745.05 9743.68 9743.08 9741.05 9740.86 9747.11 9748.73 9745.54 9737.44
