real_craters/C081-500m.grd
DSAA
119 119
-29.5575 29.5575
-29.5575 29.5575
10377.4411776 11832.802177897
[rows 0 to 29 of 119, columns 0 to 66 of 119]
11146.5 11151.7 11156.6 11160.9 11163.8 11165.5 11170.6 11176.6 11185.2 11194 11202.2 11209.7 11216.2 11226.8 11245.3 11261.4 11283.3 11323.4 11359 11379.2 11392.7 11404.4 11395 11377.5 11355.5 11331.6 11304.5 11269.2 11250.2 11242.8 11240.1 11239.9 11241.4 11243.5 11246.3 11249.1 11252.8 11256.8 11261.3 11266.6 11271.1 11272.2 11262.9 11258.7 11256.6 11256.6 11257.5 11264.4 11272.2 11278.1 11279.4 11272.4 11266.3 11264.7 11264.7 11267.3 11268.1 11270.4 11273.7 11277.1 11280.3 11282.5 11284.9 11287.2 11288.3 11289.9 11292.2
11150.7 11155.5 11159.8 11162.6 11163.7 11166.6 11171.4 11178.4 11187.8 11197.4 11206.7 11215.3 11222.6 11233.9 11251.5 11264.4 11280.2 11318.6 11359.4 11400.6 11429.2 11413.8 11397 11377 11354.5 11330.8 11306.1 11276.5 11262.7 11256.1 11251.8 11250.8 11252 11253.3 11254.6 11257 11259.8 11261.8 11264.6 11267.2 11268.3 11266.7 11261.8 11260.3 11259.3 11260.8 11266.6 11272.8 11281.6 11289.2 11290.4 11275 11270.9 11269.3 11268.1 11266.1 11269.9 11272.8 11276.3 11279.9 11283.2 11285.6 11287.1 11290 11291.3 11293 11294.7
11156 11160.8 11164.7 11167 11167.3 11170 11173.9 11181.3 11191.3 11201.7 11211.8 11220.8 11228.7 11240.8 11254 11264 11280.3 11317.7 11358.2 11397.4 11418.8 11413.3 11398.1 11378.5 11354.7 11329.7 11305.1 11286.8 11275.8 11266.9 11261.7 11259.2 11258.6 11258.8 11259.8 11261.7 11262.4 11265 11266.8 11268.3 11267.8 11266.4 11263.1 11260.4 11261.1 11263.8 11267.6 11279.2 11290.4 11301.2 11307.5 11291.2 11281.6 11275.7 11272.1 11271.2 11272.7 11275.6 11279.5 11283.2 11286.7 11288.9 11290.6 11291.8 11293.1 11294.6 11297.6
11162.3 11167.2 11171.1 11171.9 11171.9 11172.3 11177.9 11185.4 11195.9 11206.6 11217.2 11227.2 11237 11246.1 11255.7 11264.4 11281.6 11317.5 11354.5 11386.4 11402.1 11407.8 11398 11380 11356.2 11330 11303.2 11290.4 11283.9 11274.8 11268.2 11264.5 11262.7 11261.7 11262.9 11263.6 11265.8 11269.2 11269.7 11269.6 11268.5 11267.5 11262.4 11260.6 11262.8 11269.2 11278.2 11284.9 11296.2 11308.7 11318.7 11311.4 11291.8 11281.2 11275.4 11273.2 11274.9 11278.5 11282.9 11287.2 11290 11292.5 11293.7 11294.2 11295.1 11297.5 11300.8
11169 11174.2 11179.2 11182.9 11177.6 11178.7 11182.9 11191.8 11201.7 11212 11222.8 11234 11242.8 11250.9 11257.8 11262.9 11282.2 11317.8 11354.5 11386.5 11406.5 11413.5 11403.3 11384.3 11360.3 11333.1 11304.9 11291.6 11286.6 11278.9 11272.7 11268 11266.1 11265 11268.8 11269 11269.4 11269.6 11269.9 11269.9 11269.6 11269.4 11269.6 11265.7 11264.7 11269.1 11276.6 11286.5 11297.3 11308 11314.7 11302.6 11292.3 11283.6 11277.7 11275.9 11277.7 11281.4 11286.1 11291.5 11296.8 11296.5 11296.5 11296.8 11297.3 11299.3 11303.1
11176.3 11180.3 11184.5 11186.8 11180.8 11186.7 11190.2 11199.3 11207.7 11217.1 11227.3 11237.8 11249.3 11255.9 11261.9 11265.8 11284.6 11319.5 11357 11393.6 11426.7 11426.4 11412.9 11392.5 11366.1 11338.5 11311.2 11294.3 11293.6 11280.7 11274.9 11271.2 11269.9 11268.6 11268.4 11268.5 11268 11268.7 11269 11270.2 11271.5 11272.6 11274.7 11272.3 11269.5 11268.8 11274.3 11286.3 11296.4 11302.2 11302.1 11295.9 11289.4 11283.8 11279.4 11278.1 11280.3 11283.9 11288.6 11294.2 11298.4 11298.8 11298.8 11299.1 11300.2 11303.3 11306.7
11182.9 11184.7 11186.7 11186.9 11185.8 11191.1 11200.2 11205.7 11212.7 11221.1 11230 11240.4 11249.4 11259.8 11267.2 11272.7 11286.7 11322 11360.2 11397.3 11425.6 11432.2 11420.9 11400.7 11374.9 11346.6 11318.4 11296.7 11289.3 11277.6 11273.9 11271.5 11273.5 11273.8 11273.7 11273.8 11273 11275.6 11275.2 11274.6 11272.5 11273.4 11274.2 11278.1 11282.5 11275.1 11278.4 11289.5 11297.9 11299.7 11294 11291 11287.7 11284.7 11282.8 11282.2 11283.4 11287 11291.4 11295.6 11298.7 11299.8 11300.3 11301.1 11303.1 11306.1 11310.1
11186.2 11187.2 11189.4 11190.8 11191.1 11194.8 11199.3 11208 11215.4 11223.4 11231.7 11239.8 11250 11260.7 11269.1 11275.2 11287.8 11323.5 11363.3 11401.7 11429.7 11440.7 11433.9 11414.1 11386.9 11358 11329 11302.9 11279.6 11269.7 11270.9 11272.3 11273.9 11274 11273.7 11273.4 11273.5 11273.3 11268 11268.7 11270.3 11271 11273.1 11279.7 11291.3 11285.3 11287.5 11296.2 11304.6 11308.3 11298.9 11290.8 11288.2 11285.9 11285.1 11285.6 11287.5 11290.2 11293.3 11297.2 11300.1 11301.6 11303.2 11304.4 11305.4 11308.9 11313.2
11186.8 11188 11189.9 11192.2 11193.9 11196.8 11203.8 11210.3 11218 11225.7 11233.7 11241.1 11251.9 11260.8 11267.3 11272.7 11288.5 11323.9 11366.3 11408.2 11443.2 11458.7 11448.4 11424.5 11395.7 11366.3 11338.1 11311.8 11276.6 11269.5 11269 11269.7 11267.8 11265.9 11263.9 11248.6 11250.4 11252 11255.3 11263.8 11267.2 11271.3 11275.6 11282.7 11288.3 11290.8 11296 11304 11313.1 11319 11305.8 11294.7 11291.6 11289.4 11286.1 11289.4 11292.3 11294.3 11295.4 11295.7 11298.8 11302 11304.7 11306.8 11308.5 11313.1 11326.7
11187.6 11188.4 11189.3 11192.8 11197.4 11202.2 11206.1 11212.7 11220.1 11228 11236.4 11247 11256.9 11263.5 11267.6 11272.6 11286.9 11323.4 11367.7 11413.2 11457.5 11481 11460.4 11430.9 11399.7 11370.6 11344.1 11316.7 11288.2 11280.4 11280.6 11280.4 11276.5 11272.2 11269.1 11259.5 11259.1 11260 11261.4 11258.7 11264.2 11269.6 11276.8 11285.1 11292.8 11297.6 11302.5 11309.2 11317.7 11327.6 11307.2 11299 11297.4 11297.3 11297 11298.4 11299.8 11300.8 11300.3 11297.3 11300.9 11305.2 11308.1 11310.5 11311.7 11303.6 11287.9
11190.1 11190.4 11190.4 11195.4 11203.8 11209.8 11210.8 11215.3 11222.2 11229.9 11238.4 11248.4 11258.9 11264.9 11268 11273 11286.3 11318.9 11364.6 11410.8 11454.4 11480.3 11457.1 11426.8 11395.2 11367.8 11346 11324.2 11307.3 11299.2 11296.5 11290.2 11282 11273 11268.7 11265.2 11265 11265.3 11263.6 11265.3 11269.2 11271.7 11278.4 11284.3 11295.7 11303.1 11307 11310.4 11313.3 11314.2 11305.3 11303.1 11304.7 11307.9 11309 11308.9 11308.1 11308.4 11309.7 11311.6 11311.1 11312 11313.3 11314.3 11315.3 11312.4 11331
11195 11195.2 11196.6 11200.2 11206 11210.9 11213.6 11217.6 11224.7 11232.8 11241.1 11249.5 11258.2 11264.4 11270.6 11276.3 11289.6 11318.7 11358.7 11403.1 11436.2 11448.2 11438.3 11411.4 11378.2 11349.4 11336.4 11348.2 11353.5 11328.4 11310.2 11292 11279.7 11272.6 11268.9 11265.7 11266 11266.5 11269.6 11271.3 11274.4 11278 11281.4 11287.9 11301.9 11308.9 11311.1 11311.2 11308.5 11302.5 11306.4 11308.1 11311.2 11317.2 11323.9 11317.5 11315.8 11316.1 11317.8 11322 11319.6 11318.5 11317.9 11317.8 11319.1 11322.5 11332.8
11201.7 11201.7 11200.5 11205.2 11208.8 11212.9 11214.9 11219.1 11227.3 11235.9 11243.8 11250 11257.3 11263 11272.2 11279.6 11291.5 11318.4 11359.6 11396.2 11423.9 11433.2 11424.2 11391.9 11350 11310.3 11286.8 11302.7 11355.3 11355.7 11297.7 11273.3 11262.4 11261.8 11261.9 11263.3 11265.4 11272.9 11275.6 11278.6 11281.2 11285.5 11287.7 11291.4 11306.7 11315.3 11315.8 11315 11311.1 11307.9 11312.5 11314.2 11315.8 11316.7 11318.7 11321.3 11322 11322.4 11322.1 11322.4 11324.4 11325.4 11324.6 11322.7 11320.9 11324.1 11323.9
11208.9 11210.3 11212.8 11212.3 11213.7 11215.6 11217.4 11222.8 11231 11238.8 11246 11251.5 11259.4 11267.9 11275.1 11283.3 11294.9 11320.3 11364.2 11391.9 11420.6 11445.6 11420.6 11371.1 11314.6 11253.9 11194 11134.9 11107.1 11201.3 11228.6 11237.5 11244.1 11250.2 11256.1 11269.1 11274.6 11278.9 11282.5 11293.6 11294.3 11294.9 11294.9 11295 11311.5 11316.8 11322.8 11324.2 11320.9 11317.4 11321.1 11322.2 11321.4 11320.4 11321.8 11325.8 11328.7 11329.2 11327.7 11326.2 11330.8 11332.5 11332 11331.2 11331 11330.4 11328.5
11214 11215.6 11218.1 11217.5 11218.5 11221.3 11225.6 11229.9 11235.7 11242.3 11248.1 11252 11262.6 11271.9 11278.5 11290.2 11306.8 11329 11365.1 11393.5 11417.5 11427.7 11402.1 11349.7 11282.5 11203.9 11115.1 11013.8 10959.9 11073.3 11151.9 11195.7 11223.9 11257.4 11274.6 11286.8 11294.6 11295.6 11298.7 11300.8 11301.9 11301.5 11305.2 11306.4 11320.8 11329 11336.1 11338.8 11338.9 11336.4 11336.3 11334.2 11330.7 11327.1 11328.3 11333 11337.5 11341.1 11341.9 11340.6 11342.4 11342.9 11342.9 11341 11340.8 11342.8 11343.5
11216 11216 11217.7 11219.8 11223 11228.3 11232 11235.5 11239.8 11246.3 11252.7 11258.7 11267.5 11277.1 11284.5 11297.8 11317.8 11337.9 11370 11396.7 11413 11412.9 11389 11335.8 11263.5 11177.5 11080.4 10978 10922.7 11019.9 11106.8 11167.7 11212.8 11248.2 11269 11283.6 11293.1 11299.5 11307.1 11309.2 11309.1 11311.2 11317.4 11321.3 11344.4 11353.5 11350.8 11354.4 11362.1 11363.5 11355.4 11349.7 11343.9 11333.9 11337.4 11343.2 11347.9 11353.5 11363.9 11363 11355.2 11353.2 11354.4 11357.9 11357.7 11357.2 11356.6
11217 11214.5 11216 11220.7 11225.1 11229.6 11232.5 11234.5 11242.9 11250 11256.3 11263.8 11272 11280.6 11287.6 11303.6 11322.3 11342.4 11375.5 11399.4 11414.3 11413.8 11391.5 11337.1 11265.8 11184.7 11093.6 11007.3 10956.5 11017.9 11094.7 11161.7 11212.3 11246.6 11274.4 11289 11298.6 11304.4 11309.1 11317.7 11318.2 11319.5 11324.6 11325.8 11340.8 11347.5 11354.2 11362.1 11370.3 11374.2 11367.9 11363.1 11361.2 11363.6 11357.3 11355.6 11356.3 11358.6 11364 11364.7 11360.3 11358.5 11360.9 11371 11370.7 11368.4 11370.1
11219.3 11217.3 11218.5 11222.5 11225.7 11228.4 11233.2 11241.1 11247.4 11254.2 11260.6 11267.5 11275.2 11282.9 11291.6 11309.5 11334.7 11360.3 11373.2 11403.2 11416.4 11418.2 11402.8 11352.2 11288.2 11212.7 11137.1 11066.4 11017.3 11034 11114.9 11193.6 11243.2 11273 11292.6 11304.9 11312.5 11317.2 11318.6 11319.6 11320.7 11322.5 11324.5 11322.9 11329.4 11339.4 11353.9 11363.7 11370.4 11373.7 11371.7 11370 11371.8 11375.7 11370.7 11366.3 11363.8 11359.7 11353.3 11357.9 11361 11360.5 11358.8 11356.3 11365.6 11372.3 11380.5
11223.8 11222.4 11224 11226.9 11231.5 11236.2 11238.5 11247.3 11252.4 11258 11264.9 11272.5 11278.1 11284.1 11291.6 11312.1 11341.3 11366.5 11391.5 11408.1 11417.7 11421.6 11407.9 11371.9 11321.2 11262.9 11208.4 11159 11113.1 11135 11209.2 11256.1 11278.1 11291.2 11299.3 11305.3 11310 11313.7 11319.2 11320.8 11323.3 11323.9 11324.8 11323.2 11329.6 11345.3 11354.2 11362.3 11369.8 11368.2 11369.7 11371.2 11373.9 11375.8 11375.8 11374.3 11372.7 11369 11358.2 11363.8 11365.7 11363.9 11359.9 11356 11364 11373.5 11383.2
11228.9 11230.6 11230.2 11231.7 11234.9 11240.3 11246 11251.7 11257.5 11263.9 11272.4 11278.8 11282.6 11284.6 11290.9 11314.1 11347.4 11377.1 11393.1 11410.1 11422 11427.5 11423.7 11397.3 11359.2 11318.5 11286 11272.4 11292.5 11358.7 11379.6 11338 11324 11319 11316.8 11316.2 11316.1 11317.7 11321.2 11323.8 11325.6 11327.5 11329.5 11328.7 11333.6 11342.2 11348.9 11356.7 11364.7 11362.6 11366.7 11370 11372.9 11376.4 11378.7 11380.8 11383.7 11387.5 11391.6 11382.2 11376.8 11372.1 11367.7 11367.3 11369.7 11375.7 11381.3
11232.2 11231.2 11233.7 11235.7 11239.7 11246.7 11253.8 11256.4 11263.5 11273 11285.9 11288.1 11290.1 11293.2 11299.4 11318.5 11352.4 11389.6 11400.1 11410.3 11424.2 11436.4 11441.6 11423.3 11395 11366.3 11348.4 11353.7 11399.5 11449.9 11410 11377.2 11355.8 11342.6 11335.7 11332 11329.9 11327.9 11328.5 11325.6 11327.2 11328.8 11332.1 11337.9 11342.7 11339 11342.2 11351.3 11356.4 11360.8 11365.9 11368.3 11369.8 11374 11380.5 11386.7 11392.7 11398.3 11402.6 11395.2 11388.3 11382.2 11375.3 11371.6 11376.2 11379.7 11381.8
11235.3 11235 11237.6 11240.6 11244.7 11254.1 11262.2 11265.4 11271.3 11278.6 11284.7 11292.8 11297.5 11302.7 11306.5 11322.2 11348.6 11376.8 11391.6 11405.5 11423.5 11439.8 11453.9 11445 11421.6 11398.5 11384 11381.5 11385.1 11381.8 11384.3 11381.5 11371.8 11361.2 11352.6 11345.7 11340.9 11337.1 11333.1 11330.8 11330.2 11331.4 11334 11337.8 11340 11337.9 11341.1 11351.6 11363.7 11368.2 11369.2 11369.5 11369.1 11374.1 11383.6 11391.9 11398.6 11403.1 11404.1 11402.5 11398.2 11393.8 11388.8 11384.3 11385.4 11385.7 11385
11239.3 11240.6 11241.7 11245.4 11253.5 11262.4 11271.2 11274.7 11278.5 11285.9 11291.7 11297.2 11302.2 11308.2 11314.9 11324.1 11340.5 11355.5 11375.2 11398.8 11420.4 11440.2 11463.8 11456.6 11433.3 11412.5 11396.3 11383.7 11367.7 11359.1 11371.9 11383.7 11380.9 11373.5 11365.2 11357.7 11351.2 11345.9 11341.2 11337.6 11333.6 11333.3 11333.1 11333.8 11339 11343.1 11346.5 11353.4 11362.8 11371.1 11374.7 11375.6 11374 11380.1 11389.8 11397.9 11404.7 11409.8 11411.4 11409.1 11406.3 11404.2 11405.4 11403.2 11396.1 11393 11391.1
11242.6 11244.1 11245 11248.3 11257.3 11267.5 11276.7 11279 11281.7 11291.1 11296.5 11299.9 11304.9 11311.5 11319.2 11325.5 11336 11348.4 11367.2 11393.3 11415.5 11434.2 11446 11444.1 11432 11415.3 11400.5 11383.1 11366 11352.4 11384.8 11391.6 11386.4 11380.7 11374 11366.7 11360.1 11353.8 11348.2 11338.5 11335.7 11333.6 11333.2 11335 11343 11352.2 11355.9 11358.2 11366.2 11375.5 11382.5 11387.8 11391.2 11394.1 11398.8 11403.5 11409.1 11415.6 11416.9 11414.1 11411.7 11410 11408.3 11407.2 11404.2 11401.1 11398.7
11245.5 11246.9 11248 11251 11259.1 11269.3 11278.1 11281.6 11283.2 11288.5 11294.6 11299.6 11304.9 11310.9 11316.7 11322.2 11334.5 11350.9 11370.6 11390.8 11410.6 11425.8 11434 11436.4 11430.3 11417.7 11403.1 11386.6 11373.9 11366.2 11381 11392.5 11396 11394.9 11391.7 11386.8 11379.8 11372.4 11364.7 11353.6 11346.9 11340.9 11336.6 11336.8 11346.1 11356.4 11362.1 11366.6 11371.7 11381.7 11391.5 11401.7 11411.6 11409 11407.1 11407.7 11409.7 11414.6 11416 11415.5 11415.1 11414 11413.1 11411.8 11410.9 11409.1 11407
11248.9 11249 11249.1 11253.5 11262.5 11269.4 11276.6 11281.5 11284.5 11286.9 11292.5 11297.2 11302.3 11308.1 11313 11318 11334.7 11354.5 11373 11390.9 11406.4 11419.1 11429.7 11434.4 11425.3 11413.3 11400.7 11388.3 11378.9 11378 11387.1 11397.3 11400.9 11400.1 11397.3 11391.5 11385.1 11377.2 11369 11360.2 11352.2 11344 11338.4 11338.5 11348.8 11358.5 11371.7 11373.3 11378.6 11389.1 11399.1 11408.6 11417.3 11415.2 11411.7 11408.7 11406.2 11404.2 11410 11414.9 11417.6 11418.4 11416.7 11418.1 11418.1 11417.2 11415.5
11235.1 11241.3 11246.8 11254.4 11261.5 11267.9 11273.3 11279.4 11286.6 11285.4 11291.7 11295.2 11298.2 11305.8 11313.8 11320.4 11337.6 11358.6 11380.5 11390.8 11402.2 11412.2 11420.1 11423.5 11416.7 11408.4 11399.2 11391 11384.9 11384.1 11394.4 11406.2 11406.9 11404.7 11400.5 11394.5 11388.1 11380.1 11371.8 11362.4 11353.7 11345.5 11340.3 11342.8 11354.7 11369.8 11381.6 11388.4 11390.4 11398.3 11406 11412.4 11415.4 11415.9 11413.3 11409.6 11405.4 11401.2 11408.7 11416.2 11421.5 11425.4 11427.2 11427.4 11426.9 11425.5 11424
11237.1 11239.3 11244 11247.5 11258 11265 11270.6 11276.8 11286.6 11282.4 11289.1 11294.5 11299.9 11308.1 11317.2 11326 11341.5 11360.9 11377.9 11389.7 11398.8 11404.9 11407.7 11407 11407 11404.4 11399.8 11394.7 11390.9 11390.2 11398.5 11409.4 11411 11409 11404.7 11398.6 11391.6 11383.6 11375.7 11367.1 11358.6 11349.8 11342.3 11344.5 11360 11375.7 11386 11397.4 11406.3 11407.7 11411.6 11417.3 11420 11417.2 11414 11411.2 11409.5 11410.4 11414.2 11421 11427.7 11434.1 11438.4 11437.9 11437.1 11436.1 11434.6
11239.2 11241.6 11245.7 11250.1 11256.5 11263.7 11270.1 11277.5 11279.6 11285.1 11288.7 11294.5 11302.5 11311.7 11322.1 11332.5 11346 11361.7 11378.3 11387.9 11394.9 11400 11401.1 11398.9 11402.3 11403.5 11401.6 11399 11397.6 11399.8 11406.3 11410 11415.7 11415.2 11411.2 11405.1 11396.6 11389.2 11381.3 11373.8 11366.8 11359.3 11349.3 11351.7 11368.1 11380.7 11391.9 11404.5 11411.8 11412.9 11413.2 11416.1 11418.1 11415.7 11414.4 11413.2 11413.1 11415.3 11419.9 11426.6 11434 11441.7 11447.2 11446.8 11446.3 11446 11445.2
11242.1 11244.9 11249.1 11255.2 11259.2 11264.3 11268.5 11270.6 11275.6 11277.5 11282.2 11291.3 11304.1 11312.7 11324.8 11338.1 11347.1 11360.5 11373.3 11384.7 11392.4 11397.4 11401.2 11404.4 11407.9 11407.3 11405 11403.2 11402.7 11404.2 11409.2 11420.1 11423.7 11420.3 11415.3 11408.8 11401.3 11394.4 11388.3 11383.1 11378.7 11376.3 11374 11374.9 11383.2 11391.4 11401.4 11412.1 11417.9 11414.9 11411.2 11407.4 11409.4 11413.2 11414.8 11415.8 11416.3 11418.9 11425.1 11431.6 11438.7 11446.4 11452.3 11452.9 11453.1 11454 11455.3
