real_craters/C081-500m.grd
DSAA
119 119
-29.5575 29.5575
-29.5575 29.5575
10377.4411776 11832.802177897
[rows 60 to 89 of 119, columns 0 to 66 of 119]
11339.1 11341.5 11346.1 11351.1 11356.5 11365.3 11370.4 11374 11375.9 11376.9 11376.6 11375.2 11373.5 11373.4 11377.3 11382.7 11388.5 11394 11398.5 11400.6 11403.3 11405.5 11409.6 11410.2 11409.7 11410.8 11413.8 11419.7 11423 11427.5 11433.6 11440.8 11448.6 11456.2 11462.8 11470 11476.7 11483 11491.4 11526.3 11575.5 11614.6 11625.9 11492.3 11274.1 11161.7 11063.6 10971.9 10880.9 10791.9 10746.1 10730.4 10694.6 10652.2 10605.7 10581.5 10574.5 10584.5 10582.3 10547.6 10531.7 10528.7 10531.1 10514.5 10531.9 10577.4 10650.9
11342.8 11347 11351.6 11356.8 11360.9 11368.6 11373.5 11377.3 11379.2 11378.7 11377.5 11375.6 11372.7 11374.3 11380.5 11387.2 11394.5 11401.9 11408.9 11415.7 11415.1 11413.3 11414 11414.2 11413.7 11414.9 11417.5 11420.6 11425.5 11431.7 11438.4 11445.7 11453.4 11461 11466.6 11477.3 11483.1 11486 11494.2 11538.9 11602.8 11663.5 11697.8 11567.6 11365.1 11223.2 11094.3 10971.5 10875.8 10793.5 10744.2 10733 10703.9 10670.5 10637.8 10615.8 10612.2 10634.2 10633.6 10587.1 10560.9 10551.3 10548.8 10530.4 10547.6 10595.7 10666.6
11351 11352.7 11355.9 11362.9 11371.2 11373 11375.9 11379.3 11380.6 11379.7 11378.6 11377.4 11376.8 11378.8 11384.3 11391.5 11399.8 11408.6 11417.5 11423.3 11419.5 11418 11416.4 11416.5 11416.7 11418.5 11421.2 11424.6 11429.2 11435.7 11442.1 11449.7 11458 11467.5 11481.1 11492.8 11488.9 11491.3 11509 11552.7 11614.3 11676.6 11718 11602.1 11438.2 11284.8 11140.2 10997.2 10899.4 10815.3 10756.2 10734.3 10715 10686 10657.4 10631.8 10616 10612.3 10609.6 10592.9 10580.8 10575.1 10573.6 10555.4 10572.3 10623.8 10695.8
11364.9 11358.2 11358.2 11365.2 11370.5 11374.5 11376.5 11378 11379.6 11379.9 11379.4 11379.1 11379.9 11382.8 11387.5 11395.1 11403.8 11413.4 11423.3 11432.4 11427.7 11422.1 11420.1 11420.2 11420.1 11421.3 11424.1 11429.7 11436.2 11439.6 11444.7 11451.7 11459.4 11469.1 11477.9 11481 11487.1 11496.6 11508.6 11555.8 11607.3 11655.7 11691.9 11651.6 11497.6 11338.3 11196 11078.5 10957 10859.1 10773.5 10743.4 10720.6 10697.9 10671.7 10645.9 10611.7 10567.3 10571.7 10589.2 10596.4 10598.8 10601.2 10588.4 10605.4 10661.8 10739.7
11381.6 11364.6 11360.8 11367.1 11372 11375.5 11377.3 11377.6 11379.7 11381.2 11381 11379.8 11378.9 11381.2 11389.4 11398 11406.6 11415.5 11424.5 11432.7 11428.6 11423.5 11422.8 11423.9 11422.9 11423 11425.1 11430.7 11437.1 11439.6 11445.3 11452.7 11459.8 11468.4 11475.4 11478.9 11488.2 11505.9 11529.7 11556 11590 11618 11629.9 11656 11520.7 11369.6 11233.7 11130.6 11017.9 10937.9 10864.1 10787.4 10734.1 10722.5 10706.1 10679.8 10640.9 10581.7 10590.7 10608.2 10619.3 10625.1 10633.1 10629.2 10666.4 10715 10788.7
11368.9 11365.5 11365.2 11367.3 11375.8 11377.5 11380.2 11383.3 11384.3 11385 11384.7 11384 11383.9 11385.3 11392.5 11400.2 11407.6 11414.7 11421.1 11425.3 11421.4 11420.1 11422.2 11425.9 11422.8 11421.5 11423.1 11425.7 11429.3 11435.7 11443.7 11452.1 11460.5 11468.6 11476.3 11481.1 11488.4 11503.9 11524.6 11547.1 11569.9 11589.8 11600.8 11592.1 11509.7 11383.4 11241.4 11127.7 11071.9 11032.9 11021.5 10928.9 10812.3 10791.4 10765.8 10737.1 10710.9 10705.9 10669.4 10658.3 10658.1 10661.3 10670.8 10666.3 10706.6 10764.5 10837.6
11347 11353.3 11355.7 11361.8 11366.2 11376.2 11383.3 11389.4 11390.6 11390.7 11390 11388.6 11387.7 11391.9 11397.6 11402.5 11407.4 11412.2 11415.9 11417.6 11415.8 11414.7 11415 11414.1 11416.9 11418.9 11420.9 11422.5 11424.6 11432.8 11442.2 11451.6 11460.6 11469.1 11477.8 11483.7 11486.3 11496.7 11511.1 11534.1 11553.3 11570.1 11583.4 11575.3 11516 11417.4 11278.7 11172.1 11134.5 11095.6 11065.4 11057.4 10996.9 10900.8 10844.3 10801.3 10770.1 10751.7 10731.5 10717.8 10710.7 10704.7 10704.5 10698.7 10742.6 10805.8 10886.2
11345 11349.5 11354.3 11359.9 11364.3 11377.2 11387.5 11391.9 11397.4 11397.4 11395.5 11394 11395 11401.5 11402.6 11404 11406.7 11409.4 11411.4 11412.1 11411.6 11409.8 11409.4 11408.3 11413.3 11417.6 11420.3 11422.4 11425.3 11433.3 11443.3 11452.9 11461.6 11469.7 11476.2 11480.8 11487.4 11500.1 11513 11527.4 11541.8 11555.7 11568.7 11569.8 11543.2 11489.9 11400.4 11303.9 11225.6 11142.7 11062.1 11060.6 11069.8 10975.6 10912.5 10864.8 10822.5 10784 10783.9 10776.4 10769.9 10759.9 10752.5 10730.7 10771 10848.7 10942.5
11348.8 11351.7 11357 11363.7 11368.8 11385.7 11401.2 11407.4 11408.1 11404.7 11400.7 11398.2 11401.3 11400.9 11402.3 11404.3 11406.3 11408.2 11409.2 11409 11407.9 11407.9 11409 11410.6 11414.9 11418.9 11422.1 11425.1 11428.6 11436.3 11446.4 11455.7 11463.9 11470.8 11475.4 11480 11492.9 11503.7 11514.3 11523.9 11534.7 11545.1 11556.8 11572.2 11582.8 11586.3 11574.6 11469.4 11333.4 11206.2 11090.1 11028.6 11020.8 11005.9 10968.6 10927.7 10898.8 10879.9 10853.1 10843.1 10836 10827.9 10810 10778 10820.6 10909.8 11012.6
11351.2 11353.5 11359.3 11370.8 11377.2 11396.9 11422.7 11430.2 11418.4 11409.7 11402.7 11398.8 11394.7 11396.6 11400.6 11403.9 11406.4 11408 11408.8 11408.7 11408.1 11409.2 11411 11415.1 11418.9 11421.9 11426.4 11430.8 11434.8 11442.6 11452.8 11461.3 11468.4 11474.6 11479.8 11484.6 11498.2 11505.9 11514.5 11523.3 11531.8 11540.2 11550.5 11577.9 11611.9 11647 11679.6 11573.6 11424.1 11285.9 11158.9 11071.4 11073.9 11061.6 11031.4 10985.9 10940.2 10925.1 10930.8 10934.6 10932.9 10919 10890.1 10844.3 10892.2 10988.6 11092.4
11351.8 11355.3 11362 11372.7 11382.6 11400.9 11421.8 11427.1 11415.2 11407.3 11401.5 11398.1 11395.2 11396.8 11401.1 11404.8 11407 11408.6 11409.6 11409.9 11410.1 11411.2 11413 11416.5 11421 11426.1 11432.5 11439.4 11447 11455.3 11461.9 11468.5 11475 11481.7 11488.9 11498.9 11510.4 11513.3 11517.9 11524.2 11531 11538.4 11549.4 11579.1 11615.9 11647.6 11658.1 11592.9 11487.2 11374 11263.3 11169.1 11169.1 11148.5 11116.3 11064.3 10993.4 10983 11017.4 11039.3 11044.8 11035.2 10989.5 10964.3 11009.3 11094.8 11189.7
11352.3 11359.1 11375.3 11401.2 11405.4 11401.5 11393 11398.5 11402.4 11401.5 11399.6 11397.9 11396.3 11399.7 11405 11407.1 11408.9 11410.6 11411.9 11412.9 11413.1 11413.3 11415.5 11418.1 11422.9 11432 11440.4 11448.6 11457.5 11464.9 11470 11475.7 11482 11488.8 11497 11508.6 11517.4 11519.3 11522.3 11525.6 11529.9 11536.3 11547.1 11572.5 11600.3 11618.7 11617.6 11594.8 11540 11472.9 11402.2 11324 11268.9 11258.6 11236.9 11188 11121.7 11114.5 11144.3 11167.5 11178.9 11178.9 11148.8 11131.3 11167.5 11228.8 11296.4
11354.6 11363.9 11393.4 11438.5 11432.1 11406.4 11383.7 11385.5 11392.7 11396.3 11397.6 11398 11398.5 11402.5 11406.8 11409.3 11411 11413 11414.8 11416.5 11417.8 11418.7 11420.7 11424.4 11429.9 11441.7 11450 11457.2 11464.4 11470.7 11476.1 11481.3 11488 11494.8 11502.2 11507 11524.8 11531.7 11527.4 11527.1 11528.3 11531.2 11541.1 11563.1 11582.9 11596.8 11603.6 11600 11584.6 11566.5 11553.9 11534.9 11456.3 11427.7 11405.5 11364.4 11317 11299.6 11303.6 11313.8 11328.7 11343.6 11333.2 11328 11342.3 11365.6 11398.8
11363 11371 11389.9 11431.4 11431.2 11407.9 11388.9 11385.7 11389 11393.1 11396.8 11398.6 11399.9 11400.3 11408.8 11410.7 11413.2 11415.9 11418.4 11420.5 11421.9 11422.3 11428.6 11437.1 11445.1 11456.5 11461.4 11466.1 11470.8 11476.8 11480.7 11486.4 11493.5 11501.1 11508.6 11516.7 11527 11529.3 11529.3 11528.1 11527.4 11528.8 11538.1 11553.6 11567.2 11580.1 11591.1 11606.7 11622 11639.9 11672.4 11711.9 11682.7 11636.6 11585.9 11558.6 11523.6 11492.6 11463.7 11457.7 11471.5 11502.3 11530.8 11543 11512 11485.1 11482.8
11373.8 11382.7 11387 11403.2 11412.1 11402.9 11392.3 11388.3 11389.6 11393.2 11397.3 11401.3 11405.5 11412 11408.2 11412 11415.6 11419.2 11422.6 11425.6 11427.8 11428.8 11438.5 11453.8 11474.1 11473.1 11472.4 11474 11475.4 11476.3 11482.6 11490 11498.6 11507.1 11516.3 11525.3 11532.4 11531.4 11531.9 11530 11527.9 11529.6 11537.2 11548.3 11558.2 11570.2 11587.6 11612.1 11640.3 11676.8 11717.4 11749.3 11788.4 11769.4 11716.2 11711.4 11748.8 11646.4 11590.2 11569.3 11576.1 11613.6 11676.9 11741.3 11632.3 11570.6 11555.6
11379.8 11384.7 11386 11401.6 11401.5 11396.7 11391.7 11390 11391.2 11394.5 11399.2 11404.3 11409.2 11413 11413.5 11415.3 11418.7 11423 11427.3 11431.5 11435.5 11437.9 11449.9 11464.6 11475.5 11481.5 11481.4 11480.5 11479.2 11479.8 11484.3 11492.7 11502 11511.3 11520.7 11530.2 11537.3 11542.6 11537.9 11534 11530.3 11529.3 11537 11544.9 11553.3 11565.7 11586.2 11612.8 11644.8 11681.6 11725.6 11758.3 11768.7 11764.7 11752 11749.5 11738.7 11704.4 11662.2 11637.2 11632.9 11649.5 11665.9 11681.6 11647.1 11605.6 11576.6
11382.4 11382.3 11381.9 11386.9 11394.1 11392.6 11391 11393.8 11397.1 11400.7 11404.4 11408.6 11412.6 11414.3 11415.2 11418 11422.2 11427 11432.1 11437.8 11444.7 11453.8 11464.4 11473.9 11483.4 11489.2 11488.8 11487.2 11484.2 11480.2 11486.2 11496.6 11505.9 11515.4 11524.9 11535.5 11544.9 11546.5 11542.4 11539.3 11537.1 11537 11540.5 11544.2 11551.3 11564 11584.5 11611.6 11641.3 11672.2 11697.3 11711.3 11716 11725.6 11743 11747.7 11738.3 11718.4 11690.7 11666.4 11653.4 11642.8 11620.4 11619.6 11618.3 11608.4 11600.1
11385.7 11389.4 11393.7 11396.2 11394 11391.9 11392.6 11395.9 11400.2 11404.6 11409 11413.2 11417.1 11420.4 11420.7 11422 11426.4 11431.2 11436.3 11442.3 11450 11458.9 11469.7 11479.9 11491.6 11498.1 11496.2 11493.6 11491.7 11492.1 11497.2 11502.7 11508.9 11516.2 11525.3 11535.9 11546.5 11544.3 11544.1 11544.6 11544.2 11545.3 11545.4 11545 11548.9 11560.1 11580.5 11606.6 11635.9 11662.8 11683.8 11696.6 11705.2 11713.3 11731.5 11739.9 11734.3 11722.4 11700.5 11677.1 11655 11628.9 11594.8 11589.5 11597.1 11599.8 11598.5
11388.3 11391.3 11389.8 11393.7 11394.1 11394 11395.6 11399.7 11403.9 11408.6 11413.2 11417.7 11422.3 11427.3 11427.9 11427.8 11431.4 11435.4 11439.7 11444.4 11450.1 11457.2 11466.2 11478.5 11494.3 11503.3 11499.6 11496.8 11497.6 11503.3 11508.2 11507.4 11510.4 11515.6 11523.1 11531.2 11537.2 11540.9 11547.4 11550.2 11552.1 11555.4 11548.6 11545.3 11545.2 11549.8 11574.1 11601.8 11630.1 11657.2 11681.9 11697.2 11708.5 11713.8 11727.6 11733.9 11729.8 11720.2 11703.1 11678.5 11649.5 11617.8 11581.1 11575.1 11583.3 11591.9 11621.1
11389.5 11393.1 11396.4 11393.4 11393.7 11396.9 11399 11402.4 11406.5 11411.1 11415.7 11420.6 11425.2 11428.9 11430.5 11432.7 11436.9 11439.6 11442.2 11445 11447.6 11448.2 11453.5 11469.7 11487.4 11498.6 11495.6 11494.8 11496.3 11500.5 11504.9 11504.7 11507.8 11513.4 11519.7 11525.3 11530.3 11542.1 11553.3 11553.8 11553.5 11546 11547.6 11544.5 11544.3 11551.6 11571.9 11598.2 11626.3 11652.9 11675.8 11694.8 11708.9 11719 11729 11738.2 11730.2 11717.4 11697.9 11671.4 11640.7 11600.3 11575.9 11569.9 11574.2 11582.3 11591.5
11391.2 11392 11394.9 11393.8 11394.2 11397.3 11401 11404.8 11408.6 11413.1 11417.9 11422.8 11427.9 11432.6 11437.7 11443.7 11443.2 11442.8 11444.1 11445.4 11446.4 11446.6 11446.9 11460 11471.3 11476.9 11484.4 11487.9 11489.6 11490.4 11491.5 11495.6 11502.1 11509.1 11515.9 11521 11522.5 11539.4 11557 11555 11549.7 11552.2 11547.5 11543.2 11543.4 11552.3 11570.9 11596.1 11623.7 11650.8 11674.6 11693.3 11707.5 11717.4 11726.3 11731.5 11725 11711.2 11689.7 11663.2 11631.4 11589.3 11562.2 11564.8 11568.3 11575.8 11605.4
11394.2 11392 11395.9 11396 11395.1 11398.2 11403.2 11407.4 11411.8 11416.4 11421 11425.6 11430.5 11437 11446 11447.5 11443.8 11443.5 11444.8 11446.1 11446.7 11447.8 11449.4 11456.3 11463.3 11467.6 11477.8 11483.1 11484.1 11481.7 11476.8 11487.8 11497 11505.4 11514.1 11523.5 11529.7 11544.8 11561.6 11557.8 11552.1 11555.8 11547.6 11541.2 11539.7 11548.8 11568.6 11593.9 11621.7 11650.2 11675.9 11693 11708.6 11718.2 11725.7 11728.4 11718.1 11701.8 11678.9 11652.1 11622.3 11586.3 11562.5 11563.8 11566.9 11574.2 11593.1
11399.8 11399 11402.3 11399.7 11397.5 11404.3 11406.4 11409.9 11414.2 11418.9 11423.6 11427.8 11431.3 11433.6 11432 11433.4 11439.5 11443.2 11445.2 11447.2 11448.7 11450.2 11451.3 11458 11465.6 11473.9 11478.6 11481.6 11482.5 11482.1 11484.8 11489.2 11495.9 11503.4 11511.8 11525.6 11540.2 11552.5 11565.7 11561.6 11556.9 11555.1 11545.4 11538.4 11535.9 11545.6 11567.3 11592.6 11619.5 11647.2 11672.2 11690.3 11704.6 11717.9 11727.9 11729.2 11715.3 11694.2 11670.7 11645.5 11619.7 11592.4 11573.2 11570.5 11567.1 11571.6 11585
11408.6 11408.8 11410.2 11406.1 11403.9 11405.7 11408.4 11412 11416.4 11421.4 11425.8 11429.8 11432.6 11432.9 11431.8 11435.7 11441.1 11444.9 11447.9 11450.5 11452.8 11454.3 11455 11461.7 11470.1 11478.1 11481.8 11483.1 11484 11485.3 11487.2 11491.2 11495.9 11500.6 11506.4 11513.5 11533 11559.6 11572.8 11563.5 11552.5 11546.7 11540.9 11536.4 11537.7 11548.3 11567.7 11591.7 11617.1 11642.1 11666.3 11687.5 11704 11717.7 11725.7 11725.4 11709.3 11687.5 11664.6 11641.8 11620.8 11603.2 11589 11580 11571.3 11582.1 11582.3
11415.2 11431.4 11425.5 11409.5 11409.6 11406.9 11409.7 11413.9 11418.5 11423.9 11428.8 11433.3 11437.1 11439.1 11438.4 11443.3 11445.4 11447.5 11450.6 11453.9 11457.1 11460.5 11464.3 11469.2 11474.4 11480.4 11483.7 11485.4 11486.7 11488.2 11491.3 11494 11496 11498.6 11502.2 11509.3 11528.6 11554.4 11569.9 11560.9 11546.9 11541 11537.7 11535.1 11538 11550.1 11569.6 11591.7 11615.2 11638.6 11663.3 11687 11706.5 11719.6 11723.5 11714.7 11701.4 11680.4 11658.7 11637.4 11619.2 11604.3 11592.2 11584.9 11576.1 11574.4 11582.6
11409.5 11415.4 11412 11406.6 11406.8 11407.5 11411.4 11416.3 11421.9 11427.7 11433.2 11438.6 11443.8 11449.1 11455.5 11452.7 11448.4 11450.8 11453.8 11457.4 11461.7 11466.5 11470.7 11473.5 11478.4 11482.2 11485.3 11487.5 11489.2 11491.4 11495.1 11497.2 11496.5 11497.4 11500.6 11508 11525.4 11544.3 11562.2 11557.1 11541.2 11539.6 11538.9 11537.1 11536.5 11552.5 11572.8 11594.1 11615.2 11635.6 11661.8 11688.7 11712.2 11726.9 11717.8 11707.8 11692.4 11672.2 11651.2 11631.7 11614.1 11600.2 11589 11582.2 11579.6 11578.1 11587.8
11403.2 11401.5 11404.3 11405.8 11407.7 11409.7 11413.7 11418.8 11424.6 11431.1 11437.5 11443.3 11449.3 11456.2 11465.9 11463.2 11454.2 11454.5 11457.6 11461.4 11465.9 11471.2 11476.5 11480.7 11482.9 11486.2 11489.3 11489.7 11491.3 11493.3 11495.5 11496.7 11497.2 11497.5 11500.5 11509.2 11526.5 11546.1 11560.5 11562.3 11549.4 11547.5 11546.9 11547.1 11550.1 11562.2 11579.7 11599.3 11619.5 11639.1 11664.9 11691.5 11714.1 11723.9 11718.9 11704.2 11683.2 11662.5 11641.5 11621 11604.4 11590.2 11582.2 11579.3 11578.3 11588.5 11589.6
11405.7 11405.5 11408 11409.4 11410.8 11412 11415.9 11421 11426.6 11432.6 11439.1 11445.6 11452 11457.5 11459.7 11456.8 11457.3 11457.8 11460.3 11464 11468.3 11473.3 11479.3 11484.8 11484.3 11486.8 11489.6 11491 11492.6 11494.8 11497.4 11500.2 11499.2 11498.5 11500.4 11508.6 11527.8 11551.4 11563.1 11563.7 11566.4 11560.1 11557.5 11560.1 11565.8 11574.2 11587.7 11605.3 11625.8 11649.1 11670.2 11693.1 11714.3 11727.3 11716.3 11694.9 11672.4 11651.9 11631.9 11611.8 11590.8 11578.8 11574.7 11576.1 11581 11591 11594.5
11410.4 11415.4 11411.2 11408.4 11407.9 11412.8 11417.4 11423.2 11429.3 11435.7 11442.2 11448.6 11454.5 11459.2 11461.5 11461.6 11459.2 11460.6 11463.2 11466.4 11469.8 11473.3 11476.2 11476.4 11481 11485 11488.7 11491.1 11493.2 11495.3 11498.5 11503.2 11500.4 11500.5 11501.1 11506.9 11525.6 11549.7 11574.4 11579.5 11576.5 11566.3 11562.3 11567.9 11576.9 11582.4 11593.9 11610 11628.4 11652.4 11672 11692.2 11709.2 11716.3 11695.2 11674.6 11660.3 11644.3 11625.5 11605.1 11580.3 11561.8 11567.4 11574.8 11583.7 11589.7 11600.1
11409.3 11409.8 11407.1 11405 11407.3 11411.4 11418.5 11424.9 11431 11437.8 11444.5 11451.3 11457.3 11462.4 11466.1 11467.4 11462.6 11463.5 11466.1 11468.6 11470.9 11472.6 11473.9 11473.5 11477.7 11483.1 11488 11491 11493.7 11495.5 11495.8 11493.6 11499.3 11504.5 11506.9 11510.3 11520.5 11531 11552.4 11578.7 11571.3 11558.9 11554.4 11560.7 11573.2 11581.6 11596.6 11613.3 11628.3 11646.2 11670.6 11690.3 11703.4 11704.1 11678.4 11658.6 11653.9 11641.8 11625.1 11605.3 11581.1 11564.7 11570 11578 11586 11592.1 11604.2
