real_craters/C081-300m.grd
DSAA
198 198
-29.5575 29.5575
-29.5575 29.5575
10376.084146816 11861.836316203
[rows 90 to 119 of 198, columns 0 to 66 of 198]
11329 11329.9 11331.7 11333.7 11335.9 11338 11340.3 11342.5 11344 11342.6 11343.3 11346.7 11349.3 11350.7 11350.8 11351 11350.4 11349.1 11350 11352.6 11355.9 11359.3 11362.3 11365.1 11367.8 11370.2 11372.8 11375.1 11377 11378.5 11379.1 11378.9 11380.2 11382.5 11384.8 11387.2 11390.5 11393.6 11397.5 11402 11407.3 11412.8 11418.6 11424.4 11429.9 11431 11429.3 11427.8 11426.6 11425.7 11425.3 11425.4 11425.8 11426.7 11428.4 11432.4 11433.8 11436.6 11440.5 11451.2 11462.5 11472.4 11482.7 11489.5 11495.1 11496.9 11503.3
11330.3 11331.9 11333.3 11335.3 11337.4 11339.7 11341.9 11343.9 11345 11344.6 11345.9 11347.9 11349.4 11349.9 11349.3 11350 11350.4 11350.2 11351.3 11353.2 11356.4 11359.9 11362.8 11365.3 11368 11370.3 11372.6 11374.6 11376.2 11377.3 11377.4 11376.6 11378.7 11381.1 11383 11384.9 11387.4 11390.7 11395.1 11400.1 11405.2 11410.6 11416.1 11421.6 11426.4 11427.6 11427 11425.9 11425.2 11424.6 11424.5 11424.6 11424.9 11425.5 11425.7 11426.4 11428.2 11431.4 11439.2 11451.3 11463.6 11473.9 11484.5 11491.4 11495.2 11494.4 11496.8
11330.9 11332.7 11334.4 11336.5 11338.8 11341.2 11343.5 11345.6 11347.2 11348.2 11349.6 11350.9 11351.7 11351.8 11351.3 11352 11352.7 11353.3 11354.7 11357.3 11359.9 11361.7 11363.8 11366.1 11368.4 11370.7 11372.7 11374.6 11376.2 11377.5 11378.6 11379.5 11380.1 11381.2 11382 11382.7 11383.7 11387.9 11392.9 11398.2 11403 11407.9 11412.7 11417.2 11420.7 11422.7 11423 11422.7 11423 11423.3 11423.6 11423.9 11424.1 11424.3 11423.6 11423.1 11424.8 11429.6 11438.9 11451.8 11465.3 11476.8 11488.1 11496.2 11500.8 11501.3 11498.3
11331.8 11333.1 11335.4 11337.6 11340 11342.6 11345.2 11347.7 11350.3 11352.9 11353.9 11354.8 11355.4 11355.6 11355.7 11355.9 11356.4 11357.1 11358.5 11360.7 11362.3 11363.1 11364.8 11366.7 11368.8 11370.8 11372.9 11374.8 11376.6 11378.1 11379.7 11381.6 11382.3 11382.1 11382.3 11382.5 11383.5 11387.1 11391.9 11396.9 11401.4 11405.5 11409.2 11412.4 11416 11418.2 11418.1 11419 11420 11421.2 11422.4 11423.2 11424 11424.1 11423.4 11423.6 11425.8 11430.4 11439.9 11453.6 11468.1 11480.9 11493.6 11502.2 11507.6 11507.6 11501
11334.7 11335.5 11336.6 11338.4 11340.9 11343.7 11346.7 11349.8 11352.9 11356.3 11358 11358.8 11359.4 11359.9 11360.4 11360.3 11360.4 11360.7 11361.1 11361.8 11362.3 11363.9 11365.6 11367.5 11369.6 11371.7 11373.7 11375.7 11377.5 11379.1 11380.7 11382.2 11383.6 11383.2 11383.3 11383.7 11384.8 11387.8 11392.2 11396.5 11400.2 11403.4 11405.8 11407.5 11408.3 11408.9 11411.6 11414.6 11417.5 11419.6 11421.5 11423.1 11424.2 11424.8 11424.7 11425.5 11427.5 11431.4 11440.9 11455.4 11469.9 11484 11496.7 11507.6 11514.1 11514.3 11505.3
11335.7 11336.1 11336.9 11338.9 11341.5 11344.5 11348 11352 11357.4 11360.3 11361.8 11362.6 11363.4 11364.1 11364.4 11364.5 11364.4 11364.6 11364.9 11364.5 11364.3 11365.1 11366.6 11368.4 11370.5 11372.6 11374.7 11376.8 11378.6 11380.1 11381.6 11383 11384.1 11384.3 11385 11386.1 11387.2 11390 11394 11397.1 11399.9 11401.9 11403.1 11403.5 11402.5 11402.1 11406.6 11411.2 11415.3 11418.6 11421.8 11423.9 11425.6 11426.8 11427.3 11428.4 11430.9 11435.2 11444 11457 11471.7 11485.9 11498.3 11511.2 11519.2 11521.8 11510.8
11334.5 11334.4 11336.2 11338.9 11341.8 11344.9 11348.4 11352.9 11360.1 11364.9 11364.8 11365.7 11366.9 11368 11368.4 11368.2 11368.1 11368 11368.1 11366.8 11366.1 11366.2 11367.4 11369.3 11371.4 11373.6 11375.9 11378 11379.9 11381.3 11382.7 11383.9 11384.6 11385.4 11387.1 11389.4 11392.7 11396 11397.2 11398.7 11400.4 11401.7 11402.3 11401.8 11400.8 11400.9 11404.7 11409.9 11414.6 11418.6 11422.3 11425.4 11427.8 11429.9 11431 11432.4 11432.7 11437.9 11444.9 11458.9 11471.4 11485.2 11497.8 11510.1 11517.7 11522.6 11515.9
11334.5 11334.4 11336.4 11339.4 11342.5 11345.5 11348.6 11351.7 11356.6 11361.7 11365.4 11367.7 11369.6 11371.2 11371.8 11371.4 11371.1 11370.6 11369.3 11368 11366.2 11366.8 11368.5 11370.6 11372.8 11375.1 11377.4 11379.7 11381.7 11383.4 11384.5 11385 11385.1 11386.7 11389.4 11392.4 11396.1 11398.9 11399.3 11400.1 11401.4 11402.4 11402.8 11402.5 11401.7 11401.1 11405.4 11411 11416 11420.3 11424 11427.8 11430.9 11433.8 11436.6 11439.4 11442.5 11446 11451.5 11461.9 11472.1 11483.9 11494.7 11505 11510.6 11518 11520.6
11335.7 11336.1 11338 11340.7 11343.6 11346.6 11349.5 11352.3 11356.2 11361.4 11366.1 11369.2 11371.5 11373.4 11374 11373.9 11373.7 11373.5 11373.1 11371.4 11368.6 11368.6 11370.2 11372.3 11374.6 11377.1 11379.7 11382.2 11384.4 11386.3 11387.5 11387.9 11387.2 11389.4 11392.4 11394.8 11396.4 11397 11400 11402.3 11403 11404.1 11404.7 11405.3 11405.7 11406.4 11410.2 11414.8 11418.9 11423 11426.8 11430.5 11434.2 11438 11442.5 11447.3 11454.2 11456.7 11458.9 11467.6 11473.2 11482.4 11490.7 11497.5 11504.7 11516.8 11528.5
11337.4 11338.3 11340 11342.6 11345.4 11348.3 11351.4 11354.9 11359.7 11364.5 11367.9 11370.7 11373 11374.8 11375.5 11375.6 11375.6 11375.7 11376.2 11374.6 11371.8 11371 11372.2 11374.2 11376.7 11379.5 11382.5 11385.3 11388 11390.3 11392 11393.2 11393.6 11394.4 11396.9 11398.7 11399.5 11399.5 11403 11405.4 11405.8 11406.8 11407.6 11408.9 11411 11414.4 11417.5 11419.5 11422.4 11426 11429.8 11433.8 11437.9 11442.3 11447.1 11452.5 11458.4 11461.5 11463.1 11470.7 11474.4 11481.1 11487.2 11492.5 11501.2 11518.7 11539.1
11338.9 11340 11341.9 11344.7 11347.7 11350.6 11353.6 11357.4 11362.7 11367.1 11370 11372.5 11374.2 11375.3 11376.4 11376.8 11376.7 11376.5 11375.9 11374.5 11373.3 11372.9 11373.8 11376 11378.8 11382.2 11385.5 11388.9 11392.1 11395.1 11397.4 11398.9 11399.2 11401.1 11402.9 11404.4 11406.1 11408.8 11409.5 11409.5 11409.2 11409.7 11410.6 11412.5 11415.1 11419.2 11422.1 11423.1 11425.6 11429.1 11432.8 11436.9 11441.3 11446 11450.8 11455.3 11459.8 11463.4 11467 11473.5 11476 11480.8 11484.8 11489.1 11498.9 11522.3 11550.9
11340.4 11342.2 11344.3 11347.6 11350.7 11353.5 11356 11358.7 11364 11368.8 11371.9 11374.3 11376.1 11377 11377.7 11377.8 11377.5 11376.8 11375.6 11374.2 11373 11372.6 11374.6 11377.6 11381 11384.7 11388.6 11392.5 11396.4 11400.1 11403.5 11406.5 11409.2 11410.4 11409.7 11409.9 11411.5 11414.2 11413.6 11412.8 11412.1 11412.3 11413.3 11415 11417.3 11419.7 11421.9 11424.9 11428.1 11431.8 11435.7 11440 11444.5 11449.1 11453.8 11458.1 11461.5 11465 11469.5 11475.9 11478.8 11482 11484.6 11487.9 11498.5 11528 11563.4
11343.4 11346.1 11349 11351.3 11354 11357.4 11360.4 11362.9 11368 11371.2 11373.8 11376.1 11378.2 11379.4 11379.2 11378.8 11378.2 11377.3 11376.1 11374.7 11372.9 11372.4 11375.7 11379.4 11383.3 11387.4 11391.8 11396.3 11400.9 11405.3 11409.6 11413.7 11417.6 11416.9 11414.6 11413.9 11414 11414.1 11414.2 11414.6 11414.1 11414.5 11415.6 11417.2 11419 11420.9 11423.3 11426.8 11430.6 11434.4 11438.4 11442.7 11447.3 11452 11456.8 11461.4 11465.2 11468.7 11476.6 11482.4 11483.8 11485.4 11487.3 11491 11504.3 11536.4 11574.3
11348.2 11350.3 11352.6 11354.1 11357.1 11361.3 11366.2 11368.9 11370.9 11373.3 11375.4 11377.5 11379.5 11380.4 11380.1 11379.5 11378.7 11377.9 11377 11375.8 11375.1 11375.2 11378.1 11381.7 11385.7 11390 11394.7 11399.7 11404.8 11409.9 11415 11419.1 11420.9 11418.4 11417.6 11416.7 11416 11415.2 11415.3 11416.2 11415.7 11416.4 11417.8 11419.4 11421.2 11423.4 11426.1 11429.2 11432.9 11436.8 11440.9 11444.9 11449.5 11454.5 11459.8 11465.1 11471.7 11479.9 11487.1 11491.2 11488.4 11488.2 11491.4 11498.7 11514.9 11545.3 11582.4
11354 11354.2 11353.6 11355.6 11359.3 11363.9 11369.1 11372.2 11373.7 11374.8 11376.2 11378 11380 11380.7 11380.3 11379.8 11379.3 11378.6 11378.3 11378.3 11378.5 11379.5 11381.3 11384.1 11388 11392.6 11397.5 11402.8 11408.3 11413.9 11419.4 11424.2 11426.5 11422.9 11421 11419.4 11418.2 11417.3 11417.2 11418 11417.6 11418.2 11419.6 11421.2 11423.4 11425.7 11427.5 11431.7 11435.5 11438.9 11442.8 11446.9 11451.6 11456.8 11462.3 11468.1 11475.6 11484.7 11487.9 11489.5 11488.9 11490.1 11494.5 11504.3 11522.4 11551.2 11585.7
11362.8 11359.9 11356.4 11356.9 11360.6 11365 11368.8 11371.7 11374 11375.4 11376.5 11377.6 11378.7 11379.6 11379.9 11379.9 11379.7 11379.2 11379.1 11379.5 11380 11381.8 11383.1 11385.8 11389.9 11394.5 11399.6 11405.1 11410.8 11416.6 11422.6 11428.2 11432.9 11429.5 11424.4 11421.9 11420.4 11419.5 11419.6 11420.1 11420 11420.4 11421.4 11423.1 11425.6 11428.8 11432.7 11435.8 11438.2 11440.7 11444.1 11448 11452.6 11457.7 11462.5 11468.6 11474.8 11479.3 11481.5 11482.6 11486.9 11491.3 11497.5 11504 11522.4 11552.5 11584.2
11374.6 11366.8 11359.3 11358 11361.8 11366.2 11370.1 11371.6 11374.1 11375.8 11376.6 11377.1 11377.2 11378.6 11379.8 11380.2 11380.2 11379.8 11379.2 11378.4 11378.6 11380.1 11382.6 11386.6 11391.1 11396.1 11401.6 11407 11412.6 11418.4 11424.2 11430.1 11434.4 11430.9 11425.8 11423.3 11422 11421.3 11421.1 11422.1 11421.9 11422.1 11422.7 11424.3 11426.9 11431.1 11436.9 11439 11439.6 11441.7 11445 11448.7 11453.4 11458.3 11462.7 11468.3 11473.3 11477 11478.5 11480.1 11486.4 11494 11502.6 11509.8 11526.1 11553.3 11579.7
11382.2 11371.5 11362.5 11360.4 11363.5 11367.2 11370.6 11372.7 11375.1 11376.6 11377.5 11377.7 11377.9 11379.4 11380.8 11381.4 11381.5 11381.1 11380.4 11379.3 11379.3 11379.8 11382.8 11387.7 11392.8 11398 11403 11408.2 11413.5 11418.8 11424.1 11429.2 11433.2 11431.6 11426 11423.5 11422.8 11423.2 11424.4 11424.5 11423.7 11422.7 11423 11424.4 11426.6 11429.9 11434.1 11436.4 11438.2 11441.1 11444.8 11449.1 11453.9 11458 11462.7 11467.9 11472.7 11475.9 11478.1 11480.9 11487.5 11496.9 11509.8 11526 11537.5 11553.9 11573.2
11376.9 11370.1 11365.9 11365.1 11365.1 11367.6 11371.1 11374.1 11376.3 11377.8 11379.1 11380 11380 11381.9 11383 11383.5 11383.5 11383.2 11382.7 11382.6 11382.6 11382.7 11385 11389.5 11394.4 11399.3 11404 11408.7 11413.4 11418 11422.3 11426 11429 11428.7 11423.5 11421.8 11422.1 11423.9 11426.9 11425.7 11423.8 11422.2 11422.4 11423.5 11425.1 11427.1 11429 11431.6 11435.3 11439.5 11443.9 11448.7 11453.7 11458.7 11463 11468.1 11473 11476.6 11479.5 11482 11487.7 11497.1 11510 11527.1 11537.2 11549.9 11564.7
11361.3 11362.1 11362.8 11363.6 11363.7 11366.4 11371 11376.7 11377.2 11378.9 11381.2 11383.7 11385.9 11386 11386.4 11386.5 11386.5 11386 11385.5 11385.2 11385.2 11385.8 11388 11392.1 11396.4 11400.5 11404.6 11408.5 11412.4 11416 11419.3 11421.6 11422.5 11419.6 11418 11418.4 11419.3 11421.1 11423.7 11423.2 11421.7 11420.6 11421.2 11422.2 11423.2 11424.4 11425.8 11428.2 11432.6 11437.6 11442.8 11448 11453.3 11458.1 11463.4 11468.1 11473.4 11477.9 11481.2 11483.2 11487.4 11494.4 11502.8 11512.3 11527.4 11541.9 11555.5
11348.6 11352.9 11355 11355.8 11359.2 11362.5 11365.4 11369.3 11374.9 11379.1 11382.9 11386.6 11389.3 11389.8 11390.1 11390.1 11389.8 11389.1 11388.3 11387.7 11387.5 11389.3 11391.9 11395.6 11398.9 11402.1 11405.2 11408.3 11411.3 11414 11416.3 11417.7 11418.1 11416.3 11415.3 11415.2 11415.5 11416 11416.4 11416.5 11417.6 11418.2 11419.5 11420.6 11421.7 11422.6 11423.5 11425.5 11430.7 11436.3 11441.9 11447.5 11453.1 11458.3 11463.6 11468.4 11473.8 11479 11483.6 11483.6 11486.1 11492.1 11498.3 11505.5 11520.2 11534.4 11547
11343.6 11347.9 11350.6 11352.3 11356.4 11359.8 11361.9 11366.2 11373.5 11379.8 11384.6 11388.5 11391.7 11393.3 11394 11393.9 11393.3 11392.4 11391.5 11390.7 11390.9 11394.2 11397.8 11399.9 11401.5 11403.4 11405.5 11407.8 11410.1 11412 11413.6 11414.5 11415.1 11415.2 11413.6 11412.4 11411.8 11411.2 11409.6 11410.3 11414.1 11416.4 11418.4 11419.9 11421.1 11422 11423.1 11425.5 11430.3 11436 11441.8 11447.6 11453.2 11458.7 11463.8 11469 11473.9 11478.5 11483 11482.9 11485.5 11492.1 11499.1 11507.1 11517.9 11529.4 11540.1
11345.5 11347.9 11350.4 11353.4 11356.9 11360.2 11362.1 11366.5 11374.9 11382.6 11388.1 11390.7 11394.2 11397.5 11398.5 11398 11396.9 11395.7 11394.6 11394.3 11395 11398.3 11402.8 11402.9 11403 11404 11405.4 11407.2 11408.7 11410.1 11411.2 11411.7 11411.9 11411.4 11409.8 11409.4 11409.4 11409 11408.5 11409.6 11413 11415.7 11418.2 11419.7 11421.1 11422.4 11423.8 11426.4 11431.2 11436.9 11442.9 11448.8 11454.4 11459.6 11464.6 11469.3 11473.3 11476.6 11479.2 11482.3 11487 11494.4 11502.5 11510.3 11517.7 11526.2 11534.6
11348.2 11349.5 11351.8 11354.9 11358.7 11362.1 11364.1 11369.5 11378.9 11388.3 11395.4 11398.7 11402 11404.2 11404 11402.5 11400.6 11398.8 11397.5 11397.2 11398.2 11400.7 11402.6 11402.9 11403.3 11404.3 11405.5 11406.7 11408 11409 11409.7 11409.9 11409.6 11408.4 11406.8 11407.8 11408.3 11408.9 11409.4 11410.8 11413.7 11416.3 11418.7 11420.5 11422.3 11423.7 11425.5 11428.2 11432.8 11438.6 11444.8 11450.7 11456.3 11461.2 11465.8 11469.7 11473 11475.5 11477.4 11482.8 11490.3 11497.2 11505.3 11512.4 11517.5 11524 11530.9
11349.8 11351.2 11353.2 11356.4 11361 11365.5 11367.3 11373.3 11384.8 11396.6 11406.9 11412.6 11414 11412.7 11409.9 11406.8 11403.8 11401.3 11399.3 11398.5 11399.7 11399.5 11399.5 11400.9 11402.6 11404 11405.2 11406.2 11407.3 11408.1 11408.6 11408.8 11408.5 11408.2 11408 11408.2 11408.8 11409.8 11411.3 11413.4 11415.9 11417.8 11420.2 11422.3 11424.5 11426.1 11428.1 11430.5 11434.9 11441.2 11447.5 11453.3 11458.7 11463.3 11467.4 11471 11474.2 11476.7 11479.4 11485.1 11492.7 11499.1 11505.1 11511.5 11516.7 11522.5 11528.3
11351.3 11352.2 11354.2 11357.5 11363.4 11369.9 11372.7 11379.1 11391 11405.4 11420.2 11429.4 11426 11419.7 11414.1 11409.4 11405.5 11401.6 11399.7 11397.5 11395 11394.9 11397.3 11399.7 11402 11403.8 11405.3 11406.6 11407.6 11408.3 11408.7 11408.8 11408.5 11408.2 11408.1 11409 11409.8 11411.3 11413.6 11416.7 11418.4 11420.4 11422.3 11424.8 11427.5 11429.7 11432 11434.2 11438.8 11445.2 11451.3 11456.8 11461.7 11466.2 11470 11473.6 11476.8 11479.8 11482.4 11488 11496.2 11502.1 11506 11511.6 11517.1 11522.4 11527.7
11351.2 11352.3 11355 11358.6 11364.6 11371.4 11373.4 11382.7 11395.2 11409.9 11427.6 11441.2 11431 11421.4 11414.1 11409.3 11404.9 11401.7 11399.3 11396.8 11394.7 11394.8 11397.3 11399.9 11402.2 11404.1 11405.6 11407 11408 11408.7 11409.1 11409.3 11409.1 11408.8 11408.8 11410.2 11410.9 11412.5 11414.8 11417.9 11420.1 11422.5 11424.8 11427.9 11431.2 11434.5 11437.7 11440.9 11445.3 11451.2 11456.6 11461.3 11465.7 11469.9 11473.7 11477.5 11481.2 11484.3 11488 11493.8 11503 11507.6 11510 11513.9 11518.4 11523 11527.7
11351.9 11353.5 11356.8 11360.9 11366.4 11373.2 11376.9 11387 11397.4 11407.7 11419.5 11428.8 11422.8 11416.4 11410.6 11407.1 11403.2 11400.6 11398.8 11396.8 11395.3 11395.7 11397.8 11400.2 11402.9 11404.8 11406.3 11407.5 11408.4 11409.2 11409.7 11410.1 11410.1 11410.2 11410.9 11411.4 11412.2 11413.6 11415.6 11418.1 11420.9 11424.4 11427.6 11431.5 11435.6 11439.9 11444.4 11449.6 11455 11458.5 11462.4 11466.2 11470.1 11473.9 11477.8 11481.9 11486 11490.6 11497 11504.9 11510.9 11513.4 11514.2 11516.8 11520.2 11523.9 11527.7
11352.4 11354.8 11359.8 11366.7 11374.7 11386.4 11390.2 11397.2 11400.3 11401.5 11401.2 11403.5 11407.1 11407.1 11405.4 11402.8 11401.6 11399.9 11398 11396.8 11395.8 11396.6 11399.5 11402.5 11404.6 11406.2 11407.4 11408.5 11409.4 11410.3 11411 11411.5 11411.9 11411.8 11411.6 11412.5 11413.5 11414.9 11416.5 11418.3 11421.6 11426.6 11430.9 11435.9 11440.7 11445.4 11450.7 11457 11463.3 11464.7 11467.4 11470.9 11474.4 11478.2 11482.1 11486.2 11490.8 11495.9 11503.8 11513.8 11516 11517.2 11517.4 11519.7 11522.2 11524.8 11527.7
11352.6 11355 11363.7 11376.2 11392.3 11414.7 11420.3 11412.7 11405.5 11397 11388 11387.9 11394.4 11398.2 11399.6 11399.5 11399.4 11398.7 11398.1 11397.5 11397.1 11398.8 11402 11405.1 11406.4 11407.6 11408.8 11409.9 11410.9 11411.9 11412.7 11413.4 11413.9 11414.1 11414.6 11414.5 11415.7 11417 11418.6 11420.4 11424.2 11430.1 11435.4 11440.7 11445.9 11450.8 11455.7 11460.6 11464.4 11468.2 11471.3 11474.3 11477.9 11482 11486 11490.1 11494.7 11499.7 11504.8 11510 11518.3 11523.1 11522.7 11523.5 11524.4 11525.8 11527.6
