real_craters/C081-300m.grd
DSAA
198 198
-29.5575 29.5575
-29.5575 29.5575
10376.084146816 11861.836316203
[rows 30 to 59 of 198, columns 67 to 133 of 198]
11324.7 11325 11325.3 11325.4 11325.5 11323.6 11326.6 11334.5 11344.2 11351.1 11355.1 11360 11365.1 11369.4 11369.5 11368.5 11369.5 11370.3 11371 11372.5 11374.1 11375.3 11376.1 11375.9 11374.8 11374.1 11373 11371.6 11369.1 11364 11356.9 11361.4 11364.7 11365.4 11365 11363.5 11361.2 11358.4 11355.7 11358.6 11364.9 11370.8 11376.2 11382.1 11387.8 11390.9 11391.6 11394 11399.7 11409.2 11419.2 11418.5 11420.1 11422.4 11423.5 11430.7 11437.3 11437 11432.1 11427.1 11422.6 11418.2 11413.5 11408.4 11402.6 11396.7 11394.5
11325.3 11326.4 11327.4 11327.8 11327.8 11326.4 11329.7 11336.7 11342.6 11347.6 11352.4 11357.3 11362.5 11367.7 11367.1 11365.8 11367.2 11368.9 11370.6 11372.1 11373.9 11375.9 11376.9 11377.7 11378.2 11378.7 11378.9 11379.2 11379.3 11379.1 11378.1 11374.9 11373.3 11371.8 11370.1 11367.8 11365.4 11363.2 11362.8 11364 11367.8 11372.3 11376.7 11381.2 11384.8 11387 11389.5 11394.3 11401.1 11409.6 11416.6 11418.6 11419.8 11420.9 11422.2 11428.4 11437.3 11440.9 11438.3 11434.7 11431 11427.4 11423.7 11419.2 11413.8 11407.9 11406.6
11327.1 11328.3 11329.5 11331 11330.7 11330.2 11330.8 11337.9 11341.5 11345 11348.7 11353.4 11357.8 11361 11360.1 11362 11365.1 11367.5 11369.4 11370.8 11372.8 11375.3 11377 11378.7 11380.6 11382.2 11384.4 11386.5 11389.6 11393.8 11395 11388 11382.9 11379.3 11376.2 11373.2 11370.3 11368.3 11368.4 11368.9 11371.3 11374.6 11377.8 11380.6 11382.7 11384.4 11387.3 11392.2 11398.5 11405.2 11410.9 11415.1 11417.8 11420.1 11422.9 11429 11438.7 11443.4 11442.3 11440.6 11438.5 11436.6 11434.6 11431.9 11428.4 11423.6 11423.3
11327.2 11328.4 11330 11332.2 11333.3 11338.3 11341.8 11341.3 11340.1 11340.4 11344.7 11349.9 11354 11355.2 11356 11360.8 11364.5 11366.8 11368.4 11369.6 11370.9 11373.2 11376.3 11379.7 11382.9 11385.9 11389.2 11392.5 11396.2 11400.9 11401.7 11395.8 11390.6 11386.4 11382.6 11379.1 11375.3 11371.9 11370.6 11372.4 11374.8 11377.5 11379.6 11381 11381.8 11382.8 11384.9 11389.3 11394.7 11400.6 11406.2 11411.1 11415.4 11419.5 11423.5 11429.3 11437 11442.8 11444.5 11445.1 11445.1 11445.2 11445.3 11445.4 11445.9 11445.6 11445.1
11327.5 11328.7 11330.6 11333 11335.5 11341.3 11344.7 11340.7 11337.8 11336.7 11341.9 11348.2 11354 11358.8 11361.6 11363.9 11365.9 11367.5 11368.2 11368.7 11369.1 11371.2 11375.8 11380.6 11385.2 11389.3 11393.2 11396.6 11399.5 11400.8 11401.5 11399.9 11396.3 11392.8 11389.4 11385.8 11381.6 11376.7 11374 11376.8 11379.3 11380.9 11382.1 11382.5 11382.6 11382.7 11383.5 11386.8 11391 11395.7 11401.7 11407.9 11413.8 11419.5 11425.2 11431.3 11437.2 11441.9 11445.3 11447.8 11449.9 11452.1 11454.7 11457.7 11462.1 11468.2 11466
11331 11331.5 11332.4 11334 11335.8 11338.8 11340.9 11338.6 11337.8 11337.9 11342.2 11348.5 11355.3 11362.6 11368.4 11368.1 11368.6 11369.3 11369.4 11369.1 11369.1 11371.4 11376.9 11382.7 11388 11392.5 11396.6 11400.1 11402.6 11403.6 11403.9 11403.3 11401 11398.4 11395.7 11392.9 11390 11386.1 11383.5 11384.4 11385.1 11385.4 11385 11384.8 11384.6 11384.2 11383.8 11385.7 11388.5 11391.6 11398.3 11405.7 11412.7 11419.6 11426.3 11432.6 11437.2 11441.8 11445.6 11449.2 11452.9 11457 11461.8 11467.1 11472.8 11477.3 11476.6
11333.3 11333.2 11333.5 11334.1 11334.4 11334.8 11337.5 11340.2 11340.9 11341.4 11344.7 11349.8 11355.7 11362.2 11367.7 11370.4 11371.6 11372.3 11372.3 11371.6 11371.1 11374 11379.9 11385.8 11391.2 11395.9 11400.2 11403.9 11406.4 11408.1 11408.2 11407.2 11405.5 11403.3 11401.4 11400 11399.2 11399.3 11396.9 11393.4 11391.6 11390.4 11389.2 11388.3 11387.5 11386.8 11385.8 11386.8 11388.4 11390.8 11397.4 11405 11412.3 11419.5 11426.4 11433 11435.8 11440.6 11445.2 11449.7 11454.8 11460.4 11466.7 11473.6 11480 11483.4 11483
11334.7 11334.1 11333.9 11333.6 11333.6 11334.3 11337.5 11341.2 11343.8 11345.7 11348.5 11352.2 11356.1 11362 11368.2 11372.3 11374.9 11376.5 11377.2 11376.8 11375.5 11378.9 11384.8 11390.3 11395.1 11399.4 11403.7 11407.5 11410.5 11412.3 11412.3 11411.1 11409.2 11407.4 11406.1 11405.5 11405.9 11408 11405.6 11400.6 11397.3 11395 11393.6 11392.4 11391.3 11390.3 11389.8 11389.8 11390.7 11393.1 11399.1 11405.9 11412.8 11419.2 11425.3 11430.8 11434.4 11439.7 11444.1 11449.1 11455.1 11461.9 11469.3 11477.3 11485.2 11489.8 11487.5
11335.6 11334.6 11333.8 11333.3 11333.5 11334.7 11339.3 11344.6 11349 11351.7 11353.9 11355.7 11358.1 11364.1 11370.6 11375.1 11378.8 11382 11384.3 11385.4 11385.7 11388.3 11392.1 11395.8 11399.5 11402.9 11406.5 11410.3 11414.1 11417.1 11415.8 11414 11412.3 11410.8 11409.6 11408.8 11408.6 11408 11407.2 11404.7 11402 11400 11398.3 11397.2 11395.8 11394.5 11393.3 11393.9 11395.1 11397.4 11402.7 11408.4 11414.1 11419.3 11424 11427.7 11431.4 11436.4 11441.2 11447.4 11454.3 11461.5 11469.5 11478 11487.4 11492.2 11488.7
11338.6 11336.6 11335.7 11334.3 11334.6 11336.9 11341.7 11348.5 11355 11357 11359 11360.2 11362 11366.8 11373.1 11378.6 11383.6 11388.3 11392.6 11396.2 11399.1 11399.7 11400.5 11401.9 11403.6 11405.6 11408.3 11411.7 11415.5 11418.1 11417.1 11415.6 11414.4 11413.4 11412.4 11411.4 11410.3 11408.3 11408.3 11407.8 11406.4 11404.9 11403.4 11402 11400.7 11400 11399.4 11399.3 11401.3 11404.1 11407.6 11411.9 11416.4 11420.5 11423.9 11426.3 11428.9 11431.2 11438 11445.5 11452.9 11460.3 11467.6 11474.6 11481.8 11487.2 11484.6
11344.6 11341.2 11338.1 11336.3 11335.8 11337.4 11343.2 11349.7 11355.9 11359.6 11362.5 11365.2 11367.7 11370.9 11376.6 11382.5 11388.5 11394.2 11400.3 11406.7 11411 11409.4 11407.7 11407 11407 11407.6 11408.8 11411 11414.2 11416.5 11416.1 11415.7 11415.4 11415 11414.5 11413.8 11413.1 11412.6 11411.7 11411.2 11410.5 11409.5 11408.1 11407 11406 11405.8 11406.1 11405 11407.2 11410.1 11412.7 11416 11419.5 11422.8 11425.6 11427.7 11429.8 11432.4 11437.5 11444.6 11451.9 11458.9 11465.2 11470 11471.1 11474 11478.5
11350 11345.5 11341.1 11338.1 11336.9 11338.8 11344.4 11350.4 11355.3 11362.6 11368.5 11370.1 11372 11376.3 11381.1 11387 11393.1 11399.2 11405.7 11413.1 11418.7 11415.3 11412.4 11410.5 11409.1 11408.3 11408 11408.2 11409.6 11411.7 11413.2 11414.7 11415.8 11416.4 11416.7 11416.2 11415.4 11415 11415.1 11415 11414.6 11413.9 11412.9 11411.8 11411 11410.4 11409.4 11408.6 11411.3 11414.4 11417.3 11420.2 11423.2 11425.9 11428.5 11430.9 11432.6 11433.3 11438 11444.7 11451.5 11458 11463.7 11468.5 11472.2 11474.1 11475.7
11351.1 11346.2 11341.9 11339 11337.6 11339.8 11346.6 11353.3 11359.6 11367.8 11374 11375.4 11374.7 11378.4 11385.3 11391.6 11397.5 11403.1 11408.3 11412.5 11415.7 11415.9 11414.5 11412.4 11410.4 11408.5 11406.7 11404.7 11402.3 11405 11409.8 11413.5 11416.2 11417.9 11419.1 11419.2 11418.6 11418.1 11419.2 11419.5 11419.3 11418.6 11417.8 11416.8 11415.8 11414.9 11413.7 11413.3 11415.6 11418.9 11421.9 11424.7 11427.3 11429.8 11432.2 11434.2 11435.6 11436.1 11440.1 11445.9 11451.9 11457.7 11462.8 11467.6 11473 11474.1 11474.3
11352.1 11347.2 11343 11340 11339.4 11342.8 11349.3 11357.7 11366.9 11374.4 11380.4 11383.4 11384 11385.3 11391.3 11396.8 11401.9 11406.6 11410.6 11412.5 11413.7 11415.5 11415.1 11413.4 11411.3 11409 11406.5 11403.6 11400.3 11403.3 11409 11413.5 11417.2 11420 11422.2 11423.6 11424.2 11424.5 11424.8 11424.8 11424.5 11423.8 11423 11422 11420.8 11419.8 11419 11418.7 11421.6 11424.6 11427.3 11429.7 11431.9 11434.1 11436 11437.9 11439.4 11440.2 11443.1 11448.1 11453.2 11458 11462.3 11465.9 11468.5 11471.2 11472.6
11354 11348.9 11344.4 11341.2 11340.8 11344.8 11352.2 11361.6 11370.9 11378.9 11385.4 11391 11395.4 11396.9 11399.3 11402.7 11406.4 11410.3 11413.9 11416.8 11417.6 11416.9 11415.7 11413.9 11411.8 11409.7 11407.6 11405.8 11404.6 11406.7 11411 11415.5 11419.5 11423 11426.2 11428.8 11430.8 11431.4 11431.2 11430.8 11430.5 11429.7 11428.8 11427.7 11426.6 11425.1 11424.1 11424.8 11428.7 11430.9 11432.7 11434.5 11436.3 11438.1 11440 11441.8 11444 11443.9 11446.7 11451.2 11455.3 11459.1 11462.5 11465.3 11467.7 11469.8 11471.3
11357.2 11351.9 11346.6 11342.6 11340.7 11346 11354.8 11365 11374.3 11381.9 11386.9 11393.3 11402 11405.9 11406.2 11407.7 11410.1 11413.1 11416.6 11419.7 11419.6 11417.9 11416.2 11414.2 11412.4 11410.8 11409.7 11409.2 11409.9 11411.4 11414.6 11418.6 11422.6 11426.7 11430.7 11434.3 11437.2 11438 11437.6 11437.3 11436.6 11436 11435.1 11434.3 11433 11431.3 11429.5 11428.6 11434.2 11436.5 11437.8 11439.2 11440.6 11442.1 11443.7 11445.1 11446.4 11448.2 11452.1 11455 11457.8 11460.8 11463.5 11465.9 11467.8 11469.7 11471.1
11361.8 11356.4 11350.7 11345.4 11342.7 11349.1 11358.7 11368.7 11377.1 11384 11389.1 11395.3 11403.6 11408.9 11410.6 11411.3 11412.4 11414.2 11417.4 11421 11419.9 11417.6 11415.8 11414.4 11413.2 11412.2 11411.7 11412.1 11413.5 11415.1 11418.1 11421.9 11426.1 11430.6 11435.2 11439.4 11442.8 11443.7 11443.2 11442.8 11442.3 11442 11441.4 11440.7 11439.7 11438.2 11436.6 11437 11440.4 11441.9 11442.9 11443.9 11444.9 11446.1 11447.3 11448.3 11449.1 11452.5 11456.7 11458.2 11460.2 11462.7 11465.2 11467.7 11469.7 11470.8 11471.7
11368.1 11363.5 11358.2 11352.1 11347.6 11355.9 11365.3 11374.3 11381.2 11387.2 11395 11403.1 11409.5 11412.5 11413.4 11413.4 11413 11413.4 11414.7 11417.1 11416.6 11415.6 11415.1 11414.5 11413.9 11413.5 11413.3 11413.9 11415.3 11417.9 11421.4 11425.3 11429.6 11434.2 11438.8 11443.5 11447.5 11448.4 11447.9 11447.7 11447.4 11447.4 11447.2 11447 11446.7 11446 11445.1 11445 11446.8 11447.2 11447.6 11448.2 11449 11449.9 11450.9 11452.1 11453.8 11456.1 11458.1 11460 11462.3 11464.7 11467.1 11469.5 11471.3 11472.3 11473
11375.5 11372.8 11369.6 11365.9 11361.3 11368.8 11376.2 11382.2 11387.7 11393.3 11400.3 11405.9 11412.1 11415.9 11415.7 11414.3 11412.6 11411 11409.6 11409.7 11411.7 11413.2 11414.2 11414.7 11414.7 11415 11415.1 11415.7 11417.4 11420.5 11424.6 11428.4 11432.5 11436.8 11441.6 11446.5 11450.9 11451.6 11451.7 11451.7 11451.8 11452 11452.3 11452.9 11453.5 11454.1 11454.2 11454.2 11453.1 11452.2 11452.2 11452.5 11453.1 11453.8 11454.7 11455.7 11456.5 11457.7 11459.6 11461.9 11464 11466.4 11469 11471.6 11473.2 11474.1 11474.6
11382.7 11382.4 11382.8 11386.5 11389.1 11385.9 11387.8 11391.1 11395.4 11400.1 11407.3 11415.1 11422.8 11420.5 11417.8 11415.1 11412 11408.9 11405.7 11404.7 11408.5 11411.7 11414.2 11415.7 11416.5 11417.3 11417.8 11418.2 11420.1 11423.5 11427.4 11431 11435.1 11439.2 11443.4 11447.7 11451.6 11453.2 11454.2 11454.6 11455.3 11456.1 11457.2 11458.4 11460 11461.7 11463.3 11464.8 11458.8 11456.9 11456.5 11456.6 11457.1 11457.7 11458.5 11459.2 11459.8 11460.3 11460.9 11462.9 11465.4 11468 11470.8 11473.5 11475.1 11476 11476.7
11388.9 11389.9 11392.8 11399.7 11402.4 11397.8 11397.1 11398.8 11402.7 11408.6 11414.5 11421.2 11425 11421.6 11418.2 11415.1 11411.9 11408.5 11404.9 11404.5 11408.9 11412.8 11415.5 11417.6 11419.1 11420.3 11421.3 11423.4 11425.1 11427.4 11430.8 11434 11437.6 11441.4 11444.7 11448 11450.9 11454 11456.1 11457.8 11459.3 11460.6 11462 11463.7 11465.5 11467.9 11470.3 11472.2 11464 11461.5 11460.7 11460.5 11460.6 11460.9 11461.7 11462.6 11463.5 11463.8 11461.6 11463.6 11466.4 11469.5 11472.7 11475.4 11476.9 11477.9 11478.6
11392.6 11393.8 11396.6 11401.8 11403.7 11401.7 11401.6 11402.9 11406.6 11412.5 11415.9 11419.1 11419.5 11418.3 11416.4 11414.7 11412.7 11410.7 11408.4 11408.8 11412.8 11416.4 11419.2 11421.4 11422.9 11424.1 11425 11427 11429.2 11431.5 11434.4 11437.3 11440.6 11443.5 11446.5 11449.2 11452.1 11455.3 11458.1 11460.5 11462.6 11464.3 11466 11468.2 11469.8 11472 11474.4 11475 11469.5 11465.8 11464.4 11463.8 11463.7 11464 11464.7 11465.6 11466.6 11466.3 11463.8 11464.5 11467.4 11470.7 11474.5 11478.4 11479 11479.5 11480.3
11394.5 11395.5 11395.8 11397.1 11399.4 11401 11402.3 11403.7 11406 11408.9 11408.9 11409.3 11410.9 11412.8 11413.9 11414.6 11414.9 11415 11415.6 11416.9 11419.4 11422.2 11424.7 11426.6 11427.9 11428.2 11428.9 11430.8 11432.9 11435.5 11438.6 11441.8 11444.4 11446.6 11448.8 11451.1 11454 11457.4 11460.7 11463.4 11465.9 11467.4 11469.7 11471.3 11473 11473.8 11476.8 11477.3 11472.6 11469.7 11467.8 11466.8 11466.3 11466.5 11467.1 11468.1 11469.3 11470.1 11467.5 11467.1 11468.8 11471.3 11474.5 11478.7 11479.3 11480.3 11481.8
11395.2 11393.6 11394.7 11395.8 11397 11398.8 11400.8 11402 11403 11403 11400 11398.3 11402.3 11407.8 11411.5 11415.1 11418 11420.3 11422.6 11424.7 11426.8 11429 11431.2 11432.4 11433.4 11433.7 11433.6 11434.3 11437.2 11440 11443.2 11446.4 11448.7 11450.3 11451.6 11453 11456.2 11460.2 11463.9 11466.6 11468.9 11471 11473.1 11475 11476.2 11475.9 11477.7 11478 11476.4 11472.6 11470 11468.6 11468.1 11468.1 11468.7 11469.5 11470.8 11471.7 11469.7 11468.9 11470.2 11471.8 11472.8 11474.5 11478.2 11480.7 11482.2
11393.1 11393.4 11393.4 11394.3 11395.3 11396.5 11398.1 11399 11399.4 11399.3 11396.7 11394.9 11398.9 11404.5 11410.4 11416.7 11422.4 11427 11429.5 11432.7 11435 11436.4 11438.3 11439.5 11440.3 11441 11440.4 11441.1 11443.3 11445.6 11448.8 11451.6 11453.8 11455.1 11455.5 11456 11459.6 11464.2 11468.2 11471 11473.6 11475.7 11477.5 11478.5 11478.5 11477.5 11477 11475.5 11474.1 11472.7 11470.9 11469.6 11469 11468.9 11469.4 11470.3 11471 11471.3 11470.9 11470.9 11472.4 11473.5 11473.8 11475 11478.6 11481.5 11483.2
11393.2 11392.6 11392.2 11393.2 11393.2 11394.3 11395.8 11396.4 11396.2 11395.4 11392.1 11387.8 11394.4 11402.3 11410.8 11419.2 11427.5 11435.6 11442 11442.9 11443.6 11444.6 11446 11447.5 11448.6 11448.8 11448.8 11449.5 11451.6 11453.5 11456.1 11457.5 11459.8 11461.4 11461.7 11461 11465.3 11469.7 11473.1 11475.9 11478.1 11479.4 11481 11481.5 11480.5 11479.5 11478 11476.1 11474.9 11473 11471.5 11470.5 11470.1 11470.1 11470.5 11471.1 11471.7 11471.8 11472.7 11474.7 11476 11477.1 11477.8 11478.9 11481 11482.9 11484.8
11393.7 11390.4 11390.3 11390.5 11391.2 11392.7 11393.7 11394.3 11393.9 11393 11389.3 11385.9 11391.4 11402 11412.7 11423 11432.7 11442 11450.5 11450.8 11451.7 11452.4 11453.7 11455.2 11456.3 11457.3 11458.9 11460.1 11460.8 11462 11463.8 11464.8 11466.6 11469.5 11472.2 11472.2 11475 11477.3 11478.9 11480.8 11482.5 11482.8 11484.1 11484.4 11484.3 11483 11481.8 11480.2 11478.7 11474.4 11472.4 11471.2 11471 11470.9 11471.2 11471.7 11472.6 11474.4 11476.5 11477.8 11480 11481.6 11482.7 11483.1 11483.9 11485 11486.5
11392.1 11389.2 11388.8 11388.8 11389 11390.4 11391.7 11392.3 11392.7 11393.2 11392.5 11392.1 11395.5 11405.1 11415.9 11427.4 11437.8 11446.1 11451.8 11457 11458.6 11459.6 11460.1 11461.5 11463.1 11464.7 11468.3 11469.7 11469.5 11470.4 11471.5 11472 11473.8 11478.4 11484.7 11489.8 11486.5 11485.4 11485.3 11486.4 11487.5 11487.8 11489.1 11490.5 11489.9 11488 11487.1 11485 11483 11477.8 11473 11471.6 11471.4 11471.6 11471.5 11471.8 11473 11475.7 11479.5 11482.3 11484.8 11485.9 11486 11485.9 11485.9 11486.7 11487.8
11390.9 11388.4 11387.2 11386.3 11387.1 11388.8 11390.6 11391.9 11392.8 11393.9 11397.6 11398.8 11402.8 11410.4 11420.3 11432.6 11444.4 11454.3 11460.6 11464.8 11465.8 11465.4 11465.5 11466.6 11468.5 11469.9 11472.7 11475.2 11476.5 11478.2 11478.7 11478.5 11480.1 11483.5 11488.5 11494.5 11492 11491.5 11491.3 11492.8 11493.8 11496.2 11496.6 11497.9 11497.1 11493.9 11492.9 11489.2 11483 11473.7 11473 11472.7 11472.2 11472.1 11471.9 11471.4 11471.7 11473.5 11478 11486.3 11490.8 11488.3 11487.7 11487.4 11487.1 11487.7 11488.9
11390.5 11387 11384.3 11384 11385.5 11388 11390.4 11392.4 11394 11395 11395.7 11399.6 11405.7 11413.6 11424 11437.5 11451.6 11465 11471.7 11473.6 11473.6 11472.6 11472 11471.1 11472.2 11473.3 11475.6 11479.2 11482.3 11485.4 11484.4 11486 11486.5 11486.9 11484.9 11487.3 11493.6 11496.8 11499.5 11500.9 11503.6 11504.5 11504.7 11505.6 11505.3 11499.9 11497.3 11494.5 11488.2 11477.9 11476.8 11475.4 11474 11472.8 11472.1 11471.1 11469.9 11468.2 11467.5 11476.2 11481.8 11483.4 11488.9 11486.6 11486.5 11488 11489.6
