real_craters/C081-750m.grd
DSAA
80 80
-29.5575 29.5575
-29.5575 29.5575
10381.16915366 11866.128297379
[rows 50 to 74 of 80, columns 0 to 56 of 80]
1.138e+004 1.139e+004 1.14e+004 1.14e+004 1.139e+004 1.139e+004 1.139e+004 1.14e+004 1.141e+004 1.141e+004 1.141e+004 1.142e+004 1.143e+004 1.143e+004 1.143e+004 1.145e+004 1.147e+004 1.148e+004 1.148e+004 1.148e+004 1.148e+004 1.149e+004 1.151e+004 1.152e+004 1.153e+004 1.154e+004 1.153e+004 1.153e+004 1.154e+004 1.155e+004 1.156e+004 1.159e+004 1.164e+004 1.169e+004 1.175e+004 1.179e+004 1.175e+004 1.175e+004 1.171e+004 1.164e+004 1.162e+004 1.165e+004 1.171e+004 1.164e+004 1.158e+004 1.159e+004 1.16e+004 1.162e+004 1.165e+004 1.163e+004 1.161e+004 1.16e+004 1.16e+004 1.161e+004 1.161e+004 1.161e+004 1.161e+004
1.138e+004 1.138e+004 1.139e+004 1.139e+004 1.139e+004 1.14e+004 1.14e+004 1.141e+004 1.141e+004 1.142e+004 1.142e+004 1.142e+004 1.143e+004 1.144e+004 1.145e+004 1.147e+004 1.148e+004 1.149e+004 1.149e+004 1.148e+004 1.149e+004 1.15e+004 1.151e+004 1.153e+004 1.154e+004 1.155e+004 1.154e+004 1.154e+004 1.154e+004 1.155e+004 1.156e+004 1.159e+004 1.163e+004 1.168e+004 1.17e+004 1.171e+004 1.174e+004 1.175e+004 1.172e+004 1.169e+004 1.166e+004 1.164e+004 1.161e+004 1.161e+004 1.16e+004 1.162e+004 1.162e+004 1.161e+004 1.16e+004 1.16e+004 1.159e+004 1.159e+004 1.16e+004 1.161e+004 1.16e+004 1.161e+004 1.161e+004
1.139e+004 1.139e+004 1.139e+004 1.139e+004 1.139e+004 1.14e+004 1.141e+004 1.141e+004 1.142e+004 1.143e+004 1.143e+004 1.143e+004 1.144e+004 1.145e+004 1.146e+004 1.147e+004 1.149e+004 1.15e+004 1.15e+004 1.15e+004 1.151e+004 1.151e+004 1.151e+004 1.153e+004 1.154e+004 1.154e+004 1.155e+004 1.155e+004 1.155e+004 1.155e+004 1.155e+004 1.158e+004 1.163e+004 1.167e+004 1.169e+004 1.171e+004 1.172e+004 1.173e+004 1.173e+004 1.17e+004 1.166e+004 1.16e+004 1.158e+004 1.159e+004 1.16e+004 1.162e+004 1.161e+004 1.161e+004 1.16e+004 1.159e+004 1.159e+004 1.159e+004 1.16e+004 1.161e+004 1.161e+004 1.16e+004 1.161e+004
1.139e+004 1.14e+004 1.139e+004 1.14e+004 1.14e+004 1.14e+004 1.141e+004 1.142e+004 1.143e+004 1.143e+004 1.143e+004 1.144e+004 1.144e+004 1.145e+004 1.145e+004 1.146e+004 1.148e+004 1.15e+004 1.149e+004 1.15e+004 1.15e+004 1.15e+004 1.151e+004 1.152e+004 1.153e+004 1.155e+004 1.155e+004 1.155e+004 1.155e+004 1.154e+004 1.155e+004 1.158e+004 1.162e+004 1.166e+004 1.169e+004 1.171e+004 1.173e+004 1.174e+004 1.172e+004 1.169e+004 1.165e+004 1.159e+004 1.157e+004 1.157e+004 1.159e+004 1.161e+004 1.161e+004 1.16e+004 1.159e+004 1.159e+004 1.16e+004 1.16e+004 1.16e+004 1.161e+004 1.16e+004 1.16e+004 1.16e+004
1.139e+004 1.139e+004 1.14e+004 1.14e+004 1.14e+004 1.141e+004 1.141e+004 1.142e+004 1.143e+004 1.144e+004 1.145e+004 1.144e+004 1.144e+004 1.145e+004 1.145e+004 1.145e+004 1.146e+004 1.147e+004 1.148e+004 1.149e+004 1.148e+004 1.149e+004 1.15e+004 1.152e+004 1.152e+004 1.155e+004 1.156e+004 1.155e+004 1.155e+004 1.154e+004 1.155e+004 1.158e+004 1.162e+004 1.166e+004 1.169e+004 1.171e+004 1.172e+004 1.173e+004 1.171e+004 1.168e+004 1.163e+004 1.158e+004 1.156e+004 1.157e+004 1.16e+004 1.16e+004 1.16e+004 1.159e+004 1.159e+004 1.16e+004 1.16e+004 1.16e+004 1.16e+004 1.16e+004 1.16e+004 1.16e+004 1.16e+004
1.14e+004 1.14e+004 1.14e+004 1.14e+004 1.141e+004 1.141e+004 1.142e+004 1.143e+004 1.143e+004 1.143e+004 1.143e+004 1.144e+004 1.145e+004 1.145e+004 1.145e+004 1.145e+004 1.147e+004 1.148e+004 1.148e+004 1.148e+004 1.148e+004 1.149e+004 1.15e+004 1.152e+004 1.154e+004 1.156e+004 1.156e+004 1.156e+004 1.155e+004 1.154e+004 1.154e+004 1.157e+004 1.161e+004 1.165e+004 1.169e+004 1.171e+004 1.173e+004 1.173e+004 1.17e+004 1.166e+004 1.163e+004 1.159e+004 1.157e+004 1.157e+004 1.158e+004 1.159e+004 1.159e+004 1.159e+004 1.159e+004 1.16e+004 1.161e+004 1.161e+004 1.161e+004 1.161e+004 1.16e+004 1.16e+004 1.162e+004
1.141e+004 1.143e+004 1.141e+004 1.141e+004 1.141e+004 1.142e+004 1.142e+004 1.143e+004 1.144e+004 1.144e+004 1.144e+004 1.145e+004 1.145e+004 1.145e+004 1.146e+004 1.146e+004 1.147e+004 1.148e+004 1.148e+004 1.149e+004 1.149e+004 1.149e+004 1.15e+004 1.151e+004 1.153e+004 1.157e+004 1.156e+004 1.155e+004 1.154e+004 1.154e+004 1.155e+004 1.158e+004 1.161e+004 1.165e+004 1.168e+004 1.171e+004 1.173e+004 1.172e+004 1.169e+004 1.165e+004 1.162e+004 1.16e+004 1.159e+004 1.157e+004 1.158e+004 1.158e+004 1.158e+004 1.159e+004 1.159e+004 1.16e+004 1.161e+004 1.161e+004 1.161e+004 1.161e+004 1.161e+004 1.163e+004 1.164e+004
1.141e+004 1.141e+004 1.141e+004 1.141e+004 1.141e+004 1.142e+004 1.143e+004 1.144e+004 1.144e+004 1.145e+004 1.146e+004 1.145e+004 1.145e+004 1.146e+004 1.147e+004 1.147e+004 1.148e+004 1.148e+004 1.149e+004 1.149e+004 1.149e+004 1.15e+004 1.15e+004 1.15e+004 1.152e+004 1.155e+004 1.156e+004 1.154e+004 1.154e+004 1.154e+004 1.155e+004 1.158e+004 1.161e+004 1.164e+004 1.168e+004 1.172e+004 1.172e+004 1.17e+004 1.168e+004 1.164e+004 1.162e+004 1.16e+004 1.158e+004 1.158e+004 1.159e+004 1.159e+004 1.159e+004 1.159e+004 1.159e+004 1.16e+004 1.16e+004 1.16e+004 1.16e+004 1.161e+004 1.162e+004 1.163e+004 1.164e+004
1.14e+004 1.141e+004 1.141e+004 1.141e+004 1.142e+004 1.142e+004 1.143e+004 1.144e+004 1.145e+004 1.146e+004 1.146e+004 1.146e+004 1.146e+004 1.147e+004 1.147e+004 1.148e+004 1.148e+004 1.149e+004 1.149e+004 1.149e+004 1.15e+004 1.15e+004 1.15e+004 1.15e+004 1.152e+004 1.156e+004 1.156e+004 1.156e+004 1.155e+004 1.156e+004 1.157e+004 1.159e+004 1.162e+004 1.165e+004 1.169e+004 1.172e+004 1.172e+004 1.169e+004 1.166e+004 1.163e+004 1.16e+004 1.158e+004 1.158e+004 1.158e+004 1.159e+004 1.159e+004 1.159e+004 1.159e+004 1.159e+004 1.16e+004 1.16e+004 1.159e+004 1.16e+004 1.161e+004 1.162e+004 1.163e+004 1.163e+004
1.141e+004 1.141e+004 1.141e+004 1.141e+004 1.142e+004 1.143e+004 1.144e+004 1.145e+004 1.145e+004 1.146e+004 1.146e+004 1.146e+004 1.146e+004 1.147e+004 1.147e+004 1.148e+004 1.148e+004 1.149e+004 1.149e+004 1.149e+004 1.15e+004 1.15e+004 1.15e+004 1.15e+004 1.152e+004 1.156e+004 1.158e+004 1.157e+004 1.156e+004 1.157e+004 1.158e+004 1.16e+004 1.162e+004 1.166e+004 1.169e+004 1.171e+004 1.17e+004 1.167e+004 1.165e+004 1.162e+004 1.159e+004 1.156e+004 1.157e+004 1.159e+004 1.16e+004 1.16e+004 1.161e+004 1.16e+004 1.161e+004 1.161e+004 1.161e+004 1.161e+004 1.161e+004 1.162e+004 1.162e+004 1.163e+004 1.162e+004
1.141e+004 1.14e+004 1.14e+004 1.141e+004 1.142e+004 1.143e+004 1.144e+004 1.145e+004 1.146e+004 1.147e+004 1.146e+004 1.146e+004 1.147e+004 1.147e+004 1.147e+004 1.147e+004 1.148e+004 1.148e+004 1.149e+004 1.15e+004 1.15e+004 1.149e+004 1.151e+004 1.152e+004 1.152e+004 1.152e+004 1.155e+004 1.155e+004 1.154e+004 1.155e+004 1.157e+004 1.16e+004 1.163e+004 1.166e+004 1.169e+004 1.17e+004 1.17e+004 1.166e+004 1.165e+004 1.162e+004 1.159e+004 1.158e+004 1.158e+004 1.159e+004 1.161e+004 1.161e+004 1.162e+004 1.163e+004 1.162e+004 1.162e+004 1.162e+004 1.162e+004 1.162e+004 1.162e+004 1.163e+004 1.163e+004 1.162e+004
1.14e+004 1.14e+004 1.141e+004 1.142e+004 1.142e+004 1.143e+004 1.144e+004 1.145e+004 1.146e+004 1.147e+004 1.149e+004 1.148e+004 1.148e+004 1.148e+004 1.148e+004 1.148e+004 1.148e+004 1.149e+004 1.149e+004 1.15e+004 1.151e+004 1.151e+004 1.152e+004 1.153e+004 1.152e+004 1.151e+004 1.15e+004 1.152e+004 1.152e+004 1.152e+004 1.157e+004 1.161e+004 1.165e+004 1.168e+004 1.17e+004 1.171e+004 1.171e+004 1.169e+004 1.166e+004 1.163e+004 1.161e+004 1.16e+004 1.159e+004 1.16e+004 1.161e+004 1.162e+004 1.163e+004 1.163e+004 1.163e+004 1.163e+004 1.163e+004 1.164e+004 1.163e+004 1.163e+004 1.163e+004 1.162e+004 1.161e+004
1.14e+004 1.141e+004 1.141e+004 1.142e+004 1.142e+004 1.143e+004 1.144e+004 1.145e+004 1.146e+004 1.147e+004 1.148e+004 1.148e+004 1.148e+004 1.148e+004 1.149e+004 1.149e+004 1.15e+004 1.15e+004 1.15e+004 1.151e+004 1.152e+004 1.154e+004 1.153e+004 1.153e+004 1.152e+004 1.151e+004 1.151e+004 1.152e+004 1.153e+004 1.154e+004 1.158e+004 1.163e+004 1.168e+004 1.17e+004 1.171e+004 1.171e+004 1.17e+004 1.169e+004 1.167e+004 1.165e+004 1.163e+004 1.161e+004 1.161e+004 1.161e+004 1.161e+004 1.162e+004 1.163e+004 1.163e+004 1.163e+004 1.163e+004 1.163e+004 1.164e+004 1.164e+004 1.162e+004 1.162e+004 1.161e+004 1.161e+004
1.139e+004 1.14e+004 1.141e+004 1.142e+004 1.143e+004 1.143e+004 1.144e+004 1.145e+004 1.146e+004 1.147e+004 1.147e+004 1.147e+004 1.148e+004 1.149e+004 1.149e+004 1.15e+004 1.151e+004 1.151e+004 1.151e+004 1.152e+004 1.152e+004 1.153e+004 1.153e+004 1.153e+004 1.153e+004 1.153e+004 1.153e+004 1.154e+004 1.154e+004 1.156e+004 1.159e+004 1.164e+004 1.17e+004 1.171e+004 1.171e+004 1.171e+004 1.171e+004 1.169e+004 1.168e+004 1.166e+004 1.164e+004 1.163e+004 1.162e+004 1.161e+004 1.161e+004 1.161e+004 1.162e+004 1.162e+004 1.163e+004 1.163e+004 1.163e+004 1.162e+004 1.162e+004 1.162e+004 1.161e+004 1.161e+004 1.162e+004
1.141e+004 1.141e+004 1.142e+004 1.142e+004 1.143e+004 1.144e+004 1.145e+004 1.146e+004 1.146e+004 1.147e+004 1.147e+004 1.148e+004 1.148e+004 1.149e+004 1.15e+004 1.15e+004 1.151e+004 1.152e+004 1.152e+004 1.152e+004 1.152e+004 1.153e+004 1.154e+004 1.154e+004 1.153e+004 1.153e+004 1.154e+004 1.155e+004 1.155e+004 1.157e+004 1.159e+004 1.163e+004 1.168e+004 1.17e+004 1.171e+004 1.172e+004 1.172e+004 1.171e+004 1.169e+004 1.167e+004 1.167e+004 1.164e+004 1.163e+004 1.162e+004 1.161e+004 1.161e+004 1.16e+004 1.16e+004 1.162e+004 1.162e+004 1.163e+004 1.163e+004 1.162e+004 1.162e+004 1.162e+004 1.161e+004 1.162e+004
1.141e+004 1.142e+004 1.142e+004 1.143e+004 1.144e+004 1.144e+004 1.145e+004 1.146e+004 1.146e+004 1.147e+004 1.148e+004 1.148e+004 1.149e+004 1.15e+004 1.15e+004 1.151e+004 1.153e+004 1.153e+004 1.152e+004 1.151e+004 1.152e+004 1.153e+004 1.154e+004 1.153e+004 1.152e+004 1.151e+004 1.152e+004 1.154e+004 1.154e+004 1.155e+004 1.158e+004 1.161e+004 1.164e+004 1.167e+004 1.169e+004 1.171e+004 1.172e+004 1.171e+004 1.169e+004 1.167e+004 1.165e+004 1.164e+004 1.163e+004 1.162e+004 1.161e+004 1.16e+004 1.159e+004 1.16e+004 1.161e+004 1.161e+004 1.162e+004 1.163e+004 1.164e+004 1.163e+004 1.163e+004 1.163e+004 1.162e+004
1.142e+004 1.143e+004 1.143e+004 1.144e+004 1.144e+004 1.145e+004 1.146e+004 1.146e+004 1.147e+004 1.147e+004 1.148e+004 1.148e+004 1.149e+004 1.15e+004 1.15e+004 1.151e+004 1.152e+004 1.152e+004 1.151e+004 1.15e+004 1.15e+004 1.15e+004 1.149e+004 1.15e+004 1.151e+004 1.15e+004 1.151e+004 1.153e+004 1.152e+004 1.153e+004 1.156e+004 1.159e+004 1.162e+004 1.165e+004 1.168e+004 1.17e+004 1.17e+004 1.171e+004 1.169e+004 1.166e+004 1.163e+004 1.163e+004 1.162e+004 1.161e+004 1.16e+004 1.16e+004 1.159e+004 1.159e+004 1.16e+004 1.161e+004 1.162e+004 1.162e+004 1.162e+004 1.162e+004 1.162e+004 1.162e+004 1.161e+004
1.143e+004 1.144e+004 1.144e+004 1.144e+004 1.146e+004 1.146e+004 1.146e+004 1.146e+004 1.147e+004 1.147e+004 1.148e+004 1.149e+004 1.15e+004 1.15e+004 1.15e+004 1.15e+004 1.151e+004 1.149e+004 1.147e+004 1.147e+004 1.149e+004 1.149e+004 1.148e+004 1.15e+004 1.152e+004 1.154e+004 1.155e+004 1.155e+004 1.153e+004 1.154e+004 1.156e+004 1.158e+004 1.161e+004 1.164e+004 1.167e+004 1.169e+004 1.169e+004 1.169e+004 1.168e+004 1.167e+004 1.166e+004 1.164e+004 1.162e+004 1.161e+004 1.16e+004 1.159e+004 1.158e+004 1.159e+004 1.16e+004 1.16e+004 1.161e+004 1.161e+004 1.161e+004 1.161e+004 1.162e+004 1.162e+004 1.16e+004
1.144e+004 1.145e+004 1.145e+004 1.146e+004 1.146e+004 1.146e+004 1.146e+004 1.146e+004 1.146e+004 1.147e+004 1.147e+004 1.15e+004 1.15e+004 1.149e+004 1.149e+004 1.148e+004 1.146e+004 1.146e+004 1.147e+004 1.148e+004 1.15e+004 1.152e+004 1.154e+004 1.154e+004 1.154e+004 1.155e+004 1.155e+004 1.155e+004 1.156e+004 1.156e+004 1.157e+004 1.16e+004 1.162e+004 1.165e+004 1.168e+004 1.17e+004 1.17e+004 1.169e+004 1.168e+004 1.166e+004 1.164e+004 1.163e+004 1.162e+004 1.161e+004 1.161e+004 1.16e+004 1.159e+004 1.159e+004 1.16e+004 1.16e+004 1.16e+004 1.161e+004 1.161e+004 1.161e+004 1.161e+004 1.161e+004 1.159e+004
1.148e+004 1.146e+004 1.145e+004 1.147e+004 1.147e+004 1.146e+004 1.146e+004 1.146e+004 1.147e+004 1.146e+004 1.146e+004 1.143e+004 1.143e+004 1.147e+004 1.149e+004 1.149e+004 1.149e+004 1.15e+004 1.152e+004 1.153e+004 1.153e+004 1.154e+004 1.154e+004 1.155e+004 1.156e+004 1.156e+004 1.155e+004 1.155e+004 1.156e+004 1.156e+004 1.157e+004 1.159e+004 1.162e+004 1.166e+004 1.169e+004 1.171e+004 1.17e+004 1.169e+004 1.168e+004 1.166e+004 1.164e+004 1.163e+004 1.162e+004 1.162e+004 1.161e+004 1.16e+004 1.16e+004 1.16e+004 1.16e+004 1.16e+004 1.16e+004 1.16e+004 1.161e+004 1.161e+004 1.161e+004 1.162e+004 1.161e+004
1.147e+004 1.146e+004 1.145e+004 1.146e+004 1.145e+004 1.144e+004 1.145e+004 1.146e+004 1.147e+004 1.147e+004 1.147e+004 1.146e+004 1.147e+004 1.149e+004 1.15e+004 1.151e+004 1.152e+004 1.153e+004 1.154e+004 1.156e+004 1.155e+004 1.155e+004 1.155e+004 1.155e+004 1.156e+004 1.156e+004 1.156e+004 1.156e+004 1.156e+004 1.156e+004 1.157e+004 1.157e+004 1.161e+004 1.166e+004 1.17e+004 1.173e+004 1.172e+004 1.169e+004 1.167e+004 1.166e+004 1.164e+004 1.163e+004 1.162e+004 1.162e+004 1.161e+004 1.16e+004 1.159e+004 1.16e+004 1.16e+004 1.16e+004 1.16e+004 1.16e+004 1.16e+004 1.16e+004 1.161e+004 1.161e+004 1.161e+004
1.143e+004 1.141e+004 1.143e+004 1.143e+004 1.142e+004 1.143e+004 1.146e+004 1.147e+004 1.148e+004 1.149e+004 1.149e+004 1.151e+004 1.152e+004 1.151e+004 1.152e+004 1.152e+004 1.153e+004 1.153e+004 1.154e+004 1.155e+004 1.155e+004 1.155e+004 1.155e+004 1.155e+004 1.156e+004 1.156e+004 1.156e+004 1.156e+004 1.156e+004 1.156e+004 1.156e+004 1.157e+004 1.16e+004 1.165e+004 1.169e+004 1.173e+004 1.172e+004 1.17e+004 1.167e+004 1.165e+004 1.164e+004 1.163e+004 1.162e+004 1.161e+004 1.161e+004 1.161e+004 1.16e+004 1.16e+004 1.16e+004 1.16e+004 1.16e+004 1.16e+004 1.16e+004 1.16e+004 1.161e+004 1.161e+004 1.161e+004
1.141e+004 1.142e+004 1.143e+004 1.145e+004 1.146e+004 1.148e+004 1.148e+004 1.148e+004 1.149e+004 1.15e+004 1.151e+004 1.152e+004 1.152e+004 1.152e+004 1.153e+004 1.153e+004 1.153e+004 1.153e+004 1.154e+004 1.155e+004 1.155e+004 1.155e+004 1.155e+004 1.155e+004 1.156e+004 1.156e+004 1.156e+004 1.157e+004 1.156e+004 1.156e+004 1.156e+004 1.157e+004 1.16e+004 1.164e+004 1.167e+004 1.169e+004 1.172e+004 1.173e+004 1.168e+004 1.166e+004 1.164e+004 1.163e+004 1.162e+004 1.161e+004 1.161e+004 1.161e+004 1.16e+004 1.16e+004 1.16e+004 1.16e+004 1.16e+004 1.16e+004 1.159e+004 1.159e+004 1.16e+004 1.159e+004 1.159e+004
1.145e+004 1.147e+004 1.147e+004 1.148e+004 1.149e+004 1.149e+004 1.149e+004 1.15e+004 1.15e+004 1.151e+004 1.152e+004 1.153e+004 1.153e+004 1.153e+004 1.153e+004 1.153e+004 1.154e+004 1.154e+004 1.155e+004 1.155e+004 1.155e+004 1.155e+004 1.155e+004 1.155e+004 1.156e+004 1.157e+004 1.157e+004 1.156e+004 1.157e+004 1.156e+004 1.156e+004 1.157e+004 1.16e+004 1.163e+004 1.166e+004 1.169e+004 1.172e+004 1.173e+004 1.169e+004 1.165e+004 1.163e+004 1.162e+004 1.161e+004 1.161e+004 1.16e+004 1.159e+004 1.16e+004 1.16e+004 1.16e+004 1.16e+004 1.16e+004 1.159e+004 1.159e+004 1.159e+004 1.159e+004 1.159e+004 1.16e+004
1.147e+004 1.147e+004 1.148e+004 1.149e+004 1.15e+004 1.15e+004 1.15e+004 1.15e+004 1.151e+004 1.152e+004 1.152e+004 1.153e+004 1.153e+004 1.153e+004 1.154e+004 1.154e+004 1.154e+004 1.155e+004 1.155e+004 1.156e+004 1.156e+004 1.156e+004 1.156e+004 1.156e+004 1.156e+004 1.158e+004 1.158e+004 1.158e+004 1.157e+004 1.156e+004 1.156e+004 1.158e+004 1.161e+004 1.164e+004 1.167e+004 1.17e+004 1.171e+004 1.172e+004 1.173e+004 1.165e+004 1.163e+004 1.162e+004 1.161e+004 1.16e+004 1.16e+004 1.159e+004 1.159e+004 1.16e+004 1.16e+004 1.16e+004 1.16e+004 1.16e+004 1.159e+004 1.159e+004 1.16e+004 1.16e+004 1.159e+004
