real_craters/C081-500m.grd
DSAA
119 119
-29.5575 29.5575
-29.5575 29.5575
10377.4411776 11832.802177897
[rows 30 to 59 of 119, columns 0 to 66 of 119]
11248.1 11249.8 11252.6 11257.1 11262.5 11266.9 11269.4 11269.7 11267.3 11261 11275.4 11283.5 11294.2 11309.8 11323.3 11332.7 11342.6 11358.3 11373.8 11384.7 11390.1 11395.8 11402.7 11413.3 11414.9 11410.4 11407.8 11406.7 11407 11408.8 11414.6 11432.8 11433 11426.9 11420.3 11414.8 11408.5 11401.7 11396.2 11391.7 11389.3 11391.2 11401.2 11399.2 11398.1 11403.9 11413.8 11424 11421 11415.8 11410.4 11404.6 11408.2 11414.2 11418.1 11420.4 11422.5 11425.8 11430.5 11436 11442.3 11447.6 11452.7 11456.6 11459.3 11461.6 11464.6
11251.6 11255.3 11260.5 11265.5 11268.2 11271.4 11274.6 11277 11280.4 11281.2 11282.3 11285.6 11292.8 11310.5 11323.8 11334.2 11342.1 11355.5 11371.7 11382 11385.8 11391.9 11399.2 11406.3 11409.5 11410.2 11408.5 11408.3 11409.8 11414.3 11423.5 11434.8 11436.2 11431.8 11425.9 11419.7 11413.6 11407.4 11398.8 11395.8 11394.4 11394.7 11398.6 11401.3 11402.8 11406.9 11411.4 11412.8 11414.3 11414.6 11414.1 11413.7 11417.2 11422 11425.4 11426.9 11428.6 11432.3 11436.7 11442.2 11446.3 11450.2 11455.3 11460.4 11464.7 11467.6 11470.7
11256.7 11260.6 11264.8 11271.4 11274.2 11276.4 11279.4 11283.7 11286.2 11290.4 11295.1 11304.6 11311.2 11318 11327 11334.4 11340.4 11350.8 11361.7 11370.6 11377.6 11385.1 11392.5 11400.2 11405.9 11406.3 11408.8 11411.2 11414.4 11419.2 11422.9 11430.2 11435.2 11429.9 11421.5 11413.4 11406.1 11399.9 11396.8 11394.5 11393.6 11393.5 11395.4 11397.5 11400.2 11401.5 11399.4 11396.6 11406.8 11414.5 11421.3 11424.8 11429.9 11433.1 11435.8 11436.5 11436.3 11440 11445.3 11449.8 11452.2 11453.8 11459.8 11466.2 11470.9 11474.3 11476.7
11263.3 11266.1 11270.7 11275.6 11277.6 11279.9 11282.9 11286.2 11290.7 11298.1 11304.2 11311.5 11318.6 11324.7 11331 11337 11341.3 11346.4 11352.9 11359 11369.4 11377.1 11384.4 11391.9 11397.4 11401.1 11405.3 11409.9 11415 11421.2 11428.3 11436.3 11437.8 11434 11426.8 11418.8 11414.2 11407.9 11402.5 11398 11393.4 11392.2 11393 11393.9 11395.8 11395.8 11393 11389.3 11403.3 11418 11432 11443.5 11444 11446.1 11448.4 11449.9 11449.6 11452.6 11456.4 11459 11462.3 11461.5 11468.4 11474.2 11478.3 11480.8 11481.1
11271.7 11271.1 11271.4 11276.7 11279.9 11282.8 11285.2 11288 11294 11302.5 11309.6 11317.3 11325.4 11331.8 11335.8 11338 11338.9 11344.1 11350.8 11359 11363.9 11369.8 11376.2 11381.4 11384.7 11392.5 11399.5 11405.1 11411.6 11419.9 11431 11440.3 11443 11435.1 11423.1 11415.1 11409.7 11405 11402.1 11397.1 11393 11389.9 11389.1 11390.8 11392.5 11392.9 11392.9 11391 11405.4 11424.1 11440.8 11451.5 11456.7 11458.3 11460.1 11463.1 11467.5 11467.8 11469.5 11470.8 11477.4 11486.6 11483.4 11484 11486 11487.1 11487.7
11276 11275.2 11275.7 11280.7 11282.5 11284.9 11287.3 11289.9 11295.1 11304.8 11315.3 11325.2 11334.6 11339 11340.6 11340.8 11339.9 11345 11348.9 11353.1 11358.1 11363.5 11369.5 11376.2 11382.3 11388.5 11395.5 11401.7 11407.7 11415.1 11423.2 11442.8 11459.9 11428.5 11415.3 11411.6 11408.8 11405.9 11402 11397.4 11391.1 11386.9 11385.2 11387.9 11391 11393.3 11395.4 11401.4 11413.4 11432.1 11453.5 11466 11469.5 11468 11469.1 11471.2 11475.2 11479.3 11480.6 11482.4 11485 11489.2 11493.1 11494.8 11498.1 11500.7 11500.6
11278.2 11278.2 11281.7 11283.2 11284.5 11286.6 11289.1 11293.2 11299.2 11306.3 11325.3 11342.5 11347.1 11347.1 11346.2 11346.2 11351.1 11349.4 11347 11345.8 11353.2 11361.4 11369 11374.2 11379.4 11386.3 11392.4 11397.5 11401.3 11405.3 11415.1 11435.9 11401.7 11389.4 11399.1 11405.6 11409.6 11409.8 11406.7 11400.8 11392.1 11383.1 11381.6 11387.6 11393.1 11397.8 11400.9 11404 11416 11438 11465.2 11480.5 11481.4 11479.1 11476.3 11476.1 11480.7 11489.8 11495.1 11496.1 11494.1 11493.4 11503.2 11509.7 11513.4 11513.8 11514
11278.6 11278.6 11279.2 11283.2 11286 11287.9 11289.6 11292 11298.2 11308.5 11342.1 11370.1 11360.7 11353.7 11349.6 11347 11343.7 11345.1 11346.5 11349.4 11354.2 11360.8 11366.8 11373.2 11380.5 11386 11390.6 11394.3 11396.4 11393.3 11372.2 11296 11273.4 11361.8 11392.8 11406.6 11414.3 11417.7 11417.1 11411.6 11400.2 11385.2 11387 11393.8 11399.8 11404.6 11408.2 11407.3 11415.7 11438.1 11468.6 11486.1 11492 11488 11482.9 11479.1 11486.7 11504.7 11513.7 11517.3 11512.2 11514.4 11522 11528.7 11529.4 11528 11524.5
11278.5 11279.4 11282.5 11286.2 11288.9 11290.3 11291.1 11292.4 11301.5 11328.3 11354.5 11361.7 11358.3 11354.2 11350.2 11346.1 11342.2 11343.7 11346.6 11351 11355.9 11360.7 11368.7 11374.9 11378.2 11384.8 11390.1 11394.6 11396.8 11395.5 11392.4 11409.7 11448.4 11405 11406.2 11415.5 11423.3 11428.9 11431.6 11430.3 11422.3 11405.2 11406.4 11411.3 11412.7 11411.7 11410.6 11411.2 11412.9 11433.7 11460.9 11486.4 11503 11506.1 11497.5 11486.1 11498.1 11524.2 11544.3 11549.9 11539.1 11538.6 11549.7 11550.8 11548.3 11542.4 11530.7
11280.5 11282.8 11287.8 11290.5 11292.4 11294.1 11295.2 11297.4 11306 11340.5 11355.5 11335.7 11349.5 11351.3 11349.4 11346.2 11343.2 11343.9 11346.9 11351.3 11356.7 11364.3 11370.8 11378 11380.4 11384.4 11391.7 11397.5 11401.9 11405 11410.6 11421 11418.2 11418.8 11421.7 11428.8 11437.1 11445 11450.6 11455.5 11459 11458.3 11449.8 11439.7 11431.5 11424.8 11424.3 11415.2 11413.6 11435.4 11462.2 11499.1 11525.9 11532.5 11523.2 11507.5 11525.2 11562.1 11581.9 11592.9 11596.8 11591 11581.6 11576.6 11570.1 11557 11541.8
11284.5 11287.7 11293.3 11295 11296.5 11298.8 11301.8 11306.3 11311.2 11332.3 11364.7 11357.1 11350.6 11349.9 11348.6 11346.4 11343.6 11343.4 11348.7 11353.4 11359.3 11368.3 11374.8 11380 11384.9 11390.2 11398.4 11405.3 11408.7 11412.6 11415.4 11412.5 11415.5 11424.4 11433.5 11441.7 11450.9 11460.2 11469.2 11480.4 11493.1 11503.3 11487.9 11470.4 11455.8 11441.2 11442.7 11431.3 11439.9 11459.3 11482.9 11530.1 11560.6 11578.3 11578.3 11556.9 11574.3 11603.6 11618.7 11633.9 11617.6 11619.9 11609 11592.5 11583.6 11571.4 11562.5
11289.5 11293.8 11297.8 11298.5 11300.5 11303.8 11308.8 11314.5 11318.7 11325.5 11335.4 11348.1 11348.4 11347.7 11346.7 11346.2 11345.6 11348.2 11353.2 11360.6 11369.3 11376.1 11382.6 11388.4 11393.4 11398.8 11407.4 11413.9 11419.3 11423.3 11425.6 11423.7 11427.6 11436.2 11446.9 11454.8 11464.4 11474.3 11486.6 11501.3 11516.9 11524.3 11514.2 11498.4 11485.4 11476 11473.2 11470.2 11490.4 11526.5 11548.5 11593.5 11613.4 11634.3 11659.4 11644.7 11641.6 11627.4 11636.3 11677.7 11712.8 11667.5 11620.1 11592.5 11580.4 11579.9 11586.4
11293.4 11293.1 11296.2 11300.2 11303.5 11307.5 11312.1 11319.3 11330.4 11336.2 11335.5 11340.7 11344.2 11345.6 11346.7 11347.5 11348.1 11350.4 11357 11366.5 11376.2 11383.8 11390.5 11397.5 11404.7 11412 11416.4 11419.9 11423.4 11428.2 11434.9 11446.2 11455.7 11457.4 11457.9 11463.1 11472.1 11483.5 11497 11512.3 11529.6 11539.2 11531.6 11520.4 11513.2 11510.2 11506.5 11509.3 11557 11659.8 11717.6 11677.4 11650.4 11657.7 11713.2 11805 11676.4 11602 11585.8 11635.5 11738.3 11643.5 11580.8 11555.7 11558.4 11574.4 11604.6
11297.3 11300.8 11297.5 11302.5 11306.8 11310.5 11315.3 11329.4 11334.5 11334.9 11339.2 11341.3 11344.6 11345.6 11348.5 11350.5 11351.8 11351.7 11359.6 11370.4 11381.7 11390.5 11397 11405 11414.5 11421.1 11428.8 11431.4 11433.8 11437.6 11443.8 11452.9 11462 11462.3 11463.8 11470.1 11480.3 11493.1 11505.9 11518.5 11532 11541.5 11540.3 11537.3 11536 11544.5 11563.3 11622.5 11707.6 11816.2 11827 11701.6 11621 11587.2 11602.6 11624.2 11556.9 11480.6 11452.4 11454 11461.7 11478.8 11473.4 11476.8 11501 11552.1 11616.6
11299.1 11299.9 11303.6 11306.9 11311 11314.5 11318.1 11322.8 11329.7 11330.4 11337.4 11338.3 11342.2 11346.3 11350.4 11354.1 11357.8 11360.3 11362.1 11373.2 11386.8 11395.4 11402 11410.4 11422.6 11444.3 11440.5 11436.8 11437 11439.3 11443.6 11448.8 11452.6 11451.9 11460.9 11470.4 11482 11494.5 11507.6 11519 11526.9 11537.5 11544.4 11546.7 11551 11559.3 11622.5 11751.3 11832.8 11817.4 11734.6 11615.6 11514.1 11436.2 11379.9 11346.5 11339.6 11297.3 11273.2 11245.9 11238.2 11293.4 11328.1 11361.9 11408.8 11467.1 11568.1
11302 11302.6 11307.7 11313.8 11319 11321.8 11322.6 11326.8 11332.5 11331.4 11333.9 11336.4 11341.6 11346.1 11350.7 11355.3 11360.3 11364.6 11362.8 11372.8 11386.2 11395 11402 11410.5 11420.9 11429.4 11433.5 11435.1 11436 11437.9 11440.3 11440.9 11440.7 11446.7 11457.8 11469.3 11481.3 11493.6 11507.9 11523.1 11540 11548.8 11553.6 11560.7 11568.2 11575.2 11644.7 11760.7 11774.7 11636.2 11546.3 11460.4 11360.8 11258.9 11158.3 11114.9 11127.2 11118.2 11107.3 11097 11102.5 11143.5 11190.6 11240.3 11283.1 11338.2 11399.7
11305.9 11307 11313.8 11322.6 11331.3 11337 11338.8 11348.5 11347.1 11345.7 11341.4 11340.4 11344.9 11348.8 11352.6 11356.1 11359 11358.4 11360.9 11369.7 11379.3 11388.5 11397.7 11407.2 11415.4 11420.8 11425.7 11430 11432.7 11434.8 11436.7 11437.1 11440.1 11445.5 11455.9 11466.2 11479.1 11493.6 11508.8 11526.3 11544.1 11558 11567 11580 11593 11607.9 11640.7 11659.8 11597.5 11445.7 11367.7 11298.1 11207.3 11102.6 10986.6 10944.9 10955.3 10961.1 10959.2 10972.8 10991.2 11015.3 11063.2 11112.9 11156.8 11188.8 11215.5
11308.7 11309.2 11319.3 11331.4 11344.8 11359.4 11372.5 11368.8 11361.4 11360 11357.2 11351.5 11349.9 11351.7 11354.4 11357 11358.7 11359.1 11362 11367.9 11373.7 11382.2 11394 11403.8 11411.1 11416.3 11421.1 11424.8 11428.1 11431.1 11433.5 11436.6 11438.9 11445.7 11452.5 11462.4 11475.4 11489.9 11508.3 11530.3 11554.7 11565 11578.7 11601.6 11628.3 11671.2 11634.2 11548.5 11420.7 11289.3 11223.5 11155.2 11074.9 10988.1 10907.2 10858.6 10846.1 10839.1 10822.3 10803.1 10833.1 10894.5 10952.3 11003.6 11044.7 11077.2 11099.5
11310.4 11314.7 11324.1 11336.9 11352.9 11370.9 11377.6 11371.2 11365.7 11360.6 11359.3 11353.6 11352.6 11353.8 11356 11358.3 11360 11361.1 11362.8 11369.6 11375.5 11383.2 11394.4 11402.7 11408.5 11412.6 11416.6 11420.1 11424 11427.4 11430.1 11433 11437.1 11440.9 11447.8 11458 11471 11487.2 11504 11523.6 11546.7 11563.4 11582.8 11613.8 11644.7 11711.6 11619 11474.3 11307.2 11206.7 11130 11052.1 10976.3 10898.7 10841.6 10795.2 10766.9 10750.5 10729.9 10708.5 10745 10799.5 10854.8 10905.6 10950.6 11001.1 11058
11314.4 11319 11327.2 11338.6 11353.3 11371.8 11380.7 11374.7 11365.3 11355.3 11353.1 11352.4 11353.7 11355.5 11357.9 11360.6 11363.3 11365.8 11368.5 11375.3 11383.7 11391.8 11399.9 11404.6 11407.4 11409.3 11411.2 11416.2 11420.9 11424.2 11426.6 11428.3 11429.3 11433.7 11443 11453.4 11466.2 11481.1 11496 11511.5 11528.3 11556.2 11584.1 11614.2 11663.2 11684 11588.5 11435.6 11262.5 11166 11062.1 10979.2 10898.2 10823 10751.4 10725.2 10703.2 10690.3 10681.4 10678.4 10702.9 10735.6 10775.8 10819.2 10864 10927 11005.8
11313.2 11320.5 11328.4 11337.5 11347 11358.2 11381.2 11377.1 11364.1 11352.1 11349.3 11352.8 11355.1 11357.9 11361 11364.3 11367.9 11371.3 11374.6 11382 11393.4 11408.1 11406.3 11406.7 11408.2 11408.6 11409 11415.4 11420.2 11422.9 11424.1 11424.8 11425.1 11430.4 11439.5 11448.6 11461 11475.5 11491.9 11506.9 11526.6 11556.6 11585.4 11605.8 11633.9 11667.5 11564.1 11423.1 11281.3 11161.9 11015.2 10918.4 10839.5 10768.7 10716.4 10680.3 10661 10653.6 10653.4 10663.7 10673.6 10691.6 10719.5 10748.8 10786.2 10831.6 10898.4
11321.2 11324.3 11329.4 11334.9 11339.4 11341.6 11360.4 11368.7 11361.8 11354 11351.4 11353.1 11356.7 11359.8 11363.5 11367.5 11372 11376.9 11379.9 11385.9 11394.9 11403.3 11405.5 11407.1 11409.4 11412 11414.8 11419 11421.9 11423.2 11423.8 11423.7 11423.4 11425 11430.9 11443 11457.2 11473.6 11493.9 11513.3 11534.3 11561.7 11589.8 11611.2 11635.9 11642.9 11530.4 11397.5 11267.4 11114.2 10959.4 10865.6 10790.5 10725.6 10677 10645.3 10630.2 10625.7 10628.4 10637.5 10644.9 10655.5 10672.8 10691 10713.5 10735.3 10774
11324 11327 11330.5 11334.1 11337.5 11340.8 11348.8 11357.6 11359.8 11356.3 11354 11356.2 11358.7 11361.5 11365.2 11369.8 11374.7 11380.4 11387.7 11387.6 11391.5 11395.7 11400.8 11405.4 11410.4 11415.8 11421.8 11425.3 11425.5 11424.9 11424.6 11424.3 11424 11424.2 11426.4 11441.4 11457.4 11478.2 11499.2 11518.6 11539.1 11561.8 11593.2 11625.9 11654.3 11598.7 11465 11334.6 11225.9 11055.5 10900.8 10821.5 10751.9 10688.7 10643.2 10612.4 10604.1 10603.6 10606.1 10607.7 10616.4 10620 10631.8 10645.4 10662.7 10682.5 10724.3
11326.4 11328.8 11332.1 11335.6 11339.4 11343 11344.7 11351.4 11356.7 11358 11351.7 11353 11357.4 11361.6 11365.7 11370.1 11374.9 11379.3 11381.9 11384.1 11387.2 11391.2 11396.5 11402.6 11409.9 11418.2 11427 11430.1 11428.2 11426.4 11425.3 11425.5 11426.9 11431.2 11433.6 11443.9 11461.5 11480.2 11497.6 11510.3 11527 11546.3 11574.4 11617.2 11611.5 11486.9 11354.4 11224.3 11099.7 10999.9 10883.4 10799.2 10726.8 10660.6 10614 10585.6 10576.5 10582.8 10597.6 10600.5 10594.3 10590.9 10597.7 10611 10630.4 10662.8 10707
11329.5 11331.4 11334.6 11338.2 11342 11343.8 11343.5 11348.5 11350.5 11350.6 11349.4 11350.9 11355.9 11361.5 11366.1 11370.5 11374.5 11377.4 11378.6 11379.1 11383.1 11387.1 11392.3 11399 11407.5 11416.8 11426.6 11430.8 11427.9 11425.9 11425.1 11425.5 11426.5 11432.2 11435.5 11445.1 11463.8 11480.8 11492.6 11495.2 11506.4 11511.1 11511.5 11507.2 11402.4 11314 11222 11108.8 10997.5 10975.3 10871.6 10784.8 10708.8 10645.7 10594.3 10559.5 10543.2 10549.9 10583.5 10587.8 10567.8 10560.7 10568 10583.7 10606.9 10643.6 10689.4
11330.8 11333.7 11337.1 11340.9 11344.7 11347.1 11348.9 11351 11351.1 11351.5 11352.5 11354.8 11359.2 11362.9 11366.9 11370.7 11374.1 11376.7 11378.4 11379.5 11381.5 11383 11386.9 11395.4 11403.7 11412 11419.6 11423.4 11423.4 11423.5 11423.8 11424.2 11424.4 11423.4 11428 11442.7 11466 11484.8 11497.9 11500.1 11492.3 11472.9 11433.4 11362.4 11242.8 11184.1 11113.6 11024.3 10935.1 10875.5 10834.8 10767.8 10685.2 10617.9 10562.2 10522.8 10501.7 10492.6 10498.7 10511.9 10520.6 10525.3 10540.5 10559 10584.9 10617.5 10668.7
11333 11335.3 11338.8 11343.1 11347.8 11352.8 11356 11357.2 11357.9 11358.1 11358.7 11360.4 11362.3 11364.7 11367.9 11371.2 11374.6 11377.6 11380.2 11383.1 11382.8 11383.1 11386.3 11393.8 11401 11406.6 11410.9 11414.6 11416.4 11419.3 11422.1 11423.9 11424.5 11424.4 11429.7 11446 11470.3 11492 11509.1 11510.5 11490.7 11451.7 11386.8 11293.5 11200.4 11121.2 11048 10970 10900 10843.5 10829.8 10756.9 10651.5 10550.9 10512.9 10485.5 10460.7 10433.8 10408.8 10435.2 10473.1 10503.6 10516.6 10538.9 10567.4 10602.1 10655.1
11335.5 11336.3 11339.7 11344.5 11350.8 11360.5 11362.4 11363.7 11364.9 11365.1 11365.2 11365.7 11364.9 11366.3 11369.3 11372.9 11376.4 11379.5 11381.8 11384 11384.8 11386.7 11389.5 11395.7 11400.1 11402.7 11402.8 11402.3 11409.6 11416.7 11421.9 11425.5 11427.8 11429 11434.3 11449.7 11473 11495.7 11515.3 11522.2 11499 11456.1 11383.7 11285 11184.2 11094.7 11019.9 10943.2 10868.3 10826.4 10810.2 10742.8 10627.3 10521.3 10488.5 10469.8 10444.5 10408.4 10377.4 10405.9 10448.2 10484.2 10499.6 10524.2 10552 10590 10646.3
11334.4 11335.4 11340.3 11345.4 11350.7 11359.2 11365.4 11368.7 11371.3 11370.9 11370.3 11368.4 11366.1 11367.8 11371.1 11374.9 11378.7 11382 11384.1 11385 11387.4 11392.2 11399.2 11399.4 11401 11402.5 11401.9 11400.7 11409.3 11417.5 11423.9 11429.6 11434.4 11438.3 11443.3 11454.8 11473.1 11492.6 11508.3 11519 11515.5 11487.8 11421.7 11301.8 11166.6 11088.6 11020.8 10956.8 10884.1 10817.2 10787.7 10734.3 10630.8 10533.1 10506.7 10487.6 10463.4 10428 10391.8 10422.3 10456.1 10485.5 10509.6 10510.1 10536 10577.6 10645.2
11336.5 11338.4 11342.5 11347.4 11352.5 11359.6 11366.9 11371.6 11374.7 11374.9 11374.7 11375.8 11370.4 11370.6 11374 11378.3 11382.8 11386.8 11389.5 11390.9 11392.9 11396.7 11396.5 11402.3 11404.7 11406.1 11407.6 11410.7 11416.2 11422.2 11428.6 11435.1 11442.4 11450.9 11459.7 11463.8 11474.6 11486.8 11497.5 11519.2 11542.9 11545.7 11507.5 11366.1 11195 11112 11039.8 10976.5 10896.4 10804.6 10764.3 10732.7 10664.5 10599 10555.3 10530.6 10514.5 10496.9 10477.6 10479.5 10489.4 10502.7 10499.3 10512.4 10529.5 10572.1 10645.4
