real_craters/C081-300m.grd
DSAA
198 198
-29.5575 29.5575
-29.5575 29.5575
10376.084146816 11861.836316203
[rows 0 to 29 of 198, columns 67 to 133 of 198]
11271.8 11273.2 11269.5 11263.2 11260.6 11258.2 11256.9 11256.5 11256.6 11256.9 11257.7 11262.1 11266.9 11271.6 11275.6 11278.6 11279.7 11278.2 11273.2 11268.5 11266 11265 11264.6 11264.7 11265.4 11267.7 11267.6 11268.9 11270.1 11272 11274.2 11276.1 11278.1 11280.1 11281.3 11282.6 11284.3 11285.5 11287.1 11288 11288.5 11290 11289.9 11291.9 11293.6 11295.4 11297.3 11299.4 11301.7 11304.4 11307.7 11313.1 11321.3 11330.9 11339.2 11345.8 11351.9 11357.8 11363.9 11369.9 11376.1 11382 11388.2 11395.1 11401.2 11407.1 11412.9
11269.1 11269 11265.4 11261.1 11259.8 11259 11258.3 11258.3 11259.1 11261.1 11264.3 11267.5 11272.2 11277 11281.7 11285 11286 11283.5 11274.4 11269.7 11268.3 11267.5 11267 11266.6 11266.4 11266.5 11268.4 11269.7 11271.3 11273.4 11275.5 11277.7 11279.9 11282.1 11284.1 11284.7 11285.3 11287.5 11288.6 11290 11290.3 11291.8 11292.7 11293.4 11295 11296.8 11298.6 11300.5 11302.5 11304.7 11307 11311.7 11318.6 11327.6 11336.1 11342.2 11348.7 11355.1 11361.7 11368.1 11374.4 11380.7 11387 11393.4 11399.7 11405.5 11411
11268 11267.5 11265.1 11262.5 11260.9 11260.9 11259.7 11259.9 11261.2 11263.8 11267.9 11271.8 11277.1 11282.9 11288.1 11292.3 11293.9 11290.3 11277.9 11273.4 11272.3 11271.1 11269.9 11269 11268.6 11268.6 11269.6 11271.2 11273 11275.1 11277.3 11279.4 11281.5 11283.4 11284.8 11286.4 11287.4 11288.2 11289.2 11291.3 11291.6 11292.7 11293.3 11294.9 11296.6 11298.3 11300 11301.8 11303.8 11306.1 11309 11312.9 11318 11323.8 11330.5 11338.1 11345.4 11352.5 11359.4 11366.2 11373 11379.5 11386 11392 11398.3 11404.4 11409.9
11267.5 11267.2 11265.2 11263.3 11261.3 11260.1 11260.5 11261.4 11262.9 11264.7 11268.7 11275 11281.4 11288 11294.4 11299.9 11303.4 11301 11285.8 11281.6 11278.4 11275.5 11273.2 11271.6 11271 11271.5 11271.7 11272.8 11274.7 11276.9 11279.2 11281.3 11283.4 11285.5 11286.9 11288.3 11289.5 11290.2 11291.1 11291.6 11292.8 11293.7 11294.7 11296.7 11298.4 11300 11301.7 11303.6 11305.6 11307.8 11310.6 11314 11317.5 11321.7 11327.5 11335.3 11342.9 11350.2 11357.3 11364.3 11371 11377.7 11384.4 11390.9 11397.2 11403.5 11409.3
11267.5 11267 11265.2 11262.4 11260.6 11260.8 11261.2 11263 11265.6 11267.8 11271.6 11278.6 11285.2 11292.3 11299.5 11306.4 11312.2 11313.3 11304.4 11293.1 11285.4 11280.1 11276.4 11273.8 11272.1 11271.8 11272.9 11274.4 11276.5 11278.7 11281.2 11283.6 11285.8 11288.1 11289.5 11290.5 11291.4 11292 11292.7 11293.3 11294.1 11295.1 11297.3 11298.6 11300.1 11301.7 11303.3 11305.3 11307.2 11309.3 11311.7 11314.6 11317.4 11321.2 11326.9 11334.1 11341.6 11348.8 11355.9 11363 11369.7 11376.1 11382.6 11389.1 11395.7 11402.3 11409
11268.3 11268.1 11265.9 11262.7 11261.1 11260.4 11261.6 11264.5 11268.5 11274.7 11278.6 11282.4 11288.2 11295.2 11302.7 11310.1 11316.7 11318.8 11313.6 11299.8 11290.2 11283.6 11279 11275.7 11273.7 11273.3 11274.3 11275.9 11278.1 11280.7 11283.3 11285.9 11288.3 11289.9 11291.6 11292.7 11293.3 11294 11294.1 11294.6 11295.2 11296.2 11299 11300.5 11301.9 11303.6 11305.3 11307 11308.8 11310.7 11312.7 11315.2 11318.7 11322.3 11327.8 11334.5 11341.4 11348.2 11355.2 11361.9 11368.1 11374.5 11380.8 11387 11393.5 11400.4 11407.7
11269.9 11268.6 11267.8 11266.7 11265 11263.2 11263.1 11265.4 11269.3 11275.1 11279.5 11283.8 11289.6 11296.5 11303.6 11310.6 11316.6 11315.4 11307.4 11299.4 11291.6 11285.4 11280.7 11277.4 11275.5 11275 11275.9 11277.6 11279.8 11282.5 11285.4 11288.4 11291.4 11293.8 11294.7 11295.1 11295.3 11295.4 11295.7 11296 11296.2 11297.3 11299.5 11301.9 11303.6 11305.4 11307.1 11308.9 11310.6 11312.4 11314.1 11316 11320.2 11323.5 11329.9 11335.7 11342 11348.5 11355 11361.5 11367.3 11373.2 11379.1 11384.9 11390.7 11396.9 11403.2
11270.3 11270 11270.4 11270.9 11269.6 11266.1 11264.5 11266.2 11268.4 11271.1 11277 11283.3 11289.7 11296.3 11302.5 11308.1 11312 11308.6 11301.6 11296.3 11290.8 11285.7 11281.5 11278.4 11276.3 11276.2 11277.3 11279.2 11281.4 11284.2 11287 11290.5 11294.1 11298 11297.4 11297.1 11297 11297.1 11297.3 11297.5 11297.9 11298.6 11301.2 11303.5 11305.5 11307.3 11309.2 11311 11312.8 11314.4 11316.2 11318.5 11322.3 11327.4 11332.9 11338.1 11344.1 11349.9 11355.6 11362.4 11368 11373.5 11378.8 11384.3 11388.9 11393 11396.7
11271.7 11272 11272.8 11273.9 11273.6 11270.4 11268.4 11268.3 11268.4 11269.8 11275.8 11283 11289.9 11295.9 11300.7 11304 11305.2 11302 11297.5 11293.3 11289.3 11285.4 11282 11279.3 11277.3 11277.5 11278.9 11280.7 11282.8 11285.6 11288.6 11292 11295.5 11298.2 11298.7 11298.6 11298.5 11298.6 11298.8 11299.1 11299.8 11301.4 11303.8 11305.6 11307.5 11309.6 11311.7 11313.6 11315.4 11317.2 11319 11321.2 11324.8 11330.3 11336.1 11341.2 11347.5 11353.2 11358.5 11365 11370.6 11375.4 11379.8 11383.9 11387.3 11389.8 11391.3
11273.3 11273.6 11274.2 11274.9 11275.9 11274.2 11272.2 11272.6 11270.7 11270.2 11276.6 11283.8 11290.5 11295.8 11299.3 11300.3 11298.9 11297.2 11294.3 11291 11288 11285.3 11282.9 11280.9 11279.6 11279.6 11280.5 11282.3 11284.5 11287.2 11290.3 11293.3 11296.2 11298.4 11299.1 11299.4 11299.5 11299.6 11299.9 11300.2 11301.4 11303 11305.6 11307.7 11310 11311.6 11313.4 11315.4 11318.1 11320 11322.2 11324.6 11328 11333.4 11339.4 11345.7 11351.9 11357.7 11363.3 11367.7 11372.1 11376.4 11380.1 11383.4 11386 11387.9 11389
11272.5 11272.9 11273.7 11274 11275.6 11278.9 11283.3 11280.2 11275.5 11274.4 11279.7 11286.4 11292.5 11297.4 11300 11299.3 11295.4 11293.1 11291.3 11289.3 11287.3 11285.4 11284 11282.9 11282.5 11282.2 11282.8 11284.2 11286.6 11288.9 11291.8 11294.3 11296.7 11298.5 11299.4 11299.8 11300.1 11300.5 11300.9 11302.1 11303.2 11305 11307.2 11309.6 11311.8 11314.3 11316.5 11318.3 11320.4 11323.2 11325.4 11328 11332 11337.6 11343 11349.7 11356 11361.6 11366.6 11370.8 11373.9 11377.6 11380.7 11383.6 11385.8 11387.6 11389
11270.6 11271.6 11272.6 11273.4 11274.6 11281.7 11291.7 11287.3 11281.3 11279.6 11284.4 11290.3 11296 11300.7 11303.5 11303.1 11298.4 11292.2 11290.3 11288.8 11287.4 11286 11285 11284.6 11284.9 11284.5 11285.3 11286.6 11288.6 11290.6 11293 11295.2 11297.4 11298.9 11300.5 11301.6 11302.5 11303.2 11303.7 11304 11304.8 11306.5 11308.9 11311.4 11314.3 11316.8 11319.3 11321.6 11324 11326.2 11328.8 11331.7 11336 11340.9 11346.7 11354.5 11360.8 11365.7 11369.7 11373 11376.3 11379.4 11381.8 11384.4 11386.6 11388.6 11390.7
11269 11270.5 11272.1 11273.1 11274.7 11281.7 11289.9 11289.7 11287.1 11287.1 11290 11295 11300.5 11305.5 11309.2 11310.8 11306.4 11295.5 11291.8 11289.8 11288.4 11287 11285.7 11284.8 11285.3 11286.2 11287.5 11289.1 11290.8 11292.4 11293.9 11295.9 11298.9 11300.1 11300.9 11302 11303.1 11304.1 11304.8 11305.4 11306 11308.1 11310.8 11313 11317.1 11319.3 11322 11324.6 11327.4 11330.1 11333 11336.4 11340.5 11346.1 11354 11361.7 11366.4 11369.8 11372.6 11375.4 11377.9 11380.5 11383.1 11385.4 11387.7 11390 11392.3
11268 11270 11272.5 11274.5 11277.4 11282.6 11287.3 11289.4 11290 11291.8 11295.2 11299.9 11305.3 11310.7 11315.2 11317.2 11311.4 11299.2 11294.3 11291.8 11290.4 11289.1 11287.4 11285.4 11286 11288.5 11290.3 11291.9 11293.1 11294.4 11295 11295.7 11297.5 11299.2 11301 11302.1 11303.4 11304.6 11305.8 11306.8 11308 11310.3 11315.2 11320.4 11321.4 11321.8 11324.1 11326.9 11330 11333.4 11337.2 11341.3 11345.1 11354.7 11366.7 11371 11372.6 11373.8 11375.4 11377.3 11379.5 11381.7 11383.8 11386 11388.5 11391 11393.6
11262.5 11266.6 11270.4 11275 11280.2 11284.8 11287.8 11290.6 11292.4 11295.6 11299.6 11304.1 11309.4 11315 11320.2 11322.2 11313.8 11301.8 11296.9 11294.6 11293.4 11292.6 11291.6 11290.7 11291 11292.9 11294.4 11295.6 11296.4 11296.9 11296.7 11295.6 11294.2 11297.8 11300.9 11303.3 11305 11306.5 11307.9 11309 11309.7 11310.1 11313.9 11325.2 11319.4 11322.2 11326.3 11330.1 11333.5 11337.5 11341.9 11347.4 11355.4 11365.9 11379.2 11377.7 11376.8 11376.7 11377.5 11378.6 11380.2 11381.8 11383.7 11385.9 11388.5 11391.4 11394.6
11265 11268.6 11271.8 11276.3 11281.3 11286 11290.4 11294.5 11297.1 11299.8 11303.1 11307.1 11311.6 11316.9 11323 11328.1 11316.6 11303.1 11299.2 11297.7 11297.3 11297.3 11297 11296.9 11297.4 11298.4 11299.3 11300.1 11300.7 11300.8 11300.1 11298.6 11296.1 11300.2 11303.3 11305.5 11307.3 11308.8 11310.2 11311.3 11311.5 11307.4 11298.6 11283.2 11309.1 11322.4 11328.7 11332.7 11336.3 11340.4 11345.5 11352.2 11362.2 11371.7 11377.9 11378.2 11377.9 11378 11378.4 11379.2 11380.2 11381.7 11382.9 11385.4 11388.1 11391.1 11395.2
11267.4 11270.6 11273.3 11277.5 11281.8 11286.5 11291.8 11297 11300.5 11303.3 11306 11308.6 11311.8 11315.5 11319.7 11323.4 11313.5 11303.9 11301.5 11301.1 11301.8 11302.8 11303.3 11302.9 11303.8 11304 11304.4 11304.8 11305.1 11305.4 11305.6 11305.7 11306.1 11306.3 11307.6 11309 11310.5 11311.6 11312.7 11313.8 11314 11309.3 11302 11298.7 11321.1 11328.7 11332.3 11334.9 11338 11341.9 11347.4 11355 11363.9 11371.8 11373.4 11374.4 11375.8 11377.6 11378.1 11378.9 11379.7 11381.3 11382.6 11384.7 11387.2 11390.1 11393.2
11268.8 11271.9 11274.9 11278.6 11281.8 11285.3 11292.9 11300.2 11303.8 11306.3 11308.2 11309.8 11311.2 11311.8 11312 11309.9 11306.1 11303.8 11303.8 11304.6 11306.4 11308.8 11311.3 11312.3 11311.5 11310.2 11309.7 11309.6 11309.8 11310.5 11311.7 11313.4 11314 11313 11312.8 11313.4 11313.9 11314.3 11314.9 11315.6 11315.6 11315 11316.9 11330.3 11339.8 11336.1 11335.4 11336.5 11338.5 11341.9 11346.9 11354.6 11368.8 11374.7 11369 11370.5 11373.5 11376 11377.1 11377.7 11379 11380.7 11382.5 11384.3 11386.2 11388.1 11389.4
11272.9 11275.4 11277.7 11281.1 11283.3 11287 11295.9 11304.2 11307.2 11309.2 11310.3 11310.9 11310.7 11309.3 11306.4 11303 11304.9 11305.7 11306.7 11308.1 11310.4 11313.8 11318.9 11322.1 11318.3 11315.7 11314.5 11314.4 11314.5 11315.2 11316.8 11319.7 11320.4 11318.4 11317.5 11317 11316.9 11317 11316.9 11317.5 11318.3 11319.7 11324.1 11331.9 11336.8 11336.8 11336 11336.7 11338.2 11340.7 11344.3 11349.2 11359.1 11365.9 11366.3 11369.6 11372 11374 11375.7 11376.4 11378.1 11379.9 11381.3 11383.1 11384.4 11385.7 11386.2
11276.5 11279 11280.9 11283.8 11286.9 11291.8 11300.2 11309.9 11311.3 11312.4 11312.8 11312.5 11311.3 11308.9 11305.3 11303.4 11308.1 11309 11310.1 11311.5 11313.4 11316.1 11319.9 11323 11320.7 11319.2 11318.5 11318.3 11318.6 11319.1 11319.9 11321.4 11322.1 11322 11321.3 11320.7 11320.3 11319.9 11319.4 11318.9 11319.5 11321.8 11325.2 11330 11333.8 11333.8 11334.2 11335.4 11336.5 11338.5 11341.2 11344.2 11350.3 11356.8 11365.1 11370.3 11370.1 11371 11372.9 11374.8 11376.9 11378.3 11380.3 11382.1 11383.4 11384.6 11385.1
11281.5 11285.1 11286 11287.6 11290.4 11292.7 11301.5 11311.8 11315.1 11315.4 11315.7 11315.4 11313.9 11311.4 11308.6 11308 11311.5 11313 11313.9 11314.9 11315.8 11316.6 11316.8 11318.3 11320.4 11321.3 11321.7 11322 11322.3 11322.3 11321.9 11321.9 11323 11324.2 11324.7 11325.2 11324.8 11324.1 11322.8 11321.1 11321.2 11323.3 11324.5 11324.3 11326 11328.7 11331.1 11332.9 11334.2 11335.8 11338 11343 11346.8 11353.3 11363.3 11366.4 11365.8 11366.5 11368.7 11371.7 11374.3 11376.3 11378.5 11380.8 11382.5 11384.1 11385.4
11287.8 11291.8 11291.9 11292.3 11294.2 11292.9 11302.3 11314.1 11316.2 11318 11319.5 11319.8 11318.7 11316.4 11313.9 11314 11316.5 11317.7 11318.4 11318.8 11318.5 11318.2 11317.8 11319.1 11321.8 11323.8 11325.2 11326 11326.3 11325.5 11324.5 11323.7 11325.3 11327.2 11328.4 11329.2 11328.9 11328.2 11327.4 11326.7 11326.4 11326.7 11326.3 11324.1 11321.6 11326.1 11329.8 11331.7 11332.3 11332.8 11333.9 11337.9 11342.8 11350.2 11357.8 11359.1 11359.6 11361.9 11364.4 11368.4 11371.5 11375 11377.9 11381 11382.9 11384.8 11386.4
11295.5 11295.5 11296 11296.6 11298.9 11297.7 11307.1 11319.3 11316.6 11321.8 11325.1 11326.3 11325.9 11323.7 11320.4 11319.7 11322.2 11323.7 11324 11323.5 11322.5 11321.8 11321.6 11322.6 11324.9 11327.3 11329.3 11330.7 11330.9 11330.6 11328.9 11325.8 11329.4 11332.3 11333.7 11334.4 11334 11333.7 11332.9 11333 11332.8 11332.4 11332.1 11331.6 11330.5 11330.3 11331.8 11332.4 11332.5 11332 11330.8 11331.1 11339.7 11344.8 11349.5 11349.4 11353.1 11357.8 11361.9 11367.4 11371.1 11374.7 11377.5 11380.9 11383 11385.4 11387.9
11299 11299.8 11300.3 11301.8 11304.3 11304.5 11313.1 11322.8 11322.6 11329.5 11333.1 11334.8 11335.4 11334.3 11331.4 11330.1 11331.6 11332.2 11331.4 11329.7 11327.8 11326.1 11325.7 11326.5 11328.7 11331.3 11334.1 11336.1 11337.7 11338.4 11337.3 11335.2 11337.6 11339.3 11340.1 11340.5 11340.4 11340.1 11338.9 11337.7 11338.6 11339.6 11340 11340.4 11340.2 11338.4 11336.8 11336.2 11335.3 11334.2 11333.2 11335.2 11344.9 11350.8 11351.6 11346.8 11351.5 11357 11362.3 11367.2 11371.9 11375 11377.8 11380.6 11383.1 11385.8 11388.9
11304.8 11305.8 11306.8 11308.6 11312.3 11313 11322.7 11333.7 11340.7 11341.4 11342.6 11344.3 11346.3 11347.9 11348.2 11348.3 11345.5 11342.9 11340.4 11337.5 11334.2 11330.3 11328.5 11330.4 11333.8 11337 11340.1 11342.8 11345.7 11348.3 11350.1 11348.8 11348.8 11347.8 11347.4 11347.2 11347.2 11347.2 11346.4 11344.4 11346.3 11347.7 11348.2 11348.5 11348.2 11346.2 11343.2 11341.4 11340.3 11340 11341.4 11347.7 11358.7 11368.8 11368.1 11359 11357.7 11361.7 11366.3 11370.3 11374.1 11376.5 11378.7 11381.2 11383.4 11385.8 11388.6
11309.3 11310.3 11311.7 11314.8 11319.8 11322.8 11337.3 11350.1 11353.5 11350.9 11350.7 11352.6 11356.2 11360.9 11365.3 11362.1 11357.1 11353.2 11349.8 11346.5 11342.6 11336.7 11332.2 11336.4 11340.5 11343.5 11346.3 11349.1 11352.6 11357.5 11364.9 11366.7 11359.5 11355.4 11353.5 11353 11353.6 11355.1 11357.2 11357.4 11357.2 11356.9 11356.9 11356.7 11355.1 11351.7 11349.4 11348.6 11347.8 11347.4 11350.2 11359.7 11374.6 11389.6 11389.7 11374.8 11368.2 11370.1 11373.4 11376.4 11378.3 11379.9 11381.1 11382.2 11383.4 11385.3 11388.1
11314.4 11315.3 11316.7 11321 11323.5 11327.4 11342.8 11349.2 11352 11352.7 11354.6 11358 11362.5 11368.1 11373 11369 11365.3 11361.5 11358.4 11355.8 11353.5 11350.4 11347 11347.9 11349.2 11350.4 11352 11354.1 11356.9 11361.6 11368.8 11370 11364 11359.9 11357.5 11356.9 11358.1 11361.4 11367.9 11372.1 11367.2 11365.1 11364.6 11364.9 11364.3 11358.5 11357.1 11357.3 11356.8 11356.7 11358.2 11370.3 11388.8 11405.3 11407 11389.3 11380.9 11382.4 11384.1 11385.4 11385.7 11385.7 11385.2 11384.8 11384.1 11384.6 11385.9
11319.5 11319.9 11320.8 11323.7 11325.2 11326.9 11335.2 11341.2 11344.8 11349.7 11355.1 11360.3 11365.5 11370.2 11373.7 11375.3 11371 11367.4 11365.1 11363.8 11364.1 11366.2 11365.8 11361 11358.5 11357.8 11357.6 11357.9 11358.5 11360.1 11362.4 11363.7 11362.5 11360.6 11359.3 11359 11359.8 11362.5 11368 11372.2 11370.3 11369.8 11370.4 11372.2 11372.8 11367.6 11367.1 11367.3 11368.2 11368.7 11370.4 11383.3 11401.1 11417.9 11424.2 11407.4 11398.3 11398.5 11397.2 11395.6 11393.9 11392.2 11390.1 11388.2 11386 11384.6 11384.1
11321.9 11322.3 11322.9 11324.2 11324.7 11324.1 11328.3 11333.6 11338.7 11347.1 11355 11361 11366.2 11370.4 11373.6 11374.8 11372.8 11370.4 11369.2 11369.2 11370.8 11374 11373.7 11369.3 11365.8 11364 11362.5 11361.3 11359.4 11357 11355 11357.2 11359.8 11360.6 11360.5 11360 11359.6 11359.4 11359.6 11363 11367.7 11370.3 11373.8 11378 11381.6 11380 11379 11379.2 11381 11383.6 11386.8 11397.6 11411.1 11424.5 11433.1 11426.9 11422.4 11416.6 11411.2 11407.1 11402.9 11399.6 11396.2 11392.9 11389.3 11386.1 11385.2
11324.3 11324.5 11324.6 11325.1 11324.6 11323 11326.6 11333.2 11342.5 11350.3 11355.6 11361.1 11366.1 11369.7 11371.2 11371.5 11371.6 11371.1 11370.9 11371.8 11373.6 11375.3 11375.5 11373.5 11371.1 11369.2 11367.6 11365.6 11362.3 11356.8 11350.7 11355.3 11359.9 11361.9 11362.1 11361.3 11359.3 11356.9 11353.7 11357.4 11364.3 11370.1 11375.6 11381.4 11388.4 11392.7 11389.2 11389 11392.6 11398.9 11406.2 11410.8 11417.5 11424.6 11429.5 11435.1 11438.6 11430.5 11423.2 11417.7 11413.1 11408.8 11404.3 11399.5 11394.5 11389.7 11387.7
