real_craters/C081-750m.grd
DSAA
80 80
-29.5575 29.5575
-29.5575 29.5575
10381.16915366 11866.128297379
[rows 25 to 49 of 80, columns 0 to 56 of 80]
1.128e+004 1.128e+004 1.128e+004 1.129e+004 1.129e+004 1.129e+004 1.131e+004 1.137e+004 1.136e+004 1.135e+004 1.135e+004 1.134e+004 1.135e+004 1.135e+004 1.136e+004 1.137e+004 1.138e+004 1.139e+004 1.139e+004 1.14e+004 1.138e+004 1.132e+004 1.137e+004 1.14e+004 1.142e+004 1.142e+004 1.142e+004 1.14e+004 1.139e+004 1.14e+004 1.141e+004 1.141e+004 1.141e+004 1.145e+004 1.148e+004 1.15e+004 1.149e+004 1.148e+004 1.151e+004 1.152e+004 1.152e+004 1.152e+004 1.153e+004 1.154e+004 1.153e+004 1.152e+004 1.151e+004 1.149e+004 1.148e+004 1.148e+004 1.148e+004 1.148e+004 1.148e+004 1.149e+004 1.15e+004 1.15e+004 1.15e+004
1.128e+004 1.128e+004 1.129e+004 1.129e+004 1.129e+004 1.13e+004 1.134e+004 1.133e+004 1.135e+004 1.135e+004 1.135e+004 1.134e+004 1.135e+004 1.135e+004 1.136e+004 1.137e+004 1.138e+004 1.139e+004 1.14e+004 1.14e+004 1.141e+004 1.143e+004 1.142e+004 1.142e+004 1.143e+004 1.144e+004 1.145e+004 1.145e+004 1.144e+004 1.143e+004 1.142e+004 1.142e+004 1.141e+004 1.144e+004 1.149e+004 1.153e+004 1.152e+004 1.15e+004 1.155e+004 1.158e+004 1.159e+004 1.158e+004 1.157e+004 1.156e+004 1.154e+004 1.151e+004 1.151e+004 1.15e+004 1.149e+004 1.149e+004 1.15e+004 1.15e+004 1.15e+004 1.151e+004 1.151e+004 1.151e+004 1.151e+004
1.129e+004 1.129e+004 1.13e+004 1.13e+004 1.13e+004 1.131e+004 1.133e+004 1.137e+004 1.135e+004 1.135e+004 1.135e+004 1.134e+004 1.135e+004 1.136e+004 1.137e+004 1.138e+004 1.139e+004 1.14e+004 1.141e+004 1.141e+004 1.142e+004 1.141e+004 1.143e+004 1.144e+004 1.145e+004 1.147e+004 1.149e+004 1.151e+004 1.15e+004 1.148e+004 1.145e+004 1.145e+004 1.145e+004 1.148e+004 1.154e+004 1.158e+004 1.16e+004 1.157e+004 1.161e+004 1.163e+004 1.165e+004 1.163e+004 1.16e+004 1.158e+004 1.156e+004 1.154e+004 1.153e+004 1.151e+004 1.15e+004 1.151e+004 1.151e+004 1.152e+004 1.152e+004 1.152e+004 1.152e+004 1.151e+004 1.151e+004
1.129e+004 1.13e+004 1.13e+004 1.13e+004 1.131e+004 1.132e+004 1.133e+004 1.134e+004 1.134e+004 1.135e+004 1.135e+004 1.135e+004 1.136e+004 1.137e+004 1.138e+004 1.139e+004 1.14e+004 1.141e+004 1.142e+004 1.143e+004 1.143e+004 1.145e+004 1.145e+004 1.146e+004 1.147e+004 1.149e+004 1.151e+004 1.153e+004 1.153e+004 1.151e+004 1.151e+004 1.15e+004 1.153e+004 1.166e+004 1.167e+004 1.165e+004 1.17e+004 1.176e+004 1.163e+004 1.161e+004 1.175e+004 1.164e+004 1.157e+004 1.157e+004 1.159e+004 1.16e+004 1.156e+004 1.152e+004 1.152e+004 1.153e+004 1.152e+004 1.152e+004 1.153e+004 1.153e+004 1.153e+004 1.152e+004 1.152e+004
1.13e+004 1.13e+004 1.13e+004 1.131e+004 1.132e+004 1.133e+004 1.133e+004 1.134e+004 1.134e+004 1.135e+004 1.135e+004 1.135e+004 1.136e+004 1.138e+004 1.139e+004 1.14e+004 1.142e+004 1.143e+004 1.143e+004 1.144e+004 1.144e+004 1.146e+004 1.146e+004 1.146e+004 1.148e+004 1.15e+004 1.152e+004 1.153e+004 1.154e+004 1.154e+004 1.155e+004 1.161e+004 1.174e+004 1.187e+004 1.171e+004 1.158e+004 1.154e+004 1.153e+004 1.144e+004 1.139e+004 1.138e+004 1.142e+004 1.144e+004 1.148e+004 1.159e+004 1.165e+004 1.16e+004 1.158e+004 1.157e+004 1.157e+004 1.156e+004 1.155e+004 1.154e+004 1.154e+004 1.153e+004 1.153e+004 1.153e+004
1.13e+004 1.13e+004 1.131e+004 1.132e+004 1.132e+004 1.133e+004 1.133e+004 1.133e+004 1.134e+004 1.135e+004 1.135e+004 1.136e+004 1.136e+004 1.138e+004 1.14e+004 1.141e+004 1.142e+004 1.143e+004 1.144e+004 1.144e+004 1.144e+004 1.144e+004 1.145e+004 1.146e+004 1.148e+004 1.15e+004 1.152e+004 1.154e+004 1.155e+004 1.156e+004 1.157e+004 1.168e+004 1.182e+004 1.164e+004 1.151e+004 1.136e+004 1.122e+004 1.116e+004 1.115e+004 1.113e+004 1.111e+004 1.118e+004 1.125e+004 1.132e+004 1.142e+004 1.151e+004 1.157e+004 1.162e+004 1.164e+004 1.162e+004 1.158e+004 1.156e+004 1.155e+004 1.154e+004 1.154e+004 1.153e+004 1.153e+004
1.131e+004 1.131e+004 1.133e+004 1.134e+004 1.135e+004 1.135e+004 1.135e+004 1.134e+004 1.135e+004 1.135e+004 1.136e+004 1.136e+004 1.136e+004 1.137e+004 1.139e+004 1.14e+004 1.141e+004 1.142e+004 1.143e+004 1.143e+004 1.144e+004 1.144e+004 1.144e+004 1.146e+004 1.148e+004 1.15e+004 1.152e+004 1.155e+004 1.157e+004 1.159e+004 1.162e+004 1.164e+004 1.157e+004 1.137e+004 1.127e+004 1.114e+004 1.098e+004 1.091e+004 1.092e+004 1.091e+004 1.094e+004 1.099e+004 1.106e+004 1.113e+004 1.116e+004 1.129e+004 1.147e+004 1.168e+004 1.172e+004 1.165e+004 1.16e+004 1.157e+004 1.155e+004 1.154e+004 1.154e+004 1.154e+004 1.154e+004
1.131e+004 1.132e+004 1.134e+004 1.136e+004 1.138e+004 1.137e+004 1.136e+004 1.136e+004 1.135e+004 1.135e+004 1.136e+004 1.136e+004 1.136e+004 1.137e+004 1.138e+004 1.14e+004 1.141e+004 1.141e+004 1.142e+004 1.143e+004 1.143e+004 1.143e+004 1.144e+004 1.145e+004 1.147e+004 1.149e+004 1.152e+004 1.156e+004 1.158e+004 1.162e+004 1.171e+004 1.159e+004 1.135e+004 1.12e+004 1.109e+004 1.097e+004 1.087e+004 1.08e+004 1.077e+004 1.074e+004 1.074e+004 1.083e+004 1.091e+004 1.098e+004 1.105e+004 1.116e+004 1.132e+004 1.145e+004 1.159e+004 1.162e+004 1.161e+004 1.158e+004 1.155e+004 1.155e+004 1.155e+004 1.155e+004 1.155e+004
1.131e+004 1.132e+004 1.134e+004 1.136e+004 1.138e+004 1.137e+004 1.135e+004 1.135e+004 1.135e+004 1.136e+004 1.136e+004 1.137e+004 1.137e+004 1.138e+004 1.14e+004 1.14e+004 1.141e+004 1.141e+004 1.141e+004 1.142e+004 1.143e+004 1.143e+004 1.143e+004 1.145e+004 1.146e+004 1.148e+004 1.151e+004 1.154e+004 1.158e+004 1.163e+004 1.167e+004 1.154e+004 1.129e+004 1.112e+004 1.098e+004 1.086e+004 1.075e+004 1.071e+004 1.068e+004 1.067e+004 1.069e+004 1.073e+004 1.079e+004 1.086e+004 1.095e+004 1.104e+004 1.115e+004 1.125e+004 1.143e+004 1.156e+004 1.163e+004 1.16e+004 1.156e+004 1.155e+004 1.156e+004 1.156e+004 1.156e+004
1.132e+004 1.133e+004 1.134e+004 1.134e+004 1.136e+004 1.137e+004 1.135e+004 1.135e+004 1.136e+004 1.136e+004 1.137e+004 1.137e+004 1.138e+004 1.139e+004 1.14e+004 1.141e+004 1.141e+004 1.141e+004 1.142e+004 1.142e+004 1.142e+004 1.142e+004 1.143e+004 1.144e+004 1.146e+004 1.148e+004 1.151e+004 1.154e+004 1.158e+004 1.161e+004 1.166e+004 1.15e+004 1.13e+004 1.107e+004 1.09e+004 1.078e+004 1.069e+004 1.065e+004 1.063e+004 1.064e+004 1.065e+004 1.067e+004 1.07e+004 1.073e+004 1.077e+004 1.09e+004 1.101e+004 1.112e+004 1.133e+004 1.151e+004 1.164e+004 1.164e+004 1.16e+004 1.158e+004 1.157e+004 1.157e+004 1.156e+004
1.132e+004 1.133e+004 1.133e+004 1.134e+004 1.135e+004 1.136e+004 1.136e+004 1.135e+004 1.136e+004 1.136e+004 1.137e+004 1.138e+004 1.139e+004 1.139e+004 1.139e+004 1.14e+004 1.141e+004 1.142e+004 1.143e+004 1.143e+004 1.142e+004 1.142e+004 1.143e+004 1.143e+004 1.145e+004 1.149e+004 1.151e+004 1.154e+004 1.159e+004 1.164e+004 1.16e+004 1.14e+004 1.122e+004 1.099e+004 1.083e+004 1.072e+004 1.064e+004 1.06e+004 1.06e+004 1.06e+004 1.061e+004 1.061e+004 1.063e+004 1.066e+004 1.07e+004 1.08e+004 1.092e+004 1.102e+004 1.119e+004 1.145e+004 1.166e+004 1.168e+004 1.163e+004 1.16e+004 1.158e+004 1.157e+004 1.157e+004
1.133e+004 1.133e+004 1.134e+004 1.134e+004 1.134e+004 1.135e+004 1.135e+004 1.135e+004 1.136e+004 1.136e+004 1.137e+004 1.138e+004 1.138e+004 1.138e+004 1.139e+004 1.14e+004 1.141e+004 1.142e+004 1.143e+004 1.143e+004 1.143e+004 1.143e+004 1.143e+004 1.144e+004 1.146e+004 1.149e+004 1.15e+004 1.151e+004 1.153e+004 1.154e+004 1.137e+004 1.122e+004 1.104e+004 1.095e+004 1.081e+004 1.069e+004 1.061e+004 1.056e+004 1.056e+004 1.06e+004 1.058e+004 1.057e+004 1.058e+004 1.062e+004 1.068e+004 1.076e+004 1.086e+004 1.094e+004 1.111e+004 1.141e+004 1.173e+004 1.171e+004 1.164e+004 1.16e+004 1.158e+004 1.157e+004 1.156e+004
1.133e+004 1.134e+004 1.134e+004 1.135e+004 1.135e+004 1.135e+004 1.135e+004 1.135e+004 1.136e+004 1.137e+004 1.137e+004 1.138e+004 1.138e+004 1.138e+004 1.138e+004 1.139e+004 1.14e+004 1.141e+004 1.142e+004 1.142e+004 1.142e+004 1.142e+004 1.142e+004 1.143e+004 1.146e+004 1.149e+004 1.15e+004 1.148e+004 1.143e+004 1.13e+004 1.117e+004 1.107e+004 1.094e+004 1.086e+004 1.078e+004 1.065e+004 1.056e+004 1.05e+004 1.048e+004 1.047e+004 1.05e+004 1.052e+004 1.055e+004 1.059e+004 1.065e+004 1.074e+004 1.081e+004 1.089e+004 1.103e+004 1.133e+004 1.167e+004 1.171e+004 1.164e+004 1.159e+004 1.157e+004 1.156e+004 1.155e+004
1.134e+004 1.134e+004 1.134e+004 1.135e+004 1.136e+004 1.136e+004 1.136e+004 1.136e+004 1.136e+004 1.137e+004 1.137e+004 1.138e+004 1.138e+004 1.138e+004 1.139e+004 1.139e+004 1.14e+004 1.14e+004 1.14e+004 1.141e+004 1.142e+004 1.143e+004 1.143e+004 1.144e+004 1.147e+004 1.15e+004 1.152e+004 1.148e+004 1.14e+004 1.125e+004 1.112e+004 1.1e+004 1.088e+004 1.082e+004 1.077e+004 1.06e+004 1.049e+004 1.046e+004 1.042e+004 1.038e+004 1.044e+004 1.05e+004 1.052e+004 1.056e+004 1.063e+004 1.072e+004 1.082e+004 1.09e+004 1.099e+004 1.125e+004 1.153e+004 1.165e+004 1.169e+004 1.158e+004 1.156e+004 1.156e+004 1.155e+004
1.133e+004 1.134e+004 1.135e+004 1.135e+004 1.137e+004 1.137e+004 1.137e+004 1.137e+004 1.137e+004 1.137e+004 1.138e+004 1.138e+004 1.139e+004 1.139e+004 1.139e+004 1.14e+004 1.14e+004 1.14e+004 1.14e+004 1.141e+004 1.142e+004 1.143e+004 1.144e+004 1.145e+004 1.147e+004 1.15e+004 1.152e+004 1.152e+004 1.145e+004 1.125e+004 1.111e+004 1.101e+004 1.091e+004 1.08e+004 1.075e+004 1.061e+004 1.052e+004 1.049e+004 1.045e+004 1.041e+004 1.046e+004 1.049e+004 1.051e+004 1.054e+004 1.062e+004 1.074e+004 1.084e+004 1.095e+004 1.108e+004 1.122e+004 1.141e+004 1.157e+004 1.167e+004 1.16e+004 1.158e+004 1.157e+004 1.156e+004
1.134e+004 1.134e+004 1.135e+004 1.136e+004 1.137e+004 1.137e+004 1.138e+004 1.138e+004 1.137e+004 1.137e+004 1.138e+004 1.139e+004 1.14e+004 1.14e+004 1.14e+004 1.141e+004 1.141e+004 1.141e+004 1.142e+004 1.142e+004 1.143e+004 1.144e+004 1.145e+004 1.146e+004 1.147e+004 1.149e+004 1.152e+004 1.158e+004 1.16e+004 1.137e+004 1.117e+004 1.103e+004 1.09e+004 1.077e+004 1.074e+004 1.068e+004 1.06e+004 1.057e+004 1.056e+004 1.055e+004 1.052e+004 1.052e+004 1.051e+004 1.054e+004 1.063e+004 1.075e+004 1.089e+004 1.102e+004 1.117e+004 1.123e+004 1.132e+004 1.151e+004 1.162e+004 1.162e+004 1.16e+004 1.158e+004 1.157e+004
1.134e+004 1.135e+004 1.136e+004 1.137e+004 1.137e+004 1.138e+004 1.138e+004 1.138e+004 1.137e+004 1.138e+004 1.139e+004 1.14e+004 1.141e+004 1.142e+004 1.141e+004 1.141e+004 1.141e+004 1.142e+004 1.142e+004 1.143e+004 1.144e+004 1.145e+004 1.146e+004 1.147e+004 1.148e+004 1.149e+004 1.153e+004 1.163e+004 1.17e+004 1.151e+004 1.126e+004 1.106e+004 1.09e+004 1.078e+004 1.074e+004 1.07e+004 1.065e+004 1.062e+004 1.063e+004 1.062e+004 1.057e+004 1.056e+004 1.053e+004 1.056e+004 1.065e+004 1.078e+004 1.092e+004 1.106e+004 1.117e+004 1.123e+004 1.135e+004 1.15e+004 1.161e+004 1.163e+004 1.161e+004 1.159e+004 1.158e+004
1.136e+004 1.136e+004 1.136e+004 1.137e+004 1.138e+004 1.138e+004 1.138e+004 1.138e+004 1.138e+004 1.138e+004 1.139e+004 1.141e+004 1.142e+004 1.143e+004 1.142e+004 1.142e+004 1.142e+004 1.142e+004 1.143e+004 1.144e+004 1.144e+004 1.145e+004 1.147e+004 1.148e+004 1.149e+004 1.15e+004 1.155e+004 1.163e+004 1.17e+004 1.159e+004 1.135e+004 1.114e+004 1.096e+004 1.082e+004 1.074e+004 1.071e+004 1.067e+004 1.063e+004 1.058e+004 1.058e+004 1.059e+004 1.059e+004 1.06e+004 1.06e+004 1.07e+004 1.084e+004 1.097e+004 1.109e+004 1.119e+004 1.13e+004 1.146e+004 1.156e+004 1.162e+004 1.162e+004 1.16e+004 1.159e+004 1.159e+004
1.138e+004 1.136e+004 1.137e+004 1.137e+004 1.138e+004 1.138e+004 1.138e+004 1.138e+004 1.138e+004 1.139e+004 1.14e+004 1.141e+004 1.142e+004 1.143e+004 1.142e+004 1.142e+004 1.142e+004 1.142e+004 1.143e+004 1.144e+004 1.144e+004 1.146e+004 1.147e+004 1.148e+004 1.149e+004 1.152e+004 1.155e+004 1.159e+004 1.162e+004 1.161e+004 1.14e+004 1.12e+004 1.105e+004 1.094e+004 1.083e+004 1.074e+004 1.072e+004 1.068e+004 1.062e+004 1.061e+004 1.062e+004 1.063e+004 1.065e+004 1.069e+004 1.078e+004 1.09e+004 1.103e+004 1.116e+004 1.129e+004 1.144e+004 1.159e+004 1.163e+004 1.163e+004 1.161e+004 1.159e+004 1.159e+004 1.159e+004
1.135e+004 1.136e+004 1.136e+004 1.137e+004 1.138e+004 1.139e+004 1.139e+004 1.139e+004 1.139e+004 1.139e+004 1.14e+004 1.141e+004 1.142e+004 1.142e+004 1.142e+004 1.142e+004 1.142e+004 1.142e+004 1.142e+004 1.143e+004 1.144e+004 1.145e+004 1.147e+004 1.148e+004 1.149e+004 1.15e+004 1.153e+004 1.156e+004 1.159e+004 1.156e+004 1.143e+004 1.122e+004 1.112e+004 1.108e+004 1.104e+004 1.091e+004 1.083e+004 1.077e+004 1.075e+004 1.071e+004 1.07e+004 1.069e+004 1.068e+004 1.075e+004 1.085e+004 1.098e+004 1.113e+004 1.128e+004 1.144e+004 1.162e+004 1.171e+004 1.168e+004 1.163e+004 1.159e+004 1.159e+004 1.159e+004 1.159e+004
1.135e+004 1.135e+004 1.136e+004 1.137e+004 1.139e+004 1.14e+004 1.14e+004 1.14e+004 1.14e+004 1.14e+004 1.14e+004 1.141e+004 1.141e+004 1.141e+004 1.141e+004 1.141e+004 1.141e+004 1.142e+004 1.142e+004 1.143e+004 1.144e+004 1.146e+004 1.147e+004 1.148e+004 1.149e+004 1.151e+004 1.152e+004 1.154e+004 1.156e+004 1.157e+004 1.152e+004 1.141e+004 1.127e+004 1.113e+004 1.103e+004 1.103e+004 1.094e+004 1.087e+004 1.08e+004 1.08e+004 1.078e+004 1.077e+004 1.073e+004 1.08e+004 1.093e+004 1.108e+004 1.125e+004 1.142e+004 1.16e+004 1.181e+004 1.178e+004 1.17e+004 1.164e+004 1.159e+004 1.159e+004 1.159e+004 1.159e+004
1.135e+004 1.136e+004 1.137e+004 1.138e+004 1.142e+004 1.142e+004 1.141e+004 1.14e+004 1.14e+004 1.14e+004 1.14e+004 1.141e+004 1.141e+004 1.141e+004 1.141e+004 1.141e+004 1.142e+004 1.142e+004 1.143e+004 1.143e+004 1.145e+004 1.146e+004 1.147e+004 1.148e+004 1.149e+004 1.151e+004 1.152e+004 1.153e+004 1.155e+004 1.159e+004 1.163e+004 1.166e+004 1.143e+004 1.122e+004 1.106e+004 1.105e+004 1.102e+004 1.096e+004 1.093e+004 1.091e+004 1.091e+004 1.089e+004 1.082e+004 1.089e+004 1.104e+004 1.119e+004 1.135e+004 1.151e+004 1.167e+004 1.177e+004 1.173e+004 1.168e+004 1.163e+004 1.16e+004 1.159e+004 1.159e+004 1.16e+004
1.135e+004 1.136e+004 1.137e+004 1.139e+004 1.142e+004 1.142e+004 1.141e+004 1.14e+004 1.14e+004 1.14e+004 1.14e+004 1.141e+004 1.141e+004 1.141e+004 1.141e+004 1.141e+004 1.142e+004 1.143e+004 1.144e+004 1.145e+004 1.146e+004 1.147e+004 1.148e+004 1.149e+004 1.151e+004 1.152e+004 1.152e+004 1.153e+004 1.155e+004 1.159e+004 1.164e+004 1.164e+004 1.152e+004 1.136e+004 1.121e+004 1.118e+004 1.115e+004 1.107e+004 1.1e+004 1.105e+004 1.107e+004 1.106e+004 1.1e+004 1.106e+004 1.119e+004 1.131e+004 1.144e+004 1.155e+004 1.164e+004 1.166e+004 1.166e+004 1.165e+004 1.162e+004 1.16e+004 1.16e+004 1.16e+004 1.16e+004
1.135e+004 1.137e+004 1.143e+004 1.142e+004 1.138e+004 1.139e+004 1.14e+004 1.14e+004 1.14e+004 1.14e+004 1.141e+004 1.141e+004 1.141e+004 1.142e+004 1.142e+004 1.142e+004 1.143e+004 1.144e+004 1.145e+004 1.146e+004 1.147e+004 1.148e+004 1.149e+004 1.15e+004 1.152e+004 1.153e+004 1.153e+004 1.153e+004 1.154e+004 1.157e+004 1.16e+004 1.161e+004 1.158e+004 1.153e+004 1.148e+004 1.137e+004 1.136e+004 1.129e+004 1.124e+004 1.126e+004 1.128e+004 1.129e+004 1.127e+004 1.13e+004 1.135e+004 1.143e+004 1.151e+004 1.158e+004 1.163e+004 1.163e+004 1.163e+004 1.162e+004 1.161e+004 1.161e+004 1.16e+004 1.16e+004 1.161e+004
1.137e+004 1.138e+004 1.142e+004 1.142e+004 1.139e+004 1.139e+004 1.139e+004 1.14e+004 1.14e+004 1.141e+004 1.141e+004 1.141e+004 1.142e+004 1.142e+004 1.142e+004 1.143e+004 1.145e+004 1.146e+004 1.147e+004 1.147e+004 1.148e+004 1.149e+004 1.15e+004 1.151e+004 1.153e+004 1.153e+004 1.153e+004 1.153e+004 1.154e+004 1.156e+004 1.157e+004 1.16e+004 1.162e+004 1.166e+004 1.173e+004 1.171e+004 1.163e+004 1.159e+004 1.154e+004 1.149e+004 1.149e+004 1.154e+004 1.159e+004 1.153e+004 1.15e+004 1.153e+004 1.157e+004 1.161e+004 1.165e+004 1.163e+004 1.161e+004 1.161e+004 1.161e+004 1.16e+004 1.16e+004 1.161e+004 1.161e+004
