real_craters/C081-300m.grd
DSAA
198 198
-29.5575 29.5575
-29.5575 29.5575
10376.084146816 11861.836316203
[rows 120 to 149 of 198, columns 0 to 66 of 198]
11354 11356.5 11367.7 11384.7 11408.6 11435.6 11437.6 11425.4 11410.8 11396.5 11383.6 11382.2 11387.7 11392.3 11395.2 11396.8 11397.4 11397.8 11397.9 11398.1 11398.4 11401.2 11403.3 11405.6 11407.7 11409 11409.9 11411 11412.2 11413.3 11414.3 11415.3 11416.1 11416.8 11418.1 11418 11418.8 11420.4 11422.5 11424.7 11428.6 11435.1 11441.3 11446.5 11451.4 11455.9 11460.3 11464.5 11468.3 11471.9 11475.1 11478.1 11481.4 11485.6 11489.4 11493.7 11498.4 11502.3 11505.4 11508.2 11522.2 11533.2 11529.7 11527.4 11526.7 11526.9 11527.5
11357.9 11360.3 11371.1 11387.6 11411.9 11446.7 11449.4 11430.8 11413.7 11398.2 11386 11383.1 11385.7 11389.1 11392.2 11394.5 11396.1 11397.2 11398.1 11398.5 11398.3 11399.2 11402.2 11406.9 11409 11410 11411.1 11412.5 11413.9 11415.2 11416.5 11417.7 11418.5 11419.3 11420.5 11420.7 11422.2 11424.9 11428.2 11430.9 11434.3 11442.5 11448.7 11453.6 11457.4 11461.2 11464.8 11468.7 11472.6 11475.6 11478.3 11481.3 11484.8 11488.7 11492.8 11497.1 11501.8 11505.6 11509.3 11514 11525.4 11534.8 11531.6 11529.2 11528.1 11527.5 11527.4
11363.9 11367.2 11375.1 11385.3 11398.9 11426.6 11435.3 11425.8 11412.4 11399.3 11389.4 11385.8 11386.1 11388.1 11390.6 11393 11395 11396.8 11398.8 11399.5 11400.2 11399.6 11402.8 11407.5 11409.4 11410.7 11412.3 11413.9 11415.5 11417.1 11418.7 11420.1 11421.1 11422.1 11422.5 11422.7 11426.1 11430.7 11436.2 11441.7 11447.1 11454.1 11459 11461.2 11463.9 11466.5 11469.1 11472.2 11475.8 11478.4 11480.8 11483.8 11487.7 11492 11496.4 11501.2 11505.8 11510.4 11515.2 11520.8 11526.7 11528.6 11529.4 11529.6 11529.1 11528.3 11527.6
11370.6 11376 11380.7 11384.8 11391.8 11406.8 11417 11415.8 11408.2 11398.8 11391.4 11388.1 11387.2 11388.2 11390.2 11392.6 11394.6 11397.3 11399.5 11401.3 11403.3 11406.2 11408.2 11408.1 11409 11411.3 11413.3 11415.3 11417.2 11419.1 11420.9 11422.7 11424.2 11425.4 11426.6 11427.6 11430.3 11437.1 11445.3 11454.9 11465.4 11467.9 11468.6 11468.8 11469.8 11471.3 11473 11474.5 11476.8 11478.8 11482 11485.8 11490.1 11494.8 11499.9 11504.8 11509.8 11515.1 11520.6 11526.4 11530.2 11529.4 11530 11530.8 11530.3 11529.3 11528.1
11376 11381.6 11385 11386 11391.8 11403.8 11409.1 11407.9 11403.3 11397.5 11392.8 11389.9 11388.7 11389.3 11390.9 11393.3 11395.7 11398.6 11401.4 11404 11406.8 11410.8 11412.6 11410.3 11410.4 11412.6 11414.9 11417.1 11419.3 11421.6 11423.7 11425.8 11427.6 11429.1 11430.2 11430.7 11435.3 11443.7 11453.2 11463.6 11474.1 11476 11476 11475 11475.2 11475.6 11475.9 11476.3 11476.4 11477.9 11482.4 11486.9 11492.1 11497.1 11502.3 11507.5 11513 11518.6 11524.5 11529.9 11533.9 11534.8 11533.8 11533.8 11532.9 11531.3 11529.5
11379.4 11383.6 11385.5 11385.5 11390.7 11402.6 11403.7 11402 11398.8 11395 11392.3 11390.4 11389.8 11390.4 11391.8 11393.9 11396.8 11400 11402.8 11405.9 11408.8 11411.9 11413.1 11412.9 11413.5 11414.8 11416.7 11419 11421.5 11424 11426.5 11429 11431.3 11433.7 11435.3 11436 11441.6 11450.8 11459.8 11468.4 11474.6 11478.8 11481 11480.2 11480.1 11479.7 11478.9 11478.5 11478.5 11480.4 11483.7 11488.4 11493.6 11498.9 11504.7 11510.2 11515.6 11521.5 11527.5 11532.1 11535.8 11541 11540.4 11538.1 11535.8 11533.6 11531.3
11381.2 11382.5 11382.5 11382.7 11385.4 11391.4 11396.3 11396.7 11394.5 11391.7 11390.3 11391.5 11392.7 11394.2 11396.1 11398 11400.3 11402.8 11405.7 11408.1 11410.9 11412.7 11413.5 11414.2 11415.2 11416.5 11418.6 11421.1 11423.8 11426.7 11429.5 11432.4 11435.5 11438.7 11442 11444.8 11450.6 11458.8 11466.2 11473.1 11478.6 11482.9 11485.5 11485.1 11484.6 11483.7 11482.4 11481.1 11480.4 11481.5 11484.6 11490 11496 11501.4 11507.2 11512.8 11518.3 11524.5 11530.3 11535.9 11541.8 11547.9 11545.5 11541.7 11538.9 11536.6 11534.6
11382.6 11382.9 11382.4 11382.3 11383.6 11387.3 11392.8 11394 11392.9 11391.5 11391.2 11392.6 11394.5 11396.5 11398.6 11400.8 11402.9 11405.4 11408 11410.6 11412.8 11414.2 11414.5 11415.2 11416 11418.1 11420.6 11423.3 11426.2 11429.2 11432.3 11435.6 11439.3 11443.4 11448.4 11454.2 11461.9 11466.6 11472.1 11478.1 11483.5 11487.6 11490.3 11489.9 11489.2 11487.8 11486.2 11484.1 11481.9 11479.7 11485.9 11492.6 11498.4 11503.8 11509.5 11515.1 11520.5 11526.4 11532.7 11539.1 11544.8 11547.2 11545.9 11543.5 11541.5 11539.8 11538.4
11384.5 11385.7 11386.5 11388.9 11391.1 11394 11394.4 11393.6 11392.6 11392.8 11392.8 11393.8 11395.9 11398.2 11400.7 11403.2 11405.7 11408.4 11411 11413.1 11415.3 11417.1 11417.6 11418.3 11418.4 11420.3 11423 11425.8 11428.7 11431.7 11434.9 11438.4 11442.2 11446.8 11452.4 11458 11466.2 11470.8 11476.2 11482.4 11488.3 11493.1 11495.4 11494.5 11492.9 11491.8 11490.4 11488.7 11487.4 11486.7 11491.8 11497.1 11501.6 11505.8 11510.7 11515.7 11521.3 11526.9 11533 11540 11546.2 11548.5 11545.1 11543.9 11543.4 11542.8 11542.2
11386.5 11389 11392.3 11393.5 11393.9 11395.2 11394.7 11393.7 11392.3 11390.7 11392.8 11395.2 11397.7 11400.2 11402.7 11405.6 11408.6 11411.3 11413.6 11416.2 11418.6 11421.3 11423.5 11423.7 11422.3 11423.6 11425.9 11428.6 11431.3 11434 11437 11440.3 11444.1 11448.4 11453.6 11458.2 11464.5 11471.3 11477.6 11484.9 11492.5 11498.8 11499.8 11499.4 11496.3 11494.8 11493.9 11493.9 11495.3 11498.3 11501.2 11502.9 11505.3 11507.9 11511.5 11515.9 11520.9 11525.9 11531.8 11538.3 11544.2 11545.4 11542.3 11543.6 11545.3 11546 11546.2
11388.2 11390.3 11392 11390.6 11391.3 11393.5 11394.1 11394 11393.6 11393.6 11394.9 11397.5 11400.1 11402.7 11405.3 11408 11410.9 11413.6 11416.2 11418.9 11421.5 11424.6 11427.9 11428.1 11426.9 11427.2 11429 11431.5 11434 11436.5 11439.2 11442 11445.2 11448.8 11452.9 11456.4 11464.5 11469 11475.9 11484.5 11493.7 11500.9 11502.7 11501.4 11498.4 11496.7 11496.6 11497.6 11500.7 11506.1 11507.7 11506.9 11507.4 11509.2 11512.1 11515.4 11519.8 11524.3 11529.2 11534.4 11538.4 11540.2 11541.1 11545.1 11548 11549.4 11550.4
11388.8 11390.6 11391.5 11392.2 11392.1 11394 11394.2 11394.3 11395.2 11396.5 11397.3 11399.4 11401.8 11404.4 11406.9 11409.6 11412.5 11415.3 11418.2 11421.2 11423.7 11426.5 11428.6 11429.2 11428.7 11429.6 11432 11434.4 11436.5 11438.6 11440.7 11443 11445.4 11447.9 11450.5 11453.2 11455.7 11462.2 11471.2 11481.3 11492.2 11502.4 11503.1 11500.7 11497.9 11497 11497 11498.6 11501.5 11505.7 11507.7 11507.2 11507.3 11508.7 11511.2 11514.4 11518.4 11522.2 11526.3 11530.4 11532.3 11536.4 11544.3 11549.4 11551.3 11552.3 11553.6
11389.6 11391.4 11394 11397.1 11395 11393.4 11392.8 11394.2 11396.1 11398.1 11399.1 11401.1 11403.3 11405.8 11408.4 11411.2 11414 11416.8 11419.8 11422.7 11425.3 11427.8 11429.4 11430.4 11431.3 11433.1 11435.9 11437.8 11439.3 11440.7 11442.2 11443.8 11445.5 11447 11448.1 11449 11448.6 11455.3 11464.9 11475.3 11485.8 11495.6 11497.1 11495.9 11494.7 11494.4 11495 11496.5 11498.8 11502.1 11504.3 11504.1 11504.5 11506.5 11509.3 11512.9 11516.6 11520.3 11523.5 11527.2 11529.6 11530.6 11545.1 11552.7 11554.1 11554 11553.4
11390.7 11391.7 11392.9 11395.3 11394.7 11393.4 11392.9 11394.3 11396.1 11398.1 11400.2 11402.3 11404.5 11407 11409.5 11412.2 11415.1 11418 11421 11423.9 11426.7 11429.5 11431.3 11433 11436.7 11439.3 11440.8 11441.3 11441.7 11442.6 11443.6 11444.6 11445.6 11446.4 11446.8 11447 11446.2 11450.6 11459.1 11468.1 11476 11481.9 11485.3 11488.1 11489.2 11490.5 11491.5 11492.4 11493.7 11495.3 11497 11497.8 11499.7 11502.7 11506.2 11510.2 11514 11517.9 11520.9 11523.7 11525.5 11527.3 11543.3 11554.1 11556.1 11554.8 11552.1
11391.8 11391.5 11391.6 11393.3 11394.7 11394.3 11394 11394.8 11396.6 11398.9 11401.4 11403.7 11406.2 11408.7 11411.3 11414.1 11416.6 11419.5 11422.7 11425.6 11428.7 11431.9 11435.3 11439 11444.2 11447.6 11445.7 11443.8 11443.2 11443.7 11444.3 11445.1 11445.8 11446.2 11446.5 11446.7 11445.8 11448.1 11455.3 11462.3 11467.6 11470.4 11474.6 11480.8 11484.1 11486.4 11487.8 11488.1 11488 11486.9 11486.7 11489.7 11493.9 11498.4 11503 11507.5 11511.9 11516.1 11519.8 11521.6 11521.9 11527 11544.3 11557 11558.4 11555.9 11552.2
11393.5 11392.1 11391.4 11393.6 11396.6 11395.6 11394.5 11395.3 11396.9 11399.7 11402.7 11405.3 11407.8 11410.4 11413.1 11415.9 11418.7 11421.5 11424.3 11427.1 11430.2 11433.6 11438.4 11444.8 11447.5 11450.3 11445.9 11443.9 11443.5 11443.8 11444.7 11445.4 11446.1 11446.4 11446.8 11447.4 11447.6 11449.4 11454.2 11459.4 11463.4 11465.8 11469.6 11476.5 11480.7 11483.4 11484.7 11484.6 11483.4 11480.6 11477.7 11483.3 11489.9 11495.4 11500.3 11505.3 11510.2 11515.4 11520.7 11524.8 11527.4 11532.6 11547.7 11560 11560.9 11557.8 11553.6
11396.9 11395.3 11394.5 11397.3 11399.5 11397.4 11395.3 11396.7 11400 11402.5 11404.7 11406.8 11409.1 11411.8 11414.6 11417.3 11420.2 11423.1 11425.7 11428.3 11431 11433.9 11437.2 11441.2 11440.8 11439.5 11440.7 11441.8 11442.7 11443.5 11444.7 11445.7 11446.5 11447.3 11448 11448.9 11449.8 11452.2 11455.1 11459.3 11463.2 11466.4 11470.3 11476.2 11479.5 11481.8 11482.9 11483 11481.7 11479.6 11477.6 11483 11488.8 11494.2 11498.9 11504.1 11509.2 11514.8 11522.4 11531.2 11536.3 11540.1 11551.6 11562.1 11563.2 11560 11556
11400.3 11399.8 11399.6 11402 11402.7 11400.1 11397.3 11399.1 11403.8 11405.2 11406.5 11408.4 11410.8 11413.4 11416.3 11419 11421.9 11424.5 11427.1 11429.4 11431.3 11432.8 11433.4 11432 11432.3 11433.1 11436.6 11440.2 11442.5 11444.2 11445.3 11446.5 11447.6 11448.6 11449.4 11450.3 11450.6 11452.2 11456.4 11460.9 11465.5 11470.6 11475.8 11478.7 11480 11481.5 11482.2 11482.5 11482.3 11482.4 11484.9 11487.3 11490.2 11494.2 11498.4 11502.8 11507.3 11513.2 11520.7 11532.5 11539.8 11545.2 11555.6 11564.6 11565.7 11562.3 11558.1
11405.5 11405 11404.6 11405.8 11406.1 11403.8 11401.9 11402.4 11405.1 11406.3 11407.8 11409.8 11412.1 11414.5 11416.9 11420.5 11423.2 11425.7 11428.1 11430.1 11431.7 11432.3 11431.9 11429.9 11430.5 11433.2 11437.1 11440.7 11443.3 11445.3 11446.9 11448.4 11449.8 11451 11451.8 11452.6 11453.1 11455.3 11458.4 11463.1 11468.3 11473.9 11479.5 11480.7 11481.7 11482.1 11482.8 11483.3 11483.9 11484.9 11487.1 11489.1 11491.4 11494.5 11497.8 11501.3 11505.1 11509.3 11514.8 11521.1 11533.9 11547.4 11560 11568.3 11568.9 11563.9 11557.8
11411 11413.3 11415.7 11414.8 11410.5 11407.7 11406.9 11406.7 11405.5 11406.9 11408.8 11410.6 11412.8 11415.5 11418.6 11421.8 11424.6 11427.2 11429.7 11431.8 11433.5 11434 11433.7 11432.9 11433.8 11437.5 11441 11442.9 11444.7 11446.6 11448.6 11450.3 11451.9 11453.4 11454.6 11455.6 11456 11456.6 11460.9 11466.1 11470.9 11475.6 11479.5 11481.9 11483.1 11483.8 11484.1 11484.7 11485.5 11486.6 11487.8 11489.6 11492.4 11494.8 11497.2 11499.9 11502.7 11505.7 11509.5 11514.7 11529.9 11547.8 11563.4 11572.7 11571.6 11564.3 11556.3
11414.9 11422.1 11432.5 11430.6 11413.9 11409.6 11409.8 11409.6 11406.8 11407.6 11409.5 11411.8 11414.4 11416.8 11420.4 11423.5 11426.3 11429.2 11431.8 11434.2 11436.2 11437.5 11437.9 11437.1 11437.3 11442.1 11444.7 11445.2 11446.5 11448.1 11450.1 11451.9 11453.8 11455.7 11457.6 11459.4 11461 11462.9 11466.7 11469.8 11473.6 11477.4 11481.2 11483 11484.2 11485.1 11485.8 11486.6 11487.1 11488.5 11490.7 11492.6 11493.8 11495.2 11496.7 11498.5 11500.7 11503.2 11507.2 11513.3 11527.5 11544.2 11559.4 11569.7 11569.9 11562.5 11554.4
11414.1 11421.4 11434.6 11428.7 11411.2 11408.4 11408.1 11407.2 11406.5 11408.3 11410.6 11413.3 11416.2 11419 11421.8 11425 11428.1 11431.1 11434.1 11436.9 11439.6 11442.1 11444.1 11445.5 11446.5 11447 11446.3 11446.9 11448.3 11449.9 11451.8 11453.8 11456 11458.3 11460.8 11463.4 11466.3 11471.1 11472.2 11473.2 11476 11478.9 11481.5 11483.5 11485 11486.2 11487.2 11488.2 11489.1 11490.6 11492.9 11494.6 11495.6 11495.9 11496.5 11497.7 11499.4 11501.9 11506.3 11514 11525.5 11538.2 11549.6 11562.2 11565.4 11559.1 11549.3
11409 11410.4 11416.4 11413.4 11407.4 11406.4 11406.6 11406.7 11407 11409 11411.5 11414.3 11417.3 11420.9 11424.1 11427.7 11431.1 11434.4 11437.6 11440.9 11444.1 11447.2 11450.7 11454.8 11457.8 11453.6 11448.5 11449 11450.4 11452 11453.9 11456 11458.4 11460.9 11463.7 11466.6 11469.4 11471.2 11472.2 11475.6 11478.4 11480.8 11482.8 11484.6 11486.3 11487.6 11488.5 11489.6 11491 11492.5 11495 11497.7 11497 11496.6 11496.6 11497.3 11498.7 11501.2 11505.4 11512.6 11524.1 11535.8 11547.2 11558.6 11563.1 11558.1 11548.3
11404.3 11402.6 11403.5 11405.1 11404.6 11405.4 11406.4 11406.1 11407.5 11410.2 11412.9 11415.9 11419.1 11422.9 11426.4 11430.2 11433.7 11437.2 11440.6 11444.1 11447.8 11451.5 11456 11461.6 11466.1 11461 11453.7 11452.1 11452.7 11454.3 11456.2 11458.5 11461 11463.6 11466.6 11469.7 11472.6 11475.1 11476.1 11478.9 11481.2 11483.2 11485.3 11487.2 11488.2 11489 11489.8 11490.9 11492.2 11493.6 11495.1 11496.6 11497 11496.8 11496.7 11497.1 11498.4 11501.2 11505.6 11513.1 11524.5 11536.4 11547.4 11557.6 11562.5 11560.8 11553.6
11402.8 11401.2 11402.5 11404.6 11404.8 11406.5 11408.1 11408.9 11410.3 11411.8 11414.5 11417.4 11420.7 11424.2 11428.3 11431.6 11435.2 11438.7 11442.6 11446.2 11450.1 11453.9 11458.3 11463.4 11469.1 11463.2 11457 11455 11455.1 11456.3 11458.1 11460.6 11463 11465.7 11468.7 11471.9 11475.2 11478.8 11482.6 11483.1 11483.6 11485.2 11487.5 11489.8 11489.7 11490.2 11490.9 11491.9 11493.2 11494.5 11495.5 11496.1 11497 11497.5 11497.4 11497.6 11498.7 11501.2 11506.4 11514.5 11525.7 11538.4 11550.7 11558.9 11562.2 11563.1 11560
11404.9 11404 11404.8 11406.7 11408.4 11409 11409.8 11412.4 11411.8 11413.3 11415.6 11418.5 11421.7 11425 11428.8 11432.2 11435.7 11439.6 11443.6 11447.6 11451.5 11455 11458.4 11460.5 11459 11457.6 11457.3 11456.9 11457.1 11458.1 11459.7 11461.9 11464.3 11466.9 11469.8 11472.9 11476.4 11480.8 11485.6 11484.5 11484.4 11485.6 11487.5 11489.1 11490.1 11490.9 11491.7 11492.7 11494 11495.5 11496.8 11498.2 11499.1 11499.1 11498.6 11498.4 11499.1 11501.1 11505.7 11514.4 11526.4 11540.2 11554 11561.6 11562.3 11563.3 11565.2
11408.3 11409.8 11409.6 11409.8 11410.7 11410 11409.1 11409.1 11411.3 11414.1 11416.9 11420 11423.5 11426.7 11429.7 11433.2 11437.1 11441.1 11445.1 11449 11452.7 11456.2 11458.6 11459.4 11457.2 11456.6 11458 11458.2 11458.8 11460.1 11461.9 11463.7 11465.9 11468.3 11470.8 11473.4 11476.1 11479 11481.2 11481.8 11483 11484.7 11486.7 11488.7 11489.9 11491 11492.1 11493.2 11494.5 11496.2 11498.3 11501.9 11502.6 11500.8 11499.7 11499.4 11499.7 11501 11504.7 11513.6 11525.8 11540.1 11554.9 11565.7 11570.3 11570.9 11570.9
11410.5 11413.5 11415.6 11412.2 11409.7 11408.1 11407.6 11409 11412.2 11414.5 11417.4 11420.8 11424.4 11427.9 11431.9 11435.5 11439.4 11443.5 11447.3 11451.1 11454.5 11457.5 11460 11461.5 11462.3 11462.2 11460.2 11459.3 11460.1 11461.6 11463.2 11465.1 11467.1 11469.1 11471 11473 11474.9 11476.3 11475.9 11478 11480.6 11483 11485.6 11487.9 11489.7 11491.1 11492.2 11493.4 11494.6 11496.2 11498.2 11501.5 11502.4 11500.7 11500.4 11500.6 11501 11501.4 11503.7 11512.5 11524.1 11537.4 11553.2 11569.2 11580.7 11580.3 11579.9
11410.4 11412.3 11413.4 11410.3 11406.8 11405.2 11406.4 11408.4 11410.9 11414.4 11418.2 11421.8 11425.4 11429.3 11432.9 11437 11441 11445.3 11449.1 11452.9 11456.3 11459.5 11462.1 11464.3 11466.5 11467.2 11462.8 11460.8 11461.7 11463.2 11464.7 11466.4 11468 11469.7 11471.2 11472.5 11473.7 11474.8 11475.8 11476.1 11478.4 11481.5 11484.4 11487.2 11489.4 11491.1 11492.5 11493.9 11494.9 11495.9 11496.7 11497.8 11497.9 11498.7 11500.8 11502.5 11503.7 11504 11504.6 11512.6 11521.4 11531 11542 11555.9 11575.8 11583 11583.5
11407.9 11407.3 11406 11406 11405 11404.7 11405.9 11408.1 11410.5 11414.8 11418.8 11422.6 11426.3 11430.1 11434.3 11438.6 11442.6 11446.6 11450.5 11454.3 11457.9 11461.1 11464.2 11466.2 11467.1 11466.7 11464.1 11463.1 11464 11465.6 11467.1 11468.5 11469.7 11471 11472.1 11472.7 11473.3 11473.7 11473.1 11473.9 11476.9 11480.2 11483.5 11486.7 11489.2 11490.9 11492.8 11494.3 11495.4 11496 11495.5 11494 11492.4 11497.2 11502 11505.9 11508.6 11510 11511.1 11515 11519.1 11523 11526.4 11533.4 11556.8 11571.6 11570.1
