real_craters/C081-750m.grd
DSAA
80 80
-29.5575 29.5575
-29.5575 29.5575
10381.16915366 11866.128297379
[rows 0 to 24 of 80, columns 0 to 56 of 80]
1.115e+004 1.115e+004 1.116e+004 1.116e+004 1.117e+004 1.118e+004 1.119e+004 1.121e+004 1.122e+004 1.123e+004 1.126e+004 1.13e+004 1.136e+004 1.138e+004 1.14e+004 1.139e+004 1.136e+004 1.132e+004 1.127e+004 1.125e+004 1.124e+004 1.124e+004 1.124e+004 1.125e+004 1.125e+004 1.126e+004 1.127e+004 1.127e+004 1.126e+004 1.126e+004 1.126e+004 1.126e+004 1.127e+004 1.128e+004 1.127e+004 1.127e+004 1.126e+004 1.127e+004 1.127e+004 1.127e+004 1.128e+004 1.128e+004 1.129e+004 1.129e+004 1.129e+004 1.13e+004 1.13e+004 1.131e+004 1.133e+004 1.135e+004 1.136e+004 1.138e+004 1.139e+004 1.141e+004 1.142e+004 1.143e+004 1.143e+004
1.115e+004 1.116e+004 1.116e+004 1.117e+004 1.117e+004 1.118e+004 1.12e+004 1.121e+004 1.122e+004 1.124e+004 1.126e+004 1.13e+004 1.136e+004 1.142e+004 1.142e+004 1.139e+004 1.136e+004 1.132e+004 1.128e+004 1.127e+004 1.126e+004 1.125e+004 1.126e+004 1.126e+004 1.126e+004 1.127e+004 1.127e+004 1.127e+004 1.126e+004 1.126e+004 1.126e+004 1.127e+004 1.128e+004 1.13e+004 1.128e+004 1.127e+004 1.127e+004 1.127e+004 1.127e+004 1.128e+004 1.128e+004 1.129e+004 1.129e+004 1.129e+004 1.13e+004 1.13e+004 1.13e+004 1.131e+004 1.132e+004 1.134e+004 1.136e+004 1.137e+004 1.139e+004 1.14e+004 1.142e+004 1.143e+004 1.143e+004
1.116e+004 1.117e+004 1.117e+004 1.117e+004 1.118e+004 1.119e+004 1.121e+004 1.122e+004 1.124e+004 1.125e+004 1.126e+004 1.13e+004 1.135e+004 1.14e+004 1.141e+004 1.139e+004 1.136e+004 1.132e+004 1.129e+004 1.128e+004 1.127e+004 1.126e+004 1.126e+004 1.126e+004 1.126e+004 1.127e+004 1.127e+004 1.127e+004 1.126e+004 1.126e+004 1.127e+004 1.128e+004 1.129e+004 1.131e+004 1.132e+004 1.129e+004 1.128e+004 1.127e+004 1.128e+004 1.128e+004 1.129e+004 1.129e+004 1.129e+004 1.13e+004 1.13e+004 1.13e+004 1.131e+004 1.131e+004 1.132e+004 1.134e+004 1.135e+004 1.137e+004 1.138e+004 1.14e+004 1.142e+004 1.142e+004 1.143e+004
1.117e+004 1.118e+004 1.119e+004 1.118e+004 1.119e+004 1.12e+004 1.121e+004 1.123e+004 1.125e+004 1.126e+004 1.126e+004 1.13e+004 1.135e+004 1.14e+004 1.142e+004 1.14e+004 1.137e+004 1.132e+004 1.129e+004 1.129e+004 1.127e+004 1.127e+004 1.127e+004 1.127e+004 1.127e+004 1.127e+004 1.127e+004 1.127e+004 1.127e+004 1.127e+004 1.127e+004 1.128e+004 1.129e+004 1.131e+004 1.13e+004 1.129e+004 1.128e+004 1.128e+004 1.128e+004 1.129e+004 1.13e+004 1.13e+004 1.13e+004 1.13e+004 1.13e+004 1.131e+004 1.131e+004 1.132e+004 1.133e+004 1.134e+004 1.135e+004 1.137e+004 1.138e+004 1.139e+004 1.14e+004 1.141e+004 1.143e+004
1.118e+004 1.119e+004 1.119e+004 1.119e+004 1.12e+004 1.121e+004 1.122e+004 1.123e+004 1.125e+004 1.126e+004 1.127e+004 1.13e+004 1.136e+004 1.141e+004 1.143e+004 1.141e+004 1.138e+004 1.133e+004 1.13e+004 1.129e+004 1.127e+004 1.127e+004 1.127e+004 1.127e+004 1.127e+004 1.128e+004 1.127e+004 1.127e+004 1.127e+004 1.128e+004 1.128e+004 1.128e+004 1.13e+004 1.13e+004 1.129e+004 1.129e+004 1.128e+004 1.128e+004 1.129e+004 1.129e+004 1.13e+004 1.13e+004 1.13e+004 1.13e+004 1.131e+004 1.131e+004 1.132e+004 1.133e+004 1.134e+004 1.135e+004 1.137e+004 1.137e+004 1.138e+004 1.139e+004 1.139e+004 1.141e+004 1.142e+004
1.119e+004 1.119e+004 1.119e+004 1.119e+004 1.12e+004 1.121e+004 1.122e+004 1.124e+004 1.125e+004 1.126e+004 1.127e+004 1.13e+004 1.136e+004 1.142e+004 1.145e+004 1.143e+004 1.139e+004 1.135e+004 1.131e+004 1.127e+004 1.127e+004 1.127e+004 1.127e+004 1.127e+004 1.127e+004 1.127e+004 1.127e+004 1.127e+004 1.127e+004 1.128e+004 1.129e+004 1.129e+004 1.131e+004 1.131e+004 1.129e+004 1.129e+004 1.129e+004 1.129e+004 1.129e+004 1.129e+004 1.13e+004 1.13e+004 1.13e+004 1.131e+004 1.131e+004 1.132e+004 1.133e+004 1.134e+004 1.135e+004 1.137e+004 1.137e+004 1.138e+004 1.139e+004 1.139e+004 1.14e+004 1.141e+004 1.142e+004
1.119e+004 1.119e+004 1.119e+004 1.12e+004 1.121e+004 1.122e+004 1.123e+004 1.124e+004 1.126e+004 1.126e+004 1.127e+004 1.13e+004 1.136e+004 1.143e+004 1.148e+004 1.145e+004 1.14e+004 1.136e+004 1.132e+004 1.128e+004 1.128e+004 1.128e+004 1.127e+004 1.126e+004 1.126e+004 1.125e+004 1.126e+004 1.126e+004 1.127e+004 1.129e+004 1.13e+004 1.13e+004 1.132e+004 1.133e+004 1.13e+004 1.13e+004 1.13e+004 1.13e+004 1.13e+004 1.13e+004 1.13e+004 1.131e+004 1.131e+004 1.131e+004 1.129e+004 1.132e+004 1.134e+004 1.135e+004 1.137e+004 1.138e+004 1.138e+004 1.138e+004 1.138e+004 1.139e+004 1.14e+004 1.14e+004 1.142e+004
1.119e+004 1.119e+004 1.12e+004 1.121e+004 1.121e+004 1.122e+004 1.123e+004 1.124e+004 1.126e+004 1.127e+004 1.127e+004 1.13e+004 1.136e+004 1.142e+004 1.147e+004 1.144e+004 1.139e+004 1.135e+004 1.133e+004 1.131e+004 1.13e+004 1.129e+004 1.127e+004 1.127e+004 1.126e+004 1.126e+004 1.126e+004 1.127e+004 1.128e+004 1.129e+004 1.13e+004 1.131e+004 1.131e+004 1.13e+004 1.13e+004 1.131e+004 1.132e+004 1.131e+004 1.131e+004 1.131e+004 1.132e+004 1.132e+004 1.132e+004 1.132e+004 1.133e+004 1.134e+004 1.134e+004 1.135e+004 1.137e+004 1.137e+004 1.138e+004 1.138e+004 1.138e+004 1.139e+004 1.139e+004 1.14e+004 1.142e+004
1.12e+004 1.12e+004 1.12e+004 1.121e+004 1.122e+004 1.122e+004 1.124e+004 1.125e+004 1.126e+004 1.127e+004 1.128e+004 1.13e+004 1.136e+004 1.141e+004 1.143e+004 1.141e+004 1.136e+004 1.13e+004 1.131e+004 1.137e+004 1.131e+004 1.127e+004 1.126e+004 1.126e+004 1.126e+004 1.127e+004 1.128e+004 1.128e+004 1.129e+004 1.13e+004 1.131e+004 1.132e+004 1.131e+004 1.131e+004 1.131e+004 1.132e+004 1.132e+004 1.132e+004 1.132e+004 1.132e+004 1.132e+004 1.132e+004 1.132e+004 1.132e+004 1.132e+004 1.133e+004 1.133e+004 1.134e+004 1.135e+004 1.137e+004 1.137e+004 1.137e+004 1.138e+004 1.138e+004 1.139e+004 1.14e+004 1.141e+004
1.121e+004 1.121e+004 1.121e+004 1.122e+004 1.122e+004 1.123e+004 1.124e+004 1.125e+004 1.126e+004 1.127e+004 1.129e+004 1.131e+004 1.136e+004 1.141e+004 1.144e+004 1.139e+004 1.131e+004 1.12e+004 1.108e+004 1.107e+004 1.119e+004 1.122e+004 1.125e+004 1.127e+004 1.128e+004 1.129e+004 1.13e+004 1.13e+004 1.13e+004 1.13e+004 1.132e+004 1.133e+004 1.133e+004 1.132e+004 1.133e+004 1.132e+004 1.132e+004 1.133e+004 1.133e+004 1.133e+004 1.133e+004 1.134e+004 1.134e+004 1.134e+004 1.134e+004 1.133e+004 1.133e+004 1.133e+004 1.134e+004 1.135e+004 1.136e+004 1.137e+004 1.138e+004 1.139e+004 1.139e+004 1.14e+004 1.141e+004
1.122e+004 1.122e+004 1.122e+004 1.122e+004 1.123e+004 1.124e+004 1.125e+004 1.125e+004 1.127e+004 1.128e+004 1.13e+004 1.133e+004 1.137e+004 1.14e+004 1.141e+004 1.137e+004 1.127e+004 1.114e+004 1.099e+004 1.095e+004 1.11e+004 1.119e+004 1.125e+004 1.128e+004 1.13e+004 1.131e+004 1.131e+004 1.131e+004 1.131e+004 1.133e+004 1.135e+004 1.135e+004 1.136e+004 1.136e+004 1.135e+004 1.134e+004 1.133e+004 1.134e+004 1.135e+004 1.137e+004 1.136e+004 1.135e+004 1.136e+004 1.136e+004 1.136e+004 1.135e+004 1.135e+004 1.135e+004 1.138e+004 1.137e+004 1.137e+004 1.138e+004 1.138e+004 1.139e+004 1.139e+004 1.14e+004 1.141e+004
1.122e+004 1.121e+004 1.122e+004 1.123e+004 1.123e+004 1.124e+004 1.125e+004 1.126e+004 1.127e+004 1.129e+004 1.131e+004 1.134e+004 1.137e+004 1.141e+004 1.142e+004 1.138e+004 1.128e+004 1.116e+004 1.104e+004 1.099e+004 1.109e+004 1.119e+004 1.125e+004 1.129e+004 1.13e+004 1.131e+004 1.132e+004 1.132e+004 1.132e+004 1.133e+004 1.134e+004 1.136e+004 1.137e+004 1.137e+004 1.137e+004 1.137e+004 1.137e+004 1.136e+004 1.136e+004 1.136e+004 1.136e+004 1.136e+004 1.136e+004 1.137e+004 1.137e+004 1.137e+004 1.137e+004 1.138e+004 1.142e+004 1.141e+004 1.14e+004 1.14e+004 1.139e+004 1.138e+004 1.139e+004 1.139e+004 1.142e+004
1.122e+004 1.122e+004 1.123e+004 1.124e+004 1.124e+004 1.125e+004 1.126e+004 1.127e+004 1.128e+004 1.129e+004 1.131e+004 1.135e+004 1.138e+004 1.141e+004 1.142e+004 1.139e+004 1.132e+004 1.124e+004 1.116e+004 1.109e+004 1.119e+004 1.126e+004 1.129e+004 1.131e+004 1.132e+004 1.132e+004 1.132e+004 1.132e+004 1.133e+004 1.132e+004 1.134e+004 1.136e+004 1.137e+004 1.137e+004 1.137e+004 1.137e+004 1.138e+004 1.137e+004 1.137e+004 1.136e+004 1.137e+004 1.136e+004 1.136e+004 1.137e+004 1.138e+004 1.139e+004 1.14e+004 1.142e+004 1.142e+004 1.143e+004 1.143e+004 1.142e+004 1.141e+004 1.14e+004 1.14e+004 1.141e+004 1.143e+004
1.123e+004 1.123e+004 1.123e+004 1.124e+004 1.125e+004 1.126e+004 1.127e+004 1.128e+004 1.129e+004 1.129e+004 1.131e+004 1.137e+004 1.14e+004 1.142e+004 1.143e+004 1.142e+004 1.138e+004 1.133e+004 1.131e+004 1.14e+004 1.143e+004 1.135e+004 1.133e+004 1.133e+004 1.132e+004 1.132e+004 1.132e+004 1.133e+004 1.133e+004 1.133e+004 1.134e+004 1.135e+004 1.136e+004 1.136e+004 1.137e+004 1.137e+004 1.138e+004 1.138e+004 1.139e+004 1.14e+004 1.138e+004 1.137e+004 1.137e+004 1.137e+004 1.138e+004 1.138e+004 1.14e+004 1.141e+004 1.142e+004 1.143e+004 1.144e+004 1.144e+004 1.144e+004 1.143e+004 1.144e+004 1.146e+004 1.146e+004
1.123e+004 1.124e+004 1.124e+004 1.125e+004 1.126e+004 1.127e+004 1.128e+004 1.129e+004 1.13e+004 1.13e+004 1.132e+004 1.136e+004 1.139e+004 1.141e+004 1.144e+004 1.145e+004 1.142e+004 1.139e+004 1.138e+004 1.139e+004 1.139e+004 1.138e+004 1.136e+004 1.135e+004 1.134e+004 1.133e+004 1.133e+004 1.133e+004 1.133e+004 1.134e+004 1.134e+004 1.134e+004 1.136e+004 1.137e+004 1.137e+004 1.137e+004 1.138e+004 1.139e+004 1.14e+004 1.14e+004 1.14e+004 1.139e+004 1.138e+004 1.138e+004 1.138e+004 1.138e+004 1.139e+004 1.14e+004 1.142e+004 1.143e+004 1.144e+004 1.145e+004 1.146e+004 1.148e+004 1.147e+004 1.147e+004 1.147e+004
1.124e+004 1.124e+004 1.125e+004 1.126e+004 1.127e+004 1.128e+004 1.129e+004 1.13e+004 1.13e+004 1.131e+004 1.132e+004 1.134e+004 1.137e+004 1.141e+004 1.144e+004 1.146e+004 1.144e+004 1.141e+004 1.139e+004 1.136e+004 1.137e+004 1.139e+004 1.138e+004 1.137e+004 1.136e+004 1.135e+004 1.134e+004 1.133e+004 1.133e+004 1.134e+004 1.134e+004 1.135e+004 1.136e+004 1.137e+004 1.138e+004 1.138e+004 1.139e+004 1.14e+004 1.141e+004 1.141e+004 1.141e+004 1.141e+004 1.141e+004 1.14e+004 1.139e+004 1.139e+004 1.139e+004 1.14e+004 1.142e+004 1.143e+004 1.144e+004 1.146e+004 1.148e+004 1.149e+004 1.148e+004 1.147e+004 1.146e+004
1.124e+004 1.125e+004 1.125e+004 1.126e+004 1.128e+004 1.128e+004 1.129e+004 1.13e+004 1.13e+004 1.131e+004 1.132e+004 1.134e+004 1.137e+004 1.14e+004 1.143e+004 1.144e+004 1.143e+004 1.141e+004 1.139e+004 1.137e+004 1.138e+004 1.139e+004 1.139e+004 1.139e+004 1.137e+004 1.136e+004 1.135e+004 1.134e+004 1.134e+004 1.134e+004 1.136e+004 1.136e+004 1.137e+004 1.138e+004 1.14e+004 1.141e+004 1.141e+004 1.141e+004 1.141e+004 1.142e+004 1.142e+004 1.141e+004 1.141e+004 1.141e+004 1.141e+004 1.141e+004 1.141e+004 1.141e+004 1.142e+004 1.143e+004 1.144e+004 1.145e+004 1.147e+004 1.148e+004 1.148e+004 1.147e+004 1.147e+004
1.124e+004 1.125e+004 1.125e+004 1.127e+004 1.128e+004 1.128e+004 1.129e+004 1.129e+004 1.13e+004 1.131e+004 1.132e+004 1.134e+004 1.137e+004 1.14e+004 1.142e+004 1.143e+004 1.142e+004 1.141e+004 1.139e+004 1.138e+004 1.139e+004 1.14e+004 1.14e+004 1.14e+004 1.139e+004 1.138e+004 1.136e+004 1.135e+004 1.134e+004 1.134e+004 1.136e+004 1.138e+004 1.138e+004 1.14e+004 1.141e+004 1.141e+004 1.141e+004 1.141e+004 1.14e+004 1.141e+004 1.142e+004 1.142e+004 1.142e+004 1.142e+004 1.142e+004 1.142e+004 1.142e+004 1.142e+004 1.143e+004 1.144e+004 1.144e+004 1.145e+004 1.147e+004 1.147e+004 1.147e+004 1.147e+004 1.147e+004
1.124e+004 1.124e+004 1.125e+004 1.126e+004 1.127e+004 1.128e+004 1.128e+004 1.129e+004 1.13e+004 1.131e+004 1.132e+004 1.135e+004 1.138e+004 1.139e+004 1.141e+004 1.141e+004 1.141e+004 1.14e+004 1.14e+004 1.139e+004 1.14e+004 1.141e+004 1.141e+004 1.14e+004 1.139e+004 1.138e+004 1.137e+004 1.135e+004 1.134e+004 1.135e+004 1.137e+004 1.139e+004 1.141e+004 1.141e+004 1.142e+004 1.142e+004 1.141e+004 1.141e+004 1.141e+004 1.142e+004 1.143e+004 1.143e+004 1.144e+004 1.144e+004 1.143e+004 1.143e+004 1.143e+004 1.144e+004 1.144e+004 1.145e+004 1.145e+004 1.146e+004 1.147e+004 1.147e+004 1.147e+004 1.147e+004 1.147e+004
1.124e+004 1.124e+004 1.125e+004 1.126e+004 1.127e+004 1.128e+004 1.128e+004 1.129e+004 1.13e+004 1.132e+004 1.134e+004 1.135e+004 1.138e+004 1.139e+004 1.14e+004 1.14e+004 1.14e+004 1.14e+004 1.14e+004 1.14e+004 1.141e+004 1.141e+004 1.142e+004 1.141e+004 1.14e+004 1.139e+004 1.138e+004 1.137e+004 1.136e+004 1.136e+004 1.138e+004 1.14e+004 1.141e+004 1.141e+004 1.141e+004 1.141e+004 1.141e+004 1.141e+004 1.142e+004 1.142e+004 1.143e+004 1.145e+004 1.145e+004 1.145e+004 1.145e+004 1.145e+004 1.145e+004 1.145e+004 1.145e+004 1.145e+004 1.146e+004 1.146e+004 1.147e+004 1.147e+004 1.147e+004 1.148e+004 1.148e+004
1.125e+004 1.125e+004 1.126e+004 1.126e+004 1.127e+004 1.127e+004 1.126e+004 1.128e+004 1.13e+004 1.132e+004 1.133e+004 1.135e+004 1.137e+004 1.139e+004 1.14e+004 1.141e+004 1.142e+004 1.141e+004 1.141e+004 1.141e+004 1.141e+004 1.143e+004 1.143e+004 1.142e+004 1.141e+004 1.14e+004 1.139e+004 1.139e+004 1.14e+004 1.14e+004 1.14e+004 1.142e+004 1.142e+004 1.141e+004 1.141e+004 1.141e+004 1.142e+004 1.142e+004 1.142e+004 1.143e+004 1.144e+004 1.145e+004 1.146e+004 1.146e+004 1.146e+004 1.147e+004 1.147e+004 1.146e+004 1.146e+004 1.146e+004 1.146e+004 1.147e+004 1.147e+004 1.148e+004 1.148e+004 1.148e+004 1.149e+004
1.125e+004 1.126e+004 1.127e+004 1.127e+004 1.128e+004 1.128e+004 1.129e+004 1.129e+004 1.13e+004 1.132e+004 1.133e+004 1.135e+004 1.137e+004 1.138e+004 1.139e+004 1.14e+004 1.141e+004 1.141e+004 1.141e+004 1.141e+004 1.142e+004 1.143e+004 1.143e+004 1.142e+004 1.141e+004 1.14e+004 1.14e+004 1.139e+004 1.14e+004 1.14e+004 1.14e+004 1.14e+004 1.141e+004 1.142e+004 1.142e+004 1.142e+004 1.143e+004 1.143e+004 1.143e+004 1.144e+004 1.145e+004 1.145e+004 1.146e+004 1.147e+004 1.147e+004 1.148e+004 1.148e+004 1.147e+004 1.147e+004 1.147e+004 1.147e+004 1.147e+004 1.148e+004 1.148e+004 1.148e+004 1.149e+004 1.15e+004
1.126e+004 1.127e+004 1.127e+004 1.128e+004 1.128e+004 1.129e+004 1.13e+004 1.131e+004 1.132e+004 1.133e+004 1.134e+004 1.134e+004 1.135e+004 1.136e+004 1.138e+004 1.139e+004 1.14e+004 1.14e+004 1.141e+004 1.142e+004 1.143e+004 1.144e+004 1.144e+004 1.142e+004 1.141e+004 1.141e+004 1.14e+004 1.139e+004 1.139e+004 1.14e+004 1.14e+004 1.139e+004 1.14e+004 1.142e+004 1.144e+004 1.144e+004 1.145e+004 1.145e+004 1.145e+004 1.146e+004 1.146e+004 1.146e+004 1.147e+004 1.148e+004 1.148e+004 1.148e+004 1.147e+004 1.147e+004 1.147e+004 1.147e+004 1.147e+004 1.148e+004 1.148e+004 1.148e+004 1.149e+004 1.149e+004 1.15e+004
1.127e+004 1.127e+004 1.128e+004 1.128e+004 1.129e+004 1.129e+004 1.13e+004 1.132e+004 1.133e+004 1.134e+004 1.134e+004 1.134e+004 1.135e+004 1.136e+004 1.137e+004 1.138e+004 1.138e+004 1.139e+004 1.14e+004 1.141e+004 1.143e+004 1.144e+004 1.144e+004 1.142e+004 1.141e+004 1.14e+004 1.14e+004 1.139e+004 1.139e+004 1.139e+004 1.139e+004 1.139e+004 1.14e+004 1.143e+004 1.145e+004 1.146e+004 1.146e+004 1.147e+004 1.147e+004 1.147e+004 1.148e+004 1.149e+004 1.149e+004 1.149e+004 1.149e+004 1.149e+004 1.148e+004 1.147e+004 1.147e+004 1.147e+004 1.148e+004 1.149e+004 1.149e+004 1.149e+004 1.149e+004 1.149e+004 1.15e+004
1.128e+004 1.128e+004 1.128e+004 1.129e+004 1.129e+004 1.13e+004 1.131e+004 1.133e+004 1.134e+004 1.135e+004 1.135e+004 1.135e+004 1.135e+004 1.135e+004 1.136e+004 1.137e+004 1.138e+004 1.139e+004 1.14e+004 1.14e+004 1.142e+004 1.144e+004 1.14e+004 1.14e+004 1.141e+004 1.141e+004 1.14e+004 1.139e+004 1.138e+004 1.139e+004 1.14e+004 1.14e+004 1.141e+004 1.144e+004 1.148e+004 1.148e+004 1.148e+004 1.148e+004 1.149e+004 1.149e+004 1.149e+004 1.149e+004 1.151e+004 1.151e+004 1.151e+004 1.151e+004 1.15e+004 1.148e+004 1.147e+004 1.147e+004 1.146e+004 1.147e+004 1.148e+004 1.149e+004 1.149e+004 1.15e+004 1.15e+004
