real_craters/C081-1000m.grd
DSAA
35 35
-16.89 16.89
-16.89 16.89
3753.9912408811 5474.0280487814
4902.7 4894.3 4912.48 4915.29 4903.53 4902.88 4902.7 4923.32 4924.49 4928.9 4932.74 4926.84 4912.9 4904.11 4900.43 4902.63 4918.39 4953.98 4966.19 4961.52 4981.88 4990.31 4970.49 4949.25 4920.72 4912.97 4908.55 4905 4897.81 4879.82 4853.24 4839.74 4840.78 4843.86 4845.51 
4908.9 4922.59 4916.63 4906.22 4911.5 4912.91 4917.87 4916.52 4942.17 4944.08 4942.87 4931.07 4915.27 4911.73 4910.83 4912.09 4931.06 4989.29 5027.52 5043.1 5001.34 4983.13 4939.94 4924.06 4911.08 4912.01 4909.51 4905.91 4899.72 4883.83 4858.38 4840.36 4837.62 4838.95 4840.92 
4908.42 4918.28 4918.46 4915.37 4919.99 4927.48 4932.66 4936.9 4951.69 4956.15 4952.34 4941.78 4928 4930.31 4935.43 4940.78 4981.59 4991.34 5057.4 5023.54 4997.57 4969.08 4938.13 4928.21 4915 4912.91 4907.77 4903.95 4896.84 4878.82 4859.49 4838.93 4836.97 4837.2 4839.04 
4913.43 4918.27 4912.77 4916.49 4928.16 4940.36 4956.59 4976.93 4974.14 4967.45 4963 4952.59 4944.02 4967.54 4973.38 4975.78 4979.93 5033.75 5087.08 5099.5 5034.92 4969.95 4942.57 4950.89 4921.78 4900.81 4898.63 4897.33 4891.86 4877.07 4854.66 4838.85 4837.03 4836.29 4836.87 
4919.66 4919.89 4916.73 4926.3 4940.6 4953.61 4967.71 4992.15 4987.31 4988.5 4991.29 4990.56 5048.32 5040.12 5027.29 5008.4 5003.37 5041.48 5106.58 5094.91 5044.03 4963.66 4913.19 4932.11 4908.45 4877.97 4883.44 4894.09 4889.35 4875.84 4853.21 4837.32 4836.44 4836.09 4836.37 
4924.24 4930.51 4925.14 4940.85 4953.97 4962.29 4973.8 4985.87 4991.03 5006.68 5033 5056.91 5108.03 5117.31 5107.27 5092.45 5059.98 5042.49 5060.3 5049.78 5005.03 4953.62 4916.29 4922.46 4883.74 4856.31 4873.35 4897.93 4906.52 4882.01 4853.2 4838.29 4835.93 4835.73 4836.02 
4933.52 4940.64 4940.55 4957.86 4969.56 4978.72 4985.64 5015.43 4992.02 5023.02 5069.48 5159 5187.04 5186.04 5178.63 5176.46 5174.48 5126.1 5060.5 5050.41 5017.36 4981.96 4920.71 4913.44 4884.83 4844.25 4870.99 4899.44 4907.8 4882.8 4852.46 4836.4 4836.18 4835.93 4836.44 
4952.29 4973.26 4985.9 4976.69 4985.15 5005.18 5029.77 5026.82 5020.98 5035.21 5080.07 5133.81 5191.79 5224.45 5185.87 5173.28 5176.43 5097.6 5178.05 5079.94 5117.63 5076.01 4999.68 4971.19 4888.92 4867.11 4874.96 4894.26 4897.93 4877.34 4851.17 4837.61 4837.03 4836.54 4838.1 
4964.73 4990.18 4997.3 4987.49 4995.41 5022.72 5039.89 5017.94 4993.12 5031.5 5073.12 5115.26 5191.21 5185.65 5055.9 4974.22 4897.98 4847.8 4799.12 4890.07 5003.37 5173.58 5124.49 5055.46 4960.93 4898.49 4884.47 4890.38 4889.9 4876.96 4856.99 4841.83 4837.66 4837.08 4838.38 
4969.04 4987.49 4997.11 4994.67 5003.21 5024.1 5041.87 5000.72 4989.05 5037.27 5055.04 5052.94 5006.39 4961.89 4814.35 4714.24 4669.36 4595.5 4577.23 4647.52 4732.28 4917.31 5063.94 5130.02 5064.18 4926.31 4919.09 4904.15 4886.43 4876.89 4873.12 4856.88 4842.56 4838.49 4838.31 
4969.28 4982.95 4988.58 4999.15 5001.98 5015.54 5020.14 5009.05 5043.57 5060.23 5046.77 5012.78 4945.99 4618.63 4514.56 4410.42 4291.03 4312.55 4311.62 4379.64 4486.52 4611 4734.98 4858.32 4986.96 5027.01 5024.57 4932.91 4886.52 4871.79 4870.09 4856.61 4843.41 4839.5 4838.27 
4967.32 4983.45 5000.03 4998.61 5011.43 5010.4 5010.09 5005.07 5000.39 5045.35 5005.2 4918.99 4794.39 4470.24 4264.68 4185.81 4125.26 4147.36 4133.64 4159.28 4191.76 4300.45 4476.2 4622.96 4865.5 5202.83 5142 4913.74 4882.47 4868.87 4863.21 4850.21 4844.28 4841.1 4838.69 
4964.48 4977.09 4983.89 4977.31 4981.06 4994.95 5004.05 4999.72 5057.74 5087.3 4970.56 4765.08 4489.55 4149.63 4054.15 4038 4030.94 4022.32 4015.25 4023.1 4049.01 4109.7 4256.36 4428.25 4707.38 5037.27 5097.43 4958.98 4916.01 4879.49 4849.65 4846.77 4844.02 4846.75 4849.89 
4957.24 4964.18 4962.77 4970.91 4960.77 4963.89 4978.07 5000.83 5073.04 5191.11 4917.61 4598.92 4249.44 4010.96 3950.91 3951.84 3962.84 3962.48 3958.04 3959.67 3959.92 4001.07 4124.83 4273.63 4563.48 4900.46 5069.82 5042.53 4978.14 4914.15 4863.08 4852.99 4852.17 4845.61 4843.18 
4949.75 4957.72 4966.75 4957.65 4954.21 4944.79 4971.47 5024.81 5124.64 5090.73 4793.46 4459.19 4136.56 3951.87 3906.85 3920 3924.94 3910.6 3911.63 3912.45 3917.27 3948.67 4034.26 4177.22 4442.86 4767.69 5021.85 5089.99 5035.2 4952.82 4892.7 4863.53 4849.4 4844.22 4842.71 
4947.91 4953.1 4954.24 4955.69 4940.87 4944.09 5016.54 5121.95 5196.01 4988.13 4630.54 4324.35 4048.27 3883.1 3875.64 3935.52 3962.77 3866.5 3847.52 3875.95 3879.61 3907.61 3973.46 4099.89 4322.62 4601.66 4891.23 5130.32 5066.42 4952.52 4885.41 4863.72 4862.34 4847.64 4843.58 
4947.17 4951.72 4958.25 4953.55 4940.03 4948.43 5072.85 5229.99 5332.37 4893.79 4505.77 4225.93 3981.86 3829.88 3849 3958.27 4093.85 3971.82 3891.19 3846.62 3832.8 3852.65 3932.15 4040.45 4257.44 4546.51 4885.76 5173.87 5067.93 4922.89 4858.53 4855.63 4855.29 4844.77 4846.25 
4943.95 4949.74 4961.77 4959.96 4958.28 4974.97 5118.43 5284.95 5327.89 4832.38 4448.47 4192.16 3967.3 3820.09 3826.15 3948.39 4073.81 4133.1 3984.32 3823.98 3783.93 3829.69 3911.08 4041.96 4267.32 4599.82 4938.17 5116.35 5037.91 4900.09 4853.94 4859.13 4864.59 4861.91 4852.19 
4943.12 4948.09 4971.27 4993.64 4995.44 5006.19 5147.11 5309.16 5348.53 4886.37 4481.78 4217.58 3991.44 3837.54 3841.72 3924.87 4014.77 4061.98 3952.95 3804.19 3753.99 3822.25 3919.73 4038.46 4287.23 4724.39 5120.73 5083.1 5002.16 4921.49 4876.89 4864.96 4868 4870.11 4851.61 
4958.22 4963.31 4976.55 4987.85 5007.19 5014.22 5157.64 5324.87 5405.88 5019.41 4579.23 4297.71 4052.98 3874.39 3873.68 3919.03 3925.08 3939.5 3878.39 3805.01 3787.93 3839.32 3970.61 4090.35 4343.18 4848.27 5161.07 5048.72 4977.35 4939.32 4896.4 4870.99 4857.02 4845.16 4844.81 
4961.86 4969.71 4980.87 4989.94 5021.86 5037.37 5152.35 5334.55 5469.4 5216.55 4730.76 4424.9 4160.71 3951.22 3963.2 3936.37 3903.14 3887.32 3867.57 3849.18 3860.42 3915.06 4042.45 4223.81 4470.77 4977.31 5256.45 4957.4 4944.84 4944.75 4904.4 4879.94 4856.92 4844.68 4844.26 
4955.31 4972.75 4990.33 5011.32 4993.49 5000.3 5114.39 5299.07 5474.03 5437.75 4916.77 4610.95 4329.19 4086.35 3982.89 3946.55 3910.55 3894.12 3889.08 3908.98 3934.13 4002.96 4205.73 4486.61 4800.14 5047.6 5059.81 4931.92 4933.32 4929.77 4907.8 4880.34 4854.38 4843.59 4845.97 
4984.73 4986.02 4998.34 5007.18 5004.33 4978.07 5053.44 5211.25 5360.8 5422.4 5170.54 4856.28 4553.67 4280.8 4136.27 4112.09 4017.56 3999.34 3977.64 4109.87 4118.45 4189.4 4337.32 4760.52 5173.25 5131.15 5003.13 4948.5 4949.76 4949.15 4906.93 4875.97 4850.52 4843 4846.87 
4954.54 4977.66 4995.07 5009.1 4980.85 4966.68 5011.08 5110.1 5205.4 5202.17 5295.59 5066.27 4794.08 4577.58 4507.92 4477.73 4375.8 4303.06 4316.37 4440.64 4414.19 4504.36 4737.88 4990.46 5137.22 5089.85 4998.75 4965.33 4937.22 4914.72 4893.1 4870.84 4852.66 4846.72 4850.29 
4950.53 4966.94 4984.71 5000.89 5008.89 4975.44 4992.21 5041.99 5110.49 5215.9 5282.56 5169.27 4969.36 4796.98 4689.5 4717.91 4651.35 4626.15 4691.55 4787.46 4844.71 4939.07 5208.65 5157.55 5091.78 5034.39 4993.19 4988.94 4907.4 4883.97 4872.68 4863.27 4858.82 4855.96 4857.1 
4940.2 4951.16 4965.23 4977.64 4984.63 4966.52 4964.27 4996.05 5044.28 5100.88 5242.08 5141.3 5034.67 5003.88 5072.98 4996.62 4895.62 4865.9 4883.83 5019.02 5168.3 5205.1 5261.58 5157.93 5070.93 5039.31 4971.99 4900.26 4863.16 4852.85 4857.55 4857.62 4859.24 4865.52 4872.93 
4941.46 4940.73 4941.24 4946.1 4950.83 4957.62 4948.03 4971.37 4987.83 4978.17 4926.76 4971.66 5013.62 5057.88 5124.15 5139.11 5058.93 5013.13 5045.09 5023.34 5010.18 5137.47 5081.42 5055.3 5017.62 4944.05 4921.77 4894.5 4864.66 4855.08 4856.12 4854.04 4850.87 4850.73 4834.18 
4931.56 4923.89 4919.18 4915.94 4939.09 4972.44 4946.52 4962.18 4980.55 4942.74 4816.54 4878.5 4964.16 5009.78 5052.41 5043.78 5037.75 5043.98 5110.25 5211.89 5164.66 5177.12 5100.65 5054.7 4984.24 4934.53 4909.17 4883.86 4880.2 4869.33 4865.55 4858.11 4847.26 4841.61 4833.1 
4921.41 4915.46 4910.64 4902.54 4918.88 4949.89 4947.01 4961.89 4997.94 5060.79 5109.63 5006.38 4988.28 4979.98 4945.2 5012.72 4971.27 4984.77 4985.22 4970.57 4982.44 4966.75 5021.04 5020.56 5006.18 4966.99 4925.75 4890.85 4878.67 4878.41 4878.09 4873.94 4859.98 4847.32 4833.7 
4914.81 4911.89 4911.51 4911.07 4935.9 4925.78 4912.74 4947.67 5001.15 5076.86 5145.29 5090.52 4983.87 4957.8 4966.1 4975.16 4919.46 4937.27 4944.04 4932.16 4941.13 4954.75 4976.7 4986.66 4990.56 4991.33 4936.01 4895.1 4883.96 4882.88 4885.12 4899.87 4886.55 4852.86 4833.73 
4914.09 4913.83 4918.84 4940.51 4950.45 4905.3 4913.54 4945 4980.17 4992.45 4966.58 4905.98 4919.92 4921.31 4917.34 4897.99 4900.26 4908.79 4913.67 4920.48 4934.45 4958.1 4946.37 4941.6 4947.27 4939.65 4929.43 4903.8 4885.86 4878.07 4875.33 4868.82 4862.81 4847.19 4832.94 
4916.92 4915.13 4918.15 4914.29 4912.34 4922.04 4942.7 4945.24 4945.95 4940.62 4921.56 4885.62 4884.26 4886.9 4885.59 4889.47 4907.01 4902.88 4894.01 4922.8 4908.46 4919.74 4928 4926.32 4925.47 4939.36 4935.57 4914.37 4879 4867.77 4863.63 4854.18 4849.71 4841.89 4832.72 
4914.87 4914.98 4915.53 4912.26 4882.79 4913.36 4940.82 4924.54 4922.7 4909.96 4895.87 4884.14 4873.7 4870.23 4870.8 4875.38 4898.61 4903.75 4903.86 4881.2 4893.59 4904.34 4921.81 4919.09 4909.15 4929.18 4930.11 4899.32 4858.66 4856.04 4858.65 4862.59 4854.86 4846.58 4836.82 
4906.96 4905.67 4903.75 4898.33 4871.07 4878.98 4923.86 4925.82 4912.02 4895.55 4877.35 4871.83 4860.83 4855.73 4858.63 4855.67 4892.34 4900.22 4904.71 4889.95 4888.3 4905.81 4919.98 4882.44 4880.44 4901.9 4914.91 4894.49 4855.84 4850.87 4858.38 4863.22 4863.14 4865.48 4863.03 
4896.95 4894.45 4887.7 4880.17 4876.01 4878.17 4896.42 4899.92 4897.37 4886.23 4876.41 4851.97 4837.16 4839.39 4843.99 4849.01 4868.63 4886.41 4888.55 4901.87 4893.63 4906.05 4906.1 4863.51 4829.39 4871.67 4901.87 4898.99 4861.71 4851.98 4862.97 4869.3 4863.41 4861.54 4857.78 
