real_craters/C082-500m.grd
DSAA
120 120
-29.6275 29.6275
-29.6275 29.6275
8619.1961191313 9791.6294235826
[rows 60 to 89 of 120, columns 0 to 66 of 120]
9611.44 9612.58 9615.43 9615.66 9613.59 9614.05 9619.15 9618.9 9614.13 9610.22 9607.14 9605.07 9603.37 9602.03 9601.74 9602.24 9604.34 9608.14 9616.11 9618.05 9616.23 9602.78 9595.75 9618.04 9638.56 9642.9 9635.45 9631.41 9630.36 9629.48 9628.3 9627.75 9626.75 9624.26 9618.14 9613.15 9597.63 9569.85 9538.52 9502.92 9463.67 9420.57 9374.58 9327.47 9282.9 9259.56 9208.69 9155.98 9105.72 9050.07 8991.43 8931.33 8870.94 8809.77 8757.29 8724.59 8688.48 8647.78 8630.32 8621 8631.29 8675.2 8696.39 8711.72 8725.36 8739.12 8756.24
9610.48 9610.9 9612.8 9615.71 9618.22 9621.02 9621.4 9618.71 9612.84 9607.74 9604.04 9602.34 9600.5 9599.26 9600.11 9600.37 9602.14 9610.95 9629.27 9624 9590.39 9598.19 9609.3 9631.2 9634.79 9633.42 9630.46 9627.06 9625.62 9625.44 9625.55 9626.42 9627.35 9627.52 9619.51 9608.24 9593.12 9567.95 9537.64 9502.72 9464.56 9423.51 9379.59 9334.42 9289.61 9262.83 9217.71 9170.11 9120 9062.34 8999.86 8935.83 8871.76 8811.17 8753.6 8718.87 8697.72 8673 8654.16 8643.97 8653.03 8691.93 8710.47 8721.19 8733.14 8745.64 8762.17
9609.16 9608.83 9609.03 9615.31 9622.31 9625.59 9626.33 9619.58 9610.43 9605.65 9602.44 9600.12 9599.68 9598.4 9597.85 9598.34 9601.29 9607.2 9637.84 9634.77 9600.28 9603.31 9632.2 9628.3 9626.1 9625.43 9623.75 9621.83 9619.97 9620.21 9621.97 9624.09 9625.7 9625.8 9619.14 9611.86 9596.06 9569.87 9540.71 9508.14 9473.19 9435.14 9396.61 9357.67 9320.02 9308.35 9262.22 9207.33 9151.61 9088.08 9019.02 8950.24 8881.18 8815.65 8761 8729.61 8715.74 8700.85 8683.35 8676.68 8684.98 8703.72 8720.64 8729.79 8740.28 8753.04 8768.27
9607.61 9609 9610.1 9618.32 9627.63 9635.15 9628.78 9611.83 9606.01 9602.97 9600.67 9598.13 9596.01 9594.43 9593.47 9594.43 9600.15 9617.07 9634.93 9639.01 9631.42 9626.84 9631.37 9626.4 9620.95 9617.92 9615.22 9612.62 9612.43 9614.06 9617.02 9620.11 9623.33 9624.74 9623.88 9617.84 9602.31 9577.06 9549.9 9521.28 9491.42 9460.49 9429.35 9398.66 9370.79 9369.62 9323.42 9266.36 9201.32 9129.67 9052.21 8974.54 8898.89 8830.17 8772.03 8738.66 8726.9 8716.09 8705.15 8701.63 8707.44 8719.64 8728.59 8738.77 8752.43 8766.69 8782.79
9607.7 9611.6 9616.95 9622.47 9630.83 9639.15 9629.89 9604.9 9602.52 9601.8 9600.68 9597.91 9595.68 9593 9591.25 9589.85 9589.67 9593.6 9609.06 9623.95 9637.56 9630.23 9625.59 9624.31 9616.08 9611.35 9605.74 9601.27 9604.85 9608.25 9611.87 9616.17 9620.68 9625.11 9627.48 9623.5 9606.84 9585.5 9563.14 9539.98 9516.1 9492.58 9469.22 9448.17 9431.07 9444.32 9408.07 9338.17 9261.9 9177.67 9092.22 9005.01 8921.31 8845.04 8781.56 8744.31 8734.18 8725.98 8719.93 8715.85 8713.6 8721.97 8736.35 8748.88 8764.34 8782.1 8801.83
9608.51 9612.22 9617.42 9622.8 9628.9 9633.56 9628.42 9606.28 9603.34 9602.59 9600.92 9598.24 9595.24 9592.34 9589.92 9587.1 9583.06 9580.93 9584.58 9600.17 9620.3 9629.6 9628.1 9621.3 9614.75 9609.22 9603.54 9599.62 9599.71 9602.06 9605.31 9610.06 9615.15 9619.76 9623.45 9622.2 9606.2 9587.57 9568.83 9551.11 9533.31 9517.2 9502.61 9491.5 9486.07 9514.49 9491.56 9412.23 9322.69 9230.05 9136.41 9038.02 8947.52 8862.33 8791.56 8754.98 8744.95 8738.32 8733.58 8729.22 8727.48 8730.08 8747.87 8765.64 8788.01 8811.44 8835.21
9607.03 9611.37 9615.81 9619.11 9623.31 9625.42 9622.17 9609.12 9608.8 9606.47 9603.06 9599.52 9596.31 9592.97 9590.07 9586.56 9584.05 9581.29 9577.16 9580.64 9598.3 9632.81 9637.1 9626.26 9617.52 9610.22 9602.24 9596.9 9593.52 9594.94 9598.1 9602.65 9607.71 9612.47 9613.19 9611.59 9601.03 9589.06 9576.6 9564.09 9552.51 9543.29 9535.73 9531.75 9533.23 9571.43 9545.35 9473.23 9381.79 9286.9 9187.41 9085.65 8982.12 8888.26 8809.88 8775.01 8759.92 8754.63 8750.89 8745.53 8741.53 8746.12 8764.87 8792.82 8825.71 8858.78 8892.73
9604.06 9607.28 9610.41 9613.37 9616 9617.44 9618.22 9623.57 9618.12 9611.29 9605.02 9601.12 9597.24 9594.18 9590.97 9587.77 9582.31 9581.7 9582.32 9581.61 9594.88 9618.15 9628.79 9629.5 9624.04 9613.55 9601.21 9588.76 9588.69 9590.8 9593.48 9596.8 9599.75 9604.24 9612.4 9603.15 9594.11 9589.08 9583.43 9576.75 9570.81 9567.15 9564.92 9565.39 9615.2 9606.98 9583 9517.05 9433.15 9341.87 9242.63 9137.72 9028.83 8919.65 8830.1 8793.44 8782.21 8776.63 8774.46 8769.92 8766.84 8769.28 8787.9 8831.37 8877.88 8920.5 8965.79
9600.24 9601.51 9603.73 9606.86 9608.85 9610.07 9611.33 9629.16 9622.91 9613.32 9606.21 9601.13 9598.03 9594.91 9592.75 9590.02 9585.46 9583.06 9581.42 9582.25 9594.74 9603.84 9623.55 9641.26 9633.75 9617.02 9602.02 9589.74 9585.14 9585.85 9587.45 9588.55 9588.41 9589.42 9588.05 9585.55 9587.81 9588.95 9586.95 9583.16 9581.92 9582.41 9585.12 9590.68 9595.4 9632.57 9595.89 9549.71 9482.13 9397.82 9302.23 9195.59 9084.89 8966.18 8855.2 8824.24 8814.37 8812.11 8809.46 8802.85 8804.87 8810.87 8838.79 8894.79 8947.4 8997 9048.94
9596.6 9597.45 9598.78 9600.61 9602.01 9603.33 9606.31 9615.37 9616.36 9610.58 9605.22 9600.54 9597.04 9594.31 9592.85 9593.64 9599.2 9588.15 9583.01 9582.62 9585.23 9582.46 9589.3 9627.16 9627.84 9614.93 9601.57 9589.15 9583.47 9583.4 9583.13 9582.37 9581.87 9580.23 9576.03 9576.97 9584.76 9589.15 9590.43 9591.68 9593.89 9595.81 9602.26 9611.45 9648.16 9660.34 9638.88 9602.37 9536.38 9454.12 9363.78 9267.99 9164.45 9052.78 8942.01 8890.85 8867.42 8868.84 8861.52 8845.94 8841.24 8870.25 8926.96 8971.84 9031.43 9093.08 9157.99
9592.19 9599.43 9595.25 9594.4 9595.46 9597.18 9600.67 9606.53 9605.08 9602.51 9599.73 9596.74 9593.61 9591.57 9590.15 9589.66 9588.06 9586.35 9587.75 9589.23 9582.05 9573.42 9575.68 9593.97 9609.68 9608.13 9600.2 9591.89 9585.94 9582.51 9580.38 9578.4 9576.34 9573.77 9579.96 9585.71 9587.39 9589.74 9592.31 9596.37 9601.02 9607.52 9633.54 9644.08 9660.44 9685.37 9698.83 9669.21 9590.58 9508.38 9426.12 9345.69 9265.15 9183.65 9094.23 9034.45 8979.92 8964.11 8949.48 8929.93 8932.72 8946.07 8987.81 9052.1 9129.29 9201.6 9278.79
9581.58 9576.78 9583.51 9586.88 9588.96 9590.14 9590.89 9588.28 9590.6 9593.91 9593.85 9591.85 9589.5 9586.94 9584.79 9583.2 9582.2 9579.97 9595.15 9599.16 9582.62 9572.57 9577.58 9595.1 9604.1 9603.52 9598.34 9591.77 9586.46 9582.81 9579.34 9576.02 9573.02 9568.02 9561.66 9584.29 9587.21 9590.39 9593.67 9598.08 9603.77 9611.4 9621.52 9648.44 9667.23 9690.94 9721.12 9704.44 9619.88 9547.63 9481.31 9420.38 9364.8 9325.35 9291.86 9198.15 9121 9095.27 9078.72 9062.26 9075.24 9106.91 9122.12 9179.55 9255.38 9318.79 9369.7
9582.83 9574.66 9579.96 9582.75 9583.54 9583.7 9583.12 9581.65 9585.8 9587.69 9587.94 9586.72 9583.97 9581.41 9579.19 9577.11 9573.79 9576.77 9602.15 9606.88 9587.66 9582.66 9597.93 9610.73 9606.1 9602.04 9597.19 9592.02 9587.38 9583.23 9579.62 9576.93 9573.58 9570.13 9571.06 9574.76 9583.01 9588.79 9593.88 9598.76 9603.95 9611.18 9622.17 9635.74 9648.7 9668.97 9681.32 9654.5 9616.02 9566.66 9521.42 9482 9448.63 9415.78 9377.02 9336.25 9268.72 9245.47 9235.91 9226.72 9239.85 9294.12 9309.39 9344.7 9400.81 9449.99 9492.89
9588.89 9594.82 9584.7 9581.43 9580.28 9579.39 9578.62 9580.33 9583.96 9583.94 9582.84 9581.3 9579.2 9576.93 9574.18 9571.06 9570.48 9573.27 9594.33 9600.1 9597.51 9602.45 9607.84 9605.49 9603.76 9599.29 9595.27 9589.85 9585.96 9581.71 9580.25 9578.49 9577.08 9575.95 9574.57 9579.05 9583.93 9588.89 9591.71 9596.24 9602.71 9608.28 9616.04 9625.15 9633.75 9641.19 9637.7 9619.59 9598.63 9573.26 9547.95 9526.88 9517.55 9514.49 9498.06 9469.05 9419.09 9408.06 9408.79 9415.24 9402.94 9426.84 9479.58 9527.47 9541.89 9570.35 9636.79
9581.17 9580.92 9580.92 9579.36 9577.94 9576.76 9575.84 9576.76 9581.19 9580.34 9579.08 9577.36 9575.33 9573.24 9570.52 9568.01 9568.7 9575.98 9581.99 9591.34 9608 9614.88 9611.09 9603.36 9600.19 9596.46 9592.17 9586.69 9579.38 9580.77 9580.8 9579.62 9579.74 9584.1 9587.48 9582.39 9585.08 9585.5 9589.34 9592.64 9591.27 9594.79 9600.45 9608.49 9612.42 9613.43 9608.85 9593.33 9586.75 9577.94 9568.07 9560.99 9558.26 9554.38 9559.3 9551.2 9563.46 9544.79 9545.54 9593.73 9588.38 9584.36 9627.65 9675.05 9628.01 9622.95 9643.16
9576.1 9575.73 9576.61 9576.25 9575.39 9574.32 9573.27 9572.74 9575.98 9576.08 9575.21 9573.67 9572.09 9570.55 9569.69 9571.04 9571.92 9575.61 9584.59 9594.76 9613.74 9615.26 9608.53 9602.13 9597.37 9593.29 9590.62 9588.53 9586.15 9585.76 9582.51 9580.23 9579.42 9574.68 9576.22 9582.07 9581.33 9581.23 9581.93 9583.25 9586.25 9589.25 9592.32 9593.42 9597.67 9597.77 9593.39 9590.5 9583.42 9577.38 9575.44 9577.63 9588.3 9606.3 9608.34 9620.22 9634.31 9616.14 9603.21 9600.44 9623.05 9619.3 9629.31 9623.48 9629.26 9615.14 9610.83
9575.96 9574.72 9574.57 9574.12 9573.7 9573.02 9572.29 9571.55 9571.61 9572.6 9571.98 9570.84 9569.46 9568.5 9567.8 9567.72 9571.75 9575.25 9583.06 9594.28 9602.32 9608.33 9608.21 9598.65 9591.69 9587.28 9586.63 9589.15 9597.25 9591.79 9581.32 9577.13 9577.45 9584.1 9581.31 9576.75 9573.83 9575.28 9577.34 9578.91 9583.53 9587.98 9589.07 9588.45 9585.94 9587.19 9585.97 9587.49 9580.62 9576.74 9577.08 9582.79 9596.05 9615.47 9629.68 9637.08 9650.66 9637.67 9616.54 9632.02 9609.47 9604.99 9609.25 9616.4 9609.55 9590.88 9569.45
9573.6 9572.85 9572.5 9572.51 9571.76 9571.24 9571.48 9572.26 9572.47 9570.92 9569.88 9568.93 9567.85 9566.82 9565.97 9565.44 9564.89 9565.96 9568.64 9587.92 9596.97 9587.04 9586.9 9585.18 9581.79 9579.54 9578.85 9579.55 9582.57 9576.87 9571.85 9570.07 9569.36 9567.92 9570.51 9569.17 9568.63 9570.93 9573.85 9576.77 9577.04 9580.31 9581.63 9581.07 9580.01 9577.36 9574.64 9572.17 9568.97 9570.57 9572.7 9576.96 9584.43 9596.05 9612.74 9627.54 9621.01 9605.08 9588.19 9559.19 9568.17 9573.72 9576.95 9598.49 9585.66 9571.54 9566.7
9571.34 9569.37 9570.16 9570.1 9570.85 9570.59 9570.3 9570.87 9569.66 9568.34 9567.89 9567.05 9566.16 9565.19 9564.6 9563.75 9562.02 9562.54 9567.91 9587.75 9596.96 9578.89 9570.35 9571.64 9572.8 9571.73 9569.02 9564.41 9555.39 9551.7 9558.92 9561.83 9561.42 9560.63 9562.34 9563.8 9563.14 9565.59 9569.07 9572.27 9574.23 9575.18 9575.92 9575.77 9573.84 9571.88 9569.61 9568 9567.38 9567.3 9567.26 9566.81 9566.74 9570.9 9586.48 9598.6 9605.4 9596.94 9570.63 9549.04 9552.3 9555.03 9555.22 9554.79 9553.91 9550.46 9549.2
9572.15 9570.83 9569.9 9569.42 9568.65 9568.24 9568.38 9567.84 9566.69 9566.28 9566.14 9565.53 9564.59 9563.45 9562.14 9562.21 9563.36 9562.86 9570.79 9590.05 9596.85 9577.32 9565.22 9565.45 9565.23 9564 9561.55 9556.47 9549.62 9547.8 9554.38 9558.32 9558.33 9555.73 9559.72 9560.21 9556.34 9562.82 9566.66 9568.53 9567.82 9568.37 9569.36 9569.14 9568.6 9567.5 9567.2 9568.96 9569.2 9563.93 9561.5 9558.82 9554.99 9555.21 9568.52 9584.91 9604.45 9614.61 9571.51 9559.29 9553.56 9550.33 9547.17 9541.87 9541.35 9541.57 9538.84
9569.24 9569.41 9569.23 9568.54 9567.66 9566.82 9566.06 9565.21 9565.25 9565.61 9565.09 9564.4 9563.59 9562.32 9559.99 9558.79 9561.31 9560.16 9566.26 9589.94 9598.18 9582.06 9566.34 9563.61 9562.92 9560.99 9559 9556.49 9554.23 9555 9556.83 9559.76 9561.61 9562.87 9564.38 9567.27 9572.29 9566.83 9566.02 9563.48 9563.15 9562.73 9563.2 9563.3 9563.47 9563.87 9563.71 9562.79 9558.57 9559.84 9557.32 9554.62 9550.61 9546.96 9548.02 9560.52 9575.67 9576.93 9564.24 9562.88 9556.7 9550.79 9545.66 9542.73 9540.49 9542.22 9541.5
9568.25 9568.17 9567.67 9566.92 9566.14 9565.15 9564.02 9562.79 9561.96 9563.92 9563.73 9563.05 9562.59 9562.51 9562.35 9560.82 9559.27 9558.55 9561.63 9586.05 9597.28 9586.42 9571.16 9566.09 9562.47 9560.45 9558.63 9557.33 9557.81 9559.28 9559.84 9562.31 9568.28 9571.03 9569.45 9571 9574.29 9569.07 9563.09 9559.94 9558.42 9557.29 9558.72 9560.07 9560.83 9561.47 9561.95 9562.31 9565.09 9559.59 9554.66 9551.95 9552.44 9544.76 9532.8 9537.62 9544.77 9546.87 9546.15 9555.2 9553.94 9552.12 9549.76 9542.86 9535.52 9531.24 9534.08
9566.42 9566.76 9566.39 9565.66 9564.87 9563.69 9562.37 9561.18 9561.45 9562.95 9561.69 9561.15 9561.09 9561.8 9564.42 9564.65 9561.92 9560.02 9563.25 9587.33 9602.6 9600.79 9583.5 9569.18 9562.45 9558.57 9556.74 9556.22 9557.52 9561.84 9557.96 9559.05 9566.27 9570.9 9565.69 9567.16 9574.01 9562.54 9554.31 9554.53 9553.73 9554.24 9554.16 9555.36 9556.58 9557.41 9558.36 9559.93 9562.36 9556.23 9550.49 9546.61 9541.4 9534.95 9527.26 9523.27 9522.93 9522.19 9533.42 9546.03 9549.15 9549.86 9549.88 9543.39 9532.63 9525.69 9528.72
9565.22 9565.54 9565.23 9564.33 9563.05 9561.95 9560.45 9559.33 9558.34 9557.55 9558.65 9558.82 9558.82 9558.81 9558.44 9559.12 9558.64 9558.09 9562.29 9572.61 9578.17 9576.58 9572.1 9564.6 9558.88 9555.96 9554.22 9553.56 9552.97 9548.75 9549.12 9547.39 9544.75 9546.95 9550.67 9551.93 9547.98 9545.08 9544.39 9546.28 9547.32 9548.47 9548.87 9549.85 9551.36 9552.25 9552.73 9551.3 9548.44 9547.22 9544.35 9539.76 9533.11 9523.34 9516.16 9511.94 9510.86 9511.71 9525.46 9537.07 9540.14 9542.53 9545.2 9541.32 9528.55 9522.68 9522.11
9565.04 9564.93 9564.25 9563.22 9561.91 9560.46 9559.07 9557.91 9556.82 9556.75 9556.44 9556.32 9556.07 9555.5 9554.75 9553.38 9552.64 9552.18 9553.99 9551.98 9549.41 9551.72 9555.6 9556.13 9554.3 9552.46 9551.24 9550.84 9550.64 9550.64 9546.81 9539.27 9530.14 9530.52 9535.34 9535.88 9531.33 9531.86 9535.59 9538 9540.51 9542.23 9543.58 9545.04 9545.97 9546.14 9546.83 9545.67 9542.28 9542.65 9540.9 9536 9526.53 9516.56 9505.41 9505.63 9505.13 9508.04 9515.61 9526.08 9530.03 9530.8 9529.35 9524.13 9527.34 9523.31 9520.52
9565.75 9564.92 9563.91 9562.85 9561.49 9559.74 9558.15 9556.59 9555.35 9555.49 9554.24 9553.88 9553.77 9553.07 9551.44 9553.24 9551.65 9549.54 9549.47 9548.18 9546.08 9544.1 9547.4 9550.19 9550.8 9550.15 9548.82 9547.72 9548.07 9549.97 9545.2 9535.14 9526.22 9524.57 9525.89 9525.91 9525.52 9526.42 9528.47 9531.05 9533.86 9536.83 9538.88 9540.61 9542.05 9542.64 9542.56 9542.13 9543.11 9542.79 9540.73 9537.54 9531.36 9519.65 9511.64 9506.94 9504.15 9500.69 9500.5 9515.97 9522.43 9522.18 9514.24 9508.29 9518.89 9519.39 9518.92
9565.17 9564.1 9563.04 9561.85 9560.63 9559.19 9557.44 9555.51 9553.72 9550.99 9550.59 9551.79 9552.5 9552.61 9551.59 9550.9 9549.74 9549.16 9548.64 9546.95 9541.24 9540.89 9543.5 9546.05 9546.55 9546.41 9545.03 9543.84 9542.05 9540.36 9536.36 9531.42 9528.61 9523.34 9521.13 9519.87 9519.13 9521.64 9523.08 9525.08 9528.01 9531 9533.19 9534.66 9536.04 9537.18 9538.5 9539.33 9538.86 9540.27 9542.73 9542.02 9536.31 9523.99 9515.83 9513 9510.6 9506.7 9506.63 9517.64 9522.17 9521.08 9518.47 9517.98 9515.75 9514.84 9510.81
9564.17 9563.62 9562.96 9562.13 9560.84 9559.26 9557.32 9554.92 9551.33 9548.17 9549.38 9551.25 9552.32 9552.78 9551.97 9546.05 9545.5 9546.15 9545.84 9543.98 9541.53 9542.68 9542.61 9543.75 9544.83 9544.18 9542.53 9539.96 9536.4 9531.01 9525.55 9524.85 9523.82 9520.59 9517.86 9516.26 9515.29 9516.3 9518.15 9520.51 9523.23 9525.83 9528.64 9530.36 9531.8 9534.07 9535.6 9537.04 9539.34 9543.74 9546.9 9549.15 9544.92 9533.89 9525.57 9522.45 9522.6 9525.49 9529.95 9534.07 9529.64 9524.66 9519.64 9514.99 9509.62 9506.61 9507.41
9562.37 9561.73 9561.65 9561.06 9560.3 9559.49 9558.46 9556.7 9553.62 9549.8 9551.91 9552.96 9552.78 9551.4 9548.38 9544.69 9541.8 9541.33 9542.7 9539.69 9539.28 9542.83 9542.3 9541.53 9541.36 9540.21 9538.11 9534.99 9530.69 9525.3 9520.97 9518.94 9517.47 9517.07 9515.69 9514.32 9513.2 9512.9 9515.1 9518.66 9521.83 9524.43 9526.16 9527.86 9529.43 9530.66 9532.12 9533.36 9536.41 9541.5 9549.17 9557.64 9557.23 9548.84 9537.31 9529.9 9529.87 9542.75 9564.47 9545.88 9533.23 9525.98 9520.45 9513.37 9505.7 9500.72 9506.11
9560.67 9560.28 9559.87 9559.51 9560.48 9560.34 9560.24 9560.27 9560.67 9561.05 9558.14 9557.1 9554.73 9551.31 9546.01 9541.76 9540.46 9541.91 9545.98 9542.68 9540.48 9542.52 9542.44 9541.49 9540.13 9538.64 9536.02 9532.88 9528.26 9522.63 9517.26 9516.15 9516.15 9515.72 9515.46 9514.65 9512.67 9508.94 9513.68 9518.24 9520.67 9522.26 9523.94 9524.99 9526.06 9526.77 9527.56 9528.49 9529.54 9531.57 9545.2 9563.02 9564.41 9551.36 9540.02 9529.35 9523.03 9523.03 9536.61 9532.89 9527.5 9524.18 9521.54 9517.07 9509.61 9503.97 9510.84
