real_craters/C082-1000m.grd
DSAA
35 35
-16.93 16.93
-16.93 16.93
12348.080052689 13603.186796304
13379.2 13377.3 13382 13380.9 13346 13331.1 13335.1 13340.5 13348.3 13364.8 13400.9 13393.9 13385.8 13371.1 13362.2 13354.9 13348.7 13351.2 13350.1 13338.9 13333.1 13340.1 13323.3 13317.4 13306.8 13295.3 13295.9 13295.9 13293.2 13290.8 13294.7 13296 13292.9 13286.9 13284.1 
13378.8 13376.8 13382.3 13373.1 13343.8 13336.5 13345.7 13357 13369.1 13393.8 13399.9 13379.7 13375.7 13366.7 13362.6 13360.5 13351.8 13336.9 13333.5 13322.9 13304 13281 13313.5 13323.7 13326.1 13327.2 13324.4 13312.3 13319.1 13321.2 13309.9 13302.9 13293.2 13286.2 13287 
13375.8 13354.2 13379.2 13369.4 13343.6 13351.3 13359.6 13371.9 13382 13391.3 13392.3 13402.6 13389.5 13372.7 13359.7 13355.9 13363.5 13308.4 13308.4 13314.2 13321.2 13330.7 13326.1 13333.4 13348.2 13354.7 13355.5 13341 13334.5 13332.2 13322.6 13309.6 13296 13288.8 13292.4 
13385.1 13349.4 13364.1 13363.9 13358 13363.2 13365.6 13373.2 13385.6 13400 13399.1 13387.2 13380.9 13364.3 13351 13351.1 13344.6 13331.5 13309.8 13302.4 13319.8 13337.2 13327.1 13340.3 13358.5 13374.9 13355.4 13329.8 13341.4 13340.5 13329.9 13317.7 13306.1 13300 13298.4 
13404.1 13396.8 13356 13352.5 13361.4 13366.7 13366.8 13376.5 13385.3 13394 13391.2 13375.8 13368.8 13360.7 13347.6 13348.2 13342.5 13328.7 13319.5 13302.2 13245.3 13260.8 13317.2 13342.4 13359.1 13358.9 13339.6 13332.7 13348.3 13352.6 13338.5 13324.6 13312.6 13303.4 13304.6 
13408.8 13371.8 13361.6 13361.6 13369.2 13379.4 13368.1 13377.9 13384.5 13386.4 13387.6 13380.3 13379.5 13365.4 13357.7 13356.6 13350.7 13342 13336 13331.6 13335.7 13328.2 13331.6 13349.2 13361.9 13360.8 13333.1 13338.9 13340.2 13343.8 13340.5 13329.9 13316.6 13309.6 13312.6 
13429.4 13411.6 13382.2 13384.1 13399 13397.6 13391.5 13391.8 13391.8 13395.1 13406.3 13375.1 13370.1 13372.2 13365.6 13373 13379.7 13361.8 13364.9 13362 13353.8 13350.4 13359.1 13360.3 13356.2 13356.7 13358.8 13349.3 13354.6 13355.1 13348.7 13339 13327 13324.3 13323.8 
13430.4 13419.8 13399.2 13406.1 13414.2 13420 13415.5 13406.6 13402.3 13394.4 13397.9 13399.7 13388.1 13392.2 13392.2 13405.4 13409.5 13393.2 13392.4 13391.3 13352.2 13369.1 13381.7 13369.9 13355 13352.8 13347.7 13360.1 13355 13361.5 13357.9 13352.4 13343.3 13333.6 13339.6 
13443.5 13439.7 13431.8 13425.1 13423.5 13429.3 13413.7 13411 13414.1 13419.6 13412.1 13412.1 13428.2 13437.4 13440.4 13433.9 13448.2 13397.9 13392.2 13417.5 13430.4 13398.4 13400 13378 13348.2 13340.8 13350.2 13365.9 13381.1 13373.6 13369.1 13367.8 13373.9 13355.6 13362.5 
13442.3 13445.9 13444.1 13440 13436.6 13419.3 13405.1 13414 13423.6 13442.3 13450.1 13491.8 13509.3 13424.7 13391.4 13374.2 13364.9 13303.8 13310.5 13346.4 13385.7 13377.6 13399.1 13390.3 13371.5 13336.9 13353.1 13363.8 13376.7 13376.1 13374.4 13374.9 13379.6 13393 13383.6 
13452.8 13442.6 13442.7 13449.6 13462.3 13438.1 13424.1 13425.5 13432.7 13437.5 13484.5 13485.5 13406.8 13363.1 13288.9 13207.8 13121.5 13080.1 13110.3 13173.8 13254.8 13286.9 13362.4 13400.3 13390.9 13364.2 13359.7 13366.9 13370.6 13376.7 13376.3 13373.6 13369.3 13386.8 13389.9 
13452.3 13437.5 13441.2 13448.8 13454 13461.1 13437.8 13431 13447.1 13464.9 13478.6 13448.7 13384.4 13248.9 13089.4 12912.8 12728.9 12773.8 12841.9 12880.5 12996.6 13150.1 13292.4 13432.7 13467.9 13390.3 13384.3 13373.2 13380.1 13380.4 13379.8 13377.7 13379.4 13382.5 13386.6 
13453.9 13456.2 13450.2 13450.8 13460 13447.8 13402.8 13436.4 13468.2 13501.4 13466.8 13371.9 13208.8 12968.3 12802.3 12622.9 12478.2 12533.9 12593.8 12612.4 12757.8 12963.7 13165.8 13377.9 13468.9 13440.9 13416.1 13392.7 13382.4 13386.4 13386.5 13386.1 13386.4 13378.2 13378.6 
13464.3 13468.9 13460.8 13450.8 13453.6 13460.9 13435.1 13452.9 13480.3 13470.3 13382.6 13206.3 12954 12656.8 12543.3 12418.7 12392.1 12413.4 12431.6 12417.7 12572.9 12785.7 12992.3 13223.8 13416.4 13467.7 13454.2 13407.2 13397.1 13395.8 13394.5 13393 13389.9 13383.2 13382.3 
13477.6 13484.4 13467 13450.5 13450.3 13443 13457.7 13462.4 13465.8 13434.7 13300.2 13046.8 12710.4 12453.1 12410.6 12373.7 12389.3 12388.3 12373.1 12380 12492 12650.9 12819.9 13027.3 13365.3 13442.5 13452.1 13426.1 13408.3 13401.8 13399.5 13401.3 13399.9 13403.5 13411.2 
13487 13487.9 13472.3 13445.4 13451.1 13460.7 13459.5 13452.4 13434.8 13361.4 13198.4 12872.8 12568 12394.2 12371.6 12372.1 12412.4 12411.2 12389.8 12423.9 12468.7 12569.4 12694.4 12890.1 13260 13406.1 13446.1 13434.4 13413.8 13405.1 13402.1 13403.8 13403.8 13404.8 13405.1 
13493 13501.4 13488.1 13473.5 13472.9 13477.6 13457.4 13453.3 13436.2 13337.7 13133.6 12787 12498.8 12389.6 12371.5 12404.9 12499.8 12460 12397 12375.5 12444.7 12520.4 12636.5 12833.5 13207.5 13399.9 13487.2 13541.1 13435.6 13416.7 13408.3 13409.2 13408.6 13406 13402.9 
13504.7 13505.3 13500.2 13497 13494.4 13492.3 13492 13486.4 13459.5 13322.6 13067.6 12757.7 12478 12390.3 12376.9 12425.9 12545.7 12464.5 12394.6 12383.1 12448.2 12535.4 12645.7 12872.2 13214 13424.8 13496.5 13524.2 13443 13417.6 13411.2 13408.8 13414.1 13425.2 13434.9 
13519 13509.4 13503.8 13501 13504.3 13510.5 13510.4 13512.6 13521.8 13377.2 13112.7 12789 12495.2 12382.1 12372.9 12368.6 12422.1 12411 12376.6 12409.8 12485.6 12584.7 12697.9 12936.1 13275.2 13456.6 13484.2 13456.5 13418.7 13415.1 13416.2 13423.9 13430.7 13446.6 13472.3 
13531.4 13517.2 13506.1 13500.5 13508 13513 13514.7 13520.7 13525.5 13390.2 13162.3 12882.8 12592 12398.2 12375.6 12354.4 12360.9 12364.2 12348.1 12416.4 12547.4 12677.4 12820 13106.6 13362.1 13498.4 13500.8 13475.3 13445.5 13427.4 13424.9 13434.3 13441.3 13456.5 13470.6 
13541.1 13519.7 13514.8 13511.3 13512.6 13515 13516.7 13516.9 13495.3 13413.5 13248.9 13030.6 12760.1 12479.3 12406 12367.5 12365.2 12372.5 12382.5 12493.8 12659 12821.1 12995.2 13251 13467.3 13541.6 13486.7 13457.1 13452 13435.9 13426.3 13419.2 13444.1 13463.5 13484.8 
13552.1 13535.2 13529.1 13524.3 13519.9 13517.6 13516.1 13512.8 13518.7 13508 13371.8 13218.1 13038.5 12739.3 12517.1 12473.5 12459.5 12492.8 12530.5 12661.6 12838.3 13004.5 13186.1 13413.1 13568.7 13535.9 13463.5 13436 13438.3 13439.3 13438.2 13442.6 13453.9 13469.6 13487.1 
13554.3 13542.5 13540.1 13534.8 13527.3 13520.9 13517.1 13517.3 13519.8 13506.2 13435 13347.4 13221.3 13037.8 12864.4 12730.9 12674.6 12735.4 12793.2 12906.9 13052.7 13210.6 13363 13567.7 13562.8 13509.8 13454.4 13434.3 13434.7 13441.3 13451 13460.2 13464.5 13470.7 13476.4 
13573.5 13558 13550.3 13540.7 13530.5 13522.4 13517.3 13519.1 13516.8 13496.5 13466.7 13428.9 13351.1 13277 13217.1 13104 13054.6 13067.7 13092.1 13164.5 13269.4 13415.3 13566.6 13595.2 13526.9 13489.4 13450.9 13437.5 13437.4 13445 13457.5 13465.9 13470.4 13473.4 13477.9 
13578.1 13564.2 13553.9 13543 13530.9 13520.3 13517.1 13519.9 13516.1 13497.7 13490.6 13488.5 13516.8 13433.9 13395.4 13372.8 13370.2 13384.4 13389.1 13375.7 13421.4 13514.8 13582.7 13545.9 13503.4 13475.1 13449.4 13443.1 13446 13454.4 13467.2 13472.9 13474.5 13476.8 13483.1 
13568.8 13554.2 13557.4 13538.2 13525 13512.2 13498.9 13486.2 13506.2 13514.8 13506.1 13493.5 13492.3 13511.5 13538.4 13504.5 13511.2 13534.4 13534.4 13488.9 13494.6 13525.5 13522 13506.8 13488.8 13470.7 13456.4 13453.4 13456.1 13461.1 13466.5 13472.9 13475.4 13476.8 13482.4 
13546.4 13540.1 13533 13530.2 13519.9 13506.3 13491.2 13485.1 13502.2 13516.6 13517.9 13519.3 13535.6 13534.6 13552.9 13538.5 13527.9 13517.4 13517.5 13516.7 13511.4 13507.9 13498.1 13493.6 13479.3 13470.4 13462.9 13463.1 13467.2 13469.8 13478.3 13477.1 13477.2 13475.8 13477.8 
13551.1 13544.9 13532.9 13525.3 13516.5 13503.8 13493.5 13484.1 13507.3 13509.4 13532.9 13542.3 13555.6 13537.3 13525.5 13528.2 13531.2 13529.5 13529.9 13519.9 13513.4 13505.5 13523.1 13491.2 13480.5 13477.5 13475.1 13474.2 13475.5 13479.7 13485 13484.6 13479.5 13476.6 13470.9 
13557.6 13552.1 13535.1 13524 13515.1 13507.5 13501.6 13490.8 13503.3 13522.8 13551.8 13563.3 13566.3 13550.1 13538.3 13545.1 13540 13534.3 13528 13519.4 13513.2 13509.9 13504.1 13497.6 13488.7 13486.3 13485.5 13485.6 13485.2 13473.5 13489.6 13488.1 13483.9 13476.6 13468.5 
13559.5 13549.9 13535.7 13525.1 13518.9 13513.2 13509.8 13508.8 13516.4 13534.3 13560 13579 13573.3 13560 13560.3 13573.3 13550.8 13522.1 13518.8 13518.6 13514.6 13517.5 13506.2 13488.2 13488.6 13487.8 13492.2 13497.3 13503.9 13512.7 13497.1 13493.8 13486.3 13478.7 13468.5 
13546.8 13537.5 13526.4 13523.4 13520.8 13517.9 13514.7 13514.9 13520.3 13534.3 13552.2 13570.7 13570.5 13583.1 13594.1 13587 13568.9 13545.8 13534.1 13527.4 13517.8 13505.6 13506 13503.2 13497.1 13490.8 13502.4 13509.9 13515.9 13525.7 13524.3 13502.1 13488.2 13478.2 13466.4 
13550.7 13540.2 13531.7 13527.1 13525.1 13522.8 13520.8 13522.7 13526.4 13529 13539.9 13550.7 13562 13584.7 13579.8 13599.3 13589.6 13571.9 13558.9 13546.9 13535.1 13525.3 13520.4 13511.9 13512.7 13517.3 13516.7 13515.2 13518.2 13517.7 13504.4 13497.6 13485.7 13475.3 13466.6 
13556.4 13538.8 13536 13532.8 13529.8 13527.3 13526.6 13528.1 13530.7 13527.5 13534.9 13547.2 13557.6 13551.5 13559.6 13583.9 13596.1 13587.5 13578.1 13566.6 13560.3 13558 13549.5 13538.4 13534 13535.1 13522.7 13513.1 13508.9 13508.3 13501.6 13491.3 13481.2 13472.3 13464.1 
13555.5 13547.3 13542 13539.3 13534.7 13531 13529.3 13532.9 13536.8 13535.9 13540.2 13551.6 13564.4 13558.5 13552.8 13563.7 13593.5 13603.2 13593.3 13575.4 13571.5 13562.3 13558.3 13559.7 13546.7 13535.2 13520.9 13506.4 13495.8 13485 13481.9 13477.8 13471.3 13464.8 13457.4 
13551.2 13547.8 13542.6 13541.1 13542.9 13538.2 13534.1 13539.6 13550.3 13545.7 13548.7 13562.8 13577.5 13574 13558.8 13563.4 13586.3 13591 13573.4 13564.8 13561.2 13570.4 13561.1 13554.8 13537.3 13521.8 13511.4 13498.6 13485.3 13474.1 13470.2 13466 13463.5 13459.4 13454.7 
