real_craters/C082-300m.grd
DSAA
199 199
-29.6275 29.6275
-29.6275 29.6275
8618.2773289321 9793.846496762
[rows 150 to 179 of 199, columns 0 to 66 of 199]
9557.43 9556.62 9556.22 9556.68 9558.16 9558.59 9559.11 9559.7 9560.43 9560.93 9562.26 9563.23 9564.49 9566.18 9568.51 9570.82 9569.77 9567.22 9564.41 9561.49 9558.35 9554.6 9549.19 9545.75 9540.93 9539.58 9540.83 9542.16 9544.57 9547.49 9549.71 9548.19 9542.42 9542.56 9542.83 9543.54 9543.54 9543.07 9542.34 9541.52 9540.43 9539.42 9537.97 9536.05 9534.17 9532.04 9529.59 9526.98 9523.86 9520.22 9516.65 9514.93 9513.95 9514.14 9514.91 9515.67 9516.21 9516.6 9516.88 9517.25 9517.59 9518.69 9522.95 9523.03 9521.99 9522.26 9522.4
9555.33 9554.87 9554.81 9555.02 9555.37 9556.1 9556.97 9557.98 9559.92 9561.03 9562.27 9564.23 9565.72 9567.3 9568.86 9570.18 9571.5 9570.76 9567.61 9564.14 9560.81 9557.59 9554.42 9551.1 9547.06 9544.59 9543.46 9544.32 9547.02 9549.71 9552.73 9551.78 9548.7 9544.42 9542.03 9543.87 9544.55 9544.22 9543.46 9542.53 9541.36 9539.96 9538.49 9536.96 9535.17 9533.18 9531.15 9528.56 9526.08 9522.91 9519.36 9517.13 9514.3 9514.22 9515.66 9516.87 9517.69 9518.37 9519.05 9519.96 9521.43 9524.25 9528.7 9528 9525.43 9524.22 9523.66
9552.45 9552.4 9552.82 9553.4 9554.22 9555.2 9556.33 9557.67 9559.25 9560.59 9562.14 9563.8 9565.92 9567.44 9568.82 9569.32 9572.3 9573.14 9569.49 9566.04 9562.89 9560.51 9559.87 9557.86 9557.65 9551.41 9546.28 9545.07 9548.01 9550.75 9552.61 9555.4 9557.35 9552.71 9549.18 9547.37 9546.61 9545.79 9544.82 9543.53 9542.36 9541.11 9539.71 9538.12 9536.43 9534.76 9532.89 9531.06 9529.25 9527.54 9526.18 9523.17 9518.7 9517.52 9518.09 9518.74 9519.32 9519.99 9520.8 9521.96 9523.54 9525.53 9527.21 9527.36 9526.62 9526.18 9525.94
9549.41 9549.81 9551.44 9552.42 9553.25 9554.5 9555.96 9557.34 9559.06 9560.7 9562.43 9564.19 9566.39 9567.83 9569.41 9570.44 9571.77 9571.45 9569.77 9566.99 9563.96 9561.13 9558.61 9559.28 9560.06 9554.05 9548.83 9546.51 9548.93 9552.71 9555.52 9556.31 9556.39 9557.55 9555.1 9550.88 9548.84 9547.55 9546.17 9544.99 9543.69 9542.19 9540.76 9539.23 9537.66 9536.18 9534.61 9533.29 9532.31 9531.72 9532.16 9529.91 9525.72 9522.62 9521.52 9521.23 9521.36 9521.81 9522.51 9523.5 9524.75 9525.9 9526.06 9526.21 9526.61 9526.72 9526.41
9547.09 9547.54 9548.82 9549.91 9551.22 9554.15 9555.71 9557.47 9559.36 9561.12 9562.91 9564.98 9567.1 9568.49 9569.95 9570.97 9571.27 9571.12 9569.95 9567.52 9564.44 9561.49 9559.26 9557.19 9555.25 9553.49 9550.96 9548.34 9550.59 9554.91 9558.3 9558.01 9556.78 9556.18 9554.96 9552.51 9550.79 9549.02 9547.42 9546.22 9545.02 9543.56 9542.05 9540.54 9539.05 9537.4 9536.11 9535.32 9534.6 9534.01 9534.08 9532.55 9529.23 9526.38 9524.55 9523.64 9523.42 9523.57 9524.03 9524.73 9525.54 9526.5 9527.56 9526.7 9526.54 9526.85 9527.03
9546.01 9546.18 9546.88 9548.04 9549.52 9552.14 9555.84 9557.68 9559.6 9561.48 9564.46 9565.8 9567.42 9569.39 9570.48 9571.38 9571.89 9572.05 9570.9 9568.17 9564.64 9560.81 9557.87 9555.68 9553.98 9553.3 9552.14 9552.03 9552.95 9555.59 9558.65 9560.72 9559.75 9556.19 9554.48 9553.31 9552.23 9550.7 9549.15 9547.2 9545.93 9544.62 9543.08 9541.59 9540.16 9538.42 9537.3 9536.36 9535.79 9534.87 9533.78 9532.13 9531.07 9528.51 9526.67 9525.53 9525.04 9524.92 9525.11 9525.51 9526.06 9526.6 9527.47 9526.01 9526.47 9527.23 9527.6
9545.06 9545.09 9545.99 9547.46 9549.89 9552 9555.12 9557.25 9559.35 9562.83 9565.06 9566.69 9568.22 9569.98 9571.29 9572.28 9573.02 9574.94 9572.38 9569.08 9565.27 9560.47 9557.19 9555.66 9554.55 9554.44 9554.79 9555.69 9554.56 9554.26 9556.78 9560.8 9560.44 9557.07 9555.52 9554.52 9553.8 9552.48 9551.07 9549.55 9547.44 9545.87 9543.43 9541.92 9540.5 9539.55 9538.32 9537.23 9536.22 9535.02 9534.24 9533.74 9531.47 9529.52 9528.22 9527.3 9526.71 9526.42 9526.35 9526.41 9526.51 9526.48 9525.78 9525.06 9527.1 9527.98 9528.21
9543.95 9544.5 9545.94 9547.9 9549.97 9553.03 9555.7 9557.89 9560.6 9562.6 9564.95 9567.45 9569.25 9570.69 9571.99 9573.31 9574.53 9574.65 9572.91 9569.95 9566.75 9563.89 9559.98 9556.93 9555.83 9556.05 9556.46 9557.24 9555.13 9553.38 9555.21 9558.43 9559.53 9558.02 9556.95 9555.78 9554.56 9552.98 9551.83 9550.29 9549.57 9547.92 9546.27 9544.62 9542.97 9540.93 9539.56 9538.27 9536.95 9535.44 9533.83 9531.82 9530.16 9529.34 9528.66 9528.37 9527.88 9527.5 9527.26 9527.09 9526.95 9526.79 9526.79 9528.23 9529.1 9529.14 9529.06
9543.68 9544.88 9547.07 9549.11 9552.1 9554.53 9556.65 9559.2 9561.2 9563.09 9565.36 9567.99 9569.45 9570.9 9572.71 9573.86 9574.72 9574.65 9573.01 9570.27 9567.55 9565.55 9561.7 9558.06 9557.15 9557.94 9558.84 9557.49 9555.44 9553.89 9555.71 9558.91 9560.03 9560.19 9559.01 9557.86 9556.55 9555.04 9553.23 9551.47 9550.05 9548.32 9546.61 9545.2 9543.59 9542.01 9540.52 9539.08 9537.61 9535.8 9533.8 9530.75 9529.31 9529.48 9529.12 9528.58 9528.06 9527.47 9527.15 9526.94 9526.83 9526.91 9527.73 9529.41 9529.9 9529.84 9529.45
9544.8 9546.29 9548.98 9551.59 9553.72 9556.07 9558.89 9561.01 9562.75 9564.35 9566.61 9568.52 9569.91 9571.25 9572.58 9573.74 9573.94 9574.3 9572.97 9569.83 9566.62 9564.39 9561.4 9558.92 9558.37 9558.62 9557.61 9555.79 9556.11 9556.49 9557.2 9559.25 9560.53 9560.98 9560.91 9560.07 9558.78 9557.33 9555.2 9552.92 9550.9 9549.03 9547.63 9545.87 9544.17 9542.92 9541.27 9539.68 9538.22 9536.6 9534.95 9533.38 9531.31 9530.49 9529.83 9529.19 9528.6 9528.09 9527.6 9527.3 9527.12 9527.11 9527.48 9527.37 9530.13 9530.29 9529.67
9545.97 9548.76 9552.03 9555.35 9557.88 9559.92 9561.18 9562.89 9564.39 9566.38 9567.72 9568.71 9570.29 9571.47 9572.53 9573.87 9574.26 9574.59 9572.77 9568.87 9564.62 9560.27 9560.18 9560.26 9559.42 9558.98 9557.35 9556.28 9557.36 9558.29 9558.3 9558.42 9561.79 9563.13 9562.73 9561.57 9560.62 9559.09 9557.28 9555.6 9553.05 9551.35 9549.4 9547.4 9545.46 9543.47 9541.66 9539.93 9538.39 9537.11 9536.13 9535.17 9533.51 9531.84 9530.76 9529.96 9529.32 9528.76 9528.24 9527.98 9527.69 9527.55 9527.89 9528.71 9530.77 9530.59 9529.7
9549.62 9553.92 9557.17 9559.31 9561.88 9563.36 9564.21 9565.58 9566.86 9567.89 9568.85 9569.77 9571.04 9572.04 9572.51 9573.58 9573.88 9572.94 9570.43 9568.12 9564.75 9561.19 9560.72 9559.59 9560.23 9560.08 9558.43 9558.18 9559.45 9560.61 9560.93 9562.22 9565.06 9565.95 9564.99 9563.71 9561.79 9559.98 9558.28 9556.79 9554.6 9552.61 9550.59 9548.4 9545.99 9543.99 9542.01 9540.1 9538.4 9537.04 9536.5 9536.99 9534.62 9532.52 9531.44 9530.64 9529.96 9529.41 9528.88 9528.41 9528.23 9528 9528.25 9529.05 9530.34 9530.25 9529.51
9560.59 9562.77 9564.36 9565.56 9566.38 9567.74 9568.97 9569.63 9570.21 9570.32 9570.81 9571.52 9572.1 9572.16 9573.16 9572.88 9572.38 9570.98 9569.26 9568.53 9567.5 9565.76 9563.37 9562.96 9561.62 9561.48 9561.44 9560.63 9560.99 9562 9562.75 9564.37 9566.6 9567.36 9566.48 9565.09 9563.45 9561.64 9559.4 9557.34 9555.29 9553.21 9551.11 9549 9547.02 9544.87 9542.7 9540.5 9538.3 9536.18 9534.6 9534.49 9532.52 9532.35 9531.89 9531.26 9530.59 9529.99 9529.38 9528.83 9528.39 9528.1 9528.11 9528.39 9529.38 9529.73 9529.05
9578.25 9574.46 9572.51 9572.16 9571.8 9572.24 9573.04 9573.09 9573.83 9573.52 9573.47 9573.37 9573.64 9573.65 9573 9572.36 9571.17 9570.03 9569.71 9569.39 9569.36 9568.03 9564.68 9562.21 9562.61 9562.54 9562.96 9562 9561.46 9561.87 9563.17 9564.98 9566.08 9567.62 9567.6 9566.32 9564.6 9562.75 9560.73 9558.19 9556.06 9553.93 9551.8 9549.66 9547.92 9545.51 9543.27 9540.94 9538.37 9535.39 9530.93 9528.43 9531.37 9532.6 9532.42 9531.8 9531.09 9530.39 9529.72 9529.11 9528.61 9528.26 9528.21 9528.41 9528.99 9529.36 9528.59
9588.41 9583.73 9580.49 9578.02 9577.51 9577.3 9576.83 9576.53 9576.76 9576.37 9576.08 9575.36 9574.58 9573.85 9573 9571.85 9570.52 9569.47 9569.22 9569.78 9569.79 9568.76 9567.35 9565.68 9564 9563.31 9562.93 9562.01 9560.8 9561.17 9563.31 9566.8 9569.76 9569.82 9568.85 9567.24 9565.4 9563.26 9561.18 9559.25 9556.94 9554.81 9552.67 9550.52 9548.3 9545.95 9543.8 9541.54 9539.21 9536.59 9532.86 9531.05 9534.6 9534.25 9533.41 9532.57 9531.77 9530.98 9530.23 9529.54 9528.93 9528.49 9528.29 9528.65 9529.47 9529.03 9528.06
9593.13 9589.22 9585.64 9583.86 9581.81 9581.48 9580.35 9579.51 9578.7 9578.93 9577.98 9576.88 9575.69 9574.48 9573.16 9571.67 9570.27 9569.29 9569.71 9569.91 9570.66 9569 9567.01 9566.1 9565.15 9563.81 9563.63 9562.21 9560.91 9560.49 9561.72 9567.06 9572.26 9571.36 9569.48 9567.63 9565.62 9563.66 9561.5 9559.16 9557.06 9554.97 9552.88 9550.58 9548.7 9546.65 9544.64 9542.72 9541.08 9539.8 9539.55 9538.77 9538.25 9535.67 9534.29 9533.3 9532.43 9531.58 9530.77 9530 9529.24 9528.57 9528.1 9528.34 9528.32 9527.51 9527.08
9594.31 9590.95 9588.65 9587.6 9585.62 9584.39 9583.45 9582.29 9581.59 9580.39 9579.6 9578.15 9576.8 9575.25 9573.59 9571.84 9570.14 9568.56 9569.2 9568.81 9566.8 9567.16 9566.36 9566.82 9567.32 9566.44 9564.59 9562.47 9560.76 9560.33 9561.75 9566.78 9570.56 9570.83 9569.3 9567.32 9565.31 9563.36 9561.28 9559.35 9557.33 9555.31 9553.29 9551.29 9549.45 9547.49 9545.6 9543.9 9542.51 9541.76 9542.05 9540.56 9536.85 9535.66 9534.84 9534.04 9533.2 9532.31 9531.42 9530.49 9529.56 9528.65 9527.73 9526.57 9524.65 9525.9 9526.31
9588.27 9590.41 9590.74 9590.48 9590.04 9588.83 9586.71 9585.23 9583.74 9583.39 9581.66 9579.88 9577.98 9576.28 9574.4 9572.39 9570.65 9569.29 9569.47 9568.27 9566.27 9566.4 9568.18 9567.97 9569.35 9569.79 9565.84 9562.68 9560.01 9559.71 9561.59 9566.65 9570.27 9569.38 9567.93 9566.34 9564.56 9562.64 9560.98 9559.31 9557.42 9555.51 9553.7 9551.58 9549.77 9547.96 9546.22 9544.66 9543.24 9542.06 9541.2 9539.43 9536.9 9535.88 9535.43 9534.8 9533.97 9533.01 9531.99 9530.98 9529.93 9528.87 9527.77 9526.61 9525.7 9526.22 9526.48
9589.09 9592.36 9594.07 9594 9593.6 9592.86 9591.22 9589.53 9587.58 9585.58 9583.51 9581.44 9579.06 9577.01 9575.01 9573.03 9571.58 9570.56 9568.98 9566.97 9565.98 9565.62 9565.9 9566.46 9566.38 9567.82 9566.13 9562.99 9560.6 9559.52 9560.22 9563.79 9566.47 9566.76 9566 9564.96 9563.58 9561.96 9560.37 9558.85 9557.15 9555.44 9553.72 9552.01 9550.37 9548.65 9546.95 9545.42 9543.69 9541.86 9539.86 9538.94 9537.84 9537.15 9536.55 9535.82 9534.89 9533.82 9532.67 9531.6 9530.43 9529.32 9528.34 9527.73 9527.81 9527.31 9526.87
9595.44 9598.28 9598.93 9598.62 9597.4 9595.29 9594.31 9592.11 9589.81 9587.27 9584.92 9582.58 9580.26 9577.64 9575.52 9573.56 9571.88 9570.25 9568.25 9566.33 9564.9 9564.25 9564.37 9564.88 9564.3 9562.85 9563.56 9562.87 9561.52 9560.15 9560.01 9561.75 9563.31 9563.98 9563.82 9563.19 9562.26 9561.28 9559.92 9558.66 9557.12 9555.58 9554.01 9552.56 9551.01 9549.41 9547.8 9546.32 9544.53 9542.58 9540.52 9539.94 9539.93 9539.14 9537.98 9537 9535.85 9534.57 9533.35 9532.01 9530.75 9529.62 9528.8 9528.38 9528.26 9528.03 9527.13
9604.58 9605.42 9604.51 9603.41 9601.21 9599.68 9597.2 9594.46 9591.81 9589.18 9586.59 9583.96 9581.37 9578.84 9576.42 9574.04 9571.9 9569.8 9567.94 9565.61 9563.33 9563.6 9563.49 9564.62 9564.7 9561.81 9561.48 9562.87 9562.6 9560.58 9559.49 9559.98 9560.91 9561.69 9561.92 9561.75 9561.16 9560.27 9559.43 9558.35 9557.06 9555.7 9554.45 9552.92 9551.49 9550.05 9548.74 9547.3 9545.72 9544.33 9543.13 9542.04 9540.91 9539.75 9539.56 9538.41 9536.91 9535.32 9533.73 9532.21 9530.93 9529.69 9528.74 9528.29 9528.3 9528.19 9526.83
9612.25 9612.04 9609.81 9607.5 9604.98 9602.74 9599.86 9596.87 9593.91 9591.03 9588.08 9585.17 9582.26 9579.47 9576.78 9574.04 9571.86 9569.58 9567.57 9564.85 9562.88 9564.96 9566.1 9564.82 9563.28 9559.11 9560.56 9562.39 9562.13 9559.79 9558.03 9556.96 9558.35 9559.64 9560.54 9560.68 9560.11 9559.43 9558.68 9557.65 9556.7 9555.52 9554.31 9553.46 9552.18 9550.89 9549.67 9548.38 9547 9545.83 9545.05 9544.41 9544 9543.39 9541.9 9539.98 9538.06 9536.11 9534.26 9532.48 9530.88 9529.47 9528.36 9527.48 9526.99 9526.51 9525.62
9615.6 9616.19 9614.35 9611.13 9607.67 9605.3 9602.04 9598.79 9595.56 9592.18 9589.02 9585.89 9582.83 9579.84 9576.94 9574.23 9571.61 9569.03 9566.57 9564.46 9562.98 9564.17 9564.94 9564.49 9563.71 9562.02 9561.44 9561.6 9560.46 9558.23 9556.95 9556.81 9557.66 9558.6 9559.17 9559.21 9559.26 9559.13 9558.27 9557.37 9556.52 9555.49 9554.44 9553.3 9552.3 9551.31 9550.42 9549.36 9548.15 9547.03 9546.41 9546.47 9546.83 9547.12 9543.99 9541.34 9538.87 9536.6 9534.49 9532.62 9530.81 9529.16 9527.66 9526.24 9525.16 9524.14 9524.11
9618.28 9621.06 9617.7 9613.82 9609.79 9607.01 9603.42 9599.9 9596.45 9593.08 9589.78 9586.56 9583.53 9580.38 9577.5 9574.6 9571.59 9568.6 9565.77 9563.51 9562.76 9563.15 9563.57 9563.86 9564.44 9565.09 9562.6 9560.98 9559.22 9557.39 9557.15 9557.24 9557.98 9558.32 9558.74 9558.71 9558.42 9558.02 9557.74 9556.95 9556.08 9555.28 9554.05 9553.25 9552.65 9551.91 9551.19 9550.7 9549.64 9548.39 9547.83 9547.9 9547.83 9546.53 9544.64 9541.86 9539.12 9536.64 9534.36 9532.23 9530.3 9528.51 9526.89 9525.32 9524.04 9523.24 9523.22
9619.43 9621.12 9618.92 9615.04 9611.34 9608.34 9604.65 9601.03 9597.45 9594.17 9590.74 9587.3 9583.8 9580.49 9577.62 9574.49 9571.47 9568.72 9566.25 9564.31 9563.22 9561.22 9562.15 9563.42 9564.12 9564.04 9562 9559.75 9558.46 9557.56 9558.54 9559.65 9558.94 9558.54 9558.46 9558.14 9558.01 9557.66 9557.27 9556.57 9555.83 9555.24 9554.53 9553.94 9553.23 9552.66 9552.15 9551.68 9551.14 9550.29 9549.52 9548.94 9548.23 9547.47 9544.67 9541.73 9539 9536.48 9534.1 9531.94 9529.92 9527.96 9526.17 9524.51 9523.06 9522.43 9522.15
9619.95 9619.47 9618.21 9615 9611.61 9608.98 9605.38 9601.6 9597.96 9594.46 9590.91 9587.38 9583.92 9580.6 9577.5 9574.38 9571.56 9569.08 9567.4 9566.35 9565.07 9560.72 9562.66 9563.86 9563.88 9562.92 9561.49 9559.56 9559.1 9559.01 9559.32 9559.78 9559.57 9558.92 9558.31 9557.59 9557.32 9556.85 9556.7 9556.13 9555.41 9554.65 9553.7 9553.15 9552.69 9552.38 9552.23 9552.21 9552.48 9552.73 9551.2 9549.4 9547.78 9545.84 9543.53 9540.89 9538.35 9535.97 9533.84 9531.72 9529.69 9527.67 9525.79 9523.98 9522.39 9521.69 9521.04
9619.65 9619.94 9617.09 9614.46 9611.45 9608.86 9605.41 9601.83 9598.34 9594.65 9591.17 9587.61 9584.19 9580.69 9577.62 9574.56 9571.55 9569.09 9567.35 9567.46 9568.4 9568.44 9565.53 9564.86 9563.82 9562.69 9562.12 9561.48 9560.79 9560.81 9561.02 9560.88 9560.27 9559.4 9558.77 9557.92 9557.12 9556.74 9555.8 9555.02 9554.28 9553.58 9553.07 9552.52 9552.22 9552.05 9552.08 9552.26 9552.55 9552.48 9551.04 9548.84 9546.65 9544.29 9541.96 9539.66 9537.54 9535.44 9533.14 9531.13 9529.25 9527.33 9525.45 9523.6 9521.93 9520.52 9520.04
9618.34 9616.05 9615.47 9613.53 9611.17 9608.7 9605.49 9602.12 9598.62 9595.12 9591.68 9588.13 9584.59 9581.12 9577.62 9574.33 9571.55 9568.8 9566.5 9567.05 9568.98 9568.42 9566.69 9565.08 9563.73 9562.6 9562.53 9562.8 9562.14 9562.3 9563.35 9562.7 9561.39 9560.06 9558.9 9558.22 9557.28 9556.43 9555.49 9554.62 9553.84 9553.07 9552.69 9552.14 9551.74 9551.4 9551.43 9551.67 9551.94 9551.34 9549.71 9547.46 9545.01 9542.39 9540.06 9538.17 9536.4 9534.5 9532.65 9530.8 9528.64 9526.86 9525.12 9523.46 9521.84 9520.41 9520.32
9617.67 9615.64 9614.95 9613.11 9610.91 9608.75 9605.75 9602.5 9599.12 9595.65 9592.24 9588.71 9585.17 9581.74 9578.3 9574.91 9571.79 9569.1 9566.91 9567.53 9569.54 9568.21 9566.48 9564.55 9562.54 9562.03 9561.84 9562.43 9563.2 9563.7 9563.91 9563.08 9561.69 9560.46 9559.3 9558.21 9557.16 9556.43 9555.34 9554.38 9553.6 9552.73 9552.03 9551.16 9550.76 9550.48 9550.36 9550.35 9550.58 9550.31 9548.1 9545.68 9543.2 9540.34 9538 9536.81 9535.43 9533.83 9532.22 9530.56 9528.75 9527.08 9525.21 9523.75 9522.48 9521.68 9521.68
9617.77 9616.46 9615.41 9613.2 9610.84 9608.09 9605.89 9602.72 9599.48 9596.07 9592.69 9589.16 9585.92 9582.42 9578.97 9575.61 9572.54 9569.67 9567.73 9567.94 9568.55 9567.09 9566.15 9564.88 9562.94 9562.23 9561.85 9563.09 9565.4 9565.42 9564.6 9562.97 9561.66 9560.36 9559.23 9558.28 9557.22 9556.2 9555.27 9554.26 9553.08 9552.08 9551.33 9550.54 9549.75 9549.08 9548.71 9548.48 9548.05 9547 9545.64 9543.62 9541.51 9539.21 9537.41 9535.88 9534.59 9533.35 9531.97 9530.36 9528.84 9527.31 9525.77 9524.48 9523.4 9523.24 9523.4
