real_craters/C082-300m.grd
DSAA
199 199
-29.6275 29.6275
-29.6275 29.6275
8618.2773289321 9793.846496762
[rows 30 to 59 of 199, columns 0 to 66 of 199]
9589.98 9593.63 9596.43 9597.46 9597.74 9597.9 9597.97 9598.25 9598.96 9599.77 9600.61 9601.38 9601.85 9602.17 9603.03 9605.08 9607.19 9609.08 9610.69 9612.27 9613.89 9615.56 9617.18 9618.34 9619.02 9620.58 9622.14 9623.66 9624.76 9626.51 9628.13 9629.28 9630.62 9631.5 9631.62 9629.14 9627.43 9625.5 9622.67 9621.84 9621.67 9622.14 9621.28 9617.05 9621.19 9624.88 9627.48 9628.51 9631.28 9630.88 9630.72 9630.5 9629.83 9628.03 9626.39 9624.63 9622.73 9620.7 9618.92 9617.27 9615.86 9614.49 9613.28 9612.33 9611.64 9611.36 9611.81
9593.7 9597.42 9600.97 9601.79 9601.8 9601.83 9601.81 9601.72 9602.16 9602.81 9603.71 9604.69 9605.54 9606.97 9607.6 9608.39 9609.89 9611.36 9612.91 9614.3 9615.72 9617.31 9618.62 9620.13 9621.04 9622.54 9623.95 9625.41 9626.56 9627.78 9629.14 9630.67 9631.33 9631.72 9631.11 9629.67 9628.51 9627.12 9626.91 9625 9624.89 9625.66 9627.95 9631.17 9627.87 9627.09 9626.65 9625.63 9629.35 9632.63 9632.99 9631.48 9630.12 9628.78 9627.06 9624.65 9622.75 9620.9 9618.96 9617.18 9615.3 9613.74 9612.32 9610.98 9609.85 9609.52 9610.62
9593.99 9599.44 9605.63 9605.58 9605.17 9604.69 9604.64 9604.73 9605.12 9605.73 9606.58 9607.66 9608.7 9611.06 9611.24 9611.52 9612.45 9613.81 9615.07 9616.46 9617.94 9619.16 9620.66 9622.1 9623.17 9624.59 9625.93 9627.26 9627.52 9628.84 9629.96 9630.62 9631.26 9631.85 9631.93 9631.7 9630.42 9628.25 9626.71 9627.26 9627.53 9628.45 9629.35 9629.34 9629.39 9629.43 9628.88 9626.98 9630.06 9634.23 9634.35 9632.18 9630.31 9628.45 9626.43 9624.13 9622.35 9620.36 9618.04 9615.9 9614.05 9612.43 9611.01 9609.62 9608.66 9608.12 9608.67
9600.52 9603.8 9608.25 9608.11 9607.88 9608.04 9607.58 9607.49 9607.9 9608.5 9609.25 9610.16 9610.84 9611.05 9613.05 9613.93 9614.81 9616.27 9617.14 9618.32 9619.92 9620.93 9622.28 9623.59 9624.8 9626.12 9627.39 9627.66 9628.87 9629.9 9629.97 9630.85 9631.39 9632.15 9632.78 9633.72 9633.42 9630.59 9629.44 9630.85 9631.44 9631.15 9630.2 9628.12 9629.82 9631.25 9631.27 9630.34 9631.85 9633.42 9633.65 9631.65 9629.56 9627.62 9625.46 9623.68 9621.56 9619.47 9617.73 9615.77 9613.85 9611.85 9610.08 9608.66 9607.53 9606.81 9606.66
9612.13 9615.61 9609.96 9609.48 9609.03 9609.27 9609.3 9609.58 9610.19 9610.87 9611.5 9611.83 9613.02 9615.65 9615.06 9615.73 9617.27 9618.48 9619.55 9620.68 9621.99 9622.64 9623.8 9624.96 9626.45 9627.59 9627.84 9628.84 9629.54 9629.43 9630.4 9631.1 9631.69 9632.32 9632.88 9634.29 9634.54 9633.52 9633.91 9635.32 9635.94 9634.44 9631.9 9630.12 9631.47 9633.94 9634.98 9635.21 9633.82 9632.97 9632.85 9631.53 9629.43 9627.45 9625.35 9623.21 9621.21 9619.7 9617.64 9615.58 9613.65 9611.85 9610.21 9608.98 9607.67 9606.77 9606.04
9614.76 9615.83 9612.55 9610.37 9609.33 9608.97 9610.04 9611.23 9612.35 9613.3 9613.8 9613.54 9613.44 9614.57 9615.9 9617.29 9618.75 9619.77 9621.4 9622.26 9623.17 9623.99 9624.98 9626.59 9627.39 9628.41 9628.75 9629.64 9629.98 9630.79 9631.24 9632.08 9632.31 9632.55 9632.61 9632.81 9633.13 9634.87 9637.32 9639.73 9640.32 9638.57 9634.94 9631.7 9633.16 9635.43 9636.45 9635.97 9634.44 9633.94 9632.82 9631.43 9629.72 9628.01 9626.31 9624.31 9622.69 9620.67 9618.61 9617.59 9615.53 9613.52 9611.62 9609.92 9608.5 9607.3 9606.51
9613.51 9613.05 9612.02 9610.54 9609.17 9609.61 9611.1 9613.18 9614.93 9616.31 9616.97 9616.09 9613.56 9613.19 9617.26 9619.47 9621.01 9621.84 9622.78 9623.35 9624.57 9626.32 9627.17 9628.54 9630.06 9629.57 9630.4 9629.6 9630.94 9631.59 9631.96 9632.54 9632.89 9632.87 9632.2 9631.19 9630.25 9633.09 9637.92 9644.16 9645.47 9643.61 9639.7 9636.67 9634.79 9633.69 9635.18 9637.41 9635.8 9633.63 9632.72 9632.09 9630.66 9628.87 9626.99 9625.14 9623.19 9621.52 9619.78 9618.15 9615.92 9614.22 9612.3 9610.6 9609.46 9609.08 9608.99
9612.78 9610.81 9612.36 9611.63 9608.88 9608.93 9612.89 9615.87 9618.2 9620.17 9621.62 9621.73 9618.97 9618.18 9621.78 9623.22 9623.98 9624.34 9624.48 9625.16 9625.67 9626.7 9627.48 9628.45 9630.16 9630.27 9632.24 9632.14 9632.77 9633.46 9633.91 9634.96 9634.15 9633.73 9632.63 9631.14 9628.8 9625.64 9634.53 9643.94 9645.69 9645.87 9649.45 9642.48 9635.98 9631.9 9632.87 9635.61 9635.94 9632.94 9632.3 9631.68 9630.54 9629.04 9627.1 9625.78 9623.63 9620.4 9619.45 9617.68 9615.94 9614.25 9612.7 9611.7 9610.82 9610.7 9612.25
9615.1 9612.2 9614.5 9616.97 9615.97 9615.18 9617.49 9619.56 9621.76 9624.21 9626.99 9629.98 9634.17 9632.43 9629.13 9627.57 9626.81 9626.53 9626.2 9626.1 9626.2 9626.23 9626.76 9626.77 9627.97 9629.5 9630.88 9631.99 9634.27 9634.73 9635.41 9635.63 9636.11 9635.67 9634.5 9632.79 9631.24 9633.41 9632.74 9635.95 9638.71 9639.49 9638.95 9638.89 9635.97 9632.17 9631.24 9631.33 9635.14 9634.22 9633.14 9631.77 9630.22 9628.83 9628.68 9627.49 9625.13 9623.15 9621.28 9622.15 9620.23 9618.28 9616.35 9614.64 9613.35 9612.13 9614.04
9620.51 9624.99 9627.16 9627.54 9628.18 9625.32 9622.96 9623.2 9624.77 9627.27 9630.66 9635.1 9642.29 9639.69 9634.26 9631.15 9629.27 9628.1 9627.96 9627.53 9627.78 9628.11 9628.54 9627.62 9628.06 9629.27 9630.33 9631.71 9633.38 9634.24 9635.17 9636.78 9637.12 9637.25 9636.76 9635.92 9633.48 9631.99 9629.52 9627.72 9632.22 9634.75 9633.77 9635.93 9637.1 9636.03 9632.62 9631.56 9635.38 9636.55 9635.23 9633.99 9632.6 9633.01 9632.15 9630.82 9629.13 9628.82 9626.79 9624.82 9623.49 9621.36 9619.26 9617.14 9615.1 9613.03 9613.35
9623.73 9628.15 9632.75 9632.84 9630.4 9627.55 9625.55 9625.4 9626.58 9628.75 9631.66 9634.63 9636.52 9637.5 9635.28 9632.61 9630.76 9629.77 9629.18 9628.93 9627.81 9628.02 9628.22 9627.41 9629.02 9630.1 9631.67 9633.19 9633.9 9634.31 9635.53 9637.8 9638.69 9639.63 9640.13 9640.54 9638.69 9633.74 9629.77 9627.23 9631.35 9635.4 9636.76 9637.72 9638.95 9638.9 9634.99 9634.8 9638.84 9638.54 9637.08 9636.81 9636.44 9636.92 9635.8 9634.66 9631.24 9629.37 9627.44 9625.59 9623.5 9621.79 9619.95 9617.99 9615.33 9612.67 9610.46
9622.96 9624.62 9627.27 9627.99 9624.49 9624.84 9625.32 9625.84 9626.98 9628.72 9630.4 9632.62 9633.93 9634.42 9633.38 9631.94 9630.53 9629.32 9627.51 9628.21 9626.9 9627.08 9627.38 9629.08 9629.65 9630.12 9630.96 9632.51 9633.61 9634.77 9637.31 9637.6 9639.37 9641.73 9643.6 9645.36 9644.88 9639.24 9634.8 9631.75 9633.91 9638.39 9641.87 9640.51 9638.77 9636.59 9634.58 9634.06 9636.43 9636.51 9638.71 9640.07 9639 9637.96 9636.19 9632.88 9631.19 9629.21 9627.16 9625 9623.45 9622.05 9620.73 9619.35 9617.07 9613.82 9608.94
9621.26 9621.44 9621.83 9622.15 9621.83 9623.25 9624.42 9625.26 9626.3 9627.58 9628.83 9630.29 9631.32 9631.65 9631.44 9630.93 9629.05 9628.26 9627.37 9627.03 9626.92 9627 9628.45 9628.97 9629.59 9631.14 9631.85 9633.25 9633.67 9636.09 9636.4 9638.31 9640.1 9642.78 9645.84 9649.38 9651.62 9648.02 9642.96 9638.68 9636.26 9636.82 9640.65 9643.63 9642.59 9639.58 9635.58 9633.13 9632.18 9635.36 9640.17 9642.13 9641.31 9639.54 9637.2 9635.15 9632.55 9630.38 9628.36 9625.15 9624.01 9622.86 9621.98 9621.39 9620.5 9618.93 9614.04
9620.01 9620.19 9621.25 9623.58 9623.43 9623.18 9623.6 9624.14 9624.85 9625.79 9626.71 9627.88 9628.87 9629.06 9628.99 9628.48 9627.95 9627.68 9627.57 9628.71 9628.89 9628.09 9628.87 9629.36 9629.97 9630.07 9630.93 9632.2 9633.77 9634.98 9636.41 9638.14 9639.81 9642.88 9646.32 9650.62 9654.71 9648.95 9646.71 9642.7 9636.62 9633.61 9640.8 9649.55 9654.92 9651.13 9642.54 9638.33 9636.12 9642.36 9646.05 9645.96 9643.59 9640.69 9638.49 9635.71 9633.21 9630.91 9628.41 9626.68 9625.3 9624.13 9623.09 9623.36 9624.45 9627.13 9629.34
9619.16 9619.32 9620.06 9622.82 9622.82 9622.66 9622.66 9622.85 9623.11 9623.48 9623.98 9624.72 9625.63 9625.72 9626.02 9626.24 9626.79 9627.01 9627.3 9627.73 9628.18 9628.84 9629.22 9629.67 9630.36 9631.08 9631.81 9632.67 9633.66 9634.82 9636.16 9638.43 9640.43 9642.42 9645.17 9648.53 9649.69 9646.05 9642.24 9638.73 9635.08 9635.75 9642.34 9655.51 9668.93 9662.93 9653.23 9646.43 9648.76 9656.88 9654.95 9649.99 9644.92 9640.83 9637.95 9635.58 9633.26 9630.77 9628.71 9626.85 9625.35 9624.12 9623.49 9623.58 9625.86 9630.91 9638.92
9619.15 9618.76 9619.08 9619.62 9621.12 9621.66 9621.75 9621.67 9621.46 9621.2 9620.81 9620.93 9621.56 9622.72 9623.65 9624.57 9625.6 9626.28 9626.96 9626.93 9627.46 9628.05 9629.43 9630.14 9630.8 9631.61 9632.33 9633.13 9634.18 9635.08 9636.03 9636.37 9638.36 9639.63 9641.2 9643.72 9647.74 9645.15 9640.75 9637.6 9633 9625.54 9636.43 9656.82 9670.3 9664.41 9652.03 9645.74 9654.49 9672.65 9659.24 9650.12 9644.09 9639.95 9636.43 9635 9632.67 9630.77 9628.66 9626.74 9624.72 9622.83 9621.63 9620.89 9621.95 9624.93 9627.67
9619.25 9618.49 9618.01 9619.75 9620.38 9621.09 9621.13 9620.75 9619.98 9619.02 9618.02 9616.89 9617.65 9619.63 9621.17 9622.77 9624 9625.15 9626.09 9627.17 9628.14 9628.92 9629.33 9630.07 9631.02 9631.68 9632.47 9633.66 9634.07 9634.75 9635.38 9635.91 9636.25 9636.26 9635.97 9635.8 9635.81 9639.85 9641.59 9639.31 9636.9 9634.91 9639.05 9656.17 9670.35 9659.94 9644.97 9637.83 9644.21 9654.49 9648.77 9643.15 9638.89 9635.94 9633.96 9633.09 9631.22 9629.14 9627.31 9625.58 9623.55 9620.96 9618.58 9616.44 9614.52 9612.96 9611.58
9619.93 9618.38 9618.07 9619.49 9620.98 9621.49 9621.22 9620.38 9618.71 9617.07 9615.65 9615.23 9615.45 9617.3 9619.21 9620.95 9622.36 9623.89 9624.84 9626.16 9627.02 9627.98 9628.8 9630.31 9631.08 9631.21 9631.91 9632.58 9633.56 9634.03 9634.85 9634.94 9634.83 9633.89 9632.11 9629.5 9629.19 9639.04 9644.13 9639.86 9635.88 9630.82 9637.03 9649.51 9658.71 9653.57 9642.31 9629.56 9627.29 9627.47 9631.77 9632.49 9631.49 9631.23 9630.83 9629.6 9628.01 9627.46 9626.16 9624.38 9621.64 9619.09 9615.87 9611.99 9607.04 9600.66 9594.25
9620.97 9619.56 9618.56 9620.15 9622.05 9622.22 9621.32 9619.82 9618.1 9615.83 9613.5 9611.43 9613.15 9615.94 9618.22 9620.2 9621.91 9623.25 9624.48 9625.57 9626.41 9627.4 9628.68 9629.52 9630.27 9631.63 9632.27 9633.51 9633.16 9633.75 9634.18 9634.06 9633.64 9632.31 9630.44 9627.49 9626.44 9631.3 9637.4 9636.33 9633.4 9629.47 9632.83 9638.52 9642.76 9643.34 9636.1 9623.46 9619.14 9618.35 9620.38 9623.75 9625.45 9625.39 9625.59 9625.25 9626.02 9625.5 9624.38 9622.91 9621.12 9618.21 9614.38 9609.11 9602.29 9594.23 9588.78
9622.99 9621.53 9620.74 9623.24 9624.59 9623.54 9622.09 9620.28 9618.3 9615.73 9613.01 9610.83 9612.74 9615.84 9618.36 9620.34 9621.98 9623.49 9624.17 9625.35 9626.32 9627.3 9627.94 9628.78 9629.53 9631.27 9631.85 9632.27 9632.68 9633.59 9632.72 9632.57 9632.22 9631.17 9630.75 9629.85 9627.7 9625.15 9628.81 9631.35 9632.99 9629.97 9629.79 9631.02 9632.92 9634.04 9631.09 9624.01 9618.34 9615.11 9614.69 9617.34 9619.78 9621.92 9622.57 9622.61 9622.86 9623.93 9623.46 9623.34 9621.72 9619.32 9615.52 9609.77 9602.27 9593.61 9589.42
9625.17 9623.58 9622.51 9623.22 9625.5 9624.71 9623.15 9621.31 9619.45 9617.26 9614.94 9612.88 9614.54 9616.32 9618.44 9620.61 9622.18 9623.47 9624.85 9626.02 9626.76 9627.07 9628.01 9628.71 9629.24 9629.25 9629.78 9630.27 9632.47 9632.61 9632.65 9632.26 9632.56 9632.1 9631.93 9633.7 9631.08 9625.59 9625.37 9626.88 9626.87 9627.74 9628.17 9629.7 9631.29 9631.2 9631.62 9630.68 9619.8 9613.09 9611.85 9613.29 9615.8 9617.97 9618.76 9621.11 9621.35 9621.97 9623.79 9623.52 9622.57 9621.39 9618.74 9614.27 9607.18 9597.13 9593.69
9627.33 9625.84 9624.3 9624.16 9626.09 9625.54 9623.82 9622.23 9620.88 9619.82 9619.56 9618.83 9617.92 9618.48 9619.54 9620.65 9621.97 9623.18 9624.3 9624.78 9625.56 9626.25 9626.89 9627.17 9627.71 9628.77 9629.39 9629.78 9630.16 9630.6 9630.97 9631.21 9631.85 9631.21 9631.24 9628.91 9629.33 9628.57 9627.13 9624.78 9623.81 9625.37 9628.49 9630.48 9634.8 9635.38 9631 9624.38 9616.83 9610.01 9608.72 9609.85 9611.37 9614.15 9616.28 9620.13 9621.78 9623 9623.54 9624.15 9624.67 9624.55 9623.76 9622.12 9618.8 9611.67 9608.6
9630.07 9628.87 9626.79 9621.69 9628.4 9625.42 9624.04 9623.09 9622.26 9621.8 9623.09 9622.91 9620.62 9620.23 9620.45 9621.09 9622.45 9623.19 9623.83 9623.47 9624.2 9624.83 9625.28 9624.9 9625.15 9627.13 9625.26 9626.08 9626.6 9626.03 9628.1 9629.22 9630.34 9630.96 9631.92 9633.11 9631.03 9628.99 9627.1 9623.75 9622.81 9627.49 9634.64 9636.4 9645.7 9649.09 9634.92 9620.45 9613.39 9608.3 9607.2 9607.66 9610.04 9612.88 9614.94 9618.12 9619.87 9622.31 9623.79 9625.74 9626.67 9628.04 9629.39 9631.58 9634.19 9639.92 9631.38
9632.72 9631.97 9631.43 9624.5 9620.18 9622.68 9624 9623.96 9623.29 9622.31 9620.84 9621.15 9621.25 9621.18 9621.17 9621.56 9622.15 9622.64 9623.09 9623.7 9623.54 9623.61 9623.75 9622.8 9623.33 9623.52 9623.27 9623.78 9623.56 9624.31 9625.32 9627.19 9628.92 9630.13 9631.88 9633.58 9632 9629.84 9626.42 9623.46 9624.89 9636.48 9650.33 9659.98 9663.35 9661.82 9640.25 9622.57 9612.13 9606.88 9605.27 9606.65 9609.11 9612.2 9614.82 9616.39 9618.54 9621.45 9625.12 9626.8 9628.96 9631.16 9634.62 9638.37 9643.12 9646.94 9642.51
9634.66 9633.58 9632.5 9627.49 9623.14 9624.4 9625.7 9625.53 9624.6 9623.32 9622.18 9621.67 9622.01 9622.2 9622.45 9622.45 9622.56 9622.57 9622.68 9621.39 9621.12 9620.65 9621.45 9621.46 9620.32 9620.46 9620.54 9620.57 9620.82 9621.74 9622.86 9625.39 9626.82 9629.17 9630.87 9631.44 9631.05 9629.9 9625.41 9626.17 9635.01 9650.55 9667.34 9679.38 9671.4 9657.92 9633.77 9617.89 9610 9605.6 9604.53 9607.04 9610.2 9613.87 9616.91 9619.28 9620.49 9622.63 9624.37 9626.58 9630.4 9632.9 9636.35 9641.01 9645.93 9646.95 9644.86
9636.46 9634.78 9632.12 9631.64 9631.99 9631.17 9629.65 9628.42 9627.03 9625.41 9623.97 9623.67 9623.47 9623.61 9623.28 9622.89 9622.51 9622.09 9621.02 9619.81 9620.26 9619.78 9619.13 9618.75 9618.41 9617.44 9617.35 9618.15 9618.44 9619.28 9619.75 9621.52 9624.49 9627.57 9630.64 9631.09 9631.5 9628.98 9629.69 9636.25 9645.77 9661.05 9674.45 9678.31 9663.05 9643.48 9623.12 9612.24 9608.32 9606.05 9606.04 9609.53 9613.6 9617.56 9619.77 9621.54 9623.09 9624.42 9625.72 9627.02 9628.85 9631.36 9635.21 9639.56 9646.13 9652.05 9643.81
9638.84 9637.24 9635.73 9636.11 9636.77 9635.7 9633.46 9631.72 9630.31 9628.34 9626.45 9626.26 9625.68 9625.26 9624.5 9623.31 9622.53 9621.68 9621.79 9620.65 9619.48 9618.74 9618.04 9616.77 9615.42 9615.13 9614.85 9614.81 9615.73 9616.16 9617.42 9618.87 9621.89 9626.06 9632.91 9637.86 9636.8 9638.34 9642.31 9653.06 9663.67 9668.51 9673.17 9667.8 9647.08 9628.28 9615.49 9610.04 9609.11 9609.4 9610.51 9614.7 9619.22 9622.66 9623.71 9625.02 9625.78 9626.95 9627.01 9627.74 9628.82 9630.12 9631.8 9634.16 9636.4 9637.57 9635.63
9640.9 9639.96 9639.49 9638.77 9638.43 9637.96 9636.15 9634.78 9633.86 9632.76 9631.53 9630.19 9629.14 9627.46 9626.14 9624.78 9623.52 9622.52 9621.15 9619.43 9618.86 9617.17 9616.35 9615.5 9614.23 9613.59 9613.19 9612.75 9612.43 9612.65 9613.77 9615.35 9617.67 9621.19 9627.81 9635.51 9642.05 9650.47 9662.76 9671.39 9674.01 9668.28 9664.34 9653.01 9632.15 9617.69 9610.82 9610.12 9612.46 9615.88 9618.54 9623.64 9627.68 9629.1 9629.42 9629.26 9629.19 9628.39 9627.89 9627.75 9627.49 9627.41 9627.25 9626.83 9625.68 9625.25 9625.39
9642.62 9642.06 9642.42 9642.14 9641.13 9639.16 9637.91 9637.28 9637.11 9637.36 9636.9 9634.09 9631.18 9629.25 9627.4 9625.71 9623.99 9622.5 9621.26 9618.59 9617.32 9616.07 9614.98 9613.82 9612.63 9611.81 9611.26 9609.78 9609.47 9609.7 9609.95 9611.72 9613.75 9615.08 9617.65 9629.89 9645.6 9659.42 9672.91 9674.64 9664.73 9657.72 9649.64 9637.26 9621 9612.55 9610.53 9612.23 9617.22 9624.59 9634.63 9641.44 9638.59 9636.27 9634.77 9633.45 9631.91 9630.22 9628.08 9626.83 9625.84 9624.43 9622.69 9620.26 9617.42 9616.84 9617.38
9643.54 9642.87 9643.52 9646.16 9647.45 9640.29 9639.2 9639.28 9639.52 9639.32 9638.38 9636.17 9633.08 9630.81 9628.46 9626.42 9624.75 9622.82 9621.52 9619.16 9617.74 9616.4 9615.18 9614 9610.88 9609.88 9609.02 9608.48 9608.6 9608.7 9608.46 9608.74 9609.79 9610.89 9615.12 9630.74 9648.32 9661.17 9667.45 9662.91 9652.31 9643.43 9632.46 9624.18 9615.73 9610.62 9610.5 9614.55 9621.38 9630.63 9642.13 9649.27 9645.52 9642.2 9638.94 9636.6 9633.94 9630.47 9628.39 9626.29 9624.09 9621.61 9618.84 9615.57 9612.37 9611.51 9611.86
