real_craters/C082-500m.grd
DSAA
120 120
-29.6275 29.6275
-29.6275 29.6275
8619.1961191313 9791.6294235826
[rows 0 to 29 of 120, columns 0 to 66 of 120]
9507.62 9507.81 9508.03 9509.3 9510.29 9511.21 9512.69 9510.43 9509.48 9509.01 9509.44 9513.9 9520.25 9527.76 9535.28 9542.33 9549.77 9556.17 9563.43 9571.35 9587.31 9589.2 9597.97 9607.22 9614.75 9619.07 9618.95 9615.72 9618.03 9612.62 9601.69 9596.61 9591.67 9587.62 9584.9 9582.37 9579.66 9577.42 9575.68 9574.75 9574.27 9573.86 9573.83 9575.14 9574.67 9575.06 9575.45 9574.65 9575.4 9574.99 9575.25 9574.83 9574.11 9571.49 9573.42 9576.99 9579.65 9581.86 9581.82 9580.73 9576.87 9573.19 9573.88 9588.59 9587.81 9613.29 9645.63
9509.63 9509.75 9509.85 9509.65 9510.24 9510.4 9511.38 9510.91 9510.11 9510.2 9510.68 9516.46 9524.31 9533.86 9542.74 9551.91 9561 9570.9 9580.79 9589.98 9595.52 9605.11 9611.42 9615.76 9619.14 9619.02 9615.95 9613.42 9614.98 9609.93 9601.12 9594.8 9590.78 9588 9585.62 9583.58 9581.56 9579.35 9577.69 9576.99 9576.94 9576.48 9575.65 9573.69 9575.33 9576.29 9576.46 9576.61 9576.85 9576.95 9577.57 9578.87 9580.22 9578.51 9577.42 9577.71 9577.97 9577.96 9577.18 9574.18 9572.19 9569.52 9569.35 9571.62 9574.98 9591.07 9617.47
9510.67 9511.35 9511.32 9511.2 9510.57 9510.3 9511.24 9511.85 9511.75 9511.36 9511.68 9519.37 9530 9541.06 9551.52 9562.3 9572.89 9584.43 9596.34 9609.93 9621.88 9626.18 9624.13 9623.11 9622.65 9620.84 9612.95 9608.05 9605.31 9602.87 9596.56 9591.53 9590.32 9588.98 9587.46 9586.06 9584.43 9582.27 9579.07 9580.94 9580.46 9579.64 9578.85 9578.52 9577.61 9577.59 9577.88 9578.31 9578.01 9578.31 9579.11 9580.36 9582.32 9581.04 9580.12 9578.71 9577.54 9576.24 9573.66 9570.97 9569.56 9568.03 9566.05 9565.51 9562.11 9571.3 9591.8
9512.9 9514.06 9514.02 9512.12 9509.89 9510.37 9512.62 9515.33 9516.28 9512.59 9514.44 9524.09 9537.47 9550.01 9561.38 9572.45 9583.45 9594.91 9607.54 9623.36 9644.68 9639.46 9630.77 9626.18 9623.13 9617.01 9601.95 9602.96 9603.19 9598.59 9593.87 9593.69 9592 9590.26 9589.59 9589.2 9588.66 9588.38 9588.59 9586.85 9585.11 9583.04 9581.5 9581.18 9579.73 9579.08 9578.63 9577.69 9578.48 9579.36 9579.91 9579.99 9579.6 9580.56 9580.64 9578.94 9576.5 9574.01 9571.94 9569.72 9567.48 9566.19 9565.88 9564.94 9563.02 9565.23 9572.25
9515.25 9516.78 9516.54 9515.54 9512.57 9510.48 9516.81 9524.36 9527.57 9521.81 9515.52 9533.14 9548.75 9561.47 9571.74 9582.27 9592.45 9603.01 9613.96 9623.62 9626.87 9630.76 9629.42 9624.5 9618.74 9610.75 9601.3 9601.78 9600.44 9598.75 9597.62 9593.61 9590.41 9591.28 9591.72 9592.23 9592.84 9593.79 9594.32 9592.54 9589.59 9586.35 9583.5 9581.2 9581.27 9580.93 9580.39 9579.96 9580.12 9580.7 9580.85 9580.33 9579.07 9580.54 9582.37 9579.46 9576.26 9573.23 9571.21 9568.74 9566.75 9564.98 9565.44 9566.91 9564.33 9562.76 9563.03
9521.16 9522.33 9525.14 9525.63 9521.65 9515.91 9528.6 9541.08 9549.35 9550.35 9546.18 9556.38 9565.05 9572.63 9581.5 9590.37 9597.98 9607.62 9616.46 9623.93 9631.81 9631.85 9626.45 9620.42 9614.3 9608.94 9605.31 9602.87 9602.46 9600.73 9600.62 9598.38 9592.94 9593.59 9594.17 9594.85 9596.02 9597.72 9599.95 9597.26 9592.95 9589.14 9585.65 9583.85 9583.67 9583.45 9583.14 9582.5 9582.58 9582.69 9582.18 9581.53 9581.03 9581.39 9581.28 9579.1 9576.21 9573.26 9570.63 9568.18 9565.57 9562.76 9558.05 9562.59 9564.31 9562.49 9561.42
9521.72 9530.83 9538.53 9543.5 9544.59 9542.99 9551.9 9562.84 9574.97 9590.14 9600.46 9586.52 9583.55 9585.35 9589.83 9595.35 9601.21 9608.31 9615.61 9622.14 9627.73 9626.57 9621.32 9615.53 9609.6 9607.75 9606.91 9604.96 9605.46 9603.49 9602.25 9601.25 9598.89 9596.61 9596.56 9597.34 9598.4 9599.67 9600.6 9598.69 9595.42 9592.22 9589.47 9587.22 9586.68 9586.48 9586.49 9586.89 9586.57 9585.33 9584.15 9582.97 9581.83 9581.06 9580.25 9577.63 9575.03 9572.41 9570 9567.81 9565.43 9563.34 9562.42 9565.15 9563.83 9562.88 9561.58
9528.6 9544.83 9556.49 9566.14 9576.6 9582.15 9580.19 9583.18 9591.58 9603.33 9608.44 9601.07 9595.94 9594.59 9596.62 9600.01 9601.35 9606.66 9612.07 9617.61 9618.27 9617.32 9615.58 9611.28 9607.27 9607.53 9608.05 9607.84 9605.88 9603.59 9602.01 9599.34 9598.14 9598.46 9598.76 9599.27 9600.03 9600.31 9599.77 9598.37 9596.55 9594.58 9592.75 9591.39 9589.99 9589.53 9589.51 9589.99 9589.32 9587.3 9585.54 9584.22 9583.13 9581.45 9577.52 9575.28 9573.42 9571.64 9569.73 9567.83 9566.19 9564.72 9564.31 9564.46 9559.17 9562.25 9561.15
9559.19 9568.55 9575.41 9584.88 9598.51 9606.57 9598.19 9595.48 9597.41 9601.84 9604.25 9602.55 9600.48 9598.71 9599.79 9600.75 9602.75 9606.51 9609.8 9612.51 9617.93 9618.36 9610.54 9607.98 9606.69 9608.04 9608.46 9607.99 9607.67 9606.26 9605.08 9600.56 9599.76 9600.15 9600.58 9601.17 9601.48 9601.22 9600.25 9598.97 9598.27 9596.93 9595.01 9593.67 9592.62 9591.79 9591.46 9591.27 9590.19 9588.23 9586.23 9584.69 9583.49 9581.27 9575.92 9573.42 9572.21 9570.77 9569.26 9567.76 9566.43 9565.43 9564.54 9562.55 9559.62 9561.16 9560.74
9605.65 9591.42 9590.01 9594.33 9600.66 9604.2 9602.8 9599.2 9596.21 9591.63 9595.78 9599.62 9599.72 9599.16 9599.99 9603.09 9605.27 9607.32 9608.37 9607.35 9602.25 9597.2 9603.25 9604.55 9606.28 9607.61 9607.93 9607.01 9607.64 9605.16 9602.89 9602.28 9602.26 9602.94 9602.98 9603.28 9603.14 9603.07 9602.4 9601.4 9600.35 9599.25 9598.64 9596.4 9594.76 9593.55 9592.56 9591.5 9590.01 9588.02 9586.14 9584.13 9582.09 9579 9576.29 9573.51 9571.26 9569.69 9568.49 9567.31 9566.15 9565.34 9565.03 9561.78 9559.66 9559.96 9559.97
9606.56 9598.68 9595.89 9596.78 9601 9602.1 9600.51 9598.28 9595.16 9593.52 9594.85 9597.5 9599.23 9601.06 9602.93 9604.45 9606.05 9607.38 9608.72 9606.55 9603.8 9604.22 9603.34 9603.96 9603.59 9610.5 9608.41 9608.47 9607.38 9602.78 9601.81 9603.04 9605 9606.11 9606.6 9606.73 9606.32 9605.29 9604.53 9603.27 9602.59 9601.09 9598.44 9598.05 9596.71 9595.25 9593.73 9591.81 9589.29 9587.98 9585.84 9583.3 9580.33 9576.74 9573.26 9570.73 9570.7 9569.7 9568.62 9567.59 9566.36 9564.28 9561.51 9560.51 9559.37 9560.51 9559.71
9594.74 9596.69 9594.82 9592.99 9591.14 9594.23 9595.56 9596.27 9596.36 9597.16 9596.87 9597.67 9599.99 9601.85 9603.43 9606.91 9607.96 9608.59 9608.88 9609.16 9610.95 9612.15 9606.46 9605.15 9608.08 9610.41 9607.93 9606.92 9609.12 9606.06 9606.17 9609.15 9609.33 9609.38 9608.97 9608.57 9608.09 9607.57 9607.12 9605.78 9605.35 9604.31 9601.93 9600.02 9597.96 9596.16 9594.47 9592.75 9591.12 9588.54 9585.38 9582.62 9579.63 9576.35 9574.12 9572.71 9570.77 9569.59 9568.67 9567.64 9566.58 9566.11 9564.59 9561.71 9559.94 9562.54 9561.08
9595.37 9592.95 9591.2 9589.15 9586.56 9589.24 9592.84 9594.79 9595.5 9596.62 9598.14 9599.64 9601.89 9603.61 9605.22 9608.63 9609.87 9610.71 9611.27 9610.65 9608.93 9606.17 9607.28 9605.47 9605.51 9610.28 9607.87 9606.74 9610.11 9611.3 9614.56 9615.26 9614.11 9613.19 9612.1 9611.19 9610.41 9609.78 9609.37 9608.02 9606.46 9606.21 9607.32 9601.33 9598.93 9597.1 9595.2 9593.08 9590.9 9588.01 9585.5 9582.22 9579.5 9576.84 9574.5 9572.22 9570.74 9569.41 9568.43 9567.47 9566.25 9564.53 9562.46 9560.77 9560.19 9561.66 9561.07
9588.93 9586.79 9586.78 9587.21 9587.92 9589.67 9591.92 9593.64 9593.75 9594.8 9597.67 9600.42 9603.41 9606.83 9609.41 9611 9612.81 9613.99 9614.41 9614.19 9612.57 9609.79 9614.1 9617.2 9616.63 9618.79 9621.17 9623.03 9618.49 9615.74 9618.58 9619.38 9617.74 9616.07 9614.73 9613.67 9612.42 9611.27 9610.25 9611.55 9605.17 9596.49 9594.42 9599.86 9599.93 9598.42 9595.86 9593.2 9590.01 9587.01 9585.11 9581.96 9579.18 9576.65 9574.22 9572.44 9570.03 9568.72 9568.31 9567.84 9566.72 9563.57 9561.46 9559.52 9560.78 9561.26 9559.99
9581.6 9581.31 9583.08 9584.92 9586.59 9588.9 9591.23 9593.01 9593.92 9595.86 9599.2 9602.04 9604.85 9607.7 9611.03 9614.05 9615.85 9617.16 9618.34 9619.15 9620.29 9622.93 9622.98 9628.55 9629.79 9625.8 9624.64 9624.44 9621.27 9623.94 9622.32 9621.63 9620.62 9618.86 9616.82 9615.26 9613.61 9612.09 9609.77 9602.39 9602.52 9604.74 9602.5 9602.88 9602.29 9600.28 9597.3 9593.92 9590.16 9586.83 9584.65 9582.68 9579.15 9575.86 9572.49 9569.73 9568.96 9568.93 9568.74 9568.68 9568.7 9569.44 9563.46 9560.83 9564.94 9563.03 9559.67
9573.6 9577.41 9581.84 9584.17 9586.13 9589.05 9591.49 9593.56 9595.26 9597.58 9600.69 9602.71 9606.16 9608.9 9612.29 9615.74 9618.1 9619.41 9621.64 9624.68 9627.47 9629.14 9626.55 9625.08 9627.68 9629.43 9630.69 9629.12 9635.61 9632.13 9632.1 9626.42 9623.65 9621.11 9618.55 9616.71 9614.98 9613.69 9612.83 9613.66 9614.98 9615.7 9613.11 9608.97 9605.97 9602.72 9599.19 9595.48 9591.25 9587.88 9585.75 9582.76 9580.11 9576.16 9572.22 9569.31 9568.57 9569.3 9570.45 9570.42 9569.18 9567.28 9562.97 9562.36 9568.25 9566.57 9564.03
9575.24 9581.33 9584.58 9586.37 9588.3 9590.73 9592.89 9594.64 9596.25 9599.12 9602.55 9605.22 9608.36 9610.4 9612.96 9616.13 9618.87 9622.3 9624.44 9627.88 9631.52 9634.06 9626.84 9620.38 9621.82 9624 9622.29 9625.51 9630.27 9631.48 9631.2 9628.72 9625.97 9623.54 9621.02 9617.81 9616.26 9615.01 9615.22 9617.81 9619.77 9617.16 9616.48 9613.46 9609.68 9605.66 9601.4 9597.33 9593.29 9589.72 9587.06 9584.31 9581.67 9577.62 9573.44 9570.38 9569.35 9570.71 9572.65 9573.02 9570.63 9565.56 9561.14 9561.31 9567.2 9567.59 9566.11
9582.21 9588.92 9590.36 9590.68 9591.92 9594.3 9596.18 9596.88 9597.61 9600.9 9604.61 9607.87 9610.89 9613.3 9615.8 9618.49 9620.28 9622.93 9626.06 9629.13 9632.28 9632.6 9626.45 9618.18 9619.95 9622.29 9624.2 9624.54 9630.58 9627.84 9629.25 9628.9 9626.4 9623.51 9620.92 9619.96 9617.69 9616.02 9614.83 9616.1 9620.18 9623.18 9621.79 9617.22 9612.38 9608.04 9603.71 9599.3 9594.79 9590.69 9588.63 9586.48 9583.88 9580.02 9576.12 9570.32 9569.06 9572.72 9576.89 9578.86 9575.75 9567.65 9561.6 9561.22 9566.67 9566.86 9561.66
9589.68 9595.49 9597.38 9597.66 9597.88 9599.06 9600.45 9601.51 9601.92 9604.88 9608.27 9610.93 9613.75 9616.51 9618.72 9620.45 9623 9625.47 9628.01 9630.13 9631.79 9629.78 9626.46 9622.02 9621.49 9621.85 9616.9 9624.58 9628.14 9631.16 9630.59 9630.34 9627.56 9624.7 9621.63 9618.57 9615.98 9613.82 9612.4 9611.84 9614.69 9634.31 9625.8 9619.23 9614.26 9609.14 9604.46 9600.36 9597.09 9593.29 9592.11 9590.1 9586.99 9582.85 9575.91 9571.81 9571.02 9575.53 9582.14 9588.74 9591.58 9580.51 9564.77 9561.5 9568.51 9569.63 9565.76
9593.76 9603.28 9604.15 9603.55 9603.56 9604.17 9605.45 9607.01 9610.07 9610.44 9612.42 9614.73 9617.03 9619.31 9620.9 9623.03 9625.38 9627.44 9629.36 9631.04 9631.79 9631.49 9628.64 9626.48 9626.26 9628.43 9630.29 9628.58 9626.36 9630.67 9634.13 9631.09 9628.08 9625.2 9621.52 9618.24 9615.12 9612.23 9610.04 9608.67 9611.27 9619.63 9621.24 9617.86 9613.86 9609.11 9605.02 9601.87 9599.71 9598.3 9595.35 9591.67 9590.68 9588.89 9586.16 9580.7 9574.5 9578.3 9585.79 9596.73 9612.96 9602.09 9568.91 9563.5 9570.17 9571.16 9564.64
9603.68 9608.7 9608.44 9609.09 9608.17 9608.8 9609.89 9611 9612.49 9614.46 9616.4 9618.24 9620.09 9622.2 9624.46 9626.59 9628.38 9629.25 9631.01 9631.32 9632.37 9634.17 9632.51 9631.04 9632.86 9631.21 9628.89 9631.84 9632.02 9632.6 9633.33 9630.38 9626.92 9623.58 9620.1 9616.62 9613.51 9610.63 9608.21 9606.71 9606.98 9613.03 9616.57 9615.28 9611.99 9609.42 9605.1 9601.39 9598.57 9597.3 9594.15 9591.67 9591.69 9594.43 9601.29 9593.09 9579.52 9580.96 9585.46 9592.53 9600.39 9595.76 9573.96 9570.49 9571.23 9569.52 9565.87
9614.81 9613.6 9609.91 9608.83 9610.79 9612.61 9613.62 9613.3 9615.04 9617.17 9619.33 9621.56 9623.02 9624.52 9626.81 9628.3 9629.23 9630.23 9631.17 9632.29 9632.39 9632.87 9634.04 9637.83 9640.02 9636.3 9631.85 9635.2 9636.24 9634.26 9632.82 9630.56 9627.56 9624.48 9621.53 9618.1 9615.72 9612.4 9609.53 9607.49 9606.85 9611.44 9615.39 9615.32 9612.75 9607.62 9603.4 9598.47 9594.58 9589.87 9587.39 9588.34 9590.37 9593.11 9594.74 9590.76 9586.41 9582.72 9581.14 9581.18 9579.05 9587.89 9593.41 9581.6 9572.57 9565.35 9563.68
9612.86 9611.83 9610.26 9608.71 9613.83 9617.48 9619.61 9617.3 9616.75 9621.81 9623.41 9624.21 9625.56 9627.35 9629.01 9631.39 9632.33 9631.85 9633.4 9633.8 9633.07 9630.87 9627.69 9638.37 9646.8 9646.68 9639.37 9632.76 9635.51 9634.93 9632.62 9631.1 9628.56 9625.85 9622.26 9619.15 9615.73 9612.93 9610.73 9610.06 9612.33 9615.83 9616.42 9614.21 9610.61 9605.74 9600.4 9594.75 9588.68 9581.42 9578.86 9583.52 9587.01 9588.95 9587.33 9583.32 9577.95 9575.2 9576.08 9573.9 9571.43 9583.9 9596.62 9584.55 9572.79 9564.76 9564.09
9616.52 9616.58 9619.94 9618.41 9620 9623.38 9628.14 9635.38 9633.82 9628.67 9627.32 9626.68 9626.88 9626.39 9626.42 9627.76 9630.99 9634.03 9635.83 9636.64 9636.06 9633.48 9632.22 9631.94 9636.37 9636.65 9637.48 9632.96 9630.49 9634.81 9633.47 9631.19 9630.23 9627.51 9627.38 9624.06 9620.38 9617.19 9615.2 9613.2 9616.4 9622.77 9618.77 9614.05 9609.04 9604.49 9599.41 9593.49 9586.41 9579.6 9577.33 9581.65 9585.56 9587.37 9587.24 9584.82 9572.37 9578.88 9575.58 9572.06 9573.72 9579.18 9585.27 9579.05 9570.62 9563.11 9562.25
9623.67 9631.48 9631.74 9627.67 9625.18 9627.11 9631.61 9636.6 9637.1 9632.57 9630.07 9629.06 9627.68 9628.08 9627.33 9630.02 9632.76 9634.16 9635.39 9638.16 9639.64 9640.22 9635.2 9628.46 9630.96 9636.37 9637.88 9639.11 9634.29 9639.71 9637.02 9636.34 9636.54 9634.68 9630.11 9626.95 9623.61 9620.66 9617.22 9612.96 9610.94 9623.9 9617.88 9612.87 9608.54 9603.34 9599.08 9594.35 9589.07 9582.44 9578.67 9583.7 9587.04 9588.23 9586.63 9584.64 9599.69 9588.87 9574.11 9567.73 9565.8 9569.37 9573.24 9573.32 9569.2 9562.52 9560.32
9621.85 9622.89 9623.38 9623.59 9625.26 9627.08 9629.54 9632.09 9632.61 9631.72 9629.55 9627.42 9626.66 9628.54 9629.99 9631.57 9632.22 9633.98 9635.57 9639.28 9643.13 9647.81 9646.83 9637.95 9635.41 9640.11 9641.97 9637.4 9633.27 9633.47 9638.72 9641.16 9638.86 9635.22 9631.2 9627 9623.97 9621.97 9620.24 9616.72 9607.71 9610.86 9612.31 9609.7 9606.78 9604.39 9601.61 9598.82 9595.15 9591.48 9588.71 9590.95 9592.18 9591.71 9590.41 9588.14 9577.19 9568.11 9566.92 9563.96 9560.64 9559.33 9563.44 9570.52 9572.99 9565.95 9560.97
9619.75 9620.58 9623.57 9623.01 9623.5 9624.54 9625.94 9627.94 9627.93 9627.78 9627.92 9627.91 9628.37 9628.61 9629.59 9630.09 9631.55 9633.87 9636.32 9638.7 9643.47 9650 9649.94 9644.93 9636.67 9637.8 9653.79 9655.33 9641.77 9640.11 9648.22 9645.37 9639.88 9636.31 9632.04 9628.39 9625.56 9623.8 9623.99 9628.49 9631.2 9614.34 9607.65 9606.37 9605.93 9605.41 9604.81 9603.86 9603.22 9602.84 9604.65 9601.04 9599 9595.79 9593 9591.68 9573.02 9562 9564.08 9565.29 9562.48 9558.08 9562.31 9573.31 9585.24 9588.7 9569.39
9619.17 9618.87 9620.36 9621.73 9621.8 9621.53 9621.06 9621.68 9623.22 9624.7 9626.13 9627.12 9627.85 9629.16 9630.33 9631.7 9632.88 9633.59 9635.2 9638 9640.45 9644.14 9647.22 9639.8 9633.38 9627.83 9661.42 9665.54 9647.82 9659.78 9660.38 9646.6 9639.24 9635.34 9631.72 9628.26 9624.97 9622.24 9621.31 9625.19 9625.88 9606.45 9601.41 9602.7 9605.45 9607.11 9607.79 9608.98 9610.24 9610.85 9606.99 9609.3 9605.9 9599.91 9592.2 9580.89 9568.73 9563.24 9567.76 9574.36 9571.05 9562.32 9565.14 9575.7 9591.09 9611.39 9580.57
9618.84 9617.95 9619.69 9621.22 9620.68 9618.66 9616.63 9615.75 9618.66 9621.67 9623.93 9626.14 9628.05 9629.52 9630.5 9631.54 9632.55 9634.01 9634.82 9635.11 9634.2 9631.57 9636.99 9643.53 9637.23 9634.89 9657.34 9657.48 9636.33 9635.06 9638.71 9636.1 9633.8 9631.71 9628.76 9626.22 9622.37 9618.2 9612.92 9605.85 9600.25 9595.85 9596.53 9600.43 9603.51 9606.2 9608.42 9612.04 9614.83 9619.45 9624.27 9621.34 9612.45 9603.37 9592.66 9578.44 9566.06 9562.8 9575.46 9586.03 9584.05 9569.49 9570.15 9573.21 9576.53 9578.8 9579.69
9621.74 9619.23 9621.71 9622.5 9620.54 9617.24 9613.15 9611.95 9616.77 9620.42 9622.96 9624.46 9626.23 9627.54 9629.57 9630.87 9633.21 9633.9 9633.77 9633.56 9631.68 9627.88 9627.96 9635.38 9633.34 9630.44 9636.84 9640.77 9627.41 9617.95 9618.27 9623.25 9625.17 9624.22 9624.76 9624.03 9621.35 9616.45 9607.58 9594.54 9589.16 9593.25 9596.34 9599.93 9603.14 9605.42 9608.95 9612.26 9616.28 9622.23 9630.42 9627.59 9617.14 9608.55 9599.89 9588.14 9577.23 9569.16 9590.36 9611.71 9606.65 9598.62 9580.63 9570.84 9562.03 9556.1 9556.39
