real_craters/C082-750m.grd
DSAA
80 80
-29.6275 29.6275
-29.6275 29.6275
8621.5707123727 9794.6741832573
[rows 40 to 79 of 80, columns 0 to 79 of 80]
9611 9614 9616 9615 9620 9616 9610 9605 9602 9601 9602 9607 9620 9618 9603 9611 9639 9637 9630 9629 9628 9627 9624 9615 9593 9549 9497 9435 9367 9297 9246 9172 9098 9011 8919 8827 8744 8699 8647 8627 8642 8697 8718 8738 8762 8800 8871 9070 9226 9360 9498 9595 9609 9596 9590 9597 9578 9558 9547 9537 9529 9522 9515 9507 9499 9490 9481 9475 9471 9465 9462 9482 9507 9525 9532 9490 9491 9499 9509 9520
9609 9609 9615 9623 9622 9614 9606 9601 9599 9599 9599 9603 9639 9607 9601 9629 9627 9626 9623 9621 9623 9626 9627 9613 9592 9550 9500 9445 9385 9323 9284 9212 9130 9033 8932 8831 8747 8715 8691 8670 8682 8716 8731 8749 8773 8811 8890 9117 9306 9402 9525 9609 9595 9572 9594 9603 9584 9569 9550 9538 9526 9517 9508 9499 9490 9479 9467 9468 9474 9479 9472 9469 9498 9525 9526 9482 9476 9484 9495 9507
9608 9611 9620 9634 9630 9607 9602 9599 9596 9593 9594 9605 9633 9637 9629 9629 9619 9614 9608 9611 9616 9622 9625 9623 9601 9562 9520 9477 9433 9393 9378 9306 9201 9084 8965 8852 8764 8732 8716 8706 8710 8728 8744 8765 8792 8835 8959 9226 9412 9458 9549 9607 9588 9567 9598 9592 9573 9554 9539 9528 9520 9510 9501 9493 9486 9478 9473 9468 9481 9495 9478 9466 9499 9533 9525 9477 9470 9474 9483 9495
9608 9615 9623 9633 9629 9603 9602 9600 9595 9591 9587 9582 9591 9617 9629 9623 9614 9606 9600 9602 9608 9615 9622 9624 9604 9575 9546 9518 9493 9476 9497 9421 9292 9153 9010 8880 8776 8745 8734 8727 8724 8740 8766 8798 8833 8892 9080 9341 9478 9516 9568 9594 9577 9564 9564 9561 9552 9537 9527 9521 9514 9506 9497 9490 9483 9477 9479 9488 9494 9491 9475 9471 9487 9531 9511 9475 9466 9466 9469 9472
9606 9613 9618 9623 9620 9612 9608 9602 9597 9591 9586 9583 9578 9585 9632 9631 9618 9605 9592 9593 9597 9604 9611 9610 9597 9582 9566 9553 9544 9543 9581 9513 9377 9232 9077 8921 8803 8768 8759 8753 8747 8765 8813 8866 8925 9019 9198 9384 9557 9577 9581 9577 9557 9534 9532 9538 9533 9526 9519 9512 9506 9500 9493 9486 9480 9475 9475 9492 9496 9477 9449 9433 9445 9484 9492 9469 9463 9461 9459 9456
9601 9604 9608 9611 9613 9628 9613 9604 9598 9593 9589 9582 9582 9595 9609 9636 9631 9607 9590 9587 9589 9591 9593 9587 9591 9586 9581 9581 9583 9589 9621 9557 9455 9318 9159 8987 8833 8809 8803 8796 8798 8808 8893 8968 9044 9177 9353 9529 9676 9626 9576 9556 9540 9522 9525 9527 9523 9516 9508 9505 9502 9496 9490 9484 9477 9471 9467 9459 9465 9485 9461 9423 9441 9499 9485 9475 9467 9460 9457 9456
9595 9597 9599 9601 9605 9614 9608 9601 9597 9593 9593 9594 9584 9586 9579 9601 9622 9606 9588 9583 9582 9581 9578 9575 9586 9589 9592 9597 9608 9624 9670 9636 9537 9407 9270 9117 8965 8895 8891 8870 8860 8924 9010 9108 9217 9345 9503 9659 9685 9592 9555 9542 9533 9524 9520 9526 9520 9510 9502 9499 9501 9494 9489 9483 9476 9469 9456 9466 9493 9472 9454 9463 9472 9497 9485 9478 9466 9458 9453 9454
9584 9586 9589 9591 9593 9592 9595 9594 9590 9587 9584 9581 9594 9588 9572 9586 9604 9601 9590 9584 9580 9575 9569 9580 9589 9594 9601 9611 9639 9661 9697 9722 9601 9492 9393 9311 9232 9109 9063 9036 9055 9083 9170 9280 9368 9471 9595 9675 9609 9559 9564 9546 9536 9537 9539 9528 9519 9509 9501 9497 9489 9493 9491 9485 9480 9472 9472 9474 9462 9451 9457 9451 9458 9479 9483 9473 9461 9453 9448 9448
9587 9583 9582 9582 9581 9585 9587 9585 9582 9578 9576 9573 9604 9597 9589 9610 9605 9599 9591 9585 9579 9576 9572 9574 9583 9591 9598 9608 9622 9639 9662 9650 9601 9541 9490 9453 9406 9324 9292 9284 9296 9356 9411 9480 9554 9643 9624 9615 9559 9535 9544 9540 9536 9533 9536 9527 9518 9512 9506 9505 9508 9501 9492 9482 9478 9473 9471 9470 9461 9447 9444 9444 9455 9481 9465 9460 9454 9449 9444 9444
9582 9583 9580 9578 9576 9580 9581 9579 9576 9572 9567 9573 9584 9601 9614 9605 9601 9594 9586 9580 9580 9579 9584 9582 9585 9590 9590 9596 9606 9613 9616 9603 9586 9569 9554 9551 9550 9548 9521 9555 9553 9595 9648 9616 9663 9663 9591 9545 9543 9526 9520 9531 9535 9532 9523 9518 9517 9517 9518 9516 9514 9504 9493 9483 9476 9471 9469 9471 9479 9448 9434 9430 9430 9451 9473 9455 9448 9444 9444 9447
9575 9575 9576 9574 9573 9572 9575 9573 9571 9569 9571 9572 9587 9605 9613 9604 9596 9590 9589 9589 9582 9579 9574 9580 9579 9580 9582 9586 9590 9591 9594 9591 9582 9577 9584 9613 9620 9634 9621 9602 9622 9616 9624 9611 9592 9601 9579 9550 9538 9535 9531 9534 9535 9529 9509 9510 9514 9519 9527 9523 9510 9499 9490 9482 9472 9466 9461 9460 9459 9447 9428 9423 9420 9426 9441 9439 9435 9436 9438 9444
9577 9573 9572 9571 9572 9573 9571 9570 9568 9567 9565 9567 9572 9596 9591 9590 9584 9581 9582 9588 9574 9571 9570 9571 9569 9574 9578 9582 9583 9582 9579 9576 9572 9573 9580 9595 9623 9631 9609 9572 9577 9579 9609 9578 9569 9572 9558 9538 9533 9548 9547 9545 9535 9518 9506 9506 9509 9513 9519 9514 9502 9493 9485 9475 9466 9458 9449 9438 9443 9436 9420 9412 9421 9423 9418 9422 9429 9434 9436 9442
9575 9570 9570 9570 9570 9570 9568 9567 9566 9564 9564 9562 9570 9598 9577 9569 9570 9568 9560 9545 9557 9560 9558 9562 9560 9567 9571 9573 9574 9572 9570 9568 9569 9565 9563 9560 9586 9604 9597 9547 9552 9551 9546 9546 9545 9549 9543 9533 9543 9571 9575 9557 9541 9520 9508 9506 9505 9503 9498 9489 9490 9483 9479 9471 9462 9453 9442 9434 9425 9422 9420 9419 9416 9407 9408 9412 9426 9437 9443 9450
9569 9569 9569 9568 9566 9565 9566 9565 9564 9561 9559 9561 9569 9600 9579 9564 9563 9560 9556 9554 9557 9561 9561 9565 9569 9566 9565 9564 9565 9565 9565 9564 9561 9559 9554 9548 9554 9577 9580 9564 9554 9547 9543 9542 9539 9535 9536 9540 9551 9561 9569 9556 9548 9540 9522 9511 9503 9495 9486 9477 9480 9483 9477 9469 9459 9448 9436 9425 9414 9413 9416 9417 9408 9412 9404 9415 9430 9445 9456 9462
9567 9567 9567 9565 9563 9562 9563 9563 9562 9563 9563 9559 9563 9596 9589 9570 9562 9559 9557 9561 9560 9566 9573 9570 9574 9562 9558 9556 9558 9559 9560 9561 9566 9555 9550 9549 9531 9535 9535 9550 9552 9551 9541 9530 9532 9531 9529 9533 9541 9544 9538 9538 9538 9532 9524 9513 9501 9489 9480 9480 9476 9483 9475 9465 9456 9447 9436 9421 9412 9413 9414 9409 9413 9412 9422 9427 9438 9453 9470 9469
9565 9566 9565 9563 9561 9559 9559 9559 9559 9559 9560 9559 9564 9583 9583 9569 9559 9555 9554 9552 9550 9549 9551 9554 9550 9546 9548 9549 9550 9552 9553 9553 9550 9546 9540 9528 9516 9512 9513 9537 9542 9546 9539 9524 9524 9528 9528 9531 9525 9512 9511 9521 9523 9522 9522 9511 9494 9482 9471 9458 9463 9469 9464 9460 9454 9446 9437 9428 9422 9422 9424 9426 9426 9425 9429 9432 9440 9454 9468 9466
9565 9565 9563 9561 9559 9557 9557 9556 9555 9554 9552 9551 9552 9549 9547 9553 9553 9551 9550 9551 9546 9531 9528 9532 9528 9531 9536 9539 9542 9544 9545 9545 9543 9541 9534 9520 9508 9504 9506 9520 9527 9522 9514 9523 9520 9526 9530 9526 9528 9522 9510 9514 9526 9524 9509 9494 9486 9476 9467 9462 9457 9454 9457 9458 9454 9449 9443 9438 9436 9439 9435 9433 9432 9437 9432 9430 9436 9447 9458 9456
9565 9564 9562 9560 9557 9555 9552 9552 9553 9552 9551 9550 9549 9544 9542 9546 9547 9546 9544 9543 9537 9529 9523 9521 9520 9523 9526 9530 9534 9536 9538 9540 9539 9542 9541 9527 9514 9510 9505 9514 9522 9518 9518 9516 9512 9523 9532 9532 9526 9513 9508 9506 9511 9520 9503 9486 9480 9472 9464 9460 9459 9462 9464 9463 9459 9453 9449 9446 9445 9445 9441 9435 9429 9432 9431 9424 9429 9437 9442 9446
9563 9563 9562 9560 9558 9554 9548 9551 9552 9552 9545 9544 9544 9540 9544 9543 9543 9542 9538 9531 9523 9521 9519 9516 9514 9516 9521 9525 9529 9531 9533 9536 9540 9547 9553 9543 9529 9525 9538 9543 9530 9521 9512 9503 9509 9523 9528 9529 9520 9508 9502 9502 9503 9506 9497 9493 9476 9467 9462 9462 9464 9468 9472 9470 9464 9457 9452 9447 9443 9444 9442 9440 9435 9427 9428 9427 9425 9426 9431 9435
9561 9560 9560 9560 9560 9560 9560 9557 9554 9549 9542 9541 9546 9538 9542 9542 9540 9537 9533 9525 9517 9516 9516 9515 9512 9512 9519 9522 9524 9526 9527 9529 9530 9542 9567 9556 9538 9525 9530 9538 9528 9522 9514 9503 9515 9545 9554 9534 9514 9501 9511 9504 9493 9490 9483 9468 9465 9462 9458 9457 9461 9479 9490 9475 9466 9458 9451 9444 9440 9437 9437 9434 9423 9426 9425 9424 9422 9411 9409 9424
9557 9556 9557 9560 9563 9566 9571 9567 9559 9548 9541 9544 9551 9542 9543 9543 9541 9537 9532 9526 9517 9513 9516 9518 9519 9527 9523 9523 9523 9524 9524 9524 9523 9526 9533 9549 9529 9510 9488 9498 9511 9519 9530 9515 9518 9542 9548 9522 9489 9479 9495 9502 9493 9483 9473 9461 9457 9457 9456 9456 9462 9473 9476 9470 9465 9458 9452 9446 9440 9437 9433 9427 9419 9421 9417 9408 9414 9410 9412 9421
9550 9552 9555 9558 9562 9567 9570 9571 9564 9559 9554 9547 9555 9557 9550 9547 9543 9540 9536 9532 9532 9523 9521 9522 9525 9526 9527 9526 9525 9523 9522 9521 9520 9520 9514 9514 9513 9503 9489 9489 9497 9506 9513 9520 9519 9507 9493 9488 9476 9483 9492 9500 9498 9484 9471 9460 9456 9455 9456 9459 9464 9462 9460 9461 9460 9458 9454 9449 9447 9438 9428 9422 9416 9419 9412 9408 9408 9405 9409 9420
9546 9547 9552 9559 9564 9569 9572 9572 9565 9556 9554 9554 9558 9558 9554 9551 9546 9542 9539 9536 9534 9530 9526 9525 9526 9526 9528 9528 9527 9525 9522 9521 9518 9514 9508 9505 9505 9503 9497 9488 9490 9493 9490 9491 9508 9504 9473 9472 9478 9482 9483 9490 9494 9483 9472 9463 9459 9457 9456 9456 9454 9455 9452 9455 9456 9456 9455 9453 9445 9430 9426 9429 9429 9417 9407 9403 9398 9398 9405 9417
9544 9548 9554 9560 9565 9570 9574 9574 9567 9559 9558 9556 9556 9560 9558 9554 9550 9545 9542 9538 9533 9529 9528 9527 9527 9529 9530 9529 9527 9525 9523 9521 9517 9511 9509 9504 9503 9501 9499 9491 9487 9486 9486 9481 9486 9478 9457 9472 9478 9483 9479 9480 9484 9481 9474 9467 9462 9459 9457 9455 9453 9452 9452 9452 9453 9454 9455 9455 9447 9439 9429 9421 9417 9414 9406 9400 9394 9393 9400 9410
9547 9555 9561 9564 9568 9571 9574 9574 9564 9560 9559 9558 9559 9564 9562 9559 9554 9548 9544 9539 9536 9533 9530 9529 9528 9529 9530 9528 9526 9523 9520 9519 9518 9519 9513 9504 9504 9503 9497 9493 9488 9482 9478 9484 9493 9490 9484 9489 9495 9481 9475 9483 9485 9481 9474 9468 9462 9460 9458 9456 9452 9450 9448 9449 9451 9453 9452 9448 9447 9442 9432 9424 9420 9411 9406 9400 9385 9391 9397 9400
9577 9571 9572 9574 9573 9573 9572 9570 9569 9562 9562 9562 9563 9567 9566 9561 9556 9550 9545 9539 9531 9532 9532 9530 9529 9528 9529 9527 9525 9522 9519 9516 9514 9511 9509 9506 9505 9506 9501 9496 9487 9480 9477 9487 9492 9507 9509 9502 9497 9483 9486 9493 9487 9482 9476 9470 9463 9462 9460 9458 9456 9452 9449 9448 9450 9453 9456 9453 9445 9436 9434 9427 9418 9412 9410 9402 9390 9389 9394 9394
9594 9586 9582 9580 9579 9575 9572 9569 9570 9566 9564 9562 9561 9572 9567 9562 9557 9552 9547 9542 9542 9536 9534 9531 9529 9528 9527 9526 9523 9520 9517 9514 9511 9508 9508 9506 9504 9499 9500 9493 9486 9480 9480 9488 9484 9499 9506 9499 9484 9462 9460 9505 9495 9483 9476 9472 9470 9464 9460 9459 9458 9454 9449 9447 9448 9450 9454 9452 9442 9434 9427 9421 9413 9405 9405 9402 9399 9400 9396 9395
9589 9594 9593 9588 9583 9578 9573 9570 9566 9566 9568 9561 9561 9567 9565 9561 9557 9553 9548 9544 9540 9537 9536 9533 9530 9528 9527 9525 9522 9519 9516 9512 9510 9508 9511 9508 9505 9502 9498 9493 9488 9485 9481 9485 9491 9487 9493 9496 9479 9443 9431 9502 9494 9480 9474 9470 9470 9463 9459 9458 9455 9452 9448 9445 9446 9447 9444 9441 9436 9430 9426 9428 9422 9412 9406 9397 9398 9397 9396 9395
9608 9606 9601 9594 9587 9580 9574 9569 9563 9565 9561 9564 9559 9560 9561 9559 9557 9554 9550 9547 9544 9541 9539 9535 9531 9528 9528 9524 9521 9518 9514 9511 9509 9510 9513 9510 9506 9503 9504 9506 9505 9491 9488 9489 9492 9485 9488 9498 9485 9457 9454 9483 9481 9476 9471 9466 9459 9458 9457 9456 9455 9452 9449 9447 9446 9444 9442 9436 9431 9430 9421 9430 9422 9413 9412 9405 9399 9401 9399 9396
9618 9616 9606 9598 9590 9582 9574 9567 9563 9564 9565 9560 9557 9558 9559 9558 9556 9554 9552 9550 9548 9547 9541 9535 9530 9526 9523 9522 9520 9518 9515 9513 9509 9508 9509 9508 9507 9504 9502 9498 9492 9491 9479 9487 9493 9485 9485 9483 9480 9472 9469 9469 9469 9469 9465 9462 9458 9456 9455 9454 9453 9452 9449 9446 9445 9444 9442 9434 9424 9411 9432 9427 9415 9409 9407 9406 9404 9408 9402 9396
9620 9616 9609 9600 9591 9582 9574 9568 9566 9564 9563 9560 9560 9559 9558 9557 9555 9553 9552 9553 9551 9546 9540 9534 9529 9524 9521 9521 9520 9519 9516 9514 9512 9511 9511 9507 9505 9501 9496 9494 9491 9494 9492 9489 9486 9486 9484 9483 9479 9475 9472 9469 9466 9464 9461 9459 9456 9454 9453 9452 9450 9448 9446 9449 9445 9444 9442 9435 9427 9416 9421 9420 9414 9405 9411 9409 9411 9416 9405 9395
9618 9614 9608 9601 9592 9583 9575 9568 9569 9565 9562 9563 9564 9561 9558 9556 9554 9551 9551 9551 9548 9541 9537 9533 9529 9524 9521 9522 9521 9520 9519 9517 9515 9511 9505 9504 9503 9500 9494 9492 9490 9484 9480 9485 9484 9484 9483 9485 9478 9473 9471 9469 9463 9460 9459 9457 9457 9455 9452 9449 9444 9438 9440 9439 9441 9442 9440 9441 9439 9437 9442 9442 9431 9419 9419 9417 9413 9410 9404 9395
9618 9614 9609 9602 9593 9585 9577 9570 9568 9566 9564 9568 9561 9561 9558 9556 9553 9550 9546 9545 9542 9538 9535 9532 9529 9526 9524 9523 9523 9522 9521 9519 9517 9513 9505 9502 9502 9498 9494 9491 9488 9482 9478 9482 9482 9481 9478 9476 9473 9469 9465 9461 9457 9456 9456 9456 9455 9454 9450 9446 9442 9437 9437 9437 9441 9447 9450 9452 9459 9468 9485 9479 9462 9442 9424 9425 9415 9408 9402 9397
9618 9614 9609 9603 9595 9587 9580 9575 9572 9568 9569 9570 9567 9561 9558 9555 9552 9548 9542 9534 9535 9536 9535 9533 9530 9527 9525 9524 9524 9523 9521 9520 9519 9516 9507 9502 9501 9497 9494 9490 9487 9486 9480 9484 9479 9474 9473 9471 9469 9465 9460 9458 9454 9454 9453 9453 9452 9450 9449 9446 9443 9441 9441 9441 9443 9448 9456 9461 9476 9490 9491 9492 9473 9480 9480 9428 9422 9407 9402 9400
9619 9617 9611 9604 9596 9588 9582 9576 9571 9574 9573 9572 9565 9562 9558 9556 9552 9548 9543 9538 9537 9537 9536 9534 9532 9529 9526 9526 9525 9523 9521 9519 9517 9514 9507 9502 9500 9496 9494 9490 9485 9482 9481 9481 9479 9471 9471 9469 9467 9465 9462 9461 9456 9453 9450 9450 9450 9448 9447 9445 9444 9447 9447 9446 9444 9436 9443 9461 9495 9538 9562 9451 9390 9448 9562 9505 9449 9419 9405 9403
9620 9618 9613 9606 9598 9590 9582 9577 9576 9576 9576 9572 9566 9563 9559 9556 9553 9550 9548 9545 9543 9541 9540 9538 9535 9531 9529 9529 9527 9524 9520 9516 9510 9509 9504 9501 9501 9499 9495 9492 9490 9490 9486 9485 9482 9474 9470 9468 9467 9466 9465 9463 9459 9452 9447 9446 9447 9450 9444 9441 9441 9441 9439 9434 9420 9404 9416 9440 9454 9466 9322 9151 9177 9232 9325 9529 9515 9438 9410 9406
9623 9621 9616 9608 9599 9590 9581 9577 9578 9578 9576 9568 9566 9564 9561 9557 9554 9552 9551 9551 9547 9545 9545 9541 9537 9534 9532 9532 9528 9524 9520 9514 9510 9505 9503 9501 9501 9499 9496 9493 9491 9495 9493 9488 9479 9473 9470 9468 9466 9465 9464 9460 9453 9444 9442 9441 9440 9437 9436 9435 9435 9432 9429 9428 9437 9446 9426 9411 9378 9290 9110 8983 8998 9006 9043 9364 9564 9461 9412 9405
9624 9619 9615 9608 9600 9592 9583 9575 9574 9581 9577 9573 9569 9565 9562 9558 9556 9554 9552 9550 9549 9547 9545 9543 9539 9536 9533 9529 9528 9525 9520 9515 9510 9507 9502 9499 9500 9502 9497 9493 9491 9489 9489 9485 9476 9475 9471 9467 9463 9461 9460 9463 9438 9435 9439 9438 9435 9432 9430 9432 9431 9429 9428 9430 9431 9432 9424 9392 9330 9223 9082 8971 8929 8908 8938 9230 9531 9478 9419 9414
9622 9615 9611 9608 9602 9596 9590 9583 9578 9578 9576 9576 9570 9566 9563 9560 9557 9554 9552 9550 9550 9549 9547 9545 9541 9537 9533 9531 9530 9526 9522 9518 9513 9506 9502 9498 9497 9499 9495 9492 9489 9488 9484 9478 9472 9472 9471 9465 9461 9456 9456 9457 9455 9449 9440 9437 9432 9428 9426 9427 9426 9428 9427 9428 9428 9428 9423 9398 9335 9227 9120 9012 8939 8915 8947 9241 9580 9502 9424 9410
9620 9616 9614 9609 9604 9599 9595 9591 9588 9587 9575 9568 9569 9566 9564 9561 9559 9556 9553 9551 9551 9551 9550 9547 9542 9538 9534 9531 9532 9528 9522 9517 9512 9507 9503 9501 9496 9494 9492 9489 9485 9484 9481 9479 9477 9474 9469 9464 9459 9456 9456 9454 9451 9445 9440 9436 9432 9428 9427 9427 9427 9427 9428 9427 9428 9427 9429 9425 9397 9291 9160 8998 8966 9016 9096 9387 9592 9501 9421 9406
