real_craters/C082-750m.grd
DSAA
80 80
-29.6275 29.6275
-29.6275 29.6275
8621.5707123727 9794.6741832573
[rows 0 to 39 of 80, columns 0 to 79 of 80]
9508 9508 9509 9511 9513 9510 9509 9512 9521 9532 9543 9554 9564 9579 9590 9604 9615 9619 9616 9616 9601 9594 9587 9583 9579 9576 9575 9574 9574 9575 9575 9574 9575 9575 9575 9572 9574 9579 9582 9581 9576 9573 9586 9604 9654 9690 9734 9724 9727 9750 9767 9742 9739 9741 9744 9746 9750 9755 9759 9762 9755 9744 9739 9742 9748 9737 9724 9719 9714 9710 9709 9708 9707 9704 9700 9696 9695 9691 9691 9711
9510 9511 9510 9511 9511 9511 9510 9514 9528 9543 9557 9573 9590 9604 9615 9619 9621 9616 9610 9609 9599 9592 9588 9585 9582 9578 9579 9578 9577 9576 9577 9578 9578 9578 9580 9581 9579 9577 9577 9575 9570 9568 9567 9573 9611 9659 9696 9698 9714 9746 9774 9764 9759 9743 9736 9739 9743 9749 9754 9758 9753 9751 9741 9744 9741 9737 9725 9716 9710 9707 9707 9706 9705 9701 9700 9699 9700 9700 9695 9698
9513 9514 9512 9510 9513 9516 9513 9519 9538 9557 9573 9590 9609 9635 9638 9628 9623 9607 9603 9601 9594 9593 9590 9589 9589 9589 9587 9584 9581 9580 9579 9578 9579 9580 9580 9580 9580 9577 9573 9570 9567 9566 9564 9564 9573 9578 9627 9674 9711 9736 9759 9779 9752 9742 9737 9735 9741 9747 9748 9745 9752 9754 9755 9748 9747 9743 9726 9714 9707 9705 9706 9705 9701 9700 9701 9704 9710 9718 9732 9723
9518 9520 9520 9514 9522 9536 9533 9535 9557 9573 9587 9602 9616 9628 9631 9625 9616 9607 9604 9600 9599 9587 9592 9593 9595 9597 9595 9589 9585 9583 9582 9581 9581 9582 9581 9581 9582 9577 9573 9569 9565 9561 9564 9563 9562 9560 9589 9655 9711 9717 9740 9795 9764 9728 9718 9729 9746 9750 9753 9748 9752 9750 9742 9749 9749 9736 9722 9713 9709 9706 9705 9701 9702 9700 9701 9706 9717 9729 9734 9716
9522 9535 9544 9544 9553 9569 9592 9592 9584 9588 9596 9605 9616 9625 9626 9618 9609 9608 9605 9604 9602 9600 9597 9597 9599 9600 9598 9593 9589 9587 9586 9587 9586 9585 9583 9581 9580 9576 9572 9568 9565 9562 9565 9563 9561 9563 9580 9626 9672 9678 9721 9775 9776 9728 9713 9730 9740 9757 9766 9768 9758 9758 9764 9755 9744 9730 9721 9719 9714 9707 9707 9705 9704 9702 9700 9709 9722 9734 9739 9717
9539 9561 9577 9600 9592 9593 9604 9605 9599 9599 9601 9604 9611 9617 9617 9611 9607 9609 9607 9606 9603 9599 9599 9600 9601 9600 9598 9596 9593 9592 9591 9591 9590 9587 9584 9582 9576 9573 9571 9568 9566 9565 9562 9560 9561 9558 9570 9591 9598 9612 9684 9776 9780 9729 9721 9756 9767 9766 9767 9760 9760 9757 9755 9748 9740 9732 9724 9723 9711 9708 9710 9710 9708 9708 9710 9715 9725 9736 9740 9717
9606 9590 9595 9602 9603 9598 9591 9598 9600 9599 9603 9606 9608 9605 9597 9604 9606 9608 9607 9606 9603 9602 9603 9603 9603 9603 9601 9600 9598 9595 9593 9592 9589 9587 9584 9580 9576 9572 9569 9568 9566 9566 9561 9560 9560 9557 9561 9570 9572 9554 9653 9768 9763 9718 9703 9735 9761 9765 9766 9764 9760 9753 9746 9740 9736 9730 9733 9730 9723 9719 9715 9713 9713 9715 9714 9720 9725 9732 9736 9720
9597 9597 9595 9600 9598 9597 9595 9597 9600 9603 9607 9607 9609 9608 9612 9605 9609 9610 9608 9606 9604 9607 9607 9608 9607 9606 9605 9603 9600 9598 9595 9593 9591 9586 9582 9577 9573 9571 9569 9568 9566 9565 9561 9561 9559 9555 9555 9557 9558 9544 9634 9738 9751 9708 9687 9694 9725 9752 9774 9769 9758 9756 9749 9739 9734 9729 9729 9729 9726 9726 9721 9720 9719 9721 9722 9723 9724 9723 9718 9708
9595 9592 9589 9587 9593 9595 9597 9599 9602 9606 9609 9611 9612 9610 9606 9607 9606 9610 9607 9610 9615 9615 9613 9612 9610 9610 9607 9606 9606 9600 9597 9594 9590 9586 9582 9578 9574 9571 9569 9568 9566 9563 9560 9561 9560 9556 9554 9554 9556 9550 9632 9716 9756 9710 9683 9674 9700 9730 9751 9747 9746 9747 9745 9743 9734 9727 9725 9727 9730 9729 9724 9722 9721 9721 9725 9724 9723 9718 9709 9703
9585 9584 9586 9589 9591 9593 9595 9600 9605 9609 9613 9615 9616 9617 9618 9623 9625 9623 9623 9618 9621 9620 9617 9615 9613 9610 9606 9600 9597 9601 9599 9595 9589 9585 9581 9577 9573 9570 9569 9568 9568 9563 9561 9562 9559 9558 9560 9559 9555 9562 9561 9678 9762 9742 9687 9666 9682 9701 9712 9721 9729 9735 9739 9737 9731 9729 9725 9725 9724 9721 9724 9725 9722 9717 9716 9726 9729 9728 9724 9722
9573 9580 9584 9588 9591 9594 9598 9602 9606 9611 9615 9619 9622 9626 9630 9625 9628 9629 9629 9633 9633 9625 9621 9618 9615 9613 9615 9616 9613 9607 9602 9597 9591 9587 9582 9577 9571 9568 9570 9571 9569 9564 9564 9567 9564 9563 9567 9570 9567 9558 9558 9636 9710 9734 9680 9647 9663 9681 9691 9700 9712 9721 9723 9722 9724 9723 9725 9722 9723 9723 9723 9727 9728 9729 9730 9735 9740 9743 9743 9730
9579 9587 9588 9591 9595 9596 9600 9605 9610 9613 9617 9622 9626 9631 9632 9621 9621 9624 9625 9629 9630 9627 9623 9620 9617 9615 9618 9620 9619 9613 9606 9600 9593 9589 9585 9580 9574 9569 9572 9576 9572 9562 9563 9568 9564 9569 9577 9584 9588 9545 9559 9616 9676 9705 9665 9623 9644 9671 9691 9687 9701 9713 9721 9720 9717 9715 9720 9717 9716 9711 9723 9732 9740 9743 9745 9747 9749 9751 9745 9723
9590 9597 9598 9599 9601 9602 9605 9610 9614 9617 9621 9625 9629 9631 9628 9624 9622 9619 9625 9630 9631 9629 9624 9620 9616 9613 9611 9628 9624 9616 9608 9602 9597 9593 9590 9585 9574 9571 9577 9588 9592 9569 9563 9571 9565 9571 9583 9594 9591 9551 9550 9577 9668 9705 9670 9634 9642 9662 9679 9687 9695 9705 9710 9711 9710 9708 9709 9714 9711 9714 9723 9737 9753 9769 9765 9756 9749 9744 9732 9716
9597 9607 9606 9607 9608 9611 9613 9616 9619 9622 9625 9628 9630 9632 9633 9628 9630 9629 9630 9630 9634 9629 9624 9619 9614 9610 9607 9613 9618 9614 9609 9603 9599 9596 9592 9592 9598 9578 9581 9593 9613 9578 9568 9571 9564 9573 9587 9601 9611 9561 9539 9529 9634 9698 9677 9645 9646 9650 9667 9676 9688 9699 9705 9707 9707 9706 9705 9705 9705 9706 9720 9737 9758 9776 9769 9755 9742 9728 9718 9710
9615 9611 9609 9612 9614 9614 9617 9620 9623 9626 9629 9630 9631 9632 9633 9636 9641 9633 9636 9635 9633 9629 9625 9620 9615 9611 9608 9609 9616 9614 9607 9600 9593 9587 9588 9592 9593 9589 9582 9581 9578 9595 9579 9566 9564 9571 9580 9591 9600 9563 9540 9543 9560 9653 9689 9674 9673 9635 9636 9661 9680 9697 9707 9710 9705 9706 9707 9705 9704 9704 9710 9731 9752 9764 9761 9747 9732 9720 9711 9705
9614 9614 9611 9619 9625 9627 9626 9626 9626 9628 9630 9635 9635 9635 9632 9632 9642 9643 9632 9635 9633 9629 9627 9622 9618 9614 9612 9620 9617 9611 9604 9595 9585 9576 9583 9587 9588 9569 9574 9573 9573 9585 9579 9565 9565 9562 9565 9568 9565 9553 9550 9552 9557 9629 9688 9682 9661 9637 9633 9657 9678 9697 9715 9719 9713 9708 9705 9704 9702 9699 9702 9718 9737 9757 9745 9734 9720 9705 9702 9701
9624 9635 9627 9626 9632 9637 9633 9629 9628 9627 9630 9634 9636 9640 9641 9632 9632 9638 9638 9637 9637 9638 9633 9628 9623 9618 9612 9622 9616 9610 9603 9596 9588 9579 9585 9588 9586 9594 9583 9568 9565 9571 9572 9564 9558 9551 9550 9549 9549 9541 9559 9583 9577 9597 9645 9659 9644 9643 9660 9662 9675 9689 9704 9714 9716 9710 9699 9696 9694 9692 9696 9703 9710 9714 9722 9720 9714 9708 9703 9704
9620 9622 9623 9625 9628 9630 9630 9627 9628 9629 9631 9635 9637 9642 9651 9647 9636 9645 9645 9634 9643 9642 9635 9629 9625 9622 9624 9613 9609 9606 9605 9603 9600 9599 9597 9595 9592 9579 9563 9564 9560 9559 9574 9579 9562 9546 9540 9537 9551 9596 9585 9564 9566 9563 9574 9618 9650 9638 9647 9655 9664 9675 9687 9702 9726 9712 9697 9694 9688 9685 9687 9693 9693 9695 9704 9708 9709 9711 9708 9709
9619 9619 9622 9622 9621 9622 9624 9626 9627 9630 9632 9633 9636 9639 9643 9642 9632 9649 9663 9647 9657 9641 9635 9629 9624 9620 9624 9611 9601 9604 9607 9609 9611 9610 9610 9601 9590 9571 9564 9574 9570 9564 9579 9606 9574 9545 9539 9535 9531 9555 9551 9542 9544 9546 9552 9596 9655 9648 9641 9647 9654 9661 9669 9678 9697 9702 9692 9693 9687 9685 9687 9692 9695 9695 9696 9698 9701 9702 9706 9710
9620 9619 9622 9619 9614 9615 9620 9624 9627 9629 9632 9632 9634 9633 9628 9639 9634 9639 9647 9622 9624 9627 9627 9626 9621 9612 9595 9593 9597 9602 9607 9611 9618 9628 9624 9609 9594 9571 9567 9599 9595 9578 9570 9563 9563 9548 9544 9546 9544 9535 9541 9537 9539 9540 9540 9568 9620 9640 9634 9634 9640 9650 9656 9667 9697 9713 9699 9684 9685 9692 9700 9695 9694 9690 9688 9689 9694 9695 9696 9701
9625 9623 9625 9621 9615 9616 9620 9624 9626 9628 9629 9631 9633 9632 9634 9625 9626 9629 9631 9624 9611 9617 9621 9624 9623 9617 9596 9598 9601 9604 9604 9611 9615 9620 9618 9613 9612 9617 9605 9617 9610 9589 9569 9555 9550 9551 9554 9556 9539 9534 9541 9557 9553 9543 9535 9542 9553 9598 9610 9617 9627 9638 9649 9667 9705 9727 9734 9714 9690 9692 9705 9690 9677 9675 9677 9678 9679 9678 9681 9688
9632 9629 9624 9623 9622 9621 9621 9623 9625 9625 9624 9625 9627 9630 9634 9628 9624 9648 9656 9616 9606 9611 9617 9623 9628 9635 9647 9629 9623 9612 9609 9608 9608 9606 9604 9609 9618 9640 9613 9626 9597 9584 9579 9589 9592 9558 9563 9583 9559 9542 9576 9569 9562 9547 9538 9536 9532 9540 9580 9601 9618 9632 9647 9669 9694 9721 9750 9774 9705 9686 9680 9674 9665 9662 9664 9667 9669 9672 9675 9679
9637 9632 9632 9628 9624 9624 9623 9621 9620 9618 9616 9618 9620 9626 9632 9630 9649 9679 9639 9609 9607 9617 9622 9625 9630 9637 9650 9633 9622 9614 9610 9607 9603 9600 9602 9605 9609 9607 9619 9590 9591 9586 9586 9582 9573 9554 9566 9587 9555 9539 9543 9564 9566 9563 9554 9547 9542 9548 9568 9585 9602 9618 9637 9660 9686 9716 9747 9764 9752 9704 9661 9654 9651 9653 9655 9657 9660 9663 9670 9675
9642 9641 9639 9636 9635 9630 9625 9621 9618 9615 9613 9611 9611 9616 9633 9665 9669 9649 9613 9614 9629 9635 9632 9629 9626 9623 9620 9617 9609 9608 9608 9606 9604 9601 9600 9605 9607 9607 9630 9640 9610 9596 9582 9576 9588 9573 9577 9589 9548 9542 9550 9572 9573 9564 9562 9557 9552 9556 9561 9574 9588 9605 9624 9646 9670 9695 9734 9766 9756 9717 9666 9640 9637 9643 9649 9652 9654 9657 9667 9676
9645 9645 9640 9642 9641 9633 9628 9623 9619 9616 9613 9613 9608 9609 9639 9663 9641 9618 9611 9621 9642 9646 9639 9630 9622 9614 9608 9608 9604 9608 9609 9608 9607 9607 9606 9612 9616 9617 9631 9643 9626 9604 9591 9587 9605 9604 9593 9586 9575 9558 9564 9580 9579 9578 9569 9560 9549 9549 9556 9566 9579 9592 9608 9629 9656 9680 9715 9750 9769 9740 9715 9659 9638 9644 9652 9656 9651 9660 9673 9680
9647 9645 9648 9645 9641 9636 9630 9629 9626 9622 9620 9613 9614 9617 9651 9659 9625 9614 9609 9623 9645 9648 9639 9630 9620 9613 9608 9608 9610 9612 9615 9614 9613 9614 9618 9621 9626 9628 9630 9622 9609 9605 9598 9599 9611 9609 9594 9581 9589 9563 9555 9560 9570 9565 9575 9570 9543 9543 9552 9560 9568 9578 9587 9600 9614 9642 9685 9716 9756 9757 9731 9696 9653 9655 9662 9675 9695 9695 9683 9682
9645 9642 9639 9638 9636 9635 9633 9629 9627 9624 9623 9619 9618 9621 9650 9668 9626 9611 9602 9620 9641 9649 9640 9629 9618 9607 9605 9607 9607 9612 9615 9615 9617 9619 9622 9628 9641 9632 9620 9624 9616 9624 9617 9612 9615 9605 9589 9572 9571 9558 9548 9549 9567 9585 9584 9574 9560 9548 9550 9555 9560 9563 9565 9569 9588 9636 9671 9700 9732 9765 9744 9725 9691 9676 9671 9674 9678 9677 9680 9680
9646 9641 9638 9637 9634 9632 9631 9630 9629 9628 9629 9629 9630 9629 9608 9670 9625 9604 9597 9619 9645 9655 9641 9628 9617 9605 9604 9608 9612 9615 9614 9613 9613 9619 9627 9639 9649 9650 9665 9672 9636 9635 9650 9643 9630 9615 9595 9587 9558 9552 9545 9544 9563 9583 9595 9604 9582 9566 9560 9557 9556 9554 9550 9545 9542 9596 9643 9680 9721 9765 9750 9759 9728 9695 9676 9663 9666 9674 9674 9674
9639 9640 9639 9637 9635 9635 9634 9635 9637 9636 9638 9642 9645 9651 9665 9665 9618 9600 9601 9621 9643 9650 9638 9628 9621 9613 9611 9612 9618 9619 9607 9607 9601 9619 9651 9652 9619 9616 9681 9620 9578 9569 9649 9600 9615 9612 9577 9626 9557 9555 9551 9551 9563 9578 9598 9618 9620 9589 9569 9561 9556 9550 9544 9541 9550 9578 9617 9657 9691 9712 9715 9712 9716 9695 9676 9657 9664 9673 9669 9668
9640 9638 9637 9635 9637 9638 9637 9640 9643 9645 9650 9655 9661 9662 9670 9618 9605 9600 9613 9622 9635 9637 9631 9626 9623 9624 9617 9615 9613 9610 9614 9592 9583 9585 9603 9597 9510 9450 9405 9416 9377 9334 9282 9428 9569 9701 9644 9651 9582 9576 9571 9585 9577 9579 9595 9616 9621 9596 9578 9574 9565 9554 9547 9544 9550 9561 9585 9634 9666 9675 9681 9683 9688 9687 9679 9661 9658 9661 9663 9664
9634 9636 9637 9638 9638 9638 9640 9645 9647 9650 9654 9660 9668 9674 9641 9613 9602 9598 9605 9618 9628 9633 9623 9623 9622 9620 9623 9622 9619 9615 9604 9581 9552 9511 9480 9418 9335 9231 9103 9085 9140 9154 9130 9262 9433 9586 9616 9630 9638 9616 9629 9606 9588 9582 9586 9588 9588 9596 9600 9589 9575 9564 9553 9546 9548 9550 9568 9613 9656 9656 9658 9665 9668 9675 9685 9702 9667 9657 9659 9661
9632 9633 9635 9637 9638 9638 9640 9643 9645 9649 9653 9655 9653 9639 9616 9605 9600 9599 9607 9617 9622 9618 9618 9620 9621 9624 9629 9633 9633 9628 9603 9560 9498 9414 9311 9160 9149 9079 9050 9033 8999 9048 9100 9122 9213 9269 9169 9724 9678 9646 9633 9626 9603 9585 9578 9572 9567 9589 9614 9596 9582 9570 9561 9550 9534 9530 9551 9585 9630 9651 9647 9643 9650 9662 9677 9684 9672 9660 9659 9659
9628 9629 9630 9634 9635 9638 9640 9644 9648 9651 9654 9651 9637 9621 9609 9601 9599 9613 9616 9618 9621 9621 9622 9619 9618 9623 9635 9647 9654 9652 9614 9541 9436 9324 9208 9154 9018 8938 8878 8828 8840 8849 8879 8980 9034 9056 9049 9493 9622 9652 9638 9622 9602 9587 9576 9566 9563 9573 9579 9581 9576 9571 9565 9558 9548 9538 9532 9543 9568 9619 9636 9626 9634 9644 9656 9669 9671 9662 9657 9655
9624 9625 9626 9628 9631 9636 9641 9646 9650 9655 9656 9654 9643 9626 9606 9599 9601 9604 9615 9622 9627 9632 9626 9619 9616 9623 9640 9660 9681 9700 9638 9530 9391 9246 9091 8920 8863 8833 8791 8771 8771 8772 8799 8870 8937 8986 9063 9277 9542 9669 9641 9617 9594 9584 9574 9562 9558 9562 9565 9565 9566 9566 9565 9565 9570 9573 9523 9508 9508 9559 9619 9616 9615 9623 9632 9645 9663 9657 9653 9652
9621 9621 9622 9623 9626 9632 9636 9641 9645 9649 9653 9656 9666 9646 9607 9596 9593 9599 9621 9629 9630 9628 9620 9614 9614 9620 9636 9662 9698 9742 9666 9509 9346 9184 9019 8866 8798 8789 8767 8755 8752 8751 8763 8816 8878 8966 9036 9176 9404 9615 9662 9624 9586 9584 9574 9566 9559 9558 9550 9550 9556 9559 9560 9564 9568 9562 9518 9496 9494 9494 9568 9600 9603 9607 9610 9622 9636 9641 9643 9647
9618 9619 9618 9618 9624 9628 9632 9636 9638 9642 9646 9651 9643 9614 9605 9588 9591 9633 9639 9637 9633 9628 9620 9607 9597 9605 9618 9640 9676 9756 9661 9467 9295 9134 8982 8851 8783 8769 8749 8736 8728 8727 8744 8781 8829 8886 9005 9100 9229 9517 9676 9632 9614 9587 9571 9561 9563 9561 9550 9547 9549 9552 9554 9555 9553 9540 9515 9500 9496 9492 9516 9567 9605 9600 9594 9598 9610 9618 9623 9630
9617 9618 9618 9616 9622 9625 9628 9632 9635 9636 9638 9639 9636 9608 9600 9592 9621 9658 9655 9644 9636 9630 9626 9609 9591 9589 9588 9587 9588 9604 9514 9372 9229 9088 8954 8839 8774 8757 8736 8722 8707 8710 8726 8753 8785 8821 8946 9046 9170 9403 9569 9600 9596 9579 9569 9557 9562 9559 9548 9541 9542 9545 9546 9545 9540 9527 9516 9505 9498 9494 9493 9534 9576 9584 9574 9581 9590 9593 9598 9606
9616 9616 9618 9618 9622 9624 9626 9628 9630 9631 9629 9623 9612 9598 9589 9592 9642 9656 9654 9645 9635 9628 9624 9620 9616 9584 9555 9525 9485 9449 9355 9269 9163 9047 8934 8833 8771 8754 8734 8708 8691 8689 8709 8734 8759 8798 8882 9043 9144 9327 9490 9564 9568 9568 9570 9568 9557 9549 9543 9537 9539 9539 9537 9535 9531 9527 9520 9509 9492 9483 9486 9527 9554 9567 9552 9559 9565 9568 9572 9577
9614 9614 9613 9612 9617 9620 9623 9623 9623 9619 9616 9610 9601 9594 9587 9593 9641 9653 9647 9640 9634 9628 9623 9620 9604 9569 9525 9475 9413 9370 9287 9204 9117 9019 8922 8836 8780 8738 8686 8666 8665 8676 8698 8724 8754 8797 8870 9026 9127 9314 9472 9572 9578 9568 9572 9569 9558 9546 9546 9549 9538 9532 9529 9526 9522 9518 9513 9503 9482 9466 9474 9521 9533 9543 9543 9533 9537 9542 9546 9551
9612 9612 9609 9607 9611 9616 9615 9612 9610 9608 9608 9607 9606 9602 9594 9597 9641 9648 9638 9635 9631 9627 9620 9615 9594 9555 9504 9444 9376 9307 9261 9176 9095 9007 8917 8831 8763 8714 8637 8622 8636 8672 8704 8729 8755 8789 8868 9043 9156 9313 9478 9603 9600 9582 9579 9577 9567 9553 9546 9539 9533 9528 9522 9516 9511 9507 9500 9488 9475 9466 9467 9499 9518 9529 9528 9515 9512 9519 9526 9533
