real_craters/C082-500m.grd
DSAA
120 120
-29.6275 29.6275
-29.6275 29.6275
8619.1961191313 9791.6294235826
[rows 30 to 59 of 120, columns 0 to 66 of 120]
9624.97 9622.68 9624.17 9624.64 9621.88 9618.7 9614.72 9613.77 9616.9 9620.6 9622.96 9625.25 9626.74 9627.69 9628.93 9629.96 9630.12 9632.53 9632.65 9632.7 9631.92 9633.46 9627.28 9625.97 9627.49 9628 9630.11 9631.29 9631.78 9617.69 9612.09 9614.89 9618.85 9621.26 9623.18 9623.5 9622.46 9619.28 9612.37 9597.7 9594.69 9597.04 9599.39 9602.54 9603.42 9603.67 9608.21 9611.21 9615.02 9618.92 9622.35 9620.44 9615.49 9612.18 9610.51 9611.12 9609.56 9601.57 9609.26 9617.08 9613.5 9601.51 9585.27 9571.58 9559.54 9552.81 9547.47
9628.96 9626.3 9624.53 9625.79 9623.18 9621.52 9622.01 9620.16 9619.83 9621.05 9622.56 9623.57 9624.99 9624.75 9626.57 9626.47 9627.39 9627.86 9629.15 9630.39 9631.26 9630.92 9629.36 9626.31 9623.01 9629.28 9634.11 9642.26 9622.52 9612.82 9607.61 9609.66 9613.17 9616.88 9621.1 9624.35 9625.99 9626.98 9627.81 9627.51 9619.34 9613.35 9611.64 9610.69 9607.74 9606.18 9608 9607.96 9610.63 9611.88 9609.72 9608.43 9610.07 9612.34 9616.8 9624.51 9625.61 9617.79 9620.89 9635.25 9609.68 9592.22 9583.55 9575.64 9568.3 9576.98 9581.72
9633.15 9632.27 9622.54 9622.42 9624.32 9623.18 9620.42 9621.38 9621.53 9621.89 9622.33 9622.57 9622.81 9623.16 9624.1 9623.02 9622.83 9623.72 9625.11 9627.44 9630.17 9633.03 9630.86 9624.96 9625.97 9648.99 9667.24 9665.82 9628.65 9610.06 9604.78 9607.97 9613.25 9617.28 9621.47 9626.1 9629.09 9633.38 9640.18 9646.9 9639.63 9632.25 9628.07 9618.2 9612.67 9610.04 9608.45 9607.97 9606.5 9605.55 9602.31 9599.68 9604.35 9609.79 9615.52 9623.43 9628.8 9613.87 9614.11 9615.76 9598.51 9584.72 9582.84 9581.85 9584.75 9593.88 9590.97
9636.27 9633.03 9631.09 9630.55 9628.53 9626.43 9623.89 9623.33 9623.39 9622.76 9622.14 9620.83 9620.26 9619.15 9618.68 9617.5 9618.16 9618.69 9619.85 9623.28 9628.51 9630.71 9629.48 9629.86 9643.86 9668.92 9676.38 9646.53 9615.5 9607.66 9605.55 9611.63 9617.96 9621.12 9623.81 9625.37 9628.62 9633.79 9641.19 9652.05 9640.64 9632.03 9625.37 9617.4 9612.67 9610.08 9607.23 9605.73 9604.63 9602.29 9599.86 9601.51 9602.66 9606.59 9609.38 9610.6 9607.18 9615.8 9609.62 9596.65 9591.98 9586.7 9585.47 9585.54 9588.27 9582.01 9576.61
9639.91 9638.22 9637.9 9637.12 9634.03 9631.88 9629.04 9628.13 9626.43 9624.45 9622.58 9620.64 9618.39 9616.59 9615.43 9614.52 9613.7 9614.07 9615.63 9618.66 9625.03 9637.29 9642.3 9657.41 9670.48 9669.5 9654.75 9622.3 9610.12 9611.2 9614.27 9622.12 9627.08 9627.26 9628.02 9628.09 9628.24 9628.96 9630.05 9629.13 9628.19 9621.67 9614.18 9611.63 9610.41 9609.42 9607.6 9605.52 9603.17 9602.08 9601.08 9602.57 9602.34 9604.42 9606.09 9605.46 9605.2 9624.19 9624.73 9600.73 9600.16 9595.41 9590.17 9585.15 9582.83 9578.73 9577.74
9642.92 9642.59 9643.02 9639.49 9637.85 9637.74 9637.93 9632.66 9629.29 9626.2 9623.08 9619.92 9617.59 9614.76 9612.82 9611.45 9609.55 9609.22 9610.15 9611.49 9614.27 9628.28 9654.75 9674.68 9661.94 9649.33 9630.07 9612.16 9611.53 9620.1 9636.69 9642.27 9637.42 9634.27 9630.95 9627.9 9625.69 9622.71 9618.32 9615.09 9615.86 9612.23 9606.79 9606.39 9606.98 9607.06 9606.93 9606.54 9605.17 9603.07 9601.66 9599.24 9601.82 9607.28 9608.82 9608 9608.09 9624.27 9645.58 9641.47 9621.92 9607.6 9596.01 9586.57 9575.99 9582.44 9593.72
9644.4 9643.09 9645.89 9640.55 9640.83 9641.46 9640.03 9635.72 9631.49 9627.49 9623.94 9621.25 9618.79 9616.51 9613.88 9611.86 9609.7 9608.89 9607.69 9607.57 9610.56 9633.87 9664.33 9659.61 9644.31 9626.91 9617.12 9611.1 9613.8 9625.88 9640.75 9647.45 9644.12 9638.91 9632.38 9627.86 9623.27 9618.33 9612.06 9608.72 9608.61 9607.68 9603.59 9605.45 9607.87 9608.88 9607.69 9607.62 9607.32 9607.4 9605.92 9604.48 9605.51 9612.78 9614.49 9614.77 9615.95 9627.06 9642.34 9642.31 9631.82 9613.56 9600.67 9592.35 9586.23 9589.75 9601.76
9646.74 9646.43 9644.75 9644.69 9644.72 9643.45 9641.29 9637.12 9632.73 9629.37 9625.78 9622.65 9620.03 9621.61 9620.26 9618.2 9616.91 9614.21 9611.01 9610.6 9615.53 9642.77 9665.12 9654.11 9631.74 9620.71 9615.23 9613.42 9616.87 9628.17 9641.62 9648.8 9646.26 9639.62 9633.96 9628.18 9622.38 9616.61 9611.07 9607.73 9607.2 9607.32 9608.69 9608.79 9610.29 9611.82 9611.67 9612.27 9611.41 9611.29 9611.18 9610.68 9611.99 9619.73 9621.77 9622.62 9627.09 9632.38 9632.13 9627.58 9615.78 9609.54 9602.58 9596.35 9595.22 9596.7 9605.6
9646.73 9645.33 9644.4 9646.84 9645.62 9643.69 9641.17 9637.63 9634.79 9632.97 9631.25 9629.59 9623.97 9621.66 9619.92 9617.75 9614.46 9613.37 9613.81 9616.44 9625.24 9649.85 9665.96 9651.28 9625.48 9616.08 9612.21 9608.84 9614.97 9627.9 9642.34 9648.9 9647.15 9640.34 9634.3 9627.77 9620.88 9614.99 9612.01 9608.65 9607.06 9607.88 9610.29 9610.77 9611.39 9615.26 9615.33 9616.55 9615.09 9614.64 9616.77 9620.94 9623.3 9627.63 9628.93 9628.02 9627.76 9626.38 9626.62 9615.85 9606.72 9608.25 9606.59 9601.85 9594.61 9601.63 9609.59
9644.85 9642.75 9641.48 9640.18 9640.24 9635.79 9636.51 9636.16 9634.89 9633.29 9632.36 9631.16 9626.39 9624.44 9623.64 9621.3 9620.53 9619.25 9617.51 9618.83 9624.41 9648.46 9666.05 9662.41 9628.11 9615.2 9609.45 9602.97 9611.65 9626.08 9639.53 9646.85 9647.72 9641.09 9634.42 9626.92 9619.14 9611.88 9606.57 9605.12 9605.93 9607.09 9607.89 9608.69 9613.35 9614.36 9615.42 9616 9617.19 9618.09 9619.18 9622.05 9624.11 9631.05 9638.31 9636.06 9626.46 9613.72 9618.9 9618.52 9612.11 9618.35 9620.26 9615.68 9603.85 9611.38 9614.12
9646.05 9643.21 9640.52 9640.37 9638.56 9635.86 9634.16 9633.55 9632.93 9632.13 9630.5 9628.42 9627.02 9625.72 9626.39 9624.5 9624.76 9624.33 9623.44 9623.81 9625.67 9639.65 9659.84 9668.6 9628.34 9612 9602.76 9597.34 9608.94 9625.49 9641.67 9652.86 9648.8 9641.93 9634.04 9625.92 9617.89 9609.54 9601.65 9602.91 9605.39 9607.41 9608.72 9610.52 9614.47 9614.67 9616.84 9615.41 9615.65 9617.6 9619.8 9621.22 9620.91 9634.32 9646.25 9647.35 9642.67 9640.85 9652.18 9651.24 9633.54 9630.87 9634.41 9637.67 9634.75 9630.54 9626.58
9644.88 9642.53 9639.72 9636.4 9637.44 9635.4 9634.16 9632.99 9632.73 9631.85 9630.95 9631.63 9630.86 9630.33 9632.22 9631.68 9631.78 9632.54 9633.11 9632.86 9625.97 9599.09 9649.94 9679.31 9629.96 9609.44 9600.54 9595.87 9608.93 9626.04 9643.28 9656.98 9650.67 9641.96 9633.61 9625.98 9618.59 9611.44 9605.09 9605.18 9606.93 9609.41 9612.68 9614.84 9617.53 9613.96 9610.67 9611.02 9611.21 9614.6 9622.07 9632.16 9636.47 9644.62 9647.99 9644.54 9650.13 9659.15 9668.08 9650.83 9633.5 9624.2 9635.76 9650.52 9655.52 9640.38 9631.44
9639.7 9640.03 9639.05 9638.75 9639.22 9635.46 9634.82 9634.71 9634.47 9633.45 9633.39 9633.99 9633.94 9634.22 9636.46 9638.08 9639.48 9641.06 9643.26 9644.15 9648.46 9659.71 9660.35 9666.24 9623.28 9606.05 9597.72 9599.18 9611.65 9626.58 9641.58 9652.25 9647.55 9639.76 9632.54 9626.26 9620.93 9615.76 9612 9610.18 9610.25 9612.23 9617.1 9624.03 9618.07 9609.89 9605.67 9604.29 9603.36 9609.46 9621.44 9644.97 9684.14 9646.63 9624.61 9618.08 9631.39 9667.51 9654.5 9618.71 9595.68 9574.77 9593.32 9655.64 9636.53 9612.22 9615.2
9641.19 9639.47 9638.51 9637.89 9638.82 9636.71 9635.92 9635.5 9636.8 9636.89 9637.73 9639.03 9640.13 9641.3 9644.21 9646.26 9648.88 9651.2 9652.94 9650.14 9658.82 9673.36 9650.07 9630.03 9610.28 9601.21 9602.08 9608.56 9615.48 9626.26 9637.51 9646.56 9641.77 9635.06 9629.94 9626.07 9622.97 9621.29 9619.28 9615.15 9613.29 9613.61 9614.97 9618 9614.76 9616.67 9607.51 9599.35 9598.22 9601.02 9611.64 9624.31 9621.38 9607.57 9576.14 9551.17 9546.96 9580.28 9587.04 9587.15 9504.88 9463.59 9454.49 9471.87 9489.35 9526.42 9581.15
9638.58 9638.29 9637.69 9637.4 9636.66 9635.45 9636.44 9637.52 9638.33 9638.73 9640.56 9642.04 9643.76 9644.96 9648.94 9651.19 9654.53 9658.75 9664.99 9670.1 9673.38 9667.66 9630.46 9610.05 9604.81 9600.62 9605.06 9611.56 9616.21 9624.16 9632.41 9637.2 9632.5 9628.96 9626.57 9624.14 9622.9 9622.29 9621.77 9618.98 9616.85 9615.59 9613.65 9609.6 9609.5 9611.61 9601.38 9583.28 9574.37 9569.34 9568.04 9582.16 9610.85 9565.43 9497.17 9438.56 9389.17 9338.79 9319.78 9322.35 9320.94 9306.73 9271.37 9221.27 9295.44 9409.64 9518.43
9634.95 9636.07 9636.65 9637.06 9637.95 9637.23 9637.45 9638.57 9639.2 9641.4 9643.2 9644.41 9646.04 9648.58 9650.61 9654.14 9657.67 9662.13 9667.76 9678.99 9669.5 9647.57 9620.38 9608.87 9602.41 9599.33 9598.27 9605.11 9613.59 9621.38 9627.85 9632.1 9625.59 9623.47 9623.2 9622.96 9622.22 9620.28 9620.57 9621.67 9621.05 9620.05 9617.52 9614.74 9611.46 9606.27 9592.98 9573.67 9557.04 9538.17 9520.87 9505.04 9493.38 9437.91 9370.69 9311.7 9234.21 9136.79 9115.69 9101.18 9154.68 9176.15 9163.79 9136.8 9194.25 9305.44 9423.08
9633.23 9633.99 9635.02 9636.71 9639.36 9637.77 9638.4 9638.45 9639.65 9641.02 9643.03 9644.67 9646.42 9649.63 9651.52 9654.31 9656.98 9658.53 9661.52 9662.1 9644.14 9625.16 9614.43 9606.46 9602.64 9600.03 9596.36 9603.5 9612.63 9619.54 9624.06 9626.29 9621.31 9619.74 9620.36 9621.23 9622.07 9624.04 9624.47 9625.57 9626.82 9627.3 9626.28 9627.93 9618.6 9606.47 9587.49 9562.5 9527.79 9488.73 9442.7 9391.18 9309.8 9244.31 9228.34 9189.81 9128.81 9079.01 9078.51 9054.74 9060.05 9080.38 9110.53 9096.92 9131.69 9204.42 9290.42
9631.02 9631.86 9632.81 9634.08 9634.84 9636.36 9637.26 9637.98 9639.39 9640.86 9642.71 9643.76 9645.56 9647.59 9649.72 9652.7 9653.05 9652.83 9648.39 9640.99 9626.71 9614.19 9606.47 9601.32 9596.01 9598.1 9602.16 9608.24 9613.78 9618.49 9620.84 9619.82 9616.74 9617.85 9619.21 9619.98 9620.47 9621.46 9625.04 9629.29 9633.44 9636.09 9636.45 9638.64 9625.84 9608.71 9579.71 9541.2 9496.65 9439.26 9378.24 9303.89 9216.54 9144.91 9131.3 9084.14 9039.52 9018.33 9007.84 8975.12 8962.94 8980.75 9022.87 9079.62 9063.43 9105.7 9158.29
9628.66 9629.22 9629.82 9630.76 9632.35 9634.47 9635.84 9637.24 9638.65 9640.73 9643.26 9645.68 9647.85 9649.16 9652.26 9653 9652.2 9648.86 9638.71 9624.22 9618.91 9610.33 9603.8 9600.03 9597.95 9601.18 9616.72 9615.38 9616.42 9618.9 9620.74 9620.66 9619.91 9620.7 9620.43 9619.06 9618.57 9619.42 9625.44 9632.91 9640.14 9646.23 9649.78 9655.76 9641.52 9617.49 9577.94 9523.54 9460.94 9387.73 9314.3 9238.17 9178.56 9147.87 9043.99 8991.42 8943.62 8905.2 8869.37 8841.65 8851.57 8869.64 8867.76 8877.4 8948.82 9008.24 9041.1
9626.3 9626.42 9626.96 9627.46 9626.39 9630.44 9632.91 9635.78 9638.09 9640.48 9644.36 9646.92 9649.77 9653.91 9655.29 9656.53 9655.72 9649.69 9639.67 9628.02 9617.98 9607.93 9600.53 9600.03 9601.08 9607.04 9616.93 9616.75 9618.32 9620.71 9623.36 9626.02 9630.36 9626.15 9621.95 9618.21 9616.83 9619.17 9626.32 9636.27 9647.14 9657.78 9666.92 9685.73 9669.28 9634.28 9580.58 9511.92 9428.4 9342.35 9253.38 9163.9 9073.72 8978.55 8933.5 8905.15 8862.01 8824.92 8799.28 8785.46 8789.55 8797.69 8795.56 8812.79 8870.76 8926.12 8968.77
9622.8 9623.73 9624.37 9625.52 9627.07 9627.83 9630.24 9633.22 9636.36 9640.54 9643.6 9647.04 9649.86 9652.34 9654.52 9656.12 9655.19 9653.67 9647.27 9635.56 9621.83 9608 9599.1 9599.39 9601.39 9599.78 9605.86 9615.07 9621.23 9624.74 9627.3 9629.82 9632.63 9626.64 9620.78 9616.92 9615.15 9618.24 9626.34 9637.81 9651.73 9667.03 9683.12 9713.29 9705.79 9655.49 9585.73 9494.18 9401.44 9303.66 9202.29 9096.93 8984.41 8875.19 8846.59 8840.39 8814.4 8789.42 8774.88 8765.39 8764.67 8766.19 8766.29 8780.15 8821.91 8871.08 8916.81
9620.88 9621.51 9622.05 9622.5 9622.85 9624.74 9626.96 9630.72 9634.02 9637.02 9640.19 9643.12 9646.15 9648.57 9651.08 9652.77 9655.35 9657.8 9663.63 9656.15 9635.3 9608.96 9598.65 9595.71 9594.83 9594.67 9603.89 9617.76 9625.68 9629.07 9629.81 9630.02 9627.85 9621.27 9617.49 9613.82 9613.49 9614.51 9623.64 9635.19 9650.58 9670.07 9693.05 9738.17 9728.24 9677.3 9589.96 9488.94 9376.2 9269.01 9160.24 9050.26 8940.9 8848.39 8807.51 8803.41 8790.56 8773.52 8761.36 8756.08 8755.2 8752.65 8752.16 8758.91 8791.9 8829.37 8873.66
9619.75 9619.92 9619.9 9620.03 9620.34 9620.87 9624.33 9627.83 9630.81 9634.13 9636.51 9639.08 9642.01 9643.66 9646.33 9649.73 9652.27 9654.7 9651.82 9640.86 9622.95 9607.59 9597.93 9590.46 9588.06 9597.72 9616.76 9627.89 9632.51 9632.8 9631.71 9629.19 9625.34 9618.92 9614.12 9609.26 9613.3 9615.42 9616.77 9626.73 9641.46 9661.71 9688.75 9724.06 9764.89 9697.1 9581.62 9458.06 9343.58 9233.85 9125.64 9019.49 8918.25 8835.32 8792.13 8784.71 8771.54 8758.87 8748.11 8743.78 8743.13 8738.61 8737.94 8746.85 8771.88 8803.7 8840.55
9617.93 9618.38 9618.42 9617.6 9616.76 9620.24 9623.51 9626.19 9629.08 9630.86 9633.44 9635.53 9637.77 9640.12 9642.25 9644.78 9647.77 9649.46 9644.49 9624.8 9608.36 9603.67 9594.93 9582.86 9593.48 9624.36 9645.9 9643.76 9640.54 9637.65 9634.39 9629.94 9625.94 9621.33 9612.91 9600.97 9591.41 9594.02 9603.47 9611.82 9622.33 9637.25 9659.05 9692.04 9746.96 9668.46 9543.23 9417.03 9305.04 9198.29 9094.67 8996.72 8904.66 8831.54 8787.4 8775.58 8763.66 8750.16 8739.76 8731.07 8723.92 8722.01 8724.33 8735.58 8755.67 8781.06 8809.79
9617.05 9617.55 9617.89 9618 9616.04 9618.2 9622.07 9624.56 9626.49 9628.34 9631.4 9633.2 9635.56 9636.36 9638.1 9639.88 9641.08 9641.87 9642.05 9620.72 9605.08 9599.93 9593 9597.09 9611.54 9649.49 9659.44 9654.74 9647.72 9641.87 9636.25 9632.73 9628.67 9627.46 9614.71 9603.45 9588.4 9586.76 9591.45 9593.35 9594.97 9598.32 9603.7 9610.31 9622.46 9558.08 9466.21 9359.86 9261.13 9163.97 9068.51 8977.98 8894.44 8824.41 8781.05 8768.69 8754.74 8741.32 8729.67 8721.2 8711.16 8707.99 8714.34 8725.33 8742.65 8762.16 8783.71
9616.44 9616.73 9617.37 9617.48 9616.75 9617.14 9620.81 9623.44 9625.67 9628.09 9629.79 9631.28 9631.86 9632.84 9633.2 9633.29 9632.69 9629.81 9622.68 9611.1 9600.74 9595.16 9589.48 9597.28 9634.96 9651.34 9662.56 9656.61 9649.72 9642.77 9636.75 9631.81 9627.23 9623.17 9618.94 9615.14 9610.72 9595.21 9583.25 9573 9562.46 9550.56 9536.04 9514.41 9497.61 9434.43 9368.32 9293.4 9211.19 9125.54 9040.85 8959.51 8883.9 8818.16 8775.03 8765.24 8752.46 8739.67 8726.61 8716.16 8700.66 8694.63 8702.01 8713.83 8728.88 8746.68 8763.93
9615.67 9615.75 9616.05 9617.06 9616.89 9619.82 9622.34 9623.11 9624.79 9626.1 9627.23 9628.24 9629.9 9630.09 9629.61 9627.37 9622.48 9617.08 9609.4 9599.8 9594.3 9589 9585.61 9602.6 9639.25 9648.94 9654.14 9653.1 9648.1 9641.4 9636.58 9631.43 9627.6 9625.47 9621.81 9622.23 9618.99 9596.93 9574.34 9553.24 9531.16 9506.13 9475.91 9436.67 9408.88 9343.26 9300.93 9236.09 9167.58 9094.41 9019.3 8946.19 8878.65 8817.75 8776.22 8764.3 8747.37 8731.47 8715.48 8699.4 8688.82 8682.82 8688.16 8701.46 8717.21 8732.36 8750.39
9614.36 9614.28 9613.88 9612.68 9613.22 9614.28 9618.41 9620.34 9622.18 9623.94 9624.93 9625.42 9623.65 9622.66 9621.06 9618.06 9614.78 9608.62 9601.89 9598.21 9592.08 9587.04 9585.89 9603.87 9638.17 9650.95 9650.71 9647.98 9643.89 9640.07 9635.49 9631.17 9626.8 9624.73 9620.88 9619.64 9608.7 9588.8 9562.74 9534.65 9503.76 9469.3 9429.38 9383.95 9360.64 9302.59 9253.41 9195 9135.1 9070.4 9003.2 8936.69 8875.26 8822.39 8785.1 8762.73 8732.69 8702.2 8682.56 8674.17 8669.36 8672.5 8680.64 8694.35 8710.66 8728.04 8747.39
9612.95 9612.95 9612.13 9611.3 9609.47 9608.85 9613.11 9617.79 9619.59 9620.58 9618.71 9618.01 9616.95 9616.03 9614.04 9612.1 9609.65 9606.27 9601.58 9597.53 9594.08 9590.52 9590.29 9604.62 9638.13 9656.86 9648.63 9642.78 9639.81 9636.69 9633.7 9629.93 9625.99 9621.79 9617.41 9613.4 9599.49 9578.75 9551.02 9518.6 9482.73 9442.61 9398.35 9351.88 9334.19 9281.21 9228.66 9170.22 9114.15 9054.57 8992.66 8930.08 8873.05 8821.43 8781.88 8754.39 8711.54 8659.04 8642.13 8635.18 8642.21 8653.51 8674.17 8694.53 8711.91 8729.99 8748.64
9612.08 9612.63 9611.85 9609.99 9608.81 9605.61 9613.46 9617.28 9616.1 9614.21 9612.44 9611.1 9609.47 9608.2 9608 9607.54 9606.95 9607.2 9607.67 9605.54 9604.2 9596.46 9590.92 9605.02 9637.15 9651.93 9642.3 9636.75 9634.57 9632.66 9630.94 9629.12 9626.07 9621.35 9616.07 9612.01 9596.77 9573.05 9542.7 9508.07 9469.93 9427.15 9381.13 9334.11 9318.6 9268.13 9215 9158.19 9105.29 9048.71 8989.01 8930.73 8870.99 8814.97 8768.42 8741.41 8695.7 8643.05 8624.42 8619.2 8630.12 8653.62 8680.94 8700.73 8717.37 8733.8 8751.41
