real_craters/C082-300m.grd
DSAA
199 199
-29.6275 29.6275
-29.6275 29.6275
8618.2773289321 9793.846496762
[rows 60 to 89 of 199, columns 67 to 133 of 199]
9608.23 9607.75 9606.2 9603.59 9604.77 9606.3 9607.73 9608.47 9608.99 9607.49 9607.75 9607.66 9607.56 9607.25 9608.01 9607.15 9606.19 9605.19 9604.94 9605.41 9606.95 9612.76 9614.43 9614.96 9615.16 9615.42 9616.33 9619.85 9628.83 9637.49 9645.36 9642.74 9635.73 9629.48 9618.58 9609 9601.82 9596.28 9591.85 9588.31 9584.61 9588.78 9596.06 9603.08 9606.95 9605.52 9602.83 9601.82 9594.18 9590.28 9588.21 9585.92 9580.86 9575.93 9567.95 9560.32 9557.17 9557.67 9562.01 9569.79 9577.58 9580.56 9579.95 9578.99 9578.32 9577.72 9573.54
9607.27 9607.53 9607.38 9607.61 9607.74 9607.86 9609.35 9610.12 9610.84 9610.67 9611.59 9611.36 9610.28 9610.39 9609.92 9609.24 9609.15 9608.74 9609.15 9609.44 9610.34 9616.88 9618.37 9618.93 9619.77 9620.95 9623.35 9626.8 9631.25 9634.24 9636.46 9633.64 9626.75 9619.34 9614.12 9608.44 9603.11 9598.12 9594.61 9592.2 9586.92 9592.42 9599.01 9604.86 9607.66 9607.35 9602.85 9592.4 9591.25 9589.37 9586.33 9583.73 9581.33 9575.67 9571.16 9565.32 9560.62 9558.91 9561.22 9566.99 9574.26 9577.32 9577.05 9577.65 9579.64 9586.03 9595.8
9607.26 9608.04 9608.72 9609.48 9609.8 9609.58 9610.07 9612.44 9613.29 9613.18 9613.9 9614.28 9612.91 9612.64 9613.13 9612.06 9612.29 9612.54 9612.2 9612.51 9614.99 9621.25 9622.09 9622.88 9624.24 9625.45 9628.22 9632.4 9632.86 9631.32 9629.4 9625.04 9618.29 9612.75 9609.6 9606.38 9603.55 9599.78 9596.72 9595.43 9598.84 9598.32 9602.48 9607.98 9612.75 9612.07 9605.7 9599.72 9594.28 9588.91 9584.16 9581.93 9584 9583.85 9576.36 9568.26 9561.5 9557.29 9557.77 9561.79 9567.11 9568.72 9570.6 9573.03 9575.13 9578.53 9584.74
9607.12 9607.7 9608.86 9610.37 9611.03 9610.44 9613.19 9613.81 9615.26 9615.35 9615.48 9616.22 9614.31 9614.76 9615.2 9614.58 9615.8 9617.02 9619.97 9622.86 9620.91 9626.05 9626.94 9627.49 9627.65 9627.22 9628.29 9630.24 9628.34 9627.19 9626.39 9618.36 9611.09 9607.82 9608.04 9607.9 9606.11 9602.96 9599.51 9595.69 9596 9600.18 9604.96 9610 9615.28 9613.93 9607.34 9603.04 9596.22 9588.26 9582.7 9581.18 9584.98 9588.24 9579.21 9569.11 9560.78 9554.04 9552.44 9554.38 9557.1 9556.87 9562.79 9567.63 9569.73 9565.07 9562
9606.75 9607.42 9608.45 9609.79 9610.82 9610.2 9613.13 9613.91 9615.35 9616.09 9615.93 9616.73 9615.28 9616.13 9616.8 9616.91 9618.16 9620.13 9624.25 9628.84 9624.84 9626.97 9632.81 9633.11 9632.4 9630.26 9626.72 9620.2 9617.06 9617.49 9614.91 9614.38 9608.21 9606.82 9610.39 9612.54 9612.18 9609.24 9605.39 9598.27 9596.37 9603.5 9608.48 9610.81 9609.71 9605.87 9604.03 9599.8 9593.08 9585.75 9579.7 9578.33 9580.73 9581.35 9575.19 9566.94 9559.22 9553.55 9550.22 9548.25 9539.59 9548.25 9557.37 9564.79 9570.4 9575.56 9577.45
9606.17 9606.89 9607.4 9607.77 9607.47 9609.32 9612.87 9613.32 9614.71 9614.74 9614.89 9615.63 9616.03 9616.91 9617.67 9617.14 9619.02 9620.15 9622.04 9623.57 9624.33 9629.17 9638.89 9640.02 9639.02 9635.68 9629.88 9618.94 9616.09 9621.13 9623.99 9620.79 9613.81 9613.55 9617.41 9620.48 9621.15 9619.37 9616.1 9608.65 9606.41 9611.79 9614.73 9614.33 9609.49 9603.81 9603.55 9598.37 9590.94 9584.08 9575.15 9572.79 9574.4 9573.92 9569.21 9563.07 9556.87 9551.64 9548.58 9547.53 9549.54 9549.41 9555.45 9563.96 9572.7 9580.86 9584.25
9605.84 9606.85 9607.55 9607.75 9607.37 9609.8 9613.38 9614.25 9615.4 9614.73 9615.56 9616.1 9615.74 9616.43 9617.09 9618.2 9619.95 9620.84 9619.81 9616.01 9622.82 9630.06 9643.04 9645.35 9644.86 9642.11 9638.13 9632.1 9631.83 9639.84 9639.39 9637.94 9627.29 9625.12 9626.48 9628.62 9631.03 9630.97 9631.12 9625.82 9622.5 9623.9 9623.45 9622.12 9619.57 9617.18 9609.43 9602.21 9596.35 9586.93 9577.46 9573.01 9570.74 9567.23 9563.13 9558.73 9554.35 9550.61 9547.34 9545.59 9544.44 9547.23 9554.05 9562.77 9573.1 9584.75 9587.54
9606.02 9607.36 9608.49 9609.79 9611.53 9612.06 9614.41 9614.38 9615.05 9615.32 9615.9 9616.4 9614.27 9615.34 9615.67 9616.81 9619.56 9620.87 9622.01 9621.51 9626.67 9634.55 9645.8 9648.16 9647.81 9646.78 9647.26 9647.2 9651.87 9661.29 9672.53 9664.79 9650.78 9638.19 9632.82 9633.27 9637.3 9640.61 9642.22 9644.31 9639.88 9635.87 9631.8 9628.82 9626.71 9623.64 9613.06 9603.48 9597.48 9592.17 9585.28 9578 9569.41 9562.87 9558.38 9555.26 9552.19 9549.53 9546.15 9543.65 9542.36 9544.99 9552.33 9561.41 9570.74 9578.68 9585.38
9607.13 9608.67 9610.26 9612.31 9612.59 9614.78 9616.03 9615.09 9614.78 9613.92 9613.82 9613.44 9611.89 9612.9 9613.34 9616.57 9620.7 9624.48 9629.78 9630.86 9636.64 9642.04 9649.39 9647.97 9645.48 9645.76 9649.18 9654.46 9661.88 9673.3 9672.55 9660.77 9651.69 9635.64 9627.8 9628.41 9635.9 9644.2 9649.78 9657.28 9649.71 9641.77 9634.9 9631.17 9628.38 9622.91 9612.65 9599.84 9593.74 9597.79 9602.91 9587.76 9568.04 9557.68 9554.35 9552.61 9551.33 9548.95 9546.22 9543.12 9541.66 9544.56 9551.42 9559.48 9567.85 9576.29 9582.85
9608.71 9610.45 9612.35 9615.56 9618.81 9619.72 9618.24 9620.66 9612.65 9609.92 9608.65 9607.56 9606.9 9608.32 9612.21 9617.45 9622.85 9629.77 9641.24 9655.26 9659.33 9650.04 9643.33 9641 9637.69 9635.8 9645.19 9654.46 9657.82 9653.97 9642.22 9623.35 9616.58 9614.67 9608.09 9609.22 9621.66 9640.45 9655.05 9658.06 9647.21 9634.97 9628.85 9627.31 9627.27 9625.66 9611.65 9592.72 9578.93 9600.69 9621.47 9600.2 9570.26 9556.31 9552.76 9552.14 9552.64 9551.81 9548.39 9546.12 9544.55 9545.88 9552.38 9559.4 9566.37 9572.2 9580.71
9610.59 9611.7 9613.79 9617.56 9621.66 9622.39 9618.66 9619.64 9609.47 9605.84 9603.69 9607.64 9602.52 9602.98 9605.47 9615.03 9617.65 9633.12 9646.6 9669.77 9675.55 9647.64 9633.2 9619.97 9616.51 9616.61 9625.42 9646.78 9672.25 9668.66 9639.6 9619.93 9611.16 9588.75 9573.1 9569.32 9583.04 9614.82 9656.08 9645.44 9621.73 9608.86 9608.46 9614.46 9620.49 9620.54 9609.27 9591.35 9575.51 9610.4 9643.63 9614.4 9574.16 9557.95 9554.41 9554 9554.52 9554.04 9551.35 9549.59 9549.4 9550.48 9556.62 9561.37 9566.49 9573.57 9579.36
9612.48 9612.91 9614.02 9616.19 9618.98 9619.51 9616.54 9617.37 9612.42 9610.07 9606.99 9604 9602.46 9601.62 9603.49 9607.8 9615.26 9625.85 9634.49 9643.78 9635.62 9625.2 9610.92 9592.18 9583.71 9577.55 9581.91 9604.19 9648.86 9650.61 9630.77 9636.83 9588.87 9541.23 9514.71 9503.73 9508.99 9532.24 9568.8 9576 9555.77 9559.28 9575.05 9595.82 9614.58 9622.76 9619.24 9606.76 9587.57 9634.08 9678.23 9630.1 9577.48 9562.78 9560.1 9557.66 9556.75 9556.43 9555.74 9555.44 9559.04 9564.18 9565.89 9565.5 9564.04 9567.01 9577.07
9613.88 9613.84 9613.95 9614.36 9615.71 9616.15 9613.08 9613.86 9608.46 9605.92 9601.9 9598.11 9594.53 9592.77 9593.04 9596.45 9599.61 9607.84 9616.4 9617.72 9602.15 9598.98 9579.78 9553.4 9535.48 9516.9 9507.53 9509.83 9518.6 9523.26 9526.45 9527.49 9490.97 9455.8 9431.44 9415.34 9403.79 9392.35 9388.16 9404.79 9449.76 9488.43 9528.48 9570.76 9616.16 9646.54 9658.84 9646.17 9618.43 9663.94 9707.19 9640.64 9584.26 9571.96 9569.61 9568.07 9565.57 9565.15 9563.54 9562.69 9570.54 9579.99 9577.01 9572.33 9567.78 9568.91 9577.58
9616.16 9615.43 9615.01 9613.92 9611.65 9609.16 9609.66 9610.08 9608.31 9605.95 9592.87 9587.81 9581.94 9577.9 9575.95 9573.75 9573.43 9581.04 9591.01 9604.93 9619.26 9580.37 9538.92 9498.1 9469.48 9440.47 9415.17 9390.21 9363.44 9349.79 9359.56 9359.5 9352.16 9344.26 9333.26 9318.24 9296.03 9260.98 9242.98 9278.22 9350.11 9415.21 9477.02 9540.21 9610.52 9681.59 9728.56 9698.25 9662.57 9677.04 9687.52 9634.52 9597.29 9588.66 9586.49 9585.07 9581.64 9582.01 9579.63 9576.09 9582.47 9586.1 9583.2 9579.68 9579.44 9578.34 9580.38
9618.99 9618.09 9616.74 9614.75 9612.29 9610.67 9609.36 9608.44 9606.1 9601.88 9592.86 9586.5 9573.19 9565.08 9558.01 9549.7 9546.83 9548.03 9550.36 9566.74 9595.19 9535.2 9477.91 9432.52 9390.25 9357.28 9317.57 9272.11 9227.87 9201.05 9204.44 9193.93 9217.26 9235.23 9240.05 9233.91 9213.63 9178.37 9163.12 9202.57 9276.88 9349.51 9421.45 9493.36 9575.47 9665.97 9740.08 9703.96 9687.02 9668.61 9617.12 9619.19 9612.87 9609.99 9606.98 9604.95 9608.58 9604.44 9606.12 9604.64 9598.31 9591.46 9586.79 9584.43 9582.32 9581.59 9582.14
9622.05 9621.66 9620.4 9618.58 9617.84 9614.83 9612.78 9611.28 9605.2 9596.54 9588.05 9574.98 9563.82 9553.11 9541.23 9526.47 9515.96 9504.97 9491.17 9484.46 9469.48 9431.26 9390.07 9353.41 9315.75 9281.39 9233.13 9178.33 9120.12 9104.21 9106.72 9090.97 9120.86 9148.8 9163.19 9167.9 9160.45 9147.61 9133.33 9161.92 9221.09 9287.61 9356.75 9427.75 9500.99 9571.73 9618.63 9615.09 9625.54 9576.74 9581.32 9629.11 9638.99 9635.04 9627.86 9619.43 9614.57 9619.12 9625.44 9625.31 9613.34 9601.88 9593.99 9589.06 9584.38 9582.45 9582.46
9625.01 9624.37 9623.66 9622.98 9624.13 9624.88 9618.65 9612.97 9604.33 9595.08 9583.9 9571.48 9552.93 9536.9 9513.93 9494.7 9471.62 9449.15 9422.7 9388.28 9340.8 9307.33 9289.71 9268.8 9239.28 9209.02 9164.88 9120.87 9082.3 9081.54 9074.28 9060.95 9070.08 9088.02 9102.52 9115.37 9123.76 9115.08 9101.68 9128.6 9174.64 9228.54 9287.09 9347 9404.29 9451.11 9471.8 9463.63 9458.02 9383.33 9648.28 9672.03 9670.98 9660.51 9646.95 9632.14 9622.32 9627.93 9633.13 9631.97 9623.56 9614.98 9606.5 9595.66 9585.17 9583.36 9583
9628.35 9629.26 9629.06 9628.5 9631.46 9628.19 9621.87 9614.37 9604.3 9591.95 9577.64 9560.16 9540.92 9518.9 9490.77 9464.8 9432.69 9399.33 9358.94 9307.2 9238.54 9201.02 9201.29 9192.12 9167.11 9142.53 9110.9 9083.63 9071.46 9079.75 9065.54 9052.12 9045.65 9038.89 9047.55 9065.61 9093.9 9126.49 9089.7 9105.01 9132.42 9171.94 9215.41 9261.36 9303.63 9334.51 9344.47 9310.16 9266.59 9399.82 9717.26 9714.3 9697.95 9679.82 9661.9 9646.48 9637.14 9634.39 9636.71 9634.34 9628.79 9624.65 9619.16 9603.17 9590.26 9586.39 9583.85
9633.06 9634.41 9635.04 9634.64 9639.39 9633.93 9626.55 9616.21 9605.65 9590.02 9571.24 9548.53 9524.9 9497.09 9466.73 9429.9 9390.96 9351.35 9306.95 9253.44 9189.44 9147.08 9145.28 9137.81 9110.23 9081.65 9055.22 9036.92 9032.95 9036.48 9016.23 8999.63 8980.7 8977.78 8986.55 9004.61 9033.89 9071.44 9100.39 9072.64 9084.19 9112.03 9146.24 9179.87 9209.5 9229.39 9234.83 9186.94 9130.45 9332.16 9665.4 9714.33 9700.93 9681.98 9665.71 9653.33 9645.1 9639.24 9634.11 9632.27 9628.97 9624.03 9615.84 9607.24 9599.18 9590.41 9585.21
9637.92 9640.28 9641.85 9642.15 9650.65 9642.81 9634.37 9624.12 9609.91 9589.83 9566.33 9537.89 9508.16 9473.83 9438.78 9396.29 9355.1 9311.43 9267.78 9223.87 9186.41 9161.46 9118.05 9083.13 9055.33 9024.74 8996.96 8971.16 8954.1 8937.7 8913.83 8900.6 8899.54 8907.99 8919.08 8931.72 8945.85 8962.36 8980.26 9002.79 9022.23 9051.22 9081.61 9103.8 9125.21 9136.71 9133.72 9095.06 9061.46 9247.88 9548.4 9639.57 9658.26 9660.25 9656.33 9644.99 9642.01 9641.74 9637.01 9632.84 9627.86 9620.74 9611.12 9606.06 9599.66 9592.02 9586
9642.58 9646.37 9649.42 9651.16 9664.14 9654.57 9645.64 9633.89 9616.08 9592.85 9563.83 9529.47 9493.04 9454.03 9407.15 9364.5 9318.5 9271.75 9226.36 9187.1 9165.58 9158.86 9080.02 9032.06 9000.73 8969.5 8941.13 8916.11 8894.34 8873.07 8848.38 8835.34 8833.21 8846.93 8858.67 8863.7 8859.04 8855.76 8876.8 8922.88 8964.65 8997.43 9026.48 9040.3 9056.6 9071.1 9064.23 9041.12 9034.11 9191.5 9429.42 9531.49 9587.39 9620.83 9641.18 9649.58 9649.5 9645.75 9640.91 9633.86 9627.27 9621.08 9615.11 9605.87 9597.65 9591.37 9585.94
9647.63 9653.04 9657.87 9661.61 9677.69 9671 9665.05 9647.54 9625.02 9596.79 9562.77 9524.19 9481.99 9435.14 9382.2 9333.7 9282.65 9231.12 9180.74 9134.41 9091.99 9044.73 9000.66 8966.26 8945.71 8917.94 8890.19 8863.79 8844.06 8825.6 8808.4 8798.33 8795.66 8805.12 8813.44 8815.22 8810.81 8811.26 8832.27 8873.41 8910.34 8942.89 8970.98 8986.97 9011.78 9019.31 9020.77 9018.66 9032.69 9156.54 9328.88 9428.31 9513.44 9578.39 9625.98 9656.07 9658.49 9649.94 9638.45 9633.44 9627.46 9620.29 9613.71 9604.56 9596.4 9590.23 9585.31
9651.93 9659.16 9666.16 9672.43 9690.99 9689.05 9679.21 9663.32 9636.27 9602.64 9562.89 9518.68 9470.18 9413.78 9360.94 9306.3 9248.81 9191.9 9134.32 9075.62 9011.86 8942.55 8916.21 8901.66 8894.55 8873.41 8849.06 8821.81 8808.35 8795.69 8783.1 8778.03 8777.47 8780.98 8784.78 8785.69 8784.65 8789.13 8806.86 8836.26 8868.22 8899.4 8927.09 8953.5 8972.1 8986.4 8996.4 9008.38 9041.99 9132.95 9248.28 9345.65 9447.94 9538.5 9611.22 9655.02 9664.87 9654.52 9642.33 9634.38 9627.03 9616.84 9605.87 9599.71 9594.19 9588.56 9584.16
9655.2 9663.96 9673.25 9682.3 9690.44 9708.92 9705.36 9680.88 9649 9609.44 9563.51 9513.01 9459.26 9397.1 9339.59 9280.41 9219.96 9158.19 9093.8 9027.7 8957.91 8891.64 8862.75 8853.38 8853.61 8838.93 8821.59 8803.48 8790.05 8780.32 8772.58 8767.31 8765.74 8766.75 8768.18 8768.61 8768.42 8771.66 8786.65 8811.96 8842.64 8871.25 8898.25 8926.25 8948.35 8966.3 8987.51 9011.25 9047.66 9109.15 9188.59 9281.27 9392.02 9499.72 9598.11 9666.4 9668.79 9654.92 9643.25 9636.82 9628.06 9614.52 9600.07 9593.29 9590.23 9586.48 9582.94
9656.22 9667.01 9678.54 9690.35 9701.46 9725.38 9715.27 9694.91 9660.54 9615.52 9562.67 9507.35 9448.17 9381.16 9319.73 9257.01 9193.26 9128.42 9062.26 8994.73 8927.64 8869.11 8835.96 8821.98 8824.47 8814.54 8803.29 8791.38 8779.33 8770.96 8765.44 8761.01 8759.77 8759.54 8758.99 8759.15 8759.34 8757.24 8771.47 8792.35 8817.88 8844.16 8872.14 8899.04 8926.24 8955.97 8984.46 9025 9045.42 9086.59 9144.19 9231.82 9340.94 9452.34 9567.11 9654.46 9658.7 9649.6 9644.78 9642.5 9632.3 9615.33 9597.52 9587.79 9586.61 9585.08 9582.57
9655.06 9667.02 9680.52 9695.15 9709.9 9739.53 9734.07 9712.67 9673.43 9620.87 9561.18 9499.36 9428.57 9365.26 9300.29 9235.08 9169.78 9103.84 9037.3 8971.41 8908.83 8854.93 8819.89 8803.5 8805.31 8797.34 8789.86 8782.32 8770.63 8762.92 8758.71 8755.57 8754.77 8753.92 8751.98 8751.84 8752.14 8747.75 8760.24 8778.95 8800.58 8824.75 8848.74 8875.88 8905.29 8939.37 8976.65 9023.53 9033.31 9067.61 9122.5 9198.76 9290.3 9389.49 9491.42 9579.99 9630.33 9647.83 9656.33 9654.26 9640.11 9618.95 9597.32 9584.37 9586.01 9585.87 9583.3
9650.16 9662.63 9677.55 9694.49 9713.42 9752.92 9754.33 9733.99 9685.55 9622.34 9555.79 9487.46 9412.51 9346.32 9279.56 9214.35 9148.66 9083.34 9018.6 8955.18 8896.63 8845.78 8810.17 8793.12 8793.05 8785.22 8777.52 8769.66 8761.73 8754.98 8750.77 8748.28 8747.7 8746.89 8744.01 8742.94 8742.25 8742.22 8752.32 8768.34 8787.27 8808.73 8829.85 8855.55 8883.71 8917.27 8954.71 8993.86 8996.71 9052.32 9109.85 9167.02 9238.27 9317.57 9400.74 9501.48 9605.29 9671.87 9684.56 9670.3 9648.62 9624.65 9601.33 9590.64 9592.92 9588.63 9585.96
9641.8 9653.66 9668.13 9685.69 9707.14 9755.85 9771.17 9756.57 9688.34 9614.54 9541.38 9469.6 9393.42 9325.25 9258.38 9193.49 9128.83 9065.49 9003.92 8944.6 8888.75 8841.75 8807.43 8788.03 8785.82 8777.5 8769.85 8762.19 8754.58 8747.52 8742.65 8740.17 8738.6 8736.82 8734.48 8733.68 8734.41 8737.62 8745.37 8759.06 8775.54 8794.21 8814.36 8835.91 8860.23 8888.53 8919.91 8955.84 8989.44 9048.25 9101.05 9132.41 9187.56 9250.82 9322.48 9438.41 9578.15 9704.31 9700.12 9676.11 9652.02 9629.14 9610.78 9612.78 9603.97 9591.48 9586.63
9628.91 9638.49 9650.7 9666.05 9685.66 9734.99 9752.61 9742.31 9666.32 9589.38 9515.6 9437.06 9368.34 9301.48 9236.15 9172.84 9110.23 9050.12 8990.97 8934.9 8882.48 8839.1 8805.98 8785.41 8781.08 8772.44 8765.66 8757.75 8749.84 8743.21 8737.73 8733.18 8729.02 8725.38 8724.06 8723.76 8725.4 8730.59 8739.12 8750.81 8764.91 8780.98 8798.67 8817.88 8837.89 8859.36 8882.13 8911.1 8988.06 9043.62 9084.5 9099.05 9144.22 9197.98 9262.64 9385.66 9528.54 9634.81 9666.43 9660.08 9644.39 9627.54 9612.91 9606.14 9598.65 9589.32 9585.12
9612.23 9618.2 9626.06 9635.96 9648.51 9688.65 9692.07 9672.18 9612.26 9544.49 9477.12 9404.21 9339.38 9275.96 9213.81 9152.71 9093.34 9035.89 8979.51 8926.34 8876.37 8835.21 8803.96 8782.74 8771.54 8767.96 8760.75 8752.72 8745.17 8741.13 8732.98 8726.35 8721.15 8716.33 8714.76 8715.14 8717.66 8723.27 8732.18 8742.76 8755.27 8769.29 8783.51 8800.39 8817.23 8833.19 8850.37 8876.69 8964.72 9022.07 9053.86 9069.89 9114.02 9165.32 9227.45 9346.91 9479.96 9583.75 9619.8 9629.38 9626.46 9618.74 9609.14 9596.16 9591.47 9587.88 9582.15
