real_craters/C082-500m.grd
DSAA
120 120
-29.6275 29.6275
-29.6275 29.6275
8619.1961191313 9791.6294235826
[rows 90 to 119 of 120, columns 0 to 66 of 120]
9558.12 9557.2 9558.21 9558.6 9559.4 9561.28 9562.2 9563.74 9566.46 9570.36 9566.94 9562.68 9557.87 9551.31 9544.19 9539.02 9541.41 9544.74 9549.05 9545.59 9543.71 9543.87 9543.14 9541.99 9540.54 9538.29 9535.54 9532.28 9527.96 9522.65 9516.63 9514.42 9514.57 9515.46 9516.19 9516.47 9516.46 9517.55 9521.19 9521.64 9522.24 9523.11 9523.56 9523.94 9524.16 9524.29 9524.83 9524.75 9524.64 9526.36 9533.32 9542.16 9549.55 9548.45 9535.3 9522.35 9509.81 9495.72 9495.84 9507.98 9514.47 9518.12 9521.57 9526 9522.24 9510.27 9513.83
9554.15 9553.92 9554.61 9555.78 9557.29 9560.35 9562.36 9564.89 9568.07 9569.62 9572.57 9567.51 9561.9 9557.65 9553.59 9547.82 9544.4 9548.3 9553.49 9553.24 9546.05 9544.92 9545.16 9543.56 9541.86 9539.55 9537.22 9534.12 9530.67 9526.81 9522.28 9517.18 9515.53 9517.43 9518.71 9519.99 9522.24 9527.04 9527.69 9525.01 9524.09 9523.75 9523.48 9523.23 9523.46 9523.08 9522.61 9521.82 9520.63 9518.15 9520.57 9519.85 9526.75 9528.69 9524.27 9514.13 9502.1 9489.45 9485.74 9493.51 9502.36 9509.05 9515.38 9522.97 9522.71 9514.91 9516.73
9549.1 9549.92 9551.39 9554.67 9557.15 9559.74 9562.57 9565.43 9568.31 9570.45 9571.25 9569.01 9564.1 9559.17 9559.4 9554.31 9547.06 9550.13 9555.89 9555.83 9557.73 9551.18 9548.27 9545.91 9543.88 9541.46 9538.92 9536.41 9533.96 9532.34 9532.41 9527.74 9522.56 9521.43 9521.72 9522.83 9524.69 9526.18 9526.3 9526.74 9526.42 9526.37 9525.22 9524.85 9522.51 9521.79 9521.01 9520.61 9520.13 9520.82 9518.69 9514.57 9513.37 9513.11 9512.44 9507.84 9500.73 9492.59 9487.26 9489.65 9495.13 9500.88 9506.01 9510.91 9515.17 9521.56 9519.91
9546.19 9546.86 9549.47 9552.28 9556.83 9560.36 9563.77 9567.03 9569.8 9571.2 9571.77 9569.89 9564.69 9559.27 9555.27 9553.28 9551.28 9553.14 9558.65 9559.81 9554.4 9552.91 9550.88 9548.23 9546.45 9543.88 9541.33 9538.63 9536.68 9535.32 9533.89 9531.43 9527.53 9525.21 9524.56 9524.92 9525.89 9527.11 9526.21 9527.14 9527.49 9527.38 9526.42 9525.75 9523.76 9522.72 9520.37 9520.87 9519.75 9518.67 9515.14 9510.94 9507.64 9506.43 9506.28 9504.67 9502 9498.45 9489.49 9487.37 9490.42 9493.76 9495.66 9496.45 9496.78 9511.83 9514.86
9544.66 9545.51 9548.5 9552.08 9557.14 9560.61 9564.73 9568.42 9570.69 9572.7 9574.79 9571.79 9565.92 9558.69 9555.62 9555.06 9556.62 9554.41 9555.56 9560.89 9556.11 9554.8 9552.77 9551.06 9548.61 9545.76 9543.34 9540.85 9538.61 9536.26 9534.21 9531.85 9529.36 9527.84 9527.05 9526.78 9526.7 9526.13 9526.65 9528.49 9528.66 9528.28 9527.52 9526.6 9525.49 9523.3 9521.87 9520.4 9518.34 9514.96 9510.59 9506.04 9505.18 9504.05 9503.94 9503.09 9501.96 9500.49 9493.32 9488.92 9488.51 9488.73 9488.64 9486.39 9482.69 9481.07 9495.97
9543.82 9546.5 9550.65 9554.28 9559.01 9562.27 9566.07 9569.06 9571.79 9573.88 9574.76 9572.24 9567.63 9563.35 9557.49 9558 9558.27 9554.96 9555.63 9559.82 9559.91 9558 9555.77 9552.87 9550.26 9547.38 9544.85 9542.19 9539.72 9537.26 9534.06 9529.16 9529.47 9528.69 9527.84 9527.13 9526.86 9527.23 9529.48 9529.88 9529.2 9528.05 9526.84 9525.43 9524.37 9522.89 9521.78 9520 9517.82 9514.83 9511.71 9509.91 9505.81 9503.71 9503.44 9502.49 9500.4 9498.39 9494.5 9490.21 9488.14 9486.77 9485.36 9485.39 9485.7 9481.09 9485.31
9545.55 9550.34 9555.26 9558.27 9562.03 9565.03 9567.5 9569.76 9571.76 9573.79 9574.29 9571.81 9565.24 9560.8 9559.91 9558.82 9555.65 9557.32 9558.03 9560.37 9562.5 9561.13 9559.26 9556.6 9552.87 9549.65 9546.47 9543.28 9540.84 9538.19 9536 9533.58 9531.33 9529.81 9528.78 9528.02 9527.53 9527.58 9529.37 9530.63 9529.33 9527.76 9526.07 9524.45 9522.82 9520.9 9520.23 9518.75 9517.8 9517.51 9518.46 9514.19 9506.94 9504.24 9503.56 9502.76 9500.56 9495.5 9494.13 9490.43 9488.3 9485.29 9482.41 9481.05 9482.07 9485.03 9490.63
9552.8 9558.93 9562.33 9565.51 9567.51 9568.03 9569.9 9570.84 9572.11 9573.34 9572.95 9569.3 9565.75 9562.06 9561.04 9560.67 9558.75 9560.84 9561.96 9565.13 9566.58 9564.47 9561.28 9558.17 9554.86 9551.31 9547.86 9544.7 9541.31 9538.03 9536.06 9535.16 9532.26 9531.06 9529.97 9529 9528.26 9527.99 9529.05 9530.23 9529 9527.47 9525.76 9524.04 9522.28 9520.51 9519.38 9517.8 9516.26 9516.32 9517.17 9513.82 9507.55 9504.98 9504.31 9504.43 9504.87 9501.36 9496.88 9494.65 9489.45 9484.03 9479.71 9476.78 9481.29 9487 9494.18
9579.04 9573.45 9572.34 9573.3 9573.26 9573.95 9573.57 9573.83 9573.48 9572.36 9570.35 9569.6 9569.42 9566.14 9562.61 9562.58 9562.46 9561.53 9563.11 9565.87 9567.9 9566.47 9563.49 9560.21 9556.25 9552.7 9549.15 9545.71 9541.95 9537.87 9531.31 9530.16 9532.69 9531.91 9530.72 9529.59 9528.67 9528.18 9528.37 9529.37 9528.1 9526.66 9524.89 9522.91 9520.89 9519.57 9517.36 9515.74 9514.04 9512.24 9509.21 9509.32 9508.16 9505.77 9504.67 9504.58 9506.02 9502.47 9497.97 9495.59 9488.82 9483.49 9479.35 9477.07 9482.39 9487.7 9489.12
9592.33 9585.31 9581.44 9580.17 9578.84 9577.36 9577.31 9575.71 9573.82 9571.67 9569.62 9569.64 9570.41 9567.85 9565.72 9563.77 9562.62 9560.03 9562.23 9571.42 9570.75 9567.64 9564.47 9560.83 9557.33 9553.61 9550.29 9546.83 9543.22 9540.12 9537.81 9537.16 9535.06 9533.21 9531.8 9530.45 9529.21 9528.31 9528.66 9527.96 9527.07 9525.77 9523.81 9521.71 9519.51 9518.03 9515.7 9513.68 9511.75 9509.57 9508.33 9508.61 9506.87 9505.67 9504.29 9502.45 9500.3 9499.7 9496.93 9490.94 9486.9 9482.98 9479.49 9479.26 9484.53 9487.11 9483.52
9592.39 9589.89 9588.78 9586.16 9584.01 9582.15 9580.85 9577.84 9575.08 9572.14 9569.05 9569.26 9565.67 9567.06 9567.68 9568.44 9563.49 9559.68 9561.78 9570.59 9570.02 9566.88 9564.12 9560.86 9557.54 9554.35 9551.09 9548.02 9544.77 9542.49 9541.82 9538.24 9535.5 9534.37 9532.95 9531.38 9529.75 9528.13 9526.01 9525.89 9526.02 9524.86 9523.07 9520.87 9518.73 9516.96 9514.58 9512.47 9510.24 9508.24 9507.5 9509.39 9507.26 9506.26 9504.54 9501.64 9496.53 9498.91 9495.91 9491.77 9486.82 9483.92 9480.59 9478.5 9483.68 9486.28 9485.45
9589.4 9593.87 9593.89 9592.46 9590.32 9587.04 9583.64 9580.25 9576.43 9573.11 9570.89 9568.07 9565.95 9565.7 9566.36 9567.41 9564.07 9560.2 9560 9565.5 9566.54 9564.95 9562.54 9559.93 9557.26 9554.42 9551.68 9548.81 9546.1 9543.24 9539.93 9538.48 9537.11 9535.95 9534.33 9532.53 9530.56 9528.77 9527.56 9527.47 9526.29 9524.63 9522.6 9520.46 9518.46 9516.22 9514.18 9511.76 9509.89 9508.54 9508.5 9511.09 9510.22 9507.97 9505.58 9503.28 9502.7 9497.68 9497.34 9491.81 9487.75 9488.58 9483.97 9481.04 9482.56 9486.76 9490.57
9602.14 9603.04 9601.73 9598.14 9594.57 9590.13 9585.85 9581.74 9577.71 9574.01 9570.63 9567.48 9563.85 9563.06 9564.77 9562.24 9562.56 9561.85 9559.85 9561.71 9562.52 9562.19 9560.92 9559.36 9557.21 9555 9552.42 9549.98 9547.58 9544.91 9542.46 9541.02 9539.42 9538.1 9535.75 9533.24 9531.02 9529.14 9528.26 9528.37 9526.13 9524.07 9521.79 9519.68 9517.09 9514.91 9512.9 9511.08 9509.53 9509.32 9511.77 9512.87 9511.92 9509.01 9506.59 9504.22 9500.47 9502.95 9502.66 9506.53 9510.39 9496.06 9488.88 9486.2 9487.5 9489.76 9490.65
9613.75 9612.53 9608.29 9603.66 9598.68 9593.45 9588.48 9583.54 9578.72 9574.26 9570.28 9566.6 9562.85 9566.07 9564.48 9557.64 9561.61 9560.86 9557.65 9557.55 9559.36 9560.22 9559.39 9558.32 9556.61 9554.88 9553.09 9551.46 9549.34 9547.15 9545.53 9545.27 9544.48 9540.74 9537.15 9534.05 9531.13 9528.64 9526.77 9525.62 9524.5 9522.83 9520.76 9519.08 9516.8 9514.72 9512.73 9510.65 9508.87 9507.15 9508.29 9511.23 9510.08 9508.74 9507.22 9506.27 9507.54 9505.45 9503.39 9502.84 9498.8 9495.09 9490.74 9487.81 9490.09 9489.57 9492.41
9618.38 9619.14 9612.61 9607.11 9601.16 9595.68 9589.87 9584.49 9579.43 9574.68 9569.62 9565.02 9562.76 9563.44 9563.93 9565.19 9561.48 9558.61 9557.2 9557.83 9558.39 9558.78 9558.27 9557.75 9556.41 9555.6 9553.84 9552.51 9551.08 9549.39 9547.89 9547.99 9546.27 9542.13 9537.72 9533.86 9530.46 9527.59 9525 9523.23 9522.86 9521.75 9520.59 9519.14 9517.52 9515.85 9513.99 9512.04 9510.02 9508.05 9508.49 9509.95 9508.47 9507.87 9506.87 9505.74 9504.37 9502.7 9499.97 9496.65 9491.74 9492.19 9490.76 9483.83 9479.32 9488.72 9492.54
9619.84 9619.31 9614.04 9608.88 9602.67 9596.6 9590.78 9584.98 9579.72 9574.43 9569.77 9566.61 9564.44 9561.39 9563.82 9563.11 9560.05 9558.6 9559.02 9559.64 9558.68 9557.91 9557.18 9556.73 9555.55 9554.03 9553.08 9552.38 9552.09 9552.17 9550.94 9548.61 9545.85 9541.43 9537.18 9533.48 9530.02 9526.73 9523.79 9521.8 9521.46 9521.26 9520.58 9519.52 9518.19 9516.8 9514.81 9513.49 9511.47 9510.55 9510.91 9512.77 9508.34 9506.83 9505.97 9504.98 9500.08 9497.5 9496.29 9493.98 9490.61 9492.07 9494.25 9492.24 9489.74 9489.18 9488.42
9619.22 9617.15 9613.16 9608.99 9603.34 9597.41 9591.6 9585.62 9579.97 9574.38 9569.8 9566.48 9569.09 9567.02 9564.85 9562.65 9562.54 9561.21 9562.11 9561.05 9559.55 9558.15 9556.82 9555.57 9554.28 9553.11 9552.41 9552 9551.93 9552.24 9550.65 9547.1 9543.06 9539.32 9535.98 9532.71 9529.22 9526.15 9523.17 9520.4 9520.49 9521.23 9521.12 9520.09 9519.04 9518.27 9516.57 9514.97 9513.44 9511.71 9510.59 9507.7 9506.4 9505.24 9504.12 9502 9497.24 9495.31 9494.38 9493.41 9493.53 9491.57 9490.75 9488.64 9487.41 9487.25 9485.6
9617.67 9615.27 9612.48 9608.77 9603.64 9598.03 9592.31 9586.43 9580.67 9574.9 9570.02 9566.64 9569.6 9567.12 9563.87 9562.02 9562.05 9563.35 9563.96 9562.3 9560.13 9558.28 9556.44 9555.08 9553.65 9552.33 9550.98 9550.46 9550.26 9550.53 9548.23 9544.24 9539.54 9536.9 9534.55 9531.82 9528.92 9526.16 9523.46 9521.8 9521.79 9522.04 9521.6 9520.94 9520.06 9519.07 9517.59 9516.53 9515.07 9512.66 9510.5 9506.17 9504.46 9503.65 9502.91 9502.04 9498.62 9494.86 9493.09 9491.8 9490.24 9487.49 9482.56 9480.16 9482.33 9485.39 9484.65
9617.76 9615.68 9612.3 9607.79 9603.9 9598.59 9593.01 9587.53 9581.86 9576.47 9571.47 9567.88 9567.7 9566.28 9565.29 9563.26 9563.66 9567.44 9564.3 9561.52 9560.12 9558.53 9556.82 9554.82 9553.08 9551.21 9549.4 9547.9 9547.11 9546.54 9544.21 9541.15 9538.02 9535.45 9533.47 9531.33 9529.08 9526.62 9524.64 9523.84 9523.69 9523.07 9522.35 9521.61 9520.74 9519.74 9518.93 9518.01 9516.98 9515.97 9512.92 9509.3 9503.19 9502.56 9502.12 9497.3 9494.95 9494.06 9492.41 9490.77 9488.87 9485.3 9480.54 9478.03 9480.22 9482.82 9482.6
9617.64 9614.98 9612.07 9608.83 9604.26 9599.15 9594.02 9588.67 9583.38 9578.42 9573.56 9569.86 9569.04 9566.86 9565.94 9565.02 9566.82 9570.03 9561 9560.86 9559.93 9558.45 9556.88 9554.82 9552.62 9550.21 9547.76 9544.87 9542.11 9539.38 9539.23 9538.06 9536.1 9534.59 9533.16 9531.42 9529.37 9527.37 9525.55 9524.17 9524.03 9523.91 9523.48 9522.77 9521.99 9520.93 9520.1 9519.38 9518.34 9516.38 9512.36 9505.31 9501.95 9502.08 9502.95 9505.11 9498.13 9494.26 9492 9490.05 9488.34 9486.54 9482.98 9479.29 9480.66 9483.6 9484.94
9617.98 9616.11 9612.63 9609.23 9605.11 9600.27 9595.18 9590.19 9585.21 9580.51 9576.77 9574.3 9572.22 9568.08 9568.16 9568.77 9569.43 9570.11 9567.13 9562.45 9560.34 9558.12 9556.08 9554.03 9551.86 9549.34 9546.4 9542.72 9537.86 9532.93 9534.86 9536.16 9535.93 9534.88 9533.63 9531.95 9530.03 9528.15 9526.22 9524.86 9524.26 9524.52 9524.27 9523.49 9522.64 9521.61 9520.68 9519.69 9518.87 9517.31 9514.76 9508.46 9502.99 9502.08 9501.54 9498.27 9496.61 9494.1 9491.89 9489.55 9487.28 9485.95 9484.22 9479.55 9480.97 9484.27 9480.88
9618.43 9616.77 9614.52 9610.62 9606.26 9601.22 9596.09 9590.94 9585.88 9581.65 9578.05 9575.53 9571.51 9572.04 9572.05 9572.48 9572.77 9569.85 9566.08 9562.89 9560.46 9558.6 9556.4 9554.49 9552.25 9549.61 9546.6 9542.89 9538.59 9535.7 9535.49 9536.46 9536.52 9535.96 9534.68 9533.26 9531.48 9529.49 9527.5 9525.58 9525.9 9525.61 9525.23 9524.12 9522.73 9521.07 9519.76 9518.74 9518.1 9516.39 9512.81 9508.65 9504.98 9502.15 9500.5 9498.18 9495.4 9493.82 9491.69 9489.23 9486.64 9485.51 9482.16 9479.59 9480.68 9481.15 9480.92
9618.84 9616.11 9614.94 9611.74 9607.41 9602.32 9596.82 9591.47 9586.36 9581.84 9577.89 9575.4 9573.18 9573.82 9573.89 9574.86 9573.36 9569.47 9565.52 9562.95 9560.86 9558.79 9556.51 9554.46 9552.26 9549.95 9547.55 9544.92 9542.29 9540.01 9539.02 9538.72 9538.15 9537.23 9536.2 9534.69 9533.05 9531.18 9529.26 9527.72 9528.03 9527.42 9526.46 9524.89 9522.71 9521.2 9519.22 9517.26 9515.89 9513.8 9509.95 9506.66 9502.95 9501.57 9500.37 9498.65 9496.56 9494.31 9492.02 9489.45 9486.39 9479.16 9483.58 9482.71 9482.35 9481.01 9479.14
9620.29 9618.41 9616.84 9613.45 9609.07 9603.74 9598.12 9592.46 9587.14 9582.32 9578.11 9576.43 9576.23 9576.36 9576.41 9576.3 9574.16 9569.95 9566.3 9563.52 9561.8 9559.27 9557.48 9555.41 9553.54 9551.55 9549.65 9547.86 9546.05 9544.06 9542.64 9541.82 9540.93 9539.96 9538.78 9536.94 9534.87 9532.91 9530.99 9529.68 9529.22 9528.9 9527.49 9525.33 9522.99 9520.43 9517.69 9514.72 9511.14 9509.2 9508.8 9504.53 9501.53 9501.1 9500.82 9500.23 9498.07 9495.45 9493.06 9491.1 9489.88 9491.55 9488.28 9486.24 9485.75 9484.63 9482.39
9622.03 9619.94 9618.38 9614.95 9610.17 9604.66 9598.85 9592.9 9587.12 9581.94 9579.25 9577.97 9577.44 9577.48 9577 9576.9 9571.92 9567.52 9565.9 9564.25 9562.74 9560.32 9558.23 9556.06 9554.06 9552.5 9551.28 9550.47 9550.33 9548.33 9546.14 9544.71 9543.95 9543.83 9541.54 9538.99 9536.68 9534.43 9532.58 9531.34 9530.54 9530.91 9528.48 9525.92 9523.18 9520.19 9516.82 9513.22 9510.01 9506.86 9503.76 9503.21 9501.72 9501.2 9501.13 9499.79 9498.37 9496.48 9494.23 9492.51 9491.55 9491.74 9494.45 9491.95 9489.24 9486 9481.49
9623.49 9621.45 9622.36 9616.21 9610.6 9605.24 9599.51 9593.63 9587.67 9581.39 9575.21 9574.62 9576.31 9578.66 9578.68 9576.45 9572.84 9569.29 9567.22 9565.12 9563.05 9560.93 9559.12 9557.11 9555.38 9553.63 9552.44 9551.67 9551.55 9549.98 9548.15 9546.71 9545.86 9545.2 9543.04 9540.55 9538.14 9535.92 9533.96 9532.76 9532.99 9530.62 9528.52 9526.14 9523.45 9520.35 9516.67 9512.11 9507.01 9506.5 9505.47 9503.27 9502.47 9501.03 9500.58 9499.61 9498.97 9497.2 9494.92 9492.85 9491.61 9491.31 9495.19 9493.34 9490.29 9487.35 9479.88
9623.7 9620.38 9617.88 9614.54 9609.79 9605.69 9600.5 9595.07 9589.29 9583.05 9576.67 9573.4 9574.23 9580.5 9579.89 9576.91 9573.24 9572.37 9569.22 9566.38 9563.89 9561.75 9559.68 9557.72 9556.08 9554.39 9553.01 9551.79 9550.48 9549.72 9549.09 9548.02 9546.95 9545.48 9543.84 9541.87 9539.58 9537.21 9535.02 9533.19 9531.64 9528.88 9528.52 9526.65 9524.15 9521.14 9517.78 9514.16 9512.55 9507.7 9505.9 9502.72 9499.98 9498.62 9499.43 9504.62 9500.77 9497.45 9494.77 9492.61 9491.4 9490.9 9488.39 9489.16 9487.55 9484 9477.19
9622.41 9618.44 9615.28 9612.39 9609.86 9605.95 9601.55 9596.78 9592.07 9587.33 9583.07 9579.51 9575.4 9577.66 9577.74 9576.07 9574.87 9573 9570.14 9567.33 9564.96 9562.75 9560.79 9558.85 9556.99 9555.09 9553.44 9551.78 9549.8 9549.73 9549.61 9549.02 9548.13 9546.88 9545.2 9543.21 9540.73 9538.12 9535.58 9533.21 9531.23 9529.7 9529.61 9527.69 9525.11 9522.12 9519.22 9516.67 9513.93 9508.44 9504.66 9502.1 9498.89 9497.08 9497.6 9500.29 9499.38 9496.58 9493.87 9491.66 9489.76 9488.78 9488.46 9486.2 9483.71 9480.09 9473.89
9621.08 9617.33 9613.13 9611.47 9609.69 9606.9 9603.09 9598.98 9595.19 9591.89 9588.74 9583.27 9581.59 9581.23 9578.24 9575.09 9575.17 9573.52 9569.97 9567.49 9565.51 9563.63 9561.82 9559.92 9558.29 9556.3 9554.35 9552.45 9550.92 9550.23 9550.24 9549.88 9549.5 9549.03 9547.78 9545.03 9542.12 9539.09 9536.34 9533.77 9532.04 9532.81 9531.24 9529.01 9526.11 9522.93 9519.77 9517.07 9513.97 9509.17 9505.34 9502.67 9500.75 9498.92 9496.2 9497.43 9496.72 9494.79 9492.65 9490.3 9488.37 9487.47 9486.7 9483.92 9480.38 9476.86 9474.26
9620.01 9617.32 9615.97 9614.12 9610.82 9607.86 9604.33 9600.81 9597.54 9594.83 9592.17 9589.65 9587.62 9588.03 9583.68 9575.82 9570.83 9569.02 9568.58 9567.51 9565.55 9563.96 9562.21 9560.25 9558.59 9556.83 9554.76 9553.23 9551.9 9551.4 9551.09 9550.75 9550.51 9550.37 9549.25 9545.83 9542.71 9539.79 9536.95 9534.42 9532.26 9531.86 9532.43 9529.83 9526.51 9522.95 9519.27 9515.37 9512.17 9509.64 9505.86 9503.16 9501.54 9500.03 9496.59 9495.68 9494.01 9492.85 9491.11 9488.8 9485.77 9484.26 9483.52 9481.74 9480.58 9478.72 9477.62
