real_craters/C082-300m.grd
DSAA
199 199
-29.6275 29.6275
-29.6275 29.6275
8618.2773289321 9793.846496762
[rows 120 to 149 of 199, columns 0 to 66 of 199]
9584.39 9582.45 9579.53 9580.27 9581.65 9582.56 9582.88 9583.06 9583.09 9582.88 9582.28 9581 9582.71 9585.48 9586.42 9587.33 9587.47 9587.17 9585.73 9584.57 9583.22 9581.58 9580.03 9578.67 9577.59 9576.48 9574.76 9573.56 9574.9 9585.75 9603.1 9615.06 9602.91 9591.66 9581.93 9585.24 9594.77 9603.76 9611.56 9608.56 9605.83 9603.44 9600.88 9597.64 9594.6 9591.88 9589.07 9586.59 9583.74 9581.3 9579.41 9578.12 9576.24 9574.46 9572.45 9570.74 9570.75 9572.27 9574.09 9578.2 9582.91 9586.35 9588.73 9591.24 9594.64 9597.53 9600.85
9589.58 9599.93 9594.44 9585.69 9582.83 9581.81 9581.38 9581.08 9580.65 9580.18 9579.54 9579.61 9581.76 9584.27 9584.87 9584.86 9584.76 9584.27 9582.86 9581.74 9580.44 9579.05 9577.46 9576.09 9574.24 9573.2 9574.74 9572.01 9572.7 9583.66 9599.3 9609.87 9602.49 9596.12 9592.54 9597.35 9604.06 9606.64 9607.72 9606.66 9604.51 9602.17 9599.34 9596.88 9593.68 9590.28 9588.41 9585.77 9582.95 9581.33 9580.11 9578.86 9577.63 9576.28 9575.18 9574 9572.71 9574.11 9575.9 9579.68 9583.86 9587.26 9588.53 9590.94 9593.85 9596.73 9599.97
9586.41 9586.29 9587.83 9585.05 9582.51 9580.63 9579.71 9578.98 9578.4 9577.96 9577.67 9578.34 9580.48 9582.95 9583.24 9582.91 9582.47 9581.8 9580.52 9579.43 9578.16 9576.76 9574.98 9573.12 9571.03 9568.72 9566.37 9569.38 9572.74 9580.6 9589.57 9593.65 9596.5 9599.98 9602.6 9608.38 9613.63 9606.46 9603.22 9603.59 9602.44 9600.47 9597.88 9594.36 9591.14 9587.82 9583.67 9581.04 9580.84 9580.71 9580.15 9579.46 9578.64 9578.42 9578.54 9578.79 9576.54 9578.47 9579.87 9581.88 9584.43 9586.48 9589.9 9590.09 9592.4 9594.99 9597.41
9581.69 9581.07 9581.78 9581.59 9580.61 9579.58 9578.48 9577.71 9577.01 9576.35 9575.98 9576.28 9577.99 9581.22 9581.27 9580.6 9579.88 9579.05 9577.94 9576.89 9575.56 9574.3 9572.99 9571.18 9569.61 9567.7 9566.11 9570.04 9574.8 9578.85 9582.67 9586.88 9595.34 9604.92 9611.06 9614.59 9615.09 9608.6 9603.96 9602.26 9600.24 9597.99 9595.74 9593.03 9589.9 9586.29 9581.27 9578.93 9580.46 9580.98 9580.67 9579.83 9579.3 9579.49 9580.83 9584.34 9590.8 9584.66 9581.89 9584.53 9584.96 9585.22 9585.98 9589.11 9591.07 9593.13 9590.3
9578.11 9577.09 9578.06 9578.5 9578.31 9577.78 9576.98 9576.29 9575.56 9574.91 9574.41 9574.26 9575.34 9578.85 9578.7 9578.17 9577.46 9576.67 9575.66 9574.67 9573.47 9572.33 9571.26 9570.42 9569.86 9569.96 9570.55 9571.67 9574.89 9578.41 9581.01 9583.86 9596.52 9610.37 9618.79 9616.03 9612.18 9607.14 9603.53 9601.04 9598.77 9596.35 9594.13 9592.13 9589.74 9587.02 9584.06 9582.46 9582.85 9582.36 9581.39 9580.69 9580.28 9580.17 9580.43 9581.65 9588.69 9583.96 9583.72 9586.91 9584.16 9583.27 9582.98 9583.64 9585.04 9588.21 9590.05
9575.64 9575.06 9575.71 9576.31 9576.43 9576.19 9575.46 9574.89 9574.24 9573.63 9572.98 9572.44 9572.29 9574.68 9575.47 9575.5 9575.1 9574.45 9573.65 9572.65 9571.75 9570.75 9570.07 9569.6 9569.77 9571.08 9572.22 9572.05 9574.22 9579.41 9585.95 9591.14 9599.16 9609.95 9616.21 9614.48 9611.17 9606.41 9602.82 9599.65 9597.36 9594.18 9592.07 9590.27 9589.53 9588.82 9588.04 9587.12 9587.01 9584.87 9582.55 9580.83 9579.87 9579.53 9578.83 9573.39 9566.01 9578.5 9581.46 9579.57 9580.55 9580.15 9580.66 9581.45 9580.82 9582.54 9583.58
9574.76 9573.22 9574.54 9575.03 9574.87 9574.8 9574.4 9573.96 9573.45 9572.93 9572.41 9571.6 9570.67 9571.56 9572.82 9573.31 9573.16 9572.64 9571.95 9570.93 9570.14 9569.43 9568.89 9568.39 9568.44 9569.15 9570.76 9573.13 9575.01 9578.87 9586.93 9593.23 9598.18 9603.8 9608.56 9610.4 9609.95 9608.77 9602.01 9597 9593.96 9590.74 9589.04 9588.01 9588.39 9589.94 9592.49 9595.18 9592.16 9586.53 9582.28 9579.39 9578.02 9578 9579.57 9583.64 9584.2 9579.41 9579.27 9578.57 9576.2 9576.38 9577.19 9577.64 9578.51 9580.03 9583.84
9577.59 9577.1 9574.62 9574.08 9573.67 9573.18 9573.16 9572.96 9572.63 9572.33 9572 9571.97 9572.85 9572.08 9571.85 9571.95 9571.55 9571 9570.34 9569.45 9568.75 9568.17 9567.67 9567.36 9566.91 9566.24 9567.92 9571.37 9572.85 9573.77 9577.9 9586.8 9594.32 9598.88 9601.55 9604.66 9603.88 9603.09 9596.78 9591.88 9588.34 9586.69 9585.41 9584.21 9585.31 9587.45 9592.55 9599.97 9593.22 9584.18 9578.94 9576.11 9575 9575.21 9577.1 9581.64 9582.24 9577.44 9574.37 9570.61 9571.38 9572.62 9573.74 9575.93 9577.73 9578.64 9581.32
9575.09 9574.99 9572.96 9572.68 9572.71 9572.17 9571.92 9571.42 9571.29 9571.34 9571.5 9571.8 9572.53 9572.56 9571.91 9571.1 9570.53 9570.03 9569.32 9568.69 9567.99 9567.35 9566.71 9566.11 9565.85 9565.37 9565.31 9565.42 9566.32 9567.01 9569.67 9581.44 9591.67 9597.02 9594.47 9588.08 9588.56 9588.83 9586.91 9584.64 9582.61 9580.85 9579.81 9579.98 9579.33 9580.24 9582.86 9586.14 9580.65 9575.35 9572.58 9571.17 9570.47 9570.25 9570.36 9568.51 9570.46 9571.14 9569.84 9568.79 9568.87 9569.58 9572.09 9574.75 9576.76 9577.22 9577.74
9560.87 9566.07 9569.96 9570.84 9571.35 9571.35 9571.5 9571.23 9570.73 9570.62 9570.92 9571.26 9571.8 9571.71 9570.75 9569.67 9569.11 9568.65 9568.17 9567.61 9566.82 9566.24 9565.68 9565.29 9565.26 9565.7 9563.69 9561.95 9562.61 9563.91 9568.23 9579.89 9591.66 9598.85 9590.41 9577.59 9575.5 9575.26 9577.14 9577.41 9577.03 9575.59 9574.39 9573.37 9572.98 9571.45 9568.31 9562.53 9560.76 9563.22 9564.66 9565.03 9565.3 9564.88 9564.58 9564.67 9564.82 9565.91 9566.23 9565.92 9565.08 9566.83 9568.66 9571.45 9571.91 9573.74 9576.12
9574.26 9570.21 9569.92 9570.16 9570.16 9570.07 9570.42 9570.26 9570.45 9570.36 9570.04 9570.22 9570.67 9570.12 9567.96 9567.99 9567.75 9567.41 9567.05 9566.52 9565.91 9565.31 9564.85 9564.49 9564.27 9563.53 9563.02 9561.85 9562.22 9564.34 9568.4 9579.46 9592.73 9598.63 9589.63 9578.36 9571.61 9569.64 9570.3 9571.39 9571.63 9571.27 9570.01 9568.54 9565.8 9562.63 9557.83 9550.38 9548.59 9553.79 9558.05 9560.36 9561.19 9561.07 9560 9559.45 9560.72 9562.14 9562.76 9563.62 9562.02 9563.43 9565.59 9568.46 9570.46 9572.07 9573.08
9573.7 9572.05 9570.62 9570.15 9569.87 9569.66 9568.95 9568.77 9569.1 9568.98 9569.14 9568.87 9568.62 9567.95 9566.91 9566.74 9566.68 9566.47 9566.11 9565.61 9565.04 9564.37 9563.65 9563.09 9562.95 9563.65 9563.12 9563.17 9562.74 9564.56 9570.3 9581.61 9594.4 9599.82 9589.06 9576.93 9568.54 9566.01 9566.38 9567.2 9567.56 9567.02 9565.98 9564.02 9561.13 9557.65 9552.73 9547.08 9545.61 9550.46 9555.04 9557.93 9559.02 9558.89 9557.26 9555.67 9558.33 9560.29 9560.4 9557.57 9557.12 9560.94 9563.95 9567.09 9568.65 9569.8 9569.14
9570.3 9570.79 9570.24 9569.74 9569.32 9569.01 9569.07 9568.74 9568 9567.72 9567.81 9567.38 9566.65 9565.78 9565.55 9565.85 9565.86 9565.65 9565.17 9564.66 9564.06 9563.35 9562.46 9561.41 9560.51 9560.53 9561.99 9562.61 9562.14 9563.93 9571.74 9582.68 9594.21 9597.49 9589.11 9577.21 9568.85 9564.8 9564.32 9563.98 9563.5 9562.97 9561.92 9560.26 9558.27 9555.58 9552.41 9549.76 9549.6 9551.98 9555.04 9557.42 9558.78 9558.97 9557.8 9556.65 9559.35 9561.38 9561.96 9560.4 9557.27 9562.57 9564.47 9566.17 9566.73 9567.42 9567.61
9569.23 9569.6 9569.4 9569.02 9569.07 9568.69 9568.17 9567.75 9567.25 9566.78 9565.95 9565.57 9565.29 9565.31 9565.04 9565.59 9565.32 9564.92 9564.58 9564.12 9563.62 9562.95 9561.92 9560.5 9558.87 9558.98 9560.78 9561.21 9560.42 9561.45 9566.98 9581.16 9595.43 9599.59 9592.64 9580.94 9569.65 9565.18 9563.7 9563.01 9562.38 9561.47 9560.34 9559.2 9557.57 9555.88 9554.4 9553.6 9554.49 9555.28 9556.86 9558.77 9560.28 9561.13 9561.51 9562.31 9563 9564.72 9566.31 9568.55 9571.56 9567.59 9566.46 9566.22 9565.66 9564.68 9563.05
9569.59 9568.98 9568.85 9568.55 9568.25 9567.7 9567.14 9566.64 9566.11 9565.51 9564.92 9564.28 9563.79 9563.93 9565.9 9565.43 9564.74 9564.25 9563.87 9563.47 9563.05 9562.66 9562.05 9560.95 9558.66 9558.63 9560.05 9560.04 9558.79 9557.94 9564.43 9578.58 9591.94 9597.7 9594.39 9582.99 9570.19 9566.67 9564.86 9563.89 9562.57 9561.39 9560.59 9559.08 9557.93 9556.73 9556.27 9556.38 9557.14 9558.11 9558.76 9560.29 9562.49 9564.48 9564.83 9565.08 9566.91 9567.95 9569.57 9571.43 9571.76 9570.51 9567.14 9565.4 9563.31 9561.71 9560.4
9567.81 9567.99 9567.9 9567.58 9567.19 9566.83 9566.3 9565.65 9565.03 9564.29 9563.61 9562.93 9562.26 9561.36 9562.32 9563.58 9563.76 9563.36 9562.98 9562.68 9562.47 9562.5 9562.64 9562.94 9563.04 9561.56 9559.75 9559.12 9558.82 9558.84 9561.81 9577.05 9590.81 9597.27 9595.57 9587.1 9575.78 9571.23 9567.57 9564.76 9562.35 9561.06 9559.73 9558.72 9557.82 9557.33 9557.55 9558.62 9560.14 9560.83 9560.11 9561.12 9563.77 9567.91 9572.79 9572.47 9570.17 9569.67 9570.6 9572.39 9575.03 9572.26 9566.51 9562.82 9560.64 9558.88 9558
9566.73 9566.97 9567.07 9566.86 9566.5 9565.93 9565.32 9564.7 9564.27 9563.38 9562.73 9562.01 9561.35 9561.34 9562.53 9563.22 9562.68 9562.16 9561.76 9561.56 9561.57 9561.82 9562.56 9564.15 9566.89 9564.38 9561.8 9560.25 9559.73 9558.98 9562.68 9577.59 9591.93 9599.82 9599.5 9596.95 9588.45 9577.4 9570.41 9565.48 9562.09 9560.08 9558.29 9557.55 9556.88 9556.75 9557.38 9559.18 9562.5 9561.49 9559.32 9559.27 9562.07 9567.27 9575.1 9573.53 9569.15 9567.76 9568.83 9571 9570.52 9569.67 9562.46 9558.15 9555.94 9554.39 9555.37
9566.08 9566.22 9566.28 9566.08 9565.8 9565.26 9564.62 9563.99 9563.31 9562.49 9561.71 9561.03 9560.43 9560.27 9561.27 9561.98 9560.95 9560.65 9560.44 9560.32 9560.37 9560.62 9561.28 9562.37 9564.13 9563.48 9563.31 9561.01 9560.05 9560.26 9564.74 9577.02 9592.36 9598.99 9609.64 9600.14 9591.47 9578.41 9570.03 9564.84 9561.53 9559.09 9557.25 9556.05 9555.35 9555.31 9555.64 9556.53 9557.72 9556.34 9555.14 9554.71 9556.14 9559.31 9564.37 9563.84 9561.91 9561.51 9562.66 9565.89 9573.66 9560.1 9555.07 9551.56 9550.67 9552.06 9551.66
9565.29 9565.59 9565.62 9565.39 9565.05 9564.51 9563.84 9563.11 9562.37 9561.29 9560.55 9559.89 9559.22 9558.67 9558.26 9557.9 9558.48 9558.88 9558.93 9558.94 9558.95 9558.94 9559.05 9558.96 9558.05 9559.54 9559.55 9558.61 9558.22 9559.55 9562.94 9569.44 9576.84 9580.31 9581.87 9579.05 9575.94 9571.38 9566.26 9562.1 9559.03 9556.84 9555.68 9554.6 9554.02 9553.69 9553.39 9552.64 9550.33 9548.38 9549.58 9548.94 9548.24 9546.64 9544.44 9548.72 9550.97 9552.17 9552.91 9552.99 9548.71 9545.63 9545.76 9544.89 9545.74 9546.97 9547.5
9564.93 9565.09 9564.93 9564.56 9564.2 9563.59 9562.67 9561.9 9561.1 9560.32 9559.68 9558.97 9558.18 9557.54 9556.78 9555.38 9556.82 9557.38 9557.49 9557.49 9557.39 9557.12 9556.89 9556.75 9556.63 9555.76 9555.45 9555.03 9554.83 9556.59 9557.86 9558.47 9558.6 9557.86 9555.96 9559.84 9561.11 9561.78 9560.37 9557.84 9555.92 9554.13 9553 9552.5 9552.77 9552.34 9551.82 9550.6 9548.67 9546.56 9546.54 9544.26 9540.93 9536.21 9532.52 9536.7 9540.33 9542.3 9542.66 9541.12 9537.64 9537.58 9537.91 9539.64 9541.11 9542.09 9543.33
9565.19 9565.07 9564.87 9564.44 9563.88 9563.2 9562.31 9561.45 9560.6 9559.74 9558.88 9558.09 9557.29 9556.74 9556.5 9557.26 9556.33 9556.15 9556.02 9555.9 9555.73 9555.41 9554.8 9554.13 9553.76 9552.87 9551.96 9552.08 9551.35 9552.53 9552.99 9552.07 9550.65 9549.24 9548.17 9549.75 9552.56 9554.5 9554.91 9554.16 9553.38 9552.58 9551.51 9550.84 9550.62 9550.37 9550.48 9550.43 9550.89 9550.64 9546.31 9541.47 9536.12 9530.42 9526.98 9529.55 9532.51 9534.26 9534.45 9532.89 9529.51 9527.82 9532.12 9533.52 9535.66 9537.5 9538.77
9565.67 9565.15 9564.73 9564.21 9563.56 9562.87 9562.1 9561.02 9560.22 9559.15 9558.18 9557.33 9556.55 9555.83 9555.34 9556.01 9555.38 9554.81 9554.58 9554.49 9554.31 9553.95 9553.18 9551.74 9551.71 9552.73 9552.24 9551.15 9550.06 9549.94 9550.13 9549.53 9548.18 9547.46 9545.94 9545.07 9547.1 9549.53 9550.78 9551.38 9551.44 9550.67 9550.13 9549.53 9548.69 9548.52 9548.61 9549.3 9550.77 9550.81 9545.64 9539.38 9533.44 9527.89 9524.87 9525.62 9527.11 9528.05 9528.09 9527.39 9527.15 9528.72 9528.5 9529.48 9531.45 9533.29 9534.8
9565.62 9564.95 9564.36 9563.76 9563.14 9562.44 9561.71 9560.87 9559.77 9558.82 9557.82 9556.76 9555.86 9555.09 9554.93 9554.72 9553.48 9553.04 9553.11 9553.28 9553.21 9552.99 9552.56 9552.18 9552.09 9553.2 9552.67 9550.86 9549.68 9548.53 9548.99 9548.72 9546.67 9543.96 9543.14 9543.38 9544.4 9546.52 9548.12 9549.16 9549.3 9549.1 9548.63 9547.35 9546.91 9546.56 9545.99 9546.36 9547.22 9547.27 9542.21 9536.97 9531.89 9526.96 9524.08 9523.79 9523.81 9523.89 9523.6 9523.2 9522.86 9522.28 9524.69 9525.96 9527.52 9529.16 9531.05
9565.24 9564.57 9563.96 9563.37 9562.76 9562 9561.3 9560.46 9559.56 9558.56 9557.49 9556.34 9555.18 9554.05 9553.62 9551.2 9550.31 9551.05 9551.71 9552.24 9552.62 9552.71 9552.51 9551.85 9551.42 9551.1 9550.48 9549.67 9549.27 9548.89 9548.68 9548.34 9545.71 9541.92 9540.99 9541.2 9542.64 9544.64 9545.94 9546.94 9546.78 9546.83 9546.38 9545.45 9544.81 9544.1 9542.82 9542.13 9541.4 9538.83 9536.58 9533.5 9530.64 9528.75 9525.67 9523.2 9521.78 9520.99 9520.28 9519.75 9519.42 9520.32 9522.12 9523.17 9524.08 9525.53 9527.39
9564.83 9564.14 9563.64 9563.13 9562.57 9561.97 9561.36 9560.54 9559.66 9558.65 9557.46 9556.11 9554.52 9552.65 9550.63 9548.65 9548.6 9549.87 9550.96 9551.75 9552.33 9552.69 9552.8 9552.36 9550.35 9548.37 9547.66 9547.52 9547.83 9547.88 9547.76 9547.99 9544.99 9543.34 9541.17 9540.92 9541.93 9543.18 9544.54 9545.18 9545.45 9545.49 9543.61 9542.86 9541.99 9540.51 9539.32 9538.12 9535.86 9533.7 9530.88 9529.05 9528.07 9528.85 9525.63 9522.23 9520.17 9519.03 9518.05 9517.27 9516.73 9516.62 9519.33 9520.12 9520.75 9522.33 9523.87
9563.97 9563.69 9563.37 9563.01 9562.58 9562.09 9561.36 9560.45 9559.46 9558.38 9557.32 9555.93 9554.27 9552.05 9549.64 9548.21 9548.74 9549.96 9551.08 9551.79 9552.36 9552.58 9552.74 9553.03 9549.1 9545.73 9545 9544.84 9545.24 9545.43 9545.05 9544.21 9542.06 9540.33 9542.85 9543.43 9542.74 9542.98 9543.47 9543.63 9544.35 9544.55 9543.38 9542.36 9540.9 9539.04 9536.86 9534.4 9530.81 9526.31 9524.32 9524.12 9523.4 9521.85 9521.47 9519.66 9518.15 9516.79 9515.8 9515.1 9514.75 9515.08 9516.19 9517.9 9519.04 9521.28 9523.11
9562.72 9562.64 9562.36 9562.03 9561.26 9560.85 9560.41 9560.08 9559.53 9558.79 9557.96 9556.87 9555.36 9553.22 9550.34 9548.44 9550.12 9551.29 9552.11 9552.53 9552.56 9552.16 9551.39 9549.74 9547.5 9544.86 9543.22 9542.33 9541.81 9542.8 9542.57 9540.5 9539.58 9539.57 9542.53 9543.73 9542.64 9542.34 9542.34 9542.25 9542.09 9541.75 9541.58 9540.3 9538.61 9536.62 9534.02 9530.78 9527.29 9523.52 9521.4 9520.58 9519.54 9518.21 9518.07 9517.56 9516.68 9515.55 9514.67 9513.97 9513.53 9513.9 9513.62 9515.32 9517.29 9519.24 9521.12
9561.82 9561.61 9561.24 9560.89 9560.58 9560.18 9559.94 9559.63 9559.35 9559.69 9559.15 9558.53 9557.59 9556.27 9554.86 9553.9 9553.44 9553.88 9554.16 9553.93 9553.23 9552.1 9550.42 9548.14 9545.99 9543.97 9541.85 9540.45 9541.06 9542.65 9544 9542.74 9538.66 9537.51 9539.25 9541.6 9542.18 9542.03 9541.58 9540.95 9540.5 9539.91 9538.95 9537.54 9535.78 9533.84 9531.3 9528.17 9524.97 9521.87 9519.73 9518.29 9517.53 9517.06 9516.59 9516.25 9515.75 9515.11 9514.13 9513.33 9512.62 9512.47 9512.68 9513.81 9515.89 9518.34 9520.33
9560.73 9560.61 9560.24 9559.98 9559.82 9559.54 9560.51 9560.37 9560.3 9560.19 9560.13 9560.08 9560.16 9560.23 9560.76 9560.46 9558.28 9557.6 9557.07 9556.02 9554.52 9552.63 9550.36 9547.18 9543.92 9541.95 9540.74 9540.39 9541.19 9543.71 9545.94 9545.09 9540.32 9539.26 9541.59 9542.32 9542.56 9542.25 9541.67 9540.91 9540.07 9539.27 9538.11 9536.53 9535.01 9532.75 9530.11 9527 9523.62 9520.09 9517.23 9516.39 9516.3 9516.33 9515.88 9515.75 9515.61 9515.31 9514.8 9513.89 9512.47 9510.34 9509.08 9512.78 9515.51 9518.37 9519.97
9559.68 9559 9558.76 9558.64 9558.69 9560.08 9560.27 9560.32 9560.64 9560.88 9561.27 9561.8 9562.77 9563.92 9565.67 9567.41 9563.72 9562.17 9560.63 9558.67 9556.22 9553.4 9550.72 9546.35 9541.2 9539.33 9540.18 9541.52 9542.25 9545.25 9547.59 9547.06 9546.6 9544.86 9545.92 9544.16 9543.1 9542.84 9542.24 9541.4 9540.25 9539.1 9537.67 9536.01 9534.23 9531.98 9529.45 9526.64 9523.18 9519.37 9516.27 9515.18 9515.26 9515.51 9515.22 9515.53 9515.73 9515.77 9515.58 9515.03 9513.9 9511.33 9509.26 9515.43 9517.7 9519.77 9520.72
