real_craters/C083-500m.grd
DSAA
120 120
-29.6625 29.6625
-29.6625 29.6625
8349.3945257701 9723.1969180218
[rows 60 to 89 of 120, columns 0 to 66 of 120]
9388.68 9370.1 9354.68 9340.52 9327.61 9315.67 9308.78 9304.42 9295.91 9283.61 9274.52 9274.21 9276.73 9268.85 9284.76 9296.14 9304.49 9318.02 9333.76 9320.61 9308.18 9285.61 9276.04 9250.1 9219.53 9189.53 9157.93 9154.72 9155.37 9150.31 9148.55 9157.94 9176.16 9193.42 9193.78 9223.76 9262.6 9284.34 9246.15 9177.07 9177.04 9286.31 9407.23 9478.88 9370.53 9174.88 8999.88 8865.23 8795.18 8741.98 8690.31 8641.71 8593.93 8552.45 8519.27 8494.07 8479.9 8497.42 8521.17 8525.73 8530.57 8541.51 8547.98 8496.08 8437.63 8402.9 8416.58
9379.33 9370.68 9360.68 9349.94 9336.61 9320.56 9306.19 9289.65 9274.81 9274.82 9276.13 9276.08 9277.62 9284.42 9294.89 9305.98 9322.58 9326.17 9319.44 9314.41 9305.85 9297.16 9287.72 9279.28 9239.71 9199.42 9169.94 9160.09 9156.84 9149.17 9147.69 9157.49 9177.95 9201.89 9207.62 9219.22 9227.14 9268.59 9277.68 9193.75 9200.25 9295.03 9399.81 9470.45 9415.03 9217.11 9027.08 8892.97 8813.7 8755.49 8705.84 8654.09 8606.21 8564.35 8530.29 8503.22 8475.46 8487.08 8504.92 8506.74 8511.28 8516.51 8520.8 8490.21 8462.9 8444.17 8450.86
9374.25 9378.73 9372.07 9358.39 9343.88 9326.75 9307.15 9284.15 9280.15 9279.58 9279 9274.68 9275.06 9295.17 9297.22 9300.97 9312.33 9316.36 9307.27 9300.09 9297.54 9297.34 9288.84 9272.4 9238.06 9204.56 9179.08 9167.02 9155.41 9144.28 9139.98 9151.99 9174.7 9202.59 9217.96 9221.4 9229.26 9237.14 9286.37 9197.6 9213.24 9299.88 9393.65 9450.45 9430.74 9251.85 9058.2 8925.04 8845.07 8784.67 8729.3 8678.38 8627.97 8582.66 8542.94 8510.16 8476.74 8455.83 8473.96 8480.84 8479.69 8472.3 8460.8 8464.26 8477.77 8491.79 8491.53
9389.63 9395.44 9381.69 9365.54 9351.65 9337.03 9327.12 9335.48 9330.52 9304.77 9286.57 9272.37 9257.95 9260.32 9266.59 9278.01 9286.47 9284.63 9277.08 9277.54 9278.99 9280.81 9271.01 9246.64 9223.12 9199.45 9182.13 9160.52 9152.32 9140.69 9131.29 9145.19 9165.3 9176.17 9183.93 9209.94 9211.46 9205.3 9249.02 9169.55 9221.8 9308.42 9396.03 9450.15 9415.57 9279.7 9077.58 8969.16 8894.94 8827.11 8763.46 8709.76 8655.21 8603.59 8556.17 8517.05 8482.43 8467.46 8461.61 8461.08 8457.78 8449.7 8449.21 8474.85 8491.58 8503.89 8522.67
9397.14 9404.36 9388.72 9372.42 9355.74 9343.23 9335.49 9329.69 9328.25 9310.78 9291.47 9273.85 9251.37 9234.11 9243.49 9255.38 9259.92 9258.01 9250.99 9252.65 9253.19 9250.26 9235.81 9212.01 9200.45 9187.24 9175.01 9162.83 9152.36 9139.97 9135.65 9143.27 9160.76 9180.04 9180.05 9194.68 9207.4 9194.17 9217.07 9228.29 9245.98 9314.95 9395.01 9464.91 9514.98 9382.33 9201.75 9060.99 8964.49 8882.84 8811.13 8746.38 8684.58 8629.08 8572.66 8524.21 8484.31 8470.88 8457.41 8451.79 8448.21 8447.31 8459.1 8484.09 8501.81 8517.39 8539.71
9391.58 9395.5 9379.2 9365.13 9356.17 9347.66 9339.17 9329.79 9317.71 9307.76 9294.82 9282.65 9282.17 9269.72 9258.37 9272.91 9254.29 9246.22 9236.51 9235.8 9229.87 9217.14 9196.94 9184.22 9181.11 9175.29 9167.58 9172.12 9155.66 9138.57 9129.92 9140.19 9154.35 9166.79 9164.17 9167.05 9185.82 9186.44 9185.94 9215.07 9251.44 9309.04 9381.27 9454.66 9491.48 9441.42 9289.18 9141.63 9034.21 8946.3 8872.08 8791.96 8722.99 8657.03 8596.17 8542.68 8495.83 8473.77 8456.52 8450.26 8447.35 8450.7 8466.62 8489.51 8512.04 8533.76 8562.13
9340.89 9356.08 9352.96 9347.58 9344.9 9344.15 9340.98 9327.96 9315.22 9306.7 9295.48 9282.42 9276.97 9277.34 9275.39 9280.02 9273.95 9253.62 9243.69 9228.51 9216.1 9200.19 9181.54 9172.64 9171.35 9168.26 9162.23 9161.96 9150.96 9135.95 9130.94 9138 9147.94 9155.77 9152.58 9160.54 9174.64 9173.99 9173.03 9195.38 9233.72 9289.36 9352.19 9415.36 9471.62 9427.31 9279.99 9184.43 9086.34 8996.18 8913.94 8832.87 8760.37 8693.1 8627.02 8571.21 8527.32 8489.84 8461.63 8454.16 8452.18 8456.96 8474.94 8499.73 8526.55 8553.33 8583.53
9275.72 9303.6 9312.05 9316.86 9323.39 9333.23 9344.62 9342.04 9323.97 9311.32 9298.78 9283.5 9257.96 9272.55 9277.45 9269.95 9273.98 9256.77 9231.44 9223.41 9212.75 9198.69 9186.78 9177.02 9174.12 9170.52 9163.94 9154.81 9142.66 9132.69 9131.24 9139.95 9145.57 9138.58 9145.19 9166.46 9181.66 9171.83 9174.56 9166.13 9209.41 9260.88 9307.13 9345.67 9359.71 9394.21 9318.07 9218.16 9121.42 9036.51 8956.68 8875.02 8803.62 8732.73 8660.18 8599.43 8540.61 8510.89 8474.69 8467.39 8462.69 8466.75 8486.86 8515.19 8546.69 8577.35 8604.12
9240.78 9258.22 9265.44 9277.67 9292.88 9311.97 9338.07 9358.64 9336.87 9321.36 9309.16 9301.9 9306.64 9300.08 9295.64 9283.94 9279.76 9263.33 9244.69 9229.48 9218.48 9206.88 9192.53 9189.92 9184.23 9177.57 9172.34 9146.69 9146.19 9139.93 9141.41 9149.36 9153.45 9147.33 9154.76 9183.88 9184.83 9174.24 9184.31 9174.15 9201.13 9235.23 9264.21 9283.92 9291.78 9353.11 9320.86 9230.26 9147.7 9068.6 8995.73 8921.13 8850.01 8775.28 8711.02 8641.68 8587.73 8539.83 8505.45 8500.27 8488.43 8478.91 8505.34 8544.29 8575.18 8601.86 8633.27
9184.67 9195.03 9213.31 9232.44 9253.8 9276.93 9302.55 9336.07 9333.79 9325.23 9315.81 9310.2 9311.4 9316.36 9318.71 9306.55 9296.35 9274.39 9252.48 9239.84 9229.22 9221.95 9218.65 9208.34 9199.45 9188.5 9168.45 9165.74 9155.51 9176.07 9175.1 9165.04 9155.44 9151.76 9164.34 9189.28 9186.34 9181.58 9199.07 9223.82 9220.75 9225.46 9235.53 9244.47 9246.48 9258.04 9257.4 9208.64 9151.76 9096.91 9036.3 8968.41 8903.52 8836.61 8768.2 8699.1 8644.96 8611.57 8580.43 8564.76 8542.43 8514.34 8545.87 8586.25 8611.62 8635.47 8661.14
9143.02 9150.71 9165.82 9187.63 9212.69 9239.33 9265.1 9306.74 9330.74 9325.82 9315.14 9305.24 9301.02 9310.13 9309.68 9304.66 9294.82 9279.76 9267.29 9251.48 9238.31 9231.02 9233.27 9225.05 9215.95 9208.08 9200.45 9182.58 9177.15 9210.99 9203.71 9178.62 9156.29 9148.69 9168.12 9183.91 9174.17 9182.78 9198.82 9206.86 9209.45 9211.8 9213.91 9214.43 9211.2 9203.91 9205.92 9184.21 9153.47 9109.44 9069.45 9016.54 8961.85 8906.65 8839.66 8776.85 8725.05 8728.44 8689.38 8653.64 8623.58 8613.89 8577.13 8616.75 8661.12 8689.5 8715.53
9135.72 9120.99 9124.95 9147.84 9176.81 9207.32 9240.63 9279.02 9331.74 9312.65 9305.83 9304.16 9303.98 9304.29 9296.14 9281.17 9282.34 9277 9267.96 9255.21 9242.83 9230.32 9220.38 9227.63 9228.8 9227.84 9226.35 9219.04 9223.09 9227.07 9213.62 9187.93 9160.12 9158.11 9171.76 9190.82 9174.89 9174.49 9178.83 9189.62 9196.8 9200.77 9203.04 9203.34 9197.51 9187.54 9159.41 9156.8 9144.34 9122.07 9093.83 9066.53 9030.89 8982.86 8934.29 8875.29 8827.42 8833.1 8797.83 8753.18 8697.75 8644.21 8629.51 8684.45 8735.91 8773.3 8814.1
9136.96 9099.35 9091.51 9115.72 9150.17 9182.7 9209.97 9245.89 9269.85 9281.47 9287.7 9293.91 9298.75 9300.92 9309.37 9301.24 9285.23 9275.64 9263.06 9256.75 9248.92 9238.06 9232.34 9235.79 9238.12 9239.82 9238.34 9230.66 9239.76 9232.96 9216.4 9198.19 9170.44 9153.62 9168.97 9178.58 9174.62 9184.13 9181.04 9182.62 9188.11 9198.64 9202.86 9202.12 9194 9171.77 9150.33 9143.43 9129.93 9114.58 9098.14 9090.03 9080.15 9064 9032.48 8995.02 8959.4 8950.13 8915.45 8868.3 8813.2 8768.54 8768.83 8811.18 8835.39 8870.73 8928.93
9109.95 9077.34 9061.66 9092.46 9134.96 9176.59 9211.05 9241.59 9260.37 9266.9 9266.44 9265.47 9273.04 9284.01 9288.7 9279.46 9276.39 9273.63 9276.87 9270.21 9255.97 9247.04 9242.72 9239.35 9245.98 9248.37 9242.94 9225.98 9230.97 9223.78 9216.09 9207.74 9201.62 9179.88 9170.98 9171.48 9174.37 9178.99 9187.28 9192.05 9196.24 9199.52 9200.07 9200.14 9198.34 9185.51 9162.47 9146.79 9134.46 9130.11 9120.44 9118.69 9124.5 9129.3 9135.27 9126.88 9096.39 9061.28 9021.32 8990.12 8966.1 8941.08 8947.9 8941.78 8934.16 8948.95 8975.8
9078.38 9063.23 9041.66 9078.86 9129.03 9181.07 9225.38 9252.78 9262.95 9260.76 9249.15 9232.66 9245.01 9264.55 9273.57 9251.93 9255.88 9262.39 9270.09 9266.36 9255.44 9249.56 9249.29 9253.59 9252.08 9248.91 9241.22 9225.53 9217.06 9220.12 9216.03 9206.74 9185.34 9175.09 9169.51 9166.58 9173.11 9183.74 9195.26 9196.1 9202.27 9195.8 9192.15 9193.99 9198.2 9185.91 9156.61 9153.01 9146.51 9147.62 9153.75 9161.1 9181.15 9207.78 9248.47 9270.25 9236.21 9134.69 9101.56 9080.63 9087.9 9052.95 9012.23 9011.59 9014.68 9021.3 9025.22
9013.23 9027.66 9024.19 9066.5 9126.38 9188.81 9237.45 9255.95 9266.53 9260.8 9242.78 9224.15 9232.64 9250.48 9261.09 9241.44 9243.69 9249.43 9249.33 9247.94 9249.09 9246.22 9251.37 9284.81 9247.01 9242.36 9234.61 9225.31 9223.54 9223.23 9215.64 9207.77 9187.59 9176.47 9171.83 9161.29 9156.66 9170.18 9172.87 9176.38 9188.84 9174.41 9169.02 9174.37 9187.49 9188.76 9173.98 9164.83 9163.97 9164.97 9171.63 9186.76 9218.4 9262.55 9325.89 9403.51 9388.91 9293.8 9192.77 9162.26 9141.82 9089.11 9041.73 9067.53 9083.8 9106.11 9137.12
8915.32 8962.69 8985.45 9060.25 9124.22 9180.22 9214.26 9237.85 9246.22 9249.97 9238.2 9227.67 9228.15 9235.97 9240.98 9237.5 9237.92 9244.83 9245.42 9246.15 9248.05 9243.3 9230.99 9195.48 9210.43 9218.7 9214.74 9210.77 9218.06 9213.68 9209.77 9205.94 9196.26 9187.8 9174.92 9159.05 9154.28 9155.17 9136.6 9140.71 9132.32 9131.09 9135.5 9142.52 9158.02 9167.77 9164.08 9168.19 9172.7 9177.98 9186.06 9200.74 9226.44 9268.85 9331.82 9432.72 9445.95 9423.34 9328.49 9276.95 9290.85 9205.81 9160.84 9143.34 9151.55 9178.54 9246.44
8817.64 8890.1 9002.76 9055.65 9123.35 9177.08 9215.74 9230.45 9226.8 9230.42 9227.54 9226.77 9219.68 9221.18 9221.14 9223.68 9233.87 9246.95 9259.58 9264.56 9253.4 9237.83 9223.35 9225.76 9191.04 9164.24 9171.59 9178.04 9178.65 9188.81 9200.18 9203.1 9207.71 9195.83 9174.94 9156.71 9142.2 9160.27 9143.13 9127.42 9101.62 9097.13 9102.05 9103.91 9106.53 9130.01 9159.8 9167.35 9172.24 9178.14 9185.92 9197.56 9211.9 9230.03 9255.41 9282.36 9305.93 9296.29 9265.68 9266.66 9295.14 9245.85 9222.87 9205.01 9189.19 9199.03 9227.51
8745.57 8812.26 8908.8 9019.14 9123.96 9207.59 9245.48 9232.91 9210.99 9203.58 9204.6 9199.91 9203.68 9210.37 9213.95 9219.56 9231.5 9248.56 9267.03 9276.16 9261.48 9237.48 9218.53 9186.5 9168.02 9153.74 9152.98 9154.32 9152.25 9182.36 9192.47 9198.27 9201.44 9189.2 9187.16 9168.78 9164.8 9169.85 9172.14 9140.31 9104.77 9089.29 9085.25 9077.16 9072.14 9107 9150.42 9160.92 9167.26 9172.72 9177.95 9182.87 9184.92 9181.29 9157.47 9128.64 9150.82 9149.99 9170.65 9209.34 9208.57 9281.26 9297.97 9230.68 9195.37 9182.78 9168.15
8678.32 8710.38 8836.84 8970.89 9109.78 9217.56 9233.56 9214.96 9198.77 9193.11 9187.07 9172.47 9186.67 9202.75 9207.28 9214.12 9226.14 9243.33 9262.59 9273.9 9270.97 9254.02 9226.81 9195.38 9174.97 9166.95 9151.91 9146 9149.82 9177.28 9180.55 9180.93 9161.33 9164.75 9162.3 9180.07 9172.05 9168.76 9169.1 9151.36 9127.06 9106.43 9084.45 9067.34 9062.42 9097.49 9146.1 9150.62 9155.18 9160.49 9167.54 9168.64 9158.57 9138.54 9096.08 9033.07 9071.85 9091.67 9103.4 9122.04 9129.82 9177.77 9216.73 9188.84 9168.54 9150.96 9132.84
8653.15 8679.25 8770.02 8909.02 9066.83 9171.89 9156.19 9172.15 9188 9210.28 9178.69 9147.75 9172.55 9201.46 9204.92 9207.2 9218.22 9232.32 9248.54 9268.26 9274.06 9272.87 9238.15 9208.23 9184.03 9164.42 9148.77 9140.45 9141.77 9144.63 9162.22 9169.87 9153.92 9150.55 9145.99 9158.45 9158.85 9145.28 9160.32 9152.36 9137.42 9117.82 9087.75 9064.25 9052.58 9082.24 9116.37 9125.71 9136.51 9143.15 9145.78 9147.69 9143.14 9131.52 9110.93 9078.03 9080.56 9081.41 9060.55 9005.57 9010.96 9005.9 9080.09 9116.78 9124.38 9121.88 9121.47
8645.47 8658.63 8717.64 8834.97 8996.72 9093.76 9076.45 9118.7 9157.89 9194.79 9151.84 9119.94 9159.94 9203.38 9205.94 9208.13 9212.91 9217.29 9219.6 9222.59 9245.18 9251.48 9235.43 9214.61 9186.45 9152.28 9141.2 9130.8 9121.3 9128.12 9149.1 9166.19 9164.62 9156.19 9148.15 9136.06 9140.73 9141.51 9142.23 9138.2 9127.3 9110.27 9087.68 9064.59 9054.9 9065.47 9086.66 9110.13 9116.68 9125.48 9132.76 9134.32 9138.2 9144.6 9160.25 9167.29 9120.93 9093.97 9051.07 8969.39 8979.26 9020.44 9022.53 9059.82 9084.61 9093.68 9100.16
8647.68 8655.5 8689.42 8775.95 8899.17 8979.8 9025.9 9066.72 9102.55 9139.24 9118.42 9100.11 9146.29 9193.92 9195.27 9203.64 9207.35 9202.5 9198.07 9198.75 9220.56 9229.52 9222.62 9210.43 9189.31 9159.5 9139.72 9125.83 9115.31 9118.37 9131.24 9155.48 9167.27 9157.13 9160.37 9166.67 9139.07 9121.3 9116.29 9116.35 9110.69 9104.68 9081.53 9062.56 9050.38 9049.4 9051.85 9076.06 9093.83 9103.76 9110.77 9121.05 9131.1 9139.3 9151.67 9154.65 9129.12 9102.42 9068.18 9011.73 8989.59 8960.62 8995.83 9033.13 9056.07 9070.56 9079.15
8650.79 8658.47 8685.38 8748.54 8856.22 8937.48 8985.27 9017.02 9038.39 9038.83 9046.81 9077.29 9131.62 9170.32 9167.66 9187.55 9191.48 9189.33 9190.06 9193.03 9198.02 9207.47 9210.52 9202.86 9189.53 9163.95 9139.93 9118.63 9105.43 9101.74 9104.37 9113.96 9132.37 9145.17 9143.17 9141.82 9123.2 9083.66 9082.98 9082.87 9085.28 9079.77 9066.42 9057.91 9048.07 9038.36 9033.69 9049.63 9073.87 9086.45 9095.92 9104.13 9113.11 9120.67 9121.37 9118.78 9107.8 9096.05 9093.75 9058.93 9021.24 9023.33 9008.84 9021.71 9042.18 9061.72 9076.49
8654.23 8665.03 8697 8759.24 8851.48 8924.87 8950.44 8972.45 8994.57 9006.06 9013.97 9062.2 9123.53 9164.22 9155.4 9173.84 9176.75 9174.08 9180.39 9200.87 9193.49 9197.84 9202.73 9200.12 9182.28 9166.95 9143.74 9118.62 9106.24 9104.89 9094.53 9096.41 9116.23 9133.32 9124.99 9115.98 9114.96 9076.1 9069.15 9075.4 9068.95 9058.11 9048.6 9041.54 9036.68 9029.65 9028.63 9049.68 9058.32 9068.16 9078.74 9088.81 9096.97 9103.21 9098.26 9090.81 9077.09 9060.59 9043.66 9025 9007.74 9002.43 9016.68 9027.53 9046.31 9067.92 9092.99
8652.78 8667.52 8712.92 8805.86 8860.39 8865.64 8893.26 8927.88 8962.93 8995.49 9011.93 9052.38 9116.19 9153.83 9149.51 9167.26 9170.19 9150.37 9154.38 9164.8 9188.11 9194.99 9203.18 9208.96 9205.2 9182.85 9154.44 9134.8 9118.16 9106.77 9098.58 9089.34 9113.37 9138.2 9123.63 9109.36 9116.42 9076.1 9068.13 9072.27 9062.38 9047.05 9037.19 9027.32 9023.87 9023.1 9021.01 9018.85 9034.04 9050.64 9062.98 9072.59 9080.21 9087.36 9093.52 9076.26 9048.43 9018.69 8980.15 9005.54 9016.01 9007.66 9021.2 9031.63 9049.44 9071.81 9096.39
8653.12 8666.2 8714.32 8806.99 8799.77 8791.85 8831.64 8883.41 8931.95 8978.37 8991.32 9028.92 9100.6 9142.72 9139.5 9144.56 9133.49 9116.17 9123.74 9134.01 9166.42 9180.13 9198.3 9214.7 9226.91 9196.97 9163.5 9128.52 9129.39 9126.62 9106.05 9097.96 9113.07 9145.33 9126.12 9117.26 9110.46 9091.18 9080 9076.05 9061.97 9046.44 9037.41 9032.38 9028.19 9024.34 9019.71 9016.5 9022.59 9038.19 9049.44 9056.46 9061.03 9064.14 9068.62 9051.42 9027.78 9000.41 8977.91 8979.16 8995.32 9013.64 9019.75 9033.06 9051.53 9072.29 9092.34
8653.24 8663.28 8698.21 8794.64 8791.89 8740.02 8787.13 8845.27 8900.51 8941.8 8948.26 8991.09 9060.99 9119.76 9123.66 9115.71 9095.54 9089.48 9100.38 9117.63 9126.76 9156.2 9184.85 9210.1 9216.22 9196.36 9174.48 9166.45 9149.89 9153.83 9142.24 9102.97 9099.34 9097.7 9124.14 9118.93 9115.04 9107.41 9093.31 9076.93 9061.03 9049.11 9045.59 9045.34 9038.84 9031.22 9025.68 9022.55 9027.47 9036.26 9043.49 9045.96 9044.85 9036.9 9023.42 9020.94 9007.54 8989.75 8976.2 8965.15 8955.31 8981.34 9004.66 9023.86 9044.43 9068.79 9087.69
8657.42 8664.73 8683.07 8742.37 8766.81 8727.26 8761.46 8815.68 8869.69 8912.86 8928.48 8956.33 8989.08 9069.39 9085.53 9087.58 9096.19 9074.99 9078.53 9095.04 9108.1 9133.77 9164.72 9197.41 9213.54 9186.84 9171.99 9163.53 9155.27 9150.53 9150.54 9130.6 9098.08 9078.07 9094.6 9113.11 9122.37 9113.98 9095.4 9072.04 9056.75 9051.36 9052.23 9061.36 9047.35 9039.4 9035.25 9033.82 9037.28 9038.16 9039.01 9037.62 9032.23 9020.14 9004.32 9003.36 8998.45 8987.64 8973.45 8959.63 8950.24 8968.91 8993.19 9017.3 9036.33 9060.16 9078.4
8666.78 8672.78 8686.31 8689.38 8697.87 8709.37 8747.01 8797.67 8851.27 8894.04 8928.29 8939.56 8941.02 8963.51 9019.51 9043.57 9049.4 9041.61 9052.51 9065.75 9081.83 9110.98 9139.21 9159.78 9164.9 9155.98 9160.81 9156.58 9148.62 9137.05 9134.66 9135.39 9108.82 9082.62 9076.26 9096.85 9109.17 9102.27 9088.76 9066.16 9056.2 9054.78 9050.71 9047.99 9045.4 9044.39 9044.55 9045.83 9046.4 9041.87 9039.47 9036.08 9029.9 9020.81 9010.74 9002.01 8993.91 8984.65 8973.82 8965.79 8958.07 8964.08 8983.66 9007.95 9028.17 9049.43 9069.84
