real_craters/C083-500m.grd
DSAA
120 120
-29.6625 29.6625
-29.6625 29.6625
8349.3945257701 9723.1969180218
[rows 30 to 59 of 120, columns 0 to 66 of 120]
9220.2 9213.73 9220.06 9227.66 9237.6 9242.94 9250.3 9259.14 9268.23 9276.66 9276.43 9276.85 9274.97 9273.69 9277.33 9282.16 9282.33 9274.85 9267.01 9253.91 9244.97 9239.42 9228.58 9221.69 9226.34 9234.59 9244.38 9255.84 9261.63 9260.92 9259.52 9256.83 9254.3 9250.12 9247.09 9241.59 9242.74 9247.01 9251.91 9249.83 9247.59 9253.84 9250.73 9250.98 9247.14 9238.92 9230.86 9222.93 9217.82 9216.78 9228.86 9256.31 9274.23 9279.98 9285.9 9292.76 9297.9 9301.88 9304 9305.09 9305.73 9305.44 9287 9289.04 9293.13 9296.79 9298.1
9233.97 9230.89 9228.06 9226.91 9231.38 9237.71 9245.01 9252.79 9261.35 9265.79 9262.77 9259.36 9261.17 9265.96 9273.21 9280.42 9281.5 9275.41 9269.42 9260.98 9255.51 9248.77 9236.53 9224.14 9224.08 9226.64 9228.61 9225.91 9240.93 9251.19 9251.66 9253.23 9248.61 9246.05 9246 9238.19 9241.01 9239.49 9242.1 9242.61 9235.8 9252.13 9249.43 9244.7 9240.52 9233.11 9225.45 9216.93 9208.71 9202.92 9206.66 9240.06 9269.97 9273.49 9285.84 9292.22 9297.68 9300.81 9302.1 9302.16 9299.23 9286.84 9281.13 9285.43 9291.07 9296.25 9300.6
9242.14 9245.5 9239.84 9230.13 9226.1 9232.04 9239.66 9247.57 9254.78 9258.05 9251.2 9239.12 9245.94 9255.61 9265.9 9275.68 9279.57 9269.04 9264.63 9264.58 9264.61 9259.23 9249.71 9237.3 9224.71 9222.82 9223.51 9228.95 9237.22 9250.38 9262.82 9258.99 9241.52 9235.44 9243.72 9243.8 9243.81 9247.06 9242.39 9240.31 9239.96 9254.06 9249.93 9236.16 9235.65 9230.55 9222.52 9212.88 9202.62 9192.49 9184.93 9224.15 9265.81 9277.31 9286.61 9293.47 9297.6 9300.58 9302.12 9300.92 9297.56 9294.57 9285.48 9289.73 9293.17 9294.16 9294.17
9257.35 9261.7 9260.2 9245.27 9227.76 9229.8 9236.67 9243.37 9247.29 9248.73 9238.03 9226.87 9229.33 9244.2 9256.8 9267.07 9270.66 9264.81 9261.55 9265.28 9263.24 9257.44 9249.63 9230.79 9226.62 9224.58 9220.59 9214.01 9236.36 9250.5 9259.27 9257.83 9234.2 9225.78 9242.12 9242.68 9244.26 9246.33 9245.88 9244.5 9245.12 9258.65 9249.9 9247.57 9239.31 9230.49 9222.55 9212.77 9204.03 9196.42 9195.53 9224.6 9259.37 9280.94 9286.45 9292.66 9298.46 9301.49 9302.84 9302.12 9300.15 9302.3 9301.65 9300.3 9301.59 9299.32 9296.59
9280.94 9274.85 9267.38 9250.11 9229.57 9228.89 9233.61 9238.78 9242.57 9242.09 9234.85 9219.5 9224.17 9237.6 9249 9257.94 9262.55 9256.48 9254.92 9254.46 9257.74 9256.01 9248.86 9238.71 9235.73 9232.54 9231.33 9234.21 9242.01 9253.14 9260.47 9259.14 9238.53 9231.6 9246.68 9240.78 9240.47 9239.8 9240.56 9252.37 9269.98 9257.06 9245.75 9247.75 9239.6 9230.47 9222.79 9216.21 9210.61 9209.15 9218.43 9229.63 9249.8 9266.08 9282.08 9292.62 9298.94 9302.03 9303.54 9304.75 9305.01 9310.2 9310 9312.46 9316.85 9321.69 9323.37
9287.21 9270.51 9251.75 9233.82 9223.21 9228.78 9233.49 9237.25 9240.64 9241.94 9238.78 9235.35 9234.73 9238.43 9243.46 9247.96 9248.51 9249.47 9248 9248.96 9255.28 9257.05 9254.41 9249.59 9244.19 9243.11 9243.55 9245 9250.92 9257.93 9264.85 9256.59 9241.97 9236.94 9231.97 9233.02 9234.06 9240.02 9241.63 9244.94 9250.46 9246.79 9244.82 9244.28 9238.03 9231.95 9227.15 9222.97 9219.43 9217.4 9220.64 9233.26 9242.86 9266.87 9284.48 9295.79 9302.42 9306.37 9309.19 9311.24 9307.85 9311.95 9316.73 9323.82 9334.66 9343.74 9354.77
9260.16 9254.6 9239.74 9232.04 9231.46 9232.53 9235.23 9239.28 9242.65 9245.52 9246.2 9244.74 9242.39 9239.96 9239.51 9239.41 9238.88 9237.84 9244.53 9254.6 9256.29 9257.38 9258.43 9263.61 9254.61 9251.22 9253.43 9255.2 9255.63 9257.71 9258.06 9245.51 9234.6 9225.72 9224.55 9220.31 9222 9215.11 9218.48 9229.26 9232.54 9250.57 9254.48 9237.32 9236.58 9234.02 9231.83 9230.95 9231.99 9228.91 9229.52 9247.51 9262.52 9281.11 9291.74 9301.88 9307.61 9313.2 9317.33 9321.05 9328.21 9334.12 9333.2 9336.27 9348.74 9368.48 9373.96
9253.06 9246.1 9239.09 9236.6 9238.38 9236.11 9236.61 9240.65 9245.67 9249.21 9249.18 9245.02 9243.09 9241.95 9238.17 9232.84 9225.57 9226.35 9231.07 9246.8 9252.14 9256.21 9256.66 9250.09 9252.02 9254.44 9257.63 9257.86 9256.04 9254.02 9251.13 9241.54 9229.57 9220.39 9221.55 9224.43 9223.95 9225.29 9217.76 9222.81 9230.51 9249.61 9256.28 9243.65 9237.09 9235.54 9235.91 9238.81 9247.08 9263.24 9269.62 9271.71 9289.25 9297.85 9306.69 9312.2 9317.59 9324.83 9329.19 9333.21 9343.7 9352.85 9356.05 9348.18 9349.34 9360.53 9376.97
9254 9246.62 9239.39 9237.32 9236.9 9230.81 9236.33 9243.25 9247.82 9252.51 9255.96 9259.17 9254.07 9247.5 9240.05 9231.66 9225.1 9229.93 9232.4 9237.95 9255.21 9256.8 9257.57 9255.27 9247.75 9256.4 9265.36 9260.92 9254.44 9247.45 9239.02 9228.46 9226.34 9230.41 9229.82 9226.76 9228.36 9240.87 9223.71 9207.68 9218.51 9236.1 9246.31 9236.29 9234.21 9234.74 9237.68 9241.84 9250.59 9269.66 9281.65 9279.25 9285.15 9297.95 9310.76 9319.58 9332.83 9340.74 9340.98 9340.33 9340.07 9355.86 9364.04 9357.37 9346.74 9340.41 9362.53
9260.97 9249.75 9241.21 9234.29 9225.52 9229.49 9239.17 9245.08 9250.64 9255.6 9262.64 9265.52 9262.84 9253.96 9245.49 9238.09 9236.13 9243.4 9248.62 9248.76 9250.28 9259.46 9261.91 9262.62 9262.7 9256.54 9254.92 9253.51 9249.61 9243.61 9232.75 9225.76 9223.75 9231.85 9236.3 9231.7 9228.55 9230.95 9212.3 9178.75 9203.11 9228.28 9234.15 9231.26 9233.72 9235.2 9237.39 9237.49 9239.15 9239.96 9257.46 9274.35 9285.36 9292.37 9300.42 9326.64 9351.93 9367.62 9371 9364.15 9353.62 9372.53 9384.61 9375.31 9358.87 9352.99 9365.49
9269.61 9250.28 9238.15 9236.2 9237.89 9244.41 9246.09 9248.88 9253.2 9258.34 9261.63 9273.59 9269.97 9260.71 9251.5 9246.57 9251.52 9257.23 9258.07 9264.71 9263.83 9266.58 9268.35 9269.29 9262.72 9251.18 9244.92 9246.07 9245.85 9243.75 9238.6 9220.01 9213.47 9222.03 9236.96 9242.2 9239.34 9220.79 9215.77 9195.68 9166.24 9212.24 9225.44 9228.61 9231.03 9231.42 9229.4 9232.87 9237.67 9245.32 9258.83 9279.64 9292.76 9300.21 9308.2 9348.09 9381.55 9402.48 9413.08 9415.71 9389.03 9430.81 9422.15 9386.62 9387.98 9388.7 9403.84
9271 9250.19 9239.58 9240.17 9245.71 9254.04 9254.21 9254.75 9256.67 9261.95 9272.7 9279.36 9273.34 9264.64 9256.2 9248.87 9250.69 9260.37 9268.67 9273.58 9272.59 9272.99 9272 9269.67 9255.34 9244.39 9243.07 9241.48 9242.5 9242.38 9238.29 9215.52 9211.44 9237.49 9244.6 9242.31 9238.48 9233.32 9226.03 9211.01 9157.31 9191.28 9214.95 9223.78 9226.4 9230.31 9234.21 9235.65 9240.34 9257.05 9278.76 9303.44 9317.37 9320.78 9354.61 9397.93 9420.48 9437.6 9460.21 9493.67 9527.06 9527.17 9539.42 9460.02 9442.08 9442.6 9454.88
9270.45 9250.82 9242.29 9244.29 9248.84 9256.31 9258.31 9256.67 9255.54 9257.23 9266.94 9279.19 9270.33 9264.65 9260.03 9256.08 9258.9 9262.44 9253.26 9279.49 9279.04 9276.34 9272.71 9267.33 9254.51 9239.6 9236.61 9238.29 9240.24 9240.11 9234.08 9222.2 9225.86 9242.6 9232.45 9232.63 9221.43 9213.76 9220.93 9202.47 9159.15 9177.96 9212.54 9210.69 9221.65 9231.04 9234.75 9242.13 9248.96 9263.83 9302.53 9346.22 9385.87 9432.54 9461.26 9471.25 9460.37 9456.37 9481.08 9545.21 9583.46 9584.3 9580.74 9547.04 9483.67 9465.5 9485.04
9277.82 9254.82 9247.56 9251.18 9257.83 9262.62 9264.63 9260.77 9255.18 9247.82 9243.23 9250.9 9259.2 9262.82 9264.89 9265.93 9266.63 9266.57 9277.35 9279.04 9283.17 9278.72 9272.1 9262.95 9243.61 9235.71 9234.97 9237.84 9240.24 9240.54 9235.37 9228.5 9230.15 9234.28 9215.69 9220.68 9212.61 9191.02 9209.52 9194.12 9146.83 9156.4 9175.43 9187.71 9208.6 9231.68 9250.7 9266.7 9274.35 9284.95 9336.69 9392.41 9450.82 9492.79 9557.51 9535.16 9467.39 9428.6 9431.81 9481.91 9539.48 9562.15 9615.6 9627.24 9570.59 9526.75 9505.39
9281.43 9253.79 9251 9258.84 9271.28 9280.83 9273.64 9266.51 9258.7 9248.84 9241.86 9243.22 9253.07 9261.66 9269.45 9277.51 9274.39 9272.85 9279 9287.03 9285.09 9278.08 9270.16 9262.11 9254.28 9240.18 9236.92 9238.47 9240.64 9241.79 9236.93 9226.58 9220.66 9219.67 9199.45 9206.64 9213.23 9197.96 9185.41 9174.6 9146.72 9137.27 9142.63 9165.89 9202.88 9240.98 9278.56 9307.38 9322.8 9341.52 9374.52 9420.75 9485.92 9597.97 9605.34 9508.55 9395.15 9342.79 9319.82 9297.26 9348.28 9443.81 9549.14 9628.92 9620.43 9618.57 9615.09
9276.07 9252.84 9255 9264.93 9276.49 9282.74 9277.27 9271.51 9265.38 9259.73 9258.13 9257.44 9255.81 9264.05 9272.48 9279.25 9282.04 9282.7 9282.3 9284.45 9281.23 9273.13 9265.35 9257.61 9248.64 9237.93 9235.87 9237.33 9240.12 9242.07 9235.76 9224.08 9212.37 9205.24 9190.6 9197.29 9194.21 9185.9 9160.61 9148.08 9137.72 9136.73 9140.28 9158 9208.15 9261.85 9314.1 9359.93 9373.7 9381.56 9395.67 9405.53 9426.89 9448.06 9368.1 9263.67 9230.59 9207.98 9198.15 9198.14 9224.51 9278.04 9333.72 9406.61 9489.02 9510.98 9553.14
9268.46 9257.51 9261.79 9270.46 9279.59 9279.11 9280.57 9275.51 9270.2 9269.51 9267.67 9258.42 9260.42 9269.44 9276.82 9282.19 9284.22 9280.8 9281.53 9281.56 9275.44 9268.17 9259.65 9251.84 9243.81 9234.02 9234.22 9234.51 9237.11 9240.69 9235.01 9224.65 9212.72 9211.5 9213.32 9205.22 9195.49 9180.86 9164.9 9145.93 9138.82 9140.43 9137.98 9164.41 9226.98 9293.71 9357.53 9420.66 9470.86 9450.2 9396.78 9347.4 9299.64 9234.47 9131.46 9048.33 9052.46 9054.4 9066.7 9110.65 9103.26 9107.63 9117.74 9146.84 9207.5 9251.63 9335.57
9268.23 9267.32 9269.42 9275.87 9285.46 9298.72 9291.16 9277.96 9268.49 9266.61 9264.87 9269.69 9273.61 9280.8 9286.3 9288.15 9291.58 9290.31 9287.82 9285.41 9274.3 9259.69 9250.67 9243.2 9237.34 9233.69 9228.15 9227.07 9228.19 9232.15 9230.1 9226.73 9227.23 9220.53 9211.01 9201.39 9168.64 9160.79 9148.04 9143.12 9156.11 9140.95 9142.29 9182.95 9259.61 9322.76 9375.92 9439.21 9533.29 9469.27 9351.21 9254.07 9160.61 9056.47 8964.48 8922.12 8902.69 8900.3 8904.25 8913.21 8935.55 8950.58 8965.65 8986.27 9112.51 9173.8 9233.92
9273.35 9276.04 9275.06 9278.7 9284.64 9287.93 9288.05 9275.95 9264.55 9256.93 9275.36 9291.64 9293.18 9294.35 9297.77 9301.02 9300.01 9302.31 9292.21 9270.93 9248.87 9248.49 9239.99 9229.81 9221.01 9211.82 9214.81 9216.88 9217.57 9216.02 9222.9 9224.96 9221.87 9216.1 9198.65 9186.7 9174.53 9166.4 9155.45 9147.52 9151.41 9142.45 9178.4 9250.41 9313.47 9345.4 9363.83 9378.27 9374.41 9331.48 9242.88 9141.88 9031.25 8913.69 8819.25 8777.24 8771.11 8761.14 8752.25 8743.15 8781.87 8814.09 8853.68 8909.8 8993.92 9057.62 9128.59
9269.72 9272.48 9273.94 9277.06 9278.78 9281.55 9275.89 9272.78 9268.37 9269.24 9300.41 9313.32 9310.46 9301.65 9297.74 9296.2 9292.6 9281.62 9263.2 9262.27 9259.15 9246.62 9232.2 9217.24 9204.22 9198.13 9199.67 9206.51 9213.34 9215.64 9222.7 9227.13 9227.33 9227.03 9208.31 9192.35 9180.16 9173.78 9154.55 9154.39 9167.98 9209.14 9277.08 9382.79 9392.09 9377.04 9337.69 9287.26 9228.7 9181.2 9112.68 9018.73 8917.33 8817.87 8752.12 8711.51 8673.33 8641.11 8620.07 8622.18 8649.14 8685.45 8733.91 8798.5 8864.17 8898.4 8980.58
9265.19 9268.97 9271.29 9270.89 9271.4 9271.6 9268.47 9271.44 9278.36 9293.41 9310.86 9315.85 9310.78 9298.6 9290.35 9288.49 9286.32 9275.42 9277.54 9273.1 9271.71 9248.04 9226.6 9205.94 9185.21 9173.65 9185.17 9196.29 9211.7 9223.55 9223.08 9231.04 9244.36 9245.25 9218.61 9196.05 9186.4 9169.7 9153.54 9163.39 9223.56 9319.56 9374.96 9468.57 9456.3 9391.87 9302.7 9199.47 9101.68 9052.79 8987.14 8906.64 8817.46 8729.4 8656.34 8623.79 8587.42 8546.48 8507.66 8498.99 8538.94 8575.89 8614.53 8668.56 8757.57 8770.83 8844.15
9284.96 9277.67 9270.9 9266.57 9264.55 9265.37 9263.94 9267.54 9279.55 9292.37 9302.05 9304.16 9297.58 9288.33 9281.41 9282.94 9289.17 9304.88 9285 9272.95 9259.24 9240.41 9220.29 9198.45 9175.97 9162.31 9174.34 9180.37 9192.32 9204.09 9207.33 9220.39 9235.7 9237.31 9230.47 9212.89 9191.02 9169.83 9156.62 9171.69 9273.83 9380.5 9436.85 9543.06 9503.16 9392.97 9265.35 9138.12 9028.48 8959.15 8894.38 8818.7 8738.15 8657.71 8590.33 8541.74 8506.96 8476.67 8443.73 8434.61 8458.82 8484.24 8502.02 8506.3 8568.91 8595.3 8696.75
9307.07 9286.78 9274.39 9266.14 9258.29 9252.85 9249.58 9253.72 9271.4 9285.07 9281.09 9280.34 9275.22 9276.76 9283.03 9283.54 9284.35 9280.62 9279.26 9268.66 9244.17 9234.81 9217.55 9196.85 9178.26 9164.08 9159.67 9164.69 9161.62 9166.37 9179.08 9192.71 9221.95 9255.27 9241.36 9213.71 9193.02 9171.9 9144.63 9193.22 9327.15 9416.05 9436.72 9534.27 9513.03 9364.96 9218.03 9086.03 8979.64 8893.72 8826.67 8751.64 8675.58 8600.73 8531.79 8489.57 8460.65 8433.9 8413.05 8405.07 8411.08 8420.91 8427.19 8429.78 8453.43 8468.89 8578.92
9303.54 9289.13 9278.99 9268.48 9254.62 9238.29 9224.37 9232.96 9237.93 9237.2 9247.96 9256.51 9259.48 9262.48 9270.67 9277.66 9282.77 9284.92 9287.61 9273.75 9263.98 9241.29 9218.13 9200.14 9185.33 9170.16 9161.63 9164.16 9164.98 9160.35 9156.57 9152.85 9190.58 9241.73 9237.32 9205.69 9188.86 9168.44 9135.49 9227.96 9356.44 9436.27 9485.4 9544.46 9443.65 9290.17 9147.51 9016.27 8914.98 8837.7 8770.78 8701.56 8631.91 8561.31 8498.96 8465.93 8442.29 8408.89 8380.94 8376.84 8383.67 8386.91 8388.19 8393.09 8389.81 8415.74 8505.16
9302.13 9292.55 9284.23 9274.37 9261.09 9241.75 9224.87 9229.58 9223.63 9216.85 9229.42 9240.11 9244.33 9247.3 9252.84 9272.95 9287.01 9297.35 9292.45 9272.55 9251.93 9232.36 9219.18 9208.34 9195.86 9187.54 9178.24 9174.93 9167.18 9157.38 9149.13 9149.41 9185.56 9238.58 9233.16 9203.92 9179.94 9159.4 9140.46 9279.93 9395.72 9452.17 9484.53 9431.09 9272.01 9184.98 9076.71 8955.61 8865.29 8803.52 8736.4 8664.91 8596.13 8533.1 8478.51 8445.25 8427.62 8396.96 8365.63 8369.5 8376.22 8376.72 8372.23 8365.51 8381.82 8410.96 8461.77
9310.27 9300.85 9292.89 9283.94 9273.81 9265.15 9260.74 9258.39 9247.94 9239.49 9236.23 9235.67 9236.42 9240.39 9255.78 9274.46 9293.08 9298.19 9290.15 9267.98 9235.37 9219.09 9226.59 9223.19 9217.33 9216.52 9215.24 9188.57 9171.93 9157.47 9150.19 9155.18 9186.68 9223.1 9224.32 9203.3 9177.4 9148.1 9136.8 9276 9398.69 9430.37 9406.16 9291.84 9167.92 9118.01 9037.64 8939.12 8854.3 8787.33 8714.9 8646.03 8580.27 8514.63 8453.72 8413.95 8408.03 8400.18 8397.63 8394.24 8393.23 8386.05 8375.91 8370.48 8380.89 8400.97 8431.71
9331.97 9317.61 9306.87 9297.89 9291.27 9291.23 9301.24 9284.69 9270.43 9266.09 9249.23 9238.39 9230.54 9235.55 9255.46 9277.94 9296.22 9297.05 9284.94 9272.83 9256.64 9247.24 9248.16 9245.36 9233.18 9226.79 9212.39 9186.37 9167.29 9154.53 9149.18 9159.69 9185.18 9215.92 9229.49 9212.03 9193.05 9160.45 9142.38 9188.32 9335.6 9377.69 9366.33 9296.83 9190.67 9114.59 9039.98 8957.75 8867.93 8785.12 8708.38 8639.73 8574.87 8513.12 8456.02 8414.49 8390.85 8413.46 8433.43 8430.94 8423.24 8410.26 8395.75 8380.26 8368.27 8368.85 8404.35
9361.01 9338.07 9322.23 9311.35 9303.86 9299.88 9293.82 9286.62 9283.28 9267.94 9255.55 9246.36 9236.93 9244.03 9269.74 9281.62 9293.59 9289.09 9286.69 9287.42 9285.67 9284.82 9273 9268.88 9257.63 9217.39 9184.83 9173.41 9161.55 9151.09 9143.78 9149.28 9179.74 9215.27 9245.12 9248.68 9227.44 9198 9177.23 9159.47 9231.54 9314.55 9372.43 9371.14 9242.76 9134.74 9046.65 9006.41 8871.54 8782.69 8705.36 8635.61 8575.08 8520.69 8476.73 8444.04 8416.48 8445.45 8470.69 8470.07 8461.54 8444.81 8418.64 8390.62 8365.98 8349.39 8387
9379.34 9353.42 9335.01 9321.64 9311.9 9303.47 9292.66 9286.93 9275.26 9257.33 9259.24 9258.96 9261.9 9269.5 9280.44 9283.08 9284.09 9290.22 9302.46 9303.17 9302.7 9295.87 9282.87 9269.13 9246.42 9204.09 9173.47 9166.87 9161.1 9150.07 9141.36 9144.43 9175.9 9211.04 9246.45 9250.63 9246.9 9233.68 9198.68 9153.12 9162.68 9283.41 9392.79 9444.23 9315.29 9144.69 9010.29 8892.64 8830.29 8759.79 8691.35 8630.83 8576.22 8528.98 8491.93 8468.49 8467.24 8490.21 8510.18 8506.91 8499.7 8488.04 8458.29 8417.74 8379.5 8349.7 8381.5
9392.03 9365.25 9346.55 9331.64 9318.76 9307.92 9294.43 9278.18 9267.09 9268.93 9266.87 9269.59 9278.52 9290.08 9286.23 9287.64 9289.54 9311.71 9317.58 9315.14 9309.69 9303.32 9278.68 9248.12 9220.82 9191.21 9163.75 9160.12 9158.54 9150.83 9148.47 9156.26 9174.94 9196.82 9211.6 9235.88 9252.56 9264.29 9227.31 9166.23 9164.21 9275.96 9407.93 9489.97 9351.88 9154.1 8988.86 8860.08 8796.36 8740.88 8685.73 8631.51 8582.22 8541.13 8504.97 8481.21 8482.22 8509.65 8530.5 8526.91 8525.82 8529.13 8531.96 8473.88 8409.93 8373.58 8393.2
