real_craters/C083-300m.grd
DSAA
199 199
-29.6625 29.6625
-29.6625 29.6625
8349.0709404908 9724.919195908
[rows 150 to 179 of 199, columns 67 to 133 of 199]
9070.46 9065.56 9058.52 9046.92 9029.06 9034.76 9042.2 9047.66 9052.37 9055.74 9058.29 9059.75 9059.36 9052.06 9050.57 9048.28 9045.65 9042.33 9039.26 9035.98 9032.88 9029.67 9026.36 9019.64 9011.54 9004.4 8997.86 8991.75 8986.78 8983.12 8974.24 8975.71 8974.68 8965.66 8961.73 8966.69 8974.26 8984.61 8997.07 9009.62 9022.87 9036.05 9049.04 9061.46 9073.14 9082.58 9083.49 9082.17 9084.6 9079.36 9070.68 9061.15 9053.64 9057.69 9055.42 9053.45 9057.05 9061.87 9067.11 9073.11 9078.29 9078.58 9077.89 9074.89 9071.67 9074.84 9074
9080.66 9072.56 9062.66 9047.14 9035.57 9040.48 9046.76 9051.81 9056.79 9061.11 9064.46 9067.49 9069.81 9060.47 9057.74 9053.18 9048.82 9044.43 9040.32 9036.92 9034.7 9032.72 9029.39 9022.79 9014.45 9006.83 9000.32 8994.56 8990.95 8991.72 8999.41 9002.3 8992.45 8973.11 8964.4 8966.49 8973.87 8983.35 8995 9007.33 9020.35 9032.78 9045.14 9055.96 9065.97 9073.83 9077.18 9078.04 9081.9 9076.54 9065.23 9050.45 9030.17 9008.07 9022.31 9038.04 9048.46 9056.18 9062.22 9066.98 9069.62 9070.78 9068.46 9060.46 9054.92 9062.24 9065.8
9087.22 9078.5 9071.46 9067.78 9060.84 9055.14 9055.42 9057.62 9060.16 9064.75 9068.26 9072.3 9077.22 9076.27 9065.92 9058.08 9051.53 9045.56 9040.72 9036.7 9034.35 9033.75 9032.83 9024.26 9016.07 9009.2 9003.63 8998.53 8994.94 8992.59 8994.59 9008.67 9012.33 8986.53 8967.37 8967.18 8973.78 8982.98 8993.73 9004.88 9015.96 9028.3 9039.98 9049.89 9058.01 9063.63 9070.43 9076.62 9078.48 9073.58 9062.4 9047.69 9027.91 9001.24 9016.41 9031.59 9042.58 9051.34 9058.21 9063.12 9065.47 9068.74 9068.23 9061.24 9055.91 9060.36 9064.78
9085.34 9078.27 9075.44 9076.3 9073.2 9066.69 9063.56 9062.65 9063.47 9065.67 9069.62 9072.56 9075.08 9074.23 9067.64 9060.1 9052.65 9045.02 9038.91 9033.54 9029.76 9028.01 9028.5 9021.28 9014.54 9009.74 9006.48 9002.34 8997.99 8994.48 8995.99 9004.63 9007.29 8988.08 8968.11 8966.06 8972.03 8979.58 8990.94 9002.4 9013.97 9026.59 9036.98 9045.91 9052.78 9056.31 9065.33 9071.52 9074.74 9071.37 9061.35 9051.2 9046.27 9045.46 9033.89 9034.29 9040.71 9048.5 9056.27 9062.96 9068.17 9074 9077.26 9077.72 9071.33 9063.64 9059.45
9072.9 9069.45 9070.55 9074.22 9073.67 9070.71 9067.85 9065.68 9064.93 9065.7 9068.38 9070 9070.32 9067.8 9066.02 9059.91 9052.07 9043.58 9035.46 9028.15 9021.59 9015.61 9012.66 9013.18 9012.15 9010.86 9009.29 9007.02 9003.33 8996.69 8993.05 8993.56 8983.14 8977.05 8966.53 8963.95 8969.3 8977.74 8987.59 8998.55 9009.2 9020.18 9031.78 9043.18 9054.25 9061.61 9063.87 9066.39 9070.06 9068.03 9057.54 9048.58 9047.05 9050.86 9038.14 9035.24 9039.33 9046.63 9055.51 9064.92 9073.78 9081.38 9087.82 9092.68 9082.37 9064.62 9050.16
9051.77 9055.43 9060.61 9065.01 9070.36 9070.98 9068.7 9066.27 9064.79 9065.17 9065.28 9066.47 9067.9 9069.55 9067.19 9059.74 9050.4 9040.99 9031.87 9022.74 9013.7 9005.69 9003.36 9006.49 9008.13 9009.88 9010.99 9011.47 9010.6 9005.8 8999.19 8989.91 8977.56 8969.87 8960.85 8963.08 8970.04 8978.94 8988.12 8998.27 9007.99 9017.33 9029.18 9039.26 9051.56 9059.93 9060.04 9060.29 9063.7 9062.52 9047.12 9036.8 9028.1 9022.84 9027.56 9029.89 9035.2 9043.71 9054.17 9066.03 9077.96 9088.24 9093.78 9093.86 9081.23 9060.94 9043.57
9039.15 9044.26 9050.82 9061.82 9073.67 9070.45 9066.89 9063.86 9063.01 9062.24 9062.12 9062.03 9064.08 9068.74 9067.22 9057.44 9047.78 9038.26 9028.53 9018.66 9008.76 9000.42 8999.24 9003.09 9009.53 9014.39 9018.24 9021.42 9023.73 9025.72 9017.21 9001.28 8989.01 8979.73 8964.55 8966.26 8972.14 8980.75 8988.56 8993.66 9001.91 9011.13 9021.85 9032.77 9042.86 9049.25 9051.49 9049.76 9044.15 9033.27 9027.99 9022.05 9016.95 9014.4 9016.64 9021.12 9028.65 9038.24 9050.19 9064.24 9079.79 9091.65 9094.96 9091.89 9075.71 9053.37 9032.85
9041.11 9039.79 9041.74 9049.04 9067.34 9065.79 9062.71 9060.19 9058.71 9057.28 9056.75 9055.83 9056.02 9057.83 9059.22 9050.48 9043.04 9034.83 9025.85 9016.18 9006.3 8998.57 8998.92 9004.96 9012.49 9019.39 9025.56 9030.56 9034.84 9036.05 9031.25 9030.92 9030.74 9000.2 8978.45 8976.35 8980.48 8985.31 8990.02 8994.99 9000.33 9006.25 9014.28 9024.04 9034.45 9040.56 9042.6 9041.47 9032.62 9015.88 9012.6 9007.54 9004.11 9002.66 9005.07 9010.6 9019.53 9029.9 9042.32 9056.77 9072.85 9085.94 9089.96 9087.67 9067.87 9044.6 9024.75
9048.37 9042.93 9036.57 9037.85 9058.01 9055.87 9054.81 9054.22 9053.42 9052.35 9051.08 9049.47 9046.41 9041.79 9038.83 9040.72 9037.56 9031.48 9024.41 9016.09 9007.36 8999.58 9001.91 9008.9 9015.32 9022.51 9029.08 9035.77 9040.91 9050.82 9035.95 9024.06 9013.3 9004.44 8995.3 8991.97 8991.84 8992.46 8993.41 8994.88 8997 9000.37 9005.47 9012.27 9019.94 9027.79 9032.91 9036.02 9036.76 9021.81 9006.3 8993.71 8986.18 8986.3 8991.97 8999.54 9008.2 9018.75 9030.08 9043.04 9058.37 9072.77 9074.61 9070.52 9054.74 9034.47 9017.57
9067.59 9053.49 9039.05 9029.09 9033.68 9041.2 9045.44 9047.75 9048.42 9047.81 9045.55 9043.18 9040.16 9037.12 9034.79 9036.11 9033.75 9029.34 9024.05 9018.59 9012.94 9008.36 9009.64 9014.03 9020.79 9027.27 9033.44 9039.48 9042.77 9041.64 9032.72 9017.45 9010.19 9011.84 9012.77 9008.43 9003.42 8999.65 8996.42 8993.61 8991.93 8991.78 8993.71 8998.76 9005.75 9012.98 9020.87 9028.18 9026.68 9017.64 8997.37 8979.59 8966.7 8970.45 8979.2 8988.35 8997.97 9006.84 9015.44 9024.01 9032.33 9039.7 9047.3 9050.64 9037.98 9022.9 9010.64
9076.1 9065.14 9052.78 9038.55 9025.64 9032.95 9040.1 9043.99 9044.41 9043.9 9041.89 9039.2 9036.54 9036.88 9040.47 9035.23 9031.21 9027.96 9024.98 9022.44 9020.87 9020.22 9019.75 9022.06 9025.72 9030.86 9036.43 9041.98 9045.7 9045.86 9038.62 9033.85 9034.77 9035.49 9028.16 9021.01 9014.01 9006.24 8998.93 8992.01 8985.64 8981.36 8978.46 8981.17 8990.51 8994.89 9004.16 9017.46 9033.7 9010.5 8985.24 8968.06 8956.24 8961.62 8970.47 8979.67 8986.95 8995.68 9001.48 9005.2 9005.45 9001.42 9016.34 9025.34 9018.18 9008.81 9002.45
9080.21 9074.87 9069.61 9056.92 9038.35 9037.8 9042.12 9044.21 9044.32 9042.76 9039.99 9036.57 9033.16 9031.76 9031.69 9029.43 9027.63 9026.53 9025.94 9025.76 9026.56 9028.18 9026.87 9027.89 9031.36 9035.6 9040.28 9044.88 9048.29 9047.97 9043.98 9044.02 9048.48 9047.19 9041.27 9034.21 9024.05 9012.54 9002.13 8991.81 8981.29 8970.89 8960.48 8953 8954.85 8965.65 8979.69 8994.77 9004.62 8989.2 8969.87 8960.89 8955.34 8960 8966.06 8971.55 8978.12 8983.13 8986.55 8988.87 8988.65 8989.15 8996.85 9000.99 8996.69 8989.4 8984.89
9081.27 9079.98 9079.45 9070.48 9055.63 9050.99 9050.53 9049.82 9047.48 9044.52 9040.48 9035.71 9030.92 9025.24 9018.74 9020.17 9023.45 9025.45 9027.06 9028.21 9028.54 9028.63 9030.2 9030.99 9033.41 9036.47 9040.3 9044.98 9049.59 9049.2 9043.92 9040.61 9044.69 9046.57 9047.03 9044.51 9030.26 9017.74 9005.49 8992.96 8979.44 8963.33 8945.9 8924.64 8915.38 8935.05 8953.24 8966.96 8973.58 8965.4 8956.64 8958.02 8960.41 8961.45 8963.31 8966.61 8969.39 8971.33 8973.81 8974.69 8975.15 8977.88 8981.44 8981.76 8977.35 8971.25 8968.47
9082.41 9082.38 9082.82 9078.6 9073.03 9067.2 9061.6 9057.41 9053.38 9048.83 9043.32 9037.12 9030.52 9022.54 9015.47 9016.31 9021.29 9025.18 9028.48 9031.25 9032.29 9031.94 9032.6 9032.45 9033.19 9034.77 9037.79 9041.61 9046.05 9046.16 9042.03 9041.56 9043.52 9044.54 9044.03 9039.98 9029.96 9018.64 9006.37 8993.25 8979.03 8962.59 8942.49 8916.87 8904.21 8920.21 8933.88 8942.57 8946.56 8944.83 8945.53 8956.7 8963.54 8962.99 8960.85 8960.8 8961.08 8961.72 8962.19 8962.42 8962.23 8960.89 8961.23 8964.41 8961.6 8958.35 8959.33
9085.58 9085.2 9083.68 9082.74 9080.45 9076.35 9071.85 9066.09 9060.28 9053.92 9047.58 9040.53 9033.21 9025.29 9018.92 9017.45 9022.32 9026.11 9029.85 9034.18 9038.82 9037.8 9033.92 9032.32 9031.84 9032.56 9034.17 9036.23 9037.21 9038.7 9039.3 9039.55 9040.2 9038.81 9038.93 9034.57 9026.23 9017.58 9007.14 8994.93 8981.84 8967.52 8952.79 8937.95 8925.59 8923.35 8924.15 8923.98 8923.07 8924.89 8934.06 8955.4 8965.95 8961.42 8956.45 8953.82 8952.82 8953.02 8952.54 8952.53 8952.7 8954.49 8956.71 8953.51 8949.46 8946.89 8952.02
9087.25 9086.67 9084.12 9086.01 9088.02 9087.27 9081.42 9073.67 9066.23 9058.61 9051.37 9044.27 9037.39 9030.68 9026.21 9023.93 9025.45 9027.02 9029.34 9033.06 9038.39 9036.07 9030.93 9028.72 9027.76 9028.1 9029.07 9030.41 9031.61 9033.28 9036.36 9036.43 9038.12 9041.45 9037.9 9029.35 9024.41 9017.67 9007.89 8996.93 8985.49 8975 8966.08 8961.96 8949.07 8931.55 8920.41 8910.73 8899.67 8889.46 8909.7 8947.17 8960.97 8954.88 8949.06 8946.53 8944.75 8943.5 8942.33 8942.26 8943.31 8946.34 8948.17 8944.39 8940.54 8939.56 8949.35
9085.39 9085.51 9084.62 9088.47 9094.38 9096.66 9088.99 9080.12 9071.15 9062.8 9055.3 9048.61 9042.42 9037.2 9033.31 9030.26 9028.79 9027.39 9026.69 9027.33 9027.52 9026.04 9022.76 9020.66 9020.21 9021.08 9022.45 9024.75 9024.64 9028.3 9029.94 9029.02 9034.08 9038.67 9036.29 9032.16 9026.69 9019.37 9009.95 8999.85 8990.05 8980.98 8973.04 8965.88 8952.73 8934.7 8918.59 8903.97 8889.65 8878.71 8889.81 8930.51 8942.72 8940.06 8938.12 8937.41 8936.53 8934.91 8933.82 8933.01 8932.8 8934.31 8936.91 8935.45 8934.37 8936.63 8950.82
9079.4 9076.87 9081.65 9087.13 9094.44 9097.76 9092.12 9083.47 9074.17 9065.59 9057.97 9051.52 9047.79 9043.25 9039.5 9033.58 9031.26 9026.23 9020.9 9017.73 9018.12 9013.58 9010.81 9009.92 9010.3 9012.14 9015.31 9019.76 9021.39 9025.03 9025.55 9026.23 9027.63 9028.34 9030.32 9031.88 9028.76 9020.69 9010.99 9001.06 8992.04 8983.62 8975.61 8965.79 8951.81 8934.79 8918.13 8903.11 8890.89 8883.09 8883.71 8892.14 8911.85 8921.37 8924.72 8926.67 8927.1 8926.22 8925.59 8923.89 8921.89 8920.44 8923.24 8927.69 8931.79 8936.92 8952.94
9074.61 9065.58 9071.17 9081.73 9090.88 9095.54 9091.82 9083.57 9074.32 9065.83 9058.54 9052.64 9051.56 9047.67 9045.57 9042.39 9034.9 9024.06 9012.55 9002.51 8996.78 8996.18 8996.61 8997.96 8999.04 9001.78 9006.54 9013.65 9022.49 9020.88 9020.95 9020.24 9021.62 9023 9026.64 9031.25 9029.75 9020.19 9010.29 9000.45 8991.67 8983.09 8975.54 8967.24 8951.52 8934.35 8918.18 8904.13 8894.37 8893.24 8882.83 8878.62 8893.14 8906.02 8913.01 8916.01 8918.11 8917.61 8916.52 8914.74 8912.24 8909.04 8911.46 8925.41 8934.19 8942.27 8954.71
9074.14 9069.86 9067.59 9076.58 9086.18 9093.19 9089.12 9080.44 9071.3 9063.34 9056.63 9055.43 9051.36 9049.39 9048.54 9049.42 9036.12 9020.2 9003.45 8987.21 8976.55 8979.92 8983.48 8986.06 8988.28 8991.47 8994.84 8999.75 9004.97 9011.51 9016.24 9014.58 9015.43 9017.47 9020.72 9025.11 9024.12 9016.05 9006.48 8997 8988.08 8979.46 8971.12 8961.9 8948.05 8932.66 8917.71 8904.05 8893.06 8884.79 8880.97 8877.94 8887.5 8897.05 8903.43 8906.7 8908.47 8908.31 8907.77 8907.19 8907.14 8907.77 8920.03 8931.6 8938.9 8946.89 8954.03
9073.84 9069.68 9067.8 9071.46 9078.24 9084.66 9081.12 9073 9065.3 9058.49 9052.26 9051.15 9048.55 9046.41 9044.7 9043.3 9030.2 9013.53 8995.81 8978.44 8968.33 8970.35 8974.13 8976.97 8978.93 8980.47 8981.41 8983.21 8988.19 8997.08 9005.11 9005.02 9007.3 9010.56 9014.32 9017.33 9015.09 9009.06 9000.15 8991.26 8982.51 8973.51 8963.99 8954.65 8943.33 8930.78 8917.29 8903.82 8891.03 8880.42 8880.66 8885.57 8890.17 8895.17 8899.01 8900.99 8901.66 8901.66 8901.11 8901.41 8904.34 8911.78 8922.23 8932.55 8940.91 8947.77 8952
9069.33 9063.13 9061.73 9062.27 9065.45 9068.55 9066.43 9060.85 9055.29 9050.08 9048.14 9045.13 9042.2 9038.99 9034.5 9026.6 9017.1 9005.5 8990.24 8975.92 8967.73 8966.54 8968.15 8970.06 8971.1 8970.93 8969.54 8965.15 8967.76 8977.48 8984.96 8990.6 8997.13 9003.91 9009.03 9009.99 9009.66 8999.68 8991.52 8983.88 8975.82 8967.05 8956.55 8946.96 8939.51 8929.7 8918.7 8906.7 8894.02 8880.93 8880.66 8895.31 8893.94 8894.58 8895.08 8895.46 8895.17 8894.53 8893.94 8894.97 8899.16 8907.72 8919.42 8930.95 8940.9 8947.03 8949.79
9057.97 9050.89 9049.18 9048.7 9049.25 9050.35 9049.22 9046.01 9043.16 9041.8 9038.86 9036.15 9033.01 9029.24 9024 9018.25 9011.71 8998.6 8985.7 8974.81 8968.11 8965.06 8964.89 8965.21 8965.51 8965.36 8963.83 8962.06 8959.67 8959.03 8964.91 8975.16 8985.79 8995.71 9002.7 8999.36 8990.07 8986.81 8981.83 8976.04 8969.58 8962.46 8953.55 8944.88 8938.68 8930.75 8922.11 8912.37 8902.52 8892.86 8888.69 8894.97 8895.08 8894.72 8894.48 8893.02 8891.31 8889.85 8888.87 8889.51 8892.33 8898 8914.43 8931.16 8942.85 8947.56 8948.32
9041.18 9036.67 9034.63 9032.78 9031.83 9029.37 9027.22 9030.41 9031.35 9030.72 9028.33 9026.39 9022.37 9018.49 9013.27 9006.41 8999.45 8991.12 8981.01 8971.83 8966.84 8964.71 8964.04 8963.35 8963.17 8962.91 8961.52 8959.28 8955.4 8949.79 8948.61 8962.61 8975.13 8985.6 8991.77 8987.53 8980.13 8975.15 8971.94 8968.55 8964.21 8959.28 8954.68 8947.48 8939.76 8932.83 8926.05 8919.53 8914.43 8911.8 8909.16 8896.77 8899.11 8899.04 8897.66 8894.13 8891.06 8889.39 8887.12 8885.75 8887.85 8896.36 8915 8937.03 8945.84 8948.34 8946.78
9021.91 9015.5 9015.72 9016.26 9016.65 9016.1 9017.55 9018.53 9020.02 9019.45 9018.36 9015.82 9012.2 9008.18 9003.23 8996.56 8989.61 8984.34 8977.32 8969.81 8966.58 8965.19 8963.58 8963.25 8962.74 8961.93 8960.72 8958.74 8955.12 8952.53 8949.76 8957.19 8967.14 8975.4 8979.1 8976.18 8967.55 8964.55 8963.85 8961.71 8959.2 8956.16 8953.33 8947.27 8940.18 8934.36 8929.24 8925.35 8923.53 8924.75 8927.69 8915.04 8909.94 8906.58 8902.55 8898.39 8894.14 8890.63 8886.8 8883.44 8882.2 8889.81 8912.01 8934.05 8947.29 8947.24 8941.84
9006.65 9000.56 8999.35 9002.6 9005 9006.78 9007.75 9009.39 9010.9 9009.96 9009.44 9006.58 9002.88 8999.38 8994.22 8988.79 8984.31 8979.56 8975.97 8971.42 8968.59 8966.2 8964.54 8963.37 8962.48 8961.88 8960.96 8958.97 8955.18 8951.99 8950.04 8955.05 8962.2 8968.42 8971.44 8969.36 8963.86 8960.16 8958.2 8956.39 8954.04 8951.93 8949.09 8944.69 8939.4 8934.4 8930.25 8927.85 8927.73 8928.69 8927.64 8928.45 8920.54 8913.56 8907.64 8902.29 8897.84 8894.03 8889.73 8884.95 8879.6 8883.58 8910.54 8936.44 8950.61 8943.34 8931.99
8997.96 8994.31 8992.66 8994.02 8996.83 8998.98 9000.01 9003.16 9004.23 9003.13 9001.44 8998.34 8995.39 8991.51 8986.64 8981.22 8974.94 8974.63 8975.5 8976.31 8970.24 8966.38 8964.29 8962.77 8961.67 8961.56 8961.99 8959.96 8955.54 8949.41 8949.9 8954.54 8959.83 8964.24 8966.4 8965.07 8961.39 8957.43 8953.78 8951.42 8949.69 8947.58 8944.73 8941.48 8937.43 8933.54 8930.58 8928.65 8928.19 8928.69 8929.65 8930.48 8923.84 8917.1 8911.26 8906.02 8900.5 8896.28 8893.02 8890.27 8888.07 8893.23 8913.28 8936.2 8945.21 8930.96 8916.1
8995.95 8991.37 8988.47 8988.57 8992.13 8996.73 9000.18 9002.11 9000.89 8998.11 8995.03 8991.64 8988.81 8985.29 8980.71 8975.73 8970 8970.68 8972.76 8973.18 8969.45 8965.43 8962.8 8960.65 8958.98 8959.47 8961.83 8961.82 8957.47 8953.4 8952.67 8955.74 8959.09 8961.95 8963.8 8962.59 8956.8 8951.83 8949.25 8947.47 8945.61 8943.41 8941.63 8938.49 8935.49 8932.56 8930.11 8928.05 8926.83 8926.57 8927.12 8925.49 8921.41 8916.41 8911.27 8905.43 8901.15 8897.88 8895.81 8896.54 8901.37 8905.44 8910.69 8923.29 8921.09 8908.9 8897.7
9006.7 8995.72 8986.78 8984.86 8989.74 8997.07 9005.67 9004.33 8998.32 8993.65 8989.98 8986.43 8982.96 8980.18 8976.64 8973.4 8970.11 8969.1 8969.35 8968.29 8966.27 8962.82 8960.14 8957.74 8956.04 8955.37 8955.65 8956.89 8956.35 8956.43 8957.27 8957.75 8958.94 8959.82 8959.91 8957.26 8951.81 8945.3 8946.09 8944.59 8942.43 8939.71 8936.95 8935.41 8933.24 8930.81 8928.1 8925.66 8923.69 8921.69 8919.81 8919.06 8917.53 8913.89 8909.5 8904.82 8900.86 8898.17 8897.51 8898.97 8901.12 8901.36 8896.85 8890.64 8884.14 8884.8 8881.85
9021.78 9006.3 8990.5 8984.4 8988.85 8994.85 9001.62 8998.93 8992.6 8988.32 8984.92 8981.92 8979.12 8976.21 8973.55 8971.79 8970.29 8968.59 8967.68 8965.9 8962.76 8959.33 8956.45 8953.52 8950.96 8949.59 8948.53 8950.77 8954.82 8960.13 8960.81 8959.79 8959.53 8958.94 8956.27 8952.23 8951.19 8952.11 8945.5 8942.87 8940.68 8937.92 8935.18 8933.32 8931.02 8928.11 8925.23 8922.35 8919.51 8916.83 8914.71 8914.75 8914.24 8912.23 8909.05 8904.83 8900.92 8897.89 8897.06 8898.86 8899.67 8893.88 8882.64 8867.3 8861.63 8869.64 8875.35
