real_craters/C083-300m.grd
DSAA
199 199
-29.6625 29.6625
-29.6625 29.6625
8349.0709404908 9724.919195908
[rows 0 to 29 of 199, columns 67 to 133 of 199]
9307.21 9328.17 9341.84 9341.5 9339.78 9335.56 9332.27 9326.83 9320.05 9317.13 9309.98 9302.48 9294.05 9293.6 9302.9 9312.46 9321.08 9330.61 9340.12 9349.69 9359.36 9368.34 9375.78 9381.31 9381.07 9375.35 9370.26 9364.58 9358.6 9363.5 9360.54 9360.98 9362.77 9366 9368.1 9370.82 9371.68 9372.63 9375.2 9383.54 9400.97 9427.78 9449.22 9470.04 9480.29 9481.61 9477.53 9472.72 9469.69 9471.29 9475.05 9474.99 9483.65 9493.16 9508.31 9521.43 9533 9549.33 9560.93 9572.69 9584.01 9595.39 9606.75 9616.37 9618.41 9605.02 9591.11
9291.35 9310.05 9322.27 9327.51 9324.31 9318.07 9308.97 9313.35 9318.81 9324.05 9316.56 9304.08 9295.1 9298.66 9311.87 9322.66 9329.89 9337.23 9345.93 9355.87 9366.5 9377.34 9388.17 9396.45 9395.51 9386.2 9376.51 9367.72 9362.52 9355.78 9356.78 9357.51 9358.76 9361.57 9363.47 9365.4 9367.55 9370.51 9375.49 9384.2 9400.24 9420.59 9435.01 9448.41 9457.56 9462.08 9462.11 9462.74 9467.12 9476.73 9485.83 9480.16 9488.01 9486.51 9495.67 9505.54 9515.2 9525.59 9540.28 9549.62 9561.46 9573.41 9585.86 9596.97 9599.48 9589.5 9582.63
9274.73 9291.62 9300.99 9307.38 9309.03 9306.3 9301.22 9310.87 9319.93 9324 9314.33 9301.54 9298.63 9305.94 9319.6 9333.27 9334.48 9340.27 9348.5 9358.71 9370.15 9383.08 9396.48 9407.46 9404.47 9392.87 9380.96 9369.83 9360.02 9357.09 9356.12 9355.92 9357.57 9360.74 9362 9364.31 9367.17 9371.15 9376.12 9384.79 9397.09 9407 9419.85 9431.18 9439.26 9444.32 9447.02 9448.98 9453.04 9465.29 9482.84 9484.54 9482.29 9482.88 9486.7 9494.06 9502.47 9511.93 9521.62 9530.68 9539.59 9548.55 9559.28 9570.49 9572.25 9556.59 9548.34
9258.22 9271.98 9278.18 9288.26 9296.8 9302.53 9306.42 9319.1 9327.88 9322.63 9308.65 9296.05 9295.26 9302.47 9312.97 9322.28 9331.02 9338.93 9348.1 9358.77 9369.4 9383.1 9398 9410.65 9406.02 9394.27 9382.47 9371.36 9361.24 9356.36 9355.5 9356.58 9358.29 9362.53 9365.23 9367.76 9370.99 9372.57 9378.9 9387.29 9398.19 9403.86 9410.83 9419.46 9426.6 9431.68 9434.95 9436.18 9436.19 9445.16 9467.17 9464.66 9468.16 9470.37 9475.27 9482.23 9490.1 9497.55 9504.53 9510.77 9516.18 9521.48 9526.29 9529.06 9525.24 9508.7 9494.02
9243.35 9256.09 9270.58 9278.25 9288.9 9301.53 9320.06 9326.7 9330.99 9318 9300.27 9285.97 9285.03 9291.59 9303.1 9313.62 9324.99 9334.53 9343.98 9354.05 9365.26 9377.35 9390.62 9404.05 9398.56 9389.67 9380.37 9372.26 9367.47 9361.29 9355.7 9356.39 9358.02 9361.78 9363.76 9366.51 9369.56 9376.31 9382.38 9390 9398.34 9400.84 9405.29 9411.96 9418.07 9422.76 9426.03 9427.98 9428.41 9435.46 9445.28 9450.93 9454.93 9457.43 9462.48 9469.88 9476.75 9482.85 9487.1 9490.75 9492.59 9492.76 9490.92 9485.9 9477.62 9464.48 9449.6
9230.7 9240.87 9263.88 9275.78 9280.25 9289.24 9303.83 9324.38 9332.47 9318.98 9292.51 9275.22 9277.56 9285.74 9297.85 9309.45 9320.47 9329.14 9338.16 9347.4 9356.73 9366.73 9375.32 9380.09 9383.22 9380.15 9375.01 9369.61 9364.23 9358.01 9355.98 9361.2 9368.45 9373.08 9376.51 9370.64 9373.23 9376.79 9382.13 9389.54 9397.15 9400.15 9401.14 9404.58 9409.75 9414.31 9418.08 9422.21 9429.93 9432.76 9443.39 9446 9445.47 9445.3 9451.94 9461.41 9466.63 9469.7 9471.12 9471.44 9469.95 9465.9 9458.94 9448.69 9441.89 9434.78 9428.75
9224.81 9232.8 9245.78 9258.85 9268.91 9275.61 9290.13 9314.12 9321.58 9309.44 9286.94 9271.85 9276.99 9283.71 9296.94 9311.37 9316.84 9323.09 9331.08 9339.42 9346.95 9353.85 9360.06 9364.93 9367.86 9368.98 9368.04 9365.93 9361.31 9353.75 9356.96 9368.02 9374.48 9377.42 9378.73 9380.15 9381.48 9383.32 9385.9 9390.26 9397.63 9396.27 9393.61 9398.15 9403.8 9409.21 9411.7 9415.38 9420.66 9425.1 9431.65 9433.34 9441.3 9446.06 9452.64 9458.03 9459.13 9458.93 9457.62 9455.09 9451.25 9444.03 9434.09 9421.3 9417.09 9415.86 9415.84
9224.11 9235.48 9243.81 9253.76 9263.7 9270.66 9286.95 9309.24 9316.56 9307.67 9292.75 9282.5 9287.48 9296.73 9302.44 9301.25 9307.56 9316.7 9325 9332.08 9337.79 9342.32 9345.02 9348.41 9354.02 9358.1 9360.85 9363.62 9368.16 9379.01 9380.57 9381.49 9381.99 9381.25 9380.67 9380.5 9380.62 9380.82 9380.92 9381.29 9382.55 9381.38 9384.27 9395.18 9402.91 9407.44 9409.4 9408.31 9404.56 9415.82 9425.23 9434.45 9444.33 9454.8 9460.85 9457.04 9452.63 9448.71 9444.95 9440.69 9435.3 9428.45 9419.59 9409.87 9405.53 9404.22 9404.06
9222.71 9234.69 9244.41 9254.15 9265.31 9277.35 9293.78 9317.27 9329.71 9321.74 9305.64 9296.76 9298.08 9309.06 9305.46 9299.68 9303.93 9313.07 9320.39 9325.61 9329.33 9332.41 9333.6 9336.36 9342.87 9347.78 9352.76 9359.18 9368.16 9377.28 9395.57 9392.72 9386.94 9382.55 9379.98 9378.74 9378.19 9377.96 9376.26 9372.4 9368.41 9375.35 9385.53 9398.53 9406.4 9409.67 9410.78 9409.06 9407.71 9412.12 9423.14 9436.49 9445.95 9455.88 9460.36 9452.34 9444.64 9438.47 9433.43 9428.44 9423.19 9417.86 9411.9 9406.44 9400.86 9397.6 9395.49
9219.61 9232.38 9245.72 9254.42 9266.78 9283.62 9293.41 9306.23 9321.88 9320.78 9312.63 9303.12 9297.62 9294.23 9294.35 9299.13 9305.24 9314.03 9319.12 9321.64 9322.7 9324.09 9328.76 9330.21 9332.16 9336.91 9342.76 9350.34 9360.99 9381.09 9396.13 9392.5 9384.96 9379.7 9376.93 9375.95 9376.01 9376.23 9375.54 9372.41 9367.63 9385.46 9399.7 9410.05 9412.65 9413.63 9414.73 9415.96 9414.54 9411.34 9414.33 9432.42 9443.05 9447.88 9448.38 9440.94 9433.09 9426.8 9422.87 9417.97 9413.46 9409.15 9405.89 9403.73 9397.93 9394.45 9392.22
9215.32 9227.58 9239.19 9249.53 9261.79 9274.5 9283.03 9286.44 9304.04 9306.79 9304.07 9298.87 9294.38 9290.24 9295.26 9307.92 9316.43 9320.37 9320.57 9318.93 9316.31 9313.77 9311.8 9315.45 9319.73 9325.32 9330.9 9337.05 9343.93 9349.18 9370.11 9376.66 9373.47 9370.7 9369.7 9370.51 9372.47 9375.23 9378.48 9382.57 9390.47 9407.83 9431.22 9423.36 9417.42 9415.61 9416.42 9420.02 9420.79 9411.94 9412.28 9434.55 9437.37 9434.85 9430.85 9424.49 9419.42 9415.05 9411.35 9407.43 9403.52 9399.67 9396.41 9395.46 9393.67 9393.19 9394.75
9211.36 9219.96 9229.76 9241.37 9253.91 9265.51 9275.57 9283.86 9288.75 9288.56 9283.89 9287.41 9292.27 9300.1 9311.66 9322.27 9332.89 9328.27 9323.09 9317.01 9311.03 9304.16 9299.39 9302.47 9308.07 9313.61 9318.31 9322.69 9326.26 9331.22 9342.85 9352.52 9355.6 9356.82 9358.91 9362.26 9367.09 9373.07 9380.6 9390.47 9402.64 9414.79 9430.9 9421.76 9414.5 9411.69 9412.16 9413.34 9414.26 9412.38 9416.61 9430.19 9426.26 9417.87 9408.39 9405.39 9403.96 9402.34 9400.43 9397.62 9394.51 9391.09 9387.89 9387.22 9389.46 9392.33 9396.37
9204.72 9208.64 9217.93 9233.47 9247.13 9258.73 9269.66 9276.19 9276.94 9277.09 9274.96 9280.45 9288.51 9299.59 9312.98 9324.45 9335.41 9330.74 9324 9316.19 9307.04 9296.96 9289.79 9293.43 9299.36 9304.15 9307.45 9309.56 9310.83 9311.93 9320.71 9331.39 9335.24 9340.44 9346.01 9352.24 9359.64 9368.25 9378.59 9389.79 9398.62 9403.65 9405.06 9403.37 9401.96 9401.47 9402.65 9405.76 9407.19 9407.22 9415.55 9414.51 9409.56 9400.68 9391.74 9389.52 9390.06 9390.77 9390.82 9390.19 9388.44 9385.53 9382.13 9383.57 9387.67 9392.17 9396.82
9197.64 9202.82 9214.18 9230.01 9244.3 9256.45 9267.11 9274.59 9276.64 9274.67 9273.29 9276.55 9282.96 9290.84 9300.04 9315.04 9324.82 9327.7 9323.68 9316.36 9307.18 9295.84 9283.9 9290.52 9294.78 9297.9 9299.32 9299.48 9298.55 9296.87 9298.08 9304.55 9313.93 9323.39 9332.11 9340.61 9349.64 9359.67 9371.58 9384.51 9389.78 9387.15 9379.59 9381.68 9385.58 9387.06 9388.23 9389.65 9389.97 9389.69 9391.22 9396.5 9392 9383.16 9377.65 9376.03 9378.29 9381.31 9383.82 9385.35 9385.65 9384.47 9381.65 9384 9389.41 9393.89 9397.49
9202.17 9210.44 9218.48 9230.69 9244.88 9257.15 9266.66 9275.26 9277.63 9272.29 9270.86 9272.62 9277.47 9283.53 9291.22 9307.39 9323.2 9326.18 9323.08 9317.63 9310.91 9304.32 9299.88 9295.27 9294.53 9294.36 9293.9 9292.4 9290.11 9287.75 9284.79 9282.61 9296.62 9308.44 9318.87 9328.55 9337.71 9347.18 9357.77 9372 9374.75 9370.58 9368.77 9369.14 9370.2 9371.93 9372.86 9371.52 9373.4 9373.43 9366.44 9365.05 9363.74 9366.36 9363.79 9364.46 9369.53 9375.07 9379.93 9383.49 9386.06 9388.27 9390.98 9392.51 9395.24 9398.28 9400.29
9206.78 9215.14 9221.07 9230.86 9244.06 9255.71 9264.18 9271.01 9271.58 9266.27 9264.09 9268.16 9273 9278.88 9287.52 9301.44 9315.4 9321.96 9322.09 9319.21 9314.95 9310.51 9305.92 9300.47 9296.38 9293.25 9290.56 9287.76 9284.88 9282.95 9280.29 9279.82 9287.19 9297.94 9308.25 9317.35 9325.43 9332.59 9338.58 9341.24 9347.47 9350.22 9352.1 9353.48 9354.23 9357.34 9360.31 9362.22 9361.75 9361.8 9356.67 9355.79 9357.23 9358.8 9357.56 9358.56 9364.87 9372.19 9379.01 9384.63 9388.97 9392.6 9396.67 9399.78 9402.89 9405.79 9407.48
9207.63 9212.87 9220.17 9228.95 9236.81 9248.92 9261.2 9267.8 9267.83 9263.75 9262.59 9265.45 9269.51 9274.92 9282.34 9295.25 9310.38 9318.58 9319.88 9319.85 9318.42 9315.13 9310.42 9304.49 9298.63 9293.64 9289.55 9285.81 9282.39 9280.45 9280.35 9275.22 9282.22 9291.66 9300.72 9308.45 9314.75 9319.37 9321.99 9322.77 9326.69 9329.52 9328.56 9328.04 9337.31 9344.17 9349.12 9350.49 9349.96 9347.93 9350.63 9356.36 9361.57 9359.92 9357.16 9357.29 9364.53 9372.78 9380.94 9388.18 9393.96 9398.02 9400.98 9406.69 9411.71 9415.39 9418.17
9205.06 9212.27 9218.69 9228.35 9240.24 9247.27 9253.49 9262.22 9264.61 9262.67 9262.29 9264.08 9266.91 9271.3 9278.18 9288.52 9300.33 9309.13 9316.14 9318.97 9320.73 9321.13 9315.68 9307.5 9300.1 9294.36 9289.79 9285.56 9281.64 9278.03 9273 9274.33 9281.53 9289.36 9296.6 9302.57 9307.01 9309.65 9310.58 9309.72 9312.92 9314.42 9313.95 9316.41 9324.19 9333.63 9342.38 9346.38 9341.6 9338.38 9348.24 9360.15 9366.87 9365.43 9361.83 9360.92 9367.54 9376.75 9385.98 9393.98 9401.29 9406.93 9411.45 9416.98 9422.03 9426.29 9430.33
9215.42 9210.12 9216.89 9226.11 9236.41 9244.72 9253.55 9260.19 9263.57 9264.17 9263.13 9263.16 9264.51 9267.26 9271.7 9281.28 9295.5 9307.43 9313.18 9315.73 9318.37 9325.56 9316.59 9306.58 9299.74 9294.64 9290.55 9286.69 9282.98 9279.12 9275.19 9278.82 9285.38 9291.05 9296.32 9300.43 9302.79 9303.69 9303.7 9305.2 9304.38 9304.94 9305 9306.63 9314.99 9324.84 9334.36 9339.25 9339.59 9344.6 9359.46 9367.88 9374.31 9373.27 9369.53 9366.15 9374.99 9383.58 9392.08 9401.62 9410.99 9418.88 9423.91 9428.59 9432.3 9436.43 9441.15
9225.33 9212.99 9217.86 9223.47 9229.16 9238 9247.07 9257.46 9262.05 9264.46 9262.59 9261.21 9261.62 9263.64 9268.21 9278.16 9294.33 9307.11 9310.72 9309.52 9306.96 9304.58 9304.2 9300.81 9297.03 9293.48 9290.6 9288.27 9286.05 9284.33 9283.33 9286.67 9291.13 9294.68 9298.16 9300.66 9301.58 9300.85 9298.34 9296.54 9299.18 9300.07 9300 9300.45 9308.53 9317.96 9326.65 9332.15 9339.62 9356.56 9368.6 9374.21 9380.35 9380.59 9380.58 9384.85 9387.09 9391.17 9398.52 9408.42 9420.04 9432.98 9439.28 9439.26 9440.37 9443.31 9447.9
9232.12 9223.88 9223.85 9225.21 9227.97 9234.68 9243.76 9254.94 9258.47 9259.72 9259.05 9258.21 9258.36 9260.23 9264.8 9274.82 9291.85 9307.81 9307.52 9302.02 9294.32 9285.06 9291.11 9293.51 9293.12 9291.85 9290.5 9289.36 9289.12 9290.12 9294.65 9297.61 9296.68 9299.54 9302.08 9303.53 9303.47 9301.97 9298.94 9297.64 9298.93 9299.62 9299.99 9300.37 9306.44 9313.9 9320.43 9324.69 9329.75 9351.46 9367.64 9374.23 9380.02 9383.07 9385.34 9390.65 9391.69 9394.51 9401.2 9410.71 9423.18 9439.67 9446.37 9443.01 9442.82 9445.16 9449.48
9241.43 9236.05 9231.39 9230.51 9231.36 9235.17 9241.05 9248.56 9252.25 9254.65 9254.08 9253.96 9254.53 9256.34 9259.88 9267.43 9285 9301.95 9301.1 9295.32 9288.17 9282.26 9285.85 9289.25 9290.52 9290.73 9290.71 9290.74 9291.79 9294.27 9298.13 9300.14 9300.99 9305.15 9307.1 9307.76 9307.44 9306.17 9303.74 9302.8 9303.22 9303.39 9303.49 9305.09 9308.56 9313 9317.2 9318.96 9322.8 9339.95 9357.91 9369.02 9378.13 9381.99 9382.48 9384.19 9387.23 9392.96 9400.28 9409.05 9418.48 9428.11 9435.62 9438.29 9440.33 9442.97 9446.6
9233.1 9234.79 9235.47 9237.74 9238.23 9238.03 9240.42 9243.2 9245.23 9246.4 9248.18 9249.22 9250.32 9252.2 9255.41 9261.48 9274.22 9284.96 9289.62 9289.66 9287.28 9285.24 9286.24 9288 9289.5 9290.2 9290.79 9291.53 9293.02 9295.5 9298.27 9300.98 9309.61 9312.56 9312.58 9312.55 9312.67 9312.6 9311.93 9311.06 9310.31 9309.48 9309.21 9309.87 9311.94 9314.84 9317.48 9318.3 9321.69 9331.86 9350.31 9362.16 9370.08 9374.16 9376.08 9377.86 9381.77 9389.33 9397.27 9405.62 9412.27 9414.18 9422.76 9429.86 9433.47 9436.14 9438.86
9221.36 9229.2 9235.77 9242.44 9242.3 9237.83 9239.25 9240.87 9240.65 9241.83 9243.32 9244.82 9246.46 9248.62 9251.87 9257.09 9265.51 9273.26 9280.97 9286.66 9288.2 9288.04 9288.34 9288.23 9288.4 9288.28 9288.83 9289.73 9291.52 9294.87 9300.31 9310.44 9322.05 9318.26 9316.13 9315.98 9317.28 9319.53 9321.01 9320.21 9318.13 9316.53 9315.28 9313.97 9314.75 9318.83 9322.72 9321.3 9321.91 9339.05 9349.68 9357.67 9361.95 9364.29 9370.8 9374.04 9378.32 9387.21 9395.19 9402.24 9409.17 9416.97 9419.56 9423 9425.28 9426.6 9427.01
9225.27 9227.12 9233.62 9240.82 9240.05 9234.19 9233.99 9235.65 9235.82 9237.46 9239.73 9241.48 9243.25 9245.51 9248.87 9253.76 9260.75 9268.16 9277.51 9287.68 9292.89 9293.12 9291.18 9288.73 9287.19 9286.33 9286.13 9286.56 9288.37 9291.57 9297.29 9307.22 9315.16 9315.48 9314.96 9316 9318.95 9324.06 9331.37 9327.82 9324.75 9323.23 9322.86 9322.51 9323.65 9325.82 9325.71 9329.85 9330.89 9345.55 9352.4 9357.24 9361.17 9365.36 9371 9375.27 9379.7 9388.14 9394.32 9399.18 9403.3 9410.15 9413.29 9416.44 9417.74 9417.2 9414.48
9213.5 9222.87 9230.6 9233.86 9237.52 9232.75 9231.19 9233.92 9235.6 9236.9 9238.11 9239.18 9240.69 9242.72 9245.93 9250.82 9258.6 9267.79 9278.52 9290.41 9302.67 9298.86 9291.52 9287.25 9284.73 9283.29 9282.62 9282.53 9283.19 9284.7 9287.59 9293.18 9300.18 9306.44 9309.41 9312.14 9316.01 9321.71 9328.94 9328.33 9328.03 9328.92 9331.16 9333.59 9335.92 9340.05 9345.17 9347.15 9349.89 9354.66 9355.24 9358.47 9363.39 9369.3 9374.34 9380.55 9388.43 9392.4 9395.66 9398.39 9397.62 9395.87 9406.53 9412.09 9412.86 9410.47 9404.93
9209.42 9223.03 9233.84 9240.59 9245.29 9250.84 9242.6 9241.4 9242.44 9239.75 9238.13 9238.07 9238.55 9240.12 9242.78 9247.88 9257.03 9270.65 9283.43 9287.71 9291.9 9290.67 9286.66 9283.41 9281.6 9280.27 9279.27 9278.66 9277.8 9277.09 9276.1 9276.28 9286.86 9297.37 9301.64 9305.4 9309.56 9313.87 9317.76 9323.77 9327.98 9332.26 9337.76 9344.81 9353.82 9352.04 9356.7 9363.21 9363.02 9353.37 9354.6 9358.02 9363.65 9372.94 9374.09 9379.91 9391.98 9391.57 9396.23 9402.14 9404.82 9403.98 9410.69 9413.32 9411.96 9407.66 9400.44
9220.77 9230.3 9241.5 9252.25 9254.37 9254.86 9258 9248.81 9243.66 9239.24 9237.53 9236.89 9236.86 9237.76 9239.46 9242.44 9250.39 9266.37 9279.37 9276.18 9275.34 9276.56 9277.79 9277.51 9277.01 9276.39 9275.53 9274.38 9272.98 9270.77 9267.78 9265.32 9276.68 9288.43 9292.66 9297.65 9302.08 9306.01 9311.49 9318.91 9326.22 9333.19 9340.91 9350.18 9358.6 9358.5 9361.92 9371.7 9366.73 9352.23 9353.33 9356.03 9359.34 9361.27 9365.13 9368.78 9369.78 9380.26 9395.88 9409.32 9420.54 9425.9 9421.58 9418.32 9414.21 9408.01 9399.96
9234.01 9237.57 9245.49 9254.62 9262.2 9266 9264.64 9250.48 9236.78 9237.34 9237.53 9237.29 9236.78 9236.37 9236.73 9237.27 9240.27 9253.4 9260.57 9257.9 9253.51 9263.56 9269.88 9272.94 9274 9274.36 9273.72 9272.62 9270.48 9267.5 9264.2 9261.72 9264.57 9272.75 9283.33 9290.94 9296.31 9299.49 9305.02 9315.14 9324.28 9332.47 9341.41 9350.35 9357.27 9363.94 9364.63 9367.87 9364.33 9353.41 9352.14 9354.13 9356.47 9356.1 9360.45 9364.15 9361.97 9377.21 9398.58 9416.97 9431.18 9434.84 9430.04 9423.61 9416.79 9409.34 9400.48
9232.1 9239.59 9248.3 9257.47 9268.64 9273.44 9268.01 9253.19 9241.91 9240.12 9239.85 9238.8 9237.81 9236.66 9236 9236.84 9240.99 9242.13 9242.25 9246.8 9249.59 9258.75 9265.46 9269.64 9272.04 9273.1 9273.03 9272.69 9270.64 9267.77 9265.13 9263.46 9263.29 9267.25 9279.14 9287.8 9294.16 9299.01 9305.12 9313.7 9322.75 9331.12 9339.75 9348.1 9356.37 9365.21 9361.42 9354.02 9352.18 9349.36 9349.91 9353.17 9357.81 9363.05 9368.47 9372.16 9377.86 9389.55 9405.38 9422.14 9439.73 9442.39 9434.54 9427.44 9420.29 9412.44 9403.12
