real_craters/C083-300m.grd
DSAA
199 199
-29.6625 29.6625
-29.6625 29.6625
8349.0709404908 9724.919195908
[rows 150 to 179 of 199, columns 0 to 66 of 199]
8680.62 8679.19 8681.5 8682.92 8682.1 8683.2 8683.95 8686.09 8695.66 8712.69 8734.92 8760.51 8789.54 8822.87 8861.69 8904.95 8927.42 8939.86 8941.6 8936.4 8928.3 8926.35 8942.39 8966.49 8988.8 9006.58 9017.28 9020.92 9025.12 9034.8 9036.77 9040.59 9042.03 9052.54 9071.79 9090.95 9108.58 9122.7 9130.67 9132.62 9139.87 9148.69 9149.1 9148.04 9150.61 9149.27 9145.86 9141.62 9137.08 9132.99 9134.33 9131.85 9127.84 9122.77 9115.23 9096.75 9080.63 9072.29 9071.64 9070.08 9075.46 9081.3 9082.81 9081.18 9076.95 9074.67 9072.43
8681.97 8682.45 8683.9 8685.55 8687.14 8685.78 8681.04 8680.01 8691.47 8708.74 8727.83 8748.79 8774.58 8803.65 8838.74 8879.67 8910.58 8940.35 8948.69 8940.05 8929 8928.03 8938.96 8958.38 8979.01 8998.5 9015.81 9032.79 9042.85 9036.66 9035.63 9037.76 9043.48 9051.83 9067.3 9085.1 9102.56 9118.97 9132.01 9140.14 9139.85 9137.18 9135.84 9137.78 9136.47 9140.96 9142.92 9142.09 9139.92 9137.18 9122.61 9120.26 9124.16 9125.05 9118.72 9100.09 9079.51 9065.39 9067.95 9069.69 9074.7 9076.75 9073.71 9067.75 9073.29 9079.67 9084.91
8681.09 8682.48 8684.07 8686.08 8688.88 8686.13 8679.26 8676.9 8688.32 8703.66 8720.89 8740.22 8759.67 8781.62 8802.55 8824.53 8872.47 8915.33 8948.01 8938.75 8930.14 8926.72 8936.65 8953.42 8972.5 8991.72 9012.05 9034.76 9048.44 9034.24 9031.54 9034.41 9040.78 9049.96 9064.39 9082.04 9099.68 9118.51 9135.83 9146.92 9142.15 9133.49 9130.52 9134.12 9134.94 9139.05 9142.3 9144.16 9141.85 9135.82 9122.08 9120 9121.08 9124.12 9127.82 9101.57 9081.04 9071.57 9080.04 9086.45 9085.24 9080.18 9072.83 9068.58 9072 9081.9 9091.99
8680.3 8681.46 8682.68 8683.33 8682.95 8682.78 8680.7 8682.4 8688.7 8699.28 8713.13 8728.7 8745.83 8763.22 8780.51 8802.3 8841.26 8875.03 8907.97 8924.5 8924.84 8925.36 8934.42 8949.57 8966.35 8984.43 9002.17 9017.47 9022.85 9018.8 9022.48 9029.47 9038.08 9048.14 9060.57 9077.99 9098.11 9118.36 9135.86 9146.01 9144.76 9140.69 9139.46 9138.78 9139.8 9142.97 9145.97 9147.28 9145.54 9137.4 9127.11 9122.57 9117.89 9112.79 9105.72 9103.75 9093.08 9087.82 9102.25 9112.27 9100.59 9088.34 9076.44 9065.4 9069.28 9079.1 9088.21
8678.08 8679.57 8680.67 8681.25 8682.42 8680.41 8681.83 8686.5 8689.21 8695.7 8705.28 8717.7 8731.66 8749.78 8769.86 8796.09 8828.62 8859.34 8893.83 8919.74 8922.75 8924.29 8933.34 8946.14 8961.21 8977.41 8990.91 8998.8 8994.45 9003.63 9013.91 9023.98 9034.62 9040.93 9054.45 9073.62 9095.43 9116.72 9134.93 9144.9 9146.01 9144.72 9143.88 9144.97 9145.83 9148.42 9150.23 9151.77 9152.7 9150.07 9131.62 9123.83 9117.94 9112.42 9110.73 9114.49 9115.03 9114.24 9119.34 9121.7 9110.2 9096.43 9083.52 9072.72 9070.88 9073.53 9076.3
8675.69 8676.84 8677.85 8679.13 8679.63 8679.18 8681.01 8684.77 8685.86 8689.81 8696.93 8706.55 8719.12 8736.62 8761.1 8789.96 8823.71 8863.62 8912.19 8933.39 8927.58 8921.41 8931.63 8944.7 8957.42 8971.61 8984.28 8993.79 9002.16 9004.43 9010.44 9015.22 9018.69 9026.22 9046.32 9068.32 9090.88 9113.55 9133.4 9143.63 9145.26 9144.76 9145.19 9151.26 9154.64 9153.1 9152.49 9153.01 9155.8 9160.02 9152.35 9133.05 9123.85 9113.4 9112.65 9123.48 9132.84 9133.85 9127.86 9122.15 9113.7 9103.06 9092.56 9083.11 9075.85 9068.28 9057.64
8673.6 8674.43 8675.27 8676.03 8676.54 8676.91 8677.51 8679.48 8682.17 8684.25 8687.94 8694.38 8704 8719.33 8744.8 8777.03 8814.69 8862.79 8916.88 8938.57 8933.46 8924.48 8931.2 8943.52 8953.1 8965.21 8975.81 8987.65 8999.04 9004.24 9012.37 9019.04 9020.1 9023.92 9041.95 9063.3 9084.99 9107.18 9131.34 9139.87 9141.37 9143.85 9146.58 9154.05 9156.75 9154.77 9152.03 9150.51 9149.96 9154.38 9166.59 9151.33 9137.29 9122.74 9117.15 9120.91 9135.63 9138.17 9129.6 9122.33 9115.41 9107.74 9100.46 9094.68 9085.37 9068.14 9049.1
8672.4 8672.72 8673.13 8673.81 8675.31 8678.3 8677.62 8678.32 8679.23 8680.34 8681.42 8683.87 8689.02 8698.25 8714.89 8751.91 8797.63 8842.71 8886.13 8922.46 8922.29 8922.57 8928.97 8937.22 8947.13 8957.94 8967.69 8979.47 8990.42 8998.48 9016.24 9037 9036.76 9030.59 9043.66 9060.65 9077.58 9093.14 9107.12 9122.01 9131.71 9141.2 9152.01 9157.75 9157.06 9153.71 9149.7 9145.88 9142.03 9135.94 9153.99 9163.44 9152.26 9142.99 9128.44 9119.4 9127.83 9130.49 9127.6 9121.76 9115.62 9110.22 9105.21 9100.4 9090.44 9072.29 9053.5
8669.91 8670.75 8671.21 8671.28 8672.61 8678.87 8680.89 8678.78 8677.61 8677.13 8676.81 8676.02 8677.4 8681.96 8693.7 8734.17 8784.89 8832.23 8872.55 8915.08 8926.02 8924.59 8924.56 8927.96 8936.09 8946.17 8958.33 8969.74 8979.33 8989.16 9014.37 9043.57 9046.73 9043.97 9050.07 9058.98 9069.26 9078.8 9084.41 9102.28 9118.03 9132.23 9148.78 9158.66 9154.65 9149.27 9145.76 9142.84 9140.27 9133.64 9150.57 9166.17 9159.11 9153.34 9137.32 9121.18 9112.66 9116.68 9118.58 9117.06 9113.81 9110.58 9106.76 9101.75 9092.92 9078.44 9062.25
8668.34 8668.58 8668.72 8668.35 8667.83 8671.36 8673.66 8677.26 8677.66 8676.45 8674.34 8672.4 8671.51 8674.15 8688.23 8729.23 8782.16 8837.09 8890.38 8931.51 8936.66 8923.31 8913.73 8913.72 8920.37 8931.77 8946.1 8960.6 8973.32 8983.92 9005.68 9024.01 9040.43 9051.86 9053.24 9054.41 9060.44 9070.69 9084.41 9091.14 9102.58 9114.82 9126.78 9145.16 9142.4 9141.16 9140.48 9140.33 9141.77 9144.17 9157.5 9163.61 9155.34 9154.19 9143.36 9128.64 9115.17 9111.23 9108.89 9111.06 9111.56 9110.18 9107.14 9102.97 9096.48 9085.45 9074.96
8665.61 8666.17 8666.15 8666.63 8666.66 8668.43 8670.8 8679.17 8679.48 8676.98 8673.58 8671.74 8670.13 8671.75 8686.35 8729.32 8782.31 8840.02 8900.46 8955.39 8933.85 8904.04 8894.03 8895.88 8904.45 8917.2 8932.34 8950.28 8970.19 8986.48 8995.26 9014.7 9023.45 9036.19 9040.68 9042.03 9046.19 9053.66 9065.03 9075.58 9085.97 9095.22 9099.77 9100.78 9120.99 9131.12 9136.04 9138.4 9139.54 9155.91 9161.82 9153.18 9151.49 9156.46 9146.92 9135.93 9125.38 9117.59 9110.2 9111.94 9112.2 9109.98 9106.56 9102.8 9098.57 9089.43 9081.92
8664.49 8665.16 8665.54 8666.78 8669 8669.52 8671.6 8680.15 8681.58 8678.83 8675.36 8672.87 8672.72 8675.87 8692.46 8731.31 8778.85 8829.22 8874.99 8886.86 8855.63 8854.37 8860.59 8871.84 8884.63 8898.4 8914.47 8933.31 8953.52 8969.61 8964 8977.56 8993.18 9007.12 9017.87 9024.65 9028.81 9032 9040.12 9056.95 9070.57 9080.45 9086.26 9091.66 9110.66 9125.9 9135.72 9142.77 9148.22 9165.44 9166.08 9164.19 9159.3 9155.24 9149.51 9144.71 9140.23 9132.59 9125.35 9120.33 9115.89 9111.18 9105.81 9099.89 9093.31 9087.69 9083.66
8664.51 8665.09 8665.74 8666.98 8670.59 8670.12 8673.45 8681.16 8682.92 8680.65 8678.09 8677.04 8678.08 8683.22 8701.19 8733.62 8771.87 8809.53 8837.26 8817.07 8777.28 8800.34 8823.71 8844.13 8862.53 8879.54 8895.32 8911.63 8924.37 8926.86 8918.67 8930.63 8959.97 8984.1 9000.54 9008.42 9013.4 9018.22 9028.29 9044.93 9060.68 9074.05 9083.13 9093.94 9111.7 9126.48 9138.78 9149.43 9161.71 9165.14 9163.99 9163.08 9151.17 9147.66 9147.91 9149.19 9148.59 9145.36 9139.67 9128.95 9120.17 9112.57 9105.19 9097.26 9088.76 9084.74 9083.32
8664.05 8664.69 8664.85 8665.49 8665.25 8672.49 8677.5 8682.34 8683.59 8681.64 8680.27 8680.96 8685.12 8694.07 8710 8734.73 8762.57 8787.61 8800.67 8775.52 8746.21 8770.32 8797.98 8822.46 8841.69 8859.89 8876.14 8889.93 8898.74 8900.19 8895.61 8908.04 8937.27 8965.62 8985.18 8994.55 9001.16 9008.12 9021.04 9038.57 9057.04 9074.18 9089.72 9105.48 9117.81 9129.37 9140.74 9150.68 9155.54 9151.23 9154.27 9154.64 9141.98 9140.05 9146.47 9147.96 9147.77 9147.66 9142.9 9131.6 9121.64 9112.97 9104.75 9096.54 9088.9 9084.91 9083.86
8664.39 8664.52 8664.93 8665.33 8666.82 8673.94 8679.63 8681.52 8682.55 8682.2 8682.37 8684.39 8690.53 8704.12 8718.01 8733.96 8753.73 8770.05 8772.39 8755.99 8749 8763.94 8786.02 8806.92 8827.35 8842.16 8858.12 8871.16 8879.48 8883.79 8884.4 8899.54 8924.44 8949.84 8970.06 8983.18 8992.71 9001 9016.72 9036.18 9056.27 9076.94 9097.51 9113.46 9122.06 9130.98 9139 9148.73 9151.73 9144.74 9143.74 9138.3 9131.31 9133.25 9134.98 9133.82 9135.33 9136.25 9134.37 9128.06 9120.11 9112.07 9104.46 9097.32 9090.25 9086.39 9085.91
8667.52 8667 8666.53 8666.74 8667.38 8672.38 8677.62 8679.42 8680.93 8683.3 8684.85 8686.9 8690.71 8698.27 8713.03 8730.45 8748.14 8763.15 8771.96 8769.61 8762.17 8767.54 8781.41 8798.5 8816.13 8832.77 8847.16 8858.65 8866.92 8870.62 8879.33 8897.14 8917.66 8939.85 8960.06 8975.63 8988.94 9003.12 9018.26 9036.84 9057.02 9077.56 9098.73 9111.27 9121.24 9129.96 9135.7 9141.84 9145.02 9140.47 9136.65 9136.38 9136.78 9128.83 9125.4 9122.82 9125.02 9126.92 9125.65 9122.3 9116.27 9109.63 9103.15 9097.83 9093.81 9091.51 9088.13
8671.39 8669.91 8668.69 8669.35 8671.42 8671.69 8675.06 8679.05 8682.78 8685.01 8686.01 8686.7 8688 8691.36 8706.56 8725.3 8742.75 8758.39 8771.25 8774.5 8771.88 8772.52 8779.64 8791.09 8805.03 8819.43 8833.31 8846.61 8858.74 8868.83 8878.66 8895.88 8914.37 8934.03 8954.19 8970.4 8985.99 9002.14 9019.93 9038.5 9056.92 9075.63 9093.63 9110.48 9122.07 9127.91 9130.47 9131.8 9129.95 9127.14 9128.41 9128.1 9123.35 9124 9123.17 9118.73 9121.16 9123.55 9121.62 9117.14 9111.8 9106.3 9101.34 9096.94 9093.94 9090.81 9087.07
8676.32 8674.08 8671.33 8669.6 8671.99 8675.08 8675.98 8680.43 8685.71 8688.33 8688.75 8688.27 8688.22 8692.33 8705.04 8721.91 8738.25 8752.71 8765.72 8778.48 8775.23 8774.75 8779.86 8788.18 8799.04 8811.81 8824.94 8838.71 8852.97 8867.35 8878 8894.65 8912.12 8928.72 8944.81 8964.17 8984.25 9001.79 9021.22 9039.68 9057.09 9072.96 9088.11 9110.58 9121.84 9124.23 9124.67 9123.81 9122.14 9122.68 9122.3 9119.95 9119.5 9121.6 9120.69 9119.77 9119.67 9119.46 9115.98 9110.81 9105.96 9101.38 9097.51 9094.31 9090.86 9086.32 9083.62
8684.51 8681.71 8677 8669.28 8671.88 8680.5 8678.32 8684.18 8691.13 8693.13 8692.35 8691.11 8690.37 8693.22 8705.96 8720.61 8734.86 8747.06 8755.64 8763.54 8767.63 8769.25 8774.64 8781.41 8790.54 8801.58 8814.16 8828.59 8845.35 8864.84 8884.82 8896.27 8912.61 8927.45 8941.33 8963.6 8986.69 9007.14 9023.29 9040.89 9058.11 9073.02 9086.2 9104.33 9115.21 9119.01 9119.06 9118.22 9121.02 9120.08 9119.6 9118.96 9120.36 9120.21 9116.86 9115.5 9113.97 9115.45 9107.99 9101.69 9097.54 9094.56 9092.41 9090.85 9089.32 9088.12 9082.08
8693.09 8691.19 8688.52 8682.04 8684.99 8690 8687.85 8689.54 8696.82 8697.86 8696.46 8695.55 8695.57 8699.58 8709.4 8721.43 8733.36 8743.66 8751.3 8752.25 8753.62 8760.43 8767.85 8776.3 8784.99 8795.2 8806.57 8819.28 8835.2 8854.35 8877.48 8897.55 8914.82 8931.1 8949.9 8966.39 8984.34 9003.97 9021.36 9040.88 9060.37 9077.18 9090.59 9101.84 9109.49 9114.39 9115.17 9113.76 9119.13 9119.21 9117.17 9114.56 9116.23 9099.21 9090.84 9089.39 9092.35 9096.4 9091.72 9088.62 9087.53 9086.75 9086.54 9086.26 9086.01 9083.47 9079.31
8703.66 8703.7 8704.81 8707.08 8707.38 8703.33 8692.71 8691.1 8696.62 8698.72 8699.79 8700.77 8701.91 8705.78 8713.71 8722.83 8732.21 8740.68 8744.97 8741.04 8743.33 8753.2 8763 8771.88 8780.56 8789.3 8799 8808.43 8821.72 8842 8885.32 8901.93 8916.37 8930.78 8946.66 8959.55 8971.68 8990.5 9013.99 9038.64 9062.79 9083.44 9096.41 9102.63 9106.5 9111.25 9114 9114.4 9117.27 9116.45 9113.45 9105.99 9094.83 9064.96 9058.6 9058.52 9059.11 9062.59 9069.03 9073.1 9075.58 9077.76 9079.32 9081.08 9082.4 9082.1 9079.58
8715.52 8714.08 8716.97 8722.42 8717.95 8707.82 8692.31 8692.35 8695.34 8699.35 8702.79 8706.09 8710.11 8713.72 8718.14 8724.21 8730.86 8736.91 8739.32 8738.04 8741.14 8750.08 8759.68 8767.96 8775.01 8782.09 8789.6 8797.55 8806.66 8819.36 8874.35 8900.84 8914.58 8926.3 8937.12 8945.73 8954.66 8975.56 9004.44 9033.92 9063.07 9089.42 9101.08 9101.02 9101.93 9105.45 9111.46 9113.38 9110.85 9111.57 9109.04 9104.93 9086.43 9055.47 9048.58 9044.26 9038.17 9038.98 9051.24 9059.52 9064.8 9068.78 9071.72 9074.7 9078.23 9083.04 9079.11
8724.67 8722.22 8721.1 8716.88 8706.98 8700.27 8696.41 8697.69 8700.29 8703.01 8703.73 8708.78 8716.52 8719.47 8720.99 8724.69 8729.46 8734.09 8735.13 8738.64 8742.67 8752.05 8759.48 8765.91 8771.79 8777.64 8783.71 8790.24 8798.2 8813.12 8860.53 8894.53 8910.01 8920.34 8927.77 8934.37 8942.7 8965.15 8995.59 9026.25 9056.93 9086.8 9093.29 9087.33 9088.37 9087.58 9098.25 9108.21 9103.72 9103.43 9101.04 9095.99 9082.85 9058.45 9051.91 9044.62 9037.65 9037.46 9043.97 9051.1 9056.76 9061.01 9064.07 9066.3 9068.81 9071.92 9067.87
8732.03 8727.45 8723.02 8718.5 8704.26 8697.45 8696.95 8695.81 8694.87 8696.05 8699.33 8705.1 8713.51 8717.54 8720.34 8723.95 8728.04 8732.73 8737.36 8746.35 8758.48 8759.1 8761.82 8765.55 8769.65 8774.41 8780.22 8787.1 8795.99 8811.48 8858.36 8889.29 8904.69 8914.85 8923.03 8930.65 8938.62 8961.34 8988.71 9014.9 9039.98 9063.9 9063.9 9051.88 9042.64 9043.01 9060.91 9086.71 9093.86 9091.3 9090 9085.5 9080.73 9060.42 9054.38 9046.92 9040.24 9038.86 9041.86 9046.41 9050.58 9053.61 9055.35 9056.23 9056.15 9054.18 9048.16
8737.26 8729.01 8722.4 8716.93 8706.92 8697.52 8693.39 8688.03 8686.43 8687.57 8692.28 8697.14 8702.68 8711.09 8717.83 8722.97 8726.71 8730.44 8738.84 8748.78 8758.78 8764.11 8763.75 8764.93 8767.66 8771.95 8777.96 8786.86 8800.17 8821.41 8858.18 8885.04 8899.38 8910.95 8919.45 8927.15 8941.62 8964.39 8985.14 9002.39 9015.35 9020.57 9022.9 9010.47 8987.9 8993.46 9006.4 9026.28 9060.44 9071.36 9078.98 9080.91 9081.93 9064.71 9055.77 9047.56 9040.86 9040.14 9042.78 9045.45 9047.77 9049.31 9048.53 9046.86 9043.46 9037.86 9030.32
8739.12 8727.99 8719.15 8709.86 8698.78 8692.25 8683.83 8677.84 8678.81 8683.24 8685.43 8690.67 8696.68 8706.97 8716.3 8723.85 8728.07 8729.61 8739.07 8747.44 8754.53 8762.86 8762.12 8763.07 8766.16 8770.23 8776.59 8786.11 8803.01 8831.85 8857.42 8875.16 8894.5 8909.63 8922.26 8935.63 8964.46 8975.69 8984.46 8991.85 8995.59 8995.3 8994.87 8987.31 8975.42 8974.59 8977.52 8986.65 9016.11 9049.06 9071.44 9082.42 9078.95 9062.53 9054.96 9050.18 9043.05 9043.69 9045.7 9047.12 9047.53 9046.69 9044.24 9040.37 9033.99 9025.35 9015.36
8739.96 8727.25 8717.76 8710.19 8700.22 8692.73 8681.84 8672.47 8673.2 8672.53 8679.53 8687.18 8696.02 8705.72 8716.5 8726.69 8734.99 8737.67 8742.96 8746.73 8749.07 8754.68 8757.21 8759.5 8763.12 8767.66 8773.88 8781.61 8792.08 8813.49 8847.16 8874.2 8890.91 8910.44 8931.58 8955.98 8983.66 8983.29 8982.57 8983.1 8983.12 8983.49 8981.41 8978.38 8975.83 8975.99 8977.49 8979.86 9000.45 9035.14 9067.4 9085.58 9080.46 9069.35 9061.83 9060.17 9057.03 9053.94 9051.84 9049.99 9048.49 9045.99 9042.43 9037.17 9028.91 9017.22 9004.18
8738.89 8724.37 8715.57 8717.7 8715.13 8701.63 8688.07 8681.34 8675.93 8674.53 8677.75 8685.04 8694.45 8704.82 8716.87 8730.35 8744.72 8756.22 8749.64 8747.38 8745.38 8748.35 8752.5 8756.71 8761.42 8766.85 8772.97 8779.7 8783.36 8797.34 8833.98 8858.02 8884.34 8908.28 8935.36 8966.28 8978.44 8978.38 8975.84 8973.84 8972.49 8972.37 8973.29 8974.71 8977.78 8980.63 8980.9 8979.42 8995.1 9024.19 9060 9082.59 9080.33 9074.23 9071.95 9072.24 9071.87 9064.37 9059.94 9056.4 9052.86 9048.65 9043.91 9037.5 9028.52 9017.14 9003.56
8735.89 8721.63 8717.25 8722.19 8722.25 8710.12 8698.36 8688.15 8682.91 8677.73 8678.79 8683.81 8692.11 8702.88 8714.87 8729.36 8747.18 8761.34 8754.17 8746.61 8743.17 8745.37 8750 8755.27 8760.47 8767.7 8775.28 8783.72 8794.26 8809.07 8833.1 8858.5 8877.67 8901.12 8926.87 8952.97 8964.84 8965.88 8964.74 8963.06 8961.84 8963.01 8966.67 8970.87 8975.48 8979.23 8979.82 8977.88 8988.21 9007.22 9032.27 9058.8 9074.19 9075.54 9076.87 9077.42 9075.91 9070.63 9065.69 9060.96 9057.1 9052.31 9047.07 9041.19 9033.84 9025.2 9016.37
8731.03 8716.45 8706.85 8713.33 8716.61 8714.34 8710.95 8704.79 8697.04 8688.21 8683.61 8685.23 8691.59 8700.4 8710.11 8720.74 8734.35 8748.78 8744.34 8738.42 8737.86 8742.35 8745.55 8752.16 8760.72 8769.63 8778.13 8789.78 8805.49 8821.43 8835.54 8851.32 8869.07 8889.63 8910.46 8929.88 8944.29 8949.07 8950.77 8951.4 8951.88 8955.39 8961.14 8966.94 8971.48 8975.08 8977.75 8975.07 8980.21 8987.75 8997.06 9026.66 9063.97 9079.16 9077.34 9078.73 9076.9 9073.09 9068.44 9063.91 9059.56 9055.97 9051.62 9046.85 9041.56 9036.52 9032.51
