real_craters/C083-750m.grd
DSAA
80 80
-29.6625 29.6625
-29.6625 29.6625
8351.1731177033 9722.2236579446
[rows 40 to 79 of 80, columns 0 to 79 of 80]
9389 9363 9343 9323 9310 9302 9283 9275 9276 9276 9300 9315 9331 9313 9287 9269 9222 9171 9156 9152 9148 9169 9197 9212 9263 9279 9171 9251 9424 9446 9149 8905 8787 8708 8632 8567 8516 8482 8502 8522 8529 8550 8480 8418 8435 8511 8606 8720 8849 9070 9293 9417 9385 9273 9199 9164 9154 9188 9250 9277 9296 9308 9319 9301 9300 9308 9302 9313 9321 9323 9328 9330 9327 9335 9354 9373 9378 9327 9329 9331
9372 9373 9357 9332 9303 9274 9275 9277 9278 9303 9304 9326 9311 9302 9299 9280 9236 9187 9164 9149 9143 9167 9208 9220 9230 9279 9202 9267 9409 9432 9207 8948 8823 8736 8660 8590 8533 8485 8464 8486 8487 8475 8464 8481 8489 8550 8637 8750 8902 9128 9365 9441 9382 9187 9158 9160 9164 9224 9268 9316 9322 9318 9289 9283 9271 9277 9287 9299 9308 9313 9314 9313 9315 9333 9354 9377 9370 9307 9332 9343
9392 9392 9369 9346 9332 9343 9308 9279 9251 9251 9270 9278 9270 9272 9274 9250 9215 9186 9162 9145 9134 9157 9173 9199 9207 9238 9177 9282 9410 9450 9265 9014 8895 8795 8705 8623 8550 8491 8466 8458 8453 8450 8484 8504 8535 8588 8666 8772 8886 9161 9453 9452 9314 9175 9149 9176 9221 9258 9280 9292 9299 9286 9256 9257 9266 9282 9284 9294 9306 9313 9310 9311 9309 9328 9343 9352 9337 9307 9325 9350
9396 9391 9367 9350 9339 9322 9308 9286 9276 9255 9266 9249 9237 9237 9222 9195 9184 9173 9169 9145 9131 9150 9175 9166 9195 9189 9228 9290 9401 9493 9411 9167 9002 8876 8767 8668 8577 8499 8466 8451 8447 8460 8493 8525 8567 8631 8712 8801 8944 9220 9516 9425 9196 9163 9176 9190 9218 9249 9269 9283 9278 9258 9242 9231 9258 9282 9285 9298 9312 9324 9329 9343 9351 9332 9322 9326 9322 9309 9331 9361
9320 9343 9340 9341 9341 9321 9307 9288 9267 9284 9279 9264 9241 9220 9197 9173 9171 9164 9158 9140 9131 9144 9153 9150 9177 9173 9196 9262 9352 9435 9403 9222 9078 8949 8829 8721 8622 8545 8483 8458 8455 8473 8510 8554 8598 8679 8780 8903 9039 9276 9538 9417 9207 9178 9197 9207 9220 9235 9259 9270 9257 9237 9228 9210 9248 9274 9288 9303 9321 9340 9361 9358 9349 9324 9295 9261 9289 9324 9337 9341
9249 9273 9287 9309 9343 9345 9319 9301 9298 9294 9278 9269 9240 9221 9203 9188 9181 9172 9149 9140 9139 9150 9142 9170 9182 9175 9162 9228 9277 9299 9368 9258 9126 9008 8897 8788 8680 8589 8517 8492 8478 8493 8546 8590 8643 8747 8889 9023 9164 9336 9510 9389 9242 9176 9175 9209 9229 9235 9245 9252 9236 9214 9205 9200 9222 9254 9281 9304 9324 9344 9362 9343 9323 9314 9298 9302 9322 9315 9319 9329
9168 9189 9220 9254 9292 9334 9325 9312 9309 9319 9311 9286 9257 9237 9225 9218 9203 9184 9167 9179 9184 9161 9155 9178 9183 9196 9225 9220 9230 9234 9240 9215 9140 9067 8974 8868 8771 8676 8634 8595 8558 8551 8603 8644 8688 8833 9013 9188 9334 9481 9411 9318 9192 9150 9184 9199 9211 9217 9216 9215 9199 9194 9183 9177 9198 9236 9281 9306 9318 9329 9336 9338 9323 9310 9302 9293 9293 9307 9320 9325
9138 9128 9156 9199 9246 9314 9318 9306 9302 9303 9282 9281 9268 9247 9230 9227 9226 9223 9212 9222 9209 9168 9158 9187 9174 9180 9195 9202 9204 9201 9192 9165 9139 9100 9050 8983 8896 8815 8807 8744 8668 8614 8681 8749 8805 8949 9115 9264 9392 9467 9333 9244 9165 9139 9154 9166 9176 9180 9182 9174 9177 9172 9173 9181 9205 9247 9296 9308 9302 9300 9314 9314 9307 9296 9292 9278 9274 9297 9311 9316
9129 9081 9110 9163 9209 9257 9276 9284 9293 9302 9304 9279 9267 9256 9241 9238 9241 9242 9228 9230 9215 9190 9162 9174 9176 9181 9185 9197 9202 9197 9174 9149 9130 9112 9094 9085 9054 9004 8976 8919 8845 8814 8858 8888 8971 9074 9316 9377 9359 9266 9192 9172 9145 9134 9134 9143 9148 9154 9158 9158 9170 9166 9166 9186 9208 9254 9326 9300 9272 9243 9235 9263 9272 9268 9265 9255 9260 9288 9318 9326
9085 9043 9081 9156 9224 9259 9261 9244 9251 9274 9255 9263 9274 9261 9248 9250 9251 9248 9224 9221 9215 9198 9176 9166 9174 9195 9197 9200 9195 9199 9178 9154 9143 9143 9157 9188 9230 9225 9111 9072 9081 9032 9000 9004 9011 9159 9374 9376 9306 9218 9151 9126 9122 9130 9134 9140 9140 9136 9139 9149 9167 9161 9162 9187 9207 9245 9267 9268 9243 9211 9203 9225 9238 9237 9225 9240 9253 9273 9299 9287
8981 9004 9065 9160 9239 9258 9259 9232 9232 9255 9238 9245 9244 9248 9244 9254 9237 9238 9224 9225 9214 9202 9179 9167 9159 9156 9167 9167 9160 9175 9183 9169 9168 9175 9200 9254 9359 9451 9324 9201 9161 9073 9095 9125 9201 9302 9263 9287 9258 9184 9101 9094 9100 9112 9116 9113 9106 9114 9120 9123 9127 9143 9153 9171 9206 9234 9253 9251 9224 9195 9196 9215 9221 9218 9211 9225 9234 9238 9235 9247
8831 8954 9059 9152 9207 9231 9233 9229 9222 9224 9228 9241 9258 9257 9237 9218 9192 9173 9184 9185 9202 9205 9193 9161 9140 9149 9124 9099 9108 9113 9141 9166 9173 9186 9201 9232 9282 9331 9322 9266 9299 9208 9193 9193 9251 9260 9209 9222 9217 9172 9084 9085 9093 9096 9083 9080 9092 9102 9107 9109 9116 9136 9164 9174 9207 9229 9252 9243 9214 9188 9196 9223 9216 9211 9204 9207 9210 9209 9210 9203
8719 8818 9005 9177 9244 9216 9193 9191 9198 9211 9220 9240 9269 9271 9241 9202 9167 9153 9150 9169 9190 9192 9181 9177 9166 9172 9139 9095 9082 9067 9114 9158 9165 9173 9179 9169 9120 9104 9124 9178 9200 9311 9214 9176 9147 9151 9185 9192 9189 9149 9098 9088 9086 9080 9053 9064 9091 9102 9105 9104 9106 9122 9159 9187 9210 9224 9241 9227 9205 9196 9194 9203 9205 9207 9211 9188 9191 9186 9177 9183
8656 8724 8922 9148 9173 9185 9210 9154 9176 9208 9208 9227 9253 9272 9268 9218 9181 9156 9142 9150 9167 9157 9151 9157 9161 9161 9150 9130 9083 9055 9092 9128 9142 9149 9147 9137 9095 9071 9079 9030 9030 9081 9131 9129 9123 9156 9178 9177 9178 9168 9125 9095 9073 9057 9063 9077 9102 9111 9113 9112 9115 9128 9175 9212 9215 9205 9197 9189 9186 9179 9177 9178 9190 9198 9205 9209 9188 9174 9163 9180
8645 8676 8812 9041 9060 9122 9184 9104 9158 9210 9208 9212 9210 9224 9241 9221 9183 9145 9128 9116 9148 9177 9158 9146 9138 9134 9130 9118 9082 9056 9062 9087 9111 9121 9131 9144 9177 9139 9089 8995 8984 9003 9057 9085 9093 9101 9137 9143 9139 9141 9137 9092 9067 9057 9076 9108 9121 9125 9127 9128 9129 9147 9185 9207 9198 9187 9168 9168 9175 9175 9178 9177 9177 9181 9188 9195 9183 9169 9158 9171
8650 8667 8753 8913 8991 9038 9049 9063 9136 9170 9192 9192 9191 9198 9211 9208 9187 9149 9118 9102 9107 9130 9147 9145 9120 9087 9088 9085 9067 9052 9038 9041 9079 9095 9110 9122 9126 9116 9096 9064 9012 9003 9029 9058 9078 9083 9114 9110 9082 9067 9073 9076 9072 9084 9142 9143 9142 9142 9143 9150 9164 9194 9205 9212 9204 9186 9171 9174 9174 9170 9159 9161 9167 9169 9174 9185 9178 9167 9159 9164
8654 8681 8770 8889 8934 8970 9003 9034 9124 9150 9173 9169 9174 9193 9198 9204 9186 9157 9119 9106 9095 9105 9132 9112 9115 9066 9072 9057 9042 9027 9026 9034 9052 9070 9085 9096 9096 9072 9037 9013 9000 9013 9033 9063 9104 9169 9144 9103 9064 9049 9060 9068 9089 9123 9127 9155 9156 9154 9157 9164 9181 9198 9203 9204 9197 9194 9188 9187 9175 9165 9155 9154 9162 9172 9179 9180 9173 9165 9164 9181
8653 8683 8812 8802 8841 8915 8984 9009 9107 9138 9149 9123 9128 9155 9184 9208 9224 9175 9124 9127 9103 9104 9147 9117 9110 9079 9074 9051 9036 9028 9023 9016 9027 9049 9061 9067 9070 9037 8995 8981 9011 9019 9038 9067 9098 9107 9129 9099 9064 9047 9047 9067 9090 9107 9123 9152 9158 9158 9161 9168 9178 9190 9183 9183 9199 9195 9187 9178 9181 9168 9153 9152 9159 9174 9184 9176 9166 9157 9153 9153
8654 8671 8796 8750 8778 8864 8930 8955 9042 9118 9106 9084 9094 9114 9150 9195 9214 9182 9168 9154 9147 9103 9086 9115 9119 9104 9073 9053 9050 9046 9033 9027 9032 9040 9042 9032 9012 9007 8986 8968 8954 8996 9027 9060 9091 9120 9110 9095 9085 9068 9066 9086 9115 9115 9116 9134 9143 9149 9156 9166 9173 9179 9176 9149 9170 9179 9184 9197 9185 9169 9155 9154 9155 9152 9160 9162 9154 9145 9135 9124
8666 8678 8692 8703 8750 8828 8896 8937 8945 9009 9050 9048 9057 9076 9117 9157 9172 9162 9156 9143 9138 9118 9079 9093 9113 9095 9060 9055 9051 9047 9044 9044 9045 9040 9035 9023 9008 8996 8983 8968 8957 8980 9015 9046 9076 9096 9083 9082 9078 9072 9075 9092 9124 9105 9080 9087 9116 9133 9148 9159 9173 9182 9172 9152 9151 9157 9177 9193 9182 9168 9168 9159 9154 9149 9142 9144 9142 9134 9123 9113
8681 8684 8684 8688 8733 8800 8902 8944 8928 8953 9004 9029 9036 9044 9090 9127 9140 9144 9146 9139 9127 9125 9096 9068 9075 9077 9077 9070 9042 9041 9054 9063 9055 9048 9039 9032 9019 9000 8988 8986 8965 8972 8999 9031 9063 9082 9084 9059 9037 9052 9067 9075 9066 9070 9080 9087 9102 9123 9139 9152 9164 9176 9172 9160 9150 9155 9168 9185 9173 9161 9162 9156 9152 9152 9148 9142 9135 9127 9119 9113
8680 8683 8683 8684 8714 8757 8803 8897 8926 8943 8986 9027 9024 9044 9080 9129 9144 9138 9143 9146 9126 9116 9102 9094 9097 9069 9081 9081 9076 9063 9064 9072 9075 9055 9038 9029 9020 9007 8997 9003 8981 8971 8994 9024 9049 9064 9075 9053 9038 9040 9059 9072 9074 9061 9061 9079 9105 9117 9128 9141 9155 9169 9169 9166 9153 9152 9148 9144 9151 9152 9150 9147 9146 9154 9155 9144 9134 9125 9119 9124
8675 8677 8678 8683 8694 8722 8789 8898 8930 8938 8970 8997 9011 9018 9068 9125 9144 9150 9154 9153 9160 9120 9127 9132 9113 9090 9065 9048 9064 9069 9064 9065 9070 9052 9028 9005 9006 9014 9016 8996 8969 8969 8990 9015 9040 9057 9060 9033 9020 9031 9057 9090 9090 9043 9033 9056 9104 9107 9115 9124 9140 9181 9197 9155 9157 9154 9130 9112 9138 9130 9133 9135 9136 9137 9149 9139 9126 9117 9112 9113
8670 8672 8680 8679 8677 8680 8737 8853 8925 8927 8948 8977 9017 9043 9060 9083 9121 9157 9149 9141 9155 9155 9119 9119 9114 9104 9075 9044 9043 9056 9054 9051 9042 9039 9022 9001 9009 9027 9042 9028 9001 8990 8994 9000 9016 9033 9032 8997 8989 9007 9035 9073 9068 9021 9025 9038 9071 9091 9101 9111 9120 9142 9208 9205 9178 9142 9132 9121 9100 9100 9109 9124 9132 9141 9141 9129 9118 9108 9101 9096
8665 8666 8670 8681 8675 8671 8732 8869 8912 8884 8910 8956 8987 9020 9036 9047 9080 9095 9129 9138 9164 9158 9138 9116 9113 9103 9088 9073 9043 9038 9044 9039 9035 9031 9025 9025 9026 9038 9048 9040 9041 9020 8997 8978 8973 8992 9022 8967 8963 8981 8997 8995 9014 8998 8996 9019 9059 9067 9079 9095 9116 9147 9175 9195 9189 9163 9154 9156 9131 9122 9120 9122 9127 9132 9125 9115 9106 9098 9091 9084
8664 8665 8672 8684 8680 8688 8736 8800 8748 8814 8863 8898 8897 8956 8996 9016 9059 9098 9130 9155 9156 9140 9149 9146 9120 9099 9085 9082 9077 9062 9052 9039 9021 9020 9029 9031 9033 9037 9048 9041 9045 9033 9003 8966 8909 8932 8949 8955 8962 8962 8963 8962 8965 8960 8979 9030 9028 9034 9054 9077 9106 9122 9167 9182 9170 9172 9160 9163 9153 9144 9138 9122 9106 9090 9093 9095 9093 9087 9080 9074
8669 8668 8671 8680 8685 8691 8729 8768 8767 8790 8830 8859 8882 8928 8975 9014 9059 9106 9130 9139 9133 9127 9121 9126 9114 9099 9092 9087 9088 9087 9067 9049 9033 9026 9029 9033 9025 9026 9030 9034 9045 9027 9006 8980 8965 8922 8889 8932 8948 8941 8938 8941 8939 8947 8994 9026 9002 9005 9032 9056 9061 9082 9151 9205 9228 9178 9154 9169 9187 9199 9165 9130 9089 9067 9077 9082 9080 9076 9070 9066
8684 8673 8680 8688 8692 8690 8721 8753 8769 8779 8803 8839 8885 8921 8965 9016 9060 9098 9120 9120 9120 9121 9116 9112 9098 9092 9087 9069 9084 9094 9073 9054 9047 9036 9011 8998 8999 9006 9022 9020 9024 9032 9008 8985 8964 8921 8893 8879 8909 8918 8917 8910 8928 8952 8990 8990 8979 8988 9020 9046 9061 9073 9123 9204 9231 9194 9163 9175 9190 9205 9180 9146 9120 9109 9088 9079 9073 9067 9063 9059
8708 8713 8707 8693 8701 8707 8724 8742 8743 8766 8787 8810 8882 8923 8955 8999 9066 9102 9110 9115 9111 9067 9050 9057 9071 9078 9086 9069 9069 9078 9060 9050 9043 9029 8990 8968 8974 8976 8981 8999 9009 9014 8994 8973 8948 8921 8888 8891 8896 8899 8899 8910 8935 8951 8956 8957 8964 8989 9013 9039 9067 9088 9140 9169 9211 9197 9185 9185 9204 9210 9187 9153 9132 9115 9091 9076 9069 9063 9058 9053
8732 8722 8697 8695 8700 8717 8724 8735 8758 8764 8775 8792 8863 8911 8931 8978 9044 9059 9048 9096 9090 9070 9046 9040 9051 9057 9055 9039 9034 9028 9032 9027 9018 9001 8979 8965 8963 8962 8954 8960 8989 8982 8972 8961 8945 8927 8912 8896 8898 8892 8887 8894 8940 8947 8940 8935 8957 8991 9009 9022 9040 9076 9105 9123 9148 9161 9174 9209 9214 9218 9190 9148 9093 9085 9078 9071 9066 9060 9053 9047
8739 8713 8691 8675 8683 8701 8725 8737 8753 8761 8769 8792 8856 8903 8948 8982 8990 8985 8974 8994 9073 9071 9053 9048 9048 9040 9019 8999 8999 9002 9007 9003 8995 8982 8976 8967 8963 8961 8954 8953 8967 8964 8956 8951 8942 8931 8928 8931 8913 8900 8890 8881 8944 8928 8917 8930 8952 8976 8995 9010 9026 9054 9081 9091 9103 9127 9151 9174 9205 9220 9202 9162 9113 9066 9069 9068 9064 9059 9053 9047
8736 8718 8710 8685 8679 8698 8730 8758 8743 8753 8768 8789 8835 8891 8956 8966 8962 8970 8980 8983 9038 9077 9077 9067 9056 9043 9023 8998 8986 9003 8998 8988 8980 8971 8969 8964 8958 8956 8956 8957 8960 8953 8946 8941 8935 8929 8923 8919 8913 8902 8898 8903 8889 8883 8895 8921 8946 8960 8985 9000 9010 9021 9034 9061 9097 9138 9166 9179 9208 9239 9226 9193 9132 9093 9084 9078 9071 9063 9056 9049
8720 8698 8715 8730 8689 8696 8705 8691 8725 8742 8774 8804 8839 8868 8898 8928 8941 8960 8976 8974 8978 9064 9079 9073 9062 9054 9049 9033 8998 8985 8981 8977 8972 8967 8963 8955 8946 8945 8957 8959 8959 8954 8943 8939 8931 8923 8915 8910 8911 8898 8886 8888 8857 8871 8888 8917 8951 8980 8986 8979 8979 8979 9026 9011 9057 9136 9148 9171 9195 9220 9237 9237 9205 9139 9114 9097 9083 9071 9058 9050
8698 8692 8709 8702 8708 8697 8698 8702 8713 8747 8796 8840 8868 8883 8891 8918 8941 8959 8971 8973 8983 9069 9079 9068 9062 9059 9059 9042 9012 8987 8976 8975 8969 8960 8953 8948 8939 8944 8954 8955 8956 8955 8950 8921 8927 8925 8919 8924 8920 8893 8861 8853 8874 8848 8880 8915 8939 8972 8953 8942 8946 8957 9029 8973 9002 9091 9124 9128 9135 9182 9223 9244 9218 9170 9139 9114 9092 9075 9060 9048
8681 8695 8704 8716 8697 8689 8693 8701 8718 8768 8833 8872 8900 8907 8919 8942 8954 8967 8974 8982 8990 9039 9049 9054 9053 9051 9053 9052 9028 9007 8996 8982 8971 8959 8952 8947 8941 8934 8942 8946 8948 8950 8954 8962 8939 8931 8929 8937 8924 8892 8859 8846 8855 8862 8879 8910 8946 8898 8877 8889 8911 8939 8992 9018 9047 9108 9100 9092 9082 9139 9178 9211 9230 9201 9164 9132 9106 9083 9062 9045
8661 8672 8687 8687 8670 8673 8676 8694 8732 8806 8876 8933 8929 8925 8954 8979 8982 8982 8987 8999 9012 9045 9053 9047 9044 9038 9030 9019 9018 9011 9002 8988 8976 8967 8958 8953 8947 8948 8939 8941 8940 8937 8943 8945 8942 8935 8932 8925 8917 8895 8864 8848 8847 8859 8870 8888 8896 8870 8852 8865 8906 8936 8973 9004 9031 9042 9051 9056 9059 9090 9134 9178 9225 9209 9176 9145 9117 9092 9064 9041
8624 8650 8672 8682 8666 8664 8670 8693 8742 8832 8879 8933 8947 8945 8983 9007 9004 9006 9011 9026 9048 9049 9042 9037 9032 9028 9022 9021 9014 9009 9003 8989 8980 8976 8969 8962 8950 8946 8948 8940 8936 8935 8935 8941 8940 8936 8931 8924 8929 8906 8877 8856 8846 8843 8854 8860 8859 8848 8846 8862 8921 8980 8966 8959 8986 8990 9011 9028 9037 9074 9112 9145 9195 9196 9176 9148 9122 9093 9067 9043
8645 8659 8667 8676 8682 8665 8676 8693 8725 8754 8839 8911 8972 9006 9027 9029 9033 9038 9046 9044 9054 9042 9031 9024 9022 9021 9021 9009 9009 9003 8990 8986 8979 8975 8980 8970 8955 8942 8947 8936 8929 8929 8935 8936 8937 8935 8932 8926 8920 8910 8897 8868 8853 8852 8841 8840 8833 8830 8841 8876 8924 8960 8953 8942 8955 8959 8980 8998 9023 9073 9106 9133 9175 9180 9169 9147 9122 9095 9065 9039
8648 8659 8656 8652 8650 8660 8667 8695 8727 8756 8847 8931 9006 9076 9087 9092 9063 9068 9071 9054 9026 9032 9016 9015 9016 9015 9015 9008 9005 9001 8995 8981 8972 8969 8969 8970 8958 8930 8922 8922 8918 8917 8929 8935 8936 8934 8930 8925 8917 8906 8897 8884 8860 8837 8833 8832 8827 8828 8848 8882 8921 8946 8936 8931 8940 8952 8956 8991 9014 9047 9075 9125 9163 9166 9156 9137 9112 9086 9060 9035
8629 8639 8642 8644 8650 8653 8663 8713 8772 8838 8869 8944 9028 9081 9085 9079 9066 9060 9069 9056 9016 9006 9031 9018 9018 9010 8998 8995 8988 8981 8976 8968 8960 8955 8961 8965 8958 8946 8924 8913 8905 8901 8919 8935 8935 8932 8926 8918 8907 8901 8899 8895 8869 8843 8833 8841 8853 8874 8910 8922 8914 8913 8914 8910 8926 8943 8963 8985 9004 9032 9074 9122 9152 9152 9142 9125 9103 9077 9052 9028
