real_craters/C083-300m.grd
DSAA
199 199
-29.6625 29.6625
-29.6625 29.6625
8349.0709404908 9724.919195908
[rows 60 to 89 of 199, columns 67 to 133 of 199]
9232.85 9246.84 9266.1 9252.58 9236.39 9237.51 9236.78 9235.34 9234.22 9232.75 9231.64 9231.77 9232.05 9232.88 9232.13 9228.04 9228.37 9240.07 9250.32 9259.73 9271.25 9280.65 9288.44 9293.12 9300 9304.33 9307.59 9310.86 9314.2 9316.74 9319.19 9321.2 9325.72 9330.29 9334.13 9336.3 9335.07 9333.25 9337.86 9344.93 9354.53 9366.49 9372.59 9374.35 9366.8 9349.4 9324.63 9299.7 9278.5 9269.77 9270.24 9274.83 9281.36 9288.6 9294.98 9299.85 9302.84 9300.76 9297.16 9295.19 9292.88 9295.17 9297.96 9299.27 9301.97 9305.13 9309.11
9235.28 9248.89 9261.87 9256.14 9246.8 9239.91 9237.26 9235.86 9235.62 9235.35 9235.62 9235.98 9238.79 9242.99 9247.05 9247.57 9247.01 9257.16 9265.55 9277.82 9295.56 9293.28 9292.7 9300.79 9305.38 9309.05 9313.79 9317.41 9321.34 9324 9326.47 9329.44 9335.01 9340.6 9346.04 9350.68 9350.92 9344.22 9344.87 9347.97 9354.33 9363.77 9371.44 9379.12 9373.5 9350.68 9324.08 9297.64 9275.5 9264.81 9266.07 9272.28 9281.38 9289.43 9297.04 9302.85 9305.34 9303.48 9301.42 9301.46 9303.34 9303.93 9301.38 9300.03 9298.51 9303.15 9309.25
9230.43 9243.1 9255.3 9253.73 9246.55 9240.24 9237.19 9236.1 9235.49 9236 9237.06 9240.18 9243.95 9251.48 9262.71 9282.94 9285.01 9275.41 9276.45 9282.71 9287.89 9297.13 9308.28 9311.16 9312.67 9316.44 9321.31 9324.31 9328.04 9331.36 9333.23 9335.07 9340.29 9346.41 9352.29 9357.69 9360.32 9354.43 9350.4 9348.39 9348.27 9351.04 9362.47 9376.56 9371.81 9349.7 9323.34 9295.9 9271.06 9258.69 9262.37 9271.69 9282.45 9292.76 9301.78 9309.12 9312.47 9312.02 9310.94 9309.84 9308.78 9307.37 9306.47 9305.67 9304.63 9307.55 9311.63
9225.17 9235.86 9256.94 9246.64 9238.94 9236.22 9235.17 9234.13 9235.53 9237.01 9238.45 9241.02 9245.13 9252.71 9264.25 9281.19 9285.3 9280.29 9279.62 9282.85 9287.19 9296.43 9307.93 9312.66 9316.04 9322.24 9329.53 9333.74 9338.61 9337.74 9338.63 9338.86 9340.76 9342.68 9351.14 9359.85 9364.33 9360.85 9355.08 9349.25 9343.39 9340.1 9352.97 9366.21 9364.92 9348.51 9324.62 9297.33 9269.91 9255.18 9262.8 9274.68 9287.33 9300.12 9310.72 9318.98 9324.44 9323.76 9321.51 9320.2 9317.33 9314.41 9313.79 9314.36 9315.83 9315.77 9317.17
9218.28 9228.83 9245.24 9238.71 9233.4 9232.84 9233.42 9235.02 9235.08 9236.48 9237.72 9240.37 9242.19 9246.53 9252.29 9260.5 9268.84 9273.84 9277.77 9282.78 9288.81 9294.32 9299 9306.61 9318.43 9327.41 9338.06 9344.99 9351.28 9351.92 9352.29 9348.57 9345.38 9339.36 9352.48 9364.69 9368.82 9366.3 9361.38 9353.9 9346.16 9342.89 9352.04 9360.7 9362.97 9351.81 9331.03 9305.52 9278.79 9262.58 9271.06 9282.85 9295.52 9309.25 9321.58 9331.36 9335.22 9338.6 9337.4 9334.89 9328.9 9323.08 9323.71 9323.22 9320.78 9323 9324.14
9212.58 9225.76 9234.64 9232.95 9231.01 9231.35 9231.66 9233.66 9234.94 9236.01 9235.05 9236.97 9237.44 9238.62 9238.16 9239.12 9253.48 9266.56 9275.49 9282.54 9287.5 9291.58 9294.33 9303.21 9321.34 9336.29 9351.21 9363.15 9370.8 9375.24 9372.69 9367.66 9361.9 9357.81 9368.82 9379.61 9384.53 9383.88 9375.04 9364.03 9356.87 9353.83 9361.17 9367.92 9372.84 9362.47 9343.29 9320.92 9299.55 9286.95 9287.71 9294.32 9305.1 9319.49 9333.83 9348.36 9356.74 9358.28 9358.62 9350.21 9343.24 9338.9 9338.67 9338.56 9335.28 9333.42 9331.04
9188.71 9216.72 9227.2 9226.99 9228.6 9231.42 9234.3 9229.42 9230.69 9232.26 9230.95 9232.43 9235.34 9236.75 9235.35 9228.59 9250.77 9266.01 9277.08 9285.49 9293.11 9298.28 9297.61 9308.06 9329.45 9348.52 9365.62 9379.72 9389.55 9399.99 9399.55 9395.2 9385.81 9383.63 9399.17 9408.34 9399.26 9391.38 9382.05 9377.65 9374.29 9374.25 9381.02 9387.25 9392.94 9379.74 9359.45 9338.47 9320.82 9311.86 9304.19 9305.25 9313.59 9326.86 9342.72 9363.39 9378.76 9372.44 9364.69 9359.39 9352.95 9350.3 9345.47 9352.54 9353.99 9341.49 9334
9162.64 9193.96 9218.67 9224.18 9225.54 9229.86 9230.74 9230.81 9229.31 9230.89 9228.73 9231.41 9234.44 9238.67 9246.87 9260.9 9262.97 9274.35 9285.41 9293.39 9297.49 9299.47 9304.71 9316.46 9345.91 9369.47 9387.04 9401.56 9411.94 9423.37 9428.81 9433.25 9429.16 9425.84 9447.88 9459.49 9456.35 9428.43 9403.77 9401.03 9399.4 9401.16 9408.85 9420.3 9419.1 9400.8 9376.79 9353.15 9332.81 9319.32 9310.61 9311.23 9319.09 9330.93 9344.77 9359.53 9372.5 9379.67 9380.22 9373.63 9354.88 9334.06 9331.46 9343.7 9347.65 9337.32 9330.42
9156.36 9182.39 9205.54 9215.28 9221.8 9226.57 9227.92 9229.2 9230.6 9233.3 9231.17 9233.99 9234.76 9240.73 9250.96 9262.64 9274.02 9287.89 9301.07 9309.97 9311.3 9310.99 9329.64 9344.61 9377.54 9397.75 9412.71 9424.24 9433.28 9447.02 9461.22 9480.18 9501.73 9508.91 9511.66 9519.42 9529.25 9501.03 9447.53 9435.64 9434.88 9435.36 9439.32 9450.1 9446.84 9421.42 9393.18 9365.45 9339.1 9317.05 9307.59 9312 9320.94 9332.62 9345.34 9352.29 9363.18 9381.78 9397.65 9386.26 9352.7 9324.68 9314.37 9317.35 9322.12 9323.87 9323.35
9158.16 9176.23 9203.37 9213.46 9217.6 9221.17 9224.33 9228.11 9229.88 9233.2 9232.85 9236.2 9240.53 9244.74 9252.26 9264.25 9284.81 9305.59 9324.55 9339.77 9349.57 9357.27 9384.43 9408.2 9426.72 9435.2 9440.66 9442.21 9450.03 9464.33 9487.05 9517.49 9548.48 9561.98 9561.46 9563.19 9562.9 9538.06 9494.15 9470.86 9456.02 9456.22 9471.14 9484.6 9465.9 9437.76 9407.84 9376.45 9345.65 9317.11 9306.38 9311.52 9319.59 9330.79 9346.72 9369.71 9373.39 9374.02 9380.05 9368.13 9338.8 9315.56 9303.51 9298.2 9302.28 9309.36 9314.38
9152.71 9168.46 9202.01 9211.35 9207.89 9213.61 9220.3 9225.78 9232.65 9233.65 9238.99 9244.4 9247.68 9252.16 9258.5 9274.01 9299.61 9327.26 9353.77 9378.39 9403.67 9437.83 9454.16 9470.74 9478.74 9472.88 9463.69 9456.25 9456.68 9468.53 9494.89 9538.68 9582.46 9589.23 9586.13 9586.78 9584.96 9570.26 9546.99 9508.11 9468.72 9465.58 9478.19 9484.78 9473.62 9450.06 9420.99 9388.25 9356.68 9330.45 9317.18 9314.29 9317.58 9325.96 9337.25 9351.08 9356.13 9351.49 9343.7 9329.5 9314.29 9300.52 9290.42 9284.67 9289.16 9297.82 9306.1
9146.87 9159.47 9186.25 9182.66 9191.85 9201.8 9212.04 9220.36 9230.49 9240.91 9249.01 9257.9 9261.76 9265.84 9266.63 9287.04 9318.45 9350.51 9383.25 9415.17 9447.1 9474.16 9505.27 9527.24 9526.42 9504.97 9476.4 9455.05 9444.5 9450.67 9471.51 9516.71 9587.61 9584.82 9576.48 9587.89 9605.11 9613.84 9596.58 9557.32 9512.84 9498.69 9484.57 9489.69 9485.7 9462.74 9432.93 9399.39 9368.28 9343.17 9327.89 9317.68 9316.4 9319.47 9322.8 9323.31 9327.94 9326.46 9314.17 9298.08 9291.67 9281.59 9268.01 9269.56 9279.24 9289.85 9300.22
9142.62 9146.57 9156.33 9165.72 9174.98 9187.05 9203.75 9219.78 9235.03 9252.5 9264.45 9276 9282.11 9288.46 9287.69 9310.53 9341.16 9374.08 9408.32 9445.46 9483.25 9513.61 9557.5 9589.41 9575.49 9518.94 9466.28 9430.67 9410.78 9404.8 9410 9428.63 9460.7 9492.69 9521.09 9557.75 9604.92 9653.94 9635.49 9606.84 9588.48 9558.43 9534.33 9532.26 9513.13 9481.21 9444.06 9407.02 9374.29 9345.15 9326.07 9319.19 9318.54 9318.15 9316.66 9312.62 9317.19 9315.72 9302.78 9284.6 9285.89 9283.16 9277.01 9271.19 9279.93 9290.16 9299.81
9139.62 9137.36 9141.38 9145.08 9160.28 9177.57 9198.73 9219.53 9243.17 9266.25 9282.92 9299.65 9309.78 9318.05 9327.79 9342.43 9365.31 9392.6 9423.81 9461.88 9510.29 9574.79 9612.74 9621.84 9587.24 9483.47 9419.03 9378.36 9353.56 9339.8 9331.4 9320.81 9322.28 9380.69 9435.66 9490.75 9554.66 9631.34 9636.33 9625.58 9607.29 9610.49 9610.59 9594.92 9543.2 9495.9 9451.67 9411.59 9377.91 9348.26 9328.67 9323.06 9324.08 9326.26 9326.24 9324.45 9325.84 9323.69 9315.36 9304.42 9302.44 9298.16 9291.99 9287.98 9288.72 9295.16 9302.52
9130.1 9132.78 9138.59 9140.46 9152.8 9170.28 9199.04 9225.46 9253.52 9278.33 9305.32 9324.92 9340.78 9348.03 9362.88 9369.3 9384.15 9401.4 9422.96 9451.75 9492.6 9546.54 9555.88 9501.35 9434.5 9375.86 9331.6 9301.06 9280.97 9268.05 9255.19 9239.33 9234.97 9288.72 9342.09 9391.94 9446.06 9506.37 9562.8 9598.37 9606.23 9608.13 9661.93 9612.69 9544.18 9490.89 9446.99 9412.56 9381.47 9353.26 9332.28 9328.72 9335.1 9341.58 9347.79 9352.25 9346.78 9343.4 9341.01 9339.45 9333.09 9321.29 9305.52 9297.36 9300.01 9302.99 9307.62
9135.7 9136.28 9141.62 9140.2 9148.21 9170.54 9203.96 9236.79 9270.34 9301.65 9334.33 9359.46 9377.1 9377.62 9374.3 9390.76 9395.89 9398.51 9403.63 9412.29 9425.01 9431.96 9404.79 9334.78 9257.1 9235.73 9219.23 9204.77 9195.33 9190.16 9189.29 9192.66 9200.4 9219.08 9249.42 9280.99 9310.41 9337.03 9400.63 9455.71 9469.51 9486.24 9521.29 9531.18 9495.77 9462.75 9435.99 9408.82 9385.03 9360.83 9339.81 9341.25 9350.93 9359.68 9367 9372.68 9366.65 9364.27 9366.12 9371.96 9364.43 9349.55 9334.06 9320.23 9315.28 9312.92 9313.32
9139.28 9140.21 9142.74 9138.92 9147.15 9173.89 9210.71 9248.76 9285.61 9324.98 9360.26 9395.97 9423.44 9431.43 9425.22 9419.62 9402.5 9384.95 9367.62 9351.93 9334.56 9306.35 9257.63 9186.29 9111.61 9106.59 9107.35 9105.51 9105.25 9109.04 9120.26 9143.54 9153.15 9147.12 9155.2 9168.35 9180.19 9187.62 9226.85 9276.55 9300.07 9321.05 9351.52 9404.07 9419.75 9417.68 9405.94 9397.2 9387.16 9375.89 9365.63 9367.78 9374.58 9378.47 9379.3 9381.37 9380.7 9380.63 9382.58 9385.87 9380.45 9371.65 9365.8 9346.26 9330.02 9322.45 9319.71
9138.98 9139.9 9137.74 9137.37 9152.21 9184.33 9225.1 9268.88 9307.11 9343.45 9382.04 9424.52 9470.53 9508.7 9497.4 9446.64 9398.46 9357.41 9319.16 9281.6 9240.19 9192.13 9132.82 9070.84 9013.92 9006.28 9007.34 9008.95 9011.24 9017.6 9031.06 9056.41 9065.65 9058.19 9059.98 9065.76 9066.87 9070.73 9099.17 9144.79 9181.77 9206.5 9238.9 9304.58 9344.37 9365.6 9374.8 9385.7 9391.91 9397.2 9402.69 9407.17 9405.79 9401.44 9396.45 9393.22 9393.03 9393.26 9392.86 9389.46 9384.49 9379.33 9372.55 9350.1 9336.27 9327.94 9323.72
9148.4 9141.5 9138.03 9141.85 9163.23 9199.17 9244.95 9288.57 9325.08 9356.47 9392.01 9432.31 9483.27 9553.9 9526.93 9440.83 9372.27 9314.21 9259.71 9206.17 9149.11 9088.87 9025.78 8976.64 8947.38 8928.74 8921.03 8918.03 8918.78 8921.41 8927.28 8934 8946.71 8957.67 8966.19 8974.66 8979.76 8982.1 8995.51 9107.62 9131.87 9170.05 9210.32 9249.97 9287.66 9320.17 9345.14 9371.61 9394.79 9417.31 9438.74 9449.48 9442.66 9426.94 9408.79 9405.68 9406.57 9405.11 9401.54 9398.5 9393.29 9375.55 9359.53 9346.66 9335.98 9329.22 9325.03
9152.26 9142.05 9141.51 9149.08 9164.89 9224.61 9272.33 9308.96 9336.79 9361.6 9383.41 9411.71 9439.38 9456.68 9441.73 9382.82 9317.1 9255.07 9192.65 9130.08 9063.37 8995.68 8928.51 8886.35 8866.91 8848.51 8837.98 8833.22 8830.24 8827.98 8825.53 8825.92 8841.7 8861.91 8880.55 8894.69 8910.51 8940.47 9014.98 9082.74 9088.11 9117.62 9171.79 9196.74 9230.96 9269.61 9307.78 9347.82 9388.31 9429.11 9463.87 9484.39 9482.83 9460.01 9431.17 9425.95 9425.48 9418.45 9407.02 9393.74 9379.98 9364.68 9349.18 9339.34 9333.93 9330 9326.97
9148.89 9142.34 9159 9190.68 9234.46 9281.46 9313.93 9337.63 9350.29 9361.33 9367.43 9372.03 9370.04 9359.94 9339.61 9297.64 9242.42 9181.62 9120.69 9056.06 8985.46 8917 8846.66 8806.28 8782.06 8766.85 8763.31 8756.17 8748.3 8742.42 8739.13 8735.18 8753.37 8772.77 8791.98 8814.28 8839.44 8871.74 8900.4 8941.7 9002.73 9039.31 9085.68 9123.86 9164.35 9211.98 9259.76 9310.79 9368.22 9429.54 9489.77 9531.06 9532.88 9506.26 9475.96 9463.51 9452.6 9435.36 9412.74 9386.05 9357.15 9357.51 9353.62 9339.49 9333.7 9331.53 9329.45
9161.86 9172.33 9204.38 9253.87 9327.33 9357.07 9367.17 9371.56 9366.12 9356.99 9341.13 9322.53 9297.95 9268.79 9244.79 9209.92 9163.22 9108.47 9050.68 8986.15 8919.4 8856.13 8801.05 8763.14 8733.95 8716.29 8703.58 8688.29 8674.81 8664.83 8663.18 8677.05 8677.57 8692.2 8713.01 8739.02 8767.41 8800.38 8833.03 8866 8917.87 8945.13 8983.91 9036.73 9086.81 9147.68 9203.88 9267.99 9335.16 9411.73 9497.41 9577.37 9574.32 9552.66 9523.4 9509.76 9486.7 9456.82 9423.59 9389.88 9363.91 9356.81 9356.44 9342.9 9336.44 9334.06 9331.63
9199.35 9236.33 9268.04 9309.71 9377.96 9413.4 9413.77 9402.56 9379.3 9348.6 9312.43 9270.71 9227.41 9185.85 9157.9 9125.86 9085.73 9034.52 8980.15 8919.59 8860.31 8801.6 8753.74 8716.94 8698.79 8688.67 8653.78 8629.92 8610.77 8593.33 8580.12 8576.71 8596.87 8615.57 8639.35 8663.64 8693.77 8733.51 8776.76 8818.54 8853.92 8864.51 8895.86 8953.85 9012.07 9073.96 9137.94 9210.02 9283.83 9366.72 9455.38 9539.73 9578.54 9601.82 9596.75 9562.38 9520.06 9476.84 9435.18 9396.07 9361.15 9353.47 9353.09 9346.02 9341.27 9338.62 9335.54
9244.41 9300.96 9331.68 9368.86 9430.04 9464.9 9455.32 9427.95 9385.29 9335.73 9280.9 9221.32 9160.91 9111.09 9080.41 9051.24 9010.91 8965.37 8912.39 8859.71 8804.54 8748.58 8697.97 8661.05 8643.61 8620.75 8600.76 8576.6 8552.96 8530.17 8510.22 8509.48 8529.24 8555.94 8579.02 8601.44 8625.47 8652.52 8693.09 8747.2 8780.98 8784.42 8820.06 8874.34 8934.54 8998.61 9068.26 9142.42 9216.65 9297.13 9377.51 9453.54 9540.44 9626.92 9652.86 9596.94 9538.48 9487.55 9442.84 9403.63 9372.64 9358.42 9355.09 9352.5 9347.67 9344.17 9340.28
9282.76 9345.39 9380.53 9422.07 9482.29 9516.44 9491.16 9446.09 9387.27 9321.48 9252.39 9180.06 9103.94 9043.96 9018.64 8987.38 8947.31 8902.81 8854.34 8803.42 8752.53 8701.43 8653.62 8616.37 8596.18 8588.97 8551.88 8527.93 8504.53 8481.06 8456.44 8452.96 8476.88 8498.56 8519.5 8538.05 8555.45 8569.55 8596.78 8655.96 8669.25 8681.32 8725 8785.57 8849.83 8919.92 8990.65 9063.7 9137.69 9213.73 9288.05 9361.09 9473.62 9597.81 9635.44 9582.8 9527.57 9480.55 9440.82 9407.56 9380.71 9367.35 9363.9 9360.46 9356.2 9351.27 9344.67
9314.35 9376.16 9408.31 9442.55 9504.92 9555.51 9516.64 9456.01 9382.25 9304.68 9226.12 9149.03 9078.11 9017.73 8974.17 8936.41 8895.34 8851.47 8805.6 8758.14 8708.17 8661.1 8617.19 8582.56 8551.02 8516.36 8502.84 8487.53 8468.33 8449.22 8433.9 8430.48 8440.7 8455.46 8470.02 8483.32 8492.67 8495.87 8497.35 8537.06 8562.84 8574.66 8627.81 8697.57 8766.33 8840.57 8911.09 8981.11 9051.7 9121.68 9194.17 9278.98 9382.91 9495.04 9539.57 9514.82 9482.59 9453.11 9427.42 9405.8 9387.44 9377.36 9374.56 9373.58 9369.21 9357.18 9348.02
9346.26 9401.16 9422.58 9436.01 9482.22 9545.15 9525.34 9453.8 9367.73 9280.55 9196.52 9119.13 9050.78 8989.81 8937.19 8896.44 8852.78 8808.83 8763.46 8717.96 8671.08 8626.47 8583.51 8547.89 8514.85 8487.63 8472.08 8458.48 8442.52 8427.8 8417.76 8413.8 8416.67 8425.5 8433.08 8440.62 8445.54 8445.49 8450.45 8488.76 8492.09 8492.39 8549.17 8622.09 8693 8762.19 8829.26 8897.96 8962.41 9025.38 9090.09 9159.39 9242.1 9334.7 9391.86 9411.27 9413.93 9411.13 9405.78 9400.17 9394.28 9389.67 9383.86 9377.1 9369.32 9358.02 9348.91
9369.05 9416.49 9438.01 9449.92 9495.97 9595.5 9527.83 9433.14 9337.22 9245.82 9160.44 9081.74 9013.21 8953.82 8901.73 8859.78 8817.12 8773.59 8728.81 8684.7 8641.25 8596.69 8552.06 8514.3 8489.9 8475.1 8458.2 8439.9 8422.7 8409.19 8401.2 8396.84 8397.61 8403.15 8407.12 8410.16 8414.18 8414.48 8419.25 8417.27 8424.17 8438.63 8492.92 8566 8632.95 8698.58 8761.22 8820.95 8877.55 8929.92 8980.78 9029.43 9086.89 9174.67 9244.97 9298.94 9335.83 9361.73 9380.04 9391.85 9399.54 9401.28 9388.41 9375.27 9362.2 9356.03 9349.44
9378.8 9426.02 9457.72 9483.98 9520.22 9563.66 9477.7 9380.56 9289.37 9201.44 9118.23 9039.07 8968.43 8915.58 8868.97 8826.41 8784.45 8742.42 8700.85 8659.1 8615.5 8572.31 8531.11 8496.81 8474.26 8463.14 8447.76 8427.53 8407.93 8391.11 8380.8 8379.22 8382.39 8386.92 8388.55 8390.91 8392.58 8392.73 8396.15 8391.94 8394.7 8410.82 8458.35 8522.38 8583.77 8643.08 8697.9 8750.13 8799.95 8843.36 8882.72 8920.13 8966.04 9031.81 9114.94 9194.67 9259.9 9311.99 9352.47 9382.16 9400.85 9404.38 9394.08 9377.33 9365 9359.04 9352.26
9397.33 9438.81 9471.5 9503.51 9529.64 9451.96 9370.96 9301.97 9228.41 9153.15 9074.81 8997.32 8925.87 8881.5 8841.05 8800.2 8756.47 8716.67 8674.93 8633.51 8591.41 8553.89 8515.17 8484.23 8462.8 8451.4 8438.04 8418.17 8397.51 8377.13 8361.89 8367.53 8373.8 8377.23 8379.44 8379.73 8377.73 8375.96 8378.11 8379.5 8385.9 8405.43 8440.6 8489.66 8539.44 8590.79 8639.65 8685.41 8726.18 8763.88 8796.08 8825.04 8861.93 8915.08 9010.3 9107.69 9193.97 9268.89 9329.23 9374.8 9401.98 9402.66 9396.24 9384.65 9376.54 9368.64 9358.06
