real_craters/C083-500m.grd
DSAA
120 120
-29.6625 29.6625
-29.6625 29.6625
8349.3945257701 9723.1969180218
[rows 0 to 29 of 120, columns 0 to 66 of 120]
9267.96 9263.4 9254.94 9247.07 9239.18 9240.64 9249.96 9257.18 9257.67 9257.22 9257.69 9258.2 9258.09 9255.9 9254.04 9262.07 9265.32 9259.52 9250.77 9249.45 9248.27 9247.79 9246.23 9245.89 9248.46 9252.15 9254.65 9257.56 9261.78 9261.75 9260.41 9263.3 9262.81 9253.72 9238.64 9214.88 9202.86 9202.71 9223.25 9259.88 9297.49 9332.09 9341.94 9337.76 9332.43 9320.81 9314.24 9301.09 9292.99 9310.14 9322.87 9338.72 9354.77 9369.86 9380.48 9377.92 9369.34 9359.51 9361.51 9361.23 9365.62 9369.01 9371.87 9374.56 9389.47 9430.92 9467.06
9258.33 9254.17 9249.1 9243.91 9235 9233.13 9237.75 9246.74 9248.74 9249.96 9250.77 9251.27 9250.9 9248.64 9247.95 9254.39 9252.29 9248.38 9244.02 9242.38 9243.46 9244.88 9241.21 9238.5 9241.31 9246.87 9252.63 9257.2 9259.84 9261.23 9264.41 9265.34 9261.09 9250.96 9235.49 9219.1 9222.19 9214.13 9212.81 9238.23 9271.8 9300.68 9313.83 9311.83 9302.66 9316.82 9321.18 9300.47 9302.05 9326.13 9334.57 9346.73 9363.71 9383.87 9403.2 9396.71 9377.82 9361.96 9356.77 9356.53 9359.46 9363.37 9367.6 9375.23 9390.87 9410.24 9434.97
9249.31 9243.25 9239.32 9235.12 9229.77 9228.96 9233.22 9234.09 9239.61 9242.16 9244.27 9246.24 9247.14 9247.99 9249.47 9249.11 9243.97 9240.01 9236.88 9234.35 9234.62 9235.88 9234.91 9234.13 9237.19 9243.38 9250.52 9254.45 9259.42 9261.57 9265.98 9269.66 9262.44 9252.45 9240.11 9230.08 9226.39 9214.54 9211.12 9224.29 9246.8 9267.72 9278.58 9298.61 9312.78 9329.61 9313.44 9291.95 9296.78 9314.23 9330.68 9345.33 9363.09 9384.61 9407.96 9399.04 9380.22 9364.68 9355.95 9356.65 9362.49 9366.76 9371.88 9378.25 9392.36 9403.61 9414.9
9238.62 9236.53 9231.73 9227.14 9223.69 9223.97 9226.82 9229.2 9233.21 9236.37 9239.27 9241.48 9244.14 9249.13 9254.53 9250.69 9238.52 9235.05 9230.79 9226.43 9225.78 9228.08 9229.33 9230.82 9236.23 9241.91 9248.68 9256.31 9259.62 9263.92 9262.45 9264.15 9262.84 9255.9 9246.53 9235.27 9224.1 9205.21 9196.94 9211.62 9226.82 9244.75 9275.95 9284.82 9308.77 9332.72 9304.66 9274.75 9284.42 9304.31 9322.31 9336.87 9352.43 9368.39 9379.55 9382.16 9374.11 9365.14 9355.88 9362.35 9372.38 9377.96 9373.7 9381.04 9394.15 9400.67 9403.78
9235.8 9230.54 9226.5 9222.44 9218.71 9218.96 9221.72 9226.41 9229.29 9231.69 9233.78 9235.81 9238.98 9243.97 9249.31 9248.52 9240.43 9233.28 9227.35 9222.26 9219.98 9220.9 9224.67 9229.26 9232.94 9238.69 9244.75 9252.8 9255.54 9257.94 9257.53 9260.71 9262.58 9259.6 9255.84 9248.46 9238.39 9215.45 9198.23 9205.32 9219.87 9237.62 9253.37 9268.4 9291.94 9313.33 9297.18 9277.62 9287.13 9303 9312.52 9325.88 9338.05 9347.14 9353.33 9360.61 9363.64 9365.38 9370.43 9377.3 9379.38 9379.63 9380.36 9382.08 9386.21 9385.49 9394.29
9219.31 9218.63 9217.13 9215.88 9214.33 9214.34 9217.05 9222.83 9226.96 9229.27 9230.27 9230.32 9230.6 9231.01 9236.74 9242.58 9237.96 9231.02 9224.47 9220.07 9216.26 9217.56 9220.95 9223.96 9227.66 9233.72 9239.63 9244.78 9249.94 9254.08 9254.53 9255.07 9257.76 9261.19 9261.34 9251.92 9230.63 9212.99 9197.95 9203.87 9217.18 9237.24 9253.46 9273.45 9298.98 9328.6 9314.88 9298.67 9303.9 9300.18 9305.57 9318.93 9326.28 9330.3 9333.35 9341.92 9350.99 9364.97 9389.25 9392.83 9382.63 9378.17 9377.08 9375.85 9368.03 9378.2 9399.59
9213.72 9211.62 9210.21 9208.27 9206.67 9210.68 9216.05 9224.12 9226.92 9227.57 9225.98 9224.66 9222.89 9220.7 9221.64 9226.1 9230.35 9223.73 9219.22 9216.54 9215.76 9217.07 9220.51 9222.72 9226.16 9230.61 9235.81 9240.47 9245.06 9248.56 9249.77 9250.16 9254.59 9261.2 9265.55 9254 9231.1 9213.14 9204.3 9203.14 9211.73 9230.89 9248.34 9269.17 9284.06 9302.52 9305.42 9297.89 9290.76 9302.38 9317.31 9320.66 9317.68 9313.67 9315 9322.98 9332.15 9343.2 9356.69 9376.62 9371.25 9369.98 9372.93 9377.83 9385.4 9410.99 9424.42
9216.25 9212.82 9210.81 9208.24 9206.44 9208.91 9216.45 9225.58 9228.48 9227.45 9224.63 9221 9217.28 9212.97 9209.2 9206.29 9209.16 9211.35 9211.27 9211.57 9215.06 9218.86 9222.89 9224.14 9223.15 9229.01 9233.62 9236.87 9241.37 9246.63 9247.22 9248.62 9252.8 9259.77 9262.4 9253.32 9233.75 9217.68 9202.97 9200.29 9205.11 9214.22 9234.25 9255.71 9273.51 9279.65 9278.08 9283.89 9299.45 9319.95 9335.73 9324.9 9312.24 9297.54 9295.27 9304.94 9311.67 9315.74 9322.87 9339.79 9345.7 9353.15 9363.63 9378 9396.12 9410.02 9412.01
9220.94 9215.85 9212.32 9208.6 9205.96 9205.91 9213.03 9229.92 9228.38 9225.02 9221.03 9216.85 9212.18 9207.61 9201.86 9195.8 9198.62 9201.54 9203.78 9206.35 9212.28 9220.06 9223.84 9225.96 9227.2 9230.07 9233.65 9237.2 9241.66 9246.99 9249.63 9248.42 9252.04 9257.87 9260.41 9252.3 9239.74 9224.48 9199.86 9198.46 9198.02 9206.54 9228.27 9251.13 9269.18 9279.4 9274.27 9276.44 9287.27 9304.46 9323.57 9324.18 9312.25 9295.49 9290.65 9295.83 9297.41 9295.71 9292.26 9298.42 9316.68 9332.29 9347.58 9365.86 9386.43 9381.34 9375.93
9228.43 9221.84 9214.4 9207.4 9203.85 9203.35 9209.72 9225.58 9225.42 9221.79 9217.55 9212.86 9207.73 9203.07 9199.02 9194.12 9192.95 9194.4 9197.05 9200.95 9211.25 9220.27 9223.74 9227.53 9230.5 9231.77 9234.63 9239.02 9243.39 9242.17 9246.02 9248.17 9251.01 9258.97 9260.29 9250.12 9236.29 9219.34 9207.18 9203.75 9204.33 9216.08 9229.51 9251.56 9265.6 9272.05 9263.63 9269.17 9278.09 9294.43 9317.42 9322.4 9316.95 9309.58 9301.12 9295.02 9290.56 9285.7 9281.76 9280.46 9296.25 9313.07 9326.85 9338.03 9344.17 9350.88 9354.71
9233.75 9225.44 9215.42 9207.53 9203.89 9202.71 9207.64 9218.07 9217.82 9215.71 9212.82 9208.47 9203.16 9198.38 9192.39 9191.2 9189.68 9190.22 9190.92 9191.96 9205.24 9211.67 9210.99 9219.38 9226.79 9231.3 9234.82 9235.59 9232.79 9237.84 9241.36 9247.82 9250.68 9261.09 9263.9 9246.83 9224.55 9209.13 9215.82 9215.47 9201.53 9214.09 9227.23 9241.53 9256.34 9265.57 9261.64 9265.07 9271.8 9286.17 9307.28 9317.19 9319.97 9318.2 9307.67 9297.28 9289.06 9282.52 9277.52 9275.2 9288.36 9301.21 9310.1 9313.96 9315.35 9319.19 9318.75
9237.7 9229.15 9222.43 9215.4 9210.22 9204.36 9202.81 9203.93 9209 9209.68 9207.53 9203.39 9198.84 9193.94 9191.34 9188.81 9188.51 9187.31 9186.58 9187.38 9192.51 9195.14 9197.66 9211.02 9222.85 9230.72 9236.3 9239.29 9240.05 9238.83 9246.06 9249.3 9254.27 9260.19 9259.67 9242.94 9219.25 9209.38 9240.92 9240.42 9227.44 9211.52 9224.08 9238.67 9253.26 9262.92 9264.27 9262.69 9265.7 9274.3 9298.3 9312.07 9314.77 9321.55 9306.65 9296.86 9290.19 9284.63 9278.57 9282.14 9291.13 9298.53 9302.32 9301.91 9302.23 9302.94 9303.8
9241.27 9233.81 9231.53 9233.84 9220.65 9210.47 9206.54 9207.73 9207.55 9206.68 9204.68 9201.16 9196.11 9189.5 9185.58 9186.24 9186.85 9185.86 9184.09 9183.19 9182.77 9188.2 9196.59 9212.19 9222.94 9231.59 9238.95 9245.96 9252.15 9241.67 9242.53 9245.67 9247.68 9255.1 9256.59 9242.95 9228.64 9217.99 9245.3 9251.13 9240.77 9223.18 9224.89 9231.46 9246.55 9258.33 9259.75 9258.29 9259.99 9269.36 9295.55 9308.26 9298.53 9286.71 9293.68 9292.66 9290.3 9289 9291.68 9296.79 9298.87 9302.93 9303.34 9299.46 9298.25 9299.72 9300.06
9246.92 9240.7 9238.06 9233.69 9225.22 9214.99 9210.58 9210.36 9208.1 9206.21 9203.9 9200.8 9196.46 9190.02 9184.2 9186.35 9186.75 9186.34 9183.08 9177.71 9178.06 9185.06 9197.6 9213.52 9223.8 9231.59 9238.61 9245.63 9250.32 9239.55 9234.36 9238.63 9241.4 9249.41 9250.68 9242.18 9235.27 9238.93 9239.69 9238.22 9236.05 9235.78 9234.92 9236.14 9241.05 9247.29 9249.97 9251.21 9253.55 9259.76 9281.41 9294.35 9289.51 9284.04 9287.7 9290.06 9290.78 9292.83 9296.29 9301.3 9309.31 9310.76 9310.67 9308.97 9307.61 9307.04 9307.7
9256.15 9248.26 9245.52 9237.17 9230.36 9220.7 9215.53 9211.87 9208 9206.48 9204.46 9203.88 9200.92 9197.97 9195.86 9195.27 9194.28 9190.13 9184.83 9182.1 9179.97 9182.79 9196.06 9213.82 9224.11 9230.95 9236.19 9239.75 9239.37 9237.34 9235.13 9236.21 9238.4 9242.93 9245.18 9238.35 9229.63 9227.41 9225.84 9221.75 9223.97 9230 9241.98 9239.04 9238.91 9239.11 9241.31 9244.23 9247.42 9253.38 9265.31 9278.33 9288.44 9289.28 9288.68 9287.79 9288 9290.38 9296.38 9313.85 9319.01 9316.14 9318.54 9323.92 9321.44 9318.19 9316.23
9262.26 9261.92 9258.31 9248.61 9240.42 9232.69 9223.4 9214.95 9209.91 9209.7 9208.49 9207.36 9206.65 9207.45 9207.3 9206.5 9205.26 9193.85 9184.99 9179.59 9175.99 9180.08 9197.51 9217.78 9223.65 9229.09 9233.27 9235.09 9234.73 9232 9234.55 9235.51 9234.15 9237.53 9238.58 9234.69 9226.68 9218.52 9211.04 9210.81 9212.84 9224.83 9233.89 9236.03 9230.86 9235.42 9237.59 9239.5 9242.5 9248.42 9260.41 9276.61 9296.41 9297.21 9287.86 9284.04 9282.8 9283.25 9285.89 9295 9306.13 9310.94 9317.04 9328.09 9327.98 9328.97 9332.63
9272.61 9271.69 9268.66 9260.67 9250.87 9242.1 9232.61 9225.25 9220.5 9215.23 9212.19 9212.4 9211.55 9211.99 9217.49 9210.55 9203.66 9195.24 9184.04 9174.71 9175.89 9184.15 9198.52 9213.1 9220.82 9226.71 9230.88 9232.9 9232.69 9231.98 9233.76 9234.69 9232.39 9230.81 9234.08 9234.46 9228.5 9205.73 9190.21 9207.49 9212.77 9229.65 9248.89 9251.78 9253.02 9244.99 9238.43 9237.25 9238.41 9242.44 9256.28 9282.66 9281.57 9281.99 9280.23 9278.06 9276.79 9274.84 9271.42 9268.67 9291.24 9298.41 9305.46 9312.66 9323.68 9334 9347.09
9279.65 9273.91 9274.12 9265.91 9256.53 9247.59 9239.03 9232.31 9227.98 9220.05 9217.19 9217.48 9216.29 9218.31 9224.65 9217.34 9209.66 9199.01 9186.42 9178.49 9179.74 9189.09 9196.99 9206.93 9216.2 9223.35 9228.55 9231.59 9231.19 9231.33 9231.26 9231.05 9232.48 9234.21 9239.87 9239.81 9226.55 9206.21 9191.79 9211.11 9235.11 9240.16 9252.91 9267.77 9263.61 9239.11 9237.78 9237.52 9236.63 9236.51 9242.31 9254.03 9251.32 9262.8 9271.2 9274.06 9273.27 9270.78 9265.6 9261.62 9267.41 9285.82 9295.96 9302.55 9319.21 9334.46 9348.32
9268.5 9266.73 9266.23 9263.09 9258.05 9251.31 9242.88 9233.91 9224.7 9222.56 9223.64 9222.45 9221.76 9224.2 9234.52 9227.69 9221.76 9205.09 9190.79 9182.2 9183.71 9191.83 9196.24 9202.83 9212.53 9221.84 9228.75 9234.43 9236.81 9234.48 9233.67 9233.16 9235.4 9246.1 9254.51 9251.3 9243.84 9215.69 9201.54 9210.73 9217.5 9241.81 9262.04 9269.36 9263.27 9249.4 9244.76 9241.47 9237.91 9235.42 9237.38 9236.17 9258.17 9260.55 9268.15 9273.49 9274.29 9272.16 9269.03 9268.38 9274.97 9284.81 9295.77 9306.84 9316.96 9330.1 9343.3
9255.01 9254.78 9257.85 9261.29 9258.71 9253.6 9246.88 9238.27 9229.89 9227.03 9228.57 9228.13 9228.71 9231.97 9241.29 9231.95 9221.9 9209.76 9198.16 9189.04 9184.8 9186.58 9197.96 9203.59 9211.66 9220.08 9228.3 9237.15 9247.55 9248.16 9239.13 9237.73 9241.56 9263.61 9270.96 9255.37 9234.33 9217.68 9202.54 9202.56 9211.09 9239.61 9262.55 9272.13 9273.87 9269.26 9255.33 9247.74 9242.52 9236.2 9229.21 9242.6 9250.46 9263.09 9271.41 9276.02 9277.43 9277.02 9276.4 9277.68 9285.04 9287.62 9294.06 9303.75 9312.89 9323.95 9333.19
9246.94 9252.91 9258.96 9265.83 9264.77 9259.77 9253.07 9245.36 9237.61 9234.26 9233.1 9233.7 9234.87 9241.61 9244.96 9237.71 9225.31 9214.91 9204.88 9195.48 9187.11 9183.83 9190.03 9202.31 9212.39 9221.12 9229.35 9237.01 9244.24 9243.23 9244.26 9250.08 9253.85 9275.84 9278.69 9259.34 9238.29 9219.18 9198.13 9187.25 9203.55 9232.18 9257 9264.77 9267.44 9264.24 9257.83 9253.51 9250.58 9248.81 9246.41 9257.11 9263.15 9274.68 9281.66 9284.61 9285.69 9284.04 9283.54 9284.37 9283.62 9284.54 9288.9 9297.98 9309.37 9317.33 9322.7
9243.26 9252.07 9265.67 9272.6 9271.29 9266.38 9259.2 9252.49 9247.93 9243.1 9241.18 9238.91 9236.81 9240.12 9244.88 9236.43 9231.27 9222.49 9211.26 9202.5 9195.18 9193.49 9198.61 9207.97 9216.55 9223.68 9230.11 9235.31 9238.33 9240.66 9249.14 9258.36 9262.71 9276.66 9276.76 9261.08 9244.37 9229.15 9216.67 9191.71 9191.77 9207.78 9242.67 9263.11 9254.99 9253.4 9258.09 9261.12 9263.97 9269.43 9281.31 9289.76 9293.05 9297.66 9299 9296.1 9293.85 9293.31 9291.82 9288.55 9280.66 9281.46 9291.31 9300.26 9308.65 9314.05 9315.72
9239.54 9246.02 9261.21 9273.7 9276.2 9269.82 9261.96 9255.57 9250.87 9246.62 9246.23 9245.26 9244.81 9248.76 9249.12 9239.38 9236.13 9230.9 9224.71 9214.9 9209.71 9211.69 9216.75 9218.67 9222.63 9227.76 9232.59 9235.47 9238.68 9244.94 9254.17 9261.78 9251.67 9263.5 9270.6 9257.6 9246.4 9240.66 9235.21 9222.46 9206.45 9192.99 9223.77 9251.83 9257.18 9258.98 9260.29 9265.25 9273.36 9284.73 9302.35 9328.09 9333.13 9320 9311.39 9305.76 9301.24 9299.41 9298.88 9297.36 9294.57 9287.16 9298.81 9306.37 9311.36 9315.04 9314.92
9235.65 9235.88 9247.49 9266.51 9272.91 9267.45 9260.75 9255.41 9250.37 9248.37 9250.81 9253.11 9256.77 9263.16 9258.04 9247.94 9242.66 9238.04 9229.85 9224.03 9221.15 9226.21 9228.86 9226.27 9229.43 9234.41 9239 9241.16 9236.07 9247.26 9257.29 9263.75 9267.2 9267.84 9267.67 9259.64 9251.73 9247.08 9245.17 9240.77 9221.82 9202.25 9227.16 9242.62 9249.99 9255.3 9259.84 9267.59 9277.56 9290.99 9309.47 9338.07 9348.16 9332.11 9318.96 9311.63 9307.11 9305.49 9304.9 9305.04 9304.96 9297.91 9309.9 9312.35 9315.17 9319.55 9324.37
9223.36 9223.12 9229.58 9247.24 9257.94 9256.62 9255.03 9252.49 9251.29 9251.49 9255.04 9259.81 9265.49 9269.66 9264.67 9252.1 9247.29 9240.06 9233.77 9229.76 9226.02 9227.02 9225.19 9229.68 9234.76 9240.38 9246.17 9253.81 9267.61 9259.01 9259.01 9262.25 9266.72 9265.6 9262.46 9255.71 9250.55 9247.55 9244.67 9241.57 9237.88 9231.3 9250.82 9244.57 9238.6 9249.05 9257.15 9265.48 9275.56 9288.2 9303.98 9324.7 9336.76 9325.68 9318.69 9314.67 9311.1 9308.45 9308.75 9309.26 9309.62 9311.68 9311.15 9313.45 9316.96 9321.08 9326.6
9216.34 9216.31 9216.92 9223.06 9230.08 9242.61 9246.91 9249.54 9250.76 9253.54 9259.07 9266.54 9270.44 9280.33 9272.86 9264.86 9258.86 9255.67 9246.56 9236.77 9229.65 9228.57 9228.2 9234.39 9239.65 9245.99 9252.76 9258.36 9259.77 9262.44 9262.25 9259.86 9256.2 9259.3 9257.86 9249.19 9247.37 9246.13 9244.88 9243.33 9244.03 9252.06 9266.93 9253.74 9253.21 9251.35 9255.63 9261.53 9269.7 9279.62 9293.53 9305.49 9299 9307.25 9311.71 9312.8 9312.96 9312.37 9311.43 9311.96 9311.41 9314.54 9305.06 9310.37 9315.39 9320.13 9322.39
9215.68 9215.36 9214.52 9217.09 9223.33 9236.05 9244.59 9249.48 9253.42 9255.11 9264.71 9274.18 9287.92 9281.92 9278.02 9271.53 9266.95 9263.8 9251.3 9242.89 9239.11 9238.92 9243.05 9239.95 9242.73 9250.65 9259.47 9264.48 9264.06 9264.45 9258.99 9262.82 9256.71 9252.57 9247.26 9249.78 9245.73 9244.04 9242.66 9236.68 9247.25 9257.17 9272.84 9260.69 9248.12 9251.03 9253.35 9256.28 9261.3 9267.12 9275.2 9283.28 9287.42 9297.59 9303.47 9306.97 9308.84 9310.32 9311.94 9313.74 9317.08 9314.29 9307.96 9309.71 9314.07 9318.04 9322.67
9223.61 9216 9216.59 9219.36 9226.63 9236.93 9246.51 9254.74 9261.55 9269.62 9272.73 9275.83 9279.93 9285.43 9279.38 9273.91 9265.49 9252.6 9246.68 9244.71 9244.57 9245.55 9241.2 9235.43 9242.11 9252.87 9265.54 9279.21 9283.66 9274.39 9277.73 9269.88 9265.12 9251.13 9243.8 9243.54 9243.92 9241.04 9237.73 9236.81 9240.46 9252.39 9260.58 9266.35 9259.13 9251.24 9249.99 9250.58 9251.38 9254.2 9255.38 9261.43 9285.22 9294.98 9298.35 9301.03 9304.25 9307.48 9310.23 9313.23 9315.99 9317.26 9314.27 9309.37 9309.31 9312.08 9315.63
9220.62 9217.2 9218.22 9224.06 9232.89 9240.96 9249.38 9258.91 9269.22 9279.47 9279.03 9276.23 9272.95 9277.34 9277.28 9272.02 9265.2 9255.97 9249.01 9245.48 9243.22 9246.02 9241.01 9231.21 9238.24 9251.1 9266.98 9283.12 9286.32 9275.8 9263.42 9266.62 9262.03 9251.66 9243.14 9243.45 9243.52 9243.18 9237.34 9233.77 9234.94 9242.61 9252.66 9260.34 9255.49 9248.99 9243.77 9240.64 9240.45 9240.73 9244.75 9254.46 9273.99 9284 9290.13 9295.7 9300.67 9305.25 9308.63 9311.23 9312.96 9313.27 9310.38 9305.91 9304.91 9306.77 9310.19
9216.43 9212.27 9219.45 9230.72 9238.42 9243.31 9250.96 9260.33 9270.5 9279.02 9280.83 9279.59 9277.33 9276.1 9277.43 9277.5 9274.14 9267.67 9259.64 9246.34 9238.67 9239.89 9230.78 9225.13 9232.19 9244.36 9259.88 9278.89 9280.88 9272.07 9266.56 9262.56 9259.16 9252.2 9245.56 9243.2 9244.36 9248.03 9247.12 9245.24 9243.77 9250.87 9257.98 9255.88 9250.78 9244.38 9237.76 9231.22 9228.04 9228.66 9233.99 9254.12 9266.47 9271.19 9284.8 9293.11 9298.48 9303.25 9306.7 9309.14 9310.66 9306.71 9299.04 9297.37 9298.55 9300.21 9301.04
