real_craters/C083-1000m.grd
DSAA
35 35
-16.95 16.95
-16.95 16.95
8386.6110384649 9702.8532103601
9328.8 9315.7 9295.42 9290.69 9306.05 9282.01 9243.86 9219.05 9190.43 9192.57 9165.76 9124.17 9132.5 9151.05 9152.89 9145.69 9119.35 9104.06 9089.03 9063.91 9019.32 8982.64 8988.01 8955.87 8898.28 8881.32 8895.25 8900.91 8894.01 8893.83 8901.33 8900.41 8898.59 8898.95 8890.84 
9326.7 9322.88 9293.45 9299.19 9319.97 9309.15 9283.22 9237.09 9194.86 9199.3 9159.51 9115.31 9109.36 9127.37 9146.13 9148.57 9175.51 9136.89 9099.75 9060.99 9009.2 8974.32 8980.45 8940.65 8889.5 8880.1 8883.97 8881.59 8889.17 8899.13 8905.83 8912.6 8913.05 8911.45 8904.36 
9325.99 9327.13 9317.55 9307.2 9305.34 9308.66 9294.17 9268.86 9227.31 9197.38 9166.36 9140.65 9128.97 9123.7 9157.89 9180.7 9186.18 9142.44 9099.14 9062.59 9036.45 9007.92 8974.99 8947.1 8890.34 8887.97 8874.31 8867.2 8883.92 8901.69 8912.63 8917.6 8919.32 8918.7 8917.66 
9326.71 9331.06 9323.11 9300.69 9296.99 9280.18 9264.41 9249.43 9231.33 9211.09 9203.74 9192.13 9157.02 9149.74 9187.49 9193.56 9160.55 9115.28 9078.46 9047.83 9026.73 8996.41 8957.94 8915.66 8888.75 8894.22 8869.14 8857.64 8906.92 8923.52 8928.88 8930.75 8933.5 8937.14 8944.34 
9340.31 9336.28 9337.17 9306.62 9280.66 9256.65 9239.54 9229.52 9235.74 9227.88 9222.5 9208.38 9169.8 9152.12 9158.46 9149.54 9109.84 9090.22 9063.59 9029.46 8994.88 8965.13 8934.91 8907.33 8882.22 8883.88 8921.39 8977.31 8963.36 8955.88 8948.07 8941.68 8941.34 8946.62 8958.48 
9372.7 9373.36 9290.96 9120.76 9326.94 9233.76 9224.2 9207.78 9221.32 9237.63 9218.34 9211.14 9174.41 9138.54 9145.53 9123.62 9105.03 9090.43 9067.92 9026.19 8967.88 8929.16 8924.93 8916.02 8882.81 8889.77 8963.36 9020.76 9002.45 8981.01 8965.14 8956.1 8948.44 8940.31 8954.6 
9400.61 9378.71 9314.74 9193.58 9338.75 9241.01 9220.74 9218.1 9214.27 9241.44 9234.17 9212.75 9192.08 9165.32 9165.86 9126.57 9118.1 9112.28 9095.9 9063.12 9013.56 8982.99 9022.56 8966.6 8981.61 8964.58 8983.47 9031.39 8992.79 8967.13 8969.25 8953.09 8945.38 8926.21 8889.24 
9410.22 9385.46 9365.66 9311.82 9281.85 9243.9 9217.11 9190.37 9205 9252.18 9244.24 9226.04 9208.13 9199.27 9190.11 9160.63 9165.88 9161.63 9152.11 9140.86 9134.91 9133.82 9078.54 8996.23 9013.92 9003.88 8968.24 8905.54 8922.14 8947.72 8956.39 8973.79 8972.65 8957.45 8919.51 
9405.01 9373.91 9351.42 9326.01 9279.42 9246.93 9232.76 9222.03 9207.68 9201.41 9235.36 9220.46 9202.5 9206.16 9204.36 9219.14 9284.93 9243.09 9228.78 9219.98 9194.49 9168.37 9056.04 9006.51 9003.7 9021.11 8992.4 8916.91 8910.75 8955.95 8979.37 8997.15 9009.44 9024.01 9046.26 
9401.26 9374.88 9353.99 9328.93 9292.81 9258.94 9245 9223.73 9217.13 9183.55 9210.53 9191.25 9209.4 9255.28 9353.24 9354.76 9434.64 9275.6 9248.8 9323.51 9286.77 9148.51 9044.61 9044.39 9223.96 9153.85 9062.45 8986.95 8961.75 8988.57 9011.89 9027.15 9043.32 9069.14 9099.76 
9406.26 9380.25 9339.35 9328.27 9300.91 9281.86 9258.78 9240.53 9211.64 9212.4 9241.02 9264.3 9285.32 9341.5 9295.11 9170.49 8933.75 8960.73 9091.44 9279.23 9324.1 9153.82 9166.61 9191.14 9241.25 9220.22 9145.2 9062.55 9008.68 9037.95 9061.81 9062.52 9063.73 9068.62 9074 
9384.5 9360.32 9329.39 9308.75 9289.79 9276.41 9260.01 9231.09 9199.47 9210.12 9333.08 9415.31 9339.52 9197.1 9076.49 8851.35 8803.69 8767.67 8835.74 8955.72 9138.7 9368.41 9353.17 9344.19 9311.33 9269.24 9227.93 9192.69 9181.17 9107.88 9095.74 9073.36 9058.78 9049.55 9034.39 
9354.96 9335.7 9325.61 9305.54 9287.86 9280.06 9254.79 9221.45 9225.19 9272.64 9396.85 9403.52 9048.07 9017.71 8733.55 8617.76 8589.64 8569.18 8625.88 8679.29 8878.98 9080.64 9249.97 9375.74 9350.4 9350.76 9301.59 9248.91 9173.41 9134.02 9116.6 9077.01 9041.77 9024.49 9019.3 
9340.33 9327.88 9327.89 9318.38 9277.45 9273 9253.91 9244.43 9270.1 9276.33 9452.54 9183.07 8872.13 8814.08 8580.63 8505.59 8476.28 8479.37 8523.28 8594.44 8728.41 8918.86 9050.73 9306.13 9505.38 9442.47 9377.99 9286.93 9191.87 9122.91 9112.04 9069.35 9021.89 8935.2 8891.71 
9347.34 9325.47 9321.91 9315.45 9292.18 9278.73 9278.02 9274.44 9313.74 9387.65 9557.24 9008.54 8653.41 8476.09 8469.24 8438.69 8424.46 8426.53 8481.82 8544.55 8616.72 8765.55 8908.61 9094.39 9422.81 9543.63 9458.73 9313.97 9163.76 9087.9 9061.08 9062.58 9029.34 9012.05 8978.22 
9334.57 9317.07 9302.08 9327.46 9290.86 9278.32 9259.01 9265.09 9303.03 9433.06 9504.31 8899.98 8593.12 8523.07 8456.06 8463.11 8507.42 8543.89 8530.69 8500.09 8585.04 8690.85 8785.38 8990.52 9374.85 9647.01 9529.21 9342.81 9156.96 9065.31 9034.17 9057.1 9034.92 9012.08 8997.38 
9322.24 9310.01 9283.88 9289.07 9279.87 9287.42 9292.27 9299.41 9340.59 9648.38 9286.11 8917.47 8589.37 8525.24 8477.73 8549.53 8696.57 8768.58 8645.05 8525.54 8579.24 8656.61 8741.42 8983.74 9206.19 9572.09 9518.78 9336.35 9143.63 9046.76 9021.4 9043.48 9027.74 9014.65 9007.63 
9353.33 9332.38 9305.75 9312.86 9299.77 9316.35 9339.86 9275.66 9426.09 9702.85 9206.92 8860.87 8614.2 8466.81 8447.8 8635.2 8803.43 8906.6 8751.4 8611.61 8605.42 8645.14 8738.66 8913.32 9239.4 9474.86 9466.45 9319.13 9140.71 9039.31 9015.81 9033.49 9021.53 9015.16 9012.58 
9355.12 9350.52 9342.16 9333.13 9313.18 9342.88 9340.21 9304.87 9420.63 9601.29 9192.33 8857.98 8622.17 8436.89 8475.24 8595.03 8733.6 8806.93 8681.52 8609.13 8605.23 8639.97 8705.42 8977.25 9264.09 9407.63 9417.43 9301.79 9149.33 9045.27 9020.15 9035.04 9022.94 9014.71 9014.97 
9332.05 9358.86 9382.63 9367.87 9355.58 9360.99 9368.74 9327.12 9393.37 9485.85 9239.22 8947.49 8782.67 8494.97 8460.96 8412.66 8522.71 8559.87 8503.78 8525.22 8586.47 8647.14 8771.01 8948.48 9281.35 9399.26 9420.9 9282.93 9136.37 9029.45 9017.63 9040.18 9035.09 9033.32 9024.15 
9361.6 9387.83 9419.42 9402.94 9401.28 9368.82 9375.49 9325.62 9331.34 9412.92 9277.86 9036.61 8854.69 8700.66 8513.67 8386.61 8415.47 8414.76 8411.46 8473.73 8586.6 8682.33 8760.52 9013.6 9373.13 9541.61 9377.29 9247.99 9132.64 9035.7 9034.47 9053.59 9054.33 9049.06 9028.48 
9396.97 9405.06 9418.66 9408.84 9394.31 9397.51 9376.28 9320.4 9313.43 9341.59 9421.74 9172.21 8961.05 8906.61 8649 8541.62 8493.99 8456.46 8389.83 8486.66 8649.17 8788.77 8908.34 9183.66 9357.26 9435.52 9294.88 9215.26 9149.66 9118.19 9072.06 9061.84 9059.01 9049.69 9024.45 
9421.98 9431.44 9437.09 9407.81 9410.15 9343.2 9366.79 9320.8 9312.91 9318.36 9371.84 9403.68 9119.61 8987.72 8765.5 8756.6 8653.84 8525.9 8502.28 8580.5 8774.1 8981.51 9208.79 9353.52 9399.17 9292.59 9223.27 9182.46 9144.22 9113.5 9071.73 9045.83 9026.32 9017.47 9014.02 
9439.15 9418.93 9432.35 9409.66 9392.37 9368.88 9349.2 9319.66 9311.85 9306.47 9327.23 9409.74 9409.02 9041.77 8875.69 8742.86 8753.52 8663.42 8580.63 8724.46 8960.23 9185.3 9429.06 9444.56 9282.8 9246.44 9207.09 9166.1 9135.89 9091.4 9069.2 9039.19 9006.69 9002.07 9010.45 
9466.09 9449.65 9446.67 9419.27 9386.7 9368.61 9336.7 9307.81 9313.65 9300.56 9273.88 9333.28 9451.73 9524.23 9176.46 8884.96 8903.43 8898.98 8916.81 9021.98 9170.33 9311.09 9437.59 9261.83 9186.63 9204.36 9171.13 9162.15 9151.84 9139.31 9104.43 9053.34 9004.47 9005.87 9017.7 
9508.1 9514.74 9486.53 9442.89 9383.65 9355.15 9344.4 9320.75 9335.01 9366.27 9303.15 9276.5 9310.19 9480.08 9386.5 9336.31 9310.18 9229.31 9354.73 9431.07 9346 9333.17 9336.07 9193.08 9205.19 9214.86 9199.15 9170.88 9167.99 9167.03 9137.17 9071.67 9000.03 9018.3 9033.15 
9532.16 9506.54 9536.87 9473.11 9428.01 9400.8 9371.38 9357.79 9352.93 9350.64 9323.69 9268.7 9315.07 9318.36 9299.39 9391.19 9392.12 9382.3 9445.53 9401.17 9369.49 9365.64 9240.31 9194.55 9229.79 9202.39 9162.13 9170.9 9186.89 9192.52 9165.7 9094.87 9037.87 9041.41 9051.94 
9543.77 9549.12 9512.3 9484.57 9454.4 9441.55 9392.84 9366.94 9341.04 9324.63 9301.01 9262.77 9286.68 9323.27 9292.1 9314.61 9292.32 9285.13 9270.48 9281.91 9278.82 9245.7 9248.6 9236.06 9203.2 9181.91 9175.61 9192.56 9204.08 9204.91 9179.88 9110.45 9046.63 9064.96 9073.03 
9504.62 9507.95 9487.25 9479.7 9462.89 9422.35 9361.54 9322.11 9319.33 9323.07 9322.27 9290.03 9313.54 9324.27 9288.98 9282.5 9271.43 9265.58 9271.38 9238.95 9215.44 9189.37 9206.63 9195.26 9190.6 9183.38 9187.18 9226.37 9213.85 9202.06 9186.74 9132.67 9094.13 9099.97 9102.73 
9453.51 9477.46 9474.59 9467.57 9466.35 9429.25 9401.86 9372.07 9359.52 9355.46 9338.88 9336.1 9306.86 9272.71 9269.41 9277.28 9274.83 9257.95 9262.14 9228.3 9192.59 9197.88 9201.21 9217.01 9220.3 9216.33 9237.32 9230.11 9215.42 9189.66 9155.78 9153.25 9146.85 9138.53 9135.9 
9411.84 9431.19 9448.35 9449.89 9444.12 9436.96 9429.64 9417.65 9401.85 9397.04 9397.86 9382.3 9292.99 9274.99 9281.75 9274.98 9252.64 9209.04 9226.87 9184.79 9171.21 9190.15 9222.67 9222.66 9201.86 9191.31 9229.93 9241.86 9218.32 9192.83 9165.5 9177.57 9175.59 9167.31 9163.4 
9403.16 9406.96 9408.18 9429.79 9443.78 9456.69 9457.04 9426.92 9419.72 9409.74 9425.13 9388.96 9311.85 9306.95 9303.51 9289.12 9260.32 9235.35 9211.25 9188.92 9169.14 9183.55 9230.55 9219.48 9188.68 9219.82 9239.96 9254.02 9219.61 9199.26 9186.91 9207.15 9207.33 9195.58 9195.36 
9400.15 9392.01 9395.02 9410.25 9449.92 9457.71 9426.96 9391.22 9385.36 9386.99 9391.59 9405.87 9377.21 9354.91 9343.33 9328.13 9309.79 9282.84 9238.06 9188.97 9167.56 9147.94 9183.35 9206.6 9220.62 9216.25 9207.39 9202.35 9204.62 9194.82 9189.25 9190.63 9200.5 9203.85 9203.74 
9385.6 9383.68 9364.74 9377.3 9406.15 9404.86 9351 9345.31 9359.47 9374.31 9387.86 9421.29 9423.08 9393.7 9371.75 9354 9328.16 9280.85 9222.54 9157.54 9146.98 9155.18 9166.2 9195.73 9219.93 9217.19 9200.69 9202.56 9186.95 9190.94 9200.17 9210.11 9203.13 9199.28 9198.91 
9380.47 9390.71 9395.05 9355.79 9340.11 9356.27 9326.38 9333.97 9345.7 9366.41 9400.5 9424.69 9397.09 9389.59 9375.49 9361.84 9309.94 9255.5 9208.83 9164.17 9149.66 9139.1 9164.22 9187.65 9214.14 9207.82 9201.66 9173.58 9160.29 9184.03 9211.23 9223.12 9200.86 9186.91 9175.68 
