real_craters/C083-500m.grd
DSAA
120 120
-29.6625 29.6625
-29.6625 29.6625
8349.3945257701 9723.1969180218
[rows 90 to 119 of 120, columns 0 to 66 of 120]
8676.82 8680.48 8682.6 8682.73 8684.93 8701.38 8735.88 8781.48 8837.64 8905.4 8935.53 8939.49 8928.78 8935.96 8977.34 9008.39 9019.58 9026.04 9037.3 9043.88 9059.38 9091.78 9119.45 9132.79 9139.89 9151.53 9150.88 9151.63 9143.79 9135.43 9136.77 9131.62 9119.83 9096.89 9076.41 9074.07 9076.54 9085.11 9082.44 9073.91 9069.14 9062.76 9048.92 9032.28 9043.08 9050.19 9055.81 9057.82 9050.81 9048.34 9044.01 9038.67 9033.55 9028.08 9019.85 9006.77 8996.07 8986.46 8976.96 8971.93 8966.51 8963.43 8975.77 8995.15 9016.4 9039.28 9060.45
8681.62 8683.89 8687.33 8686.53 8676.84 8694.94 8724.1 8760.92 8803.88 8861.13 8921.22 8948.3 8929.79 8933.48 8961.67 8994.8 9027.7 9046.7 9034.66 9040.08 9055.3 9082.37 9112.26 9137.45 9140.94 9128.3 9135.24 9139.06 9142.75 9140.35 9122.6 9121.58 9125.97 9103.14 9070.54 9072.25 9077.55 9074.95 9066.46 9080.15 9088.08 9073.44 9055.35 9044.85 9050.72 9057.4 9063.47 9070.74 9070.48 9058.14 9048.95 9041.26 9035.72 9033.17 9024.98 9010.94 9001.09 8993.69 8995.84 9010.55 8982.27 8965.22 8975.66 8992.18 9012.14 9031.87 9050.93
8680.2 8682.13 8683.04 8682.57 8681.75 8691.81 8712.2 8738.7 8767.53 8801.91 8862.44 8912.75 8924.33 8930.09 8954.17 8983.1 9010.94 9016.55 9021.33 9034.44 9050.96 9076.52 9110.38 9139.56 9145.15 9140.94 9139.29 9143.06 9147.26 9144.56 9127.91 9119.53 9109.57 9104.88 9088.74 9107.85 9102.95 9082.13 9063.46 9077.66 9087.88 9076.94 9076.21 9069.71 9063.76 9063.26 9068.44 9072.99 9073.5 9063.76 9051.11 9039.32 9030.59 9027.2 9021.74 9011.74 9005.94 8999.1 8995.1 9005.68 8991.82 8966 8972.2 8988.87 9007.87 9027.82 9044.1
8676.17 8678.14 8679.9 8679.82 8684.69 8688.02 8698.61 8717.4 8746.69 8789.65 8847.88 8917.9 8926.14 8927.31 8949.3 8972.54 8991.79 9000.54 9010.15 9020.6 9034.54 9068.6 9106.11 9137.73 9145.66 9144.14 9151.3 9152.1 9152.48 9157.19 9149.79 9124.77 9111.75 9120.98 9131.09 9125.44 9114.09 9095.05 9078.81 9069.99 9058.18 9059.95 9067.06 9071.43 9068.07 9066.35 9065.56 9067.62 9068.93 9063.71 9049.37 9034.35 9019.76 9006.6 9007.7 9008.89 9009.96 9008.38 8998.8 8987.77 8972.35 8961.56 8971.31 8986.26 9003.45 9021.1 9039.23
8673.21 8674.19 8675.16 8677.41 8677.3 8681.65 8685.27 8694.54 8716.88 8766.36 8837.71 8922.08 8930.05 8927.44 8946.15 8961.53 8980.39 8998.03 9013.38 9026.57 9029.39 9061.14 9094.26 9133.84 9137.92 9145.88 9156.34 9155.06 9150 9145.78 9163.68 9149.66 9126.49 9118.08 9138.35 9126.64 9116.38 9105.37 9097.5 9071.68 9042.69 9042.71 9056.19 9071.2 9064.82 9061.69 9060.02 9059.93 9065.21 9059.88 9044.41 9028.31 9012.07 8998.75 9003.23 9014.14 9022.59 9028.59 9027.04 9010.55 8992.71 8967.65 8975.84 8986.31 8997.35 9010.46 9027.54
8669.81 8671.11 8671.19 8678.39 8679.52 8677.54 8676.47 8676.06 8683.62 8732.22 8815.8 8888.39 8926.75 8923.97 8929.25 8944.99 8964.75 8980.84 9012.5 9048.5 9045.96 9058.28 9074.68 9087.35 9115.92 9140.94 9158.78 9149.72 9143.92 9139.47 9148.06 9162.07 9150.91 9122.56 9113.61 9117.78 9113.95 9108.52 9100.33 9080.63 9054.76 9041.94 9035.33 9055.86 9054.04 9053.1 9051.36 9048.25 9042.13 9040.15 9036.1 9025.28 9011.56 8999.41 9008.13 9019.55 9030.63 9040.54 9042.82 9020.41 9005.6 8994 8992.63 8993.41 8995.53 9000.43 9010.1
8665.89 8666.81 8666.99 8668.01 8676.08 8678.67 8673.43 8669.36 8673.98 8727.87 8819.16 8918.13 8938.77 8902.81 8902.52 8921.9 8947.17 8977.51 8998.05 9023.93 9046.43 9045.87 9055.38 9075.91 9089.78 9104 9116.72 9133.29 9138.26 9143.28 9159.89 9143.6 9153.85 9135.77 9118.06 9108.41 9111.68 9108.18 9102.14 9089.93 9077.25 9059.08 9034.92 9029.6 9041.79 9044.9 9043.58 9039.46 9037.46 9037.6 9031.15 9025.21 9019.82 9016.94 9019.63 9027 9036.4 9044.33 9040.56 9026.44 9028.59 9020.62 9009.96 8999.47 8990.25 8983.61 8985.22
8664.07 8665.22 8668.02 8670.23 8677.43 8681.79 8676.8 8674.43 8683.07 8731.52 8805.97 8863.32 8817.45 8839.65 8864.36 8890.17 8918.49 8946.78 8945.06 8971.34 9000.02 9017.59 9024.26 9038.69 9065.73 9081.49 9097.03 9124.37 9141.65 9160.86 9166.2 9159.93 9152.02 9147.99 9141.21 9130.58 9118.4 9108.35 9096.95 9086.52 9082.08 9076.77 9065.75 9041.84 9045.04 9045.49 9041.72 9035.33 9029.26 9025.93 9025.84 9026.38 9026.98 9028.26 9029.44 9034.06 9041.27 9048.39 9046.39 9042.96 9047.15 9043.09 9025.33 9006.28 8985.93 8965.28 8942.68
8664.1 8664.73 8665.5 8672.5 8680.48 8683.06 8680.41 8683.61 8699.05 8734.09 8778.46 8797.05 8745.03 8787.03 8826.04 8858.12 8884 8898.13 8894.78 8924.68 8971.34 8993.33 9004.59 9025.28 9055.47 9084.01 9109.55 9128.66 9146.3 9153.89 9153.4 9146.45 9141.07 9147.55 9147.03 9140.08 9122.55 9108.28 9094.71 9085.21 9083.32 9082.77 9079.65 9071.92 9061.34 9054.3 9046.16 9035.87 9023.94 9015.23 9022.08 9028.1 9032.39 9032.49 9032.5 9033.7 9038.22 9044.95 9043.89 9042.09 9044.28 9042.49 9028.3 9008.57 8986.65 8959.98 8922.31
8666.79 8665.81 8666.37 8673.06 8679.34 8681.47 8684.72 8689.65 8706.87 8731.42 8760.2 8772.66 8758.39 8776.35 8806.15 8836.32 8857.02 8870.33 8878.12 8910.21 8948.4 8976.57 8996.73 9022.42 9055.64 9090.46 9115.5 9129.72 9141.56 9147.28 9138.84 9138.06 9129.08 9124.41 9128.21 9126.64 9118.02 9106.53 9096.44 9089.69 9087.16 9085.86 9084.81 9084.64 9077.42 9065.48 9053.49 9041.82 9029.89 9022.39 9024.73 9029.37 9036.92 9036.57 9030.05 9029.19 9030.82 9032.35 9036.18 9037.65 9038.84 9034.42 9023.5 9009.4 8990.46 8971.49 8958.29
8672.79 8669.98 8670.55 8672.37 8677.84 8684.67 8686.67 8687.9 8695.84 8723.37 8751.13 8772.98 8773.65 8775.64 8791.59 8815.25 8838.72 8858.22 8877.94 8906.23 8937.77 8967.24 8993.91 9025.12 9055.79 9084.65 9118.3 9126.43 9128.65 9125.86 9125.67 9123.35 9122.98 9117.64 9121.01 9118.41 9110.27 9101.98 9095.29 9088.42 9084.23 9082.74 9087.67 9098.4 9088.91 9073.97 9060.11 9049.33 9040.69 9033.86 9029.25 9025.02 9024.72 9021.15 9016.72 9016.67 9020.26 9024.01 9027.82 9028.72 9034.2 9033.37 9026.5 9012.4 8996.04 8980.97 8966.55
8684.93 8679.11 8666.77 8680.94 8682 8692.68 8692.57 8690.71 8696.79 8720.26 8743 8757.9 8766.86 8771.95 8783.43 8800.74 8822.51 8850.3 8884.27 8906.39 8931.78 8962.5 9000.32 9027.94 9057.08 9080.56 9107.8 9118.56 9118.14 9120.82 9119.55 9119.52 9119.57 9115.22 9115.04 9105.7 9097.41 9092.85 9090.29 9088.57 9077.91 9065 9080.22 9094.12 9090.28 9075.35 9061.65 9051.62 9048.11 9044.54 9033 9013.74 8997.65 8995.25 8996.67 8999.79 9006.95 9021.82 9020.85 9020.21 9022.5 9028.77 9028.15 9011.91 8996.07 8981.78 8968.9
8700.19 8700.18 8700.2 8699.46 8690.15 8700.13 8698.88 8699.61 8706.13 8722.03 8738.55 8746.5 8744.05 8760.69 8776.18 8790.99 8807.73 8830.73 8877 8910.48 8935.88 8961.73 8986.97 9022.58 9060.75 9090.19 9103.64 9111.77 9113.87 9117.35 9114.89 9102.11 9067.07 9065.6 9071.88 9076.01 9078.85 9080.95 9082.96 9080.63 9076.36 9068.14 9072.35 9085.23 9082.49 9068.29 9056.66 9052.51 9047.37 9046.46 9029.25 9000.39 8972.16 8973.61 8979.1 8982.58 8985.56 8991.38 9006.69 9008.41 9011.92 9017.97 9016.77 9003.79 8988.65 8974 8959.18
8718.67 8718.28 8720.06 8706.16 8693.64 8699.75 8703.61 8711.2 8717.26 8724.33 8734 8738.35 8738.88 8756 8768.89 8779.73 8791.39 8804.68 8858.63 8907.98 8926.61 8939.42 8959.71 9009.13 9059.75 9100.02 9097.73 9100.29 9113.06 9107.97 9106.86 9097.96 9053.94 9043.87 9035.58 9049.96 9060.8 9067.3 9072.41 9079.53 9070.15 9055.98 9057.33 9060.94 9059.16 9052.61 9046.6 9040.68 9035.82 9026.92 9012.27 8990.54 8970.7 8966.01 8967.49 8968.7 8966.3 8962.91 8973.62 8986.07 8999.66 9007 9000.96 8989.05 8977.2 8963.58 8946.14
8732.24 8723.49 8714.02 8697.57 8696.65 8694.68 8698.94 8709.94 8718.09 8723.89 8730.92 8739.46 8758.44 8760.86 8766.55 8773.74 8784.11 8799.22 8855.47 8899.41 8917.08 8930.09 8950.98 8995.59 9037.38 9065.88 9046.87 9039.76 9074.96 9092.43 9089.72 9083 9058.67 9047.75 9038.8 9042.86 9050.04 9054.4 9055.85 9053.68 9043.37 9035.45 9032.21 9030.03 9027.28 9030.88 9029.01 9025.36 9018.79 9009.44 8997.82 8982.24 8968.5 8964.49 8963.31 8963.02 8961.03 8956.05 8947.42 8964.49 8983.59 8990.08 8978.75 8972.06 8966.24 8958.46 8949.1
8738.7 8721.34 8708.51 8693.87 8680.49 8682.41 8687.46 8695.19 8710.73 8722.98 8728.3 8741.65 8755.71 8763.58 8764.49 8770.6 8782.23 8810.62 8857.15 8889.28 8913.1 8927.06 8966.04 8987.26 9000.1 9001.35 8988.38 8976.66 8986.13 9034.4 9071.86 9081.27 9059.16 9049.66 9040.93 9045.09 9047.27 9046.23 9040.84 9029.76 9014.64 9002.91 9005.8 9008.97 9012.09 9013.05 9012.58 9009.36 9002.3 8993.84 8984.64 8976.84 8969.01 8965.35 8963.52 8962.38 8960.12 8955.71 8952.06 8956.86 8969.15 8973.12 8963.61 8959.87 8956.86 8952.86 8946.71
8739.5 8719.42 8710.79 8695.54 8675.22 8673.12 8678.42 8692.33 8708.93 8727.99 8743.13 8745.79 8747.42 8754.56 8759.65 8766.87 8777.6 8789.38 8839.69 8880.74 8916.3 8961.42 8983.36 8980.3 8979.41 8978.73 8976.42 8978.38 8979.16 9006.1 9062.82 9084.14 9069.93 9065.21 9060.37 9053.66 9049.69 9044.2 9034.75 9017.7 8998.66 8992.09 8991.52 8996.46 9000.17 9002.72 8999.65 8995.31 8988.68 8981.6 8972.48 8974.44 8972.77 8965.92 8962.46 8961.7 8962.64 8957.22 8949.17 8955.52 8962.64 8964.89 8959.27 8952.55 8949.07 8945.68 8941.19
8735.74 8717.61 8724.4 8710.43 8691.46 8681.61 8678.85 8688.64 8706.41 8728.8 8758.91 8751.39 8743.12 8748.22 8756.89 8767.36 8780.35 8798.92 8831.93 8869.32 8907.81 8950.9 8965.37 8963.82 8961.5 8964.81 8972.08 8978.91 8977.81 8992.03 9028.6 9068.32 9076.29 9077.44 9072.91 9064.73 9057.65 9049.67 9039.72 9026.45 9012.42 8993.85 8984.48 8993.47 9007.19 8998.87 8991.45 8985.62 8980.53 8974.63 8969.51 8969.32 8967.31 8962.11 8957.89 8955.42 8955.45 8956.41 8957.15 8957.98 8959.72 8958.98 8950.66 8946.2 8943.54 8939.17 8935.61
8726.21 8704.3 8706.81 8715.61 8722.11 8705.06 8686.4 8690.88 8701.61 8711.64 8716.39 8725.51 8730.86 8737.9 8752.47 8770.85 8788.76 8811.15 8835.75 8857.83 8886.03 8912.67 8933.78 8941.63 8945.58 8955.1 8966.12 8973.11 8976.86 8976.69 8982.16 9037.61 9078.66 9079.78 9075.24 9068.83 9061.48 9054.92 9048.81 9043.35 9032.04 9011.85 8988.06 8990.89 8991.57 8986.94 8982.99 8979.14 8974.83 8971.14 8968.86 8965.93 8962.09 8956.08 8950.26 8946.66 8945.59 8954.59 8960.87 8959.64 8959.26 8955.72 8950.86 8944.33 8941.32 8937.48 8933.12
8712.13 8693.8 8694.92 8713.12 8728.67 8719.67 8694.92 8695.67 8699.08 8703.99 8703.14 8700.05 8719.4 8729.37 8752.65 8778.02 8798.98 8811.14 8842.72 8854.66 8873.22 8880.37 8904.2 8925.23 8936.99 8950.72 8963.19 8972.71 8973.18 8971.7 8978.37 9012 9084.73 9088.63 9079.16 9069.84 9063.38 9058.93 9056.24 9054.71 9055.63 9033.47 9012.86 8993.28 8978.57 8975.91 8976.8 8974.79 8971.14 8967.43 8963.91 8960.99 8956.3 8950.31 8943.64 8936.44 8929.84 8951.23 8956.33 8958.3 8958.65 8959.51 8953.52 8945.69 8941.2 8942.47 8932.3
8697.46 8681.24 8698.6 8708.63 8710.03 8708.01 8708.77 8698.24 8696.61 8697.48 8699.9 8703.33 8712.31 8731.62 8762.04 8794.88 8825.34 8850.34 8868.05 8888.03 8883.9 8890.59 8905.06 8925.67 8940.38 8952.88 8963.03 8970.49 8973.39 8973.84 8981.25 9015.05 9086.47 9078.05 9072.11 9065.9 9062.66 9059.42 9058.88 9058.78 9050.93 9037.46 9015.21 8999.01 8982.11 8976.45 8976.98 8974.36 8970.04 8964.58 8958.46 8953.55 8950.69 8946.05 8940.27 8936.31 8946.69 8952.18 8953.71 8954.85 8955.71 8955.14 8955.08 8954.11 8938 8917.47 8926.26
8686.68 8687.69 8701.44 8706.05 8710.04 8711.7 8712.78 8697.47 8692.73 8693.86 8701.52 8705.27 8713.41 8731.67 8777.74 8817.79 8851.96 8878.95 8891.27 8897.82 8899.59 8906.64 8926.79 8938.51 8951.66 8959.5 8965.48 8970.57 8979.51 8978.47 8984.86 9009.91 9051.94 9054.61 9057.96 9059.24 9057.65 9054.91 9054.66 9057.46 9062.96 9043.93 9025.31 9009.97 8996.96 8989.85 8984.18 8978.01 8971.68 8964.37 8955.7 8951.63 8948.68 8945.25 8940.58 8935.03 8934.57 8944.74 8949.33 8949.1 8950.33 8951.11 8952.57 8953.71 8951.07 8956.83 8935.68
8674.49 8685.89 8698.43 8699.14 8702.2 8701.11 8682.49 8682.7 8683.71 8689.29 8691.02 8705.55 8724.08 8762.52 8807.11 8846.4 8876.82 8896.73 8909.52 8912.04 8919.18 8931.22 8942.22 8957.38 8966.5 8969.39 8972.32 8977.52 8984.26 8987.69 8995.72 9021.02 9045.34 9048.98 9051.63 9051.89 9050.27 9048.24 9045.43 9043.92 9042.21 9037.56 9027.79 9016.23 9009.88 9003 8991.48 8982.43 8974.48 8966.9 8959.42 8952.31 8950.62 8946.98 8943.56 8940.83 8939.13 8938.16 8941.54 8944.42 8945.19 8946.36 8949.44 8951.23 8953.87 8954.13 8944.61
8660.27 8663.17 8677.46 8686.77 8689 8682.03 8670.39 8671.54 8673.26 8675.94 8684.74 8703.98 8730.34 8769.39 8826.87 8873.42 8919.66 8933.71 8929.66 8927.24 8931.8 8952.91 8972.9 8980.85 8982.2 8982.54 8981.74 8984.08 9000.71 8999.39 9009.54 9031.57 9048.51 9052.76 9049.25 9047.04 9043.54 9040.34 9036.39 9030.66 9022.8 9020.43 9018.33 9013.73 9009.88 9003.69 8994.19 8985.09 8977.48 8971.08 8966.2 8959.15 8955.44 8951.69 8948.19 8948.36 8945.98 8939.34 8939.81 8941.13 8940.59 8939.24 8937.15 8941.93 8944.94 8945.25 8943.27
8625.53 8632.92 8657.51 8674.88 8683.29 8680.55 8667.02 8663.87 8666.41 8672.56 8683.98 8705.44 8736.49 8781.47 8840.1 8881.64 8928.72 8944.63 8943.41 8940.53 8947 8974.17 9002.99 8999.62 8996.63 8997.5 8998.46 8998.6 9004.02 9022.07 9035.7 9044.49 9050.06 9046.88 9042.73 9038.89 9035.65 9032.46 9028.9 9023.33 9019.25 9018.55 9014.83 9011.44 9008.46 9003.67 8995.06 8986.87 8980.26 8975.47 8972.08 8964.16 8962.58 8956.92 8950.3 8942.47 8946.65 8946.61 8942.33 8939.68 8937.45 8935.34 8934.48 8935.12 8940.91 8943.75 8941.35
8626.13 8640.97 8658.04 8669.94 8679.24 8684.92 8670.24 8662.75 8665.4 8669.96 8679.72 8705.03 8738.33 8793.75 8837.74 8863.74 8897.8 8933.32 8952.22 8958.03 8961.73 8989.27 9006.48 9013.1 9014.69 9015.85 9014.38 9014.11 9020.13 9047.83 9055.48 9049.2 9046 9041.44 9036.23 9032.03 9028.74 9026.5 9024.43 9021.79 9019.04 9017.76 9013.72 9011.2 9005.86 9000.44 8992.77 8986.59 8981.46 8977.84 8976.66 8974.25 8972.02 8962.8 8954.41 8948.48 8948.9 8953.09 8944.4 8938.28 8934.81 8932.62 8931.74 8933.2 8936.19 8938.78 8938.68
8645.44 8656.26 8661.52 8666.5 8672.19 8681.06 8682.86 8668.07 8664.28 8674.86 8683.28 8701.4 8723.55 8742.78 8780.58 8835.77 8882.79 8931.69 8969.77 8998.48 9010.28 9027 9029.62 9031.1 9033.35 9037.15 9037.98 9043.03 9039.15 9049.79 9054.35 9044.12 9040.03 9033.13 9025.8 9023.07 9021.97 9021.28 9021.16 9021.13 9015.21 9006.28 9008.63 9007.01 9000.91 8991.12 8988.2 8984.23 8979.79 8976.5 8974.22 8979.21 8976.69 8967.46 8957.64 8950.29 8943.65 8949.23 8940.37 8934.07 8929.81 8928.37 8929.86 8933.78 8934.84 8936.05 8936.86
8655.77 8660.87 8660.91 8659.96 8659.61 8655.65 8654.1 8658.51 8662.65 8673.63 8685.21 8701.6 8718.44 8727.73 8761.1 8833.3 8894.28 8943.89 8992.92 9042.64 9084.73 9073.42 9073.64 9051.94 9051.9 9057.01 9070.45 9070.9 9059.69 9040.41 9031.26 9041.56 9035.55 9026.49 9015.19 9016.62 9016.6 9016.9 9017.29 9017.57 9013.14 9008.46 9006.08 9002.42 8999.33 8994.28 8987.99 8981.04 8975.61 8972.54 8970.55 8972.31 8975.01 8968.45 8959.57 8952.03 8925.72 8927.65 8928.77 8925.52 8923.2 8922.09 8926.23 8932.4 8935.67 8935.21 8935.93
8637.76 8652.85 8652.76 8651.51 8649.7 8644.98 8644.2 8657.09 8659.35 8661.06 8684.19 8711.18 8737.41 8763.35 8807.23 8852.81 8909.96 8958.49 9010.72 9057.34 9087.21 9092.52 9099.65 9101.28 9071.62 9062.51 9065.79 9074.73 9068.93 9043.99 9025.24 9030.1 9026.9 9019.43 9014.38 9015.88 9016.11 9014.31 9011.24 9008.79 9006.45 9005 9002.84 9005.56 8995.64 8992.1 8984.59 8975.16 8969.11 8966.71 8969.13 8966.53 8969.65 8966.93 8960.71 8949.64 8929.61 8920.62 8920.12 8917.24 8913.91 8911.14 8908.87 8917.7 8931.22 8934.51 8935.47
8628.9 8637.1 8640.3 8642.29 8642.91 8646.43 8649.96 8650.45 8654.97 8662.03 8691.53 8730.48 8770.37 8813.89 8851.7 8867.55 8906.4 8970.51 9023.91 9065.66 9089.2 9085.6 9082.41 9075.88 9067.28 9061.1 9062.08 9069.54 9060.23 9048.89 9015.35 9011.7 9008.49 9027.82 9018.63 9018.11 9017.87 9013.92 9007.56 8998.62 8997.6 8994.17 8989.14 8982.2 8980.08 8976.69 8971.18 8966.02 8960.68 8956.11 8955.02 8959.83 8964.58 8963.94 8959.49 8953.2 8943.08 8926.87 8917.77 8911.82 8906.4 8902.39 8901 8912.36 8932.55 8935.12 8935.41
