real_craters/C083-750m.grd
DSAA
80 80
-29.6625 29.6625
-29.6625 29.6625
8351.1731177033 9722.2236579446
[rows 0 to 39 of 80, columns 0 to 79 of 80]
9268 9259 9247 9236 9250 9258 9257 9258 9258 9254 9262 9263 9250 9249 9248 9246 9249 9254 9258 9263 9261 9264 9252 9224 9202 9216 9266 9322 9341 9333 9319 9305 9295 9318 9342 9366 9382 9372 9359 9361 9367 9372 9376 9423 9474 9478 9470 9475 9497 9531 9564 9593 9619 9592 9579 9564 9580 9605 9625 9646 9649 9666 9700 9702 9697 9693 9687 9676 9657 9644 9618 9612 9613 9618 9623 9630 9643 9651 9660 9668
9254 9247 9245 9231 9235 9243 9246 9249 9249 9248 9251 9245 9240 9240 9240 9237 9240 9249 9258 9260 9267 9265 9249 9230 9225 9212 9235 9277 9299 9303 9325 9302 9308 9332 9351 9380 9411 9385 9358 9356 9362 9368 9379 9405 9427 9440 9442 9479 9477 9494 9515 9534 9555 9522 9562 9593 9617 9622 9632 9647 9658 9659 9673 9686 9691 9694 9695 9690 9671 9627 9641 9624 9615 9618 9634 9642 9642 9656 9665 9669
9238 9235 9227 9223 9227 9231 9236 9240 9244 9252 9250 9237 9230 9225 9228 9230 9237 9246 9257 9262 9262 9265 9255 9239 9222 9197 9214 9237 9276 9297 9332 9278 9288 9317 9340 9364 9381 9376 9363 9360 9374 9373 9384 9399 9406 9417 9434 9447 9446 9466 9471 9467 9445 9429 9452 9557 9599 9611 9620 9638 9648 9639 9647 9666 9680 9692 9703 9708 9690 9632 9644 9637 9628 9627 9640 9640 9640 9651 9666 9668
9226 9223 9220 9216 9219 9226 9231 9233 9235 9240 9246 9236 9226 9219 9219 9225 9230 9240 9246 9255 9256 9261 9261 9257 9233 9200 9206 9232 9255 9283 9327 9293 9315 9301 9324 9336 9343 9356 9372 9389 9382 9379 9378 9376 9399 9409 9407 9432 9460 9450 9438 9424 9406 9399 9403 9470 9582 9577 9583 9606 9618 9633 9643 9648 9667 9688 9706 9721 9713 9661 9661 9653 9646 9631 9639 9642 9648 9657 9669 9669
9214 9211 9208 9209 9216 9226 9228 9226 9223 9220 9226 9226 9219 9216 9217 9222 9226 9234 9241 9247 9250 9252 9262 9261 9228 9207 9204 9223 9251 9281 9306 9300 9290 9315 9320 9314 9316 9329 9345 9377 9370 9372 9380 9403 9422 9416 9418 9431 9433 9420 9410 9400 9395 9394 9400 9423 9510 9514 9535 9545 9579 9580 9593 9622 9651 9677 9701 9717 9713 9698 9688 9661 9635 9632 9641 9648 9658 9667 9678 9667
9218 9213 9209 9207 9216 9229 9226 9221 9214 9207 9200 9205 9207 9211 9220 9224 9225 9232 9237 9245 9244 9249 9259 9258 9234 9205 9199 9201 9234 9265 9275 9276 9297 9329 9322 9298 9292 9302 9303 9315 9333 9352 9379 9395 9392 9395 9398 9406 9389 9383 9387 9385 9385 9396 9404 9413 9446 9478 9504 9517 9512 9522 9553 9595 9631 9664 9692 9712 9712 9707 9696 9666 9638 9633 9637 9645 9660 9665 9666 9653
9229 9218 9207 9203 9210 9226 9221 9215 9207 9200 9194 9194 9197 9206 9220 9226 9230 9233 9240 9242 9246 9249 9260 9255 9234 9209 9204 9213 9233 9262 9271 9267 9280 9312 9322 9312 9300 9291 9284 9279 9300 9323 9339 9349 9352 9359 9361 9356 9358 9364 9381 9392 9401 9408 9410 9423 9438 9471 9487 9496 9503 9523 9542 9577 9616 9652 9683 9706 9703 9704 9696 9671 9645 9636 9635 9637 9650 9647 9634 9632
9235 9223 9210 9205 9204 9211 9212 9207 9200 9194 9186 9188 9188 9191 9202 9209 9225 9234 9236 9237 9246 9251 9262 9252 9217 9222 9226 9210 9230 9252 9264 9263 9270 9293 9315 9324 9306 9292 9281 9274 9292 9304 9307 9309 9313 9336 9339 9362 9368 9369 9392 9412 9425 9436 9444 9445 9453 9474 9488 9490 9495 9499 9525 9558 9599 9637 9674 9704 9704 9703 9695 9677 9652 9631 9626 9626 9632 9630 9622 9623
9241 9232 9234 9215 9207 9208 9207 9203 9196 9186 9186 9186 9184 9182 9189 9205 9224 9236 9247 9248 9244 9246 9256 9248 9228 9234 9250 9226 9226 9240 9259 9258 9261 9286 9306 9287 9294 9292 9290 9299 9300 9304 9298 9300 9301 9319 9332 9373 9384 9392 9404 9437 9443 9449 9461 9435 9440 9480 9506 9510 9483 9480 9511 9545 9581 9621 9661 9700 9722 9709 9698 9686 9674 9658 9621 9615 9617 9621 9625 9628
9252 9243 9234 9223 9213 9210 9206 9203 9199 9192 9190 9190 9184 9178 9184 9208 9225 9235 9243 9239 9233 9239 9251 9244 9230 9234 9228 9229 9242 9239 9243 9246 9251 9266 9285 9287 9288 9290 9293 9303 9316 9315 9317 9313 9312 9320 9321 9357 9370 9378 9398 9415 9427 9432 9437 9399 9412 9453 9485 9500 9486 9481 9504 9533 9564 9599 9637 9675 9706 9708 9700 9693 9686 9665 9618 9612 9611 9616 9624 9624
9263 9263 9249 9237 9224 9211 9210 9208 9207 9209 9207 9199 9184 9177 9182 9212 9224 9232 9235 9233 9235 9235 9238 9236 9225 9214 9212 9220 9234 9232 9236 9239 9243 9256 9281 9302 9286 9283 9283 9291 9307 9315 9329 9329 9335 9345 9353 9358 9371 9388 9397 9395 9413 9406 9375 9379 9395 9417 9442 9498 9515 9499 9502 9522 9545 9572 9602 9636 9656 9695 9690 9689 9685 9671 9648 9625 9603 9612 9621 9622
9278 9274 9265 9250 9237 9229 9218 9216 9214 9217 9213 9201 9184 9176 9187 9207 9219 9228 9232 9230 9232 9232 9229 9238 9226 9189 9216 9233 9256 9263 9238 9237 9237 9241 9270 9267 9275 9275 9271 9263 9282 9297 9310 9332 9353 9362 9363 9354 9357 9362 9402 9430 9420 9401 9390 9395 9400 9357 9402 9471 9485 9477 9496 9514 9531 9547 9563 9587 9620 9644 9669 9677 9679 9677 9658 9635 9606 9603 9613 9616
9267 9266 9263 9255 9243 9229 9223 9223 9222 9231 9228 9212 9190 9183 9192 9199 9213 9226 9235 9236 9234 9234 9250 9254 9241 9204 9211 9234 9265 9266 9249 9243 9238 9236 9238 9259 9270 9274 9272 9269 9278 9293 9309 9327 9346 9352 9338 9351 9373 9389 9416 9434 9427 9412 9381 9354 9380 9390 9403 9436 9458 9473 9495 9508 9520 9527 9534 9559 9614 9635 9652 9665 9671 9670 9656 9625 9603 9589 9602 9608
9250 9255 9263 9259 9250 9237 9231 9232 9233 9245 9235 9217 9202 9188 9185 9199 9213 9226 9238 9252 9242 9246 9286 9265 9232 9206 9198 9226 9261 9274 9268 9252 9246 9237 9251 9265 9278 9281 9281 9282 9286 9289 9303 9317 9328 9327 9327 9347 9376 9404 9420 9426 9426 9423 9404 9361 9367 9399 9419 9440 9449 9455 9493 9508 9515 9521 9534 9574 9613 9625 9642 9658 9669 9671 9656 9631 9606 9585 9593 9609
9243 9256 9273 9270 9259 9250 9244 9240 9237 9246 9236 9228 9211 9199 9196 9205 9218 9228 9236 9239 9251 9262 9279 9267 9243 9222 9188 9201 9250 9257 9255 9261 9266 9279 9294 9299 9299 9296 9293 9290 9277 9289 9303 9313 9315 9315 9318 9341 9362 9386 9402 9411 9414 9408 9385 9347 9354 9399 9417 9429 9441 9473 9505 9509 9512 9518 9535 9589 9611 9613 9632 9649 9665 9674 9656 9640 9612 9576 9584 9590
9238 9243 9271 9274 9262 9252 9247 9249 9252 9258 9245 9239 9229 9218 9225 9224 9228 9235 9237 9238 9257 9264 9267 9264 9250 9243 9229 9198 9222 9253 9258 9265 9279 9303 9347 9334 9314 9305 9303 9302 9294 9302 9311 9317 9320 9313 9320 9338 9360 9384 9406 9408 9401 9388 9368 9351 9349 9390 9427 9411 9422 9478 9504 9505 9507 9512 9517 9537 9574 9595 9617 9640 9659 9673 9663 9648 9627 9606 9574 9560
9222 9224 9245 9255 9254 9251 9252 9258 9266 9269 9253 9244 9234 9228 9227 9228 9236 9244 9256 9263 9259 9262 9265 9258 9250 9245 9242 9234 9252 9241 9251 9263 9277 9298 9324 9327 9318 9312 9310 9310 9311 9310 9314 9320 9328 9317 9321 9334 9354 9374 9384 9392 9387 9380 9361 9345 9352 9379 9399 9399 9405 9451 9476 9487 9496 9509 9521 9532 9554 9575 9598 9624 9649 9663 9648 9641 9633 9610 9576 9551
9215 9215 9217 9232 9244 9251 9253 9267 9280 9279 9267 9264 9250 9237 9234 9239 9243 9254 9261 9263 9261 9261 9254 9248 9246 9245 9239 9250 9272 9251 9252 9257 9266 9279 9293 9296 9308 9309 9312 9313 9316 9305 9311 9318 9327 9330 9323 9325 9330 9335 9356 9364 9371 9369 9360 9347 9350 9366 9379 9379 9385 9427 9447 9465 9480 9499 9529 9539 9541 9552 9576 9607 9635 9657 9634 9629 9617 9611 9607 9582
9224 9216 9220 9233 9247 9259 9271 9275 9280 9282 9273 9258 9246 9244 9246 9234 9243 9261 9282 9278 9275 9270 9249 9241 9243 9237 9234 9249 9262 9264 9251 9248 9250 9254 9267 9294 9298 9303 9308 9313 9316 9317 9309 9311 9313 9319 9319 9314 9309 9306 9314 9340 9361 9378 9377 9372 9388 9388 9394 9383 9383 9406 9435 9449 9458 9468 9481 9509 9497 9517 9551 9584 9615 9634 9613 9605 9598 9599 9600 9574
9218 9216 9230 9240 9251 9266 9280 9280 9275 9277 9275 9266 9255 9244 9242 9225 9236 9257 9283 9278 9266 9261 9251 9242 9244 9247 9240 9241 9261 9255 9244 9236 9232 9236 9261 9270 9288 9298 9305 9310 9312 9306 9301 9302 9307 9320 9311 9305 9301 9300 9313 9329 9349 9354 9386 9408 9427 9427 9402 9394 9395 9410 9434 9440 9441 9439 9434 9462 9451 9485 9522 9558 9589 9605 9586 9595 9588 9612 9543 9570
9221 9218 9227 9240 9250 9263 9275 9274 9273 9275 9283 9278 9267 9252 9239 9222 9226 9238 9253 9260 9258 9255 9249 9243 9243 9250 9249 9247 9248 9249 9237 9225 9216 9222 9264 9281 9288 9297 9303 9304 9304 9286 9289 9296 9300 9301 9298 9301 9304 9305 9323 9334 9342 9360 9387 9421 9439 9438 9412 9412 9411 9425 9432 9430 9432 9432 9434 9431 9443 9467 9500 9533 9564 9586 9576 9587 9582 9583 9574 9563
9240 9238 9229 9231 9242 9254 9261 9249 9251 9265 9279 9275 9266 9262 9255 9238 9224 9224 9224 9246 9261 9249 9242 9243 9242 9233 9239 9252 9248 9236 9229 9216 9202 9190 9239 9275 9288 9297 9302 9301 9296 9282 9289 9294 9297 9299 9292 9298 9311 9329 9328 9330 9335 9347 9374 9405 9417 9414 9424 9422 9424 9442 9455 9434 9431 9427 9425 9426 9436 9451 9478 9509 9540 9562 9562 9567 9552 9563 9580 9571
9261 9264 9247 9228 9236 9245 9247 9229 9228 9250 9266 9264 9261 9265 9257 9240 9227 9223 9217 9246 9258 9244 9228 9243 9244 9245 9245 9259 9249 9242 9228 9216 9203 9196 9233 9274 9287 9297 9302 9303 9301 9304 9302 9303 9300 9302 9294 9295 9307 9322 9329 9324 9325 9332 9352 9371 9377 9382 9388 9400 9418 9441 9460 9443 9434 9419 9405 9394 9403 9431 9457 9484 9512 9542 9551 9550 9539 9560 9569 9569
9289 9264 9238 9226 9233 9240 9241 9229 9230 9242 9251 9253 9250 9253 9256 9249 9241 9239 9243 9253 9264 9247 9238 9238 9237 9242 9252 9253 9244 9241 9231 9222 9216 9219 9235 9260 9285 9299 9306 9308 9305 9313 9322 9333 9345 9323 9289 9285 9295 9302 9307 9314 9310 9318 9330 9336 9335 9353 9373 9391 9406 9427 9438 9454 9432 9418 9387 9377 9392 9417 9439 9459 9475 9496 9534 9540 9555 9579 9609 9588
9257 9245 9233 9234 9235 9242 9246 9246 9242 9240 9238 9235 9244 9255 9257 9260 9254 9253 9256 9257 9255 9237 9223 9222 9220 9207 9229 9241 9250 9237 9234 9232 9234 9228 9255 9281 9295 9307 9316 9321 9333 9338 9341 9364 9374 9330 9274 9273 9291 9303 9297 9296 9300 9308 9320 9324 9319 9336 9362 9372 9394 9418 9439 9451 9411 9381 9373 9380 9397 9412 9429 9444 9456 9474 9496 9518 9542 9586 9629 9618
9253 9242 9238 9235 9237 9244 9251 9256 9250 9242 9231 9224 9229 9251 9257 9255 9247 9261 9260 9252 9243 9229 9231 9226 9228 9234 9219 9234 9248 9236 9236 9240 9255 9291 9280 9293 9314 9323 9335 9339 9348 9364 9352 9342 9371 9330 9263 9270 9301 9319 9318 9312 9312 9315 9322 9333 9351 9348 9381 9380 9398 9401 9417 9411 9366 9328 9358 9383 9397 9409 9422 9435 9450 9467 9489 9519 9546 9581 9624 9636
9262 9245 9234 9225 9240 9249 9256 9265 9264 9251 9239 9244 9250 9249 9261 9264 9263 9254 9252 9246 9233 9224 9232 9235 9230 9220 9178 9221 9231 9231 9236 9236 9238 9247 9277 9290 9308 9350 9376 9374 9365 9385 9374 9356 9374 9350 9299 9295 9325 9360 9358 9343 9341 9332 9330 9334 9345 9351 9343 9346 9358 9368 9372 9374 9344 9310 9354 9381 9396 9406 9418 9431 9447 9463 9491 9536 9561 9585 9595 9625
9272 9243 9239 9254 9252 9254 9261 9273 9272 9259 9249 9259 9266 9271 9271 9270 9252 9245 9243 9244 9235 9207 9233 9243 9238 9226 9199 9173 9219 9229 9231 9234 9242 9268 9297 9303 9338 9400 9429 9462 9483 9508 9429 9422 9444 9394 9331 9311 9336 9361 9401 9332 9328 9327 9324 9321 9302 9303 9296 9304 9317 9343 9349 9349 9375 9379 9399 9394 9393 9400 9411 9424 9437 9452 9473 9506 9562 9577 9577 9596
9271 9245 9245 9253 9259 9256 9256 9271 9268 9262 9258 9265 9245 9281 9277 9269 9251 9238 9238 9240 9233 9226 9239 9229 9213 9217 9193 9155 9208 9217 9233 9244 9255 9294 9365 9439 9484 9470 9457 9525 9592 9590 9546 9467 9484 9429 9350 9315 9327 9350 9333 9299 9283 9304 9320 9330 9324 9309 9317 9350 9346 9355 9369 9402 9420 9424 9397 9374 9381 9390 9402 9415 9431 9438 9463 9496 9546 9527 9546 9567
9281 9250 9257 9274 9271 9261 9246 9240 9254 9265 9274 9268 9270 9287 9278 9266 9253 9237 9238 9242 9236 9223 9223 9209 9206 9195 9176 9138 9152 9194 9246 9287 9309 9350 9428 9542 9637 9453 9370 9355 9428 9561 9633 9599 9567 9460 9368 9322 9323 9321 9305 9293 9284 9301 9320 9342 9370 9375 9374 9384 9382 9377 9385 9402 9414 9416 9385 9364 9368 9381 9393 9406 9417 9419 9443 9495 9513 9509 9534 9549
9275 9254 9266 9281 9277 9269 9262 9259 9257 9269 9281 9285 9282 9282 9272 9260 9246 9236 9237 9242 9234 9215 9204 9196 9190 9170 9144 9136 9140 9193 9279 9359 9384 9398 9398 9410 9285 9201 9177 9182 9212 9279 9388 9450 9502 9436 9378 9344 9365 9370 9372 9357 9323 9314 9321 9333 9344 9364 9375 9372 9373 9378 9381 9385 9386 9393 9373 9352 9360 9371 9386 9400 9413 9423 9437 9454 9471 9499 9520 9528
9267 9265 9275 9290 9288 9273 9271 9266 9269 9281 9284 9286 9285 9282 9262 9249 9241 9232 9230 9235 9231 9225 9218 9210 9179 9159 9146 9142 9142 9221 9325 9418 9564 9401 9270 9136 8994 8946 8948 8967 8989 9003 9045 9169 9277 9354 9400 9439 9415 9402 9398 9380 9344 9325 9322 9326 9337 9348 9360 9351 9360 9370 9370 9367 9363 9369 9361 9352 9355 9368 9383 9398 9412 9426 9429 9430 9444 9470 9494 9501
9273 9275 9279 9286 9286 9269 9257 9290 9298 9297 9302 9302 9288 9250 9247 9231 9217 9210 9215 9215 9223 9223 9215 9187 9176 9160 9148 9146 9211 9317 9354 9363 9338 9241 9091 8923 8789 8752 8732 8726 8761 8818 8888 9012 9119 9238 9382 9538 9505 9462 9406 9357 9338 9330 9325 9320 9322 9325 9342 9343 9349 9352 9354 9359 9361 9376 9348 9340 9354 9367 9380 9392 9403 9412 9418 9420 9429 9464 9476 9472
9264 9271 9272 9274 9269 9273 9288 9314 9311 9296 9291 9279 9269 9271 9246 9217 9190 9185 9201 9222 9225 9237 9240 9198 9183 9157 9162 9269 9359 9449 9375 9251 9126 9045 8920 8780 8670 8623 8563 8527 8578 8638 8722 8808 8914 9075 9262 9465 9642 9546 9428 9357 9351 9339 9330 9323 9324 9332 9314 9322 9323 9325 9332 9337 9350 9383 9361 9354 9358 9368 9377 9386 9392 9400 9407 9419 9439 9457 9457 9455
9291 9276 9266 9263 9263 9272 9291 9299 9293 9284 9284 9295 9284 9262 9237 9207 9175 9171 9177 9193 9203 9226 9235 9224 9189 9161 9181 9368 9449 9535 9365 9166 9002 8898 8786 8666 8570 8497 8458 8426 8451 8480 8488 8546 8699 8878 9053 9238 9488 9474 9417 9380 9375 9350 9332 9320 9308 9302 9311 9300 9283 9300 9308 9325 9349 9376 9377 9372 9369 9368 9371 9378 9376 9371 9391 9413 9439 9451 9430 9434
9305 9282 9267 9248 9228 9244 9254 9261 9264 9271 9280 9282 9282 9265 9238 9206 9181 9159 9163 9163 9161 9176 9256 9221 9187 9150 9241 9411 9479 9534 9287 9075 8916 8803 8699 8592 8495 8456 8408 8384 8391 8396 8399 8405 8551 8702 8834 8941 9095 9270 9369 9405 9372 9352 9329 9304 9285 9278 9295 9283 9257 9260 9281 9306 9332 9385 9399 9387 9376 9365 9357 9351 9354 9360 9375 9399 9417 9447 9428 9437
9303 9290 9276 9255 9226 9232 9219 9235 9242 9249 9274 9295 9292 9257 9228 9215 9201 9187 9177 9162 9148 9169 9242 9213 9175 9134 9304 9440 9470 9263 9147 8984 8848 8748 8641 8544 8463 8431 8390 8370 8379 8373 8368 8401 8470 8570 8662 8731 8853 9116 9335 9422 9397 9370 9326 9286 9271 9266 9275 9270 9245 9240 9265 9297 9340 9379 9408 9394 9376 9360 9343 9326 9329 9342 9358 9380 9406 9430 9409 9406
9323 9307 9294 9286 9299 9271 9260 9241 9232 9242 9278 9300 9285 9258 9239 9241 9227 9227 9186 9160 9150 9175 9221 9213 9183 9141 9238 9392 9363 9209 9097 8977 8846 8731 8626 8529 8439 8394 8413 8422 8412 8393 8373 8375 8426 8504 8579 8647 8776 9047 9326 9480 9423 9387 9323 9268 9258 9264 9268 9239 9237 9237 9270 9313 9347 9384 9395 9383 9368 9353 9337 9321 9315 9324 9344 9361 9376 9400 9387 9376
9364 9333 9314 9303 9295 9287 9263 9252 9242 9266 9282 9293 9291 9291 9289 9273 9252 9190 9170 9154 9142 9166 9219 9254 9231 9192 9159 9271 9385 9303 9119 9001 8846 8723 8623 8536 8474 8431 8464 8481 8467 8433 8386 8351 8398 8484 8569 8644 8790 9016 9251 9421 9452 9390 9308 9248 9224 9251 9243 9224 9229 9254 9291 9335 9354 9373 9367 9360 9352 9343 9336 9327 9317 9323 9341 9357 9377 9387 9376 9357
9388 9352 9328 9312 9290 9268 9264 9266 9277 9286 9286 9299 9313 9310 9304 9265 9224 9174 9163 9154 9147 9166 9204 9238 9253 9237 9153 9238 9425 9426 9123 8894 8791 8703 8621 8548 8496 8477 8517 8525 8521 8520 8442 8368 8401 8483 8577 8679 8800 9019 9215 9369 9440 9346 9261 9212 9187 9208 9208 9231 9257 9284 9309 9329 9319 9313 9325 9331 9334 9334 9335 9334 9325 9330 9347 9364 9379 9363 9331 9333
