real_craters/C084-500m.grd
DSAA
120 120
-29.68 29.68
-29.68 29.68
8685.3009953183 10967.77821845
[rows 0 to 29 of 120, columns 0 to 66 of 120]
10539.2 10543.7 10561.2 10598.2 10520.3 10386.6 10358.4 10342.4 10330.7 10319.8 10311.1 10301.5 10295.5 10283.9 10270.3 10260.8 10252.8 10235.7 10206.3 10162.6 10123.4 10088.6 10060.8 10015.2 9975.38 9952.01 9945.59 9943.25 9940.22 9932.58 9923.4 9912.64 9902.18 9896.97 9895.68 9891.11 9874.85 9851 9827.99 9849.44 9871.96 9840.57 9815.58 9793.43 9776.95 9766.87 9754.83 9735.57 9716.89 9703.19 9691.51 9682.09 9670.62 9658.15 9644.14 9627.28 9617.21 9598.31 9582.32 9567.99 9556.68 9547.92 9537.29 9523.08 9508.21 9477.47 9464.33
10524.9 10505.3 10513.2 10522.7 10532.7 10413.4 10378.3 10342.2 10326.4 10315.9 10307.4 10300.8 10293.5 10286.8 10282.3 10283.8 10275.7 10252.5 10225.8 10188.4 10145.4 10109.2 10084.2 10036.7 9975.24 9949.71 9944.88 9942.55 9939.96 9935.79 9929.66 9922.72 9915.32 9909.17 9904.05 9901.01 9891.23 9881.88 9889.12 9879.49 9871.7 9854.23 9827.8 9802.29 9783.57 9764.38 9746.08 9731.5 9720.31 9710.17 9700.05 9689.88 9679.94 9669.51 9656.8 9640.59 9611.72 9595.05 9579.04 9563.8 9549.64 9536.58 9522.74 9507.78 9490.08 9469.16 9461.74
10511.5 10488.1 10450.5 10416.5 10511.4 10433.4 10380.4 10340.4 10327.3 10315.9 10309.8 10300.2 10294.4 10296.6 10299.7 10306.4 10298.5 10293.8 10269 10215.8 10156.4 10104.6 10063.8 10023.3 9972.95 9953.62 9949.11 9947.64 9946.67 9941.45 9938.22 9934.07 9928.95 9923.09 9916.34 9910.74 9905.41 9900.78 9895.71 9881.97 9882.93 9864 9834.74 9804.74 9777.85 9758.74 9738.26 9724.92 9724.4 9718.39 9709.99 9701.92 9693.1 9682.89 9672.47 9661.44 9641.08 9597.28 9575.52 9558.78 9541.42 9523.95 9507.73 9488.83 9473.2 9465.81 9455.11
10521.2 10491.9 10446.6 10415 10590.6 10478.8 10401.4 10344.8 10329.3 10317.1 10307.7 10301.2 10297.3 10295.8 10304.7 10313.1 10290.9 10283.9 10263.1 10214.5 10154.1 10093 10051.4 10012.6 9978.68 9966.07 9961 9956.53 9955.14 9952.92 9950.79 9948.48 9945.49 9939.27 9930.74 9923.72 9915.99 9909.36 9904.14 9895.57 9883.1 9865.42 9840.29 9807.55 9770.2 9761.77 9759.75 9747.16 9735.79 9727.39 9719.61 9711.36 9702.15 9692.91 9682.41 9668.9 9636.97 9596.98 9576.12 9555.95 9534.46 9511.34 9484.61 9472.18 9458.8 9451.99 9442.27
10538.7 10521.7 10514.3 10529 10611.4 10508.8 10431.8 10367.2 10344.1 10327.6 10312.6 10301.6 10291.9 10284.3 10282.1 10268.9 10252.5 10233.9 10232.2 10199.4 10149.2 10093.9 10059.3 10010 10006.3 9989.96 9982.15 9978.35 9974.9 9970.42 9968.31 9966.06 9966.84 9967.07 9952.29 9934.72 9923.11 9913.19 9903.32 9883.24 9872.41 9867.08 9850.29 9821.75 9791.87 9776.28 9770.23 9759.11 9743.88 9732.84 9726.06 9718.83 9712.06 9704.23 9693.66 9672.8 9636.59 9604.41 9580.83 9558.49 9533.78 9508.55 9485.29 9468.07 9453.42 9443.64 9433.68
10548.5 10556.6 10584.4 10637.9 10553.1 10518.8 10449.9 10394.8 10359.3 10334.4 10313.7 10297 10284 10270.8 10253.6 10232.1 10225.7 10220.8 10217.4 10190.1 10151.1 10113.7 10093.6 10053.2 10028.2 10012.6 10001.5 9997.64 9991.84 9986.84 9982.58 9979.2 9978.58 9971.89 9952.72 9938.42 9926.25 9913.43 9896.77 9875.17 9887.21 9896.3 9863.35 9838.05 9821.59 9787.85 9766.5 9754.04 9744.06 9735.3 9730.84 9726.72 9721.76 9716.85 9707.76 9690.05 9654.49 9615.72 9592.02 9565.94 9538.4 9511.22 9489.17 9468.06 9456.4 9445.89 9434.94
10570.4 10578.5 10588.6 10560.4 10486.4 10477.3 10438.3 10404.5 10371.9 10342.5 10318.9 10297.8 10277 10257.2 10236 10219.3 10212.9 10207.7 10209.5 10184.5 10155.6 10128.2 10117.6 10078.3 10047.2 10031.9 10021.1 10013.5 10006.5 9999.71 9994.37 9988.97 9983.37 9967.83 9946.91 9940.54 9931.32 9919.78 9905.13 9894.29 9893.61 9882.88 9859.72 9834.49 9811.47 9787.62 9763.49 9747.5 9741.71 9737.54 9735.26 9731.28 9727.68 9725.28 9722.94 9714.1 9680.8 9639.86 9611.89 9578.5 9546.12 9514.58 9482.03 9464.24 9458.18 9447.92 9434.6
10587.9 10578.6 10563.3 10522.3 10460.2 10428.1 10417.9 10404.2 10371 10343.3 10318 10295 10270.8 10245.7 10222.4 10205.2 10194.6 10180.2 10181.2 10175.8 10163.2 10149.2 10139.5 10096.5 10063.9 10051 10039.1 10028.7 10018.6 10010.5 10000.3 9994.44 9986.85 9967.27 9953.91 9947.48 9939.62 9930.75 9923.04 9913.28 9888.71 9867.18 9848.21 9824.96 9803.07 9786.45 9767.7 9752.55 9743.93 9740.69 9737.77 9733.02 9728.61 9725.62 9727.78 9739.37 9714.27 9690.06 9632.2 9590.34 9555.47 9524.3 9496.96 9478.57 9466.33 9453.62 9440.5
10593.3 10568.3 10531.7 10481.5 10431.3 10401.2 10387.5 10373.8 10357.4 10338.6 10316.5 10289.4 10263 10234.4 10208.9 10185.8 10172.2 10164.3 10165.7 10168.8 10170.3 10181.7 10156.8 10115.7 10084.9 10068 10052.3 10035.7 10024.6 10015.8 10009.1 10002.8 9994.14 9980.3 9967.91 9958.13 9948.75 9939.38 9926.98 9901.67 9877.17 9858.61 9843.29 9826.04 9807.67 9791.31 9773.88 9757.51 9749.81 9746.58 9740.73 9733.33 9724.49 9716.79 9710.42 9701.16 9690.32 9664.39 9627.23 9593.81 9562.84 9535.03 9512.85 9496.49 9479.28 9467.29 9447.37
10582.3 10552.1 10515.6 10465.8 10413.8 10387.5 10372.7 10351.3 10346.1 10331.1 10309.8 10283.3 10256.9 10229.7 10202 10175.4 10159.7 10155.8 10157.5 10161.5 10164.4 10166.7 10158.1 10125.6 10101.4 10079.6 10056.8 10037.9 10024.4 10014.7 10010.4 10008 10005.9 9994.76 9981.43 9968.04 9957.06 9947.75 9936.54 9919.18 9890.46 9862.41 9850.81 9838.67 9820.2 9800.97 9784.8 9773.63 9765.93 9753.67 9743.67 9732.3 9719.61 9705.32 9687.4 9667.41 9654.43 9627.73 9612.73 9593.52 9569.97 9544.71 9517.81 9491.85 9495.01 9486.1 9464.38
10582.7 10554 10521.8 10478.5 10430.2 10407.1 10393.9 10367.8 10349.5 10330.1 10306.8 10282.9 10256.1 10229.7 10202.3 10176.2 10161.4 10157.7 10153.6 10150.5 10153.6 10156.9 10165.7 10162.1 10123.4 10088 10056.1 10034.5 10016.9 10007.6 10004.8 10007.5 10012.3 10007.2 9989.15 9972.06 9959.35 9951.56 9945.59 9929.57 9910.62 9890.03 9872.44 9856.58 9831.24 9808.51 9793.8 9782.98 9769.99 9759.1 9745.52 9730.6 9713.91 9695.62 9673.79 9651.25 9641.61 9625.91 9613.53 9597.61 9578.38 9558.32 9540.22 9530.07 9528.82 9522.58 9478.75
10596.6 10565.1 10522.1 10495.2 10452.3 10412.1 10387.7 10379.8 10357.9 10331.9 10307.8 10283 10257.7 10231.4 10206.2 10183 10168.1 10165.6 10150.8 10134.3 10127.7 10131.8 10151.3 10182.1 10119.9 10073.2 10042.6 10022.3 10008.9 10000.6 9996 9996.92 10003.2 10000.8 9982.9 9963.22 9951.05 9941.99 9936.6 9918.81 9918.52 9903.37 9882.05 9855.82 9829.25 9808.69 9795.03 9789.51 9784.69 9764.81 9746.33 9727.39 9707.97 9689.5 9672.87 9657.45 9645.4 9640.77 9626.92 9606.2 9588.4 9573.91 9566.25 9572.36 9558.03 9545.4 9510.43
10615.2 10595.9 10565.7 10532.5 10484.1 10429.5 10397.2 10382.3 10359.6 10333.6 10311.5 10288.5 10264.1 10237.9 10215.3 10194.2 10177.7 10171.1 10148.4 10115.9 10078.1 10070.9 10084.5 10081.9 10061.7 10036.4 10019.9 10005.9 9994.42 9983.99 9977.64 9975.97 9982.04 9977.92 9963.07 9943.9 9929.75 9921.18 9917.37 9912.85 9899.32 9898.79 9875.2 9831.17 9817.06 9805.38 9791.09 9775.09 9780.73 9765.6 9744.05 9723.55 9703.54 9685.22 9669.01 9656.07 9646.97 9639.07 9626.32 9614.29 9600.02 9585.4 9573.43 9562.73 9562.95 9565.66 9547.7
10638.6 10629.8 10610.3 10560.8 10504.2 10451.4 10405.7 10369.6 10347.7 10332.6 10315 10295.9 10273.9 10253.8 10231.6 10209 10198.6 10179.2 10149.5 10111.7 10074.8 10065.3 10032 9999.82 9995.83 9994.81 9995.66 9989.06 9979.36 9967.99 9955.19 9944.88 9940.27 9946.45 9932.5 9917.82 9905.1 9896.84 9900.46 9916.33 9909.32 9913.73 9891.92 9824.64 9817.87 9809.11 9794.84 9775.47 9769.6 9760.21 9741.66 9719.5 9697.08 9678.94 9667.93 9656.26 9647.7 9639.48 9630.91 9625.42 9612.29 9595.29 9575.28 9558.41 9558.68 9570.5 9571.87
10655.8 10650.4 10623.8 10576.3 10523 10472 10439.9 10378.5 10347.7 10338.9 10325.9 10310.4 10292.7 10274.6 10253.5 10227.8 10192.8 10176.1 10155.7 10127.2 10097.5 10089.6 10046.4 10000.8 9979.1 9980.86 9985.52 9980.16 9968.99 9954.32 9936.86 9918.02 9898.99 9903.98 9899.94 9890.73 9881.51 9877 9895.32 9939.16 9959.44 9949.69 9921.79 9866.57 9840.78 9824.71 9810.45 9796.47 9777.07 9761.1 9741.37 9716.7 9690.92 9668.42 9654.05 9650.21 9651.76 9655.36 9656.22 9643.82 9628.81 9608.48 9583.59 9555.33 9554.46 9578.47 9587.15
10671 10671.2 10667 10634.8 10569.5 10485.1 10460.7 10415.3 10377.8 10358.1 10342.1 10329.2 10315.6 10301.2 10283.3 10260.1 10225.2 10193.2 10176.3 10159 10153.2 10142.6 10124.3 10078.2 10028.2 10005.8 9993.96 9981.04 9965.37 9946.72 9925.17 9905.24 9881.63 9878.21 9875.63 9869.27 9862.8 9862.81 9896.35 9963.9 10007.3 9966.07 9928.27 9899.96 9864.34 9841.56 9828.68 9823.74 9811.88 9779.94 9746.97 9716.87 9687.83 9658.71 9634.61 9643.95 9659.61 9669.29 9668.36 9666.22 9651.93 9630.27 9603.95 9577.67 9570.03 9583.66 9584.18
10683.8 10689.2 10715.9 10698.8 10629.4 10541.8 10500.7 10447.5 10415.4 10375.3 10357.8 10347.6 10339.4 10329.9 10316.1 10300.2 10271.3 10230.2 10208.4 10189.2 10182.7 10173 10145.1 10110.5 10070.5 10038.6 10013.5 9991.01 9968.85 9946.05 9923.47 9904.82 9888.52 9870.75 9862.05 9854.09 9848.98 9854.05 9888.88 9944.42 9971.45 9935.94 9922.61 9899.92 9869.85 9849.84 9839.04 9832.78 9821.72 9785.21 9750.69 9723.52 9695.52 9665.11 9639.53 9655.22 9678.03 9696.61 9706.28 9698.48 9678.55 9655.25 9632.28 9611.88 9597.37 9587.72 9568.83
10694.2 10701.8 10745.3 10741.5 10667.3 10580.7 10509.4 10444 10393 10377.5 10371.2 10366.7 10364.2 10360.1 10353.7 10340.1 10312.4 10281.2 10248.3 10211.2 10197.7 10187.1 10169.1 10137.6 10103.8 10069.8 10036 10007.9 9980.86 9954.13 9927.78 9902.07 9878.81 9868.88 9857.1 9846.29 9838.15 9844.28 9871.7 9907.35 9917.35 9895.37 9887.3 9875.52 9862.4 9850.53 9839.61 9829.2 9808.34 9766.2 9752.38 9736.64 9715.84 9691.8 9677.06 9685.22 9704.07 9726.41 9747.81 9728.56 9699.99 9677.16 9659.99 9650.41 9642.77 9607.84 9585.2
10706.7 10733.2 10744 10757 10680.7 10574.3 10508.7 10456.6 10398.7 10390.8 10392.7 10390.7 10390.2 10390 10391.5 10392.4 10379.8 10358.3 10290.8 10234.3 10210.9 10206.2 10190.3 10161 10129.3 10095.9 10060.3 10025.9 9993.85 9963.82 9936.47 9912.64 9885.57 9872.99 9858.69 9843.59 9829.44 9818.1 9849.24 9881.42 9901.94 9893.89 9868.61 9857.38 9853.43 9846.75 9837.79 9822.04 9792.12 9764.72 9766.43 9761.25 9748.68 9729.1 9713.35 9718.87 9728.85 9742.05 9752.03 9736.55 9710.51 9689.5 9673.82 9664.82 9654.08 9614.73 9582.41
10708.5 10730.3 10751.7 10742.6 10665 10577.6 10520 10496.7 10448 10431.2 10424.3 10418.3 10414.7 10415.1 10420.2 10430 10415.8 10373.4 10309.9 10257.6 10240.6 10225.5 10211.2 10178.6 10145.9 10113.1 10078.9 10042.7 10008 9974.22 9944.01 9923.76 9904.61 9884.06 9864.72 9848.04 9834.22 9831.75 9844.21 9864.82 9875.33 9865.49 9863.2 9847.33 9845.34 9843.54 9837.59 9827.81 9816.06 9802.32 9801.76 9795.42 9788.29 9785.3 9771.55 9754.85 9748.4 9745.77 9739.6 9725.3 9708.5 9691.15 9674.99 9659.22 9639.06 9605.96 9573.5
10702.9 10726.7 10768.3 10769.6 10694 10601.2 10536.6 10518.3 10505 10479 10452.7 10435.9 10427.6 10424.7 10426.8 10434.5 10420.8 10353.4 10303.4 10265.8 10248.6 10225.8 10210.6 10183.9 10158.1 10126.3 10094.8 10056.8 10018.9 9982.32 9949.02 9926.92 9916.74 9892.98 9872.83 9856.42 9842.6 9836.26 9847.32 9858.26 9855.61 9833.57 9843.44 9842.25 9843.45 9842.81 9840.31 9838.97 9841.79 9861.46 9843.5 9826.71 9818.21 9815.09 9802.09 9777.08 9758.88 9744.52 9727.24 9711.42 9700.72 9685.56 9669.2 9649.14 9623.37 9593.41 9568.9
10699.7 10720.8 10777.3 10830.4 10750.5 10631.7 10545.2 10536 10523.9 10503.3 10466 10443.3 10430.2 10420.7 10413.4 10400.5 10384.7 10333.8 10285.5 10252.9 10237.1 10205.5 10184.6 10182.7 10169 10142.2 10109.7 10069.4 10026.8 9985.63 9948.15 9921.34 9907.49 9893.73 9880.07 9866.62 9853.79 9845.97 9855.04 9864.11 9874.54 9863.64 9847.26 9848.49 9848.55 9846.18 9844.08 9844.33 9850.48 9864.34 9856.61 9840.79 9828.64 9819.27 9802.97 9782.23 9762.52 9743.28 9724.62 9708.25 9695.88 9683.25 9665.27 9642.57 9612.61 9585.32 9560.06
10710.4 10740.7 10815.7 10886.4 10808.7 10668.2 10556.6 10525.2 10499.1 10480.3 10457.5 10438.3 10424.5 10410.2 10395.6 10373.5 10338.1 10312.9 10264.8 10233.3 10221.2 10201.4 10191.1 10194.5 10185.5 10161.8 10128.4 10084 10034.8 9986.26 9941.37 9908.9 9896.19 9891.7 9885.03 9878.8 9876.1 9871.95 9867.99 9870.28 9874.63 9865.62 9853.53 9858.46 9855.89 9848.44 9843.43 9840.69 9842.21 9848.4 9849.13 9836.57 9822.36 9810.46 9793.49 9776.77 9760.01 9743.85 9725.01 9703.78 9699.5 9686.58 9668.38 9646.15 9623.17 9593.4 9557.79
10731.1 10800.6 10892.2 10967.8 10850.3 10699.2 10573.2 10530.2 10485.7 10454.2 10443.1 10429.2 10414.3 10398 10379.5 10356.5 10330.3 10295.9 10246.2 10217.9 10229.1 10235.9 10229.9 10222.8 10208.2 10188.5 10152.2 10099.5 10042 9985.21 9932.33 9895.6 9893.02 9893.93 9893.41 9890.66 9887.67 9884.45 9878.4 9872.51 9861.88 9850.56 9859.39 9875.3 9858.32 9845.02 9836.38 9831.6 9829.8 9836.74 9838.72 9821.36 9802.78 9785.22 9774.76 9763.97 9753.14 9744.08 9737.67 9735.22 9713.6 9694.83 9677.1 9656.27 9629.83 9600.95 9586.62
10734.7 10818.8 10895.9 10926 10828.2 10709.6 10609.5 10561 10505 10465.1 10441 10423 10406.1 10387.7 10369.7 10360.7 10347.7 10306.9 10260.2 10237.7 10261.8 10281.3 10273.6 10253.6 10234.6 10215.6 10178.2 10115.4 10052.2 9990.13 9932.51 9900.62 9898.94 9903.07 9906.93 9905.5 9893.47 9890.89 9888.42 9878.77 9864.66 9857.21 9844.15 9846.19 9841.25 9833.51 9825.13 9817.19 9810.93 9810.11 9814.91 9797.29 9773.41 9753.39 9751.58 9747.69 9744.61 9740.18 9737.97 9733.78 9716.28 9699.79 9686.12 9672.68 9658.34 9643.46 9625.54
10730.6 10777 10808.6 10798.9 10764.1 10696.4 10641.4 10612 10527.8 10478.6 10443.5 10422.1 10402.2 10383.3 10364.1 10349.4 10348.3 10335.3 10308.6 10294.4 10305.6 10316.3 10300 10275.1 10249.8 10220.9 10181.3 10125 10064.4 10001.4 9940.97 9907.49 9912.37 9920.88 9927.06 9930.67 9935.2 9920.85 9906.18 9889.69 9870.22 9850.9 9821.8 9820.87 9822.65 9819.97 9812.56 9803.02 9792.64 9788.47 9792.41 9770.9 9748.86 9731.54 9734.55 9735.52 9735.8 9732.81 9726.4 9713.52 9705.3 9700.15 9692.76 9685.66 9685.67 9684.61 9638.17
10719.9 10736.1 10750.3 10734.6 10708.6 10666.5 10617.4 10589.1 10544.9 10476.1 10446.3 10423.6 10401.6 10381.6 10365.2 10357.3 10353.4 10349 10337.3 10341.1 10340 10332.9 10309.6 10282.9 10253.9 10223 10182.4 10132.4 10079.9 10023.3 9963.09 9927.45 9938.37 9946.68 9952.47 9954.98 9950.94 9943.29 9927.77 9908.95 9883.71 9848.62 9834.34 9822.54 9820.06 9814.16 9803.51 9791.66 9777.63 9762.65 9750.7 9743.09 9735.79 9731.46 9727.44 9727.92 9726.67 9724.36 9718.95 9701.24 9699.31 9702.75 9695.25 9687.36 9680.21 9661.73 9623.72
10707.5 10699.3 10701.5 10688.7 10667.9 10639.4 10613.6 10586.2 10554.8 10507.2 10464.5 10429.2 10401.9 10381.2 10367.1 10361 10358.5 10362 10380.3 10375.6 10354.3 10333.6 10304.9 10275.7 10246.2 10215 10186.5 10143.3 10103 10059.8 10015.7 9980.82 9981.45 9982.34 9983.65 9982.71 9979.11 9966.21 9951.74 9933.16 9910.79 9886.82 9855.31 9842.58 9834.84 9815.31 9800.04 9783.59 9767.85 9754.42 9731.42 9723.68 9713.57 9713.62 9720.83 9722.69 9723.09 9723.46 9724.5 9726.56 9723.86 9708.26 9691.97 9678.12 9666.15 9649.67 9611.81
10703.2 10686.3 10666.5 10650.3 10635.4 10615.1 10591.8 10564.1 10538.5 10512.4 10467.3 10425.8 10399.6 10380.5 10368.6 10364.1 10357.5 10351.8 10367.2 10366.1 10340.8 10314.2 10286.1 10257.4 10231.5 10205.9 10179.3 10152.6 10126.1 10101.2 10075.1 10046 10030.5 10021.7 10016.4 10012.2 10001.4 9989.25 9973.41 9956.95 9940.82 9914.38 9863.44 9838.14 9829.53 9810.49 9796.23 9781.14 9764.67 9745.73 9725.59 9725.1 9720.82 9719.8 9722.85 9722.08 9720.85 9721.36 9726.48 9743.96 9739.46 9702.69 9680.94 9665.24 9650 9630.2 9601.52
10681.2 10659.3 10643 10627.5 10611.6 10591.4 10565.9 10535 10502.3 10463.9 10429.8 10409.2 10392.4 10378.5 10373 10376.8 10346.7 10322.1 10309.9 10311.4 10302 10284 10255.5 10231.4 10210.5 10189.6 10170.5 10155 10143.3 10135.3 10125.5 10095.5 10073.5 10056.3 10044.1 10037.4 10032 10007.8 9990.22 9976.41 9965.56 9935.55 9852.04 9826.49 9806.05 9807.5 9798.67 9785.08 9768.35 9748.01 9738.23 9748.8 9764.26 9746.28 9732.68 9724.75 9718.89 9713.76 9709 9702.05 9685.48 9671.94 9657.08 9643.69 9629.81 9617.32 9587.85
