real_craters/C084-750m.grd
DSAA
80 80
-29.68 29.68
-29.68 29.68
8685.8725223625 10948.615471896
[rows 0 to 32 of 80, columns 0 to 73 of 80]
1.054e+004 1.055e+004 1.06e+004 1.044e+004 1.036e+004 1.034e+004 1.032e+004 1.031e+004 1.029e+004 1.028e+004 1.026e+004 1.024e+004 1.02e+004 1.014e+004 1.009e+004 1.004e+004 9972 9947 9944 9936 9922 9906 9896 9895 9872 9830 9853 9850 9811 9781 9765 9743 9714 9695 9680 9662 9640 9619 9594 9572 9554 9541 9520 9484 9463 9455 9447 9447 9442 9436 9432 9435 9435 9433 9431 9429 9432 9432 9435 9432 9431 9432 9436 9457 9449 9457 9487 9503 9464 9430 9448 9542 9596 9529
1.052e+004 1.049e+004 1.046e+004 1.049e+004 1.038e+004 1.033e+004 1.032e+004 1.031e+004 1.029e+004 1.029e+004 1.03e+004 1.028e+004 1.025e+004 1.017e+004 1.011e+004 1.006e+004 9971 9947 9945 9941 9934 9925 9916 9906 9898 9894 9877 9867 9826 9788 9757 9731 9720 9707 9694 9679 9662 9634 9591 9565 9542 9519 9493 9470 9454 9440 9434 9431 9430 9428 9428 9431 9432 9430 9429 9426 9429 9440 9433 9428 9428 9430 9440 9454 9453 9457 9468 9489 9492 9481 9480 9495 9492 9478
1.052e+004 1.047e+004 1.042e+004 1.053e+004 1.04e+004 1.034e+004 1.032e+004 1.03e+004 1.03e+004 1.03e+004 1.031e+004 1.028e+004 1.026e+004 1.018e+004 1.009e+004 1.003e+004 9977 9963 9956 9954 9951 9947 9939 9927 9915 9906 9894 9873 9835 9782 9761 9751 9735 9722 9710 9696 9680 9651 9592 9561 9529 9491 9469 9453 9438 9427 9419 9412 9418 9427 9431 9435 9431 9426 9422 9419 9417 9417 9414 9418 9423 9425 9430 9435 9447 9459 9457 9467 9474 9479 9477 9461 9436 9464
1.054e+004 1.055e+004 1.06e+004 1.055e+004 1.044e+004 1.036e+004 1.033e+004 1.031e+004 1.029e+004 1.027e+004 1.025e+004 1.023e+004 1.022e+004 1.017e+004 1.01e+004 1.005e+004 1.002e+004 9997 9986 9981 9975 9972 9975 9943 9923 9904 9870 9886 9853 9815 9780 9761 9742 9731 9724 9714 9698 9657 9604 9568 9529 9494 9464 9447 9433 9424 9414 9407 9415 9427 9449 9438 9428 9420 9414 9409 9401 9392 9396 9407 9418 9423 9426 9418 9433 9429 9436 9449 9458 9465 9462 9454 9452 9454
1.057e+004 1.058e+004 1.056e+004 1.048e+004 1.044e+004 1.039e+004 1.034e+004 1.031e+004 1.028e+004 1.025e+004 1.022e+004 1.021e+004 1.021e+004 1.017e+004 1.013e+004 1.01e+004 1.005e+004 1.003e+004 1.001e+004 1e+004 9994 9985 9962 9943 9930 9911 9895 9888 9855 9818 9783 9751 9740 9736 9731 9726 9723 9693 9635 9587 9538 9490 9463 9451 9431 9422 9412 9411 9417 9421 9417 9417 9419 9416 9410 9402 9394 9389 9391 9399 9412 9437 9432 9434 9432 9418 9427 9439 9449 9455 9459 9460 9460 9454
1.059e+004 1.056e+004 1.05e+004 1.043e+004 1.04e+004 1.038e+004 1.034e+004 1.031e+004 1.027e+004 1.022e+004 1.019e+004 1.017e+004 1.017e+004 1.017e+004 1.017e+004 1.012e+004 1.007e+004 1.005e+004 1.003e+004 1.002e+004 1e+004 9994 9969 9955 9943 9930 9902 9868 9841 9809 9785 9759 9745 9741 9732 9723 9721 9713 9673 9603 9552 9511 9485 9465 9439 9417 9426 9421 9427 9423 9417 9414 9411 9409 9406 9396 9390 9385 9384 9390 9396 9403 9427 9439 9423 9421 9431 9442 9452 9459 9464 9468 9471 9459
1.058e+004 1.054e+004 1.047e+004 1.04e+004 1.037e+004 1.035e+004 1.033e+004 1.03e+004 1.026e+004 1.021e+004 1.017e+004 1.016e+004 1.016e+004 1.016e+004 1.017e+004 1.014e+004 1.01e+004 1.007e+004 1.004e+004 1.002e+004 1.001e+004 1.001e+004 9993 9973 9956 9942 9916 9873 9850 9827 9798 9777 9764 9747 9730 9709 9682 9658 9622 9599 9564 9525 9493 9491 9459 9439 9471 9474 9445 9430 9421 9413 9409 9406 9404 9395 9389 9384 9384 9386 9389 9397 9420 9445 9450 9453 9449 9451 9454 9460 9467 9473 9473 9463
1.059e+004 1.054e+004 1.049e+004 1.043e+004 1.039e+004 1.036e+004 1.033e+004 1.029e+004 1.026e+004 1.022e+004 1.018e+004 1.016e+004 1.015e+004 1.014e+004 1.015e+004 1.018e+004 1.012e+004 1.006e+004 1.003e+004 1.001e+004 1e+004 1.001e+004 1e+004 9976 9955 9944 9919 9906 9877 9842 9806 9791 9773 9751 9724 9697 9668 9646 9629 9607 9580 9558 9559 9537 9478 9468 9470 9460 9447 9435 9424 9418 9407 9401 9402 9396 9391 9384 9379 9387 9393 9397 9410 9429 9426 9460 9457 9455 9457 9461 9467 9473 9481 9481
1.062e+004 1.058e+004 1.053e+004 1.046e+004 1.04e+004 1.037e+004 1.033e+004 1.03e+004 1.026e+004 1.023e+004 1.019e+004 1.018e+004 1.015e+004 1.009e+004 1.007e+004 1.008e+004 1.006e+004 1.002e+004 1e+004 9987 9976 9977 9976 9949 9927 9917 9911 9899 9867 9820 9803 9780 9781 9750 9719 9690 9665 9649 9636 9618 9597 9576 9560 9566 9541 9465 9442 9445 9445 9434 9422 9409 9408 9405 9406 9403 9398 9393 9391 9400 9414 9419 9413 9394 9425 9433 9446 9450 9453 9456 9461 9466 9472 9464
1.065e+004 1.063e+004 1.056e+004 1.049e+004 1.042e+004 1.035e+004 1.033e+004 1.031e+004 1.028e+004 1.025e+004 1.022e+004 1.019e+004 1.015e+004 1.01e+004 1.008e+004 9994 9972 9986 9981 9964 9942 9918 9921 9907 9890 9887 9928 9933 9899 9833 9814 9790 9768 9747 9712 9678 9664 9651 9649 9638 9616 9584 9550 9570 9580 9520 9461 9457 9451 9440 9426 9418 9409 9412 9413 9412 9411 9407 9404 9410 9423 9430 9431 9425 9406 9426 9437 9445 9451 9454 9455 9454 9448 9437
1.067e+004 1.067e+004 1.064e+004 1.053e+004 1.046e+004 1.039e+004 1.036e+004 1.034e+004 1.032e+004 1.029e+004 1.026e+004 1.021e+004 1.018e+004 1.016e+004 1.014e+004 1.012e+004 1.003e+004 1e+004 9980 9954 9922 9891 9877 9871 9861 9877 9976 9981 9926 9875 9839 9825 9807 9757 9711 9667 9633 9656 9672 9670 9649 9612 9574 9581 9577 9555 9530 9497 9474 9456 9436 9416 9413 9424 9427 9427 9426 9424 9414 9417 9425 9425 9427 9423 9411 9421 9433 9444 9450 9452 9450 9449 9445 9454
1.069e+004 1.071e+004 1.073e+004 1.061e+004 1.051e+004 1.043e+004 1.038e+004 1.036e+004 1.035e+004 1.034e+004 1.032e+004 1.027e+004 1.023e+004 1.019e+004 1.018e+004 1.014e+004 1.009e+004 1.004e+004 9998 9960 9923 9893 9868 9852 9843 9868 9929 9917 9899 9872 9848 9835 9809 9757 9725 9686 9659 9686 9720 9724 9686 9653 9633 9605 9573 9582 9558 9523 9493 9469 9450 9430 9428 9439 9440 9442 9444 9449 9456 9443 9410 9413 9419 9422 9433 9427 9436 9438 9442 9445 9447 9445 9445 9442
1.071e+004 1.074e+004 1.076e+004 1.062e+004 1.051e+004 1.043e+004 1.039e+004 1.039e+004 1.039e+004 1.039e+004 1.04e+004 1.037e+004 1.029e+004 1.021e+004 1.021e+004 1.018e+004 1.013e+004 1.008e+004 1.002e+004 9976 9933 9896 9872 9849 9827 9836 9884 9900 9864 9854 9845 9828 9787 9768 9761 9739 9718 9728 9745 9743 9705 9678 9663 9623 9577 9585 9579 9544 9517 9493 9476 9470 9458 9453 9451 9452 9457 9466 9481 9461 9406 9416 9433 9479 9494 9454 9447 9441 9440 9442 9443 9443 9444 9437
1.071e+004 1.075e+004 1.075e+004 1.063e+004 1.053e+004 1.05e+004 1.046e+004 1.044e+004 1.042e+004 1.042e+004 1.044e+004 1.039e+004 1.03e+004 1.025e+004 1.023e+004 1.02e+004 1.015e+004 1.01e+004 1.005e+004 9992 9944 9920 9887 9858 9838 9842 9861 9847 9849 9844 9842 9835 9830 9831 9813 9808 9790 9759 9742 9719 9700 9675 9647 9607 9567 9551 9548 9545 9534 9513 9491 9468 9454 9459 9460 9462 9464 9468 9468 9455 9430 9437 9471 9475 9505 9501 9456 9443 9438 9439 9442 9444 9444 9436
1.07e+004 1.074e+004 1.083e+004 1.069e+004 1.055e+004 1.053e+004 1.05e+004 1.045e+004 1.043e+004 1.042e+004 1.04e+004 1.035e+004 1.028e+004 1.024e+004 1.02e+004 1.018e+004 1.017e+004 1.013e+004 1.007e+004 1e+004 9944 9908 9892 9872 9854 9853 9867 9878 9848 9849 9846 9844 9852 9860 9838 9822 9798 9768 9739 9712 9693 9670 9635 9591 9552 9513 9520 9551 9540 9518 9496 9469 9452 9461 9463 9464 9464 9462 9455 9449 9459 9445 9435 9439 9466 9437 9438 9438 9438 9440 9444 9447 9447 9439
1.072e+004 1.081e+004 1.095e+004 1.076e+004 1.056e+004 1.05e+004 1.046e+004 1.044e+004 1.042e+004 1.039e+004 1.037e+004 1.032e+004 1.025e+004 1.022e+004 1.021e+004 1.021e+004 1.02e+004 1.016e+004 1.009e+004 1.001e+004 9930 9892 9892 9887 9887 9876 9871 9855 9860 9863 9846 9837 9837 9846 9825 9801 9780 9761 9742 9724 9704 9678 9645 9605 9564 9575 9582 9573 9547 9523 9502 9484 9474 9466 9466 9465 9462 9458 9449 9440 9454 9440 9430 9437 9442 9427 9430 9435 9439 9443 9445 9449 9457 9455
1.073e+004 1.086e+004 1.091e+004 1.076e+004 1.061e+004 1.054e+004 1.047e+004 1.043e+004 1.04e+004 1.038e+004 1.036e+004 1.033e+004 1.026e+004 1.026e+004 1.029e+004 1.026e+004 1.023e+004 1.02e+004 1.011e+004 1.001e+004 9927 9899 9906 9909 9893 9893 9878 9858 9841 9840 9830 9817 9808 9813 9790 9751 9748 9745 9739 9734 9711 9690 9671 9654 9624 9613 9614 9569 9547 9527 9507 9489 9477 9469 9472 9468 9463 9457 9451 9448 9429 9429 9432 9425 9439 9439 9431 9435 9438 9442 9445 9448 9451 9452
1.073e+004 1.076e+004 1.075e+004 1.07e+004 1.062e+004 1.058e+004 1.047e+004 1.043e+004 1.04e+004 1.037e+004 1.035e+004 1.035e+004 1.033e+004 1.033e+004 1.033e+004 1.029e+004 1.025e+004 1.02e+004 1.012e+004 1.004e+004 9943 9922 9936 9944 9948 9925 9897 9857 9825 9818 9814 9799 9781 9775 9751 9734 9729 9730 9728 9708 9700 9697 9687 9679 9617 9564 9569 9559 9550 9534 9518 9505 9498 9481 9478 9472 9465 9458 9449 9428 9418 9429 9441 9418 9444 9433 9430 9434 9437 9441 9445 9445 9442 9448
1.071e+004 1.07e+004 1.068e+004 1.065e+004 1.061e+004 1.057e+004 1.051e+004 1.045e+004 1.04e+004 1.037e+004 1.036e+004 1.036e+004 1.038e+004 1.036e+004 1.033e+004 1.029e+004 1.024e+004 1.02e+004 1.014e+004 1.008e+004 1.002e+004 9987 9987 9987 9980 9959 9933 9896 9853 9843 9811 9788 9764 9738 9721 9708 9721 9723 9724 9730 9724 9696 9674 9652 9600 9582 9592 9579 9563 9544 9524 9505 9487 9478 9481 9478 9472 9467 9458 9439 9433 9447 9432 9430 9432 9434 9432 9435 9437 9442 9447 9450 9454 9454
1.069e+004 1.066e+004 1.063e+004 1.061e+004 1.057e+004 1.053e+004 1.048e+004 1.043e+004 1.039e+004 1.038e+004 1.038e+004 1.034e+004 1.032e+004 1.033e+004 1.03e+004 1.025e+004 1.022e+004 1.018e+004 1.015e+004 1.013e+004 1.01e+004 1.007e+004 1.004e+004 1.003e+004 1.002e+004 9990 9968 9953 9842 9816 9806 9788 9762 9733 9741 9740 9727 9721 9717 9720 9703 9671 9648 9627 9584 9552 9577 9587 9572 9553 9530 9508 9489 9481 9483 9481 9477 9474 9470 9471 9470 9490 9465 9446 9447 9444 9443 9439 9442 9445 9449 9454 9459 9459
1.067e+004 1.064e+004 1.061e+004 1.058e+004 1.054e+004 1.051e+004 1.043e+004 1.04e+004 1.038e+004 1.037e+004 1.035e+004 1.03e+004 1.027e+004 1.025e+004 1.022e+004 1.02e+004 1.018e+004 1.016e+004 1.015e+004 1.015e+004 1.016e+004 1.012e+004 1.008e+004 1.005e+004 1.003e+004 1.001e+004 9988 9955 9916 9856 9825 9802 9783 9771 9771 9752 9732 9716 9696 9668 9639 9629 9614 9590 9557 9535 9533 9582 9574 9554 9535 9515 9498 9488 9488 9486 9482 9479 9476 9470 9474 9489 9494 9490 9467 9449 9441 9440 9444 9448 9452 9457 9461 9461
1.067e+004 1.065e+004 1.06e+004 1.056e+004 1.051e+004 1.047e+004 1.044e+004 1.041e+004 1.039e+004 1.037e+004 1.032e+004 1.028e+004 1.025e+004 1.022e+004 1.018e+004 1.017e+004 1.015e+004 1.013e+004 1.012e+004 1.013e+004 1.014e+004 1.013e+004 1.011e+004 1.008e+004 1.006e+004 1.004e+004 1.001e+004 9973 9940 9886 9847 9826 9813 9816 9775 9743 9728 9709 9683 9648 9614 9607 9596 9576 9557 9561 9540 9549 9558 9550 9535 9521 9506 9498 9497 9493 9488 9485 9484 9489 9495 9492 9485 9478 9457 9453 9440 9441 9442 9446 9452 9457 9463 9463
1.064e+004 1.062e+004 1.058e+004 1.053e+004 1.049e+004 1.047e+004 1.048e+004 1.043e+004 1.041e+004 1.038e+004 1.032e+004 1.027e+004 1.025e+004 1.02e+004 1.016e+004 1.015e+004 1.013e+004 1.011e+004 1.009e+004 1.009e+004 1.01e+004 1.012e+004 1.013e+004 1.013e+004 1.011e+004 1.009e+004 1.006e+004 1.003e+004 9991 9896 9862 9844 9826 9807 9783 9753 9732 9710 9685 9654 9631 9612 9604 9592 9577 9580 9575 9555 9549 9545 9538 9529 9520 9515 9508 9502 9495 9489 9487 9497 9513 9510 9521 9526 9487 9465 9449 9445 9446 9448 9450 9453 9457 9462
1.063e+004 1.06e+004 1.056e+004 1.051e+004 1.047e+004 1.044e+004 1.046e+004 1.046e+004 1.042e+004 1.036e+004 1.031e+004 1.028e+004 1.027e+004 1.021e+004 1.017e+004 1.014e+004 1.012e+004 1.01e+004 1.008e+004 1.007e+004 1.008e+004 1.011e+004 1.014e+004 1.015e+004 1.014e+004 1.012e+004 1.009e+004 1.006e+004 9980 9929 9899 9867 9835 9809 9788 9767 9747 9732 9708 9679 9639 9643 9639 9637 9639 9639 9598 9559 9548 9544 9540 9536 9528 9517 9516 9509 9501 9493 9485 9488 9508 9510 9512 9513 9499 9477 9469 9454 9452 9451 9450 9452 9456 9463
1.064e+004 1.059e+004 1.053e+004 1.049e+004 1.045e+004 1.042e+004 1.041e+004 1.043e+004 1.039e+004 1.036e+004 1.032e+004 1.03e+004 1.027e+004 1.024e+004 1.019e+004 1.016e+004 1.013e+004 1.01e+004 1.009e+004 1.006e+004 1.007e+004 1.011e+004 1.014e+004 1.016e+004 1.015e+004 1.014e+004 1.011e+004 1.008e+004 1.006e+004 9998 9958 9889 9843 9797 9782 9793 9789 9778 9753 9728 9719 9691 9688 9681 9672 9640 9589 9555 9550 9557 9554 9546 9541 9540 9527 9517 9508 9500 9495 9498 9509 9507 9497 9510 9496 9482 9465 9459 9460 9458 9457 9456 9459 9465
1.063e+004 1.055e+004 1.05e+004 1.047e+004 1.043e+004 1.04e+004 1.035e+004 1.034e+004 1.033e+004 1.03e+004 1.03e+004 1.03e+004 1.026e+004 1.022e+004 1.02e+004 1.017e+004 1.014e+004 1.012e+004 1.011e+004 1.01e+004 1.009e+004 1.011e+004 1.013e+004 1.016e+004 1.015e+004 1.014e+004 1.014e+004 1.011e+004 1.006e+004 9968 9927 9895 9866 9837 9830 9840 9838 9825 9802 9774 9729 9717 9745 9729 9678 9634 9595 9584 9587 9576 9566 9557 9548 9537 9528 9522 9513 9507 9508 9512 9517 9518 9513 9478 9494 9488 9480 9474 9470 9471 9469 9464 9468 9471
1.055e+004 1.049e+004 1.047e+004 1.045e+004 1.043e+004 1.039e+004 1.034e+004 1.03e+004 1.029e+004 1.026e+004 1.026e+004 1.025e+004 1.023e+004 1.021e+004 1.02e+004 1.017e+004 1.015e+004 1.012e+004 1.011e+004 1.01e+004 1.009e+004 1.01e+004 1.011e+004 1.012e+004 1.013e+004 1.013e+004 1.011e+004 1.008e+004 1.002e+004 9952 9905 9907 9913 9913 9918 9909 9890 9878 9862 9844 9813 9805 9834 9797 9717 9645 9613 9599 9607 9594 9576 9561 9548 9535 9525 9522 9516 9511 9510 9520 9538 9562 9547 9530 9509 9497 9487 9480 9479 9484 9488 9489 9485 9483
1.052e+004 1.047e+004 1.046e+004 1.045e+004 1.043e+004 1.042e+004 1.037e+004 1.033e+004 1.029e+004 1.024e+004 1.022e+004 1.022e+004 1.02e+004 1.02e+004 1.019e+004 1.017e+004 1.014e+004 1.012e+004 1.009e+004 1.006e+004 1.007e+004 1.008e+004 1.008e+004 1.009e+004 1.01e+004 1.01e+004 1.009e+004 1.004e+004 9979 9911 9904 9929 9966 1.001e+004 1.004e+004 9966 9946 9927 9905 9908 9943 9969 9944 9875 9774 9680 9639 9607 9613 9594 9581 9562 9546 9530 9521 9522 9520 9517 9517 9530 9549 9551 9551 9541 9524 9506 9489 9479 9487 9498 9507 9509 9506 9499
1.049e+004 1.047e+004 1.045e+004 1.044e+004 1.043e+004 1.042e+004 1.037e+004 1.032e+004 1.028e+004 1.024e+004 1.02e+004 1.017e+004 1.016e+004 1.015e+004 1.017e+004 1.015e+004 1.013e+004 1.01e+004 1.008e+004 1.007e+004 1.006e+004 1.007e+004 1.007e+004 1.008e+004 1.008e+004 1.008e+004 1.006e+004 1.002e+004 9963 9908 9911 9968 1.003e+004 1.007e+004 1.006e+004 1.003e+004 9966 9908 9885 9907 9993 1.007e+004 9995 9939 9859 9782 9705 9643 9599 9588 9583 9562 9547 9534 9524 9525 9526 9528 9531 9540 9552 9553 9560 9558 9540 9520 9500 9485 9502 9514 9526 9531 9521 9513
1.05e+004 1.047e+004 1.045e+004 1.043e+004 1.042e+004 1.041e+004 1.039e+004 1.027e+004 1.023e+004 1.025e+004 1.02e+004 1.017e+004 1.016e+004 1.015e+004 1.015e+004 1.013e+004 1.012e+004 1.01e+004 1.008e+004 1.006e+004 1.007e+004 1.007e+004 1.006e+004 1.006e+004 1.006e+004 1.006e+004 1.005e+004 1e+004 9964 9950 9973 1.004e+004 1.01e+004 1.013e+004 1.015e+004 1.011e+004 9943 9847 9804 9807 9851 9867 9892 9932 9960 9880 9784 9740 9673 9617 9597 9575 9554 9531 9517 9528 9535 9544 9552 9548 9545 9543 9559 9563 9550 9535 9525 9528 9527 9531 9533 9532 9532 9526
1.048e+004 1.046e+004 1.044e+004 1.041e+004 1.039e+004 1.036e+004 1.033e+004 1.028e+004 1.021e+004 1.023e+004 1.023e+004 1.022e+004 1.02e+004 1.016e+004 1.012e+004 1.011e+004 1.01e+004 1.01e+004 1.009e+004 1.008e+004 1.008e+004 1.008e+004 1.008e+004 1.006e+004 1.004e+004 1.002e+004 1e+004 9982 9963 9978 1.008e+004 1.012e+004 1.012e+004 1.019e+004 1.011e+004 9956 9808 9708 9643 9618 9616 9655 9631 9684 9767 9840 9884 9919 9833 9688 9632 9604 9574 9543 9525 9535 9542 9549 9553 9551 9553 9554 9566 9563 9551 9541 9539 9547 9544 9550 9551 9548 9543 9537
1.05e+004 1.047e+004 1.043e+004 1.039e+004 1.035e+004 1.03e+004 1.026e+004 1.026e+004 1.023e+004 1.023e+004 1.023e+004 1.022e+004 1.021e+004 1.017e+004 1.012e+004 1.01e+004 1.009e+004 1.009e+004 1.011e+004 1.01e+004 1.01e+004 1.009e+004 1.008e+004 1.006e+004 1.003e+004 1.001e+004 9987 9973 9965 9988 1.011e+004 1.012e+004 9993 9857 9731 9613 9580 9532 9476 9410 9335 9240 9273 9345 9453 9573 9713 9878 9814 9717 9680 9637 9599 9562 9534 9544 9551 9553 9550 9546 9539 9534 9552 9550 9542 9536 9535 9538 9545 9558 9572 9567 9553 9544
1.057e+004 1.049e+004 1.043e+004 1.037e+004 1.031e+004 1.026e+004 1.022e+004 1.022e+004 1.023e+004 1.02e+004 1.018e+004 1.016e+004 1.011e+004 1.012e+004 1.01e+004 1.008e+004 1.007e+004 1.008e+004 1.01e+004 1.011e+004 1.01e+004 1.009e+004 1.009e+004 1.005e+004 1.002e+004 9999 9989 9990 9997 1.002e+004 1.015e+004 1.011e+004 9806 9551 9461 9402 9372 9342 9291 9218 9122 9022 9017 9053 9193 9371 9450 9652 9764 9772 9745 9695 9642 9591 9560 9552 9561 9563 9555 9536 9526 9515 9520 9528 9527 9523 9521 9523 9531 9548 9566 9564 9551 9542
