real_craters/C084-1000m.grd
DSAA
35 35
-16.96 16.96
-16.96 16.96
10515.568884881 11958.397970131
11669.7 11684.7 11694.8 11692.6 11686.9 11683.3 11684.1 11672 11668.5 11667.1 11662.2 11650 11639.1 11633.4 11633.2 11644.5 11647 11593.1 11546.3 11514.3 11491.9 11463.2 11430.3 11397.3 11376.4 11363 11357.1 11359.4 11347.4 11307.2 11286.3 11286.7 11290.8 11289.5 11284.5 
11694.5 11692.8 11695.4 11695.9 11698.4 11687.4 11675.7 11669.7 11662.7 11657.8 11662 11664.5 11660.5 11659.2 11656.8 11669.7 11657.3 11613.2 11566 11539.2 11507.1 11473.6 11444 11413 11389.6 11371.2 11370.4 11388 11397.6 11352.4 11326.7 11303.6 11285.4 11288.7 11298 
11714.7 11705.4 11701.8 11701.2 11701 11691.9 11674.7 11666.3 11660.1 11655.2 11655.7 11672.3 11678.1 11685.3 11701.2 11695.9 11669.1 11618.3 11600.7 11562.3 11527.4 11494 11457.2 11431.7 11401.4 11382.6 11381 11399.3 11407.8 11393.6 11355 11325.5 11308 11297.9 11297.1 
11725.4 11711.6 11703.8 11699.7 11698.6 11684.4 11667.9 11662.6 11661.9 11661.6 11662.7 11663.6 11678.8 11688.5 11702.3 11677.5 11640.3 11609.3 11587.6 11561.4 11528.3 11494.6 11458.7 11428.2 11410.4 11394.4 11390 11406.1 11425.8 11404.2 11371.9 11345.4 11320.8 11317.8 11335.3 
11716.3 11705.4 11696.3 11688.4 11677.2 11658.2 11655.2 11660 11664.1 11668.6 11665.8 11662.2 11672.1 11664 11646.1 11612.1 11576.7 11564.3 11570.3 11553 11526.6 11497.9 11465.3 11439.2 11427.8 11412.8 11403.3 11409.1 11405.3 11397.2 11385.4 11367.4 11349.6 11347.6 11341.4 
11699.7 11693.6 11687.1 11678.3 11666.3 11654.9 11654.7 11659.6 11664.9 11669.8 11675.6 11670.6 11662.2 11639.9 11603.7 11580.5 11568.1 11570.7 11567.2 11558.2 11522.3 11513.7 11506.7 11481.5 11455.5 11433.4 11417.7 11421.6 11429.8 11414.4 11402.8 11389 11375.5 11367.9 11355.8 
11687.3 11681 11675.5 11668.4 11661.6 11655.1 11660.3 11665.9 11671.1 11672.1 11669 11658.5 11652.9 11639.7 11609.6 11590.5 11593.1 11573.9 11570.2 11566.3 11602.1 11569.7 11541.6 11515.1 11485.5 11458.3 11442.2 11442.3 11446.8 11440.6 11419.7 11406.3 11403.9 11385.4 11363.3 
11675.9 11673.3 11669.3 11663.8 11662.4 11663.8 11669.4 11673.4 11676.5 11675.3 11666.2 11654.8 11668.8 11681.5 11676.6 11647.3 11686 11639.3 11613.1 11563.7 11579.1 11583.4 11562.5 11535.7 11511.2 11486.1 11467.5 11456 11446.6 11441.4 11424 11411.2 11397.1 11372.6 11365.3 
11670.2 11668.2 11667.1 11664.6 11663.7 11670.9 11680 11683.7 11683 11681.9 11704 11686.4 11686.6 11736.1 11794.3 11918.4 11803.6 11917.4 11812.5 11775.9 11660 11639.9 11591.6 11570 11536.1 11498.2 11467.5 11453.1 11451.4 11424.8 11422.8 11412.2 11393.7 11375.5 11371 
11675 11676.3 11676.7 11674.7 11671.2 11682.6 11692.8 11682.3 11679.4 11675.7 11707.9 11751.3 11830.5 11739.6 11672.9 11626.2 11559.6 11504.6 11536.1 11570.9 11728.6 11691.9 11663.2 11623.7 11562.7 11515.7 11478.7 11458.7 11452.4 11442.4 11430.2 11418.1 11402.6 11386.6 11382 
11684.6 11685.9 11686.6 11689.6 11694 11700.4 11693.2 11684.5 11670.7 11690 11796.1 11938.3 11727 11498.4 11333.9 11166.4 11159.1 11139.6 11182.7 11252.7 11358 11598.2 11773.5 11624.6 11562.8 11528.2 11505.1 11485.3 11469 11457.5 11444.2 11430.8 11420.8 11418.2 11388.4 
11693.9 11694 11697.1 11698.7 11698.5 11684.4 11673.2 11683.1 11683.6 11707.2 11777.8 11709.8 11322.1 11147.8 11055.8 10937.6 10888 10873 10938.5 10957.7 11087.9 11303.3 11447.8 11494.5 11500.2 11505.6 11509.9 11499.8 11476.6 11464.3 11454.6 11445.4 11436.7 11420.3 11423.6 
11704.1 11703.7 11703.7 11701.4 11697 11682 11678 11693.9 11715.9 11763.4 11702.1 11432.2 11161.7 10980.4 10881.4 10791.2 10748.6 10733.2 10752.5 10792.4 10888.5 11009.8 11155.1 11305.8 11398.2 11460.5 11504.7 11519.2 11489.4 11474.9 11465.3 11459.2 11451.5 11451.1 11429.7 
11704.1 11704.7 11706.8 11702.7 11697.1 11683.8 11678.9 11716.8 11753 11785.4 11620.8 11362.4 11056.4 10857.1 10787.4 10721.4 10682.4 10675.2 10686.5 10675.5 10734.8 10844.7 10985.7 11149.8 11299.8 11422.4 11511.1 11540.5 11513.9 11498.9 11490.7 11475.7 11461 11443.9 11430.7 
11699.4 11705.9 11711.3 11711.2 11699.3 11698.4 11694.9 11739.8 11785.7 11788.6 11503.7 11159.8 10861.4 10782.7 10728.8 10691.7 10668.6 10648.8 10599.8 10596.9 10629 10669.1 10832.1 11035.7 11231.5 11399.3 11533.9 11598 11532.6 11531.1 11523.4 11493.9 11471.8 11452.2 11450 
11699.9 11712.6 11723 11729.7 11731.4 11722.1 11719.3 11756.7 11785.3 11693.5 11404.4 11056.3 10825.3 10744.3 10709 10716 10723.2 10694.8 10632.7 10589.9 10549.2 10580.6 10744.4 10969.7 11194.8 11399.7 11555 11596 11533.5 11530.7 11525.3 11499.4 11482.1 11472.3 11466 
11706.7 11720.5 11735.3 11750.6 11756.2 11746.9 11745.2 11777.5 11794 11664.8 11353.8 11039.5 10802 10694.8 10677.6 10747.5 10826.2 10786.9 10718.7 10599.9 10520.7 10525.9 10705.3 10943.5 11189.1 11416.9 11596.8 11634.4 11533.8 11519.5 11515 11489.9 11476.8 11475.9 11473.9 
11713.2 11726.9 11742.4 11761.3 11766 11750.3 11750.4 11806.1 11871.3 11729.9 11392.3 11043.9 10776.8 10688.8 10650.2 10724.5 10792 10802.5 10777.4 10622.5 10515.6 10522.6 10706.7 10945.5 11195.9 11437.8 11627.5 11643 11538.7 11501.3 11498.4 11463.6 11446.6 11441.9 11440.3 
11719.8 11729.7 11743.1 11757.4 11754.7 11737.8 11736.5 11819.2 11958.4 11851.7 11475.9 11097.2 10791.4 10684.9 10622.5 10667.4 10717.1 10734.3 10719.4 10577.1 10523 10559.1 10746.1 10978.4 11217.6 11439.5 11624.2 11633 11501.4 11459.4 11458.2 11422.8 11401.5 11400.1 11427.9 
11720.9 11728.7 11740.1 11748.2 11735.5 11714.4 11713.8 11795.7 11939.9 11884.3 11552.7 11203.8 10875.5 10686.4 10620.9 10630.8 10637.8 10627.8 10607.7 10538.3 10567.7 10638.5 10819.8 11028.4 11240.8 11428.5 11551 11537.5 11416.3 11400.9 11353.6 11356.5 11363 11339.2 11349.3 
11716.3 11722.9 11733.1 11741.3 11726.6 11704.3 11695.5 11762.9 11934.8 11859.1 11602.1 11339.1 11073.5 10819.9 10683.6 10644.7 10595.2 10559.2 10530.6 10557.3 10645.2 10747.9 10921.3 11104.6 11279.4 11427.4 11518.8 11491.5 11428.6 11395.5 11361 11355.1 11356.2 11383.9 11382.1 
11707 11716.1 11728.4 11736.2 11714.3 11691.3 11667.8 11674.6 11759.6 11781.1 11642.4 11467.2 11317.7 11060.5 10828.4 10749.8 10679.4 10622.1 10612.1 10652.6 10755.5 10899.8 11060.9 11200.5 11330.3 11439.4 11523.3 11483.7 11455.2 11419.1 11408.5 11386.6 11345.3 11297.9 11329.7 
11700 11710.2 11720.1 11732.6 11718.2 11704.2 11683.7 11682.4 11687.1 11702.5 11662.8 11580.3 11488.5 11352.4 11061.7 10945.2 10858.1 10780.3 10750.7 10807.4 10942.7 11098.8 11224.2 11321.9 11398.4 11452.6 11470 11455.9 11425 11409.3 11406.8 11385.6 11352.3 11320 11300.1 
11690.7 11702.1 11713 11709 11713 11708.5 11707.8 11718.6 11703.6 11695.4 11695.2 11691.3 11668.9 11592.8 11369.5 11223.6 11097.7 11006.4 10978.6 11077.6 11135.6 11324.2 11386.1 11428.5 11448.7 11466.8 11472.6 11449.5 11423.6 11422.1 11438.9 11439 11384.4 11353.2 11349.2 
11679.8 11693.7 11711.1 11710.3 11707.3 11704.3 11704.6 11703.4 11697 11710.9 11732.7 11770.6 11839 11831.4 11678.2 11502.2 11358.8 11269.1 11235.8 11270.2 11393.2 11562.4 11550.8 11509.1 11477.4 11463.5 11456.6 11448.2 11449.9 11455.7 11467.2 11464.3 11393.4 11359.8 11380.3 
11653.6 11669.6 11691 11695.8 11683.3 11676.5 11682 11688.6 11689 11694.1 11726 11787 11822.7 11745.1 11671.5 11620.1 11567 11599.7 11541.6 11489.6 11608.6 11715.9 11606.1 11524.9 11473.8 11449.1 11436.5 11438.3 11453.5 11474.5 11453.3 11446.5 11389.3 11373.7 11393.2 
11607.8 11618.6 11645.4 11641.3 11628 11622.3 11626.7 11650.7 11647 11639.9 11663.4 11697.9 11755.1 11748.5 11707.2 11671.3 11636.4 11588.7 11549.6 11579 11624.8 11572.9 11511 11471.8 11436.6 11406.4 11397.3 11408.1 11411.6 11387.7 11410.7 11388.8 11407 11399.8 11404 
11544.2 11539.6 11541.9 11549.3 11550.4 11548.9 11544.6 11532.3 11522.9 11541.6 11552.9 11565.3 11597.3 11657.8 11644.8 11596.8 11586.6 11610.9 11604.1 11606.7 11670 11537.3 11457.6 11434.9 11419.3 11394.8 11388.4 11399 11392.4 11367.7 11411.5 11450.9 11419.6 11398.8 11397.7 
11473.7 11455.1 11443.9 11454.7 11468.8 11472.7 11466.2 11447.8 11438.8 11451.9 11457.2 11445.4 11400.4 11383.3 11429.7 11444.1 11486.9 11505.2 11495.3 11496.7 11489.7 11418.5 11381.4 11396 11402.6 11415.1 11404 11396.6 11398.1 11433.3 11425.4 11429.4 11402.3 11382.7 11377.7 
11414.5 11385.5 11349.5 11384.5 11411.5 11425.8 11421.3 11407.5 11383.9 11397.2 11397.2 11382.8 11362.8 11346.8 11346.9 11369.7 11402.5 11423.8 11393.7 11357.2 11337 11347.3 11363.9 11375.3 11380.9 11379.1 11387.6 11386.3 11388.2 11383 11392.7 11396.4 11365.3 11360.7 11361.5 
11373.2 11355.3 11345.8 11357.9 11381.6 11400.3 11408.6 11404.5 11388.2 11379.6 11369.8 11347.9 11330.3 11335.7 11330.1 11318.3 11351.5 11366.5 11346.6 11325.6 11313.6 11332 11359.1 11365.2 11370.2 11368.2 11367.5 11367.2 11371.6 11381.8 11387.5 11378.1 11359.3 11351 11352.7 
11354.3 11338.9 11320 11346.8 11369.2 11389.1 11407.3 11398.9 11402.6 11386.4 11367.4 11346 11331.1 11324.8 11356.8 11331.8 11330.6 11336.7 11340.9 11339.9 11342.1 11346 11355.2 11340.3 11340.1 11366.4 11342.7 11338.8 11344.8 11345.7 11345.3 11359.1 11349.4 11340.2 11349 
11356.9 11347.3 11343.1 11354.9 11371.5 11388.4 11401 11403.7 11398.5 11393.2 11377 11353.4 11323 11328.4 11321.2 11308.8 11335.7 11353.9 11352.4 11355.3 11352 11333.9 11301.6 11279.7 11263.9 11259.1 11295.6 11311 11321.9 11313.2 11313.1 11336.4 11323.9 11328.7 11349.3 
11356.4 11354.3 11356.9 11362.8 11372.8 11386.3 11400.9 11408.5 11418.5 11409.4 11390.7 11385.7 11384.5 11373.8 11372.7 11364.6 11356.6 11361.5 11364.4 11354.4 11312.5 11246.8 11241.5 11247.5 11233.5 11229.6 11271.4 11296.7 11304.7 11311.4 11319.9 11313.9 11295 11335.5 11358.7 
11356.1 11349.6 11354 11362.3 11369.6 11378.8 11389.1 11403.6 11386.3 11384.8 11404.8 11414.6 11415.7 11414.6 11414.7 11387 11322.8 11281.3 11256.2 11233 11248.5 11303.9 11286.7 11273.8 11265.4 11264.6 11272.7 11285.2 11299.2 11314.5 11326.6 11330.7 11366.5 11370.8 11374.9 
