real_craters/C084-500m.grd
DSAA
120 120
-29.68 29.68
-29.68 29.68
8685.3009953183 10967.77821845
[rows 30 to 59 of 120, columns 0 to 66 of 120]
10672.4 10647.7 10635.6 10616 10594.4 10571.9 10547.2 10522.3 10486.5 10431.7 10399.5 10394.2 10385.3 10374.4 10360 10352.3 10323.2 10290.4 10270.4 10270 10247.8 10229.8 10216.6 10201.3 10185.1 10169.8 10157.5 10151.3 10148.3 10155.2 10159.3 10132.3 10105.1 10082.8 10063.2 10043.5 10031.6 10020 10005.8 9989.09 9970.78 9943.6 9911.4 9872.75 9841.34 9824.75 9810.23 9796.48 9782.8 9768.62 9770.93 9773.23 9765.07 9749.24 9734.98 9723.81 9712.43 9700.99 9686.32 9665.53 9644.39 9637.67 9630.11 9619.61 9605.79 9587.64 9564.9
10684.1 10659.5 10634.1 10606.1 10579.6 10553.7 10527.2 10504.2 10473.2 10436.6 10404.3 10395.3 10386.1 10373.6 10349.4 10326.3 10300.7 10268.5 10246.5 10245.9 10213.2 10192.4 10184.7 10175.8 10164.1 10151.6 10142.9 10137.7 10139.8 10150 10162.2 10144.4 10121.6 10101 10080 10052 10038.9 10035.5 10023 10003.9 9976.31 9957.56 9939.01 9900.99 9878.65 9845.94 9826.25 9812.86 9803.03 9800.27 9804.58 9779.66 9742.71 9739.38 9732.19 9720.95 9708.13 9691.55 9670.94 9645.68 9620.01 9616.32 9610.79 9603.66 9590.72 9572.92 9556.44
10659.6 10655.1 10626.2 10595.6 10565.9 10535.8 10507.9 10481.7 10466.6 10451.2 10426 10408.2 10396.9 10383 10360.9 10322.6 10291.1 10262.7 10247.3 10250.8 10190.4 10168 10161.9 10154.2 10143.8 10132.2 10121.1 10115.3 10116.1 10121.5 10127.3 10131.3 10124.5 10115.3 10104.6 10091.1 10075.7 10063.1 10048.7 10028.6 9999.37 9982.91 9963.63 9914.38 9875.5 9852.15 9838 9827.63 9819.07 9814.21 9806.98 9783.51 9758.04 9739.1 9731.48 9717.59 9704.44 9685.93 9665.19 9640.67 9617.83 9611.04 9605.53 9597.95 9587.68 9574 9561.77
10646 10631.2 10611.1 10581.9 10551.4 10521.4 10492.7 10472 10478.9 10482.3 10441.2 10424.8 10406.9 10388.4 10362.7 10318.6 10289.3 10262.1 10251.4 10224.7 10179.9 10158.9 10151.1 10141.7 10130.2 10116.2 10101.1 10090.4 10090.7 10092.4 10101.6 10115.2 10123 10127.3 10129.3 10129.3 10112.7 10093.8 10076.8 10061.5 10043.8 10021.3 10000.7 9931.19 9881.54 9861.4 9849.42 9837.74 9826.85 9816.36 9800.58 9785.63 9765.37 9746.33 9735.38 9720.01 9704.69 9687.65 9668.34 9647.25 9631.59 9617.95 9608.46 9603.65 9596.31 9586.31 9573.97
10627.5 10611.3 10591.1 10566.1 10536.5 10505.8 10476.8 10455.4 10464.1 10482.2 10469.6 10444.4 10416 10383.2 10339 10310.7 10290.4 10276.4 10270.1 10230.1 10186.6 10164.6 10149.8 10136.8 10123 10107.7 10089.8 10076 10075.1 10075.2 10084.7 10103.6 10119.8 10131.7 10143.3 10152.1 10137.4 10118.8 10101.9 10088.3 10086.7 10040.9 9983.23 9926.65 9903.19 9884.5 9868.72 9852.51 9835.74 9820.77 9811.25 9794.86 9775 9756.77 9740.6 9731.39 9718.11 9701.19 9681.17 9659.67 9632.18 9622.6 9624.65 9621.2 9618.02 9614.98 9612.05
10635.2 10613.2 10584.1 10550.7 10518.5 10489 10460.8 10437.5 10432.8 10452.3 10467.4 10448.8 10416.2 10382.9 10342.2 10313.2 10294.6 10275.5 10267.8 10244 10200.6 10177.6 10158.5 10141.2 10124.2 10107.9 10091.2 10078.4 10069.4 10066.8 10077.5 10096.1 10115.7 10133.7 10148.4 10151.4 10147.9 10135.2 10118.1 10095.3 10065.6 10045.8 10003.1 9956.53 9937.09 9914.53 9892.28 9866.17 9841.25 9818.43 9799.35 9788.1 9777.81 9768.55 9756.71 9748.7 9737.41 9720.97 9705.25 9686.9 9668.54 9660.28 9655.28 9649.95 9647.86 9648.74 9654.52
10638.3 10603.2 10572.7 10536.4 10505 10474.5 10448.2 10425.4 10407.2 10419.7 10435.8 10430.1 10400.5 10374.2 10345.4 10320.4 10303.1 10293.6 10274.8 10244.5 10224.3 10191.9 10167.1 10146.4 10128.4 10112.1 10097.3 10084.9 10072.4 10053.9 10068 10092.7 10113.5 10134.2 10151.2 10159.1 10155 10144.7 10132 10113.2 10082.5 10072.2 10054.9 10025.5 9987 9965.88 9914.11 9877.76 9847.45 9818.26 9786.92 9780.1 9786.29 9788.17 9784.03 9776.49 9764.52 9751.21 9735.43 9720.72 9715.95 9707.02 9687.48 9681.23 9677.95 9674.99 9674.15
10653.5 10584.6 10547.2 10516.7 10489.2 10463.8 10440.8 10420.7 10400 10363 10374 10386.8 10362.3 10346.8 10343.2 10316.2 10304.5 10293.5 10273.1 10236.7 10219.6 10198.2 10175.1 10154.8 10136.6 10122.1 10109 10098.7 10090.2 10085.2 10080.7 10095.2 10113.3 10132.9 10150.5 10157.9 10155.3 10148.6 10143 10141 10131.9 10099.5 10080.3 10023.5 9975.34 9950.6 9916.03 9884.99 9858.78 9832.84 9807.24 9803.15 9810.11 9819.39 9820.29 9814.47 9801.03 9783.59 9765.47 9748.02 9723.6 9701.42 9712.11 9717.58 9713.79 9699.61 9671.04
10609.7 10558.1 10518.5 10494.7 10472.9 10452.6 10433.9 10409.7 10386.6 10344.8 10315.5 10322.1 10312.9 10288.9 10284.7 10289.8 10293.9 10292.4 10260.5 10235.3 10216.7 10201.9 10183.6 10164.9 10146.5 10130.1 10116.5 10108.5 10106.8 10099.7 10093.3 10098.1 10109.9 10126.6 10145.7 10153.1 10148.9 10144.2 10139.1 10134.6 10121.7 10093.9 10062.2 10006 9952.55 9922.98 9906.2 9891.97 9878.61 9863.33 9847.78 9842.12 9848.4 9853.08 9847.38 9838.91 9828.71 9818.26 9801.57 9779.63 9748.88 9716.74 9736.81 9762.61 9757.38 9737.42 9704.51
10552.9 10504.4 10486.4 10476.3 10464.4 10448.4 10430.4 10404.9 10366 10337 10305 10294.4 10288.8 10264.4 10255.8 10260 10259.6 10248.9 10238.4 10221.3 10209 10200.9 10184.8 10166.2 10147.8 10130.5 10116.8 10107.4 10104.4 10096.1 10090.2 10092.6 10100.6 10110.6 10119.5 10129.4 10132.2 10130.7 10125.7 10113.4 10095.7 10070 10033.9 9989.43 9941.75 9908.33 9904.16 9904.56 9906.49 9905.72 9902.36 9901.35 9910.82 9898.98 9881.7 9875.47 9867.61 9856.35 9847.78 9831.1 9806.65 9783.8 9799.16 9823.46 9811.29 9780.72 9733.12
10529.8 10488.5 10470.8 10462.7 10455.8 10445.5 10432.4 10415.6 10402.4 10364.5 10326.8 10318.1 10293.9 10275.5 10248.8 10236.4 10231.8 10241.8 10219.5 10208.1 10206.9 10200.3 10183.2 10164.8 10146.6 10131.6 10114.2 10096.8 10081.1 10069.3 10074.2 10081.1 10087.6 10092.7 10095.7 10104.4 10112.3 10114.3 10111.5 10105.6 10080.1 10045.5 10003.6 9956.12 9919.75 9909.34 9911.05 9923.23 9938.92 9954.63 9972.12 9983.27 9965.07 9943.62 9924.49 9915.49 9907.83 9899.89 9892.84 9888.92 9884.77 9883.79 9891.29 9901.44 9873.73 9828.46 9766.98
10511.4 10478.3 10464.1 10456.4 10448.2 10439.9 10433.7 10423.5 10410.3 10367.5 10341.2 10326.9 10291.8 10252.5 10230.2 10214.9 10202.4 10205.1 10188.6 10177.7 10212.1 10193.2 10176.6 10160.1 10142.9 10124.9 10106.5 10086.1 10064.5 10054.7 10063.9 10071.3 10076.6 10080.1 10081.7 10088.5 10095.3 10099.2 10096.1 10083.1 10060.5 10025.4 9981.84 9932.94 9899.85 9899.7 9917 9943.32 9972.35 10002.4 10039.6 10079 9979.62 9976.13 9954.5 9937.04 9915.63 9906.77 9902.44 9920.75 9956.57 10002.6 9999.64 9975.71 9931.67 9878.25 9807.77
10492.6 10470.3 10460.6 10451.6 10443.2 10436.9 10431.6 10422.5 10406.6 10371.5 10352.9 10311.2 10285.4 10257.5 10227.1 10201.3 10177.9 10165.5 10159.5 10150.2 10164.8 10170.7 10163 10149.6 10134 10117.1 10099.2 10080.9 10066.6 10058.4 10062.2 10066.2 10070.6 10072.9 10074.2 10078.6 10083.1 10085.1 10082.7 10066.4 10045 10010.6 9971.2 9931.43 9898.28 9904.8 9932.06 9972.7 10010.6 10041.2 10068.9 10071.4 10019.9 10014.7 9976.29 9934.28 9911.09 9890.22 9892.49 9921.57 9977.96 10062.7 10059.3 10009.7 9964.55 9922.14 9864.68
10500.7 10479.4 10461.2 10449 10440.4 10431.9 10423.8 10417.6 10410.3 10391.9 10315.6 10268.5 10257.8 10273.1 10235.6 10197.4 10164.2 10160.6 10151 10143.4 10146.8 10152.8 10147.5 10139.2 10126 10111.3 10094.6 10077.6 10066.3 10069.1 10065.6 10066.3 10067.2 10068.3 10071.1 10069.6 10070.8 10071.5 10072.3 10069.2 10035 10000.1 9967.66 9939.34 9924.55 9931.76 9961.63 10017.1 10059.4 10086.8 10096.4 10096 10119.5 10066.4 9979.92 9916.2 9874.64 9850.85 9851.28 9873.92 9919.55 9976.37 9982.65 9965.13 9951.75 9958.72 9951.66
10501.3 10479.3 10460.9 10448.3 10435 10423.5 10411.7 10402 10397.4 10383.3 10304.8 10239.8 10224 10244.6 10233.5 10206.5 10182.1 10178.2 10162.4 10149.1 10155.2 10147.1 10133.8 10125.3 10115.5 10106.3 10094.8 10080.8 10061.3 10064.1 10068.9 10070.9 10069.3 10062.4 10054.1 10060.1 10058.4 10053 10048.3 10038.4 10015.6 9989.72 9967.01 9955.37 9964.88 9994.05 10030 10071.8 10103.7 10135.6 10150.5 10166.4 10182.7 10079.6 9953.08 9864.65 9809.98 9776.75 9769.29 9776.78 9799.92 9825.19 9830.53 9848.94 9864.5 9916.96 9956.67
10481.3 10471.2 10457.7 10439.9 10426.2 10407.3 10390.4 10374.4 10358.1 10341 10303.6 10244.7 10214.8 10229.8 10230.6 10224.8 10218.7 10208.4 10195.8 10172.7 10149 10130.6 10118.6 10111.3 10108.1 10102.4 10098.4 10093.8 10088.5 10077.2 10079 10079.1 10077.3 10074.2 10066.4 10056.7 10047.8 10036.3 10023.9 10011.5 9995.11 9978.48 9965.07 9961.88 9995.93 10058.7 10107.7 10111.8 10117.2 10147.2 10220.3 10148.7 10086.4 9964.92 9851.35 9772.16 9714.43 9673.84 9650.56 9646.31 9646.32 9664.91 9696 9665.3 9689.58 9739.68 9794.21
10485.5 10474.5 10458.1 10438.7 10414.7 10390.1 10366.1 10341.6 10314.9 10291.8 10281.3 10251.2 10217.9 10224 10230.1 10235.1 10234.1 10224.2 10227.1 10195.5 10139.8 10111.7 10106.1 10099.8 10096.8 10095.4 10097.4 10100.4 10093.9 10091.7 10091.6 10090.1 10087.1 10079.9 10071.4 10056.8 10039.7 10022.8 10002.7 9987.27 9981.93 9970.79 9961.81 9965.01 9998.26 10076.9 10127.9 10111.8 10071.8 10040.4 10013.7 9931.37 9821.12 9750.92 9697.83 9650.19 9601.88 9558.67 9530.15 9499.19 9470.74 9441.32 9408.52 9424.99 9463.67 9503.31 9570.37
10516.6 10491.3 10463.1 10432.5 10399.5 10369.7 10339.1 10309.2 10276.1 10247.8 10254.3 10251.1 10238.3 10229.1 10223.3 10225.7 10225.7 10204.6 10190.5 10176.3 10161.8 10123.8 10099.8 10087.7 10082.1 10084.9 10095.9 10107.5 10112.1 10104.7 10100.2 10097.6 10095.6 10090.9 10074.2 10054.3 10033.7 10015.7 10005.7 9991.26 9980.23 9970.45 9969.22 9976.78 10017.7 10105.4 10138.3 10089.8 9982 9864.71 9763.02 9682.96 9587.17 9550.21 9537.83 9516.91 9481.93 9449.52 9403.72 9357.25 9299.57 9232.63 9160.27 9191.54 9243.31 9296.62 9371.82
10562.3 10511 10466 10427.4 10390.6 10355 10318.6 10283.7 10249.2 10223.6 10228.6 10231.3 10232.3 10217.8 10201.5 10188.8 10179.9 10156.7 10126 10128.6 10130.6 10103.8 10085.8 10075.7 10074.1 10075.5 10084.8 10099.1 10107.1 10106.4 10101.8 10097.6 10096 10095.3 10076.1 10048.8 10025.2 10007.2 10000.3 9991.6 9985.24 9984.67 9989.43 9999.19 10031 10131.3 10185.5 10059.8 9871.79 9690.94 9562.5 9500.35 9441.17 9414.89 9399.36 9382.35 9356.79 9322.98 9280.11 9224.99 9159.78 9089.82 9017.29 9032.7 9061.9 9099.11 9193.4
10581.9 10515.1 10462 10419.8 10377.7 10338.3 10300.5 10265.1 10231.7 10207.2 10200.3 10193.9 10197.9 10183.8 10167.6 10151.1 10141.5 10118.9 10090.5 10092.1 10093.3 10075.9 10062.1 10060.4 10059.7 10059.4 10061.6 10069.3 10086.7 10098.5 10091.4 10085.9 10082.7 10079.2 10059.6 10033.4 10009.4 9988.44 9973.17 9982.95 9997.3 10012.4 10027.8 10041.2 10061 10175 10128.2 9953.53 9742.67 9542.2 9417.71 9374.42 9359.51 9293.84 9277.68 9264.39 9237.79 9203.7 9163.59 9112.97 9058.31 9000.69 8969.91 8940.83 8931.29 8949.18 9053.85
10546.1 10496.4 10447.6 10402.2 10362.4 10322.6 10285.4 10248.6 10216.4 10191.2 10174.2 10159.7 10150 10139.5 10130.6 10128.1 10120.1 10101.8 10083.8 10072.3 10059.3 10036.1 10041.3 10046.3 10045 10042.6 10037.3 10027.3 10043.9 10066.2 10067.8 10064.9 10060.5 10048.1 10038 10013.8 9992.19 9974.15 9962.03 9980.25 10009 10038.1 10067.7 10100.5 10136.4 10201.2 10018.2 9799.98 9612.5 9439.79 9323.68 9261.48 9208.32 9185.46 9182.91 9164.09 9138.96 9107.65 9072 9026.73 8979.29 8929.77 8883.9 8858.4 8851.34 8873.88 8967.4
10494 10463.4 10428.7 10389.9 10352.6 10313.5 10278.4 10242.1 10206.7 10175.4 10147.1 10128.1 10104.6 10093.9 10090.6 10088.8 10090.4 10083 10076.8 10062.9 10050.4 10038 10041 10044.4 10040.4 10034 10028.8 10023.2 10025 10034.5 10039 10039.2 10037.2 10029.7 10016.8 9994.67 9974.28 9964.83 9972.56 9984.86 10016.4 10058.5 10107.9 10156.1 10190.7 10152.4 9911.34 9666.79 9493.19 9345.54 9242.09 9175.48 9139.46 9150.02 9108.56 9077.97 9053.08 9026.33 8996.64 8959.74 8921.15 8878.21 8840.09 8819.44 8819.2 8844.17 8919.27
10461 10436.9 10409.7 10380.7 10346.3 10311.7 10274.1 10237.8 10200.9 10166.4 10134.9 10102.7 10083.2 10071 10063 10058 10062.7 10054.6 10050.5 10057.4 10061.9 10064.3 10064.8 10054.8 10043.9 10031.4 10022.4 10019.4 10011 10010.5 10012.2 10012.8 10012.6 10008.8 9990.68 9972.71 9956.79 9945.42 9948.16 9978.19 10015.9 10061.8 10119.3 10177.7 10223.9 10080.1 9798.45 9559.56 9383.15 9244.2 9154.96 9097.97 9067.73 9042.57 9010.49 8989.58 8972.31 8954.04 8932.81 8908.11 8878.9 8850.35 8824.19 8814.25 8822.03 8848.61 8888.95
10423.9 10414 10391 10363.6 10332.6 10300.5 10267.2 10233.5 10195.2 10155.8 10113.8 10095 10081 10067.3 10058.4 10055.6 10053.2 10043.5 10043.8 10058.2 10076.9 10106.1 10092 10072.1 10053.5 10037.1 10016.1 9990.9 9992.35 9989.67 9988.59 9988.37 9983.58 9979.65 9974.45 9954.02 9945.96 9931.95 9936.89 9965.88 10003.8 10044.9 10090.6 10130.9 10143.2 9975.02 9675.42 9453.04 9279.71 9150.56 9072.27 9017.75 8975.94 8933.05 8907.07 8906.23 8902.4 8894.88 8883.57 8868.11 8852.54 8833.83 8818.6 8815.97 8820.97 8838.58 8863.67
10405 10392.8 10368.7 10340.3 10315.5 10286.8 10256.6 10226.2 10194.3 10159.8 10124.8 10101.7 10078.6 10067.9 10061.8 10069.4 10053.7 10042.5 10044.5 10058.6 10079.3 10095.8 10101.4 10084.6 10059.2 10039.4 10022 10009.1 9988.11 9973.29 9970.07 9973.79 9971.98 9968.25 9958.48 9943.2 9934.15 9925.07 9931.16 9954.88 9984.39 10017.5 10036.7 10039.3 9980.78 9796.53 9532.48 9339.41 9189.25 9069.59 9004.54 8949.98 8898.08 8846.69 8827.98 8839.93 8850.49 8852.12 8849.32 8842.36 8833.44 8824.17 8815.03 8817.46 8817.09 8826.84 8846.22
10424.6 10390.3 10359 10332.6 10305 10280.4 10253.7 10227 10196.5 10168.8 10152.2 10109 10082.7 10069.8 10054 10047.6 10041.6 10036 10039.2 10055.3 10078 10106.6 10115.4 10087 10062.2 10038.7 10019 10005.5 9983.53 9965.31 9960.53 9968.85 9979.98 9974.35 9961.56 9944.34 9931.86 9905.61 9912.52 9942.08 9964.4 9979.84 9981.28 9946.31 9849.78 9658.87 9406.3 9255.38 9134.38 9036.15 8965.78 8906.58 8851.2 8806.14 8786.49 8800.96 8812.11 8818.03 8819.8 8819.2 8816.67 8813.78 8809.65 8810.81 8813.38 8821.21 8837.73
10444.4 10386.1 10351.9 10326.5 10301.1 10276 10253.1 10226.7 10200.8 10175.8 10145.3 10128.8 10115 10097.3 10075 10057.5 10035.5 10004.7 10028.2 10049.5 10070.3 10091.8 10095.9 10080 10057.9 10035.9 10009.9 9988.29 9975.75 9959.31 9954.87 9966.64 9976.77 9976.46 9964.13 9946.56 9935.99 9905.47 9910.2 9932.45 9947.64 9950.59 9930.05 9875.83 9764.29 9582.68 9328.78 9216.59 9105.18 9015.04 8952.44 8888.62 8824.89 8774.51 8772.24 8781.4 8791.15 8798.64 8801.9 8805.31 8805.97 8807.39 8806.49 8808.38 8802.09 8809.25 8829.38
10388.4 10363 10343.1 10323.3 10300.7 10277.7 10253.1 10230.8 10208.3 10190 10169.2 10152.5 10132 10114.5 10093.6 10070 10042.9 10030.9 10034.1 10050 10064 10070.1 10079.4 10071.7 10056.2 10035.6 10011 9992.44 9973.78 9956.29 9947.63 9967.66 9982.9 9981.15 9970.61 9967.43 9947.34 9908.59 9917.55 9926.75 9933.45 9925.61 9895.48 9838.67 9736.44 9560.67 9313.1 9207.81 9117.76 9038.13 8971.19 8896.7 8823.91 8771.6 8768.88 8774.8 8782.05 8789.03 8793.66 8798.2 8799.3 8801.34 8805.09 8811.35 8797.48 8799.76 8817.74
10356.2 10355.3 10348.9 10332.2 10312 10288.7 10265.4 10241.2 10219.5 10199.3 10185.7 10169.3 10127.3 10107.1 10086.5 10072.3 10049.4 10033.7 10045.3 10060.7 10072.5 10077.2 10071.2 10076.4 10063 10042.9 10019.4 9993.23 9977.16 9965.28 9963.76 9979.27 9989.74 9987.98 9979.08 9969.12 9971.5 9954.06 9938.9 9931.14 9920.24 9903.26 9874.29 9825.86 9754.98 9647.2 9381.25 9245.88 9195.02 9113.03 9015.24 8923.22 8840.01 8776.87 8768.56 8774.81 8782.07 8786.72 8788.38 8788.67 8787.88 8787.65 8788.84 8795.11 8792.9 8785.59 8802.35
10413.9 10392.3 10371.8 10348.2 10323.3 10296.1 10269.5 10246.2 10222.9 10203.9 10188.3 10165.3 10140.6 10125 10111.5 10094.5 10068.5 10053.9 10066 10081.6 10098.2 10113.7 10119.2 10104.4 10079.8 10053.2 10026.8 9998.83 9985.67 9977.2 9978.41 9991.58 10006.6 9994.59 9986.19 9980.7 9988.46 9974.76 9957.58 9938.57 9920.27 9897.43 9867.34 9832.46 9782.86 9700.84 9455.18 9314.43 9269.66 9168.63 9057.72 8956.07 8864.43 8788.79 8768.34 8782.68 8791.6 8792.42 8789.57 8784.62 8778.45 8772.64 8765.37 8750.21 8741.25 8759.01 8781.72
