real_craters/C084-300m.grd
DSAA
199 199
-29.68 29.68
-29.68 29.68
8683.0553058409 10974.695843014
[rows 90 to 119 of 199, columns 67 to 133 of 199]
9988.95 10011.2 10024.8 10031.3 10034.7 10020.1 9980.57 9901.4 9759.39 9591.56 9462.56 9350.32 9255.67 9171.64 9094.41 9044.25 9006.47 8972.66 8940.36 8909.23 8878.1 8846.76 8823.92 8824.36 8831.18 8840.52 8845.7 8848.18 8848.5 8847.71 8844.84 8840.84 8836.19 8830.89 8825.63 8820.96 8815.66 8815.22 8817.89 8816.04 8818.86 8825.26 8834.82 8847.61 8862.81 8880.72 8901.42 8933.74 8990.47 9065.09 9150.96 9240.59 9318.29 9412.57 9550.09 9706.12 9825.26 9882.51 9902.91 9903.75 9887.87 9861.57 9829.82 9794.53 9757.03 9717.01 9675.74
9976.48 9986.14 9997.25 9995.11 9985.09 9955.46 9900.76 9811.76 9672.25 9506.43 9390.43 9293.72 9211.26 9137.88 9072.64 9021.62 8981.94 8946.48 8912.58 8879.88 8849.81 8825.05 8799.07 8796.77 8805.42 8814.54 8821.32 8825.49 8828.45 8828.95 8828.05 8826.1 8823.62 8820.93 8818.31 8816.06 8811.48 8812.49 8814.54 8814.68 8821.65 8823.49 8830.65 8843.34 8859.22 8878.39 8902.73 8935.22 8985.52 9050.34 9122.41 9200.31 9289.63 9400.42 9550.65 9735.11 9846.4 9891.51 9915.11 9915.91 9896.16 9868.76 9835.19 9798.39 9760.04 9718.3 9675.2
9963.19 9967.3 9971.58 9961.78 9941.26 9901.16 9837.88 9745.58 9612.91 9442.39 9334.81 9255.11 9183.22 9115.23 9058.06 9007.26 8966.54 8928.98 8893.22 8858.46 8825.58 8796.29 8780.88 8780.73 8788.91 8795.79 8802.96 8807.61 8810.88 8812.73 8813.43 8813.59 8813.07 8812.38 8811.78 8811.41 8808.79 8809.22 8807.49 8808.39 8811.27 8816.86 8825.21 8839.38 8856.55 8879.33 8907.39 8941.56 8986.78 9040.46 9096.53 9161.17 9258.26 9379.16 9532.71 9723.61 9862.81 9916.42 9929.86 9924.47 9902.3 9873.24 9839.09 9801.49 9761.15 9718.1 9675.06
9951.35 9951.66 9949.54 9934.02 9904.21 9858.47 9791.17 9696.97 9570.35 9398.33 9295.8 9230.75 9168.03 9098.09 9038.58 8997.76 8960.14 8922.08 8883.35 8845.38 8809.99 8780.72 8771.57 8773.55 8779.48 8785.77 8791.22 8796.16 8799.94 8802.57 8804.22 8806.05 8806.55 8806.9 8807.39 8808.37 8809.42 8808.67 8808.19 8804.35 8804.29 8809.62 8818.78 8833.9 8852.89 8879.15 8912.49 8955.3 9000.44 9037.26 9081.46 9139.14 9231.29 9351.13 9497.33 9678.65 9841.69 9922.76 9931.95 9923.77 9902.68 9873.76 9837.79 9799.92 9759.74 9716.2 9673.28
9941.72 9938.31 9929.01 9909.49 9877.11 9828.56 9761.67 9667.58 9537.85 9374.53 9273.99 9216.34 9159.92 9092.81 9035.63 9001.23 8964.27 8924.01 8882.97 8841.78 8804.58 8776.21 8768.07 8770.74 8774.92 8779.94 8785.44 8790.52 8794.72 8797.88 8798.94 8802.13 8803.03 8803.72 8804.57 8806.05 8807.96 8809.53 8810.71 8802.94 8797.72 8803.02 8812.67 8826.64 8847.43 8875.74 8910.74 8955.69 9002.56 9032.25 9073.02 9125.69 9210.55 9320.62 9450.22 9606.14 9761.24 9878.2 9910.48 9910.73 9894.64 9866.15 9833.98 9796.9 9757.39 9716.12 9669.96
9932.16 9927.08 9913.82 9890.8 9859.72 9813.45 9752.79 9668.22 9547.79 9387.8 9277.68 9219.89 9171.78 9115.32 9063.48 9025.85 8983.16 8937.65 8891.87 8846.38 8806.53 8775.62 8765.38 8768.89 8772.32 8776.19 8780.92 8785.51 8789.27 8792.28 8794.16 8797.47 8798.12 8798.65 8799.47 8800.78 8803.59 8807.58 8812.33 8806.2 8796.78 8798 8805.89 8819.26 8839.49 8865.28 8898.81 8936.54 8973.92 9018.49 9068.62 9129.92 9207.01 9292.26 9392.84 9533.41 9683.83 9823.33 9877.03 9886.86 9875.07 9852.16 9825.92 9790.35 9752.39 9712.36 9668.38
9922.55 9914.74 9900.69 9877.21 9850.25 9812.71 9761.61 9695.93 9606.54 9445.04 9308.85 9241.81 9199.39 9172.9 9123.94 9064.3 9011.16 8958.14 8907.39 8858.42 8813.83 8779.25 8765.03 8768.53 8771.94 8775.7 8779.88 8783.52 8786.23 8788.36 8790.18 8790.71 8789.48 8789.82 8790.53 8792.45 8794.9 8798.85 8804.18 8804.83 8794.21 8791.05 8796.83 8809.53 8828.93 8853.11 8883.62 8917.01 8951.96 9004.74 9061.96 9131.82 9203.93 9270.18 9347.94 9479.76 9631.63 9777.23 9840.89 9858.74 9854.28 9834.83 9809.96 9778.43 9745.02 9706.49 9667.44
9917.53 9905.61 9891 9868.3 9844.59 9814.13 9774.84 9727.5 9661.92 9506.28 9344.82 9272.77 9229.08 9209.55 9165.38 9102.06 9040.74 8981.62 8926.57 8873.18 8824.58 8785.51 8766.16 8768.54 8773.55 8779.15 8783.96 8787.25 8788.46 8788.9 8788.48 8786.49 8783.51 8782.44 8782 8781.87 8781.7 8781.57 8780.75 8783.55 8777.41 8777.93 8786.16 8799 8817.77 8840.18 8868.94 8905.47 8949.89 8996.94 9047.66 9112.1 9183.4 9260.42 9340.51 9461.4 9602.81 9734.42 9808.08 9833.21 9833.4 9818.66 9799.73 9771.44 9738.87 9707.45 9668.01
9914.39 9902.12 9887.33 9868.29 9845.1 9819.1 9788.07 9747.87 9687.68 9548.83 9384.6 9315.47 9278.4 9259.84 9199.64 9131.76 9067.21 9006.57 8945 8889.01 8837.38 8793.9 8768.02 8769 8777.46 8784.78 8789.73 8791.59 8791.4 8789.86 8787.51 8784.71 8782.02 8779.02 8775.33 8772.31 8768.23 8761.66 8752.29 8740.75 8749.64 8760.25 8772.67 8786.85 8805.19 8825.33 8850.03 8885.51 8948.79 8977.71 9021.58 9092.66 9176.06 9266.91 9369.2 9479.77 9588.68 9707.46 9783.36 9810.51 9817.9 9809.03 9795.99 9771.75 9741.42 9712.14 9673.42
9916.87 9903 9887.23 9868.82 9844.75 9820.86 9794.14 9759.04 9708.29 9598.1 9437.45 9363.35 9326.92 9285.67 9220.39 9151.21 9086.25 9023.18 8964.12 8908.07 8855 8808.04 8774.69 8777.14 8788.85 8796.21 8799.9 8799.37 8796.73 8792.95 8788.58 8783.9 8779.27 8773.27 8768.08 8763 8756.08 8746.3 8732.27 8717.17 8729.7 8744.67 8760.13 8775.49 8793.5 8810.8 8828.16 8843.75 8853.52 8896.22 8981.6 9073.79 9172.4 9271.04 9380.18 9484.66 9574.15 9675.06 9754.16 9790.15 9806.41 9806.85 9797.8 9777.12 9748.89 9717.93 9679.99
9918.05 9903.7 9888.39 9867.63 9847.96 9822.01 9793.29 9760.02 9717.3 9635.15 9485.48 9404.27 9348.55 9287 9229.14 9166.33 9104 9042.27 8982.84 8927.9 8877.99 8831.92 8798.41 8801.96 8811.88 8814.74 8813.74 8809.1 8803.01 8796.51 8789.88 8783.17 8775.8 8768.86 8759.86 8752.73 8745.27 8735.08 8726.16 8715.3 8721.43 8735.87 8752.21 8768.96 8787.84 8804.51 8817.57 8821.77 8808.29 8850.29 8960.78 9057.98 9155.73 9262.07 9380.69 9498 9568.89 9647.6 9726.67 9775.44 9799.19 9805.96 9797.36 9782.32 9755.89 9721.43 9684.37
9917.1 9902.55 9886.7 9866.17 9844.69 9816.99 9791.73 9755.16 9709.35 9645.01 9533.38 9448.15 9369.26 9296.39 9240.06 9179.79 9117.61 9057.88 9001.22 8949.33 8904.18 8866.75 8835.31 8840.43 8842.29 8837.81 8828.63 8817.68 8807 8797.54 8788.61 8780.15 8771.7 8763.08 8754.42 8744.64 8736.98 8729.21 8725.12 8718.52 8720.78 8731.99 8747.82 8766.41 8788.03 8808.19 8827.33 8845.08 8869.19 8920.85 8983.51 9053.94 9136.41 9237.91 9358.93 9474.51 9571.12 9656.21 9728.94 9778.57 9805.75 9811.54 9803.5 9784.26 9757.44 9718.96 9685.42
9915.57 9900.51 9884.07 9862.53 9841.03 9811.68 9784.29 9743.94 9696.52 9640.15 9581.47 9501.35 9408.8 9325.07 9260.37 9196.29 9129.8 9069.29 9013.15 8964.87 8927.19 8904.52 8907.33 8904.29 8885.96 8859.88 8839.8 8823.31 8810.06 8798.43 8787.98 8777.94 8767.98 8757.92 8747.83 8736.99 8728.68 8722.11 8720.45 8723.14 8722.82 8730.05 8746.62 8767.09 8791.12 8819.55 8849.3 8885.49 8938.52 8997.25 9019.6 9057.4 9110.05 9208.39 9339.19 9462.31 9583.77 9682.94 9747.99 9793.99 9819.06 9823.4 9813.58 9785.7 9756.99 9721.51 9687.23
9917.1 9903.32 9883.54 9861.55 9841.33 9811.4 9779.57 9732.8 9684.29 9624.6 9591.42 9537.39 9462.94 9374.79 9285.83 9208.74 9137.49 9075.11 9020.84 8972.94 8937.49 8917.11 8916.98 8917.09 8899.27 8862.78 8840.59 8823.28 8809.59 8797.75 8785.81 8775.03 8764.22 8753.45 8742.16 8730.25 8720.01 8711.33 8707.57 8706.49 8710.41 8726.34 8746.93 8772.13 8801.43 8835.78 8873.51 8918.04 8970.7 9017.35 9042.2 9069.52 9110.7 9203.81 9346.63 9486.78 9615.43 9718.35 9777.34 9829.13 9848.45 9844.08 9821.33 9793.91 9761.82 9724.75 9684.79
9917.77 9906.83 9887.65 9867.86 9847.99 9811.08 9779.92 9738.61 9687.81 9635.77 9597.73 9558.53 9510.35 9410.07 9298.21 9211.95 9138.84 9076.16 9020.69 8972.94 8933.32 8902.54 8876.5 8860.02 8853.09 8840.73 8829.24 8816.6 8805.07 8794.26 8783.73 8772.16 8761.12 8750.27 8738.04 8725.43 8712.27 8700.15 8688.81 8693.31 8707.78 8723.72 8749.26 8781.21 8816.12 8856.25 8898.14 8943.84 8990.19 9028.16 9062.21 9092.52 9136.17 9226.36 9374.97 9544.65 9660.16 9741.61 9839.51 9886.57 9887.65 9868.87 9836.32 9801.8 9765.2 9723.63 9685.4
9927.98 9913.65 9897.21 9878.3 9848.89 9818.53 9789.87 9755.62 9709 9665.9 9616.96 9555.78 9481.32 9381.84 9282.29 9200.64 9131.04 9071.64 9017.08 8968.03 8923.66 8883.4 8842.3 8814.03 8814.15 8815.87 8814.54 8807.84 8799.64 8790.79 8781.46 8770.69 8760.04 8749.09 8736.51 8722.98 8708.12 8695.39 8687.3 8684.53 8692.47 8721.79 8756.64 8794.79 8834.23 8876.94 8922.32 8969.92 9017.77 9062.4 9095.55 9124.86 9168.38 9252.19 9396.26 9557.72 9684.12 9780.51 9905.53 9944.16 9921.56 9884.5 9843.95 9803.13 9763.05 9723.9 9686.47
9941.33 9928.91 9903.41 9884.42 9863.57 9836.47 9810.58 9775.21 9735.81 9715.36 9657.26 9547.31 9453.67 9346.3 9254.38 9181.77 9120.69 9064.9 9010.82 8963.67 8916.77 8871.99 8830.6 8802.95 8800.19 8802.06 8803.5 8800.12 8794.3 8787.42 8779.61 8770.93 8759.99 8750.22 8738.13 8724.57 8708.7 8694.41 8686.97 8683.06 8690.2 8728.5 8770.23 8813.45 8856.56 8903.17 8949.91 8999.01 9049.82 9103.9 9136.14 9162.73 9202.75 9273.69 9414.17 9566.1 9703.21 9823.92 9946.1 9977.6 9936.11 9887.03 9842.62 9799.14 9757.53 9717.99 9681.11
9952.43 9941.89 9925.67 9909.18 9883.33 9860.54 9837.01 9801.6 9761.33 9713.07 9635.43 9544.6 9461.87 9331.35 9232.33 9164.88 9105.03 9053.44 9005.81 8958.51 8915 8870.44 8830.91 8803.93 8799.51 8798.08 8794.27 8795.66 8791.39 8786.41 8780.38 8773.35 8763.08 8755.06 8744.48 8732.31 8717.62 8701.04 8689.09 8698.05 8716.86 8750.01 8791.86 8837.1 8882.87 8931.69 8979.54 9028.91 9076.28 9124.75 9164.43 9204.81 9254.39 9322.7 9453.49 9591.01 9727.06 9870.57 9973.73 9972.13 9921.22 9871.79 9827.82 9785.04 9747.7 9710.7 9670.65
9963.8 9952.64 9945.5 9927.04 9910.64 9892.91 9865.41 9835.99 9785.72 9715.02 9615.5 9516.76 9436.79 9313.79 9211.69 9149.28 9099.91 9049.06 9004.76 8959.58 8917.31 8872.86 8834.54 8807.16 8800.03 8797.48 8792.54 8794.52 8792.51 8788.14 8784.01 8778.82 8772.64 8765.64 8757.49 8748.42 8737.76 8725.11 8718.32 8729.08 8748.28 8779.75 8820.14 8865.62 8913.99 8964.22 9012.96 9060.49 9104.4 9144.92 9191.05 9253.92 9326.81 9414.7 9524.82 9634.98 9751.63 9894.7 9961.31 9913.23 9876.19 9838.06 9798.93 9763.04 9726.19 9692.56 9658.34
9994.19 9988.18 9981.59 9969.43 9955.47 9936.89 9915.16 9879 9833.95 9753.56 9643.91 9515.18 9426.67 9303.96 9200.25 9145.32 9103.1 9056.26 9013.6 8968.56 8926.34 8881.3 8841.88 8810.41 8800.53 8797.88 8794.02 8796.16 8793.75 8792.36 8790.51 8787.35 8783.28 8779.8 8774.9 8770.59 8765.68 8764.2 8763.54 8769.95 8785.06 8813.98 8852.07 8899.68 8948.87 9000.12 9050.88 9099.31 9144.36 9182.12 9228.06 9313.39 9401 9503.63 9595.94 9691.02 9791.36 9894.06 9919.49 9852.34 9821.88 9792.09 9762.5 9733.55 9696.94 9667.78 9642.95
10013.8 10009.7 9998.87 9997.72 9988.15 9978.58 9962.13 9932.74 9897.92 9829.8 9729.61 9586.31 9464.49 9333.47 9224.84 9167.47 9123.66 9076.85 9032.81 8986.41 8940.76 8895.48 8855.27 8819.79 8805.01 8802.3 8800.1 8802.68 8803.76 8804.69 8806.28 8804.93 8802.32 8799.67 8796.7 8796.03 8798.79 8812.33 8815.31 8813.02 8823.35 8849.77 8888.39 8936.25 8985.93 9038.38 9093.8 9148.16 9202.81 9255.57 9311.25 9391.25 9464.35 9541.33 9632.38 9741.02 9849.84 9896.34 9886.21 9801.9 9763.15 9741.25 9722.48 9700.05 9675.61 9651.02 9626.42
10017.9 10017.8 10028.9 10032.9 10027.9 10021.7 10009.7 9994.32 9976.92 9928.73 9853.09 9706.31 9537.97 9399.14 9285.4 9216.3 9164.5 9113.22 9066.23 9018.81 8970.88 8922.8 8878.73 8843.28 8823.03 8815.12 8810.94 8813.34 8817.88 8821.29 8823.15 8825.64 8823.93 8821.65 8819.24 8818.54 8821.58 8843.5 8849.32 8847.79 8858.94 8885.75 8927.81 8976.58 9027.64 9082.36 9139.75 9202.05 9270.51 9349.98 9440.33 9481.79 9524.57 9573.66 9650.72 9766.49 9876.98 9877.04 9821.04 9725.59 9708.35 9700.75 9688.46 9669.04 9649.39 9628.56 9608.25
10030.3 10031.2 10035.6 10041.3 10046 10044.4 10041.6 10037.1 10033.1 10022 9985.73 9836.23 9627.09 9483.77 9365.61 9284.78 9223.46 9164.58 9112.95 9061.91 9010.88 8959.77 8911.7 8870.65 8842.95 8831.33 8825.15 8827.66 8837 8842.73 8846.01 8849.09 8847.67 8844.76 8842.21 8838.61 8833.79 8833.5 8853.25 8875.04 8897.71 8928.81 8972.12 9020.43 9072.62 9129.51 9188.13 9254.03 9328.29 9415.2 9510.7 9546.52 9581.73 9620.64 9678.89 9771.6 9830.71 9821.76 9760.99 9702.21 9686.25 9672.22 9657.64 9637.84 9621.1 9604.19 9587.09
10044.1 10052.7 10055.3 10049.3 10049.3 10042.6 10050.4 10059.9 10081.3 10088.2 10071 9939.37 9727.25 9579.54 9453.83 9361.78 9292.66 9232.74 9175.86 9121.53 9065.27 9009.62 8954.8 8902.76 8860.94 8838.83 8842.53 8854.03 8866.24 8873.89 8877.65 8879.45 8877.17 8873.22 8868.01 8863.17 8856.42 8851.36 8875.85 8906.95 8942.4 8985.9 9019.33 9065.46 9118.55 9177.96 9238.15 9303.19 9371.26 9441.77 9505.04 9568.93 9635.88 9696.61 9750.69 9792.37 9791.95 9776.22 9761.05 9734.28 9691.15 9653.69 9629.35 9608.92 9595.31 9580.79 9566.92
10039.9 10045.3 10047.7 10040 10048.6 10052.2 10070.2 10082.5 10099.2 10123.8 10123.4 10038.7 9835.08 9683.89 9546.33 9446.59 9373.55 9310.15 9249.62 9190.4 9134.51 9073.35 9012.48 8952.31 8898.79 8865.88 8877.15 8896.35 8910.24 8916.59 8919.18 8917.84 8912.28 8906.67 8901.04 8897.27 8896.13 8902.91 8917.23 8942.77 8979.02 9024.65 9058.36 9107.26 9164.11 9226.92 9289.9 9352.42 9411.34 9465.26 9510.81 9589.9 9691.85 9783.88 9849.44 9842.5 9790.09 9752.11 9758.57 9736.3 9671.25 9628.67 9604.4 9586.41 9574.15 9562.37 9551.37
10032.8 10033.5 10035.7 10028.3 10039.8 10049.9 10062.6 10078.1 10095.4 10124.3 10125.7 10077.8 9940.16 9798.99 9650.96 9541.82 9468.07 9402.89 9338.01 9274.42 9212.36 9147.75 9084.58 9024.14 8969.15 8938.34 8943.84 8960.57 8970.35 8972.15 8971.58 8967.22 8956.22 8947.71 8940.98 8936.57 8942.28 8950.62 8959.81 8976.97 9005.02 9043.15 9085.79 9145.56 9210.39 9277.18 9342.4 9403.74 9461.26 9510.25 9555.85 9635.56 9749.36 9857.98 9939.45 9895.97 9802.22 9728.16 9708.4 9662.8 9609.13 9593.13 9579.99 9569.87 9560.32 9551.39 9542.77
10026.3 10026.8 10026.3 10024.7 10031.2 10039.8 10049.5 10061.8 10073.6 10094.6 10098.7 10098.6 10050.6 9922.31 9766.26 9648.33 9573.21 9502.65 9434.61 9366.44 9300.59 9233.85 9170.75 9114.61 9074.54 9046.51 9041.43 9044.05 9044.2 9043.17 9034.3 9025.61 9009 8995.9 8985.09 8976.63 8984.39 8996.41 8999.75 9012.26 9030.95 9057.6 9110.96 9186.6 9261.85 9335.62 9403.34 9465.63 9523.39 9575.2 9627.53 9700.2 9799.02 9892.94 9963.83 9910.76 9806.96 9720.74 9643.67 9578.88 9564.57 9562.98 9558.19 9555.06 9550.16 9544.57 9538.26
10012.5 10000.4 10012.3 10015.1 10019.9 10029.6 10036.8 10043.6 10047.6 10053.8 10037.9 10059 10106.6 10016.3 9877.58 9765.71 9685.71 9609.47 9535.69 9464.95 9394.83 9327.52 9264.08 9208.92 9165.94 9151.12 9144.32 9137.29 9126.83 9119.12 9104.83 9091.51 9069.58 9050.74 9033.14 9016.54 9013.48 9022.44 9038.82 9057.47 9074.36 9094.3 9153 9241.93 9324 9400.59 9468.6 9532.55 9589.84 9645.34 9706.77 9775.7 9829.34 9885.15 9916.19 9865.51 9771.8 9688.77 9600.71 9548.04 9548.98 9545.45 9544.28 9542.7 9541.71 9538.16 9533.26
9987.16 9986.23 10000.2 10002.1 10005.2 10012.1 10014.5 10016.9 10018 10018.6 10004.8 10002.1 10069.3 10045.9 9963.27 9878.4 9796.73 9714.53 9636.23 9559.45 9488.19 9421.46 9360.42 9305.3 9257.79 9243.96 9241.53 9231.47 9215.08 9202.53 9184.63 9167.45 9146.58 9120.32 9091.23 9063.01 9042.24 9054.65 9090.58 9123.68 9150.34 9176.18 9233.29 9321.22 9401.22 9474.98 9538.61 9599.73 9654.66 9707.96 9758.88 9797.48 9835.68 9852.41 9836.95 9780.61 9698.77 9606.57 9556.03 9528.17 9530.55 9532.67 9535.02 9536.09 9534.76 9532.66 9530.31
9978.08 9976.96 9974.89 9983.55 9984.86 9989.58 9990.52 9990.18 9992.43 9993.68 10008 9996.72 10028.4 10045.1 10018.2 9973.07 9893.84 9806.26 9724.6 9648.51 9578.49 9514.35 9456.44 9406.48 9371.65 9353.48 9337.47 9322.73 9303.36 9289.06 9273.53 9253.81 9231.26 9204.77 9170.55 9130.44 9092.87 9114.8 9169.94 9219.41 9260.52 9298.62 9352.63 9428.07 9495.85 9555.92 9609.1 9663.56 9713.2 9763.34 9804.71 9831 9843.26 9821.24 9767.15 9700.49 9635.8 9565.03 9532.6 9523.59 9520.8 9526.57 9531.57 9533.87 9532.24 9530.76 9528.56
