real_craters/C084-750m.grd
DSAA
80 80
-29.68 29.68
-29.68 29.68
8685.8725223625 10948.615471896
[rows 33 to 65 of 80, columns 0 to 73 of 80]
1.056e+004 1.048e+004 1.041e+004 1.034e+004 1.029e+004 1.024e+004 1.02e+004 1.017e+004 1.017e+004 1.015e+004 1.013e+004 1.011e+004 1.008e+004 1.007e+004 1.004e+004 1.005e+004 1.005e+004 1.004e+004 1.004e+004 1.007e+004 1.007e+004 1.007e+004 1.006e+004 1.003e+004 9994 9965 9984 1.002e+004 1.006e+004 1.01e+004 1.019e+004 9902 9611 9371 9285 9222 9205 9177 9130 9065 8987 8913 8874 8877 9020 9184 9300 9456 9670 9822 9808 9759 9697 9631 9576 9564 9566 9558 9543 9524 9519 9510 9513 9514 9513 9509 9502 9496 9501 9522 9549 9543 9535 9528
1.049e+004 1.044e+004 1.038e+004 1.033e+004 1.028e+004 1.022e+004 1.017e+004 1.013e+004 1.01e+004 1.009e+004 1.008e+004 1.008e+004 1.007e+004 1.006e+004 1.004e+004 1.005e+004 1.004e+004 1.003e+004 1.003e+004 1.003e+004 1.003e+004 1.003e+004 1.002e+004 9997 9968 9963 9989 1.005e+004 1.012e+004 1.019e+004 1.01e+004 9703 9437 9248 9148 9135 9083 9040 9003 8956 8901 8842 8816 8833 8935 9075 9175 9324 9642 9855 9860 9808 9733 9661 9609 9576 9563 9545 9532 9515 9495 9493 9499 9500 9499 9496 9490 9480 9480 9495 9494 9510 9514 9511
1.043e+004 1.041e+004 1.037e+004 1.032e+004 1.027e+004 1.021e+004 1.016e+004 1.011e+004 1.008e+004 1.006e+004 1.005e+004 1.005e+004 1.004e+004 1.007e+004 1.01e+004 1.008e+004 1.005e+004 1.002e+004 9993 9996 9994 9993 9987 9964 9943 9930 9976 1.004e+004 1.011e+004 1.018e+004 9947 9546 9278 9114 9030 8975 8933 8923 8908 8884 8852 8823 8816 8840 8880 8944 9061 9263 9527 9820 9885 9840 9761 9676 9598 9560 9553 9534 9526 9518 9499 9496 9494 9488 9488 9488 9488 9492 9504 9493 9488 9493 9495 9493
1.041e+004 1.038e+004 1.033e+004 1.03e+004 1.026e+004 1.021e+004 1.016e+004 1.012e+004 1.008e+004 1.006e+004 1.006e+004 1.004e+004 1.004e+004 1.007e+004 1.01e+004 1.01e+004 1.006e+004 1.003e+004 1.001e+004 9977 9967 9974 9969 9950 9934 9924 9956 9999 1.003e+004 9977 9703 9367 9147 9010 8927 8848 8820 8837 8842 8837 8827 8815 8817 8824 8851 8896 9009 9217 9445 9814 9907 9869 9782 9683 9589 9545 9542 9534 9523 9518 9509 9487 9474 9475 9479 9480 9483 9487 9490 9489 9487 9485 9481 9476
1.044e+004 1.037e+004 1.033e+004 1.029e+004 1.025e+004 1.021e+004 1.017e+004 1.013e+004 1.011e+004 1.008e+004 1.005e+004 1.002e+004 1.003e+004 1.006e+004 1.01e+004 1.009e+004 1.006e+004 1.002e+004 9990 9966 9957 9975 9975 9955 9930 9901 9938 9956 9936 9826 9546 9255 9089 8972 8877 8791 8776 8793 8803 8807 8808 8810 8807 8810 8840 8904 9008 9130 9401 9835 9932 9881 9788 9683 9586 9531 9526 9516 9513 9510 9512 9496 9472 9471 9471 9473 9474 9474 9463 9480 9481 9472 9466 9462
1.037e+004 1.035e+004 1.032e+004 1.029e+004 1.026e+004 1.022e+004 1.019e+004 1.016e+004 1.013e+004 1.01e+004 1.007e+004 1.003e+004 1.004e+004 1.006e+004 1.007e+004 1.007e+004 1.005e+004 1.002e+004 9989 9963 9951 9978 9981 9964 9946 9917 9930 9925 9884 9775 9531 9240 9115 9003 8884 8783 8769 8779 8788 8793 8795 8801 8814 8796 8822 8887 8980 9118 9313 9641 9876 9855 9774 9675 9577 9510 9513 9508 9509 9507 9526 9526 9493 9476 9471 9469 9468 9468 9464 9455 9453 9457 9457 9455
1.039e+004 1.037e+004 1.034e+004 1.031e+004 1.027e+004 1.023e+004 1.02e+004 1.018e+004 1.013e+004 1.011e+004 1.009e+004 1.005e+004 1.006e+004 1.008e+004 1.011e+004 1.01e+004 1.007e+004 1.003e+004 9994 9977 9977 1.001e+004 9992 9980 9983 9959 9933 9906 9865 9794 9665 9320 9239 9080 8929 8802 8770 8787 8790 8786 8779 8773 8755 8763 8796 8849 8968 9082 9292 9569 9802 9816 9762 9678 9583 9509 9519 9521 9519 9523 9523 9522 9494 9480 9471 9466 9462 9461 9466 9461 9446 9444 9447 9449
1.048e+004 1.042e+004 1.037e+004 1.033e+004 1.029e+004 1.024e+004 1.02e+004 1.017e+004 1.015e+004 1.013e+004 1.012e+004 1.01e+004 1.01e+004 1.012e+004 1.016e+004 1.016e+004 1.01e+004 1.004e+004 1.001e+004 9994 9984 9990 9990 9983 9984 9965 9940 9908 9863 9806 9707 9435 9276 9125 8976 8851 8813 8819 8803 8783 8765 8746 8722 8730 8773 8815 8809 9037 9292 9555 9743 9804 9774 9693 9604 9549 9548 9540 9526 9522 9525 9511 9497 9481 9470 9462 9454 9447 9436 9419 9426 9432 9437 9440
1.049e+004 1.044e+004 1.039e+004 1.034e+004 1.029e+004 1.025e+004 1.021e+004 1.016e+004 1.014e+004 1.011e+004 1.011e+004 1.011e+004 1.011e+004 1.013e+004 1.016e+004 1.017e+004 1.013e+004 1.007e+004 1.004e+004 1.001e+004 9991 9984 9978 9979 9977 9963 9940 9908 9857 9790 9675 9556 9345 9156 9008 8920 8924 8847 8807 8779 8751 8725 8715 8724 8778 8859 8982 9059 9243 9583 9786 9838 9783 9689 9608 9539 9527 9524 9514 9497 9506 9503 9487 9475 9468 9460 9453 9440 9423 9415 9413 9419 9425 9431
1.049e+004 1.045e+004 1.04e+004 1.035e+004 1.031e+004 1.027e+004 1.023e+004 1.021e+004 1.018e+004 1.014e+004 1.01e+004 1.009e+004 1.01e+004 1.012e+004 1.014e+004 1.016e+004 1.013e+004 1.01e+004 1.007e+004 1.003e+004 9993 9965 9965 9972 9989 9970 9954 9924 9872 9811 9713 9572 9348 9147 9005 8892 8807 8809 8795 8772 8743 8711 8686 8715 8811 8919 9041 9128 9296 9667 9945 9894 9788 9691 9604 9537 9501 9502 9508 9504 9506 9498 9483 9474 9472 9466 9457 9444 9425 9410 9407 9412 9418 9425
1.05e+004 1.045e+004 1.04e+004 1.037e+004 1.033e+004 1.03e+004 1.025e+004 1.022e+004 1.02e+004 1.017e+004 1.011e+004 1.009e+004 1.01e+004 1.01e+004 1.01e+004 1.006e+004 1.008e+004 1.009e+004 1.007e+004 1.004e+004 1.001e+004 9972 9957 9959 9953 9977 9973 9955 9923 9869 9767 9553 9295 9115 8993 8883 8803 8795 8791 8778 8761 8735 8712 8765 8872 8995 9109 9230 9421 9721 9959 9854 9759 9669 9589 9523 9496 9493 9491 9479 9484 9486 9483 9480 9474 9469 9462 9453 9439 9414 9410 9418 9425 9430
1.047e+004 1.042e+004 1.041e+004 1.039e+004 1.036e+004 1.033e+004 1.03e+004 1.027e+004 1.021e+004 1.017e+004 1.014e+004 1.012e+004 1.01e+004 1.009e+004 1.009e+004 1.008e+004 1.006e+004 1.004e+004 1.005e+004 1.005e+004 1.003e+004 9947 9951 9983 9991 1.001e+004 1.001e+004 1.001e+004 1.001e+004 9982 9909 9662 9323 9145 9032 8916 8817 8803 8808 8809 8804 8806 8826 8852 8960 9094 9238 9403 9574 9844 9840 9733 9686 9624 9569 9523 9499 9489 9482 9468 9465 9473 9478 9480 9475 9470 9466 9465 9466 9426 9419 9423 9427 9431
1.049e+004 1.047e+004 1.044e+004 1.041e+004 1.037e+004 1.035e+004 1.034e+004 1.032e+004 1.024e+004 1.018e+004 1.015e+004 1.012e+004 1.01e+004 1.009e+004 1.009e+004 1.008e+004 1.007e+004 1.006e+004 1.005e+004 1.005e+004 1.003e+004 9900 9964 1.002e+004 1.005e+004 1.004e+004 1.004e+004 1.005e+004 1.005e+004 1.004e+004 1.008e+004 9977 9531 9294 9151 9013 8885 8836 8860 8873 8866 8851 8877 8964 9071 9215 9383 9555 9694 9798 9748 9663 9611 9575 9540 9507 9483 9484 9483 9470 9454 9459 9468 9477 9474 9472 9469 9471 9478 9461 9441 9435 9435 9439
1.049e+004 1.051e+004 1.046e+004 1.041e+004 1.038e+004 1.035e+004 1.032e+004 1.028e+004 1.021e+004 1.013e+004 1.01e+004 1.011e+004 1.01e+004 1.009e+004 1.008e+004 1.007e+004 1.006e+004 1.004e+004 1.004e+004 1.004e+004 1.004e+004 1.002e+004 1e+004 1.003e+004 1.004e+004 1.004e+004 1.003e+004 1.003e+004 1.002e+004 1.006e+004 1.011e+004 1.01e+004 9804 9519 9354 9191 9036 8967 8991 8983 8958 8953 8975 9038 9175 9346 9494 9631 9903 9825 9675 9585 9562 9541 9522 9506 9491 9489 9470 9459 9440 9445 9459 9462 9470 9468 9463 9459 9455 9469 9457 9443 9441 9443
1.048e+004 1.049e+004 1.044e+004 1.04e+004 1.036e+004 1.033e+004 1.03e+004 1.024e+004 1.015e+004 1.012e+004 1.011e+004 1.011e+004 1.011e+004 1.009e+004 1.007e+004 1.005e+004 1.002e+004 1.002e+004 1.001e+004 1e+004 9995 1e+004 1e+004 1.002e+004 1.002e+004 1.001e+004 1e+004 9988 1.001e+004 1.002e+004 1.002e+004 1e+004 1.003e+004 9799 9600 9421 9274 9225 9196 9160 9099 9039 9087 9150 9327 9513 9659 9790 9861 9731 9551 9535 9537 9530 9520 9506 9503 9501 9487 9445 9432 9438 9454 9458 9465 9461 9453 9442 9432 9437 9437 9437 9440 9445
1.043e+004 1.04e+004 1.037e+004 1.036e+004 1.034e+004 1.031e+004 1.026e+004 1.023e+004 1.017e+004 1.018e+004 1.019e+004 1.014e+004 1.011e+004 1.008e+004 1.005e+004 1.003e+004 1.002e+004 9999 9993 9979 9947 9946 9959 9981 9983 9972 9960 9953 9948 9948 9946 9955 1.003e+004 9996 9801 9642 9522 9441 9420 9386 9331 9248 9343 9484 9612 9692 9786 9898 9775 9605 9535 9535 9535 9534 9527 9518 9509 9511 9509 9468 9441 9442 9456 9470 9466 9455 9443 9430 9419 9411 9416 9428 9437 9445
1.035e+004 1.031e+004 1.031e+004 1.032e+004 1.031e+004 1.029e+004 1.028e+004 1.027e+004 1.025e+004 1.024e+004 1.019e+004 1.014e+004 1.01e+004 1.007e+004 1.004e+004 1e+004 9966 9977 9984 9984 9973 9918 9926 9932 9940 9936 9928 9920 9914 9904 9893 9895 9937 9999 9897 9804 9759 9733 9670 9630 9643 9677 9698 9834 9886 9812 9810 9811 9695 9581 9558 9558 9547 9539 9533 9526 9516 9515 9527 9473 9452 9450 9457 9464 9460 9450 9439 9424 9410 9407 9410 9420 9430 9441
1.033e+004 1.031e+004 1.031e+004 1.031e+004 1.03e+004 1.028e+004 1.027e+004 1.031e+004 1.03e+004 1.026e+004 1.02e+004 1.014e+004 1.01e+004 1.007e+004 1.003e+004 1e+004 9997 9982 9987 9987 9971 9947 9930 9936 9913 9904 9900 9893 9884 9873 9862 9870 9889 9925 9908 9882 9884 9889 9818 9781 9828 9950 9863 9849 9829 9795 9759 9695 9632 9583 9566 9564 9550 9542 9535 9530 9509 9496 9509 9470 9462 9457 9458 9456 9453 9448 9440 9426 9405 9407 9407 9415 9424 9435
1.037e+004 1.036e+004 1.035e+004 1.034e+004 1.032e+004 1.029e+004 1.027e+004 1.032e+004 1.035e+004 1.025e+004 1.018e+004 1.013e+004 1.009e+004 1.006e+004 1.003e+004 1e+004 9983 9983 9989 9990 9976 9943 9886 9832 9864 9874 9874 9868 9859 9847 9833 9847 9869 9871 9883 9880 9875 9852 9833 9809 9795 9788 9803 9769 9725 9723 9702 9659 9611 9577 9558 9552 9549 9542 9533 9524 9509 9492 9481 9475 9466 9462 9462 9459 9455 9451 9443 9440 9437 9417 9409 9414 9421 9430
1.039e+004 1.039e+004 1.038e+004 1.038e+004 1.037e+004 1.035e+004 1.033e+004 1.034e+004 1.03e+004 1.023e+004 1.017e+004 1.012e+004 1.009e+004 1.007e+004 1.004e+004 1.001e+004 9970 9975 9985 9994 9978 9940 9886 9814 9849 9861 9861 9854 9846 9835 9824 9824 9822 9847 9847 9845 9849 9851 9826 9788 9751 9728 9729 9708 9684 9666 9662 9649 9629 9599 9575 9558 9549 9542 9531 9509 9501 9488 9479 9472 9469 9468 9468 9469 9465 9456 9444 9435 9430 9419 9415 9417 9425 9432
1.041e+004 1.041e+004 1.042e+004 1.041e+004 1.041e+004 1.043e+004 1.042e+004 1.037e+004 1.031e+004 1.029e+004 1.02e+004 1.013e+004 1.011e+004 1.009e+004 1.007e+004 1.003e+004 9998 9980 9988 9979 9967 9947 9944 9940 9883 9868 9860 9853 9839 9828 9830 9809 9791 9781 9787 9795 9799 9801 9783 9745 9711 9692 9678 9654 9617 9626 9635 9638 9630 9599 9578 9567 9551 9545 9537 9526 9493 9479 9475 9472 9472 9471 9471 9476 9478 9460 9439 9420 9414 9416 9406 9420 9428 9434
1.042e+004 1.044e+004 1.045e+004 1.042e+004 1.042e+004 1.042e+004 1.04e+004 1.035e+004 1.031e+004 1.032e+004 1.026e+004 1.018e+004 1.014e+004 1.012e+004 1.01e+004 1.009e+004 1.006e+004 1.004e+004 1.001e+004 9994 9964 9944 9923 9910 9894 9876 9861 9848 9836 9819 9797 9788 9770 9746 9742 9754 9753 9732 9713 9706 9681 9666 9653 9633 9612 9613 9620 9622 9614 9593 9568 9553 9556 9545 9530 9511 9487 9465 9464 9468 9470 9468 9468 9469 9479 9449 9433 9419 9416 9423 9436 9434 9434 9436
1.048e+004 1.044e+004 1.04e+004 1.04e+004 1.04e+004 1.04e+004 1.037e+004 1.033e+004 1.031e+004 1.032e+004 1.026e+004 1.02e+004 1.017e+004 1.015e+004 1.013e+004 1.012e+004 1.01e+004 1.008e+004 1.003e+004 9978 9955 9937 9927 9911 9895 9879 9867 9854 9842 9824 9807 9789 9769 9741 9731 9732 9728 9714 9695 9693 9682 9671 9658 9640 9623 9619 9621 9617 9605 9598 9578 9574 9571 9544 9519 9501 9487 9465 9458 9463 9463 9461 9458 9448 9425 9429 9431 9429 9428 9433 9439 9440 9440 9442
1.048e+004 1.043e+004 1.037e+004 1.037e+004 1.038e+004 1.038e+004 1.036e+004 1.033e+004 1.032e+004 1.032e+004 1.027e+004 1.024e+004 1.019e+004 1.016e+004 1.015e+004 1.012e+004 1.01e+004 1.007e+004 1.003e+004 9978 9947 9930 9927 9907 9894 9881 9870 9859 9849 9835 9813 9800 9784 9758 9737 9729 9724 9714 9710 9702 9713 9690 9675 9661 9648 9640 9633 9624 9610 9597 9586 9589 9567 9541 9514 9507 9506 9484 9456 9455 9458 9458 9454 9444 9431 9432 9438 9444 9439 9439 9443 9444 9441 9442
1.045e+004 1.041e+004 1.039e+004 1.036e+004 1.034e+004 1.034e+004 1.033e+004 1.032e+004 1.029e+004 1.03e+004 1.025e+004 1.02e+004 1.018e+004 1.017e+004 1.016e+004 1.015e+004 1.01e+004 1.006e+004 1.001e+004 9969 9938 9920 9908 9899 9890 9882 9872 9867 9857 9848 9835 9813 9785 9750 9734 9735 9730 9724 9708 9698 9692 9702 9693 9684 9675 9665 9652 9638 9626 9605 9591 9586 9568 9538 9515 9517 9533 9432 9499 9466 9462 9460 9456 9453 9449 9450 9449 9445 9443 9439 9434 9430 9437 9443
1.039e+004 1.036e+004 1.034e+004 1.032e+004 1.029e+004 1.026e+004 1.028e+004 1.026e+004 1.024e+004 1.024e+004 1.022e+004 1.019e+004 1.017e+004 1.016e+004 1.015e+004 1.011e+004 1.008e+004 1.002e+004 9966 9932 9920 9906 9898 9889 9889 9887 9876 9867 9858 9854 9843 9828 9812 9784 9776 9753 9739 9728 9713 9701 9717 9714 9711 9708 9700 9686 9673 9652 9632 9601 9574 9569 9553 9534 9517 9514 9511 9512 9494 9479 9466 9461 9458 9459 9469 9468 9455 9453 9445 9440 9431 9428 9441 9449
1.032e+004 1.028e+004 1.026e+004 1.026e+004 1.026e+004 1.025e+004 1.026e+004 1.025e+004 1.02e+004 1.021e+004 1.021e+004 1.018e+004 1.016e+004 1.014e+004 1.013e+004 1.011e+004 1.007e+004 1.001e+004 9952 9923 9921 9907 9887 9893 9896 9890 9877 9865 9855 9847 9840 9835 9837 9834 9781 9763 9750 9731 9700 9710 9716 9732 9732 9730 9728 9725 9691 9660 9628 9595 9562 9562 9550 9531 9517 9511 9508 9514 9506 9484 9470 9462 9460 9460 9460 9453 9447 9440 9445 9447 9447 9444 9457 9459
1.027e+004 1.023e+004 1.022e+004 1.021e+004 1.022e+004 1.023e+004 1.024e+004 1.021e+004 1.017e+004 1.018e+004 1.018e+004 1.014e+004 1.012e+004 1.012e+004 1.011e+004 1.009e+004 1.006e+004 1.003e+004 9972 9949 9946 9942 9928 9919 9908 9894 9884 9869 9849 9822 9827 9832 9830 9822 9795 9781 9769 9754 9746 9752 9757 9756 9753 9747 9739 9714 9693 9664 9633 9607 9578 9550 9528 9530 9527 9520 9515 9541 9483 9474 9469 9464 9462 9459 9456 9452 9448 9446 9450 9459 9471 9487 9481 9474
1.028e+004 1.025e+004 1.019e+004 1.017e+004 1.018e+004 1.019e+004 1.022e+004 1.02e+004 1.014e+004 1.01e+004 1.011e+004 1.007e+004 1.009e+004 1.009e+004 1.009e+004 1.007e+004 1.003e+004 9978 9957 9959 9966 9992 9989 9945 9918 9900 9889 9878 9860 9841 9835 9830 9814 9786 9791 9802 9792 9781 9774 9793 9799 9784 9774 9760 9744 9723 9696 9663 9622 9582 9576 9558 9550 9546 9539 9540 9538 9521 9472 9468 9466 9464 9459 9456 9453 9450 9449 9451 9456 9466 9482 9502 9493 9481
1.028e+004 1.025e+004 1.018e+004 1.014e+004 1.019e+004 1.017e+004 1.019e+004 1.015e+004 1.009e+004 1.007e+004 1.007e+004 1.004e+004 1.004e+004 1.006e+004 1.007e+004 1.005e+004 1.001e+004 9971 9949 9950 9958 9973 9971 9941 9916 9902 9895 9887 9883 9871 9860 9844 9825 9806 9806 9827 9817 9810 9808 9802 9807 9800 9785 9769 9753 9732 9703 9667 9624 9588 9576 9571 9571 9564 9551 9541 9530 9467 9476 9474 9473 9469 9465 9456 9449 9442 9443 9448 9456 9466 9477 9482 9483 9477
1.026e+004 1.023e+004 1.018e+004 1.015e+004 1.015e+004 1.013e+004 1.01e+004 1.008e+004 1.004e+004 1.003e+004 1.002e+004 1.001e+004 1.003e+004 1.003e+004 1.002e+004 1.001e+004 9990 9961 9933 9931 9928 9923 9919 9912 9897 9888 9887 9888 9900 9907 9882 9863 9847 9837 9825 9830 9839 9841 9835 9825 9817 9802 9783 9768 9755 9739 9708 9673 9640 9612 9598 9587 9576 9572 9550 9510 9475 9471 9478 9481 9477 9473 9467 9459 9451 9444 9441 9445 9453 9461 9468 9472 9474 9473
1.023e+004 1.02e+004 1.017e+004 1.015e+004 1.012e+004 1.009e+004 1.006e+004 1.005e+004 1.003e+004 1.002e+004 1.001e+004 9994 1.002e+004 1e+004 9987 9984 9970 9954 9933 9916 9897 9874 9869 9861 9864 9864 9865 9870 9882 9889 9882 9872 9864 9853 9834 9844 9868 9875 9875 9868 9827 9808 9793 9774 9755 9736 9704 9671 9642 9624 9593 9574 9562 9532 9517 9488 9482 9481 9484 9488 9480 9473 9466 9459 9454 9448 9440 9444 9452 9459 9464 9465 9468 9469
1.021e+004 1.017e+004 1.015e+004 1.014e+004 1.01e+004 1.006e+004 1.004e+004 1.003e+004 1.002e+004 9999 9985 9999 9987 9972 9959 9955 9948 9942 9948 9902 9867 9852 9836 9832 9835 9838 9839 9842 9843 9851 9862 9869 9875 9881 9879 9912 9905 9901 9903 9886 9832 9816 9796 9773 9751 9720 9686 9660 9626 9590 9547 9507 9493 9480 9482 9478 9473 9477 9482 9489 9479 9473 9467 9462 9457 9450 9442 9447 9453 9457 9461 9466 9470 9465
