real_craters/C084-300m.grd
DSAA
199 199
-29.68 29.68
-29.68 29.68
8683.0553058409 10974.695843014
[rows 60 to 89 of 199, columns 0 to 66 of 199]
10639 10611.5 10601.2 10579 10555.5 10535.1 10516 10496.6 10479.4 10462.7 10447.3 10433.1 10420.7 10410.4 10403.2 10416.3 10427 10435.9 10432.7 10416.5 10398.3 10382.2 10368 10351.8 10334.3 10320.2 10309.2 10300.4 10295.7 10290 10274.3 10255.5 10240.5 10231.8 10209 10191.4 10176.4 10162.6 10150.1 10138.5 10128 10118.9 10109.4 10100.6 10092.6 10085.2 10078 10069.3 10056.8 10053.7 10069.5 10084.7 10098.3 10111 10122.9 10135.3 10146 10154.7 10159.1 10158.4 10154.7 10148.8 10142.1 10134.7 10126.1 10113.4 10094.9
10651.6 10605.7 10574.8 10560.8 10542.6 10523.7 10505.6 10488.7 10472.7 10457.2 10442.2 10429.3 10420.2 10410.5 10388 10377.4 10382.8 10405.9 10410.8 10393.9 10377.4 10364.8 10359.3 10355.2 10335.6 10319.7 10309.6 10302.8 10294.8 10291.8 10274.3 10252.6 10240.3 10230.1 10211.3 10194.7 10181.5 10167.8 10155.9 10144.3 10133.6 10124 10114.9 10106.8 10099.7 10092.7 10086.8 10080.4 10073.3 10068 10076.1 10087.5 10099.5 10111.2 10123.3 10134.9 10145.8 10154.4 10158.4 10158.2 10155.4 10151.2 10146.3 10141.4 10136.9 10133.5 10129.6
10648.7 10610.2 10573.4 10547.1 10527.7 10510.4 10495 10479.4 10465.3 10450.8 10438 10425.4 10413.7 10400.9 10382.4 10355.5 10343.9 10362.9 10370.8 10361.5 10348.7 10337.5 10330.9 10328.8 10319.6 10310.7 10305.3 10302.5 10295.1 10289.5 10269.9 10247.1 10225.2 10218.6 10208.2 10198.9 10185.6 10173.8 10161.9 10150.7 10140.7 10130.7 10121.7 10113.7 10107.1 10101.6 10097.7 10093.8 10089.4 10084.1 10085.4 10091.5 10099.9 10110.4 10121.4 10132.7 10144.1 10153 10157.1 10156.9 10154.1 10150.3 10147.1 10143.8 10142 10143.3 10144.6
10618.9 10590.9 10556.9 10529.5 10512.3 10497.8 10484.6 10470.9 10458.3 10446.2 10434.4 10420.4 10406 10391.8 10378.6 10345.6 10317.8 10324.3 10329.5 10327.3 10318.7 10305.5 10291.7 10290.3 10293.4 10294.2 10295 10298.8 10303 10283.2 10262.1 10243.8 10232.6 10219.8 10208.5 10202 10189.6 10177.8 10166.2 10154.8 10144 10134.7 10125.6 10117.9 10111.7 10106.8 10105.3 10104.6 10098.8 10092.2 10092.3 10094.9 10100.3 10108.7 10118 10128.6 10140.1 10151.1 10154.5 10152.8 10150.3 10147.2 10143.8 10140.7 10138.9 10137.1 10132.8
10579 10542.9 10517.8 10506.3 10495.6 10484.5 10474.1 10464.7 10453.7 10442.6 10431.1 10416.3 10399.3 10379.6 10363.4 10336.9 10308.1 10303.6 10301.2 10302.4 10296.4 10281.7 10263.7 10264.5 10271.3 10275.6 10277.8 10279.5 10274.7 10260.4 10249.1 10236.1 10223.7 10217.4 10207.8 10202 10191.5 10180.3 10168.9 10157.5 10146.6 10136.7 10127.5 10119.9 10113.7 10109 10108.7 10112.7 10117.9 10101.8 10094.5 10094.6 10098.1 10104.2 10111.7 10120.9 10130.9 10143.8 10146.2 10143.7 10142 10140.5 10137.6 10134.1 10129.9 10123 10113.5
10550.4 10520 10497.4 10487.9 10480.6 10475.1 10466.9 10460.5 10452.2 10442.5 10430.1 10415.8 10398.4 10375 10356.7 10337.1 10314.4 10302.4 10294.9 10294.4 10288.3 10275.1 10259.7 10254.9 10256.7 10258.2 10258.3 10255.8 10249.5 10243.3 10236.8 10227.5 10215.9 10209.3 10205.9 10201 10192.1 10181.6 10169.8 10158.2 10147.2 10136.9 10127.4 10119 10112.1 10106.9 10104.1 10102.4 10095.9 10090.5 10089.1 10090.8 10093.4 10098.5 10104.1 10110.1 10115.3 10117.4 10125.8 10129.6 10130.8 10130.9 10128.9 10125.6 10120.3 10110.9 10100
10534.2 10503.3 10485.5 10476.9 10470.7 10468.4 10461.5 10456.3 10449.3 10441.3 10430.8 10419.4 10406.6 10392.9 10377.1 10353.2 10327.7 10315 10309.2 10302 10291 10280.3 10270.3 10255.2 10247.5 10243.6 10241.3 10239.1 10240.6 10235.8 10226.2 10219.3 10219.5 10206.6 10204.6 10199.9 10190.5 10179.7 10167.8 10156.6 10145.6 10136 10125.8 10116.5 10110.8 10100.4 10093 10085.6 10080.1 10077.8 10079.9 10083.5 10086.7 10090.9 10095.4 10098.7 10101.3 10101.9 10109.6 10115.3 10119 10120 10119.7 10117.4 10112.7 10104.5 10091.6
10526.8 10502.5 10482.1 10471.9 10465.8 10461.6 10456.6 10451.6 10446.7 10440.9 10432.6 10424.3 10415.8 10409.5 10396.6 10368.2 10341.6 10329.4 10327.5 10313.8 10294.3 10278.2 10263.2 10247.7 10237 10230.3 10226 10225.5 10233.4 10225.7 10211.7 10201.2 10194 10207 10207.5 10198.2 10186.9 10175.9 10164.8 10155.6 10144 10135.6 10125.1 10114.7 10104.4 10092.3 10082 10070.8 10060.7 10066 10070.7 10075.9 10079.6 10083.3 10086.5 10089 10091.1 10092.3 10098.4 10103.8 10108.1 10109.9 10110.3 10108.2 10105 10102.2 10087.8
10515.5 10491.9 10476.1 10467.6 10461.6 10457.6 10452.5 10447 10441.8 10437 10433.4 10427.2 10420.7 10413.8 10398 10368.4 10347.6 10337 10331.3 10314.9 10292.1 10269.2 10247.3 10235 10225.9 10217.2 10209.7 10206.1 10211.9 10204.6 10192.5 10182.8 10184.8 10219.8 10206.1 10193.8 10182.8 10172.7 10163.4 10153.6 10143.2 10132.5 10120.8 10109.9 10098.8 10086.4 10074.2 10061.9 10056.4 10059.1 10065.4 10070 10073.8 10077 10079.6 10081.7 10083.1 10084.7 10089.1 10094.2 10098 10100.2 10100.6 10098.8 10093.9 10084.8 10072.5
10498.2 10477.9 10469.6 10463 10457.6 10453.9 10449.4 10444.4 10440.7 10436.1 10433.5 10428.2 10421.5 10412.3 10394.9 10367 10355.1 10343.3 10325.6 10306.8 10287.7 10263.4 10239.7 10228.6 10218.5 10206.6 10194.7 10184.3 10183 10180.1 10172.7 10165 10166.1 10179.1 10186.9 10183 10175.5 10167.2 10158.1 10148 10138 10127 10116.4 10105.4 10094 10082.2 10070.4 10055.4 10049.1 10057.2 10062.5 10066.4 10069.6 10072.3 10074.6 10076.5 10076.9 10077.6 10082.5 10086.5 10089.5 10091.1 10091.6 10089.5 10083.3 10072.6 10060
10492.6 10475.6 10468.3 10462.2 10456.8 10451.8 10447.2 10441.7 10438.2 10433.5 10431.3 10426.2 10419.8 10410.4 10393.8 10372.8 10359.9 10341.5 10315.5 10297.9 10284.4 10275.3 10250 10232.1 10216.2 10200.1 10184.5 10172.9 10165 10163 10157.8 10151.1 10149.9 10157.3 10167.3 10168.5 10165.4 10158.9 10151.1 10142.1 10132.8 10122.8 10112.5 10101.7 10090.2 10080 10072.3 10065.6 10060.6 10061.3 10062.6 10064.7 10067.1 10069.9 10071.5 10072.7 10073.7 10074.6 10077.2 10080 10082.4 10083.8 10084.2 10082.8 10077.8 10065.3 10053.1
10497.7 10484.5 10472.6 10464.2 10457 10450.1 10443.9 10439.6 10435.8 10430 10427.8 10423.1 10417.9 10411 10400.2 10385.3 10353.6 10317.6 10291.2 10274.4 10270.9 10275.6 10264.1 10240.3 10218.1 10196.7 10177 10164.9 10161.4 10156.8 10151.1 10146 10143.9 10145.3 10152.9 10157.3 10155.2 10151.2 10144.5 10135.9 10127.2 10118.4 10108.7 10097.7 10087.5 10077.9 10072.6 10076.9 10072.4 10066.4 10064.7 10065.1 10066.9 10067.7 10068.6 10070.3 10071.5 10071.4 10072.3 10073.8 10075.1 10076 10076.4 10076.6 10076.2 10070.2 10050.1
10503.3 10491.7 10476.2 10465.3 10456.4 10449.5 10442.9 10436.6 10431.4 10424.5 10421.7 10417.1 10413.2 10410.6 10407.4 10391 10345.3 10292.6 10264.2 10244.8 10246.5 10256.1 10263.6 10242.9 10220.1 10197.3 10174.5 10162.8 10163.3 10158.9 10151.4 10144 10144.2 10148.3 10149 10150.6 10147.4 10144.3 10137.9 10131.1 10123.3 10115.2 10106.1 10096.8 10086.9 10076 10065 10059.2 10065.1 10066.4 10065.7 10066.3 10066.6 10067.5 10066.9 10066.5 10069.5 10067.2 10066.7 10066.9 10067.2 10066.9 10067 10067.2 10068.6 10063.2 10042.5
10502.7 10489 10475.6 10464.8 10454.9 10447.8 10440.5 10432.9 10427.1 10418.9 10413.8 10407.8 10403.5 10401.2 10399 10384.9 10341 10286.9 10250.1 10226.3 10227 10238.4 10249.5 10238.7 10222.3 10203.7 10184.6 10176.8 10175.8 10169.4 10159.2 10147.5 10148.7 10153.6 10151.9 10147.5 10140.9 10134.6 10130.1 10124.1 10117.9 10111.6 10104.5 10096.8 10088.5 10078.8 10066.8 10055.2 10060.5 10066.5 10068.5 10069 10069.9 10069.3 10067 10062 10053.7 10057.6 10060.6 10060.5 10059.5 10057.4 10055.7 10052.8 10049.9 10043.4 10027.6
10491.4 10480 10471.2 10461.9 10452.8 10444.7 10437.2 10427.3 10418.7 10410.9 10403.6 10394.9 10387.9 10382.2 10376.8 10368.2 10334.7 10286.4 10249.1 10220 10217.8 10229.1 10236.3 10233.5 10225.4 10214.9 10205.8 10202.2 10196.1 10186.9 10175.3 10161.4 10157 10154.5 10160.7 10142.6 10132.2 10127.1 10121.7 10118.4 10113.4 10108.8 10103.5 10098 10092.1 10086.3 10080.8 10070.6 10068.5 10071.4 10072.8 10073.8 10073.9 10072.6 10069.9 10064.6 10053.4 10056.6 10057.2 10055.2 10051.9 10047.9 10042.8 10037.2 10026.7 10017.8 10011.1
10480.9 10475 10469.1 10459.7 10450.2 10438.8 10432 10421 10408.6 10399.4 10389 10378.7 10368.5 10358.6 10347 10336.8 10320.4 10292.9 10257.4 10223 10214.8 10224.4 10230.4 10231 10228.8 10225.6 10223.2 10217.4 10211.8 10205.9 10198.4 10185.5 10168.1 10151.5 10136.2 10128.1 10120.9 10116.3 10111.8 10109.2 10107.5 10104.2 10102.4 10099.4 10096.6 10094.4 10091.7 10083 10078.7 10079.2 10079.9 10079.8 10079.5 10078.3 10076.8 10075.4 10073.7 10063.8 10058.1 10052.1 10045.7 10038.5 10031.8 10023.8 10018.5 10008 9998.23
10487.1 10476.5 10470.2 10460.8 10448.7 10436.2 10425.6 10412.4 10397.8 10386.5 10372.9 10360.9 10346.4 10332.7 10318.5 10306.2 10298.2 10286.9 10261.1 10228.7 10215 10220.3 10226.8 10230.1 10231.4 10232.5 10229.1 10224.2 10221.8 10220.5 10220.4 10208.3 10178.6 10146.3 10117.6 10114.5 10111.9 10107.5 10103.8 10101.7 10101.5 10100.4 10099.7 10097.5 10097.6 10097.9 10094.3 10087.4 10087.2 10087.6 10087.4 10086.8 10085.9 10084.5 10082.6 10081.4 10081.7 10068.4 10059.3 10050.2 10040.9 10031.8 10022.3 10011 9996.66 9992.13 9987.98
10488.6 10483 10474.6 10462.5 10451.1 10434.7 10421.3 10403.1 10386.6 10371.7 10355.6 10343.3 10326 10308.6 10291.6 10277.4 10273.1 10271.1 10258.1 10236.9 10223.1 10221.6 10225.8 10228.5 10231.6 10236.4 10239.6 10234.3 10225.1 10222.1 10227.9 10216.5 10183.9 10154.5 10123.4 10112.8 10108 10102.2 10096.9 10095.8 10094.6 10091.9 10093.2 10095.6 10099.1 10102.6 10102.2 10098.1 10096.3 10095.6 10094.7 10093.7 10092.2 10090.2 10086.7 10077.7 10069.7 10066.9 10058.4 10048.1 10036.8 10026.3 10015.5 10004.7 9988.98 9986.02 9982.75
10511 10498.3 10483.5 10467.5 10450.5 10432.5 10415.3 10394.3 10376.1 10360 10341.4 10324.9 10305.6 10285.9 10267.3 10251.2 10252.9 10258.2 10255.2 10244.1 10235.9 10230.9 10227.1 10225 10225.7 10229.4 10233.4 10225.7 10212.4 10203 10198.8 10190.8 10175.4 10163.4 10154.2 10121.6 10106.4 10097.8 10091.4 10086.5 10083.4 10084.3 10087.1 10091.9 10099.1 10106.6 10112.4 10108.4 10104 10101.7 10099.2 10097.6 10096.7 10095.4 10093 10087.1 10078.4 10068.2 10057.5 10045.5 10033.1 10022.5 10012.7 10006.6 10000.7 9989.59 9983.06
10540.5 10517.1 10493.3 10471.7 10449.9 10430.3 10411 10391.1 10369.7 10349.1 10328.5 10308.4 10287.8 10267.2 10249.1 10235.6 10241.1 10244.3 10245.4 10242.7 10240.9 10234.7 10224.2 10216.5 10212 10209 10207.6 10201.8 10186.9 10170.8 10154.5 10152.8 10153.3 10152.2 10147 10118.2 10100.9 10091.1 10083.6 10078.6 10077.9 10079.5 10082.7 10087.6 10097.6 10107 10115.4 10111.8 10108 10104.8 10101.5 10099.6 10098.3 10097.5 10097.8 10100.6 10089.4 10070.5 10056 10041.7 10028.2 10017.4 10008.9 10005.7 10001.2 9991.63 9985.16
10565.2 10532.7 10502.7 10474.9 10449.7 10425.9 10403.7 10381.8 10359.4 10337 10315.7 10295.5 10273.7 10253.3 10234.7 10221.8 10224.5 10226.8 10228.4 10230.3 10230.6 10222.5 10211.9 10201.7 10193.1 10185.3 10179.3 10172 10157.8 10139.3 10121.4 10121.7 10126.8 10128.3 10119.5 10100.5 10088.8 10081.5 10075.2 10071.9 10073 10074 10075.6 10081.8 10088.7 10098.2 10104.6 10106.5 10106.8 10104.5 10101.2 10098.3 10096.4 10095.5 10095.5 10093.6 10084.1 10066.7 10051 10035.5 10020.8 10009.7 10001.5 9999.31 9996.69 9990.8 9987.71
10581 10540.6 10505.7 10474.6 10446.7 10420.3 10398.1 10373.7 10351.1 10327 10305 10284.4 10263.1 10242.6 10224.7 10210.6 10205.5 10208.2 10207.7 10209.1 10209.5 10202.3 10192.4 10181.9 10172 10162.4 10155 10146.7 10133.5 10115 10098.4 10099.2 10103.6 10105.4 10103.9 10086 10073.6 10068.6 10065.2 10064.8 10064.8 10064.6 10066 10068.8 10073.6 10081.7 10094.5 10098.7 10102 10099.7 10096.1 10092.6 10089.8 10088.2 10087.3 10083.8 10073.7 10057.2 10041.8 10026.2 10012.2 9999.98 9990.98 9985.58 9985.45 9986.7 9991.35
10577.9 10537.7 10501.2 10469.6 10440.6 10414.1 10388.7 10364.3 10340.3 10317.3 10295 10272.5 10251.5 10232.2 10215.5 10203.8 10200.2 10192.1 10184.2 10184.2 10185.3 10178.1 10168.7 10159.9 10151.5 10142.4 10138.4 10130.4 10117 10100.1 10084.6 10084.2 10085 10083.4 10078.3 10062.2 10056 10056.3 10055.5 10055.7 10055.7 10054.4 10054.3 10054.2 10054.6 10057.8 10066.5 10081.1 10094.9 10089.9 10085.4 10081.9 10079.8 10077.4 10074.9 10073.8 10061 10047.4 10031.1 10016.2 10002.4 9989.45 9978.72 9966.41 9969.93 9982.54 9994.23
10552.5 10520.4 10488.4 10459 10430.7 10405.5 10380.2 10355.8 10332.3 10308.3 10287.2 10265.3 10242.7 10223.7 10206.4 10193.6 10185 10174.9 10165.4 10159.7 10156.5 10150.2 10142.3 10136.5 10132.5 10129.7 10127.1 10118.2 10106.6 10094.4 10083 10076.8 10071.8 10065 10053.8 10038.5 10040.1 10044.1 10047 10048.2 10047.9 10044.9 10043.1 10040.3 10036.1 10031.3 10036.9 10056 10069.2 10072.2 10070.6 10068.8 10066.8 10064.2 10059.3 10049.6 10045.7 10034.2 10019.1 10005.2 9992.78 9981.02 9971.27 9961.34 9967.81 9982.7 9998.52
10518.5 10496.9 10471.2 10446.5 10422.8 10395.4 10371.2 10350.2 10326.9 10302.8 10280.4 10258.4 10236.7 10216.2 10197.8 10181 10163.9 10156.4 10147.9 10136.8 10123.3 10117.7 10114.7 10111.8 10110.8 10113.5 10113 10104.4 10096.4 10091.9 10084.6 10072.6 10063.8 10054.4 10041.3 10028.3 10034 10039.4 10042.8 10043.8 10041.2 10038.9 10035.7 10031.5 10026.2 10017.9 10020.8 10036.5 10047.6 10052.3 10053.9 10053.3 10052.2 10050.1 10047.6 10043.1 10033.2 10020.8 10006.6 9993.82 9983.28 9973.67 9968.73 9967.63 9971.91 9985.26 10002.7
10490.3 10474.8 10453.5 10432.9 10412.3 10387.5 10368 10344.8 10322.2 10301.3 10278.6 10254.9 10234.1 10212.9 10192.3 10174.1 10154.5 10142.1 10129.3 10115.2 10100.8 10091 10090.5 10088.4 10085 10085.2 10088.4 10086.2 10081.7 10078.8 10074 10066.3 10059.8 10052.8 10046 10039.6 10039.7 10043.3 10044.8 10043.7 10040.1 10036.2 10031.7 10027.4 10025.8 10024.5 10023.4 10025.9 10031.2 10034.5 10036.7 10037.3 10036.7 10035.7 10032.8 10027.2 10020.3 10006.5 9993.47 9981.09 9971.79 9964.44 9961.9 9970.4 9972.65 9986.37 10005.8
10470.3 10455.4 10436.4 10422.6 10403.8 10385.6 10364.7 10342.8 10320.4 10299.4 10276.3 10255.3 10232.5 10210.3 10188.7 10170.3 10155.2 10134.2 10113.6 10096.4 10085.5 10077 10074.4 10070.7 10065 10064.5 10070.7 10069.2 10064.3 10057.9 10057.3 10058.4 10058.3 10057.3 10055.7 10051.4 10054.4 10055.1 10052.6 10046.9 10041.7 10035.6 10029.4 10026.1 10023.1 10024.6 10019.3 10016.2 10017.4 10019 10020.1 10020.9 10020.8 10020.9 10020.9 10015.8 10007.3 9992.97 9980.57 9969.82 9959.88 9954.01 9948.21 9950 9963.44 9982.53 10004.1
10451.8 10436.3 10426.7 10411.3 10397.2 10379.5 10360.2 10339.6 10319.2 10294.8 10271.9 10249.5 10226.8 10205.2 10183.6 10162.5 10139.4 10119.4 10104.1 10091.2 10082.1 10072.4 10066.8 10061.3 10054.9 10054.1 10057.2 10056.7 10051.2 10044.1 10046.9 10053.5 10059.4 10065.2 10071.5 10078.4 10077.5 10071 10063.8 10053.3 10044.9 10036.3 10030.3 10021.6 10013.4 10008.7 10005.9 10004.4 10004.3 10004.1 10004.9 10005.2 10004.9 10004.5 10004.3 9999.96 9993.24 9979.52 9968.41 9958.39 9950.81 9945.1 9936.65 9939.39 9954.31 9976.37 9999.36
10427.8 10419.2 10412.5 10400.6 10381.7 10364.5 10346 10327.1 10309.4 10288.5 10268 10246.3 10225.8 10202.5 10179.2 10155.6 10128.9 10109.9 10099 10088.7 10081.3 10071.7 10065 10059.5 10054.3 10054.1 10054.6 10051.5 10045.6 10040.4 10044.1 10052.1 10061.4 10072.2 10085.8 10105.2 10097.4 10085.6 10075.2 10064.1 10050 10039 10030.7 10019.1 10005 9990.94 9992.66 9994.05 9992.19 9990.78 9990.68 9991.08 9990.13 9987.48 9984.28 9982.46 9979.52 9973.93 9958 9950.06 9944.37 9939.81 9929.23 9932.52 9948.18 9969.32 9991.43
10410.7 10403.7 10396 10382.9 10364.1 10347.3 10329.3 10315.1 10300.1 10280.1 10265.2 10244.4 10223.1 10200.9 10179.2 10155.5 10130.7 10113.6 10100.2 10085.2 10078.8 10071.9 10065.5 10061.7 10062 10064.6 10059.7 10051.2 10044.6 10041.7 10044.7 10052.9 10063.3 10075.7 10089 10099.8 10102.2 10093.6 10083.2 10070.6 10055.7 10045.4 10033.4 10021.9 10009 9996.48 9991.4 9987.13 9982.06 9978.67 9978.7 9979.61 9979.08 9975.11 9965.63 9969.77 9969.55 9964.97 9948.93 9944.88 9939.35 9935.72 9927.31 9931.83 9943.15 9962.63 9981.88
