real_craters/C084-500m.grd
DSAA
120 120
-29.68 29.68
-29.68 29.68
8685.3009953183 10967.77821845
[rows 90 to 119 of 120, columns 0 to 66 of 120]
10280 10243.1 10235.2 10227.9 10224.6 10224.5 10236.5 10245.8 10239.2 10242.3 10230.9 10206.5 10180 10180.7 10197.2 10195 10162.5 10144.4 10134.5 10127.1 10120 10114.2 10093.7 10080.4 10062.4 10047.9 10033.9 9975.15 9951.4 9940.34 9938.36 9935.79 9926.56 9914.53 9913 9911.26 9905.72 9898.67 9890.11 9881.36 9873.53 9864.07 9852.04 9837.26 9825.87 9828.47 9832.82 9833.79 9834.65 9837.67 9830.24 9798.52 9781.21 9773.75 9765.28 9755.24 9743.84 9737.73 9740.62 9741.6 9743.78 9747.33 9749.06 9747.44 9745.9 9743.16 9739.6
10275 10240.1 10224.4 10205.7 10188.9 10191.6 10199.2 10211 10223 10233 10220.1 10190.8 10155.2 10138.8 10150.7 10150.4 10123.5 10109.3 10108 10105.6 10102.5 10099.9 10097.9 10075.6 10050.4 10024.8 9988.68 9964.48 9958.81 9954.51 9955.82 9960.57 9962.76 9953.07 9940.89 9927.6 9914.89 9906.1 9894.22 9887.76 9878.2 9867.31 9853.44 9834.63 9814.81 9824.47 9830.7 9829.17 9822.69 9808.66 9794.41 9794.07 9794.89 9787.93 9780.01 9771.38 9763.44 9759.03 9759.55 9772.05 9778.15 9773.03 9767.65 9762.74 9757.86 9751.57 9743.42
10284.8 10268.4 10229.9 10194 10168.8 10166.8 10173.5 10173.4 10201.3 10221.9 10222.5 10182.1 10143.2 10110.8 10107.4 10108.2 10080.3 10073.9 10083 10083.8 10084.5 10084.1 10078.1 10060.2 10033.2 9999.99 9961.53 9955.08 9959.35 9959.09 9964.73 9979.49 10004.4 9997.65 9962.89 9938.09 9920.21 9907.13 9896.43 9891.12 9883.84 9875.25 9863.57 9849.79 9840.94 9835.26 9834.77 9828.64 9817.4 9799.14 9782.42 9786.93 9800.79 9802.7 9795.87 9788.26 9781.46 9777.06 9780.92 9801.34 9803.77 9792.42 9783.54 9775.88 9766.92 9758.78 9748.5
10286 10266 10229.3 10186.5 10152.2 10152.4 10178.2 10169.9 10183.3 10201.6 10195.6 10153.3 10116 10091.5 10086.2 10088.8 10060.1 10050.3 10056.9 10060.3 10065.6 10070.8 10065.5 10044.5 10017.2 9987.73 9958.93 9948.58 9952.11 9955.29 9962.6 9975.6 9993.84 9989.58 9961.18 9938.16 9920.4 9907.36 9899.77 9895.84 9889.47 9884.34 9878.32 9868.66 9859.62 9854.92 9846.71 9836.38 9823.16 9807.65 9789.02 9792.59 9825.94 9820.65 9813.27 9806.44 9802.06 9799.23 9799.84 9803.69 9808.01 9803.31 9794.4 9784.9 9776.15 9766.23 9753.98
10277.6 10260.3 10225.2 10182.4 10145.7 10144.1 10178 10165.3 10154.2 10152.4 10136.9 10105.1 10064.5 10052.7 10049.2 10047.5 10036.4 10027.6 10023.7 10039 10044.9 10048.6 10048.9 10028 10004.6 9981.47 9966.19 9952.41 9941.91 9943.65 9947.03 9951.5 9951.39 9949.88 9940.25 9925.61 9912.19 9901.21 9895.29 9890.56 9890.24 9889.07 9891.55 9890.54 9883.08 9870.14 9860.39 9847.98 9836.26 9824.26 9813.04 9809.51 9827.87 9829.43 9827 9824.22 9821.55 9819.7 9818.65 9807.06 9809.85 9808.29 9799.38 9788.41 9777.61 9768.15 9756.39
10261.7 10241.7 10212.9 10181.3 10160.7 10153.1 10144.4 10132.9 10113.1 10096.8 10093.1 10068.2 10039 10032.8 10029.3 10020.4 10010.5 10007.4 10026.6 10028.1 10025 10022.5 10017.6 10007.1 9990.75 9971.99 9951.61 9933.56 9931.24 9929.67 9926.73 9922.27 9916.59 9916.06 9912.82 9906.07 9895.95 9888.74 9885.63 9885.72 9886.45 9888.95 9897.94 9910.16 9901.73 9885.89 9871.78 9859.93 9849.52 9842.57 9840.2 9827.14 9825.3 9832.8 9839.79 9842.81 9842.13 9839.17 9829.1 9830.87 9821.78 9809.93 9798.5 9786.11 9777.21 9768.63 9758.93
10241.7 10216.9 10193.3 10176 10165.1 10152.1 10122.9 10102.5 10086.3 10070.1 10059.3 10049 10036.7 10027.7 10024.3 10012.8 10001.4 9996.32 10022.9 10017.9 10005.4 9995.86 9996.41 9987.4 9976.81 9963.68 9950.71 9935.37 9924.75 9916.44 9905.99 9893.4 9880.57 9881.09 9880.37 9875.89 9873.29 9871.72 9871.57 9872.36 9875.51 9879.01 9888.46 9898.63 9894.86 9884.68 9876.46 9868.13 9861.55 9855.27 9847.59 9830.97 9832.11 9843.04 9857.06 9864.13 9866.29 9864.78 9860.19 9856.56 9832.05 9816.42 9804.19 9793.53 9782.49 9771.74 9759.99
10224.3 10202.7 10184.8 10166.1 10155.2 10140.7 10123.5 10092.2 10063.5 10050.6 10044.7 10037.3 10029.1 10019.7 10017.8 10009.6 10001.4 9994.48 10002.2 9994.84 9984.38 9977.1 9977.1 9969.71 9962.66 9954.76 9948.74 9931.96 9922.08 9904.69 9887.49 9873.27 9859.69 9855.68 9851.09 9847.06 9850.49 9852.93 9854.53 9856.53 9857.73 9860.77 9866.58 9871.98 9874.34 9873.81 9873.04 9871.11 9868.67 9866.38 9857.65 9846.83 9855.99 9871.01 9880.49 9884.1 9886.04 9888.95 9892.8 9861.93 9830.17 9818.17 9810.27 9797.78 9783.87 9771.56 9755.55
10209.8 10186.2 10160.6 10151.6 10142 10122.8 10095.6 10072.8 10052.3 10038.7 10031.1 10023.5 10014.5 10003.1 9991.42 9983.54 9986.11 10008.4 9989.57 9975.14 9966.36 9957.34 9955.07 9951.12 9947.61 9942.57 9939.03 9945.7 9920.16 9889.95 9867.54 9852.95 9845.81 9835.12 9831.61 9831.99 9833.5 9835.22 9837.05 9837.53 9838.95 9839.82 9839.86 9845.74 9851.61 9858.02 9865.17 9869.47 9875.05 9880.1 9884.09 9880.68 9898.34 9914.37 9907.8 9902.48 9901.63 9903.15 9903.44 9860.78 9835.69 9824.49 9813.83 9800.59 9785.71 9770.78 9755.69
10202 10177.1 10151.9 10143.3 10131.9 10114 10095.2 10067.3 10042.9 10031.6 10020.6 10006.3 9995.76 9986.82 9976.99 9968.13 9972.89 9999.35 9994.34 9974.83 9954.31 9937.69 9932.66 9931.69 9929.45 9926.69 9923.08 9910.26 9888.41 9864.97 9842.53 9821.73 9810.94 9812.67 9814.2 9817.54 9818.63 9818.7 9819.83 9821.7 9819.37 9818.27 9814.33 9812.17 9830.07 9843.85 9856.86 9867.34 9878.43 9891.68 9907.78 9919.51 9929.01 9935.41 9923.93 9915.17 9911.38 9909.43 9903.79 9891.8 9864.44 9837.26 9816.08 9806.33 9789.35 9773.86 9757.5
10204.6 10184.8 10162.6 10150.3 10134.1 10118.1 10101 10067.2 10039.3 10028.4 10015.1 9997.38 9984.58 9975.28 9966.57 9960.92 9966.44 9988.78 9992.7 9971.63 9939.63 9916.16 9913.21 9916.74 9917.72 9914.12 9901.9 9874.24 9853.56 9843.86 9824.26 9801.92 9791.58 9794.84 9799.03 9805.03 9803.87 9801.77 9802.96 9805.28 9807.48 9801.99 9802.49 9805.76 9818.72 9834.61 9848.21 9862.15 9875.49 9893.54 9916.05 9936.22 9937.93 9934.48 9921.64 9911.69 9908.32 9908.06 9905.65 9903.38 9882.46 9846.92 9819.14 9796.94 9790.25 9773.62 9757.96
10214.1 10201 10191.8 10168.5 10143.3 10113.6 10084.4 10061 10039.3 10035.1 10012.8 9993.35 9979.91 9969.11 9958.92 9956.2 9965.42 9966.97 9958.63 9939.81 9919.82 9901 9902.53 9907.69 9911.87 9909.48 9895.9 9871.74 9854.5 9842.24 9821.15 9795.64 9786 9786.73 9785.95 9784.22 9781.05 9783.02 9786.02 9789.2 9784.86 9788.79 9795.11 9801.2 9810.26 9822.25 9837.35 9852.2 9868.17 9884.44 9902.66 9915.35 9916.65 9912.58 9898.22 9891.91 9892.73 9898.73 9906.99 9901.55 9870.62 9843.72 9819.34 9797.96 9789.78 9773.97 9760.82
10222.6 10212.7 10200.7 10179.2 10155.6 10135.6 10104.5 10061.5 10024.8 10015.3 10005.6 9990.55 9979.22 9968.6 9957.79 9951.93 9953.6 9941.75 9928.08 9919.68 9909.28 9901.15 9902.61 9907.22 9910.68 9912.14 9915.96 9902.21 9882.5 9857.55 9834.98 9810.98 9797.26 9789.18 9779.8 9766.32 9761.89 9767.42 9770.54 9773.19 9776.58 9776.6 9790.45 9796.21 9798.78 9808.01 9818.77 9834.01 9848.22 9863.16 9875.88 9881.73 9873.3 9861.34 9857.93 9861.78 9867.14 9875.31 9885.42 9857.22 9843.36 9831.76 9814.17 9802.65 9786.54 9772.04 9758.63
10232 10222.1 10208.5 10187.6 10162.7 10140.9 10109.3 10072.2 10046.2 10023.9 10009.2 9994.41 9985.37 9973.88 9962 9951.06 9936.91 9929.68 9924.97 9921.9 9908.57 9906.79 9909.28 9912.86 9914.65 9912.65 9907.53 9911.41 9894.96 9874.48 9856.31 9845.84 9819.06 9799.64 9783.52 9769.67 9762.72 9760.38 9759.71 9759 9758.74 9757.94 9768.99 9775.58 9779.32 9788.2 9800.38 9811.79 9825.61 9837.51 9847.06 9849.21 9844.05 9819.33 9823.74 9833.29 9837.86 9841.93 9842.15 9847.7 9836.14 9820.25 9802.25 9784.48 9779.36 9765.32 9751.58
10233.9 10226.1 10220.4 10201.4 10160.4 10127.6 10091.5 10063.8 10039.3 10025 10019.6 10012.9 9997.27 9982.23 9968.51 9956.29 9935.95 9932.87 9933.94 9926.37 9914.46 9915.08 9921.13 9925.08 9925.46 9920.55 9914.55 9917.31 9907.5 9888.95 9870.58 9852.78 9831.08 9810.17 9792.24 9776.38 9765.48 9759.39 9753.25 9745.3 9740.74 9735.14 9735.35 9744.45 9755.47 9766.89 9776.75 9788.23 9800.49 9812.38 9822.37 9830.07 9814.54 9814.68 9817.46 9816.02 9811.65 9806.76 9814.04 9829.39 9823.24 9804.7 9787.66 9770.85 9765.36 9755.09 9742.04
10234.5 10225.1 10212.7 10187.2 10149.4 10107.9 10089 10065.2 10038.9 10029.9 10030.5 10024.6 10010.2 9991.79 9972.17 9951.29 9940.18 9942.43 9955.93 9935.99 9927.6 9928.85 9936.19 9941.73 9943.5 9939.67 9931.68 9931.47 9922.88 9903.45 9881.87 9859.8 9841.27 9822.85 9803.96 9786.51 9770.46 9757.94 9746.91 9736.7 9726.11 9715.98 9709.47 9719.92 9734.36 9745.19 9756.32 9764.4 9773.24 9781.61 9792.39 9804.31 9796.65 9804.25 9807.79 9801.52 9789.08 9771.29 9760.48 9779.32 9789.32 9779.87 9767.03 9763.08 9753.96 9746.13 9735.29
10230.6 10218.9 10206.9 10186.8 10144.4 10105.3 10095.3 10082.3 10052.3 10042.2 10050.9 10043.9 10023 10001.2 9979.21 9956.75 9948.05 9946.33 9946.05 9935.92 9931.05 9946.52 9957.09 9962.44 9967.12 9969.6 9964.74 9950.82 9937.21 9915.96 9895.46 9874.71 9854.35 9834.95 9814.55 9796.29 9777.02 9761.05 9746.23 9732.08 9718.54 9703.52 9689.41 9704.53 9718.67 9728.5 9737.92 9743.86 9750.23 9753.75 9754.89 9750.92 9757.86 9782.05 9799.28 9788.13 9772.65 9756.93 9748.4 9751.45 9752.53 9750.01 9746.6 9741.02 9742.4 9737.85 9730.74
10225.2 10209.7 10192.9 10180 10128.5 10097.8 10072.6 10058.5 10050.3 10051.8 10060.7 10053.3 10031.1 10009.4 9989.26 9974.54 9962.67 9956.54 9950.44 9958.23 9977.19 9981.25 9981.6 9983.06 9986.94 9997.19 9991.61 9969.01 9943.12 9926.2 9911.42 9892.91 9871.11 9849.1 9827.62 9806.41 9785.45 9766.49 9750.33 9734.37 9718.94 9706.49 9696.68 9701.94 9709.52 9717.6 9724.6 9729.07 9729.7 9728.53 9725.31 9717.63 9719.98 9752.32 9779.79 9770.23 9757.22 9748.7 9744.04 9741.02 9730.9 9726.15 9730.01 9730.48 9733.35 9731.02 9727.14
10219.3 10200.1 10171.9 10122.9 10101.7 10070 10054.6 10046.2 10047.7 10054.2 10060.1 10050.7 10032.8 10014 9997.01 9983.48 9970.66 9962.76 9976.13 10003.6 10019.7 10009.9 9999.76 9994.89 9994.44 10000.2 9996.85 9982.79 9970.83 9952.21 9933.2 9912.44 9889.96 9865.13 9839.78 9815.72 9795.53 9774.54 9756.46 9738.78 9723.15 9713.96 9705.44 9704.82 9707.33 9711.26 9714.57 9715.8 9715.56 9713.13 9706.53 9702.06 9701.56 9721 9746.95 9745.09 9733.72 9729.71 9730.85 9736.76 9731.18 9717.45 9722.5 9721.96 9724.09 9721.15 9719.07
10218.3 10199.4 10174.4 10148.7 10120.1 10086.6 10073.4 10070.6 10066 10058.8 10048.3 10043.8 10031.5 10016.3 10001.5 9989.74 9977.61 9969.96 10003.1 10032.8 10035.8 10021 10007 9996.2 9990.25 9985.9 9986.9 9987.98 9987.87 9981.09 9964.85 9939.99 9910.22 9880.94 9852.1 9824.96 9802.16 9778.73 9759.41 9742.24 9726.08 9716.37 9710.87 9707.55 9708.07 9709.28 9708.78 9708.49 9703.92 9699.56 9694.62 9691.05 9690.19 9696.73 9721.7 9719.61 9704.59 9686.97 9699.84 9723.81 9740.1 9725.32 9722.35 9718.17 9712.58 9713.75 9710.71
10225 10207.8 10187.1 10162 10121.8 10091.7 10095.3 10095 10081.2 10066.1 10053.2 10043.6 10032.8 10019.4 10004.7 9990.21 9983.71 9998.52 10023.6 10037.3 10029.8 10017.2 10005.1 9992.75 9982.75 9974.87 9978.84 9986.39 9995.2 9999.25 9991.13 9962.97 9927.32 9892.93 9860.55 9831.5 9811.79 9784.58 9763.01 9745.41 9728.73 9707.82 9701.79 9709.71 9708.36 9706.2 9703.36 9700.17 9693.34 9690.83 9685.54 9682.67 9677.73 9677.56 9695.52 9698.5 9685 9662.6 9677.29 9698.66 9714.59 9728.92 9722.36 9713.08 9709.69 9703.98 9699.79
10232.7 10216.5 10197.8 10175.5 10130.1 10097.8 10103.3 10097.2 10078.1 10069.5 10060.9 10049.7 10037 10024.4 10011.3 10000.2 10002.4 10027.7 10033.9 10025.9 10016.5 10008.2 9998.52 9987.21 9977.09 9968.15 9972.73 9980.99 9991.27 10006.6 10007.9 9974.23 9935.55 9899.44 9865.71 9835.1 9812.25 9789.55 9770.54 9754.49 9744 9736.51 9723.86 9719.94 9714.9 9707.96 9701.3 9694.02 9688.58 9682.15 9678.17 9675.37 9680.48 9666.61 9682.52 9692.8 9684.58 9669.05 9670.05 9677.33 9689.23 9714.56 9712.69 9705.74 9698.38 9691.5 9684.1
10241.2 10224.6 10209.2 10189.5 10146 10107.8 10097.6 10079.9 10071.3 10070.9 10066 10053.9 10041.9 10030.3 10020.6 10014.6 10016.3 10045.1 10043 10019.6 10014.4 10001.7 9991.33 9981.13 9972.24 9970.58 9967.63 9972.67 9980.36 9993.31 9989.1 9967.73 9934.64 9900.06 9865.85 9834.78 9809.33 9787.16 9771.51 9762.84 9758.62 9757.26 9744.85 9733.01 9721.59 9709.33 9700.27 9691.48 9683.14 9676.28 9669.19 9662.39 9654.41 9644.32 9678.04 9697.01 9691.73 9686.32 9668.79 9660.52 9661.09 9687.95 9693.31 9690.97 9686.02 9681.36 9675.78
10250.5 10233.1 10216.6 10198.9 10162.5 10124.6 10103.2 10086.7 10080.9 10075.6 10067.7 10058.5 10047.7 10037.5 10030.5 10030.2 10044.5 10055.8 10047.9 10017.2 10006.4 9996.48 9986.55 9975.83 9966.44 9959.48 9959.51 9962.67 9968.88 9980.94 9975.84 9957.29 9928.55 9896.64 9864.42 9832.5 9803.76 9780.89 9768.23 9764.08 9768.05 9772.92 9754.05 9741 9726.34 9714.52 9703.77 9694.16 9684.1 9671.51 9661.28 9649.37 9639.5 9625.55 9656.6 9678.92 9674.02 9673.06 9656.3 9646.38 9642.44 9657.59 9673.05 9679.62 9679.06 9674.7 9668.3
10253.5 10236.4 10218.3 10200.7 10167.7 10132.9 10113.7 10102.7 10093 10084.7 10075.2 10063.1 10053.3 10044.4 10038 10035.2 10036 10044.9 10044.1 10032.9 10014.5 9997.8 9990.27 9978.79 9965.91 9956.42 9953.1 9953.54 9956.72 9963.46 9965.38 9947.01 9921.18 9891.6 9859.52 9827.8 9796.65 9769.44 9760.56 9759.53 9763.63 9759.07 9752.07 9742.04 9729.58 9716.73 9705.07 9693.58 9681.8 9667.83 9653.88 9638.83 9625.5 9609.09 9620.16 9630.86 9630.39 9628.62 9635.93 9635.89 9634.33 9643.06 9663.05 9671.66 9672.4 9668.42 9661.87
10249 10230.9 10212.8 10198.1 10170.5 10124.9 10095.5 10090.3 10085.5 10086.3 10077.1 10064.5 10055.9 10049.5 10044.3 10038.2 10031.1 10037.5 10046.4 10050.1 10032 10014.5 10007 9987.25 9966.6 9953.66 9947.61 9945.37 9945.76 9949.44 9950.93 9935.75 9912.16 9884.66 9855.44 9824.03 9792.62 9767.05 9755.54 9753.41 9756.95 9757.28 9748.11 9738.76 9727.97 9715.9 9703.89 9691.48 9678.94 9664.64 9650.9 9632.91 9616.8 9601.94 9601.85 9609.39 9609.92 9613.85 9625.09 9634.16 9643.17 9660.1 9669.43 9667.98 9666.07 9660.98 9654.24
10240 10223.2 10204.6 10185.5 10144.6 10110.1 10075.6 10063 10062.6 10061 10062 10059.3 10056.5 10054 10051.3 10048.3 10043.3 10044.7 10050.6 10065.9 10071.9 10076.4 10039.2 10002.9 9968.41 9951.58 9946.36 9940.77 9937.12 9937.33 9936.16 9924.45 9905 9879.86 9851.99 9822.78 9793.51 9767.77 9753.37 9748.09 9747.69 9744.95 9741.73 9735.65 9727.1 9716.38 9704.56 9691.32 9677.51 9662.13 9646.29 9631.11 9616.27 9602.89 9597.29 9605.6 9608.82 9614 9623.83 9636.91 9653.18 9670.07 9670.28 9663.99 9658.56 9651.86 9644.48
10230.1 10214.4 10194.4 10173.3 10138.2 10100.7 10069.7 10056 10048 10042 10049.4 10055.7 10059.9 10063.1 10064.8 10065.4 10067 10065.4 10057.8 10065.1 10092.7 10105.1 10068.9 10024.7 9981.02 9962.18 9953.58 9944.74 9933.33 9923.8 9925.74 9917.14 9899.93 9877.03 9851.46 9825.21 9798.74 9772.07 9756.74 9748.64 9740.67 9736.86 9738.39 9735.3 9728.13 9718.19 9705.47 9692.32 9677.62 9661.94 9645.2 9630.1 9616.63 9604.6 9598.87 9605.14 9609.04 9615.29 9624.75 9637.25 9651.85 9662.89 9662.96 9656.72 9650.57 9643.33 9635.53
10220.4 10206.4 10187.8 10158.1 10114.8 10090.1 10069.7 10059.9 10051.5 10043.1 10050.5 10060.7 10069.1 10074.2 10079.2 10084.1 10089.2 10089.6 10086.2 10106.1 10134.8 10121.8 10094.7 10055.8 10012.1 9989.74 9974.41 9957.56 9939.71 9922.85 9930.25 9918 9901.15 9880.46 9858.15 9833.87 9809.74 9788.62 9772.8 9761.14 9746.27 9741.04 9744.15 9740.24 9732.74 9722.32 9708.82 9695.21 9680.78 9665 9648.12 9631.99 9617.96 9607.13 9602.13 9607.19 9609.99 9616.78 9625.51 9633.95 9642.55 9650.44 9653.31 9647.96 9642.68 9636.16 9629.16
10211.2 10200.7 10184.4 10160.6 10116.6 10088.7 10071.6 10061.6 10054.4 10051 10058.7 10069.6 10079.8 10088.3 10093.7 10101.1 10108.9 10111.5 10100.6 10118.5 10149.9 10141.2 10125.9 10094.7 10063.1 10030.8 10004.9 9980.37 9958.13 9946.16 9936.52 9922.08 9906.8 9888.49 9868.43 9846.39 9823.88 9805.39 9792.19 9785.39 9784.02 9770.74 9760.16 9750.81 9740.78 9728.23 9715.37 9701.82 9686.21 9670.72 9651.93 9636.59 9621.37 9610.56 9604.74 9609.01 9611.63 9617.77 9623.83 9629.85 9632.88 9631.62 9637.24 9638.25 9635.37 9630.29 9624.13
