real_craters/C084-500m.grd
DSAA
120 120
-29.68 29.68
-29.68 29.68
8685.3009953183 10967.77821845
[rows 60 to 89 of 120, columns 0 to 66 of 120]
10482.8 10435.9 10399.4 10368.4 10339.6 10311 10283.5 10257.3 10229.8 10204.8 10185.3 10165.1 10147.7 10137.9 10130.2 10114.7 10100.2 10091.2 10092.8 10105.2 10125 10155.6 10176.5 10138.2 10100.6 10061.6 10023.6 10006 9997.59 9987.52 9984.14 9988.46 9993.04 9991.83 9986.94 9982.65 9988.46 9975.63 9961.28 9941.35 9921.98 9899.86 9870.43 9835.65 9787.48 9722.95 9543.2 9386.09 9296.45 9194.96 9089.08 8987.81 8896.91 8819.41 8795.28 8809.97 8810.75 8803.05 8792.99 8782.42 8770.87 8757.7 8745.46 8728.54 8717.6 8739.3 8766.58
10474.6 10450.7 10417.7 10382.8 10351.7 10321.7 10291.5 10263.6 10234.2 10204.3 10174.3 10151.9 10139.2 10129.7 10121 10115.9 10118.7 10114.4 10110.3 10120.4 10139.3 10167.4 10181.2 10156.8 10119.7 10078.2 10036.6 10019.2 10007.5 9998.22 9987.27 9987.13 9988.31 9984.8 9981.5 9978.29 9977.73 9961.74 9957.26 9939.69 9918.42 9896.16 9866.38 9827.35 9778.35 9710.28 9598.14 9456.8 9315.77 9217.21 9113.41 9014.42 8934.53 8882.09 8869.56 8858.15 8832.34 8810.74 8793.44 8777.72 8761.14 8745.8 8732.25 8724.23 8720.93 8732.55 8762.27
10492.2 10465 10428.1 10391.4 10358.6 10325.4 10297.4 10268.4 10238.5 10209.7 10180.5 10157.2 10143.8 10121.1 10103.2 10105.7 10106.1 10106.9 10110.8 10122 10138.8 10161 10173.4 10164 10133.5 10102.5 10070.4 10043.1 10022.2 10008.1 9993.33 9984.42 9979.76 9976.53 9976.05 9979.34 9985.06 9968.63 9962.83 9945.29 9924.7 9900.03 9867.6 9823.85 9771.92 9689.56 9602.03 9527.98 9396.1 9246.06 9125.85 9027.78 8953.08 8914.18 8911.12 8875.97 8835.84 8810.45 8790.78 8772.67 8753.4 8734.49 8716.95 8703.63 8699.45 8728.68 8768.03
10492.1 10462.6 10431.1 10397.4 10364.4 10335.1 10304.9 10276.6 10249.4 10223.5 10206.4 10200.3 10172.6 10144.1 10126.3 10102.4 10087.1 10093.9 10105.4 10117.5 10130.2 10142.9 10158.3 10157.2 10132 10114.4 10091.6 10065 10037.8 10016.9 9995.71 9974.62 9967.18 9967.2 9968.95 9976.27 9995.59 9980.4 9967.24 9950.79 9932.83 9908.68 9879.12 9833.8 9778.78 9708.54 9630.5 9545.41 9404.41 9239.1 9119.82 9025.06 8945.49 8878.9 8821.42 8818.81 8815.64 8801.7 8786.14 8768.66 8750.69 8729.64 8706.26 8688.14 8688.84 8726.56 8785.24
10499.2 10466.8 10432.4 10402 10372.8 10348 10320.9 10294.4 10267 10240.9 10217.3 10215.4 10194.3 10164.8 10136.9 10104.4 10082 10088.1 10098.4 10107.8 10113 10116.4 10111.4 10104.5 10107.4 10118.9 10111 10074.9 10052.3 10029.2 10003.1 9971.02 9962.05 9959.91 9961.74 9972.03 9962.11 9965.51 9968.08 9961.21 9948.48 9929.46 9903.11 9861.08 9817.61 9754.28 9697.85 9528.62 9352.75 9202.45 9102.93 9013.45 8937.6 8862.56 8805.54 8799.13 8799.36 8794.42 8784.67 8770.53 8754.56 8733.25 8709.51 8685.3 8691.69 8743.54 8815.49
10496.4 10462.1 10424 10403 10383.2 10360.1 10336.5 10315.8 10291.4 10263.6 10227.9 10214.6 10200.9 10177.8 10147.7 10114.9 10094.8 10095.3 10097.4 10098.8 10101.6 10093.3 10077.6 10062.2 10077.4 10081.2 10074.5 10066 10055 10037.7 10018.3 9996.52 9965.34 9956.43 9958.36 9964.54 9950.89 9972.16 9983.2 9986.64 9981.74 9966.56 9946.64 9917.99 9875.37 9798 9665.65 9493.84 9327.29 9171.55 9088.02 9012.26 8937.51 8864.82 8810.69 8798.97 8792.19 8793.56 8787.39 8779.53 8769.21 8756.09 8738.56 8724.1 8742.68 8790.18 8861.82
10471.4 10410.2 10416.3 10408.4 10392.5 10372.4 10353.5 10333.2 10314.3 10294.9 10277 10242.4 10208.1 10176.5 10156.9 10137.7 10124.6 10109.1 10101.5 10097.4 10093.4 10087.1 10079.8 10076.8 10062.8 10043.8 10044.5 10052.7 10050.1 10043.5 10029.2 9992.69 9949.4 9950.02 9964.95 9978.96 9977.88 9995.46 10002.8 10010.1 10004.9 10005.1 9993.51 9974.78 9948.13 9894.6 9763.6 9541.62 9342.22 9184.91 9109.48 9034.01 8957.61 8883.36 8821.7 8802.87 8797.97 8801.33 8803.49 8801.11 8796.31 8791.52 8794.45 8806.63 8808.83 8848.55 8920.66
10476.9 10448.5 10437.3 10424.9 10407.6 10387.5 10366.6 10346.5 10332.6 10324.7 10316.5 10279.9 10227 10182.8 10170.3 10154.7 10138.6 10117.7 10102.9 10095 10090 10085.7 10082.7 10074.7 10060.5 10046.7 10043.6 10047.6 10048.9 10046.3 10031.5 9927.15 9907.56 9947.84 9982.32 10010.5 10028.3 10024.1 10022.8 10022.1 10022.1 10027.2 10027.1 10030.9 10019.4 10007.6 9950.1 9721.89 9455.8 9278.59 9178.55 9096.12 9010.62 8929.31 8861.43 8828.98 8817.91 8824.76 8834.57 8835.35 8833.08 8828.33 8828.54 8849.25 8867.37 8911.64 8988.17
10488.3 10485.3 10468.3 10443.2 10415.4 10391.6 10375.6 10360.9 10346.6 10336.5 10328.8 10300.4 10240.3 10190.8 10154.7 10145.4 10134.9 10116 10102.3 10096 10089.7 10085.2 10081.9 10078.4 10073.3 10070.7 10053.3 10048.9 10046.4 10047.3 10034.4 9947.27 9929.57 9964.75 10001.2 10035.6 10056.5 10045.5 10038.3 10034.6 10040.4 10042.6 10034.5 10042.6 10053 10081.8 10091.2 9910.03 9612.63 9412.96 9290.88 9194.76 9101.31 9007.77 8916.26 8849.46 8847.87 8869.31 8882.16 8884.91 8879.24 8870.48 8860.29 8875.92 8928.55 8998.18 9062.65
10490.2 10505.3 10490.3 10456 10423.6 10398.2 10379.2 10360.7 10342.9 10325 10302.5 10284 10228.8 10182.7 10118.2 10102 10107.5 10109.3 10105.2 10097.8 10090.3 10084 10078.2 10073.2 10070.1 10056.9 10046.4 10039.5 10038.6 10040.6 10045.8 10026.4 9998.13 9996.37 10014.4 10033 10043.1 10044.2 10039.6 10037.1 10032.9 10033.3 10026.7 10044 10065.1 10094.3 10129.2 10043.9 9795.39 9564.65 9436.56 9329.9 9225.16 9120.84 9017.26 8933.78 8931.53 8954.92 8962.67 8954.49 8942.27 8930.53 8934.36 8949.48 8983.55 9046.12 9127.15
10489.3 10515.4 10500.4 10459.8 10421.9 10394.2 10371.6 10352.3 10334.4 10315.5 10280.3 10226 10174.9 10149.5 10109.6 10103.1 10100.1 10106.1 10103.7 10097.9 10089 10078.9 10069.4 10064.6 10046.2 10028.7 10029.5 10025.5 10022.9 10021.2 10023.5 10035.4 10024.4 10011.4 10018.7 10033.4 10035.9 10034.5 10027.3 10018.7 10017.3 10005.7 10011 10025.8 10054.5 10074.9 10073.9 10091.5 9994.41 9746.31 9610.36 9492.66 9375.92 9264.61 9167.02 9108.01 9090.76 9083.3 9074.08 9051.85 9026.54 8998.72 9000.58 9015.42 9039.87 9075.97 9194.85
10477.5 10484 10468.5 10431.2 10405.9 10384.4 10363.3 10342.5 10318.3 10298.2 10262.6 10207.4 10154 10142.8 10126.9 10126.8 10121.6 10114.8 10105.9 10095.6 10083.2 10069.2 10056.6 10040 10020.8 10021.4 10015.8 10010 10003 9992.42 9983.8 9990.45 9995.55 9997.41 10008.5 10022.7 10020.3 10006.8 9996.75 9998.71 9982.21 9992.31 9993.9 10001.9 10013 10018.2 10010 10000.3 10053.6 9929.52 9794.85 9659.69 9535.23 9422.47 9326.43 9255.74 9254.2 9229.26 9207.64 9175.33 9135.03 9084.85 9045.82 9092.51 9150 9195.17 9318.38
10443.7 10431.7 10415.7 10388.3 10375.1 10360.1 10344.3 10324.2 10300 10263.5 10243.2 10211.2 10168.3 10160.9 10169.1 10180.2 10151.1 10125.8 10106.9 10089.3 10074 10058 10042.6 10030.5 10023.5 10007.6 10001.3 9996.34 9988.62 9973.1 9946.57 9951.59 9957.73 9967.06 9981.75 9997.62 9994.24 9983.13 9973.72 9967.17 9960.14 9955.17 9962.63 9965.35 9963.3 9962.39 9968.58 9979.56 10035.1 10036.4 9934.47 9796.13 9676.59 9573.54 9490.97 9435.82 9399.02 9377.2 9354.58 9325.56 9287.66 9230.39 9171.56 9249.46 9343.69 9421.3 9518.65
10390.5 10364.7 10340 10339.2 10340.7 10335.7 10325.2 10307.2 10287.6 10271.1 10256.8 10240.8 10201.3 10196.3 10207.7 10193 10160.2 10131.8 10108.7 10087.5 10068.7 10049.5 10029.8 10012.6 9998.16 9986.67 9989.05 9988.67 9984.9 9975.73 9959.01 9937.46 9923.9 9936.91 9949.19 9954.65 9960.78 9960.79 9953.85 9948.05 9938.22 9931.17 9926.07 9924.79 9921.14 9916.49 9909.19 9926.05 9973.12 10017.6 9979.27 9879.81 9784.11 9705.04 9642.96 9578.86 9533.46 9536.05 9517.87 9496.31 9478.63 9453.92 9430.82 9490.28 9583.6 9702.5 9768.63
10345.5 10323.3 10299.1 10308.4 10313.7 10313.1 10304.8 10289.9 10279.9 10274 10277.2 10280.2 10263.8 10249.5 10239.6 10199.6 10160.3 10131.7 10105.2 10082.1 10060.5 10038.2 10016.7 9991.98 9965.17 9970.12 9979.45 9984.06 9983.86 9984.56 9980.52 9941.24 9912.62 9924.12 9931.2 9929.78 9934.5 9934.35 9930.01 9924.95 9919.42 9919 9907.15 9900.43 9894.54 9889.07 9891.06 9893.41 9919.55 9978.42 9980.6 9916.28 9854.32 9808.11 9787 9794 9771.07 9712.07 9670.14 9655.19 9670.24 9715.41 9740.53 9728.62 9774.19 9882.62 9918.35
10332.6 10316.3 10295.8 10304.8 10307.9 10304.6 10295.9 10283.5 10272.9 10275 10289.6 10309.8 10299 10283 10249.4 10216 10158.5 10127.7 10102.2 10077 10055.7 10034.9 10014.9 9993.19 9981.05 9978.52 9981.18 9984.68 9987.61 9984.44 9971.73 9953.33 9937.26 9929.93 9932.67 9927.78 9920.58 9913.48 9908.17 9903.38 9903.33 9897.31 9890.46 9882.55 9875.35 9869.57 9869.93 9876.58 9893.81 9928.13 9939.78 9916.97 9887.77 9868.03 9871.09 9911.74 9909.77 9820.51 9771.8 9762.39 9794.95 9885.18 9938.8 9861.99 9846.03 9866.53 9865.32
10347.4 10336 10327.6 10325.4 10319.9 10313.5 10303.2 10287.2 10271.9 10265.7 10296.8 10324.6 10314.2 10282.1 10234.3 10188.3 10147.9 10121.7 10097.5 10074.8 10051.5 10030.3 10011.6 9996.82 9992.35 9985.63 9985.04 9988.18 9989.46 9987.4 9977.4 9960.58 9947.79 9922.03 9922.28 9924.76 9896.54 9890.01 9889.42 9888.04 9883.99 9879.59 9874.55 9863.65 9855.39 9848.13 9848.59 9864.21 9876.1 9888.42 9896.96 9898.89 9892.04 9885.32 9884.2 9872.54 9844.09 9831.56 9811.33 9804.15 9819.9 9858.76 9883.38 9857.58 9831.61 9800.15 9752.6
10374.8 10363.5 10364.9 10355.2 10344 10335.6 10324.4 10309.1 10285.7 10277.4 10308.7 10340.6 10346.7 10281.7 10230.8 10178.8 10147.9 10115.9 10091.2 10071.8 10049.5 10030.1 10011.6 9996.67 9984.01 9978.93 9983.29 9986.18 9990.55 9989.46 9978.35 9958.45 9930.15 9886.38 9827.9 9826.35 9855.48 9867.07 9871.5 9871.59 9867.98 9864.53 9857.65 9849.91 9840.48 9832.27 9831.54 9849.96 9868.33 9870.66 9873.09 9879.89 9878.93 9876.81 9874.43 9868.31 9851.6 9838.29 9822.33 9804.95 9791.1 9768.14 9780.23 9794.16 9782.71 9754.17 9724.39
10390.2 10382.5 10380.1 10374.9 10369.4 10363.1 10353.8 10343.4 10327 10316.7 10329.9 10325.6 10306 10252.7 10222.3 10170.2 10136.4 10112.1 10094.5 10079 10061.1 10041.6 10020.1 9996.68 9976.65 9976.5 9979.03 9984.99 9991.66 9997.43 9982.4 9957.21 9925.99 9880.49 9807.21 9805.62 9840.97 9856.34 9861.81 9861.69 9859.59 9857.16 9849.71 9842.53 9833.68 9826.06 9824.41 9829.95 9832.56 9845.22 9862.97 9858.01 9854.79 9854.32 9855.6 9862.54 9864.89 9841.75 9813.2 9788.84 9763.47 9737.68 9735.17 9742.55 9735.49 9717.89 9707.24
10396.8 10396.3 10395.4 10393.3 10392.8 10388.7 10387.9 10387.8 10384.9 10370.6 10363.4 10353.8 10306.6 10255.8 10217.1 10174 10123.4 10111.7 10098.1 10085 10071 10052.3 10031.1 10008 9978.63 9964.85 9975.91 9983.55 9987.49 9987.17 9976.02 9956.76 9936.89 9923.56 9921.31 9882.13 9864.89 9863.77 9862.79 9861.1 9855.99 9850.31 9845.03 9835.88 9830.77 9827.33 9821.43 9816.91 9818.05 9808.16 9817.92 9820.19 9820.8 9822.73 9826.05 9830.58 9832.28 9811.8 9788.99 9763.58 9740.85 9728.19 9714.22 9706.6 9695.35 9675.14 9643.6
10407.2 10411.9 10419.1 10421.5 10415 10409.2 10410 10421.7 10447 10423.3 10386.9 10360.4 10311.3 10295.6 10281.3 10211.4 10157.7 10129.5 10114.5 10100.4 10088.1 10071.1 10052.2 10026.9 10003.4 9979.29 9987.55 9990.31 9985.41 9974.48 9967.19 9955.11 9943.42 9941.88 9945.63 9920.32 9887.81 9872.94 9866.07 9861.85 9857.27 9850.39 9842.07 9832.32 9825.51 9825.97 9816.2 9802.68 9790.5 9776.05 9775.09 9779.54 9786.23 9790.84 9793.51 9794.33 9798.78 9783.45 9757.9 9734.81 9711.87 9690.78 9685.92 9677.29 9665.2 9644.42 9620.27
10419.6 10427.6 10439.5 10446.1 10428.4 10416.9 10417.1 10422.2 10426.8 10412.3 10378.5 10348.1 10311.4 10312.2 10316.3 10259.2 10190.8 10155.1 10135 10119.2 10105.2 10092.8 10079.3 10067.8 10047.8 10027.2 10017.1 10006.3 9994.32 9982.23 9966.33 9953.36 9940 9928.8 9915.24 9909.26 9894.79 9881.06 9869.37 9863.78 9853.1 9846.94 9838.38 9828.08 9815.91 9802.05 9796.76 9788.31 9775.03 9757.67 9748.38 9748.32 9756.86 9762.01 9762.31 9756.37 9737.51 9724.29 9721.98 9708.43 9689.58 9667.8 9668.45 9658.93 9645.78 9631.92 9615.48
10441.7 10442.6 10440.2 10439.3 10418.1 10411.4 10410.6 10406.3 10389.1 10380.5 10358.7 10334.3 10310.9 10303.8 10298.6 10267.5 10213.4 10176.8 10156 10139.1 10124.9 10113.8 10107 10103.2 10087.1 10069.9 10050.4 10022.6 9999.18 9982.82 9963.61 9948.92 9935.45 9923.63 9914.69 9906.47 9897.92 9884.65 9873.97 9864.48 9855.62 9849.42 9839.32 9828.52 9814.41 9795.34 9789.68 9782.6 9768.68 9748.18 9734.5 9730.89 9737.94 9741.01 9738.96 9730.6 9716.01 9703.31 9699.44 9694 9684.52 9673.98 9664.25 9653.59 9641.54 9629.89 9617.71
10483.1 10453.5 10423.9 10389.8 10389.4 10394.9 10398.2 10398.6 10391.1 10367.8 10340.9 10330.6 10312.6 10312.8 10311.1 10264 10224.9 10201 10177 10156.9 10142.1 10131 10124.3 10121.2 10102 10092.4 10068.3 10031.1 9996.2 9970.21 9955.86 9942.86 9932.32 9926.41 9922.11 9905.58 9896.36 9886.17 9875.29 9866.18 9860.15 9852.54 9844.28 9832.92 9821.63 9813.21 9797.03 9786.51 9774.27 9755.04 9740.62 9732.56 9731.95 9731.16 9728.01 9720.79 9710.93 9697.02 9694.12 9692.26 9685.05 9676.48 9670.88 9661.28 9650.61 9639.12 9627.18
10484.8 10453.5 10413.5 10372.7 10370.7 10378.5 10383.4 10388.6 10385.2 10360.4 10332.6 10331.5 10323.5 10319.9 10317 10266.8 10243.7 10226.9 10192 10169.7 10156.5 10145.8 10132 10103.5 10103.5 10086.2 10064.6 10031 9996.19 9967.98 9950.1 9937.18 9928.47 9924.4 9913.38 9902.37 9895.49 9885.65 9876.85 9870.34 9862.9 9855.75 9849.86 9839.46 9826.9 9812.3 9804 9794.04 9784.75 9774.77 9753.9 9742.8 9731.59 9728.4 9725.08 9719.03 9711.74 9706.27 9701.74 9699.9 9702.35 9694.69 9682.58 9672.14 9663.42 9653.12 9643.39
10474.6 10444.4 10410.5 10385.1 10373.1 10366.2 10363 10365.3 10364.1 10350.1 10338.1 10323.4 10321.1 10323.6 10312.1 10270.3 10232.7 10206.2 10190.1 10176.2 10164.9 10157.6 10152.2 10151.9 10109.3 10076.5 10057.9 10025.8 9994.93 9966.19 9946.72 9932.89 9923.53 9921.46 9913.3 9901.01 9893.9 9885.29 9878.87 9871.98 9865.25 9861.6 9853.92 9846.56 9838.23 9827.53 9814.35 9800.29 9784.04 9766.58 9753.08 9731.06 9730.24 9729.21 9726.56 9722.51 9716.24 9709.49 9702.55 9702.39 9711.05 9707.68 9694.54 9684.6 9676.84 9669.03 9662.02
10441.7 10419.3 10397.5 10386.8 10370.6 10349.4 10336 10330 10330.6 10328.7 10325.7 10299.7 10288.3 10282.5 10294.2 10250.5 10208.1 10192.4 10182.4 10174.6 10166.6 10160.7 10156.1 10138 10106.7 10077.5 10050.6 10012.5 9984.05 9956.66 9938.33 9925.57 9914.87 9905.85 9900.4 9896.46 9892.04 9887.12 9881.04 9874.21 9871 9864.77 9858.67 9852.55 9846.49 9837.65 9824.54 9808.95 9790.49 9766.92 9746.64 9737.09 9737.01 9735.39 9731.7 9727.22 9723.82 9716.77 9696.67 9699.11 9696.37 9701.97 9701.4 9696.27 9690.01 9684.14 9679.2
10404.2 10382.4 10364.8 10356.4 10343.6 10322.1 10303.9 10283.8 10285.8 10291.6 10287.8 10272 10254.3 10249.6 10252.4 10232.5 10207.2 10183.9 10176.9 10169.1 10161.7 10153.9 10139.8 10116.7 10090.4 10062.4 10027.5 9983.37 9952.88 9936.54 9926.27 9915.59 9905.7 9898.25 9892.09 9891.55 9891.6 9886.29 9882.65 9879.4 9871.99 9864.27 9858.26 9854.8 9851.36 9843.69 9832.63 9820.26 9807.1 9790.16 9766.23 9764.81 9756.23 9745.52 9737.48 9732.22 9727.59 9719.35 9697.83 9702.59 9714.15 9712.39 9709.86 9707.06 9705.15 9700.9 9695.28
10358 10333.5 10317.8 10307.6 10296.4 10287.6 10279 10261.7 10255.2 10262.4 10252.6 10240.1 10222.7 10207.8 10225.2 10216.9 10188 10186.8 10172.4 10159.4 10153.6 10145 10129.9 10098.2 10073.4 10033.8 9975.96 9953.93 9925.24 9921.59 9917.01 9909.57 9898.86 9889.63 9888.79 9889.75 9891.7 9888.58 9884.89 9875.89 9869.11 9862.43 9857.61 9854.22 9854.15 9846.16 9837.43 9830.5 9824.69 9816.69 9802.4 9789.9 9770.33 9754.94 9744.8 9735.2 9724.59 9711.83 9697.28 9704.56 9716.45 9719.79 9721.81 9721.89 9720.09 9716.76 9712.59
10311.9 10280.5 10269.5 10259.2 10246.9 10254.9 10261.1 10262.9 10249.8 10258.2 10258.3 10232.9 10203.3 10195.2 10219.6 10212.5 10180.2 10170.4 10158.1 10146.4 10137.6 10133.7 10125.4 10093.9 10068 10039.4 9999.25 9957.77 9927.83 9924.15 9922.24 9915.94 9903.5 9887.23 9892.88 9895.75 9897.68 9894.58 9888.08 9878.17 9870.58 9862.46 9855.53 9848.06 9844.22 9839.8 9836.72 9834.98 9836.79 9843.52 9828.37 9790.7 9768.43 9761.85 9752.75 9742.62 9727.61 9706.04 9707.55 9713.28 9711.6 9726.65 9733.66 9734.59 9732.72 9730.9 9729.69
