real_craters/C084-300m.grd
DSAA
199 199
-29.68 29.68
-29.68 29.68
8683.0553058409 10974.695843014
[rows 0 to 29 of 199, columns 67 to 133 of 199]
9864.68 9844.39 9828.14 9813.92 9800.12 9788.3 9778.59 9771.9 9766.12 9758.69 9750.92 9738.45 9725.64 9715.62 9707.2 9699.72 9692.84 9687.9 9681.12 9674.29 9667.17 9659.61 9651.62 9642.67 9632.44 9622.87 9617.72 9609.18 9596.87 9586.96 9577.94 9569.53 9562.19 9555.67 9550.31 9545.73 9538.73 9529.78 9521.79 9514.7 9498.62 9480.16 9466.6 9464.02 9461.29 9457.34 9454.13 9450.52 9447.95 9446.46 9446.14 9447.02 9446.93 9442.92 9439.56 9436.7 9435.47 9433.75 9431.4 9432.88 9434.03 9434.81 9435.24 9435.02 9434.82 9433.54 9433
9868.44 9853.98 9837.79 9822.18 9807.43 9794.16 9783.84 9774.56 9764.39 9753.86 9745.66 9736.27 9726.29 9718.26 9710.64 9704.05 9698.13 9691.77 9685.35 9678.82 9672.08 9665.21 9657.51 9650.02 9640.41 9628.8 9614 9603.89 9594.69 9585.21 9575.68 9566.96 9559.49 9552 9544.7 9537.34 9529.09 9521.79 9513.8 9506.11 9491.04 9473.53 9461.13 9464.71 9470.57 9461.21 9451.33 9446.28 9443.34 9441.73 9441.46 9442.07 9441.43 9438.82 9435.89 9433.72 9432.49 9431.4 9431.16 9431.35 9432.04 9432.82 9433.45 9433.68 9433.04 9432.68 9431.4
9866.42 9858.71 9844.15 9827.52 9811.39 9796.94 9785.76 9775.33 9761.8 9749.37 9739.46 9731.57 9725.04 9719.84 9714.35 9708.72 9702.69 9698.2 9692.34 9686.3 9680.12 9673.4 9666.24 9659.18 9649.83 9638.29 9619.26 9603.13 9593.11 9583.05 9573.23 9564.27 9555.42 9546.79 9538.07 9529.82 9521.26 9511.93 9502.01 9490.85 9479.86 9470.22 9462.41 9459.93 9453.98 9446.71 9443.88 9440.44 9437.67 9435.86 9434.95 9435.71 9435.12 9433.14 9431.69 9430.71 9429.75 9429.53 9429.73 9429.86 9430.61 9431.71 9432.54 9432.77 9432.35 9431.89 9430.83
9879.92 9865.62 9849.46 9831.82 9813.83 9797.09 9782.61 9770.79 9758.12 9744.76 9733.54 9725.37 9724.52 9722.89 9719.25 9714.61 9709.44 9703.96 9699.22 9693.5 9687.56 9681.34 9675.8 9668.63 9660.84 9653.42 9637.88 9610.68 9594.25 9581.49 9570.51 9561.19 9551.44 9541.42 9531.18 9521.65 9512.08 9501.34 9490.54 9480 9472.06 9467.73 9465.54 9454.13 9440.8 9438.87 9436.4 9433.79 9431.13 9428.8 9426.76 9425.32 9425.9 9426.67 9427.15 9427.48 9427.51 9427.42 9426.72 9427.51 9430.02 9431.77 9432.58 9432.32 9431.72 9431.02 9430
9883.67 9869.73 9852.87 9834.91 9815.85 9796.01 9776.68 9764.21 9757.22 9749.22 9740.02 9730.86 9729.53 9728.15 9724.47 9720.27 9715.31 9710.93 9705.82 9700.13 9694.69 9688.56 9682.32 9675.86 9670.04 9664.28 9651.6 9616.02 9595.31 9581.13 9569.85 9558.67 9547.6 9536.11 9524.21 9512.46 9501.86 9489.59 9479.85 9472.06 9466.34 9461.44 9458.66 9447.94 9435.6 9432.32 9430.63 9427.91 9425.01 9422.2 9419.41 9416.45 9417.97 9420.91 9422.98 9424.88 9426.33 9427.36 9427.21 9428.24 9431.25 9432.85 9432.92 9432.29 9431.2 9429.91 9426.78
9880.86 9868.49 9854.41 9838.26 9819.13 9797.34 9774.42 9763.21 9761.65 9760.44 9757.08 9748.98 9740.66 9735.08 9729.98 9725.7 9720.52 9715.28 9710.75 9704.74 9699.26 9694.01 9688.1 9681.37 9673.79 9663.83 9643.14 9610.6 9594.82 9582.18 9570.02 9558 9545.49 9532.22 9518.58 9504.01 9486.94 9477.76 9470.83 9462.97 9454.99 9452.39 9448.3 9440.5 9431.5 9427.89 9426.25 9423.59 9420.48 9417.32 9414.32 9412.07 9413.65 9416.84 9420.27 9423.68 9427.19 9429.88 9431.31 9432.43 9435.19 9435.19 9433.75 9432.03 9430.3 9427.45 9425.75
9869.18 9863.32 9856.93 9843.2 9825.58 9805.2 9783.96 9772.6 9769.68 9768.81 9767.32 9759.17 9748.79 9740.41 9734.45 9728.78 9724.36 9719.36 9715.33 9710.24 9706.65 9701.56 9695.45 9687.63 9677.1 9660.88 9636.95 9612.07 9597.66 9584.91 9572.04 9559.08 9545.55 9531.32 9516.27 9500.3 9483.6 9473.86 9466.24 9458.06 9450.67 9446.11 9440.97 9435.05 9430.26 9426.92 9424 9420.64 9417.25 9413.81 9411.07 9409.62 9411.49 9415.01 9419.19 9423.75 9428.53 9433.74 9439.27 9442.82 9441.95 9438.12 9434.48 9431.67 9427.6 9425.31 9423.16
9873.66 9872.47 9865.79 9851.54 9835.05 9818.13 9801.12 9787.71 9778.54 9772.52 9767.67 9760.79 9751.91 9743.62 9736.62 9732.38 9728.88 9724.95 9720.89 9717.07 9713 9709.52 9703.47 9695.23 9683.56 9666.79 9644.34 9622.67 9604.59 9589.69 9575.82 9562.03 9547.2 9532.02 9516.3 9501.81 9489.33 9478.27 9466.57 9457.45 9449.46 9444.33 9438.39 9433.15 9430.2 9427.22 9423.22 9419.15 9415.34 9411.78 9408.93 9408 9410.38 9414 9418.41 9423.39 9428.99 9436 9445.96 9455.95 9446.48 9438.74 9433.58 9430.08 9425.25 9423.25 9421.15
9890.78 9896.16 9877.82 9859.69 9843.7 9830.8 9819.78 9800.69 9784.95 9772.98 9763.44 9757.03 9750.36 9743.53 9737.92 9733.59 9730.26 9728.39 9725.22 9722.08 9718.79 9716.12 9711.07 9703.87 9693.34 9678.85 9656.05 9631.61 9611.46 9596.46 9582 9566.91 9550.78 9534.48 9518.28 9503.59 9492.19 9480.65 9466.9 9458.6 9453.72 9446.45 9439.4 9434.06 9430.25 9427.13 9422.55 9418.44 9414.35 9410.99 9408.35 9407.53 9410.34 9413.85 9418 9422.53 9427.36 9432.98 9440.37 9445.57 9439 9433.77 9429.97 9425.99 9423.54 9421.09 9418.53
9897.81 9903.09 9881.19 9862.16 9846.21 9833.83 9823.26 9804.48 9786.73 9771.78 9758.31 9750.48 9745.6 9741.77 9738.4 9735.62 9733.6 9731.37 9728.72 9726.17 9723.67 9721.43 9718.13 9713.18 9704.52 9688.92 9666.44 9637 9619.36 9606.5 9590.92 9573.73 9556.07 9537.98 9520.58 9503.5 9487.18 9472.91 9464.32 9458.91 9454.52 9447.85 9440.35 9434.15 9429.23 9425.91 9423.07 9417.9 9413.74 9410.89 9409.93 9410.12 9411.65 9414.46 9417.87 9421.16 9424.25 9426.44 9427.07 9422.48 9422.87 9425.02 9424.63 9423.55 9421.78 9418.98 9416.85
9892.57 9884.29 9873.07 9857.78 9842.38 9827.99 9814.14 9800.44 9785.71 9771.13 9757.25 9748.63 9744.29 9740.98 9738.82 9736.34 9735.76 9733.32 9730.98 9728.76 9726.83 9725.59 9724.25 9722.79 9719.12 9706.92 9685.68 9657.75 9638.05 9621.57 9602.32 9581.99 9562.2 9543 9524.03 9505.02 9485.33 9467.49 9463.74 9460.19 9455.94 9449.24 9440.85 9433.19 9426.73 9422.82 9421.06 9416.57 9413.08 9410.49 9410.2 9411.3 9413.26 9416.14 9418.9 9420.94 9421.63 9421.11 9418.6 9412.87 9413.53 9417.32 9418.69 9419.71 9419.27 9418.01 9414.52
9886.6 9873.78 9863.41 9850.79 9836.4 9821.18 9807.62 9796.64 9784.75 9772.19 9760.66 9751.83 9746.26 9742.01 9740.38 9738.29 9737.42 9734.98 9732.45 9730.11 9728.2 9727.06 9726.95 9728.95 9733.4 9732.92 9710.37 9688.74 9667.07 9639.4 9613.5 9590.13 9568.71 9548.46 9529.05 9510.28 9492.24 9477 9470.18 9464.89 9458.44 9450.84 9442.97 9432.91 9426.23 9419.38 9416.26 9415.45 9413.81 9410.57 9407.31 9410.19 9415.16 9418.76 9420.84 9421.58 9420.53 9418.84 9416.49 9412.85 9412.11 9413.55 9415.56 9415.8 9417 9416.03 9414.09
9879.92 9867.54 9856.45 9845.06 9831.99 9817.17 9804.8 9795.82 9785.53 9774.6 9764.37 9755.12 9747.84 9743.92 9742.93 9740.73 9738.62 9735.62 9732.49 9729.2 9726.59 9724.8 9724.06 9726.08 9731.48 9733.18 9716.71 9704.3 9685.48 9649.16 9619.94 9595.4 9573.9 9554.13 9535.47 9518.19 9503.14 9491.34 9481.7 9472.86 9465.42 9457.91 9448.95 9441.02 9429.42 9419.17 9416.07 9417.68 9419.17 9416.59 9407.9 9414.23 9420.89 9423.59 9423.99 9423.18 9421.49 9419.11 9417.27 9414.76 9413.45 9413.07 9412.67 9412.1 9413.19 9413.77 9412.51
9873.52 9862.29 9851.72 9842.32 9831.65 9818.82 9807.76 9798.61 9788.62 9778.13 9767.57 9757.62 9750.08 9747.66 9746.69 9743.9 9740.86 9736.87 9732.73 9727.53 9723.36 9719.64 9716.5 9714.68 9712.15 9707.9 9699.7 9688.1 9670.35 9642.78 9618.85 9597.16 9577.24 9558.9 9541.49 9525.58 9512.52 9504.2 9492.09 9481.02 9473.69 9467.81 9455.09 9443.43 9431.11 9420.46 9417.79 9423.85 9431.86 9436.15 9433.57 9433.35 9433.2 9431.6 9429.21 9426.44 9423.5 9420.56 9419.01 9417.09 9415.71 9413.44 9411.76 9410.37 9409.21 9410.23 9408.71
9873.98 9860.43 9850.2 9843.68 9835.71 9825.88 9814.89 9804.28 9793.83 9783.35 9773.42 9764.27 9759.6 9755.69 9751.82 9748.21 9743.42 9737.33 9731.59 9725.87 9719.84 9713.46 9706.71 9699.54 9690.65 9683.06 9675.45 9661.45 9641.87 9627.89 9612.8 9596.55 9579.9 9563.42 9546.88 9531.36 9517.15 9506.41 9494.78 9486.93 9480.36 9468.49 9462.02 9451.07 9437.99 9424.21 9420.11 9434.16 9449.77 9463.33 9472.52 9458.34 9447.74 9440.45 9434.82 9430.04 9425.89 9422.22 9420.44 9417.7 9415.14 9413.16 9411.27 9409.62 9408.19 9406.46 9409.09
9883.49 9866.44 9854.79 9850.46 9843.6 9834.35 9822.94 9810.97 9799.86 9789.72 9781.34 9774.73 9771.67 9764.96 9757.48 9751.49 9745.01 9738.42 9731.23 9723.63 9715.57 9706.9 9696.85 9685.21 9672.11 9663.69 9655.93 9642.65 9625.14 9617.08 9607.75 9595.76 9582.02 9567.43 9552.45 9537.12 9520.78 9501.93 9492.17 9495.18 9494.25 9488.08 9476.82 9462 9447.76 9436.07 9440.55 9456.17 9467.59 9478.52 9483.89 9470.32 9456.98 9447.28 9439.78 9433.74 9428.87 9424.51 9422.05 9417.96 9413.64 9412.92 9411.5 9409.51 9407.56 9405.22 9405.98
9897.06 9881.3 9869.24 9862.59 9854.61 9843.95 9830.48 9816.85 9804.92 9795.32 9788.19 9783.66 9776.51 9768.52 9761.14 9754.23 9746.37 9738.07 9729.83 9720.78 9710.88 9700.43 9689.04 9674.92 9659.27 9651.18 9645.14 9635.05 9622.53 9614.91 9607.32 9597.37 9585.47 9572.37 9559.26 9545.79 9531.11 9514.29 9505.86 9513.11 9515.2 9515.57 9495.42 9468.12 9447.49 9447.01 9462.73 9481.21 9478.78 9478.9 9476.98 9468.97 9458.84 9450.08 9442.48 9435.98 9430.7 9426.75 9422.78 9419.92 9416.75 9415.16 9412.29 9409.4 9405.98 9403.75 9401.64
9908.37 9897.59 9889.45 9875.18 9864.96 9854.08 9836.07 9820.27 9807.91 9798.68 9792.02 9786.3 9778.63 9770.03 9764.1 9756.55 9747.24 9737.49 9727.57 9717.33 9706.77 9695.18 9683.92 9670.82 9656.76 9648.51 9642.82 9635.43 9626.43 9619.44 9611.33 9601.29 9590.21 9578.18 9567.11 9556.8 9548.28 9543.71 9543.1 9538.65 9534.65 9526.9 9506.87 9477.22 9450.32 9454.31 9471.75 9483.93 9477.38 9471.9 9467.48 9462.77 9456.02 9448.94 9443.65 9437.49 9432.25 9427.78 9424.73 9422.76 9421.75 9417.72 9412.77 9408.06 9404.52 9402.41 9399.72
9914.1 9904.65 9895.03 9880.11 9865.78 9852.6 9834.54 9819.57 9808.02 9799.09 9793.14 9790.93 9785.91 9779.76 9769.73 9759.17 9748.17 9737.07 9725.45 9714.28 9703.15 9692.09 9681.24 9671.23 9661.4 9651.72 9645.39 9640.51 9636.67 9630.15 9618.1 9606.47 9595.78 9585.03 9575.62 9567.59 9563.23 9565.33 9570.82 9558.87 9550.56 9541.53 9524.33 9497.16 9468.63 9463.37 9463.76 9467.33 9465.89 9462.6 9459.32 9456.17 9452.16 9447.4 9442.29 9438.76 9433.81 9429.16 9425.15 9422.81 9420.33 9415.65 9411.64 9408.14 9405.06 9402.95 9400.54
9907.99 9903.39 9897.93 9877.55 9855.61 9838.55 9826.19 9815.39 9805.83 9797.28 9790.25 9784.91 9782.88 9781.66 9772.37 9760.55 9748.35 9735.98 9723.97 9712.19 9700.7 9689.73 9679.66 9670.86 9663.04 9653.92 9647.85 9644.24 9644.6 9638.11 9622.91 9611.63 9601.33 9591.86 9583.26 9576.25 9571.38 9570.63 9571.57 9564.99 9560.89 9558.33 9548.3 9524.05 9502.99 9477.34 9454.19 9454.23 9452.66 9450.61 9450.61 9450.36 9448.83 9446.61 9442.95 9437.69 9433.29 9428.71 9424.23 9420.33 9416.19 9412.02 9409.96 9407.58 9406.3 9404.12 9403.51
9897.51 9899.07 9893.23 9871.93 9843.31 9825.06 9818.04 9811.78 9804.36 9796.05 9786.69 9776.68 9773.64 9781.15 9772.37 9759.39 9746.49 9734.29 9721.7 9709.44 9697.93 9687.04 9676.93 9667.32 9658.79 9653.1 9647.87 9642.97 9637.76 9629.85 9622.67 9615.73 9607.53 9598.74 9590.2 9581.64 9574.48 9568.23 9561.28 9561.85 9564.09 9565.86 9560.64 9544.94 9524.23 9492.97 9456.88 9443.31 9442.42 9442.4 9443.8 9445.94 9446.67 9445.37 9441.33 9438.25 9432.79 9428.61 9423.62 9418.97 9413.24 9408.5 9407.46 9408.25 9407.12 9405.18 9405.31
9897.89 9903.04 9897.88 9874.77 9837.27 9819.06 9815.6 9811.82 9805.68 9797.42 9786.95 9775.06 9768.6 9773.88 9768.16 9757.18 9745 9732.15 9718.67 9706 9694.23 9683.5 9674.46 9666.44 9658.43 9652.8 9647.73 9642.13 9634.41 9624.96 9624.6 9620.96 9614.4 9605.93 9596.17 9585.98 9575.7 9566.14 9558.73 9558.66 9563.46 9568.46 9569.26 9561.9 9547.65 9518.9 9476.04 9448.24 9440.67 9439.19 9442.12 9445.09 9447.15 9446.27 9443.4 9439.41 9434.82 9429.7 9424.25 9419.82 9413.06 9407.64 9407.9 9408.88 9408.43 9407.65 9406.48
9914.5 9920.68 9922.3 9896.24 9847.75 9827.54 9822.46 9817.54 9811.2 9802.85 9792.58 9780.79 9770.51 9768.77 9763.38 9754.66 9743.39 9730.38 9716.29 9702.76 9689.41 9678.49 9670.64 9667.34 9660.57 9653.28 9649.19 9645.76 9642.3 9637.59 9635.19 9629.97 9622.71 9613.74 9603.25 9591.38 9578.44 9565.59 9555.93 9554.26 9561.65 9570.32 9574.39 9575.74 9573.62 9550.41 9500.71 9466.35 9451.71 9444.45 9448.21 9449.58 9450.56 9450.23 9447.02 9442.75 9437.74 9432.53 9426.72 9422.06 9417.14 9414 9410.77 9410.15 9410.78 9410.09 9409.81
9946.89 9944.64 9938.32 9914.06 9873.57 9850.07 9837.68 9828.25 9819.87 9811.9 9802.99 9793.19 9781.4 9771.68 9763 9755.2 9743.37 9729.54 9714.14 9699.18 9685.13 9672.51 9663 9657.33 9654 9651.25 9650.92 9651.53 9653.56 9658.23 9649.19 9641.57 9633.52 9623.43 9611.96 9598.39 9583.68 9567.76 9551.6 9547.96 9561.29 9574.67 9583.9 9584.08 9576.03 9555.09 9517.9 9491.36 9479 9467.35 9464.47 9460.79 9458.94 9455.02 9451.67 9446.59 9440.97 9435.06 9429.2 9424.32 9420.36 9416.21 9412.74 9411.93 9411.4 9413.82 9414.09
9981.86 9965.09 9946.27 9923.18 9896.72 9872.97 9854.91 9841.41 9831.18 9822.86 9815.78 9810.44 9805.7 9789.49 9773.77 9761.58 9746.41 9730.72 9713.72 9697.31 9681.07 9665.98 9653.22 9644.8 9644.43 9648.68 9653.39 9657.67 9660.77 9661.34 9658.05 9653.49 9646.15 9636.13 9623.73 9609.54 9593.52 9576.19 9559.13 9552.82 9565.74 9580.42 9595.33 9588.32 9568.25 9545.37 9533.7 9524.24 9515.16 9501.42 9486.13 9477.55 9471.34 9465.18 9459.06 9452.77 9446.39 9439.72 9433.31 9426.83 9421.17 9416.67 9413.19 9411.84 9413.2 9417.36 9418.89
9998.67 9971.82 9947.03 9926.98 9913.91 9889.33 9868.45 9852.29 9840.7 9832.62 9826.86 9824.38 9824.35 9809.87 9791.26 9770.86 9750.74 9732.43 9714.46 9697.01 9679.4 9661.82 9645.29 9633.31 9638.94 9649.13 9658.45 9666.07 9670.28 9670.08 9669.59 9667.63 9660.99 9650.63 9637.96 9623.34 9607.24 9590.87 9576.13 9569.54 9573.97 9582.43 9588.3 9581.12 9565.53 9549.54 9554.53 9553.15 9533.73 9519.71 9504.54 9493.43 9483.77 9475.66 9468.09 9461.16 9453.86 9446.11 9438.17 9429.97 9422.37 9415.38 9411.72 9412.04 9416.36 9418.51 9423.74
9980.66 9955.06 9938.61 9928.01 9919.39 9894.58 9873.98 9858.26 9846.85 9839.09 9833.75 9830.8 9826.01 9817.02 9801.82 9775.84 9753.9 9735.57 9718.13 9700.69 9682.57 9663.72 9644.95 9632.69 9641.47 9655.15 9667.87 9678.33 9685.98 9689.91 9689.96 9686.5 9678.32 9666.24 9652.76 9638.38 9623.44 9608.78 9595.24 9582.69 9585.02 9584.52 9578.31 9570.93 9568.46 9571.09 9575.95 9578.07 9545.45 9529.97 9517.51 9505.15 9494.54 9484.85 9475.12 9466.67 9458.49 9450.77 9442.45 9433.66 9423.92 9414.18 9411.3 9414.02 9418.4 9420.74 9429.23
9948.98 9928.26 9920.43 9916.27 9903.04 9886.72 9871.57 9858.68 9849.84 9842.63 9837.45 9834.02 9831.55 9818.8 9792.84 9771.43 9754.21 9738.75 9723.58 9707.85 9690.87 9673.05 9655.53 9645.92 9654.18 9667.69 9681.34 9694.33 9705.8 9715.23 9716.95 9708.25 9695.65 9681.41 9667.68 9653.86 9641.22 9629.64 9619.7 9609.99 9604.03 9593.49 9578.91 9568.64 9570.71 9574.17 9584.63 9593.46 9559.44 9540.81 9528.13 9515 9503.62 9493.34 9480.72 9471.6 9463.12 9455.09 9447.23 9439.13 9430.12 9419.9 9416.42 9420.27 9425.67 9433.4 9435.08
9918.81 9902 9898.58 9891.43 9882.74 9874.98 9866.2 9856.37 9848.6 9842.59 9837.4 9831.66 9826.59 9810.4 9778.55 9763.47 9753.57 9743.5 9732.01 9719.04 9704.34 9689.03 9675.56 9669.39 9673.86 9684.59 9696.81 9710.18 9724.53 9738.48 9743.28 9727.5 9710.4 9694.2 9680.5 9667.46 9657.47 9649.05 9644 9642.16 9627.14 9607.33 9589.87 9579.78 9574.86 9575.53 9580.6 9582.52 9562.56 9547.81 9537.94 9526.42 9511.67 9500.94 9488.54 9479.04 9470.44 9462.61 9455.43 9449.37 9442.8 9437.15 9434.64 9434.68 9435.07 9441.12 9441.47
9900.68 9887.69 9884.73 9876.78 9869.52 9864.61 9859.76 9854.46 9847.98 9842.47 9835.37 9826.82 9813.65 9791.84 9768.98 9759.73 9756.7 9752.07 9744.6 9734.68 9722.56 9709.03 9697.4 9692.97 9695.25 9703.39 9713.07 9724.54 9737 9749.02 9752.83 9737.64 9720.33 9703.96 9689.56 9678.73 9669.24 9663.18 9659.31 9658.18 9641.49 9617.12 9597.41 9584.81 9577.32 9574.57 9575.08 9571.05 9563.34 9556.81 9545.9 9533.91 9519.61 9512.29 9500.1 9490.52 9481.77 9473.87 9466.97 9461.45 9457.84 9458.71 9459.26 9451.27 9445.48 9449.32 9447.67
