real_craters/C084-300m.grd
DSAA
199 199
-29.68 29.68
-29.68 29.68
8683.0553058409 10974.695843014
[rows 30 to 59 of 199, columns 67 to 133 of 199]
9902.75 9897.55 9881.27 9866.62 9858.08 9856.02 9853.68 9850.63 9846 9840.74 9834.03 9824.45 9810.22 9789.73 9770.69 9765.36 9767.15 9766.07 9761.34 9754.41 9745.11 9733 9718.03 9715.04 9718.16 9722.43 9728.48 9735.33 9743.49 9750.4 9751.06 9738.99 9723.14 9708.46 9695.5 9684.3 9675.01 9669.3 9663.9 9658.57 9642.5 9618.18 9596.09 9579.66 9576.61 9580.4 9584 9581.89 9579.75 9568.41 9553.59 9540.82 9529.04 9519.62 9510.94 9499.77 9491.18 9483.4 9476.84 9471.37 9467.36 9469.95 9469.6 9460.13 9452.1 9454.17 9452.28
9893.42 9885.19 9873.11 9863.42 9851.33 9849.68 9848.33 9846.63 9843.79 9839.66 9834.34 9826.58 9816.68 9805.42 9789.53 9784.86 9786.45 9785.47 9781.55 9776.45 9770.97 9764.28 9753.1 9746.88 9743.82 9741.44 9741.39 9742.9 9745.43 9746.59 9744.8 9733.37 9720.56 9708.45 9697.2 9686.79 9676.89 9668.6 9661.29 9651.15 9635.3 9613.23 9591 9572.38 9573 9585.27 9596.18 9588.66 9586.35 9572.69 9557.53 9546.56 9535.69 9523.72 9515.18 9508.13 9499.29 9491.36 9485.61 9479.55 9475.02 9471.14 9466.64 9460.22 9455.37 9457.39 9455.88
9864.23 9855.19 9854.3 9856.69 9848.11 9845.29 9844.7 9843.88 9842.44 9839.63 9836.28 9831.25 9826.47 9821.21 9815.96 9814.29 9812.73 9808.34 9802.78 9798.37 9796.12 9797.2 9802.56 9782.27 9767.34 9758.01 9751.98 9748.39 9745.04 9739.71 9731.15 9722.8 9714.42 9705.11 9694.69 9684.98 9675.25 9665.28 9655.17 9642.42 9626.9 9606.48 9586.56 9571.49 9567.4 9571.29 9574.57 9565.76 9566.22 9563.42 9553.75 9546.81 9537.98 9529.73 9523.28 9516.66 9508.09 9499.19 9492.27 9484.48 9477.28 9469.04 9462.92 9457.19 9454.81 9458.43 9458.03
9851.89 9837.99 9838.58 9845.24 9842.43 9842.96 9843.27 9842.95 9842.21 9840.52 9838.33 9836.85 9836.35 9837.14 9845.42 9850.72 9839.88 9829.64 9821.75 9816.49 9813.83 9813.71 9811.79 9798.69 9781.99 9768.93 9759.19 9751.06 9743.2 9733.84 9722.59 9714.05 9707.79 9700.54 9691.35 9681.76 9671.83 9660.66 9648.36 9633.71 9618.34 9598.48 9581.67 9567.88 9558.16 9550.22 9537.33 9531.12 9528.84 9536.18 9542.36 9543.08 9542.03 9535.6 9529.67 9521.58 9513.12 9503.51 9494.63 9484.81 9476.2 9465.85 9458.47 9453.11 9451.86 9451.77 9458.9
9856.64 9844.41 9838.57 9842.72 9842.11 9844.14 9845.29 9845.59 9844.57 9843.41 9842.1 9841.92 9844.46 9852.08 9864.49 9871.22 9856.72 9843.79 9834.28 9827.67 9823.05 9818.96 9812.22 9801.57 9788.03 9774.84 9763.25 9752.29 9742.03 9730.86 9719.34 9710.59 9703.8 9696.38 9688.41 9678.91 9668.55 9656.28 9641.98 9625.39 9604.03 9590.02 9576.06 9563.69 9551.07 9535.86 9524.25 9506.92 9502.98 9520.91 9538.44 9545.07 9543.98 9539.41 9531.31 9523 9514.33 9504.54 9496.03 9486.63 9476.32 9464.02 9453.57 9448.65 9450.96 9454.33 9460.06
9878.6 9869.61 9852.74 9847.5 9848.73 9848.72 9848.88 9847.8 9846.03 9844.7 9843.69 9844.06 9846.49 9851.04 9859.04 9864.41 9858.29 9848.69 9839.7 9831.92 9825.91 9820.36 9812.58 9801.02 9788.57 9776.25 9764.5 9752.95 9741.47 9729.82 9719.15 9710.07 9701.47 9694.74 9687.49 9678.47 9667.16 9654.58 9639.35 9623.06 9601.29 9587.58 9572.22 9556.89 9541.45 9525.99 9509.59 9501.79 9511.6 9535.9 9547.81 9550.52 9547.41 9541.79 9533.03 9524.59 9515.75 9507.49 9498.37 9488.81 9478.73 9466.61 9455.32 9450.57 9453.06 9456.66 9461.21
9883.32 9877.65 9858.15 9852.03 9852.16 9853.64 9852.88 9850.5 9847.29 9844.45 9843.05 9842.73 9843.56 9845.2 9848.33 9853.27 9852.99 9846.86 9838.6 9830.21 9823.28 9816.78 9808.15 9796.33 9785.17 9774.13 9763.31 9752.98 9741.21 9729.71 9715.72 9702.39 9700.36 9695.81 9688.57 9679.41 9667.97 9655.8 9641.13 9627.34 9612.3 9593.04 9572.43 9551.89 9533.8 9527.7 9521.16 9521.02 9538.74 9560.7 9563.12 9556.79 9549.39 9544.69 9537.74 9529 9520.05 9511.84 9502.4 9492.63 9483.72 9474.16 9467.37 9464.28 9460.94 9459.1 9463.93
9869.45 9862.08 9854.16 9855.89 9861.44 9862.71 9858.59 9853.22 9847.77 9843.68 9840.74 9839.37 9839.02 9840.29 9844.37 9848.62 9848.15 9841.52 9832.55 9823.2 9815 9807.37 9798.51 9788.27 9778.59 9769.32 9760.09 9751.24 9741.96 9732.43 9721.17 9708.76 9707.18 9701.72 9692.97 9683.28 9672.16 9659.68 9645.67 9631.65 9617.81 9598.63 9578.14 9557.87 9540.81 9546.15 9552.18 9558.76 9565.73 9570.68 9572.73 9566.27 9556.93 9547.04 9537.25 9528.15 9523.84 9514.62 9505.38 9496.92 9488.6 9480.9 9479.06 9480.76 9466.84 9460.57 9465.43
9858.97 9850.05 9852.74 9860.03 9869.92 9871.4 9860.87 9852.12 9845.41 9840.22 9836.25 9833.9 9832.51 9832.56 9835.68 9843.01 9842.24 9833.4 9822.8 9811.9 9802.16 9791.78 9784.44 9776.91 9769.56 9762.79 9755.31 9748.98 9743.21 9737.61 9733.71 9731.35 9721.2 9709.63 9698.57 9687.82 9676.94 9665.41 9651.87 9636.65 9618.78 9601.76 9589.83 9577.79 9569.18 9579.92 9596.65 9605.74 9602.55 9593.34 9586.53 9572.66 9560.17 9549.1 9540.84 9531.66 9524.2 9515.32 9507.22 9498.45 9490.53 9481.56 9473.98 9466.62 9461.01 9459.93 9467.42
9858.31 9853.01 9857.82 9857.56 9865.02 9867.39 9854.97 9846.32 9839.84 9834.22 9829.69 9826.27 9823.93 9821.69 9822.54 9831.63 9832.24 9821.91 9809.66 9797.22 9785.95 9780.41 9769.94 9763.67 9759.45 9755.07 9750.27 9746.13 9742.51 9740.19 9740.73 9743.56 9729.48 9714.82 9702.8 9692.68 9682.7 9672.36 9660.39 9646.94 9625.91 9609.76 9609.28 9604.84 9607.59 9611.97 9633.67 9677.53 9633.14 9611.76 9591 9574.21 9561.61 9550.72 9541.71 9533.33 9523.39 9514.77 9506.81 9497.48 9490.16 9480.74 9466.57 9447.48 9454.71 9461.07 9470.08
9861.96 9857.29 9853 9842.72 9844.62 9843.32 9841.03 9836.78 9831.93 9826.85 9821.43 9817.82 9813.94 9809.62 9806.77 9812.97 9814.6 9806.69 9794.25 9780.01 9764.93 9751.52 9751.31 9750.12 9748.13 9747.45 9744.88 9742.5 9739.68 9737.97 9737.58 9734.19 9725.3 9713.95 9704.07 9695.59 9687.67 9679.62 9671.62 9664.27 9655.34 9647.71 9635.6 9625.01 9619.13 9614.61 9615.25 9624.31 9619.89 9603.92 9580.71 9568.36 9559.64 9550.61 9541.46 9533.41 9525.27 9517.27 9510.59 9501.76 9494.36 9486.49 9477.83 9471.57 9470.82 9470.32 9475.13
9863.45 9856.09 9837.8 9825.92 9826.68 9824.95 9827.31 9826.88 9823.64 9819.2 9815.1 9809.27 9803.44 9798.42 9794.15 9798.09 9801.1 9791.44 9778.4 9763.9 9747.89 9734.93 9736.94 9739.24 9739.26 9740.54 9739.66 9737.75 9735.26 9732.62 9729.03 9723.66 9715.99 9709.04 9702.86 9697.12 9691.45 9685.98 9681.73 9679.58 9680.85 9682.1 9656.09 9633.65 9617.79 9602.9 9588.74 9590.58 9591.02 9581.87 9565.99 9560.77 9555.48 9549.22 9539.83 9532.67 9527.25 9518.53 9511.7 9504.67 9498.92 9495.6 9492.91 9496.28 9489.02 9480.34 9474.21
9865.5 9852.35 9831.99 9821.73 9820.41 9819.28 9819.98 9820.17 9817.31 9812.57 9807.59 9801.26 9794.6 9787.91 9783.58 9785.25 9787.45 9774.84 9762.67 9751.21 9740.13 9731.47 9731.52 9732.35 9732.82 9733.38 9733.21 9731.51 9730.89 9726.55 9720.2 9710.05 9702.51 9702.23 9701.31 9698.38 9694.18 9690.54 9686.9 9685.89 9687.47 9688.73 9659.19 9630.91 9606.57 9584.24 9566.26 9563.36 9570.03 9566.31 9560.21 9557.94 9554.83 9550.44 9544.22 9537.92 9531.17 9525 9517.25 9511.6 9505.93 9502.33 9499.64 9498.99 9493.35 9485.39 9479.32
9871.97 9851.36 9836.27 9830.02 9823.87 9817.44 9818.86 9817.91 9813.74 9807.62 9802.23 9794.67 9786.94 9778.82 9770.99 9765.06 9760.05 9753.44 9746.37 9740.01 9737.47 9733.73 9728.89 9727.62 9728.12 9728.62 9727.48 9726.63 9726.3 9722.2 9714.81 9703.57 9694.3 9699 9702.62 9700.78 9696.3 9691.07 9686.95 9683.84 9679.76 9667.87 9647.87 9621.19 9593.01 9571.39 9564.44 9567.85 9572.76 9567.01 9561.81 9560.49 9557.7 9553.11 9546.98 9540.58 9534.92 9528.18 9521.8 9515.31 9509.4 9504.52 9500.5 9497.69 9492.18 9485.47 9481.08
9885.81 9866.73 9852.09 9840.88 9833.99 9830.44 9827.39 9821.33 9814.19 9806.22 9798.21 9789.66 9780.67 9771.38 9760.51 9747.65 9737.66 9734.75 9731.63 9727.67 9726.18 9724.95 9723.84 9723.35 9724.15 9725.52 9723.98 9724.27 9723.98 9721.32 9717.15 9709.93 9700.62 9706.38 9707.14 9702.1 9695.86 9689.28 9683.12 9677.51 9670.01 9656.88 9637.82 9612.64 9586.07 9568.42 9574.29 9588.01 9589.07 9578.04 9571.66 9567.75 9563.32 9558.19 9551.78 9545.19 9537.9 9531.04 9523.97 9516.53 9510.14 9504.24 9498.72 9492.97 9486.18 9482.58 9480.06
9903.76 9890.44 9875.69 9854.21 9844.17 9844.11 9838.23 9824.98 9814.09 9803.75 9794.22 9785.27 9775.93 9766.24 9757.71 9751.01 9733.58 9726.45 9722.2 9717.07 9708.22 9711.53 9718.01 9720.79 9722.35 9723.46 9722.84 9723.89 9723.43 9724.18 9725.54 9728.39 9726.07 9724.79 9714.2 9703.19 9693.42 9685.18 9676.66 9669.22 9660.93 9650.6 9631.48 9606.91 9584.3 9572.27 9583.58 9589.5 9591.47 9590.37 9584.93 9576.49 9570.77 9564.09 9556.67 9549.45 9541.81 9533.35 9525.8 9518.02 9510.87 9503.87 9497.65 9489.89 9482.78 9480.33 9478.17
9922.55 9906.72 9896.09 9860.63 9845.18 9845.22 9839.74 9823.41 9811.53 9801.41 9792.05 9783.28 9773.59 9763.6 9753.85 9743.21 9730.09 9723.36 9721.53 9717.32 9708.37 9711.84 9718.13 9720.92 9721.87 9722.24 9722.26 9722.14 9723.4 9725.53 9731.47 9743.91 9764.22 9739.83 9716.25 9700.42 9688.08 9678.41 9668.62 9660.25 9651.06 9638.51 9621.29 9601.5 9583.58 9577.11 9582.97 9585.89 9590.88 9595.35 9594.4 9584.81 9577.13 9569.42 9561.22 9553.31 9545.02 9535.66 9527.65 9520.15 9512.45 9504.65 9497.96 9489.51 9482.66 9479.74 9478.16
9944.4 9928.37 9903.3 9855.42 9835.62 9831.29 9825.3 9815.34 9807.63 9800.49 9792.57 9783.45 9774.25 9763.51 9751.58 9738.85 9727.82 9725.22 9729.48 9731.34 9726.36 9725.92 9725.93 9724.73 9724.34 9721.99 9721.57 9720.66 9720.62 9722.08 9726.63 9734.49 9742.51 9726.33 9705.41 9689.55 9678.32 9667.56 9658.55 9649.83 9640.77 9629.35 9614.02 9595.31 9577.1 9567.07 9566.5 9572.78 9581.41 9590.46 9595.3 9588.08 9580.42 9572.29 9564.91 9556.5 9547.74 9540.82 9532.39 9523.95 9514.13 9505.98 9497.6 9489.77 9482 9479.73 9478.66
9960.82 9946.2 9894.5 9846.28 9828.81 9819.93 9807.02 9808.32 9806.94 9801.41 9794.99 9785.73 9776.71 9765.71 9753.4 9741.64 9735.06 9737.67 9745.44 9754.26 9758.03 9744.98 9735.84 9730.59 9726.27 9723.16 9720.1 9717.5 9715.1 9713.28 9711.99 9710.34 9703.82 9693.43 9682.9 9672.12 9662.8 9652.95 9645.57 9637.17 9628.97 9621.76 9612.83 9586.65 9565.63 9548.88 9546.5 9555.6 9567.53 9577.32 9585.97 9584.07 9581.57 9575.68 9568.62 9560.33 9551.4 9542.27 9533.69 9525.19 9515.71 9507.63 9499.77 9492.73 9486.46 9483.22 9481.46
9964.79 9943.91 9900.82 9868.68 9850.32 9832.49 9812.72 9813.83 9812.4 9806.52 9799.63 9790.87 9782.11 9771.98 9760.62 9748.6 9748.81 9757.25 9762.3 9769.89 9773.41 9754.97 9741.98 9733.89 9727.64 9722.56 9717.23 9712.2 9707.32 9701.7 9694.94 9685.24 9669.39 9660.49 9657.96 9652.08 9645.38 9637.95 9631.16 9622.88 9614.36 9604.62 9589.99 9573.21 9555.33 9539.95 9535.81 9539.7 9544.63 9559.67 9575.66 9583.98 9583.22 9577.17 9569.3 9560.85 9552.57 9544.48 9535.7 9527.3 9519.06 9510.99 9503.37 9496.82 9491.82 9487.58 9485.21
9965.09 9948.72 9929.55 9912.9 9891.95 9864.22 9847.07 9834.79 9824.77 9815.67 9806.94 9798.41 9790.76 9782.66 9774.28 9767.73 9770.7 9779.36 9772.74 9765.79 9760.58 9750.75 9741.72 9733.93 9726.93 9720.8 9714.4 9706.48 9699.08 9690.27 9679.68 9667 9651.8 9642.14 9638.02 9634.46 9629.33 9623.64 9617.36 9608.56 9600 9588.33 9574.68 9561.76 9549.85 9539.15 9534.12 9531.77 9531.4 9545.96 9567.67 9585.3 9583.76 9576.36 9568.72 9560.67 9552.61 9544.94 9537.86 9529.83 9521.26 9513.51 9506.21 9499 9495.01 9490.94 9487.37
9966.76 9955.06 9947.14 9934.77 9912.55 9888.38 9876.72 9856.12 9838.07 9826.18 9816.4 9808.43 9801.58 9795.68 9790.9 9787.9 9788.94 9792.96 9775.8 9752.55 9742.44 9742.33 9738.5 9732.39 9725.51 9718.35 9711.24 9702.38 9692.93 9681 9668.63 9654.04 9638.34 9627.43 9623.4 9620.8 9618.41 9612.6 9606.49 9598.74 9589.26 9577.47 9562.96 9555.55 9549.68 9544.14 9536.3 9532.9 9529.81 9538.46 9555.53 9575.69 9577.76 9571.6 9565.87 9559.22 9552.32 9545.46 9538.45 9531.08 9523.03 9515.69 9508.37 9501.23 9494.56 9489.18 9488.57
9971.69 9962.68 9956.06 9937.66 9908.87 9895.26 9881.11 9863.12 9846.82 9834.79 9825.63 9817.98 9811.49 9807.22 9805.72 9809.71 9816.32 9796.68 9777.13 9756.42 9744 9739.89 9736.26 9731.16 9723.85 9716.3 9708.19 9698.88 9688.1 9675.9 9662.01 9646.4 9629.08 9614.62 9613.96 9611.94 9610.07 9605.06 9599.69 9592.56 9583.56 9573.51 9563.29 9556.5 9552.8 9551.59 9548.91 9543.32 9536.57 9537.64 9547.98 9560.41 9564.81 9563.76 9560.61 9555.83 9550.26 9544.26 9537.83 9531.27 9524.57 9518.38 9511.52 9504.17 9494.73 9488.18 9491.91
9986.08 9978.53 9972.42 9953.97 9923.89 9900.91 9880.07 9862.51 9850.36 9840.86 9833.25 9826.89 9820.99 9816.91 9814.35 9814.35 9811.84 9797.01 9780.25 9764.72 9750.32 9740.33 9737.31 9730.65 9723.27 9715 9706.59 9696.39 9685.16 9672.54 9658.61 9643.71 9627.8 9615.81 9611.86 9608.61 9606.11 9601.43 9596.87 9590.78 9583.2 9574.47 9566.21 9560.09 9557.67 9560.48 9569.38 9559 9545.95 9539.72 9542.16 9544.87 9551.89 9556 9555.06 9551.7 9547.28 9542.26 9538.49 9532.78 9527.3 9521.56 9515.93 9510.58 9505.59 9503.27 9502.19
10010 10002 9995.66 9982.04 9944.45 9909.51 9880.12 9860.46 9853.14 9847.14 9839.59 9833.31 9827.55 9822.5 9817.61 9811.59 9800.32 9795 9781.89 9763.36 9753.89 9744.06 9735.12 9730.92 9722.13 9713.68 9704.83 9694.84 9684.28 9672.08 9659.13 9645.45 9631.85 9619.62 9615.54 9610.22 9606.05 9601.4 9597.65 9592.49 9586.28 9578.79 9569.53 9563.86 9564.79 9569.94 9578.11 9570.38 9558.46 9549.34 9548.28 9549.83 9553.15 9552.58 9550.88 9548.71 9545.57 9541.61 9537.9 9535.05 9529.1 9526.03 9521.54 9518.02 9516.72 9518.39 9511.65
10040.4 10026.2 10012.7 9998.05 9953.89 9915.39 9887.47 9869.59 9861.59 9854.5 9847.02 9839.91 9833.01 9826.63 9820.31 9812.89 9803.16 9795.12 9784.28 9773.52 9760.47 9748.91 9742.79 9734.54 9724.87 9715.98 9706.82 9697.68 9686.23 9675.21 9663.15 9649.88 9638 9631.61 9622.34 9614.52 9609.46 9606.83 9603.75 9599.54 9594.52 9588.66 9581.18 9575.21 9574.68 9577.15 9578.42 9578.05 9574.19 9568.28 9558.66 9555.79 9552.44 9549.95 9547.77 9546.69 9544.81 9541.88 9537.31 9535.36 9530.86 9527.45 9524.02 9521.42 9519.71 9518.64 9513.85
10070 10043.3 10017 9989.01 9945.65 9916.36 9898.38 9885.08 9874.85 9865.65 9857.73 9848.39 9840.03 9831.53 9823.59 9817.29 9812.57 9802.02 9790.49 9780.29 9767.22 9755.07 9748.16 9739.7 9731.3 9721.99 9714.3 9704.67 9693.48 9681.68 9669.22 9655.93 9643.12 9631.12 9622.51 9619.43 9617.61 9615.95 9613.52 9610.71 9607.81 9604.47 9600.72 9596.64 9591.93 9592.99 9597.19 9597.32 9590.11 9578.12 9560.64 9543.4 9543.17 9545.68 9545.2 9544.81 9544.35 9542.25 9539.14 9535.2 9531.73 9529.28 9526.18 9522.94 9519.7 9514.99 9512.09
10077.1 10048.3 10016.6 9975.99 9944.38 9924.92 9912.41 9901.03 9889.97 9879.64 9869.99 9858.13 9846.8 9835.88 9825.58 9817.04 9810.35 9802.27 9792.62 9781.47 9771.09 9760.95 9754.87 9746.89 9739.54 9730.27 9723.48 9713.61 9702.39 9691.45 9679.86 9666.7 9651.97 9631.02 9622.43 9629.26 9631.31 9630.47 9628.44 9626.42 9625.29 9624.32 9623.84 9623.37 9617.88 9619.44 9627.3 9623.15 9603.34 9587.56 9564.73 9546.83 9546.62 9546.65 9545.18 9545.14 9543.46 9541.66 9539.5 9537.44 9534.75 9532.48 9529.43 9525.92 9521.78 9515.98 9513.8
10063 10048.7 10024.7 9993.82 9964.44 9945.28 9933.69 9915.88 9907.88 9895.95 9881.52 9866.86 9852.21 9838.54 9825.73 9813.51 9803.54 9795.33 9788.2 9780.02 9775.07 9767.64 9760.83 9755.8 9748.24 9739.47 9732.63 9723.18 9715.64 9705.41 9694.77 9683.73 9671.97 9656.75 9648.09 9651.55 9650.98 9647.53 9646.02 9644.1 9643.54 9644.32 9646.52 9648.02 9647 9643.48 9642.81 9631.83 9603.8 9579.53 9563.85 9561.54 9556.81 9549.44 9545.78 9545.17 9544.36 9542.9 9541.07 9541.03 9539.04 9536.74 9533.81 9530.38 9526.35 9521.92 9518.94
10063.6 10057.4 10043 10022.2 10001.7 9985.49 9966.16 9950.64 9935.38 9914.83 9893.91 9874.69 9857.12 9840.65 9825.15 9809.32 9793.9 9782.5 9783.91 9781.66 9780.03 9777.86 9773.63 9768.88 9762.48 9754.7 9751.18 9741.98 9731.88 9722.31 9712.32 9704.15 9697.96 9698.18 9701.41 9681.27 9673.2 9667.75 9664.79 9663.03 9662.36 9662.5 9665.86 9675.37 9673.05 9657.52 9640.04 9618.11 9595.2 9568.04 9556.36 9557.57 9552.28 9548.08 9547.34 9548.12 9548.4 9547.29 9546.44 9546.2 9543.94 9541.12 9538.43 9535.6 9533.07 9529.37 9526.27
