real_craters/C085-500m.grd
DSAA
121 121
-29.9075 29.9075
-29.9075 29.9075
8787.039374382 9984.6424779818
[rows 30 to 59 of 121, columns 0 to 66 of 121]
9527.85 9533.95 9537.42 9539.52 9540.15 9537.41 9533.47 9531.13 9534.17 9540.57 9557.49 9595.13 9627.06 9612.86 9576.25 9538.76 9506.42 9479.83 9472.77 9481.6 9498.04 9518 9535.61 9535.73 9533.13 9532.07 9530.38 9525.23 9520.71 9524.32 9535.33 9537.53 9527.89 9526.32 9517.01 9526.92 9540.64 9549.81 9552.55 9554.38 9556.66 9560.31 9564.93 9571.18 9572.67 9570.16 9567.83 9572.73 9577.13 9569.2 9560.9 9557.34 9541.84 9545.02 9540.8 9544.82 9548.98 9550.53 9547.56 9542.95 9546.97 9542.78 9540.87 9540.73 9540.12 9538.51 9536.39
9523.57 9531.01 9535.08 9536.07 9533.8 9530.61 9529.94 9527.92 9534.24 9542.65 9559.25 9593.77 9618.65 9604.78 9570.66 9533.17 9500.51 9475.7 9470.34 9479.38 9493.3 9508.43 9519.77 9523.9 9525.22 9525.83 9524.83 9521.21 9520.8 9526.01 9531.45 9534.82 9535.05 9519.97 9501.24 9522.89 9549.72 9560.17 9560.78 9561.83 9563.96 9566.02 9569.79 9572.84 9573.43 9574.57 9580.61 9593.64 9591.69 9581.14 9569.58 9567.49 9555.9 9549.49 9545.46 9550.25 9555.12 9555.03 9549.17 9544.67 9548 9547.74 9548.29 9544.75 9543.35 9541.85 9540.22
9527.21 9534.32 9536.41 9534.34 9529.93 9524.8 9524.38 9531.69 9540.32 9551.15 9568.55 9592.97 9612.94 9594.62 9563.14 9529.19 9498.95 9476.95 9471.51 9477.48 9487.51 9497.74 9505.64 9511.66 9516.57 9520.68 9523.31 9525.36 9527.09 9527.68 9530.08 9531.47 9529.51 9506.45 9496.69 9521.43 9548.22 9561.4 9564.05 9565.57 9567.36 9569.62 9572.09 9574.61 9578.59 9577.29 9578.61 9601.55 9602.75 9589.66 9582.55 9575.84 9560.66 9552.16 9550.56 9559.42 9566 9571.18 9566.88 9552.12 9551.22 9552.37 9551.16 9548.26 9546.84 9545.4 9544.52
9541.68 9543.96 9541.06 9534.26 9527.34 9520.34 9515.94 9527.8 9542.35 9557.71 9571.11 9583.17 9588.84 9576.5 9554.84 9531.39 9505.97 9479.61 9474.04 9477 9483.61 9489.32 9493.48 9499.45 9509.19 9517.31 9523.09 9527.34 9529.81 9528.75 9529.28 9530.42 9527.63 9510.91 9503.85 9523.9 9546.92 9558.57 9563.58 9566.16 9568.28 9570.19 9572.78 9576.33 9578.88 9581.28 9586.82 9593.19 9594.14 9588.68 9585.83 9583.05 9581.9 9568.76 9569.77 9576.71 9578.41 9580.09 9582.68 9580.8 9567.3 9561.61 9555.98 9552.85 9551.91 9551.17 9550.65
9565.1 9557.69 9548.02 9537.94 9528.02 9517.67 9511.02 9517.25 9536.24 9564.43 9573.38 9567.46 9561.98 9559.14 9545.27 9528.72 9507.78 9478.64 9475.05 9477.64 9482.18 9485.88 9485.57 9491.44 9506.14 9516.48 9523.83 9529.19 9531.84 9528.05 9528.76 9531.58 9531.99 9513.84 9515.88 9531.15 9546.47 9555.28 9561.43 9564.36 9566.87 9568.75 9572.03 9575.95 9581.98 9584.59 9586.6 9587.47 9584.46 9583.02 9583.33 9585.98 9592.27 9608.46 9611.69 9597.62 9591.05 9587.97 9597.13 9607.09 9585.44 9575.58 9567.43 9561.25 9558.75 9557.78 9556.97
9582.62 9569.81 9556.09 9542.53 9529.39 9518.13 9510.23 9512.1 9526.66 9549.06 9566.18 9565.11 9560.96 9551.29 9536.32 9518.94 9502.16 9478.55 9476.88 9479.92 9484.5 9489.73 9494.36 9501.06 9511.22 9518.78 9525.12 9530.37 9534.06 9529.2 9529.14 9533.99 9537.75 9538.26 9537.47 9540.22 9547.03 9552.51 9556.22 9559.81 9563.58 9566.95 9570.67 9574.05 9576.69 9586.04 9592 9585.03 9580.98 9581.7 9583.28 9588.82 9601.19 9621.92 9613.68 9606.92 9601.58 9604.33 9610.1 9616.5 9610.24 9591.6 9577.33 9568.5 9566.95 9565.82 9565.85
9587.37 9575.44 9560.76 9546.16 9532.66 9520.55 9511.62 9511.42 9521.12 9535.87 9569.93 9596.16 9574.92 9551.16 9529.68 9507.22 9485.14 9481.27 9480.24 9483.18 9489.14 9497.47 9508.87 9520.92 9520 9522.16 9525.73 9529.43 9531.43 9528 9527.33 9531.82 9534.31 9534.99 9540.18 9543.82 9547.97 9548.02 9552.24 9556.16 9560.63 9565 9569.62 9573.35 9576.11 9585.65 9589.23 9581.68 9580.17 9584.43 9587.97 9587.02 9600.36 9612.37 9612.02 9612.43 9608.26 9603.74 9621.04 9625.13 9620.16 9606.89 9590.32 9578.67 9578.78 9578.02 9576.5
9585.37 9575.64 9562.62 9549.37 9536.77 9525 9514.8 9512.19 9523.44 9545.09 9573.6 9592.91 9570.17 9547.17 9524.76 9502.69 9484.74 9480.95 9482.12 9486.16 9492.35 9502.3 9513.28 9522.58 9521.92 9522.51 9524.86 9527.43 9528.03 9524.13 9524 9531.34 9533.23 9529.79 9542.61 9540.2 9538.18 9541.4 9546.12 9552.76 9558.82 9564.18 9569.72 9574.66 9579.24 9584.98 9583.43 9573.04 9570.78 9573.05 9574.79 9575.4 9581.37 9595.96 9615 9622.03 9622.59 9625.6 9642.39 9651.85 9637.64 9624.66 9611.56 9604.78 9598.1 9595.11 9592.39
9580.31 9570.22 9560.77 9550.57 9540.48 9531.72 9524.65 9527.38 9546.84 9562.05 9565.26 9565.02 9557.21 9540.79 9520.52 9500.07 9483.5 9480.65 9484.03 9488.77 9494.78 9501.69 9508.58 9513.02 9516.98 9520 9522.71 9525.15 9526.14 9523.55 9524.4 9534.85 9540.13 9525.71 9541.03 9533.8 9529.24 9535.09 9542.03 9549.11 9556.65 9563.01 9569.23 9575.33 9580.51 9581.87 9572.14 9564 9563.5 9564.35 9565.31 9567.27 9572.17 9601.5 9626.44 9634.65 9636.09 9643.7 9651.08 9658.68 9649.95 9645.62 9634.37 9622.74 9619.26 9617.65 9615.84
9556.69 9560.43 9556.42 9549.87 9543.24 9538.21 9536.49 9542.93 9548.89 9556.16 9557.25 9557.78 9552.16 9535.56 9516.62 9498.22 9483.53 9481.39 9485.12 9490.19 9495.58 9500.55 9504.1 9506.94 9511.35 9516.52 9520.56 9523.56 9525.09 9524.08 9524.89 9536.97 9544.44 9538.77 9538.57 9528.47 9524.95 9532.79 9540.91 9548.41 9555.32 9562.52 9568.25 9574.37 9579.61 9578.52 9564.84 9565.62 9565.03 9565.29 9565.19 9563.68 9571.68 9604.61 9628.68 9644.78 9649.3 9652.1 9654.28 9663.83 9678.4 9675.9 9662.95 9645.83 9649.11 9649.04 9642.93
9561.54 9555.08 9550.02 9546.01 9542.85 9541.19 9542.46 9544.96 9551 9558.38 9556.62 9562.87 9549.83 9531.74 9514.07 9497.66 9484.22 9483.53 9487.58 9492.27 9496.65 9500.13 9502.06 9501.86 9507.67 9514.43 9519.22 9522.56 9525.45 9525.84 9523.05 9533.98 9539.75 9526.39 9533.1 9525.97 9527.51 9534 9539.52 9547.86 9554.87 9562.7 9569.11 9574.81 9579.29 9580.22 9576.81 9581.57 9571.74 9563.74 9575.81 9581.43 9595.6 9612.06 9633.52 9670.85 9703.44 9710.45 9711.48 9706.78 9707.73 9707.07 9703.72 9694.49 9694.75 9688.35 9674.31
9552.11 9546.51 9542.28 9540.55 9540.29 9541.14 9545.86 9551.54 9556.26 9559.49 9552.57 9551.16 9540.14 9526.26 9511.25 9497.81 9490.43 9488.62 9491.28 9494.72 9498.5 9501.87 9504.21 9505.97 9510.56 9515.3 9518.54 9520.91 9522.38 9522.61 9523.19 9528.36 9531.13 9518.09 9521.46 9524.68 9530.29 9534.02 9538.71 9546.27 9554.97 9562.74 9569.9 9575.88 9580.38 9583.74 9583.15 9587.95 9587.23 9599.27 9605.98 9629.05 9648.79 9670.04 9708.25 9769.33 9804.84 9788.74 9777.18 9746.55 9727.29 9727.97 9743.62 9751.45 9749.33 9729.1 9703.92
9533.84 9532.47 9532.27 9532.91 9534.76 9537.99 9543.78 9551.56 9557.78 9553.08 9542.05 9533.74 9528.06 9518.57 9506.99 9496.12 9489.6 9492.86 9494.17 9497.17 9500.82 9504.69 9508.35 9512.97 9516.39 9517.8 9519.14 9519.43 9518.36 9516.4 9519.13 9522.27 9522.57 9523 9519.01 9528.68 9530.63 9532.03 9537.87 9544.89 9552.51 9560.99 9567.69 9576.43 9581.47 9585.5 9586.95 9589.88 9596.68 9609.79 9630.37 9663.07 9708.45 9749.37 9803.92 9856.02 9796.52 9751.22 9741.04 9714.37 9721.53 9765.45 9754.2 9780.5 9788.15 9751.38 9723.29
9527.38 9523.51 9522.7 9524.54 9527.47 9531.19 9537.21 9545.24 9555.12 9543.47 9527.76 9521.49 9518.95 9512.15 9503.53 9494.74 9490.23 9494.42 9495.39 9498.99 9503.01 9507.87 9512.23 9516.41 9518.87 9520.21 9520.06 9519.02 9516.78 9514.23 9509.21 9517.01 9529.18 9529.94 9527 9528.02 9523.58 9529.2 9536.62 9544.89 9551.99 9560.47 9567.77 9576.74 9584.32 9587.59 9589.28 9592.1 9595.3 9611.13 9654.29 9691.89 9738.81 9780.13 9808.9 9696.94 9568.04 9557.28 9572.97 9582.57 9606.65 9645.03 9656.65 9727.31 9765.11 9723.57 9714.67
9519.14 9513.09 9513.15 9515.02 9518.22 9522.14 9525.57 9528.43 9530.55 9529.14 9526.66 9520.21 9515.78 9510.39 9502.71 9494.96 9491.58 9491.42 9495.14 9500.31 9505.69 9510.96 9516.12 9520.55 9523.31 9523.46 9521.63 9519.72 9517.55 9516.86 9509.05 9520.57 9541.35 9531.67 9528.55 9531.52 9519.68 9527.66 9537.04 9546.05 9553.97 9561.22 9570.44 9578.51 9589.1 9594.25 9595.67 9597.46 9602.76 9633.8 9700.11 9760.87 9745.62 9712.94 9657.31 9502.79 9384.82 9376.48 9369.06 9412.99 9422.12 9401.59 9465.9 9534.31 9577.84 9619.3 9672.99
9508.25 9501.59 9505.27 9508.89 9510.84 9512.91 9515.29 9516.74 9520.72 9523.89 9529.38 9523.82 9518.69 9513.22 9506 9497.35 9493.64 9493 9496.42 9502.18 9508.16 9513.92 9519.41 9525 9530.26 9526.32 9523.23 9520.55 9517.72 9515.29 9517.49 9531.36 9543.86 9531.89 9535.78 9544.63 9524.64 9527.15 9536.24 9540.7 9548.84 9555.35 9565.86 9575.08 9586.72 9598.23 9598.5 9606.9 9622.38 9672.33 9749.3 9771.22 9701.87 9600.03 9476.69 9364.2 9313.99 9307.42 9297.88 9287.32 9275.26 9268.19 9296.28 9336.43 9379.78 9480.09 9595.08
9509.32 9504.03 9502.49 9503.21 9504.01 9505.27 9507.92 9511.53 9514.47 9521.14 9523.26 9522.9 9521.5 9518.84 9513.8 9505.01 9500.63 9497.33 9499.73 9505.44 9512.32 9517.41 9521.46 9524.51 9525.42 9525.16 9523.97 9522.3 9520.62 9519.82 9527.94 9540.63 9541.76 9534.48 9539.41 9545.18 9532.93 9533.28 9537.31 9545.17 9550.53 9555.54 9563.16 9566.34 9571.15 9585.81 9602.06 9638.87 9668.92 9726.54 9784.9 9741.92 9617.69 9489.3 9356.89 9297.82 9275.22 9264.2 9238.28 9183.86 9162.33 9157.07 9173.31 9194.58 9230.27 9342.52 9478.76
9508.14 9501.74 9499.73 9499.36 9499.64 9499.85 9500.94 9505.53 9508.79 9513.5 9518.77 9522.4 9524.67 9526.2 9525.09 9523.26 9517.04 9506.09 9507.83 9516.94 9522.2 9522.37 9523.44 9523.8 9523.99 9523.09 9523.01 9523.84 9524.01 9527.43 9534.52 9546.49 9548.88 9541.88 9563.29 9555.63 9547.54 9542.93 9544.5 9546.56 9550.95 9554.65 9561.62 9566.68 9575.95 9607.81 9652.01 9722.19 9769.58 9776.9 9737.27 9620.56 9500.88 9389.95 9286.7 9260.11 9216.18 9108.35 9071.17 9062.86 9061.42 9070.15 9080.78 9101.79 9131.12 9226.2 9337.8
9505.68 9501.45 9498.31 9496.39 9495.26 9494.33 9494.68 9498.06 9500.77 9507.75 9513.79 9520.28 9525.9 9530.91 9537.21 9544.52 9537.05 9529.19 9531.02 9533.38 9532.3 9530.19 9528.29 9524.35 9520.25 9520.52 9522.87 9526.98 9529.29 9529.05 9528.14 9540.81 9559.96 9547.33 9568.29 9566.74 9562.18 9553.6 9548.26 9549.56 9553.01 9559.3 9570.26 9583.38 9608.35 9676.55 9759.29 9840.61 9890.42 9781.27 9621.76 9458.4 9368.2 9287.61 9220.26 9160.6 9078.51 8938.18 8919.19 8949.44 8972.6 8996.61 9028.7 9043.12 9080.67 9140.91 9206.51
9504.62 9502.64 9499.7 9496.33 9494.58 9492.03 9489.19 9486.08 9491.76 9502.67 9507.56 9516.34 9521.85 9529.42 9535.1 9530.6 9542.86 9556.1 9563 9552.13 9544.72 9536.74 9529.95 9524.31 9520 9519.6 9523.31 9527.7 9533.85 9542.68 9547.2 9536.07 9548.58 9552.19 9566.01 9565.35 9565.2 9557.86 9553.59 9552.02 9555.38 9565.13 9580.15 9608.58 9661.37 9764.3 9880.05 9913.08 9916.84 9692.69 9450.38 9324.63 9245.81 9177.61 9114.77 9023.36 8929.12 8855.58 8848.37 8877.48 8904.88 8929.09 8947.59 8990.03 9043.28 9079.37 9106.43
9501.4 9505.33 9498.75 9494.99 9493.44 9492.09 9488.55 9482.58 9484.43 9494.58 9504.97 9513.09 9521.98 9526.65 9534.94 9544.08 9546.97 9561.14 9565.45 9564.01 9553.47 9543.2 9533.84 9525.68 9520.37 9519.92 9523.18 9529.11 9537.89 9546.73 9549.7 9541.36 9546.61 9553.74 9572.43 9565.6 9565.75 9562.08 9561.25 9562.57 9565.31 9575.55 9598.53 9639.04 9715.99 9857.82 9960.83 9879.13 9779.12 9545.34 9306.86 9209.55 9144.63 9082.17 9009.35 8918.83 8866.13 8835.76 8827.93 8841.42 8862.59 8880.6 8905.28 8940.97 8983.69 9013.31 9033.15
9491.48 9497.27 9491.78 9490.44 9493.41 9495.49 9494.59 9487.52 9482.41 9490.28 9500.91 9509.83 9515.41 9521.1 9527.87 9535.64 9549.93 9569.62 9586.29 9572.94 9557.41 9544.88 9534.45 9526.68 9520.8 9520.05 9524.1 9530.91 9538.96 9546.63 9545.77 9543.3 9554.27 9561.69 9575.2 9567.9 9560.6 9564.73 9566.09 9569.56 9576.63 9593.43 9623.13 9679.96 9794.09 9948.6 9969.47 9760.08 9617.49 9397.15 9202.48 9131.4 9075.66 9021.09 8964.58 8908.76 8848.06 8830.04 8823.32 8825.41 8837.23 8851.09 8870.98 8901.29 8935.5 8963.59 8985.69
9476.28 9466.58 9469.42 9484.29 9494.62 9502.32 9508.46 9507.95 9489.1 9484.6 9498.96 9505.79 9512.09 9513.37 9517.52 9524.29 9543.22 9564.36 9581.2 9568.76 9554.12 9542.9 9533.42 9525.84 9520.59 9519.22 9524.45 9531.35 9538.92 9548.5 9556.67 9554.94 9558.6 9571.23 9577.15 9574.31 9575.09 9573.42 9572.7 9576.34 9588.97 9605.96 9637.28 9699.93 9852.47 9981.2 9876.3 9617.88 9491.63 9291.47 9146.75 9086.19 9035.01 8986.27 8935.04 8884.72 8844.05 8825.73 8818.65 8819.53 8825.51 8835.29 8850.81 8873.95 8903.74 8932.05 8953.01
9470.34 9461.21 9471.26 9486.7 9498.42 9508.78 9518.78 9525.84 9495.94 9481.54 9492.15 9500 9506.42 9512.35 9516.33 9523.24 9533.51 9544.36 9547.38 9548.17 9543.97 9537.88 9531.6 9525.07 9520.26 9519.57 9524.01 9531.13 9538.85 9546.84 9551.71 9543.62 9552.59 9571.84 9579.63 9581.01 9584.82 9579.83 9578.49 9586.22 9598.61 9618.14 9645.39 9691.69 9842.44 9949.67 9783.77 9516.79 9405.97 9231.3 9119.8 9060.48 9009.66 8961.76 8915.85 8872.71 8835.27 8819.47 8813.53 8812.84 8815.45 8821.94 8832.1 8850.91 8880.59 8909.99 8932.97
9476.48 9487.75 9493.96 9494.79 9502.72 9511.62 9517.35 9511.68 9493.11 9481.11 9486.76 9494.85 9502.18 9508.67 9513.75 9519.07 9523.95 9527.27 9525.22 9530.7 9533.67 9532.36 9528.76 9524.8 9520.41 9517.68 9524.53 9531.86 9538.77 9543.72 9542.98 9540.25 9567.16 9572.81 9580.85 9584.36 9576.79 9576.28 9580.4 9590.91 9605.98 9627.55 9660 9708.06 9801.68 9860.6 9688.87 9457.89 9350.39 9188.12 9104.02 9044.11 8991.76 8944.77 8902.77 8860.92 8830.77 8814.76 8807.62 8806.59 8808.86 8813.58 8820.8 8836.83 8865.94 8896.12 8923.54
9477.5 9484.35 9489.46 9495.7 9503.59 9511.5 9516.35 9510.42 9490.66 9482.35 9484.62 9490.39 9496.83 9503.05 9507.76 9510.48 9515.51 9518.72 9520.89 9524.62 9527.99 9529.1 9528.05 9525.55 9523.62 9524.61 9528.21 9534.26 9540.38 9545.03 9547.25 9552.42 9564.72 9568.24 9588.84 9573.13 9573.94 9576.5 9583.57 9595.69 9612.73 9637.62 9674.83 9743.17 9805.18 9789.87 9607.48 9414.72 9305.31 9150.39 9081.62 9024.3 8974.68 8931.52 8891.92 8854.91 8827.81 8807.82 8802.5 8802.24 8804.83 8809.39 8817.02 8830.7 8859.13 8890.18 8918.31
9475.63 9480.24 9485.47 9492.4 9500.85 9509.39 9514.49 9507.21 9489.26 9484.03 9484.26 9488.54 9493.98 9498.9 9501.05 9505.44 9511.05 9515.56 9518.33 9523.15 9527.83 9529.83 9529.44 9528.42 9527.34 9528.26 9531.57 9536.79 9543.39 9550.21 9559.17 9570.4 9575.99 9560.6 9576.08 9577.68 9570.63 9576.31 9583.59 9596.51 9614.58 9639.12 9674.68 9728.76 9819.84 9792.09 9576.35 9397.11 9272.84 9116.17 9053.12 9001.27 8959.32 8920.48 8886.24 8847.58 8815.33 8802.16 8796.94 8797.61 8800.68 8806.66 8817.46 8835.11 8854.4 8878.39 8904.66
9472.33 9476.06 9480.13 9488.06 9496.62 9504.9 9512.18 9505.93 9488.38 9483.65 9484.24 9486.92 9491.34 9495.68 9498.31 9501.83 9508.89 9515.83 9523.2 9529.4 9531.4 9532.7 9532.33 9531.13 9529.77 9528.88 9532.29 9539.5 9546.06 9552.97 9562.6 9568.79 9576.85 9559.74 9563.17 9569.43 9566.62 9574.03 9581.88 9594.66 9614.71 9639.62 9673.95 9732.64 9832.38 9803.82 9565.78 9406.28 9244.05 9102.62 9021.31 8981.07 8944.95 8911.71 8875.27 8832.4 8799.97 8792.91 8790.98 8793 8796.6 8802.73 8813.44 8830.18 8842.77 8861 8892.93
9469.96 9473.59 9478.08 9484.71 9492.14 9498.18 9501.52 9498.84 9490.88 9480.94 9482.27 9485.22 9489.1 9492.87 9493.49 9500.5 9508.5 9518.09 9527.61 9534.49 9537.57 9537.43 9536.31 9535.37 9534.35 9532.27 9536.39 9543.07 9548.38 9552.61 9555.56 9557.9 9559.74 9566.27 9565.97 9562.05 9564.23 9570.7 9580.18 9594.41 9615.36 9641.64 9679.64 9755.26 9866.5 9794.62 9524.2 9359.13 9204.21 9078.12 9005.69 8966.69 8936 8907.2 8874.33 8827.35 8794.13 8788.71 8788.1 8789.86 8792.9 8797.43 8803.63 8810.35 8823.95 8844.89 8882.43
9468.19 9472.74 9477.36 9483.16 9488.38 9491.77 9491.37 9490.87 9489.27 9482.6 9481.77 9483.85 9486.95 9490.88 9494.15 9500.17 9510.06 9521.11 9532.98 9542.16 9544.07 9543.22 9541.48 9540.37 9540.53 9542.87 9547.05 9548.68 9551.33 9553.47 9551.49 9550.18 9551.1 9581.14 9577.69 9562.42 9558.62 9563.02 9575.53 9592.74 9613.81 9642.91 9688.75 9779.24 9881.84 9773.32 9479.45 9329.34 9173.12 9082.67 9004.23 8959.14 8930.25 8905.06 8878.55 8833.05 8792.98 8787.55 8787.04 8788.48 8790.98 8793.59 8797.01 8801.73 8814.84 8838.57 8871.91
