real_craters/C085-750m.grd
DSAA
81 81
-29.9075 29.9075
-29.9075 29.9075
8787.9145119816 9974.5849043703
[rows 39 to 77 of 81, columns 0 to 80 of 81]
9469 9475 9484 9493 9496 9494 9482 9483 9488 9493 9500 9514 9530 9540 9540 9538 9537 9539 9546 9551 9553 9553 9575 9567 9562 9572 9594 9627 9685 9829 9782 9381 9189 9036 8963 8920 8877 8807 8788 8788 8791 8797 8805 8829 8878 8941 8987 9066 9278 9517 9733 9866 9771 9730 9739 9796 9848 9797 9718 9667 9664 9652 9641 9638 9639 9645 9643 9632 9618 9605 9593 9584 9570 9600 9620 9617 9611 9608 9608 9614 9622
9466 9476 9483 9487 9488 9481 9479 9481 9484 9485 9499 9517 9537 9550 9548 9546 9545 9551 9552 9555 9558 9549 9581 9577 9557 9567 9593 9626 9690 9859 9758 9398 9151 9020 8953 8910 8876 8825 8790 8789 8791 8794 8799 8822 8868 8930 8985 9075 9284 9522 9746 9900 9825 9735 9742 9790 9846 9795 9722 9668 9652 9647 9647 9645 9640 9640 9638 9630 9620 9609 9598 9585 9571 9613 9637 9633 9631 9633 9627 9628 9643
9462 9472 9479 9483 9485 9474 9475 9480 9484 9486 9500 9520 9538 9548 9551 9549 9547 9547 9547 9552 9558 9550 9570 9579 9563 9586 9597 9622 9681 9831 9701 9385 9147 9013 8947 8893 8848 8814 8794 8792 8793 8797 8806 8827 8868 8924 8988 9095 9306 9551 9771 9942 9953 9739 9742 9777 9799 9770 9715 9664 9646 9656 9649 9642 9639 9639 9638 9632 9622 9611 9603 9597 9587 9610 9635 9639 9637 9635 9625 9628 9642
9459 9466 9472 9476 9476 9473 9479 9485 9489 9493 9505 9524 9540 9550 9554 9551 9545 9536 9536 9541 9549 9570 9563 9579 9580 9593 9596 9611 9659 9809 9638 9402 9166 9039 8956 8880 8825 8799 8791 8792 8797 8805 8816 8834 8866 8911 8985 9118 9338 9582 9796 9938 9896 9743 9788 9796 9771 9743 9712 9675 9655 9651 9647 9639 9634 9642 9640 9632 9623 9615 9607 9602 9601 9615 9633 9639 9636 9627 9622 9630 9633
9458 9461 9464 9472 9476 9477 9482 9487 9489 9493 9508 9528 9547 9560 9562 9555 9545 9533 9530 9537 9549 9562 9557 9594 9591 9583 9584 9596 9655 9802 9627 9441 9211 9078 8976 8880 8815 8798 8792 8794 8804 8816 8828 8844 8875 8918 8993 9152 9376 9607 9816 9961 9877 9753 9836 9819 9775 9737 9707 9678 9659 9649 9645 9641 9638 9654 9641 9633 9626 9619 9613 9609 9608 9622 9637 9641 9641 9632 9630 9633 9629
9462 9462 9466 9469 9475 9478 9481 9485 9485 9491 9508 9530 9551 9570 9568 9559 9548 9538 9534 9532 9541 9554 9556 9614 9582 9576 9574 9582 9618 9797 9682 9555 9264 9121 9013 8911 8834 8800 8793 8798 8813 8826 8841 8856 8892 8943 9035 9215 9421 9630 9821 9949 9783 9760 9807 9808 9775 9735 9697 9672 9659 9652 9647 9647 9647 9635 9635 9632 9628 9624 9619 9616 9611 9621 9637 9646 9654 9662 9658 9633 9626
9469 9467 9465 9472 9476 9478 9481 9483 9483 9491 9508 9529 9548 9562 9566 9560 9552 9544 9538 9533 9538 9551 9567 9601 9580 9570 9572 9582 9599 9699 9777 9673 9386 9188 9072 8959 8872 8827 8805 8814 8826 8847 8863 8890 8937 9028 9155 9314 9484 9646 9796 9900 9725 9724 9785 9788 9770 9737 9697 9672 9656 9650 9649 9652 9649 9635 9634 9634 9633 9630 9626 9621 9619 9628 9640 9652 9661 9672 9664 9633 9628
9479 9476 9476 9477 9477 9477 9480 9482 9484 9491 9505 9523 9542 9559 9564 9556 9551 9549 9545 9533 9542 9560 9576 9594 9586 9566 9571 9590 9592 9614 9727 9703 9483 9291 9176 9071 8968 8905 8869 8835 8856 8889 8913 8934 9018 9149 9304 9440 9559 9660 9742 9761 9706 9735 9751 9767 9769 9747 9697 9669 9655 9649 9648 9649 9654 9648 9642 9641 9640 9637 9635 9633 9632 9641 9648 9653 9657 9659 9643 9628 9632
9493 9488 9482 9481 9472 9475 9478 9481 9482 9490 9502 9516 9531 9550 9554 9547 9549 9552 9550 9544 9551 9569 9596 9596 9602 9584 9581 9603 9618 9604 9638 9729 9655 9413 9316 9238 9141 9047 8951 8883 8919 8965 9003 9039 9143 9298 9490 9582 9639 9683 9714 9724 9710 9714 9720 9747 9767 9772 9702 9668 9655 9651 9649 9648 9650 9654 9652 9648 9646 9645 9645 9648 9654 9656 9654 9654 9652 9643 9626 9633 9642
9510 9500 9495 9487 9472 9472 9477 9482 9483 9490 9499 9509 9516 9518 9520 9532 9543 9555 9566 9555 9562 9574 9576 9595 9599 9613 9612 9624 9623 9617 9611 9692 9675 9534 9442 9379 9342 9227 9115 9039 9045 9074 9117 9191 9271 9467 9676 9712 9710 9707 9702 9706 9705 9695 9705 9731 9750 9754 9696 9661 9659 9656 9652 9650 9647 9653 9655 9653 9651 9650 9651 9657 9677 9664 9657 9655 9652 9649 9654 9656 9655
9524 9514 9501 9497 9478 9473 9478 9483 9486 9493 9500 9505 9504 9503 9506 9519 9535 9551 9566 9563 9551 9558 9569 9568 9576 9608 9634 9648 9635 9625 9615 9661 9688 9641 9540 9464 9458 9373 9299 9241 9203 9201 9218 9257 9411 9656 9838 9795 9748 9717 9690 9672 9682 9695 9707 9723 9732 9714 9679 9663 9662 9661 9658 9656 9655 9656 9657 9659 9658 9654 9651 9648 9641 9649 9652 9654 9654 9654 9656 9655 9660
9544 9537 9521 9515 9481 9476 9482 9486 9490 9499 9503 9504 9503 9502 9503 9514 9527 9538 9544 9544 9535 9546 9574 9564 9557 9600 9624 9632 9625 9624 9631 9639 9667 9676 9618 9540 9475 9462 9452 9413 9353 9333 9334 9392 9572 9840 9871 9810 9757 9719 9690 9678 9679 9694 9708 9719 9724 9714 9679 9671 9672 9668 9664 9663 9665 9668 9668 9665 9661 9656 9649 9639 9632 9640 9652 9654 9656 9657 9656 9652 9661
9575 9567 9547 9502 9485 9484 9490 9497 9507 9507 9509 9509 9509 9508 9506 9515 9523 9527 9526 9526 9544 9551 9558 9575 9562 9592 9628 9634 9616 9619 9626 9628 9650 9671 9672 9616 9533 9545 9547 9520 9491 9476 9478 9557 9733 9741 9763 9756 9732 9697 9674 9664 9669 9685 9703 9715 9721 9715 9676 9677 9681 9678 9673 9671 9689 9682 9684 9674 9669 9663 9655 9643 9634 9637 9644 9652 9658 9662 9663 9661 9666
9586 9597 9600 9510 9500 9495 9497 9502 9505 9512 9515 9516 9517 9518 9522 9522 9523 9523 9523 9525 9553 9552 9546 9557 9584 9568 9610 9606 9611 9625 9632 9629 9646 9671 9697 9693 9659 9642 9637 9635 9620 9604 9632 9694 9695 9732 9721 9711 9696 9676 9655 9652 9662 9685 9701 9714 9719 9705 9676 9680 9686 9686 9685 9689 9692 9684 9679 9681 9676 9668 9664 9663 9655 9647 9646 9654 9662 9667 9672 9668 9671
9590 9610 9612 9529 9502 9506 9508 9512 9516 9521 9524 9525 9525 9525 9526 9526 9526 9525 9526 9537 9546 9548 9541 9534 9590 9548 9572 9597 9601 9622 9624 9633 9633 9645 9679 9749 9752 9709 9705 9729 9696 9666 9661 9647 9660 9677 9696 9685 9671 9657 9647 9651 9665 9679 9703 9716 9722 9714 9686 9690 9695 9698 9701 9711 9696 9695 9704 9698 9686 9676 9667 9660 9659 9654 9656 9667 9671 9672 9670 9672 9676
9591 9611 9616 9561 9545 9528 9521 9518 9525 9534 9534 9532 9532 9531 9530 9531 9532 9531 9529 9542 9554 9554 9549 9548 9479 9542 9569 9586 9588 9600 9609 9614 9611 9607 9642 9707 9725 9707 9697 9692 9692 9668 9648 9640 9638 9651 9669 9666 9660 9653 9648 9659 9674 9689 9708 9722 9730 9725 9703 9710 9716 9709 9701 9704 9716 9713 9714 9703 9692 9682 9671 9658 9658 9672 9667 9672 9683 9680 9672 9674 9679
9583 9605 9617 9584 9572 9550 9532 9525 9531 9542 9540 9538 9536 9536 9538 9540 9541 9541 9542 9543 9566 9565 9561 9570 9553 9563 9587 9588 9588 9597 9594 9601 9596 9593 9612 9640 9660 9663 9655 9645 9662 9641 9614 9606 9620 9628 9636 9644 9647 9650 9662 9671 9695 9707 9720 9729 9735 9731 9711 9725 9731 9721 9712 9712 9708 9702 9698 9697 9695 9694 9687 9673 9669 9657 9655 9694 9704 9690 9678 9683 9682
9576 9597 9615 9614 9591 9560 9538 9527 9533 9540 9541 9540 9538 9537 9538 9541 9549 9556 9554 9560 9572 9575 9573 9582 9541 9547 9616 9578 9581 9584 9586 9592 9580 9572 9571 9584 9605 9614 9611 9601 9616 9609 9610 9616 9608 9609 9615 9630 9638 9646 9657 9662 9689 9721 9732 9731 9729 9723 9725 9741 9741 9729 9718 9712 9706 9697 9693 9694 9701 9708 9710 9712 9697 9685 9657 9683 9722 9698 9679 9682 9686
9570 9590 9616 9649 9590 9555 9537 9529 9534 9540 9543 9542 9540 9537 9535 9537 9554 9574 9583 9560 9582 9582 9578 9581 9545 9496 9531 9594 9583 9583 9566 9562 9559 9554 9550 9555 9571 9583 9587 9583 9582 9580 9575 9605 9618 9625 9632 9630 9631 9637 9648 9663 9686 9716 9731 9728 9725 9724 9735 9754 9747 9732 9723 9717 9711 9703 9705 9702 9713 9714 9718 9722 9718 9710 9681 9666 9728 9704 9685 9685 9689
9565 9585 9612 9592 9545 9545 9536 9533 9538 9544 9547 9544 9540 9537 9536 9539 9555 9569 9566 9554 9587 9585 9575 9565 9557 9521 9570 9559 9550 9544 9537 9539 9543 9541 9542 9545 9557 9569 9578 9582 9580 9568 9566 9558 9596 9616 9625 9627 9624 9622 9629 9654 9685 9701 9711 9714 9711 9709 9736 9740 9732 9727 9722 9717 9729 9735 9760 9770 9723 9715 9726 9735 9735 9732 9721 9731 9734 9708 9692 9693 9694
9568 9580 9591 9591 9565 9546 9537 9536 9542 9549 9550 9546 9542 9539 9539 9542 9552 9558 9545 9529 9591 9580 9567 9559 9545 9526 9531 9527 9528 9530 9531 9535 9536 9535 9539 9541 9552 9566 9578 9586 9581 9567 9567 9568 9572 9590 9614 9621 9616 9609 9610 9623 9641 9662 9675 9702 9717 9684 9702 9710 9720 9723 9726 9725 9712 9738 9673 9663 9655 9684 9723 9753 9746 9738 9734 9743 9739 9716 9702 9701 9695
9578 9584 9585 9581 9566 9552 9538 9534 9539 9547 9547 9544 9541 9539 9539 9544 9546 9553 9539 9526 9559 9560 9550 9533 9528 9529 9527 9526 9527 9529 9529 9533 9534 9535 9537 9538 9551 9565 9579 9592 9594 9577 9568 9563 9571 9584 9604 9616 9609 9601 9600 9611 9628 9644 9661 9694 9714 9685 9699 9721 9725 9731 9746 9736 9614 9442 9418 9410 9538 9638 9713 9752 9756 9742 9735 9751 9749 9720 9708 9709 9704
9586 9595 9582 9580 9568 9560 9549 9536 9534 9535 9540 9540 9538 9536 9534 9532 9533 9530 9527 9526 9535 9541 9537 9529 9526 9533 9526 9525 9528 9531 9532 9533 9534 9534 9536 9540 9551 9564 9577 9590 9601 9598 9577 9574 9583 9586 9590 9607 9603 9596 9598 9608 9623 9640 9663 9685 9705 9705 9715 9725 9734 9756 9800 9757 9566 9362 9314 9368 9492 9621 9727 9777 9777 9754 9736 9755 9749 9724 9712 9707 9699
9586 9598 9589 9575 9566 9573 9569 9541 9534 9534 9537 9537 9535 9531 9528 9524 9522 9521 9521 9522 9526 9530 9529 9527 9526 9530 9527 9528 9529 9531 9533 9534 9535 9537 9536 9542 9552 9563 9574 9581 9581 9585 9597 9597 9605 9598 9598 9596 9599 9599 9602 9614 9627 9636 9643 9671 9700 9718 9728 9716 9738 9767 9821 9759 9578 9397 9341 9400 9505 9640 9762 9814 9804 9782 9772 9774 9769 9737 9718 9704 9688
9583 9598 9594 9578 9568 9587 9583 9562 9543 9530 9533 9534 9532 9528 9524 9519 9517 9519 9520 9522 9523 9525 9526 9526 9527 9527 9530 9531 9531 9532 9534 9535 9535 9536 9537 9543 9553 9563 9573 9580 9582 9584 9623 9608 9597 9603 9609 9597 9600 9606 9608 9621 9632 9640 9649 9664 9692 9728 9733 9735 9747 9767 9807 9750 9611 9478 9417 9441 9538 9674 9786 9831 9822 9799 9785 9782 9784 9738 9722 9709 9697
9581 9599 9589 9575 9568 9593 9612 9579 9550 9531 9533 9532 9530 9526 9522 9519 9516 9514 9518 9521 9524 9525 9525 9525 9527 9531 9531 9536 9538 9535 9535 9535 9535 9535 9539 9545 9555 9565 9575 9585 9595 9593 9590 9595 9601 9602 9597 9597 9602 9609 9615 9627 9636 9647 9660 9672 9680 9703 9733 9750 9757 9760 9782 9743 9650 9549 9495 9507 9601 9733 9823 9846 9828 9799 9766 9778 9779 9757 9734 9714 9698
9577 9586 9583 9577 9576 9591 9598 9579 9552 9535 9533 9532 9529 9525 9521 9516 9512 9512 9516 9520 9524 9525 9526 9526 9526 9528 9531 9536 9536 9537 9535 9534 9535 9536 9539 9547 9556 9567 9578 9588 9596 9596 9598 9605 9614 9610 9600 9597 9605 9613 9622 9630 9641 9657 9673 9691 9694 9704 9725 9744 9755 9773 9782 9753 9703 9652 9635 9702 9769 9811 9864 9853 9827 9803 9788 9792 9799 9774 9744 9715 9690
9578 9579 9580 9575 9571 9579 9584 9569 9549 9535 9533 9532 9529 9525 9520 9515 9512 9513 9517 9521 9524 9526 9527 9528 9528 9527 9530 9534 9537 9537 9535 9535 9535 9537 9543 9549 9559 9569 9579 9589 9597 9600 9608 9635 9635 9623 9610 9606 9613 9622 9634 9643 9652 9667 9681 9695 9703 9720 9738 9745 9751 9772 9781 9771 9754 9757 9803 9856 9872 9832 9831 9823 9811 9799 9796 9805 9811 9788 9747 9717 9694
9592 9600 9585 9582 9565 9570 9567 9552 9538 9529 9529 9533 9530 9525 9520 9515 9513 9515 9519 9523 9526 9527 9526 9526 9528 9530 9531 9535 9540 9537 9537 9537 9540 9543 9547 9553 9562 9571 9580 9588 9596 9602 9631 9654 9648 9634 9624 9620 9624 9634 9649 9657 9664 9678 9692 9701 9720 9742 9759 9743 9735 9756 9793 9777 9772 9789 9822 9817 9799 9791 9786 9784 9779 9776 9784 9789 9790 9763 9737 9716 9698
9540 9582 9629 9612 9585 9557 9534 9531 9527 9525 9531 9534 9530 9526 9521 9515 9511 9515 9520 9524 9528 9527 9522 9519 9534 9537 9542 9544 9542 9539 9539 9540 9542 9545 9549 9556 9564 9573 9582 9592 9603 9620 9641 9649 9644 9637 9632 9630 9633 9641 9652 9663 9673 9688 9704 9713 9741 9760 9771 9746 9730 9739 9753 9759 9759 9762 9759 9744 9723 9743 9752 9752 9753 9752 9749 9745 9749 9729 9720 9712 9710
9520 9503 9654 9622 9584 9530 9508 9513 9519 9524 9528 9531 9531 9528 9522 9516 9513 9515 9520 9524 9527 9526 9519 9506 9477 9541 9550 9548 9543 9542 9541 9542 9544 9547 9552 9559 9567 9575 9585 9597 9615 9640 9638 9630 9631 9633 9636 9639 9642 9646 9649 9666 9679 9696 9718 9743 9743 9754 9761 9743 9727 9713 9730 9741 9739 9734 9716 9707 9705 9715 9722 9727 9728 9726 9720 9714 9710 9705 9702 9703 9709
9615 9638 9632 9599 9557 9512 9505 9512 9519 9526 9531 9537 9536 9531 9525 9518 9514 9517 9522 9526 9528 9528 9521 9514 9523 9538 9543 9544 9540 9540 9543 9544 9547 9551 9555 9561 9568 9576 9585 9597 9612 9628 9624 9611 9618 9629 9639 9651 9654 9659 9652 9661 9680 9700 9719 9734 9723 9725 9730 9725 9720 9714 9718 9723 9722 9718 9713 9712 9712 9709 9705 9709 9709 9706 9700 9697 9694 9681 9683 9688 9696
9612 9636 9581 9560 9535 9516 9513 9517 9526 9534 9550 9545 9539 9533 9526 9521 9516 9519 9525 9528 9529 9529 9526 9525 9528 9533 9537 9538 9543 9544 9547 9548 9548 9552 9557 9562 9568 9575 9583 9593 9605 9618 9607 9603 9613 9626 9640 9656 9675 9681 9674 9669 9684 9698 9707 9709 9696 9689 9688 9693 9687 9694 9705 9708 9710 9709 9711 9713 9721 9713 9703 9695 9692 9687 9681 9676 9680 9664 9669 9676 9681
9621 9629 9582 9552 9531 9517 9517 9520 9526 9536 9547 9552 9552 9549 9539 9526 9519 9523 9532 9532 9531 9527 9529 9530 9532 9533 9538 9546 9550 9554 9554 9554 9554 9552 9558 9564 9569 9574 9580 9586 9596 9603 9596 9603 9613 9624 9637 9652 9675 9694 9704 9695 9695 9699 9701 9693 9679 9673 9672 9673 9672 9687 9695 9697 9697 9696 9692 9686 9685 9676 9680 9681 9678 9673 9666 9656 9657 9659 9665 9669 9669
9616 9639 9595 9556 9531 9519 9517 9515 9518 9531 9550 9554 9568 9565 9551 9535 9524 9528 9538 9538 9535 9532 9532 9532 9531 9534 9546 9558 9557 9560 9559 9560 9563 9563 9565 9567 9569 9574 9579 9581 9586 9592 9596 9606 9615 9624 9634 9643 9656 9686 9706 9711 9706 9702 9700 9686 9671 9669 9670 9670 9670 9678 9686 9690 9690 9690 9688 9684 9673 9674 9673 9672 9669 9666 9661 9654 9660 9669 9670 9669 9669
9618 9641 9604 9558 9527 9521 9517 9509 9502 9505 9552 9584 9595 9580 9560 9541 9529 9531 9541 9542 9540 9539 9537 9536 9536 9540 9554 9562 9562 9562 9563 9562 9567 9574 9575 9572 9566 9577 9582 9582 9584 9591 9607 9611 9619 9627 9635 9641 9657 9684 9710 9719 9710 9699 9687 9671 9664 9668 9672 9675 9675 9671 9680 9684 9686 9686 9686 9692 9692 9683 9670 9667 9666 9665 9664 9665 9669 9670 9671 9672 9672
9616 9639 9615 9574 9528 9517 9516 9504 9487 9460 9414 9517 9599 9587 9564 9541 9530 9535 9549 9546 9543 9541 9539 9540 9543 9549 9555 9562 9566 9567 9568 9568 9575 9584 9588 9588 9589 9590 9589 9591 9595 9602 9605 9616 9623 9630 9639 9650 9676 9706 9725 9721 9708 9693 9677 9663 9667 9675 9680 9683 9681 9675 9677 9678 9680 9679 9677 9672 9676 9662 9661 9665 9666 9668 9669 9670 9671 9672 9673 9673 9673
9609 9614 9623 9589 9535 9524 9521 9504 9486 9465 9448 9533 9597 9581 9561 9546 9541 9539 9550 9548 9544 9539 9539 9543 9556 9554 9579 9575 9572 9571 9574 9580 9595 9604 9601 9602 9611 9601 9594 9593 9598 9613 9613 9619 9626 9634 9645 9661 9677 9696 9712 9714 9702 9686 9675 9668 9681 9681 9687 9691 9692 9684 9680 9679 9678 9676 9673 9666 9662 9659 9662 9666 9670 9672 9673 9672 9674 9677 9675 9673 9674
9606 9611 9628 9602 9539 9523 9520 9506 9496 9496 9525 9570 9561 9563 9553 9544 9544 9546 9548 9550 9545 9538 9537 9545 9557 9563 9574 9576 9570 9571 9577 9585 9602 9609 9605 9601 9598 9593 9592 9596 9612 9619 9619 9622 9629 9637 9648 9660 9676 9695 9720 9712 9698 9683 9672 9680 9692 9692 9694 9698 9699 9690 9684 9682 9682 9680 9676 9670 9663 9658 9669 9672 9676 9680 9682 9684 9693 9682 9673 9673 9675
