real_craters/C085-300m.grd
DSAA
200 200
-29.9075 29.9075
-29.9075 29.9075
8786.894350171 9993.1373934201
[rows 30 to 59 of 200, columns 0 to 66 of 200]
9509.91 9511.36 9513.03 9514.58 9516.22 9517.93 9519.48 9521.85 9525.55 9530.27 9534.37 9538.07 9541.44 9544.59 9547.29 9550.62 9553.78 9557.04 9561.45 9567.05 9574.74 9583.32 9590.7 9584.31 9578.65 9572.75 9563.61 9552.38 9539.83 9527.3 9515.45 9505.82 9502.82 9505.6 9507.81 9508.74 9509.05 9509.32 9509.5 9509.33 9508.69 9507.52 9505.73 9503.61 9501.61 9499.27 9502.45 9507.46 9511.62 9510.08 9501.71 9498.68 9496.22 9497.23 9500.26 9504.23 9507.7 9509.98 9511.91 9513.42 9510.96 9508.53 9505.95 9503.99 9506.14 9510.19 9514.66
9510.14 9511.97 9513.54 9515.28 9517.29 9519.3 9521.56 9524.59 9528.45 9532.92 9537.18 9540.74 9543.88 9546.81 9549.56 9552.55 9555.46 9558.76 9562.66 9567.83 9574.09 9581.74 9590.14 9583.68 9580.53 9575.21 9565.76 9553.72 9540.23 9526.33 9513.54 9503.12 9499.93 9501.07 9502.17 9502.5 9502.71 9503.06 9503.39 9504.06 9504.24 9503.33 9501.58 9499.85 9497.92 9496.57 9499.09 9503.46 9506.26 9505.76 9502.7 9499.92 9495.79 9497.07 9501.8 9506.35 9509 9509.94 9509.27 9509.22 9509.67 9508.79 9507.14 9505.96 9508.15 9511.66 9515.65
9510.3 9512.32 9514.15 9516.28 9518.66 9521.19 9523.88 9527.23 9531.32 9536.36 9540.56 9543.67 9546.38 9549 9551.84 9554.5 9557.1 9559.79 9562.76 9566.67 9571.46 9576.58 9582.15 9589.94 9587.6 9580.42 9569.37 9555.83 9541.32 9526.31 9512.24 9499.74 9496.59 9497.13 9496.42 9496.2 9496.61 9497.18 9497.78 9498.97 9499.6 9499.42 9498.52 9497.6 9496.29 9495.38 9497 9500.54 9502.98 9503.15 9500.47 9496.03 9495.12 9499.8 9505.67 9510.08 9512.26 9512.51 9510.25 9509.21 9510.72 9510.63 9509.94 9509.01 9511.13 9513.78 9517.01
9510.35 9512.61 9514.86 9517.52 9520.25 9523.28 9526.46 9529.99 9534.52 9539.8 9543.84 9546.13 9548.38 9550.71 9553.27 9555.74 9558.13 9560.44 9562.59 9565.37 9568.61 9571.93 9577.57 9591.48 9594.25 9585.88 9573.3 9558.72 9543.19 9527.55 9512.74 9499.96 9496.06 9495.13 9492.62 9491.43 9491.85 9492.63 9493.63 9494.92 9495.77 9496.32 9496.56 9496.81 9496.21 9495.24 9496.15 9498.84 9501.35 9503.31 9499.56 9494.16 9494.9 9505.15 9512.29 9515.62 9517.12 9517.75 9517.85 9515.89 9514.12 9513.75 9514.5 9514.79 9514.57 9515.66 9517.81
9510.53 9513.07 9515.8 9518.65 9521.7 9525.11 9528.68 9532.37 9536.56 9541.91 9545.78 9547.86 9549.75 9551.84 9554.44 9557.06 9559.64 9561.86 9563.5 9565.48 9567.59 9570.26 9577.28 9592.26 9598.85 9590.95 9577.27 9561.55 9545.48 9529.87 9515.92 9503.51 9498.31 9495.8 9491.01 9488.1 9488.5 9489.67 9491.13 9492.02 9493.22 9494.39 9495.44 9496.13 9496.04 9495.43 9496.13 9497.6 9499.73 9501.8 9499.07 9493.42 9494.37 9509.2 9518.93 9521.64 9522.14 9522.08 9522.9 9519.8 9516.26 9515.4 9517.36 9518.39 9516.31 9516.35 9517.82
9511.11 9513.96 9516.77 9519.86 9523.29 9526.76 9530.53 9534.53 9539.37 9543.62 9547.32 9548.77 9550.66 9552.81 9555.52 9558.29 9561.33 9564.39 9566.34 9568 9569.18 9571.13 9579.15 9596.2 9604.35 9595.03 9580.11 9563.92 9547.04 9531.87 9519.71 9512.02 9505.24 9498.53 9490.89 9486.09 9486.34 9487.74 9489.54 9491.16 9492.63 9493.74 9494.48 9495.06 9495.28 9494.81 9495.08 9496.31 9497.56 9498.18 9496.63 9494.24 9495.19 9511.85 9524.68 9527.87 9526.35 9523.6 9520.25 9517.86 9515.34 9513.89 9514.05 9514.82 9515.03 9515.7 9516.88
9511.6 9514.77 9518.06 9521.28 9524.63 9528.16 9531.84 9535.8 9540.43 9543.65 9545.84 9548.76 9551.01 9553.41 9556.41 9559.53 9563.3 9567.71 9572.74 9572.98 9573.51 9575.89 9587.77 9603.12 9607.75 9597.34 9581.77 9564.26 9546.43 9531.23 9520.81 9518.16 9509.48 9500.54 9491.45 9485.55 9485.51 9487.34 9489.37 9491.33 9492.9 9493.72 9494.27 9494.33 9494.29 9494.29 9494.84 9495.61 9496.05 9495.96 9495.48 9495.39 9499.16 9520.47 9535.23 9534.77 9529.34 9523.23 9519.12 9515.34 9513.07 9511.02 9509.19 9510.35 9512.8 9514.76 9515.72
9512.64 9516.01 9519.39 9522.67 9525.92 9529.17 9532.56 9535.99 9540.12 9543.23 9546.45 9548.57 9550.97 9553.61 9556.66 9560.1 9564.08 9569.18 9574.65 9577.17 9579.77 9584.83 9603.61 9611.54 9608.49 9598.17 9582.12 9563.32 9543.77 9526.73 9514.86 9513.73 9506.14 9499.37 9491.71 9486.58 9486.15 9487.91 9490.03 9492.09 9493.84 9494.97 9495.25 9494.55 9494.05 9494.52 9495.78 9495.9 9495.64 9495.26 9495.56 9497.27 9503.18 9530.29 9545.31 9540.5 9530.65 9520.57 9513.36 9512.39 9511.88 9510.25 9507.75 9509.74 9512.91 9514.84 9515.2
9514.02 9517.49 9520.9 9524.11 9527.17 9530.15 9532.95 9535.7 9538.44 9541.55 9544.34 9547.9 9550.57 9553.28 9556.61 9559.83 9563.47 9568.16 9573.64 9580.01 9586.88 9596.27 9617.19 9619.17 9612.08 9599.45 9581.2 9560.26 9538.72 9518.59 9502.44 9499.18 9497.3 9495.48 9491.02 9487.66 9487.6 9489.24 9491.45 9493.78 9496.07 9497.65 9498.01 9496.92 9495.5 9496.14 9497.51 9497.49 9496.76 9495.8 9496.06 9499.1 9507.32 9534.36 9549.31 9542.84 9530.3 9517.31 9510.14 9511.67 9513.99 9514.15 9512.27 9514.56 9516.47 9516.82 9515.96
9515.56 9519.35 9522.74 9525.87 9528.79 9531.43 9533.45 9534.99 9536.68 9539.66 9544.46 9547.56 9550.2 9553.16 9556.37 9559.64 9562.76 9566.83 9573.06 9582.8 9592.93 9605.76 9621.43 9621.49 9616.48 9601.16 9579.78 9556.65 9533.15 9510.87 9491.55 9486.8 9488.47 9491.01 9489.79 9489.46 9489.6 9490.83 9493.37 9496.18 9499.28 9502.35 9503.91 9502.94 9499.56 9501.93 9502.49 9502.19 9500.54 9497.6 9496.5 9500.56 9508.6 9533.07 9546.79 9541.88 9529.64 9515.72 9509.47 9514.75 9520.68 9524.26 9523.76 9524.64 9523.04 9520.64 9517.57
9517.55 9521.55 9525.1 9528.04 9530.71 9532.92 9534.34 9535.19 9536.07 9538.37 9542.87 9546.4 9549.58 9552.98 9556.6 9560.31 9563.26 9566.39 9573.91 9586.63 9597.09 9602.91 9611.44 9614.93 9613.93 9598.7 9576.38 9552.35 9528.25 9505.72 9487.86 9482.94 9483.26 9484.25 9487.88 9488.45 9489.6 9491.96 9495.39 9499.8 9504.46 9509.26 9513.31 9515.94 9517.04 9519.61 9517.97 9514.36 9508.45 9501.17 9497.51 9504.7 9512.31 9529.18 9541.66 9540.86 9531.34 9519.18 9515.31 9521.6 9530.54 9539.76 9544.29 9537.81 9531.24 9525.38 9520.3
9520.09 9524.26 9527.82 9530.82 9533.13 9534.83 9536.31 9536.97 9537.44 9539.21 9542.09 9545.18 9548.72 9552.98 9557.76 9562.67 9566.73 9570 9578.93 9593.71 9604.64 9604.85 9598.81 9603.77 9602.51 9590.97 9571.1 9547.83 9523.76 9502 9486.51 9481.81 9480.65 9481.79 9485.81 9486.59 9488.99 9492.67 9497.76 9503.69 9510.18 9517.34 9524.48 9532.21 9540.94 9543.33 9540.72 9533.46 9519.52 9506.57 9499.57 9513.91 9530 9533.72 9544.4 9545.7 9537.7 9526.37 9523.74 9529.51 9538.91 9551.27 9557.59 9546.93 9537.56 9529.82 9523.64
9523.62 9527.77 9530.88 9533.61 9535.58 9537.27 9538.83 9539.53 9539.69 9540 9541.01 9543.16 9547.49 9552.91 9559.08 9566.03 9573.27 9579.99 9589.81 9602.7 9613.92 9609.04 9594.51 9595.48 9593.93 9584.16 9566.02 9543.15 9519.4 9498.06 9484.02 9480.26 9478.91 9479.88 9484.13 9485.77 9488.96 9493.13 9499.77 9507.44 9515.69 9524.64 9533.98 9544.33 9555.33 9559.7 9556.61 9547.82 9530.15 9513.38 9502.62 9520.82 9549.86 9554.32 9563.15 9560.48 9548.31 9535.82 9532.73 9535.75 9541.64 9549.29 9552.54 9546.56 9539.24 9532.37 9526.53
9528.63 9531.99 9534.37 9536.66 9538.44 9540.12 9541.91 9543.09 9543.21 9542.77 9541.81 9542.12 9546.26 9552.23 9559.59 9568.69 9579.78 9592.38 9600.13 9607.86 9615.82 9605.68 9590.81 9590.09 9588.96 9580.35 9562.06 9538.68 9515.16 9494.16 9480.65 9478.07 9477.39 9478.46 9479.96 9483.18 9485.86 9492.43 9501.43 9510.78 9520.19 9529.66 9539.82 9550.54 9561.66 9566.99 9562.79 9554.92 9538.24 9521.92 9509.4 9522.38 9557.58 9567.83 9573.46 9568.7 9556.32 9548.1 9541.18 9539.32 9540.17 9541.8 9542.85 9541.55 9538.2 9533.8 9528.95
9534.81 9536.51 9537.86 9539.54 9541.13 9543.24 9545.31 9547.25 9548.33 9548.11 9545.55 9543.3 9545.38 9550.56 9557.96 9567.85 9580.85 9597.13 9601.6 9605.03 9606.84 9591.46 9584.62 9585.93 9585.76 9578.11 9558.1 9534.98 9511.13 9490.95 9480.09 9477.48 9477 9478.32 9479.49 9480.97 9481.58 9492.26 9503.79 9514.22 9523.87 9533.34 9542.41 9551.09 9558.49 9561.67 9560.56 9553.61 9544.57 9532.8 9524.47 9530.11 9553.21 9560.98 9564.93 9562.02 9555.47 9549.16 9543.75 9539.97 9537.32 9535.95 9536.53 9537.16 9536.42 9534.32 9531.41
9541.13 9540.68 9541.08 9541.81 9543.31 9545.38 9548.04 9551.01 9553.99 9556.49 9550.95 9543.47 9544.02 9548.15 9554.49 9563.09 9574.33 9587.22 9594.19 9597.26 9595.73 9585.19 9583.51 9583.65 9581.48 9573.34 9552.39 9529.38 9506.65 9488.14 9480.08 9477.75 9478.1 9480.79 9482.74 9483.64 9485.68 9497.45 9509.17 9519.12 9527.7 9535.49 9542.86 9549.16 9552.8 9553.69 9557.55 9559.63 9549.84 9543.08 9541.95 9546.96 9545.43 9548.27 9552.42 9550.47 9550.42 9547.33 9543.1 9538.7 9534.34 9531.09 9532.6 9534.68 9535.77 9535.48 9534.39
9545.16 9543.03 9542.62 9543.04 9544.28 9546.42 9549.19 9552.75 9557.02 9562.06 9555.19 9543.42 9542.41 9545.05 9549.7 9555.81 9563.36 9573.09 9585.44 9592.42 9590.48 9593.53 9589.29 9583.31 9574.95 9563.42 9543.29 9522.29 9501.66 9484.65 9477.55 9477.69 9480.35 9484.86 9490.29 9495.1 9500.73 9509.84 9518.3 9525.38 9531.44 9537.07 9542.5 9547.21 9551.14 9553.98 9553.75 9550.86 9548.1 9547.74 9551.46 9554.5 9542.15 9538.5 9543.74 9543.04 9545.83 9546.63 9541.25 9537.04 9532.84 9529.43 9531.72 9534.66 9536.49 9537.85 9538.13
9544.5 9542.52 9542.16 9542.65 9544 9545.87 9548.26 9551.51 9554.77 9558.29 9553.39 9544.02 9541.19 9541.98 9544.74 9548.7 9553.59 9563.77 9582.18 9597.25 9604.21 9606.09 9596.76 9582.69 9567.58 9549.93 9532.11 9514.44 9496.17 9483.09 9477.38 9478.5 9483.2 9490.22 9499.14 9508.93 9519.94 9525.96 9528.74 9531.54 9534.49 9537.58 9541.06 9544.39 9548 9551.07 9546.86 9541.53 9541.23 9545.75 9552.32 9555.68 9542.03 9535.99 9536.97 9536.61 9537.84 9539.08 9537.46 9536.16 9534.45 9533.41 9535.36 9538.06 9540.16 9541.67 9542.27
9539.27 9539.24 9539.86 9540.88 9542.36 9543.95 9545.88 9547.84 9548.81 9548.85 9545.62 9541.9 9539.16 9538.91 9540.74 9543.97 9548.99 9561.96 9584.7 9608.06 9623.65 9618.37 9602.73 9582.74 9562.24 9540.14 9522.91 9506.09 9490.58 9480.24 9477.06 9479.28 9484.96 9494.26 9505.53 9519.31 9534.52 9538.51 9536.45 9535.65 9535.74 9536.73 9538.29 9539.81 9541.23 9541.36 9536.63 9530.22 9531.69 9539.71 9547.53 9550.88 9539.44 9532.55 9530.02 9526.3 9527.3 9530.2 9533.12 9535.72 9537.96 9539.74 9541.33 9542.79 9544.46 9546.3 9547.29
9532.36 9535 9536.94 9538.62 9540.2 9541.46 9542.62 9543.24 9542.27 9540.61 9538.06 9535.98 9534.87 9535.56 9537.86 9541.75 9548.73 9564.27 9588.15 9613.79 9631.34 9623.72 9605.19 9582.28 9559.59 9537.04 9518.05 9501.72 9485.58 9475.4 9474.64 9479.09 9485.97 9496.2 9508.55 9522.19 9536.01 9540.64 9538.24 9536.21 9534.91 9534.58 9534.63 9534.39 9533.34 9530.78 9526.63 9522.58 9524.84 9533.61 9540.77 9543.3 9534.79 9526.63 9524.47 9522.43 9521.7 9524.02 9529.11 9535.36 9542.03 9546.69 9547.39 9548.46 9549.72 9550.95 9552.4
9526.65 9530.99 9534.18 9536.5 9537.81 9538.82 9539.11 9538.94 9536.55 9534.72 9532.15 9530.73 9530.59 9533.04 9536.25 9540.89 9548.83 9565.81 9589.22 9612.15 9625.66 9620.63 9603.51 9580.51 9557.55 9535.49 9515.21 9497.6 9481.27 9472.71 9472.8 9477.56 9485.83 9495.39 9507.27 9519.29 9530.37 9535.78 9534.74 9533.13 9532.03 9531.44 9530.77 9529.42 9526.98 9522.6 9519.86 9520.39 9523.86 9530.21 9535.56 9537.48 9533.14 9529.44 9529.99 9526 9516.79 9517.54 9525.81 9535.39 9542.74 9548.56 9552.43 9553.75 9554.8 9555.95 9557.29
9523.87 9528.8 9532.35 9534.79 9536.27 9536.67 9536.31 9535.14 9532.38 9531.22 9530.4 9528.56 9528.93 9532.51 9536.86 9541.74 9548.95 9566.55 9588.92 9610.17 9620.72 9614.93 9599.01 9577.11 9554.45 9531.95 9511.47 9494.18 9478.5 9470.15 9471.17 9476.39 9484.15 9493.03 9503.09 9513.32 9521.84 9526.72 9527.4 9527.55 9527.51 9527.51 9527.09 9525.91 9523.71 9519.99 9518.5 9521.47 9525.3 9529.1 9532.8 9534.87 9534.1 9534.39 9536.84 9518.38 9502.54 9510.28 9523.05 9537.12 9550.89 9556.31 9557.9 9558.83 9559.6 9560.28 9561.16
9523.98 9528.98 9532.55 9534.68 9535.5 9535.01 9533.87 9531.65 9529.84 9528.1 9528.06 9527.55 9528.6 9534.51 9539.95 9545.85 9553.39 9569.81 9588.79 9604.65 9615.74 9609.65 9592.74 9572.62 9550.66 9528.14 9507.63 9491.78 9477.3 9469.79 9470.67 9475.46 9482.27 9489.97 9498.32 9505.82 9511.3 9514.59 9518.48 9520.83 9522.29 9523.32 9523.91 9523.96 9523.43 9522.54 9522.82 9524.22 9526.12 9528.8 9531.47 9533.61 9534.47 9534.52 9530.2 9506.46 9497.85 9506.19 9521.34 9538.36 9555.11 9561.87 9561.87 9562.8 9562.78 9564.04 9564.81
9526.9 9531.82 9534.91 9536.2 9535.64 9534.3 9532.16 9529.08 9526.5 9524.26 9524.73 9527.82 9533.95 9538.66 9544.25 9551.44 9561.98 9573.87 9589.28 9604.85 9613.13 9603.69 9586.46 9567.69 9547.75 9526.37 9505.74 9492.29 9478.78 9471.75 9471.61 9475.09 9480.67 9486.81 9493.17 9499.07 9503.96 9508.14 9511.63 9514.59 9517.44 9519.87 9521.83 9523.23 9524.25 9525.57 9527.16 9526.92 9527.5 9528.75 9530.47 9531.54 9531.49 9530.27 9515.25 9502.15 9492.95 9504.87 9520.69 9537.59 9552.18 9560.06 9562.81 9563.99 9565.05 9565.82 9566.85
9533.64 9537.75 9539.19 9538.97 9537.19 9534.52 9530.39 9527.09 9523.42 9519.88 9519.26 9525.39 9536.7 9541.28 9547.77 9555.28 9563.36 9574.8 9586.52 9598.77 9602.67 9593.05 9578.07 9562.29 9545.7 9528.86 9513.28 9495.72 9480.84 9475.08 9473.22 9475.09 9478.88 9483.99 9488.79 9493.64 9497.71 9502.52 9504.83 9508.61 9512.98 9516.9 9520.1 9522.84 9525 9526.82 9527.98 9528.5 9528.46 9528.78 9529.81 9530.61 9530.48 9527.77 9525.3 9509 9498.62 9507.21 9521.56 9537.3 9551.13 9558.21 9561.94 9563.86 9565.24 9566.58 9567.67
9545.39 9546.55 9545.76 9543.36 9539.93 9535.8 9530.12 9525.43 9520.97 9516.27 9515.08 9520.1 9529.3 9539.06 9549.56 9559.8 9567.43 9574.19 9579.32 9582.77 9582.51 9578.16 9567.94 9556.11 9543.01 9529.69 9515.77 9498.22 9482.14 9475.81 9474.32 9475.58 9478.48 9482.51 9486.16 9488.91 9490.8 9492.14 9496.48 9503.06 9509.46 9514.84 9519.27 9522.82 9525.82 9528.19 9530.02 9529.73 9528.77 9528.6 9529.44 9530.24 9530.25 9528.46 9523.02 9505.95 9502.09 9511.2 9524.48 9537.92 9549.32 9556.18 9560.32 9563.24 9564.92 9566.38 9567.75
9559.82 9557.04 9553.28 9548.67 9543.47 9537.24 9531.31 9525.27 9519.5 9514.13 9511.93 9514.72 9523.05 9534.59 9549.04 9565.85 9574.92 9573.06 9571.39 9568.87 9566.21 9564.97 9558.46 9549.58 9539.17 9528.42 9516.87 9499.05 9481.81 9475.61 9474.92 9476.22 9478.71 9481.76 9484.7 9486.28 9486.38 9485.49 9490.9 9499.84 9507.69 9514.03 9518.99 9523.14 9526.67 9529.36 9531.19 9530.58 9528.41 9527.82 9529.28 9530.59 9530.9 9530.76 9522.4 9505.68 9506.73 9517.38 9528.53 9539.28 9548.24 9554.21 9558.62 9561.55 9563.53 9564.81 9566.31
9572.89 9567.01 9560.59 9553.85 9546.97 9539.39 9532.35 9525.83 9519.44 9513.91 9510.08 9510.94 9517.1 9528.59 9544.18 9560.88 9570.47 9569.68 9565.02 9559.24 9558.58 9557.56 9551.77 9543.84 9534.43 9524.92 9515.16 9498.11 9480.8 9475.86 9475.57 9476.99 9479.36 9482.08 9484.87 9486.93 9487.17 9486.96 9492.1 9500.87 9508.52 9514.69 9519.57 9523.83 9527.51 9530.45 9532.79 9531.89 9528.28 9527.17 9529.45 9532.05 9534.68 9534.92 9530.55 9524.83 9524.14 9528.53 9534.79 9542.23 9548.86 9553.11 9556.55 9559.24 9561.38 9562.94 9565.17
9582.34 9574.82 9566.63 9558.49 9550.24 9542.22 9534.05 9526.8 9519.88 9514.07 9510.1 9510.1 9514.21 9523.5 9536.68 9550.47 9562.04 9567.84 9566.16 9562.43 9560.4 9555.9 9547.91 9538.68 9528.44 9518.02 9508.9 9493.2 9479.39 9476.7 9476.95 9478.66 9481.13 9483.91 9487.46 9490.03 9492.68 9495.4 9499.71 9506.41 9512.04 9516.74 9520.9 9524.65 9528.15 9530.7 9533.53 9532.89 9529.42 9528.09 9529.76 9532.67 9536.19 9537.68 9538.02 9539.11 9537.36 9537.36 9539.88 9544 9548.35 9551.57 9554.3 9556.26 9558.37 9560.57 9562.73
9586.46 9579.42 9570.94 9562.08 9553.25 9544.59 9536.3 9528.25 9521.31 9515.12 9510.87 9510.31 9513.39 9520.47 9530.09 9541.46 9557.71 9572.38 9579.07 9576.39 9568.16 9558.15 9546.14 9534.69 9522.58 9509.37 9493.65 9483.15 9482.12 9478.95 9479.07 9480.81 9483.39 9486.46 9490.3 9494.96 9500.32 9506.21 9511.44 9514.61 9517.06 9519.62 9522.51 9525.22 9528.16 9530.28 9532.34 9532.01 9529.34 9528.05 9529.03 9531.62 9534.28 9536.42 9538.69 9544.26 9541.16 9540.46 9542.88 9546.08 9548.31 9549.8 9551.68 9553.91 9556.18 9558.38 9560.98
