real_craters/C085-300m.grd
DSAA
200 200
-29.9075 29.9075
-29.9075 29.9075
8786.894350171 9993.1373934201
[rows 60 to 89 of 200, columns 0 to 66 of 200]
9587.32 9581.13 9572.92 9564.23 9555.47 9546.8 9538.34 9530.47 9522.92 9516.63 9511.77 9510.41 9512.65 9518.65 9527.18 9537.51 9558.18 9580.34 9599.92 9592.41 9574.48 9558.31 9544.72 9531.48 9518.08 9504.22 9490.8 9482.88 9481.06 9480.34 9480.72 9482.94 9485.6 9488.92 9493.54 9499.62 9506.61 9516 9523.23 9521.87 9521.1 9521.82 9523.48 9525.43 9527.71 9529.11 9530.72 9530.41 9527.55 9525.73 9527.27 9530.33 9532.9 9533.88 9532.43 9536.6 9541.55 9542.11 9543.7 9546.33 9546.82 9546.84 9548.39 9549.94 9553.92 9556.82 9559.44
9585.95 9580.71 9573.12 9564.98 9556.65 9548.4 9540.51 9533.05 9525.74 9519.1 9513.49 9511.02 9512.78 9518.5 9530.35 9542.7 9561.85 9582.34 9598.29 9587.15 9571.58 9556.3 9542.37 9528.65 9515 9501.71 9489.93 9482.56 9480.88 9480.99 9481.94 9483.91 9487.37 9491.07 9495.88 9501.87 9509.8 9518.02 9524.55 9523.36 9522.28 9522.47 9523.47 9525 9526.72 9527.76 9528.9 9528.45 9525.09 9522.09 9525.41 9529.67 9532.97 9533.72 9531.64 9533.11 9541.68 9543.61 9541.64 9540.26 9541.28 9542.12 9544.14 9547.93 9551.02 9554.43 9557.78
9584.07 9578.81 9571.83 9564.47 9557.1 9549.69 9542.74 9535.68 9529.22 9523.24 9517.17 9512.71 9517.41 9526.01 9540.36 9552.46 9564.44 9576.64 9584.82 9573.55 9563.22 9551.71 9539.12 9525.92 9512.73 9500 9488.78 9481.08 9480.64 9481.39 9483.07 9485.38 9490.1 9493.82 9498.23 9503.31 9508.91 9514.57 9518.14 9519.79 9520.49 9521.35 9522.64 9523.94 9525.38 9526.62 9527.03 9526.26 9524 9522.38 9525.25 9530.29 9534.41 9534 9528.95 9530.77 9539.97 9542.37 9538 9533.54 9534.87 9537.55 9540.99 9544.46 9548.36 9552.23 9555.89
9580.45 9574.32 9568.49 9562.69 9556.54 9550.18 9544.03 9538.51 9532.87 9528.33 9524.38 9523.81 9530.7 9543.62 9553.08 9561.99 9563.73 9566.34 9565.86 9562.1 9556.55 9546.99 9535.66 9523.29 9510.7 9498.63 9488.2 9480.64 9480.33 9481.37 9484.41 9487.15 9490.47 9494.14 9498.14 9502.49 9506.74 9510.37 9512.74 9515.36 9517.4 9519.2 9521 9522.53 9524.13 9525.37 9525.93 9526.16 9523.76 9522.42 9525.75 9532.12 9538.25 9540.71 9527.94 9529.49 9539.89 9540.86 9534.18 9528.64 9530.14 9533.66 9537.79 9541.99 9546.36 9550.87 9554.98
9567.47 9565.77 9563.51 9559.92 9555.09 9550.01 9545.35 9540.8 9536.82 9534 9532.56 9536.22 9542.14 9549.53 9554.82 9558.87 9559.88 9557.88 9555.93 9556.79 9552.27 9543.11 9532.23 9520.45 9508.58 9497.47 9487.63 9480.28 9480.72 9482.47 9484.93 9487.92 9491.1 9494.61 9498.1 9501.49 9504.5 9506.99 9509.23 9511.55 9514.24 9516.88 9519.28 9521.15 9522.93 9524.36 9524.93 9524.57 9523.46 9522.27 9525.87 9533.45 9541.12 9545 9530.61 9534 9539.53 9538.62 9530.28 9523.98 9526.82 9531.27 9535.74 9541.04 9546.17 9550.23 9555.03
9552.03 9558.46 9558.62 9556.59 9553.1 9549.1 9545.86 9542.47 9539.75 9538.43 9537.99 9540.37 9543.51 9546.43 9551.15 9555.81 9557.38 9556.76 9559 9559.21 9551.42 9540.98 9530.03 9518.7 9507.08 9496.57 9487.44 9481.71 9481.17 9483.28 9485.96 9488.99 9492.03 9495.25 9498.14 9500.52 9502.56 9504.16 9505.42 9507.64 9511.03 9514.48 9517.52 9519.97 9522.04 9523.66 9524.78 9525.6 9524.77 9523.63 9526.5 9533.54 9541.05 9544.4 9533.63 9538.77 9538 9536.41 9528.9 9523.56 9526.42 9531.12 9536.1 9541.24 9545.01 9549.78 9554.25
9560.14 9557.6 9555.36 9552.52 9550.05 9547.99 9545.26 9543.02 9541.67 9541.21 9541.3 9542.52 9544.72 9548.18 9554.05 9557.32 9557.17 9557.19 9562.14 9560.33 9549.71 9538.91 9527.92 9517 9506.56 9496.47 9487.73 9481.92 9482.35 9484.66 9487.42 9490.27 9493.16 9496.03 9498.36 9500.36 9501.77 9502.45 9502.42 9504.36 9508.86 9513.03 9516.46 9519.01 9521.29 9523.13 9524.7 9526.68 9526.09 9523.67 9525.1 9531.93 9538.66 9540.63 9524.19 9532.37 9535.07 9533.06 9527.5 9525.31 9528.02 9532.58 9536.2 9541.04 9545.52 9548.13 9553.22
9560.33 9555.92 9551.55 9548.29 9546.21 9544.41 9542.9 9542.29 9541.94 9542.57 9543.86 9546.44 9550.02 9553 9558.7 9559.59 9556.8 9554.68 9558 9555.07 9545.48 9535.63 9525.26 9515.23 9505.57 9496.82 9489.54 9485.11 9485.26 9487.07 9489.4 9491.99 9494.6 9497.04 9499.24 9500.98 9502.2 9502.65 9502.32 9503.94 9508.81 9512.83 9515.99 9518.58 9520.57 9522.25 9523.67 9525.44 9525.17 9522.85 9523.39 9529.38 9534.92 9536.72 9522.49 9523.39 9530.49 9526.05 9524.92 9527.1 9530.03 9533.29 9535.33 9539.93 9543.69 9548.5 9552.73
9552.02 9548.75 9545.37 9542.87 9541.42 9540.5 9539.96 9540.36 9540.73 9542.49 9545.52 9548.96 9552.87 9555.52 9559.56 9559.19 9554.81 9551.49 9551.6 9547.01 9539.23 9531.26 9522.2 9513.15 9504.49 9496.95 9491.58 9489.72 9488.52 9489.66 9491.58 9493.64 9495.81 9498.15 9500.22 9502.17 9503.64 9504.79 9505.83 9507.85 9511.17 9514.12 9516.6 9518.33 9519.9 9521.12 9521.97 9522.63 9522.61 9522.31 9523.82 9526.86 9530.23 9531.27 9519.58 9518.13 9521.14 9520 9524.25 9529.29 9530.93 9532.96 9535.67 9538.64 9543.1 9547.86 9553.33
9540.22 9538.31 9537.78 9536.92 9536.2 9535.91 9535.96 9537.59 9539.3 9541.77 9545.72 9549.3 9553.94 9556.8 9558.7 9555.88 9550.24 9545.86 9541.6 9537.6 9532.49 9525.86 9518.22 9510.39 9502.84 9496.14 9491.05 9489.79 9491.11 9492 9493.58 9495.22 9497.32 9499.62 9501.82 9503.89 9505.74 9507.79 9510.19 9512.96 9514.58 9516.06 9517.54 9518.59 9519.46 9519.84 9519.86 9519.91 9520.26 9520.21 9522.03 9523.92 9525.46 9524.78 9519.19 9520.05 9518.18 9517.45 9524.43 9530.76 9530.67 9532.29 9534.97 9539.66 9541.87 9546.03 9552.07
9531.23 9529.46 9530.15 9530.56 9531.22 9531.73 9532.98 9534.47 9536.45 9539.07 9543.51 9547.63 9552.16 9556.85 9556.53 9550.7 9543.2 9536.21 9532.06 9528.77 9525.22 9520.35 9514.18 9507.52 9500.97 9495.08 9490.73 9490.95 9493.52 9494.04 9495.03 9496.72 9498.87 9501.02 9503.54 9505.59 9508.08 9510.55 9513.55 9516.46 9517.39 9518.02 9518.76 9519.16 9519.37 9519.16 9518.13 9516.67 9514.99 9516.03 9518.35 9520.04 9522.31 9523.11 9524.67 9525.01 9520.81 9521.8 9527.62 9529.21 9529.11 9531.88 9533.51 9537.98 9542.31 9546.04 9551.84
9527.88 9525.42 9524.6 9524.46 9525.08 9526.2 9528.51 9529.8 9531.96 9534.81 9539.08 9543.8 9549.22 9555.68 9555.53 9544.95 9535.59 9528 9524.12 9522.27 9519.57 9515.98 9510.89 9505.32 9499.57 9494.08 9490.58 9491.62 9496.42 9494.76 9495.75 9497.54 9499.9 9502.14 9505.1 9507.79 9510.26 9512.86 9515.58 9517.96 9518.85 9519.59 9519.81 9519.84 9519.6 9518.93 9517.42 9515.7 9513.52 9512.3 9510.93 9514.76 9521.87 9527.25 9532.61 9529 9525.85 9529.27 9525.68 9524.09 9526.81 9527.92 9531.45 9536.97 9541.14 9544.35 9550.34
9525.3 9522.33 9519.38 9518.56 9519.19 9520.39 9522.28 9524.19 9526.31 9529.36 9532.3 9536.77 9541.12 9546.16 9544.5 9536.88 9530.2 9523.11 9519.3 9518.48 9516.6 9513.32 9509.08 9503.98 9498.72 9494.22 9490.57 9490.56 9490.41 9493.12 9495.48 9498.09 9500.87 9503.73 9506.9 9509.71 9512.35 9515.18 9517.4 9518.29 9520.06 9521.28 9521.26 9520.74 9519.91 9518.91 9517.99 9516.62 9516.07 9511.35 9505.61 9511.35 9524.39 9534.13 9531.11 9529.94 9528.97 9533.15 9528.49 9520.05 9522.54 9528.22 9531.62 9538.46 9540.52 9544.53 9550.5
9518.86 9514.36 9512.44 9512.62 9513.62 9514.9 9516.99 9518.63 9521.37 9522.97 9525.43 9527.66 9527.64 9529.27 9529.67 9528.94 9528.27 9524.97 9520.98 9518.36 9515.57 9512.43 9508.48 9503.75 9498.95 9494.65 9492.41 9491.2 9491.29 9492.9 9495.39 9498.65 9501.83 9505.53 9508.56 9511.75 9514.83 9517.69 9520.32 9522.23 9523.68 9523.87 9523.07 9521.89 9520.65 9519.44 9518.34 9517.25 9516.96 9512.94 9508.57 9514.88 9529.63 9541.34 9530.89 9533.74 9533.44 9532.53 9533.03 9520.13 9520.37 9524.95 9529.19 9537.03 9543.71 9547.69 9552.46
9511.06 9503.91 9505.23 9507.11 9508.86 9510.73 9513.15 9515.04 9516.15 9517.31 9518.46 9520.15 9518.97 9521.43 9523.28 9525.09 9528.78 9527.66 9523.87 9520.22 9517.01 9513.43 9509.39 9504.98 9500.12 9495.58 9493.47 9492.56 9492.52 9493.63 9496.05 9499.52 9502.94 9506.53 9509.79 9513.24 9517.05 9520.25 9523.53 9527.06 9528.17 9526.45 9524.66 9522.96 9521.48 9519.96 9517.94 9516.96 9516.49 9514.82 9514.61 9521.63 9535.18 9543.19 9532.13 9534.62 9536.35 9535.05 9541.18 9522.65 9521.09 9524.57 9528.62 9535.97 9541.06 9546.23 9550.88
9507.98 9500.82 9502.14 9503.83 9505.26 9507.55 9509.14 9510.16 9510.72 9512.12 9513.63 9515.12 9515.11 9518.33 9521.23 9523.85 9527.41 9527.76 9524.54 9521.76 9518.93 9516.06 9512.62 9508.61 9503.52 9498.29 9495.31 9494.43 9493.51 9494.34 9497.26 9500.81 9504.54 9508.24 9511.79 9515.16 9518.56 9521.69 9524.88 9528.13 9529.08 9526.95 9525.47 9523.82 9521.98 9520.42 9519.12 9517.14 9515.58 9516.05 9521.17 9529.55 9540.21 9545.9 9532.15 9534.62 9542.55 9534.99 9547.29 9526.85 9525.28 9527.19 9530.74 9535.23 9539.84 9543.94 9547.63
9509 9504.83 9502.91 9502.81 9503.23 9503.78 9504.82 9505.13 9506.38 9507.66 9508.99 9511.22 9512.45 9514.45 9518.68 9522.09 9524.34 9524.49 9523.45 9522.37 9520.69 9518.93 9516.65 9512.97 9508.37 9502.8 9500.06 9498.3 9496.5 9496.81 9499.12 9502.75 9506.71 9510.61 9514.19 9517.45 9520.07 9522.18 9524.44 9525.94 9525.96 9525.57 9525.12 9523.94 9522.81 9521.64 9520.18 9518.96 9518.45 9520.56 9528.09 9536.25 9542.48 9542.75 9534.21 9535.2 9541.39 9538.12 9546.59 9531.83 9531.08 9531.58 9533.2 9534.85 9540.71 9544.15 9547.83
9509.61 9506.47 9503.07 9501.49 9501.29 9501.19 9501.68 9501.95 9502.91 9503.9 9505.4 9506.84 9509.42 9511.25 9514.74 9518.05 9519.27 9520.98 9522.36 9523.02 9522.93 9522.51 9521.17 9518.62 9515.41 9510.3 9507.54 9504.79 9500.88 9499.54 9503.14 9507.05 9511.19 9515.13 9517.6 9519.36 9521.25 9522.67 9523.89 9524.7 9524.56 9524.26 9524.15 9523.53 9523.54 9522.89 9522.33 9522.25 9523.44 9527.1 9534.5 9543.46 9544.88 9542.09 9538.05 9539.14 9546.8 9549.52 9546.4 9538.09 9538.07 9537.76 9538.4 9540.5 9543.34 9543.94 9550.16
9508.03 9503.5 9500.9 9500 9499.24 9499.24 9499.29 9499.49 9499.87 9500.08 9500.82 9502.75 9506.4 9508.26 9510.64 9513.41 9516.02 9520.03 9521.52 9523.5 9524.88 9525.91 9526.84 9526.31 9525.37 9523.94 9520.63 9514.72 9507.84 9503.67 9509.56 9515.38 9519.24 9522.23 9523.93 9522.72 9523.35 9523.86 9523.78 9523.68 9523.84 9522.95 9522.87 9522.98 9523.73 9523.99 9523.81 9525.18 9527.22 9532.21 9535.78 9543.34 9550.17 9549.85 9543.5 9544.45 9559.13 9568.45 9556.82 9548.71 9548.52 9545.08 9543.95 9544.84 9546.21 9547.55 9548.04
9506.27 9501.52 9499.64 9498.72 9497.91 9497.21 9496.62 9496.36 9495.77 9496.08 9497.23 9498.86 9502.45 9504.39 9506.51 9510.26 9513.07 9518.06 9520.4 9523.4 9525.97 9527.63 9530.56 9532.81 9536.4 9537.46 9533.57 9526.92 9519.82 9513.03 9520.84 9525.46 9527.24 9527.94 9529.09 9528.67 9527.62 9526.27 9524.64 9522.41 9521.32 9521.11 9521.85 9522.7 9523.68 9524.82 9527.17 9527.65 9527.78 9527.36 9531.18 9538.35 9554.78 9558.23 9549.26 9548.07 9563.58 9573.34 9566.05 9559.72 9557.32 9552.3 9550.5 9550.39 9550.86 9547.61 9551.14
9505.39 9502.03 9499.77 9498.71 9497.5 9496.28 9495.22 9494.66 9493.99 9493.12 9493.38 9493.76 9496.24 9498.54 9501.58 9505.56 9509.12 9514.15 9518.31 9522.2 9526.08 9527.77 9531.92 9537.02 9545.35 9552.1 9543.94 9538.65 9537.13 9537.72 9539.88 9539.32 9537.21 9535.38 9533.13 9531.13 9528.87 9526.65 9524.83 9522.08 9519.53 9519.57 9521.14 9522.77 9524.56 9526.78 9529.82 9531.46 9531.76 9527.84 9531.79 9533.12 9555.42 9560.16 9551.47 9548.43 9561.46 9569.09 9565.88 9564.87 9562.02 9555.98 9552.86 9550.98 9550.77 9550.42 9551.98
9504.91 9502.02 9500.55 9499.89 9498.11 9496.41 9495.18 9494.37 9492.77 9491.27 9489.91 9488.13 9487.13 9490.87 9497.69 9503.19 9506.35 9510.69 9515.64 9520.45 9524.33 9527.27 9531.61 9535.64 9538.93 9543.24 9541.69 9545.25 9551.92 9564.07 9559 9552.54 9547.67 9543.78 9539.08 9535.12 9531.31 9527.8 9524.6 9521.62 9519.58 9519.14 9520.49 9522.62 9525.4 9528.35 9531.96 9535.68 9540.41 9547.92 9542.96 9535.11 9540.26 9550.61 9550.87 9551.78 9562.73 9566.21 9565.09 9564.21 9564.42 9558.23 9554.64 9552.5 9550.76 9550.91 9553.04
9504.47 9505.46 9506.06 9501.54 9498.05 9496.2 9494.31 9493.26 9492.15 9490.41 9487.65 9484.88 9482.25 9486.25 9493.52 9500.8 9505.04 9508.2 9513.59 9518.75 9520.92 9525.82 9530.19 9533.47 9529.07 9512.87 9535.42 9547.89 9557.41 9564.15 9564.31 9560.89 9555.85 9550.6 9544.75 9539.35 9534.45 9529.7 9525.05 9521.91 9519.55 9519.14 9520.19 9522.54 9525.69 9529.3 9534.1 9538.66 9545.04 9550.02 9547.36 9540.97 9541.63 9545.85 9550.39 9556.94 9565.95 9568.91 9566.07 9566.15 9566.32 9561.52 9558.33 9557.12 9555.47 9555.64 9557.22
9501.06 9502.66 9503.57 9499.52 9496.59 9494.77 9493.56 9493.16 9492.47 9491.02 9488.49 9484.87 9481.66 9483.13 9487.83 9494.68 9502.85 9506.62 9511.68 9517.15 9522.32 9524.09 9527.9 9534.11 9541.72 9543.89 9543.28 9551.68 9560.22 9563.87 9566.72 9567.25 9561.68 9554.96 9548.01 9542.34 9536.53 9530.97 9526.31 9522.53 9520.03 9519.43 9520.63 9522.91 9526.27 9530.19 9535.75 9540.82 9546.37 9549.6 9547.9 9542.63 9540.99 9546.39 9550.89 9554.6 9567.76 9573.58 9565.56 9565.06 9565.69 9562.81 9561.8 9561.77 9561.4 9561.64 9564.29
9495.69 9496.34 9494.65 9495.47 9493.27 9492.58 9493.04 9493.76 9494.14 9493.64 9491.51 9487.6 9483.65 9482.18 9484.12 9491.6 9499.69 9504.41 9509.78 9515 9519.9 9522.02 9524.67 9530.86 9539.89 9543.71 9546.52 9554.81 9565.05 9574.07 9578.55 9574.73 9566.5 9558.26 9550.15 9542.98 9536.74 9531.44 9527.05 9523.08 9520.02 9518.83 9521.06 9523.4 9526.99 9531.68 9536.96 9541.74 9546.22 9547.26 9545.17 9542.32 9543.63 9550.2 9554.72 9559.13 9571.23 9574.07 9566.83 9563.13 9563.25 9563.79 9564.43 9564.6 9566.02 9567.45 9571.79
9488.13 9490.2 9498.1 9489.77 9487.26 9488.94 9491.91 9494.69 9496.83 9498.04 9497.24 9493.97 9487.89 9484.05 9482.16 9489.96 9497.32 9502.74 9507.68 9512.21 9516.5 9520.66 9520.06 9523.69 9526.23 9531.85 9542.75 9554.41 9567.6 9582.2 9590.03 9579.54 9568.45 9559.01 9552.02 9544.74 9538.26 9532.69 9526.86 9522.94 9520.41 9519.63 9521.11 9523.56 9527.63 9532.35 9537.32 9542.14 9547.06 9548.7 9547.55 9545.66 9552.22 9556.89 9560.66 9566.86 9575.09 9572.41 9568.65 9564.02 9563.35 9566.45 9567.48 9567.89 9569.94 9572.81 9577.72
9478.58 9475.06 9475.04 9471.97 9478.15 9485.15 9491.15 9496.1 9500.24 9503.85 9506.37 9506.21 9500.44 9490.27 9482.22 9485.9 9496.5 9501.23 9505.43 9509.25 9513.2 9516.77 9515.43 9517.66 9519.01 9526.3 9537.84 9550.36 9563.66 9577.14 9583.8 9576.21 9566.09 9556.33 9548.86 9542.19 9536.37 9531.92 9526.53 9523.14 9520.03 9518.3 9520.75 9523.82 9527.87 9532.39 9537.52 9541.81 9547.71 9552.64 9557.44 9553.34 9556.5 9559.01 9564.6 9572.81 9577.42 9573.3 9573.03 9572.17 9573.03 9572.69 9571.62 9571.75 9573.81 9576.78 9584.33
9470.87 9461.44 9440.27 9454.64 9473.02 9483.91 9491.82 9498.44 9504.21 9509.69 9515.21 9520.2 9515.25 9497.83 9484.3 9483.06 9490.8 9497.86 9502.13 9506.16 9509.86 9513.32 9512.8 9515.56 9517.78 9524.44 9533.59 9543.78 9554.1 9563.65 9570.86 9563.91 9556.95 9550.7 9545.05 9539.91 9534.85 9530.07 9525.92 9522.34 9519.9 9518.99 9520.7 9523.61 9527.82 9531.91 9537.17 9541.49 9547.83 9552.4 9555 9551.27 9547.92 9554.28 9565.08 9574.7 9578.62 9577.41 9577.86 9579.67 9581.95 9578.88 9576.41 9576.51 9579.31 9583.5 9591.19
9470.53 9466.61 9463.07 9470.12 9479.64 9487.56 9494.59 9501.06 9507.39 9513.39 9519.27 9524.64 9519.17 9500.57 9485.4 9481.52 9487.17 9493.96 9498.51 9502.7 9506.48 9510.17 9513.53 9515.51 9519.51 9523.88 9529.33 9535.96 9542.01 9545.41 9544.01 9546.34 9546.37 9543.69 9540.31 9536.78 9533.25 9529.21 9525.65 9522.23 9519.6 9519.03 9520.13 9523.3 9527.56 9532.12 9536.81 9540.85 9545.21 9549.55 9551.45 9545.24 9542.64 9552.02 9564.67 9574.25 9579.16 9580.4 9581.43 9583.3 9584.9 9580.76 9578.24 9578.65 9581.63 9588.89 9596.25
9474.51 9478.34 9490.07 9493.81 9490.08 9492.86 9497.82 9503.7 9509.52 9514.6 9518.47 9518.34 9511.48 9498.3 9485.41 9481.28 9485.08 9490.56 9495.56 9500.08 9504.35 9508.25 9511.87 9514.31 9519.11 9521.26 9525.15 9529.02 9531.71 9531.55 9528.48 9532.61 9536.45 9536.67 9535.6 9533.43 9530.78 9527.85 9524.95 9522.33 9519.33 9516.81 9518.98 9523.33 9527.68 9532.53 9536.93 9540.87 9543.58 9545.65 9544.14 9539.67 9543.14 9556.99 9567.81 9574.23 9578.99 9582.2 9584.89 9583.12 9578.08 9577.73 9577.52 9579.51 9583.82 9592.19 9600.5
