real_craters/C085-500m.grd
DSAA
121 121
-29.9075 29.9075
-29.9075 29.9075
8787.039374382 9984.6424779818
[rows 90 to 119 of 121, columns 0 to 66 of 121]
9577.72 9582.71 9583.61 9585.26 9584.65 9575 9565.65 9557.15 9547.17 9538.01 9534.21 9535.97 9539.48 9546.27 9548.95 9547.24 9545.27 9543.16 9541.32 9539.63 9538.93 9538.82 9541.43 9544.5 9546.27 9550.56 9554.22 9539.28 9526.38 9536.27 9558.98 9561.82 9558.28 9549.78 9538.94 9529.85 9528.32 9530.69 9527.91 9527.15 9526.31 9526.13 9527.4 9529.6 9529 9529.33 9531.91 9533.34 9534 9534.52 9535.96 9536.83 9535.12 9542.03 9550.88 9560.03 9569.53 9578.72 9587.75 9594.54 9594.47 9579.5 9574.28 9568.43 9562.12 9565.79 9571.24
9584.36 9592.39 9589.63 9585.39 9588.15 9577.84 9570.37 9561.38 9552.85 9541.61 9535.13 9533.94 9535.05 9536.18 9539.33 9541.56 9541.77 9540.73 9539.22 9537.83 9536.64 9536 9535.43 9535.03 9537.3 9538.25 9536.64 9531.54 9526.37 9529.74 9539.9 9546.09 9545.68 9540.75 9533.88 9528.19 9527.05 9534.06 9529.12 9525.85 9524.95 9525.8 9527.17 9529.6 9531.09 9531.48 9532.03 9533.26 9533.89 9534.07 9533.36 9534.65 9536.37 9542.8 9551.04 9559.73 9568.89 9578.22 9587.13 9596.38 9604.2 9595.45 9588.84 9573.48 9569.38 9571.53 9579
9586.79 9595.12 9595.75 9581.45 9575.1 9571.86 9564.81 9564.51 9562.45 9557.5 9541.15 9536.09 9534.44 9533.42 9535.82 9538.28 9538.9 9538.28 9536.72 9535.16 9533.49 9531.79 9530.03 9528.86 9528.34 9526.65 9523.76 9524.34 9524.31 9526.24 9530.72 9535.45 9536.53 9534.25 9530.3 9526.87 9525.97 9533.93 9528.76 9526.24 9526.16 9526.42 9528.64 9530.87 9531.71 9531.84 9532.81 9533.78 9534.52 9535.07 9535.64 9537.02 9538.96 9544.18 9551.46 9559.71 9568.16 9576.22 9583.59 9588.83 9590.58 9596.84 9589.26 9582.29 9577.81 9583.32 9590.62
9585.92 9594.84 9599.03 9589.26 9580.23 9570.48 9566.02 9570.35 9575.43 9568.55 9541.92 9539.29 9534.39 9533.54 9535.21 9536.99 9536.86 9536.27 9534.53 9532.77 9530.28 9527.72 9524.93 9522.47 9521.95 9521.5 9520.67 9521.27 9521.94 9523.51 9525.83 9528.92 9530.15 9529.36 9527.68 9525.77 9526.11 9530.01 9527.36 9526.53 9527.72 9527.81 9528.68 9530.78 9531.18 9532.89 9533.81 9534.42 9535.12 9536.07 9536.79 9536.49 9538.97 9544.95 9552.02 9559.56 9566.95 9574.14 9579.68 9581.49 9580.52 9582.68 9588.7 9596.64 9597.99 9598.27 9605.28
9583.87 9592.93 9601.08 9594.38 9585.25 9572.67 9567.99 9576.73 9587.34 9580.55 9558.82 9548.8 9539.99 9532.76 9532.02 9533.96 9534.79 9534.25 9532.68 9530.77 9527.85 9524.9 9521.3 9516.9 9518.11 9519.67 9520.25 9520.26 9521.37 9522.29 9523.47 9525.45 9526.49 9526.51 9526.09 9525.66 9526.61 9527.57 9526.54 9529.63 9530.88 9529.83 9530.27 9531.62 9531.8 9533.84 9534.47 9534.81 9535.29 9535.94 9536.35 9536.3 9539.63 9545.72 9552.14 9559.18 9566.13 9572.36 9576.98 9579.66 9580.12 9581.53 9595.8 9622.5 9616.39 9600.06 9597.99
9582.33 9592.55 9600.58 9594 9582.13 9571.68 9567.09 9580.91 9599.37 9604.39 9579.4 9560.59 9545.55 9533.61 9529.3 9532.3 9533.16 9532.52 9531.14 9528.99 9526.41 9523.24 9520.39 9518.4 9517.13 9516.49 9517.38 9519.04 9521.05 9522.22 9523.44 9524.56 9525.15 9525.3 9525.41 9525.73 9526.74 9527.86 9529.05 9531.16 9533.62 9531.67 9532.52 9533.69 9533.42 9534.81 9534.86 9534.89 9535.14 9535.67 9536.41 9537.44 9541.16 9546.59 9553.29 9560.17 9566.95 9573.51 9578.57 9583.51 9586.96 9585.73 9590.46 9610.1 9610.3 9598.67 9597.17
9581.32 9593.93 9596.17 9589.33 9578.75 9571.57 9567.59 9583.05 9603.68 9611.93 9589.67 9567.73 9549.77 9536.08 9530 9532.69 9532.53 9531.56 9529.82 9527.64 9525.01 9522.3 9519.82 9518.59 9516.22 9513.88 9514.86 9517.59 9520.56 9522.09 9523.66 9524.58 9525.1 9525.21 9525.22 9525.24 9526.62 9529.18 9531.43 9531.23 9536.19 9535.67 9537.99 9536.18 9535.12 9535.24 9534.92 9534.73 9534.77 9534.99 9536.48 9539.15 9542.18 9548.14 9554.74 9561.73 9568.59 9575.07 9581.29 9588.15 9595.36 9596.2 9590.65 9589.57 9592.4 9596.46 9601
9578.83 9590.73 9588.47 9584.59 9579.53 9574.47 9574.16 9584.47 9598.57 9600.69 9588.28 9569.67 9551.57 9538.54 9531.6 9532.77 9532.54 9531.33 9529.42 9527.06 9524.18 9521.37 9518.59 9515.85 9513.53 9512.03 9513.67 9516.26 9518.88 9521.48 9523.54 9524.75 9525.32 9525.56 9525.52 9525.37 9526.69 9528.77 9530.84 9530.84 9534.94 9535.69 9536.55 9536.66 9535.46 9534.95 9534.59 9534.55 9534.74 9535.33 9536.71 9539.76 9544.14 9549.44 9555.97 9562.72 9569.93 9576.78 9583.9 9590.75 9596.69 9597.03 9594.29 9594.11 9596.92 9600.83 9607.85
9576.26 9582.89 9580.57 9582.4 9578.98 9575.37 9576.45 9583.01 9594.94 9595.36 9583.38 9567.32 9552.39 9540.06 9532.92 9533.16 9532.58 9531.19 9529.08 9526.48 9523.55 9520.47 9517.34 9514.03 9511.92 9511.72 9513.47 9516 9518.58 9521.4 9523.45 9525.04 9525.95 9526.35 9526.35 9526.36 9526.58 9527.38 9529.57 9531.99 9533.85 9533.73 9535.45 9536.97 9536.3 9534.8 9534.66 9534.63 9534.79 9535.75 9537.18 9538.99 9544.2 9550.37 9557.22 9564.27 9571.03 9578.18 9585.06 9591.82 9596.43 9597.1 9598.04 9601.79 9609.54 9617.79 9620.65
9577.83 9579.58 9578.05 9579.83 9577.4 9573.47 9571.34 9575.4 9582.42 9583.74 9574.37 9562.14 9549 9538.63 9532.16 9532.92 9532.53 9531.27 9529.21 9526.46 9523.43 9520.16 9516.8 9513.87 9512.33 9512.52 9514.37 9516.8 9519.48 9522.13 9524.37 9526.04 9526.71 9527.4 9528.01 9528.1 9528.29 9527.19 9529.15 9530.37 9532.46 9535.34 9537.24 9537.67 9536.07 9534.95 9535.08 9535.3 9535.2 9535.53 9539 9543.42 9546.8 9552.63 9558.99 9565.73 9572.89 9578.92 9585.89 9591.65 9596.74 9600.64 9601.33 9608.15 9626.87 9640.21 9635.49
9586.01 9585.84 9582.08 9581.21 9579.08 9573.96 9566.22 9566.35 9578.94 9574.04 9563.37 9552.35 9542.83 9534.35 9529.53 9529.75 9531.89 9531.58 9529.45 9526.59 9523.43 9520.13 9516.73 9514.41 9513.94 9514.05 9515.58 9518.36 9520.83 9523.1 9525.53 9527.12 9526.61 9526.05 9527.3 9528.81 9529.4 9528.86 9529.78 9529.84 9532.81 9535.72 9539.33 9538.82 9536.19 9535.86 9536.27 9536.93 9537.86 9538.86 9541.53 9545.14 9549.89 9555.06 9560.91 9567.13 9573.82 9580.1 9585.45 9590.42 9595.29 9599.05 9608.24 9624.32 9642.89 9653.79 9646.01
9594.86 9624.24 9608.31 9593.07 9593.31 9584.72 9568.84 9559.79 9567.61 9558.31 9548.44 9540.49 9533.99 9529 9524.58 9529.3 9533.79 9532.59 9530.05 9527.09 9523.88 9520.43 9516.6 9513.79 9512.32 9513.4 9516.06 9518.9 9521.69 9524.1 9526.41 9527.43 9526.18 9524.27 9524.08 9526.28 9530.29 9531.31 9531.66 9533.2 9535.61 9538.96 9541.56 9539.2 9538.73 9537.59 9537.97 9539.03 9541.25 9544.14 9546.77 9549.68 9552.39 9557.22 9562.44 9568.34 9574.57 9580.39 9585.97 9591.71 9596.91 9603.19 9617.01 9636.48 9649.15 9654.87 9648.23
9539.96 9546.57 9620.9 9628.58 9619.07 9602.89 9585.01 9570.58 9547.63 9534.13 9531.69 9529.69 9527.32 9524.89 9525.08 9530.92 9535.29 9532.64 9530.23 9527.35 9524.57 9520.97 9516.85 9513.47 9511.06 9513.03 9516.15 9519.61 9522.47 9524.83 9527.65 9528.35 9525.43 9521.95 9519.07 9519.7 9534.34 9539.62 9539.99 9542.41 9543.49 9544.12 9542.4 9540.9 9538.88 9539.19 9539.57 9540.43 9541.73 9543.65 9545.64 9549.43 9553.8 9558.85 9564.11 9569.9 9576.12 9581.98 9588.47 9595.64 9602.53 9612.87 9629.89 9641.08 9646.51 9648.67 9644.05
9505.91 9483.32 9532.83 9653.12 9635.8 9610.41 9588.07 9556.96 9513.66 9513.59 9517.64 9519.79 9521.8 9522.83 9526.49 9529.48 9530.42 9531.71 9530.73 9528.34 9525.14 9521.53 9517.11 9513.83 9511.95 9513.65 9516.33 9519.05 9522.15 9525.06 9527.19 9527.41 9524.43 9519.19 9512.67 9504.53 9492.21 9537.1 9550.97 9549.41 9548.28 9547.09 9542.53 9542.32 9541.78 9540.74 9541.04 9541.89 9542.71 9544.37 9546.87 9550.66 9555.58 9561.06 9565.78 9571.14 9577.29 9584.14 9591.93 9600.79 9612.67 9630.88 9642.08 9640.07 9638.65 9636.79 9635.49
9544.15 9528.68 9563.04 9654.29 9632.57 9603.66 9576.32 9550.93 9508.3 9505.46 9508.7 9513.23 9517.78 9521.95 9526.04 9528.33 9530.72 9532.8 9532.48 9530.22 9526.77 9522.38 9518.47 9514.94 9513.12 9514.44 9517.18 9520.16 9522.92 9525.33 9527.08 9527.71 9524.45 9518.78 9511.59 9502.26 9492.13 9523.65 9548.88 9549.28 9547.75 9547.29 9542.92 9542.5 9541.62 9541.76 9542.44 9543.68 9545.72 9547.25 9549.12 9552.86 9557.16 9562.16 9567.1 9572.61 9578.51 9585.32 9593.36 9602.96 9616.32 9631.69 9637.42 9634.98 9626.87 9623.04 9626.06
9614.54 9622.43 9650.25 9631.91 9610.78 9586.47 9557.43 9519.5 9507.46 9504.92 9507.8 9514.17 9519.2 9524.05 9527.63 9530.64 9533.69 9537.15 9535.81 9533.11 9529.37 9524.54 9520 9516.3 9514.12 9515.05 9518.32 9521.66 9525.15 9526.85 9528.21 9528.9 9525.6 9520.55 9515.74 9514.12 9523.46 9538.21 9539.76 9543.39 9543.65 9543.83 9540.09 9539.91 9540.79 9542.58 9543.85 9545.08 9547.23 9549.4 9552.77 9555.37 9558.74 9562.21 9568.19 9573.08 9578.47 9584.92 9592.8 9601.52 9611.96 9624.46 9628.97 9623.69 9614.1 9612.32 9618.45
9612.96 9641.54 9642.8 9590.24 9577.33 9561.36 9541.77 9521.46 9511.94 9510.72 9513.07 9520.56 9525.36 9530.41 9534.43 9537.54 9542.83 9541.26 9538.99 9535.14 9530.57 9526.05 9521.9 9517.95 9515.76 9516.26 9520.19 9523.94 9526 9527.18 9527.92 9529.04 9526.89 9523.82 9522.91 9521.94 9526.42 9532.25 9535.93 9538.04 9539.16 9540.2 9540.84 9540.51 9542.4 9544.75 9546.18 9546.75 9547.12 9550.13 9553.67 9556.43 9560.14 9566.03 9568.78 9573.02 9578.34 9584.28 9590.8 9598.04 9606.41 9620.34 9621.9 9611.1 9605.67 9606.75 9613.83
9625.69 9633.73 9631.72 9580.09 9560.91 9547.02 9532.05 9519.52 9515.02 9515.01 9517.41 9521.33 9526.39 9534.05 9540.49 9546.54 9549.01 9547.12 9544.53 9541.16 9531.68 9527.14 9522.97 9519.69 9515.62 9517.02 9522.77 9527.21 9529.01 9529.43 9529.26 9529.26 9528.04 9526.74 9527.67 9530.61 9530.51 9533.14 9532.84 9536.47 9540.38 9544.45 9545.95 9546.53 9547.96 9549.06 9549.58 9549.86 9549.78 9550.67 9553.28 9556.65 9560.12 9562.55 9567.39 9572.69 9577.35 9582.25 9587.48 9593.82 9601.8 9610.12 9610.52 9602.29 9599.53 9604.84 9612.11
9621.38 9620.6 9629.41 9582.13 9560.9 9544.86 9531.21 9520.66 9516.98 9517.3 9518.68 9521.64 9526.2 9531.89 9539.59 9546.59 9550.09 9552.26 9552.42 9550.66 9545.76 9538.99 9528.62 9523.19 9519.32 9517.99 9527.19 9531.84 9532.33 9531.78 9530.59 9528.37 9526.92 9529.16 9530.21 9530.87 9532.29 9533.53 9533.65 9538.14 9543.87 9548.06 9549.75 9553.09 9554.02 9553.93 9553.86 9554.14 9553.62 9552.34 9553.24 9557.97 9561.74 9565.2 9568.83 9572.41 9576.02 9580.06 9584.24 9588.53 9595.56 9603.89 9600.98 9596.14 9599.53 9606.26 9612.99
9615.19 9638.83 9630.39 9594.16 9565.57 9545.79 9532.49 9523.63 9517.92 9516.84 9517.22 9518.5 9522.28 9527.96 9538.08 9543.39 9549.59 9555.25 9561.08 9561.24 9555.61 9546.93 9537.01 9525.91 9521.75 9522.08 9532.85 9536.24 9536.07 9535.18 9533.44 9530.93 9530.48 9530.75 9531.28 9531.38 9531.95 9531.97 9534.97 9542.29 9550.25 9553.63 9554.81 9558.7 9558.73 9557.79 9557.87 9559.17 9559.95 9558.69 9559.48 9562.15 9564.72 9568.43 9571.52 9572.21 9575.41 9578.71 9581.26 9583.72 9588.47 9595.72 9591.81 9595.28 9602.34 9607.77 9614.53
9616.06 9638.06 9633.92 9597.32 9569.11 9546.58 9529.36 9519.36 9519.02 9516.96 9513.65 9511.73 9512.27 9518.83 9536.14 9566.96 9573.98 9563.65 9575.64 9574.78 9566.49 9555.24 9543.08 9530.62 9525.81 9525.07 9533.2 9538.71 9539.8 9539.01 9536.85 9534.97 9533.33 9533.8 9533.37 9532.32 9530.73 9533.34 9538.67 9548.97 9562.12 9560.46 9557.29 9559.74 9560.69 9560.43 9560.4 9561.59 9564.19 9566.92 9567.78 9568.05 9568.03 9566.59 9565.62 9571.46 9575.96 9579.06 9580.53 9581.14 9583.78 9587.49 9591.13 9600.69 9605.62 9610.58 9616.52
9617.62 9637.32 9633.59 9603.96 9570.25 9546.77 9526.86 9518.01 9523.34 9517.43 9511.43 9505.91 9502.01 9502.69 9512.32 9551.51 9577.84 9594.66 9595 9586.43 9574.05 9559.99 9546.34 9533.63 9529.37 9527.67 9535.72 9541.36 9542.01 9540.9 9539.78 9538.96 9538.68 9537.34 9536.07 9535.46 9536.08 9538.41 9543.76 9553.84 9561.67 9562.43 9562.31 9561.8 9562.16 9562.53 9562.49 9562.67 9566.59 9572.14 9574.67 9574.95 9573.53 9569.92 9566.4 9574.28 9579.29 9581.65 9582.15 9581.61 9583.63 9588.31 9597.03 9607.04 9608.31 9613.36 9619.1
9617.99 9638.86 9632.68 9597.7 9574.63 9552.07 9526.85 9516.52 9519.76 9516.38 9509.45 9500.57 9490.66 9478.9 9462.97 9433.39 9462.96 9599.32 9603.67 9593.18 9579.89 9563.02 9548.06 9534.17 9528.82 9527.75 9541.51 9546.18 9545.34 9543.65 9542.28 9541.22 9540.95 9539.22 9538.72 9539.29 9541.71 9543.04 9547.73 9551.63 9558.48 9562.05 9564.1 9565.5 9565.65 9566.29 9566.09 9567.03 9572.06 9579.17 9582.25 9583.4 9582.94 9581.54 9581.72 9583.97 9585.32 9586.1 9586.85 9588.1 9591.39 9596.69 9600.26 9605.6 9611.36 9616.26 9621.45
9612.55 9623.58 9627.99 9624.73 9603.91 9563.08 9530 9517.7 9519.21 9517.14 9508.63 9497.47 9483.99 9466.84 9442.62 9414 9440.95 9548.25 9596.9 9593.15 9579.32 9563.84 9548.98 9536.18 9532.19 9530.27 9554.54 9551.57 9548.12 9545.6 9543.39 9541.41 9539.79 9539.38 9539.9 9541 9544 9548.99 9554.06 9561.56 9562.36 9565.58 9568.04 9570.42 9571.4 9570.56 9570.78 9571.86 9580.31 9585.25 9591.14 9592.56 9593.2 9594.97 9597.6 9596.53 9593.31 9591.16 9591.37 9595 9598.19 9605.04 9605.75 9607.43 9614.31 9618.91 9623.54
9609.04 9610.44 9619.09 9622.56 9606.36 9569.88 9534.61 9521.94 9527.45 9521.08 9509.54 9498.25 9485.68 9472.28 9457.99 9448.04 9470.61 9595.67 9596.7 9586.53 9573.95 9561.35 9550.09 9542.25 9541.16 9545.31 9550.93 9550.04 9548.72 9546.75 9544.09 9541 9538.68 9538.81 9541.31 9545.89 9555.7 9557.27 9558.18 9578.88 9579.61 9572.28 9572.3 9564.9 9572.73 9573.74 9577.15 9583.32 9595.09 9605.78 9602.48 9600.71 9600.78 9603.99 9610.68 9605.45 9597.54 9593.71 9592.8 9593.78 9598.39 9610.82 9612.36 9612.85 9617.69 9620.81 9625.97
9606.86 9605.92 9617.13 9624.04 9611.8 9576.19 9537.26 9522.8 9525.6 9520.33 9510.12 9500.44 9492.12 9486.13 9487.26 9507.82 9568.88 9563.37 9571.67 9571.19 9566.28 9557.02 9549 9544.44 9545.8 9551.58 9539.99 9546.85 9548.83 9548.24 9544.54 9540.5 9536.29 9536.98 9541.7 9548.93 9559.98 9561.86 9562.08 9579.19 9579.66 9574.98 9570.55 9571.29 9570.12 9575.3 9581.19 9591.11 9601.69 9609.47 9607.99 9604.72 9602.93 9603.39 9606.2 9601.29 9595.2 9592.84 9593.12 9596.92 9606.48 9616.01 9617.6 9618.77 9619.12 9623.15 9628.63
9604.14 9605.93 9621.19 9633.94 9629.33 9585.11 9539.72 9522.93 9522.46 9519.86 9512.9 9505.09 9501.36 9497.92 9507.96 9530.93 9556.63 9553.24 9554.74 9557.34 9553.97 9548.51 9542.05 9539.02 9540.49 9544.4 9548.41 9550.65 9550.82 9548.85 9544.66 9540.56 9536.8 9537.45 9542.36 9548.41 9554.61 9563.03 9570.05 9573.82 9574.88 9573.69 9573.11 9571.37 9574.07 9577.84 9582.89 9590.86 9603.03 9609.43 9607.59 9604.28 9600.5 9596.46 9590.69 9587.38 9588.61 9589.74 9594.11 9602.89 9614.79 9626.25 9617.59 9618.45 9622.27 9625.62 9629.59
9604.37 9610.2 9627.46 9642.04 9639.85 9591.63 9537.41 9521.13 9519.97 9519.23 9514.92 9509.59 9510.55 9512.22 9521.02 9531.67 9542.49 9544.63 9545.37 9545.35 9542.71 9537.74 9533.3 9531.35 9532.6 9536.69 9554.05 9556.56 9553.89 9549.82 9544.73 9540.14 9536.66 9537.37 9545.2 9551.39 9560.06 9566.83 9571.72 9570.97 9572.25 9571.35 9571.56 9574.08 9576.43 9580.85 9585.81 9591.97 9599.48 9604.94 9604.46 9601.59 9597.1 9590.78 9583.11 9579.44 9582.95 9586 9590.69 9603.54 9617.92 9623.82 9617.47 9619.26 9625.24 9628.26 9630.25
9605.28 9619.85 9634.2 9644.16 9639.94 9595.74 9539.18 9520.69 9518.11 9518.98 9514.85 9514.51 9514.39 9518.62 9523.1 9530.85 9534.35 9536.83 9536.6 9535.79 9534.01 9531.01 9527.3 9525.63 9526.23 9531.36 9555.78 9560.19 9556.64 9551.01 9545.45 9541.95 9541.22 9543.53 9555.19 9559.3 9572.15 9569.7 9568.53 9568.82 9572.23 9573.74 9576.25 9578.44 9581.52 9585.14 9591.29 9595.35 9599.42 9601.07 9601.38 9599.37 9594.95 9589.03 9582.94 9579.85 9581.77 9583.7 9584.47 9593.73 9618.8 9624.68 9621.33 9621.67 9623.5 9625.08 9625.95
9615.34 9628.8 9635.81 9640.47 9636.85 9596.37 9537.42 9521.92 9518.57 9518.1 9516.98 9517.2 9520.44 9522.17 9527.2 9529.85 9531.8 9531.01 9527.66 9527.28 9526.3 9524.96 9523.63 9522.53 9523.15 9530.9 9555.94 9561.77 9556.77 9550.75 9545.26 9542.16 9546.88 9570.66 9569.56 9574.59 9567.47 9568.09 9568.24 9569.09 9576.03 9579.03 9581.15 9584.89 9586.14 9590.15 9596.04 9598.56 9597.35 9599.9 9601.13 9599.16 9595.29 9590.75 9586.29 9582.93 9585.17 9586.21 9586.33 9589.17 9612.47 9627.11 9625.43 9612.85 9606.68 9613.19 9620.6
