real_craters/C085-300m.grd
DSAA
200 200
-29.9075 29.9075
-29.9075 29.9075
8786.894350171 9993.1373934201
[rows 120 to 149 of 200, columns 67 to 133 of 200]
9630.19 9631.48 9625.51 9625.98 9627.43 9620.63 9612.58 9608.37 9617.13 9648.36 9681.3 9704.74 9696.68 9663.48 9615.84 9571.95 9528.69 9488.51 9450.76 9413.7 9385.59 9389.97 9388.52 9370.27 9320.49 9270.01 9223.27 9180.53 9141.93 9109.43 9084.96 9075.95 9078.34 9084.75 9094.3 9103.82 9116.62 9132.85 9154.64 9182.46 9212.28 9221.96 9279.19 9325.67 9409.1 9516.57 9623.63 9702.62 9732.81 9741.5 9742.13 9734.45 9727.62 9722.85 9714.71 9709.3 9705.65 9701.5 9695 9690.7 9691.47 9696.91 9695.84 9691.43 9691.46 9692.31 9692.8
9639.83 9638.73 9630.94 9631.69 9632.3 9624.17 9614.74 9609.39 9618.87 9642.93 9668.67 9690.67 9699.17 9680.81 9659.27 9621.13 9573.42 9529.89 9488.56 9448.42 9422.91 9428.04 9435.81 9423.04 9376.49 9330.42 9289 9252.29 9219.68 9190.86 9166.5 9152.44 9146.88 9145.83 9149.02 9155.02 9163.9 9175.88 9190.39 9205.62 9225.37 9257.31 9328.35 9381.99 9478.1 9594.22 9709.06 9777.11 9791.8 9786.39 9773.15 9757.68 9746.02 9735.31 9725.44 9711.84 9704 9696.11 9688.05 9679.47 9678.35 9683.38 9685.04 9688.18 9691.52 9693.17 9695.09
9647.5 9645.14 9634.96 9637.06 9638.99 9627.21 9617.39 9612.37 9621 9638.56 9657.57 9676.67 9688.04 9684.7 9673.31 9646.6 9607.28 9566.79 9527.77 9492.69 9469.59 9462.73 9462.51 9448.73 9414.09 9379.01 9347.49 9319.9 9295.15 9271.57 9250.23 9232.33 9215.63 9207.41 9204.55 9207.39 9211.25 9217.66 9228.79 9239.68 9263.44 9308.5 9388.39 9442.1 9550.99 9672.86 9796.07 9841.62 9838.4 9820.06 9796.37 9778.57 9756.04 9741.45 9728.57 9716.72 9703.63 9694.13 9684.68 9674.57 9672.67 9676.35 9679.74 9687.37 9691.62 9696 9700.33
9647.4 9644.15 9630.96 9632.96 9633.04 9626.82 9620.6 9617.4 9625.36 9635.45 9646.26 9659.63 9673.95 9680.03 9677.28 9661.63 9632.69 9598.36 9563.9 9532.61 9506.69 9488.31 9476.93 9461.44 9439.76 9418.02 9398.13 9381.52 9367.63 9352.45 9325.31 9298.38 9280 9266.88 9261.52 9260.41 9260.26 9263.52 9271.08 9285.12 9316.85 9370.3 9438.52 9516.15 9633.97 9753.49 9874.82 9886.43 9866.22 9842.18 9811.35 9790.09 9765.88 9748.88 9733.8 9720.26 9707.88 9694.81 9685.36 9675.65 9673.12 9674.36 9677.48 9686.01 9690.1 9696.63 9702.26
9636.68 9635.96 9632.09 9626.1 9624.7 9624.56 9625.34 9628.77 9630.13 9633.88 9639.85 9648.27 9661.95 9673.67 9679.97 9675.02 9652.47 9624.94 9595.02 9563.83 9533 9504.47 9483.83 9470.6 9460 9450.77 9442.19 9435.45 9431.11 9423.87 9392.05 9362.24 9339.43 9325.65 9317.79 9312.29 9309.88 9311.17 9319.11 9335.92 9372.84 9430.08 9502.81 9618.32 9722.19 9829.59 9905.25 9893.57 9864.28 9839.49 9810.71 9789.57 9770.37 9748.15 9732.62 9718.14 9705.9 9695.47 9686.71 9683.63 9676.9 9674.73 9677.34 9685.65 9687.36 9695.48 9701.71
9630.68 9629.45 9625.3 9618.89 9618.42 9621.59 9626.22 9630.42 9630.27 9631.96 9635.48 9638.41 9651.74 9666.86 9677.82 9680.19 9666.59 9646.68 9623.66 9593.75 9557.99 9517.62 9482.33 9477.25 9480.45 9481.34 9480.92 9480.4 9480.25 9472.89 9443.79 9407.86 9391.65 9381.85 9374.91 9369.1 9366.5 9366.19 9371.98 9390.02 9430.3 9491.93 9573.36 9693.29 9780.68 9856.75 9863.42 9853.78 9838.27 9816.94 9797.28 9778.99 9761.56 9741.55 9726.48 9713.07 9700.96 9691.34 9684.66 9682.61 9676.03 9672.65 9675.39 9679.82 9685.56 9695.83 9701.69
9633.9 9630.28 9623.66 9615.7 9615.37 9618.89 9621.61 9624.93 9627.78 9629.06 9629.48 9629.13 9644.21 9660.11 9672.91 9681.04 9673.65 9663.72 9651.62 9631.88 9590.06 9541.09 9499.09 9498.97 9507.56 9514.11 9517.34 9518.87 9518.9 9516.36 9490.01 9457.46 9444.98 9437.92 9431.6 9426.73 9423.46 9423.88 9428.77 9446.21 9494.28 9563.26 9645.13 9749.38 9788.55 9802.05 9782.35 9796.57 9797.62 9786.19 9775.54 9765.19 9750.54 9731.43 9717.93 9705.45 9693.91 9684.62 9676.64 9670.58 9669.97 9668.33 9671.11 9675.76 9685.28 9694.84 9699.63
9634.24 9629.61 9621.98 9613.52 9614.8 9618.85 9622.21 9625 9627.24 9627.96 9628.62 9630.76 9641.76 9655.04 9665.46 9670.24 9674.42 9674.79 9671.96 9663.05 9622.8 9579.22 9544.53 9540.43 9545.06 9550.17 9552.95 9553.15 9549.6 9540.18 9524.34 9512.58 9503.15 9494.86 9488.63 9484.46 9483.29 9484.92 9491.39 9510.34 9570.95 9642.2 9720.76 9756.86 9759.06 9731.77 9728.14 9754.87 9762.13 9761.58 9752.48 9748.67 9737.23 9717.97 9706.3 9695.24 9684.75 9676.08 9668.72 9664.08 9663.03 9663.33 9666.12 9671.86 9679.81 9683.25 9691.87
9620.25 9626.74 9622.22 9615.46 9616.35 9621.61 9626.65 9629.95 9629.18 9628.13 9628.71 9632.86 9641.84 9652.18 9661.33 9668.11 9675.72 9682.2 9682.67 9673 9651.68 9623.42 9599.8 9590.09 9588.61 9589.03 9589.91 9588.01 9581.16 9565.65 9558.62 9565.07 9559.51 9549.62 9542.68 9539.51 9540.96 9547.33 9559.84 9587.93 9651.25 9697.87 9736.51 9737.8 9737.15 9732.89 9728.71 9736.7 9739.34 9739.17 9733.35 9730.33 9721.35 9710.88 9700.08 9684.75 9675.72 9667.68 9661.47 9658.6 9657.4 9659.06 9662.23 9669.45 9676.91 9678.6 9688.56
9605.71 9622.81 9618.59 9613.33 9616.49 9624.08 9634.3 9634.93 9631.09 9628.42 9628.29 9633.71 9641.61 9650.51 9659.69 9667.85 9679.07 9689.39 9695.33 9693 9682.64 9664.15 9647.54 9638.95 9633.09 9629.08 9627.03 9625.02 9621.82 9615.67 9612.92 9612.54 9605.74 9599.07 9591.63 9588.65 9592.4 9604.43 9625.5 9653.65 9697.18 9703.98 9704.21 9712.29 9723.69 9739.55 9740.19 9729.6 9723.34 9719.98 9715.24 9712.55 9705.73 9696.96 9687.31 9678.15 9669.23 9659.92 9653.13 9651.05 9653.48 9655.6 9659.74 9665.26 9676.12 9687.2 9692.77
9606.47 9610.38 9607.33 9606.2 9613.99 9622.5 9629.23 9631.63 9630.7 9629.66 9629.78 9633.93 9640.18 9647.91 9658.23 9672.66 9685.09 9693.26 9705.95 9714.72 9715.33 9710.3 9696.8 9685.18 9673.46 9665.26 9661.16 9661.06 9664.51 9672.83 9679.39 9669.42 9658.05 9643.84 9632.77 9628.23 9631.21 9645.25 9673.31 9688.2 9684.53 9678.31 9671.15 9683.3 9695.86 9710.58 9717.37 9717.72 9712.95 9706.7 9701.33 9695.53 9691.67 9684.68 9677.03 9668.82 9661.33 9653.77 9647.4 9646.68 9650.88 9654.88 9660.68 9666.59 9677.28 9688.01 9694.4
9602.29 9596.63 9599.77 9603.25 9611.82 9620.69 9625.07 9627.58 9628.56 9631.4 9634.28 9634.6 9637.12 9641.96 9650.46 9664.41 9677.15 9684.71 9700.37 9719.69 9740.34 9759.9 9748.51 9724.04 9705.69 9693.94 9688.48 9689.09 9696.14 9711.87 9724.17 9712.16 9698.67 9676.07 9661.4 9654.16 9654.07 9661.52 9675.91 9676.01 9663.75 9665.33 9665.62 9667.73 9673.97 9685.24 9698.64 9703.85 9701.73 9696.65 9692.93 9687.07 9683.3 9676.93 9668.64 9662.07 9655.65 9649.72 9645.14 9646.07 9650.57 9656.25 9663.36 9667.9 9677.19 9689.07 9693.89
9596.08 9597.64 9599.09 9602.87 9609.59 9619.48 9626.37 9623.83 9623.59 9625.55 9630.84 9630.73 9630.86 9632.56 9635.96 9640.07 9646.77 9664.7 9685.24 9713.71 9745.9 9774.32 9766.8 9743.31 9723.92 9711.01 9704.56 9704.17 9709.72 9720.98 9727.1 9718.27 9704.09 9688.79 9676.05 9667.36 9663.25 9661.09 9656.24 9653 9646.11 9656.93 9659.29 9660.07 9667.75 9675.92 9689.7 9694.59 9692.89 9688.71 9683.02 9677.58 9671.97 9666.7 9661.28 9656.06 9651.51 9647.53 9645.84 9647.28 9651.82 9657.34 9663.99 9668.3 9672.21 9681.32 9693.3
9591.66 9593.53 9594.59 9598.39 9604.09 9610.14 9613.77 9615.86 9616.56 9615.51 9616.64 9621.12 9622.14 9622.06 9621.13 9619.42 9620.97 9645.39 9672.58 9702.65 9734.11 9756.6 9755.77 9741.97 9726.89 9715.53 9708.8 9707.52 9709.33 9712.77 9711.62 9706.8 9698.13 9690.25 9680.91 9671.77 9664.18 9657.55 9650.67 9646.46 9644.8 9649.12 9650.45 9650.38 9652.12 9663.38 9677.46 9684.06 9683.7 9680.38 9675.81 9671.49 9666.86 9662.47 9658.07 9653.61 9649.65 9646.38 9644.63 9648.61 9654.32 9660.67 9668.34 9672.08 9677.06 9687.54 9694.62
9587.02 9587.03 9586.49 9591.85 9597.83 9601.17 9603.2 9608.45 9611.61 9612.3 9612.99 9614.83 9614.34 9612.67 9610.61 9608.71 9611.58 9632.2 9657.96 9686.02 9713.69 9734.42 9735.48 9728.11 9718.57 9710.4 9703.84 9701.36 9700.27 9700.2 9696.39 9695.89 9694.65 9688.75 9680.09 9669.98 9661.16 9653.09 9646.65 9644.46 9641.45 9637.28 9639.46 9641.72 9644.33 9653.89 9666.92 9672.99 9672.55 9670.7 9668.13 9665.32 9662.15 9659 9655.55 9652.8 9649.83 9647.33 9646.99 9651.73 9658.14 9663.83 9671.31 9677.03 9684.12 9688.36 9696.39
9583.41 9584.13 9584.34 9589.09 9594.63 9599.15 9600.16 9603.96 9609.16 9615.24 9616.82 9612 9608.48 9605.77 9603.5 9603.1 9608.4 9623.42 9643.23 9666.18 9686.89 9702.46 9708.3 9706.64 9702.07 9697.06 9692.36 9689.65 9686.8 9685.8 9685.28 9688.17 9690.84 9685.82 9674.98 9663.12 9652.95 9644.74 9640.1 9637.14 9632.64 9628.35 9631.46 9635.51 9640.78 9646.88 9653.77 9658.18 9659.7 9659.38 9658.49 9657.32 9655.79 9654.3 9654 9652.5 9651.51 9650.64 9651.04 9657.2 9664.24 9670.41 9675.4 9683.27 9689.26 9693.28 9700.48
9585.44 9586.76 9588.04 9589.29 9593.07 9596.44 9597.24 9599.32 9603.31 9609.3 9609.05 9606.67 9602.92 9599.66 9597.6 9597.72 9602.92 9614.8 9631.39 9645.76 9659.66 9670.56 9679.45 9682.18 9681.55 9679.23 9675.88 9672.78 9669.4 9667.45 9669.36 9673.89 9681.99 9678.4 9664.51 9652.2 9641 9631.32 9624.88 9620.75 9616.95 9617.02 9622.93 9629.61 9634.95 9636.61 9641.03 9645.47 9647.54 9649.39 9650.31 9651.05 9651.61 9651.42 9651.11 9651.58 9653.14 9656.63 9659.78 9663.54 9670.64 9681.67 9691.18 9692.74 9696.92 9701.04 9707.21
9587.62 9586.13 9586.69 9587.33 9590.35 9596.45 9594.58 9592.99 9592.54 9594.55 9599.88 9600.02 9597.18 9593.61 9591.37 9591.11 9593.99 9602.77 9614.28 9624.73 9634.86 9644.59 9653.19 9657.77 9659.17 9658.74 9656.51 9654.03 9649.59 9644.69 9638.68 9638.65 9651.32 9653.21 9647.35 9638.68 9628.61 9617.49 9610.2 9608.68 9604.91 9605.53 9614.72 9623.32 9628.25 9626.33 9629.37 9632.25 9636.23 9639.78 9642.43 9644.13 9645.94 9646.98 9648.3 9649.99 9652.77 9659 9663.56 9665.61 9672.49 9682.97 9693.77 9697.67 9703.2 9709.35 9715.63
9581.77 9580 9580.59 9583.06 9584.31 9583.69 9585.95 9587.19 9585.56 9589.02 9597.18 9594.83 9591.03 9586.99 9584.5 9583.74 9585.36 9590.99 9597.73 9603.81 9610.56 9619.21 9627.8 9633.67 9637.38 9638.45 9637.36 9634.42 9629.96 9623.05 9613.51 9610.28 9622.22 9628.33 9629.86 9625.06 9618.7 9612.72 9610.82 9611.39 9606.8 9603.45 9609.47 9615.6 9618.34 9618.43 9619.45 9622.36 9627.03 9631.64 9635.46 9638.75 9641.14 9643.31 9645.89 9648.34 9650.03 9648.61 9654.49 9662.41 9669.73 9680.32 9690.65 9698.5 9706.25 9716.4 9723.66
9578.63 9576.12 9577.53 9581.71 9582.48 9579.94 9584.61 9585.98 9586.4 9591.52 9594.26 9589.35 9584.49 9580.71 9577.7 9575.38 9574.8 9576.22 9579.21 9584.27 9589.34 9597.93 9606.18 9612.9 9617.04 9618.98 9619.17 9617.02 9613.85 9608.34 9603.44 9603.84 9612.16 9620.04 9617.04 9612.93 9609.68 9608.88 9614.37 9619.68 9614.33 9608.48 9608.18 9608.87 9608.9 9610.24 9612.66 9615.13 9620.51 9626.26 9630.86 9634.81 9637.77 9640.62 9643.7 9647.05 9650.35 9653.27 9655.29 9659.59 9664.37 9675.46 9686.23 9698.5 9710.83 9721.89 9730.19
9581.2 9579.24 9580.63 9584.96 9589.86 9594.54 9589.63 9586.11 9586.96 9588.65 9586.28 9581.38 9577.06 9573.27 9569.59 9566.45 9563.67 9559.15 9562.23 9568.26 9573.18 9581.31 9588.75 9595.86 9600 9602.69 9604.11 9602.35 9600.85 9597.68 9595.27 9595.26 9600.58 9605.16 9603.36 9600.74 9599.46 9602.15 9612.89 9625.65 9616.06 9611.79 9608.92 9605.04 9603.5 9607.86 9610.54 9612.16 9618.1 9624.62 9629.5 9632.41 9635.48 9638.02 9641.23 9645.37 9651.04 9658.09 9658.34 9658.75 9660.3 9669.58 9682.06 9697.19 9710.75 9722.87 9731.18
9589.04 9587.62 9585.8 9586.81 9592.97 9597.36 9587.12 9580.12 9578.19 9577.12 9573.98 9570.8 9568 9564.85 9562.14 9559.12 9556.08 9553.8 9554.26 9557.58 9561.65 9568.76 9575.61 9582.03 9586.93 9590.26 9591.94 9592.52 9591.48 9589.08 9587.32 9584.9 9587.47 9588.87 9589.54 9588.17 9586.6 9589.22 9596.21 9606.96 9612.29 9613.29 9612.26 9609.05 9609.22 9613.43 9617.87 9619.55 9623.41 9627.19 9629.39 9631.01 9632.9 9635.2 9637.82 9641.73 9647.37 9654.57 9655.87 9658 9663.47 9679.44 9684.57 9694.94 9708.25 9721.33 9731.7
9596.17 9590.45 9584.3 9580.96 9581.05 9580.03 9574.08 9566.78 9560.73 9558.51 9559.47 9559.46 9558.4 9556.66 9555.02 9552.69 9550.7 9550.49 9549.86 9550.35 9552.79 9559.05 9565.75 9571.96 9577.03 9580.87 9583.37 9584.69 9584.88 9583.89 9582.88 9581.24 9581.39 9580.93 9580.13 9577.63 9573.28 9567.69 9573.35 9583.47 9602.26 9609.74 9615.99 9623.18 9623.18 9627.52 9632.3 9634.41 9635.07 9631.21 9630.16 9630.06 9630.79 9631.22 9632.88 9635.76 9639.15 9643 9649.18 9655.14 9663.87 9677.08 9683.37 9689.95 9703.3 9717.74 9727.2
9588.44 9580.02 9573.05 9568.35 9564.27 9561.79 9558.34 9552.51 9545.94 9543.53 9547.07 9549.62 9550.33 9549.85 9548.82 9547.2 9545.89 9546.96 9546.5 9545.7 9546.88 9552.57 9559 9564.93 9570.08 9574.33 9577.52 9579.84 9581.13 9581.43 9580.79 9579.85 9579.17 9578.33 9575.75 9571.55 9567.19 9565 9566.92 9572.08 9582.84 9594.65 9611.4 9626.85 9626.56 9628.81 9633.24 9635.56 9634.32 9631.35 9629.94 9629.26 9628.75 9628.04 9628.4 9629.47 9631.3 9635.11 9642.23 9650.2 9659.05 9673.72 9682.65 9691.44 9702.06 9713.69 9724.63
9566.91 9559.32 9556 9553.5 9552.13 9548.18 9545.14 9541.42 9537.73 9536.85 9539.96 9542.35 9544.4 9544.75 9544.07 9542.7 9541.59 9541.64 9542.89 9543.1 9544.93 9548.77 9555.09 9560.81 9566.09 9570.26 9574.54 9577.41 9578.87 9581.16 9581.16 9581.47 9580.76 9578.15 9573.56 9568.63 9565.12 9564.31 9567.79 9563.46 9558.96 9581.23 9596.17 9607.68 9613.67 9620.12 9626.37 9626.72 9626.57 9627.97 9627.75 9626.88 9626.07 9624.79 9623.86 9623.55 9624.54 9628.71 9635.66 9645.03 9656.14 9667.92 9681.21 9692.94 9698.65 9705.54 9713.95
9542.26 9538.66 9539.88 9539.12 9534.96 9534.64 9535.5 9534.17 9532.97 9534.38 9536.45 9538.48 9539.88 9540.45 9540.26 9538.98 9538.05 9539.18 9540.92 9541.4 9543.18 9546.51 9551.87 9557.25 9562.4 9567.27 9571.99 9575.88 9579.14 9581.62 9583.29 9584.48 9582.68 9576.3 9570.56 9567.04 9564.86 9564.79 9566.87 9569.93 9575.64 9576.38 9581.4 9585.95 9596.52 9606.55 9613.47 9619.23 9623.3 9625.32 9625.45 9624.29 9622.68 9620.54 9618.66 9617.12 9616.3 9619.88 9628 9638.83 9653.76 9668.05 9675.53 9685.31 9687.98 9690.83 9693.04
9529.85 9528.52 9530.38 9530.74 9529.9 9530.35 9530.75 9531.06 9532.51 9534.34 9535.14 9536.08 9537.1 9537.35 9537.16 9536.33 9535.22 9537.2 9539.92 9540.38 9541.94 9544.99 9550.23 9555.27 9560.4 9565.67 9570.5 9574.97 9579.04 9582.02 9584.82 9585.3 9582.77 9575.26 9568.69 9566.4 9565.78 9566.07 9567.55 9569.3 9571.58 9572.82 9573.73 9573.45 9584.22 9595.8 9604.45 9613.61 9621.47 9623.49 9623.2 9621.79 9619.49 9616.95 9614.31 9611.9 9610.87 9613.52 9619.83 9628.39 9640.77 9651.82 9658.43 9667.73 9671.06 9674.2 9676.1
9527.09 9526.44 9527.31 9528.26 9529.62 9529.58 9529.23 9529.66 9532.18 9533.96 9534.44 9534.85 9535.14 9535.33 9535.41 9535.3 9534.85 9537.07 9539.37 9539.23 9540.55 9543.56 9549.29 9554.29 9559.75 9565.13 9570.35 9575.17 9579.75 9583.8 9586.59 9587.39 9584.91 9576.46 9568.64 9566.85 9566.85 9566.74 9566.14 9565.01 9567.13 9569.26 9571.66 9573.47 9580.64 9589.97 9599.27 9608.87 9617.43 9620.63 9620.67 9619.04 9616.58 9613.6 9610.3 9607.46 9605.81 9607.71 9611.61 9615.73 9618.47 9628.16 9635.56 9641.5 9653.36 9659.76 9663.14
9526.88 9526.93 9527.11 9527.98 9529.76 9529.52 9528.8 9528.66 9530.59 9532.58 9533.54 9534.02 9534.26 9534.34 9534.77 9535.51 9537.44 9538.62 9539.65 9537.55 9538.77 9543.42 9548.35 9553.75 9559.56 9565.03 9570.5 9575.46 9580.51 9584.95 9588.89 9590.39 9588.84 9580.3 9570.72 9569.13 9569 9567.84 9565.97 9563.59 9564.7 9567.02 9570.39 9574.94 9579.78 9587.05 9595.44 9604.74 9613.08 9617.71 9618.41 9616.62 9613.48 9610.06 9606.83 9603.68 9601.72 9602.89 9605.66 9608.22 9612.2 9619.66 9626.6 9633.82 9643.21 9650.25 9654.92
9526.52 9526.53 9526.9 9528.04 9529.95 9529.49 9528.84 9528.34 9530.32 9531.77 9532.83 9533.38 9533.84 9533.99 9534.45 9535.22 9536.49 9537.33 9537.07 9535.35 9537.59 9542.63 9547.86 9553.35 9559 9564.89 9570.48 9576.01 9581.41 9586.5 9591.22 9594.33 9595.34 9587.8 9577.96 9574.67 9572.42 9569.62 9566.07 9562.39 9563.14 9566.34 9569.35 9572.81 9579.07 9585.21 9592.46 9601.42 9610.84 9616.6 9616.72 9614.45 9610.91 9607.31 9603.61 9600.76 9599.42 9600.15 9602.57 9605.84 9611.88 9617.94 9625.75 9632.51 9638.89 9645.54 9651.15
