real_craters/C085-1000m.grd
DSAA
35 35
-17.09 17.09
-17.09 17.09
10869.067152964 12270.272482663
11930.3 11926 11922.5 11918.2 11911.6 11912.7 11909.4 11908.1 11903.2 11895.8 11887.4 11880.8 11880.7 11880.3 11878.9 11876.4 11882.5 11890.6 11881.4 11876.5 11877.8 11873.3 11865.2 11853.5 11845.4 11846.4 11840 11839.5 11837.6 11823.5 11820.1 11810.7 11800.1 11798.3 11798.5 
11927.5 11923.2 11919.4 11915.6 11913.2 11911.3 11908 11907.9 11902.8 11894.4 11891.1 11884.4 11874.6 11881.5 11882.4 11884.7 11889 11884.5 11882.4 11883.1 11877 11877.7 11872.7 11865.1 11860.2 11853.5 11861.9 11851.7 11838.2 11830.9 11820.5 11796.9 11787.8 11786.4 11780 
11922.1 11919.4 11917.6 11912.8 11907.8 11910 11910.3 11906.2 11900.9 11895 11891.2 11895 11884 11877.4 11880.8 11894.8 11898 11899.6 11894.9 11895 11891.6 11887.3 11872.3 11861.2 11854.3 11856.8 11857.3 11846 11834 11831.3 11823.1 11797.1 11786.9 11777.9 11770.4 
11922.1 11920.1 11918.5 11914.6 11907.1 11909.3 11908.6 11911.9 11912 11899.9 11896.1 11893.7 11886.3 11880.3 11883.7 11897.4 11904.6 11923.5 11894.9 11902.2 11916 11906 11885 11869.3 11858.4 11850.5 11853.4 11843.6 11833.8 11824 11811 11795.1 11783.4 11775.2 11765.3 
11926.9 11921 11921.2 11921.7 11913.2 11911.1 11913.3 11914.1 11903.2 11904.4 11909.4 11901.6 11891.3 11888.2 11893 11905.9 11932.4 11918.9 11903.9 11924.6 11924.1 11906.7 11898.7 11887.9 11877 11872.2 11849.8 11836.4 11832.9 11823.6 11802.5 11796.1 11788.5 11778.4 11775.1 
11929 11920.9 11922.1 11921.7 11953.1 11921.6 11937.8 11923.7 11915.5 11920.6 11944.8 11922.3 11904.3 11902.2 11909.4 11916.1 11927.5 11934.3 11970.3 11951.6 11931.3 11919.1 11921.1 11909.3 11890.8 11858.5 11845 11839.2 11830.9 11836.1 11826.1 11807 11787.1 11783.5 11775.6 
11923.1 11922.4 11920.9 11916.5 11920.3 11924.8 11921.8 11925.9 11929.4 11927.3 11930.6 11918.9 11930.3 11936.5 11945.5 11950 11950 11951.8 11969.8 11984.2 11969.8 11959.6 11958 11938.7 11916.5 11881.1 11853 11853.6 11865.5 11837.2 11823.7 11805.7 11799.9 11788.2 11777.8 
11928.4 11924.9 11922.4 11920.3 11925.7 11923.1 11923.3 11932.6 11943.7 11927.4 11934.3 11930.6 11934.6 11962.3 11991.2 11999.8 12016.2 12013.4 12029.3 12035.2 12024.8 11999.1 11985 11968 11945.7 11917.4 11870.9 11836 11825.5 11823.1 11795.4 11793.6 11791.9 11789.2 11787.2 
11928.9 11927.7 11923.9 11919.1 11925.2 11921.2 11926.2 11936 11929.8 11951.3 11947 11951.9 11963.3 11989.5 12057.5 11951.3 11935.7 11978.7 12057.5 12149.6 12085.5 12068.3 12023.6 12005.7 11972.1 11936.2 11899.9 11844.6 11831.2 11812.2 11806.5 11799.3 11796.3 11794.1 11787.5 
11927.8 11932.2 11925.8 11930 11932.7 11922.6 11921.7 11933.6 11927.5 11938.1 11977.4 11981.7 12021 11932.3 11826.2 11759.9 11686.4 11673.9 11729.9 11854.6 11911.4 11943.4 12072.6 12034.1 12007 11972.8 11922.4 11868.5 11846.1 11832.2 11822.5 11801.4 11818 11808.7 11783.1 
11928.7 11934.7 11959 11931 11933.4 11933.9 11933.1 11948.6 11947.7 11966.8 12002.8 12015.9 12015.2 11827.8 11669.1 11592.6 11584 11519.9 11478.8 11460 11587.4 11712.3 11938 12010.2 12043 12004.8 11931.6 11875.5 11849.7 11845.7 11833.6 11812 11816.7 11808.2 11796.2 
11923.4 11927.4 11947.2 11925.5 11934.3 11942.7 11956.3 11955.8 11978.1 12009.9 12069.6 12004.2 11843.1 11682.8 11502.2 11342.8 11248.5 11196.9 11197.2 11199.7 11343.7 11538.1 11768 11943.5 12092.9 12113.4 11983.9 11900.5 11862.9 11856.5 11848.8 11835.3 11825.6 11814.2 11809.5 
11927.1 11922 11933.7 11927.7 11929.6 11936.7 11947.6 11979.6 12027.8 12060.3 12053.6 11904.8 11691.3 11475.3 11279 11081 10974 10951.2 10943.3 11024 11161.8 11340.6 11547.2 11816.1 12062 12108.9 11970.2 11949.9 11888.8 11867 11856.4 11833.3 11835.8 11824.9 11809 
11934.9 11932.3 11928.9 11938.8 11932.9 11936.1 11946.3 12001.6 12041.8 12063.6 11911.3 11687.2 11453.4 11247.5 11086.4 10958.5 10914 10919.3 10933.9 10963.3 11015.6 11065.9 11307.2 11638 11964.1 12072.1 11992.4 11986.4 11915.3 11849.4 11842.3 11839.8 11832 11851.6 11818 
11934.8 11928.7 11938.1 11929.6 11934.2 11942.3 11964.4 12030.8 12066.2 12064.3 11744.5 11514.9 11284.3 11080.6 10983.8 10936.9 10913.7 10921.8 10943.7 10952 10950.2 10947.5 11107.5 11459.6 11777.5 11965.5 12016.7 11981.8 11940.7 11858.4 11839 11834.3 11782.4 11684.3 11768.4 
11932.5 11927.7 11920.7 11924.5 11935.6 11952.1 11977.7 12030 12065.6 11947 11714 11436.4 11195.9 11007 10957.4 10948.1 10893.3 10896.8 10904.7 10939.5 10947.2 10954.5 11021.3 11351.8 11682.6 11918.8 12041.7 12010.9 11930 11866.7 11841.7 11826.7 11779.2 11742 11789.9 
11926.1 11921.3 11923 11929.4 11939.6 11958 11984.1 12023.3 12062 11889.7 11692.5 11420.5 11169.5 11000.9 10964.6 10958.5 10877.3 10869.1 10888.9 10948.7 10962.5 10964.5 10998.9 11301.2 11663 11909.9 12031.2 11985.1 11912 11868.8 11825 11811.1 11796.7 11799.7 11806 
11922.8 11912.7 11922.6 11926 11940.4 11960.9 11990.9 12038 12092.3 11958.2 11710.7 11402.8 11162.6 11004.6 10972.3 10966.1 10938 10890.3 10920.3 10975.8 10971.1 10970.8 11005 11272.6 11607.7 11910.5 12100.6 11973.7 11928.3 11877.5 11840.2 11814.1 11803.8 11805 11804.4 
11924.6 11921 11924.8 11926.2 11940 11959.4 11987.8 12034.2 12121.6 12064.4 11765.2 11427.6 11180.5 11015.3 10981.8 10974.6 10965.5 10927.1 10929.2 10969.4 10968.5 10979.4 11031.4 11294.7 11618.6 11910.4 12084 11955.6 11904 11870.8 11844.1 11821.4 11816.4 11806.6 11796 
11928.6 11920 11918.5 11926.8 11935.6 11949.2 11967.9 11993.4 12076 12072.3 11867.2 11557.2 11253.6 11055.4 10995.1 10972.7 10967.9 10967.1 10964.5 10978.3 10969.8 11021.5 11140.4 11403.1 11694.3 11929.3 12042.9 11924.1 11870 11849.8 11831.1 11824.3 11814.4 11808.9 11797.6 
11924.4 11910.8 11913.4 11921.2 11931.2 11943.5 11954.7 11987.5 12090.1 12116.2 11947.7 11673.6 11376.5 11146.5 11019.6 10976 10982.7 10979.3 10985.1 10991 10984.6 11087.5 11280.9 11559.5 11822.1 11968 12019.6 11919.2 11868 11843.7 11838.5 11830.8 11821.7 11803.5 11798.4 
11916.8 11907.3 11915.8 11921.3 11928.7 11935.8 11948.7 11968.8 12043.1 12088.6 12108.7 11880.2 11582.7 11322.7 11110.6 11024.8 10996.8 11001.5 11009.1 11013.2 11030.9 11206 11414.5 11700.3 11933.2 11983.8 11978.2 11910.3 11862.2 11850.4 11845.9 11829.3 11819.6 11803.1 11793.3 
11913.7 11913.7 11915.4 11922 11928 11934 11945.6 11968.3 11968.9 12030.5 12189 12058.3 11829.6 11583.1 11324.9 11188.7 11114.4 11072.4 11109.8 11131.1 11230.1 11438 11674.1 11959.2 12030.6 11974 11927 11883.6 11862.4 11862.6 11848.9 11833.4 11815.6 11806.5 11803.3 
11907 11902.2 11908 11919.7 11921.8 11924.7 11928.9 11928.1 11940.7 11983.3 12045.6 12135.4 12139.5 11885.3 11630.1 11463.3 11360.8 11333.5 11416.5 11465.4 11601.7 11723.6 11906.4 12048.8 12034.8 11956.2 11904.3 11877.4 11860.3 11858.6 11845.2 11833.1 11817.8 11811.7 11800.3 
11906.7 11904.7 11907.9 11911.5 11914.6 11915.8 11915.7 11923.3 11936.6 11948.2 11987.4 12090 12270.3 12102.7 11973.3 11834.2 11721.5 11670.4 11732 11844.8 11929.4 11944.7 12004.9 12034 11995.7 11941.3 11904 11886.9 11869.2 11852.1 11835.5 11807.3 11803 11807.5 11794.6 
11904.4 11902.8 11907.8 11905.5 11907.2 11908.5 11908.3 11908.2 11920.4 11940.2 11936.7 11975.1 12029.4 12090.2 12104.9 12068.5 11994.5 11936.3 11971.5 12018.9 12053.8 12037.8 12032 12027.9 11949.2 11896.2 11889.8 11893.9 11879.5 11865.9 11839.1 11817.7 11811.5 11804.3 11794.3 
11909.5 11901.7 11903.8 11900.9 11901.7 11905.5 11908.7 11910 11923.5 11926.5 11909.7 11932 11954.1 11976.5 12014.9 12094.2 12061.7 12064 12066.9 12060.4 12058.8 12015.8 11986.5 11934 11896.9 11883.6 11879.3 11879.8 11879.2 11840.6 11827.8 11819.7 11818.2 11806 11797.1 
11896.9 11897 11902.7 11897.8 11899.6 11908.9 11917.5 11921.1 11922.3 11922 11916.3 11935.7 11928.6 11922.6 11944.9 11981.1 11989.8 11984.6 11995.1 11973.5 11951.8 11945.5 11921.3 11884.1 11873.7 11876.2 11873.9 11868.9 11877.1 11837.2 11824.2 11827.7 11821.2 11809.8 11808.4 
11913 11902.4 11907.3 11888.6 11901 11913.1 11924.5 11919.5 11918.3 11919.4 11928.9 11922.6 11923.3 11905.3 11914.1 11925.5 11932.9 11934.6 11932.9 11909.1 11897.2 11891.7 11882.3 11878.8 11873.5 11865.6 11873.4 11891 11846.6 11834.4 11827.1 11825.5 11817.2 11812.3 11823.6 
11906.8 11920.6 11921.4 11914.4 11910.6 11917.3 11921.3 11914.1 11911 11927.2 11931.7 11950.5 11931.8 11925.2 11921 11919.8 11912.7 11909.7 11909.8 11898.3 11876.9 11868.1 11863.3 11864.5 11864.4 11858.4 11868 11872.7 11859.2 11842.5 11831.5 11824.8 11825.7 11819.1 11824.4 
11910.8 11918.1 11925.1 11919.7 11914.5 11920.3 11928.8 11923.2 11915.8 11914.3 11922 11929.1 11930.2 11932.6 11925.1 11919.9 11911.7 11909.1 11911.2 11891.4 11869.8 11868.9 11869.2 11864.4 11858.5 11863.6 11867.4 11865.1 11856.3 11844.7 11832.3 11823.4 11825.8 11835.6 11824.4 
11909.2 11912.6 11916.3 11915 11918.3 11919.3 11922.1 11928.6 11914.9 11915.8 11919.9 11924.5 11921.6 11911.2 11918 11915.3 11908.4 11905.7 11907.2 11905.3 11899.2 11890.4 11882.4 11881.5 11881.9 11873.7 11872 11870.7 11867 11861.9 11849.3 11836 11831.3 11831.3 11830.6 
11908.5 11909.8 11911.5 11918.4 11923.6 11923.7 11932.7 11949.6 11928.6 11916.7 11919.8 11918.4 11916.5 11909.3 11904.1 11903.3 11902.1 11903.8 11905.3 11901.3 11892.8 11887.6 11904.8 11888.2 11883.2 11881.3 11872.9 11869.5 11870.4 11865 11843.9 11842.7 11837.4 11824.4 11817.8 
11909.8 11908.9 11908.2 11909.5 11918.1 11933.3 11933.7 11927.1 11927.5 11921.7 11923.3 11919.4 11921.5 11913.2 11907.1 11906.4 11907.7 11906.8 11908.8 11919.5 11901.7 11882.2 11877.2 11883.9 11878.1 11879.8 11883.7 11876.1 11868.2 11862.6 11861.9 11836.6 11826.9 11821.5 11817.3 
11907.1 11909.9 11913.7 11907.9 11923.6 11933.2 11933.2 11929.7 11927.9 11920.2 11921.2 11933.1 11945 11928.8 11924.8 11925.3 11917.5 11913.9 11917.5 11914.2 11907.9 11895 11893.4 11886.7 11891.6 11884.8 11869.9 11867.2 11858.8 11845.3 11834 11827.7 11823 11819.5 11820.5 
