real_craters/C085-750m.grd
DSAA
81 81
-29.9075 29.9075
-29.9075 29.9075
8787.9145119816 9974.5849043703
[rows 0 to 38 of 81, columns 0 to 80 of 81]
9523 9520 9518 9517 9517 9518 9519 9521 9526 9528 9517 9499 9503 9533 9558 9577 9594 9581 9565 9556 9543 9532 9523 9515 9508 9503 9498 9500 9499 9496 9493 9490 9488 9488 9490 9490 9494 9501 9506 9513 9518 9523 9531 9540 9549 9559 9568 9579 9590 9603 9614 9621 9631 9628 9624 9619 9615 9616 9598 9578 9566 9569 9573 9574 9574 9574 9574 9574 9576 9579 9574 9577 9577 9578 9582 9584 9582 9583 9600 9610 9615
9525 9523 9521 9521 9520 9519 9518 9519 9522 9527 9526 9501 9515 9535 9554 9573 9592 9589 9568 9555 9541 9531 9522 9514 9507 9502 9500 9499 9495 9493 9491 9490 9489 9486 9491 9489 9494 9505 9514 9517 9521 9526 9531 9540 9549 9558 9566 9576 9587 9603 9618 9621 9627 9625 9621 9617 9615 9610 9600 9568 9562 9563 9566 9567 9559 9552 9555 9558 9560 9561 9560 9564 9567 9569 9573 9572 9576 9589 9597 9611 9608
9525 9525 9525 9524 9522 9520 9518 9517 9516 9528 9537 9520 9516 9532 9554 9570 9586 9590 9567 9552 9535 9528 9520 9513 9507 9503 9507 9493 9491 9491 9491 9491 9491 9490 9489 9493 9500 9506 9515 9520 9528 9532 9535 9544 9552 9559 9565 9573 9581 9594 9614 9625 9627 9624 9620 9614 9610 9604 9591 9565 9561 9559 9559 9555 9546 9535 9541 9546 9549 9549 9550 9554 9558 9565 9574 9576 9573 9587 9588 9591 9595
9525 9525 9525 9525 9524 9522 9520 9519 9520 9535 9535 9514 9518 9535 9555 9569 9582 9564 9561 9549 9534 9525 9518 9512 9508 9507 9511 9499 9492 9492 9493 9493 9493 9491 9494 9499 9505 9512 9520 9526 9538 9546 9549 9551 9556 9561 9567 9572 9578 9587 9617 9618 9638 9626 9615 9606 9596 9586 9578 9554 9555 9554 9552 9547 9539 9532 9529 9533 9535 9537 9544 9546 9550 9565 9575 9586 9566 9569 9576 9575 9585
9524 9524 9525 9526 9525 9524 9525 9525 9528 9541 9536 9509 9522 9543 9557 9567 9574 9581 9562 9544 9530 9522 9517 9513 9509 9510 9512 9503 9496 9494 9495 9495 9496 9497 9501 9507 9514 9524 9534 9542 9552 9556 9555 9559 9562 9566 9570 9574 9577 9585 9609 9653 9628 9620 9609 9598 9588 9578 9566 9544 9546 9550 9547 9539 9532 9530 9527 9527 9528 9528 9534 9541 9551 9559 9567 9567 9564 9566 9569 9572 9584
9523 9523 9523 9525 9525 9526 9531 9535 9539 9544 9525 9516 9524 9541 9556 9561 9565 9565 9557 9543 9526 9521 9517 9514 9511 9511 9515 9507 9501 9499 9498 9498 9499 9505 9508 9514 9524 9540 9548 9558 9562 9563 9563 9564 9567 9570 9573 9574 9578 9584 9596 9601 9621 9612 9601 9588 9577 9572 9559 9543 9546 9547 9547 9542 9530 9531 9529 9527 9525 9524 9530 9537 9544 9553 9556 9556 9557 9563 9570 9573 9588
9521 9523 9524 9525 9527 9531 9537 9544 9553 9558 9533 9525 9525 9532 9546 9553 9556 9555 9550 9545 9533 9526 9520 9516 9514 9515 9516 9512 9506 9504 9503 9504 9505 9507 9511 9517 9526 9540 9551 9561 9566 9566 9566 9568 9571 9575 9579 9582 9581 9593 9594 9587 9599 9594 9586 9578 9570 9565 9551 9536 9542 9545 9546 9541 9531 9533 9531 9528 9526 9526 9529 9533 9538 9546 9549 9550 9551 9571 9563 9562 9578
9520 9522 9523 9525 9528 9533 9541 9551 9566 9586 9558 9539 9531 9530 9537 9544 9549 9550 9545 9534 9527 9525 9520 9518 9517 9519 9519 9515 9510 9508 9507 9507 9509 9512 9513 9521 9528 9536 9548 9557 9563 9565 9567 9569 9573 9578 9583 9585 9584 9588 9586 9584 9578 9579 9575 9570 9564 9555 9540 9534 9540 9543 9540 9537 9536 9537 9532 9529 9530 9527 9529 9532 9535 9538 9542 9547 9554 9512 9497 9542 9568
9517 9520 9524 9527 9529 9534 9541 9552 9566 9594 9584 9557 9539 9529 9533 9538 9539 9539 9541 9540 9532 9520 9517 9519 9519 9525 9526 9521 9515 9512 9510 9509 9511 9516 9519 9525 9528 9533 9543 9550 9556 9562 9565 9568 9573 9579 9584 9588 9578 9580 9582 9576 9568 9567 9564 9561 9555 9545 9534 9534 9538 9540 9539 9537 9537 9537 9532 9530 9533 9529 9530 9532 9534 9535 9538 9543 9565 9544 9531 9548 9560
9515 9518 9522 9525 9529 9535 9542 9552 9565 9586 9598 9566 9539 9525 9531 9534 9535 9530 9520 9535 9548 9514 9513 9522 9530 9530 9532 9523 9518 9516 9514 9512 9512 9521 9522 9524 9527 9531 9540 9547 9553 9554 9558 9565 9571 9577 9582 9585 9568 9573 9581 9574 9567 9561 9556 9551 9544 9536 9532 9534 9536 9538 9540 9540 9539 9537 9532 9530 9535 9535 9534 9534 9534 9535 9536 9539 9548 9561 9571 9565 9572
9512 9515 9517 9522 9529 9536 9544 9552 9568 9599 9586 9561 9535 9520 9526 9529 9532 9529 9484 9461 9530 9505 9508 9521 9534 9521 9515 9519 9518 9521 9519 9516 9512 9525 9523 9524 9529 9532 9537 9542 9548 9548 9554 9562 9568 9575 9577 9578 9565 9569 9582 9577 9566 9558 9550 9541 9534 9530 9532 9535 9533 9534 9544 9543 9540 9538 9532 9530 9535 9535 9536 9536 9536 9537 9537 9537 9543 9552 9562 9571 9582
9510 9513 9516 9520 9529 9538 9545 9554 9572 9599 9580 9552 9525 9512 9520 9521 9522 9521 9526 9498 9508 9499 9504 9513 9516 9510 9509 9521 9536 9529 9525 9523 9531 9530 9537 9536 9533 9534 9537 9538 9541 9544 9552 9560 9568 9574 9576 9570 9561 9575 9589 9588 9575 9561 9548 9537 9533 9532 9530 9533 9532 9532 9538 9537 9535 9532 9529 9528 9531 9535 9536 9536 9536 9535 9536 9536 9542 9554 9561 9570 9580
9510 9514 9518 9523 9534 9542 9550 9558 9574 9591 9574 9548 9517 9504 9509 9510 9510 9506 9501 9509 9504 9496 9503 9511 9512 9505 9509 9520 9525 9529 9526 9524 9527 9537 9539 9540 9542 9537 9537 9537 9539 9543 9550 9559 9568 9575 9579 9575 9567 9586 9594 9589 9576 9561 9546 9536 9533 9532 9532 9532 9531 9531 9533 9531 9529 9527 9526 9525 9531 9536 9536 9536 9535 9535 9534 9536 9546 9556 9560 9567 9573
9510 9515 9522 9530 9542 9548 9555 9561 9570 9585 9584 9552 9514 9496 9494 9496 9498 9498 9495 9501 9501 9496 9511 9514 9512 9511 9514 9521 9532 9530 9524 9518 9514 9530 9537 9538 9537 9534 9533 9533 9538 9543 9550 9559 9569 9577 9586 9594 9577 9594 9596 9586 9570 9553 9543 9537 9533 9535 9531 9531 9531 9530 9530 9525 9526 9526 9525 9524 9528 9533 9534 9534 9534 9533 9534 9537 9545 9556 9561 9566 9570
9511 9518 9526 9536 9547 9551 9558 9565 9569 9584 9596 9557 9521 9501 9487 9488 9493 9495 9495 9497 9498 9497 9527 9523 9516 9515 9516 9519 9523 9520 9517 9514 9510 9515 9524 9528 9525 9528 9527 9534 9537 9539 9547 9557 9568 9578 9589 9598 9580 9597 9598 9586 9567 9549 9543 9537 9533 9531 9531 9532 9531 9530 9527 9524 9525 9526 9525 9524 9525 9528 9530 9532 9533 9533 9537 9537 9546 9555 9561 9566 9571
9513 9522 9530 9538 9546 9552 9560 9571 9581 9613 9600 9555 9513 9501 9488 9489 9494 9496 9495 9496 9496 9512 9544 9518 9512 9508 9515 9514 9508 9505 9509 9516 9514 9512 9523 9526 9525 9527 9530 9542 9536 9537 9545 9555 9566 9576 9583 9585 9585 9593 9594 9587 9575 9561 9547 9538 9533 9531 9532 9533 9531 9528 9524 9524 9525 9525 9525 9524 9523 9526 9529 9532 9534 9537 9539 9540 9548 9558 9564 9570 9573
9517 9526 9533 9536 9543 9551 9560 9568 9595 9616 9602 9544 9491 9484 9489 9493 9503 9512 9514 9510 9497 9514 9542 9516 9526 9539 9526 9514 9503 9498 9504 9507 9511 9520 9532 9524 9525 9527 9531 9535 9533 9536 9543 9551 9560 9568 9579 9586 9597 9597 9595 9593 9587 9578 9554 9540 9536 9534 9533 9534 9532 9528 9526 9525 9526 9526 9525 9524 9522 9526 9530 9533 9537 9539 9542 9545 9551 9557 9568 9575 9574
9525 9533 9538 9540 9541 9549 9566 9587 9615 9593 9585 9533 9483 9479 9484 9495 9515 9539 9563 9546 9506 9555 9569 9538 9540 9549 9535 9521 9508 9502 9512 9517 9529 9527 9527 9527 9526 9529 9531 9531 9531 9535 9541 9546 9553 9562 9576 9590 9602 9600 9600 9599 9596 9589 9558 9549 9546 9535 9534 9534 9532 9527 9527 9524 9524 9526 9526 9524 9524 9526 9530 9535 9540 9545 9550 9552 9556 9563 9570 9577 9574
9540 9541 9545 9551 9550 9546 9564 9593 9598 9584 9577 9522 9481 9479 9482 9500 9525 9545 9553 9556 9538 9548 9554 9547 9536 9534 9536 9531 9524 9515 9534 9548 9543 9537 9534 9528 9531 9534 9535 9533 9531 9536 9539 9542 9545 9550 9564 9598 9617 9611 9607 9605 9601 9591 9559 9540 9538 9536 9533 9534 9532 9529 9529 9527 9528 9528 9528 9527 9523 9527 9533 9539 9544 9548 9553 9555 9561 9569 9572 9571 9572
9543 9542 9545 9552 9552 9541 9547 9571 9609 9593 9549 9506 9478 9486 9510 9530 9534 9541 9549 9538 9550 9538 9534 9537 9535 9537 9542 9545 9549 9560 9558 9560 9555 9549 9546 9529 9535 9540 9546 9541 9533 9534 9537 9537 9536 9535 9534 9539 9637 9629 9617 9612 9606 9593 9562 9541 9537 9533 9532 9533 9531 9528 9530 9529 9530 9530 9531 9537 9532 9533 9539 9543 9548 9552 9556 9558 9566 9572 9571 9568 9569
9528 9536 9540 9539 9533 9532 9541 9575 9627 9595 9539 9493 9473 9489 9518 9537 9533 9531 9525 9521 9535 9531 9526 9520 9541 9552 9554 9559 9565 9573 9570 9569 9577 9564 9557 9541 9541 9547 9551 9544 9547 9542 9541 9540 9536 9533 9529 9538 9644 9637 9625 9618 9611 9602 9567 9543 9537 9534 9534 9534 9533 9527 9527 9529 9528 9528 9533 9536 9538 9539 9543 9546 9551 9556 9561 9566 9573 9576 9576 9569 9571
9524 9534 9535 9530 9527 9532 9547 9578 9614 9584 9530 9486 9470 9484 9503 9514 9521 9523 9523 9525 9531 9534 9512 9509 9550 9562 9565 9567 9571 9574 9576 9588 9601 9579 9571 9553 9548 9557 9563 9552 9548 9550 9547 9544 9541 9542 9550 9580 9626 9632 9628 9622 9616 9607 9583 9556 9546 9539 9536 9537 9534 9528 9528 9532 9525 9515 9524 9553 9543 9541 9543 9547 9554 9560 9566 9574 9577 9577 9573 9567 9575
9542 9543 9534 9524 9516 9535 9558 9577 9589 9566 9531 9491 9474 9480 9489 9496 9509 9520 9527 9529 9529 9530 9511 9513 9547 9561 9566 9569 9573 9577 9581 9590 9594 9587 9583 9571 9570 9578 9580 9582 9567 9559 9553 9551 9551 9552 9561 9575 9592 9617 9628 9629 9625 9616 9605 9584 9562 9540 9542 9546 9542 9536 9533 9536 9525 9501 9452 9462 9528 9548 9550 9552 9557 9563 9569 9578 9580 9578 9573 9568 9582
9575 9558 9540 9523 9510 9520 9558 9568 9558 9548 9525 9490 9476 9481 9487 9489 9508 9521 9530 9531 9529 9536 9528 9532 9548 9557 9562 9566 9572 9577 9585 9590 9582 9581 9587 9611 9615 9600 9596 9610 9594 9578 9565 9562 9560 9560 9561 9571 9586 9613 9628 9632 9629 9626 9623 9612 9593 9552 9553 9558 9571 9570 9553 9540 9532 9521 9517 9533 9546 9558 9559 9559 9562 9567 9572 9583 9585 9582 9581 9582 9593
9587 9568 9546 9526 9512 9515 9536 9586 9575 9540 9507 9482 9480 9486 9497 9517 9520 9524 9529 9530 9527 9534 9535 9542 9548 9550 9556 9563 9570 9575 9586 9584 9580 9589 9587 9608 9612 9611 9604 9625 9620 9599 9579 9578 9577 9573 9573 9575 9586 9617 9635 9637 9636 9635 9639 9645 9612 9584 9572 9568 9568 9585 9574 9545 9546 9547 9559 9565 9568 9573 9567 9563 9568 9575 9578 9587 9588 9586 9587 9591 9602
9584 9568 9550 9533 9518 9523 9554 9579 9563 9534 9501 9480 9483 9491 9502 9515 9520 9523 9526 9526 9524 9536 9529 9542 9533 9541 9551 9560 9569 9578 9585 9574 9566 9564 9570 9584 9619 9629 9641 9659 9646 9629 9618 9607 9603 9595 9586 9596 9614 9634 9647 9646 9642 9639 9641 9659 9639 9612 9589 9575 9570 9588 9584 9571 9566 9564 9562 9563 9571 9579 9567 9562 9573 9588 9597 9595 9590 9589 9590 9594 9626
9557 9559 9550 9541 9536 9546 9556 9555 9552 9526 9498 9480 9485 9493 9501 9505 9511 9519 9524 9525 9525 9543 9539 9536 9525 9537 9548 9559 9568 9577 9579 9564 9565 9566 9564 9587 9629 9649 9652 9651 9678 9670 9646 9650 9643 9629 9622 9623 9624 9641 9654 9653 9650 9647 9647 9650 9645 9627 9605 9585 9575 9586 9593 9587 9583 9579 9566 9566 9570 9565 9563 9565 9576 9599 9624 9606 9594 9599 9600 9611 9651
9560 9549 9544 9542 9545 9552 9560 9554 9546 9521 9498 9486 9489 9496 9501 9503 9508 9517 9522 9525 9522 9535 9521 9524 9529 9536 9547 9558 9569 9578 9583 9584 9578 9581 9605 9629 9663 9739 9753 9742 9720 9723 9723 9717 9691 9658 9641 9640 9640 9649 9658 9656 9656 9660 9669 9668 9659 9644 9623 9601 9580 9594 9597 9600 9596 9596 9601 9592 9582 9574 9570 9573 9580 9593 9607 9609 9601 9617 9632 9630 9632
9534 9533 9533 9536 9544 9555 9553 9537 9528 9513 9496 9492 9494 9499 9505 9511 9516 9519 9519 9517 9519 9523 9523 9520 9531 9535 9545 9557 9568 9580 9585 9588 9597 9619 9663 9727 9804 9816 9751 9728 9722 9756 9780 9770 9723 9686 9667 9676 9669 9659 9658 9658 9659 9666 9672 9698 9689 9672 9648 9622 9599 9599 9599 9602 9602 9603 9608 9609 9598 9586 9579 9580 9581 9582 9581 9585 9606 9631 9661 9663 9631
9525 9518 9519 9524 9531 9541 9536 9521 9516 9507 9495 9491 9495 9502 9509 9516 9520 9521 9519 9517 9507 9528 9531 9537 9522 9534 9543 9557 9568 9583 9591 9594 9598 9647 9719 9752 9745 9522 9455 9479 9513 9535 9642 9680 9699 9729 9704 9705 9686 9671 9661 9660 9657 9658 9668 9685 9724 9696 9671 9647 9624 9608 9603 9607 9606 9606 9622 9629 9612 9593 9584 9586 9582 9575 9573 9585 9614 9626 9638 9642 9644
9508 9504 9509 9512 9515 9517 9524 9527 9519 9510 9497 9493 9496 9505 9514 9522 9530 9525 9521 9517 9517 9541 9532 9558 9525 9531 9541 9556 9566 9579 9598 9600 9622 9714 9771 9653 9477 9328 9307 9292 9275 9277 9336 9427 9595 9790 9771 9731 9695 9691 9680 9663 9653 9650 9656 9670 9702 9699 9687 9676 9658 9625 9623 9620 9616 9616 9639 9642 9624 9605 9590 9588 9582 9573 9572 9584 9595 9606 9610 9608 9622
9510 9502 9501 9502 9505 9510 9517 9521 9523 9521 9512 9504 9503 9513 9520 9523 9525 9523 9523 9523 9533 9545 9538 9543 9539 9539 9544 9553 9562 9567 9591 9645 9714 9768 9691 9501 9321 9279 9199 9140 9111 9136 9143 9221 9409 9632 9786 9797 9760 9728 9698 9669 9651 9653 9663 9666 9678 9691 9696 9701 9700 9683 9670 9644 9626 9631 9637 9638 9630 9620 9612 9591 9575 9576 9578 9582 9588 9593 9599 9606 9616
9506 9499 9496 9495 9495 9501 9508 9517 9526 9533 9545 9533 9531 9533 9530 9526 9520 9522 9527 9530 9528 9560 9547 9570 9562 9550 9550 9555 9570 9592 9677 9805 9890 9700 9458 9327 9220 9127 8938 8935 8973 9016 9043 9108 9207 9337 9647 9794 9813 9772 9726 9692 9650 9611 9680 9666 9674 9687 9695 9701 9706 9704 9698 9657 9625 9620 9624 9630 9633 9633 9628 9601 9576 9575 9575 9580 9579 9585 9594 9604 9601
9504 9504 9496 9493 9488 9482 9500 9510 9520 9531 9516 9552 9565 9555 9540 9528 9520 9521 9528 9540 9549 9543 9555 9569 9566 9558 9556 9563 9588 9648 9808 9937 9853 9491 9263 9159 9052 8915 8842 8843 8881 8911 8965 9038 9066 9159 9422 9688 9793 9796 9793 9751 9687 9665 9683 9677 9682 9691 9698 9696 9698 9697 9684 9647 9613 9615 9614 9624 9632 9638 9638 9617 9601 9602 9596 9584 9580 9583 9588 9590 9599
9491 9496 9490 9495 9495 9484 9490 9506 9515 9525 9536 9559 9586 9565 9545 9531 9521 9522 9531 9543 9546 9550 9562 9573 9561 9565 9570 9584 9623 9727 9949 9885 9617 9282 9131 9048 8965 8874 8830 8822 8837 8861 8901 8951 8986 9056 9263 9540 9703 9778 9819 9799 9717 9670 9671 9682 9693 9701 9707 9704 9691 9679 9669 9637 9613 9614 9618 9623 9630 9637 9639 9618 9591 9580 9580 9583 9587 9587 9589 9591 9606
9471 9441 9484 9501 9515 9508 9483 9499 9509 9514 9523 9547 9570 9554 9541 9529 9520 9521 9532 9543 9555 9547 9572 9577 9582 9577 9582 9601 9641 9747 9975 9689 9444 9172 9072 8998 8925 8857 8823 8816 8821 8834 8862 8906 8942 8990 9109 9353 9554 9721 9857 9881 9737 9680 9698 9692 9703 9713 9718 9722 9689 9658 9638 9632 9627 9622 9619 9624 9626 9626 9629 9608 9586 9579 9573 9579 9587 9593 9594 9601 9629
9476 9496 9495 9507 9517 9504 9481 9491 9502 9511 9519 9526 9525 9532 9532 9527 9520 9521 9532 9541 9543 9549 9573 9582 9577 9578 9591 9616 9660 9747 9861 9568 9350 9131 9044 8967 8903 8845 8815 8807 8809 8817 8837 8881 8924 8962 9027 9198 9427 9645 9819 9871 9746 9715 9750 9718 9725 9730 9722 9706 9668 9646 9643 9634 9627 9625 9629 9627 9621 9611 9593 9581 9584 9583 9570 9577 9587 9593 9595 9603 9621
9477 9486 9494 9507 9515 9499 9483 9487 9495 9503 9507 9515 9519 9526 9529 9528 9526 9528 9536 9545 9553 9569 9565 9580 9573 9579 9596 9625 9675 9776 9780 9472 9287 9098 9013 8946 8889 8838 8804 8800 8803 8812 8833 8871 8912 8950 9007 9126 9341 9577 9771 9860 9760 9742 9752 9759 9771 9754 9720 9683 9645 9643 9637 9634 9638 9653 9649 9633 9618 9603 9586 9577 9583 9584 9574 9581 9585 9586 9592 9601 9617
9472 9477 9488 9501 9512 9497 9484 9485 9491 9497 9502 9512 9523 9530 9533 9532 9530 9529 9540 9549 9563 9572 9560 9568 9567 9577 9595 9626 9674 9786 9804 9456 9244 9052 8981 8929 8875 8813 8793 8792 8797 8808 8830 8851 8893 8946 8994 9079 9296 9534 9735 9838 9793 9747 9732 9784 9826 9782 9720 9675 9667 9647 9637 9636 9647 9656 9651 9635 9619 9602 9587 9577 9581 9587 9593 9595 9589 9583 9593 9604 9614
