real_craters/C085-500m.grd
DSAA
121 121
-29.9075 29.9075
-29.9075 29.9075
8787.039374382 9984.6424779818
[rows 0 to 29 of 121, columns 0 to 66 of 121]
9522.67 9520.59 9519.03 9517.99 9517.57 9517.33 9517.37 9517.39 9517.88 9518.83 9520.33 9522.51 9525.5 9527.91 9526.41 9517.13 9503.38 9499.95 9503.4 9521.41 9542.43 9558.49 9569.26 9585.17 9593.54 9585.57 9576.07 9565.17 9558.35 9549.86 9543.08 9535.57 9528.93 9522.69 9517.26 9512.06 9507.57 9504.05 9501.28 9498.39 9497.87 9500.46 9498.94 9496.55 9494.74 9492.92 9491.15 9489.67 9488.41 9488.1 9489.1 9489.61 9490.34 9490.46 9493.84 9498.42 9502.53 9505.85 9511.09 9514.25 9517.54 9521.1 9525.49 9531.34 9537.51 9543.23 9549.39
9524.13 9522.42 9521.23 9520.36 9520.07 9519.46 9519.07 9518.53 9518.43 9518.53 9519.6 9521.39 9524.14 9525.91 9526.38 9522.17 9504.97 9501.3 9514.46 9528.99 9541.47 9554.98 9565.43 9582.14 9593.69 9594.39 9581.28 9567.11 9559.33 9549.28 9542.06 9534.86 9528.37 9522.36 9517.02 9511.9 9507.49 9503.9 9501.35 9498.71 9495.46 9499.43 9496.75 9494.82 9493.15 9492.01 9490.94 9489.53 9488.24 9487.48 9489.72 9491.88 9488.46 9490 9492.88 9500.96 9508.75 9512.17 9513.86 9516.83 9519.97 9523.13 9526.49 9529.93 9536.24 9543.01 9549.2
9524.96 9523.8 9522.94 9522.38 9522.23 9521.43 9520.44 9519.62 9518.94 9518.73 9518.39 9518.64 9521.01 9524.27 9529.21 9530.52 9510.73 9507.58 9515.75 9527.39 9540.3 9552.64 9563.91 9578.82 9589.83 9590.92 9582.28 9567.88 9557.65 9548.07 9539.65 9532.81 9526.93 9521.31 9516.15 9511.29 9507.04 9503.37 9502.19 9502.7 9501.12 9494.96 9493.39 9492.68 9491.68 9491.18 9490.7 9490.12 9489.54 9487.41 9483.69 9490.05 9489.03 9491.64 9495.43 9502.34 9505.94 9514.47 9517.23 9520.14 9523.06 9525.88 9529.01 9532.8 9538.03 9543.97 9549.65
9525.22 9524.67 9524.59 9524.77 9524.46 9523.19 9521.94 9520.58 9519.35 9518.24 9517.32 9516.15 9515.61 9523.26 9532.2 9537.13 9529.73 9515.85 9516.02 9524.05 9539.39 9553.65 9563.34 9576.23 9585.85 9590.97 9582.68 9567.41 9556.25 9545.7 9535.45 9530.59 9525.41 9520.34 9515.62 9511.15 9507 9503.66 9504.32 9507.35 9506.67 9491.24 9491.26 9490.65 9490.92 9491.08 9491.32 9491.32 9491.27 9490.86 9488.92 9489.24 9490.76 9494.6 9499.58 9504.56 9508.21 9514.56 9518.71 9522.88 9527.67 9530.88 9533.51 9535.21 9541.2 9546.47 9551.51
9525.25 9525.07 9525.15 9525.49 9525.51 9524.44 9523.07 9521.88 9520.6 9519.4 9518.15 9516.95 9518.03 9528.35 9536.35 9535.89 9523.81 9516.06 9516.99 9524.3 9540.85 9553.23 9563.21 9574.76 9583.34 9583.63 9574.21 9563.53 9553.66 9544.22 9535.28 9528.77 9523.23 9518.61 9514.43 9510.81 9507.58 9505.7 9507.13 9510.04 9506.41 9493.43 9491.75 9491.66 9491.51 9491.9 9492.3 9492.59 9492.77 9492.19 9489.23 9491.99 9494.74 9498.62 9502.61 9507.39 9512.31 9517.31 9521.78 9526.84 9534.34 9540.99 9542.29 9542.22 9546.68 9550.45 9554.28
9524.72 9524.86 9525.07 9525.41 9526.28 9525.32 9524.09 9522.86 9521.79 9521.39 9520.24 9520.53 9522.8 9532.62 9540.41 9537.17 9510.24 9512.27 9519.2 9530.3 9545.11 9556.01 9564 9572.91 9580.07 9574.5 9565.05 9560.86 9551.24 9542.07 9532.4 9526.53 9521.64 9517.53 9514.18 9511.18 9508.52 9507.65 9509.17 9511.01 9506.79 9496.69 9493.54 9492.58 9492.54 9492.85 9492.93 9493.29 9493.5 9493.68 9494.56 9496.67 9499.88 9503.8 9507.69 9511.77 9516.75 9523.41 9528.27 9533.59 9542.36 9548.55 9551.26 9554.04 9553.26 9555.16 9558.01
9524.04 9524.31 9524.77 9525.38 9525.69 9525.67 9524.71 9523.93 9523.93 9525.2 9525.16 9525.77 9527.65 9538.38 9541.75 9536.34 9508.7 9512.29 9522.41 9536.03 9548.64 9556.76 9563.33 9569.5 9574.03 9577.36 9578.31 9561.97 9548.55 9539.83 9530.04 9524.02 9520.03 9517.09 9514.19 9511.54 9509.38 9508.75 9510.6 9511.84 9507.32 9499.17 9495.91 9494.51 9494.39 9494.66 9494.87 9495.03 9495.76 9497.03 9498.48 9500.73 9504.54 9508.62 9514.16 9519.83 9528.1 9533.85 9539.09 9544.56 9551.7 9556.32 9555.62 9555.05 9557.65 9559.45 9561.73
9523.2 9523.62 9524.07 9525.25 9526.56 9525.96 9525.24 9524.81 9527.57 9528.91 9530.69 9532.13 9534.08 9543.9 9538.82 9524.28 9514.11 9515.84 9524.33 9537.55 9549.95 9556.99 9561.44 9564.98 9567.32 9569.69 9569.57 9559.03 9547.95 9537.39 9526.12 9521.52 9519.23 9517.04 9514.53 9512.08 9509.99 9509.44 9511.96 9514.19 9509.99 9501.38 9499.1 9497.5 9496.95 9496.87 9497.15 9497.69 9498.18 9500.64 9503.86 9506.1 9509.65 9515.69 9521.66 9530.61 9540.14 9544.5 9550.19 9556.77 9559.6 9560.99 9560.95 9561.04 9561.69 9563.14 9565.1
9522.3 9522.86 9523.29 9522.95 9523.7 9525.02 9525.63 9526.5 9530.51 9533.05 9536.71 9539.89 9543.09 9547.06 9540.57 9526.73 9520.08 9519.46 9523.98 9531.07 9548.3 9556.68 9557.73 9560.02 9561.36 9560.74 9557.48 9554.09 9549.25 9543.88 9527.3 9522.33 9520.5 9517.97 9515.61 9513.42 9511.41 9510.91 9513.52 9515.28 9512.06 9506.26 9502.87 9501.15 9500.46 9500.06 9500.2 9500.65 9500.87 9501.32 9505.59 9509.02 9512.39 9516.7 9525.19 9537.26 9545.45 9550.37 9556.83 9564.84 9564.61 9563.8 9564.11 9564.49 9565.23 9566.65 9568.32
9521.27 9522.15 9522.97 9524.11 9524.41 9525.1 9526.67 9529.33 9533.2 9537.09 9541.78 9547.2 9552.88 9559.61 9551.13 9533.35 9526.03 9523.93 9525.22 9528.7 9537.69 9546.47 9551.05 9554.39 9556.4 9556.58 9553.28 9550.3 9547 9540.88 9533.34 9528.97 9523.24 9519.68 9516.85 9515.23 9514.38 9514.48 9515.69 9516.14 9513.75 9509.42 9506.41 9504.43 9503.68 9503.24 9503.28 9503.91 9504.82 9506.21 9508.49 9510.76 9514.3 9519.06 9526.2 9535.08 9544.37 9551.2 9557.56 9563.04 9566.45 9566.74 9565.97 9566.45 9567.35 9568.87 9571.07
9520.21 9521.23 9522.36 9523.15 9523.82 9525.39 9527.26 9530.2 9534.67 9539.89 9545.91 9553.8 9564.74 9577.95 9572.2 9546.61 9536.3 9531.77 9528.93 9528.87 9533.51 9538.77 9544.55 9548.75 9551.87 9554.22 9551.57 9546.76 9540.43 9533.46 9530.67 9528.28 9523.68 9520.36 9518.24 9516.86 9516.64 9517.32 9518.04 9518.4 9515.8 9512.4 9509.23 9507.11 9505.91 9505.17 9505.33 9506.53 9508.19 9511.4 9512.86 9512.59 9516.89 9522.44 9527.11 9533.21 9542.65 9549.32 9555.37 9561.14 9565.23 9566.13 9566.05 9567.21 9568.32 9570.05 9572.6
9518.73 9520.35 9521.92 9523.28 9524.46 9526.25 9528.42 9531.56 9535.2 9541.65 9548.43 9555.82 9565.55 9584.44 9598.6 9570.05 9550.82 9540.8 9533.84 9529.75 9531.08 9535.59 9540.31 9543.58 9545.93 9547.17 9545.4 9542.46 9537.26 9531.84 9527.01 9524.03 9521.13 9519.27 9518.19 9517.6 9516.93 9518.79 9520.76 9519.97 9518.11 9513.66 9511.33 9509.89 9508.74 9507.95 9507.63 9508.2 9509.79 9511.21 9513.97 9514.69 9520 9524.97 9527.9 9532.37 9539.85 9546.27 9551.83 9556.59 9558.9 9562.85 9565.48 9566.89 9568.38 9570.28 9573.12
9517.25 9519.26 9521.45 9523.87 9526.41 9527.51 9529.26 9532.29 9536.51 9541.5 9548.19 9555.74 9565.66 9582.93 9604.46 9583.88 9565.2 9550.15 9538.56 9531.12 9529.37 9533.32 9536.65 9538.63 9539.35 9538.23 9539.78 9541.46 9540.83 9539.81 9532.29 9522.46 9517.86 9516.97 9517.99 9518.87 9518.95 9522.52 9526.94 9526.31 9523.11 9518.78 9515.46 9513.07 9511.1 9509.58 9509.04 9509.8 9511.27 9513.99 9516.59 9519.34 9523.69 9527.6 9527.94 9530 9537 9543.23 9548.27 9551.9 9555.85 9560.12 9563.7 9564.7 9566.57 9569.48 9572.93
9515.53 9517.75 9520.19 9523.07 9526.33 9526.58 9529.15 9532.64 9536.8 9542.29 9548.27 9556.09 9564.89 9572.08 9600.54 9596.67 9574.39 9555.34 9539.5 9529.75 9527.07 9531.5 9534.03 9535.79 9535.73 9533.5 9538.5 9542.36 9536.44 9552.92 9545.28 9521.17 9513.85 9514.32 9518.09 9522.58 9524.34 9527.78 9532.84 9536.41 9526.73 9521.27 9518.09 9515.57 9513.95 9513.31 9511.96 9510.96 9511.56 9516.37 9521.03 9520.63 9525.31 9527.49 9527.58 9528.85 9534.98 9540.87 9545.58 9550.29 9555.23 9556.36 9556.91 9560.36 9563.85 9567.44 9571.44
9513.76 9515.93 9518.06 9519.94 9521.75 9525.3 9528.85 9532.82 9537.28 9542.66 9548.15 9555.48 9565.79 9580.14 9604.08 9595.08 9575.43 9555.21 9537.9 9525.7 9525.48 9529.4 9531.69 9533.43 9534.51 9533.59 9517.33 9490.09 9501.69 9523.24 9544.73 9520.96 9509.25 9511.57 9518.53 9527.69 9535.62 9530.42 9526.56 9525.04 9523.09 9520 9517.65 9517.41 9516.88 9515.63 9514.11 9512.34 9511.9 9518.44 9523.13 9522.01 9522.13 9524.36 9526.85 9527.81 9533.87 9538.98 9542.97 9547.25 9551.91 9551.72 9552.25 9556.8 9561.42 9565.54 9569.98
9512.1 9514.11 9515.99 9517.46 9519.59 9524.19 9528.61 9533.27 9538.15 9543.52 9549.29 9555.85 9567.71 9590.12 9597.37 9586.05 9571.34 9552.26 9535.11 9522.33 9521.67 9526.22 9528.49 9530.24 9532.12 9532.28 9515.56 9484.24 9473.9 9445.24 9530.29 9512.24 9503.52 9508.19 9516.2 9525.82 9533.55 9525.32 9516.88 9515.21 9518.2 9518.86 9517.88 9521.13 9520.75 9519.19 9517.06 9514.54 9512.29 9523.97 9523.33 9522.99 9521.62 9525.61 9528.99 9530.51 9533.4 9537.01 9540.14 9542.97 9547.71 9548.15 9549.08 9554.17 9558.9 9564.13 9568.29
9510.76 9512.85 9514.62 9516.25 9518.03 9522.75 9528.81 9534.36 9539.54 9544.76 9550.34 9557.25 9570.99 9593.24 9602.8 9583.58 9564.69 9545.61 9528.81 9517.31 9518.12 9522.5 9524.02 9525.05 9525.84 9525.29 9522.27 9524.46 9492.77 9474.82 9511.72 9502.24 9499.57 9504.89 9511.99 9518.01 9519.47 9516.06 9510 9510.64 9516.71 9523.63 9532.52 9528.63 9525.55 9522.66 9521.02 9520.15 9516.53 9515.08 9529.18 9530.98 9530.86 9531.65 9529.78 9530.51 9533.62 9535.85 9538.35 9539.66 9543.42 9545.08 9547.08 9552.32 9557.94 9563.34 9568.51
9510.07 9512.29 9514.43 9516.15 9518.38 9523.72 9530.31 9536.09 9541.33 9546.6 9552.28 9559.52 9572.53 9587.52 9589.92 9577.08 9558.79 9539.52 9522.36 9510.1 9513.35 9517.54 9517.78 9517.94 9517.52 9516.3 9514.79 9515.9 9508.68 9516.2 9510.06 9499.19 9498.34 9503.17 9509.37 9513.89 9514.14 9509.92 9505.12 9508.41 9516.39 9525.3 9533.83 9531.05 9527.8 9525.49 9524.58 9526.2 9532.99 9536.35 9538.52 9539.59 9539.18 9538.04 9535.86 9535.03 9536.25 9538.4 9537.74 9538.38 9540.5 9541.48 9545.17 9550.94 9556.54 9562.58 9568.16
9509.94 9512.45 9515.03 9517.7 9520.65 9526.56 9533.82 9539.6 9544.81 9549.89 9555.25 9562.39 9573.81 9587.71 9583.28 9573.51 9557.58 9537.19 9517.26 9503.52 9506.78 9509.48 9509.84 9510.03 9509.57 9507.47 9504.12 9500.53 9505.33 9512.77 9503.71 9496.86 9497.34 9503.17 9508.69 9512.25 9511.95 9507.62 9503.87 9508.69 9516.11 9523.02 9525.48 9528.51 9528.09 9525.59 9523.68 9523.7 9527.01 9533.75 9539.15 9539.39 9539.13 9540.97 9541.92 9538.22 9536.96 9536.87 9536.6 9537.19 9539.27 9541.91 9545.41 9550.35 9556.12 9561.87 9567.78
9510.27 9513.19 9516.45 9520.17 9524.68 9531.25 9538.59 9543.98 9548.8 9553.37 9558.07 9563.84 9572.31 9583.11 9585.35 9578.51 9561.34 9538.32 9514.67 9498.85 9499.01 9499.3 9499.8 9500.6 9501.15 9500.55 9498.35 9495.94 9499.61 9504.44 9502.19 9494.22 9498.02 9506.83 9510.75 9508.66 9509.55 9509.19 9507.42 9511.71 9517.64 9523.85 9530.01 9531.43 9528.43 9524.8 9521.42 9518.83 9519.17 9528.38 9536.92 9539.96 9539.54 9539.76 9540.53 9537.64 9535.38 9535.34 9534.36 9534.74 9538.04 9542.17 9545.31 9550.8 9556.62 9562.6 9568.72
9510.41 9514.17 9518.6 9523.52 9528.96 9536.43 9544.07 9547.82 9551.58 9555.88 9559.76 9563.21 9567.97 9573.84 9593.85 9587.93 9565.96 9540.35 9515.2 9497.78 9494.63 9490.86 9491.5 9493.26 9495.18 9496.09 9496.87 9495.43 9497.19 9501.28 9501.22 9493.85 9507.01 9515.98 9518.31 9519.26 9515.11 9514.4 9515.71 9515.46 9518.69 9524.3 9532.28 9532.57 9526.18 9521.73 9517.85 9514.23 9511.01 9517.22 9529.8 9532.98 9534.36 9533.85 9533.22 9532.81 9530.86 9528.36 9530.32 9534.46 9538.4 9540.99 9544.16 9549.14 9555.1 9561.39 9568.04
9510.9 9515.49 9520.55 9526.33 9532.57 9540.28 9547.13 9549.81 9553.3 9557.58 9562.64 9565.88 9568.56 9573.67 9598.93 9596.01 9571.26 9543.7 9520.71 9507.39 9496.78 9486.69 9487.23 9489.9 9492.57 9494.09 9495.29 9494.99 9495.8 9498.01 9497.74 9493.56 9512.45 9526.51 9524.89 9520.06 9516.33 9514.32 9515.83 9515.7 9517.48 9520.21 9522.59 9521.42 9519.06 9517.02 9515.13 9511.69 9510.07 9512.14 9518.56 9523.51 9526.86 9527.49 9525.22 9527.27 9527.44 9526.7 9530.93 9535.87 9536.89 9536.32 9541.85 9547.48 9553.52 9560.36 9567.62
9512.07 9517.52 9523.01 9528.65 9534.47 9541.5 9545.97 9550.17 9554.29 9559.69 9566.68 9574.77 9576.14 9585.63 9608.18 9599.35 9572.57 9542.1 9520.11 9513.97 9498.82 9486.21 9486.47 9489.84 9492.83 9494.46 9494.17 9494.11 9495.41 9495.66 9495.36 9497.17 9527.59 9539.41 9527.06 9515.89 9512.68 9509.35 9509.55 9514.03 9515.37 9514.51 9510.94 9507.94 9509.6 9511.3 9513.71 9517.13 9511.56 9506.87 9513.91 9522.29 9524.83 9525.4 9525.19 9525.85 9527.16 9529.36 9536.04 9542.14 9536.62 9536.44 9540.4 9545.88 9551.97 9559.37 9567.55
9514.33 9520.16 9525.52 9530.48 9534.78 9539.03 9544.13 9549.38 9553.95 9559.53 9565.96 9575.09 9587.02 9609.44 9618.92 9601.73 9569.92 9533.91 9502.87 9497.03 9494.16 9488.15 9488.44 9491.86 9496 9498.67 9497.22 9496.24 9498.06 9497.02 9495.87 9501.43 9535.95 9545.74 9524.91 9509.79 9513.96 9514.69 9515.71 9517.47 9515.56 9510.79 9505.33 9502.3 9503.25 9506.53 9510.8 9516.49 9515.31 9511.57 9518.22 9525.28 9525.18 9524.75 9525.19 9526.09 9527.64 9530.28 9535.15 9539.41 9534.84 9533.93 9538.93 9543.65 9548.97 9555.08 9563.74
9517.14 9523.46 9528.5 9532.53 9534.94 9536.43 9542.93 9548.46 9553.89 9559.75 9564.77 9576.42 9595.25 9610.32 9616.96 9602.43 9564.57 9524.67 9490.53 9483.25 9485.4 9488.85 9490.61 9495.52 9502.66 9509.52 9512.91 9514.06 9512.33 9506.05 9497.41 9507.33 9530.98 9542.42 9525.79 9513.96 9525.9 9538.71 9534.91 9526.08 9518.31 9510.82 9503.01 9496.17 9499.83 9504 9506.39 9507.25 9510.56 9517.02 9523.24 9531.53 9525.46 9524.01 9524.93 9526.25 9528.36 9530.88 9533.98 9534.55 9533.25 9534.6 9537.95 9542.54 9548 9553.5 9559.83
9521.62 9528.12 9532.83 9536.07 9537.95 9538.66 9541.44 9546.47 9554.35 9563.64 9571.97 9587 9608.22 9596.49 9599.77 9589.56 9556.71 9517.23 9486.99 9480.13 9481.15 9485.04 9490.83 9499.97 9511.66 9524.6 9539.67 9552.28 9547.13 9523.12 9501.79 9532.82 9544.05 9552.06 9537.51 9527.83 9538.11 9556.72 9547.73 9533.71 9522.83 9513.87 9504.91 9498.8 9501.95 9507.66 9510.02 9507.03 9521.93 9519.21 9525.1 9527.78 9526.6 9524.06 9525.15 9527.19 9529.17 9530.9 9532.79 9532.71 9532.37 9533.51 9537.05 9541.27 9545.4 9550.13 9555.64
9529.34 9534.35 9537.46 9540.59 9543.14 9543.58 9542.18 9544.53 9553.56 9568.09 9587.78 9602.37 9614.63 9592.73 9589.55 9581.8 9549.78 9510.4 9480.72 9477.31 9478.74 9482.63 9488.18 9502.92 9518.68 9534.7 9552.01 9567.42 9560.47 9537.52 9513.18 9539.34 9568.07 9571.48 9553 9541.59 9539.62 9541.13 9541.12 9535.25 9527.83 9519.89 9511.99 9505.36 9509.42 9518.4 9526.59 9532.71 9532.66 9533.6 9529.94 9531.33 9528.41 9530.8 9527.57 9529.56 9531.3 9531.56 9530.03 9530.38 9531.1 9533.85 9537.25 9540.08 9543.31 9546.78 9550.06
9539.73 9540.1 9541.87 9544.9 9549.32 9553.36 9550.04 9543.59 9550.32 9563.81 9584.36 9597.23 9597.99 9582.62 9583.96 9577.45 9541.56 9503.72 9480.53 9477.42 9480.39 9482.09 9488.69 9509.19 9525.17 9538.67 9550.27 9553.15 9558.61 9548.16 9538.41 9544.7 9551.79 9553.58 9550.23 9543.34 9536.11 9532.06 9534.9 9535.68 9533.17 9528.95 9523.85 9516.27 9523.13 9534.3 9543.91 9548.78 9542.7 9539.69 9534.64 9533.95 9527.24 9529.52 9531.16 9533.2 9534.87 9534.95 9532.9 9532.59 9531.26 9534.05 9537.04 9538.58 9540.82 9542.94 9544.57
9545.42 9542.55 9543.21 9546.29 9551.15 9558.18 9555.95 9541.98 9544.66 9552.2 9563.37 9586.21 9594.38 9596.11 9581.22 9559.39 9528.01 9495.62 9477.3 9479.32 9488.61 9499.72 9512.75 9523.7 9532.04 9539.7 9546.71 9553.69 9549.39 9545.58 9551.32 9551.3 9536.35 9540.86 9543.94 9539.62 9534.2 9530.76 9535.88 9539.25 9540.03 9540.07 9540.95 9545.25 9549.35 9551.13 9555.7 9558.08 9550.79 9545.37 9542.17 9540.29 9529.43 9530.53 9533.98 9537.1 9539.4 9541.54 9540.92 9537.01 9531.3 9533.08 9534.73 9536.67 9537.79 9538.58 9539.56
9538.66 9539.28 9541.12 9543.68 9546.76 9548.44 9545.1 9539.83 9538.96 9543.4 9554.63 9590.84 9624.81 9610.88 9578.38 9542.51 9513.95 9487.8 9476.99 9481.71 9496.22 9517.13 9539.48 9536.66 9535.66 9537.21 9539.48 9540.66 9532.8 9531.52 9545.15 9547.39 9532.2 9526.23 9527.34 9532.85 9537.57 9540.99 9543.35 9545.92 9548.13 9551.04 9555.81 9564.49 9567.93 9563.14 9559.54 9560.73 9560.9 9555.91 9551.91 9548.71 9534.52 9531.41 9536.76 9540.83 9545.02 9549.53 9549.97 9537.13 9536.36 9536.56 9536.91 9537.85 9538.16 9537.35 9535.71
