real_craters/C085-300m.grd
DSAA
200 200
-29.9075 29.9075
-29.9075 29.9075
8786.894350171 9993.1373934201
[rows 0 to 29 of 200, columns 0 to 66 of 200]
9522.67 9521.37 9520.2 9519.32 9518.53 9517.98 9517.71 9517.45 9517.33 9517.3 9517.37 9517.34 9517.48 9517.78 9518.29 9518.88 9519.69 9520.78 9522.12 9523.82 9525.68 9527.24 9528.16 9527.15 9522.83 9516.2 9507.92 9499.95 9499.47 9502.68 9502.74 9511.25 9528.77 9540.78 9550.92 9559.96 9565.73 9574.11 9583.9 9591.7 9593.04 9588.34 9582.58 9576.81 9570.29 9563.73 9559.37 9556.83 9550.33 9546.28 9541.95 9537.42 9533.21 9529.19 9525.49 9521.75 9518.52 9515.22 9512.18 9509.37 9506.85 9504.66 9502.96 9501.32 9499.36 9498.02 9497.54
9523.66 9522.45 9521.4 9520.63 9519.7 9519.18 9518.76 9518.91 9518.63 9518.46 9518.34 9518.25 9518.1 9518.18 9518.4 9518.98 9519.51 9520.33 9521.63 9523.52 9525.26 9526.17 9526.85 9526.41 9523.76 9518.34 9509.14 9499.51 9499.5 9504.13 9512.63 9524.16 9530.74 9540.02 9549.3 9557.32 9562.19 9571.84 9582.02 9590.89 9594.39 9592.34 9587.82 9580.48 9572.42 9564.96 9560.4 9557.74 9550.47 9545.92 9541.62 9537.06 9532.79 9528.71 9525.06 9521.58 9518.24 9514.9 9512.08 9509.31 9506.79 9504.69 9503.04 9501.48 9499.49 9497.57 9496.18
9524.3 9523.31 9522.43 9521.85 9521.29 9520.88 9520.82 9520.46 9520 9519.69 9519.36 9518.9 9518.68 9518.55 9518.52 9518.86 9519.11 9519.59 9520.61 9522 9523.44 9524.82 9526.03 9526.78 9526.24 9523.36 9515.38 9499.86 9501.31 9507.33 9516.61 9525.72 9532.3 9539.95 9548.1 9555.64 9560.81 9570.32 9580.07 9588.73 9593.69 9594.45 9591.56 9582.83 9573.88 9565.53 9559.52 9557.48 9549.4 9544.63 9540.53 9536.32 9532.21 9528.34 9524.72 9521.44 9518.09 9514.93 9511.97 9509.03 9506.67 9504.36 9502.58 9501.36 9500.18 9498.95 9496.7
9524.8 9524 9523.35 9522.84 9522.11 9522.04 9522.18 9521.75 9521.21 9520.75 9520.15 9519.7 9519.3 9518.96 9518.68 9518.65 9518.56 9518.63 9519.09 9519.99 9521.67 9523.27 9525.76 9528.21 9529.62 9528.2 9515.75 9504.04 9505.31 9509.88 9516.7 9524.32 9531.45 9539.2 9547.13 9553.94 9559.94 9568.92 9578.13 9586.16 9591.36 9592.43 9589.24 9583.1 9574.64 9565.96 9559.42 9556.3 9549.09 9543.42 9539.15 9534.94 9531.08 9527.32 9523.83 9520.52 9517.36 9514.37 9511.48 9508.85 9506.35 9504.09 9502.42 9501.88 9501.84 9501.88 9500.52
9525.01 9524.47 9524 9523.8 9523.44 9523.34 9523.02 9522.95 9522.37 9521.78 9521.11 9520.46 9519.88 9519.33 9518.6 9518.14 9518.07 9517.68 9517.45 9517.37 9517.84 9521.16 9525.19 9529.57 9533 9534.62 9528.84 9514.1 9511.44 9512.55 9516.6 9522.6 9529.87 9538.32 9546.89 9554.01 9559.83 9568.08 9576.51 9583.74 9588.9 9591.14 9589.57 9583.75 9574.9 9565.86 9557.86 9555.09 9548.81 9541.4 9536.74 9533.29 9529.81 9526.62 9523.45 9520.34 9517.25 9514.32 9511.43 9508.81 9506.25 9504.04 9502.56 9502.97 9504.1 9505.42 9504.76
9525.23 9524.87 9524.64 9524.63 9524.73 9524.78 9524.74 9524.21 9523.41 9522.69 9521.93 9521.19 9520.32 9519.54 9518.86 9518.19 9517.72 9517.12 9516.33 9515.63 9515.76 9520.33 9525.4 9531.25 9535.42 9537.11 9533.93 9523.84 9516.41 9514.72 9516.41 9520.23 9528.35 9537.83 9546.94 9554.47 9559.71 9567.43 9575.18 9581.78 9586.61 9590.04 9590.91 9583.71 9574.28 9565.52 9558.63 9553.32 9546.46 9539.55 9534.63 9531.91 9528.61 9525.59 9522.47 9519.52 9516.66 9513.91 9511.26 9508.72 9506.38 9504.31 9503.09 9504.33 9506.27 9507.78 9507.58
9525.23 9525.07 9524.96 9525.08 9525.1 9525.24 9525.41 9525.04 9524.25 9523.43 9522.6 9521.81 9521.08 9520.31 9519.52 9519.04 9518.2 9517.3 9516.47 9515.95 9516.82 9522.26 9529.26 9533.95 9536.88 9537.01 9531.95 9523.7 9517.83 9515.65 9516.68 9520.07 9528.11 9538.18 9547.31 9552.99 9559.23 9566.95 9574.28 9580.42 9584.62 9587.11 9587.09 9580.3 9571.32 9563.85 9557.26 9550.88 9544.97 9539.2 9535.36 9531.05 9527.33 9524.47 9521.15 9518.31 9515.56 9513.45 9510.93 9508.75 9506.71 9505.2 9504.75 9506.05 9508.07 9509.42 9507.38
9525.11 9525.06 9525.05 9525.19 9525.28 9525.52 9525.68 9525.52 9524.91 9524.11 9523.3 9522.5 9521.66 9520.9 9520.33 9519.54 9518.78 9518.12 9517.58 9517.64 9519.33 9525.11 9532.57 9536.66 9538.06 9533.81 9524.91 9518.32 9515.53 9515.66 9517.76 9521.56 9529.76 9540.04 9549.47 9555 9560.2 9566.92 9573.61 9579.44 9583.85 9582.56 9577.28 9570.11 9566.11 9561.25 9555.67 9550.89 9544.83 9537.84 9533.34 9529.78 9526.15 9523.07 9520.22 9517.58 9515.08 9512.92 9510.94 9508.94 9507.21 9506.12 9506.19 9507.61 9509.46 9510.72 9510.32
9524.8 9524.9 9524.91 9525.12 9525.2 9525.4 9525.94 9526 9525.44 9524.61 9523.84 9523.1 9522.31 9522.04 9521.4 9520.82 9520.44 9519.86 9519.54 9520.07 9522.26 9527.8 9534.63 9539.13 9540.38 9534.83 9513.72 9511.51 9512.27 9515.09 9519.34 9525.19 9533.36 9542.81 9551.76 9556.81 9561.31 9566.94 9572.67 9577.88 9581.39 9578.38 9566.63 9562.15 9563.59 9559.73 9554.22 9549.08 9543.05 9536.17 9531.72 9528.25 9524.92 9522.04 9519.59 9517.17 9514.88 9512.86 9510.93 9509.46 9507.96 9507.23 9507.44 9508.81 9510.33 9511 9509.08
9524.43 9524.57 9524.7 9524.86 9525.11 9525.44 9526.11 9526.33 9525.79 9524.98 9524.33 9523.7 9523.09 9522.99 9522.53 9522.18 9522.72 9522.39 9522.49 9523.06 9525.12 9530.74 9537.66 9541.27 9542.59 9537.84 9511.69 9508.34 9510.78 9515.45 9521.47 9528.96 9537.35 9545.43 9552.72 9557.08 9561.55 9566.37 9571.07 9575.37 9578.63 9578.5 9576.13 9573.69 9566.95 9559.88 9552.76 9546.78 9542.07 9535.52 9530.53 9526.93 9523.63 9521.02 9518.9 9516.75 9514.79 9513.06 9511.26 9509.83 9508.71 9508.31 9508.79 9509.88 9510.99 9511.1 9508.82
9524.01 9524.18 9524.37 9524.59 9524.98 9525.37 9525.69 9525.71 9525.79 9525.23 9524.71 9524.22 9523.83 9524.06 9523.85 9525.3 9525.31 9525.38 9525.87 9526.18 9528.06 9533.87 9540.41 9541.7 9540.8 9533.73 9510.71 9508.69 9511.49 9516.78 9523.68 9531.78 9540.26 9547.6 9553.73 9557.5 9561.41 9565.3 9568.9 9572.03 9574.07 9575.72 9579.26 9579.28 9569.07 9559.97 9551.8 9545.15 9540.33 9533.78 9528.95 9525.32 9522.47 9520.12 9518.13 9516.65 9514.87 9513.16 9511.64 9510.21 9509.14 9508.67 9509.36 9510.62 9511.76 9511.65 9509
9523.47 9523.75 9523.95 9524.22 9524.68 9525.15 9525.78 9526.02 9526.1 9525.54 9525.25 9524.74 9524.51 9524.43 9525.97 9527.78 9528.14 9528.84 9529.35 9530.14 9531.59 9537.08 9542.49 9540.64 9535.47 9525.86 9513.53 9511.22 9513.56 9518.36 9524.99 9533.43 9542.91 9548.88 9553.93 9557.62 9560.82 9563.7 9566.28 9568.37 9569.49 9570.99 9573.81 9572.59 9566.6 9558.81 9551.24 9544.34 9538.32 9532.07 9526 9522.78 9521.23 9519.53 9518.16 9516.6 9515.03 9513.45 9511.87 9510.54 9509.42 9508.98 9509.85 9511.42 9512.83 9513.11 9510.52
9522.96 9523.28 9523.48 9523.72 9524.05 9524.62 9525.05 9526.67 9525.89 9525.41 9525.36 9525.44 9525.33 9525.66 9529.32 9530.14 9531.07 9532.54 9533.56 9535.01 9536.25 9540.63 9544.18 9539.98 9532.1 9523.16 9517.41 9514.81 9516.05 9519.71 9525.15 9532.1 9540.12 9548.28 9555.3 9557.3 9559.73 9561.72 9563.63 9565.14 9566.27 9567.68 9568.12 9567.24 9562.27 9556.6 9550.61 9544.44 9538.46 9530.69 9524.81 9522.11 9520.73 9519.26 9518.19 9516.77 9515.3 9513.8 9512.43 9511.06 9509.86 9509.35 9510.49 9512.24 9513.9 9514.91 9512.5
9522.43 9522.75 9523.05 9523.3 9523.25 9522.41 9522.93 9523.45 9524.78 9525.17 9525.55 9525.92 9528.12 9529.13 9531.05 9532.58 9534.57 9536.3 9538.33 9540.14 9541.82 9545.7 9546.14 9541.34 9533.08 9525.27 9520.63 9518.13 9518.54 9520.92 9524.64 9529.29 9534.98 9546.48 9555.37 9557 9557.95 9559.23 9560.65 9561.75 9562.48 9562.43 9561.77 9559.28 9557.1 9554.09 9550.43 9546.27 9542.72 9532.19 9525.48 9522.36 9521.43 9520.1 9518.96 9517.45 9515.99 9514.65 9513.3 9512.01 9510.78 9510.18 9511.47 9513.18 9514.67 9515.06 9513.02
9521.87 9522.27 9522.7 9523.08 9523.55 9524.48 9525.04 9524.41 9524.89 9525.29 9525.99 9526.8 9529.12 9530.52 9532.98 9535.37 9537.69 9539.93 9542.82 9545.15 9546.96 9549.16 9550.26 9545.75 9537.18 9528.36 9523.66 9521.19 9520.99 9522.12 9524.52 9527.44 9531.73 9543.48 9554.47 9553.86 9554.67 9555.96 9557.24 9558.37 9558.92 9557.98 9557.28 9554.85 9553.45 9551.84 9550.08 9549.5 9546.19 9537.27 9528.86 9524.41 9523.67 9521.87 9520.08 9518.48 9516.91 9515.64 9514.42 9513.34 9512.35 9512.06 9513.08 9514.36 9515.4 9515.8 9513.8
9521.22 9521.74 9522.27 9522.79 9523.43 9524.06 9524.39 9524.4 9524.98 9525.66 9526.77 9528 9530.02 9531.59 9534.71 9537.44 9540.34 9543.27 9546.7 9550.5 9553.74 9557.15 9560.13 9553.84 9543.39 9532.42 9527.67 9525.29 9524.25 9524.32 9525.56 9527.27 9530.57 9536.29 9541.23 9546.58 9549.59 9552 9553.87 9555.37 9556.38 9556.75 9555.75 9553.46 9551.42 9549.69 9547.63 9545.1 9540.82 9536.23 9532.61 9531.12 9526.89 9523.56 9521.04 9519.25 9517.66 9516.27 9515.29 9514.68 9514.5 9514.53 9515.04 9515.78 9516.36 9515.84 9514.54
9520.55 9521.18 9521.75 9522.36 9523 9523.29 9523.41 9523.97 9524.9 9526.02 9527.22 9528.66 9531.09 9533.92 9536.34 9539.53 9542.82 9545.92 9550.35 9555.76 9562.54 9571 9572.18 9565.51 9552.29 9539.35 9533.72 9530.77 9528.8 9527.71 9527.54 9528.01 9529.78 9533.61 9536.83 9541.43 9545.21 9548.27 9550.56 9552.47 9553.86 9555.47 9554.79 9552.42 9550.01 9547.49 9544.32 9540.65 9535.79 9531.92 9531.78 9530.84 9527.69 9524.38 9521.53 9519.65 9518.06 9516.87 9516.11 9515.9 9516.29 9516.6 9516.77 9517.22 9517.63 9517.72 9515.79
9519.8 9520.56 9521.31 9522.05 9522.75 9523.18 9523.69 9524.17 9525.16 9526.48 9527.91 9529.93 9531.93 9534.69 9537.28 9540.7 9544.95 9548.68 9553.42 9558.91 9566.59 9575.85 9581.41 9580.18 9570.2 9548.97 9542.29 9537.72 9534.54 9531.71 9530 9529.07 9529.46 9532.29 9534.89 9538.48 9542.06 9544.98 9547.37 9549.3 9550.88 9552.23 9552.11 9550.74 9548.47 9544.93 9540.99 9536.18 9532.56 9531.45 9528.3 9527.56 9525.91 9523.39 9521.18 9519.79 9518.65 9517.72 9516.99 9516.62 9517.03 9517.54 9518.07 9518.6 9518.82 9518.56 9516.93
9518.95 9519.83 9520.75 9521.67 9522.55 9523.28 9524.21 9524.64 9525.69 9527.12 9528.29 9529.93 9532.58 9534.9 9538.3 9541.4 9544.92 9550.16 9554.66 9560.19 9566.42 9576.99 9588.2 9594.75 9589.3 9564.88 9552.79 9545.62 9540.34 9536 9532.28 9530.19 9529.49 9530.75 9533.49 9536.49 9539.51 9542.2 9544.35 9545.98 9547.05 9547.95 9547.98 9546.69 9544.89 9542.37 9539.04 9534.57 9531.47 9531.08 9525.43 9524.71 9523.5 9521.6 9520.2 9519.1 9518.5 9517.92 9517.43 9516.99 9517.01 9518.05 9519.38 9520.22 9520.08 9519.42 9518.26
9518.13 9519.17 9520.17 9521.31 9522.4 9523.43 9524.03 9525.32 9526.38 9527.73 9528.87 9530.71 9532.83 9535.6 9538.61 9541.75 9546.12 9550.18 9554.92 9559.99 9566.3 9577.55 9591.57 9603.32 9599.02 9573.36 9562.75 9554.12 9546.65 9540.2 9535.54 9531.72 9529.72 9530.33 9532.59 9534.98 9537.17 9539.28 9541.01 9542.21 9542.95 9542.76 9542.27 9542.17 9541.42 9541.28 9539.79 9536.84 9534.42 9531.97 9526.29 9523.23 9520.96 9519.66 9518.83 9518.27 9517.95 9518.03 9517.89 9517.52 9517.41 9519.15 9521.52 9522.94 9522.51 9521.52 9520.67
9517.1 9518.31 9519.49 9520.85 9522.33 9523.91 9525.83 9526.78 9527.33 9528.29 9529.34 9531.08 9533.09 9535.68 9538.44 9541.66 9545.85 9550.12 9554.63 9560 9566.37 9575.59 9588.22 9601.9 9600.13 9583.18 9571.56 9561.29 9552.32 9544.55 9537.94 9532.96 9529.82 9528.94 9531.51 9533.49 9535.45 9537.16 9538.47 9539.09 9539.12 9538.29 9538.02 9539.64 9539.78 9541.93 9541.27 9540.94 9540.63 9538.1 9530.14 9524.5 9520.18 9517.89 9516.67 9516.98 9517.56 9518.46 9519 9519.08 9519.38 9521.69 9524.85 9527.43 9528.07 9526.73 9524.47
9516.09 9517.37 9518.68 9520.19 9521.86 9523.76 9526.44 9527.26 9527.32 9528.1 9529.33 9531.2 9533.43 9536.31 9539.14 9542.3 9545.85 9550.34 9554.81 9559.92 9565.61 9571.28 9579.32 9596.96 9602.66 9592.03 9578.81 9566.52 9556 9546.6 9538.74 9532.77 9528.87 9528.78 9530.68 9532.39 9534.05 9535.46 9536.59 9537.03 9536.47 9535.46 9534.85 9539.43 9545.13 9542.81 9539.89 9543.03 9548.67 9550.27 9536.46 9525.46 9518.34 9515.51 9514.47 9515.83 9517.29 9519.37 9521.07 9521.9 9522.37 9524.94 9528.2 9531.95 9536.92 9533.59 9527.84
9515.16 9516.36 9517.67 9519.13 9520.68 9522.35 9524.33 9525.31 9525.56 9527.37 9529.2 9531.31 9533.71 9536.67 9539.51 9542.66 9546.14 9549.98 9554.62 9559.7 9565.22 9570.09 9577.06 9598.43 9606.29 9596.29 9582.8 9569.54 9557.88 9547.64 9538.21 9531.3 9526.81 9526.82 9529.62 9531.28 9532.76 9534.03 9535.05 9535.29 9535.25 9533.89 9531.89 9533.91 9541.95 9531.1 9528 9536.76 9553 9556.51 9542.61 9525.36 9515.71 9512.81 9512.48 9514.41 9517.18 9520.54 9523.92 9526.48 9527.32 9528.56 9529.89 9532.29 9535.94 9532.93 9527.83
9513.99 9515.31 9516.55 9517.91 9519.27 9520.38 9521.6 9522.77 9524.79 9526.96 9529.01 9531.33 9533.83 9536.75 9539.73 9542.57 9545.97 9549.81 9554.33 9559.67 9566.17 9573.77 9583.56 9601.66 9605.32 9594.77 9582.56 9569.96 9558.31 9546.91 9537.45 9529.12 9523.81 9524.94 9528.3 9529.98 9531.41 9532.65 9533.71 9534.52 9534.7 9534.16 9531.55 9521.64 9503.6 9497.87 9504 9513.98 9534.44 9542.91 9546.38 9527.26 9514.53 9510.03 9510.23 9512.95 9516.93 9521.65 9526.99 9532.21 9533.84 9531.32 9529.16 9527.86 9526.64 9526.5 9524.57
9512.92 9514.14 9515.4 9516.65 9517.81 9518.68 9519.9 9521.45 9524.03 9526.65 9528.84 9531.33 9534 9536.77 9539.71 9542.98 9546.34 9550.11 9554.46 9559.84 9567.89 9578.8 9590.31 9597.37 9593.15 9588.99 9579.87 9568 9556.66 9545.79 9535.34 9527.02 9521.41 9522.69 9526.27 9528.23 9529.71 9530.95 9532.02 9532.97 9533.97 9534.13 9531.89 9515.66 9486.31 9476.39 9482.46 9481.39 9476.97 9509.8 9544.62 9525.17 9510.28 9506.51 9507.79 9511.43 9516.14 9521.58 9528 9535.28 9536.78 9531.01 9526.07 9521.87 9519.21 9520.1 9520.59
9511.89 9513.14 9514.3 9515.42 9516.5 9517.29 9518.54 9520.19 9523.09 9526.12 9528.71 9531.57 9534.49 9537.45 9540.73 9544.05 9547.35 9550.99 9554.92 9559.93 9569.22 9583.05 9596.25 9599.82 9590.5 9584.79 9576.29 9565.89 9553.95 9543.14 9533.33 9525.07 9520.16 9520.56 9524.16 9526.24 9527.62 9528.77 9529.78 9530.76 9531.85 9532.18 9530.72 9518.59 9498.55 9486.17 9479.17 9465.08 9445.17 9479.87 9531.94 9516.21 9505.85 9503.05 9505.3 9509.15 9513.89 9519.27 9525.01 9530.56 9531.3 9526.51 9521.31 9516.34 9513.41 9515.45 9517.45
9511.06 9512.33 9513.54 9514.61 9515.58 9516.59 9517.55 9519.23 9522.04 9525.33 9528.8 9532.11 9535.56 9538.82 9541.98 9544.97 9548.2 9551.71 9555.63 9561.17 9571.48 9585.49 9599.07 9603.52 9594.29 9583.67 9572.62 9561.55 9550.39 9539.3 9529.79 9522.16 9518.03 9518.56 9521.94 9524.03 9525.22 9526.14 9526.89 9527.89 9528.26 9528.34 9526.66 9521.86 9517.54 9511.3 9492.39 9473.51 9458.79 9479.31 9517.66 9507.43 9501.41 9500.19 9503.01 9506.91 9511.55 9516.18 9520.1 9522.06 9522.54 9520.22 9516.16 9512.14 9510.64 9512.74 9515.84
9510.45 9511.73 9512.98 9514.06 9515.1 9516.06 9516.98 9518.41 9521.71 9525.49 9529.17 9532.6 9535.94 9539.1 9542.27 9545.46 9548.6 9552.3 9556.58 9562.18 9572.67 9585.53 9597.46 9602.29 9592.97 9580.81 9568.57 9556.83 9546.07 9535.3 9525.59 9517.97 9513.5 9515.95 9520.12 9521.51 9522.16 9522.63 9523.17 9523.53 9523.66 9523.38 9522.34 9522.27 9525.44 9526.93 9506.54 9492.84 9490.01 9501.72 9508.07 9501.73 9499.26 9499.1 9501.7 9505.28 9509.41 9513.34 9516.39 9517.73 9517.29 9515.05 9511.63 9508.29 9507.87 9510.88 9515.16
9510.12 9511.43 9512.76 9513.99 9515.07 9516.17 9517.17 9518.95 9522.31 9526.47 9530.22 9533.75 9537.07 9540.25 9543.42 9546.61 9549.91 9553.56 9557.98 9563.99 9573.41 9583.65 9591.16 9592.78 9586.44 9576.34 9564.97 9553.55 9542.59 9531.52 9521.55 9513.62 9509.54 9513.15 9517.3 9518.35 9518.56 9518.66 9518.77 9518.84 9518.47 9517.86 9516.85 9516.46 9518.54 9517.34 9510.48 9507.11 9512.68 9521.02 9506.57 9500.8 9498.28 9498.45 9500.8 9504.24 9508.13 9511.62 9514.17 9515.34 9514.1 9511.55 9508.32 9505.55 9506.15 9509.86 9514.74
9509.82 9511.54 9513 9514.35 9515.44 9516.8 9518.04 9520.06 9523.55 9528.02 9531.99 9535.57 9538.9 9542.06 9545.13 9548.27 9551.59 9555.21 9559.55 9565.31 9574.05 9582.57 9586.81 9585.76 9580.9 9573.23 9563.43 9552.21 9540.38 9528.99 9518.24 9509.65 9506.68 9509.88 9513.52 9514.3 9514.39 9514.51 9514.58 9513.84 9513.26 9512.25 9510.73 9508.88 9508.5 9505.94 9507.23 9510.57 9516.83 9518.28 9502.65 9500.5 9497.12 9497.48 9500.01 9503.92 9507.57 9510.59 9513.02 9513.73 9512.2 9509.45 9506.35 9503.78 9505.44 9509.6 9514.36
