real_craters/C085-500m.grd
DSAA
121 121
-29.9075 29.9075
-29.9075 29.9075
8787.039374382 9984.6424779818
[rows 60 to 89 of 121, columns 0 to 66 of 121]
9466.42 9472.1 9479.9 9482.87 9485.98 9488.39 9487.84 9483.67 9480.09 9479.22 9480.05 9481.93 9484.31 9484.65 9489.24 9499.39 9510.61 9523.76 9537.43 9548.97 9549.27 9547.87 9546.7 9545.4 9545.41 9548.25 9552.21 9551.62 9553.07 9556.26 9558.3 9551.84 9549.67 9581.2 9582.23 9571.11 9556.87 9559.13 9574.91 9592.87 9613.68 9642.56 9690.2 9792.08 9902.53 9757.7 9461.08 9321.88 9150.69 9051.01 8993.36 8952.94 8922.67 8898.26 8876.3 8838.92 8805.91 8789.75 8788.69 8789.22 8790.61 8792.81 8795.2 8799.01 8810.4 8836.03 8868.38
9463.89 9469.7 9475.76 9480 9483.17 9486.09 9487.34 9478.93 9472.68 9474.83 9477.43 9480.89 9483.4 9483.32 9488.44 9499.19 9512.29 9525.43 9538.24 9548.07 9550.13 9549.97 9549.03 9547.57 9546.68 9546.74 9547.79 9549.67 9551.88 9556.47 9559.37 9549.94 9554.25 9572.06 9581.27 9574.24 9559.17 9567.15 9583.36 9595.62 9612.72 9639.17 9684.1 9780.17 9899.16 9725.36 9435.01 9315.54 9145.69 9041.51 8986.08 8948.69 8913.82 8884.16 8856.28 8830.11 8801.95 8794.35 8791.91 8790.85 8791.77 8793.82 8797.17 8802.62 8813.55 8836.67 8869.23
9460.95 9466.51 9474.09 9477.8 9479.63 9481.94 9481.74 9475.77 9472.93 9476.65 9480.84 9482.64 9485.4 9485.79 9491.77 9501.51 9514.41 9526.99 9537.49 9544.23 9549.19 9551.17 9550.42 9548.54 9546.37 9543.51 9543.43 9544.08 9546.5 9550.15 9554.42 9555.19 9562.62 9566.28 9577.89 9578.98 9574.24 9584.53 9595.54 9598.12 9609.6 9632.1 9675.4 9746.49 9867.83 9677.73 9404.29 9314.14 9157.92 9056.26 8993.18 8948.17 8906.88 8869.47 8839.86 8818.09 8799.68 8792.35 8792.05 8792.08 8793.63 8796.63 8801.6 8809.29 8822.92 8839.27 8870.88
9459.18 9463.06 9468.39 9472.03 9474.88 9476.9 9476.45 9473.4 9475.27 9479.28 9483.42 9485.78 9488.88 9491.96 9496.08 9505.12 9517.67 9529.47 9539.74 9547.4 9552.76 9553.96 9552.63 9549.18 9544.64 9538.4 9534.68 9535.99 9539.5 9541.98 9548.55 9563.79 9567.82 9563.47 9573.78 9582.91 9580.49 9588.56 9594.32 9595.71 9603.04 9622.44 9658.76 9746.43 9834.5 9638.12 9433.28 9324.35 9166.35 9073.23 9008.86 8956.34 8904.51 8857.77 8824.57 8806.19 8794.12 8791.19 8791.95 8793.65 8797.16 8801.91 8808.03 8816.04 8827.3 8842.23 8865.69
9458.12 9460.31 9463.4 9466.17 9470.81 9474.35 9475.1 9474.7 9478.24 9481.3 9485.22 9488.86 9489.64 9490.23 9497.79 9507.34 9520.26 9532.82 9544.37 9553.12 9558.29 9559.12 9555.99 9550.72 9544.11 9535.62 9528.84 9530.82 9535.24 9542.12 9550.18 9559.81 9562.34 9559.45 9578.69 9590.53 9596.37 9585.3 9587.72 9588.27 9594.53 9613.53 9662.68 9752.53 9806.76 9619.58 9458.76 9346.19 9201.31 9107.11 9032.18 8967.28 8906.74 8851.39 8817.01 8802.93 8794.13 8790.99 8791.38 8795.61 8802.07 8809.03 8815.79 8823.58 8833.77 8847.85 8868.81
9459.33 9459.98 9462.01 9464.78 9468.74 9473.87 9476.17 9476.35 9477.9 9481.52 9484.89 9487.23 9488.14 9489.92 9497.48 9508.38 9522.8 9536.19 9549.28 9561.53 9568.1 9564.67 9559.5 9552.88 9545.56 9537.18 9531.72 9530.88 9532.82 9536.06 9545.71 9557.67 9554.03 9553.06 9601.21 9598.06 9582.97 9579.67 9577.66 9579.67 9584.23 9598.63 9640.66 9748.85 9798.52 9644.15 9532.44 9388.24 9217.36 9126.7 9055.09 8985.02 8918.63 8856.48 8818.06 8802.32 8794.44 8792.34 8791.99 8797.92 8806.17 8814.61 8823.02 8832.22 8839.91 8853.11 8878.06
9461.9 9461.65 9463.03 9465.5 9467.66 9471.02 9474.71 9477.77 9477.8 9480.99 9484.13 9484.99 9484.91 9486.55 9496.6 9508.47 9522.83 9537.13 9551.39 9564.68 9571.41 9567.5 9561.98 9555.34 9548.5 9540.67 9536.4 9533.58 9532.18 9533.51 9540.58 9549.82 9553.12 9555.6 9613.97 9604.36 9581.9 9579.79 9574.35 9574.14 9578.08 9587.35 9618.09 9729.98 9795.11 9682.39 9624.74 9461.67 9263.72 9157.19 9083.24 9012.68 8943.69 8880.92 8834.16 8807.19 8796.3 8793.46 8795.25 8802.77 8812.52 8820.6 8831.48 8841.2 8850.67 8861.05 8892.19
9466.2 9464.9 9464.39 9463.86 9467.88 9471.52 9475.23 9477.74 9479.29 9480.7 9481.87 9481.77 9482.94 9486.64 9496.31 9507.94 9522.44 9536.49 9549.82 9561.19 9566.75 9566.59 9562.69 9557.01 9551.03 9544.23 9539.72 9535.78 9533.11 9532.92 9537.85 9544.2 9555.5 9562.25 9615.86 9602.29 9582.68 9573.34 9569.22 9571.82 9576.95 9587.4 9602.47 9683.29 9762.54 9748.32 9726.46 9548.02 9361.9 9204.12 9122.66 9047.81 8974.94 8909.39 8856.97 8823.31 8806.66 8797.57 8806.39 8811.92 8820.09 8832.43 8844.02 8854.57 8868.92 8884.25 8915.32
9471.81 9470.28 9469.02 9468.79 9471.67 9475.1 9476.82 9477.72 9478.24 9480.42 9482.64 9483.38 9484.14 9487.5 9495.98 9507.05 9520.47 9533.92 9546.43 9556.72 9562.74 9564.71 9562.2 9557.88 9551.02 9547.41 9544.74 9541.26 9534.69 9532.89 9538.4 9548 9563.17 9570.32 9587.58 9592.84 9578.55 9566.3 9571.27 9571.95 9578.36 9587.01 9592.34 9621.57 9705.43 9788.33 9765.49 9599.38 9415.24 9259.84 9176.57 9101.5 9026.05 8949.33 8894.67 8855.38 8836.59 8822.57 8823.64 8824.14 8834.33 8850.47 8864.67 8874.71 8890.61 8924.28 8966.54
9478.77 9476.82 9475.6 9475.75 9475.86 9477.36 9476.99 9477.4 9477.91 9479.69 9481.59 9483.2 9483.86 9487 9495.09 9505.18 9517.13 9529.3 9541.96 9553.86 9560.76 9564.16 9560.7 9553.97 9551.37 9549.67 9548.15 9544.85 9536.3 9533.27 9541.71 9553.66 9568.87 9576.05 9589.61 9593.12 9585.83 9570.63 9564.42 9571.14 9583.77 9595.53 9591.82 9590.38 9655.39 9727.38 9732.69 9650.49 9482.88 9340.73 9249.46 9176.29 9105.82 9035.99 8967.8 8919 8891.41 8868.91 8841.7 8837.12 8855.86 8878.21 8897.98 8912.63 8923.42 8959.53 9018.15
9487.67 9484.8 9482.01 9479.08 9478.68 9477.53 9473.74 9475.83 9477.1 9478.67 9480.28 9481.72 9482.2 9486.57 9494.16 9503.24 9513.06 9523.82 9535.82 9548.96 9565.41 9561.47 9555.56 9550.39 9550.17 9550.67 9550.22 9546.26 9540.82 9538.74 9547.42 9560.7 9580.99 9591.73 9594.92 9596.52 9596.9 9588.89 9569.19 9574.76 9591.24 9606.88 9606.7 9593.88 9624.82 9665.47 9702.22 9734.27 9606.42 9426.08 9333.43 9268.43 9207.46 9142.44 9076.87 9018.03 8968.31 8913.05 8864.48 8861.39 8891.88 8922.31 8947.2 8967.4 8985.29 9032.83 9096.04
9499 9493.88 9489.86 9486.61 9484.73 9479.97 9470.56 9471.42 9474.96 9477.55 9480.01 9481.74 9483.76 9487.12 9493.47 9501.09 9509.46 9517.36 9526.13 9534.59 9541.72 9543.03 9541.3 9543.59 9547.18 9551.16 9554.3 9554.71 9550.26 9549.21 9555 9562.23 9581.71 9592.5 9595.01 9597.86 9604.52 9604.71 9588.3 9591.23 9602.35 9610.19 9623.05 9606.61 9610.65 9615.98 9681.35 9752.84 9677.2 9494.28 9416.74 9363.6 9326.85 9277.61 9207.3 9139.76 9070.55 9000.64 8943.94 8930.97 8955.76 8984.48 9011.36 9041.24 9074.56 9114.88 9189.23
9510.46 9503.43 9497.99 9494.89 9490.78 9482.66 9472.4 9471.12 9473.73 9477.03 9480.36 9482.77 9483.21 9487.52 9493.08 9499.27 9505.69 9512.21 9515.6 9517.76 9516.13 9520.1 9529.79 9535.44 9543.01 9550.7 9558.33 9565.63 9559.27 9556.06 9562 9573.95 9572.52 9575.83 9586.81 9595.27 9598.95 9606.5 9611.12 9611.85 9620.41 9627.07 9622.7 9625.26 9611.55 9611.06 9663.38 9707.84 9675 9569.36 9501.77 9442.35 9394.38 9371.1 9342.14 9268.04 9187.53 9114.51 9057.14 9033.56 9044.79 9062.73 9085.71 9117.29 9166.46 9196.67 9270.88
9519.15 9512.36 9505.44 9497.7 9491.78 9486.95 9477.7 9472.49 9474.01 9477.49 9480.84 9483.77 9484.18 9488.99 9494.72 9500.09 9504.14 9505.22 9507.13 9506.78 9504.67 9508.11 9517.39 9527.91 9537.89 9547.89 9558.1 9569.22 9567.61 9559.99 9558.23 9564.6 9565.49 9568.04 9572.05 9579.65 9584.35 9599.99 9616.93 9626.28 9637.41 9639.22 9630.89 9630.73 9615.16 9612.91 9650.01 9687.92 9689.09 9654.13 9579.5 9508.25 9442.46 9429.46 9437.16 9369.39 9297.82 9239.03 9190.77 9158.55 9149.84 9153.06 9164.57 9185.37 9209.3 9251.94 9358.47
9528.39 9524.12 9515.38 9507.19 9506.01 9496.05 9478.63 9472.93 9475.66 9479.16 9482.73 9485.46 9487.5 9491.57 9496.2 9499.98 9502.76 9502.95 9502.71 9502.28 9501.87 9504.97 9512.06 9522.18 9532.25 9542.39 9551.65 9560.68 9564.71 9553.72 9543.29 9541.4 9558.42 9571.52 9569.18 9550.34 9567.06 9591.19 9614.67 9635.15 9644.12 9645.35 9632.93 9633.31 9619.75 9619.8 9639.9 9664.39 9681.31 9672.33 9628.98 9569.22 9516.02 9483.12 9465.15 9427.76 9387.29 9355.53 9325.28 9285.28 9255.33 9244.41 9246.75 9254.67 9274.18 9340.94 9472.19
9543.7 9540.07 9532.49 9521.09 9521.24 9501.04 9480.69 9475.2 9477.35 9481.7 9485.09 9485.91 9489.92 9496.43 9500.27 9502.54 9504.03 9504.57 9503.37 9502.32 9501.14 9503.49 9511.11 9518.27 9526.85 9535.08 9540.89 9544.34 9545.11 9541.52 9535.46 9536.77 9555.57 9574.39 9580.27 9540.09 9556.76 9585.59 9610.75 9623.52 9633.77 9632.31 9625.16 9622.44 9626.23 9630.52 9634.64 9644.92 9666.58 9680.23 9660.47 9618.22 9566.36 9512.38 9475.12 9466.15 9457.8 9451.96 9443.2 9387.91 9352.51 9337.62 9329.89 9333.94 9359.74 9438.9 9571.62
9565.82 9560.04 9551.91 9535.46 9512.2 9496.74 9483.15 9480.07 9483.04 9486.8 9491.36 9499.71 9505.47 9506.28 9505.28 9506.51 9507.62 9507.7 9506.94 9505.49 9503.58 9503.24 9511.1 9517.63 9523.61 9528.87 9530.77 9528.03 9523.41 9533.06 9539.89 9545.53 9554.05 9564.79 9580.73 9553.19 9558.03 9581.7 9604.52 9628.6 9633.74 9630.34 9617.96 9616.29 9621.46 9626.98 9629.31 9628.6 9653.85 9675.35 9674.44 9657.82 9625.08 9547.54 9496.66 9510.15 9518.23 9520.24 9516.04 9463.35 9443.25 9433.13 9426.25 9427.25 9453.35 9548.63 9683.9
9580.13 9578.78 9575.63 9562.42 9515.84 9498.86 9491.56 9487.6 9489.01 9491.99 9495.9 9499.48 9504.36 9507.89 9509.74 9510.75 9511.29 9512.55 9512.16 9511.6 9511.1 9512.47 9516.15 9519 9521.77 9524.16 9524.81 9525.47 9524.84 9532.79 9547.84 9552.81 9551.59 9551.63 9564.82 9560.59 9566.76 9578.63 9596.77 9622.59 9624.7 9627.88 9616.73 9617.14 9624.75 9628.43 9628.09 9632.11 9648.52 9664.11 9674.78 9680.62 9664.09 9613.2 9576.36 9574.99 9577.81 9574.55 9550.79 9548.96 9537.6 9525.57 9522.8 9531.57 9572.6 9674.8 9745.78
9586.16 9593.32 9599.07 9600.07 9551.82 9502.34 9499.61 9495.09 9495.34 9497.41 9500.2 9503 9504.64 9510.99 9513.33 9515.1 9515.83 9516.57 9516.82 9517.11 9518.6 9521.73 9522.1 9522.3 9523.36 9522.7 9523.19 9522.72 9518.63 9533.89 9553.04 9555.02 9549.05 9545.91 9549.64 9571.09 9584.46 9571.9 9576.2 9609.82 9603.05 9617.96 9611.4 9618.07 9632.83 9632.19 9628.18 9633.48 9646.18 9662.2 9680.74 9696.75 9700.76 9680.43 9658.65 9645.89 9639.3 9637.45 9635.98 9632.41 9619.63 9606.18 9606.09 9631.8 9672.96 9697.63 9695.46
9590.34 9602.17 9612.12 9613.17 9552.45 9504.46 9502.84 9501.64 9503.26 9504.77 9506.76 9508.86 9510.85 9514.93 9518.94 9521.01 9522.12 9521.66 9521.8 9523.02 9523.88 9525.09 9525.25 9524.92 9524.27 9524.18 9524.11 9526.69 9527.85 9537.42 9547.28 9550.36 9546.76 9539.71 9534.33 9567.68 9599.87 9562.41 9545.77 9584.86 9602.41 9596.62 9601.17 9614.68 9624.98 9628.08 9632.66 9634.56 9639.57 9653.31 9676.71 9692.75 9724.46 9758.67 9734.63 9702.94 9689.06 9692.08 9715.3 9714.3 9686.81 9659.96 9653.65 9667.74 9674.01 9664.78 9666.04
9590.27 9605.16 9615.61 9611.1 9565.71 9537.05 9505.28 9511.36 9512.55 9512.75 9513.58 9516.76 9520.36 9524.93 9526.69 9527.6 9527.64 9527.35 9527.62 9527.5 9527.51 9526.59 9527.1 9527.96 9527.46 9526.84 9525.73 9526.06 9537.8 9543.32 9546.06 9549.44 9547.42 9542.92 9537.6 9546.59 9559.61 9545.89 9548.6 9566.21 9590.48 9595.33 9599.18 9608.47 9618.37 9618.81 9618.16 9624.35 9625.35 9625.75 9626.13 9665.66 9714.58 9761.01 9752.22 9724.15 9708.71 9708.73 9717.15 9712.17 9694.89 9678.28 9665.26 9655.43 9646.83 9650.29 9653.42
9590.62 9605.22 9615.95 9616.42 9579.56 9562.65 9545.2 9531.62 9525.33 9521.27 9518.66 9519.87 9525.4 9532.13 9534.01 9533.7 9532.36 9531.81 9531.93 9531.56 9530.87 9529.77 9529.8 9531.97 9531.91 9531.21 9529.7 9528.85 9536.79 9547.16 9554.24 9555.06 9552.41 9548.67 9547.5 9536.51 9479.42 9526.93 9553.65 9568.89 9586.67 9585.42 9587.86 9597.85 9601.86 9609.42 9612.97 9613.73 9611.03 9607.53 9610.02 9642.38 9685.81 9723.81 9724.72 9712.36 9702 9697.03 9695.01 9692.45 9691.63 9677.16 9660.44 9647.76 9642.83 9635.35 9637.98
9588.69 9601.13 9613.2 9617.01 9591.54 9573.45 9568.65 9550.85 9537.88 9528.96 9524.04 9524.27 9530.11 9538.27 9540.1 9538.46 9536.93 9535.72 9535.39 9534.73 9534.46 9535.1 9536.28 9537.8 9537.8 9537.42 9537.07 9537.42 9537.61 9550.23 9565.37 9563.59 9560.22 9556.16 9555.5 9558.18 9523.47 9540.2 9567.75 9580.65 9581.82 9586.71 9588.45 9594.41 9597.18 9601.6 9609.96 9606.98 9601.13 9597.48 9602.37 9624.77 9649.44 9669.79 9681.85 9681.48 9676.64 9671.23 9668.15 9673.71 9684.15 9662.71 9643.19 9628 9620.46 9616.05 9626.01
9579.11 9594.98 9608.64 9615.76 9603.74 9583.63 9577.28 9563.74 9548.78 9535.83 9527.52 9526.63 9531.74 9540.22 9542.88 9540.86 9539.2 9538.01 9537.01 9536.15 9536.91 9539.76 9543.7 9541.9 9544.01 9545.44 9545.29 9545.03 9544.7 9554.08 9566.93 9569.53 9567.93 9566.41 9571.87 9584.66 9563.93 9554.66 9584.55 9590.82 9586.5 9582.43 9583.91 9587.21 9588.68 9587.9 9592.09 9596.7 9590.88 9586.5 9588.23 9600.6 9613.06 9627.06 9639.86 9645.49 9644.6 9638.68 9629.33 9612.61 9631.52 9634.86 9623.51 9610.37 9608.92 9601.82 9614.4
9575.7 9589.5 9604.14 9614.85 9616.43 9609.92 9590.84 9569.7 9552.1 9537.67 9529.09 9529.1 9533.06 9538.01 9541.4 9541.36 9540.24 9539.55 9538.23 9537.3 9537.17 9537.87 9538.79 9542.94 9549.08 9554.47 9556.79 9553.52 9556.12 9564.3 9572.06 9574 9574.56 9573.03 9574.05 9587.53 9540.8 9535.9 9568.86 9615.74 9586.49 9576.17 9580.94 9583.49 9586.05 9586.46 9594.26 9587.44 9579.86 9574.34 9571.22 9571.44 9580.1 9591.34 9604.71 9612.49 9614.28 9610.88 9604.08 9602.01 9615.8 9612.62 9607.04 9609.65 9621.67 9610.86 9607.91
9572.25 9585.14 9600.37 9617.32 9635.89 9640.24 9597.01 9566.84 9549.79 9537.45 9530.11 9530.84 9533.05 9536.64 9540.95 9542.01 9541.72 9540.74 9539.14 9537.94 9536.47 9535.34 9535.32 9542.45 9553.1 9563.6 9574.58 9575.45 9563.4 9566.16 9578.64 9580.64 9579.1 9577.25 9577.23 9585.5 9541.67 9508.28 9491.86 9538.82 9596.57 9587.25 9585.93 9595.92 9587.78 9578.84 9577 9571.47 9566.38 9561.68 9556.58 9553.46 9558.77 9568.31 9579.76 9588.23 9592.23 9592.52 9588.82 9585.32 9588.86 9589.92 9587.33 9592.59 9608.68 9613.34 9610.89
9567.96 9580.13 9595.89 9614.82 9642.12 9619.29 9574.52 9556.61 9545.17 9536.38 9531.95 9533.02 9534.78 9538.52 9542.9 9544.27 9542.98 9541.47 9539.73 9537.79 9536.25 9534.73 9534.56 9542.66 9555.13 9568.03 9581.96 9581.77 9563.57 9565.81 9584.1 9585.13 9581.54 9577.92 9573.84 9581.73 9549.63 9506.67 9503.78 9560.03 9602.93 9585.89 9574.94 9569.72 9564.38 9553.02 9549.19 9553 9552.43 9550.27 9547.78 9548.48 9547.06 9554.08 9564.72 9573.48 9579.33 9582.26 9581.92 9580.56 9579.26 9576.42 9569.57 9565.49 9577.71 9598.09 9621.75
9565.22 9576.57 9594.02 9611.86 9616.67 9547.46 9544.94 9547.02 9541.35 9535.55 9532.75 9535.25 9537.94 9541.63 9546.27 9546.85 9545.24 9542.64 9539.88 9538.32 9536.64 9535.91 9536.49 9543.54 9554.66 9564.66 9570.99 9565.73 9553.95 9564.29 9586.74 9587.25 9581.59 9575.34 9566.68 9574.57 9556.63 9517.62 9532.79 9569.86 9562.74 9552.78 9549.99 9546.87 9542.14 9536.72 9536.46 9541.42 9543.34 9542.46 9540.55 9541.53 9542.73 9547.74 9557.28 9566.09 9572.87 9578.34 9581.22 9582.56 9579.81 9571.99 9565.31 9565.6 9562.35 9575.85 9595.57
9566.46 9575.04 9588.55 9600.58 9606.29 9582.77 9558.23 9547.11 9541.08 9536 9534.37 9537.28 9541.32 9545.91 9547.91 9548.82 9547.06 9543.97 9541.82 9539.28 9537.7 9537.83 9539.38 9544.76 9552.77 9559.63 9559.05 9549.64 9536.83 9555.74 9591.62 9587 9578.18 9570.64 9565.23 9567.86 9556.47 9523.99 9531.44 9538.14 9531.74 9528.77 9531.22 9530.32 9530.92 9531.64 9534.52 9536.15 9537.52 9537.04 9535.42 9539.53 9540.7 9544.74 9553.07 9561.88 9569.86 9577.21 9582.58 9585.35 9579.29 9568.19 9565.74 9566.52 9570.03 9572.95 9573.95
9571.03 9576.67 9581.26 9583.22 9571.93 9580.24 9565.4 9551.75 9542.66 9537.61 9535.75 9537.31 9541.75 9547.83 9552.28 9550.21 9547.1 9544.51 9541.5 9539.32 9538.64 9539.18 9541.6 9545.89 9550.84 9556.11 9556.42 9542.57 9526.66 9549.51 9585.73 9579.08 9571.51 9561.22 9550.89 9542.37 9535.77 9527.1 9526.92 9527.7 9526.89 9526.45 9527.62 9529.85 9528.95 9529.93 9533.37 9534.26 9534.59 9535.07 9536.4 9539.37 9538.25 9542.72 9551.71 9560.76 9569.78 9577.98 9585.18 9588.88 9583.06 9568.67 9567.92 9566.76 9563.89 9567.27 9573.79
