real_craters/C086-500m.grd
DSAA
122 122
-30.275 30.275
-30.275 30.275
3256.7774222164 4372.071644829
[rows 60 to 89 of 122, columns 0 to 66 of 122]
3955.73 3958.78 3961.66 3964.77 3968.25 3970.19 3972.41 3976.76 3980.58 3985.88 3988.89 3994.29 4004.78 4011.92 4020.9 4026.19 4029.55 4029.31 4033.58 4039.47 4034.78 4032.72 4033.31 4037.02 4044.9 4043.71 4040.3 4039.63 4041.62 4046.15 4042.34 4040.09 4037.31 4041.53 4041.45 4051.46 4060.65 4065.99 4085.89 4107.76 4117.31 4163.99 4229.17 4283.94 4285.09 4134.63 3909.81 3794.26 3710.85 3655.53 3595.38 3530.11 3460.53 3390.62 3320.31 3274.49 3324.22 3322.35 3336.26 3356.81 3380.5 3405.65 3427.65 3439.82 3406.86 3348.27 3321.06
3962.64 3963.38 3968.12 3972.16 3971.52 3966.43 3966.46 3971.52 3979.87 3981.75 3980.61 3994.94 4004.1 4010.95 4017.75 4024.47 4028.65 4036.3 4035.64 4031.96 4030.18 4029.97 4031.12 4033.97 4034.07 4046.29 4049.45 4048.33 4044.1 4041.57 4054.23 4053.49 4050.26 4050.21 4046.63 4052.39 4068.19 4090.85 4093.47 4111.67 4111.03 4163.36 4223.26 4268.4 4272.89 4163.7 3932.06 3776.1 3698.95 3643.09 3587.48 3531.62 3472.42 3415.93 3367.83 3337.9 3328.86 3326.96 3332.66 3344.23 3361.6 3379.88 3396.8 3406.8 3374.76 3322.91 3316.3
3966.8 3965.66 3968.74 3967.45 3961.98 3957.79 3957.99 3958.22 3961.71 3971.36 3974.34 3978.22 3988.83 4001.2 4015.72 4030.76 4046.74 4055 4053.94 4032.41 4026.72 4026.04 4028.38 4033.17 4040.06 4053.78 4058.44 4057.63 4050.78 4054.03 4069.34 4065.75 4064.85 4064.08 4058.8 4053.15 4063.14 4076.86 4085.33 4085.21 4104.21 4152.62 4208.57 4253.43 4266.72 4208.87 3978.77 3787.54 3718.56 3653.04 3593.42 3538.31 3488.8 3444.53 3411.87 3383.14 3327.88 3314.75 3318.02 3327.21 3337.66 3349.49 3355.89 3361.3 3346.14 3293.09 3306.53
3979.82 3969.54 3971.7 3958.91 3942.67 3949.01 3951.31 3951.57 3953.85 3957.17 3956.93 3963.07 3968.89 3989.33 4012.02 4037.55 4062.29 4086.71 4094.99 4046.64 4025.23 4021.91 4025.65 4033.37 4045.48 4055.72 4056.82 4055.94 4054.57 4062.11 4070.35 4071.76 4070.81 4068.87 4064.66 4060.06 4057.18 4075.58 4083.96 4081.94 4096.66 4139.48 4190.62 4239.46 4266.14 4275.47 4100.08 3837.87 3755.48 3673.07 3610.35 3557.03 3513.31 3470.3 3436.32 3401.96 3307.07 3294.54 3300.11 3306.71 3310.79 3315.11 3314.8 3303.48 3285.93 3288.53 3311.73
3973.89 3972.16 3980.76 3965.62 3951.78 3948.47 3950.55 3950.6 3953.47 3959.3 3961.44 3953.51 3959.45 3981.2 4004.52 4027.76 4049.5 4076.1 4074.45 4029.83 4015.17 4015.13 4020.3 4028.18 4037.32 4042.14 4048.82 4054.89 4058.52 4065 4075.05 4073.73 4068.17 4061.7 4061.07 4056.46 4049.83 4077.46 4090.48 4082.8 4092.41 4132.75 4177.05 4216.13 4256.69 4272.46 4180.08 3926.39 3781.42 3693.74 3636.78 3588.79 3543.59 3499.32 3449.74 3386.82 3311.22 3289 3291.97 3295.91 3298.19 3297.87 3293.5 3290.59 3307.46 3333.42 3357.02
3967.02 3965.4 3965.25 3955.83 3945.56 3947.83 3953.76 3961.94 3961.1 3958.3 3958.59 3954.79 3964.28 3978.86 3997.06 4013.17 4022.01 4046.26 4051.64 4013.64 4004.91 4008.38 4013.34 4021.51 4028.94 4031.66 4039.31 4050.24 4065.05 4074.85 4080.96 4075.58 4067.48 4066.11 4063 4058.93 4043.95 4082.45 4103.25 4087.09 4093.83 4125.13 4166.74 4203.31 4242.04 4255.65 4227.62 4065.23 3862.77 3740.48 3682.06 3634.21 3585.21 3534.78 3473.35 3395.3 3313.89 3296.06 3294.07 3292.77 3291.09 3288.74 3287.95 3293.18 3307.98 3390.22 3420.41
3957.03 3961.7 3950.27 3943.95 3944.29 3946.17 3953.34 3964.54 3964.18 3961.28 3960.15 3959.69 3965.72 3978.14 3992.8 4005.09 4011.14 4025.44 4030.51 4005.28 4004.4 4005.11 4007.54 4013.39 4021.32 4014.39 4026.31 4045.63 4066.46 4079.69 4081.68 4078.12 4067.77 4053.85 4060.24 4050.66 4045.23 4081.95 4107.81 4096.77 4106.91 4125.2 4155.14 4190.65 4245.3 4301.48 4266.64 4152.23 3962.09 3815.14 3749.29 3698.18 3643.27 3582.64 3523.23 3465.15 3382.49 3342.86 3327.34 3314.02 3305.5 3298.54 3294.55 3302.59 3317.55 3408.13 3476.73
3938.9 3948.99 3949.67 3946.05 3940.84 3942.13 3947.42 3953.43 3959.25 3963.36 3959.05 3958.34 3962.96 3975.12 3991.45 4006.31 4016.58 4019.2 4010.44 4009.23 4006.57 4001.32 4002.38 4004.46 3997.79 3993.36 4013.93 4036.88 4057.62 4075.53 4086.56 4080.05 4071.09 4068.66 4062.51 4053.75 4052.1 4072.3 4094.36 4109.64 4113.34 4122.2 4144.76 4176.19 4219.56 4281.78 4269.71 4202.05 4042.6 3887.7 3841.69 3779.44 3708.72 3635.29 3575.68 3560.18 3486.3 3402.44 3366.56 3348.45 3337.28 3324.88 3312.31 3317.03 3374.59 3456.69 3523.37
3944.65 3949.84 3953.62 3951.72 3945.83 3941.22 3941.99 3945.7 3953.42 3954.2 3954.75 3945.85 3951.73 3972.69 3991.61 4008.74 4019.4 4013.48 3998.83 3997.26 3988.08 3994.46 4000.3 4003.91 4004.95 4002.74 4013.03 4022.87 4047.77 4070.94 4082.81 4071.27 4067.3 4066.43 4059.79 4062.83 4069.13 4067.28 4075.62 4097.03 4089.46 4109.29 4132.26 4154.84 4173.87 4195.32 4238.67 4267.32 4192.19 4054.94 3980.62 3884.47 3784.55 3685.32 3589.93 3519.26 3488.1 3419.57 3395.47 3384.88 3375.59 3364.88 3351.31 3357.93 3430.89 3512.64 3573.94
3943.06 3952.59 3962.42 3971.54 3955.59 3944.95 3940.9 3941.53 3955.65 3970.62 3962.83 3951.17 3958.79 3977.66 3990.87 3999.64 4003.52 3997.88 3988.58 3987 3986.93 3990.93 3998.76 4008.63 4020.27 4020.12 4027.48 4035.32 4051.31 4063.81 4060.51 4056.77 4058.52 4060.35 4065.4 4075.34 4074.78 4058.09 4048.74 4076.19 4065.67 4093.36 4119.12 4140.45 4155.9 4177.88 4220.33 4255.74 4270.53 4281.29 4121.23 3983.22 3858.35 3737.03 3612.93 3510.08 3454.68 3425.32 3431.31 3433.37 3434.08 3432.41 3432.47 3449.74 3498.5 3544.31 3654.77
3944.32 3950.85 3960.81 3969.03 3958.51 3951.72 3949.24 3950.72 3959.49 3962.46 3972.9 3984.43 3988.31 3988.6 3991.12 3994.32 3982.39 3971.38 3978.92 3988.14 3984.78 3988.77 3996.62 4008.75 4023.9 4040.17 4049 4053.76 4067.44 4061.48 4060.92 4055.33 4052.37 4053.2 4055.92 4067.9 4075.23 4057.09 4044.45 4039.09 4048.51 4081.89 4110.1 4137.05 4157.54 4175.65 4201.95 4225.93 4252.26 4278.91 4180.6 4058.87 3932.98 3806.27 3686.93 3587.05 3505.36 3493.24 3497.74 3501.16 3507.9 3519.75 3541.8 3578.78 3636.02 3735.63 3828.29
3938.59 3947.11 3952.03 3948.89 3956.05 3961.56 3957.12 3955.84 3955.78 3962.28 3978.84 3995.84 3997.35 3993.27 3988.13 3982.25 3970.74 3960.52 3970.4 3977.66 3982.39 3985.54 3990.81 4004.16 4029.49 4064.19 4071.86 4051.4 4039.43 4053.45 4067.23 4051.56 4049.66 4048.29 4045.95 4050.31 4063.81 4053.02 4034.56 4031.06 4036.25 4071.58 4103.93 4137.88 4172.66 4185.43 4188.28 4196.41 4212.07 4227.42 4201.93 4113.96 4002.16 3883.89 3769.84 3687.36 3660.15 3614.14 3578.02 3573.14 3584.07 3605.48 3649.57 3698.95 3765.72 3849.64 3921.74
3940.47 3946.61 3951.76 3958.42 3966.54 3966.77 3965.17 3963.97 3961.62 3969.83 3978.72 3989.25 3995.78 3991.52 3983.35 3973.61 3964.04 3958.67 3963.43 3971.45 3978.47 3977.47 3979.39 3989.22 4018.04 4064.13 4078.22 4053.91 4033.61 4051.49 4062.16 4060.85 4053.95 4055.27 4058.3 4062.77 4065.17 4053.65 4039.75 4038 4047.97 4069.64 4098.93 4132.32 4166.23 4170.33 4163.72 4173.44 4188.11 4261.02 4240.58 4163.59 4071.12 3968.64 3861.18 3785.18 3736.47 3673.49 3646.43 3644.61 3655.77 3685.69 3728.66 3782.93 3854.2 3937.05 3955.29
3953.01 3939.35 3950.82 3971.58 3972.99 3963.34 3962.41 3967.6 3977.28 3974.93 3973.04 3974.13 3986.17 3991.07 3988.58 3976.93 3968.35 3963.56 3959.12 3956.74 3960.13 3963.43 3965.83 3969.2 3995.83 4038.97 4059.44 4055.43 4057.59 4057.49 4056.98 4056.34 4064.11 4064.69 4065.15 4074.74 4075.88 4059.91 4048.52 4040.36 4038.76 4059.71 4089.32 4117.52 4147.74 4154.99 4152.81 4169.63 4196.84 4248.88 4246.92 4202.94 4138.62 4060.68 3976.68 3897.3 3817.51 3735.58 3716.89 3720.26 3733.55 3753.09 3788.16 3841.06 3909.76 4000.05 4058.99
3942.74 3931.27 3945.68 3956.05 3958.5 3957.37 3952.77 3960.63 3971.12 3970.09 3967.46 3973.76 3988.39 3998.35 4000.1 3995.05 3974 3958.35 3958.2 3963.78 3963.58 3962.31 3960.26 3959.68 3983.22 4018.9 4042.46 4049.72 4055 4059.47 4065.74 4081.92 4082.05 4076.1 4072.87 4086.25 4082.12 4063.73 4055.36 4047.08 4045.69 4062.33 4081.14 4100.9 4114.88 4131.59 4136.01 4164.75 4217.26 4250.98 4257.35 4229.02 4192.33 4152.45 4102.85 4026.5 3931.71 3841.14 3806.65 3807.05 3817.62 3829.26 3837.29 3889.34 3944.06 3988.75 4043.22
3955.09 3939.49 3948.44 3958.06 3962.58 3956.7 3954.66 3954.02 3953.34 3956.1 3957.38 3968.81 3993.33 4003.29 3994.12 3987.43 3970.1 3960.83 3962.01 3972.37 3968.6 3959.9 3965.78 3974.41 3989.47 4013.32 4035.27 4046.43 4048.89 4053.58 4064.11 4085.49 4088.06 4082.72 4085.16 4092.74 4087.5 4067.27 4061.4 4050.56 4048.17 4056.34 4072.82 4092.57 4107.92 4105.46 4107.84 4141.13 4197.82 4239.62 4254.15 4245.39 4232.92 4228.2 4222.67 4152.94 4071.38 3953.56 3912.34 3911.58 3910.69 3914.24 3936.87 3958.07 3993.22 4017.56 4095.01
3943.35 3949.33 3955.41 3962.2 3965.09 3957.78 3957.76 3951.68 3946.3 3946.9 3948.28 3957.37 3970.92 3971.96 3966.91 3960.69 3958.41 3952.96 3955.43 3966.75 3966.36 3967.37 3974.47 3991.2 3997.28 4007.8 4022.66 4040.53 4046.14 4047.95 4051.66 4054.28 4067.72 4079.36 4088.94 4096.9 4091.51 4069.82 4056.5 4059.63 4042.05 4040.87 4063.25 4084.98 4097.85 4085.91 4084.61 4105 4147.23 4192.7 4230.99 4242.37 4240.67 4244.49 4256.82 4226.55 4204.93 4155.7 4064.93 4035.34 4024.34 4002.89 3989.86 4032.37 4072.96 4110.35 4192.28
3941.7 3956.54 3957.91 3960.13 3962.37 3957.1 3956.27 3950.55 3942.8 3943.63 3946.35 3950.99 3954.88 3957.42 3953.91 3950.63 3949.03 3947.99 3950.76 3959.46 3969.09 3966.42 3974.21 3981.77 3994.3 4002.63 4005.1 4038.49 4048 4045.04 4042.49 4046.79 4056.69 4071.03 4083.67 4091.56 4090.16 4083.75 4069.74 4060.42 4045.85 4042.11 4059.82 4073.33 4075.73 4067.79 4060.11 4071.29 4100.5 4146.92 4212.89 4228.31 4219.68 4205.48 4201.39 4231.24 4248.78 4251.07 4196.85 4152.12 4140.8 4135.23 4119.3 4127.88 4161.42 4223.39 4252.81
3939.69 3948.38 3950.55 3950.95 3949.76 3948.43 3948.11 3949.44 3946.37 3945.17 3947.31 3948.06 3949.85 3951.76 3944.51 3943.35 3943.39 3942.11 3940.8 3944.1 3970.76 3976.91 3978.71 3980.81 3993.34 4005.48 4027.39 4049.53 4040.79 4029.11 4031.11 4033.69 4051.06 4059.49 4067.94 4076.49 4077.9 4076.69 4068.73 4062.82 4055.43 4061.13 4062.9 4060.73 4058.43 4054.31 4051.36 4056.07 4071.58 4112.74 4200.92 4199.28 4185.96 4171.55 4173.8 4213.01 4234.29 4233.49 4225.39 4214.85 4225.42 4252.06 4234.36 4202.67 4208.68 4235.89 4223.54
3933.17 3936.58 3937.56 3940.44 3942.09 3940.24 3936.71 3943.46 3947.22 3944.83 3946 3943.9 3941.12 3937.62 3944.18 3943.44 3942.19 3940.75 3939.73 3937.26 3957.01 3986.67 3988.89 3989.18 3997.35 4007.3 4013.27 4032.2 4028.14 4017.03 4024.25 4030.79 4041.58 4039.85 4047.49 4055.85 4061.65 4061.61 4058.17 4052.58 4055.51 4061.91 4061.67 4055.01 4047.47 4049.44 4052.43 4054.82 4059.58 4077.29 4121.8 4141.21 4146.58 4150.63 4164.9 4195.5 4219.25 4233.73 4226.45 4228.48 4247.55 4279.46 4247.82 4229.49 4217.25 4196.81 4174.34
3926.68 3927.06 3928.73 3933.29 3933.86 3935.79 3935.58 3937.56 3936.97 3937.93 3937.28 3938.25 3935.07 3929.97 3940.82 3943.97 3943.34 3943.48 3943.96 3940.74 3952.41 3978.93 3989.05 3998.44 4001.25 4010.1 4020.71 4030.09 4024.57 4020.55 4022.9 4029.47 4007.14 4014.47 4024.58 4030.84 4032.75 4052.41 4041.17 4044.14 4051.81 4059.74 4061.8 4052.88 4050.66 4052.8 4060.15 4068 4060.1 4056.68 4066.14 4090.91 4111.53 4125.93 4144.93 4171.96 4198.04 4223.72 4206.37 4204.81 4219.16 4231.7 4230.76 4227.24 4219.21 4192.33 4160.79
3925.12 3922.8 3928 3932.71 3935.21 3938.15 3938.98 3933.82 3926.49 3932.14 3935.56 3936.94 3936.56 3935.23 3939.83 3942.82 3944.53 3945.98 3945.7 3946.91 3953.69 3969.97 3977.78 3988.51 4000.33 4010.52 4020.65 4028.54 4019.99 4012.14 4015.4 4023.12 4006.17 3999.72 4007.26 4014.24 4015.09 4037.77 4034.59 4040.67 4047.09 4051.89 4060.76 4051.35 4050.05 4052.43 4060.12 4069.35 4061.71 4057.28 4058.76 4070.26 4085.7 4103.95 4121.86 4142.6 4160.69 4171.46 4155.1 4160.74 4171.52 4181.66 4197.89 4213.19 4224.64 4223.43 4181.5
3927.58 3929.64 3928.76 3936.92 3949.77 3964.49 3961.67 3935.46 3920.88 3928.07 3938.16 3937.1 3940.27 3947.29 3943.56 3942.44 3944.35 3949.19 3957.3 3957.92 3954.85 3967.57 3986.63 3993.62 3998.96 4006.44 4015.19 4020.53 4012.35 4001.55 4005.2 4008.41 3999.63 3993.95 3996.92 4001.13 4010.17 4022.23 4027.79 4032.87 4037.74 4045.23 4052.53 4054.4 4045.68 4045.94 4051.65 4056.45 4053.17 4050.11 4050.07 4057.67 4067.94 4069.43 4096.47 4116.08 4125.26 4119.85 4110.09 4119.68 4131.74 4131.89 4163.47 4190.36 4215.32 4224.82 4179.41
3930.14 3926.4 3929.8 3936.31 3949.08 3969.19 3964.63 3938.03 3914.62 3916.71 3924.26 3931.6 3938.2 3943.86 3942.65 3939.67 3941.74 3946.92 3954.43 3955.48 3959.36 3975.24 3988.89 3990.66 3992.85 3998.65 4007.46 4007.9 4007.3 4004.16 4003.11 3998.7 3991.39 3988.5 3992.88 4000.34 4013.19 4019.88 4018.95 4017.65 4021.15 4025.47 4021.62 4013.03 4024.15 4032.6 4039.28 4043.53 4044.53 4042.57 4047.29 4057.37 4065.7 4076.5 4088.59 4101.12 4104.68 4098.85 4086.18 4095.36 4113.9 4137.6 4146.24 4161.11 4172.69 4172.47 4134.76
3930.89 3929.18 3924.8 3929.16 3933.76 3934.77 3943 3923.21 3908.19 3909.34 3915.83 3925.38 3932.45 3935.71 3928.18 3932.16 3936.38 3940.28 3941.59 3944.56 3953.12 3971.28 3981.52 3981.23 3982.16 3984.35 3987.06 3996.45 4003.37 4008.19 4004.17 3993.58 3984.5 3984.71 3990.45 3997.74 4007.06 4013.48 4010.84 4011.68 4005.24 3999.1 3991.28 3994.49 4007.56 4020.43 4028.74 4034.89 4039.3 4046.35 4052.02 4054.68 4069.07 4082.34 4089.74 4095.26 4098 4095.99 4088.74 4087.91 4100.63 4112.54 4129.22 4135.2 4124.23 4107.75 4097.94
3925.31 3922.6 3920.73 3921.31 3924.04 3927 3928.78 3915.58 3907.58 3910.32 3915.73 3922.46 3928.04 3930.69 3925.36 3927.85 3932.35 3935.81 3940 3946.29 3952.14 3957.93 3963.34 3967.25 3969.21 3970.88 3972.94 3989.74 3999.1 3998.31 3993.35 3986.32 3983.34 3988.19 3988.86 3990.82 3996.09 4006.72 4001.67 3995.22 3989.08 3986.94 3985.08 3991.13 4000.91 4013.3 4022.94 4029.82 4037.97 4048.63 4054.76 4058.7 4072.08 4085.91 4089.93 4094.48 4098.55 4099.51 4093.35 4089.09 4099.65 4109.59 4119.06 4124.73 4124.13 4112.21 4096.52
3915.05 3912.93 3910.19 3914.25 3921.4 3930.78 3922.84 3910.54 3909.37 3911.35 3916.95 3921.62 3925.5 3929.41 3927.41 3927.61 3930.78 3934.23 3936.76 3938.91 3947.48 3955.35 3952.13 3951.93 3959.01 3964.63 3970.23 3993.39 3992.91 3979.82 3970.05 3978.37 3988.23 3984.91 3984.42 3984.28 3987.68 3981.53 3986.44 3983.59 3981.18 3981.85 3983.27 3990.79 3998.81 4010.13 4022.09 4033.16 4043.62 4053.52 4062.04 4070.66 4076.3 4082.98 4089.64 4094.84 4100.38 4106.52 4108.65 4096.78 4098.14 4105.44 4112.56 4121.72 4125.24 4116.83 4100.21
3906.76 3907.37 3904.83 3909.36 3917.78 3925.99 3917.52 3908.16 3913.81 3921.21 3922.47 3922.38 3921.92 3922.81 3923.71 3927.05 3931.99 3936.38 3938.69 3940.21 3945.02 3939.78 3934.24 3945.33 3955.89 3962.62 3970.3 3978.83 3980.33 3973.02 3969.1 3972.49 3976.18 3981.29 3977.31 3975.28 3972.97 3978.68 3979.85 3984.22 3982.06 3977.79 3980.87 3982.65 3998.26 4013.06 4026.59 4039.22 4048.88 4058.16 4064.09 4078.08 4082.25 4084.79 4089.03 4093.76 4098.97 4105.78 4116 4094.14 4081.93 4087.92 4102.59 4116.91 4133.69 4121.59 4105.26
3904.59 3908.28 3909.67 3911.26 3917.06 3917.81 3911.88 3912.05 3921.88 3932.22 3928.81 3923.46 3918.63 3914.8 3919.16 3928.09 3936.18 3942.86 3948.51 3949.07 3956.91 3958.58 3959.09 3957.87 3962.28 3965.88 3966.19 3968.9 3966.89 3966.55 3977.53 3965.23 3965.15 3956.96 3966.62 3970.57 3978.21 3983.88 3977.78 3994.17 3972.74 3974.49 3978.37 3985.57 4000.64 4015.42 4030.3 4046.57 4062.21 4066.2 4068.03 4079.06 4081.63 4083.02 4085.19 4087.74 4089.41 4090.62 4092.04 4077.15 4077.05 4082.93 4091.87 4100.91 4113.35 4109.72 4104.93
3909.34 3914.44 3913.71 3923.81 3932.73 3931.4 3918.2 3919.59 3926.42 3937.8 3929.85 3923.12 3918.75 3915.56 3926.53 3934.59 3940.75 3950.27 3963.13 3979 3979.8 3976.44 3978.44 3971.4 3972.87 3976.26 3975.59 3965.72 3956.33 3956.89 3949.02 3955.06 3959.14 3960.26 3964.67 3970.07 3976.12 3988.93 3980.92 3986.47 3983.53 3979.72 3986.7 3997.28 4005.72 4019.3 4035.15 4050.7 4061.99 4074.95 4086.88 4084.13 4081.42 4081.3 4081.34 4079.83 4077.04 4071.01 4056.14 4049.65 4071.03 4079.41 4082.51 4081.97 4076.05 4091.84 4099.48
