real_craters/C086-500m.grd
DSAA
122 122
-30.275 30.275
-30.275 30.275
3256.7774222164 4372.071644829
[rows 90 to 119 of 122, columns 0 to 66 of 122]
3919.12 3929.83 3943.47 3954.91 3959.48 3950.34 3936.47 3923.62 3923.34 3917.86 3921.38 3919.12 3918.08 3922.55 3926.02 3932.61 3941.33 3953.55 3968.82 3987.07 3988.21 3981.93 3981.47 3978.58 3980.79 3982.55 3980.53 3973.89 3968.68 3961.26 3956.76 3960.15 3964.89 3967.32 3972.43 3976.33 3978.75 3998.88 3980.73 3977.48 3979.05 3984.54 3988.59 3994.01 4008.85 4022.15 4037.65 4053.4 4071.97 4079.91 4084.94 4081.54 4079.97 4081.19 4078.21 4073.75 4068.3 4060.23 4050.39 4051.47 4070.95 4074.37 4077.22 4078.77 4079.98 4088.32 4096.4
3933.22 3948.1 3964.96 3973.19 3957.46 3945.77 3931.98 3925.97 3921.61 3917.01 3915.68 3913.84 3911.2 3912.07 3917.67 3925.17 3937.02 3950.61 3963.86 3972.73 3978.14 3983.79 3981.12 3982.9 3987.06 3990.7 3986.62 3980.3 3976.72 3967.65 3963.22 3966.5 3977.01 3984.78 3985.89 3985.75 4007.74 4004.22 3983.95 3975.45 3984.47 3991.38 3997.66 4001.46 4011.71 4024.57 4038.12 4051.9 4062.34 4073.58 4084.47 4081.87 4079.78 4080.23 4076.78 4071.24 4064.89 4056.97 4051.33 4051.15 4058.09 4067.26 4074.05 4083.41 4091.2 4088.75 4093.1
3944.15 3959.28 3970 3975.75 3957.33 3938.34 3922.85 3912.4 3911.32 3915.24 3911.78 3910.26 3907.96 3907.55 3912.77 3920.18 3931.4 3944.99 3958.59 3971.11 3978.66 3976.75 3980.77 3987.79 3990.82 3994.03 3986.84 3977.36 3971.85 3967.61 3967.33 3974.78 3986.58 3999.96 3995.99 3977.8 3971.74 3991.48 3986.54 3976.48 3971.5 3995.17 4015.79 4010.87 4014.55 4024.74 4037.24 4049.22 4060.97 4071.58 4078.1 4077.57 4078.3 4080.17 4077 4071.55 4062.98 4056.04 4051.25 4050.37 4051.55 4060.73 4067.87 4075.35 4080.86 4082.13 4086.36
3947.52 3965.05 3982.46 3987.94 3969.21 3938.99 3906.35 3897.98 3901.62 3903.2 3906.67 3908.23 3910.67 3911.29 3910.85 3914.79 3925.86 3939.17 3952.59 3965.57 3974.38 3977.65 3979.25 3993.78 3988.14 3977.4 3975.76 3969.91 3960.34 3966.27 3979.93 3990.02 3985.38 3986.94 3972.8 3960.03 3971.13 3997.9 3998.35 3992.29 3991.57 4006.88 4016.4 4012.71 4016.57 4025.71 4036.95 4049.33 4060.72 4070.03 4075.29 4077.32 4083.49 4085.11 4080.78 4073.02 4064.7 4057.18 4050.1 4047.44 4054.22 4059.16 4063.32 4064.41 4067.09 4071.37 4073.77
3946.08 3961.47 3982.57 3990.54 3976.23 3944.26 3923.04 3895.51 3898.71 3902.3 3904.66 3906.9 3909.74 3909.99 3909.43 3912.15 3921.25 3933.65 3946.55 3957.91 3965.38 3975.27 3984.9 3985.08 3980.38 3974.81 3971.64 3967.22 3962.67 3964.9 3975.63 3980.37 3968.46 3951.63 3942.93 3938.68 3951.35 3990.64 3998.57 3993.61 4005.34 4021.47 4021.13 4011.25 4017.76 4027.76 4039.06 4050.47 4060.83 4072.49 4086.93 4095.43 4099.34 4096.18 4086.77 4076.38 4066.06 4056.91 4051.2 4050.41 4056.87 4058.95 4063.44 4067.78 4066.79 4063.99 4059.99
3936.37 3945.04 3951.28 3939.52 3941.58 3934.13 3907.53 3895.08 3904.52 3900.86 3903.4 3905.41 3905.42 3906.73 3907.29 3909.53 3918.06 3929.04 3942.24 3955.52 3966.8 3981.66 3977.36 3976.77 3976.76 3976.86 3974 3969.29 3963.05 3962.27 3962.78 3955.46 3951.66 3942.88 3939.5 3934.25 3945.98 3967.26 3985.15 3999.12 4012.06 4023.87 4021.85 4018.55 4021.97 4031.74 4042.49 4054.3 4066.67 4080.99 4105.18 4131.22 4124.58 4106.47 4090.9 4077.68 4065.37 4055.05 4047.77 4044.71 4048.62 4057.18 4063.96 4071.68 4066.47 4058.8 4051.09
3923.19 3928.43 3929.87 3936.16 3938.06 3923.52 3907.86 3896.65 3898.21 3901.9 3904.06 3905.77 3905.46 3905.93 3905.19 3906.48 3912.47 3924.14 3938.2 3953.75 3969.98 3981.87 3983.62 3988.4 3985.11 3983.68 3978.5 3973.04 3971.84 3970.44 3959.56 3950.02 3946.08 3942.77 3938.48 3946.71 3961.43 3984.4 3989.69 4006.34 4016.67 4019.41 4020.74 4018.09 4025.18 4034.98 4046.09 4058.88 4073.14 4088.53 4112.68 4130.3 4118.87 4106.77 4091.77 4077.41 4063.67 4051.61 4042.95 4040.33 4044.97 4055.04 4063.04 4066.11 4063.13 4055.19 4047.14
3906.77 3909.79 3910.79 3907.22 3916.1 3915.52 3920.73 3907.88 3901.51 3904.77 3905.88 3908.69 3911.86 3907.67 3903.96 3899.92 3905.55 3919.92 3934.66 3949.97 3967.03 3990.1 4001.64 3998.68 3992.21 3993.08 3979.47 3971 3967.6 3962.88 3954.71 3951.3 3943.47 3939.12 3942.27 3958.05 3973.16 3990.68 3998.42 4014.02 4019.68 4022.89 4023.01 4023.08 4029.31 4037.31 4047.46 4059.74 4076.71 4099.37 4109.73 4111.75 4107.79 4101.78 4090.15 4076.32 4062.06 4048.85 4037.26 4029.42 4045.7 4053.22 4061.54 4070.43 4060.87 4052.55 4046.35
3902.93 3905.22 3904.27 3904.32 3916.85 3921.27 3926.92 3910.62 3901.18 3903.39 3905.68 3910.24 3914.04 3909.67 3905.52 3903.75 3908.27 3918.08 3930.71 3945.38 3961.25 3976.01 3982.15 3992.39 3982.7 3980.32 3969.42 3960.52 3953.46 3947.1 3942.25 3938.26 3935.92 3935.75 3940.83 3958.88 3973.59 3987.12 4002.86 4013.87 4020.3 4021.73 4025.15 4027.88 4032.21 4038.55 4045.89 4056.29 4069.75 4084.46 4094.83 4105.18 4105.24 4097.45 4086.46 4071.87 4056.76 4044.15 4034.06 4032.98 4041.01 4047.14 4050.7 4053.34 4052.15 4049.06 4046.94
3901.87 3905.02 3905.65 3908.91 3926.94 3922.67 3920.88 3911.58 3903.43 3899.48 3904.11 3909.44 3912.76 3910.47 3907.73 3907.26 3911.21 3916.84 3926.4 3937.06 3950.14 3953.2 3956.59 3966.44 3960.65 3956.36 3952.98 3946.5 3938.81 3932.85 3929.48 3928.06 3930.15 3934.83 3941.99 3950.48 3970.84 3990.49 4010.33 4021.26 4027.28 4032.18 4031.36 4034.06 4036.58 4035.71 4040.14 4048.24 4057.06 4063.68 4074.64 4090.86 4101.53 4098.75 4080.98 4064.13 4050.94 4040.02 4032.18 4028.88 4034.63 4038.49 4037.33 4037.84 4041.4 4043.24 4045.76
3901.72 3906.7 3911.99 3914.35 3912.98 3925.54 3922.29 3916.78 3913.98 3900.02 3904.61 3909.9 3911.94 3910.87 3908.86 3907.17 3908.07 3915.41 3921.89 3926.73 3928.44 3931.74 3941.78 3946.55 3940.86 3939.03 3939.01 3934.35 3926.62 3919.11 3921.79 3928.66 3934.41 3937.15 3941.9 3947.09 3971.27 4000.81 4020.46 4020.96 4033.54 4038.07 4039.09 4034.56 4028.88 4024.68 4032.1 4041.68 4050.01 4051.36 4060.83 4077.26 4086.54 4087.07 4065.89 4052.76 4043.33 4035.49 4029.43 4026.51 4028.42 4033.03 4028.43 4028.36 4034.36 4039.57 4043.63
3905.05 3910.39 3916.64 3921.17 3915.37 3923.3 3918.61 3913.68 3910.3 3905.37 3905.63 3911.12 3913.5 3910.76 3909.27 3909.37 3913.03 3914.93 3918.59 3921.55 3920.98 3920.86 3928.95 3934.91 3937.32 3935.21 3932.41 3927.31 3920.37 3913.97 3920.37 3934.48 3943.94 3940.77 3937.48 3948.22 3970.59 3995.18 4009.35 4020.79 4027.27 4034.49 4041.75 4026.68 4005.77 4013.12 4026.64 4039.27 4051.99 4059.81 4067.53 4074.23 4073.27 4045.77 4041.95 4039.25 4036.21 4032.67 4028.23 4024.58 4028.21 4032.22 4026.09 4026.37 4032.25 4038.02 4041.2
3909.43 3913.84 3917.7 3921.85 3926.56 3914.6 3909.45 3905.7 3905.11 3902.13 3903.1 3904.89 3907.33 3907.87 3907.84 3908.25 3907.72 3912.44 3916.79 3919.75 3919.49 3915.51 3920.85 3926.72 3934.61 3934.53 3929.72 3924.66 3919.54 3914.85 3922.65 3938.61 3947.79 3942.85 3938.25 3948 3968.8 3992.38 4010.26 4022.41 4026.88 4037.05 4036.42 4024.28 4007.29 4012.53 4026.29 4043.43 4058.8 4072.12 4077.69 4077.2 4067.7 4027.5 4025.43 4031.04 4032.51 4031.12 4030.36 4026.49 4021.94 4028.49 4025.72 4027.29 4030.63 4034.53 4038.11
3909.92 3912.02 3912.52 3910.6 3906.26 3906.45 3903.42 3901.34 3899.69 3899.7 3898.88 3900.3 3902.53 3904.43 3905.74 3907.17 3908.46 3912.23 3915.11 3918.21 3920.62 3915.66 3914.01 3919.09 3924.74 3929.86 3927.06 3924.54 3922.96 3924.41 3931.34 3941.25 3948.49 3943.65 3937.61 3943.25 3970.62 3994.74 4013.65 4023.9 4030.37 4025.66 4031.43 4024.32 4019.62 4018.51 4031.42 4050.55 4069.84 4088.43 4099.51 4090.03 4068.19 4036.15 4031.94 4033.72 4033.61 4031.74 4029.27 4026.04 4022.26 4015.81 4024.76 4028.66 4030.9 4033.75 4036.66
3910.69 3911.93 3911.51 3908.47 3904.56 3899.92 3900.14 3899.2 3900.39 3894.27 3894.98 3898.6 3899.59 3901.18 3902.84 3905.4 3910.49 3911.53 3911.66 3913.31 3912.21 3901.89 3905.55 3912.76 3921.48 3922.08 3923.11 3923.6 3925.88 3932.15 3939.32 3939.92 3941.35 3941.59 3947.38 3961.25 3984.34 4004.24 4021.44 4026.5 4037.64 4022.25 4019.54 4020.58 4019.95 4021.71 4035.74 4056.77 4080.35 4104.2 4123.46 4103.11 4071.85 4062.07 4051.95 4044.25 4039.39 4034.77 4028.21 4026.52 4026.45 4009.42 4025.36 4028.45 4030.31 4032.66 4035.33
3911.55 3912.84 3916.84 3916.18 3909.63 3898.15 3898.33 3898.11 3897.15 3895.46 3895.43 3894.09 3896.38 3898.35 3899.89 3901.18 3901.24 3902.95 3906.79 3906.92 3905.44 3906.13 3908.83 3916.25 3928.09 3921.88 3919.92 3921.57 3924.97 3930.58 3934.49 3931.64 3929.08 3937.4 3953.08 3992.53 4004.97 4010.79 4016.32 4021.64 4018.37 4012.06 4011.95 4011.02 4014.2 4019.36 4036.69 4061.44 4086.9 4109.55 4118.78 4106.78 4089.2 4078.38 4067.78 4057.24 4048.75 4042.88 4039.92 4031.05 4024.09 4025.26 4022.09 4026.77 4030.06 4032.42 4034.35
3909.29 3908.7 3908.49 3910.21 3910.57 3898.57 3898.43 3898.05 3892.82 3897.6 3898.5 3894.05 3895.67 3896.74 3897.22 3897.35 3896.33 3897.68 3905.42 3910.84 3910.89 3910.43 3911.45 3915.03 3920.13 3912.4 3914.85 3918.87 3922.28 3924.18 3922.83 3927.02 3928.88 3940.74 3962.49 4001.66 4014.74 4011.12 4003.48 3998.14 3995.57 3991.78 3990.45 3996.29 4002.35 4009.04 4034.72 4063.27 4092.1 4115.9 4130.12 4122.32 4112.23 4097.19 4080.88 4069.04 4057.7 4047.66 4042.83 4033.25 4027.96 4028.2 4023.75 4028.36 4032.11 4034.02 4035.39
3906.98 3904.5 3901.7 3902.54 3903.46 3904.53 3898.01 3893.57 3888.31 3890.35 3895.15 3899.71 3896.6 3896.05 3895.97 3895.82 3896.71 3900.64 3905.61 3914.98 3915.5 3910.37 3909.16 3907.96 3906.65 3905.78 3911.66 3917.72 3922.75 3925.46 3925.1 3932.56 3942.11 3954.33 3978.7 3996.01 4008.87 4006.74 3999.73 3985.13 3984.92 3981.34 3981.34 3988.97 3994.54 4004.3 4031 4063.25 4094.48 4122.9 4142.15 4134.32 4121.28 4107.91 4094.39 4079.63 4065.71 4050.44 4033.87 4035.03 4030.14 4028.43 4032.66 4034.02 4034.82 4034.6 4032.91
3903.35 3900.67 3897.27 3896.77 3901.95 3898.66 3894.68 3887.02 3879.33 3886.97 3894.23 3893.63 3894.91 3894.93 3895.03 3895.15 3895.76 3897.33 3900.57 3904.96 3906.93 3905.13 3905.02 3914.38 3909.95 3910.32 3914.62 3920.78 3926.87 3932.55 3940.68 3942.63 3946.54 3952.11 3963.76 3988.76 4005.09 4001.21 3988.44 3973.84 3973.23 3978.02 3983.75 3993.24 3997.1 4003.74 4032.18 4064.19 4094.32 4122.09 4138.13 4129.66 4120.11 4111.88 4098.49 4087.27 4075.96 4064.33 4053.39 4049.05 4045.22 4040.95 4043.16 4044.05 4039.89 4035.99 4032.57
3902.18 3900.46 3895.38 3892.98 3882.69 3892.95 3893.34 3883.86 3883.41 3885.05 3886.2 3890.93 3892.75 3893.51 3894 3894.29 3894.8 3892.56 3897.15 3893.24 3899.89 3903.42 3906.3 3915.19 3910.24 3913.6 3918.31 3924.73 3931.11 3938.5 3945.49 3946.91 3943.53 3944.01 3958.01 3989.32 4007.84 3998.13 3982.11 3969.72 3974.4 3982.07 3991.62 4002.88 4007.51 4016.8 4042.39 4066.58 4089.86 4114.94 4127.7 4113.04 4101.56 4092 4099.23 4093.89 4085.75 4080.03 4074.64 4068.44 4068.9 4074.06 4064.61 4052.5 4043.07 4035.99 4030.58
3903.48 3904.96 3905.54 3903.87 3898.16 3899.72 3892.44 3884.95 3879.69 3883.35 3888.3 3892.47 3892.37 3892.4 3893.02 3894.8 3897.1 3902.66 3902.56 3906.05 3904.89 3906.66 3909.11 3908.84 3909 3915.98 3922.95 3927.88 3933.22 3940.15 3950.92 3951.46 3940.77 3937.94 3951.63 3977.77 3995.56 3992.8 3978.07 3964.43 3976.45 3986.68 3996.23 4009.39 4020.98 4033.63 4058.14 4066.46 4076.6 4091.56 4103.91 4094.86 4089.97 4088.42 4102.01 4097.63 4089.93 4085.78 4082.17 4080 4083.58 4093.74 4079.64 4058.09 4044.92 4036.13 4030.44
3903.75 3907.28 3911.72 3909.1 3906.44 3898.69 3882.27 3878.27 3883.86 3887.77 3889.48 3889.62 3891.16 3893.58 3895.03 3896.17 3896.72 3897.18 3901.19 3908.49 3909.97 3910.43 3910.63 3905.09 3916.08 3927.95 3931.51 3930.03 3931.81 3935.26 3937.71 3935.94 3936.62 3936.08 3942.32 3960.47 3991.52 3988.29 3978.68 3974.59 3985.09 3985.25 3996.32 4017.2 4028.32 4059.93 4067.34 4059.92 4055.94 4052.77 4062.54 4084.63 4086.04 4084.1 4093.58 4091.81 4086.1 4079.78 4080.28 4082.46 4083.25 4076.24 4065.14 4049.23 4040.93 4035.14 4029.65
3901.76 3900.16 3897.17 3904.4 3901.66 3890.75 3885.18 3881.19 3880.39 3882.85 3888.93 3887.55 3890.95 3894.43 3897.05 3898.6 3898.67 3896.39 3900.73 3909.03 3914.94 3916.71 3913.43 3918.83 3918.4 3922.57 3925.73 3924.88 3926.26 3927.79 3927.76 3929.54 3935.49 3940.06 3942.37 3948.83 3962.39 3977.88 3976.67 3976.9 3979.54 3979.12 3988.64 3988.8 4010.51 4051.71 4051.72 4041.85 4036.77 4034.72 4052.31 4079.17 4083.96 4072.93 4076.88 4082.02 4081.47 4077.67 4078.95 4081.93 4079.32 4065.12 4036.71 4037.34 4036.62 4035.95 4031.64
3899.24 3900.76 3896.07 3887.26 3894.86 3907.13 3891.23 3882.86 3878.68 3879.68 3889.7 3887.22 3892.38 3896.98 3900.73 3903.58 3905.76 3907.51 3911.73 3917.92 3923.66 3926.85 3928.59 3918.25 3918.48 3915.28 3916.14 3915.35 3916.71 3919.85 3924.48 3931.88 3938.79 3946.25 3947.29 3947.12 3956.34 3971.68 3970.63 3971.59 3978.27 3984.37 3986.88 3983.24 3994.25 4020.84 4010.48 4019.51 4021.89 4023.53 4045.72 4076.81 4081.74 4082.75 4081.2 4080.63 4080.01 4082.05 4082.72 4083.07 4078.81 4058.99 4033.5 4034.08 4034.69 4035.41 4036.1
3896.5 3892.19 3885.8 3878.56 3899.58 3898.06 3888.27 3881.94 3879.95 3880.79 3880.01 3888.22 3894.33 3897.73 3903.56 3907.9 3913.9 3921.13 3928.45 3930.98 3932.6 3935.09 3935.3 3926.27 3911.15 3903.96 3903.01 3904.14 3908.91 3915.29 3922.02 3929.51 3940.63 3952.43 3952.52 3951.31 3955.64 3961.45 3962.24 3964.44 3978.42 3985.21 3988.19 3985.65 3992.34 3996.14 4001.21 4009.09 4014.78 4024.79 4043.89 4066.02 4073.2 4062.87 4060.49 4063.65 4073.8 4083.56 4084.24 4084.19 4082.05 4062.62 4036.35 4037.01 4037.12 4038.32 4039.25
3896.3 3890.21 3884.67 3883.25 3886.88 3890.22 3875.7 3877.97 3880.3 3881.01 3882.41 3897.93 3899.95 3902.23 3905.59 3909.22 3917.22 3928.87 3942.78 3940.41 3936.28 3938.11 3944.39 3935.15 3929.63 3928.06 3895.78 3895.18 3903.64 3913 3921.4 3931.12 3943.51 3954.89 3962.28 3957.22 3950.98 3955.75 3959.28 3962.67 3971.86 3973.88 3986.2 3986.16 3993.92 4002.83 4010.51 4009.94 4011.69 4015.84 4038.84 4060.09 4068.66 4067.54 4061.06 4056.08 4064.74 4070.8 4077.74 4080.95 4081.9 4066.92 4046.82 4043.99 4040.92 4042.49 4044.48
3899.11 3895.6 3888.17 3878.82 3884.88 3888.5 3886.75 3885.42 3881.45 3879.31 3886.55 3899.56 3899.05 3900.33 3905.7 3910.18 3916.76 3924.34 3931.5 3929.52 3927.93 3929.83 3932.99 3927.62 3924.73 3928.53 3898.38 3895.36 3905.09 3915.86 3926.79 3933.81 3954.7 3976.2 3980.1 3962.99 3951.55 3960.86 3965.23 3967.38 3967.91 3975.24 3987.09 3987.81 3998.41 4006.87 4013.13 4012.64 4011.72 4016.18 4034.17 4054.55 4063.64 4058.97 4053.91 4058.83 4061.56 4064.76 4069.21 4072.4 4073.48 4062.84 4047.09 4039.78 4042.47 4047.92 4051.54
3900.3 3901.85 3892.71 3880.12 3884.63 3894.71 3895.14 3890.58 3882.94 3886.64 3899.76 3891.72 3894.68 3897.55 3901.22 3905.2 3908.84 3910.09 3906.02 3909.05 3913.08 3914.58 3913.57 3916.58 3919.17 3916.63 3907.03 3904.45 3910.31 3921.04 3935.68 3957.38 3977.04 3985.02 3974.78 3961.8 3959.44 3962.04 3970.39 3973.87 3964.87 3972.08 3984.6 3988.49 3999.26 4008.36 4017.33 4017.49 4012.25 4013.81 4028.87 4047.7 4056.77 4046.8 4042.42 4057.18 4058.88 4059.27 4060.62 4060.63 4057.91 4049.53 4035.75 4034.92 4042.87 4051.68 4058.48
3901.06 3897.54 3896.11 3895.46 3892.66 3898 3895.47 3885.17 3880.84 3871.86 3882.08 3889.26 3888.69 3892.04 3895.98 3899.29 3901.49 3900.81 3895.75 3896.31 3900.42 3903.32 3906.47 3912.95 3915.44 3914.93 3913.26 3910.07 3914.58 3924.6 3938.53 3959.69 3978.6 3976 3952.56 3953.19 3953.88 3972.3 3962.95 3952.62 3963.43 3969.64 3976.69 3985.65 3996.2 4006.18 4016.31 4019 4010.12 4008.59 4021.36 4034.8 4042.06 4039.26 4040.16 4051.73 4054.52 4054.09 4052.64 4049 4044.04 4037.25 4030.78 4035.34 4044.49 4053.23 4060.21
3904.84 3908.73 3901.54 3895.28 3900.84 3897.28 3891.19 3884.86 3882.25 3885.76 3892.58 3881.32 3882.5 3887.13 3890.54 3893.71 3896.03 3897.45 3899.27 3887.63 3892.92 3897.21 3895.27 3910.04 3912.34 3910.84 3908.3 3909.12 3917.3 3924.56 3932.24 3937.59 3936.5 3942.12 3940.51 3944.77 3952.52 3959.2 3953.72 3953.09 3958.1 3967.39 3976.88 3987.43 3995.78 4003.81 4010.45 4013.33 4007.99 4007.48 4014.88 4022.3 4027.67 4031.69 4037.64 4047.58 4052.44 4051.02 4046.49 4040.23 4031.67 4030.79 4034.28 4044.12 4044.74 4051.14 4056.95
