real_craters/C086-300m.grd
DSAA
203 203
-30.275 30.275
-30.275 30.275
3251.9850069531 4404.3680453603
[rows 0 to 29 of 203, columns 134 to 200 of 203]
4058.39 4057.48 4056.34 4054.69 4052.74 4051.15 4049.37 4046.79 4044.68 4042.96 4041.17 4041.49 4046.7 4045.98 4046.02 4047.52 4048.4 4050.21 4051.96 4050.72 4049.76 4049.48 4049.37 4048.32 4045.41 4050.98 4053.33 4055.03 4058.16 4060.3 4062.82 4065.02 4064.73 4063.76 4060.97 4057.95 4059.69 4059.39 4058.13 4056.38 4054.55 4052.98 4052.55 4053.66 4055.28 4056.22 4054.12 4051.41 4048.94 4047.01 4046.51 4048.36 4053.18 4055.3 4045.01 4041.9 4039.35 4034.38 4038.45 4050.83 4057.95 4062.46 4067.57 4061.93 4060.9 4061.13 4061.52
4058.4 4057.06 4055.43 4053.81 4052.69 4051.89 4049.15 4046.58 4044.79 4043.52 4043.07 4044.62 4051.59 4046.24 4039.11 4037.69 4044.5 4050.19 4052.53 4050.3 4050.49 4051.25 4052.5 4051.47 4049.13 4060.2 4066.58 4066.88 4064.17 4061.2 4057.07 4058.35 4060.4 4059.44 4056.8 4055.29 4055.88 4056.1 4055.76 4054.81 4053.22 4051.13 4050.44 4053.16 4055.47 4058.04 4055.33 4052.39 4049.78 4047.49 4046.42 4049.23 4055.04 4059.53 4050.14 4044.95 4041.65 4039.4 4045.39 4052.84 4053.85 4049.41 4036.77 4043.51 4051.57 4055.72 4057.98
4059.21 4057.41 4055.49 4053.43 4051.22 4048.41 4046.56 4045.72 4045.24 4044.88 4045.14 4046.62 4049.85 4037.67 4033.64 4035.97 4042.72 4050.18 4053.61 4050.83 4051.04 4052.35 4053.27 4052.06 4056.23 4067.62 4071.95 4070.96 4066.47 4063.09 4061.02 4059.74 4059.02 4057.48 4055.53 4053.95 4053.8 4054.25 4054.44 4054.04 4052.98 4051.73 4051.63 4053.12 4054.32 4053.93 4054.19 4052.68 4050.61 4048.23 4045.28 4048.16 4050.89 4052 4052.59 4049.07 4049.2 4054.26 4067.25 4061.43 4054.9 4047.32 4037.94 4041.52 4048.35 4052.44 4055.14
4059.62 4058.07 4055.74 4053.22 4050.54 4047.85 4046.43 4045.17 4045.39 4045.89 4046.74 4047.74 4046.41 4034.97 4030.62 4032.22 4043.09 4051.85 4054.13 4050.58 4052.92 4054.35 4055.93 4057.66 4063.87 4068.57 4068.56 4064.74 4062.66 4063.66 4064.45 4062.06 4059.39 4056.94 4054.36 4051.84 4052.52 4053.52 4054.16 4054.4 4054.13 4052.52 4052.48 4053.77 4055.23 4055.24 4053.95 4052.63 4051.48 4050.75 4050.86 4051.39 4053.21 4049.63 4048.36 4050.33 4054.17 4064.47 4072.1 4064.71 4057.66 4052.62 4052.77 4051.74 4050.26 4051.77 4053.98
4061.23 4057.73 4055.08 4052.63 4049.82 4046.28 4043.11 4044.84 4046.19 4047.11 4047.89 4048.51 4047.12 4040.7 4037.1 4042.25 4046.17 4053.33 4057.89 4057.11 4056.27 4057.24 4057.89 4061.95 4067.55 4068.4 4065.32 4059.78 4059.02 4062.12 4065.52 4062.34 4059.53 4057.06 4054.9 4053.98 4053.29 4053.8 4054.72 4055.43 4056.1 4058.02 4055.51 4053.73 4054.42 4055.14 4053.09 4052.4 4052.24 4052.72 4054.09 4053.37 4055.56 4051.44 4047.33 4051.07 4054 4056.87 4061.07 4061.11 4058.3 4055.36 4053.55 4052.05 4051.56 4052.22 4053.53
4060.55 4058.29 4055.74 4053.33 4050.63 4048.33 4048.23 4047.06 4047.28 4048.42 4049 4047.94 4047.28 4042.35 4042.36 4041.99 4046.55 4051.77 4054.62 4056.06 4057.98 4061.93 4064.35 4066.56 4069.21 4068.11 4064.6 4060.71 4058.96 4059.09 4059.4 4060.21 4059.24 4057.48 4055.32 4052.41 4052.69 4054.7 4055.74 4056.45 4056.94 4055.76 4054.36 4051.07 4047.98 4048.38 4050.18 4051.39 4052.08 4052.02 4051.13 4049.8 4048.68 4050.98 4052.18 4054.49 4056.72 4057.94 4057.87 4059.14 4058.24 4055.93 4053.55 4052.26 4051.75 4051.85 4052.84
4061.55 4059.98 4057.86 4055.39 4052.42 4049.91 4048.16 4047.37 4048.69 4050.23 4051.08 4050.7 4045.75 4042.32 4041.13 4041.75 4046.15 4052.92 4055.43 4052.46 4062.12 4069.33 4072.7 4070.94 4068.38 4067.85 4065.12 4061.23 4058.88 4058.87 4058.71 4059.72 4059.38 4058.46 4057.39 4056.15 4056.76 4057.21 4057.34 4057.38 4057.45 4058.25 4053.44 4048.77 4043.99 4044.67 4048.38 4051.1 4052.79 4052.5 4050.06 4046.95 4042.54 4049.77 4055.81 4059.39 4061.37 4062.34 4062.42 4061.32 4059.22 4056.38 4053.18 4050.64 4051.59 4052.18 4053.01
4061.83 4060.8 4059.36 4057.53 4054.94 4050.85 4044.85 4047.82 4051.02 4052.4 4052.95 4052.25 4046.11 4043.96 4042.18 4041.36 4046.38 4053.72 4062.03 4069.38 4075.61 4078.51 4080.01 4075.39 4071.47 4071.66 4066.63 4062.46 4060.32 4061.41 4061.93 4060.78 4060.07 4059.78 4060.12 4061.9 4062.14 4059.89 4058.77 4057.92 4057.03 4054.64 4052.7 4048.63 4045.04 4045.79 4048.89 4051.93 4054.59 4057.09 4054.72 4049.32 4047.49 4051.63 4058.7 4065.47 4070.1 4069.98 4067.98 4064.42 4060.62 4057.4 4054.59 4052.46 4052.75 4052.91 4053.23
4062.27 4062.23 4061.63 4060.73 4059.29 4057.15 4055.04 4055.67 4056.13 4055.22 4054.03 4052.85 4048.9 4047.58 4047.09 4045.82 4050 4057.72 4069.84 4084.88 4087.54 4083.77 4082.62 4078.62 4077.58 4073.8 4068.39 4063.95 4061.37 4062.11 4062.36 4061.31 4060.84 4060.7 4061.11 4061.83 4061.44 4060.47 4059.39 4058.3 4057.33 4056.3 4053.42 4050.84 4048.03 4048.75 4050.67 4053.06 4055.43 4057.11 4055.12 4050.19 4048.82 4053.17 4060.96 4070.12 4079.62 4076.85 4070.54 4065.36 4061.09 4058.05 4056.55 4056.98 4054.62 4054.01 4054
4062.75 4063.09 4063.68 4063.97 4064.53 4065.85 4067.24 4066.32 4062.81 4058.34 4054.39 4050.81 4049.04 4049.42 4050.72 4049.66 4054.02 4063.59 4072.57 4083.23 4085.38 4080.25 4076.12 4076.74 4077.43 4074.79 4069.68 4064.89 4061.12 4061.54 4061.71 4061.2 4060.83 4060.78 4060.99 4060.9 4060.39 4060.51 4059.71 4058.56 4056.87 4055.15 4054.35 4053.81 4054.13 4052.4 4052.7 4054.19 4055.63 4055.32 4053.19 4049.69 4048.8 4054.28 4061.39 4068.73 4075.8 4073.27 4067.86 4063.2 4059.8 4057.62 4056.46 4055.75 4054.78 4054.61 4054.77
4062.67 4063.8 4065.29 4067.03 4069.48 4072.76 4078.29 4077.51 4068.37 4060.85 4054.56 4050.57 4048.52 4049.28 4049.98 4050.62 4054.01 4060.98 4068.37 4073.88 4075.82 4074.89 4072.64 4072.96 4073.48 4073.86 4070.75 4066.46 4062.31 4060 4060.39 4060.45 4060.36 4060.34 4060.4 4061.13 4062.82 4060.77 4059.78 4059.19 4058.07 4056.28 4054.81 4053.93 4054.05 4053.15 4053.52 4054.87 4056.55 4057.25 4053.68 4050.1 4052.23 4058.11 4060.92 4063.2 4064.24 4064.62 4061.36 4057.77 4057.41 4056.69 4055.7 4053.87 4054.25 4055.01 4055.49
4062.92 4064.76 4066.86 4069.17 4072.01 4074.84 4077 4074.28 4070.05 4062.98 4054.85 4049.8 4050.64 4051.59 4050.14 4052.49 4055.72 4057.68 4063.34 4067.71 4070.19 4071.72 4071.13 4069.61 4069.55 4073.34 4071.17 4068.26 4065.32 4062.18 4061.12 4060.28 4059.64 4059.19 4059.03 4058.99 4058.15 4058.62 4059.22 4059.74 4060.65 4058.51 4054.8 4051.54 4050.49 4051.88 4053.28 4054.79 4056.56 4057.78 4054.18 4050.95 4053.55 4058.98 4060.28 4060.05 4058.45 4059.6 4057.74 4055.51 4056.66 4056.86 4056.29 4055.25 4055.32 4056.07 4056.4
4061.81 4064.18 4066.89 4069.86 4073.04 4075.16 4075.2 4074.23 4073.09 4067.59 4059.11 4053.79 4051.78 4049.91 4048.84 4053.58 4057.2 4056.66 4060.23 4063.19 4065.38 4066.11 4066.45 4065.62 4064.93 4067.94 4069.51 4069.9 4069.11 4067.18 4062.54 4060.31 4059.07 4058.15 4057.35 4056.22 4055.24 4056.57 4058.43 4059.85 4059.25 4058.22 4055.08 4051 4049.44 4051.33 4052.91 4054.11 4054.69 4054.44 4053.96 4052.42 4055.19 4058.84 4060.25 4060.68 4060.64 4059.86 4059.13 4058.72 4058.71 4058.48 4058.22 4058.07 4057.86 4057.62 4057.71
4060.62 4063.24 4066.15 4069.48 4073.17 4076.66 4079.7 4081.61 4080.15 4076.29 4070.16 4064.4 4058.61 4052.32 4054.32 4056.27 4057.4 4057.26 4058.33 4059.33 4059.82 4062.59 4062.89 4062.75 4063.69 4068.99 4071.88 4070.93 4068.84 4064.5 4061.13 4059.21 4057.9 4056.89 4056.02 4055.15 4054.59 4055.74 4057.99 4060.4 4062.87 4059.92 4056.48 4053.46 4051.97 4052.28 4053.2 4054.13 4054.96 4055.16 4055.41 4056.56 4059.06 4060.29 4060.77 4061.47 4061.69 4061.45 4061.76 4062.74 4061.39 4060.48 4060.2 4060.39 4060.14 4059.07 4058.56
4059.27 4062.11 4065.25 4068.77 4072.58 4076.85 4082.04 4087.13 4085.88 4085.32 4086.01 4079.38 4071.67 4064.29 4057.97 4054.3 4054.66 4057.22 4056.81 4057.17 4057.92 4058.64 4059.69 4061.15 4064.54 4072.14 4074.62 4070.63 4065.94 4059.63 4058.36 4057.17 4056.44 4056.05 4055.49 4054.73 4054.2 4055.29 4057.51 4059.57 4061.77 4059.83 4057.75 4055.79 4054.31 4053.66 4053.76 4054.3 4055.35 4056.28 4056.9 4058.47 4059.61 4060.59 4061.03 4061.32 4062.17 4062.86 4063.32 4062.91 4062.68 4062.08 4061.61 4061.27 4060.79 4059.93 4059.59
4057.19 4060.35 4063.25 4066.51 4070.42 4074.44 4079.3 4083.57 4084.47 4086.46 4090.5 4085.89 4081.51 4077.39 4057.96 4049.14 4050.97 4054.94 4054.62 4055.09 4056.02 4056.03 4056.53 4058.65 4063.84 4069.21 4068.94 4068.72 4065.55 4058.84 4056.5 4056.04 4055.76 4055.39 4055.08 4055.08 4055.1 4056.03 4057.54 4057.95 4057.25 4058.22 4058.1 4058.07 4056.05 4054.67 4054.23 4054.24 4054.19 4055.36 4057.07 4058.64 4058.8 4061.29 4062.13 4061.76 4063.15 4064.92 4065.6 4065.57 4064.85 4063.64 4062.56 4061.49 4060.78 4059.94 4059.98
4055.57 4058.09 4061.04 4063.84 4066.87 4069.87 4072.54 4074.01 4076.44 4078.97 4080.67 4080.71 4079.76 4074.24 4055.22 4047.61 4050.5 4051.83 4051.96 4052.46 4052.43 4053.01 4053.59 4053.64 4056.02 4059.88 4067.55 4067.31 4063.7 4058.17 4055.92 4055.12 4054.91 4055.12 4055.45 4056.34 4057.14 4058.26 4058.68 4058.66 4057.83 4057.41 4056.6 4056.17 4055.42 4054.92 4054.66 4054.4 4054.56 4055.25 4057.06 4060.14 4063.71 4065.22 4065.77 4065.29 4067.13 4068.83 4069.05 4068.47 4066.88 4065.06 4063.38 4061.27 4058.93 4059.68 4060.37
4053.12 4055.72 4058.36 4060.67 4062.55 4064.15 4065.54 4066.26 4067.75 4068.98 4069.71 4070.13 4068.22 4056.23 4049.39 4050.36 4048.5 4047.4 4049.34 4051.18 4050.99 4050.54 4052.72 4054.22 4056.51 4061.92 4071.78 4066.63 4059.61 4057.66 4055.92 4054.53 4054.29 4054.81 4055.81 4057.04 4058.97 4060.91 4059.72 4059.93 4059.58 4057.14 4055.11 4053.37 4053.98 4054.38 4054.66 4054.82 4054.98 4055.01 4056.68 4060.6 4066.28 4071.02 4073.08 4071.73 4074.4 4075.03 4073.42 4070.58 4068.15 4066.81 4064.82 4062.6 4060.68 4060.45 4061.19
4052.01 4053.91 4055.54 4056.69 4058.32 4058.96 4059.16 4059.74 4060.2 4059.8 4059.75 4059.72 4055.09 4045.15 4044.38 4050.97 4046.18 4043.87 4047.89 4052.61 4057.4 4058.63 4053.9 4053.76 4057.01 4061.77 4067.69 4065.81 4059.27 4057.9 4054.95 4054.07 4054.43 4055.11 4056.03 4057.01 4058.04 4058.24 4058.92 4058.78 4058.14 4056.71 4054.48 4053.55 4053.83 4054.58 4055.06 4055.35 4054.87 4053.5 4054.44 4060.45 4068.89 4078.07 4086.38 4089.55 4086.63 4083.06 4079.07 4074.35 4070.69 4069.61 4067.24 4064.58 4062.75 4061.57 4062.13
4050.6 4052.02 4052.92 4053.72 4053.98 4053.52 4053.11 4052.28 4052.81 4055.52 4055.95 4054.67 4047.92 4040.04 4040.76 4047.11 4045.38 4042.68 4047.37 4052.98 4058.63 4054.11 4052.1 4054.16 4058.12 4061.92 4066.01 4066.59 4062.75 4051.91 4050.86 4053.46 4054.45 4055.07 4055.82 4056.8 4057.25 4056.97 4058.84 4059.75 4059.07 4057.36 4054.47 4053.13 4054.33 4055.17 4055.85 4056.09 4054.77 4051.18 4049.36 4057.12 4071.04 4083.71 4096.45 4103.88 4096.47 4090.01 4084.97 4080.74 4077.46 4073.89 4070.11 4066.37 4063.13 4062.23 4063.05
4048.87 4049.99 4050.63 4050.09 4049.78 4049.75 4048.94 4047.66 4048.86 4054.42 4057.21 4056.06 4051.22 4044.27 4041.76 4045.03 4044.7 4043.21 4046.59 4051.39 4052.97 4045.27 4048.55 4054.91 4060.79 4066.34 4070.4 4069.61 4065.3 4058.8 4056.51 4056.07 4055.6 4055.61 4056.19 4057.12 4058.41 4060.15 4060.58 4060.84 4060.34 4059.55 4058.49 4057.01 4056.4 4056.26 4056.67 4057.22 4055.49 4050.67 4045.92 4058.87 4073.27 4085.42 4096.3 4101.19 4097.91 4092.86 4088.7 4085.96 4083.42 4078.35 4072.54 4068.07 4064.69 4063.29 4063.63
4046.36 4047.58 4047.98 4048.71 4047.73 4047.6 4046.64 4045.94 4047.37 4050.17 4054.91 4059.31 4063.87 4052.84 4045.46 4042.7 4039.72 4040.59 4045.84 4049.99 4054.3 4048.49 4048.48 4051.16 4064.84 4077.16 4077.78 4074.19 4076.15 4071.08 4065.52 4060.37 4057.66 4056.69 4056.69 4057.55 4059.28 4061.56 4062.18 4061.04 4061.37 4061.61 4062.89 4061.11 4058.63 4057.27 4056.72 4057.95 4056.95 4053.86 4055.24 4064.88 4074.79 4083.79 4092.94 4096.55 4094.61 4091.48 4088.71 4087.12 4086.46 4079.78 4073.54 4068.81 4065.29 4063.92 4064.38
4046.88 4046.88 4046.9 4048.57 4047.38 4046.84 4045.42 4044.27 4044.32 4050.59 4054.06 4057.07 4059.88 4050.79 4044.52 4041.69 4038.29 4044.29 4046.32 4047.6 4047.04 4050.9 4052.28 4058.62 4069.64 4082.86 4089.64 4088.54 4082.71 4075.05 4068.49 4061.49 4057.62 4056.12 4056.07 4056.59 4058.28 4060.62 4061.72 4063.66 4061.72 4061.3 4062.07 4061.25 4059.56 4057.76 4055.44 4052.72 4054.89 4056.66 4058.34 4064.27 4071.37 4078.4 4084.75 4088.25 4088.18 4086.83 4085.16 4083.39 4079.19 4076.68 4072.33 4068.35 4065.95 4065.09 4064.84
4047.1 4047.05 4047.71 4047.26 4047.1 4046.71 4045.56 4044.66 4044.88 4050.53 4051.69 4049.49 4044.52 4040.16 4032.56 4039.71 4038.95 4046.4 4046.95 4046.45 4046.22 4049.8 4050.92 4058.02 4071.93 4084.27 4092.64 4089.96 4079.29 4070.9 4063.66 4058.29 4055.66 4054.33 4054.28 4054.79 4055.93 4057.01 4057.43 4057.55 4059.77 4059.49 4057.59 4060.05 4060.75 4059.61 4057.01 4053.88 4056.42 4060.92 4063.08 4062.8 4067.35 4071.76 4075.19 4078.52 4080.39 4080.49 4079.72 4078.57 4078.72 4074.47 4069.79 4066.37 4063.71 4062.15 4064.49
4048.52 4048.24 4048.05 4047.14 4047.09 4047.27 4046.98 4047.04 4048.6 4049.85 4049.96 4045.73 4039.02 4036.07 4034.9 4041.63 4040.78 4047.53 4045.68 4045.57 4045.85 4043.18 4053.58 4064.62 4073.14 4081.98 4088.63 4085.16 4071.61 4062.29 4054.5 4053.15 4052.51 4051.86 4051.89 4052.4 4053.32 4054.43 4056.03 4057.62 4060.21 4061.93 4061.85 4062.91 4063.72 4063.67 4062.19 4059.99 4062.98 4066.66 4067.97 4064.07 4064.66 4066.38 4067.89 4071.16 4073.45 4074.21 4073.56 4072.05 4069.42 4067.1 4065.64 4064.12 4062.83 4063 4064.72
4049.13 4049.07 4048.5 4048.33 4048.41 4047.68 4048.4 4049.3 4050.84 4054.51 4052.06 4048.69 4043.61 4036.94 4033.27 4036.89 4036.36 4038.3 4042.24 4043.82 4043.96 4047.14 4059.43 4067.06 4070.44 4074.96 4076.52 4065.32 4061.14 4055.44 4050.23 4049.34 4049.43 4049.39 4049.67 4050.08 4050.43 4051.84 4055.25 4058.63 4061.31 4065.52 4068.83 4067.35 4067.35 4068.76 4071.21 4072.4 4070.34 4069.64 4066.76 4063.22 4062.78 4063.13 4063.99 4066.04 4067.74 4068.46 4067.69 4065.5 4061.73 4060.6 4061.75 4062.28 4062.59 4063.41 4065.39
4047.36 4047.8 4047.67 4048.83 4048.67 4049.97 4050.98 4052.32 4053.95 4055.42 4053.24 4049.15 4043.95 4038.11 4035.18 4037.65 4043.6 4037.57 4041.17 4046.5 4046.9 4045.63 4051.11 4058.84 4062.76 4065.03 4065.49 4060.33 4055.14 4051.74 4048.79 4047.64 4047.53 4047.6 4047.87 4047.95 4047.94 4047.63 4048.58 4056.28 4059.97 4063.82 4067.1 4067.89 4069.06 4071.5 4075.05 4078.35 4074.51 4071.37 4066.84 4062.76 4061.58 4060.85 4061.17 4062.78 4063.97 4064.3 4063.58 4061.81 4058.89 4058.11 4060.09 4061.58 4062.62 4063.61 4066.22
4046.19 4046.74 4046.52 4047.77 4048.63 4049.87 4051.56 4054.02 4057.32 4058.62 4054.05 4047.11 4042.05 4037.94 4035.1 4036.06 4038.17 4035.29 4041.25 4051.94 4051.19 4044.21 4043.86 4050.92 4053.81 4053.91 4052.06 4049.39 4050.87 4049.54 4047.69 4046.55 4046.11 4046.46 4046.75 4047.04 4047.05 4047.02 4050.2 4055.04 4057.29 4058.48 4061.9 4066.27 4069.14 4071.69 4072.99 4073.2 4073.33 4070.57 4067.16 4063.69 4061.27 4059.79 4059.32 4060.71 4061.57 4061.75 4061.3 4060.32 4059.67 4060.49 4060.52 4061.84 4063.75 4065.53 4067.88
4045.96 4045.66 4046.15 4047.02 4047.66 4049.15 4051.49 4053.77 4056.23 4058.89 4054.49 4048.86 4042.69 4037.68 4033.33 4031.5 4033.76 4038.77 4040.52 4039.58 4043.32 4044.48 4047.87 4047.48 4047.1 4044.99 4039.77 4043.28 4049.56 4048.45 4046.15 4045.31 4045.79 4046.28 4046.73 4047.83 4048.02 4048.22 4049.08 4051.97 4056.2 4058.59 4061.38 4065.32 4068.62 4071.06 4073.14 4073.21 4072.14 4070.93 4067.02 4062.97 4061.03 4059.62 4059.31 4060.08 4060.32 4060.24 4060.08 4059.79 4059.76 4059.9 4061.01 4062.5 4064.59 4067.66 4068.91
4044.49 4044.49 4045.39 4046.05 4047.69 4048.86 4050.42 4052.1 4054.49 4058.33 4052.74 4047 4042.39 4038.09 4033.6 4031.7 4036.18 4038.1 4039.02 4039.59 4040.61 4042.62 4043.84 4043.93 4042.92 4041.31 4039.38 4043.66 4049.86 4048.23 4045.86 4044.89 4045.59 4047 4048.44 4049.39 4050.37 4051.27 4050.07 4053.37 4057.09 4061.94 4063.35 4065.22 4067.94 4069.94 4070.45 4069.96 4068.62 4067.86 4060.88 4059.02 4059.95 4063.71 4062.31 4060.13 4059.53 4059.42 4059.58 4059.7 4059.79 4061.09 4061.35 4063.19 4064.49 4065.31 4066.81
