real_craters/C086-300m.grd
DSAA
203 203
-30.275 30.275
-30.275 30.275
3251.9850069531 4404.3680453603
[rows 150 to 179 of 203, columns 134 to 200 of 203]
4037.22 4037.81 4037.94 4037.64 4036.41 4033.32 4028.53 4028.24 4027.87 4028.08 4029.42 4029.72 4027.54 4026.5 4025.76 4025.58 4025.12 4024.06 4023.79 4023.5 4023.28 4023.19 4023.4 4023.9 4024.24 4025.52 4029.93 4033.5 4036.64 4038 4031.11 4021.39 4019.54 4015.57 4015.79 4017.1 4016.47 4016.01 4019.42 4021.36 4022.31 4022.96 4025.6 4026.94 4027.49 4028.3 4024.27 4020.91 4018.73 4017.31 4016.43 4016.03 4016.18 4016.45 4016.91 4017.83 4018.52 4019.52 4020.42 4021.34 4022.58 4023.82 4024.89 4026.07 4027.06 4027.43 4026.77
4039.51 4040.87 4041.15 4041.12 4039.98 4037.87 4034.52 4031.59 4029.26 4027.89 4029.35 4030.04 4028.38 4027.21 4026.22 4024.89 4023.62 4022.68 4021.66 4020.67 4019.54 4018.5 4017.53 4016.3 4015.53 4015.79 4021.74 4027.25 4031.62 4034.27 4030.5 4023.2 4018.93 4015.37 4014.15 4012.66 4010.26 4008.44 4011.94 4014.56 4015.93 4017.79 4022.88 4023.22 4022.06 4020.63 4018.99 4017.76 4016.65 4015.66 4015.17 4015.11 4015.16 4015.47 4016.19 4016.62 4017.27 4018.24 4018.82 4019.99 4021.23 4022.21 4024.05 4025.38 4026.55 4027.49 4027.24
4043.55 4045.88 4047.08 4047.27 4046.01 4044.74 4041.63 4037.07 4032.6 4027.17 4028.17 4029.09 4029.19 4027.6 4025.49 4023.77 4022.12 4020.65 4018.74 4017.72 4015.86 4014.32 4012.97 4011.62 4011.73 4013.95 4016.45 4020.73 4024.88 4027.63 4025.37 4014.93 4013.1 4013.48 4012.8 4010.81 4008.8 4008.35 4008.98 4009.89 4010.29 4010.7 4014.7 4016.08 4015.37 4013.22 4014.09 4014.32 4013.96 4013.64 4013.5 4013.88 4015.01 4016.42 4015.35 4015.39 4015.74 4016.57 4017.61 4018.31 4019.39 4021.16 4022.74 4024.54 4026.25 4028.6 4028.91
4049.43 4052.44 4054.66 4055.25 4053.71 4051.11 4048.16 4043.79 4039.64 4036.47 4032.99 4031.05 4029.17 4027.18 4024.27 4022.26 4019.86 4018.35 4015.57 4013.57 4011.12 4009.81 4008.08 4006.32 4006.16 4008.19 4010.67 4013.78 4016.86 4019.46 4019.22 4012.87 4008.68 4011.65 4011.86 4009.48 4008.15 4008.32 4007.79 4006.71 4005.89 4005.47 4006.72 4008.98 4010.34 4011.39 4011.47 4011.42 4011.39 4011.37 4011.29 4011.67 4012.25 4012.39 4013.07 4013.49 4014.27 4014.73 4015.8 4017.42 4018.68 4020.24 4021.59 4023.13 4024.65 4026.61 4027.05
4055.67 4059.78 4063.62 4065.42 4063.27 4056.52 4053.58 4051.87 4048.12 4043.54 4041.8 4035.67 4029.75 4026.25 4023.33 4019.95 4018.27 4015.55 4013.03 4010.69 4008.49 4006.59 4004.37 4002.62 4001.81 4002.22 4004.61 4007.27 4009.28 4009.92 4009.67 4012.19 4008.41 4007.42 4008.16 4007.01 4006.19 4006.82 4005.64 4003.94 4002.67 4001.73 4002.45 4004.28 4006.05 4007.42 4008.39 4008.6 4008.68 4008.78 4008.88 4009.09 4009.25 4009.12 4010.6 4011.55 4012.33 4013.4 4015.02 4016.42 4017.63 4019.01 4020.22 4021.35 4022.21 4023.59 4024.14
4060.37 4066.77 4073.9 4078.92 4078.75 4071.28 4067.23 4063.5 4057.13 4051.36 4046.81 4036.89 4029.46 4023.14 4021.45 4018.87 4015.21 4012.25 4009.43 4006.87 4004.61 4002.73 4001.31 4000.71 3997.8 3997.1 3999.77 4002.17 4003.3 4002.62 4000.94 4004.14 4002.09 4005.14 4004.94 4003.82 4002.58 4002.17 4001.84 4001.09 4000.08 3999.49 3999.55 4000.5 4002.49 4004.6 4005.75 4005.73 4005.9 4006.14 4006.41 4006.75 4007.24 4008.11 4009.04 4009.88 4011.19 4012.4 4014.13 4015.46 4016.76 4017.69 4018.52 4019.17 4019.58 4019.71 4020.82
4062.71 4072.27 4083.4 4094.66 4102.12 4099.41 4091.02 4077.81 4064.01 4052.97 4044.79 4033.21 4024.61 4018.17 4017.2 4016.24 4012.71 4009.64 4006.69 4004.01 4001.7 4000.06 3998.76 3998.26 3996.86 3994.62 3997.85 3999.73 4000.21 3999.6 3999.19 4000.95 4000.22 4002.4 4002.58 4001.11 3998.65 3998.44 3999.26 3998.98 3998.17 3997.02 3996.41 3997.79 3999.31 4000.95 4002.15 4002.58 4003.16 4003.66 4004.07 4004.42 4005.17 4007.03 4007.13 4008.09 4009.75 4011.69 4013.36 4014.78 4015.95 4016.82 4017.19 4017.42 4017.36 4017.54 4018.15
4061.04 4073.38 4088.64 4107.24 4128.05 4138.3 4115.89 4088.94 4065.82 4045.89 4032.9 4025.49 4018.47 4012.95 4013.81 4013.33 4010.08 4007.08 4004.52 4001.92 3999.6 3997.6 3996.62 3998.47 4008.83 4000.98 3999.67 3999.6 3999.24 3998.88 3999.35 3999.13 3998 4001.03 4000.83 3999.6 3997.99 3997.33 3997.39 3997.98 3997.39 3996.19 3995.33 3995.48 3996.64 3997.58 3998.23 3999.47 4000.67 4001.55 4002.06 4002.31 4002.4 4002.37 4003.73 4006.25 4008.9 4011.2 4013.02 4014.47 4015.51 4016.12 4016.37 4016.15 4015.81 4015.88 4015.98
4055.52 4068.8 4085.17 4106.44 4135.08 4155.95 4122.41 4088.28 4061.14 4039.65 4023.71 4016.53 4012.35 4007.38 4007.39 4010.34 4008.12 4005.49 4002.9 4000.44 3998.09 3995.86 3995.47 3999.4 4014.02 4007.61 4002.81 4000.71 3999.49 3998.43 3996.56 3996.37 3996.33 3999.42 3999.22 3998.51 3999.34 3998.53 3998.89 3998.83 3997.68 3996.23 3995.39 3994.95 3995.48 3995.49 3995.52 3997.27 3998.97 4000.09 4000.78 4000.83 4000.45 3999.48 4001.26 4005.18 4008.65 4011.47 4013.3 4014.67 4015.33 4015.62 4015.65 4015.41 4014.76 4013.9 4014.39
4047.14 4058.75 4071.74 4086.8 4104 4114.61 4096.59 4072.23 4048.9 4027.77 4011.12 4008.76 4006.49 4003.52 4000.37 4007.33 4005.16 4002.94 4000.75 3998.11 3996.1 3994.66 3995.13 4001.55 4009.65 4008.08 4003.14 4000.67 3999.65 3999.03 3998.48 3996.77 3997.98 3997.61 3996.68 3995.92 3995.81 3999.55 4002.41 4000.32 3998.19 3996.33 3994.97 3995.96 3995.36 3994.92 3995.44 3996.65 3998.14 3999.51 4000.5 4000.95 4000.69 4000.16 4001.99 4006.05 4009.74 4012.62 4014.49 4015.47 4015.77 4015.84 4015.52 4015.1 4015.03 4014.64 4013.56
4037.3 4045.46 4052.96 4057.98 4057.18 4057.18 4058.98 4048.92 4033.37 4017.15 4007.3 4004.26 4002.27 4001.78 3998.69 4004.1 4002.37 4000.58 3998.39 3996.59 3995.05 3993.56 3992.28 3996.88 4007.54 4001 3999.39 3999.37 3999.39 3999.64 4000.82 3998.7 3995.69 3994.38 3994.36 3993.45 3993.58 3997.64 4000.79 3999.82 3998.21 3996.56 3994.76 3994.47 3994 3994.19 3995.46 3996.46 3997.85 3999.68 4001.39 4002.45 4002.91 4003.28 4005.41 4008.76 4012.63 4015.29 4016.85 4017.23 4016.93 4016.34 4015.43 4014.45 4014.25 4013.64 4012.43
4027.62 4032.65 4035.63 4034.53 4027.64 4026.21 4031.49 4028.83 4020.05 4009.3 4006.57 4003.23 4003.22 4001.99 4002.93 4001.14 3999.72 3998.56 3997.11 3995.73 3994.63 3993.63 3993.83 3996.15 3998.14 3995.32 3997.07 3997.83 3997.87 3998.02 3998.39 4000.72 4000.12 3995.78 3993.44 3991.99 3992.26 3994.8 3997.12 3997.84 3997.78 3997.4 3996.09 3993.86 3992.34 3992.75 3993.97 3995.56 3997.91 4000.55 4003.24 4005.63 4007.05 4006.58 4006.31 4013.83 4018.15 4020.01 4020.36 4019.89 4018.66 4017.28 4015.44 4013.39 4011.94 4011.37 4010.98
4019.55 4022.3 4022.93 4020.53 4015.88 4014.85 4016.93 4016.15 4011.84 4006.73 4004.21 4002.98 4002.39 4001.32 4000.82 3999.47 3998 3997.03 3995.93 3994.96 3994.23 3993.71 3993.54 3993.87 3995.75 3999.2 3998.88 3996.85 3996.18 3996 3994.18 3995.67 3997.2 3995.12 3992.86 3991.01 3990.75 3992.63 3994.11 3995.7 3997.15 3998.38 3999.57 3995.48 3991.45 3991.66 3992.5 3994.54 3997.89 4001.65 4005.84 4010.15 4014.15 4016.81 4018.02 4024.37 4026.2 4025.7 4024.33 4022.57 4020.64 4018.57 4016.03 4012.85 4009.24 4009.58 4010.38
4013.59 4015.07 4014.98 4013.23 4010.41 4009.55 4010.07 4009.64 4007.59 4005.1 4004.56 4002.91 4001.02 3999.55 3998.41 3997.47 3996.44 3995.53 3994.66 3994.04 3993.94 3993.8 3992.85 3988.99 3989.9 3995.33 3995.21 3993.72 3993.36 3994.03 3997.97 3994.38 3998.02 3994.38 3992.64 3991.74 3991.22 3991.5 3992.32 3994 3996.34 3998.63 3999.25 3996.2 3992.79 3991.68 3991.86 3993.92 3997.95 4002.7 4008.36 4014.88 4022.4 4031.12 4041.42 4038.85 4035.02 4031.04 4027.69 4024.88 4022.39 4020.18 4017.7 4014.74 4010.55 4011.23 4011.87
4009.48 4010.59 4010.42 4009.51 4008.38 4007.26 4007.1 4006.84 4005.88 4004.23 4003.21 4001.4 3999.64 3998.22 3997.1 3996.12 3995.62 3994.74 3994.15 3993.35 3993.13 3993.49 3994.94 3990.43 3987.63 3987.25 3987.83 3988.95 3989.42 3989.2 3988.53 3995.32 3998.69 3991.98 3991.88 3993.71 3992.47 3990.48 3989.72 3991.4 3995.47 3999.14 4000.99 3999.47 3995.32 3991.76 3991.39 3993.51 3997.79 4003.1 4009.69 4017.63 4027.6 4040.03 4051.24 4048.85 4040.39 4033.86 4029.35 4026.05 4023.54 4021.56 4020.05 4018.93 4017.97 4015.72 4014.77
4007.19 4008.16 4008.12 4007.43 4006.55 4006.11 4005.9 4005.8 4005.93 4004.87 4001.66 3999.32 3998.05 3996.65 3995.49 3994.64 3993.75 3992.97 3992.81 3992.26 3991.82 3991.36 3989.66 3986.9 3985.31 3984.16 3984.26 3985.61 3986.31 3986.02 3984.58 3989.61 3993.16 3989.43 3989.41 3990.85 3990.52 3988.94 3987.46 3989.41 3995.11 4000.26 4003.83 4002.26 3993 3989.92 3990.45 3993.15 3997.08 4002.39 4008.89 4016.83 4026.6 4038.96 4055.81 4048.32 4038.35 4032.21 4028.16 4025.35 4023.53 4022.23 4021.74 4021.98 4021.79 4018.64 4016.56
4005.98 4007.16 4007.83 4007.44 4006.49 4005.95 4005.37 4004.81 4004.44 4003.07 4000.32 3998.14 3996.56 3995.23 3994.16 3993.17 3992.77 3992.05 3991.02 3990.57 3989.84 3989.05 3988.36 3985.95 3984.09 3982.75 3982.58 3983.6 3984.82 3986.01 3984.51 3982.06 3985.82 3986.63 3986.49 3986.85 3988.07 3987.73 3987.94 3990.72 3995.45 4000.99 4005.6 4004.45 3990.6 3987.59 3988.79 3991.76 3995.54 4000.37 4006.1 4012.81 4019.91 4026.39 4028.22 4028.57 4028.36 4026.68 4024.89 4023.37 4022.43 4021.73 4021.56 4021.97 4021.66 4018.58 4015.87
4005.75 4007.41 4009 4009.21 4008.53 4007.08 4005.33 4003.62 4002.12 4000.5 3998.26 3996.45 3994.88 3993.93 3992.92 3991.95 3991.14 3990.7 3989.87 3988.98 3987.88 3986.69 3985.63 3986.69 3983.12 3981.42 3981.44 3982.63 3984.25 3985 3983.66 3981.56 3980.68 3982.27 3984.53 3988.03 3986.79 3986.29 3987.37 3990.46 3994.46 4000.19 4005.26 4005.53 3992.36 3986.56 3986.87 3989.49 3993.36 3997.69 4002.4 4007.29 4011.65 4013.63 4011.35 4012.74 4017.74 4019.87 4020.45 4020.56 4020.42 4020.26 4019.89 4019.17 4018.21 4016.56 4013.91
4005.69 4008.33 4010.84 4012.36 4011.38 4008.79 4005.51 4002.28 3999.65 3998.06 3996.2 3993.99 3993.69 3992.74 3991.73 3990.88 3989.84 3989.1 3988.2 3987.18 3985.99 3984.87 3983.46 3981.72 3980.82 3979.51 3979.43 3982.34 3985.68 3987.46 3990.44 3992.01 3984.36 3978.42 3980.71 3985.67 3984.2 3983.44 3983.72 3985.25 3991.03 3997.6 4002.9 4003.47 3991.06 3984.38 3985.07 3987.9 3991.34 3994.85 3998.54 4002.02 4004.68 4005.79 4005.46 4007.09 4010.96 4014.04 4015.89 4017.12 4017.91 4018.42 4018.21 4016.9 4015.89 4014.67 4012.48
4004.96 4007.86 4011.9 4018.01 4016.23 4010.01 4005.18 4001.12 3997.07 3996.23 3995.51 3995.18 3993.21 3991.53 3990.3 3989.34 3988.74 3987.99 3987.08 3985.65 3984.51 3983.07 3981.67 3980.34 3979.01 3978.15 3978.28 3983.81 3990.12 3994.24 3997.41 4000.27 3993.62 3981.63 3977.27 3979.39 3980.06 3980.03 3980.2 3981.92 3987.69 3994.41 3999.88 4000.94 3988.67 3982.1 3984.02 3987.1 3989.67 3992.25 3995.11 3997.82 4000 4001.27 4002.42 4004.37 4006.82 4009.48 4011.81 4013.66 4015.16 4016.46 4017.32 4017.1 4015.97 4014.22 4011.64
4003.24 4005.14 4007.97 4011.51 4011.79 4007.71 4003.92 4000.59 3997.68 3995.73 3994.56 3993.87 3991.63 3989.9 3988.83 3988.03 3987.46 3986.7 3985.69 3985.13 3983.8 3981.53 3979.35 3978.53 3978.25 3978.38 3981.17 3986.96 3996.05 4004.43 4005.16 4008.49 4003.27 3989.54 3976.59 3975.88 3976.68 3977.34 3978.07 3980.03 3984.93 3990.94 3996.4 3999.94 3991.8 3984.67 3984.42 3985.52 3987.27 3989.79 3992.39 3994.73 3996.63 3998.11 3999.57 4001.37 4003.47 4005.85 4008.23 4010.34 4012.2 4014.2 4016.43 4018.42 4016.46 4013.86 4011.55
4000.42 4000.73 4001.11 4001.39 4002.6 4002.91 4001.81 4000.04 3998.05 3995.47 3993.1 3990.59 3988.84 3987.9 3987.17 3986.62 3986.2 3985.82 3985.59 3985.08 3984.4 3983.21 3980.87 3979.41 3978.58 3977.93 3978.89 3984.61 3996.75 4014.46 4008.31 4006.72 4000.63 3989.42 3977.52 3974.83 3975.03 3975.65 3976.69 3978.54 3982.43 3987.25 3991.38 3994.06 3992.06 3988.18 3985.41 3984.37 3985.25 3987.89 3990.32 3992.56 3994.32 3995.73 3996.95 3998.18 4000.49 4002.84 4005.08 4007.05 4008.96 4010.82 4013.22 4016.38 4014.05 4011.81 4010.8
3997.38 3996.28 3994.72 3993.76 3996.45 3998.79 4000.01 3999.78 3997.53 3995.36 3992.06 3988.53 3986.5 3986.07 3985.7 3985.52 3985.34 3985.12 3985.21 3985.29 3985.49 3986.26 3984.62 3982.59 3980.18 3977.52 3975.28 3979.17 3988.3 3996.89 4005.07 3992.83 3992.38 3986.27 3980.97 3976.01 3974.61 3974.95 3976.04 3977.51 3980.38 3983.84 3986.17 3986.34 3986.11 3987 3985.49 3984.25 3984.65 3986.87 3989.21 3991.32 3992.88 3994.1 3995.03 3996.29 3998.08 4000.22 4002.41 4004.13 4005.5 4006.4 4007.03 4007.61 4008.04 4007.47 4007.16
3995.16 3993.32 3990.83 3989.36 3992.77 3996.29 3998.84 4001.41 4001.01 3995.8 3991.71 3987.86 3985.53 3985.02 3984.74 3984.7 3984.76 3984.86 3985.36 3985.56 3986.06 3987.08 3990.6 3987.1 3982.77 3978.97 3976.3 3977.1 3980.71 3985.65 3991.34 3986.28 3983.45 3978.31 3976 3973.68 3973.65 3974.58 3975.8 3977.01 3979.12 3981.83 3983.07 3982.48 3982.44 3985.67 3985.09 3984.62 3985.14 3987.09 3989.2 3991.01 3992.35 3993.37 3993.93 3994.29 3996.33 3998.47 4000.36 4001.67 4002.41 4002.26 4000.81 4000.17 4002.11 4002.51 4001.69
3994.09 3992.08 3990.26 3990.18 3992.32 3995.5 3997.89 3997.94 3997.5 3995.35 3991.68 3988.19 3985.74 3984.44 3984.2 3984.37 3984.87 3985.38 3985.63 3985.8 3986.18 3988.02 3992.71 3989.29 3985.11 3981.28 3978.37 3977.31 3977.97 3979.98 3988.26 3988.53 3978.85 3973.62 3972.78 3971.99 3973.21 3974.75 3976.44 3978.01 3979.88 3981.89 3982.48 3982.69 3983.62 3983.59 3984.34 3985.33 3986.83 3988.21 3989.79 3991.39 3992.62 3993.64 3994.13 3994.54 3995.94 3997.96 3999.42 4000.04 4000.13 3999.91 3999.06 3997.53 3999.05 3999.12 3998.11
3994.7 3992.33 3989.91 3990.01 3993.05 3996.24 3998.76 4000.05 3998.49 3995.59 3991.73 3987.63 3984.34 3983.92 3984.23 3984.72 3985.11 3985.81 3986.07 3986.19 3986.06 3986.44 3989.42 3989.26 3986.88 3983.95 3980.89 3978.83 3980.08 3982.12 3986.83 3986.74 3978.77 3973.61 3973.37 3973.03 3973.93 3975.38 3977.54 3981.14 3984.88 3983.35 3982.85 3982.55 3982.27 3982.28 3983.94 3985.84 3987.55 3989.09 3990.67 3992.26 3993.57 3994.92 3995.72 3995.67 3997.09 3999.02 3999.67 3999.29 3998.54 3998.03 3999.52 4000.03 3997.92 3997.68 3997.48
3996.48 3994.23 3992.11 3992.17 3995.08 3998.18 4000.87 4002.52 4000.54 3996.91 3992.6 3987.99 3984.09 3984.22 3984.91 3985.59 3986.04 3986.39 3986.81 3987.12 3987.53 3988.27 3989.73 3989.55 3988.57 3987.44 3985.58 3982.3 3982.85 3983.07 3985.77 3985.26 3980.17 3974.91 3971.24 3974.52 3974.57 3975.44 3977.48 3980.38 3982.18 3982.92 3983.19 3983.03 3981.79 3982.85 3984.63 3986.68 3988.39 3990.29 3991.75 3993.39 3995.31 3997.47 3999.21 4000.39 4001.65 4002.05 4001.11 3999.22 3997.25 3995.15 3993.09 3994 3995.79 3997.06 3998.31
3999.34 3997.29 3996.33 3996.38 3998.16 4000.78 4003.22 4003.77 4002.23 3998.64 3994.38 3989.92 3986.48 3985.91 3986.49 3987.05 3987.49 3987.66 3987.64 3987.85 3988.82 3990.66 3990.82 3989.25 3989.68 3990.95 3993.18 3995.47 3988.91 3984.53 3985.73 3985.71 3984.76 3985.53 3978.79 3974.52 3973.74 3974.61 3976.28 3978.01 3979.05 3981.67 3983.57 3985.09 3986.52 3986.08 3986.06 3987.9 3990.94 3991.6 3992.25 3994.38 3996.87 3999.84 4003.09 4006.44 4008.24 4006.1 4003.1 3999.62 3996.42 3993.39 3990.9 3991.96 3994.62 3997.08 3998.82
4003.09 4000.45 3998.31 3998.95 4001.01 4003.43 4005.96 4007.11 4004.34 4000.68 3996.73 3992.74 3989.13 3988.72 3989.14 3989.33 3989.14 3988.94 3988.49 3987.47 3986.65 3984.39 3984.39 3986.85 3989.07 3992.24 3997.48 4004.68 3996.59 3991.45 3988.14 3986.19 3985.02 3987.53 3990.3 3980.27 3973.93 3973.61 3975.21 3977.38 3979.89 3981.72 3983.64 3986.44 3990.22 3988.44 3986.63 3988 3988.98 3989.82 3991.73 3993.83 3997.2 4000.83 4005.38 4010.31 4012.82 4009.25 4004.42 3999.84 3995.89 3992.69 3991.18 3992.12 3994.65 3997.68 4000.84
4007.48 4004.42 4001.6 4002 4003.6 4005.7 4008.08 4008.57 4005.9 4002.45 3999.27 3996.42 3994.21 3993.34 3992.43 3991.73 3991.24 3990.68 3989.69 3987.65 3985.46 3982.1 3982.1 3984.43 3986.82 3989.55 3992.73 3994.24 3988 3975.3 3988.02 3983.61 3979.72 3977.42 3990.29 3982.19 3972.22 3972.17 3974.21 3976.7 3979.55 3980.88 3982.16 3984.56 3988.25 3988.78 3988.18 3988.11 3987.06 3987.57 3989.96 3992.7 3996.08 4000.3 4005.18 4010.77 4015.23 4009.42 4004 3999.21 3995.08 3991.9 3990.89 3992.44 3995.17 3998.1 4000.72
