real_craters/C086-500m.grd
DSAA
122 122
-30.275 30.275
-30.275 30.275
3256.7774222164 4372.071644829
[rows 30 to 59 of 122, columns 0 to 66 of 122]
4002.5 4002.95 4005.07 4007.67 4008.71 4007.82 4004.29 4002.68 4003.58 4004.3 4004.47 4004.22 4005.09 4003.33 3999.42 3994.67 3989.22 3991.73 4000.34 4010.95 4026.88 4023.33 4013.69 4012.82 4016.02 4016.96 4019.34 4021.36 4027.51 4029.26 4008.1 3997.94 4000.82 4003.59 4004.62 4007.53 4009.83 4013.99 4018.24 4021.19 4023.88 4025.17 4024.05 4028.11 4042.64 4049.65 4056.31 4061.25 4068.85 4083.45 4096.55 4089.6 4083.94 4079.7 4073.37 4067.07 4059.57 4051.36 4043.93 4036.69 4031.59 4041.88 4043.75 4044.32 4044.42 4043.66 4042.53
4003.62 4003.38 4005.42 4007.32 4006.19 4005.86 4003.26 4002.29 4003.04 4003.73 4004.87 4006.28 4005.48 4003.81 3991.19 3982.54 3983.83 3987.56 3993.08 4000.81 4010.13 4016.78 4017.55 4018.23 4014.99 4013.36 4018.5 4022.15 4022.28 4024.45 4017.13 3997.6 4007.82 4014.29 4009.49 4009.97 4011.48 4016.43 4021.39 4025.55 4029.9 4033.32 4034.49 4031.58 4036.71 4054.28 4066.47 4074.58 4084.64 4098.18 4104.43 4099.35 4086.21 4077.3 4068.47 4060.38 4051.97 4042.92 4033.1 4024.16 4019.8 4020.19 4027.16 4031.77 4034.84 4036.78 4038.47
3998.95 4001.16 4004.29 4004.36 4000.74 3998.88 4000.86 4002.78 4002.3 4003.25 4004.41 4004.74 4003.46 4002.36 3986.06 3981.95 3983.49 3984.02 3985.77 3990.94 3999.94 4011.05 4021.82 4023.69 4017.3 4011.72 4020.73 4022.48 4021.89 4015.94 4014.21 4016.17 4024.68 4030.17 4017.98 4015.09 4018.17 4025.92 4030.86 4034.47 4039.48 4045.72 4057.64 4064.87 4057.64 4079.34 4082.35 4084.11 4089.97 4101.86 4104.06 4096.59 4083.83 4074.46 4066.48 4058.63 4049.43 4040.06 4028.02 4014.75 4006.57 4009.87 4017.54 4024.43 4028.83 4031.66 4035.09
3996.1 3997.95 4002.9 4005.39 3998.7 3996.88 3999.11 4001.64 4002.23 4002.86 4003.89 4003.81 4001.87 3992.67 3980.18 3980.14 3982.49 3981.6 3981.06 3979.83 3992.38 4012.43 4017.81 4020.82 4020.57 4021.86 4023.63 4022.25 4022.56 4014.11 4012.62 4016.78 4027.41 4031.46 4036.47 4029.84 4035.3 4039.15 4041.14 4044.27 4049.32 4061.98 4079.21 4104.86 4130.59 4111.02 4093.62 4085.55 4082.87 4082.6 4089.2 4089.19 4077.84 4069.97 4063.28 4056.06 4049.01 4040.77 4030.12 4012.5 4008.52 4010.26 4015.29 4021.76 4026.37 4028.47 4030.49
3996.44 3995.09 3996.35 3998.75 4000.17 3998.68 3997.98 3995.67 3999.94 4002.13 4002.15 4001.53 3998.3 3977.48 3981.87 3983.11 3981.72 3980.72 3979.88 3980.61 3991.45 4006.17 4012.21 4017.06 4020.77 4024.1 4018.49 4019.57 4018.31 4014.32 4016.52 4015.48 4027.6 4034.21 4036.7 4055.28 4057.14 4054.09 4052.02 4050.49 4050.98 4055.4 4085.92 4118.97 4122.5 4108.94 4091.21 4079.05 4072.36 4073.03 4075.57 4076.5 4072.39 4065.98 4061.25 4057.07 4052.92 4047.05 4041.17 4033.19 4025.12 4018.59 4020.73 4026.2 4029.21 4029.61 4028.38
3998.27 3993.83 3991.41 3992.77 3998.78 3997.82 3995.37 3995.08 3998.45 4003.58 4003.82 3995.19 3999.09 3969.37 3981.85 3984.94 3982.52 3982.26 3982.53 3984.78 3988.47 3993.6 4003.96 4012.44 4017.43 4020.96 4019.59 4021.17 4024.32 4012.3 4019.63 4013.47 4044.43 4048.22 4059.21 4070.2 4072.89 4066.89 4059.66 4056.41 4056.33 4065.51 4082.37 4103.74 4107.23 4091.13 4077.23 4066.82 4058.07 4060.54 4066.1 4067.41 4059.73 4061.9 4062.05 4061.09 4058.11 4055.49 4051.45 4049.13 4037.61 4034.86 4036.84 4036.89 4037.18 4036.54 4033.27
3998.8 3996.63 3992.14 3991.8 3994.1 3993.95 3992.89 3991.75 3998.36 4008.72 4017.96 4014.76 3996.41 3995.71 3973.63 3987.83 3985 3986.51 3986.58 3985.45 3986.32 3990.18 3998 4005.24 4011.66 4020.4 4025.38 4021.73 4021.01 4021.6 4028.53 4038.61 4047.59 4053.77 4064.08 4081.53 4086.13 4072.83 4064.5 4060.74 4058.6 4061.27 4073.39 4091.45 4077.7 4062.75 4060.56 4054.47 4047.93 4050.72 4058.91 4064.9 4066.07 4061.83 4062.36 4065.15 4064.96 4064.08 4060.8 4058.61 4050.25 4050.46 4052.64 4050.33 4050.56 4050 4047.5
4008.56 4003.6 3996.24 3993.1 3994.01 3992.66 3991.42 3992.6 3998.33 4010.65 4028.09 4033.54 4007.65 3991.5 3985.58 3994.22 3992.12 3993.86 3994.6 3990.6 3991.92 3994.05 3998.85 3997.39 4010.74 4022.24 4020.54 4024.68 4027.45 4031.12 4033.67 4033.78 4040.44 4048.61 4057.25 4068.41 4072.87 4067.54 4065.44 4063.7 4063.03 4058.8 4064.97 4065.28 4059.83 4059.51 4053.78 4049.46 4046.1 4047.92 4056.18 4063.23 4063.28 4064.5 4072.2 4073.64 4075.03 4074.68 4069.55 4063.76 4059.48 4055.79 4059.04 4065.42 4069.04 4070.93 4072.88
4014.33 4011.8 3994.5 3992.3 3993.73 3991.54 3989.51 3988.06 3992.57 4004.26 4015.28 4015.27 3997.26 3990.41 3984 3981.08 3998.12 3999.41 4004 4014.01 4009.32 4008.16 4010.44 4017.5 4025.66 4033.1 4040.3 4036.44 4037.93 4038.46 4037.04 4035.44 4030.1 4041.16 4049.05 4055.26 4050.73 4059.65 4063.79 4066.3 4069.41 4078.08 4085.52 4071.96 4054.99 4053.65 4052.48 4051.43 4050.79 4053.57 4061.97 4064.9 4066.69 4075.62 4090.95 4098.55 4101.52 4097.27 4089.35 4083.5 4080.22 4071.75 4081.88 4089.92 4095.09 4096.31 4098.28
4014.93 4012.81 4001.15 3993.02 3991.01 3989.77 3988.52 3987.74 3989.66 3994.5 3996.96 3997.98 3997.62 3992.89 3984.52 3978.63 3989.6 3998.28 4007.47 4011.96 4015.68 4016.15 4017.04 4025.38 4033.27 4037.62 4047.2 4048.41 4048.76 4045.95 4040.68 4038.39 4036.19 4041.18 4050.71 4057.29 4060.78 4060.41 4063.27 4066.79 4071.01 4078.81 4085.38 4081.29 4067.83 4055.6 4057.23 4059.71 4062.8 4075.25 4079.66 4079.76 4077.27 4091.94 4117.16 4130.17 4134.11 4130.73 4126.78 4120.76 4120.73 4127.56 4121.05 4125.79 4128.58 4125.36 4117.8
4007.27 4000.36 4003.84 3994.46 3989.42 3989.58 3989.31 3989.03 3989.31 3989.84 3985.92 3986.26 3987.85 3986.3 3985.58 3988.58 3982.09 3995.32 4010.13 4019.25 4018.46 4014.5 4014.04 4015.76 4017.03 4031.32 4043.26 4062.23 4060.52 4055.88 4050.34 4042.57 4040.56 4043.5 4047.62 4053.63 4058.71 4061.87 4062.49 4065.03 4067.3 4068.95 4069.38 4075.13 4074.94 4068.08 4069 4078.27 4089.39 4103.78 4110.83 4115.53 4106.1 4134.32 4168.24 4176.18 4177.77 4170.23 4158.41 4162.47 4166.6 4156.27 4156.25 4170.93 4175.19 4164.53 4146.72
4008.44 4001.47 3991.43 3997.48 3995.68 3991.9 3991.15 3992.08 3994.72 3990.64 3988.6 3985.61 3984.35 3982.98 3985.63 3984.24 3983.25 3992.51 4008.75 4024.72 4019.58 4012.36 4014.42 4019.73 4026.72 4031.57 4041.73 4070.23 4067.19 4061.05 4053.14 4045.34 4047.14 4042.59 4042.08 4045.52 4053.21 4057.11 4057.63 4060.14 4063.38 4065.14 4063.64 4069.15 4073 4070.58 4079.61 4092.83 4115.15 4127.94 4146.31 4171.39 4213.4 4248.78 4226.81 4226.79 4230.15 4230.14 4204.03 4215.02 4222.27 4236.38 4229.72 4237.42 4228.41 4214.61 4182.13
4010.15 4001.88 4003.42 3995.9 3993.67 3992.38 3992.13 3992.59 3990.05 3991.46 3987.91 3987.03 3985.34 3990.63 3992.11 3981.94 3980.68 3988.61 3997.84 4008.26 4019.37 4027.35 4032.88 4033.54 4034.93 4037.07 4042.17 4056.62 4062.16 4063.07 4064.75 4052.99 4044.03 4037.67 4038.09 4040.41 4040.92 4046.45 4051.86 4055.59 4058.93 4063.64 4069.12 4070.5 4070.56 4082.23 4096.87 4100.21 4092.84 4134.23 4177 4215.51 4248.14 4253.12 4256.34 4263.5 4279.67 4315.07 4351.77 4298.97 4267.23 4255.64 4283.59 4286.93 4272.53 4273.89 4283.38
4000.06 3998.2 4001.36 3993.02 3991.19 3991.6 3992.23 3993.77 3999 3998.75 4000.72 4002.27 4012.41 4012.8 4002.54 3990.98 3987.1 3991.62 3995 4003.07 4022.34 4036.93 4044.15 4044.11 4041.38 4042.69 4046.32 4051.04 4056.44 4059.52 4062.61 4062.44 4051.25 4033.34 4035.36 4042.63 4039.65 4043.65 4045.69 4048.37 4051.64 4057.52 4069.46 4068.12 4069.45 4103.23 4126.16 4128.3 4144.54 4169.95 4215.3 4254.69 4274.25 4261.14 4271.23 4273.06 4286.87 4323.05 4372.07 4310.51 4268.86 4259.41 4277.4 4269.44 4275.41 4296.19 4326.86
3981.57 3996.41 3999.69 3995.44 3991.63 3991.28 3991.53 3992.73 3992.12 3997.74 4007.87 4015.36 4015.62 4015.04 4005.78 3997.69 4000.46 4001.63 4008.37 4017.5 4029.39 4044.24 4055.21 4052.97 4046.78 4047.84 4049.72 4050.91 4051.58 4052.48 4051.3 4052.35 4048.25 4033.34 4032.25 4030.92 4035.07 4041.88 4042.1 4043.33 4045.32 4047.46 4049.09 4064.81 4088.48 4114.48 4130.66 4135.19 4162.81 4208.86 4251.92 4294.57 4335.14 4341.61 4278.68 4253.14 4245.57 4243.56 4233.6 4231.03 4213.31 4206.08 4197 4201.71 4235.09 4268.34 4277.59
3975.26 3984.07 3991.84 3989.1 3990.05 3989.93 3990.43 3992.07 3996.19 3998.59 4003.05 4016.26 4023.24 4019.32 4010.86 4005.13 3991.93 4001.31 4012.77 4021.82 4031.55 4045.9 4061.84 4056.92 4055.72 4054.45 4050.23 4043.62 4044.11 4045.57 4047.76 4046.17 4038.29 4035.44 4031.84 4032.03 4032.52 4033.22 4040.57 4041.31 4040.29 4042.69 4053.35 4071.16 4087.64 4117.52 4155.4 4155.06 4191.88 4246.82 4279.28 4308.31 4335.89 4329.89 4247.26 4198.96 4172.74 4166.5 4152.31 4129.05 4113.96 4107.56 4119.35 4145.78 4161.43 4192.67 4248.9
3975.87 3972.06 3980.36 3986.71 3987.47 3989.15 3990.18 3990.72 3990.46 3992.84 3999.42 4006.15 4017.63 4020.35 4011.82 4003.51 4000.85 4000.8 4006.31 4016.18 4026.31 4036.17 4042.44 4049.06 4055.15 4056.96 4054.99 4048.27 4039.08 4040.37 4039.84 4038.65 4037.84 4036.89 4031.66 4032.97 4041.02 4052.43 4045.57 4042.77 4040.86 4041.12 4061.34 4091.77 4096.46 4117.99 4164.38 4199.7 4287.01 4288.8 4288.51 4291.1 4288.76 4252.21 4173.43 4103.85 4063 4050.61 4036.61 4001.87 3985.29 3986.68 4017.76 4059.38 4043.35 4036.32 4056.01
3977.09 3976.94 3975.57 3976.7 3986.42 3990.08 3990.95 3990.58 3990.07 3990.34 3996.39 3999.67 4004.72 4020.18 4023.08 4008.83 4003.59 4000.71 4005 4010.65 4018.76 4025.26 4029.62 4039.1 4048.87 4055.13 4057.48 4057.72 4045.43 4038.59 4031.97 4021.75 4025.3 4028.85 4027.65 4029.58 4036.61 4053.65 4046.96 4044.91 4045.06 4048.48 4075.33 4106.42 4101.61 4114.86 4164.75 4275.17 4318.44 4297.34 4270.34 4243.35 4214.67 4174.81 4052.69 3968.75 3914.54 3877.61 3858.68 3847.87 3838.87 3835.69 3843.37 3888.29 3890.95 3884.37 3914.12
3975.16 3980.13 3985.53 3989.46 3995.41 3995.94 3994.71 3992.08 3990.66 3993.01 3999.12 4009.93 4008.89 4016.11 4021.38 4009.61 4002.77 4003.16 4003 4007.26 4012.52 4018.26 4023.01 4032.68 4044.59 4052.94 4055.44 4055.48 4044.87 4039.56 4034.55 4026.41 4020.11 4048.89 4038.91 4027.6 4027.25 4033.72 4043.05 4047.99 4052 4061.12 4078.55 4098.97 4106.04 4118.7 4165.81 4263.86 4289.82 4266.86 4219.87 4164.85 4102.12 4016.89 3878.53 3810.7 3755.15 3716.12 3698.09 3692.71 3688.25 3683.15 3685.6 3716.2 3737.18 3759.61 3800.52
3981.73 4008.07 4027.66 4019.27 4008.96 4001.74 3997 3993.95 3992.73 3994.48 4003.28 4012.65 4011.62 4004.83 4001.38 3999.64 3998.85 4000.52 4004.57 4004.32 4008.93 4014.62 4021.3 4031.03 4041.65 4049.45 4057.77 4063.03 4053.67 4042.72 4036.87 4032.09 4024.43 4032.71 4031.54 4025.42 4023 4033.74 4044.67 4052.76 4059.7 4060.99 4073.87 4085.13 4119.34 4159.83 4203.52 4265.37 4276.7 4217.27 4145.94 4064.13 3972.26 3862.88 3737.8 3665.83 3607.93 3554.8 3551.42 3555.97 3553.58 3544.68 3531.44 3546.63 3598.46 3649.5 3698.08
3972.84 3996.99 4029.35 4027.73 4014.46 4004.58 3998.26 3994.29 3992.8 3996.22 4006.59 4012.58 4006.22 3997.41 3993.02 3991.8 3992.36 3989.88 3991.22 3999.39 4006.58 4013.8 4022.74 4033.51 4044.82 4049.04 4063.15 4064.79 4050.26 4046.08 4038.06 4033.57 4030.77 4028 4028.98 4026.49 4025.32 4034.53 4048.41 4058.92 4071.31 4089.5 4087.53 4094.15 4141.09 4208.61 4246.39 4278.35 4231.04 4148.12 4057.11 3958.32 3854.61 3730.75 3610.2 3549.37 3498.45 3452.63 3450.29 3456.14 3453.19 3442.91 3427.63 3436.79 3492.9 3552.39 3595.32
3983.65 4000.54 4007 4014.51 4009.65 4002.57 3997.01 3993.32 3991.88 3994.99 4004.37 4008.52 4002.49 3996.75 3991.96 3993.16 3982.59 3986.67 3989.73 3998.96 4006.7 4014.33 4023.4 4037.76 4056.23 4076.09 4087.87 4078.32 4065.26 4049.51 4041.08 4027.47 4029.14 4030.41 4027.4 4028.45 4032.63 4038.29 4054.46 4063.19 4075.61 4086.71 4100.33 4115.21 4160.17 4207.48 4269.57 4260.16 4153.15 4065.08 3968.99 3867.06 3759.88 3647.51 3538.1 3470.7 3426.57 3396.56 3388 3386.7 3383.14 3374.24 3370.39 3392.8 3432.57 3467.22 3496.25
3983.88 3996.83 4008.58 4004.34 4000.43 3996.81 3993.45 3990.75 3988.69 3988.16 3995.71 3998.09 4003.13 4011.11 4013.55 4015.69 4018.4 4014.56 4005.19 4006.54 4010.05 4015.21 4022.69 4033.4 4066.8 4102.12 4106.27 4086.81 4067.05 4051.38 4038.28 4029.5 4030.94 4033.27 4028.3 4027.23 4029.84 4040.26 4052.98 4061.41 4074.4 4097.68 4111.98 4139.84 4178 4224.97 4220.26 4131.55 4056.08 3973.9 3882.34 3785.51 3679.49 3576.58 3477.2 3403.38 3374.24 3358.7 3348.37 3345.36 3339.83 3330.23 3323.55 3343.03 3375.9 3385.54 3405.45
3975.7 3984.74 3993.03 3990.17 3989.73 3989.44 3988.07 3986.6 3985.81 3986.66 3990.69 3993.54 4009.95 4029.27 4039.13 4043.03 4044.77 4034.55 4025.29 4016.28 4014.22 4015.99 4022.41 4039.24 4062.01 4093.64 4108.98 4085.76 4064.65 4052.26 4053.09 4032.31 4022.33 4024.13 4023.87 4024.66 4029.03 4036.05 4044.44 4055.95 4067.55 4085.91 4117.96 4145.72 4170.69 4186.35 4128.63 4027.22 3969.07 3896.83 3815.14 3713.82 3606.38 3493.9 3386.82 3345.28 3331.16 3322.8 3320.09 3320.22 3317.5 3310.39 3298.65 3298.02 3299.39 3307.19 3333.42
3968.97 3972.27 3971.29 3973.38 3978.19 3981.72 3983.41 3984.03 3984.49 3986 3989.22 3991.74 4017.66 4042.51 4053.65 4053.56 4047.69 4036.26 4027.21 4022.17 4017.65 4015.52 4016 4019.87 4041.48 4062.42 4071.2 4068.26 4053.74 4049.15 4032.6 4029.84 4021.81 4019.25 4019.2 4021.16 4029.81 4035.17 4045.03 4054 4062.52 4087.9 4128.8 4159.72 4163.3 4121.35 4042.68 3982.76 3928.13 3862.36 3770.07 3665.78 3555.9 3442.06 3346.32 3313.61 3298.23 3293.68 3298.5 3306.52 3311.13 3311.47 3302.87 3286.63 3294.77 3288.46 3298.01
3969.82 3963.52 3963.11 3966.18 3972.5 3976.47 3979.4 3981.75 3982.72 3984.74 3991.58 4002.55 4022.83 4047.89 4058.55 4059.85 4048.06 4042.15 4036.31 4027.81 4020.85 4015.88 4011.72 4010.34 4024.97 4049.09 4061.33 4051.55 4040.64 4039.66 4039.8 4031.06 4023.66 4013.48 4016.74 4018.65 4025.04 4029.34 4037.16 4055.04 4067.86 4100.65 4150.5 4187.18 4175.34 4091.63 3999.09 3958.75 3917.03 3838.3 3739.52 3631.43 3521.66 3412 3321.03 3293.39 3270.62 3269.88 3288.98 3307.85 3323.36 3332.93 3335.92 3334.54 3314.43 3293.98 3288.06
3970.45 3965 3963.59 3968.63 3970.41 3973.6 3977.38 3981.69 3987.63 3990.39 3992.14 4003.44 4021.86 4040.23 4055.79 4059.87 4047.58 4043.47 4040.94 4030.84 4024 4018.84 4014.19 4010.78 4018.48 4030.2 4038.15 4038.9 4032.75 4037.58 4033.57 4027.43 4021.41 4013.1 4013.77 4025.72 4024.92 4027.5 4041.71 4063.78 4075.35 4118.91 4181.12 4233.08 4230.52 4098.07 3975.94 3979.16 3926.03 3822.45 3712.54 3602.65 3496.12 3394.42 3314.03 3281.24 3256.78 3262.45 3290.13 3318.55 3344.11 3364.35 3379.65 3379.49 3336.11 3304.48 3287.54
3965.28 3960.85 3960.15 3963.46 3968.88 3972.63 3976.13 3979.99 3985.25 3992.45 3999.15 4004.93 4018.5 4034.22 4051.8 4061.86 4052.87 4049.39 4040.26 4032.26 4029.36 4025.4 4021.6 4021.26 4022.29 4022.64 4030.39 4033.14 4030.18 4039.75 4030.51 4020.72 4013.68 4017.8 4016.61 4033.55 4031.8 4035.69 4057.88 4076.07 4080.29 4132.33 4207.39 4269.24 4265.28 4111.39 3950.86 3964.29 3900.78 3788.84 3680.15 3576 3475.59 3384.44 3311.3 3275.74 3257.95 3272.66 3302.34 3333.73 3363.95 3392.5 3419.42 3430.87 3353.1 3313.52 3292.27
3960.53 3957 3959.48 3962.99 3968.89 3972.33 3975.26 3978.02 3978.35 3990.4 3997.8 4004.21 4013 4027.52 4042.68 4057.28 4048.7 4044.8 4045.82 4039.71 4034.25 4030.46 4027.96 4028.27 4029.89 4027.48 4033.77 4033.16 4035.05 4041.96 4018.49 4019.33 4016.77 4020.75 4027.63 4042.57 4039.1 4041.1 4068.53 4083.17 4084.63 4143.5 4223.26 4288.43 4287.51 4115.13 3939.38 3891.72 3826.52 3740.12 3646.95 3554.69 3463.85 3378.39 3307.44 3266.99 3277.55 3293.58 3319.3 3350.15 3381.7 3413.32 3442.51 3457.09 3391.29 3332.82 3303.62
3956.9 3956.17 3961.68 3967.36 3969.32 3971.51 3974.18 3977.43 3983.06 3989.62 3996.34 3997.22 3999.29 4011.94 4028.99 4036.93 4034.44 4034.69 4034.58 4039.65 4036.48 4033.86 4032.93 4033.76 4034.74 4033.94 4028.22 4034.96 4038.62 4044.18 4039.6 4028.91 4024.11 4033.04 4032.14 4056.51 4050.7 4050.87 4080.22 4095.49 4091.86 4154.66 4231.17 4293.43 4299.03 4116.86 3914.68 3836.84 3757.42 3690.18 3616.8 3538.21 3456.94 3378.6 3306.82 3257.96 3274.15 3306.84 3332.1 3358.6 3388.27 3420.39 3446.99 3458.06 3408.87 3350.8 3315.28
