real_craters/C086-750m.grd
DSAA
82 82
-30.275 30.275
-30.275 30.275
3262.4647541569 4347.3025128228
[rows 0 to 38 of 82, columns 0 to 81 of 82]
4021 4021 4060 4041 4029 4028 4025 4022 4024 4026 4025 4014 4013 4019 4020 4026 4033 4026 4025 4024 4025 4042 4038 4052 4058 4052 4035 4029 4023 4021 4020 4018 4023 4020 4014 4009 4012 4027 4020 4024 4031 4035 4035 4040 4043 4045 4047 4049 4053 4049 4052 4061 4060 4059 4058 4054 4050 4044 4041 4046 4048 4052 4050 4048 4052 4058 4065 4064 4059 4058 4054 4054 4055 4049 4047 4055 4041 4039 4060 4062 4061 4062
4033 4042 4036 4040 4031 4028 4030 4023 4022 4025 4033 4013 4018 4020 4022 4024 4027 4025 4031 4029 4026 4067 4080 4073 4067 4060 4049 4020 4019 4019 4019 4019 4024 4024 4020 4016 4020 4026 4022 4020 4023 4028 4032 4035 4039 4041 4043 4046 4051 4048 4058 4067 4065 4062 4058 4053 4047 4045 4047 4031 4039 4052 4053 4054 4071 4065 4062 4057 4052 4054 4053 4054 4054 4051 4047 4049 4051 4075 4053 4047 4053 4058
4042 4061 4053 4038 4026 4025 4029 4026 4024 4019 4013 4023 4017 4021 4029 4023 4032 4038 4039 4046 4050 4066 4094 4083 4067 4051 4055 4036 4025 4021 4020 4021 4029 4029 4026 4021 4031 4026 4021 4019 4022 4024 4024 4031 4034 4037 4039 4041 4043 4049 4060 4070 4068 4064 4059 4053 4048 4047 4049 4042 4045 4055 4060 4067 4066 4059 4060 4057 4052 4056 4057 4051 4049 4052 4051 4051 4056 4058 4057 4052 4052 4055
4036 4058 4046 4029 4025 4028 4028 4028 4026 4022 4023 4031 4020 4016 4030 4026 4058 4107 4100 4056 4051 4069 4090 4076 4065 4042 4052 4044 4030 4022 4018 4018 4019 4030 4031 4039 4030 4025 4023 4020 4021 4024 4026 4028 4031 4034 4036 4038 4044 4050 4058 4064 4065 4063 4062 4059 4050 4053 4053 4045 4045 4067 4082 4077 4069 4061 4062 4060 4064 4059 4056 4049 4048 4055 4052 4053 4073 4070 4059 4055 4054 4055
4025 4011 4007 4016 4024 4029 4026 4024 4039 4027 4025 4048 4039 4038 4037 4060 4086 3998 3986 4007 4033 4038 4053 4053 4043 4038 4036 4030 4025 4019 4014 4010 4006 4022 4026 4028 4027 4021 4017 4020 4022 4024 4027 4027 4029 4032 4034 4036 4040 4048 4056 4058 4059 4061 4063 4067 4076 4067 4052 4049 4052 4069 4076 4073 4072 4062 4060 4060 4062 4060 4057 4054 4053 4057 4052 4058 4064 4061 4057 4054 4055 4057
4029 4024 4017 4019 4027 4027 4026 4032 4039 4024 4025 4040 4054 4053 4040 4079 4077 3988 3984 3995 4043 4050 4038 4037 4028 4026 4022 4020 4019 4015 4010 4006 4003 4018 4023 4020 4021 4018 4017 4021 4022 4020 4021 4025 4027 4030 4034 4042 4044 4046 4047 4047 4053 4057 4062 4070 4077 4076 4058 4050 4057 4059 4063 4064 4069 4070 4061 4058 4055 4058 4060 4052 4052 4054 4054 4060 4061 4060 4060 4059 4058 4059
4048 4054 4029 4022 4027 4018 4011 4024 4016 4024 4030 4059 4063 4049 4040 4070 4056 3985 3977 4036 4070 4057 4043 4038 4031 4019 4012 4012 4014 4014 4013 4009 4030 4039 4028 4021 4015 4014 4015 4024 4021 4024 4025 4025 4026 4028 4030 4032 4037 4041 4042 4042 4047 4052 4059 4067 4078 4085 4088 4075 4051 4055 4056 4059 4069 4065 4056 4055 4055 4058 4058 4058 4054 4054 4058 4061 4062 4065 4064 4061 4060 4061
4057 4062 4032 4019 4023 4022 4015 4017 4012 4017 4018 4035 4046 4040 4044 4069 4071 4072 4136 4166 4097 4064 4051 4043 4037 4018 4009 4008 4013 4017 4021 4027 4039 4029 4023 4009 4009 4010 4011 4014 4016 4019 4022 4025 4027 4027 4027 4026 4030 4034 4037 4037 4042 4048 4054 4059 4063 4064 4065 4049 4048 4049 4048 4054 4068 4057 4055 4055 4058 4059 4058 4054 4055 4055 4058 4074 4079 4076 4068 4063 4061 4064
4049 4052 4031 4014 4014 4015 4015 4016 4011 4008 4005 4004 4013 4023 4040 4064 4087 4118 4128 4099 4069 4034 4026 4043 4041 4024 4011 4009 4012 4017 4027 4033 4030 4017 4016 4009 4009 4010 4011 4009 4011 4015 4021 4027 4030 4031 4028 4025 4028 4031 4031 4032 4040 4046 4050 4050 4049 4050 4057 4043 4046 4047 4047 4056 4068 4064 4056 4056 4058 4060 4060 4057 4056 4055 4050 4086 4100 4089 4081 4068 4063 4067
4027 4029 4027 4024 4019 4018 4012 4021 4028 4013 4008 4020 4031 4044 4050 4032 4072 4108 4099 4067 4053 4027 4047 4064 4056 4030 4010 4001 4006 4010 4026 4035 4026 4015 4015 4014 4012 4012 4012 4013 4016 4023 4028 4034 4037 4039 4036 4032 4030 4032 4035 4040 4044 4046 4047 4048 4046 4045 4054 4045 4037 4047 4050 4059 4090 4081 4063 4055 4057 4060 4061 4061 4057 4054 4061 4076 4085 4083 4076 4068 4064 4069
4017 4018 4019 4011 4011 4012 4010 4009 4010 4007 4014 4017 4001 4026 4040 4039 4059 4069 4052 4053 4063 4069 4075 4080 4065 4038 4016 4004 3988 4001 4010 4021 4026 4017 4015 4017 4016 4017 4017 4018 4021 4029 4038 4042 4045 4048 4049 4043 4033 4028 4035 4050 4050 4049 4049 4048 4048 4051 4050 4036 4036 4043 4045 4068 4077 4061 4050 4050 4050 4056 4063 4067 4070 4070 4064 4063 4067 4068 4061 4062 4064 4071
4013 4013 4015 4018 4013 4012 4012 4005 3992 3992 4002 4001 4007 4019 4028 4029 4037 4048 4046 4040 4055 4063 4070 4071 4060 4041 4020 4003 4000 3999 4000 4016 4035 4034 4016 4019 4023 4024 4021 4013 4024 4042 4048 4050 4051 4054 4061 4054 4034 4020 4032 4051 4050 4047 4046 4047 4051 4058 4050 4037 4035 4042 4046 4049 4048 4050 4046 4046 4047 4049 4057 4066 4073 4073 4065 4060 4061 4061 4061 4062 4068 4072
4012 4010 4013 4013 4008 4009 4011 4008 4002 3998 4001 3997 4001 4022 4032 3976 4025 4032 4044 4046 4064 4056 4058 4056 4051 4042 4029 4011 4000 3996 3997 4017 4047 4077 4058 4038 4038 4036 4037 4047 4053 4065 4061 4058 4055 4053 4053 4047 4032 4024 4028 4037 4041 4043 4044 4046 4049 4050 4045 4038 4032 4039 4040 4041 4041 4050 4045 4047 4052 4060 4056 4064 4069 4062 4053 4059 4059 4060 4059 4065 4064 4072
4002 4006 4010 4009 4005 4006 4011 4013 4010 4007 3994 3999 4008 4014 4012 4013 3999 4010 4015 4035 4047 4042 4041 4042 4042 4042 4040 4030 4012 3998 3998 4018 4047 4072 4071 4062 4055 4053 4054 4062 4082 4068 4070 4064 4055 4046 4038 4034 4029 4023 4025 4028 4032 4038 4043 4044 4042 4039 4038 4040 4032 4035 4039 4041 4038 4044 4048 4049 4053 4057 4052 4060 4077 4053 4055 4053 4056 4059 4064 4065 4067 4072
4004 4004 4004 4001 3997 4002 4007 4009 4010 4011 4008 4004 4004 4003 4003 4003 3998 3999 4005 4010 4013 4020 4024 4027 4035 4041 4046 4041 4028 4012 4003 4017 4039 4061 4074 4070 4067 4069 4071 4076 4086 4093 4078 4066 4052 4038 4028 4030 4032 4030 4031 4027 4028 4041 4046 4045 4038 4029 4030 4036 4034 4041 4039 4045 4044 4049 4048 4046 4047 4047 4051 4055 4058 4051 4055 4057 4057 4057 4056 4060 4068 4074
4003 4002 3999 3995 3998 4001 4005 4009 4006 4009 4009 4004 4000 3999 4005 4000 3994 3992 4001 4000 4001 4010 4017 4026 4031 4036 4039 4036 4031 4019 4001 4015 4033 4051 4064 4071 4075 4079 4084 4093 4099 4099 4085 4069 4054 4037 4021 4033 4049 4054 4050 4044 4044 4057 4058 4055 4049 4042 4038 4036 4037 4040 4039 4047 4037 4041 4037 4039 4040 4046 4047 4053 4054 4058 4062 4061 4057 4056 4058 4063 4070 4073
4005 4001 3999 3997 3997 4002 4005 4005 4004 3995 4006 4003 3999 3997 3997 4006 4009 3974 3993 4003 4002 4000 4020 4026 4029 4029 4029 4028 4028 4022 4008 4016 4027 4042 4064 4074 4081 4088 4095 4107 4115 4106 4090 4073 4059 4049 4044 4046 4058 4066 4072 4085 4099 4085 4074 4066 4064 4062 4049 4041 4041 4038 4038 4046 4043 4039 4036 4040 4047 4063 4069 4065 4063 4070 4063 4056 4055 4056 4059 4064 4070 4074
4001 3999 3998 3999 4002 4004 4007 4010 4004 4001 4003 4001 4005 4006 4015 4017 4015 3981 3990 3992 3976 3990 4005 4028 4029 4026 4022 4022 4031 4025 4032 4023 4020 4031 4066 4082 4088 4091 4095 4100 4103 4099 4086 4073 4063 4058 4054 4053 4058 4068 4082 4102 4119 4101 4085 4074 4066 4068 4062 4058 4043 4037 4042 4036 4036 4034 4039 4047 4060 4080 4080 4070 4070 4071 4055 4049 4052 4055 4059 4065 4062 4063
4001 4000 4000 4002 4004 4006 4007 4009 4003 4001 4001 4000 4016 4043 4035 4028 4023 4005 3997 3994 3997 3995 3998 4022 4024 4022 4021 4024 4033 4029 4040 4029 4016 4012 4076 4089 4088 4086 4083 4082 4083 4087 4080 4070 4061 4058 4056 4051 4052 4064 4081 4096 4102 4099 4089 4078 4071 4075 4080 4076 4043 4036 4040 4040 4041 4036 4045 4054 4063 4066 4063 4072 4062 4057 4051 4049 4051 4053 4055 4053 4057 4061
3996 4001 4003 4006 4005 4005 4006 4005 4004 4001 4000 3994 4012 4034 4033 4022 4029 4021 4009 4002 3998 3998 4003 4005 4014 4017 4017 4010 4029 4042 4047 4039 4030 4019 4083 4089 4084 4076 4068 4062 4063 4072 4065 4059 4052 4047 4045 4045 4044 4061 4079 4093 4098 4098 4089 4079 4076 4073 4080 4079 4067 4052 4045 4041 4043 4047 4050 4049 4058 4054 4078 4075 4065 4050 4051 4051 4053 4054 4054 4056 4057 4061
4002 4004 4008 4009 4004 4003 4004 4004 4005 4002 3997 3990 4001 4017 4025 4012 4017 4020 4021 4031 4008 3998 4003 4005 4009 4015 4020 4024 4024 4035 4048 4056 4064 4087 4091 4083 4076 4065 4055 4044 4033 4045 4046 4045 4043 4040 4042 4046 4047 4064 4080 4094 4107 4100 4088 4076 4070 4082 4085 4083 4075 4073 4051 4041 4046 4052 4051 4056 4046 4045 4049 4046 4047 4047 4034 4051 4055 4058 4059 4056 4061 4066
4004 4004 4007 4001 4002 4003 4004 4006 4006 4000 3983 3984 3990 4000 4014 4025 4016 4017 4022 4021 4018 4006 4016 4009 4012 4021 4027 4035 4042 4039 4057 4074 4086 4104 4101 4083 4069 4057 4044 4028 4015 4019 4028 4033 4036 4044 4049 4056 4065 4073 4083 4092 4096 4093 4084 4072 4069 4078 4077 4079 4086 4092 4072 4049 4064 4078 4083 4046 4036 4042 4043 4043 4048 4048 4061 4059 4060 4063 4067 4076 4072 4064
3996 4001 4005 3996 3999 4002 4003 4004 4002 3986 3980 3983 3981 3983 4011 4019 4020 4023 4023 4023 4012 4024 4032 4032 4031 4038 4043 4053 4073 4104 4115 4090 4084 4088 4091 4076 4065 4054 4043 4025 4008 4011 4020 4027 4030 4036 4049 4064 4077 4081 4086 4092 4096 4094 4082 4069 4066 4077 4087 4079 4077 4093 4099 4102 4096 4101 4084 4051 4076 4078 4051 4045 4043 4050 4058 4062 4065 4069 4073 4076 4073 4070
3996 3994 3996 4002 3997 3997 4002 4000 3999 3971 3984 3981 3981 3987 4000 4012 4019 4022 4019 4017 4018 4017 4037 4051 4063 4057 4053 4053 4079 4116 4111 4083 4068 4069 4073 4068 4062 4057 4052 4044 4031 4018 4029 4032 4030 4027 4048 4069 4080 4084 4088 4090 4092 4089 4080 4075 4074 4076 4071 4077 4089 4100 4107 4110 4108 4110 4105 4069 4076 4067 4057 4047 4045 4052 4058 4066 4072 4075 4076 4075 4071 4067
3999 3994 3992 3994 3993 3993 4008 4015 3992 3983 3988 3985 3986 3986 3990 4002 4012 4023 4022 4022 4026 4044 4053 4069 4087 4070 4060 4059 4073 4096 4066 4061 4050 4055 4064 4064 4063 4065 4063 4060 4051 4053 4049 4048 4046 4042 4059 4078 4087 4088 4088 4087 4083 4077 4074 4075 4073 4073 4079 4078 4090 4097 4105 4108 4120 4115 4106 4063 4049 4055 4061 4058 4052 4059 4065 4073 4080 4084 4084 4077 4069 4074
4008 4001 3993 3993 3991 3991 4009 4032 4006 3988 3991 3996 3998 3998 3997 4003 4014 4027 4028 4032 4035 4036 4045 4053 4063 4064 4065 4065 4068 4061 4060 4052 4047 4051 4062 4062 4075 4082 4082 4072 4066 4060 4070 4078 4081 4086 4080 4080 4088 4091 4090 4085 4076 4066 4065 4062 4070 4072 4073 4083 4084 4094 4103 4103 4101 4103 4101 4075 4064 4063 4054 4045 4053 4068 4077 4082 4089 4094 4098 4100 4099 4086
4016 4007 3993 3991 3989 3988 3996 4001 3998 3989 3978 3995 4007 4013 4016 4019 4033 4042 4047 4047 4039 4037 4040 4054 4062 4061 4066 4074 4088 4076 4056 4057 4060 4073 4077 4077 4107 4126 4126 4110 4113 4113 4118 4123 4117 4110 4106 4098 4098 4100 4097 4088 4077 4070 4064 4064 4068 4072 4073 4076 4083 4089 4096 4093 4090 4087 4081 4075 4076 4069 4054 4055 4074 4079 4085 4091 4098 4106 4114 4122 4124 4103
4006 3998 3996 3991 3990 3991 3990 3987 3985 3985 3986 3987 4009 4022 4014 4014 4011 4035 4067 4062 4052 4045 4044 4046 4059 4061 4063 4067 4062 4074 4070 4076 4105 4117 4131 4136 4186 4194 4189 4158 4183 4158 4185 4190 4164 4151 4146 4127 4121 4112 4101 4092 4083 4073 4064 4058 4064 4070 4072 4072 4078 4082 4086 4089 4079 4076 4074 4078 4085 4071 4059 4082 4080 4084 4090 4097 4105 4115 4126 4138 4145 4118
4011 4004 3997 3993 3992 3993 3991 3987 3984 3990 3983 3984 3999 4015 4024 4030 4033 4038 4059 4063 4063 4046 4038 4040 4043 4050 4056 4061 4070 4070 4078 4096 4092 4144 4201 4256 4257 4261 4294 4312 4266 4257 4289 4266 4263 4234 4200 4168 4150 4130 4114 4098 4084 4072 4065 4059 4058 4064 4068 4069 4074 4078 4087 4082 4075 4072 4075 4083 4077 4071 4069 4074 4079 4083 4091 4100 4109 4120 4131 4143 4152 4126
3994 4001 3993 3991 3992 3995 4000 4007 4016 4010 3994 3992 3999 4015 4038 4048 4044 4045 4052 4056 4059 4062 4036 4036 4039 4043 4046 4051 4061 4069 4104 4131 4149 4197 4261 4295 4278 4271 4295 4321 4263 4260 4247 4271 4306 4294 4252 4199 4180 4148 4118 4102 4090 4080 4079 4079 4060 4060 4066 4070 4071 4073 4077 4069 4061 4055 4055 4059 4065 4065 4067 4070 4076 4083 4093 4101 4110 4119 4129 4135 4133 4123
3975 3993 3991 3990 3991 3993 3999 4008 4023 4017 4004 3995 4012 4025 4045 4060 4055 4052 4046 4046 4048 4042 4035 4031 4032 4037 4041 4041 4051 4075 4107 4149 4170 4251 4301 4347 4268 4204 4182 4160 4138 4125 4153 4184 4263 4253 4276 4275 4195 4146 4119 4100 4096 4090 4086 4079 4070 4066 4071 4077 4078 4075 4079 4065 4055 4047 4053 4056 4059 4066 4071 4071 4080 4088 4095 4102 4109 4117 4124 4126 4120 4117
3975 3973 3983 3988 3991 3990 3995 4000 4013 4024 4005 4002 4004 4018 4032 4040 4052 4056 4055 4040 4037 4035 4037 4031 4040 4051 4044 4042 4058 4099 4106 4180 4304 4293 4281 4263 4159 4050 4002 3975 3944 3944 4014 3995 3989 4097 4191 4208 4152 4114 4095 4093 4101 4101 4099 4089 4080 4076 4079 4084 4090 4078 4074 4072 4061 4061 4063 4064 4068 4070 4073 4075 4083 4091 4096 4102 4107 4113 4119 4124 4130 4126
3975 3982 3985 3994 3994 3991 3990 4003 4006 4022 4011 4001 4001 4010 4019 4027 4044 4055 4056 4043 4034 4020 4041 4033 4027 4039 4047 4052 4074 4102 4112 4195 4292 4264 4194 4109 3935 3826 3755 3726 3718 3713 3740 3770 3804 3904 3988 4040 4046 4053 4065 4077 4092 4102 4101 4089 4081 4081 4095 4098 4096 4069 4061 4061 4065 4068 4069 4065 4066 4070 4075 4082 4087 4092 4096 4100 4103 4107 4112 4117 4125 4120
3979 4023 4026 4007 3997 3993 3997 4010 4010 3997 3997 3998 3998 4005 4014 4025 4041 4054 4063 4049 4038 4030 4029 4028 4025 4036 4053 4066 4074 4095 4163 4230 4280 4176 4053 3907 3721 3612 3527 3519 3523 3506 3499 3577 3653 3725 3778 3855 3922 3971 4012 4049 4078 4100 4107 4096 4085 4091 4116 4115 4075 4060 4052 4061 4066 4072 4064 4064 4068 4075 4079 4086 4088 4092 4094 4096 4099 4102 4104 4104 4102 4092
3981 4007 4017 4007 3998 3993 3995 4010 4003 3993 3991 3983 3989 4002 4014 4028 4052 4075 4077 4059 4042 4026 4030 4028 4032 4043 4061 4080 4097 4121 4200 4291 4189 4055 3907 3746 3563 3471 3414 3399 3395 3384 3392 3452 3507 3558 3620 3705 3799 3885 3957 4020 4065 4103 4119 4103 4084 4088 4114 4120 4100 4080 4065 4076 4077 4071 4073 4064 4068 4068 4061 4085 4083 4089 4092 4094 4094 4095 4095 4093 4086 4075
3982 4000 4001 3997 3991 3989 3987 3996 4004 4020 4023 4032 4013 4010 4015 4027 4064 4116 4091 4061 4044 4030 4030 4026 4028 4044 4058 4078 4110 4156 4214 4164 4041 3924 3786 3627 3470 3376 3351 3339 3334 3321 3314 3353 3376 3404 3420 3560 3693 3811 3911 3997 4064 4111 4140 4116 4098 4097 4114 4128 4120 4094 4091 4101 4095 4097 4096 4098 4079 4068 4081 4086 4082 4085 4087 4088 4089 4089 4089 4087 4083 4082
3971 3976 3977 3982 3985 3985 3986 3992 4015 4048 4052 4042 4026 4019 4016 4019 4043 4071 4074 4060 4039 4026 4020 4020 4028 4037 4053 4068 4119 4162 4143 4032 3945 3839 3698 3531 3370 3314 3302 3304 3310 3306 3286 3287 3299 3320 3351 3479 3622 3756 3879 3982 4070 4128 4141 4114 4102 4103 4115 4112 4104 4092 4097 4096 4102 4101 4098 4105 4105 4090 4098 4087 4089 4086 4084 4084 4084 4084 4085 4084 4081 4081
3971 3963 3968 3974 3979 3983 3986 3997 4022 4052 4060 4040 4039 4025 4017 4010 4019 4055 4049 4036 4039 4028 4012 4016 4024 4030 4054 4080 4149 4204 4113 3981 3931 3804 3649 3482 3334 3283 3262 3293 3324 3344 3348 3311 3288 3285 3336 3447 3587 3727 3859 3977 4085 4161 4154 4115 4100 4097 4093 4088 4097 4112 4110 4110 4107 4106 4106 4105 4111 4117 4090 4093 4093 4082 4079 4080 4081 4082 4082 4082 4081 4077
3966 3960 3963 3971 3976 3983 3992 3998 4019 4044 4062 4047 4040 4030 4024 4019 4022 4024 4034 4031 4038 4020 4015 4021 4030 4038 4073 4088 4190 4272 4141 3953 3936 3768 3605 3452 3326 3271 3262 3307 3353 3393 3421 3337 3295 3275 3320 3432 3568 3708 3849 3983 4104 4206 4196 4133 4108 4103 4102 4102 4104 4108 4105 4108 4105 4096 4094 4112 4129 4124 4094 4084 4072 4072 4075 4078 4080 4082 4083 4086 4088 4089
