real_craters/C086-750m.grd
DSAA
82 82
-30.275 30.275
-30.275 30.275
3262.4647541569 4347.3025128228
[rows 39 to 77 of 82, columns 0 to 81 of 82]
3957 3957 3965 3971 3975 3979 3990 4001 4009 4030 4053 4040 4044 4038 4031 4030 4031 4031 4033 4039 4026 4019 4021 4033 4043 4052 4086 4098 4213 4302 4157 3914 3821 3701 3568 3437 3321 3263 3291 3330 3379 3425 3459 3379 3314 3281 3324 3437 3570 3711 3852 3986 4114 4212 4205 4149 4124 4121 4123 4118 4107 4099 4095 4080 4080 4077 4072 4082 4099 4095 4085 4076 4067 4069 4073 4077 4079 4082 4086 4090 4095 4102
3955 3958 3964 3970 3973 3979 3987 3990 4002 4016 4028 4028 4032 4038 4033 4034 4046 4041 4039 4043 4042 4035 4039 4039 4058 4068 4105 4126 4219 4297 4170 3874 3732 3644 3547 3441 3331 3267 3315 3342 3378 3418 3446 3390 3325 3306 3356 3465 3590 3729 3867 4000 4115 4200 4204 4171 4144 4140 4141 4138 4121 4110 4105 4097 4078 4070 4065 4070 4067 4087 4087 4072 4071 4072 4072 4074 4077 4081 4085 4089 4095 4102
3964 3968 3973 3967 3964 3972 3981 3988 4001 4012 4025 4031 4040 4029 4029 4032 4034 4049 4051 4044 4058 4056 4055 4046 4065 4095 4105 4126 4210 4274 4201 3875 3714 3627 3543 3458 3387 3344 3324 3330 3351 3374 3395 3353 3312 3342 3396 3497 3623 3757 3889 4013 4116 4180 4168 4174 4163 4154 4150 4140 4123 4115 4114 4119 4086 4073 4074 4079 4089 4078 4063 4064 4070 4073 4071 4073 4075 4078 4081 4086 4090 4091
3976 3968 3960 3948 3953 3952 3958 3963 3973 4002 4036 4065 4096 4034 4023 4029 4044 4057 4058 4053 4068 4070 4074 4064 4057 4079 4084 4113 4186 4253 4260 3979 3757 3648 3564 3493 3438 3379 3301 3305 3318 3326 3320 3293 3301 3332 3427 3542 3667 3791 3917 4031 4122 4168 4152 4154 4154 4158 4158 4140 4107 4097 4094 4095 4080 4069 4069 4079 4084 4070 4065 4073 4068 4066 4066 4069 4072 4077 4081 4084 4084 4084
3971 3975 3966 3950 3951 3952 3956 3957 3958 3990 4023 4052 4075 4016 4013 4022 4034 4042 4053 4061 4077 4072 4059 4062 4046 4088 4087 4104 4167 4224 4260 4121 3824 3684 3608 3539 3466 3365 3289 3287 3292 3292 3289 3323 3370 3393 3486 3602 3720 3839 3951 4056 4138 4178 4127 4147 4147 4156 4163 4144 4100 4062 4070 4064 4057 4057 4058 4071 4085 4072 4063 4059 4059 4056 4062 4066 4071 4075 4079 4081 4081 4078
3960 3958 3945 3945 3954 3967 3963 3959 3965 3985 4006 4017 4037 4003 4006 4012 4023 4023 4050 4075 4082 4074 4056 4062 4043 4099 4097 4109 4154 4208 4274 4225 3980 3771 3688 3611 3523 3432 3330 3312 3301 3294 3296 3315 3457 3483 3571 3671 3784 3887 3985 4071 4143 4167 4109 4130 4139 4150 4154 4143 4123 4105 4087 4069 4056 4055 4047 4064 4070 4072 4060 4060 4060 4060 4061 4064 4068 4070 4074 4079 4078 4076
3939 3950 3947 3940 3946 3955 3962 3956 3961 3982 4007 4023 4008 4009 4000 4002 3999 4001 4033 4063 4085 4076 4070 4060 4055 4078 4103 4112 4137 4183 4254 4255 4110 3900 3819 3703 3594 3553 3427 3365 3343 3325 3318 3410 3518 3597 3676 3761 3846 3931 4010 4083 4139 4141 4107 4115 4129 4140 4149 4140 4129 4122 4108 4095 4077 4072 4080 4072 4070 4085 4077 4073 4065 4058 4061 4063 4067 4071 4075 4080 4083 4087
3944 3956 3967 3946 3941 3948 3966 3954 3951 3983 4003 4013 3992 3986 3991 4002 4015 4015 4026 4056 4066 4061 4061 4064 4077 4055 4086 4080 4117 4149 4169 4239 4263 4193 3983 3802 3629 3494 3422 3420 3418 3411 3406 3484 3599 3705 3784 3851 3916 3984 4043 4097 4135 4132 4102 4103 4122 4128 4134 4129 4123 4127 4121 4105 4089 4079 4084 4070 4069 4075 4078 4072 4064 4060 4060 4063 4066 4071 4076 4082 4090 4100
3943 3955 3964 3955 3951 3955 3960 3982 3993 3990 3995 3973 3977 3987 3988 4000 4022 4048 4053 4058 4063 4052 4051 4054 4075 4051 4037 4060 4103 4146 4172 4206 4235 4249 4096 3912 3730 3585 3518 3515 3522 3542 3593 3686 3847 3869 3905 3949 3990 4034 4076 4109 4126 4116 4095 4098 4117 4117 4115 4121 4126 4132 4123 4095 4068 4065 4055 4055 4058 4052 4054 4058 4059 4057 4058 4060 4065 4072 4078 4086 4096 4108
3938 3949 3950 3965 3963 3961 3970 3985 3999 3989 3974 3960 3964 3976 3981 3987 4020 4083 4055 4038 4062 4055 4052 4056 4063 4047 4034 4055 4096 4147 4176 4173 4187 4262 4169 4021 3856 3744 3671 3624 3631 3671 3742 3851 3938 3985 4018 4042 4066 4091 4113 4127 4125 4110 4091 4088 4104 4108 4111 4117 4121 4121 4111 4082 4052 4054 4052 4055 4060 4061 4058 4055 4056 4053 4055 4058 4064 4071 4078 4088 4099 4109
3955 3942 3968 3965 3960 3972 3974 3971 3985 3993 3983 3966 3958 3956 3962 3964 3988 4045 4055 4059 4058 4064 4067 4069 4077 4057 4041 4040 4083 4123 4153 4158 4196 4247 4219 4130 4018 3900 3767 3733 3745 3771 3832 3935 4050 4094 4121 4136 4124 4139 4151 4155 4144 4119 4096 4085 4089 4097 4101 4104 4108 4108 4103 4084 4059 4056 4060 4061 4068 4063 4062 4059 4054 4048 4049 4055 4063 4071 4080 4089 4098 4106
3951 3940 3956 3960 3951 3957 3961 3965 3992 4001 3994 3966 3961 3972 3958 3965 3983 4026 4047 4054 4065 4096 4082 4083 4088 4064 4050 4053 4072 4100 4112 4117 4196 4258 4246 4219 4197 4094 3948 3876 3880 3892 3927 3982 4030 4181 4191 4184 4180 4180 4178 4183 4180 4149 4113 4095 4086 4087 4087 4082 4091 4103 4105 4099 4088 4073 4068 4064 4071 4071 4064 4060 4055 4048 4047 4052 4060 4068 4077 4086 4096 4107
3941 3954 3962 3963 3958 3947 3946 3950 3966 3966 3958 3954 3954 3969 3967 3981 3997 4011 4038 4048 4050 4048 4076 4091 4094 4064 4063 4036 4058 4089 4084 4079 4130 4199 4239 4237 4249 4227 4230 4083 4051 4013 4037 4100 4174 4261 4227 4206 4191 4187 4189 4193 4182 4132 4117 4105 4090 4078 4075 4072 4083 4099 4117 4109 4099 4079 4076 4068 4062 4066 4061 4063 4056 4048 4046 4052 4058 4064 4071 4079 4088 4100
3941 3954 3954 3952 3951 3948 3944 3948 3952 3951 3945 3944 3946 3956 3971 3978 3992 4009 4049 4042 4035 4046 4062 4076 4084 4076 4062 4052 4061 4066 4059 4053 4074 4153 4215 4192 4170 4224 4236 4214 4201 4230 4187 4208 4245 4219 4206 4194 4178 4173 4173 4176 4154 4113 4126 4120 4105 4091 4085 4080 4082 4090 4094 4098 4104 4102 4088 4064 4064 4059 4057 4061 4055 4053 4057 4054 4056 4061 4065 4072 4079 4088
3932 3934 3939 3940 3935 3944 3944 3945 3940 3939 3944 3942 3942 3939 3986 3990 3997 4011 4028 4022 4023 4035 4035 4047 4055 4058 4052 4057 4061 4053 4049 4055 4059 4080 4127 4142 4157 4200 4230 4224 4239 4266 4235 4213 4176 4167 4156 4150 4147 4144 4139 4141 4137 4126 4135 4128 4123 4119 4097 4078 4080 4080 4083 4086 4091 4115 4089 4045 4043 4043 4043 4045 4049 4052 4054 4053 4054 4057 4062 4067 4071 4075
3925 3927 3932 3930 3939 3931 3933 3936 3935 3931 3943 3945 3944 3946 3970 3980 4000 4015 4029 4019 4018 4025 4002 4015 4020 4031 4039 4051 4065 4047 4052 4065 4064 4059 4071 4098 4124 4159 4190 4173 4184 4205 4217 4223 4184 4133 4117 4119 4120 4117 4108 4091 4091 4102 4110 4111 4119 4122 4100 4074 4072 4072 4075 4077 4079 4075 4066 4046 4043 4042 4042 4039 4042 4046 4047 4048 4050 4053 4057 4060 4063 4063
3928 3929 3937 3959 3964 3923 3926 3936 3940 3950 3942 3946 3959 3957 3966 3992 3998 4009 4018 4008 4003 4004 3993 3998 4008 4024 4029 4037 4051 4051 4043 4051 4052 4047 4054 4068 4087 4116 4118 4105 4125 4138 4180 4217 4187 4110 4091 4094 4097 4095 4089 4076 4067 4059 4049 4076 4095 4123 4090 4066 4062 4063 4069 4074 4067 4062 4061 4060 4052 4044 4037 4038 4037 4039 4037 4042 4045 4049 4052 4055 4058 4062
3931 3925 3932 3941 3950 3915 3910 3922 3934 3939 3935 3940 3944 3950 3973 3984 3986 3991 4000 4006 4006 3993 3985 3994 4009 4014 4016 4010 3996 4001 4022 4034 4041 4046 4058 4072 4087 4098 4097 4088 4100 4124 4142 4129 4114 4079 4082 4083 4084 4086 4083 4081 4066 4048 4040 4055 4072 4084 4058 4047 4048 4053 4058 4065 4069 4056 4055 4053 4056 4046 4042 4034 4032 4033 4032 4035 4039 4043 4046 4050 4053 4054
3924 3919 3920 3925 3927 3909 3911 3919 3927 3929 3928 3934 3939 3947 3957 3964 3967 3970 3988 3998 3991 3985 3990 3989 3992 4002 3994 3987 3984 3994 4010 4025 4037 4052 4059 4076 4089 4096 4100 4091 4097 4112 4123 4124 4101 4089 4089 4087 4084 4080 4077 4070 4065 4049 4041 4044 4044 4033 4036 4034 4039 4044 4050 4059 4073 4071 4053 4050 4050 4054 4044 4035 4030 4030 4031 4033 4034 4037 4040 4045 4049 4051
3909 3906 3911 3924 3921 3909 3917 3921 3923 3929 3927 3933 3937 3941 3943 3937 3955 3967 3980 3981 3968 3976 3981 3979 3977 3979 3981 3981 3983 3990 4010 4029 4044 4058 4071 4082 4088 4096 4106 4118 4089 4097 4116 4132 4108 4089 4098 4094 4087 4079 4070 4063 4058 4048 4041 4040 4041 4032 4024 4027 4033 4037 4042 4052 4059 4063 4043 4043 4044 4048 4043 4035 4027 4026 4028 4028 4029 4032 4035 4038 4043 4050
3905 3909 3912 3918 3912 3917 3935 3927 3919 3916 3928 3940 3950 3955 3960 3961 3963 3968 3968 3965 3971 3963 3956 3968 3976 3984 3991 3972 3978 3992 4013 4036 4060 4069 4078 4081 4084 4087 4088 4093 4075 4085 4096 4108 4105 4105 4106 4099 4087 4074 4064 4059 4058 4044 4038 4038 4037 4029 4024 4024 4027 4031 4034 4038 4047 4038 4023 4033 4039 4040 4035 4030 4023 4022 4019 4019 4023 4026 4028 4030 4030 4037
3915 3927 3941 3950 3932 3922 3926 3923 3919 3924 3935 3946 3967 3996 3983 3983 3978 3983 3971 3961 3952 3959 3963 3970 3977 3998 3979 3980 3988 4000 4019 4042 4066 4081 4084 4085 4080 4075 4065 4049 4065 4077 4079 4080 4095 4107 4115 4103 4088 4071 4060 4060 4052 4040 4037 4037 4029 4027 4029 4026 4025 4024 4024 4027 4033 4038 4022 4016 4020 4023 4025 4028 4027 4019 4017 4017 4019 4021 4024 4027 4028 4028
3935 3958 3973 3951 3932 3923 3918 3914 3911 3913 3924 3942 3962 3973 3983 3982 3987 3992 3981 3973 3963 3971 3986 3987 4002 3997 3975 3987 3999 4005 4021 4042 4060 4077 4084 4081 4077 4070 4059 4051 4054 4068 4080 4090 4091 4101 4111 4107 4090 4068 4045 4047 4055 4040 4046 4048 4044 4033 4029 4027 4022 4019 4015 4011 4015 4024 4019 4013 4009 4009 4010 4015 4013 4014 4014 4016 4015 4018 4021 4025 4030 4025
3946 3970 3973 3949 3906 3901 3906 3909 3910 3910 3915 3934 3954 3974 3975 3985 3990 3983 3973 3962 3975 3986 3994 3978 3971 3997 3989 3985 4016 4013 4023 4041 4059 4073 4075 4081 4080 4070 4058 4049 4051 4061 4067 4072 4078 4093 4112 4113 4095 4070 4044 4053 4067 4055 4062 4074 4059 4053 4040 4023 4018 4010 4005 4001 4000 4005 4006 4005 4004 4003 4001 4002 4007 4007 4007 4008 4011 4015 4018 4020 4022 4024
3945 3969 3984 3958 3925 3897 3902 3906 3909 3909 3911 3926 3945 3961 3975 3982 3980 3973 3968 3961 3973 3973 3952 3940 3945 3991 3992 4013 4023 4011 4026 4043 4059 4078 4097 4102 4090 4074 4059 4049 4056 4060 4068 4066 4060 4054 4104 4115 4095 4073 4053 4036 4035 4043 4069 4111 4129 4062 4027 4012 4011 4004 3998 4000 4000 3999 3999 4001 3999 3997 3997 3995 3998 4000 4002 4002 4008 4013 4016 4016 4016 4016
3929 3937 3940 3935 3908 3897 3901 3905 3906 3906 3910 3919 3939 3962 3980 3983 3982 3979 3972 3968 3961 3948 3944 3938 3951 3982 3999 4019 4023 4019 4031 4049 4068 4093 4129 4118 4095 4074 4055 4044 4045 4058 4066 4062 4050 4041 4072 4100 4086 4068 4061 4026 4014 4025 4048 4071 4076 4037 4006 4000 4004 3999 3994 4000 4002 4000 3998 3995 3994 4002 3997 3996 3995 3998 4001 4002 4010 4016 4016 4015 4014 4012
3905 3910 3906 3916 3923 3905 3905 3907 3912 3906 3900 3911 3933 3956 3990 4005 3992 3987 3971 3965 3954 3948 3939 3947 3971 3995 4012 4021 4023 4023 4036 4051 4073 4104 4111 4107 4093 4072 4052 4034 4043 4055 4069 4058 4048 4044 4067 4083 4069 4048 4025 4020 4010 4012 4021 4019 4015 4011 4003 4001 3998 3995 3994 3994 4000 3996 3994 3995 3990 3994 3998 3995 3992 3998 4009 4018 4027 4025 4020 4013 4010 4009
3902 3905 3906 3924 3923 3905 3900 3907 3914 3908 3906 3913 3927 3947 3964 3967 3970 3964 3953 3942 3935 3931 3934 3942 3969 3990 4017 4026 4027 4032 4037 4046 4061 4073 4094 4103 4087 4064 4045 4032 4034 4042 4043 4046 4046 4052 4065 4065 4049 4026 4009 4009 4005 4005 4009 4008 4006 4006 4001 3997 3995 3993 3992 3988 3985 3987 3989 3990 3992 3988 3998 4001 3991 3998 4014 4042 4045 4029 4023 4021 4017 4018
3902 3910 3914 3920 3922 3917 3900 3907 3912 3910 3908 3911 3921 3927 3930 3943 3940 3939 3934 3923 3921 3932 3937 3945 3967 4012 4017 4034 4040 4033 4023 4035 4048 4051 4074 4087 4067 4049 4037 4028 4026 4032 4026 4035 4042 4049 4055 4049 4033 4014 4006 4011 4006 4004 4007 4009 4006 4002 3997 3994 3991 3990 3987 3986 3981 3984 3983 3982 3987 3987 3997 4005 3986 3993 4005 4013 4015 4020 4020 4019 4015 4009
3907 3916 3920 3919 3913 3911 3904 3906 3910 3909 3909 3912 3917 3920 3915 3927 3936 3934 3926 3917 3919 3943 3943 3938 3966 4001 4018 4030 4044 4019 4009 4031 4052 4070 4074 4062 4031 4034 4032 4029 4025 4029 4026 4032 4038 4042 4041 4034 4023 4008 4003 4006 4003 4002 4006 4019 4006 3997 3995 3990 3988 3986 3983 3979 3979 3994 4004 3987 3978 3979 3990 4001 3983 3989 3995 3999 4004 4010 4014 4018 4013 4007
3910 3913 3910 3907 3903 3898 3899 3899 3902 3905 3907 3910 3915 3919 3915 3915 3922 3928 3925 3923 3931 3945 3945 3936 3967 4002 4023 4026 4033 4023 4018 4038 4067 4094 4094 4059 4034 4034 4032 4029 4023 4015 4028 4031 4036 4040 4044 4037 4020 4004 4003 4009 4000 3999 3996 3993 4000 3998 3990 3986 3985 3985 3986 3983 3976 3988 3995 3985 3975 3976 3982 3986 3986 3985 3990 3994 3997 4002 4006 4007 4007 4006
3912 3914 3914 3900 3899 3900 3895 3895 3898 3900 3903 3906 3909 3909 3904 3909 3927 3922 3922 3928 3940 3935 3937 3958 3995 4013 4026 4026 4016 4017 4020 4044 4080 4114 4112 4074 4063 4049 4040 4031 4026 4026 4027 4030 4034 4038 4043 4027 4021 4006 4000 4002 3998 3998 3993 3991 3997 3997 3989 3984 3985 3986 3986 3989 3981 3979 3990 3973 3973 3977 3983 3983 3983 3988 3991 3994 3995 3999 3999 4000 3998 3998
3909 3908 3910 3902 3898 3895 3897 3897 3896 3897 3897 3895 3905 3913 3911 3912 3920 3912 3918 3923 3923 3928 3939 3975 4016 4009 3998 3991 3990 3998 4005 4043 4087 4122 4126 4111 4084 4067 4050 4040 4029 4028 4027 4033 4036 4036 4034 4047 4032 4008 4000 4003 4007 4003 3998 3997 4003 4002 3992 3986 3987 3988 3990 3989 3993 3989 3986 3986 3974 3976 3981 3985 3986 3991 3993 4000 4008 4003 3995 3992 3998 4000
3905 3900 3899 3903 3896 3886 3887 3895 3896 3895 3895 3898 3903 3913 3908 3909 3907 3909 3919 3926 3932 3941 3956 3978 4004 4000 3981 3978 3981 3992 3998 4041 4089 4130 4136 4120 4104 4081 4061 4043 4038 4034 4039 4037 4034 4030 4029 4040 4036 4020 4022 4023 4020 4016 4008 4004 4008 4006 3999 3996 3993 3991 3984 3984 3988 3977 3982 3975 3971 3974 3979 3982 3989 3987 3991 3999 4011 4003 3993 3993 3999 4003
3902 3899 3893 3883 3894 3883 3885 3889 3893 3893 3894 3895 3897 3895 3903 3910 3910 3915 3924 3934 3945 3946 3943 3968 4008 3993 3971 3977 3990 4005 4014 4050 4085 4121 4114 4097 4098 4092 4082 4073 4069 4076 4056 4041 4032 4026 4020 4020 4033 4037 4042 4054 4047 4030 4021 4012 4007 4004 4002 4000 3998 3998 3990 3982 3976 3969 3971 3980 3979 3974 3974 3973 3981 3983 3983 3991 4000 3995 3991 3997 4008 4007
3904 3909 3908 3904 3887 3881 3886 3891 3892 3893 3895 3898 3902 3909 3909 3909 3910 3927 3929 3935 3945 3942 3937 3953 3982 3987 3970 3984 3995 4019 4044 4065 4065 4070 4088 4087 4096 4094 4085 4082 4084 4086 4060 4042 4033 4026 4023 4029 4030 4029 4038 4045 4044 4034 4024 4015 4006 4004 4003 4001 4000 3998 3999 3987 3976 3970 3970 3970 3972 3974 3973 3971 3976 3977 3979 3984 3980 3981 3984 3995 4014 4006
3902 3893 3904 3898 3886 3880 3882 3887 3891 3896 3899 3898 3900 3912 3917 3913 3919 3924 3925 3927 3928 3932 3940 3945 3959 3978 3977 3980 3987 3985 4045 4047 4037 4037 4075 4082 4077 4083 4078 4080 4081 4057 4037 4036 4034 4031 4026 4021 4036 4042 4032 4037 4036 4030 4021 4013 4005 4004 4002 4003 4003 4003 4003 3995 3980 3967 3968 3964 3978 3983 3973 3970 3966 3974 3983 3983 3982 3982 3983 3986 3990 3995
3898 3895 3882 3901 3890 3880 3879 3883 3893 3900 3906 3912 3920 3926 3931 3927 3912 3909 3909 3914 3923 3935 3950 3949 3952 3967 3969 3980 3989 3986 4001 4001 4016 4028 4065 4076 4068 4073 4085 4084 4082 4046 4034 4036 4038 4037 4034 4031 4034 4036 4035 4033 4031 4026 4018 4012 4006 4005 4003 4004 4010 4019 4016 4008 3991 3967 3963 3966 3970 3977 3978 3971 3962 3972 3981 3983 3988 3991 3989 3984 3983 3985
3896 3887 3883 3890 3875 3879 3881 3892 3900 3903 3909 3922 3942 3938 3938 3946 3930 3917 3894 3907 3920 3936 3954 3962 3952 3958 3961 3967 3986 3987 4001 4010 4011 4022 4056 4068 4064 4058 4068 4079 4082 4059 4046 4041 4045 4046 4046 4046 4038 4037 4042 4038 4031 4022 4017 4009 4005 4005 4007 4010 4016 4024 4033 4021 4016 3994 3973 3968 3960 3972 3970 3967 3961 3962 3965 3978 3990 3998 3995 3983 3977 3978
