real_craters/C086-300m.grd
DSAA
203 203
-30.275 30.275
-30.275 30.275
3251.9850069531 4404.3680453603
[rows 120 to 149 of 203, columns 0 to 66 of 203]
3938.43 3944.88 3947.2 3950.27 3953.34 3954.63 3960.26 3965.49 3967.17 3965.68 3964.46 3963.82 3962.7 3962.16 3964.24 3969.96 3974.91 3981.07 3987.82 3992.75 3998.07 3994.55 3990.8 3986 3979.25 3974.2 3967.29 3962.79 3958.19 3959.45 3963.64 3967.97 3973.65 3978.27 3981.31 3979.06 3979.25 3982.15 3987.97 3998.96 4018.83 4045.53 4072.52 4082.57 4070.6 4054.49 4037.87 4034.83 4046.87 4056.13 4062.2 4063.88 4057.65 4053.33 4053.35 4054.19 4056.26 4058.02 4059.22 4062.83 4064.16 4059.84 4051.17 4041.21 4036.78 4036.53 4039.2
3953.03 3947.99 3945.43 3949.9 3958.1 3970.76 3978.27 3971.65 3967.27 3965.3 3965.81 3967.17 3967.27 3968.29 3969.6 3972.36 3974.57 3977.32 3982.95 3986.03 3986.77 3989.36 3989.86 3986.33 3978.25 3964.9 3966.44 3964.48 3963.46 3962.72 3961.72 3963.67 3967.81 3969.88 3969.75 3970.07 3971.24 3972.97 3976.87 3985.28 4005.71 4033.52 4060.6 4074.5 4067 4056.64 4050.63 4051.31 4052.78 4056.45 4059.13 4058.81 4053.33 4056.9 4058.66 4059.46 4060.14 4061.56 4066.54 4070.82 4071.19 4063.53 4052.95 4046.37 4042.16 4040.43 4040.08
3954.18 3936.64 3939.79 3947.23 3957.59 3970.37 3977.43 3969.64 3963.7 3960.48 3961.57 3964.58 3969.02 3975.78 3977.5 3974.81 3973.19 3972.37 3970.37 3979.64 3985.8 3989.69 3991.77 3990.83 3986.6 3979.58 3972.78 3967.59 3963.84 3961.09 3958.8 3957.27 3956.18 3958.85 3957.5 3962.71 3964.61 3965.13 3966.43 3972.18 3992.49 4018.92 4042.11 4055.53 4057.34 4055.38 4053.59 4059.21 4057.92 4058.02 4057.25 4053.7 4060.18 4064.37 4065.86 4065.56 4065.15 4066.52 4072.85 4077.82 4076.05 4066.96 4058.72 4052.08 4044.03 4040.5 4038.77
3948.53 3930.69 3934.89 3943.75 3953.1 3959.75 3960.82 3961.79 3958.39 3955.16 3955.43 3959.08 3965.84 3973.48 3975.97 3972.51 3970.24 3969.83 3973.7 3979.11 3985.48 3991.06 3996.07 3997.38 3997.43 3993.48 3980.39 3970.08 3961.7 3955.83 3957.25 3958.5 3959.23 3960.32 3965.58 3963.57 3961.44 3960.56 3960.33 3964.3 3983.69 4007.58 4027.1 4038.54 4048.54 4051.84 4054.88 4056.83 4058.93 4059.98 4061.95 4065.58 4076.74 4076.79 4075.38 4072.96 4070.84 4070.59 4078.84 4086.58 4077.34 4068.93 4061.22 4055.55 4049.69 4044.91 4042.03
3942.83 3929.65 3933.6 3942.25 3950.3 3955.01 3955.55 3958.75 3958.57 3956.68 3951.61 3954.15 3959.87 3964.96 3968.3 3966.78 3965.2 3965.62 3969.25 3979.61 3990.66 3999.37 4001.17 4000.98 4000.84 3995.32 3982.62 3971 3961.9 3956.05 3959.55 3964.13 3968.41 3964.95 3962.36 3960.26 3960.39 3960.63 3960.33 3963.07 3981.65 4002.65 4021.68 4037.84 4045.51 4048.67 4049.87 4057.38 4058.14 4060.69 4066.73 4078.24 4091.47 4088.67 4083.31 4079.23 4076.74 4075.94 4083.68 4092.57 4085.98 4074.94 4062.53 4058.16 4055.01 4049.32 4046.41
3954.19 3936.67 3938.73 3945.16 3951.83 3957.35 3961.52 3961.14 3958.43 3955.56 3952.98 3953.55 3954.74 3955.1 3956.33 3957.79 3958.13 3960.04 3966.93 3978.03 3993.19 4005.63 4001.95 3997.09 3996.57 3990.58 3978.35 3968.86 3962.36 3961.2 3961.96 3967.25 3973.48 3970.79 3961.9 3958.77 3962.43 3965.58 3969.25 3974.65 3987 4002.3 4018.18 4033.28 4041.31 4046.82 4050.69 4050.12 4052.76 4057.89 4064.8 4075.32 4093.16 4092.13 4085.45 4082.38 4082.05 4084.52 4089.82 4092.57 4087.7 4076.64 4065.12 4060.85 4055.71 4050.19 4048.32
3953.65 3951.86 3947.57 3950.45 3955.49 3960.52 3964.73 3963.05 3957.98 3953.02 3957.61 3955.21 3951.92 3949.7 3949.84 3950.78 3951.34 3951.73 3957.87 3971.22 3985.91 4001.09 3991.21 3983.69 3977.49 3973.78 3968.95 3963.28 3958.67 3956.62 3959.16 3965.53 3971.09 3971.58 3966.86 3965.8 3967.23 3972.52 3981.18 3989.32 3994.33 4002.93 4013.67 4024.4 4034.39 4042.71 4046.43 4044.34 4047.3 4052.8 4057.79 4062.63 4070.6 4079.39 4080.47 4082.1 4085.2 4090.32 4095.24 4096.46 4091.19 4079.34 4063.12 4055 4057.55 4055.49 4049
3942.38 3942.24 3950.86 3954.74 3958.26 3962.3 3965.52 3964.7 3959.7 3956.17 3957.9 3954.94 3949.89 3945.85 3945.93 3946.44 3947.23 3948.6 3953.75 3962.13 3968.63 3968.36 3969.35 3967.34 3959.7 3959.33 3959.16 3956.69 3953.59 3950.58 3954.74 3961.86 3967.76 3966.7 3966.44 3967.26 3970.58 3976.83 3987.09 3994.77 3997.08 4002.17 4009.27 4017.7 4028.1 4039.4 4045.75 4046.61 4047.37 4048.82 4050.72 4051.92 4052.8 4061.05 4071.15 4078.15 4084.31 4089.96 4094.17 4098.86 4092.73 4079.94 4067.5 4056.64 4060.77 4060.91 4050.12
3941.6 3946.78 3954.2 3957.23 3959.27 3961.95 3965.45 3964.75 3959.62 3956.96 3957.96 3954.12 3949.19 3944.3 3942.6 3943.99 3945.4 3947.34 3950.91 3955.2 3956.99 3952.34 3956.39 3957.58 3956.57 3953.4 3952.36 3951.21 3949.91 3950.2 3952.88 3957.83 3963.74 3966.47 3967.81 3970.06 3970.89 3976.54 3983.46 3990.48 3995.34 4000.1 4004.78 4008.96 4018.23 4036.55 4046.11 4046.98 4045.55 4045.49 4045.41 4046.12 4046.57 4052.18 4064.04 4073 4080.74 4088.72 4096.9 4093.57 4090.94 4087.83 4077.14 4068.71 4065.3 4061.87 4051.51
3941.49 3944.96 3958.18 3956.95 3957.04 3958.02 3958.78 3957.7 3955.79 3954.96 3954.57 3952.25 3949.28 3945.25 3942.84 3943.78 3945.21 3946.86 3949.13 3951.61 3953.84 3957.53 3956.5 3952.44 3949.49 3948.34 3947.61 3946.92 3946.45 3946.85 3948.72 3952.23 3958.99 3968.53 3971.36 3962.52 3969.85 3975.65 3980.29 3986.17 3993.06 3999.05 4004.02 4007.19 4017.03 4041.73 4048.88 4048.09 4047.15 4040.82 4039.82 4042.04 4048.46 4055.93 4060.44 4067.43 4074.4 4081.08 4083.9 4086.87 4088.15 4090.18 4081.02 4072.33 4066.77 4060.32 4054.09
3940.17 3944.03 3951.46 3952.11 3952.19 3952.4 3951.88 3950.41 3950.04 3949.37 3949.33 3949.47 3949.58 3947.23 3944.81 3944.96 3946.06 3947.25 3948.11 3949.06 3950.69 3952.8 3951.88 3947.22 3943.72 3944 3944.12 3943.8 3943.13 3942.77 3943.19 3944.05 3947.78 3960.48 3978.74 3974.31 3975.95 3977.92 3979.44 3985.39 3992.68 3999.68 4006.99 4017.64 4036.17 4050.41 4048.52 4040.56 4031.99 4031.73 4032.58 4034.55 4037.97 4044.5 4055.87 4060.7 4065.91 4071.26 4076.71 4078.93 4080.67 4079.25 4076.3 4071.04 4066.58 4062.77 4057.06
3937.15 3942.59 3942.67 3944.22 3945.4 3946.16 3946.4 3946.16 3944.7 3942.44 3942.52 3945.31 3949.31 3947.53 3945.55 3945.63 3946.57 3947.9 3946.84 3946.1 3946.01 3946.46 3945.94 3943.13 3940.67 3942.44 3942.57 3942.02 3940.81 3938.64 3935.16 3937.7 3938.88 3950.07 3975.81 3985.13 3985.26 3983.19 3982.1 3987.33 3994.43 4001.3 4008.74 4018.14 4030.65 4040.53 4040.02 4031.13 4021.9 4023.41 4026.63 4028.64 4029.79 4050.82 4050.7 4051.24 4054.97 4060.42 4066.02 4067.86 4067.86 4073.07 4070.74 4065.56 4061.92 4057.95 4056.25
3932.62 3936.83 3934.89 3936.01 3938.15 3939.73 3940.89 3941.57 3940.46 3938.42 3936.1 3939.92 3943.71 3947.99 3945.57 3944.59 3945.21 3945.72 3944.21 3942.42 3940.63 3938.47 3937.52 3942.46 3945.24 3943.69 3942.79 3942.07 3941.28 3940.83 3940.44 3938.28 3937.55 3946.3 3974.13 3986.32 3989.59 3989.43 3988.75 3992.67 3997.37 4003.21 4008.92 4013.27 4014.05 4030.28 4031.99 4025.21 4016.84 4019.36 4023.98 4028.01 4032.49 4040.08 4037.21 4037.79 4041.81 4047.2 4052.59 4055.17 4059.02 4059.79 4060.02 4058.28 4056.11 4052.22 4053.14
3928.11 3927.29 3926.16 3929.43 3932.92 3934.82 3935.92 3936.46 3936.92 3937.4 3934.57 3936.94 3940.45 3941.19 3941.3 3940.83 3941.17 3942.09 3940.64 3938.99 3936.52 3933.37 3932.63 3940.73 3945.89 3944.41 3943.47 3942.95 3942.76 3943.45 3945.06 3940.99 3939.32 3946.28 3974.51 3984.31 3989.79 3993.77 3999.92 3997.73 4000.22 4004.93 4010.47 4016.81 4025.17 4028.78 4028.15 4023.7 4019.25 4019.81 4023.27 4027.8 4031.95 4022.95 4017.62 4022.05 4027.72 4033.24 4037.46 4039 4037.98 4047.34 4052.49 4049.54 4048.39 4047.1 4049.81
3926.02 3926.17 3925.44 3926.86 3929.94 3932.24 3933 3932.08 3933.45 3936.97 3937.23 3936.18 3934.8 3934.61 3934.9 3935.67 3935.24 3935.61 3937.15 3936.68 3934.87 3931.43 3928.86 3935.77 3941.89 3943.49 3943.73 3943.8 3943.94 3944.1 3943.55 3942.17 3942.32 3947 3958.37 3973.32 3980.5 3985.62 3990.78 3996.4 4000.77 4006.2 4012.14 4018.55 4024.83 4029.61 4027.12 4022.92 4021.1 4020.15 4021.45 4025.51 4027.95 4015.54 4003.11 4008.21 4014.7 4020.38 4024.63 4026.37 4027.66 4038.04 4040.67 4034.37 4034.23 4041.39 4047.1
3925.15 3923.86 3924.35 3927.39 3929.57 3932.32 3933.96 3933.24 3934.88 3938.33 3938.66 3935.97 3932.06 3927.31 3929.52 3932.41 3934.02 3935.14 3936.67 3936.72 3936.03 3934.48 3932.28 3937.48 3941.05 3942.87 3943.85 3944.63 3945.4 3945.64 3944.75 3944.92 3946.38 3950.15 3961.28 3970.16 3976.61 3979.18 3984.54 3993.52 4000.19 4006.25 4012.2 4018.47 4024.63 4028.71 4025.28 4019.55 4015.38 4013.86 4016.51 4021.14 4024.73 4015.8 3998.46 4000.24 4005.36 4010.27 4014.42 4017.6 4017.02 4027.55 4037.95 4033.15 4035.62 4040.16 4045.05
3925.88 3924.75 3923.57 3926.58 3930.33 3934.68 3939.18 3944.15 3949.08 3949.75 3948.34 3940.9 3928.49 3923.35 3925.51 3930.83 3937.27 3938.67 3937.76 3937.95 3938.74 3940.55 3943.96 3941.96 3941.67 3942.58 3943.69 3945.07 3946.98 3948.91 3950.34 3951.3 3951.58 3952.5 3960.33 3967.28 3966.34 3982.09 3989.65 3994.44 3999.64 4004.81 4010.49 4016.72 4022.29 4026.79 4021.6 4014.72 4007.5 4004.54 4009.72 4014.55 4017.71 4013.7 3999.46 3996.63 3998.98 4002.24 4004.72 4005.33 4009.37 4020.53 4036.84 4034.09 4032.73 4037.63 4042.78
3927.83 3928.04 3930.76 3927.68 3932.02 3937.21 3944.18 3953.68 3963.55 3966.72 3962.79 3950.24 3930.28 3920.8 3921.89 3927.26 3935.06 3937.15 3936.72 3937.84 3940.29 3944.16 3948.84 3945.2 3942.91 3942.42 3943.25 3945.02 3947.97 3952.19 3957.93 3961.08 3957.46 3955.14 3957.7 3966.99 3982.29 3989.05 3992.75 3995.1 3998.53 4002.81 4007.39 4012.75 4016.86 4019.48 4016.01 4010.35 4003.75 4000.4 4004.42 4007.36 4006.79 4001.15 3996.13 3993.6 3994.54 3997.13 3999.87 4003.11 4009.42 4017.52 4022.23 4027.02 4027.78 4031.37 4035.89
3929.44 3928.3 3927.46 3931.42 3932.78 3937.41 3944.84 3955 3967.62 3972.64 3967.57 3956.22 3931.63 3917.82 3917.14 3920.65 3926 3930.05 3932.88 3935.96 3939.56 3943.68 3947.39 3947.03 3942.8 3941.23 3942.14 3943.93 3947.23 3952.05 3959.7 3965.41 3958.64 3957.73 3961.92 3971.61 3986.37 3991.26 3992.32 3993.56 3995.63 3999.22 4002.92 4008.42 4013.17 4011.59 4010.29 4007.64 4003.8 4000.4 4002.54 4002.51 3999.61 3993.84 3991.46 3990.35 3991.82 3994.77 3998.53 4003.31 4010.86 4017.76 4022.5 4022.53 4020.68 4020.09 4020.64
3930.61 3928.45 3925.1 3926.92 3930.12 3934.76 3940.75 3948.17 3955.89 3959.17 3959.22 3949.66 3926.84 3914.05 3912.21 3913.58 3916.39 3922.55 3928.02 3932.51 3936.6 3940.09 3941.66 3941.83 3939.22 3938.09 3939.23 3941.39 3944.15 3947.29 3949.49 3949.07 3952.16 3955.82 3963.26 3976.19 3983.78 3986.44 3988.25 3988.9 3990.16 3992.78 3996.1 4000.59 4005.96 4005.51 4005.99 4006.35 4006.15 4005.95 4004.17 4000.69 3996.44 3992.37 3988.56 3986.95 3989.4 3993.02 3997.74 4004.36 4012.13 4019.18 4015.99 4017.13 4016.99 4017.62 4019
3931.06 3929.35 3928.93 3924.51 3926.71 3930.24 3933.84 3936.32 3935.87 3941.63 3945.53 3938.45 3918.03 3909.58 3908.53 3909.59 3912.02 3918.13 3924.11 3928.92 3933.1 3936.02 3936.38 3932.95 3931.36 3933.26 3935.43 3937.84 3940.34 3942.19 3942.41 3941.07 3946.63 3951.82 3958.08 3971.81 3978.97 3982.69 3982.78 3982.99 3983.83 3984.89 3986.56 3988.85 3992.16 3997.7 4001.81 4004.64 4007.24 4010.31 4005.2 3998.66 3993.12 3988.12 3984.02 3984.8 3988.01 3991.77 3996.2 4001.98 4007.86 4012.07 4012.85 4011.53 4013.13 4013.65 4009.9
3929.35 3927.82 3927.62 3925.7 3924.1 3925.5 3927.32 3928.02 3928.45 3933.64 3936.02 3932.32 3914.97 3907.93 3907.34 3908.82 3911.82 3916.8 3921.9 3926.44 3930.05 3932.64 3932.94 3924.47 3925.79 3929.3 3932.33 3934.83 3937.29 3939.11 3940.59 3942.49 3946.51 3950.62 3956.36 3967.81 3972.86 3975.68 3975.18 3975.1 3975.81 3977.28 3978.01 3978.72 3982.48 3991.29 3998.18 4002.18 4004.41 4005.62 4001.44 3994.57 3989.07 3983.95 3980.13 3984.08 3987.5 3990.21 3993.18 3996.92 4002.03 4008.63 4012.09 4008.15 4007.14 4005.82 4000.39
3924.78 3922.96 3921.41 3920.01 3919.61 3920.86 3922.67 3924.14 3925.57 3929.53 3928.14 3920.97 3912.26 3907.98 3908.03 3910.49 3913.76 3916.97 3920.93 3924.76 3927.75 3929.86 3930.43 3926.91 3925.81 3927.69 3930.4 3932.91 3934.9 3936.99 3939.6 3944.03 3946.36 3949.9 3955.62 3957.04 3962.74 3963.92 3965.87 3967.01 3968.31 3969.55 3970.4 3971.17 3977.2 3989.03 3997.02 3998.91 3997.75 3997.5 3992.64 3987.55 3985.45 3983.97 3985.17 3988.81 3988.45 3988.85 3989.9 3990.92 3994.45 4003.23 4005 4002.45 3998.62 3994.68 3990.36
3918.73 3917.16 3915.15 3912.63 3913.47 3916.32 3919.71 3923.4 3927.73 3929.96 3923.87 3914.76 3909.46 3908.26 3909.04 3911.03 3914.28 3917.42 3920.57 3923.49 3926.22 3928.11 3927.19 3926.9 3926.84 3927.51 3929.3 3931.6 3933.61 3935.65 3937.49 3939.25 3942.36 3947.25 3952.74 3957.78 3960.43 3961.19 3956.97 3959.05 3961.43 3964.14 3966.27 3968.06 3976.15 3992.6 4001.34 3995.06 3988.3 3979.05 3974 3978.64 3981.7 3985.64 3991.82 3989.8 3986.94 3986.07 3986.19 3987.78 3991.66 3993.11 3989.85 3989.16 3989.69 3988.31 3983.02
3912.51 3911.86 3910.16 3908.88 3909.27 3912.7 3917.1 3922.28 3928.46 3931.55 3922.31 3913.06 3909.31 3909.54 3911.47 3913.05 3915.52 3918.83 3921.18 3922.88 3924.69 3927.26 3931.07 3928.78 3927.16 3927.61 3929.54 3931.73 3933.86 3935.47 3936.41 3936.83 3939.07 3944.1 3948.59 3950.87 3947.53 3939.54 3945.8 3952.03 3956.92 3961.1 3965.15 3970.69 3977.68 3987.27 3990.13 3987.29 3980.66 3972.25 3968.44 3973.03 3977.73 3982.35 3984.79 3982.93 3983.21 3982.33 3981.85 3982.25 3983.92 3983.01 3979.36 3984.13 3984.27 3981.24 3980.56
3907.56 3908.01 3907.23 3904.53 3906.5 3909.78 3914.81 3920.05 3925.64 3928.07 3918.88 3910.71 3908.58 3911.52 3915.45 3919.53 3921.06 3921.65 3922.11 3922.3 3922.64 3923.51 3926.3 3925.34 3925.27 3927.03 3929.75 3932.57 3935.04 3936.89 3937.9 3938.16 3939.74 3943.61 3944.91 3940.1 3933.67 3934.21 3941.55 3949.5 3955.52 3959.95 3964.11 3969.67 3974.97 3979.19 3981.98 3980.34 3975.69 3970.9 3968.5 3971.04 3973.86 3976.19 3977.98 3981.27 3979.97 3978.01 3977.06 3975.77 3973.26 3981.23 3978 3980.48 3981.97 3981.84 3982.9
3904.85 3906.37 3907.64 3908.85 3904.65 3908.8 3913.71 3917.79 3920.42 3919.2 3913.79 3909.64 3910.21 3915.05 3920.52 3923.62 3925.51 3924.99 3923.53 3921.79 3920.07 3918.17 3915.77 3919.27 3922.25 3926.7 3930.85 3934.68 3937.92 3940.5 3942.17 3942.82 3943.95 3947.46 3949.63 3947.42 3942.05 3942.13 3947.3 3952.86 3957.53 3960.93 3963.01 3963.73 3969.23 3974.46 3977.48 3974.25 3971.52 3970.73 3970.97 3970.69 3970.03 3971.21 3974.67 3980.78 3973.99 3972.31 3972.54 3972.67 3972.47 3973.34 3979.79 3978.2 3982.05 3992.41 3994.03
3904.67 3906.84 3908.85 3909.91 3908.18 3911.65 3915.85 3917.6 3918.12 3916.15 3912.04 3910.76 3913.48 3919.73 3927.13 3933.38 3931.54 3928.01 3924.62 3921.63 3918.69 3915.83 3914.93 3918 3922.07 3928.1 3933.11 3937.55 3941.73 3945.84 3949.23 3950.8 3950.97 3956.64 3959.05 3959.29 3958.2 3960.35 3958.63 3959.86 3962.62 3965.05 3966.51 3966.5 3967.84 3968.48 3967.04 3965.93 3965.65 3967.3 3975.42 3966.65 3964.36 3964.53 3963.66 3956.15 3963 3966.84 3969.46 3971.97 3977.6 3982.07 3984.67 3979.14 3980.91 3992.81 3993.72
3907.05 3910.1 3911.44 3910.61 3913.04 3918.05 3923.32 3924.8 3924.59 3921.79 3915.13 3914.78 3918.76 3923.67 3931.52 3939.41 3934.98 3929.33 3925.01 3921.56 3918.56 3915.64 3915.57 3921.06 3927.12 3932.14 3936.22 3940.74 3945.88 3951.62 3957.7 3963.91 3969.77 3971.99 3970.27 3967.33 3973.36 3970.94 3966.53 3967.33 3969.01 3971.17 3973.1 3973.5 3970.49 3965.84 3959.8 3958.73 3959.47 3958.04 3951.11 3954.54 3957.91 3959.53 3959.18 3959.29 3961 3964.76 3968.08 3970.79 3973.09 3980.05 3988.21 3981.48 3980.14 3989.15 3994.94
3910.98 3915.05 3918.15 3919.31 3921.36 3929.58 3937.12 3940.24 3938.69 3934.67 3921.47 3919.92 3920 3923.87 3929.28 3934.51 3931.16 3927.03 3923.5 3920.85 3919.15 3918.48 3919.27 3925.26 3932.78 3935.41 3938.41 3943.12 3949.22 3956.49 3965.16 3975.77 3987.65 3987.09 3981.58 3980.88 3987.97 3980.3 3975.55 3974.58 3975.14 3976.95 3979.39 3979.86 3974.24 3967.52 3959.71 3957.66 3957.47 3954.39 3949.68 3951.12 3955.86 3958.82 3960.19 3961.13 3963.49 3966.5 3969.7 3972.24 3977.85 3990.13 3992.58 3985.19 3978.72 3983.04 3985.99
