real_craters/C086-500m.grd
DSAA
122 122
-30.275 30.275
-30.275 30.275
3256.7774222164 4372.071644829
[rows 0 to 29 of 122, columns 0 to 66 of 122]
4021.45 4020.33 4026.58 4059.77 4046.13 4036.32 4028.96 4026.95 4027.22 4024.48 4020.29 4023.55 4024.09 4025.64 4026.24 4024.59 4016.74 4011.65 4013.33 4017.33 4020.6 4020.2 4023.26 4029.47 4032.85 4027.66 4024.68 4025.18 4025.04 4023.03 4025.6 4039.28 4040.07 4040.14 4049.82 4054.5 4058.62 4057.32 4042.12 4033.69 4031.73 4025.45 4022.91 4021.64 4020.52 4019.81 4018.05 4016.25 4022.84 4020.62 4016.65 4013.03 4009.92 4008.25 4014.54 4025.18 4029.1 4018.18 4021.67 4027.91 4031.45 4034.19 4035.43 4035.27 4039.65 4042.32 4043.73
4029.23 4031.96 4032.62 4050.49 4045.41 4037.52 4030.87 4027.56 4029.88 4029.81 4023.58 4016.68 4022.02 4024.54 4027.2 4027.67 4017.03 4012.11 4015.16 4018.7 4021.64 4022.89 4022.74 4026.53 4028.06 4023.83 4025.05 4032.61 4028.88 4024.38 4025.57 4057.31 4068.07 4069.75 4067.14 4066.07 4067.05 4063.7 4053.4 4042.4 4024.19 4019.42 4019.28 4019.01 4018.94 4018.89 4018.41 4018.81 4021.17 4022.78 4020.39 4016.79 4014.02 4014.48 4018.22 4024.68 4027.89 4018.81 4019.11 4022.87 4025.68 4028.76 4031.13 4033.71 4036.23 4038.92 4040.83
4037.43 4048.22 4058.49 4039.98 4040.66 4035.49 4029.9 4026.91 4028.06 4029.39 4026.7 4022.94 4022.53 4022.74 4023.31 4021.59 4014.99 4018.89 4018.43 4018.56 4022.42 4021.9 4022.13 4024.39 4027.16 4028.36 4023.96 4032.04 4034.09 4032.25 4032.84 4063.04 4080.6 4086.34 4080.28 4073.25 4064.87 4060.5 4056.24 4049.62 4024.49 4018.59 4019.82 4019.67 4019.4 4018.88 4019.6 4021.93 4028.24 4026.87 4024.58 4021.12 4017.68 4019.36 4025.41 4025.6 4024.12 4021.84 4020.33 4021.27 4023.02 4025.59 4027.92 4031.32 4033.24 4035.79 4037.49
4041.64 4054.97 4064.3 4052.55 4042.52 4033.08 4025.45 4024.72 4027.83 4028.73 4026.86 4026.05 4023.97 4020.95 4016.75 4013.41 4020.09 4021.49 4016.8 4017 4025.51 4028.76 4023.21 4025.33 4033.18 4034.26 4042.49 4038.77 4045.32 4046.51 4051.9 4061.23 4085.66 4093.86 4086.09 4076.07 4064.93 4051.87 4052.96 4054.72 4039.38 4029.85 4024.91 4021.69 4020.22 4019.85 4020.98 4022.43 4030.72 4029.83 4028.29 4025.87 4022.46 4027.19 4030.15 4026.59 4022.74 4020.54 4019.22 4020.17 4022.03 4023.85 4024.58 4025.73 4029.97 4032.33 4034.36
4039.57 4052.07 4057.38 4056.38 4039.88 4029.61 4023.76 4025.59 4028.47 4028.43 4027.5 4027.35 4025.12 4021.67 4017.84 4016.95 4025.96 4016.38 4016.99 4015.42 4026.96 4032.73 4024.24 4028.06 4050.55 4082.88 4086.82 4090.61 4065.9 4053.26 4058.14 4068.29 4095.15 4094.01 4083.68 4074.18 4066.71 4051.22 4048.05 4052.3 4049.16 4037.96 4028.47 4023.24 4020.42 4019.33 4020.35 4023.7 4025.9 4030.33 4029.97 4030.35 4033.72 4027.22 4029.15 4026.38 4022.84 4018.83 4017.8 4019.96 4021.67 4023.24 4024.62 4026.6 4028.32 4030.72 4032.43
4031.25 4036.33 4037.7 4026.22 4022.76 4024.06 4026.52 4026.87 4027.26 4027.3 4027.49 4025.61 4026.37 4025.16 4022.53 4026.06 4035.8 4033.24 4024.47 4015 4021.5 4027.63 4026.42 4054.54 4069.73 4071.96 4039.62 4048.86 4043.1 4038.92 4040.62 4043.9 4078.66 4078.22 4072.09 4064.22 4056.93 4040.65 4040.94 4048.49 4043.8 4034.36 4027.41 4022.73 4019.3 4016.93 4014.79 4011.4 4017.9 4027.6 4028.79 4030.28 4033.54 4035.26 4029.37 4024.9 4021.13 4018.37 4020.12 4020.64 4021.98 4023.67 4026.15 4027.4 4027.67 4028.89 4030.57
4024.53 4016.95 4010.64 4006.81 4011.9 4019.59 4024 4027.63 4028.31 4025.9 4023.83 4032.85 4039.85 4030.7 4022.89 4025.92 4039.42 4047.89 4039.13 4037.52 4036.37 4038.06 4040.98 4105.28 4081.2 4020.17 3985.75 3985.86 3995.67 4019.53 4034.73 4040.56 4042.22 4053.31 4053.6 4048.63 4041.57 4038.12 4036.67 4035.77 4032.41 4026.73 4024.18 4020.15 4016.44 4013.32 4010.47 4007.11 4008.47 4020.37 4024.59 4026.49 4027.32 4027.79 4025.74 4022.3 4018.67 4016.79 4019.43 4021.33 4022.19 4023.27 4025.35 4026.54 4026.87 4027.84 4029.27
4025.53 4021.77 4015.83 4014.32 4016.2 4021.41 4025.62 4027.47 4031.68 4027.32 4024.2 4054.39 4049.77 4031.45 4022.54 4025.29 4032.65 4034.69 4049.5 4054.54 4050.22 4039.58 4047.44 4117.15 4077.62 4008.53 3976.04 3981.11 3985.16 4014.11 4043.53 4058.86 4033.49 4040.11 4041.28 4036.88 4031.26 4030.45 4028.53 4025.65 4024.13 4024.48 4020.97 4017.01 4013.63 4010.31 4007.47 4004.85 4005.18 4014.97 4022.05 4023.11 4021.89 4022.82 4021.86 4019.49 4017.13 4016.09 4020.85 4021.92 4022.01 4021.39 4021.94 4023.15 4024.74 4026.26 4027.78
4035.22 4032.81 4027.87 4020.17 4017.81 4023.86 4026.2 4022.22 4019.81 4017.02 4018.39 4029.53 4022.16 4023.58 4019.56 4025.06 4040.94 4061.74 4060.57 4055.8 4048.28 4040.16 4050.23 4097.9 4062.53 4005.87 3976.66 3984.57 3983.98 4024.16 4051.52 4057.99 4045.89 4037.82 4035.72 4032.38 4026.98 4024.06 4020.1 4016.75 4014.84 4017.45 4016.79 4015.18 4012.84 4009.6 4006.37 4006.31 4005.73 4020.88 4025.87 4023.51 4019.42 4021.29 4018.86 4016.9 4016.11 4018.74 4019.87 4022.11 4021.89 4021.11 4018.16 4021.87 4024.33 4025.7 4027.04
4048.46 4056.69 4044.72 4028.62 4021.42 4025.7 4027.21 4021.78 4013.41 4011.2 4018.36 4016.89 4015.8 4021.04 4029.65 4030.63 4043.86 4068.07 4061.9 4053.46 4041.48 4040.73 4051.34 4075.08 4052.39 4004.86 3968.7 3977.48 4008.28 4063.01 4071.19 4064.39 4049.19 4042.61 4038.94 4035.6 4029.98 4021.36 4015.07 4011.37 4012.57 4012.78 4014.32 4014.87 4013.97 4012.54 4010.53 4018.18 4035.24 4043.19 4032.72 4026.72 4021.34 4017.63 4014.86 4013.62 4013.41 4015.27 4023.62 4022.39 4021.35 4023.03 4028.07 4024.26 4024.53 4025.61 4026.66
4056.06 4066.19 4051.58 4031.79 4018.67 4021.09 4024.55 4025.69 4018.89 4015.75 4016.09 4016.11 4013.11 4017.74 4025.74 4026.51 4044.33 4054.97 4052.64 4045.3 4038.24 4043.78 4060.84 4073.99 4061.18 4039.74 4030.98 4065.83 4162.97 4122.4 4090.97 4070.61 4055.57 4048.43 4042.96 4038.87 4031.62 4021.21 4008.57 4007.58 4005.1 4010.95 4013.73 4015.46 4017.14 4018.75 4021.94 4030.45 4043.83 4040.42 4030.43 4024.9 4016.64 4009.86 4010.59 4010.86 4010.91 4010.84 4015.43 4018.04 4018.44 4019.57 4017.57 4022.9 4024.43 4025.91 4026.95
4055.7 4063 4051.24 4032.17 4017.58 4021.35 4020.92 4021.75 4017.22 4013.38 4016.29 4016.22 4012.86 4012.71 4010.84 4010.18 4008.15 4030.19 4034.23 4035.16 4034.4 4044.27 4059.08 4072.14 4080.89 4092.32 4128.98 4151.79 4164.55 4125.62 4087.52 4063.81 4054.79 4044.86 4042.99 4044.72 4037.67 4024.8 4013.96 4009.57 4010.21 4010.47 4012.72 4016.04 4019.84 4023.95 4028.07 4033.2 4035.98 4023.05 4020.99 4019.18 4011.04 4007.23 4008.6 4009.64 4010.23 4010.83 4011.75 4012.83 4014.45 4017.45 4020.8 4022.33 4024.5 4026.27 4027.38
4048.03 4055.55 4044.75 4030.84 4017.26 4010.7 4014.14 4013.79 4015.21 4014.94 4016.98 4009.57 4010.74 4010.07 4006.05 4004.88 4002.57 4006.09 4014.22 4016.68 4028.97 4040.85 4055.31 4073.79 4088.59 4109.24 4129.6 4125.9 4107.57 4086.92 4064.99 4040.3 4024.65 4028 4041.58 4043.77 4039.56 4028.78 4018.48 4010.78 4008.93 4009.94 4012.51 4015.47 4021.29 4028.86 4033.03 4033.3 4028.64 4018.57 4015.34 4015.56 4010.93 4008.81 4009.37 4010.2 4010.81 4011.8 4010.62 4009 4012.13 4014.32 4017.13 4022.61 4026.55 4029.17 4030.82
4033.18 4035.73 4033.92 4028.5 4023.08 4015.52 4017.45 4019.17 4015.91 4016.72 4019.16 4027.63 4021.84 4014.39 4006.68 4003.76 4006.67 4016.16 4026.77 4039.57 4042.92 4044.81 4037.31 4057.98 4081.65 4105.47 4127.81 4104.95 4077 4066.24 4049.9 4024.27 4021.64 4037.57 4052.68 4058.33 4048.22 4033.93 4018.2 4009.09 4003.83 4004.83 4009.11 4011.23 4019.27 4030.59 4039.25 4032.75 4024.69 4015.64 4013.87 4014.74 4014.87 4011.81 4011.08 4011.19 4011.66 4011.79 4010 4010.61 4014.68 4017.77 4021.29 4026.52 4031.08 4033.81 4035.41
4020.75 4021.43 4024.39 4023.98 4024.41 4025.34 4018.24 4017.01 4013.47 4008.89 4012.58 4018.18 4024.69 4020.83 4013.73 4019.55 4027.86 4024.72 4030.25 4035.19 4049.97 4049.82 4048.46 4041.06 4067.33 4087.39 4099.82 4078.01 4059.63 4066.27 4056.61 4046.11 4041.7 4063.26 4069.99 4072.29 4058.58 4040.02 4021.83 4010.29 4004.78 3997.95 3989.84 4001.29 4012.51 4022.64 4029.57 4028.57 4024.41 4019.61 4015.26 4016.97 4015.7 4014.69 4013.99 4012.78 4013.3 4014.49 4016.42 4018.44 4019.38 4025.9 4029.71 4033.01 4036.55 4038.85 4040.91
4017.15 4016.73 4018.27 4018.26 4014.72 4008.74 4010.52 4010.87 4011.33 4009.77 4009.19 4007.65 4008.73 4006.92 4007.63 4012.53 4017.63 4011.41 3998.32 4014.74 4034.95 4039.03 4035.23 4045.09 4059.08 4066.8 4065.92 4047.83 4042.18 4060.34 4063.07 4066.92 4075.93 4075.56 4078.9 4078.88 4062.73 4044.21 4027.36 4014.85 4006.32 3997.12 3990.23 3998.43 4005.22 4010.68 4017.71 4024.82 4026.19 4019.95 4013.32 4015.28 4016.91 4016.38 4016.04 4017.14 4016.77 4016.75 4018.81 4017.21 4022.56 4028.72 4034.42 4039.02 4042.04 4044.21 4046.3
4015.92 4014.51 4015.07 4015.61 4014.56 4010.45 4012.36 4012.42 4011.6 4011.99 4009.08 4001.09 3998.85 3995.07 3998.25 4002.72 4002.68 4004.88 4016.14 4013.85 4024.73 4028.69 4026.06 4034.87 4043.94 4051.89 4050.61 4040.44 4034.89 4053.79 4057.87 4063.91 4073.91 4073.5 4075.56 4072.26 4060.73 4046.15 4030.8 4016.49 4005.67 3998.09 4002.53 4000.16 4000.37 4004.56 4013.38 4024.53 4032.99 4033.48 4011.99 4014.09 4015.94 4019.12 4020.58 4020.89 4020.12 4017.82 4013.6 4016.24 4025.76 4036.34 4042.05 4045.4 4047.07 4048.44 4049.91
4010.32 4010.37 4012.62 4014.63 4017.32 4013.18 4010.1 4010.77 4011.37 4011.87 4008.66 4000.29 3990.57 3986.6 3995.7 3998.4 3997.4 4000.47 4003.34 4013.32 4027.11 4028.14 4023.7 4021.18 4034.51 4041.51 4046.86 4048.63 4034.72 4045.68 4056.46 4057.78 4055.89 4068.44 4069.23 4065.15 4055.72 4045.68 4035.02 4025.36 4009.23 3997.85 3999.45 3998.07 3996.58 3997.63 4010.01 4027.46 4043.6 4051.42 4037.77 4021.83 4022.68 4026.05 4027.27 4028.1 4027.3 4025.25 4020.53 4017.92 4035.73 4051.18 4052.77 4053.4 4053.25 4052.84 4053.37
4011.4 4009.63 4010.58 4012.53 4013.41 4012.13 4008.3 4008.23 4010.07 4010.98 4009.32 4006.17 4002.32 3996.17 3999.5 3999.44 3996.3 3998.87 4001.92 4014.23 4031.67 4023.94 3963.69 3976.22 4024.59 4028.43 4035.83 4042.41 4040.63 4057.93 4065.31 4059.3 4052.27 4056.84 4055.93 4053.65 4049.75 4044.25 4037.51 4027.96 4016.48 4004.15 3999.24 3996.61 3995.29 3998.61 4011.61 4031.01 4052.04 4072.64 4069.2 4052.52 4039.43 4038.74 4038.6 4037.36 4037.49 4038.38 4044.36 4050.29 4057.11 4066.08 4063.61 4061.22 4059.16 4056.78 4054.58
4004.23 4006.11 4008.42 4010.43 4010.7 4009.43 4007.09 4006.78 4008.57 4011.09 4013.76 4010.84 4008.6 4005.56 4001.22 3993.92 3996 4000.25 4005.57 4015.04 4020.09 4019.75 4018.24 4017.19 3999.57 4010.75 4018.89 4022.96 4033.88 4055.58 4059.41 4051.57 4046.33 4046.77 4042.88 4042.22 4043.84 4042.85 4040.36 4035.12 4027.76 4017.09 4005.38 3997.26 3995.95 3998.67 4012.75 4032.01 4052.4 4069.46 4071.25 4073.06 4060.62 4052.69 4049.64 4048.15 4048.75 4050.6 4054.77 4065.73 4072.52 4070.26 4069.14 4067.37 4063.62 4059 4054.39
4002.14 4004.03 4006 4008.05 4010.53 4003.61 4000.18 4002.95 4006.16 4009.39 4011.78 4011.21 4010.44 4012.06 4008.49 4000.08 3999.68 4002.53 4005.59 4006.75 4008.56 4007.64 4009.46 4005.64 4003.72 4003.78 4008.34 4012.54 4018.42 4030.12 4031.47 4032.84 4031.08 4033.16 4036.35 4037.13 4039.34 4041.45 4043.28 4045.32 4039.71 4032.92 4015.75 4002.55 4000.01 4001.67 4013.5 4029.47 4047.82 4065.08 4072.73 4067.85 4066.95 4061.62 4059.17 4058.83 4059.73 4062.09 4066.55 4080.7 4085.18 4071.51 4075.51 4072.01 4066.4 4059.02 4051.83
4004.77 4003.75 4003.77 4003.35 4000.7 3998.59 3996.92 4000.35 4003.94 4006.59 4007.81 4009.2 4010.49 4009.15 4011.41 4008.35 4004.34 4005.05 4004.21 4002.24 4003.3 4003.11 4002.45 4001.08 3997.66 3998.22 4001.35 4005.1 4008.15 4012.12 4012.39 4017.97 4021.2 4024.29 4024.78 4030.81 4035.41 4039.64 4043.02 4046.04 4043.05 4036.44 4026.94 4017.5 4005.68 4003.76 4012.71 4026.51 4042.28 4056.94 4068.24 4074.06 4070.81 4068.65 4067.74 4068.99 4070.27 4072.59 4075.68 4080.25 4091.31 4096.55 4085.35 4076.79 4068.71 4059.05 4049.52
4003.37 4003.28 4002.02 3999.75 3996.56 3994.79 3997.5 3999.71 4002.5 4004.99 4006.8 4007.83 4008.97 4010.05 4010.92 4009.35 4005.9 4001.81 4000.72 4001.54 4001.59 4002.58 4001 3998.98 3995.58 3993.89 3996.49 4002.37 4004.16 4000.76 4003.81 4010.16 4015.59 4021.05 4025.52 4029.01 4033.01 4036.21 4038.99 4041.8 4039.97 4033.89 4028.99 4022.48 4007.44 4001.94 4011.34 4024.29 4037.54 4049.94 4061.93 4069.55 4070.78 4072.86 4074.55 4076.32 4079.14 4083.23 4086.98 4089.51 4095.76 4098.01 4090.52 4080.7 4070.97 4059.96 4049.35
4004.6 4002.85 4000.96 3999.05 3996.69 3995.25 3996.8 3999.97 4002.53 4004.29 4005.5 4004.85 4002.27 4003.82 4007.86 4006.92 4005.13 4002.9 3999 3996.32 3999.11 4004.55 4000.16 4000.86 3994.33 3988.42 3990.11 3998.9 4002.71 4000.83 4001.08 4004.37 4010.62 4018.68 4025.82 4027.67 4030.33 4032.57 4033.93 4034.38 4033.31 4031.84 4030.03 4025.97 4008.84 4003.3 4011.49 4022.08 4034.46 4043.99 4052.45 4062.97 4069.8 4073.34 4076.73 4080.77 4084.94 4090.86 4098.34 4107.97 4109 4105.37 4094.9 4084.35 4073.27 4063.57 4052.97
4004.55 4002.19 3999.99 3998.47 3999.34 3996.99 3997.88 4000.72 4003.16 4004.94 4005.27 4005.38 4003.48 3991.37 3997.15 4005.1 4003.34 4001.06 3998.79 3997.09 3997.83 3998.04 4004.51 4009 4005 3970.26 3980.35 3993.92 4002.94 4003.93 4002.8 3995.51 4006.86 4022.25 4027.02 4028.14 4028.67 4029.15 4029.62 4027.86 4027.36 4028.11 4028.08 4025.69 4013.02 4010.49 4015.06 4020.59 4028.06 4038.42 4052.34 4065.63 4072.33 4077.63 4082.29 4086.85 4091.24 4097.51 4105.09 4113.46 4114.93 4108.49 4097.58 4087.31 4075.39 4065.26 4057.21
4001.89 4000.71 3998.83 3996.05 3994.48 3998.92 4000.69 4002.9 4004.92 4006.64 4007.18 4005.84 4003.91 3999.86 3995.66 4002.27 4001.53 4000.55 4002.87 4002.47 4006.25 4008.84 4009.27 4015.15 4006.77 3971.23 3979.75 3990.82 3993.15 3982.23 3968.95 3983.12 3999.92 4015.55 4026.64 4029.1 4028.89 4027.8 4025.26 4022.08 4020.14 4026.67 4030.12 4024.7 4031.27 4026.78 4021.43 4020.22 4022.96 4031.58 4050.55 4067.4 4077.97 4084.07 4088.41 4090.64 4093.81 4096.01 4101.9 4107.65 4108.84 4104.23 4094.88 4085.19 4076.4 4068.17 4061.71
4000.55 3999.63 3999.01 3999.3 4000.27 4001.79 4004.94 4004.76 4005.84 4007.57 4009.57 4009.35 4002.83 4003.73 4004.85 4002.8 4000.85 4002.59 4011.57 4024.07 4026.71 4023.12 4028.01 4023.85 4016.79 3989.23 3988.73 3992.83 3995.55 3995.49 4000.85 3992.8 3994.91 3999.04 4020.4 4028.17 4027.05 4025.12 4022.96 4021.32 4024.46 4028.24 4033.08 4027.83 4036.01 4034.28 4026.31 4019.69 4015.72 4018.23 4043.87 4071.77 4083.98 4087.64 4089.5 4089.06 4089.14 4090.9 4093.01 4095.21 4098.67 4096.95 4089.96 4081.67 4073.83 4066.79 4061.4
4000.36 3999.4 3999.81 3999.82 4001.35 4003.18 4003.75 4005.18 4005.99 4007.3 4008.53 4009.66 4003.21 4001.04 4003.86 4001.26 3998.59 4002.99 4017.7 4037.21 4043.2 4035.24 4026.62 4027.23 4023.17 4018.54 4001.03 3997.23 3994.35 3994.43 3995.97 3994.7 3995.42 3998.14 4014.83 4024.41 4023.41 4022.18 4020.79 4020.36 4022.55 4027.34 4033.16 4030.56 4038.6 4039.4 4031.99 4022.87 4014.46 4010.22 4028.01 4081.45 4088.75 4089.34 4088.41 4085.96 4083.55 4082.07 4080.9 4080.95 4078.11 4086.57 4083.02 4077.53 4070.75 4064.55 4059.73
3996.83 3999.04 4001.09 4003.3 4004.44 4004.92 4005.18 4005.1 4005.71 4006.13 4006.3 4004.49 4004.32 4001.36 4003.83 4000.66 3995.11 3998.74 4015.35 4034.43 4043.04 4034.66 4025.52 4025.76 4029.92 4026.28 4011.73 4005.24 3998.85 3994.98 3996.92 3996.87 3998.37 4002.44 4009.89 4014.78 4017.19 4018.15 4018.59 4017.55 4016.01 4022.16 4032.34 4038.5 4049 4045.07 4038.71 4031.38 4022.16 4013.67 4048.72 4086.83 4090.41 4088.23 4084.5 4078.99 4075.11 4071.48 4067.6 4063.76 4066.01 4077.44 4073.7 4068.24 4063.09 4057.9 4053.57
3997.48 4000.74 4003.16 4004.94 4006.55 4006.88 4005.61 4004.49 4004.61 4005.01 4004.59 4003.15 4003.87 3998.77 4002.6 3998.63 3991.92 3995.79 4008.55 4020.44 4027.03 4028.75 4019.18 4019.45 4025.99 4022.61 4015.13 4014.81 4016.47 4011.13 4000.1 3998.16 3999.97 4005.1 4002.92 4004.17 4010.85 4014.01 4016.4 4017.71 4018.93 4022.9 4027.57 4034.86 4044.45 4046.69 4045.08 4044.42 4044.16 4048.67 4080.42 4084.4 4086.16 4084.08 4079.1 4072.31 4066.09 4060.61 4055.48 4051.75 4050.36 4061.93 4059.89 4056.91 4054.12 4050.69 4047.31
