real_craters/C086-1000m.grd
DSAA
36 36
-17.3 17.3
-17.3 17.3
3584.6590848256 5284.9387865845
4757.11 4761.57 4767.34 4765.64 4787.28 4802.88 4829.03 4847.02 4874.98 4885.84 4847.83 4828.41 4825.65 4827.3 4829.79 4808 4789.7 4776.12 4777.17 4807.03 4798.96 4800.27 4804.78 4811.65 4812.82 4801.9 4791.74 4792.52 4811.3 4822.68 4824.87 4831.12 4827.46 4821.9 4821.81 4818.56 
4801.03 4830.71 4831.96 4822.19 4825.96 4820.14 4846.55 4846.39 4851.35 4841.99 4839.11 4830.81 4851.09 4852.25 4832.58 4825.06 4803.13 4782.38 4783.12 4801.37 4808.49 4796.43 4801.45 4807.21 4801.56 4793.16 4788.17 4789.12 4798.03 4809.29 4809.75 4814.63 4830.86 4847.06 4845.25 4855.74 
4814.5 4839.65 4838.9 4818.96 4795.71 4794.82 4814.26 4825.13 4826.19 4849.32 4845.18 4847.59 4869 4862.9 4834.82 4814.8 4825.6 4823.88 4822.76 4835.07 4835.33 4805.4 4816.77 4818.41 4808.45 4787.51 4780.65 4787.29 4798.56 4806.02 4822.22 4828.82 4831.59 4835.26 4849.47 4852.78 
4803.31 4799.5 4801.76 4790.08 4778.67 4790.27 4800.69 4816.1 4844.16 4872.13 4865.57 4864.63 4870.91 4864.53 4852.35 4857.38 4859.17 4860.55 4859.84 4852.8 4885.75 4877.51 4862.58 4851.94 4827.97 4809.54 4784.59 4793.3 4787.7 4802.48 4814.38 4830.19 4839.86 4842.1 4856.11 4850.31 
4811.91 4789.88 4781.6 4776.87 4780.24 4800.16 4790.31 4792.62 4839.99 4882.21 4903.57 4876.17 4891.62 4877.38 4860.52 4875.57 4882.11 4875.49 4869.26 4886.08 4919.49 4935.07 4901.24 4896.8 4912.62 4901.18 4868.54 4838.65 4814.81 4814.18 4821.78 4831.67 4855.39 4870.79 4855.11 4841.7 
4760.69 4773.65 4771.58 4769.9 4766.85 4787.67 4792.72 4795.32 4877.85 4961.18 4979.83 4990.14 4942.31 4917.42 4905.71 4896.42 4947.52 4962.28 4954.12 4936.03 4959.05 4920.74 4923.12 4923.46 4961.36 4996.22 4959.32 4915.45 4892.23 4840.63 4810.17 4823.77 4846.23 4853.84 4846.89 4830.35 
4779.81 4793.47 4774.16 4770.95 4771.89 4776.67 4799.73 4803.74 4880.42 4977.54 4978.9 4974.19 4964.36 4949.89 4971.44 5052.21 5068.8 5136.2 5111.82 5092.89 5092.22 5015.51 4942.78 4942.67 4996.18 5042.7 5030.24 5022.91 4954.54 4878.03 4817.38 4826.54 4834.89 4837.77 4833.3 4823.79 
4781.16 4807.68 4785.76 4773.24 4763.36 4778.1 4788.61 4828.51 4886.21 4922.39 4981.15 5035.06 4997.69 5002.4 5061.81 5111 5134.52 5035.99 5001.14 4945.06 4909.79 4906.38 4915.58 4919.23 4940.3 4971.41 5018.15 5063.27 5012.92 4947 4876.56 4857.01 4848.9 4838.25 4828.35 4818.07 
4801.05 4832.04 4802.62 4774.69 4763.39 4773.33 4790.69 4811.06 4871.92 4942.54 4950.98 4965.34 4983.74 5098.63 5241.93 5267.65 5284.94 5224.65 5070.16 5029.27 5016.13 4989.69 4966.61 4859.81 4857.54 4865.12 4987.35 5067.98 5029.28 4991.7 4953.56 4880.11 4847.03 4839.49 4839.68 4825.55 
4808.86 4805.29 4783.16 4773.29 4773.73 4808.66 4801.03 4820.93 4946.21 4995.84 4993.02 4971.99 5014.9 5125.23 5205.3 5114.36 5038.11 4798.63 4701.19 4958.15 4977.06 4993.96 4987.48 4932.14 4888.38 4875.76 4916.36 4961.44 4970.33 4922.77 4886.32 4861.15 4831.23 4832.07 4836.78 4826.15 
4754.19 4768.45 4774.78 4771.5 4780.79 4800.63 4807.04 4834.03 4937.36 5006.7 4999.27 4949.31 4939.72 4973.46 4766.96 4614.94 4412.79 4206 4172.91 4331.4 4338.69 4417.26 4536.59 4809.06 4826.11 4859.11 4904.55 4928.73 4926.37 4901.45 4864.64 4839.45 4822.23 4821.53 4826.97 4812.64 
4737.94 4754.6 4763.13 4761.81 4781.27 4782.13 4810.45 4842.71 4979.71 5050.13 4990.4 4852.24 4578.46 4404.24 4224.81 4109.24 3881.1 3853.93 3819.94 3811.21 3848.11 3949.53 4043.85 4272.42 4521.9 4855.62 4957.73 5010.59 4936.83 4864.17 4837.68 4820.34 4807.04 4803.87 4800.13 4795.56 
4763.38 4758.22 4747.47 4751.88 4759.29 4766.27 4811.64 4885.2 4967.76 5077.66 5038.45 4509.69 4171.71 4007.24 3922 3852 3764.9 3779.23 3807.29 3745.18 3711.54 3762.61 3872.07 4023.72 4171.43 4523.91 5031.34 5041.71 4969.13 4864.63 4833.35 4817.43 4802.38 4789.57 4783.7 4784.48 
4738.11 4743.3 4735.75 4738.69 4751.95 4786.01 4808.29 4969.92 4959.58 5020.84 4819.71 4272.86 4056.95 3928.1 3854.23 3773.15 3717.88 3729.34 3693.06 3659.74 3661.5 3675.66 3711.64 3807.14 3941.13 4298.21 4787.08 5101.37 4995.47 4891.15 4852.03 4831.76 4812.17 4787.34 4780.63 4783.17 
4715.66 4727.38 4734.04 4731.23 4746.85 4790.45 4803.72 5004.73 5009.18 5050.32 4751.9 4225.65 4001.19 3906.72 3828.62 3749.34 3678.14 3698.81 3688.37 3639.12 3624.95 3618.26 3602.55 3653.19 3787.75 4051.38 4595.23 4934.87 4950.99 4894.4 4859.52 4822.9 4808.27 4799.7 4791.76 4791.8 
4712.56 4720.96 4735.3 4735.84 4743.88 4825.82 4852.18 5051.4 5080.93 5168.97 4831.38 4257.36 3961.63 3871.54 3814.55 3757.35 3724.26 3763.9 3787.45 3682.31 3637.21 3607.3 3590.5 3614.24 3702.75 3921.67 4422.71 4763.19 4885.75 4892.78 4860.65 4811.69 4805.19 4814.37 4805.49 4800.65 
4714.4 4723.24 4748.29 4748.31 4789.56 4832.84 4835.7 4965.03 5020.14 5204.29 4832.07 4273.64 3947.24 3860.47 3815.36 3783.71 3764.55 3797.09 3789.5 3742.31 3667.8 3622.04 3584.66 3604.96 3689.99 3884.83 4422.27 4722.06 4853.75 4889.12 4845.17 4783.47 4787.08 4801.36 4801.35 4801.9 
4730.8 4735.47 4756.63 4775.51 4775.89 4808.06 4847.55 4931.3 5013.49 4964.84 4585.06 4193.39 3946.95 3859.91 3829.65 3812.02 3788.97 3646.3 3602.44 3671.42 3670.22 3636.72 3618.36 3640.97 3713.12 3944.31 4464.51 4801.47 4862.66 4862.55 4822.33 4765.39 4766.79 4772.2 4780.53 4792.43 
4732.36 4739.47 4754.6 4767.22 4770.15 4773.65 4922.03 4912.76 5025.61 4776.96 4443.68 4149.96 3979.36 3893.42 3838.56 3791.71 3788.27 3708.04 3659.79 3707.41 3683.84 3650.54 3636.32 3669.06 3757.27 4047.96 4630.07 4968.11 4874.12 4831.81 4820.16 4793.22 4759.88 4740.13 4761.86 4778.14 
4730.45 4731.2 4762.24 4773.08 4785.58 4777.77 4823.86 4994.81 4901.27 4847.49 4416.83 4173.62 4022.42 3938.4 3852.35 3769.07 3742.22 3714.2 3725.49 3727.18 3700.66 3669.59 3656.66 3674.74 3757.16 4162.68 4779.79 5100.91 4893 4816.46 4815.89 4803.01 4761.33 4747.26 4761.23 4772.77 
4724.37 4739.04 4780.61 4790.58 4793.17 4775.66 4829.71 5008.03 4973.65 5092 4641.62 4294.66 4051.99 3993.95 3874.08 3767.14 3722.25 3711.18 3711.98 3716.41 3701.43 3689.53 3686.94 3706.79 3896.22 4432.09 5006.86 5164.22 4924.95 4782.31 4705.86 4723.09 4747.77 4760.96 4768.21 4767.67 
4734.92 4739.7 4777.78 4797.76 4777.85 4740.75 4880.06 4878.97 4861.38 5117.32 5033.12 4496.41 4111.71 4014.32 3910.3 3790.06 3738.49 3714.74 3717.1 3714.76 3701.77 3700.57 3722.03 3775.98 4119.6 4745.2 5143.33 5036.97 4925.08 4764.69 4562.35 4580.21 4765.95 4790.65 4768.4 4754.68 
4766.08 4777 4798.2 4814.94 4770.9 4729.29 4862.33 4924.02 4890.97 5104.42 5154.51 4684.05 4217.65 4126.06 3997.45 3832.73 3782.11 3755.59 3744.33 3744.37 3733.59 3718.22 3843.94 4061.76 4403.39 4900.09 5135.15 5049.17 4959.96 4819.31 4732.41 4693.82 4752.27 4765.71 4756.42 4747.58 
4787.91 4817 4821.8 4805.32 4769.55 4743.19 4851.11 4907.92 5009.56 5108.28 5064.65 4773.71 4279.63 4202.99 4158.68 4008.03 3933.86 3834.49 3828.98 3846.66 3855.13 3852.22 4134.81 4516.17 4861.49 5107.08 5119.11 5041.49 4920.82 4829.71 4774.03 4754.46 4745.31 4738.36 4738.36 4734.27 
4806.57 4827.71 4835.42 4823.11 4772.19 4777.21 4791.32 4826.72 4889.47 4906.48 4929.53 4875.06 4502.04 4331.2 4313.72 4213.7 4027.34 3970.29 3977.44 4077.28 4159.49 4235.06 4576.5 5055.71 5138.7 5175.83 5029.08 4803.16 4798.61 4780.05 4740.5 4736.37 4726.18 4723.43 4720.28 4716.22 
4831.75 4827.45 4834.97 4817.81 4776.09 4794.67 4793.37 4819.31 4840.44 4841.09 4884.66 4945.74 4904.81 4565.35 4476.54 4402.78 4297.2 4245.7 4314.45 4433.08 4551.48 4765.15 4879.55 5113.72 5030.8 4867.54 4852.6 4774.43 4779.48 4753.12 4736.91 4732.36 4727.74 4719.07 4714.83 4710.24 
4844.03 4825.88 4805.48 4813.44 4778.28 4776.83 4804.01 4779.53 4845.19 4822.4 4832.86 4828.98 4906.68 4902.7 4960.5 4910.5 4827.88 4770.02 4879.99 4755.34 4788.91 4837.85 4869.27 4811.94 4797.35 4772.96 4767.9 4770.73 4752.39 4736.89 4722.97 4721.94 4715.92 4711.48 4706.29 4701.09 
4820.89 4823.44 4830.71 4832.11 4807.5 4807.72 4805.61 4803.29 4815.55 4842.37 4824.58 4822.02 4811.9 4864.2 4875 4895.13 4913.12 4844.72 4819.59 4885.49 4889.99 4868.94 4833.04 4773.89 4744.54 4740.49 4747.51 4744.53 4730.6 4717.22 4711.66 4717.44 4713.22 4706.74 4700.59 4694.06 
4807.02 4827.96 4853.86 4839.19 4821.01 4816.62 4800.11 4785.67 4782.16 4799.39 4807.18 4809.91 4800.7 4792.38 4784.15 4846.15 4940.33 4959 4980.36 4980.81 4997 4941.67 4841.81 4787.36 4763.58 4759.46 4737.62 4734.41 4722.56 4706.68 4706.96 4723.49 4714.86 4706.53 4697.91 4689.35 
4802.25 4812.76 4832.2 4827.26 4811.87 4801.89 4782.97 4757.96 4765.28 4772.27 4783.26 4799.74 4802.78 4791.46 4810.47 4803.23 5015.33 5053.24 5074.34 5043.7 5018.09 4971.53 4833.8 4754.19 4749.56 4746.71 4725.1 4710.71 4717.37 4708.77 4709.87 4719.39 4717.23 4708.63 4700.28 4691.63 
4786.54 4792.62 4838.99 4831.53 4816.59 4785.92 4754.35 4749.13 4746.11 4760.91 4769.28 4794.45 4788.4 4777.58 4803.58 4820.47 4948.24 4988.94 4986.11 4961.6 4927.64 4883.36 4855.01 4795.57 4785.13 4759.14 4724.09 4714.15 4732.7 4726.45 4720.03 4716.2 4717.22 4711.98 4704.38 4695.13 
4798.38 4788.38 4826.75 4824.78 4828.98 4788.57 4751.33 4746.59 4759.07 4771.41 4744.69 4739.78 4747.34 4744.25 4739.28 4749.71 4806.44 4803.99 4856.5 4867.49 4838.86 4832.9 4813.76 4782.9 4775.69 4746.73 4723.5 4720.26 4731.02 4735.45 4728.67 4720.66 4719.87 4713.68 4706.13 4698.03 
4788.5 4768.86 4810.69 4796.77 4807.39 4797.47 4767.66 4766.08 4769.64 4786.53 4755.03 4716.78 4724.74 4724.1 4724.74 4753.89 4818.84 4762.23 4783.21 4791.97 4782.26 4785.76 4787.7 4771.99 4760.17 4728.34 4720.49 4723.47 4732.17 4728.67 4735.28 4737.83 4723.87 4714.9 4706.43 4698.51 
4762.72 4746.63 4792.56 4778.87 4792.03 4808.53 4790.18 4759.78 4749.46 4758.5 4758.88 4739.91 4721.33 4717.61 4742.04 4729.97 4779.78 4763.7 4753.67 4756.49 4731.88 4743.66 4737.36 4758.48 4726.27 4721.57 4715.58 4724.08 4738.56 4742.75 4738.06 4729.12 4722.12 4714.07 4705.71 4697.98 
4748.11 4751.59 4772.12 4776.01 4770.83 4767.23 4773.96 4768.17 4723.46 4726.14 4738.7 4707.42 4713.71 4724.36 4721.44 4728.35 4782.52 4759.9 4737.36 4724.94 4717.45 4730.08 4735.44 4737.09 4733.83 4716.83 4705.19 4716.17 4736.22 4745.92 4728.61 4723.05 4720.54 4713.63 4706 4697.66 
4722.63 4718.6 4735.3 4761.1 4766.45 4733.11 4745.27 4735.44 4709.66 4708.66 4701.95 4691.28 4703.97 4712.69 4714.73 4725.59 4728.57 4740.9 4724.81 4701.5 4720.19 4729.71 4730.97 4709.14 4705.73 4703.77 4698.39 4708.85 4719.67 4722.62 4718.61 4725.09 4718.19 4710.63 4703.5 4694.76 
