real_craters/C086-300m.grd
DSAA
203 203
-30.275 30.275
-30.275 30.275
3251.9850069531 4404.3680453603
[rows 60 to 89 of 203, columns 0 to 66 of 203]
3998.67 3996.99 3995.59 3993.02 3990.88 3991.8 3993 3993.94 3994.08 3993.84 3993.02 3992.08 3991.81 3996.25 4002.32 4008.47 4014.03 4017.54 4015.58 4006.67 3994.51 3978.41 3992.37 3976.76 3980.56 3987.89 3983.97 3985.14 3986.02 3986.4 3986.24 3985.77 3985.46 3986.05 3987.16 3989.95 3994.92 3999.46 4004.1 4008.19 4011.76 4017.05 4021.66 4025.21 4024.01 4021.88 4021.32 4021.66 4021.53 4021.17 4027.57 4033.85 4040.7 4046.08 4050.08 4053.45 4058.63 4065.84 4076.51 4087.72 4086.73 4078.24 4071.4 4066.1 4063.28 4060.1 4058.77
4006.06 4004.2 3999.38 3995.68 3993.28 3992.54 3993.31 3993.56 3993.32 3992.68 3992.08 3991.68 3993.72 3997.53 4003.14 4010.66 4019.42 4029.05 4033.45 4019.87 4006.78 3993.69 3988.76 3977.75 3976.43 3990.31 3989.23 3988.83 3989.94 3990.46 3990.2 3988.54 3985.8 3986.68 3989.01 3991.63 3994.89 3997.48 3997.69 3998.51 4008.18 4016.26 4021.39 4022.61 4021.32 4021.89 4020.97 4018.95 4024.6 4028.44 4031.2 4033.6 4036.3 4039.74 4046.56 4051.42 4056.97 4065.1 4073.88 4082.87 4083.28 4075.92 4070.65 4066.48 4064.07 4062.72 4061.54
4008.26 4006.72 4002.6 3997.32 3994.14 3993.06 3993.86 3993.96 3992.9 3991.85 3991.18 3991.02 3992.63 3995.79 4001.77 4009.97 4019.85 4030.81 4036.04 4022.02 4007.47 3997.21 3990.03 3986.32 3990.22 3993.9 3994.1 3993.73 3994.65 3995.4 3996.09 3995.62 3991.86 3993.21 3994.48 3994.71 3998.22 4000.4 4000.48 4000.73 4011.8 4019.53 4024.13 4023.59 4022.86 4025.91 4027.41 4029.4 4030.95 4034.95 4034.39 4033.28 4034.23 4037.63 4042.92 4047.09 4051.7 4056.23 4061.83 4068.69 4069.37 4066.85 4065.98 4065.26 4064.8 4064.37 4063.51
4011.47 4012.21 4006.32 3997.39 3992.01 3992.42 3993.72 3993.73 3992.37 3991.12 3990.14 3989.21 3988.56 3991.36 3998.39 4006.17 4014.42 4021.66 4022.94 4014.06 4000.65 3990.68 3990.37 3986.51 3983.25 3982.53 3993.73 3997.87 3998.27 3999.34 4001.74 4005.55 4010.19 4006.43 4003.85 4003.01 4005.42 4007.65 4011.09 4017.96 4021.62 4026.26 4031.04 4034.1 4032.28 4032.81 4033.59 4034.55 4036.24 4036.8 4036.22 4035.19 4035.25 4034.66 4036.57 4042.07 4046.71 4048.18 4050.89 4055.83 4049.35 4057.3 4061.61 4063.63 4064.7 4065.67 4066.29
4017.24 4022.99 4010.77 3998.7 3992.33 3992.4 3993.43 3992.92 3991.37 3990.2 3989.23 3988.15 3987.82 3989.93 3995.06 4000.79 4006.09 4010.3 4010.46 4005.26 3996.13 3988 3989.62 3985.22 3979.68 3979.4 3990.25 3997.54 3999.04 4001.8 4005.67 4010.57 4016.99 4013.81 4012.39 4014.84 4013.74 4014.72 4019.06 4025.38 4029.39 4032.57 4038.04 4045.71 4046.38 4041.19 4042.68 4042.59 4041.28 4040.28 4038.27 4036.26 4035.68 4033.91 4033.75 4039.9 4045.87 4052.4 4058.49 4055.62 4043.18 4055.47 4060.02 4062.79 4064.78 4066 4068.25
4015.46 4016.52 4010.88 4002.86 3996.46 3993.01 3991.94 3990.81 3990.04 3989.43 3988.55 3987.97 3987.79 3989 3991.86 3994.97 3997.21 3998.56 3999.21 3998.41 3997.76 3996.33 3991.01 3985.95 3981.9 3978.04 3985.01 3991.82 3996.59 4001.81 4007.08 4011.12 4011.55 4015.26 4015.7 4016.32 4016.11 4017.72 4022.47 4030.31 4033.3 4034.57 4039.29 4046.06 4049.86 4047.77 4048.29 4048.06 4046.47 4042.92 4039.85 4038.91 4037.65 4036.38 4036.59 4040.58 4046.14 4052.12 4055.98 4058.25 4062.22 4059.46 4060.73 4062.48 4064.35 4066.64 4069.12
4010.85 4011.31 4007.62 4006.64 4000.78 3993.35 3985.99 3988.07 3989.06 3989.04 3988.75 3988.3 3987.91 3987.9 3989.94 3991.04 3990.23 3986.7 3988.45 3991.41 3992.59 3992.77 3989.4 3986.28 3985.47 3985.51 3983.57 3985.93 3993.4 4001.19 4008.54 4014.51 4018.18 4017.65 4016.5 4014.93 4014.63 4016.61 4019.95 4025.42 4027.46 4030.41 4035.91 4041.62 4050.06 4054.56 4053.86 4053.9 4052.55 4050.85 4049.27 4043.95 4040.67 4038.84 4038.46 4042.01 4046.15 4051.18 4056.55 4056.66 4055.96 4059.72 4061.6 4063.03 4064.47 4066.21 4067.48
4006.42 3998.29 3998.94 4001.6 3999.23 3994.93 3991.79 3990.16 3989.91 3989.75 3989.53 3989.38 3989.54 3989.77 3990.3 3989.83 3988.3 3985.97 3985.39 3986.61 3986.72 3986.02 3985.24 3985.3 3985.37 3987.53 3985.93 3983.95 3991.73 4000.61 4009.93 4018 4021.16 4019.87 4016.75 4014.27 4013.24 4013.95 4015.07 4012.61 4014.27 4024.84 4032.62 4039.52 4052.27 4064.13 4064.75 4061.36 4058.01 4055.1 4050.96 4046.46 4043.69 4042.37 4042.75 4043.85 4045.18 4047.41 4050.91 4053.44 4059.45 4062.26 4061.59 4061.22 4062.34 4063.76 4065.71
4006.69 4000.36 3996.9 3992.75 3995.17 3996.67 3996.23 3993.58 3991.75 3990.98 3990.78 3991.05 3991.89 3993.2 3992.29 3990.45 3989.05 3988.65 3986.36 3985.01 3983.79 3983.65 3983.39 3984.78 3985.12 3985.51 3984.5 3985.74 3990.64 3999.11 4009.61 4021.2 4024.95 4021.07 4016.92 4011.59 4007.66 4013.79 4016.16 4015.16 4017.43 4025.86 4032.12 4038.78 4053.89 4072.15 4070.87 4065.85 4061.73 4057.88 4053.95 4048.58 4046.44 4047.35 4046.22 4043.96 4043.14 4043.07 4041.64 4048.92 4056.89 4060.5 4059.02 4059.03 4060.01 4061.44 4062.68
4010.48 4007.77 4003.42 3996.63 3996.45 3998.08 3999.1 3994.96 3992.8 3991.89 3991.7 3992 3992.89 3994.56 3993.35 3990.86 3989.18 3987.93 3986.09 3984.74 3984.95 3983.44 3983.98 3986.59 3987.16 3983.09 3980.34 3982.41 3988.26 3996 4005.19 4015.78 4020.55 4019.95 4018.67 4016.71 4016.23 4020.68 4023.58 4027.06 4031.97 4031.51 4034.04 4038.03 4045.55 4064.3 4067.2 4065.62 4063.18 4060.14 4054.16 4050.39 4044.1 4044.6 4042.51 4040.49 4040.18 4041.07 4044.04 4046.36 4049.58 4052.77 4053.88 4055.49 4056.66 4058.34 4060.33
4010.46 4005.64 4003.36 4004.48 3999.79 3996.16 3994.1 3993.7 3992.66 3992.14 3992.14 3992.37 3992.66 3991.77 3990.89 3991.27 3989.44 3987.62 3987.12 3985.36 3984.46 3987.44 3990.31 3991.87 3989.28 3982.17 3979.35 3981.64 3986.46 3992.44 3998.37 4003.83 4011.4 4017.52 4021.88 4026.08 4031.17 4031.61 4032.27 4033.41 4034.08 4035.61 4037.15 4039.92 4046.53 4057.64 4060.97 4062.84 4063.11 4063.01 4064.3 4057.83 4049.88 4045.6 4041.18 4038.07 4037.49 4038.73 4040.24 4041.69 4041.83 4042.77 4048.08 4051.18 4053.32 4055.6 4057.71
4006.42 4001 3999.9 4003.9 3999.85 3994.88 3992.39 3992.1 3992.12 3992.17 3992.44 3992.85 3993.46 3994 3995.42 3994.92 3992.79 3990.86 3993.09 3992.57 3996.61 4004.94 4005.79 4000.38 3995.56 3982.34 3981.37 3983.06 3987.07 3991.34 3993.82 3995.94 4006.09 4016.76 4025.36 4033.14 4041.1 4040.6 4039.71 4039.3 4039.27 4039.38 4040.54 4042.95 4046.45 4051.99 4056.85 4059.58 4061.17 4062.64 4063.95 4062.6 4059.33 4051.77 4041.79 4034.05 4034.9 4037.08 4039.48 4040.7 4039.26 4039.68 4044.66 4047.34 4049.84 4051.98 4053.84
3997.81 3997.14 3999.19 4001.72 3998.49 3992.7 3990.63 3991.11 3991.38 3991.67 3992.17 3993.04 3994.21 3996.89 3999.5 3999.35 4002.93 4004.41 4004.08 4007 4014.72 4015.99 4011.92 4005.56 3999.25 3992.97 3988.45 3989.02 3991.59 3994.56 3996.3 3996.97 4008 4019.24 4028.97 4037.37 4042.41 4045.66 4045.83 4044.36 4042.68 4042.71 4043.83 4045.89 4048.94 4051.42 4053.59 4056.46 4058.24 4059.54 4061.19 4061.88 4062.78 4056.22 4044.62 4034.35 4033.45 4035.75 4040.15 4042.46 4039.66 4042.19 4043.79 4044.58 4045.89 4047.66 4048.85
3986 3992.6 3999.06 4000.96 3998.15 3994.4 3991.89 3991.32 3991.32 3991.58 3991.96 3992.68 3993.45 3993.67 3993.18 3998.66 4006.26 4010.81 4012.01 4015.08 4016.83 4016.58 4012.91 4007.41 4000.29 3995.6 3995.48 3997.13 3998.75 4000.67 4004.68 4010.36 4015.89 4024.08 4033.14 4041.83 4049.15 4052.46 4051.66 4049.11 4046.42 4045.53 4046.88 4048.49 4050.6 4051.55 4052.5 4053.73 4054.4 4054.57 4053.14 4052.9 4057.78 4053.52 4045.79 4034.65 4032.55 4033.5 4035.42 4036.52 4036.92 4040.74 4042.67 4042.62 4044.18 4045.38 4045.78
3977.83 3987.62 3998.72 3999.23 3996.75 3996.11 3992.71 3991.26 3990.66 3991.07 3991.23 3991.86 3992.88 3993.46 3994.68 3997.32 3997.46 4005.08 4013.91 4020.99 4014.27 4016.58 4016.17 4010.44 4002.73 4000.14 4001.64 3998.13 4001.11 4004.44 4011 4017.61 4021.73 4028 4036.17 4045.39 4054.39 4058.47 4056.44 4053.18 4049.74 4049.16 4050.03 4049.95 4049.66 4048.79 4049.98 4049.68 4050.05 4050.38 4050.32 4049.74 4045.11 4044.85 4042.44 4034.01 4031.91 4031.41 4029.96 4027.78 4032.29 4036.08 4039.57 4040.66 4041.55 4042.25 4043.41
3975.23 3981.38 3987.31 3992.14 3992.33 3989.22 3990.37 3989.94 3989.97 3990.01 3990.54 3991.27 3992.42 3994.8 3999.68 3998.74 3999.78 4004.55 4013.3 4020.69 4023.73 4020.08 4018.82 4013.34 4007.42 4004.81 3993.31 3992.84 3998.27 4005.04 4012.54 4019.2 4023.24 4028.94 4036.52 4045.65 4055.75 4061.49 4058.09 4055.82 4055.29 4055.15 4053.55 4051.3 4047.7 4044.62 4045.41 4044.88 4045.66 4046.69 4047.93 4047.84 4044.53 4039.61 4036.86 4035.23 4032.84 4031.51 4031.25 4032.34 4032.27 4030 4035.23 4039.45 4040.73 4040.93 4040.51
3977.4 3976.06 3978.35 3986.68 3987.96 3990.1 3988.64 3988.49 3988.93 3989.89 3990.56 3991.15 3991.74 3992.36 3991.5 3994.11 3999.51 4004.01 4010.17 4018.96 4019.25 4020.24 4017.98 4011.69 4005.83 4003.49 4004.33 4005.27 4002.2 4004.39 4009.64 4015.48 4020.94 4026.91 4033.73 4041.33 4049.19 4054.66 4053.99 4054.67 4056.72 4058.08 4056.16 4053.54 4049.31 4042.57 4037.83 4040.31 4041.96 4043.14 4044.62 4047.31 4041.49 4037.56 4037.46 4035.42 4033.28 4032.06 4032.68 4035.42 4036.76 4038.9 4041.25 4042.6 4042.56 4041.73 4040.93
3975.2 3974.09 3972.2 3976.74 3981.7 3985.53 3986.04 3987.49 3988.86 3989.52 3990.3 3990.53 3990.73 3990.67 3991.1 3993.63 3995.64 3999.92 4003.33 4007.13 4016.31 4018.99 4021.27 4017.87 4008.55 4004.17 4001.39 4001.18 4000.76 4002.77 4005.36 4010.52 4017.04 4023.17 4029 4034.43 4038.47 4039.99 4045.78 4050.16 4054.1 4056.63 4056.61 4055.98 4054.97 4051.13 4039.47 4039.79 4039.98 4039.68 4038.54 4036.79 4037.23 4037.73 4038.07 4037.3 4033.53 4031.12 4031.92 4034.56 4040.88 4050.65 4052.82 4047.47 4044.88 4043.31 4041.96
3977.13 3975.92 3975.69 3976.02 3975.51 3977.64 3983.29 3986.66 3988.78 3989.83 3990.53 3990.65 3990.23 3990.41 3992 3993.06 3995.54 3997.65 3999.16 3999.41 4007.26 4015.94 4022.64 4023.93 4015.47 4007.66 4002.54 4002.85 4002.22 4002.22 4004.07 4007.94 4013.51 4018.89 4023.7 4027.62 4030.42 4031.99 4038.77 4044.95 4049.94 4052.96 4055.92 4057.18 4058.34 4058.18 4050.09 4042.86 4039.61 4037.07 4033.48 4027.4 4026.13 4030.17 4034.29 4032.63 4026.36 4028.62 4030.24 4033.01 4039 4049.31 4051.84 4048.77 4046.06 4044.5 4043.69
3975.78 3978.27 3980.66 3977.03 3975.31 3977.69 3984.72 3988.92 3991.16 3991.8 3991.66 3991.39 3990.73 3990.16 3988.41 3987.58 3991.6 3997.79 4001.54 4000.37 4003.09 4013.35 4021.2 4024.53 4018.87 4010.41 4004.12 4003.27 4001.5 4001.62 4002.66 4006.15 4010.59 4015.12 4019.28 4022.63 4025.34 4028.96 4034.19 4040.85 4047.29 4052.82 4055.7 4056.7 4057.12 4057.09 4051.93 4044.42 4040.16 4036.62 4032.57 4027.83 4022.16 4017.84 4025.5 4028.86 4025.41 4029.94 4029.13 4027.72 4031.94 4040 4045.08 4045.82 4045.57 4045.64 4046.3
3974.88 3979.49 3981.82 3983.23 3984.64 3987.68 3992.35 3994.8 3995.64 3995.2 3994.56 3992.76 3991.35 3990.69 3990.08 3991.93 3995 4000.71 4007.29 4008.05 4007.8 4012.8 4018.34 4023.94 4017.08 4010.2 4006.7 4001.09 4002.4 4003.16 4001.98 4005.07 4008.32 4011.55 4015.32 4018.48 4021.36 4024.09 4030.09 4037.54 4044.55 4050.98 4053.92 4055.3 4055.81 4055.61 4049.46 4044.04 4040.71 4037.42 4034.45 4031.11 4024.03 4017.63 4028.67 4046.59 4049.12 4036.04 4029.52 4026.18 4027.35 4031.24 4035.48 4041.41 4045 4047.37 4049.35
3982.6 3989.26 3995.42 3999.47 4003.12 4003.75 4003.58 4002.11 3999.91 3997.94 3996.02 3994.37 3992.94 3991.87 3991.95 3992.29 3995.77 4003.59 4010.91 4016.57 4013.32 4011.04 4011.04 4010.68 4008.59 4005.19 4002.07 4001.49 4002.87 4004.63 4007.04 4005.74 4006.75 4009.72 4012.44 4015.76 4019.09 4022.77 4028.42 4035.46 4041.84 4046.53 4050.91 4054.67 4055.99 4059.17 4055.33 4046.13 4042.54 4039.26 4036.65 4035.27 4027.72 4022.08 4029 4041.71 4039.98 4034.66 4028.53 4024.18 4023.58 4028.05 4033.42 4041.27 4045.71 4049.55 4053.08
3980.56 3996.26 4014.27 4029.62 4031.95 4022.51 4014.26 4008.89 4004.05 3999.91 3996.99 3994.8 3993.22 3992.69 3993.03 3995.55 3999.26 4005.99 4011.66 4013.1 4011.05 4006.76 4001.93 3998.48 4000.04 3998.46 3996.12 3999.49 3999.53 3999.23 4002.19 4002.74 4004.23 4007.28 4010.44 4014.19 4018.28 4022.66 4028.33 4035.42 4041.42 4046.56 4051.83 4056.54 4060.95 4063.21 4061.95 4051.32 4044.97 4040.84 4037.23 4033.11 4031.15 4026.4 4027.38 4030.84 4031.76 4030.08 4026.9 4023.56 4023.39 4027.59 4034.85 4042.6 4047.81 4052.93 4057.67
3973.7 3986.5 4010.7 4030.37 4038.88 4029.26 4019.04 4011.66 4006.04 4001.7 3998.07 3995.45 3993.83 3993.05 3993.1 3994.78 4001.64 4007.93 4012.9 4011.64 4007.75 4002.61 3996.51 3993.13 3994.58 3993.46 3992.88 3993.15 3992.38 3990.46 3992.79 3997.77 4001.47 4005.29 4009.55 4013.59 4018.38 4024.45 4031.6 4036.94 4043.07 4048.07 4052.72 4059.1 4063.47 4063.53 4057.37 4051.36 4046.56 4042.48 4038.18 4035.19 4033.41 4030.43 4029.59 4028.28 4027.99 4028.23 4026.69 4025.02 4025.14 4028.69 4034.51 4043.12 4050.33 4056.48 4062.61
3974.9 3985.04 4003.91 4017.9 4026.33 4024.13 4018.18 4011.96 4006.13 4001.87 3998.12 3995.6 3993.62 3992.94 3992.68 3994.68 4002.28 4008.38 4012.14 4009.44 4005.08 4000.18 3995.79 3992.93 3991.25 3990.64 3989.76 3989.5 3988.75 3988.51 3990.09 3994.93 4000.02 4004.65 4008.98 4013.56 4018.6 4024.36 4029.92 4039.44 4047.12 4052.48 4057.62 4067.15 4068.93 4069 4064.25 4053.6 4049.57 4044.33 4039.13 4033.39 4031.69 4030.06 4030.24 4027.94 4029.19 4029.35 4027.64 4027.12 4028.54 4031.8 4037.38 4047.55 4054.05 4060.01 4066.76
3982.92 3995.43 4003 4007.68 4011.29 4015.57 4013.12 4008.77 4004.4 4000.49 3997.32 3994.86 3992.95 3992 3992.18 3995.06 4000.65 4006.86 4010.54 4006.29 4002.85 3999.58 3994.75 3991.99 3991.09 3992.32 3988.42 3982.15 3985.05 3987.1 3989.39 3994.9 4000.13 4004.78 4009.31 4013.98 4019.01 4025.24 4035.2 4043.14 4054.34 4065.51 4075.86 4083.88 4085.77 4077.94 4070.48 4064.01 4052.47 4045.82 4041.39 4036.03 4026.02 4027.22 4030.71 4030.12 4028.48 4027.64 4028.11 4029.21 4032.3 4034.85 4039.35 4050.57 4056.94 4062.36 4069.42
3985.8 3995.91 4001.14 4006.63 4009.64 4009.37 4007.21 4004.08 4000.96 3997.73 3995.22 3993.36 3991.81 3990.76 3990.63 3991.39 3993.47 4002.57 4006.54 4000.33 4001.8 4002.75 4002.01 4001.98 4004.32 4002.84 3999.49 3994 3996.33 3996.36 3994.51 3999.3 4003.26 4006.64 4010.3 4014.31 4019.02 4024.43 4031.13 4044.67 4061.55 4079.26 4095.02 4099.59 4095.15 4083.75 4068.34 4056.27 4052.58 4046.17 4038.12 4030.97 4024.59 4027.75 4036.02 4033.98 4030.69 4029.12 4027.96 4028.85 4031.48 4035.52 4042.51 4053.58 4057.43 4062.32 4069.57
3983.17 3993.05 3998.29 4005.49 4006.38 4003.02 4000.65 3998.9 3996.16 3994.25 3992.46 3991.14 3989.82 3988.46 3988 3987.83 3990.96 3996.63 3998.66 3997.87 4003.46 4009.49 4014.77 4016.1 4015.58 4018.82 4021.43 4025.82 4019.57 4016.4 4008.36 4007.32 4008.12 4009.75 4012.14 4015.03 4019.31 4024.34 4029.73 4046.42 4065.96 4087.44 4108.73 4110.83 4101.26 4088.46 4076.05 4066.77 4054.65 4048.28 4040.33 4033.43 4029.67 4029.22 4031.32 4032.34 4031.67 4027.21 4026.84 4027.39 4028.97 4033.92 4041.88 4050.76 4054.43 4060.05 4067.06
3978.03 3983.24 3991.38 3997.59 3992.23 3994.05 3993.53 3993.01 3991.97 3990.88 3989.54 3988.07 3987.39 3986.49 3986.19 3986.98 3989.36 3992.07 3992.75 3997.42 4007.32 4017.63 4025.41 4030.51 4032.81 4035.81 4039.03 4042.95 4034.14 4027.78 4021.91 4015.95 4013.38 4012.85 4014 4015.92 4019.13 4025.3 4036.8 4049.26 4064.58 4085.01 4106.77 4112.28 4102.69 4088.99 4075.88 4058.27 4051.95 4051.45 4052.75 4041.85 4030.78 4025.39 4024.83 4026.46 4026.66 4025.27 4025.09 4026.17 4028.3 4032.7 4038.32 4043.3 4049.88 4056.63 4063.52
3973.87 3976.65 3982.26 3986.29 3988.39 3985.78 3985.64 3986.2 3986.89 3987.11 3986.44 3986.18 3985.79 3985.51 3985.22 3986.37 3989.23 3990.97 3991.84 3998.82 4012.02 4026.57 4039.62 4044.24 4050.21 4048.95 4047.19 4044.49 4038 4031.15 4025.95 4020.97 4017.76 4016.21 4015.63 4016.19 4018.26 4022.42 4029.48 4039.99 4054.99 4071.99 4086.39 4096.85 4093.71 4082.28 4071.38 4061.9 4054.29 4050.71 4050.11 4040.26 4028.32 4020.8 4021.3 4021.75 4021.76 4022.16 4022.93 4025.28 4029.08 4032.89 4036.36 4039.88 4047.74 4054.23 4060.55
