real_craters/C087-300m.grd
DSAA
204 204
-30.5025 30.5025
-30.5025 30.5025
10851.328568561 12251.7767863
[rows 30 to 59 of 204, columns 67 to 133 of 204]
11918.2 11917.5 11916.6 11915.4 11913.8 11912.1 11910.4 11908.4 11906.4 11904.2 11902 11899.6 11897 11893.9 11892.6 11891.8 11892 11889.8 11888.8 11888.1 11886.6 11885.4 11884.3 11883.9 11885.1 11887 11885.6 11884.9 11884 11882.6 11880.7 11877.5 11875.4 11874.1 11872.8 11871.2 11869 11870.1 11870.9 11871.4 11871 11869.1 11865.6 11861.2 11857.2 11853.8 11851.1 11848.3 11848.4 11849.6 11851.2 11853.1 11855.4 11859.3 11862.9 11867.1 11870.7 11874.3 11866.2 11856 11846.7 11839.5 11835.1 11833.2 11833.8 11835.3 11836.6
11917.3 11916.6 11916 11915 11913.6 11912 11910.3 11908.3 11906.4 11904.4 11902.4 11900.4 11898.5 11896.4 11894.2 11892.7 11891.8 11890.5 11889.4 11888.4 11886.6 11884.5 11882.6 11881.3 11881.2 11880.9 11882.7 11883.2 11882.7 11880.7 11877 11873.5 11873.5 11873.7 11873.3 11873 11872.7 11872.4 11872.7 11873.1 11872.9 11871.2 11867.5 11862.4 11858.5 11855.3 11852.7 11849.9 11849.8 11850.5 11851.7 11853.5 11856.1 11860.4 11866.3 11876.9 11894.5 11894.3 11874 11859.2 11848.5 11840.2 11834.4 11833.7 11834.3 11835.3 11836.3
11916.7 11916.1 11915.5 11914.6 11913.2 11911.7 11910 11908.3 11906.5 11904.6 11902.9 11901.2 11899.7 11898.7 11895.2 11892.6 11890.8 11890.3 11889.6 11888.5 11886.2 11883.5 11880.9 11878.5 11877.9 11880.3 11881.6 11882.3 11882.5 11881.7 11878.6 11874.5 11874 11874.1 11874.1 11874.7 11875.4 11874.3 11874.3 11874.7 11875 11873.6 11867.7 11862.1 11859.1 11856.4 11854.7 11854.2 11851.6 11851.2 11852 11853.3 11855.4 11858.4 11863.3 11870.6 11880.1 11879.1 11866.8 11855.9 11847.6 11840.9 11836.1 11835 11834.8 11835 11835.9
11917.5 11917 11915.5 11914.1 11912.6 11911.2 11909.6 11908 11906.4 11904.9 11903.3 11901.5 11899.7 11897.6 11895 11892.2 11890.5 11889.9 11889.6 11888.6 11885.8 11882.8 11879.9 11877.6 11877.2 11878.9 11880.6 11882 11882.8 11882.6 11880.7 11878.2 11876.2 11874.9 11874.3 11874.2 11874.3 11874.5 11874.8 11875.2 11875.7 11875.9 11868.8 11862.9 11859.7 11857 11854.6 11853.1 11851.9 11851.3 11851.5 11852.6 11853.7 11854.9 11855.9 11855 11853.6 11852.6 11851.6 11848.4 11844.7 11841.4 11839 11837.4 11835.6 11834.2 11833
11916.8 11916 11914.9 11913.6 11912.2 11910.7 11909.2 11907.6 11906.1 11904.8 11903.2 11901.6 11899.7 11897.3 11894.8 11891.6 11889.8 11889.5 11889 11887.7 11885 11882.1 11879.3 11877.3 11877 11877.8 11879.8 11882.3 11883.7 11884 11882.4 11880.4 11877.7 11875.4 11874.1 11873.3 11873.3 11873.8 11874.4 11874.7 11874.2 11872.2 11868.9 11864.5 11860.7 11856.9 11853.6 11851.7 11851.2 11851 11851.2 11851.5 11851.9 11851.4 11850 11846.1 11841.2 11837.8 11839.3 11840.7 11841.1 11841.1 11841.5 11839.5 11836.2 11833.6 11832.2
11916 11915.7 11914 11912.7 11911.3 11909.9 11908.6 11907.3 11905.9 11904.4 11903.1 11901.7 11900.1 11897.9 11895.1 11892.4 11890.4 11889.3 11888.2 11886.5 11884.2 11881.5 11878.9 11876.6 11876.9 11878.6 11881 11883.3 11885.4 11884.7 11883.8 11880.6 11877.5 11875.3 11873.5 11872.3 11872.2 11873 11873.8 11874.4 11874 11871.7 11869.8 11866.7 11861.8 11857.2 11852.6 11850.4 11850.7 11850.9 11851.1 11851.3 11850.9 11849.8 11847.4 11843.2 11837 11830.9 11832.3 11835.8 11838 11839.5 11840.7 11839.1 11835.7 11833.1 11831.2
11914.6 11913.2 11913.1 11912 11910.6 11909.2 11907.9 11906.4 11905.1 11903.8 11902.6 11901.6 11900.3 11897.9 11895.1 11893.8 11891.1 11889.2 11887.7 11885.8 11883.5 11881 11878.9 11877.9 11877.6 11878.9 11881.3 11883.5 11887.2 11891.8 11886 11881.4 11877.9 11875.1 11872.7 11871.2 11871.1 11872.1 11873.2 11874.2 11875.1 11874.5 11870.9 11867.1 11862.5 11857.8 11854.2 11851.8 11851 11851.1 11851.4 11851.4 11851 11849.7 11847.5 11844.5 11838.3 11832 11832.4 11834.6 11836.3 11837.5 11837.5 11836.3 11834.6 11832.5 11831
11914.4 11914.8 11912.9 11911.3 11909.8 11908.6 11907.1 11905.6 11904.4 11903.2 11901.9 11900.7 11898.7 11896.5 11893.6 11890.4 11889.4 11888.4 11887.4 11885.3 11882.8 11880.3 11878.4 11878 11877 11877.6 11879.1 11881.5 11884.4 11887.3 11884.7 11881.7 11878.4 11875 11871.7 11869.3 11869.7 11871.1 11872.7 11873.9 11874.3 11873.4 11870.9 11867.3 11863 11858 11853.4 11852 11851.8 11852.1 11852.4 11852.4 11851.8 11850.6 11848.7 11846.1 11841.4 11838.5 11836.4 11835.3 11835.9 11836.6 11836.2 11835.4 11834.7 11832.6 11830.2
11913.7 11913.2 11911.8 11910.4 11909 11907.7 11906.2 11904.8 11903.5 11902.3 11901 11899.7 11898.2 11895.2 11891.9 11889.1 11888 11887.3 11886.1 11884.4 11882 11879.4 11876.7 11874.4 11875.2 11875.8 11876.8 11879 11879.8 11879.1 11882 11881 11878.4 11875 11871.2 11868.1 11869 11870.7 11872.3 11873.5 11874.1 11872.9 11870.6 11868.3 11863.4 11858.2 11854.1 11852.9 11852.9 11853.1 11853.4 11853.5 11853.2 11852.1 11850 11846.8 11842.9 11839.3 11836.4 11835.3 11835.8 11836.8 11838 11838.5 11836.3 11834.5 11833.9
11912.5 11910.9 11910.1 11909.6 11908.4 11907.1 11905.6 11903.9 11902.7 11901 11899.7 11898.4 11897 11893.8 11890.5 11887.9 11887 11886.7 11886.2 11883.9 11881.3 11878.7 11876.2 11874.6 11874.2 11874.5 11874.9 11877.7 11881.1 11882.4 11881.7 11881.2 11879.8 11876.1 11871.6 11868.8 11869.5 11871 11872.3 11873 11873.4 11871.6 11868.9 11865.8 11861.8 11858 11854.9 11854.5 11854.5 11855 11855.5 11855.8 11855.7 11854.9 11852.5 11848.9 11844.4 11839 11835 11835.1 11836.1 11837.4 11839.1 11839.8 11837.3 11834.5 11833.5
11911.9 11910.7 11909.6 11909 11907.8 11906.3 11904.7 11903 11901.3 11899.7 11898.1 11896.5 11894.7 11892.1 11889.3 11886.8 11886.1 11885.7 11885.2 11883.1 11880.8 11878.5 11876.3 11874.7 11874.1 11873.9 11874.5 11875.9 11880.2 11881.8 11880.6 11881 11880.9 11877.6 11872.8 11869.9 11871.1 11872.3 11872.9 11872.8 11871.3 11869.8 11866.8 11862.8 11859.7 11858.1 11857.3 11856.8 11857 11857.5 11858 11858.4 11858.7 11858.6 11857.3 11852.6 11847.7 11841.2 11836.5 11835.9 11836.8 11838.1 11839.4 11839.6 11837.7 11834.6 11833.4
11911.4 11911.4 11910.4 11909 11907.3 11905.5 11903.7 11901.8 11900 11898 11896.2 11894.4 11892.4 11890.2 11888.4 11886.8 11885 11884.1 11883.2 11881.9 11880.3 11878.5 11877.1 11875.7 11874.3 11873.3 11872.6 11871 11869.9 11873.4 11877.3 11880.1 11881.7 11880.4 11876.4 11873.8 11874.9 11875.1 11874.8 11873.9 11872.2 11869.6 11866.3 11862.5 11860 11858.8 11858.2 11859.7 11860.3 11860.6 11859.9 11860 11860.5 11862 11865.1 11862.4 11851.9 11843.9 11838.6 11837.3 11838 11839.1 11840.1 11839.8 11839 11837.7 11835.8
11911.3 11911.8 11911.3 11908.9 11906.7 11904.6 11902.6 11900.5 11898.4 11896.3 11894.2 11892.2 11890.2 11888.1 11885.8 11884.4 11883.5 11882.5 11881.7 11880.9 11879.8 11878.6 11876.9 11875.9 11874.9 11873.5 11870.7 11867.8 11862.8 11868.8 11875.2 11879.6 11882.7 11884.4 11884.8 11882.9 11880.6 11878.9 11877.4 11875.9 11873.9 11870.7 11867.2 11864 11862.6 11862.9 11862.7 11864.2 11863.9 11863.3 11862.8 11862 11861.4 11861.3 11863.7 11861 11852.4 11845.3 11840.2 11839.1 11839.8 11840.8 11841.7 11842.2 11840.9 11839.2 11836.8
11910.7 11910.7 11909.9 11907.9 11905.8 11903.7 11901.5 11899.4 11897.1 11894.8 11892.3 11890 11887.9 11886 11885 11883.4 11882.3 11881.4 11880.8 11880.4 11879.8 11879.1 11878.7 11877.4 11876.3 11875.3 11874.4 11873.4 11873.6 11872.8 11876.2 11880.1 11883.8 11888.3 11893.1 11890.9 11885.8 11882.2 11879.7 11878 11875.8 11872.7 11869.3 11865.9 11865.1 11871.6 11873.9 11869.8 11867.9 11866.2 11864.7 11863.1 11860.8 11857.3 11851.7 11851.1 11849.7 11846.2 11843.1 11841.9 11841.9 11842.7 11843.5 11844 11841.3 11836.8 11836
11909.6 11908.9 11907.3 11906.4 11904.6 11902.7 11900.5 11898.3 11895.7 11893.2 11890.7 11888 11885.9 11884 11882 11881.6 11881.3 11881.1 11880.8 11880.5 11880.2 11879.8 11879.1 11878.7 11878.1 11877.6 11877.6 11877.3 11875 11876.1 11878.4 11881.3 11884.3 11888.7 11897.2 11893 11887.4 11883.6 11880.9 11879.4 11877.8 11875.2 11872.7 11869.2 11863.6 11867.8 11872.9 11873.6 11871.3 11868.9 11866.8 11864.5 11861.6 11856.9 11848.5 11848.7 11849.3 11847.5 11845.7 11843.9 11843.7 11844.6 11845.3 11844.8 11841.2 11835.2 11836.8
11908.4 11907.6 11907.9 11905.1 11903.5 11901.7 11899.4 11897.1 11894.8 11892.3 11889.6 11887.3 11884.9 11882.9 11881.1 11880.7 11880.9 11880.5 11880.7 11880.7 11880.7 11880.7 11880.7 11880.1 11879.7 11879.3 11879 11877.9 11877.1 11878.6 11880.7 11882.8 11884.6 11885.5 11883.8 11886.7 11885.4 11883 11881 11879.2 11878.1 11877.6 11877.6 11879.2 11886.3 11891.8 11883 11877.2 11873.8 11871 11868.7 11866.7 11864.3 11862.1 11861.9 11855.8 11852.9 11850 11845.6 11843.7 11846.5 11847.5 11847.5 11847.3 11845.6 11841.5 11841.9
11907.6 11906.2 11902.8 11903 11902.5 11900.9 11898.9 11896.7 11894.5 11892.1 11889.4 11885.4 11884.9 11883.2 11880.9 11880.8 11881.5 11883.1 11881.6 11880.8 11880.9 11881.4 11881.8 11881.3 11880.9 11880.9 11880.8 11880.2 11880.3 11881.6 11883.2 11884.9 11886.2 11885.6 11881.8 11882.7 11883.2 11882 11880.2 11879.2 11878.8 11879.3 11881.1 11884.9 11891.2 11884.2 11881.9 11878.5 11875.8 11873.3 11870.9 11869 11867.1 11865.6 11864.1 11860.9 11857.6 11855.2 11853.1 11852.2 11852.7 11851.1 11849.9 11849.6 11851 11852.6 11850.1
11907.6 11906.7 11905.5 11904.8 11903 11900.9 11898.7 11896.5 11894.2 11892.2 11890.6 11889.7 11887.1 11885.4 11883.7 11881.2 11879.8 11881.4 11880 11879.9 11880.6 11881.5 11882 11881.9 11881.8 11882.2 11883.1 11884.8 11884.8 11884.7 11885.4 11887.2 11887.8 11887.1 11883.4 11882.8 11883 11881.9 11879.7 11876.8 11878.3 11880.5 11882.1 11882.7 11879.8 11876 11877.1 11877.8 11876.7 11874.7 11872.8 11871 11869.1 11867.1 11865.2 11863 11860.9 11860.1 11862.5 11867.4 11857.5 11853.4 11851.6 11851.3 11855 11863.1 11856.6
11907.8 11907.9 11908.8 11907.7 11904 11901.1 11898.5 11896.1 11893.9 11891.9 11891.2 11891.4 11888.9 11887.5 11885.8 11882.2 11875.4 11869.2 11875.7 11878.7 11880.1 11881.3 11881.9 11881.8 11882.1 11882.8 11884.1 11885.6 11885.3 11886.9 11887.9 11889 11889 11887.9 11884.7 11884.8 11884.8 11884.3 11882 11879.4 11880.9 11882.9 11883.8 11882.8 11879.2 11876.8 11877.8 11878.4 11877.8 11876.1 11874.7 11873.1 11871.3 11868.3 11865.1 11864.3 11862.6 11861.2 11859.9 11854.4 11856 11854.1 11852.2 11851.7 11856.8 11860.6 11856.3
11907.9 11907.9 11907.9 11906.5 11903.6 11901 11898.4 11895.9 11893.3 11891 11889 11888.5 11889.2 11889 11888.1 11886.5 11884.7 11880.1 11879.2 11879.6 11879.9 11880.3 11880.7 11881.2 11881.7 11882.8 11884 11885.5 11888.2 11889.5 11890.5 11891.3 11891 11889.2 11887.4 11888 11888.4 11888.7 11888.1 11884.1 11886.7 11887.3 11887.6 11887.4 11886.2 11883.2 11881.4 11880.3 11879.9 11878 11876.3 11875 11874.2 11873.2 11870.2 11866.5 11863.4 11860.7 11859.3 11859.5 11856.3 11854 11851.8 11849 11844.7 11849 11851.5
11907.8 11907 11905.8 11904 11902.3 11900.5 11898.4 11896.1 11893.5 11890.5 11887.6 11887.4 11890.4 11891.5 11891.3 11890.8 11892.2 11892.3 11884.4 11881 11879.8 11879.9 11879.8 11880.2 11881.1 11882.4 11884.1 11886.5 11890.4 11892.5 11893.6 11894.1 11894.6 11893.5 11892.5 11892.4 11892.4 11893.5 11897.4 11900.6 11894.4 11892.2 11891.8 11892.7 11895.9 11891.1 11885.5 11883.8 11882.1 11880.1 11877.5 11875.4 11874.8 11879.7 11876.1 11867.3 11862.7 11859.6 11856.8 11855.4 11853.4 11853.7 11853.7 11850.8 11844.1 11844.8 11848.3
11907.8 11906.4 11904.3 11902.1 11901.3 11900.2 11898.6 11896.5 11894.1 11891.5 11889.3 11890 11893.5 11897.8 11896 11892.4 11888.2 11885.5 11883.7 11880.8 11878.8 11878.3 11878.2 11879 11880.2 11881.9 11884.4 11888.7 11894.4 11896.1 11896.5 11897.2 11898.4 11901.1 11899.2 11897.1 11895.4 11895.2 11897.9 11901.3 11896.3 11894.5 11894.5 11895.2 11895.7 11889.4 11888.6 11888 11885.5 11882.3 11878.4 11873.9 11869.3 11864.4 11864.7 11862.9 11860.4 11857.5 11854.2 11848.8 11849.6 11854.8 11858.4 11860.1 11854.3 11850.4 11849.4
11908.2 11906.6 11904.5 11902 11901.7 11900.9 11899.4 11897.5 11895.4 11893.5 11892.6 11893 11895.2 11897.8 11896.7 11893.1 11889.3 11885.9 11883.2 11880 11876.8 11874.8 11875.9 11877.7 11879.7 11881.8 11884.4 11889.1 11898.7 11899.6 11899.6 11899.3 11899.7 11902.7 11903.1 11900.6 11897.6 11893.9 11889.1 11888.4 11893.2 11895.1 11896.4 11897.2 11897.2 11895.6 11895.8 11893.9 11890.3 11885.7 11880.4 11873.9 11865 11853.7 11855.9 11858.9 11858.5 11856.8 11854.9 11853.1 11854.6 11857.9 11862.8 11872 11881.9 11860.2 11851.8
11909.1 11908 11906.4 11904.7 11903.7 11902.9 11901.3 11899.1 11897 11895.4 11894.1 11894.5 11895.2 11895.5 11895.1 11893.2 11890.8 11887.3 11883.7 11880 11876 11872.4 11875.1 11877.7 11880.1 11882.7 11885.6 11890.5 11901.2 11901.6 11901.3 11900.2 11898.3 11896.7 11902.3 11904 11900.3 11894.5 11889 11888.3 11892.3 11895.8 11898.3 11900.1 11902.6 11907.3 11906.2 11902.1 11896.1 11890.1 11883.7 11876.7 11869.2 11864.3 11860.2 11859.9 11859.5 11858.2 11857.2 11859.2 11862.4 11858 11860.5 11866.6 11868.7 11855.5 11852.1
11910.2 11910.3 11909.8 11907 11907.9 11906.3 11903.4 11900.7 11898.5 11897.2 11896.7 11895.7 11895.5 11895.6 11894.4 11892.9 11890.8 11887.9 11884.8 11881.6 11878.8 11876.7 11877.4 11879.2 11881.4 11884.4 11888.7 11894.7 11899.8 11901.9 11902.7 11902.2 11900.7 11901.6 11913.9 11911.9 11904.2 11897.2 11892.2 11891.8 11894.7 11898.5 11901.9 11904.5 11907 11915.6 11915.7 11909.3 11901.7 11894.8 11888.4 11881.9 11875.4 11868.6 11866.4 11864.3 11862.4 11860.1 11857.4 11854.1 11849.3 11852.3 11853.5 11851.6 11850.8 11855.3 11852.4
11911.6 11912.6 11914.5 11919.9 11917.1 11909.5 11905 11902 11899.8 11898.5 11897 11896.5 11895.4 11894.5 11894.1 11893 11891.3 11888.7 11886.1 11883.9 11882.9 11882.2 11881 11881.7 11883.3 11885.7 11888.7 11893.4 11897.6 11902.6 11905.4 11906.3 11906.9 11913 11925.3 11915.9 11906.4 11899.6 11895.6 11895.9 11899 11903.3 11907.2 11910.9 11915.3 11921.7 11921.5 11914.5 11906.3 11899.4 11893.6 11888.4 11883.8 11879.1 11873.9 11870.1 11866.4 11863 11859 11853.5 11848.2 11850 11850.5 11846.5 11846.8 11855.2 11851.3
11912.8 11913.5 11914.8 11916.6 11913.8 11908.8 11905.1 11902.6 11900.7 11900 11900 11898.3 11896.5 11895 11894.8 11894 11892.4 11889.6 11887.3 11885.7 11885 11884.5 11883.9 11884.1 11885.4 11887.2 11890 11894.7 11901 11906.2 11910.1 11912.2 11911.7 11911.7 11912.7 11910 11905.5 11900.7 11898.2 11899.9 11904.1 11909 11913.7 11917.7 11922.3 11927 11925.7 11916.1 11908.3 11902.2 11897.6 11893.9 11891.6 11888.1 11881 11875.5 11871.5 11867.5 11863.7 11858.8 11852.7 11855.2 11855.5 11853.3 11850.8 11849.3 11846.9
11914.2 11913.6 11912 11908.4 11905.1 11905.3 11904.4 11903 11901.5 11900.3 11900.7 11901.8 11901.1 11899.6 11897.9 11895.2 11892.8 11890.6 11888.8 11887.2 11886 11885.7 11886 11886.9 11888.2 11889.9 11891.4 11897 11903.9 11910.3 11916.2 11920.8 11922.4 11918.9 11911 11907.8 11906.1 11902.1 11900.3 11904.6 11910.3 11915.9 11920.6 11923.2 11923.4 11923.9 11919.1 11912.5 11907.7 11903.6 11900.2 11897.5 11895.6 11892.1 11886.3 11881.3 11876.7 11873 11870 11868.4 11868.8 11866.6 11863.9 11862.5 11855.6 11847.2 11843
11916.4 11914.3 11910.6 11906.2 11904.1 11903.5 11904.5 11904.9 11904 11901.6 11903.8 11909.1 11910.2 11908.3 11904 11897.9 11893.6 11892.4 11890.9 11889.3 11887.8 11888.1 11889.1 11890.3 11891.9 11894.2 11897.6 11901.4 11907 11914 11922.6 11931.2 11936.1 11932.2 11922.5 11916.7 11912.4 11907.1 11904.8 11912 11918.5 11923.6 11928.1 11932.4 11929.9 11918.5 11908.2 11907.5 11906.5 11904.4 11901.9 11899.2 11897.6 11894.4 11890.1 11886.3 11882.6 11879.3 11876.8 11876.2 11877.3 11873.9 11868 11864.9 11856 11846 11840.9
11920.1 11916.3 11911.5 11905.7 11900.1 11903.7 11906.6 11908.9 11910.7 11909.9 11914.7 11921.9 11925 11921 11913.3 11904.4 11898.7 11896.3 11894.2 11892.7 11892.6 11892 11892.6 11894.3 11896.1 11898.7 11902.4 11905.7 11911.1 11918.5 11926.6 11938.8 11955.2 11946.3 11934.5 11927.1 11922.5 11919.5 11919 11924.8 11928.8 11931.9 11934.2 11935.4 11930.9 11919 11908.8 11907.6 11907.6 11906.6 11904.5 11900.6 11894.2 11893.9 11893.3 11891.4 11888.3 11884.9 11881.8 11879.5 11878 11873.3 11865 11857.3 11852 11846.3 11841.7
