real_craters/C087-500m.grd
DSAA
123 123
-30.5025 30.5025
-30.5025 30.5025
10847.821650486 12272.588135956
[rows 30 to 59 of 123, columns 0 to 66 of 123]
12018 12010.9 12006 12003.6 12000.6 11997.5 11993.9 11990.3 11986.4 11982.5 11978.7 11975 11971.5 11967.9 11963.5 11959 11955 11951.1 11948.2 11945.8 11943.4 11940.6 11937.6 11934.6 11931.9 11928.7 11921.1 11923.1 11922.5 11921.2 11919.8 11917.9 11915.4 11912 11910.6 11910.6 11911.3 11909.9 11908 11908.1 11908 11906.9 11904.4 11901.4 11897.9 11893.8 11889 11888 11891.2 11890.8 11893.5 11885.1 11880.2 11880 11880.2 11881.7 11884.4 11889.6 11892.9 11893.9 11893.3 11892 11892.1 11896 11896.4 11891.7 11892.1
12017.8 12009.5 12004 12001.1 11998.3 11995 11992.3 11988.7 11984.8 11980.8 11977 11972.9 11969.3 11966.3 11962.5 11958.1 11953.5 11950 11947.3 11945.4 11943 11940.4 11937.2 11933.4 11928.7 11924 11923.5 11921.9 11920.3 11919 11919 11917.3 11915.2 11913.1 11908.2 11907.4 11907.6 11910.7 11911.4 11910.6 11908.6 11905.9 11902.1 11900.9 11898.5 11895 11891.7 11892.3 11898.5 11894.8 11887.3 11883.6 11878.8 11876.4 11878 11880.7 11885 11896.1 11898.6 11898.7 11902.4 11900.6 11896.4 11892.8 11894 11895.1 11896.3
12012.3 12006.2 12002.5 11999.3 11996.2 11993 11989.8 11986.9 11983.1 11979.4 11975.4 11970.9 11966.5 11964.9 11962.2 11956.8 11951.7 11948.5 11946.6 11944.8 11942.9 11940.4 11937.5 11933.5 11927.9 11922.1 11923.2 11922 11920.7 11919.7 11918.5 11917.2 11915.3 11909.5 11907.8 11906.7 11907.5 11911.4 11912.3 11911 11909.7 11908.2 11905.4 11904.2 11901.1 11897.7 11895.1 11894.9 11895.2 11894.1 11890.2 11884.4 11878.3 11873 11877.5 11881.8 11886.9 11899.9 11901.8 11900.2 11895.8 11905.1 11900.2 11890.4 11890.6 11896.7 11900.7
12012.6 12007.2 12002 11997.8 11995 11991.8 11988.7 11985.1 11981.4 11977.8 11974.1 11970.5 11968.8 11964.1 11960.1 11955.5 11951.6 11948.3 11946.2 11944.7 11943.2 11941.6 11939.6 11936.5 11931.6 11925.1 11923.2 11922.2 11921.1 11920 11919.3 11918.5 11917.2 11914 11908 11907.4 11908.1 11909.8 11909.4 11909.2 11911.1 11912.7 11918.1 11912.1 11904.2 11899.9 11897.5 11896.2 11894.8 11893.6 11890.8 11886.3 11882.9 11881.4 11881.3 11884.3 11889.4 11897.2 11904.1 11905.9 11910.7 11922.6 11905.1 11895.7 11896.8 11903.4 11909.6
12013.7 12008.4 12002.1 11998 11994.4 11990.9 11987.8 11984.3 11980.7 11977 11973.5 11970.2 11966.7 11963 11959.5 11954.6 11950.2 11947.1 11946.1 11945.4 11944.7 11943.8 11942.9 11941.5 11939.9 11935.1 11931.2 11925.6 11921.8 11920.5 11920 11920 11919.5 11917.5 11912.6 11909.6 11909.7 11913.5 11912 11912.3 11913.3 11913.5 11911.8 11907.6 11904.3 11901.2 11900.4 11899.9 11897.1 11895.4 11892.4 11888.4 11886 11885 11885.5 11887.7 11891.4 11901.6 11911.2 11917.1 11914.3 11908 11904.7 11899.3 11904.7 11913.5 11920.3
12007.8 12003.3 12000 11996.7 11993 11989.3 11986.7 11983.2 11979.6 11976 11972.5 11969.1 11965.5 11961.7 11956.9 11953.2 11950 11947.6 11946.4 11945.7 11945.2 11944.9 11945.2 11946.3 11949.8 11958 11946.3 11925.2 11921.8 11920.9 11921 11921.4 11921.6 11921.5 11918.4 11913.1 11910.8 11910.7 11912.8 11913.9 11917.8 11913.7 11906.5 11903 11905.1 11905.3 11902.3 11912.4 11911.4 11902.4 11894.2 11891.8 11889.3 11889 11891 11894 11899.7 11907.1 11919.5 11935.1 11937.1 11924 11913.7 11906.9 11917.8 11926.3 11933.4
12006.6 12001 11998.3 11995.7 11992.3 11988.6 11985 11981.7 11978.2 11974.8 11971.5 11968.1 11964.8 11960.7 11957.3 11953.5 11950.2 11947.7 11946.9 11946.1 11945.7 11945.3 11945.8 11947.2 11949.8 11951.1 11937.8 11924.6 11922.1 11921.4 11920.9 11921.7 11922.1 11920.5 11924.1 11922.8 11918.9 11913.2 11918.2 11933.2 11925.9 11918.1 11909.7 11906.5 11910.7 11917.9 11931.3 11936 11933.6 11917.5 11904.7 11898 11895 11895.6 11897.8 11901.1 11905.4 11911.4 11921.1 11937.7 11944.1 11928.3 11934 11939.3 11940.5 11940.1 11936.9
12008.3 12002.1 11997.1 11993.3 11990 11986.5 11983.2 11980 11976.9 11973.8 11970.6 11967.2 11963.7 11960.2 11956.2 11952.6 11951 11949.7 11948 11946.7 11945.8 11945.2 11944.9 11944.5 11943 11937.3 11930.2 11926.7 11922.5 11920.8 11920.7 11922.2 11924.2 11920.7 11931.2 11959.3 11942.2 11920.6 11921.6 11944.6 11931.6 11923.4 11918.1 11916.3 11917.2 11921.1 11928.5 11945.1 11942.9 11920.6 11911.2 11904.9 11901.5 11903.3 11907.4 11911 11914.7 11917.5 11922.1 11927.4 11931.1 11936.1 11956.9 11971.7 11962.4 11953.5 11945.1
12005.4 11999.7 11994.8 11991.3 11987.8 11984.8 11981.8 11978.6 11975.2 11972.4 11969.7 11966.7 11963.6 11960.2 11956.8 11954.4 11952.5 11951.6 11948.8 11946.7 11945.3 11944.2 11943.1 11941.7 11938.6 11933.5 11927.7 11923.7 11921.8 11921.6 11921 11920.9 11920.3 11920.5 11925.8 11928.5 11933.1 11923.7 11922.6 11930.4 11929.3 11925.8 11923.2 11920.5 11922.6 11923 11925.6 11926.3 11928.9 11932.2 11921.4 11914.6 11906 11915.3 11921.6 11924.2 11926.8 11930.6 11932 11932.5 11937.2 11944.5 11966.2 11984.4 11974.5 11966.2 11953.9
12000.3 11995.4 11992.4 11988.6 11985.3 11982.1 11979.7 11977.1 11974.2 11971.5 11968.7 11965.9 11962.8 11960.1 11957.6 11954.8 11953 11950.9 11948 11945.9 11944.5 11943.2 11941.7 11939.6 11936.3 11931.9 11927.4 11923.5 11923.2 11922.5 11921.6 11920.6 11919.9 11917 11920.7 11920.2 11924.6 11925 11925.3 11919.8 11921.8 11926.3 11929.2 11930 11930 11927.9 11928 11931.4 11926.4 11918.3 11924.5 11932.9 11950.8 11939.5 11942.2 11949.1 11952.2 11953.4 11951.7 11953.5 11955.7 11953 11953.3 11970 11986.4 11987.4 11978.3
11992.1 11990.7 11989 11986.6 11984.6 11982 11979.2 11975.9 11973.1 11970.4 11967.6 11964.9 11962.3 11959.7 11957.9 11956.7 11952.2 11948.2 11945.8 11944 11942.6 11941.1 11939.3 11937.1 11935.2 11932.1 11929.8 11929.5 11926.3 11924.2 11922.9 11922 11921.7 11922.8 11924.1 11927.5 11925.3 11924.2 11918.8 11916.6 11920.3 11928.9 11935.3 11941.5 11937.5 11933.1 11930.6 11927.6 11926.1 11920.3 11927 11935.2 11941.4 11954.7 11960.7 11966.8 11976.1 11984.3 11998.4 12003.7 11991 11972 11958.7 11989 12010.2 12021.1 12022.5
11991.4 11988.4 11986.3 11984 11981.4 11978.9 11976.3 11973.7 11971.4 11969.1 11966.6 11964.2 11961.9 11959.9 11957.3 11954.2 11950.2 11945.5 11943.1 11942.3 11941.4 11940 11937.5 11935.4 11933.4 11931.6 11930 11927.9 11926.1 11924.7 11923.5 11922.2 11919.5 11920.3 11923.6 11925.5 11925.1 11922.9 11918.6 11925 11929.9 11933.5 11937.7 11944 11939.1 11925.4 11932 11935.1 11932.4 11932.1 11932.9 11935.1 11943.7 11965.4 11979.7 11995.8 11993.3 12000.2 12009.9 12010.9 12016.9 12019.7 12029.3 12035.7 12042 12035.7 12028.7
11988.9 11985.6 11982.9 11981.4 11979.2 11976.4 11974.1 11971.8 11969.2 11966.9 11964.5 11962.5 11960.5 11958.5 11955.6 11952.5 11948.7 11945 11942.8 11941.4 11940.3 11938.8 11936.9 11935.1 11933.5 11931.7 11929.6 11926.9 11925.2 11924.7 11924 11922.4 11920 11919.4 11923.4 11925.5 11924.6 11923.9 11930.4 11932.1 11937.5 11936.3 11935.3 11933.5 11936 11939.8 11940.2 11939.6 11939.6 11940.7 11944.5 11946.3 11957 11980.8 12001.9 11997 12000.4 11992.6 12002.7 12002.5 12003.8 12040.7 12089.4 12082.7 12079.9 12065.7 12049.5
11985.3 11982.8 11981.1 11978.9 11976.7 11973.9 11971.6 11969.5 11967.5 11965.6 11963.4 11961.1 11958.5 11955.9 11953.3 11951.4 11948.5 11944.6 11942 11941.8 11940.7 11938.8 11936.7 11934.6 11932.9 11931.6 11930.9 11928.6 11927.2 11927.9 11925.6 11923.9 11920.1 11919.5 11923.9 11925.4 11923.8 11920.6 11917.8 11927.1 11936.2 11935.4 11931.7 11929.2 11935.7 11952.3 11949.7 11948 11947.9 11953.6 11963.3 11965.9 11972.9 11990.4 12020.8 12054 11988.2 11945.2 11934.1 11920.8 11925 11966.8 12057.3 12048.4 12083.9 12158.4 12140.3
11987.2 11983.5 11979.6 11977.1 11975 11972.9 11970.8 11968.7 11966.6 11964.4 11962.3 11960.1 11957.5 11952.9 11952 11950.9 11948.4 11946.4 11944.2 11944.5 11942.1 11939.2 11936.4 11934.1 11932.2 11930.8 11930.8 11934 11938.8 11931.5 11927.5 11923.9 11917 11920.8 11929.5 11929.5 11925 11920 11916.1 11922.8 11932.5 11933 11929.2 11922.9 11923 11939.8 11958.2 11961.6 11956.2 11966.4 11988 11999.7 11988.3 11971.5 11967.5 11964.5 11908.4 11850.4 11792.6 11769.9 11798.7 11803.9 11822.6 11896.2 11987.1 12121.1 12107.7
11981.5 11978.6 11977.3 11975.2 11973.3 11970.9 11968.9 11967 11965.3 11963.6 11961.8 11959.9 11958.2 11957 11955 11952.5 11952.3 11953.5 11957.5 11949.7 11943.6 11939.5 11936.4 11933.7 11931.5 11929.5 11927.5 11928.3 11931.9 11931.9 11929.1 11925.7 11929.9 11931.6 11933.5 11932 11927.1 11922.2 11918.9 11922.7 11931.6 11933.9 11931.7 11928.1 11928 11941.1 11969.7 11978.7 11971.4 11985.4 12008.3 12019.6 11982 11925.3 11863.7 11815.1 11794.1 11750.5 11697.8 11680.6 11684.7 11664.1 11648.6 11715.5 11785.7 11830.2 11881.8
11979 11977.6 11975.3 11973.1 11971.3 11969.6 11967.9 11966.3 11964.7 11964.1 11962.2 11960.5 11958.2 11957.9 11956.5 11952.5 11950.3 11952.1 11948.8 11946.8 11942 11938.3 11935.3 11933.2 11930.9 11928.9 11927.4 11928.6 11929.6 11933.3 11934.4 11928.9 11950 11939 11934.7 11932.5 11930.1 11926.9 11923 11925.6 11935.9 11940.4 11938.8 11938.6 11943.5 11954 11977.5 11992 11995.8 12007.3 12019 12003.9 11952.4 11875.3 11793.6 11731 11697.6 11664.9 11630.3 11619.3 11602.8 11573.3 11553.8 11571.8 11594 11608 11671.5
11976.7 11977.1 11973 11971.5 11970 11968.2 11966.9 11965.3 11964 11962.9 11961.1 11959.7 11958 11955.7 11951.9 11950 11947.2 11945.3 11941.9 11940.6 11938.5 11935.9 11933.7 11931.5 11929.8 11928.2 11927.6 11928.8 11931.5 11935.6 11943 11967.6 11926.9 11930.9 11929.9 11933.7 11934.2 11934.6 11934.8 11936.2 11949.5 11948.1 11946.9 11948.8 11954.9 11969.7 11986 12005.6 12010.5 12016.4 12019.2 12011.6 11913 11819.3 11730.8 11661.2 11614.1 11585.3 11571.3 11579.9 11518.7 11511.7 11496.4 11473.7 11442.2 11447.9 11505.5
11973.8 11970.9 11970.5 11968.9 11967.8 11966.5 11965.6 11964.2 11963 11963.2 11961.7 11959.8 11957.6 11954.6 11951.5 11948.1 11944.9 11941.7 11938.6 11936.6 11935.3 11933.6 11932 11930.3 11928.5 11926.8 11925.5 11924.5 11927.9 11933.4 11938.3 11928.2 11923.6 11928.3 11936.2 11935.8 11937.8 11943 11954.3 11971.7 11952.9 11949.9 11956.1 11962 11969.4 11990.7 12013.7 12037.1 12034.3 12013 11976 11921 11841.9 11749.7 11650.8 11576.1 11517.4 11476.7 11471 11439.8 11382.1 11339.6 11338.5 11320.6 11296.1 11296.1 11364.9
11971.4 11970.2 11968.2 11966.6 11965.5 11964.6 11963.9 11963.5 11962.8 11962.2 11961.1 11959.4 11957.4 11954.5 11950.9 11947.1 11943.1 11939.3 11937.5 11935.4 11933.6 11932.3 11930.7 11929.4 11927.9 11926.2 11924.5 11923.5 11922.4 11928.9 11940.4 11942.8 11922.7 11926.2 11931.7 11934.5 11937.8 11943.5 11951.7 11953.5 11953.7 11958.2 11970.5 11980.3 11992.1 12013.5 12043 12073.3 12071.7 11997.5 11915.2 11833.3 11755.4 11673.9 11595.4 11493.2 11405.3 11331.4 11264.5 11235.9 11209.4 11186.5 11186.8 11190.3 11175.3 11193 11254.9
11967.9 11965.4 11964.4 11964 11963.2 11962.6 11962 11961.8 11961.5 11961.2 11960.8 11960.3 11958.9 11955.9 11951.2 11947.7 11944.8 11940.8 11936.7 11934 11932.1 11931 11930.1 11929.4 11928.3 11926.8 11925 11922.3 11921 11924.6 11933.3 11933.4 11925 11925.4 11928.4 11932 11935.9 11940.1 11944 11948.4 11960.5 11976.3 11989.4 12004.2 12016.9 12032.3 12050.3 12069.3 12042.7 11956.6 11846.9 11746.7 11663.3 11577 11495.1 11388.1 11286.1 11196.3 11129.7 11087.9 11059.3 11044.7 11055.6 11067.9 11058.6 11091.4 11161.7
11965.5 11964.1 11962.9 11961.6 11961 11960.6 11960.4 11960.1 11960.3 11960.4 11960.5 11960.9 11961.3 11960.6 11952.1 11954.2 11947.4 11938.6 11934.3 11931.6 11930.5 11930 11929.9 11929.5 11929.2 11928.5 11927.5 11927.5 11923.6 11923.2 11927.5 11936.2 11934.3 11927.3 11926.7 11930.2 11933.5 11936.9 11941.1 11948.4 11962.4 11982.5 12006.6 12031.6 12051.9 12062.5 12060.7 12051.3 11992.6 11894.1 11798.6 11681 11566.4 11464.1 11366 11269.3 11171 11072.5 11002.5 10969 10951.5 10948.1 10954.3 10941 10974.3 11020.5 11085
11962.9 11961.8 11960.3 11958.8 11958.7 11958.4 11958.3 11958.9 11959 11959.2 11959.3 11960.3 11962.5 11967.4 11979.8 11968.2 11949.1 11936.8 11931.4 11929.1 11929 11929.3 11929.5 11929.9 11930.2 11930.6 11930.3 11928.3 11926.4 11926.8 11929.5 11933 11935.8 11926.9 11927.1 11930.3 11932.9 11935.6 11939 11945.3 11964 11991.5 12020.2 12050 12073.8 12059.7 12039.9 11994.1 11909.4 11794.6 11686.6 11572.1 11455.8 11349.4 11254.5 11164.6 11079.6 10996.7 10940.8 10926.5 10923.3 10919.2 10923.4 10932.8 10946.5 10981 11027.5
11959.8 11957 11954.9 11955.2 11955.6 11955.4 11955.4 11955.6 11955.6 11955.3 11956 11957.7 11959.8 11963.5 11967 11960.6 11944.6 11932.2 11928.5 11927.7 11927.8 11928.8 11930 11930.8 11931.8 11932.7 11934.1 11935.6 11935.4 11931.1 11929.5 11928.4 11933.3 11940.8 11934.5 11932.9 11934 11936.5 11940.4 11947.9 11970.4 12005.9 12029.7 12042.2 12059.5 12066.4 12013.6 11898.3 11790.2 11674.1 11539 11443.4 11342.6 11238.5 11147.3 11081 11016 10955.8 10920.2 10913.6 10916.7 10919.4 10922.6 10933.7 10943.7 10962.5 10987.9
11958.3 11955 11952.7 11952.7 11952.9 11952.5 11952.4 11952 11951.9 11952.5 11952.4 11953 11953 11952.6 11949.7 11941.4 11934.7 11927.8 11925 11924.9 11927.1 11929.3 11930.8 11931.9 11932.9 11934 11935.7 11938.5 11933.5 11923.6 11925.3 11929.9 11932.4 11936.2 11935.3 11933.8 11935.2 11938.7 11945 11955.2 11980.2 12021.2 12042.2 12047.1 12073.3 12098.8 11970.3 11798.8 11687.4 11577.2 11465.2 11352.2 11247.7 11154.3 11078.1 11021.8 10976.9 10936.9 10913.9 10911.1 10916.1 10920 10926.7 10935.8 10945 10954.4 10964.4
11959.1 11955.9 11952.9 11951.9 11951.1 11950.4 11949.9 11949.1 11948.8 11948.3 11947.7 11946.8 11945.4 11941.7 11934.5 11927.4 11926.8 11924.5 11925.6 11924.4 11930.4 11931.1 11931.6 11932.2 11933.1 11934.3 11935.2 11934.4 11930.4 11928.6 11927.2 11938.4 11930.1 11929.3 11931.4 11934.6 11937.5 11943.3 11953 11967 11994 12035.9 12059 12067.8 12082.1 12059.3 11898.9 11731.5 11619.6 11505.1 11378.1 11277.5 11171.4 11074.3 11013.5 10982.2 10957.7 10936.5 10917.6 10913.7 10921.1 10921.8 10928.9 10943.8 10953.6 10952.1 10951.1
11960.4 11957.1 11955.4 11951.7 11949.6 11948.1 11947.1 11946.5 11945.6 11944.5 11943.4 11941.9 11939.2 11934.9 11929.5 11925.6 11925 11927.1 11929.7 11935.5 11933.9 11932.5 11933 11933.7 11934.2 11934.3 11934.7 11935.6 11940.4 11934 11931.8 11925.2 11924.2 11924.2 11929.5 11935.1 11941.4 11949 11960 11977.4 12005.6 12037.7 12061.6 12070.8 12071 11991.4 11817 11705.9 11585.6 11464.2 11347.3 11225.7 11119 11027 10978.1 10961.4 10951.8 10940.6 10919.8 10908.6 10918.5 10914.9 10920.5 10937.3 10955.2 10948.5 10946.5
11959.7 11956.2 11953.7 11949.7 11947.5 11946 11944.7 11943.2 11942.1 11940.8 11939.1 11937 11934.1 11931.5 11927.6 11925 11924.4 11925.9 11927.7 11929.2 11931.9 11934.4 11936.2 11937.1 11936.8 11935.1 11933.7 11932.1 11929.7 11927.2 11923.8 11920.7 11922 11925.3 11930.2 11936.6 11944.5 11953.4 11964.9 11979.4 11998 12033.7 12061.6 12064.6 12038.4 11923.9 11771.2 11703.6 11567 11426.4 11298.3 11189.3 11088.2 11003.7 10966.1 10957.2 10956.1 10947.7 10917.8 10892.5 10882 10896.5 10900.3 10903.8 10922.5 10939.2 10945.1
11956.9 11952.5 11946.4 11945.3 11944.7 11943.3 11942 11940.4 11938.7 11936.8 11936.3 11933.3 11930.7 11927.8 11925.1 11922.9 11922.9 11924.8 11927.2 11928.7 11932.2 11936.5 11938.4 11939.6 11937.7 11934.7 11930.4 11926.5 11921.1 11923 11923.2 11922.2 11924.1 11928 11931.8 11938.8 11947.1 11956.9 11968.6 11982.3 11998.4 12034 12064.1 12064.8 12008.2 11881.6 11757.9 11683.9 11553.6 11405.9 11275.2 11169.5 11073.5 11001 10966.5 10960.2 10963.4 10954.3 10915.4 10876.8 10862.4 10888.1 10883.9 10881.8 10905.8 10936.5 10948.4
11954.6 11950.4 11946.7 11944.7 11943.3 11941.8 11940.1 11938.5 11937.4 11935 11931.1 11929.2 11926.9 11925 11923.5 11921.1 11922 11923.4 11925.6 11931.1 11937.8 11940.7 11941.8 11940.7 11937.4 11933.5 11929.1 11925.2 11922 11921.2 11921.1 11923.4 11925.8 11930 11933.8 11940.8 11948.3 11959.5 11971.1 11986 12006.7 12025.2 12046.2 12058.5 11990 11878.7 11776 11684.1 11553.3 11411.5 11277.8 11163.6 11067.5 10998.8 10969.5 10964.8 10968.8 10957.7 10919.3 10876.9 10847.8 10868.9 10876.7 10888.8 10927.9 10948.6 10958.1
