real_craters/C087-300m.grd
DSAA
204 204
-30.5025 30.5025
-30.5025 30.5025
10851.328568561 12251.7767863
[rows 120 to 149 of 204, columns 0 to 66 of 204]
11949 11948.2 11945.2 11942.4 11940.3 11938.7 11937.4 11936.2 11934.4 11933.5 11932.2 11931.3 11930.6 11929.7 11928.8 11928.5 11927.8 11926.8 11926.7 11925.7 11924.7 11923.6 11922.4 11921.5 11920.3 11919.1 11918 11916.8 11915.5 11915.7 11916.2 11916.5 11915.7 11914.3 11915.1 11915.3 11915.9 11916.6 11916.9 11916.7 11916.2 11915.1 11914 11912.7 11911.3 11910 11909.4 11909 11909.9 11910.5 11915.5 11918.7 11917.5 11919.9 11921.4 11922 11923.3 11924.7 11925.8 11927.3 11930.1 11931.1 11932.2 11934.1 11935.8 11937.4 11938
11948.1 11945 11942.9 11941.3 11939.4 11937.5 11935.1 11932.9 11932.7 11932.4 11932 11931.4 11930.7 11929.9 11929.2 11928.7 11927.9 11927 11926 11924.8 11923.3 11922.4 11921.3 11920.2 11919.1 11918.1 11917.3 11916.3 11915.7 11915.9 11916.4 11917.1 11917 11916.6 11917.2 11917.6 11917.4 11916.7 11916.5 11915.9 11915.2 11914.2 11912.8 11911.2 11909.3 11907.4 11906 11903.1 11903.2 11906.3 11907.5 11910 11917.6 11920 11920.3 11920.6 11921.6 11922 11923.2 11924.6 11925.8 11926.6 11927.9 11929 11931.7 11932.2 11931.8
11945.8 11943.6 11941.9 11940.6 11938.8 11936.6 11934.3 11932.2 11931.9 11931.9 11931.6 11931 11930.4 11929.8 11929.2 11928 11927.1 11926.5 11925.5 11924.5 11923.4 11922.4 11921.2 11919.8 11918.7 11917.8 11916.7 11916.2 11916.3 11916.5 11916.9 11918.6 11920.3 11921.5 11921.5 11919.9 11918.1 11916.6 11916.3 11915.8 11914.9 11913.8 11912.2 11910.4 11908.1 11905.2 11902.5 11902.3 11902.5 11903.4 11903.5 11904.1 11913.2 11916.8 11917.6 11918.7 11919.7 11920.7 11921.8 11922.8 11923.7 11924.8 11925.7 11926.4 11926.8 11926.7 11926.2
11946.7 11945 11943.1 11940.7 11938.8 11936.8 11934.9 11932.8 11932.6 11932.3 11931.6 11931 11930.1 11929.2 11928.6 11928 11926.7 11925.8 11924.8 11923.6 11922.7 11921.7 11920.6 11920.3 11919.1 11918 11916.7 11915.7 11914.5 11914.5 11916.7 11919.7 11923.4 11928.8 11927.3 11919.8 11914.8 11916.4 11917.1 11916.5 11915.3 11913.6 11911.5 11909.6 11907.9 11905.8 11903.9 11904.7 11903.8 11903.2 11902.7 11904.1 11908.3 11912.1 11914.4 11916.3 11917.6 11918.8 11919.6 11920.3 11920.9 11921.5 11922 11922.4 11922.5 11923 11922.8
11946.9 11944.7 11942.1 11940.6 11939.1 11937.5 11936.2 11935.5 11934 11933 11932 11931.1 11930.2 11929.3 11928.3 11927.3 11926.4 11925.7 11924.5 11923.7 11923 11922 11920.9 11920.1 11919.1 11918 11917.5 11916.1 11914 11913.8 11916.8 11919.5 11922.4 11926 11924.4 11920.5 11916.8 11919.6 11919.1 11917.5 11915.7 11913.6 11911.6 11909.7 11908 11907.2 11907 11905.3 11904.5 11903.7 11904.4 11906.8 11908.2 11910.2 11912.1 11914.2 11915.5 11916.7 11917.5 11918.3 11918.3 11918.4 11918.8 11919.1 11919.2 11919.1 11919.9
11946.5 11944.3 11942.5 11940.9 11939.5 11938.2 11937.2 11935.8 11935 11933.5 11932.3 11931.1 11929.8 11928.9 11928.1 11927.2 11926.5 11926 11925.3 11924 11923 11922.1 11921 11920.3 11919.5 11918.5 11917.8 11917.3 11917.2 11918.2 11918 11918.5 11918.8 11917.2 11917.3 11922.7 11929.7 11925.3 11921.8 11919.1 11916.6 11914.1 11911.7 11909.3 11907.5 11906.2 11905.8 11906.8 11904.6 11903.8 11904.7 11907.6 11908 11908.8 11910.2 11911.8 11912.8 11913.5 11914.4 11914.9 11915.4 11915.6 11915.7 11915.9 11915 11915.7 11917.1
11944.7 11943.4 11942.2 11941 11939.7 11938.6 11938 11937.8 11936.5 11934.2 11932.3 11930.8 11929.9 11928.8 11928.1 11927.4 11926.4 11925.5 11924.5 11924.8 11923.8 11922.9 11921.9 11921 11919.9 11919 11918.6 11918.6 11918.7 11919.2 11917.9 11917.3 11916.6 11915.5 11916.5 11921.8 11927 11925.1 11922.4 11919.6 11917 11914.1 11911.5 11909.1 11906.8 11904.5 11903.7 11903.2 11903.5 11903.2 11903.4 11906.5 11908.2 11909.2 11909.8 11910.4 11911.2 11911.8 11912.4 11912.2 11912.5 11912.7 11912.9 11913.1 11912.4 11913.1 11914
11942.4 11941.5 11942 11941.1 11939.8 11938.6 11937.8 11937 11935.7 11933.8 11931.7 11931.2 11929.6 11928.5 11927.6 11926.6 11925.7 11924.8 11923.9 11923.9 11923.3 11922.5 11922.2 11921.5 11921.3 11920.3 11919.7 11918.9 11918.1 11916.9 11916.5 11916.2 11915.7 11915.6 11917.3 11920 11920.3 11922.5 11922.2 11919.6 11916.7 11913.9 11911.3 11908.7 11906.5 11904.5 11903.3 11902.9 11903 11903.3 11904.1 11906.6 11908.1 11908.7 11908.4 11908.4 11908.7 11909.1 11909.6 11910.1 11910.1 11910.4 11910.1 11910.3 11910.3 11910.7 11910.5
11941.2 11940.8 11941.8 11940.9 11939.6 11938.2 11937 11935.7 11934.3 11932.8 11931.6 11930.8 11930.1 11929.2 11928.5 11927.7 11927.1 11926.3 11925.5 11923.6 11922.9 11922.1 11922 11921.5 11920.7 11920.1 11919.5 11919.4 11918.1 11916.7 11916.1 11915.7 11915.2 11915.2 11916.5 11919.6 11924.1 11925.3 11922 11918.6 11915.6 11912.8 11910.3 11907.9 11905.8 11905.9 11903.6 11902.7 11902.9 11903.8 11905.4 11907.6 11907.4 11906.9 11906.1 11906.2 11906.5 11907.2 11907.5 11908 11908.5 11908.7 11908.7 11908.9 11908.9 11908.5 11908
11943.9 11943 11941.5 11940.4 11939.4 11937.8 11936.1 11934.2 11932.5 11931.5 11931.1 11930.8 11930.2 11929.5 11928.8 11928 11927.2 11926.5 11925.9 11925.1 11924.4 11923.9 11923.3 11922.7 11921.2 11920.6 11920.3 11919.8 11918.8 11917.8 11916.8 11915.9 11914.9 11914 11913.7 11917.5 11924.2 11925.1 11919.5 11916.1 11913.4 11911.3 11909.1 11906.7 11903.6 11900.4 11900.9 11901.5 11902.5 11903.8 11905.3 11906 11905.4 11903.7 11903.7 11904.7 11904.8 11905.3 11905.6 11907.1 11907.8 11906.8 11907.3 11907.5 11907.6 11907.4 11907.5
11945.5 11944.9 11942.9 11941.3 11939.6 11937.7 11935.6 11933 11930 11930.6 11931 11930.6 11930 11929.4 11928.7 11928 11927.4 11926.7 11926 11925.4 11924.9 11924.3 11923.8 11923.2 11922.9 11922.4 11921.8 11920.7 11919.8 11918.5 11917.3 11916.5 11915.2 11913.5 11912.4 11913.4 11914.6 11913.8 11913.5 11912.3 11910.8 11909.4 11908.1 11906.6 11904.2 11900.7 11900.9 11901.3 11902 11902.9 11904.1 11904.8 11904.4 11903 11902.8 11903.1 11903.8 11904.5 11905.2 11906 11906.9 11907.6 11908.3 11908.6 11908.6 11908.2 11907.8
11946 11945.6 11944 11942.2 11940 11937.9 11936 11934.3 11932.5 11932.5 11931.8 11931.1 11930.5 11929.6 11929 11928.3 11927.6 11926.9 11926.2 11925.6 11925 11924.7 11924.2 11923.8 11923.4 11923 11922.7 11922.7 11921.8 11919.7 11918.3 11918.4 11916.1 11913.4 11911.3 11909.9 11907.9 11905.6 11908.1 11908.6 11908.3 11907.8 11907.4 11907.3 11907.6 11906.1 11902.4 11901.3 11901.8 11902.6 11903.4 11904.3 11903.8 11903.1 11902.1 11901.9 11902.5 11901.9 11902.6 11903.3 11904.2 11905.2 11906.3 11907.1 11907.7 11908.1 11908
11945.5 11944.7 11943.5 11941.9 11939.9 11938.1 11936.7 11936.1 11936.9 11934.6 11932.7 11931.7 11930.8 11930 11929.3 11928.6 11928.1 11927.6 11927.4 11926.9 11926.4 11926 11925.2 11924.1 11923.8 11923.6 11923.6 11923.8 11924.7 11927.1 11928.5 11922 11916.9 11913.1 11910.1 11907.6 11906 11905.7 11905.4 11905.6 11905.7 11905.9 11906.1 11906.7 11908 11906.6 11901.2 11900.4 11901.5 11903.4 11904.3 11904 11903.1 11901.6 11900.3 11900.6 11900.4 11901.4 11902.4 11903.5 11904.8 11906.3 11907.5 11908.6 11909.5 11910 11910.3
11944.5 11943.4 11942 11940.7 11939.1 11937.8 11936.8 11936.1 11934.8 11934.1 11933 11932.1 11931.1 11930.4 11929.7 11929 11928.5 11928 11927.6 11927.3 11927 11926.5 11926 11925.6 11924.8 11924.5 11923.7 11924.2 11925.4 11928 11927.8 11921 11916.2 11912.3 11908.8 11906.2 11905 11904.1 11903.4 11902.8 11903.1 11903.6 11904.1 11904.3 11904.1 11901.7 11898.8 11898.5 11900.4 11903.1 11904.4 11905.3 11905.8 11902.9 11900.7 11900 11900 11900.5 11901.7 11903.3 11905.1 11907.1 11908.6 11910.1 11911.4 11912.4 11913.6
11943.7 11941.6 11940.4 11938.9 11938 11937.2 11936.6 11936 11935.6 11934.7 11933.3 11932.2 11931.2 11930.4 11929.7 11929.2 11928.7 11928.2 11927.8 11927.6 11927.2 11926.8 11926.2 11925.8 11925.6 11925.1 11924.7 11924.2 11923.4 11920.8 11916.7 11915.9 11914.2 11911.4 11908.6 11906.2 11903 11902.7 11900 11899.9 11900.9 11901.8 11902.2 11901.6 11900.3 11897.2 11893.9 11896.4 11898.2 11900.5 11902.7 11904.7 11905.2 11903.2 11901.1 11899.3 11898.4 11898.8 11900.4 11902.4 11904.6 11906.9 11909.4 11911.7 11913.5 11914.8 11915.6
11943.5 11942.2 11940.2 11938.1 11937.3 11936.6 11936 11935.8 11935.8 11935.1 11932.9 11931.8 11930.8 11930.1 11929.7 11929.2 11928.7 11928.4 11927.9 11927.7 11927.2 11926.9 11926.6 11926.2 11925.8 11925.2 11924.6 11923.8 11922.2 11918.8 11913.1 11914.3 11913.4 11910.5 11907.1 11903.4 11899.2 11893.6 11894.1 11897.2 11899.4 11901 11901.5 11900.5 11897.8 11896.8 11896.4 11896.7 11897 11897.1 11900.4 11902.3 11902.7 11901.2 11900.3 11896.5 11895.7 11897 11899.6 11902.2 11905.1 11907.9 11910.8 11913.7 11916.3 11918.2 11918.6
11943.5 11941.6 11939.8 11938.3 11937.1 11936.1 11935.3 11934.6 11934.2 11933.2 11931.7 11930.6 11930.2 11929.7 11929.2 11928.8 11928.7 11928.5 11928.4 11928.1 11927.8 11927.6 11927.1 11926.4 11926 11925 11924.3 11923.4 11922.5 11922.1 11924.3 11920.1 11913.9 11909.6 11906 11902.7 11897.8 11892.9 11893.1 11896.7 11899.6 11901.8 11902.9 11902.3 11900 11899.5 11899.2 11899.2 11899.5 11899.6 11901 11901.3 11898.4 11895.9 11892.4 11890.1 11892.1 11895.3 11898.8 11902 11905.3 11909.3 11912.7 11916.1 11919.5 11923 11926.2
11943.5 11941.3 11939.5 11938.4 11937 11935.6 11934.4 11933.4 11932 11930.5 11930.3 11929.6 11929.6 11929.3 11929.2 11929 11928.7 11928.6 11928.4 11927.9 11928 11927.7 11927.2 11926.7 11925.8 11925.1 11924 11922.8 11921.9 11921.8 11923.1 11917 11911.9 11908.3 11905 11901.8 11898.7 11896.6 11896.9 11898.7 11901.2 11903.9 11906.4 11908.1 11906.3 11905.8 11903.5 11902.1 11902.8 11904.1 11903.5 11903.4 11902.3 11894.8 11882.8 11883.6 11889.7 11894.6 11898.9 11902.6 11906.3 11910 11913.7 11917.5 11921.6 11926.2 11930.8
11943.7 11941.6 11939.7 11938.5 11936.8 11934.9 11933.3 11932 11931.1 11930.9 11929.3 11928.5 11928.8 11928.8 11928.9 11928.8 11928.9 11929 11928.9 11928.6 11928.1 11927.8 11927.3 11925.6 11924.9 11924 11922.7 11921.3 11919.6 11916.7 11911 11909.1 11908.7 11906.9 11904.4 11901.9 11900.3 11900.1 11900.9 11901.5 11903.5 11906.1 11909.8 11914.6 11917.3 11909.6 11905.4 11903 11902.9 11904 11904.9 11906.3 11906.6 11898.9 11887.2 11886.5 11891.6 11896.2 11900.2 11904 11907.9 11911.4 11915.1 11918.7 11922.3 11925.8 11928.9
11944.5 11942.8 11940.6 11938.3 11935.6 11933.9 11932.3 11930.8 11929.2 11927.4 11927.3 11927.6 11928.1 11928.3 11928.7 11928.7 11928.8 11928.8 11927.6 11927.5 11927.1 11926.7 11926.3 11925.6 11924.9 11923.9 11922.7 11920.8 11918.4 11914.9 11911.6 11909.2 11907.4 11906.5 11905.1 11903.3 11902.2 11902 11902.3 11903.3 11905 11907.2 11910.4 11914.2 11916 11910.6 11906.1 11901.8 11899.3 11901.4 11905.5 11908.7 11908.6 11904.6 11899.4 11896.5 11897.4 11899.9 11902.8 11906.1 11909.5 11912.8 11916.1 11919.4 11922.1 11924.1 11922.8
11945.3 11944.4 11943.5 11938.8 11935.3 11933.2 11931.6 11930.1 11928.5 11926 11926.7 11927.5 11928.2 11927.9 11927.8 11927.7 11927.6 11927.5 11927.3 11927.1 11926.8 11926.7 11926.3 11925.9 11925.3 11924.4 11923 11921.2 11918.5 11914.7 11909.9 11906.5 11907.3 11908 11907.4 11906 11904.7 11904 11904.1 11904.9 11906 11907.6 11909 11909.4 11909.9 11911.8 11906.7 11901.7 11895.2 11899.7 11907.5 11913 11916.4 11916 11909.7 11905.2 11903.6 11904.3 11905.9 11908.5 11911.3 11914.3 11917.2 11919.7 11921.6 11923 11923.5
11945.7 11944.7 11942.4 11939 11935.1 11932.7 11931.4 11930.3 11929.5 11929 11928.8 11928.4 11928.6 11928 11927.7 11927.9 11927.7 11927.2 11926.9 11926.9 11926.6 11926.3 11926 11924.6 11924.2 11923.6 11922.9 11921.8 11919.8 11916.9 11911.2 11906.8 11910.9 11912.7 11911.7 11909.2 11906.9 11906.2 11906.2 11906.6 11906.9 11907.6 11908.3 11908.3 11907.4 11906 11907.5 11907.5 11906.4 11908 11912.9 11917.9 11922.7 11923.4 11916.1 11910.8 11908.5 11908.2 11909 11910.8 11913.2 11915.6 11917.9 11919.9 11921.2 11920.8 11918.8
11945.6 11944.9 11943.7 11939.1 11933.6 11932.1 11931.5 11930.9 11930.8 11931.1 11930.3 11929.1 11928.9 11928.2 11927.7 11927.6 11927.3 11927.4 11925.7 11925.2 11924.8 11924.4 11924.3 11925.7 11925.5 11925.1 11925.5 11925 11924.4 11923.1 11921.3 11919.7 11922 11921.4 11918.4 11913.8 11909.6 11909.1 11909.8 11908.4 11907.7 11907.8 11908.2 11908.9 11908.2 11907.9 11909.7 11913.1 11919.1 11917.4 11918.3 11921.2 11923.4 11922.1 11918.7 11914.3 11912.1 11911 11911.4 11912.8 11914.8 11917.1 11919.2 11921.1 11922.1 11921.3 11919.8
11944.9 11944.1 11943.6 11939.2 11934.3 11933 11932.4 11931.7 11931.3 11930.4 11929.5 11929.4 11928.9 11928.3 11927.8 11927.5 11926.1 11925.7 11925.3 11925.3 11924.8 11924.8 11925.8 11925.7 11926.3 11926.3 11927 11927.6 11928.4 11930.8 11935.2 11940.3 11937.7 11932.1 11927.1 11921.8 11913.3 11915.2 11911.4 11909 11908.7 11908.3 11907.8 11908.1 11908.8 11910.1 11911.4 11913.3 11915 11918.5 11920.9 11923.5 11925.1 11924.4 11921.8 11917.3 11914.3 11913.1 11912.9 11914 11915.7 11917.9 11919.8 11922.6 11924.3 11924.9 11923.4
11943.8 11942.2 11939.9 11937.5 11936.1 11934.9 11933.7 11932.6 11932 11931.1 11930.8 11929.7 11929.1 11928.1 11927.3 11926.8 11926.2 11926.9 11926.5 11926.3 11925.6 11925.8 11926.3 11926.3 11926.3 11926.7 11927.6 11929.1 11931.5 11935.8 11943.5 11953.2 11947.8 11939.5 11934.9 11933.4 11937.6 11926.2 11916 11911.7 11911 11909.5 11908.1 11906 11908.2 11910.5 11912.6 11914.6 11916.2 11919.2 11921.9 11924.8 11928 11930.9 11925.6 11918.8 11915.6 11914.5 11914.4 11915.5 11917.2 11919.1 11921 11923.9 11926.6 11929.3 11927.7
11942.8 11940.8 11938 11936.5 11937.7 11936.7 11934.8 11933.5 11932.6 11931.3 11930.4 11929.8 11929.3 11928.6 11928 11927.5 11926.9 11926.6 11926.3 11926 11925.8 11925.6 11925.9 11925.9 11926.2 11926.7 11927.6 11929.3 11931.5 11935.3 11940.4 11946.1 11943.2 11939.3 11938.1 11938.2 11936.9 11932.1 11925.9 11920.2 11914.9 11911.2 11909.5 11910.6 11910 11911.9 11913.8 11916.1 11918.2 11919.6 11921.7 11924.3 11927.1 11929.2 11924.2 11917.9 11914.9 11914.1 11914.6 11915.6 11917.1 11919 11921.8 11924.1 11927.1 11928.7 11928
11942.5 11940.5 11938.5 11937.4 11937.4 11936.4 11935.2 11934.1 11933.1 11931.9 11930 11930.6 11930 11929.1 11928.2 11927.4 11926.7 11926.1 11925.9 11925.6 11925.2 11925.1 11925.2 11925.3 11925.6 11926.1 11926.8 11928.6 11929.4 11930.8 11931.2 11929.4 11929.9 11933.7 11937.3 11940.4 11939.3 11938.6 11933.4 11926.8 11916.7 11911.9 11909.2 11909.5 11915.5 11914.7 11914.3 11915.2 11916.7 11918.4 11920.2 11921.7 11922.5 11921.4 11918.1 11913.7 11913.2 11914.2 11915.4 11916.7 11918.1 11919.7 11921.7 11923.6 11926.2 11931 11927.7
11942.2 11940.7 11939.2 11938 11936.6 11935.7 11935.2 11934.6 11934 11933.7 11934.1 11932.3 11930.7 11929 11927.7 11926.5 11925.6 11924.7 11924.1 11923.6 11924.8 11924.7 11924.9 11924.8 11925 11926.2 11926.4 11926.6 11926.3 11925.9 11924.2 11920.5 11921.2 11927.8 11934.1 11941.1 11952.9 11949.5 11930.7 11916 11914.6 11911.7 11909.1 11909.5 11913.2 11913.6 11913.2 11913.5 11914.7 11916.5 11918 11918.8 11918.4 11916.1 11914.1 11913.8 11914 11914.8 11916.1 11917.3 11918.4 11919.5 11920.8 11922.1 11923.2 11922.3 11925.3
11942.2 11940.9 11939.7 11938.8 11937 11935.9 11935.4 11935 11934.6 11934.5 11934.1 11932.8 11931 11929.1 11927.7 11926.4 11925.6 11925.1 11924 11923.5 11922.9 11923.1 11925 11924.9 11924.8 11923.9 11924 11924 11923.8 11922.7 11920.6 11917.7 11918.1 11923.6 11929.1 11934.1 11936.4 11931.6 11925.3 11917.1 11915.3 11911.9 11908.8 11907.7 11908.6 11910.6 11911.3 11912 11913.2 11914.6 11916 11916.7 11916.5 11915.3 11914.4 11914.2 11914.6 11916.1 11917.5 11918.3 11918.9 11919.3 11919.6 11920 11921.4 11925.6 11926.5
11942.3 11941.4 11940.1 11938.4 11937.6 11936.6 11936.1 11935.4 11934.8 11934.2 11933.8 11932.4 11930.5 11928.9 11926.9 11926.1 11925.1 11924.4 11924.2 11923.7 11923.5 11922.7 11922.5 11921.7 11921.6 11923.1 11923.3 11922.9 11922.3 11921 11919.4 11918.2 11918.7 11921.3 11923.9 11925.1 11922.8 11919 11920.7 11925.1 11916.5 11912.3 11910.4 11908.3 11907.3 11908.8 11909.8 11910.1 11911.7 11913.1 11914.2 11915.1 11915.9 11916.7 11917.5 11916.5 11916.3 11918.9 11920 11920.2 11920.2 11919.7 11919.3 11918.4 11917.7 11920.9 11929.6
