real_craters/C087-500m.grd
DSAA
123 123
-30.5025 30.5025
-30.5025 30.5025
10847.821650486 12272.588135956
[rows 90 to 119 of 123, columns 0 to 66 of 123]
11942.7 11941.1 11939.7 11938.8 11935.9 11934.3 11933.3 11930.4 11927.6 11924.1 11922.9 11923.2 11921 11922.3 11921.9 11921.7 11921.2 11921 11919.6 11919.3 11920.3 11920.4 11916.3 11916 11913 11910.4 11908.1 11908.5 11909.6 11911.5 11913.2 11914.8 11917.7 11919.8 11921.9 11922 11921.1 11920.2 11918.3 11921.2 11940.9 11942.6 11930.1 11921.1 11919 11915.6 11920.1 11920.3 11920 11919 11919 11918.8 11919.5 11918.3 11912.6 11911 11906.9 11909.3 11906.9 11904.2 11903.9 11904.6 11905.7 11906.2 11906.7 11906.3 11900.4
11942.6 11941.7 11941.1 11939 11935.6 11932.5 11930.3 11927.1 11924.5 11924 11923.3 11922.8 11922.8 11920.1 11919.4 11920.6 11920.3 11919.7 11919.6 11919.3 11917.7 11914.3 11909.5 11908.5 11909.1 11907.8 11908.2 11908.6 11909.5 11910.2 11910.9 11912.1 11914.4 11921.5 11926.6 11923.8 11923.3 11923.3 11924.9 11931.2 11949 11952 11939.1 11927.7 11919.1 11916.5 11920.7 11920 11919 11918.1 11917.2 11916.4 11912.6 11910.2 11908 11904.8 11903.1 11903.8 11903.6 11902.4 11902.8 11903.9 11905.5 11905.5 11904.7 11902 11898.4
11942.6 11941.7 11939.6 11937.1 11934.7 11930.6 11923.5 11920.2 11922.1 11923 11922.8 11923 11922.9 11922.7 11921.6 11921 11919.1 11918.3 11918.6 11917.2 11915.2 11911.9 11909.7 11908.3 11906.9 11906 11908.9 11909.1 11908.5 11909.1 11909.4 11909.6 11909.8 11912.1 11916.3 11921.1 11924.4 11926.5 11925.6 11925.5 11921.7 11926.9 11923.6 11923.9 11920.7 11915.4 11917.8 11919 11918.4 11920 11923.3 11918 11910.9 11907.8 11906.2 11903 11901.2 11902.9 11903.9 11904.6 11904.1 11904.4 11904.6 11905.1 11902.2 11898.9 11899.8
11942.7 11941.6 11940.4 11939.2 11936.7 11931.5 11926.6 11924.3 11922.1 11922.5 11922.7 11922.9 11922.4 11922.9 11922.8 11922 11920.9 11919.4 11918.2 11916 11913.6 11910.9 11908.8 11907.3 11905.5 11907.7 11911.1 11910 11911.1 11908.9 11908.6 11908.1 11908.2 11910.3 11913.4 11919.4 11926.6 11933 11934.6 11930.4 11926.5 11926.6 11928.9 11926.2 11922.9 11920.1 11920.2 11921.8 11918.4 11919.5 11919.2 11920.7 11916.4 11912.1 11909.2 11906.1 11905.1 11905.6 11906.2 11907.1 11906.4 11906.2 11906.5 11908.2 11912.3 11909.6 11912.4
11942 11941.7 11941.6 11941.8 11938.6 11932.9 11928.2 11924.9 11922.5 11922.2 11922 11922.6 11922.6 11922.3 11921.9 11921.7 11920.1 11918.9 11917 11915.3 11912.6 11910.4 11907.8 11906.9 11910.9 11911.8 11909.1 11907.2 11906.4 11908.4 11909.1 11908.5 11906.2 11905.2 11909.8 11919.7 11928.5 11938.2 11954.6 11943.4 11927.1 11929.9 11935.6 11930.3 11927.7 11930.5 11938.8 11931.2 11922.1 11925.5 11930.9 11931 11923.4 11919.3 11916.4 11913.1 11912.3 11912.4 11911.1 11908.7 11909.4 11909.6 11909.7 11910.2 11913.2 11949.1 11924.5
11941.7 11941.4 11942 11941.6 11938.1 11932.9 11927.7 11922.8 11922 11922.3 11922.4 11922.7 11922.5 11922.5 11922.3 11921.8 11920.5 11919.6 11917.6 11915.6 11913.4 11910.8 11909.6 11909.5 11909.2 11909.1 11906.6 11906.9 11907.5 11909.9 11911.9 11912.5 11910.5 11904 11917.5 11923.7 11929.7 11934.3 11932.2 11934.6 11930.3 11929.7 11929.6 11928.2 11924.8 11921.5 11923.8 11922.6 11922.7 11933.9 11954.8 11943.5 11926.9 11927.6 11928.9 11921.8 11924.1 11923.3 11919.7 11916.1 11913.8 11913.5 11914.1 11916 11913.6 11914.9 11915.3
11941.1 11939.8 11938.3 11936.5 11934.9 11932.6 11928.3 11924.5 11923 11923 11922.9 11922.9 11923 11922.9 11922.8 11922.2 11921.7 11920.4 11918.4 11915.5 11911.9 11911.3 11911.7 11911.1 11909.6 11909.9 11908.5 11909 11910.6 11912.9 11916.5 11920.8 11926.5 11939.5 11929.7 11929.7 11931.4 11931.4 11929.3 11930.4 11930.4 11930.7 11929.8 11925.2 11920.2 11916.5 11919.2 11920.1 11921.8 11931 11938.8 11932.5 11925.2 11935.7 11950.7 11961.2 11948.8 11935.9 11926.1 11920.3 11917.2 11916.2 11917.1 11920.8 11924.6 11910.4 11908.5
11940.7 11938.6 11936.1 11935.2 11936.9 11933.9 11930.5 11927.1 11925.1 11924.4 11923.9 11923.7 11923.6 11923.1 11923.4 11923.3 11921.1 11921 11920.9 11917.8 11908.6 11914.5 11915 11915.8 11912.8 11909.1 11908.2 11909.2 11911.7 11915.5 11920.7 11927.5 11937.1 11944.8 11946.4 11938.9 11934.1 11931.8 11930.9 11929.5 11929.9 11930.7 11929.1 11924.6 11919.7 11919.1 11920.8 11923.2 11922.2 11925.5 11925.4 11923.6 11927 11941.3 11960.8 11983 11963.2 11944.2 11929.4 11921.6 11919 11917.4 11916.9 11917.4 11915.6 11909.9 11909.1
11940.6 11938.3 11936 11933.8 11936.7 11935.6 11932.5 11930.3 11927.3 11926.4 11925.7 11924 11922.9 11922.8 11922.4 11921.5 11921.7 11922.3 11923.4 11925.8 11931.7 11926.5 11919.5 11913 11912.8 11908.1 11908.6 11909 11912.6 11917.5 11922.9 11929.7 11938.9 11953.2 11948.1 11938.6 11934.5 11931.9 11930.3 11931.6 11932.5 11932.6 11930.1 11925.1 11920.3 11919.8 11921.3 11923.4 11924 11924.9 11925 11925 11929.7 11941.9 11954 11954.6 11956.8 11945.9 11932.5 11924.7 11920.9 11917.6 11915 11913 11911.9 11912.4 11912.3
11942 11939.8 11937.5 11935.6 11939.8 11937 11933.4 11930.5 11929 11927.6 11926.1 11925 11924 11922.6 11921.9 11922 11921.5 11922.8 11925.6 11930.1 11934.8 11931.2 11923.5 11916.4 11914 11911.7 11910.6 11912 11914.5 11918.2 11922.5 11927.1 11930.8 11929.3 11928.3 11932.7 11934 11933.5 11933.1 11934.2 11938.3 11938.8 11935.4 11927.1 11918.7 11920.4 11923.1 11923.8 11924.9 11926.7 11928.9 11929.5 11931.7 11939.7 11950.4 11957.5 11951.8 11945.5 11938.8 11930.2 11922.3 11916.6 11912.1 11908.4 11908.1 11911 11911.9
11941.9 11940.1 11938.9 11940.3 11939.5 11935.6 11933.3 11931.5 11929.4 11929 11926.7 11924.6 11924.2 11922.9 11923 11922.7 11923.2 11923.9 11924.4 11928.1 11931.6 11932.6 11931 11923.2 11921.2 11915.2 11913.7 11916.5 11917.1 11919.3 11922.2 11924.7 11925.7 11924.2 11927.3 11933.5 11935.4 11934.2 11933.7 11935.3 11946.5 11958.2 11947 11931.6 11919.9 11923.2 11926.7 11925.5 11923.7 11928.7 11933.4 11934.8 11932.6 11935.2 11938.5 11941.8 11943.3 11941.5 11940.6 11930.9 11922.3 11915.8 11910.9 11907.9 11907.2 11909.8 11911.2
11942.2 11940 11938.7 11934.6 11931.9 11932.9 11933.2 11932.4 11931.8 11930.4 11928.3 11927.2 11926.4 11925.6 11925.2 11925.2 11924.5 11924.5 11924.9 11925.1 11925.6 11929.6 11941.9 11960.5 11978.3 11931 11920.3 11918.3 11919.1 11920.2 11921.7 11923.3 11924.5 11926.4 11930.3 11936.7 11938.9 11939.8 11936.9 11937.1 11948.9 11963.9 11952 11936 11925.8 11926.4 11929.8 11933.9 11931.3 11931.2 11934.9 11937.6 11931.6 11931 11931.2 11933 11935.4 11935.1 11931.8 11926.5 11920 11914.1 11908.3 11903.6 11903.6 11906.1 11908.3
11943 11941.4 11940 11938.6 11936.6 11935.4 11934.5 11934 11933.4 11931.3 11928 11926 11924.9 11926 11925.8 11925.3 11924.8 11924.2 11923.7 11921.9 11919.9 11924.2 11944.5 11971.6 11982.5 11959.9 11928.6 11924.7 11921.1 11920.6 11921.5 11922.8 11924.5 11927 11929.8 11936.6 11939.2 11944.7 11940.7 11933.8 11941.4 11948.1 11945.1 11936.3 11930.5 11932.4 11935.6 11935.2 11932.1 11931.4 11931.7 11931.3 11930 11928.9 11927.6 11928.7 11930.5 11930.4 11927.4 11922.3 11915.8 11910 11905 11901.4 11899.3 11898.9 11897.5
11943.1 11941.7 11941 11941.2 11939.9 11936.4 11935.5 11934.5 11933.4 11930.3 11929 11927.4 11925.5 11925 11924.3 11923.2 11924.8 11923.7 11923.2 11922.2 11921.2 11925.7 11936.3 11942.4 11930.4 11924.7 11921.6 11920.7 11920.7 11921 11920.7 11922.4 11924.1 11926.9 11929.2 11930.4 11932.3 11933.8 11934.9 11936 11938 11938.7 11940 11935.9 11933.7 11936.6 11939.9 11935.9 11931.3 11932.1 11929.8 11927.1 11932.7 11932.1 11925.1 11927.6 11929.5 11927.7 11924 11918 11912.1 11906.1 11900.9 11897.3 11894.7 11892.6 11889.8
11943.7 11942 11941 11940.9 11940.2 11938.1 11936.5 11933.9 11932.2 11929.3 11929.6 11929.3 11927.1 11926.1 11925 11923.9 11923.1 11922.7 11921.9 11921.9 11923 11926.2 11928.5 11925.5 11918.8 11916.9 11917.7 11919.6 11920.5 11920.3 11921.1 11922.9 11924.8 11927 11929.4 11927.2 11927.4 11929 11931.1 11934.6 11942.4 11944.8 11940.5 11935.9 11935 11937.8 11935.4 11938.8 11935.5 11936.4 11935.7 11936.5 11945.4 11948.3 11939.4 11939 11933.4 11926.4 11919.5 11913.8 11907.7 11901.8 11896.1 11891.6 11890.1 11888.9 11888.4
11944.3 11942.4 11940.3 11937.1 11935.4 11941.6 11938.4 11934.3 11932.2 11931.1 11931.3 11931.9 11931.7 11931.6 11931.3 11931.5 11927.4 11926.5 11926 11925.7 11925.8 11926.8 11926.6 11924.4 11922.5 11920.8 11923.5 11922.4 11922.2 11922.7 11923.2 11924 11924.9 11925.8 11926.3 11926.2 11927.8 11930.4 11931.9 11937.2 11944.1 11946.1 11941.5 11937.4 11936.3 11938.2 11940.7 11937.3 11937.6 11942.8 11952.8 11954.5 11953.7 11967.6 11985.4 11955.2 11936.2 11924.5 11916.3 11909 11903.3 11897.8 11892.2 11888.3 11887.1 11886.4 11885.7
11943.5 11941.3 11939.8 11937.8 11937.9 11939.3 11937.8 11935.1 11932.4 11931.7 11932.7 11933.2 11933.5 11933.5 11932.7 11932.3 11931.6 11931.3 11930.2 11929 11928.3 11926.8 11926.8 11926.7 11921.8 11921.9 11923.1 11924.5 11925 11925.6 11926 11926.2 11926.3 11925.8 11924.1 11927.2 11929.4 11927.8 11932.1 11937 11942.7 11944.5 11942.2 11938.9 11937.4 11937.5 11937.1 11934.1 11934.8 11941.3 11955.4 11960.4 11953.8 11956.7 11962.8 11947.4 11930 11914.4 11907.3 11903.6 11899.2 11894.6 11889.3 11886.3 11885.3 11884.6 11884.2
11943.6 11942.1 11940.7 11939.9 11938.3 11937.4 11936.9 11936 11935.4 11935.3 11935.2 11935 11934.7 11934.4 11934 11933.3 11932.7 11931.8 11931.3 11931 11930.2 11929.2 11928.7 11927.4 11923.8 11923.5 11924 11926.2 11927.2 11927.7 11927.8 11928 11927.8 11927.1 11926.5 11927.7 11929 11929.4 11932.2 11937.5 11941.7 11944.6 11943.6 11940.2 11937.8 11935.5 11932.5 11929.3 11927 11930.2 11930.3 11929.1 11922.3 11926.8 11926.8 11927.7 11919.5 11909.1 11902.7 11899.1 11895.7 11892.3 11889.9 11886.9 11884.3 11882.9 11881.8
11944.2 11943.1 11941.7 11940.5 11939.8 11938.2 11937.7 11938.1 11939.4 11939.6 11938.1 11936.9 11936.2 11935.4 11934.7 11934.2 11933.9 11933.6 11932.8 11932.5 11932 11931.7 11930.8 11929 11927.6 11928.1 11927.9 11929.2 11929.3 11929.5 11929.2 11929.3 11929.1 11929 11929 11928.7 11927.9 11929.6 11933.1 11939.4 11943.1 11948.8 11948.3 11942 11939.3 11934.3 11927.6 11922.8 11922.3 11921.1 11918.3 11915.2 11913.2 11912.6 11912.8 11914.3 11911.1 11905.1 11899.8 11895.6 11891.9 11889.9 11889.6 11886.2 11882.5 11880.6 11879.1
11945.4 11943.9 11942.6 11941.4 11939.6 11938.5 11938.3 11939.6 11941 11940.8 11939.8 11938.7 11938 11937.2 11936.5 11935.9 11935.4 11934.5 11934.1 11933.5 11933.2 11933.5 11932.3 11928.4 11928.2 11931.8 11933.1 11932.2 11931.7 11931.5 11930.9 11930.5 11930.2 11930.5 11932.2 11932.3 11927 11931.9 11937.3 11949.6 11956.9 11960.4 11960.4 11953.9 11944.1 11934.2 11925.7 11918.9 11915.8 11915.5 11915.2 11913 11912 11910.4 11909.2 11908.1 11906.2 11902.7 11897.3 11892.6 11888.8 11885.2 11881.8 11880.4 11878.9 11877.4 11876
11946.7 11944.6 11943.6 11942.8 11943 11940.5 11940.4 11941.2 11941.6 11942.3 11941 11940.2 11939.4 11938.7 11938 11937.5 11936.7 11936.2 11935.4 11935 11934.3 11933.6 11932 11930.5 11931 11932.7 11934.1 11934.1 11933.9 11933 11932.2 11931 11930.9 11930.6 11930.3 11928.5 11928.1 11931.9 11939.9 11960.5 11979.4 11968.3 11965.5 11961.9 11944.7 11931.8 11922.1 11917 11914.4 11913.4 11913.4 11910.8 11909.3 11909.2 11907.1 11904.5 11902.4 11899.8 11894.8 11890.1 11885.9 11881.6 11878 11875.4 11874.7 11873.7 11872.8
11948.3 11947.2 11946.1 11944.9 11942 11942.3 11943.4 11943.2 11943.5 11944.6 11942.2 11941.5 11940.7 11940.2 11939.7 11938.8 11938.1 11937.2 11936.5 11935.9 11934.9 11933.6 11932.8 11933.6 11930.5 11933 11936 11936.4 11935.1 11933.7 11932.2 11931.4 11930.6 11930 11929 11929.9 11930.2 11930.6 11933.1 11948.4 11960.5 11955 11947.2 11941.8 11934.3 11925.3 11917.7 11912.5 11912.4 11910.5 11907.2 11906.6 11905.7 11904.8 11903.5 11901.1 11898.1 11894.6 11891.6 11887.3 11882.7 11878.3 11874.6 11872.4 11871.1 11870.2 11868.9
11949 11948.5 11947.7 11947.1 11947 11947.2 11946.5 11944.9 11943.7 11940.7 11942.4 11942.6 11942.4 11941.8 11941.2 11940.9 11940.1 11939.5 11938.7 11937.6 11936.3 11934.7 11934.7 11937.6 11935.3 11936.5 11938.8 11938.2 11936 11933.9 11932.1 11930.6 11929.6 11928.9 11928.4 11927.2 11928.7 11927.4 11926.1 11926.9 11930.3 11933.8 11927 11922.6 11921.9 11917.3 11912.1 11911.3 11909.4 11907 11903.8 11902.9 11901.9 11900.5 11899.2 11898 11895.9 11892.6 11889 11884.6 11879.7 11875 11871.6 11869.3 11868 11866.9 11865.7
11950.9 11950.2 11949.5 11949.2 11948.8 11948 11947 11946.5 11945.7 11945.6 11944.9 11944.3 11943.8 11943.3 11942.9 11942.2 11941.7 11941.1 11940.6 11939.6 11938.7 11937.8 11938.8 11939.2 11937.9 11938.9 11940 11938.7 11935.3 11933 11931.3 11930 11928.7 11927.8 11927.4 11929.7 11927.4 11923.6 11920.3 11919.2 11920.2 11922.1 11919.8 11916.9 11914.4 11910.8 11906.7 11908.1 11906.7 11903.6 11900.2 11899.4 11899 11894.9 11895.2 11895.2 11894.8 11891.8 11887.1 11882.5 11877.5 11872.3 11867.4 11866.6 11865.3 11863.9 11862.4
11951.5 11951.3 11951.1 11950.9 11950.7 11949.9 11949 11948.1 11947.5 11948.1 11947 11945.9 11945.1 11944.5 11943.6 11943.3 11942.5 11942 11941.5 11941 11940.9 11940.7 11940.1 11939.6 11939.3 11940 11938.8 11936 11932.8 11931.2 11929.8 11928.1 11926.9 11925.7 11924.7 11922.5 11922.2 11920.5 11917.5 11915.2 11915.8 11917.5 11918.2 11914.3 11909.7 11905.7 11903.8 11904.4 11903.3 11900.3 11896.9 11895.7 11895.6 11893.5 11892.5 11892.2 11891.2 11888.7 11885.1 11880.7 11875.9 11871.4 11868 11865.1 11863.1 11861 11858.9
11952.8 11952.6 11952.5 11952.4 11952.3 11952.2 11950.2 11949 11948.4 11947.6 11947.2 11947 11946.2 11945.5 11945.1 11944.6 11943.8 11943 11942.6 11942.3 11942.7 11943.3 11942.9 11940.1 11939.7 11938.9 11934.1 11928.1 11929.2 11928.8 11928.3 11927.1 11925.9 11924.5 11922.7 11920.4 11917.4 11914.8 11914.7 11912 11913 11914.2 11914.7 11910.7 11905.6 11901.1 11898.7 11899.4 11898.6 11896.6 11892.3 11891.6 11891.7 11890.9 11889.8 11888.6 11888.2 11885.4 11882.8 11879.5 11875.1 11869.4 11865.8 11864.1 11861.5 11858.7 11855.9
11953.1 11954 11954 11953.9 11953.9 11953.3 11951.2 11949.5 11949.2 11949.2 11949.2 11948.6 11947.9 11947.2 11946.1 11945.2 11944.7 11944.8 11944.6 11944.4 11945.2 11945.6 11945.1 11942.4 11941.3 11940.2 11934.6 11930.9 11928.5 11927.5 11926.5 11925.5 11924.4 11923.3 11921.6 11919 11916 11914.4 11913.2 11913.4 11910.9 11909.7 11909.5 11905.4 11901.1 11897.6 11894.7 11892.3 11891.1 11889.8 11887.1 11886.9 11886.9 11887.1 11887 11885.2 11882.8 11881.4 11880.5 11879.2 11876.9 11871.8 11868 11864.9 11860.9 11856.7 11852.9
11954.6 11954.8 11954.8 11954.7 11954.7 11954 11950.8 11949.9 11950.3 11950.9 11951.5 11950.3 11949.8 11949.1 11948.4 11948.1 11947.4 11947 11946.3 11945.6 11945.3 11945.5 11945.1 11943.4 11940.7 11939.7 11935.6 11930.8 11928.5 11926.6 11925.3 11924.6 11923 11922 11920.7 11918.1 11913.8 11911.6 11910.2 11908.2 11906.9 11904.2 11900.6 11899.6 11896.6 11892.8 11890.1 11888.3 11886.6 11883.8 11883 11883.3 11883.3 11885.7 11885.3 11882.4 11879.3 11878.6 11878.7 11878.9 11879.8 11880.9 11873.8 11866.1 11859.8 11854.2 11849.2
11955.4 11955.4 11955.2 11955.2 11955.2 11954.7 11953.2 11951.7 11951.4 11951.2 11950.2 11951.3 11951 11950 11949.3 11948.2 11947.4 11946.6 11945.9 11945.1 11944.7 11944.4 11943.9 11943.4 11940.3 11939.2 11935.1 11931.4 11928 11925.5 11923.9 11922.6 11921.7 11921.2 11920.5 11919.2 11913.7 11910.3 11908.3 11905.1 11904.2 11901.7 11898.5 11895.9 11893 11890.2 11886.9 11884.3 11882.2 11880.1 11880.7 11880.9 11881.7 11885.7 11883.8 11879.8 11876.5 11875.5 11876.1 11876.9 11878.8 11881.3 11873.5 11865.1 11857.8 11851.8 11846.4
11956.3 11956.3 11956.3 11956 11955.5 11953.9 11952.4 11952.3 11952.9 11953.4 11955.1 11953.6 11952.4 11951 11949.8 11948.4 11948 11946.5 11945.3 11944.2 11943.7 11942.8 11940.4 11936.8 11937.2 11934.9 11932.5 11928.5 11926 11924 11922.6 11921.4 11920.4 11919.6 11919.2 11918.9 11912.3 11910.1 11908.3 11906.5 11903.2 11900.6 11897.3 11893.1 11889.4 11887.3 11883.2 11880.4 11879.1 11879.2 11878.3 11878.8 11879.8 11881.1 11879.9 11877.2 11874.5 11873 11872.3 11872.4 11872.4 11871.4 11867 11861 11854.7 11848.8 11843.4
