real_craters/C087-300m.grd
DSAA
204 204
-30.5025 30.5025
-30.5025 30.5025
10851.328568561 12251.7767863
[rows 120 to 149 of 204, columns 134 to 200 of 204]
11888.8 11880.3 11875.4 11864.1 11862.1 11864.1 11866.8 11866.3 11861.4 11856.3 11851.7 11847.2 11841.6 11838.6 11836.7 11831.7 11827.2 11824.2 11821.2 11812.3 11810.7 11809.4 11807.7 11806.5 11805.5 11803.7 11798 11794.2 11796.5 11802.7 11816.4 11803.1 11793 11785.4 11779 11776 11774.9 11774.4 11774 11773.6 11773.3 11773.5 11775.1 11777.1 11779.7 11782.5 11785.5 11789 11793.2 11798.5 11805.6 11800.9 11783.8 11773.8 11767.8 11764.1 11761.5 11759.6 11758.1 11756.8 11756.7 11755.1 11753.6 11752.2 11750.7 11749.4 11748.7
11886 11878.2 11871.1 11860.6 11859.9 11862.3 11864.5 11863.8 11859.3 11854.5 11849.9 11846.2 11844.2 11842.5 11835.8 11830.1 11825.2 11823.2 11823.2 11819.7 11815.5 11811.2 11808 11805.4 11802.7 11799.3 11794.4 11791.5 11790.2 11791.8 11788.6 11794 11790.7 11785.2 11780.2 11776.9 11776.1 11775.6 11774.8 11774.2 11774.1 11774.9 11775.5 11777.8 11780.5 11783.4 11786.5 11789.9 11793.8 11798.6 11805.9 11800.1 11782.9 11773.7 11768.3 11764.9 11762.7 11761.1 11760 11759.3 11759.1 11757.7 11755.6 11753.7 11751.9 11750.2 11749.1
11884.8 11876.9 11868.8 11859.7 11860.1 11860.9 11860.7 11858.8 11855.1 11851.3 11847.4 11843.6 11840.9 11838.4 11834.3 11826.4 11819.8 11814.4 11813.4 11817.3 11816 11812.1 11808.4 11804.8 11800.8 11796.2 11793 11791.3 11790 11789.9 11790.1 11790.5 11789.1 11785.6 11780.7 11778.1 11778.2 11777.7 11777 11775.9 11774.9 11773.2 11775.6 11778.5 11781.2 11783.9 11786.5 11789 11791.1 11791.3 11787.7 11773.6 11773.1 11770.1 11767.2 11765 11763.3 11762.2 11761.4 11760.9 11760.4 11759.3 11757.4 11755.3 11753.3 11751.6 11750.5
11885.8 11879.6 11873.3 11867.3 11864.4 11861.5 11857.9 11852.5 11851.5 11848.4 11844.3 11839.6 11833.7 11826.8 11826.2 11819.4 11813.4 11809 11809 11812.1 11812.9 11810.7 11807.2 11803.2 11799.2 11795.7 11793.8 11791.8 11791.9 11791.8 11791.8 11791.1 11789.8 11787.8 11785.5 11783.9 11782.8 11781.3 11779.5 11778.2 11776.9 11775.8 11777.4 11779.8 11781.9 11784 11785.9 11787.4 11787.6 11785 11777 11769.6 11767.6 11766.9 11765.8 11764.7 11763.7 11763 11762.4 11762.1 11761.9 11760.9 11758.8 11756.7 11754.9 11753.2 11751.9
11888.6 11883.6 11879.9 11875.7 11869 11863.5 11858.9 11855.7 11851.1 11846.8 11842 11836.6 11829.5 11821.9 11814.4 11810.5 11807.4 11804.6 11806 11809.7 11811.6 11809 11805.3 11801.3 11797.3 11794.2 11792.7 11790 11789 11792.5 11793.8 11792.3 11791.5 11790.6 11790.4 11790.2 11787.4 11785.2 11783 11781.5 11780.3 11781 11781.2 11781.5 11782.6 11784 11785.2 11785.9 11785.7 11783.8 11779.1 11768.7 11766.5 11765.8 11765.2 11764.6 11764.1 11763.6 11763.2 11762.9 11762.2 11761 11759.9 11758.3 11756.8 11755.5 11754.6
11891.1 11886.9 11883.8 11877 11871.1 11865.4 11860 11855.1 11850.1 11845.9 11841.3 11835.4 11828.5 11819.9 11809.6 11806.2 11804.7 11801.7 11804.4 11807.9 11808.7 11807.4 11804.1 11800.1 11795.8 11791.7 11787.6 11789.3 11789.8 11789.5 11791.1 11792.3 11792.7 11792.8 11793.2 11793.1 11790.5 11788 11785.9 11784.3 11783.5 11783.1 11782.8 11782.6 11783 11783.8 11784.5 11784.7 11784.3 11783 11781 11771.4 11767.4 11766 11765.4 11764.9 11764.5 11764.2 11764 11763.7 11763.6 11763.5 11761.4 11759.9 11758.8 11758.2 11758.1
11893.3 11890.9 11885 11878.4 11873 11867.5 11861.2 11853.4 11849.2 11846.5 11842 11836.4 11830.1 11823.4 11815.9 11810.1 11807 11805.6 11806.4 11808.6 11810.1 11806.8 11803 11799.1 11795.4 11792.6 11790.5 11790 11790.2 11790.7 11792.1 11793.7 11794.3 11794.7 11794.7 11794.1 11792.3 11789.8 11787.6 11786 11784.7 11783.4 11782.9 11782.8 11783 11783.5 11783.8 11783.8 11783 11781 11776.4 11771.7 11768.5 11766.9 11766 11765.6 11765.3 11765 11764.7 11764.5 11764.2 11764 11762.6 11761.5 11760.7 11760.3 11760.4
11894.7 11895.7 11900.2 11885.8 11876.3 11870.9 11865 11858.6 11853.8 11849.6 11843.9 11838.1 11832.5 11827.6 11819.9 11812.3 11810.4 11811.3 11809.5 11809.1 11808 11805.6 11802 11798.3 11795 11792.7 11792.7 11791.7 11793.2 11793.3 11795.2 11796.1 11796.3 11796.2 11795.7 11794.7 11793.2 11791.2 11788.8 11786.8 11785.1 11783.5 11782.5 11782.4 11782.5 11782.7 11782.7 11782.5 11781.7 11780 11776.6 11772.5 11769.8 11768 11767.1 11766.6 11766.3 11765.9 11765.6 11765.2 11764.6 11763.2 11763.4 11763.1 11762.6 11761.9 11761.9
11893.3 11895 11894.4 11888.5 11880.7 11874.9 11870.4 11866.5 11861.5 11854 11846.1 11839.1 11833.2 11827.9 11820.2 11813.3 11812.4 11811.1 11810.8 11809.4 11807.4 11804.5 11801.2 11797.8 11794.9 11793.5 11796.7 11801.1 11802.5 11803.1 11800.6 11799.1 11798.2 11797.4 11796.7 11796.1 11794.2 11791.8 11789.7 11787.6 11785.5 11783.8 11782.7 11782.3 11782.1 11782 11782 11781.7 11781.1 11780.2 11776.9 11773.2 11770.7 11769.3 11768.4 11767.8 11767.3 11767.1 11766.8 11766.4 11766.2 11765.8 11765.4 11765.4 11765.2 11764.9 11765
11889.8 11891 11891.9 11886.5 11881.1 11877.1 11874 11872 11867.7 11856.8 11846.4 11838.4 11832.3 11827.4 11822.7 11817.8 11816.3 11814.7 11812.5 11810 11807.2 11804 11800.9 11797.7 11795.1 11794.7 11806.4 11816 11808.8 11808.2 11803.2 11801 11799.5 11798.3 11797 11795.5 11793.5 11791.4 11789.3 11787.3 11785.6 11784.2 11783.5 11782.3 11781.9 11781.9 11781.8 11781.6 11781.1 11780.5 11777.2 11774.8 11772.7 11771.6 11770.8 11770.2 11769.9 11769.5 11769.1 11768.5 11768.3 11767.9 11767.6 11768 11768.6 11769.4 11769.7
11885.4 11885.4 11884.8 11883.7 11880.8 11877.2 11873.4 11871.6 11869.7 11854 11843 11835.6 11830.1 11825.1 11820.2 11822.2 11819.9 11817.8 11814.4 11811 11807.1 11803.8 11801.2 11798.3 11795.8 11795.5 11796.9 11796.3 11800.2 11799.2 11801.8 11801.5 11800.2 11798.6 11796.9 11794.7 11792.7 11790.9 11789 11787.2 11785.4 11783.6 11782 11781.7 11781.8 11782 11782 11781.8 11781.2 11780.2 11777.1 11776.4 11775.2 11774.5 11773.8 11773.2 11772.6 11772.1 11771.6 11771 11770.3 11769.5 11769.5 11770.7 11772 11773.6 11773.9
11881.4 11881.5 11881.6 11882.3 11880.9 11875.5 11868.1 11860 11850.5 11840.9 11834.9 11830.9 11827.3 11824.3 11824.1 11820.7 11818.2 11817.5 11816 11812.5 11808.9 11805.6 11802.2 11799.4 11796.7 11793.8 11794.6 11796.3 11799.3 11801.2 11802.3 11802.1 11800.9 11799.1 11796.9 11794.8 11793 11790.4 11788.6 11787 11785.3 11783.5 11781.5 11781.7 11782.1 11782.4 11782.6 11782.5 11781.8 11780.5 11780.3 11778.5 11777.2 11776.5 11775.8 11775.3 11774.8 11774.4 11774 11773.5 11773 11772.7 11772.9 11773.8 11774.8 11776 11776.6
11877.8 11879 11880.4 11881.2 11880.2 11873.6 11861.8 11845.7 11826.2 11824.5 11826.3 11826.2 11824.9 11822.8 11818.1 11814.8 11821.5 11822.1 11818.1 11813.8 11809.6 11805.7 11803.3 11801.4 11799.4 11797.7 11796.4 11798.9 11803.6 11805.7 11804.8 11803.5 11801.7 11799.5 11796.7 11793.7 11791.1 11789.3 11788.3 11787 11785.5 11784.3 11783.6 11783 11782.7 11783 11783.4 11783.6 11783.2 11782.1 11781.1 11780.6 11779.6 11778.9 11778.4 11778 11777.6 11777.2 11776.8 11776.5 11776.3 11776.4 11776.7 11777.3 11777.5 11777.5 11778.9
11874.2 11873.4 11876 11880 11880.7 11873.7 11859.2 11840.9 11822.2 11819.9 11822.6 11823.7 11823.8 11823.2 11821.1 11815.4 11821.7 11824 11819.9 11815.1 11810.2 11806.4 11804.9 11804.1 11803.4 11801.6 11799.4 11800.2 11807.1 11808.8 11806.4 11804.2 11801.9 11800 11797.1 11793.3 11788.7 11789.2 11788.7 11787.4 11785.9 11784.6 11783.6 11783 11783.2 11784 11784.9 11785.6 11785.8 11785.2 11783.7 11783.3 11783 11781.7 11781.2 11780.9 11780.5 11780.2 11779.9 11779.7 11779.7 11780 11780.6 11781.2 11781.6 11781.3 11782.5
11871.2 11868.5 11871.9 11878.8 11885.1 11876.7 11858.7 11843.2 11833.5 11827.5 11823.9 11823.6 11824.3 11825.7 11827.2 11822.3 11824.5 11824.2 11820.3 11815.8 11811.5 11808.4 11807 11806.8 11807.9 11806.8 11800.8 11797.3 11805.3 11807.9 11807.1 11805.6 11804 11801.9 11799.1 11796.2 11793.7 11792.1 11790.5 11788.8 11786.9 11785 11783.2 11782.4 11783.7 11785.2 11786.7 11788.1 11789 11788.7 11786.8 11786.2 11785.7 11784.3 11783.9 11783.5 11783.1 11782.9 11782.8 11782.7 11782.8 11783.3 11783.7 11785 11786.5 11788.1 11787.1
11871.8 11868.9 11870.5 11874.3 11876.7 11867.8 11854 11842.3 11834.8 11828.5 11824.7 11824.2 11825.2 11826.7 11828 11825.8 11825.7 11823.6 11819.9 11815.8 11812.3 11809.9 11808.4 11808 11808.4 11806.8 11801 11797.8 11800.4 11805.1 11806.5 11805.4 11804.1 11801.8 11800 11799 11797.8 11795.6 11792.8 11790.5 11788.3 11786.2 11784.1 11783.4 11784.9 11786.9 11788.8 11790.6 11792.2 11792.6 11790.6 11789.2 11788.6 11787.1 11786.5 11786.1 11785.8 11785.7 11785.6 11785.6 11785.8 11786.3 11787.3 11787.8 11789 11790.5 11790
11875.2 11872.2 11870.7 11867.8 11861.5 11853.4 11845.5 11837.5 11829.3 11823.6 11823.9 11824.4 11825.4 11826.5 11828 11827.6 11824.1 11822.2 11819 11815.6 11812.5 11809.8 11809 11808.8 11808 11807.4 11804.6 11800.1 11801.8 11806 11807 11806.6 11805.4 11804.2 11801.9 11800.6 11800.3 11797.6 11794.6 11792.3 11790.1 11788.2 11786.5 11786 11787.2 11789 11791 11792.9 11794.3 11794.4 11793.2 11792 11791 11790.3 11789 11788.6 11788.4 11788.2 11788.2 11788.4 11788.6 11788.8 11788.3 11789.5 11790.2 11790.6 11791.9
11881 11879.6 11873.1 11863.9 11852.5 11841.8 11838.3 11834.4 11829.2 11825.7 11825.4 11825.4 11825.6 11825.5 11824.2 11821.2 11823.8 11820.8 11818.1 11815.4 11812.8 11811.1 11811 11811.5 11810.2 11811.3 11815.1 11808 11813.1 11810.1 11809.4 11808.4 11807.1 11805.4 11803.4 11801.5 11798.6 11796.4 11795.5 11793.7 11792 11790.7 11789.5 11789.1 11789.9 11791.4 11793.2 11795.1 11796.7 11796.3 11795.5 11794.4 11793.5 11792.3 11791.7 11791.4 11791.1 11791 11791 11791.2 11791.4 11791.9 11792.6 11793.3 11793.8 11794 11794.3
11885.6 11889.9 11875.2 11862.5 11849.3 11838.3 11836.8 11835 11832.9 11831.8 11828.4 11826.8 11826 11825.7 11824.8 11823.5 11819.3 11818.3 11817.1 11815.6 11813.8 11811.9 11813.5 11818.2 11819.4 11820.1 11812.3 11809.9 11809.7 11811.2 11810.7 11809.6 11808.2 11806.5 11804.8 11802.9 11800.7 11799.1 11797.5 11796 11794.6 11793.2 11792.4 11792.2 11792.7 11793.8 11795.2 11796.9 11798.9 11798.8 11797.4 11796.5 11795.7 11794.5 11794.1 11793.8 11793.6 11793.6 11793.7 11793.9 11794.2 11794.8 11795.5 11796.1 11796.7 11796.7 11796.6
11876.4 11876 11871 11862.3 11852.8 11844.2 11841.1 11838.3 11835.3 11832.8 11829.4 11827.5 11826.5 11826.3 11826.3 11823.3 11814.8 11816.4 11817.2 11816.4 11815.8 11816.1 11821.1 11829.2 11833.7 11832.2 11834.5 11815.2 11811.8 11813.4 11812.2 11810.4 11809 11807.3 11805.8 11804.5 11803.7 11802.6 11800.4 11798.4 11796.9 11795.6 11794.9 11795.1 11795.2 11795.9 11797 11797.9 11798.3 11799.1 11798.6 11797.8 11797.2 11796.1 11795.7 11795.5 11795.7 11795.7 11795.9 11796.2 11796.6 11797.2 11798 11798.3 11797.4 11797.6 11798.2
11867.7 11865.3 11866.5 11862.9 11858.4 11855.4 11850.3 11842.8 11836.6 11830.3 11828.8 11828.2 11827.4 11826.8 11826.4 11824.9 11820 11820.5 11820 11818.8 11818.1 11819.5 11825.4 11838 11848.5 11827.6 11814.4 11820.1 11825.3 11816.6 11813.2 11810.7 11809.4 11807.9 11806.6 11805.8 11804.9 11803.8 11801.9 11800.4 11799.1 11798.1 11797.3 11796.6 11797.1 11798 11798.7 11799.1 11799.3 11799.9 11799.6 11799.2 11798.8 11798.3 11797.6 11797.5 11797.5 11797.6 11797.9 11798.2 11798.7 11799.2 11799.4 11798.9 11798.3 11798.7 11799.7
11874 11870.9 11866.7 11863.6 11861.5 11862 11853.9 11845.5 11839.1 11834.1 11831.8 11830.1 11828.3 11826.8 11825.5 11823.9 11827.9 11827.1 11823.5 11821.1 11819.7 11819.4 11822.5 11832.5 11835.8 11819.6 11810.9 11826 11813.7 11816 11813.4 11811.5 11810 11808.5 11807.2 11806.4 11805.6 11803.5 11803.5 11802.5 11801.4 11800.5 11799.8 11799.6 11799.8 11800.2 11800.8 11801.2 11800.9 11800.4 11800.6 11800.6 11800.5 11800.2 11799 11799 11799.1 11799.3 11799.6 11799.9 11800.3 11800.7 11800.9 11800.6 11799.6 11800.4 11801.6
11872.6 11870.8 11866.3 11862.8 11859.1 11853.6 11849 11845.5 11841.8 11839.5 11836.2 11832.1 11829.1 11827 11825.3 11825 11829.1 11828.3 11824.8 11822.7 11821.1 11819.4 11818.9 11826.3 11826.7 11816.6 11810.6 11810.6 11822.1 11816 11812.2 11810.2 11808.9 11808.6 11808.2 11807.6 11807.1 11807 11805.9 11804.6 11803.5 11802.7 11802 11801.8 11801.9 11802.3 11802.9 11803.5 11804 11802.4 11802.1 11802.1 11801.7 11801.6 11801.7 11801 11801.2 11801.4 11801.7 11801.8 11802.2 11802.5 11802.7 11802.7 11802.2 11802.5 11803.7
11864.4 11865.3 11864.1 11861.2 11857.3 11852.4 11848.3 11845.5 11843 11840.9 11837.6 11833.2 11829.6 11826.8 11825.7 11826.9 11826.9 11824.4 11824.2 11824.2 11823.8 11823.1 11822.5 11826.4 11826.3 11818.8 11812.2 11809.8 11809.4 11810.3 11810.3 11809.8 11809.4 11809 11808.9 11808.7 11808.5 11808.2 11807.5 11806.2 11805.6 11804.6 11804 11803.6 11803.6 11804.2 11804.9 11805.5 11805.3 11803.9 11803.6 11803.4 11803.4 11803.7 11803.8 11803.7 11802.4 11802.7 11803 11803.5 11803.9 11804.2 11804.6 11804.6 11803.6 11804.7 11806
11863.5 11863.5 11862.7 11860.4 11856.8 11852.5 11848.6 11845.7 11843.2 11840.7 11837.7 11833.1 11829.5 11826.6 11824.5 11824.8 11825.8 11822.7 11824.4 11826.3 11827.9 11829.5 11830.3 11828 11824.5 11820.3 11813.5 11807 11806 11806.8 11808 11808.8 11809.2 11809.5 11809.5 11809.5 11809.4 11809.1 11808.5 11807.8 11807.1 11806.5 11805.9 11805.5 11805.4 11806.1 11806.8 11807 11805.1 11804.8 11805.3 11805.6 11805.7 11805.2 11805.4 11805.5 11805.5 11804.7 11805.1 11805.4 11805.7 11806 11806.5 11806 11806.1 11807.3 11808.5
11867.5 11865 11863.4 11861 11857.5 11853.2 11849.3 11846.4 11843.6 11839.8 11835.7 11832.2 11829.5 11826.9 11824.2 11824.6 11828.2 11825.4 11826.5 11829 11831.9 11835.6 11839.8 11830.4 11824.4 11822.9 11815.6 11808.2 11805.5 11805.5 11806.7 11807.9 11808.9 11809.3 11809.8 11810.1 11810.1 11809.6 11809.2 11809 11808.5 11808.1 11807.7 11807.6 11807.7 11808.5 11809.2 11809 11807.8 11807 11807.5 11808 11808.3 11808.3 11808.1 11808.2 11808.2 11807.9 11807.2 11807.4 11807.6 11807.8 11808.5 11809.3 11810.1 11810.4 11811.4
11865.1 11866.6 11865.1 11862.7 11859.6 11855.3 11850.7 11848.7 11845.7 11840.3 11833.5 11832.8 11831.3 11828.8 11827.5 11828.4 11828.7 11827.5 11829.7 11832 11834.5 11837.8 11841 11834.5 11829.2 11829.2 11818.4 11809.2 11806.2 11805.4 11805.7 11807 11808.1 11809.1 11810 11810.6 11811 11811.1 11811 11810.5 11809.9 11809.6 11809.5 11809.7 11810.3 11811.2 11812.1 11812.5 11810 11810 11810.6 11811.1 11811.5 11811.7 11810.8 11810.3 11810.1 11810 11809.8 11809.1 11809.3 11809.6 11810.4 11811.6 11812.7 11813.2 11813.6
11875.5 11870.1 11867.2 11864.9 11862.6 11859.8 11856.7 11854.4 11851.2 11846.4 11841.1 11838.7 11835.3 11831.6 11828.5 11831.1 11836.3 11837.1 11835 11833.9 11834.6 11835.7 11836.1 11837.5 11833.6 11825.2 11818.4 11811.6 11804.8 11803.7 11806.2 11808.4 11809.9 11811 11811.4 11811.9 11812.3 11812.7 11813 11812.1 11811.4 11811.1 11811 11811.5 11812.7 11814.1 11815.3 11815.7 11813.7 11813.7 11814.1 11814.4 11814.5 11814.3 11813.6 11813.3 11812.7 11812.4 11812 11811.7 11811.6 11811.1 11811.8 11812.6 11814.2 11815.5 11816.1
11872.5 11870.9 11868.7 11867.2 11866 11865.2 11865.1 11863 11858.2 11854.8 11854.3 11847.5 11840 11835.2 11833.6 11835.9 11842.2 11838.9 11834.5 11834 11833.9 11832.5 11831 11832.9 11833.4 11824.7 11805.5 11798.9 11801.1 11805.1 11807.5 11810.2 11812 11813.2 11813.8 11814 11813.8 11814 11813.9 11813 11812.9 11812.6 11812.4 11812.7 11813.8 11816.1 11819.3 11820.2 11818.4 11818.5 11818.8 11818.3 11817.9 11817.4 11816.9 11816.5 11815.9 11814.9 11814 11813.5 11813.2 11813.1 11813.1 11813.5 11817.2 11817.9 11818.3
11869.7 11869.8 11869.4 11868.9 11868.5 11868.9 11871.2 11868.3 11862 11858.2 11855 11848.7 11842.3 11837.2 11834.8 11836.2 11838.9 11835.2 11834.8 11834.9 11832.6 11829.3 11825 11823.1 11827.1 11817.8 11792.4 11790.6 11800 11804.9 11811.1 11813.4 11814.6 11815.4 11815.8 11815.9 11816.3 11815.5 11812.8 11814.4 11814.8 11814.4 11813.9 11813.7 11813.7 11818.2 11825.2 11828.1 11824.5 11824.6 11824.1 11823.2 11822.1 11821.1 11820.3 11819.4 11817.9 11817.1 11816.1 11815.5 11814.8 11814.6 11814.9 11816.9 11818.8 11819.7 11820.1
