real_craters/C087-500m.grd
DSAA
123 123
-30.5025 30.5025
-30.5025 30.5025
10847.821650486 12272.588135956
[rows 0 to 29 of 123, columns 0 to 66 of 123]
12014.4 12015.1 12016.2 12016.5 12015.4 12016.2 12016 12014.5 12013.2 12012.2 12014.5 12016.8 12018.5 12018.2 12017.4 12015.8 12013.8 12011.6 12009.1 12005.9 12002.1 11997.5 11991 11986.7 11982.3 11977.6 11972.7 11967.7 11962.7 11957.7 11952.7 11947.7 11943 11938.6 11935.7 11933.3 11930.9 11928.7 11926 11923.2 11921.9 11920.2 11918.8 11917.3 11916 11914.3 11912.4 11909.8 11907.6 11905.2 11903.6 11902 11900.5 11898.9 11901.8 11897.6 11896.4 11897.8 11899.5 11899.8 11899.5 11898.8 11897.6 11895.6 11894 11892.7 11892.5
12013.5 12014.4 12015.9 12017.4 12018.2 12016.7 12016.7 12015.9 12015.3 12017.1 12018.5 12019.5 12020.4 12019.8 12018 12015.7 12013.3 12010.5 12007.3 12003.8 11999.7 11995 11990.3 11985.6 11980.8 11975.9 11971.2 11966.3 11961.4 11956.6 11951.8 11947.1 11942.7 11938.8 11935.9 11933.5 11931.6 11929.2 11926.6 11924.5 11922.5 11920.6 11919.2 11917.9 11916.6 11915 11913.8 11911.5 11908.4 11904.7 11900.8 11900.4 11901 11900.9 11895.1 11894.4 11896.9 11897.6 11899 11899.6 11900.2 11899.1 11897.6 11896.9 11892.8 11892.1 11891.6
12012.3 12013.4 12015.2 12017 12017.5 12018.3 12017.8 12017.7 12017.7 12019.7 12021.4 12022.4 12022.5 12021.2 12018.8 12015.7 12012.5 12009.1 12005.5 12001.9 11997.8 11993.9 11989.4 11984.5 11979.5 11974.7 11969.8 11965.2 11960.3 11955.6 11951 11946.6 11942.8 11938.5 11937 11935.3 11932.6 11929.4 11927.3 11925.6 11922.7 11921.2 11920.3 11919.6 11918.7 11917.5 11915.9 11913.5 11910.5 11906.4 11903.2 11901.8 11901.6 11898.1 11886.4 11887 11891.1 11897 11897.7 11897.8 11898.7 11897.4 11895.7 11894 11892.5 11892 11892.5
12009.1 12011.4 12014.6 12017.1 12018.4 12018.3 12019.2 12020 12021.3 12023.5 12025.1 12024.9 12025 12023.4 12018.8 12015 12011.3 12007.5 12003.7 11999.9 11996.1 11992.4 11987.6 11982.8 11978 11973.4 11968.8 11964.1 11959.4 11954.8 11951.2 11947 11943.5 11940.5 11938.3 11936 11933.8 11932.2 11926.6 11926.1 11923.3 11921.8 11921.3 11920.8 11920.6 11919.9 11918.9 11916.9 11913.5 11908.5 11902.5 11901.9 11899.6 11887.5 11880.3 11881.6 11884.3 11893.9 11894 11893.6 11894.1 11893.7 11893 11892 11890.9 11890.4 11890.6
12011.1 12012.4 12015.1 12017.7 12019.6 12021.3 12021.1 12021.7 12023.4 12025.8 12027.9 12026.3 12024 12019.5 12017.2 12013.7 12009.7 12005.7 12001.8 11997.8 11993.9 11989.8 11985 11980.3 11977.4 11973.7 11969.8 11965.6 11959.1 11954.6 11950.2 11946.3 11943 11940.8 11937.9 11934.8 11932.2 11929 11927.2 11924.9 11922.8 11922.3 11922.2 11922.1 11922.1 11921.2 11920.8 11920 11917.8 11914.5 11904.9 11903.1 11897.3 11887.6 11880.5 11879.6 11883.3 11887 11887.9 11886.5 11886.4 11888.4 11890.7 11891.7 11890.5 11887.5 11884.1
12014 12015.3 12016.5 12017.7 12019.4 12021.8 12021.9 12022.1 12022.6 12025.4 12028.5 12026.4 12023.2 12019.8 12016 12011.3 12006.5 12001.8 11997.5 11993.7 11990.3 11987.5 11984.1 11979.9 11976.5 11972.8 11968.5 11964 11959.1 11954.5 11949.5 11945.3 11941.6 11938.3 11935.8 11934 11932.4 11929.9 11926.5 11923.9 11922.5 11922.2 11921.6 11921.2 11921.4 11920.9 11921.2 11920.6 11922.9 11924.8 11921.6 11906.4 11894.9 11886.9 11880.1 11877.7 11878 11881.8 11884.7 11881.6 11878 11885.6 11888.9 11890 11886.6 11885 11884.9
12021 12019.2 12018.5 12018 12018.9 12020.9 12022 12022.4 12022.2 12023.8 12026.9 12025.7 12023.1 12019 12014.5 12009.9 12005.1 12000.5 11995.7 11991.5 11987.8 11984.8 11982.3 11979.6 11976.1 11972.5 11968.3 11963.6 11958.6 11953.5 11948.7 11944.1 11939.8 11936.1 11933.8 11933.4 11931.1 11928.3 11925.1 11922.4 11922.8 11921.7 11921.2 11920.3 11920.2 11920.5 11922 11923.3 11925.2 11928.7 11929.4 11906.7 11894.1 11887.4 11877.4 11876.4 11879.5 11883.2 11887.3 11890.2 11889.4 11890.9 11889.2 11885.5 11879.8 11882.4 11885.4
12024 12022.1 12020.8 12020.5 12020.9 12021.6 12023 12023.6 12023.8 12024.8 12026.5 12025.1 12022 12018.3 12013.1 12007.8 12002.6 11997.6 11992.7 11988.2 11984 11980.7 11978.1 11975.7 11975.1 11972.7 11968.2 11963.1 11957.7 11952.4 11947.3 11942.6 11938 11933.9 11931.4 11931.8 11930.8 11926.2 11924.2 11923.6 11922.2 11921.4 11920.3 11920 11920.7 11921.2 11922.3 11923.3 11923.8 11920.8 11916.7 11907.7 11898.4 11894.1 11880.8 11878.2 11875.8 11879.2 11889.3 11909.2 11914.3 11900.1 11891.6 11885.3 11883.1 11881.8 11879.2
12025.6 12023.5 12022.4 12022.5 12023.4 12024.2 12025 12025.6 12026 12026.2 12026.6 12023.4 12019.4 12015.7 12010.2 12005 11999.8 11994.6 11989.5 11984.5 11979.9 11975.8 11973.5 11972.5 11978 11973.8 11967.6 11961.9 11956.3 11951 11946 11941.2 11936.5 11932.9 11930.7 11929.7 11928.5 11927 11924.2 11922.8 11921.5 11920.2 11919.7 11920.6 11921 11921.7 11924.2 11925.1 11925.7 11926.1 11929.3 11934.7 11914.5 11884.8 11882.9 11889.3 11887.8 11881.7 11890.5 11907.3 11910.7 11902.3 11892.6 11885.4 11884.2 11881.2 11877.3
12024.9 12023.7 12022.6 12023.7 12027.5 12027.1 12027.1 12027.4 12028 12028.6 12025.5 12021.6 12016.8 12011.5 12007 12002.3 11996.9 11991.5 11986.2 11981.1 11976.3 11971.9 11970.6 11995.3 11984.7 11972.7 11965.8 11960 11954.8 11949.6 11944.2 11939.8 11935.2 11931.1 11928.5 11928.1 11926.2 11924.3 11923.1 11921.6 11919.7 11920 11920.1 11920.4 11921.1 11921.9 11923.2 11925 11927.4 11933.6 11945.2 11955.7 11940.5 11916.1 11937.5 11914.3 11888.4 11890 11894.8 11907.2 11906.3 11898.3 11890.3 11883.5 11881.5 11880.4 11878.7
12024.5 12024.1 12023.4 12024.9 12028.1 12028.8 12028.5 12028.3 12028.4 12027.3 12024.2 12019.5 12014.7 12011.1 12006.1 11999.8 11994.1 11988.6 11983.3 11978.2 11973.4 11969.3 11967.4 11965.7 11966.6 11966.1 11962.3 11957.8 11953 11947.9 11943 11938.3 11933.8 11929.4 11925.2 11926 11925.8 11923.7 11921.6 11920.2 11918.8 11918.9 11919.1 11919.4 11919.7 11920.3 11921.4 11923.8 11926.8 11925.9 11941.9 11958.6 11969.2 11970.3 11965 11941.9 11918.3 11912.5 11907.9 11899.1 11894.9 11891.3 11887 11881.3 11881 11880.3 11879.6
12026 12025.6 12025.3 12026.2 12029 12029.4 12029 12028.2 12027.4 12026.7 12022.3 12017 12011.7 12007.1 12001.8 11996.5 11991.1 11985.9 11980.9 11975.9 11971.2 11967.3 11964.6 11961.8 11960.6 11960.3 11958 11954.5 11950.4 11946 11941.6 11937.4 11933.2 11929.2 11925.6 11925.1 11924.7 11918.9 11920.6 11919.7 11918.3 11917.7 11917.8 11917.9 11918 11918.2 11918.9 11919.8 11924.1 11934.7 11930.9 11942.8 11971.1 11986.1 11949.3 11945 11946 11931.6 11932.7 11891.2 11883.9 11883.4 11884.9 11886.3 11881.2 11879.2 11875.2
12027.5 12028.2 12028.7 12028.4 12029.6 12029.5 12028.6 12027.1 12025 12021.7 12017.9 12013.4 12008 12003.1 11998 11992.7 11988.5 11983.6 11978.7 11974 11969.5 11965.6 11962.6 11960.1 11958.5 11956.9 11954.8 11951.9 11948.2 11944.3 11940.2 11936.4 11932.6 11929.5 11927 11923.3 11922.5 11921.6 11919.8 11919.3 11917.9 11916.7 11915.8 11915.4 11914.6 11914 11914.1 11914.1 11914.2 11913 11907 11907.8 11932.6 11939.3 11917.8 11909.2 11917.7 11912.3 11892 11879.7 11876.5 11875.6 11875.6 11875.8 11875.4 11873 11871.5
12029 12031.1 12032.8 12031.8 12030.6 12029.4 12027.6 12025.4 12022.5 12018.8 12014.6 12009.2 12004.1 11999.4 11994.4 11990.6 11986.7 11982.6 11975.6 11970.9 11966.6 11963 11960.4 11957.7 11955.8 11954.7 11952.3 11949.4 11946 11942.2 11938.5 11935.2 11931.7 11928.8 11926.4 11921.6 11917.1 11917.4 11917 11916.2 11915.3 11915.1 11914.6 11913.8 11913.3 11912 11910.8 11909.3 11906.6 11902.9 11900 11899.7 11900.7 11902.7 11900.9 11896 11897.8 11896.5 11887.9 11877.5 11873.7 11871 11867.4 11866.6 11868.8 11868.2 11864.7
12031.5 12033.5 12035 12033.9 12032.1 12029 12026.2 12023.5 12020.7 12018 12013.6 12007 12001.9 11997.2 11991.9 11988.7 11984.9 11980.7 11976.2 11971.6 11967 11962.6 11958.8 11956.9 11956.9 11953.4 11950.2 11947.2 11944.4 11941 11937.6 11933.6 11930.2 11927.4 11923.3 11920.1 11916.6 11914.2 11913 11913.2 11913.7 11914.8 11915.1 11914.2 11912.6 11910.7 11908.5 11906 11903.2 11900.5 11898.3 11896.9 11895.8 11895.3 11895.6 11894.9 11893.2 11891.9 11889.3 11880.7 11874.1 11869.4 11866.1 11865 11866.1 11867 11863.7
12033.4 12035.3 12035.9 12034.1 12031.3 12028.1 12024.9 12021.9 12018.6 12014.9 12010.3 12006.1 12000.9 11996.5 11991.7 11988.3 11984.2 11979.6 11974.9 11970.1 11965.3 11960.8 11956.6 11953.4 11954.4 11949.9 11947.2 11944.3 11941.6 11938.5 11935 11932 11929.4 11926.3 11923 11922.1 11917.8 11915.1 11913.3 11914.1 11913.9 11916.6 11916.2 11914.8 11912.6 11909.5 11906.6 11903.5 11900.9 11898.9 11897.3 11895.8 11895.1 11893.2 11892.7 11892.4 11890.9 11889.8 11887.1 11881.3 11875.2 11869.5 11865.5 11864.6 11864.8 11862.3 11858.3
12034.9 12036.5 12036.3 12033.4 12030 12026.7 12023.4 12020.1 12016.4 12012.7 12009.1 12003.1 11999 11996.5 11994.2 11989.4 11984 11978.8 11973.9 11968.9 11964.1 11959.4 11954.8 11950 11946.2 11946.4 11945.4 11943.1 11940.6 11937.5 11934.5 11931.4 11928.1 11924.9 11922.2 11920.9 11916.8 11915.9 11916.4 11919 11924 11920.8 11917.2 11914.3 11911.6 11908.4 11904.6 11900.3 11895.6 11893.5 11893.8 11893.4 11893.5 11891 11889.3 11890.1 11889.6 11888.3 11887.6 11883.7 11876.5 11871.2 11867.7 11866 11866 11864.9 11860.1
12037.1 12037 12034.7 12030 12028.4 12025.5 12021.9 12018.1 12014.3 12010.4 12006.4 12003.7 12001 11997 11994.1 11989 11983 11977.7 11972.7 11967.8 11963.1 11958.7 11954.7 11951.1 11949.6 11947 11944.6 11942 11939.6 11937 11934.1 11930.9 11927.1 11923.8 11920.6 11916.4 11912.3 11915.4 11918.4 11920.2 11921.6 11919.8 11916.8 11913.6 11910.5 11907 11903.1 11898.8 11894.6 11891 11887.6 11889.1 11889.2 11887.9 11886.2 11887 11888.3 11886.7 11884 11880.8 11876.2 11872.1 11869.8 11868.8 11868.7 11867 11859.4
12039.8 12038.5 12035.5 12032 12028.3 12024.5 12020.4 12016.5 12012.2 12007.9 12004.5 12002.5 12000.6 11995.7 11991.2 11986.1 11981.1 11976.3 11971.5 11966.7 11962.3 11958.1 11954.4 11951.9 11949.3 11946.5 11944 11941.5 11939.1 11936.5 11933.3 11930.4 11927.2 11924.1 11919.8 11917 11916.4 11918.1 11918.3 11919 11918.5 11917.3 11915.6 11913 11909.9 11906.6 11903 11899.1 11894.2 11892 11891.5 11888.9 11887.2 11885.3 11884 11886.1 11885.5 11884.3 11882.1 11877.3 11874.4 11872.1 11869.1 11870.8 11871.3 11868.5 11861.8
12042.2 12041.1 12037.5 12034.2 12028.7 12024 12019.3 12014.5 12009.9 12005.3 12000.9 11999.4 11997.8 11993 11988 11983.1 11979.2 11974.7 11970.2 11965.8 11961.5 11957.4 11953.6 11949.8 11947.2 11944.9 11943 11940.9 11939 11936.6 11934.4 11932.1 11929.4 11925.7 11922.3 11919 11918.7 11921.6 11918.1 11917.9 11917.3 11916.1 11914.9 11912.5 11909.7 11906.7 11903.5 11900.6 11898.3 11893.7 11891 11889.7 11887.3 11883.4 11879.7 11879.7 11882.1 11882.5 11879.9 11872.8 11873.8 11873.9 11874.4 11873.7 11874.3 11871.8 11863.1
12043.6 12042.4 12038.1 12032.9 12028.1 12023.1 12017.9 12012.8 12007.9 12003.2 11998.9 11996.3 11994 11990.3 11986.3 11982 11977.5 11973.3 11969.1 11964.8 11960.6 11956.7 11953.1 11950.1 11946.9 11943.9 11942.5 11940.5 11938.3 11936.1 11934 11931.9 11929.4 11927.3 11925.4 11920.5 11916.9 11918.5 11917.7 11917.4 11917.3 11916.5 11914.1 11911.7 11909.2 11906.6 11903.9 11901.2 11897.7 11893.3 11890.1 11889.6 11887 11882 11877.8 11877.7 11880.6 11882.9 11882.3 11878.7 11875.3 11874.1 11874.1 11874.7 11875.3 11874.1 11864.1
12043.8 12041.7 12038.2 12033.2 12027.3 12021.5 12016.2 12010.9 12006.1 12001.4 11997.7 11994.5 11991.7 11988.1 11984.5 11979.6 11976 11971.7 11967.5 11963.2 11959.2 11955.8 11952.3 11949.1 11946.7 11945.3 11942.1 11939.4 11936.8 11934.6 11932.6 11931 11927.6 11927.1 11925.3 11922.1 11918.6 11914.8 11915.2 11916.5 11916.3 11915.3 11913 11910.6 11908.3 11906 11903.7 11901.4 11898.2 11893.6 11890.1 11888.4 11885.4 11881 11876.9 11877.7 11881.3 11885.1 11884.4 11880 11875.7 11872.9 11872.4 11873.7 11874.4 11871.4 11867.3
12043 12038.8 12035.8 12031.3 12025.6 12019.9 12014.3 12009 12004.1 11999.5 11995.7 11992.8 11989.9 11986.5 11982.9 11979.2 11974.5 11970.2 11966 11962.1 11958.3 11954.8 11951.5 11948.5 11946 11944.3 11941.6 11938.7 11936.2 11932.9 11930.9 11929.6 11929 11929.3 11928.1 11923.1 11923.8 11921.4 11916.7 11915.2 11914.7 11913.9 11911.8 11909.5 11907 11904.8 11902.8 11900.7 11897.4 11892.9 11889.9 11887.7 11884.2 11880.2 11878.2 11877.7 11880.5 11885.5 11887.8 11881.3 11875.6 11870.9 11870.4 11872.6 11874.4 11873.4 11867.8
12041.4 12037.1 12033.4 12028.1 12022.7 12017.2 12012.3 12007.2 12002 11997.1 11992.5 11989 11987.8 11985.1 11981.2 11976.6 11972.7 11968.4 11964.3 11960.6 11957 11953.6 11950.4 11947.2 11944.2 11943.1 11939.8 11937.5 11935.3 11932.2 11930.5 11929.3 11929 11929.9 11935 11934.9 11962.4 11927.4 11917.1 11914.9 11913.6 11912.4 11910.3 11908.2 11905.9 11903.5 11901.3 11899.2 11895.3 11889.9 11887.6 11885.9 11883 11878.6 11874.2 11875.1 11876.6 11879.7 11881.1 11880.6 11875.9 11869.4 11869.3 11872 11873.8 11872.3 11868.6
12038.5 12032.4 12028 12024.1 12019.7 12014.9 12009.8 12004.8 11999.7 11994.7 11989.6 11985.1 11985 11982.6 11978.3 11975 11970.3 11965.9 11962 11958.6 11955.3 11952.3 11949.3 11946.5 11943.7 11939.8 11937.4 11934.9 11932.5 11930.4 11928.8 11927.6 11926.6 11926 11924.5 11931 11940.5 11925.2 11916.9 11914.3 11912.3 11910.3 11909.1 11907 11904.4 11901.7 11898.9 11896.3 11892.6 11887.7 11886.1 11885.5 11882 11878.1 11874.8 11873.9 11874.9 11879.5 11881.1 11881.1 11878.2 11870.5 11871.1 11872.8 11872.3 11869.5 11863.7
12035.9 12029.9 12024.7 12020.4 12016.1 12011.8 12007.1 12002.4 11997.7 11992.8 11988.3 11985.1 11981.6 11978.2 11974.4 11970.6 11966.4 11962.6 11959.2 11956.1 11953.4 11950.7 11948.2 11945.9 11942.7 11939.3 11935.6 11933.2 11931.1 11928.1 11926.2 11924.5 11923.8 11922.2 11921.4 11920.8 11920.6 11918.5 11915.9 11912.4 11911.5 11911.8 11909.2 11905.9 11902.7 11899.3 11895.9 11892.7 11889.2 11886 11883.9 11882.5 11880.6 11878.2 11876 11873.9 11870.3 11865.1 11873 11880.3 11882.9 11879.7 11878.1 11876.6 11874.3 11869.6 11863.8
12031.1 12024.9 12020.1 12016.9 12012.9 12008.4 12004 11999.7 11995.1 11990.9 11986.5 11981.9 11979 11975.3 11970.7 11966.2 11962.2 11959.1 11956.5 11953.9 11951.3 11949 11947 11945.1 11943.6 11938.3 11933.8 11931.3 11929.3 11926.9 11924.9 11922.9 11921.1 11919.2 11915.9 11915 11916.7 11913.5 11911 11910.6 11910.6 11910.1 11907.7 11904.3 11900.8 11897 11892.9 11889 11885.7 11884.1 11881.8 11880.8 11880.1 11879.2 11878 11876.3 11875.5 11874.3 11875.1 11881 11888.1 11894.9 11886 11880.5 11877.7 11872.8 11867.1
12029.6 12023.6 12018.7 12013.9 12009.6 12005.9 12001.6 11997.2 11992.9 11988.7 11984.8 11982 11977 11972.3 11967.3 11962.4 11958.2 11956.1 11953.7 11951.4 11948.9 11946.7 11944.5 11942.4 11940 11935.4 11931.6 11929.6 11927.5 11925.6 11923.8 11921.8 11919.6 11917.6 11914.7 11911.3 11910.1 11911.8 11909.3 11909.2 11908.7 11907.6 11905.5 11902.6 11898.9 11895.2 11891 11887 11883.2 11880.7 11880.9 11880.7 11880.7 11880.6 11880.1 11879.3 11878.8 11876.9 11879.4 11883 11885.4 11886.6 11885.2 11881.3 11878.1 11877.3 11878
12024.8 12020.8 12016.2 12011 12006.6 12002.5 11998.5 11994.9 11990.7 11986.5 11982.5 11978.1 11974.3 11969.7 11965.7 11961 11956.9 11953.7 11951.4 11949.1 11946.7 11944.4 11942 11939.5 11936.6 11933.9 11931.1 11928.4 11926.1 11924.1 11922.2 11920.1 11918.1 11916.3 11914.5 11912.4 11910.6 11910.3 11909.8 11908.6 11907.8 11905.8 11903.5 11901.8 11898.4 11894.6 11890.9 11887.3 11884.6 11881.5 11881.5 11881.7 11880.5 11881.7 11881.8 11881.6 11882.4 11883.2 11883.8 11886.4 11887.2 11882.4 11882.5 11879.9 11877.4 11880.3 11883.4
12021.4 12015.1 12010.4 12006.7 12003 11999.6 11996.3 11992.6 11988.6 11984.5 11980.6 11976.7 11973.3 11970.4 11965.2 11959.6 11954.6 11952 11949.5 11947.2 11944.7 11942.3 11939.7 11937.1 11934.7 11932.4 11930.2 11926.5 11924.3 11922.6 11920.7 11918.8 11916.7 11915.2 11914.4 11913 11912.9 11911.1 11908.4 11907.9 11907.9 11908.2 11908.2 11902.4 11898 11894.1 11891.1 11890.5 11888 11884.7 11873.2 11874.7 11879.5 11881.4 11881.7 11882.5 11884.4 11885.3 11888.2 11889.4 11888.4 11885.1 11885.7 11883.7 11880.6 11884.1 11884
