real_craters/C087-1000m.grd
DSAA
36 36
-17.43 17.43
-17.43 17.43
9386.0785316918 11090.579679459
10367.6 10371.6 10373.2 10371.8 10366 10348.8 10382.1 10416.1 10433.4 10441.6 10452.6 10460.3 10468.1 10474.7 10478.7 10486.9 10509.4 10530 10550.1 10559.6 10554.9 10556.9 10556.4 10557.1 10556.4 10559.1 10565.3 10578.1 10593.3 10604.2 10647 10682.8 10698.9 10760.4 10806.3 10865.1 
10360.3 10366.3 10370.8 10372 10367.5 10368.1 10394.9 10427.4 10451.2 10458.6 10470.7 10480.7 10490.2 10500 10511 10520.6 10534.4 10547.5 10561.3 10558.9 10550 10558.9 10569.6 10576.5 10582.3 10584.3 10588.3 10593.6 10597.1 10603.6 10616.7 10661.4 10740.7 10810.3 10862.6 10919.7 
10361.8 10367.9 10373.1 10378.6 10385.7 10393.8 10403.5 10425.3 10457 10475.8 10490 10502.3 10515.8 10528.2 10548.7 10559.8 10557.5 10561.4 10562.6 10561.4 10564.3 10574.6 10586.2 10599.6 10609 10615 10616.1 10606 10593 10625.6 10668.3 10712.6 10760.4 10789 10861.2 10949.6 
10368.8 10370.3 10374.7 10382.5 10391.7 10405.1 10396.9 10431.1 10470.4 10487.1 10507.2 10525.2 10541.4 10556.1 10559.1 10567.4 10573.1 10577.9 10580.6 10584.7 10579.4 10593.8 10606.7 10621 10636.3 10647 10644.3 10636.1 10602.8 10647.5 10711.9 10755.6 10800.7 10802.8 10866.6 10949.2 
10370.3 10371.3 10376 10384.6 10396.5 10411.3 10402.9 10419.3 10465.4 10492.9 10516.7 10542.2 10564.1 10582.9 10573.3 10584.1 10598 10601.1 10599.4 10596.2 10603.1 10616.9 10626.4 10644.4 10657.4 10673.8 10686.2 10696.8 10684.9 10726.4 10798.2 10873.9 10864.3 10849.7 10884.1 10941.9 
10367.4 10367.4 10374.5 10386.5 10404.5 10417.3 10449.1 10449 10463.6 10505.1 10543.8 10576.4 10601.1 10604.7 10607.2 10633.9 10645.1 10639.9 10625.8 10618.7 10625 10631.2 10636.5 10654.7 10678.3 10703.9 10726.4 10722.8 10716.6 10780.1 10859.2 10945.3 10941.6 10908.8 10939.1 10958.1 
10366.2 10366.7 10373.3 10385.1 10415.3 10444.3 10445.5 10453.1 10476.9 10523.6 10567.6 10609.4 10658.5 10694.3 10732.2 10716.2 10687.9 10664.6 10652.3 10637 10640.8 10622.8 10642.6 10659.1 10682.7 10718.7 10764.1 10820.6 10809.9 10757.3 10824.6 10957.6 10976.5 10989.3 11023 11019 
10366.5 10368.4 10375.1 10378.1 10382.6 10426.3 10436 10465.5 10508.1 10544.9 10587 10633.9 10695.6 10793.9 10844 10768.6 10695.4 10657.4 10657.3 10681.7 10689.4 10647.6 10637.8 10624.7 10651.5 10696.2 10750.9 10790.7 10778.3 10755 10748.7 10783.4 10853.4 10969.4 11076.1 11090.6 
10360.9 10371.1 10380.5 10389.1 10398.7 10402.9 10413.3 10483.7 10557.1 10560 10585.9 10619.9 10685.6 10779.7 10773.6 10678.2 10575.9 10537.2 10574.7 10710.4 10737.5 10675.9 10620.6 10586.3 10598.9 10649.3 10703.6 10710.4 10686.6 10693.9 10654.5 10639.4 10689.4 10788.9 10910.3 11056 
10372.6 10381.8 10395.8 10413.7 10425.1 10432.6 10453.3 10496.6 10530.7 10559.7 10562.1 10562.7 10581.4 10639.8 10670.2 10469.1 10366.4 10325.3 10336.4 10397.5 10442.2 10550.8 10470.3 10488.4 10537 10595.9 10613.2 10593 10593.2 10613.2 10567.2 10545.1 10564.3 10597.8 10680.9 10776 
10372.4 10388.5 10411.8 10430.3 10448.3 10467.3 10493.1 10535.2 10588.3 10570.4 10521 10453.5 10379.2 10301.8 10171.2 10112.9 10085.5 10052.2 9997.99 9923.04 9916.6 10013.1 10177 10339.7 10477.7 10571.4 10595.9 10563.9 10539.1 10522.9 10504.2 10497.8 10499.4 10511.2 10570.6 10652.4 
10384.4 10407.3 10430.4 10457 10472.7 10479 10528.1 10579.1 10635.6 10584.4 10469.1 10321.8 10155 9973.39 9808.18 9795.37 9815.88 9796.89 9728.81 9637.5 9630.55 9753.47 9982.41 10225.9 10432.2 10590.5 10664.7 10566.9 10512.1 10485.8 10460.3 10461.6 10475.2 10467.9 10488.4 10532.8 
10433.9 10442.1 10454.7 10479.4 10497.6 10534.3 10552.9 10594.1 10667 10603 10434.2 10221.8 10002.2 9771.08 9672 9647.63 9629.47 9597.74 9551.61 9496.49 9514.78 9675.01 9902.34 10148.5 10401.5 10622.3 10722.6 10585.6 10495.8 10459.2 10439.8 10439.4 10453.5 10444.8 10446.3 10484.6 
10447.6 10456 10464.7 10478.8 10496.5 10510.3 10514 10582.1 10674.9 10606.4 10401.2 10149 9913.45 9745.36 9626.44 9561.49 9512.98 9484.34 9446.36 9408.36 9422.45 9581.25 9784.22 10053.2 10340.4 10632.6 10845.4 10576.5 10485 10444 10419.4 10409.8 10414 10420.6 10438.6 10454.5 
10457.1 10468.2 10468.6 10475.1 10492.3 10498.1 10498.4 10557.4 10677 10607 10348.6 10077.1 9814.57 9594.76 9503.8 9445.29 9453.63 9441.48 9410.08 9386.08 9399.4 9506.14 9678.24 9947.19 10233.7 10499.9 10627.9 10549 10492.1 10435 10400.9 10383.8 10373.4 10391.3 10406.1 10413 
10463.7 10491.5 10475.7 10477.9 10504.5 10531.1 10522.7 10541.1 10556.5 10445.4 10280.6 10018 9740.73 9538.24 9483.11 9475.9 9449.79 9439.49 9419.89 9410.71 9432.2 9496.34 9614.26 9832.92 10090.8 10334.7 10509.2 10537.9 10469.6 10430.9 10383.8 10375.8 10372.1 10369.7 10376.7 10385.5 
10471.5 10483.3 10487.5 10499.9 10514.9 10531.6 10587.5 10572.3 10576.2 10493.1 10286.9 9998.7 9709.36 9524.94 9488.4 9490.67 9467.77 9452.82 9438.49 9432.2 9446.76 9475.05 9522.49 9728.36 9964.57 10167.6 10328.8 10467.6 10513.5 10448.2 10390.3 10376.2 10370.6 10354.1 10350 10380.4 
10469.4 10476.5 10478.1 10489.7 10521.3 10559.9 10575.2 10587.6 10631.4 10595.9 10339.8 10020.3 9702.5 9524.58 9501.44 9501.02 9481.64 9468.79 9457.06 9447.28 9455.52 9461.58 9484.77 9665.42 9902.95 10127.3 10336.4 10495.7 10532.7 10459.8 10391.4 10366.8 10350 10340 10345.4 10390.1 
10471.9 10467.2 10470.6 10474.6 10483.8 10525.9 10573.8 10610 10669.9 10651 10399.4 10065.2 9748.87 9571.61 9524.73 9526.66 9490.51 9475.97 9471.31 9456.79 9441.6 9435.63 9468.41 9641.37 9886.58 10158.7 10383.8 10524.3 10556.3 10465 10394.1 10369.7 10346.1 10340 10360.5 10344 
10473.1 10462.3 10467.9 10471.5 10467.8 10517.7 10602.5 10658.4 10683.4 10674.5 10435.1 10096.1 9802.49 9634.11 9561.13 9530.63 9496.42 9487.8 9479.87 9471.09 9449.26 9451.6 9492.79 9661.98 9881.74 10095.2 10296.6 10528.2 10577.2 10473.4 10407 10380.3 10352.9 10333.6 10328.7 10316.7 
10481.1 10473.2 10471.6 10474.8 10484.9 10528.4 10575.5 10588.3 10622.6 10599.1 10384 10091.6 9832.45 9691.71 9615.57 9569.34 9532.06 9525.93 9530.92 9514.3 9494.77 9509.44 9612.94 9763.03 9920.4 10068.4 10255.9 10534.1 10582.4 10463.7 10409.5 10404.7 10358.4 10319.4 10314.3 10324.1 
10492.1 10485.1 10482.8 10491.1 10520.5 10543.3 10578 10607.7 10548.2 10430.4 10271.7 10094.9 9893.64 9791.02 9719.91 9638.83 9591.26 9601.76 9610.26 9594.64 9578.75 9583.43 9715.59 9860.18 9995.39 10137.7 10304.7 10559 10561.4 10433.7 10397.8 10378.8 10349.8 10317.8 10306.9 10295.7 
10501.7 10497.8 10493.5 10495.3 10505.5 10542.8 10570.9 10543.4 10528 10425.3 10305.5 10189.1 10033.1 9938.12 9859.21 9788.12 9754.99 9740.51 9734.59 9721.51 9706.99 9727.81 9864.31 10035.9 10094.2 10212 10410 10558.7 10520.2 10438.3 10399.4 10383.5 10347.6 10314.4 10294.7 10286.5 
10511.9 10510.4 10514.7 10496.8 10489.7 10527.1 10569.3 10613.1 10593.3 10556.9 10489.3 10379.9 10244.3 10113 10017.4 9942.07 9879.96 9881.43 9897.34 9889.36 9881.75 9886.09 10016 10145.3 10241.2 10425 10625.9 10515.7 10466.1 10398.3 10391.3 10376.8 10345.7 10319.3 10301.2 10301.9 
10511.5 10512.7 10530.9 10501.8 10488.5 10508.5 10552 10602.1 10629.7 10683.3 10741.6 10495.1 10334 10264.6 10189.8 10122.1 10056.5 10087.1 10077 10057.9 10065.9 10149.4 10182.6 10203.7 10469.3 10641.1 10643.7 10511.8 10437.1 10383.8 10377.8 10367.1 10339.7 10317.6 10318.4 10313.6 
10498.1 10505.2 10510.3 10488.3 10477.3 10484.5 10506.8 10545.9 10588 10652.4 10702.4 10610.8 10499.5 10418.9 10358.2 10326.6 10366.9 10295.1 10251 10229.2 10223.6 10209.5 10252.9 10409.2 10655.3 10636.5 10526.6 10482.8 10415.2 10375 10354.8 10345 10334.5 10325.3 10322.3 10312.3 
10472.1 10486.1 10492.6 10454.6 10449.9 10457.8 10468.1 10473.6 10504.1 10557.1 10579.3 10646.3 10628.4 10547.9 10489.2 10454.1 10383.1 10394.8 10374.6 10356.5 10362.6 10396.6 10499 10629.9 10652.7 10534.6 10450.5 10419.3 10387.1 10366.8 10358.9 10344.1 10329.1 10319.5 10314.4 10299.2 
10440.4 10433.2 10417.6 10427.6 10421.8 10427.8 10434.5 10447 10470.8 10491.1 10529.1 10677.2 10670.3 10606.8 10557.7 10524.5 10516.3 10497.7 10463.4 10452.4 10467.6 10546 10621.8 10606.4 10552.4 10398.2 10367.3 10366.3 10361.5 10365.4 10372.6 10356 10329.8 10320.1 10307.9 10293.8 
10413.8 10403.1 10397.8 10378.4 10384.3 10396.2 10408.9 10420.6 10437.4 10451 10484.6 10556.5 10608.6 10591.5 10566.4 10546.1 10501.5 10497.9 10505.2 10496.3 10502.5 10520.5 10537.4 10529.6 10431.7 10344.1 10339 10345.4 10350.2 10365.4 10385.3 10364.9 10335.3 10333.9 10337.1 10278.4 
10399.7 10393.2 10374.2 10352.1 10356.7 10370.8 10383.1 10395.5 10406.8 10422.1 10445.4 10477.5 10519.6 10536.6 10535.2 10531.4 10551 10552.3 10505 10491.9 10477.6 10461.2 10414 10394.9 10354 10336.4 10337.3 10347.7 10356.3 10367.7 10371 10361.2 10349.5 10329.3 10301 10256 
10385 10380.5 10351.9 10325.6 10336.9 10353.1 10371.7 10383.2 10392.3 10407.8 10427 10440.2 10459.3 10472.9 10477.8 10474.9 10459.5 10429.3 10451.3 10453.2 10443.5 10417.6 10378.1 10372.3 10364.9 10361.6 10357.6 10364.4 10367.4 10363.9 10364.1 10343.6 10322.4 10303.6 10263.9 10251.2 
10359.6 10353.3 10325.1 10313 10332.4 10357.2 10373.4 10386.4 10396.4 10402.2 10406.2 10410.5 10421.2 10431.3 10435.9 10434.2 10420.8 10404.3 10416.9 10417.1 10407.8 10394.6 10383.2 10381.5 10379.1 10379.5 10378.2 10378.5 10378.2 10344.9 10322 10320 10311 10299.5 10271.9 10245 
10337.1 10319.5 10306.7 10307.3 10345.3 10371.2 10387.1 10397.1 10399.5 10403.2 10400.2 10386.9 10399.5 10408.3 10412.4 10411.1 10410.3 10428.5 10403.3 10394 10387.8 10383.8 10388.3 10399.2 10406.1 10396.6 10382.1 10371.5 10360.2 10336.1 10317.5 10311.4 10297.1 10289.2 10271.5 10248.8 
10343.6 10335.4 10334 10360.6 10383.7 10394.7 10402.8 10406.7 10412.8 10417.9 10423.4 10407.3 10403.8 10405.9 10404.4 10400.6 10395 10382.8 10381.3 10377.2 10372.9 10371.3 10375.1 10382.2 10386.1 10360 10352.4 10347.1 10337.4 10327 10319.4 10317.6 10310.7 10288.7 10274.7 10255 
10351.4 10365.2 10392.9 10422.5 10433.5 10426.8 10420.6 10417.6 10417.9 10424.1 10435.2 10426 10415.7 10411.1 10405.3 10396.4 10385.4 10377.3 10370.1 10366.3 10360.6 10355.4 10348.8 10330 10321.7 10320.1 10324.2 10327.1 10324.6 10314.7 10312.5 10312.5 10298 10277.7 10296.9 10268.2 
10360.2 10379.8 10410.8 10461.1 10462.4 10448.1 10438.3 10428.7 10413 10403 10430.8 10437.6 10431.4 10421.3 10408.7 10394.7 10382 10370.6 10361.2 10355.5 10348.1 10340.4 10332.4 10320.3 10306.1 10310.1 10312.2 10309.9 10315.8 10320.3 10313.5 10301.8 10281.5 10254.5 10261.6 10272.8 
