real_craters/C087-300m.grd
DSAA
204 204
-30.5025 30.5025
-30.5025 30.5025
10851.328568561 12251.7767863
[rows 150 to 179 of 204, columns 134 to 200 of 204]
11868.1 11868.9 11869.5 11869.6 11869.7 11869.3 11867.8 11864.7 11861.9 11857.7 11852.8 11847.9 11843.1 11838.7 11832 11833.8 11833.1 11837.4 11841.9 11836.7 11831.8 11826.7 11821.8 11819.2 11821.8 11815.8 11798.9 11799.2 11807 11816.2 11817.6 11817.6 11817.6 11817.7 11817.7 11818 11818.1 11819 11819.2 11818.8 11817.9 11816.8 11815.9 11815.5 11817.5 11823.5 11832.8 11839.6 11834.9 11831.6 11829.5 11827.8 11826.2 11824.9 11823.7 11822 11820.9 11819.7 11818.7 11817.8 11816.8 11816.1 11815.6 11817 11819.4 11820.7 11821.6
11866.4 11868.6 11869.7 11870.1 11870 11869.5 11867.6 11865.1 11862.3 11857.3 11850.3 11844.4 11844.2 11844.2 11845.8 11837.2 11833.3 11837 11841.5 11835.8 11830.3 11825.4 11821.1 11819.3 11819.1 11819.4 11824.8 11815.1 11815.7 11820.5 11821.6 11821 11820.4 11820.2 11820.1 11820.3 11820.9 11822 11824.3 11823.5 11821 11819.2 11817.9 11817.5 11818.5 11824 11837.2 11846.3 11840.5 11837 11833.9 11831.6 11829.7 11828.1 11826.7 11824.9 11823.6 11822.2 11821.1 11819.9 11818.9 11817.9 11816.6 11816 11819.2 11821.7 11823.4
11869.3 11870.4 11870.9 11871 11870.6 11870 11869 11867.9 11863.8 11859.7 11852.4 11846.8 11848.2 11844.5 11838.7 11838.2 11835.8 11835.6 11833.8 11831.7 11828 11824.1 11820.7 11820.1 11817.9 11818.4 11820.2 11819.4 11819.8 11821.7 11823 11823.4 11822.6 11822.5 11822.4 11822.6 11822.9 11823.8 11825.5 11824.8 11822.8 11821.3 11820.3 11819.4 11819.4 11823.6 11836.2 11848 11843.4 11839.3 11837.1 11834.9 11832.9 11830.7 11829.1 11827.4 11826.1 11824.8 11823.5 11822.5 11821.5 11820.6 11820 11820.6 11822.2 11824.3 11825.6
11874.7 11873.6 11872.5 11871.8 11871.2 11870.6 11869.6 11865.5 11867.3 11865.2 11864.3 11865.7 11857.8 11851.8 11845.2 11839.2 11835.7 11833.4 11830.4 11828.8 11826.3 11823.5 11821.2 11820.8 11819.2 11816.4 11814.2 11818.4 11821 11823.5 11825.1 11825.1 11824.5 11824.5 11824.3 11824.3 11824.2 11824.3 11824.6 11823.8 11824 11824.1 11823.7 11822.8 11821.9 11822.6 11832.5 11838.4 11841.3 11840.1 11838.1 11835.7 11833.8 11832.1 11830.4 11829 11827.6 11827.4 11826.3 11825.1 11824.4 11823.9 11823.9 11824.8 11826.7 11828.1 11828.3
11879.2 11875.2 11872.6 11871.9 11870.5 11870.1 11871.2 11876.7 11871.4 11867.6 11868.5 11868.6 11860.2 11853.6 11847.3 11838.7 11833 11828.5 11828.4 11826.9 11825 11822.9 11821.8 11820.6 11819.8 11817.5 11817.5 11819 11821.5 11824.1 11825.9 11825.9 11826.3 11826.7 11826.9 11826.7 11826.4 11825.9 11824.6 11823.4 11825.4 11827 11827.9 11827.9 11826.6 11824.8 11831.8 11837.4 11839 11839.2 11838.1 11836.7 11834.9 11833.8 11832.8 11831.1 11830 11828.6 11827.9 11827.3 11826.9 11826.7 11827.1 11828.2 11829.6 11830.7 11830.7
11879.7 11876 11872.9 11870.4 11868.7 11867.3 11866.2 11865 11861.7 11862.8 11863.6 11861.9 11854 11843.4 11837.7 11834.4 11830.7 11827.5 11826.7 11825.9 11823.8 11821.6 11820 11818.6 11816.9 11817.6 11818.3 11820.3 11822.1 11823.5 11824.5 11826.4 11827.9 11829 11829.5 11829.1 11828.7 11827.8 11826.7 11826.2 11828.2 11830.6 11833.1 11835.2 11836.2 11831.8 11833.9 11837.7 11839.4 11839.9 11840 11837.1 11836 11834.9 11832.9 11831.9 11831.2 11830.9 11829.8 11829.6 11829.4 11829.3 11828.5 11830 11831.9 11832.6 11833
11877.9 11874.7 11871.9 11869.4 11867.1 11864.7 11861.3 11851.7 11852.3 11857.8 11856.9 11854.1 11845.5 11835.6 11831.3 11830.5 11829.5 11829.4 11828.5 11825.5 11822.5 11820.2 11818.5 11818.9 11819.7 11820.6 11821.3 11822.1 11823.4 11824.2 11825 11827.5 11829.9 11831.7 11832.3 11832.5 11831.5 11830.8 11830.1 11830.1 11831 11832.4 11837.2 11841.9 11849 11852.6 11838.2 11839.2 11840.4 11840.2 11840 11839.5 11838.1 11836 11835.2 11832.8 11832.4 11832.2 11832.1 11831.9 11832 11832.5 11832.4 11833.8 11835.5 11836.7 11835.6
11873.2 11871.1 11868.7 11866.6 11864 11861.9 11860.7 11864.7 11867.6 11855 11848.9 11842.9 11836.9 11831.5 11829 11828.3 11827.9 11827.7 11825.4 11822.8 11821.2 11819.4 11818.7 11820 11821.8 11821.3 11822.6 11824.4 11826 11826.8 11826.8 11830.1 11832.9 11834 11834 11834.3 11833.8 11832.8 11832.8 11833.8 11834.7 11835.8 11838.7 11842.3 11846.2 11846.2 11838.8 11840.8 11840.3 11839.7 11837.9 11837.1 11838 11837.6 11836.5 11836 11835.6 11835.5 11835.4 11835.5 11835.9 11836.7 11838.8 11838.2 11838.6 11838.8 11837.4
11868.6 11867.7 11865.8 11863.3 11861 11858.2 11856.1 11854 11849.4 11845.6 11841 11835.7 11832.1 11830.6 11828.4 11827 11826 11824.7 11823.2 11822.4 11820.9 11819.5 11819.2 11820.5 11821 11822.4 11824.2 11827.3 11830.3 11832.4 11833.3 11836.8 11839.4 11839.8 11839.4 11838.5 11836 11835.2 11835 11835.6 11835.9 11836.8 11838.3 11839.4 11839.2 11838.8 11840.2 11841.3 11840.3 11839.3 11839.3 11838.6 11836.9 11836.5 11837.3 11837.3 11837.5 11837.3 11837.4 11837.6 11837.9 11838.8 11840 11840 11840.1 11840.6 11838.3
11867.3 11865.6 11863.5 11860.4 11857.2 11853.8 11849.8 11843.8 11835.2 11836.7 11834.7 11831.7 11830 11830.1 11827.7 11826.1 11824.7 11823 11822.4 11823.4 11820.9 11818.7 11818.6 11821 11821.5 11821.1 11825.8 11830.9 11835.8 11840.6 11844.4 11847.6 11847 11845 11842.8 11841.1 11839.2 11838.2 11837 11835.4 11835.3 11835.5 11835.6 11835.5 11834.7 11839 11840.9 11842.5 11841.4 11840.4 11839.6 11840.1 11839.3 11839.3 11839 11838.2 11838.1 11838.5 11838.5 11838.7 11839.2 11839.5 11839.3 11839.9 11839.8 11838.8 11836.7
11866.9 11864.3 11861.2 11858 11854.7 11850.4 11845.6 11840.5 11837.7 11833.1 11831 11829.2 11827.5 11826.2 11825.8 11825.2 11824.8 11824.2 11824 11822.4 11820.7 11819 11817.9 11818.7 11822 11823.2 11828.9 11834.7 11840.7 11847.7 11858.2 11859.7 11852.9 11849.2 11846.1 11843.6 11841.5 11839.6 11838 11836.2 11835.4 11835.8 11835.3 11835.5 11836.1 11837.9 11839.7 11841.7 11840.3 11838.8 11838.1 11836.8 11836 11835.2 11835.2 11835.3 11835.6 11836.1 11836.9 11837.8 11838.9 11840.1 11840.5 11839.5 11838.3 11836.1 11834.1
11866.4 11863.3 11860.1 11856.5 11852.3 11847.2 11842.5 11837.8 11832 11829.7 11828.8 11827.7 11826 11824.3 11824.4 11824.7 11825.2 11826 11825.6 11823 11821.1 11820.2 11818.7 11817 11825.2 11829.4 11833.4 11838.3 11843.8 11849.5 11853.5 11853.4 11853.6 11851 11848.1 11845.4 11842.7 11840.5 11838.8 11837.8 11837.4 11836.2 11835.7 11836.1 11836.8 11838.7 11840.8 11840.4 11838.9 11837.5 11836.5 11835.7 11835.2 11834.8 11834.8 11834.5 11834.9 11835.8 11836.6 11837.4 11838.7 11839.6 11839.3 11838.4 11836.9 11835 11833.1
11864.6 11861.2 11857.8 11854 11850.1 11846 11841.8 11836.7 11830.8 11829.1 11828.4 11827.2 11826.1 11824.2 11823.7 11824.3 11825.5 11826.9 11827.7 11824.4 11821.4 11819.7 11819.7 11822.1 11827.7 11834.4 11836.8 11840.7 11845.2 11849.4 11852.2 11853.7 11853.4 11851.3 11848.6 11845.8 11843.2 11840.9 11839 11837.6 11836.8 11835.7 11835.5 11835.9 11836.6 11837.5 11838.5 11838.2 11836.5 11835.2 11834.2 11833.7 11833.8 11833.5 11833.8 11834.3 11834.4 11835.1 11835.6 11836.5 11837.5 11839 11838.5 11836.7 11835.2 11833.1 11830.7
11863.5 11859.9 11856.6 11853 11850 11846 11842.3 11838.2 11835.6 11833.1 11829.4 11827.1 11824.4 11822.5 11822.6 11823.7 11825.3 11826.9 11827.7 11824.8 11822.3 11820.5 11820.8 11822 11822.2 11830.3 11837.1 11841.4 11845.5 11849.4 11852.9 11854.9 11853.7 11851.2 11848.5 11845.8 11843 11840.6 11838.2 11836.1 11834 11834.6 11835 11835.6 11835.9 11835.8 11837.4 11835.4 11833.6 11832.2 11831.6 11831.3 11831.4 11831.5 11831.9 11832.2 11832.4 11833.2 11834 11834.7 11835.2 11834.8 11834.6 11834.1 11833.1 11831.5 11829.8
11862.7 11859.3 11856.1 11853 11849.6 11845.9 11842.5 11838.9 11836.1 11833.1 11830.1 11827.4 11823.4 11820.4 11821.6 11823.1 11824.6 11825.8 11826 11825.6 11824.1 11822.3 11822.1 11822.1 11822 11829.3 11836.2 11840.9 11845.1 11848.7 11852.1 11855 11852.7 11850.2 11847.5 11844.9 11842.3 11839.5 11837 11834.6 11833.1 11833.2 11834.6 11835.6 11835.8 11833.5 11833.4 11831.1 11829.3 11828.5 11827.8 11827.9 11828.4 11828.9 11829.6 11830.2 11831.1 11832 11832.7 11833.2 11833.1 11831.8 11831.6 11831.5 11830.8 11829.5 11827.9
11861.9 11859.3 11855.4 11852.6 11849.2 11845.8 11842.7 11839.3 11836.1 11832.8 11831.1 11828.6 11825.2 11821.3 11821.6 11822.9 11824.2 11825.2 11825.6 11825.6 11824.4 11823.9 11824.7 11825.2 11827.6 11830.9 11836 11840.4 11844 11847 11849.3 11849.9 11849.7 11848 11845.8 11843.3 11840.5 11838.1 11835.7 11833.5 11830.9 11832.1 11834.3 11836.1 11837.2 11836.8 11827.7 11825 11824.1 11823.6 11823.9 11824.5 11824.6 11825.8 11826.8 11827.8 11828.9 11830.1 11831.1 11831.7 11832.2 11832 11830.6 11829.6 11828.2 11826.4 11823.9
11860.9 11857.6 11854.7 11851.9 11848.9 11845.9 11842.8 11840 11837.5 11835.7 11832.6 11830.1 11827.4 11822.6 11822.3 11823.1 11823.9 11825 11826.4 11826.3 11823.9 11824.1 11828.1 11828.2 11826.4 11831.7 11836.2 11839.7 11842.6 11845 11846.5 11847.2 11846.8 11845.6 11843.8 11841.6 11839.4 11836.9 11834.6 11833 11832.4 11832.7 11833.9 11835.5 11836.8 11836.2 11820.6 11819.1 11818.8 11819.1 11819.8 11820.9 11822.1 11823.4 11824.7 11826 11827.3 11828.6 11829.9 11830.7 11831.2 11831 11829.5 11827.7 11825.6 11823.3 11821.2
11859.5 11857.1 11853.8 11850.9 11847.8 11844.9 11842.4 11840.1 11838.5 11836.3 11833.2 11829.9 11826.8 11823.7 11823.5 11823.5 11823.9 11824.1 11824.4 11823.9 11823.8 11824.1 11828 11828.2 11827 11831.8 11836 11838.8 11841 11842.7 11843.9 11844.4 11844.2 11843.2 11841.5 11839.5 11837.5 11835.4 11833.5 11832 11831.3 11831.6 11832.7 11834 11834 11829.9 11816.6 11814.4 11814.4 11814.8 11815.7 11817.2 11818.5 11820 11821.5 11823.2 11824.7 11826.6 11828 11829.2 11830.1 11829.8 11827.9 11825.4 11822.7 11819.8 11816.7
11858.6 11856.1 11853.3 11850.6 11847.4 11844.8 11842.4 11840.2 11838.1 11837.1 11832.7 11828.4 11826 11826.2 11825 11824.1 11823.7 11823.1 11822.3 11821.6 11821.8 11822.2 11823.3 11826.7 11830 11833 11835.9 11837.6 11839.1 11840.3 11841.3 11841.6 11841.5 11840.7 11839.1 11837.3 11835.4 11833.5 11831.7 11830.4 11829.6 11830 11830.8 11831.9 11831.9 11829.8 11816.1 11812.5 11811.7 11812 11812.9 11814.1 11815.4 11817 11818.6 11820.4 11822.1 11824.3 11825.8 11827.3 11828.6 11828.6 11825.8 11822.9 11819.7 11816.3 11812.3
11858.2 11855.3 11852.6 11850 11847.3 11844.9 11842.3 11839.9 11837.1 11833.5 11830.4 11827.4 11825.7 11826.8 11826 11824.8 11823.8 11822.9 11822.1 11821.3 11819.6 11819.7 11821.2 11825.2 11829.7 11832.2 11834.3 11835.3 11836.4 11837.4 11838.3 11839.4 11839.7 11838 11836.4 11834.8 11833.1 11831.5 11829.9 11828.5 11827 11826.4 11828.2 11829.7 11830.1 11829 11817.8 11811.7 11809.7 11809.1 11809.8 11810.8 11812.3 11814 11815.7 11818.1 11819.9 11821.5 11823.2 11824.5 11825.5 11825.1 11823 11820 11816.9 11813.5 11809.9
11857.7 11854.7 11852 11849.3 11846.5 11843.9 11841.3 11838.9 11836.6 11833.9 11831.5 11828.9 11827.3 11827.4 11826.3 11824.9 11823.9 11822.9 11821.8 11820.5 11818.7 11818.6 11820.3 11822.4 11825.6 11828.5 11830.6 11832 11832.8 11833.7 11834.6 11835.3 11835 11834.6 11833.4 11831.7 11830.4 11829.1 11827.9 11826.5 11825 11824.1 11825.8 11827.3 11828.1 11827.1 11816.3 11810.2 11807.6 11806.7 11807 11808 11809.2 11811.3 11813.3 11815.7 11817.5 11819.1 11820.6 11821.8 11822.1 11821.2 11819.5 11816.9 11814.1 11811.1 11808.6
11857.4 11854.5 11851.3 11848.4 11845.6 11842.9 11840.4 11838.1 11836.1 11835.2 11834.2 11831.4 11829.4 11827.6 11826 11824.9 11823.8 11822.7 11821.5 11819.8 11818.3 11818 11818 11818.1 11820.4 11824.3 11827.3 11828 11828.7 11829.5 11830.4 11831.2 11831.5 11830.9 11829.9 11828.9 11827.7 11826.5 11825.5 11824.6 11823.7 11823.1 11824 11824.6 11824.5 11822.5 11814 11808 11805.8 11805.3 11805.7 11807 11808.4 11809.8 11811.4 11813 11814.7 11816.4 11818 11819.1 11819.5 11818.5 11816.4 11813.7 11811 11808.2 11806.2
11856.6 11853.5 11850.5 11847.6 11844.9 11842.2 11839.5 11837.1 11835.1 11834.8 11836.8 11837.8 11833.9 11828.9 11826.4 11825 11823.6 11822.6 11821.5 11820.1 11817.9 11815.4 11813.1 11814.6 11816.7 11819.5 11821.7 11822.7 11823.8 11824.8 11825.9 11827 11828.5 11826.9 11826 11825.3 11824.7 11824 11823.3 11822.7 11822.5 11822.8 11822.4 11821.9 11820.8 11818.7 11809.7 11804.8 11803.9 11803.7 11804.4 11805.6 11806.7 11807.6 11809.1 11810.4 11812.1 11813.6 11815 11816.1 11817.2 11815.7 11813.1 11810.5 11807.8 11804.6 11801.1
11855.9 11853 11849.9 11847 11844.1 11841.4 11838.7 11836 11833.5 11830.5 11826.6 11834.1 11834.1 11830.6 11827.6 11825 11823.3 11822.1 11821.4 11820.8 11817.7 11814.4 11811.7 11812.7 11813.8 11814.6 11815 11816.9 11818.8 11820.3 11821.2 11821.6 11820.9 11821.4 11821.8 11821.6 11821.4 11821.1 11821 11820.8 11820.6 11820.3 11819.8 11819.1 11818.2 11815.1 11808.3 11803.8 11802.7 11802.3 11802.5 11803.3 11804.4 11805.6 11807.1 11808.2 11809.9 11811.1 11812.1 11812.5 11812.1 11811.5 11809.6 11807.3 11804.8 11801.5 11797.9
11855.3 11852.2 11849.1 11846.3 11843.3 11840.8 11837.8 11835 11832.3 11829.3 11827.3 11829.9 11830.7 11828.9 11826.2 11823.8 11822.1 11820.9 11820.1 11819.9 11819 11816.5 11812.4 11811.3 11811.8 11811.7 11811.5 11813 11814.9 11816.1 11816.9 11817.1 11816.6 11817.2 11817.9 11818.1 11818.2 11818.3 11818.4 11818.5 11818.6 11817.8 11817.4 11816.7 11814.2 11812.8 11807.6 11803.6 11801.4 11800.8 11800.9 11801.7 11802.8 11804 11805.1 11806.4 11807.7 11808.6 11809.1 11809.2 11808.6 11807.7 11806.2 11804.2 11801.9 11799.1 11797
11854.3 11851.3 11848.1 11845.3 11842.4 11839.4 11836.7 11834 11831.7 11830.5 11831.6 11831.7 11829.2 11826.4 11823.6 11822 11820.4 11819 11818 11817.6 11819 11816.4 11812.6 11813.6 11810.9 11810.3 11810.5 11811.3 11811.9 11812.7 11813.2 11813.7 11814.5 11814.8 11814.5 11814.7 11815.1 11815.6 11816 11816.4 11816.7 11816.8 11816.6 11815.5 11813.7 11810 11805.4 11801.5 11799.7 11799.2 11799.3 11800.1 11801.1 11802.3 11803.4 11804.6 11805.4 11806.2 11806.6 11806.6 11805.5 11804.9 11803.4 11801.5 11799.3 11796.8 11794.9
11852.8 11849.7 11846.4 11843.5 11840.9 11838 11835.6 11833.4 11831.4 11830.1 11828 11827.8 11826.8 11824.5 11821.9 11820.2 11818.3 11816.6 11815.2 11814.6 11816.8 11814.8 11811.1 11806.4 11808.9 11809 11809 11808.8 11809.4 11809.8 11810 11810.1 11810.2 11810.2 11810.6 11811.2 11812 11812.8 11813.4 11814.2 11814.9 11815.2 11815.1 11814.3 11811.9 11807.3 11802.8 11798.9 11797.8 11797.5 11797.7 11798.4 11799.3 11800.5 11801.6 11802.4 11803.3 11804 11804.4 11804.8 11804.7 11802.7 11800.9 11798.9 11796.8 11794.5 11791.8
11851.4 11848.3 11845.5 11842.5 11839.6 11837 11834.5 11832.9 11830.9 11829.4 11827.8 11826.5 11824.8 11823 11821 11818.8 11816.5 11814.2 11812.2 11811.1 11813.5 11813.4 11812 11811.1 11809 11808.2 11807.2 11807.1 11807.7 11807.6 11807.2 11806.7 11805.8 11805.2 11806.6 11807.8 11808.9 11810 11811.1 11812.1 11812.9 11813.4 11813.1 11812.2 11809.3 11805 11800.8 11797.2 11796 11795.7 11795.9 11796.7 11797.7 11798.3 11799.2 11800.2 11801.1 11801.6 11802.1 11802 11801.6 11800 11798.5 11796.7 11794.6 11792.3 11789.3
11850.2 11847.1 11844 11841.5 11838.7 11835.4 11833.1 11831 11829.5 11828.3 11827.5 11824 11822.7 11821.4 11820 11817.5 11814.7 11812 11809.7 11808.4 11809.2 11808.5 11811.5 11811 11809.1 11808 11807.9 11807.9 11806.7 11805.7 11804.8 11803.8 11802.8 11802.5 11803.4 11804.7 11806 11807.3 11808.5 11809.7 11810.7 11811.6 11812.1 11809.1 11806.1 11802.7 11799 11795.6 11794.5 11794.1 11794 11794.7 11795.3 11796.4 11797.4 11798.3 11799.4 11800 11800 11799 11798 11797.7 11796.5 11794.8 11792.8 11790.7 11788
11848.8 11845.6 11842.5 11839.4 11836.7 11833.9 11832.4 11830 11827.8 11826.3 11824.7 11821.7 11820.4 11819.4 11818.1 11815.8 11812.8 11810 11807.7 11806.5 11807.5 11808.6 11810.2 11809.2 11807.5 11806.7 11806.6 11806.2 11805.2 11803.9 11802.6 11801.5 11800.4 11800.5 11800.6 11801.9 11803.3 11804.6 11805.9 11807.1 11808.2 11808.9 11808.5 11805.7 11803.2 11800.4 11797.4 11795.4 11793.5 11792.3 11792 11792.4 11793.3 11794.3 11795.1 11796.5 11797.4 11798.2 11798.8 11798.8 11797.8 11796.3 11794.9 11793.3 11791.5 11789.5 11787.4
