real_craters/C087-500m.grd
DSAA
123 123
-30.5025 30.5025
-30.5025 30.5025
10847.821650486 12272.588135956
[rows 60 to 89 of 123, columns 0 to 66 of 123]
11951.7 11948.9 11947.3 11945.2 11942.6 11939.8 11937.4 11935.2 11933.4 11931.2 11930.3 11927.3 11925.3 11923.8 11923 11923.7 11923.6 11923.4 11925.4 11930 11934.6 11947.3 11949.3 11945.9 11940.8 11934.6 11928.4 11922.4 11918 11919.3 11920.9 11922.4 11922.6 11928.1 11934.2 11941.8 11951.7 11962.3 11974.6 11987.7 11997 12019.5 12040.3 12052 11998.4 11901.2 11813.7 11701.9 11555.1 11418.2 11279.5 11160.9 11064.9 10999.6 10972.7 10968.6 10970.7 10958.6 10932.7 10903.8 10879.2 10873.6 10881.6 10894.8 10935.6 10962.6 10967.5
11948.8 11947.2 11945.7 11943.6 11941.4 11938.7 11937 11935.2 11933.1 11930.9 11929.5 11927.7 11926 11924.5 11924.2 11924.6 11925.1 11926 11926.5 11944.3 11961.5 11964.5 11958.6 11950.6 11942.9 11935.3 11928.5 11921.6 11915.9 11911.2 11921.3 11921.8 11922.6 11927.1 11933.3 11941.4 11951 11962.4 11975.9 11992.9 12015.1 12040 12066.4 12090.5 12050.8 11947.2 11831.4 11699.3 11546.5 11392.5 11267.5 11156.8 11064.4 11002.8 10976.9 10972.1 10975.4 10965.8 10951.6 10937.8 10914.5 10890.3 10897.1 10920.1 10959.2 10975.8 10973.4
11947.9 11945.8 11943.9 11941.6 11939.7 11937.3 11935.6 11934.4 11932.8 11931.3 11929.5 11927.9 11926.3 11924.4 11924.1 11923.4 11925.2 11932.7 11949.8 11973 11997.6 11982.3 11965.2 11953.2 11944.1 11936.4 11928.7 11921.6 11914.8 11909.8 11919.9 11921.7 11920.5 11926.5 11934 11942.4 11952.3 11963.8 11978.1 11995.4 12019.2 12047 12076.7 12111.8 12121.8 11996 11811.2 11699.6 11547 11384.6 11265.8 11158.6 11065.7 11006.8 10981.7 10976.6 10978.5 10971.6 10966.1 10967.4 10945.6 10913.1 10910.4 10926.9 10960 10976.5 10973.4
11947.7 11944.8 11942.3 11940.1 11938.1 11936.7 11935.5 11934.1 11932.4 11930.8 11929.2 11927.7 11926.4 11925.1 11923.5 11922.4 11923.3 11933.8 11950.3 11966.7 11986.8 11973.2 11960.7 11951.7 11944.1 11936.9 11929.4 11923.6 11919.6 11922.7 11926.2 11923.5 11922.4 11927.1 11933.1 11941.2 11950.2 11961.7 11974.4 11990 12011 12037.2 12069.5 12127.4 12160.7 12051.1 11901.5 11752.6 11584.8 11417.8 11289.3 11174.2 11075.2 11013.4 10988.7 10981.7 10982.6 10974.4 10969.8 10965.4 10950 10926.7 10924 10929 10954.1 10969.4 10969.1
11946.5 11944.2 11941.1 11935.4 11936.9 11936.5 11933.8 11931.8 11930.3 11928.7 11927.3 11928.2 11927.6 11926.6 11925.6 11924.6 11925 11930.2 11931.7 11933.3 11935.3 11943.4 11948.9 11948.2 11944 11938 11932.5 11927.4 11924.1 11927.9 11924.2 11924.8 11926.9 11928.1 11932.3 11938.7 11946.7 11956.2 11966.6 11979.4 11992.7 12010.4 12048.3 12111.5 12145.7 12065.5 11950.8 11818.2 11653.3 11493 11336.7 11203.9 11092.4 11028 10999.1 10987.5 10984.6 10974.2 10969 10964.2 10959 10957.7 10947.2 10945.5 10955.3 10964.2 10967.2
11946.9 11944.8 11941.5 11938.7 11937 11935.2 11934.7 11932.1 11930.8 11929.5 11928.1 11927.1 11928 11928.2 11929.3 11931.5 11934.9 11932.9 11927 11921.4 11921 11929.4 11941.2 11943.9 11941.6 11937.1 11932.3 11927.9 11923.9 11918.5 11916.2 11919.8 11925.5 11927.2 11930.8 11936.7 11943.3 11950.4 11959.4 11969.2 11980.3 11996.1 12031.3 12083.8 12127.1 12064.3 11972.1 11856.2 11704.7 11545.9 11390.4 11245.2 11124.1 11052.5 11014.7 10994.5 10983.5 10972.5 10969 10967.8 10966.5 10966.9 10964.2 10964.2 10969.4 10978.1 10971
11949.3 11945.5 11942.1 11939.5 11937.8 11936.6 11935.8 11935 11933.5 11932.4 11930.3 11927.7 11927.4 11928 11930.3 11935 11943.6 11935.1 11929.7 11931.8 11930.4 11939 11944.6 11943.6 11939.9 11935.2 11930.6 11926.9 11922.6 11918.6 11913.6 11914.8 11919.9 11924.7 11929.8 11936.6 11939.9 11946.4 11952.5 11961.7 11974.3 11995.6 12027.7 12081.5 12117.6 12076.1 11993.8 11882.8 11748.8 11600 11446.8 11296.8 11169 11089.2 11037.8 11003.8 10983.8 10972 10971.7 10974.2 10972.5 10971.6 10970.9 10973.8 10980 10984.8 10975.7
11946.4 11944.8 11942.4 11941 11939.3 11937.7 11936.5 11935.1 11933.9 11933.2 11932.4 11931.3 11930.2 11930.1 11930.1 11930.6 11928.1 11926.2 11923.6 11924.6 11944.9 11960.5 11950.7 11944.7 11939.5 11934.4 11928.9 11923.4 11916.9 11909.5 11907.7 11912.8 11916.8 11922 11928.6 11933.4 11939.1 11945.2 11949.5 11955.9 11969 11990.4 12035.6 12094.9 12120 12113.2 12045.1 11936.1 11798.5 11662.3 11517.7 11366 11232.9 11141.2 11072 11017.3 10985.6 10975.7 10978 10982.5 10979.2 10979 10982.2 10984.8 10987.6 10990.8 10981.9
11946.8 11943.6 11942 11940.6 11939 11937.8 11935.8 11934.6 11933.2 11931.7 11931.6 11930.6 11929.5 11928.1 11927.6 11926.2 11921.4 11918.7 11916.6 11913.2 11932.4 11947.5 11946.7 11941 11935.7 11930.7 11924.9 11919.8 11915 11908.7 11905.5 11913.5 11916.8 11922.5 11926.4 11931.2 11932.9 11938.4 11945.8 11952.6 11964.9 11982.8 12019.4 12082 12130.9 12119.3 12081.2 12005.5 11908.1 11765.1 11612.5 11456.7 11318.8 11215.2 11124.9 11048 11002.4 10989.8 10988.1 10990.1 10986.4 10989.3 10994.9 10995.4 10996.2 11001.1 10992.6
11944.1 11941.5 11941.4 11941.7 11941.4 11937.9 11935.7 11933.8 11932.5 11931.5 11930.5 11929.3 11928.1 11926.9 11925.7 11923.5 11921.7 11919 11915.8 11915.7 11926.7 11941.3 11936.6 11933.2 11929.4 11924.8 11920.3 11915.7 11911.5 11906.9 11907.4 11917.3 11918.6 11921.8 11927.5 11929.5 11932.3 11936.6 11942.6 11949.9 11958.7 11970 11997.4 12049.5 12080.8 12091.5 12113 12099.8 12006.8 11867.2 11720.1 11569.2 11429.4 11313.1 11202.3 11105.2 11048.4 11022.5 11004.8 10996.2 10996.7 11000.9 11005.9 11008.4 11010.1 11012.5 11012.7
11945.8 11941.8 11941.2 11940.4 11938 11937.2 11935.6 11934.1 11932.5 11930.8 11929.2 11927.7 11926.4 11925.4 11923.6 11921.8 11920.6 11919 11917.3 11918.3 11920.7 11919.5 11924.3 11925.4 11923.8 11921 11917.4 11913.5 11906.2 11904.4 11913.4 11909.5 11916.9 11922.4 11926.4 11930.8 11931.1 11937.5 11941.3 11948.7 11958.5 11969 11980.8 12007.2 12031.5 12054.9 12137.9 12200.4 12059.4 11955 11832.4 11704.6 11568.9 11432.7 11305.6 11185.8 11122.5 11083.6 11047.9 11028.5 11025.9 11021.8 11023.2 11037.6 11046 11041.5 11055.1
11946.9 11944.1 11941.8 11940 11938.2 11936.2 11934.2 11932.8 11931.8 11930.4 11929 11927.1 11924.8 11923.4 11921.7 11920.5 11919.2 11918.6 11917.4 11917.9 11918.4 11916.5 11918.4 11920 11919.4 11917.7 11915.2 11913.5 11913.5 11913.6 11913 11916.6 11920.1 11922.4 11925.2 11928.7 11933.1 11934.9 11940.1 11946.9 11955.4 11971 11966.1 11972.4 11998.3 12036.6 12119.4 12195.7 12133.9 12047.8 11946 11815.3 11698.4 11569 11434.6 11314.7 11235.2 11181.8 11143.2 11108.8 11089.8 11068.8 11065.6 11104.7 11123.5 11125.2 11148.3
11948.8 11946.6 11941.8 11938.9 11938 11934.4 11932.4 11930.9 11929.5 11928.6 11927.5 11926.5 11924.9 11923 11921.3 11919.3 11917.4 11915.5 11916.2 11916.2 11914.5 11915.2 11916.4 11917.1 11916.5 11914.7 11912.6 11910.6 11909.4 11909.9 11915 11918 11920.2 11922.2 11924.5 11926.1 11930.5 11932.3 11935.5 11938.6 11941 11941.4 11954.4 11951.3 11971.2 12008.2 12065 12100.4 12167.1 12116.2 12060.5 11989.7 11862.1 11720.9 11580.3 11457.3 11371.3 11305.7 11256.6 11218.5 11190.8 11170.1 11181.6 11233.7 11257.5 11270.9 11305.1
11946.4 11942 11940.3 11937 11933.3 11932.2 11931.6 11930.9 11929.5 11928.4 11927.2 11925.5 11923.4 11921.7 11919.6 11918 11916.4 11916.1 11916.6 11918.2 11918.8 11919 11917.2 11916.2 11915.1 11913 11910.2 11906.3 11902.9 11903 11904.1 11911.8 11919.2 11919.7 11920.7 11922.3 11923.9 11925.5 11926.9 11929.4 11928.3 11928.9 11932.6 11942.9 11955.6 11987.1 12024.2 12049.4 12101.2 12136.7 12148.4 12130.5 12012.9 11869.9 11730.7 11615.8 11526.2 11451.8 11378.2 11351.6 11331.5 11324.1 11365.5 11406 11428.5 11453.1 11488.5
11946.8 11944.3 11940.1 11936.9 11933.8 11932.7 11931.7 11930.4 11929.1 11928 11926.1 11924.3 11922.8 11921 11919.9 11918.1 11916 11913.7 11916.5 11921.9 11931.4 11920.2 11915.7 11917.2 11915.4 11912.2 11909.2 11906.2 11904.6 11903.7 11902.8 11906.7 11912.6 11915.8 11918.1 11919.2 11920.5 11921.5 11922.1 11922.6 11922.3 11924.1 11935.3 11934.3 11943.8 11971.7 11992.9 12026.3 12065.3 12131.8 12195.9 12207.9 12119.5 12000.3 11875.9 11764 11699.2 11628.6 11566.2 11522.7 11497.3 11484.3 11515.8 11562.5 11606.4 11660.5 11735.7
11946.9 11942.4 11940.3 11938 11936 11934.2 11932.2 11930.3 11928.7 11927.8 11926.4 11924.8 11923 11921.5 11920.1 11918.5 11917.1 11916.5 11917.7 11919.2 11917.2 11922.2 11926.1 11920.5 11916.5 11912.6 11908.9 11906.5 11906.5 11904.4 11904.7 11907.9 11909.4 11912.1 11913.7 11915.1 11915.9 11916.3 11916.5 11917.2 11918.8 11924.3 11937.1 11935.8 11932.1 11951.5 11971.4 11990.1 12020.7 12099.4 12194.4 12272.6 12173.2 12096 12034.1 11957.4 11879.5 11818.8 11757 11707.9 11671.8 11658.3 11676 11719.1 11768.3 11834 11915.5
11943.8 11941.7 11940.6 11938.7 11937.7 11935.5 11932.6 11929.9 11928.2 11926.6 11925.3 11924.4 11923 11922.7 11921.4 11919.5 11918.7 11918.4 11917.4 11916.3 11915.4 11920.6 11923.1 11921.6 11917.1 11912.4 11908.4 11903.8 11902.9 11903.2 11903 11907.6 11909.1 11909.6 11910.6 11911.1 11911.7 11912.1 11912.3 11911.8 11912.9 11915.1 11912.9 11919.6 11928.2 11941.2 11952.2 11965.1 11986.6 12037.3 12082.8 12113.7 12135.3 12125.1 12122.9 12083.1 12018.5 11992.2 11960.9 11875.9 11828.7 11812.7 11826.9 11856 11893.7 11941 11978.3
11941.5 11941.6 11940.4 11938.2 11936 11933.7 11931.6 11930.3 11929 11927.7 11926.5 11925.3 11923 11922.3 11921.4 11920.2 11919.8 11917.6 11916.2 11915.3 11915.2 11919.2 11926.3 11920.9 11915.6 11911.2 11907.1 11905.1 11902.7 11903 11905.3 11907.6 11906.2 11905.9 11906.5 11907.5 11908.4 11908.7 11908.7 11908.4 11907.5 11908.7 11913.2 11921.6 11939.5 11940.2 11938.1 11938.8 11948.7 11980.6 12006.4 12035.7 12073 12095.4 12118.7 12105.2 12080 12065.4 12036.5 11987.2 11948.6 11928.7 11937.5 11961.7 11984.1 12013.2 12032.9
11945.3 11943.2 11940.6 11937.7 11934 11930.1 11930.9 11930.3 11929.1 11928 11927 11925.8 11924.8 11923.9 11923 11922.3 11920.7 11919.2 11917.3 11915.6 11913.2 11914.2 11916.4 11914.4 11911.6 11909 11906 11899.5 11901 11902.4 11904.5 11904.8 11902.2 11903.5 11904.4 11905.6 11906.8 11907.9 11907.4 11907.5 11907.8 11909.7 11915 11919.4 11931.3 11932.9 11924.6 11920.8 11927.3 11947.1 11965.8 11990.3 12017.6 12035 12041.3 12067.6 12085.1 12098.4 12080.6 12049.2 12033.6 12042 12028 12035.6 12044.5 12061.3 12094.6
11945.9 11944.4 11941.5 11938.1 11935.7 11935.8 11932.3 11930.9 11929.8 11928.4 11927.5 11926.1 11925.2 11924.5 11923.8 11923.3 11923 11923 11920.4 11917.8 11912.6 11909.1 11905.6 11906.9 11907.2 11906.9 11907.5 11907.6 11901.2 11902.1 11903.9 11903.8 11901.6 11901.1 11901.9 11902.3 11903.8 11905.8 11907.5 11908.5 11908.6 11910 11913.3 11922.5 11928.2 11926.3 11915 11910.2 11922.6 11933.1 11941.2 11957.4 11973.4 11980.7 11984.9 12020.4 12057.6 12100.8 12087.9 12062.9 12057.4 12066.7 12060.2 12068.3 12059 12062.4 12075.7
11944.4 11942.2 11940 11937.8 11936.4 11934.4 11933 11931.4 11930 11929 11928.3 11927.6 11927.1 11926.2 11925.5 11924.6 11924 11925.6 11926.2 11917.5 11911.3 11906.5 11904.4 11902.8 11902.8 11903.7 11904 11901.4 11897.9 11900.8 11904.2 11906.6 11902.3 11900 11900 11901.9 11904.9 11908 11910.6 11912.6 11914.6 11913.8 11915.4 11919.7 11920.2 11921.6 11910.9 11909.7 11922.6 11931.1 11934.7 11939 11943.6 11946.1 11952.2 11980.8 12009.7 12024 12037.5 12034.5 12027.4 12027 12035 12035.8 12030.6 12025.2 12017.9
11943.5 11941.1 11937.8 11936.8 11935.9 11936 11933.1 11931.3 11929.9 11929.2 11928.4 11927.9 11927.3 11926.7 11926.2 11925.6 11924.3 11921.5 11913.6 11914 11909.8 11903.8 11897.2 11895.9 11899.7 11901.5 11899.9 11896.6 11896 11897.1 11900.5 11903.2 11901.7 11897.7 11896.8 11900.4 11904.7 11909.2 11913.7 11917.2 11915.9 11920.2 11921.5 11923.2 11925 11921.5 11914.1 11916.1 11930.5 11935.3 11929.4 11929.1 11927 11924.3 11929.4 11948.4 11967.6 11985.8 11991.8 11993.3 11987.2 11988.6 11997.6 11998.8 11991.7 11978.2 11962
11943.5 11940.1 11937.9 11935.9 11934.3 11932.4 11930.9 11930.1 11929.3 11928.8 11928.5 11928.1 11927.9 11927.2 11926.2 11925.2 11923.4 11922.4 11931 11915.8 11908.1 11902.3 11895.6 11895.2 11900.1 11903.7 11903.8 11901.9 11900.7 11901.9 11902.1 11900.2 11892.6 11886.3 11893.1 11899.3 11905.5 11911.4 11917.5 11924.3 11929.8 11933.2 11931.2 11919.7 11918.6 11919.3 11922.4 11923.6 11926.1 11928.5 11932.5 11925 11917.5 11911.1 11912.9 11925 11934.4 11934.9 11953.9 11959.2 11957.6 11959.7 11966 11970.5 11960.3 11939.4 11924
11943.7 11940.2 11938.2 11934.8 11932.3 11930.8 11929.1 11928.7 11928.7 11928.8 11928.8 11928.8 11928.2 11927.5 11925.4 11924 11921.8 11918.7 11911.4 11908.9 11906.2 11902.1 11900.2 11901.1 11903.5 11908.3 11916.5 11910.4 11903.8 11903.2 11904.9 11907.1 11896.6 11887.1 11894.7 11901.4 11907.7 11913.6 11919.6 11925.3 11927.4 11920.6 11919.1 11920.1 11919.3 11920 11929.1 11928.3 11924.1 11923.2 11927.9 11923 11915.1 11904.8 11904.5 11914.7 11921.6 11926.1 11932.3 11935 11934.6 11937.2 11939.2 11936.1 11925.6 11911.6 11900.2
11945.1 11943.8 11937 11933.4 11930.8 11927.7 11926.5 11927.9 11928.3 11927.7 11927.6 11927.2 11927 11926.6 11925.7 11924.3 11921.8 11917.5 11910.6 11907 11907.4 11905.4 11903.6 11903.9 11905.6 11908.7 11909.9 11911.6 11903.7 11894.9 11906.3 11913.6 11911.7 11903.8 11902.5 11905.8 11910.6 11915.7 11920.1 11923.2 11920.9 11909.7 11907.2 11909.3 11916.6 11924.6 11928 11930.4 11929.6 11924.3 11925.6 11924.9 11919.6 11915.6 11912.7 11916.1 11921.7 11924.6 11922.8 11919.9 11915 11918.1 11919.8 11914.4 11905.2 11900.4 11890.4
11945.7 11943.7 11937.2 11932.4 11930.8 11930.1 11929.9 11928.5 11928.3 11927.9 11927.2 11927.1 11926.6 11926.2 11924.4 11923.9 11923 11921.2 11914.8 11913.3 11915.8 11911.2 11907.5 11907.9 11907.3 11908 11908.5 11906.2 11909.5 11917.1 11915.2 11921.9 11922.3 11912.8 11909.7 11910.4 11913.4 11917.5 11920.7 11920.8 11918 11913.1 11910 11911 11918.8 11927.5 11929.5 11932.1 11938.9 11950.2 11938.9 11930.8 11926.6 11923.6 11921.3 11920.5 11920.5 11920.6 11917.9 11913.1 11908.3 11910.1 11911.5 11909.7 11906.6 11899 11887.4
11944.8 11943.5 11937.4 11933.1 11932 11931 11929.6 11929.1 11928.1 11927.5 11925.8 11925.2 11924.8 11926 11926.3 11926.4 11927.5 11929.4 11936.1 11941.3 11931.6 11923.3 11917 11910.5 11908.8 11908 11908 11910.1 11912.7 11915.9 11920.9 11924.9 11924.6 11917.9 11913.8 11913.4 11915.1 11918.8 11922.9 11925.4 11922.7 11917.7 11915.5 11916.5 11917.1 11920.9 11924.9 11928.7 11934.9 11938.2 11937.3 11933.1 11931.1 11930.4 11927.1 11924.2 11922.9 11919.7 11916 11912.5 11909.7 11909.1 11909.8 11909.8 11905.1 11890.2 11880.4
11943 11939.2 11936.8 11936.4 11933.7 11931.9 11930.8 11929.5 11928.1 11927.5 11926.5 11926 11926.3 11926.1 11926 11926.9 11928.6 11932.7 11941.8 11949.2 11939.2 11937.6 11933.9 11921.6 11914.2 11909.7 11909.9 11911.2 11914.9 11918.4 11921.7 11926.3 11930.8 11919.2 11914.6 11915.1 11916.9 11920.3 11924.7 11928 11926.6 11922.9 11918.3 11916.6 11917.9 11914.2 11914.9 11923 11928.6 11929 11931.7 11930.7 11930.2 11932.7 11927.6 11925.2 11923 11919.9 11915.6 11912.4 11913.7 11909.3 11910 11910.7 11905.2 11887.2 11881.3
11942.2 11939.4 11937.4 11935.7 11934.6 11933 11932.2 11930.7 11928.3 11927.4 11926.4 11925.6 11925.2 11925 11925.3 11925.8 11927.3 11928.6 11927.9 11923.2 11932.4 11941.1 11947.4 11930.5 11916.3 11910.1 11911.1 11914.9 11914.1 11916.2 11919.1 11920.7 11917.8 11913.9 11913.8 11915.7 11918.4 11920.6 11923.5 11925.4 11925.1 11919.9 11918.5 11916.4 11913.5 11915.3 11917.4 11921.1 11925.7 11929.7 11929.1 11926.3 11922.9 11921.4 11922.3 11923.1 11924 11918.9 11913.5 11907.4 11902.5 11907.1 11909.7 11911.2 11910.6 11910 11895.2
11942.2 11940.2 11938.1 11935.7 11935.2 11934.4 11934.1 11931.6 11928.7 11926.6 11925.4 11924.1 11923.2 11923.2 11922.6 11923.8 11923.9 11923.4 11920.4 11917 11924.9 11933 11930.3 11923 11915.7 11910.1 11907.8 11910.2 11911.5 11913.4 11915.7 11916.6 11915.1 11914.4 11915.2 11917.9 11918.9 11919.4 11920 11924.8 11927.6 11926.7 11919.6 11914.8 11915.4 11915.6 11916.3 11920 11922.8 11925.9 11926 11922.1 11916.5 11911 11916.1 11918.9 11921.9 11915.8 11911.1 11908.8 11907.3 11905.9 11906.9 11907.5 11906.8 11906.5 11901.3
