real_craters/C088-500m.grd
DSAA
123 123
-30.5375 30.5375
-30.5375 30.5375
3587.1824085184 4831.4077977622
[rows 60 to 89 of 123, columns 0 to 66 of 123]
4321.32 4316.78 4315.31 4314.52 4314.1 4314.17 4314.43 4314.8 4313.78 4312.58 4311.61 4311.45 4312.18 4324.13 4325.05 4317.39 4310.55 4308.7 4322.51 4341.91 4359.66 4363.6 4373.54 4372.9 4377.09 4369.51 4361.15 4366.11 4364.85 4362.97 4361.25 4359.97 4358.06 4352.82 4354.78 4359.66 4364.23 4385.11 4400.04 4438.94 4524.09 4611.23 4664.32 4635.73 4468.39 4285.32 4134.21 4019.42 3901.81 3836.77 3787.78 3701.8 3670.77 3669.65 3681.86 3704.21 3734.03 3779.8 3849.5 3931.5 3944.67 3921.74 3888.01 3809.4 3750.24 3754.69 3822.57
4319.95 4316.62 4315.27 4314.43 4314.07 4312.88 4313.13 4313.46 4312.86 4311.28 4310.05 4312.38 4315.02 4321.13 4320.73 4317.37 4313.81 4313.56 4321 4332.3 4343.89 4347.63 4351.35 4361 4366.12 4368.47 4371.11 4378.38 4370.54 4366.79 4364.9 4363.08 4361.45 4360.79 4363.61 4369.49 4376.01 4397.97 4417.25 4460.97 4542.9 4629.66 4680.87 4634.02 4429.14 4263 4135.92 4032.1 3898.89 3811.79 3766.94 3703.07 3675.45 3670.09 3678.64 3696.75 3719.79 3761.25 3818.62 3896.55 3946.45 3947.07 3895.02 3814.67 3726.11 3736.88 3804.57
4315.81 4314.62 4313.36 4312.65 4312.41 4312.15 4312.25 4311.82 4310.8 4310.44 4310.04 4310.89 4312.53 4316.46 4318.17 4315.46 4314.99 4314.96 4318.12 4320.69 4318.95 4326.5 4333.06 4340.3 4354.53 4364.51 4374.51 4371.11 4370.16 4368.56 4367.53 4366.09 4362.37 4372.65 4377.79 4381.8 4397 4415.21 4426.16 4470.21 4552.99 4640.06 4705.37 4677.99 4407.96 4243.34 4131.34 4065.69 3930.51 3799.45 3737.45 3698.35 3676.35 3670.36 3671.53 3682.42 3699.91 3727.14 3771.59 3857.07 3921.15 3998.73 3893.68 3800.66 3717.03 3721.33 3788.46
4314.2 4313.33 4312.22 4311.74 4311.57 4311.51 4311.3 4311.18 4310.48 4310.32 4309.94 4310.2 4309.75 4309.28 4308.28 4310.91 4312.98 4315.37 4314.1 4314.61 4315.82 4318.41 4330.67 4346 4353.7 4360.54 4369.7 4366.87 4369.46 4368.84 4370.01 4372.77 4382.12 4389.61 4396.88 4390.73 4393.71 4403.13 4413.33 4468.81 4549.72 4632.63 4696.2 4695.49 4439.33 4234.18 4113.05 4029.78 3912.75 3795.54 3713.6 3692.66 3674.64 3666.01 3665.6 3669.17 3675.09 3687.02 3710.02 3753.91 3818.72 3858.83 3828.47 3765.71 3696.28 3703.04 3773.08
4313.36 4312.05 4310.85 4310.32 4310.12 4310.28 4310.44 4310.86 4311.87 4310.56 4310.8 4310.29 4308.1 4308.34 4306.9 4307.95 4307.41 4307.84 4310.01 4310.42 4310.57 4312.53 4314.43 4325.39 4338.08 4354.88 4362.49 4377.66 4371.67 4367.64 4364.1 4373.86 4382.89 4395.5 4405.22 4392.64 4389.29 4395.42 4415.42 4469.1 4539.3 4605.7 4645.38 4610.32 4457.99 4252.19 4110.4 4014.16 3947.72 3814.32 3697.38 3677.22 3670.89 3666.89 3662.88 3660.79 3655.39 3653.65 3657.51 3667.06 3714.07 3755.53 3750.82 3721.31 3674.22 3686.51 3764.85
4311.41 4309.94 4310.06 4310.01 4309.83 4309.77 4309.55 4309.81 4310.1 4309.03 4307.58 4308.32 4308.03 4308.48 4307.98 4307.35 4306.32 4307.08 4308.57 4309.45 4308.65 4309.53 4310.01 4312.01 4329.98 4354.04 4365.83 4374.67 4375.78 4373.13 4369.06 4377.72 4387.29 4389.34 4386.2 4387.32 4389.87 4391.64 4414.72 4466.4 4525.12 4575.13 4599.4 4581.19 4494.6 4285.36 4134.22 4005.48 3967.77 3850.73 3728.42 3694.67 3691.77 3682.33 3673.02 3659.7 3641.74 3624.16 3613.56 3611.34 3634.38 3671.4 3687.42 3684.77 3659.91 3683.36 3760.77
4308.65 4309.34 4309.38 4309.39 4308.83 4308.61 4308.25 4308.19 4308.17 4307.3 4307.73 4308.02 4307.14 4308.15 4308.02 4307.04 4306.3 4307.13 4308.93 4310.7 4311.88 4321.52 4318.1 4315.53 4329.9 4351.1 4368.11 4375.05 4381.98 4389.3 4390.52 4385.43 4380.47 4380.24 4383.06 4390.57 4393.49 4399.87 4420.66 4464.99 4511.29 4550.45 4567.42 4559.38 4522.55 4369.91 4209.82 4051.69 3964.76 3905.85 3845.99 3776.02 3738.89 3716.16 3697.19 3671.33 3641.84 3615.43 3597.42 3587.18 3591.88 3617.99 3648.16 3663.46 3665.48 3696.06 3768.34
4308.06 4309.9 4310.61 4310.67 4310.3 4309.15 4308.11 4306.96 4305.45 4306.35 4309.53 4309.6 4307.85 4306.68 4306.6 4306.73 4306.98 4307.79 4309.59 4311.92 4315.8 4325.07 4317.2 4319 4339.36 4362.55 4375.85 4379.27 4387.4 4400.22 4403.96 4392.14 4382.69 4382.34 4392.52 4400.39 4407.07 4420.76 4434.53 4464.35 4500.71 4534.23 4558.24 4559.48 4530.5 4481.46 4315.56 4138.79 4016.88 3975.47 3945.95 3850.28 3802.16 3766.82 3730.42 3692.54 3654.1 3619.85 3601.23 3594.64 3596.77 3611.74 3639.25 3662.95 3679.49 3714.76 3782.82
4310.62 4311.78 4312.38 4312.12 4311.27 4310.24 4308.92 4307.09 4305.62 4305.45 4306.24 4308.48 4307.66 4305 4305.25 4306.15 4306 4308.11 4309.13 4310.96 4314.01 4314.9 4313.92 4325.92 4358.73 4366 4375.4 4382.67 4390.04 4400.11 4401.51 4393.59 4386.1 4384.61 4391.4 4400.49 4412.43 4426.32 4442.59 4464.62 4492.42 4522.28 4548.47 4558.39 4548.94 4525.22 4426.06 4256.88 4113.92 4055.45 3978.44 3904.33 3866.61 3818.57 3774.27 3724.01 3677.45 3639.61 3616.89 3611.36 3615.91 3628.68 3653.67 3680.31 3695.26 3729.98 3795.95
4314.31 4315.36 4314.79 4313.55 4312.01 4310.38 4308.62 4306.82 4305.42 4306.71 4308.56 4307.94 4307.8 4307.91 4306.67 4307.35 4309.57 4308.88 4308.9 4310.01 4311.84 4312.85 4316.45 4337 4358.86 4379.98 4384.42 4389.06 4394.12 4398.84 4397.63 4392.81 4386.71 4385.27 4396.78 4405.17 4419.29 4430.02 4441.62 4461.69 4483.16 4505.69 4534.45 4547.16 4563.18 4576.83 4561.17 4427.81 4249.71 4164.5 4112.28 4031.17 3945.1 3877.44 3824.19 3764.24 3708.12 3668.45 3639.07 3632.72 3642.51 3656.31 3684.49 3714.78 3741.61 3759.27 3835.1
4322.18 4320.92 4318.62 4316.63 4314.23 4311.23 4309.2 4307.67 4306.38 4305.35 4307.64 4307.04 4306.9 4306.15 4305.46 4303.46 4307.78 4308.47 4309.09 4310.12 4311.05 4320.13 4341.44 4370.66 4372.06 4385.45 4398.61 4407.68 4411.65 4399.86 4396.07 4393.94 4390.82 4390.03 4402.07 4415.21 4429.74 4438.12 4444.7 4459.5 4473.77 4483.87 4480 4512.05 4531.58 4564.04 4624.33 4559.32 4387.08 4249.11 4158.01 4099.26 4008.56 3932.22 3872.75 3811.78 3739.53 3686.22 3665.83 3654.18 3661.11 3689.49 3728.45 3767.57 3800.86 3827.03 3899.98
4331.02 4326.11 4321.82 4318.86 4316.15 4313.5 4311.74 4309.73 4307.6 4307.8 4308.01 4307.08 4305.96 4304.86 4306.62 4305.68 4306.92 4308.03 4310.33 4313.6 4318.63 4332.53 4352.35 4367.89 4384.32 4394.76 4406.25 4410.42 4414.75 4406.79 4399.67 4397.98 4398.48 4403.29 4406.87 4411.18 4426.91 4436.54 4449.4 4460.75 4471.63 4478.6 4481.51 4495.77 4507.28 4525.5 4574.2 4604.99 4467.71 4299.8 4187.93 4135.16 4052.58 3987.6 3931.5 3878.89 3813.28 3743.17 3726.31 3694.43 3685.59 3736.81 3792.33 3842.39 3869.3 3907.73 3977.17
4331.94 4327.83 4324.17 4320.82 4318.49 4316.22 4314.44 4312.14 4310.2 4308.63 4308.66 4307.17 4305.94 4306.56 4307.26 4308.39 4306.83 4308.44 4310.89 4316.11 4329.85 4340.01 4351.96 4365.04 4381.25 4394.08 4397.3 4399.39 4395.14 4399.28 4400.56 4402.08 4404.74 4408.93 4415.58 4424.15 4435.06 4451.82 4459.07 4466.98 4475.66 4485.23 4495.87 4497.58 4508.58 4536.67 4536.03 4573.77 4491.15 4337.13 4212.28 4138.22 4084.63 4048.9 4010.25 3973.38 3966.48 3918.82 3834.23 3776.99 3757.45 3814.98 3880.56 3936.95 3976.74 4043.03 4118.14
4330.29 4325.42 4322.66 4320.35 4319.25 4318.4 4318 4316.42 4313.49 4309.45 4308.75 4306.76 4304.89 4303.27 4309.88 4309.39 4309.6 4309.38 4310.38 4312.82 4315.66 4331.74 4350.43 4362.63 4381.29 4390.69 4387.89 4393.76 4400.39 4398.59 4400.73 4406.15 4411.52 4418.48 4425.8 4431.57 4444.17 4459.72 4466.28 4472.77 4479.5 4486.54 4495.06 4494.84 4500.87 4513.68 4509.98 4556.02 4523.75 4428.72 4299.68 4159.84 4141 4132.53 4097.05 4049.36 4007.5 3980.08 3938.94 3916.11 3900.53 3939.87 3990.11 4043.83 4085.22 4143.62 4206.47
4316.88 4319.44 4320.33 4320.7 4320.99 4321.8 4322.06 4321.88 4320.62 4315.53 4310.87 4306.62 4305.17 4304.74 4306.45 4307.99 4309.15 4309.14 4309.29 4310.33 4313.13 4321.03 4334.9 4359.83 4376.11 4387.58 4387.17 4392.89 4397.73 4399.85 4405.05 4409.16 4414.2 4422.01 4427.57 4436.94 4456.59 4461.9 4471.86 4478.67 4482.72 4483.56 4484.14 4487.54 4487.96 4483.87 4501.46 4533.23 4557.87 4583.93 4467.29 4323.02 4284.33 4256.61 4203.64 4130.52 4032.15 4016.19 4033 4063.92 4094.25 4080.45 4098.43 4150.19 4192.72 4226.2 4243.98
4310.57 4314.65 4317.96 4320.17 4322.85 4324.74 4326.33 4328.61 4329.46 4329.96 4311.39 4305.16 4304.98 4308.67 4308.38 4309.42 4309.84 4308.95 4309.1 4309.77 4310.65 4316.08 4321.87 4338.3 4356.65 4382.07 4387.62 4399.29 4405.24 4412 4408.27 4409.03 4414.53 4422.68 4430.24 4450.66 4465.61 4473.81 4479.99 4484.72 4487.97 4488.17 4485.65 4482.29 4474.93 4466.62 4473.89 4494.75 4541.75 4578.4 4558.17 4539.33 4487.22 4401.33 4337.75 4270.1 4184.86 4158 4139.88 4097.99 4085.51 4113.68 4191.81 4261.03 4320.76 4372.02 4413.32
4309.54 4312.1 4315.72 4318.85 4322.79 4325.73 4329.45 4331.99 4332.82 4330.13 4306.2 4301.89 4303.19 4304.99 4305.21 4309.1 4309.01 4308.92 4309.75 4311.69 4315.5 4317.43 4320.81 4328.53 4338.24 4355.5 4400.55 4399.95 4409.46 4407.16 4403.57 4406.33 4413.92 4422.08 4436.68 4448.79 4473.04 4484.94 4487.28 4490.14 4492.46 4496.03 4489.13 4477.38 4466.38 4455.21 4452.39 4466.71 4500.25 4527.64 4566.5 4603.69 4576.73 4503.67 4461.54 4447.32 4432.23 4361.21 4295.15 4212.42 4185.91 4221.34 4306.16 4369.97 4433.47 4524.4 4646.92
4308.99 4311.16 4314.2 4317.96 4321.45 4324.9 4328.92 4332.05 4333.53 4332.81 4303.27 4300.25 4303 4305.7 4306.65 4305.93 4307.18 4308.73 4310.34 4312.86 4317.04 4322.36 4328.97 4332.32 4336.67 4348.66 4366.64 4377.31 4381.46 4380.4 4389.02 4398.57 4407.94 4417.42 4427.18 4450.92 4478.36 4489.52 4490.23 4490.25 4490.4 4489.02 4481.37 4468.95 4454.73 4442.35 4437.01 4442.44 4463.8 4488.54 4530.66 4558.04 4555.92 4536.7 4532.77 4568.83 4627.11 4523.86 4472.07 4471.36 4449.01 4465.01 4442.56 4458.14 4500.86 4575.13 4669.66
4308.4 4310.03 4313 4316.44 4320.12 4323.59 4326.82 4330.36 4333.45 4329.95 4305.22 4301.77 4305.59 4311.59 4314.01 4305.72 4307.64 4309.55 4312.03 4314.98 4319.7 4327.75 4337.07 4342 4342.25 4351.35 4353.62 4355.74 4352 4356.85 4373.76 4389.33 4401.35 4414.44 4417.16 4442.97 4472.21 4483.14 4486.95 4487.95 4486.35 4479.44 4469.81 4460.29 4445.42 4429.16 4412.84 4421.46 4439.61 4462.01 4490.3 4509.16 4515.46 4521.86 4533.55 4552.52 4558.45 4551.22 4544.3 4581.99 4570.67 4571.43 4508.55 4494.17 4507.17 4527.14 4520.22
4308.08 4309.08 4310.73 4312.92 4316 4318.49 4320.98 4323.97 4327.5 4326.21 4307.65 4304.68 4308.85 4315.73 4321.98 4318.42 4312.29 4310.7 4314.35 4319.77 4325.01 4330.65 4338.37 4345.02 4343.68 4343.76 4343.6 4345.42 4348.33 4351.41 4364.88 4380.3 4394.05 4409 4410.28 4429.64 4463.2 4470.09 4477.24 4481.56 4482.39 4475.66 4458.39 4437.5 4426.57 4416.87 4402.78 4408.08 4425.22 4443.29 4457.94 4465.15 4463.6 4486.46 4500.9 4506.35 4507.64 4514.57 4507.9 4500.63 4509.37 4487.46 4487.58 4483.57 4482.24 4473.48 4443.78
4307.11 4307.81 4309.28 4310.61 4312.33 4314.16 4314.98 4314.9 4311.91 4311.31 4306.97 4305.99 4309.68 4315.72 4322.42 4322.05 4310.08 4310.77 4316.36 4323.13 4327.4 4330.13 4332.53 4333.75 4341.49 4343.5 4343.13 4343.94 4346.01 4350.27 4360.98 4374.38 4386.72 4398.39 4410.98 4412.08 4434.17 4449.47 4463.45 4475.18 4479.24 4468.78 4448.95 4420.19 4411.69 4405.79 4395.62 4401.81 4414.25 4426.99 4435.03 4438.37 4442.02 4457.33 4469.23 4469.56 4470.66 4475.51 4466.17 4455.4 4454.89 4444 4451.02 4455.61 4452.14 4440.24 4423.2
4306.61 4307.08 4307.93 4308.67 4309.48 4309.85 4309.84 4308.37 4305.88 4305.35 4304.71 4305.61 4308.04 4311.89 4315.57 4323.5 4311.25 4311.49 4318.13 4323.76 4326.87 4327.96 4328.05 4329.14 4336.01 4342.2 4344.43 4345.53 4348.92 4351.64 4358.96 4368.43 4378.08 4385.66 4390.32 4391.74 4404.65 4427.4 4449.09 4468.92 4483.67 4479.23 4450.81 4420.38 4409.74 4403.47 4397.77 4397.69 4405.97 4414.29 4420.15 4424.17 4430.03 4439.14 4447.92 4456.54 4453.74 4445.82 4437.72 4431.38 4424.7 4416.08 4424.18 4428.36 4426.37 4419.21 4412.93
4306.87 4307.06 4307.1 4307.37 4307.21 4306.59 4305.91 4304.99 4304.11 4304.15 4304.73 4304.57 4304.72 4306.34 4307.96 4309.84 4310.14 4314.77 4320.92 4326.67 4326.4 4325.6 4325.38 4326.23 4330.64 4341.29 4347.08 4348.5 4351.69 4352.99 4358.11 4364.26 4369.75 4374.73 4377.51 4380.37 4396.31 4409.56 4434.07 4459.69 4484.54 4487.23 4455.56 4428.99 4414.84 4405.23 4394.16 4392.8 4402.13 4406.52 4410.05 4413.98 4418.21 4424.48 4431.12 4431.69 4432.15 4423.29 4408.94 4403.76 4405.2 4406.28 4407.36 4409.85 4410.47 4406.84 4401.89
4306.66 4306.98 4306.6 4306.05 4305.56 4304.82 4304.03 4303.28 4302.72 4304.58 4303.14 4302.06 4302.42 4303.53 4307.25 4312.29 4322.89 4325.41 4323.28 4322.45 4322.9 4323.07 4324.2 4326.48 4330.3 4338.11 4344.13 4352.43 4354.49 4356.32 4358.89 4362.02 4364.57 4365.3 4368.38 4370.87 4376.32 4391.07 4417.83 4444.91 4464.27 4467.19 4449.27 4429.46 4419.92 4410.93 4395 4392.79 4396.03 4400.81 4404.13 4406.47 4406.1 4411.5 4420.7 4423.68 4419.47 4410.03 4397.48 4392.23 4391.66 4388.51 4392.48 4397.42 4398.71 4397.7 4396.43
4306.3 4306.7 4306.16 4305.34 4304.37 4303.98 4303.25 4302.62 4303.41 4304.77 4303.84 4302.91 4301.49 4301.66 4308.52 4332.77 4337.61 4332.8 4323.87 4319.19 4319.19 4320.96 4322.83 4326.13 4331.88 4338.53 4344.56 4349.16 4352.3 4356.13 4359.05 4361.39 4362.23 4361.77 4359.15 4356.75 4359.1 4373.42 4403.89 4433.37 4450.8 4456.2 4447.08 4431.19 4424.12 4412.97 4405 4399.45 4395.37 4398.12 4402.5 4405.46 4405.52 4410.51 4419.14 4422.75 4415.37 4406.05 4395.66 4389.89 4387.26 4386.68 4387.45 4388.64 4388.82 4390.43 4395.06
4305.97 4306.21 4306.07 4305.44 4304.68 4303.63 4303.1 4302.76 4303.43 4304.93 4305.16 4304.42 4302.22 4301.67 4311.39 4339.55 4338.31 4332.52 4323.87 4313.76 4317.58 4319.33 4321.13 4323.88 4329.66 4338.78 4344.35 4350.02 4353.96 4357.89 4360.82 4362.04 4361.71 4359.93 4353.04 4345.61 4346.78 4360.16 4395.24 4430.07 4458.72 4464.39 4461.12 4447.03 4427.24 4414.41 4410.23 4404.61 4399.01 4400.12 4404.31 4409.72 4417.01 4424.47 4419.39 4412.24 4410.61 4404.26 4399.39 4391.01 4385.94 4385.32 4383.84 4382.93 4384.71 4388.34 4393.05
4306.07 4306.66 4306.04 4305.23 4304.51 4303.94 4303.38 4303.02 4305.22 4305.25 4305.77 4305.89 4303.08 4302.67 4311.46 4334.45 4341.58 4343.79 4333.58 4322.14 4320.02 4319.34 4319.93 4322.11 4330.06 4338.67 4344.86 4350.06 4354.81 4359.1 4362.37 4363.16 4362.98 4360.55 4356.8 4345.46 4344.15 4358.49 4393.56 4429.8 4459.27 4462.77 4460.45 4449.67 4430.96 4425.08 4411.69 4399.84 4401.64 4402.63 4406.43 4412.09 4417.67 4418.13 4417.22 4414.32 4405.35 4399.05 4394.07 4387.41 4382.64 4380 4378.65 4378.88 4381.65 4384.34 4386.47
4305.77 4305.6 4305.76 4304.91 4305.32 4303.89 4303.87 4303.81 4305.01 4305.14 4304.79 4303.06 4303.09 4303.9 4309.4 4322.54 4337.71 4354.24 4345.6 4334.34 4323.92 4320.37 4319.51 4321.98 4327.46 4339.61 4344.55 4347.52 4354.37 4358.02 4361.57 4365.08 4367.14 4370.21 4369.7 4358.92 4356.58 4367.67 4398.52 4429.87 4450.52 4450.66 4440.86 4438.12 4435.87 4429.35 4411.51 4393.95 4399.47 4403.63 4407.68 4413.48 4417.97 4419.37 4411.08 4402.23 4398.62 4391.3 4384.62 4381.53 4378.21 4375.06 4373.49 4375.58 4377.68 4378.8 4378.48
4305.34 4305.45 4305.44 4305.04 4304.8 4304.55 4305.12 4305.32 4305.79 4305.01 4304.1 4304.1 4303.59 4304.6 4304.66 4302.93 4309.18 4331.38 4330.17 4326.91 4323.96 4321.1 4318.97 4318.8 4325.49 4334.36 4341.43 4344.99 4351.56 4356.1 4360.09 4367.65 4374.63 4376.72 4382.12 4378.76 4378.38 4384.77 4409 4431.89 4444.85 4436.86 4425.99 4430.08 4436.89 4444.77 4422.67 4412 4405.36 4406.12 4410.82 4414.77 4419.3 4421.22 4413.13 4403.1 4395.38 4387.29 4381.06 4377.9 4375.41 4373.09 4372.72 4372.7 4374.16 4374.67 4374.52
4304.21 4304.38 4305.15 4305.07 4304.75 4304.74 4304.92 4305.76 4305.77 4304.76 4303.47 4302.41 4303.38 4305.01 4303.01 4300.37 4321.58 4327.94 4322.39 4323.23 4324.73 4322.42 4319.54 4319.51 4324.91 4327.69 4336.3 4341.08 4348.71 4355.13 4362.3 4370.23 4380.76 4390.92 4396.96 4392.04 4397.06 4408.41 4419.87 4431.81 4434.77 4421.15 4411.39 4420.62 4433.35 4437.19 4422.82 4400.97 4404.59 4409.24 4411.32 4413.62 4416.91 4419 4417.35 4406.3 4393.96 4384.81 4379.14 4376.1 4374.07 4372.52 4371.59 4372.1 4372.38 4372.81 4373.06
