real_craters/C088-500m.grd
DSAA
123 123
-30.5375 30.5375
-30.5375 30.5375
3587.1824085184 4831.4077977622
[rows 0 to 29 of 123, columns 0 to 66 of 123]
4332.12 4332.1 4332.95 4332.02 4330.14 4327.77 4325.21 4325.45 4324.96 4325.44 4326.33 4328.16 4328.4 4328.18 4329.11 4330.23 4330.52 4332.81 4334.69 4335.4 4333.3 4330.6 4329.27 4328.38 4327.81 4327.99 4329.38 4329.95 4331.73 4335.59 4340.6 4347.72 4355.95 4364.1 4371.31 4378.48 4384.12 4388.23 4391.43 4393.2 4393.72 4393.54 4391.13 4384.48 4380.89 4389.02 4384.04 4383.39 4385.93 4387.7 4388.41 4386.6 4392.31 4399.87 4399.49 4392.87 4385.98 4382.99 4382.1 4383.95 4399.35 4413.53 4424.67 4431.38 4420.47 4412.03 4404.11
4331.92 4331.05 4329.69 4331.15 4332.35 4329.52 4330.98 4327.15 4326.06 4326.07 4326.65 4327.12 4327.04 4326.2 4326.17 4327.33 4328.28 4329.29 4334.05 4334.32 4330 4328.44 4328 4327.54 4327.27 4327.41 4328.82 4329.66 4332.2 4336.89 4341.83 4348.2 4354.99 4360.28 4363.38 4370.6 4377.11 4383.96 4387.5 4390.66 4391.28 4390.04 4386.6 4381.59 4379.21 4384 4381.89 4382.87 4384.93 4386.01 4386.52 4387.52 4391.22 4396.91 4399.92 4398.07 4391.46 4387.74 4385.77 4387.51 4393.91 4401.96 4409.81 4416.67 4423.14 4424.26 4407.51
4331.78 4330.37 4330.26 4332.21 4334.23 4332.38 4327.92 4326.64 4325.98 4325.78 4325.94 4325.57 4326.01 4326.21 4326.67 4325.11 4326.43 4326.13 4327.64 4330.03 4328.17 4326.99 4327 4327.4 4328.63 4326.76 4325.75 4329.25 4332.23 4333.96 4342.07 4348.96 4355.48 4361.35 4365.32 4366.61 4370.21 4381.78 4388.33 4388.02 4388.43 4388.82 4387.97 4381.66 4379.83 4380.41 4385.74 4385.26 4385.56 4385.79 4386.46 4389.08 4394.52 4395.35 4400.44 4405.42 4394.86 4390.71 4387.21 4388.3 4393.56 4399.87 4407.04 4415.18 4425.2 4438.1 4420.98
4330.47 4329.08 4329.74 4332.18 4333.63 4329.62 4326.04 4325.94 4325.61 4325.4 4325.17 4325.06 4324.99 4325.7 4326.74 4326.36 4325.94 4323.28 4324.69 4327.75 4326.88 4326.23 4326.43 4326.49 4326.1 4326.27 4326.47 4329.98 4335.01 4340.69 4344.46 4349.9 4355.87 4362.83 4367.95 4365.9 4370.31 4373.11 4379.26 4381.64 4384.03 4386.21 4386.83 4382.73 4381.77 4385.09 4387.04 4386.64 4385.95 4386.54 4388.04 4391.04 4395.26 4400.93 4401.12 4401.62 4404.31 4395.22 4388.92 4389.46 4393.18 4397.95 4404.08 4410.94 4418.77 4424.97 4412.72
4328.68 4329.14 4330.32 4331.23 4331.24 4330.85 4327.94 4325.87 4324.83 4324.67 4324.57 4324.31 4324.28 4324.26 4326.07 4325.8 4323.76 4323 4326.97 4326.91 4325.83 4325.56 4326.42 4326.61 4325.9 4325.96 4326.77 4330.39 4336.18 4342.13 4345.72 4350.21 4354.62 4357.85 4360.21 4358.98 4357.31 4359.79 4366.03 4373.04 4377.76 4381.37 4383.64 4382.11 4381.48 4386.66 4388.02 4386.91 4386.9 4387.57 4388.98 4391.98 4395.51 4398.6 4400.68 4403.85 4406.54 4396.86 4392.9 4391.9 4393.61 4396.61 4400.37 4404.27 4406.2 4402.59 4396.87
4325.74 4331.16 4332.05 4330.08 4328.05 4328.81 4326.46 4324.33 4323.88 4323.75 4324.05 4324.51 4324.5 4321.97 4320.04 4322.57 4324.45 4324.95 4325.35 4326.27 4326.87 4327.39 4327.05 4327.35 4326.81 4325.75 4326.82 4329.63 4334.08 4339.53 4344.79 4350.09 4354.36 4354.36 4353.66 4353.65 4350.47 4354.48 4360.38 4366.42 4371.5 4375.47 4377.86 4378.66 4381.64 4380.19 4383.16 4385.73 4387.19 4388.12 4389.73 4393.12 4396.93 4398.05 4400.61 4403.22 4403.32 4394.18 4392.48 4393.06 4393.32 4395.36 4396.65 4397.43 4395.83 4394.14 4392.46
4334.13 4334.07 4331.58 4328.48 4324.97 4324.75 4322.96 4322.21 4322.75 4323.17 4323.65 4323.72 4321.95 4321.23 4319.03 4321.59 4324.66 4325.47 4325.35 4325.65 4325.72 4325.75 4327.02 4327.81 4326.99 4325.25 4325.6 4328.12 4331.58 4336.46 4343.04 4349.99 4356.73 4362.39 4359.96 4354.18 4350.48 4353.24 4356.9 4362.7 4367.79 4370.77 4372.73 4374.28 4382.83 4386.23 4381.67 4385.9 4387.99 4389.24 4390.2 4394.93 4399.4 4401.79 4402.96 4403.92 4401.78 4395.21 4393.69 4393.99 4393.75 4392.98 4392.47 4391.23 4388.93 4389.52 4396.16
4334.6 4331.48 4329.12 4327.1 4326.56 4326.33 4323.43 4322.24 4322.58 4323.01 4323.48 4324 4324.46 4322.38 4321.2 4321.83 4323.15 4324.96 4325.2 4325.39 4325.42 4325.5 4326.7 4327.54 4325.99 4323.88 4326.89 4329.21 4329.63 4334.21 4341.24 4348.55 4356.71 4365.89 4362.55 4354.59 4350.33 4346.33 4353.3 4360.24 4365.98 4368.9 4368.46 4370.03 4373.25 4383.97 4387.96 4389.13 4390.59 4391.51 4393.45 4398.82 4404.56 4405.38 4406.28 4405.52 4402.29 4398.79 4397.97 4397.21 4395.2 4392.6 4389.41 4386.77 4385.46 4389.4 4404.53
4330.2 4328.9 4327.13 4325.04 4323.77 4323.41 4322.56 4322.14 4322.09 4322.72 4323.1 4323.56 4324.34 4321.9 4320.2 4320.87 4324.13 4323.07 4324.81 4325.29 4325.48 4325.87 4326.42 4326.5 4325.54 4324.67 4326.42 4327.99 4329.15 4332.97 4339.04 4345.31 4351.13 4355.92 4355.19 4350.89 4345.8 4347.54 4352.81 4360.28 4366.72 4371.73 4371.01 4364.88 4367.01 4381.64 4390.92 4393.59 4394.51 4394.93 4396.69 4403.17 4409.38 4409.43 4409.33 4405.09 4403.07 4405.02 4407.12 4402.21 4398.85 4395.28 4391.99 4387.94 4385.93 4390.24 4412.99
4327.33 4326.97 4325.6 4323.7 4320.94 4322.16 4322.27 4321.21 4322.09 4322.43 4322.67 4322.28 4320.37 4320.1 4320.03 4321.08 4323.28 4325.07 4325.3 4325.52 4325.79 4325.93 4326 4326.4 4325.33 4324.4 4325.12 4326.46 4327.58 4331.89 4336.96 4342.02 4345.63 4346.12 4348.24 4347.09 4344.23 4345.72 4352.85 4360.61 4368.47 4377.17 4385.59 4378.51 4369.75 4384.6 4394.32 4396.69 4397.69 4398.61 4400.98 4406.4 4412.77 4410.58 4408.64 4402.67 4403.17 4406.46 4410.18 4406.65 4402.13 4397.68 4394.39 4391.67 4391.05 4398.17 4415.61
4325.76 4324.62 4324.43 4324.04 4323.63 4322.82 4323.09 4323.61 4322.84 4322.63 4322.42 4322.12 4322.17 4321.74 4320.4 4319.84 4321.58 4323.8 4324.58 4325 4325.57 4326.14 4325.31 4323.94 4325.11 4325.42 4325.6 4325.94 4330.44 4331.75 4336.14 4340.6 4344.22 4346.01 4346.05 4345.38 4344.52 4345.28 4351.52 4359.49 4369.19 4378.98 4385.88 4371.89 4384.46 4400.58 4401.27 4400.48 4400.33 4400.95 4402.66 4406.14 4409.4 4408.88 4407.02 4402.81 4405.09 4408.75 4410.12 4410.46 4406.86 4402.23 4398.72 4396.31 4396.09 4400.81 4409.68
4327.41 4324.48 4323.3 4323.72 4323.48 4321.83 4323.6 4323.76 4323.23 4322.59 4322.23 4322.07 4322.29 4321.88 4321.4 4323.03 4322.03 4323.24 4323.81 4324.26 4325.55 4327 4326.27 4326.03 4327.41 4329.05 4328.42 4325.02 4325.61 4330.95 4336.27 4340.44 4343.83 4346.14 4345.21 4344.1 4343.96 4343.5 4349.58 4358.97 4368.43 4377.87 4381.42 4378.09 4375.93 4404.84 4401.64 4400.47 4401.16 4402.01 4403.32 4404.26 4403.77 4405.72 4407.35 4405.14 4408.8 4415.77 4420.7 4415.82 4413.36 4409.37 4405.3 4401.36 4399.07 4399.72 4402.92
4327.53 4322.73 4322.67 4323.32 4322.91 4322.81 4322.83 4323.26 4322.82 4322.29 4321.99 4321.75 4321.44 4321.53 4321.18 4320.92 4321.57 4324.31 4321.6 4322.8 4324.69 4326.25 4325.59 4326.15 4332.28 4337.59 4340.26 4336.16 4326.55 4333.04 4337.62 4341.24 4343.97 4344.62 4344.03 4342.51 4341.16 4341.4 4348.08 4357.09 4366.04 4374.79 4382.15 4378.02 4376.13 4383.16 4391.82 4396.73 4399.89 4402.02 4403.41 4404.53 4405 4404.11 4405.94 4405.11 4412.95 4411.74 4411.94 4419.36 4419.95 4416.4 4412.6 4407.07 4402.79 4398.87 4398.08
4327.61 4323.54 4323.05 4323.84 4323.3 4322.05 4322.76 4322.68 4321.93 4321.89 4321.79 4321.66 4321.31 4321.74 4322.02 4323.36 4323.12 4323.07 4321.3 4322.02 4323.15 4324.22 4324.11 4327.44 4339.73 4352.78 4359.22 4356.4 4345.64 4340.08 4340.2 4342.34 4345.65 4346.21 4343.72 4341.7 4341.89 4341.32 4348.28 4356.64 4362.9 4367.93 4379.03 4369.55 4366.44 4371.73 4382.6 4392.57 4399.29 4403.42 4405.12 4404.58 4404.81 4405.26 4404.82 4411.85 4426.55 4435.92 4430.42 4433.22 4431.63 4427.15 4421.88 4414.21 4405.59 4399.85 4394.85
4325.99 4324.08 4323.21 4323.72 4322.89 4321.35 4324.03 4323.01 4321.66 4321.41 4321.54 4321.86 4321.23 4321.74 4322.22 4322.46 4322.13 4323.55 4322.51 4321.8 4321.88 4322.3 4322.55 4329.06 4346.18 4363.99 4370.35 4362.78 4351.91 4344.03 4342.21 4343.44 4345.55 4346.12 4344.96 4341.7 4338.39 4345.7 4354.55 4358.74 4359.73 4358.74 4359.06 4360.32 4358.64 4364.78 4379.84 4392.84 4402.4 4408.82 4410.88 4410.69 4410.98 4413.25 4417.53 4429 4444.58 4457.35 4461.33 4452.95 4443.67 4438.86 4434.3 4426.29 4412.2 4406.81 4397.63
4324.44 4323.13 4322.65 4322.38 4322.07 4321.15 4322.15 4321.34 4320.39 4321.04 4320.82 4321.6 4322.16 4321.29 4323.97 4323.62 4320.9 4321.24 4321.58 4321.15 4321.19 4320.87 4321.13 4330.67 4350.73 4369.9 4377.67 4363.57 4349.31 4342.43 4342.34 4345.26 4347.23 4348.52 4348.88 4348.98 4350.7 4360.78 4367.48 4364.39 4360.25 4355.03 4357.68 4360.31 4360.62 4366.68 4380.85 4395.9 4408.63 4414.67 4419.18 4421.09 4424.54 4430.74 4443.6 4456.47 4463.96 4465.45 4462.14 4454.83 4451.61 4449.52 4448.76 4448.18 4444.87 4425.85 4409.54
4322.44 4322.25 4322.38 4323.13 4322.59 4322.32 4321.96 4322.14 4322.01 4321.04 4321.89 4323.44 4325.08 4327.98 4330.92 4334.13 4335.98 4323.82 4320.87 4321.2 4321.65 4321.68 4324.82 4334.94 4353.72 4373.6 4385.1 4357.96 4335.95 4337.17 4341.28 4347.23 4354 4354.15 4354.5 4357.68 4366.76 4373.7 4377.03 4368.79 4361.76 4354.29 4347.21 4350.32 4352.92 4368.32 4383.76 4401.18 4419.07 4433.29 4429.58 4428.98 4434.78 4442.63 4456.17 4475.31 4482.82 4481.69 4463.19 4455.93 4456.91 4457.54 4459.86 4464.56 4462.68 4444.42 4430.59
4323.95 4322.14 4322.23 4321.86 4322.66 4323.17 4322.8 4323.57 4320.37 4319.08 4319.61 4322.31 4326.61 4332.28 4335.45 4334.91 4333.8 4328.43 4322.46 4323.76 4323.17 4321.46 4324.11 4336.24 4353.01 4367.86 4367.12 4360.5 4336.8 4335.08 4340.25 4347.34 4356.43 4356.08 4356.87 4359.19 4361.06 4370.09 4373.11 4368.49 4365.24 4363.13 4365.82 4360.13 4361.63 4372.74 4387.13 4405.72 4425.02 4437.91 4436.65 4434.41 4446.14 4460.48 4462.86 4478.25 4483.8 4482.24 4475.5 4468.54 4461.11 4460.48 4463.46 4467.97 4465.2 4451.67 4439.05
4322.44 4320.99 4322.9 4323.03 4322.01 4324.75 4334.6 4329.3 4321.53 4314.06 4315.93 4319.63 4324.86 4330.65 4333.04 4327.69 4320.09 4325.69 4331.87 4328.62 4324.68 4323.12 4323.38 4334.71 4350.53 4363.15 4367.51 4353.57 4337.4 4335.21 4339.57 4345.77 4350.07 4353.99 4356.4 4361.18 4364.89 4362.7 4361.55 4364.03 4367.52 4370.96 4374.75 4376.21 4366.54 4372.01 4388.14 4407.6 4426.4 4437.73 4436.5 4436.49 4451.69 4470.71 4456.13 4467.6 4482.67 4481.53 4470.53 4458.86 4456.94 4457.18 4459.87 4463.34 4460.11 4449.48 4440.84
4319.79 4315.82 4309.83 4318.33 4317.85 4312.63 4298.07 4304.12 4294.69 4307.15 4313.82 4317.85 4321.32 4324.76 4328.52 4323.53 4320.33 4319.95 4322.03 4323.9 4324.17 4323.8 4325.21 4334.04 4348.12 4361.39 4368.88 4353.05 4341.35 4337.34 4339.11 4344.95 4350.03 4350.64 4352.18 4354.73 4356.28 4354.77 4351.35 4358.76 4367.22 4382.59 4394.38 4384.6 4359.93 4367.89 4387.93 4408.84 4427.14 4434.81 4433.84 4434.29 4443.34 4450.38 4455.81 4462.09 4477.15 4473.96 4461.8 4453.02 4447.9 4449.08 4451.16 4449.88 4447.41 4439.97 4430.21
4320.62 4318.74 4320.39 4319.7 4316.68 4310.92 4310.41 4325.63 4319.08 4314.16 4314.48 4316.09 4316.8 4313.76 4298.86 4319.29 4321.69 4319.55 4321.06 4323.23 4323.29 4322.76 4323.18 4331.62 4344.66 4358 4367.34 4362.84 4346.98 4337.93 4336.22 4339.65 4344.8 4343.84 4345.52 4347.33 4348.73 4349.67 4351.39 4355.56 4361.68 4372.01 4386.34 4380.23 4367.01 4371.53 4389.64 4409.34 4427.73 4433 4427.26 4428.32 4434.39 4436.9 4435.2 4445.26 4463.97 4460.46 4448.04 4434.57 4435.43 4439.09 4442.06 4446.14 4439.33 4430.11 4418.79
4319.06 4320.46 4323 4322.13 4319.32 4317.98 4320.73 4316.95 4318.26 4316.7 4316.42 4316.19 4315.88 4315.75 4321.79 4322.13 4329.15 4325.86 4321.23 4320.73 4321.94 4323.59 4323.92 4329.27 4340.43 4352.27 4361.44 4360.02 4341.84 4333.19 4331.13 4328.5 4330.14 4335.21 4338.75 4342.11 4343.95 4345.95 4350.14 4353.23 4356.47 4360.32 4377.06 4380.77 4376.82 4380.64 4393.64 4410.01 4422.72 4421.88 4412.44 4413.13 4425.92 4431.53 4427.48 4435.66 4440.75 4444.84 4436.51 4426.64 4426.71 4430.69 4432.68 4428.59 4429.17 4423.64 4415.71
4321 4320.65 4320.73 4321.89 4320.46 4320.12 4320.51 4321.31 4320.84 4319.05 4318.2 4317.58 4317.41 4318.32 4321.1 4325.38 4337.31 4331.94 4321.62 4318.79 4320.97 4322.66 4322.71 4326.28 4336.01 4344.95 4349.3 4346.53 4336.63 4330.98 4329.06 4327.32 4327 4328.97 4331.72 4336.26 4338.72 4341.73 4344.56 4351.29 4359.18 4364.21 4381.17 4393.82 4386.13 4385.91 4398.7 4411.59 4420.12 4416.18 4404.48 4403.43 4414.95 4418.28 4420.56 4431.13 4440.05 4437.3 4430.25 4420.12 4422.23 4427.16 4429.18 4427.9 4425.16 4420.38 4412.86
4323.25 4320.99 4320.91 4321.45 4320.49 4319.93 4319.48 4322.5 4322.32 4320.5 4319.3 4318.38 4317.67 4318.24 4319.83 4320.39 4331.29 4327.93 4322.34 4320.91 4320.95 4321.92 4320.54 4323.93 4333.79 4341.52 4342.21 4337.59 4336.93 4334.29 4330.86 4327.89 4325.71 4325.07 4325.56 4326.46 4332.42 4338.75 4346.5 4355.54 4364.95 4372.79 4383.39 4392.15 4389.88 4393.29 4406 4417.52 4426.45 4417.19 4407.62 4403.51 4406.64 4410.42 4415.89 4422.75 4431.85 4432.39 4428.94 4426.48 4426.26 4427.73 4430.34 4430.85 4426.44 4421.18 4414.52
4322.39 4320.71 4319.34 4320.86 4319.94 4319.01 4318.21 4319.85 4322.3 4321.24 4320.87 4319.95 4319.28 4318.9 4319.34 4321.31 4323.83 4324.01 4322.44 4320.26 4320.17 4321.69 4321.2 4324.98 4336.27 4346.13 4347.18 4343.89 4343.8 4341.48 4332.97 4328.59 4325.01 4322.66 4321.62 4322.49 4328.7 4335.86 4342.88 4349.77 4363.7 4379.51 4377.96 4386.25 4394.85 4405.33 4413.83 4424.89 4431.84 4425 4413.13 4404.18 4400.04 4411.04 4416.6 4423.02 4428.57 4430.17 4429.17 4427.52 4427.5 4429.54 4430.77 4430.94 4427.55 4422.87 4416.63
4320.55 4320.33 4321.08 4320.24 4319.58 4318.53 4317.79 4320.38 4326.76 4325.08 4323.17 4321.28 4319.83 4318.81 4318.04 4319.78 4321.32 4320.61 4320.93 4320.81 4319.95 4319.82 4320.77 4327.22 4342.32 4358.42 4371.98 4362.17 4347.45 4335.69 4332.96 4328.51 4325.17 4321.56 4318.88 4318.56 4326.36 4334.41 4342.22 4350.14 4354.11 4368.72 4364.63 4378.25 4390.75 4403.57 4413.34 4427.74 4433.66 4430.49 4420.35 4405.82 4397.07 4406.07 4415.08 4422.45 4428.25 4429.41 4429.56 4429.75 4430.37 4431.84 4432.21 4431.6 4429.5 4425.13 4418.19
4319.81 4319.54 4319.87 4320.63 4319.75 4319.31 4319.65 4326.06 4337.83 4329.92 4324.8 4322.3 4320.5 4319.09 4318.76 4319.27 4320.13 4318.1 4321.35 4321.6 4320.02 4319.38 4321.42 4329.24 4349.56 4367.73 4375.89 4360.65 4346.33 4341.9 4334.91 4331.84 4325.98 4321.8 4320.34 4322.28 4326.67 4334.52 4344.52 4358.27 4358.01 4360.23 4351.88 4366.01 4379.91 4384.29 4406.37 4426.14 4438.03 4433 4423.7 4408.04 4396.7 4405.54 4412.02 4418.3 4425.44 4428.39 4430.25 4432.84 4436.84 4435.6 4433.76 4434.18 4434.93 4430.25 4422.68
4319.73 4319.14 4318.45 4318.95 4319.88 4320.51 4321.88 4324.88 4333.07 4327.7 4324.43 4322.27 4320.28 4318.73 4318.26 4318.63 4320.76 4322.14 4320.85 4320.14 4319.49 4321.57 4327.23 4338.14 4357.76 4375.86 4379.78 4356.69 4342.07 4337.19 4334.78 4331.41 4326.3 4321.81 4319.13 4320.9 4326.94 4333.99 4340.48 4343.54 4352.08 4356.08 4349.56 4373.84 4380.88 4389.71 4404.68 4420.25 4429.42 4430.65 4422.88 4409.46 4399.34 4402.78 4410.1 4417.71 4424.24 4427.67 4429.46 4431.09 4433.49 4439.39 4444.51 4446.26 4445.39 4440.74 4431.45
4319.52 4319.72 4320.17 4319.38 4320.27 4321.8 4324.28 4329.49 4329.69 4326.69 4324.9 4322.36 4320.2 4318.72 4317.61 4321.1 4321.7 4320.04 4319.02 4319.56 4320.34 4324.26 4333.51 4350.15 4363.69 4379.04 4381.89 4358 4339.97 4333.53 4332.09 4331.37 4325.58 4321.66 4319.87 4322.1 4328 4334.98 4341.99 4349.75 4345.65 4344.25 4347.15 4369.79 4383.9 4394.15 4405.15 4416.13 4425.06 4428.83 4424.25 4411.34 4404.32 4407.84 4411.91 4413.4 4424.55 4427.4 4428.63 4428.85 4432.6 4442.99 4458.03 4460.56 4458.4 4451.48 4441.22
4319.28 4319.69 4319.79 4320.38 4321 4322.37 4324.35 4325.67 4323.76 4325.56 4324.17 4322.04 4320.07 4318.57 4317.57 4320.14 4321.51 4321.4 4320.64 4323.44 4325.26 4325.69 4334.6 4350.95 4362.02 4373.09 4371.27 4355.94 4339.36 4330.54 4325.28 4323.98 4323.79 4321.81 4319.59 4323.43 4330.04 4336.12 4341.2 4343.72 4344.55 4337.31 4349.3 4377.65 4387.79 4397.07 4404.95 4410.99 4419.59 4425.95 4422.79 4411.8 4408.6 4414.13 4417.84 4423.4 4425.15 4428.53 4431.02 4431.33 4432 4445.66 4461.85 4466.94 4468.2 4471.28 4451.84
