real_craters/C088-500m.grd
DSAA
123 123
-30.5375 30.5375
-30.5375 30.5375
3587.1824085184 4831.4077977622
[rows 30 to 59 of 123, columns 0 to 66 of 123]
4319.36 4320.64 4320.8 4320.88 4321.23 4322.23 4324.01 4325.62 4326.39 4323.57 4321.72 4321.34 4320.26 4319.13 4318.47 4319.76 4318.42 4320 4322.24 4324.94 4323.36 4327.58 4330.48 4334.04 4352.09 4372.39 4372.83 4353.23 4334.54 4327.09 4323.3 4322.84 4324.78 4326.09 4324.35 4328.5 4333.34 4337.37 4340.77 4343.21 4341.67 4340.82 4362.02 4384.93 4389.9 4393.79 4400.84 4413.02 4420.57 4424.66 4421.07 4412.3 4415.49 4422.15 4422.69 4423.45 4427.32 4432.49 4436.86 4440.98 4445.33 4454.71 4460.11 4468.34 4471 4458.51 4453.42
4319.51 4320.29 4320.22 4319.12 4319.18 4321.48 4323.35 4324.93 4324.6 4323.11 4322.31 4321.41 4320.42 4319.51 4319.38 4318.86 4316.44 4318.12 4320.68 4324.89 4318.94 4324.94 4330.26 4329.51 4347.55 4367.98 4368.88 4351.28 4331.04 4325.2 4321.57 4324.05 4328.36 4332.74 4337.63 4338 4339.39 4341.55 4341.86 4342.61 4339.66 4349.7 4368.28 4383.83 4390.94 4393.69 4401.23 4416.09 4421.21 4421.39 4418.02 4415.68 4422.54 4429.17 4430.48 4430.11 4434.69 4439.26 4445.6 4452.96 4463.69 4467.6 4468.21 4471.3 4471.61 4465.18 4453.54
4320.24 4319.95 4319.75 4319.53 4320.49 4321.62 4323.1 4323.42 4322.9 4323.75 4323.19 4322.88 4321.29 4319.84 4318.97 4318.65 4318.07 4318.18 4320.28 4325.61 4356.82 4352.73 4339.44 4341.5 4350.41 4374.55 4370.91 4355.11 4339.92 4329.83 4323.29 4327.87 4332.66 4337.3 4340.48 4343.4 4345.11 4346.93 4347.36 4346.7 4351.14 4360.6 4374.01 4387 4395.58 4402.22 4412.89 4431.75 4424.46 4413.43 4413.14 4416.31 4427.79 4436.16 4442.13 4443.29 4440.31 4447.24 4454.91 4462.27 4466.12 4468.92 4473.84 4473.85 4472.45 4468.72 4452.74
4321.45 4321.71 4320.56 4320.38 4320.02 4321.23 4322.76 4323.96 4323.78 4327.21 4328.53 4327.84 4326.02 4322.15 4319.88 4319.56 4318.05 4316.99 4318.93 4330.79 4345.61 4352.27 4344.66 4329.37 4337.17 4357.15 4366.64 4360.41 4346.86 4343.01 4340.98 4336.13 4337.36 4342 4347.54 4347.54 4350.06 4353.02 4354.9 4358.05 4373.56 4362.08 4378.67 4392.05 4402.95 4412.64 4426.45 4441.6 4430.17 4415.9 4414.99 4420.11 4429.66 4441.12 4451.01 4452.98 4449.38 4456.91 4464.77 4472.96 4483.21 4491.1 4481.75 4475.89 4467.93 4459.61 4451.56
4322.01 4322.37 4322.56 4321.95 4319.57 4318.61 4318.75 4325.07 4335.85 4334.98 4331.25 4334.03 4331.7 4324.62 4317.94 4324.36 4317.4 4322.63 4320.57 4343.24 4355.58 4357.9 4354.13 4355.86 4366.81 4381.01 4374.09 4367.18 4360.75 4353.72 4345.46 4340.72 4338.93 4339.32 4341.01 4349.35 4354.31 4359.88 4363.34 4364.75 4352.38 4361.54 4384.16 4400.3 4412.87 4424.32 4438.85 4447.25 4434.71 4424.28 4420.01 4424.37 4430.49 4444.44 4459.01 4463.81 4465.57 4468.8 4474.91 4481.01 4485.67 4485.02 4482.08 4479.12 4473.31 4463.97 4454.14
4321.7 4322.15 4322.72 4323 4322.06 4315.9 4308.63 4307.42 4354.27 4331.5 4332.55 4341.02 4337.76 4334.57 4337.03 4341.15 4352.17 4342.81 4340.46 4354.55 4362.62 4362.19 4360.8 4362.49 4371.31 4375.88 4376.56 4371.23 4364.3 4357.94 4349.47 4340.83 4338.38 4340.2 4344.97 4350.25 4357.62 4365.28 4371.16 4372.74 4358.6 4368.34 4397.6 4410.4 4423.44 4434.57 4441.31 4448.07 4438.74 4424.81 4424.82 4425.57 4430.62 4444.57 4463.12 4469.46 4472.57 4479.05 4484.46 4487.57 4486.04 4486.04 4477.4 4483.64 4489.31 4478.55 4459.55
4321.59 4322.5 4323.02 4323.01 4322.84 4313.82 4296.96 4265.66 4186.52 4192.29 4311.16 4342.49 4339.22 4337.09 4341.71 4346.47 4350.35 4343.98 4338.08 4349.78 4361.38 4364.72 4360.93 4361.45 4367.72 4377.58 4377.87 4373.38 4367.51 4361.58 4349.73 4339.36 4336.66 4336.4 4342.05 4351.24 4361.07 4370.47 4377.55 4378.03 4366.47 4371.58 4396.63 4418.36 4433.33 4444.8 4455.86 4459.11 4450.76 4442 4434.45 4431.78 4433.45 4442.08 4452.17 4468.54 4477.78 4487.7 4494.43 4495.06 4491.11 4480.9 4477.84 4483.32 4495.45 4481.37 4459.94
4321.58 4321.82 4323.29 4324.26 4324.9 4315.91 4300.17 4281.17 4273.53 4327.69 4328.25 4334.46 4333.87 4330.48 4331.24 4340.09 4342.56 4338.91 4332.75 4343.02 4355.58 4353.72 4356.19 4357.88 4360.61 4379.8 4378.55 4374.3 4369.07 4359.63 4345.91 4339.53 4336.68 4335.28 4341.85 4352.71 4363.61 4374.3 4382.29 4381.08 4368.95 4385.21 4413.28 4427.71 4441.54 4453.76 4462.54 4463.79 4460.61 4453.68 4442.44 4431.34 4436.98 4445.57 4453.41 4476.4 4492.14 4504.21 4508.38 4506.07 4498.34 4484.89 4471.35 4471.12 4469.91 4465.91 4454.64
4320.92 4321.13 4323.49 4322.3 4321.31 4317.09 4311.93 4313.54 4334.28 4337.45 4326.24 4324.54 4330.86 4332.67 4331.87 4339.27 4342.66 4338.18 4329.34 4332.57 4347.33 4346.17 4354.24 4359.43 4372.83 4377.28 4375.89 4372.52 4368.81 4362.02 4350.93 4343.91 4340.12 4337.9 4344.14 4354.13 4364.65 4374.9 4383.48 4382.09 4366.1 4386.1 4417 4433.89 4449.54 4461.54 4465.93 4462.23 4471.59 4470.65 4461.3 4449.63 4448.38 4458 4472.14 4494.01 4519.97 4532.62 4526.1 4517.46 4508.54 4493.68 4469.38 4460.99 4451.47 4453.25 4449.05
4320.65 4320.73 4321.17 4322.15 4320 4318.43 4319.84 4324.13 4331.61 4330.69 4325.09 4326 4332.14 4338.56 4340.49 4342.37 4344.83 4342.3 4326.22 4322.38 4335.05 4348.19 4354.59 4358.1 4360.49 4367.56 4370.45 4368.74 4366.2 4360.65 4356.13 4351.29 4345.94 4344.88 4348.99 4357.2 4365.92 4374.3 4379.28 4371.85 4363.85 4385.55 4416.25 4438.81 4456.46 4468.93 4471.94 4465.7 4460.68 4468.71 4477.56 4480.21 4472.56 4471.75 4482.88 4504.22 4535.43 4552.29 4537.79 4525.64 4512.67 4491.94 4474.15 4461.68 4456.92 4453.17 4450.12
4318.7 4319.14 4319.9 4319.87 4319.77 4320.88 4322.63 4325.35 4329.08 4332.17 4334.94 4336.75 4334.26 4334.47 4341.12 4344.82 4346.68 4341.02 4331.87 4320.14 4328.3 4342.67 4352.59 4359.22 4364.31 4365.37 4365.81 4365.52 4364.82 4364.07 4358.03 4354.09 4352.41 4348.45 4354.27 4360.34 4367.09 4373.74 4378.03 4370.04 4371.57 4389.86 4417.21 4444.19 4465.17 4479.52 4480.3 4462.11 4457.29 4471.49 4488.47 4501.13 4487 4476.19 4482.83 4502.06 4519.39 4526.57 4534.53 4532.55 4519.33 4499.76 4479.04 4468.72 4459.78 4460.47 4454.97
4319.11 4318.78 4318.55 4318.45 4318.67 4319.41 4322.34 4325.34 4327.04 4329.57 4341.27 4341.8 4337.55 4334.92 4342.12 4346.25 4350.13 4353.37 4337.91 4323.04 4322.28 4337.97 4352.17 4360.49 4364.91 4361.14 4361.92 4362.88 4362.77 4359.22 4359.72 4368.51 4362.53 4363.02 4360.45 4362.27 4366.13 4372.03 4383.18 4390.21 4381.91 4399.21 4426.3 4452.32 4474.81 4492.82 4495.59 4471.9 4481.57 4492.09 4498.45 4495.38 4490.02 4480.12 4487.25 4505.69 4512.96 4513.82 4540.43 4550.22 4536.16 4513.1 4505.28 4502.16 4489.91 4483.41 4468.72
4319.69 4318.6 4318.03 4318.14 4318.39 4318.56 4321.7 4324.49 4327.42 4333.42 4346.49 4341.71 4343.46 4340.35 4342.78 4344.83 4347.33 4349.28 4336.2 4320.75 4326.16 4342.04 4353.73 4360.57 4361.66 4354.71 4356.52 4359.5 4362.04 4363.6 4360.74 4362.94 4365.08 4364.79 4362.74 4362.8 4363.81 4366.47 4368.01 4382.61 4403.13 4421.14 4442.25 4461.95 4480.74 4500.93 4505.36 4476.29 4494.08 4506.21 4516.23 4500.65 4502.5 4496.28 4507.02 4525.22 4536.87 4545.41 4564.43 4581.27 4598.47 4585.57 4568.75 4570.23 4544.1 4509.05 4479.31
4316.25 4317.27 4317.53 4318.02 4319.38 4321.86 4323.42 4325.14 4329.18 4336.77 4346.99 4356.13 4352.89 4350.77 4341.49 4340.35 4339.45 4335.29 4328.67 4320.41 4328.71 4344.28 4354.57 4359.13 4357.09 4351 4354.54 4357.19 4360.15 4362.53 4362.47 4366.48 4363.89 4361.64 4361.88 4361.41 4362.25 4363.88 4367.66 4381.6 4405.24 4440.13 4457.11 4467.18 4476.33 4486.76 4494.14 4492.43 4500.32 4503.42 4506.61 4494.74 4538.21 4552.01 4551.72 4544.51 4555.01 4608.5 4563.6 4566.09 4641.74 4626.25 4639.06 4636.73 4586.76 4517.27 4472.92
4317.12 4316.75 4316.83 4317.69 4319.21 4321.76 4322.31 4324.62 4329.57 4338.36 4352.82 4358.48 4348.01 4337.07 4336.7 4335.37 4332.48 4327.95 4323.11 4321.72 4332.35 4347.87 4351.25 4360.37 4364.31 4357.34 4354.47 4355.76 4356.78 4356.49 4358.27 4361.81 4360.98 4360.99 4361.63 4361.59 4361.19 4362.95 4370.43 4387.1 4411.55 4442.96 4466.9 4468.71 4466.62 4466.85 4477.78 4495.93 4508.99 4493.26 4499.31 4537.85 4569.69 4649.14 4579.81 4532.64 4508.3 4477.8 4468.05 4457.36 4429.34 4455.75 4436.47 4499.7 4506.43 4469.49 4441.84
4316.9 4316.59 4316.54 4316.62 4317.16 4317.9 4319.47 4322.18 4326.52 4335.12 4354.68 4355.24 4340.53 4335.95 4333.83 4332.06 4327.9 4322.82 4319.58 4321.5 4331.32 4351.56 4360.56 4358.55 4353.45 4352.22 4354.44 4355.36 4355.87 4358.13 4360.97 4358.67 4360.31 4362.15 4362.67 4362.9 4363.19 4363.8 4370.56 4388.67 4405.38 4442.93 4468.53 4462.84 4454.32 4446.75 4474.63 4500.42 4512.28 4508.88 4479.79 4488.66 4507.2 4529.97 4509.85 4475.68 4443.78 4397.09 4390.54 4355.31 4299.33 4314.36 4314.1 4330.88 4370.56 4386.74 4383.2
4317.03 4316.49 4316.02 4315.92 4315.93 4316.97 4318.01 4319.57 4322.57 4327.67 4348.04 4353.2 4341.7 4336.31 4336.63 4332.32 4326.85 4320.6 4315.71 4315.84 4328.61 4354.21 4366.37 4366.49 4361.46 4355.23 4355.11 4357.05 4359.76 4359.86 4356.34 4359.83 4360.42 4365.61 4366.54 4366.89 4367.07 4368.03 4372.26 4395.98 4413.87 4442.29 4463.85 4457.6 4451.46 4456.96 4507.49 4545.23 4539.19 4559.19 4502.36 4427.93 4409.51 4383.5 4404.9 4390.14 4376.95 4386.43 4352.6 4305.94 4261.35 4265.71 4273.49 4255.88 4284.1 4296.88 4313.05
4317.97 4316.96 4316.11 4315.41 4315.04 4315.44 4316.25 4317.02 4319.57 4323.85 4335.76 4350.82 4355.63 4358.68 4344.3 4334.48 4326.4 4320.45 4318.1 4316.77 4323.26 4331.03 4356.53 4373.51 4371.71 4360.86 4355.12 4356.95 4366.32 4364.94 4363.63 4369.59 4376.47 4372.95 4370.91 4371.16 4373.17 4377.01 4386.77 4394.26 4403.78 4432.05 4451.23 4446.38 4451.06 4478.15 4564.94 4653.91 4613.58 4475.33 4360.78 4349.34 4365.53 4349.77 4321.28 4290.47 4262.93 4251.48 4223 4204.58 4228.53 4196.8 4243.94 4273.56 4218.3 4211.48 4237.27
4318.46 4317.43 4316.54 4315.51 4314.62 4313.35 4311.75 4315.48 4318.35 4322.59 4333.15 4349.08 4345.45 4349.65 4342.16 4332.73 4324.98 4319.58 4317.15 4320.18 4337.34 4345.97 4352.4 4375.17 4374.96 4355.72 4354.82 4352.52 4344.81 4357.6 4369.27 4369.3 4367.58 4372.01 4372.95 4374.8 4377.7 4382.44 4383.25 4385.87 4394.19 4407.95 4416.91 4429.46 4444.22 4481.6 4584.41 4679.96 4544.59 4344.02 4310.64 4309.96 4333.54 4313.25 4231.98 4173.89 4122.59 4062.82 4014.72 4001.27 4003.35 4032.74 4042.21 4056.1 4086.77 4112.49 4155.72
4318.56 4317.87 4317.45 4316.61 4315.95 4315.61 4316.2 4317.29 4319.36 4323.82 4333.19 4345.16 4340.07 4341.68 4335.71 4328.5 4322.18 4317.36 4313.69 4321.29 4340.3 4357.17 4359.62 4364.11 4372.54 4370.48 4363.66 4355.78 4358.41 4356.27 4364.5 4367.36 4368.99 4369.29 4371.96 4375.24 4380.55 4386.27 4394.35 4388.53 4399.27 4395.71 4398.41 4421.67 4444.54 4479.38 4551.49 4570.84 4397.01 4276.49 4290.15 4242.81 4200.53 4159.47 4100.07 4047.03 3993.2 3925.62 3873.54 3859.98 3864.33 3886.22 3871.68 3867.1 3950.32 4012.18 4073.64
4318.61 4318.33 4318.21 4317.99 4318 4318.03 4318.87 4319.16 4320.8 4323.49 4328.94 4332.37 4337.1 4334.98 4328.17 4322.68 4317.72 4313.93 4313.65 4320.83 4337.56 4359.34 4370.39 4373.61 4376.77 4378.38 4371.94 4361.37 4351.53 4357.06 4358.58 4360.95 4364.22 4364.92 4368.41 4374.75 4381.44 4389.91 4396.13 4408.14 4400.7 4392.47 4396.43 4432.74 4466.52 4487.83 4506.54 4471.14 4302.7 4249.26 4246.6 4133.05 4011.52 3975.96 3960.66 3934.22 3894.95 3853.1 3820.93 3803.58 3802.22 3807.24 3804.06 3799.67 3859.7 3928.74 4000.79
4318.77 4318.67 4318.85 4319.56 4320.05 4320.58 4319.97 4321.31 4321.86 4321.18 4318.14 4325.79 4328.16 4318.85 4319.61 4317.11 4313.9 4312.12 4312.36 4323.84 4346.47 4371.13 4380.49 4379.33 4380.8 4375.86 4373.27 4374.21 4370.8 4365.68 4361.77 4358.66 4353.8 4357.43 4364.48 4371.63 4379.24 4386.06 4398.59 4416.89 4402.24 4394.38 4401.53 4463.23 4525.67 4528.44 4476 4393.26 4287.06 4226.56 4147.15 4017.59 3884.09 3852.42 3853.38 3839.83 3821.17 3801.28 3790.72 3776.11 3767.7 3765.64 3768.02 3760.37 3802.02 3867.25 3944.5
4318.49 4318.79 4319.68 4320.65 4322.06 4324.41 4328.28 4327.99 4323.91 4320.38 4317.21 4315.52 4318.15 4317.62 4316.12 4313.87 4312.23 4313.61 4324.75 4335.88 4363.95 4380.2 4381.4 4384.03 4382.6 4382.03 4384 4389.14 4388.02 4374.54 4365.54 4359.77 4355.29 4356.15 4361.18 4368.91 4377.66 4384.32 4398.24 4419 4410.08 4404.77 4412.41 4504.43 4611.41 4582.84 4451.42 4335.85 4276.62 4189.4 4034.59 3933.61 3834.16 3792.77 3783.45 3776.68 3765.01 3754.23 3747.6 3748.06 3736.37 3731.4 3730.58 3717.12 3755.96 3824.79 3905.47
4318.16 4319.04 4320.23 4321.79 4323.18 4326.44 4332.1 4331.88 4324.86 4320.71 4318.5 4321.99 4322.95 4322.16 4316.69 4312.19 4309.6 4311.9 4326.35 4365.14 4373.29 4377.4 4373.98 4378.1 4384.58 4386.23 4388.24 4389 4386.41 4376.33 4365.84 4356.68 4351.43 4350.94 4357.82 4368.55 4379.51 4388.2 4404.89 4427.76 4429.35 4422.67 4434.73 4536.46 4677.71 4600.34 4413.09 4284.92 4220.13 4124.35 3993.7 3887.89 3798.19 3762.69 3743.03 3731.9 3723.2 3712.62 3697.76 3691.77 3699.77 3701.06 3699.34 3690.22 3720.21 3783.62 3862.2
4317.87 4318.77 4319.92 4321.03 4322.58 4324.08 4324.25 4322.08 4321.78 4320.99 4320.48 4325.1 4325.71 4324.61 4317.8 4311.83 4307.76 4308.35 4324.47 4358.52 4369.57 4380.7 4386.1 4396.93 4388.08 4380.53 4378.52 4378.86 4378.96 4373.25 4364.1 4352.93 4342.74 4342.07 4355.42 4369.29 4383.16 4392.3 4408.6 4427.95 4433.83 4444.89 4470.52 4544.71 4620.23 4533.87 4344.53 4223.98 4178.68 4089.46 3952.02 3853.77 3789.38 3743.86 3718.34 3704.11 3694.23 3686.11 3680.43 3674.91 3675.27 3677.16 3676.47 3668.29 3694.34 3755.14 3836.95
4317.51 4318.28 4319.33 4320.11 4320.71 4320.63 4319.13 4317.31 4319.33 4320.08 4321.28 4322.42 4327.59 4324.2 4317.15 4310.49 4306.14 4307.18 4320.34 4341.8 4361.24 4388.39 4382.34 4386.17 4380.55 4369.45 4341.3 4378.42 4377.25 4369.85 4361.82 4352.74 4345.2 4346.41 4354.81 4369.72 4386.14 4392.31 4396.67 4410.93 4434.52 4468.49 4501.81 4548.33 4570.31 4472.12 4293.6 4174.5 4103.21 3969.17 3870.48 3798.69 3746.1 3718.97 3703.49 3690.06 3678.97 3673.87 3661.47 3658.65 3667.8 3667.7 3659.58 3649.2 3672.02 3734.88 3816.1
4317.66 4318.72 4319.17 4319.55 4319.59 4319.25 4318.75 4320.18 4318.63 4318.87 4318.91 4317.74 4316.57 4319.47 4313.98 4308.46 4305.1 4307.17 4321 4344.03 4359.91 4378.86 4382.7 4372.29 4369.32 4369.6 4376.75 4371.3 4370.17 4365.36 4359.05 4350.31 4343.11 4340.09 4351.88 4368.52 4386.82 4400.35 4392.34 4391.17 4440.39 4499.17 4552.89 4600.36 4592.15 4452.21 4288.23 4142.99 4025.27 3861.82 3801.82 3746.9 3707.94 3693.85 3686.51 3682.48 3679.16 3675.65 3664.81 3665.81 3689.59 3689.65 3672.98 3656.5 3667.68 3730.89 3809.44
4319.04 4318.59 4318.3 4318.22 4318.02 4317.69 4317.55 4316.9 4317.04 4317.07 4316.76 4316.24 4312.54 4310.14 4311.81 4308.16 4303.73 4303.84 4319.88 4345.66 4369.03 4389.6 4384.97 4380.37 4374.14 4368.85 4365.27 4361.51 4361.19 4359.41 4355.55 4349.92 4343.07 4343.99 4349.5 4364.29 4379.14 4389.18 4395.53 4407.57 4460.76 4536 4603.92 4641.88 4614.31 4418.94 4223.73 4098.17 3975.41 3853.53 3783.88 3726.78 3690.62 3679.43 3679.78 3684.74 3694.92 3701.73 3708.56 3727.37 3755.46 3759.46 3737.78 3696.81 3684.78 3737.21 3810.44
4319.67 4318.22 4317.67 4317.31 4317 4316.58 4316.15 4315.41 4315.24 4315.41 4314.68 4312.69 4312.6 4317.99 4317.09 4311.19 4304.98 4302.65 4319.96 4347.15 4369.74 4377.02 4383.38 4382.32 4376.07 4369.73 4364.33 4360.57 4357.34 4356.84 4352.84 4350.43 4345.33 4338.85 4346.93 4359.89 4375.04 4387.49 4390.73 4413.6 4481.32 4573.58 4652.14 4695.98 4553.24 4361.89 4170.68 4066.26 3969.46 3849.85 3791.92 3721.97 3683.4 3676.44 3682.68 3696.11 3716.51 3740.21 3773.17 3816.37 3846.77 3861.71 3829.22 3755.53 3716.91 3746.62 3812.43
4321.18 4317.53 4316.79 4316.17 4315.55 4315.48 4315.32 4315.14 4314.41 4313.95 4313.42 4313.94 4312 4323.83 4324.19 4315.31 4308.27 4307.69 4322.85 4346.34 4365.83 4369.75 4382.58 4384.31 4384.3 4371.23 4358.04 4356.36 4359.04 4358.67 4355.56 4346.15 4340.09 4342.71 4348.62 4357.38 4370.09 4386.82 4390.68 4422.46 4506.12 4596.05 4665.56 4665.32 4500.89 4313.72 4144.08 4039.7 3939.9 3856.45 3798.99 3701.73 3671.12 3671.3 3682.22 3702.11 3733.4 3774.95 3844.15 3895.6 3920.91 3948.97 3897.24 3799.13 3743.71 3757.86 3819.29
