real_craters/C088-1000m.grd
DSAA
36 36
-17.45 17.45
-17.45 17.45
6598.2537575505 8040.0335024901
7412.45 7404.64 7399.03 7397.16 7400.63 7405.02 7415.93 7437.09 7440.24 7439.42 7439.98 7441.13 7439.98 7434.98 7424.93 7426.69 7437.5 7457.91 7463.6 7482.16 7494.26 7474.73 7455.69 7444.64 7441.87 7442.17 7446.6 7477.09 7488.63 7492.1 7482.9 7497.29 7501.98 7503.9 7506.38 7486.77 
7431.58 7420.15 7409.53 7404.28 7408.73 7417 7428.44 7448.69 7447.12 7444.32 7443.07 7443.16 7443.76 7438.74 7431.33 7433.88 7440.38 7444.34 7468.38 7488.78 7508.5 7480.82 7465.76 7459.82 7453.82 7445.03 7445.28 7468.77 7487.82 7489.67 7496.55 7520.48 7524.75 7529.43 7537.4 7514.66 
7438.28 7423 7411.76 7412.24 7418.83 7429.22 7442.8 7442.62 7445.21 7446.33 7446.37 7445.38 7443.42 7442.43 7440.26 7445.64 7452.73 7462.86 7473.01 7483.91 7494.86 7491.44 7479.23 7480.44 7476.38 7459.55 7448.68 7465.98 7481.82 7494.74 7496.72 7517.55 7535.48 7548.47 7557.65 7543.26 
7432.99 7416.09 7413.34 7422.12 7427.66 7434.25 7439.49 7441.81 7445.17 7448.28 7449.46 7447.9 7443.45 7448.3 7453.8 7462.48 7468.5 7473.44 7479.46 7484.97 7501.95 7512.52 7507.07 7504.62 7503.38 7485.58 7466.89 7472.67 7476.63 7496.21 7515.26 7523.09 7537.71 7558.25 7561.12 7551 
7430.89 7424.21 7418.79 7425.34 7430.72 7435.23 7437.48 7440.95 7447.16 7453.39 7456.04 7456.55 7454.09 7463.08 7475.03 7486.72 7490.16 7490.56 7491.42 7493.77 7516.53 7534.4 7534.8 7522.12 7513.59 7509.05 7502.95 7485.29 7481.12 7497.97 7524.59 7536.54 7555.48 7537.24 7510.96 7556.25 
7431.51 7435.14 7432.44 7432.82 7435.72 7439.19 7441.09 7446.81 7456.76 7465.6 7472.08 7474.42 7480.23 7499.02 7520.15 7518.3 7517.9 7517.06 7509.13 7500.84 7507.55 7526.85 7534.26 7524.87 7520.99 7526.81 7528.84 7505.57 7484.5 7509.75 7540.38 7532.64 7521.71 7510.71 7503.1 7519.13 
7433.04 7446.33 7450.8 7447.59 7446.56 7447.66 7451.22 7458.24 7469.05 7482.41 7491.38 7499.41 7513.44 7544.73 7561.6 7552.63 7550.59 7541.5 7526.95 7518.43 7509.84 7512.73 7510.32 7518.52 7522.6 7517.72 7524.14 7519.05 7512.83 7519.78 7539.89 7544.56 7528.36 7521.52 7522.55 7521.3 
7455.52 7460.75 7461.34 7455.82 7452.14 7456.81 7464.48 7474.74 7492.02 7502.76 7518.8 7536.71 7559.8 7570.74 7578.54 7591.69 7590.67 7578.34 7565.76 7526.42 7513.78 7529.86 7509.61 7525.38 7545 7542.41 7533.67 7529.26 7538.53 7553.05 7561.93 7561.46 7548.31 7533.5 7520.43 7516.42 
7476.06 7470.57 7475.31 7463.77 7457.2 7465.42 7480.69 7498.83 7501.19 7516.05 7540 7567.61 7591.42 7601.57 7646.58 7647.92 7623.23 7615.06 7623.12 7706.82 7668.21 7609.39 7550.67 7571.95 7582.99 7611.14 7569.71 7541.24 7544.52 7538.48 7555.69 7579.04 7533.85 7531.97 7521.58 7511.29 
7473.27 7476.03 7482.76 7469.23 7460.17 7472.77 7488.82 7500.66 7497.95 7525.46 7558.72 7591.77 7640.2 7658.96 7711.12 7673.21 7573.89 7567.41 7684.8 7646.01 7734.97 7634.08 7662.08 7644.13 7611.58 7586.46 7604.3 7579.13 7541.5 7527.43 7544.9 7567.33 7563.39 7549.79 7536.59 7517.25 
7480.84 7484.32 7480.64 7476.78 7473.47 7484.74 7497.15 7505.13 7515.27 7553.65 7589.65 7622.73 7696.84 7816.94 7655.45 7513.71 7374.42 7310.08 7270.69 7271.91 7370.83 7441.25 7532.36 7583.59 7622.92 7645.08 7630.78 7594.15 7571.51 7554.61 7545.91 7582.04 7593.26 7576.32 7555.05 7526.15 
7511.79 7499.78 7496.21 7493.79 7493.69 7502.14 7517 7535.62 7555.52 7605.94 7667.72 7715.61 7689.91 7535.92 7340.17 7149.72 7090.2 7021.75 6933.12 6945.52 7030.73 7161.78 7262.52 7400.89 7606.76 7682.92 7636.26 7684.48 7607.48 7579.31 7570.68 7579.71 7587.42 7584.12 7573.53 7555.1 
7510.78 7511.99 7512.76 7510.09 7509.18 7517.41 7536.31 7564.77 7610.3 7653.94 7718.47 7805.16 7546.99 7227.46 7054.43 6907.66 6857.68 6817.3 6754.81 6734.63 6808.88 6927.85 7032.6 7201.49 7476.72 7626.78 7623.97 7624.63 7599.64 7565.74 7565.42 7552.74 7549.88 7569.37 7581.4 7578.95 
7513.23 7518.96 7520.95 7519.43 7517.77 7525.19 7545.26 7583.01 7629.72 7653.71 7639.45 7582.11 7270.26 7010.14 6868.07 6757.36 6728.19 6707.25 6686.38 6671.14 6710.02 6783.07 6867.35 7027.15 7345.37 7564.37 7639.33 7621.97 7601.53 7578.67 7569.78 7558.06 7554.66 7561.64 7575.15 7577.98 
7525.5 7525.02 7524.3 7521.17 7515.88 7522.28 7542.51 7573.7 7641.43 7678.57 7531.84 7252.72 7035.75 6865.26 6773.95 6717.71 6683.52 6663.08 6638.02 6635.4 6666.47 6712.18 6771.78 6910.07 7261.12 7570.48 7737.55 7667.41 7601.74 7585.93 7575.64 7564.36 7553.47 7553.37 7572.87 7578.39 
7533.55 7528.81 7522.62 7515.98 7510.36 7517.8 7544.93 7580.04 7683.28 7827.13 7494.46 7154.74 6898.54 6771.38 6727.84 6704.95 6669.36 6646.89 6647.3 6625 6645.27 6683.71 6737.88 6849.82 7095.57 7533.45 7890.63 7736.13 7607.54 7590.91 7577.14 7562.64 7560.15 7568.65 7575.51 7576.76 
7538.68 7530.22 7521.18 7513.69 7511.43 7523.07 7562.47 7609.51 7670.69 7691.47 7407.59 7075.67 6834.82 6724.23 6691.65 6676.26 6649.24 6625.57 6598.25 6634.42 6654.76 6698.84 6756.37 6861.24 7094.04 7510.27 7848.62 7788.77 7615.38 7559.96 7566.23 7569.17 7582.17 7583.64 7577.52 7567.17 
7542.16 7534.35 7524.73 7518.62 7519.52 7535.28 7587.83 7648.11 7676.67 7615.37 7307.55 7017.84 6783.98 6697.74 6677.79 6661.99 6650.9 6643.07 6649.39 6631.92 6661.43 6716.09 6792.39 6901.91 7121.22 7506.47 7854.89 7882.93 7695.24 7537.83 7561.53 7584.87 7593.12 7581.3 7576.73 7564.21 
7553.76 7541.39 7530.46 7523.91 7528.03 7545.08 7612.82 7687.66 7717.78 7560.22 7297.49 7031.68 6764.74 6685.19 6672.41 6681.73 6679.46 6666.45 6660.08 6633.87 6669.03 6738.84 6829.57 6936.32 7148.94 7528.51 7882.07 7955.93 7649.32 7545.26 7560.63 7573.58 7569.05 7582.89 7575.61 7563.83 
7562.01 7545.67 7534.26 7530.44 7537.29 7553.93 7622.74 7704.1 7737.46 7561.33 7381.36 7125.41 6751.71 6708.58 6698.78 6698.08 6699.28 6693.77 6678.08 6654.11 6686.02 6769 6867.32 6993.92 7222.3 7613.75 7919.44 7868.42 7626.26 7563.37 7556.34 7555.2 7554.16 7566.6 7570.06 7564.29 
7560.36 7546.56 7537.66 7534.9 7543.74 7562.4 7616.04 7690.94 7738.93 7633.38 7480.36 7203.81 6900.83 6807.12 6760.05 6723.69 6692.64 6719.55 6705.13 6671.44 6705.12 6801.48 6918.58 7057.28 7331.99 7717.71 7947.04 7737.26 7651.25 7603.11 7567.77 7552.11 7546.55 7562.2 7567.4 7562.95 
7552.05 7542.21 7536.19 7536.38 7540.46 7552.72 7593.73 7660.11 7706.59 7707.11 7603.6 7328.32 7069.61 6952.77 6867.91 6795.21 6736.03 6732.83 6727.18 6696.4 6732.39 6858.98 6998.95 7155.44 7473.97 7809.53 7969.05 7708.88 7630.42 7616.19 7577.57 7551.96 7559.87 7572.02 7571.94 7561.46 
7547.1 7540.62 7534.88 7532.47 7537.3 7548.85 7579.06 7629.02 7667.95 7725.31 7841.57 7509.84 7276.96 7143.19 7022.89 6912.73 6811.65 6796.49 6790.96 6764.81 6806.78 6982.62 7155.85 7314.79 7630.27 7854.72 7866.1 7649.19 7630.76 7594.86 7582.28 7563.8 7556.81 7565.35 7565.38 7557.83 
7545.67 7542.55 7539.19 7538.95 7546.3 7560.42 7585.17 7611.47 7641.11 7689.16 7768.97 7733.34 7532.67 7347.75 7201.37 7072.23 6968.2 6930.81 6945.54 6937 6987.65 7206.28 7418.39 7574.68 7802.4 7835.5 7774.15 7636.02 7604.64 7581.79 7570.57 7560.9 7549.52 7544.35 7562.36 7551.99 
7551.15 7546.53 7543.46 7543.41 7549.81 7565.91 7590.71 7609.67 7637.3 7671.85 7744.52 7822.94 7685.92 7528.71 7401.29 7274.7 7166.03 7136.62 7170.46 7213.22 7280.25 7494.78 7722.97 7918.67 7796.16 7738.9 7684.65 7633.17 7594.58 7568.73 7564.82 7559.12 7555.99 7562.98 7571.48 7546.25 
7557.56 7550.85 7547.8 7547.17 7547.49 7564.7 7590.63 7606.03 7635.1 7677.77 7695.86 7692.46 7692.27 7628.28 7556.18 7483.35 7411.82 7378.71 7464.85 7559.77 7665.54 7770.97 7861.16 7937.51 7765.18 7654.19 7622.01 7609.16 7577.27 7563.78 7546.13 7554.04 7564.27 7564.39 7556.58 7537.49 
7542.63 7540.03 7546.15 7557.84 7566.51 7577.3 7565.34 7598.18 7629.11 7662.35 7689.12 7703.14 7697.21 7682.09 7653.26 7660 7716.51 7756.92 7773.88 7827.31 8040.03 7911.8 7794.78 7722.25 7659.85 7603.77 7590.95 7592.42 7576.79 7559.28 7548.62 7551 7561.47 7556.41 7543.81 7523.42 
7511.24 7523.95 7538.44 7559 7603.47 7594.08 7580.17 7602.34 7624.22 7644.42 7660.82 7698.63 7696.4 7703.99 7716.21 7757.14 7869.88 7868.48 7812.77 7818.78 7821.77 7773.7 7695.11 7631.19 7606.06 7586.53 7575.64 7571.3 7576.01 7557.85 7552.46 7548.08 7555.75 7560.64 7533.21 7500.2 
7488.05 7502.71 7516.35 7533.32 7543.63 7570.04 7606.54 7616.59 7616.25 7619.14 7641.05 7667.67 7687.88 7701.79 7725.55 7747.09 7741.74 7712.92 7712.43 7710.74 7668.07 7646.02 7638.42 7610.94 7586.87 7575.41 7563.2 7558.46 7550.05 7555.89 7546.19 7537.12 7542.74 7546.92 7521.52 7486.24 
7478.51 7483.7 7488.36 7493.21 7506.74 7529.36 7568.47 7594.47 7605.28 7609.43 7622.32 7641.66 7660.5 7678.08 7684.05 7677.11 7650.97 7645.95 7657.62 7651.3 7631.7 7626.13 7635.76 7609.98 7579.79 7563.74 7549.76 7546.11 7550 7549.05 7533 7525.96 7532.49 7540.65 7530.2 7495.03 
7476.8 7469.64 7464.36 7456.67 7447.09 7460.01 7526.74 7571.98 7590.62 7610.05 7602.19 7619.17 7631.61 7639.58 7641.16 7639.84 7626.85 7629.31 7628.98 7634 7651.55 7674.61 7621.75 7599.23 7572.32 7566.61 7546.34 7536.48 7542.84 7543.62 7524.39 7524.62 7527.99 7529.54 7532.45 7505.75 
7472.01 7459.8 7451.24 7439.76 7428.69 7441.24 7499.41 7549.76 7567.16 7585.94 7603.28 7609.28 7616.7 7622.02 7626.34 7629.71 7635.41 7618.54 7610.11 7613.41 7614.88 7603.04 7599.49 7579.89 7563.46 7558.19 7550.64 7545.82 7536.24 7535.64 7530.72 7529.12 7535.11 7540.51 7555.19 7542.77 
7458.98 7447.2 7445.58 7442.88 7437.7 7439.6 7492.5 7525.15 7540.37 7567.48 7598.53 7603.99 7605.15 7610.53 7615.02 7618.17 7619.52 7596.04 7589.19 7591.89 7590.15 7578.16 7564.58 7566.63 7560.65 7563.89 7568.97 7559.62 7570.89 7550.06 7546.96 7543.98 7547.35 7559.55 7567.71 7529.14 
7436.56 7437.5 7445 7456.19 7476.08 7514.14 7512.82 7506.53 7534.21 7547.94 7561.87 7588.44 7596.71 7602.54 7605.09 7601.4 7590.49 7579.21 7575.74 7578.69 7578.38 7571.95 7571.38 7571.78 7573.73 7581.56 7586.01 7580.53 7578.98 7590.06 7592.23 7561.94 7539.82 7542.33 7520.69 7490.9 
7417.8 7420.2 7437.28 7459.39 7490.52 7517.91 7529.19 7531.24 7537.88 7543.93 7556.5 7579.06 7591.11 7596.99 7599 7593.48 7582.6 7573.99 7572.67 7576.08 7582.57 7586.03 7585.78 7584.53 7590.21 7599.5 7598.84 7588.41 7584.83 7562.72 7567.07 7512 7508.9 7503.71 7489.55 7486.92 
7394.87 7400.1 7419.86 7445.64 7478.29 7509.24 7534.73 7553.87 7551.69 7546.95 7558.5 7574.61 7584.59 7589.74 7594.7 7598.6 7580.44 7566.75 7567.17 7574.55 7586.52 7608.09 7590.07 7583.93 7589.39 7587.43 7567.73 7554.73 7544.86 7523.6 7511.88 7500.5 7494.02 7493.8 7493.9 7488.89 
