real_craters/C088-750m.grd
DSAA
82 82
-30.5375 30.5375
-30.5375 30.5375
3589.4834130208 4826.6546811778
[rows 0 to 38 of 82, columns 0 to 81 of 82]
4332 4332 4332 4329 4325 4325 4325 4327 4328 4329 4330 4332 4335 4334 4330 4329 4328 4329 4330 4334 4341 4353 4365 4376 4385 4391 4393 4393 4390 4382 4391 4383 4386 4388 4388 4397 4398 4388 4383 4382 4403 4423 4432 4414 4405 4407 4415 4397 4387 4376 4367 4359 4355 4351 4350 4350 4349 4348 4347 4346 4346 4345 4345 4347 4346 4345 4344 4345 4344 4340 4339 4339 4337 4336 4334 4335 4334 4332 4328 4325 4325 4324
4332 4330 4332 4334 4328 4326 4326 4327 4326 4326 4327 4327 4330 4330 4328 4327 4328 4327 4330 4334 4343 4353 4361 4366 4374 4388 4390 4390 4386 4379 4382 4384 4385 4386 4389 4395 4401 4395 4388 4387 4395 4406 4418 4431 4403 4387 4384 4392 4391 4381 4371 4360 4354 4352 4350 4348 4348 4348 4347 4346 4344 4344 4345 4346 4345 4344 4340 4342 4342 4339 4338 4337 4336 4337 4333 4334 4332 4331 4330 4325 4326 4325
4330 4329 4332 4331 4326 4326 4325 4325 4325 4326 4326 4325 4325 4327 4326 4326 4326 4326 4330 4339 4345 4354 4364 4366 4370 4378 4382 4385 4386 4381 4386 4387 4386 4387 4392 4400 4401 4405 4393 4389 4394 4403 4413 4424 4405 4390 4393 4399 4397 4386 4374 4362 4354 4352 4352 4354 4352 4349 4348 4346 4344 4343 4344 4343 4343 4343 4341 4341 4341 4338 4336 4336 4335 4335 4334 4332 4330 4330 4328 4326 4325 4325
4326 4333 4331 4330 4328 4324 4324 4324 4324 4322 4324 4323 4326 4326 4327 4327 4327 4326 4331 4339 4346 4353 4354 4356 4354 4360 4370 4377 4380 4381 4381 4386 4387 4389 4393 4398 4401 4405 4394 4393 4394 4397 4401 4398 4392 4394 4417 4418 4409 4395 4378 4364 4353 4351 4353 4360 4356 4352 4350 4348 4346 4345 4344 4343 4340 4342 4342 4340 4340 4337 4335 4334 4334 4335 4333 4331 4329 4328 4326 4325 4324 4324
4334 4333 4328 4325 4323 4323 4323 4324 4322 4320 4322 4325 4325 4326 4326 4328 4327 4325 4329 4334 4344 4354 4363 4356 4351 4355 4364 4370 4373 4379 4383 4385 4388 4390 4396 4401 4403 4403 4394 4394 4394 4393 4390 4389 4398 4415 4449 4444 4420 4400 4381 4366 4354 4352 4357 4352 4354 4354 4352 4350 4347 4345 4344 4345 4342 4342 4339 4340 4341 4338 4336 4335 4335 4333 4332 4331 4328 4327 4327 4325 4325 4323
4332 4329 4326 4326 4323 4322 4323 4324 4325 4321 4321 4324 4325 4325 4326 4327 4326 4326 4329 4331 4341 4351 4361 4355 4348 4352 4361 4369 4368 4368 4386 4391 4393 4394 4403 4408 4408 4403 4403 4401 4395 4390 4386 4387 4416 4445 4448 4441 4421 4401 4383 4368 4355 4352 4352 4353 4355 4354 4353 4351 4350 4349 4344 4346 4344 4343 4340 4343 4345 4341 4336 4334 4334 4332 4331 4329 4328 4327 4326 4324 4324 4323
4327 4326 4324 4321 4322 4322 4322 4322 4320 4320 4321 4324 4325 4326 4326 4326 4325 4325 4327 4330 4338 4345 4346 4348 4344 4350 4362 4375 4387 4371 4387 4397 4398 4400 4408 4412 4408 4402 4407 4408 4401 4395 4391 4396 4422 4452 4442 4429 4413 4400 4387 4373 4358 4352 4352 4352 4356 4357 4357 4355 4351 4346 4349 4346 4346 4343 4349 4350 4350 4341 4334 4332 4332 4332 4329 4329 4327 4325 4325 4324 4323 4323
4327 4324 4324 4323 4324 4324 4323 4322 4323 4321 4321 4322 4324 4325 4325 4325 4326 4327 4326 4330 4337 4343 4347 4345 4344 4348 4361 4376 4384 4378 4408 4401 4401 4402 4405 4407 4406 4406 4412 4414 4410 4403 4399 4400 4407 4411 4415 4400 4398 4394 4388 4382 4373 4357 4363 4364 4354 4361 4362 4360 4356 4349 4360 4360 4348 4346 4345 4345 4345 4336 4333 4332 4333 4333 4332 4329 4327 4326 4325 4325 4325 4327
4328 4322 4323 4323 4323 4323 4322 4322 4321 4321 4323 4323 4321 4324 4326 4325 4333 4341 4336 4331 4338 4343 4345 4343 4341 4345 4358 4372 4380 4375 4384 4395 4400 4403 4405 4404 4405 4411 4412 4418 4420 4414 4406 4399 4398 4400 4397 4388 4389 4392 4394 4393 4392 4377 4381 4391 4378 4375 4370 4366 4365 4375 4377 4369 4356 4351 4345 4344 4341 4338 4334 4333 4333 4332 4333 4330 4329 4328 4326 4325 4324 4323
4326 4323 4324 4322 4323 4321 4322 4321 4322 4322 4324 4323 4323 4322 4323 4325 4345 4373 4361 4345 4341 4344 4346 4342 4343 4347 4358 4362 4371 4359 4369 4389 4402 4407 4405 4408 4408 4432 4451 4446 4437 4430 4417 4404 4394 4402 4407 4392 4390 4395 4398 4404 4418 4431 4428 4433 4416 4389 4375 4366 4361 4360 4362 4358 4351 4348 4346 4343 4342 4338 4335 4334 4332 4332 4332 4330 4328 4327 4327 4326 4324 4327
4324 4323 4322 4322 4322 4320 4321 4321 4322 4323 4324 4322 4321 4321 4321 4325 4353 4378 4362 4343 4343 4347 4349 4349 4353 4368 4364 4356 4359 4363 4369 4392 4411 4419 4422 4429 4449 4464 4466 4455 4451 4450 4450 4431 4406 4413 4419 4396 4396 4399 4402 4406 4416 4426 4412 4421 4408 4391 4376 4364 4356 4348 4350 4350 4346 4344 4350 4352 4352 4339 4340 4336 4332 4332 4331 4330 4327 4327 4327 4331 4336 4348
4321 4323 4322 4323 4323 4323 4320 4321 4327 4333 4338 4333 4321 4322 4322 4332 4356 4380 4356 4334 4341 4353 4356 4358 4364 4376 4368 4361 4354 4356 4374 4399 4428 4437 4430 4449 4477 4483 4481 4467 4460 4462 4469 4454 4436 4424 4417 4416 4409 4403 4400 4397 4394 4384 4386 4402 4392 4384 4373 4362 4352 4345 4346 4344 4343 4342 4356 4376 4368 4370 4357 4339 4331 4332 4331 4329 4328 4327 4325 4338 4336 4326
4322 4322 4323 4322 4335 4323 4313 4318 4325 4333 4327 4323 4332 4326 4323 4329 4352 4367 4351 4335 4340 4348 4354 4359 4364 4361 4364 4371 4377 4368 4374 4402 4429 4437 4439 4465 4455 4479 4479 4460 4456 4459 4463 4451 4440 4422 4414 4417 4413 4405 4396 4387 4374 4363 4372 4373 4380 4383 4379 4367 4355 4345 4343 4343 4340 4338 4352 4363 4368 4367 4351 4337 4331 4333 4331 4328 4327 4328 4327 4330 4327 4324
4321 4316 4318 4313 4289 4313 4310 4316 4318 4315 4321 4318 4322 4324 4324 4328 4348 4366 4359 4340 4338 4349 4347 4350 4351 4350 4358 4372 4391 4367 4372 4403 4433 4432 4433 4439 4447 4468 4464 4445 4441 4445 4446 4436 4418 4407 4396 4410 4413 4403 4392 4380 4365 4353 4370 4384 4386 4387 4385 4378 4366 4343 4341 4345 4352 4346 4349 4358 4363 4363 4352 4336 4331 4333 4330 4329 4328 4328 4327 4325 4327 4348
4319 4322 4322 4319 4321 4319 4317 4316 4316 4318 4322 4329 4321 4321 4324 4326 4341 4358 4357 4334 4331 4327 4335 4341 4344 4348 4354 4357 4379 4379 4383 4405 4425 4414 4414 4433 4428 4441 4443 4428 4427 4432 4427 4425 4413 4398 4387 4399 4405 4399 4388 4378 4369 4364 4374 4378 4391 4392 4394 4394 4391 4379 4342 4348 4345 4342 4347 4352 4358 4361 4354 4334 4330 4331 4330 4328 4327 4327 4329 4325 4329 4357
4323 4321 4321 4320 4320 4324 4320 4318 4317 4319 4323 4336 4321 4320 4322 4321 4335 4344 4341 4334 4329 4327 4327 4329 4335 4343 4355 4369 4387 4391 4391 4411 4405 4408 4404 4414 4419 4434 4433 4425 4425 4429 4429 4422 4410 4397 4390 4394 4400 4394 4387 4380 4376 4379 4378 4386 4394 4397 4403 4409 4414 4392 4368 4355 4345 4344 4347 4355 4358 4356 4348 4333 4331 4332 4331 4328 4326 4329 4333 4324 4329 4351
4322 4320 4321 4320 4318 4322 4321 4320 4319 4319 4322 4324 4322 4320 4322 4322 4338 4350 4345 4344 4332 4326 4322 4322 4329 4340 4351 4375 4378 4392 4408 4422 4432 4417 4403 4406 4418 4427 4430 4428 4428 4431 4430 4424 4414 4399 4387 4386 4389 4389 4386 4382 4379 4375 4371 4378 4389 4395 4403 4411 4414 4385 4361 4359 4350 4341 4342 4350 4353 4345 4332 4333 4331 4331 4329 4327 4326 4326 4338 4341 4330 4348
4320 4320 4320 4319 4319 4330 4329 4323 4320 4319 4319 4320 4321 4321 4319 4323 4349 4373 4362 4340 4334 4327 4321 4319 4328 4341 4358 4360 4355 4380 4392 4422 4439 4426 4404 4402 4415 4426 4429 4431 4434 4433 4433 4429 4418 4403 4385 4380 4382 4381 4380 4379 4376 4370 4368 4367 4376 4386 4398 4406 4408 4376 4355 4352 4348 4341 4341 4345 4346 4341 4334 4332 4332 4330 4327 4326 4324 4324 4342 4349 4328 4351
4320 4319 4319 4320 4322 4330 4327 4323 4320 4318 4318 4321 4321 4319 4322 4334 4361 4384 4354 4339 4335 4328 4321 4319 4328 4339 4347 4358 4353 4379 4393 4416 4430 4426 4407 4401 4411 4423 4428 4431 4434 4445 4448 4443 4429 4409 4390 4379 4374 4374 4374 4374 4373 4373 4370 4365 4366 4376 4386 4394 4395 4373 4353 4347 4345 4346 4349 4349 4341 4344 4337 4331 4330 4328 4326 4326 4326 4324 4335 4335 4331 4345
4319 4319 4320 4321 4325 4326 4327 4323 4320 4318 4321 4321 4320 4323 4325 4343 4365 4379 4354 4334 4327 4325 4321 4321 4330 4339 4346 4339 4351 4383 4399 4410 4423 4428 4410 4410 4417 4426 4428 4430 4430 4458 4465 4466 4444 4415 4389 4371 4368 4369 4370 4370 4371 4375 4372 4364 4360 4368 4376 4383 4387 4376 4357 4342 4342 4351 4361 4369 4375 4357 4332 4329 4330 4328 4326 4326 4326 4323 4329 4344 4339 4340
4319 4321 4321 4321 4324 4327 4323 4322 4320 4319 4319 4319 4322 4321 4327 4331 4353 4377 4350 4329 4323 4324 4327 4328 4335 4340 4344 4339 4369 4389 4394 4409 4422 4423 4411 4423 4423 4427 4434 4441 4451 4460 4470 4467 4449 4419 4388 4368 4367 4369 4369 4366 4364 4366 4369 4367 4359 4362 4368 4372 4371 4368 4354 4338 4341 4353 4365 4384 4401 4373 4338 4329 4330 4328 4327 4327 4327 4331 4334 4339 4337 4335
4320 4320 4319 4321 4324 4324 4323 4322 4320 4319 4319 4318 4321 4339 4343 4335 4353 4375 4351 4330 4322 4329 4336 4341 4343 4345 4343 4352 4377 4391 4400 4420 4422 4414 4418 4432 4439 4437 4446 4457 4465 4474 4473 4469 4448 4422 4394 4372 4375 4376 4372 4366 4359 4361 4371 4370 4358 4359 4365 4370 4371 4366 4349 4336 4341 4354 4370 4379 4388 4373 4356 4342 4330 4328 4327 4326 4326 4327 4326 4325 4330 4332
4322 4322 4320 4320 4322 4324 4328 4329 4327 4319 4320 4317 4319 4341 4352 4339 4344 4366 4360 4346 4343 4337 4343 4348 4351 4355 4360 4364 4382 4401 4416 4442 4428 4415 4423 4438 4454 4451 4460 4472 4489 4485 4475 4459 4448 4425 4403 4389 4390 4389 4378 4367 4358 4364 4367 4365 4350 4357 4366 4370 4363 4343 4341 4340 4343 4353 4363 4369 4366 4364 4357 4340 4331 4328 4327 4324 4328 4334 4323 4321 4324 4326
4322 4323 4322 4319 4313 4333 4343 4339 4335 4328 4335 4338 4337 4364 4361 4359 4368 4377 4369 4360 4347 4339 4341 4347 4357 4366 4372 4359 4397 4416 4433 4446 4433 4422 4426 4440 4465 4470 4477 4484 4483 4474 4483 4478 4453 4429 4408 4395 4395 4397 4383 4370 4357 4357 4357 4354 4354 4359 4368 4373 4362 4333 4336 4339 4345 4354 4362 4365 4363 4357 4345 4328 4330 4328 4327 4323 4332 4337 4333 4322 4321 4322
4322 4323 4323 4320 4296 4229 4188 4339 4339 4338 4346 4346 4336 4358 4363 4360 4367 4379 4373 4365 4348 4337 4336 4348 4363 4376 4377 4367 4403 4430 4448 4463 4451 4438 4433 4439 4455 4477 4492 4498 4490 4477 4484 4485 4454 4429 4407 4388 4386 4388 4385 4376 4366 4368 4365 4358 4356 4361 4372 4377 4363 4342 4334 4339 4347 4356 4361 4365 4368 4358 4333 4329 4329 4327 4325 4322 4324 4331 4323 4318 4317 4317
4321 4322 4323 4320 4308 4314 4344 4325 4332 4327 4339 4344 4331 4349 4349 4357 4375 4379 4373 4364 4348 4340 4337 4350 4366 4381 4382 4374 4420 4442 4461 4463 4470 4458 4437 4450 4472 4504 4523 4516 4503 4471 4461 4456 4448 4430 4410 4396 4393 4398 4393 4386 4381 4384 4372 4364 4354 4358 4375 4392 4363 4337 4335 4341 4351 4360 4367 4366 4354 4337 4331 4328 4326 4324 4325 4330 4325 4321 4348 4322 4320 4318
4320 4319 4322 4319 4321 4329 4330 4326 4332 4341 4343 4346 4325 4332 4349 4357 4362 4369 4368 4363 4356 4349 4347 4355 4368 4377 4368 4373 4420 4452 4472 4470 4457 4476 4484 4473 4487 4526 4547 4529 4509 4479 4460 4455 4449 4430 4411 4395 4392 4402 4402 4398 4396 4391 4374 4356 4352 4357 4377 4393 4384 4361 4350 4351 4357 4362 4366 4363 4349 4344 4339 4344 4329 4326 4321 4326 4323 4321 4326 4329 4323 4319
4318 4319 4318 4319 4322 4327 4331 4342 4336 4338 4346 4350 4335 4320 4338 4357 4363 4363 4363 4364 4359 4360 4357 4361 4367 4379 4386 4386 4427 4465 4491 4474 4477 4489 4496 4481 4489 4511 4520 4542 4519 4492 4483 4475 4460 4439 4418 4399 4394 4405 4405 4405 4414 4412 4382 4351 4353 4362 4379 4387 4387 4375 4365 4365 4367 4365 4360 4350 4343 4338 4345 4355 4351 4333 4322 4322 4322 4321 4322 4329 4326 4322
4320 4318 4318 4319 4322 4326 4334 4346 4345 4343 4344 4347 4334 4321 4344 4358 4359 4355 4359 4364 4361 4365 4364 4362 4364 4367 4385 4417 4448 4475 4505 4486 4497 4513 4500 4505 4518 4539 4559 4578 4616 4581 4577 4522 4474 4443 4421 4405 4395 4396 4408 4413 4411 4406 4387 4370 4366 4373 4383 4402 4388 4385 4385 4380 4375 4367 4356 4347 4339 4336 4339 4346 4348 4335 4322 4320 4321 4322 4323 4322 4322 4320
4317 4317 4318 4321 4324 4327 4339 4357 4350 4339 4337 4332 4325 4325 4347 4357 4361 4355 4356 4357 4361 4364 4361 4362 4361 4367 4391 4427 4466 4470 4471 4493 4506 4490 4529 4614 4569 4531 4531 4498 4514 4523 4604 4503 4449 4423 4413 4410 4418 4420 4427 4432 4428 4409 4391 4375 4371 4370 4378 4381 4384 4390 4391 4393 4394 4369 4351 4338 4337 4338 4335 4348 4345 4336 4322 4322 4319 4319 4323 4320 4319 4316
4317 4317 4317 4317 4319 4324 4334 4358 4339 4333 4331 4324 4319 4325 4353 4361 4354 4355 4356 4356 4361 4358 4362 4363 4364 4367 4395 4421 4467 4456 4445 4500 4519 4491 4479 4494 4484 4441 4403 4357 4287 4304 4321 4369 4371 4374 4389 4412 4426 4447 4451 4445 4423 4406 4394 4387 4385 4379 4377 4372 4382 4394 4398 4391 4380 4362 4347 4335 4335 4332 4327 4331 4351 4335 4323 4318 4319 4323 4322 4317 4317 4315
4318 4316 4315 4315 4317 4319 4325 4348 4355 4347 4334 4323 4317 4317 4343 4369 4368 4356 4358 4367 4367 4374 4371 4370 4372 4381 4399 4425 4457 4450 4481 4602 4571 4443 4372 4360 4342 4306 4299 4250 4259 4249 4261 4242 4266 4306 4351 4404 4460 4467 4466 4458 4415 4397 4388 4383 4383 4382 4381 4375 4386 4401 4402 4384 4361 4351 4343 4339 4334 4330 4329 4341 4336 4329 4322 4316 4318 4321 4328 4328 4319 4314
4318 4317 4316 4314 4313 4317 4323 4346 4347 4345 4332 4321 4317 4331 4349 4363 4373 4356 4352 4351 4370 4366 4372 4374 4379 4384 4386 4402 4414 4437 4495 4647 4473 4300 4301 4319 4195 4110 4010 3970 3977 4002 4022 4088 4158 4230 4300 4367 4420 4461 4477 4432 4410 4394 4383 4376 4378 4394 4386 4379 4387 4401 4400 4381 4355 4347 4340 4332 4329 4328 4332 4340 4333 4325 4322 4317 4315 4316 4318 4318 4316 4314
4319 4318 4317 4317 4319 4320 4324 4333 4342 4333 4323 4316 4314 4329 4360 4366 4375 4375 4358 4354 4358 4367 4367 4373 4382 4394 4402 4395 4401 4449 4492 4520 4298 4279 4146 4032 3993 3934 3858 3819 3819 3821 3829 3933 4040 4142 4240 4328 4401 4465 4492 4452 4407 4394 4381 4372 4371 4387 4392 4388 4395 4405 4401 4385 4367 4353 4340 4330 4329 4333 4334 4337 4334 4327 4321 4314 4319 4326 4317 4311 4313 4312
4319 4319 4320 4321 4321 4323 4321 4318 4324 4319 4316 4312 4312 4339 4375 4376 4381 4373 4377 4370 4362 4356 4357 4369 4380 4391 4415 4397 4410 4524 4531 4416 4265 4152 3968 3836 3832 3812 3789 3774 3760 3760 3758 3840 3955 4076 4195 4306 4404 4495 4563 4517 4431 4406 4390 4379 4371 4395 4413 4406 4406 4415 4406 4390 4377 4358 4341 4330 4330 4337 4356 4350 4355 4338 4318 4319 4319 4318 4315 4313 4312 4309
4318 4320 4321 4325 4332 4328 4321 4319 4322 4319 4312 4311 4327 4365 4379 4378 4384 4391 4391 4381 4365 4354 4354 4365 4380 4395 4427 4419 4435 4629 4571 4328 4220 4035 3877 3778 3748 3736 3720 3706 3710 3707 3700 3775 3896 4028 4165 4293 4409 4514 4601 4571 4466 4435 4408 4390 4383 4390 4399 4385 4398 4416 4405 4388 4368 4354 4344 4332 4326 4331 4338 4357 4368 4348 4321 4322 4312 4332 4320 4314 4311 4307
4318 4319 4321 4323 4322 4321 4321 4322 4327 4321 4311 4307 4325 4364 4383 4395 4387 4378 4377 4375 4363 4347 4345 4364 4386 4399 4424 4444 4484 4595 4485 4232 4153 3974 3828 3748 3712 3694 3680 3675 3673 3672 3666 3735 3853 3995 4140 4283 4424 4548 4617 4624 4528 4475 4437 4404 4378 4383 4383 4370 4387 4395 4394 4383 4372 4361 4351 4341 4332 4337 4346 4355 4355 4347 4333 4317 4311 4322 4316 4310 4306 4305
4318 4319 4319 4320 4319 4319 4319 4320 4320 4319 4309 4305 4322 4354 4383 4378 4371 4372 4375 4369 4359 4346 4344 4363 4390 4394 4393 4473 4545 4597 4426 4190 4012 3830 3748 3703 3688 3680 3670 3653 3682 3667 3650 3713 3831 3975 4129 4284 4430 4553 4624 4598 4570 4523 4474 4430 4399 4398 4413 4395 4385 4385 4383 4377 4369 4363 4359 4355 4350 4347 4350 4349 4353 4336 4319 4311 4313 4311 4310 4308 4306 4305
4319 4318 4318 4317 4317 4317 4317 4316 4312 4313 4308 4302 4321 4361 4384 4383 4373 4366 4355 4359 4354 4344 4343 4358 4379 4393 4418 4519 4626 4644 4368 4123 3944 3804 3716 3681 3683 3699 3714 3740 3780 3766 3700 3723 3833 3974 4128 4279 4422 4522 4535 4669 4647 4609 4547 4483 4432 4414 4400 4386 4380 4375 4374 4370 4367 4367 4366 4371 4368 4362 4355 4342 4336 4330 4313 4310 4310 4309 4309 4308 4305 4305
