real_craters/C088-300m.grd
DSAA
205 205
-30.5375 30.5375
-30.5375 30.5375
3587.0783943371 4840.3593495706
[rows 120 to 149 of 205, columns 67 to 133 of 205]
4474.66 4480.19 4486.45 4494.07 4494.36 4497.32 4502.88 4511.79 4526.35 4535.91 4542.8 4568.12 4570.81 4508.78 4419.01 4321.01 4237.1 4187.88 4149.92 4109.91 4075.28 4046.63 4022.93 3995.39 3970.6 3949.16 3934.87 3926.97 3893.88 3845.06 3806.58 3773.44 3742.45 3729.84 3758.9 3795.06 3831.59 3869.87 3903.1 3934.69 3950.02 3982.43 4025.67 4075.39 4108.16 4150.16 4199.86 4249.95 4295.42 4344.69 4393.16 4447.54 4492.47 4529.03 4569.02 4606.21 4636.06 4644.07 4589.68 4469.79 4366.62 4345.72 4351.96 4368.07 4377.33 4381.51 4384.53
4478.08 4483.59 4490.23 4496.44 4496.89 4497.91 4502.84 4515.38 4533.57 4527.7 4526.53 4554.1 4560.87 4516.42 4444.06 4350.27 4263.46 4208.55 4150.88 4114.18 4097.66 4085.35 4068.62 4047.09 4024.31 4003.96 3996.85 4017.01 3988.92 3919.35 3873.99 3840.64 3809.42 3791.95 3815.81 3855.15 3891.31 3930.3 3964.36 3997.88 4015.88 4052.79 4101.32 4146.8 4174.09 4204.94 4245.28 4294.15 4332.2 4377.85 4421.26 4459.27 4495.78 4535.47 4565.91 4593.27 4610.17 4608.4 4553.4 4458.92 4378.76 4354.69 4352.98 4359.28 4366.16 4371.19 4374.17
4479.87 4484.07 4489.5 4496.21 4494.61 4495.27 4498.09 4505.74 4514.74 4511.65 4511.55 4543.19 4555.72 4531.71 4487.04 4417.19 4336.64 4263.31 4178.6 4135.93 4138.41 4135.13 4122.55 4100.74 4074.33 4045.88 4021.18 4002.62 3989.43 3959.6 3934.83 3917.55 3904.62 3893.03 3900.79 3933.97 3961.97 3995.76 4028.11 4047.75 4080.58 4113.61 4153.09 4201.04 4218.52 4253.26 4289.52 4328.03 4368.86 4404.35 4443.51 4473.84 4502.26 4528.2 4553.59 4568.67 4570.15 4554.1 4511.91 4447.59 4391.84 4364.75 4357.09 4359.37 4362.82 4364.55 4367.14
4481.45 4483.56 4483.69 4484.15 4488.97 4490.68 4491.09 4492.92 4494.6 4497.31 4506.95 4533.78 4549.56 4548.62 4541.33 4527.98 4458.58 4356.56 4259.82 4208.31 4210.16 4205.22 4189.7 4162.38 4128.87 4088.28 4038.93 3985.12 3981.87 3990.17 3991.15 3996.93 4013.81 4023.06 4029.79 4025.74 4037.21 4060.62 4090.98 4112.02 4141.56 4173.21 4189.66 4196.31 4244.87 4297.79 4338.65 4375.53 4405.32 4429.79 4458.56 4481.15 4501.13 4518.81 4532.16 4542.15 4539.57 4517.81 4478.57 4433.61 4393.53 4371.21 4361.66 4358.6 4357.55 4360.25 4363.42
4483.81 4484.28 4483.44 4483.7 4485.53 4486.65 4487.78 4485.24 4482.51 4487.29 4498.84 4514.1 4534.84 4553.85 4574.11 4593.45 4542.98 4454.09 4375.04 4323.74 4314.96 4295.06 4268.96 4234.07 4194.82 4146.67 4087.55 4031.58 4029.81 4040.73 4048.16 4059.47 4089.95 4104.01 4113.24 4093.07 4098.73 4123.13 4155.55 4179.21 4209.28 4236.19 4246.9 4251.22 4297.33 4351.91 4395.04 4421.76 4443.31 4457.91 4471.24 4484.92 4496.37 4505.7 4512.14 4512.42 4503.95 4479.16 4449.45 4420.69 4392.49 4376.29 4367.27 4360.61 4357.3 4359.15 4361.81
4486.75 4487.04 4485.41 4484.64 4484.46 4483.13 4479.6 4476.48 4472.9 4474.36 4481.4 4489.52 4514.24 4542.76 4569.85 4589.32 4569.36 4528.59 4496.31 4475.82 4437.16 4391.92 4352.52 4314.89 4275.86 4230.45 4173.15 4124.25 4114.86 4115.75 4110.29 4100.22 4092.05 4095.57 4092.86 4110.28 4143.57 4181.71 4220.51 4250.39 4284.54 4315.67 4336.37 4353.67 4389.75 4428.17 4448.91 4466.95 4473.98 4481.77 4483.26 4488.78 4491.04 4493.18 4491.78 4485.76 4466.58 4446.26 4429.02 4413.53 4397.9 4386.19 4376.37 4367.32 4361.54 4361.36 4363.19
4490.14 4491.2 4490.67 4488.1 4484.46 4480.72 4476.71 4469.61 4463.13 4461.53 4465.19 4472.42 4494.69 4521.23 4544.62 4560.41 4568.36 4570.11 4582.52 4602.52 4538.18 4475.25 4429.83 4393.83 4363.12 4331.09 4289.77 4247.17 4230.31 4212.74 4187.32 4149.83 4104.03 4094.58 4081.1 4129.92 4192.53 4242.6 4285.84 4326.73 4360.47 4402.31 4442.65 4479.72 4510.57 4517.9 4510.11 4504.92 4499.45 4499.12 4494.79 4490.43 4488.54 4484.02 4478.15 4469.5 4457.01 4432.32 4418.4 4411.73 4407.92 4400.48 4387.45 4375.94 4365.64 4366.49 4367.91
4492.57 4494.45 4496.94 4490.88 4483.62 4477.12 4471.9 4463.49 4456.91 4453.59 4453.28 4458.52 4476.17 4497.19 4515.39 4531.29 4554.33 4576.22 4599.19 4610.35 4573.07 4524.88 4488.53 4461.81 4446.46 4438.61 4431.44 4404.84 4363.22 4324.68 4285.59 4238.25 4188.29 4177.45 4171.59 4211.85 4268.52 4313.16 4351.76 4390.43 4427.95 4478.15 4537.98 4609.98 4645.88 4603.04 4562.54 4531.75 4510.53 4504.03 4493.46 4491.85 4485.57 4475.78 4465.12 4451.1 4434.87 4415.01 4410.32 4410.64 4412.25 4408.86 4397.08 4387.36 4382.18 4377.5 4374.84
4492.1 4493.35 4494.54 4488.05 4479.91 4471.19 4461.49 4456.08 4449.88 4447.2 4444.68 4446.15 4459.36 4474.91 4489.51 4506.62 4533.03 4558.49 4576.79 4580.01 4567.64 4542.96 4522.77 4511.73 4513.63 4530.16 4563.12 4550.32 4483.02 4432.39 4396.27 4364.49 4330.83 4325.54 4324.86 4345.33 4369.58 4389.86 4413.47 4439.48 4478.07 4526.65 4590.91 4672.57 4718.2 4643.53 4586.1 4545.15 4518.63 4500.75 4490.04 4489.09 4475.94 4464.85 4451.99 4434.8 4415.71 4404.5 4406.94 4409.83 4411.62 4408.87 4402.76 4395.89 4390.57 4385.51 4381.52
4489.69 4487.74 4486.08 4480.83 4474.59 4467.33 4458.98 4450.04 4441.86 4436.39 4433.01 4434.19 4444.05 4456.2 4468.29 4484.82 4510.3 4532.9 4548.12 4554.05 4550.84 4541.76 4534.56 4534.75 4546.59 4575.43 4622.79 4613.88 4551.98 4510.05 4492.31 4501.38 4510.41 4483.44 4500.18 4502.43 4468.99 4457.46 4462.57 4476.8 4504.3 4541.52 4587.32 4635.62 4655.33 4612.96 4571.39 4539.79 4516.25 4496.57 4483.49 4480.13 4465.55 4454.37 4442.46 4428.35 4417.94 4411.46 4410.82 4411.47 4412.16 4411.41 4405.87 4400.51 4396.13 4391.9 4386.94
4487.01 4482.5 4474.1 4473.3 4468.35 4462.97 4455.27 4444.07 4434.2 4423.4 4418.06 4421.53 4430.81 4441.72 4453.54 4468.84 4488.7 4506.76 4519.05 4526.16 4526.92 4527.99 4529.14 4535.01 4547.12 4567.05 4581.15 4584.48 4562.47 4542.48 4540.57 4565.41 4584.77 4565.37 4581.13 4574.8 4523.38 4497.42 4490.97 4494.46 4509.04 4528.96 4548.95 4558.18 4545.77 4541.91 4530.28 4515.84 4501.56 4487.74 4475.52 4465.86 4455.66 4446.28 4436.74 4425.38 4421.21 4420.19 4416.86 4414.01 4412.06 4411.29 4405.69 4402.54 4399.86 4396.14 4390.89
4485.26 4482.85 4478.48 4468.29 4460.11 4453.78 4445.88 4435.71 4427.08 4417.35 4407.02 4409.99 4419.94 4430.83 4442.18 4455.73 4470.27 4482.69 4491.4 4496.84 4499.37 4505.84 4513.17 4521.26 4529.31 4537.27 4534.65 4541.34 4542.68 4537.72 4537.52 4542.41 4553.42 4556.28 4556.89 4542.93 4520.91 4502.89 4495.32 4495.49 4499.76 4505.37 4505.28 4491.92 4461.9 4475.86 4484.8 4484.1 4477.6 4471.11 4463.99 4457.36 4447.62 4441.33 4436.32 4431.19 4430.66 4427.66 4421.52 4415.64 4410.01 4402.77 4402.13 4401.75 4401.99 4400.46 4392.38
4482.53 4479.51 4472.64 4461.9 4449.76 4437.81 4430.92 4425.28 4419.24 4411.32 4402.43 4403.78 4412.44 4422.97 4434.33 4444.94 4454.36 4462.09 4466.93 4467.58 4467.33 4480.76 4492.57 4501.11 4506.7 4508.82 4507.28 4512.81 4516.97 4515.68 4510.63 4503.18 4508.42 4514.15 4507.25 4492.04 4492.75 4488.77 4486.05 4484.64 4483.82 4481.38 4472.79 4454.27 4435.4 4439.59 4450.81 4456.8 4455.91 4454.21 4451.17 4447.61 4443.39 4440.1 4438.61 4438.8 4438.43 4432.16 4423.96 4416.25 4409.58 4403.12 4400.89 4398.67 4397.74 4395.91 4388.34
4479.95 4476.53 4468.42 4455.61 4440.32 4425.55 4419.07 4415.79 4412.27 4406.11 4398.88 4400.64 4407.48 4416.67 4426.58 4434.7 4441.14 4445.82 4448.36 4447.5 4448.99 4461.47 4473.05 4480.99 4484.86 4484.18 4483.97 4488.69 4492.13 4490.65 4483.36 4473.32 4475.16 4477.17 4471.26 4464.45 4465.51 4468.17 4468.46 4468.02 4466.01 4459.95 4449.44 4435.4 4422.26 4422.7 4430.04 4436.48 4440.04 4441.02 4440.5 4440.93 4438.5 4438.79 4438.77 4440.39 4439.8 4432.09 4422.79 4414.36 4408.26 4407.36 4400.37 4391.6 4386.14 4381.66 4378.82
4479.2 4473.66 4465.46 4452.34 4434.86 4417.11 4412.16 4409.27 4405.1 4399.35 4395.39 4398.31 4403.73 4410.98 4418.1 4425.07 4430.41 4433.94 4435.83 4437.04 4440.78 4448.66 4457.61 4464.29 4467.68 4466.01 4462.47 4469.08 4470.96 4468.5 4461.59 4452.18 4451.87 4450.67 4444.4 4437.27 4441.89 4448.13 4451.22 4450.84 4448.66 4442.29 4434.08 4424.63 4418.44 4416.95 4419.93 4424.04 4428.59 4430.72 4431.37 4432.77 4431.28 4431.67 4433.12 4437.77 4438.11 4427.48 4417.36 4408.6 4401.08 4394.24 4387.02 4381.11 4374.02 4364.89 4369.39
4482.23 4481.09 4470.22 4453.62 4434.56 4417.53 4411.21 4407.54 4402.99 4398.46 4396.77 4397.14 4400.64 4406.47 4413.15 4417.7 4422.01 4425.2 4426.75 4429.59 4433.27 4439.18 4445.68 4451.42 4455.91 4459.2 4459.45 4456.68 4454.12 4450.18 4445.21 4442.67 4436.42 4432.29 4426.24 4417.79 4425.27 4431.61 4435.23 4434.63 4432.87 4428.36 4422.45 4416.41 4414.86 4413.53 4412.99 4415.65 4418.74 4421.46 4422.59 4423.21 4422.59 4421.91 4420.83 4421.19 4421.26 4415.67 4408.43 4400.61 4392.15 4382.15 4374.68 4373.48 4369.85 4366.16 4368.91
4486.59 4489.29 4476.53 4457.48 4437.63 4421.17 4414.06 4409.61 4406.92 4402.54 4397.01 4394.97 4397.65 4402.02 4406.35 4411.31 4414.81 4417.57 4419.72 4422.87 4427.06 4431.39 4436.04 4440.78 4445.45 4451.15 4452.08 4445.46 4439.64 4433.71 4427.04 4422.04 4420.49 4418.28 4416.72 4419.44 4418.83 4419.43 4421.32 4421.21 4419.3 4416.69 4413.02 4408.97 4405.7 4402.19 4405.32 4408.8 4411.77 4414.46 4415.68 4415.89 4414.91 4412.08 4406.99 4401.5 4402.16 4401.42 4397.8 4392.18 4385.19 4377.51 4372.42 4371.38 4371.98 4374.57 4374.54
4486.84 4497.27 4479.19 4459.74 4441.82 4427.18 4418.34 4411.96 4406.69 4402.77 4393.92 4391.32 4394.98 4400.47 4405.15 4407.02 4409.21 4411.7 4413.96 4416.48 4419.41 4423.05 4427.03 4431.1 4434.01 4433.41 4433.97 4432.29 4426.72 4419.59 4410.21 4403.24 4405.42 4406.29 4406.81 4408 4408.6 4409.05 4410.78 4411.56 4411.06 4409.58 4406 4403.02 4399.74 4396.08 4399.99 4403.34 4405.72 4408.28 4409.1 4409.55 4408.37 4404.83 4399.21 4390.04 4389.04 4390.1 4388.71 4385.2 4380.48 4375.47 4371.08 4371.2 4372.7 4378.31 4376.86
4476.85 4482.38 4472.3 4457.16 4443.19 4431.91 4421.83 4414.89 4408.45 4402.25 4390.24 4388.89 4393.31 4398.28 4402.11 4403.52 4405.38 4407.1 4408.96 4410.39 4411.52 4414.46 4418.88 4423.36 4425.99 4425.76 4424.45 4422.29 4416.91 4409.7 4401.57 4396.23 4396.29 4396.83 4396.41 4394.75 4396.14 4399.72 4402.04 4404.13 4404.08 4403.62 4401.57 4398.93 4397.76 4398.3 4398.48 4400.26 4401.55 4403.17 4403.55 4404 4403.31 4401.79 4398.77 4387.63 4382.5 4383.36 4382.27 4379.71 4376.71 4374.41 4374.27 4369.9 4367.79 4367.23 4365.21
4461.85 4465.85 4461.78 4451.13 4436.92 4427.99 4423.26 4418.46 4413.43 4406.18 4396.37 4393.25 4394.02 4394.9 4397.67 4400.42 4402.6 4404.3 4405.69 4406.04 4404.93 4406.15 4412.92 4418.75 4422.39 4423.19 4421.08 4417.02 4411.21 4404 4396.39 4391.88 4391.36 4390.99 4389.6 4387.37 4388.14 4392.37 4395.27 4397.19 4397.34 4396.75 4396.89 4396.12 4397.06 4397.43 4398.1 4398.31 4398.14 4398.69 4398.28 4397.9 4398.54 4399.3 4401.3 4393 4384.7 4381.01 4378.23 4375.39 4372.72 4370.85 4370.76 4364.77 4359.66 4354.33 4351.65
4450.68 4453.32 4455.51 4448.3 4435.04 4428.5 4425.25 4421.09 4415.05 4405.61 4403.93 4401.11 4396.68 4395.99 4396.53 4398.79 4401.31 4403.28 4404.87 4405.2 4403.52 4402.98 4411.54 4417.62 4421.45 4422.36 4419.31 4414.37 4408.57 4401.83 4394.25 4390.19 4389.4 4388.27 4387.01 4386.14 4386.68 4388.43 4390.4 4390.77 4391.64 4391.41 4392.24 4394.02 4396.53 4397.96 4398.45 4397.48 4395.93 4394.36 4393.22 4391.87 4391.91 4392.74 4396.46 4393.8 4385.5 4379.61 4375.37 4371.74 4368.37 4364.82 4359.9 4356.59 4352.85 4348.04 4345.34
4454.65 4458.62 4457.83 4452.44 4442.7 4435.42 4429.06 4423.02 4416.36 4408.1 4405.74 4403.1 4398.44 4392.6 4395.6 4398.43 4401.35 4403.72 4405.92 4407.98 4409.46 4412.06 4416.37 4418.87 4421.05 4423.48 4417.48 4412.27 4407.16 4402.4 4398.57 4392.82 4389.62 4387.36 4386.46 4387.14 4388.03 4386.41 4387.17 4386.58 4386.97 4387.65 4390.74 4394.05 4395.92 4399.46 4399.44 4397.12 4394.15 4391.58 4388.48 4386.04 4383.64 4381.28 4381.44 4387.05 4381.99 4376.52 4372.23 4368.55 4364.77 4360.28 4355.42 4351.77 4349.64 4348.17 4349.18
4460.79 4464.94 4463.23 4460.7 4454.35 4444.66 4433.35 4422.37 4415.37 4411.31 4409.59 4407.52 4402.13 4398.45 4398.36 4399.97 4402.5 4405.23 4408.21 4411.94 4416.73 4425.23 4422.38 4419.98 4417.5 4413.49 4413.31 4409.62 4405.62 4402.32 4399.42 4394.14 4389.69 4386.7 4385.51 4385.67 4385.43 4383.67 4383.77 4383.45 4385.04 4386.45 4389.36 4392.6 4394.24 4398.17 4398.55 4395.42 4391.76 4388.79 4385.11 4381.85 4377.03 4370.86 4365.06 4374.62 4374.29 4371.41 4368.5 4365.83 4362.59 4358.49 4352.87 4349.68 4349.36 4348.77 4350.15
4457.55 4464.09 4464.87 4465.59 4468.97 4450.92 4436.67 4425.71 4420.12 4417.12 4411.81 4407.15 4403.93 4404.99 4401.74 4402.04 4403.98 4406.87 4410.17 4414.12 4418.41 4421.74 4421.27 4419.44 4417.76 4414.79 4410.49 4406.68 4403.02 4400.22 4397.98 4392.85 4388.33 4385.32 4383.45 4382.73 4382.2 4380.43 4380.58 4381.75 4383.54 4385.17 4387.29 4389.25 4390.77 4395.46 4396.65 4391.16 4388.15 4385.47 4383.02 4380.07 4375.02 4369.18 4363.41 4364.6 4366.51 4366.62 4365.61 4364.21 4362.27 4359.96 4357.39 4354.99 4352.03 4348.02 4342.46
4460.61 4462.69 4460.94 4458.67 4455.2 4447.28 4436.83 4426.94 4425.54 4422.53 4410.3 4399.89 4398.51 4400.24 4401.53 4402.85 4404.98 4408.04 4411.32 4414.71 4417.55 4417.88 4418.03 4416.99 4415.96 4413.16 4407.44 4403.09 4399.29 4395.93 4392.9 4389.31 4385.62 4382.78 4380.81 4379.34 4378.03 4377.4 4378.72 4379.63 4381.79 4383.09 4384.23 4385 4385.01 4384.92 4383 4383.34 4383.1 4382.23 4381.12 4379.53 4376.69 4373 4365.02 4360.22 4362.24 4363.57 4363.96 4363.47 4362.92 4362.55 4363.49 4364.02 4356.61 4351.05 4346.26
4457.3 4456.84 4452.85 4447.06 4441.87 4440.64 4436.51 4431.29 4428.37 4422.51 4408.86 4393.57 4394.14 4397.62 4400.78 4403 4405.47 4408.6 4412.13 4415.37 4417.91 4419.44 4418.37 4413.9 4407.19 4404.44 4402.57 4398.94 4394.8 4390.63 4387.44 4384.84 4382.3 4380.03 4378.03 4376.32 4375.36 4374.72 4376.16 4377.35 4378.96 4380.18 4380.82 4380.62 4379.74 4376.73 4373.15 4376.65 4378.74 4379.55 4379.66 4379.48 4379.41 4380.27 4372.44 4361.78 4361.36 4362.32 4363.18 4363.71 4363.92 4364.14 4364.25 4362.94 4359.74 4356.77 4355.63
4446.91 4448.24 4443.55 4437.13 4434.02 4435.52 4437.01 4438.6 4435.47 4426.96 4413.64 4400.69 4399.56 4401.14 4402.36 4404.27 4406.37 4409.16 4412.92 4416.07 4418.42 4419.38 4417.43 4413.06 4406.3 4401.91 4399.38 4395.67 4391.02 4385.41 4381.72 4381.01 4379.28 4377.6 4375.83 4374 4371.83 4372.61 4374.19 4375.41 4376.48 4377.09 4377.4 4377.02 4375.93 4373.6 4371.97 4373.76 4375.98 4377.26 4377.82 4378.07 4378.63 4379.91 4372.27 4363.78 4362.38 4362.85 4363.78 4364.67 4365.3 4365.57 4364.92 4361.56 4362.62 4362.01 4361.66
4444.86 4441.36 4435.01 4428.16 4426.75 4431.16 4435.44 4438.97 4443.65 4434.59 4421.01 4413.2 4409.19 4405.66 4404.54 4405.8 4408.04 4411.18 4413.88 4416.95 4419.1 4420.67 4419.93 4414.74 4407.44 4402.74 4398.49 4393.85 4388.98 4384.55 4381 4378.9 4377.43 4375.89 4374.42 4373.17 4372.93 4372.39 4372.69 4373.37 4374.48 4374.89 4374.91 4374.73 4374.33 4373.26 4371.8 4373.83 4375.21 4376 4376.17 4375.7 4374.58 4373.25 4369.07 4364.74 4363.62 4363.8 4364.69 4365.77 4366.91 4367.64 4368.21 4369.32 4367.56 4366.25 4365.98
4441.89 4434.13 4426.41 4422.03 4421.84 4426.59 4433.4 4440.01 4441.85 4435.02 4422.59 4410.25 4403.29 4403.98 4406.01 4408.06 4409.92 4411.7 4413.56 4416.95 4418.81 4421.09 4422.66 4417.42 4410.83 4404.77 4398.6 4392.74 4387.56 4383.2 4380.07 4377.81 4376.25 4375.02 4373.65 4372.57 4371.57 4371.41 4371.86 4372.32 4372.81 4373.44 4373.56 4373.45 4373.7 4374.02 4375.93 4375.71 4375.48 4375.54 4375.15 4373.74 4370.43 4364.83 4366.27 4365.21 4364.62 4365 4366.05 4367.36 4368.75 4369.87 4370.98 4372.19 4370.78 4368.89 4368.67
4432.3 4424.12 4415.5 4409.77 4412.69 4420.08 4428.12 4434.32 4437.5 4431.56 4421.82 4409.37 4397.65 4403.86 4407.67 4409.72 4410.63 4411.97 4413.11 4414.25 4416.37 4417.5 4417.89 4417.32 4415.82 4405.97 4397.95 4391.45 4385.87 4382.1 4378.82 4376.83 4375.43 4374.38 4373.48 4372.65 4371.86 4371.83 4371.98 4372.07 4372.25 4372.73 4372.85 4373.01 4373.29 4374.02 4375.17 4375.69 4375.7 4375.56 4375.31 4374.11 4370.84 4365 4365.2 4365.11 4365.56 4366.62 4368.06 4369.65 4371.04 4372.2 4372.68 4372.84 4371.05 4369.62 4368.67
