real_craters/C088-750m.grd
DSAA
82 82
-30.5375 30.5375
-30.5375 30.5375
3589.4834130208 4826.6546811778
[rows 39 to 77 of 82, columns 0 to 81 of 82]
4321 4317 4316 4316 4316 4315 4314 4314 4313 4324 4314 4306 4324 4360 4370 4383 4380 4364 4356 4358 4353 4342 4340 4354 4374 4390 4430 4563 4675 4574 4288 4075 3929 3829 3693 3671 3686 3721 3781 3865 3912 3910 3772 3744 3839 3971 4129 4284 4424 4514 4439 4695 4738 4688 4608 4522 4448 4407 4382 4384 4378 4374 4369 4366 4362 4350 4367 4378 4377 4365 4362 4333 4322 4312 4311 4309 4308 4309 4309 4308 4309 4304
4322 4315 4314 4314 4314 4314 4312 4311 4313 4324 4317 4308 4323 4351 4361 4368 4373 4365 4368 4365 4362 4361 4355 4360 4370 4397 4456 4588 4668 4529 4250 4055 3874 3808 3692 3670 3686 3722 3791 3908 3944 3897 3788 3741 3839 3983 4136 4298 4435 4523 4382 4759 4811 4765 4666 4560 4453 4380 4380 4382 4378 4373 4368 4364 4362 4366 4364 4366 4366 4362 4368 4352 4326 4313 4312 4310 4307 4308 4309 4311 4306 4302
4317 4315 4313 4313 4312 4311 4311 4311 4315 4322 4316 4316 4319 4324 4332 4342 4362 4371 4374 4369 4365 4362 4370 4377 4402 4424 4481 4611 4704 4470 4222 4081 3887 3761 3692 3670 3677 3699 3745 3845 3952 3926 3772 3715 3811 3963 4126 4301 4454 4537 4305 4719 4827 4792 4692 4581 4471 4396 4392 4386 4376 4369 4364 4360 4358 4356 4354 4353 4357 4360 4375 4366 4340 4319 4317 4316 4311 4306 4306 4306 4304 4300
4314 4312 4311 4311 4311 4311 4310 4310 4309 4308 4310 4311 4313 4314 4318 4336 4351 4364 4368 4369 4369 4379 4394 4395 4393 4404 4481 4602 4691 4523 4204 4049 3883 3726 3684 3665 3664 3669 3680 3719 3804 3818 3740 3686 3796 3947 4111 4273 4430 4541 4229 4682 4809 4759 4678 4583 4488 4421 4415 4391 4373 4366 4362 4358 4353 4348 4345 4346 4358 4361 4383 4352 4344 4334 4318 4323 4311 4303 4304 4305 4304 4300
4312 4310 4310 4310 4310 4311 4309 4309 4308 4308 4307 4307 4309 4309 4312 4312 4335 4362 4372 4373 4368 4383 4392 4390 4391 4403 4477 4566 4610 4527 4237 4039 3951 3746 3685 3680 3669 3647 3626 3622 3663 3700 3688 3673 3784 3934 4091 4243 4380 4471 4381 4649 4741 4700 4636 4562 4487 4429 4423 4410 4382 4365 4359 4356 4353 4348 4344 4347 4363 4380 4370 4341 4332 4326 4314 4324 4316 4307 4305 4304 4303 4299
4308 4309 4310 4309 4308 4308 4307 4309 4307 4308 4307 4307 4309 4312 4319 4314 4333 4365 4375 4390 4396 4383 4381 4392 4398 4415 4473 4535 4564 4543 4381 4121 3964 3895 3788 3736 3697 3654 3609 3589 3593 3637 3666 3690 3796 3950 4097 4236 4335 4358 4485 4596 4640 4620 4578 4527 4473 4429 4420 4396 4371 4361 4358 4358 4358 4358 4354 4337 4353 4368 4366 4335 4320 4313 4312 4317 4321 4313 4308 4305 4302 4298
4310 4312 4312 4310 4309 4307 4306 4308 4308 4304 4306 4307 4309 4313 4316 4316 4359 4373 4382 4396 4401 4388 4386 4395 4414 4437 4469 4515 4556 4552 4499 4284 4075 3992 3881 3822 3755 3682 3628 3607 3612 3643 3682 3716 3821 3968 4103 4241 4343 4427 4500 4466 4528 4529 4508 4474 4437 4410 4391 4379 4360 4357 4359 4362 4364 4367 4368 4375 4359 4352 4339 4316 4310 4311 4310 4317 4322 4316 4310 4304 4300 4298
4316 4316 4314 4311 4309 4306 4307 4307 4308 4307 4307 4309 4309 4311 4314 4335 4365 4387 4396 4400 4397 4389 4387 4406 4427 4438 4464 4493 4533 4552 4584 4549 4269 4151 4037 3911 3821 3731 3667 3638 3651 3687 3735 3769 3879 4030 4181 4322 4448 4550 4494 4366 4451 4459 4449 4429 4412 4390 4380 4375 4359 4359 4362 4367 4372 4375 4372 4363 4362 4341 4324 4310 4306 4308 4307 4309 4317 4317 4310 4303 4298 4296
4330 4323 4318 4313 4310 4308 4307 4307 4306 4306 4306 4307 4310 4315 4333 4365 4384 4404 4413 4408 4398 4397 4402 4408 4427 4444 4462 4477 4482 4507 4544 4606 4422 4206 4113 3997 3907 3814 3719 3690 3686 3766 3835 3878 3988 4149 4293 4427 4545 4652 4491 4337 4397 4408 4407 4402 4393 4382 4373 4377 4371 4365 4365 4369 4374 4378 4376 4363 4358 4353 4328 4311 4305 4306 4304 4307 4314 4317 4308 4302 4297 4297
4332 4326 4321 4319 4316 4313 4308 4308 4306 4306 4309 4308 4311 4321 4340 4361 4381 4390 4397 4393 4401 4405 4412 4424 4439 4461 4470 4483 4497 4503 4533 4558 4474 4253 4124 4079 4026 3993 3931 3825 3800 3896 3983 4059 4163 4254 4368 4471 4563 4619 4467 4351 4367 4376 4379 4379 4374 4361 4367 4367 4365 4364 4366 4369 4374 4377 4383 4372 4373 4351 4331 4313 4305 4305 4307 4305 4305 4304 4304 4305 4308 4296
4320 4321 4321 4321 4322 4320 4313 4308 4305 4305 4309 4309 4309 4312 4324 4351 4380 4384 4393 4397 4405 4412 4424 4431 4458 4467 4478 4483 4486 4489 4488 4530 4556 4490 4259 4237 4166 4042 4005 4030 4078 4069 4143 4201 4250 4370 4438 4487 4523 4527 4431 4368 4355 4364 4369 4369 4365 4353 4375 4363 4361 4364 4367 4371 4373 4374 4380 4383 4385 4347 4336 4313 4303 4304 4304 4302 4304 4303 4302 4308 4311 4304
4311 4316 4321 4324 4328 4330 4331 4306 4305 4311 4310 4309 4310 4310 4316 4328 4351 4387 4402 4412 4407 4412 4425 4439 4469 4480 4487 4491 4486 4477 4461 4475 4538 4569 4593 4463 4367 4271 4210 4135 4083 4202 4313 4408 4496 4508 4498 4490 4479 4447 4412 4394 4366 4368 4370 4369 4362 4362 4372 4364 4359 4363 4366 4369 4370 4369 4367 4375 4385 4367 4327 4310 4303 4304 4308 4311 4307 4309 4304 4301 4298 4294
4309 4313 4318 4324 4329 4333 4330 4300 4303 4305 4306 4308 4310 4315 4322 4332 4336 4364 4383 4384 4393 4406 4420 4445 4481 4490 4490 4491 4481 4459 4444 4441 4474 4525 4569 4542 4528 4610 4484 4423 4402 4417 4453 4554 4706 4572 4502 4476 4446 4409 4410 4408 4392 4382 4376 4375 4375 4365 4370 4373 4367 4366 4366 4366 4368 4369 4363 4363 4347 4342 4314 4307 4304 4305 4305 4312 4307 4304 4302 4298 4292 4292
4308 4311 4315 4321 4325 4330 4328 4303 4307 4317 4308 4309 4313 4319 4330 4344 4344 4349 4351 4348 4372 4396 4416 4427 4468 4483 4487 4483 4464 4446 4423 4411 4438 4472 4496 4508 4527 4536 4540 4546 4559 4516 4495 4507 4470 4487 4473 4455 4437 4430 4416 4402 4402 4389 4380 4378 4377 4379 4385 4378 4373 4365 4359 4357 4362 4368 4374 4355 4334 4329 4315 4305 4306 4305 4301 4302 4301 4299 4303 4301 4298 4292
4307 4309 4311 4314 4316 4316 4315 4306 4310 4320 4322 4309 4317 4326 4331 4335 4342 4344 4344 4349 4363 4383 4402 4414 4442 4462 4477 4474 4445 4415 4408 4400 4419 4436 4442 4456 4475 4474 4481 4461 4460 4455 4461 4448 4422 4426 4436 4437 4437 4437 4413 4400 4380 4375 4378 4379 4383 4398 4402 4386 4373 4359 4351 4349 4349 4354 4360 4334 4316 4311 4301 4301 4301 4307 4310 4303 4299 4294 4292 4294 4302 4295
4307 4307 4308 4309 4308 4306 4304 4305 4307 4311 4322 4310 4320 4327 4327 4327 4336 4345 4347 4351 4360 4372 4383 4385 4402 4436 4470 4489 4447 4414 4405 4395 4404 4415 4422 4432 4444 4451 4435 4422 4417 4419 4421 4416 4406 4406 4414 4416 4408 4402 4393 4375 4372 4374 4375 4383 4384 4394 4399 4381 4361 4344 4341 4339 4336 4331 4324 4328 4310 4302 4299 4299 4298 4304 4314 4305 4301 4299 4295 4297 4304 4293
4307 4307 4306 4305 4304 4303 4304 4302 4303 4306 4311 4323 4323 4324 4324 4325 4331 4342 4352 4355 4359 4364 4366 4372 4380 4411 4451 4474 4447 4422 4407 4390 4399 4404 4408 4411 4423 4422 4409 4393 4393 4392 4400 4400 4397 4399 4400 4401 4400 4383 4377 4373 4364 4359 4366 4378 4396 4389 4383 4375 4332 4329 4328 4326 4322 4316 4312 4307 4303 4300 4301 4299 4297 4298 4306 4306 4302 4298 4292 4288 4288 4286
4306 4306 4305 4304 4303 4303 4305 4304 4302 4304 4339 4336 4323 4318 4320 4324 4332 4342 4350 4355 4360 4362 4360 4352 4354 4389 4436 4459 4448 4429 4411 4403 4394 4402 4407 4413 4420 4416 4404 4392 4386 4387 4386 4388 4395 4399 4392 4385 4380 4379 4369 4358 4350 4349 4354 4358 4372 4381 4382 4357 4342 4331 4322 4316 4310 4306 4309 4308 4300 4299 4301 4300 4301 4297 4299 4305 4306 4303 4296 4285 4286 4284
4306 4307 4305 4304 4303 4303 4305 4306 4303 4305 4335 4343 4330 4320 4319 4321 4330 4343 4351 4357 4362 4363 4359 4349 4344 4380 4435 4464 4463 4437 4424 4403 4402 4405 4413 4419 4418 4408 4399 4390 4383 4380 4381 4385 4388 4389 4384 4378 4365 4364 4364 4361 4355 4343 4352 4356 4353 4364 4370 4377 4364 4336 4321 4313 4307 4305 4316 4335 4304 4298 4296 4296 4295 4299 4309 4310 4311 4309 4304 4287 4284 4281
4306 4307 4306 4305 4304 4305 4305 4304 4303 4306 4314 4339 4344 4328 4321 4320 4326 4343 4347 4356 4361 4368 4373 4371 4365 4391 4434 4448 4434 4437 4432 4401 4402 4407 4415 4419 4409 4399 4387 4380 4376 4371 4375 4377 4376 4372 4377 4378 4374 4363 4365 4366 4363 4362 4364 4367 4373 4363 4357 4360 4343 4317 4315 4311 4306 4304 4313 4320 4305 4301 4297 4292 4292 4294 4303 4309 4311 4305 4290 4277 4286 4282
4304 4305 4305 4305 4305 4306 4305 4303 4303 4306 4300 4326 4321 4324 4322 4319 4326 4334 4343 4353 4363 4376 4390 4392 4396 4414 4434 4428 4415 4431 4436 4407 4405 4410 4414 4420 4416 4397 4384 4377 4374 4371 4372 4373 4373 4376 4376 4373 4366 4365 4369 4372 4372 4369 4372 4379 4368 4361 4352 4352 4336 4324 4321 4315 4310 4306 4305 4312 4317 4306 4298 4295 4292 4291 4297 4309 4312 4303 4291 4284 4282 4280
4299 4304 4305 4304 4304 4305 4304 4302 4302 4305 4305 4338 4342 4336 4327 4317 4321 4329 4338 4351 4364 4376 4396 4409 4429 4435 4420 4402 4387 4414 4425 4420 4417 4413 4411 4404 4398 4389 4383 4376 4374 4375 4373 4371 4371 4374 4375 4379 4369 4368 4373 4379 4383 4365 4373 4387 4374 4361 4357 4374 4357 4348 4333 4322 4314 4309 4304 4306 4315 4307 4298 4294 4293 4289 4292 4296 4301 4304 4306 4289 4279 4278
4305 4305 4305 4303 4303 4304 4303 4302 4303 4304 4301 4311 4349 4343 4337 4327 4324 4326 4336 4354 4371 4380 4392 4409 4434 4427 4406 4390 4382 4378 4407 4400 4420 4412 4406 4397 4381 4380 4369 4374 4373 4373 4369 4366 4365 4362 4370 4373 4372 4374 4377 4383 4388 4369 4371 4379 4370 4364 4362 4357 4350 4347 4337 4329 4319 4310 4307 4303 4307 4303 4297 4302 4296 4294 4294 4291 4294 4304 4312 4291 4277 4276
4304 4304 4304 4302 4302 4305 4304 4301 4301 4302 4299 4324 4332 4339 4346 4350 4333 4325 4340 4360 4376 4390 4397 4408 4426 4423 4400 4382 4369 4363 4378 4406 4404 4406 4402 4396 4388 4386 4383 4377 4371 4363 4362 4364 4365 4367 4377 4388 4380 4378 4376 4377 4372 4366 4365 4369 4361 4351 4346 4345 4338 4324 4333 4335 4334 4325 4316 4307 4302 4299 4298 4301 4298 4294 4298 4299 4302 4303 4296 4284 4281 4276
4305 4302 4300 4300 4301 4306 4305 4302 4301 4301 4307 4321 4318 4329 4346 4358 4339 4332 4346 4365 4383 4399 4403 4401 4413 4414 4401 4380 4369 4365 4371 4391 4399 4395 4395 4400 4401 4394 4386 4380 4373 4365 4363 4366 4368 4372 4382 4401 4385 4377 4373 4372 4371 4371 4371 4371 4356 4338 4327 4322 4329 4338 4333 4336 4349 4348 4331 4310 4298 4296 4298 4299 4309 4309 4308 4317 4310 4299 4290 4280 4286 4280
4305 4303 4303 4298 4300 4306 4307 4304 4299 4302 4309 4324 4318 4323 4334 4340 4342 4336 4355 4371 4385 4394 4401 4396 4397 4392 4389 4377 4371 4365 4364 4367 4365 4376 4384 4395 4407 4398 4391 4387 4381 4375 4371 4371 4372 4374 4376 4372 4376 4372 4367 4365 4368 4375 4383 4365 4348 4322 4315 4315 4327 4333 4327 4321 4324 4340 4344 4323 4300 4298 4298 4299 4310 4321 4325 4305 4291 4284 4283 4279 4280 4279
4302 4303 4302 4293 4293 4306 4308 4306 4302 4301 4304 4305 4309 4315 4330 4343 4350 4359 4364 4373 4386 4394 4398 4397 4391 4387 4385 4376 4373 4364 4360 4358 4356 4361 4366 4375 4394 4401 4400 4395 4390 4385 4382 4379 4377 4374 4372 4373 4372 4365 4358 4350 4343 4345 4348 4331 4327 4313 4310 4311 4319 4328 4324 4305 4268 4300 4340 4317 4313 4306 4302 4305 4312 4317 4316 4307 4255 4275 4280 4281 4283 4278
4304 4303 4302 4292 4291 4307 4308 4307 4307 4300 4300 4302 4303 4309 4323 4340 4359 4376 4375 4379 4394 4400 4411 4401 4395 4388 4381 4376 4372 4366 4361 4358 4360 4356 4353 4351 4374 4405 4409 4401 4396 4393 4389 4386 4381 4375 4374 4380 4370 4359 4349 4336 4322 4315 4310 4312 4313 4310 4311 4314 4320 4332 4332 4324 4301 4313 4318 4305 4307 4306 4308 4303 4301 4303 4307 4309 4302 4284 4279 4278 4275 4275
4302 4302 4305 4299 4299 4308 4307 4305 4300 4297 4300 4302 4302 4309 4323 4339 4358 4378 4377 4386 4397 4409 4416 4409 4414 4398 4380 4376 4373 4367 4363 4360 4357 4354 4351 4352 4363 4396 4400 4398 4397 4398 4401 4391 4383 4378 4373 4367 4359 4348 4339 4328 4316 4309 4310 4306 4313 4320 4315 4317 4330 4341 4339 4350 4372 4340 4312 4294 4293 4296 4303 4296 4288 4304 4311 4306 4297 4282 4278 4276 4274 4273
4302 4301 4303 4303 4304 4308 4306 4302 4295 4296 4302 4304 4304 4307 4323 4335 4345 4358 4377 4385 4388 4385 4404 4408 4410 4391 4382 4375 4371 4366 4365 4362 4358 4354 4352 4352 4350 4356 4377 4385 4390 4396 4402 4392 4384 4380 4380 4371 4346 4336 4328 4321 4315 4313 4307 4310 4310 4311 4313 4314 4318 4329 4327 4345 4354 4333 4306 4292 4288 4288 4289 4295 4298 4298 4293 4295 4287 4281 4276 4274 4272 4271
4299 4300 4303 4302 4310 4307 4304 4301 4297 4297 4303 4306 4305 4309 4333 4336 4343 4356 4373 4372 4373 4373 4380 4396 4403 4394 4381 4373 4372 4367 4369 4365 4359 4355 4353 4353 4348 4349 4361 4372 4378 4381 4375 4378 4373 4370 4365 4331 4329 4325 4321 4317 4313 4311 4316 4311 4310 4310 4310 4309 4306 4315 4315 4330 4335 4319 4301 4295 4291 4288 4284 4287 4289 4291 4295 4288 4285 4275 4275 4273 4273 4272
4298 4299 4300 4298 4307 4305 4303 4302 4299 4298 4300 4302 4307 4308 4337 4343 4349 4359 4370 4370 4372 4373 4376 4391 4404 4403 4377 4371 4374 4373 4375 4369 4361 4355 4353 4352 4351 4353 4356 4362 4368 4369 4368 4366 4359 4353 4345 4327 4323 4320 4317 4314 4312 4312 4320 4313 4312 4312 4312 4310 4306 4307 4313 4320 4321 4315 4312 4302 4294 4287 4285 4285 4282 4282 4278 4282 4280 4275 4273 4272 4271 4271
4299 4300 4299 4297 4299 4303 4303 4302 4300 4296 4297 4301 4304 4312 4335 4350 4359 4366 4373 4371 4371 4371 4372 4388 4404 4401 4373 4373 4385 4388 4386 4374 4363 4354 4352 4351 4352 4351 4352 4355 4356 4356 4356 4349 4344 4338 4329 4328 4323 4319 4316 4316 4313 4314 4321 4316 4314 4314 4315 4317 4320 4322 4318 4312 4309 4308 4309 4303 4295 4288 4286 4286 4282 4280 4282 4286 4290 4277 4277 4272 4269 4270
4299 4298 4298 4298 4300 4301 4301 4302 4300 4297 4297 4304 4315 4331 4351 4359 4366 4370 4368 4369 4367 4372 4370 4382 4395 4395 4372 4378 4389 4391 4389 4377 4365 4358 4354 4354 4355 4350 4351 4351 4350 4346 4337 4334 4332 4328 4324 4325 4322 4319 4316 4313 4314 4315 4312 4319 4313 4317 4321 4326 4334 4337 4331 4330 4319 4307 4306 4300 4291 4292 4290 4284 4281 4279 4279 4282 4284 4275 4277 4273 4271 4272
4303 4301 4299 4299 4299 4300 4300 4300 4299 4298 4299 4310 4331 4341 4353 4360 4365 4368 4367 4364 4366 4369 4371 4379 4382 4374 4369 4375 4370 4379 4382 4373 4365 4361 4361 4361 4362 4359 4353 4350 4347 4344 4339 4335 4330 4326 4322 4320 4319 4317 4314 4314 4313 4311 4311 4329 4326 4324 4327 4331 4334 4334 4333 4353 4338 4315 4309 4298 4288 4271 4271 4278 4281 4279 4282 4283 4279 4274 4274 4272 4269 4271
4302 4297 4299 4300 4298 4298 4298 4298 4298 4298 4296 4310 4338 4350 4353 4356 4360 4362 4363 4365 4364 4370 4373 4378 4383 4383 4371 4367 4362 4363 4366 4367 4363 4360 4363 4363 4362 4357 4350 4348 4346 4344 4342 4340 4333 4327 4322 4317 4318 4318 4316 4316 4311 4310 4319 4333 4328 4332 4332 4333 4330 4321 4313 4321 4324 4318 4301 4294 4287 4283 4282 4281 4276 4278 4279 4278 4277 4275 4275 4270 4267 4267
4301 4302 4300 4299 4296 4296 4297 4297 4297 4298 4301 4317 4340 4358 4351 4352 4354 4359 4363 4365 4366 4372 4374 4376 4379 4384 4377 4361 4357 4362 4364 4364 4362 4360 4363 4361 4352 4349 4347 4345 4343 4342 4342 4341 4336 4331 4323 4319 4323 4323 4322 4321 4315 4313 4327 4337 4347 4338 4335 4332 4332 4325 4305 4304 4301 4295 4294 4290 4285 4282 4281 4280 4279 4278 4276 4275 4273 4273 4272 4268 4268 4275
4299 4298 4298 4295 4293 4296 4296 4297 4297 4298 4302 4316 4334 4349 4351 4349 4350 4354 4360 4367 4371 4373 4372 4372 4370 4369 4363 4360 4358 4360 4363 4363 4363 4365 4370 4362 4354 4348 4345 4344 4342 4340 4336 4334 4338 4338 4328 4333 4334 4333 4332 4329 4324 4316 4353 4347 4342 4337 4333 4329 4327 4328 4299 4291 4291 4290 4289 4287 4283 4281 4279 4280 4279 4276 4275 4273 4273 4270 4267 4267 4265 4268
4298 4297 4295 4294 4300 4297 4296 4296 4296 4297 4300 4312 4328 4345 4355 4348 4344 4351 4357 4369 4376 4376 4372 4369 4367 4366 4361 4358 4360 4362 4364 4365 4365 4366 4366 4363 4357 4351 4347 4344 4341 4338 4335 4333 4340 4350 4333 4344 4346 4344 4342 4342 4343 4334 4342 4344 4336 4331 4326 4322 4314 4298 4290 4288 4289 4290 4288 4286 4283 4280 4280 4279 4278 4275 4275 4273 4272 4272 4269 4267 4268 4270
