real_craters/C088-300m.grd
DSAA
205 205
-30.5375 30.5375
-30.5375 30.5375
3587.0783943371 4840.3593495706
[rows 30 to 59 of 205, columns 67 to 133 of 205]
4367.67 4369.67 4371.04 4372.63 4376.82 4375.41 4368.18 4366.31 4370.56 4378.54 4389.06 4400.56 4412.29 4423.34 4433.28 4437.92 4437.28 4436.5 4436.18 4442.84 4452.34 4463.93 4469.55 4458.11 4458.51 4468.6 4478.12 4485.28 4483.47 4477.59 4470.84 4461.72 4458.99 4457.93 4457.14 4457.63 4459 4461 4463.04 4464.5 4460.73 4454.26 4447.88 4442.4 4438.13 4430.71 4424.23 4419.7 4418.1 4415.53 4415.14 4417 4419.09 4416.22 4412.7 4409.66 4406.31 4402.82 4399.58 4396.5 4392.99 4389.62 4385.25 4380.27 4375.49 4371.07 4365.91
4368.65 4374.34 4381.71 4387.82 4385.77 4381.49 4368.1 4361.05 4367.15 4377.16 4389.33 4401.54 4413.39 4424.02 4431.39 4435.34 4435.85 4434.74 4434.74 4440.46 4448.65 4457.66 4462.73 4459.2 4454.28 4464.27 4474.4 4480 4479.45 4473.45 4466.16 4459.46 4454.96 4452.89 4452.73 4453.28 4454.56 4456.04 4456.85 4458.02 4453.88 4448.75 4443.24 4438.65 4436.23 4428.27 4420.31 4414.41 4409.14 4407.95 4409.9 4411.66 4411.47 4412.1 4411.66 4409.25 4406.17 4402.56 4399.38 4395.49 4390.67 4386.27 4381.91 4376.69 4370.47 4364.71 4360.04
4367.54 4375.34 4388.36 4395.67 4390.7 4383.72 4369.63 4358.06 4365.43 4376.51 4389.03 4401.59 4413.87 4425.06 4432.89 4435.1 4434.23 4432.91 4432.73 4437.18 4442.07 4445.06 4448.99 4454.05 4456.02 4461.31 4470.77 4478.81 4474.68 4467.59 4460.03 4453.97 4448.93 4446.4 4446.68 4447.65 4449.06 4450.15 4449.3 4444.86 4445.75 4442.09 4436.61 4430.36 4423.37 4419.25 4413.77 4408.39 4404.86 4403.77 4404.88 4408.26 4409.24 4412.02 4411.93 4409.29 4405.59 4401.66 4396.99 4392.53 4387.98 4383.19 4378.44 4372.97 4366.53 4361.02 4355.73
4364.02 4370.32 4381.79 4390.7 4387.45 4381.48 4369.59 4362.1 4367.62 4377.99 4389.99 4402.07 4414.07 4425.81 4436.34 4434.88 4431.17 4429.59 4431.1 4433.09 4436.52 4438.27 4438.35 4439.02 4444.08 4451.48 4463.06 4472.88 4467.05 4459.72 4451.69 4443.42 4438.16 4438.21 4439.66 4441.64 4443.35 4445 4446.49 4446.7 4441.17 4436.29 4430.34 4423.34 4415.98 4411.8 4407.33 4402.16 4397.16 4394.98 4399.82 4406.71 4415.21 4417.33 4412.52 4408.34 4404.28 4400.19 4395.43 4391.41 4386.73 4381.86 4376.52 4371.2 4364.93 4359.38 4354.79
4359.9 4363.97 4371.79 4380.3 4380.14 4376.18 4374.29 4368.27 4372.3 4380.89 4391.85 4403.06 4413.83 4423.07 4429.55 4428.6 4424.92 4422.26 4422.85 4427.01 4432.24 4436.55 4434.76 4432.32 4431.96 4440.68 4450.29 4456.04 4455.74 4450.69 4443.39 4434.95 4429.46 4431.2 4433.58 4436.06 4437.89 4439.34 4441.29 4441.94 4436.38 4431.36 4425.71 4419.26 4412.75 4407.92 4402.86 4397.5 4392.53 4390.67 4395.38 4403.06 4410.64 4413.32 4410.16 4406.44 4402.53 4398.44 4394.15 4389.87 4385.36 4380.28 4375.63 4370.62 4365.93 4361.19 4357.49
4356.82 4358.3 4365.23 4375.29 4380.22 4379.56 4376.92 4375.5 4378.55 4385.19 4394.12 4404.16 4413.73 4421.29 4422.19 4422.04 4417.01 4412.02 4412.97 4419.26 4427.08 4434.23 4429.91 4427.51 4430.48 4436.26 4441.14 4443.82 4446.17 4442.94 4437.01 4430.39 4426.02 4426.55 4428.82 4431.33 4432.87 4433.09 4431.16 4430.39 4429.86 4426.86 4422.52 4417.57 4411.77 4406.02 4400.33 4394.83 4389.88 4387.4 4391.5 4398.37 4403.93 4406.61 4406 4403.95 4400.78 4396.91 4392.9 4388.64 4384.44 4380.01 4376.6 4372.54 4368.69 4365.37 4363.01
4357.11 4358.9 4366.23 4376.71 4386.86 4388.86 4384.96 4382.88 4383.83 4388.94 4397 4405.74 4414.17 4422.74 4427.45 4419.08 4410.83 4401.37 4401.86 4411.78 4420.04 4424.79 4422.54 4422.56 4427.21 4433.79 4441.32 4443.72 4441.29 4437.58 4432.44 4426.71 4423.15 4422.87 4425.45 4428.25 4429.65 4429.42 4426.57 4425.62 4425.82 4423.8 4420.33 4416.65 4411.41 4405.11 4399.25 4393.9 4389.25 4386.09 4389.86 4395.13 4398.75 4399.73 4402.34 4401.38 4398.87 4395.75 4392.15 4388.25 4384.47 4380.65 4377.01 4374.06 4371.42 4370.08 4369.91
4360.5 4364.17 4364.74 4378.46 4390.85 4394.55 4390.09 4383.89 4384.36 4391.83 4400.12 4407.86 4413.81 4416.45 4418.42 4414.99 4408.62 4402.87 4402.36 4407.67 4414.19 4418 4416.28 4418.33 4423.76 4430.18 4436.41 4438.98 4437.38 4434.16 4429.8 4424.39 4418.02 4421.08 4424.44 4426.91 4428.71 4429.31 4429.16 4427.23 4425.26 4422.64 4418.95 4413.89 4409.41 4404.41 4398.98 4394.05 4390.58 4390.01 4390.89 4393.46 4397.65 4401.87 4401.17 4399.44 4396.94 4393.87 4390.65 4387.46 4384.35 4381.21 4378.37 4375.94 4374.06 4374.61 4375.09
4364.59 4370.31 4371.04 4380.74 4393.7 4394.87 4391.31 4386.6 4388.41 4396.22 4404.38 4411.68 4416.78 4416.26 4413.85 4414.58 4409.64 4403.64 4402.88 4405.27 4409.52 4413.08 4411.76 4415.21 4419.76 4424.86 4431.62 4434.28 4434.03 4431.89 4428.88 4425.91 4424.15 4424.57 4425.69 4427.37 4429.01 4430.34 4430.78 4428.91 4426.08 4423 4419.37 4414.8 4409.84 4404.67 4399.31 4394.36 4390.64 4389.18 4388.96 4391.53 4396.05 4400.11 4399.54 4397.28 4394.75 4392.18 4389.41 4386.64 4383.94 4381.34 4379.18 4377.29 4376.34 4377.3 4378.26
4366.09 4372.23 4374.45 4380.5 4385.93 4389.25 4390.73 4391.74 4394.85 4402.11 4409.47 4416.51 4422.93 4429.88 4427.88 4419.91 4413.33 4408.03 4404.35 4403.14 4403.47 4406.32 4410.62 4414.64 4418.61 4422.91 4427.71 4430.84 4431.65 4430.64 4429.05 4427.8 4428.17 4427.5 4427.32 4428.41 4429.78 4431.17 4431.83 4429.74 4426.92 4423.96 4420.98 4418.02 4412.08 4405.72 4399.85 4394.47 4389.72 4385.3 4384.98 4388.7 4392.84 4397 4396.36 4394.3 4392.24 4390.22 4388.1 4385.97 4383.77 4381.56 4379.68 4378.24 4378.22 4377.57 4377.94
4365.15 4374.33 4377.88 4378.03 4382.22 4387.13 4391.74 4396.65 4402.78 4408.18 4413.89 4420.52 4426.95 4430.86 4429.9 4424.09 4417.02 4410.63 4405.34 4401.66 4400.33 4405.04 4413.2 4415.7 4419.05 4423.24 4427.14 4429.26 4430.2 4430.02 4429.17 4428.18 4426.8 4426.82 4428.26 4429.41 4430.28 4431.06 4431.94 4429.74 4427.51 4424.83 4421.81 4418.34 4413.01 4406.8 4400.72 4395.01 4389.98 4386.32 4385.31 4386.41 4388.67 4390.74 4390.84 4390.27 4389.1 4387.61 4385.91 4384.5 4382.76 4381.35 4379.82 4378.44 4378.37 4377.54 4376.38
4359.52 4367.61 4372.05 4371.3 4373.2 4383.71 4390.55 4398.79 4409.44 4411.05 4415.6 4422.57 4429.26 4434.03 4432.75 4427.58 4420.51 4412.06 4406.4 4400.92 4398.1 4403.9 4412.79 4415.47 4418.6 4422.42 4426.74 4428.8 4429.73 4429.8 4429.46 4428.87 4428.12 4428.38 4429.56 4430.49 4430.94 4430.34 4428.31 4429.52 4428.23 4425.82 4422.59 4418.23 4413.66 4407.98 4401.88 4395.89 4390.54 4386.79 4385 4383.95 4384.84 4385.05 4385.9 4386.86 4386.86 4385.91 4384.73 4383.24 4381.99 4380.7 4379.5 4378.81 4377.31 4375.77 4373.86
4353.55 4363.05 4367.7 4363.42 4365.86 4377.09 4384.98 4392.27 4398.64 4405 4413.34 4422.68 4431.21 4435.19 4435 4430.71 4424.8 4417.69 4408.43 4400.8 4396.72 4400.94 4407.99 4413.49 4417.76 4422.97 4427.8 4428.43 4429.23 4429.53 4429.79 4429.99 4429.99 4430.41 4431.75 4432.28 4432.35 4432.94 4433.32 4431.25 4429.95 4427.71 4424.58 4420.56 4415.31 4409.52 4403.26 4396.82 4390.71 4385.04 4380.9 4380.77 4382.14 4383.59 4384.57 4384.09 4383.88 4383.32 4382.55 4381.78 4380.78 4379.85 4379.44 4377.56 4376.07 4374.18 4371.8
4356.56 4360.07 4360.98 4354.89 4356.65 4368.78 4378.36 4383.67 4386.06 4396.17 4409.11 4421.01 4432.02 4440.75 4437.33 4432.63 4427.06 4419.38 4409.86 4401.26 4394.94 4401.26 4407.52 4411.6 4415.95 4420.33 4424.5 4426.98 4428.43 4429.31 4430.12 4431.16 4432.49 4434.01 4434.74 4434.5 4433.88 4432.24 4432.38 4433.56 4432.85 4430.71 4426.99 4422.63 4417.77 4411.85 4405.15 4398.26 4391.32 4384.63 4378.97 4379.07 4380.35 4381.44 4381.89 4381.49 4381.06 4380.72 4380.22 4379.9 4379.37 4378.78 4377.93 4376.97 4375.78 4373.79 4371.46
4356.45 4361.24 4356.77 4351.85 4358.14 4369.64 4376.62 4380.64 4383.2 4392.76 4406.16 4417.92 4427.8 4434.14 4434.93 4432.23 4427.84 4420.52 4411.04 4402.87 4398.88 4400.71 4405.64 4409.97 4414.19 4418.59 4422.89 4425.99 4427.69 4429.11 4430.25 4431.55 4434.07 4437.81 4436.92 4436.78 4436.75 4435.22 4435.91 4437.94 4437.66 4435.49 4431.48 4426.76 4421.42 4414.93 4407.74 4400.35 4393.09 4386.68 4381.95 4379.67 4379.2 4379.54 4380.16 4378.62 4378.02 4377.75 4377.8 4377.41 4377.21 4376.81 4375.99 4375.06 4374.37 4373.39 4372.44
4352.61 4359.75 4353.58 4349.62 4362.05 4374.36 4378.35 4382.27 4387.1 4395.3 4405.53 4415.48 4423.59 4428.76 4431.59 4430.7 4426.64 4420.01 4411.73 4403.79 4399.22 4399.89 4404.57 4408.99 4413.01 4418.4 4422.83 4425.35 4427.31 4428.51 4429.62 4430.82 4432.22 4433.74 4435.9 4439.07 4442.06 4443.37 4444.48 4445.11 4444.33 4441.97 4438.64 4432.96 4426.19 4418.79 4410.74 4402.77 4395.29 4388.87 4383.77 4380.22 4377.94 4376.51 4375.41 4374.91 4374.77 4374.63 4374.74 4374.74 4374.49 4374.42 4374.3 4373.94 4373.93 4373.58 4372.94
4351.1 4352.68 4348.23 4345.95 4360.09 4372.86 4379.39 4384.79 4390.52 4397.45 4405.72 4413.87 4421.76 4426.8 4429.26 4429.62 4427.51 4420.93 4412.62 4404.9 4401.19 4406.02 4407.1 4409.59 4411.95 4414.21 4420.69 4424.9 4426.89 4428.08 4428.81 4429.34 4429.65 4429.93 4434.81 4441.4 4448.31 4454.51 4454.52 4453.55 4452.01 4448.98 4444.07 4438.45 4431.37 4422.95 4413.93 4405.1 4397.05 4390.24 4385.3 4380.77 4376.2 4373.25 4371.72 4371.12 4371.64 4372.17 4372.5 4372.73 4372.77 4372.82 4372.88 4372.65 4372.95 4373.26 4373.09
4343.74 4343.88 4342.43 4345.09 4356.58 4370.72 4380.2 4386.99 4393.1 4399.54 4405.71 4411.66 4417.85 4423.22 4426.75 4428.7 4427.65 4421.54 4413.57 4407.28 4404.85 4405.4 4409.24 4411.75 4413.8 4414.27 4423.07 4425.62 4427.1 4428.18 4428.72 4429.08 4428.89 4430.28 4434.71 4443.23 4453.08 4461.09 4461.98 4461.01 4459.79 4457.36 4450.41 4445.12 4436.82 4427.05 4416.97 4407.08 4397.73 4389.87 4384.04 4378.13 4373.01 4370.15 4367.67 4368.43 4369.56 4370.35 4370.89 4371.15 4371.14 4371.2 4371.39 4371.91 4372.51 4373.38 4373.78
4341.16 4338.8 4337.96 4342.52 4360.89 4374.37 4382.9 4389.15 4395.2 4401.46 4405.61 4409.45 4412.34 4418.3 4424.12 4427.2 4428.27 4421.24 4413.73 4407.65 4407.11 4410.38 4412.72 4415.26 4418.47 4423.94 4425.33 4426.13 4427.56 4428.89 4429.72 4430.12 4429.73 4428.97 4433.72 4444.6 4455.59 4465 4465.86 4466.03 4466.25 4467.12 4467.75 4454.35 4442.23 4430.65 4419.21 4408.11 4397.63 4387.65 4378.05 4371.19 4369.04 4368.04 4368.18 4368.44 4368.54 4369.1 4369.55 4369.78 4370.22 4370.22 4370.26 4370.53 4371.22 4372.81 4375.04
4344.31 4338.95 4337.23 4345.2 4374.2 4382.16 4386.37 4390.65 4395.28 4400.52 4404.51 4408.98 4413.49 4418.3 4422.92 4425.26 4423.54 4419.64 4413.41 4408.81 4410.83 4415.26 4417.2 4418.85 4420.98 4422.96 4422.55 4425.75 4428.74 4431.02 4432.09 4433.21 4433.73 4434.09 4437.91 4447.19 4455.98 4462.6 4466.61 4468.54 4469.34 4469.47 4467.65 4457.42 4445.36 4433.27 4421.15 4409.06 4397.44 4386.19 4375.35 4367.71 4366.44 4366.76 4367.71 4368.25 4368.3 4368.67 4368.92 4368.83 4368.63 4368.33 4368.15 4368.18 4368.95 4370.2 4372.61
4340.93 4338.57 4342.12 4355.12 4378.94 4385.29 4388.31 4391.04 4393.61 4396.65 4401.92 4408.87 4415.73 4419.67 4422.72 4424.93 4424.45 4419.01 4413.48 4409.43 4415.21 4420.82 4421.64 4422.08 4422.45 4423.27 4424.52 4427.89 4431.2 4434.04 4436.21 4438.5 4440.58 4442.44 4445.53 4453.23 4457.8 4461.77 4467 4469.82 4470.71 4467.62 4460.24 4456.58 4446.47 4434.59 4422.29 4410.17 4397.93 4386.4 4375.95 4368.61 4366.46 4366.41 4366.99 4367.54 4368.52 4368.87 4368.83 4368.35 4367.66 4367.19 4366.31 4365.63 4365.34 4365.61 4368.36
4340.8 4341.49 4349.53 4362.2 4375.82 4384.47 4388.69 4391.01 4392.14 4392.3 4399.54 4409.11 4416.01 4420.06 4422.21 4423.49 4422.21 4418.22 4414.59 4413.3 4419.42 4424.54 4425.91 4425.97 4424.8 4425.48 4429.49 4432.03 4434.79 4437.84 4441.04 4444.58 4448.84 4454.74 4462.19 4462.58 4463.14 4465.3 4468.73 4471.03 4472.2 4475.16 4471.4 4458.08 4447 4435.3 4423.23 4411.14 4399.03 4387.7 4377.77 4370.81 4367.7 4367.59 4368.35 4369.36 4370.12 4370.37 4369.99 4369.25 4367.94 4366.31 4364.73 4363.19 4361.61 4359.87 4357.79
4338.65 4345.72 4354.69 4366.5 4377.38 4384.59 4389.41 4392.22 4393.98 4395.84 4403.11 4412.63 4418.83 4421.26 4421.09 4420.67 4419.24 4416.68 4415.73 4417.89 4423.53 4428.26 4430.55 4431.55 4431.04 4431.44 4433.96 4435.98 4438.91 4442.57 4446.48 4450.85 4455.7 4461.76 4468.66 4468.02 4468.38 4469.6 4471.18 4472.07 4471.48 4466.07 4462.69 4456.81 4447 4435.83 4424.27 4412.41 4400.77 4389.68 4379.6 4371.85 4369.52 4370.15 4371.88 4373.24 4373.35 4372.96 4371.99 4370.44 4368.44 4366.21 4363.95 4361.65 4359.53 4357.77 4358.83
4347.31 4353.29 4362.21 4371.88 4380.43 4386.38 4391.45 4395.21 4398.54 4402.83 4410.58 4420.66 4425.69 4424.06 4419.88 4415.03 4413.83 4414.48 4415.74 4419.73 4427.75 4432.25 4435.36 4438.16 4440.89 4439.84 4437.68 4439.21 4443.36 4447.75 4452.02 4456.58 4460.95 4464.05 4464.63 4468.08 4473.26 4473.47 4473.3 4472.99 4472.16 4471.18 4463.92 4455.8 4446.36 4436.5 4425.59 4414.08 4403.15 4392.5 4382.6 4374.37 4372.13 4374.02 4376.19 4378.18 4377.15 4376.17 4374.47 4372.36 4369.71 4366.84 4363.83 4360.86 4358.34 4356.69 4357.83
4359.98 4360.73 4364.68 4372.38 4381.37 4388.83 4394.59 4399.64 4403.97 4408.47 4416.06 4428.27 4432.62 4427.75 4420.33 4412.6 4411.71 4413.67 4415.78 4420.14 4428.38 4434.64 4439.52 4443.68 4446.84 4446.1 4444.44 4445.29 4448.68 4453.2 4457.75 4462.48 4466.9 4469.84 4469.27 4473.5 4472.23 4474.9 4474.86 4473.31 4471.8 4471.51 4464.53 4455.7 4446.77 4437.44 4427.19 4416.67 4406.28 4396.4 4387.3 4379.61 4377.86 4379.58 4381.16 4381.19 4381.39 4380.18 4377.68 4374.59 4370.88 4367.31 4363.89 4360.89 4358.47 4357.87 4360.35
4372.38 4364.18 4360.19 4374.54 4384.52 4392.13 4398.72 4404.8 4410.18 4416.04 4425.63 4436.77 4438.49 4431.78 4422.77 4415.24 4413.59 4415.41 4418.37 4422.95 4429.67 4436.52 4443.01 4448.63 4451.38 4451.77 4449.93 4449.97 4454.18 4458.99 4463.76 4468.61 4473.44 4479.3 4487.44 4489.04 4484.65 4479.53 4476.73 4473.23 4468.51 4461.97 4459.38 4454.21 4446.64 4437.67 4428.11 4418.26 4408.87 4400.25 4392.93 4388 4385.85 4386.26 4387.5 4388.5 4387.63 4384.89 4381.04 4376.82 4372.62 4368.33 4364.37 4361 4358.59 4358.35 4361.58
4362.58 4362.16 4368.27 4377.47 4388.25 4396.21 4403.86 4410.63 4416.88 4423.05 4429.12 4445.14 4444.62 4435.46 4426.11 4418.07 4416.85 4418.39 4422.26 4426.06 4431.18 4438.19 4446.09 4453.76 4459.85 4458.56 4456.26 4456.03 4461.06 4465.55 4469.78 4474.25 4479.09 4484.65 4492.2 4493.85 4487.61 4482.13 4478.5 4474.43 4468.25 4459.39 4458.44 4454.38 4447.55 4438.86 4429.68 4420.48 4411.52 4403.87 4398.05 4394.54 4393.32 4392.55 4393.68 4395.8 4394.49 4389.68 4384.38 4379.1 4374.11 4369.25 4364.71 4360.89 4358.09 4357.35 4360.15
4351.82 4357.4 4366.32 4382.94 4393.92 4401.9 4409.68 4416.75 4423.66 4431.07 4441.85 4446.65 4444.98 4437.21 4428.64 4423.52 4420.18 4421 4423.65 4426.4 4430.78 4438.96 4448.07 4457.11 4463.45 4464.54 4465.39 4468.36 4469.1 4472.32 4475.88 4479.45 4482.77 4484.89 4484.7 4482.32 4483.79 4480.8 4479.82 4478.36 4474.62 4468.51 4463.67 4457.37 4449.29 4440.1 4430.82 4421.73 4413.2 4405.94 4400.63 4398.11 4397.06 4395.27 4396.84 4400.33 4399.19 4392.87 4386.79 4381.11 4375.57 4370.4 4365.47 4361.04 4357.37 4355.77 4357.44
4355.2 4358.88 4372.48 4392.92 4400.59 4407.58 4416.09 4423.23 4430.22 4436.37 4442 4445.62 4445.04 4438.9 4429.39 4422.06 4422.48 4423.34 4425 4426.7 4431.25 4439.06 4448.74 4459.27 4466.46 4468.46 4470.15 4470.83 4475.08 4478.45 4481.59 4484.23 4485.22 4485.27 4481.81 4473.15 4470.69 4478.43 4481.35 4483.63 4484.77 4481.06 4471.41 4461.56 4451.38 4441.45 4431.65 4422.43 4414.13 4406.52 4400.25 4395.67 4392.95 4393 4395.43 4398.92 4398.84 4393.22 4387.71 4382.44 4377.28 4372.11 4366.92 4361.93 4357.3 4353.94 4356.36
4359.68 4363.85 4377.79 4394.3 4404.26 4413.55 4421.68 4429.27 4435.86 4440.73 4442.11 4449.71 4449.48 4443.68 4435.26 4428.67 4427.53 4426.85 4426.03 4426.67 4430.85 4438.52 4447.34 4458.02 4466.62 4469.57 4473.19 4478.75 4480.74 4484.32 4486.44 4488.13 4488.59 4488.02 4487.13 4489.86 4482.71 4479.46 4482.97 4487.91 4492.54 4488.92 4476.85 4464.63 4452.99 4442.92 4432.58 4422.53 4413.84 4405.93 4398.89 4392.47 4387.52 4388.51 4391.23 4393.98 4394.34 4390.87 4387.21 4383.12 4378.43 4373.82 4368.8 4363.92 4359.12 4356.41 4358.8
