real_craters/C088-500m.grd
DSAA
123 123
-30.5375 30.5375
-30.5375 30.5375
3587.1824085184 4831.4077977622
[rows 90 to 119 of 123, columns 0 to 66 of 123]
4300.2 4303.39 4305.68 4304.93 4304.65 4304.5 4304.6 4305.21 4305.33 4304.2 4302.85 4301.91 4302.65 4305.43 4303.35 4304.08 4331.42 4336.66 4335.13 4334.35 4330.99 4326.18 4320.46 4316.21 4321.42 4325.9 4332.41 4337.76 4345.96 4354.57 4362.73 4371.09 4380.02 4395.74 4407.88 4406.49 4418.69 4427.55 4428.57 4425.44 4418.03 4401.92 4391.65 4406.64 4427.87 4426.21 4422.51 4421.45 4415.24 4413.2 4411.99 4410.95 4410.15 4406.54 4405.96 4398.95 4389.68 4382.41 4377.46 4375.16 4374.14 4373.72 4373.05 4372.77 4372.07 4371.7 4371.42
4301.99 4303.4 4302.77 4304.86 4304.4 4304.02 4303.8 4304.33 4304.61 4303.73 4302.5 4301.58 4303.2 4305.74 4303.57 4302.85 4317.29 4331.4 4350.52 4345.59 4338.18 4331.71 4325.58 4321.47 4321.15 4321.27 4328.95 4336.98 4345.18 4355.88 4366.07 4373.32 4379.72 4391.68 4402.69 4416.1 4433.8 4437.18 4428.65 4413.17 4401.37 4391.76 4382.42 4390.41 4407.79 4420.89 4415.32 4415.55 4419.88 4415.39 4412.26 4409.49 4403.92 4395.3 4384.15 4385.19 4382.41 4381.13 4377.03 4374.54 4373.76 4374.24 4377.43 4372.87 4370.01 4368.52 4368.64
4305.42 4304.9 4303.97 4304.62 4303.75 4302.89 4302.44 4302.92 4303.87 4303.31 4302.3 4301.76 4302.27 4305.55 4302.65 4300.72 4304.84 4320.81 4347.92 4345.52 4341.82 4338.61 4333.56 4327.81 4325.52 4322.21 4325.72 4334.38 4347.7 4358.9 4370.54 4378.28 4382.02 4391.28 4399.92 4419.37 4433.12 4431.98 4422.95 4408.19 4394.98 4388.02 4383.17 4374.99 4383.68 4403.85 4402.91 4401.63 4420.49 4414.94 4410.15 4406.41 4401.94 4394.73 4382.48 4380.5 4379.41 4372.72 4373.66 4373.84 4372.7 4371.85 4372.93 4369.2 4366.84 4365.68 4365.14
4304.62 4304.6 4305.2 4304.29 4303.09 4302.37 4302.08 4302.92 4303.84 4303.26 4302.09 4301.22 4303.19 4303.42 4301.27 4299.01 4305.45 4325.81 4330.55 4338.02 4341.45 4344.28 4347.12 4342.31 4332.02 4325.92 4327.96 4335.91 4350.81 4362.57 4373.83 4383.24 4392.08 4394.76 4402.25 4418.5 4426.77 4428.58 4420.79 4405.41 4391.5 4378.87 4370.73 4366.93 4364.16 4378.74 4396.62 4410.13 4409.08 4409.31 4406.5 4403.05 4399.42 4393.96 4385.98 4383.88 4384.13 4385.49 4379.4 4375.19 4371.83 4368.08 4362.57 4362.06 4363.63 4364.16 4364.71
4303.08 4303.64 4303.24 4302.09 4301.7 4301.56 4301.99 4304.57 4305.3 4304.16 4302.47 4300.48 4296.76 4301.78 4300.88 4301.11 4306.99 4332.55 4325.62 4330.25 4338.5 4346.64 4352.44 4348.44 4336.95 4325.72 4326.43 4339.97 4354.12 4366.54 4377.03 4386.23 4396.5 4399.96 4401.05 4409.58 4421.94 4422.19 4416.34 4407.22 4390.77 4376.85 4369.43 4367.47 4363.25 4371.16 4388.75 4397.73 4398.7 4402.05 4401.36 4399.61 4398.59 4397.09 4392.47 4391.29 4388.57 4386.23 4381.31 4377.04 4372.42 4367.04 4362.11 4360.71 4362.99 4365.04 4366.04
4304.97 4303.28 4301.01 4299.81 4300.03 4299.85 4300.42 4304.48 4305.93 4305.08 4303.26 4301.28 4300.59 4298.6 4301.94 4306.55 4317.97 4320.42 4317.21 4321.99 4332.59 4344.55 4359.36 4352.67 4340.93 4333.46 4335.58 4345.77 4358.42 4371.35 4381.96 4392.15 4400.48 4402.47 4398.85 4403.14 4410.88 4412.29 4411.05 4400.17 4388.39 4377.17 4369.93 4367.09 4363.96 4368.74 4379.73 4392.27 4400.07 4394.84 4393.46 4394.38 4397.68 4401.32 4402.14 4399.22 4392.01 4386.22 4383.42 4379.48 4374.66 4369.62 4364.48 4363.25 4364.59 4366.22 4368.24
4304.95 4303.51 4302.69 4302.13 4299.74 4298.88 4299.89 4305.2 4306.83 4306.1 4304.39 4301.97 4299.06 4300.69 4303.48 4308.75 4315.87 4322.44 4310.2 4318.09 4327.53 4336.21 4339.03 4344.88 4341.96 4336.91 4341.34 4350.36 4364.31 4374.51 4383.81 4392.53 4397.21 4400.46 4396.83 4397.77 4400.12 4398.71 4392.53 4388.71 4382.93 4374.73 4370.32 4367.91 4364.31 4364.78 4368.63 4374.06 4377.95 4379.62 4382.52 4386.53 4392.58 4401 4410.12 4403.6 4395.8 4390.54 4387.15 4383.58 4379.5 4375.27 4371.62 4369.44 4369.24 4369.7 4370.2
4303.74 4303.06 4303.03 4301.25 4297.94 4296.09 4300.01 4305.25 4307.69 4307.27 4305.58 4303.3 4300.73 4301.23 4303.24 4307.9 4315.73 4329.06 4325.45 4319.87 4323.92 4331.63 4337.85 4342.49 4344.52 4344.09 4346.22 4357.15 4370.04 4376.27 4383.52 4388.19 4392.98 4398.32 4396.04 4394.77 4390.27 4387.76 4388.55 4389.17 4382.04 4376.08 4372.14 4368.71 4362.74 4361.59 4361.77 4360.17 4356.46 4364.37 4370.45 4375.57 4382.59 4392.53 4398.02 4399.54 4396.29 4393.4 4392.2 4389.41 4385.42 4381.45 4378.24 4376.43 4375.09 4373.59 4373.12
4302.47 4302.92 4302.98 4302.67 4296.03 4289.97 4289.85 4303.49 4306.85 4308.02 4306.76 4304.9 4302.51 4301.13 4302 4303.53 4303.86 4308.33 4307.91 4310.18 4318.35 4328.64 4339.52 4344.83 4350.4 4355.51 4362.61 4364.85 4368.46 4376.68 4385.62 4392.2 4396.6 4397.47 4401.5 4395.49 4391.04 4387.85 4386.68 4385.87 4379.79 4373.88 4372.85 4370.34 4362.48 4360.41 4359.29 4356.83 4355.66 4358.23 4361.78 4364.82 4368.03 4374.15 4389 4398.11 4401.96 4401.46 4398.65 4394.9 4391.16 4387.84 4384.91 4381.94 4381.2 4379.39 4377.33
4303.26 4303.29 4303.41 4300.85 4295.61 4287.34 4284.91 4304.75 4308.3 4308.62 4307.51 4306.11 4304.27 4301.4 4300.24 4300.48 4300.87 4301.77 4302.56 4305.74 4314.07 4323.35 4333.37 4345.3 4356.52 4367.58 4372.85 4370.05 4373.98 4377.31 4390.05 4400.7 4403.11 4411.08 4402.23 4398.24 4393 4386.64 4386.78 4383.45 4378.43 4374.59 4372.75 4370.54 4364.4 4360.89 4358.78 4357.04 4357.16 4357.12 4356.69 4356.06 4354.32 4352.56 4372.66 4393.23 4407.99 4408.43 4403.68 4399.26 4395.18 4392.8 4390.77 4389.34 4385.98 4383.34 4380.8
4302.28 4302.44 4304.03 4305.59 4299.47 4290.84 4290 4304.49 4307.57 4308.96 4307.33 4305.46 4302.46 4299.8 4298.46 4299.2 4300.76 4302.66 4302.75 4305.08 4312.2 4321.03 4331.6 4344.91 4358.78 4374.32 4378.54 4380.04 4378.97 4387.89 4395.31 4400.89 4405.79 4408.5 4403.92 4404.58 4404.16 4400.73 4387.13 4379.69 4377.18 4374.71 4372.56 4369.26 4366.11 4362.09 4358.77 4357.91 4357.12 4355.65 4353.91 4351.9 4350.09 4352.06 4367.05 4388.35 4406.04 4408.34 4403.82 4400.38 4397.78 4396.33 4394.4 4390.19 4389.96 4387.23 4382.85
4302.66 4301.44 4303.22 4305.02 4301.61 4297.43 4300.64 4308.68 4308.75 4307.39 4305.95 4303.27 4300.58 4296.59 4297.32 4299.56 4301.1 4302.61 4302.13 4304.69 4312.24 4322.58 4332.75 4343.5 4355.66 4368.43 4374.82 4376.99 4381.32 4390.09 4396.38 4398.69 4415.08 4419.9 4409.77 4410.39 4413.87 4414.95 4388.44 4380.36 4377.43 4375.17 4373.15 4369.62 4365.65 4363.59 4361.36 4359.17 4357.28 4355.1 4353.03 4351.28 4350.57 4352.81 4359.83 4374.67 4403.25 4399.77 4397.78 4396.3 4396 4397.17 4399.32 4402.7 4398.2 4390.56 4385.56
4302.19 4300.61 4302.04 4303.05 4302.81 4302.72 4304.94 4308.13 4308.22 4306.65 4303.83 4300.41 4296.61 4294.27 4297.18 4300.89 4302.56 4301.63 4303.2 4303.73 4311.27 4325.14 4333.22 4340.1 4348.39 4361.04 4368.05 4375.1 4382.27 4388.15 4392.69 4396.25 4398.84 4410.53 4410.26 4410.31 4411.79 4406.78 4385.06 4379.83 4377.14 4374.68 4372.19 4368.05 4365.53 4364.71 4363.6 4360.69 4357.79 4355.22 4353.26 4351.94 4351.47 4351.42 4351.39 4355.37 4369.78 4382.28 4387.3 4389.6 4392.11 4394.71 4399.49 4405.51 4400.53 4390.76 4384.76
4300.42 4299.43 4301.13 4303.23 4303.71 4302.87 4300.47 4305.82 4306.63 4305.9 4302.93 4299.17 4296.05 4296.24 4298.4 4303.25 4310.49 4305.3 4303.8 4305.83 4310.27 4305.44 4324.77 4336.23 4341.47 4342.65 4362.67 4376.6 4381.27 4382.55 4378.73 4377.27 4377.93 4390.5 4399.82 4404.54 4406.53 4403.49 4382.1 4382.24 4379.7 4374.89 4371.33 4367.17 4366.27 4366.76 4365.16 4362.32 4358.89 4355.95 4353.87 4352.87 4352.46 4351.27 4348.73 4348.06 4353.42 4366.45 4375.53 4380.61 4384.25 4387.77 4391.03 4393.29 4390.39 4385.42 4381.79
4299.29 4299.18 4300.39 4302.65 4304.07 4301.58 4309.17 4307.16 4306.27 4304.46 4302.22 4299.88 4297.42 4296.33 4298.17 4302.35 4305.95 4303.98 4304.14 4304.5 4314.27 4331.01 4334.99 4338.48 4342.3 4348.95 4360.64 4370.78 4374.15 4371.82 4372.37 4372.2 4373.68 4378.43 4389.57 4398.38 4402.56 4398.62 4394.31 4383.23 4374.33 4372.72 4371.72 4366.21 4367.31 4368.69 4367.9 4364.19 4359.89 4356.25 4354.33 4353.46 4353.59 4351.84 4349.05 4347.69 4350.17 4358.8 4366.42 4373.32 4377.46 4379.03 4379.93 4376.92 4376.74 4376.91 4373.43
4298.15 4298.26 4299.52 4300.43 4298.3 4298.48 4307.12 4306.53 4304.97 4304.17 4302.68 4300.78 4298.99 4297.5 4298.03 4300.09 4300.56 4302.47 4307.61 4304.3 4315.14 4334.35 4339.65 4342.97 4346 4349.9 4361.32 4370.88 4369.55 4370.2 4372.28 4371.83 4372.42 4376.39 4385.67 4395.71 4403.13 4407.54 4404 4383.41 4370.62 4371.58 4371.33 4366.26 4370.82 4373.62 4371.12 4366.43 4361.38 4357.38 4354.45 4353.41 4353.18 4352.08 4350.54 4349.33 4351.05 4355.9 4360.97 4365.2 4370.15 4370.83 4371.5 4370.91 4369.91 4368.41 4364.4
4298.49 4298.58 4299.55 4298.93 4297.93 4298.35 4302.83 4304.19 4304.04 4303.54 4302.64 4302.02 4299.99 4298.49 4298.34 4298.7 4300.87 4302.01 4304.57 4304.68 4313.89 4328.6 4341.32 4347.61 4352.28 4356.77 4365.02 4370.52 4369.13 4371.17 4371.11 4371.1 4372.16 4373.93 4383.03 4394.05 4403.68 4408.84 4396.19 4377.01 4370.64 4374.16 4380.17 4381.31 4379.32 4376.11 4373.82 4368.7 4362.45 4356.16 4353.56 4352.51 4352.34 4351.8 4352.04 4354.89 4354.83 4354.5 4356.77 4360.71 4362.94 4364.01 4364.42 4365.18 4364.55 4358.28 4354.6
4299.07 4299.71 4299.77 4298.72 4297.83 4297.1 4298.91 4301.87 4302.72 4302.97 4302.48 4301.25 4299.83 4297.43 4296.15 4297.15 4299.45 4301.94 4304.24 4307.04 4318.98 4335.15 4346.26 4353.48 4359.15 4364.44 4368.33 4372.08 4371.3 4371.34 4372.64 4370.73 4370.95 4371.31 4380.54 4391.54 4402.22 4407.75 4393.53 4374.44 4369.43 4375.55 4382.81 4389.41 4387.76 4387.49 4379.12 4371.52 4364.06 4357.25 4353.7 4351.9 4350.84 4351.51 4352.07 4351.44 4350.94 4351.89 4353.65 4354.88 4355.75 4356.31 4355.49 4354.52 4352.54 4347.77 4343.91
4298.48 4299.16 4298.8 4298.36 4298.3 4298.82 4299.93 4300.74 4301.38 4301.74 4302.15 4301.69 4299.6 4297.05 4294.97 4296.7 4299.27 4304.88 4309.68 4316.76 4330.96 4346.42 4353.27 4359.18 4363.8 4367 4369.27 4369.8 4370.04 4370.39 4369.12 4370.47 4372.4 4369.31 4377.51 4387.62 4398.07 4405.73 4389.41 4372.7 4371.77 4378.29 4384.07 4388.67 4390.97 4389.34 4382.57 4373.97 4366.15 4359.69 4355.67 4353.02 4351.66 4352.86 4353.45 4349.59 4348.33 4350.55 4350.76 4352.01 4351.81 4350.56 4347.74 4341.68 4334.1 4336.74 4335.53
4299.65 4298 4298.09 4298.17 4297.91 4298.09 4299.63 4300.19 4300.59 4300.87 4301.22 4301.65 4299.62 4297.97 4297.58 4297.88 4301.37 4310.34 4319.99 4330.37 4343.2 4353.06 4357.64 4363.29 4372.29 4373.74 4369.79 4367.27 4368.85 4366.54 4367.6 4367.79 4370.62 4369.55 4375.67 4383.45 4389.13 4389.66 4377.59 4369.7 4374.69 4381.19 4388.93 4388.57 4390 4391.06 4382.28 4373.94 4366.81 4361.24 4357.74 4356.13 4355.15 4356.73 4357.93 4359.07 4354.77 4352.34 4351.76 4350.67 4349.38 4346.93 4343.46 4338.56 4334.43 4333.03 4331.48
4303.55 4303.08 4299.5 4298.52 4298.93 4299.09 4299.43 4299.67 4299.73 4299.91 4300.21 4299.78 4299.2 4298.43 4298.04 4299.09 4305.52 4315.98 4330.64 4338.54 4343.33 4352.16 4357.54 4361.88 4364.9 4367.86 4367.85 4367.24 4366.32 4363.3 4365.94 4366.34 4370.48 4370.92 4375.38 4380.02 4382.04 4377.68 4371.61 4369.73 4375.81 4374.06 4369.83 4374.9 4379.53 4381.86 4377.03 4371.34 4365.96 4361.88 4360.06 4360.95 4361.86 4361.3 4361.98 4360.07 4358.31 4354.51 4351.52 4349.16 4347.44 4345.56 4342.98 4339.93 4336.63 4334.28 4331.48
4303.88 4299.93 4296.73 4298.78 4299.42 4299.36 4299 4298.43 4298.64 4298.58 4299.13 4299.69 4298.62 4298.34 4298.54 4291.77 4292.79 4317.54 4335.96 4344.53 4347.67 4353.05 4355.84 4358.82 4360.6 4362.95 4364.37 4364.45 4366.76 4365.27 4363.73 4366.89 4370.57 4372.7 4375.78 4379.29 4382.38 4382.87 4376.78 4371.25 4373.65 4368.4 4362.38 4364.15 4366.22 4367.46 4369.64 4367.72 4364.54 4361.39 4360.08 4363.27 4364.79 4363.17 4363.73 4364.35 4361.15 4353.52 4350.02 4348.02 4346.3 4344.94 4343.55 4341.82 4339.94 4337.25 4333.26
4301.75 4300.53 4300.51 4299.78 4300.19 4299.38 4298.18 4297.62 4297.33 4297.36 4296.69 4296.22 4297.51 4297.9 4298.37 4301.29 4308.35 4321.21 4337.71 4349.78 4353.22 4351.99 4353.48 4355.59 4357.59 4359.93 4361.78 4362.7 4364.21 4363.91 4364.61 4366.51 4372.32 4373.87 4375.94 4378.75 4382.41 4385.46 4383.94 4378.7 4366.84 4364.83 4362.66 4361.14 4362.39 4363.97 4365.31 4364.83 4363.22 4361.18 4360.39 4361.37 4362.27 4361.11 4358.58 4355.79 4350.47 4348.66 4347.53 4346.35 4345.26 4344.22 4343.36 4343.39 4345.17 4341.7 4336.12
4301.2 4302.65 4300.88 4299.63 4298.38 4298.15 4296.19 4296.01 4296.21 4296.62 4297.23 4297.2 4297.16 4297.48 4297.74 4301 4310.21 4323.45 4338.51 4351.42 4363.91 4350.83 4351.69 4352.93 4353.79 4356.96 4359.54 4362.23 4365.21 4365.01 4365.64 4368.73 4372.71 4374.24 4375.33 4376.26 4377.99 4381.32 4384.82 4379.54 4364.23 4360.78 4356.3 4359.24 4363.17 4364.2 4364.13 4363.76 4362.8 4361.44 4360.06 4362.81 4362.57 4359.33 4353.5 4349.56 4348.58 4347.07 4345.75 4344.59 4343.36 4342.36 4341.88 4341.97 4342.84 4340.39 4336.97
4299.28 4297.41 4298.88 4298.51 4296.78 4294.38 4293 4295.26 4296 4296.3 4297.08 4297.16 4296.95 4297.48 4298.15 4300.98 4310.06 4322.43 4336.05 4350.87 4351.69 4350.94 4350.56 4350.86 4353.69 4353.88 4356.77 4360.61 4364.18 4366.15 4367.7 4372.31 4372.11 4372.66 4372.41 4372.75 4371.1 4370.18 4370.97 4368.09 4361.4 4359.91 4356.68 4358.65 4361.19 4363.13 4363.5 4363.35 4363.27 4363.32 4365.23 4366.96 4365.01 4359.93 4354.47 4350.28 4348.06 4346.19 4344.76 4343.59 4342.36 4341.25 4340.27 4338.34 4335.64 4334.99 4336.73
4298.14 4297.22 4298.66 4297.38 4295.82 4298.04 4297.24 4296.44 4296.17 4295.88 4295.01 4295.92 4296.81 4297.77 4298.3 4302.39 4309.22 4319.8 4331.78 4344.65 4347.55 4350.53 4350 4347.25 4346.62 4350.22 4354.05 4358.43 4363.56 4368.25 4372.99 4373.82 4373.81 4372.16 4370.78 4370.59 4371.56 4370.18 4366.06 4361.61 4358.98 4359.53 4359.16 4359.69 4361.43 4362.93 4363.75 4363.73 4363.8 4364.47 4366.32 4370.98 4366.62 4361.05 4355.53 4351.5 4348.12 4345.88 4344.45 4343.29 4341.96 4340.64 4338.65 4336.07 4333.4 4333.74 4337.5
4297.78 4297.28 4296.56 4295.39 4292.84 4298.1 4299.53 4297.84 4296.81 4296.15 4296.78 4295.58 4295.57 4296.26 4297.44 4299.82 4306.67 4316.95 4327.28 4336.19 4349.32 4354.83 4351.22 4345.45 4343.52 4348.15 4352.72 4356.61 4360.47 4372.52 4375.2 4377.43 4375.07 4372.42 4370.58 4368.64 4366.86 4366.8 4365.74 4362.15 4357.79 4360.02 4359.97 4361.04 4362.55 4363.91 4364.66 4364.72 4364.57 4364.96 4366.41 4365.68 4364.91 4361.52 4357.65 4353.52 4350.56 4348.32 4345.54 4343.73 4341.96 4340.37 4337.8 4335.23 4332.93 4333.49 4338.33
4297.83 4297.57 4296.21 4296.59 4300 4298.18 4298.1 4297.47 4296.77 4296.19 4295.22 4295.37 4294.79 4294.65 4294.52 4295.06 4302.52 4312.6 4323.45 4334.01 4344.92 4357.22 4353.36 4346.74 4345.18 4349.86 4354.17 4358.18 4363.15 4373.92 4376.02 4377.48 4374.52 4372.01 4369.02 4367.34 4365.95 4366.86 4368.21 4362.18 4359.58 4360.45 4360.81 4363.74 4363.95 4365.89 4365.79 4365.31 4364.91 4364.58 4363.56 4365.03 4363.63 4361.45 4358.69 4354.98 4351.93 4349.06 4346.52 4344.3 4342.49 4340.36 4338.17 4335.63 4333.92 4334.28 4337.68
4297.47 4297.5 4297.84 4297.79 4299.31 4298.11 4296.97 4296.77 4296.5 4296.35 4296.58 4295.14 4294.33 4293.57 4293.02 4293.96 4299.43 4308.04 4318.83 4331.89 4340.42 4353.83 4354.79 4355.84 4354.15 4355.02 4358.68 4362.44 4365.76 4374.32 4377.6 4380.29 4375.89 4372.45 4369.09 4367.72 4367.45 4367.73 4369.47 4364.94 4360.73 4360.88 4363.09 4368.87 4373.04 4368.68 4366.84 4365.83 4364.99 4364.27 4363.1 4362.85 4362.7 4361.34 4358.46 4355.85 4352.77 4349.57 4347.34 4345.34 4343.3 4341.14 4338.92 4336.71 4334.98 4334.34 4335.48
4296.92 4296.3 4295.93 4297.34 4296.91 4296.93 4296.66 4296.17 4296.09 4295.93 4295.16 4294.76 4293.9 4293.06 4292.26 4292.49 4296.56 4303.09 4312.05 4325.25 4341.48 4352.4 4354.81 4353.8 4356 4359.49 4363.89 4368.68 4373.07 4378.32 4380.47 4380.96 4378.07 4373.78 4370.47 4368.26 4367.25 4367.14 4365.55 4364.11 4361.01 4360.26 4363.6 4366 4367.47 4367.57 4366.52 4365.79 4365.1 4364.67 4363.65 4362.53 4362.02 4361.58 4360.52 4356.99 4354.04 4350.76 4349.1 4347.24 4344.94 4342.81 4340.82 4339.07 4337.05 4334.65 4335.24
