real_craters/C088-300m.grd
DSAA
205 205
-30.5375 30.5375
-30.5375 30.5375
3587.0783943371 4840.3593495706
[rows 60 to 89 of 205, columns 0 to 66 of 205]
4321.52 4321.17 4322.91 4322.36 4322.72 4322.91 4323.78 4321.7 4316.43 4308.58 4298.16 4283.57 4260.32 4217.63 4176.09 4197.96 4266.62 4325.38 4342.32 4342.09 4339.75 4337.83 4338.06 4342.15 4345.01 4346.76 4350.14 4351.8 4347.54 4341.84 4339.67 4344.12 4353.71 4363.02 4365.37 4366.26 4362.73 4361.13 4361.29 4363.78 4368.49 4374.12 4378.18 4378.32 4376.62 4373.73 4370 4365.94 4363.13 4359.61 4351.56 4342.39 4338.9 4337.22 4336.66 4336.68 4337.71 4343 4348.13 4353.68 4359.33 4365.22 4370.43 4374.9 4377.79 4378.07 4374.19
4321.78 4322.6 4323.04 4323.5 4324.34 4325.01 4324.13 4323.09 4317.4 4308.42 4296.75 4280.86 4256.66 4217.88 4184.73 4217.38 4281.99 4324.66 4338.82 4339.19 4337.41 4335.12 4333.48 4333.48 4338.32 4342.91 4345.32 4344.06 4341.31 4337.71 4332.35 4332.48 4347.15 4356.19 4359.32 4359.06 4358.94 4358.82 4358.61 4358.21 4358.59 4371.08 4378.25 4379.12 4377.63 4374.88 4371.6 4368.1 4363.98 4357.35 4349.31 4341.81 4338.64 4336.96 4336.01 4335.61 4337.54 4342.5 4348.54 4355.01 4361.43 4367.46 4372.9 4377.9 4381.26 4381.01 4369.99
4321.53 4322.06 4323.45 4323.08 4323.7 4324.2 4324.02 4324.87 4319.11 4310.64 4301.35 4291.27 4281.81 4280.44 4305.14 4332.96 4332.42 4330.13 4333 4334.04 4333.57 4331.84 4329.31 4328.88 4334.29 4339.44 4342.32 4342.3 4340.4 4336.48 4333.12 4338 4345.1 4353.85 4355.07 4353.22 4354.55 4356.19 4357.59 4358.32 4361.25 4375.39 4380.31 4379.85 4377.35 4374.68 4371.8 4368.5 4363.79 4354.41 4347.18 4341.68 4339.51 4337.72 4336.3 4335.37 4337.22 4342.86 4349.28 4356.06 4362.22 4368.89 4375.11 4379.89 4383.85 4382.76 4372.44
4321.06 4321.29 4323.1 4322.37 4322.67 4323.15 4323.84 4322.08 4318.46 4313.66 4308.23 4305.1 4307.48 4323.52 4354.79 4345.98 4333.66 4327.34 4325.48 4329.06 4331.24 4331.62 4329.48 4327.93 4333.45 4338.42 4341.74 4343.6 4342.42 4335.98 4331.6 4331.59 4340.05 4350.84 4350.79 4348.94 4351.77 4355.16 4357.78 4362.01 4371.58 4379.74 4379.88 4378.1 4376 4373.83 4371.34 4368.39 4363.46 4357.11 4350.23 4345.44 4341.94 4339.74 4337.81 4336.84 4338.96 4343.98 4350.32 4356.71 4363.29 4369.27 4375.67 4380.89 4385.41 4385.9 4375.9
4320.98 4321.14 4321.75 4322.83 4323.28 4321.87 4321.54 4320.18 4318.31 4316.15 4314.5 4315.26 4320.07 4329.64 4334.93 4333.85 4327.69 4323.44 4321.96 4326.53 4330.41 4333.72 4335.76 4335.12 4336.54 4339.76 4342.06 4342.55 4339.45 4335.02 4328.47 4324.22 4330.71 4339.28 4344.78 4347.74 4351.8 4354.71 4357.43 4360.56 4364.09 4370.67 4374.58 4374.93 4374.02 4372.26 4370.3 4367.96 4365.91 4359.5 4353.45 4348.47 4345.56 4342.8 4340.5 4339.1 4341.15 4346.11 4351.6 4357.77 4363.93 4370.23 4375.79 4380.64 4384.13 4381 4368.43
4320.83 4321.26 4320.24 4322.31 4322.58 4321.86 4321.16 4319.54 4318.01 4318.21 4319.26 4321.36 4324.99 4330.16 4333.66 4331.31 4325.98 4324.15 4324.1 4327.77 4331.67 4335.14 4340.16 4340.55 4340.27 4341.88 4343.52 4344.51 4343.7 4336.38 4327.09 4320.18 4325.9 4334.92 4339.6 4347.98 4352.53 4355.07 4357.28 4358.82 4359.25 4364.14 4369.18 4370.85 4370.83 4369.67 4368.34 4366.12 4363.19 4360.27 4356.25 4353.7 4349.98 4346.43 4344.18 4343.4 4345.08 4348.99 4353.9 4359.17 4364.76 4370.06 4374.72 4378.97 4380.25 4375.7 4365.93
4319.91 4320.2 4319.9 4320.53 4320.52 4321.34 4320.79 4320.2 4320.18 4320.28 4321.42 4324.07 4326.91 4329.71 4331.61 4330.83 4328.57 4328.81 4328.34 4331.11 4333.01 4334.45 4337.33 4340.04 4341.87 4343.46 4345.15 4345.88 4344.94 4337.49 4328.6 4319.31 4320.93 4329.21 4336.84 4345.94 4352.17 4354.7 4357.35 4359.86 4362.76 4363.68 4366.43 4368.23 4368.6 4367.24 4366.49 4364.88 4361.41 4358.56 4357.41 4355.54 4352.93 4349.94 4347.95 4347.72 4348.93 4352.04 4355.93 4361.01 4365.6 4370.59 4374.28 4376.81 4375.2 4367.98 4365
4318.5 4318.87 4318.78 4318.54 4319.92 4319.8 4319.59 4319.89 4320.83 4321.23 4322.62 4324.7 4326.12 4328.34 4330.25 4332.16 4334.86 4335.97 4338.07 4336.38 4334.52 4333.54 4334.98 4339.91 4342.73 4344.79 4346.47 4346.76 4343.75 4339.78 4333.12 4326.96 4319.06 4323.11 4332.21 4340.67 4347.73 4353.42 4357.68 4360.96 4363.73 4365.13 4365.24 4365.61 4365.73 4365.28 4365.13 4364.67 4364.55 4362.35 4358.61 4355.69 4353.91 4353.77 4351.87 4349.1 4351.91 4355.17 4358.68 4361.97 4365.54 4369.81 4374.09 4377.66 4378.29 4372.82 4370.96
4318.27 4318.47 4318.71 4318.71 4318.1 4318.04 4318.1 4318.69 4319.44 4320.48 4322.05 4323.77 4326.18 4327.49 4328.32 4330.65 4336.78 4340.51 4342.14 4339.78 4336.55 4333.56 4330.78 4339.96 4343.54 4346.06 4348.06 4349.6 4350.41 4346.52 4337.37 4328.44 4321.66 4320.43 4325.49 4336.1 4345.26 4352.91 4358.15 4361.8 4363.39 4362.92 4362.81 4363.23 4363.72 4363.76 4363.69 4363.65 4363.56 4361.38 4359.3 4359.32 4360.47 4359.81 4358.85 4357.49 4357.6 4358.69 4360.67 4362.76 4365.38 4369.17 4373.5 4379.57 4388.49 4392.01 4381.31
4319.52 4319.23 4318.73 4318.47 4318.43 4318.4 4318.39 4318.6 4319.03 4320.16 4322.03 4323.73 4325.15 4326.15 4327.23 4329.9 4338.67 4343.15 4342.35 4340.45 4338.75 4336.8 4338.08 4341.46 4343.95 4346.02 4348.42 4350.87 4353.06 4349.99 4339.53 4329.33 4320.44 4321.05 4326.92 4337.46 4347.69 4353.87 4358.81 4362.85 4365.52 4361.07 4359.46 4359.9 4360.98 4361.67 4362.39 4362.3 4359.28 4354.77 4359.2 4363.61 4366.29 4364.31 4364.64 4365.39 4362.45 4361.37 4361.95 4363.23 4365.15 4367.9 4370.69 4375.93 4383.56 4388.04 4387.65
4319.77 4319.19 4318.54 4318.22 4318.02 4318.23 4318.3 4318.41 4318.37 4319.69 4321.59 4323.25 4324.87 4326.48 4328.48 4332.47 4341.81 4345.97 4343.06 4341.6 4342.28 4340.72 4339.35 4342.1 4343.53 4345.27 4346.75 4348.67 4350.27 4348.24 4338.08 4328.78 4319.5 4322.02 4329.7 4340.18 4348.3 4354.67 4359.14 4362.29 4363.6 4357.75 4355.62 4356.63 4358.23 4359.7 4360.88 4362.31 4363.58 4360.29 4360.16 4362.25 4363.11 4364.7 4365.47 4365.09 4363.5 4362.38 4362.33 4363.08 4363.96 4365.4 4367.51 4369.1 4370.48 4381.64 4391.17
4318.01 4318.07 4317.91 4317.84 4317.79 4318.01 4318.44 4318.87 4319.12 4320.44 4322.23 4323.64 4325.11 4327.21 4330.16 4334.42 4342.19 4347.51 4348.07 4348.25 4348.45 4347.61 4345.8 4343.48 4342.64 4342.84 4343.4 4343.95 4343.08 4338.94 4332.89 4325.84 4320.09 4323.7 4335.95 4343.47 4351.4 4355.95 4358.76 4360.38 4358.76 4352.07 4352.11 4354.11 4356.02 4357.93 4359.68 4362.14 4364.07 4360.56 4361.28 4363.05 4364.49 4364.86 4364.17 4363.62 4362.73 4362.04 4361.83 4361.92 4362.77 4363.8 4364.72 4365.9 4368.25 4377.34 4392.06
4316.21 4316.84 4317.29 4317.44 4317.54 4318 4318.69 4319.83 4321.51 4323.14 4323.52 4324.21 4325.58 4328.1 4331.61 4336.83 4343.07 4349.17 4354.86 4357.75 4353.26 4352.39 4346.36 4341.97 4340.56 4340.07 4339.42 4338.7 4336.4 4333.05 4328.92 4323.9 4319.76 4324.98 4333.46 4343.25 4351.06 4354.87 4358.03 4359.64 4357.57 4351.48 4351.7 4353.77 4355.28 4356.85 4358.32 4360.34 4362.57 4362.55 4362.33 4364.06 4367 4365.38 4362.38 4361.37 4361.67 4361.41 4361.05 4361.23 4361.78 4362.61 4363.78 4366.29 4369.54 4378.69 4394.21
4316.54 4316.65 4316.9 4317.04 4317.27 4317.9 4318.6 4319.96 4322.79 4325.82 4323.56 4324.03 4325.66 4328.42 4332.87 4338.18 4345.22 4352.67 4357.72 4356.58 4351.22 4345.3 4340.47 4338.53 4337.71 4337.02 4335.82 4334.23 4332 4329.74 4325.84 4323.37 4323.47 4327.32 4337.96 4345.82 4347.36 4351.87 4357.94 4361.57 4361.55 4359.09 4355.89 4354.46 4354.95 4356.01 4356.98 4357.53 4356.89 4358.47 4359.74 4362.37 4364.84 4363.45 4361.37 4361.02 4361.13 4361.49 4361.42 4361.1 4361.03 4361.7 4363.59 4367.63 4376.49 4385.28 4398.43
4317.46 4316.88 4316.7 4316.7 4316.96 4317.71 4318.28 4319.04 4319.56 4318.15 4321.11 4322.68 4324.7 4327.78 4332.39 4337.97 4347.78 4358.85 4360.22 4356.76 4346.81 4336.63 4336.38 4335.99 4335.28 4334.34 4332.63 4330.4 4327.52 4323.57 4321.51 4321.36 4320.85 4327.39 4339.33 4348.69 4352.48 4356.68 4359.18 4361.61 4362.77 4357.9 4354.76 4354.18 4354.61 4355.32 4356.21 4356.78 4356.76 4355.78 4356.95 4359.94 4360.65 4360.7 4360.24 4360.84 4361.34 4361.59 4361.25 4361.33 4361.37 4361.91 4362.99 4365.69 4370.25 4382.87 4397.45
4317.15 4316.78 4316.65 4316.6 4316.59 4316.83 4317.19 4317.51 4317.89 4318.55 4319.61 4321.26 4323.21 4325.9 4330.11 4335.79 4346.32 4360.47 4359.06 4350.37 4342.06 4336.17 4335.64 4334.35 4333.57 4332.29 4330.42 4327.77 4324.53 4321.31 4319.85 4320.37 4321.67 4325.95 4338.8 4350.23 4357.71 4360.93 4359.85 4356.45 4354.45 4353.12 4352.41 4354.06 4354.68 4355.09 4355.54 4356.61 4358.38 4358.83 4360.55 4359.57 4358.99 4359.41 4361.64 4362.08 4361.96 4362.62 4362.53 4362.72 4362.5 4362.98 4363.65 4366.57 4369.79 4383.81 4398.25
4316.72 4316.61 4316.51 4316.27 4316.2 4316.58 4316.66 4316.84 4317.38 4318 4318.79 4319.85 4321.44 4323.75 4327.03 4331.01 4338.38 4354.35 4357 4347.56 4339.18 4332.47 4331.11 4333.72 4333.27 4331.97 4329.4 4326.37 4322.9 4320.01 4318.26 4318.4 4320.58 4325.61 4338.56 4351.79 4359 4361.87 4362.32 4358.14 4355.29 4356.78 4357.43 4355 4354.97 4355.68 4356.1 4354.38 4354.85 4359.44 4361.94 4359.23 4357.49 4356.24 4358.53 4362.6 4363.89 4364.24 4364.28 4364.23 4364.55 4364.69 4365.35 4367.53 4377.26 4389.86 4407.27
4317.07 4316.71 4316.39 4316.11 4315.75 4315.61 4315.89 4315.98 4316.5 4317.17 4317.94 4318.67 4319.91 4321.57 4323.85 4327.23 4334.49 4352.79 4355.92 4347.6 4342.58 4338 4337.76 4337.57 4335.63 4332.7 4329.33 4325.94 4322.21 4318.43 4315.49 4316.03 4315.54 4322.66 4336.57 4352.55 4360.3 4368.24 4367.89 4365.55 4362.39 4358.58 4354.41 4354.98 4355.44 4356.88 4358.92 4360.68 4360.6 4359.56 4354.8 4360.14 4360.07 4360.1 4363.13 4365.89 4366.55 4367.01 4367.27 4367.53 4367.35 4367.85 4368.42 4368.87 4378.27 4393.3 4405.9
4317.6 4317.15 4316.75 4316.06 4315.58 4315.22 4315.14 4315.14 4315.91 4317.16 4317.44 4317.38 4318.36 4319.89 4321.76 4324.87 4331 4342.59 4350.25 4353.02 4354.71 4357.62 4351.82 4344.42 4338.89 4334.36 4329.53 4325.43 4321.77 4318.63 4317.29 4317.57 4314.74 4319.63 4330.66 4341.85 4352.7 4365.51 4370.35 4372.9 4368.94 4362.3 4357.79 4355.49 4355.62 4357.36 4361.19 4367.01 4366.22 4363.96 4368.78 4365.11 4367.55 4373.59 4375.94 4371.92 4370.21 4369.75 4369.58 4370.34 4371.38 4372.27 4374.43 4380.45 4391.6 4395.13 4403.71
4318.26 4317.6 4317.08 4316.34 4315.81 4315.18 4315.03 4314.68 4314.78 4315.03 4314.98 4315.49 4316.91 4318.47 4320.37 4323.03 4327.41 4338.31 4349.07 4351.76 4353.19 4360.3 4356.45 4347.83 4341.17 4335.22 4330.14 4325.53 4321.93 4319.2 4318.1 4317.98 4317.82 4320.17 4327.99 4330.33 4343.4 4353.99 4367.47 4378.09 4374.33 4365.88 4359.72 4355.33 4354.73 4355.6 4358.32 4366.35 4364.62 4363.39 4360.71 4366.31 4370.87 4375.5 4375.51 4373.57 4372.45 4371.85 4372.44 4372.82 4373.94 4376.06 4379.19 4382.41 4387.46 4391.06 4395.16
4318.48 4317.77 4317.17 4316.65 4316.07 4315.33 4314.99 4314.35 4313.63 4312.5 4311.31 4314.11 4316.01 4317.68 4319.67 4322.47 4326.45 4338.23 4349.86 4347.48 4345.91 4351.28 4350.97 4346.02 4340.49 4334.26 4328.86 4324.77 4321.19 4318.57 4317.34 4314.86 4321.06 4329.89 4337.41 4343.29 4347.87 4352.78 4366.8 4380.5 4376.02 4365.89 4353.59 4353.92 4354.2 4353.14 4350.77 4345.52 4355.44 4361.53 4367.8 4369.64 4369.46 4368.71 4371.39 4372.31 4372.84 4373.17 4373.63 4374.59 4376.56 4378.97 4382.58 4386.37 4384.02 4386.16 4388.75
4318.42 4317.98 4317.51 4316.87 4316.31 4315.72 4315.49 4314.72 4314.55 4313.77 4314.39 4315.07 4316.51 4318.06 4319.91 4322.8 4327.66 4338.12 4348.94 4345.39 4342.28 4346.3 4344.97 4341.52 4336.68 4332.08 4327.24 4323.17 4319.42 4317.34 4316.85 4317.12 4323.89 4336.31 4346.32 4350.61 4353.99 4355.28 4364.17 4376.81 4374.83 4368.64 4363.06 4359.44 4356.73 4353.57 4349.63 4344.16 4352.54 4360.01 4366.97 4369.54 4368.41 4366.28 4368.24 4370.58 4371.65 4372.87 4374.51 4375.88 4378.25 4381.04 4383.06 4382 4383.66 4385.14 4388.96
4318.57 4318.31 4318.01 4317.67 4317.35 4316.78 4316.35 4315.88 4315.51 4315.87 4316.3 4316.91 4317.62 4318.81 4320.64 4323.67 4327.92 4335.65 4344.6 4342.82 4340.72 4341.53 4340.79 4336.97 4332.84 4328.66 4324.86 4321.31 4318.28 4315.88 4313.8 4314.44 4323.46 4334.65 4346.04 4356.23 4361.89 4359.56 4361.33 4367.63 4372.31 4372.31 4370.23 4366.39 4361.39 4356.62 4354.23 4357.52 4354.76 4358.55 4363.38 4366.15 4367.52 4369.38 4368.81 4369.08 4370.23 4371.97 4373.9 4376.61 4379.96 4383.52 4387.12 4393.01 4392.75 4389.8 4390.42
4318.72 4318.48 4318.31 4318.08 4317.72 4317.42 4317.27 4316.96 4317.01 4317.7 4318.95 4318.48 4318.91 4319.88 4321.37 4323.78 4326.84 4330.59 4334.05 4337.8 4341.68 4342.73 4337.01 4332.43 4328.87 4326.4 4322.54 4319.27 4316.49 4314.46 4313.61 4314.54 4322.49 4331.72 4342.78 4357.19 4365.71 4365.99 4365.58 4369.05 4373.83 4375.7 4376.74 4373.11 4366.04 4359.67 4352.85 4349.31 4354.52 4357.47 4358.83 4359.75 4364.11 4367.82 4367.34 4367.13 4368.46 4370.29 4373.2 4376.56 4380.66 4385.33 4390.51 4394.83 4398.02 4400.5 4400.79
4318.57 4318.52 4318.37 4318.24 4318.2 4318.19 4318.44 4318.56 4318.6 4318.69 4318.77 4319.06 4319.81 4320.54 4321.67 4323.04 4325.53 4330.71 4331.65 4334.25 4335.15 4335.99 4330.06 4327.14 4324.37 4321.52 4318.7 4316.16 4314.08 4312.93 4313.4 4315.82 4323.3 4333.99 4345.77 4359.87 4368.48 4374.76 4380.85 4379.73 4378.52 4378.13 4378.4 4375.47 4369.8 4364.59 4358.67 4355.54 4357.64 4358.91 4359.08 4359.39 4359.56 4359.65 4361.55 4362.69 4364.9 4367.95 4371.54 4375.64 4379.96 4384.99 4390.41 4391.48 4401.46 4410.92 4409.32
4318.79 4318.72 4318.69 4318.72 4318.85 4319.16 4319.41 4319.87 4320.07 4319.97 4319.5 4319.87 4321.01 4321.42 4321.45 4321.54 4321.29 4320.19 4326.07 4329.77 4330.8 4319.75 4321.36 4321.09 4319.72 4317.39 4316.03 4314.05 4312.78 4312.03 4312.47 4313.85 4325.62 4338.74 4354.49 4367.6 4377.77 4379.52 4379.08 4382.87 4380.84 4378.74 4375.2 4372.06 4372.96 4372.07 4370.17 4367.24 4364.79 4363.06 4361.27 4359.09 4358 4355.46 4354.89 4358.1 4361.82 4365.62 4370.07 4374.56 4378.75 4383.25 4387.38 4393.15 4404.31 4416.52 4412.1
4318.74 4318.67 4318.8 4319.08 4319.7 4319.91 4320.5 4321.01 4321.77 4322.41 4322.39 4322.86 4323.82 4323.15 4322.1 4320.56 4318.37 4316.17 4318.07 4320.78 4322.45 4314.36 4316.78 4318.34 4317.09 4315.61 4314.23 4312.59 4312.21 4313.04 4312.9 4319.33 4331.66 4346.06 4361.41 4374.73 4382.85 4381.53 4378.33 4381.64 4381.52 4379.74 4376.58 4374.99 4378.52 4380.78 4380.23 4377.1 4372.33 4367.98 4364.51 4362.35 4359.42 4355.73 4351 4355.04 4359.24 4363.6 4368.14 4372.91 4377.21 4381.47 4385.62 4390.58 4404.39 4415.05 4407.37
4318.46 4318.8 4318.96 4319.42 4319.93 4320.65 4321.52 4322.59 4324.03 4325.84 4328.4 4329.96 4327.47 4324.95 4322.85 4320.56 4318.51 4316.98 4316.05 4315.94 4317.94 4318.86 4317.54 4316.6 4315.65 4313.91 4312.52 4312.12 4312.62 4316.05 4324.52 4327.78 4339.73 4357.08 4373.41 4380.09 4381.26 4381.31 4384.08 4382.93 4382.68 4382.51 4382.31 4383.28 4385.61 4388.81 4394.04 4386.54 4378.09 4371.55 4366.37 4362.1 4359.36 4356.86 4355.33 4355.96 4357.96 4361.76 4366.21 4371.37 4376.71 4381.48 4384.68 4390.17 4405.24 4418.02 4415.35
4318.12 4318.79 4319.34 4319.91 4320.73 4321.05 4322.1 4323.54 4325.45 4327.99 4331.41 4332.9 4330.14 4326.37 4323.42 4320.86 4318.97 4318.15 4318.94 4320.21 4320.53 4321.73 4320.02 4317.72 4316 4313.41 4311.21 4310.52 4311.72 4315.78 4323.58 4334.35 4350.79 4367.05 4379.57 4380.59 4376.32 4376.22 4378.79 4380.6 4383.42 4384.8 4386.79 4391.13 4389.45 4390.71 4392.15 4387.4 4380 4373.03 4367.02 4361.72 4356.89 4354.86 4356.49 4354.95 4355.72 4359.89 4365.46 4371.53 4377.52 4383.05 4388.03 4394.5 4408.43 4420.44 4428.62
4318.03 4318.6 4319.2 4319.98 4320.76 4321.67 4322.82 4323.59 4325.37 4327.78 4331.16 4335.92 4329.29 4325.5 4322.86 4320.84 4319.35 4318.49 4319.99 4323.98 4323.1 4324.91 4322.25 4318.23 4315.25 4312.35 4309.95 4309.05 4309.88 4313.79 4324.58 4350.91 4371.02 4371.58 4373.29 4375.77 4376.59 4377.59 4379.29 4382.82 4385.34 4385.42 4385.42 4385.29 4385.94 4386.82 4387.57 4383.91 4378.67 4372.63 4366.46 4360.65 4355.47 4350.44 4346.72 4346.99 4351.8 4358.05 4365.21 4372.4 4379.2 4385.36 4389.52 4398.35 4414.6 4428.26 4436.35
