real_craters/C088-300m.grd
DSAA
205 205
-30.5375 30.5375
-30.5375 30.5375
3587.0783943371 4840.3593495706
[rows 0 to 29 of 205, columns 134 to 200 of 205]
4349.85 4349.84 4350.06 4350.15 4350.19 4350.47 4350.38 4349.4 4348.63 4348.08 4347.56 4347.02 4346.64 4346.3 4346 4345.81 4345.64 4345.56 4345.45 4345.37 4345.2 4345.1 4345.03 4344.92 4346.73 4346.65 4346.38 4346.45 4346.15 4345.54 4344.8 4344.04 4343.87 4343.85 4344.25 4344.83 4345.29 4344.85 4342.17 4341.13 4340.27 4339.5 4338.95 4338.69 4338.73 4338.84 4338.08 4337.47 4336.98 4336.61 4336.16 4335.11 4334.23 4333.33 4333.34 4335.1 4330.21 4333.93 4334.18 4333.15 4331.83 4330.39 4328.82 4327.06 4325.65 4325.47 4325.55
4350.43 4349.68 4349.6 4349.43 4349.11 4348.75 4348.69 4348.58 4348.26 4347.89 4347.49 4347.12 4346.68 4346.28 4345.88 4345.59 4345.41 4345.53 4346 4345.04 4344.71 4344.69 4344.83 4345.04 4346.03 4346.14 4345.85 4345.97 4345.78 4345.43 4344.9 4344.3 4342.76 4342.61 4343.19 4343.9 4344.48 4344.42 4342.46 4341.21 4339.99 4339.22 4338.69 4338.4 4338.3 4338.03 4337.66 4337.11 4336.69 4336.17 4335.47 4334.59 4333.33 4332.32 4330.71 4332.31 4323.14 4331.98 4333.83 4332.95 4331.78 4330.62 4329.44 4328.27 4326.93 4325.97 4325.69
4350.55 4349.91 4349.61 4349.12 4348.35 4347.41 4347.45 4347.92 4348.01 4347.97 4347.63 4347.28 4346.87 4346.41 4345.95 4345.37 4344.94 4344.59 4343.9 4344.04 4344.07 4344.38 4344.82 4345.34 4345.48 4345.69 4345.87 4345.56 4345.32 4345.08 4344.62 4343.76 4340.86 4341.21 4342.07 4342.86 4343.37 4343.54 4343.06 4340.82 4339.45 4338.67 4338.12 4337.75 4337.51 4337.61 4336.88 4336.53 4336.34 4336.36 4335.69 4334.37 4333.37 4333.46 4335.05 4334.8 4332.98 4332.17 4332.66 4332.3 4331.57 4330.73 4329.98 4329.07 4327.32 4325.29 4324.97
4351.54 4350.83 4350.17 4349.55 4348.63 4347.29 4347.62 4348.26 4348.45 4348.01 4347.91 4347.56 4347.08 4346.57 4345.99 4345.3 4344.57 4343.74 4343.4 4342.94 4343.38 4343.95 4344.55 4345.21 4345.3 4345.46 4345.77 4344.73 4344.6 4344.44 4344.01 4342.78 4340 4340.47 4341.22 4341.87 4342.12 4341.54 4339.98 4339.16 4338.65 4337.98 4337.49 4337.04 4336.53 4335.62 4335.68 4335.79 4335.61 4335.25 4335.04 4334.09 4333.25 4333.29 4334.35 4333.07 4332.05 4331.47 4331.79 4331.7 4331.15 4330.52 4329.94 4329.86 4327.72 4325.1 4324.73
4351.69 4351.19 4350.92 4350.89 4350.5 4349.63 4349.6 4349.63 4349.27 4349.34 4348.6 4348.09 4347.55 4346.92 4346.22 4345.41 4344.43 4343.19 4341.2 4342.01 4343.02 4343.61 4343.98 4344.08 4344.18 4344.45 4345.03 4343.79 4343.81 4343.79 4343.32 4342.27 4340.95 4340.56 4340.89 4341.29 4341.43 4341.1 4339.43 4338.28 4337.99 4337.35 4336.84 4336.37 4335.94 4335.57 4335.51 4335.34 4335.06 4334.46 4333.97 4333.8 4333.25 4332.08 4332.7 4331.31 4330.34 4330.65 4331.32 4330.94 4330.44 4329.79 4328.96 4327.76 4327.17 4326.62 4325.68
4351.38 4350.98 4351.65 4352.74 4353.57 4353.48 4352.9 4351.94 4350.5 4349.06 4349.27 4348.78 4348.13 4347.4 4346.63 4345.8 4344.86 4343.91 4343.24 4343.18 4343.43 4343.7 4343.76 4343.38 4343.07 4342.56 4341.8 4342.81 4343.02 4343.25 4343.19 4342.3 4341.08 4340.72 4340.79 4340.98 4341.16 4341.2 4340.43 4338.9 4337.79 4336.96 4336.36 4335.84 4335.47 4335.66 4335.45 4334.9 4334.95 4335.05 4334.58 4333.99 4333.81 4335.19 4332.93 4331.78 4330.85 4330.36 4330.24 4330.22 4329.81 4329.14 4328.32 4327.27 4326.72 4325.98 4325.59
4351.11 4350.65 4352.26 4354.67 4357.22 4358.25 4356.33 4354.45 4353.35 4352.1 4350.64 4349.73 4348.91 4348.1 4347.25 4346.46 4345.7 4345.15 4344.79 4344.61 4344.25 4344 4343.91 4343.5 4342.85 4342.38 4341.9 4341.96 4342.16 4342.84 4343.56 4343.35 4341.6 4340.88 4340.68 4340.77 4340.89 4340.9 4340.26 4338.89 4337.57 4336.58 4335.88 4335.26 4334.66 4333.76 4333.17 4334.23 4334.75 4334.94 4334.58 4333.94 4333.27 4331.74 4332.7 4331.98 4330.17 4329.3 4329.46 4329.35 4328.87 4328.25 4327.62 4327.17 4326.29 4325.89 4325.32
4351.01 4350.64 4352.84 4355.7 4359.25 4360.99 4357.96 4355.65 4354 4352.84 4351.66 4350.65 4349.73 4348.9 4348.09 4347.26 4346.56 4346.1 4346.07 4345.89 4344.82 4344.22 4343.96 4343.62 4343.25 4343.09 4341.81 4340.14 4341.07 4342.1 4343.25 4343.4 4342.32 4341 4340.31 4340.37 4340.51 4340.65 4340.27 4338.1 4337.18 4336.31 4335.61 4334.9 4334.17 4333.75 4334.03 4333.82 4334.58 4335.25 4334.58 4333.85 4332.93 4332.03 4332.64 4331.21 4327.64 4328.47 4329.3 4328.82 4328.28 4327.67 4326.87 4326.04 4325.65 4325.06 4324.9
4351.4 4351.97 4353.8 4355.38 4356.53 4357.41 4356.68 4355.57 4354.05 4353.16 4352.37 4351.42 4350.5 4349.65 4348.81 4347.97 4347.2 4346.52 4346.04 4345.5 4344.64 4344.22 4343.87 4343.69 4343.49 4342.94 4341.44 4340.01 4340.54 4341.16 4341.24 4341.08 4340.46 4339.46 4339.38 4339.81 4340.27 4340.32 4339.44 4337.87 4337.03 4336.08 4335.4 4334.7 4333.96 4333.05 4332.44 4332.99 4333.94 4334.5 4334.14 4333.62 4333.06 4332.43 4332.53 4330.62 4327.17 4328.39 4328.59 4328.29 4327.85 4327.42 4326.67 4326.01 4325.61 4325.27 4324.78
4352.91 4355.57 4356.55 4354.91 4352.82 4352.97 4354.37 4355.01 4355.47 4354.12 4352.98 4352.02 4351.13 4350.25 4349.41 4348.5 4347.64 4346.68 4345.42 4343.78 4344.23 4344.2 4344.38 4344.61 4343.91 4342.46 4341.64 4340.8 4340.85 4341.01 4340.59 4339.28 4336.91 4336.54 4338.47 4339.61 4340.33 4340.45 4339.8 4338.19 4336.99 4336.26 4335.61 4334.93 4334.19 4333.17 4330.33 4333.17 4333.49 4333.46 4333.4 4333.24 4333.11 4333.02 4332.27 4330.74 4328.86 4328.36 4328.08 4327.74 4327.47 4327.18 4326.74 4325.97 4325.17 4324.82 4324.7
4353.85 4358.49 4357.64 4354.5 4352.14 4351.93 4353.08 4353.83 4354.17 4353.86 4353.18 4352.42 4351.61 4350.69 4349.91 4349.1 4348.2 4347.27 4346.1 4345.09 4344.67 4344.38 4343.98 4344.34 4344.41 4345.27 4343.22 4342.02 4341.66 4341.66 4341.45 4340.04 4338.38 4338.4 4339.04 4340.14 4341.07 4341.38 4340.51 4337.79 4337.68 4336.89 4336.05 4335.37 4334.96 4335.28 4338.3 4335.21 4333.48 4332.85 4332.79 4332.6 4332.36 4332.41 4331.49 4330.51 4329.48 4328.99 4327.68 4327.36 4327.09 4326.91 4326.75 4326.05 4325.04 4324.66 4324.71
4352.72 4353.8 4354.08 4353.61 4352.51 4352.39 4352.99 4353.24 4352.97 4353.44 4353.2 4352.62 4351.96 4351.12 4350.17 4349.69 4348.93 4348.31 4347.72 4346.08 4346.29 4345.03 4343.92 4343.7 4344.14 4343.53 4343.67 4342.83 4342.43 4342.46 4342.32 4340.96 4339.96 4339.61 4339.91 4341.1 4342.25 4342.99 4343.37 4342.12 4339.85 4338.01 4336.55 4335.66 4335.22 4335.2 4334.75 4334.48 4333.9 4333.15 4332.62 4332.16 4331.58 4331.16 4330.16 4329.84 4329.66 4328.84 4327.42 4327.19 4326.93 4326.62 4325.84 4325.57 4325.3 4324.89 4324.73
4351.92 4352.67 4353.05 4353.15 4353.42 4353.17 4353.56 4354.28 4354.37 4353.96 4353.52 4353.1 4352.48 4351.87 4350.82 4350.23 4349.65 4349.32 4349.61 4351.4 4348.6 4345.86 4343.77 4343.66 4344.68 4345.24 4344.57 4343.49 4343.12 4343.07 4342.72 4341.33 4339.67 4338.73 4340.43 4342.31 4343.69 4344.52 4344.54 4343.59 4341.06 4338.59 4336.75 4335.61 4334.92 4334.46 4333.9 4333.84 4333.88 4333.29 4332.44 4331.89 4331.76 4332.05 4330.6 4329.31 4329.37 4329.45 4327.77 4327.06 4326.87 4326.67 4326.45 4325.67 4325.05 4324.65 4324.47
4351.97 4351.75 4351.78 4352.54 4353.19 4353.38 4353.84 4354.84 4355.31 4354.81 4354.44 4354.14 4353.2 4352.78 4352.07 4351.29 4350.77 4350.14 4349.8 4349.03 4348.05 4346.37 4345.04 4344.61 4345.92 4346.62 4346.03 4345.31 4344.61 4343.64 4342.72 4341.83 4340.5 4339.69 4341.91 4344.16 4345.61 4346.21 4345.63 4343.34 4340.6 4338.42 4336.44 4335.18 4334.45 4333.93 4333.71 4333.67 4333.51 4332.84 4331.97 4331.29 4331.29 4331.83 4330.21 4328.8 4328.93 4328.82 4327.39 4326.89 4326.7 4326.6 4326.25 4325.4 4324.67 4324.23 4324.01
4351.93 4351.55 4351.54 4351.93 4352.62 4353.04 4353.87 4354.61 4355.02 4355.29 4355.16 4355.24 4354.95 4354.71 4354 4353.08 4351.94 4350.64 4349.31 4348.65 4347.76 4346.84 4345.34 4345.6 4346.89 4347.83 4347.02 4347.04 4346.29 4344.09 4343.2 4343.32 4343.31 4342.17 4345.49 4347.09 4347.8 4348.23 4347.98 4345.52 4340.75 4337.78 4335.74 4334.48 4333.67 4333.23 4333.27 4333.34 4332.87 4332.36 4331.43 4330.17 4329.64 4331.4 4330.63 4328.82 4328.37 4328.08 4327.76 4326.54 4326.29 4326.49 4326.36 4324.86 4323.72 4323.75 4323.67
4351.58 4351.73 4352.21 4350.94 4350.92 4352.73 4354.14 4355.87 4356.1 4356.26 4356.6 4356.75 4356.76 4356.3 4355.45 4354.23 4352.77 4351.33 4349.2 4347.23 4346.36 4347.75 4348.88 4346.96 4346.28 4346.56 4346.97 4346.53 4345.27 4343.71 4343.64 4345.28 4348.07 4353.63 4351.9 4349.77 4349.26 4349.47 4349.79 4347.65 4339.82 4336.59 4334.8 4333.79 4332.9 4332.23 4331.87 4332.01 4331.91 4332.14 4331.52 4330.21 4327.48 4331.06 4330.92 4328.79 4327.9 4327.29 4326.16 4325.51 4325.44 4325.43 4325.57 4324.99 4324.19 4323.82 4323.5
4351.68 4352.21 4352.82 4352.12 4352.4 4353.98 4354.63 4355.8 4356.44 4357.39 4358.21 4358.75 4358.64 4358.16 4357.31 4356.03 4354.83 4352.58 4349.73 4346.59 4345.18 4347.28 4348.21 4349.13 4348.38 4348.19 4347.87 4346.13 4344.05 4343.9 4344.54 4346.28 4349.15 4352.17 4351.41 4349.68 4348.98 4349.02 4349.01 4346.31 4338.17 4335.14 4333.76 4332.9 4332.2 4331.53 4330.14 4328.71 4332.72 4332.71 4332.3 4332.14 4333.02 4331.81 4329.96 4327.67 4327.52 4327.57 4326.81 4325.21 4324.91 4324.23 4324.04 4324.74 4324.8 4324.1 4323.62
4353.31 4355.14 4356.93 4360.7 4360.38 4358.04 4355.58 4355 4356.5 4358.47 4359.78 4360.45 4361.29 4361.41 4360.47 4359.02 4357.04 4354.89 4352.02 4348.42 4346.75 4349.3 4351.96 4355.3 4354.75 4353.44 4350.92 4347.52 4344.82 4345.07 4345.48 4346.11 4346.96 4347.31 4347.15 4347.02 4347.1 4347.04 4346.4 4344.07 4336.94 4333.92 4333.14 4332.51 4332.05 4331.61 4331.65 4333.53 4333.68 4333.21 4332.73 4332.62 4332.42 4330.39 4329.29 4327.69 4327.45 4327.27 4326.45 4325.76 4325.3 4324.66 4324.4 4324.23 4324.29 4324.3 4324.06
4359.71 4361.49 4365.86 4370.24 4368.91 4364.15 4358.5 4355.34 4358.78 4361.34 4362.76 4363.27 4363.11 4361.85 4360.91 4359.87 4358.85 4357.53 4356.1 4353.8 4351.42 4359.65 4363.96 4365.37 4365.82 4360.93 4355.5 4350.27 4345.13 4344.32 4345.66 4345.71 4344.85 4343.08 4342.24 4343.84 4344.59 4344.36 4343.1 4339.95 4333.83 4333.16 4333.04 4332.49 4332.15 4331.87 4332.18 4332.97 4333.42 4333.11 4332.6 4332.08 4332.11 4331.91 4330.28 4329.01 4327.72 4326.69 4323.99 4326.37 4326.46 4326.13 4325.77 4325.59 4325.13 4324.77 4324.54
4368.43 4368.74 4372.07 4377.09 4377.11 4372.97 4366.77 4363.33 4364.99 4366.42 4366.78 4366.38 4365.28 4364.12 4362.94 4361.86 4361.27 4361.03 4361.48 4363.71 4368.72 4371.09 4373.25 4373.91 4373.18 4366.37 4359.57 4354.1 4350.57 4350.71 4348.19 4346.16 4344.18 4341.76 4340.4 4342.21 4342.67 4342.07 4340.58 4337.81 4335.89 4334.74 4333.75 4332.76 4332.31 4332.28 4332.39 4332.18 4332.99 4332.86 4332.35 4331.62 4331.85 4332.77 4330.94 4328.88 4327.97 4327.86 4329.25 4328.42 4327.73 4327.49 4326.85 4326.62 4325.78 4325.1 4324.77
4374.64 4377.61 4379 4382.65 4388.38 4386.36 4379.6 4375.96 4375.24 4374.62 4373.25 4371.47 4369.63 4367.63 4366.01 4364.82 4364.1 4364.38 4365.61 4370.68 4378.95 4380.82 4378.19 4375.79 4375.53 4367.12 4360.91 4356.53 4355.28 4353.16 4349.75 4347.22 4345.23 4344.45 4344.73 4342.93 4342.11 4341.23 4339.96 4338.44 4338.23 4336.44 4334.63 4333.27 4332.71 4332.66 4332.92 4333.34 4332.95 4332.7 4332.38 4332.11 4332.41 4332.47 4330.95 4329.41 4328.54 4328.55 4329.28 4329.16 4328.09 4327.22 4326.46 4325.82 4325.46 4325.03 4324.66
4389.72 4393.52 4398.55 4402.54 4407.94 4405.86 4398.14 4392.51 4387.85 4383.36 4379.38 4375.92 4372.92 4370.07 4368 4365.82 4364.57 4365.03 4366.77 4369.35 4373.86 4375.4 4372.65 4367.53 4364.16 4362.23 4358.94 4355.55 4352.38 4350.26 4348.87 4347.41 4345.78 4345.52 4345.09 4343.28 4342.21 4341.29 4340.35 4339.62 4338.36 4336.41 4334.96 4333.74 4333.15 4332.91 4333.05 4333.49 4332.57 4332.5 4332.44 4332.4 4332.13 4331.67 4330.63 4329.31 4328.38 4328.3 4328.34 4328.56 4327.76 4326.78 4326.08 4325.38 4325.24 4324.96 4324.72
4410.28 4412.33 4422.91 4434.72 4428.35 4425.77 4426.5 4411.79 4399.4 4390.28 4383.67 4378.39 4373.99 4370.45 4367.69 4365.28 4363.66 4364.11 4363.62 4364.24 4365.86 4366.26 4365.29 4360.8 4356.6 4358.08 4355.96 4352.99 4350.29 4348.98 4348.1 4346.91 4346.28 4344.85 4342.43 4342.72 4342.63 4341.9 4340.75 4339.54 4338.07 4336.34 4334.99 4334.06 4333.5 4333.1 4332.53 4331.48 4331.88 4332.37 4332.44 4332.45 4332.16 4331.42 4330.47 4329.26 4328.21 4328.26 4328.03 4327.98 4327.36 4326.72 4326.6 4326.26 4325.84 4325.33 4324.92
4429.6 4425.37 4428.76 4436.57 4436.61 4432.84 4430.12 4417.56 4405.05 4395.16 4387.37 4380.64 4375.54 4371.16 4367.71 4364.91 4362.57 4360.34 4359.68 4358.74 4356.52 4356.57 4360.21 4364.68 4362.55 4357.06 4353.62 4350.41 4347.88 4348.48 4347.3 4346.92 4346.38 4345.45 4344.31 4344.31 4344.29 4343.39 4341.75 4339.33 4336.94 4335.4 4335.05 4334.6 4334.3 4333.75 4333.17 4332.76 4332.73 4332.65 4332.49 4332.16 4332.01 4331.44 4330.53 4329.65 4328.96 4328.47 4328.45 4327.64 4327.35 4327.18 4327.61 4327.57 4326.89 4326.24 4325.35
4438.53 4428.94 4423.3 4433.36 4434.29 4429.53 4421.69 4414.81 4405.01 4396.04 4388.34 4382.12 4376.63 4371.95 4367.75 4364.27 4361.71 4358.25 4356.09 4354 4351 4350.66 4354.64 4358.09 4357.76 4354.39 4351.07 4347.97 4344.93 4344.76 4346.02 4346.54 4347.02 4347.55 4347.48 4347.53 4347.59 4346.45 4343.77 4340.24 4336.87 4335.44 4335.74 4335.95 4335.52 4334.62 4333.96 4333.73 4333.57 4332.76 4332.49 4332.33 4331.75 4331.17 4330.59 4330 4329.33 4328.05 4326.48 4327.26 4327.44 4327.48 4327.43 4327.74 4327.88 4327.82 4327.1
4424.34 4417.83 4413.78 4420.03 4424.05 4422.01 4417.82 4409.79 4402.46 4395.18 4388.55 4381.24 4376.25 4371.46 4366.12 4363.13 4360.33 4357.26 4353.35 4350.14 4347.91 4348.53 4350.23 4350.61 4351.41 4350.54 4348.62 4346.38 4344.5 4343.62 4344.96 4347.12 4349.21 4350.94 4350.42 4351.77 4353.21 4351.65 4348.21 4342.96 4337.13 4335.91 4338.34 4338.81 4337.55 4335.69 4333.86 4332.72 4332.13 4332.32 4332.42 4332.02 4331.46 4330.95 4330.51 4330.14 4329.84 4328.08 4325.74 4326.78 4327.34 4327.22 4326.58 4327.46 4329.12 4330.47 4331.26
4411.86 4406.19 4405.26 4411.94 4414.98 4408.62 4404.09 4402.1 4397.36 4390.76 4385.07 4380.75 4375.87 4370.87 4366.64 4362.63 4358.78 4355.51 4351.27 4348.14 4345.99 4347.93 4348.3 4347.56 4347.83 4347.62 4346.59 4345.1 4343.9 4343.29 4344.44 4347.81 4352.04 4356.38 4360.03 4362.52 4361.71 4358.7 4354.91 4349.8 4343.48 4343.99 4346.52 4344.03 4340.36 4336.9 4334.38 4332.52 4331.69 4331.96 4332.51 4332.33 4331.06 4330.64 4330.22 4329.82 4329.51 4328.57 4327.5 4326.52 4327.05 4326.69 4326.2 4327.64 4330.66 4333.86 4336.32
4393.89 4393.13 4395.29 4405.12 4409.53 4405.72 4399.78 4395.55 4391.94 4387.91 4383.26 4378.84 4374.12 4369.55 4365.07 4360.93 4357.37 4352.98 4349.29 4346.8 4345.14 4347.09 4347.18 4346.72 4345.83 4345.46 4344.8 4344.05 4343.47 4340.94 4343.42 4348.09 4354.08 4361.32 4370.77 4376.18 4369.69 4365.6 4362.61 4360.84 4361.77 4365.95 4357.59 4349.15 4342.85 4337.75 4333.64 4331.85 4331.27 4331.49 4332.34 4332.39 4331.42 4330.56 4329.88 4329.21 4328.57 4328.15 4328.34 4326.86 4327.63 4326.06 4323.84 4327.22 4331.86 4336.96 4341.48
4381.13 4382.47 4381.9 4394.32 4399.45 4398.1 4392.7 4390.06 4387.92 4386 4381.37 4377.15 4372.93 4368.93 4364.86 4360.75 4356.39 4351.8 4348.6 4346.13 4343.95 4346.24 4345.48 4343.78 4343.94 4343.66 4343.03 4342.13 4341.22 4340.74 4342.8 4347.75 4354.29 4361.93 4369.96 4373.49 4371.53 4369.35 4368.31 4369.21 4372.73 4369.77 4360.12 4350.92 4343.74 4337.9 4334 4331.48 4330.49 4330.83 4331.32 4331.49 4331.06 4330.44 4329.61 4328.61 4327.46 4326.8 4327.99 4326.78 4327.22 4326.35 4325 4327.61 4332.21 4337.7 4343.39
4371.83 4372.36 4376.4 4383.67 4384.64 4377.58 4381.74 4384.23 4384.66 4384.13 4382.37 4379.9 4375.89 4372.48 4368.1 4363.06 4357.25 4353.1 4348.94 4345.97 4343.77 4344.95 4344.02 4342.68 4343.08 4342.79 4341.97 4340.62 4339.25 4338.49 4340.83 4346.51 4353.02 4359.62 4364.85 4367.51 4369.23 4369.69 4370.02 4370.98 4371.33 4365.58 4357.35 4350 4343.23 4337.21 4332.26 4331.15 4330.78 4331.13 4331.43 4331.58 4331.19 4330.44 4329.42 4328.26 4327.16 4326.55 4327.93 4327.86 4327.62 4326.66 4326.38 4328.09 4331.2 4334.66 4337.02
