real_craters/C089-1000m.grd
DSAA
36 36
-17.48 17.48
-17.48 17.48
8048.7204457095 9126.9045333179
8820.43 8809.83 8807.53 8808.35 8811.52 8811.1 8804.56 8802.3 8806.45 8807.84 8813.47 8817.06 8819.29 8828.4 8836.32 8847.36 8837.5 8827.44 8814.02 8807.78 8797.51 8801.43 8803.73 8811.94 8819.88 8821.47 8822.62 8834.21 8838.38 8840.36 8839.76 8817.18 8793 8792.04 8786.94 8782.78 
8820.19 8812.73 8812.06 8813.19 8815.88 8814.54 8802.05 8804.54 8815.23 8825.88 8832.28 8830.32 8830.75 8832.39 8823.67 8813.7 8814.67 8803.53 8798.73 8804.36 8820.03 8821.69 8821.82 8824.14 8823.18 8822.36 8816.78 8828.26 8829.4 8821.92 8808.06 8802.33 8795.8 8778.03 8762.51 8753.35 
8821.85 8814.92 8813.83 8816 8819.6 8814.05 8799.82 8809.53 8828.43 8850.99 8853.03 8833.14 8821.65 8810.93 8800.07 8789.85 8782.56 8780.33 8780.14 8793.77 8806.26 8814.94 8824.48 8829.33 8827.07 8822 8817.33 8826.08 8822.82 8807.58 8794.39 8798.14 8780.47 8748.24 8730.86 8719.35 
8825.95 8818.88 8816.42 8816.49 8816.79 8810.97 8807.15 8822.52 8837.07 8844.76 8837.53 8821.77 8796.67 8791.08 8785.62 8782.43 8778.99 8775.49 8776.13 8783.1 8788.51 8800.63 8817.68 8829.13 8836.89 8831.6 8823.58 8832.25 8827.42 8807.53 8775.7 8768.57 8722.78 8710.12 8704.04 8692.24 
8828.58 8824.6 8822.96 8819.4 8814.07 8808 8832.92 8842.5 8843.18 8839.41 8830.7 8811.59 8794.31 8791.67 8788.13 8782.45 8780.31 8777.68 8777.51 8780.27 8784.28 8798.81 8826.67 8858.14 8856.27 8860.62 8869.93 8864.41 8854.68 8816.62 8781.12 8731.49 8698.69 8692.07 8685.13 8672 
8836.91 8838.99 8839.1 8833.68 8823.23 8843.64 8873.32 8859.97 8847.64 8833.93 8818.11 8805.85 8806.84 8792.54 8791.48 8788.86 8787.35 8782.22 8784.68 8785.23 8784.73 8794.48 8826.09 8855.56 8860.44 8868.91 8880.29 8877.16 8871.1 8812.11 8768.39 8740.89 8709.82 8692.89 8675.79 8664.03 
8854.73 8857.14 8857 8859.42 8870.48 8882.13 8877.21 8867.02 8850.56 8829.88 8802.49 8802.06 8794.09 8798.05 8792.46 8803.35 8809.63 8813.63 8808.64 8802.07 8796.4 8800.65 8823.14 8846.2 8854.16 8859.45 8892.45 8878.61 8853.34 8792.46 8748.06 8716.28 8694.76 8679.5 8671.63 8660.96 
8878.44 8872.73 8874.79 8884.02 8890.76 8880.64 8879.27 8867.12 8853.86 8840.42 8828.43 8819.38 8813.66 8813.26 8812.65 8824.69 8833.73 8844.24 8835.11 8825.68 8818.74 8812.55 8824.99 8837.41 8838.26 8837.31 8852.81 8837.83 8812.03 8777.09 8728.57 8697.21 8686.05 8682.49 8675.5 8660.66 
8892.43 8881.26 8878.22 8880.78 8882.89 8875.51 8870.76 8860.42 8856.82 8855.48 8853.96 8851.95 8840.01 8837.16 8843.9 8853.04 8868.33 8863.3 8863.26 8847.07 8838.6 8841.68 8829.14 8816.91 8814.62 8830.42 8829.98 8813.75 8799.26 8788.87 8741.05 8693.94 8687.75 8696.94 8683.24 8665.85 
8889.24 8875.67 8864.92 8858.54 8847.34 8837.13 8829.52 8847.8 8854.26 8864.94 8884.8 8892.39 8885.78 8863.29 8844.75 8908.98 8922.25 8889.09 8872.16 8844.68 8848.57 8837.29 8847.98 8814.42 8796.47 8813.32 8817.19 8812.17 8793.78 8787.85 8755.13 8697.82 8687.28 8694.81 8685.91 8672.42 
8871.14 8857.9 8843.48 8828.04 8815.6 8816.51 8823.75 8832.56 8840.97 8853.32 8868.26 8866.41 8918.91 9005.7 9070.92 9026.51 8850.2 8806.62 8749.25 8778.32 8855.78 8952.31 8929.47 8839.37 8791.17 8806.92 8823.93 8826.43 8820.64 8792 8764.61 8709.36 8687.16 8687.87 8687.39 8681.9 
8851.51 8839.58 8825.94 8810.97 8813.4 8816.43 8803.33 8815.59 8831.03 8842.41 8839.18 8828.21 8940.9 9126.9 9038.33 8789.33 8561.31 8413.32 8507.3 8628.16 8752.87 8939.16 8919.16 8839.46 8812.95 8790.01 8820.52 8825.54 8818.66 8814.91 8794.39 8741.67 8704.27 8700.14 8698.11 8691.52 
8836.43 8823.59 8812.54 8803.16 8802.22 8804.3 8802.13 8811.71 8842.33 8868.87 8872.92 8877.98 8920.47 8910.21 8721.62 8434.12 8352.98 8354.47 8434.15 8464.36 8522.84 8569.75 8645.41 8776.72 8856.69 8806.71 8805.49 8811.55 8818.49 8804.95 8788.48 8750.64 8721.1 8708.53 8710.38 8705.81 
8818.94 8809.89 8800.59 8796.31 8790.64 8789.72 8799.73 8813.22 8875.69 8943.82 9004.02 9026.71 8892.31 8707.35 8435.19 8228.85 8277.62 8293.07 8274.83 8290.68 8293.88 8277.46 8405.82 8715.81 8922.46 8839.83 8798.15 8791.94 8809.4 8818.29 8765.8 8749.8 8745.09 8729.36 8727.33 8727.82 
8808.21 8797.85 8788.13 8783.2 8798.44 8795.21 8791.77 8814.44 8902.82 9001.17 9089.23 9051.84 8814.62 8673.93 8380 8236.2 8214.33 8177.19 8151.55 8155.03 8144.28 8146.92 8298.5 8673.88 9018.24 8874.79 8808.29 8770.63 8796.68 8789.47 8749.55 8752.54 8771.15 8761 8754.03 8751.75 
8802.26 8791.43 8783.96 8796.28 8786.75 8789.34 8785.86 8802.08 8911.23 9022.63 9075.53 8826.43 8620.7 8537.23 8347.52 8234.73 8182.44 8151.39 8131.21 8104.46 8072.48 8085.54 8220.16 8576.85 8941.48 8960.97 8839.65 8784.84 8776.39 8781.43 8762.45 8758.72 8754.68 8756.5 8768.08 8765.86 
8804.3 8792.9 8778.61 8781.19 8806.51 8791.87 8777.08 8812.9 8894.52 8991.07 9048.75 8798.73 8471.7 8366.12 8275.77 8214.01 8192.7 8162.83 8148.64 8093.6 8054.29 8063.62 8185.91 8405.23 8692.78 8873.46 8834.25 8767.38 8754.07 8757.75 8770.95 8759.54 8748.71 8748.43 8754.62 8766.55 
8813.53 8802.88 8792.91 8797.7 8795.01 8790.79 8778.73 8782.3 8849.82 8906.97 8896.98 8636.09 8372.16 8300.56 8210.75 8153.17 8201.19 8149.38 8077.11 8058.74 8049.86 8048.72 8065.38 8247.2 8449.59 8783.12 8814.42 8761.14 8742.87 8746.32 8765.46 8757.42 8746.72 8748.33 8761.58 8765.33 
8828.41 8818.83 8808.75 8795.28 8795.14 8788.51 8784.79 8781.5 8813.47 8837.53 8763.58 8573.49 8389.76 8304.66 8194.08 8139.06 8198.59 8117.42 8054.43 8060.76 8073.67 8081.34 8088.99 8210.9 8373.35 8782.75 8831.14 8770.05 8741.85 8741.73 8762.1 8750.36 8733.61 8726.89 8754.2 8765.73 
8840.83 8833.34 8822.34 8799.75 8791.78 8790.36 8785.88 8776.87 8799.89 8840.53 8827.24 8714.07 8609.26 8413.42 8209.6 8054.87 8069.46 8084.79 8073.14 8083.88 8134.03 8200.37 8299.73 8320.43 8413.26 8847.54 8877.62 8787.65 8752.31 8763.25 8760.19 8744.25 8724.57 8716.28 8746.41 8763.99 
8851.42 8846.1 8831.4 8811.71 8804.83 8793.02 8782.52 8777.78 8800.34 8857.58 8927.82 8816.83 8649.23 8417.13 8232.59 8084.56 8072.54 8088.19 8068.67 8104.37 8201.38 8308.83 8425.73 8434.89 8470.83 8909.59 8910.47 8814.74 8773.4 8772.92 8761.92 8744.52 8725.66 8717.12 8748.35 8762.19 
8856.5 8860.75 8853.9 8829.41 8811.38 8793.92 8778.1 8761.12 8787.26 8826.54 8842.69 8813.83 8643.19 8448.69 8263.25 8120.29 8138.1 8157.69 8139.67 8163.95 8266.22 8353.71 8456.01 8488.47 8583.09 8870.93 8877.05 8812.33 8772.73 8771.56 8769.62 8748.54 8730.3 8722.32 8740.39 8739.17 
8855.38 8868.84 8873.48 8841.35 8814.14 8798 8781.91 8771.29 8776.39 8786.48 8812.71 8880.78 8899.76 8663.07 8376.13 8119.49 8257.14 8269.6 8279.62 8331.47 8342.77 8386.57 8411.91 8534.05 8773.41 8797.66 8796.98 8780.67 8761.5 8762.89 8765.12 8749.13 8732.43 8721.3 8730.75 8715.21 
8852.48 8865.14 8873.79 8851.15 8825.38 8805.67 8790.04 8783.6 8788.86 8765.01 8786.24 8896.27 9095.83 8909.41 8539.03 8222.47 8270.79 8329.26 8353.77 8437.3 8416 8481.87 8554.39 8727.66 8913.34 8783.4 8747.21 8755.17 8747.88 8745.84 8741.09 8740.58 8730.26 8721.49 8727.51 8749.46 
8851.81 8868.53 8854.02 8853.34 8833.55 8812.87 8795.45 8784.24 8772.74 8763.69 8767.09 8805.02 8909.59 8922.07 8695.34 8460.07 8344.3 8371.17 8373.97 8299.02 8460.24 8605.71 8755.45 8902.08 8827.51 8751.02 8723.11 8740.39 8745.45 8725.82 8726.79 8729.39 8726.68 8723.95 8725.63 8712.71 
8856.67 8885.45 8877.63 8863.8 8841.35 8818.02 8798.69 8784.79 8783.55 8779.64 8771.94 8771.83 8787.31 8819.53 8817.77 8829.7 8778.06 8624.29 8574.23 8587.1 8649.17 8707.93 8786.91 8799.27 8755.15 8719.81 8704.86 8714.29 8712.91 8711.44 8723.08 8721.26 8721.8 8721.79 8721.27 8722 
8860.82 8887.71 8872.6 8857.79 8838.07 8817.3 8799.08 8785.81 8791.27 8784.12 8778.54 8781.71 8788.62 8801.65 8808.44 8818.77 8825.95 8771.22 8745.19 8794.64 8769.66 8745.44 8746.67 8731.68 8717.32 8704.28 8694.98 8697.83 8702.68 8701.91 8702.52 8710.84 8717.24 8718.7 8717.31 8719.87 
8854.35 8883.28 8877.55 8859.96 8831.69 8814.05 8799.96 8790.74 8787.75 8779.33 8780.01 8790.44 8795.28 8797.56 8767.72 8758.42 8759.77 8755.32 8756.6 8753.6 8740.94 8731.39 8723.6 8711.41 8706.43 8698.71 8693.64 8693.94 8709.63 8705.25 8705.23 8713.82 8717.88 8720.08 8719.34 8710.74 
8836.55 8835.08 8835.12 8822.13 8813.03 8803.89 8796.64 8792.24 8785.77 8771.44 8774.6 8784.06 8780.17 8765.77 8743.99 8734.22 8747.17 8746.45 8743.08 8725.04 8711.99 8716.06 8711.8 8705.51 8705.18 8695.51 8687.51 8695.85 8715.17 8711.99 8711.52 8717.96 8717.84 8719.77 8718.42 8694.62 
8822.94 8816.76 8802.39 8787.18 8795.46 8796.33 8795.82 8793.13 8788.1 8778.34 8769.4 8759.32 8756.8 8746.63 8739.49 8734.35 8738 8742.66 8735.49 8722.29 8716.04 8710.32 8707.19 8705.21 8703.18 8695.88 8691.36 8697.31 8712.29 8714.21 8710.35 8711.25 8713.33 8714.09 8712.64 8681 
8815.86 8806.33 8798.99 8787.86 8789.52 8793.81 8795.68 8795.28 8790.45 8774.12 8765.78 8757.17 8746.31 8732.61 8729.16 8720.84 8726.9 8737.38 8730.81 8724.37 8714.11 8713.63 8707.97 8701.77 8701.53 8697.85 8695.92 8709.82 8717.79 8690.36 8706.14 8709.52 8707.09 8701.75 8695.07 8672.74 
8819.28 8814.64 8792.78 8784.42 8787.05 8790.73 8794.38 8796.66 8795.39 8781.85 8765.88 8750.34 8746.15 8737.99 8676.78 8696.38 8717.33 8728.23 8730.09 8724.98 8717.38 8717.82 8718.05 8715.7 8707.29 8706.15 8704.46 8722.63 8711.02 8693.78 8706.14 8703.82 8692.95 8685.96 8677.23 8666.9 
8804.93 8798.23 8789.67 8785.37 8786.28 8788.35 8790.28 8796.64 8805.96 8800.68 8775.53 8754.99 8754.33 8749.45 8727.74 8716.35 8719.61 8729.58 8733.17 8730.6 8729.74 8723.47 8721.29 8722.37 8721.3 8716.13 8720.81 8715.24 8722.47 8709.78 8699.24 8680.76 8677.06 8672.72 8667.82 8662.58 
8796.62 8794.61 8793.67 8790.13 8788.09 8787.29 8786.47 8790.15 8798.1 8811.83 8798.44 8777.68 8767.92 8760.4 8751.74 8732.86 8724.16 8721.93 8734.85 8732.62 8726.51 8722.79 8718.48 8726.01 8720.67 8712.93 8712.05 8708.1 8695.85 8685.79 8682.91 8685.84 8665.5 8663.84 8663.21 8663.26 
8797.5 8798.18 8795.11 8792.8 8789.39 8785.44 8783.35 8780.51 8774.85 8801.4 8807.2 8792.08 8775.43 8765.59 8753.42 8739.46 8729.32 8728.52 8735.52 8737.99 8734.76 8724.92 8718.21 8710.62 8687.45 8692.76 8703.98 8681.26 8666.12 8662.14 8663.81 8665.35 8660.47 8660.42 8662.12 8663.36 
8802.92 8800.62 8798.39 8793.36 8790.73 8788.19 8785.71 8781.01 8772.11 8764.94 8780.14 8780.02 8769.34 8763.41 8757.28 8737.16 8730.2 8741.56 8747.15 8743.6 8732.48 8718.65 8703.33 8690.86 8669.78 8675.91 8681.9 8667.51 8660.58 8658.58 8657.89 8655.94 8656.72 8659.45 8662.05 8671.76 
