real_craters/C089-500m.grd
DSAA
123 123
-30.59 30.59
-30.59 30.59
10689.593910037 12133.546811617
[rows 0 to 29 of 123, columns 0 to 66 of 123]
11598 11600 11601.9 11601 11605.3 11611.1 11612.6 11613.8 11616 11616.3 11617.9 11620.2 11619.9 11622.1 11624.6 11625.6 11625.5 11624.7 11624 11623.4 11623.3 11623.1 11618.8 11616.7 11615.4 11615.6 11616.7 11618.4 11621.4 11622.3 11623.4 11624.5 11624.2 11625.1 11626.6 11628 11628.2 11631.6 11635.3 11637.8 11639.7 11643.6 11646.7 11649.4 11650.5 11651.3 11650.7 11648.2 11647.9 11648.6 11650.2 11653.1 11659.9 11663.3 11662.5 11660.6 11658.5 11656.5 11654.8 11654.3 11656.8 11662 11664.6 11664.9 11664.9 11664.9 11665.5
11598.4 11600.8 11605.3 11604 11607.5 11610.5 11611.8 11612.7 11613.1 11615.5 11617.1 11616.9 11620.1 11622.6 11624.3 11624.4 11623.7 11622.4 11621 11620.2 11619 11617.7 11616.9 11614.8 11615 11615.5 11616.1 11616.1 11617.3 11621.1 11623.3 11624.7 11625 11625.2 11626.9 11627.9 11628.8 11630.2 11632.6 11637.2 11640.9 11644.5 11647.8 11650.6 11652.3 11653.5 11653.8 11653.1 11652.4 11652.2 11653.3 11657 11663.8 11666.2 11664.4 11662 11659.9 11657.5 11655.6 11654.2 11656 11661.9 11665.3 11665.3 11665.4 11665.7 11666.2
11598.5 11600.6 11605.7 11604.9 11607.2 11609.4 11610.7 11611.8 11612.9 11615.3 11617.4 11618 11622.1 11625.5 11624.8 11623.6 11622.2 11620.6 11618.7 11617.2 11615.4 11614.9 11615.6 11613.9 11614.8 11615.6 11616.4 11617.4 11618.5 11620.4 11622 11624.6 11627.6 11628.8 11628.4 11628.7 11629.2 11630.2 11632.6 11638.1 11643.3 11645.5 11648.6 11652.1 11653.9 11655 11655.7 11657.9 11657 11655.8 11655.1 11658.5 11664.6 11666.4 11665.1 11663.1 11660.9 11658.9 11656.8 11655 11656.1 11661 11664 11664.6 11665.3 11666.3 11667.7
11599.5 11601.1 11602.2 11606.1 11606 11605.8 11607.6 11611.6 11613.2 11615.5 11618.5 11622.1 11622.8 11626.7 11624.1 11622.1 11620.6 11619.4 11617.9 11615.1 11612.5 11611.9 11612.7 11615.3 11615.2 11616.1 11617.3 11618.8 11620.3 11621.1 11621.9 11624.2 11627.6 11629.1 11629.3 11629.8 11630.3 11631.3 11634.2 11637.3 11641.4 11645.1 11648.8 11651.9 11654.8 11656.9 11659.1 11660.9 11660.3 11660.3 11658.6 11660.4 11664.6 11665.6 11664.9 11663.5 11662 11660.5 11659.1 11657.9 11658.2 11659.9 11661.5 11663.3 11664.6 11665.9 11667.5
11600.5 11601.8 11606.2 11609.2 11608.2 11606.4 11607.2 11611.9 11612.3 11614.8 11617.3 11618.7 11620.3 11620.9 11620.7 11619.7 11618.5 11617.7 11617.3 11613 11608.9 11609.4 11611.6 11614.6 11614.8 11616.3 11617.9 11619.6 11621.4 11622.9 11624.1 11625.2 11626.6 11628.2 11629.7 11631.1 11632.9 11634.6 11634.1 11636 11639.5 11644.1 11648.7 11653.4 11656.7 11658.4 11660.5 11661.7 11662.9 11665.8 11668.3 11664.8 11662.9 11663.7 11664.2 11664.2 11663.7 11662.9 11661.9 11661.7 11661.1 11660.9 11661.1 11662.7 11663.5 11664.2 11664.4
11601.8 11603.3 11606 11609.4 11612 11609.5 11608.2 11608.4 11610.8 11613.9 11616.5 11617.4 11617 11616.6 11617.1 11616.6 11615.5 11614.2 11612.6 11610.5 11608.6 11608.8 11611.2 11614.7 11615 11617.1 11619 11620.8 11622.4 11624.8 11626.8 11626.3 11626 11627.8 11629.9 11632 11633.9 11635.3 11635.5 11634.9 11638.3 11643.5 11648.3 11652.7 11656 11658.2 11660.8 11664.5 11662 11662.9 11673.9 11669.1 11663 11663.4 11664.6 11665.4 11665.6 11665.4 11664.6 11663.7 11663.5 11663.3 11663.1 11663.4 11663 11662.5 11661.5
11602.7 11604.5 11605.7 11609.1 11611.9 11611.6 11610.5 11607.4 11609.9 11613.1 11616.5 11617.6 11616.6 11616.2 11615.4 11614 11612.5 11610.9 11608.8 11608.7 11609.8 11608.8 11609.7 11615.2 11616.4 11618.4 11620.6 11622.3 11624.4 11625.6 11626.8 11626.5 11626.1 11628.1 11630.5 11633 11635.1 11636.2 11636.6 11637 11639.6 11644 11648.3 11651.7 11654 11657 11659 11659.7 11659.8 11655.6 11667.1 11670.6 11665.4 11665 11666.1 11667 11668 11668.6 11668.1 11665.9 11666.7 11666.6 11666.5 11664.8 11663.1 11661.8 11660.7
11603.7 11605.2 11605.9 11606.6 11610.1 11612.2 11613.1 11609.4 11609.7 11611.6 11614.9 11616.6 11617 11615.9 11613.3 11611.3 11610 11608.6 11607 11607.7 11609.7 11609 11609.2 11615.5 11616.7 11619.1 11622.5 11625.7 11625.4 11625.8 11625.3 11625.5 11626.2 11628.5 11631.1 11633.8 11636.3 11639.3 11638.9 11638.9 11641.8 11645.6 11649.6 11652.9 11655.2 11656.8 11657.9 11661.4 11661.6 11663.6 11666 11668.2 11667.6 11667.1 11667.6 11668.7 11670.3 11672.2 11674.9 11673 11672.5 11669.7 11667 11665.4 11663.9 11662 11660.4
11604.3 11605.5 11606.1 11606.8 11609.3 11612.1 11613.2 11610.5 11609.2 11609.1 11609.5 11613.6 11617.3 11612.5 11609.5 11608.7 11608.2 11607.6 11607.2 11608.1 11609.2 11609.6 11611.1 11613.8 11616.5 11618.8 11621.6 11626 11628.1 11626.8 11625.7 11625.2 11625.7 11628.7 11632 11635.1 11637.4 11638.6 11640.8 11641.2 11644.3 11647.7 11651.5 11655.7 11660.3 11658.5 11657.6 11663.3 11662.6 11662.2 11662.6 11665.8 11667.8 11668.7 11669.6 11670.4 11671.8 11674 11677.2 11679.9 11676.1 11672.2 11669 11666.9 11665.2 11662.9 11660.1
11604.4 11605.3 11606 11605.1 11608.7 11611.4 11612.2 11609.4 11608 11607.1 11606.5 11609.1 11609.9 11607.7 11605.7 11606.6 11607.1 11607.4 11607.9 11609.4 11610.5 11609.6 11610.4 11614.1 11616.4 11618.5 11619.9 11624.2 11628.2 11628.3 11627.1 11625.9 11626.7 11629.9 11633.7 11637.4 11640.5 11642.4 11643.4 11645 11646.7 11649.6 11653.1 11656.9 11660 11659.2 11658.5 11660.9 11662.8 11662.7 11661.7 11665.2 11668.1 11669.7 11670.5 11671.2 11672.1 11673.2 11675.3 11677.7 11675.1 11673.4 11671.3 11669.5 11667.8 11665.3 11662.6
11604.4 11605.2 11606.7 11605.2 11608.1 11610.2 11609.1 11608.6 11607 11606 11605.5 11607 11608.4 11607.2 11606 11606.1 11606.9 11607.9 11609 11610.5 11610.7 11610.1 11611.6 11614.8 11617.7 11619.2 11621.1 11625.2 11628.4 11630 11629.3 11627.6 11628.4 11631.9 11636 11640.2 11644.3 11646.7 11645.9 11646.8 11648.5 11651 11654 11656.8 11658.1 11658.8 11661.4 11662.7 11663.2 11663.4 11662.1 11666.7 11669.9 11671 11671.5 11671.8 11671.7 11671.5 11670.8 11671.6 11673.9 11674.6 11674.4 11673.6 11671.9 11669.3 11667
11604.2 11606.1 11607.9 11608.2 11608.6 11610.6 11611.4 11607.8 11605.9 11604.7 11604.4 11604.9 11606.3 11605.8 11605.6 11605.9 11607.3 11608.7 11610 11610.2 11610.7 11608.6 11610.7 11616.4 11619.2 11620 11621.5 11623.9 11627.7 11629.8 11629.9 11629.3 11630.7 11634.1 11638.2 11642.4 11646 11647.9 11647.6 11647.7 11649.6 11652.2 11654.7 11657 11658.6 11658.4 11659.8 11662.1 11662.7 11661.9 11662.8 11667.8 11670.9 11671.9 11672.2 11672 11671.5 11670.7 11669.8 11671.2 11674.1 11676.5 11677.9 11678.1 11677.2 11674.8 11672.4
11603.3 11606 11609.1 11609.3 11608.4 11609.4 11609.3 11606 11604.5 11603.3 11602.4 11602.7 11601.8 11601.9 11603.2 11605.7 11607.9 11609.9 11611.6 11613.4 11612.5 11610.6 11612.6 11617.5 11620.5 11620.9 11622.3 11626.3 11628.1 11630.5 11630.6 11630.8 11633 11636.4 11640.4 11644.5 11647.8 11649.8 11649.6 11648.6 11650.5 11652.9 11655.3 11657.5 11658.7 11658.4 11658.1 11662.9 11663.8 11662.6 11664.5 11667.9 11670.9 11672.5 11673 11672.8 11672.1 11671.1 11670.2 11672.2 11675.7 11679 11682.2 11684.4 11683.8 11681.9 11679.2
11601.4 11604.5 11609 11608.4 11607.3 11606.9 11605.9 11604.6 11603.4 11603 11602.7 11602.2 11601.9 11602.5 11604.4 11606.5 11608.9 11611.4 11613.5 11615.4 11615.6 11615.3 11616.7 11619.5 11620.7 11621.4 11624.1 11624.4 11626.9 11628.9 11631.3 11633.2 11635.4 11638.7 11642.4 11646.2 11650.2 11650.8 11648.9 11649.8 11651.9 11654.1 11656.4 11658.3 11659.6 11659.9 11659.7 11663.5 11666 11666.2 11667.8 11671.5 11673.4 11674.2 11674.2 11674.1 11673.6 11672.6 11672.6 11674.4 11677.7 11681.3 11685.3 11689.9 11689.3 11689.5 11689.6
11598.2 11601.8 11608.1 11608.7 11607 11605.8 11604 11602.3 11602 11601.9 11602.1 11602.5 11603.4 11604.7 11605.7 11607.6 11610.2 11612.7 11615.4 11618.1 11618.7 11619.5 11619.7 11621.5 11622.8 11622.1 11624 11623.3 11626.4 11629.3 11632.1 11634.3 11637.2 11640.2 11643.4 11646.6 11649.8 11651.2 11652 11652.1 11653.8 11655.8 11657.7 11659.5 11661.4 11662.1 11662.6 11666.6 11669.8 11668.7 11671.5 11674.6 11676.2 11676.6 11676.9 11676.7 11676 11675 11674.5 11677 11680 11683.1 11685.8 11687.8 11690.5 11693.1 11692.9
11594.5 11595.9 11604.1 11606.8 11606.3 11605.3 11603.6 11602.1 11601.2 11601 11601.5 11602.7 11604.2 11606.1 11607.2 11609.2 11611.4 11613.9 11616.6 11618.3 11618.6 11618.1 11620.5 11622.6 11623.2 11622.1 11623.3 11624.8 11627.6 11631.1 11633.7 11636.3 11638.9 11641.5 11644.2 11646.6 11648 11650.3 11652.3 11654.2 11655.7 11657.4 11659 11660.5 11662.2 11663.5 11665.2 11669.9 11674.5 11676.6 11676.5 11677.9 11679.1 11679.4 11679.6 11679.6 11679.6 11679.1 11678.8 11680.7 11682.9 11684.9 11686.5 11687.5 11691 11694.4 11694.5
11592.2 11594.5 11601.7 11605.1 11605.7 11605.9 11604.8 11602.4 11601 11600.2 11601.3 11602.9 11604.6 11606 11608.8 11610.7 11612.3 11614.5 11616.9 11618.7 11618.7 11619.2 11621.3 11624.5 11626.2 11625.6 11625 11626.4 11628.6 11631.7 11635.3 11638.3 11640.6 11642.8 11645 11647.2 11649.6 11651.2 11652.7 11655.9 11657.7 11659 11660.1 11661.1 11661.6 11662 11664.4 11669.3 11672.5 11674.7 11678.8 11682.8 11682.3 11682.3 11683 11683.4 11684.1 11684.7 11684.8 11685.8 11686.6 11687.5 11688.7 11690 11693.8 11697.7 11698.8
11590.7 11593.5 11598.9 11603.4 11604.3 11606 11605.1 11603.1 11601.2 11600 11601.6 11603.8 11605.8 11607.3 11609.1 11610.6 11612.5 11614.5 11616.1 11617.1 11617.6 11618.3 11621.6 11625.6 11630.4 11636.4 11632.7 11629.2 11630.6 11633.5 11637.4 11640.4 11642 11643.8 11645.6 11647.6 11650.3 11653.5 11657.3 11658.9 11659.5 11660.5 11661.6 11662.2 11662.2 11661.5 11664.2 11669 11671.8 11675.1 11677.9 11680.6 11683.5 11684.9 11685.6 11687 11688.7 11691.2 11692.1 11690.6 11690.2 11690.5 11691.6 11694.4 11699 11703.5 11704.2
11589.6 11592 11597.2 11600.8 11602.1 11605.4 11604.7 11603.5 11602 11601.2 11602.8 11605.2 11607.8 11610 11610.4 11610.4 11612.4 11614.4 11616.2 11616.3 11615.5 11617.7 11621.5 11625.4 11629.8 11637.2 11633.5 11632 11632.8 11634.9 11638 11640.9 11642.8 11644.6 11646.4 11647.8 11650 11653.9 11657.7 11659.6 11660.9 11662.9 11664 11664.8 11664.3 11663.4 11667.6 11673.1 11675.2 11676.2 11680.3 11683.7 11686.3 11687.7 11688.6 11689.7 11691.4 11694.9 11696 11693.8 11692.8 11693 11693.7 11696 11700.5 11707.7 11708.2
11590.6 11592.7 11596.3 11598.2 11600.3 11604.1 11604.2 11603.6 11602.9 11602.9 11604.1 11606.7 11609.9 11613 11613 11611.6 11613.2 11614.7 11615.8 11616.6 11617.2 11619 11621.6 11624.9 11627.9 11630.1 11634.1 11634.1 11634.1 11635.7 11637.9 11640.3 11643 11645.3 11647.4 11649.2 11651.7 11655.2 11656 11657.3 11661.9 11665.3 11667.4 11668.6 11668.8 11669.7 11674.3 11679.2 11678.7 11677.8 11684.4 11689.2 11690.2 11691 11691.5 11691.7 11691.3 11691.3 11693 11694.1 11694.7 11695 11695.5 11695.2 11696 11705.1 11706.8
11596 11594.8 11594.6 11597.5 11600.1 11602.6 11603.2 11603.2 11602.7 11603 11604.7 11607.4 11610.9 11614.7 11615.4 11614.1 11614.6 11615.7 11616.6 11617.9 11619.4 11620.2 11622.1 11624.4 11626.8 11629.9 11633.4 11635.4 11635.8 11636.8 11638.9 11640.9 11643.5 11646.4 11649.5 11652 11654.3 11657 11658.2 11659.7 11665.6 11669.3 11671.5 11673.6 11676.8 11682 11680.7 11686.3 11683.2 11680.2 11686.1 11691.3 11694.2 11695.1 11694.9 11694 11691.7 11687.1 11690.4 11694.5 11696.5 11697.5 11698.4 11699.4 11701.8 11702.6 11705.2
11593.6 11594.7 11592.9 11595.5 11597.5 11601.1 11601.9 11602.3 11602.3 11602.3 11604.2 11607 11610.2 11613.3 11614.7 11615 11615.2 11616.8 11618 11619.2 11619.3 11621.5 11623.6 11625.4 11626.7 11628.1 11633.3 11636.3 11638.5 11637.6 11637 11640.4 11644.2 11647.8 11651.8 11656.8 11658.7 11659.1 11665.2 11672.6 11672.9 11673.1 11674.3 11676.5 11680.6 11682.5 11686.1 11688.2 11689.7 11687.9 11695.1 11697.9 11698.5 11698.4 11697.6 11697.1 11696.6 11696.2 11696.1 11697.4 11698.6 11700 11701.9 11704.2 11707.1 11706.8 11707
11588.8 11590.8 11591.6 11593.8 11595.3 11598.8 11599.6 11600.7 11600.9 11600.6 11602.6 11605.4 11608.4 11610.8 11611.8 11612.2 11613.7 11616.7 11620.2 11620.2 11621 11622.5 11625.5 11628.1 11628 11628.5 11633.6 11635.1 11637.1 11637.6 11638.4 11641.4 11645.4 11649.1 11652.5 11656.4 11660.6 11666.5 11671.4 11677.7 11676.9 11676.4 11677 11678.2 11679.7 11684.4 11693.3 11690.5 11691.2 11696.7 11704 11703.8 11702.7 11701.8 11700.4 11700.2 11701.3 11704 11701.8 11701.2 11702 11703.2 11704.8 11706.9 11710.1 11709.1 11709.7
11587.1 11588.4 11589.9 11592.5 11593.5 11595.6 11595.9 11596.5 11598.2 11597.7 11600.3 11603.4 11606.4 11609.1 11610.9 11609.6 11611 11614.6 11617.7 11620 11620.2 11622.5 11628 11633.7 11636.1 11631.3 11629.7 11631.4 11633.8 11636.5 11640 11643 11647.1 11650.9 11653.2 11653.9 11659.2 11665.7 11669.9 11674.3 11675.8 11676.9 11678.9 11681.4 11683.9 11692.8 11701.1 11702.4 11711.9 11705.2 11706.7 11706.8 11705.7 11704.3 11703.4 11702.3 11702.6 11702.4 11703.3 11703.5 11704.5 11706.1 11706.9 11707.8 11707.5 11708.6 11712.9
11584.8 11586.8 11586.8 11587.3 11590.3 11591.5 11590.3 11589.6 11588 11593.3 11597.3 11600.9 11604.1 11606.9 11607.4 11607.4 11609.1 11613.6 11617.7 11620.7 11621.4 11622.7 11629.8 11639 11648.6 11643.1 11629.8 11629 11631.1 11634.8 11639 11644.2 11649.8 11654.8 11658 11657.8 11659 11660.7 11665.7 11669.6 11672.8 11676.3 11680.9 11686.7 11698.5 11707.7 11705.2 11709.1 11716.9 11713.4 11714.4 11709.9 11707.2 11705.4 11704.4 11703.6 11703.6 11704.2 11705 11705.7 11706.9 11708.6 11709.4 11709.7 11708.6 11710.4 11716.7
11581.4 11583.7 11581.5 11578.8 11580 11583 11583.7 11584 11585.6 11590.8 11594.8 11598.3 11601.8 11605.1 11608.9 11608.7 11610.3 11612.5 11615.8 11620.4 11622.1 11621.3 11628.9 11638.3 11648.6 11641.6 11630 11629.2 11631.3 11633.9 11638.4 11645.5 11652.9 11660.1 11667 11669.8 11663.3 11659.8 11663.1 11665.5 11668.9 11674.9 11682.2 11692.3 11706 11707.7 11703.8 11713.6 11717.5 11707.6 11708.8 11708.4 11706.9 11705.9 11705.1 11704.4 11704 11704.6 11705.9 11707.3 11709.3 11710.9 11712 11713 11713.1 11715.6 11720.9
11574.3 11573.5 11574.6 11573.7 11574.4 11575.7 11578.4 11580.2 11584.8 11590.2 11592.8 11596.1 11599.4 11602.4 11604.5 11607.8 11611.1 11614.2 11614.8 11615.5 11617.2 11620.5 11625.8 11631.9 11635.3 11631.3 11629.2 11631.2 11633.5 11634.9 11639.4 11647.6 11656.3 11664.7 11672.8 11677.4 11672 11667.1 11665.4 11663.7 11666.6 11673.9 11681.3 11690.3 11701.6 11703.6 11702.9 11709.5 11713.7 11703.8 11704.8 11705.9 11705.7 11705.7 11705.5 11705.3 11704.8 11705.7 11707.9 11709.9 11711.9 11713 11714.9 11716.5 11718.7 11719.3 11724.2
11570.3 11570.2 11571.3 11572.2 11574 11573.9 11576 11577.8 11580.8 11586.2 11590.4 11594.1 11597.5 11600.4 11602.8 11606.7 11610.9 11613 11611.7 11609.3 11611.8 11617 11621.3 11625.1 11627 11628.6 11630.9 11636.1 11637.7 11638.3 11642.6 11650.5 11659.9 11668.6 11673.5 11676.9 11680.8 11677.3 11670.8 11668.4 11670.2 11675.2 11681.1 11683.5 11692.3 11698.8 11702.5 11708.6 11707.7 11701.8 11702.4 11704.3 11705.3 11706.3 11707.2 11707.5 11706.9 11708.2 11710.8 11712.8 11714.4 11715.3 11717.4 11719.5 11721.7 11722.1 11726.7
11571.9 11570 11571.3 11572.4 11575.6 11575.2 11576.8 11578.7 11580.6 11583.7 11588.5 11592.6 11596.2 11599.3 11602.1 11606.1 11610.1 11611 11609.4 11606.4 11609.1 11613.6 11618.3 11621.5 11622.9 11625.8 11631.5 11641.4 11641.3 11639.4 11644.6 11654.2 11664.2 11673.9 11682.8 11683.6 11680.5 11678.5 11675.4 11672.1 11671.2 11679.1 11686.1 11691.9 11688.2 11695.6 11701.2 11701.1 11703 11704.3 11703.6 11704.9 11707.2 11708.8 11710 11711.3 11713.4 11713.6 11714.7 11715.8 11716 11717.8 11719.8 11722.1 11725.1 11726 11729.3
11573.8 11572 11573 11575 11578.1 11577.6 11578.8 11580.9 11582.4 11584.2 11588.1 11592 11595.6 11599.1 11602.7 11606.5 11609 11610.2 11610.2 11610.6 11611.6 11614.6 11618.6 11622.1 11624.5 11627.2 11634.4 11643.4 11643.3 11640.6 11648.6 11659.1 11668.3 11677.2 11685.6 11685.7 11679.7 11680.8 11681.7 11681.5 11683.1 11688.4 11693.1 11696.8 11696.6 11697.4 11699.5 11701.5 11702.4 11704.2 11704.6 11706.7 11709.2 11711.6 11713.3 11714.8 11716.2 11717.6 11718.7 11719.9 11720.7 11720.2 11721.8 11723.8 11727.1 11729.7 11732
