real_craters/C089-500m.grd
DSAA
123 123
-30.59 30.59
-30.59 30.59
10689.593910037 12133.546811617
[rows 60 to 89 of 123, columns 0 to 66 of 123]
11606.1 11607.9 11609.6 11613 11621 11620.6 11619.9 11620.4 11624.2 11627.3 11629.5 11631.5 11634 11636.2 11637.8 11639.9 11647.2 11653.9 11660 11664.9 11670.4 11688.5 11695.6 11698 11711.9 11719.3 11728.5 11732.7 11734.4 11737.1 11742.7 11733.7 11724.8 11729 11731.3 11733.6 11735.1 11727.6 11735.6 11753.9 11774.9 11831.8 11927.9 12133.5 11981.3 11680.8 11458.2 11299.1 11149.9 11015.4 10900.3 10829.9 10811.4 10793.8 10778.2 10765.4 10756.5 10749.4 10743.1 10732.8 10717.5 10732.5 10760.6 10779.9 10794.5 10801.2 10801.7
11608.8 11609.4 11610 11611 11617.8 11620.6 11620.8 11620.9 11622.1 11627.8 11630.6 11632.9 11635.9 11640.3 11642.5 11646.3 11652.7 11659.7 11666.5 11671.6 11673.8 11680 11696.6 11710.4 11713.7 11716 11722.2 11730.7 11735.4 11739.1 11735.3 11733.3 11734.1 11736.2 11738.7 11740.4 11742.1 11733.3 11739.6 11749.3 11766.3 11820.6 11915 12105.5 11984.9 11700.1 11500.9 11339.7 11184.2 11039.7 10913.9 10832.1 10811.6 10791.9 10776.6 10765.5 10758.7 10753.9 10748.4 10738.5 10729.1 10746.8 10776.2 10802.4 10822.8 10836.5 10842.5
11609.9 11611.1 11612 11614 11618.2 11621 11621.5 11621.6 11623.3 11627.8 11630.8 11633.2 11635.6 11640.1 11647.1 11652.7 11658.8 11666.1 11672.5 11675.9 11675.4 11682.8 11700.1 11713.1 11717.2 11718.8 11727.8 11731.4 11734.9 11737.2 11739.9 11737.3 11745.2 11745.2 11744.5 11745.2 11746.2 11741.4 11742 11747.5 11759.4 11802.7 11883.9 12074.7 12027.4 11769.4 11583.9 11409.8 11243.3 11080.6 10939.9 10842.8 10817.2 10793.1 10775.5 10767.4 10763.4 10760.4 10759.4 10757.6 10762.3 10779.5 10806.1 10835.3 10863.3 10887.4 10900.8
11611 11612.6 11614.6 11617.5 11621.1 11622.3 11622.1 11622 11623.8 11627.7 11631 11633.3 11635.9 11641.3 11649.5 11656.4 11661.8 11669.8 11679.3 11685.7 11684.6 11690.7 11707.2 11719.4 11718 11718.9 11727 11729.2 11731.8 11734.6 11731.8 11740.4 11749.8 11750.2 11750.4 11751.1 11751.9 11747.4 11746 11744.2 11758.8 11790.4 11852.5 12024.6 12087.7 11876.8 11695.7 11513.6 11328.6 11136.1 10978.6 10864.8 10830.7 10801.8 10780.3 10773.2 10773.8 10769.9 10773.5 10781.4 10798.4 10812.9 10837 10867.2 10901.9 10933 10968
11611.3 11613.2 11616 11619.4 11622 11622.7 11622.1 11622 11623 11628.2 11631.2 11633.4 11635.8 11639.1 11644.9 11652.2 11660.3 11670.5 11683.6 11698.7 11709.2 11703.9 11709.9 11715.6 11714.7 11709.4 11713.6 11724.6 11729.2 11732.8 11731.8 11734.3 11749.8 11751.8 11752.3 11753.9 11755.7 11754.3 11759 11765.2 11767.4 11790.3 11850.4 11986.1 12117.7 12003.9 11816.2 11618.2 11415.3 11215.7 11029.8 10897.3 10854.3 10820.3 10796.9 10789.3 10787 10782 10786.6 10798.5 10817.1 10837.1 10865 10898.5 10935.9 10975.8 11020.8
11611.3 11613.3 11615.3 11618.2 11620.2 11621.5 11622 11621.9 11623 11628.1 11631.9 11634.3 11636.1 11640.1 11638.6 11645.2 11655.9 11667.2 11679.4 11694.1 11713.5 11708.3 11710.7 11712.7 11712.1 11714 11720.2 11724 11727.2 11728 11735.4 11742.2 11747 11749.3 11751.7 11754.9 11755.1 11759.2 11767.1 11770 11771.4 11790 11842.4 11976.6 12110.6 12085.1 11915 11713.4 11499.6 11279.8 11094.1 10940.7 10880 10846.2 10826.4 10814.9 10811.9 10805.8 10806.1 10811 10822.9 10856.5 10890.7 10925.2 10961.3 11000.2 11042.4
11613.2 11614.4 11613.9 11616 11619.6 11621.7 11622.7 11622.5 11622.6 11628.2 11632.7 11635.7 11637.9 11637.8 11637.2 11642.9 11652.3 11662.6 11673.6 11689.4 11701.1 11699.1 11705.5 11708.3 11707.6 11710.5 11721.7 11724.4 11727.8 11729.8 11739.2 11741.5 11740.4 11745.9 11750.5 11755.4 11757.4 11761.5 11765 11761.6 11774.4 11796.6 11842.8 11949.7 12083.7 12120.9 11964.3 11773.7 11553.1 11355.4 11167.5 11003 10911.1 10877.6 10857.5 10848.6 10844.3 10841.3 10839 10838.1 10851 10884.8 10919.3 10952.9 10984.5 11015 11039.9
11618.5 11618.1 11616.7 11618.4 11621.9 11624.1 11624.5 11624.3 11624.9 11629.6 11634 11635.9 11637.8 11637.3 11637.6 11642.9 11651.8 11660.7 11668.3 11680.2 11697.1 11696.9 11695.1 11697.5 11700.4 11702.4 11711.5 11724.6 11730.1 11737.6 11738.7 11734 11735.9 11742.6 11748.8 11754 11756.7 11763.6 11771 11771.1 11783 11811.3 11854.2 11911.2 11967.4 12061.2 11967.5 11804.4 11611.9 11429.2 11251.4 11079.9 10961.3 10923.8 10903 10896.5 10894.7 10890.2 10884.3 10883.7 10897.1 10925.7 10958.9 10986.4 11012.6 11031 11038.6
11623.6 11623 11624.4 11623.8 11625.1 11626.7 11626.5 11626.5 11627.9 11632 11635.1 11635.7 11635.6 11635.9 11636.3 11644.2 11653.4 11663.1 11671.6 11682.8 11696.4 11698.4 11692.2 11694.1 11698.8 11703.3 11721.3 11727.7 11731.7 11733.6 11740.3 11737.6 11738.2 11742.9 11747.4 11749 11754.7 11763.8 11776.4 11784.2 11786.2 11804.2 11852.2 11892.3 11942.7 12011.8 11947.9 11817.8 11664 11502 11342.1 11174.7 11034.5 10991.6 10974 10965.7 10955.1 10946 10938.8 10932.3 10946.5 10976.9 11007.9 11035.4 11053.9 11061.3 11058.7
11625 11623.8 11624.4 11624.8 11626.2 11628.8 11627.3 11627.3 11629 11633.1 11636.3 11636.2 11635.9 11636.7 11639.9 11648.9 11658.4 11668.2 11678.3 11687.5 11696.4 11705 11700.6 11700.4 11702.9 11707.1 11720.3 11725.5 11732.1 11741.4 11744.6 11748.7 11747.5 11745.4 11746.8 11749.6 11752.1 11758.9 11770.9 11781.7 11778.3 11786 11827.9 11875.7 11933.3 11979.9 11931.8 11832.4 11704 11566 11430.4 11292.6 11126.9 11079 11062.7 11051.7 11034.2 11020.7 11007.1 10998.1 11010.7 11039 11067.2 11091.2 11108.1 11115.3 11117.2
11621.2 11620.2 11619.8 11621.7 11623.5 11624.9 11625.3 11626.2 11628.2 11633.4 11636.3 11637 11637.8 11639.1 11646.2 11654.7 11662.9 11672.1 11683 11690 11693.8 11696.4 11702.9 11707.3 11710.4 11710.8 11711.4 11717.4 11725.2 11733 11740.6 11745.6 11747.1 11746 11746.1 11746.7 11747.8 11751.1 11756.9 11764.9 11766.5 11778.7 11827 11856 11894.4 11942.2 11918.2 11844.1 11739.7 11619.7 11493.3 11366.1 11240.3 11178.5 11152.1 11136.5 11119.8 11105.9 11091 11082.5 11092.4 11111.3 11132.1 11150.8 11169.3 11184.7 11206.8
11614.3 11615.9 11616.6 11618.8 11620.5 11620.9 11622.9 11624.1 11625.3 11627.3 11633.8 11638.1 11640.6 11644.4 11654.4 11660.2 11664.8 11671.9 11680.6 11683.7 11685.7 11688.7 11704 11714.6 11722.6 11725.2 11720.5 11721 11726 11731.6 11740.1 11745.5 11742.7 11744.3 11744.2 11743.6 11742.3 11742.9 11750.2 11753.1 11756.8 11772.2 11816.7 11845 11882.6 11929.7 11916.8 11861.1 11780.7 11676.6 11551.2 11430.7 11340.7 11275.5 11239.7 11219.8 11212.7 11204.3 11191.7 11184.5 11188.9 11198.5 11208.3 11221.4 11235.9 11253.3 11287.5
11611.3 11612.8 11614.4 11616.5 11618.7 11621.2 11621.9 11622.2 11623 11625.3 11632.3 11637.6 11640.9 11646 11657.3 11659.7 11662.4 11666.9 11673.7 11673.4 11676.9 11693.5 11709.3 11723.9 11737.1 11746 11739.6 11735.8 11739.6 11741.3 11740.4 11739.9 11744.9 11745.8 11744.2 11741.3 11738.4 11735.2 11734.7 11743.7 11752 11772.7 11811.5 11835.9 11871.5 11911.3 11911.3 11879 11828.7 11754.9 11648.1 11533 11432.3 11373.7 11342.6 11315.1 11321.7 11317.8 11307.9 11284.8 11295.6 11296.3 11296.5 11295 11300.8 11312.9 11333.1
11609 11611.1 11612.8 11614.8 11617 11619 11619.9 11620.6 11621.4 11623.6 11630.4 11634.7 11638.1 11640.8 11645.7 11652.3 11657.1 11660.2 11663.6 11678.5 11689 11705.7 11720.8 11731.8 11745.6 11756.1 11753.1 11750.3 11754.4 11750.9 11747.5 11747 11752.2 11748.5 11746.2 11742.8 11739 11736 11739.7 11745.7 11753.2 11774.4 11806.2 11826.6 11855.6 11886.7 11902.1 11896.8 11881.5 11858.3 11811.5 11701.1 11563.9 11495.9 11479.7 11482.2 11451.5 11435.6 11455.4 11460.6 11415.7 11392.4 11381.7 11377.3 11373 11370.6 11369.3
11607.9 11609.5 11611.2 11613.3 11615.4 11617 11618.6 11619.6 11620.4 11622 11628.4 11631.1 11634.9 11639.5 11643.2 11648.6 11653.5 11657.9 11662.9 11679.3 11699.5 11706.8 11717.8 11733.6 11745.3 11756.2 11757 11761.9 11758.2 11753.7 11750.3 11750.4 11745.8 11750.4 11749.8 11747.5 11744.1 11743 11753.1 11753.8 11758.4 11780 11798.3 11814.6 11839.1 11866.6 11888.9 11906.6 11924.2 11947.1 11976.1 11868.4 11722.7 11638.9 11604.9 11581.2 11529.1 11507.8 11528 11547.6 11500.7 11479.2 11469.7 11466.2 11456.7 11439.7 11425.3
11608.5 11607.4 11609.2 11611.8 11614.5 11617.3 11619 11619.4 11620.2 11622.1 11628.9 11631.9 11632.6 11634.2 11641 11646.4 11651.6 11660 11673.8 11687.2 11696.8 11705.4 11726.5 11733.2 11739.1 11743.6 11749.1 11746.5 11744.1 11751.7 11752.3 11758.1 11759.4 11759.3 11758.1 11755.6 11753.1 11751.6 11759.1 11761.6 11764.3 11778.4 11781.6 11789 11819.2 11849.4 11877.8 11905.4 11935.2 11972.2 12002.5 11955.3 11874.8 11797.7 11705.4 11597.3 11550.6 11535.7 11510.3 11520 11542.5 11550.8 11552.1 11555.8 11552.1 11540.5 11511.4
11605.2 11606.8 11608.5 11610.9 11613.4 11615.6 11617.1 11618.7 11620.1 11622.4 11627.5 11630 11631.5 11633 11636 11640.3 11647.9 11656.4 11666.8 11677.7 11686.8 11697.6 11718.8 11724.4 11733 11742.2 11746.3 11747.7 11754.6 11760.6 11768.6 11772.9 11777.1 11771.6 11768.2 11765.8 11764.1 11764.6 11768.7 11769.2 11768.5 11765.1 11768.9 11777.4 11806.5 11837.5 11868.3 11890.9 11917.7 11945.7 11969.5 11982 11989.3 11955.4 11817.8 11673.1 11622.5 11603.4 11546.6 11556.2 11600.5 11621.7 11636.8 11655.5 11675.8 11692.1 11701.6
11604 11606.1 11608.1 11610.4 11612.7 11614.9 11616.7 11618.6 11620.2 11622.3 11627.9 11630.5 11631.4 11633.2 11635.4 11639.2 11645 11651 11659.1 11670.3 11682.1 11691.1 11692.2 11708.5 11722.6 11735.7 11748.9 11760.5 11768.2 11768.1 11770.3 11779.7 11784.6 11780.8 11777.8 11775.8 11774.7 11774.8 11775.5 11776.4 11775.6 11763.4 11773 11785 11803 11823.4 11842.1 11863.8 11884 11901.2 11921.7 11962.7 12005.6 12006.4 11902.4 11828.6 11791.3 11752.6 11718.3 11696.9 11697.9 11705.5 11722.3 11749 11790.3 11857.8 11948.8
11604.8 11606.2 11607.7 11610.2 11612.5 11615.3 11618 11619 11620.3 11621.9 11624.3 11629.6 11631.1 11633.3 11636.8 11640.9 11643.5 11647.3 11654.8 11663.9 11671.3 11673.2 11678.7 11697.8 11723.2 11739.3 11751.2 11764.7 11771.5 11772.2 11773.9 11785.2 11791.4 11788.3 11785.5 11782.8 11782.4 11785.7 11782.8 11781.7 11783.2 11778.7 11791.5 11799.9 11803.6 11811.2 11820.1 11835.4 11849.9 11859.2 11875.4 11915.2 11940 11931.5 11913.3 11910.5 11904.6 11882.8 11918.3 11844.9 11793.7 11778.8 11788.8 11814.1 11859.7 11930.7 11993.3
11604.5 11605 11607.3 11610.2 11612.8 11615.1 11617.2 11619 11620.7 11622.5 11624.6 11629.7 11631.8 11634.5 11638.1 11641.2 11642.2 11643.6 11650 11658.4 11667 11674.1 11672.4 11690.6 11716.2 11733.7 11747.8 11760.4 11767.3 11774.9 11783.8 11789.8 11795.1 11796.4 11790.3 11786.5 11784.7 11782.6 11781.5 11780.8 11786.8 11796.1 11801.7 11804.3 11802.4 11803.2 11804.8 11815.6 11825.8 11830.8 11842.7 11869.6 11878.8 11860.1 11877.5 11885.4 11883.8 11900.8 11913 11883.3 11845 11827.7 11827.5 11845.2 11876.7 11916.1 11937.8
11604.3 11603.7 11608.1 11611.2 11613.4 11615 11617.1 11618.9 11621.2 11624 11628.1 11631.5 11634.1 11636.7 11639.3 11641.1 11641.9 11642.2 11647.4 11654.5 11661.1 11662.1 11673.7 11690.2 11704.7 11721.4 11737.7 11754.3 11760.3 11765.4 11776.1 11789.4 11805.4 11792.8 11789.4 11787.3 11785.7 11782.3 11778.7 11775.3 11780 11794 11798.9 11798.3 11797.4 11798.5 11801.7 11807.3 11814.5 11821 11829.3 11841.7 11845.3 11841 11850.6 11858.4 11862.3 11870.6 11872.9 11868.7 11854.2 11844.4 11841.3 11851.1 11868.6 11883.4 11890.3
11612.1 11611.2 11612.7 11613.2 11614 11615.1 11616.4 11618.5 11621.1 11624.1 11627.6 11633.6 11638.5 11639.4 11640.5 11642 11643.1 11643 11645.9 11652.8 11657.9 11659.7 11677.4 11690.6 11692.7 11706.7 11722.2 11735.4 11740.4 11754.8 11768.5 11780.8 11786.6 11781.6 11784.4 11787.3 11787.5 11785.7 11778.4 11771.5 11772.9 11780.2 11779.4 11787.3 11792.1 11795.4 11797.5 11803 11810.3 11816.1 11822.2 11827.6 11832.7 11837.6 11840 11838.6 11835.9 11840 11843.6 11848.3 11847.5 11845.1 11845.9 11851.7 11855.3 11858 11868.6
11627.2 11626.1 11618.1 11616 11615.7 11615.9 11616.2 11618.9 11621.7 11624.7 11628.4 11636.9 11638.7 11640 11641.1 11641.8 11645.5 11650.5 11649.6 11653.5 11659.8 11663.7 11672.4 11681.5 11684.4 11693.6 11706.1 11722.5 11744.4 11752.8 11763.7 11773.3 11776.3 11776.7 11782.4 11787.2 11792.9 11786.2 11780.6 11774.8 11773.9 11775.4 11774.5 11782.3 11789 11794.5 11802.5 11809.3 11808 11810.9 11815.6 11820.6 11825.8 11832 11830.9 11823.9 11819.3 11819.8 11823.5 11833.2 11840.6 11846.4 11848.9 11850.2 11847.7 11846.2 11889.5
11620.2 11618.9 11618.4 11617.6 11617.4 11617.6 11618.5 11620.1 11622.5 11625.5 11628.6 11635.5 11637 11639.4 11641.8 11644.5 11647.7 11649.1 11649.6 11652.8 11657.7 11660.7 11663.7 11668.1 11673.9 11681.9 11692.4 11710 11746.3 11759.1 11764 11771.2 11780.6 11784.3 11781.8 11785.9 11790.5 11789.2 11784.5 11780.4 11780.2 11781.7 11783.7 11786.5 11789.9 11793 11796 11796.6 11801.7 11803.9 11811.3 11815.8 11819.8 11821.8 11819 11810.6 11803.9 11803.3 11811 11820.2 11830.3 11838.4 11843.2 11845.1 11845.3 11841.8 11840.5
11616.6 11615.8 11618.2 11618.9 11619 11619.5 11620.1 11621.3 11623.2 11626 11629 11633.5 11635.7 11638.8 11642.4 11645.9 11648 11647.5 11648 11650.4 11653.3 11655 11656.2 11656.8 11663.7 11672.3 11685.7 11710.7 11735.3 11765.8 11757 11765.5 11774.8 11775.8 11779.8 11781.7 11785.2 11788.7 11788.1 11787.1 11783.3 11791.1 11795.1 11793 11792.4 11791.5 11788.3 11785.8 11798.4 11807.6 11810.9 11813.3 11814.6 11812.1 11807 11799.4 11789.5 11787.5 11799.3 11811 11822.4 11831.6 11838.4 11842.9 11846.9 11852.5 11838.7
11622 11623.5 11621.1 11620.6 11620.7 11621.4 11622.6 11623.2 11623.6 11624.2 11627 11632.2 11634.7 11639 11642.9 11646.6 11648.5 11646.9 11647.1 11648.3 11649.7 11653.6 11656.3 11656.5 11661.1 11665.7 11673.5 11701.2 11742.4 11710.3 11737.4 11756.9 11773.6 11791.4 11782.7 11777.5 11775.4 11783.3 11788.9 11795.8 11790 11796.9 11800.2 11797.9 11795.7 11793.9 11792.6 11793.5 11802.3 11810.1 11811 11812.3 11812.1 11808.4 11802.2 11796.7 11788.8 11786.8 11797.8 11809.2 11820.6 11830.6 11838.3 11843.7 11846.6 11846.8 11846.1
11626.3 11624.9 11623.3 11622 11621.7 11622.3 11624.2 11624.4 11623.8 11624.6 11626.9 11630.8 11635.4 11640.1 11643.5 11646 11646.1 11647.8 11647.6 11647.6 11648.8 11654.2 11658.1 11658.7 11661 11662.8 11668 11693.8 11729 11720.1 11731.7 11750 11764.2 11769.8 11774.2 11775.4 11775.7 11781.1 11787.2 11790.8 11795.7 11800 11801.1 11800.1 11798.6 11797.8 11798.5 11803.6 11800.8 11803.6 11809.5 11813.2 11814.1 11811.9 11807.6 11803.1 11797.4 11795.6 11803.1 11812.3 11822 11831.1 11839.1 11846 11849.6 11846 11841.4
11633.4 11629.4 11625.1 11622.9 11622.3 11622.3 11622.7 11622.9 11623.6 11625.1 11628.2 11632.3 11639.4 11642.5 11644.5 11646.5 11648.4 11647.1 11647.6 11648.2 11650.1 11655.3 11660.3 11659 11660.5 11663.7 11670.6 11688.1 11711.2 11725.6 11733.3 11745.6 11757.8 11766.6 11770.3 11778.9 11778.5 11781.8 11789 11795.7 11802.7 11800.4 11801.1 11801.2 11801 11801 11800.3 11797.1 11795.5 11800.3 11811.5 11817.5 11820.2 11820.4 11818.4 11815.2 11810.7 11809 11813.7 11821.8 11831 11839.2 11846.9 11853.8 11861.1 11858.1 11846.4
11639.8 11630.3 11625.3 11623.9 11623.2 11622.6 11622 11622.3 11624.2 11626.5 11631.4 11637.1 11643.9 11644.6 11645.5 11646.9 11649.3 11648.7 11648.9 11648.8 11650.3 11654.6 11657.8 11658.4 11661.2 11664.9 11672.5 11680.1 11689.8 11714.7 11728.5 11740 11752.4 11768 11777.1 11780.4 11780.1 11785.8 11793.8 11798.3 11799.1 11801.1 11801.2 11801.7 11803.6 11805.2 11805.8 11803.7 11807.6 11814.6 11820.9 11825.5 11828.5 11830.8 11832.2 11829.9 11826.2 11824.6 11826.8 11831.8 11838.4 11845.4 11851.7 11857.7 11862.8 11861.6 11855.1
11645.6 11632.6 11626.6 11625.8 11624.9 11624 11623.3 11623.5 11626.7 11630.7 11635.8 11641.7 11645.4 11645.6 11646 11646 11646.6 11652.3 11650.5 11650.1 11650.4 11653.8 11655.1 11656.1 11661.3 11662.8 11665.6 11672.6 11681.6 11708.3 11722.3 11733.2 11742.5 11753.7 11777.6 11786.6 11790.1 11787.1 11791.5 11797.1 11795.9 11796.6 11798.7 11801.6 11805.8 11810.4 11815.9 11823 11834.5 11834.7 11832.9 11834.4 11837 11840.4 11844.6 11843.4 11839.9 11838 11838.9 11841.8 11845.6 11850.8 11855.2 11859 11860.8 11863.4 11862.8
