real_craters/C089-300m.grd
DSAA
205 205
-30.59 30.59
-30.59 30.59
10689.039096863 12135.299350156
[rows 30 to 59 of 205, columns 68 to 135 of 205]
11662.1 11663 11663.8 11664.3 11664.5 11664.4 11664 11663.3 11664 11667.6 11671.1 11673.7 11674.9 11675.4 11676.3 11678.6 11680.9 11682.7 11684.8 11686.1 11687.2 11687.8 11688.4 11688.9 11689.6 11690.5 11691.9 11693.9 11696.6 11695.9 11694.4 11693.4 11692.9 11692.7 11692.9 11693.1 11693.9 11695.4 11697.7 11700.7 11704.7 11708.7 11708.7 11706.8 11704.9 11703 11701.1 11696.2 11690.6 11685.7 11681.6 11679.8 11681.2 11684.5 11687.5 11694.1 11694.5 11693.4 11693.7 11693.9 11694.8 11695.6 11695.7 11695.7 11696.2 11696 11696.6 11697.2
11663.1 11664.5 11665.5 11666.3 11666.7 11666.6 11666.2 11666.4 11668.6 11671.4 11674.6 11677.3 11678.8 11675.7 11677.1 11680.4 11684.6 11686.9 11687.8 11688.6 11689.4 11689.7 11690.1 11690.6 11690.9 11691.2 11691.8 11693.2 11695.7 11695.1 11694.5 11694.1 11693.8 11693.8 11694 11694.3 11694.7 11695.1 11695.4 11697.6 11703.5 11708.9 11708.4 11706.8 11704.9 11702.6 11699.4 11695.7 11691.2 11686.7 11682.8 11681.2 11683.7 11687.1 11691 11696.1 11697.4 11697.5 11699.3 11699.9 11701.2 11701.8 11701.6 11701 11700.3 11700.6 11700.8 11700.7
11664.8 11666.4 11667.5 11668.5 11669.3 11669.8 11669.7 11670.5 11673.1 11675.4 11678.6 11680.7 11679.6 11676.4 11678.3 11681.8 11686.3 11689.2 11690 11690.7 11691.7 11692.1 11691.8 11692.1 11691.8 11691.5 11690.9 11690.4 11690.9 11692.4 11693.5 11694.2 11694.7 11695.1 11695.5 11695.6 11695.8 11695.7 11695 11696.1 11701.4 11705.2 11706.5 11705.9 11704.4 11702.2 11699.4 11696.1 11692.3 11688.7 11685.5 11684.2 11688.4 11693.1 11698.2 11702.6 11704.2 11705.4 11707.7 11709.7 11710.2 11709.6 11708.8 11707.5 11706.3 11706.2 11705.8 11705.2
11667 11668.7 11670 11671.1 11672.4 11673.8 11675.7 11678 11676.7 11679.1 11682.6 11685.2 11683.3 11677.6 11679.5 11683.1 11686.4 11689.6 11691.9 11693.1 11693.9 11694.2 11693.8 11693.6 11693 11692.1 11690.5 11688 11686.7 11690.4 11693 11694.5 11695.6 11696.4 11696.9 11697.2 11697.6 11697.9 11698.1 11699.3 11701.5 11702.9 11705 11705.1 11704.1 11702.1 11699.6 11696.9 11694.3 11692.1 11690.4 11690.6 11696.3 11703.5 11711.8 11714.3 11715 11716.1 11717.8 11719 11719 11718.1 11717.1 11715.6 11714.1 11713.3 11712.2 11710.6
11669.5 11670.8 11671.9 11673.2 11674.8 11677.2 11680.1 11683.2 11682.2 11683 11686 11689.8 11689.3 11679.4 11682.2 11686.2 11689.2 11692.3 11694.5 11695.6 11696.1 11696.3 11695.9 11695.3 11694.8 11693.9 11692.2 11689.5 11688.2 11691.6 11693.9 11695.6 11696.7 11697.7 11698.4 11699.1 11699.8 11700.8 11702.2 11704 11704.5 11704.8 11705.4 11705.5 11704.6 11702.9 11700.5 11698.2 11697.5 11697 11697.1 11698.8 11705.8 11716.2 11727.8 11730.3 11729.8 11729.7 11729.1 11727.8 11726.6 11726.9 11726.6 11725.2 11723.4 11721.4 11719 11716.4
11672.6 11673.1 11673.9 11675 11676.5 11678.9 11681.6 11682 11683.8 11685.9 11687.6 11688.9 11689.8 11684.9 11687.4 11691.8 11695.4 11697.2 11697.9 11698.2 11698.3 11698.1 11697.9 11697.1 11696.9 11696.4 11696.2 11695.6 11695 11695.6 11696.5 11697.5 11698.1 11699 11699.8 11701 11702 11703.4 11705.1 11706.9 11707 11706.7 11706.8 11706.7 11706.2 11705.1 11703.4 11701.9 11702.5 11703.3 11704.8 11707.8 11714.8 11724.2 11735 11741.5 11746.1 11743.6 11740.3 11737.4 11735.5 11736.7 11737 11735.9 11733.5 11730.1 11726.4 11722.7
11675.2 11675.2 11675.5 11676.4 11677.6 11679.1 11680.7 11682 11687.1 11690.2 11689.2 11686.8 11690.5 11691.9 11693.4 11697.9 11702.5 11701.9 11701.2 11700.7 11700.3 11699.6 11699.4 11699 11698.9 11699.1 11700.1 11702.5 11701.8 11699.9 11699.5 11699.7 11700.2 11701.1 11701.9 11702.8 11703.9 11705.4 11707.2 11709.1 11709 11708.1 11708.3 11708.6 11708.8 11708.7 11708.2 11708.1 11708.9 11710.4 11712.8 11716.8 11723 11731.1 11740 11748.8 11755.8 11752.5 11749.4 11747.3 11746.2 11747.4 11747.7 11746.7 11743.2 11738.4 11733.6 11729
11676.4 11676.6 11677.2 11677.9 11678.6 11679.1 11680 11683.3 11690.2 11694.2 11693.1 11690.7 11692 11695.7 11697.8 11700.9 11704.6 11704.3 11703.8 11703.2 11702.6 11702 11700.9 11700.6 11700.6 11701 11701.9 11703.5 11703.3 11702.1 11701.6 11701.9 11702.1 11702.8 11703.6 11704.4 11705.4 11706.6 11708 11709.7 11709.5 11709.1 11709.8 11710.9 11712.1 11713.1 11713.9 11714.8 11716.1 11717.8 11720.2 11724.1 11729.6 11736.1 11742.4 11748.9 11753.8 11754.9 11755.2 11756.1 11757.1 11757.8 11757.3 11757 11751.5 11745.4 11739.9 11734.5
11676.7 11677.3 11678.4 11679.4 11680.3 11680.7 11681.7 11687.2 11694.6 11698.5 11699 11700 11705.2 11702.4 11702.3 11703.3 11703 11705.6 11705.6 11705 11704.1 11703.4 11702.4 11702 11701.9 11702.2 11702.3 11701.4 11702.8 11703 11703 11703.3 11703.4 11704.5 11705.1 11705.9 11706.6 11707.4 11707.9 11708.1 11708.3 11709.3 11711.2 11713.4 11715.7 11717.9 11720 11721.8 11723.7 11725.2 11726.8 11728.9 11733.4 11741.3 11746.8 11748 11750.2 11754.9 11758.3 11762 11767.2 11765.4 11763 11761.1 11756 11750.1 11744.6 11738.9
11676.1 11677.5 11679 11681.1 11683.3 11686.4 11692.5 11697.6 11701.3 11704.8 11704.2 11706.8 11716.4 11711.5 11709.1 11710.1 11710.4 11708.6 11707.3 11706.3 11705.2 11704.5 11703.3 11702.9 11702.8 11703 11703.1 11703.9 11703.7 11703.8 11704.2 11704.7 11704.9 11706.2 11706.8 11707.5 11708 11708.3 11708 11707.2 11706.8 11709.4 11712.8 11716.1 11719.4 11722.9 11726.3 11729.7 11731.6 11732.5 11733.3 11734.6 11738.6 11747.2 11754.3 11751.4 11751.4 11755.1 11758.9 11762.9 11766.5 11765.6 11763.3 11762.4 11757 11752 11747.2 11742.5
11675.2 11677.5 11680.1 11683.1 11686.7 11691.9 11704.7 11708 11705.9 11705 11706.9 11710.6 11716.9 11715.2 11713.2 11714 11713.4 11710.5 11708.4 11707.2 11705.9 11705.1 11704.6 11703.7 11703.6 11703.5 11703.7 11704 11704.5 11704.8 11705.4 11706 11706.5 11707.8 11708.5 11709 11709.5 11709.6 11709.2 11708.3 11708.3 11711 11714.9 11718.9 11723.1 11727.5 11732.2 11736.4 11738.9 11739.4 11739.4 11740.5 11743.6 11749.3 11753.4 11752.4 11752.9 11755.1 11758.1 11760.6 11761 11760.9 11759.4 11756.5 11755.8 11753 11749.3 11745.8
11673.9 11677.1 11680.9 11685.2 11690.2 11694.5 11705.1 11708.7 11706.6 11705 11708.3 11714 11717 11715.1 11712.6 11712.2 11711.7 11710.1 11708.4 11707.2 11706.1 11705.6 11705 11704.3 11704.1 11703.8 11703.8 11704.1 11704.8 11705.3 11706.1 11706.9 11708 11708.9 11709.7 11710.4 11711 11711.4 11711.3 11710.7 11711.9 11714 11717.5 11721.6 11726.2 11731.4 11737.1 11742.7 11746.1 11745.2 11744.1 11744.2 11745.7 11747 11749.1 11750.9 11752.6 11754.7 11756.8 11758.5 11760.2 11760.6 11757.9 11756 11755.8 11754.3 11751.7 11748.8
11672.4 11676.6 11681.1 11686.5 11693.6 11702.9 11708.4 11707.8 11705.5 11703.4 11708.5 11717.6 11719.1 11712.2 11706 11707.4 11708.3 11708.2 11707.6 11707 11706.3 11705.6 11705.1 11704.5 11704.4 11704.2 11704 11704.3 11705.3 11706 11707 11708 11709.3 11710.3 11711.2 11712 11712.6 11713.3 11713.7 11713.7 11714.9 11716.8 11720 11724.1 11728.7 11734.2 11740.1 11746.5 11750.8 11748.5 11746.5 11745.3 11744.6 11745.1 11747 11749.9 11752.9 11753.8 11755 11756.2 11757.4 11758 11758.7 11758.4 11757.4 11755.9 11753.8 11751.4
11671.5 11676 11680.6 11686 11692.8 11701.4 11703.8 11705 11703.9 11703.3 11707.4 11717.2 11718.3 11710 11704.1 11704.7 11705.8 11706.3 11706.5 11706.4 11706.1 11705.8 11705.5 11705.1 11705 11704.6 11704.6 11705.1 11706 11707.2 11708.2 11709.3 11710.5 11711.5 11712.5 11713.5 11714.5 11715.5 11716.3 11717.1 11717.6 11719 11722.1 11726 11730.5 11735.5 11740.9 11746.2 11749.6 11748.4 11746.7 11745.3 11744.7 11746.3 11748.1 11749.9 11751.4 11751.7 11752.6 11753.4 11754.3 11755.8 11759.6 11760.6 11759.2 11757.5 11755.4 11753.4
11671.8 11675.9 11680 11684 11688.2 11694.7 11701.5 11702.3 11702.4 11702.5 11704.5 11709.9 11712 11707.5 11702.8 11703.8 11704.4 11704.9 11705.4 11705.4 11705.5 11705.9 11705.9 11706 11705.7 11705.3 11705 11705.7 11707.1 11708.6 11709.9 11711 11711.6 11712.7 11713.8 11715 11716.2 11717.3 11718.5 11719.8 11719.9 11720.7 11723.7 11727.4 11731.4 11735.7 11739.9 11743.8 11745.8 11746.3 11745.5 11744.7 11744.4 11747 11747.3 11746.9 11747.3 11748.2 11749.6 11751 11752.3 11754.4 11759.8 11761.8 11760.4 11758.6 11756.4 11754.5
11672.9 11676.7 11680.3 11682.8 11683.7 11687.1 11696.4 11698.8 11700.7 11702.6 11705.4 11710.2 11709 11705.4 11701.6 11701.2 11703.1 11704.1 11705 11705.5 11706 11706.5 11706.7 11706.8 11707.2 11706.9 11706.1 11707.2 11709 11710.4 11711.7 11712.6 11713 11714 11715.1 11716.3 11717.7 11719 11720.3 11721.5 11721.4 11722.4 11725.3 11728.5 11731.9 11735.3 11738.4 11741.2 11743.4 11743.6 11743.4 11743.5 11744.1 11746.4 11745.8 11745.7 11743.7 11744.6 11746.9 11749.2 11751.3 11753.8 11761 11762.6 11761.1 11758.8 11756.5 11754.8
11674.5 11678.5 11682.3 11685.1 11685.6 11685.3 11690 11695.6 11699.4 11703 11706.9 11705.7 11705.2 11704.3 11703.3 11702.7 11703.1 11704 11705.1 11706.2 11707 11707.4 11708.1 11708.8 11709.3 11709.9 11710.5 11710.7 11711.7 11712.6 11713.5 11714.4 11714.3 11715.4 11716.5 11717.8 11719.2 11720.7 11722.1 11723.4 11723.7 11724.6 11727 11729.7 11732.2 11734.6 11736.7 11738.2 11739.2 11739.7 11740.5 11741.5 11742.7 11744.1 11742.2 11741.5 11740.6 11741.8 11744.8 11747.9 11751.4 11756.2 11762.7 11762.5 11760.6 11758.6 11756.2 11754.6
11677.2 11681.9 11685.9 11689.7 11693.5 11691.3 11690.9 11694.8 11698.1 11701 11701.5 11700.2 11702.3 11703.6 11704.4 11703.8 11703.8 11704.7 11706.1 11707.4 11708.5 11709 11709.9 11710.7 11711.7 11712.9 11714.6 11714.1 11714.4 11715.1 11715.7 11716.5 11716 11717 11718.1 11719.2 11720.6 11721.7 11723.7 11725.4 11726.2 11727.1 11728.9 11730.9 11732.7 11734.2 11735.3 11735.6 11734.7 11735.5 11737.7 11739.1 11739.7 11739.3 11737.3 11737.8 11738 11740 11743.3 11746.8 11750.9 11756.2 11760.4 11760.2 11758.7 11757.1 11755.2 11754
11682.9 11686.7 11690.3 11693.6 11697.5 11696.4 11695.1 11696.2 11698.1 11699.9 11701.1 11700.6 11701.9 11703.3 11704 11703.7 11704.4 11705.6 11707.3 11708.6 11710 11711.1 11712.1 11712.7 11713.8 11714.8 11716 11716.5 11716.9 11717.5 11718.2 11718.9 11717.9 11718.6 11719.5 11720.5 11721.6 11722.7 11724.8 11726.9 11728.3 11729.6 11730.7 11732.1 11733.3 11734.2 11734.7 11734.5 11734 11734.4 11735.9 11737.1 11737.4 11735.9 11733.8 11734.1 11736.8 11739.7 11742.6 11745.7 11748.7 11751.5 11753.6 11755.6 11755.6 11755.3 11754 11753.3
11690.7 11692.5 11694.9 11696.7 11696.7 11698.1 11698.2 11698.1 11698.5 11699.5 11701.8 11702.2 11702.4 11703.6 11704.7 11704.7 11705.3 11706.7 11708.4 11710.1 11711.8 11713.1 11714 11714.9 11715.8 11716.4 11717.1 11718.3 11719.2 11719.8 11720.5 11721.2 11721.6 11720.7 11721.4 11722.1 11722.9 11723.4 11724.9 11726.6 11728.9 11730.8 11732.1 11733.2 11733.9 11734.5 11734.6 11734.6 11734.3 11734.4 11735.3 11735.7 11735.8 11733.9 11732.9 11734.1 11737.3 11739.7 11742.2 11744.5 11746.5 11747.8 11748.9 11751.4 11752.6 11753.3 11753.5 11753
11697.2 11698 11699.4 11700.7 11702.8 11703.2 11701.3 11700 11699.4 11699.3 11700.6 11701.7 11702.3 11703.7 11705.9 11704.1 11705.6 11707.9 11710.2 11711.9 11713.5 11714.9 11716.3 11717.3 11718.1 11718.3 11719.1 11720.4 11721.6 11722.5 11723.1 11723.4 11723.9 11722.7 11723.3 11723.7 11724.2 11724.3 11725.1 11726.1 11729.5 11732.2 11733.6 11734.5 11734.9 11735.2 11735.2 11735.4 11735.7 11736.1 11735.3 11734.5 11734.1 11733.9 11733 11735.7 11738.9 11740.8 11742.1 11743.7 11745.4 11746.6 11746.7 11748.8 11750.5 11751.9 11752.9 11753
11701.8 11703 11703.8 11704.1 11704.1 11704.1 11703.1 11701.8 11700.2 11698.7 11698.7 11700.5 11701.6 11702.7 11703.5 11703.3 11706.9 11710.1 11712.5 11714.3 11715.8 11717.1 11718.8 11720.1 11721.3 11721.1 11721.9 11723.6 11724.5 11725.1 11725.8 11726.2 11725.9 11726.1 11724.8 11725 11725.3 11725.3 11726.3 11728.4 11730.8 11733.6 11735.2 11735.8 11736 11736.2 11736.2 11736.3 11736.6 11737.7 11735.2 11733.6 11732.1 11732.6 11732.9 11737.7 11741.2 11741.2 11741.5 11742.8 11744.6 11746.4 11746.2 11747.2 11748.9 11750.8 11752.6 11753.5
11707.2 11708 11708.1 11707.6 11706.5 11705.3 11705.4 11704.6 11702.6 11699.4 11697.7 11700.4 11701.8 11702.7 11703.4 11706.6 11711.2 11713.8 11715.5 11717 11718.4 11719.6 11721.9 11723.4 11725.3 11727 11727.4 11727.6 11728 11728.5 11728.5 11728.7 11728 11728 11726.3 11726.5 11726.7 11726.9 11727.3 11728.8 11732.3 11735.5 11736.8 11737.1 11737.2 11737.3 11737.2 11736.9 11736.2 11734.3 11734.4 11733.6 11732.6 11732.5 11734.1 11739.1 11742 11739.9 11740.2 11741.8 11743.6 11745 11745 11745.8 11747.6 11750.1 11752.7 11754.6
11712.5 11712.7 11712.6 11711.7 11710.2 11709.1 11709.8 11709.1 11707.7 11705.7 11701.3 11701.9 11703.9 11705 11707.3 11714.9 11718.1 11718.4 11719.1 11720.2 11721.4 11722.7 11725.1 11726.7 11728.7 11730.3 11731.3 11731.4 11731.8 11731.9 11732 11731.5 11730.9 11730.7 11728.8 11728.7 11728.8 11729.2 11730.2 11731.7 11734 11736.4 11737.9 11738.3 11738.4 11738.4 11738.4 11737.9 11737.1 11736.1 11735.6 11735.3 11735 11736 11737.3 11741.1 11744 11739.9 11739.5 11741.1 11742.7 11743.2 11742.6 11744.1 11746.7 11749.6 11752.9 11756.2
11715.7 11716.4 11717.3 11717.1 11717.3 11717.2 11716 11715 11713.9 11713.2 11711.2 11709.1 11708.6 11709.1 11712.2 11720.5 11722.9 11722 11722.4 11723.3 11724.5 11725.7 11728 11729.9 11731.5 11733.3 11734.2 11734.8 11735.1 11735.2 11735.3 11734.4 11734.3 11734 11733.3 11731.6 11731.3 11731.3 11733.3 11734.3 11735.4 11738 11739.7 11739.4 11739.5 11739.7 11739.8 11739.4 11738.8 11738.2 11737.9 11737.9 11738.1 11739.2 11740.5 11742.5 11743.1 11740.5 11739.7 11741.2 11742.8 11743.7 11742.2 11743.5 11746.3 11749.7 11753.4 11757.6
11714.8 11719 11723.1 11724.5 11724.2 11723.9 11722.6 11721.1 11719.7 11718.5 11717.8 11715.7 11714.1 11713.9 11715.9 11720.5 11722.9 11723.5 11724.6 11725.8 11727.2 11728.6 11731.2 11732.8 11734.1 11735.6 11737.1 11738 11738.4 11738.3 11738.5 11738.4 11738.2 11737.7 11736.8 11735.7 11733.9 11732.8 11732.1 11733.7 11735.7 11738.1 11739.7 11739.5 11740.6 11741.5 11741.9 11741.8 11741.4 11741 11740.9 11741 11740.9 11741.3 11742.7 11743.8 11744.5 11741.7 11740.6 11741.8 11743.5 11744.6 11743 11743.8 11746.5 11750.1 11754.2 11758.9
11713.6 11721.7 11729.5 11737.2 11734.8 11731.6 11728.8 11726.6 11724.9 11724.4 11724.7 11720.6 11718.7 11718.3 11718.9 11719 11720.8 11724.3 11726.3 11728 11729.7 11731.3 11734.2 11735.8 11736.9 11738.6 11740.3 11741.5 11742.2 11743 11743.1 11743.5 11743.2 11742.4 11741.4 11740 11738 11735.5 11733.5 11735.3 11736.7 11736.3 11735.4 11739.6 11743 11744.6 11745 11744.7 11744 11743.7 11743.6 11743.3 11742.9 11742.1 11743.7 11744.5 11743.7 11742.3 11742 11743 11744 11744.1 11743.8 11744.6 11747.3 11750.7 11754.9 11759.8
11716.4 11725.2 11733.9 11741.2 11744.5 11737.8 11733 11730.2 11729.3 11730.4 11730.4 11725.1 11722.1 11720.8 11721 11722 11724.5 11726.8 11728.4 11730.2 11732 11733.9 11737.1 11738.9 11739.8 11741.9 11743.9 11745.7 11747.1 11748.1 11748.9 11749.4 11749 11748.2 11747.1 11745.5 11743.3 11741 11740.1 11741 11741.9 11740.9 11739 11744.9 11748.7 11749.7 11749.3 11748.1 11746.6 11745.4 11744.9 11744.7 11744.1 11743.7 11745.7 11745.7 11744.6 11743.9 11744.3 11745 11745.4 11745.4 11745.2 11746 11748.2 11751.2 11755.2 11760
11722.7 11729.7 11736.3 11740.1 11739.7 11737.3 11733.5 11730.7 11729.9 11728.6 11726.6 11725.7 11723.5 11721.9 11722.5 11725.3 11728.6 11729.5 11730.8 11732.9 11735 11737.2 11740.5 11742.3 11743 11744.9 11748.3 11750.7 11752.8 11754.2 11755.3 11755.8 11755.5 11754.9 11753.9 11751.9 11750.7 11748.4 11747.9 11749.7 11751.8 11753.4 11755.2 11757.3 11758 11757 11755 11752.2 11749.4 11746.9 11746 11747.1 11746.4 11745 11746.6 11747.1 11746.6 11746.2 11747.2 11747.5 11747.7 11747.4 11747.1 11747.7 11748.8 11751.5 11755.3 11759.8
11729.1 11734.2 11738.2 11740.7 11737.5 11734.6 11731 11727.8 11726.2 11725.8 11724.9 11724.5 11723.3 11722.1 11723.3 11725.5 11727.3 11730.7 11733.2 11735.9 11738.5 11741 11744.6 11747 11748.9 11751.2 11753.8 11756.1 11759.1 11760.9 11762 11762.3 11762.6 11762 11761.5 11760.3 11759.9 11757.7 11757.9 11760.4 11763.9 11768.1 11772.7 11772.3 11769.1 11765.6 11761.6 11757.1 11752.6 11748.6 11746.1 11751.1 11749.6 11746.1 11747.6 11748.9 11749.1 11749 11749.1 11749.6 11750.4 11749.5 11748.1 11747.4 11748.5 11751.1 11754.8 11759.1
