real_craters/C089-300m.grd
DSAA
205 205
-30.59 30.59
-30.59 30.59
10689.039096863 12135.299350156
[rows 30 to 59 of 205, columns 0 to 67 of 205]
11589.7 11591.2 11593.1 11596.2 11599.3 11601 11601.1 11603 11605.4 11605 11604.7 11604 11603.3 11602.3 11601.4 11601.1 11601.8 11603.1 11604.5 11606.1 11607.6 11609 11610.1 11610.4 11610.1 11610.3 11611.5 11612.7 11613.9 11615 11616.1 11616.7 11616.1 11615.3 11615.9 11617.4 11619.7 11622.1 11624.4 11626.7 11629.2 11634 11636.9 11634.9 11632.5 11631.8 11632.1 11632.9 11634.1 11635.7 11637.7 11640 11641.2 11642.2 11643.3 11644.4 11645.4 11646.4 11647.3 11648.2 11649.5 11651.9 11654.2 11656.5 11659.1 11659.7 11660 11661
11589.8 11591 11592.9 11596.3 11598.2 11599.1 11599.2 11601.7 11604 11604.9 11604.5 11604 11603.4 11602.7 11602.2 11602.1 11602.8 11604 11605.4 11607.1 11608.9 11610.6 11612 11612 11611.1 11610.9 11611.8 11613 11614.1 11615 11615.8 11616.3 11616.3 11616.3 11617 11618.2 11620 11622.1 11624.3 11626.5 11628.9 11630.7 11630.2 11632.6 11633.4 11633.3 11633.3 11633.7 11634.8 11636.1 11637.4 11638.3 11640.6 11642.2 11643.5 11644.7 11645.9 11647 11647.9 11648.9 11650.4 11652.5 11654.4 11655.5 11656.4 11657.5 11659.5 11661.4
11591.2 11591.8 11593.4 11595.2 11597 11598.1 11598.7 11601.3 11603.9 11604.1 11604.1 11603.8 11603.5 11603.1 11602.9 11603 11603.5 11604.6 11606.2 11608.1 11610 11612.1 11613.8 11613.9 11612.6 11611.8 11612.6 11613.6 11614.5 11615.2 11615.7 11616.3 11616.8 11617.1 11617.9 11619 11620.4 11622.1 11623.6 11625.6 11627.5 11628.8 11630 11633.4 11634.6 11634.4 11634.3 11634.3 11635.3 11636.5 11637.8 11639.2 11640.7 11642.3 11643.8 11645.2 11646.6 11647.8 11648.9 11650 11651.6 11653.7 11655.8 11656.5 11655.9 11656.7 11659.6 11662.5
11595.2 11595.6 11593.9 11594.3 11596 11598 11599.2 11601.3 11602.9 11603.3 11603.5 11603.5 11603.5 11603.5 11602.9 11603.1 11603.8 11605 11606.6 11608.5 11610.7 11612.9 11615.2 11615.6 11614.2 11613.4 11613.7 11614.3 11615.1 11615.7 11616 11616.7 11617.6 11618.3 11618.6 11619.6 11620.7 11622.3 11623.9 11625.4 11626.9 11628.5 11630.8 11633.1 11634.8 11635.1 11635.2 11635.4 11636 11637.1 11638.6 11640.1 11641.1 11642.5 11644.2 11645.8 11647.4 11649.1 11650.4 11651.3 11653 11655 11657 11657.8 11656.7 11657 11661.4 11664.4
11593.8 11597.3 11595.3 11594.1 11595.1 11596.8 11597.8 11600 11601.9 11602.4 11602.8 11602.9 11602.7 11602 11602.1 11602.7 11603.7 11605 11606.7 11608.6 11610.7 11612.9 11615 11615.8 11615.2 11614.8 11614.7 11615.1 11615.8 11616.6 11617.5 11617.9 11618.6 11619.3 11620.1 11620.5 11621.6 11622.6 11623.8 11625.2 11626.5 11628.1 11629.5 11631.8 11634.2 11635.6 11636.4 11636.7 11637 11637.4 11638.3 11639.6 11641 11642.7 11644.7 11646.6 11648.6 11650.6 11652.6 11654.4 11655.5 11656.5 11657.4 11659.1 11660.5 11661.9 11665.8 11668
11593.3 11595.8 11594.1 11592.7 11594 11595.6 11596.5 11598.6 11600.8 11601.6 11602 11602.3 11602.3 11602.1 11602 11602.3 11603.2 11604.6 11606.3 11608.1 11610.1 11612.1 11613.9 11614.9 11614.8 11615 11615 11615.4 11616.3 11617.3 11617.9 11618.8 11619.2 11619.2 11619.8 11621.2 11622.3 11623.5 11624.8 11625.7 11626.5 11627.4 11628.3 11631.6 11634.4 11636 11637.5 11638.3 11637.8 11637.3 11637.1 11638.5 11640.8 11643 11645.2 11647.4 11649.6 11652.1 11654.9 11657.8 11658.4 11658.6 11658.8 11662.2 11666.7 11671 11672.3 11672.3
11591.1 11592.1 11591.8 11591.6 11593 11594.5 11595.7 11598.5 11599.9 11600.4 11600.8 11601.3 11601.9 11602.7 11602 11601.7 11602.5 11603.9 11605.5 11607.4 11609.2 11610.9 11612.2 11612.9 11613.4 11613.7 11614 11614.9 11616.3 11618.1 11619.7 11619.8 11619.8 11619.6 11620.9 11622 11623.2 11624.5 11625.8 11626.7 11626.9 11627.2 11628.8 11633 11634.7 11635.9 11637.3 11638.4 11637.9 11637.4 11637 11638.6 11641.1 11643.5 11645.9 11648.1 11650.4 11652.8 11655.8 11659.1 11660.1 11661.3 11663 11666.7 11672.2 11679.4 11677.5 11675.8
11588.9 11590.2 11590.8 11591.3 11592.3 11593.6 11594.1 11596.2 11598.1 11598.8 11599.3 11599.8 11600.6 11600.9 11599.2 11600.2 11601.4 11602.9 11604.6 11606.4 11608.1 11609.7 11610.9 11611 11611.9 11611.8 11612.3 11613.7 11615.6 11617.9 11620.1 11620.2 11620.3 11620.6 11621.2 11622.3 11624.1 11626.2 11628 11629.1 11628.9 11627.7 11629.4 11632.4 11633.5 11634.5 11636 11637 11637.3 11637.7 11638.6 11640 11642.1 11644.4 11646.7 11648.9 11650.9 11652.8 11654.6 11657 11659.9 11663.2 11667.2 11669.7 11673.3 11676.4 11677.3 11676.9
11588.1 11589.2 11589.4 11590.2 11591.4 11593 11593.7 11594.3 11596.2 11596.8 11597.1 11597.5 11598.2 11599.3 11598.8 11598.6 11599.9 11601.5 11603.3 11605.1 11606.9 11608.6 11610.1 11611.7 11611 11610.4 11610.8 11612.3 11614.3 11616.4 11618.2 11619.6 11620.2 11620.5 11620.8 11622.3 11625 11627.9 11630.8 11632.9 11633.2 11630.6 11630.1 11630.3 11631.1 11632.3 11633.9 11635.4 11636.3 11637.8 11639.8 11641.1 11643 11645.3 11647.6 11649.9 11651.7 11652.9 11653.6 11655.2 11658.9 11662.9 11666.8 11669.4 11672.1 11674.5 11675.9 11676.4
11586.4 11587 11587.4 11588.5 11589.8 11591.5 11593 11593 11594.4 11594.5 11594.3 11594.3 11594.5 11595.2 11595 11596.2 11598 11599.9 11601.8 11603.7 11605.5 11607.3 11608.7 11609.7 11609.3 11608.5 11608.6 11610.7 11613.2 11615.3 11617.2 11619.2 11620.2 11620.2 11620.2 11622.2 11625.7 11629.7 11633.8 11637.7 11640.5 11639.9 11633.5 11629 11629.3 11630.1 11631 11632.8 11634.9 11637 11639.2 11641.5 11643.9 11646.5 11649.2 11651.6 11653.4 11654.3 11654.3 11655.4 11658.3 11661.3 11664.5 11667.1 11669.9 11672.8 11674.5 11675.1
11585 11585.9 11587 11587.1 11587.2 11587.9 11589.5 11590.2 11592.3 11591.4 11590.8 11590.4 11590 11589.1 11591 11593.5 11595.9 11598.1 11600.2 11602.2 11604.1 11605.9 11607.4 11607.6 11607.9 11607.5 11607.3 11609.8 11612.5 11615.5 11617.6 11619.3 11620.9 11621.4 11621 11622.4 11626.1 11630.8 11636.1 11641.8 11647.3 11650.8 11640.2 11631.1 11629 11629 11629.8 11631.5 11633.8 11636 11638.6 11641.5 11644.7 11647.9 11651.1 11654 11656.2 11657.5 11657.3 11657.7 11658.7 11659.6 11661.4 11664.5 11667.3 11669.6 11671.5 11673.3
11583.4 11584.9 11586.9 11585 11583.7 11582.8 11582.6 11585.1 11587.7 11587.2 11586.9 11586.6 11586.3 11585.9 11588.5 11591.5 11594.2 11596.5 11598.7 11600.7 11602.8 11604.7 11606.6 11608.7 11609.2 11608.2 11608.3 11610 11612 11614 11616.5 11619.1 11621.6 11623.1 11621.3 11621.9 11625.8 11630.9 11636.7 11643.1 11649.8 11651.7 11641.2 11632 11629.1 11628.9 11629.9 11631.3 11633.2 11635.2 11638.1 11641.6 11645.5 11649.3 11653.2 11656.9 11660.2 11662.7 11663.5 11662.7 11661.1 11659.2 11659.8 11662.5 11665 11667.2 11669.5 11671.2
11580.6 11581.5 11582.5 11581.2 11579.6 11578 11576.6 11580.9 11581.4 11582.4 11583 11583.3 11583.7 11584.6 11587.4 11590.6 11593 11595.2 11597.3 11599.3 11601.3 11603.3 11605.3 11607.6 11608.7 11608.7 11609.5 11610.8 11612.1 11613 11615.4 11618 11620.7 11622.7 11620.4 11620.7 11624.8 11629.7 11635.2 11640.8 11646.4 11649 11638.6 11631.8 11629 11629.2 11630.3 11631.7 11633.1 11634.8 11637.7 11641.9 11646.5 11651 11655.5 11659.9 11664.4 11668.8 11672.1 11669.6 11665 11660.7 11660.4 11662.3 11663.7 11664.7 11665.8 11668.8
11576.5 11576 11576.3 11576.5 11575.8 11574.7 11574 11575.9 11576.5 11578.3 11579.7 11580.5 11581.6 11583.8 11588 11590.4 11592.1 11594 11595.9 11598 11599.9 11601.8 11603.6 11604.9 11605.7 11607.9 11609.7 11611.4 11613.1 11614.5 11615.1 11616.1 11617.4 11618.4 11618.7 11620 11623.6 11627.7 11632 11636 11638.2 11636.6 11632.7 11630.5 11629 11630.1 11631.6 11632.8 11633.8 11635 11638.1 11642.8 11647.8 11652.8 11657.6 11662.6 11667.6 11672.8 11677.3 11674.8 11670.1 11664.9 11664 11664.2 11664.1 11663.5 11662.5 11667
11571.8 11571.8 11572.2 11573 11573.2 11572.9 11572.9 11574.4 11573.9 11575.8 11577.3 11578.4 11579.5 11581.5 11587.7 11589.3 11590.7 11592.6 11594.7 11596.7 11598.7 11600.5 11602.1 11603.5 11605.2 11607.3 11609.8 11611.9 11613.6 11615 11614.2 11613.6 11613.8 11614.9 11616.9 11619.8 11622.1 11625.2 11628.3 11630.9 11632.3 11631.7 11630 11630.2 11629.7 11632.1 11634 11634.8 11635.4 11636.3 11639.5 11644.1 11649.3 11654.6 11659.8 11664.9 11669.6 11673.7 11677.1 11677.2 11676 11673.6 11670.6 11668.1 11666.4 11665.1 11665.1 11667.9
11570.3 11570.2 11570.5 11571.2 11571.8 11572.2 11572.9 11573.7 11573.5 11574.8 11576.1 11577.2 11578.1 11579.7 11583.1 11586.4 11588.9 11591.2 11593.4 11595.5 11597.5 11599.3 11600.9 11602.4 11604 11606.6 11609.4 11611.5 11612.8 11613.4 11612.2 11610.7 11609.8 11611.2 11614 11617.2 11619.7 11622.3 11624.8 11626.5 11627.5 11628.1 11629.1 11630.9 11631.5 11635.1 11637.2 11637.3 11637.5 11639.1 11641.7 11645.8 11651 11656.6 11662.3 11667.4 11671.5 11673.5 11675.1 11678.2 11680.2 11682.1 11676.2 11672 11669.3 11668 11668.8 11670.1
11570.6 11569.4 11569.8 11570.6 11571.4 11572 11573 11574.5 11574.1 11574.9 11576 11577.1 11578.1 11579.5 11581.8 11584.5 11587.3 11589.9 11592.4 11594.6 11596.6 11598.5 11600.1 11601.5 11602.9 11605.8 11608.7 11610.7 11611.5 11611.4 11610.3 11608.4 11606.2 11608.1 11611.4 11614.3 11617.3 11620 11622.1 11623.5 11624.1 11625.4 11627.8 11631 11632.8 11638.3 11640.5 11639.6 11639 11639.9 11643 11647.7 11653.2 11659 11664.9 11670.3 11674.9 11677.1 11677.9 11680.1 11680.4 11679.5 11677.6 11674.7 11672.1 11670.4 11669.8 11671.2
11572.5 11570.5 11570.4 11571.1 11571.9 11572.5 11573.5 11576.3 11575.3 11575.9 11576.9 11578.1 11579.2 11580.3 11581.4 11583.5 11586.4 11589.1 11591.6 11593.9 11596 11597.9 11599.7 11601.4 11603.4 11605.9 11608.5 11610.3 11610.9 11610.6 11609.5 11607.9 11606.4 11608 11610.7 11613.2 11616 11618.7 11620.7 11622 11622.7 11624.2 11626.6 11629.8 11634.2 11641.3 11642.9 11641.2 11639.6 11640.1 11644 11649.5 11655.6 11661.6 11667.5 11673.4 11679.2 11684.9 11685.9 11683.3 11681.2 11679.4 11678.5 11676.9 11675.1 11673.2 11670.8 11672.1
11573.8 11571.8 11571.6 11572.1 11573 11574.1 11575.4 11577.7 11577 11577.3 11578.2 11579.4 11580.9 11581.8 11582.3 11583.8 11586.2 11588.8 11591.2 11593.5 11595.6 11597.6 11599.6 11601.7 11603.9 11606.3 11608.3 11609.6 11610.2 11610.3 11609.9 11609.3 11608.7 11609.8 11611.6 11613.5 11616.1 11618.6 11620.8 11622.3 11623.4 11624.9 11627.4 11631 11637.1 11644.4 11644.3 11642.4 11640.2 11639.6 11645.7 11652.2 11658.3 11664.2 11669.9 11675.6 11681.5 11687.7 11688.6 11684.4 11681.6 11680.5 11680 11679.8 11679.2 11678.2 11676.8 11678.1
11573.2 11572.7 11572.6 11573.2 11574.2 11575.7 11576.9 11580.2 11578.2 11578.7 11579.4 11580.4 11581.6 11582.5 11583.2 11584.5 11586.6 11588.9 11591.1 11593.3 11595.4 11597.5 11599.7 11601.9 11604 11606.5 11608.9 11610.4 11610.8 11610.6 11610.7 11611.2 11612.2 11612.2 11613.3 11615.2 11617.4 11619.7 11621.9 11623.8 11625.5 11626.3 11628.5 11632.3 11637.8 11641.1 11643.2 11644.1 11643.6 11644.1 11650.2 11656.3 11661.9 11667 11671.9 11676.7 11681.3 11684.4 11685.8 11683.6 11679.4 11679.6 11682.2 11683.6 11684.4 11685.1 11686.9 11690.2
11572.7 11573.1 11573.3 11574 11575 11576.4 11578.8 11580 11580.1 11580.2 11580.7 11581.3 11581.9 11582.9 11584 11585.4 11587.3 11589.3 11591.3 11593.3 11595.4 11597.4 11599.6 11601.9 11604.7 11607.5 11609.6 11611.9 11611.9 11611.1 11611 11611.6 11612.9 11613.6 11615 11616.9 11619.1 11621.3 11623.5 11625.6 11627.4 11628.4 11630.1 11632.3 11634.7 11636.5 11642.7 11647.7 11651.2 11653.6 11658 11662.2 11666.3 11670.1 11673.9 11677.4 11681 11684 11685.9 11685.7 11682.5 11683.9 11686.6 11688.3 11689.7 11691.5 11694.3 11697.1
11572.4 11572.9 11573.6 11574.3 11575.6 11577.3 11579.2 11581.2 11581.3 11581.9 11582.1 11582.2 11582.8 11583.6 11585 11587 11588.2 11589.8 11591.7 11593.6 11595.5 11597.5 11599.4 11601.5 11603.9 11606.5 11608.2 11610.3 11610.8 11610.6 11610.7 11611 11612.1 11614.4 11616.4 11618.6 11620.9 11623.1 11625.3 11627.3 11629.1 11630.8 11632.3 11633.9 11635.1 11637.8 11644.9 11652.9 11661.6 11666.7 11666.8 11668.4 11670.7 11673.2 11675.6 11677.8 11680.6 11684.8 11687.8 11691.4 11694.2 11693.4 11692.9 11693.3 11694.6 11696.5 11698.5 11699.6
11571.8 11573.1 11573.4 11574.2 11575.6 11577.5 11580 11582.8 11584.2 11584.1 11583.6 11583.1 11583.1 11584.3 11585.6 11586.9 11588.6 11590.4 11592.1 11593.9 11595.7 11597.4 11599.1 11600.7 11601.8 11602.7 11605.3 11607.1 11608.2 11609.5 11610.5 11611.6 11613.2 11615.6 11618 11620.3 11622.6 11625 11627.3 11629.4 11631.3 11633.4 11634.9 11636.4 11638 11641.4 11647.9 11656.6 11666.7 11672.4 11672.6 11673.5 11675 11676.4 11677.7 11678.4 11678.6 11680.8 11687.5 11695.6 11703.8 11700.3 11697.9 11697.6 11698.7 11700.7 11703.1 11705.9
11570.1 11571.4 11572.5 11573.7 11575.2 11576.9 11580.2 11583.4 11585.8 11585.6 11584.8 11584.2 11584 11585.1 11586.4 11587.8 11589.5 11590.9 11592.5 11594.2 11595.9 11597.6 11599.1 11600.3 11600.9 11601.1 11603.8 11605.3 11606.7 11608.9 11611 11612.9 11615.1 11617.5 11619.9 11622.2 11624.4 11627.3 11629.8 11631.7 11633.3 11635 11637.1 11638.9 11641.2 11643.8 11649.5 11657.9 11666 11672.2 11675.4 11677.3 11678.9 11680.2 11680.9 11680.7 11679 11679.2 11686.5 11693.7 11701 11700.2 11699.6 11700.1 11701.5 11703.9 11707.3 11711.1
11569.2 11569.6 11571.3 11573.1 11574.9 11577.1 11579.8 11583.3 11585.7 11586.1 11585.7 11585.4 11585.7 11586.2 11587.3 11589.1 11590.3 11591.5 11593.1 11594.7 11596.4 11598 11599.4 11600.7 11601.8 11603.4 11604.7 11605.8 11606.9 11609 11612 11615.5 11617.4 11619.5 11621.9 11624.6 11627.2 11630.1 11632.7 11634.5 11635.9 11637.5 11639.4 11641.2 11642.7 11643.1 11649.7 11658.4 11667.6 11673.6 11677.4 11680.4 11682.7 11684.4 11685.4 11685.5 11685.1 11685.3 11687.7 11689.6 11690.9 11696.5 11698.9 11700.8 11702.9 11705.7 11709.2 11713.6
11567.3 11568.4 11570.5 11572.8 11574.9 11576.7 11580 11583 11585.4 11585.9 11585.8 11585.9 11586.4 11587.1 11587.9 11588.7 11590 11591.8 11593.5 11595.2 11596.9 11598.5 11599.9 11601.4 11603 11605.1 11606 11606.8 11607.1 11609.4 11612.4 11616.4 11618.6 11621.2 11623.9 11626.8 11630.2 11632.9 11635.7 11638.3 11639 11640 11641.7 11643.6 11644.8 11644.1 11649.9 11658.5 11667.8 11674.2 11679.1 11683.1 11686.4 11688.7 11690.4 11691.4 11691.8 11691.6 11690.8 11690.9 11692.2 11695.3 11698.4 11701.2 11703.9 11706.5 11709.3 11711.9
11565.6 11567.6 11570.2 11573 11576 11578.4 11580.5 11582.4 11583.7 11584.7 11585.4 11586.4 11587.2 11587.8 11588.5 11589.3 11590.6 11592.4 11594.2 11596 11597.6 11599.2 11600.6 11602.2 11603.8 11604.9 11606.3 11607.5 11608 11610.6 11612.9 11614.6 11619.4 11622.8 11625.7 11628.5 11631.3 11634.1 11637.2 11640.6 11640.1 11641.2 11643.6 11646.1 11649.5 11646.8 11651.7 11658.8 11665.4 11673.9 11680.9 11686 11689.9 11693.2 11695.8 11697.5 11697.4 11696 11693.7 11692.2 11692.9 11695.1 11698.4 11701.7 11704.6 11707.2 11709.1 11710.3
11565.3 11567.4 11570.1 11573.2 11576.8 11579.8 11580.8 11582.1 11582.7 11582.7 11584.7 11586.6 11587.8 11588.6 11589.3 11590.2 11591.5 11593.3 11595.2 11596.9 11598.5 11600.2 11601.6 11603.1 11604.7 11606.5 11608.2 11609.5 11610.7 11614 11616.6 11618.5 11622.4 11625.4 11627.6 11629.7 11632.2 11634.2 11636.1 11638.7 11639.9 11642.5 11645.5 11648 11650.2 11652.8 11656.6 11662.4 11667.1 11676.8 11684.3 11689.6 11693.8 11697.5 11701 11704.2 11705.5 11702.1 11696.8 11690.5 11691.1 11695.3 11698.8 11702.3 11705.4 11708.4 11710.8 11712.6
11566.5 11567.9 11570.3 11573 11575.5 11577.5 11580.3 11582 11582.8 11582.6 11584.6 11586.7 11588.2 11589.3 11590.3 11591.2 11592.3 11594.4 11596.1 11597.8 11599.5 11601.1 11602.5 11604.1 11606 11608.1 11610.5 11613.2 11615.8 11620.2 11623.8 11626 11627.6 11628.9 11629.9 11630.6 11631.1 11631.9 11633.7 11637 11641.3 11645.3 11648.3 11650.6 11652.8 11656.9 11662.6 11671.1 11678.2 11685.1 11690.1 11694 11697.3 11700.7 11704.4 11709.2 11712.8 11707.2 11700.5 11696.6 11694.8 11696.7 11699.7 11703.2 11706.8 11710.5 11714.2 11717.7
11567.6 11569.1 11571 11573.1 11575.3 11578.1 11580.2 11582.2 11583.5 11583.4 11584.9 11587 11588.6 11590 11591.4 11593 11594.2 11596.3 11597.4 11598.8 11600.3 11601.9 11603.5 11605.2 11607 11609.1 11611.7 11616.2 11622.7 11627.8 11631.8 11633.4 11633 11632.9 11632.8 11632.3 11630.8 11629.7 11632.7 11638.2 11646 11649.7 11652.6 11655.9 11659.3 11662.8 11669.4 11682.1 11693.9 11695.1 11696.3 11698 11699.9 11702.2 11704.9 11708.4 11711.7 11706.9 11701.3 11697.3 11696.7 11698.1 11700.8 11704.3 11708.3 11712.7 11717.7 11723.1
