real_craters/C089-300m.grd
DSAA
205 205
-30.59 30.59
-30.59 30.59
10689.039096863 12135.299350156
[rows 120 to 149 of 205, columns 68 to 135 of 205]
11762.4 11784.6 11808.7 11824.6 11840 11860.2 11887.5 11914 11926.1 11912.8 11891 11862.8 11825.9 11782.6 11730.1 11665.3 11587 11518 11462.6 11405.3 11365.5 11340.7 11321.3 11303.4 11292.4 11291.9 11294.9 11290.9 11286.4 11277.9 11264.6 11262.2 11267.6 11271.4 11271.7 11273.4 11275.3 11278.2 11282.4 11287.5 11294.7 11300.9 11318.5 11334.4 11335.1 11329.6 11349.5 11387.7 11433 11481.6 11534.6 11601.3 11671.8 11750.7 11838.5 11922.8 12000.3 12062.2 12086.5 12062.7 12017.9 11965.9 11919.5 11889.5 11872.1 11863.3 11859 11855.2
11762.2 11784.7 11805.8 11820.1 11833 11851.1 11876.7 11896.5 11905.3 11905.9 11895.4 11878.5 11854.2 11825.2 11788.2 11738.6 11672.6 11605.6 11539.4 11470.6 11427.7 11408 11392.8 11375.4 11353.8 11366.7 11367.7 11362.7 11362.4 11358.4 11342.8 11338.3 11340.1 11337 11330.9 11327.9 11326.5 11325.9 11326.5 11327.5 11330.5 11334.1 11342.3 11349.9 11354 11361.5 11390.6 11433.4 11481.2 11530.4 11583.7 11656.4 11737.1 11814 11884.9 11949.6 12004.4 12041.7 12052.9 12040.1 12007.6 11965.2 11924.6 11891.9 11871.2 11862 11863 11861.2
11763.3 11785.8 11803.3 11816 11828.1 11843.6 11866 11883.8 11894.9 11902.4 11899.5 11893.4 11882.4 11869.7 11852.8 11827.7 11784.2 11715.3 11634.3 11554.1 11503.4 11485 11475.5 11472.6 11474.2 11459.7 11440.1 11431.2 11436.3 11449.5 11463.1 11443.8 11418 11400.9 11388.6 11381.3 11376.9 11373.5 11372.4 11370.1 11368.1 11367.7 11367 11370.5 11379.1 11397.8 11437.6 11487.5 11540.3 11592.6 11646.6 11724.5 11809.5 11879.4 11932.7 11975.3 12008.8 12029.5 12033.3 12023.3 11996.5 11962.9 11926.5 11895.5 11872.7 11859.9 11862.8 11861.8
11766.2 11789 11800.9 11810.9 11824.3 11836.2 11855.5 11874.4 11892.3 11898.5 11901.5 11904.9 11907.4 11910.5 11914 11916.6 11903.2 11827 11734.8 11649.6 11590.6 11567.7 11556.8 11558.9 11586.9 11533.9 11496.8 11483.4 11490.8 11516.6 11568 11523.8 11480.1 11454.9 11442.6 11434.1 11429 11424.9 11423 11417.7 11409.7 11404.9 11397.7 11400.9 11413.2 11441.6 11492.2 11550.5 11610.3 11669.8 11727.3 11812.7 11905.9 11953.9 11978.6 11997.2 12011.7 12020.2 12023 12007.5 11984.2 11958 11929.8 11902.5 11877.1 11858.5 11855.5 11853.6
11768.1 11786.9 11794.6 11801.4 11812.1 11824.8 11843.6 11860.1 11871.3 11887.3 11900.1 11912.1 11924.2 11938.8 11956.8 11977.9 11990.2 11912.3 11824.9 11744.1 11680.9 11652.2 11627.5 11605.2 11577.2 11549.5 11527.9 11512.8 11514.9 11527.3 11549.3 11535.7 11513.9 11498.5 11490.1 11484.3 11482.2 11479 11475.1 11467.6 11461.2 11449.6 11436.8 11439.6 11457.9 11496.2 11557 11622.1 11688.4 11758 11832.6 11925.3 12015.3 12018.9 12011.8 12009.2 12007.5 12003.9 11995.4 11982 11965.6 11949.9 11934 11914.1 11881.3 11856.6 11844.9 11841.7
11769.3 11781.9 11785.3 11788.6 11796 11811.6 11831.4 11848.4 11861.7 11880.3 11897.2 11913.6 11930.8 11950.6 11973.6 11996 12001.6 11957 11896.7 11836.2 11781 11740.9 11694.7 11642.3 11585.7 11554 11541.5 11530.1 11522.4 11514.2 11513.1 11526.3 11531.8 11532.7 11533.5 11533.5 11533.2 11531 11530 11526.6 11518 11505.6 11488.3 11492.9 11524.7 11570.4 11636.3 11700.4 11765.8 11839.2 11927.5 12017.6 12051.9 12036.8 12020.8 12007.6 11995.1 11981.9 11966 11952.2 11941 11932.5 11924.7 11905.1 11879.9 11855.5 11839.4 11833.4
11770.9 11775.5 11775.8 11776.6 11782.8 11801.1 11821.6 11840.6 11859.3 11878 11892.5 11909 11926.9 11947.1 11968.4 11987.7 11995.1 11977.5 11950 11921.1 11889.7 11834 11765.9 11690.4 11613.7 11571.6 11566.6 11554.7 11537 11512.9 11503.8 11531 11553.5 11567.7 11576.2 11579.9 11584.8 11588.7 11590.8 11593.1 11592.7 11583.9 11568 11585.9 11634.4 11681.6 11730.9 11779.3 11831.9 11892.9 11961.2 12009.7 12012.2 12017.1 12007.1 11992.7 11976.4 11957.8 11936 11920.3 11913.5 11907.6 11903.6 11890.5 11875.7 11859.6 11839.3 11828.6
11766 11766.8 11768.9 11770.8 11779 11795.8 11814.7 11833.4 11852.9 11870.5 11883.1 11898.5 11914.7 11931.7 11948.7 11963.4 11975.9 11981.3 11983 11985.5 11978.8 11921.2 11837.8 11751.3 11664.4 11613.4 11617.8 11605 11578.8 11541.8 11532 11563.8 11591.2 11607.9 11619.8 11627 11635.5 11644.8 11657.6 11668.4 11679.2 11684.5 11685.2 11723.9 11784.8 11813.9 11829.2 11850.9 11882 11920.6 11960.4 11984.2 11987.3 11989.7 11982.8 11970.1 11953.6 11934.8 11911 11893.3 11888.2 11879.8 11867.8 11868.9 11867.9 11868.3 11844.3 11824.1
11763.9 11762.9 11767.7 11772.4 11781.5 11795 11810.1 11825.7 11841.6 11855.8 11868.5 11882.2 11896.5 11910.1 11922.1 11931.4 11947.8 11970.8 11991.6 12016 12045.6 11983.1 11896 11819.6 11752.1 11708.4 11705.2 11685.4 11659 11616.3 11605 11629.2 11646.7 11657.7 11667.2 11676.5 11689.8 11702.8 11720.8 11741.5 11767.5 11799.1 11836 11878.8 11936.1 11929.6 11909.4 11905.6 11914.6 11931 11951.3 11971.6 11965.4 11961.3 11955.8 11945.4 11932.1 11915 11895.1 11880.4 11870.8 11859 11846.2 11844.7 11850.8 11856.1 11836.7 11818.3
11767.2 11767 11773.6 11779.7 11788.1 11797.1 11807.5 11818.4 11829.3 11839.4 11851.6 11864.2 11875.9 11886.2 11895.1 11905.9 11924.2 11949.7 11975.3 11999.1 12010.2 11977.3 11923.6 11877.3 11849.7 11842.6 11806.4 11781.8 11768.3 11754 11734.8 11719.9 11714.1 11716 11719.5 11726.5 11738.9 11754 11774.8 11804.3 11841.3 11895.6 11958.3 11980.3 12005.2 11980.6 11951.5 11935.7 11929.9 11929.8 11929.6 11926 11928 11931.3 11927.6 11920.4 11910.3 11896.9 11882.2 11871.7 11859.1 11847.2 11837.4 11832.4 11834.5 11832.4 11820.8 11814.6
11773.6 11776.6 11784.4 11792.5 11796.9 11800.4 11805.9 11812.3 11818.8 11825.6 11835.5 11846.4 11855.8 11863.4 11869.3 11875.1 11896.4 11921.6 11943.7 11958.3 11956.8 11941.9 11922.6 11905.6 11905.1 11925.5 11880.8 11860.9 11866.3 11891.2 11852.2 11805.4 11779.7 11765.9 11762.4 11765.4 11775.5 11790.7 11813.5 11845.3 11888.4 11941.6 11993.8 11997.4 11985.2 11976.5 11959.4 11943.7 11931.8 11921.6 11908.2 11888.4 11889.8 11902.3 11902.4 11897.9 11890 11879.4 11867.1 11857.5 11847.4 11839.2 11833.7 11830.3 11828.8 11824.8 11819 11815.7
11784.8 11787.9 11795.1 11804.1 11803.3 11802.7 11804.5 11807.2 11810.2 11814.1 11821.8 11830.8 11838.5 11844.1 11848 11854.2 11872 11892.9 11909.2 11917.4 11918 11912.6 11904.7 11903 11906.4 11906.2 11899 11897.9 11912.4 11939.6 11901.4 11854.4 11823.4 11807.9 11801.3 11801.8 11809.3 11822.8 11843.1 11869.8 11904.9 11944.3 11975.5 11973.3 11961.8 11957.3 11948 11936.6 11924.6 11912.6 11900.3 11888.6 11883.6 11884.3 11881.5 11878 11871.8 11863.1 11852.8 11841.7 11834.8 11831.5 11830.7 11830.7 11830 11826.1 11822.4 11820.5
11794.8 11796.4 11800.4 11804.9 11804.3 11802.9 11802.7 11803.4 11804.2 11805.2 11811.6 11819.4 11825.5 11829.7 11832.1 11835.5 11852.1 11868.2 11878.9 11881.8 11875.6 11865.4 11877.3 11884.4 11887.4 11883.5 11889.1 11898.7 11909.8 11915.5 11902 11873 11849.4 11834 11826.3 11825.1 11830.1 11839.6 11856.6 11877.6 11901.1 11924.9 11940.5 11938.8 11932.9 11933.5 11930.4 11923.2 11913.5 11902.9 11893.5 11889.8 11873.4 11870.7 11868.6 11862.3 11856.7 11849.5 11840.6 11830.1 11825.1 11824.3 11825.5 11829.5 11831.6 11829.8 11827.9 11827.2
11797 11798.2 11800.2 11801.6 11801.6 11800.5 11800 11800.3 11801.2 11803.2 11807.5 11812.4 11817.2 11821.1 11823.4 11826.6 11838.7 11850 11856.5 11856.5 11850.3 11844.7 11856.6 11865.8 11869.7 11870.6 11875.9 11883.5 11888.9 11888.8 11886.5 11872.1 11858.2 11847.1 11838.6 11837.1 11840.5 11846.4 11859.3 11873.7 11889 11901.4 11908.2 11908.6 11909 11912.6 11913 11908.7 11901.3 11891.9 11881.3 11868.1 11863.6 11861.4 11857.6 11853.1 11847.6 11841.5 11834.5 11827.8 11823.2 11820.7 11822.4 11828 11832.2 11833.4 11835.7 11835.8
11790.5 11793.2 11796.4 11798.1 11797 11796.6 11797.1 11797.8 11799 11801.3 11804.6 11808.1 11812.5 11816.6 11820.8 11825.7 11831.1 11837.8 11842.1 11842.7 11841.1 11841.2 11846.7 11852.4 11855.4 11857 11860.2 11864.8 11867.6 11868.4 11870.2 11863.5 11856.6 11850 11842.7 11841.6 11843.9 11849.1 11857.3 11865.9 11874.1 11881.4 11884.9 11886.1 11891 11896.1 11897.8 11894.6 11888.7 11881.4 11873.6 11866.2 11865.2 11858.2 11852 11847 11842.1 11836.9 11831.7 11827.4 11824 11821.1 11822.5 11827.4 11832.8 11836.7 11842.3 11844.6
11781.9 11784.1 11785.5 11788.2 11790.5 11792.4 11794.2 11795.8 11797.1 11797.6 11799.7 11805.4 11809.9 11813.9 11818 11822.1 11826 11830 11833.4 11835.6 11837.3 11839.1 11841.5 11843 11843.3 11842.6 11843.4 11846.6 11848.2 11850.2 11855.1 11852.8 11850.6 11847.8 11845.9 11845 11846.5 11849.6 11855.3 11858.7 11861.5 11864.2 11868.8 11868.6 11878.5 11885.7 11886.4 11882 11876.6 11871.1 11867.9 11865.4 11861.5 11852.6 11846.1 11841.6 11837.7 11833.8 11829.9 11826.9 11824.6 11822.1 11823.4 11827.2 11832.1 11838.6 11844.6 11846.6
11776.9 11776.5 11773.4 11778.8 11784.9 11788.7 11791.8 11794.3 11796.9 11798.8 11801.1 11805.9 11808.9 11811.6 11814.4 11817.7 11821.1 11824.4 11827.5 11830.6 11834.2 11838.2 11838 11835.9 11833.3 11830 11828.1 11831.3 11833.3 11836.4 11841.8 11843.9 11845.5 11845.6 11846.1 11846.8 11848.1 11851.6 11851.5 11851.9 11851.8 11854.6 11872.2 11881 11887.3 11883.6 11877.6 11871.5 11865.2 11859.1 11853.9 11849.5 11843.5 11840.7 11839.2 11837.2 11834.6 11831.8 11828.9 11826 11823.1 11823.6 11824.9 11827.1 11830 11836 11841.7 11843
11775.3 11774.8 11773.6 11777.7 11782.7 11787 11790.6 11793.8 11797.6 11802.7 11808.3 11808.4 11808.1 11809.3 11811.3 11814.1 11817.4 11820.5 11823.3 11826.4 11830.4 11833.7 11832.9 11828.9 11824.9 11821.5 11819.8 11820.6 11821.2 11824.6 11831 11834.7 11838.3 11841 11845.3 11846.9 11848.1 11848.7 11849.6 11847.9 11846.1 11849.2 11876.1 11933.6 11901.8 11881.5 11871.1 11863.5 11856.3 11848.8 11840.3 11835.8 11832.2 11832.6 11834.4 11834.7 11833.7 11831.9 11829.7 11827.1 11825 11825.7 11827.3 11828.8 11830.3 11834.1 11838.9 11840.3
11778.1 11778 11778.3 11781.1 11784.3 11787.5 11790.3 11793.2 11796.7 11802.1 11811.9 11806.3 11805 11806.1 11809 11811.4 11814.2 11817 11820.1 11822.7 11825.6 11827.4 11826.1 11821.6 11816.9 11813.7 11813.8 11811.8 11814.1 11817 11823.4 11827.6 11832.8 11837.2 11842.3 11844.7 11846.2 11846.8 11846.9 11845.3 11843 11842.8 11850.7 11851.2 11870 11868 11862 11855.6 11849.1 11842.1 11835.2 11831.7 11830.1 11831.3 11833.4 11834.2 11834.1 11833 11831.5 11829.8 11829.7 11830.6 11831.6 11832.7 11833.8 11836.4 11839.8 11841.1
11781.9 11783.5 11784.8 11786.3 11787.7 11789.4 11790.9 11792.5 11793.7 11794.5 11792.5 11795.9 11799.9 11802.8 11803.1 11808.8 11812.2 11814.7 11817.3 11818.9 11820.3 11820.6 11818.6 11813.9 11808.7 11804 11799.6 11800 11803.2 11808.6 11814.4 11821 11827.2 11832.6 11837.6 11840.8 11843.1 11844.2 11844.8 11845.4 11844 11841.6 11839.7 11840.9 11849.2 11853.5 11852.3 11848.4 11843.4 11838.3 11834.2 11832.4 11832.9 11834.1 11835.5 11835.9 11835.8 11834.8 11833.6 11832.7 11833.1 11835.6 11836.8 11838.6 11840.2 11842.5 11843.9 11844.6
11786.1 11790.3 11792.1 11791.8 11791.3 11791.5 11791.9 11791.7 11791 11788.9 11785.4 11789.3 11796.7 11802.5 11807.2 11809.2 11811.5 11813.3 11814.8 11815.6 11815.5 11814 11811.1 11806.9 11801.7 11795.9 11790.2 11789.8 11792.9 11801.8 11808 11815.4 11822.1 11828 11833.1 11837.2 11840.4 11842.5 11844.3 11846.6 11848.4 11846.6 11839.4 11836.6 11841.6 11844.9 11845.1 11843 11839.5 11835.9 11833.9 11834.5 11837 11839.1 11839.7 11839.4 11838.8 11838 11837.1 11836.3 11835.7 11837.7 11842.2 11846 11848.8 11850.6 11850.5 11850.5
11790.3 11796.2 11798.1 11796.3 11794.9 11794 11793.1 11792.2 11790.7 11788.4 11785.6 11789.1 11797.2 11804.1 11808.7 11810.2 11811.4 11812.4 11813.5 11813.3 11811.9 11809 11805.1 11801.8 11797.3 11791.6 11786.1 11784.8 11788.4 11797.8 11804.5 11812.1 11819.1 11825.3 11830.7 11835.3 11839 11841.9 11844.4 11847 11850.3 11849.7 11843.3 11839.6 11840.5 11841.6 11841.5 11839.9 11837.2 11834.3 11833.2 11836.3 11840.8 11844.3 11844.1 11843.2 11842.7 11842 11841.4 11840.9 11840.9 11843.5 11848.6 11854.1 11859.4 11860.2 11858.5 11857.4
11793.8 11798.7 11800.3 11799 11797.4 11796.1 11795 11793.9 11792.8 11792 11791.5 11794.5 11800.5 11806.2 11810.2 11810.5 11811.4 11812.1 11812.6 11812.1 11810.2 11807.1 11803.1 11800.2 11796.4 11791.5 11786.9 11785.8 11789.4 11797.7 11804.1 11811.6 11818.5 11824.8 11830.3 11835.1 11839.3 11842.5 11845 11846.7 11847.4 11847.2 11846.4 11843.7 11841.7 11841.2 11840.6 11839.4 11837.2 11834.6 11834.1 11838.5 11843.4 11846.5 11847.5 11847 11846.7 11846.3 11846.2 11846.6 11847.5 11850.4 11855.3 11860.8 11866 11868.2 11866.6 11864.8
11796.6 11799.8 11800.9 11800.3 11799.1 11798 11797 11796.2 11795.9 11796.6 11800.1 11804.2 11802.9 11805.4 11808.1 11809.1 11810.8 11812 11812.7 11812.4 11811 11808.3 11804.7 11802 11798.9 11795 11791.3 11790.2 11793.3 11800.1 11805.4 11811.9 11818.1 11823.8 11829.1 11834.2 11838.5 11844 11846.6 11847.3 11845.5 11844.7 11845.1 11843.6 11842.6 11842 11841.6 11840.9 11839.7 11838 11838.5 11842.5 11846.5 11849.7 11850.9 11850.8 11850.8 11851 11851.6 11852.6 11853.9 11857.4 11861.2 11865.9 11870.7 11873.7 11874.2 11873.6
11799.1 11801 11801.3 11801 11800.2 11799.4 11798.7 11798.2 11798.2 11798.9 11801.2 11803 11800.3 11799.6 11802.8 11807.2 11810.5 11812.9 11814.3 11814.6 11813.9 11811.9 11809.6 11807 11804.2 11800.9 11797.9 11796.7 11799.1 11804.3 11810.4 11816.8 11822.9 11828.8 11834.4 11839.4 11843.9 11845.5 11849.1 11850.8 11849.1 11845.9 11841.8 11842.2 11843.2 11843.8 11844.1 11844.2 11844 11844.2 11845.1 11847.5 11850.4 11853.3 11854.3 11854.4 11854.5 11855.2 11856.5 11858.5 11860.9 11863 11866 11869.4 11873.9 11878.5 11881.3 11882.2
11800.7 11800.8 11801.1 11801.2 11800.9 11800.7 11800.4 11800.2 11800 11799.7 11799 11796.8 11796.1 11794.4 11799.9 11806.9 11812 11815.3 11817.3 11818.2 11818.2 11817.2 11815.7 11813.7 11811.2 11808.5 11805.9 11804.5 11806.5 11810.5 11815.8 11821.2 11826.9 11832.4 11837.5 11842.3 11846.9 11850.8 11855 11858.1 11858.6 11851.8 11844.2 11844.2 11845.4 11845.9 11846.7 11847.6 11848.7 11850.6 11851.3 11852.4 11854 11855.7 11856.7 11857.2 11857.9 11858.8 11860.6 11863.5 11867.3 11868.7 11870.4 11871.7 11876 11884.2 11888.1 11888.8
11801.1 11800.6 11801.1 11801.4 11801.6 11801.8 11802 11801.8 11801.8 11801.2 11799.3 11796.4 11797 11797.7 11803.7 11810.6 11815.5 11819.1 11821.4 11822.9 11823.5 11823.5 11822.8 11821.6 11819.6 11817.1 11814.8 11813.5 11815.3 11818.3 11822.1 11826.8 11831.7 11836.8 11841.4 11845.8 11850.1 11854.1 11858.4 11863.1 11865.5 11857.8 11850.4 11848.9 11849.4 11850.3 11851.2 11852.2 11853.2 11855.4 11855.8 11856.4 11857.3 11857.9 11858.7 11859.8 11860.7 11861.6 11863 11865.6 11869.5 11873.3 11874.1 11874.7 11879.3 11888.4 11891.8 11888.5
11800.8 11801.1 11801 11801.2 11801.7 11802.5 11803.4 11804.3 11805 11805 11803.6 11801.8 11804.7 11808.7 11813.1 11817.7 11821.2 11824.1 11826.2 11828 11829.3 11830.3 11830.9 11830.6 11828.6 11826.2 11824.3 11823.2 11823.8 11825.8 11828.6 11832.3 11836.4 11840.9 11844.9 11848.7 11852.6 11856.3 11859.8 11863 11864.4 11860 11855.1 11853.9 11854 11854.6 11855.5 11856.4 11856.7 11856.1 11858.7 11860.1 11860.8 11860.7 11861.2 11862.7 11863.3 11863.8 11864.2 11865.1 11867.8 11873 11874.4 11874.4 11878 11883.7 11884.5 11880.8
11799 11799.7 11800.4 11801 11802.3 11803.9 11805.7 11807.5 11809.3 11810.9 11811.9 11812.6 11818.1 11823.8 11825 11826.5 11827.9 11829.5 11831.2 11833.3 11835 11836.9 11838.7 11839.7 11837.3 11834.9 11833.2 11832 11831.7 11833.1 11835.2 11837.9 11841.1 11845 11848.3 11851.5 11854.8 11857.6 11859.9 11860.9 11861.3 11861.5 11859.9 11858.3 11858.2 11858.8 11860 11861.3 11861.8 11861.2 11863.1 11864.3 11864.9 11865 11865.2 11866.1 11866.1 11865.9 11865.1 11864.4 11866.2 11870.9 11872.7 11871.9 11874 11876.9 11877.5 11874.2
11795.6 11796.5 11797.9 11799.5 11801.6 11804.2 11807 11809.8 11813.4 11817.3 11821.8 11828 11835.7 11839.6 11836.2 11834.5 11834.1 11834.7 11836 11837.8 11839.9 11842.4 11844.8 11846.2 11844.5 11842.3 11840.6 11839.5 11839.3 11840.2 11841.6 11843.4 11845.6 11848 11851.4 11853.9 11856.3 11858.4 11860.2 11861 11862.3 11864.4 11864.1 11862.5 11861.6 11862 11863.7 11866.4 11868.9 11869.2 11869 11868.6 11868.9 11870.2 11871.7 11870.2 11868.5 11867.6 11866.8 11865.8 11867.4 11871.5 11873 11870.5 11871.3 11871.9 11871.3 11869.3
