real_craters/C089-500m.grd
DSAA
123 123
-30.59 30.59
-30.59 30.59
10689.593910037 12133.546811617
[rows 30 to 59 of 123, columns 0 to 66 of 123]
11572.7 11573.2 11574.4 11576.5 11579.9 11580.3 11581 11581.8 11583.5 11585.7 11588.8 11592.1 11595.5 11599 11603 11607.7 11611.4 11611.6 11611 11612.5 11614.3 11617.5 11621.1 11624.7 11627.8 11630.1 11633.1 11637.4 11647.6 11653.9 11660.2 11666.4 11672.4 11678.2 11684.1 11686.7 11683.7 11687.4 11690 11692.9 11697.7 11698.4 11700.4 11703 11702.5 11700 11699.2 11701.2 11702.5 11705.7 11704.8 11708.7 11712.1 11714.5 11716.5 11718.5 11719.1 11721.2 11722.5 11723.9 11724.2 11724.7 11724.1 11724.7 11726.7 11731.6 11734.1
11572 11573.3 11574.7 11577.6 11581.8 11583.9 11583.3 11582.9 11584.6 11586.9 11589.8 11592.7 11595.8 11598.7 11601.4 11603.5 11607.2 11609.1 11610.6 11612.5 11616.4 11620.2 11624.2 11627.9 11631.3 11634.2 11636.8 11641.8 11654.5 11670.6 11672 11674.1 11676.7 11678.4 11681.1 11691.5 11703.2 11697.4 11697.4 11700.5 11704.4 11706.9 11707.4 11706.3 11705.1 11703.6 11699.3 11699.4 11702 11703.1 11708.6 11713.5 11716.4 11718.6 11721.8 11724.5 11726.5 11727.1 11728 11728.2 11727.5 11725.9 11726.3 11726.7 11728.6 11734.3 11736.8
11569.3 11571.4 11574 11577 11582.4 11586 11585.3 11584.7 11586.1 11588.7 11590.9 11593.5 11596.3 11598.8 11600.8 11602.2 11605.1 11607.6 11611.8 11615.9 11619.6 11623.6 11628 11632.1 11634.7 11637.9 11641 11644.4 11656.6 11669.6 11677 11680.7 11682.9 11682.8 11681.1 11689.2 11695.7 11699.2 11701.5 11705.7 11712.3 11714.5 11714.9 11713.8 11713 11711.8 11710.5 11705.1 11706.3 11709.4 11721.1 11720.5 11721.8 11723.8 11727 11730.2 11732.5 11733.4 11733.7 11733.6 11732.8 11732.2 11730.1 11730.9 11733.5 11736.4 11738.8
11566.7 11569.7 11573.6 11576.9 11582.1 11585.7 11585.8 11586.2 11587.5 11588.8 11591.4 11594.3 11597 11599.7 11602.2 11605.5 11606.8 11608 11612.7 11618.1 11622.7 11627.5 11632.6 11637.5 11639.4 11641.7 11645 11644.7 11656.9 11671.4 11680.1 11686.5 11690.6 11692.6 11692.4 11691.2 11693 11697.9 11702.7 11707.2 11711.2 11717.2 11725.1 11725.9 11724.5 11721.8 11719.7 11717.7 11714.8 11716.3 11721.8 11724 11726.2 11728.6 11732.2 11734.5 11737.1 11738.9 11739.5 11739.4 11739.1 11737.6 11734.9 11732.8 11733.8 11737 11738.8
11565.3 11569.2 11574.4 11579.7 11581.7 11582.3 11584.9 11587.4 11588.7 11590.1 11592.6 11595.6 11598.5 11601 11603.6 11606.3 11608.8 11611.4 11616 11620.9 11626.1 11629.9 11634.2 11637.6 11640 11644.7 11648.7 11652.1 11660.6 11671.1 11684.6 11692.6 11698.6 11703.7 11701.8 11693.3 11691.9 11698.3 11704 11708.7 11711.9 11720.7 11735.3 11744.3 11734.3 11729.4 11729.2 11726.5 11721.2 11720.7 11722.2 11726.9 11729.7 11732.7 11737.2 11739.4 11742.6 11745.5 11747.2 11748.3 11748 11746.1 11743.3 11739.7 11739.9 11740.3 11739.4
11567.2 11569.8 11573.8 11577.6 11581.5 11583 11584.8 11588 11590.1 11592.1 11594.7 11597.5 11599.9 11602.6 11605.4 11608.8 11614.1 11621.7 11628.5 11630.4 11631.2 11631.3 11630.1 11634.4 11644 11649.9 11654.2 11660 11674.9 11688.7 11693.8 11698.2 11703.2 11710.8 11708.9 11698.9 11696.1 11699.8 11705.8 11712.7 11720.2 11729.6 11738.4 11738.7 11733.9 11729 11727.4 11725.4 11723 11722.9 11727.7 11730.7 11734.3 11738.2 11743 11745.7 11750 11754.4 11757.8 11759.2 11758.7 11757.3 11756.9 11752.7 11755.2 11760.1 11765.1
11568.6 11571.8 11574 11577.1 11582 11585.8 11585.5 11588.7 11591.6 11595 11598.3 11598.9 11600.8 11603.3 11606.5 11610.5 11616.8 11631.6 11637.1 11637.9 11637.4 11636.2 11634.5 11636.5 11650.5 11657.1 11666.5 11673.3 11687.3 11702 11701.2 11701.4 11702.3 11702 11701.4 11698.8 11698 11700.9 11707 11715.2 11726.6 11737 11737 11734.4 11728.2 11721.5 11720 11721.6 11722.4 11725 11728.4 11734.3 11740.5 11746.3 11751.2 11755.4 11760.6 11764.9 11767.9 11771.3 11773.5 11772.6 11771.8 11769.9 11774.2 11781.7 11788.8
11569.1 11572.1 11573.7 11576.9 11582.3 11586.2 11587 11589.6 11592.2 11595 11597.6 11599.2 11601.3 11604.2 11607.7 11612.6 11618.8 11633.9 11639.8 11642.4 11643 11643.9 11644.9 11644.8 11654.7 11665.4 11673.2 11685.2 11689.4 11700.3 11702.2 11700.9 11699.3 11696.8 11695.4 11692.8 11696.3 11700.7 11706.6 11715.1 11724.9 11733.2 11732.8 11724.6 11722.5 11718.3 11714 11719.4 11723.4 11728.1 11734.3 11740.8 11749.8 11757.4 11759.8 11764.1 11772.9 11780.7 11785.9 11789.4 11790.5 11791.4 11791.1 11788.7 11794 11799.6 11800.8
11570 11571.8 11573.5 11577.3 11582.8 11586.9 11587.3 11590.2 11592.4 11594.5 11596.8 11599.3 11601.9 11604.9 11608.7 11614.2 11622.9 11641.4 11647.3 11646.6 11648 11651.6 11658.5 11667.1 11673.2 11679 11687.5 11699.7 11701.2 11702.7 11700.2 11697.9 11696.2 11695.8 11693.2 11692.5 11694.3 11698.7 11704.5 11711 11718.1 11724.4 11730.4 11720.7 11720.6 11722.3 11718 11723.5 11727.1 11732.5 11740.3 11747.3 11759.2 11770.1 11771.4 11779.6 11788.7 11797.3 11804.9 11809.7 11812.7 11814.8 11813.7 11812.4 11815.7 11819.5 11818.2
11571 11573.1 11575 11578.7 11583.8 11588.9 11591.9 11591.2 11592.5 11594.8 11597.3 11600.2 11602.6 11605.3 11608.8 11613.9 11623.8 11636.1 11643.1 11646.3 11649.8 11654.7 11662.7 11679.6 11690.2 11690.2 11694.9 11696.3 11696.5 11697.6 11695.4 11693 11690.3 11688.9 11688.7 11691.2 11691.8 11695.7 11700.9 11706.7 11711.4 11714.8 11720.9 11720 11719.7 11722.3 11725.7 11733.3 11741.7 11742.7 11743.6 11748 11769.4 11780.7 11785.8 11793.8 11805.9 11815.9 11825.6 11833 11837.2 11839.2 11837.1 11831.8 11838.9 11841 11843.5
11571.3 11574.3 11577.3 11579.8 11583.8 11588.2 11588.8 11589.7 11592.1 11595.4 11599.3 11601.5 11603.2 11605.6 11608.8 11613.2 11623.4 11629.3 11635.3 11643.8 11649.7 11654.6 11659 11674.1 11689 11691.4 11695.6 11703.3 11695 11692.5 11690.5 11687.5 11684 11681.6 11680.1 11681.9 11686.5 11691.8 11697 11701.9 11706.8 11713.3 11720.1 11718.6 11718.9 11719.3 11732.6 11741.1 11750.6 11754.9 11758.9 11767.1 11786.5 11796.2 11802.8 11815.1 11821.8 11830.8 11842.6 11850.6 11858.2 11864.6 11870.9 11870 11868 11860.5 11848.1
11571 11573.9 11575.9 11578.9 11582.2 11584.5 11583.3 11587.1 11590.9 11595 11599.7 11601.8 11603.5 11605.9 11608.9 11614 11622 11628.3 11637.1 11643.3 11650.2 11656.7 11665 11678.4 11686.9 11692.9 11696.5 11697.9 11695.4 11690.3 11686 11682.5 11679.3 11676.8 11674.6 11676 11683.1 11688.8 11693.6 11697.8 11701.7 11706.4 11716.8 11719.9 11721.6 11727.9 11736 11745.1 11756.5 11764.3 11778.2 11795.5 11805.8 11816.9 11810.9 11818 11827.8 11836.2 11843.4 11859.3 11871.5 11884 11899.3 11908.6 11899.6 11885.1 11861.1
11572.1 11573.8 11575 11578.5 11580.9 11582.5 11584.1 11586.3 11590 11593.4 11596.4 11599.5 11602.7 11605.2 11608.1 11612.8 11620.4 11623.8 11633.7 11643.7 11653.1 11660.7 11666.5 11675.9 11685.4 11690.2 11695.1 11697.6 11694 11687.5 11682.6 11679.5 11677.3 11676.6 11677.4 11680.2 11684.9 11689.5 11693.8 11697 11698.5 11698.6 11704 11715.2 11724.1 11734.2 11739.3 11743.6 11753.8 11774.9 11789.5 11799.4 11820.3 11829.8 11822.8 11823 11828.1 11831.2 11835.4 11852.7 11873.8 11896.7 11904.8 11916.1 11930.1 11928.4 11899.9
11575.8 11576 11577.6 11578.5 11580.5 11582.8 11585.4 11586.9 11589.9 11593.3 11596.7 11600 11602.7 11604.8 11607.3 11610.9 11620 11624.3 11633 11645.4 11658.4 11670.1 11675.7 11685.6 11687.8 11688 11693.9 11697.1 11690.2 11681.4 11678.6 11678 11676.8 11679 11681.3 11684.7 11687.9 11691.6 11695.1 11697.9 11699.3 11699.8 11703.6 11714.7 11725.2 11733.9 11742 11749.2 11769.8 11794.4 11804.8 11808.9 11838.1 11855.9 11864.2 11845.5 11820.3 11800.1 11795.4 11809.6 11847.9 11911.5 11966 11971.2 11963.2 11966.4 11960.1
11581 11578.5 11577.1 11579.4 11581.8 11584.3 11587.4 11587.9 11591.1 11594.3 11597.9 11601.2 11602.7 11605.1 11607.8 11611.3 11619.7 11622.8 11631.8 11648.2 11664.5 11680.3 11694.6 11693.6 11696.1 11699.7 11697.7 11696.3 11684 11674.1 11677.4 11679.7 11680.9 11684 11692 11691.4 11692.6 11695.8 11699.8 11703.7 11705.6 11705.6 11710.6 11719.5 11728.3 11737.6 11747.5 11761 11782.9 11808.9 11830.2 11839.1 11860.9 11878.7 11905.4 11847.4 11781.9 11742.6 11728 11739.2 11788.8 11882.4 12043.6 12010.1 11957.3 11974.5 12004.3
11586.7 11584.5 11581.1 11582.8 11584.4 11585.9 11589.7 11590.9 11593.3 11595.6 11597.7 11599.8 11602.8 11606.1 11610.3 11615.7 11622.5 11625.7 11637.4 11651.9 11669.4 11686.8 11695.8 11704.4 11706.1 11703.8 11698.1 11691.7 11680.1 11678.1 11680.9 11684.1 11687.1 11686.2 11681.5 11689.8 11694.3 11699.4 11704.2 11709.7 11715.4 11720.7 11719 11729.6 11739.6 11743.3 11755.8 11774.3 11799.4 11825.9 11858.3 11881.8 11871.1 11833.6 11839.7 11760.8 11685.8 11636.9 11621.1 11629 11667.2 11729.1 11806.1 11842.6 11856.1 11915.5 11996.2
11590.8 11589.2 11589.8 11589.9 11589.4 11589.8 11596.6 11596 11596.3 11597.5 11598.7 11600.7 11603.5 11607.2 11612.4 11619.9 11626.8 11633.5 11640.3 11653.2 11671.8 11692.8 11701.4 11704.5 11704.1 11698.2 11696 11691 11685.8 11687.5 11687.2 11688.8 11692.7 11690.2 11691.2 11692.4 11696.8 11702.2 11708.6 11716 11723.8 11731.6 11734.5 11740 11759.2 11757.2 11773.2 11789.2 11832.9 11863.6 11861.5 11854.7 11791.7 11676.1 11606.3 11583.9 11535.6 11509.3 11490 11488 11500.7 11519.9 11542.4 11614.6 11682.6 11772.4 11865.4
11593.5 11591.5 11593.9 11595.2 11594.8 11596.4 11599.7 11598.8 11599.2 11600.3 11601.5 11603 11605.5 11607.8 11611.2 11618.5 11627.3 11637 11640.3 11651 11668.6 11689 11708.3 11706.8 11698.7 11691.8 11697.7 11697.7 11702 11695.6 11692.5 11692.1 11689.9 11692.2 11692.7 11694.6 11698.6 11703.9 11710.3 11718.1 11728.1 11735.5 11729.1 11735.3 11759.7 11783.9 11812.6 11825.8 11877.8 11912.9 11811.4 11690.2 11570.3 11468.2 11391.6 11402.9 11378.4 11361.4 11341.8 11330.9 11327.5 11330 11345.3 11412.9 11490.4 11575.2 11643.2
11596.4 11595.7 11596.7 11598 11598.9 11600 11602.6 11601.2 11602 11603.7 11605.7 11607.8 11609.4 11610.1 11610.9 11619.2 11632.2 11644.3 11643.2 11651.4 11663.6 11672.6 11687.8 11698.5 11708.2 11716.7 11708.2 11700.2 11700.9 11693.2 11694.3 11701.3 11701.7 11695.5 11692.4 11694.7 11698.2 11702.8 11707.9 11715.1 11723.9 11729.2 11718.3 11723.5 11746.1 11814.8 11872.6 11895.8 11876.7 11831.3 11677.7 11509.4 11370.3 11313.4 11273.1 11264.7 11238.3 11223.3 11201 11179.9 11157.6 11155.2 11185.6 11230.5 11297.7 11368.6 11419.2
11599.6 11600.8 11600.7 11601.4 11602 11603.9 11604.9 11603.9 11605.2 11607.4 11610.4 11613.8 11615.4 11615.5 11616.2 11625.5 11638.1 11641.6 11649.2 11658.5 11664.7 11673.9 11692.2 11701.2 11716.3 11726.9 11716.7 11708.7 11697.4 11681.5 11692.4 11708.6 11713 11698.6 11692.6 11694.6 11697.2 11700.3 11703.2 11706.2 11708.3 11707.7 11714.4 11724.6 11747.9 11844.5 11942.2 11942.4 11821 11644.9 11491.6 11354 11231.6 11206.5 11184.8 11154.6 11124.4 11100.7 11073.4 11046.6 11011.7 10980.3 10990.9 11056.2 11124.1 11185.2 11227.5
11600.8 11602.8 11602 11601.1 11602 11604.3 11606.8 11607.2 11608.2 11611.1 11615 11620.5 11623.4 11623.8 11625.1 11634.5 11645.4 11644.2 11649.2 11658.7 11667.8 11680.1 11704 11709.6 11718 11724.8 11716 11705.1 11691.8 11683 11690.5 11702.3 11706.8 11701.7 11696.8 11695.6 11695.6 11696.7 11697.7 11698.6 11696.8 11695.7 11719 11738.1 11768.7 11886.8 12011.2 11988.1 11759.8 11508.5 11339.9 11242 11174.6 11118.1 11080.4 11045.9 11023.2 10997.3 10971.8 10933.9 10887.8 10846.5 10851.1 10916.6 10987.3 11041.9 11084.8
11601.3 11602.8 11602.7 11602.1 11601.7 11603.4 11607.2 11609 11610.3 11613.4 11617.8 11623.3 11627.3 11631.7 11638 11643.5 11649.5 11649.1 11653.3 11662.1 11672.7 11682.2 11700.6 11713 11720.4 11722 11712.7 11696.6 11689 11683.5 11690.8 11700.1 11703.9 11704.3 11699.6 11695.8 11694.9 11695.3 11695.6 11695.3 11695.9 11699.9 11724.3 11751.8 11797.8 11899.6 11989.2 11919.4 11672.6 11410.4 11232.5 11148.8 11091.2 11033 10987.3 10958.9 10934 10912.7 10881.8 10843.3 10805.2 10775.3 10780.8 10826.9 10881.2 10932.6 10979.3
11601.6 11602.9 11603.9 11604.4 11602.6 11603.8 11607 11609.3 11611.2 11614.5 11618.6 11622.7 11627.6 11635 11643.9 11646.6 11649.9 11656.7 11660.6 11665.5 11678.3 11694 11694.6 11710.7 11727.8 11724.4 11715.1 11703.1 11697.5 11693.8 11696.2 11703.7 11700.7 11697.9 11696.5 11694.4 11694.1 11694.2 11695.4 11696.3 11700.6 11713.7 11737 11770.4 11830.2 11880.3 11877.4 11766 11555.9 11328.2 11156.7 11066 10997.9 10918.9 10891.9 10879.7 10862.4 10839.7 10814.6 10781.7 10749.6 10727.5 10735.6 10772.4 10815.4 10856.1 10902.6
11602.4 11604.2 11605.4 11605.3 11603.3 11604.3 11606.4 11607.9 11610.4 11614.5 11619.1 11623.1 11627.2 11633.4 11638.4 11644.9 11650.4 11657.3 11663.1 11667.1 11678 11685.1 11689.9 11702.8 11713 11719.4 11718.8 11717.3 11708.8 11704.1 11700.2 11695.3 11690.9 11686.9 11689.5 11692.5 11694.6 11693.8 11693.6 11697.3 11712.8 11728.3 11761.9 11806.5 11909.5 11852 11735.7 11602.8 11435.9 11258.6 11109.2 10997.1 10906.9 10843.1 10824.9 10812.1 10805.7 10786.9 10762.6 10740.4 10715.1 10698.2 10707.7 10734.2 10761 10798 10837.8
11604.8 11605.9 11607.2 11608.6 11608 11606.4 11605.9 11605.6 11609.6 11614.8 11619.9 11625.4 11631.8 11633.9 11636.7 11642.3 11648.1 11654.2 11660.3 11669.1 11676.5 11690.7 11699.1 11699.6 11701.4 11710.2 11716.2 11717.8 11709.9 11705.3 11701.9 11693.2 11686.3 11678.9 11687.7 11693.6 11696.8 11698.8 11694.1 11696.9 11703.3 11738.6 11799.2 11869.4 11966.5 11807.3 11602.9 11465.9 11328 11184.1 11054.9 10940.6 10854.4 10807.1 10789.1 10773.9 10769.7 10754.3 10741.1 10722.1 10701.2 10689.6 10698.8 10715.8 10734.6 10763.4 10794.8
11605.4 11606.6 11608.3 11609.7 11608.4 11607.6 11606.9 11606.4 11611 11615.7 11620.4 11625.3 11630.9 11633.7 11636.2 11638.3 11643.2 11649.2 11656.9 11663.9 11674.4 11686.9 11696.6 11701.2 11703.1 11709 11712.1 11709.4 11703.6 11695.3 11702.9 11701.9 11699.3 11694 11696.9 11699.4 11701.4 11695.8 11695.1 11701.9 11714.8 11758.7 11842.7 11940 11947.4 11757.5 11522.2 11374.3 11241.6 11105.3 10978.7 10890 10831.6 10795.2 10773 10760.7 10754.1 10741.3 10731.3 10716.6 10700.1 10690 10698.5 10710.1 10723.7 10743.4 10766.1
11606.5 11607.2 11609 11610.6 11609.8 11609.4 11609.3 11609.8 11614.7 11617.8 11620.9 11622.9 11623.6 11628 11631.6 11633.1 11637.6 11644.8 11649 11658.4 11665.2 11680.7 11694 11702.6 11713.8 11714.1 11714.3 11711.9 11704.5 11695.9 11698 11710.4 11717.4 11720.1 11709.3 11707 11707.3 11708.7 11699.1 11708.5 11722.6 11780.4 11879.7 12000.4 11974.6 11737.3 11481.5 11323.8 11183.7 11049.3 10927.2 10857.7 10820.5 10792.1 10769.4 10756.8 10750.7 10740.9 10731.7 10726.5 10715.6 10705.9 10712.6 10720.7 10729.6 10743.2 10757.5
11607.8 11608 11609.3 11610.8 11611.6 11612 11612.2 11613.6 11617.6 11620.3 11622 11622.7 11622.4 11626.6 11630.2 11633.2 11637.4 11642.9 11648.2 11652.7 11661.6 11687.6 11694.5 11691.9 11696.7 11712.9 11718.4 11717.9 11712.6 11706.9 11710.9 11724 11717.6 11714.9 11715.5 11714.9 11715.1 11716.2 11705.2 11713.2 11731.2 11802.3 11918.2 12041.7 12011.9 11737.9 11473.1 11299.9 11153.9 11021.6 10915.3 10846.8 10817.3 10792.4 10771.1 10758.6 10749.2 10742.4 10743.7 10745.6 10748.9 10742.9 10738.3 10731.8 10734.2 10741 10750.8
11606.9 11607.8 11609.3 11611.2 11614.9 11615.2 11614.9 11614.8 11618.3 11622.5 11624.3 11625.2 11626.1 11628.8 11631.7 11633.6 11639.2 11645.3 11652.3 11661.2 11676.4 11684.2 11700.2 11717.1 11715.9 11711.9 11726.9 11729.6 11723.1 11720.4 11728.8 11735.4 11726.7 11721.5 11720.4 11720.9 11721.8 11710.8 11713.9 11722.3 11749.4 11821.3 11925 12079.9 12029.1 11726.8 11462 11287.1 11138.3 11008.4 10904 10841 10816.6 10793.5 10774.2 10761.1 10751.8 10748.7 10747.4 10754.6 10781.1 10790.4 10759.3 10748.3 10743.8 10748.7 10755.3
11604 11607.1 11609.5 11612.6 11617.5 11618.3 11617.7 11617.6 11621.5 11625.4 11627.2 11628.6 11630.3 11631.6 11634.7 11639.6 11643.5 11649.1 11655.2 11664.6 11677.2 11690 11700.8 11714.2 11720.5 11724.5 11731.1 11733.1 11730.6 11728.1 11724.8 11732.3 11731.7 11728.2 11726.8 11727.6 11729.2 11732 11725.7 11741.6 11765.1 11830.5 11929.1 12073.3 11999.8 11695.8 11449.5 11285.6 11138.9 11006.7 10897.9 10833.1 10814.2 10795.3 10777.6 10764 10754.7 10748.3 10745.5 10744.3 10741.1 10753 10760.5 10764.9 10766.2 10771.9 10773.8
