real_craters/C089-300m.grd
DSAA
205 205
-30.59 30.59
-30.59 30.59
10689.039096863 12135.299350156
[rows 0 to 29 of 205, columns 0 to 67 of 205]
11598 11599.1 11600.5 11601.9 11601.3 11601 11602.8 11606.3 11610 11612 11612.6 11613.2 11614.2 11616 11615.9 11616.3 11617.1 11618.3 11619.8 11620 11619.9 11620.4 11622.6 11624.2 11625.1 11625.5 11625.7 11625.4 11624.9 11624.5 11624 11623.6 11623.3 11623.2 11623.6 11623.4 11620.7 11618.3 11616.8 11616.1 11615.5 11615.4 11615.7 11616.3 11617.1 11618.2 11620 11621.6 11622.2 11622.5 11623.2 11624.1 11624.4 11624.2 11624.3 11625 11625.8 11626.8 11627.6 11628.2 11628.3 11629.4 11631.9 11634.2 11636.1 11637.5 11638.7 11640
11598.6 11600.4 11601.8 11603.7 11603.4 11602.1 11604 11608.1 11610.2 11611.5 11612.2 11612.7 11612.9 11613.7 11614.8 11615.8 11616.8 11617.8 11619 11619.5 11619.7 11620.2 11622.3 11623.8 11624.6 11624.8 11624.6 11624.2 11623.6 11623 11622.4 11621.9 11621.3 11620.9 11620.3 11619.8 11618.9 11617.6 11615.5 11615.4 11615.3 11615.3 11615.6 11616 11616.5 11616.6 11616.2 11618.7 11621.1 11622.2 11623.2 11623.9 11624.4 11624.5 11623.8 11623.9 11625.7 11626.7 11627.5 11628 11628.8 11630 11630.9 11632.6 11634.7 11636.8 11638.5 11640.3
11598.3 11598.9 11601.8 11605.2 11605.6 11604.8 11605.9 11608.7 11610 11610.6 11611.5 11611.9 11611.8 11612 11613.8 11615.3 11616.4 11617.1 11617 11618.1 11620.4 11622 11623.5 11624.2 11624.5 11624.3 11623.8 11623.2 11622.4 11621.4 11620.5 11620 11619.4 11618.6 11617.6 11617.1 11617.1 11616.4 11614.6 11614.6 11614.9 11615.2 11615.6 11616 11616.2 11616.2 11616.2 11617.9 11620.1 11621.6 11623 11624.5 11625 11625.4 11625.5 11625.8 11626.6 11627.3 11627.8 11628.2 11628.7 11629.2 11630.1 11631.2 11633.7 11636.7 11639.4 11641.6
11598.4 11599 11601.6 11605.2 11605.9 11605 11606.1 11608.1 11609.3 11610.5 11611 11611.3 11611.2 11611.9 11613.7 11615.2 11616.5 11617.4 11617.6 11619.3 11621.6 11624.5 11625.1 11624.9 11624.4 11623.8 11623.1 11622.3 11621.3 11620.2 11619.2 11618.4 11617.5 11616.6 11616 11615.7 11615.7 11616 11614.2 11614.2 11614.8 11615.2 11615.7 11616.1 11616.5 11617 11617.6 11618.5 11619.8 11621 11622.3 11623.7 11625 11626.5 11628.3 11628.4 11628 11628.1 11628.3 11628.6 11629 11629.5 11630.1 11631 11633.7 11637.2 11640.9 11643.1
11598.8 11599.7 11601.4 11603.1 11603.9 11604.9 11606.1 11607.1 11607.8 11608.6 11609.5 11611.2 11612.8 11613.2 11614 11615.4 11617 11618.6 11619.7 11619.8 11622.4 11625.2 11626.1 11625.3 11624.2 11623.2 11622.3 11621.4 11620.5 11619.4 11618.3 11617.3 11616 11614.6 11613.2 11613.5 11614.1 11614.9 11614.5 11614.7 11615 11615.4 11615.9 11616.5 11617.1 11617.9 11618.6 11618.9 11619.9 11620.8 11621.3 11622 11624.5 11626.8 11628.7 11629.2 11628.9 11628.9 11629 11629.2 11629.5 11630 11630.9 11632.4 11634.5 11637.4 11640.7 11643
11599.5 11600.3 11601.4 11602.1 11603.6 11606.1 11606.4 11606.1 11606 11605.5 11607.5 11610.5 11612 11612.8 11613.9 11615.4 11617.1 11619.1 11622.1 11620.8 11622.6 11625.7 11626.3 11624.7 11623.3 11622.2 11621.3 11620.4 11619.7 11619 11618 11616.6 11614.7 11613 11612.4 11611.9 11612.3 11612.9 11614.5 11615.5 11615.2 11615.6 11616.2 11616.8 11617.7 11618.6 11619.6 11620.4 11620.8 11621.4 11621.8 11622.6 11624.5 11626.6 11628.7 11629.1 11629.2 11629.3 11629.6 11630 11630.2 11630.2 11631.5 11633.7 11634.8 11636.9 11639.2 11641.7
11600.1 11600.7 11601.8 11603.7 11606.8 11607.7 11607.4 11606.8 11605.9 11605 11606.9 11610.5 11610.8 11612.1 11613.5 11615 11616.6 11618.1 11618.7 11620.3 11621.8 11623.7 11624.2 11622.8 11621.8 11620.8 11620 11619.3 11618.7 11618.4 11618.1 11616 11613.4 11611 11609.6 11610.1 11610.9 11611.6 11613.9 11614.2 11614.8 11615.6 11616.3 11617.2 11618.1 11619.2 11620.2 11621 11621.8 11622.4 11623.1 11624 11625 11626.2 11627 11628.3 11629.1 11629.6 11630.2 11630.9 11631.7 11632.3 11632.7 11632.7 11634.5 11636.2 11638.2 11640.5
11600.7 11601.4 11602.7 11605.4 11609.5 11610.2 11609.6 11608.7 11607.4 11606.3 11607.5 11610.4 11611.2 11611.6 11612.9 11614.5 11616.2 11617.6 11618.3 11618.9 11619.4 11619.7 11619.5 11620 11619.7 11619.2 11618.5 11617.9 11617.3 11616.9 11616.5 11614.5 11611.9 11609.5 11608 11609 11610.4 11612.4 11614.8 11614.1 11614.7 11615.7 11616.6 11617.6 11618.6 11619.5 11620.7 11621.9 11622.8 11623.7 11624.4 11624.9 11625.5 11626.1 11627.1 11627.9 11628.9 11629.9 11630.8 11631.8 11633 11634.8 11634.9 11634.3 11634.7 11635.4 11636.9 11639.5
11601.4 11602.2 11603.4 11605.5 11608.1 11610 11612.3 11611.1 11609.4 11608.3 11608.2 11608.8 11609 11610.5 11612.2 11614 11615.7 11617.1 11618.1 11617.3 11617.3 11617.3 11617.1 11617.6 11617.7 11617.2 11616.6 11616 11615.3 11614.6 11613.7 11612.2 11610.6 11609 11608.1 11608.7 11610.1 11612.3 11614.6 11614.1 11614.8 11616 11617.1 11618.3 11619.2 11620.2 11621.3 11622.5 11623.8 11625 11626 11626.2 11626 11625.9 11626.3 11627.6 11628.9 11630 11631.2 11632.4 11633.6 11634.3 11635.1 11635.7 11635.1 11634.9 11635.8 11638.7
11602.3 11603.1 11604.2 11605.3 11606.1 11608.9 11611 11611.6 11610.8 11609.8 11609.1 11608.4 11608.1 11609.7 11611.6 11613.5 11615.3 11616.7 11617 11617.1 11616.8 11616.5 11616 11616.3 11616.1 11615.6 11614.9 11614.1 11613.3 11612.2 11610.9 11609.9 11609.6 11609.3 11608.9 11608.8 11609.3 11610.7 11614.1 11614.5 11615.4 11616.6 11617.9 11619 11620 11620.8 11622.4 11623.8 11624.8 11626 11627.4 11627.1 11626.4 11626 11626.3 11627.6 11629 11630.3 11631.7 11632.9 11634.1 11635.1 11636 11636 11635.6 11635.4 11636.2 11638.9
11602.7 11603.7 11604.8 11605.5 11606.1 11609 11612 11611.8 11611.6 11611.4 11610.6 11607.8 11607.7 11609.2 11611.1 11613 11614.9 11617.1 11618 11617.1 11616.6 11616.4 11616 11615.7 11614.9 11614.1 11613.3 11612.4 11611.4 11610.2 11609 11608.4 11608.8 11609.5 11609.4 11608.9 11608.9 11610.1 11613.8 11615.9 11616.3 11617.3 11618.6 11620 11621.2 11622.1 11623.4 11624.5 11625.2 11626 11626.8 11626.8 11626.5 11626.3 11626.7 11627.9 11629.2 11630.7 11632.2 11633.5 11634.8 11635.8 11636.2 11636.5 11636.5 11636.8 11637.8 11639.9
11603.4 11604.3 11605 11605.7 11605.8 11608.2 11610.3 11611.3 11611.9 11612.3 11611.6 11609.1 11608.5 11609.3 11610.5 11612.2 11614.1 11615.7 11616.7 11616.7 11616.4 11616.6 11616.9 11615.2 11613.6 11612.5 11611.6 11610.7 11609.8 11608.8 11607.8 11607.5 11608.3 11609.1 11609.2 11608.9 11608.7 11610 11614 11616.1 11616.5 11617.8 11619.2 11621 11622.8 11624.1 11624 11624.8 11625.4 11625.6 11625.4 11625.8 11626.1 11627.1 11627.5 11628.1 11629.5 11631 11632.6 11634.1 11635.6 11636.9 11638.1 11638 11637.8 11637.8 11639 11641.1
11603.8 11604.8 11605.7 11606 11606.2 11605.9 11607.9 11610.3 11611.9 11612.8 11613.1 11611 11609.5 11609.4 11610 11611.2 11612.9 11615.2 11616.1 11616.8 11617.3 11616.4 11614.9 11613.2 11611.9 11611 11610.2 11609.4 11608.7 11607.8 11607 11606.5 11608 11609.7 11609.5 11609.1 11609 11610.2 11613.7 11615.9 11616.5 11617.9 11619.5 11621.5 11624.1 11626.3 11626.1 11626.1 11626.1 11625.8 11625.5 11625.4 11625.3 11625.1 11626.5 11628.1 11629.8 11631.5 11633.1 11634.7 11636.2 11637.6 11639.8 11639.5 11639.2 11639.6 11640.6 11642.5
11604.1 11605 11605.7 11606 11606.6 11606.3 11607.8 11609.9 11611.6 11612.8 11613.2 11611.6 11610 11609.4 11609.3 11609.6 11610.4 11612.3 11613.9 11616 11617.7 11615.6 11612.5 11610.7 11609.9 11609.3 11608.9 11608.4 11607.9 11607.4 11607 11607.1 11608.1 11609 11609.4 11609.4 11609.9 11611.1 11613.2 11615 11616.4 11617.8 11619.3 11621.1 11623.5 11626.4 11628.3 11627.7 11626.9 11626.3 11625.8 11625.4 11625 11625 11626.3 11628.2 11630.1 11632 11633.9 11635.4 11636.8 11637.7 11638.4 11640.1 11640.4 11640.9 11642.2 11643.9
11604.3 11605 11605.7 11606 11606.2 11606.6 11608.4 11609.8 11611.4 11612.8 11613 11611.5 11609.9 11609 11608.4 11608.1 11607.6 11606.9 11610.4 11613.3 11615.4 11613.1 11610.3 11608.5 11607.8 11607.8 11607.8 11607.6 11607.5 11607.4 11607.4 11607.9 11608.7 11609.3 11609.6 11609.6 11610.1 11611.3 11612.9 11614.4 11616.2 11617.6 11618.9 11620.1 11621.3 11624.1 11627.2 11628 11627.6 11626.6 11625.9 11625.6 11625.3 11625.6 11626.8 11628.6 11630.7 11632.8 11634.8 11636.6 11638 11638.8 11639.9 11641.6 11641.9 11642.2 11643.6 11645.4
11604.4 11605 11605.5 11606 11605.6 11605.1 11607.5 11609.3 11610.9 11612.3 11612.4 11610.1 11609.2 11608.3 11607.7 11607.2 11606.7 11606.5 11608.4 11610 11610.2 11609.2 11607.2 11605.5 11606.2 11606.6 11606.9 11607.1 11607.3 11607.5 11607.8 11608.4 11609.7 11610.8 11610.2 11609.7 11609.5 11610.9 11613 11615.1 11616.2 11617.6 11618.7 11619.5 11620.3 11623.5 11627 11628.3 11628.4 11628 11627.1 11626.4 11625.8 11626.1 11627.5 11629.5 11631.7 11634 11636.2 11638.2 11640.1 11641.4 11642.4 11643.1 11643.8 11644.8 11645.5 11646.8
11604.4 11605 11605.3 11605.6 11605.4 11604.5 11606.8 11608.8 11610.2 11611.1 11610.8 11608.8 11608.4 11607.7 11607 11606.5 11606.6 11607.4 11607.5 11608.1 11607.8 11607.5 11606.3 11605 11605.6 11606.1 11606.5 11607 11607.4 11608 11608.5 11609.2 11610.4 11610.9 11610.4 11609.9 11609.8 11611.2 11613.4 11615.7 11617 11618.1 11619 11619.9 11621.1 11624.7 11628.1 11628.8 11629.3 11629.6 11628.8 11627.5 11626.5 11626.4 11628.3 11630.6 11632.9 11635.3 11637.8 11640.1 11642.3 11644.4 11644.4 11643.9 11645.2 11646.2 11646.9 11648
11604.3 11605 11605.3 11606.5 11606.2 11605.7 11607 11608.6 11609.9 11610.3 11609.5 11609.4 11608.3 11607.2 11606.4 11605.8 11605.3 11605.4 11606.3 11607.3 11608.5 11608.5 11607.1 11606.7 11606 11606.1 11606.5 11607.2 11607.8 11608.4 11609.1 11610 11610.8 11610.9 11610.3 11610 11610.9 11612 11614 11615.9 11617.8 11618.8 11619.5 11620.6 11622.3 11624.2 11626.8 11628.5 11629.7 11630.5 11629.7 11628.6 11627.9 11628.2 11629.7 11631.8 11634.3 11636.8 11639.3 11641.8 11644.3 11646.8 11647.2 11646.6 11646.3 11646.8 11647.7 11648.9
11604.3 11605.2 11606 11607.1 11607.7 11607.7 11607.9 11608.9 11610.1 11611.1 11611.2 11610.1 11607.9 11606.6 11605.6 11605 11604.8 11604.8 11605.2 11606.1 11607.4 11607.7 11606.5 11606.2 11605.8 11606 11606.7 11607.4 11608.2 11608.9 11609.7 11610.2 11610.8 11610.9 11610.1 11609.1 11609.5 11611.7 11614.6 11617.5 11618.9 11619.3 11620 11621 11622.4 11623.5 11625.7 11628 11629.5 11630.4 11630 11629.3 11628.9 11629.5 11631.1 11633.2 11635.6 11638.1 11640.6 11643.1 11645.3 11646.8 11647.6 11647.1 11647 11647.3 11648.3 11649.6
11604 11605.4 11607 11608.2 11608.9 11608.5 11608.3 11609 11610.1 11611.3 11611.2 11608 11606.7 11605.7 11604.8 11604.1 11603.7 11603.7 11603.9 11604.2 11604.3 11604.1 11604.2 11604.5 11605 11605.8 11606.7 11607.8 11608.7 11609.6 11610.4 11611 11611.8 11611.6 11610.4 11608.7 11608.1 11611.6 11615.3 11618.6 11619.7 11619.7 11620.4 11621.1 11622.4 11625.2 11626.7 11628.1 11629.1 11629.5 11630 11629.9 11629.8 11630.7 11632.4 11634.6 11636.9 11639.4 11641.9 11644.2 11646.3 11647.8 11648.7 11649 11648 11647.9 11648.8 11650.1
11603.3 11604.9 11606.6 11608.6 11609.8 11609.2 11608.4 11608.6 11609.3 11610 11609.6 11607.1 11605.8 11604.9 11604.1 11603.3 11602.3 11602.6 11602.8 11602.6 11601.9 11601 11602.3 11603 11604.2 11605.6 11606.9 11608.2 11609.3 11610.4 11611.4 11612.4 11613.9 11612.9 11611.7 11610.5 11610.6 11613.1 11616.2 11618.8 11620.4 11620.7 11621 11621.7 11623.2 11626.1 11627.4 11628.3 11629.7 11630.5 11630.6 11630.6 11630.8 11632 11633.8 11635.9 11638.3 11640.7 11643.2 11645.5 11647.5 11648.9 11649.9 11650.9 11648.6 11648.4 11649.4 11650.6
11602.4 11604 11605.8 11608.3 11610.2 11609 11607.8 11607.8 11607.9 11607.6 11606.7 11606 11605 11604.2 11603.6 11603.2 11603 11602.5 11602.3 11602 11601.5 11601.2 11602.1 11603.2 11604.5 11605.9 11607.3 11608.6 11610 11611.3 11612.6 11613.5 11614 11614.1 11613.7 11613.2 11613.6 11615.3 11617.5 11619.4 11620.2 11620.3 11621.4 11622.8 11624 11625.4 11626.6 11627.9 11629.4 11630.8 11631.1 11631.5 11631.9 11633.4 11635.2 11637.3 11639.5 11641.9 11644.3 11646.7 11648.8 11650 11650.3 11649.4 11648.6 11649 11650.1 11651.3
11601 11602.8 11605.1 11607.7 11610.2 11608.3 11607.1 11607.1 11606.9 11606.1 11605.6 11604.8 11604 11603.3 11603 11603 11603 11602.6 11602.3 11602.2 11602.1 11602.3 11603.1 11604.1 11605.3 11606.5 11607.9 11609.4 11610.9 11612.3 11613.7 11615 11616 11616.2 11616.1 11616.1 11616.5 11617.6 11619.1 11620.6 11621.2 11620.3 11621.9 11623.8 11623.9 11623.5 11625.3 11627 11628.4 11629.7 11631.2 11632.3 11633.9 11634.9 11636.6 11638.6 11640.7 11642.9 11645.2 11647.6 11650 11651.7 11650.9 11649.6 11648.9 11649.8 11651 11652.3
11599.1 11600.9 11603.8 11607.2 11610.1 11608.7 11607.4 11606.8 11606.3 11605.7 11604.5 11603.3 11602.6 11602.3 11602.2 11602.3 11602.7 11602.3 11602.3 11602.6 11603 11603.9 11604.4 11605.1 11606.1 11607.2 11608.7 11610.2 11611.8 11613.3 11614.8 11616.2 11617.8 11618.4 11618.1 11618.7 11618.9 11619.4 11620.5 11621.9 11622.9 11621.1 11622.3 11624 11623.6 11622.9 11624.7 11626.6 11628.4 11630 11631.6 11632.9 11634.2 11636 11637.7 11639.6 11641.5 11643.5 11645.6 11647.7 11649.9 11651.3 11651.4 11651.4 11650.9 11651.2 11652.3 11653.4
11596.8 11598.1 11601.2 11605.9 11608.6 11608.4 11607.5 11606.6 11605.8 11604.8 11603.6 11602.6 11601.9 11601.7 11601.5 11601.3 11601.3 11601.9 11602.3 11602.9 11603.7 11604.7 11605.4 11605.7 11606.2 11607.9 11609.5 11611 11612.6 11614.1 11615.7 11617.2 11618.7 11619 11618.7 11619.2 11619.6 11620.3 11621.4 11622.5 11623 11622.1 11622.3 11623.2 11623.2 11623.4 11625.1 11627 11629 11630.7 11632.3 11633.8 11635.3 11636.9 11638.7 11640.3 11642.1 11643.9 11645.7 11647.3 11648.7 11650 11651 11651.6 11652.2 11652.8 11653.6 11654.7
11594.6 11595.1 11597.6 11602.8 11606.6 11606.9 11606.4 11606.2 11605.6 11604.7 11603.6 11602.7 11601.8 11601.3 11601.1 11601 11601.1 11601.6 11602.3 11603.2 11604.2 11605.4 11606.2 11606.7 11607.6 11609 11610.3 11611.7 11613.2 11614.8 11616.4 11617.7 11618.3 11618.6 11618.4 11618 11619.3 11620.7 11622 11623 11623.2 11622.2 11622.2 11622.8 11623.7 11624.5 11625.9 11627.9 11630.2 11631.8 11633.3 11634.9 11636.5 11638 11639.6 11641.2 11642.8 11644.3 11645.8 11647.1 11647.9 11649.2 11650.4 11651.2 11653 11653.9 11654.8 11655.7
11593 11593.4 11595.8 11600.6 11604.6 11605.8 11606 11605.9 11605.6 11605.2 11604.3 11603 11601.9 11601.2 11600.8 11600.8 11601 11601.6 11602.4 11603.4 11604.4 11605.4 11606.4 11607.7 11609.4 11610.2 11611.2 11612.3 11613.7 11615.2 11616.8 11618.5 11619 11618.9 11618.5 11618.5 11619.7 11621.3 11622.8 11624 11624.3 11623.3 11623 11623.3 11624.4 11625.6 11626.8 11628.5 11630.6 11632.5 11634.3 11636 11637.6 11639.1 11640.6 11642 11643.5 11644.9 11646.3 11647.5 11648.5 11649.6 11650.6 11651.1 11653.2 11654.7 11655.9 11656.9
11591.9 11592.6 11595.9 11600.1 11603.6 11604.8 11605.4 11605.7 11605.9 11606 11604.9 11603.5 11602.2 11601.4 11600.6 11600.1 11600.6 11601.6 11602.6 11603.7 11604.7 11605.5 11606.5 11608.2 11609.7 11610.7 11611.6 11612.7 11613.9 11615.3 11616.7 11617.9 11618.5 11618.6 11618.7 11619.2 11620.1 11621.8 11623.8 11625.9 11627.6 11628.1 11628 11625.9 11625.8 11626.6 11627.8 11629.1 11630.7 11633.1 11635.3 11637.2 11638.8 11640.2 11641.5 11642.7 11644 11645.3 11646.6 11648.1 11649.6 11650.7 11651.7 11652.5 11654 11656 11657.2 11658
11591.1 11591.9 11595 11598.6 11601.9 11603.8 11604.3 11605.1 11605.9 11606 11605.1 11603.9 11603 11601.6 11600.5 11600 11600.6 11601.8 11603.1 11604.2 11605.3 11606.3 11607.2 11608.5 11609.7 11610.6 11611.6 11612.8 11614 11615.2 11616.2 11617.1 11617.7 11618 11618 11618.7 11620.1 11622 11624.3 11627.2 11631.7 11638.6 11639.1 11632.9 11628.9 11628.3 11629.1 11630.3 11631.9 11634.1 11636.5 11638.5 11640.1 11641.2 11642.2 11643.3 11644.4 11645.6 11646.9 11648.3 11650 11651.5 11653.2 11655.1 11656.7 11657.9 11658.5 11659.2
11590.4 11591.7 11594.3 11597 11600.7 11602.8 11602.4 11604.1 11605.7 11605.8 11605 11603.9 11602.6 11601.6 11600.7 11600.1 11601 11602.3 11603.7 11605.1 11606.3 11607.4 11608.2 11609.1 11609.7 11610.5 11611.5 11612.7 11613.9 11615 11615.9 11616.2 11616.7 11616.8 11616.5 11617.5 11619.7 11622 11624.4 11626.8 11627.8 11625.8 11630.8 11636.8 11631.4 11630.2 11630.6 11631.6 11633.1 11635.1 11637.5 11640.4 11641.2 11641.9 11642.9 11643.9 11645 11646 11647 11648.1 11649.5 11651.8 11654.2 11657.1 11659.4 11659.8 11659.7 11660.1
