real_craters/C089-500m.grd
DSAA
123 123
-30.59 30.59
-30.59 30.59
10689.593910037 12133.546811617
[rows 90 to 119 of 123, columns 0 to 66 of 123]
11646.9 11638.1 11632.5 11629.6 11628 11626.9 11626.6 11627.6 11629.7 11633.7 11638.2 11643 11642.3 11644.3 11645.6 11645.8 11646 11646.4 11650.5 11654 11655.8 11656 11655.5 11656 11660.2 11659.8 11660.2 11666.8 11678.8 11704.3 11715 11725.3 11734.4 11742.8 11756.4 11779.9 11776.5 11778.7 11783.1 11788.3 11784.8 11787.8 11793.4 11799 11806.2 11813.8 11823.4 11836.7 11848.6 11844.2 11841.4 11841.5 11844 11847.4 11851 11851.6 11850.2 11849.1 11849.6 11850.5 11852.3 11854.9 11857.7 11860.4 11862.6 11866.8 11865.9
11649 11642.9 11638.6 11633.8 11631.5 11630.3 11630 11630.2 11632.3 11634.9 11638.2 11639.1 11641.6 11645.9 11647.3 11647.2 11645.3 11644 11649.2 11657.4 11660.6 11658.4 11658.7 11659.7 11660.8 11659.6 11659.8 11663.8 11672.4 11690.2 11704.7 11716.8 11727.4 11737.7 11747 11747.7 11755.9 11768 11772.2 11761.3 11772.5 11780.7 11788.5 11796.7 11805.6 11815.6 11825.7 11834.1 11835.7 11841.6 11844.3 11846.4 11849.1 11852.4 11854.9 11856.5 11858.4 11859.5 11858.8 11857.8 11857.6 11858.8 11860.5 11862.2 11862.1 11858.9 11858.8
11649.6 11644.3 11639.8 11637.1 11635.4 11634.2 11633.5 11633.8 11635 11636.5 11640.8 11645 11647 11649.7 11648.6 11646.6 11648.6 11643.5 11645.9 11650.3 11655.4 11658.2 11661.4 11663.1 11663 11660.6 11660.8 11663.8 11668.9 11678.7 11696.1 11712.1 11723.8 11730.7 11732 11743.4 11758.1 11763.6 11767.7 11762.8 11767.5 11775.7 11783.3 11792.8 11803.3 11814.1 11825.2 11833.5 11835.2 11841.1 11845.2 11848.3 11851.8 11855.8 11859.9 11862.8 11863.9 11866.7 11866.2 11862.9 11861.3 11861.3 11862 11862.8 11861.2 11852.9 11852.2
11652.3 11647 11641.7 11641.1 11640 11638.4 11637 11636 11637.1 11633.7 11630 11641.2 11656 11654.2 11650.3 11644.6 11645.1 11642.1 11643 11647 11653 11658.1 11660 11663.2 11664.6 11663.2 11664.1 11668.2 11676.2 11681.3 11697.3 11713.8 11725.2 11733.4 11740 11751.3 11759.3 11760.8 11762.4 11762 11757.8 11765.8 11775.9 11786.4 11797.8 11810.3 11823 11835.9 11843.7 11845 11845.9 11848.5 11852.7 11858.2 11863.9 11869.6 11871.3 11872 11868.6 11862.4 11860.2 11860.1 11860.7 11861.5 11860 11852.7 11850.3
11657.1 11653.7 11650.4 11647.7 11646 11644.6 11641.6 11638.4 11640 11632.6 11613.7 11625.5 11656.4 11655 11651.6 11650 11643.7 11639 11641.6 11647.7 11656 11664.3 11668.4 11676.4 11671.1 11668.3 11670 11672.7 11680.7 11694.5 11711 11723.9 11729.8 11734.1 11744.4 11752 11752.8 11751.9 11754.4 11751.9 11756.1 11760.8 11769.3 11779.7 11791.6 11804.6 11818.1 11830.4 11844.3 11842.2 11842.3 11845.8 11851.1 11857.4 11864.8 11870.4 11876 11866.1 11857.5 11856.3 11856.6 11857.3 11858.3 11857.9 11857.1 11857.1 11847.9
11667.6 11661.5 11657.7 11654.7 11653.2 11652.4 11649.8 11643.2 11641.1 11641.5 11646.1 11644.7 11649.9 11653.1 11651.2 11646.4 11643.5 11640.8 11643.7 11649.6 11665 11679.4 11699.2 11725.7 11695.5 11679.3 11680.8 11687 11702.3 11728.6 11743 11738.7 11734 11728.7 11720 11720.4 11732.5 11737.2 11736.2 11741.4 11748.7 11753 11760.3 11770.1 11781.8 11795.4 11809.7 11823.3 11826.3 11828.6 11833.9 11839.3 11846.4 11853.3 11861.1 11867.1 11860.4 11855.4 11846.2 11850.2 11852.6 11854.1 11855.5 11853.5 11845.6 11838 11836.8
11670.6 11665.9 11661.8 11660 11661.3 11663.6 11664.6 11659.6 11650 11651.2 11651.9 11656 11652.9 11658.6 11657.7 11647 11645.7 11646.1 11653.1 11665.1 11683.1 11697.3 11709.5 11740.6 11715.7 11691.2 11698.3 11709.9 11727.5 11750.9 11761 11750.6 11738.5 11726 11714.8 11712.2 11720.8 11728.7 11734.7 11733.1 11732.3 11742.4 11752.4 11762.7 11773.2 11784.5 11797.7 11814.2 11815.5 11817.8 11825.1 11831 11837.8 11845.7 11853.8 11862.7 11866.1 11854.2 11849.5 11847.3 11847.5 11848.5 11850 11852.7 11838.1 11821.3 11822
11672.9 11667.1 11661.5 11662.3 11667.6 11674.7 11682.4 11692.5 11676.6 11668.4 11660.2 11667.5 11671.7 11684 11679.5 11663 11654.4 11653.7 11670 11691.7 11710 11725 11731.3 11762.5 11740.7 11716.4 11722.9 11737.5 11748.8 11759.2 11762.2 11753.3 11739.9 11725.2 11712.2 11710.4 11718 11725.9 11730.1 11725.3 11726.1 11736.1 11746.5 11755.5 11763.6 11771.3 11778.8 11786.6 11802.9 11812.9 11815.4 11820.2 11826.3 11834 11841.7 11847.6 11846.7 11847.8 11842.5 11841.6 11840.3 11838.8 11837.7 11835.5 11823.2 11810.9 11809.3
11669.4 11662.4 11661.1 11665.3 11671.9 11681.6 11693.5 11704 11701.4 11695.7 11696.4 11693.1 11700 11713.3 11708.7 11701.2 11677.2 11670.1 11693.9 11725.6 11736.3 11753.9 11776.5 11771.9 11757.8 11746.4 11744.5 11755.8 11760.5 11764.8 11764.5 11756.9 11743.2 11728.7 11717.7 11718 11725.2 11725.5 11717.2 11719.1 11725.4 11735.7 11744.6 11751.5 11756.4 11759.4 11760.6 11762.6 11780.4 11796.1 11801.4 11806.7 11812.7 11819.8 11825.6 11829.2 11835.6 11841.4 11838.3 11837 11832.6 11827.5 11822 11813.9 11803.4 11798 11798.2
11655.4 11650.7 11657.5 11666.4 11671.7 11682.9 11696.7 11710 11714.5 11712.9 11713.5 11711.1 11712.9 11718.9 11720.6 11716.8 11699.8 11681.6 11702.6 11737.6 11748.3 11760.5 11768.2 11764 11760 11754.3 11753.7 11758.4 11764.4 11769.9 11772.2 11762.5 11748.1 11734.4 11732.2 11746 11746.6 11745.2 11728.8 11728.1 11734.1 11742.5 11748.4 11752.5 11754 11753.4 11750.1 11748.6 11762.7 11775.9 11784.3 11791.2 11798 11805 11812.4 11824.6 11842.2 11839.4 11841.1 11832.4 11821.9 11814.2 11806.9 11798.5 11790.8 11788 11789.4
11645 11640.8 11647.4 11654.8 11665.1 11679 11694.5 11708.1 11714.1 11717.9 11720.3 11720.1 11721.4 11724.8 11724.2 11722.6 11710.5 11693.2 11698.4 11730.2 11748.2 11757 11761.3 11761.9 11759.8 11755.9 11755.3 11757.8 11764.4 11770.6 11776.4 11766.1 11754.3 11741.7 11731.7 11755.5 11763 11766.5 11761 11758.7 11756.3 11756.1 11757.3 11757.9 11756.7 11753.4 11748.6 11747.1 11752.1 11760.2 11769.2 11776.5 11783.3 11789.9 11796.6 11807.2 11824.9 11824.5 11822.1 11815.7 11807.3 11800.5 11793.5 11786.3 11780.5 11779.8 11782.8
11647.1 11641.4 11642.6 11644.6 11657.4 11672.9 11689.6 11705.1 11711.4 11719.1 11722.4 11723.7 11725.7 11727.3 11725.8 11725.7 11720.1 11712.9 11717.9 11735.7 11750.9 11756 11758.3 11760.1 11758.6 11756 11755.1 11757.3 11762.7 11767.2 11767.1 11765.8 11762.3 11758.3 11759.9 11759.3 11763.8 11771.4 11776.8 11785.7 11775.5 11769.5 11767.1 11765.7 11763.6 11759.7 11752.7 11747.7 11749.6 11753.7 11758.9 11765.5 11771.8 11777 11781.4 11786.5 11797.1 11801.7 11796.8 11790.8 11789 11785.2 11780.5 11775.5 11771 11772 11776.7
11663.2 11656.4 11648.8 11643.4 11653.4 11668.6 11684.8 11703.9 11719.3 11721.6 11722.6 11723.5 11725.4 11727.4 11726.3 11728.6 11727.9 11729.7 11740.2 11748.9 11761.2 11771 11769.1 11762.1 11753.6 11754.7 11755.1 11757 11762.5 11767.5 11769.5 11771.3 11772.1 11773.2 11776.8 11775.8 11772.6 11776.2 11779.2 11783.9 11782.2 11778.2 11775.9 11774.4 11773.3 11771.5 11766.8 11760.1 11754.2 11748.6 11751.5 11757.8 11762.9 11766.7 11769.8 11772.6 11785.3 11783.1 11778.6 11775.2 11773.7 11772 11769.4 11765.3 11762.8 11766.5 11771.4
11684 11677.4 11660 11648.8 11653.2 11668.7 11683.9 11693 11718.2 11719.6 11720.2 11721 11721.4 11722.1 11724.4 11727.9 11731.5 11736.4 11744.4 11754.2 11768.2 11786 11779.6 11767 11759 11758.8 11757.9 11758.6 11763.9 11770.9 11778.9 11782.6 11779.7 11778.1 11777.9 11782.5 11780.7 11780.9 11780.4 11782.5 11783.7 11782.8 11782.4 11782.5 11783.9 11785.4 11787.5 11780.4 11765.8 11753.1 11751.9 11756.3 11758.6 11759.5 11761 11763.9 11765.3 11766.1 11764.1 11761.6 11761.5 11762.1 11762.6 11760.7 11759.6 11764.5 11768.6
11696.1 11689.6 11668.5 11649.3 11655.8 11675.1 11693.8 11710.8 11719 11720.8 11718.6 11717 11716.3 11718.1 11723 11728.1 11732.9 11737.5 11743 11752.3 11762.4 11770.6 11770.3 11765.1 11762.6 11760.6 11757.8 11758.8 11764.8 11772.7 11781.9 11785.8 11783.3 11781.3 11784 11786 11783.7 11781.9 11781.6 11783.1 11786.3 11787.5 11788.4 11790.2 11792.6 11796.4 11800.4 11794.2 11780.4 11767.6 11763 11761.5 11758.3 11754.9 11752.7 11752.7 11753.7 11754.3 11752.2 11749.6 11751.5 11754.2 11757.3 11758.6 11761.5 11768.2 11771.4
11699.3 11689.9 11678.8 11668.3 11673.5 11687 11703.9 11720.3 11717.8 11717.4 11715.1 11712.1 11710.1 11712 11722.8 11728.4 11732.3 11736.5 11741.3 11747 11751.8 11751.9 11754.1 11755.5 11753.4 11754.9 11755.9 11758.3 11765.9 11773.4 11779.6 11782.8 11782.9 11783.3 11787.5 11788.2 11784.3 11785.6 11785 11785.5 11788.7 11791.4 11793.8 11795.6 11798.5 11802.1 11806 11801.2 11793.4 11788.4 11782.3 11770.7 11760.6 11751.8 11745.5 11744.6 11747.6 11748.3 11745.7 11743.6 11745.7 11749.8 11754.7 11764.4 11772.4 11779 11782.3
11700.3 11698.6 11692.7 11691.5 11693.1 11697.7 11704.5 11709.5 11710.1 11713.2 11711.4 11708.3 11704.6 11700.9 11716 11724.3 11728.5 11732.8 11738.3 11742.3 11745.2 11743.5 11737.4 11731.9 11726.4 11739.9 11753.4 11761.1 11767.4 11773.5 11777.6 11780.2 11780.4 11781.5 11784.3 11787.8 11786.4 11799.2 11794.8 11791.3 11792.1 11794.4 11797 11799.4 11801.2 11802.3 11801.6 11803 11801 11798.2 11791.8 11778.6 11764 11749.8 11737.7 11735.9 11741.4 11743.9 11743 11741.5 11745 11750.7 11757.7 11781.5 11789.5 11792.8 11799.3
11697.5 11699.7 11699.6 11701.2 11704.1 11705.1 11706.5 11708.7 11712.5 11710 11708.3 11706.4 11703.5 11700.5 11705.5 11716.9 11723.3 11727.3 11731.5 11736.5 11739.4 11735.1 11720.2 11709.7 11717.9 11741.9 11759.8 11766.1 11770 11773.1 11775.2 11776.1 11777.2 11777.6 11781.5 11786 11790.2 11802.9 11795.9 11794.4 11795.3 11797.9 11800.5 11802.6 11803.3 11802.1 11800.3 11803.4 11804.8 11804.6 11800.2 11785.4 11768.8 11751.1 11735 11733.1 11739.4 11743.9 11745.3 11746.3 11751.1 11757.6 11765.2 11774.8 11790.1 11801.9 11812.4
11692.3 11695.5 11699.6 11706.6 11711.7 11708.8 11706.8 11707 11706.3 11705.1 11706.9 11707.6 11707.8 11706.7 11706.4 11714.6 11721.5 11725.1 11730.5 11732.8 11726.2 11716.4 11703.5 11696.9 11722 11748.7 11761.3 11768.1 11770.1 11771.8 11773.7 11774.8 11777.1 11779 11781.9 11786.6 11790 11795.3 11793.1 11795 11797.7 11801 11804.1 11806.4 11807.1 11805 11803.5 11807.1 11809.4 11808.3 11803 11791.1 11775.5 11758 11740.3 11738.9 11745 11751.1 11751.1 11754.9 11762.2 11771.2 11777.3 11787.3 11799.7 11808.3 11814.8
11690.3 11695.1 11699.4 11705.7 11709.5 11708.5 11707 11707 11706.9 11705.7 11709.9 11712.7 11714.6 11717.3 11718.8 11721.3 11724.1 11725.2 11728.8 11726.5 11704.5 11694.7 11689.9 11688.8 11712.3 11733.3 11754.6 11763.3 11765.4 11769.1 11773 11776.6 11779.8 11780.2 11783.4 11789.4 11791.8 11792.4 11793.3 11796.8 11800.1 11803.6 11808 11811.7 11814.5 11813.4 11810.8 11814.6 11814.3 11812 11806.8 11797.1 11785.4 11772.3 11759.2 11752.3 11750.8 11752.2 11756.4 11763.5 11775.6 11795 11809.9 11821.9 11814.4 11813.5 11813.1
11693.2 11696.6 11699.9 11704.5 11706.3 11708.1 11708.6 11710 11711.2 11712.1 11714.4 11716.5 11718.7 11720.7 11719.8 11722.1 11726.4 11734.7 11727.9 11711 11692.6 11685.6 11685.4 11687.5 11699.1 11705.8 11724 11744.9 11754.5 11763.4 11771.8 11779.3 11783.3 11783.8 11786.9 11794.4 11800.3 11795.3 11796.3 11799.8 11803.7 11808.1 11812.8 11818.6 11825.3 11831.6 11830.3 11825.6 11820.9 11816.5 11810.4 11803.9 11796.3 11789.3 11782 11767.3 11757.2 11752.7 11763.4 11779.1 11797.2 11817.2 11829 11827 11821 11814.4 11810.2
11699.5 11702.8 11705.6 11707.1 11707.2 11710.4 11712.9 11715 11717.9 11720.6 11720.2 11720.9 11721.7 11721.6 11716.3 11719.3 11725 11727.5 11725 11718.1 11696.2 11692.6 11692.4 11691 11694.3 11694.1 11704.9 11725.2 11741.9 11756.2 11769.1 11779.7 11784.2 11783.7 11788 11795 11802.1 11803.3 11800.9 11802.3 11805.7 11810.2 11816.2 11823.1 11831.7 11842.7 11842.3 11832.5 11825.3 11820.7 11816.9 11811.3 11803.8 11799.1 11793.2 11776.8 11764.1 11759.6 11772.5 11796.6 11823.7 11830 11832.6 11828.8 11821.1 11811 11800.3
11708.8 11711.9 11713.1 11711.9 11712.8 11716.4 11719.4 11720.1 11721.6 11724.5 11723.6 11723.7 11723.9 11724.7 11724.5 11720.3 11723.9 11727.3 11724.2 11716 11710.2 11710.2 11713 11712.3 11704.7 11695.2 11699.6 11715 11735.1 11752.4 11766.8 11777.3 11781.2 11782.6 11787.2 11790.7 11793.6 11799.7 11800.9 11803.3 11806.8 11811.3 11816.9 11823.1 11830.5 11836.9 11836.7 11831.7 11825.3 11821.2 11817.7 11811.8 11805.1 11799.4 11791.8 11779.7 11769 11765.4 11778.6 11804.3 11829.2 11832.4 11834 11830.6 11819.7 11806.6 11793.3
11716.1 11719.2 11723.5 11712.7 11717.3 11721.6 11723.8 11723.7 11723.3 11723.1 11724 11725.5 11726.2 11723.6 11720.1 11720.7 11723.3 11725.4 11727.1 11727.7 11729.8 11729 11732.9 11732.9 11725.3 11717 11710.1 11716.9 11736 11752.9 11766.7 11777.3 11783.9 11786.6 11787.7 11790.1 11792.7 11795.7 11799.5 11802.9 11806.2 11810.8 11815.6 11819.9 11824 11828.6 11828.8 11825 11821.8 11818 11812.7 11806.9 11801.8 11796.8 11789.5 11780.4 11773.1 11770.1 11782.6 11805.8 11825.3 11831.6 11834.8 11830.9 11818.6 11803.9 11789.7
11718 11718.5 11699.2 11712 11719.1 11723.4 11724.3 11722.3 11721.1 11719.6 11723.5 11726.5 11728.4 11724.8 11718.4 11722.2 11724.6 11727.5 11731.7 11736.4 11740.8 11740 11740.4 11741.1 11742.2 11749.3 11734.9 11733.5 11745.7 11757.6 11768.8 11778.7 11784.9 11787.4 11787.2 11789.6 11794.6 11797 11799.3 11802.9 11806.2 11809.7 11812.1 11815 11816.4 11814.8 11819.1 11820 11817.5 11814.7 11809.9 11802.9 11797.1 11790.5 11784.6 11780 11778.4 11779.8 11790.9 11808.7 11822.7 11829.3 11835.8 11831.2 11818.6 11804 11789.4
11716.3 11721 11726.1 11722.3 11721.7 11723.1 11722.2 11716.9 11715.4 11721.4 11724.3 11727.2 11729.5 11728.1 11725.3 11726.4 11727.4 11730 11736.3 11743.2 11746.4 11744.1 11743.6 11744.2 11745.2 11744.6 11750.6 11758.8 11758.2 11764 11772 11780.4 11787.3 11786.6 11783.3 11784.3 11794.4 11797 11798.1 11800.7 11804.5 11808.8 11812.3 11814.3 11814 11814 11815 11816 11813.5 11811.6 11810.6 11809.6 11790.4 11778.7 11775.7 11778.5 11785.2 11795.2 11807 11814.6 11822 11829.4 11833.2 11830 11820.1 11808.6 11796.4
11714.8 11721.2 11723.9 11723.7 11722.6 11724.3 11722.9 11716.4 11716.7 11723.2 11724.9 11727.3 11730.7 11732.2 11730.8 11731.1 11732 11734.8 11739.8 11743.4 11744.7 11743.5 11742.3 11744.9 11747.4 11751.7 11757.4 11761 11763.8 11768.3 11774.1 11779.9 11783 11780.3 11775.1 11775.1 11786.8 11794.2 11795.3 11798 11803.1 11807.5 11812.5 11816 11814.7 11811.4 11814.8 11814.9 11810.5 11806.6 11802.5 11797.5 11774.6 11757.7 11764.7 11777.2 11790.7 11806.4 11818.3 11818.7 11821.2 11827.9 11832.9 11829.3 11821.3 11814.3 11813.5
11715.9 11720.6 11723.5 11723.7 11720.8 11722 11722 11718.1 11718.4 11721.7 11724.2 11726.1 11728.1 11735.3 11734.5 11733.2 11736.8 11740.2 11743.8 11745.3 11742.9 11743 11743.7 11747.3 11749 11750.4 11753.9 11758.2 11764 11768.8 11773.6 11777.1 11776.9 11771.9 11764.5 11764.8 11780.2 11799.2 11789.2 11795.3 11801.1 11807.9 11815.4 11820.4 11823.4 11822.8 11819.3 11815.1 11809.6 11800.4 11788.7 11768.3 11758.6 11752 11762.6 11778.6 11794.7 11810 11821.5 11816.3 11812 11817.9 11830.8 11827.4 11819.8 11813.1 11810.9
11715.5 11718.2 11719.4 11717.4 11716.5 11716 11717.5 11717.2 11718.2 11720.6 11723.7 11726.1 11728.4 11738.9 11738 11737.6 11744.4 11746.6 11747.9 11749.5 11743 11745.3 11749.5 11753.5 11757.6 11756.3 11755 11761.1 11764.6 11767 11770.9 11775.1 11774.2 11761.4 11755.1 11758.5 11774.6 11784.4 11788.3 11795.8 11803.7 11810.7 11817.6 11823.5 11830.3 11831.5 11823.4 11816.8 11807.9 11799 11786.2 11769.8 11759.9 11757.5 11769 11783.8 11798.2 11809.8 11815.4 11809.7 11799 11798 11823.1 11821.2 11816.4 11809 11802.1
11711.5 11714 11713.7 11712.4 11713.3 11714.8 11715.7 11715.9 11717.4 11719.7 11724.4 11728.7 11732.1 11734.5 11740.4 11744.8 11749.5 11750.7 11750.1 11748.2 11744.9 11750.8 11755.9 11758.9 11763.3 11761.8 11758.7 11762.4 11760.9 11761.1 11764.3 11768 11758.8 11746.3 11750.6 11766.5 11787.3 11796.1 11795 11798.6 11803.5 11811.8 11817.3 11822.2 11825 11825.5 11822.9 11817.5 11811.5 11803.9 11794.6 11784.4 11776 11773.1 11782.5 11793.6 11804.2 11812.1 11813.7 11810.2 11799.6 11793.2 11804.9 11814.2 11815.7 11812.5 11805.5
