real_craters/C090-500m.grd
DSAA
123 123
-30.6075 30.6075
-30.6075 30.6075
2885.1758674754 4214.3294064427
[rows 0 to 29 of 123, columns 0 to 66 of 123]
3757.91 3758.71 3758.94 3758.88 3758.74 3758.51 3758.3 3758.13 3758.1 3757.91 3757.52 3757.58 3757.02 3756.54 3756.05 3753.92 3753.25 3753.99 3752.81 3752.97 3752.62 3753.04 3752.99 3752.79 3753.46 3754.57 3756.69 3761.72 3770.68 3762.69 3774.62 3774.51 3756.33 3746.38 3747.64 3752.64 3748.81 3753.6 3757.56 3758.22 3755.05 3748.67 3741.9 3748.53 3756.14 3762.12 3766.81 3766.14 3766.82 3767.63 3766.83 3765.66 3763.87 3762.91 3763.49 3765.62 3766.43 3768.21 3768.58 3768.58 3768.58 3769.26 3771.63 3770.87 3767.85 3768.16 3767.98
3758.78 3758.94 3758.94 3758.8 3758.55 3758.32 3758.15 3758 3757.83 3757.38 3757.15 3757.26 3756.64 3756.03 3753.32 3752.36 3751.96 3751.38 3750.86 3754.1 3753.97 3753.91 3753.91 3753.67 3754.87 3755.45 3757.07 3762.08 3774.31 3780.44 3777.28 3770.61 3755.37 3744.87 3744.95 3746.02 3751 3754.51 3756.92 3755.39 3750.85 3745.41 3745.82 3760.58 3763.2 3766.48 3768.73 3768.21 3768.03 3768.15 3769.8 3766.94 3763.67 3763.24 3762.83 3763.84 3766.07 3767.78 3768.26 3768.29 3768.32 3768.35 3769.6 3770.35 3770.63 3767.93 3767.52
3758.55 3759.03 3758.76 3758.29 3757.93 3757.68 3757.56 3757.49 3757.5 3757.08 3756.73 3756.36 3756.13 3755.39 3753.66 3752.93 3751.81 3751.4 3752.71 3752.58 3753.03 3752.38 3753.65 3755.64 3754.9 3755.18 3754.17 3753.51 3753.18 3774.88 3773.09 3766.92 3753.57 3743.74 3744.64 3748.48 3755.71 3760.88 3760.31 3756.14 3751.18 3746.91 3751.29 3759.69 3764.36 3767.54 3768.88 3768.06 3766.29 3765.06 3764.25 3765.35 3764.83 3763.48 3762.49 3762.81 3769.75 3768.88 3768.56 3768.07 3767.62 3766.66 3765.36 3767.91 3767.79 3767.54 3768.2
3759.62 3758.91 3758.03 3757.28 3756.74 3756.4 3756.21 3756.2 3756.47 3757.03 3757.45 3755.65 3754.86 3754.55 3754.15 3753.91 3753.82 3753.85 3752.92 3751.19 3751.87 3753.1 3753.94 3754.57 3754.09 3754.15 3753.2 3749.95 3744.85 3782.02 3784.19 3770.73 3753.43 3740.25 3739.78 3756.46 3774.36 3773.26 3767.74 3761.56 3755.85 3751.26 3751.41 3759.67 3763.66 3765.87 3766.72 3766.73 3766.65 3766.94 3766.6 3765.02 3762.94 3763.08 3764.9 3761.59 3766.15 3767.83 3767.71 3767.75 3767.64 3767.3 3767.49 3772.03 3773.07 3769.63 3768.2
3758.14 3757.79 3756.67 3755.86 3755.3 3754.83 3754.58 3754.47 3754.51 3754.47 3754.53 3753.28 3752.98 3751.39 3750.66 3751.16 3750.95 3750.91 3752.23 3752.43 3752.25 3753.46 3753.96 3754.57 3753.96 3753.87 3755.47 3760.08 3760.82 3788.75 3789.57 3772.02 3753.34 3739.38 3737.63 3765.05 3791.31 3783.09 3775.15 3766.9 3760.19 3755.86 3754.79 3757.95 3761.13 3762.38 3763.31 3764.18 3766.41 3770.97 3768.65 3764.28 3762.18 3762.68 3764.89 3763.45 3766.95 3766.55 3767.52 3768.46 3769.22 3769.35 3771.04 3775.13 3775.26 3765.97 3768.63
3756.54 3755.68 3754.84 3753.94 3753.26 3752.74 3752.4 3752.17 3751.85 3750.91 3749.43 3750.04 3750.56 3750.47 3749.1 3748.77 3748.4 3748.35 3749.65 3749.92 3751.69 3752.03 3753.2 3753.69 3753.06 3753.35 3754.84 3758.09 3754.13 3780.13 3778.1 3768.91 3752.93 3741.14 3737.86 3757 3782.85 3786.35 3779.32 3770.66 3763.13 3758.73 3757.38 3758.65 3757.38 3757.51 3758.26 3759.63 3761.37 3762.06 3762.18 3761.79 3760.49 3761.16 3763.15 3766.03 3762.65 3765.41 3769.15 3771.32 3772.28 3771.4 3771.45 3772.21 3771 3772.18 3771.74
3753.8 3752.8 3752.37 3751.7 3751.07 3750.56 3750.18 3749.77 3749.3 3748.4 3748.48 3748.04 3748.28 3747.76 3747.62 3747.94 3748.06 3748.26 3749.44 3748.87 3749.32 3749.82 3751.46 3751.98 3751.53 3751.56 3752.14 3753.54 3756.31 3767.27 3773.26 3767.52 3755.79 3744.52 3763.12 3786.31 3793.99 3790.26 3782.45 3772.81 3763.4 3756.41 3757.41 3755.35 3753.95 3750.38 3753.5 3754.88 3754.54 3753.7 3757.28 3759.56 3761.69 3765.69 3767.82 3770.62 3764.34 3768.03 3772.52 3775.32 3776.14 3777.04 3775.68 3774.26 3770.41 3774.12 3774.17
3752.45 3750.73 3750.06 3749.42 3748.82 3748.23 3747.73 3747.21 3746.8 3746.46 3746.21 3745.96 3746.07 3746.23 3746.51 3747.05 3747.48 3747.92 3748.05 3747.99 3748.42 3748.38 3747.85 3748.9 3749.49 3749.62 3749.71 3748.29 3752.56 3763.77 3772.05 3768.1 3763.13 3764.57 3785.08 3800.43 3799.29 3792.94 3783.13 3772.52 3762.98 3755.66 3759.18 3759.68 3756.62 3756.41 3753.58 3752.59 3750.86 3748.81 3754.02 3758.93 3763.14 3768.36 3781.28 3770.82 3769.5 3776.79 3779.2 3779.39 3779.13 3780.15 3778.45 3773.48 3771.21 3771.84 3774.72
3751.32 3749.05 3748.09 3747.12 3746.35 3745.68 3745.19 3744.68 3744.23 3743.79 3743.25 3743.06 3743.48 3743.77 3744.25 3744.76 3745.3 3746.26 3746.86 3747.28 3747.52 3747.62 3747.9 3747.41 3747.38 3747.59 3747.68 3749.69 3754.02 3762.39 3766.73 3765.55 3767.74 3777.47 3794.09 3803.32 3800.07 3790.76 3780.21 3770.93 3762.3 3758.47 3759.82 3759.55 3759.7 3761.78 3754.63 3750.92 3749.07 3751.76 3755.39 3760.27 3765.12 3767.06 3774.44 3768.93 3782.62 3792.72 3789.22 3785.83 3781.85 3779.14 3777.05 3777.42 3777.47 3776.79 3778.42
3750.28 3748 3746.05 3744.85 3743.9 3743.24 3742.64 3742.13 3741.56 3740.82 3739.75 3739.55 3740.73 3741.19 3742.09 3742.8 3743.38 3744.06 3745.26 3746.09 3746.54 3746.51 3745.39 3746.15 3745.48 3745.37 3745.56 3745.91 3748.45 3751.67 3759.67 3759.72 3765.48 3774.17 3783.17 3804.98 3799.55 3790.57 3779.65 3768.79 3758.92 3753.59 3757.53 3756.09 3754.36 3754.67 3753.22 3750.11 3746.8 3744.1 3752 3763.87 3776.06 3787.14 3790.1 3787.47 3797.45 3802.21 3797.02 3792.41 3786.4 3778.07 3777.69 3780.34 3782.47 3782 3784.26
3747.89 3744.96 3743.42 3742.39 3741.54 3740.82 3740.2 3739.62 3738.89 3738.32 3737.45 3737.34 3738.43 3738.95 3740.16 3741.09 3742.05 3743.23 3744.09 3744.99 3745.77 3746.33 3746.73 3745.87 3744.92 3744.16 3743.61 3744.04 3743.69 3746.34 3753 3751.28 3761.04 3770.63 3778.35 3792.12 3795 3789.96 3781.42 3770.89 3759.59 3752.22 3756.58 3755.96 3754.6 3753.21 3753.52 3752.15 3750.13 3750.27 3755.37 3770.23 3790.4 3816.41 3821.08 3819.02 3816.73 3802.42 3803.85 3801.41 3795.83 3787.11 3783.59 3783.18 3786.27 3790.06 3793.18
3744.51 3742.55 3740.89 3739.88 3739.13 3738.45 3737.79 3737.26 3736.74 3736.23 3735.71 3736.12 3736.19 3737.34 3738.43 3740.1 3741.31 3742.48 3743.14 3744.02 3744.84 3745.88 3746.38 3745.39 3744.47 3743.33 3742.08 3740.48 3742.04 3742.34 3748.28 3751.53 3758.69 3768.55 3777.94 3793.63 3797.93 3796 3787.02 3775.69 3764.42 3759.34 3759.22 3754.58 3752.71 3756.56 3759.01 3758.55 3755.93 3754.17 3755.78 3777.72 3796.88 3813.34 3816.21 3830.31 3825.67 3816.52 3812.66 3810.61 3809.82 3807.47 3793.99 3785.33 3789.41 3799.43 3806.6
3740.39 3739.22 3737.97 3737.17 3736.52 3736.08 3735.58 3735.06 3734.55 3734.01 3733.2 3732.96 3733.84 3735.3 3736.98 3738.42 3739.91 3740.97 3742.11 3742.86 3743.81 3744.56 3745.04 3744.27 3743.72 3743.17 3741.57 3741.43 3743.63 3746.97 3745.36 3751.28 3756.85 3762.55 3774.33 3787.2 3800.15 3799.19 3792.48 3782.36 3766.65 3759.4 3761.16 3758.34 3756.5 3764.96 3770.66 3772.21 3767.64 3766.49 3778.04 3794.16 3802.85 3797.29 3798.41 3813.24 3820.7 3824.85 3818.9 3816.72 3817.28 3817.44 3804.9 3787.62 3790.38 3797.27 3800.24
3736.1 3734.99 3734.45 3734.33 3733.99 3733.47 3733.1 3732.67 3732.25 3731.82 3730.93 3730.74 3731.85 3733.39 3735.17 3736.79 3738.51 3739.98 3741.2 3742.04 3742.59 3742.75 3743.3 3743.47 3743.11 3742.97 3743.01 3742.63 3745.99 3747.29 3740.91 3753.81 3756.86 3760.39 3774.28 3811.89 3815.04 3807.13 3801.61 3796.62 3792.59 3780.11 3773.46 3769.43 3773.24 3781.49 3789.38 3795.73 3798.75 3802.39 3818.76 3817.34 3818.38 3818.5 3803.78 3801.52 3810.15 3817.58 3818.27 3816.39 3813.41 3811.95 3808.42 3795.65 3793.03 3795.01 3798.04
3732.63 3732.22 3731.95 3731.85 3731.52 3731.18 3730.9 3730.48 3730.15 3729.92 3729.27 3729.93 3730.6 3731.73 3733.26 3735.09 3736.81 3738.86 3739.75 3741.05 3741.62 3742.51 3743.11 3743.5 3743.74 3744 3743.83 3745.03 3747.57 3748.44 3741.61 3761.33 3755.67 3754.33 3786.78 3830.01 3818.39 3809.53 3805.39 3807.34 3812.24 3801.52 3787.77 3786.05 3788.92 3801.04 3811.08 3821.11 3836.01 3839.49 3832.33 3832.37 3832.46 3831.91 3813.35 3813.23 3809.37 3814.43 3815.49 3815.62 3814.43 3813.75 3819.72 3802.08 3797.58 3796.66 3790.76
3730.73 3730.81 3730.33 3729.57 3729.13 3728.89 3728.64 3728.38 3728.24 3727.98 3727.76 3727.59 3728.41 3729.77 3731.8 3733.96 3736.11 3736.9 3738.52 3740.85 3742.1 3743.72 3744.23 3744.7 3745.89 3745.65 3745.34 3748.75 3750.41 3749.86 3752.18 3752.03 3754.05 3755.89 3805.52 3820.69 3804.03 3802.1 3801.44 3805.52 3818.5 3811.58 3805.28 3805.1 3812.65 3825.08 3829.61 3835.47 3843.59 3847.58 3846.45 3843.63 3837.58 3826.64 3809 3812.33 3806.1 3806.47 3811.75 3815.21 3814.37 3810.48 3802.84 3802.81 3800.84 3802.98 3812.03
3729.51 3728.58 3727.31 3727.04 3726.69 3726.57 3726.36 3726.16 3725.91 3725.65 3725.27 3724.28 3725.1 3727.39 3729.23 3731.39 3734.4 3737.06 3739.45 3740.66 3741.58 3741.39 3744.33 3746.96 3747.07 3749.26 3757.09 3769.53 3769.7 3769.28 3773.23 3776.89 3767.27 3768.23 3802.81 3806.35 3792.52 3791.74 3792.68 3793.12 3792.39 3805.06 3811.47 3819.39 3835.44 3842.23 3841.55 3842.29 3844.27 3844.5 3849.7 3843.39 3832.92 3826.21 3816.63 3810.22 3802.77 3802.24 3811.82 3819.62 3819.35 3810.44 3798.56 3802.12 3800.89 3800.74 3804.77
3728.39 3726.79 3725.12 3724.75 3724.54 3724.48 3724.41 3724.34 3724.18 3724.02 3723.68 3722.32 3723.18 3725.99 3727.62 3729.74 3732.23 3735.23 3737.81 3741.65 3743.56 3744.77 3746.88 3748.74 3750.55 3751.25 3750.3 3767.54 3784.11 3787.9 3781.37 3776.38 3775.97 3783.18 3794.32 3796.55 3783.61 3782.94 3782.89 3783.05 3784.19 3791.68 3805.88 3821.24 3838.02 3845.96 3844.24 3842.4 3840.94 3835.77 3827.42 3821.05 3820.5 3816.38 3813.32 3810.17 3806.5 3809.5 3817.35 3826.19 3836.64 3819.6 3808.99 3804.1 3798.68 3792.65 3781.9
3726.19 3724.89 3723.19 3722.54 3722.28 3722.29 3722.25 3722.28 3722.27 3722.28 3722.44 3722.88 3725.12 3725.17 3726.69 3729.05 3731.9 3733.66 3737.02 3742.07 3749.73 3757.6 3754.45 3754.18 3755.09 3757.85 3761.22 3772.11 3783.03 3786.01 3782.27 3780.31 3773.95 3785.05 3801.01 3797 3782.97 3778.29 3777.42 3777.53 3780.1 3788.32 3802.86 3820.6 3834.68 3839.75 3838.97 3835.72 3831.75 3823.19 3811.61 3806.24 3813.97 3813.61 3807.44 3808.92 3810.4 3813.53 3817.14 3825.6 3834.11 3817.39 3800.74 3802.49 3799.03 3792.98 3780.25
3723.12 3722.54 3720.91 3720.4 3720.41 3720.56 3720.57 3720.57 3720.56 3720.63 3720.92 3720.27 3720.63 3723.23 3723.82 3725.84 3727.57 3730.98 3735.62 3741.53 3751.38 3762.81 3757.62 3757.34 3760.8 3767.07 3780.07 3786.81 3790.61 3786.38 3778.22 3771.17 3766.34 3776.91 3801.15 3794.99 3781.37 3775.06 3774.81 3777.29 3781.38 3787.47 3800.19 3814.24 3826.36 3832.48 3830.39 3824.89 3820.51 3813.74 3807.99 3808 3814.93 3815.48 3807.57 3808.77 3811.17 3814.64 3815.46 3818.62 3820.82 3827.41 3811.62 3804.67 3804.89 3803.36 3801.41
3721.3 3720.88 3718.95 3718.67 3718.92 3718.94 3718.82 3718.75 3718.52 3718.53 3718.68 3718.48 3721.21 3721.08 3721.12 3722.85 3725.6 3727.93 3730.98 3734.42 3736.96 3740.55 3751.26 3757.06 3763.21 3771.01 3787.92 3787.64 3788.79 3781.64 3772.02 3763.07 3767.51 3779.69 3794.93 3787.62 3771.43 3771.03 3773.59 3777.06 3781.1 3788.04 3797.28 3807.96 3819.16 3825.75 3822.48 3815.13 3808.42 3807.8 3806.09 3804.73 3812.81 3811.54 3809.06 3811.19 3809.25 3810.45 3816.87 3814.38 3818.53 3832.87 3818.23 3812.82 3814.49 3817.76 3821.13
3721.34 3720.56 3719.55 3718.9 3718.35 3718.3 3717.94 3717.76 3717.57 3717.29 3716.94 3716.15 3715.1 3717.03 3719.18 3721.3 3723.59 3726.11 3728.28 3729.69 3730.24 3734.78 3745.11 3754.75 3763.05 3768.38 3772.24 3775.62 3774.67 3771.95 3767.33 3766.31 3777.05 3787.65 3790.57 3783.98 3773.02 3770.99 3773.71 3777.91 3780.26 3784.8 3795.48 3804.79 3813.93 3821.33 3815.99 3810.06 3806.49 3806.64 3807.99 3812.26 3810.93 3811.09 3809.29 3805.98 3804.44 3804.71 3807.76 3811.06 3818.58 3828.07 3826.96 3823.43 3826.32 3830.26 3835.24
3721.68 3720.82 3719.55 3718.43 3718.12 3717.77 3717.64 3717.22 3716.86 3716.33 3715.6 3713.56 3713.01 3714.83 3717.98 3720.91 3723 3725.69 3727.41 3728.86 3729.89 3735.23 3745.11 3754.49 3763.06 3769.41 3764.56 3763.46 3762.34 3762.47 3762.36 3765.51 3776.43 3783.45 3786.79 3785.36 3776.61 3772.06 3774.31 3779.3 3781.11 3785.49 3796.41 3808.66 3810.9 3808.09 3810.2 3807.04 3805.28 3806.42 3807.86 3807.21 3806.4 3803.75 3803.17 3802.54 3799.52 3795.44 3799.85 3807.91 3815.5 3821.74 3823.02 3830.53 3835.44 3840.7 3845.71
3719.87 3720.42 3719.52 3718.5 3717.68 3717.24 3716.97 3716.58 3716.23 3715.53 3714.74 3713.19 3712.26 3713.97 3716.75 3719.91 3722.76 3725.37 3727.72 3730.14 3735.45 3739.51 3746.44 3754.56 3762.27 3769.24 3759.49 3754.99 3756.06 3755.18 3757 3760.57 3768.12 3780.71 3782.49 3785.59 3782.91 3773.23 3772.9 3777.7 3779.61 3785.64 3795.87 3803.94 3808.3 3809.42 3807.99 3808.72 3807.03 3806.13 3807.35 3810.31 3810.59 3801.38 3800.51 3800.77 3798.61 3795.62 3803.02 3807.4 3812.05 3824.16 3834.07 3837.1 3840.66 3845.63 3850.74
3718.25 3720.25 3718.63 3717.81 3717.08 3716.6 3716.28 3715.99 3715.58 3715.17 3714.63 3713.73 3713.05 3714.48 3717.46 3720.3 3723.56 3725.38 3727.6 3729.67 3732.06 3739.16 3746.34 3753.01 3757.99 3759.95 3750.05 3743.13 3741.49 3748.98 3751.79 3753.23 3756.57 3760.33 3772.27 3775.82 3772.63 3772.13 3769.42 3764.38 3771.03 3781.59 3793.67 3802.98 3804.99 3803.62 3801.9 3802.43 3803.1 3803.95 3805.12 3805.46 3803.31 3804.17 3807.03 3809.76 3802.85 3798.94 3806.39 3806.92 3805.15 3814.49 3833.58 3840.67 3844.46 3847.51 3852.04
3714.86 3716.25 3716.56 3716.37 3716.41 3715.83 3715.44 3715.28 3715.19 3715.09 3714.78 3714.81 3716.32 3719.19 3718.78 3721.14 3723.98 3726.86 3728.85 3730.62 3734.04 3740.15 3747.01 3752.5 3754.47 3750.83 3751.99 3750.11 3748.38 3750.89 3751.62 3751.44 3753.18 3761.73 3767.96 3771.36 3772.93 3776.79 3774.7 3767.73 3766.7 3779.61 3795.47 3803.71 3804.32 3799.57 3795.76 3793.26 3798.07 3801.6 3803.67 3804.7 3806.72 3818.78 3819.71 3817.04 3808.24 3794.9 3791.93 3797.65 3804.09 3813.66 3835.55 3844.01 3847.49 3849.87 3851.84
3710.01 3711.8 3713.81 3715.42 3715.03 3714.9 3714.99 3715.19 3715.43 3715.78 3716.1 3715.77 3715.41 3715.33 3720.16 3722.82 3725.71 3728.9 3731.47 3733.48 3734.34 3742.05 3748.53 3753.75 3757.57 3760.94 3760.45 3767.46 3765.28 3758.56 3754.86 3753.18 3759.64 3765.51 3771.71 3775.33 3776.44 3785.26 3785.79 3783.53 3769.55 3784.21 3802.97 3810.95 3807.09 3802.67 3800.16 3798.46 3799.64 3802.79 3805.12 3807.3 3812.75 3823.87 3828.73 3828.86 3816.87 3801.92 3794.67 3810.16 3819.59 3828.38 3844.11 3850.13 3852.08 3851.66 3851.56
3708.99 3710.22 3711.85 3712.19 3713.26 3713.98 3714.46 3714.95 3715.7 3716.55 3716.89 3717.77 3719.38 3722.47 3723.76 3725.07 3727.43 3730.71 3734.83 3740.14 3744.43 3748.13 3752.21 3757.25 3762.99 3769.67 3770.21 3773.85 3772.27 3766.1 3760.9 3759.12 3780.02 3779.16 3779.39 3781.57 3786.3 3791.81 3788.29 3787.15 3787.02 3792.35 3807.11 3812.24 3806.75 3802.36 3800.86 3800.62 3801.92 3805.86 3809.51 3813.93 3822.1 3831.87 3836.13 3835.61 3827.26 3815.62 3811.72 3818.07 3834.58 3857.65 3858.51 3858.81 3857.8 3855.71 3853.21
3708.92 3710.24 3711.58 3712.44 3712.97 3713.32 3714.17 3715.08 3715.93 3717.69 3719.15 3719.85 3722.42 3724.54 3726.77 3727.71 3729.07 3731.89 3735.55 3741.98 3751.94 3751.74 3755.61 3760.01 3765.36 3767.88 3772.95 3780.86 3776.51 3770.83 3766.33 3764.93 3778.91 3785.85 3782.28 3784.84 3789.4 3784.96 3784.96 3787.03 3792.69 3793.54 3799.82 3803.54 3803.17 3799.09 3791.01 3794.69 3804.86 3811.62 3816.78 3819.66 3826.73 3840.18 3843.2 3842.92 3837.05 3829.26 3820.81 3828.91 3851.69 3865.83 3868.71 3865.76 3861.52 3856.69 3851.28
3708.96 3709.57 3711.06 3711.43 3711.42 3712.15 3713.4 3715.02 3716.74 3717.22 3719.71 3721.51 3725.76 3736.3 3732.53 3729.71 3729.73 3731.44 3733.79 3734.85 3739.42 3751.07 3758.74 3764.28 3767.93 3768.62 3768.98 3769.71 3772.67 3771.34 3769.58 3769.73 3763.58 3767.59 3776.22 3781.28 3785.16 3783.62 3783.8 3783.67 3783.43 3788.2 3789.88 3797.37 3802.76 3805.16 3809.4 3808.25 3814.13 3821.48 3828.29 3833.28 3824.39 3845.08 3848.91 3847.2 3844.63 3843.9 3849.5 3850.44 3874.23 3868.4 3873.12 3868.45 3862.89 3856.74 3849.91
