real_craters/C090-300m.grd
DSAA
205 205
-30.6075 30.6075
-30.6075 30.6075
2884.614657136 4211.8593518914
[rows 90 to 119 of 205, columns 0 to 66 of 205]
3723.55 3724.66 3725.21 3727.52 3726.05 3725.05 3720.97 3719.29 3720.36 3718 3714.93 3714.12 3714.45 3713.2 3713.58 3715.33 3718.03 3721.11 3724.31 3727.99 3731.96 3736.61 3741.19 3746.47 3752.08 3757.76 3764.33 3770.42 3774.08 3774.1 3769.99 3764.21 3757.59 3750.03 3741.89 3731.61 3719.38 3717.98 3720.72 3722.63 3726.82 3731.4 3739.35 3749.6 3761.46 3774.75 3789.66 3807.62 3816.23 3819.22 3820.95 3820.62 3820.05 3819.06 3817.93 3817.19 3815.4 3813.02 3809.21 3801.4 3777.12 3775.31 3784.81 3794.59 3804.41 3810.52 3802.91
3725.01 3727.39 3728.73 3730.28 3727.18 3721.97 3718.89 3718.03 3718.65 3717.86 3717.18 3718.93 3718.64 3715.32 3715.12 3717.05 3719.57 3722.62 3725.24 3728.92 3732.95 3737.34 3743.11 3748.29 3754.11 3759.9 3766.17 3771.85 3777.1 3777.3 3773.58 3768.05 3761.92 3755.22 3747.72 3739.76 3732.14 3727.13 3724.23 3722.26 3722.97 3729.76 3739.1 3750.1 3762.15 3774.9 3788.76 3803.32 3812.92 3816.54 3819.25 3820.25 3820.71 3821.05 3821.03 3820.75 3819.73 3817.89 3813.46 3800.38 3779.1 3777.03 3786.7 3797.46 3809.63 3820.22 3805.78
3720.78 3725.3 3727.58 3727.43 3724.12 3717.79 3717.03 3717.47 3716.11 3716.12 3717.25 3715.77 3713.38 3713.57 3715.62 3717.99 3720.94 3724.88 3727.32 3730.92 3734.83 3739.29 3743.47 3748.65 3754.38 3760.65 3767.66 3774.77 3783.84 3781.04 3776.85 3771.49 3766.19 3760.41 3754.43 3749.2 3746.02 3739.1 3729.96 3723.32 3720.93 3728.31 3738.83 3750.24 3762 3773.61 3784.29 3792.9 3805.77 3814.53 3816.15 3817.84 3819 3820.11 3821.01 3821.99 3821.7 3820.83 3818.92 3812.02 3791.39 3790.77 3790.45 3796.52 3807.18 3816.48 3803.08
3718.11 3722.69 3725.45 3725.89 3723.91 3721.47 3720.35 3722.28 3721.68 3722.92 3720.32 3714.49 3708.39 3712.58 3716.69 3719.9 3723.02 3726.92 3729.42 3733 3736.67 3740.56 3744.05 3749.3 3754.58 3760.45 3768.08 3776.43 3779.37 3781.42 3778.54 3774.12 3769.7 3764.69 3760.82 3757.57 3752.28 3744.8 3735.28 3726.38 3723.66 3730.51 3740.94 3752 3762.81 3772.85 3781.71 3789.43 3797.6 3805.48 3810.23 3813.71 3816.21 3818.36 3820.14 3821.68 3822.53 3821.78 3816.71 3807.67 3798.63 3795.08 3787.46 3789.81 3797.11 3804.32 3798.72
3714.81 3719.3 3723.4 3726.98 3728.34 3725.64 3721.36 3717.9 3725.03 3731.1 3726.96 3719.94 3715.53 3716.56 3719.65 3722.8 3725.72 3728.56 3732.16 3735.31 3738.61 3742.1 3745.1 3749.08 3753.48 3758.13 3764.4 3773.24 3783.16 3781.57 3777.68 3773.76 3770.29 3766.92 3764.32 3762.83 3762.29 3751.96 3741.33 3731.23 3726.25 3735.98 3745.94 3756.07 3765.85 3774.44 3781.56 3787.55 3790.28 3797.2 3804.39 3809.14 3812.21 3814.77 3817 3819.14 3821.1 3822.2 3818.87 3808.03 3793.1 3777.92 3776.45 3779.25 3783.31 3788.13 3796.86
3710.65 3713.98 3719.73 3727.46 3732.52 3723.91 3716.59 3717.31 3729.17 3738.9 3733.66 3726.76 3722.27 3722.29 3723.77 3725.84 3728.02 3729.53 3732.08 3734.69 3737.67 3741.59 3744.84 3748.12 3751.1 3754.23 3757.56 3762.52 3772.22 3775.93 3774.74 3772.58 3770.18 3767.81 3765.14 3760.56 3756.5 3753.72 3747.96 3744.89 3744.03 3745.68 3752.77 3761.5 3770.3 3778.21 3784.02 3787.16 3792.52 3796.82 3801.89 3806.22 3809.4 3811.26 3813.74 3815.91 3818.25 3822.19 3828.47 3818.57 3794.26 3771.95 3768.55 3770.95 3774.54 3782.16 3799.04
3706.32 3706.43 3712.97 3721.35 3727.08 3716.85 3710.52 3721.87 3731.71 3738.12 3734.22 3729.68 3728.73 3728.19 3727.72 3727.72 3728.87 3730.59 3732.78 3735.18 3737.78 3740.54 3743.46 3746.26 3749.3 3751.15 3751.63 3754.16 3763.11 3768.53 3769.45 3768.99 3768.44 3767.9 3766.98 3765.25 3763.54 3757.45 3752.07 3750.23 3751.7 3753.71 3759.75 3767.71 3776.1 3783.99 3790.94 3795.62 3797.77 3798.82 3801.08 3803.96 3806.1 3807.87 3809.18 3810.05 3811.69 3814.56 3818.55 3813.52 3798.25 3773.99 3767.54 3768.16 3772.25 3784.17 3805.36
3704.43 3701.3 3706.22 3710.55 3710.62 3705.98 3703.96 3709.76 3716.24 3725.88 3726.44 3726.58 3729 3729.89 3729.39 3729.5 3730.14 3731.76 3733.27 3735.19 3737.36 3739.62 3741.9 3744.37 3746.92 3749.14 3749.51 3750.44 3757.8 3762.27 3763.05 3764.32 3765.55 3766.69 3767.97 3769.99 3765.64 3758.24 3753.08 3748.06 3751.47 3759.04 3766.58 3774.76 3783.09 3790.71 3795.58 3795.55 3791.45 3796.35 3800.45 3802.57 3804.16 3804.89 3805.26 3804.57 3803.12 3801.03 3799.74 3799.88 3795.34 3775.59 3771.03 3769.52 3772.23 3786.14 3811.43
3705.43 3703 3702.22 3703.06 3701.05 3699.84 3699.1 3699.55 3701.54 3707.18 3712.11 3718.82 3726.46 3730.18 3728.89 3728.75 3729.73 3730.92 3732.56 3734.1 3736 3738.27 3740.27 3742.4 3744.9 3748.28 3752.65 3754.1 3752.75 3752.49 3756.03 3759.07 3761.64 3763.56 3764.71 3764.54 3755.55 3756.04 3755.68 3756.09 3759.01 3765.78 3773.7 3782.1 3790.65 3798.51 3803.55 3803.28 3798.76 3800.24 3802.15 3803.58 3804.09 3803.67 3802.26 3799.32 3795.13 3788.15 3779.54 3786.89 3792.53 3780.08 3774.35 3773.4 3777.19 3791.52 3814.75
3707.26 3699.94 3700.07 3702.92 3701.98 3700.18 3700.06 3700.89 3700.14 3696.61 3700 3711.32 3720.04 3724.7 3725.28 3726.74 3728.29 3730.02 3731.6 3733.24 3734.87 3736.46 3738.07 3739.99 3742.14 3745.22 3751.58 3754.15 3747.91 3746.3 3749.74 3754.13 3758.38 3761.25 3761.17 3755.89 3753.8 3758.45 3761.01 3762.88 3767.62 3773.6 3781.01 3789.32 3797.8 3806.44 3814.35 3814.76 3812.75 3807.75 3806.1 3805.49 3804.52 3803.04 3800.57 3796.81 3791.18 3783.6 3776.52 3779.95 3781.88 3771.47 3768.97 3777.52 3792.53 3802.39 3815.87
3714.14 3707.51 3709.12 3710.99 3709.96 3709.81 3710.77 3716.08 3721.63 3709.75 3705.62 3709.61 3712.61 3713.34 3720.49 3724.92 3727.57 3729.29 3730.78 3732.21 3733.55 3735.07 3736.33 3737.53 3738.48 3738.79 3737.75 3738.66 3739.56 3741.91 3744.06 3749.74 3755.88 3761.38 3764.62 3763.9 3764.81 3766.21 3768.4 3771.32 3774.96 3780.01 3786.6 3794.44 3803.03 3811.65 3818.81 3817.17 3813.67 3811.27 3809.27 3807.4 3805.6 3803.51 3800.89 3797.14 3792.18 3786.52 3782.7 3780.42 3777.37 3770.3 3769.97 3778.48 3789.81 3802.25 3813.21
3723.89 3726.55 3726.53 3722.71 3723.39 3725.59 3725.35 3728.38 3732.55 3721.71 3715.02 3713.64 3713.7 3714.23 3721.39 3725.86 3728 3729.57 3730.92 3731.82 3732.84 3733.83 3735.02 3735.69 3735.89 3734.94 3730.66 3730.87 3732.51 3730.05 3738.49 3746.94 3754.59 3762.52 3772.28 3778.86 3775.65 3773.55 3775.06 3778.13 3780.91 3784.7 3790.34 3797.57 3805.75 3813.79 3818.8 3817.69 3814.79 3813.96 3812.21 3810.13 3808.19 3805.75 3802.93 3799.34 3794.99 3790.71 3786.75 3784.24 3780.45 3775.21 3774.94 3779.95 3786.81 3798.02 3808.83
3728.55 3730.3 3730.46 3728.53 3729.49 3731.22 3728.86 3728.24 3727.82 3723.81 3719.43 3718.92 3721.2 3726.49 3727.97 3728.67 3729.48 3730.41 3731.23 3731.85 3732.65 3733.41 3734.28 3734.63 3734.9 3735.34 3737.13 3735.08 3733.57 3733.02 3739.65 3746.75 3753.08 3760.17 3770.71 3779.03 3775.26 3775.48 3778.81 3782.45 3783.83 3786.55 3791.55 3798.18 3805.78 3814.12 3821.69 3823.18 3820.53 3817.03 3814.59 3812.41 3810.22 3807.8 3805.04 3801.95 3799.36 3797.42 3794.87 3790.46 3786.64 3783.69 3781.69 3785.08 3792.26 3799.06 3806.82
3728.72 3728.55 3727.65 3728.15 3728.37 3728.07 3726.8 3726.39 3726.55 3724.25 3720.5 3722.98 3726.85 3731.79 3732.31 3731.29 3730.8 3730.78 3731.86 3732.03 3732.79 3733.45 3733.98 3734.33 3734.58 3734.91 3736.22 3736.8 3738.15 3742.71 3746.1 3748.6 3751.74 3753.61 3753.57 3756.92 3765.56 3771.67 3778.36 3783.09 3782.95 3785.18 3789.66 3795.93 3803.43 3811.34 3817.36 3819.36 3819.8 3817.77 3816.04 3814.15 3812.31 3810.26 3808.16 3805.65 3803.08 3801.11 3798.81 3795.41 3793.54 3791.7 3788.4 3790.72 3797.71 3801.45 3806.83
3726.94 3727.19 3726.49 3726.85 3725.04 3723.03 3723.93 3726.84 3727.5 3726.49 3725.51 3726.08 3728.86 3732.29 3732.76 3730.73 3730.84 3730.97 3731.32 3732.28 3733 3733.66 3734.14 3734.13 3734.37 3734.65 3734.25 3737.45 3740.93 3745.82 3749.08 3750.48 3751.68 3751.15 3747.32 3752.68 3760.97 3765.32 3770.82 3775.41 3776.99 3780.51 3785.34 3791.42 3798.63 3806.37 3812.5 3815.23 3816.24 3817.05 3817.06 3816.4 3815.32 3813.72 3811.81 3809.74 3806.38 3799.7 3797.23 3795.06 3794.21 3795.95 3797.13 3797.18 3799.09 3802.4 3806.85
3724.26 3726.9 3729.23 3726.3 3721.74 3717 3718.94 3723.11 3723.7 3722.7 3724.36 3725.7 3727.61 3731.08 3731.32 3728.65 3727.93 3728.25 3728.98 3730.33 3731.49 3732.52 3733.13 3733.94 3734.31 3734.85 3737.14 3738.41 3741.6 3746.01 3749.49 3751 3752.69 3754.74 3758.36 3764.48 3762.09 3759.28 3755.06 3760.19 3768.87 3774.75 3779.81 3785.39 3792.25 3799.81 3805.24 3808.96 3813.62 3816.5 3818.1 3818.45 3817.95 3816.95 3815.54 3814.06 3812.03 3809.92 3803.38 3797.11 3794.12 3794.87 3799.32 3802.16 3800.07 3803.59 3807.19
3720.47 3724.31 3726.82 3724.28 3719.32 3715.23 3717 3721.83 3721.57 3720.19 3722.16 3722.8 3722.91 3722.67 3721.61 3723.06 3724.39 3725.99 3727.68 3729.48 3730.8 3732.19 3733.34 3734.28 3734.93 3735.12 3735.07 3738.28 3740.81 3743.74 3746.71 3749.74 3753.86 3758.28 3761.66 3764.14 3761.66 3758.67 3751.2 3756.72 3765.49 3770.6 3774.25 3778.14 3783.96 3793.34 3800.32 3803.81 3811.53 3816.86 3819.52 3820.57 3820.52 3819.8 3818.75 3817.45 3816.46 3816.65 3808.51 3800.12 3794.78 3791.4 3790.78 3801.17 3804.38 3805.11 3807.84
3716.53 3720.01 3721.98 3720.11 3716.8 3714.5 3715.7 3720.48 3719.79 3720.19 3717.63 3717.85 3716.97 3715.2 3715.23 3717.47 3721.27 3723.98 3726.61 3728.88 3730.87 3732.92 3734.41 3735.31 3735.94 3736.7 3738.36 3738.85 3740.03 3741.03 3741.86 3747.28 3753.35 3760.26 3764.27 3758.96 3759.83 3764.32 3773.48 3769.09 3768.3 3769.07 3769.69 3770.61 3772.67 3780.57 3794.01 3807.46 3814.04 3818.86 3821.74 3822.87 3822.92 3822.18 3820.85 3819.27 3817.14 3813.56 3809.43 3800.93 3795.33 3790.06 3786.89 3797.59 3804 3805.24 3807.88
3713.75 3715.3 3715.77 3714.63 3712.51 3711.85 3712.48 3709.88 3707.47 3703.57 3710.24 3713.97 3711.64 3709.48 3705.84 3713.99 3719.01 3722.59 3725.57 3728.65 3731.11 3733.54 3735.63 3737.2 3737.54 3736.64 3737.29 3739.6 3740.29 3740.1 3740.73 3744.56 3750.14 3756.5 3757.61 3748.51 3755.58 3765.83 3774.52 3774.88 3771.96 3769.68 3767.5 3764.86 3761.81 3759.41 3783.45 3806.06 3816.46 3821.82 3824.45 3825.36 3825.26 3824.23 3822.64 3820.5 3817.42 3813.91 3811.9 3808.52 3799.67 3791.75 3785.86 3789.85 3798.53 3803.18 3807.23
3710.61 3710.53 3710.62 3709.44 3705.93 3704.19 3702.1 3698.31 3696.72 3698.31 3700.41 3701.12 3707.55 3709.99 3714.61 3715.8 3718.51 3721.92 3725.2 3728.13 3730.99 3734.01 3736.92 3739.61 3741.52 3742.75 3742.87 3742.56 3741.74 3740.55 3739.39 3741.94 3744.77 3746.76 3741.97 3738.78 3751.4 3764.79 3774.03 3775.34 3773.21 3770.14 3766.91 3763.39 3760.13 3760.54 3787.02 3809.78 3821.09 3825.36 3826.84 3827.05 3826.66 3825.66 3824.03 3821.63 3818.65 3815.47 3812.77 3809.21 3802.08 3795.24 3789.94 3787.74 3794.65 3801.74 3807.78
3706.65 3704.68 3702.43 3699.72 3697.26 3695.04 3692.51 3693.88 3695.88 3694.59 3699.11 3705.14 3708.36 3711.35 3715.16 3716.82 3718.82 3721.74 3724.77 3727.89 3731.16 3734.73 3738.38 3742.29 3746.31 3750.46 3749.13 3746.38 3744.3 3742.4 3741.44 3740.97 3740.17 3735.98 3728.47 3735.27 3751.25 3765.29 3774.05 3776.16 3774.49 3771.67 3768.83 3766.8 3767.3 3777.21 3806.36 3824.17 3828.43 3829.29 3829.26 3828.81 3828.15 3827.21 3825.66 3823.22 3819.7 3815.64 3811.73 3807.24 3803.04 3798.94 3795.66 3792.11 3795.44 3802.32 3809.31
3702.96 3698.85 3693.83 3689.16 3690.48 3690.38 3688.91 3691.25 3694.07 3700.17 3705.8 3710.68 3709.58 3710.84 3712.49 3715.89 3718.73 3721.53 3724.18 3727.63 3730.83 3734.79 3738.8 3743.1 3747.85 3753.65 3751.72 3748.67 3746.31 3744.66 3742.84 3742.31 3740.69 3737.21 3738.19 3744.2 3756.19 3768.76 3776.8 3777.71 3776.14 3773.82 3772.07 3772.24 3776.41 3791.33 3825.91 3836.34 3832.91 3830.28 3828.94 3828.28 3827.89 3827.55 3826.81 3825.09 3821.64 3817.17 3812.69 3807.63 3804.23 3801.62 3801.47 3801.19 3798.03 3803.47 3811.6
3698.83 3694.96 3690.95 3687.09 3690.64 3692.27 3689.78 3692.98 3697.44 3702.55 3705.27 3703.54 3705.73 3709.19 3713.61 3716.74 3718.19 3720.75 3723.71 3726.75 3730.46 3734.19 3738.28 3742.51 3745.74 3747.14 3749.26 3748.5 3747.31 3746.67 3747.88 3747.42 3743.86 3743.71 3745.57 3751.97 3761.61 3772.42 3778.85 3778.88 3777.22 3775.3 3774.47 3776.08 3782.77 3798.58 3822.33 3830.06 3828.05 3826.38 3825.94 3826.21 3826.77 3827.36 3827.69 3827.95 3826.87 3822.31 3816.24 3810.47 3805.48 3801.72 3799.48 3796.09 3796.56 3803.7 3813.8
3693.14 3692.58 3693.47 3696.81 3698.93 3700.67 3705.15 3704.21 3698.38 3700.46 3702.63 3700.45 3702.04 3705.82 3711.5 3715.27 3716.13 3718.8 3721.7 3724.97 3729.04 3732.68 3736.77 3740.82 3744.6 3747.05 3747.78 3747.56 3747.02 3746.58 3746.24 3745.17 3744.4 3745.13 3751.47 3754.3 3763.11 3773.78 3778.97 3778.23 3776.71 3775.45 3775.01 3775.99 3780.47 3790.34 3802.05 3811.15 3815.48 3818.02 3820.26 3822.48 3824.57 3826.24 3827.78 3828.9 3833.32 3826.74 3819.59 3812.72 3806.14 3800.29 3794.75 3789.61 3793.7 3804.43 3817.01
3687.22 3690.67 3694.81 3701.2 3702.2 3705.54 3712.73 3709.57 3696.6 3692.89 3689.32 3693.76 3696.72 3700.52 3703.87 3706.16 3711.67 3715.4 3719.37 3723.09 3726.98 3730.89 3734.83 3738.52 3742.73 3745.86 3745.89 3745.79 3745.5 3744.89 3743.68 3741.86 3742.44 3744.16 3744.22 3750.08 3759.04 3770.53 3775.05 3774.76 3774.22 3773.94 3773.82 3774.06 3772.62 3774.8 3781.42 3791.81 3800.59 3807.35 3812.78 3817.4 3821.38 3825.19 3827.24 3826.69 3816.79 3820.15 3817.08 3812.75 3807.42 3800.77 3792.19 3791.47 3794.59 3806.2 3820.28
3686.39 3690.49 3693.37 3693.46 3696.65 3702.98 3706.86 3703.64 3695.26 3691.05 3690.16 3690.56 3692.58 3696.01 3699.61 3703.73 3708.33 3712.39 3716.58 3720.63 3724.65 3728.44 3732.12 3735.42 3738.5 3741.01 3742.62 3743.27 3743.34 3743.05 3742.19 3741.7 3737.59 3733.53 3731.81 3742.12 3751.36 3757.56 3765.62 3769.48 3770.93 3771.41 3771.79 3772.67 3773.99 3768.05 3765.96 3775.97 3787.64 3797.56 3805.7 3812.53 3818.38 3823.45 3827.45 3830.19 3833.43 3823.83 3817.16 3813.88 3810.76 3805.88 3799.24 3795.69 3798.4 3810.16 3823.97
3690.43 3694.14 3696.06 3696.07 3698.15 3700.8 3699.57 3695.19 3691.38 3689.51 3688.29 3688.36 3690.45 3692.39 3696.91 3703.9 3705.87 3710.15 3714.45 3718.83 3722.84 3726.22 3729.46 3732.26 3734.55 3736.71 3738.94 3740.19 3740.81 3740.55 3739.4 3736.81 3733.46 3729.63 3731.08 3738.05 3746.82 3754.2 3760.9 3765.19 3767.47 3768.49 3768.87 3768.94 3769.2 3757.7 3752.42 3764.87 3778.02 3789.47 3799.19 3807.56 3814.94 3821.4 3827.17 3832.67 3835.66 3828.5 3820.84 3819.41 3817.93 3815.49 3814.07 3809.3 3809.01 3817.12 3829.06
3701.46 3701.7 3702.53 3704.36 3705.39 3702.35 3696.75 3689.89 3689.45 3688.68 3685.8 3685.42 3683.65 3689.46 3694.22 3695.74 3703.2 3708.22 3712.98 3717.44 3721.44 3724.99 3727.69 3729.71 3731.86 3733.98 3736.19 3737.72 3738.62 3738.68 3737.84 3735.38 3732.88 3729.14 3729.84 3736.56 3745.47 3754.98 3759.33 3763.08 3765.44 3766.45 3766.26 3764.3 3758.46 3751.62 3749.79 3760.4 3772.21 3783.24 3793.19 3802.27 3810.76 3818.57 3826.05 3832.34 3835.29 3833.35 3828.81 3828.91 3828.52 3826.52 3822.26 3823.03 3822.49 3823.94 3833.14
3712.38 3708.3 3708.5 3710.47 3711.24 3705.85 3699.3 3693.59 3691.74 3690.99 3693.93 3692.33 3687.66 3691.87 3695.58 3701.36 3703.38 3707.6 3712.82 3717.44 3721.61 3724.47 3726.69 3728.07 3729.37 3731.41 3733.91 3735.64 3736.78 3737.16 3737.39 3737.94 3735.27 3729.68 3729.56 3736.13 3744.56 3753.12 3758.22 3761.93 3764.11 3765.01 3764.78 3763.22 3759.86 3755.33 3755.26 3761.65 3770.33 3779.63 3788.79 3797.78 3806.85 3815.45 3824.18 3832.36 3838.53 3841.02 3841.9 3841.67 3841.28 3839.74 3836.56 3831.19 3823.33 3824.44 3835.47
3709.63 3711.13 3711.98 3712.89 3712.93 3708.12 3703.76 3700.79 3698.71 3699.56 3703.15 3704.74 3703.22 3699.91 3698.67 3697.14 3701.07 3707.95 3713.65 3718.32 3722.03 3724.83 3726.23 3726.79 3727.81 3729.89 3732.52 3734.39 3735.41 3735.91 3736.03 3735.46 3735.35 3731.54 3730.39 3736.92 3744.61 3751.64 3758.5 3762.41 3764.29 3764.94 3764.79 3764.11 3763.5 3760.7 3761.14 3764.77 3770.42 3777.41 3785.1 3793.34 3802.3 3811.67 3822.06 3831.9 3840.72 3848.35 3852.33 3853.96 3854.69 3854.13 3850.36 3839.77 3823.72 3829.58 3838.86
