real_craters/C090-750m.grd
DSAA
83 83
-30.6075 30.6075
-30.6075 30.6075
2885.6249135697 4184.0792916563
[rows 38 to 75 of 83, columns 0 to 82 of 83]
3713 3725 3726 3719 3731 3720 3724 3730 3737 3747 3756 3771 3777 3770 3762 3750 3732 3752 3775 3788 3801 3811 3817 3823 3799 3772 3779 3814 3883 3953 3861 3721 3566 3426 3266 3136 3019 2933 2919 2942 2988 3018 2950 2922 2917 2959 3039 3137 3263 3415 3591 3789 3971 4013 3978 3916 3848 3827 3810 3815 3806 3795 3787 3788 3785 3799 3800 3795 3807 3809 3799 3802 3808 3816 3826 3809 3810 3807 3814 3822 3828 3827 3828
3704 3708 3706 3710 3726 3730 3729 3732 3737 3743 3749 3753 3763 3766 3770 3756 3750 3769 3789 3794 3800 3804 3805 3800 3798 3771 3780 3843 3889 3943 3844 3688 3510 3363 3160 3056 2976 2923 2921 3033 3211 3153 3031 2935 2919 2928 2977 3052 3161 3329 3541 3760 3933 3966 3948 3901 3840 3827 3813 3812 3812 3805 3788 3785 3786 3796 3798 3801 3801 3817 3825 3809 3809 3816 3824 3816 3818 3811 3824 3832 3838 3838 3823
3710 3705 3703 3709 3700 3718 3725 3730 3734 3738 3742 3745 3746 3759 3759 3763 3770 3787 3808 3816 3808 3805 3798 3783 3779 3770 3803 3831 3880 3921 3830 3685 3517 3328 3088 3004 2951 2924 2928 3080 3252 3271 3242 3064 2914 2898 2927 2984 3074 3252 3481 3700 3852 3912 3920 3897 3854 3830 3822 3822 3815 3816 3783 3784 3786 3787 3800 3804 3812 3818 3822 3829 3822 3823 3829 3845 3829 3837 3831 3834 3839 3830 3815
3729 3729 3731 3728 3720 3723 3729 3731 3733 3734 3735 3734 3738 3755 3779 3776 3784 3793 3812 3823 3815 3810 3803 3797 3788 3782 3797 3817 3865 3881 3824 3713 3573 3357 3093 2993 2944 2925 2934 3075 3248 3292 3265 3104 2914 2886 2906 2949 3027 3210 3453 3660 3805 3877 3902 3907 3900 3831 3829 3810 3806 3812 3788 3787 3785 3784 3786 3795 3798 3810 3809 3815 3820 3815 3821 3839 3812 3826 3822 3823 3825 3820 3806
3726 3728 3720 3726 3726 3730 3730 3729 3731 3734 3735 3739 3749 3753 3762 3762 3772 3784 3802 3818 3817 3816 3812 3801 3793 3804 3802 3813 3842 3863 3835 3765 3613 3371 3114 3008 2953 2927 2932 3030 3161 3192 3189 3011 2902 2888 2908 2948 3022 3218 3534 3704 3802 3863 3892 3904 3900 3839 3820 3804 3800 3801 3800 3784 3782 3784 3781 3785 3796 3815 3821 3822 3844 3827 3821 3833 3858 3831 3815 3812 3808 3800 3797
3717 3722 3715 3721 3718 3716 3717 3725 3731 3735 3737 3739 3741 3756 3760 3766 3768 3770 3778 3809 3821 3823 3820 3813 3797 3788 3805 3813 3835 3858 3849 3817 3695 3437 3190 3059 2980 2937 2927 2958 2972 3008 2981 2937 2921 2922 2955 3001 3078 3271 3590 3750 3829 3875 3890 3886 3865 3834 3809 3803 3802 3802 3796 3789 3783 3779 3784 3789 3803 3823 3822 3837 3841 3807 3809 3825 3827 3816 3806 3806 3799 3787 3783
3709 3708 3700 3694 3698 3709 3717 3723 3731 3739 3746 3744 3741 3742 3734 3768 3774 3767 3766 3819 3828 3827 3823 3815 3804 3792 3800 3817 3843 3866 3865 3816 3739 3544 3305 3156 3021 2946 2929 2927 2929 2938 2936 2928 2944 2978 3026 3087 3178 3360 3651 3790 3873 3906 3897 3871 3848 3831 3816 3805 3802 3804 3790 3784 3781 3782 3794 3806 3822 3834 3832 3827 3812 3805 3799 3797 3799 3815 3822 3809 3797 3780 3773
3699 3689 3692 3695 3705 3707 3717 3722 3730 3740 3747 3748 3747 3743 3751 3775 3778 3775 3794 3830 3826 3827 3828 3821 3807 3799 3801 3827 3853 3889 3897 3878 3756 3644 3505 3326 3122 3003 2941 2924 2929 2931 2933 2931 2964 3025 3098 3182 3286 3449 3668 3879 3962 3954 3914 3868 3837 3824 3818 3812 3803 3798 3791 3784 3780 3781 3803 3826 3842 3845 3860 3830 3802 3806 3798 3798 3790 3806 3811 3807 3801 3797 3784
3686 3696 3705 3702 3688 3696 3704 3716 3725 3735 3744 3745 3743 3740 3745 3768 3773 3773 3772 3787 3808 3821 3828 3820 3810 3792 3803 3839 3876 3897 3932 3936 3882 3776 3678 3511 3312 3149 3014 2956 2947 2936 2937 2944 2998 3087 3191 3291 3403 3536 3832 4119 4079 4006 3929 3867 3833 3817 3811 3811 3808 3817 3793 3783 3783 3792 3807 3816 3832 3862 3869 3844 3786 3790 3796 3799 3798 3799 3804 3802 3801 3800 3792
3700 3703 3702 3690 3686 3686 3696 3710 3721 3729 3734 3738 3738 3732 3735 3757 3765 3766 3753 3764 3791 3813 3831 3832 3828 3821 3822 3848 3871 3886 3941 4027 3962 3874 3754 3628 3519 3307 3162 3054 3026 3003 3006 2980 3059 3189 3323 3446 3579 3731 3992 4168 4123 4026 3929 3845 3816 3812 3809 3810 3832 3812 3795 3788 3788 3790 3803 3817 3834 3851 3861 3869 3842 3805 3799 3796 3796 3796 3797 3797 3799 3797 3794
3711 3713 3708 3703 3708 3706 3699 3711 3722 3727 3729 3734 3735 3734 3736 3755 3764 3765 3763 3767 3782 3802 3829 3853 3860 3856 3837 3849 3848 3851 3894 3948 4023 3936 3820 3705 3624 3537 3390 3257 3171 3095 3089 3082 3180 3328 3468 3613 3770 3955 4112 4148 4104 4014 3915 3833 3818 3816 3813 3813 3839 3802 3792 3788 3791 3787 3799 3813 3833 3848 3862 3871 3873 3834 3807 3790 3797 3793 3786 3794 3802 3806 3804
3731 3714 3703 3707 3711 3716 3717 3723 3727 3734 3737 3734 3731 3723 3747 3770 3766 3763 3773 3771 3774 3786 3810 3852 3881 3882 3841 3850 3853 3832 3851 3898 3967 3973 3951 3886 3744 3674 3586 3479 3364 3269 3237 3306 3384 3513 3638 3761 3920 4102 4173 4138 4062 3978 3897 3831 3830 3826 3823 3821 3805 3792 3794 3789 3798 3801 3811 3820 3829 3839 3855 3882 3887 3854 3815 3791 3795 3796 3788 3798 3815 3824 3808
3743 3717 3698 3697 3693 3699 3719 3726 3723 3728 3734 3736 3734 3728 3752 3765 3761 3760 3758 3766 3771 3774 3787 3854 3867 3874 3874 3858 3857 3853 3840 3853 3920 3987 4065 4165 4002 3800 3743 3680 3609 3548 3519 3589 3620 3705 3784 3873 3979 4096 4123 4087 4021 3949 3884 3851 3849 3834 3826 3816 3800 3799 3804 3806 3809 3817 3826 3839 3846 3849 3868 3887 3885 3850 3817 3793 3811 3810 3809 3810 3819 3846 3828
3736 3717 3707 3700 3702 3698 3703 3706 3713 3716 3727 3740 3751 3763 3752 3751 3750 3742 3749 3762 3772 3780 3802 3859 3841 3831 3838 3845 3845 3854 3851 3842 3883 3957 4039 4106 4144 4055 3944 3861 3900 3933 3971 3968 3950 3910 3909 3937 3977 4005 4035 4019 3970 3916 3864 3838 3840 3830 3819 3803 3803 3805 3812 3811 3817 3827 3835 3859 3871 3854 3858 3878 3874 3830 3822 3812 3821 3820 3808 3799 3796 3785 3775
3758 3731 3717 3704 3699 3706 3703 3703 3707 3713 3726 3744 3763 3757 3743 3744 3744 3749 3761 3766 3780 3797 3816 3835 3822 3826 3837 3843 3835 3839 3849 3854 3872 3909 3941 3957 4053 4108 4083 4154 4105 4131 4121 4184 4125 4008 3961 3948 3953 3941 3953 3948 3924 3890 3849 3822 3823 3822 3816 3810 3804 3812 3811 3815 3819 3825 3840 3841 3813 3806 3818 3829 3835 3833 3826 3818 3827 3816 3800 3790 3780 3771 3771
3764 3742 3721 3707 3705 3708 3704 3711 3705 3708 3724 3742 3760 3763 3759 3748 3743 3745 3750 3768 3787 3807 3806 3792 3802 3816 3833 3836 3836 3839 3837 3840 3855 3868 3876 3883 3939 3979 4032 4077 4060 4056 4064 4039 4018 3987 3949 3925 3922 3933 3882 3896 3889 3870 3847 3829 3821 3819 3818 3816 3805 3810 3810 3815 3814 3820 3830 3837 3841 3791 3805 3833 3833 3832 3823 3820 3809 3805 3793 3778 3775 3770 3769
3751 3726 3716 3709 3712 3713 3708 3702 3702 3704 3721 3737 3747 3747 3745 3745 3740 3737 3754 3771 3788 3806 3819 3809 3803 3818 3838 3838 3834 3822 3834 3851 3848 3848 3849 3858 3877 3905 3932 3924 3918 3907 3952 3956 3940 3932 3909 3882 3854 3839 3872 3873 3870 3859 3841 3824 3819 3819 3820 3821 3819 3818 3816 3817 3817 3822 3830 3844 3856 3817 3806 3828 3834 3816 3816 3810 3813 3805 3788 3776 3775 3775 3773
3739 3731 3711 3705 3716 3714 3706 3706 3702 3706 3721 3735 3746 3749 3749 3744 3743 3757 3767 3775 3784 3791 3803 3815 3821 3834 3841 3857 3846 3828 3852 3833 3840 3837 3835 3840 3847 3865 3868 3857 3850 3850 3871 3891 3889 3880 3868 3850 3827 3826 3860 3864 3859 3849 3838 3817 3819 3823 3826 3825 3827 3836 3832 3830 3846 3836 3845 3851 3845 3846 3820 3827 3817 3805 3814 3813 3810 3804 3784 3770 3773 3774 3770
3740 3714 3707 3710 3715 3709 3718 3707 3709 3718 3727 3740 3750 3756 3751 3747 3746 3754 3767 3774 3781 3787 3803 3813 3829 3847 3877 3895 3866 3848 3853 3846 3838 3831 3826 3831 3850 3848 3843 3837 3833 3834 3829 3840 3840 3842 3839 3829 3821 3824 3841 3852 3851 3846 3835 3822 3826 3829 3833 3838 3842 3842 3847 3846 3852 3847 3850 3852 3831 3823 3846 3817 3794 3781 3786 3795 3798 3791 3780 3767 3771 3773 3771
3740 3728 3714 3722 3713 3715 3724 3716 3715 3723 3732 3745 3760 3763 3751 3748 3751 3760 3766 3772 3778 3789 3781 3806 3831 3852 3871 3901 3889 3863 3855 3855 3837 3825 3818 3825 3839 3834 3832 3828 3824 3824 3825 3820 3822 3825 3825 3821 3824 3827 3835 3841 3843 3845 3868 3846 3840 3838 3839 3844 3848 3857 3858 3854 3838 3842 3820 3807 3789 3788 3810 3809 3780 3774 3778 3784 3789 3788 3783 3772 3771 3770 3772
3726 3711 3706 3709 3710 3715 3727 3721 3722 3725 3733 3742 3751 3750 3748 3745 3755 3758 3763 3766 3767 3761 3761 3794 3828 3848 3878 3913 3907 3888 3857 3848 3836 3821 3806 3803 3810 3820 3824 3823 3817 3811 3819 3819 3822 3824 3820 3814 3810 3814 3819 3827 3839 3840 3838 3861 3854 3850 3846 3841 3838 3853 3848 3842 3825 3811 3789 3789 3777 3772 3774 3792 3788 3784 3786 3788 3791 3793 3795 3793 3763 3771 3774
3697 3696 3702 3714 3717 3709 3714 3715 3723 3725 3731 3736 3739 3753 3735 3725 3736 3756 3759 3759 3758 3764 3762 3772 3797 3832 3871 3897 3901 3895 3875 3851 3835 3819 3807 3802 3814 3818 3822 3824 3825 3818 3818 3815 3814 3819 3816 3810 3804 3812 3827 3841 3846 3859 3862 3860 3861 3855 3849 3846 3835 3823 3815 3784 3765 3755 3764 3772 3778 3780 3774 3782 3787 3793 3802 3797 3797 3802 3809 3819 3814 3795 3786
3686 3687 3691 3706 3710 3715 3709 3710 3711 3718 3728 3741 3750 3764 3724 3707 3712 3756 3755 3752 3749 3752 3765 3764 3782 3810 3829 3858 3872 3868 3869 3854 3836 3821 3808 3807 3814 3819 3824 3826 3826 3832 3823 3815 3812 3821 3816 3809 3809 3824 3835 3840 3847 3856 3882 3877 3868 3860 3851 3839 3839 3830 3815 3794 3778 3759 3759 3769 3778 3781 3770 3775 3788 3797 3799 3799 3796 3801 3809 3826 3833 3810 3790
3672 3669 3674 3680 3689 3696 3703 3708 3705 3713 3722 3738 3770 3763 3727 3722 3742 3753 3752 3747 3743 3747 3756 3760 3771 3791 3812 3806 3823 3826 3826 3840 3835 3826 3820 3816 3821 3824 3828 3830 3829 3840 3831 3822 3815 3819 3816 3811 3811 3823 3839 3847 3851 3840 3880 3887 3872 3860 3851 3847 3850 3849 3838 3817 3790 3775 3768 3765 3773 3781 3784 3775 3785 3792 3789 3795 3790 3781 3791 3812 3825 3803 3782
3671 3678 3675 3679 3684 3688 3695 3704 3707 3709 3710 3720 3746 3754 3741 3749 3769 3752 3749 3744 3739 3743 3744 3739 3753 3771 3782 3790 3798 3794 3788 3823 3828 3828 3831 3820 3824 3831 3834 3837 3840 3836 3830 3820 3821 3823 3816 3820 3827 3837 3846 3859 3866 3883 3872 3876 3867 3855 3847 3847 3850 3849 3828 3806 3789 3776 3770 3779 3790 3800 3790 3781 3788 3801 3804 3798 3792 3783 3784 3784 3783 3780 3774
3671 3675 3675 3678 3682 3685 3694 3695 3709 3704 3698 3694 3727 3744 3737 3749 3777 3753 3745 3741 3740 3736 3729 3727 3736 3755 3771 3776 3789 3772 3770 3802 3813 3820 3821 3824 3829 3837 3839 3841 3839 3827 3826 3822 3817 3805 3814 3823 3831 3841 3852 3866 3870 3872 3874 3868 3859 3847 3837 3841 3856 3839 3833 3795 3787 3774 3770 3775 3787 3805 3804 3789 3793 3802 3803 3804 3801 3800 3794 3778 3755 3761 3764
3671 3672 3673 3678 3681 3682 3684 3697 3709 3704 3694 3691 3725 3726 3738 3756 3763 3751 3741 3735 3728 3728 3719 3710 3725 3743 3758 3767 3768 3764 3766 3783 3796 3808 3829 3828 3833 3838 3838 3838 3838 3833 3827 3819 3811 3811 3819 3827 3838 3847 3854 3858 3871 3882 3876 3862 3850 3837 3830 3839 3860 3835 3818 3810 3797 3787 3781 3779 3799 3812 3824 3819 3808 3799 3804 3807 3805 3805 3793 3762 3754 3756 3758
3669 3673 3676 3680 3679 3685 3678 3692 3702 3705 3694 3691 3704 3718 3734 3749 3735 3734 3732 3729 3734 3729 3717 3711 3721 3735 3748 3759 3769 3761 3759 3775 3776 3773 3792 3838 3829 3825 3826 3832 3831 3836 3831 3827 3822 3821 3824 3824 3836 3848 3855 3863 3868 3868 3862 3850 3839 3830 3825 3835 3842 3833 3842 3825 3805 3788 3782 3792 3807 3834 3845 3847 3810 3802 3804 3806 3801 3792 3778 3755 3754 3755 3755
3668 3674 3680 3683 3691 3688 3680 3686 3696 3698 3697 3693 3702 3720 3724 3724 3724 3724 3725 3722 3712 3708 3711 3710 3718 3725 3736 3748 3749 3746 3744 3757 3760 3756 3763 3791 3790 3775 3801 3829 3840 3828 3831 3833 3832 3835 3836 3845 3849 3851 3850 3852 3852 3848 3847 3837 3829 3823 3824 3838 3859 3856 3860 3831 3809 3796 3797 3812 3823 3831 3839 3818 3785 3780 3804 3804 3789 3776 3760 3755 3753 3752 3753
3669 3672 3679 3681 3684 3687 3680 3689 3692 3696 3711 3720 3714 3716 3721 3722 3718 3722 3723 3721 3719 3715 3716 3719 3721 3724 3728 3734 3736 3733 3735 3744 3750 3757 3756 3764 3762 3758 3780 3807 3822 3835 3831 3832 3832 3833 3836 3851 3854 3849 3842 3834 3823 3827 3826 3821 3817 3814 3812 3833 3858 3875 3872 3835 3813 3801 3822 3827 3840 3831 3831 3797 3773 3763 3771 3773 3773 3768 3760 3759 3751 3751 3753
3676 3683 3684 3683 3684 3687 3681 3693 3703 3708 3715 3716 3717 3720 3722 3734 3730 3731 3729 3726 3726 3729 3727 3727 3728 3727 3728 3727 3727 3732 3735 3738 3743 3741 3737 3735 3750 3764 3767 3764 3781 3813 3831 3836 3837 3829 3828 3849 3854 3842 3831 3818 3795 3785 3796 3803 3807 3810 3810 3825 3841 3859 3863 3842 3816 3798 3804 3817 3827 3830 3819 3782 3769 3767 3766 3759 3761 3761 3757 3751 3751 3752 3754
3679 3678 3688 3686 3685 3686 3686 3688 3705 3713 3705 3695 3714 3715 3711 3723 3744 3744 3739 3734 3735 3740 3744 3741 3738 3736 3732 3729 3730 3739 3741 3742 3743 3737 3732 3738 3752 3763 3763 3751 3750 3801 3823 3835 3839 3821 3826 3837 3833 3825 3815 3807 3793 3766 3779 3793 3802 3812 3821 3826 3834 3847 3875 3846 3817 3803 3804 3814 3792 3778 3772 3772 3770 3768 3758 3755 3756 3755 3753 3751 3751 3752 3754
3681 3692 3694 3686 3685 3687 3688 3698 3700 3700 3702 3700 3699 3700 3694 3710 3757 3754 3746 3739 3737 3742 3748 3748 3746 3744 3736 3731 3731 3741 3747 3749 3741 3733 3732 3743 3757 3771 3770 3756 3756 3767 3793 3819 3840 3820 3814 3807 3799 3799 3797 3792 3783 3778 3780 3788 3798 3810 3821 3830 3840 3852 3845 3822 3803 3793 3812 3830 3784 3771 3774 3774 3766 3764 3759 3755 3755 3754 3752 3750 3750 3752 3753
3679 3682 3684 3684 3685 3687 3689 3702 3692 3696 3697 3690 3689 3686 3684 3712 3752 3752 3746 3740 3733 3740 3747 3751 3748 3745 3738 3733 3728 3742 3749 3754 3741 3738 3734 3748 3757 3765 3760 3748 3755 3763 3776 3785 3777 3806 3787 3771 3768 3777 3779 3775 3766 3780 3782 3785 3791 3797 3804 3811 3829 3850 3845 3807 3788 3775 3776 3784 3780 3776 3780 3776 3766 3764 3761 3757 3755 3755 3752 3748 3748 3748 3751
3674 3679 3681 3683 3684 3685 3686 3691 3695 3688 3692 3691 3688 3682 3679 3705 3734 3740 3741 3739 3732 3751 3771 3759 3748 3740 3738 3738 3738 3737 3750 3754 3738 3739 3738 3752 3756 3755 3752 3755 3759 3771 3781 3774 3766 3786 3777 3771 3771 3771 3770 3767 3769 3777 3780 3781 3783 3784 3789 3794 3812 3828 3821 3797 3780 3771 3772 3776 3787 3787 3784 3787 3776 3763 3761 3760 3757 3757 3761 3748 3747 3748 3750
3676 3678 3677 3678 3679 3682 3680 3698 3695 3686 3687 3691 3695 3683 3678 3711 3719 3726 3734 3740 3755 3758 3768 3755 3741 3736 3738 3738 3732 3741 3751 3754 3742 3744 3751 3754 3756 3757 3763 3756 3758 3775 3785 3777 3774 3773 3778 3777 3774 3772 3770 3765 3766 3773 3775 3776 3778 3782 3790 3795 3807 3814 3798 3785 3779 3776 3780 3791 3786 3794 3784 3778 3768 3762 3760 3758 3757 3755 3750 3751 3749 3748 3749
3676 3684 3686 3675 3676 3680 3686 3689 3692 3685 3696 3694 3695 3684 3680 3699 3700 3709 3722 3735 3712 3734 3746 3738 3727 3728 3735 3740 3731 3733 3746 3759 3754 3763 3763 3758 3755 3754 3758 3759 3766 3776 3789 3776 3768 3764 3758 3773 3781 3779 3774 3769 3769 3769 3771 3771 3773 3781 3798 3814 3807 3804 3785 3773 3779 3779 3778 3778 3778 3786 3778 3771 3768 3764 3763 3762 3759 3754 3752 3754 3752 3750 3747
3681 3689 3686 3679 3681 3683 3690 3689 3693 3686 3686 3693 3684 3683 3683 3696 3690 3696 3704 3701 3694 3705 3715 3719 3714 3722 3736 3747 3751 3742 3749 3761 3778 3779 3769 3759 3751 3746 3737 3745 3761 3764 3758 3764 3769 3772 3769 3784 3791 3787 3782 3775 3769 3772 3769 3767 3767 3771 3795 3819 3797 3771 3770 3777 3782 3782 3780 3778 3777 3776 3775 3772 3770 3768 3767 3766 3761 3754 3751 3752 3752 3752 3747
