real_craters/C090-1000m.grd
DSAA
36 36
-17.49 17.49
-17.49 17.49
10698.93068382 12120.339633378
11629.1 11634.1 11640.7 11657.8 11673.8 11672.9 11665.9 11667.5 11681.8 11701.7 11702.8 11712.1 11704.5 11705.7 11705.6 11704.9 11708.2 11712.1 11715.2 11719.2 11724.6 11738.9 11747.1 11745.2 11748.6 11751.7 11760.9 11756.7 11751.3 11754.7 11763.6 11740.1 11706.9 11700.9 11696.8 11693.5 
11632.7 11641.1 11646 11665.9 11685.3 11680.4 11675.7 11672.4 11687.4 11689.9 11701 11702.9 11703.7 11707.5 11710.3 11714.1 11715.2 11716.4 11720.2 11725.5 11729.7 11735 11735.6 11739.7 11737.9 11746.9 11760.4 11756.1 11751.9 11750 11747.5 11731.6 11712.9 11711.4 11711.6 11714.8 
11633.8 11649.8 11662.4 11673.5 11685.2 11686 11691.1 11698.4 11701.3 11702.6 11699.2 11702.5 11705 11712.6 11717.1 11719.5 11723 11724.6 11724.4 11727.2 11734.4 11735.5 11736.7 11733.2 11739.1 11743.5 11747 11752.2 11753.5 11751.1 11760.2 11741.8 11726.4 11729.8 11732.4 11741.5 
11641.7 11658.7 11677.9 11683.7 11683.1 11695.2 11701.9 11713.3 11715.7 11714.1 11711.7 11707.1 11722 11722.4 11727.8 11733 11734.1 11733.4 11730.6 11733.9 11739.1 11739.3 11737.5 11737.4 11743.4 11741.1 11742.2 11752 11765.6 11781 11787.5 11752.6 11742.1 11744.4 11750.7 11758.2 
11649.5 11662.8 11686.6 11700 11702 11692.8 11704.7 11712.7 11736.9 11734.2 11730.6 11721.5 11723.9 11730.3 11737.8 11743.3 11748.2 11748.9 11744.3 11741.1 11741.2 11749.6 11745.4 11743.9 11745 11745.1 11745.3 11753.9 11771.6 11791.8 11798.3 11793 11761.2 11756.9 11759.1 11766.3 
11668.7 11691.1 11701.5 11702.1 11700.6 11698.1 11707.7 11727.8 11736.3 11727 11719.7 11722.7 11729.3 11742.6 11751.4 11761.8 11769.5 11774.7 11773.1 11776 11789.7 11772.2 11752.3 11751.5 11751.7 11751.5 11747.2 11752.5 11768.2 11788.1 11807.8 11795.8 11772.1 11767.5 11769.7 11773 
11690.1 11702.7 11699.6 11695.8 11693 11694.6 11704.9 11718.1 11729.7 11720.7 11718.7 11728.1 11741.1 11760.6 11772.4 11790.4 11806.6 11814.6 11815.5 11817.6 11820.6 11797.8 11769.1 11766.7 11760.5 11751.4 11744.4 11750.4 11771.6 11788.6 11806.2 11800.8 11778.7 11779.6 11782.7 11783.9 
11696.7 11694.1 11689.7 11683.2 11679.4 11686.8 11697.1 11706.8 11720.2 11719 11733.6 11751.5 11760.9 11789.2 11804.9 11823.1 11843.9 11859.9 11874.4 11870.4 11848.4 11822.4 11804 11795.7 11779.3 11760.6 11751.6 11754.5 11772.1 11788.7 11805.5 11805.4 11792.8 11794.7 11795.8 11796.2 
11695.4 11693.3 11681.9 11677.1 11677.8 11685.6 11694.2 11698.5 11704.8 11725 11739.8 11755.6 11790.8 11822.7 11823.8 11827.6 11834.6 11872 11905.7 11933.8 11903.7 11881.9 11836.8 11818.6 11810.7 11778.4 11765.5 11761.8 11771.2 11786.2 11798 11807.7 11813.1 11811.3 11809.7 11809.7 
11697.6 11678.4 11677.8 11681 11692.7 11693.2 11700.6 11706.3 11711.3 11729.1 11748.7 11785.3 11832.8 11863.7 11906 11774 11722.9 11784.5 12039.2 11954 12004.4 12037.7 11958.1 11912 11859.7 11815.2 11784.1 11769.1 11770 11779.3 11792.8 11810.7 11822.8 11823.5 11821.4 11820.2 
11695.5 11686.8 11687.7 11692.4 11691.4 11697.5 11709.4 11724.9 11734.1 11761.8 11775.7 11838.2 11859.8 11774.4 11592 11526 11482 11492 11530.6 11669.7 11854.9 11997.7 12100.1 12067.6 11954 11855.5 11805.7 11783.7 11776.1 11776 11788.1 11808.2 11827.7 11826.3 11826.6 11828.3 
11707.6 11701.1 11695.1 11701.9 11692.5 11698.7 11708.3 11724.3 11717.3 11749.2 11878.7 11872.6 11659.4 11358.2 11268.7 11235.3 11193.7 11149.6 11176.5 11289.7 11409.4 11531.8 11822.9 11990.8 11971.9 11915.1 11833.5 11790.5 11781.6 11782.9 11782.7 11796.1 11809.2 11819.7 11826.2 11831.8 
11714.2 11689.6 11692 11706.4 11696.7 11695.7 11697.7 11696.4 11721.7 11776.9 12019.9 11740.7 11328.3 11170.1 11075.3 11017.9 10966.6 10884.4 10848.2 10983 11079.9 11200.4 11487.5 11836.6 11928 11946.8 11856.8 11802 11787.2 11773.7 11774.7 11786.2 11797.7 11810.4 11821.7 11831.3 
11713.7 11697.3 11697.1 11700.1 11696 11694.2 11694.6 11701.5 11740 11836.9 11870.3 11536.9 11148.3 10991.5 10888.1 10859.5 10811.7 10747.4 10734.7 10813.9 10900.2 11044.4 11237.9 11513.9 11794.6 11913.2 11888.6 11835.7 11806.2 11786.6 11778 11782.8 11791.7 11804.9 11818.9 11831 
11716.6 11708.8 11701 11685.2 11688.7 11697.3 11694.5 11704.7 11806 11958.2 11586.6 11316.3 11045.7 10849.7 10787.5 10768.5 10740 10700.5 10698.9 10734.3 10793.8 10875.3 11040.2 11318.7 11627.9 11831.8 12030.4 11878.6 11813.1 11794 11780.5 11784.7 11793.3 11804.6 11819.1 11832.4 
11714.3 11703.4 11700.4 11718.8 11709 11707.5 11699.9 11724.1 11889.6 11960.8 11468 11174.1 10920.7 10819.1 10768.5 10750.2 10731.5 10716 10713.1 10729.6 10757.3 10802.1 10961.1 11276.5 11570.6 11765.5 11960 11869.5 11811.4 11797.4 11788.7 11792.2 11797.5 11807.2 11822.4 11835 
11729 11722.7 11733.2 11726 11720.4 11722 11714.9 11754.3 11942.8 12007.8 11447.4 11129.2 10898.7 10815.8 10774.4 10751.5 10747.5 10782.1 10759.1 10743.9 10755.4 10784.7 10931.7 11275.9 11573.9 11761.3 11879.5 11854.9 11796.9 11798.9 11799.5 11802.6 11811.5 11820.7 11827.8 11838.4 
11729.2 11734.6 11742.4 11724.2 11731.5 11735.5 11737 11778.7 11938.1 11960 11445.9 11140.8 10894.7 10810.8 10777.6 10756.3 10742.8 10717.3 10761 10794.7 10801.9 10799.7 10931.6 11263.1 11566.1 11713.9 11899.8 11849.3 11789.3 11794.8 11804.3 11808.4 11816.2 11824 11832 11840.9 
11728.8 11735.3 11738.7 11745.4 11744.6 11746.3 11742.4 11762.2 11894.5 12014.7 11571.5 11232.5 10932.7 10815.9 10775.2 10763.3 10759.9 10762.3 10806.5 10863.4 10900.7 10886.2 10954.9 11253.4 11495.7 11706.5 11913.8 11894.1 11785.1 11785.4 11797.3 11807.7 11817.4 11820.4 11834.7 11840.8 
11716 11729.4 11730.8 11750.4 11752.4 11755.8 11759.1 11768.5 11858.1 12120.3 11801.3 11401.7 11020.2 10852.2 10796.3 10786.8 10787.3 10817.5 10865.3 10936 11020.5 11066 11035.5 11288.6 11484.1 11794.4 11989 11897.9 11813 11787.8 11789.4 11803.8 11818.8 11835.2 11836.1 11836.2 
11721.8 11728.1 11740.5 11741.1 11751.1 11757.6 11764.9 11775.9 11850.1 12096.8 11952.4 11550.3 11156 10908.9 10856.4 10843.6 10838.4 10851 10919.2 10984.3 11040.1 11062.3 11161.4 11396.5 11622.8 11937.3 12039.5 11893.7 11887.9 11807.8 11797.6 11806.3 11819.3 11829.8 11831.4 11828.4 
11723.9 11732.2 11740.4 11738.7 11747.9 11755.5 11778.2 11787.2 11856.8 11948.4 11941.6 11651.9 11330.6 11029 10971.6 10953.2 10937.1 10945.9 11007.1 11053 11057.8 11089.9 11247.6 11534.9 11721.5 11962.7 12023.1 11874.3 11832.4 11808.8 11808.5 11811.7 11819.1 11828 11826.7 11821.4 
11711.4 11726.2 11741.3 11747 11746.2 11748.3 11758.2 11767.2 11829.7 11900 11914.5 11731.6 11484.4 11232.4 11148.9 11116.6 11089 11090.1 11129.4 11167.2 11204 11231.9 11372.3 11582.6 11859.6 12014.2 11924.6 11867.2 11830.2 11829.7 11827.2 11823.7 11819.4 11812.5 11809.3 11813.9 
11737.7 11739.7 11740.1 11745 11744.1 11738.1 11735.4 11753.1 11813.9 11876 11909.7 11822.5 11635.8 11423.6 11336.9 11317.4 11302.1 11291.3 11293 11298.2 11331.8 11353 11497.8 11720.6 11981.5 12054.1 11908.8 11861 11850.6 11851.4 11842 11833.2 11822.8 11812.5 11809.2 11813.7 
11757.8 11758.8 11750.5 11746.3 11749.3 11743.5 11753.2 11759 11799.9 11842.7 11891.5 11924 11971.9 11709.9 11599.4 11523.8 11529.6 11497.5 11464.6 11452.6 11422.3 11515.6 11729.9 11997.2 12009.1 11990.7 11926.8 11850.3 11847.2 11855.9 11848.7 11840 11830.3 11820.1 11814.4 11818.6 
11746.6 11754.5 11768.6 11776.2 11767.4 11763.4 11768.4 11768.1 11769.5 11809.2 11871.1 11921 11973.5 11985.3 11805.8 11616.7 11540.4 11597.2 11632.7 11668.4 11690 11823.7 11921.7 11990 11959.1 11893.2 11864.2 11854 11823.7 11851 11849.2 11843.1 11836.5 11829 11823.6 11826.5 
11753.1 11771.9 11775.2 11790.7 11784.7 11782.3 11782.3 11782.3 11791.6 11804.1 11822.1 11852.4 11879.5 11944.6 11913.5 11901.5 11913.5 11791.3 11783.2 11856 11995.5 11961.7 11918.3 11888.9 11886.4 11852 11831.6 11820.8 11816.1 11832.4 11845.7 11845.2 11840.7 11836.8 11833.6 11836.7 
11741 11761.6 11778.3 11807 11789.3 11785.4 11778.5 11783.2 11799.9 11797.8 11802.6 11815.4 11830.3 11846.7 11852.2 11864.3 11875.3 11854.2 11841.5 11869.1 11892.7 11902.3 11884.5 11862.5 11845.4 11827.3 11824 11838.9 11835.7 11843.3 11850.6 11848.1 11843.9 11839.6 11836 11842.1 
11709.1 11745.5 11765.3 11775.4 11783 11793.4 11779.8 11773.5 11774.6 11789.6 11802.9 11808.4 11816.4 11826.6 11831.6 11820 11825.4 11839.5 11847.8 11847.9 11893.6 11874 11848.6 11831.5 11834.2 11827 11827.9 11837.7 11838.3 11851.5 11857.4 11852.7 11844.6 11834.3 11822.8 11835 
11689.1 11739 11758.7 11775.6 11780.2 11786.4 11787.8 11783.5 11794.2 11792.1 11788 11799.1 11811 11815 11807.5 11789.7 11799.7 11823 11838.7 11846.8 11838.2 11843.7 11835.1 11839.5 11840.1 11837.6 11845.9 11853.3 11860.7 11866.4 11869.6 11860 11846.9 11832.2 11817.9 11831.1 
11669.4 11732.5 11734.1 11766.5 11775.5 11776.3 11787.9 11795.5 11801.1 11798.3 11798.6 11801.4 11809.8 11813.7 11806.6 11796.3 11803.3 11821.8 11838.8 11848.9 11841.9 11843.4 11841.9 11850.3 11853.3 11856.6 11865.8 11878.4 11878.7 11888.6 11884.8 11864.8 11847.8 11833.3 11823.7 11834.9 
11673.3 11692.9 11730.5 11754.7 11777.3 11779.9 11794.2 11799.7 11801 11803.1 11805 11806.1 11820.2 11828 11830.8 11824.7 11825.8 11837.8 11851.4 11863.2 11854.4 11855.2 11856.1 11860.8 11863.2 11865.2 11874.3 11885.1 11884.2 11889.8 11879.9 11860.9 11844.9 11833.1 11828.2 11840.9 
11661.3 11682.3 11717.2 11736 11760.5 11778.6 11784.3 11786.3 11794.5 11806.7 11823.8 11849.7 11840.7 11843.5 11850.7 11849.2 11848.6 11851.9 11857.4 11862.6 11866 11864.7 11878.1 11870.8 11869.3 11869.9 11876.6 11861.4 11869.9 11872.8 11859.1 11848.4 11838.3 11830.5 11827.1 11837.1 
11660.9 11670.4 11698.9 11725 11732.2 11758.5 11767.7 11769.8 11784.5 11804.2 11826 11835.3 11845.3 11851.8 11859.3 11863.4 11865.3 11860.9 11862 11861.6 11852.7 11850.7 11847.6 11855.2 11855.9 11843.4 11841.7 11840.5 11861.2 11853.7 11841.1 11834.1 11829.8 11827.5 11825.3 11832.1 
11669.4 11681.6 11710.9 11729.6 11746.8 11754.2 11757.1 11756.8 11770.8 11793.6 11819.8 11848.6 11843.1 11851.5 11865.2 11876.1 11859.1 11857.1 11858.7 11858 11848.5 11846.9 11843.6 11836.7 11834.6 11849.3 11846.2 11841.9 11842.2 11836.4 11822.9 11822 11822.7 11822 11822.8 11826.3 
11697.2 11727.7 11759.1 11736.7 11714.4 11722.5 11735.1 11734.7 11754.5 11775.3 11800.6 11815.9 11826.3 11839.7 11855.4 11864.7 11848.1 11848.4 11851.1 11838.6 11823.7 11829.7 11833.8 11827.6 11828.1 11837.7 11836.3 11834.9 11833.5 11827 11816.5 11815.5 11817.5 11819.7 11821.2 11824.6 
