real_craters/C090-300m.grd
DSAA
205 205
-30.6075 30.6075
-30.6075 30.6075
2884.614657136 4211.8593518914
[rows 60 to 89 of 205, columns 0 to 66 of 205]
3699.95 3700.08 3699.95 3701 3702.99 3703.98 3704.19 3704.66 3705.85 3707.56 3709.69 3709.74 3711.6 3713.53 3715.69 3718.8 3721.37 3724.55 3727.98 3731.17 3735 3738.65 3742.56 3745.97 3749.54 3754.1 3758.44 3763.88 3770.32 3778.06 3785.99 3792.52 3793.36 3791.88 3790.61 3790.4 3791.04 3792.59 3795.49 3796.15 3788.44 3777.75 3776.48 3776.02 3772.83 3768.94 3764.25 3761.4 3760.28 3760.7 3762.87 3765.76 3765.57 3766.33 3768.25 3768.5 3766.89 3767.32 3769.35 3771.58 3775.04 3779.07 3783.88 3791.43 3796.69 3799.81 3816.25
3701.78 3700.26 3699.01 3699.66 3701.28 3702.81 3703.68 3704.88 3706 3707.21 3709.26 3709.92 3711.98 3713.41 3715.62 3718.04 3721.08 3723.78 3726.93 3729.69 3733.31 3736.65 3740.83 3744.89 3749.62 3753.95 3759.37 3766.37 3774.61 3783.94 3795.54 3808.15 3806.83 3800.23 3796.2 3793.9 3792.19 3792.56 3793.57 3793.51 3784.64 3777.97 3777.05 3779.61 3779.54 3771.87 3766.51 3763.41 3762.37 3762.9 3765.81 3770.14 3770.78 3770.53 3769.48 3768.31 3767.69 3765.48 3766.61 3769.89 3774.11 3779.38 3785.15 3792.87 3797.99 3805.37 3817.84
3702.31 3698.45 3698.1 3699.6 3701.08 3702.6 3703.07 3703.62 3704.46 3706.38 3708.63 3709.78 3712.08 3713.84 3715.4 3717.84 3719.82 3722.39 3726.23 3728.96 3732.25 3735.1 3738.33 3742.42 3747.1 3751.92 3759.24 3767.08 3776.19 3785.56 3796.18 3807.28 3806.99 3802.14 3797.93 3794.58 3792.76 3790.6 3788.49 3787.55 3787.09 3777.79 3774.06 3774.17 3774.53 3769.02 3765.68 3763.56 3762.73 3762.6 3764.62 3769.06 3773.05 3773.64 3771.15 3768.08 3765.4 3761.44 3764.14 3768.83 3773.92 3779.63 3785.71 3789.63 3796.75 3802.51 3818.16
3703.31 3699.12 3697.81 3698.41 3700.82 3702.64 3702.4 3702.38 3702.79 3705.64 3708.24 3709.75 3711.49 3714.02 3715.73 3717.85 3720.57 3723.15 3726.64 3729.08 3731.85 3733.86 3736.05 3738.22 3740.9 3747.99 3757.62 3767.05 3776.46 3784.5 3790.6 3794.77 3799.25 3799.84 3797.8 3794.67 3791.08 3786.64 3781.94 3776.55 3774.23 3773.55 3768.65 3761.07 3759.84 3763.06 3763.42 3763.34 3762.24 3761.29 3759.77 3763.23 3775.49 3776.52 3772.9 3767.5 3759.73 3760.37 3763.16 3768.93 3774.96 3779.62 3783.08 3782.96 3794.19 3807.62 3818.24
3703.46 3701.12 3698.82 3697.56 3699.02 3700.72 3701.53 3702.22 3703.38 3705.69 3708.2 3709.36 3711.85 3714.6 3716.79 3719.46 3721.16 3723.54 3726.15 3728.53 3731.68 3733.5 3734.89 3735.6 3736.98 3745.16 3756.84 3767.82 3777.54 3784.62 3787.73 3788.13 3794.67 3797.83 3797.24 3794.55 3789.77 3784.37 3777.11 3767.57 3773.31 3772.04 3767.33 3759.97 3758.25 3761.06 3762.59 3763.13 3763.05 3762.02 3760.02 3762.46 3767.73 3775.23 3775.66 3771.97 3764.96 3757.89 3764.13 3771.8 3778.19 3782.79 3784.1 3788.66 3792.87 3803 3815.66
3703.35 3700.05 3697.13 3696.26 3697.36 3699.55 3700.76 3702 3703.97 3705.63 3708 3709.23 3712.23 3714.99 3717.77 3720.61 3722.55 3725.33 3727.23 3729.91 3732.94 3734.94 3736.6 3736.69 3736.26 3745.25 3759.2 3770.77 3780.71 3788.39 3792.76 3794.17 3797.02 3797.93 3796.6 3793.76 3790.08 3784.72 3778.9 3771.69 3776.64 3774.32 3770.23 3767.18 3763.62 3762.18 3762.83 3763.92 3765.35 3765.95 3766.31 3771.22 3781.41 3780.81 3781.24 3781.7 3781.72 3776.82 3774.41 3779.41 3785.42 3790.83 3796.25 3800.55 3787.94 3796.32 3812.84
3701.54 3698.38 3695 3695.45 3696.73 3698.54 3700.12 3701.3 3702.62 3705.05 3707.73 3709.6 3712.27 3715.36 3718.31 3721.26 3724.94 3727.11 3730.12 3732.15 3735.16 3738.08 3740.76 3742.87 3744.51 3753.29 3766.27 3776.53 3785.95 3794.09 3801.19 3804.25 3801.69 3799.31 3796.55 3793.39 3790.23 3786.98 3785.01 3784.73 3783.75 3776.48 3771.22 3768.04 3764.64 3762.83 3763.12 3764.88 3767.56 3770.99 3776.16 3778.63 3782.89 3783.67 3785.97 3790.45 3796.8 3794.43 3786.2 3790.18 3795.52 3800.32 3803.82 3804.25 3798.76 3802.46 3814.13
3700.66 3698.85 3696.68 3696.67 3697.03 3698.2 3699.52 3700.61 3702.3 3704.57 3707.6 3709.83 3712.9 3716.03 3719.15 3722.55 3725.83 3728.8 3732.12 3734.89 3738.64 3742.24 3747.14 3753.21 3761.21 3770.06 3776.65 3783.18 3790.58 3797.87 3804.47 3806.59 3803.59 3799.85 3796.23 3793.02 3790 3788.17 3787.88 3788.43 3782.27 3773.8 3767.94 3764.76 3762.08 3761.28 3762.85 3765.49 3768.96 3773.09 3777.41 3777.13 3777.44 3781.14 3786.67 3793.74 3801.98 3803.93 3798.59 3802.72 3806.97 3810.23 3812.74 3811.66 3809.13 3813.08 3817.36
3700.16 3699.5 3699.39 3697.43 3696.67 3697.68 3699.05 3700.05 3701.29 3703.69 3706.66 3710.3 3713.58 3717.08 3720.01 3723.13 3725.89 3729.72 3733.44 3737.28 3741.69 3746.44 3753.08 3761.82 3773.46 3782.58 3784.63 3787.36 3792.34 3798.84 3804.67 3805.39 3802.32 3798.3 3794.5 3790.93 3788.58 3786.06 3785.34 3779.49 3771.54 3766.69 3760.78 3757.46 3756.53 3757.63 3760.19 3763.76 3768.17 3772.53 3774.53 3770.83 3768.91 3777.03 3784.71 3792.61 3799.55 3803.64 3811.38 3814.95 3819.24 3822.93 3824.11 3827.65 3831.37 3821.14 3819.25
3697.23 3698.19 3698.85 3696.97 3695.76 3696.88 3698.99 3700.22 3701.09 3703.3 3707.01 3711.48 3714.89 3717.93 3720.75 3723.79 3727.19 3730.49 3734.4 3738.42 3743.17 3748.85 3755.99 3765.12 3776.52 3785.73 3785.84 3786.34 3789.53 3795.12 3802.41 3801.78 3797.7 3794.12 3790.78 3787.57 3784.65 3780.99 3778.4 3776.88 3767.88 3760.22 3751.84 3747.71 3750.19 3753.6 3757.2 3761.29 3766.03 3770.93 3773.74 3770.11 3769.35 3774.1 3782.15 3790.75 3798.43 3806.29 3819.98 3824.04 3829.11 3837.05 3844.46 3845.74 3841.31 3821.6 3818.16
3696.07 3697.31 3697.89 3696.12 3694.25 3697.42 3700.33 3701.65 3702.79 3704.8 3709.22 3713.06 3716.32 3719.03 3721.88 3724.8 3727.25 3730.16 3733.72 3737.79 3742.78 3748.64 3755.45 3763.27 3771.86 3779.27 3779.8 3780.48 3782.34 3785.15 3788.86 3790.31 3789.78 3788.23 3786.27 3783.29 3779.46 3774.79 3768.19 3767.62 3763.59 3756.58 3747.61 3742.63 3747.17 3751.02 3754.42 3758.14 3762.03 3766.86 3769.77 3764.28 3764.66 3770.93 3779.81 3789.75 3799.62 3810.25 3821.77 3827.61 3832.22 3840.04 3848.89 3854.78 3845.48 3819.27 3814.67
3695.07 3696.6 3697.47 3697.14 3698.22 3699.38 3702.14 3704.59 3706.99 3709.59 3713.3 3715.86 3718.15 3720.23 3722.19 3724.58 3727.48 3730.53 3733.54 3737.33 3741.71 3746.38 3751.7 3757.42 3762.2 3765.05 3768.31 3771.22 3773.28 3773.98 3772.3 3777.41 3780.5 3781.06 3780.17 3778.29 3775.61 3771.23 3763.41 3758.85 3760.42 3756.7 3752.5 3749.2 3748.99 3750.49 3752.58 3754.58 3756.68 3757.98 3757.36 3753.84 3757.84 3767.22 3777.6 3788.48 3799.74 3811.98 3823.62 3826.75 3828.55 3831.38 3840.32 3851.12 3836.03 3820.34 3811.61
3694.37 3696.18 3696.58 3697.18 3699.06 3701.14 3704.53 3708.53 3712.14 3716.62 3717.97 3718.88 3719.92 3721.23 3723.14 3724.95 3727.52 3730.27 3733.17 3736.54 3739.83 3743.7 3747.58 3750.94 3752.98 3753.24 3757.34 3762.09 3764.96 3766.69 3768.12 3770.18 3772.23 3773.3 3773.33 3773.53 3772.52 3771.66 3770.43 3768.03 3761.34 3757.57 3756.7 3754.24 3751.49 3750.83 3751.03 3751.24 3751.18 3750.53 3748.58 3745.3 3753.42 3764.67 3776 3787.33 3798.42 3809.19 3818.03 3822.77 3823.02 3820.57 3827.37 3832.16 3820.53 3811.2 3806.91
3693.64 3695.27 3696.24 3697.2 3699.01 3702.19 3708.5 3710.7 3714.72 3719.96 3720.03 3719.85 3720.86 3722.18 3722.98 3724.93 3727.49 3729.4 3732.09 3734.98 3737.77 3740.8 3743.65 3745.94 3747.19 3747.68 3750.94 3755.27 3757.96 3760.57 3762.94 3763.99 3765.18 3766.22 3766.75 3767.25 3768.42 3770.47 3774.03 3766.83 3758.53 3755.28 3753.62 3753.06 3751.91 3750.66 3749.71 3748.47 3746.83 3745.29 3745.01 3747.17 3754.68 3765.64 3776.73 3787.11 3797.15 3805.2 3813.23 3819.91 3821.35 3820.48 3823.5 3826.38 3814.51 3803.08 3800.17
3692.98 3694.65 3695.22 3696.07 3697.5 3700.85 3703.47 3710.52 3714.31 3716.45 3718.03 3719.39 3720.32 3721.79 3723.33 3725.17 3727.29 3728.39 3730.82 3733.83 3736.61 3738.41 3740.55 3742.27 3743.73 3746.07 3748.6 3750.28 3752.1 3753.45 3755.26 3757.45 3758.8 3759.63 3759.5 3760.23 3761.28 3762.97 3763.86 3748.52 3750.42 3751.8 3751.5 3752.26 3752.33 3751.56 3750.22 3748.15 3745.12 3741.52 3744.39 3749.03 3758.91 3768.64 3778.59 3788.46 3798.17 3807.73 3814.93 3819.73 3822.39 3823.08 3821.62 3819.26 3807.06 3794.75 3791.63
3691.74 3692.74 3693.78 3695.19 3697.77 3702.87 3709.5 3712.8 3714.49 3715.3 3717.02 3718.52 3719.89 3721.11 3722.58 3724.42 3726.5 3728.6 3730.64 3732.85 3734.9 3735.64 3737.44 3739.02 3740.29 3741.78 3743.09 3745.84 3747.86 3749.48 3750.34 3752.24 3753.04 3753.27 3752.15 3752.15 3751.6 3750.57 3746.17 3738.97 3743.41 3749.58 3755.39 3754.36 3753.27 3753.01 3752.24 3750.59 3747.74 3744.71 3751.46 3761.37 3766.07 3773.19 3781.59 3790.52 3799.86 3810.53 3823.78 3828.82 3821.71 3819.31 3818.06 3809.88 3802.09 3792.19 3785.93
3690.28 3691.6 3692.71 3694.6 3700.36 3707.53 3711.62 3714.01 3715.1 3716.54 3717.65 3717.84 3718.64 3719.8 3721.52 3723.15 3725.23 3727.14 3729.04 3731.03 3732.79 3734.35 3735.66 3736.33 3737.46 3738.1 3739.33 3742.35 3744.32 3747.75 3749.06 3747.81 3747.43 3746.75 3745.97 3744.07 3741.53 3738.56 3735.27 3734.22 3737.19 3744.05 3751.56 3752.41 3752.96 3753.77 3754.67 3755.02 3754.85 3755 3760.51 3767.75 3772.03 3777.42 3784.4 3791.94 3799.74 3806.88 3813.48 3820.94 3814.44 3810.53 3816.59 3820.69 3800.83 3787.25 3783.62
3688.98 3691.1 3692.04 3692.19 3698.86 3707.12 3709.57 3712.55 3714.18 3715.27 3716.02 3716.12 3716.96 3718.2 3719.63 3721.72 3723.78 3725.54 3727.46 3729.25 3730.73 3732.05 3733.13 3734.05 3735.11 3736.58 3739.83 3739.62 3739.97 3740.88 3742.71 3743.66 3743.43 3742.53 3740.46 3737.64 3733.03 3728.33 3723.98 3724.52 3730.14 3735.42 3740.42 3746.95 3751.33 3755.09 3758.42 3761.19 3763.91 3766.24 3769.28 3772.31 3776.08 3780.72 3786.5 3792.9 3799.22 3804.23 3806.72 3810.75 3810.07 3807.86 3813.07 3814.62 3801.5 3797.28 3795.58
3688.08 3690.44 3692.06 3693.49 3695.9 3697.09 3705.45 3710.09 3712.36 3713.22 3714.31 3713.35 3714.09 3715.81 3717.96 3719.73 3721.81 3723.63 3725.51 3727.2 3728.66 3729.83 3730.67 3731.31 3732.03 3732.77 3734.29 3734.4 3736.1 3737.74 3739.19 3740.14 3740.06 3739.29 3737.05 3733.64 3727.79 3718.88 3710.81 3718.99 3726.26 3731.99 3737.5 3744.17 3750.51 3756.5 3762.22 3767.84 3773.11 3775.42 3775.68 3776.64 3778.62 3783.09 3788.36 3793.93 3799.73 3805.41 3810.68 3813.38 3812.7 3811.93 3808.91 3802.08 3794.74 3786.58 3788.04
3687.52 3690.45 3692.89 3694.32 3696.23 3700.13 3705.6 3711.11 3710.1 3708.69 3707.62 3707.54 3710.2 3712.55 3715.12 3717.34 3719.76 3722.39 3724.26 3725.49 3727.02 3728.13 3728.89 3729.2 3729.06 3727.84 3723.36 3728.03 3732.97 3737.36 3737.34 3737.55 3737.46 3736.86 3735.72 3733.63 3729.44 3723.23 3720.91 3724.21 3727.33 3730.07 3735.65 3742.92 3750.29 3757.58 3764.96 3772.71 3781.02 3783.87 3772.01 3773.84 3780.33 3785.53 3790.51 3795.44 3800.7 3806.42 3811.47 3808.26 3808.33 3807.63 3807.57 3802.66 3788.51 3777.32 3779.15
3687.23 3690.7 3693.65 3695.47 3697.48 3699.88 3705.14 3708.03 3707.73 3703.79 3698.34 3702.14 3706.79 3710.41 3713.35 3715.19 3717.28 3719.84 3721.78 3723.84 3726.1 3727.27 3727.11 3727.72 3727.9 3727.71 3728.7 3729.23 3729.15 3731.57 3733.34 3734.99 3736.13 3736.68 3736.42 3735.9 3735.46 3736.95 3739.35 3733.69 3732.11 3732.9 3736.31 3743.19 3750.61 3758.42 3766.56 3774.49 3781.3 3784.17 3779.51 3779.91 3783.19 3787.26 3791.06 3795.02 3799.06 3803.47 3809.07 3812.45 3802.25 3797.3 3796.44 3792.63 3785.13 3781.51 3786.16
3687.68 3691.48 3694.34 3696.78 3698.12 3702.58 3704.44 3708.49 3707.09 3704.18 3701.55 3703.52 3706.68 3709.51 3711.98 3714.56 3716.87 3718.79 3720.36 3722.19 3723.91 3725.68 3727.01 3727.81 3728.37 3729.13 3729.99 3729.09 3726.88 3725.19 3730.15 3733.46 3735.15 3736.33 3737.42 3738.65 3740.26 3743.79 3744.82 3738.82 3735.68 3737.81 3740.04 3744.19 3751.07 3759.04 3767.2 3775.23 3780.31 3784.49 3790.08 3787.26 3787.23 3788.99 3791.15 3793.3 3795.57 3797.76 3798.85 3801.71 3796.47 3789.63 3785.79 3784.75 3783.23 3779.46 3788.99
3688.81 3694.19 3698.76 3702.89 3704.77 3700.33 3701.35 3705.56 3707.38 3707.02 3707.03 3707.17 3708.11 3710.03 3712.01 3713.91 3716.24 3718.97 3720.97 3723.05 3724.89 3726.1 3727.04 3728.07 3728.92 3729.82 3730.28 3729.82 3728.22 3729.45 3731.19 3733.83 3735.57 3736.82 3738.05 3739.29 3741.8 3744.81 3742.98 3738 3734.12 3732.73 3737.11 3743.42 3750.79 3758.86 3767.35 3776.16 3786.8 3788.64 3787.25 3789.42 3790.57 3791.77 3792.37 3792.7 3793.39 3792.28 3788.68 3786.51 3788.5 3783.08 3782.19 3783.66 3787.31 3792.68 3804.64
3690.47 3697.53 3705.51 3707.87 3706.78 3704.71 3704.63 3707.58 3709.43 3710.05 3709.92 3709.77 3709.9 3710.16 3711.76 3713.97 3716.18 3718.03 3720.34 3722.59 3724.69 3726.88 3728.44 3729.66 3730.6 3730.99 3730.27 3728.66 3729.44 3730.67 3733.69 3735.97 3737.45 3737.83 3738.48 3739.32 3739.87 3740.27 3737.1 3734.81 3731.52 3729.79 3734.85 3742.67 3750.55 3758.49 3766.73 3774.53 3779.48 3785.36 3788.24 3791.07 3793 3793.81 3793.66 3793.16 3791.13 3788.52 3785.63 3786.26 3778.12 3773.83 3774.91 3783.22 3794.66 3806.94 3822.27
3692.15 3698.63 3705.48 3708.53 3709.32 3707.45 3708.07 3710 3712.48 3713.46 3713.04 3712.13 3710.89 3711.06 3712.12 3713.37 3715.51 3718.13 3720.58 3723.01 3725.31 3727.38 3729.42 3731.13 3732.55 3733.64 3734.22 3735.64 3737.03 3737.69 3738.3 3738.49 3738.65 3739.24 3739.33 3738.75 3737.34 3734.4 3734.06 3733.1 3731.22 3729.9 3736.03 3743.39 3750.91 3758.48 3766 3773.67 3782.59 3786.15 3789.68 3794.76 3796.51 3796.63 3795.14 3793.35 3790.44 3785.73 3780.56 3773.27 3766.49 3769.1 3770.04 3784.02 3800.93 3821.48 3836.67
3692.86 3698.01 3703.17 3705.28 3704.27 3706.34 3710.36 3716.12 3719.24 3716.85 3714.55 3712.72 3710.67 3710.39 3711.49 3712.98 3715.39 3718.04 3720.73 3723.44 3726 3728.87 3731.23 3733.35 3735.33 3737.18 3739.51 3744.04 3745.56 3745.2 3743.88 3742.93 3741.61 3740.43 3739.78 3739.14 3738.1 3734.49 3733.31 3733.6 3735.38 3737.96 3739.99 3745.3 3751.96 3759.06 3765.97 3772.82 3780.86 3794.29 3800.88 3801.85 3801.4 3799.91 3798.17 3794.88 3790.58 3785.66 3778.39 3770.98 3775.74 3770.9 3774.66 3785.67 3802.15 3818.97 3823.28
3693.22 3697.27 3700.18 3701.36 3702.71 3706 3712.34 3719.36 3723.45 3717.6 3712.53 3707.97 3707.54 3708.57 3710.86 3713.66 3716.81 3719.86 3722.74 3725.16 3728.16 3731.02 3733.82 3736.4 3738.9 3740.78 3742.7 3743.9 3747.52 3749.13 3748.14 3746.01 3744 3741.68 3739.49 3738.26 3739.34 3740 3734.67 3733.46 3735.59 3739.62 3742.37 3747.36 3754.01 3760.95 3767.73 3773.55 3781.85 3801.92 3810.7 3808.95 3807.33 3805.2 3802.28 3799.01 3794.73 3789.52 3783.79 3777.28 3769.15 3770.79 3773.33 3785.77 3799.67 3812.63 3819.5
3695.1 3699.36 3700.69 3700.34 3701.48 3704.33 3708.6 3714.77 3716.32 3715.77 3710.12 3704.73 3705.11 3707.43 3710.59 3713.62 3716.2 3719.11 3722.95 3726.6 3729.88 3732.91 3736.19 3739.41 3741.74 3744.46 3746.76 3746.51 3751.28 3754.47 3753.37 3750.45 3746.43 3742.32 3738.65 3735.44 3733.7 3732.2 3730.59 3730.33 3731.7 3735.19 3741.33 3748.46 3755.97 3763.92 3771.52 3778.41 3787.68 3801.21 3810.68 3812.7 3812.1 3810.17 3807.88 3804.83 3800.1 3795.79 3791.17 3786.98 3782.95 3777.55 3778.4 3787.06 3797.11 3805.89 3814.48
3703.77 3706.27 3705.96 3703.77 3703.97 3705.46 3711.85 3717.08 3721.76 3715.85 3709.81 3704.52 3704.61 3707.91 3710.63 3713.49 3716.24 3719.43 3722.79 3726.24 3729.91 3734.16 3737.97 3741.92 3746.37 3750.61 3754.78 3760.78 3764.34 3762.78 3759.44 3755.01 3750.03 3744.25 3737.96 3731.53 3725.38 3724.09 3725.27 3726.19 3728.36 3733.09 3740.37 3748.71 3757.98 3767.71 3777.39 3786.01 3795.82 3806.33 3813.58 3816.05 3815.58 3814.52 3812.13 3809.21 3805.83 3802.26 3797.27 3792.78 3788.13 3783.6 3782.8 3788.65 3795.57 3799.47 3800.37
3715.2 3716.26 3715.78 3714.79 3714.44 3714.45 3717.9 3718.96 3716.79 3715.71 3711.11 3705.44 3706.1 3709.51 3711.66 3714.26 3717.22 3720.37 3724.04 3727.65 3731.46 3735.85 3740.07 3744.35 3749.57 3754.61 3761.15 3770.23 3774.94 3770.35 3765.26 3759.63 3753.52 3746.41 3738.8 3729.77 3722.31 3721.3 3721.87 3723.36 3725.25 3731.06 3739.62 3749.54 3760.12 3771.96 3784.75 3797.16 3808.53 3820.28 3820.58 3819.15 3817.64 3815.9 3813.3 3811.64 3809.36 3806.39 3803.36 3797.26 3791.26 3784.11 3784.6 3791.51 3798.37 3800.63 3798.16
