real_craters/C090-500m.grd
DSAA
123 123
-30.6075 30.6075
-30.6075 30.6075
2885.1758674754 4214.3294064427
[rows 90 to 119 of 123, columns 0 to 66 of 123]
3679.14 3673.33 3673.98 3680.36 3691.79 3702.45 3700.57 3704.68 3706.63 3704.42 3708.62 3709.64 3710.52 3713.15 3719.17 3726.59 3736.66 3751.25 3758.94 3766.11 3755.83 3719.72 3708.75 3715.86 3729.13 3758.11 3757.2 3754.3 3750.54 3747.17 3745.06 3746.9 3761.9 3762.65 3761.2 3765.23 3780.28 3797.29 3812.77 3825.65 3832.95 3858.02 3851.05 3847.3 3845.43 3850.71 3849.76 3842.59 3833.26 3824.86 3815.31 3805.31 3809.27 3815.05 3816.26 3820.67 3824.23 3826.25 3827.61 3827.71 3829.73 3831.86 3830.46 3822.96 3817.46 3813.18 3812.39
3674.56 3669.68 3669.75 3674.61 3678.55 3675.15 3687.09 3692.16 3695.65 3701.87 3707.75 3705.93 3705.22 3711.16 3715.36 3721.52 3731.69 3746.37 3775.7 3768.44 3750.38 3725.1 3721.89 3740.04 3753.41 3750.24 3752.69 3750.92 3747.15 3744.16 3742 3744.45 3748.15 3754.65 3758.59 3763.46 3771.81 3784.92 3799.73 3809.74 3801.84 3803.16 3817.04 3818.87 3814.81 3822.09 3836.46 3836.36 3832.45 3827.22 3822.65 3819.63 3818.13 3817.47 3822.83 3825 3828.16 3830.05 3831.39 3831.13 3830.16 3837.63 3834.62 3828.82 3823.17 3817.58 3816.44
3671.16 3672.22 3674.96 3675.73 3677.3 3680.55 3684.88 3688.99 3689.48 3696.46 3702.82 3704.17 3707.13 3709.59 3710.05 3712.62 3720.33 3739.59 3754.31 3759.92 3750.79 3738.28 3741.77 3759.39 3763.41 3752.09 3750.77 3748.34 3744.87 3741.91 3738.49 3740.4 3748.38 3745.67 3744.97 3750.7 3759.95 3771.63 3782.26 3788.05 3790.4 3793.76 3799.35 3797.66 3786.54 3805.37 3825.33 3829.02 3829.18 3828.61 3829 3825.96 3819.77 3818.6 3825.86 3829.39 3831.95 3834.45 3836.49 3838.17 3837.91 3834.49 3834.19 3827.55 3821.69 3820.61 3820.39
3670.69 3673.5 3675.74 3676.89 3677.65 3680.83 3683.48 3685.65 3688.75 3692.01 3696.23 3701.41 3706.8 3706.99 3705.14 3702.63 3701.09 3706.94 3732.45 3751.06 3746.98 3738.03 3742.91 3772.58 3771.18 3753.72 3749.64 3746.77 3743.61 3740.28 3738.46 3739.82 3742.78 3734.93 3727.35 3733.58 3747.3 3759.91 3771.1 3777.06 3779.23 3786.9 3791.99 3787.76 3771.45 3794.89 3813.31 3817.8 3822 3824.92 3827.36 3826.73 3818.73 3822.85 3829.43 3834.09 3836.06 3838.96 3840.64 3842.08 3836.47 3828.17 3828.24 3825.45 3823.61 3821.19 3824.45
3671.02 3673.76 3675.32 3674.02 3676.57 3679.37 3681.9 3683.69 3682.7 3696.37 3695.5 3702.03 3709.08 3705.49 3701.05 3695.66 3692.61 3703.88 3728.88 3742.04 3741.04 3735.27 3739.51 3768.6 3770.66 3755.81 3748.71 3744.33 3740.83 3739.1 3740.6 3735.95 3729.41 3724.15 3720.86 3725.79 3737.24 3749.76 3760.16 3768.59 3774.57 3784.43 3782 3769.04 3757.91 3781.99 3796.39 3806.21 3812.53 3818.02 3820.43 3824.72 3827.25 3826.93 3833.33 3837.98 3838.37 3839.16 3840.73 3841.11 3835.34 3831.76 3826.84 3824.53 3820.72 3816.74 3810.91
3671.02 3673.23 3672.33 3673.43 3676.3 3679.3 3681.49 3681.99 3679.93 3687.2 3693.75 3704.65 3710.72 3705.49 3699.79 3693.55 3689.9 3705.66 3726.37 3727.01 3733.55 3738.63 3748.97 3761.16 3764.51 3755.14 3746.03 3740.38 3736.72 3733.76 3729.86 3729.04 3724.11 3716.96 3708.99 3717.67 3729.64 3742 3753.16 3761.29 3768.29 3772.61 3768.95 3763.05 3763.13 3769.26 3783.18 3794.21 3801.23 3810.13 3825.84 3830.35 3829.17 3827.65 3834.81 3837.21 3838.34 3838 3838.98 3837.91 3837.87 3833.25 3829.57 3824.02 3818.39 3813.85 3808
3669.32 3671.04 3671.16 3674.99 3677.58 3679.59 3681.93 3683.65 3682.21 3677.51 3684.33 3699.53 3704.77 3708.03 3700.2 3692.75 3688.94 3701.61 3716.72 3717.44 3727.64 3739.69 3753.58 3755.97 3751.15 3744.77 3739.37 3735.4 3732.85 3731.08 3726.97 3730.14 3725.54 3715.77 3711.63 3715.68 3725.25 3736.78 3748.69 3755.64 3760.94 3764.07 3771.42 3768.93 3760.86 3764.9 3779.95 3784.2 3786.76 3791.43 3803.68 3821 3839.81 3839.01 3835.8 3836.28 3833.04 3833.19 3834.68 3834.11 3834.62 3836.97 3831.4 3826.45 3821.62 3817.58 3812.82
3668.69 3672.87 3674.97 3677.09 3679.39 3680.73 3680.27 3685.04 3683.34 3678.33 3686.31 3697.97 3701.76 3705.29 3699.65 3693.59 3691.02 3691.76 3703.48 3715.45 3724.58 3733.44 3740.13 3747.11 3729.48 3731.02 3731.13 3729.87 3728.29 3728.39 3732.55 3727.79 3721.05 3714.6 3713.12 3715.49 3722.38 3731.34 3740.94 3748.47 3755.81 3764.16 3766.14 3758.09 3755.26 3759.47 3770.49 3772.95 3771.07 3766.92 3764.57 3796.01 3826.98 3826.32 3821.87 3822.84 3819.78 3824.48 3831.49 3832.45 3830.35 3836.88 3832.03 3829.79 3828.26 3825.6 3823.81
3668.31 3672.82 3676.39 3679.42 3681.43 3684.69 3690.09 3688.74 3686.07 3679.45 3684.27 3689.09 3696.36 3700.01 3697.95 3695.87 3692.63 3689.79 3703.72 3718.65 3722.26 3725.48 3726.35 3726.52 3725.59 3724.69 3725.69 3725.39 3723.72 3719.88 3713.83 3711.19 3712.19 3710.17 3708.89 3714.9 3720.03 3725.46 3732.15 3740.31 3748.28 3754.43 3750.33 3749.05 3741.75 3749.76 3759.04 3762.06 3760.89 3756.35 3754.44 3771.38 3787.96 3796.69 3792.73 3779.59 3796.53 3812.81 3830.16 3841.94 3836.05 3824.06 3830.09 3831.24 3832.36 3832.09 3831.58
3668.01 3669.3 3675.85 3679.89 3681.19 3684.39 3687.56 3688.36 3687.48 3681.57 3682.28 3689.53 3692.47 3690.21 3698.81 3703.81 3703.8 3712.74 3712.03 3716.34 3720.2 3721.49 3719.67 3719.23 3717.26 3720.77 3722.51 3722.7 3721.1 3717.63 3712.04 3707.45 3710.67 3714.33 3716.34 3717.02 3719.86 3722.28 3724.81 3732.7 3738.98 3744.11 3740.79 3740.63 3736.41 3740.63 3748.62 3753.67 3755.04 3757.61 3761.4 3767.61 3779.89 3776.61 3769.38 3764.04 3777.43 3797.87 3819.71 3834.31 3836.87 3830.56 3830.34 3831.7 3833.85 3833.76 3833.5
3670.45 3671.99 3676.97 3679.49 3678.98 3682.24 3683.98 3686.15 3686.2 3679.29 3690.3 3688.66 3693.24 3693.05 3703.5 3715.58 3726.53 3719.29 3712.41 3713.23 3718.85 3721.5 3722.75 3726.01 3722.5 3722.83 3723.4 3723.52 3722.47 3721.43 3719.83 3717.97 3717.33 3718.2 3719.85 3721.37 3722.33 3723.22 3725.34 3728.81 3731.2 3731.84 3735.66 3731.28 3729.45 3736.44 3742.21 3745.71 3749.37 3753.06 3754.29 3747.16 3750.95 3757.25 3757.73 3756.86 3768.27 3782.82 3797.85 3810.69 3819.09 3827.31 3829.12 3831.86 3830.86 3829.11 3832.73
3675.06 3680.15 3683.34 3683.37 3683.28 3682.92 3683.78 3685.95 3687.63 3679.6 3690.24 3700.52 3701.77 3703.85 3709.41 3717.29 3723.61 3714.33 3717.77 3718.97 3719.89 3722.97 3729.07 3732.51 3729.8 3730.47 3729.04 3728.1 3726.38 3724.78 3725.9 3726.6 3726.28 3724.35 3725.48 3726.91 3727.46 3726.37 3726.44 3727.94 3727.63 3725.67 3727.74 3730.17 3731.42 3735.56 3736.57 3742.05 3743.86 3742.84 3740.29 3735.85 3734.69 3745.97 3754.18 3762.98 3767.59 3768.54 3768.52 3777.17 3795.44 3812.8 3826.64 3832.72 3835.39 3837.08 3834.23
3677.64 3680.32 3682.87 3684.96 3684.67 3684.32 3684.96 3686.3 3687.02 3683.57 3686.8 3695.91 3703.06 3708.94 3710.94 3709.02 3702.32 3698.78 3717.01 3720.02 3717.27 3719.16 3728.52 3730.84 3737.23 3738.45 3736.83 3734.49 3731.11 3728.75 3732.11 3736.65 3736.47 3737.36 3735.72 3734.58 3733.81 3735.17 3732.85 3729.81 3727.89 3726.09 3727.15 3735.95 3738.45 3737.98 3738.12 3741.96 3741.2 3737.91 3735.08 3734.95 3737.04 3744.78 3754.7 3763.38 3765.34 3760.33 3751.41 3753.83 3775.23 3811.38 3828.55 3832.07 3837.67 3842.75 3835.26
3679.27 3680.29 3682.12 3692.32 3688.89 3685.75 3685.31 3685.98 3686.49 3685.81 3686.69 3695.82 3706.8 3711.63 3711.14 3702.45 3695.82 3699.6 3718.03 3714.73 3709.08 3707 3711.18 3736.22 3747.87 3747.97 3744.61 3739.89 3735.75 3734.29 3737.01 3740.25 3743.73 3747.69 3744.62 3741.58 3739.01 3734.93 3734.3 3732.27 3730.17 3729.93 3731.7 3737.35 3741.81 3742.75 3743.29 3745.18 3741.05 3737.08 3733.26 3732.62 3738.17 3747.09 3756.83 3764.36 3765.91 3760.96 3753.63 3749.01 3755.88 3790.95 3811.14 3821.77 3833.54 3844.18 3834.15
3681.31 3686.73 3694.98 3694.9 3688.9 3684.99 3685.25 3686.48 3687.45 3687.26 3689.31 3704.17 3701.15 3702.15 3702.32 3702.1 3699.33 3699.18 3701.71 3702.38 3698.46 3695.49 3700.15 3740.04 3756.79 3754.05 3749.11 3743.77 3739.15 3735.47 3737.86 3741.46 3745.01 3750.03 3748.63 3746.49 3744.4 3742.51 3738.19 3734.37 3731.46 3730.24 3732.55 3740.11 3744.06 3747.06 3748.1 3747.54 3739.38 3734.7 3732.26 3733.21 3741.42 3750.97 3760.74 3770.17 3774.05 3764.61 3756.43 3754.37 3757.61 3767.77 3782.99 3804.77 3822.26 3838.92 3831.53
3680.99 3685.42 3690.71 3688.55 3685.09 3683.01 3684.96 3686.42 3687.91 3689.53 3695.6 3694.28 3689.5 3694.52 3697.47 3699.58 3694.41 3691.45 3692.95 3691.52 3688.8 3688.01 3700.06 3749.77 3759.66 3755.39 3749.92 3745.28 3740.81 3737.3 3733.3 3737.41 3742.74 3744 3748.99 3748.82 3747.8 3747.61 3741.56 3736.36 3732.35 3728.24 3728.22 3738.99 3745.26 3750.22 3754.92 3744.02 3738.51 3733.5 3733.02 3738.86 3745.77 3753.34 3761.58 3770.28 3777.1 3761.57 3753.28 3755.11 3759.01 3765.13 3777.82 3789.04 3799.89 3804.62 3808.25
3678.12 3680.19 3680.78 3682.05 3683.12 3684.48 3685.4 3686.85 3687.5 3691.1 3700.9 3700.95 3695.03 3693.38 3696.69 3696.27 3695.4 3691.33 3689.74 3685.48 3682.36 3683.63 3700.52 3736.35 3748.49 3750.3 3747.87 3744.65 3741.04 3736.97 3731.82 3739.13 3748.19 3751.54 3753.23 3750.63 3746.06 3742.06 3740.39 3737.67 3734.98 3732.7 3734.9 3740.11 3744.66 3751.01 3752.93 3745.16 3740.05 3739.2 3733.45 3740.13 3748.81 3754.19 3758.62 3760.76 3755.42 3751.8 3746.23 3749.96 3756.31 3763.6 3770.16 3779.56 3779.69 3770.89 3780.35
3674.63 3677.91 3681.5 3681.18 3681.8 3684.01 3684.54 3685.81 3685.27 3686.46 3693.17 3688.08 3694.38 3691.18 3684.14 3693.84 3692.86 3690.74 3687.29 3683.43 3679.59 3679.7 3694.31 3725.56 3736.89 3740.97 3741.97 3741.16 3739.59 3737.86 3731.86 3745.67 3762.51 3767.51 3759.85 3752.38 3745.52 3739.92 3738.98 3738.04 3736.88 3738.29 3736.22 3735.86 3745.03 3751.31 3753.66 3745.11 3737.9 3738.5 3735.53 3745.41 3751.48 3754.52 3756.26 3755.31 3751.42 3753.59 3753.47 3753.71 3759.87 3770.27 3782.5 3779.25 3773.87 3766.69 3772.32
3674.73 3676.97 3676.65 3677.52 3679.51 3681.3 3681.48 3681.33 3681.77 3681.91 3687.01 3695.52 3695.65 3688.66 3684.33 3687.66 3688.17 3692.63 3691.57 3684.61 3678.95 3678.08 3697.39 3724.96 3725.74 3730.74 3734.62 3737.18 3736.55 3736.67 3744.57 3754.48 3769.73 3772.53 3760.93 3750.49 3744.02 3740.92 3738.41 3738.33 3738.4 3737.76 3729.32 3739.02 3748.36 3752.12 3753.32 3744 3737.16 3739.69 3747.09 3749.25 3752.78 3755.08 3755.81 3756.31 3758.29 3761.22 3755.5 3750.44 3762.52 3773.35 3779.26 3780.68 3776 3772.9 3775.67
3676.13 3678.24 3679.74 3679.32 3676.1 3675 3677.15 3679.9 3680.99 3681.06 3686.35 3703.72 3691.31 3684.17 3690.51 3686.86 3689.54 3694.61 3693.55 3686.32 3680.31 3679.33 3697.18 3717.36 3715.87 3719.83 3726.2 3733.66 3743.02 3746.99 3753.27 3752.67 3762.44 3762.63 3753.32 3743.27 3734.7 3732.88 3735.08 3736.8 3737.59 3735.53 3731.66 3736.13 3746.76 3751.45 3755.14 3751.83 3743.79 3746.78 3751.56 3754.23 3755.08 3755.71 3755.61 3756.92 3761.19 3769.35 3759.65 3751.52 3765.36 3776.18 3783.57 3783.7 3777.75 3772.26 3767.75
3675.7 3681.03 3685.92 3685.05 3676.06 3673.73 3675.73 3678.7 3681.74 3686.24 3688.63 3691.46 3690.09 3684.97 3687.79 3695.94 3692.7 3699.3 3694.03 3686.3 3681.2 3681.23 3694.53 3704.01 3701.73 3707.75 3716.09 3724.8 3735.4 3728.06 3717.57 3732.52 3745.92 3746.72 3740.5 3732.79 3726.95 3727.23 3731.74 3736.25 3739.37 3737.78 3727.29 3731.68 3741.55 3750.06 3758.11 3761.4 3755.98 3761.27 3763.02 3760.32 3757.53 3756.37 3755.01 3754.29 3755.94 3764.27 3760.28 3763.27 3768.36 3776.6 3787.06 3784.62 3776.1 3769.94 3766.53
3676.61 3684.14 3688.13 3686.59 3677.27 3676.18 3677.84 3680.22 3682.84 3687.84 3689.76 3689.3 3691.65 3684.51 3683.57 3688.02 3695.96 3688.36 3687.11 3684.23 3681.76 3681.69 3691.14 3694.85 3691.1 3697.53 3705.27 3710.63 3710.23 3701.01 3697.82 3710.77 3719.49 3726.16 3726.13 3722.17 3718 3722.59 3730.24 3737.67 3743.76 3747.15 3729.23 3727.43 3733.01 3749.38 3760.48 3770.01 3774.62 3775.7 3768.96 3763.1 3759.05 3755.12 3751.97 3748.69 3744.45 3738.2 3747.08 3761.91 3766.52 3769.99 3773.67 3771.91 3769.12 3768.26 3766.39
3688.08 3691.62 3689.58 3684.59 3682.44 3683.08 3685.5 3686.22 3689.17 3693.4 3690.89 3689.91 3689.7 3688.45 3690.13 3694.28 3696.42 3687.67 3682.13 3682.28 3682.76 3684.56 3690.21 3691.91 3689.28 3692.85 3697.79 3700.53 3696.08 3693.03 3692.98 3698.83 3711.26 3711.99 3715.48 3715.47 3713.59 3720.83 3730.12 3739.3 3747.96 3755.46 3765.78 3755.9 3755.26 3751.69 3757.06 3769.58 3773.7 3777.95 3780.23 3768.31 3759.37 3752.56 3748.48 3744.08 3740.7 3740.76 3745.88 3754.21 3761.55 3761.19 3754.7 3751.61 3761.31 3767.76 3773.25
3709.67 3702.95 3693.85 3684.2 3684.06 3688.03 3691.84 3691.75 3694.61 3697.99 3701.08 3692.31 3689.81 3689.64 3693.04 3699.19 3685.35 3674.62 3678.2 3681.8 3684.99 3687.31 3689.88 3689.91 3690.14 3691.3 3693.65 3697.07 3701.11 3692.73 3691.43 3693.66 3695.46 3704.73 3710.47 3715.29 3718.99 3724.11 3731.63 3740.53 3750.63 3761.58 3772.18 3761.51 3749.27 3744.21 3742.9 3738.99 3734.23 3759.01 3775.1 3764.38 3755.08 3748.55 3743.72 3740.96 3740.76 3747.81 3751.63 3762.79 3761.01 3757.95 3752.25 3751.51 3758.19 3766.82 3776.69
3722.31 3711.51 3699.15 3689.4 3688.06 3690.98 3692.17 3693.01 3692.58 3699.03 3702.41 3695.64 3690.57 3689.2 3691.79 3683.54 3679.29 3677.78 3679.8 3683.39 3687.64 3693.98 3688.57 3689.14 3688.67 3688.47 3689.57 3692.06 3695.28 3695.17 3695.07 3696.6 3699.98 3703.75 3709.07 3714.46 3720.03 3725.31 3731.67 3738.85 3747.61 3756.56 3756.51 3742.8 3732.66 3729.54 3729.28 3725.97 3720.61 3728.68 3743.12 3750.11 3747.28 3743.56 3738.91 3736.23 3736.21 3740.28 3757.63 3762.06 3761.8 3758.99 3755.4 3753.25 3758.86 3763.53 3768.32
3723.95 3713.83 3701.65 3692.6 3691.18 3692.54 3693.56 3697.41 3697.42 3701.08 3700.21 3705.29 3694.5 3688.2 3690.7 3678.38 3677.48 3681.38 3684.69 3687.19 3687.8 3687.14 3693.7 3690.24 3686.32 3684.26 3685.09 3686.76 3689.64 3700.94 3699.53 3698.91 3700.92 3703.83 3708.57 3714.28 3718.81 3723.82 3728.82 3733.77 3737.6 3742.1 3740.18 3728.54 3718.32 3718.98 3720.67 3720.82 3721.94 3720.77 3732.86 3737.89 3738.38 3736.44 3733.29 3731.31 3733.53 3756.23 3774.13 3766.12 3763.52 3761.55 3761.39 3765.15 3761.3 3759.3 3757.67
3724.42 3707.59 3700.23 3697.69 3695.89 3696.12 3704.59 3704.13 3701.89 3691.38 3693.55 3692.25 3692.02 3696.72 3675.55 3685.07 3688.59 3691.13 3693.33 3694.01 3695.26 3697.66 3697.74 3690.24 3683.45 3679.57 3681.85 3685.29 3691.43 3699.53 3699.65 3698.67 3700.05 3703.58 3707.37 3711.86 3717.37 3721.36 3725.75 3729.22 3729.38 3727.46 3723.56 3715.87 3713.76 3714.71 3716.28 3716.98 3716.02 3718.01 3722.88 3728.32 3730.64 3730.47 3729.2 3728.73 3732.15 3758.55 3773.04 3768.92 3765.42 3762.97 3762.25 3762.53 3758.34 3754.85 3752.52
3672.62 3687.03 3695.31 3697.95 3701.3 3705.85 3710.48 3707.37 3701.78 3695.57 3693.13 3685.93 3679.32 3676.71 3705.84 3715.93 3710.74 3708.55 3704.66 3700.33 3698.85 3698.95 3695.04 3687 3680.83 3677.13 3679.34 3683.21 3687.56 3692.36 3697.35 3700.22 3701.76 3703.66 3705.55 3707.09 3711.4 3717.18 3722.29 3726.49 3728.24 3720.71 3713.33 3710.01 3711.79 3713.78 3715.41 3717.42 3718.82 3719.32 3720.29 3723.74 3726.49 3727.94 3727.39 3727.72 3730.12 3745.76 3754.79 3763.23 3763.53 3761.61 3758.51 3754.21 3752.61 3751.56 3749.7
3695.87 3692.18 3695.79 3701.09 3708.56 3723.2 3720.31 3711.8 3704.13 3701.58 3695.97 3683.12 3671.91 3685.62 3720.49 3737.9 3741.06 3730.46 3713.82 3701.54 3694.88 3688.16 3683.71 3680.98 3676.95 3674.02 3677.39 3682.14 3686.47 3691.23 3696.78 3700.73 3703.16 3703.97 3704.22 3705.64 3708.91 3713.66 3718.55 3722.94 3726.81 3717.43 3711.76 3710.21 3711.47 3713.34 3715.92 3717.58 3719.36 3722.48 3720.49 3722.63 3725.1 3726.96 3728.56 3730.7 3734.94 3748.74 3757.89 3763.05 3764.12 3760.9 3757.99 3753.6 3751.72 3750.78 3749.06
3694.13 3694.27 3698.41 3707.93 3729.61 3735.48 3726.22 3715.78 3708.03 3707.02 3710.75 3700.62 3682.73 3715.02 3744.2 3747.05 3750.07 3735.44 3716.33 3697.49 3679.99 3674.64 3675.71 3676.47 3675.46 3675.09 3677.32 3681.36 3684.3 3689.41 3697.36 3703.04 3704.97 3704.28 3703.28 3702.08 3706.08 3710.72 3714.53 3717.41 3718.06 3716.55 3714.15 3713.35 3713.78 3715.17 3717.77 3720.34 3720.38 3721.01 3721.88 3725.06 3728.65 3731.98 3734.53 3738.31 3741.93 3755.33 3764.3 3766.88 3767.88 3765.87 3762.64 3758.61 3755.65 3753.06 3748.62
