real_craters/C090-500m.grd
DSAA
123 123
-30.6075 30.6075
-30.6075 30.6075
2885.1758674754 4214.3294064427
[rows 30 to 59 of 123, columns 0 to 66 of 123]
3706.28 3708.17 3710.16 3709.13 3708.75 3710.7 3712.59 3714.57 3717.83 3719.82 3722.1 3724.26 3726.6 3727.95 3728.95 3728.57 3729.12 3729.98 3732.56 3740.21 3746.6 3753.07 3762.2 3769.75 3771.35 3765.04 3769.11 3769.95 3770.03 3770.21 3770.88 3768.87 3766.48 3766.03 3772.55 3775.86 3776.86 3777.56 3779.44 3783.36 3785.75 3788.2 3790.84 3799.33 3807.64 3812.36 3812.88 3819.99 3825.61 3831.47 3838.71 3847.4 3847.08 3855.24 3855.66 3855.63 3855.89 3853.74 3856.99 3861.75 3884.8 3890.37 3876.62 3868.17 3861.06 3855.09 3849.06
3703.8 3707.14 3708.8 3708.22 3707.9 3709.85 3711.48 3714.95 3717.8 3720.94 3723.55 3724.22 3725.35 3724.37 3725.07 3727.4 3728.6 3728.69 3728.91 3730.02 3740.62 3753.81 3766.68 3778.85 3785.64 3777.07 3772.27 3773.68 3768.44 3768.49 3771.88 3777.03 3773.27 3772.84 3773.33 3772.33 3770.77 3771.09 3779.08 3787.2 3793.34 3796.34 3796.84 3808.54 3817.34 3824.25 3831.88 3836.41 3837.38 3840.67 3846.13 3849.99 3858 3861.95 3859.72 3858.15 3856.22 3854.29 3860.35 3873.97 3874.29 3876.5 3870.47 3863.85 3858.37 3852.37 3846.33
3705.17 3706.6 3707.75 3707.6 3708.27 3709.65 3711.33 3714.71 3717.72 3721.19 3724.42 3726.36 3726.52 3726.08 3728.28 3731.14 3731.65 3730.1 3727.06 3726.31 3737.33 3755.45 3772.72 3788.01 3798.33 3780.92 3764.54 3758.61 3759.3 3762.24 3767.08 3773.82 3776.36 3775.27 3774.43 3771.42 3767.61 3763.6 3772.44 3783.35 3796.26 3810.6 3823.97 3824.84 3830.39 3837.23 3839.82 3846.9 3845.5 3846.07 3850.4 3859.92 3860.12 3861.27 3860.11 3855.21 3848.56 3847.31 3850.07 3863.23 3865.09 3863.32 3861.86 3857.74 3852.19 3846.32 3841.15
3705.92 3704.61 3704.8 3706.61 3707.77 3709.06 3710.67 3713.07 3717.27 3720.48 3724.62 3727.96 3731.47 3735.16 3738.05 3739.77 3738.46 3736.14 3731.64 3728.31 3742.48 3761.52 3777.91 3790.24 3795.58 3775.14 3752.95 3743.99 3750.56 3755.51 3759.88 3766.45 3782.37 3778.04 3774.58 3772.38 3769.52 3770.52 3775.87 3786.02 3804.2 3817.67 3827.27 3835.88 3840.98 3846.71 3852.9 3849.92 3847.71 3846.56 3846.03 3846.32 3866.1 3865.07 3861.54 3855.65 3850.94 3843.11 3843.46 3861.53 3860.61 3856.52 3858.24 3856.32 3849.16 3842.73 3834.13
3703.67 3702.4 3705.12 3706.28 3706.08 3707.69 3709.66 3712.45 3715.81 3718.61 3724.06 3728.68 3734.7 3741.82 3749.89 3748.66 3747.74 3747.48 3745.87 3742 3756.2 3770.99 3783.41 3790.72 3786.88 3774.39 3753.88 3745.57 3749.65 3753.13 3756.06 3762.62 3772.82 3777.68 3778.1 3774.11 3771.45 3771.18 3782.11 3802.91 3817.42 3831.52 3840.48 3844.92 3847.95 3850.65 3852.48 3847.74 3848.4 3846.29 3843.94 3847.14 3856.83 3867.96 3863.53 3856.8 3848.86 3842.05 3836.96 3849.8 3852.65 3851.12 3854.29 3857.58 3859.68 3847.68 3830.76
3700.59 3701.31 3704.18 3705.59 3704.79 3706.55 3708.42 3711.45 3714.73 3718.58 3723.39 3729.9 3736.22 3743.77 3750.75 3753.72 3756.99 3762.31 3767.04 3770.34 3775.68 3782.37 3789.35 3795.07 3792.31 3777.53 3769.6 3760.41 3755.62 3755.46 3755.93 3758.37 3767.51 3775.74 3777.27 3774.26 3774.94 3782.31 3794.36 3806.52 3826.02 3844.06 3852.99 3852.93 3850.72 3849.56 3851.26 3855.22 3849.15 3847.21 3846.87 3850.33 3860.1 3866.15 3865.01 3859.91 3854.65 3851.16 3850.02 3849.51 3847.96 3850.38 3860.01 3868.23 3871.03 3863.72 3850.44
3700.29 3699.83 3701.36 3703.73 3704.54 3706.45 3709.72 3711.02 3714.31 3718.98 3723.84 3729.23 3735.1 3741.28 3746.97 3754.54 3763.03 3774.69 3789.22 3797.44 3793 3790.79 3792.61 3795.54 3785.29 3776.67 3776.3 3768.97 3762.47 3760.78 3764.42 3767.03 3767.93 3767.98 3765.96 3769.91 3775.63 3783.08 3796.34 3803.31 3831.41 3858.35 3863.33 3856.62 3849.79 3844 3842.76 3845.5 3845.09 3847.34 3853.19 3860.1 3865.41 3874.45 3866.93 3863 3858.71 3857.56 3862.62 3861.59 3835.63 3851.88 3870.69 3885.99 3899.49 3901.8 3875.65
3702.24 3697.93 3700.13 3702.6 3703.61 3705.21 3708.82 3710.87 3714.65 3717.65 3721.67 3727.3 3732.52 3737.73 3744.97 3752.82 3764.94 3779.89 3797.86 3808.94 3800.17 3794.19 3791.44 3788.65 3785.69 3775 3778.51 3769 3763.96 3762.52 3765.54 3772.27 3772.24 3767.79 3762.5 3766.73 3775 3784.99 3794.14 3806.11 3832.18 3858.22 3861.5 3854.73 3845.85 3836.19 3832.53 3837.77 3840.11 3845.66 3853.05 3862.79 3871.11 3867.44 3870.1 3865.17 3859.94 3855.65 3856.23 3857.65 3853.16 3865.05 3891.04 3914.77 3940.71 3970.95 4002.23
3703.42 3699 3698.65 3701.73 3702.14 3703.85 3708.24 3711.47 3714.83 3718.52 3722.67 3726.98 3731.44 3734.76 3736.86 3747.05 3764.77 3780.33 3788.43 3794.72 3798.33 3793.76 3786.23 3774.96 3772.48 3768.51 3754.3 3761.85 3763.05 3762.07 3757.59 3768.78 3775.23 3767.85 3758.17 3766.6 3777.12 3780.9 3786.57 3808.15 3829.31 3850.56 3853.61 3848.57 3840.32 3833.53 3829.38 3828.32 3835.14 3844.54 3855.55 3874.45 3882.92 3890.96 3877.33 3867.3 3858.13 3853.17 3859.16 3862.69 3858.59 3892.63 3925.74 3951.35 3975.67 4015.87 4082.71
3702.92 3697.36 3695.89 3699.34 3701.44 3704.19 3708.04 3711.58 3716.13 3720.1 3724.83 3728.58 3733.53 3737.01 3737.29 3747.2 3769.16 3785.49 3795.14 3797.77 3797.57 3793.46 3786.78 3777.27 3777.99 3771.51 3766.16 3762.45 3763.87 3766.42 3767.79 3780.67 3782.01 3784.16 3783.19 3778.97 3788.38 3796.75 3796.7 3800.13 3825.51 3841.91 3845.59 3841.43 3834.72 3823.53 3824.31 3825.56 3832.71 3844.01 3862.53 3886.61 3889.13 3879.07 3874.88 3871.94 3864.41 3860.86 3868.65 3875.11 3896.43 3943.6 3964.68 3974.34 3982.7 3991.45 4000.26
3700.69 3696.94 3696.75 3698.25 3700.3 3703.22 3707.76 3711.93 3717.13 3722.62 3727.78 3733.29 3738.58 3745.11 3754.75 3768.56 3780.66 3793.42 3804.98 3804.31 3798.31 3792.45 3788.52 3788.04 3781.69 3769.47 3763.93 3761.66 3765.07 3770.95 3778.74 3778.2 3783.99 3795.02 3804.71 3799.09 3806.33 3812.33 3808.61 3812.7 3823.93 3839.3 3837.55 3835.64 3833.34 3833.83 3828.22 3827.98 3832.31 3842.59 3849.7 3874.82 3876.05 3873.58 3876.34 3883.71 3893.04 3899.33 3898.22 3900.04 3983.37 4029.24 4011.3 3997.46 3984.06 3965.06 3935.93
3698.37 3699.16 3696.68 3697.23 3699.67 3701.53 3707.55 3713.46 3718.71 3723.87 3729.35 3735.45 3743.14 3753.02 3769.08 3785.59 3787.12 3793.78 3805.29 3801.07 3794.39 3789.35 3784.22 3781.33 3768.37 3757.14 3752.26 3755.7 3761.62 3769.58 3774.2 3769.09 3779.41 3792.95 3801.2 3818.88 3826.55 3838.46 3838.1 3821.01 3821.22 3827.45 3829.37 3830.58 3830.94 3828.58 3833.3 3831.46 3837.85 3849.79 3853.8 3848.99 3856.56 3860.86 3872.39 3900.04 3932.18 3951.78 3955.9 3990.33 4073.93 4068.94 4042.42 4010.78 3984.4 3962.57 3961.53
3695.82 3697.69 3695.34 3697.84 3701.78 3703.98 3709.92 3715.79 3720.35 3724.79 3729.1 3735.14 3742.98 3753.15 3765.37 3777.08 3778.21 3781.37 3783.84 3787.34 3786.23 3781.8 3774.95 3763.3 3761.89 3749.88 3745.25 3751.28 3756.64 3762.95 3767.17 3762.4 3774.59 3791.45 3808.89 3825.66 3832.99 3847.11 3855.07 3817.02 3812.06 3815.5 3821.09 3824.63 3827.63 3829.74 3839.47 3853.76 3867.06 3860.09 3853.73 3843.37 3851.24 3853.44 3870.12 3922.47 3971.08 4000.93 4000.12 4060.75 4139.38 4102.79 4058.03 4015.28 3980.19 3952.41 3938.45
3694.44 3696.58 3697.71 3701.06 3707.04 3713.27 3717.58 3719.78 3721.92 3725.08 3729.53 3734.58 3740.28 3746.97 3752.68 3754.24 3761.9 3766.59 3768.72 3772.6 3774.45 3773.9 3772.28 3768.88 3760.72 3756.66 3752.23 3750.8 3751.16 3751.52 3748.46 3751.68 3770.61 3789.42 3808.14 3821.73 3823.12 3826.69 3828.02 3811.06 3806.29 3808.59 3814.76 3822.09 3827.72 3833.55 3842.9 3853.89 3862.24 3865.16 3863.32 3859.51 3871.27 3878.2 3895.12 3961.67 4016.16 4036.09 4072.24 4105.54 4135.57 4097.61 4048.14 4010.25 3978.65 3950.74 3937.79
3693.31 3695.55 3697 3701.53 3709.03 3716.01 3719.1 3720.49 3722.51 3724.63 3728.3 3732.31 3736.84 3741.06 3744.32 3746.64 3751.62 3755.4 3759.04 3761.26 3762.56 3763.45 3766.5 3761.66 3754.01 3751.53 3752.21 3751.14 3748.65 3743.96 3744.17 3754.97 3772.31 3789.6 3804.71 3815.82 3821.95 3822.73 3817.53 3796.88 3798.54 3802.83 3810.7 3822.46 3834.21 3842.35 3846.26 3846.34 3844.35 3850.81 3867.75 3886.39 3913.05 3941.01 3974.56 4020.78 4058.12 4096.16 4094.04 4086.67 4087.32 4052.71 4012.21 3990.35 3976.15 3972.94 3978.86
3691.38 3693.09 3696.18 3704.55 3712.85 3715.08 3717.4 3719.19 3721.28 3724.19 3727.71 3731.01 3733.24 3736.25 3738.63 3740.47 3744.03 3748.13 3750.69 3751.82 3751.17 3750.04 3747.86 3738.39 3742.7 3755.6 3753.76 3753.31 3751.88 3747.49 3755.49 3766.84 3778.19 3792.55 3808.4 3830.58 3819.4 3817.65 3806.85 3790.16 3780.61 3789.85 3805.67 3823.53 3845.98 3858.1 3857.07 3851.09 3831.89 3852.5 3889.1 3924.61 3956.58 4003.65 4074.18 4058.13 4051.23 4028.81 3991.12 4007.91 4045.46 3980.56 3964.07 3951.78 3952.87 3966.8 4008.12
3689.07 3692.07 3693.28 3707.53 3712.07 3714.74 3716.19 3716.92 3719.11 3721.93 3725.13 3728.35 3731.02 3733.07 3734.65 3736.95 3739.81 3740.83 3743.31 3743.61 3741.86 3737.63 3730 3723.29 3731.39 3739.84 3749.5 3755.42 3760.26 3764.15 3768.81 3775.13 3783.36 3794.01 3803.67 3809.06 3809 3812.71 3807.82 3796.87 3780.49 3786.28 3801.98 3820.06 3842.2 3860.75 3872.92 3886.1 3903.36 3911.71 3939.47 3957.76 3974.93 4004.32 4037.92 4022.09 3997.85 3972.21 3960.18 3954.3 3975.65 3966.38 3910.56 3883.45 3891.5 3927.4 3941.93
3687.73 3691.99 3694.3 3698.62 3709.31 3711.05 3713.2 3711.35 3714.86 3718.96 3722.5 3725.3 3727.72 3729.2 3730.09 3729.43 3729.38 3735.94 3738.19 3738.3 3737.3 3732.46 3721.79 3717.53 3727.02 3737.16 3746.56 3757.99 3769.71 3780.77 3770.82 3778.52 3787.31 3796.12 3805.43 3814.05 3812.48 3809.05 3796.26 3779.81 3780.43 3792.24 3803.95 3814.63 3824.62 3852.64 3886.26 3924.83 3965.86 4012.71 4017.31 3979.15 3949.24 3947.15 3956.45 3908.89 3839.06 3820.62 3825.75 3816.67 3824.48 3820.08 3782.39 3765.3 3775.63 3807.47 3828.67
3687.26 3692.88 3695.95 3700.88 3707.18 3706.18 3698.1 3705.24 3711.21 3715.09 3718.3 3721.63 3725.07 3727.1 3728.31 3728.36 3730.77 3727.52 3732.31 3735.37 3736.49 3736.47 3738.79 3738.65 3733.37 3737.32 3746.88 3759.87 3773.34 3782.3 3783.21 3783.85 3789.28 3795.29 3801.6 3811.82 3798.43 3793.45 3787.09 3782.5 3794.61 3801.56 3809.07 3817.58 3832.46 3856.58 3893.81 3940.16 3994.29 3964.9 3927.19 3898.09 3863.28 3835.65 3803.96 3744.56 3665.02 3629.75 3611.97 3610.52 3620.22 3603.46 3593.23 3606.86 3624.13 3642.39 3677.04
3688.72 3696.98 3703.53 3700.1 3704.76 3707.27 3706.9 3707.6 3710.7 3714.02 3717.91 3721.79 3724.98 3726.65 3728.6 3729.81 3730.34 3728.81 3731.27 3735.11 3737.26 3739.57 3744.29 3740.83 3733.99 3736.4 3746.81 3760.05 3774.51 3789.63 3787.46 3790.02 3791.85 3793.06 3792.78 3786.39 3787.77 3782.34 3785.28 3793.49 3812.31 3814.1 3818.14 3827.16 3838.3 3859.49 3885.72 3915.46 3933.09 3877.11 3832.1 3786.85 3742.01 3695.82 3650.69 3581.8 3489.82 3445.91 3412.21 3409.15 3417.23 3410.56 3416.18 3443.24 3473.99 3496.54 3536.14
3691.59 3703.5 3709.01 3707.02 3708.29 3711.7 3711.94 3710.59 3711.25 3713.9 3717.11 3721.41 3725.21 3728.33 3730.75 3732.48 3731.39 3733.29 3736.53 3738.41 3738.54 3738.89 3736.68 3734.44 3730.82 3734.09 3746.7 3759.78 3772.35 3781.84 3788.8 3794.78 3794.73 3792.34 3787.58 3781.69 3765.51 3770.27 3791.53 3820.99 3827.02 3823.21 3829.95 3837.6 3844.02 3853.77 3862.89 3867.53 3862.96 3820.16 3721.18 3669.08 3610.71 3546.39 3472.68 3391.75 3321.11 3271.04 3229.84 3226.97 3238.63 3243.34 3251.38 3286.46 3327.12 3351.63 3388.58
3693 3700.83 3703.99 3706.28 3715.35 3719.89 3714.28 3710.14 3710.28 3713.53 3718.1 3722.13 3726.69 3731.17 3735.19 3738.35 3744.09 3747.09 3745.12 3743.04 3740.37 3739.17 3737.57 3733.63 3737.27 3740.63 3748.98 3760.61 3771.55 3788.68 3804.72 3802.9 3799.85 3794.86 3787.06 3775.16 3771.52 3773.06 3794.09 3819.45 3810.38 3822.5 3837.33 3850.01 3854.04 3846.97 3834.58 3814.21 3780.97 3719.78 3631.59 3570.31 3499.19 3410.46 3307.15 3207.87 3156.53 3113.44 3074.62 3078.77 3092.28 3094.2 3103.01 3144.52 3182.37 3202.6 3245.03
3694.82 3700.42 3700.6 3704.5 3712.86 3717.32 3709.97 3704.72 3708.56 3713.75 3718.65 3724.54 3730 3735.21 3740.47 3744.41 3746.71 3752.85 3752.88 3747.27 3740.79 3735.4 3733.39 3730.54 3732.13 3740.11 3751.96 3764.97 3776.88 3794.17 3811.34 3811.9 3808.99 3803.97 3796.19 3788.67 3781.91 3777.38 3792.6 3807.95 3810.7 3822.3 3841.24 3857.69 3858.4 3839.88 3810.21 3768.3 3708.38 3633.85 3576.47 3505.51 3414.58 3306.4 3184.98 3071.28 3030.15 2999.9 2978.62 2979.57 2987.73 2984 2997.97 3039.44 3069.27 3093.53 3145.9
3711.1 3712.16 3709.3 3709.59 3718.79 3718.18 3710.09 3703.89 3709.6 3714.25 3718.69 3724.76 3731.01 3738.07 3745.3 3753.75 3765.68 3770.46 3762.71 3753.38 3742.09 3729.19 3723.44 3723.35 3726.64 3738.14 3753.85 3772.18 3790.86 3810.82 3818.57 3817.8 3815.05 3809.6 3804.7 3798.77 3791.99 3783.63 3794.03 3798.54 3802.42 3820.11 3845.4 3862.74 3858.08 3833.2 3793.6 3741.21 3674.76 3614.06 3575.47 3465.28 3349.03 3229.25 3106.19 2999.69 2968.22 2938.35 2920.11 2917.13 2932.84 2938.57 2952.89 2979.3 3002.23 3022.08 3059.19
3724.48 3726.49 3729.96 3724.8 3718.63 3720.8 3716 3718.95 3713.91 3715.7 3719.99 3726.65 3733.3 3740.7 3749.52 3759.12 3769.23 3775.03 3770.64 3760.43 3747.81 3732.12 3718.84 3721.73 3728.74 3737.53 3755.4 3777.05 3804.54 3816.61 3820.64 3820.25 3818.89 3817.8 3814.6 3807.62 3771.79 3783.69 3801.47 3814.83 3795.16 3818.28 3857.12 3874.4 3866.48 3833.29 3783.23 3727.96 3677.26 3626.1 3548.27 3419.13 3295.62 3175.02 3062.15 2973 2945.88 2925.22 2920.96 2918.06 2922.87 2928.37 2940.66 2949.82 2955.85 2965.42 2996.65
3720.87 3727.13 3726.72 3717.61 3717.38 3714.67 3717.21 3714.13 3714.1 3718.09 3723.95 3728.68 3735.08 3742.18 3750.92 3761.18 3773.07 3782.57 3776.31 3767.39 3757.78 3748.44 3741.33 3726.47 3721.36 3736.65 3755.75 3775.31 3791.86 3811.68 3816.57 3818.88 3820.63 3821.99 3820.78 3817.31 3789.25 3790.05 3802.05 3816.43 3789.92 3823.48 3879.03 3917.81 3894.3 3836.6 3769.62 3702.59 3633.8 3547.16 3464.6 3350.96 3237.28 3130.35 3031.29 2958.87 2932.15 2929.36 2927.81 2929.07 2937.35 2944.05 2946.43 2939.63 2933.46 2927.65 2946.03
3716.12 3723.13 3725.95 3724.64 3721.45 3726.44 3724.14 3711.85 3716.11 3722.16 3727.53 3732.75 3738.84 3744.31 3751.47 3759.78 3773.07 3783.01 3777.93 3770.96 3765.06 3762.45 3753.15 3734.26 3725.97 3741.68 3759.3 3774.9 3786.94 3795.42 3806.96 3813.01 3816.93 3821.01 3821.78 3809.19 3795 3780.7 3785.77 3795.9 3801.71 3835.58 3899.96 3948.67 3910.16 3834.32 3748.1 3657.67 3567.59 3461.79 3359.4 3269.31 3174.68 3083.56 3003.26 2944.1 2920.91 2920.94 2930.26 2942.19 2973.27 2983.87 2964.58 2936.21 2924.32 2914.13 2929.24
3709.24 3715.57 3729.21 3721.77 3717.16 3734.97 3734.41 3724.81 3724.35 3726.95 3729.53 3733.62 3738.13 3743 3748.93 3753.44 3758.21 3771.71 3773.09 3770.36 3766.99 3760.7 3755.61 3748.21 3748.67 3753.6 3767.58 3780.75 3788.54 3797.94 3802.17 3807.85 3811.62 3814.81 3819.94 3832.04 3791.98 3767.72 3771.47 3786.2 3817.78 3847.13 3906.75 3939.8 3904.78 3822.34 3720.94 3609.26 3506.04 3422.71 3290.4 3194.24 3113.03 3040.72 2977.71 2930.45 2917.09 2921.9 2961.19 3004.77 3057.89 3056.52 3002.64 2938.05 2920.42 2913.37 2924.5
3704.43 3704.56 3711.53 3706.1 3707.92 3720.4 3726.6 3728.31 3729.62 3729.52 3731.28 3733.94 3737.52 3741.29 3745.42 3749.29 3749.48 3761.14 3763.27 3765.35 3767.25 3770.14 3759.69 3750.84 3752.49 3764.94 3778.65 3791.53 3795.9 3793.42 3800.94 3803.97 3805.12 3804.46 3801.58 3800.13 3792.79 3771.34 3770.27 3791.05 3835.6 3850.26 3911.52 3947.33 3896.85 3809.73 3702.24 3580.55 3477.35 3379.04 3221.05 3127.7 3059.96 3005.3 2957.05 2924.3 2919.59 2924.02 3027.89 3170.34 3196.55 3151.11 3080.63 2987.45 2933.08 2919.32 2917.82
3706.31 3699.79 3702.21 3700.08 3699.15 3698.9 3703.37 3720.19 3727.1 3727.57 3729.81 3732.56 3735.42 3738.21 3741.69 3747.15 3759.88 3748.4 3752.27 3758.76 3762.36 3755.56 3756.15 3759.75 3765.72 3777.13 3791.19 3805.18 3811.88 3807.49 3804.92 3804.56 3801.88 3796.24 3785.42 3777.34 3784.85 3769.8 3781.33 3801.92 3831.95 3845.3 3908.06 3941.39 3886.18 3801.48 3696.35 3575.12 3471.86 3349.71 3162.48 3075.35 3020.81 2977.2 2943.54 2923.5 2922.55 2940.9 3071.88 3234.85 3274.03 3234.75 3176.08 3121.41 3007.44 2934.4 2906.8
