real_craters/C090-500m.grd
DSAA
123 123
-30.6075 30.6075
-30.6075 30.6075
2885.1758674754 4214.3294064427
[rows 60 to 89 of 123, columns 0 to 66 of 123]
3717.52 3716.35 3714.81 3715.57 3719.89 3724.19 3709.06 3711.72 3714.88 3725.16 3729 3731.31 3733.28 3735.29 3737.15 3736.77 3733.2 3736.97 3742.53 3753.83 3764.43 3769.76 3768.84 3772.1 3777.72 3786.8 3799.66 3813.66 3817.8 3812.93 3810.36 3807.29 3802.88 3796.84 3788.4 3782.65 3776.82 3770.84 3783 3802.7 3821.78 3844.46 3891.46 3908.78 3869.22 3797.53 3705.12 3600.15 3504.82 3360.96 3145.38 3051.94 3000.44 2963.03 2938.02 2925.13 2925.97 2954.44 3075.96 3200.92 3272.15 3292.35 3315.56 3269.64 3096.58 2946.3 2897.32
3728.55 3731.08 3728.56 3731.2 3728.13 3727.12 3719.35 3720.32 3727.54 3728.72 3730.21 3731.55 3732.7 3734.09 3734.76 3735.41 3735.78 3733.26 3740.43 3751.64 3764.13 3778.52 3775.1 3780.88 3784.07 3790.26 3801.52 3815.37 3822.92 3818.43 3814.23 3810.58 3806.49 3801.46 3797.57 3792.32 3786 3781.87 3788.87 3800.66 3814.28 3839.77 3874.89 3882.56 3855.49 3800.75 3723.79 3630.35 3535.14 3378.2 3172.66 3056.14 2996.17 2958.6 2936.71 2925.27 2926.11 2960.82 3071.93 3196.91 3279.39 3292.29 3265.9 3253.59 3100.01 2949.74 2894.71
3727.64 3725.49 3726.91 3724.61 3725.89 3726.45 3723.84 3727.41 3733.11 3731.45 3731.08 3731.91 3733.21 3734.11 3734.3 3734.42 3736.12 3742.31 3748.59 3751.13 3749.53 3750.05 3766.41 3777.62 3779.93 3786.19 3796.46 3809.3 3814.33 3817.19 3816.66 3814.64 3811.62 3807.69 3800.84 3796.56 3794.44 3793.85 3797.27 3803.14 3812.05 3830.28 3858.75 3866.98 3851.56 3813.21 3752.26 3656.3 3553.47 3386.84 3193.78 3068.41 3003.7 2963.42 2939.74 2926.8 2928.34 2955.75 3048.28 3166.26 3259.86 3243.5 3246.12 3190.94 3046.83 2930.57 2892.79
3723.04 3728.13 3724.15 3715.13 3720.4 3720.84 3723.53 3725.81 3730.4 3726.8 3727.33 3729.04 3731.26 3733.08 3734.08 3734.44 3737.59 3743.1 3749.05 3752.53 3757.31 3764.61 3759.18 3750.14 3767.94 3776.71 3785.9 3798.8 3802.76 3814.57 3818.67 3819.05 3817.39 3815.09 3813.39 3802.02 3794.37 3795.1 3799.3 3804.93 3811.31 3823.3 3848.52 3859.11 3853.58 3830.92 3794.81 3738.7 3568.31 3397.82 3213.28 3087.58 3024.23 2980.1 2952.42 2931.62 2926.5 2945.56 3000.68 3058.65 3087.52 3123.85 3136.93 3046.23 2967.74 2915.56 2898.14
3716.48 3721.48 3718.91 3714.44 3718.97 3719.5 3717.52 3717.33 3714.77 3717.57 3723.38 3727.53 3730.99 3734.07 3735.68 3736.85 3738.6 3740.6 3742.37 3751.83 3763.15 3758.69 3763.15 3772.9 3768.44 3769.53 3771.1 3782.48 3805.73 3816.69 3822.07 3823.08 3821.57 3818.96 3814.07 3805.49 3794.38 3786.86 3803.18 3805.63 3811.31 3821.59 3843.12 3857.03 3856.35 3845.25 3821.5 3773.57 3634.59 3456.61 3278.69 3144.91 3064.46 3006 2964.26 2938.13 2928.8 2932.43 2956.46 2971.89 2971.68 3006.21 3002.76 2951.29 2936.13 2925.45 2917.72
3711.69 3712.31 3710.13 3707.21 3702.92 3699.57 3703.41 3707.76 3709.49 3715.14 3721.36 3726.61 3731.34 3735.98 3739.48 3740.62 3741.34 3740.77 3739.59 3745.65 3750.88 3742.3 3762.24 3775.19 3772.26 3767.15 3761.38 3760.83 3803.94 3822.16 3826.11 3826.11 3824.37 3820.82 3815.5 3811.62 3799.97 3788.93 3792.11 3802.88 3812.53 3823.91 3843.02 3859.63 3863.45 3852.07 3821.1 3769.61 3696.77 3531.61 3355.57 3211.84 3124.65 3043.9 2976.49 2941.94 2931.68 2926.25 2932.13 2934.93 2933.2 2947.87 2946.66 2936.85 2930.38 2933.16 2943.64
3705.37 3700.14 3694.51 3692.7 3691.95 3695.77 3701.26 3708.82 3712.39 3716.61 3720.83 3725.86 3731.31 3737.65 3744.72 3753.75 3748.29 3744.25 3741.4 3740.18 3728.27 3738.74 3763.71 3776.31 3774.87 3770.31 3769.02 3787.27 3829.41 3830.52 3829.42 3828.08 3826.66 3823.14 3816.47 3808.41 3802.66 3798.22 3794.84 3804.13 3817.08 3831.88 3853.68 3872.48 3877.72 3869.18 3835.76 3776.01 3706.44 3589.43 3451.92 3322.47 3216.6 3106.5 3007.62 2958.06 2936.7 2928.23 2923.92 2925.72 2930.69 2932.88 2933.45 2931.93 2929.12 2941.06 2965.27
3698.68 3692.36 3687.86 3692.45 3691.45 3699.24 3705.22 3704.48 3710.66 3716.81 3719.99 3724.85 3730.67 3737.15 3743.87 3747.28 3748.76 3746.96 3748.2 3744.45 3744.8 3752.94 3770.31 3779.18 3776.97 3774.54 3778.47 3801.74 3829.56 3826.77 3825.82 3826.62 3827.58 3828 3823.3 3813.16 3804.66 3799.52 3794.88 3805.72 3823.99 3843.93 3871.21 3889.11 3896.58 3897.73 3884.21 3820.94 3725.59 3655.83 3567.76 3466.95 3342.61 3203.32 3080.18 3009.91 2956.54 2931.35 2924.13 2927.13 2931.32 2930.98 2930.38 2930.12 2931.07 2951.76 2986.42
3688.56 3693.45 3705.97 3705.16 3712.88 3695.07 3693.77 3697.58 3703.7 3709.04 3715.77 3721.51 3727.78 3734.38 3741.38 3746.87 3746.36 3745.71 3744.11 3743.11 3747.5 3752.91 3769.64 3776.51 3775 3774.31 3774.62 3779.81 3795.47 3807.71 3815.65 3821.74 3826.4 3826.44 3822.36 3816.76 3805.68 3793.51 3791.67 3808.2 3832.43 3860.87 3883.38 3895.39 3912.18 3926.63 3923.72 3882.87 3807.38 3743.17 3678.87 3619.91 3473.73 3329.13 3202.99 3112.56 3023.97 2956.64 2940.84 2939.2 2934.77 2931.45 2931.22 2933.61 2938.22 2968.36 3013.49
3687.38 3693.2 3691.89 3701.82 3702.07 3692.69 3694.18 3690.94 3696 3703.89 3710.43 3717.32 3724.07 3730.24 3735.41 3739.27 3742.06 3742.44 3741.12 3736.65 3728.2 3741.05 3754.2 3765.79 3769.49 3770.29 3772.37 3763.16 3768.92 3788.96 3804.35 3815.81 3825.31 3832.53 3827.59 3817.33 3812.4 3804.96 3799.79 3815.18 3838.32 3860.1 3873.65 3890.44 3920.1 3954.51 3977.24 3959.38 3901.25 3826.91 3755.87 3681.7 3573.84 3456.07 3331.65 3204.5 3108.84 3014.27 2983.44 2973.76 2961.24 2951.95 2952.43 2954.42 2947.03 2989.58 3050.53
3702.28 3702.54 3705.49 3702.42 3691.51 3689.49 3685.73 3683.46 3691.41 3695.79 3706.82 3714.73 3721.63 3726.96 3730.58 3733.94 3737.28 3738.59 3737.69 3733.72 3727.77 3737.46 3753.04 3761.17 3765.56 3766.35 3761.99 3750.53 3758.23 3777.61 3794.53 3809.25 3822.43 3833.22 3834.31 3829.28 3828.84 3823.36 3824.06 3825.5 3844.89 3866.67 3870.22 3881.17 3912.42 3958.95 4019.18 4000.53 3950.01 3884.69 3805.76 3718.67 3636.79 3575.05 3465.32 3326.55 3241 3113.11 3062.19 3043.21 3021.32 3007.85 3011.55 3004.06 2982.6 3028.96 3109.42
3709.42 3710.87 3713.21 3707.68 3699.75 3696.02 3700.4 3699.09 3697.44 3697.63 3705.84 3715.35 3722.04 3725.95 3727.56 3730.56 3734.19 3736.05 3736.54 3735.46 3729.8 3737.43 3750.06 3760.17 3764.12 3764.61 3763.64 3759.03 3762.93 3773.72 3787.11 3801.79 3817.58 3833.31 3845.53 3850.21 3851.1 3847.01 3823.78 3828.69 3846.71 3861.22 3845.99 3857.33 3886.87 3923.89 3966.34 4036.42 3997.81 3928.2 3849.5 3755.75 3683.32 3639.64 3565.19 3461.54 3382.94 3275.91 3198.36 3148.41 3105.39 3072.37 3070.44 3065.59 3054.03 3100.19 3189.74
3721.11 3716.17 3710.35 3705.8 3707.52 3702.92 3715.33 3714.17 3706.9 3704.84 3711.04 3718.87 3724.41 3728.14 3728.97 3731.36 3734.15 3733.86 3732.66 3729.3 3723.81 3743.56 3760.35 3764.67 3765.26 3764.75 3765.67 3768.59 3768.74 3773.2 3781.37 3793.25 3809.99 3834.79 3853.69 3865.49 3871.29 3871.24 3865.34 3847.07 3847.71 3851.4 3838.24 3833.47 3857.64 3883.49 3918.04 3988.13 3994.6 3957.59 3904.77 3833 3761.23 3691.67 3641.91 3622.32 3536.81 3421.77 3333.47 3274.08 3212.13 3157.16 3132.08 3130.68 3143.01 3210.43 3303.43
3730.83 3720.38 3708.62 3702.85 3704.4 3706.43 3711.17 3714.42 3715.21 3718.52 3722.64 3724.24 3727.28 3732.11 3738.83 3737.34 3734.92 3733.01 3730.32 3724.87 3729.18 3751.93 3768.04 3768.85 3765.64 3763.12 3763.5 3775.18 3771.16 3771.31 3775.56 3783 3794.72 3813.56 3845.3 3870.05 3885.99 3887.32 3858.27 3846.97 3850.95 3849.76 3854.11 3831.47 3841.42 3855.44 3887.83 3943.41 3972.44 3975.47 3968.14 3953.48 3907.95 3795.9 3721.38 3676.28 3636.36 3564.43 3496.24 3415.19 3346.64 3281.28 3245.04 3265.89 3326.28 3371.1 3443.03
3736.63 3724.33 3707.76 3696.27 3698.51 3696.93 3694.47 3698.62 3708.79 3722.68 3730.44 3725.47 3725.36 3729.14 3735.79 3736.52 3735.65 3734.69 3732.53 3730.55 3733.65 3756.48 3771.02 3766.36 3762.37 3760.97 3763.65 3765.62 3767.57 3769.19 3771.69 3775.23 3780.24 3802.95 3849.33 3868.23 3883.9 3893.02 3875.81 3872.08 3858.76 3855.85 3855.56 3851.04 3842.18 3840.08 3857.09 3906.37 3949.97 3984.96 4021.68 4067.32 4100.23 4016.58 3863.16 3739.52 3720.7 3678.16 3627.61 3566.27 3512.81 3447.35 3418.6 3447.8 3513.73 3521.13 3590.44
3743.15 3724.47 3710.7 3702.98 3698.05 3694.85 3693.54 3697.33 3701.49 3712.16 3716.64 3717.63 3719.23 3721.52 3724.16 3731.17 3736.15 3739.2 3738.83 3736.61 3747.48 3752.3 3757.02 3758.32 3755.68 3753.36 3753.8 3754.83 3761.83 3766.95 3770.56 3772.88 3773.17 3791.21 3846.85 3856.53 3838.64 3837.5 3854.66 3852.13 3853.21 3854.64 3853.09 3854.93 3848.48 3840.26 3839.78 3865.55 3921.51 3973.77 4032.43 4106.54 4184.77 4153.62 4028.94 3900.37 3846.8 3790.44 3724.59 3724.92 3720.37 3706.27 3670.74 3684.81 3722.63 3722.47 3764.24
3736.25 3720.7 3714.81 3707.77 3702.26 3700.34 3703.56 3696.11 3700.94 3702.17 3702.16 3708.07 3712.51 3715.24 3718.05 3728.28 3737.33 3745.66 3753.33 3761.67 3759.13 3751.04 3750.02 3750.1 3748.37 3743.88 3741.43 3750.67 3760.1 3767.55 3773.69 3779.74 3788.97 3816.44 3857.09 3851.49 3839.32 3831.73 3836.97 3840.75 3844.56 3844.26 3844.32 3851.75 3852.79 3853 3844.89 3852.15 3900.22 3948.47 4000.25 4052.93 4089.59 4115.6 4167.67 4087.96 3994.63 3936.87 3892.76 3917.72 3932.51 3966.13 4017.36 3994.66 4014.44 3993.93 3952.63
3751.99 3731.33 3722.97 3716.26 3706.81 3699.23 3698.04 3701.71 3704.61 3701.53 3699.14 3704.18 3708.23 3713.28 3722.57 3728.13 3739.39 3751.54 3763.55 3768.39 3749.19 3744.86 3744.96 3745.44 3744.6 3746.34 3752.42 3756.78 3762.93 3771.11 3780.17 3790.44 3804.44 3827.45 3847.99 3837.77 3830 3830.45 3832.36 3842.35 3843.47 3836.99 3834.5 3835.16 3850.31 3854.21 3853.66 3859.54 3885.15 3916.62 3948.83 3973.11 3986.73 4032.95 4131.28 4144.33 4082.3 4072.28 4130.39 4094.62 4081.65 4127.36 4150.73 4142.46 4214.33 4195.72 4069.78
3763.85 3746.17 3731.21 3721.06 3710.22 3701.08 3699.82 3705.29 3705.41 3703.46 3702.2 3704.66 3705.84 3707.62 3713.96 3726.31 3739.11 3752 3762.82 3760.68 3746.53 3747.11 3745.69 3743.75 3742.13 3739.56 3751.83 3759.82 3765.34 3774.86 3786.33 3799.18 3809.5 3806.65 3807.62 3813.17 3812.28 3818.46 3829.61 3844.27 3843.61 3838.41 3836.84 3850.46 3843.97 3842.14 3845.98 3855.53 3870.99 3887.92 3899.41 3909.04 3916.45 3959.19 4017.69 4044.76 4066.27 4094.06 4139.53 4128.02 4106.51 4125.2 4108.3 4108.05 4112.79 4089.7 4052.96
3763.41 3751.51 3733.09 3720.39 3710.87 3705.3 3705.95 3709.08 3706.54 3704.59 3709.01 3705.39 3705.09 3708.55 3714.56 3725 3737.48 3749.69 3760.5 3765.06 3760.03 3759.58 3749.83 3744.23 3742.47 3745.96 3739.07 3752.06 3765.13 3777.16 3790.27 3804.75 3815.03 3798.74 3789.39 3798.01 3800.98 3813.06 3825.15 3833.6 3836.74 3836 3835.32 3838.71 3837.76 3833.58 3841.92 3849.53 3857.54 3865.08 3872.42 3874.83 3878.98 3914.35 3940.61 3967.33 4005.77 4034.77 4060.54 4055.9 4042.13 4040.05 4045.56 4061.05 4027.36 4009.6 4001.57
3754.82 3737.39 3726.09 3716.4 3709.23 3708.13 3710.94 3713.94 3710.4 3706.67 3702.7 3702.02 3703.05 3705.14 3712.99 3723.37 3734.2 3744.1 3751.75 3750.26 3748.71 3747.64 3746.71 3743.22 3739.77 3737.34 3743.6 3753.43 3766.75 3778.95 3790.92 3805.17 3823.13 3817.34 3806.97 3800.97 3795.83 3812.58 3825.93 3840.33 3839.48 3835.98 3831.36 3823.21 3832.99 3840.84 3851.09 3850.37 3850.4 3852.8 3854.46 3854.98 3862.39 3884.57 3893.15 3916.49 3944.23 3957.92 3953.25 3945.41 3946.16 3937.09 3940.9 3972.69 3969.34 3956.1 3953.29
3743.06 3731.35 3723.22 3715.76 3712.7 3708.75 3716.63 3723.9 3715.2 3708.87 3704.7 3703.15 3701.95 3703.32 3710.74 3721.55 3731.73 3739.77 3741.63 3745.66 3743.17 3743.6 3744.32 3742.37 3739.51 3737.52 3750.24 3761.7 3770.56 3779.73 3788.37 3797.26 3804.36 3814.61 3814.43 3814.65 3820.89 3822.73 3830.73 3834.38 3853.24 3843.75 3834.93 3832.11 3844.71 3828.86 3840.68 3843.74 3844.28 3842.33 3842.13 3842.95 3848.22 3860.15 3862.3 3881.11 3895.91 3897.25 3885.16 3872.43 3877.16 3873.65 3904.92 3929.71 3930.94 3930.36 3913.64
3740.88 3733.98 3721.66 3709.35 3702.34 3708.69 3715.6 3718.28 3707.14 3705.58 3705.28 3703.36 3702.27 3703.48 3711.98 3722.62 3732.49 3740.93 3748.56 3752.09 3749.71 3749.31 3745.28 3743.36 3744.24 3753.36 3768 3768.85 3773.21 3779.27 3785.03 3788.84 3794.02 3802.29 3813.22 3818.24 3824.48 3834.05 3842.28 3845.81 3859.17 3857.11 3843.54 3830.77 3844.64 3851.07 3836.99 3839.31 3838.82 3836.28 3834.56 3834.11 3837.76 3842.81 3853.73 3862.39 3866.85 3861.75 3853.85 3846.8 3845.87 3846.17 3856.42 3872.66 3883.57 3882.51 3879.44
3743.79 3726.89 3713.03 3707.14 3706.36 3710.96 3716.25 3707.98 3708.9 3713.31 3707.91 3703.59 3706.71 3707.19 3717.79 3726.86 3735.82 3743.93 3751.29 3757.18 3754.08 3750.4 3746.63 3745.9 3746.08 3751.98 3764 3769.41 3773.7 3778.31 3782.2 3785.31 3790.25 3806.18 3812.09 3820.19 3829.53 3842.13 3857.69 3881.54 3895.95 3872.61 3856.83 3845.53 3854.11 3854.36 3848.82 3841.46 3836.81 3832.09 3828.54 3826.45 3830.67 3846.62 3856.08 3851.83 3849.17 3845.2 3840.15 3835.42 3834.62 3834 3834.54 3840 3848.01 3850.87 3847.1
3738.68 3721.23 3706.77 3709.33 3708.97 3711.87 3711.35 3710.67 3708.83 3717.09 3714.7 3709.05 3712.25 3717.77 3724.2 3730.81 3739.38 3747.79 3751.61 3756.76 3754.25 3745.81 3747.09 3747.56 3749.31 3752.83 3759.23 3766.97 3771.79 3776.26 3781.09 3785.47 3789.55 3797.25 3808.21 3819.66 3833.28 3847.63 3864.08 3884.8 3879.79 3880.99 3870.26 3855.97 3844.66 3846.66 3844.23 3841.7 3835.15 3828.83 3823.91 3822.9 3829.49 3845.75 3844.02 3841.21 3838.19 3836.16 3832.3 3830.94 3831.07 3831.57 3828.19 3821.96 3826.97 3827.87 3827.73
3740.02 3733.61 3723.73 3714.07 3723.74 3716.07 3712.45 3715.8 3713.72 3722.42 3719.91 3711.82 3716.84 3722.91 3727.09 3733.5 3741.43 3751.01 3759.93 3762.37 3764.41 3752.39 3748.31 3748.83 3751.71 3758.17 3762.95 3766.44 3770.29 3773.95 3778.56 3787.21 3784.54 3779.28 3800.64 3821.95 3836.5 3849.66 3862.93 3871.77 3901.04 3904.11 3886.82 3868.58 3853.51 3863.25 3859.34 3843.68 3833.18 3825.17 3818.81 3816.65 3822.02 3831.51 3832.71 3831.55 3831.17 3830.16 3826.83 3821.94 3823.55 3821 3832.72 3817.74 3819.12 3821.42 3820.45
3731.74 3727.11 3708.05 3707.97 3707.79 3709.59 3710.12 3709.15 3721.54 3725.87 3721.64 3724.3 3721.66 3723.02 3728.07 3734.04 3740.67 3748.31 3751.4 3752.64 3762.2 3751.7 3746.61 3748.68 3752.84 3756.39 3761.5 3764.46 3766.72 3768.68 3770.29 3771.32 3767.63 3769.85 3791.42 3820.6 3834.67 3846.97 3863.11 3880.68 3914.99 3916.43 3900.52 3885.55 3873.66 3856.73 3852.49 3842.97 3833.07 3823.01 3813.43 3804.63 3806.48 3814.42 3816.04 3822.57 3824.53 3824.68 3822.88 3819.02 3817.01 3813.34 3819 3817.79 3818.32 3818.81 3823.8
3707.06 3701.91 3699 3703.32 3707.59 3710.86 3710.69 3710.49 3721.63 3721.65 3717.47 3719.51 3722.9 3725.1 3727.96 3732.11 3737.15 3740.98 3741.92 3744.2 3740.21 3745.23 3737.31 3742.15 3760.37 3761.38 3760.31 3761.29 3762.14 3762.48 3761.7 3757.43 3752.82 3758.71 3778.06 3799.5 3818.46 3837.96 3860.81 3888.19 3903.43 3911.84 3904.28 3896.54 3886.8 3848.3 3844.12 3839.4 3830.06 3820.45 3810.89 3803.44 3800.61 3802.01 3811.83 3817.9 3821 3822.71 3822.72 3821.61 3814.65 3811.12 3813.94 3822.31 3818.68 3820.95 3825.63
3694.77 3694.58 3696.58 3701.53 3709.09 3715.89 3717.57 3714.42 3712.67 3712.16 3711.33 3719.05 3722.89 3722.99 3726.02 3730.84 3735.18 3736.41 3742.08 3752.4 3756.4 3734.9 3721.69 3721.99 3728.32 3748.3 3756.19 3758.12 3757.98 3757.24 3757.36 3761.88 3762.19 3763.81 3769.2 3775.78 3801.3 3824.6 3848.75 3875.27 3889.75 3896.75 3896.43 3893.18 3886.6 3878.07 3854.94 3841.86 3830.31 3820.35 3811.22 3804.52 3802.6 3807.68 3817.05 3818.18 3821.09 3822.6 3824.38 3825.52 3822.55 3821.15 3821.47 3813.74 3814.6 3813.35 3813.8
3687.82 3690.38 3691.63 3694.84 3702.28 3709.15 3712.07 3713.3 3716.72 3709.72 3709.02 3714.35 3712.97 3716.56 3722.48 3729.36 3737.15 3744.87 3748.46 3759.93 3756.52 3716.54 3707.35 3707.75 3709.83 3747.4 3755.06 3755.62 3754.1 3751.94 3750.14 3749.34 3762.43 3765.07 3765.51 3774.84 3790.54 3810.55 3828.68 3843.07 3860.21 3875.5 3877.37 3874.51 3877.88 3869.39 3856.74 3843.04 3831.51 3822.12 3812.78 3812 3806.03 3812.39 3814.17 3818.49 3821.65 3824.11 3825.77 3826.33 3826.09 3830.98 3824.74 3818.8 3814.16 3811.36 3813.69
