real_craters/C090-300m.grd
DSAA
205 205
-30.6075 30.6075
-30.6075 30.6075
2884.614657136 4211.8593518914
[rows 60 to 89 of 205, columns 134 to 200 of 205]
3837.22 3837.15 3836.63 3835.57 3833.72 3830.82 3827.01 3824.64 3825.97 3827.82 3831.15 3834.3 3833.9 3833.3 3833.66 3836.7 3836.71 3837.29 3840.8 3845.59 3849.25 3851.18 3847.74 3827.17 3804.39 3790.22 3792.34 3789.79 3782.61 3775.85 3775.23 3774.5 3780.17 3778.91 3777.39 3785.01 3795.78 3802.81 3806.33 3806.66 3800.58 3795.29 3791.33 3788.7 3786.11 3784.05 3782.34 3782.35 3788.07 3803.8 3814.7 3821.57 3822.33 3818.85 3811.86 3810.69 3810.72 3809.78 3809.57 3810.41 3812.85 3816.27 3823.41 3826.84 3831.92 3838.69 3845.67
3839.38 3837.41 3835.69 3833.91 3831.36 3827.88 3823.75 3820.96 3822.29 3826.23 3830.41 3832.83 3831.44 3829.61 3828.98 3829.67 3830.52 3833.99 3838.08 3841.89 3844.15 3843.65 3836.73 3818.28 3797.56 3788.2 3794.52 3794.33 3786.89 3774.75 3774.28 3794.34 3791.05 3788.53 3784.01 3796.81 3810.52 3814.4 3811.91 3807.38 3801.69 3796.06 3791.25 3787.73 3785.24 3783.62 3782.83 3784.17 3789.86 3801.71 3812.07 3819.09 3815.82 3805.03 3796.57 3797.62 3800.08 3801.51 3803.21 3804.86 3807.4 3811.96 3814.05 3817.78 3826.8 3835 3842.5
3838.74 3836.9 3834.88 3832.79 3830.4 3826.58 3822.33 3818.09 3819.73 3825.88 3829.58 3830.71 3828.49 3825.94 3823.69 3821.04 3823.54 3830.61 3835.9 3839.05 3839.38 3836.2 3827.82 3809.39 3796.81 3794.56 3801.41 3805.44 3801.45 3791.14 3778.78 3784.68 3799.26 3804.95 3807.96 3815.17 3826.64 3823.86 3814.72 3806.87 3800.17 3795.27 3791.36 3788.51 3786.23 3785.53 3785.02 3787.21 3791.74 3799.71 3808.17 3814.8 3807.2 3792.79 3785.81 3788.23 3791.58 3794.63 3797.09 3798.89 3800.46 3803.6 3803.55 3813.81 3824.04 3832.17 3839.64
3837.32 3835.74 3833.65 3831.65 3830.44 3830.29 3823.02 3819.22 3821.3 3824.3 3827.93 3828.04 3821.46 3821.36 3821.47 3820.71 3823.29 3830.45 3836.18 3837.98 3836.28 3830.85 3820.18 3807.37 3795.62 3799.15 3814.98 3820.93 3813.55 3805.29 3788.15 3794.28 3811.05 3819.45 3829.34 3825.13 3828.26 3823.08 3811.96 3802.03 3796.85 3793.14 3790.57 3788.76 3787.82 3787.35 3788.49 3789.9 3792.32 3796.33 3799.84 3802.71 3795.02 3784.04 3779.8 3781.89 3785.75 3789.41 3791.98 3794.15 3794.69 3794.88 3808.09 3818.54 3824.08 3830.43 3836.22
3836.05 3834.14 3831.93 3829.54 3827.21 3824.41 3821.45 3819.98 3822.22 3825.13 3826.9 3827.05 3826.3 3823.84 3823.03 3822.65 3825.28 3832.98 3838.18 3838.97 3834.73 3828.03 3819.04 3809.61 3796.19 3801.45 3813.4 3817.9 3813.5 3806.11 3798.13 3809.38 3817.52 3814.52 3813.94 3814.99 3815.05 3811.03 3804.21 3798.17 3792.73 3790.04 3789.02 3788.77 3789.09 3789.91 3791.81 3792.36 3794.97 3792.72 3788.87 3782.93 3780.18 3775.67 3774.89 3778.18 3782.35 3786.57 3789.68 3792.43 3795.33 3801.86 3811.64 3816.88 3821.83 3827.58 3833.58
3833.75 3832.19 3829.9 3827.17 3823.86 3820.09 3820.04 3821.96 3824.84 3827.07 3826.9 3827.91 3829.23 3827.25 3826.18 3827.21 3831.19 3836.86 3843.58 3839.69 3833.64 3826.6 3818.54 3804.18 3801.08 3805.54 3808.76 3806.35 3803.35 3798.29 3793.42 3800.08 3812.02 3798.7 3792.96 3797.18 3798.07 3796.41 3794.37 3789.37 3785.91 3785.32 3785.76 3786.95 3788.65 3790.53 3793.35 3794.6 3796.22 3791.18 3782.32 3774.21 3771.78 3770.53 3773.15 3776.91 3781.35 3785.73 3789.67 3793.07 3797.32 3804.06 3808.34 3812 3818.25 3823.97 3829.56
3831.6 3830.36 3828.32 3825.65 3822.39 3819.23 3820.16 3824.07 3825.11 3824.79 3824.62 3827.2 3829.68 3828.66 3827.83 3828.95 3832.69 3835.15 3836.99 3836.05 3831.75 3825.38 3817.12 3814.09 3820.52 3810.81 3809.87 3805.27 3786.66 3776.72 3773.13 3773.09 3791.64 3779.76 3776.38 3784.49 3789.38 3790.31 3787.45 3782.7 3779.45 3780.09 3782.2 3785.01 3787.72 3791.11 3793.96 3796.03 3798 3788.23 3777.75 3771.33 3768.26 3768.14 3771.75 3776.79 3782.15 3787.33 3791.75 3794.69 3794.51 3791.2 3801.8 3804.33 3815.22 3820.96 3826.06
3830.21 3829.19 3827.45 3825.21 3822.69 3820.25 3820.64 3823.4 3824.7 3824.56 3825.05 3827.52 3829.57 3828.49 3827.06 3826.31 3826.58 3829.94 3833.76 3833.89 3829.42 3823.89 3819.4 3811.33 3800.32 3807.01 3811.06 3809.36 3782.03 3767.37 3764.79 3768.03 3780.67 3770.81 3771 3779.3 3785.59 3787.91 3783.15 3776.56 3772.92 3775.74 3779.27 3783.19 3786.7 3790.16 3792.88 3794.45 3790.89 3779.61 3771.68 3767.14 3766.95 3767.76 3772.26 3778.32 3784.25 3789.7 3794.57 3798.69 3801.37 3798.15 3802.98 3813.3 3814.46 3817.9 3822.45
3829.62 3828.71 3827.3 3825.72 3824.13 3822.2 3822.21 3824.3 3825.31 3826.11 3827.59 3828.47 3828.95 3827.58 3825.4 3822.98 3820.83 3824.36 3830.83 3830.68 3825.16 3819.66 3812.67 3797.4 3796.56 3802.36 3807.49 3813.53 3789.03 3774.79 3767.76 3767.35 3769.16 3770.93 3775.32 3779.64 3783.37 3785.25 3779.87 3773.8 3770.58 3773.79 3777.72 3781.79 3785.38 3788.94 3791.28 3790.54 3785.25 3773.41 3768.38 3766.56 3769.05 3772.76 3776.35 3781.85 3787.34 3792.42 3797.84 3803.29 3806.64 3804.06 3804.42 3803.85 3809.34 3814.79 3819.31
3829.85 3828.79 3827.74 3826.96 3826.57 3827.03 3827.22 3824.99 3823.65 3825.73 3826.45 3828 3828 3826.49 3824.34 3821.55 3818.83 3820.05 3822.1 3821.73 3820.02 3815.54 3808.57 3800.79 3799.84 3799.87 3799.06 3791.51 3793.51 3787.41 3782.25 3769.47 3763.75 3788.09 3784.97 3781.54 3780.2 3778.96 3775.78 3773.56 3772.89 3775.01 3777.86 3781.27 3784.5 3787.79 3790.8 3793.38 3788.78 3777.26 3773.33 3771.63 3772.93 3776.15 3781.57 3787.22 3791.33 3794.96 3799.59 3805.52 3811.83 3806.25 3805.98 3807.02 3810.39 3814.5 3818.52
3829.88 3828.83 3828.25 3827.83 3828.26 3830.2 3831.56 3825.28 3821.4 3823.24 3824.23 3827.13 3827.15 3825.81 3823.75 3821.58 3819.82 3819.54 3819.45 3818.79 3816.12 3813.22 3809.99 3807.33 3803.28 3799.92 3796.52 3792.94 3802.21 3793.96 3782.86 3768.69 3765.81 3784.68 3784.43 3780.25 3776.8 3772.55 3772.85 3774.09 3775.87 3776.31 3778.34 3781.36 3784.13 3786.67 3789.03 3793.19 3791.55 3783 3780.75 3778.43 3777.6 3781.06 3789.27 3794.11 3794.17 3795.46 3797.83 3802.03 3809.4 3806.81 3806.59 3808.3 3809.69 3814.45 3818.3
3829.29 3829.1 3828.62 3828.2 3827.9 3827.93 3827.3 3824.94 3823.39 3822.98 3825.74 3826.97 3826.39 3825.04 3823.46 3822.07 3821.53 3820.45 3817.21 3813.95 3813.56 3811.65 3809.44 3807.44 3803.04 3801.31 3798.26 3794.71 3798.01 3791.24 3778.64 3769.05 3765.09 3769.24 3775.23 3776.32 3775.66 3774.7 3774.71 3774.76 3774.08 3776.42 3779.73 3782.2 3783.96 3784.94 3785.23 3785.85 3785.5 3777.74 3779.09 3778.59 3778.83 3782.57 3789.83 3794.08 3793.92 3794.38 3794.55 3793.46 3792.51 3800.3 3806.1 3808.02 3810.38 3815.95 3818.72
3830.17 3829.97 3828.97 3827.77 3826.3 3824.58 3822.18 3823.49 3826.47 3823.76 3825.28 3825.95 3825.02 3823.85 3822.48 3821.61 3820.73 3818.99 3816.85 3814.51 3813.54 3812.5 3810.95 3807.21 3805.12 3806.19 3802.99 3798.93 3795.67 3787.96 3777.33 3768.6 3763.62 3762.55 3769.48 3773.87 3776.08 3777.86 3778.41 3777.96 3777.07 3779.54 3782.66 3783.92 3784.06 3783.68 3783.09 3783.17 3779.09 3775.7 3772.45 3775.64 3779.09 3782.12 3786.39 3789.43 3791.01 3793.1 3794.13 3791.93 3788.45 3800.54 3809.97 3816.19 3820.21 3820.54 3820.53
3834.18 3832.3 3830.41 3828.4 3826 3823.12 3819.64 3821.22 3822.66 3819.58 3819.63 3821.91 3822.65 3822.33 3821.29 3820.63 3820.02 3819.6 3817.8 3816.26 3815.07 3813.95 3814.56 3820.45 3821.31 3814.93 3809.84 3802.27 3796.04 3787.66 3776.13 3767.09 3764.8 3766.11 3770.05 3774.19 3777.03 3778.8 3780.53 3783.4 3786.14 3787.95 3787.5 3786.53 3785.27 3783.14 3781.18 3777.08 3773.66 3767.12 3766.93 3774.37 3782.76 3785.23 3783.02 3780.92 3788.53 3793.77 3798.4 3803.03 3810.94 3813.32 3818.12 3823.75 3827.82 3824.93 3822.11
3839.04 3836.01 3833.25 3830.34 3827.17 3824.11 3822.52 3820.71 3818.71 3818.66 3817.24 3819.91 3820.9 3820.74 3820.02 3819.36 3818.75 3818.34 3818.54 3818.52 3817.74 3815.57 3814.56 3815.92 3820.92 3822.03 3818.38 3813.66 3803.54 3790.21 3778.57 3771.39 3769.91 3770.13 3773.5 3776.53 3779.03 3781.28 3784.4 3789.06 3794.32 3795.49 3792.13 3789.21 3786.3 3783.67 3780.69 3779.12 3773.61 3768.65 3770.49 3775.02 3781.11 3784.23 3783.93 3785.94 3790.07 3796.38 3803.32 3812.51 3824.3 3823.01 3823.41 3827.31 3831.04 3824.39 3820.82
3842.88 3839.27 3835.83 3832.51 3829.44 3825.46 3821.73 3819.72 3820.29 3823.31 3818.92 3820.39 3820.25 3819.59 3818.71 3817.71 3816.74 3816.96 3818.57 3822.26 3820.73 3816.45 3814.54 3819.21 3826.7 3830.66 3825.08 3816.07 3804.85 3792.34 3780.09 3772.04 3772.19 3777.05 3777.74 3779.36 3781.82 3785.22 3789.19 3792.33 3795.83 3796.38 3793.65 3790.35 3787.45 3785.32 3782.34 3782.93 3777.25 3769.3 3770.21 3774.87 3780.88 3783.26 3784.61 3787.49 3791.76 3799.36 3806.85 3812.86 3823.67 3823.73 3822.57 3821.58 3815.95 3816.15 3816.36
3846.5 3842.25 3838.51 3835.06 3832.21 3828.29 3823.22 3820.84 3822.2 3823.22 3819.5 3820.75 3819.94 3818.92 3817.63 3816.27 3814.45 3812.37 3815.32 3820.72 3820.33 3816.29 3813.79 3822.85 3849.22 3840.5 3829.15 3818.18 3807.55 3792.82 3780.26 3773 3774.77 3780.49 3779.68 3781.27 3783.87 3786.75 3789.31 3792.96 3795.84 3796.69 3793.09 3789.91 3787.96 3787.87 3790.61 3792.93 3784.26 3775.32 3771.33 3776.49 3777.98 3784.08 3786.83 3785.34 3794.5 3803.32 3810.55 3816.69 3818.92 3819.19 3817.83 3814.72 3808.87 3808.78 3811.69
3849.75 3845.38 3841.78 3838.78 3836.34 3833.49 3830.59 3828.37 3826.34 3824.74 3822.99 3820.65 3818.76 3817.26 3816.26 3815.68 3814.32 3812.73 3814.78 3816.64 3816.53 3816.24 3816.23 3824.03 3836.61 3838.92 3826.74 3815.08 3801.99 3789.65 3779.23 3772.94 3775.56 3775.68 3778.53 3781.82 3785.48 3788.79 3790.96 3793.47 3793.94 3792.08 3789.53 3787.52 3786.3 3786.7 3791.4 3793.55 3789.76 3789.3 3786.87 3785.58 3787.78 3790.53 3794.76 3800.01 3804.4 3807.82 3812.16 3817.65 3812.3 3813.55 3813.18 3811.2 3806.47 3807.09 3809.54
3853.5 3849.58 3846.25 3843.58 3841.71 3839.72 3837.96 3835.67 3831.92 3826.86 3826.1 3819.74 3816.88 3815.9 3815.5 3815.42 3815.89 3817.58 3817.99 3815.57 3814.13 3817.32 3821.21 3824.3 3829.21 3826.2 3816.98 3806.42 3795.1 3785.36 3778 3772.65 3776.9 3776.42 3776.95 3781.63 3786.96 3791.94 3795.62 3795.6 3791.79 3786.72 3785.15 3784.21 3783.25 3782.11 3780.13 3786.99 3789.48 3791.35 3792.84 3793.81 3796.06 3798.13 3802.47 3809.93 3812.21 3809.63 3808.72 3806.84 3806.85 3809.13 3809.7 3808.87 3811.08 3809.19 3808.53
3858.67 3854.67 3851.58 3848.71 3846.89 3845.82 3845.52 3844.29 3839.95 3828.13 3822.98 3817.22 3814.7 3813.74 3813.97 3814.72 3816.22 3818.86 3819.74 3817.98 3818.84 3817.35 3819.38 3817.59 3812.14 3811.04 3805.6 3798.08 3790.13 3784.02 3779.61 3775.56 3777.28 3774.3 3775.37 3781.49 3787.94 3794.49 3800.11 3798.35 3791.35 3784.14 3781.85 3781.45 3780.81 3780.3 3780.95 3784.4 3787.95 3789.98 3793.5 3797.31 3801.21 3801.83 3804.47 3809.72 3810.61 3806.6 3804.63 3804.57 3806.54 3807.15 3806.97 3805.74 3802.64 3801.07 3806.46
3864.81 3861.4 3858.11 3856.1 3853.84 3852.27 3852.85 3855.32 3851.88 3835.02 3825.25 3816.81 3812.44 3811.45 3812.51 3814.16 3815.97 3817.58 3817.92 3817.99 3814.06 3815.91 3812.66 3810.68 3806.7 3802.62 3798.47 3794.26 3792.31 3788.79 3783.99 3780.97 3778.74 3774.25 3776.23 3782.26 3788.25 3794.54 3800.7 3798.59 3790.3 3783.88 3781.27 3780.01 3779.44 3779.91 3781.9 3784.62 3787.77 3790.09 3789.94 3796.37 3800.58 3801.87 3801.75 3799.67 3797.55 3800.58 3802.54 3807.65 3807.2 3806.3 3805.78 3804.44 3802.01 3802.23 3807.96
3875.05 3871.23 3867.19 3862.99 3859.26 3856.54 3853.93 3851.93 3850.26 3838.54 3830.56 3812.92 3809.76 3809.52 3810.91 3813.78 3816.25 3818.1 3819.28 3822.43 3826.31 3819.44 3813.11 3810.01 3805 3800.25 3801.18 3798.76 3795.6 3791.91 3788.16 3785.56 3779.86 3777.63 3779.53 3784.16 3787.83 3790.57 3792.41 3790.03 3786.17 3784.04 3781.55 3778.87 3777.83 3779.06 3780.76 3784.86 3789.61 3792.27 3795.07 3798.81 3801.03 3801.35 3799.65 3795.63 3792.16 3797.45 3800.73 3802.59 3804.49 3805.29 3805.92 3806.73 3808.85 3814.32 3812.85
3887.02 3881.94 3876.6 3870.8 3864.95 3859.62 3853.05 3846.31 3846.87 3837.03 3827.59 3813.65 3808.71 3809.11 3811.15 3814.26 3817.7 3821.68 3826.45 3828.18 3826.06 3823.65 3818.9 3814.05 3811.77 3810.24 3808.12 3805.26 3800.37 3795.39 3791.13 3787.02 3778.5 3778.6 3785.2 3787.72 3787.27 3785.29 3781.82 3779.18 3778.96 3780.01 3779.16 3776.36 3774.9 3775.5 3778.73 3785.37 3793.68 3800.85 3804.7 3804.19 3803.09 3801.87 3800.27 3798.79 3799.28 3798.38 3797.99 3797.34 3802.1 3804.63 3806.66 3809.82 3812.76 3815.23 3814.82
3903.14 3895.97 3888.1 3879.56 3871.02 3862.69 3854.12 3847.19 3847.14 3831.92 3823.7 3819.14 3809.47 3808.65 3810.94 3814.24 3818.7 3823.76 3828.93 3833.36 3835.79 3828.86 3820.42 3817.5 3816.11 3814.6 3818.55 3812.47 3805.34 3799.39 3794.2 3788.08 3781.31 3790.42 3796.96 3793.24 3788.18 3782.17 3774.56 3768.2 3772.07 3774.84 3775 3773.25 3771.59 3770.98 3776.83 3784.42 3794.1 3802.85 3806.29 3807.51 3804.7 3802.23 3800.74 3800.32 3800.23 3799.68 3800.1 3801.76 3802.76 3805.25 3807.96 3810.43 3813.36 3813.71 3815.37
3922.95 3912.89 3902.62 3891.13 3879.59 3867.07 3856.36 3848.19 3846.31 3831.63 3827.59 3825.14 3809.93 3808.5 3810.26 3813.69 3818.25 3823.69 3829.69 3836.01 3841.96 3833.48 3821.22 3820.08 3820.81 3824.97 3820.88 3814.9 3808.82 3803.61 3799.03 3793.19 3789.43 3797.26 3803.65 3796.48 3789.79 3782.55 3774.85 3770.69 3771.27 3771.84 3771.55 3771.9 3770.5 3768.9 3774.56 3782.32 3788.55 3794.58 3798.5 3803.96 3802.36 3800.51 3799.14 3799.16 3801.43 3797.57 3796.52 3800.74 3802.14 3804.83 3807.96 3811.07 3813.99 3816.11 3815.75
3944.19 3929.72 3915.67 3901.99 3888.32 3874.57 3860.01 3847.85 3842.13 3830.37 3827.32 3818.2 3808.31 3807.62 3809.09 3812.07 3816.22 3821.5 3827.86 3832.7 3836.63 3833.96 3825.33 3821.4 3819.93 3817.21 3813.65 3813.22 3810.67 3807.31 3807.46 3807.35 3806.03 3804.75 3799.93 3798.08 3792.47 3785.4 3779.21 3775.98 3773.33 3773.75 3774.97 3775.12 3773.98 3772.15 3777.51 3783.58 3786.87 3790.52 3794.75 3793.72 3798.31 3797.83 3796.07 3794.15 3791.9 3788.62 3789.12 3795.11 3798.94 3803.21 3807.62 3811.81 3815.52 3813.73 3817.78
3964.71 3946.36 3928.68 3911.53 3894.45 3877.6 3860.23 3842.11 3827.62 3826.16 3820.51 3814.58 3809.96 3807.22 3807.54 3809.45 3812.56 3816.5 3820.96 3822.8 3820.71 3820 3821.06 3819.64 3818.68 3816.82 3814.75 3813.42 3813.1 3813.94 3816.33 3818.2 3810.92 3814.97 3811.55 3803.71 3796.88 3789.05 3780.82 3773.45 3774.74 3778.74 3780.82 3782.46 3782.01 3783.14 3786.23 3789.2 3792.89 3794.72 3796.19 3801.22 3797.9 3796.24 3793.73 3789.45 3782.74 3780.17 3781.41 3788.69 3795.89 3801.93 3807.53 3813.11 3819.87 3828.29 3828.16
3982.4 3961.36 3939.84 3919.75 3900.71 3882.57 3863.28 3843.65 3828.5 3828.43 3814.08 3811.42 3807.96 3805.6 3805.47 3806.18 3807.75 3809.42 3810.87 3810.61 3807.76 3806.16 3812.62 3815.49 3817.05 3819.64 3814.64 3813.15 3813.67 3816.51 3818.78 3817.99 3816.78 3818.34 3815.62 3809.45 3802.54 3794.09 3785.4 3778.42 3780 3786.56 3795.02 3792.94 3789.5 3792.4 3794.47 3794.65 3795.44 3796.24 3798.12 3799.96 3797.09 3795.55 3793.03 3789.05 3783.45 3780.77 3781.21 3787.35 3795.37 3802.11 3808.31 3814.09 3820.67 3826.35 3825.48
3995.49 3972.93 3949.78 3927.86 3907.66 3887.81 3869.21 3849.78 3824.88 3822.78 3813.61 3810.37 3804.29 3803.31 3803.01 3803.17 3802.92 3802.58 3801.21 3799.87 3801.77 3806.95 3808.1 3811.08 3812.94 3812.29 3811.99 3810.02 3810.58 3813.39 3816.66 3818.51 3821.95 3822.49 3818.5 3816.57 3808.79 3799.87 3791.88 3786.87 3786.91 3791.51 3797.94 3797.07 3793.46 3795.12 3798.81 3798.67 3798.13 3796.84 3793.6 3792.59 3795.72 3796.5 3795.55 3793.29 3790.3 3789.47 3786.96 3792.21 3798.08 3803.42 3808.47 3813.4 3817.57 3820.44 3819.64
4004.49 3979.84 3956.19 3932.81 3911.07 3891.19 3872.57 3858.74 3818.45 3807.51 3812.36 3812.49 3804.91 3802.63 3801.84 3801.16 3800.21 3798.27 3795.26 3792.19 3796.99 3801.21 3804.81 3807.11 3808.45 3808.22 3805.27 3803.18 3804.65 3805.53 3804.25 3808.67 3814.1 3818.17 3826.41 3823.52 3813.45 3804.7 3797.28 3791.25 3789.45 3792.24 3794.32 3797.43 3800.41 3803.7 3802.94 3800.4 3800.59 3799.3 3797.94 3794.7 3798.21 3799.63 3800.07 3800.14 3801.32 3805.4 3806.22 3801.35 3802.36 3805.18 3808.58 3813.36 3815.85 3816.46 3815.56
