real_craters/C090-750m.grd
DSAA
83 83
-30.6075 30.6075
-30.6075 30.6075
2885.6249135697 4184.0792916563
[rows 0 to 37 of 83, columns 0 to 82 of 83]
3758 3759 3759 3759 3758 3758 3758 3757 3757 3756 3754 3754 3753 3753 3753 3753 3753 3755 3760 3772 3771 3770 3747 3748 3749 3755 3758 3754 3744 3750 3760 3767 3766 3768 3766 3764 3763 3766 3768 3769 3769 3769 3772 3768 3768 3767 3767 3768 3766 3770 3771 3771 3769 3767 3786 3788 3787 3785 3793 3791 3793 3794 3789 3787 3787 3784 3782 3782 3781 3778 3772 3773 3781 3783 3782 3782 3784 3785 3789 3783 3782 3787 3788
3759 3759 3759 3758 3758 3758 3757 3757 3756 3755 3752 3751 3753 3753 3754 3755 3755 3756 3757 3771 3779 3765 3745 3745 3750 3757 3756 3749 3745 3761 3766 3769 3768 3766 3767 3764 3763 3765 3768 3769 3768 3767 3768 3769 3768 3767 3767 3760 3759 3772 3775 3779 3787 3806 3803 3796 3792 3785 3789 3792 3794 3788 3784 3787 3787 3785 3784 3783 3783 3780 3774 3776 3782 3785 3784 3786 3790 3789 3792 3793 3791 3794 3797
3760 3758 3757 3757 3756 3756 3757 3757 3755 3754 3754 3754 3753 3751 3753 3754 3754 3754 3751 3751 3785 3767 3743 3741 3771 3772 3764 3755 3750 3761 3765 3767 3767 3767 3766 3763 3764 3762 3768 3768 3768 3767 3769 3773 3769 3768 3770 3776 3766 3774 3779 3782 3788 3792 3772 3793 3794 3787 3790 3791 3794 3789 3789 3786 3787 3787 3788 3784 3784 3782 3785 3784 3778 3777 3782 3786 3790 3791 3793 3793 3795 3796 3794
3757 3756 3755 3754 3753 3753 3753 3752 3752 3751 3749 3750 3751 3752 3753 3754 3754 3754 3760 3766 3784 3766 3742 3737 3783 3784 3771 3761 3757 3759 3760 3761 3764 3769 3764 3762 3763 3763 3765 3767 3770 3770 3772 3773 3769 3770 3771 3769 3767 3775 3778 3781 3781 3772 3773 3783 3788 3793 3790 3788 3791 3793 3792 3786 3787 3786 3785 3780 3783 3783 3782 3780 3775 3773 3777 3783 3790 3791 3794 3796 3797 3796 3793
3754 3753 3752 3751 3750 3750 3749 3748 3749 3748 3748 3748 3749 3749 3750 3752 3752 3752 3753 3759 3772 3765 3747 3765 3793 3789 3776 3762 3756 3755 3752 3754 3755 3754 3759 3762 3767 3771 3765 3772 3776 3777 3774 3770 3774 3774 3773 3765 3769 3774 3779 3782 3783 3777 3783 3791 3790 3791 3790 3788 3791 3790 3791 3783 3788 3788 3783 3784 3786 3780 3778 3776 3774 3771 3773 3777 3782 3788 3794 3793 3791 3790 3790
3752 3750 3749 3748 3747 3746 3745 3745 3745 3745 3746 3747 3748 3748 3748 3747 3748 3749 3749 3756 3772 3767 3770 3794 3801 3790 3775 3762 3758 3760 3755 3754 3751 3750 3757 3764 3769 3770 3781 3784 3781 3779 3776 3773 3774 3778 3781 3783 3769 3774 3781 3785 3790 3797 3793 3784 3789 3791 3787 3782 3790 3788 3803 3794 3804 3802 3797 3818 3795 3780 3778 3777 3778 3773 3772 3770 3767 3772 3786 3786 3785 3786 3784
3750 3747 3745 3744 3743 3742 3741 3740 3741 3741 3743 3744 3745 3746 3747 3746 3746 3745 3746 3750 3758 3761 3772 3791 3802 3788 3773 3758 3757 3756 3755 3753 3748 3745 3759 3776 3788 3783 3805 3796 3789 3778 3779 3782 3781 3786 3785 3776 3778 3779 3783 3788 3794 3802 3790 3783 3791 3792 3791 3792 3788 3790 3792 3821 3824 3812 3806 3816 3789 3780 3781 3793 3787 3783 3774 3769 3765 3764 3761 3777 3785 3783 3783
3747 3743 3741 3740 3739 3738 3737 3737 3737 3739 3741 3742 3743 3745 3746 3747 3745 3744 3742 3743 3749 3752 3767 3780 3796 3792 3777 3760 3756 3755 3754 3755 3753 3754 3765 3796 3826 3830 3810 3807 3804 3791 3785 3788 3797 3797 3793 3791 3785 3784 3785 3788 3793 3795 3786 3779 3793 3792 3790 3794 3786 3792 3813 3820 3817 3800 3795 3808 3782 3783 3793 3790 3788 3781 3777 3771 3766 3766 3763 3773 3780 3775 3777
3741 3739 3737 3737 3736 3735 3734 3733 3734 3736 3738 3741 3742 3743 3745 3745 3744 3743 3741 3744 3746 3753 3761 3778 3798 3798 3785 3763 3761 3757 3761 3770 3768 3765 3786 3802 3791 3815 3823 3818 3816 3818 3799 3790 3800 3802 3801 3795 3792 3789 3788 3789 3788 3783 3778 3790 3785 3790 3793 3784 3783 3804 3802 3804 3792 3785 3792 3799 3787 3786 3792 3790 3788 3784 3778 3772 3769 3776 3774 3775 3777 3779 3779
3734 3733 3733 3733 3732 3732 3731 3730 3731 3733 3736 3739 3741 3742 3742 3743 3743 3743 3747 3748 3741 3760 3756 3784 3825 3808 3802 3808 3776 3775 3785 3799 3812 3820 3825 3825 3812 3806 3813 3817 3815 3811 3807 3795 3795 3798 3800 3793 3791 3789 3787 3787 3786 3783 3788 3787 3785 3788 3791 3787 3786 3798 3793 3789 3784 3788 3790 3787 3777 3787 3794 3792 3787 3777 3774 3778 3771 3762 3765 3774 3780 3780 3785
3731 3731 3730 3729 3729 3729 3728 3728 3729 3731 3734 3736 3738 3741 3743 3744 3745 3745 3747 3749 3750 3753 3753 3817 3807 3803 3805 3820 3805 3803 3819 3828 3840 3847 3844 3837 3812 3813 3806 3812 3815 3812 3805 3801 3805 3806 3796 3787 3788 3791 3791 3791 3790 3787 3787 3792 3789 3787 3784 3789 3785 3797 3807 3813 3802 3789 3797 3791 3787 3784 3785 3782 3779 3781 3780 3770 3765 3765 3767 3771 3775 3773 3789
3729 3727 3726 3726 3726 3726 3725 3724 3724 3728 3731 3735 3739 3741 3741 3746 3748 3751 3772 3783 3778 3779 3771 3803 3791 3788 3789 3788 3805 3823 3845 3843 3844 3843 3841 3828 3817 3810 3802 3814 3826 3815 3804 3800 3797 3792 3792 3795 3795 3797 3799 3801 3801 3798 3793 3800 3799 3792 3784 3782 3782 3793 3821 3824 3798 3778 3781 3774 3785 3786 3786 3783 3782 3781 3776 3779 3774 3765 3768 3772 3774 3775 3771
3726 3724 3723 3723 3723 3723 3722 3723 3726 3726 3729 3732 3736 3744 3753 3753 3754 3757 3765 3783 3784 3776 3782 3800 3784 3779 3778 3782 3797 3823 3840 3840 3835 3824 3804 3814 3809 3809 3813 3818 3831 3817 3803 3799 3787 3773 3788 3788 3798 3803 3806 3809 3811 3813 3811 3812 3820 3805 3788 3783 3785 3802 3812 3809 3779 3772 3775 3783 3783 3789 3790 3797 3802 3786 3778 3779 3776 3777 3773 3777 3779 3780 3778
3722 3721 3720 3720 3720 3720 3720 3721 3721 3723 3725 3728 3734 3742 3761 3756 3761 3772 3788 3791 3778 3765 3768 3797 3781 3773 3776 3783 3795 3815 3828 3827 3815 3811 3805 3816 3810 3810 3813 3815 3815 3831 3807 3808 3809 3804 3772 3804 3803 3806 3809 3812 3817 3825 3827 3818 3830 3811 3794 3785 3796 3794 3802 3817 3780 3772 3775 3788 3799 3780 3786 3795 3794 3789 3780 3777 3776 3778 3779 3782 3788 3778 3775
3721 3720 3719 3718 3718 3718 3718 3717 3716 3719 3721 3725 3728 3731 3733 3749 3762 3770 3778 3777 3770 3767 3784 3790 3775 3771 3776 3781 3792 3806 3820 3816 3808 3807 3810 3812 3814 3807 3805 3809 3815 3829 3823 3824 3831 3831 3800 3793 3804 3810 3814 3818 3822 3827 3822 3812 3814 3805 3792 3786 3788 3797 3803 3783 3785 3780 3781 3783 3786 3781 3787 3793 3796 3789 3782 3776 3776 3779 3783 3781 3781 3779 3785
3722 3720 3718 3718 3717 3717 3716 3715 3713 3715 3720 3724 3727 3730 3735 3748 3761 3772 3761 3760 3760 3767 3781 3786 3782 3772 3778 3782 3793 3811 3810 3810 3806 3807 3809 3807 3801 3802 3796 3801 3812 3825 3830 3838 3845 3849 3858 3819 3817 3819 3821 3822 3822 3819 3809 3801 3802 3801 3789 3783 3799 3807 3809 3811 3800 3773 3814 3794 3793 3786 3787 3791 3793 3787 3778 3782 3775 3783 3783 3783 3782 3786 3817
3719 3720 3718 3717 3716 3716 3715 3714 3713 3715 3720 3724 3727 3731 3738 3749 3758 3758 3746 3746 3752 3754 3764 3776 3777 3772 3768 3774 3790 3805 3805 3803 3805 3805 3806 3804 3802 3805 3799 3807 3806 3817 3837 3843 3850 3857 3862 3843 3829 3826 3823 3822 3819 3816 3809 3803 3807 3809 3797 3796 3817 3824 3821 3821 3824 3839 3839 3825 3803 3784 3786 3790 3793 3787 3783 3784 3781 3776 3774 3794 3809 3835 3874
3713 3715 3716 3716 3715 3715 3715 3715 3716 3718 3722 3726 3729 3732 3739 3749 3755 3748 3755 3753 3752 3752 3762 3769 3775 3780 3776 3769 3792 3807 3802 3796 3796 3802 3804 3808 3823 3820 3803 3790 3803 3819 3842 3848 3851 3852 3844 3843 3835 3828 3825 3823 3820 3815 3812 3806 3819 3817 3811 3816 3829 3823 3831 3805 3805 3812 3820 3817 3804 3793 3788 3790 3791 3789 3784 3776 3779 3780 3794 3829 3879 3897 3909
3709 3711 3712 3714 3714 3715 3716 3716 3718 3721 3724 3728 3734 3740 3746 3753 3761 3767 3772 3769 3761 3758 3771 3778 3782 3789 3788 3782 3801 3812 3804 3802 3801 3805 3811 3820 3833 3833 3818 3809 3824 3852 3857 3857 3854 3852 3852 3845 3836 3832 3827 3826 3824 3818 3810 3806 3808 3806 3816 3836 3851 3823 3784 3805 3815 3799 3799 3803 3792 3785 3792 3792 3793 3792 3792 3789 3782 3785 3789 3834 3888 3921 3926
3709 3711 3713 3713 3714 3716 3717 3720 3723 3724 3728 3730 3735 3742 3751 3758 3765 3768 3778 3775 3768 3767 3782 3782 3788 3781 3786 3791 3795 3802 3802 3796 3803 3815 3822 3826 3844 3843 3836 3831 3846 3874 3869 3862 3854 3843 3827 3819 3822 3825 3827 3831 3834 3836 3825 3809 3804 3801 3813 3820 3846 3829 3779 3790 3798 3789 3802 3816 3818 3815 3804 3797 3787 3791 3809 3793 3799 3799 3801 3844 3875 3909 3920
3707 3710 3710 3710 3713 3717 3719 3722 3727 3730 3729 3730 3732 3741 3751 3764 3770 3767 3768 3770 3771 3765 3763 3774 3779 3780 3781 3784 3789 3800 3809 3812 3820 3830 3842 3842 3854 3853 3852 3854 3871 3889 3872 3862 3853 3840 3816 3804 3811 3817 3825 3833 3842 3849 3848 3850 3834 3844 3820 3835 3878 3843 3789 3800 3807 3810 3812 3809 3812 3820 3812 3804 3801 3810 3820 3817 3809 3804 3798 3817 3860 3900 3922
3704 3708 3708 3709 3711 3716 3720 3724 3725 3721 3727 3729 3728 3728 3751 3773 3789 3776 3773 3767 3770 3779 3774 3773 3770 3770 3783 3795 3802 3814 3825 3841 3839 3843 3850 3859 3861 3857 3853 3859 3876 3872 3865 3856 3848 3836 3808 3798 3806 3816 3826 3835 3845 3854 3864 3872 3862 3849 3842 3856 3855 3848 3837 3836 3821 3820 3799 3794 3803 3813 3810 3805 3808 3813 3806 3777 3803 3805 3804 3836 3858 3897 3924
3706 3705 3707 3709 3711 3715 3721 3726 3730 3737 3737 3736 3730 3729 3756 3781 3798 3771 3746 3753 3761 3772 3778 3774 3770 3776 3781 3804 3823 3834 3842 3855 3848 3847 3848 3862 3862 3855 3846 3845 3862 3859 3858 3850 3840 3836 3797 3800 3810 3818 3827 3835 3845 3854 3865 3858 3847 3846 3855 3875 3860 3861 3877 3865 3826 3811 3801 3785 3795 3803 3800 3799 3797 3800 3804 3810 3816 3813 3808 3818 3852 3891 3925
3703 3703 3706 3706 3709 3714 3718 3726 3734 3747 3750 3750 3751 3753 3771 3788 3789 3770 3748 3751 3755 3763 3777 3778 3773 3774 3798 3822 3843 3847 3850 3852 3850 3846 3844 3859 3866 3857 3846 3838 3853 3851 3857 3859 3844 3839 3823 3817 3811 3814 3822 3831 3841 3845 3844 3843 3838 3839 3838 3854 3842 3844 3865 3862 3817 3790 3778 3776 3789 3788 3789 3790 3788 3800 3824 3839 3838 3821 3816 3819 3846 3873 3897
3700 3700 3704 3705 3708 3712 3718 3726 3734 3744 3754 3765 3781 3789 3789 3794 3793 3776 3769 3760 3761 3764 3769 3769 3774 3785 3799 3835 3863 3855 3847 3846 3847 3848 3856 3865 3868 3862 3857 3863 3843 3851 3874 3890 3879 3843 3840 3822 3808 3810 3817 3824 3836 3837 3837 3836 3830 3825 3832 3834 3838 3840 3851 3835 3793 3785 3777 3778 3784 3803 3799 3790 3784 3785 3816 3823 3815 3812 3815 3827 3840 3857 3865
3702 3699 3703 3704 3708 3713 3718 3725 3732 3739 3751 3771 3794 3804 3796 3789 3786 3772 3769 3763 3763 3774 3769 3761 3772 3787 3798 3836 3861 3853 3839 3832 3838 3846 3859 3872 3873 3865 3858 3857 3853 3870 3910 3947 4006 4021 3887 3820 3828 3830 3834 3830 3834 3837 3838 3833 3826 3820 3830 3826 3821 3835 3838 3812 3797 3806 3779 3807 3820 3818 3799 3790 3786 3790 3808 3797 3787 3795 3799 3809 3832 3850 3872
3704 3697 3700 3703 3708 3713 3720 3726 3732 3736 3743 3773 3790 3797 3794 3782 3774 3768 3762 3764 3764 3778 3779 3768 3781 3796 3793 3830 3848 3843 3831 3826 3829 3846 3876 3890 3877 3870 3854 3864 3868 3923 3963 3981 4017 4069 3991 3864 3872 3865 3853 3840 3828 3832 3834 3828 3820 3823 3827 3827 3826 3842 3833 3810 3805 3809 3798 3808 3803 3799 3788 3787 3791 3794 3783 3772 3777 3788 3797 3813 3825 3839 3850
3701 3697 3698 3701 3707 3714 3722 3730 3739 3751 3773 3787 3804 3802 3794 3788 3783 3766 3761 3766 3776 3777 3792 3803 3808 3814 3815 3825 3836 3834 3834 3829 3830 3844 3863 3873 3875 3886 3907 3907 3940 4042 4008 3983 3950 3949 3984 3980 3944 3913 3881 3852 3832 3829 3830 3826 3820 3825 3826 3829 3825 3833 3827 3820 3807 3792 3765 3773 3780 3785 3773 3781 3790 3793 3770 3768 3779 3793 3803 3808 3817 3827 3831
3696 3698 3697 3701 3708 3717 3724 3732 3742 3759 3782 3784 3795 3792 3785 3775 3767 3745 3751 3760 3772 3768 3788 3812 3830 3850 3825 3817 3823 3827 3830 3838 3860 3857 3847 3851 3853 3916 3982 3986 4109 4091 4035 3981 3945 3941 3993 4050 4002 3951 3906 3865 3829 3832 3830 3828 3831 3821 3826 3826 3821 3820 3816 3806 3799 3797 3784 3783 3781 3773 3777 3780 3788 3796 3780 3777 3792 3797 3810 3808 3815 3822 3820
3694 3697 3701 3710 3719 3720 3725 3731 3739 3748 3752 3762 3767 3772 3772 3772 3762 3757 3751 3751 3749 3756 3784 3810 3822 3828 3812 3806 3812 3823 3830 3844 3859 3866 3860 3877 3888 3972 4046 4087 4125 4091 4024 3979 3942 3922 4001 4062 4040 3988 3937 3885 3851 3825 3831 3828 3823 3826 3825 3824 3821 3817 3813 3810 3807 3797 3775 3760 3774 3779 3778 3784 3783 3780 3771 3781 3788 3794 3790 3815 3821 3820 3818
3692 3695 3701 3713 3717 3721 3725 3730 3735 3739 3743 3748 3750 3755 3755 3755 3745 3754 3752 3749 3746 3765 3787 3813 3823 3818 3796 3786 3803 3826 3849 3852 3836 3851 3899 3945 4023 4053 4053 4027 4053 4002 3974 3965 4010 4034 4042 4104 4062 4011 3956 3900 3855 3848 3840 3832 3824 3819 3818 3820 3818 3818 3819 3816 3827 3810 3778 3774 3779 3788 3796 3791 3784 3778 3772 3782 3788 3802 3824 3824 3820 3818 3819
3689 3692 3706 3713 3716 3717 3721 3726 3730 3733 3736 3739 3742 3743 3738 3726 3728 3742 3754 3763 3770 3778 3791 3805 3811 3813 3798 3781 3797 3822 3854 3877 3903 3928 3956 3976 4021 4011 3976 3955 3950 3958 3882 3880 3927 3952 4004 4062 4054 4016 3975 3920 3872 3864 3849 3840 3833 3827 3821 3817 3815 3815 3816 3821 3835 3805 3777 3776 3782 3791 3793 3788 3786 3791 3788 3790 3802 3810 3812 3812 3808 3813 3814
3687 3694 3700 3709 3699 3710 3716 3721 3725 3728 3727 3729 3735 3736 3735 3732 3730 3737 3757 3776 3778 3783 3794 3806 3806 3801 3781 3790 3802 3816 3840 3897 3971 3990 3952 3901 3875 3804 3707 3698 3698 3685 3668 3684 3718 3772 3872 3968 3993 3988 3986 3965 3919 3874 3861 3854 3850 3849 3822 3813 3815 3819 3816 3814 3804 3792 3781 3776 3783 3799 3790 3781 3780 3787 3792 3802 3803 3803 3807 3806 3801 3813 3820
3689 3702 3701 3707 3707 3709 3714 3720 3725 3728 3730 3729 3731 3736 3739 3744 3734 3738 3757 3779 3787 3791 3793 3791 3789 3782 3792 3815 3818 3829 3851 3887 3924 3865 3794 3726 3655 3560 3445 3394 3395 3393 3412 3459 3488 3588 3688 3788 3863 3929 3992 4035 3973 3901 3887 3873 3858 3847 3823 3809 3815 3826 3826 3815 3810 3802 3791 3779 3788 3783 3778 3777 3775 3790 3806 3803 3799 3798 3802 3808 3815 3814 3813
3693 3707 3707 3715 3714 3711 3713 3719 3725 3731 3735 3742 3742 3740 3739 3732 3733 3740 3757 3775 3794 3799 3795 3784 3779 3775 3815 3816 3831 3846 3850 3845 3826 3756 3632 3538 3414 3276 3196 3129 3143 3154 3179 3239 3267 3376 3499 3606 3716 3837 3957 4078 4040 3963 3931 3900 3868 3846 3828 3808 3814 3828 3841 3822 3820 3811 3803 3800 3796 3780 3773 3773 3770 3785 3797 3799 3796 3792 3801 3810 3812 3817 3812
3696 3701 3704 3716 3710 3706 3713 3721 3730 3738 3745 3747 3754 3745 3736 3731 3731 3743 3762 3781 3809 3812 3806 3795 3784 3780 3803 3811 3834 3859 3848 3804 3731 3624 3536 3402 3232 3062 3008 2973 2978 2977 3013 3062 3106 3211 3338 3463 3594 3728 3860 3986 4069 4036 3976 3924 3877 3831 3812 3806 3806 3810 3806 3815 3817 3813 3819 3818 3809 3789 3781 3796 3793 3795 3798 3796 3789 3781 3796 3811 3826 3819 3814
3721 3722 3723 3719 3713 3711 3715 3722 3731 3742 3756 3775 3769 3753 3732 3719 3725 3742 3771 3807 3821 3819 3816 3810 3788 3786 3805 3799 3841 3868 3845 3781 3697 3615 3493 3309 3131 2980 2938 2914 2918 2927 2953 2974 3001 3088 3212 3341 3479 3613 3741 3861 4024 4051 3999 3937 3884 3828 3812 3803 3801 3795 3797 3805 3802 3801 3802 3812 3820 3802 3791 3796 3808 3796 3803 3802 3804 3810 3805 3811 3815 3815 3817
3721 3728 3718 3717 3717 3713 3718 3726 3734 3745 3760 3778 3778 3764 3750 3736 3721 3742 3771 3795 3815 3819 3822 3821 3797 3791 3814 3792 3861 3923 3860 3760 3660 3531 3394 3227 3071 2956 2929 2928 2934 2945 2945 2933 2928 3004 3115 3235 3368 3506 3649 3804 4037 4046 3996 3932 3871 3828 3812 3809 3801 3794 3797 3795 3793 3799 3805 3804 3812 3808 3805 3794 3797 3806 3813 3809 3811 3804 3808 3814 3818 3820 3828
