real_craters/C090-300m.grd
DSAA
205 205
-30.6075 30.6075
-30.6075 30.6075
2884.614657136 4211.8593518914
[rows 30 to 59 of 205, columns 67 to 133 of 205]
3780.88 3785.14 3791.44 3800.68 3810.88 3821.76 3832.28 3836.86 3840.02 3840.43 3839.28 3837.34 3835.41 3833.22 3828.93 3823.48 3816.79 3808.72 3804.87 3810.26 3814.18 3815.5 3811.59 3807.43 3808.54 3809.01 3809.58 3811.04 3813.94 3813.94 3817.31 3822.3 3827.74 3832.96 3828.55 3817.35 3802.24 3802.18 3802.89 3801.37 3798.93 3795.66 3790.89 3783.17 3773.62 3773.75 3778.47 3783.16 3784.6 3785.23 3787.8 3792.02 3796.58 3799.34 3801.05 3803.36 3804.98 3805.82 3806.57 3807.63 3808.98 3810.02 3810.97 3811.1 3812.13 3813.74 3813.85
3779.18 3784.6 3791.19 3799.44 3808.83 3818.29 3826.75 3832.37 3835.17 3835.69 3834.26 3831.81 3829.4 3826.63 3822.36 3817.52 3812.31 3807.75 3806.94 3809.94 3814.28 3815.97 3812.81 3808.32 3807.07 3808.4 3810.01 3811.33 3811.18 3813.8 3816.34 3819.9 3823.59 3827.5 3826.9 3821 3808.13 3804.86 3803.17 3802.45 3801.78 3799.87 3796.52 3791.79 3786.14 3783.2 3778.58 3772.07 3770.36 3779.17 3788.44 3794.78 3798.36 3800.16 3802.34 3803.8 3804.76 3806.17 3807.66 3809.04 3810.16 3811.62 3813.59 3816.15 3817.93 3819.86 3821.59
3782.16 3784.66 3790.3 3797.93 3806.18 3814.38 3821.71 3827.74 3831.06 3830.95 3828.95 3825.55 3821.64 3819.33 3815.59 3812.43 3809.3 3806.67 3806.72 3809.52 3815.39 3819.37 3813.35 3809.03 3807.22 3809.19 3810.34 3811.79 3814.8 3814.35 3815.28 3817.22 3817.63 3816.89 3823.96 3829.04 3830.95 3808.6 3805.41 3805.7 3805.87 3805.67 3805.3 3804.61 3804.76 3798.83 3784.92 3772.03 3769.07 3782.1 3799.13 3801.85 3801.66 3802.36 3803.59 3805.02 3806.2 3806.96 3808.61 3810.04 3812.73 3814.05 3816.38 3818.55 3821.29 3824.49 3827.36
3781.89 3785.41 3790.14 3796.43 3803.48 3810.72 3817.69 3823.25 3826.61 3826.6 3824.09 3819.96 3814.24 3808.15 3809.54 3808.91 3807.23 3805.14 3803.03 3808.29 3813.74 3815.33 3810.16 3807.41 3812.27 3811.11 3810.19 3810.52 3811.95 3814.38 3817.05 3815.7 3814.77 3815.88 3824.02 3832.57 3830.67 3811.28 3809.99 3810.4 3811.69 3813.06 3814.53 3816.1 3817.3 3811.52 3794.48 3779.55 3779.28 3786.83 3799.37 3802.87 3803.11 3803.95 3805.09 3807.02 3808.81 3810.68 3811.6 3813.19 3815.01 3816.57 3818.43 3820.9 3824.5 3827.49 3831.02
3781.06 3784.31 3789.14 3794.97 3800.96 3805.98 3812.93 3819.46 3823.23 3822.9 3820.04 3815.98 3811.96 3809.17 3807.45 3807.19 3806.81 3806.83 3807.71 3810.54 3812.81 3813.29 3811.19 3809.33 3811.46 3809.68 3808.27 3807.63 3807.44 3810.6 3813.83 3813.51 3813.74 3816.46 3824.35 3832.39 3832.11 3820.42 3816.69 3816.69 3818.47 3820.62 3823.11 3825.7 3826.68 3821.69 3805.72 3788.67 3785.16 3788.09 3791.89 3798.01 3801.96 3804.71 3806.99 3809.51 3810.39 3811.63 3813.19 3814.62 3816.95 3818.89 3821.64 3823.35 3825.64 3828.33 3830.6
3780.38 3782.19 3787.64 3794.07 3800 3805.26 3810.85 3816.45 3820.82 3819.73 3816.16 3812.56 3809.07 3806.98 3806.29 3806.7 3807.28 3808.67 3811.86 3811.89 3811.33 3811.53 3812.04 3810.99 3807.24 3806.23 3805.34 3804.53 3804.69 3806.29 3808.38 3809.8 3812.53 3817.12 3822.85 3828.63 3830.15 3825.68 3823.02 3823.67 3825.48 3827.97 3830.46 3833.65 3834.93 3832.51 3822.93 3808.34 3799.33 3794.42 3792.81 3797.6 3802.08 3805.82 3808.46 3810.57 3812.61 3814.48 3815.47 3817.52 3818.59 3819.92 3821.56 3823.73 3825.79 3826.93 3827.38
3780.32 3781.53 3787.4 3794.23 3800.71 3805.14 3810.11 3813.16 3814.21 3813.28 3812.18 3809.68 3806.33 3805.11 3805.67 3806.57 3807.45 3808.41 3808.53 3807.97 3807.13 3806.78 3806.69 3805.97 3804.88 3803.71 3802.52 3801.13 3800.62 3801.01 3801.18 3805.85 3809.59 3814.23 3820.18 3823.67 3822.61 3823.83 3826.29 3828.52 3831.23 3833.93 3836.94 3840.07 3842.89 3845.14 3843.58 3838.04 3822.19 3806.92 3798.31 3802.05 3806.22 3809.31 3812.42 3813.93 3817.13 3818.58 3819.8 3820.91 3819.36 3820.82 3822.67 3823.37 3824.04 3823.66 3823.13
3781.45 3783.51 3788.31 3794.91 3802.41 3810.59 3810.45 3810.66 3809.33 3809.57 3809.88 3808.57 3806.04 3805.41 3805.91 3806.48 3807.34 3808.28 3808.76 3808.95 3806.61 3804.17 3802.27 3802.4 3802.96 3802.47 3800.56 3798.24 3795.47 3794.32 3800.4 3805.28 3809.55 3813.83 3819.03 3822.54 3822.47 3826.3 3830.22 3833.41 3836.34 3839.36 3842.46 3845.47 3847.72 3849.27 3854.4 3855.45 3843.05 3824.29 3812.82 3812.36 3813.77 3815.81 3817.11 3818.35 3818.95 3819.63 3820.51 3821.5 3822.16 3822.52 3822.51 3822.11 3821.16 3819.55 3817.13
3781.03 3783.84 3788.5 3794.73 3801.05 3805.25 3808.73 3809.39 3810.16 3810.3 3808.96 3808.57 3808.77 3807.23 3806.39 3806.45 3807.11 3808.37 3810.99 3812.75 3810.82 3804.59 3800.06 3800.21 3801.76 3801.52 3799.74 3797.46 3794.73 3793.88 3801.98 3806.27 3807.81 3811.73 3817.87 3828.18 3832.67 3832.58 3834.48 3836.71 3839.42 3842.53 3845.56 3848.75 3851.46 3855.43 3861.69 3861.15 3853.15 3842.58 3831.83 3824.61 3821.9 3820.88 3820.75 3820.72 3820.94 3820.93 3820.97 3820.99 3821.74 3821.69 3821.63 3820.87 3819.26 3816.77 3812.02
3777.74 3781.65 3787.2 3793.75 3800.6 3805.68 3806.85 3807.27 3806.89 3805.79 3806.24 3807.14 3808.55 3806.91 3805.77 3805.64 3806.24 3807.06 3807.85 3807.37 3807.13 3803.09 3799.13 3800.61 3801.31 3800.49 3800.63 3798.81 3797.54 3799.7 3804.55 3807.55 3807.93 3808.97 3813.06 3819.12 3831.55 3835.18 3837.93 3839.77 3842.82 3845.02 3847.82 3850.51 3853.7 3858.08 3864.95 3865.56 3857.52 3851.25 3842.42 3833.29 3828.21 3826.3 3825.05 3823.25 3822.06 3821.87 3821.48 3821.43 3821.85 3820.95 3820.14 3819.19 3817.78 3815.57 3812.28
3772.38 3778.19 3785.07 3792.26 3798.93 3803.68 3805.07 3805.08 3804.03 3803.25 3802.52 3802.61 3804.42 3803.69 3803.71 3804.2 3804.86 3805.49 3805.67 3804.63 3803.51 3803.84 3802.67 3805.34 3807.18 3807.91 3804.75 3801.2 3799.07 3801.24 3806.71 3810.06 3805.26 3805.32 3807.28 3815.47 3828.36 3835.52 3839.32 3841.91 3844.23 3845.91 3847.81 3850.98 3853.54 3856.66 3861.13 3860.5 3854.65 3847.66 3842.19 3836.66 3831.96 3829.93 3826.88 3826.57 3825.71 3824.47 3823.58 3822.7 3822.04 3820.9 3819.75 3817.99 3816.86 3815.59 3814.15
3767.15 3774.62 3783.67 3791.74 3796.67 3800.94 3803.9 3803.68 3801.87 3799.29 3797.8 3796.5 3795.73 3799.09 3801.23 3802.44 3803.51 3804.31 3805.2 3806.56 3806.74 3810.02 3813.12 3813.71 3814.71 3814.18 3809.2 3803.33 3797.84 3794.61 3800.72 3807.65 3805.61 3803.13 3803.03 3808.4 3828.29 3836.42 3840.91 3844.18 3846.5 3847.97 3849.62 3851.57 3852.24 3852.67 3845.99 3842.03 3844.09 3842.8 3841.09 3838.22 3834.98 3831.67 3828.43 3826.37 3825.03 3823.86 3822.75 3823.88 3822.5 3821.53 3820.47 3818.68 3817.12 3815.98 3815.66
3767.52 3774.24 3784.51 3794.27 3802.12 3805.03 3805.23 3803.71 3800.68 3796.58 3795.75 3794.55 3794.11 3797.32 3799.74 3801.62 3803.21 3803.96 3804.47 3804.32 3806.78 3815.62 3820.83 3821.02 3820.57 3818.25 3813.49 3806.15 3797.7 3789.07 3790.89 3795.37 3797.61 3804.07 3806.77 3815.85 3830.48 3838.72 3843.59 3846.09 3847.93 3849.37 3849.89 3851.52 3851.7 3851.57 3849.42 3842.93 3842.55 3841.08 3842.05 3839.47 3836.31 3832.57 3829.46 3827.24 3825.74 3824.67 3823.57 3822.87 3822.04 3820.74 3819.5 3818.23 3816.63 3815.23 3813.07
3768.39 3776.14 3787.49 3798.55 3807.32 3809.37 3807.77 3805.16 3802.27 3799.61 3798.21 3797.04 3796.69 3798.16 3800.08 3802.11 3803.5 3804.76 3805.58 3806.18 3810.59 3818.87 3824.71 3826.3 3826.63 3825.66 3819.58 3810.84 3801.61 3793.85 3792.39 3798.26 3808.89 3812.34 3817 3824.91 3836.66 3843.05 3847.4 3849.85 3851.55 3851.76 3851.94 3851.06 3851.37 3850.73 3848.6 3845 3848.7 3851.91 3846.59 3842.13 3838.31 3834.62 3831.45 3829.24 3826.31 3825.21 3824.34 3823.58 3822.69 3821.81 3820.64 3818.99 3816.87 3814.76 3812.24
3772.92 3780.81 3791.66 3802.84 3811.47 3812.15 3809.41 3806.23 3803.77 3802.95 3801.81 3800.79 3800.07 3800.18 3801.59 3803.47 3805.11 3806.86 3808.86 3811.6 3815.68 3821.59 3827.23 3830.49 3831.55 3830.48 3825.02 3816.94 3808.46 3801.06 3799.46 3806.95 3814.82 3822.53 3832.75 3837.67 3843.63 3849.19 3852.5 3853.31 3853.35 3853.06 3852.57 3852.05 3851.12 3849.86 3847.47 3848.3 3852.16 3853.61 3847.48 3841.43 3837.47 3833.36 3831.18 3828.78 3827.72 3826.45 3825.77 3825.04 3824.54 3823.05 3821.99 3820.79 3818.66 3816.11 3812.51
3785.01 3788.09 3795.4 3804.94 3815.84 3812.34 3808.84 3805.6 3803.11 3802.45 3801.33 3800.88 3800.84 3801.33 3803.25 3805.59 3807.71 3809.94 3812.42 3816.92 3821.48 3827.63 3832.31 3835.01 3835.91 3834.72 3830.46 3823.66 3816.47 3811.35 3811.03 3814.24 3820 3829.91 3842.55 3855.55 3857.41 3857.56 3858.01 3857.88 3857.48 3856.49 3855.13 3853.83 3852.35 3851.96 3856.51 3853.6 3850.83 3848.66 3842.48 3838.35 3835.64 3834 3833.19 3831.77 3828.83 3828.1 3827.16 3826.63 3826.14 3825.96 3824.64 3823.02 3820.78 3817.73 3816.06
3792.86 3792.78 3796.29 3801.7 3804.98 3807.74 3806.26 3803.77 3800.64 3795.74 3791.37 3794.1 3798.09 3802.08 3805.65 3808.71 3811.58 3813.81 3815.51 3817.04 3826.23 3835.01 3838.22 3839.74 3840.4 3840.21 3837.13 3830.51 3824.19 3818.72 3814.96 3815.44 3823.6 3837.14 3847.26 3861.9 3865.31 3864.71 3863.44 3861.89 3860.2 3858.95 3855.6 3853.12 3850.96 3849.47 3850.94 3848.86 3839.84 3835.31 3832.13 3830.36 3829.35 3829.85 3830.04 3830.23 3829.33 3829.58 3829.01 3829.34 3829.51 3829.24 3828.81 3828.23 3824.81 3818.64 3813.79
3792.04 3792.22 3794.12 3797.72 3802.33 3802.84 3803.27 3802.46 3800.26 3796.32 3793.28 3792 3798.3 3804.21 3808.9 3812.73 3816.1 3818.68 3820.52 3821.86 3826.61 3836.57 3841.64 3843.49 3843.88 3843.11 3840.33 3836.31 3832.13 3828.23 3824.71 3829.68 3835.35 3849.64 3862.92 3869.3 3870.18 3868.87 3866.64 3865 3862.19 3859.36 3856.09 3852.48 3848.81 3845.79 3839.02 3832.84 3823.7 3819.82 3821.49 3822.69 3823.15 3823.21 3824.26 3825.44 3826.33 3827.39 3828.39 3829.5 3831.24 3832.12 3832.49 3832.96 3832.63 3830.23 3825.86
3786.52 3788.63 3790.29 3790.93 3793.34 3798.84 3801.65 3802.89 3803.12 3803.65 3805.11 3802.44 3804.97 3809.65 3814.17 3818.53 3822.49 3825.78 3828.17 3827.22 3824.69 3837.54 3844.56 3846.81 3846.89 3845.34 3843.09 3841.68 3840.17 3840.15 3844.19 3849.45 3847.43 3863.31 3874.7 3873.42 3873.09 3871.72 3868.88 3865.91 3862.93 3859.72 3856.43 3852.04 3846.33 3837.43 3828.59 3829.85 3815.94 3810.96 3812.75 3814.56 3816.61 3818.99 3820.56 3822.51 3824.25 3826.46 3828.48 3830.34 3832.5 3834.41 3836.51 3838.71 3841.79 3847.55 3843.8
3782.32 3786.12 3788.19 3789.95 3793.07 3797.82 3802.01 3804.82 3806.74 3808.45 3810.16 3811.4 3812.87 3816.43 3820.66 3825.05 3829.23 3833.61 3837.84 3837.92 3832.24 3844.38 3849.37 3850.88 3850.75 3849.35 3847.18 3847.58 3847.46 3848.62 3852.38 3855.91 3858.74 3875 3884.32 3876.05 3876.44 3873.23 3869.39 3866.74 3863.05 3859.5 3855.27 3851.04 3846.14 3842.3 3833 3824.04 3809.66 3805.48 3806.93 3809.32 3811.99 3815.54 3817.15 3819.82 3822.56 3825.04 3827.96 3830.67 3833.51 3836.15 3839.08 3842.61 3846.03 3848.55 3848.01
3785.02 3787.06 3788.23 3790.15 3794.07 3799.43 3804.53 3808.48 3811.09 3812.22 3812.31 3816.06 3820.05 3823.68 3827.21 3831.08 3835.27 3839.98 3845.14 3846.91 3845.36 3852.43 3854.71 3855.07 3854.95 3854.83 3855.36 3854.05 3853.03 3853.96 3855.59 3857.39 3864.09 3879.98 3894.34 3890.17 3880.95 3874.71 3870.2 3865.42 3862.28 3858.23 3854.46 3850.72 3845.06 3839.46 3835.04 3822.24 3807.59 3803.14 3803.44 3805.24 3808.05 3810.98 3814.37 3817.31 3820.79 3824.59 3827.24 3830.53 3833.93 3837.34 3841.53 3845.38 3848.81 3849.81 3850.2
3790.69 3790.85 3790.85 3789.46 3795.79 3803.2 3808.97 3813.53 3816.81 3818.82 3818.16 3824.54 3828.36 3830.9 3833.51 3836.78 3840.22 3844.39 3848.65 3851.76 3854.82 3858.81 3859.31 3858.65 3857.99 3858.45 3860.42 3857.68 3855.46 3856.59 3861.67 3864.82 3869.03 3876.35 3884.44 3885.75 3878.72 3873.28 3867.97 3864.45 3860.22 3856.13 3852.58 3848.99 3844 3839.26 3830.52 3815.28 3807.83 3802.39 3801.26 3803.31 3804.66 3807.88 3813.13 3816.83 3820.38 3823.93 3827.43 3830.87 3835.39 3838.98 3843.38 3847.48 3851.66 3855.76 3853.97
3793.85 3796.34 3798.38 3798.16 3804.41 3810.58 3815.8 3820.39 3824.55 3829.07 3835.71 3839.53 3837.77 3838.02 3839.35 3841.53 3844.57 3847.92 3849.82 3853.57 3858.43 3863.03 3861.65 3860.24 3858.9 3857.91 3856.55 3854.59 3853.73 3854.93 3859.83 3869.79 3877.66 3875.4 3873.81 3874.57 3872.22 3868.34 3864.64 3860.71 3857.81 3854.3 3850.21 3847.33 3842.24 3834.94 3822.37 3812.71 3805.87 3800.3 3799.04 3800.32 3802.74 3809.71 3813.69 3818.09 3821.83 3825.87 3829.53 3833.72 3836.81 3840.34 3844.05 3847.31 3851.21 3855.79 3857.74
3795.74 3802.62 3809.78 3816.55 3817.6 3820.24 3823.92 3828.03 3832.37 3836.87 3841.62 3845.32 3844.41 3843.57 3843.99 3845.16 3847.61 3851.34 3855.47 3857.73 3859.51 3861.55 3861.84 3860.72 3858.62 3855.75 3852.13 3849.8 3849.52 3850.13 3853.2 3865.27 3864.39 3870.19 3866.79 3865.74 3865.31 3863.56 3860.27 3857.24 3852.99 3849.95 3846.73 3844.43 3841.34 3838.06 3825.95 3806.52 3799.18 3797.02 3797.77 3800.89 3803.14 3808.95 3812.94 3816.89 3821.11 3824.84 3828.71 3833.22 3836.59 3840.49 3843.74 3846.82 3849.37 3853.06 3860.49
3799.19 3808.16 3818.07 3829.39 3827.57 3829.14 3832.03 3835.65 3839.58 3843.44 3845.11 3849.46 3848.33 3847.02 3846.39 3846.51 3848.16 3851.72 3861.48 3860.35 3859.58 3859.54 3861.61 3860.79 3858.5 3854.84 3850.19 3846.73 3846 3845.37 3847.43 3859.5 3863.32 3862.55 3861.13 3861.27 3860.67 3858.91 3857.61 3854.99 3850.61 3847.29 3843.94 3840.92 3837.66 3833.35 3821.6 3803.48 3794.74 3794.93 3798.26 3802.69 3806.3 3810.33 3814.39 3817.97 3821.48 3825.69 3829.18 3833.35 3836.46 3840.59 3843.78 3847.07 3849.72 3853.67 3860.74
3804.12 3812.95 3819.71 3825.08 3831.67 3835.2 3838.19 3841.43 3845.06 3849.04 3853.72 3852.35 3849.3 3847.92 3847.19 3846.72 3846.62 3846.47 3843.82 3856.55 3864.64 3865.38 3863.92 3862.02 3859.07 3855.36 3851.59 3848.66 3844.38 3842.08 3843.52 3858.53 3862.15 3861.18 3858.67 3857.82 3858.25 3858.01 3857.11 3853.96 3849.47 3845.64 3840.45 3836.43 3835.09 3837.08 3828.13 3805.91 3794.17 3796.38 3801.45 3805.53 3809.5 3812.76 3815.96 3819.28 3822.36 3825.67 3829.23 3832.45 3835.81 3839.98 3843.58 3847.31 3851.75 3854.72 3857.65
3811.72 3819.52 3825.05 3829.6 3836.56 3840.53 3843.23 3845.77 3848.51 3851.16 3851.27 3846.57 3847.73 3847.84 3847.04 3846.15 3845.15 3844.51 3846.84 3852.59 3860.58 3865.11 3865.66 3863.55 3860.11 3856.05 3852.19 3848.02 3843.25 3840.02 3841.44 3852.2 3858.13 3859.82 3854.74 3854.28 3854.75 3855.89 3856.54 3857.36 3853.84 3848.85 3839.8 3832.72 3825.68 3833.57 3832.01 3811.97 3796.11 3802 3807.33 3811.15 3813.91 3815.89 3818.46 3816.94 3824.1 3823.11 3826.52 3830.11 3833.6 3838.09 3841.72 3846.2 3850.7 3852.2 3851.92
3819.45 3828.13 3836.57 3841.51 3843.93 3846 3847.58 3848.85 3850.39 3851.97 3852.04 3847.64 3849.03 3848.83 3847.64 3846.25 3844.69 3843.62 3845.73 3850.81 3857.84 3867.33 3867.82 3864.69 3861.07 3856.91 3852.32 3846.98 3843.55 3839.33 3837.06 3844.1 3851.73 3853.57 3850.01 3850.81 3853.02 3856.04 3858.38 3859.84 3858.11 3852.67 3846.81 3836.25 3825.91 3837.4 3837.62 3825.8 3813.23 3814.21 3814.8 3814.37 3815.07 3816.28 3818.06 3820.06 3822.42 3819.37 3828.09 3827.07 3830.38 3834.87 3839.95 3843.08 3844.65 3845.9 3845.62
3825.12 3835.57 3845.14 3849.8 3850.73 3850.86 3850.54 3850.21 3850.31 3850.89 3852.33 3856.3 3853.21 3850.07 3848.2 3846.81 3845.63 3843.69 3844.62 3852.34 3859.69 3867.1 3867.66 3865.42 3862.32 3858.77 3854.74 3850.67 3848 3844.77 3841.92 3845.49 3851.15 3849.87 3847.7 3850.54 3854.87 3860.03 3863.83 3864.92 3864.79 3861.22 3854.64 3846.16 3840.5 3847.23 3841.5 3835.01 3839.58 3829.28 3821.41 3815.69 3813.64 3813.09 3814.37 3817.99 3820.12 3815.49 3825.23 3822.39 3826.82 3833.57 3836.64 3840.4 3840.89 3841.29 3840.48
3829.42 3842.47 3850.1 3855.42 3856 3854.26 3852.08 3850.12 3848.69 3847.93 3849.55 3852.1 3851.22 3849.01 3847.79 3847.58 3848.38 3850.61 3853.36 3857.62 3862.09 3863.67 3865.52 3865.95 3863.8 3860.93 3858.03 3856.61 3854.73 3855.44 3856.82 3856.81 3856.1 3846.23 3843.85 3849.68 3856.57 3864.48 3870.87 3875.07 3876.95 3874.87 3869.76 3859.5 3855.03 3844.77 3838.39 3834.12 3850.49 3836.83 3822.25 3814.14 3810.69 3805.33 3810.59 3812.17 3814.75 3817.88 3821.32 3820.34 3826.02 3829.67 3834.93 3837.92 3839.14 3838.55 3837.24
