real_craters/C091-500m.grd
DSAA
125 125
-30.9575 30.9575
-30.9575 30.9575
10503.15958134 12020.939206243
[rows 90 to 119 of 125, columns 0 to 66 of 125]
11592.4 11597.1 11607.4 11625.7 11639.4 11624.7 11632.2 11654 11657.6 11668.1 11659.6 11636.9 11610.1 11579.1 11575.8 11544.9 11502.1 11468.6 11445.8 11432.9 11413.2 11392.7 11382.7 11378.7 11378.5 11373.2 11369.3 11362.7 11354.4 11347.8 11339.3 11322.1 11319.4 11334.2 11346.4 11357.8 11368.8 11378.4 11388.7 11397.7 11407 11417.4 11397.5 11403.3 11402.7 11396.3 11386.7 11377.7 11367.9 11356.8 11346.2 11334.7 11331.3 11325.1 11324.5 11332 11356.6 11345 11331.6 11325.4 11330.6 11335.5 11336.5 11339.7 11340.7 11336.8 11340.1
11578.8 11584 11590 11598.9 11603.6 11599.3 11596.2 11596.6 11592.3 11588.3 11581.2 11582.5 11573.1 11558.2 11557 11527.1 11495 11455.2 11422.9 11400.8 11387.5 11379.7 11374.7 11374.1 11375.6 11374.2 11371.2 11365.5 11359 11350.7 11341.3 11328.9 11327.8 11339.3 11350.3 11360.9 11371 11381.8 11390.6 11398.1 11405.4 11406 11402.9 11402.2 11405 11399.1 11390.5 11381.9 11371 11359.8 11347.1 11332.1 11318.9 11321.2 11321.7 11321.6 11325.1 11323.6 11309.4 11317.1 11329.2 11337.4 11338.7 11335.5 11325 11336.3 11335.4
11558.4 11552.1 11560.6 11569.7 11570.7 11561.5 11542.7 11515.7 11531 11539.1 11538.1 11548.5 11545.8 11531.3 11524.3 11497.9 11464.5 11434.5 11402.8 11370.4 11365.1 11366.1 11368.5 11369.7 11369 11366.7 11364.1 11361.4 11357 11354.6 11347.6 11344.5 11343.6 11348.3 11354.8 11362.7 11371.2 11379.8 11388.1 11395.1 11400.8 11402.6 11403.8 11402.4 11398.6 11395 11393.4 11386.4 11377.4 11366.6 11353.9 11338.4 11323.5 11327.5 11328.7 11325.1 11321.4 11319.3 11309.2 11320.4 11335.8 11347.2 11354.2 11350.1 11353.9 11356.4 11356.3
11527 11516.1 11527.3 11547.2 11546.8 11531 11511.9 11495.7 11506 11522.2 11531.8 11542.5 11537.9 11519 11502.7 11481.3 11445.6 11426.1 11399.7 11373.3 11364.2 11362.8 11363.5 11362.8 11362.6 11362.6 11360.6 11358.5 11356.9 11356.8 11354.4 11358.4 11355.2 11355.9 11359.2 11364.7 11371.6 11378.8 11386.5 11394.9 11399.4 11401.9 11403.6 11405.7 11405 11402.7 11399.6 11392.3 11384.1 11376.3 11369.1 11360.1 11350.1 11349 11348.1 11345.9 11344.5 11342.8 11339.8 11341.8 11348.6 11355.1 11357.3 11362.2 11370.4 11377 11376.6
11469.7 11469.6 11486.9 11506.5 11512.6 11505.8 11495 11489.5 11499.8 11524.2 11557 11553.7 11547.1 11537.3 11513 11491.8 11467 11436.1 11409.5 11388.7 11373.4 11366.1 11363.7 11361 11360.7 11361 11359.4 11358.4 11356.4 11355.5 11354 11357.2 11356.5 11359.6 11362.7 11367.3 11373.1 11379 11386 11393.8 11400.9 11403.2 11408.9 11411.6 11418.5 11427.3 11409.7 11400.2 11390.9 11388.1 11386.2 11387.8 11385.4 11376.6 11374.7 11375.3 11373.4 11369.1 11365.3 11360.3 11356.7 11363.1 11361.4 11355.6 11363.8 11361.2 11352.5
11435.8 11438 11457.3 11466.6 11483.4 11487.4 11482.7 11479.6 11491.7 11520.4 11547.5 11553.3 11544.9 11533.7 11521.3 11502.3 11478.7 11449.5 11420.9 11397.6 11382.6 11374 11368.1 11365.4 11362.4 11360.6 11358.6 11357.5 11356.2 11354.8 11349 11344.7 11351.6 11359.8 11363.7 11367.9 11372.7 11378.1 11384.2 11391.8 11401.7 11429.6 11417.2 11409.5 11407.3 11403 11399.4 11399.2 11400.9 11402.9 11402.2 11403 11401.7 11399.1 11398.4 11399.6 11398.8 11385.2 11380.7 11367.1 11346.8 11340.9 11334 11319.4 11304.1 11274.2 11267.3
11405 11419.2 11455 11480.2 11485.3 11482 11475.2 11470.6 11480.4 11509.5 11539.6 11547.8 11537.2 11520.9 11521.4 11512.2 11491 11462.2 11431.4 11407.2 11390.6 11379.2 11372.2 11366.2 11361.4 11358.1 11355.9 11355.7 11356 11355.1 11349.9 11346.7 11351.1 11358.8 11362.1 11365.5 11369.5 11373.9 11378.5 11383 11388.3 11395.6 11402.9 11397.4 11386.1 11370.5 11384.2 11396.1 11404.8 11411 11415.2 11416.2 11416 11414.7 11414.9 11415.6 11415.3 11407.8 11387.1 11359.2 11322.2 11281.5 11280.1 11278.9 11255.9 11229.9 11233
11410.1 11429.3 11466 11504.8 11494.3 11483 11471.5 11462.8 11467.8 11495.7 11526 11536.7 11528.9 11522.9 11526.1 11524.1 11505 11474.3 11441.5 11415.2 11396.6 11382.8 11372.2 11364 11358.2 11355 11352.5 11352.3 11354.5 11359.2 11356.1 11354.2 11357.9 11359.1 11361 11363.9 11367.5 11371.5 11375.1 11376.9 11375.3 11371.7 11384.1 11386.6 11381 11373.7 11384 11395.8 11405.1 11413.7 11420.9 11424.7 11423.5 11420.9 11418.9 11419.8 11421.8 11414.7 11377.7 11334.8 11306.5 11276 11267.4 11266.2 11261.4 11255.2 11247.2
11419.6 11436.7 11467.7 11492.9 11492.6 11481.7 11469.1 11458.3 11457.1 11481.9 11505.7 11517 11518.9 11524.5 11527.5 11531.6 11514.3 11484.5 11451.1 11423.2 11401 11384.2 11370.9 11361.1 11354.3 11349 11346.1 11344.7 11347.9 11359.3 11362.3 11360.7 11355.5 11351.5 11351.2 11353.6 11363.7 11369 11374 11379.7 11377.4 11375.2 11380.3 11383.1 11385.4 11391.5 11393.8 11396.7 11401.1 11410.4 11421.9 11430.1 11423.7 11415.4 11409.3 11407.5 11410.1 11388.7 11352.8 11319.7 11309.2 11293.5 11275.3 11265.4 11266.2 11276.1 11257.7
11419.7 11429.9 11463.1 11487.7 11487 11478.9 11468.5 11459.7 11456.8 11478.2 11496 11503.8 11508.3 11516.5 11539.6 11541.6 11522.9 11493 11458.1 11428.4 11403.7 11384.7 11369.3 11357.3 11349.6 11342.9 11338.1 11335.6 11335.3 11344 11357.3 11351.7 11344.4 11341.4 11342.5 11345.9 11351.2 11358.2 11366.9 11377.8 11385.5 11388.7 11382.8 11380.8 11386.8 11393.9 11393.5 11387 11386.2 11399.6 11419.4 11426.3 11416 11398.8 11384.9 11377.9 11367.4 11346.1 11335.4 11334.8 11319.9 11305.1 11276.3 11256.1 11246.5 11243.6 11240.8
11426.1 11427.4 11455.8 11475.9 11475.3 11470.4 11465.9 11465.3 11471.3 11487.2 11501.2 11504.4 11508.1 11509.6 11536.7 11546.6 11523.4 11492.5 11459.9 11428.1 11398.9 11378.8 11362.6 11350.9 11341.9 11334.4 11327.9 11322.3 11314.3 11303.5 11300.7 11306.6 11319.4 11325.1 11329.9 11334.6 11340.2 11347.5 11357.5 11371.5 11383.4 11386.8 11375.6 11369.3 11372.4 11385.3 11384.6 11361.3 11352.4 11363.6 11395.3 11425.2 11390.3 11364.8 11349.6 11339.7 11339 11336.5 11312.2 11308.3 11287 11277.4 11257.5 11240 11221.3 11201.8 11218.2
11426.7 11426.4 11446 11459.4 11457.9 11456.2 11457.1 11465.6 11483 11497.8 11510.1 11532.4 11513 11506.9 11525 11539.1 11506.1 11471.8 11460.5 11413.1 11386.9 11368.1 11353.8 11342.6 11331.9 11324.1 11316.4 11307.6 11295.9 11272.8 11239.7 11264.1 11295.3 11309.4 11317.6 11323.1 11325.5 11331 11339.7 11356.1 11367 11367.1 11351.9 11338.5 11333.3 11347.6 11348.9 11300.6 11287 11292.1 11319.4 11354.2 11323.6 11311 11300.8 11288.4 11270.3 11242.4 11237 11219.5 11213.2 11219.8 11235.5 11231.4 11215.8 11201.3 11214.3
11425 11424.7 11432.5 11436.5 11434.7 11432.6 11434.7 11446.9 11469.3 11479.4 11479.6 11491 11469.3 11475.9 11504.6 11501.3 11465.9 11423.9 11380.2 11376 11364.2 11350.7 11335.3 11324.5 11314.9 11308.8 11302.9 11296.4 11287.3 11271.1 11245.9 11257.5 11284 11296.6 11304.1 11308.7 11311.5 11313.2 11315.5 11328.3 11363.8 11341.1 11314.5 11294.4 11270.8 11233.4 11178.1 11207 11213.5 11204.6 11178.2 11187.9 11231.7 11249.7 11254 11245.8 11223.4 11197.6 11201.5 11198.3 11203.7 11223.8 11238.1 11239.7 11231.3 11223.9 11230.8
11422.2 11422.7 11427.9 11412.8 11398.2 11394.5 11397.5 11404.7 11413.7 11415.4 11409.2 11383.6 11370.6 11389.3 11411.7 11423.7 11419.1 11390 11359.6 11350.9 11339.3 11325.4 11314.3 11304 11296.8 11291.8 11292 11295 11293.9 11289.5 11276.7 11275.3 11285.1 11289 11292.5 11295.2 11296.1 11293.8 11285.8 11270.3 11231.5 11265.2 11272.8 11257.6 11227.3 11174 11123.1 11155.1 11169.9 11152.4 11108.5 11115.3 11171.8 11206.5 11223 11226.9 11216.6 11204.7 11220.2 11237.2 11252.9 11261.3 11261.1 11260.6 11259.3 11257.6 11257.5
11385 11386.2 11375.4 11354.9 11344.8 11342.7 11346.5 11349.5 11345.6 11336.9 11348.1 11340.7 11317.5 11325 11374.3 11388.8 11380.8 11365.9 11347.8 11328.8 11313.7 11307.7 11297.5 11290 11284.1 11281.5 11281.3 11285.9 11297.1 11316.7 11322.3 11300.6 11288.8 11285.1 11285 11286 11286.2 11283 11271.8 11244.2 11202.3 11230.6 11249.8 11245.4 11220.8 11189.3 11162 11171.5 11171 11159.2 11140.2 11140.5 11165.2 11190.8 11212.3 11223.6 11233.7 11251.8 11282.6 11289.1 11308.3 11298.7 11285.9 11283.1 11287 11288.3 11284.9
11270.7 11254.4 11231.1 11267.8 11285.5 11286 11289.1 11295.1 11301.1 11306.7 11311 11294.6 11215.7 11255.3 11309.9 11338.7 11345.7 11337.9 11322.9 11307.1 11292.6 11281.8 11274.4 11270.5 11265.3 11262.9 11261.9 11267.3 11274 11298.3 11306.3 11289.5 11276.6 11271.3 11270.7 11273.7 11276.6 11279.3 11280.8 11278.8 11271.6 11261.7 11256.9 11249.5 11239.5 11233.1 11239.9 11221.6 11200.5 11189.6 11194.9 11183.6 11185.5 11199.1 11214.3 11228.7 11247.7 11274 11294.4 11302.7 11307.4 11304.8 11292.5 11290 11303.4 11291.6 11280.2
11204.6 11203.2 11199.7 11217.4 11234 11240.7 11243.7 11248.3 11263.5 11289.8 11282.5 11266.6 11207.2 11243.6 11287.9 11307.6 11311.4 11316.3 11300 11276.1 11263.6 11253 11247.3 11242.5 11239.6 11235.8 11235.2 11235.7 11234.5 11234.8 11240.3 11248.4 11245.7 11244.4 11246.3 11251.3 11259.3 11271 11284.3 11321.7 11343.3 11299 11274.2 11261.6 11255.5 11257.3 11268 11249.2 11221.7 11207.6 11205.9 11200.8 11200.8 11206.4 11219 11233.9 11255.7 11280.6 11293.2 11301.7 11308.2 11301.8 11288.6 11276 11266.4 11257.8 11245.1
11190.1 11195.7 11195.6 11194.4 11192.2 11187.9 11185.9 11185.7 11194.1 11226.3 11212.4 11243.1 11281.5 11243.9 11279.6 11264.8 11241.1 11289 11259.6 11230.6 11222.4 11217.4 11214 11208.4 11206.5 11202.1 11197.5 11194.5 11190.6 11194 11193.8 11202 11205.2 11208.9 11214.8 11225.7 11238.8 11256.5 11274.4 11304.1 11315.6 11296.8 11275.8 11261.9 11255.7 11255.4 11253.9 11243.7 11229.1 11214.4 11203.5 11207.7 11212.4 11216.8 11223.3 11236.4 11254.8 11281.2 11301.3 11296.6 11305.1 11292.1 11290.9 11275 11253.9 11284.4 11298.9
11188.2 11195.9 11197.3 11170.2 11149.3 11139.5 11132.6 11120.5 11099.4 11056.7 11067.2 11106.7 11120.5 11121.7 11126 11107.7 11091 11087.4 11137.9 11162.9 11175 11180 11181.2 11180.6 11176.1 11170.4 11162.7 11154 11146.6 11170.6 11159.3 11160 11167.1 11174.9 11183.7 11195.1 11210.6 11230.9 11248.4 11264.8 11277.5 11278.4 11265.8 11256 11249.7 11249.8 11247.6 11244.1 11233.3 11223 11217.4 11221 11228.7 11230.3 11235.2 11237.3 11244.8 11258.4 11268.8 11250.4 11232.9 11282.5 11327.9 11336.5 11327.7 11401.5 11481.3
11151.9 11164.2 11181 11115.1 11098.4 11092.2 11084.9 11069.2 11038 10992.2 10981.8 10992 10986.6 10999.6 10990.7 10989.6 10987 10986.7 11058.5 11109.5 11136.9 11151 11159.6 11154.9 11153.6 11144.6 11133.4 11118.1 11096.4 11067.6 11100.2 11118.4 11131.8 11142 11151.5 11161.4 11175.5 11195.8 11220.9 11258 11266.4 11255.5 11247.9 11241.4 11237.1 11236 11242.4 11247.6 11233.8 11231.1 11231.2 11238.2 11244.1 11249.9 11253.7 11252.5 11238.2 11218.2 11197 11211.9 11250.9 11343.4 11418.6 11464.9 11497.5 11525.4 11577.5
11026.7 11026.2 10996.7 11027.2 11049 11063 11059.8 11048.7 11025.3 10993.3 10975.9 10974.2 10977.8 10992.7 10995 10992.3 11006.1 11015 11061.9 11100.8 11124.5 11137.5 11142 11139.4 11132.7 11123.4 11115.7 11100.8 11084.8 11044.7 11078.3 11092.1 11104.5 11113.4 11120.5 11127 11134.7 11147.6 11172.1 11223.5 11228.2 11216.9 11212.7 11211.8 11211.2 11209.1 11208.7 11208.7 11221.5 11244.4 11256.1 11256.4 11260.5 11267.8 11272.4 11271.9 11258.9 11230 11206.2 11270.1 11395 11504.1 11536.9 11579.6 11603.7 11593.7 11593.8
10957.9 10958.7 10954.6 10986 11026.4 11050.9 11057.5 11052.7 11044 11034.2 11030.7 11018.7 11050.6 11070.3 11077.5 11109.3 11114.7 11122.6 11110.6 11120 11131.1 11137.7 11140.3 11135.3 11126.4 11114.6 11103.4 11096.6 11111.2 11112.9 11097.2 11087.4 11093.7 11099.7 11102.9 11102.2 11097.7 11091.1 11085.9 11099.3 11133.7 11152.2 11166 11177 11182.9 11182.9 11174.9 11166.2 11195.9 11235.5 11260.2 11267.7 11277.2 11288.2 11300.7 11310.6 11316.2 11312.9 11321.1 11449.1 11561.8 11625.7 11616.2 11617.6 11623.8 11618.1 11607.9
10946.6 10953.2 10962 10994.8 11030.8 11052.8 11062.2 11064.1 11068.4 11074.7 11081.5 11067.7 11106.5 11127.8 11132.8 11144 11152.3 11155.1 11139.1 11129.3 11131 11139.2 11136.3 11129.3 11118.5 11103.4 11090.3 11082 11104 11110.3 11088.9 11085.5 11090.5 11095.3 11095.5 11086.1 11070.7 11045.5 11010.9 10984.7 11044.2 11099.2 11136.2 11160.1 11174.4 11178.1 11168.4 11143.5 11189.4 11213.7 11247.7 11277.2 11298 11320.5 11343.5 11366.4 11393.5 11439.1 11532.6 11620.5 11641.3 11651.1 11643.6 11627.3 11626.3 11627.3 11619.2
11008.1 11014 11025.6 11043.3 11062.5 11072.3 11076.4 11081.9 11089.9 11102.1 11117.3 11112.4 11124.1 11137.1 11149.8 11160.3 11163.3 11166.9 11157.8 11148 11139.7 11130.7 11121.6 11114.1 11110.5 11096 11078.9 11058.7 11047.7 11052.7 11069 11083.5 11095.5 11103 11103.6 11094.7 11073.7 11038.8 10994.1 10974 11026.6 11085.3 11131.5 11162.8 11184.6 11198.1 11210.1 11235.1 11246.1 11250.3 11268.5 11296.5 11324.7 11352.1 11380.4 11415 11461.3 11526.2 11608.9 11645.1 11660.1 11658.9 11656.1 11642.4 11639.3 11638.3 11630.2
11081.9 11085.5 11099.2 11111.2 11102.9 11099.3 11097.6 11101.8 11107 11119.9 11132.7 11136 11143.4 11150.7 11158.8 11169.4 11177.1 11175 11163.6 11154.9 11147.6 11138.7 11146.5 11137.2 11124.9 11109.1 11087.8 11054.8 11014.3 11026.4 11065.4 11095.8 11116.1 11128.3 11132.1 11125.8 11107 11073.8 11027.4 11015.4 11061.4 11114.2 11157.6 11187.8 11210.6 11229.3 11251.2 11285.6 11290.6 11291.7 11298.6 11318.6 11347.8 11380.8 11415.7 11456.3 11504 11564.9 11619.7 11652.1 11668.2 11675.8 11671.4 11662.9 11657 11651.9 11646.5
11109.8 11109.2 11125.9 11143.9 11126 11115.7 11114 11116.8 11124.7 11129.4 11143.3 11147 11149.7 11157.8 11157.9 11168 11178.2 11178.7 11184.8 11192.3 11198.6 11198 11195.4 11185.3 11173 11154.3 11128.3 11096.5 11051.7 11066.9 11101.8 11132.3 11155.1 11170.9 11180.4 11181.7 11174 11154.9 11120.3 11107.6 11142.1 11177.1 11207.5 11232.4 11251.7 11264.5 11273.6 11278.1 11270.1 11277.7 11309.3 11346.2 11383.5 11417.3 11452.4 11498 11536.3 11579.1 11616.5 11641.7 11663.6 11679.9 11684.4 11680.5 11673.5 11665.5 11659.2
11023.2 11055.1 11097.5 11134.6 11118.1 11120.7 11129.5 11140.3 11137.9 11132.2 11128.9 11129.9 11131.6 11145.7 11142.7 11156 11174.2 11173.5 11189.1 11209.3 11222.7 11229.7 11233.6 11229.3 11220.1 11204.5 11186.9 11169.9 11183.4 11163 11167.9 11187.9 11208 11225.5 11240.1 11251.9 11261 11267.8 11273.3 11266.5 11255.7 11263.3 11275.4 11289.3 11300.8 11307.4 11302.3 11270.8 11243.8 11266.8 11328.7 11376.9 11416.5 11452.3 11488.2 11523.6 11557.7 11589.4 11615.7 11637.9 11656.2 11676 11691.1 11697.8 11686 11675 11665.7
10999.7 11014.4 11047 11045.7 11083.6 11119.4 11152.4 11165.6 11162.6 11141 11101.6 11097.6 11112.4 11106 11148.1 11143.9 11107.5 11160.5 11216.7 11247.7 11262.7 11271.4 11275.4 11274.9 11269.5 11261.7 11251.7 11233.6 11235.1 11238.5 11240.9 11254.9 11271.7 11289.4 11307.9 11328.2 11351.6 11378.5 11396.5 11385.3 11363.2 11350.5 11347.7 11351.2 11358 11364.2 11365.3 11354.3 11339.8 11349.3 11386.5 11418.9 11447.1 11476.2 11506.1 11535.8 11564.1 11591.3 11613.8 11634.7 11650.3 11670.5 11690.1 11697.9 11689.2 11678.2 11668.2
11081 11073.2 11077.7 11046 11096.9 11151.2 11186.4 11206.4 11209.9 11193.5 11148.3 11159 11198.1 11216.7 11263.6 11253.8 11214.5 11247.3 11286 11305.4 11316.2 11323.3 11326.8 11329.4 11330.4 11328.8 11322.3 11298.3 11283.4 11308 11315.7 11326.7 11339.6 11355.2 11374.3 11398 11428.2 11467 11513.5 11480.1 11447.5 11425.8 11415.7 11412.2 11416.7 11426.5 11443.5 11475.7 11522.3 11487.8 11464.5 11468.8 11483.7 11502.9 11523.4 11547.4 11572.4 11594.5 11612.5 11628 11645.3 11672.7 11693.3 11691.1 11684.8 11675.3 11666.1
11284.8 11257.8 11210.1 11161.1 11187.8 11227.7 11254.2 11279.1 11296.3 11308.4 11313.5 11355.7 11414.2 11463.3 11444.4 11438.8 11464.6 11413.3 11385.4 11375.8 11373.3 11374.4 11377.6 11382.8 11389.6 11397.3 11405.7 11400.1 11387.8 11394.1 11393.3 11396.2 11403.3 11414.9 11431.4 11453.2 11480.8 11513.4 11538.3 11522.1 11498.9 11479.1 11468.2 11465.3 11468.2 11479.5 11500.1 11531.6 11557.5 11541.7 11518.5 11512 11516.8 11528.1 11544.2 11560.5 11578.3 11595.4 11609.5 11609.4 11620 11656.8 11679 11677.4 11675.1 11669.3 11661.3
