real_craters/C091-300m.grd
DSAA
207 207
-30.9575 30.9575
-30.9575 30.9575
10498.37685958 12017.836289882
[rows 30 to 59 of 207, columns 68 to 135 of 207]
11712.5 11706.3 11702.8 11700.9 11699.8 11697.7 11696 11693.4 11689.8 11678.8 11663.1 11650.4 11637.5 11627.3 11624.2 11622.3 11621.4 11621 11616.1 11613.2 11611.9 11610.8 11610.1 11609.4 11607.7 11606.1 11604.8 11604.2 11605 11606.5 11599.9 11591.3 11588.6 11588.5 11586.7 11584.2 11573.9 11564.6 11551.7 11538.6 11525.1 11512.1 11499.5 11487.8 11476.2 11464.5 11453.9 11442.6 11431.9 11421.4 11409.9 11398.4 11386.6 11377.8 11366.6 11355.8 11345.5 11335.9 11331.5 11329.6 11328.5 11323.5 11319.9 11317.7 11315 11312 11308.1 11302.2
11722.8 11716.3 11711.9 11708.8 11706.7 11703.8 11701.6 11699.5 11697.1 11686 11670.1 11656 11642.9 11632.3 11629.6 11628.4 11628.2 11625.1 11626.2 11625.5 11625.1 11624.8 11624.4 11622.9 11620.7 11618.1 11615 11612 11609.5 11606.2 11600.4 11593.9 11592.8 11593.8 11591 11583.3 11571.2 11560.9 11549.7 11538.1 11525.6 11513.2 11500.7 11488.4 11477.5 11465.7 11454.8 11442.9 11431.1 11419.8 11407.9 11395.9 11384.4 11375.4 11364.1 11353.2 11342.7 11333.1 11327.5 11323.7 11318.4 11316.4 11314.7 11312.8 11310 11306.5 11302.1 11296.8
11729.6 11725.4 11720.9 11716.1 11711.7 11707.9 11705.2 11701.2 11696.7 11687.7 11675 11662.7 11650.9 11640.5 11636.8 11634.2 11633.9 11638.5 11635.9 11635.9 11636.7 11637.6 11637 11635 11633.3 11628.4 11622.6 11617 11611.4 11605.6 11600.1 11596.5 11597.6 11601.1 11599.3 11586.8 11572 11559.1 11547.7 11536.7 11525 11513.7 11501.7 11489.7 11478.4 11466.5 11454.8 11442.6 11430.2 11417.8 11404.9 11393.2 11382.3 11373.1 11361.8 11351.1 11341.2 11332.5 11326 11320.9 11316.5 11313.8 11311.2 11308.7 11305.5 11302 11297.4 11292.3
11740.1 11735 11729.4 11722.9 11716.7 11711.3 11706.2 11700.3 11693.7 11686.3 11679.3 11669.9 11658.9 11651.2 11643.6 11638.7 11637.9 11639.7 11642.1 11643.9 11646.1 11648.9 11652.3 11654.4 11646.4 11637 11628.3 11620.2 11612.5 11605 11599.5 11598.5 11601 11606.9 11606.3 11588.6 11570.9 11556.6 11545.5 11535.4 11524.4 11513.6 11501.6 11490.1 11478.7 11467 11455.6 11443.2 11430.3 11416.6 11402.9 11391.4 11380.3 11369.1 11359.5 11348.9 11339.7 11332.1 11324.6 11319.3 11316.4 11313 11308.4 11305.1 11301.7 11298.2 11293.6 11288.5
11752 11745.8 11736.8 11728.6 11720.4 11713 11706.2 11699 11691.6 11685.4 11682.3 11675 11662.9 11653 11645.7 11641.7 11639.8 11642.5 11647.3 11649.8 11652.3 11656.1 11660.9 11663 11653 11641.7 11631.3 11621.7 11613 11605.1 11599.8 11599.8 11601.9 11604.1 11599.9 11584.9 11567.4 11553.6 11543.7 11533.9 11523.1 11512.3 11501.4 11490.5 11479.7 11468.1 11456.6 11444.3 11431.9 11418.5 11404.8 11391.8 11379.6 11367.5 11357.3 11346 11336.3 11328.5 11321.6 11316.4 11312.6 11308.7 11304.9 11302 11299.3 11295.6 11291.1 11285.6
11771.1 11755 11741.9 11730.6 11721 11712.7 11705 11697.5 11690.4 11684.2 11681.3 11674.8 11663.2 11650.6 11644.5 11644.6 11647.6 11652.9 11653 11653.6 11655.2 11657.8 11660.2 11659.5 11652.4 11641.7 11631.3 11621.7 11613 11605.5 11600.2 11599.8 11601.1 11594.7 11588.3 11578.7 11566.1 11553.8 11542.6 11532 11521.3 11510.8 11500.4 11489.6 11479.7 11469.1 11457.9 11446.3 11434.3 11422.4 11408.8 11393.6 11380 11366.7 11355.3 11342.7 11331.3 11322.8 11317.4 11313.2 11309.5 11306.4 11302.3 11299.8 11297.4 11293.9 11289.8 11284.2
11775.5 11755.8 11740.8 11728.6 11718.8 11710.3 11702.7 11695.8 11689.3 11683.2 11680.8 11675.4 11664.1 11651 11644.9 11647.8 11655.2 11658 11655.8 11654.9 11654.8 11655.4 11656 11655.2 11648 11638.2 11628.6 11620.1 11612.1 11605.5 11600.5 11596.3 11591.2 11585.2 11579.5 11573.2 11564.9 11554.5 11541.3 11529.6 11518.9 11508.8 11499.1 11490.3 11480.6 11470.9 11460.2 11448.9 11436.5 11423.3 11409.8 11395.1 11381 11366.9 11354.1 11340.3 11327 11318.4 11314.6 11310.9 11306.9 11302.8 11300.5 11299.3 11297.5 11294.2 11289.8 11284.7
11753.2 11743.8 11733 11723.3 11714.1 11706.7 11699.5 11693.6 11688.6 11684.8 11682.5 11678.5 11666.6 11654.1 11647.5 11649.5 11653.1 11655.7 11654.7 11652.9 11651.5 11650 11648.2 11645.1 11639.1 11631.7 11624.2 11617.2 11610.4 11604.3 11598.2 11592.9 11586.9 11581.5 11575.1 11568.1 11560.9 11552.1 11537.2 11524.1 11514.6 11505.4 11497.3 11489.7 11481.5 11473.2 11463.6 11452.4 11439.6 11423.9 11410.6 11397.6 11383 11368.2 11353.1 11339.8 11327.6 11319.1 11314.6 11311.1 11307.1 11302.8 11301.4 11301.5 11299.6 11296 11291.4 11286
11728.2 11726 11721 11714.7 11708.1 11702 11696.2 11690.7 11686.5 11683 11680.7 11677.4 11667.4 11657.4 11652.1 11651.2 11652.7 11652.6 11651.3 11648.9 11646.3 11643.2 11639.1 11633.8 11628.4 11624.1 11619.2 11614.2 11608.9 11603.5 11597.2 11592.2 11587.4 11581.5 11571.9 11562.2 11552.4 11542.7 11528.4 11516.9 11509.3 11501.9 11495.6 11489.3 11482.7 11475.2 11467.6 11457.7 11446.4 11431.8 11417.3 11402.6 11386.4 11370.3 11354 11339.8 11327.9 11321 11317.1 11314.6 11311.5 11306.9 11306.5 11307.3 11305.1 11300.3 11293.9 11286.5
11708 11708.8 11707.4 11704.2 11700.9 11696.6 11691.8 11687 11682.9 11679.2 11676.4 11672.7 11665.5 11657.7 11651.4 11652.8 11652 11649.6 11646.9 11643.7 11640.1 11635.8 11630.6 11624.8 11620.3 11617 11614.2 11611.2 11608.1 11604.3 11599.6 11594.6 11589.2 11582.3 11568.7 11555.3 11541 11525.3 11515.7 11508.6 11503.7 11498.7 11494.4 11489.3 11484.1 11477.7 11471.6 11464.7 11456.4 11444.7 11427.7 11409.7 11391.3 11373.1 11355.3 11339.7 11327.6 11322.4 11321.1 11321.4 11321.4 11318.7 11319.6 11319.1 11314.1 11307 11298.1 11287.8
11691.6 11694.3 11695.4 11694.9 11692.7 11689.9 11686.7 11682.7 11678.8 11674.8 11671 11667.2 11662.3 11657.4 11654.9 11654.1 11650.8 11645.4 11642.1 11638.4 11634.2 11629.1 11623.1 11617.5 11613.3 11610.7 11609.7 11609 11608 11606.3 11603.7 11598.7 11589.5 11579.4 11564.9 11549.3 11531.9 11514 11504.8 11500.5 11499 11496.2 11493.4 11489.4 11485.3 11481.2 11476.4 11471.5 11466.4 11456.8 11437.4 11416.9 11396.6 11376.5 11357 11339.7 11327.5 11324.5 11326.3 11330.2 11335.3 11342.6 11344.1 11334.1 11324.7 11314.9 11303.8 11291.2
11679.6 11683.4 11685.8 11686.7 11685.9 11684.2 11681.5 11678.2 11674.6 11669.4 11665 11662.5 11659.6 11656 11651.1 11647.5 11641.7 11639.7 11637.1 11633.6 11629 11623.6 11616.9 11609.9 11604.5 11604.9 11606.8 11608.3 11609.1 11608.9 11607.2 11601.9 11590.7 11578.3 11562.7 11545.9 11527.4 11508.8 11498.6 11495.8 11494.5 11492.4 11490.8 11488.4 11485.3 11482.4 11479.1 11475.8 11472.4 11463.6 11443.5 11422.7 11401.7 11380.7 11360.1 11340.6 11327.3 11328 11332.9 11339.2 11346.5 11354.6 11356.3 11345.5 11334.6 11323.3 11311 11297.6
11672.1 11676.1 11678.8 11680.4 11680.4 11679.6 11677.6 11675.1 11671.5 11666.3 11661.7 11660.6 11658.8 11655.9 11652.2 11644.3 11637.6 11635.4 11633.1 11630 11625.6 11620.2 11613.3 11605.5 11599.6 11601.9 11606 11609.4 11611.6 11612.4 11610.6 11604.2 11594.2 11579 11563.5 11546.9 11528.1 11509 11497.6 11495.2 11493.9 11492.7 11491 11488.8 11486.3 11483.5 11480.6 11477.3 11473.1 11463.1 11445.5 11426.5 11406.6 11386.5 11366.7 11346.4 11332.5 11335.7 11341.6 11348 11354.5 11359.6 11357.3 11353.2 11343.1 11331.8 11319.7 11306.9
11668.4 11671.8 11674.1 11675.8 11676.1 11676.4 11675 11673.3 11670.4 11666.3 11662.5 11661.9 11660 11656.6 11652.4 11646.3 11637.2 11634.2 11631.5 11628.4 11624.3 11619.2 11613 11606.5 11601.5 11603.7 11608.3 11612.8 11616.2 11617.9 11617.4 11613.6 11603.9 11582.8 11569.6 11553.3 11534.1 11515.4 11502.6 11499 11497.2 11495.5 11493.3 11490.9 11488 11484.8 11481.3 11477.1 11471.4 11461 11445.8 11429 11411.2 11393.6 11377.3 11363 11352.2 11349 11351.8 11356.2 11361.4 11366.8 11370.3 11361.3 11350.5 11339.7 11329.2 11318.6
11668.3 11670.2 11671.5 11672.5 11673.6 11673.3 11673 11671.8 11670.6 11668.9 11667.9 11665.6 11661.9 11657.6 11652.6 11644.1 11638 11634.9 11631.5 11628.2 11624.4 11620.5 11616.3 11611.6 11608.6 11610.3 11614.1 11618.6 11622.6 11625.4 11626.5 11624.6 11617.4 11601.7 11583 11564.4 11544.7 11525.7 11510.8 11506.8 11503.7 11500.6 11497.4 11494 11490.4 11486.3 11481.6 11476.2 11469.4 11459.1 11445.7 11430.9 11415.7 11400.9 11388.1 11377.9 11369.4 11362.9 11361.5 11362.9 11366.1 11370.4 11373.3 11364.8 11355.1 11346.6 11338.8 11331.2
11670.8 11670.6 11671.4 11671.5 11671.9 11671.4 11671.1 11670.6 11670.3 11670.5 11672.1 11668.6 11663.5 11658.6 11653.6 11647.3 11640.9 11637.2 11633.6 11630.7 11627.7 11624.7 11621.7 11619.1 11617.8 11619.1 11622.3 11626.4 11630.3 11633.8 11636.2 11636.4 11630.8 11618.3 11598.2 11577.3 11557.8 11540.6 11527 11518.6 11512.3 11507.4 11502.7 11497.9 11493.2 11487.9 11481.9 11475.1 11466.9 11457 11445.4 11432.8 11419.8 11407.1 11396.4 11386.7 11378.2 11372.4 11368.9 11367.9 11368.2 11368.8 11366.3 11362.1 11356.6 11351.6 11347.2 11343
11674.8 11672.6 11671.7 11670.7 11670.4 11669.5 11668.9 11668.5 11668.5 11668.8 11669.7 11666.9 11662.9 11658.8 11654.6 11650.7 11644.7 11640.2 11637.3 11635.1 11632.8 11630.5 11628.6 11627.2 11626.7 11627.8 11630.9 11634.5 11638.5 11642.1 11645 11646.8 11641.1 11628.3 11609 11588.5 11570.2 11555.1 11543 11531.2 11521.8 11514.9 11508.7 11502.7 11496.7 11490.1 11482.8 11474.8 11465.3 11456.1 11446 11435 11423.5 11412.3 11402.4 11393.7 11385.3 11378.9 11374.1 11371.6 11369.2 11366.4 11361.8 11358.4 11356.4 11355 11354.1 11353.3
11677.8 11674.5 11671.7 11670 11668.6 11667.5 11666.7 11666.2 11665.8 11665.3 11664.4 11662.6 11660.8 11658.9 11655.6 11649.9 11646.6 11644.1 11642.1 11640.6 11639.2 11637.7 11636.5 11635.9 11636 11637.4 11639.6 11642.7 11646.5 11649.6 11651.5 11650.8 11644.7 11631.1 11613.7 11596.1 11579.7 11565.6 11554.6 11540.9 11530.3 11522 11514.7 11507.6 11500.8 11493.2 11484.9 11476.3 11466.7 11457.4 11447.5 11437.6 11427.1 11416.9 11407.4 11399.1 11390.6 11383.9 11378.4 11374.3 11370.6 11365.6 11359.3 11355.8 11357.1 11358.6 11360.2 11361.9
11677.9 11674.4 11671.4 11669.3 11667.7 11665.2 11664.5 11663.3 11662.7 11662.1 11661.2 11660.6 11660.7 11660.9 11659.9 11654.1 11649.1 11648.4 11647.5 11646.8 11645.9 11644.9 11644.3 11643.9 11644.5 11645.8 11647.5 11650.6 11653.9 11656.4 11657.2 11654.3 11647.3 11631.9 11615.6 11601.7 11586.6 11571.9 11557.3 11545.7 11536.9 11528.9 11521 11513.1 11505.3 11497 11488.1 11479 11469.5 11460 11450.2 11440.8 11431 11421.3 11411.6 11402.7 11394.8 11388.5 11382.7 11377.6 11372.5 11367.3 11361.6 11358.7 11359.8 11362.6 11366.1 11369.6
11676 11673.2 11670 11667.9 11666 11663.8 11662.4 11660.9 11660 11659.3 11659.3 11660 11662.2 11664.5 11664.4 11656.2 11653.9 11654.4 11654.3 11653.7 11653.2 11652.8 11652 11651.7 11651 11650.8 11654.2 11658.2 11661.6 11663.5 11663.2 11659.1 11650.3 11636.3 11621.7 11607.8 11593 11577.9 11561.9 11551.2 11544.6 11537 11528.5 11519.9 11510.9 11501.7 11492.1 11482.6 11472.9 11463.4 11454 11444.9 11435.8 11426.2 11415.9 11405.6 11399 11393.2 11387.1 11381 11375.8 11370.2 11365.3 11362 11363.7 11367.1 11371.2 11376
11673.4 11671.4 11669.2 11666.8 11664.9 11662.8 11661.2 11659.7 11658.2 11657.2 11656.9 11658.4 11663.4 11668.5 11670.3 11666 11662.4 11661.6 11661.4 11660.9 11660.6 11660.4 11660 11659.6 11658.6 11658 11662 11666.8 11670 11671.2 11670 11665 11653.1 11641 11629.1 11613.8 11599.8 11586.3 11572.3 11561.9 11555 11546.3 11536.9 11526.9 11517 11507.3 11496.8 11486.2 11476.5 11467.1 11458.3 11449.7 11441.2 11432.6 11423.4 11413.5 11405.7 11398.5 11391.8 11385.1 11379.1 11373.6 11369.6 11366.9 11368.1 11371.4 11376.1 11381.6
11671.6 11669.9 11668 11665.9 11663.8 11661.6 11660 11658.5 11656.4 11655 11654.3 11655.1 11661.9 11668.9 11672.7 11672.9 11670.6 11669.1 11668.3 11668 11668.2 11668 11668.8 11668.7 11668.8 11668.5 11672 11676.6 11679 11679.2 11676.6 11670.1 11656.8 11643.1 11630.5 11617.4 11605.9 11595.9 11587.3 11578.9 11567.7 11556.3 11545.2 11534.5 11524.1 11513.6 11502.6 11490.6 11480.1 11471.8 11463.1 11454.7 11446.7 11439.3 11432.9 11424.2 11413.3 11404.1 11396.2 11388.8 11382.7 11377.5 11374 11372.5 11372.2 11375.2 11380 11385.8
11670.8 11669 11667.1 11664.8 11663.1 11661.3 11659.2 11657.4 11655.8 11653.8 11652.5 11652.4 11658.1 11664.7 11669.6 11674.9 11676.8 11674.4 11673.7 11673.7 11674.5 11675.8 11677.2 11678.9 11680.4 11681 11684.5 11687.6 11688.1 11686.8 11683.2 11675.6 11658.8 11643.1 11628.4 11618.4 11610 11603.3 11598.6 11593.1 11578 11565.1 11552.9 11541.3 11530.8 11520.2 11510 11499.5 11488.5 11477.9 11468.2 11459.1 11451.1 11444.1 11438.7 11430.2 11418.6 11408.5 11400 11392.3 11386.1 11380.9 11377 11373.1 11374.3 11378.2 11383.1 11388.9
11670.5 11668.4 11666.2 11664.1 11662.4 11660.8 11658.6 11657.2 11655.5 11654.1 11652.9 11652.6 11656.7 11662.1 11665.5 11672.3 11676.4 11676.7 11677.3 11678.1 11679.7 11681.8 11684.7 11688.2 11692.6 11697.7 11699.9 11698.3 11695.8 11692.8 11688.6 11680.5 11662.3 11643.5 11628 11618.4 11611.8 11606.6 11602.2 11596.2 11583.1 11569.9 11557.3 11546.3 11535.9 11526.1 11517.1 11508.8 11496.6 11483.9 11472.4 11462.2 11453.6 11446.2 11439.7 11431 11420.7 11410.9 11402.7 11395.5 11389.5 11384.4 11380.3 11377.9 11378.2 11380.9 11385.9 11391.9
11669.9 11667.2 11665.2 11663.4 11661.5 11660.2 11658.8 11657.4 11656.6 11655.9 11655.4 11656 11658.6 11662.2 11665.8 11670.4 11674.5 11677 11679.3 11681.1 11683.5 11686.4 11690.2 11694.8 11701.2 11708.7 11710.3 11705.1 11699.8 11695.2 11690.6 11681.9 11660.8 11641.1 11627.1 11617.7 11611.4 11606.2 11601.1 11594.5 11583.4 11571.5 11559.5 11549 11538.8 11530 11521.4 11513.8 11501 11487.5 11475.1 11464.1 11454.4 11446.2 11439.8 11430.5 11421.3 11412.6 11405 11398.5 11392.5 11387.6 11383.5 11380.3 11380 11383.4 11388.3 11394.2
11668.4 11665.6 11663.7 11662.3 11660.7 11659.8 11659 11658.8 11658.4 11658.3 11658.5 11659.6 11660.4 11661 11665.3 11668.6 11673 11676.6 11679.8 11682.4 11685.3 11688.5 11692.3 11697.8 11704 11710.2 11711.2 11705.2 11697.7 11691.3 11686.5 11678.9 11655.2 11636.1 11624.1 11615.4 11609.1 11603.3 11597.5 11590.6 11581.3 11571 11560.2 11549.7 11539.7 11530.6 11522 11514.4 11501.5 11488.4 11476 11464.5 11453.9 11443.8 11435.2 11427.9 11421 11414 11407.4 11401.3 11395.7 11390.9 11387.1 11384.1 11383.7 11386.1 11390.6 11396.3
11666.1 11664.2 11662.8 11661.5 11660.8 11660.9 11660.5 11660.3 11660.4 11660.7 11661.2 11661.8 11661 11657.9 11658.8 11665.1 11672.1 11675.3 11678.7 11681.7 11684.7 11688 11691.5 11696.1 11701.3 11706.3 11706.8 11698.9 11689 11679.6 11671.4 11661 11644.4 11629.6 11619.6 11612 11604.7 11598.5 11592.5 11585.7 11577.7 11568.9 11559.1 11548.9 11539 11529.1 11519.3 11509.4 11499 11487.6 11476 11464.9 11453.9 11442.4 11430.8 11426.3 11421.5 11415.8 11410.1 11404.4 11399.2 11394.5 11390.6 11387.5 11385.9 11388.7 11393.3 11398.3
11663.3 11662.5 11662.3 11662 11661.8 11661.8 11662.3 11662.2 11662.5 11663 11663.5 11663.9 11662.5 11657.6 11655.5 11661.1 11668.2 11672.5 11676.3 11679.6 11682.1 11684.4 11686.8 11690.2 11693.5 11696.9 11696.6 11686.5 11673.9 11661.7 11650 11638.6 11627.9 11618.6 11611.1 11605.9 11597.6 11591.9 11586.8 11580.9 11574 11566.2 11557.2 11547.2 11537.4 11527 11516.2 11505.7 11496.1 11486.7 11476.1 11465.6 11455.3 11446.4 11438 11430.2 11424.2 11418.9 11413.7 11408.3 11403.3 11398.8 11394.9 11392 11390.4 11392 11396 11400.4
11661 11661.2 11661.5 11661.9 11662.1 11662.2 11662.8 11663.1 11663.9 11664.5 11665.4 11665.4 11663.6 11657.6 11653.7 11658.4 11663.8 11669.1 11673.8 11676.3 11677.7 11678.8 11679.8 11680.5 11681.3 11681.5 11678.8 11668.1 11654.6 11640.6 11627.2 11616.1 11607.6 11600.2 11595 11590.5 11587 11584 11580.7 11576.2 11570.2 11563.5 11554.9 11545.5 11536 11525.8 11514.5 11504.2 11495.5 11486.9 11477 11466.5 11456.6 11448.8 11442.8 11434.3 11427.9 11423 11418.3 11413.6 11408.8 11404.2 11400.1 11397.1 11395.4 11395.6 11398.6 11402.3
11659 11660 11661.2 11661.9 11663 11663.9 11664.2 11665.3 11665.9 11666.8 11667.2 11666.6 11664.1 11658.9 11653.9 11658.8 11665.2 11670.2 11672.6 11673.3 11673 11672.1 11670.8 11669.1 11666.3 11662.7 11656.3 11646 11633.4 11619.6 11604.7 11594.7 11587.7 11580.8 11577.4 11575.8 11575.6 11575.7 11575 11573.4 11569.6 11561.1 11552.5 11543.6 11534.7 11526.1 11516.5 11506.4 11497.4 11488.8 11479.1 11468.5 11457.5 11446.5 11439.5 11436 11431.5 11428.3 11423.9 11419.8 11415.4 11410.1 11405.5 11402 11398.6 11398.6 11401 11404
