real_craters/C091-300m.grd
DSAA
207 207
-30.9575 30.9575
-30.9575 30.9575
10498.37685958 12017.836289882
[rows 60 to 89 of 207, columns 68 to 135 of 207]
11657.4 11658.8 11660.2 11661.5 11662.7 11664 11665.5 11667.7 11668.5 11669 11669 11668.1 11665.4 11662.3 11657.6 11662.2 11669.2 11673.6 11672.3 11670.5 11668.1 11665.3 11661.5 11657.1 11651.1 11643.8 11634.2 11624.2 11613.6 11602 11589.7 11580.1 11572.5 11564.9 11562.7 11562.5 11565.9 11569.2 11569.8 11568.5 11565.1 11557.3 11550 11541.6 11533.1 11526.2 11522.4 11512.6 11500.5 11491.9 11482.9 11472.8 11461.3 11447.6 11440.9 11440.1 11437 11433.9 11429.5 11425.1 11420.3 11416.2 11411.5 11407.6 11405 11404.3 11404.8 11407
11656.3 11657.8 11659.3 11661.7 11663.2 11664.6 11666 11667.7 11668.8 11669.8 11670.5 11670.6 11669.9 11668.7 11665 11666.6 11670.6 11672.9 11670.5 11667.3 11663.3 11658.9 11652.5 11645.7 11636.9 11626.9 11615.2 11605.2 11597.3 11588.7 11580.7 11572 11564.1 11556.7 11555.9 11555.9 11562.6 11566.5 11566.6 11563.4 11555.6 11554 11548.5 11540.2 11530.4 11521.2 11518.2 11509.8 11501.1 11495.8 11489.2 11481.2 11471.2 11458.4 11452 11449.9 11446.4 11442.2 11437.2 11432.5 11428 11421.9 11417.1 11413.7 11410.8 11409.2 11408.3 11409.9
11656.7 11658.4 11660.1 11661.6 11663.4 11664.9 11666.6 11668.1 11669.4 11670.7 11672 11673.1 11673.9 11672.1 11669.5 11669.2 11670.4 11670.3 11667.7 11663.5 11658.3 11652.1 11644.5 11635.9 11625.4 11613.7 11601 11591.3 11585.9 11579.2 11572.3 11567.7 11562.4 11557.7 11559.2 11566.7 11569.8 11568.1 11566.5 11564 11559.9 11556.6 11550.4 11541.3 11529.2 11513 11496.2 11498.1 11501.3 11501.5 11498.4 11493.1 11486.9 11480.3 11471 11463.9 11457.9 11452 11446.4 11440.7 11434.3 11428.6 11423 11419.1 11414.2 11410.8 11411.6 11413.6
11656.9 11658.5 11660.1 11661.6 11663.4 11665.1 11666.6 11668 11669 11671.2 11672.8 11674.2 11675.4 11671.8 11670.9 11670.5 11669.8 11668.1 11664.9 11659.7 11653.6 11646.5 11638.5 11629 11617.9 11605.4 11592.1 11582.7 11580.9 11577.5 11571.1 11569.6 11565.9 11563.3 11564.9 11570.8 11572.7 11569.1 11567.5 11566.9 11568.5 11562.2 11555 11547.2 11535.9 11518.3 11494.1 11502.8 11509.3 11511.5 11509.9 11506.6 11502.6 11498.6 11488.4 11478.6 11470.5 11462.8 11455.6 11448.7 11441.4 11435.4 11429.4 11423.8 11418.6 11416.4 11415.8 11417.9
11657.4 11658.9 11660.4 11661.9 11663.4 11665.9 11666.9 11668.2 11669.7 11671.2 11673.3 11674.5 11677 11674.4 11672.4 11670.4 11668.3 11667.2 11662.3 11656.2 11649.9 11643.2 11634.8 11625.1 11613.9 11601.7 11589.1 11580.6 11583.3 11587.9 11588 11578.7 11571.9 11567.7 11566.1 11566.9 11567.4 11567.6 11567.1 11566.9 11565.7 11563 11560.3 11557.2 11552.6 11544.6 11533.9 11529.6 11528.9 11526.4 11523.3 11520 11516.1 11509.9 11500.9 11490.9 11481.5 11472.8 11464.5 11457 11449.9 11443.8 11437.1 11430.1 11424.5 11420.4 11420.6 11423
11659.3 11660.8 11662.5 11663.9 11665.3 11666.3 11667.1 11668.1 11669.8 11671.4 11672.3 11672.3 11672.7 11671 11669 11666.5 11664.1 11661.9 11657.8 11653.1 11647.9 11641.3 11633.3 11623.9 11613.4 11602.3 11592.1 11587.5 11587.9 11594.3 11596.4 11586.4 11577.7 11571.2 11567.1 11565.4 11565.9 11566.9 11566.9 11566.3 11564.6 11564.2 11565.3 11567.7 11573 11580 11576.4 11562.4 11550 11542.9 11536.8 11532.2 11529.1 11523.7 11512.5 11501.7 11491.4 11482.1 11473.9 11467 11459.5 11451.5 11444.7 11436.5 11430.8 11426 11426.3 11429.2
11661.4 11663.6 11665 11666.3 11667.6 11669 11669.8 11670.5 11671.6 11671.6 11671.7 11670.2 11668.9 11668.8 11665.3 11661 11659.3 11656.3 11653.6 11651.4 11647.5 11642 11634.9 11626.3 11616.8 11606.2 11596 11589.4 11588.4 11591.8 11594.6 11591.5 11584.9 11576.5 11568.4 11568.2 11566.3 11570.7 11569 11567.4 11568 11568.9 11568.1 11573.4 11585.6 11605 11612.4 11585.4 11567.7 11556.9 11548.1 11541.6 11536.9 11531 11520.6 11510.6 11501 11492.6 11483.3 11475.5 11468 11460.2 11453.2 11445.8 11440.2 11435.5 11435.1 11436.9
11663.5 11665.6 11667.3 11668.6 11669.6 11672 11672.6 11673.5 11673 11672.4 11671.3 11669.9 11669.5 11669.4 11663.2 11658.4 11657.2 11655.9 11654.3 11653.5 11650.9 11646.9 11641.3 11634.3 11625 11614.6 11603.3 11592.4 11593.4 11595.6 11601.2 11603.4 11599.3 11590.5 11580.1 11583.5 11589.1 11582.4 11574.3 11568.7 11564.7 11562.2 11564.7 11571.8 11583.6 11596.6 11599.1 11589 11576 11566.1 11556.5 11548.4 11540.2 11532.7 11526.1 11518.4 11509.5 11501.2 11492.8 11481.2 11473.5 11466.1 11459.5 11454.5 11451 11449.3 11447.6 11445.4
11666.7 11668 11669.7 11670.8 11671.7 11672.3 11673 11672.9 11673.7 11672.6 11671.6 11669.7 11668.4 11664.1 11661 11658.6 11657.1 11657.8 11658.8 11657.9 11657.1 11655.2 11651.6 11646.6 11638.4 11629.1 11618.7 11610.5 11613.9 11623.5 11626.1 11626.4 11623.7 11617.4 11611.3 11606.8 11608.1 11592.4 11581.2 11572.5 11562.9 11555.5 11559 11566.9 11576 11584.6 11587.5 11584.9 11578.5 11570.4 11563.6 11555.5 11548.6 11540.2 11533.3 11525.4 11517 11506.4 11497.9 11489.9 11482.1 11473.7 11467.6 11462.8 11460.5 11457.9 11454.9 11451.8
11669 11670.2 11671.3 11672.6 11673.4 11674.7 11675 11675.2 11675.2 11673.7 11671.5 11668.2 11666.5 11663.3 11659.2 11655.9 11656.6 11658.6 11659.9 11664.3 11666.2 11667.2 11666.7 11664.8 11659.7 11651.7 11640.9 11632 11633.6 11649.1 11654.7 11656.5 11655.5 11649.9 11642.6 11625 11601.9 11593.7 11592.4 11585 11570.3 11555 11557.9 11565.9 11571.9 11573.7 11578.7 11581.7 11580.1 11575.4 11569.2 11561.9 11558.3 11549.2 11540.3 11530.1 11521.4 11512.7 11504.6 11496.2 11488.5 11483.4 11476.7 11471.2 11467.6 11463 11459.1 11456.2
11672.6 11673.9 11674.9 11675.6 11676.9 11676.9 11677.1 11677 11676.4 11675.3 11672.4 11668 11666.5 11663.4 11659.3 11655.6 11658.2 11662.7 11668.6 11673.3 11676.4 11681.3 11686.2 11688 11688.1 11683 11671.8 11652.4 11645.1 11661.9 11680.5 11691 11693.2 11686.4 11667.5 11644.4 11618.7 11612.3 11620.8 11614.3 11593.9 11568.3 11569.9 11576.1 11577.5 11579.6 11580.9 11584.7 11585.6 11582.1 11575.5 11565.8 11560.1 11552.3 11544.5 11536.2 11526.4 11521.2 11512.9 11504.5 11498.6 11491.3 11483.4 11477 11472.8 11467.7 11462.8 11459.7
11675.7 11676.5 11677.6 11678.1 11678.5 11679.8 11678.4 11678.2 11678.1 11676.2 11675.4 11673.5 11669.9 11668.9 11664.5 11660.1 11662.2 11668.2 11679.4 11683 11689.3 11697.3 11705.2 11713.7 11718.8 11721.5 11716.8 11698.9 11682.3 11690.6 11718.7 11732.9 11737.6 11735.2 11720.6 11704.5 11683.6 11670.9 11678.4 11666 11640.1 11607 11604.7 11605 11594.7 11580.3 11588.4 11595.3 11596.8 11592.5 11583.5 11570 11561 11556.3 11549.2 11543 11534.8 11527.9 11518.9 11509.9 11504.9 11496.1 11488.3 11481 11476.2 11471.4 11468.9 11462.5
11679.2 11680.2 11680.8 11681.6 11681.8 11681.6 11678.6 11678.6 11679 11680.4 11681.8 11685.5 11686.3 11678.6 11670.5 11664.6 11666.7 11673.1 11678.9 11688.5 11701.2 11713.9 11722.8 11734.4 11747.3 11761 11773.3 11775.3 11772.6 11772.8 11778.5 11778.8 11781.5 11790.5 11806.8 11819.1 11802.6 11782.6 11760.6 11731.4 11704.2 11680.1 11671.3 11658.6 11631 11606.3 11611.6 11616.4 11615.2 11607.9 11595.4 11578.8 11566.1 11563.4 11559.3 11554 11546.9 11536.2 11526.6 11517.2 11508.2 11499.2 11490.4 11482.8 11477 11470.9 11466.3 11460.4
11681.9 11682.9 11683.3 11682.7 11682.6 11682.6 11680.7 11680.5 11681.1 11682.8 11685.7 11694.8 11700.7 11690.8 11681.5 11681.9 11684.4 11684.8 11684 11694.5 11711.3 11726.3 11737.9 11751.1 11767.5 11792.2 11824.7 11860 11905.2 11877.9 11836 11809.5 11804.2 11821.4 11865.3 11910.8 11903.4 11899.8 11826.8 11781.1 11761.1 11762.2 11757.5 11726.4 11685.8 11650.6 11650.7 11647.5 11639.7 11628.1 11613.1 11596.2 11583.5 11578.3 11573.2 11567.9 11560.4 11547.8 11537.7 11527.2 11513.3 11503.5 11493.8 11482 11475.2 11466.9 11459.1 11454.5
11683.5 11683.4 11683.1 11682.6 11680.8 11680.1 11681.6 11680.7 11681 11682.4 11684.5 11692.6 11701.9 11706.3 11709 11713 11710.5 11703.2 11700.3 11708.4 11726.5 11740.1 11746.3 11755.8 11770.6 11797.8 11839.3 11892.5 11971.6 11919.7 11844.8 11799.2 11784.3 11797 11838.1 11886.1 11885 11880.7 11820.2 11780.3 11773.8 11800.4 11816.8 11780.7 11752.9 11724 11701.3 11682.6 11666.3 11650.5 11632.8 11615.9 11605.9 11597.7 11590.4 11582.9 11573.7 11560.7 11549.4 11537.6 11521.6 11510.5 11499.2 11484.9 11475.6 11464.9 11454.8 11449.9
11685.5 11682.7 11681.3 11680.1 11680 11679.8 11679.5 11680.1 11678.3 11679.1 11679.7 11687.7 11702.5 11719.5 11737.9 11727.6 11719.3 11726.4 11727.6 11732 11750.4 11751.4 11746.9 11744.4 11750.1 11767.9 11801 11845.3 11877.6 11836.8 11778.3 11736.2 11715.7 11715.8 11730.1 11744.2 11755.2 11762.9 11733.2 11715.6 11721 11751.1 11782.4 11779.2 11799.9 11785.7 11737.8 11706.8 11686.7 11670.8 11652.5 11633.8 11623 11618.1 11609 11599.2 11587.2 11571.3 11558.3 11544.8 11531.1 11519.1 11504.8 11490.1 11479.2 11467.2 11455.5 11449.5
11687 11684.7 11682.9 11681.6 11680.6 11680.1 11680.1 11678 11678.7 11677.3 11678 11683.5 11707.6 11728.9 11737.9 11737.5 11738.2 11769.7 11785.8 11784.3 11789.8 11766.4 11739 11718.4 11708 11708.3 11717.9 11728.6 11715.2 11676.5 11653.3 11627.7 11609.4 11598.5 11588.9 11574.7 11581.8 11586.3 11594.5 11603.9 11615.8 11630 11643.6 11696 11769.9 11772 11728.8 11705.6 11694 11686.2 11673.1 11657.8 11649.5 11641 11630 11615.4 11599.3 11582.1 11567.6 11550.6 11534.1 11522.8 11508.8 11499.9 11487 11474.6 11462.2 11454.7
11688.7 11685.5 11683 11680.5 11679.2 11680.1 11680.4 11672.3 11676 11680.8 11687.1 11700.6 11727.5 11752.9 11763.9 11779.9 11804.2 11841.6 11879.1 11904.6 11837 11767.4 11711.8 11671.3 11642.9 11623.4 11609.5 11593.1 11556.8 11512.5 11507.3 11497.5 11485.2 11471.2 11451.1 11423.9 11423.2 11432.1 11453.6 11478.7 11493.9 11498.5 11500.7 11562.4 11622.7 11659.3 11668.5 11675.1 11685.1 11695.8 11696.5 11686.8 11680.4 11668 11649.8 11628.4 11605.1 11585.8 11567.9 11551.2 11534.7 11524 11510.6 11507.8 11495.6 11484.3 11474.5 11469.7
11690.2 11686.2 11683.6 11681.8 11678 11677.7 11677.5 11673.2 11678.7 11687.4 11700.9 11721.3 11757.6 11796.5 11827.9 11857.6 11886.8 11890.8 11916.8 11955.7 11829.7 11728 11654.8 11601 11558.3 11523.6 11490.1 11453.9 11409 11364.5 11365.9 11365.6 11359.2 11348.2 11331.3 11313.6 11312.2 11318.1 11337.7 11364 11382.1 11391 11398.8 11440.7 11482.2 11537.8 11584.6 11623.4 11660.7 11696.2 11725.9 11736.5 11721.8 11696.3 11666.9 11636.8 11608.7 11587.1 11565.1 11549.8 11536.1 11523 11512.1 11514.2 11503.3 11493.4 11484.8 11479
11690.2 11686.1 11680.4 11679.4 11678.6 11671.9 11673.1 11675.2 11679.2 11691.6 11710.2 11737.5 11788.5 11842.8 11897.3 11926.7 11900.8 11876 11850.6 11808.4 11720.7 11634.7 11565.3 11510.5 11462.3 11416.9 11369.5 11318.9 11269.5 11237.8 11240.5 11243.5 11240.9 11234.2 11224.2 11218.8 11219 11224.1 11242 11265 11285.2 11303.4 11329.5 11349.3 11372.8 11433.2 11497.8 11559.2 11620.8 11682.1 11746.9 11790.9 11756.1 11708.8 11666.1 11632.4 11606.8 11584 11563.7 11557.1 11543.5 11531.1 11519.3 11518.8 11508.8 11500.4 11491.8 11483.3
11687.2 11685.3 11672.6 11670.1 11671.1 11670.3 11671.9 11677.5 11685.9 11699.4 11722.6 11761.9 11813.9 11871.9 11927.3 11947.5 11904.8 11825.2 11733.4 11630 11562.8 11508.5 11456.8 11408.3 11361.2 11312.5 11258.9 11198 11150.6 11135.6 11135.1 11136.2 11134.9 11129.1 11122.4 11116.3 11116.8 11134.8 11155.8 11178 11196.9 11216.5 11239.8 11254.3 11277.4 11339 11411.9 11485.4 11560.9 11637.7 11723.4 11784.8 11742.7 11692 11650.6 11617.2 11599.5 11579.4 11562.8 11555.8 11543.5 11532.9 11530.4 11521.3 11513.1 11506.5 11499.2 11493.5
11683.3 11682.9 11682.8 11671.2 11669.2 11669.6 11667.9 11672.8 11691.9 11706.1 11733.7 11780.2 11823.7 11873.5 11926.8 11957.5 11854.8 11730.4 11606.8 11490.2 11419 11379.8 11342.7 11303.3 11262.1 11216.8 11167.6 11113.8 11072.4 11055.8 11047.7 11043.3 11040.1 11034.8 11029.9 11027.7 11035 11056.9 11084.3 11099.1 11112.5 11126.5 11141.1 11155.9 11180.5 11252.4 11327.4 11403.3 11481.4 11556.8 11634 11687.2 11670.5 11640.4 11617 11592.5 11579.7 11563.4 11550 11544.1 11535.8 11527.6 11524.3 11518.4 11513.2 11509.6 11505.7 11502.8
11679.5 11680.5 11681.5 11682.9 11667.3 11668.1 11675.5 11679.9 11692.2 11707.1 11732.2 11778.5 11811.2 11841.5 11863.8 11850 11737.6 11599.5 11481.8 11368.5 11295.9 11263.3 11235.1 11206.2 11171.9 11133.2 11094.2 11054.3 11015.9 10989.3 10971.3 10963.9 10959.7 10954.9 10950.7 10949.6 10956.1 10980.3 11012.1 11023.9 11031.9 11040 11049.5 11075.3 11119.9 11175.4 11244.9 11316.9 11389.3 11451.8 11507.2 11548 11569.3 11567.3 11562.4 11551.3 11545.5 11536.6 11529.2 11526.3 11521.3 11517.4 11517.1 11515.1 11512.8 11511.3 11508.9 11504.8
11678.5 11681 11683.5 11685.8 11680.5 11682.8 11692.6 11695.9 11701.2 11710 11728.2 11765.5 11783.1 11788.1 11775.3 11726.9 11616.1 11482.4 11372.9 11269.7 11198 11171.5 11148 11123.1 11094.2 11063 11030.7 10997.7 10957.9 10919.3 10901.5 10896.1 10892 10887.9 10883.1 10878.3 10877.4 10905.2 10938.1 10951.5 10957.5 10961.6 10963.5 10978.1 11032.3 11096.9 11163.5 11231 11294.4 11346.3 11391 11431.9 11468.2 11486 11497 11499.8 11503.4 11503.1 11502.9 11505.6 11505.8 11506.4 11507.8 11508.9 11509.7 11510.9 11510 11505.2
11679.2 11682.6 11686.3 11690.1 11694 11697.9 11704.7 11714.4 11716.9 11721.1 11737.7 11756.1 11751.2 11730.6 11689.2 11619.4 11510 11385.9 11289.4 11200.8 11133.1 11104.3 11078.3 11054.9 11027.8 11000 10972.4 10944.1 10904.9 10867.9 10848.3 10841.6 10837.1 10832.7 10828.9 10825.1 10826.8 10845.9 10870.5 10884.6 10892.1 10896.6 10897.4 10913.1 10961.4 11023.5 11085.6 11146.5 11201.9 11248.7 11298.1 11339.6 11377.3 11407.5 11429.2 11444.6 11457.7 11466.5 11473.9 11479.6 11485.2 11490.9 11496.6 11501.9 11506.1 11509.2 11511.1 11507.7
11681.2 11685.3 11690.2 11695.2 11700.4 11705.6 11710.6 11727.2 11734.4 11738.1 11752.2 11748.7 11722 11678.3 11614.8 11528.6 11423.7 11314.9 11231.6 11158.9 11099.8 11058.7 11026.4 10998.2 10971.6 10944.6 10916.5 10888 10855.9 10826.6 10807.5 10798.5 10793.4 10789 10785.3 10782.5 10785.6 10795.4 10810.5 10825.1 10836.6 10844.8 10852.6 10866.2 10906.9 10961.4 11015.6 11067.3 11113.3 11151.8 11201.3 11246.8 11289.8 11329.4 11361.8 11386.9 11407.5 11424.9 11439 11454 11465.6 11476.7 11483.6 11492.9 11500.8 11506.7 11511.9 11511.9
11682.7 11688 11694.1 11700.4 11707 11713.4 11720.3 11745.9 11753.3 11756.1 11763.5 11742.9 11697.4 11636.1 11558.2 11461.9 11362.2 11272.1 11199.5 11130.8 11074.7 11024.1 10985.5 10953.2 10925.7 10898.5 10868.7 10838.6 10813.6 10789.6 10771.6 10763.8 10758.5 10753.9 10749.8 10745.6 10743.2 10749.1 10762.3 10777.2 10791.9 10802 10811.1 10828.9 10866.8 10909.1 10953.5 10996.4 11030 11058.6 11087.8 11148.8 11207.3 11256 11296.4 11332.3 11361.5 11386.6 11408.6 11428.1 11445.8 11462.6 11472 11485.7 11497.4 11506.6 11514.4 11515.4
11683.8 11690.4 11697.7 11705.3 11713.1 11721.1 11729.5 11739.3 11771.5 11777.8 11782.6 11738 11676.7 11603.8 11519.7 11421.7 11326.8 11260.8 11180.1 11103.2 11039.8 10988.6 10948.7 10915.7 10888.2 10862.1 10835.1 10808.6 10783.5 10762.7 10746.7 10737.9 10731.6 10726.5 10722.1 10718 10713.6 10717.6 10733.8 10748 10758.3 10766.4 10775.8 10795.2 10829.6 10861.9 10898.7 10935.9 10965.2 10990.6 11019 11078.7 11139.7 11192.2 11237.7 11278 11313.2 11343.7 11372.3 11398.6 11419.5 11441.4 11459.8 11477.1 11491.7 11505.1 11515.3 11518.2
11686.7 11695.5 11704.6 11713.7 11723 11732.3 11741.8 11752.2 11783.2 11787.6 11783.6 11727.7 11656.1 11578.5 11495.3 11408 11322.8 11235.4 11148 11070.4 11002.9 10950.6 10912.2 10881.2 10855.4 10832.4 10810 10787 10761.8 10743 10730.1 10717.7 10710.1 10705.1 10701.3 10699.3 10699.5 10707 10719.5 10731.5 10731.8 10733.7 10739.1 10756.3 10784.7 10814.8 10848.5 10883.7 10914 10946.7 10985.9 11032.8 11085.6 11136.3 11182.8 11227.4 11268.1 11303 11338 11369.9 11398.4 11426 11449.3 11472.6 11491.2 11507 11519.2 11522.8
11691.2 11701.8 11712.8 11723.5 11734 11743.8 11753 11761.7 11786.9 11793.5 11777.4 11704.9 11629.2 11550.7 11471 11392.1 11318.7 11215.1 11119.3 11033.7 10960.9 10909.2 10875.5 10849.3 10826.3 10805.7 10785.4 10764.9 10741.8 10723.6 10709.7 10698.5 10692 10688.1 10685.4 10685.2 10688.8 10696.6 10702.5 10709.2 10704.5 10701.2 10701.7 10712.9 10737.4 10767.9 10801.1 10836.1 10867.3 10908.4 10951.7 10991.8 11039 11087.8 11134.7 11181.6 11227.2 11270.1 11309.7 11347 11380 11407.2 11438 11465.5 11488.7 11509 11525 11530.3
