real_craters/C091-1000m.grd
DSAA
36 36
-17.69 17.69
-17.69 17.69
9451.6293090235 10802.199468195
10330.1 10331.2 10332.7 10334 10333.2 10337.4 10342.3 10347.5 10352.8 10358.9 10357.6 10366.3 10376.6 10391.9 10407.2 10420 10422.6 10366.2 10380.2 10371.5 10371.4 10368.3 10371.9 10369.5 10349.1 10330.2 10341.8 10356.6 10364.6 10358.6 10368.6 10370.4 10368.5 10363.2 10365.8 10365 
10330.2 10330.2 10331.6 10333.6 10336.3 10340.6 10347.6 10352.6 10358.2 10362.8 10363.1 10367 10373.6 10388.1 10409 10429 10448.4 10379.2 10390.9 10371.9 10371.3 10370 10363.3 10368.8 10354.5 10341.5 10355 10369.8 10386.7 10403.1 10388.3 10387.6 10396 10409.5 10374.7 10362.8 
10330 10330.6 10330.8 10332.6 10340.3 10343.6 10349.4 10356.3 10361.9 10367.1 10366.3 10369 10377.5 10403 10413.7 10417.8 10409.3 10391.2 10406.4 10388.7 10385.9 10374.5 10362.5 10364.7 10372.6 10380 10388.1 10384.2 10384.9 10394.9 10395 10396.7 10399.8 10393.8 10370 10364.8 
10330.2 10330.6 10331.1 10332.7 10340.5 10347.2 10354.2 10360.1 10364.7 10368.3 10368.1 10368.5 10379.1 10407.5 10420.6 10413.8 10409.1 10449 10430.6 10365.7 10387.8 10382.8 10374 10368.1 10387.3 10407.5 10405.1 10399.2 10380.1 10381.6 10394 10393.4 10384.6 10363.3 10370 10376.1 
10330.2 10330.2 10331.8 10334.1 10340.9 10348.8 10356.3 10362.9 10368.1 10371.1 10368.6 10372.4 10389.6 10433.2 10439.8 10426.5 10412.1 10412.9 10466.2 10465.7 10415.9 10406 10383.3 10395.8 10408 10401.3 10403.3 10416.6 10438.3 10419.7 10403.3 10394.6 10388.5 10398 10425.1 10401.2 
10331.4 10331.2 10333.1 10335.4 10341.6 10349.5 10356 10364.1 10371.1 10376.8 10374.4 10382.1 10348.6 10465.5 10467.6 10441.9 10436 10425.4 10413.2 10441.2 10439 10441.6 10465.4 10469.4 10424.5 10412.5 10415.4 10423 10445.7 10429.1 10407.1 10393.3 10388.2 10390.8 10425.4 10405.9 
10334.3 10335.9 10337.9 10340.5 10344.1 10351.3 10360.1 10366 10371.2 10379.3 10373.6 10386.3 10387.2 10481.9 10468.6 10440.6 10437 10441.8 10426.7 10454.5 10451 10452.1 10451.1 10420.6 10409.7 10410 10407 10408.2 10406.7 10408.3 10400.2 10389.8 10385.3 10378.7 10382.1 10387.7 
10339.7 10344.6 10346.4 10345.8 10352.6 10357.7 10364.4 10367.9 10368.7 10363.4 10367.8 10368.4 10385.2 10434.4 10455.3 10438.9 10441.5 10461.1 10482.9 10485.4 10474.2 10458.7 10437.1 10414.2 10412.3 10412.2 10409.3 10403.8 10400.1 10404.6 10406.6 10402.3 10392.6 10378.2 10376.7 10379.9 
10351.4 10350.6 10354.2 10354.8 10361.6 10372 10373.9 10377.7 10373.7 10360.9 10363.5 10377.7 10447.5 10488.8 10470.1 10435.1 10462.2 10486.1 10513.2 10505.8 10492.2 10472 10445 10421.4 10426 10426 10427.3 10411.8 10411.2 10411.9 10414 10410.5 10402.1 10383.3 10371.7 10384.9 
10365.1 10363.5 10358.9 10376.2 10371.1 10372.7 10383.4 10389.6 10392.8 10398.9 10408.4 10387.4 10508 10522.7 10513.8 10511 10533.1 10536 10521.7 10527.5 10516.4 10482.9 10464.2 10445.2 10461.8 10452.5 10429.5 10426.7 10423.7 10423.9 10424 10424.5 10424.7 10425.9 10374.8 10414.5 
10413.6 10376.2 10358.5 10361.4 10386.1 10386.5 10400.3 10391.8 10416 10426.9 10424.9 10416.4 10556.3 10518.8 10468.7 10636.6 10585.9 10559 10590.1 10583.2 10495.9 10478.3 10484.8 10487.1 10501.1 10498.1 10479.7 10451.3 10437.1 10432.7 10434.8 10432.9 10437.5 10454.4 10460.8 10446.1 
10358 10371.9 10360.2 10417.2 10422.7 10439.8 10427.1 10453.4 10462.9 10470 10518.3 10583 10467.9 10180 10174.2 10145 10327.9 10382.5 10407.9 10373.6 10392.7 10426.8 10481.7 10570.3 10602.6 10546.7 10485 10453.1 10445.6 10438.1 10433.9 10436.7 10435.2 10433 10459.8 10459.6 
10375.9 10386.5 10415 10411.3 10428.3 10406.6 10419.1 10442.7 10493.8 10523.4 10463.6 10262.5 10043.7 9931.56 9971.86 10000.7 10064.5 10024.2 10036.9 10107.6 10163.7 10294.2 10445.4 10617.7 10631.4 10595.2 10509.1 10454.4 10448.4 10442.6 10440.4 10436.1 10434.8 10452.4 10482.2 10461.3 
10407.5 10397.8 10387.9 10460.7 10420 10400.7 10419.7 10450.5 10508 10507.2 10340.1 10164.3 10205.3 10050.1 9895.5 9780.57 9765.61 9771.95 9715.05 9741.31 9918.55 10116.9 10323.8 10554.7 10705.7 10685.5 10550.5 10448.7 10453.8 10450.2 10443.3 10436 10432.8 10444.4 10483 10463.7 
10403.1 10398.2 10377.3 10381.2 10396.7 10402.9 10442.6 10508.9 10512.4 10450.1 10321.7 10191.1 10169.4 9927.24 9777.62 9679.2 9638.85 9630.28 9550.37 9555.42 9724.62 9926.69 10138.8 10357.2 10659.4 10770.6 10605.6 10474.5 10478 10465 10452.3 10445.1 10442.6 10457.6 10503.2 10512.7 
10363.2 10373.6 10362.7 10374.8 10384.8 10399.1 10456.6 10558.6 10529.6 10398.9 10330 10265.6 10044.8 9805.79 9714.38 9563.28 9564.86 9614.49 9618.26 9564.62 9615.14 9779.98 9970.25 10162.2 10447.3 10732.8 10635.9 10541.3 10507.4 10486.2 10474 10458.1 10445.8 10451 10477.3 10475.9 
10354.7 10379.3 10402 10394.1 10389.6 10411.6 10473.2 10561.5 10581.5 10467.5 10345.4 10194.4 9974.94 9718.63 9647.19 9484.42 9596.53 9700.2 9736.05 9550.73 9540.85 9696.79 9882.27 10068 10309 10648.9 10596.3 10535.2 10522.8 10507.3 10489.8 10475.6 10467.4 10459.3 10447.8 10432.7 
10383.6 10452.2 10419.6 10382.8 10388.5 10405.9 10445.3 10506.4 10558.3 10524.6 10366 10170.5 9902.73 9707.61 9529.33 9556.04 9660.21 9669.36 9604.11 9607.8 9559.5 9693.53 9876.41 10074.5 10287.7 10590.9 10547.4 10504.1 10513.7 10498.8 10484.8 10475.2 10471.7 10464.7 10451.9 10444.4 
10346.6 10402.4 10398 10385.2 10383.5 10385.6 10398.8 10477.8 10554.4 10516 10383.4 10178.7 9870.08 9683.06 9492.26 9500.55 9506.1 9518.24 9560.78 9527.56 9562.92 9707.91 9903.03 10133.1 10387.3 10444.9 10560.1 10555.9 10503.9 10493 10481.2 10465.1 10440.5 10455.6 10462.1 10449.1 
10381.8 10440 10447.9 10402.6 10397.2 10395 10414.5 10463.8 10529.8 10503.2 10411.2 10221.7 9913.69 9763.16 9562.99 9456.47 9451.63 9617.53 9592.71 9527.97 9564.27 9723.82 9939.65 10171.9 10379.6 10500.3 10537.5 10525.5 10487.6 10474.3 10471.1 10471.1 10465.3 10475.1 10480.5 10452.4 
10406.3 10429.7 10469.2 10444.5 10427 10410.5 10415.9 10437.5 10471.8 10492.4 10456 10351.4 10091.3 9803.7 9711.24 9557.55 9456.71 9494.14 9548.91 9586.59 9603.11 9762.61 9996.98 10217.4 10390.5 10560.4 10534.1 10499.2 10478.5 10473.5 10475.1 10490.3 10501.9 10497.2 10502.5 10505.5 
10358 10361.5 10406.6 10453.1 10442.3 10415 10394.4 10431.9 10487.6 10500.9 10501.2 10476.6 10322.2 9994.59 9827.87 9697.89 9597.56 9521.95 9575.55 9592.5 9605.4 9824.67 10064 10274.6 10459.7 10543.7 10496 10474 10455.5 10459.2 10462.2 10469.1 10490.5 10479 10471.8 10444.5 
10345.7 10372 10388.6 10431.9 10434 10415.4 10404.8 10425.8 10467.7 10498.2 10535.2 10526.8 10365.8 10255.7 9947.45 9853.32 9708.14 9707.05 9739.55 9696.22 9760.3 9995.63 10187.7 10340.7 10463.1 10493.6 10526 10493.5 10470.7 10460.9 10446.4 10421.3 10410.1 10436.8 10442.4 10444.6 
10383.6 10371.6 10381.3 10403.1 10420.1 10416.5 10403.5 10405.9 10435.7 10476.4 10501.1 10537.6 10596.8 10312.2 10282.7 10176.2 10163.1 10092.4 10057.2 10073.2 10201.4 10303.5 10354.2 10411.4 10456.6 10468.4 10493 10495 10486.4 10462.6 10446.7 10424 10413.1 10430 10429 10425.7 
10402.9 10343.6 10354.2 10417.5 10442.9 10422.9 10404.6 10403.2 10433.6 10461.4 10462.1 10502.9 10565.5 10650.1 10374.3 10308.5 10295.9 10382.2 10360.8 10445.4 10562.9 10531.8 10477.2 10461.8 10461.8 10464.4 10483.1 10475.5 10462.1 10456.6 10451.9 10453.7 10448.6 10441.2 10456.5 10453.5 
10351.6 10389.2 10389.8 10413.3 10446 10413.3 10395.5 10411.3 10440.6 10462.3 10442.4 10459.7 10497.7 10523.5 10548.8 10656.4 10585.3 10532.3 10525.4 10580.7 10643.8 10570.5 10514.6 10482.3 10468.7 10449.5 10457.3 10461.9 10463.3 10468 10452.2 10440 10434.7 10437.7 10437.6 10437.7 
10394 10438.8 10346.7 10371.6 10380.1 10389.4 10386.4 10387.5 10419.9 10437.3 10416.8 10437 10478.3 10477.6 10514.3 10530 10703 10618.5 10583.7 10586.6 10582 10508.6 10501.6 10486.2 10472.2 10463.5 10422.3 10445.6 10487.3 10477.3 10442.1 10420.2 10432.2 10439.5 10436.8 10432.7 
10368.9 10352.7 10357.4 10355.4 10359.5 10375.2 10388.7 10395.5 10402 10395.3 10399.4 10415 10439.4 10463 10465.3 10458.3 10456.1 10555.1 10544.7 10526.3 10503.2 10508.3 10491.1 10476.9 10468.7 10451.2 10434.5 10432.7 10432.3 10424.7 10419 10420.9 10438.4 10465.8 10471 10452.6 
10357.9 10342.6 10387.9 10370.3 10354.6 10363.6 10396.5 10416 10392.9 10386.6 10392.1 10396.6 10401.6 10416.1 10440.7 10425.1 10435.7 10473.2 10490.1 10486.6 10471.7 10481.1 10470.9 10458.8 10450.3 10462.7 10441 10430.4 10418.2 10408.3 10420.5 10420.3 10458 10499.6 10521.3 10481.9 
10421.2 10405.3 10395.1 10353.3 10324 10353.9 10395.8 10395.5 10374.8 10368.2 10371.3 10385.3 10395.5 10417.9 10430.7 10417.4 10431.1 10436.9 10454.9 10466.5 10474.9 10457.7 10452.6 10446.2 10436.1 10412.4 10430.6 10422.2 10460.6 10502.5 10470.1 10453 10492.7 10529.7 10545.6 10497 
10358.8 10378.7 10328.2 10328.7 10339.8 10361.1 10392.3 10390.4 10368.3 10364.7 10372.8 10379.9 10387.5 10413.3 10417.8 10407.6 10407.7 10420 10435.4 10447.8 10459.8 10450.1 10448.9 10440.9 10428.6 10425.5 10401.7 10426.6 10486.6 10516.1 10522.9 10525.2 10537.8 10553.2 10550.8 10516.4 
10393.3 10329.6 10339.4 10344.8 10344.5 10364.6 10391.9 10383.7 10365.5 10368.4 10376.8 10379.5 10380.1 10393.7 10398 10392.4 10401.2 10409.9 10423.6 10435.8 10440.6 10459.5 10453.9 10440.6 10421.8 10418.8 10474.2 10493.6 10505.3 10538.2 10533.4 10551.7 10581.8 10595.2 10589.2 10561.2 
10346.6 10348.7 10353.9 10353.7 10364.8 10386.2 10415.8 10397.7 10373.7 10376.6 10397.7 10389.8 10376.1 10380.6 10375.6 10390.6 10397.7 10409 10423.4 10429.6 10426.9 10416.4 10446.5 10450.6 10436.6 10429.5 10482.1 10524.4 10531.9 10508.7 10553.9 10590.1 10629.6 10655.7 10655.9 10629.9 
10352.4 10348.2 10368.9 10387.5 10378.2 10395 10433.7 10415.8 10389.7 10431.8 10422 10406.5 10394.2 10390 10408.4 10401 10403.7 10426 10436.4 10443.3 10453.5 10479.5 10482.5 10490.5 10500.4 10528.4 10558.3 10568.4 10590.4 10616.8 10602.5 10627.6 10677.9 10733.6 10736.9 10703 
10342.8 10339.1 10354.5 10372.9 10368.4 10362.1 10421.8 10423.6 10428.5 10430.7 10398.6 10408.5 10425.4 10394.4 10415 10395.7 10434.3 10430.6 10438.2 10454.6 10477.3 10489.1 10501.3 10532.9 10555.5 10588.2 10607.8 10607.4 10656.2 10692.1 10676.5 10677.5 10712.8 10761.7 10770.7 10748.7 
10337.9 10366.3 10375.5 10365 10376 10388.2 10377.3 10392.5 10389.3 10357.7 10335 10394.7 10442.6 10382.5 10371.6 10404.7 10400.8 10418.9 10437.9 10457.5 10487.9 10517 10545.8 10570.7 10575.6 10638.6 10737.2 10746.7 10733.6 10756.2 10744.5 10737.2 10738.9 10733.2 10773.5 10802.2 
