real_craters/C091-500m.grd
DSAA
125 125
-30.9575 30.9575
-30.9575 30.9575
10503.15958134 12020.939206243
[rows 0 to 29 of 125, columns 0 to 66 of 125]
10998.4 10905.5 10820.9 10759.4 10695.5 10654.3 10644.3 10640.2 10636.5 10630.7 10622.8 10604.8 10589.1 10577.4 10564.6 10558.5 10563.4 10561.9 10552.2 10545.4 10540 10534.7 10529.3 10523.8 10517.6 10512.7 10511.4 10515.4 10517.5 10515.4 10511.6 10510.2 10515.7 10537.8 10587 10650.6 10720.4 10786.1 10848.3 10905.3 10960.4 11009 11051.8 11101.2 11208.3 11260.8 11278.9 11326.6 11406.1 11494.1 11581.4 11661.4 11728.9 11753.8 11710.3 11599.7 11490.1 11459.4 11459.9 11464.9 11475.8 11464.9 11447.9 11432.3 11419 11423.6 11427.4
11107.5 11049.3 10945.5 10848.6 10750.5 10695.3 10680 10672.6 10665.4 10656.5 10647 10629.7 10615 10600.9 10588.5 10582.7 10582.4 10579.4 10572.4 10566 10560.1 10552.7 10544.8 10536 10529.8 10523.5 10520.2 10526.1 10532.1 10528.2 10526 10530.5 10531.2 10549.2 10610.7 10688.9 10762.4 10832.8 10895.7 10950.5 11000.5 11046.3 11090.1 11150.1 11258.7 11287.7 11297.9 11347.5 11431.3 11516 11594.6 11663.7 11714.5 11692.2 11644.8 11576.8 11497.6 11454.6 11443.8 11449.6 11456 11452.7 11443.6 11436.6 11433.1 11430.6 11433.1
11179.7 11162 11094.5 10953.3 10819.2 10757 10736.9 10720 10703.3 10685 10669.8 10654.6 10642.7 10632.6 10613.1 10601.3 10590.1 10590.1 10591.4 10589.1 10582 10574.8 10563.7 10553.6 10544.6 10539.7 10540.1 10540.7 10546.8 10545.9 10544.7 10548 10557.1 10578 10653.8 10739.8 10816.2 10884.8 10945.5 10999.4 11050.3 11097.1 11141 11208.4 11301.6 11297.2 11319.1 11379.8 11469.6 11548.3 11612.1 11661.8 11689.5 11659.8 11620.4 11573.6 11521.5 11472.9 11441.4 11440.7 11441.6 11440.7 11439.1 11435.4 11433.8 11436.1 11438.2
11210 11181.8 11158.5 11042.4 10912.3 10848.7 10815 10783.9 10752.4 10721.4 10699 10683.7 10671.1 10655.9 10636.6 10622.9 10612.2 10612.3 10616.2 10616.7 10614.1 10604.2 10592.8 10579.7 10563.7 10555 10554.2 10556.4 10567.1 10578.5 10582.2 10589.8 10622.2 10655.4 10732.2 10814.3 10880.7 10945 10994.3 11044.9 11094.8 11141.5 11191.2 11236 11284.9 11306.6 11369.4 11452 11535.1 11595.9 11635.9 11660.4 11669.3 11651.8 11620.4 11581.8 11543 11497.7 11454.6 11444.7 11438.5 11435.2 11438.4 11439.6 11440.2 11441.6 11443.6
11226.8 11198.5 11174.2 11116.3 11039.6 10967.4 10910 10861.8 10814.9 10773.2 10743.2 10722.1 10704.9 10687.1 10663.2 10647.9 10641.5 10644.2 10651.7 10656.3 10652.5 10645 10628.4 10611.9 10592.4 10575.4 10575.8 10590.3 10613.9 10640.4 10657.3 10684.4 10739 10786.9 10855 10912.1 10959.3 11005.2 11049.8 11093.7 11140.4 11188 11241.3 11287.9 11301.8 11340.8 11451.4 11560.9 11617.2 11642.5 11654.7 11659.9 11659.1 11653.3 11626.8 11593.1 11558.7 11519.2 11479.1 11461.5 11448.3 11440.8 11444.2 11448.4 11448.1 11448.1 11449.4
11247.2 11216.1 11188.4 11167.3 11144.8 11070.8 11005.5 10948.4 10890.8 10833.4 10803.8 10776.6 10745 10719.1 10699.5 10679.6 10671.2 10685.1 10695.9 10703.4 10699.6 10691.6 10678.6 10659.3 10637.4 10621.2 10631 10658.7 10697.1 10737.8 10768.8 10812.4 10882 10963.8 11009.9 11025.5 11043.9 11071.9 11107.2 11143.7 11177.5 11221.1 11275.5 11315.6 11332.5 11414.3 11564.2 11696.9 11707.9 11685.6 11668.1 11656.5 11649.5 11647.1 11626.2 11596.8 11570.2 11545.9 11512.2 11485 11465.2 11452.8 11453.1 11455.6 11454.5 11453.5 11453.9
11286.8 11249.3 11210.4 11195.9 11175.8 11141.3 11096.6 11047.5 10991.5 10923.3 10895.8 10859.1 10814.6 10784.4 10763.9 10736.2 10726.3 10745.2 10758.3 10765.3 10763.1 10757.3 10744 10725.2 10701.8 10690.1 10715.4 10757.4 10810.4 10863.9 10909.7 10956.5 11016.9 11089.9 11124.1 11119.5 11122.1 11137.7 11160.5 11187.4 11220.6 11253.7 11295.3 11343.7 11399.3 11522.9 11681 11810.1 11757.5 11702.2 11667.6 11644.1 11629.2 11634 11611.3 11586.3 11565.5 11548.4 11527.2 11503.2 11481.5 11467.6 11461.2 11463.5 11458.3 11456.5 11456.5
11351.6 11306.9 11264.5 11243.3 11225.9 11210.8 11184.8 11156.6 11124.2 11083 11029.6 10976.5 10918.3 10889.8 10871.2 10838.5 10825.8 10836.1 10840.8 10840.5 10836.5 10831 10820.7 10807.2 10788.6 10781.6 10830.3 10887.3 10941 10997.5 11061.6 11090.8 11117.4 11157.8 11185.6 11177.1 11188.6 11207.7 11233.6 11257.7 11280.9 11302.2 11326.8 11400 11507.1 11663 11772.6 11753.5 11712.4 11675.7 11645 11618.9 11596.6 11588.9 11579.7 11563.5 11547.2 11532.1 11528.5 11514.4 11492.4 11471.9 11462.3 11459.6 11458.2 11457.1 11456.2
11426 11385 11344.3 11314.3 11298.6 11288.4 11273.2 11258.7 11249.5 11231.7 11172.3 11122 11067.1 11040.3 11021.5 10991.3 10967.8 10953.7 10941.3 10931.5 10921.8 10913.7 10907.3 10904.7 10902.1 10906 10969.2 11041.6 11062.8 11099.9 11156.2 11170.5 11168.8 11172.7 11176 11203.5 11239.3 11271.3 11299.8 11324.8 11348.8 11368.5 11391 11488.9 11644.1 11802.3 11823.8 11690.6 11642.4 11631.7 11611.5 11588.8 11567.9 11554.4 11545.7 11537.7 11527.5 11517.3 11522.8 11521.3 11502.3 11478.4 11463.3 11457 11458.4 11457.8 11456.4
11472.7 11460.9 11483.4 11421.9 11397.1 11371 11354.8 11342.8 11332.1 11316.2 11292.1 11273.1 11260.5 11212.1 11187.1 11185.2 11123.4 11074.9 11045.7 11024.5 11010.2 10999.8 10999.8 11008.8 11033.2 11063.3 11088.3 11126.2 11138.8 11156.4 11180.9 11203.7 11203.8 11181 11156.6 11237.9 11297.4 11340.2 11371.7 11400.6 11428 11455.6 11493.8 11571.5 11683.3 11751.6 11697.8 11641.3 11607.2 11598.3 11581.7 11560 11538.5 11521.5 11517.5 11518.7 11515.5 11509.3 11522.9 11533.6 11517.2 11491.8 11475.1 11467.2 11464.1 11460.9 11457.2
11497.7 11497.9 11488.8 11484.3 11463.1 11439.4 11426.3 11415.8 11405.7 11393.4 11382.2 11379.8 11388.2 11329.9 11297.1 11291.1 11229.2 11174.9 11139 11113.5 11092.7 11081 11081.9 11094.2 11128.4 11159.8 11156.1 11166.7 11181.3 11193.1 11210.3 11244.9 11260.7 11268.4 11290.1 11333.2 11376.4 11413.9 11446 11478.2 11511.6 11547.6 11583 11623.2 11645.7 11634.9 11624.2 11623.7 11606.2 11587.2 11564.2 11539.6 11516 11502.8 11504.2 11511.9 11516.3 11520.2 11538.7 11553 11537.3 11513.1 11494.2 11481.8 11472.5 11465.5 11459.6
11556 11542.7 11509.3 11494.7 11496.4 11495.2 11487.6 11479.5 11477.4 11463.4 11447.1 11432.3 11409.6 11378 11336.5 11305.8 11284.1 11250.4 11220.2 11195.4 11173.9 11159.2 11155.1 11158.5 11174.3 11185.4 11187.6 11199.3 11222.7 11237.5 11258.1 11310.3 11345.8 11379.1 11426.6 11445.4 11469.7 11498.6 11524.4 11554.6 11587.4 11631.5 11679.3 11666.2 11652.2 11637 11655.7 11647.2 11623.3 11587.5 11557.1 11529.7 11509 11506.9 11510.8 11516.1 11524.1 11536.2 11557.6 11574.6 11554.7 11533.1 11512.4 11489 11477.3 11469.9 11463.4
11661.9 11626.4 11581 11535.7 11549.5 11558.4 11550.4 11534 11522.8 11512.5 11499.8 11480.9 11452.6 11419.3 11368.8 11337.5 11335.2 11321.6 11298.4 11277.9 11258.4 11241 11227.6 11215.5 11209.1 11211.8 11219.8 11245 11283.3 11313.7 11347.9 11403 11445.6 11480.9 11504.9 11536.9 11564.6 11583.5 11599.9 11616.6 11641.5 11671.2 11691.7 11685.6 11674.6 11675.6 11684.5 11651.6 11617.6 11590.1 11559.9 11530 11511.9 11514.4 11520 11522.7 11530.9 11544.9 11564.2 11578.5 11557.6 11533.2 11509.3 11494.4 11484.6 11476.3 11467.6
11746.2 11725 11701 11644.2 11647.2 11641.2 11623.5 11594 11556.8 11566.7 11560.8 11538.3 11512.1 11483 11443.3 11417.1 11411.6 11397 11383.8 11363.6 11345.2 11319.7 11297.8 11276.6 11257.1 11261.3 11280.1 11321.6 11372.9 11416.9 11462.1 11513.9 11554.6 11593.5 11620.3 11650.1 11663 11665.6 11666.8 11671.1 11678.1 11687.7 11692.5 11688.4 11679.3 11673.7 11650.9 11634.9 11618.3 11594.2 11564.3 11534.7 11516.6 11516.8 11520.1 11525.5 11533.8 11544.5 11556 11560.2 11548.1 11528.8 11509.8 11500.5 11492 11483.4 11472.8
11807 11797.2 11813 11814.9 11771.2 11732 11709.6 11689.2 11656.6 11661.7 11649.2 11610.2 11587.1 11569.1 11543.8 11518.5 11504 11486.6 11470.1 11446.9 11424.2 11396.6 11371.6 11348.5 11329 11337.4 11369.7 11427.4 11491.4 11537.8 11582.3 11629.4 11663.6 11707 11761.5 11778.3 11743.9 11721.7 11708.3 11700.2 11696.7 11696.3 11693.2 11682.7 11671.9 11655 11640.3 11634.6 11628.5 11604.2 11572.7 11542.3 11524.8 11520.2 11519.8 11528.5 11536.2 11540.4 11539.6 11540.8 11538.2 11530.4 11520.2 11511.3 11503.5 11492.8 11479.2
11778 11804.5 11854.4 11881.3 11839.3 11797.7 11788.3 11810.5 11820.4 11781.5 11768.6 11753.6 11724.1 11681.7 11618.7 11611.3 11595.5 11574.5 11547.5 11524.6 11508.4 11487.3 11467 11442.9 11418.8 11441 11471.8 11552.2 11636.7 11702.1 11726.9 11738.5 11756.9 11783 11816.3 11822.8 11789.4 11754.7 11731 11714.3 11703 11687 11682.6 11676.7 11668.7 11654.6 11647.6 11646.3 11639.1 11616.5 11584.1 11552.6 11536.1 11532.9 11533.3 11538.8 11543.8 11544.1 11539.2 11536.1 11539.1 11540.7 11533.3 11525.4 11516.4 11502.7 11485.2
11743.4 11780.4 11843.5 11838.1 11823 11820 11825.6 11844.7 11863.5 11855.3 11868.1 11911.4 11869 11825.3 11784.8 11735.6 11694.6 11661.4 11633.3 11614.6 11596.3 11583.4 11570.7 11556.5 11550.6 11588.3 11623.7 11695.6 11778.8 11870.7 11850 11824.5 11817.7 11823.3 11833.2 11832.4 11801.9 11770.6 11747 11726.3 11706.2 11684.9 11677.7 11678.2 11674.3 11665.9 11660.8 11657.4 11650.5 11628 11598.2 11571.3 11556.9 11555.3 11554.7 11557.6 11559.8 11559.1 11554.2 11551.4 11554 11560 11557.9 11547 11532.3 11513.2 11493.5
11737.3 11761 11828.2 11822.5 11809 11827.8 11837.5 11836.8 11853.1 11879.4 11900.8 11911.2 11934.6 11940.4 11932.5 11853.6 11790 11745.5 11710.3 11684.4 11671.8 11669.7 11678.5 11693.2 11712.8 11777.3 11815.9 11828.9 11857.2 11904.6 11887.5 11861.8 11846.6 11835.9 11824.3 11806.8 11790.5 11770 11748.2 11730.6 11713.5 11694.6 11689.1 11687.1 11684.6 11679.7 11672.3 11658.7 11643 11625.6 11611 11599.3 11589.5 11584.3 11583 11582.6 11582.3 11582.6 11584.1 11579.7 11574.6 11579 11586.7 11572.9 11544.4 11521.3 11500.1
11731.8 11733.3 11762.6 11803.9 11819.6 11845.6 11858.5 11857.4 11873.6 11895.3 11908.5 11922.9 11952.4 11984.9 11982.5 11914.5 11852 11803.4 11770 11746.5 11738.3 11745 11773.3 11835.8 11889.5 11931.1 11972.9 11909 11876.6 11841.9 11871.1 11865.2 11847.1 11827.4 11805 11784.9 11769.7 11757.5 11747.9 11735.2 11722.4 11710.3 11702.5 11699.3 11696.8 11693.5 11685.2 11661.4 11640.5 11625.3 11621.7 11620.6 11613.5 11610.3 11608.8 11607.4 11604.9 11603.3 11605 11599.4 11588.5 11587.9 11584.7 11569 11547.4 11525.2 11503.9
11730.5 11716.6 11733.4 11789.5 11850.1 11875.3 11890.3 11908.6 11909 11912.4 11914.6 11919.8 11942.5 11958.8 11960.5 11924.4 11880.1 11843 11819.4 11800.7 11792.1 11799.6 11823 11877.3 11914.5 11902.1 11909.6 11913.8 11903.2 11891 11873.2 11857.7 11837.7 11812.1 11785.3 11753.3 11749.9 11750.2 11748.1 11745.1 11736.8 11726.1 11717.8 11711.5 11706.1 11701.7 11695.1 11672.1 11650.4 11634.9 11631.7 11633.4 11631.7 11631.8 11631.7 11628.9 11623.8 11616.3 11609 11600 11594.8 11597.8 11585.2 11563.7 11544.9 11525.6 11506
11737.8 11718.1 11720.8 11772.3 11870.1 11881.1 11903.2 11930.1 11929 11926.3 11925.9 11926.5 11929 11921.2 11924 11915 11891.7 11870.3 11848.6 11832.9 11824.9 11823.6 11826.3 11824.7 11847.2 11859.5 11872.1 11895.4 11903 11895.6 11868.1 11842.3 11817 11794.8 11770.4 11748 11744.6 11747.4 11750.2 11753.8 11753.2 11742 11732.7 11722 11711.4 11701.6 11689.7 11679.8 11663 11649 11639.2 11639.4 11644.1 11647.8 11654 11656.2 11638.1 11623.1 11609.8 11599.4 11599.9 11609 11588.2 11560 11541.4 11524 11505.6
11750 11731.6 11728.6 11743.3 11778.8 11838.7 11885.2 11918.6 11929.5 11931.7 11934.1 11933.6 11926.5 11917.4 11918.2 11914.2 11901.6 11884.8 11867.2 11853.7 11843 11836.5 11827.8 11816.4 11835.5 11864.3 11874.5 11881.1 11879.1 11867.3 11847.2 11824 11799.6 11782.8 11767.8 11756.9 11749.6 11745.4 11749.2 11763.3 11774.7 11767.5 11744.4 11726.3 11712.1 11699.5 11687.7 11681.3 11666.5 11646.2 11644.3 11652 11652.8 11655.3 11659.7 11657.7 11641.6 11624.5 11610.2 11600.2 11601.7 11593.8 11579.4 11557.3 11538.9 11521.7 11504.3
11760.4 11750.7 11741.3 11739.2 11760.4 11807.5 11860.1 11902 11922.9 11932.6 11934.7 11936.7 11933.5 11924 11925 11921.5 11910.2 11895.6 11884.3 11871.4 11862.3 11850.9 11842.9 11835.8 11853.8 11877 11873.8 11863.5 11860.7 11843.5 11819.6 11800.3 11784.6 11769.1 11758.7 11749.3 11742.8 11738.8 11740.7 11749.5 11766.9 11763.7 11740.1 11721.9 11707.5 11696.2 11686.8 11681.7 11668.9 11648.3 11649.2 11657.3 11655 11653.4 11652.2 11648.3 11634.6 11620.9 11608.9 11599.4 11590.4 11580.1 11570.4 11557.6 11535.2 11516.3 11501.5
11763.2 11757.7 11743.7 11735.9 11739.5 11777.1 11840.6 11889.2 11919.3 11936.5 11941.7 11950.8 11952.9 11945.5 11939.8 11929.2 11918.4 11904.7 11893 11880.8 11873 11867.4 11865.5 11864.8 11872.8 11879.4 11859.1 11833.7 11807.1 11800.7 11790.7 11778.1 11765 11752.3 11745 11739.4 11735.3 11728.2 11723.7 11725.9 11723.9 11723.7 11718.8 11710.3 11700.7 11691.4 11684.3 11679.8 11669.9 11654.8 11651.6 11652.3 11649.5 11645 11638.7 11629.1 11622.3 11615 11606.9 11597.3 11589.4 11578.5 11560.8 11542.9 11522 11508.1 11497.3
11758.3 11749.2 11740.4 11734.2 11733 11757.6 11832.3 11883.8 11915.3 11944.2 11967.2 11975.8 11983.4 11975.2 11956.6 11936 11918 11902.1 11889.1 11877.3 11869.6 11865.8 11871 11885.3 11872.8 11862 11832.5 11803.1 11772.9 11766.5 11760.7 11753.8 11745.1 11735.9 11728.2 11726.3 11725.8 11710.7 11705 11698.3 11690.5 11693.7 11696.8 11695.1 11690.4 11684.3 11677.7 11671.6 11664.2 11655.9 11654.3 11647.1 11641.3 11634.7 11625.7 11617 11611.4 11609.6 11607.3 11603.1 11592.5 11575.4 11549.9 11521.1 11504.7 11499.2 11494.1
11754.4 11745.8 11740.1 11737 11734.7 11746.2 11798.4 11856.1 11903.9 11946.5 11978.2 11991.9 12003.7 11997 11964.9 11937.3 11915.3 11897.4 11881.6 11868.1 11856.4 11849.7 11845.2 11838.9 11831 11817.4 11791 11768.3 11756.3 11740.7 11733.9 11730.3 11725.8 11719.6 11711.8 11702.6 11688.6 11688.6 11685.6 11678.7 11670.8 11675.5 11681.5 11683 11681.3 11677 11670.6 11662.6 11659.5 11654.2 11644.6 11637.5 11633.6 11626.7 11617 11604.1 11602.8 11608 11610.6 11608.8 11596.2 11573.7 11545.9 11514.4 11496.3 11493.6 11491.4
11754.8 11747.6 11745.9 11746.3 11747 11744.1 11775.5 11830.9 11888.2 11939.5 11976.6 11983.4 11985.4 11976.8 11955.3 11930.8 11908.8 11889.2 11871.6 11854.8 11840.4 11829 11816.6 11798.9 11776.3 11752.4 11739.4 11722.1 11708.8 11708.6 11709.8 11710.3 11708.9 11706.1 11699.2 11689 11675.1 11677.6 11676.5 11670.8 11664.1 11668.5 11673.1 11675.2 11675.3 11673.5 11668.9 11663.2 11661.2 11655.2 11647 11634.8 11630.4 11623.9 11615.1 11605 11604.8 11612.5 11618.1 11619.1 11610.1 11581.5 11555.1 11523.2 11502.1 11498.3 11495.1
11760.2 11755.2 11758.8 11759.9 11761.5 11761.6 11777.1 11821.7 11871.7 11918.6 11948.9 11952.9 11953.6 11946.3 11932.8 11916.1 11897.1 11878.3 11859.1 11841.1 11823.6 11807.5 11791.9 11770 11741.6 11719.7 11705.1 11686.5 11674.9 11684.4 11692.2 11697.3 11698.3 11696.5 11693.6 11687.7 11682.9 11680.1 11677.8 11674.9 11670.5 11670.3 11671.4 11672.2 11671.6 11670.9 11670.3 11672.1 11664.5 11656.5 11645.6 11637.4 11631.9 11627.1 11621.7 11617.1 11617.9 11623.9 11630.5 11634.8 11631.5 11609.9 11575.5 11544 11521.7 11511 11503.3
11771.5 11765.4 11774.4 11773.6 11774.4 11778.6 11789 11819.7 11855.8 11887.9 11907.1 11911.1 11904 11910.3 11909.5 11898.9 11884 11866.5 11847.4 11826.9 11806.2 11784.9 11765.6 11745.7 11721.6 11704.3 11691.2 11676.2 11669.5 11676.9 11684.6 11689.7 11694.9 11695.2 11692.7 11689.3 11687 11684.3 11683 11685.2 11684 11676.2 11672 11670 11668.7 11667.6 11667.2 11666.6 11662.4 11657.3 11650.2 11643 11639 11635.7 11633 11631.5 11632.6 11637.8 11644 11648.7 11647 11624.7 11592.8 11565.5 11545.7 11526.5 11514
11786.9 11785.9 11786.5 11785.2 11782.9 11784.9 11800.1 11820.9 11845.4 11864.3 11879 11883.7 11875.9 11888 11892 11885.5 11873 11856.2 11837.4 11815.4 11791.2 11764.9 11737.6 11727.2 11721.4 11707.1 11694.2 11683.5 11678.3 11681.6 11686.6 11690.9 11693.5 11694.5 11693.9 11692.3 11689.2 11687.6 11686.6 11686.8 11684.4 11677.3 11671.9 11667.8 11664.6 11662.9 11661.9 11660.8 11660.8 11661.4 11654 11649.5 11648.6 11647.1 11646.1 11645.4 11646.9 11650.8 11656.2 11658 11651 11626.2 11602.7 11577.8 11553.4 11538.3 11525.2
