real_craters/C091-300m.grd
DSAA
207 207
-30.9575 30.9575
-30.9575 30.9575
10498.37685958 12017.836289882
[rows 0 to 29 of 207, columns 136 to 203 of 207]
11317.7 11304.6 11292.6 11282.2 11272 11262.8 11254 11245.6 11237 11227.6 11220.1 11222.7 11224.7 11219 11213.8 11210.8 11211.9 11228.9 11251 11244.2 11234.3 11225.4 11217.3 11210.3 11204.7 11199.3 11195.4 11192.5 11190.8 11189.2 11180.3 11168.9 11163.4 11160.8 11159.9 11159.3 11158.1 11154.3 11151.4 11149 11146.6 11143.9 11141.1 11138.6 11135.6 11132.8 11129.8 11126.4 11123.6 11120.8 11117.8 11114.2 11111.4 11108.7 11107.2 11104.6 11102.2 11100.1 11097.4 11096.2 11095.2 11093.7 11092 11092.5 11095.2 11095.8 11093.6 11091
11312.9 11301.5 11291 11281.6 11272.4 11264 11256.2 11249.2 11243.4 11238.5 11235.3 11233 11228 11220.9 11217.8 11216.1 11217.3 11231.3 11249.6 11241.2 11230.1 11221 11212.7 11205.9 11200.6 11194.9 11191 11187.1 11183.4 11177.8 11172.3 11168.5 11164 11163.7 11165.6 11166.3 11164.1 11159.4 11155.9 11152.8 11149.6 11146.5 11143.3 11139.9 11136.8 11133.5 11130.4 11127.1 11123.9 11119.2 11116 11113 11110.6 11108.4 11105.6 11103.2 11101.2 11098.5 11095.2 11093.9 11092.8 11091.5 11090.3 11091.5 11096.4 11097.2 11093.6 11090.2
11306.1 11297 11288 11279.5 11272 11264.8 11258.1 11252.6 11249 11248.4 11250.5 11242.1 11233.2 11224.2 11222.4 11221.8 11224.2 11229.5 11230.6 11226.4 11219.3 11212.4 11206.2 11200.4 11194.9 11189.7 11184.9 11180.1 11174.9 11168.8 11163 11159.5 11160.7 11163.6 11166.9 11168.4 11167.9 11163.6 11159.9 11156.5 11153 11149.2 11144.7 11141.2 11138 11134.5 11130.9 11126.5 11123.1 11119 11116.4 11113.1 11109.1 11106.7 11103.8 11101 11099.3 11097.2 11093.6 11092 11091 11089.9 11089 11091 11094.1 11094.1 11091.3 11087.7
11299.1 11292.3 11284.9 11277.8 11271 11264.3 11258.8 11253.9 11250.6 11249.5 11248.3 11243.6 11237.3 11231.5 11226.4 11224.6 11225.9 11224.3 11215.1 11209.6 11206.5 11202.5 11198.4 11193.3 11188.7 11183.8 11178.7 11173.4 11167.9 11161.9 11155.7 11151.2 11157.2 11163.2 11167.2 11169.9 11170.8 11166.5 11162.2 11158.5 11154.6 11150.7 11147.1 11143.1 11139.3 11134.3 11130.6 11127.8 11124.1 11120.5 11117.5 11114.1 11110.7 11107.7 11104.5 11100.9 11098 11095.6 11091.6 11090.1 11088.7 11087.8 11087.3 11090.5 11091.3 11090.6 11087.3 11084
11293.3 11287.8 11281.4 11275.2 11268.5 11263.3 11257.7 11252.7 11248.7 11245.9 11242.8 11238.5 11235.7 11231 11225.2 11222.5 11220.9 11215.6 11202.3 11195.4 11194.9 11193 11189.4 11185.6 11181.4 11177.8 11172.8 11167.7 11162.3 11156.9 11152.3 11150 11157.7 11166.1 11169.7 11173.8 11174.4 11170.1 11165.5 11160.8 11157.1 11153.7 11149.6 11143.9 11139.8 11135.4 11131.4 11127.9 11124.1 11120.3 11116.6 11113 11109.5 11107.3 11103.6 11100.3 11097.1 11094.2 11089.6 11087.9 11086.2 11084.8 11083.5 11085.4 11085.8 11084.3 11081.3 11078.8
11289.9 11284.9 11279.1 11273.1 11266.8 11260.7 11255.6 11250.1 11245.1 11240.1 11234.5 11227.5 11222.3 11220.3 11219.5 11217.7 11214.4 11207.6 11195.6 11188.5 11186.6 11184.8 11182.1 11179.3 11175.6 11171.5 11167.6 11162.7 11157.6 11152.9 11150.5 11153 11161.6 11172.8 11184.2 11181.9 11179.6 11173.5 11168.7 11163.5 11157.3 11153.4 11148.9 11144.3 11138.9 11134.6 11130.3 11126.6 11122.2 11118.2 11114.4 11112 11108.2 11104.9 11102.9 11099.2 11095.7 11092.1 11087.2 11085.1 11082.7 11076.7 11077.5 11079.3 11078 11075 11073.7 11072.7
11288.5 11283.4 11277.7 11271.8 11264.7 11258.5 11252.8 11246.3 11240.8 11234.8 11228.3 11221.8 11218 11216.2 11216 11214.1 11209.1 11199.9 11190.8 11183 11181.2 11179.1 11176.7 11173.3 11169.9 11165.9 11161.8 11157.8 11153.8 11150.5 11148.4 11154 11164.8 11176.1 11186 11185.1 11182.6 11174.3 11168.9 11163.1 11158.1 11152.4 11149.2 11144.5 11140.7 11136.2 11131.9 11127.6 11123.4 11119 11114.9 11110.8 11107.1 11103.8 11100.7 11096.7 11092.9 11089.2 11084.4 11081.1 11078.1 11070.9 11069.8 11067.5 11065.2 11065 11066.1 11066.7
11289.2 11283.3 11276.6 11270 11262.5 11256.2 11249.6 11242.7 11237.3 11230.9 11224.1 11217.4 11215.7 11216 11215.4 11213.5 11208.8 11200.9 11191.6 11183.7 11179.4 11176 11172.8 11169.4 11166 11162 11158.1 11154.1 11151.5 11149.7 11150.2 11158 11168 11175.2 11179.5 11182.3 11181.8 11175.1 11169.7 11164.3 11158.8 11154.4 11150 11145.4 11141.1 11136.3 11131.9 11127.8 11123.4 11119.2 11114.8 11110.3 11106.1 11101.5 11097.5 11093.5 11089.5 11085.3 11080.9 11076.8 11073.4 11065 11063.1 11060.3 11058.4 11059.8 11060.9 11061.6
11290.9 11283.5 11275.8 11268.6 11261 11254.8 11247.6 11240.6 11234.7 11228.4 11223.2 11217.1 11215.7 11215.7 11216.2 11216 11212.6 11206.1 11197.7 11186.5 11179.8 11174.4 11170 11165.9 11162.5 11158.6 11155.4 11152.1 11150.3 11149.9 11152 11160 11168.9 11173.8 11176.8 11179.1 11179.5 11174.1 11168.9 11163.5 11158.9 11154.1 11149.5 11144 11139.3 11134.6 11130.1 11125.3 11121.1 11115 11110.8 11105.9 11101.7 11098.4 11093.9 11090 11086.1 11082.1 11077.5 11073.7 11070.4 11060.9 11058.7 11056.3 11054.5 11055.7 11056.6 11057.1
11293.6 11284.1 11275.8 11268.5 11260.2 11252.5 11245.3 11238.9 11232.1 11226.7 11222.6 11219.3 11218.8 11220.6 11222.2 11220.4 11217 11215 11205.2 11191 11181 11173.4 11167.8 11163.4 11159.6 11156.1 11152.8 11150.2 11149.1 11149.9 11153.1 11159.4 11166.6 11172.3 11174.7 11176.1 11176.3 11176.5 11166 11161.5 11157.2 11152.1 11147.2 11141.7 11137.2 11131.1 11125.3 11120.8 11116.5 11112.3 11108.1 11103.5 11099.3 11095.3 11091.6 11087.4 11083.4 11079.4 11074.7 11070.4 11067.4 11057.4 11055.5 11053.7 11052.1 11052 11052.4 11053.1
11294.8 11285.6 11276.4 11268.1 11259.7 11252.4 11244.3 11236.9 11229.6 11223.8 11220.2 11217.9 11219.2 11226.2 11230.2 11222.2 11215.7 11210.6 11201.6 11190.1 11180 11172 11165.9 11160.9 11156.5 11153 11150.3 11148.2 11147.5 11148.6 11151.8 11158.2 11166.8 11171.2 11172.2 11172.8 11172.3 11172.5 11161.7 11155.4 11151 11146.8 11142.1 11137.9 11132.6 11128.7 11124.1 11118.6 11114.3 11110.2 11105.4 11100.3 11096.3 11092.3 11088.3 11084.2 11079.6 11075.7 11071.7 11068.1 11065 11055.4 11053.6 11052 11050.3 11049 11048.3 11050.1
11295 11286 11277.4 11268.8 11259.5 11251.1 11242.4 11234.2 11226.4 11219.8 11215.3 11212 11212.7 11219.4 11223.1 11215.1 11208.3 11200.6 11191.4 11183.8 11175.7 11168.8 11163.3 11158.5 11154.6 11151.4 11148.7 11146.6 11145.7 11146.1 11148.5 11154.5 11166.9 11172.1 11170.3 11168.2 11166.9 11165.8 11155 11150.7 11146.1 11142.4 11138.4 11134.7 11130.7 11125.4 11121.6 11114.7 11110.6 11106.6 11102.5 11098.5 11095.1 11091 11086.4 11082.2 11078.2 11074.3 11070.1 11066.3 11063.6 11053.1 11051.9 11050.9 11049.4 11049.3 11050.2 11048.5
11296.2 11287.8 11277.6 11268.2 11259.2 11249.8 11240.4 11231.8 11223.5 11216.2 11209 11201.7 11202.8 11204 11201.6 11201.7 11199.1 11194 11186.5 11178.1 11170.2 11165.4 11160.9 11156.5 11152.8 11149.4 11146.6 11144.5 11143.2 11143.1 11144.1 11148 11156.7 11159.6 11160.3 11160.3 11159.4 11160.3 11149.4 11145.7 11140 11136.9 11133.3 11129.5 11125.7 11121.9 11118.5 11114.5 11110.5 11106.1 11102.2 11099 11094.5 11090.5 11086.4 11081.9 11077.8 11073.7 11069.5 11065.2 11062.3 11051.6 11050.7 11050.3 11049.8 11048.8 11047.3 11045.7
11298 11289.4 11280.1 11270 11260.1 11249 11239.4 11230.3 11221.6 11213.8 11206.6 11200 11196.1 11193.6 11190.5 11190.9 11191.1 11190.2 11187.8 11176.1 11166.8 11162.8 11158.6 11154.5 11150.8 11147.4 11144.6 11142.2 11140.4 11139.5 11139.2 11139.8 11144.9 11147.6 11149.1 11150.9 11150.5 11152.3 11141.7 11138.7 11136.9 11133.9 11130.7 11127.3 11122.2 11118.5 11114.8 11113.6 11110.1 11106.3 11101.9 11098.7 11094.5 11090.4 11086.4 11081 11076.9 11072.5 11068.5 11063.9 11053.3 11051.3 11050.2 11049.5 11048.2 11045.9 11041.9 11042.4
11301.4 11291.6 11280.9 11270.5 11260.2 11249.9 11240.5 11230.8 11220.5 11211.7 11203.9 11197 11192 11187.6 11183.9 11183.3 11183.8 11183.9 11182.4 11174.8 11167.9 11161.6 11156.9 11152.8 11149.1 11145.4 11142.1 11139.4 11137.5 11135.9 11135 11135.7 11137.2 11139.3 11139.9 11142.4 11143 11144.9 11135.3 11132.7 11130.8 11129.9 11127 11124 11120.9 11117 11114.3 11111.6 11105.7 11102.1 11098.5 11093.8 11090.1 11086.7 11082.7 11076.5 11072.9 11069.3 11065.6 11062.7 11051.9 11050.8 11049.6 11048.4 11046.5 11044.2 11042.1 11041
11304.9 11293.5 11282.3 11271.7 11261.2 11251 11240.5 11230.5 11220.3 11210.5 11202.2 11195 11189.2 11183.4 11179.2 11177.1 11176.8 11176.4 11174 11170.3 11165.3 11159.4 11154.6 11150.4 11146.7 11143.4 11140 11137.1 11133.9 11132 11130.5 11130.5 11131.2 11131.4 11131.1 11134.5 11136.1 11138.8 11130 11127.8 11126.7 11124.4 11122 11119.3 11116.4 11112 11109.5 11106.2 11102.6 11099.2 11095.4 11088.9 11085.5 11081.2 11077.8 11072.7 11069.4 11066.2 11062.9 11061.4 11049.6 11049.4 11048.7 11047.5 11045.4 11043 11041.1 11040.2
11306 11294.7 11283.9 11273.2 11262.5 11251.5 11240.7 11230.2 11219.6 11209.1 11198.4 11191.8 11185.5 11180 11174.5 11171.4 11170.8 11170.1 11168.3 11165 11161.8 11155.5 11151.2 11147.3 11143.6 11139.8 11136.1 11133.4 11130.4 11127.9 11125.6 11123.4 11121.2 11119.6 11122.6 11127.3 11132.9 11133.1 11133.1 11121.1 11120.4 11118.5 11116.1 11113.5 11110.8 11108 11101.1 11100.4 11096.3 11093.3 11090.4 11087.2 11084.1 11081.1 11077.9 11074.7 11071.4 11068.2 11064.8 11061 11051.5 11049.8 11048 11046.3 11045.2 11045.3 11042.2 11040.7
11304.7 11295.3 11285 11274.2 11263.6 11252.3 11241.1 11230.1 11219.7 11209.5 11199.7 11192.3 11186.4 11178.7 11171.3 11166.9 11166.4 11165.4 11163.3 11159 11150.9 11149.8 11148.1 11145 11140.8 11136.7 11132.8 11129.3 11126.1 11123.7 11121.2 11119.1 11116.3 11114.4 11116.5 11120.8 11128.6 11127.3 11124.1 11113.1 11112.1 11110.3 11109 11105.8 11103.3 11099.4 11096.8 11094 11091.4 11088.7 11085.9 11083.1 11080.7 11077.9 11075.1 11072.3 11069 11066.1 11063.1 11059.8 11050.2 11048.7 11047.5 11045.1 11042.6 11040.1 11039.7 11039.7
11306 11296.9 11286.5 11275.7 11264.6 11253 11241.6 11230.6 11220.1 11210.8 11202.4 11193.5 11185.8 11178.5 11171.3 11166.3 11165.1 11162.6 11159.3 11155.3 11152 11149.5 11146 11142.2 11138.4 11134.4 11130.5 11126.8 11123.4 11120 11117.2 11113.6 11107.7 11108.2 11111.4 11114.7 11120.2 11116.1 11116.2 11109 11107.3 11106.4 11103.6 11100.9 11098.2 11095.8 11093.3 11089.6 11086.5 11084.5 11081.9 11079.2 11076.5 11073.8 11071.1 11068.1 11065.9 11063.3 11060.6 11057.8 11047.7 11046.7 11046.7 11044 11039.8 11034.6 11037.2 11040.8
11309.8 11298.8 11288 11276.8 11265.7 11254 11242.4 11230.8 11220.2 11211 11203.9 11193.6 11185.6 11179.5 11175 11171.6 11166.4 11161.3 11156.2 11152.6 11153.6 11150.5 11144.3 11140 11135.7 11132 11128.4 11124.7 11121.2 11117.6 11114.2 11110.7 11106.6 11107.3 11109.5 11111.7 11114.9 11109.2 11108.4 11099.5 11099 11098.8 11094.7 11092.8 11090.4 11088 11087.8 11087.1 11084.5 11082 11079.4 11076.7 11074.3 11071.8 11069.4 11067.1 11064.7 11062.4 11060.3 11056.8 11048.7 11047.6 11047.5 11045.1 11041.1 11035.4 11036 11035.7
11310.7 11300.2 11289.3 11278.1 11266.9 11255.1 11243.3 11231.3 11219.4 11208 11198.7 11192.4 11185.5 11180.6 11177.6 11174.7 11167.3 11160.4 11155.2 11152.3 11149.4 11145.9 11141.2 11136.5 11132.4 11128.4 11124.5 11120.7 11117.2 11114.4 11111.8 11110.3 11111 11112.1 11110.5 11109.5 11110.7 11104.5 11102.7 11096.3 11093.8 11092.4 11088.8 11087.1 11084.9 11082.7 11081.7 11080 11077.5 11075.4 11073.3 11071.2 11069.1 11067.8 11067.3 11065.2 11063 11061 11058.9 11054.7 11047.8 11047.6 11049.7 11048.5 11046.8 11045.7 11043.3 11038.5
11310.1 11300.3 11290.4 11279.8 11268.8 11256.8 11244.5 11231.9 11219.2 11207 11197.9 11192.6 11187.5 11182.8 11178.1 11173.3 11165.2 11157.9 11152.1 11147.1 11143.8 11140.4 11137.5 11134 11130.6 11126.9 11123 11119 11115.1 11111.1 11108.8 11107.8 11110.6 11114.1 11110.3 11106.1 11105.7 11098.8 11096.3 11089.1 11087.7 11086.2 11083.8 11081.3 11079.4 11078.6 11076.7 11074.9 11073.4 11073 11071.1 11069.3 11067.4 11065.9 11064.1 11062.2 11061 11059.3 11058.4 11055.1 11051.7 11048.8 11049.9 11051.2 11052.1 11053.6 11049.9 11041
11307.9 11300.3 11292 11281.9 11270.6 11258.6 11246 11233.1 11220.2 11207.9 11199.2 11194.1 11190.6 11185.4 11175.9 11167.5 11159.9 11154.1 11149 11144.3 11140.8 11138.3 11134 11131.3 11128.2 11124.6 11120.6 11115.9 11111.4 11107.4 11104.3 11101.7 11101 11105.9 11103.2 11098.8 11098.9 11092.1 11090.5 11084.7 11081.2 11079.9 11079.7 11077.9 11076.5 11075.1 11073.7 11071.7 11070.5 11069.1 11067.7 11066.4 11067.7 11066.4 11064.8 11063.3 11062.8 11061.2 11059.6 11056.8 11053.4 11051.6 11049.9 11053.1 11054 11054.5 11048.3 11029
11307.4 11302 11294.5 11284.4 11272.7 11260.4 11247.5 11234.5 11222 11211.1 11201.6 11194.6 11189.4 11182.7 11171.7 11160.7 11154.1 11150.5 11146.8 11143 11137.4 11131.7 11130.6 11129.6 11127.3 11123.2 11118.5 11113.2 11108 11102.7 11098.1 11094.9 11091.4 11084.8 11085.5 11087 11089.7 11085.5 11085.6 11079 11077.5 11074.5 11076.7 11076.6 11075.2 11074.1 11072.3 11071.3 11069.3 11070 11068.8 11067.6 11066.7 11065.2 11063.9 11062.6 11062.3 11060.9 11059.5 11057.8 11054.2 11053.1 11051.4 11054.2 11053.3 11052.5 11046.9 11037
11310.1 11307.3 11299.1 11287.8 11275.1 11261.7 11248.9 11236.4 11224 11209.9 11201.9 11194.1 11186.6 11178.5 11167.4 11157.2 11151.1 11149 11146.5 11142.1 11136.4 11130.1 11130.2 11130 11127.4 11122.1 11116.3 11110.1 11103.7 11097.3 11090.7 11084.5 11078.8 11072.4 11071 11075.9 11080.7 11083 11077.6 11077.8 11072.2 11071.4 11073.6 11072.6 11072 11072.1 11071.5 11068.8 11069.1 11068.2 11067.3 11066.4 11066.1 11065.1 11063.9 11062.8 11061.5 11062 11060.5 11059.4 11054.7 11054 11054 11054.4 11052.4 11051.9 11052.3 11052.6
11328 11318.8 11305.5 11290.9 11276.9 11263.4 11250.5 11238.4 11227.3 11217.7 11204.4 11193.3 11183 11173.3 11163.7 11155.7 11151.1 11150.6 11149.5 11146.9 11142.9 11136.9 11137.1 11134.6 11129.1 11123 11116 11108.8 11101.4 11093 11084.1 11075 11069.7 11068.2 11065.9 11068.7 11072.9 11075.5 11072 11074.2 11069.1 11069.8 11072.5 11071.3 11072.2 11071.9 11071.5 11073.5 11074.7 11074.1 11073.4 11072.6 11071.8 11070.8 11068.8 11067.5 11066.2 11065.5 11063.8 11062.6 11058 11055.9 11054.2 11053.8 11050.7 11048.8 11045.6 11045.7
11345.1 11328.1 11308.9 11292.4 11277.6 11263.9 11251 11239 11228.6 11218.2 11205.3 11192.5 11180.1 11168.2 11161.6 11158.1 11156.2 11154.5 11154.7 11156.2 11158.2 11160 11152.6 11141.9 11132.7 11124.6 11116.8 11108.9 11100.4 11091.1 11081 11069.2 11064.5 11066 11064.8 11065.3 11068.6 11071.3 11068.5 11071.5 11065.6 11067.3 11070.4 11074.8 11075.1 11072.7 11072.7 11075.1 11075.1 11074.7 11074.1 11073.4 11072.2 11071.3 11069.6 11068.4 11066.8 11066 11064.3 11062.8 11059.4 11058.2 11054.7 11052.2 11049 11045.3 11041.5 11037.2
11335.5 11322 11305.2 11290.2 11276.1 11262.7 11249.8 11237.7 11227.1 11217.4 11204.1 11191.9 11179.8 11168.6 11162.6 11160.4 11159.3 11156.7 11156.9 11163.2 11172.4 11166.4 11157.6 11144.5 11134.2 11126.3 11118.8 11111.2 11102.7 11092.7 11082.6 11073.7 11067 11063.2 11062.3 11061.9 11065.2 11067.2 11065.2 11070 11064.1 11066.4 11071.9 11074 11072.4 11073 11073.5 11076.9 11075.3 11075 11073.8 11073.2 11072.5 11071.7 11069.5 11067.6 11066.5 11066.1 11064.5 11063.5 11060.5 11056.3 11054.5 11052.6 11047.8 11041.8 11036.9 11026.7
11314.9 11306.5 11296.5 11285 11273 11260.5 11247.8 11234.7 11222.3 11211.5 11201.9 11192 11181.9 11172.4 11165.5 11161.6 11159.3 11154.4 11152.1 11150.9 11147.5 11151.2 11148.1 11139.3 11132.2 11125.6 11119.3 11112.6 11105.1 11096.5 11086.8 11079.2 11071.6 11065.3 11059.8 11058 11061.5 11064.7 11064.2 11065 11060.9 11062 11066.9 11070.7 11071.6 11072.4 11073 11073.6 11075.2 11076.1 11076.1 11075.1 11074.9 11074.5 11072.8 11070.3 11068.8 11070.8 11069 11066.6 11061.6 11057.3 11055.6 11050.8 11045.3 11037.2 11026.2 11014.2
11301.4 11294.3 11288 11279.7 11269.5 11258.4 11246.1 11232.2 11217.6 11207.3 11201.1 11193.8 11185.7 11177.7 11170.1 11162.4 11153.6 11149.7 11146.1 11139.7 11132.7 11132.8 11132.7 11130.4 11127.4 11124.5 11120.4 11115.5 11109 11101.1 11092.3 11084 11075.9 11069 11061 11057 11058.2 11059.8 11059.5 11063.5 11059.8 11062.3 11065.1 11069.5 11072.4 11074 11075 11076.9 11079.5 11080.1 11081.3 11081.4 11081.2 11080.2 11083.3 11079.5 11078.4 11078.2 11076.3 11070.3 11065.9 11064 11057.3 11052.2 11045.3 11035 11020.8 11009.8
