real_craters/C091-300m.grd
DSAA
207 207
-30.9575 30.9575
-30.9575 30.9575
10498.37685958 12017.836289882
[rows 120 to 149 of 207, columns 136 to 203 of 207]
11455.4 11447 11437.4 11427 11415.8 11405.4 11405.8 11408.2 11410.4 11411.6 11409.4 11403.4 11395.1 11389.2 11384 11375.7 11364.7 11350.9 11336.4 11322 11315.9 11314.1 11310.7 11305.4 11296.2 11281.4 11275.2 11278.1 11275.5 11284.8 11292 11290.1 11280.2 11269.1 11271.4 11298.5 11320.6 11335.1 11343.6 11350.2 11354.9 11358.1 11360.6 11364 11370.9 11388 11382.6 11377.3 11374.1 11373.3 11373.1 11372.9 11372.6 11372.7 11373.7 11375.6 11379.1 11384.6 11392.7 11402.2 11400 11386.7 11374.3 11367.3 11356.1 11350.4 11346.7 11343.7
11452.6 11443.8 11433.6 11422.6 11411 11400.7 11403 11408.4 11413.6 11416.2 11416.1 11411 11400.6 11396.5 11393.9 11385.5 11373.3 11358.9 11341.6 11320.3 11314.3 11318.1 11318 11315.8 11311.1 11302.9 11299.9 11305.8 11305 11311.4 11316.6 11313.6 11302 11305.3 11313.9 11336.9 11351.6 11361 11367.8 11371.5 11376.3 11381.8 11388.4 11397.8 11411.7 11427.3 11430.5 11422.7 11412.3 11402.6 11395.6 11390.6 11387 11384.8 11385 11385.7 11387.8 11391.9 11397.9 11404.3 11401.1 11391.6 11378.9 11369.7 11362.9 11357 11352.5 11348.7
11451.4 11442.6 11433.2 11422.8 11412.2 11401.8 11405.7 11413.7 11419.9 11424.3 11426.6 11426.4 11423.4 11419.7 11411.4 11398.8 11385.1 11371 11357.1 11342.3 11333.8 11331.5 11330.9 11331.8 11334.8 11342.8 11356.2 11349.2 11351 11354.5 11355.2 11356.2 11361.3 11373.7 11388.5 11390.5 11389.4 11389.7 11391.1 11392.6 11396.4 11402.7 11411.4 11423.5 11438.8 11453.8 11460.9 11456.5 11441.9 11426.3 11414.3 11405.4 11398.9 11394.4 11392.5 11391.5 11392.1 11393.9 11396.3 11397.9 11396.1 11389.7 11379.3 11370.7 11367.6 11362 11357.4 11353.8
11450.9 11443.4 11435.7 11427.8 11420.4 11412.7 11417.1 11424.2 11430.1 11435.1 11439.1 11443.3 11450.4 11451.2 11430.1 11412.4 11396.6 11382.6 11373.3 11370.3 11356 11346.9 11345 11347.8 11355.3 11367.4 11379.1 11382.9 11392.4 11397.2 11392.7 11398.6 11417 11432.8 11445.7 11435.1 11423.7 11416.1 11412.6 11411.7 11413.8 11419 11427.6 11440.1 11456.4 11473.9 11485 11482.6 11460.5 11441.6 11427.4 11416.7 11408.5 11402.3 11398.7 11395.7 11394.1 11393.1 11392.3 11393.1 11390.6 11384.7 11378.7 11372.1 11366.8 11366.7 11362.6 11358.9
11450.7 11445 11439.7 11435.1 11432.9 11433.8 11434.4 11436.7 11441.2 11446.1 11450.6 11455.6 11459.2 11454.7 11440.4 11422.2 11404.1 11388.7 11377.6 11372.1 11362.5 11356.6 11356.1 11360.5 11369 11380 11390.9 11399.2 11407.9 11413 11414.8 11423.1 11438 11452.2 11462.6 11458.5 11446.9 11436.9 11430.4 11427.8 11427.9 11430.7 11437.5 11448.2 11462.5 11480.2 11492.7 11477.8 11461.3 11446.4 11434 11423.5 11414.8 11407.6 11403.6 11398.9 11394.8 11391.1 11387.3 11383.6 11384.5 11380.8 11377 11373.1 11368.6 11370.6 11367.1 11363.9
11450.4 11447.1 11444.1 11442.2 11442.6 11444.3 11445.6 11447.3 11450.8 11455.2 11459.4 11463.4 11464.6 11458.8 11447.6 11428.6 11408.6 11389.5 11373.3 11361.3 11360.2 11360.5 11363.6 11369.3 11377.6 11387.7 11398.5 11405.4 11410.3 11414.6 11423 11433 11444.2 11456.9 11469.9 11469.4 11459.8 11449.9 11442.2 11437.9 11436.1 11437 11441 11447.7 11456.5 11465.4 11468.1 11457.1 11450.7 11443.3 11434.3 11425.1 11416.7 11409.2 11404.4 11398.7 11393.4 11388.3 11383.5 11381 11379.7 11377.8 11375.9 11374.1 11372.8 11374.4 11371.7 11368.6
11448.6 11447.9 11447 11447.7 11449.3 11450.2 11451.3 11454.7 11458.6 11461.9 11465.9 11469.1 11470.9 11470.2 11454 11433.1 11410.8 11389.1 11369.7 11357.3 11359.1 11363.1 11368.7 11375.3 11383.7 11392.5 11401 11406.9 11410.8 11415.4 11425.8 11437.3 11447.5 11457 11470.1 11472.2 11464.7 11455.3 11447.2 11442 11438.7 11437.6 11438.3 11440.2 11442.5 11442.9 11441.3 11441.6 11442 11438.3 11431.6 11424 11416.5 11409.4 11404.2 11397.9 11391.8 11385.5 11380.2 11378.6 11377.1 11376.8 11376.9 11376.5 11376.2 11377.6 11375.7 11373.4
11447.5 11447.2 11448.7 11451.6 11454.7 11456.1 11456.6 11462.8 11464.6 11465.9 11468.5 11471.3 11473.6 11470.5 11457.7 11435.7 11411.6 11388.8 11370.3 11359.7 11361.2 11366.2 11372.9 11380.2 11387.9 11395.7 11402.7 11407.7 11411.2 11415.6 11427.1 11440.4 11452.7 11463.2 11471.7 11471.6 11463.2 11454.1 11446.1 11439.8 11436.6 11433.6 11431.3 11429.4 11426.7 11421.8 11416.6 11429 11436.1 11432.5 11426.8 11420.8 11414.6 11407.2 11402.3 11396.6 11390.3 11383.5 11376.7 11373.9 11375.5 11377.5 11379.2 11379.7 11379.7 11380.7 11379.5 11377.9
11445.3 11446.6 11449.5 11453.5 11459.4 11466.9 11473.4 11472.2 11468.8 11466.8 11466.6 11468.6 11472.3 11474.7 11460.9 11435 11410 11387.6 11371.1 11363.9 11364.6 11369.9 11376.6 11383.9 11391.7 11398.6 11405 11409.3 11412.2 11417.1 11427.9 11443 11458.6 11471 11471.8 11464.8 11456 11448 11441.5 11435.4 11430.8 11426.3 11422.1 11417.4 11412 11406 11403.4 11415.9 11426.4 11423.9 11420 11416 11411.9 11406.7 11401.7 11396.7 11390.6 11384.4 11379.4 11377.3 11377.7 11380.4 11382.1 11383.2 11383.5 11383.4 11383.5 11382.9
11441.1 11443.5 11447 11452.5 11460.5 11471 11480.4 11475.6 11468.1 11462.8 11460 11459.4 11461.6 11466.3 11453.4 11426.9 11405.2 11385.8 11368.3 11364.4 11369.1 11374.8 11381.1 11387.6 11394.9 11401.5 11408 11412.5 11413 11415.8 11426.5 11442.9 11460.7 11476.4 11469.4 11452.7 11445.2 11438.4 11432.8 11426.9 11422.3 11417.3 11411.9 11406.1 11399.5 11393.6 11389.6 11398.4 11410.2 11411.8 11411.3 11410.3 11408.6 11405.1 11401.6 11397.4 11392 11386.7 11381.8 11380.7 11382.4 11384.9 11386.7 11388 11388.6 11388.7 11388.2 11388
11430.5 11437.5 11440.8 11446.5 11454.4 11464.5 11473.4 11469.4 11459.8 11452.9 11448.4 11444.5 11440.6 11433.8 11421.8 11410 11398.7 11387.6 11376.1 11373.8 11377.1 11381.6 11386.7 11392.3 11398.2 11404 11409.5 11410.9 11414.2 11416.7 11425 11439 11454.3 11468.4 11460.3 11443.3 11433.1 11427.3 11422.5 11418.1 11413.1 11408.1 11402.6 11396.5 11389.7 11383.9 11377.5 11381.1 11392.7 11398.4 11402.1 11404.4 11405.5 11404.7 11403.2 11400.2 11395.9 11390.3 11385.2 11385.2 11388.5 11390.7 11393 11393.9 11394.6 11394.4 11394.9 11392.7
11424.1 11429.5 11431.8 11435.6 11440.9 11448.1 11456.2 11450.4 11442.4 11437.7 11433.3 11427.9 11419 11403.8 11389.8 11393.5 11394.5 11393.3 11391.8 11387.7 11387 11388.9 11392.2 11397.1 11401.9 11407.7 11413.4 11416.1 11418.3 11420.1 11424.8 11432.2 11439.2 11441.4 11434 11424.1 11417.9 11415 11412.6 11409.5 11405 11400.5 11395.2 11389.5 11383.4 11378.3 11372.6 11372.6 11378.1 11387 11394.5 11399.9 11403.6 11404.9 11405.7 11405 11402.5 11398 11390.9 11393.5 11397.3 11398.4 11400.1 11401.2 11400.8 11399.9 11399.3 11397.2
11414.7 11420.2 11421.5 11423.1 11424 11423.7 11419.1 11415.9 11418.4 11420.2 11419.3 11415.2 11406.3 11391.4 11378.7 11388 11396 11400.6 11402.1 11398.4 11395.3 11394.8 11397.3 11400.3 11405.3 11411.6 11418.6 11424.3 11424.1 11422.9 11422.9 11425.2 11424.4 11417.1 11408.7 11404.3 11403.5 11403.9 11403.4 11401.5 11398.3 11394.7 11390.1 11385.4 11380.4 11376.9 11372 11370.8 11372.5 11381.3 11390.3 11397.4 11403.1 11408.1 11411.4 11412.1 11412.4 11411.3 11409.7 11408 11408.7 11408.1 11407.9 11406.7 11406.4 11405.3 11403.9 11402.5
11406.6 11408.4 11412.3 11411.4 11408.3 11402.6 11391.2 11388 11398.8 11406.1 11409.6 11409 11405.2 11396.1 11385.6 11396.1 11404.2 11408.8 11410.5 11405 11400.6 11398.8 11399.6 11402.3 11407 11413.7 11421.2 11427.4 11428.3 11425.7 11422.7 11421.4 11416.2 11406.7 11398.2 11395.6 11395.3 11396.1 11396.5 11395.1 11392.8 11390 11386.4 11383.1 11379.6 11376.4 11373.9 11371.8 11376.2 11382.6 11390 11397.5 11404.3 11410.9 11415.8 11420.5 11424.1 11426.4 11426.7 11423.7 11421.3 11418.2 11415.9 11413.3 11411.2 11409.3 11406.9 11405.2
11402.9 11404.2 11406 11403.4 11397.3 11390.4 11383.1 11381.9 11388.9 11397.7 11405.6 11410.2 11413 11414 11412.9 11417.8 11417 11414.9 11412.2 11406.9 11402.5 11400.5 11400.6 11402.8 11406.7 11412.2 11420.6 11428.3 11430.2 11427.9 11426.3 11421.6 11414 11404.7 11396.4 11393.3 11392.4 11392.9 11392.2 11390.9 11388.9 11386.9 11384.5 11382.5 11380.7 11379.4 11378.9 11379.6 11381.3 11385.3 11391.9 11399.1 11406.4 11414 11421.4 11428.8 11435.6 11440.7 11441.6 11437.6 11432.4 11427.5 11423 11419 11415.4 11412.5 11409.6 11407.4
11399.6 11400.1 11401.2 11397.9 11391.7 11384.8 11378.5 11377.7 11383.1 11394 11405.4 11415.3 11424.3 11435.2 11452.3 11444.2 11428.8 11416.8 11408.7 11405 11401.8 11399.9 11399.6 11401.7 11404.3 11408.1 11414.1 11421.3 11424.6 11424.7 11428.5 11421.8 11413.3 11406.2 11401.7 11398.8 11396.6 11393.5 11390.3 11388 11386.2 11384.9 11384 11383.3 11383 11383.4 11385 11387.9 11387.4 11389.3 11394.8 11401.3 11408.5 11416.5 11425.7 11435.4 11445.5 11453.4 11454.5 11449 11441.5 11434.7 11428.8 11423.3 11419.1 11415.6 11412.3 11409.6
11396.4 11398.9 11397.7 11394.7 11389.7 11383 11374.2 11367.8 11379.2 11394.8 11408.9 11420.9 11432 11444.7 11457.5 11451 11433 11416.4 11406.1 11402.3 11399.8 11398 11397.3 11398.5 11399.6 11401.1 11402.9 11403.5 11405.6 11412.4 11417.6 11415.2 11409.6 11405.6 11404.6 11403.1 11401.6 11393.2 11388 11385.2 11384.7 11384 11384.1 11384.7 11385.6 11387.1 11389.3 11391.3 11392.3 11394.1 11398.1 11403.2 11409.9 11417.8 11427.8 11438.7 11451.6 11463.9 11464.6 11455.7 11446.5 11438.6 11432.3 11426.8 11422.4 11418.3 11414.7 11411.9
11395.6 11396.6 11396.3 11394.4 11391.5 11387 11379.5 11370.9 11385.1 11401.7 11414.3 11425.2 11434.6 11443.7 11448.3 11443.2 11430.6 11415.6 11404.9 11399.7 11396.6 11394.6 11393.4 11392.8 11393.1 11392.7 11391.6 11388.9 11389.6 11397.4 11403.9 11404.3 11401 11398.7 11398.2 11395.4 11393.1 11385.2 11382.3 11382 11383 11383.7 11385 11386.5 11388.2 11390.5 11392.9 11395.2 11396.9 11397.9 11400.6 11404.6 11410.4 11417.6 11427.1 11437.4 11450.1 11465.4 11464.8 11454.9 11446.5 11439.6 11433.8 11428.5 11424.1 11420.3 11416.7 11414
11395.8 11394.7 11395.5 11395 11395.6 11396.3 11397.5 11397.9 11409.6 11416 11421 11427.6 11433.9 11439.3 11441.9 11437.9 11425.6 11412.9 11402.4 11396 11392.1 11390 11388.5 11387.4 11386.2 11384.9 11382.8 11379.7 11379 11385.2 11389.7 11390.8 11389.4 11386.5 11383.2 11377.1 11368.8 11371.2 11375.3 11378.6 11381.5 11383.9 11386.1 11388.3 11390.6 11393.2 11395.9 11399.5 11401.6 11400.3 11401.6 11405 11410 11416 11423.5 11430.9 11438.9 11447 11449.6 11446.4 11442 11437.6 11433 11428.8 11425 11421.5 11418.4 11415.9
11397.2 11395.6 11395.2 11396 11399.8 11405.4 11416.2 11436.4 11437.7 11428.5 11425.9 11427.4 11430.4 11433.2 11434.1 11429.9 11417.7 11404.9 11396 11390.1 11386.4 11384.1 11382.5 11381.3 11379.9 11378.4 11376.5 11374.4 11373.7 11377.3 11380.4 11381.1 11378.1 11373 11366.3 11359.9 11355.9 11362 11370.2 11376.3 11380.7 11384.3 11387.1 11389.8 11392.3 11394.9 11397.1 11400.1 11401.7 11399.5 11401 11404.3 11408.6 11413.4 11418.5 11422.5 11424.5 11422.6 11431.1 11435.2 11435.4 11433.4 11430.9 11427.9 11424.8 11422.2 11419.9 11417.5
11396.2 11395.1 11395.8 11396.8 11400.5 11407.2 11419.1 11431.7 11434.3 11427.8 11423.8 11423.2 11424.1 11424.8 11424 11420 11406.4 11394.6 11387.2 11382.6 11379.7 11377.4 11376.1 11375.2 11373.9 11372.8 11371.8 11371.2 11371.2 11372.7 11374.4 11373.9 11369.3 11362.2 11353.5 11348.6 11352.5 11361.2 11370.3 11376.7 11381.3 11384.9 11388 11390.7 11393.2 11395.6 11397.5 11398.2 11397 11398.2 11400.2 11403.3 11407.1 11410.8 11414.2 11416.2 11416.2 11415.6 11421.6 11426.7 11429 11429.2 11428.1 11426.3 11424.4 11422.2 11420.5 11419
11393.3 11392.5 11393.2 11395.1 11398.4 11403.3 11410.3 11417.9 11420.4 11416.8 11414.3 11415 11415.4 11414.8 11411.9 11404.1 11393 11381.4 11377.1 11374.2 11372.5 11370.4 11369.6 11369 11368.6 11368.4 11368.4 11368.4 11368.6 11369 11369.5 11369.4 11363 11356.3 11348.9 11346.7 11358.1 11368.8 11375.4 11379.8 11383.3 11386.3 11389 11391.5 11393.9 11396.1 11397.9 11398.9 11399.2 11398.2 11399.3 11402.5 11405.9 11408.9 11411.7 11413.2 11413.7 11414.5 11418.4 11422.3 11424.7 11425.9 11425.6 11424.6 11423.4 11422.3 11421 11419.8
11390.3 11390 11390.6 11391.4 11393.5 11395.9 11398 11398.7 11399.4 11399.3 11402.3 11404.8 11405.9 11405.1 11401.5 11395.3 11382.3 11371.7 11368.5 11366.4 11365.5 11364.7 11364.7 11364.6 11364.6 11364.9 11365.7 11366.1 11367.1 11366 11363.5 11359.9 11357.4 11355.2 11353.9 11357.3 11370.8 11380.8 11382.3 11384 11386.1 11388.1 11390.4 11392.6 11394.8 11396.9 11398.7 11400.5 11402.2 11400 11400.1 11402.8 11405.6 11408.5 11410.7 11412.5 11414.2 11416 11417.9 11420.3 11422.3 11423.5 11423.7 11423.6 11422.8 11421.9 11421.1 11420.3
11385.5 11385.6 11386.4 11387 11387.6 11387.1 11385.2 11379 11372 11381.1 11390.3 11395.1 11397.2 11396.4 11393 11386.1 11373.4 11363.7 11361.9 11360.6 11360 11359.8 11360.6 11360.8 11361.1 11361.6 11362.3 11363.9 11364.5 11362.6 11357.9 11353.6 11353.8 11357.2 11362.6 11371.4 11380.1 11386.3 11386.8 11387.4 11388.7 11389.8 11391.7 11393.7 11395.6 11397.5 11399.3 11401.1 11402 11401.7 11402 11404 11406.3 11408.7 11410.7 11412.6 11414.7 11416.6 11418.1 11419.4 11421 11422 11422.4 11422.4 11422.2 11421.5 11420.8 11420.1
11380.5 11380.8 11382.4 11382.3 11382.5 11381.2 11378.1 11371 11362.5 11373.8 11384 11388.8 11390.6 11389.5 11386.2 11379.7 11368.6 11360.3 11357.9 11356.8 11356.6 11356.8 11357.1 11357.9 11358.5 11359.2 11359.8 11360.7 11361.9 11360.3 11354.1 11349.5 11352.5 11360.5 11369.6 11379 11384.8 11387.8 11388.3 11389.2 11390.4 11391.9 11393 11394.8 11396.5 11398.2 11399.7 11401.2 11401.7 11402.5 11403.9 11405.8 11407.6 11409.6 11411.3 11413.1 11415 11416.7 11418 11418.9 11419.9 11420.7 11421.5 11421.7 11421.5 11420.9 11420.3 11419.5
11374.8 11375.6 11377.3 11377.5 11378 11377.4 11376.7 11375.2 11374.4 11380.5 11384.7 11386.2 11385.9 11384.3 11381.4 11376 11366.7 11359.2 11355.6 11353.8 11353.3 11353.4 11353.9 11355 11355.8 11356.5 11357.1 11357.4 11356.9 11354.2 11352.3 11350.5 11355.5 11365.6 11375.3 11383.8 11387.1 11386.4 11388.2 11389.8 11391.5 11393.2 11394.8 11395.7 11397.3 11399 11400.4 11401.7 11402.4 11403.9 11406.1 11408.1 11409.5 11411.1 11412.2 11413.5 11415.2 11416.7 11417.9 11418.8 11419.9 11420.7 11421 11420.8 11420.4 11420 11419.6 11418.9
11368.1 11368.7 11369.2 11372.1 11373 11374.5 11377.2 11382.2 11389.8 11391.9 11387.9 11384.6 11382.1 11379.8 11377.5 11373.8 11366.7 11358.3 11354.4 11351.8 11350.9 11350.8 11351.4 11352.3 11353.8 11354.8 11355.4 11355.3 11354.2 11352.9 11354.9 11358.4 11364.9 11373.1 11380.9 11387.8 11389.6 11387.7 11388.8 11390.8 11392.6 11394.5 11396.1 11396.8 11398.3 11399.8 11401.2 11402.8 11404.3 11406.8 11408.8 11411 11412.1 11413 11413.4 11413.8 11414.1 11416 11418 11419.1 11419.9 11420.6 11420.4 11420.2 11419.7 11419.2 11418.6 11418.3
11360.6 11361.5 11361 11364.8 11366.8 11369.8 11374.4 11382.9 11394.3 11396.5 11387.3 11380.5 11377.1 11375 11373.3 11369.5 11362.5 11357 11352.8 11349.9 11348.5 11348.5 11349.2 11350.5 11352.6 11354.1 11355.3 11355.7 11355.3 11355.2 11360.7 11369.5 11378 11381.2 11385.5 11389.6 11390.8 11389.6 11390.2 11391.9 11393.8 11395.6 11397.2 11398.2 11399.6 11401 11402.3 11403.9 11405.1 11407.3 11413 11414.8 11414.9 11415.2 11415.3 11414.9 11414.7 11416.7 11418.8 11419.9 11420.4 11420.8 11420.4 11420 11419.1 11418.4 11417.8 11417.3
11352.2 11352.4 11352.2 11353.9 11358.7 11361.6 11365.9 11373.3 11383.2 11385.4 11376.4 11371 11369.4 11369.1 11368.7 11367.2 11364.4 11355.7 11350.3 11346.8 11345.5 11345.7 11346.7 11348.6 11350.9 11354 11356.3 11358.3 11359.8 11360.4 11368.3 11377 11383.2 11386.3 11388.8 11390.6 11391 11391 11391.6 11393.3 11395.2 11396.7 11398.2 11399.6 11400.9 11402.1 11403.4 11404.8 11406.5 11410.5 11414.9 11416.6 11417 11417.9 11418.2 11417.5 11417.4 11419.1 11421.1 11422 11421.8 11421.6 11420.7 11419.8 11418.6 11417.6 11416.5 11415.6
11342.8 11343.4 11343.7 11344.9 11347 11350.5 11352.8 11355.1 11356.1 11354.5 11355.3 11356.1 11358.7 11361.4 11363.3 11363.5 11361 11352.2 11345.1 11342.7 11342.1 11343 11344.8 11347.5 11350.4 11353.9 11357.9 11362.4 11367.5 11374.5 11379.7 11383.4 11386.8 11389.5 11391.3 11392.7 11393.4 11392.7 11393.3 11395 11396.5 11397.9 11399.4 11400.6 11402.1 11403.1 11404.3 11405.4 11407 11408.6 11412.5 11415.6 11418.3 11421.2 11422.7 11421.8 11419.9 11423.5 11425.1 11425.2 11424.4 11423.1 11421.4 11420 11418 11416.7 11415.4 11414
