real_craters/C091-500m.grd
DSAA
125 125
-30.9575 30.9575
-30.9575 30.9575
10503.15958134 12020.939206243
[rows 30 to 59 of 125, columns 0 to 66 of 125]
11799.5 11800.3 11799.1 11793.6 11788.7 11791.8 11803.3 11820.1 11842.7 11861.4 11875.9 11883.6 11882.4 11886.1 11885.2 11876.2 11863.4 11846.7 11827.1 11805.1 11780 11752.7 11727.3 11720.9 11720.1 11712.2 11704.3 11700.8 11694.3 11691.6 11692.6 11693.6 11695.3 11695.4 11695.8 11696.3 11698.1 11695.5 11687.6 11680.1 11675.9 11673.6 11669.9 11666.1 11662.8 11660.3 11658 11657.4 11661.9 11668.9 11664.1 11660.5 11660.1 11659.5 11658.7 11657.8 11656.2 11664.1 11669.3 11668.8 11657.3 11636.4 11612.9 11589.5 11565.4 11553.3 11538.8
11804.2 11815.4 11807.4 11794.5 11782.8 11779.5 11788.5 11814.6 11846.3 11873.5 11891.3 11903 11902.3 11895.2 11885.7 11873.3 11860.3 11842.8 11822.7 11800.4 11776.5 11750.9 11728.5 11723.6 11721.3 11717.9 11714.2 11710.1 11705.2 11701.4 11699.4 11698.1 11698 11698.2 11698.8 11699.2 11699.3 11694.5 11687.9 11677.5 11672.8 11670.8 11667.7 11664.5 11661.4 11658.1 11655.3 11653.1 11657.8 11668.9 11674.6 11672.6 11671.1 11671.4 11672.7 11674.1 11673.4 11681 11683.7 11679.9 11663.5 11638.5 11618.1 11602.7 11592 11573.7 11553.5
11766.1 11779.4 11789 11779.7 11763.8 11750.7 11766.4 11805.9 11850.7 11891.2 11910.7 11923.4 11919.9 11903.7 11887.8 11872.3 11856.3 11838.8 11819.5 11799.8 11778.8 11757.3 11740.8 11732.6 11727.4 11725.9 11724 11721.7 11714.8 11709.6 11705.5 11703.1 11701.6 11700.7 11701.1 11701.3 11700.9 11697.4 11691.9 11683.1 11674.8 11670.2 11666.6 11663.3 11660.3 11657.3 11655.1 11653.3 11655.5 11663.4 11672.3 11676.8 11678 11680.4 11684.7 11691.2 11700.3 11700.6 11695.7 11689.1 11669.2 11637.8 11618.4 11608.3 11600.8 11583.7 11562.1
11738.8 11748.8 11755.6 11753 11746.2 11739.4 11754.8 11794.5 11845 11895.8 11913.2 11932.3 11924.2 11904.6 11886.6 11869.5 11852.9 11835.9 11818 11800.7 11783.6 11767.1 11753.2 11742.8 11736.1 11733.3 11732.7 11729.6 11722.3 11715.8 11710.4 11706.7 11704.1 11702.4 11701.6 11702 11704.3 11708.4 11694.6 11686.5 11675.3 11668.4 11664.4 11661.6 11659.7 11658.8 11658 11658.1 11660.3 11662.5 11669.3 11675.9 11680.7 11685.6 11691 11699.7 11710.6 11707.8 11696.3 11687.8 11664.4 11632.5 11615.9 11605.9 11596.3 11581.9 11564.1
11729.8 11734.9 11737.6 11737.2 11734 11732.5 11744.4 11779.4 11818.3 11853 11885.3 11908.5 11906.7 11893.6 11879 11863.8 11848.2 11833.6 11818.2 11803.3 11788.8 11774.3 11761.2 11748.8 11740.3 11737 11737.7 11737.4 11725.8 11718 11711.8 11707.3 11704 11701.4 11699.8 11698.8 11698.8 11697.3 11685.1 11674.4 11668.5 11664.5 11662.4 11662.3 11661.9 11661.3 11661.5 11662.5 11662.6 11655 11663.6 11673.4 11678.9 11683.8 11688.6 11695.2 11702.6 11696.9 11678.4 11661.2 11641.3 11621.6 11609.6 11597.5 11587.9 11576 11561.6
11722 11723.9 11725.3 11725.3 11723.2 11727.6 11738.6 11765.4 11795.7 11823.7 11847.8 11858.9 11875.2 11875.9 11868.1 11856.5 11844.2 11831.1 11817.8 11805.9 11793.7 11779.8 11764.7 11751.2 11740.6 11735.4 11734.5 11731.3 11723.3 11716.1 11709.4 11704.2 11700.7 11697.5 11695 11692 11688.5 11682.3 11669.8 11659.1 11659.9 11660.7 11661.4 11662.1 11663 11663.4 11664.6 11665.7 11664.4 11655.4 11658.7 11667.4 11674.6 11677 11678.4 11679 11678.8 11668.7 11646.6 11623.6 11607.1 11595.3 11588.2 11583.6 11578.8 11570.1 11557.5
11706.1 11708.6 11710.8 11710.5 11708.8 11718 11732.8 11753.6 11782.6 11809.8 11829.3 11841.2 11855.2 11860.1 11855.4 11847.1 11837.4 11827.5 11818 11807.7 11797.4 11786.2 11766.4 11744.8 11733.1 11728.7 11726.7 11723 11716.6 11710.8 11705.4 11700.3 11696.5 11692.6 11688.8 11684.2 11677.7 11668 11658.6 11653.3 11655.3 11657.9 11660 11662.2 11664 11666.7 11668.5 11668.7 11665.8 11658.9 11661.8 11672.9 11672.2 11669 11664.4 11657.7 11647 11631.3 11613.1 11591.7 11577.4 11566.2 11564.8 11569.5 11570.5 11566.3 11553.1
11684.8 11691.9 11697.1 11699.8 11694 11699 11716.9 11739.6 11770 11800.8 11827.6 11842.2 11847.3 11848.7 11844.9 11839.2 11830.5 11821.6 11812.8 11804.6 11796.4 11786.9 11764.3 11738.8 11726 11720 11714.5 11710.8 11707.9 11703.8 11699.8 11696.1 11691.7 11687.6 11682.9 11677.4 11670.7 11663.5 11657.5 11653.8 11654.2 11656.4 11659.9 11662.6 11665 11667.3 11669.5 11671.6 11672.1 11669.7 11668.3 11671.8 11667.6 11660.7 11650.8 11637.6 11620 11599.8 11588.7 11577 11564.7 11554.5 11560 11566.4 11565.5 11556.9 11551.3
11669.8 11677.6 11683.2 11685.9 11679.1 11677.1 11688 11718.6 11758.8 11795.2 11827.3 11841.1 11840.1 11837.9 11833 11826.4 11818.9 11810.9 11802.9 11796.3 11789.3 11780.2 11758 11735 11721.3 11713.4 11706.5 11702.7 11700 11696.9 11693.9 11690.9 11687.4 11683.2 11678.6 11673.1 11666.5 11660.1 11655.1 11653.8 11654.7 11656.9 11659.5 11661.7 11664.9 11667.2 11669.8 11672.8 11675.5 11671.7 11670.6 11668.6 11662.4 11652.9 11640.2 11624.5 11604.1 11583.5 11580.4 11571.7 11567.9 11564.2 11570.7 11569.6 11567.2 11568.9 11558
11663.1 11665.7 11668.7 11668.7 11663.5 11658.8 11663.2 11693.7 11747.5 11783.8 11816.4 11827.5 11826.1 11822.9 11817.4 11811.4 11804.6 11797.4 11790 11783.9 11777.8 11769.9 11748.6 11725.8 11716.5 11709.3 11703.4 11697.7 11693.6 11690.7 11687.7 11684.8 11681.3 11677.5 11673.4 11669.2 11663.4 11657.5 11653.5 11654.5 11656.4 11658.2 11660.9 11664 11666.2 11667.6 11670.3 11672.6 11674 11671.2 11667.3 11663.7 11656.7 11647.5 11635.7 11619.8 11601.5 11587.3 11589 11596.2 11579 11568.8 11565.5 11566.3 11566.6 11564.4 11564.1
11648.4 11653.4 11655.1 11653.7 11646 11642.5 11646.4 11673.5 11723.5 11764 11791.6 11803.7 11805.6 11803.6 11799.1 11794.5 11788.4 11781.4 11774.7 11768.1 11761 11753.1 11740.9 11726 11713.9 11706.1 11701.3 11692.6 11687.6 11684.1 11681.2 11678.3 11675.6 11672.5 11668.6 11665.1 11661.7 11658.5 11655 11657.4 11660.2 11662.7 11665.8 11668.6 11671.1 11672.1 11672.3 11671.2 11669 11668.9 11658.7 11656.3 11652.9 11648.4 11639.6 11626.3 11609.1 11591.4 11590.3 11595.6 11592.7 11577.4 11573.4 11575.7 11570.1 11567.4 11566.4
11641.2 11643.1 11644 11642.4 11635 11631.6 11636 11663.4 11710.6 11741.2 11765.9 11776.8 11782.1 11782.5 11779.8 11775.4 11770.3 11763.7 11756.5 11750.1 11743.4 11738.8 11734.3 11723.8 11710.2 11698.7 11692 11685.5 11681.6 11678.8 11676.1 11674.1 11672 11669.4 11666.9 11664.2 11662.3 11661.8 11662.4 11662.5 11664.5 11667.1 11669.7 11671.4 11672.5 11673 11673.5 11671.5 11669.2 11662.6 11658.2 11657.4 11658.4 11657.8 11654 11645.7 11631 11614.8 11620 11629.5 11628.5 11618.7 11609.3 11598.4 11579.5 11563.5 11556.5
11635.5 11635 11634.8 11633 11627.5 11625.5 11631.2 11658.3 11700.7 11719.6 11729.7 11749.4 11759.2 11762.2 11761.4 11758.2 11752.8 11746.6 11739.6 11731.9 11725 11724.2 11725.9 11719.5 11704 11688.3 11677.5 11676.7 11676 11674.3 11673.4 11671.5 11669.4 11667.5 11663.8 11662.9 11662.4 11663.7 11663.7 11666.6 11669.3 11671.6 11673.3 11675.9 11676.4 11676.5 11675.3 11671.4 11666.2 11660.7 11654.7 11660.2 11668.3 11674.3 11680.9 11682.8 11675.7 11651.3 11646.6 11674.6 11684.7 11673.3 11638.6 11602.5 11611.9 11587.1 11563.2
11625.6 11627.3 11627.5 11626.2 11624 11624.9 11630.4 11653.5 11686.3 11706.2 11719.8 11731.5 11740 11743.6 11743.1 11741.2 11735.9 11729.6 11722.5 11714.9 11708 11710.2 11716 11711.1 11697.9 11683.4 11673.9 11672.8 11672.8 11671.5 11670.5 11669.7 11668.1 11665.6 11664 11662.8 11662.6 11665.7 11668 11671.3 11674.5 11677.2 11678.9 11680.5 11679.8 11679.7 11677.6 11678.2 11676.7 11670.8 11662.1 11668.1 11681.8 11695.1 11711.9 11724.2 11736.7 11735.6 11710.9 11743.1 11756.8 11759.8 11748.4 11715.2 11708.2 11667.4 11628.2
11616.6 11620.2 11622.3 11624.4 11627.5 11627 11633.3 11654.9 11679.3 11697.1 11709.7 11717.2 11722.6 11725.7 11725.5 11723.1 11718.9 11712.4 11707.4 11703.4 11699.2 11702.7 11707.1 11703.5 11693.9 11683.6 11675.7 11671.8 11670.1 11669.6 11668.7 11667.6 11667.4 11666 11664.7 11664.9 11663.3 11664.1 11670.7 11676.7 11679.8 11682.5 11683.6 11682.9 11682.9 11680.7 11681.8 11686.5 11704 11688.1 11685.3 11686.6 11685.9 11712.9 11735.5 11757.7 11793.4 11851 11915 11839 11803.6 11833.8 11915.9 11916.7 11811.9 11764.9 11773.4
11613.7 11616.9 11618.2 11620.6 11624 11628.1 11635.6 11653.2 11674.7 11689.2 11699 11704.8 11709.4 11711 11709.7 11707.3 11704.9 11700.9 11696.7 11694 11695.8 11699.9 11701.9 11699.1 11691.3 11682.8 11676.6 11672.8 11671.7 11669.7 11670.4 11670.5 11670.5 11669.5 11668.2 11668.1 11665.4 11662.2 11669.5 11681.5 11685.1 11684.5 11684 11680 11679.2 11680.3 11678.4 11681.1 11698.5 11724.2 11724.8 11718.5 11718.4 11743.9 11749.8 11750.8 11779 11848.9 11911.7 11800.1 11740 11745.4 11787.6 11797.2 11750.1 11739.3 11796.5
11612.7 11614 11615.4 11615.3 11620.3 11631.1 11643.7 11658.8 11679.5 11686.8 11692.7 11698.1 11701.2 11702.8 11701.7 11698.8 11695.1 11690.8 11686.6 11684.1 11685.4 11698.5 11705.3 11700.7 11690.2 11679.9 11675.8 11674.8 11674.9 11675.4 11676.3 11677 11676.7 11675.1 11674.7 11673.1 11671.2 11670.6 11681.8 11694.8 11692.8 11686.6 11682.3 11679.3 11679.4 11677.4 11675.5 11680.1 11706.6 11741.5 11750 11785.2 11827.2 11809.3 11740.4 11692.6 11674.2 11674.2 11631.8 11592.3 11563.6 11540.6 11508.9 11516.8 11539.8 11564.4 11574.7
11616.4 11618.9 11616.4 11615.1 11624 11637.6 11654.7 11677.8 11690.6 11687.6 11690.5 11694.8 11696.9 11696.6 11694.6 11691.8 11688.5 11683.8 11678.7 11675.3 11679.9 11698.8 11715.2 11702.8 11689.1 11678.8 11677.1 11677.5 11679.5 11680.2 11681.9 11681.6 11682.3 11682.3 11681.9 11681.4 11680.5 11679.9 11696.2 11708.9 11698.4 11689.4 11684.2 11678.5 11676.9 11679.4 11682.1 11704.1 11749.5 11815.3 11866.9 11889.8 11931.6 11818.9 11667.1 11577.4 11514 11455.2 11376.7 11355.2 11351.9 11333.8 11306.6 11307.9 11338.4 11373.6 11387.8
11618.3 11630.2 11616.3 11615.4 11626.6 11641.8 11659.6 11677.8 11689.5 11690.3 11692.1 11693.9 11695.1 11694.7 11693.7 11690.3 11685.7 11680.3 11673.8 11668.8 11671.2 11686.3 11699.6 11697 11688.8 11679.7 11681.4 11683.1 11684.5 11685.1 11685.9 11686.4 11686.6 11687.4 11689.5 11691.2 11693.8 11695.8 11700.3 11700.9 11693.5 11687.5 11684.5 11669.1 11670.6 11675.4 11687 11720.5 11793.8 11890 11937.6 11861.5 11732.5 11600.9 11502.1 11417.2 11337.2 11245.4 11169.1 11160.3 11161.6 11152.5 11142.1 11151.5 11184.6 11218.9 11254.9
11608.9 11598.4 11610.3 11616.8 11629 11645.1 11662.4 11677.9 11690.7 11694.1 11695.7 11695.4 11695.2 11694.9 11693.3 11691.1 11687.2 11681.8 11675.1 11668.4 11667.5 11673.1 11680.7 11689 11691.5 11692.4 11689.9 11689.7 11689.9 11689.7 11689.5 11689.8 11691 11691.4 11693.7 11697.7 11702.6 11714.2 11696.2 11684.5 11681.7 11681.9 11682.7 11670.8 11667.9 11676.6 11697.3 11735.4 11810.4 11881.9 11913.5 11711.1 11508.9 11364.9 11307.5 11249 11181 11103.5 11040 11015.9 11006.7 10999.9 10996 11018.1 11060 11079.3 11099.6
11614.7 11627.9 11618.9 11618.6 11629.8 11645.9 11665 11681.8 11701.2 11700.8 11700.1 11700.3 11699.2 11698 11696.3 11694.6 11690.9 11686.4 11681.1 11675.2 11671.3 11671.5 11677.7 11687.2 11693.9 11696.8 11696.9 11695.4 11693.9 11693.8 11694 11696.5 11697.1 11697.6 11698.7 11699 11698.6 11695.1 11684.9 11671.4 11673.1 11678.7 11683 11687 11683.4 11695.4 11707 11731.8 11778 11781.3 11714.3 11509.6 11326.2 11191 11149.8 11108 11057.7 11004.7 10939.1 10897.4 10889.3 10882.4 10874.3 10888.8 10939.9 10952.9 10959.2
11619.8 11626 11619.9 11617.7 11628.7 11644.6 11665 11691.1 11704.3 11704.3 11706 11706.2 11705 11704.5 11702.7 11701.3 11698 11694.5 11689.7 11685.9 11678.3 11671.8 11678 11690.6 11699.7 11702.5 11702.4 11699.8 11699.7 11699.7 11699.5 11700.6 11700.4 11700.6 11700.4 11698.9 11694.6 11688.8 11681.1 11674.2 11674.7 11681.1 11688.5 11696.5 11704.3 11723.8 11731.8 11747.8 11736.4 11670.6 11544.6 11362 11214.8 11104.9 11047.4 11002 10957.9 10913.2 10856.5 10818.1 10806.3 10798.7 10793.6 10805.2 10831.3 10850.7 10861.5
11618.9 11623.2 11621.8 11621.8 11629 11642.1 11666.1 11698.4 11721.1 11713 11714.5 11714 11713.3 11712.5 11710.7 11709.5 11706.7 11704.9 11700.2 11691.7 11686.3 11679.2 11684.7 11696.8 11710.5 11712.3 11707.6 11704.9 11704.2 11703.6 11703.7 11703.5 11703.7 11702.3 11701.4 11700.1 11697.1 11689.8 11682.2 11679.5 11677.6 11683.6 11693.6 11704.5 11715.5 11728.9 11763.1 11769.8 11704 11591.6 11435.6 11289.5 11163.7 11059.9 10981.8 10928.2 10882.5 10832.6 10792 10760.5 10749.1 10740.9 10733.7 10730 10753 10777.8 10793.1
11619.2 11622.7 11623.6 11627 11633 11646.5 11679 11713.1 11727 11724.5 11724.9 11722 11720.3 11718.3 11717.1 11716.4 11716.6 11716.5 11716.2 11708.9 11704.1 11696.9 11695.8 11701.1 11707.1 11708.6 11707.1 11705.6 11705.1 11705.4 11705.7 11704.8 11705.4 11704.7 11702.4 11701.7 11702.3 11695 11682.5 11673.5 11673.7 11687.8 11702.7 11718.1 11733.6 11750 11785.6 11780.7 11674.4 11544.6 11402.1 11259.4 11115.3 10998.1 10919.9 10869.6 10830.2 10793.6 10753.5 10728.9 10711.2 10702.9 10698.6 10703.5 10723.8 10730.9 10735.9
11623.9 11628.7 11630.8 11635.1 11638 11649.9 11676.9 11717.6 11741.6 11739 11734.5 11730.7 11727.7 11726.1 11724.2 11723.7 11723.9 11726.2 11732.8 11743.3 11722.6 11713.7 11702.9 11699.3 11703.1 11701.6 11702.1 11702.8 11704.1 11703.8 11704.7 11706.3 11706.8 11704.3 11702.8 11700.9 11697.2 11692.3 11684 11676.3 11678.3 11697.2 11716.3 11735.8 11752.6 11764.9 11785.9 11746 11623.6 11494.3 11365 11222.6 11059.3 10925.9 10858.1 10819.6 10788 10756.7 10721.9 10694.8 10682.6 10677.5 10675.4 10679.5 10686.8 10683.3 10676
11631.9 11642.1 11655.8 11646.4 11640.2 11641 11660.2 11705.2 11741.9 11750.3 11741.6 11736.1 11733.4 11731 11728.7 11727.6 11727.9 11728.4 11729 11729 11719.5 11708.9 11699.3 11691.2 11683.3 11689.6 11695.2 11699 11701.3 11702.9 11705.6 11706.6 11708.1 11707.3 11705.2 11700.7 11693 11691.1 11688 11687.6 11694.6 11707.6 11728 11749.5 11768.5 11775.2 11754.4 11663.2 11559 11423.4 11283.3 11125.5 10945.6 10859.7 10810.8 10780.1 10752 10725.6 10699.2 10675.8 10666.3 10662 10656.1 10648.9 10638.9 10630.5 10630.2
11635.9 11646.5 11655.9 11648.1 11640.3 11639.3 11652.1 11691.7 11725.3 11742.9 11741.5 11739.6 11737.4 11736.1 11733.9 11732.8 11730.2 11726.9 11719.6 11712.2 11706.3 11697.5 11690.9 11684.7 11683.5 11684 11689.8 11694.5 11699.3 11703.1 11705.7 11709.2 11711.3 11712.5 11711.2 11708 11699.4 11699.1 11698.3 11695.1 11694.3 11716.5 11739.3 11763 11785.2 11801.2 11790.1 11658.1 11506.7 11342.7 11163.3 10974.8 10862.6 10816.2 10783.2 10754.2 10729.1 10708.7 10691.9 10676.7 10668.5 10662.5 10648.8 10624.5 10599.9 10588.5 10597.2
11636.6 11641.8 11644.5 11641.9 11637.5 11636.9 11649.1 11688 11715.4 11728 11737.6 11741.4 11742.2 11740.7 11737.8 11734.7 11730.6 11725.4 11718.8 11709.6 11698.4 11689.1 11683.7 11677.4 11674.9 11679.1 11685.7 11691.5 11697.6 11703.3 11709 11713.4 11716.6 11719.2 11720.3 11721.5 11723.9 11714.6 11710.2 11708.3 11709.2 11726.3 11749.1 11771.7 11792.7 11810.2 11843.1 11649.4 11460.9 11278.1 11089.1 10910.8 10834.3 10792.3 10763.8 10736.9 10718.7 10707.4 10699.7 10695.1 10690.5 10680.8 10662 10632.5 10603.8 10586.4 10577.8
11637 11640.2 11637 11637 11636.9 11636.5 11650.2 11690.4 11717.5 11728.4 11738.9 11743.4 11744.1 11743.1 11740.8 11736.8 11731.6 11724.9 11716.4 11707.1 11696.9 11688.1 11681.3 11674 11672 11677.8 11685.5 11692.7 11699.6 11706.5 11712.5 11717.9 11722.9 11726.1 11729.5 11731.6 11731.4 11728.5 11722.1 11718.9 11719 11735.3 11756.1 11774.9 11785.3 11774.1 11697.9 11567.7 11407.6 11233.3 11058.9 10910.8 10826.1 10776.4 10744.7 10720.6 10709.1 10709.4 10715.9 10721.5 10723 10715.4 10694.8 10663.9 10632.6 10607.4 10589.9
11637.8 11649.9 11645.6 11641.5 11641.4 11642.4 11649 11687.8 11716.8 11732.9 11742.3 11747.2 11748.9 11747.9 11744.4 11740.1 11733.5 11725.7 11715.8 11705.8 11695.5 11688 11682.8 11678 11677.6 11681.3 11688 11695.4 11703.2 11710 11716 11721.9 11728.2 11735 11740.1 11742.4 11742.1 11740.3 11737.3 11733.6 11735 11747.9 11766.9 11782.2 11783.5 11755.5 11662.6 11518.7 11368.8 11206.1 11045.1 10905.7 10817.4 10757.1 10717.4 10699 10695.1 10709.3 10733.1 10756.6 10769.3 10762.8 10740.5 10707.4 10671.3 10645.3 10600.6
