real_craters/C091-500m.grd
DSAA
125 125
-30.9575 30.9575
-30.9575 30.9575
10503.15958134 12020.939206243
[rows 60 to 89 of 125, columns 0 to 66 of 125]
11631.8 11637 11646.6 11648.6 11646.2 11647.3 11646.2 11674.8 11709.6 11733.9 11746.1 11752 11753.4 11752.7 11749.6 11743.9 11736.8 11728 11720.2 11708.2 11697.8 11690.8 11686.7 11683.1 11683.1 11686.4 11692 11699.2 11706.4 11713.2 11720.3 11727.3 11735.1 11742.4 11750.4 11756 11756.2 11751.9 11747 11744.1 11745 11757.4 11777 11793.1 11794.2 11768.1 11667.7 11510.5 11356.5 11197.9 11041.8 10907 10803.3 10735.3 10695.1 10678.7 10677.5 10705.7 10747.1 10794.1 10825.9 10816 10786.9 10757.3 10718.5 10667.9 10599.8
11623.9 11626.9 11636.2 11642.7 11644.2 11650.4 11646.8 11663.4 11702.5 11737.8 11751.5 11757.6 11759.5 11759.7 11756.5 11751.6 11743.6 11731.7 11718.3 11709.6 11703.1 11694.8 11690.3 11690 11689.3 11691.3 11696.1 11702.4 11709.3 11716.3 11723.6 11731.4 11739.6 11748.5 11758.4 11767.7 11765.9 11758.2 11751.3 11748.8 11748.2 11762.7 11790.2 11814.8 11823.1 11791.2 11671.3 11523.5 11365.3 11200.5 11039.7 10896.5 10787.1 10725.5 10689.5 10666.4 10663 10696.7 10748 10813 10884.3 10843.4 10812.4 10793.1 10769.2 10683.8 10608.4
11619.3 11622 11625.9 11629.3 11633.8 11638.2 11644.7 11664 11705.9 11744 11757.2 11764.8 11768.4 11769 11767.3 11762.6 11754.2 11740.6 11724.6 11712.2 11700.4 11696.1 11690.8 11687.3 11690.8 11695.5 11701 11706.9 11713 11719.2 11726.7 11733.8 11742.1 11751.6 11761 11768.6 11766.3 11757.7 11750.4 11747 11750.4 11768.7 11805.2 11844.2 11871 11873.5 11732.8 11565.2 11395.3 11219.4 11046.4 10887.2 10777.6 10731.4 10689.2 10658.2 10650.1 10680 10724.2 10770.6 10792.1 10803 10802.5 10796.3 10777.4 10704.1 10622.4
11616.9 11619.8 11618.6 11617.9 11623.6 11630.6 11641.9 11665.6 11707.8 11748.3 11762.1 11770.8 11775.7 11777.6 11778.2 11774.2 11769.2 11756.9 11739.3 11721.2 11706.8 11701 11695.8 11692.9 11695.5 11700.5 11705.5 11710.3 11716.6 11721.9 11728.4 11736.1 11743.8 11751.9 11760 11765.6 11760.5 11750.9 11744.5 11740.5 11745.5 11766.4 11815.2 11871.8 11920.9 11939.3 11789.6 11619.6 11436.6 11250.1 11066.3 10897.3 10776.7 10734.5 10689.6 10651.2 10636.2 10659.4 10693.1 10722.5 10736.1 10759.4 10772.6 10775 10763.1 10689 10606.2
11613.7 11616.2 11614.4 11609.9 11618.2 11629.5 11644.3 11663.3 11706 11747 11763.9 11775.1 11782.1 11787.3 11790.2 11791.2 11788.8 11784.2 11764.4 11734.2 11715.2 11710.3 11706.5 11704 11704.9 11707.5 11710.6 11714.7 11719.7 11723.9 11729.6 11736.3 11742.9 11749.2 11757.1 11763.9 11755 11745.2 11737.9 11732.4 11736.3 11757 11817.6 11889 11957.2 11992.4 11855.3 11670.5 11479.2 11287.8 11100 10926.3 10792.5 10734.8 10685.3 10641.8 10622.4 10640.6 10667.1 10692.5 10716.9 10730.8 10734.2 10733.5 10719.4 10650.5 10577
11611 11613.1 11614.2 11619 11617.6 11623.1 11642 11661 11703.3 11744.7 11764.8 11779 11788.4 11795.6 11798 11802.8 11806.5 11805.5 11784 11747.5 11726.2 11722.5 11721.3 11719.8 11716 11714.9 11715.6 11718.3 11721.7 11726.1 11730.6 11735.8 11740.9 11746.6 11750.6 11750.5 11745.8 11734.9 11728.2 11724.7 11728.8 11755.1 11810.9 11888.6 11969.4 12020.9 11886.2 11708.4 11522 11334.4 11148.8 10973.4 10827.3 10739.9 10679.9 10634.8 10617 10627.1 10644.8 10665.2 10682.6 10690.2 10685.4 10681.1 10671.2 10614.5 10552.6
11608 11610.7 11613.5 11614.5 11621.3 11630.5 11642.1 11662.8 11703.5 11744 11766.6 11783.9 11794.9 11800.1 11807 11812.4 11816.2 11815.3 11790.6 11756.6 11736.9 11733 11735.9 11734.6 11725 11719.7 11717.9 11718.4 11720.8 11724.3 11728.6 11733.7 11740 11744.6 11748.2 11745.9 11735.8 11724.4 11714.6 11709.7 11713.6 11730.8 11793.9 11871.3 11938.5 11979.7 11886.7 11742 11555.8 11380.9 11206.6 11036 10877.6 10762.1 10687.2 10632.5 10620.9 10623.9 10630.7 10636.9 10637.7 10633.7 10627.7 10621.4 10607.6 10573.1 10538.3
11605 11608.7 11613.3 11620.2 11632.5 11639.3 11645.9 11666.1 11704.8 11748.1 11778.2 11789.8 11800.8 11809 11812.3 11816.7 11818.3 11812.4 11786.3 11751.8 11736.8 11735.2 11738.2 11736.5 11725.9 11720.2 11717.7 11717.7 11720 11722.7 11727.7 11732.1 11737 11742.3 11750 11747.6 11731.9 11717.6 11706.4 11700.1 11701.6 11721.8 11779.4 11854.1 11909.9 11906.5 11862.4 11726.9 11580.9 11427.2 11270.5 11115.3 10969.3 10835.9 10736.2 10661.2 10641.5 10633.2 10628.9 10617.5 10596.5 10574.4 10577 10570.5 10552.6 10527.3 10538.4
11603.7 11607.7 11612.9 11620.6 11631.6 11637.8 11643.6 11662.1 11703.1 11746.6 11773.3 11792.8 11805.1 11812.2 11814.4 11817.3 11816.2 11806.5 11780.7 11752.2 11734.3 11728.6 11728.9 11725 11717.6 11714.4 11712.8 11713.1 11716.2 11719.2 11722.9 11729.2 11733 11739.5 11741.1 11737.7 11726.8 11715.1 11704.5 11693.3 11695.2 11713.5 11761.3 11838.5 11932.9 11953.8 11861 11747.7 11604.4 11471.8 11341.5 11208.5 11075.9 10938.3 10821.5 10734.1 10684.2 10664.3 10644.9 10625.1 10595.4 10568.2 10559.2 10548.9 10530.8 10520.8 10557.5
11602.6 11606.2 11610.5 11616.3 11624.7 11629.9 11636.7 11657.3 11698.3 11746.8 11784.7 11800.8 11808.7 11810.3 11814 11814.7 11810.8 11798.6 11771.8 11745 11728.1 11715.6 11706.3 11705 11705.7 11705.4 11706.8 11708.7 11711.8 11715.9 11719.9 11724 11731.8 11735 11728 11725.6 11718 11707.4 11697.4 11687.3 11681.4 11683.4 11716.7 11791 11896.2 11931.7 11840.9 11741.7 11636.9 11514 11409.3 11301.3 11195.5 11063.3 10932.6 10824.9 10747.4 10713.7 10688 10659.1 10624.2 10588.6 10574.4 10564.5 10553.2 10558.5 10601.1
11602.5 11604.1 11606.9 11610.2 11615.7 11619.8 11624.3 11646.3 11688.9 11739.8 11786.3 11801.8 11805.8 11810.5 11811.4 11812.3 11806.8 11790.5 11765.5 11736 11721.7 11706.8 11694.3 11692.2 11694.5 11696.8 11699.5 11704.1 11706.8 11710.8 11715.9 11720.4 11728.3 11734.7 11736.1 11728.2 11714.5 11703.3 11691.6 11679.9 11668 11659.4 11673.4 11719.6 11758.2 11799.7 11781.5 11717.7 11641 11549.7 11468.8 11392.4 11319.5 11212.9 11062.7 10938.7 10829.6 10783.6 10750.6 10717.8 10680.1 10643.2 10622.6 10612.7 10612.6 10623.7 10653.1
11601.5 11602.2 11603.9 11605.7 11608.4 11613.8 11620.1 11640.2 11677.2 11721.5 11758.3 11782.3 11796.6 11802.2 11808.7 11811.7 11808.9 11795.3 11771.5 11745.3 11723.5 11704.2 11690.9 11686.4 11687.6 11689.9 11693.6 11697.2 11702.4 11706.9 11712 11716.7 11728 11733.8 11732.1 11728.8 11717.4 11702.8 11692.1 11680.7 11669.1 11660.4 11662.1 11679 11684.3 11711.8 11725 11700.9 11651.3 11593.3 11527.5 11471.4 11412.2 11331 11203.5 11061.3 10930.1 10875.3 10836 10798.3 10759.6 10722 10693.3 10679.3 10681.1 10694.1 10725.9
11596.7 11599.2 11601.2 11604 11609.2 11610.6 11615 11633.8 11667.4 11707.9 11741.1 11766.4 11785.1 11795.4 11805 11811.2 11813.6 11803.3 11780.1 11753 11727.5 11702.4 11685.5 11681.5 11682.1 11685.3 11690.4 11694.8 11699.6 11704.9 11710 11714.9 11719.9 11729.1 11732.7 11726.1 11718.3 11711.6 11704.4 11691.9 11683.9 11680.4 11682.7 11684.6 11687.3 11692.3 11702.5 11692.5 11663.5 11624.6 11581.4 11541.1 11490.1 11420.7 11354.7 11212.7 11063.8 10993.3 10946.7 10902.6 10859.4 10817.5 10781.2 10758.9 10751.4 10765.6 10808.4
11591.5 11596.4 11599.3 11600.6 11604.7 11610.1 11615.8 11632.4 11663 11702.5 11736 11756.4 11778.4 11793.2 11801.6 11809.6 11811.3 11804.3 11792.8 11764.9 11730.4 11701.2 11683.3 11677.8 11678.3 11681 11685.1 11689.8 11694.5 11699.9 11705.5 11710.3 11717 11719.4 11719.4 11719 11716.3 11712.3 11707.4 11703.3 11700.1 11700.2 11702.4 11704.1 11709.8 11698.9 11701.2 11690.4 11677.8 11658.2 11638.3 11608.7 11575.1 11527.3 11512.6 11366 11199.8 11130.7 11076.1 11023.6 10971.7 10921.5 10882.4 10857.5 10840.1 10868.1 10928.2
11591.6 11595.9 11599.5 11602.9 11607.6 11611.4 11618.6 11632.9 11661.3 11703 11742.7 11762 11777.6 11790.2 11797.6 11805.2 11810.8 11798.5 11778.6 11755.8 11726.8 11698.8 11681.9 11675.9 11675 11676.9 11679.8 11684.7 11690.4 11696.3 11701.9 11707.2 11712.9 11709.1 11708.7 11712.6 11713 11710.7 11708.5 11707.1 11707.7 11711.8 11718.5 11713.7 11703.5 11697.8 11695.7 11692.1 11695.6 11690.6 11692 11683.1 11670.3 11637.1 11595.2 11507.4 11372.6 11295.2 11226.6 11159.7 11098.9 11048.5 11007.9 10978.7 10980.2 11006.3 11078.6
11594.5 11596.8 11600.4 11605.7 11609.5 11611.2 11618.4 11634.1 11661.9 11707.3 11750.4 11767.7 11781.3 11787.1 11792.4 11795.5 11794.1 11783.3 11760.4 11742 11720.8 11695.4 11680.6 11674.6 11672.2 11672.9 11675.7 11679.9 11684.6 11691 11697.6 11703.8 11709 11706.1 11705.9 11710.2 11710.5 11709.3 11707.5 11707 11708.4 11711.9 11716.3 11711.6 11704.3 11697.2 11699.8 11704.5 11708.9 11718 11728.5 11744.9 11773.3 11797.7 11757.3 11657.4 11567.3 11467.1 11376.8 11299.7 11233.8 11178.9 11132.5 11107 11096.9 11116.8 11135.1
11594.9 11597.3 11600.4 11604.4 11612.8 11622.3 11626.1 11638.3 11665.8 11711.9 11762.8 11788.8 11790.2 11790.8 11788.9 11783.8 11779.1 11771.6 11758.9 11739.2 11718.3 11697 11681.8 11673.5 11669 11667.5 11668 11672.3 11677.3 11685.8 11693.3 11700.9 11711.2 11711 11710.5 11709.4 11707.3 11705.5 11704.2 11703.9 11704.5 11705.4 11703.4 11698.5 11696.7 11703.1 11710.9 11721 11732.8 11750.4 11770.6 11799.2 11838.9 11887.7 11832.8 11740 11680.1 11604.5 11503.6 11423.4 11359.9 11308.7 11270.4 11237.9 11237.4 11250.2 11272.9
11595.2 11597.3 11600.1 11604.4 11613.3 11621.1 11627.1 11639.9 11665.2 11712.1 11762.6 11791.9 11796.7 11791.7 11780.4 11771 11763.3 11760.6 11753.5 11736.4 11714.7 11695.7 11680.3 11669.7 11662.8 11662 11661.4 11664 11669.1 11675.8 11684.3 11693.9 11706.6 11709.2 11707.8 11704.9 11700.1 11697 11695.5 11695 11696 11696.2 11693.2 11688.7 11690.4 11698.7 11713.2 11728.9 11749.1 11769.6 11798.3 11824.9 11854.3 11874.9 11823 11730.1 11756.1 11682 11588 11523.2 11476 11438.7 11389.9 11392.4 11375.4 11397.3 11468
11594 11596.9 11600.4 11604.4 11611.4 11618.7 11626.2 11640.7 11664.1 11711 11762.1 11797.2 11804.1 11794.3 11774.6 11756.9 11747.4 11748.3 11745.7 11731.4 11710.9 11691.1 11675.6 11664 11655.3 11650.2 11649.2 11650 11652.8 11660.3 11669.1 11680.2 11690.4 11704.1 11695.9 11690.2 11683.1 11678.2 11676.2 11679.5 11681.7 11684.9 11688.7 11691.7 11689 11689.4 11693.8 11702.3 11725.5 11745.3 11786.5 11807.6 11822 11816 11745.3 11666.1 11670.5 11650.6 11620.7 11587.9 11568.2 11572.1 11602.6 11592.3 11543.4 11497.6 11490.2
11593.4 11596.6 11600.3 11605.7 11609.7 11615.5 11626.6 11643.4 11669.8 11710.5 11761.5 11806.3 11812.7 11798 11772.5 11744.1 11733.6 11739.2 11736.5 11727.2 11708.6 11687.3 11670.2 11655.3 11643.4 11635.7 11631.1 11630.6 11633.2 11638.2 11647.6 11658.9 11669.4 11670.9 11671 11666.5 11658.5 11654.9 11652.4 11652.9 11656.9 11664.9 11677.5 11689.6 11679.8 11671.5 11672.4 11683.3 11698.5 11724.4 11740.4 11763.4 11781.1 11765.2 11712.6 11679.7 11651.6 11639.4 11640.3 11629.5 11624.3 11640.3 11693.6 11616.6 11562.6 11545.8 11555.7
11593.4 11597.1 11600.6 11605.3 11611 11617 11630.9 11648.2 11668.2 11708.2 11757.2 11796.6 11818.3 11802.8 11772.6 11741.4 11734.8 11746.8 11741.5 11723.9 11705.8 11686.9 11660.8 11641.1 11627.4 11617.1 11610.8 11607.7 11607.4 11610.4 11617.8 11628.3 11644.5 11656.4 11640.9 11635 11627.5 11624 11621.7 11622.1 11625.9 11634.5 11649.8 11663.3 11646.7 11641 11639.2 11649.8 11662.4 11677.7 11696.8 11722.9 11754.3 11775.4 11750.1 11721 11708.7 11690.5 11671.9 11648 11636.4 11630.7 11588.5 11542.5 11550.2 11565.9 11578.8
11593.7 11598.9 11603.5 11609.9 11618.3 11625.6 11638.1 11658.4 11685.3 11720.8 11757.2 11786.7 11818.7 11805.5 11781.3 11752.4 11747.4 11758.6 11742.6 11710.8 11687 11665.4 11639.2 11619.4 11604.7 11594.1 11586.4 11581 11578.2 11578.2 11581.1 11586.7 11598.6 11605.2 11600.6 11595.1 11590.5 11587.1 11585.2 11584.8 11586.9 11590.7 11597.5 11599.2 11589.1 11589.7 11590.5 11595 11605.2 11617.9 11634.3 11659.8 11702.3 11773.1 11815.7 11793.3 11756.8 11755 11670.8 11634.6 11621.7 11620.3 11619.8 11627.1 11597.1 11584.6 11582.6
11596.1 11601.5 11608.8 11615.3 11624.5 11633.8 11641.4 11668.2 11705.2 11740.3 11765 11784 11806.7 11803.6 11788.5 11773.8 11755.2 11742.4 11716.4 11680.6 11644.8 11620.7 11605.9 11590.6 11577.7 11566 11556.7 11549.2 11543.8 11540.3 11538.9 11539.3 11541.2 11538.8 11548.3 11550 11549.6 11548.6 11548.1 11546.6 11544 11539.6 11531.3 11520.2 11521.6 11534.2 11540.8 11546.8 11552.2 11558.3 11564.6 11575.6 11594.6 11630.7 11652.9 11653.5 11641.5 11612.8 11595 11586.2 11585.8 11594.5 11610 11633.3 11603.6 11590.3 11606.6
11598.7 11603.5 11608.2 11614.4 11620.4 11624.9 11636.8 11673.5 11717.9 11756.3 11776.1 11787.9 11801.3 11794.5 11781.5 11772.4 11736.9 11706.3 11677.4 11645 11608.2 11583.8 11571 11557.2 11545.1 11533.1 11523.9 11516.6 11508.5 11504.3 11497.5 11495.6 11493 11490.5 11499.4 11504.6 11508.1 11509.4 11509.1 11506.9 11502 11494.3 11480 11464.9 11470 11483.3 11493 11496.7 11501.1 11501.5 11499.7 11492.7 11473.7 11437.1 11461 11477.5 11493.1 11468.5 11499.7 11523.4 11536.5 11548.1 11555.8 11554.8 11555.7 11553.8 11569.4
11601.4 11605.9 11609.5 11613 11617.2 11621.9 11636.5 11675.8 11723.9 11765.7 11786.4 11795.5 11791.3 11777 11758 11733.8 11701.4 11661.2 11639 11614.2 11589.2 11562 11541.9 11525 11512.5 11501.5 11492.1 11481.9 11473.4 11462.9 11454.7 11447.5 11442.8 11442 11453.5 11461.4 11467.8 11471.2 11472 11470 11465.6 11457.9 11447.3 11437.1 11438.3 11444.4 11451.1 11455.5 11456.4 11455.2 11444.7 11428 11399.9 11366.5 11381.8 11415.2 11428.6 11424.5 11443.3 11465 11485.9 11498.1 11504.1 11493.9 11493.7 11493.2 11494.7
11606.8 11610.6 11612.5 11612.9 11615.9 11621.2 11634.5 11676.9 11724.6 11766.1 11792 11807.2 11796 11755.3 11726.5 11703.5 11674.1 11634.5 11609.9 11584.6 11565.3 11534.4 11511 11495.7 11483.3 11473.7 11463.5 11452.6 11440.9 11428.7 11415.4 11404.6 11385.7 11391.7 11411.1 11424 11433.2 11439.6 11443.3 11444.2 11440.6 11433.3 11424 11417.6 11412.6 11413.2 11418.5 11421.8 11421.7 11418.2 11408.3 11393.6 11369.7 11350.1 11350.5 11359 11371.5 11394.6 11408.3 11423.5 11439.8 11452.1 11457.5 11438.5 11433.5 11426.9 11409.6
11611.7 11615.4 11616.8 11613 11612.6 11621.2 11644.3 11679.5 11724.2 11765.3 11789 11797 11775.3 11717.3 11686.2 11667.6 11663.9 11639.1 11587.2 11543.5 11507.1 11490.4 11476.7 11466.9 11458.3 11448.9 11437.1 11426.8 11414.4 11400.5 11385.5 11373.5 11349.7 11361.7 11383.4 11398.8 11410.7 11419 11425.3 11423 11421.1 11415.2 11407.3 11396.6 11383.4 11391.4 11396.8 11398.9 11396.9 11393.5 11382.5 11372.3 11362.7 11358.5 11346.8 11347.2 11346.6 11356.7 11368.7 11385.4 11401.6 11414.8 11422.9 11411.7 11392.8 11378.1 11356.2
11611.5 11618.2 11618.5 11612.9 11609.2 11617.6 11635.9 11671.7 11720.9 11763.2 11779 11766.3 11722.9 11670.3 11654.7 11641.4 11639.9 11617.9 11553.1 11497.1 11455.8 11446.7 11442.4 11436.5 11430.6 11424.5 11415.7 11405.8 11392.9 11381.2 11368.9 11360.7 11356.8 11352.6 11367 11380.5 11393.6 11402.7 11409.7 11413.2 11413 11408.7 11397.3 11386.7 11378 11382 11384.2 11383.7 11379.2 11368.8 11360.9 11351.2 11346.5 11346.2 11343 11345.6 11337.5 11330.4 11334.7 11354.5 11371.4 11383.8 11390.1 11378.6 11363.8 11350 11332.8
11611.1 11622.9 11625.4 11615.4 11608.3 11615.4 11625.2 11658.4 11713.6 11763.9 11768.6 11731 11679.9 11646 11630.7 11610.1 11584.4 11552.5 11507.8 11459.2 11420.4 11416.8 11413.8 11410.9 11405.2 11399 11391.8 11382.9 11373.2 11366.7 11355.4 11350 11345.7 11347.1 11357.3 11369.1 11381 11390.8 11399.9 11405.8 11409.4 11408.7 11404.7 11393.7 11388.6 11384.1 11379.7 11375.5 11369.8 11360 11347.9 11339.8 11330.3 11330.2 11335.4 11341.1 11330.4 11321.5 11318.1 11336 11351.2 11361.4 11365.9 11357.2 11346.3 11337.6 11325.5
11603.1 11612.5 11620.3 11621.6 11618.8 11621.8 11627.9 11651.7 11696.7 11742.6 11742 11691.7 11646.2 11614.7 11595.3 11567.1 11519.2 11493.1 11470.2 11442.1 11416.1 11403.1 11395.9 11390.2 11387.1 11381.9 11379.6 11371.9 11362.6 11355.6 11346 11336.4 11335.7 11339.3 11348.8 11359.7 11372.1 11382.8 11392.4 11400.9 11408.5 11413.1 11412.8 11403.9 11399 11390.8 11383.4 11375.2 11364.8 11355.7 11346.3 11336.6 11327.4 11326.6 11329.8 11337.1 11348.3 11336.5 11326 11329.6 11337.6 11344.8 11347.8 11346.5 11343.1 11336.5 11331.3
