real_craters/C092-300m.grd
DSAA
208 208
-31.115 31.115
-31.115 31.115
4286.1489149626 5987.9284259198
[rows 120 to 149 of 208, columns 0 to 66 of 208]
5453.68 5453.17 5454.84 5454.44 5453.17 5451.53 5449.8 5448.12 5446.29 5444.46 5442.64 5441.21 5439.39 5437.61 5436.04 5434.5 5433.32 5433.42 5433.49 5434.06 5435.37 5437.62 5440.6 5443.96 5447.6 5451.29 5455.2 5458.28 5460.27 5460.8 5460.53 5460.22 5459.55 5457.1 5453.38 5449.21 5448.61 5460.47 5483.99 5500.05 5500.28 5497.23 5493.41 5491.45 5491.99 5491.13 5489.91 5487.84 5485.37 5483.18 5480.71 5477.77 5476.26 5475.83 5476.95 5476.36 5475.68 5481.64 5490.67 5500.49 5509.9 5519.64 5525.6 5529.59 5532.26 5535.78 5538.92
5454.77 5455.55 5454.3 5452.88 5451.44 5449.76 5447.98 5446.14 5444.5 5442.56 5440.58 5438.55 5436.51 5434.77 5433.07 5431.24 5428.89 5424.94 5428.9 5429.94 5431.98 5435.1 5438.14 5441.77 5445.61 5449.65 5453.48 5457.22 5460.39 5463.14 5463.23 5464.07 5463.34 5459.55 5454.64 5449.18 5447.1 5460.8 5485.72 5502.9 5502.48 5498.56 5492.97 5490.23 5489.51 5488.75 5486.24 5484.37 5481.85 5479.43 5477.28 5476.23 5473.36 5472.89 5473.23 5473.3 5474.61 5483.4 5495.53 5509.37 5522.47 5530.1 5533.6 5534.18 5535.17 5536.56 5539.03
5455.32 5455.68 5453.28 5451.35 5449.66 5447.95 5445.85 5443.92 5441.92 5440.05 5437.99 5436.12 5434.44 5432.38 5430.63 5428.96 5427.3 5422.75 5421.02 5425.19 5428.4 5431.77 5435.4 5439.33 5443.27 5447.6 5451.89 5456.38 5461.25 5467.19 5473.69 5476.12 5470.08 5463.97 5458.99 5454.36 5452.65 5466.51 5485.47 5498.36 5502.89 5500.66 5494.2 5490.78 5488.85 5486.06 5484.14 5481.75 5479.18 5476.71 5474.2 5472.6 5468.76 5468.46 5469.42 5470.62 5474.21 5485.2 5499.73 5517.04 5534.71 5540.41 5539.76 5538.88 5536.76 5536.83 5537.17
5455.04 5453.24 5450.83 5449.32 5447.63 5445.88 5444.44 5442.63 5440.35 5437.92 5435.71 5433.61 5431.42 5429.42 5427.64 5426.49 5426.22 5429 5421.02 5422.29 5425.09 5428.48 5432.47 5436.57 5440.86 5445.34 5449.72 5454.77 5461.33 5468.38 5477.77 5481.32 5473 5467.68 5464.78 5463.81 5467.78 5480.38 5494.14 5503.17 5505.87 5504.19 5501.92 5494.4 5488.57 5484.62 5481.47 5478.81 5476.17 5473.41 5471.07 5469.45 5464.94 5465.09 5465.82 5468.39 5473.96 5485.52 5500.9 5519.27 5537.93 5543.79 5541.91 5540.14 5538.68 5535.16 5534.78
5454.69 5452.5 5449.09 5447.43 5445.93 5444.17 5441.96 5440.02 5437.86 5435.48 5432.78 5430.27 5428.07 5426.28 5424.41 5423.04 5421.49 5418.3 5419.33 5419.66 5421.8 5425.31 5429.11 5433.32 5437.63 5442.23 5446.99 5452.09 5457.75 5463.86 5468.6 5468.71 5469.4 5468.56 5468.76 5473.57 5481.64 5496.8 5511.48 5513.51 5509.68 5504.87 5500.96 5492.85 5486.24 5481 5477.24 5474.15 5471.51 5468.72 5467.06 5465.56 5461.47 5461.02 5462.01 5465.46 5471.85 5483.2 5498.58 5515.79 5530.14 5537.63 5539.57 5538.66 5537.08 5533.18 5532
5453.87 5451.58 5447.46 5446.1 5444.51 5442.73 5440.42 5438 5435.48 5432.88 5430.17 5427.64 5425.22 5423.11 5421.01 5419.2 5417.34 5416.25 5414.84 5416.02 5418.6 5421.66 5425.25 5429.9 5434.28 5438.86 5443.55 5448.33 5454.13 5458.96 5462.55 5464.57 5466.34 5466.9 5469.96 5479.64 5494.61 5506.81 5520.69 5518.09 5509.48 5501.05 5491.14 5486.26 5480.38 5475.32 5471.6 5468.58 5466.1 5463.77 5462.4 5461.24 5456.85 5456.35 5458.09 5461.38 5464.45 5478.48 5493.99 5510.3 5524.94 5534.56 5535.08 5534.43 5533.31 5531.8 5528.66
5453.17 5451.72 5447.88 5446.02 5444.04 5441.69 5439.29 5436.56 5433.77 5431.23 5428.03 5425.22 5422.49 5419.89 5417.42 5415.43 5413.16 5411.21 5410.83 5412.33 5415.21 5418.11 5421.7 5425.9 5430.22 5435.51 5440 5444.75 5449.09 5453.18 5457.66 5463.51 5461.31 5461.7 5465.83 5474.81 5491.86 5508.29 5515.93 5513.76 5503.22 5493.06 5487.95 5477.32 5472.22 5468.15 5465.07 5462.77 5460.39 5458.8 5457.67 5456.76 5452.07 5452.36 5452.42 5454.22 5460.72 5474.06 5488.8 5503.61 5516.78 5524.74 5528.04 5529.08 5528.9 5527.42 5525.27
5453.85 5452.58 5449.55 5446.66 5444.09 5441.4 5438.59 5435.5 5432.2 5428.75 5425.55 5422.47 5419.49 5416.66 5414.03 5411.75 5410.27 5409.32 5408.51 5409.59 5411.71 5414.52 5418.53 5422.59 5426.93 5432 5436.33 5440.92 5444.18 5447.28 5448.27 5448.12 5450.18 5453.93 5457.87 5461.86 5474.37 5501.09 5522.89 5506.9 5491.52 5476.02 5464.4 5464.88 5462.6 5460.17 5458.08 5456.32 5455.18 5453.98 5453.03 5452.2 5448.25 5447.9 5448.73 5450.49 5458.67 5470.99 5483.98 5496.54 5507.17 5515.07 5520.09 5522.95 5523.76 5523.16 5522.41
5454.06 5452.97 5449.6 5446.89 5444.46 5441.17 5437.52 5433.72 5429.97 5426.38 5423.07 5419.77 5416.69 5413.58 5410.55 5407.81 5404.61 5404.25 5405.61 5406.49 5408.23 5411.11 5415.03 5419.27 5424.35 5428.97 5433.34 5437.72 5440.6 5442.16 5441.62 5439.05 5442 5448.31 5452.64 5456.03 5465.44 5479.04 5487.45 5486.02 5476.51 5465.88 5457.97 5454.53 5453.39 5452.41 5451.53 5450.46 5449.14 5448.41 5447.83 5447.26 5444.12 5444.76 5446.39 5450.23 5459.34 5468.84 5480.04 5491.43 5500.66 5505.84 5514.31 5518.23 5519.17 5518.63 5518.5
5454.4 5453.95 5451.26 5449 5444.8 5440.08 5435.67 5431.63 5427.61 5423.83 5420.29 5417.26 5413.93 5410.66 5407.62 5404.84 5402.32 5401.05 5400.59 5401.63 5404.48 5407.38 5411.37 5415.92 5420.83 5425.43 5430.52 5435.61 5438.84 5440.78 5440.82 5439.32 5442.47 5448.87 5452.81 5454.88 5460.12 5464.64 5466.33 5467.37 5461.68 5453.26 5447.93 5445.69 5445.11 5444.62 5444.32 5443.75 5442.95 5442.64 5442.39 5441.95 5442.31 5441.46 5443.19 5446.79 5456.88 5465.56 5476.42 5488.08 5499.09 5509.54 5514.46 5515.05 5514.73 5514.03 5513.98
5456.37 5455.24 5455.59 5451.11 5444.2 5438.67 5433.72 5429.29 5424.93 5421.05 5417.32 5413.95 5410.6 5407.38 5404.38 5401.9 5400.1 5398.08 5397.73 5398.92 5400.43 5403.93 5407.87 5412.85 5418.2 5423.77 5429.2 5434.3 5438.66 5442.86 5445.42 5447.47 5450.91 5455.53 5458.48 5459.37 5461.37 5462.88 5461.07 5456.35 5449.9 5442.91 5438.88 5437.45 5437.61 5437.72 5437.75 5437.62 5436.66 5436.4 5436.68 5437.99 5439.57 5439.03 5442.69 5445.22 5449.74 5460.79 5472.11 5484.28 5497.39 5511.83 5513.84 5511.12 5509.91 5509.14 5508.77
5453.29 5452.17 5449.88 5445.62 5440.77 5435.75 5430.98 5426.53 5422.4 5418.51 5414.83 5411.3 5407.91 5404.68 5401.56 5398.76 5395.57 5394.03 5392.81 5392.76 5395.88 5400.3 5405.57 5411.38 5416.73 5422.81 5429.07 5435.31 5441.35 5446.58 5452.1 5457.61 5462.57 5465.6 5467.42 5468.09 5465.65 5462.86 5457.08 5449.09 5441.2 5433.34 5431.45 5431.46 5431.82 5432.4 5432.8 5433.07 5434.16 5434.4 5434.54 5434.2 5435.3 5435.99 5440.72 5445.59 5447.27 5456.36 5467.3 5478.7 5490.09 5500.24 5503.67 5503.74 5503.37 5502.76 5502.45
5448.88 5447.77 5444.34 5439.96 5436.33 5431.75 5427.12 5422.77 5418.71 5414.87 5411.29 5407.92 5405.1 5401.9 5398.84 5396.1 5394 5390.55 5388.27 5386.75 5391.52 5396.84 5402.79 5409.22 5415.78 5422.76 5429.88 5437.28 5444.58 5451.89 5459.77 5468.09 5474.67 5475.17 5474.74 5474.52 5466.9 5459.81 5451.7 5442.97 5434.97 5429.33 5426.7 5426.82 5428.03 5428.99 5429.59 5430.03 5429.2 5429.63 5430.07 5431.46 5431.85 5431.92 5433.76 5437.1 5443.59 5451.8 5462.15 5472.51 5481.15 5485.96 5490.23 5495.64 5497.28 5497.19 5496.3
5446.7 5445.02 5441.54 5437.37 5432.56 5427.93 5423.58 5419.47 5415.59 5411.86 5408.41 5405.18 5402.08 5399.18 5396.44 5392.99 5390 5387.67 5385.95 5386.06 5388.74 5393.91 5400.07 5406.67 5413.85 5421.45 5429.61 5437.85 5446.67 5455.63 5465.15 5474.77 5481.65 5480.98 5476.83 5471.23 5463.11 5454.16 5445.72 5437.46 5429.91 5424.67 5423.81 5424.35 5424.33 5425.13 5425.49 5427.23 5427.28 5427.28 5427.08 5427.63 5427.49 5427.05 5428.19 5431.02 5436.18 5447.17 5457.98 5468.03 5476 5481.53 5486.72 5491.27 5492.88 5492.42 5490.74
5448.66 5443.93 5438.71 5433.51 5428.26 5423.85 5419.72 5415.88 5412.22 5408.76 5405.47 5402.11 5399.36 5396.89 5394.74 5391.7 5388.53 5386.1 5384.37 5382.99 5386.41 5391.22 5397.16 5404.14 5411.6 5419.62 5428.53 5437.3 5446.79 5456.63 5467.03 5477.8 5486.53 5483.63 5474.86 5466.25 5457.2 5448.61 5440.52 5433.06 5426.09 5421.68 5422.09 5422.88 5423.53 5424.15 5424.25 5425.24 5424.96 5424.89 5424.26 5423.64 5423.2 5422.86 5424.79 5428.47 5434.72 5444.63 5455.27 5465.39 5474.23 5482.04 5487.6 5489.96 5489.99 5488.52 5486.28
5449.7 5442.48 5435.23 5428.16 5423.26 5419.34 5415.63 5412.14 5408.63 5405.3 5402.04 5399.39 5396.82 5394.72 5393.42 5392.92 5390.28 5385.52 5383.22 5383.65 5384.86 5388.7 5394.61 5401.49 5409.07 5417.53 5426.39 5435.89 5445.38 5455.01 5464.95 5474.9 5484.19 5480.43 5470.56 5460.37 5451.4 5442.65 5436.89 5431.27 5424.97 5421.26 5422.55 5423.43 5423.88 5423.95 5423.53 5422.96 5422.27 5421.73 5420.85 5420.06 5419.45 5419.36 5420.32 5426.28 5433.8 5444.06 5453.86 5463.64 5473.03 5482.26 5488.88 5489.58 5487.92 5485 5482.09
5446.12 5439.8 5431.83 5423.86 5418.76 5415.12 5411.62 5408.27 5404.94 5401.65 5398.61 5396.08 5393.57 5391.54 5390.41 5390.19 5387.78 5383.35 5380.56 5379.25 5381.05 5385.66 5391.53 5398.44 5406.12 5414.83 5423.49 5432.6 5441.78 5451.05 5459.8 5466.55 5469 5471.02 5471.73 5463.04 5449.21 5439.16 5437.15 5434.03 5428.9 5426.02 5426.31 5426.07 5425.35 5423.99 5422.72 5421.47 5420.26 5419.26 5418.33 5417.55 5416.89 5416.64 5417.86 5426.23 5437.05 5445.36 5452.06 5460.69 5470.94 5480.85 5487.23 5488.49 5485.17 5480.59 5476.77
5445.35 5437.37 5428.83 5420.61 5415.27 5411.72 5408.33 5405.16 5401.6 5398.4 5395.16 5392.34 5389.7 5387.45 5385.65 5383.6 5382.19 5379.38 5377.1 5375.96 5377.79 5382.56 5388.33 5395.29 5402.97 5411.49 5420.08 5429.07 5437.53 5446.6 5454.13 5459.57 5460.19 5465.71 5477.97 5469.66 5452.97 5443.92 5443.67 5442.33 5438.49 5435.48 5433.15 5430.57 5427.88 5425.17 5422.79 5420.85 5419.01 5417.56 5416.51 5415.71 5415.42 5415.53 5417.27 5424.68 5437.32 5441.35 5446.8 5456.1 5466.69 5478.12 5488.82 5487.09 5480.14 5474.19 5469.35
5443.29 5434.28 5425.85 5418.21 5412.53 5408.77 5405.37 5402.12 5398.84 5395.58 5392.35 5388.77 5385.84 5383.17 5380.54 5378.61 5377.28 5376.3 5373.62 5373.8 5375.98 5379.72 5385.12 5391.33 5398.76 5406.93 5415.84 5424.33 5432.93 5441.11 5449.67 5457.39 5465.23 5470.85 5469.14 5464.76 5458.25 5455.03 5455.05 5454.87 5452.58 5447.51 5441.41 5435.68 5430.4 5426.25 5422.68 5419.97 5417.65 5415.72 5414.55 5413.91 5414.36 5415.64 5416.06 5419.49 5420.97 5427.67 5437.86 5447.84 5458.85 5470.28 5481.44 5478.99 5471.1 5464.57 5460.03
5435.94 5429.54 5422.45 5415.63 5410.17 5406.24 5402.54 5399.14 5395.79 5392.33 5388.98 5385.7 5382.38 5378.95 5375.93 5373.9 5372.89 5371.23 5370.39 5370.09 5371.38 5376.4 5381.89 5387.78 5394.49 5401.76 5409.34 5417.49 5425.65 5434.15 5443.9 5453.31 5465.63 5470.25 5453.06 5459.03 5464.63 5466.02 5466.89 5468.22 5466.53 5458.73 5448.39 5439.57 5432.34 5426.73 5422.23 5418.84 5415.5 5413.21 5411.85 5411.18 5412.23 5415.68 5418.65 5415.24 5415.4 5419.91 5428.39 5437.89 5447.16 5455.92 5461.59 5461.03 5457.33 5453.09 5449.68
5429.32 5424.3 5418.65 5413.29 5408.56 5403.99 5399.92 5396.28 5392.87 5389.46 5385.98 5382.09 5378.57 5375.11 5371.75 5369.54 5369.15 5367.83 5367.54 5367.66 5369.76 5373.65 5378.3 5383.83 5390 5396.54 5403.29 5410.79 5417.48 5425.15 5433.13 5441.93 5449.88 5451.33 5447.13 5459.63 5473.57 5475.14 5474.09 5476.62 5481.96 5464.9 5451.14 5440.5 5432.39 5426.04 5420.97 5417.09 5413.7 5410.98 5408.97 5407.69 5407.64 5408.77 5409.64 5408.94 5408.74 5412.1 5420.07 5428 5435.11 5440.48 5442.98 5443 5441.8 5439.86 5438.59
5424.01 5419.06 5414.35 5409.93 5405.82 5401.23 5397.26 5393.66 5390.08 5386.19 5382.65 5379.41 5375.84 5372.25 5368.58 5366.45 5366.47 5364.9 5365.13 5365.82 5367.77 5371.13 5374.85 5379.72 5384.81 5390.69 5395.75 5401.67 5408.74 5415.41 5421.76 5427.59 5432.71 5436.28 5445.39 5459.15 5472.96 5474.11 5471.72 5471.09 5470.7 5458.72 5447 5437.27 5429.53 5423.32 5418.6 5414.21 5410.65 5407.66 5405.43 5403.27 5401.5 5400.3 5400.86 5402.44 5404.3 5407.89 5413.58 5419.44 5424.28 5427.37 5428.22 5427.75 5427.12 5426.36 5426.71
5416.94 5413.44 5409.64 5405.59 5401.3 5398.06 5394.93 5391.15 5387.62 5384.11 5380.55 5377.03 5373.46 5370.24 5367.08 5365.27 5365.06 5364.37 5363.82 5364.27 5365.66 5368.5 5371.22 5374.9 5378.64 5384.89 5389.47 5393.71 5398.55 5403.27 5408.49 5413.27 5418.09 5424 5437.85 5453.12 5465.14 5465.35 5460.36 5454.07 5448.83 5443.99 5437.14 5429.95 5423.62 5418.33 5414.04 5410.47 5407.11 5403.84 5401.31 5398.67 5396.07 5393.84 5394.77 5397.46 5400.75 5404.42 5408.51 5412.64 5415.74 5417.04 5416.04 5413.93 5414.59 5413.57 5412.35
5409.73 5408.01 5405.39 5401.95 5398.18 5395.26 5392.6 5388.85 5385.34 5381.75 5378.1 5374.92 5371.83 5369.23 5367.13 5365.42 5364.55 5363.53 5363.15 5362.84 5363.34 5366.21 5369.43 5372.83 5375.87 5378.53 5381.76 5384.99 5387.77 5391.59 5395.98 5400.7 5405.8 5410.07 5424.05 5444.63 5455.86 5453.2 5445.65 5435.29 5428.45 5427.92 5424.94 5420.95 5416.21 5412.41 5408.54 5405.35 5402.79 5400.16 5397.68 5395.43 5392.53 5389.58 5391.27 5394.2 5397.79 5401.18 5404.16 5407.4 5409.59 5410.27 5409.12 5407.41 5407.05 5404.45 5397.98
5405.06 5403.94 5402.14 5399.58 5395.96 5393.77 5390.88 5387.32 5383.48 5379.74 5376.34 5373.03 5370.19 5368.06 5367.01 5365.32 5364.22 5363.6 5363.21 5363.38 5362.68 5365.8 5369.23 5371.43 5373.63 5375.34 5377.31 5379.35 5381.19 5383.77 5386.94 5391.49 5397.91 5407.76 5421.52 5435.71 5443.59 5439.47 5431.28 5422.23 5416.44 5414.5 5413.02 5411.29 5408.82 5407.25 5404.73 5402.33 5399.53 5397.09 5395.09 5392.8 5391.1 5390.45 5390.68 5392.66 5395.39 5397.35 5400.74 5403.74 5405.73 5406.64 5406.55 5406.12 5405.29 5402.82 5397.26
5402.38 5400.96 5399.68 5398.52 5397.33 5394.75 5390.01 5385.63 5381.47 5377.62 5374.14 5370.9 5368 5365.66 5364.28 5363.4 5363.12 5363.49 5363.85 5365.28 5368.52 5371.28 5369.58 5369.87 5370.75 5371.42 5372.12 5373.14 5374.3 5376.3 5377.67 5380.05 5386.95 5400.89 5416.39 5423.24 5427.45 5425.27 5417.98 5409.13 5404.75 5403.69 5403.5 5403.06 5401.97 5400.59 5399.15 5397.68 5395.6 5394.3 5393.12 5391.62 5390.13 5389.56 5390.35 5392.37 5394.92 5396.55 5399.19 5401.29 5403.11 5404.74 5406.14 5407.17 5407.23 5406.7 5407.66
5400.03 5398.43 5397.28 5396.73 5397.07 5394.25 5388.14 5383.16 5379.03 5375.31 5371.84 5368.7 5365.9 5363.5 5360.65 5361.3 5362.13 5363.03 5364.05 5365.72 5367.59 5368.51 5369.2 5369.09 5368.69 5368.88 5368.96 5369.04 5367.87 5368.14 5368.31 5368.97 5372.38 5379.59 5398.8 5411.2 5416.61 5414.67 5406.9 5397.21 5394.44 5394.7 5394.94 5394.58 5394.7 5394.16 5393.35 5392.63 5392.02 5391.39 5391.18 5391.09 5391.05 5388.52 5390.66 5392.05 5394.47 5397.59 5398.91 5399.16 5400.71 5403.43 5406.31 5409.13 5409.96 5410.05 5412.31
5397.58 5395.74 5394.22 5392.95 5391.61 5388.62 5384.11 5379.94 5376.09 5372.97 5369.73 5366.86 5364.03 5361.9 5361.54 5360.28 5360.98 5362.15 5363.67 5365.41 5367.06 5368.89 5367.95 5367.29 5366.55 5365.95 5365.6 5363.14 5362.33 5361.52 5360.66 5359.74 5360.2 5366.92 5389.18 5411.66 5415.22 5409.01 5399.35 5389.62 5387.24 5387.47 5387.55 5387.89 5387.86 5387.88 5387.68 5387.5 5387.77 5387.81 5388.69 5390.64 5394.71 5396.21 5391.57 5390.5 5391.24 5393.77 5394.26 5394.89 5397.42 5401.27 5405.49 5409.51 5410.64 5409.44 5410.06
5394.97 5392.93 5390.77 5388.39 5385.28 5381.42 5379.1 5376.03 5373.19 5370.24 5367.63 5365.02 5362.29 5359.64 5357.56 5358.81 5359.79 5361.01 5362.53 5364.2 5366.08 5368.19 5366.19 5364.97 5364.03 5362.97 5362.25 5361.4 5360.45 5359.1 5357.32 5354.75 5354.02 5363.81 5404.45 5424.87 5416.78 5404.18 5393.38 5385.23 5382 5381.33 5381.31 5381.82 5382 5382.46 5382.71 5382.64 5383.15 5383.53 5384.48 5386.2 5390.46 5391.74 5388.37 5386.56 5385.42 5384.21 5384.86 5389 5393.44 5398.36 5403.1 5407.96 5408.88 5403.98 5400.77
5392.69 5390.09 5387.37 5384.56 5381.38 5377.99 5375.71 5372.64 5370.02 5367.49 5365.31 5363.37 5361.49 5360.15 5358.7 5358.51 5358.9 5359.81 5361.13 5362.31 5363.7 5362.25 5363.38 5363.15 5362.44 5361.81 5361.29 5360.83 5359.78 5358.5 5357.05 5355.96 5355.89 5367.33 5404.76 5411.92 5403.62 5393.86 5385.81 5379.59 5376.83 5375.55 5375.65 5376.34 5376.64 5377.09 5377.5 5377.65 5378.27 5378.12 5378.65 5379.24 5379.16 5380.7 5381.75 5381.45 5380.08 5377.68 5377.82 5383.66 5389 5393.55 5397.67 5400.68 5399.74 5394.45 5387.89
