real_craters/C092-300m.grd
DSAA
208 208
-31.115 31.115
-31.115 31.115
4286.1489149626 5987.9284259198
[rows 0 to 29 of 208, columns 67 to 133 of 208]
5492 5495.79 5502.24 5508.12 5513.67 5516.56 5512.79 5509.99 5508.51 5508.22 5508.47 5509.2 5510.17 5511.35 5512.77 5513.62 5512.83 5510.03 5506.61 5503.02 5501.54 5502.03 5502.13 5501.66 5501.44 5501.2 5500.42 5497.5 5494.96 5491.44 5485.65 5479.73 5473.36 5468.98 5464.95 5461.15 5458.45 5459.44 5460.07 5460.97 5463.43 5471.09 5479.19 5487.7 5493.01 5496.61 5499.56 5501.73 5502.01 5501.77 5500.99 5498.93 5493.8 5486.44 5481.36 5475.53 5468.71 5461.55 5454.84 5450.92 5450.6 5451.07 5451.7 5452.84 5453.81 5454.2 5453.81
5494.68 5501.02 5505.81 5509.23 5513.71 5515.87 5512.74 5510.44 5509.5 5509.55 5510.3 5511.46 5512.88 5514.51 5516.56 5517.29 5516.02 5514.47 5512.79 5511.45 5507.55 5505.87 5504.32 5503.11 5502.66 5502.27 5501.22 5499.12 5496.67 5493.16 5489.03 5484.44 5479.24 5472.15 5463.19 5462.05 5464.45 5461.99 5459.43 5459.39 5462.72 5474.09 5486.15 5491.05 5494.5 5497.62 5500.05 5503.08 5501.76 5500.39 5497.94 5493.83 5486.93 5478.48 5474.54 5471.4 5466.56 5460.66 5454.89 5451.13 5450.41 5449.85 5449.78 5449.92 5449.66 5449.58 5448.36
5497.19 5504.3 5507.55 5507.13 5505.76 5506.73 5508.27 5508.56 5509.4 5510.4 5511.77 5513.64 5515.78 5518.62 5520.31 5521.44 5521.44 5520.48 5519.75 5517.17 5504.35 5501.85 5503.51 5504.26 5504.06 5503.65 5502.24 5500.8 5498.33 5495.67 5492.81 5490.39 5486.6 5480.53 5474.55 5468.58 5463.54 5460.07 5458.08 5458.91 5463.46 5474.84 5488.39 5491.28 5495.27 5498.57 5500.17 5498.37 5500.87 5499.8 5496.77 5491.98 5484.98 5475.62 5473.01 5470.96 5466.49 5461.76 5457.31 5454.3 5451.74 5449.66 5448.37 5447.68 5447 5446.25 5444.82
5498.24 5504.97 5507.84 5504.9 5499.07 5499.73 5503.9 5506.47 5508.61 5510.61 5512.29 5514.54 5517.22 5520.34 5523.61 5526.05 5526.88 5526.81 5525.05 5521.47 5502.66 5501.43 5506.54 5506.64 5506.18 5505.46 5505.73 5504.32 5501.05 5496.7 5496.98 5497.15 5495.63 5490.13 5485.02 5474.78 5464.5 5458.95 5457.11 5458.78 5463.13 5471.23 5478.34 5489.61 5495.71 5499.81 5502.88 5505.27 5502.59 5500.4 5497.25 5492.97 5487.65 5482.94 5478.43 5473.39 5468.72 5463.97 5459.98 5457.73 5452.91 5449.94 5448.02 5446.54 5445.28 5444.12 5442.65
5497.58 5505.3 5508.97 5503.91 5501.11 5499.38 5501.48 5504.16 5506.7 5509.25 5511.88 5514.7 5518.1 5522.13 5525.65 5530.25 5533.98 5535.75 5534.62 5527.63 5511.63 5508.79 5509.74 5511.69 5510.64 5508.24 5509.8 5510.15 5507.12 5503.16 5503.51 5504.03 5502.48 5497.52 5490.85 5482.36 5471.91 5462.29 5458.82 5460.16 5463 5470.9 5484.56 5491.42 5496.53 5500.84 5503.25 5504.31 5503.96 5501.91 5498.88 5495.13 5490.78 5487.42 5482.19 5475.97 5470.88 5465.73 5460.8 5455.4 5452.48 5450 5448.08 5446.46 5444.9 5443.18 5441.74
5494.75 5500.95 5503.63 5500.05 5495.7 5497.42 5499.93 5502.34 5505.12 5507.9 5510.74 5513.79 5516.98 5521.36 5526.38 5532.45 5541.2 5545.69 5541.34 5535.99 5526.32 5522.74 5523.14 5521.32 5518.76 5515.66 5518.02 5518.88 5516.51 5514.68 5512.45 5510.2 5507.84 5503.63 5497.99 5491.1 5481.44 5470.98 5466.22 5464.88 5464.43 5469.72 5481.1 5490.33 5497.03 5502.29 5504.71 5505.74 5505.67 5503.77 5500.83 5497.3 5493.13 5486.39 5479.73 5479.12 5474 5467.57 5461.37 5457.61 5452.24 5449.49 5447.78 5446.11 5444.26 5442.58 5440.93
5490.99 5496.11 5497.91 5497.3 5495.07 5496.32 5498.89 5501.33 5503.52 5506.24 5509 5511.73 5514.57 5518.05 5523.52 5528.89 5536.14 5540.02 5532.46 5536.96 5540.17 5536.2 5534.03 5532.72 5530.13 5527.83 5527.9 5527.56 5525.5 5524.03 5520.33 5515.28 5511.36 5508.28 5501.41 5492.41 5486.63 5481.31 5476.95 5472.76 5470.75 5473.37 5482.14 5489.78 5497.16 5504.6 5510.57 5510.23 5507.81 5505.13 5502.29 5499.5 5496.98 5495.09 5493.72 5485.52 5477.84 5470.11 5462 5453.02 5449.93 5449.68 5448.52 5446.58 5443.72 5441.43 5439.52
5487.77 5493.9 5497.79 5498.36 5497.46 5497.34 5498.51 5500.33 5501.89 5504.14 5506.54 5508.63 5511.2 5514.61 5517.79 5520.13 5520.53 5516.47 5519.16 5529.71 5540.14 5543.02 5545.86 5545.14 5541.16 5538.33 5535.92 5534.17 5532.89 5530.61 5526.2 5521.11 5516.54 5512.2 5506.13 5492.88 5490.99 5488.72 5485.34 5480.71 5479.64 5482.79 5483.72 5488.59 5496.35 5503.38 5512.62 5511.12 5508.23 5505.67 5503.4 5501.14 5499.7 5499.49 5499.94 5489.26 5480.98 5473.26 5465.32 5456.69 5453.26 5452.95 5451.09 5447.68 5444.22 5440.77 5437.89
5485.38 5493.12 5499.4 5500.01 5498.44 5497.72 5498.51 5499.95 5500.52 5502.15 5504.09 5506.43 5508.05 5510.1 5511.83 5512.79 5510.56 5505.53 5517.41 5524.54 5531.36 5544.37 5557.37 5556.53 5549.62 5544.77 5543.51 5541.81 5541.09 5538.34 5532.83 5525.84 5521.54 5517.17 5511.71 5505.93 5500.28 5495.46 5490.69 5485.46 5483.16 5483.61 5484.37 5489.03 5496.03 5501.77 5498.94 5505.56 5506.27 5504.62 5502.64 5501.04 5499.2 5497.12 5493.55 5487.94 5482.43 5476.93 5471.66 5466.71 5463.26 5459.54 5454.9 5450.17 5445.41 5440.8 5436.36
5483.41 5492.15 5499.9 5499.62 5496.63 5497.51 5498.04 5499 5498.99 5499.87 5501.68 5503.52 5504.9 5506.29 5507.35 5508.36 5510.1 5515.51 5523.17 5523.29 5529.44 5542.69 5553.12 5557.11 5558.47 5556.84 5554.22 5551.52 5552.49 5551.07 5546.15 5536.9 5531.08 5525.8 5522.32 5519.41 5510.92 5501.72 5493.1 5488.6 5484.72 5480.58 5484.49 5490.72 5495.42 5502.87 5512.81 5506.34 5504.57 5503.21 5501.79 5500.13 5497.62 5493.75 5487.93 5485.41 5483.49 5480.78 5478.35 5476.97 5474.41 5466.73 5459.03 5452.15 5446.28 5440.39 5434.72
5481.45 5489.97 5497.76 5498.89 5496.75 5497.02 5497.39 5498.25 5498.2 5498.93 5499.71 5501.08 5501.44 5502.26 5503.33 5504.77 5508.56 5515.69 5518.67 5518.99 5530.24 5542.54 5551.92 5558.73 5565.27 5567.75 5567.26 5566.95 5567.55 5567.01 5564.93 5556.63 5546.01 5532.68 5527.06 5527.62 5519.17 5509.76 5500.31 5495.38 5490.54 5484.83 5485.83 5488.79 5491.52 5494.31 5497.11 5499.94 5500.65 5500.59 5500.05 5499.02 5496.91 5493.13 5487.21 5486.12 5485.91 5484.32 5482.88 5483.11 5482.91 5470.72 5460.98 5452.92 5446 5439.65 5433.53
5479.79 5487.09 5492.92 5495.95 5496.57 5497.11 5498.11 5498.79 5497.45 5497.6 5498.32 5498.87 5498.99 5498.19 5498.91 5499.63 5501.6 5504.44 5505.62 5508.49 5526.96 5545.78 5562.21 5572.74 5573.01 5575.16 5579.77 5583.93 5581.87 5579.26 5578.06 5573.81 5562.6 5552.23 5538.15 5528.34 5525.1 5520.19 5513.75 5507.29 5500.85 5495.34 5491.94 5488.44 5487.97 5488.52 5490.21 5493.83 5496.5 5498.08 5498.67 5498.53 5497.72 5496.02 5494.17 5492.46 5489.7 5486.86 5484.28 5481.63 5477.02 5468.66 5459.67 5451.9 5445.27 5438.72 5432.68
5478.75 5485.05 5490.95 5493.87 5495.35 5497.17 5498.69 5498.5 5499.23 5497.19 5496.65 5497.15 5496.67 5494.51 5493.1 5492.78 5492.75 5492.53 5493.97 5503.01 5525.38 5550.89 5575.07 5590.42 5585.05 5586.18 5590.44 5590.94 5589.22 5584.32 5577.37 5574.23 5569.02 5569.31 5552.04 5538.27 5536.41 5532.02 5524.56 5516.44 5510.99 5507.79 5501.25 5490.79 5485.46 5484.73 5486.98 5489.81 5493.25 5496.08 5497.78 5498.81 5499.34 5499.44 5500.15 5498.74 5493.07 5488.26 5483.25 5477.63 5470.98 5463.04 5456.62 5450.34 5443.84 5437.27 5431.65
5478.36 5483.41 5488.83 5491.62 5494.62 5497.49 5498.95 5499.62 5499.97 5499.37 5498.3 5496.18 5495.3 5493.65 5490.86 5488.97 5487.63 5484.93 5488.45 5502.32 5527.08 5555.12 5583.45 5608.85 5604.31 5598.97 5599.21 5601.52 5597.49 5585.13 5573.48 5563.83 5560.29 5560.49 5564.12 5565.06 5558.28 5543.03 5530.37 5522.13 5516.85 5513.56 5505.88 5490.81 5483.61 5481.78 5483.63 5487.41 5491.24 5494.85 5497.33 5499.39 5500.77 5501.12 5501.09 5499.5 5493.98 5489.4 5483.16 5474.54 5462.22 5457.31 5454.47 5449.6 5443.56 5436.75 5430.12
5478.07 5482.5 5486.29 5490.87 5495.82 5498.64 5500.49 5501.75 5501.15 5500.26 5498.29 5496.86 5498.45 5496.44 5493.57 5488.95 5485.88 5483.88 5491.89 5505.6 5530.97 5556.83 5580.15 5597.69 5606.25 5600.51 5598.58 5601.98 5596.74 5577.97 5564.21 5553.63 5545.44 5544.03 5560.27 5567.5 5562.89 5544.36 5533.15 5525.59 5516.72 5510.51 5502.39 5492.44 5484.44 5480.52 5482.73 5486.57 5491.01 5494.77 5498.08 5500.99 5502.76 5502.71 5499.61 5492.98 5494.89 5492.21 5486.29 5477.25 5465.01 5459.35 5456.52 5450.94 5443.8 5436.47 5429.08
5479.45 5483.7 5486.52 5491.89 5498.83 5500.68 5502.86 5504.11 5504.56 5505.03 5503.31 5502.51 5500.01 5497.89 5495.52 5491.46 5489.27 5490.23 5503.11 5518 5540.02 5558 5570.91 5578.65 5582.55 5583.5 5583.34 5583.1 5576 5559.66 5542.33 5535.03 5532.25 5530.27 5533.92 5541.72 5539.03 5530.34 5521.62 5514.55 5509.68 5507 5502.67 5495.73 5487.77 5482.54 5483.59 5487.61 5491.99 5496.34 5500.59 5503.61 5505.97 5506.72 5505.19 5502.81 5501.5 5498.6 5493.17 5485.89 5478.55 5471.75 5463.09 5454.06 5445 5436.41 5428.4
5483.65 5488.03 5492.03 5496.86 5501.54 5504.5 5507.19 5508.73 5510.03 5508.94 5509.14 5508.9 5506.04 5504.53 5501.41 5499.27 5498.16 5502.67 5518.89 5536.46 5554.46 5561.43 5562.63 5560.19 5559.96 5560.78 5559.89 5556.33 5549.39 5538.1 5527.95 5523.41 5522.49 5520.82 5516.58 5517.96 5513.8 5511.28 5504.56 5497.55 5499.14 5502.84 5506.4 5498.49 5491.05 5486.01 5486.41 5489.84 5494.06 5498.84 5503.04 5507.37 5511 5513.68 5515.14 5512.82 5512.69 5507.88 5501.33 5495.11 5490.48 5483.78 5469.57 5456.66 5445.68 5436.17 5427.77
5488.95 5493.92 5499.78 5502.76 5505.95 5509.69 5511.99 5513.85 5514 5514.51 5516.39 5516.7 5516.13 5515.83 5514.72 5512.18 5511.73 5517.88 5537.51 5557.42 5570.89 5566.28 5555.81 5544.31 5538.76 5538.62 5536.25 5530.03 5520.27 5517.4 5515.55 5514.73 5513.54 5512.18 5509.97 5505.76 5500.65 5497.72 5492.23 5486.72 5489.77 5495.02 5498.14 5495.3 5491.82 5488.38 5489.2 5492.96 5497.27 5502.37 5507.26 5512.39 5516.91 5521.38 5525.9 5532.5 5526.04 5516.69 5508.26 5500.44 5494.58 5488.59 5470.44 5456.71 5445.38 5435.38 5426.97
5492.86 5499.01 5505.08 5511.19 5514.44 5514.59 5516.2 5518.06 5519.74 5521.9 5524.38 5526.68 5528.12 5530.37 5531.11 5530.71 5530.33 5537.66 5566.55 5583.87 5587.52 5569.81 5548.73 5530.01 5520.87 5520.65 5518.21 5511.46 5501.49 5503.07 5505.2 5506.1 5507.9 5507.08 5504.01 5498.69 5495.14 5490.57 5485.68 5481.78 5483.76 5487.69 5489.61 5488.46 5486.68 5489.15 5491.09 5495.15 5500.21 5506.02 5511.85 5517.66 5523.05 5527.88 5532.12 5533.66 5529.67 5522.13 5512.41 5501.77 5489.73 5474.12 5464.89 5454.57 5444.02 5433.92 5425.25
5494.1 5502.69 5512.55 5515.31 5515.35 5516.28 5519.18 5522 5524.96 5528.18 5532.39 5536.25 5539.73 5544.71 5548.01 5553 5556.88 5568.78 5595.12 5602.09 5593.2 5566.35 5539.51 5517.94 5510.81 5509.22 5507.63 5504.09 5499.56 5499.17 5500.47 5501.43 5495.31 5493.85 5493.28 5491.27 5489.56 5486.11 5482.61 5480.37 5480.94 5483.14 5484.85 5484.31 5482.56 5486.74 5491.87 5497.77 5503.64 5509.74 5516.18 5521.98 5527.79 5532.9 5536.27 5536.63 5533.01 5525.95 5515.28 5502.51 5487.57 5468.75 5462.14 5453.16 5442.85 5432.68 5423.42
5494.39 5502.77 5513.91 5513.18 5511.98 5517.87 5522.26 5525.95 5529.68 5533.39 5538.64 5543.85 5550.26 5556.99 5565.87 5573.99 5581.1 5589.54 5598.24 5595.51 5577.73 5552.31 5527.09 5507.35 5503.36 5502.38 5502.33 5502.86 5505.07 5501.8 5497 5496.19 5490.45 5482.51 5482.83 5485.43 5484.5 5483.05 5481.58 5479.73 5479.31 5480.66 5482.39 5482.68 5482.95 5487.24 5493.96 5500.7 5507.16 5513.41 5519.43 5525.3 5530.81 5535.99 5539.68 5541.12 5537.88 5529.53 5517.76 5504.38 5490.59 5479 5466.14 5453.67 5442.12 5431.65 5422.08
5497.43 5499.56 5499.37 5509.94 5517.83 5521.31 5525.67 5529.24 5533.75 5538.59 5543.93 5550.85 5558.94 5568.45 5580.01 5590.64 5598.47 5597.28 5587.78 5572.93 5552.65 5532.98 5514.31 5499.13 5497.44 5498.37 5499.63 5502 5505.04 5503.61 5498.41 5492.65 5491.55 5485.2 5484.54 5486.05 5485.43 5484.5 5483.42 5481.14 5479.85 5479.59 5479.62 5480 5482.75 5489.06 5497.01 5504.44 5510.68 5516.6 5522.53 5527.87 5533.03 5538.05 5542.08 5545.06 5543.8 5532.23 5519.23 5505.39 5492.29 5481.29 5467.96 5453.93 5441.99 5431.26 5421.65
5504.8 5503.14 5502.15 5510.95 5519.69 5524.64 5527.88 5531.24 5535.91 5540.62 5546.54 5553.81 5562.84 5573.83 5588.11 5602.07 5612.3 5600.96 5576.23 5552.36 5532.43 5516.9 5505.14 5496.18 5494.98 5496.13 5497.38 5499.74 5502.6 5504.16 5501.11 5497.39 5496.47 5494.57 5492.45 5491.88 5492.43 5491.88 5487.7 5484.6 5482.3 5480.11 5478.92 5479.02 5482.47 5492.31 5501.34 5508.65 5514.72 5520.22 5526.3 5530.4 5534.78 5538.98 5542.49 5544.65 5540.04 5532.1 5518.44 5503.94 5489.98 5477.64 5464.56 5452.04 5441.57 5431.66 5422.33
5515.96 5512.58 5512.08 5516.81 5524.63 5526.77 5528.58 5531.48 5535.52 5540.72 5546.56 5553.75 5562.38 5573.53 5586.73 5602.53 5615.78 5598 5567.24 5539.08 5519.28 5507.16 5500.54 5495.65 5495.39 5495.21 5495.19 5496.74 5498.74 5501.54 5502.11 5501.41 5502.61 5503.4 5500.04 5497.97 5497.27 5495.32 5491.47 5487.3 5483.95 5481.81 5480.38 5481.14 5488.33 5498.84 5507.54 5514.42 5519.87 5524.93 5529.06 5532.38 5535.53 5538.03 5540.21 5542.39 5545.57 5529.81 5514.87 5500.21 5485.28 5470.11 5456.99 5449.65 5441.84 5433.58 5424.7
5518.6 5520.38 5521.16 5520.36 5521.94 5524.55 5527.86 5531.27 5534.83 5539.22 5544.76 5551.42 5558.45 5566.78 5576.37 5587.24 5591.17 5576.39 5551.1 5527.27 5514.29 5506.76 5500.25 5495.24 5493.24 5492.33 5492.92 5494.26 5495.06 5495.74 5502.05 5502.79 5505.37 5507.26 5504.93 5502.04 5500.44 5499.35 5493.95 5489.99 5487.11 5485.39 5484.11 5485.14 5495.05 5507.96 5514.71 5518.9 5522.43 5525.8 5528.12 5531.19 5533.25 5534.36 5535.62 5534.1 5527.83 5519.53 5508.59 5495.72 5481.77 5467.57 5455.75 5450.41 5444.75 5437.83 5429.47
5522.96 5522.2 5521.4 5521.44 5521.34 5524.44 5527.47 5530.87 5534.44 5538.61 5542.95 5547.63 5551.5 5555.57 5559.18 5562.74 5562.19 5547.69 5529.5 5515.24 5510.16 5508.86 5503.54 5497.55 5492.32 5489.49 5491.03 5493.11 5495.46 5500.77 5505.46 5512.09 5517.17 5512.89 5507.54 5504.11 5500.94 5497.54 5494.5 5492.68 5491.81 5490.69 5490.44 5492.94 5504.95 5518.85 5521.59 5523.16 5525.1 5527.03 5528.44 5529.54 5529.94 5529.87 5528.17 5524.41 5517.3 5510.3 5501.39 5491.21 5480.17 5469.41 5460.44 5455.14 5450.53 5445.41 5438.72
5536.07 5528.14 5522.92 5522.31 5523.5 5525.23 5526.34 5529.46 5532.45 5535.51 5538.14 5539.91 5540.79 5540.14 5537.56 5531.51 5523.13 5511.02 5503.71 5498.78 5501.32 5508.27 5507.64 5502.01 5493.9 5489.08 5491.17 5493.39 5495.43 5497.98 5505.68 5512.96 5506.66 5507.69 5506.93 5504.7 5501.02 5495.32 5494.85 5494.84 5496 5496.13 5497.98 5502.88 5512.45 5521.11 5523.87 5526.39 5527.74 5528.32 5528.51 5528.12 5527.08 5524.92 5521.6 5516.97 5512.6 5505.15 5495.08 5487.16 5479.47 5472.3 5466.33 5461.44 5458.06 5455.48 5453.21
5551.6 5537.2 5526.42 5521.98 5519.16 5519.11 5523.71 5528.15 5531.15 5533.12 5534.17 5533.61 5531.31 5526.41 5518.2 5505.01 5492.06 5484.74 5483.38 5482.77 5488.96 5498.42 5504.01 5501.77 5496.01 5492.76 5493.16 5494.61 5496.99 5499.37 5504.76 5508.54 5502.39 5504.59 5507.09 5506.19 5503.86 5501.37 5499.02 5496.68 5494.55 5496.73 5505.62 5514.2 5520.12 5520.73 5526.87 5529.66 5529.66 5529.19 5528.18 5526.49 5524.16 5520.91 5516.15 5509.18 5500 5491.42 5487.78 5484.24 5479.63 5474.74 5470.55 5467.18 5464.8 5464.54 5467.36
5545.77 5538.14 5526.01 5520.53 5517.38 5517.31 5522.84 5527.61 5529.61 5530.17 5529.15 5526.52 5522.15 5515.87 5506.02 5492.07 5481.27 5476.51 5475.58 5476.31 5480.42 5486.7 5493.6 5495.64 5495.09 5496.63 5494.28 5494.8 5498.07 5501.87 5502.11 5505.01 5509.48 5510.77 5509.58 5508.72 5507.95 5506.94 5505.26 5501.77 5496.11 5500.99 5517.33 5530.89 5537.61 5540.22 5538.21 5534.49 5531.78 5529.23 5527.13 5525.26 5522.33 5518.7 5513.15 5504.92 5492.02 5480.53 5484.79 5484.07 5480.73 5476.8 5474.92 5471.32 5468.15 5468.59 5472.48
5523.55 5519.04 5516.75 5517.35 5518.35 5520.02 5526.16 5529.68 5529.69 5528.4 5525.56 5521.71 5516.72 5509.77 5501.24 5490.77 5482.69 5477.66 5474.6 5473.36 5473.79 5475.96 5483.67 5487.97 5489.93 5490.71 5491.13 5491.88 5492.97 5494.89 5495.63 5495.75 5508.53 5512.09 5509.98 5509.96 5511.47 5513.77 5514.48 5512.38 5511.46 5518.23 5532.98 5550.89 5562.19 5555.2 5545.42 5536.75 5531.86 5528.4 5526.25 5523.6 5521.14 5517.67 5513.31 5507.21 5499.6 5495.22 5491.78 5487.63 5481.95 5476.45 5472.92 5468.51 5466.31 5466.97 5468.82
