real_craters/C092-750m.grd
DSAA
84 84
-31.115 31.115
-31.115 31.115
4287.1281608747 5992.6156922013
[rows 38 to 75 of 84, columns 0 to 83 of 84]
5434 5438 5445 5444 5443 5447 5459 5481 5514 5511 5495 5481 5483 5482 5476 5468 5465 5474 5485 5495 5500 5515 5545 5564 5564 5565 5567 5576 5597 5641 5795 5715 5333 5033 4817 4585 4436 4348 4324 4311 4308 4303 4298 4301 4304 4317 4378 4475 4576 4747 4965 5228 5500 5700 5697 5569 5517 5503 5499 5492 5487 5485 5484 5474 5444 5428 5412 5394 5378 5369 5367 5371 5378 5414 5438 5372 5341 5333 5328 5326 5321 5320 5320 5345
5429 5435 5443 5444 5443 5441 5447 5472 5501 5499 5486 5466 5479 5478 5469 5460 5454 5464 5473 5489 5504 5524 5551 5571 5563 5565 5571 5583 5616 5683 5894 5571 5197 4936 4808 4652 4455 4336 4306 4302 4302 4309 4304 4298 4293 4293 4342 4433 4542 4708 4895 5175 5458 5677 5679 5556 5527 5502 5491 5486 5484 5487 5490 5477 5439 5423 5409 5393 5378 5366 5359 5356 5363 5421 5460 5371 5348 5341 5335 5336 5352 5347 5368 5368
5437 5447 5449 5445 5441 5439 5441 5452 5461 5480 5491 5503 5499 5482 5470 5459 5456 5464 5486 5497 5507 5523 5553 5573 5563 5563 5569 5583 5631 5736 5838 5433 5111 4915 4790 4607 4363 4306 4298 4296 4301 4351 4318 4300 4290 4287 4316 4389 4504 4654 4855 5140 5424 5636 5669 5571 5521 5496 5485 5482 5482 5488 5494 5489 5448 5425 5408 5394 5384 5367 5355 5347 5354 5416 5466 5390 5368 5354 5345 5338 5328 5365 5395 5389
5437 5443 5448 5446 5443 5441 5441 5439 5439 5460 5484 5510 5494 5479 5470 5459 5453 5464 5492 5499 5511 5531 5544 5554 5563 5564 5569 5581 5609 5665 5783 5414 5063 4849 4714 4495 4338 4297 4296 4296 4297 4296 4299 4297 4293 4288 4309 4376 4419 4622 4861 5123 5398 5622 5665 5553 5497 5481 5476 5477 5482 5484 5486 5472 5440 5426 5411 5397 5382 5369 5356 5351 5359 5388 5407 5404 5382 5365 5357 5351 5356 5377 5397 5388
5440 5446 5450 5449 5445 5441 5443 5436 5437 5449 5458 5455 5461 5470 5472 5473 5464 5464 5469 5491 5504 5510 5533 5551 5567 5570 5574 5581 5606 5700 5770 5441 5081 4804 4670 4462 4342 4308 4297 4295 4295 4293 4299 4305 4301 4294 4312 4368 4401 4577 4808 5105 5373 5589 5647 5522 5486 5471 5469 5471 5474 5475 5474 5464 5436 5424 5411 5398 5387 5372 5359 5350 5356 5370 5381 5385 5382 5376 5368 5364 5370 5374 5377 5377
5443 5451 5455 5452 5447 5440 5427 5433 5441 5445 5448 5448 5454 5466 5474 5481 5470 5472 5485 5492 5501 5512 5527 5549 5566 5567 5566 5571 5602 5696 5782 5540 5176 4871 4704 4534 4388 4333 4304 4294 4295 4294 4301 4309 4307 4302 4314 4364 4457 4671 4889 5127 5361 5540 5587 5531 5488 5466 5463 5465 5471 5467 5461 5452 5443 5424 5410 5398 5388 5380 5369 5350 5354 5364 5374 5382 5386 5386 5381 5373 5364 5364 5370 5371
5452 5469 5462 5456 5450 5444 5442 5442 5442 5445 5449 5453 5459 5467 5474 5476 5478 5486 5495 5497 5501 5509 5518 5538 5573 5564 5559 5564 5596 5707 5856 5662 5328 4969 4736 4617 4447 4375 4322 4296 4295 4298 4306 4314 4318 4319 4340 4427 4596 4780 4957 5161 5356 5520 5599 5551 5491 5466 5462 5459 5456 5452 5449 5443 5427 5415 5408 5400 5394 5392 5392 5385 5367 5357 5368 5388 5399 5398 5390 5380 5372 5368 5370 5369
5459 5459 5462 5457 5452 5449 5449 5444 5441 5447 5453 5460 5466 5471 5475 5484 5487 5498 5504 5500 5496 5494 5499 5522 5560 5553 5549 5555 5587 5688 5895 5832 5520 5138 4835 4702 4540 4444 4362 4311 4300 4307 4317 4327 4336 4359 4402 4560 4769 4937 5045 5203 5378 5534 5618 5544 5510 5486 5466 5452 5444 5439 5440 5442 5434 5422 5408 5401 5401 5402 5412 5411 5382 5361 5371 5399 5413 5407 5396 5385 5377 5373 5367 5367
5459 5460 5459 5455 5451 5448 5446 5443 5443 5448 5457 5471 5489 5474 5468 5470 5486 5507 5508 5499 5489 5480 5478 5488 5513 5531 5538 5545 5565 5638 5869 5993 5707 5301 4967 4798 4649 4530 4435 4354 4324 4331 4333 4351 4380 4435 4516 4696 4893 4952 5073 5248 5415 5552 5610 5551 5519 5493 5468 5449 5434 5426 5432 5435 5432 5420 5403 5386 5391 5405 5412 5410 5394 5376 5386 5408 5425 5412 5401 5389 5379 5371 5370 5372
5455 5459 5457 5453 5448 5445 5442 5439 5441 5448 5457 5467 5472 5465 5459 5465 5481 5501 5502 5495 5486 5478 5476 5483 5503 5521 5535 5543 5558 5596 5733 5865 5795 5459 5124 4875 4739 4643 4545 4465 4418 4422 4394 4406 4483 4567 4608 4745 4916 4965 5138 5332 5478 5578 5609 5551 5508 5480 5463 5447 5433 5427 5424 5427 5414 5409 5398 5392 5393 5407 5422 5414 5401 5397 5397 5408 5410 5412 5403 5393 5382 5374 5374 5379
5454 5455 5452 5448 5443 5439 5436 5434 5436 5443 5452 5459 5461 5459 5450 5470 5499 5493 5492 5487 5481 5477 5477 5484 5505 5527 5535 5545 5568 5604 5691 5857 5835 5587 5267 5036 4901 4802 4700 4639 4628 4588 4573 4549 4630 4702 4697 4782 4934 5085 5322 5467 5548 5602 5592 5514 5500 5486 5463 5445 5430 5414 5398 5391 5391 5400 5395 5383 5389 5402 5423 5415 5402 5393 5401 5409 5410 5409 5404 5394 5384 5376 5374 5374
5455 5452 5447 5443 5438 5433 5429 5420 5428 5436 5447 5458 5475 5468 5456 5477 5503 5493 5487 5480 5474 5468 5470 5490 5534 5540 5539 5540 5560 5593 5695 5770 5882 5749 5492 5250 5132 5017 4910 4828 4775 4762 4764 4739 4739 4767 4798 4875 5093 5311 5589 5621 5607 5589 5554 5518 5499 5480 5465 5445 5422 5396 5383 5385 5402 5409 5396 5387 5383 5384 5393 5399 5401 5404 5409 5413 5406 5414 5408 5397 5386 5376 5375 5379
5454 5447 5443 5437 5431 5425 5420 5417 5420 5429 5440 5452 5464 5467 5478 5512 5511 5492 5478 5469 5464 5458 5462 5485 5524 5537 5533 5529 5530 5584 5625 5708 5892 5929 5833 5594 5421 5273 5124 5011 4963 4951 4956 4943 4920 4910 5027 5161 5416 5605 5782 5676 5615 5575 5542 5520 5505 5491 5477 5451 5424 5400 5384 5389 5400 5395 5390 5386 5380 5368 5368 5390 5402 5410 5419 5430 5451 5436 5415 5400 5388 5380 5379 5381
5454 5448 5441 5434 5425 5418 5411 5408 5411 5420 5431 5442 5447 5450 5460 5507 5490 5463 5459 5455 5452 5451 5450 5475 5504 5520 5523 5521 5527 5549 5585 5673 5865 5934 5941 5866 5651 5513 5402 5249 5160 5202 5228 5240 5227 5244 5372 5540 5628 5611 5570 5605 5575 5546 5522 5505 5505 5509 5486 5453 5428 5408 5391 5392 5403 5405 5408 5401 5382 5372 5377 5396 5412 5422 5427 5433 5432 5423 5411 5397 5387 5381 5383 5390
5457 5456 5439 5428 5418 5411 5403 5399 5401 5411 5424 5436 5443 5450 5457 5463 5454 5441 5440 5439 5439 5441 5445 5466 5497 5514 5511 5512 5521 5530 5542 5580 5680 5749 5837 5849 5731 5667 5706 5602 5545 5552 5591 5650 5674 5689 5643 5661 5553 5516 5534 5545 5519 5478 5484 5494 5487 5477 5461 5445 5426 5411 5396 5399 5410 5420 5412 5391 5379 5379 5389 5410 5436 5439 5433 5425 5417 5408 5400 5391 5382 5379 5383 5381
5448 5441 5431 5420 5411 5403 5396 5389 5391 5405 5422 5441 5460 5477 5474 5456 5435 5426 5428 5428 5430 5432 5435 5455 5479 5491 5497 5494 5509 5525 5531 5548 5562 5653 5681 5706 5680 5654 5664 5720 5733 5691 5731 5764 5733 5729 5643 5548 5484 5469 5499 5504 5486 5456 5457 5465 5459 5454 5449 5434 5419 5406 5392 5406 5419 5415 5383 5372 5369 5370 5387 5414 5443 5443 5429 5418 5411 5404 5391 5381 5376 5363 5346 5367
5450 5433 5421 5412 5403 5397 5393 5385 5385 5398 5418 5441 5465 5488 5462 5442 5425 5422 5424 5423 5422 5421 5426 5448 5472 5489 5487 5481 5500 5526 5542 5555 5540 5532 5515 5546 5575 5573 5561 5671 5782 5716 5674 5630 5568 5531 5525 5515 5494 5461 5467 5490 5476 5461 5443 5429 5430 5437 5438 5423 5411 5398 5395 5412 5424 5413 5376 5370 5367 5372 5382 5401 5419 5423 5415 5407 5398 5391 5383 5376 5373 5370 5376 5369
5445 5424 5411 5403 5395 5388 5383 5377 5377 5391 5410 5432 5453 5460 5471 5446 5441 5433 5426 5420 5416 5415 5423 5441 5464 5490 5474 5466 5482 5518 5552 5552 5530 5517 5493 5485 5510 5522 5533 5577 5573 5605 5576 5522 5506 5487 5485 5496 5481 5466 5490 5476 5467 5457 5437 5422 5419 5419 5411 5415 5408 5396 5407 5422 5424 5416 5396 5383 5369 5366 5376 5385 5394 5398 5398 5394 5385 5375 5375 5374 5371 5369 5368 5369
5431 5417 5405 5396 5387 5378 5371 5369 5370 5382 5398 5416 5436 5459 5458 5473 5477 5446 5427 5417 5410 5410 5411 5417 5438 5449 5445 5443 5461 5492 5518 5516 5500 5499 5460 5466 5486 5505 5514 5511 5491 5496 5507 5518 5502 5480 5471 5498 5522 5490 5490 5463 5446 5439 5427 5421 5419 5419 5427 5420 5415 5413 5430 5436 5428 5418 5426 5411 5383 5374 5376 5376 5374 5381 5383 5381 5377 5372 5372 5370 5368 5367 5367 5368
5416 5407 5398 5389 5380 5372 5365 5364 5365 5373 5384 5395 5407 5418 5450 5462 5446 5432 5418 5408 5401 5394 5396 5406 5414 5413 5412 5420 5442 5466 5478 5472 5459 5475 5454 5461 5482 5502 5505 5483 5457 5451 5466 5479 5477 5461 5462 5473 5487 5478 5425 5394 5402 5406 5412 5413 5413 5411 5421 5414 5420 5437 5449 5446 5435 5428 5453 5427 5409 5392 5383 5379 5376 5373 5374 5375 5375 5377 5374 5370 5368 5367 5367 5367
5403 5400 5394 5384 5375 5368 5364 5364 5367 5370 5373 5376 5381 5396 5427 5427 5409 5407 5403 5398 5394 5390 5392 5397 5404 5406 5405 5410 5431 5437 5442 5443 5441 5458 5454 5470 5471 5480 5482 5469 5452 5442 5443 5449 5438 5424 5419 5431 5433 5404 5388 5376 5382 5391 5398 5401 5401 5390 5376 5388 5413 5442 5454 5451 5441 5429 5410 5421 5443 5408 5387 5377 5373 5367 5365 5365 5368 5371 5370 5368 5367 5366 5366 5367
5397 5393 5388 5378 5369 5363 5360 5363 5367 5368 5366 5362 5360 5360 5412 5404 5387 5387 5387 5387 5388 5397 5390 5393 5397 5407 5409 5411 5409 5413 5418 5427 5442 5452 5453 5455 5447 5440 5447 5459 5467 5454 5424 5405 5397 5410 5403 5398 5389 5378 5381 5380 5386 5390 5389 5386 5379 5374 5365 5375 5400 5423 5438 5443 5444 5443 5407 5413 5415 5399 5380 5366 5360 5359 5359 5361 5366 5367 5368 5366 5365 5365 5366 5369
5391 5384 5380 5369 5364 5361 5359 5359 5362 5362 5361 5360 5358 5363 5384 5383 5374 5373 5375 5376 5376 5372 5379 5375 5386 5394 5389 5380 5391 5405 5409 5410 5419 5439 5434 5427 5418 5413 5426 5444 5456 5444 5412 5395 5392 5391 5389 5372 5352 5362 5377 5385 5388 5386 5383 5378 5374 5371 5371 5379 5390 5397 5415 5424 5435 5449 5432 5392 5379 5379 5370 5357 5353 5357 5361 5362 5363 5365 5365 5368 5369 5368 5368 5371
5387 5378 5368 5364 5361 5358 5356 5356 5355 5354 5359 5361 5363 5363 5357 5355 5358 5361 5362 5364 5367 5374 5375 5378 5382 5377 5367 5361 5372 5382 5390 5388 5392 5412 5414 5403 5407 5407 5416 5428 5437 5429 5393 5394 5408 5410 5403 5376 5347 5353 5368 5378 5388 5383 5377 5371 5368 5370 5379 5389 5387 5384 5395 5403 5414 5419 5420 5381 5372 5375 5366 5353 5351 5355 5359 5364 5362 5363 5364 5368 5369 5369 5368 5368
5385 5377 5369 5365 5361 5356 5355 5355 5353 5354 5358 5365 5372 5365 5349 5354 5357 5359 5358 5356 5354 5359 5370 5388 5385 5366 5351 5347 5357 5375 5375 5372 5382 5397 5407 5421 5429 5422 5413 5410 5406 5392 5381 5379 5386 5391 5377 5359 5345 5353 5368 5367 5383 5380 5371 5361 5352 5359 5376 5388 5383 5383 5388 5393 5399 5395 5413 5428 5403 5383 5367 5355 5349 5349 5348 5352 5359 5362 5364 5365 5364 5364 5364 5364
5384 5378 5374 5371 5368 5362 5361 5358 5353 5349 5354 5361 5373 5378 5357 5361 5361 5356 5352 5347 5341 5342 5355 5366 5363 5352 5340 5332 5346 5354 5364 5365 5363 5375 5391 5409 5413 5411 5399 5390 5380 5367 5344 5354 5359 5354 5349 5347 5347 5353 5358 5371 5392 5379 5365 5352 5342 5348 5363 5369 5376 5377 5383 5390 5398 5409 5417 5410 5419 5390 5364 5347 5341 5340 5343 5347 5354 5358 5361 5362 5361 5361 5360 5362
5383 5379 5379 5381 5383 5379 5375 5365 5355 5350 5345 5346 5349 5351 5348 5376 5364 5354 5345 5338 5334 5335 5338 5338 5335 5334 5330 5330 5343 5356 5360 5360 5363 5358 5374 5375 5377 5378 5376 5367 5355 5339 5337 5335 5333 5331 5333 5333 5345 5349 5340 5358 5377 5367 5354 5343 5339 5345 5359 5372 5379 5380 5379 5384 5387 5408 5425 5417 5415 5386 5359 5342 5339 5338 5343 5345 5347 5353 5357 5360 5357 5356 5358 5362
5383 5379 5377 5382 5405 5416 5392 5372 5355 5341 5334 5330 5325 5324 5326 5344 5352 5344 5337 5329 5324 5323 5326 5326 5325 5319 5315 5319 5342 5361 5356 5350 5352 5346 5345 5347 5350 5355 5353 5347 5338 5326 5330 5324 5316 5314 5321 5339 5340 5342 5341 5348 5353 5346 5340 5334 5333 5339 5355 5377 5385 5379 5372 5365 5360 5359 5377 5369 5379 5371 5356 5344 5340 5338 5340 5336 5338 5346 5363 5358 5345 5346 5354 5362
5384 5379 5375 5378 5404 5415 5392 5371 5353 5338 5330 5323 5319 5332 5334 5331 5340 5338 5331 5323 5316 5317 5320 5320 5317 5311 5304 5306 5320 5338 5344 5346 5345 5332 5324 5327 5337 5339 5338 5335 5330 5324 5322 5317 5316 5313 5313 5327 5340 5357 5363 5362 5339 5329 5328 5326 5322 5324 5345 5366 5373 5370 5364 5358 5364 5375 5372 5359 5358 5357 5353 5347 5344 5341 5337 5325 5318 5314 5333 5313 5311 5331 5348 5356
5385 5381 5379 5381 5382 5382 5375 5363 5350 5337 5330 5325 5325 5357 5373 5350 5341 5337 5332 5323 5312 5314 5317 5321 5330 5309 5298 5296 5292 5306 5333 5347 5342 5342 5323 5319 5325 5327 5328 5327 5326 5326 5318 5316 5323 5334 5343 5332 5340 5348 5336 5334 5315 5318 5319 5320 5325 5338 5333 5330 5336 5351 5359 5365 5387 5418 5388 5385 5358 5355 5353 5350 5348 5344 5336 5319 5300 5266 5191 5189 5275 5321 5350 5355
5388 5383 5380 5378 5366 5362 5361 5355 5346 5336 5332 5334 5347 5336 5400 5373 5351 5340 5334 5329 5322 5319 5319 5316 5308 5300 5294 5292 5285 5301 5334 5360 5363 5370 5337 5321 5310 5316 5321 5323 5323 5319 5314 5323 5330 5339 5327 5328 5339 5350 5324 5318 5317 5315 5315 5316 5319 5329 5323 5319 5322 5344 5358 5372 5396 5374 5350 5391 5366 5363 5360 5360 5356 5348 5337 5321 5302 5273 5233 5246 5299 5330 5351 5357
5389 5382 5375 5368 5353 5350 5349 5347 5343 5340 5337 5333 5322 5328 5364 5379 5355 5345 5343 5343 5344 5330 5323 5313 5301 5293 5288 5291 5285 5300 5331 5368 5350 5330 5335 5328 5317 5316 5316 5321 5324 5327 5331 5322 5322 5319 5321 5331 5337 5340 5325 5314 5305 5309 5310 5311 5309 5301 5312 5325 5342 5357 5362 5364 5348 5342 5358 5372 5367 5380 5401 5382 5367 5355 5344 5333 5322 5320 5351 5390 5349 5347 5353 5355
5384 5378 5370 5361 5347 5349 5347 5342 5340 5343 5346 5330 5324 5326 5336 5331 5340 5345 5349 5352 5349 5338 5326 5315 5305 5293 5289 5286 5286 5299 5305 5313 5307 5318 5334 5343 5329 5315 5318 5322 5327 5332 5336 5322 5320 5320 5319 5329 5328 5327 5320 5312 5312 5311 5311 5308 5304 5300 5309 5332 5391 5366 5363 5363 5347 5347 5353 5371 5385 5390 5387 5383 5371 5360 5350 5342 5338 5341 5353 5354 5356 5353 5351 5352
5379 5373 5366 5362 5370 5353 5344 5338 5335 5331 5323 5322 5324 5333 5341 5328 5337 5344 5350 5352 5349 5342 5329 5315 5303 5291 5291 5293 5328 5305 5296 5294 5309 5299 5323 5357 5356 5327 5323 5324 5326 5329 5330 5328 5321 5322 5328 5327 5317 5317 5314 5326 5311 5318 5311 5306 5301 5301 5308 5314 5316 5348 5364 5376 5385 5363 5366 5373 5382 5379 5372 5372 5368 5361 5355 5350 5347 5347 5350 5350 5353 5352 5352 5352
5374 5369 5364 5359 5348 5342 5334 5327 5323 5322 5324 5323 5327 5332 5328 5343 5337 5343 5354 5357 5353 5346 5332 5317 5304 5294 5291 5293 5292 5296 5293 5287 5309 5283 5298 5326 5330 5331 5329 5327 5326 5325 5324 5323 5324 5322 5343 5347 5322 5319 5313 5314 5320 5316 5319 5316 5311 5309 5316 5326 5328 5348 5366 5382 5397 5365 5362 5377 5381 5380 5375 5370 5366 5359 5354 5353 5352 5353 5351 5351 5351 5351 5349 5350
5364 5362 5359 5353 5344 5332 5325 5319 5314 5313 5316 5325 5340 5341 5331 5314 5315 5331 5354 5385 5372 5348 5332 5318 5308 5307 5283 5284 5280 5285 5288 5292 5288 5284 5281 5288 5331 5333 5330 5325 5323 5321 5319 5323 5330 5336 5342 5336 5344 5335 5329 5336 5355 5348 5333 5327 5322 5317 5330 5360 5362 5363 5368 5369 5365 5357 5360 5374 5383 5383 5374 5369 5365 5362 5360 5358 5355 5354 5351 5349 5350 5350 5349 5348
5355 5353 5353 5353 5336 5319 5313 5309 5305 5304 5309 5343 5352 5339 5325 5306 5305 5317 5333 5345 5350 5339 5326 5314 5299 5282 5280 5279 5279 5284 5285 5291 5299 5289 5278 5281 5308 5332 5324 5320 5319 5319 5320 5327 5333 5345 5356 5352 5364 5360 5354 5388 5376 5356 5341 5333 5334 5340 5356 5394 5391 5383 5370 5364 5363 5360 5364 5373 5379 5375 5367 5361 5356 5357 5354 5353 5351 5349 5348 5348 5349 5350 5350 5348
5348 5346 5343 5339 5307 5303 5302 5300 5298 5299 5305 5350 5367 5324 5298 5296 5299 5305 5308 5306 5319 5324 5317 5309 5296 5286 5286 5282 5285 5295 5299 5297 5307 5295 5284 5269 5280 5292 5302 5307 5310 5314 5319 5324 5328 5335 5322 5365 5378 5380 5377 5372 5339 5320 5332 5335 5342 5359 5377 5343 5368 5369 5364 5362 5359 5368 5372 5373 5376 5376 5364 5356 5350 5347 5346 5344 5344 5344 5344 5344 5346 5347 5349 5348
