real_craters/C092-500m.grd
DSAA
125 125
-31.115 31.115
-31.115 31.115
4286.1608136824 5992.0731457104
[rows 30 to 59 of 125, columns 0 to 66 of 125]
5454.6 5456.61 5458.57 5460.84 5463.81 5470.1 5471.7 5476.95 5480.53 5483.48 5486.85 5491.38 5497.19 5498.35 5490.88 5485.44 5484.99 5477.96 5476.11 5472.21 5470.54 5470.35 5473.52 5475.9 5480.21 5484.67 5492.29 5501.2 5516.96 5527.47 5536.85 5549.28 5545.13 5537.41 5532.55 5530.57 5528.23 5524.22 5518.32 5499.49 5497.52 5496.31 5490.69 5489.97 5487.6 5484.77 5482.34 5484.5 5484.57 5480.98 5483.48 5480.18 5476.36 5476.57 5479.92 5486.08 5489.3 5494.75 5509.47 5515.63 5516.4 5511.17 5516.43 5524.3 5525.8 5510.07 5496.49
5459.82 5461.47 5463.45 5466.45 5470.83 5478.03 5476.06 5482.67 5485.33 5487.45 5490.13 5493.1 5496.37 5497.28 5487.33 5478.15 5473.72 5472.83 5472.41 5472.67 5470.5 5470.6 5471.11 5474.16 5478.78 5486.94 5501.43 5527.27 5558.95 5573.3 5586.33 5599.73 5569.47 5553.5 5544.28 5537.76 5538.11 5537.48 5538.83 5539.39 5515.48 5500.38 5490.57 5485.75 5480.36 5474.88 5475.14 5480.41 5490.65 5499.31 5502.7 5496.55 5490.58 5490.52 5499.23 5519.12 5520.48 5522.75 5517.57 5515.93 5512.4 5510.15 5516.38 5523.94 5521.54 5507.32 5498.73
5463.85 5465.75 5468.32 5471.53 5475.52 5482.87 5491.56 5488.45 5487.47 5488.1 5489.63 5491.22 5491.58 5487.62 5482 5470.82 5465.38 5467.27 5468.53 5469.39 5469.21 5468.11 5469.1 5472.43 5477.15 5484.1 5497.39 5515.91 5529.68 5550.06 5564.53 5569.4 5564.4 5555.26 5547.52 5543.29 5542.67 5542.1 5544.29 5543.13 5518.86 5505.2 5494.7 5487.72 5480.57 5469.91 5472.92 5479.02 5518.27 5533.62 5529.91 5530.86 5527.72 5529.11 5542.51 5547.51 5548.74 5543.14 5530.38 5522.34 5516.6 5516.89 5520.53 5525.34 5520.04 5506.28 5494.24
5467.89 5469.71 5472.28 5475.25 5479.28 5486.65 5490.31 5489.01 5487.45 5486.82 5487.11 5487.86 5488.8 5489.05 5481.18 5471.03 5466.12 5466.08 5466.56 5467.43 5468.32 5470.14 5471.88 5473.22 5474.03 5477.85 5482.71 5491.89 5511.52 5526.23 5535.91 5540.13 5548.32 5549.72 5547.72 5544.53 5542 5538.78 5531.46 5519.72 5517.6 5508.49 5504.71 5502.13 5493.73 5484.42 5487.45 5492.79 5525.7 5545.26 5547.08 5549.18 5547.82 5549.14 5557.63 5572.73 5577.28 5568.1 5545.66 5530.54 5522.4 5519.29 5520.08 5523.92 5521.39 5507.81 5497.07
5471.06 5472.7 5474.79 5477.24 5480.45 5481.69 5483.9 5484.8 5484.54 5483.86 5483.16 5482.65 5482.49 5481.81 5478.23 5475.27 5470.69 5467.21 5466.24 5466.44 5466.91 5468.88 5470.77 5472.38 5474.46 5475 5475.32 5482.19 5507.03 5516.58 5523.86 5531.04 5538.65 5542.55 5542.63 5540.43 5538.28 5534.33 5527.85 5518.32 5505.56 5505.83 5513.73 5515.15 5511.65 5514.76 5514.35 5518.4 5540.45 5547.44 5550.67 5554.2 5552.27 5550.57 5557.4 5575.65 5576.78 5563.56 5548.12 5532.37 5524.45 5517.62 5514.98 5510.26 5511.5 5510.33 5506.92
5473.28 5474.79 5476.44 5477.97 5478.81 5479.98 5479 5480.2 5480.61 5479.5 5478.21 5476.33 5473.59 5469.79 5469.35 5473.06 5470.5 5466.94 5466.31 5466.34 5467.31 5468.57 5470.39 5471.78 5472.55 5474.61 5477.7 5486.67 5501.14 5510.6 5517.92 5527.13 5532.49 5534.55 5535.38 5535.05 5533.62 5531.53 5526.79 5514.91 5498.58 5500.02 5511.38 5518.96 5518.97 5524.54 5526.88 5531.08 5529.08 5538.71 5544.22 5548.79 5548.52 5545.14 5541.49 5556.95 5563.41 5549.75 5535.09 5528.85 5520.48 5513.71 5507.27 5519.56 5521.47 5520.75 5521.01
5474.39 5476.01 5477.46 5478.63 5479.29 5478.91 5477.33 5476.85 5476.5 5475.49 5473.65 5470.58 5466.38 5460.16 5459.71 5464.37 5464.82 5464.76 5465.56 5466.55 5467.66 5467.92 5469.34 5471.03 5473.02 5475.28 5479.37 5486.98 5499.16 5505.01 5511.62 5520.37 5525.36 5527.68 5529.39 5529.93 5528.79 5527.08 5526.71 5514.5 5499.9 5497.43 5505.44 5513.2 5513.44 5516.36 5515.66 5513.59 5520.1 5526.37 5533.77 5537.23 5544.19 5545.39 5544.46 5550.41 5554.2 5552.37 5535.77 5532.35 5527.89 5527.09 5540.62 5536.33 5534.67 5537.46 5528.77
5475.65 5477.08 5478.39 5479.22 5479.4 5478.67 5476.16 5475.43 5474.33 5472.71 5469.72 5466.43 5462.55 5459.56 5458.05 5455.98 5460.09 5462.25 5463.93 5464.51 5465.9 5467.92 5469.92 5471.14 5471.65 5473.42 5477.05 5481.08 5486.16 5488.7 5497.09 5509.04 5516.33 5520.58 5522.96 5522.52 5521.27 5517.78 5511.71 5506.96 5499.6 5497.35 5499.34 5499.38 5502.75 5501.01 5495.75 5494.64 5500.47 5516.69 5529.15 5539.44 5546.41 5553.09 5558.63 5560.69 5571.1 5577.84 5551.75 5541.26 5540.03 5537.71 5534.17 5527.42 5529.6 5530.43 5527.13
5476.26 5478.31 5479.52 5480.74 5481.25 5480.89 5476.94 5476.88 5475.47 5472.84 5469.05 5464.82 5460.62 5458.03 5458.8 5459.38 5459.45 5461.32 5463.69 5465.73 5467.48 5469.34 5469.83 5469.66 5470.63 5470.77 5468.27 5465.07 5462.95 5467.82 5475.82 5493.52 5505.7 5513.92 5518.32 5519.75 5518.85 5513.69 5504.74 5504.06 5502.5 5500.94 5499.2 5498.34 5498.76 5496.46 5493.85 5493.91 5500.37 5513.91 5528.63 5541.47 5550.39 5559.52 5568.73 5567.45 5565.55 5569.04 5552.21 5548.12 5548.21 5546.62 5542.16 5525.06 5525.61 5527.14 5526.87
5476.8 5477.97 5479.33 5480.9 5481.86 5482.3 5481.87 5480.12 5476.72 5472.39 5467.55 5462.22 5457.36 5453.35 5452.89 5455.38 5457.25 5460.45 5463.53 5466.63 5469.1 5469.56 5470.41 5470.59 5471.4 5470.82 5466.86 5455.24 5452.02 5462.58 5475.5 5490.18 5503.06 5510.65 5516.65 5520.19 5520.78 5518.11 5513.47 5510.52 5506.49 5501.84 5502.81 5505.57 5501.75 5497.72 5493.66 5495.29 5504.58 5517.41 5528.03 5540.67 5552.66 5561.95 5563.87 5561.99 5560.73 5563.73 5554.85 5561.62 5565.49 5561.12 5553.33 5532.18 5530.07 5528.42 5531
5476.92 5477.73 5478.46 5478.85 5478.79 5481.01 5484.41 5483.1 5478.75 5473.62 5468.43 5462.99 5456.84 5448.5 5438.58 5446.48 5454.03 5459.1 5462.61 5463.95 5466.8 5468.24 5469.2 5469.76 5469.52 5469.43 5467.75 5460.34 5461.11 5469.7 5479.03 5490.29 5501.36 5508.94 5516.83 5522.68 5526.39 5527.38 5524.6 5521.84 5517.14 5508.33 5509.8 5504.07 5501.43 5503.26 5504.08 5504.72 5513.93 5526.72 5539.19 5549.36 5557.22 5564.24 5571.6 5568.99 5572.42 5575.21 5589.02 5599.02 5604.88 5603.54 5579.09 5556.01 5546.59 5541.4 5542.07
5476.98 5477.27 5477.16 5476.79 5470.93 5469.46 5483.69 5484.83 5478.89 5473.18 5468.54 5464.71 5459.89 5452.41 5444.29 5447.74 5453.84 5457.83 5461.02 5463.98 5466.75 5468.85 5470.41 5470.96 5469.58 5467.78 5464.56 5469.81 5478.29 5485.31 5483.56 5490.05 5494.7 5507.99 5519.19 5527.39 5533.83 5538.87 5538.8 5533.09 5530.13 5532.14 5516.87 5504.71 5501.68 5507.17 5519.64 5521.71 5523.89 5535.53 5559.07 5568.22 5572.82 5573.24 5572.11 5585.29 5622.85 5636.65 5640.09 5635.43 5642.48 5651.63 5624.02 5592.95 5574.44 5561.37 5553.99
5476.74 5476.73 5476.25 5475.22 5476.41 5478.77 5483.79 5482.76 5475.31 5470.75 5468.21 5466.63 5465.63 5464.17 5461.13 5458.65 5458.98 5460.34 5463.09 5465.76 5469.22 5472.16 5474.69 5475.87 5475.85 5472.17 5471.35 5476.76 5490.26 5496.06 5497.25 5501.27 5503.9 5516.25 5524.43 5531.45 5538.76 5544.72 5544.29 5537.73 5531.32 5524.05 5514.29 5503.98 5499.79 5503.52 5508.02 5519.97 5526.43 5538.01 5555.86 5583.09 5603.21 5611.47 5616.18 5694.33 5787.14 5743.21 5692.94 5660.42 5665.47 5654.43 5645.45 5623.73 5613.33 5594.97 5575.31
5476.88 5476.58 5476.53 5476.73 5479.08 5477.24 5473.15 5468.44 5466.38 5466.53 5467.47 5468.84 5471.69 5476.21 5481.08 5470.37 5463.28 5462.2 5464.35 5467.74 5472.02 5476.54 5480.34 5482.77 5485.6 5490.05 5495.94 5509.77 5507.23 5509.38 5516.15 5519.83 5531.78 5528.75 5529.41 5533.74 5539.65 5546.91 5544.59 5535.68 5527.18 5518.88 5510.14 5502.66 5499.37 5503.65 5507.65 5517.7 5525.61 5542.77 5569.54 5613.02 5659.89 5701.75 5753.57 5860.27 5921.11 5849.73 5773.4 5726.68 5707.9 5667.91 5658.81 5672.33 5670.45 5651.71 5634.87
5476.34 5475.71 5476.14 5478.82 5480.45 5473.98 5460.54 5450.87 5457.81 5462.95 5466.32 5469.47 5473.23 5478.48 5483.71 5466.35 5461 5461.22 5464.16 5469.18 5474.64 5480.11 5485.58 5490.84 5495.32 5502.52 5512.11 5520.43 5521.85 5528.96 5527.84 5527.54 5528.15 5528.48 5529.54 5531.67 5535.21 5536.71 5535.65 5529.81 5521.34 5512.39 5507.83 5507.61 5509.49 5514.01 5515.79 5514.84 5528.77 5550.39 5587.54 5654.72 5729.42 5812.48 5887.98 5944.75 5957.45 5856.9 5810.76 5830.11 5744.71 5737.98 5757.78 5758.26 5730.76 5710.17 5708.45
5474.92 5473.18 5472.43 5473.47 5477.09 5469.95 5458.44 5452.21 5455.71 5461.53 5465.86 5468.38 5470.12 5469.79 5463.63 5453.45 5454.49 5457.71 5462.14 5467.79 5474.03 5480.95 5488.37 5496.31 5502.77 5504.44 5508.7 5515.86 5521.73 5526.11 5529.09 5528.92 5528.42 5528.32 5526.49 5526.15 5527.99 5530.11 5528.25 5523.21 5517.54 5512.33 5511.91 5516.39 5524.99 5530.56 5529.73 5529.56 5540.98 5559.24 5600.31 5686.38 5781.9 5874.46 5927.48 5910.93 5812 5732.89 5685 5674.95 5628.64 5645.07 5677.42 5726.66 5687.19 5701.09 5805.81
5471.69 5469.25 5467.56 5467.57 5469.24 5465.1 5459.12 5455 5458.43 5462.86 5466.12 5467.68 5466.59 5461.49 5453.56 5449.21 5449.65 5453.88 5459.33 5466.18 5475.01 5483.51 5493.37 5502.8 5513.46 5521.24 5512.2 5509.38 5517.34 5524.81 5527.53 5526.56 5527.19 5524.4 5518.87 5517.86 5518.5 5521.59 5519.89 5517.94 5515.02 5511.89 5512.52 5524.23 5537.19 5545 5544.17 5545.8 5564.74 5584.5 5625.3 5708.1 5797.82 5885.43 5867.3 5726.53 5618.18 5512.69 5440.62 5379.38 5370.9 5377.65 5403.51 5445.05 5486.45 5541.89 5611.51
5467.1 5464.51 5461.94 5459.88 5458.62 5460.29 5461.56 5462.94 5465.49 5466.2 5467.79 5469.04 5466.77 5459.15 5449.74 5443.74 5446.66 5452.11 5460.14 5468.32 5476.91 5485.92 5495.44 5505.74 5517.84 5526.72 5514.2 5510.47 5517.43 5522.12 5524.67 5519.03 5512.04 5506.55 5507.87 5509.3 5509.1 5507.71 5513.43 5515.53 5514.98 5514.68 5518.57 5532.01 5547.18 5547.42 5542.47 5559.17 5593.38 5637.51 5672.19 5707.41 5753.06 5793.18 5703.62 5500.31 5346 5246.7 5181.23 5123.42 5110.01 5124.72 5154.93 5195.29 5245.96 5303.25 5344.7
5461.9 5459.8 5457.42 5454.42 5453.18 5455.68 5460.72 5470.21 5468.16 5467.54 5470.53 5473.23 5473.3 5467.33 5456.35 5446.08 5447.35 5452.8 5460.18 5468.67 5478.88 5488.04 5497.75 5506.68 5515.28 5520.4 5515.68 5518.3 5525.92 5526.49 5520.76 5510.82 5500.02 5493.21 5499.38 5505.34 5508.26 5510.18 5514.6 5517.03 5517.66 5518.15 5521.72 5534.86 5551.62 5551.15 5548.62 5572.24 5618.39 5655.56 5676.06 5669.2 5657.37 5618.07 5482.16 5289.65 5091.97 5018.87 4959.48 4905.95 4891.34 4909.5 4944.91 4983.19 5025.69 5073.8 5108.89
5457.23 5456.23 5453.89 5450.87 5449.1 5450.45 5452.58 5453.04 5456.32 5463.33 5471.11 5478.68 5484.1 5485.78 5473.19 5455.25 5452.68 5456.89 5463.83 5471.84 5480.68 5489.36 5498.27 5505.91 5511.96 5514.05 5527.56 5527.87 5534.67 5531.23 5517.35 5504.07 5493.67 5489.06 5497.92 5509.77 5517.22 5520.56 5523.27 5523.33 5522.23 5522.91 5527.05 5534.45 5543.33 5556.86 5599.97 5606.9 5639.84 5687.16 5665.41 5604.77 5527.42 5426.62 5269.77 5089.11 4890.04 4814.29 4786.34 4754.47 4742.33 4750.97 4790.39 4811.41 4835.03 4875.34 4920.78
5453.3 5453.71 5453.53 5450.32 5447.36 5445.62 5444.34 5443.18 5447.51 5457.29 5469.74 5483.34 5495.05 5498.35 5486.71 5467.53 5460.02 5462.64 5469.37 5475.79 5484.38 5492.1 5499.56 5505.98 5510.98 5516.15 5515.95 5522.56 5525.19 5518.71 5505.88 5499.57 5493.82 5491.07 5503.49 5520.83 5538.45 5542.85 5536.58 5531.42 5527.13 5525.12 5528.17 5528.73 5535.33 5556.6 5662.51 5630.08 5653.74 5690.36 5643.42 5533.65 5394.66 5240.37 5087.99 4920.38 4745.85 4696.72 4670.23 4642.04 4622.75 4639.35 4673.94 4660.12 4657.91 4703.3 4759.6
5449.6 5450.93 5452.44 5450.77 5447.17 5442.85 5438.86 5436.06 5438.58 5451.19 5467.53 5485.71 5504.58 5516.89 5499.79 5474.54 5464.63 5470.91 5477.58 5483.66 5488.52 5495.07 5500.88 5507.23 5510.9 5515.79 5525.64 5517.65 5512.08 5507.16 5501.44 5501.58 5500.1 5502.61 5513.44 5531.27 5549.72 5554.01 5546.57 5538.22 5530.73 5523.83 5517.87 5519.71 5530.4 5560.07 5638.25 5648.7 5694.69 5751.67 5633.11 5463.89 5276.99 5093.02 4953.48 4812.96 4661.62 4623.99 4595.45 4559.14 4527.79 4516.96 4532.67 4523.58 4522.33 4561.69 4604.96
5446.18 5447.33 5448.19 5448.59 5445.98 5441.26 5435.64 5429.94 5430.7 5445.48 5463.16 5482.56 5504.72 5522.74 5507.12 5485.81 5477.29 5480.43 5484.44 5488.08 5491.79 5495.79 5500.45 5508 5516.77 5521.49 5520.74 5509.95 5498.48 5504.28 5511.6 5510.97 5508.15 5509.65 5519.62 5535.18 5553.55 5556.54 5551.4 5544.45 5536.88 5528.09 5519.37 5522.25 5540.02 5581.23 5651.72 5731.17 5805.99 5807.88 5600.7 5384.95 5186.72 5015.86 4885.33 4710.13 4588.24 4565.26 4539.74 4499 4471.48 4454.3 4433.37 4429.6 4435.51 4462.04 4489.5
5443.68 5444.83 5447.55 5450.47 5446.72 5440.58 5434.99 5430.55 5430.88 5443.81 5458.56 5472.71 5487.57 5504.2 5501.21 5497.75 5496.63 5492.78 5490.7 5489.24 5491.6 5493.86 5498.4 5505.02 5513.22 5509.44 5504.88 5504.05 5501.23 5508.76 5520.4 5517.12 5513.33 5515.04 5523.77 5535.46 5543.35 5552.5 5553.71 5550.22 5544.97 5540.7 5536.44 5545.42 5577.62 5629.55 5697.75 5811.64 5885.55 5706.14 5488.11 5264.68 5060.86 4900.03 4763.57 4659.63 4516.03 4487.72 4470.9 4440.53 4413.03 4407.21 4392.45 4386.05 4391.11 4401.83 4415.88
5441.41 5441.1 5444.07 5448.86 5446.83 5441.72 5437.24 5434.7 5437.76 5446.04 5457.15 5464.21 5461.31 5462.95 5488.53 5502.64 5509.7 5501.85 5493.88 5489.72 5487.54 5490.08 5493.79 5496.67 5499.23 5492.1 5492.21 5505.2 5512.58 5511.8 5511.07 5512.08 5514.98 5518.92 5528.17 5542.74 5551.06 5556.96 5557.59 5556.61 5557.4 5559.55 5568.82 5590.88 5622.81 5700.96 5745.03 5755.85 5695.07 5515.27 5322.32 5106.23 4899.51 4756.4 4641.33 4512.89 4440.88 4413.67 4404.52 4389.53 4372.76 4367.01 4360.91 4357.62 4359.77 4363.54 4371.39
5440.63 5440.5 5442.91 5446.02 5445.49 5442.33 5439.67 5438.98 5441.26 5450.46 5461.83 5469.76 5466.2 5466.02 5489.14 5502.83 5511.48 5502.24 5493.3 5488.71 5486.4 5484.44 5483.78 5484.51 5483.57 5483.18 5489.54 5507.33 5520.24 5511.02 5506.09 5508.34 5517.75 5527.47 5539.49 5557.4 5572.31 5565.39 5562.27 5561.26 5565.05 5571.74 5590.32 5618.53 5644.9 5737.7 5755.58 5656.33 5495.32 5328.97 5149.39 4950.12 4746.08 4623.21 4512.44 4408.04 4386.32 4373.29 4362.26 4351.25 4340.11 4333.64 4332.03 4330.63 4333.12 4335.66 4341.85
5437.72 5440.19 5442.99 5445.41 5444.9 5443.05 5442.14 5443.08 5448.01 5457.25 5469.78 5486.2 5509.43 5510.43 5500.85 5499.4 5498.39 5492.6 5487.79 5484.8 5482.01 5479.32 5475.69 5472.22 5469.41 5475.65 5484.22 5494.36 5502.55 5503.51 5501.5 5506.34 5523.09 5542.02 5561.34 5563.79 5568.47 5566.82 5564.28 5563.74 5568.25 5577.62 5595.82 5621.71 5663.75 5758.44 5776.17 5594.12 5359.67 5171.58 5005.64 4827.5 4642.37 4533.56 4437.45 4367.7 4349.6 4339.24 4328.75 4323.49 4317.08 4312.58 4310.18 4306.66 4308.44 4311.55 4318.2
5432.27 5433.68 5440.35 5444.82 5444.93 5444.35 5443.86 5445.03 5450.84 5458.99 5472.17 5491.42 5510.78 5514.86 5503.76 5492.07 5479.81 5478.71 5481.98 5481.88 5478.6 5474.24 5468.51 5463.5 5463.33 5470.1 5476.4 5483.85 5491.06 5497.16 5501.21 5509.62 5528.94 5548.16 5560.52 5562.13 5563.42 5564.93 5565.64 5567.79 5574.19 5585.59 5602.11 5630.14 5682.53 5840.25 5780.74 5518.87 5262.93 5053.99 4918.59 4779.77 4630.43 4506.66 4408.98 4354.08 4329.39 4317.35 4309.22 4307.95 4305.57 4301.8 4300.79 4297.15 4298.82 4301.38 4302.36
5428.57 5430.99 5438.16 5443.63 5444.29 5443.98 5443.18 5442.59 5442.98 5450.06 5465.86 5485.1 5502.28 5504.14 5497.58 5485.89 5470.61 5470.91 5478.97 5479.48 5475.64 5469.13 5463.28 5456.94 5454.64 5461.71 5469.39 5474.8 5485.27 5495.41 5505.02 5519.82 5534.09 5552.44 5565.28 5564.88 5562.38 5563.98 5568.78 5573.88 5580.98 5593.87 5615.8 5651.83 5757.69 5883.96 5678.97 5426.44 5168.83 4980.4 4878.71 4786.88 4678.1 4539.52 4423.24 4350.3 4318.56 4306.48 4303.44 4301.47 4302.96 4302.24 4306.66 4300.35 4297.64 4297.02 4293.05
5431.87 5435.56 5442.3 5445.27 5445.01 5443.24 5441.65 5440.19 5438.53 5442.6 5455.79 5471.42 5490.68 5491.39 5490.38 5487.23 5479.19 5480.75 5486.11 5481.91 5475.58 5468.77 5461.85 5457.97 5455.86 5457.65 5468.68 5477.66 5487.55 5497.19 5505.46 5511.67 5534.69 5556.54 5577.85 5570.73 5563.55 5562.59 5564.71 5570.66 5580.44 5595.9 5631.59 5689.82 5833.74 5844.74 5566.72 5329.48 5099.1 4943.34 4863.17 4794.25 4702.98 4549.7 4390.27 4331.43 4307.47 4299.88 4298.88 4296.69 4305.32 4336.63 4326.89 4310.57 4301.35 4296.09 4289.5
