real_craters/C092-300m.grd
DSAA
208 208
-31.115 31.115
-31.115 31.115
4286.1489149626 5987.9284259198
[rows 150 to 179 of 208, columns 134 to 200 of 208]
5382.85 5381.17 5379.46 5377.66 5375.83 5374.9 5374.19 5372.91 5371.74 5371.11 5371.65 5373.55 5377.88 5380.29 5383.62 5387.04 5390.14 5392.88 5395.53 5401.23 5407.61 5412.64 5414.93 5417.62 5424.06 5429.14 5434.11 5439.31 5445.99 5455.05 5446.07 5425.9 5407.88 5392.58 5379.19 5374.13 5376.52 5378.3 5377.77 5375.57 5371.86 5367.37 5361.96 5356.78 5353.63 5352.66 5353.19 5354.22 5355.02 5358.46 5359.92 5360.97 5363.78 5364.63 5362.4 5362.99 5363.42 5363.94 5364.4 5364.2 5364.21 5364.71 5367.27 5368.02 5368.45 5368.63 5368.69
5380.71 5378.57 5376.51 5374.59 5373.59 5373.46 5374.38 5372.16 5371.52 5372.28 5374.41 5377.67 5381.43 5384.07 5385.81 5386.91 5387.69 5388.54 5391.21 5394.82 5399.58 5403.28 5405.12 5408.33 5415.01 5420.39 5425.29 5429.92 5434.74 5439.03 5438.14 5423.18 5406.48 5388.21 5369.74 5367.49 5371.55 5374.23 5374.24 5372.84 5370.02 5365.43 5359.82 5354.81 5352.28 5351.46 5352.27 5353.52 5355.71 5356.96 5358.08 5360.57 5364.42 5365.33 5362.18 5362.73 5363.13 5363.39 5363.35 5362.76 5362.73 5363.95 5367.5 5368.52 5369.11 5369.35 5369.46
5378.53 5376.27 5373.78 5371.41 5369.9 5369.23 5369.27 5368.74 5369.75 5372.08 5375.96 5380.74 5385.31 5388.08 5388.29 5387.33 5386.15 5384.72 5384.52 5389.05 5393.71 5397.34 5399.93 5402.86 5408.38 5412.83 5416.35 5418.78 5420.48 5421.12 5423.88 5417.27 5403.09 5381.71 5363.24 5368.9 5373.4 5375.27 5374.48 5372.22 5368.96 5364.48 5358.79 5353.58 5351.28 5351.41 5351.04 5352.13 5352.92 5355.73 5356.9 5359.21 5360.58 5364.03 5361.59 5362.25 5362.47 5362.9 5363.17 5363.57 5364.09 5364.28 5367.38 5368.26 5368.79 5369 5368.99
5376.36 5373.61 5370.44 5367.72 5365.21 5363.32 5362.13 5363.14 5365.88 5370.06 5375.8 5382.71 5390.23 5392.99 5390.35 5387.51 5385.38 5383.94 5383.69 5386.39 5389.77 5393.17 5396.75 5401.2 5403.62 5406.07 5407.84 5408.3 5407.53 5408.64 5414.51 5416.13 5412.34 5405.6 5391.28 5384.18 5381.82 5379.83 5377.05 5373.29 5368.68 5363.81 5358.72 5354.21 5351.73 5351.18 5351.13 5351.55 5352.41 5353.68 5354.4 5353.64 5355.21 5361.46 5359.94 5360.81 5361.56 5362.23 5362.99 5364.19 5365.37 5365.07 5366.38 5367.14 5367.43 5367.58 5367.5
5374.84 5371.28 5367.15 5363.72 5360.24 5357.19 5355.44 5356.84 5361 5366.69 5373.3 5381.28 5390.47 5393.83 5389.34 5386.13 5384.18 5383.46 5384.36 5385.29 5387.4 5390.21 5393.17 5396.12 5398.67 5400.81 5401.72 5400.76 5397.84 5398 5412.79 5417.1 5422.18 5430.85 5416.07 5401.46 5393.33 5387.18 5380.76 5375.15 5369.61 5364.29 5359.09 5356.39 5352.65 5350.2 5349.3 5349.17 5349.63 5350.31 5350.9 5351.08 5352.47 5358.28 5358.61 5359.63 5360.64 5361.62 5362.41 5363.65 5364.52 5364.94 5366.03 5364.85 5364.74 5364.52 5364.31
5372.88 5368.58 5364.05 5359.85 5355.57 5351.53 5348.57 5350.34 5355.76 5362.09 5369.01 5376.16 5382.38 5384.82 5384.08 5382.7 5381.7 5381.29 5382.03 5383.58 5385.56 5388.01 5390.18 5391.34 5394.52 5397.27 5398.76 5398.13 5396.02 5396.83 5406.76 5414.47 5419.64 5422.77 5418.99 5412.79 5403.11 5393.84 5385.57 5377.65 5370.32 5363.63 5357.87 5353.63 5350.88 5348.22 5346.87 5346.95 5346.77 5347.95 5348.68 5347.22 5348.58 5355.44 5356.53 5357.67 5359.11 5360.26 5361.46 5362.54 5363.34 5364.31 5365.41 5362.92 5362.51 5362.17 5361.85
5370.92 5366.03 5360.92 5356.08 5351.66 5347.46 5344.26 5345.7 5351.22 5357.62 5363.97 5369.87 5373.94 5375.72 5377.51 5378.47 5378.56 5378.88 5379.78 5381.68 5383.78 5386.24 5388.79 5392.49 5395.22 5396.49 5398.32 5399.64 5400.84 5403.97 5409.46 5413.44 5413.71 5414.27 5427.89 5420.93 5409.88 5398.75 5388.57 5379.14 5370.74 5362.8 5355.76 5350.73 5347.85 5346.12 5344.09 5343.4 5343.5 5344.6 5345.4 5345.23 5346.93 5348.66 5355.74 5355.76 5357.15 5358.71 5359.95 5361.28 5362.36 5363.35 5364.47 5362.76 5362.51 5362.15 5361.81
5369.12 5363.24 5358.23 5353.04 5348.55 5344.56 5341.89 5342.95 5347.82 5353.99 5359.86 5364.84 5368.24 5368.73 5373.15 5375.55 5375.94 5375.51 5377.28 5379.85 5382.04 5384.36 5386.94 5389.92 5392.34 5395.45 5399.28 5403.78 5407.65 5411.87 5416.85 5414.76 5409.93 5408.5 5428.81 5424.99 5414.55 5402.76 5391.06 5379.16 5369.32 5360.72 5353.58 5347.66 5344.72 5342.87 5341.01 5340.35 5340.15 5340.49 5341.32 5343.85 5345.3 5347.05 5354 5353.41 5355.09 5356.64 5358.24 5359.55 5360.98 5361.71 5362.58 5362.02 5361.87 5361.47 5360.97
5365.68 5360.32 5355.28 5350.16 5346.03 5342.52 5339.9 5340.47 5345.76 5351.62 5357.28 5362.32 5367.01 5370.11 5373.27 5375.3 5375.79 5375.1 5376.75 5379.14 5380.86 5382.69 5384.7 5386.54 5388.42 5393.29 5398.96 5407.11 5417.48 5420.45 5418.56 5414.57 5409.76 5410.19 5426.5 5425.79 5415.74 5403.16 5390.66 5379.03 5368.3 5359.28 5351.51 5345.63 5342.5 5341.03 5340.02 5339.59 5339.62 5340.76 5340.25 5343.55 5344.81 5345.35 5344.68 5350.37 5352.38 5354.38 5356.3 5357.61 5357.88 5359.08 5360.51 5361.15 5360.98 5360.42 5359.75
5361.43 5356.01 5350.98 5346.53 5343.17 5340.82 5339.5 5340.77 5344.8 5350.15 5355.83 5361.29 5367.35 5372.11 5374.86 5377.05 5378.24 5378.88 5378.73 5379.18 5379.85 5380.96 5382.59 5384.65 5387.45 5389.92 5394.14 5402.88 5417.85 5421.9 5419.88 5417.71 5412.67 5413.85 5428.65 5425.4 5413.26 5400.98 5388.43 5377.09 5366.91 5357.08 5349.09 5343.61 5340.69 5339.8 5338.83 5338.63 5339.2 5339.64 5340.02 5344.52 5345.39 5346.09 5346.05 5347.67 5349.56 5352.27 5354.42 5356.63 5358.16 5359.33 5359.23 5360.2 5359.66 5358.64 5357.66
5355.53 5350.23 5345.96 5342.2 5339.58 5338.5 5338.83 5340.46 5344.49 5349.2 5354.8 5360.84 5367.85 5372.67 5376.99 5379.65 5380.65 5381.14 5380.02 5379.02 5378.41 5378.41 5379.28 5381.44 5385.08 5383.45 5383.49 5386.76 5394.49 5406.21 5418.43 5422.8 5412.48 5413.52 5423.64 5418.59 5406.8 5396.13 5385.62 5375.3 5364.42 5354.84 5346.68 5341.55 5339.84 5339.38 5338.58 5338.36 5338.08 5338.57 5339.07 5339.64 5344.47 5342.26 5343.32 5344.72 5346.9 5349.55 5352.57 5355.13 5356.59 5356.85 5358.79 5359.81 5358.49 5356.7 5355.29
5348.23 5344.2 5340.75 5338.6 5336.63 5336.21 5337.79 5341.73 5343.71 5347.48 5353.3 5360.22 5368.52 5375.91 5380.61 5382.37 5382.69 5381.99 5380.2 5378.18 5376.29 5375.2 5374.44 5374.31 5374.14 5372.59 5370.4 5367.57 5366.83 5384.12 5401.17 5406.6 5392.36 5393.43 5401.57 5400.02 5394.25 5387.25 5379.42 5370.87 5362.47 5355.08 5347.25 5342.36 5340.5 5339.77 5338.83 5338.52 5338.46 5338.29 5339.17 5339.33 5342.74 5339.8 5340.41 5341.28 5343.43 5346.46 5350.66 5354.55 5357.51 5358.74 5360.29 5359.16 5356.11 5352.93 5350.99
5342.51 5339.79 5337.23 5334.98 5333.16 5332.64 5333.74 5338.36 5339.45 5343.52 5350.33 5358.49 5367.82 5376.09 5381.78 5384.12 5384.19 5382.71 5379.75 5376.51 5373.51 5371.2 5368.96 5366.39 5363.97 5362.14 5360.67 5357.98 5357.54 5370.15 5379.49 5376.14 5366.82 5370.66 5375.63 5379.33 5380.34 5377.11 5372.01 5366.15 5359.65 5354.26 5348.53 5343.93 5341.78 5340.31 5339.16 5338.56 5338.15 5338.35 5337.91 5339.75 5340.41 5336.14 5336.11 5337.47 5338.93 5341.73 5346.42 5352.77 5359.7 5363.54 5363.85 5358.31 5351.78 5346.98 5344.92
5336.07 5334.58 5332.87 5330.92 5329.96 5328.35 5327.07 5325.3 5329.88 5337.68 5346.26 5355.23 5365.27 5374.64 5381.68 5384.21 5385.41 5382.96 5378.25 5374.14 5370.91 5367.65 5364.29 5360.1 5355.67 5354.53 5357.39 5358.87 5361.69 5367.5 5371.23 5368.17 5353.35 5358.48 5366.27 5371.45 5370.54 5368.33 5365.41 5361.52 5356.06 5352.42 5347.79 5344.87 5342.92 5341.3 5340.29 5339.83 5338.9 5340.22 5339.23 5338.28 5333.76 5333.36 5331.87 5331.37 5331.62 5333.74 5338.49 5346.97 5359.82 5373 5368.12 5352.76 5341.94 5336.43 5335.44
5331.5 5330.41 5329.14 5327.29 5326.03 5324.43 5322.09 5319.51 5323.64 5333.02 5342.17 5350.81 5360.29 5370.29 5379.03 5379.51 5379.88 5378.21 5373.93 5370.26 5367.11 5364.32 5361.1 5357.71 5354.58 5355.53 5361.3 5365.22 5368.7 5371.8 5371.6 5365.87 5354.25 5356.46 5360.98 5362.39 5362.53 5361.69 5359.88 5357.19 5356.41 5352.28 5348.47 5345.86 5344.39 5342.68 5341.71 5342.39 5339.8 5339.33 5337.66 5335.77 5330.01 5328.65 5325.97 5323.76 5322.33 5322.29 5324.88 5331.76 5345.9 5368.16 5355.89 5334 5323.2 5320.53 5323.09
5326.35 5325.89 5325.3 5324.76 5323.94 5322.94 5321.5 5319.46 5322.8 5331.46 5338.73 5345.14 5351.83 5359.38 5366.39 5367.05 5368.18 5368.27 5366.94 5365.16 5363.45 5361.54 5359.93 5358.64 5358.35 5362.08 5372.7 5378.21 5381.01 5381.83 5378.07 5370.9 5361.24 5361.74 5359.71 5356.64 5357.45 5357.2 5356.32 5354.55 5354.92 5352.11 5350.66 5347.7 5345.99 5344.51 5343.34 5341.82 5341.03 5338.95 5336.7 5334.14 5332.41 5324.32 5320.21 5316.67 5312.54 5308.71 5305.79 5305.14 5309.02 5316.64 5309.9 5295.69 5293.84 5299.48 5308.56
5321.92 5321.87 5321.95 5322.01 5322.13 5322.73 5323.98 5326.1 5329.81 5333.47 5336.2 5339.27 5341.83 5343.64 5343.29 5348.44 5356.12 5358.16 5358.91 5359.55 5359.95 5359.75 5359.93 5360.85 5364.05 5373.53 5389.69 5408.03 5405.91 5395.25 5386.85 5383.23 5380.89 5373.45 5366.25 5360.47 5357.01 5355.58 5354.74 5353.33 5354.44 5350.78 5347.39 5347.77 5347.24 5346.17 5345.21 5343.56 5341.55 5339.16 5337.61 5334.34 5330.38 5321.63 5316.48 5310.29 5303.01 5294.52 5284.57 5272.75 5259.41 5247.96 5237.92 5241.67 5258.78 5277.54 5294.98
5319.18 5319.61 5319.57 5320.26 5321.16 5322.92 5326.05 5332.51 5339.93 5334.5 5333.38 5333.25 5332.87 5331.19 5327.97 5332.43 5340.06 5346.36 5351.13 5354.78 5357.34 5359.52 5361.57 5363.92 5367.46 5374.41 5398.56 5425.53 5420.13 5401.48 5390.06 5387.76 5393.36 5384.85 5373.35 5362.46 5357.18 5355.79 5354.68 5353.62 5353.84 5351.5 5348.38 5349.37 5349.35 5348.61 5347.27 5345.48 5344.25 5341.48 5337.63 5333.83 5325.3 5319.85 5313.44 5305.22 5295.77 5283.6 5267.64 5245.81 5215.28 5173.45 5152.23 5190.96 5230.59 5261.98 5286.43
5317.51 5317.96 5317.51 5318.54 5319.59 5321.93 5325 5328.2 5328.4 5330.31 5329.48 5328.15 5326.47 5324.43 5322.93 5323.31 5327.36 5337 5345.28 5351.4 5356.17 5359.97 5363.48 5367.56 5371.27 5376.13 5397.65 5418.38 5410.62 5393.33 5381.56 5385.53 5399.83 5392.68 5378.9 5366.52 5359.84 5357.55 5356.5 5355.28 5355.42 5353.92 5352.34 5352.12 5351.81 5350.85 5350.02 5348.57 5345.91 5342.57 5338.88 5334.6 5325.52 5319.8 5312.88 5303.24 5292.82 5279.46 5261.24 5235.84 5200.06 5153.67 5128.55 5175.15 5224.12 5260.25 5286.52
5315.27 5316.18 5316.05 5316.8 5317.41 5319.49 5322.03 5324.64 5324.51 5327.07 5326.06 5324.31 5322.56 5320.63 5319.33 5319.67 5324.15 5333.4 5342.26 5349.24 5354.89 5359.56 5364.79 5370.44 5377.3 5386.18 5395.84 5399.29 5389.54 5375.27 5362.91 5366.65 5401.01 5395 5381.84 5370.27 5362.89 5360.73 5360.08 5359.26 5358.09 5354 5354.16 5355.94 5355.55 5354.66 5352.48 5349.57 5347.09 5343.44 5339.46 5331.92 5327.5 5321.15 5314.22 5304.25 5294.8 5282.39 5266.75 5245.67 5218.72 5185.88 5165.24 5205.9 5246.82 5275.62 5296.71
5313.44 5313.72 5314.73 5315.5 5315.56 5317 5318.13 5322.01 5329.79 5324.77 5321.82 5320.6 5319.86 5319.13 5318.68 5319.91 5326.09 5334.96 5343.54 5350.47 5355.8 5360.5 5365.14 5370.65 5379.61 5393.48 5390.44 5368.84 5364.69 5357.61 5347.96 5354.27 5388.3 5388.23 5379.9 5370.85 5364.83 5364.54 5365.55 5366.23 5365.16 5361.91 5361.79 5363.08 5361.7 5359.24 5356.21 5352.76 5349.11 5345.18 5341.03 5333.43 5328.02 5322.44 5317.1 5308.36 5300.05 5291.1 5281.13 5270.8 5261.19 5255.6 5258.34 5278.57 5292.13 5303.74 5313.97
5311.9 5311.87 5312.07 5312.25 5312.58 5312.63 5313.3 5314.75 5315.61 5315.25 5315.75 5317.15 5318.75 5320.05 5321.25 5323.56 5331.53 5340.91 5348.21 5353.43 5357.72 5361.62 5365.2 5368.47 5371.89 5373.49 5360.16 5346.2 5347.84 5348.2 5348.03 5355.17 5371.2 5378.07 5375.69 5370.99 5368.51 5368.67 5372.15 5376.4 5378.26 5376.35 5374.55 5372.62 5368.84 5364.71 5360.64 5356.82 5352.8 5348.72 5341.58 5336.29 5331.69 5326.95 5320.5 5314.81 5309.47 5304.57 5300.59 5300.03 5306.91 5328.29 5367.07 5360.84 5339.85 5332.94 5332.29
5310.51 5310.63 5310.38 5311.1 5310.45 5310.04 5308.77 5306.76 5302.8 5304.38 5309.62 5314.39 5319.07 5323.89 5328.22 5332.38 5344.68 5351.43 5355.52 5358.41 5360.35 5362.62 5363.7 5364.04 5361.81 5354.98 5346 5342.14 5341.77 5344.2 5352.8 5359.67 5367.51 5372.02 5372.04 5369.39 5366.79 5370.99 5378.58 5387.2 5395.95 5399.69 5389.94 5382.31 5375.17 5369.51 5364.47 5359.91 5355.32 5349.75 5345.65 5340.96 5336.85 5332.65 5327.18 5323.15 5319.48 5317.55 5318.32 5323.68 5337.43 5363.77 5403.01 5391.57 5364.68 5351.92 5345.93
5310.76 5310.76 5310.29 5310.13 5309.2 5307.69 5305.41 5302.07 5297.72 5299.55 5306.3 5312.9 5320.24 5329.62 5341.39 5354.39 5366.82 5365.06 5362.65 5362.12 5361.88 5362.89 5362.53 5360.22 5356.57 5349.54 5343.2 5342.14 5340.58 5340.8 5341.63 5352.78 5362.35 5368.6 5370.95 5369.82 5366.72 5374.42 5384.03 5394.01 5407.8 5416.83 5399.25 5387.75 5379.05 5372.48 5367.02 5362.24 5358.04 5352.61 5348.54 5344.56 5340.9 5337.23 5332.75 5329.78 5328.65 5328.34 5330.11 5336.97 5348.73 5363.66 5371.94 5370.17 5364.53 5358.18 5352.98
5310.85 5310.4 5309.86 5309.04 5307.91 5306.09 5303.76 5301 5300.13 5301.95 5305.64 5311.85 5320.09 5331.95 5351.41 5387.21 5388.24 5373.88 5367.41 5364.69 5362.87 5363.3 5363.44 5360.94 5356.35 5349.33 5342.04 5341.97 5343.13 5342.86 5343.54 5353.05 5362.92 5369.63 5373.35 5376.29 5379.51 5384.75 5388.4 5392.27 5398.12 5401.64 5393.99 5386.27 5379.25 5373.35 5368.45 5363.93 5358.7 5354.71 5350.9 5347.19 5343.99 5339.8 5337.95 5336.05 5335.3 5336 5339.21 5343.1 5350.55 5357.05 5357.79 5357.32 5358.88 5357.89 5355.27
5310.84 5310.09 5308.64 5307.56 5306.95 5304.75 5302.81 5300.77 5300.09 5301.27 5304.84 5310.29 5317.39 5326.63 5339.14 5361.93 5374.42 5366.95 5363.69 5362.95 5363.7 5364.54 5365.32 5365.21 5362.01 5355.44 5346.21 5347.47 5351.09 5353.85 5353.67 5359.28 5365.26 5370.87 5376.32 5383.38 5393.41 5395.86 5389.75 5385.25 5379.16 5379.52 5382.87 5380.89 5377.09 5372.92 5368.79 5363.98 5360.19 5356.6 5352.64 5349.4 5346.67 5344.07 5342.27 5340.65 5340.39 5341.25 5344.02 5346.73 5350.56 5353.17 5353.47 5353.29 5354.77 5355.89 5355.08
5311.79 5309.61 5307.18 5306.64 5304.77 5302.65 5301.47 5300.5 5299.36 5299.63 5303.77 5308.94 5313.89 5318.25 5320.36 5323.2 5339.18 5349.7 5355.44 5359.05 5362.38 5365.29 5368.54 5370.52 5370.27 5368.24 5364.41 5362.45 5360.4 5366.22 5370.87 5366.1 5366.89 5370.41 5377.3 5384.61 5392.31 5392.93 5385.85 5379.57 5373.05 5372.4 5375.61 5375.65 5374.01 5371.34 5367.66 5364.3 5360.83 5357.43 5354.5 5352.32 5349.76 5347.53 5345.85 5344.58 5344.01 5343.99 5345.59 5347.98 5349.95 5351.35 5351.49 5351.01 5352.34 5354.21 5354.27
5313.09 5310.07 5308.1 5306.27 5304.08 5302.46 5300.88 5300.69 5300.46 5300.55 5304.93 5309.05 5312 5313.76 5313.76 5313.49 5321.73 5337.13 5347.47 5355.11 5361.35 5366.04 5370.62 5375.19 5378.33 5382.47 5381.8 5368.41 5362.86 5362.19 5364.86 5366.85 5369.05 5372.36 5378.33 5381.99 5382.3 5378.82 5379.15 5376.55 5373.13 5372.16 5372.87 5372.64 5371.74 5369.2 5366.63 5363.84 5361.61 5358.93 5356.42 5353.82 5351.07 5349.47 5348.04 5346.37 5345.93 5346.73 5347.13 5348.65 5349.78 5350.34 5350.76 5349.88 5351.5 5352.5 5353.38
5314.53 5312.6 5312.52 5307.64 5305.86 5304.24 5303.2 5303.09 5304.46 5307.87 5308.85 5311.17 5313.4 5314.49 5314.25 5314.3 5319.01 5331.93 5342.62 5351.8 5359.64 5365.25 5372.04 5378.46 5385.41 5390.72 5385.94 5368.57 5362.65 5357.47 5360.18 5365.87 5371.94 5378.49 5380.52 5380.55 5378.38 5375.8 5376.32 5375.77 5374.06 5372.89 5372.28 5371.18 5369.84 5368.17 5366.45 5364.05 5361.71 5359.01 5356.85 5355 5351.12 5349.85 5348.69 5348.25 5347.91 5348.53 5349.37 5350.2 5350.99 5350.51 5351.42 5351.9 5352.1 5352.08 5352.67
5317.01 5316.55 5315.82 5313.5 5311.91 5310.05 5308.27 5307.4 5307.98 5310.35 5311.74 5314.57 5318.07 5320.18 5320.07 5320.47 5324.93 5334 5344.1 5353.17 5359.91 5366.84 5373.31 5380.46 5387.97 5394.77 5391.83 5379.99 5365.75 5357.57 5359.2 5365.04 5372.2 5379.46 5380.99 5380.93 5379.85 5377.8 5377.92 5377.03 5375.41 5373.59 5372.79 5370.54 5368.78 5367.15 5365.12 5363.15 5361.36 5357.74 5355.7 5353.5 5352.06 5350.91 5350.22 5349.93 5350.66 5351.02 5351.45 5351.2 5351.81 5350.82 5351.52 5352.09 5351.76 5351.44 5351.87
