real_craters/C092-500m.grd
DSAA
125 125
-31.115 31.115
-31.115 31.115
4286.1608136824 5992.0731457104
[rows 90 to 119 of 125, columns 0 to 66 of 125]
5390.13 5385.04 5379.48 5374.32 5369.22 5365.87 5363.05 5360.48 5359.55 5358.11 5358.16 5359.17 5361.08 5361.34 5360.33 5360.37 5360.3 5359.85 5359.35 5362.44 5371.07 5372.58 5376.18 5372.35 5369.4 5369.41 5370.69 5372.04 5373 5372.93 5373.07 5369.66 5373.57 5376.99 5376.35 5378.66 5384.87 5389.09 5389.48 5381.92 5373.54 5381.67 5388.51 5398.35 5408.08 5405.08 5404.68 5407.19 5410.71 5420.89 5426.55 5426.65 5419.98 5413.16 5411.51 5407.85 5412.43 5425.18 5437.3 5447.39 5453.73 5449.21 5423.5 5405.53 5396.07 5390.69 5392.06
5387.45 5381.91 5375.27 5368.26 5364.95 5362.97 5360.71 5358.61 5357.5 5356.46 5356.24 5355.93 5355.11 5353.26 5356.79 5359.14 5361.06 5361.49 5362.61 5364.12 5361.28 5357.42 5357.01 5355.25 5358.84 5361.22 5362.37 5363.25 5364.16 5365.77 5368.44 5373.86 5373.45 5375.7 5377.6 5379.63 5381.76 5380.13 5375.17 5367.47 5361.64 5366.58 5375.07 5383.14 5388.16 5391.4 5390.35 5390.06 5396.75 5409.78 5418.08 5414.31 5406.31 5399.85 5407 5405.31 5408.47 5418.71 5427.44 5434.73 5440.29 5439.82 5406.41 5393.93 5393.14 5397.78 5405.66
5385.55 5380.18 5373.98 5367.84 5364.59 5362.56 5360.13 5357.7 5356.31 5355.21 5354.71 5353.89 5353.03 5353.28 5354.9 5357.7 5360.98 5364.88 5366.95 5362.04 5355.38 5346.16 5350.78 5352.46 5354.76 5358.36 5359.7 5359.98 5359.57 5360.75 5362.04 5369.46 5369.76 5374.34 5380.72 5382.54 5382.44 5373.66 5362.4 5355.1 5352.05 5353.22 5364 5373.78 5378.76 5380.25 5378.67 5376.97 5390.49 5402.65 5401.46 5408.53 5411.6 5415.06 5418.9 5418.8 5415.75 5415.64 5417.35 5418.81 5416.64 5401.16 5390.39 5384.82 5386.74 5397.07 5407.26
5384.57 5379.95 5374.77 5370.1 5366.76 5364.85 5361.87 5358.24 5355.65 5355.77 5355.42 5354.2 5352.9 5352.45 5354.02 5357.31 5362.91 5368.82 5375.41 5379.44 5363.4 5354.63 5354.49 5356.03 5357.37 5358.23 5358.08 5356.43 5354.41 5352 5348.86 5347.82 5358.75 5368.6 5381.53 5397.51 5381.08 5367.09 5356.16 5348.36 5344.05 5346.47 5355.83 5367.79 5373.75 5372.07 5370.44 5369.6 5376.57 5390.19 5397.84 5406.06 5418.7 5435.18 5430.78 5427.09 5416.65 5410 5406.08 5402.85 5397.89 5393.11 5380.4 5371.68 5371.82 5375.56 5374.09
5384.02 5379.7 5376.16 5373.13 5371.06 5369.56 5366.9 5362.76 5360.38 5360.26 5358.26 5355.95 5352.86 5349.42 5350.55 5354.6 5359.23 5365.7 5374.81 5383.29 5369.23 5358.99 5358.66 5361.45 5360.52 5357.96 5354.73 5351.68 5348.5 5345.18 5341.29 5338.32 5348.24 5357.56 5366.41 5371.49 5364.69 5356.06 5348.32 5339.69 5332.8 5338.2 5348 5354.79 5362.01 5365.31 5365.42 5363.52 5363.74 5372.6 5382.6 5394.79 5408.03 5417.21 5417.07 5415.52 5406.86 5399.24 5392.95 5386.84 5380.16 5372.09 5357.1 5348.51 5354.42 5358.11 5361.51
5383.51 5380.21 5377.93 5376.94 5376.68 5376.9 5375.71 5371.74 5369.68 5367.91 5363.94 5358.69 5354.26 5351.15 5349.62 5349.73 5351.99 5355.73 5361.28 5366.55 5363.84 5352.44 5364.55 5370.97 5363.95 5357.22 5351.52 5346.5 5342.28 5339.77 5339.12 5340.5 5341.03 5344.89 5347.2 5343.13 5343.57 5342.16 5338 5333.64 5329.44 5334.76 5344.93 5353.35 5358.64 5361.41 5362.21 5363.71 5360.91 5359.49 5371.54 5383.84 5387.12 5386.43 5389.28 5389.54 5388.9 5384.23 5378.19 5370.6 5362.17 5352.37 5343.08 5341.17 5341.63 5342.9 5343.61
5383.18 5380.5 5378.9 5378.94 5380.07 5384.7 5388.85 5387.33 5384.83 5379.15 5371.08 5362.63 5354.83 5348.84 5344.3 5341.87 5341.44 5342.01 5340.25 5338.84 5337.65 5335.34 5358.5 5369.58 5361.32 5354.73 5347.98 5342.22 5336.65 5332.97 5330 5330.22 5332.99 5334.7 5334.75 5333.04 5331.52 5330.59 5328.68 5328.87 5327.92 5333.61 5345.46 5355.29 5359.09 5358.99 5358.17 5357.75 5360.86 5359.87 5360.48 5364.71 5367.53 5369.45 5371.81 5372.87 5371.24 5367.92 5362.61 5355.68 5346.59 5336.4 5330.19 5332.68 5331.94 5329.42 5325.61
5383.34 5380.46 5378.28 5377.33 5381.5 5389.25 5404.24 5416.03 5405.21 5390.16 5376.55 5364.79 5354.07 5344.5 5338.38 5334.82 5331.92 5329.81 5326.07 5323.69 5324.28 5326.23 5339.7 5351.26 5352.28 5349.07 5341.36 5336.26 5331.45 5326.73 5324.31 5323.48 5325.7 5327.18 5327.11 5326.33 5324.5 5321.29 5318.14 5317.07 5318 5328.38 5345.32 5360.59 5358.82 5355.66 5352.35 5350.33 5352.81 5348.49 5346.4 5347.39 5348.23 5350.45 5353.09 5356.16 5356.41 5354 5349.79 5344.04 5336.39 5328.41 5325.08 5330.56 5326.17 5321.19 5314.62
5383.02 5380.24 5377.49 5374.54 5374.7 5388.43 5409.54 5428.07 5413.25 5394.3 5378.69 5365.03 5353.26 5343.32 5336.4 5330.94 5326.66 5323.26 5319.5 5322.55 5326.87 5329.32 5332.39 5338.15 5341.4 5341.15 5338.14 5332.82 5326.84 5322.26 5319.02 5318.6 5320.47 5321.94 5321.81 5320.33 5317.36 5314.61 5309.46 5307.05 5306.53 5318.46 5335.92 5354.12 5351.1 5349.43 5347.98 5347.07 5345.54 5336.62 5332.22 5326.96 5331.85 5333.46 5334.27 5342.07 5344.69 5343.72 5341.13 5337.26 5331.67 5325.06 5320.56 5325.61 5321.48 5317.76 5316.75
5384.14 5381.35 5378.36 5375.39 5374.17 5384.5 5399.7 5411.03 5401.63 5388.43 5375.42 5362.55 5351.36 5341.26 5333.51 5328.82 5324.37 5320.91 5320.56 5331.45 5344.33 5340.89 5328.76 5336.97 5338.54 5338.49 5334.47 5329.49 5324.26 5318.37 5313.79 5314.39 5316.28 5318.96 5320.03 5319.75 5316.36 5312.7 5305.26 5302.39 5302.89 5305.94 5311.54 5321.32 5333.91 5341.28 5345.69 5346.43 5343.49 5333.07 5327.7 5322.01 5323.03 5330.14 5340.87 5336.39 5336.3 5335.18 5333.69 5331.12 5328.38 5326.55 5326.09 5314.16 5313.98 5316.11 5314.8
5384.84 5381.69 5379.61 5378.25 5378.62 5381.82 5383.09 5381.59 5382.84 5376.33 5367.76 5358.68 5349.21 5340.19 5333.59 5329.11 5325.91 5323.81 5324.64 5344.15 5362.87 5370.8 5371.63 5343.23 5341.14 5338.59 5335.25 5330.26 5325 5317.33 5311.07 5312.54 5314.96 5316.97 5320.54 5323.76 5327.71 5313.39 5302.71 5298.15 5298.27 5295.15 5292.7 5300.1 5320.27 5335.5 5344.92 5347.41 5339.93 5339.57 5333.96 5319.68 5318.26 5322.35 5327.28 5327.89 5328.84 5328.51 5328.46 5327.39 5326.36 5325.99 5327.39 5314.55 5314.44 5319.41 5323.38
5387.22 5383.62 5380.54 5380.33 5382.29 5379.5 5372.7 5369.26 5368.56 5366.56 5361.22 5354.31 5346.89 5339.26 5333.39 5330.8 5330.24 5331.61 5329.63 5350.97 5376.17 5396.57 5361.6 5351.35 5346.74 5341.78 5336.57 5331.73 5326.99 5321.12 5315.52 5314.45 5316.12 5316.35 5318.71 5319.2 5316.73 5307.48 5299.85 5296.24 5293.51 5289.47 5286.3 5295.35 5315.76 5335.73 5348.7 5354.71 5354.14 5365.5 5348.24 5328.13 5319.83 5316.12 5313.53 5318.09 5321.63 5322.75 5323.74 5324.21 5323.61 5321.52 5315.63 5317.82 5322.03 5324.98 5332.97
5389.69 5385.4 5381.39 5378.99 5377.55 5371.74 5361.07 5356.57 5357.6 5356.94 5354.25 5349.71 5344.71 5338.92 5333.61 5332.3 5333.82 5339.15 5351.18 5329.02 5354.17 5397.37 5397.69 5369.04 5353.84 5346.34 5339.3 5336.29 5333.24 5329.84 5325.12 5322.91 5319.83 5318.34 5316.23 5311.13 5302.84 5298.07 5293.86 5291.27 5294.5 5288.1 5283.49 5293.86 5315.2 5340.39 5360.06 5365.81 5363.66 5373 5350.61 5336.43 5326.07 5316.18 5309.3 5313.57 5317.18 5318.58 5320.45 5321.74 5322.54 5320.72 5315.41 5318.03 5322.77 5325.17 5329.74
5389.11 5384.55 5380.42 5375.78 5371.56 5363.62 5353.65 5349.84 5350.76 5349.58 5348.05 5345.89 5343.19 5340.45 5337.17 5336.39 5334.73 5331.5 5323.21 5324.45 5340.91 5369.5 5386.46 5368.48 5355.13 5346.69 5344 5342.88 5342.56 5343.67 5341.28 5331.76 5325.7 5322 5315.43 5308.02 5299.57 5294.21 5290.04 5288.24 5293.16 5287.46 5285 5294.12 5312.81 5337.24 5370.02 5365.06 5347.33 5333.92 5334.18 5335.09 5330.41 5320.4 5317.08 5315.78 5314.91 5317.2 5320.03 5321.91 5323.37 5325.29 5328.29 5327.82 5321.58 5322.4 5322.79
5387.55 5382.47 5377.8 5372.71 5366.8 5360.3 5347.41 5346.71 5347.73 5346.49 5344.92 5342.93 5342.13 5342.32 5346.76 5345.09 5335.04 5327.88 5321.48 5316.65 5330.4 5335.06 5339.83 5343.89 5346.44 5344.8 5345.39 5346.61 5348.54 5350.52 5347.33 5338.49 5330.97 5324.46 5316.36 5309.16 5302.7 5295.73 5290.02 5289.97 5287.35 5285.8 5285.77 5294.66 5305.96 5316.23 5324.25 5332.17 5313.33 5307.83 5322.84 5333.36 5334.66 5328.25 5317.09 5314.39 5315.78 5318.35 5321.55 5323.92 5326.62 5330.04 5334.33 5334.33 5323.43 5320.92 5319.4
5382.97 5378.73 5373.81 5368.8 5362.95 5356.65 5355.02 5352.13 5348.83 5346.13 5343.75 5341.53 5339.01 5339.23 5341.47 5337.67 5330.69 5326.29 5323.58 5322.31 5332.26 5342.07 5331.61 5330.1 5338.01 5342.46 5345.88 5348.81 5351.83 5353.87 5349.39 5341.59 5334.34 5326.93 5317.95 5310.04 5303.67 5295.4 5289.53 5289.61 5287.8 5291.94 5292 5299.03 5301.14 5299.82 5299.85 5314.42 5302.04 5318.04 5328.8 5336.92 5350.15 5349.1 5332.03 5317.03 5317.83 5319.86 5321.88 5324.43 5326.98 5330.32 5333.37 5331.96 5323.34 5321.01 5319.58
5379.1 5376.16 5370.37 5366.38 5362.68 5359.86 5372.15 5357.87 5349.16 5343.94 5339.79 5336.98 5334.98 5332.82 5328.84 5323.53 5322.87 5320.74 5324.7 5331.26 5335.91 5342.13 5332.87 5328.94 5337.06 5342.16 5346.75 5350.28 5352.29 5352.58 5349.09 5343.32 5335.95 5327.93 5318.22 5309.84 5301.64 5292.93 5288.26 5291.99 5291.87 5305.92 5324.27 5307.77 5300.27 5295.28 5293.61 5299.07 5308.07 5303.79 5307.19 5329.56 5352.66 5368.4 5348.59 5328.17 5323.66 5323.29 5323.56 5324.71 5326.47 5328.7 5329.97 5329.63 5330.25 5322.48 5320.51
5375.19 5371.38 5368.96 5365.85 5363.61 5363.53 5355.05 5349.55 5343.19 5337.34 5333 5329.42 5327.16 5325.96 5324.28 5321.94 5321.47 5319.42 5325.91 5334.29 5333.82 5335.27 5339.45 5346.41 5340.12 5342.05 5347.38 5352.18 5353.07 5347.25 5348.92 5346.23 5338.77 5329.29 5319.84 5310.85 5302.28 5293.93 5289.49 5290.13 5292.05 5300.05 5308.23 5303.05 5297.43 5293.9 5289.42 5291.45 5313.97 5291.33 5286.45 5313.33 5344.92 5337.58 5339.06 5332.98 5329.14 5327.18 5326.24 5325.98 5326.67 5326.84 5326.51 5326.78 5322.68 5322.42 5321.68
5369.66 5367.19 5365.45 5362.81 5359.25 5352.65 5346.56 5341.59 5336.45 5330.88 5326.36 5322.96 5320.15 5319.25 5320.47 5323.87 5322.97 5326.41 5329.92 5331.99 5330.31 5324.09 5330.1 5328.48 5331.4 5336.91 5345.77 5355.9 5363.56 5363.83 5358.75 5350.81 5340.75 5330.8 5321.68 5312.64 5304.57 5296.98 5294.38 5289.98 5291.35 5289.84 5286.65 5291.4 5292.05 5291.63 5289.42 5288.64 5296.97 5286.17 5280.39 5294.14 5307.86 5320.88 5331.11 5332.26 5331.25 5328.88 5327.2 5326.14 5325.12 5324.02 5322.38 5319.23 5322.32 5325.5 5325.32
5364.48 5362.7 5361.11 5359.21 5355.92 5349.64 5344.5 5336.11 5329.69 5324.96 5320.97 5317.39 5314.48 5313.74 5313.89 5317.15 5322.15 5327.5 5340.27 5342.47 5337.7 5329.5 5318.9 5309.91 5316.9 5326.94 5340.68 5356.6 5376.95 5384.8 5369 5353.23 5341.83 5331.25 5321.67 5313.38 5307.83 5311.45 5292.27 5283.68 5284.54 5281.77 5280.53 5284.5 5287.02 5289.35 5291.62 5291.01 5287.86 5285.48 5283.03 5281.51 5283.39 5329.92 5331.57 5332.94 5332.77 5329.4 5326.34 5323.86 5322.49 5321.29 5319.8 5318.84 5322.32 5326.56 5329.89
5357.92 5356.32 5355.43 5354.81 5354.09 5349.82 5338.87 5328.05 5321.61 5317.59 5314.2 5311.33 5308.88 5307.15 5306.24 5306.64 5325.91 5349.86 5344.54 5343.23 5342.72 5333.91 5313.99 5303.23 5308.37 5318.18 5330.97 5345.35 5367.31 5383.67 5362.17 5348.65 5337.8 5328.28 5319.09 5308.61 5301.62 5291.7 5282.69 5279.79 5279.93 5277.98 5278.89 5282.31 5284.24 5283.7 5290.85 5297.67 5294.53 5288.79 5283.95 5277.68 5278.54 5302.11 5320.91 5332.85 5332.85 5326.96 5324.3 5320.92 5319.84 5319.32 5319.28 5320.13 5323.33 5328.96 5333.7
5353.47 5352.84 5351.99 5351.65 5352.51 5352.06 5327.97 5315.18 5310.62 5307.78 5305.42 5304 5302.29 5301.46 5302.65 5310.93 5333.96 5358.44 5362.25 5343.38 5322.5 5312.31 5305.5 5301.43 5303.56 5309.98 5318.62 5324.85 5325.13 5330.25 5338.58 5335.33 5330.63 5323.33 5316.86 5307.77 5296.56 5284.98 5281.77 5281.21 5279.88 5278.53 5280.91 5285.13 5288.19 5289.55 5288.58 5298.19 5300.23 5292.17 5281.38 5275.78 5275.71 5285.81 5302.48 5318.7 5320.11 5317.56 5316.64 5316.47 5316.79 5317.58 5318.86 5321.38 5324.87 5328.88 5333.67
5347.89 5346.79 5345.29 5343.3 5341.19 5338.67 5306.63 5303.81 5303.29 5302.07 5300.74 5299.21 5298.05 5298.42 5300.26 5305.45 5331.6 5364.82 5366.13 5337.76 5308.99 5298.05 5296.63 5297.02 5299.36 5303.03 5307.32 5310 5306.77 5310.42 5320.55 5323.84 5321.81 5317.09 5312.25 5305 5295.03 5285.56 5289.63 5285.39 5282.11 5281.16 5285.7 5292.18 5298.4 5298.44 5295.49 5308.49 5305.6 5297.08 5288.14 5281.26 5271.29 5270.93 5283.14 5291.45 5297.64 5303.2 5306.49 5308.51 5310.81 5313.1 5316.42 5320.26 5324.27 5323.52 5330.38
5341.87 5339.65 5337.03 5332.96 5325.33 5310.91 5304.11 5301.21 5299.55 5298.27 5297.16 5296.13 5295.97 5296.38 5297.91 5303.16 5323.2 5342.56 5337.42 5320.59 5300.27 5292.8 5291.54 5291.48 5293.63 5298.44 5302.52 5305.12 5302.89 5307.03 5313.09 5315.62 5314.47 5311.11 5306.95 5302.72 5298.53 5292.42 5289.35 5286.57 5284.97 5281.37 5285.43 5299.23 5314.91 5321.08 5314.04 5310.62 5303.7 5299.4 5301.62 5292.55 5272.75 5264.85 5272.82 5278.92 5286.09 5291.81 5297.54 5301.83 5305.4 5308.9 5312.3 5316.55 5321.38 5320.59 5329.97
5336.6 5333.7 5330.25 5325.66 5318.44 5308.5 5308.71 5302.23 5297.67 5295.42 5295.03 5294.94 5294.61 5294.81 5297.05 5301.13 5305.56 5308.1 5303.54 5304.03 5298.09 5292.48 5290.16 5290.27 5292.95 5296.45 5302.37 5309.58 5307.62 5311.13 5312.12 5311.11 5308.89 5305.94 5302.59 5300.38 5302.4 5301.3 5280.52 5286.35 5289.29 5286.22 5287.82 5301.24 5321.08 5334.49 5333.14 5297.07 5292.9 5291.8 5291.56 5288.07 5282.61 5275.72 5273.59 5273.67 5275.55 5284.13 5290.6 5295.82 5300.17 5304.25 5308.73 5312.29 5315.29 5329.44 5333.35
5331.04 5328.23 5325.63 5321.27 5316.46 5312.21 5302.96 5298.32 5295.58 5293.59 5293.23 5293.06 5294.35 5295.14 5297.08 5300.4 5303.52 5299.6 5295.96 5297.28 5296.87 5292.42 5289.46 5288.49 5289.31 5294.25 5302.03 5317.23 5338.46 5322.09 5312.89 5308.94 5305.65 5302.64 5299.07 5295.19 5290.13 5285.29 5294.56 5289.67 5293.5 5298.77 5299.41 5294.72 5291.91 5295.27 5290.66 5278.74 5281.6 5280.85 5275.67 5272.78 5286.56 5282.81 5277.37 5274.06 5274.23 5280.34 5286.29 5291.35 5296.14 5300.15 5305.11 5310.1 5316.78 5331.53 5336.77
5324.51 5322.5 5320.2 5316.56 5312.28 5308 5300.05 5296.47 5295.25 5294.37 5294.36 5294.32 5294.83 5295.41 5297.52 5298.65 5298.23 5296.73 5294.32 5294.49 5294.66 5291.22 5288.35 5286.97 5287.91 5290.29 5294.99 5302.53 5307.79 5311.16 5306.83 5303.97 5301.7 5299.51 5296.14 5291 5283.55 5281.63 5279.66 5288.6 5295.14 5296.14 5290.22 5284.8 5278.8 5275.89 5276.74 5281.48 5278.33 5275.46 5269.3 5264.4 5268.47 5275.93 5275.23 5274.8 5276.54 5278.53 5283.09 5287.56 5292.51 5296.82 5302.07 5307.71 5315.51 5329.03 5339.47
5318.65 5318.19 5316.41 5313.29 5307.86 5303.22 5301.95 5300.06 5297 5296.17 5296.09 5296.25 5295.75 5296.18 5296.05 5295.81 5295.56 5293.03 5291.45 5291.25 5290.84 5289.08 5286.72 5285.2 5284.06 5285.09 5286.09 5284.8 5282.68 5293.78 5298 5298.35 5297.39 5296.66 5294.48 5290.87 5285.38 5287.94 5286.21 5290.67 5295.8 5290 5279.19 5279.7 5277.12 5278.32 5281.58 5283.22 5278.62 5275.9 5273.12 5274.02 5265.19 5268.41 5274.16 5275.23 5275.32 5277.42 5279.68 5283.79 5287.39 5292.86 5298.75 5305.69 5314.85 5329.39 5339.4
5314.76 5315.11 5315.09 5313.85 5310.32 5306.06 5302.03 5297.96 5296.51 5295.75 5295.09 5294.58 5294.07 5293.23 5292.65 5292.17 5290.63 5290.17 5289 5288.79 5288.22 5286.6 5284.97 5283.26 5281.72 5281.85 5281.66 5281.58 5282.96 5287.52 5291.88 5294 5294.75 5294.29 5294.18 5293.36 5293.84 5290.92 5295.32 5293 5294.67 5291.77 5285.6 5282.37 5285.33 5284.09 5281.16 5277.72 5275.19 5274.01 5273.45 5266.38 5269.65 5278.71 5278.59 5274.66 5277.28 5276.01 5276.72 5279.12 5282.56 5287.28 5292.82 5300.46 5312.16 5331.3 5327.52
5312.47 5313.33 5314.43 5316.14 5318.38 5311.76 5303.37 5297.08 5295.98 5295.3 5294.42 5293.29 5292.04 5291.54 5290.44 5289.66 5289.36 5288.66 5287.35 5286.43 5285.95 5285.1 5284.06 5282.78 5282.28 5281.94 5280.94 5280.02 5281.52 5285.49 5289.06 5291.54 5293.23 5294.34 5295.2 5297.46 5302.12 5297.68 5286.22 5291.65 5297.36 5299.91 5293.76 5283.54 5279.44 5284.17 5280.69 5277.84 5273.37 5268.44 5268.81 5272.1 5278.92 5275.06 5267.28 5272.39 5270.8 5270.76 5272.54 5275.15 5278.53 5281.92 5286.47 5290.55 5294.21 5292.8 5289.96
