real_craters/C092-300m.grd
DSAA
208 208
-31.115 31.115
-31.115 31.115
4286.1489149626 5987.9284259198
[rows 120 to 149 of 208, columns 67 to 133 of 208]
5543.5 5548.9 5557.58 5569.89 5581.53 5595.03 5622.13 5658.27 5697.6 5759.31 5825.05 5866.73 5875.67 5836.61 5750.41 5640.61 5515.35 5388.29 5263.35 5144.19 5067.89 5010.44 4958.26 4916.39 4876.72 4836.81 4795.58 4754.96 4712.37 4674.59 4655.38 4656.42 4645.39 4639.75 4617.53 4608.2 4602.85 4597.57 4583.43 4578.47 4571.98 4574.65 4608.07 4656.73 4703.56 4710.8 4704 4701.72 4709.31 4733.4 4776.92 4836.61 4896.81 4956.74 5020.09 5090.2 5190.55 5292.75 5372.32 5431.64 5477.85 5511.69 5539.82 5562.94 5582.47 5599.39 5613
5542.68 5547.72 5555.65 5565.31 5573.47 5584.73 5618.21 5659.25 5705.79 5746.35 5776.87 5843.8 5898.25 5877.74 5796.18 5698.73 5588.79 5471.07 5348.7 5236.23 5142.49 5087.06 5042.43 5001.73 4960.35 4918.6 4876.23 4836.61 4795.53 4755.1 4719.47 4705.07 4694.45 4669.41 4676.16 4674.85 4671.52 4665.49 4654.74 4652.48 4649.72 4658.5 4672.46 4694.3 4718.47 4730.37 4733.17 4735.12 4742.96 4759.86 4800.53 4867.3 4934.08 5003.65 5082.97 5168.22 5281.21 5392.97 5470.94 5516.72 5544.5 5562.91 5575.6 5584.99 5592.62 5597.49 5597.74
5539.98 5544.08 5551.9 5562.86 5570.46 5582.66 5615.9 5657.43 5707.15 5739.39 5756.13 5820 5878.98 5882.64 5831.21 5759.87 5668.32 5561.15 5444.54 5330.38 5243.84 5189.62 5144.85 5100.45 5055.56 5010.23 4965.87 4922.32 4883.82 4852.18 4815.67 4781.29 4769.11 4757.84 4748.69 4747.14 4746.56 4745.87 4744.34 4737.3 4726.21 4715.53 4716.25 4733.5 4748.12 4758.36 4767.67 4777.96 4789.31 4803.51 4843.53 4927.33 5012.34 5093.95 5172.8 5264.73 5387.61 5506.93 5579.97 5603.87 5609.99 5608.19 5605.25 5602.72 5598.49 5592.03 5580.21
5536.22 5538.92 5544.91 5557.9 5570.98 5588.51 5612.52 5644.3 5679.62 5709.26 5743.91 5796.7 5845.7 5866.18 5862.91 5826.52 5762.48 5673.72 5572.05 5464.99 5373.08 5312.82 5259.03 5206.82 5156.24 5106.42 5057.77 5010.26 4969.72 4945.48 4918.09 4888.28 4859.69 4832.6 4828.92 4824.18 4823.89 4828.62 4837.42 4826.24 4807.3 4791.39 4784.13 4788.31 4787.42 4794.26 4814.79 4838.04 4860.18 4882.96 4928.22 5021.28 5119.17 5207.85 5282.56 5377.88 5506.62 5638.24 5697.57 5684.23 5660.4 5639.67 5623.58 5612.29 5600.79 5586.95 5569.62
5531.88 5532.04 5533.77 5538.64 5565.51 5587.67 5603.5 5624.24 5644.68 5661.34 5702.25 5774.54 5840.16 5886.29 5899.32 5893.88 5876.07 5802.02 5716.28 5614.61 5512.44 5444.66 5383.72 5325.27 5269.46 5213.65 5158.6 5103.89 5048.03 4997.19 4975.07 4968 4939.36 4933.16 4912.98 4899.9 4900.21 4905.08 4914.64 4904.24 4888.27 4882.89 4883.18 4859.56 4845.63 4846.71 4881.97 4920.91 4957.53 4993.39 5045.34 5143.3 5247.11 5338.04 5408.66 5501.86 5639.33 5750.93 5788.33 5729.34 5685.98 5655.45 5633.32 5614.52 5598.46 5582.37 5565.89
5527.57 5526.67 5526.49 5529.15 5554.11 5574.54 5589.19 5605.61 5623.57 5642.31 5681.13 5758.3 5836.58 5900.33 5925.04 5936.55 5936.47 5908.63 5859.92 5768 5664.52 5580.69 5504.28 5438.98 5375.72 5316.71 5259.04 5199.54 5135.97 5068.62 5036.84 5013.19 4989.71 4969.7 4963.22 4971.39 4978.95 4980.55 4972.55 4964.56 4968.03 4965.27 4953.22 4943.08 4932.64 4932.39 4977.86 5029.09 5078.49 5126.24 5185.33 5281.39 5390.41 5486.57 5560.23 5614.88 5692.91 5737.31 5741.8 5706.77 5676.32 5650.38 5627.61 5607.96 5590.69 5575.46 5561.07
5524.36 5524.01 5525.6 5531.44 5539.18 5556.71 5573.05 5589.56 5608.41 5630.09 5671.74 5745.41 5825.5 5892.14 5931.74 5947.19 5952.2 5958.68 5956.53 5910.13 5815.15 5704.78 5613.95 5538.82 5472.9 5414.23 5359.06 5302.56 5241.99 5177.13 5126.07 5077.61 5046.96 5026.3 5027.93 5056.45 5073.25 5075.83 5063.03 5053.56 5069.8 5070.27 5056.75 5054.71 5053 5058.12 5102.03 5159.11 5216.52 5273.08 5330.34 5421.99 5524.08 5646.81 5682.2 5660.41 5635.62 5630.48 5629.27 5646.42 5644.26 5630.34 5611.69 5594.14 5578.14 5564.21 5550.37
5521.24 5522.03 5524.23 5528.45 5536.96 5547.15 5559.63 5574.09 5592.43 5619.07 5659.1 5724.52 5804.73 5887.64 5918.68 5934.39 5946.68 5948.24 5983.41 5987.93 5893.35 5786.43 5696.14 5623.32 5561.67 5509.37 5462.36 5416.08 5364.5 5304.84 5241.8 5176.02 5140.29 5134.64 5144.83 5171.21 5191.25 5199.58 5197.88 5196.15 5209.11 5208.73 5201.23 5197.52 5199.78 5205.02 5247.9 5302.62 5361.03 5425.08 5494.87 5555.34 5600.4 5643.04 5655.27 5628.08 5580.8 5566.06 5575.52 5604.72 5610.67 5605.14 5589.7 5574.54 5561.72 5550.74 5542.26
5518.17 5520 5522.96 5527.07 5533.69 5540.06 5547.87 5558.44 5572.6 5594.76 5628.81 5687.56 5757.74 5828.99 5861.37 5879.06 5895.48 5909.83 5960.26 5954.51 5890.99 5818.28 5743.24 5682.91 5627.3 5588.66 5557.27 5529.52 5496.75 5446.32 5380.4 5311.75 5273.19 5275.17 5288.48 5309.32 5327.02 5341.71 5355.41 5372.38 5373.7 5369.38 5357.63 5360.19 5369.92 5378.88 5407.75 5448.47 5494.53 5554.35 5630.74 5656.79 5626.48 5594.06 5582.49 5580.7 5567.8 5572.9 5599.78 5595.98 5587.64 5579.99 5566.4 5552.48 5538.89 5528.56 5523.16
5514.33 5516.97 5520.86 5524.05 5528.21 5533.12 5538.31 5544.94 5551.29 5558.29 5588.84 5640.03 5693.43 5739.16 5772.94 5795.16 5819.01 5840.28 5864.01 5896.46 5873.62 5821.81 5764.99 5712.37 5670.11 5645.4 5632.53 5631.18 5633.76 5600.29 5528.91 5464.7 5428.6 5434.46 5443.2 5456.78 5466.65 5482.87 5507.28 5528.05 5542.3 5539.2 5536.45 5543.47 5551.22 5558.29 5572.19 5581.32 5597.09 5630.26 5682.4 5683.63 5618.58 5559.13 5539.97 5541.8 5540.4 5547.23 5570.71 5571.12 5562.73 5555.64 5543.51 5529.17 5513.98 5498.54 5490.11
5509.31 5511.45 5516.42 5519 5522.2 5527.66 5532.08 5536.1 5539.83 5543.08 5559.95 5597.45 5633.15 5663.1 5692.58 5721.73 5757.59 5792.82 5841.83 5875.47 5849.83 5804.87 5759.67 5722.68 5692.65 5676.15 5677.11 5696.28 5735.99 5720.43 5651.59 5611.1 5593.69 5594.64 5609.87 5593.81 5587.23 5601.53 5637.4 5687.57 5694.57 5685.91 5705.07 5720.51 5706.94 5725.12 5721.95 5679.52 5655.14 5648.91 5647.28 5622.84 5578.54 5528.77 5497.94 5504.2 5507.6 5513.89 5526.5 5535.46 5537.97 5532.66 5522.15 5508.17 5493.03 5476.46 5468.29
5502.72 5504.1 5506.3 5513.63 5519.64 5524.9 5528.85 5531.75 5536.86 5540.95 5546.32 5568.41 5587.89 5600.93 5628.05 5689.73 5719.65 5748.54 5793.09 5826.03 5802.58 5768.52 5736.22 5711.78 5693.37 5684.78 5687.67 5706.26 5743.74 5741.97 5714.24 5710.35 5723.42 5705.72 5713.54 5680.03 5665.18 5678.69 5715.2 5767.92 5774.72 5761.85 5778.93 5796.57 5772.67 5789.04 5783.09 5716.42 5666.52 5633.19 5602.3 5565.18 5533.86 5498.92 5469.94 5478.21 5491.75 5506.99 5514.38 5519.75 5519.99 5514.16 5505.54 5492.94 5479.61 5466.74 5460.85
5495.5 5496.28 5501.32 5511.45 5519.86 5524.04 5527.15 5529.88 5532.43 5537.51 5545.1 5554.62 5561.73 5567.5 5591.44 5653.71 5670.83 5685.15 5701.66 5724.14 5722.61 5712.33 5698.07 5685.26 5673.57 5660.14 5660.02 5667.17 5679.77 5701.34 5718.51 5735.87 5750.97 5730.11 5704.25 5691.14 5695.63 5710.74 5736.91 5761.34 5768.27 5761.39 5751.46 5737.53 5741.55 5745.4 5733.47 5682.84 5639.96 5602.79 5563.66 5520.98 5501.44 5481.04 5465.42 5468.04 5480.4 5495.95 5504.39 5507.94 5506.62 5502.19 5494.41 5483.17 5470.47 5459.33 5455.02
5489.13 5487.92 5491.3 5507.14 5517.81 5523.35 5527.32 5529.52 5529.85 5537.74 5549.97 5551.31 5549.8 5548.28 5554 5581.77 5599.54 5599.6 5600.96 5615.25 5639.52 5651.2 5651.02 5646.79 5640.65 5633.71 5627.47 5620.13 5617.78 5655.4 5696.65 5727.02 5727.34 5724.52 5695.28 5684.87 5701.04 5713.07 5726.36 5737.8 5738.02 5720.42 5700.45 5685.86 5669.88 5651.87 5622.08 5610.52 5592.48 5568.47 5538.4 5505.1 5489.6 5474.67 5464.86 5464.79 5471.34 5481.86 5488.44 5491.73 5496.02 5493.51 5486.79 5477.28 5465.89 5453.71 5450.41
5484.04 5482.55 5486.88 5501.49 5514.37 5523.09 5529.23 5533.22 5535.02 5543.46 5553.87 5551.53 5545.61 5540.44 5539.71 5542.53 5545.86 5537.55 5537.25 5546.97 5571.64 5591.36 5600.06 5602.5 5600.57 5596.14 5588.68 5579.59 5581.21 5622.92 5673.7 5719.32 5756.33 5756.58 5722.65 5703.89 5702.17 5699.42 5697.02 5692.53 5681.31 5660.44 5635.01 5606.71 5591.36 5571.23 5540.55 5546.91 5546.9 5538.12 5523.25 5507.67 5494.8 5480.26 5469.89 5463.44 5463.66 5467.81 5476.78 5488.26 5491.47 5488.34 5482.8 5475.04 5466.47 5457.68 5451.19
5480.51 5481.5 5489.31 5503.2 5514.19 5523.37 5532.29 5540.5 5546.32 5551.73 5555.3 5551.18 5543.98 5537.52 5533.45 5529.58 5522.46 5513.15 5508.56 5508.5 5525.82 5546.44 5559.19 5565.54 5566.77 5563.68 5558.92 5552.44 5560.63 5599.04 5649.02 5698.75 5754.97 5760.52 5736.71 5726.78 5692.76 5673.73 5657.39 5638.52 5615.2 5598.28 5575.85 5543.79 5533.92 5524.06 5509.3 5512.09 5516.39 5515.85 5512.73 5508.83 5503.21 5497.48 5473.14 5460 5459.4 5460.16 5471.58 5491.93 5490.33 5485.2 5479.67 5473.92 5468.47 5463.06 5453.88
5475.8 5479.36 5489.6 5507.57 5512.9 5521.95 5533.46 5546.55 5560.72 5558.37 5554.44 5548.95 5541.97 5534.67 5528.39 5523.42 5514.54 5502.4 5494.04 5487.86 5497.77 5515.49 5527.71 5535.97 5539.49 5540.3 5538.21 5535.18 5544.75 5578.05 5614.85 5648.42 5673.02 5677.22 5680.94 5673.97 5656.7 5636.57 5615.83 5591.12 5563.62 5548.85 5536.49 5519.57 5508.75 5501.69 5496.96 5496.77 5499.05 5501.99 5502.62 5499.32 5496.07 5492.72 5472.82 5460.51 5462.14 5466.02 5474.82 5485.78 5484.72 5480.61 5476.13 5471.64 5467.56 5462.14 5453.41
5467.73 5470.73 5477.77 5488.62 5502.35 5515.43 5529.05 5543.19 5555.58 5555.91 5553 5547.32 5538.43 5529.96 5525.24 5519.66 5515.86 5508.73 5489.79 5479.37 5483.66 5496.14 5505.88 5513.78 5519.54 5523.39 5526.76 5528.42 5536.08 5557.98 5578.44 5592.29 5591.91 5587.98 5607.35 5617.62 5606.58 5593.87 5577.43 5555.85 5528.34 5519.89 5514.96 5505.26 5496 5489.92 5486.67 5485.14 5487.5 5492.91 5496.03 5494.17 5488.13 5478.68 5470.43 5463.57 5471.14 5480.76 5487.36 5480.59 5477.25 5474.66 5470.81 5467.02 5464.1 5459.31 5450.6
5457.18 5454.83 5461.31 5470.79 5489.36 5505.33 5519.77 5532.12 5539.91 5545.2 5546.03 5541.4 5530.76 5520.42 5510.26 5507.49 5505.04 5497.7 5484.53 5478.63 5477.99 5484.21 5492.1 5499.87 5506.27 5512.55 5518.95 5528.1 5533.44 5540.6 5547.78 5549.74 5542.62 5536.79 5547.28 5549.39 5555.48 5553.78 5546.23 5535.36 5522.48 5515.2 5508.3 5499.21 5490.32 5483.86 5475.47 5473.36 5479.98 5487.62 5495.46 5500.95 5502.02 5493.07 5482.29 5476.03 5482.44 5493.68 5500.89 5485.68 5474.54 5468.85 5464.17 5459.85 5455.31 5450.89 5445.23
5448.13 5449.27 5455.75 5466.49 5480.08 5494.92 5508.79 5521.23 5529.25 5530.79 5531.02 5527.68 5517.16 5508.69 5503.11 5502.41 5493.64 5479.15 5468.1 5466.48 5469.23 5475.76 5483.49 5491.38 5499.08 5506.2 5512.59 5519.96 5523.37 5524.9 5524.82 5521.07 5512.45 5504.37 5507.84 5510.43 5517.15 5521.21 5521.32 5520.1 5521.29 5518.99 5508.09 5501.42 5495.12 5483.61 5473.47 5470.27 5475.49 5484.93 5496.15 5509.07 5520.11 5512.86 5497.5 5489.08 5488.8 5495.23 5500.74 5484.88 5470.43 5461.43 5455.39 5451.57 5446.63 5442.33 5439
5439.36 5443.01 5449.4 5459.53 5471.43 5484.4 5496.49 5506.58 5512.47 5512.72 5509.35 5502.49 5497.94 5494.5 5494.99 5498 5492.9 5474.16 5456.76 5457.18 5462.41 5470.21 5478.43 5486.69 5494.79 5502.24 5506.63 5507.83 5511.3 5511.06 5507.74 5501.89 5493.73 5484.17 5486 5488.18 5492.23 5497.2 5501.3 5504.68 5508.98 5508.51 5501.46 5499.2 5496.15 5482.52 5470.66 5465.6 5471.72 5481.9 5493.95 5508.51 5520.71 5516.64 5502.52 5491.32 5485.37 5482.67 5478.78 5470.32 5461.1 5448.47 5442.4 5441.57 5446.32 5439.58 5432.61
5430.53 5433.42 5438.78 5449.26 5462.52 5474.11 5483.94 5490.49 5494.3 5494.09 5488.93 5480.03 5478.81 5476.92 5478.67 5485.45 5488.99 5471.44 5455.23 5454.86 5460.34 5468.03 5476.14 5484.78 5493.16 5500.37 5505.87 5507.47 5505.93 5501.78 5495.5 5488.03 5481.75 5481.95 5473.92 5469.06 5471.79 5477.94 5483.8 5488.23 5488.46 5484.83 5488.7 5489.34 5486.45 5475.69 5466.37 5461.74 5467.67 5476.34 5486.77 5499.2 5510.12 5507.2 5496.97 5484.88 5475.57 5463.11 5448.19 5439.59 5433.89 5426.74 5423.66 5423 5424.16 5424.9 5422.52
5418.18 5433.12 5433.68 5444.27 5455.3 5464.67 5472.85 5478.43 5480.22 5478.87 5475.26 5472.83 5466.3 5459.97 5459.89 5474.94 5478.3 5464.27 5454.01 5454.34 5458.82 5467.31 5475.71 5483.72 5491.75 5500 5507.16 5510.72 5504.01 5495.47 5486.42 5477.36 5468.56 5456.57 5451.01 5452.59 5455.96 5462.65 5469.52 5475.38 5478.81 5479.72 5480.71 5476.9 5470.06 5463.45 5460.51 5460.71 5463.48 5467.77 5474.32 5482.29 5489.86 5489.55 5484.59 5480.32 5465.73 5443.77 5421.71 5407.11 5398.07 5401.9 5404.09 5403.46 5400.18 5406.61 5410.77
5386.37 5397.77 5434.26 5443.31 5448.96 5455.09 5461.77 5469.23 5468.09 5465.4 5462.47 5458.35 5453.85 5450.68 5452.49 5460.43 5462.51 5456.48 5453.17 5456.22 5460.93 5468.75 5474.91 5480.95 5487.94 5495.91 5504.14 5506.9 5498.61 5489.28 5479.73 5470.26 5459.79 5448.28 5442.49 5442.39 5444.54 5451.88 5458.63 5465.72 5473.81 5482.74 5476.9 5464.56 5453.63 5449.83 5450.21 5455.5 5453.82 5454.52 5457.9 5460.72 5462.25 5465 5463.13 5461.3 5446.77 5424.13 5405.28 5391.11 5382.42 5385.67 5390.21 5393.33 5396.28 5398.7 5402.1
5386.22 5398.7 5430.72 5438.03 5440.87 5443.98 5447.74 5451.45 5452.69 5451.92 5449.69 5446.08 5444.32 5445.49 5450.06 5456.96 5458.5 5453.79 5454.5 5460.29 5468.92 5470.95 5472.93 5476.3 5481 5487.26 5494.04 5495.89 5489.3 5481.86 5474.08 5466.25 5457.18 5447.99 5442.01 5440.93 5442.44 5445.09 5449.18 5454.74 5461.69 5470.5 5461.81 5449.05 5440.82 5435.46 5433.98 5432.86 5433.89 5437.85 5440.78 5441.61 5440.28 5441.21 5435.98 5424.38 5410.74 5403.21 5392.48 5382.31 5377.22 5378.77 5382.62 5385.91 5389.7 5393.52 5396.41
5417.11 5417.26 5423.21 5428.38 5430.79 5432.04 5432.41 5433.35 5436.95 5439.21 5440.21 5440.74 5440.65 5438.12 5445.25 5455.75 5458.78 5453.94 5455.44 5461.45 5468.22 5469.2 5468.31 5468.91 5470.66 5473.6 5477.54 5479.05 5476.53 5473.16 5468.94 5464.55 5459.32 5452.36 5445.83 5444.83 5440.83 5440.03 5440.06 5440.95 5441.51 5439.33 5434.71 5429.44 5422.49 5419.39 5420.05 5416.2 5417.41 5422.62 5425.68 5427.18 5426.61 5421.27 5412.06 5400.47 5390.86 5388.71 5384.49 5379.53 5376.85 5377.6 5380.23 5381.95 5384.32 5389.34 5392.53
5415.34 5415.13 5413.7 5418.23 5420.66 5421.41 5419.8 5418.68 5425.31 5429.71 5432.97 5434.99 5437.79 5443.82 5447.99 5454.69 5455.82 5452.48 5454.75 5459.06 5463.16 5463.2 5461 5459.16 5457.96 5456.75 5455.59 5459.56 5462.63 5463.81 5463.91 5463.3 5462.92 5462.27 5462.85 5453.27 5443.29 5435.86 5431.4 5427.54 5422.74 5416.14 5411.55 5412.72 5414.54 5415.91 5413.63 5411.27 5410.97 5411.42 5412.5 5412.68 5407.96 5398.47 5394.33 5387.73 5382.69 5382.38 5383.45 5384.77 5381.55 5380.12 5381.68 5385.05 5387.24 5389.2 5390.75
5414.11 5409.39 5407.93 5410.18 5412.66 5413.87 5414 5414.88 5419.12 5423.25 5426.84 5430.19 5435.71 5444.3 5448.03 5451.75 5452.63 5453.05 5453.09 5454.29 5455.7 5454.51 5451.32 5447.92 5445.08 5442.08 5440.71 5444.6 5450.28 5454.81 5458.38 5461.26 5464.65 5468.29 5472.33 5458.75 5441.55 5430.4 5423.28 5416.67 5409.08 5400 5395.11 5400.42 5407.58 5412.82 5407.94 5405.06 5403.43 5401.19 5399.9 5399.65 5395.24 5388.01 5383.83 5379.84 5376.7 5379.91 5382.52 5384.03 5380.99 5379.66 5382.94 5387.84 5389.58 5389.61 5389.94
5400.01 5398.96 5399.97 5403.11 5406.46 5409.25 5411.14 5412.69 5415.21 5417.89 5421.03 5425.01 5430.02 5433.09 5440.98 5446.17 5452.55 5453.05 5449.14 5447.21 5445.8 5443.3 5439.91 5435.93 5432.55 5429.64 5429.24 5434.04 5440.29 5446.44 5452.15 5457.44 5462.69 5466.73 5469.85 5455.97 5436.39 5424.46 5416.77 5409.05 5401.28 5392.83 5387.7 5392.8 5397.88 5399.92 5399.18 5397.06 5394.19 5390.42 5386.9 5382.92 5380.33 5379.47 5374.11 5373.8 5379 5378.92 5380.75 5381.82 5379.94 5379.12 5383.4 5386.64 5388.31 5388.42 5388.11
5384.48 5389.05 5392.64 5396.62 5401.18 5405.69 5409.99 5411.31 5411.61 5412.4 5414.26 5417.64 5422.1 5427.5 5433.35 5443.45 5447.7 5444.69 5440.72 5437.59 5435.62 5433.32 5428.2 5424.21 5421.28 5418.93 5419.54 5424.96 5432.02 5438.94 5445.73 5452.02 5457.42 5460.26 5457.84 5448.66 5435.52 5422.82 5412.7 5404.61 5397.75 5392.25 5391.07 5391.51 5392.4 5391.61 5393.09 5391.3 5385.16 5382.92 5376.66 5366.76 5362.37 5358.73 5360.36 5365.31 5369.43 5375.17 5379.23 5382.54 5382.92 5382.83 5385.68 5387.67 5387.39 5387.22 5386.1
