real_craters/C092-750m.grd
DSAA
84 84
-31.115 31.115
-31.115 31.115
4287.1281608747 5992.6156922013
[rows 0 to 37 of 84, columns 0 to 83 of 84]
5517 5520 5515 5507 5499 5495 5501 5506 5499 5490 5481 5472 5463 5455 5453 5453 5453 5453 5453 5458 5463 5468 5470 5465 5471 5472 5479 5494 5507 5515 5509 5509 5511 5514 5507 5502 5502 5501 5495 5484 5470 5461 5460 5465 5486 5497 5502 5501 5489 5474 5457 5451 5453 5454 5449 5459 5473 5474 5463 5425 5407 5404 5401 5398 5395 5393 5391 5390 5389 5389 5399 5403 5406 5413 5418 5416 5414 5414 5412 5410 5404 5399 5394 5390
5511 5515 5514 5506 5497 5490 5498 5499 5490 5482 5474 5467 5461 5458 5457 5459 5460 5458 5459 5460 5463 5471 5477 5468 5469 5474 5484 5500 5506 5504 5509 5513 5519 5524 5523 5495 5505 5505 5500 5495 5487 5469 5457 5465 5487 5500 5502 5496 5481 5471 5460 5452 5447 5445 5441 5443 5452 5461 5444 5419 5405 5400 5396 5394 5393 5392 5392 5391 5388 5384 5392 5396 5397 5397 5402 5409 5417 5421 5419 5414 5411 5406 5398 5392
5509 5515 5510 5502 5493 5484 5473 5477 5478 5475 5469 5464 5459 5459 5459 5463 5466 5461 5457 5460 5463 5465 5469 5477 5473 5475 5482 5497 5501 5498 5505 5512 5521 5535 5542 5524 5522 5516 5517 5512 5505 5490 5467 5465 5488 5503 5506 5500 5489 5478 5463 5451 5447 5442 5440 5431 5437 5442 5440 5417 5406 5398 5396 5395 5397 5395 5395 5395 5397 5397 5394 5393 5392 5392 5397 5404 5415 5428 5423 5422 5415 5410 5408 5403
5503 5510 5502 5493 5486 5480 5468 5468 5467 5466 5464 5461 5457 5451 5458 5461 5460 5460 5462 5460 5457 5459 5467 5483 5491 5484 5472 5489 5499 5498 5501 5506 5512 5516 5514 5538 5552 5541 5537 5527 5515 5497 5490 5482 5486 5502 5508 5503 5499 5488 5470 5457 5450 5440 5430 5418 5426 5430 5427 5413 5403 5398 5397 5398 5397 5397 5396 5397 5400 5399 5393 5390 5389 5388 5393 5400 5405 5409 5418 5420 5417 5408 5408 5413
5490 5489 5483 5483 5480 5472 5462 5463 5460 5461 5460 5460 5460 5462 5458 5456 5457 5456 5458 5459 5457 5458 5464 5473 5496 5490 5469 5484 5500 5497 5498 5500 5502 5506 5519 5534 5556 5567 5567 5563 5536 5526 5502 5489 5488 5495 5501 5500 5494 5486 5483 5480 5455 5438 5425 5418 5421 5426 5427 5408 5401 5401 5399 5398 5396 5394 5394 5394 5395 5394 5391 5389 5388 5386 5390 5395 5397 5397 5410 5422 5419 5414 5416 5423
5473 5461 5466 5475 5478 5471 5466 5456 5459 5459 5458 5456 5456 5456 5454 5453 5450 5454 5458 5464 5468 5468 5470 5478 5490 5487 5473 5480 5495 5498 5500 5496 5494 5490 5488 5534 5597 5593 5593 5571 5566 5549 5530 5514 5494 5481 5491 5498 5500 5499 5485 5465 5452 5436 5421 5418 5421 5424 5428 5415 5411 5408 5402 5397 5394 5393 5391 5390 5386 5389 5393 5393 5391 5392 5391 5394 5395 5396 5405 5414 5422 5429 5431 5433
5464 5461 5465 5472 5485 5490 5482 5467 5466 5463 5458 5452 5447 5447 5450 5452 5454 5458 5463 5469 5478 5450 5473 5484 5482 5476 5473 5481 5490 5501 5504 5503 5498 5491 5500 5545 5578 5584 5580 5539 5530 5543 5524 5509 5498 5482 5491 5501 5507 5502 5495 5477 5457 5435 5418 5414 5418 5418 5418 5442 5424 5411 5403 5399 5395 5392 5389 5388 5387 5388 5389 5388 5388 5389 5389 5388 5389 5398 5413 5421 5423 5429 5445 5454
5452 5447 5450 5465 5490 5516 5503 5494 5484 5474 5462 5451 5444 5443 5448 5453 5459 5461 5461 5462 5463 5473 5487 5490 5483 5477 5483 5493 5507 5513 5518 5520 5522 5521 5545 5577 5541 5529 5512 5510 5511 5501 5490 5488 5493 5490 5497 5511 5523 5534 5513 5491 5460 5433 5417 5419 5417 5412 5405 5407 5412 5409 5403 5399 5393 5390 5385 5384 5387 5384 5384 5385 5384 5384 5387 5388 5394 5410 5420 5423 5422 5428 5443 5446
5439 5433 5434 5450 5472 5504 5524 5509 5504 5488 5470 5453 5439 5440 5449 5455 5460 5461 5456 5454 5464 5477 5484 5489 5488 5490 5490 5497 5514 5519 5529 5540 5555 5575 5597 5572 5511 5503 5504 5497 5485 5486 5482 5480 5483 5488 5505 5521 5535 5541 5521 5488 5457 5430 5409 5411 5413 5409 5404 5401 5404 5408 5404 5399 5391 5386 5379 5375 5373 5376 5378 5381 5386 5386 5387 5392 5400 5415 5427 5425 5425 5428 5434 5438
5430 5423 5421 5434 5446 5473 5513 5536 5517 5495 5477 5459 5441 5444 5450 5457 5459 5459 5453 5451 5467 5480 5483 5484 5489 5499 5503 5509 5512 5527 5535 5549 5572 5609 5577 5521 5497 5496 5501 5501 5499 5495 5491 5482 5479 5497 5515 5528 5538 5544 5522 5485 5454 5431 5411 5411 5413 5410 5405 5403 5405 5405 5403 5398 5391 5385 5376 5366 5362 5367 5372 5379 5380 5382 5385 5391 5402 5409 5415 5419 5423 5424 5428 5432
5426 5421 5418 5428 5441 5441 5469 5508 5504 5494 5484 5475 5465 5462 5463 5461 5457 5450 5450 5450 5466 5473 5460 5478 5491 5498 5517 5523 5522 5525 5534 5545 5556 5565 5535 5510 5498 5490 5495 5507 5514 5503 5495 5491 5491 5519 5524 5529 5530 5524 5505 5478 5456 5444 5423 5426 5425 5417 5408 5404 5410 5407 5402 5394 5388 5382 5376 5367 5361 5363 5363 5363 5363 5374 5382 5388 5394 5401 5406 5409 5411 5414 5418 5421
5429 5429 5428 5433 5434 5438 5448 5462 5475 5485 5490 5494 5491 5485 5477 5470 5461 5456 5454 5457 5470 5479 5481 5485 5498 5523 5536 5551 5522 5520 5530 5532 5523 5493 5479 5487 5500 5494 5497 5505 5507 5507 5502 5491 5517 5528 5531 5528 5521 5505 5486 5479 5470 5467 5473 5450 5437 5424 5421 5426 5419 5414 5405 5396 5390 5384 5380 5379 5372 5364 5357 5351 5364 5372 5379 5385 5391 5398 5402 5400 5400 5402 5405 5405
5431 5438 5449 5443 5432 5434 5439 5442 5457 5477 5494 5511 5512 5500 5488 5478 5469 5465 5464 5469 5485 5489 5493 5492 5499 5507 5509 5499 5513 5531 5531 5521 5508 5494 5478 5466 5480 5486 5488 5491 5505 5509 5524 5527 5553 5548 5531 5524 5518 5512 5504 5481 5459 5464 5459 5448 5432 5420 5417 5438 5437 5413 5399 5390 5383 5381 5378 5377 5370 5364 5357 5354 5365 5372 5376 5380 5385 5388 5389 5386 5387 5389 5391 5392
5432 5440 5447 5440 5431 5431 5435 5444 5458 5472 5489 5511 5520 5504 5492 5483 5477 5474 5471 5474 5492 5490 5485 5493 5495 5495 5489 5475 5500 5545 5524 5510 5501 5499 5487 5470 5474 5480 5480 5482 5478 5498 5520 5546 5559 5541 5526 5517 5512 5512 5510 5478 5459 5472 5470 5440 5416 5412 5417 5418 5406 5399 5392 5385 5379 5376 5373 5372 5367 5362 5359 5361 5370 5371 5373 5374 5375 5376 5378 5373 5377 5381 5381 5378
5433 5437 5437 5430 5421 5425 5434 5443 5453 5467 5479 5479 5489 5496 5491 5485 5481 5479 5476 5469 5484 5498 5499 5494 5490 5485 5475 5470 5485 5488 5497 5495 5486 5479 5484 5486 5480 5476 5474 5468 5465 5482 5505 5528 5535 5519 5514 5505 5496 5488 5471 5462 5447 5447 5449 5432 5409 5407 5413 5424 5409 5390 5384 5380 5376 5373 5370 5362 5364 5363 5362 5363 5367 5369 5368 5367 5364 5368 5370 5365 5374 5376 5375 5372
5432 5435 5434 5429 5425 5432 5438 5443 5450 5462 5475 5498 5493 5490 5488 5483 5480 5479 5477 5476 5482 5496 5495 5488 5484 5478 5473 5473 5472 5481 5484 5483 5478 5476 5480 5482 5478 5477 5478 5463 5462 5469 5479 5488 5491 5494 5500 5492 5481 5468 5457 5458 5467 5457 5447 5435 5416 5410 5406 5419 5403 5382 5382 5380 5377 5375 5372 5375 5368 5367 5366 5362 5365 5368 5366 5361 5355 5352 5356 5378 5376 5374 5372 5371
5432 5435 5437 5436 5438 5448 5447 5448 5452 5461 5469 5469 5482 5485 5484 5481 5478 5473 5475 5489 5495 5482 5484 5483 5479 5476 5476 5473 5477 5482 5482 5478 5470 5471 5482 5491 5490 5478 5475 5466 5455 5458 5466 5478 5497 5491 5489 5482 5472 5458 5441 5458 5493 5505 5471 5448 5437 5425 5417 5406 5388 5386 5384 5382 5380 5375 5369 5365 5370 5372 5374 5380 5377 5369 5365 5360 5354 5348 5366 5378 5374 5371 5369 5368
5436 5439 5442 5448 5454 5453 5455 5455 5455 5464 5472 5477 5480 5482 5481 5479 5476 5477 5489 5501 5491 5477 5479 5481 5479 5475 5471 5476 5488 5489 5483 5479 5476 5474 5484 5490 5477 5472 5466 5456 5448 5457 5475 5483 5505 5501 5486 5476 5469 5460 5458 5466 5482 5487 5474 5453 5430 5410 5403 5404 5409 5393 5389 5388 5387 5384 5373 5367 5375 5377 5378 5375 5374 5370 5368 5364 5364 5371 5372 5368 5367 5366 5366 5365
5440 5444 5448 5456 5455 5458 5462 5465 5467 5473 5480 5487 5483 5481 5479 5479 5479 5476 5470 5481 5473 5474 5484 5490 5488 5481 5472 5487 5514 5501 5486 5484 5481 5481 5484 5482 5466 5470 5463 5449 5465 5489 5500 5509 5507 5499 5479 5481 5477 5472 5466 5466 5471 5476 5468 5454 5434 5412 5400 5394 5378 5388 5395 5398 5399 5400 5402 5397 5389 5386 5382 5378 5373 5372 5370 5369 5370 5373 5361 5349 5355 5359 5360 5360
5446 5449 5452 5452 5464 5469 5473 5477 5482 5485 5484 5482 5480 5478 5476 5477 5476 5475 5475 5479 5478 5485 5503 5509 5507 5499 5493 5493 5518 5504 5495 5487 5484 5476 5481 5479 5472 5479 5470 5473 5516 5517 5517 5509 5502 5498 5500 5493 5488 5487 5487 5484 5467 5462 5467 5463 5453 5433 5412 5402 5395 5402 5403 5405 5407 5413 5422 5414 5400 5391 5386 5384 5383 5376 5372 5370 5369 5365 5377 5355 5354 5355 5356 5357
5454 5457 5460 5465 5471 5478 5483 5488 5496 5495 5486 5481 5476 5475 5473 5475 5480 5486 5497 5515 5529 5544 5536 5530 5527 5522 5504 5497 5493 5491 5487 5483 5486 5480 5481 5477 5478 5485 5490 5509 5518 5512 5522 5523 5500 5497 5500 5496 5495 5498 5505 5508 5488 5472 5478 5479 5479 5487 5439 5418 5408 5411 5412 5411 5412 5414 5420 5413 5402 5392 5384 5378 5371 5371 5372 5371 5367 5351 5371 5367 5360 5356 5355 5355
5461 5464 5468 5476 5483 5486 5488 5491 5495 5489 5475 5470 5471 5471 5468 5471 5479 5492 5523 5566 5582 5585 5558 5544 5541 5541 5554 5512 5495 5484 5473 5474 5494 5513 5510 5504 5511 5532 5529 5521 5513 5512 5523 5516 5498 5489 5487 5492 5496 5500 5507 5515 5520 5512 5500 5494 5488 5473 5455 5433 5415 5422 5420 5414 5410 5407 5403 5399 5393 5386 5382 5378 5373 5370 5368 5368 5369 5354 5375 5367 5360 5355 5353 5352
5467 5471 5475 5482 5491 5489 5487 5488 5489 5486 5471 5465 5467 5468 5470 5473 5473 5482 5492 5516 5538 5546 5551 5547 5543 5538 5522 5514 5503 5497 5482 5486 5516 5545 5547 5546 5556 5572 5571 5539 5523 5519 5524 5518 5499 5490 5486 5493 5499 5499 5498 5495 5504 5521 5518 5503 5487 5475 5465 5442 5427 5423 5418 5412 5404 5396 5395 5386 5382 5377 5372 5370 5366 5362 5364 5362 5365 5357 5367 5364 5358 5354 5350 5348
5472 5475 5478 5480 5482 5483 5482 5481 5479 5477 5476 5469 5466 5467 5469 5471 5474 5476 5481 5508 5521 5533 5539 5540 5537 5532 5518 5501 5511 5517 5519 5522 5538 5547 5553 5550 5549 5571 5562 5540 5525 5514 5511 5512 5512 5513 5519 5510 5506 5499 5488 5474 5475 5509 5521 5504 5481 5469 5465 5441 5419 5409 5411 5407 5400 5388 5375 5375 5372 5366 5362 5364 5371 5374 5362 5350 5339 5351 5356 5354 5350 5347 5345 5343
5474 5477 5479 5479 5477 5477 5476 5473 5467 5457 5465 5465 5466 5467 5469 5470 5473 5476 5486 5503 5512 5524 5528 5530 5530 5528 5518 5499 5505 5514 5518 5517 5521 5530 5538 5545 5543 5548 5553 5533 5527 5525 5534 5535 5531 5524 5523 5523 5520 5508 5494 5487 5511 5526 5532 5507 5472 5448 5449 5437 5418 5407 5409 5405 5399 5390 5375 5372 5364 5357 5352 5359 5371 5376 5361 5344 5341 5344 5336 5336 5337 5340 5340 5338
5477 5478 5479 5480 5476 5475 5472 5468 5462 5459 5459 5461 5464 5466 5468 5470 5472 5473 5476 5478 5487 5508 5518 5521 5520 5513 5505 5499 5499 5499 5499 5494 5494 5519 5538 5550 5562 5567 5576 5549 5542 5540 5529 5528 5528 5526 5537 5557 5541 5526 5509 5496 5507 5537 5548 5515 5473 5445 5447 5437 5422 5411 5417 5408 5402 5400 5394 5374 5362 5352 5347 5357 5375 5385 5360 5333 5346 5339 5329 5330 5337 5336 5336 5335
5477 5479 5481 5482 5481 5478 5472 5465 5458 5454 5457 5459 5464 5468 5470 5472 5471 5469 5457 5455 5473 5495 5510 5518 5520 5515 5509 5504 5502 5504 5498 5494 5502 5520 5538 5556 5564 5561 5567 5553 5562 5557 5533 5529 5529 5542 5544 5553 5556 5544 5527 5510 5513 5538 5545 5519 5487 5467 5461 5445 5431 5429 5415 5410 5401 5388 5380 5371 5363 5354 5347 5358 5374 5388 5352 5317 5323 5331 5332 5333 5332 5334 5334 5334
5477 5478 5478 5479 5484 5482 5474 5467 5458 5443 5445 5455 5460 5465 5467 5469 5469 5466 5463 5470 5478 5494 5507 5520 5528 5531 5527 5522 5515 5500 5504 5514 5517 5536 5555 5563 5570 5574 5585 5616 5617 5615 5570 5553 5547 5553 5563 5578 5578 5564 5549 5539 5539 5540 5539 5519 5495 5480 5471 5455 5437 5413 5432 5422 5403 5381 5373 5371 5367 5362 5361 5364 5367 5350 5331 5314 5318 5326 5335 5337 5336 5332 5332 5332
5477 5477 5475 5481 5484 5480 5472 5467 5465 5460 5456 5459 5462 5467 5471 5475 5475 5470 5474 5493 5494 5498 5512 5526 5537 5545 5539 5530 5517 5502 5503 5512 5525 5543 5575 5599 5600 5695 5729 5668 5660 5653 5627 5601 5571 5577 5591 5612 5603 5587 5573 5557 5545 5542 5528 5511 5500 5488 5478 5464 5451 5445 5450 5441 5414 5385 5378 5377 5375 5371 5367 5370 5369 5365 5340 5309 5318 5324 5329 5329 5328 5329 5329 5329
5477 5477 5478 5480 5469 5462 5466 5468 5473 5482 5472 5462 5464 5470 5477 5484 5489 5502 5513 5515 5521 5526 5530 5531 5538 5547 5535 5522 5510 5501 5505 5512 5523 5553 5616 5697 5788 5901 5890 5784 5736 5679 5695 5689 5658 5668 5661 5629 5626 5627 5608 5582 5572 5555 5527 5508 5492 5489 5485 5477 5467 5462 5476 5466 5435 5399 5394 5389 5385 5382 5380 5375 5376 5376 5364 5332 5323 5326 5328 5328 5328 5326 5325 5327
5475 5474 5475 5476 5459 5453 5461 5467 5471 5471 5456 5456 5462 5470 5481 5491 5500 5504 5518 5525 5529 5528 5527 5527 5529 5532 5525 5516 5511 5517 5527 5522 5535 5563 5663 5803 5924 5879 5778 5720 5674 5702 5747 5702 5770 5810 5789 5690 5675 5663 5643 5623 5612 5574 5546 5527 5510 5499 5494 5484 5479 5485 5496 5485 5467 5453 5425 5409 5397 5384 5376 5375 5371 5369 5371 5354 5338 5334 5330 5324 5322 5321 5321 5323
5470 5467 5465 5465 5460 5458 5464 5467 5466 5456 5449 5450 5460 5471 5484 5498 5515 5526 5509 5519 5526 5524 5520 5515 5515 5517 5517 5514 5514 5531 5546 5542 5569 5608 5697 5814 5854 5599 5446 5340 5284 5298 5354 5425 5513 5593 5667 5784 5767 5681 5651 5631 5592 5567 5561 5552 5538 5519 5498 5484 5483 5488 5492 5490 5484 5472 5447 5425 5412 5407 5391 5374 5368 5360 5346 5364 5353 5343 5335 5327 5319 5313 5318 5320
5463 5459 5455 5455 5462 5472 5468 5471 5472 5460 5445 5449 5459 5472 5487 5501 5515 5519 5515 5524 5522 5508 5497 5502 5508 5510 5516 5517 5520 5540 5553 5549 5604 5665 5679 5675 5563 5274 5078 4984 4926 4954 5011 5078 5143 5211 5301 5399 5567 5609 5634 5635 5600 5579 5575 5567 5568 5539 5508 5486 5483 5481 5478 5471 5481 5480 5454 5431 5413 5398 5385 5370 5360 5348 5356 5372 5361 5350 5341 5334 5325 5319 5318 5319
5456 5455 5450 5448 5450 5448 5461 5475 5487 5489 5460 5456 5465 5477 5490 5502 5511 5517 5527 5535 5515 5499 5488 5504 5522 5527 5526 5524 5529 5535 5555 5632 5632 5694 5601 5457 5250 4979 4780 4738 4709 4725 4764 4789 4858 4945 5024 5125 5312 5483 5612 5665 5673 5644 5603 5581 5585 5554 5523 5502 5487 5475 5460 5459 5464 5460 5447 5431 5410 5383 5377 5369 5358 5345 5353 5355 5360 5354 5344 5335 5328 5326 5321 5319
5450 5452 5451 5445 5440 5438 5452 5476 5502 5508 5475 5466 5475 5484 5493 5504 5510 5520 5519 5513 5502 5500 5498 5517 5546 5550 5538 5528 5519 5523 5552 5643 5663 5712 5513 5245 5010 4786 4642 4600 4548 4543 4553 4554 4622 4697 4841 4946 5124 5349 5584 5771 5712 5660 5626 5583 5577 5554 5532 5513 5494 5477 5467 5468 5451 5443 5437 5427 5417 5413 5389 5376 5365 5358 5378 5374 5365 5354 5345 5334 5328 5323 5321 5321
5445 5447 5448 5443 5435 5428 5444 5470 5501 5516 5491 5483 5486 5490 5495 5504 5515 5519 5509 5500 5515 5512 5511 5526 5548 5555 5547 5536 5524 5533 5576 5694 5837 5736 5399 5110 4883 4651 4546 4511 4460 4434 4413 4424 4458 4506 4632 4761 4959 5201 5420 5603 5687 5705 5662 5572 5553 5543 5532 5521 5501 5477 5453 5454 5448 5438 5430 5418 5411 5410 5396 5387 5378 5355 5383 5382 5362 5351 5341 5338 5331 5318 5318 5323
5442 5443 5449 5444 5437 5434 5445 5462 5466 5481 5502 5505 5494 5488 5490 5496 5503 5492 5503 5510 5512 5514 5518 5532 5547 5557 5555 5554 5560 5589 5674 5751 5771 5501 5187 4882 4696 4518 4428 4413 4384 4373 4365 4368 4377 4406 4503 4626 4829 5025 5211 5419 5634 5784 5712 5612 5541 5531 5524 5520 5503 5480 5464 5459 5451 5437 5422 5408 5396 5388 5391 5394 5402 5400 5365 5350 5346 5340 5336 5334 5328 5321 5322 5328
5440 5442 5446 5444 5440 5441 5452 5469 5477 5484 5502 5506 5493 5487 5484 5481 5480 5484 5503 5514 5505 5512 5530 5551 5575 5565 5563 5567 5589 5626 5719 5729 5490 5232 4954 4663 4515 4385 4367 4350 4335 4326 4324 4327 4332 4357 4411 4519 4669 4851 5050 5296 5557 5733 5717 5619 5526 5516 5511 5506 5496 5484 5473 5461 5456 5435 5415 5399 5384 5378 5380 5389 5406 5420 5387 5343 5337 5331 5328 5324 5318 5320 5325 5333
