real_craters/C092-500m.grd
DSAA
125 125
-31.115 31.115
-31.115 31.115
4286.1608136824 5992.0731457104
[rows 0 to 29 of 125, columns 0 to 66 of 125]
5517.31 5518.57 5519.17 5514.96 5510.27 5504.15 5499.1 5495.85 5496.68 5500.98 5506.94 5503.57 5498.34 5492.38 5486.48 5480.19 5474.05 5468.4 5462.68 5456.96 5452.45 5453.86 5453.4 5451.17 5452.86 5453.14 5452.15 5453.26 5456.95 5460.19 5463.26 5467.71 5469.39 5469.43 5466.31 5466.19 5471.77 5472.29 5472.02 5480.7 5490.86 5498.26 5508.7 5516.86 5511.34 5508.44 5508.4 5509.64 5511.51 5513.65 5511.8 5506.17 5501.56 5502.28 5501.65 5501.23 5499.01 5494.63 5486.67 5476.63 5468.46 5461.53 5459.18 5460.18 5462.6 5474.74 5488.85
5513.11 5519.62 5518.17 5514.64 5508.61 5503.07 5498.36 5494.15 5492.38 5499.38 5505.96 5500.13 5494.01 5488.29 5482.01 5476.31 5470.76 5465.73 5461.45 5458.17 5456.35 5456.02 5456.37 5457.44 5457.22 5456.25 5455.34 5455.44 5458.13 5460.73 5464.43 5471.27 5476.33 5474.89 5468.36 5466.01 5469.32 5471.77 5474.85 5483.59 5494.93 5507 5508.09 5510.48 5509.64 5509.54 5511.46 5514.32 5517.4 5520.33 5519.07 5517.48 5508.41 5504.43 5503.79 5503.16 5500.95 5497.13 5492.03 5486.33 5475.97 5466.76 5462.33 5458.47 5462.32 5484.91 5492.54
5510.38 5518.9 5518.39 5513.51 5507.11 5501.48 5495.88 5490.22 5484.98 5493.59 5493.24 5489.71 5485.38 5481.63 5477.18 5472.36 5467.97 5464.28 5460.47 5457.14 5455.79 5458 5459.54 5461.31 5461.39 5460.06 5459.59 5460.62 5459.37 5460.78 5462.63 5464.12 5474.94 5475.49 5470.49 5468.24 5470.45 5472.82 5478.24 5485.42 5496.57 5508.15 5504.05 5498.06 5504.24 5508.16 5511.63 5516.02 5521.57 5527.15 5529.34 5527.76 5507.8 5507.24 5507.91 5506.19 5507.02 5501.84 5498.54 5499.17 5491.83 5478.83 5462.85 5457.42 5462.17 5476.37 5491.62
5508.96 5514.89 5514.51 5509.9 5504.63 5498.71 5492.79 5487.01 5480.16 5472.37 5474.32 5478.21 5478.08 5475.95 5472.66 5469 5465.98 5462.31 5458.88 5458.02 5457.4 5458.84 5461.38 5464.89 5465.94 5462.35 5459.7 5456.56 5458.91 5460.53 5463.46 5466.04 5463.22 5470 5475.49 5475.36 5472.7 5474.29 5476.93 5483.02 5493.2 5502.88 5499.58 5496.91 5501.08 5505.44 5510.12 5515.27 5521.91 5531.13 5546.11 5541.09 5528.01 5522.8 5521.12 5516.12 5519.45 5516.25 5512.99 5509.4 5502.9 5491.7 5475.88 5466.01 5464.44 5475.62 5491.59
5505.44 5509.2 5509.88 5505.35 5499.55 5493.93 5488.56 5484.02 5480.78 5469.05 5469.95 5470.83 5470.22 5469.11 5467.01 5464.39 5462.88 5460.24 5456.75 5450.74 5453.47 5458.12 5460.88 5463.71 5464.15 5461.79 5460.4 5459.85 5459.93 5459.51 5459.96 5461.12 5461.23 5468.54 5478.98 5482.62 5481.16 5481.61 5477.22 5477 5487.23 5496.12 5497.67 5496.7 5499.32 5502.39 5506.5 5511.21 5516.25 5522.29 5525.93 5524.09 5542.7 5541.62 5540.66 5536.69 5533.04 5530.3 5525.37 5517.75 5510.62 5493.15 5487.83 5481.86 5477.04 5481.58 5490.3
5499.65 5504.3 5504.79 5497.28 5491.73 5487.63 5483.55 5479.14 5472.84 5465.33 5464.86 5464.67 5464.6 5463.92 5463.08 5462.03 5461.32 5459.88 5458.53 5456.98 5456.31 5457.92 5458.9 5459.23 5458.91 5459.27 5459.76 5460.97 5459.78 5457.83 5455.35 5455.71 5460.09 5466.64 5476.8 5486.69 5497.63 5492.48 5478.31 5472.38 5482.85 5496.25 5499.84 5497.67 5499.04 5499.7 5502.75 5506.03 5508.71 5510.69 5507.98 5521.89 5526.02 5550.64 5557.25 5547.82 5545.75 5544.43 5537.37 5525.91 5520.06 5514.28 5500.76 5490.1 5483.94 5482.74 5491.14
5489.29 5488.66 5484.74 5482.89 5482.94 5482.36 5479.64 5474.78 5468.86 5462.16 5463.46 5461.31 5460.39 5460.73 5460.04 5459.81 5459.72 5459.59 5460.48 5462.62 5459.38 5457.45 5456.53 5456.04 5456.52 5456.02 5457.1 5458.42 5458.6 5458.48 5456.44 5457.2 5459.75 5463.94 5466.47 5483.69 5498.26 5496.07 5479.43 5468.99 5479.55 5493.54 5498.44 5496.92 5498.05 5498.31 5499.47 5501.45 5502.31 5504.31 5511.64 5518.19 5528.03 5547.83 5560.17 5567.79 5567.28 5567.78 5566.03 5551.92 5530.58 5527.73 5514.57 5499.25 5491.57 5484.51 5489.18
5477.36 5468.83 5458.97 5468.56 5474.88 5477.85 5477.68 5472.92 5466.97 5464.89 5461.62 5458.85 5458.47 5458.83 5458.86 5458.19 5457.87 5457.53 5458.27 5459.16 5457.2 5455.57 5454.15 5452.5 5449.5 5452.77 5455.69 5456.88 5459.6 5463.14 5464.11 5466.33 5469.68 5467.79 5470.76 5482.74 5492.98 5492.45 5479.64 5471.05 5477.59 5488.41 5494.69 5496.9 5498.74 5499.24 5496.98 5497.2 5493.96 5494.13 5495.61 5497.71 5520.53 5560.06 5584.79 5581.83 5588.83 5586.97 5579.83 5572.05 5567.43 5534.95 5530.6 5522.37 5508.94 5502.44 5489.65
5469.02 5463.17 5460.09 5464.86 5470.68 5476.53 5480.11 5480.22 5475.87 5465.6 5451.8 5457.55 5460.15 5460.88 5459.84 5457.64 5455.42 5453.83 5452.78 5452.56 5452.97 5452.74 5452.45 5451.95 5452.26 5454.21 5457.13 5460.15 5464.54 5469.85 5472.97 5462.13 5461.99 5471.93 5480.74 5484.09 5487.14 5484.75 5477.33 5473.43 5477.18 5485.15 5489.54 5496.83 5500.36 5499.54 5498.27 5495.17 5492.28 5488.12 5485.31 5490.13 5522.92 5569.12 5611.62 5603.43 5601.89 5596.82 5574 5557.89 5556.18 5569.36 5553.51 5531.45 5518.56 5509.93 5489.26
5463.29 5460.64 5464.24 5464.85 5468.55 5476.64 5485.15 5490.05 5489.8 5482.57 5469.18 5467.12 5465.78 5465.07 5461.97 5458.27 5453.66 5450.18 5446.89 5446.09 5448.54 5450.29 5451.74 5453.17 5454.45 5456.68 5459.43 5463.04 5467.5 5471.76 5477.95 5459 5459.58 5474.88 5483.98 5484.12 5481.29 5476.1 5474.65 5472.8 5478.41 5485.18 5493.27 5500.93 5503.61 5504.7 5503.5 5501.32 5498.18 5492.17 5489.34 5505.14 5536.33 5564.69 5578.95 5583.03 5582.86 5573.18 5544.93 5533.52 5530.48 5540.29 5534.49 5519.94 5509.95 5505.14 5494.29
5455.47 5453.08 5453.52 5456.07 5463.11 5474.79 5490.66 5507.36 5506.03 5498.03 5487.63 5482.31 5477.23 5471.91 5466.06 5459.61 5453.75 5448.36 5444.5 5443.42 5445.68 5448.49 5451.4 5454.68 5459.02 5461.31 5460.89 5461.75 5463.48 5465.51 5467.59 5472.66 5474.47 5482 5486.02 5485.57 5480.97 5475.1 5476.64 5480.3 5486.45 5494.46 5499.7 5507 5511.59 5513.22 5514.09 5514.43 5512.28 5508.45 5508.74 5533.92 5564.29 5561.86 5547.9 5545.25 5540.8 5528.27 5520.07 5516.51 5513.65 5509.24 5502.65 5494.15 5491.51 5499.8 5496.16
5446.76 5442.75 5439.81 5443.89 5454.56 5468.52 5487.53 5510.26 5513.9 5509.36 5505.16 5497.6 5490.97 5483.09 5474.12 5464.99 5455 5447.31 5442.65 5441.89 5444.64 5448.23 5452.08 5455.93 5459.47 5460.97 5460.46 5459.56 5460.02 5459.02 5460.39 5466.82 5478.98 5492.75 5494.04 5488.48 5484.5 5481.72 5482.79 5485.87 5492.35 5503.88 5514.28 5515.23 5518.24 5521.76 5526.46 5530.19 5534.56 5538.16 5539.36 5582.85 5593.73 5558.12 5522.31 5516.05 5510.93 5497.65 5503.3 5503.36 5502.84 5496.76 5491.18 5483.57 5481.99 5486.95 5486.05
5438.8 5433.87 5431.41 5433.71 5443.59 5456.21 5471.76 5491.41 5516.13 5523.76 5514.56 5511.35 5504.31 5493.29 5481.72 5469.98 5458.32 5447.32 5438.66 5439.31 5441.59 5449.38 5453.19 5456.78 5460.17 5461.6 5459.17 5455.93 5453.1 5457.32 5465.02 5474.59 5480.51 5483.97 5488.54 5488.53 5488.46 5489.88 5490.26 5489.79 5492.74 5507.21 5512.78 5516.83 5523.96 5530.23 5537.21 5546.98 5560.19 5572.35 5585.54 5598.82 5581.06 5539.43 5505.31 5502.36 5502.41 5505.77 5497.27 5493.93 5481.16 5485.17 5483.28 5481.28 5479.15 5481.4 5482.48
5431.66 5427.03 5423.33 5424.04 5432.98 5443.03 5453.06 5468.88 5503.28 5520.76 5531.93 5530.25 5514.01 5499.5 5486.31 5473.75 5461.88 5449.09 5440.49 5440.23 5444.4 5448.74 5455.01 5457.66 5459.86 5460.8 5457.32 5453.23 5451.54 5456.68 5468.6 5479.11 5481.2 5484.48 5484.75 5486.95 5490.16 5494.4 5497.46 5499.38 5501.9 5499.72 5510.9 5522.55 5528.82 5535.84 5544.82 5557.26 5574.47 5597.21 5607.62 5576.7 5541.57 5514.44 5495.47 5496.38 5499.11 5503.76 5501.21 5494.03 5491.12 5489.89 5490.27 5485.85 5482.18 5479.22 5479.33
5428.12 5423.25 5419.03 5418.93 5426.33 5434.45 5440.05 5446.93 5469.94 5497.16 5520.96 5527.89 5514.76 5501.38 5490.14 5479.38 5468.18 5455.75 5441.62 5446.88 5451 5455.52 5457.93 5458.68 5458.86 5459.85 5454.54 5451.32 5449.89 5454.85 5468.44 5479.15 5475.36 5475.58 5479.02 5484.55 5489.79 5493.5 5498.68 5509.48 5518.88 5515.57 5519.16 5526.16 5529.42 5535.66 5544.38 5556.15 5572.67 5595.63 5607.26 5558.59 5519.63 5503.13 5495.02 5494.62 5495.06 5497.41 5501.73 5501.55 5504.19 5500.07 5497.85 5491.77 5485.03 5482.01 5483.41
5426.34 5423.01 5419.78 5418.37 5425.3 5432.19 5441.4 5443.85 5437.84 5468.39 5496.46 5508.97 5502.91 5496.22 5490.2 5484.34 5478.76 5472.04 5465.99 5462.71 5462.85 5463.63 5462.13 5460.11 5457.03 5451.62 5450 5450.1 5449.7 5454.89 5467.9 5474.75 5467.31 5460.23 5473.45 5484.22 5492.12 5496.91 5504.55 5519.89 5523.55 5520.75 5521.47 5523.6 5528.87 5534.79 5541.9 5549.04 5555.39 5561.06 5554.73 5526.28 5510.22 5506.67 5496.94 5489.31 5492 5496.04 5504.56 5515.88 5511.77 5504.7 5499.24 5494.12 5492.09 5490.61 5494.69
5427.75 5426.82 5425.6 5425.77 5429.14 5432.87 5436.77 5438.55 5441.02 5453.22 5468.53 5476.65 5483.28 5486.27 5487.77 5488.63 5489.42 5488.45 5485.43 5479.98 5476.49 5473.01 5469.39 5463.01 5458.07 5452.6 5451.49 5452.29 5453.71 5459.32 5468.53 5474.44 5473.34 5470.41 5478.54 5488.04 5498.15 5511.23 5530.29 5535.41 5546.55 5529.16 5521.97 5518.97 5526.5 5532.08 5535.4 5534.87 5529.41 5513.94 5494.4 5487.64 5490.28 5504.4 5501.63 5491.94 5493.26 5496.2 5503.58 5506.34 5504.99 5505.97 5500.95 5497.3 5495.95 5499.82 5513.57
5429.82 5431.83 5433.66 5434.22 5436.51 5434.84 5432.15 5434.23 5438.98 5444.08 5449.55 5454.17 5466.38 5477.24 5485.76 5492.53 5498.96 5501.29 5498.83 5493.51 5487.47 5481.36 5475.05 5467.73 5463.18 5459.83 5457.84 5457.98 5459.35 5462.38 5477.16 5483.9 5487.34 5487.96 5487.45 5492.73 5501.47 5514.43 5528.37 5531.05 5537.86 5528.13 5519.39 5516.43 5525.92 5529.85 5527.98 5522.75 5511.95 5492.94 5478 5474.58 5477.72 5485.93 5492.96 5494.75 5493.48 5496.92 5499.81 5504.77 5511.81 5509.42 5509.54 5508.04 5501.69 5514.9 5542.76
5431.25 5435.9 5441.76 5449.82 5448.23 5438.85 5432.44 5432.86 5435.4 5438.3 5440.95 5442.63 5457.54 5471.63 5483.54 5494.69 5506.79 5515.23 5512.81 5504.83 5495.76 5487.31 5480.57 5474.43 5469.13 5466.32 5464.72 5464.67 5467.55 5472.66 5486.88 5489.63 5490.07 5491.39 5490.75 5494.52 5499.9 5505.08 5505.13 5507.71 5501.11 5498.02 5514.68 5528.94 5534.7 5530.02 5523.01 5515.32 5506.02 5497.62 5488.9 5476.29 5465.2 5468.1 5480.78 5485.31 5487.5 5487.37 5488.52 5493.28 5504.3 5507.43 5515.62 5524.01 5525.99 5540.12 5559.18
5432.12 5437.08 5443.74 5451.36 5448.22 5438.44 5434.5 5432.46 5433.93 5436.02 5440.19 5446.09 5457.12 5468.86 5480.6 5492.59 5507.68 5528.46 5522.23 5509.23 5499.07 5490.52 5484.22 5479.08 5475.1 5472.24 5471.42 5469.41 5472.6 5481.01 5489.19 5489.97 5478.43 5482.22 5489.81 5493.72 5495.94 5497.47 5496.92 5491.44 5481.34 5483.14 5509.54 5542.52 5542.3 5526.09 5515.9 5507.96 5502.77 5501.28 5500.33 5482.42 5468.18 5465.81 5474.85 5481.01 5482.63 5483.46 5482.94 5480.47 5484.23 5498.2 5511.35 5522.98 5539.59 5555.99 5560.26
5432.85 5437.09 5440.61 5441.21 5437.43 5431.4 5426.64 5426.58 5429.94 5434.34 5440.74 5450.95 5457.93 5466.02 5475.76 5485.5 5494.07 5501.4 5506.74 5503.21 5497.25 5491.71 5486.29 5481.95 5478.51 5476.3 5473.24 5472.55 5471.94 5478.83 5492.5 5494.43 5496.9 5493 5493.22 5494.06 5494.4 5492.34 5491.22 5482.78 5473.64 5477.77 5497.4 5514.3 5516.37 5512.14 5506.35 5500.21 5494.68 5492.84 5490.23 5484.39 5476.77 5477.05 5477.52 5476.85 5476.12 5475.93 5477.84 5471.82 5476.3 5488.16 5504.51 5524.25 5539.99 5556.56 5550.7
5432.9 5435.88 5437.32 5436.16 5432.15 5425.97 5421.36 5423.4 5428.79 5434.35 5440.21 5446.38 5453.28 5462.27 5471.37 5479.21 5481.81 5471.68 5489.32 5495.12 5494.06 5490.63 5486.29 5483.39 5481.1 5479.83 5480.21 5476.15 5471.41 5475.4 5485.52 5495.37 5504.44 5498.29 5494.46 5491.88 5489.47 5486.01 5480.38 5473.61 5468.26 5480.62 5484.6 5487.81 5490.81 5496.25 5495.08 5490.51 5484.14 5476.91 5481.08 5483.79 5486.13 5484.51 5478.74 5476.25 5475.23 5473.09 5468.46 5466.36 5465.35 5477.57 5492.32 5506.65 5522.21 5536.05 5529.16
5432 5434.32 5435.25 5434.3 5430.83 5425.38 5423.76 5427.05 5431.89 5436.77 5440.83 5445.12 5450.62 5459.44 5468.26 5477.09 5487.75 5497.72 5491.94 5491.27 5490.5 5488.3 5485.18 5482.24 5480.42 5479.74 5481.39 5477.49 5474.74 5479.61 5484.04 5493.72 5498.89 5496.33 5491.57 5488.15 5484.8 5481.04 5475.32 5471.66 5472.15 5469.29 5474.98 5480.25 5484.58 5486.93 5486.09 5483.15 5479.66 5476.64 5476.21 5481.94 5485.92 5482.34 5477.84 5476.83 5476.5 5475.46 5464.44 5463.4 5463.65 5469.71 5478.83 5487.64 5495.18 5494.41 5499.76
5432.07 5434.11 5435.43 5435.17 5433.35 5426.75 5428.06 5435.6 5439.57 5441.62 5443.9 5446.44 5450.74 5458.16 5465.71 5473.24 5482.18 5491.84 5489.97 5488.54 5487.74 5486.11 5484.07 5481.11 5478.96 5476.41 5473.38 5475.32 5480.66 5484.51 5486.92 5490.29 5494.69 5490.59 5487.45 5484.54 5481.09 5477.9 5475.27 5475.46 5477.29 5467.72 5472.07 5478.18 5480.37 5482.06 5480.76 5477.58 5474.69 5475.39 5477.37 5481.64 5483.14 5480.55 5480.47 5478.41 5475.97 5474.99 5467.32 5459.8 5459.85 5462.87 5467.91 5472.8 5479.69 5485.99 5489.33
5432.72 5434.68 5436.37 5437.41 5437.66 5434.77 5439.53 5449.51 5447.82 5446.86 5447.99 5449.5 5452.46 5458.26 5464.57 5469.21 5469.83 5472.11 5481.32 5484.3 5484.37 5483.2 5481.82 5479.8 5477.11 5474.51 5470.9 5476.71 5484.95 5494.54 5494.73 5486.42 5479.65 5483.23 5482.9 5481.39 5478.77 5476.1 5474.02 5473.43 5472.34 5474.83 5479.19 5481.8 5483.24 5481.75 5478.56 5474.69 5469.06 5468.42 5476.02 5483.74 5490.45 5488.59 5488.82 5479.75 5475.13 5475.6 5470.55 5456.29 5454.12 5456.81 5462.19 5466.48 5474.81 5491.42 5497.99
5434.12 5436.36 5438.68 5440.58 5442.4 5450.51 5452.05 5453.7 5452.72 5452.25 5452.46 5452.66 5454.01 5459.8 5466.02 5470.64 5472.56 5475.01 5479.79 5482.05 5482.18 5481.68 5480.1 5478 5476.15 5475.5 5477.67 5487.35 5499.71 5499.84 5495.23 5484.76 5480.81 5480.15 5481.56 5480.55 5479.21 5475.73 5472.23 5472.32 5471.03 5482.68 5487.42 5487.87 5486.77 5482.58 5479.45 5476.31 5472.47 5470.57 5477.1 5485.39 5490.88 5485.94 5481.75 5475.63 5468.55 5468.12 5460.91 5451.03 5447.69 5452.53 5464.09 5473.15 5480.05 5492.39 5504.46
5437.55 5439.83 5442.24 5444.5 5448.1 5455.38 5453.26 5451.11 5455.47 5457.59 5458.47 5458.55 5458.57 5464.09 5470.42 5476.45 5483.4 5484.02 5481.97 5481.3 5481.01 5480.66 5479.86 5478.25 5475.9 5475.86 5479.73 5490.72 5497.88 5484.22 5481.66 5476.11 5475.54 5479.93 5482.6 5483.47 5481.49 5477.47 5473.53 5470.85 5476.67 5488.75 5497.04 5495.38 5487.25 5483.21 5481.69 5480.33 5481.73 5480.18 5481.15 5485.97 5487.05 5472.31 5470.53 5470.61 5470.14 5463.54 5455.82 5450.28 5450.83 5458.99 5475.83 5486.16 5490.4 5498.07 5508.25
5440.89 5443.55 5445.77 5448.35 5453.11 5455.56 5455.4 5456.7 5460.43 5463.15 5465.11 5466.47 5468.03 5471.7 5476.34 5481.08 5485.94 5485.98 5483.09 5481.29 5479.52 5478.53 5478.75 5478.93 5478.53 5476.42 5473.83 5471.87 5479.15 5478.83 5472.68 5472.33 5478.23 5485.28 5489.89 5491.68 5489.01 5483.61 5477.78 5472.48 5481.21 5503.3 5515.8 5505.74 5492.6 5486.36 5484.65 5482.51 5481.47 5480.71 5481.66 5484.91 5484.57 5468.86 5466.03 5469.47 5468.22 5461.49 5450.43 5450.5 5473.47 5490.9 5498.03 5503.92 5508.83 5507.35 5504.78
5443.77 5446.45 5448.87 5450.91 5452.04 5453.89 5461.9 5465.85 5467.56 5469.82 5472.8 5475.53 5477.47 5479.99 5482.33 5483.34 5484.74 5483.55 5481.31 5479.53 5477.89 5477.5 5478.15 5479.34 5478.53 5476.82 5474.19 5470.83 5477.7 5478.01 5471.05 5473.79 5486.99 5497.41 5502.22 5503.5 5502.09 5495.12 5490.46 5480.64 5483.92 5508.12 5523.01 5509.65 5498.74 5492.16 5487.23 5484.4 5480.19 5476.71 5479.23 5482.37 5481.98 5471.63 5470.4 5474.77 5474.4 5465.5 5456.27 5488.98 5508.93 5520.31 5514.81 5514.66 5511.9 5505.81 5498.72
5448.96 5451.16 5453.5 5454.94 5455.14 5457.57 5468.05 5472.61 5474.77 5477.51 5480.74 5484.82 5489.33 5491.09 5488.07 5483.77 5477.49 5479.82 5478.48 5476.76 5475.92 5476.81 5475.51 5475.09 5476.03 5478.68 5480.6 5480.27 5484.55 5484.82 5492.1 5502.64 5511.26 5516.09 5516.6 5516.83 5514.83 5509.61 5506.39 5510.46 5492.7 5501.13 5507.02 5501.62 5496.35 5491.81 5487.2 5486.14 5482.14 5474.75 5477.64 5479.67 5479.25 5474.98 5477.09 5481.23 5481.84 5474.19 5481.76 5511.43 5519.89 5514.66 5517.48 5520.48 5518.4 5508.79 5498.5
