real_craters/C092-500m.grd
DSAA
125 125
-31.115 31.115
-31.115 31.115
4286.1608136824 5992.0731457104
[rows 60 to 89 of 125, columns 0 to 66 of 125]
5437.54 5446.99 5450.36 5449.56 5446.48 5444.33 5441.61 5439.73 5438.9 5441.17 5446.4 5450.29 5453.08 5470.21 5482.07 5493.26 5509.56 5519.68 5501.19 5487.12 5477.17 5468.88 5461.17 5456.67 5454.49 5459.27 5474.32 5490.6 5496.55 5501.47 5509.04 5520.13 5536.97 5553.98 5567.52 5565.67 5562.55 5562 5566.21 5566.67 5579.77 5595.99 5627.9 5696.59 5807.42 5797.3 5499.75 5267.31 5074.5 4948.08 4843.61 4766 4644.5 4459.32 4333.02 4305.33 4297.51 4297.88 4295.72 4294.97 4307.07 4339.08 4324.99 4312.31 4301.07 4294.96 4288.73
5436.96 5442.2 5445.25 5448.02 5446.71 5444.74 5442.62 5440.98 5440.13 5440.59 5440.62 5438.7 5439.36 5455.49 5471.83 5488.64 5512.06 5524.83 5498.38 5484.6 5475.67 5468.59 5461.33 5451.35 5450.17 5455.46 5475.28 5497.69 5498.78 5503.23 5512.16 5526.33 5537.5 5547.42 5554.84 5559.65 5562.71 5562.49 5564.97 5569.35 5576.47 5590.78 5615.03 5657.89 5748.85 5759.63 5500.48 5241.39 5039.16 4905.52 4798.13 4707.83 4564.67 4388.91 4325.68 4298.86 4294.02 4295.98 4295.28 4295.75 4298.28 4296.51 4301.01 4299.03 4296.17 4296.15 4290.66
5438.65 5441.92 5445.05 5447.72 5447.56 5446.38 5444.45 5441.78 5441.16 5441.49 5439.27 5436.99 5440.03 5448.75 5460.33 5470.69 5474.57 5465.2 5474.34 5475.14 5473.53 5470.85 5466.78 5461.32 5460.68 5463.84 5467.81 5476.79 5490.48 5499.84 5508.72 5519.02 5528.72 5539.76 5550.81 5562.83 5563.98 5564.86 5569.14 5571.39 5580.01 5591.69 5612.44 5657.47 5778.36 5729.78 5495.89 5247.01 5022.46 4835.46 4748.26 4656.24 4516.9 4381.16 4331.66 4303.8 4294.74 4296.39 4295.29 4295.93 4295.41 4293.46 4295.45 4299.19 4300.82 4299.92 4295.12
5440.92 5445.9 5449.38 5450.08 5449.61 5448.27 5445.7 5442.53 5440.5 5442.21 5437.23 5434.81 5437.41 5444.42 5451.22 5455.41 5454.27 5451.1 5459.3 5466.79 5470.87 5473.02 5474.62 5474.55 5464.34 5462.75 5465.76 5471.62 5486.27 5496.67 5503.64 5508.16 5518 5533.18 5545.74 5558.76 5567.26 5570.38 5569.3 5572.59 5578.66 5589.28 5611.67 5668.27 5820.27 5743.32 5532.13 5282.04 5047.83 4851.27 4744.07 4660.13 4511.35 4382.64 4338.02 4315.3 4302.32 4297.46 4294.88 4296.11 4295 4293.27 4295.3 4301.6 4306 4304.56 4300.16
5441.98 5448.72 5452.5 5453.54 5452.65 5450.32 5446.87 5442.25 5436.72 5428.7 5429.21 5436.55 5440.32 5443.35 5447.01 5449.06 5448.46 5446.67 5454.53 5462.98 5469.07 5474.08 5478.98 5482.05 5468.75 5467.94 5475.54 5482.92 5488.91 5495.64 5502.19 5509.08 5518.58 5529.33 5543.21 5558.81 5566.86 5568.13 5567.31 5567.84 5572.77 5583.44 5607.51 5663.8 5787.96 5757.83 5590.01 5351.91 5111.97 4904.91 4771.87 4681.94 4553.96 4434.25 4369.33 4334.3 4312.58 4300.02 4294.03 4295.89 4294.86 4293.54 4295.76 4302.97 4308.55 4308.06 4305.25
5447.18 5455.24 5458.29 5458.11 5455.4 5452.06 5448.1 5443.56 5437.71 5429.34 5431.98 5439.12 5442.07 5443.56 5445.77 5447.23 5449.34 5453.33 5457.73 5463.44 5469.03 5474.11 5478.01 5478.44 5473.66 5475.85 5482.72 5489.08 5493.02 5497.22 5501.43 5507.66 5514.65 5524.34 5535.99 5556.5 5568.99 5566.73 5562.96 5560.51 5564.15 5575.52 5607.03 5668.53 5781.88 5798.62 5656.88 5437.92 5201.67 4972.56 4805.7 4696.15 4615.1 4483.77 4401.17 4360.48 4330.55 4306.79 4294.16 4294.71 4294.68 4295.05 4297.56 4304.47 4309.57 4311.04 4310.77
5452.22 5467.7 5469.76 5462.63 5458.05 5454.01 5450.2 5446.55 5443.77 5444.02 5444.46 5442.01 5441.92 5444.11 5446.71 5449.57 5452.25 5455.2 5459.48 5465.07 5470.12 5474.18 5476.57 5476.5 5477.63 5485.05 5494.76 5497.54 5497.43 5498.02 5500.24 5505.15 5512.11 5516.92 5529.28 5562.44 5573.55 5565.67 5559.57 5556.54 5558.05 5573.27 5602.61 5655.9 5823.54 5857.66 5742.44 5550.49 5313 5066.51 4862.27 4724.52 4647.07 4527.99 4447.01 4397.77 4356.15 4319.72 4298.26 4296.41 4295.43 4298.32 4303.64 4309.48 4315.08 4318.3 4320.73
5458.07 5459.91 5463.81 5462.47 5459.09 5455.29 5452.03 5449.34 5447.96 5448.35 5448.1 5439.81 5441.29 5444.65 5448.61 5452.63 5456.85 5459.34 5464.03 5468.68 5471.79 5475.05 5479.48 5482.18 5483.39 5493.29 5500.75 5503.33 5500.78 5498.32 5496.59 5496.77 5498.84 5504.1 5515.77 5557.13 5565.24 5557.68 5553.72 5551.21 5554.96 5566.08 5595.78 5658.46 5804.17 5898.03 5841.3 5675.89 5441.48 5185.82 4953.69 4791.56 4716.94 4581.8 4507.09 4446.15 4391.53 4341.08 4299.08 4303.8 4299.27 4303.63 4313.24 4316.63 4323.78 4328.17 4334.55
5461.76 5461.03 5460.64 5459.89 5457.87 5454.83 5451.78 5449.4 5448.26 5447.26 5444.78 5442.32 5442.54 5446 5450.7 5456 5462.86 5470.26 5475.32 5474.35 5472.29 5472.57 5477.37 5486.22 5496.43 5500.86 5508.17 5506.52 5501.91 5497.13 5492.24 5486.89 5482.53 5487.82 5501.26 5517.52 5531.5 5539.1 5542.03 5542.93 5546.88 5558 5583.13 5641.35 5773.09 5915.86 5945.33 5820.53 5571.37 5302.02 5049.36 4881.51 4798.17 4703.04 4582.49 4505.75 4441.85 4384.04 4343.04 4318.56 4308.25 4313.4 4317.55 4323.44 4332.82 4343.09 4357.12
5456.09 5458.66 5460.18 5458.71 5456.64 5453.55 5451.47 5449.18 5447.44 5445.84 5444.4 5440.76 5442.09 5445.13 5450.2 5457.35 5466.7 5478.34 5486.77 5476.36 5469.29 5466.07 5465.33 5471.88 5484.39 5500.49 5512.07 5506.92 5500.48 5494.01 5487.47 5481.12 5475.12 5476.94 5480.8 5496.33 5512.88 5525.08 5532.12 5536.35 5541.34 5549.41 5564.52 5603.28 5715.72 5861.43 5966.89 5925.8 5684.96 5413.57 5150.41 4965.2 4840.5 4732 4644.1 4568.45 4500.27 4437.95 4382.88 4347.72 4335.15 4340.44 4338.51 4340.11 4354.12 4373.03 4401.3
5454.42 5460.55 5458.78 5457.26 5454.47 5451.92 5448.82 5446.5 5444.48 5442.95 5441.11 5439.55 5441.68 5446.1 5451.69 5458.35 5464.85 5471.45 5474.45 5469.49 5463.61 5459.69 5461.18 5468.34 5481.36 5496.91 5504.73 5502.79 5497.73 5491.4 5485.05 5480 5476.4 5476.11 5480.77 5491.37 5505.78 5517.96 5526.86 5533.31 5540.81 5548.31 5559.88 5587.01 5664.26 5768.49 5871.67 5895.15 5749.37 5512.55 5267.69 5068.92 4915.74 4771.7 4708.43 4643.96 4577.13 4511.32 4459.78 4418.53 4399.11 4404.72 4388.39 4380.35 4392.8 4417.45 4479.83
5454.41 5457.82 5456.44 5454.01 5451.17 5449.13 5446.19 5443.67 5441.25 5439.14 5437.77 5437.39 5439.32 5443.53 5449.04 5455.13 5460.3 5463.41 5461.37 5461.43 5457.7 5454.3 5462.04 5481.25 5491.81 5495.62 5497.89 5496.83 5492.89 5487.87 5482.49 5478.59 5476.53 5476.28 5479.31 5490.01 5503.58 5518.94 5528.26 5535.54 5541.35 5550.94 5567.07 5590.83 5644.49 5736.93 5848.26 5871.58 5774.88 5591.18 5370.87 5157.33 4990.16 4872.18 4801.66 4736.5 4671.23 4603.06 4545.6 4539.23 4528.58 4510.01 4502.53 4498.52 4470.62 4485.6 4596
5453.76 5454.51 5453.69 5451.28 5448.35 5445.28 5442.19 5439.14 5436.26 5433.77 5431.75 5432.92 5434.94 5439.51 5444.86 5451.02 5457.06 5460.51 5460.33 5460.34 5455.91 5448.73 5454.69 5494.01 5500.84 5494.38 5491.31 5490.69 5488.15 5483.98 5480.12 5476.51 5475.58 5475.79 5479.87 5495.95 5513.02 5526.74 5533.89 5536.18 5542 5552.63 5570.81 5589.55 5637.23 5702.66 5803.43 5875.46 5836.57 5674.76 5465.99 5262.87 5094.26 4999.7 4926.3 4859.28 4790.83 4721.36 4668.91 4659.5 4642.42 4622.22 4613.69 4595.35 4587.36 4605.02 4672.31
5455.25 5454.61 5451.02 5447.83 5444.64 5441.81 5438.37 5435.2 5431.84 5429.19 5424.69 5423.49 5429 5434.68 5441.22 5448.13 5455.29 5463.37 5472.22 5470.9 5461.35 5453.13 5459.45 5490.78 5502.71 5495.81 5489.83 5486.03 5482.45 5478.27 5474.72 5469.43 5469.26 5471.07 5482.01 5506.2 5534.49 5539.26 5538.41 5536.94 5539.74 5547.86 5564.34 5577.97 5634.21 5714.97 5750.83 5853.94 5878.51 5768.05 5608.31 5413.11 5242.33 5153.55 5079.95 5007.38 4933.11 4866.69 4807.2 4763.67 4744.55 4737.24 4735.25 4731.08 4717.06 4703.64 4730.56
5454.96 5450.75 5447.87 5445.16 5441.82 5438.32 5434.38 5430.52 5427.1 5424.67 5423 5420.3 5423.62 5429.55 5436.38 5443.69 5451.98 5462.02 5473.48 5472.55 5467.79 5469.34 5484.85 5504.08 5507.94 5503.06 5491.4 5482.62 5476.87 5472.48 5468.76 5463.79 5462.97 5467.54 5481.56 5507.42 5536.39 5541.5 5539.31 5537.17 5533.63 5536.85 5550.66 5585.61 5619.14 5662.52 5715.25 5812.76 5878.25 5868.32 5788.14 5636 5460 5355.75 5263.97 5177.68 5088.34 5005.68 4953.97 4921.92 4889.46 4866.61 4867.16 4882.54 4853.36 4842.61 4822.58
5453.77 5448.46 5445.48 5442.49 5438.68 5434.13 5429.56 5425.52 5421.6 5418.36 5415.52 5414.32 5418.18 5423.5 5430.74 5438.29 5446.19 5454.99 5462.12 5466.29 5467.24 5480.5 5504 5518.56 5508.13 5493.07 5482.18 5473.84 5467.85 5463.98 5461.08 5459.58 5456.37 5459.9 5474.04 5499.77 5525.59 5533.82 5533.15 5530.96 5528.4 5526.3 5531.12 5567.87 5592.99 5622.82 5665.71 5792.83 5903.06 5938.99 5935.12 5877.4 5714.57 5568.41 5448.78 5348 5250.75 5143.99 5057.33 5011.45 4974.75 4984.46 4998.11 4984.36 4985.24 4978.02 4961.14
5453.57 5450.42 5445.69 5441.35 5436.34 5431.29 5425.79 5420.76 5416.08 5412.17 5410.78 5409.04 5412.21 5417.29 5424.57 5432.51 5439.57 5446.19 5449.51 5450.78 5456.41 5463.44 5495.64 5520.56 5492.33 5466.56 5465.48 5461.05 5457.78 5455.59 5453.76 5448.14 5448.73 5450.52 5468.3 5490.14 5509.06 5520.16 5524.15 5523.77 5521.44 5522.97 5529.5 5545.46 5567.62 5597.19 5650.29 5764.04 5902.06 5934.54 5949.6 5992.07 5913.52 5733.15 5604.13 5507.22 5426.55 5338.82 5237.4 5134.74 5118.15 5150.69 5180.47 5177.2 5187.82 5186.21 5177.78
5452.74 5450.93 5446.73 5440.8 5434.09 5427.78 5421.59 5416.11 5410.72 5405.96 5402.33 5403.12 5406.19 5411.8 5419.59 5427.87 5435.53 5440.66 5440.5 5438.36 5449.76 5455.18 5467.76 5475.3 5467.69 5454.35 5449.27 5448.12 5446.86 5445.93 5445.01 5444.89 5443.31 5450.18 5464.97 5483.03 5499.94 5512.27 5516.68 5516.28 5516.51 5520.02 5526.13 5535.69 5546.46 5561.88 5596.34 5690.01 5784.6 5830.94 5862.25 5881.96 5891.06 5793.62 5694.34 5627.97 5593.37 5567.52 5475.21 5364.95 5361.09 5385.87 5410.61 5441.79 5464.01 5458.03 5459.46
5456.09 5454.71 5447.95 5438.25 5430.19 5423.25 5417.03 5411.23 5405.8 5401.15 5397.74 5397.39 5399.62 5405.97 5414.45 5423.73 5432.89 5440.72 5446.83 5451.71 5458.78 5461.11 5462.93 5458.25 5447.35 5437.78 5435.94 5436.54 5435.74 5435.64 5436.8 5437.92 5439.51 5445.08 5457.15 5476.18 5497.61 5513.44 5509.31 5507.92 5507.93 5511.63 5518.05 5525.39 5532.4 5539.25 5549.45 5605.6 5650.94 5704.6 5765.4 5845.9 5849.83 5778.39 5716.78 5681 5688.73 5751.2 5679.84 5629.89 5626.12 5621.48 5611.77 5667.33 5722.32 5715.25 5744.47
5449.29 5446.26 5439.33 5432.15 5424.54 5417.73 5411.59 5406.45 5401.1 5396.4 5391.84 5387.91 5392.14 5401.34 5411.99 5423.21 5435.15 5446.64 5459.35 5472.3 5474.13 5474.55 5462.16 5448.94 5435.17 5427.55 5427.65 5429.38 5430.22 5429.51 5430.46 5432.08 5432.97 5438.64 5450.13 5467.37 5482.87 5490.17 5497.32 5497.59 5496.52 5498.53 5512.95 5523.19 5528.7 5533.6 5542.73 5559.98 5571.96 5647.58 5684.19 5717.36 5734.71 5712.63 5687.81 5664.14 5667.79 5690.63 5718.21 5748 5727.08 5692.95 5699.62 5741.53 5770.01 5760.74 5744.55
5447.06 5441.55 5433.71 5425.59 5418.68 5412.32 5406.59 5401.4 5396.9 5391.69 5387.25 5384.54 5387.51 5396.72 5407.94 5421 5434.9 5450.21 5467.08 5482.58 5480.47 5468.41 5453.65 5439.55 5427.16 5422.43 5423.76 5423.87 5425.74 5425.57 5425.79 5425.18 5425.16 5429.85 5442.92 5460.63 5475.48 5486.28 5491.08 5490.11 5486.57 5484.69 5505.49 5521.71 5529.69 5532.03 5551.09 5549.34 5542.79 5549.54 5564.52 5560.57 5593.95 5619.87 5620.37 5614.3 5600.94 5597.66 5675.87 5733.82 5734.65 5691.79 5704.94 5712.96 5712.29 5677.18 5638.8
5448.96 5436.97 5425.24 5418.28 5412.4 5406.69 5401.66 5396.96 5393.45 5392.71 5386.34 5382.5 5384.29 5392.09 5403.61 5417.33 5432.35 5448.52 5464.57 5479.34 5475.78 5459.71 5443.37 5434.66 5424.92 5422.76 5423.87 5423.82 5422.81 5421.43 5420.07 5418.99 5418.61 5426.82 5441.83 5457.59 5473.92 5488.07 5488.77 5483.69 5479.6 5483.92 5505.53 5521.53 5537.23 5549.6 5555.36 5547.59 5536.21 5529.07 5515.36 5504.61 5514.99 5544.18 5559.02 5558.69 5550.03 5560.91 5633.89 5715.34 5744.21 5728.23 5676 5645.21 5607.16 5576.62 5533.29
5445.29 5431.95 5418.52 5412.06 5406.59 5400.88 5395.51 5390.93 5387.34 5384.17 5381.49 5376.97 5378.19 5386.82 5398.38 5412.19 5426.86 5441.72 5455.02 5460.86 5470.92 5468.47 5443.22 5442.23 5436.85 5432.8 5429.03 5424.87 5421.37 5418.53 5416.65 5415.59 5415.94 5426.1 5442.54 5451.48 5468.44 5486.64 5484.5 5474.48 5468.84 5475.67 5492.87 5513.64 5536.12 5557.39 5554.18 5543.7 5529.91 5521.98 5513.78 5487.68 5483.09 5502.75 5516.43 5524.2 5528.2 5539.4 5578.67 5601.37 5599.44 5623.55 5605.89 5577.95 5534.72 5519.97 5504.9
5439.47 5426.56 5414.41 5407.3 5401.61 5396.01 5390.39 5384.78 5379.88 5375.94 5372.93 5371.52 5373.61 5381.49 5392.56 5404.9 5419.34 5433.23 5447.19 5464.2 5468.34 5460.88 5460.08 5462.27 5460.05 5447.79 5435.45 5426.41 5420.04 5415.72 5412.99 5413.24 5418.11 5417.2 5421.68 5436.62 5453.56 5469.86 5467.4 5458.15 5452.36 5453.04 5469.08 5496.23 5519.68 5534.15 5538.52 5529.78 5512.8 5503.81 5488.6 5475.4 5473.42 5482.58 5495.14 5507.2 5520.17 5529.15 5534.32 5529.16 5517.75 5525 5534.16 5530.35 5522.52 5512.73 5499.04
5428.16 5419.51 5411.14 5403.39 5396.81 5391.01 5384.94 5379.14 5373.08 5368.71 5367.59 5367.1 5369.46 5376.28 5385.31 5395.45 5407.13 5418.46 5431.13 5444.17 5446.03 5460.76 5476.33 5474.92 5479.54 5453.95 5436.56 5425.49 5417.49 5412.08 5408.07 5406.29 5407.24 5407.33 5409.7 5421.71 5433.15 5439.21 5439.14 5436.7 5436.86 5443.01 5458.52 5479.34 5498.09 5508.45 5505.46 5494.66 5490.6 5494.53 5487.18 5455.29 5460.2 5473.57 5487.82 5500.2 5506.35 5509.52 5505.68 5494.38 5480.92 5483.49 5489.83 5497.68 5503.25 5499.85 5497.33
5417.75 5411.46 5404.53 5398.35 5392.54 5386.6 5380.74 5374.71 5369.12 5365.3 5364.53 5364.07 5365.98 5370.72 5376.55 5385.57 5393.04 5400.97 5409.95 5418.12 5430.77 5454.85 5467.2 5459.52 5450.93 5440.3 5428.16 5418.53 5411.53 5406.23 5401.48 5397.19 5394.31 5398.11 5403.8 5410.76 5416.7 5417.54 5415.51 5414.57 5417.7 5432.8 5445.9 5463.6 5476.89 5481.54 5477.51 5471.02 5460.84 5473.93 5474.67 5453.85 5457.63 5471.4 5485 5498.77 5510.09 5503.04 5488.77 5474.06 5456.4 5453.94 5460.59 5471.9 5479.29 5480.98 5477.24
5406.8 5404.19 5399.12 5394.11 5389.08 5382.9 5377.05 5371.68 5368.14 5365.5 5363.73 5363.14 5362.34 5368.12 5372.94 5377.03 5379.73 5385.41 5390.25 5399.12 5412.95 5441.02 5447.42 5433.64 5421.09 5418.57 5413.71 5408.25 5404.16 5399.53 5395.83 5392.17 5390.1 5393.44 5397.95 5403.51 5407.28 5407.53 5405.99 5402.02 5385.08 5412.7 5441.5 5448.07 5456.9 5459.58 5455.7 5447.63 5447.97 5456.56 5456.75 5454.32 5463.65 5471.94 5479.4 5490.26 5502.93 5492.61 5478.07 5462.56 5446.3 5440.82 5445.01 5454.22 5466.63 5481.46 5454.63
5401.85 5399.57 5398.04 5394.99 5386.6 5379.52 5373.52 5368.33 5364.2 5362.76 5363.22 5364.34 5368.99 5369.65 5369.73 5370.4 5371.55 5372.7 5375.51 5381.5 5404.7 5420.4 5423.59 5411.48 5402 5401.15 5400.71 5398.96 5396.51 5394.44 5392.73 5390.49 5389.29 5392.51 5396.18 5399.91 5402.78 5405.79 5407.89 5407.78 5415.67 5418.63 5426.29 5429.2 5428.85 5434.41 5438.43 5440.82 5436.59 5453.73 5456.06 5456.08 5466.25 5467.65 5466.83 5469.39 5474.63 5473.23 5468.75 5462.1 5453.61 5447.43 5439.95 5438.05 5437.01 5430.94 5424.42
5397.86 5395.01 5393.05 5389.27 5381.63 5375.17 5369.94 5365.12 5361.84 5360.5 5361.92 5364.04 5367.15 5368.24 5367.21 5366.3 5365.46 5362.43 5361.15 5360.55 5374.31 5411.26 5411.53 5395.99 5387.83 5388.1 5388.41 5388.45 5388.04 5388.07 5389.11 5393.41 5393.66 5390.75 5393.86 5394.9 5398.16 5404.68 5410.53 5409.67 5413.48 5408.87 5411.22 5414.34 5414.3 5420.22 5426.69 5432.56 5445.6 5451.36 5452.87 5453.47 5456.33 5453.94 5448.64 5443.87 5442.54 5452.12 5458.42 5462.94 5469.07 5461.45 5435.6 5422.97 5411.47 5396.88 5402.61
5393.59 5389.66 5385.02 5377.79 5375.14 5370.54 5366.25 5362.52 5358.52 5358.49 5359.87 5362.19 5364.76 5364.5 5363.35 5362.35 5361.15 5359.84 5355.68 5353.71 5384.21 5428.61 5402.23 5386.06 5378.91 5377.64 5378.5 5379.59 5379.91 5380.36 5381.15 5383.66 5385.16 5383.47 5380.47 5382.44 5391.34 5399.15 5405.96 5398.21 5390.85 5393.82 5399.71 5406.4 5411.2 5413.41 5416.55 5423.2 5429.6 5442.5 5451.17 5444.4 5440.43 5435.51 5428.69 5423.6 5425.19 5436.54 5447.38 5457.15 5463.63 5453.7 5428.3 5412.74 5399.98 5388.86 5391.99
