real_craters/C092-1000m.grd
DSAA
37 37
-17.78 17.78
-17.78 17.78
8632.7386465897 10369.054131424
9647.87 9642.97 9637.4 9635.75 9602.78 9610.54 9622.61 9636.88 9658.53 9687.42 9670.15 9615.83 9637.7 9688.25 9647.85 9616.55 9586.3 9570.98 9582.62 9596.87 9610.83 9622.59 9638.77 9660.46 9663.07 9660.57 9651.08 9640.07 9650.93 9669.02 9670.08 9664.82 9644.34 9674.89 9695.7 9724.39 9707.02 
9656.02 9649.14 9646.64 9639.91 9612.19 9611.83 9612.86 9624.1 9638.43 9653.68 9662.84 9643.21 9648.57 9654.7 9645.43 9622.51 9604.13 9592.11 9595.86 9615.27 9632.67 9649.5 9648.53 9660.68 9662.55 9660.21 9635.08 9634.6 9654.87 9674.36 9680.39 9679.1 9694.9 9692.75 9695.73 9701.81 9695.75 
9668.38 9660.04 9653.44 9643 9632.3 9617.59 9599.99 9612.35 9616.05 9614.86 9645.81 9672.09 9679.81 9655.19 9641.29 9631.69 9619.33 9619.47 9627.94 9638.71 9652.42 9670.14 9680.85 9679.43 9674.83 9656.98 9648.37 9645.58 9658.68 9671.98 9675.89 9671.53 9685.2 9681.55 9686.74 9690.89 9685.52 
9676.18 9665.91 9660.51 9649.62 9642.79 9629.69 9625.7 9617.77 9615.97 9617.07 9645.37 9670.15 9669.87 9652.24 9654.12 9651.03 9649.93 9653.92 9661.21 9666.37 9672.1 9669.16 9699.05 9698.56 9683.68 9666.98 9684.19 9665.74 9669.38 9676.78 9679.22 9674.81 9673.96 9671.23 9691.5 9695.69 9681.34 
9686.31 9677.13 9669.45 9661.87 9653.03 9639.25 9632.13 9632.66 9633.75 9645.11 9658.14 9682.8 9698.08 9696.57 9679.89 9671.31 9676.27 9692.4 9702.51 9705.24 9702.13 9700.63 9721.86 9694.87 9682.74 9694.94 9692.99 9677.45 9677.35 9681.47 9682.66 9675.99 9667.41 9670.44 9706.1 9734.1 9732.21 
9690.04 9685.7 9681.09 9677.34 9669.1 9657.86 9651.51 9656.85 9659.15 9666.1 9689.28 9709.41 9720.6 9707.32 9702.32 9689.26 9680.45 9723.71 9751.65 9762.31 9752.71 9743.2 9736.57 9702.33 9701.83 9693.22 9686.95 9683.25 9686.36 9684.86 9673.58 9665.87 9659.37 9678.12 9710.27 9717.72 9721.62 
9696.05 9696.07 9695.38 9692.4 9691.15 9697.6 9692.63 9686.72 9692.57 9701.14 9710.66 9740.8 9768.6 9757.02 9754.71 9749.61 9729.21 9817.22 9817.74 9827.35 9827.21 9799.73 9710.88 9789.04 9768.17 9741.69 9734.35 9711.29 9710.67 9702.07 9690.71 9670.39 9656.44 9686.2 9703.56 9701.33 9724.79 
9702.32 9706.3 9707.37 9708.65 9711.1 9717.66 9712.79 9704.86 9705.9 9718.53 9737.48 9760.7 9793.77 9811.92 9860.83 9907.09 9899.94 9885.05 9871.02 9881.63 9910.8 9917.08 9845.13 9897.37 9829.43 9729.28 9724.96 9771.39 9741.48 9726.03 9714.67 9697.36 9694.96 9679.67 9692.93 9691.85 9720.76 
9711.55 9718.07 9725.23 9728.82 9729.83 9718.95 9717.69 9711.84 9705.92 9718.05 9750.55 9795.42 9820.16 9920.04 10014.3 9927.45 9996.87 9920.03 9827.63 9851.51 9931.29 10079.9 10090 9924.32 9887.06 9747.91 9715.97 9751.08 9744.81 9742.74 9737.82 9722.64 9694.65 9670.91 9688.53 9687.42 9700.47 
9724.21 9731.52 9743.07 9749.28 9755.56 9761.66 9738.56 9718.2 9708.55 9728.39 9772.17 9825.97 9925.79 9980.93 9750.13 9595.74 9512.05 9576.19 9652.23 9716.5 9828.21 10016.5 10098 10179 10115.5 10054.1 9827.34 9747.39 9741.23 9749.72 9763.58 9756.83 9724.94 9708.6 9715.63 9732.03 9699.32 
9739.29 9746.78 9753.17 9765.78 9775.6 9779.26 9751.08 9726.44 9730.95 9774.88 9796.6 9791.27 9774.1 9658.79 9410.65 9412.14 9395.79 9395.5 9439.37 9508.8 9580.04 9670.96 9743.81 10006.3 10101.1 10221.3 10036.2 9863 9770.28 9767.18 9791.06 9789.92 9774.68 9742.44 9726.52 9732.05 9716.85 
9759.67 9767.24 9782.27 9783.5 9779.03 9776.88 9761.23 9741.93 9739.14 9849.43 9827.83 9726.67 9577.15 9393.88 9336.01 9267.23 9179.78 9184.19 9223.8 9254.72 9265.87 9260.88 9408.68 9786.76 10041.6 10110.1 10173.1 9936.44 9785.41 9782.49 9807.53 9812.16 9778.83 9743.94 9710.59 9719.28 9739.31 
9782.1 9792.97 9800.37 9803.21 9783 9778.88 9797.8 9803.81 9828.78 9922.76 9837.33 9653.16 9439.22 9249.77 9100.71 9015.51 8985.38 9017.37 9041.71 9049.57 9037.24 9048.53 9268.61 9603.9 9994.44 10113.1 10236.4 10015.3 9817.9 9803.19 9835.49 9847.16 9789.85 9739.29 9710.84 9746.52 9749.3 
9807.64 9822.6 9835.63 9828.8 9841.25 9840.59 9847.78 9887.19 9959.06 10003.9 9844.94 9615.07 9344.31 9075.2 8962.07 8880.33 8934.05 8927.13 8916.64 8898.24 8855.54 8792.7 8908.4 9218.62 9645.09 10071.5 10141.8 10027.5 9823.88 9816.8 9854.85 9886.37 9815.61 9757.6 9747.76 9786.4 9795.23 
9832.43 9849.49 9868.95 9875.9 9888.11 9900.5 9900.74 9917.9 9996.19 10025.2 9873.65 9589.43 9277.05 8987.43 8878.97 8859.52 8868.17 8875.77 8854.59 8825.07 8775.61 8751.42 8829.22 9017.52 9285.99 9655.19 10087.3 10084.1 9833.39 9831.57 9866.28 9887.08 9829.66 9775.23 9767.11 9774.47 9812.3 
9853.92 9868.39 9875.06 9914.31 9983.75 9968.69 9943.28 9947.91 10154.4 10239.3 9889.75 9548.83 9220.48 8931.21 8806.52 8795.15 8837.98 8831.61 8806.2 8756.83 8715.86 8677.36 8782.92 8988.61 9192.49 9420.55 9862.88 10107.7 9888.75 9864.44 9874.97 9869.52 9828.65 9791.89 9800.19 9788.25 9827.35 
9871.45 9875.77 9874.2 9888.93 9918.42 9972.35 9991.14 9994.76 10099 10074.2 9791.43 9466.94 9152.04 8896.41 8793.53 8802.7 8812.41 8820.07 8796.37 8747.88 8691.1 8690.33 8744.43 8954.82 9203.31 9388.46 9691.51 10081.4 9959.07 9921.4 9904.39 9869.77 9831.78 9803.3 9809.11 9812.19 9828.09 
9881.48 9877.22 9852.61 9835.12 9835.33 9950.82 10052.4 10106.1 10022 9872.84 9632.15 9352.97 9068.85 8832.92 8739.52 8826.84 8856.19 8835.16 8803.27 8767.13 8723.43 8689.57 8753.73 8907.58 9151.09 9344.76 9606.29 10028.8 10022.5 10001.6 9944.03 9879 9838.97 9840.96 9836.66 9829.56 9829.22 
9875.28 9870.58 9833.61 9828.18 9840.39 9975.19 10102.2 10166 9822.14 9666.08 9505.32 9271.58 9002.24 8770.09 8657.11 8799.86 8875.69 8852.26 8820.87 8795.2 8789.94 8743.99 8767.83 8880.55 9143.46 9287.95 9547.71 10068.3 10219.6 10076.2 9950.46 9877.17 9838.22 9836.27 9831.66 9829.79 9823.9 
9866.65 9869.17 9848.31 9845.75 9884.2 10001.3 10110.3 10105.8 9763.63 9649.59 9485.07 9253.14 8994.48 8759.39 8632.74 8768.62 8858.97 8846.16 8824.41 8795.73 8757.47 8745.15 8777.67 8884.99 9110.15 9255.21 9554.56 10146.3 10093 9947.74 9908.15 9865.12 9836.03 9831.62 9830.69 9810.23 9813.73 
9861.1 9870.39 9853.96 9879.6 9925.7 10023.5 10130.7 10208.1 10079.5 9826.87 9565.37 9299.43 9044.27 8813.5 8654.96 8750.97 8808.18 8802.84 8791.47 8770.89 8750.64 8768.38 8790.57 8902.16 9034.41 9293.33 9616.64 10103.8 10060 9885.77 9861.86 9848.66 9838.52 9827.68 9835.03 9829.3 9812.92 
9866.25 9879.32 9865.61 9892.84 9952.64 10030.2 10108.5 10213.7 10369.1 10002.1 9694.77 9415.79 9147.9 8915.88 8748.07 8704.32 8740.71 8754.09 8758.95 8751.54 8735.91 8755.22 8797.93 8934.8 9045.74 9307.62 9702.26 10078 10048.4 9903.77 9846.74 9827.4 9822.8 9822.56 9837.16 9827.58 9821.4 
9878.62 9871.05 9877.24 9879.8 9938.14 10029.4 10113 10164.7 10145.5 10000.9 9757.9 9501.18 9240.57 8989.97 8778.44 8740.35 8717.72 8769.93 8776.37 8757.46 8756.74 8823.09 8919.98 9112.98 9193.13 9327.54 9830.61 10207.9 10042.7 9889.13 9841.86 9819.91 9811.1 9815.88 9825.8 9832.63 9846.67 
9896.64 9898.13 9908.2 9924.71 9972.61 10046 10121.1 10161.1 10119.1 9995.4 9817.39 9593.37 9348.58 9114.63 8928.73 8824.69 8851.44 8870.1 8859.51 8822.22 8830.75 8922.29 9096.8 9311.2 9313.87 9509.44 9940.3 10154.5 9916.95 9866.23 9828.22 9814.38 9813.35 9829.85 9821.12 9816.04 9841.28 
9913.49 9938.13 9950.85 9983.56 10007.2 10044.9 10092.2 10083 10041.3 9976.58 9870.95 9727.79 9529.41 9285.57 9052.89 9013.42 9052.51 9029.58 9014.69 8986.39 8981.09 9139.96 9275.8 9460.41 9421.54 9796.35 10045.7 9931.93 9919.03 9827.15 9816.54 9814.8 9816.37 9824.17 9816.76 9823.46 9838.8 
9936.77 9957.68 9979.7 10001.9 10008.9 10018.8 10027.6 10018.4 10001.9 9952.23 9877.63 9804.87 9725.73 9595.76 9383.86 9260.82 9150.97 9230.56 9233.45 9229.66 9253.47 9275.68 9423.38 9504.79 9656.31 9948.6 9956.67 9896 9884.71 9857.89 9830.46 9825.44 9829.79 9834.19 9826.81 9837.68 9848.52 
9967.66 9981.78 9998.03 10007.8 10007.9 10000 9980.9 9996.26 9983.99 9952.44 9913.78 9894.58 9913.92 10004.2 9881.2 9700.73 9567.68 9558.87 9495.49 9376.12 9374.88 9439.76 9703.78 9912.28 9998.28 9927.68 9873.33 9877.45 9869.17 9841.34 9830.6 9830.28 9837.21 9848.56 9847.96 9855.43 9871.04 
9978.77 9988.92 10009.4 10018.7 10007.3 9993.14 9989.25 9976.57 9964.04 9946.16 9937.45 9933.51 9978.76 10076.3 10178.7 10198.6 10128.3 9930.03 9789.73 9714.69 9832.88 9847.55 9986.25 10142.5 9975.06 9879.44 9843.05 9842.63 9829.99 9822.29 9826.02 9835.76 9838.2 9849.75 9878.18 9886.67 9872.62 
9950.11 9982.13 10007 10015.4 10005.6 9984.46 9964.87 9966.16 9947.92 9934.39 9920.06 9914.53 9916.77 9915.27 10058.9 10059.6 10034.6 9961.55 9916.07 9921.64 9939.91 9941.62 9934.97 9873.62 9904.98 9884.66 9875.36 9845.84 9821.36 9826.72 9842.95 9853.34 9850.63 9852.89 9876.84 9900.36 9903.98 
9941.6 9971.52 9995.1 10004.6 10000 9987.44 9966.09 9942.09 9926.45 9914.44 9906.82 9889.48 9867.01 9834.81 9828.38 9870.8 9865.22 9862.6 9870.15 9815.64 9845.43 9848.82 9851.64 9826.87 9835.88 9839.52 9841.26 9840.09 9838.62 9859.41 9886.19 9876.15 9877.77 9854.7 9883.94 9915.43 9900.35 
9956.39 9965.16 9962.81 9979.01 9992.32 9990.52 9959.36 9919.8 9907.34 9897.97 9887.66 9872.3 9849.74 9835.4 9810.31 9809.12 9809.18 9825.2 9858.37 9886.75 9856.28 9829.31 9814.01 9792.39 9823.65 9854.36 9847.21 9845.55 9864.75 9868.5 9870.05 9887.59 9890.4 9891.25 9915.14 9940.18 9931.54 
10001.9 9970.85 9946.1 9961.1 9987.89 10003.9 9962.99 9908.5 9883.26 9874.65 9870.41 9864.24 9849.36 9827.08 9820.59 9826.07 9835.89 9847.5 9860.1 9857.81 9848.13 9827.58 9841.96 9808.1 9836.1 9868.89 9871.24 9867.12 9887.49 9857.7 9867 9906.21 9936.83 9939.17 9961.34 9979.92 9936.12 
10016.4 9981.83 9957.02 9973.78 9994.13 9988.74 9920.5 9867.7 9855.19 9852.38 9855.88 9861.34 9867.82 9860.06 9850.96 9848.76 9853.29 9852.64 9871.47 9850.88 9830.97 9815.48 9802.88 9823.9 9843.23 9875.39 9882.65 9891.58 9899.9 9868.56 9896.91 9931.6 9967.77 9990.29 9955.22 9879.18 9923.39 
9980.91 9978.72 9989.84 9997.78 10005.9 9983.01 9880.34 9834.98 9830.83 9833.13 9841.28 9855.47 9885.2 9878.33 9859.39 9865.04 9871.16 9850.18 9848.57 9846.2 9811.56 9814.95 9829.12 9835.63 9838.71 9841.46 9873.43 9894.65 9886.09 9876.98 9901.51 9949.85 9985.6 10008.5 9985.98 9942.87 9858.68 
9915.91 9960.83 9989.22 10012.3 10019.7 9996.23 9860.55 9825.69 9825.96 9829.2 9832.55 9835.67 9837.24 9856.64 9854.97 9856.48 9857.33 9829.66 9824.81 9823.73 9813.74 9822.09 9836.36 9840.67 9841.14 9834.68 9869.39 9843.52 9859.5 9901.43 9954.96 9964.89 9978.74 9991.11 9955.83 9932.59 9928.47 
9918.58 9966.46 10004.4 10020.6 10023.2 9988.95 9885.97 9846.95 9835.86 9831.29 9825.91 9815.38 9798.03 9808.03 9828.12 9829.43 9807.33 9794.28 9823.17 9843.63 9831.98 9828.83 9838.16 9843.79 9855.73 9868.1 9891.92 9871.5 9876.27 9938.77 9949.24 9931.34 9939.18 9943.21 9917.17 9926.51 9924.89 
9959.53 10002.2 10016.4 10023.9 10015.4 9985.85 9924.23 9875.84 9852.01 9842.92 9836.6 9825.1 9814.83 9809.22 9812.25 9808.6 9795.9 9795.36 9815.7 9859.4 9849.7 9837.96 9816.92 9844.58 9874.03 9907.64 9919.39 9865.24 9883.11 9896.65 9911.7 9924.56 9942.71 9932.72 9900.8 9887.36 9868.55 
