real_craters/C093-750m.grd
DSAA
84 84
-31.2375 31.2375
-31.2375 31.2375
6570.4124060099 8047.4135438455
[rows 38 to 75 of 84, columns 0 to 83 of 84]
7381 7407 7457 7484 7509 7524 7525 7525 7523 7522 7525 7526 7533 7550 7562 7556 7539 7528 7533 7531 7527 7523 7518 7513 7510 7519 7539 7561 7590 7692 7835 7646 7385 7142 6947 6811 6761 6731 6712 6686 6661 6647 6647 6631 6632 6652 6681 6717 6769 6878 7076 7389 7711 7881 7743 7620 7604 7589 7580 7570 7559 7557 7565 7573 7578 7577 7553 7532 7516 7510 7512 7503 7500 7496 7496 7506 7511 7499 7487 7493 7505 7492 7488 7487
7368 7374 7392 7449 7488 7504 7517 7522 7526 7531 7538 7537 7543 7558 7570 7565 7547 7537 7538 7533 7527 7521 7515 7511 7511 7521 7547 7577 7613 7695 7803 7606 7328 7079 6890 6769 6724 6702 6690 6675 6648 6632 6642 6634 6637 6657 6680 6721 6777 6872 7066 7371 7694 7877 7777 7645 7586 7564 7567 7566 7570 7573 7579 7578 7575 7564 7546 7524 7509 7505 7513 7510 7507 7502 7504 7508 7508 7497 7487 7486 7486 7483 7482 7482
7370 7373 7378 7409 7458 7501 7505 7516 7528 7539 7550 7553 7558 7566 7574 7569 7551 7538 7541 7536 7529 7522 7515 7513 7516 7528 7560 7599 7637 7670 7656 7506 7250 7025 6840 6735 6701 6680 6665 6646 6639 6621 6570 6630 6638 6662 6699 6742 6803 6906 7079 7361 7675 7885 7833 7665 7569 7549 7562 7572 7579 7598 7589 7580 7573 7561 7540 7516 7505 7499 7502 7507 7508 7506 7507 7511 7513 7501 7488 7485 7480 7480 7484 7486
7386 7391 7396 7390 7417 7452 7481 7507 7529 7544 7554 7562 7568 7572 7573 7567 7556 7550 7544 7540 7533 7525 7520 7519 7523 7539 7581 7627 7670 7678 7623 7438 7190 6993 6820 6716 6685 6672 6664 6662 6651 6647 6657 6643 6638 6670 6713 6767 6836 6929 7098 7370 7672 7898 7904 7772 7602 7537 7560 7580 7589 7587 7581 7579 7572 7560 7539 7516 7505 7500 7503 7505 7507 7506 7506 7512 7518 7509 7495 7490 7486 7486 7490 7493
7415 7413 7412 7410 7411 7416 7457 7501 7538 7552 7554 7567 7575 7578 7577 7573 7564 7556 7555 7546 7537 7530 7525 7524 7531 7546 7596 7653 7702 7706 7596 7413 7195 6999 6811 6707 6680 6673 6678 6684 6672 6663 6661 6649 6636 6675 6731 6796 6868 6948 7112 7397 7693 7929 7969 7752 7583 7541 7563 7574 7582 7574 7583 7579 7571 7560 7543 7520 7507 7501 7503 7504 7504 7502 7504 7509 7513 7511 7504 7500 7497 7498 7499 7500
7434 7434 7438 7432 7420 7409 7446 7498 7548 7561 7563 7569 7579 7586 7588 7586 7579 7575 7564 7552 7541 7533 7528 7529 7538 7551 7604 7666 7720 7725 7598 7423 7308 7054 6735 6696 6687 6685 6691 6702 6689 6680 6669 6660 6650 6689 6750 6818 6899 6994 7162 7449 7738 7934 7940 7719 7569 7549 7554 7558 7560 7567 7573 7574 7569 7561 7546 7520 7509 7508 7507 7507 7503 7502 7505 7506 7506 7511 7514 7511 7507 7508 7508 7506
7447 7458 7467 7457 7435 7420 7446 7494 7535 7560 7573 7582 7590 7597 7602 7614 7590 7585 7568 7554 7543 7536 7532 7534 7545 7560 7606 7668 7722 7737 7629 7476 7380 7124 6856 6757 6730 6716 6705 6700 6696 6708 6694 6670 6667 6704 6769 6847 6937 7041 7237 7528 7808 7944 7808 7682 7592 7582 7565 7559 7547 7551 7562 7568 7567 7562 7550 7520 7512 7517 7518 7515 7512 7510 7510 7508 7506 7512 7523 7515 7514 7517 7514 7512
7459 7487 7497 7488 7474 7444 7450 7484 7529 7551 7575 7601 7606 7607 7608 7600 7603 7578 7563 7552 7544 7538 7535 7538 7548 7563 7600 7654 7708 7737 7672 7547 7438 7184 6946 6852 6805 6769 6738 6706 6701 6726 6713 6684 6675 6720 6794 6884 6978 7098 7319 7612 7865 7919 7741 7677 7621 7600 7569 7555 7546 7552 7563 7567 7566 7561 7551 7533 7529 7525 7521 7518 7520 7518 7516 7512 7506 7508 7505 7508 7513 7517 7517 7519
7517 7537 7538 7509 7470 7453 7448 7454 7462 7486 7532 7605 7604 7603 7605 7613 7590 7565 7555 7547 7541 7537 7536 7545 7545 7555 7584 7633 7683 7712 7706 7660 7524 7285 7081 6971 6903 6844 6793 6749 6726 6730 6726 6704 6691 6743 6838 6941 7046 7175 7422 7695 7918 7926 7732 7643 7626 7612 7578 7551 7552 7564 7571 7574 7567 7559 7552 7562 7558 7528 7508 7511 7518 7515 7518 7519 7516 7510 7503 7504 7506 7510 7520 7525
7546 7564 7560 7530 7488 7462 7445 7442 7445 7456 7498 7558 7578 7586 7590 7595 7585 7560 7550 7545 7539 7535 7533 7532 7540 7549 7572 7614 7653 7686 7723 7790 7680 7407 7219 7123 7037 6959 6881 6810 6766 6768 6765 6744 6727 6790 6911 7035 7150 7293 7546 7770 7908 7860 7670 7638 7614 7602 7585 7566 7558 7564 7571 7571 7565 7557 7551 7558 7557 7532 7511 7509 7512 7518 7523 7527 7526 7515 7509 7504 7504 7516 7524 7528
7552 7593 7586 7561 7528 7484 7446 7441 7435 7444 7477 7516 7543 7561 7569 7572 7575 7553 7546 7542 7539 7536 7534 7535 7543 7552 7570 7603 7630 7655 7685 7743 7778 7572 7409 7290 7177 7079 6992 6910 6851 6841 6837 6829 6820 6893 7043 7187 7314 7434 7701 7828 7894 7808 7650 7633 7600 7588 7577 7569 7557 7552 7554 7561 7561 7553 7545 7543 7541 7532 7527 7518 7516 7520 7521 7523 7521 7514 7506 7500 7499 7508 7519 7527
7576 7599 7607 7590 7567 7515 7460 7447 7438 7435 7454 7476 7510 7532 7544 7551 7561 7549 7546 7544 7542 7540 7539 7543 7550 7564 7584 7602 7622 7645 7683 7723 7776 7760 7609 7449 7330 7222 7123 7033 6969 6960 6984 6977 6977 7056 7226 7397 7546 7657 7815 7836 7797 7734 7641 7611 7591 7575 7569 7563 7555 7546 7545 7561 7560 7547 7535 7527 7524 7526 7529 7533 7520 7523 7526 7525 7520 7512 7504 7500 7501 7507 7517 7526
7581 7622 7622 7614 7581 7533 7490 7447 7440 7435 7471 7487 7498 7514 7528 7541 7551 7552 7551 7548 7545 7543 7543 7546 7553 7567 7595 7599 7618 7640 7663 7717 7766 7833 7711 7578 7465 7370 7277 7188 7124 7121 7145 7175 7203 7281 7448 7621 7796 7893 7813 7759 7729 7680 7635 7602 7577 7569 7565 7561 7557 7554 7559 7574 7559 7541 7522 7504 7507 7514 7524 7526 7540 7526 7524 7522 7517 7510 7504 7502 7505 7502 7507 7520
7588 7617 7637 7644 7644 7620 7529 7443 7423 7423 7443 7466 7485 7503 7522 7535 7560 7559 7558 7553 7550 7546 7546 7546 7551 7563 7561 7593 7615 7638 7663 7694 7711 7706 7705 7644 7572 7502 7431 7357 7297 7296 7349 7414 7475 7549 7672 7785 7920 7959 7810 7709 7651 7636 7626 7603 7573 7560 7552 7555 7559 7568 7576 7561 7551 7535 7518 7508 7498 7500 7506 7514 7511 7514 7512 7514 7512 7505 7499 7495 7494 7491 7491 7502
7619 7634 7652 7661 7671 7642 7536 7438 7413 7409 7415 7443 7471 7494 7519 7541 7555 7558 7549 7545 7546 7548 7549 7551 7555 7570 7591 7596 7611 7635 7659 7691 7693 7695 7694 7670 7636 7595 7565 7552 7521 7537 7600 7658 7755 7865 7866 7848 7852 7826 7730 7646 7613 7605 7601 7585 7570 7559 7544 7549 7557 7564 7562 7556 7545 7527 7512 7502 7491 7494 7500 7504 7503 7504 7504 7509 7506 7499 7492 7486 7484 7482 7480 7480
7660 7672 7666 7657 7637 7585 7504 7441 7414 7410 7413 7436 7464 7490 7514 7532 7545 7546 7539 7538 7540 7546 7556 7568 7580 7581 7567 7581 7607 7630 7655 7681 7692 7707 7700 7693 7686 7672 7683 7729 7796 7826 7816 7817 7902 8047 7922 7813 7729 7689 7652 7608 7590 7587 7587 7583 7568 7559 7552 7549 7555 7563 7556 7546 7533 7515 7503 7495 7494 7495 7496 7497 7498 7499 7499 7501 7498 7492 7486 7479 7479 7477 7475 7473
7685 7686 7670 7648 7613 7560 7500 7457 7447 7438 7431 7444 7462 7479 7499 7519 7511 7506 7513 7519 7530 7540 7553 7578 7616 7593 7579 7588 7609 7626 7642 7656 7669 7702 7698 7698 7704 7710 7745 7818 7930 7859 7824 7820 7839 7832 7792 7733 7663 7629 7610 7591 7581 7575 7570 7584 7566 7558 7553 7548 7552 7558 7562 7548 7513 7499 7494 7491 7491 7493 7496 7497 7496 7497 7498 7493 7491 7488 7483 7478 7477 7476 7475 7474
7688 7685 7667 7645 7612 7564 7523 7499 7500 7485 7467 7468 7469 7469 7468 7464 7455 7469 7486 7500 7511 7524 7539 7555 7558 7579 7596 7613 7615 7619 7623 7634 7656 7681 7688 7694 7711 7727 7757 7779 7776 7737 7733 7744 7733 7685 7670 7664 7641 7611 7592 7578 7572 7567 7568 7562 7561 7556 7551 7540 7543 7549 7553 7542 7490 7487 7488 7490 7491 7494 7499 7503 7502 7499 7495 7491 7490 7486 7482 7478 7475 7476 7476 7476
7673 7672 7664 7650 7631 7607 7567 7563 7550 7538 7520 7501 7488 7472 7455 7484 7466 7467 7480 7490 7498 7506 7514 7525 7554 7562 7589 7616 7611 7611 7611 7620 7641 7658 7674 7691 7702 7713 7719 7711 7701 7688 7684 7683 7667 7635 7625 7632 7615 7603 7584 7565 7559 7555 7552 7547 7557 7551 7540 7532 7534 7538 7539 7536 7502 7488 7487 7488 7488 7493 7511 7536 7527 7504 7492 7493 7490 7485 7482 7478 7476 7477 7478 7475
7676 7672 7667 7660 7653 7644 7623 7617 7601 7580 7559 7536 7514 7490 7462 7454 7472 7476 7477 7477 7481 7482 7485 7490 7497 7517 7550 7571 7595 7604 7608 7616 7624 7639 7653 7664 7674 7677 7670 7650 7627 7635 7647 7647 7642 7633 7630 7638 7637 7605 7581 7569 7557 7545 7542 7550 7543 7548 7533 7524 7528 7532 7538 7537 7508 7494 7491 7490 7491 7499 7511 7512 7506 7496 7489 7486 7486 7484 7481 7478 7477 7477 7477 7477
7681 7675 7673 7670 7670 7673 7663 7652 7644 7624 7599 7574 7549 7527 7511 7506 7489 7492 7480 7473 7469 7467 7459 7453 7446 7465 7515 7561 7579 7592 7607 7602 7607 7622 7631 7638 7644 7642 7641 7634 7625 7631 7630 7632 7638 7658 7688 7635 7614 7595 7575 7560 7559 7543 7537 7540 7540 7543 7525 7525 7526 7529 7529 7535 7514 7504 7500 7496 7493 7484 7498 7498 7486 7486 7486 7483 7482 7483 7482 7481 7479 7480 7482 7481
7682 7679 7676 7674 7677 7682 7677 7678 7683 7668 7638 7606 7581 7562 7544 7514 7500 7489 7480 7469 7460 7453 7446 7437 7429 7448 7492 7534 7562 7575 7588 7596 7604 7611 7619 7624 7628 7631 7633 7635 7631 7621 7616 7618 7622 7625 7611 7611 7599 7582 7567 7558 7557 7545 7539 7537 7536 7538 7528 7525 7529 7533 7535 7548 7540 7526 7509 7497 7488 7486 7483 7481 7480 7482 7484 7483 7483 7484 7484 7484 7484 7485 7487 7485
7679 7680 7676 7672 7669 7669 7661 7669 7682 7692 7653 7618 7592 7576 7564 7524 7498 7484 7471 7459 7453 7447 7441 7434 7425 7430 7481 7532 7548 7556 7573 7599 7608 7610 7612 7614 7618 7621 7625 7628 7622 7606 7599 7602 7603 7601 7598 7583 7576 7570 7561 7558 7562 7558 7553 7550 7541 7540 7536 7533 7537 7543 7552 7562 7559 7535 7511 7498 7494 7481 7481 7481 7482 7485 7487 7487 7486 7487 7488 7488 7489 7491 7493 7495
7680 7680 7672 7665 7660 7655 7667 7676 7672 7656 7639 7612 7588 7566 7541 7506 7489 7475 7458 7448 7445 7445 7445 7446 7446 7454 7486 7508 7524 7537 7552 7582 7592 7597 7601 7606 7610 7613 7614 7614 7603 7589 7585 7587 7588 7585 7575 7567 7565 7566 7562 7562 7571 7570 7565 7571 7562 7556 7555 7554 7550 7550 7560 7567 7548 7507 7500 7495 7491 7485 7485 7483 7485 7489 7491 7490 7488 7491 7493 7494 7495 7495 7498 7499
7679 7673 7664 7656 7649 7647 7664 7669 7663 7632 7619 7598 7573 7546 7526 7502 7477 7447 7437 7437 7440 7445 7455 7464 7485 7512 7514 7508 7515 7536 7546 7556 7573 7591 7596 7601 7604 7606 7603 7595 7587 7578 7576 7578 7579 7578 7572 7571 7571 7571 7573 7578 7585 7585 7580 7580 7578 7589 7593 7570 7548 7540 7543 7540 7499 7490 7490 7491 7489 7488 7490 7488 7487 7491 7498 7496 7494 7497 7499 7498 7495 7497 7501 7504
7674 7663 7655 7647 7641 7642 7662 7659 7655 7629 7606 7583 7557 7532 7517 7498 7470 7440 7425 7422 7428 7442 7457 7475 7502 7528 7529 7525 7529 7536 7542 7548 7569 7581 7591 7597 7600 7600 7596 7589 7580 7574 7573 7575 7579 7581 7579 7580 7581 7582 7587 7593 7600 7594 7591 7591 7577 7578 7581 7541 7517 7516 7511 7492 7488 7490 7489 7490 7490 7490 7489 7488 7486 7496 7501 7505 7504 7509 7506 7505 7504 7503 7505 7505
7670 7657 7649 7641 7635 7634 7649 7641 7637 7622 7598 7573 7547 7527 7523 7502 7464 7426 7407 7407 7414 7428 7449 7471 7496 7516 7529 7536 7536 7544 7544 7552 7562 7578 7587 7592 7597 7597 7595 7583 7577 7569 7565 7572 7579 7588 7598 7594 7588 7587 7593 7596 7603 7591 7575 7580 7557 7545 7529 7510 7499 7500 7498 7493 7485 7487 7494 7496 7495 7492 7489 7492 7496 7507 7518 7520 7528 7530 7535 7522 7513 7509 7511 7511
7666 7655 7646 7639 7631 7623 7627 7635 7630 7617 7591 7562 7536 7517 7517 7489 7450 7410 7389 7392 7401 7418 7437 7457 7487 7510 7531 7549 7581 7554 7547 7550 7565 7574 7581 7586 7589 7594 7599 7597 7569 7566 7569 7571 7577 7587 7602 7595 7581 7581 7589 7584 7573 7556 7545 7542 7522 7515 7510 7502 7496 7492 7492 7492 7486 7497 7503 7503 7502 7500 7499 7498 7498 7504 7516 7525 7533 7535 7538 7528 7519 7515 7518 7516
7665 7652 7647 7642 7635 7627 7636 7643 7640 7614 7579 7548 7522 7502 7481 7465 7433 7399 7378 7380 7392 7403 7418 7447 7467 7502 7525 7534 7550 7560 7556 7564 7539 7563 7573 7578 7582 7587 7590 7585 7569 7566 7567 7568 7571 7574 7572 7561 7559 7560 7558 7558 7550 7533 7520 7513 7502 7499 7502 7497 7488 7490 7491 7490 7493 7507 7511 7508 7511 7533 7509 7505 7506 7511 7517 7523 7525 7525 7521 7525 7524 7525 7526 7526
7669 7659 7654 7647 7644 7644 7635 7635 7643 7597 7558 7527 7500 7481 7464 7443 7418 7391 7365 7380 7389 7397 7414 7423 7429 7437 7450 7498 7538 7564 7559 7567 7568 7566 7571 7571 7575 7577 7579 7578 7572 7569 7566 7566 7564 7559 7550 7535 7537 7538 7538 7537 7532 7523 7517 7508 7501 7496 7498 7496 7492 7494 7495 7496 7500 7503 7509 7510 7504 7477 7514 7512 7514 7519 7519 7521 7522 7523 7526 7528 7530 7530 7535 7533
7668 7672 7655 7640 7638 7642 7610 7586 7575 7549 7526 7499 7471 7445 7435 7425 7411 7397 7392 7390 7389 7389 7399 7399 7397 7393 7408 7465 7520 7539 7547 7553 7566 7565 7558 7569 7571 7568 7565 7571 7575 7573 7575 7569 7558 7546 7534 7524 7524 7523 7523 7524 7523 7526 7523 7517 7509 7504 7506 7508 7501 7502 7503 7503 7505 7508 7512 7515 7516 7520 7519 7519 7520 7524 7521 7525 7528 7527 7529 7533 7536 7540 7540 7541
7648 7641 7623 7607 7602 7596 7552 7527 7517 7511 7492 7469 7446 7427 7415 7413 7408 7404 7399 7400 7394 7394 7391 7387 7382 7379 7395 7440 7496 7525 7534 7549 7565 7574 7579 7576 7570 7563 7556 7560 7566 7569 7575 7568 7551 7538 7525 7523 7519 7516 7514 7518 7521 7521 7522 7518 7512 7510 7511 7513 7515 7515 7514 7513 7516 7518 7521 7524 7528 7532 7526 7526 7526 7532 7528 7534 7542 7544 7536 7540 7542 7544 7545 7547
7616 7599 7581 7559 7535 7523 7463 7483 7481 7479 7461 7442 7423 7411 7409 7410 7409 7409 7409 7407 7398 7394 7382 7375 7370 7369 7377 7419 7450 7482 7521 7549 7574 7592 7589 7583 7573 7564 7556 7550 7554 7558 7556 7548 7541 7531 7523 7519 7517 7515 7515 7517 7521 7524 7526 7523 7520 7517 7519 7522 7526 7525 7525 7526 7533 7532 7530 7533 7534 7532 7531 7533 7533 7532 7533 7542 7556 7570 7557 7549 7547 7547 7550 7554
7582 7568 7547 7515 7479 7472 7488 7460 7451 7445 7432 7416 7400 7396 7407 7412 7412 7411 7411 7406 7396 7387 7380 7372 7367 7365 7375 7414 7454 7456 7490 7532 7575 7604 7600 7584 7574 7567 7560 7550 7549 7548 7543 7538 7533 7528 7524 7520 7520 7519 7518 7519 7520 7523 7524 7524 7525 7528 7532 7538 7533 7533 7537 7540 7539 7540 7544 7541 7537 7533 7535 7537 7537 7535 7537 7545 7555 7561 7557 7554 7553 7553 7556 7559
7554 7538 7516 7489 7460 7458 7472 7444 7431 7424 7410 7398 7387 7397 7418 7417 7413 7409 7404 7399 7393 7385 7377 7371 7366 7366 7373 7415 7473 7475 7476 7513 7553 7571 7565 7569 7573 7568 7560 7559 7549 7545 7539 7533 7532 7528 7523 7530 7532 7527 7526 7525 7524 7527 7528 7531 7535 7539 7541 7541 7541 7545 7551 7556 7564 7546 7548 7546 7542 7539 7539 7542 7543 7542 7541 7547 7550 7548 7552 7555 7557 7558 7561 7564
7538 7522 7504 7481 7463 7462 7453 7444 7413 7394 7391 7390 7392 7414 7421 7418 7413 7406 7397 7390 7389 7383 7376 7369 7365 7364 7371 7397 7454 7493 7505 7509 7531 7547 7568 7579 7579 7573 7561 7553 7551 7547 7542 7537 7537 7536 7537 7540 7543 7542 7537 7534 7531 7531 7535 7540 7542 7546 7549 7553 7557 7562 7567 7570 7572 7565 7557 7554 7551 7550 7548 7549 7550 7548 7548 7553 7553 7551 7554 7558 7561 7564 7568 7569
7526 7513 7505 7476 7460 7459 7441 7418 7391 7376 7380 7387 7396 7411 7417 7416 7410 7403 7395 7389 7388 7385 7377 7371 7365 7363 7365 7366 7362 7462 7486 7496 7516 7547 7571 7589 7582 7583 7578 7564 7555 7551 7549 7549 7546 7545 7547 7550 7553 7550 7546 7542 7539 7536 7538 7540 7546 7551 7557 7568 7577 7581 7581 7580 7579 7580 7570 7561 7559 7560 7562 7560 7559 7554 7563 7567 7561 7557 7559 7562 7566 7569 7571 7575
7519 7501 7482 7465 7456 7445 7423 7408 7387 7374 7382 7392 7401 7408 7412 7410 7405 7400 7395 7392 7388 7384 7381 7378 7374 7368 7364 7360 7365 7459 7454 7476 7495 7510 7535 7555 7565 7574 7575 7566 7558 7554 7552 7552 7550 7548 7549 7550 7549 7552 7552 7550 7548 7545 7541 7542 7550 7559 7571 7580 7588 7598 7590 7588 7588 7595 7578 7565 7558 7560 7571 7570 7570 7562 7564 7571 7570 7567 7565 7568 7572 7575 7576 7582
