real_craters/C093-300m.grd
DSAA
209 209
-31.2375 31.2375
-31.2375 31.2375
6575.7337673253 8069.0100109959
[rows 90 to 119 of 209, columns 134 to 200 of 209]
7647.42 7632.4 7628.71 7623.09 7612.95 7602.03 7594.2 7590.62 7583.51 7577.25 7573.18 7571.7 7570.77 7569.27 7565.59 7560.77 7557.5 7554.64 7553.95 7553.19 7553.32 7556.79 7561.39 7566.32 7570.88 7574.71 7577.11 7577.64 7575.41 7568.29 7557.8 7546.76 7539.1 7537.08 7537.66 7537.35 7529.88 7500.26 7448.11 7363.18 7318.89 7374.71 7415.54 7441.93 7460.76 7475.89 7489.14 7501 7509.76 7512.12 7510.23 7506.47 7508.15 7510.06 7511.97 7513.43 7514.21 7513.82 7511.7 7510.03 7511.33 7510.97 7511.48 7512.14 7512.61 7512.73 7513.31
7670.32 7649.1 7639.08 7629.27 7613.81 7602.09 7594.03 7589.2 7584.58 7579.78 7576.15 7573.89 7571.73 7569.36 7566.65 7564.18 7560.93 7557.02 7554.34 7551.25 7550.38 7553.47 7558.95 7564.68 7569.81 7573.78 7576.41 7576.93 7574.06 7567.51 7560.85 7551.05 7543.32 7540.56 7540.26 7540.43 7539.17 7535.08 7504.41 7440.99 7412.56 7426.31 7441.33 7455.56 7468.26 7479.55 7489.91 7499.43 7508.17 7512.96 7508.8 7502.23 7503.51 7506.57 7509.64 7512.37 7514.46 7515.84 7515.7 7511.93 7507.4 7505.45 7505.32 7506.01 7506.66 7507.06 7506.79
7701.97 7671.79 7650.31 7628.97 7612.23 7600.76 7592.75 7588.11 7585.59 7582.57 7579.34 7576.34 7573.03 7569.46 7566.92 7564.85 7562.43 7560.87 7555.43 7549.48 7546.07 7550.54 7557.25 7563.62 7569.31 7573.75 7576.8 7578.04 7576.85 7572.12 7565.12 7555.89 7547.2 7542.41 7540.98 7541.49 7544.19 7551.27 7539.34 7517.36 7521.87 7489.45 7475.71 7474.86 7479.05 7484.78 7490.7 7495.48 7499.77 7505.46 7502.67 7497.91 7500.01 7503.85 7507.87 7511.67 7515.02 7517.97 7519.59 7512.65 7501.8 7499.48 7499.59 7500.64 7501.83 7502.86 7505.13
7744.8 7702.76 7664.95 7628.83 7609.99 7600.28 7594.08 7590.95 7587.8 7586.04 7582.8 7579.04 7575.15 7570.37 7566.72 7562.97 7561.78 7556.82 7551.34 7548.23 7545.79 7550.73 7557.89 7564.32 7569.6 7574.04 7577.45 7579.83 7581.43 7581.17 7572.15 7559.9 7548.08 7541.77 7539.03 7537.59 7536.03 7530.41 7521.73 7528.39 7534.04 7514.57 7497.93 7490.66 7489.1 7490.45 7492.53 7493.48 7493.25 7497.75 7495.35 7494 7497.63 7502.18 7506.74 7510.85 7514.79 7518.12 7519.25 7508.39 7495.29 7493.43 7494.5 7496.3 7498.19 7499.47 7498.06
7790.92 7737.1 7682.93 7633.85 7611.05 7601.9 7597.16 7591.69 7590.06 7587.84 7584.33 7581.04 7578.41 7574.28 7567.98 7562.11 7559.79 7553.5 7550.15 7550.38 7550.92 7555.13 7561.22 7566.66 7571.16 7575.17 7578.16 7580.77 7583 7584.63 7575.12 7560.84 7547.03 7539.22 7535.35 7531.63 7526.58 7518.74 7513.31 7519.3 7520.9 7515.32 7506.82 7500.35 7497.1 7496.03 7496.06 7495.95 7495.94 7495.17 7492.48 7492.89 7496.84 7501.45 7505.93 7509.98 7513.51 7516.15 7516.13 7502.39 7489.19 7488.9 7490.65 7493.03 7495.75 7498.7 7502.16
7820.33 7759.7 7699.29 7646.82 7615.79 7605 7602.64 7598.63 7592.79 7587.97 7583.22 7580.49 7580.4 7577.8 7568.86 7561.85 7558.97 7556.59 7554.28 7556.15 7558.85 7562.44 7566.04 7569.78 7572.6 7575.8 7577.69 7579.36 7580.2 7578.69 7570.79 7558.84 7545.74 7537.38 7532.4 7526.2 7519.85 7513.33 7509.64 7511.6 7513.33 7513.2 7509.92 7505.55 7502.27 7500.41 7499.74 7500.04 7500.58 7495.69 7492.99 7494.22 7497.75 7501.82 7505.7 7509.03 7511.42 7512.3 7510.73 7499.51 7488.08 7487.06 7488.37 7490.47 7493.52 7497.41 7502.96
7831.99 7771.93 7711.75 7653.19 7617.74 7607.39 7604.5 7605.71 7590.76 7582.81 7577.99 7575.61 7574.44 7572.78 7566.93 7561.52 7561.24 7564.75 7562.95 7562.99 7566.63 7569.91 7571.35 7573.2 7574.65 7576.2 7576.87 7576.92 7575.55 7571.88 7564.8 7555.41 7546.81 7538.84 7529.68 7522.48 7515.54 7508.71 7503.59 7506.74 7512.19 7514.18 7511.8 7508.71 7505.96 7504.06 7502.99 7502.67 7502.89 7498.17 7495.75 7497.15 7499.86 7502.89 7505.83 7508.19 7509.3 7508.27 7503.19 7495.87 7489.77 7487.21 7487.28 7488.7 7490.93 7493.59 7495.59
7839.16 7784.19 7726.08 7668.83 7627.89 7609.53 7600.52 7586.92 7577.74 7570.56 7569.87 7569.23 7566.33 7565.17 7565.03 7562.96 7565.06 7570.19 7564.12 7568.22 7572.96 7575.94 7576.16 7576.11 7576.29 7576.05 7575.97 7574.47 7571.32 7565.42 7557.54 7551.04 7542.28 7532.75 7525.64 7519.37 7512.71 7506.35 7502.23 7505.1 7510.94 7514.16 7512.87 7510.76 7508.72 7507.06 7505.7 7504.48 7502.91 7500.47 7500.66 7501.18 7502.71 7504.81 7506.85 7508.16 7508.43 7506.82 7502.92 7496.62 7491.05 7487.73 7486.71 7487.17 7488.25 7489.35 7489.57
7847.02 7798.4 7743.68 7689.3 7643.55 7610.65 7587.09 7575.71 7568.02 7563.35 7563.87 7565.79 7567.12 7566.7 7566.38 7566.86 7569.43 7572.26 7572.49 7575.48 7578.67 7579.68 7579.66 7578.86 7578.16 7576.78 7575.31 7572.75 7568.85 7563.18 7556.29 7548.59 7539.24 7528.88 7522.81 7516.51 7510.41 7505.48 7502.94 7504.76 7509.31 7512.89 7512.34 7511.02 7509.87 7508.78 7507.56 7506.16 7504.07 7502.73 7504.78 7504.69 7505.52 7507 7508.49 7509.37 7509.18 7507.26 7503.49 7497.19 7491.17 7487.69 7486.17 7485.81 7485.93 7485.98 7485.52
7851.3 7814.79 7763.45 7708.03 7660.91 7609.56 7578 7566.19 7560.61 7558.71 7559.57 7563.53 7568.78 7569.34 7568.73 7569.38 7572.47 7577.7 7581.65 7584.79 7585.38 7584.02 7582.91 7581.04 7578.98 7576.89 7574.81 7571.73 7567.64 7562.75 7557.62 7547.44 7538.33 7532.49 7521.22 7513.62 7508.04 7504.1 7502.32 7502.92 7506.21 7509.73 7509.26 7509.43 7509.19 7508.91 7508.37 7507.64 7506.35 7505.81 7506.69 7506.28 7507.03 7508.23 7509.58 7510.58 7510.59 7508.83 7504.3 7497.88 7490.84 7487.48 7485.96 7485.09 7484.52 7483.81 7482.74
7885.28 7841.94 7786.55 7721.5 7648 7607.53 7576.37 7560.27 7552.55 7550.71 7554.09 7560.4 7567.34 7569.95 7571.07 7572.13 7576.06 7583.34 7592.61 7595.27 7592.09 7589.82 7585.69 7582.33 7579.59 7577.22 7574.14 7570.83 7566.48 7560.97 7552.97 7544.81 7535.03 7524.22 7516.89 7511.15 7506.57 7503 7500.79 7500.05 7501.15 7501.74 7504.35 7506.21 7507.24 7507.83 7508.04 7508.12 7508.12 7506.45 7505 7506.15 7507.45 7509.03 7510.69 7512.04 7512.71 7512.04 7508.37 7500.33 7491.94 7488.18 7486.57 7485.4 7484.33 7483.04 7481.36
7928.88 7873.69 7816.06 7750.66 7675.59 7623.35 7579.11 7559.45 7547.41 7544.69 7549.24 7556.53 7564.24 7570.38 7574.9 7577.43 7580.68 7588.3 7598.03 7599.43 7593.37 7588.49 7584.72 7582.08 7579.65 7576.84 7573.66 7570.06 7565.53 7560 7553.16 7543.87 7532.64 7521.02 7514.02 7509.6 7505.69 7502.42 7499.98 7498.77 7498.93 7499.18 7501.89 7504.31 7505.8 7506.76 7507.43 7507.91 7507.99 7505.99 7504.36 7505.79 7507.65 7509.63 7511.68 7513.51 7514.9 7515.14 7512.13 7503.58 7495.16 7490.48 7488.29 7486.77 7485.33 7483.68 7481.75
7933.23 7897.79 7848.73 7792.11 7741.28 7671.21 7606.72 7563.84 7539.93 7539.56 7546.1 7555.3 7563.86 7571.99 7579.3 7585.16 7586.4 7591.36 7595.35 7592.62 7588.89 7584.16 7581.78 7580.69 7578.94 7576.49 7573.27 7569.55 7564.94 7559.51 7553.47 7543.81 7532.53 7521.76 7514.26 7509.63 7505.75 7502.59 7500.36 7499.29 7499.35 7500.16 7502.17 7503.98 7505.23 7506.17 7506.91 7507.37 7507.16 7505.56 7504.79 7505.83 7507.58 7509.78 7512.11 7514.47 7516.42 7517.04 7513.78 7506.45 7498.68 7493.56 7490.95 7489.15 7487.54 7485.8 7483.88
7956.49 7924.53 7878.22 7822.51 7766.46 7701.02 7626.43 7569.09 7537.8 7536.96 7545.31 7556.21 7566.53 7573.9 7580.93 7585.71 7587.92 7589.96 7589.74 7584.14 7583.65 7582.05 7580.98 7580.21 7578.48 7575.96 7572.69 7568.91 7564.34 7558.83 7551 7542.46 7533.72 7524.06 7516.39 7510.99 7506.57 7503.23 7501.09 7500.27 7500.7 7502.54 7504.13 7504.58 7505.11 7505.73 7506.34 7506.88 7506.67 7505.21 7504.89 7505.37 7507.06 7509.36 7511.82 7514.44 7516.98 7518.51 7515.66 7508.74 7501.69 7496.71 7494.17 7492.31 7490.8 7489.13 7487.5
7994.7 7958.28 7901.81 7835.11 7770.27 7684.1 7613.2 7568.2 7539.53 7537.27 7546.81 7560.09 7569.15 7574.66 7580.99 7584.91 7585.48 7585.18 7583.83 7579.35 7580.52 7581.73 7581.87 7580.64 7578.42 7575.83 7572.49 7568.73 7564.24 7559.02 7553.14 7546.02 7535.99 7527.26 7520.02 7512.64 7507.67 7504.04 7501.54 7500.4 7501.14 7503.77 7505.2 7504.71 7504.78 7505.05 7505.38 7505.93 7505.73 7503.54 7502.67 7504 7506.05 7508.36 7510.85 7513.43 7516.11 7518.1 7515.69 7510.12 7504.38 7500.07 7497.96 7496.27 7494.66 7493.11 7491.83
8032.05 7986.98 7914.97 7831.36 7741.78 7650.1 7597.04 7565.11 7544.24 7540.08 7548.3 7561.41 7569.49 7571.85 7576.7 7580.47 7582.49 7582.61 7576.52 7575.61 7579.01 7582.06 7583.53 7581.18 7578.33 7575.45 7571.91 7568.5 7564.23 7559.35 7553.82 7546.32 7537.2 7527.93 7519.17 7513.38 7508.53 7504.84 7502.14 7500.32 7500.82 7502.57 7503.76 7504.12 7504.25 7504.28 7504.12 7503.86 7503.53 7501.76 7500.59 7503.04 7505.19 7507.27 7509.41 7511.38 7513.43 7515.6 7513.91 7510.48 7506.98 7504.14 7502.27 7500.65 7499.09 7497.61 7496.34
8049.34 7998.29 7915.2 7820.57 7722.17 7635.52 7589.09 7562.55 7548.7 7544.41 7548.63 7556.06 7561.87 7565.05 7566.82 7571.3 7576.25 7578.2 7569.14 7573.22 7577.8 7580.76 7582.53 7580.26 7577.45 7574.61 7571.51 7568.38 7564.32 7559.43 7553.48 7546.54 7537.46 7528.65 7520.79 7514.07 7509.19 7505.8 7503.46 7501.87 7501.85 7502.53 7503.11 7503.85 7504.09 7503.82 7503.07 7502.05 7502.1 7502.97 7502.95 7503.73 7505.01 7506.46 7507.77 7508.83 7509.4 7509.51 7510.31 7510.12 7509.16 7508.15 7506.58 7505.05 7503.48 7502.03 7500.77
8032 7986.74 7901.69 7806.24 7711.1 7627.27 7581.93 7559.7 7548.84 7546.49 7549.43 7554.15 7557.53 7559.49 7560.09 7563.55 7566.88 7567.7 7565.44 7570.09 7574.28 7576.76 7578.15 7577.26 7575.59 7573.5 7571.09 7568.04 7564.47 7559.82 7553.53 7544 7537.89 7529.29 7521.2 7513.95 7509.51 7506.97 7505.58 7504.87 7504.68 7504.47 7504.26 7504.74 7504.92 7504.24 7502.97 7501.68 7501.74 7503.14 7504.46 7504.22 7504.99 7505.93 7506.59 7506.86 7506.38 7505.27 7508.06 7510.07 7511.06 7511.02 7510.61 7509.47 7507.87 7506.3 7504.99
8004 7955.85 7874.66 7787.6 7702.8 7615.24 7575.03 7559.64 7552.94 7551.32 7552.14 7552.8 7555.28 7556.87 7557.82 7558.38 7558.76 7558.41 7561.89 7565.83 7568.52 7571 7572.27 7573.06 7573 7571.86 7569.91 7567.66 7564.53 7560.84 7556.36 7551.56 7541.49 7529.76 7518.82 7512.37 7509.43 7508.31 7508.25 7508.84 7509.31 7508.34 7506.91 7507.52 7507.17 7505.96 7504.05 7501.91 7501.26 7501.89 7502.71 7504.07 7505.22 7505.86 7506.05 7505.95 7505.66 7506.11 7508.15 7510.94 7513.42 7514.92 7515.04 7513.63 7511.7 7509.95 7508.7
7950.55 7903.63 7834.53 7762.55 7692.71 7612.38 7574.79 7565.78 7563.71 7563.25 7559.61 7556.42 7556.85 7557.01 7555.78 7554.89 7552.99 7551.37 7553.35 7557.89 7562.01 7565.4 7567.52 7569.43 7570.18 7570 7568.67 7566.98 7564.54 7561.78 7558.74 7554.93 7543.96 7530.2 7517.4 7511.01 7509.69 7510.03 7511.17 7512.82 7514.05 7513.3 7513.21 7511.92 7510.53 7508.94 7506.84 7504.18 7503.39 7503.68 7504.23 7505.48 7506.53 7506.65 7506.33 7505.8 7505.6 7506.42 7508.7 7511.99 7515.75 7519.37 7519.64 7517.05 7514.31 7512.48 7511.43
7889.57 7837.5 7788.87 7734.33 7675.25 7617.73 7589.67 7582.57 7579.74 7576.97 7570.27 7564.31 7561.16 7559.83 7557.9 7553.65 7549.42 7545.7 7546.76 7551.79 7556.02 7561.3 7564.97 7567.46 7568.37 7568.52 7567.86 7566.47 7564.47 7561.98 7558.78 7553.63 7543.76 7530.84 7518.26 7511.56 7511.05 7512.47 7514.37 7516.15 7517.24 7517.37 7516.73 7515.56 7514.05 7512.64 7511.35 7509.98 7508.9 7508.65 7508.79 7509.17 7509.09 7508.25 7507.24 7506.25 7505.61 7506.3 7508.77 7512.12 7516.39 7521.28 7521.96 7518.02 7515.26 7513.76 7513.24
7847.3 7783.1 7750.68 7713.54 7673.53 7635.58 7611.67 7602.06 7595 7590.2 7578.75 7569.98 7564.58 7562.27 7559.21 7553.12 7547.95 7544.3 7545.03 7550.07 7554.75 7559.49 7563.43 7566.09 7567.33 7567.61 7567.04 7565.73 7563.86 7561.41 7558.15 7553.24 7544.61 7532.46 7520.39 7513.52 7514 7516.25 7518.25 7519.8 7520.79 7520.51 7519.59 7518.4 7516.97 7516.06 7515.72 7515.62 7514.73 7514.15 7514.61 7514.01 7512.06 7510.2 7508.53 7507.08 7506.15 7506.49 7508.45 7511.06 7514.15 7517.45 7518 7515.4 7513.82 7513.3 7513.71
7828.01 7755.9 7728.34 7701.67 7676.05 7646.54 7623.18 7609.91 7602.73 7593.87 7581.6 7571.12 7565.1 7561.58 7557.66 7551.85 7547.4 7544.87 7545.75 7549.64 7554.09 7559.74 7563.22 7565.5 7566.98 7567.36 7566.76 7565.39 7563.39 7560.82 7557.52 7552.99 7545.81 7535.99 7524.52 7516.43 7520.09 7522.27 7523.04 7523.38 7523.71 7522.64 7521.1 7519.95 7518.36 7518.05 7518.67 7518.88 7517.92 7517.38 7517.82 7517.01 7514.14 7511.98 7510.1 7508.22 7507.05 7507 7507.95 7509.19 7510.21 7510.35 7509.5 7509.99 7510.51 7511.48 7512.98
7827.83 7753.42 7720.4 7693.38 7671.8 7645.74 7625.09 7615.63 7608.95 7600.79 7584.86 7572.04 7564.21 7557.69 7553.26 7549.98 7547.32 7545.88 7547.46 7554.46 7559.86 7563.23 7565.19 7566.6 7567.61 7567.77 7566.82 7565.11 7562.82 7560.09 7556.94 7553.28 7548.74 7542.48 7535.87 7530.34 7532.23 7531.03 7528.39 7525.7 7524.15 7521.02 7518.86 7518.27 7517.29 7517.97 7519.55 7520.36 7519.75 7517.88 7517.11 7516.14 7514.69 7513.5 7512.04 7510.06 7507.12 7507.41 7508 7507.81 7506.83 7504.98 7504.1 7504.74 7506.77 7508.86 7511.03
7836.06 7767.83 7717.22 7682.71 7658.74 7640.29 7627.79 7621.36 7614.77 7607.16 7590.42 7575.55 7564.41 7555.1 7550.64 7549.08 7548.3 7548.44 7551.07 7560.45 7566.39 7567.63 7568.37 7568.72 7569.39 7568.99 7567.38 7565.14 7562.5 7559.54 7556.42 7553.27 7550.48 7549.81 7551.34 7555 7548.77 7541.1 7533.57 7526.31 7519.27 7514.44 7512.98 7512.43 7514.31 7516.25 7517.55 7517.2 7515.65 7516.06 7515.24 7513.79 7515.14 7515.35 7514.7 7513.49 7512.38 7510.67 7509.44 7507.79 7505.28 7501.65 7497.38 7500.46 7504.05 7506.51 7508.45
7833.42 7759.34 7704.1 7667.58 7644.16 7633.07 7626.47 7624.05 7617.53 7610.52 7598.14 7581.97 7566.89 7553.57 7550.23 7550.15 7550.57 7552.23 7556.21 7564.43 7567.94 7569.36 7571.66 7572.91 7572.44 7570.72 7568.13 7565.27 7562.24 7559.04 7555.85 7552.84 7550.98 7554.74 7561.68 7570.19 7561.06 7548.89 7537.69 7526.94 7516.44 7509.44 7508.74 7509.31 7511.69 7514.68 7516.79 7515.96 7514.52 7515.2 7515.93 7516.46 7517.54 7518.05 7518 7517.26 7516.06 7514.06 7511.82 7509.2 7506.17 7502.82 7499.95 7501.56 7503.62 7505.14 7506.34
7814.83 7727.47 7678.56 7651.96 7634.73 7628.17 7623.25 7622.62 7616.25 7610.65 7603.17 7587.44 7571.87 7558.34 7554.48 7553.5 7553.81 7555.67 7559.63 7565.41 7569.38 7571.69 7574.35 7577 7575.12 7571.67 7568.32 7565.02 7561.74 7558.43 7555.26 7552.65 7551.88 7556.38 7563.64 7568.67 7563.57 7552.33 7540.22 7528.39 7517.37 7509.51 7507.44 7507.13 7509.55 7513.43 7517.63 7516.19 7514.61 7515.79 7517.64 7519.89 7520.45 7521.19 7521.7 7521.42 7519.57 7517.59 7514.59 7511.42 7508.55 7506.81 7506.97 7505.85 7504.68 7504.7 7505.42
7789.05 7702.19 7657.89 7643.03 7633.31 7627.72 7623.72 7616.89 7610.67 7606.11 7600.02 7588.85 7577.21 7568.03 7561.11 7557.84 7556.87 7557.81 7560.48 7565.35 7569.78 7572.24 7574.1 7575.8 7573.96 7570.7 7567.45 7564.13 7560.83 7557.54 7554.49 7552.08 7551.17 7555.1 7561.42 7565.62 7562.23 7552.53 7541.26 7530.02 7520.02 7512.8 7508.34 7506.43 7508.37 7511.38 7514.14 7513.75 7514.04 7516.68 7519.04 7520.7 7522.52 7523.94 7525.15 7526.34 7525.33 7521.33 7517.16 7513.52 7510.79 7509.05 7508.5 7506.83 7504.94 7504.14 7504.56
7765.87 7687.42 7646.87 7643.25 7638.21 7628.83 7616.74 7605.48 7602.39 7599.72 7594.89 7587.41 7579.84 7572.91 7565.97 7561.31 7558.87 7558.45 7560.17 7563.4 7567.28 7570.03 7570.63 7570.79 7569.8 7567.87 7565.41 7562.67 7559.35 7556.29 7553.34 7551.07 7550.1 7552.72 7557.58 7561.28 7559.06 7550.64 7540.88 7531.1 7521.8 7513.75 7510.47 7509.24 7509.63 7510.78 7511.41 7514.58 7516.31 7518.27 7520.7 7523.2 7524.91 7525.71 7526.87 7529.01 7528.7 7523.23 7518.6 7514.66 7511.87 7509.58 7507.64 7505.84 7504.09 7502.91 7502.91
7747.86 7676.55 7638.64 7640.21 7638.13 7629.4 7617.01 7597.65 7594.58 7593.5 7589.69 7584.29 7580.04 7574.79 7568.31 7563.04 7559.49 7557.4 7556.63 7557.65 7561.66 7564.73 7565.01 7565.48 7565.53 7564.97 7563.35 7561.12 7558.05 7554.76 7551.69 7549.29 7547.99 7549.09 7552.17 7554.76 7553.48 7546.69 7539.28 7531.83 7524.71 7517.95 7515.58 7513.83 7512.77 7512.89 7514.24 7516.96 7518.32 7519.52 7521.67 7524.79 7526.07 7525.57 7525.9 7526.18 7525.22 7522.25 7518.52 7514.79 7511.53 7509.03 7506.88 7505.09 7502.71 7501.25 7500.59
