real_craters/C093-500m.grd
DSAA
126 126
-31.2375 31.2375
-31.2375 31.2375
6580.1573834145 8035.7708556464
[rows 0 to 29 of 126, columns 0 to 66 of 126]
7536.15 7529.71 7524.05 7518.42 7513.27 7507.33 7501.47 7495.47 7489.2 7484.08 7486.52 7487.98 7493.88 7504.72 7505.27 7494.33 7479.39 7465.47 7456.98 7450.26 7445.41 7440.99 7442.04 7443.27 7441.01 7436.59 7433.66 7433.5 7430.77 7426.57 7420.45 7412.74 7406.87 7403.13 7389.48 7371.59 7357.55 7349.77 7341.79 7335.43 7330.62 7327.35 7324.66 7322.35 7320.36 7318.09 7314.77 7312.95 7311.33 7309.91 7309.05 7309.04 7310.66 7312.64 7315.09 7318.39 7323.25 7328.63 7330.29 7327.82 7326.13 7325.2 7324.9 7324.5 7324.52 7325.23 7327.03
7539.5 7531.95 7525.53 7519.47 7513.63 7508.17 7502.74 7498.04 7494.49 7491.24 7490.65 7489.98 7493.29 7497.49 7494.49 7488.47 7481.58 7472.39 7463.15 7455.26 7447.99 7441.86 7441.22 7441.03 7440.13 7435.62 7438.2 7436.09 7430.45 7425.09 7419.96 7417.15 7417.67 7421.94 7421.27 7398.13 7375.7 7361.07 7345.21 7336.95 7332.28 7329.31 7326.92 7323.99 7321.66 7319.29 7317.14 7315.05 7313.21 7311.67 7310.61 7310.72 7311.96 7313.95 7316.3 7319.49 7323.88 7326.3 7327.31 7326.2 7325.31 7325.78 7326.22 7326.25 7326.13 7324.66 7322.32
7542.01 7534.67 7528.26 7522.08 7515.87 7510.67 7505.39 7501.01 7498.97 7500.82 7498.64 7496.88 7496.35 7496.55 7494.61 7490.46 7481.98 7473.38 7465.3 7457.46 7451.19 7445.39 7440.85 7437.57 7430.17 7430 7443.24 7437.15 7428.19 7421.34 7416.87 7416.92 7419.82 7425.03 7426.09 7416.16 7404.67 7375.41 7350.47 7339.54 7335 7332.01 7328.9 7326.51 7323.88 7321.74 7320.01 7317.93 7316.03 7314.45 7313.02 7312.34 7313.08 7315.81 7318.17 7321.06 7323.82 7329.2 7332.98 7325.33 7325.09 7327.62 7329.56 7330.03 7329.62 7329.18 7328.77
7546.96 7538.33 7531.29 7524.8 7518.53 7512.7 7507.33 7503.49 7502 7504.95 7503.8 7501.54 7498.96 7495.92 7492.39 7487.25 7479.22 7471.25 7463.43 7456.43 7450.48 7443.37 7436.37 7432.96 7429.28 7428.46 7429.13 7428.2 7422.07 7415.73 7412.42 7413.51 7418.44 7426.88 7427.5 7419.05 7406.76 7382.06 7356.72 7344.93 7339.46 7335.71 7332.62 7329.48 7327.27 7324.73 7322.59 7320.73 7318.81 7317.55 7316.41 7314.4 7316.39 7319.39 7321.55 7323.67 7326.6 7332.32 7337.93 7332.76 7330.38 7331.97 7333.83 7334.77 7336.18 7337.86 7340.85
7552.08 7543.32 7535.59 7528.53 7521.89 7515.21 7509.67 7505.91 7503.55 7503.39 7503.8 7505.39 7497.63 7492.21 7487.01 7481.06 7473.54 7465.55 7458.34 7451.98 7446.21 7437.36 7426.52 7423.51 7428.28 7428.49 7425.74 7421.77 7415.83 7409.58 7403.19 7408.24 7415.77 7420.56 7419.62 7410.81 7400.4 7383.08 7365.98 7353.04 7344.81 7339.01 7334.47 7331.57 7329 7327.36 7325.4 7323.97 7322.71 7321.36 7321.23 7321.96 7320.9 7323.71 7325.64 7326.45 7327.54 7330.6 7329.23 7331.87 7335.15 7336.8 7339.06 7341.86 7344.63 7347.89 7352.06
7561.28 7549.33 7540.57 7532.79 7525.5 7518.39 7512.46 7507.22 7503.5 7503.34 7497.76 7488.21 7489.95 7485.37 7479.76 7475.27 7466.04 7458.85 7452.07 7445.8 7440.49 7431.06 7420.63 7421.53 7425.56 7421.89 7418.37 7413.08 7410.5 7407.58 7406.08 7409.56 7414.93 7410.92 7401.24 7398.19 7390.65 7379.63 7367.61 7356.92 7348.56 7341.46 7336.3 7332.64 7330.49 7328.95 7328.64 7328.06 7327.07 7326.58 7326.02 7323.48 7325.85 7330.05 7332.47 7332.93 7328.98 7332.98 7335.85 7340.84 7339.85 7341.78 7345.54 7348.75 7352.75 7357.6 7363.64
7568.45 7555.63 7546.12 7537.71 7529.93 7522.87 7515.81 7509.06 7502.49 7500.61 7496.39 7490.91 7484.93 7479 7472 7463.35 7457.75 7452.05 7445.74 7439.14 7431.35 7425.64 7420.15 7419.48 7420.16 7416.25 7408.38 7405.88 7408.38 7408.36 7410.84 7410.9 7407.38 7398.88 7391.68 7387.32 7380.41 7373.18 7367.65 7360.78 7350.1 7342.48 7336.75 7333.48 7331.54 7330.74 7330.96 7332.22 7333.27 7333.79 7334.48 7333.4 7335.66 7339.53 7342.53 7345.14 7348.72 7345.09 7342.57 7341.36 7343.48 7347.56 7352.74 7356.65 7361.58 7366.37 7370.76
7576.52 7561.89 7552.02 7542.88 7534.83 7527.19 7519.62 7513.23 7505.7 7500.4 7495.47 7489.3 7481.92 7474.7 7467.11 7458.79 7452.65 7446.89 7441.04 7434.68 7428.05 7423.32 7420.91 7424.26 7418.68 7412.21 7414.17 7415.17 7408.55 7405.77 7405.73 7403.2 7397.3 7392.02 7385.24 7379.9 7373.38 7367.2 7361.87 7354.43 7347.37 7341.33 7337.49 7335.28 7334.43 7334.83 7335.86 7337.49 7339.37 7342.23 7345.22 7347.38 7349.78 7351.19 7352.33 7354.42 7359.66 7354.31 7348.8 7342.09 7348.82 7354.39 7360.52 7365.93 7371.6 7376 7379.04
7585.29 7570.34 7558.75 7548.76 7539.68 7531.73 7524.38 7518.36 7512.18 7503 7493.85 7486.26 7479.22 7471.69 7463.83 7456.83 7449.24 7443.14 7437.79 7432.25 7426.8 7422.78 7419.48 7422.97 7417.56 7412.35 7411.62 7410.29 7404.32 7398.87 7394.05 7391.72 7394.12 7388.67 7382.09 7374.81 7367.94 7361.13 7353.79 7347.74 7341.68 7338.34 7337.06 7336.5 7337.08 7338.19 7339.94 7342.62 7346.07 7349.96 7355.3 7361.87 7365.8 7362.04 7359.47 7359.17 7359.76 7360.62 7359.32 7355.4 7358.53 7363.86 7370.4 7375.94 7381.5 7386.8 7392.08
7593.48 7577.26 7564.48 7553.44 7543.76 7535.17 7527.13 7519.62 7512.72 7504.07 7492.98 7484.71 7478 7470.2 7461.26 7451.43 7444.17 7440.43 7436.83 7432.21 7427.55 7424.8 7421.75 7417.01 7413.75 7408.65 7405.54 7402.61 7397.44 7391.59 7384.88 7381.27 7387.16 7383.26 7377.36 7369.42 7361.8 7354.19 7344.87 7336.9 7334.37 7334.12 7335.41 7337.58 7340.56 7343.28 7345.64 7349.12 7352.48 7356.74 7362.28 7368.84 7371.52 7367.47 7363.26 7361.25 7363.14 7366.23 7368.44 7368.19 7369.5 7373.35 7378.65 7383.62 7389.57 7395.58 7402.77
7598.81 7581.88 7569.76 7557.59 7546.48 7536.85 7528.42 7521.44 7512.27 7504.54 7495.62 7486.92 7478.89 7470.76 7461.49 7450.38 7442.36 7440.84 7437.86 7435.03 7430.91 7427.14 7422.41 7413.08 7408.49 7403.45 7398.74 7394.05 7391.07 7386.87 7381.49 7376.16 7383.87 7383.69 7372.88 7363.33 7354.25 7345.97 7335.75 7328.47 7327.5 7330.43 7334.63 7339.03 7342.79 7346.37 7349.96 7354.06 7357.89 7361.88 7366.23 7370.12 7370.9 7368.4 7364.68 7363.22 7366.09 7369.08 7373.21 7375.54 7377.7 7381.23 7385.99 7390.93 7396.81 7402.51 7407.39
7605.59 7590.6 7575.33 7560.59 7546.74 7535.02 7526.77 7519.91 7509.42 7503.2 7500.36 7489.27 7480.33 7473.35 7466.21 7457.3 7449.3 7445.87 7439.38 7435.47 7430.42 7423.93 7418.11 7407.35 7398.57 7395.22 7393.31 7389.49 7388.48 7385.22 7382.22 7385.39 7386.28 7374.35 7366.78 7356.37 7345.9 7335.24 7326.7 7321.25 7322.03 7327.44 7333.48 7339.29 7343.97 7348.52 7352.8 7356.96 7361.27 7365.14 7368.49 7370.69 7369.6 7367.85 7364.19 7363.71 7365.53 7370.32 7374.83 7379.37 7383.75 7387.54 7392.08 7396.63 7402.14 7407.05 7410.45
7613.18 7597.58 7580.65 7562.31 7544.9 7531.15 7519.68 7512.44 7501.75 7491.94 7487.34 7483.62 7480.06 7476.31 7473 7470.7 7467.9 7453.87 7439.22 7425.11 7418.37 7413.04 7406.59 7397.32 7386.61 7387.82 7390.06 7392.65 7390.03 7384.59 7380.45 7377.85 7376.3 7366.09 7359.34 7350.47 7339.6 7327.52 7321.17 7317.48 7319.89 7327.58 7334.93 7341.19 7346.73 7351.1 7355.49 7359.75 7363.45 7367.1 7370.22 7372.52 7372.32 7369.14 7362.61 7357.88 7363.08 7371.46 7377.25 7385.95 7389.26 7392.43 7396.93 7402.12 7407.76 7412.41 7415.45
7622.09 7607.3 7583.45 7561.75 7542.54 7524.65 7508.9 7498.61 7495.33 7485.63 7470.6 7478.88 7479.94 7478.44 7477.04 7477.75 7477.44 7457.46 7436.81 7419.56 7410.83 7405.58 7399.4 7391.39 7383.09 7384.19 7386.98 7389.71 7387.83 7382.93 7378.67 7373.17 7374.48 7366.36 7355.98 7347.21 7338.3 7328.89 7323.63 7320.9 7323.84 7332.53 7340.08 7345.97 7350.16 7354.14 7358.39 7361.56 7365.23 7368.52 7371.85 7374.68 7377.81 7372.51 7363.18 7356.07 7365.51 7375.13 7383.21 7387.69 7391.02 7394.65 7399.86 7405.47 7410.94 7416.32 7419.79
7625.8 7603.88 7578.77 7556.13 7536.47 7518.71 7500.55 7486.69 7488.92 7491.7 7492.15 7485.31 7482.28 7479.17 7476.61 7474 7469.27 7451.93 7433.31 7415.57 7408.58 7405.36 7398.91 7391.78 7386.14 7383.94 7384.37 7384.68 7383.1 7380.13 7376.63 7371.77 7362.62 7355.84 7351.96 7346.48 7341.09 7336.43 7334.43 7333.78 7336.69 7343.1 7348.25 7352.3 7355.57 7358.85 7362.35 7365.13 7367.64 7370.15 7371.86 7373.86 7374.74 7371.91 7368.25 7368.18 7374.04 7382.09 7387.74 7388.39 7390.33 7395.26 7401.13 7407.04 7413.32 7418.47 7421.79
7618.14 7587.87 7564.72 7548.19 7532.12 7515.95 7500.13 7489.84 7490.94 7492.95 7491.75 7488.66 7483.91 7479 7473.34 7466.52 7455.15 7444.26 7430.2 7417.39 7408.7 7403.69 7397.43 7390.06 7384.91 7383.36 7383.31 7382.19 7379.91 7378.34 7374.24 7367.89 7357.47 7353.03 7350.64 7347.84 7345.86 7345.59 7347.21 7351.33 7358.07 7356.99 7358.04 7359.63 7361.84 7364.06 7366.76 7368.04 7369.87 7370.96 7372.23 7372.8 7371.47 7371.47 7374.43 7379.08 7384.45 7386.8 7388.1 7387.85 7389.74 7396.46 7402.92 7408.95 7414.65 7420.16 7423.1
7594.48 7570.52 7552.51 7541.74 7529.91 7517.11 7505.78 7499.38 7499.41 7500.23 7497.16 7491.87 7484.95 7477.69 7469.58 7460.68 7450.99 7439.55 7428.85 7418.47 7409.02 7400.76 7391.34 7385.41 7382.12 7382.5 7383.98 7385.1 7385.09 7378.71 7371.96 7365.56 7356.81 7351.87 7350.58 7349.57 7349.57 7351.37 7356.06 7361.47 7367.59 7366.59 7366.12 7366.53 7367.5 7369.32 7370.25 7371.05 7372.55 7373.15 7373.64 7374.1 7374.31 7376.62 7381.02 7389.7 7395.31 7400.32 7399.76 7396.67 7396.79 7400.24 7405.63 7411.08 7416.22 7421.34 7425.34
7575.34 7562.49 7549.67 7540.71 7530.86 7521.02 7512.61 7506.53 7506.68 7509.83 7503.27 7493.96 7484.73 7475.58 7465.98 7455.24 7442.72 7432.71 7426 7418.73 7408.03 7400.23 7394.62 7380.9 7378.67 7381.93 7385.3 7387.64 7385.16 7379.41 7370.03 7363.77 7360.11 7354.6 7352.44 7352.33 7352.97 7354.99 7359.17 7364.66 7369.49 7371.46 7372.24 7372.36 7372.92 7373.88 7375.11 7375.58 7376.08 7376.03 7375.5 7375.1 7376.08 7378.5 7384.55 7393.71 7403.89 7413.41 7412.55 7405.59 7402.2 7404.97 7409.71 7414.65 7419.4 7423.09 7427.13
7572.54 7562.9 7552.38 7542.67 7533.43 7525.13 7516.66 7507.28 7507.02 7509.26 7501.85 7492.1 7482.98 7473.6 7463.39 7451.98 7439.56 7429.23 7420.83 7412.99 7404.48 7397.55 7392.27 7381.03 7378.74 7382.17 7386.86 7391.03 7391.82 7382.18 7368.59 7361.79 7357.38 7355.58 7354.86 7355.1 7355.61 7357.02 7360.11 7366.45 7374.66 7376.5 7377.06 7377.58 7378.46 7379.44 7380.55 7380.32 7381.08 7381.29 7380.5 7379.48 7377.31 7373.34 7380.48 7394.07 7408.05 7419.79 7418.95 7411.42 7404.9 7410.1 7414.71 7418.37 7421.57 7424.88 7427.73
7575.77 7566.85 7555.8 7545.53 7535.73 7527.5 7521.15 7505.65 7501.22 7497.68 7493.46 7486.98 7479.45 7471.83 7462.68 7451.72 7438.93 7426.79 7418.34 7410.56 7402.4 7395.44 7389.92 7381.4 7379.81 7383.08 7388.1 7393.23 7397.47 7383.92 7367.15 7358.85 7355.23 7356.69 7357.73 7357.83 7358.04 7358.08 7359.07 7365.94 7374.73 7377.89 7380.05 7382 7383.82 7385.58 7387.16 7387.6 7388.43 7388.47 7388.34 7387.2 7384.87 7381.78 7387.5 7398.84 7410.18 7419.87 7422.04 7419.37 7416.33 7418.79 7420.52 7422.06 7423.45 7424.76 7426.77
7578.55 7569.22 7558.02 7546.51 7535.42 7525.7 7515.88 7503.47 7493.83 7487.66 7485.34 7481.98 7477 7470.73 7463.3 7454.03 7441.97 7428.14 7419.18 7411.68 7404.81 7397.63 7388.69 7379.49 7380.75 7384.02 7387.96 7391.02 7390.05 7380.94 7366.76 7358.3 7359.63 7362.22 7362.73 7362.71 7361.94 7360.88 7360.35 7365.58 7371.76 7377.59 7382.48 7386.13 7389.22 7391.3 7393.46 7395.75 7397.28 7398.75 7399.38 7398.87 7397.99 7396.48 7393.16 7402.49 7412.26 7418.88 7424.77 7428.07 7432.47 7429.63 7426.1 7425.29 7425.05 7425.19 7425.48
7572.35 7566 7557.22 7544.18 7531.69 7519.83 7505.88 7492.61 7486.41 7481.54 7480.4 7478.78 7475.83 7471.8 7466.68 7460.45 7451.67 7439.35 7427.43 7416.35 7409.05 7402.45 7392.91 7384.26 7384.18 7385.77 7387.48 7388.29 7387.4 7380 7368.47 7362.83 7366.15 7368.17 7368.9 7369.17 7368.09 7366.63 7366.41 7369.28 7374.65 7380.12 7385.37 7389.78 7394.01 7397.67 7400.68 7402.82 7406.43 7408.74 7410.46 7411.88 7413.5 7414.24 7408.83 7411.5 7417.92 7421.98 7427.42 7431.82 7434.58 7433.49 7429.56 7427.25 7426.67 7426.47 7425.37
7561.76 7556 7546.9 7535.88 7525.12 7514.4 7501.22 7490.04 7483.02 7478.47 7478.07 7477.18 7475.39 7473.25 7470.52 7468.19 7465.52 7461.68 7436.92 7421.28 7412.11 7405.39 7398.32 7391.8 7389.55 7388.48 7387.29 7385.65 7383.27 7379.3 7373.02 7370.04 7370.62 7374.45 7376.52 7376.19 7375.03 7373.59 7372.2 7374.15 7378.73 7383.37 7390.64 7395.87 7400.07 7403.08 7406.02 7409.25 7412 7414.34 7417.8 7422.12 7427.6 7432.77 7432.58 7427.05 7427.42 7429.29 7428.8 7430.44 7432.62 7431.14 7428.89 7428.96 7428.92 7428.57 7426.89
7550.15 7543.56 7533.36 7524.48 7517.33 7510.34 7500.62 7491.28 7485.15 7480.74 7479.47 7478.1 7476.07 7474.41 7473.26 7472.38 7473.03 7471.36 7439.77 7425.28 7415.86 7407.63 7404.35 7399.97 7395.54 7392.04 7388.59 7384.15 7378.34 7374.48 7381.92 7376.34 7380.78 7386.32 7385.81 7384.1 7382.7 7381.97 7382.55 7385.48 7389.34 7394.28 7398.67 7403.2 7407.07 7410.27 7414.01 7416.19 7419.98 7422.77 7426.65 7432.2 7438.81 7447.61 7447.73 7436.46 7430.86 7428.7 7427.12 7425.95 7423.72 7423.34 7426.1 7429.39 7431.88 7433.1 7432.31
7537.92 7531.22 7522.48 7514.41 7509.92 7504.85 7499.81 7493.29 7489.8 7485.52 7482.4 7480.08 7477.83 7475.72 7473.83 7472.17 7469.84 7463.19 7441.9 7430.15 7421.5 7413.84 7412.38 7407.53 7401.54 7396.51 7391.5 7386.2 7380.69 7378.43 7377.26 7376.47 7388.36 7397.31 7393.22 7390.46 7389.32 7389.73 7392.69 7396.99 7399.19 7404.27 7407.07 7411.02 7414.56 7417.5 7420.97 7423.5 7425.71 7429.3 7432.32 7435.68 7440.92 7446.39 7443.41 7434.81 7429.57 7426.87 7424.66 7421.72 7416.64 7416.07 7425.7 7433.18 7438.05 7441.46 7442.49
7533.39 7529.01 7516.78 7508.91 7504.53 7500.46 7497.11 7493.87 7491.45 7487.83 7484.65 7481.74 7478.77 7475.8 7471.64 7468.47 7463.76 7456.4 7442.69 7435.41 7430.78 7424.8 7415.68 7411.69 7407.51 7402.36 7396.8 7390.73 7384.69 7378.57 7379.15 7384.81 7390.95 7396.89 7395.54 7394.18 7393.66 7394.51 7397.19 7401.47 7404.13 7408.21 7413.88 7418.99 7422.74 7425.55 7427.98 7429.63 7431.65 7434.35 7435.91 7437.26 7437.02 7435.82 7430.32 7427.48 7425.51 7424.16 7422.87 7422.43 7421.13 7422.57 7432.33 7440.23 7446.45 7451.81 7455.39
7523.02 7517.52 7509.42 7504.42 7500.98 7498.05 7496.14 7495.2 7491.85 7490.06 7487.42 7483.8 7479.86 7475.43 7470.62 7465.51 7458.15 7449.27 7442.34 7437.38 7434.44 7429.52 7423 7418.77 7415.04 7410.12 7404.77 7398.59 7392.37 7387.55 7386.8 7389.23 7391.87 7393.54 7395.36 7395.94 7396.58 7397.73 7399.14 7400.84 7408.66 7415.19 7422.83 7427.64 7430.42 7432.87 7435.4 7436.41 7437.7 7438.76 7439.22 7438.4 7435.02 7428.63 7422.88 7423.05 7419.88 7421.74 7424.18 7427.18 7432.03 7439.95 7443.63 7449.41 7455.98 7462.89 7469.84
7510.64 7501.98 7500.67 7499.72 7497.79 7499.24 7496.64 7497.56 7499.02 7493.72 7489.82 7485.14 7480.15 7474.99 7469.08 7461.22 7452.97 7443.34 7438.9 7434.61 7430.82 7429.68 7428.54 7427.21 7423.08 7418.51 7413.88 7408.83 7403.79 7399.55 7396.05 7395.08 7395.3 7395.03 7396.39 7397.93 7399.57 7401.27 7403.1 7405.99 7416.15 7427.82 7433.72 7435.88 7437.16 7437.85 7438.38 7439.08 7440.08 7440.33 7440.84 7440.03 7437.16 7432.61 7429.94 7425.57 7422.12 7423.25 7426.83 7431.99 7439.81 7445.5 7452.78 7456.93 7464.11 7472.51 7481.34
7507.34 7497.81 7497.38 7495.69 7493.82 7491.04 7494.1 7498.64 7499.74 7496.19 7491.1 7485.89 7479.71 7472.79 7466.27 7459.38 7451.52 7443.86 7438.69 7433.52 7429.56 7433.05 7441 7436.32 7431.56 7427 7423 7418.87 7415.44 7412.05 7407.72 7404.17 7400.52 7398.25 7398.76 7400.84 7403.09 7405.76 7408.73 7413.13 7423.57 7436.18 7442.72 7442.95 7441.92 7441.23 7441.13 7441 7441.19 7442.26 7442.3 7442.11 7440.96 7440.8 7436.06 7429.32 7424.85 7426.29 7429.93 7434.72 7441.7 7452.63 7454.04 7460.47 7469.65 7479.84 7489.84
7511 7505.55 7502.18 7499.38 7495.23 7493.57 7495.9 7499.15 7499.82 7497.3 7492.31 7486.24 7479.44 7472.16 7464.83 7458.07 7452.28 7447.58 7439.19 7434.64 7429.67 7436.12 7445.48 7441.99 7438.11 7433.97 7430.74 7428.47 7426.11 7422.81 7414.22 7411.17 7405.49 7402.31 7402.28 7404.52 7407.56 7411.09 7415.06 7419.75 7429.75 7442.81 7448.94 7446.99 7444.91 7443.69 7442.85 7442.6 7442.67 7442.77 7442.75 7443.3 7443.27 7441.92 7433.09 7429.39 7428.52 7430.2 7433.28 7437.12 7439.98 7439.96 7449.24 7461.83 7472.51 7483.11 7494.72
