real_craters/C093-1000m.grd
DSAA
37 37
-17.85 17.85
-17.85 17.85
11631.516319277 12879.684936285
12646.2 12648.6 12653.2 12657 12657.9 12651.8 12642.1 12649.8 12636.3 12636.1 12651.2 12661.3 12668.9 12673.6 12677.3 12680.8 12671.5 12663 12635.5 12641.3 12649.8 12653.8 12661.8 12664.5 12680.4 12655.9 12648.3 12618.2 12613.7 12590.9 12566.8 12557.7 12558.6 12554.4 12558.1 12559.2 12558.4 
12646.2 12649.5 12653 12658 12664.2 12674.3 12693 12685.3 12670.2 12662.4 12677.9 12688 12697 12701 12699.8 12700 12696.7 12680.8 12669.8 12669.2 12667.3 12670.8 12674.6 12656.1 12652.1 12667.2 12663.4 12633.8 12645.3 12612.7 12575.6 12561.3 12560.9 12553.5 12558 12563.5 12563.2 
12650.5 12652.1 12657.5 12664.2 12672.1 12683.1 12694.8 12694 12693.8 12706.1 12709.2 12714.3 12720.2 12717.7 12713.3 12715 12718.4 12694.1 12676.9 12683.3 12677.2 12672.5 12666.2 12641.4 12632.9 12652.3 12650.5 12634.7 12638 12612.3 12580.2 12567.6 12561.1 12560.3 12560.2 12571.1 12573.3 
12649.4 12653 12659.7 12668.5 12677 12682.8 12687 12690.5 12702.7 12727.4 12731.1 12727.7 12724.8 12723.4 12719 12717.7 12716.7 12703 12688.6 12684.7 12679.2 12668.5 12656.4 12649.7 12647 12649.2 12642.3 12628.9 12615.5 12603.8 12585 12565.4 12570.9 12568.5 12570.1 12580.3 12595 
12655 12657 12665.5 12676.6 12686.2 12691.4 12690 12695.2 12716.1 12743.5 12743.4 12738.9 12729.8 12724.1 12716.7 12708.6 12697.5 12685.9 12684.7 12682.5 12675.9 12665.3 12652.1 12654.3 12653.3 12647.2 12635.7 12620.1 12623.8 12627.9 12622.6 12597.6 12579.4 12577 12581.2 12587.6 12593.1 
12657.2 12657.8 12670.3 12684.2 12696.3 12709.2 12718 12724.7 12747.1 12749.8 12743.3 12742.6 12743.4 12726.2 12708.6 12692.5 12669.6 12648.1 12660.6 12678.3 12678.8 12671.1 12657.1 12651.9 12652.5 12643.9 12630.3 12615 12627.9 12645.2 12666.9 12666.8 12611.1 12575.3 12582.2 12584.9 12594.9 
12656.9 12661.9 12677.9 12694.5 12710.5 12728 12752.5 12739 12740.7 12734.9 12726.4 12725.4 12727 12718.8 12707.3 12695 12678.1 12669.7 12679.9 12682.1 12700.1 12696 12679.7 12663.3 12652.6 12643.6 12626.9 12614.8 12639.8 12679.2 12679.8 12682.4 12656.8 12632.9 12590.5 12584.4 12591.2 
12663.7 12673.2 12693.1 12709.4 12722.7 12735.2 12743.7 12730.1 12720.8 12710.5 12704.4 12696.4 12695.8 12705.9 12706.3 12702.2 12699.6 12721.6 12745.5 12755.3 12758.4 12742.7 12708.4 12674.4 12652.9 12635.5 12627.9 12621.8 12642.9 12670.1 12675.1 12669.1 12676.5 12683 12619.6 12583.5 12588.6 
12672.1 12693.6 12715.1 12727.8 12734.3 12736.7 12730.5 12715.4 12707.1 12705.1 12697.7 12686 12685.8 12695.6 12696.9 12701.4 12724.7 12736.6 12805.1 12873.1 12816.9 12765.1 12731 12684 12659.6 12641.2 12635.8 12637.5 12644.5 12652 12661.1 12669.4 12686.4 12693.3 12689.4 12599.6 12594.4 
12686.6 12733.4 12745.2 12747.7 12744.3 12736 12724.8 12711.5 12696 12700.5 12705.8 12707 12701.5 12691.4 12673.3 12666.5 12707.2 12745.3 12760.5 12797.4 12734.3 12707.9 12757.5 12713 12696.8 12663.4 12660 12645.8 12636 12636.9 12644.5 12660.2 12686.8 12690.5 12690.8 12654.6 12613.8 
12701.2 12752.2 12773.5 12769 12755.3 12739.8 12723.9 12712.8 12705.5 12717.1 12744.8 12796.8 12755 12680.6 12617.8 12574.4 12573.1 12571.3 12487.4 12447.5 12444.3 12508.3 12660.1 12810 12742.8 12746.5 12711.1 12666.2 12636.1 12628.4 12632.9 12640.2 12662.5 12667.5 12656.7 12664.7 12632 
12727.6 12775.3 12799.8 12787.2 12765.2 12741.9 12719.9 12715.1 12709.1 12748.6 12783 12837.2 12765.9 12639 12515.1 12400.8 12296.2 12218.4 12154.5 12067.3 12088.3 12217.8 12312.5 12411.3 12663.4 12808.3 12742.1 12688.1 12653.6 12643.5 12641.2 12641.2 12641.5 12648.9 12656.5 12667.9 12658.8 
12762 12807.2 12823.7 12798 12767.7 12739.7 12714.5 12709.7 12717.4 12787.1 12868.4 12857.1 12729.8 12556.7 12380.3 12207.5 12043.3 11930.3 11871.4 11854 11889.6 11977.6 12076.8 12209.3 12470.7 12671.6 12699.3 12690.3 12674.3 12666.3 12660.9 12655.4 12641.5 12647.6 12647.2 12649.1 12653 
12790.1 12840.6 12832.7 12793.2 12760.5 12734.3 12713.7 12715.4 12749.7 12818.3 12830.4 12830 12646.6 12454.1 12236.9 12029.8 11833.7 11735.4 11721.2 11733.7 11747.2 11812.8 11925.4 12063.9 12313.5 12518.8 12619.3 12666.2 12686.5 12688.4 12678.6 12669.5 12657.1 12651.6 12638.5 12635.3 12637.4 
12789.6 12802.4 12792.7 12769 12746 12727.4 12722.1 12728.8 12773.5 12847.2 12862.8 12662.1 12526 12341.8 12137.9 11927.7 11742 11703.9 11725.8 11703.9 11708.8 11714.8 11759.2 11926.3 12190.1 12409.1 12537.3 12632.5 12698 12710.1 12687.1 12679.5 12672.9 12665 12655.8 12639.2 12625.7 
12772.3 12766.2 12745.5 12742 12731.5 12720.5 12717.9 12743.7 12839.2 12844.6 12737.5 12603.6 12440.7 12253.1 12047.5 11849.8 11710 11696.4 11695.8 11712.5 11703.2 11684.4 11712.5 11855.4 12084.3 12294.4 12467.3 12609 12709.5 12732.8 12695.1 12676.5 12678.1 12653.2 12655.9 12635.4 12611.4 
12766.3 12758.7 12740.4 12732.4 12724.7 12721.5 12723.7 12763.1 12832.3 12823.3 12723.8 12564.9 12369.1 12169.6 11978.1 11816.2 11694.2 11727.7 11762.5 11765.5 11708.9 11694.3 11715.8 11811.3 11974.8 12211.1 12412.7 12587.8 12726.7 12762.5 12703.8 12680.7 12677.1 12657.9 12632.2 12618.9 12607.3 
12762.9 12769.9 12749 12732.6 12726.4 12728.4 12740.1 12757.5 12793.4 12800.9 12723.6 12503.2 12324.4 12139.9 11959 11798.3 11698.8 11739.7 11828.6 11781.6 11783.6 11742.4 11720.9 11788.3 11959 12155.9 12359.8 12558.9 12716.4 12772.2 12706.9 12679.9 12668.5 12641.9 12620.8 12615.5 12611.2 
12752.1 12756.4 12742.2 12730.2 12728.9 12733 12744.5 12743.7 12761 12799.9 12714.6 12471.7 12287.9 12113.5 11929.7 11777.9 11686.6 11686.2 11631.5 11697.6 11793.2 11758.9 11723.6 11777.6 11908.8 12123.1 12349 12552.2 12717.8 12786.5 12714.2 12684.3 12649.5 12654.5 12627 12625.2 12622 
12738.7 12736 12724.9 12726 12729.9 12733.9 12739.5 12740 12755.4 12852 12704.6 12487.9 12281.4 12094.5 11917 11768.2 11677.1 11674.8 11674.7 11701.1 11721 11707.7 11729.4 11796.2 11877.5 12122.5 12372.2 12568.8 12723.3 12823.3 12721.2 12685.6 12657.7 12673.5 12643 12637.9 12634.7 
12730.3 12727.1 12725.5 12728.7 12733.8 12736.2 12742.2 12753.2 12771.3 12836.6 12726.7 12464.4 12282.4 12093.5 11912.7 11752.8 11667.9 11675.6 11688.8 11698.6 11695.6 11729.2 11758 11815.8 12026.8 12270.4 12444.2 12593.4 12701.9 12733.7 12709.5 12680 12677.6 12671.2 12670.9 12673.5 12646 
12730.3 12733.5 12731.8 12738.8 12742.5 12745.9 12754.4 12770.6 12806.3 12817.6 12705.3 12508.9 12342.1 12145.9 11931.4 11744 11661.3 11676.9 11675.3 11674 11684.4 11706.2 11801.9 11929.6 12163.5 12400.1 12531.1 12630.4 12705.5 12754.9 12717 12685.4 12741.5 12669.3 12687.8 12682.3 12662.8 
12736.6 12752.1 12769 12769.6 12756.3 12750.2 12758.7 12777.4 12803.8 12848.4 12810.7 12676 12481 12251.5 11999.2 11758.5 11690.7 11719.1 11698.8 11682.7 11692.6 11741.1 11901.9 12105.6 12340.5 12524.5 12613.5 12675.4 12713.9 12727.3 12716.2 12697.9 12705.7 12690 12684.4 12678.2 12669.5 
12744.5 12766.3 12785.4 12776.7 12766.7 12760.1 12765.3 12777.3 12792.5 12831.7 12841 12785.9 12629 12403.3 12155.9 11896.8 11833 11842.5 11782.9 11714.2 11760.5 11833.2 12078.9 12312.5 12496.2 12624.6 12676.3 12708.2 12720.9 12713.3 12715.3 12701.8 12702.8 12690.8 12680.6 12675 12673.5 
12748.5 12765.2 12774.7 12774.2 12773.2 12774.5 12775.7 12783.4 12795.6 12824.1 12846.7 12868.3 12783.2 12584.6 12396.4 12199 12101.2 12068.7 11989.6 11913.5 11994.3 12129 12346 12541.1 12644.6 12689.7 12734.5 12734 12726.9 12718.3 12721.2 12704.8 12707.4 12704.8 12692.9 12704.2 12673.7 
12756.1 12767.6 12772.4 12777.4 12781.3 12783.6 12786.2 12792.4 12802 12807.5 12825.3 12853.3 12812.3 12734.8 12643.1 12543.3 12398 12318.6 12286.7 12297.3 12337.7 12465.6 12602.4 12704.6 12764 12828.6 12782.9 12755.2 12736.7 12723.3 12703 12701.4 12702.4 12679.8 12689.7 12718.2 12674.3 
12766.4 12776.3 12784.9 12788.6 12788.5 12791.8 12794.5 12799.1 12803.5 12806.2 12814.3 12847.2 12865 12833.8 12798.8 12746.7 12631 12551.3 12548.4 12584.3 12665.9 12720.8 12748.5 12775.3 12791.8 12777.9 12764.2 12735.9 12721.3 12715.9 12727.9 12702.9 12693.9 12675.8 12675.5 12695.3 12665.2 
12778 12787.7 12796 12795.8 12792.6 12788 12798.3 12801.2 12803.4 12807.6 12809.1 12840.2 12864.9 12860.9 12860.8 12849.8 12758.7 12717.9 12719 12767.1 12806.4 12800.8 12801.9 12816.6 12789.2 12756.9 12741.6 12725.4 12703.1 12676 12664.6 12714.1 12685.3 12675.6 12679 12696.8 12663.9 
12787.4 12796.4 12806 12806.8 12805.6 12814.1 12810.9 12808.1 12803.9 12802.2 12804.9 12808.9 12808 12824.6 12819.7 12818.2 12800 12790 12799.5 12834.8 12879.7 12856.1 12833.9 12795.5 12779.2 12758.2 12738.5 12723.3 12707.4 12691.1 12742.8 12699.8 12672.5 12680.4 12706.5 12691.8 12660.8 
12796.2 12801.9 12809 12815.1 12826.2 12829.9 12829.1 12820 12809.1 12802 12796.1 12788.7 12784.2 12790 12787.5 12797.6 12804.8 12809.9 12819.7 12833.6 12838.8 12820.5 12791.1 12790.5 12776 12755.9 12743.6 12737.6 12727.5 12725.2 12708.5 12692.4 12686.2 12690.6 12691.4 12682.9 12654 
12807 12804.6 12807.4 12832.7 12870.4 12868.6 12845.5 12830.4 12816.5 12799.6 12784.1 12777.7 12767.7 12773.7 12782 12790.5 12797.6 12800.5 12800.9 12795.1 12780.7 12776.8 12773.2 12787.2 12780.1 12777.4 12776.6 12764.5 12758.5 12750.8 12738.5 12718.9 12711.7 12714.5 12716.9 12661.4 12628.2 
12809 12801.2 12796.3 12794.5 12841.7 12855.7 12843.6 12834.3 12828.7 12815.2 12795.7 12785.1 12774.5 12776.9 12786.3 12792 12794.9 12794.7 12790.4 12779.4 12758.4 12760.3 12773.1 12789.2 12786.3 12778.6 12765.2 12764.1 12759.7 12755.3 12735.6 12734.6 12707.4 12687.4 12645.6 12636 12628.2 
12800.9 12797.1 12791.7 12789.2 12789.6 12817 12827.3 12827 12826.7 12823.2 12810.2 12802.3 12790.5 12785.1 12786.5 12788.6 12789.9 12790.1 12789.2 12776.7 12770.4 12762.6 12767.8 12788 12783.7 12778.7 12780.3 12758.8 12745.7 12737.6 12686 12670.5 12665.8 12663.1 12652.8 12648.9 12640.8 
12799.5 12798.7 12793.4 12786.3 12792.7 12803.5 12812.4 12816.4 12814.9 12829.3 12842.1 12817.2 12810.6 12805.9 12790.3 12788.1 12787.3 12788.2 12793 12801.5 12788 12769.8 12757.2 12772.6 12769.1 12764.2 12763.6 12737.3 12715.9 12687.5 12683.4 12674.5 12665.4 12657.3 12664.3 12662.9 12664.5 
12808.1 12804.2 12798.7 12793.6 12800.8 12804.1 12803.9 12806.3 12822.2 12829.7 12835.3 12815.1 12815.2 12825.5 12803.3 12785.4 12779.2 12778.9 12787 12804.7 12792.8 12777.4 12775.7 12755 12749.1 12739.1 12719 12708.2 12692.9 12675.3 12672 12674.9 12671.1 12662.6 12655 12653.9 12657.3 
12822.5 12814.8 12807.1 12801.1 12800.5 12803.2 12799.9 12796.4 12796.4 12814.3 12830.1 12811 12782.6 12750.5 12773.2 12770 12764.6 12761.1 12761.2 12763.6 12770.9 12761.1 12741.6 12734.1 12728.5 12719.7 12708.7 12694.5 12681.7 12670.3 12671.7 12663.1 12664.4 12663.4 12662.6 12665.6 12664.8 
12833.7 12824.8 12815.4 12808.9 12808.9 12804 12796.4 12789 12787.5 12796 12804.7 12801.9 12765.8 12744 12750.1 12749.4 12749.5 12744.7 12736.3 12720.6 12742.9 12753.1 12732.2 12726 12715.4 12705.9 12695.4 12686.3 12680 12678.6 12655.2 12677.9 12664.8 12656.8 12670.3 12676.6 12671.8 
