real_craters/C093-500m.grd
DSAA
126 126
-31.2375 31.2375
-31.2375 31.2375
6580.1573834145 8035.7708556464
[rows 30 to 59 of 126, columns 0 to 66 of 126]
7517.48 7513.66 7511.08 7506.45 7501.89 7497.86 7499.67 7503.14 7502.82 7499.4 7494.23 7487.65 7480.52 7472.72 7464.83 7457.67 7451.29 7444.68 7435.35 7433.47 7437.18 7440.35 7444.19 7444.98 7442.86 7440.04 7437.12 7435.29 7433.29 7429.5 7418.37 7413.05 7408.59 7406.1 7406.16 7408.6 7412.41 7416.86 7422.19 7428.6 7436.76 7444.94 7449.44 7447.97 7446.71 7445.75 7444.94 7443.68 7443.56 7443.54 7443.78 7444.06 7443.78 7441.9 7437.07 7433.75 7433.23 7434.84 7437.27 7440.65 7444.07 7448.16 7455.92 7464.69 7474.1 7483.14 7492.59
7522.66 7523.52 7520.47 7517.21 7512.95 7508.87 7507.39 7509.04 7507.43 7503.31 7497.67 7490.43 7482.57 7474.18 7465.48 7456.78 7449.15 7442.58 7437.29 7436.99 7438.89 7443.22 7446.49 7447.74 7446.53 7444.38 7441.94 7439.24 7435.91 7426.87 7417.86 7413.21 7410.28 7408.77 7409.89 7413.55 7417.78 7422.81 7428.93 7435.99 7441.95 7444.4 7444.33 7445.48 7446.08 7446.14 7446.07 7445.92 7445.58 7445.66 7444.52 7444.25 7443.44 7441.41 7439.86 7437.16 7436.77 7439.84 7443.45 7446.63 7451.1 7457.01 7463.06 7468.48 7475.18 7481.58 7485.96
7523.49 7523.92 7522.33 7520.07 7518.98 7516.58 7513.62 7515.08 7512.49 7507.65 7501.2 7493.23 7484.5 7474.96 7465.35 7455.72 7446.9 7440.29 7436.04 7433.88 7435.58 7447.12 7451.29 7451.18 7449.59 7446.92 7443.89 7440.42 7436.97 7430.74 7416.15 7412.66 7411.97 7413.23 7415.84 7418.79 7422.77 7427.76 7434.05 7441.73 7446.97 7444.84 7441.92 7443.68 7445.47 7446.46 7446.54 7446.87 7446.93 7445.81 7444.75 7443.92 7443.63 7443.89 7444.29 7444.94 7444.45 7447.38 7450.78 7454.56 7458.53 7462.41 7467.05 7471.78 7476.61 7481.5 7487.45
7521.64 7518.46 7516.86 7516.88 7517.26 7515.14 7519.17 7519.1 7517.41 7512.49 7505.43 7496.31 7486.79 7476.3 7465.63 7455.25 7445.25 7439.01 7436.27 7437.76 7443.1 7450.22 7453.66 7453.34 7450.95 7447.68 7443.41 7438.38 7432.57 7423.82 7413.24 7411.8 7413.68 7417.28 7421.1 7423.94 7427.02 7431.09 7436.11 7442.72 7451.04 7443.94 7442.01 7443.51 7445.61 7447.12 7447.37 7447.74 7447.74 7446.98 7445.76 7443.53 7442.72 7444.68 7448.54 7451.84 7451.38 7455.13 7458.86 7462.39 7465.51 7468.34 7471.73 7475.52 7479.02 7482.51 7487.23
7517.55 7515.7 7515.78 7519.39 7525.78 7527.55 7528.6 7526.89 7524.28 7517.93 7509.7 7500.17 7489.88 7478.69 7467.81 7457.46 7448.23 7443.83 7445.18 7448.75 7451.51 7452.91 7456.82 7456.31 7452.68 7447.35 7441.94 7435.93 7429.06 7421.88 7414.27 7412.39 7415.84 7420.76 7426.29 7427.84 7429.9 7432.66 7435.69 7437.41 7435.78 7439.7 7442.69 7444.41 7446.47 7448.32 7449.82 7450.8 7450.65 7449.91 7448.53 7446.06 7445.42 7448.05 7452.36 7455.16 7458.83 7464.61 7468.35 7470.65 7473.47 7475.68 7477.77 7480.2 7482.53 7484.63 7487.57
7517.15 7517.89 7519.75 7526.97 7532.8 7543.05 7543.46 7538.66 7534 7525.53 7514.46 7502.89 7491.75 7481.08 7470.58 7461.58 7454.38 7451.97 7454.76 7458.04 7461.76 7471.5 7465.82 7461.18 7455.43 7448.72 7441.93 7435.04 7428.56 7424.87 7418.06 7414.84 7418.46 7422.85 7427.82 7429.33 7431.4 7433.85 7435.57 7436.42 7436.99 7439.27 7442.7 7445.01 7447.55 7450.05 7452.04 7453.27 7453.97 7453.72 7452.94 7450.91 7451.72 7455.37 7459.32 7463.55 7469.85 7476.62 7479.01 7482.13 7484.2 7484.72 7484.5 7486.35 7488.07 7489.17 7491.66
7517.89 7525.02 7533.49 7541.42 7548.95 7558.06 7562.32 7559.91 7545.76 7532.19 7519.47 7506.88 7493.95 7482.36 7472.81 7465.22 7460.99 7457.99 7458.29 7463.2 7476.35 7482.5 7474.37 7465.32 7457.24 7448.97 7441.17 7434.35 7429.21 7428 7422.43 7419.45 7422.16 7424.75 7425.85 7429.21 7432.39 7434.75 7436.43 7437.47 7438.63 7440.28 7442.23 7446.13 7450.37 7453.72 7456.45 7458.53 7459.76 7460.21 7459.32 7457.5 7457.59 7464.68 7472.2 7478.11 7486.21 7491.52 7494.51 7495.04 7495.93 7495.74 7495.57 7495.26 7494.88 7496.23 7500.6
7521.03 7532.88 7545.59 7560.44 7573.53 7574.14 7574.24 7568.36 7551.67 7535.78 7521.58 7507.56 7495.23 7484.34 7474.84 7466.68 7459.85 7461.84 7464.32 7475.71 7483.11 7482.68 7475.66 7467.14 7458.15 7449.22 7440.69 7433.93 7430.76 7434.38 7429.56 7426.55 7428.24 7429.23 7429.25 7431.66 7434.46 7436.64 7438.19 7439.18 7440.01 7442.38 7446.59 7451.2 7455.21 7459.56 7462.71 7465.42 7466.41 7467.78 7468.99 7469.16 7471.37 7480.8 7492.51 7502.16 7506.94 7509.21 7509.22 7509.63 7509.34 7509.07 7508.84 7506.68 7502.42 7501.53 7506.93
7525.05 7539.73 7556.11 7573.83 7587.14 7582.88 7573.21 7563.96 7551.71 7537.11 7522.74 7509.41 7496.5 7486.35 7477.49 7471.03 7466.57 7467.25 7476.24 7481.26 7482.27 7480.09 7475.91 7468.38 7459.98 7449.85 7441.05 7433.65 7431.13 7436.02 7436.83 7436.65 7436.74 7436.38 7436.03 7437.11 7438.62 7439.91 7441.12 7442.21 7443.05 7446.01 7451.25 7456.49 7461.49 7466.64 7470.98 7474.8 7477.61 7478.3 7480.3 7483.8 7491.28 7502 7515.01 7524.66 7527.28 7526.95 7525.87 7525.53 7524.73 7523.19 7522.05 7516.74 7509.27 7501.92 7495.77
7528.18 7545.1 7561.93 7579.04 7592.11 7583.99 7576.44 7562.84 7548.38 7534.25 7520.97 7508.45 7496.27 7486.84 7478.85 7475.02 7473.9 7471.1 7471.31 7489.04 7487.08 7482.63 7477.9 7470.77 7461.72 7452.4 7442.78 7434.56 7431.69 7439.33 7444.47 7446.86 7445.67 7444.26 7443.97 7444 7443.68 7444.29 7445.55 7446.91 7448.43 7451.51 7456.34 7461.52 7468.05 7474.46 7480.12 7483.6 7487.49 7490.84 7492.9 7496.52 7511.31 7524.66 7540.07 7546.93 7546.85 7544.25 7543.37 7542.38 7540.64 7536.65 7531.52 7524.81 7518.17 7510.54 7499.48
7531.57 7550.28 7565.02 7570.3 7574.82 7572.52 7562.77 7554.34 7543.25 7530.77 7518.61 7507.04 7496.09 7486.14 7478.1 7471.89 7470.62 7475.06 7482.25 7492.3 7489.95 7486.41 7480.77 7473.48 7465.69 7457.13 7447.99 7439.06 7436.56 7445.9 7451.93 7454.91 7452.88 7450.76 7449.7 7449.02 7448.31 7449.06 7450.63 7452.76 7455.43 7459.51 7463.54 7468.65 7476.21 7483.37 7489.49 7495.86 7499.24 7504.13 7507.6 7508.84 7523.68 7543.2 7560.91 7564.31 7559.4 7559.83 7560.03 7558.96 7556.52 7551.46 7544.84 7536.71 7529.97 7522.38 7520.85
7535.57 7554.68 7570.35 7576.03 7572.42 7562.54 7550.97 7544.59 7536.72 7527 7516.36 7505.46 7494.81 7485.28 7477.06 7470.65 7468.96 7475.44 7482.92 7489.39 7492.66 7488.62 7483.04 7476.8 7470.75 7463.87 7457.14 7449.57 7447.02 7454.13 7458.25 7459.23 7458.03 7455.5 7452.97 7451.33 7451.37 7452.85 7455.54 7458.83 7462.36 7467.12 7472.89 7478.47 7486.99 7493.44 7500.04 7507.34 7515.12 7522.43 7529.14 7535.13 7546.65 7558.7 7569.01 7570.69 7568.74 7577.42 7580.07 7579.83 7577.22 7570.89 7563.87 7556.46 7546.9 7530.04 7514.93
7537.96 7559 7575.73 7579.05 7569.07 7563.51 7552.39 7541.6 7532.84 7524.26 7514.7 7504.82 7494.81 7485.5 7476.9 7471.9 7471.53 7474.65 7481.51 7488.88 7493.18 7490.52 7484.88 7479.7 7475.17 7471.09 7467.81 7465.1 7463.57 7464.23 7464.09 7464.46 7462.88 7459.79 7455.92 7453.19 7454.18 7456.85 7460.7 7465.31 7469.89 7474.08 7483.87 7495.05 7499.21 7503.51 7510.61 7519.46 7528.75 7539.48 7552.12 7569.09 7571.39 7574.36 7580.19 7586.81 7591.94 7603.29 7605.32 7603.13 7598.46 7591.14 7583.78 7580.52 7575.96 7560.62 7539.89
7538.81 7558.39 7575.34 7580.81 7565.48 7550.26 7542.12 7538.1 7531.02 7522.86 7513.75 7504.86 7495.72 7487.04 7477.76 7469.54 7473.09 7480.23 7486.66 7490.98 7492.41 7488.66 7485.07 7481.9 7479.01 7477.35 7476.88 7476.85 7471.34 7467.92 7469.41 7470.3 7469.18 7464.63 7459.51 7456.32 7456.93 7460.48 7465.79 7472.39 7479.87 7488.09 7494.44 7499.69 7503.77 7509.2 7517.77 7528.53 7540.45 7553.77 7566.01 7583.25 7588.61 7589.88 7593.97 7614.05 7628.28 7636.76 7629.41 7622.02 7612.55 7608.67 7600.48 7591.69 7620.54 7646.85 7644.25
7537.21 7554.99 7570.8 7572.07 7561.18 7546.94 7541.07 7535.98 7529.31 7522.33 7514.02 7505.85 7497.3 7489.21 7482.01 7476.34 7481.16 7488.6 7485.91 7479.02 7478.49 7482.41 7482.37 7482.26 7481.52 7481.3 7481.73 7481.58 7470.11 7469.71 7474.08 7479.01 7476.79 7469.41 7462.67 7458.21 7459.13 7463.71 7470.34 7478.46 7488.23 7499.83 7501.73 7499.88 7503.56 7512.54 7524.45 7537.92 7552.38 7566.39 7579.18 7586.1 7602.76 7608.25 7618.42 7646.19 7673.88 7667.66 7647.04 7628.37 7613.73 7615.11 7626.13 7630.95 7683.56 7736.06 7748.22
7534.33 7551.29 7563.7 7564.15 7559.45 7553.36 7546.12 7537.83 7530.24 7522.4 7515.06 7506.9 7499.6 7492.77 7488.27 7487.24 7489.22 7493.87 7470.79 7469.21 7471.19 7476.58 7480.21 7482.22 7482.76 7482.55 7482.28 7479.13 7470.03 7472.01 7477 7482.05 7480.21 7472.42 7465.07 7459.91 7460.9 7466.62 7474.35 7482.73 7491.71 7500.53 7501.57 7498.61 7502.54 7514.35 7529.26 7544.98 7561.18 7579.38 7597.63 7618.73 7630.44 7635.47 7645.09 7679.14 7692.51 7684.02 7651.52 7612.18 7589.74 7588.81 7623.53 7707.57 7716.4 7710.99 7757.41
7530.82 7547.64 7560.16 7564.89 7563 7557.88 7549.69 7540.38 7531.49 7522.33 7514.56 7506.91 7500.37 7495.51 7492.13 7490.12 7489.48 7487.14 7483.68 7471.48 7469.48 7475.31 7480.27 7482.38 7484.2 7483.47 7480.96 7476.47 7472.71 7475.18 7478.81 7481.58 7480.05 7474.11 7467.73 7462.31 7463.7 7470.57 7478.51 7486.08 7492.8 7497.62 7498.5 7497.96 7502.87 7519.26 7536.94 7554.56 7571.61 7585.49 7607.98 7635.63 7668.03 7687.32 7697.48 7716.33 7736.94 7711.89 7629.27 7564.45 7526.42 7514.09 7536.24 7576.48 7572.54 7551.71 7610.14
7528.15 7545.36 7559.15 7564.76 7563.89 7559.08 7550.73 7540.73 7531.11 7523.54 7515.97 7508.78 7501.92 7496.05 7492.21 7489.51 7485.54 7482.18 7479.93 7474.55 7476.26 7479.72 7481.46 7481.81 7482.2 7482.15 7479.72 7476.53 7478.01 7480.16 7481.39 7481.28 7479.44 7476.08 7472.29 7468.56 7470.08 7476.72 7483.7 7490.7 7496.21 7499.09 7500.76 7504.59 7512.98 7530.99 7551.74 7571.66 7586.2 7596.5 7612.21 7645.18 7712.63 7771.09 7760.58 7718.39 7705.5 7657.96 7545.89 7469.76 7422.79 7396.97 7387.07 7380.11 7366.27 7369.5 7409.99
7525.25 7543.35 7557.32 7561.88 7560.24 7556.46 7547.96 7539.16 7531.03 7523.09 7515.54 7508.31 7501.37 7494.91 7489.2 7485.15 7481.28 7477.41 7476.85 7481.16 7484.63 7486.64 7486.43 7485.47 7483.61 7482.98 7485.45 7486.36 7485.94 7487.16 7486.62 7484.11 7480.55 7480.62 7479.47 7478.46 7480.76 7485.05 7491.16 7497.7 7503.79 7508.58 7513.16 7518.79 7528.15 7550.65 7576.43 7600.63 7611.03 7629.71 7646.49 7680.06 7734.18 7804.53 7750.36 7641.3 7552.76 7467.19 7392.46 7333.09 7287.32 7252.71 7224.18 7195.56 7170.31 7163.43 7203.09
7522.22 7539.96 7552.29 7554.89 7552.73 7547.93 7541.47 7535.98 7529.77 7522.73 7515.32 7508.11 7500.91 7493.76 7484.56 7480.27 7479.37 7479.14 7481.91 7484.45 7491.63 7494.13 7492.5 7489.19 7485.14 7482.33 7487.3 7504.12 7499.28 7496.37 7494.22 7491.54 7488.66 7489.09 7488.37 7488.56 7490.95 7494.28 7500 7506.98 7514.36 7522.03 7530.17 7537.79 7550.03 7574.47 7604.67 7633.82 7653.13 7677.25 7687.12 7712.79 7693.32 7658.65 7596.7 7488.86 7371.21 7260.95 7219.32 7181.45 7147.13 7113.13 7072.71 7029.98 6997.16 7016.52 7031.26
7518.71 7535.15 7544.46 7544.97 7541.68 7538.38 7535.79 7532.82 7528.08 7522.16 7515.65 7508.84 7501.87 7494.82 7488.51 7484.72 7482.8 7483.3 7488.01 7492.79 7499.17 7501.96 7499.46 7494.54 7488.91 7483.11 7473.26 7509.23 7509.2 7504.83 7502.59 7501.4 7501.47 7499.9 7497.66 7496.94 7498.34 7502.65 7509.1 7516.74 7526.18 7536.78 7549.55 7560.81 7573.4 7600.92 7633.15 7670.32 7704.86 7738.63 7747.96 7725.84 7616.48 7500.02 7416.27 7320.76 7209.08 7103.85 7064.56 7038.5 7011.87 6980.22 6937.45 6894.94 6860.41 6888.15 6884.95
7513.72 7532.15 7540.85 7537.24 7532.02 7532.58 7533.01 7531.48 7527.07 7521.6 7515.65 7509.59 7503.52 7497.63 7492 7491 7491.14 7493.36 7498.78 7505.07 7510.28 7512.29 7507.11 7501.18 7495.25 7491.25 7496.42 7509.9 7511.04 7509.99 7509.18 7509.23 7510.19 7508.21 7505.57 7504.78 7506.29 7510.74 7517.06 7525.97 7537 7549.94 7567.1 7585.21 7611.57 7634.45 7656.18 7697.1 7734.42 7785.01 7830.66 7706.86 7517.46 7353.79 7258.39 7169.28 7074.18 6989.98 6942.28 6917.89 6900.01 6874.17 6841.44 6802.36 6772.4 6780.29 6771.51
7505.56 7528.1 7540.48 7532.36 7527.31 7529.75 7534.16 7532.07 7528.68 7523.84 7517.66 7512 7506.36 7501.98 7500.89 7500.22 7503.39 7504.74 7509.39 7514.67 7517.55 7517.83 7513.64 7508 7502.26 7497.55 7495.51 7508.1 7511.86 7513.52 7514.68 7515.06 7514.93 7514.33 7512.08 7511.21 7513.43 7517.24 7523.67 7533.21 7545.92 7561.17 7577.66 7601.43 7627.29 7645.41 7663.17 7680.73 7725.59 7756.48 7729.61 7581.97 7389.86 7222.13 7125.46 7043.14 6961.31 6884.81 6842.31 6825.86 6811.55 6794.49 6768.41 6741.98 6722.42 6712.76 6712.15
7491.18 7511.61 7520.31 7519.09 7522.46 7522.6 7527.6 7530.94 7528.85 7525.1 7520.21 7514.81 7509.54 7504.59 7503.47 7505.85 7511.15 7513.57 7517.16 7520.95 7523.08 7521.42 7520.71 7515.69 7508.93 7504.35 7505.85 7508.4 7513.99 7516.4 7517.59 7518.62 7519.56 7518.91 7516.78 7515.81 7517.59 7521.67 7527.77 7536.55 7550.34 7568.69 7592.97 7614.84 7632.6 7646.03 7655.59 7668.68 7669.93 7667.24 7589.63 7430.47 7255 7106.64 7019.02 6942.76 6872.36 6812.08 6771.95 6756.42 6746.91 6733.51 6718.48 6703.79 6692.4 6682.72 6683.58
7472.1 7491.18 7491.92 7496.57 7493.3 7499.86 7519.88 7528.79 7528.56 7525.68 7521.54 7516.38 7511.63 7506.3 7504.46 7508.02 7511.75 7518.42 7524.2 7529.17 7532.78 7534.26 7532.51 7525.83 7516.89 7508.85 7504.4 7507.08 7516.2 7519.77 7521.4 7522.22 7522.76 7522.26 7519.6 7518.17 7519.52 7523.84 7527.83 7537.4 7551.18 7569.78 7593.93 7619.49 7644.73 7657.91 7648.9 7630.63 7586.62 7522.66 7435.62 7288.91 7137.81 7016.33 6934.84 6871.61 6809.12 6756.79 6722.73 6713.31 6707.23 6698.33 6685.92 6676.55 6675.76 6669.7 6668.63
7448.39 7475.05 7488.53 7485.33 7473.72 7483.03 7510.69 7525.23 7526.82 7524.75 7521.27 7517.8 7514.1 7509.89 7508.2 7511.2 7514.25 7519.97 7526.73 7534.99 7543.56 7551.43 7546.97 7535.98 7524.21 7513.43 7508.38 7518.1 7522.21 7523.51 7523.79 7524.06 7524.46 7524.27 7520.22 7517.74 7518.29 7522.66 7526.31 7535.32 7548.68 7566.04 7588.12 7616.81 7656.72 7678.76 7651.63 7587.79 7506.07 7379.59 7253.86 7151.15 7036.03 6938.92 6870.25 6815.81 6770.22 6733.19 6706.86 6693.85 6685.5 6676.09 6665.71 6653.33 6644.81 6648.86 6656.26
7415.23 7432.77 7478.73 7480.29 7482.49 7480.29 7507.09 7523.96 7526.85 7525.78 7523.83 7521.06 7518.1 7516.05 7515.87 7516.5 7517.84 7521.61 7527.33 7538.35 7550.57 7561.26 7556.98 7544.66 7531.86 7521.06 7519.4 7527.83 7528.06 7527.01 7525.77 7524.73 7523.65 7522 7518.58 7515.21 7513.98 7517.81 7524.57 7534.85 7548.96 7563.58 7580.26 7610.12 7677.9 7704.04 7677.96 7587.34 7454.27 7299.6 7156.13 7048.31 6941.27 6865.23 6814.02 6778.01 6747.5 6725.49 6710.15 6687.44 6673.63 6663.09 6652.08 6639.5 6624.55 6623.06 6633.17
7385.13 7387.93 7430.28 7462.56 7482.64 7487.26 7508.18 7522.48 7525.07 7525.37 7524.86 7523.56 7521.97 7519.83 7521.33 7523.11 7523.08 7525.5 7530.3 7541.95 7554.08 7561.86 7560.17 7550.62 7538.82 7528.85 7528.23 7531.64 7531.43 7529.62 7527.2 7524.46 7521.93 7519.81 7516.22 7512.64 7510.71 7514.1 7523.54 7536.04 7550.38 7565.55 7584.3 7619.04 7721.28 7810.4 7738.72 7593.46 7425.02 7256.8 7107.32 6982.89 6865.03 6807.17 6771.75 6748.1 6729.54 6717.07 6706.02 6682.33 6666.07 6653.78 6647.05 6644.14 6638 6625.82 6630.15
7372.32 7382.93 7404.59 7427.21 7464.48 7492.79 7503.21 7515.36 7517.87 7521.49 7523.52 7524.38 7524.78 7525.64 7529.11 7531.91 7528.63 7531.77 7536.76 7547.27 7558.02 7565.02 7564.27 7556.14 7544.8 7536.41 7533.92 7535.34 7534.26 7531.49 7527.78 7524.02 7520.22 7516.84 7513.88 7510.72 7510.14 7513.33 7523.87 7538.19 7556.2 7574.4 7596.72 7636.44 7741.05 7846.22 7760.28 7581.49 7393.98 7212.41 7062.9 6942 6841.35 6776.52 6745.23 6725.9 6712.06 6701.59 6690.61 6673.52 6657.46 6646.17 6640.64 6642.8 6641.15 6632.23 6632.61
7367.13 7369.57 7377.37 7383.87 7405.65 7458.23 7481.8 7486.49 7507.58 7514.93 7519.49 7523.1 7526.2 7529.24 7535.64 7541.06 7539.92 7540.71 7544.6 7553.95 7563.42 7571.38 7573.97 7561.11 7548.83 7538.3 7539.62 7539.54 7536.12 7532.42 7528.1 7523.7 7519.22 7515.45 7512.59 7510.73 7510.81 7515.82 7527.33 7546.32 7566.24 7587.79 7612.12 7642.99 7715.9 7771.9 7698.33 7532.93 7350.27 7174.99 7027.35 6906.04 6800.06 6750.31 6722.7 6705.61 6694.23 6686.87 6685.16 6663.61 6648.72 6636.12 6625.96 6629.13 6632.74 6633.14 6636.82
