real_craters/C093-300m.grd
DSAA
209 209
-31.2375 31.2375
-31.2375 31.2375
6575.7337673253 8069.0100109959
[rows 120 to 149 of 209, columns 134 to 200 of 209]
7733.1 7668.72 7632.02 7636.09 7633.62 7625.49 7612.75 7590.14 7588.34 7589.1 7582.66 7579.22 7578.26 7574.91 7568.33 7563.05 7558.97 7555.98 7553.78 7553.06 7555.43 7556.13 7557.91 7560.42 7562.1 7562.75 7561.68 7559.6 7556.43 7552.85 7549.48 7546.6 7544.47 7544.02 7545.49 7546.07 7543.92 7541.08 7536.66 7532.17 7528.41 7526.34 7523.26 7519.47 7516.76 7515.43 7515.23 7516.21 7518.12 7519.72 7521.09 7522.37 7522.92 7523.15 7523.53 7523.33 7522.34 7520.38 7517.49 7514.15 7510.78 7507.79 7504.89 7502.27 7500.66 7499.84 7499.25
7718.19 7662.3 7628.49 7633.02 7627.24 7616.13 7600.85 7582.33 7584.01 7586.54 7580.18 7575.44 7572.91 7570.13 7566.39 7562.07 7558.08 7554.78 7552.06 7550.61 7550.63 7548.41 7551.51 7556.87 7560.74 7561.79 7560.72 7558.22 7554.07 7550.7 7546.38 7543.08 7540.47 7538.72 7538.94 7538.6 7537.79 7535.47 7533.17 7531.15 7529.92 7529.92 7528.12 7525 7521.65 7518.14 7516.05 7516.76 7518.43 7519.94 7520.44 7519.37 7518.15 7520.86 7521.85 7520.94 7520.3 7518.85 7516.41 7513.3 7509.9 7506.55 7502.85 7499.59 7499.19 7499.31 7499.82
7702.04 7656.69 7626.66 7629.19 7618.44 7605.46 7593.65 7584.34 7582.6 7580.6 7577.36 7573.28 7570.01 7567.18 7564.2 7560.58 7557.02 7553.61 7550.32 7547.78 7545.85 7544.13 7548.21 7555.49 7560.93 7562.06 7560.46 7557.01 7552.74 7547.97 7543.53 7539.53 7536.63 7534.99 7532.76 7531.36 7530.33 7529.42 7528.77 7528.58 7528.88 7529.12 7529.41 7530 7528.97 7521.36 7517.28 7518.16 7520.03 7521.32 7521.65 7520.76 7518.9 7522.43 7522.75 7520.84 7520.11 7518.29 7515.69 7512.62 7509.24 7505.85 7502.45 7500.01 7499.3 7499.54 7500.51
7686.29 7650.79 7624.79 7616.63 7606.91 7595.49 7590.48 7595.37 7582.34 7572.98 7571.16 7569.47 7566.26 7564.88 7562.53 7559.64 7556.31 7553.04 7549.24 7545.4 7543.92 7544.03 7548.94 7557 7562.28 7563.83 7561.54 7557.01 7551.75 7545.92 7540.49 7535.37 7531.16 7527.98 7525.07 7523.38 7522.81 7522.81 7523.56 7524.9 7526.6 7528.52 7530.44 7532.18 7533.38 7524.91 7521.09 7521.29 7523.21 7523.87 7524.22 7525.37 7529.39 7526.43 7525.45 7524.97 7521.55 7518.35 7515.22 7512 7508.74 7505.55 7502.66 7500.23 7499.67 7500.19 7501.05
7672.53 7645.17 7620.48 7606.79 7598.53 7587.42 7582.97 7581.8 7575.7 7568.72 7567.28 7567.11 7566.62 7564.55 7562.01 7559.43 7556.65 7553.89 7550.57 7547.2 7546.8 7548.53 7554.03 7562.22 7568.69 7568.67 7563.28 7556.9 7550.15 7543.71 7536.85 7530.36 7524.28 7519.19 7515.95 7514.96 7514.89 7515.94 7517.93 7520.38 7523.36 7526.87 7529.84 7530.78 7529.73 7528.23 7529.67 7529.93 7527.89 7526.23 7525.64 7526.2 7526.54 7526.48 7525.86 7525.47 7521.51 7517.9 7514.59 7511.36 7508.3 7505.43 7503.11 7501.29 7501.03 7501.29 7501.67
7661.25 7641.56 7621.92 7608.14 7599.04 7587.48 7579.49 7573.24 7570.16 7567.86 7565 7564.51 7566.23 7564.1 7561.52 7559.26 7557.3 7555.52 7553.88 7552.75 7552.65 7554.84 7560.62 7568.32 7574.38 7571.6 7563.38 7555.61 7548.3 7540.88 7533.61 7525.99 7517.99 7509.66 7506.71 7507.59 7508.16 7509.7 7512.49 7515.51 7519.02 7523.36 7527.76 7527.65 7526.91 7529.94 7536.7 7536.68 7530.4 7526.7 7524.88 7524.49 7525.19 7524.09 7522.94 7521.63 7519.34 7516.36 7513.29 7510.36 7507.43 7505.03 7503.38 7502.78 7502.33 7502.16 7503.42
7651.34 7640.06 7631.19 7616.67 7605.72 7596.35 7582.07 7569.91 7566.26 7566.53 7561.83 7560.63 7565.19 7561.93 7559.85 7558.56 7557.74 7557.5 7557.79 7558.23 7559.84 7564.8 7573.7 7571.98 7570.17 7565.47 7559.61 7552.94 7545.96 7538.47 7530.98 7523.03 7514.6 7505.88 7502.57 7503.71 7504.38 7505.63 7507.72 7510.24 7513.35 7516.82 7520.37 7522.05 7524.44 7526.55 7530.49 7530.87 7526.86 7523.83 7521.85 7520.74 7519.61 7519.06 7518.8 7517.96 7516.61 7514.29 7511.57 7508.78 7506.29 7504.07 7502.49 7501.69 7501.11 7500.7 7501.24
7640.76 7635.83 7634.46 7623.78 7606.88 7597.16 7580.78 7568.79 7562.7 7560.7 7557.8 7555.86 7556.59 7557.42 7557.42 7557.61 7558.37 7559.43 7561.58 7564.92 7568.99 7572.03 7574.57 7569.44 7563.39 7558.11 7554.98 7549.74 7543.28 7536.25 7528.8 7521.42 7514.36 7508.74 7505.48 7502.9 7502.48 7503.42 7502.95 7504.82 7507.39 7509.61 7510.15 7515.06 7521.12 7520.34 7517.75 7519.06 7519.52 7518.68 7517.51 7516.33 7515.12 7514.9 7515.67 7515.48 7514.29 7512.21 7509.73 7507.07 7504.44 7502.19 7500.42 7499.19 7498.31 7497.44 7496.53
7628.01 7624.27 7621.41 7616.01 7597.47 7579.3 7574.24 7568.26 7564.05 7559.4 7554.51 7550.86 7551.01 7552.52 7554.23 7556.37 7558.39 7560.77 7563.95 7568.59 7574.35 7578.5 7566.91 7563.89 7560.39 7555.8 7552.1 7546.8 7540.59 7533.6 7526.86 7520.06 7514.39 7510.45 7507.23 7501.53 7497.87 7495.32 7497.05 7499.7 7502.5 7504.83 7507.01 7510.38 7512.99 7511.68 7509.48 7510.97 7512.89 7513.39 7512.95 7512.21 7511.47 7511.81 7513.82 7513.84 7512.1 7509.82 7507.21 7504.5 7501.59 7499.32 7497.38 7495.87 7494.53 7493.79 7493.42
7615.33 7611.03 7604.47 7599.71 7588.9 7576.62 7571.67 7567.53 7563.82 7558.1 7552.23 7546.69 7546.25 7548.66 7551.48 7554.4 7557.38 7560.44 7563.61 7566.68 7568.31 7565.07 7564.43 7562.51 7559.35 7556.01 7550.89 7544.55 7537.87 7530.97 7524.55 7518.25 7512.89 7508.06 7503.1 7498.51 7493.69 7490.21 7492.41 7495.85 7498.99 7501.79 7504.74 7507.14 7508.29 7508.1 7505.7 7506.59 7508.02 7508.78 7508.81 7508.49 7508.25 7509.14 7511.37 7511.71 7509.91 7507.46 7504.76 7501.99 7499.28 7496.77 7494.42 7492.39 7490.63 7489.87 7489.32
7605.74 7602.9 7597.51 7590.74 7585.14 7578.9 7571.86 7566.85 7560.78 7556.86 7552.01 7547.18 7543.96 7546.45 7549.89 7553.23 7556.54 7559.66 7562.45 7563.96 7562.42 7562.66 7562.48 7559.6 7557.24 7555.88 7548.97 7541.68 7534.61 7527.3 7521.63 7515.32 7510.34 7505.66 7501.45 7497.06 7492.46 7488.89 7490.8 7493.96 7496.78 7499.38 7502.06 7504 7504.56 7505.73 7504.01 7504.08 7504.6 7505.1 7505.26 7505.12 7505.11 7505.92 7510.08 7509.74 7507.56 7505.02 7502.28 7499.55 7496.74 7493.98 7491.33 7489 7487.02 7486.08 7485.72
7599.04 7598.92 7595.79 7586.02 7581.03 7577.14 7571.21 7566.59 7566.33 7559.78 7553.66 7547.12 7544.05 7545.76 7548.84 7552.72 7555.75 7559.26 7561.95 7563.87 7564.71 7562.37 7556.4 7552.06 7551.35 7548.93 7543.4 7536.65 7529.84 7522.89 7517.33 7511.78 7507.36 7503.86 7501.24 7496.95 7493.33 7491.82 7492.41 7493.95 7495.73 7497.46 7498.94 7500.11 7502.01 7504.34 7502.98 7502.11 7501.89 7502.03 7502.09 7502.03 7502.24 7503.51 7507.29 7506.79 7504.82 7502.37 7499.71 7496.97 7494.13 7491.19 7488.35 7485.74 7483.4 7482.51 7482.39
7592.24 7593.47 7591.86 7583.93 7579 7575.76 7570.1 7563.4 7559.32 7559.2 7556.21 7551.91 7546.23 7546.82 7548.81 7551.6 7554.97 7558.19 7561.39 7564.07 7565.99 7560.99 7552.37 7547.81 7546.54 7542.99 7538.45 7531.8 7525.14 7518.59 7513.18 7508.17 7504.08 7500.79 7498.31 7495.5 7493.9 7494.5 7494.69 7494.78 7495.52 7496.4 7497.01 7497.68 7499.09 7501.13 7500.55 7500.18 7500.18 7500.23 7500.24 7499.97 7499.83 7500.45 7503.7 7503.36 7501.59 7499.38 7496.92 7494.3 7491.68 7488.8 7485.98 7483.07 7480.51 7479.76 7480.06
7584.8 7585.07 7585.53 7585.02 7584.39 7579.12 7570.74 7562.16 7557.7 7559.72 7558.36 7556.2 7548.84 7547.98 7548.79 7550.86 7553.76 7557.2 7560.35 7563.18 7564.41 7559.99 7552.26 7548.61 7545.02 7541.35 7534.66 7526.64 7519.66 7513.31 7508.63 7503.95 7500.27 7496.87 7493.86 7492.39 7492.85 7494.27 7494.88 7494.9 7495.15 7495.62 7495.95 7496.53 7497.33 7497.97 7497.84 7498.29 7498.61 7498.73 7498.77 7498.67 7498.25 7497.89 7500.52 7499.96 7498.54 7496.57 7494.44 7492.06 7489.5 7486.75 7483.86 7481.1 7478.48 7477.88 7478.57
7578.52 7577.79 7580.44 7586.06 7591.33 7582.01 7571.39 7563.33 7562.88 7563.9 7558.47 7553.24 7550.62 7549.13 7549.41 7550.98 7553.22 7556.07 7559.12 7561.99 7564.11 7562.84 7557.71 7549.45 7544.4 7537.35 7528.76 7519.86 7512.79 7507.33 7503.22 7499.74 7496.73 7493.86 7491.09 7490.32 7491.49 7493.25 7494.39 7494.35 7494.75 7495.28 7495.64 7495.76 7497.5 7496.68 7496.43 7496.9 7497.6 7497.98 7498.12 7498.14 7497.89 7497.3 7497.93 7496.67 7495.39 7494.03 7492.36 7490.35 7488.04 7485.5 7482.57 7480.12 7477.48 7477.03 7477.89
7573.94 7572.08 7575.95 7582.43 7585.55 7578.6 7569.88 7561.96 7559.92 7559.88 7557.78 7554.88 7551.33 7549.02 7548.45 7549.37 7551.51 7553.91 7556.84 7559.68 7562.44 7563.4 7562.23 7556.17 7545.94 7533.22 7521.19 7511.18 7505.1 7501.01 7498.13 7495.81 7493.8 7491.94 7490.48 7490.18 7490.83 7491.78 7492.17 7493.48 7494.52 7495.37 7496.26 7497.46 7497.72 7494.78 7495.08 7496.52 7496.95 7497.39 7497.53 7497.71 7498.07 7498.67 7495.07 7492.75 7492.38 7491.66 7490.42 7488.75 7486.74 7484.48 7482.16 7480.07 7477.75 7477.26 7477.93
7572.05 7570.9 7573.22 7576.03 7573.33 7571.71 7567.33 7562.48 7558.67 7557.22 7555.51 7552.78 7549.79 7547.02 7546.37 7547.18 7549 7551.31 7553.94 7556.4 7558.36 7557.86 7558.65 7560.11 7546 7525.51 7507.66 7500.02 7496.83 7494.85 7493.12 7492.37 7491.2 7490.68 7490.72 7491.51 7491.03 7491.39 7492.07 7493.44 7494.76 7495.8 7496.64 7497.05 7495.52 7495.21 7495.95 7497.12 7497.73 7497.97 7497.76 7497.52 7497.54 7497.71 7486.8 7489.43 7490.23 7489.95 7488.99 7487.56 7485.82 7483.96 7482.07 7480.43 7479.48 7479.02 7477.42
7571.12 7573.11 7571.46 7571.75 7569.13 7563.99 7564.1 7565.41 7560.99 7556.77 7557.76 7554.01 7547.05 7543.49 7543.14 7544.12 7545.82 7547.89 7550.38 7552.68 7555.01 7555.82 7553.94 7554.58 7541.83 7518.51 7496.63 7490.87 7489.68 7489.42 7489.12 7489.19 7489.2 7489.6 7490.32 7490.91 7491.07 7492.02 7493.78 7494.26 7495.33 7496.72 7497.72 7497.86 7498.01 7499.62 7498.97 7498.92 7498.7 7498.18 7497.33 7496.47 7495.37 7493.32 7491.33 7489.85 7489.71 7489.16 7488.13 7486.74 7485.21 7483.52 7481.93 7480.57 7479.78 7478.03 7475.73
7566.46 7566.78 7564.89 7563.02 7557.81 7555.56 7558.69 7560.9 7558.48 7555.33 7561.04 7554.7 7544.75 7539.94 7539.66 7540.52 7542.02 7544.04 7546.41 7548.48 7550.52 7552.77 7551.08 7550.72 7539.47 7516.31 7494.77 7486.99 7486.18 7486.38 7486.81 7487.21 7487.95 7488.83 7489.92 7490.87 7491.12 7491.55 7492.89 7493.97 7496.27 7498.63 7500.66 7501.77 7503.91 7504.73 7502.42 7502.65 7501.63 7499.82 7497.79 7495.9 7493.98 7491.8 7491.54 7491.16 7490.2 7489.06 7487.73 7486.25 7484.72 7483.13 7481.55 7480.03 7478.13 7475.18 7474.69
7560.38 7558.56 7556.17 7551.67 7548.01 7550.31 7554.68 7555.87 7555.9 7555.08 7554.15 7549.07 7541.98 7537.79 7536.6 7536.81 7538.03 7540.01 7542 7543.88 7545.27 7545.93 7546.39 7546.63 7536.96 7516.85 7496.35 7488.15 7486.37 7486.05 7485.92 7486.63 7487.17 7488.21 7489.8 7492.28 7491.39 7489.94 7489.26 7492.19 7497.28 7502.1 7506.15 7509.2 7514.34 7518.14 7512.09 7509.87 7506.11 7502.13 7498.59 7495.54 7493.34 7492.85 7493.63 7492.21 7490.91 7489.24 7487.58 7485.86 7484.27 7482.72 7481.23 7479.78 7478.16 7476.15 7475.08
7555.55 7554.08 7551.01 7546.35 7546.65 7550.9 7554.85 7556.81 7554.77 7551.27 7543.13 7542.29 7539.02 7536.16 7533.3 7533.2 7534.52 7536.14 7538.04 7539.67 7540.59 7540.25 7540.95 7541.11 7534.54 7520.17 7504.29 7494.09 7489.24 7487.12 7486.27 7486.43 7486.8 7487.53 7488.52 7489.44 7489.08 7488.86 7488.62 7492.6 7499.61 7506.24 7512.85 7520.14 7532.29 7538.28 7530.18 7518.54 7509.61 7503.29 7498.36 7494.41 7491.61 7490.92 7492.78 7492.76 7491.13 7489.12 7487.23 7485.51 7483.91 7482.4 7480.97 7479.64 7478.6 7477.15 7475.79
7550.33 7549.67 7549.45 7548.91 7550.08 7552.02 7553.81 7555.7 7552.75 7549.07 7544.12 7538.89 7533.48 7528.91 7528.3 7529.67 7531.52 7532.94 7534.82 7536.59 7537.96 7538.73 7539.38 7540.01 7538.11 7524.77 7510.24 7499.21 7492.59 7489.31 7487.94 7487.32 7487.49 7487.63 7487.65 7487.19 7487.89 7489.75 7492.67 7497.39 7502.97 7509.69 7517.9 7528.01 7538.71 7541.24 7528.33 7517.92 7509.55 7502.54 7497.08 7492.67 7489.11 7488.05 7492.2 7492.83 7490.56 7488.43 7486.6 7484.99 7483.49 7482.05 7480.65 7479.23 7478.02 7477.16 7476.51
7544.99 7545.33 7548.35 7553.5 7551.49 7550.03 7548.12 7548.1 7549.43 7548.77 7545.49 7537.32 7529.15 7522.59 7524.35 7526.63 7528.7 7530.81 7532.65 7534.47 7536.45 7539.47 7541.07 7539.71 7540.18 7526.98 7512.5 7501.49 7495.29 7491.86 7490.1 7489.33 7488.93 7488.62 7488.32 7488.08 7488.6 7491.3 7496.22 7501.46 7504.68 7510.44 7517.85 7526.15 7529.07 7526.55 7521.61 7514.56 7505.83 7499.79 7495.03 7491 7487.56 7486.71 7489.71 7490.46 7488.55 7487 7485.61 7484.3 7483 7481.72 7480.39 7479.01 7477.7 7476.94 7476.61
7539.84 7540.8 7544.46 7548.16 7548.94 7547.94 7544.09 7543.74 7547.23 7548.3 7544.03 7535.78 7528.73 7524.73 7524.3 7525.42 7526.93 7528.58 7530.3 7532.05 7533.89 7536.19 7537.78 7538.6 7534.98 7525.29 7513.02 7502.46 7497.05 7494.25 7492.72 7491.87 7491.16 7490.57 7490.15 7489.93 7490.36 7491.82 7494.72 7498.07 7502.1 7507.74 7513.27 7514.89 7509.06 7507.21 7505.88 7501.25 7498.6 7495.4 7492.31 7489.56 7487.14 7485.94 7485.59 7484.9 7485.73 7485.23 7484.47 7483.64 7482.72 7481.67 7480.47 7479.07 7477.77 7477.1 7476.87
7536.87 7537.55 7540.38 7542.87 7545.11 7545.44 7543.57 7543.61 7546.06 7548.07 7541.02 7532.15 7527.72 7526.08 7525.05 7525.12 7526.04 7527.33 7528.68 7529.89 7531.09 7532.06 7532.65 7537.23 7533.36 7525.52 7513.71 7502.9 7499.17 7497.45 7496.35 7495.31 7494.36 7493.34 7492.79 7492.65 7492.55 7491.4 7490.89 7491.93 7496.7 7503.16 7508.96 7509.34 7501.8 7496.92 7495.02 7492.95 7491.95 7490.78 7489.46 7488.3 7487.46 7486.05 7484.69 7484.59 7483.88 7483.83 7483.63 7483.21 7482.62 7481.88 7480.95 7479.78 7478.36 7477.64 7477.16
7538 7536.71 7537.75 7539.86 7541.9 7543.84 7542.13 7542.05 7544.12 7542.19 7529.35 7526.26 7525.3 7525.09 7524.81 7524.94 7525.77 7526.91 7527.91 7528.81 7529.46 7529.94 7530.37 7532.77 7535.07 7528.91 7516.9 7506.42 7503.11 7501.92 7500.89 7499.28 7497.85 7496.02 7494.92 7494.38 7493.84 7490.75 7487.61 7485.99 7490.68 7497.55 7504.42 7506.57 7498.23 7491.53 7488.61 7487.05 7487.05 7486.94 7486.84 7486.8 7487.26 7485.58 7483.52 7481.66 7482.36 7482.79 7483 7482.96 7482.74 7482.33 7481.81 7481.19 7480.35 7479.02 7477.81
7537.82 7536.37 7536.03 7536.69 7538.34 7539.57 7537.21 7539.16 7542.3 7544.45 7528.87 7524.12 7523.86 7523.81 7523.95 7524.69 7525.87 7527.12 7528.13 7528.97 7529.36 7529.3 7529.58 7531.32 7533.93 7530.31 7522.05 7512.63 7509.86 7508.46 7506.4 7503.45 7501.12 7498.26 7496.25 7494.87 7493.58 7489.69 7485.92 7483.34 7486.73 7491.51 7494.94 7495.31 7491.73 7485.96 7483.59 7483.13 7483.39 7484.15 7484.74 7484.95 7484.33 7483.92 7482.67 7481.63 7481.73 7482.34 7482.78 7483 7483 7482.88 7482.71 7482.64 7482.23 7480.87 7480
7537.5 7536.98 7536.86 7536.63 7535.78 7533.45 7533.76 7537.05 7539.37 7538.21 7530.78 7526.19 7524.68 7523.57 7523.51 7525.38 7526.79 7528.33 7529.83 7530.76 7531.31 7531.17 7531.63 7537.64 7540.34 7535.7 7531.25 7524.68 7520.91 7517.2 7512.67 7507.62 7503.96 7499.73 7496.58 7493.98 7491.54 7488.37 7485.78 7485.7 7486.49 7486.72 7486.28 7485.18 7482.69 7479.53 7480.07 7479.48 7480.98 7482.59 7483.64 7484.04 7483.92 7483.38 7482.63 7481.74 7481.92 7482.56 7483.05 7483.38 7483.57 7483.62 7483.6 7483.65 7483.38 7482.49 7481.69
7541.35 7540.44 7538.47 7537.99 7536.68 7534.96 7535.77 7536.36 7537.08 7537.51 7533.15 7529.67 7527.3 7526.14 7526.27 7527.37 7528.72 7530.45 7532.19 7533.24 7534.59 7535.18 7536.72 7543.32 7549.43 7547.07 7543.5 7539.98 7534.41 7526.48 7518.6 7511.77 7505.89 7501.01 7496.55 7492.59 7488.94 7485.74 7484.63 7485.52 7484.93 7483.1 7482.03 7481.33 7480.64 7480.71 7479.88 7479.79 7480.93 7482.4 7483.55 7484.23 7484.28 7484 7483.45 7482.81 7482.91 7483.42 7483.83 7484.17 7484.38 7484.56 7484.49 7484.26 7484.15 7484.08 7484.16
7545.78 7546.38 7548.18 7544.49 7540.33 7536.09 7535.56 7536.49 7535.95 7533.75 7534.27 7532.44 7530.34 7529.23 7529.14 7529.69 7531.28 7533.01 7535.14 7537.06 7539.11 7540.97 7543 7549.47 7557.56 7555.57 7553.56 7551.88 7545.48 7533.34 7522.49 7513.73 7506.81 7501.36 7496.99 7492.22 7486.22 7482.9 7482.96 7481.49 7480.02 7480.11 7479.51 7481.06 7481.43 7481.21 7480.65 7481.26 7482.21 7483.2 7484.32 7485.24 7485.72 7485.23 7484.81 7484.67 7484.59 7484.59 7484.98 7485.31 7485.56 7485.71 7485.65 7485.52 7485.48 7485.77 7486.05
