real_craters/C093-750m.grd
DSAA
84 84
-31.2375 31.2375
-31.2375 31.2375
6570.4124060099 8047.4135438455
[rows 0 to 37 of 84, columns 0 to 83 of 84]
7536 7527 7518 7510 7501 7492 7484 7488 7494 7507 7494 7471 7456 7447 7441 7443 7441 7434 7433 7428 7419 7409 7402 7377 7356 7345 7335 7328 7324 7321 7318 7313 7311 7309 7309 7312 7316 7322 7331 7328 7326 7325 7324 7325 7328 7331 7339 7356 7380 7391 7395 7400 7394 7388 7385 7382 7384 7389 7394 7406 7429 7454 7469 7460 7454 7417 7393 7384 7380 7377 7377 7377 7374 7373 7371 7367 7364 7363 7359 7352 7345 7340 7344 7343
7541 7530 7521 7512 7504 7498 7497 7494 7495 7496 7489 7478 7464 7453 7444 7441 7435 7438 7437 7426 7419 7418 7425 7416 7387 7354 7337 7331 7327 7324 7320 7317 7314 7312 7312 7314 7318 7322 7328 7327 7325 7327 7328 7327 7324 7332 7340 7356 7399 7414 7416 7403 7393 7392 7392 7396 7399 7405 7401 7411 7426 7438 7426 7461 7435 7400 7390 7382 7375 7378 7382 7384 7385 7382 7375 7368 7364 7362 7354 7349 7346 7344 7347 7346
7547 7535 7525 7516 7507 7503 7505 7503 7499 7494 7487 7475 7463 7453 7443 7435 7429 7430 7428 7418 7412 7416 7428 7422 7404 7365 7344 7337 7332 7328 7324 7321 7319 7316 7315 7319 7322 7326 7334 7334 7331 7333 7335 7338 7342 7345 7351 7372 7419 7434 7428 7410 7398 7399 7400 7402 7407 7416 7416 7417 7427 7431 7433 7443 7421 7400 7394 7388 7380 7388 7392 7393 7392 7387 7379 7370 7365 7360 7354 7352 7350 7349 7348 7347
7558 7542 7531 7520 7511 7505 7503 7500 7494 7486 7478 7465 7455 7446 7433 7421 7427 7424 7418 7410 7397 7413 7415 7407 7394 7372 7354 7342 7335 7330 7328 7327 7325 7323 7321 7326 7329 7327 7331 7334 7338 7342 7346 7352 7359 7363 7366 7384 7439 7449 7444 7428 7412 7406 7406 7409 7408 7410 7415 7415 7424 7443 7444 7434 7416 7411 7405 7405 7407 7408 7406 7404 7399 7392 7385 7376 7370 7365 7360 7358 7355 7352 7349 7349
7569 7551 7538 7526 7516 7505 7500 7494 7484 7475 7463 7454 7445 7435 7425 7419 7420 7412 7407 7408 7411 7409 7397 7389 7379 7369 7359 7344 7336 7332 7331 7332 7334 7334 7334 7339 7343 7348 7345 7342 7344 7352 7358 7365 7372 7375 7381 7400 7431 7446 7439 7427 7419 7410 7404 7398 7399 7402 7403 7408 7411 7426 7430 7425 7421 7415 7415 7421 7427 7426 7421 7415 7409 7403 7390 7380 7373 7374 7370 7366 7361 7356 7353 7354
7580 7560 7546 7534 7522 7513 7502 7491 7480 7469 7458 7447 7439 7430 7422 7422 7418 7413 7413 7404 7399 7395 7389 7380 7369 7360 7350 7341 7337 7335 7336 7339 7344 7349 7356 7358 7356 7358 7357 7350 7355 7363 7372 7381 7387 7389 7386 7395 7418 7433 7432 7427 7424 7414 7404 7398 7402 7406 7407 7411 7415 7422 7426 7430 7424 7421 7423 7432 7439 7439 7432 7424 7415 7405 7396 7386 7380 7379 7376 7373 7370 7363 7358 7361
7594 7571 7554 7540 7527 7516 7504 7488 7478 7465 7451 7442 7436 7429 7425 7419 7413 7406 7402 7394 7384 7384 7381 7372 7361 7348 7336 7334 7336 7340 7344 7349 7353 7361 7370 7369 7363 7362 7367 7369 7371 7378 7385 7394 7405 7407 7386 7386 7406 7427 7436 7439 7433 7418 7408 7404 7405 7411 7413 7419 7424 7426 7433 7435 7429 7426 7430 7439 7448 7448 7440 7432 7421 7410 7402 7393 7387 7384 7381 7381 7382 7381 7376 7372
7602 7579 7559 7541 7528 7517 7504 7492 7479 7467 7452 7444 7439 7435 7426 7415 7403 7397 7390 7387 7381 7385 7384 7363 7348 7334 7324 7327 7335 7342 7348 7354 7361 7366 7371 7369 7364 7365 7371 7377 7382 7388 7396 7404 7409 7400 7381 7385 7403 7423 7439 7444 7433 7418 7410 7406 7410 7414 7419 7426 7431 7433 7440 7439 7436 7434 7437 7446 7452 7454 7446 7437 7427 7417 7408 7400 7392 7387 7386 7388 7390 7391 7388 7382
7614 7590 7562 7538 7519 7506 7491 7484 7480 7475 7471 7461 7438 7419 7412 7402 7386 7389 7393 7387 7380 7378 7365 7354 7338 7323 7317 7325 7336 7345 7352 7358 7364 7369 7373 7371 7361 7361 7373 7384 7390 7396 7404 7412 7416 7409 7388 7392 7403 7416 7441 7449 7427 7416 7412 7412 7416 7417 7423 7433 7439 7439 7440 7437 7440 7445 7447 7451 7455 7455 7448 7440 7432 7422 7415 7409 7404 7393 7394 7395 7395 7394 7391 7388
7625 7594 7558 7530 7503 7492 7490 7484 7481 7478 7477 7464 7434 7412 7404 7394 7384 7385 7387 7383 7377 7371 7360 7349 7338 7329 7327 7335 7345 7352 7357 7362 7367 7371 7375 7375 7364 7367 7380 7387 7392 7399 7408 7416 7422 7422 7397 7386 7403 7426 7444 7452 7437 7426 7422 7421 7423 7422 7427 7434 7440 7444 7443 7444 7448 7454 7453 7454 7454 7452 7448 7443 7437 7432 7426 7417 7409 7410 7405 7401 7398 7397 7396 7394
7617 7573 7547 7524 7500 7490 7493 7491 7484 7476 7466 7449 7429 7412 7403 7393 7385 7383 7382 7379 7374 7360 7352 7349 7346 7347 7354 7358 7359 7361 7365 7368 7370 7372 7373 7371 7376 7384 7386 7389 7392 7402 7411 7418 7424 7419 7400 7389 7408 7427 7451 7458 7447 7436 7434 7429 7425 7425 7432 7438 7443 7445 7444 7453 7459 7460 7457 7457 7455 7451 7448 7445 7442 7439 7433 7424 7418 7415 7412 7407 7404 7401 7397 7397
7581 7556 7540 7524 7509 7504 7506 7497 7485 7472 7457 7439 7427 7413 7400 7386 7380 7384 7387 7382 7370 7362 7353 7351 7352 7355 7364 7369 7370 7371 7372 7373 7374 7374 7375 7378 7385 7398 7410 7404 7401 7407 7414 7422 7427 7429 7418 7403 7423 7450 7460 7462 7451 7440 7436 7435 7429 7435 7440 7443 7451 7456 7457 7466 7470 7464 7463 7465 7461 7454 7450 7446 7443 7440 7435 7428 7423 7419 7416 7412 7406 7405 7404 7405
7573 7558 7543 7529 7517 7506 7508 7496 7482 7468 7451 7433 7420 7408 7397 7385 7379 7385 7392 7388 7367 7358 7355 7355 7356 7359 7368 7377 7377 7378 7380 7381 7382 7381 7380 7374 7382 7405 7422 7414 7406 7414 7419 7424 7429 7435 7433 7424 7432 7451 7456 7451 7443 7443 7452 7444 7439 7437 7448 7450 7457 7466 7476 7479 7482 7491 7491 7478 7467 7458 7451 7448 7445 7441 7436 7432 7427 7426 7422 7419 7416 7415 7416 7415
7578 7563 7546 7531 7518 7500 7491 7486 7478 7466 7452 7432 7418 7407 7396 7383 7380 7386 7392 7388 7365 7353 7360 7360 7360 7359 7367 7375 7382 7386 7389 7391 7393 7394 7393 7390 7394 7408 7421 7425 7426 7424 7424 7425 7426 7426 7428 7420 7429 7438 7443 7443 7438 7439 7456 7449 7443 7442 7454 7460 7464 7467 7474 7481 7477 7479 7485 7481 7469 7458 7452 7451 7450 7447 7442 7438 7435 7432 7430 7429 7428 7428 7429 7430
7572 7561 7544 7525 7504 7489 7481 7479 7476 7469 7461 7446 7428 7412 7402 7387 7385 7387 7388 7383 7368 7366 7369 7370 7368 7367 7370 7379 7387 7393 7398 7403 7406 7410 7413 7416 7409 7417 7424 7431 7433 7430 7427 7427 7425 7423 7415 7417 7425 7432 7436 7439 7441 7446 7450 7452 7450 7454 7464 7475 7469 7465 7463 7467 7470 7470 7474 7476 7470 7462 7458 7457 7457 7457 7456 7449 7441 7440 7443 7442 7441 7444 7446 7448
7555 7544 7529 7516 7501 7487 7479 7478 7475 7473 7471 7473 7438 7418 7406 7399 7393 7389 7384 7377 7380 7374 7381 7381 7379 7378 7381 7388 7396 7403 7408 7412 7416 7422 7429 7441 7442 7431 7430 7428 7427 7427 7429 7431 7429 7420 7418 7421 7424 7426 7430 7436 7444 7446 7450 7456 7461 7465 7471 7481 7468 7466 7466 7469 7470 7470 7472 7473 7469 7466 7464 7462 7463 7466 7470 7461 7451 7451 7459 7460 7459 7462 7463 7462
7537 7527 7514 7507 7500 7492 7486 7481 7478 7475 7472 7466 7441 7426 7414 7411 7402 7394 7386 7379 7378 7383 7397 7392 7390 7392 7398 7403 7408 7414 7419 7424 7427 7432 7437 7444 7440 7430 7426 7422 7415 7424 7435 7442 7444 7444 7447 7438 7431 7423 7417 7432 7446 7451 7455 7464 7470 7472 7474 7472 7469 7471 7476 7479 7475 7472 7472 7471 7468 7465 7464 7465 7467 7471 7473 7469 7462 7470 7482 7485 7481 7480 7477 7470
7528 7518 7506 7500 7496 7493 7489 7485 7479 7473 7466 7456 7442 7436 7427 7416 7411 7404 7394 7385 7383 7389 7395 7395 7396 7398 7401 7410 7420 7426 7430 7433 7436 7438 7437 7432 7424 7423 7422 7425 7429 7437 7448 7457 7465 7470 7464 7452 7439 7429 7424 7432 7444 7459 7464 7476 7485 7485 7477 7480 7480 7487 7490 7489 7475 7473 7472 7470 7468 7465 7463 7465 7469 7474 7478 7476 7473 7485 7507 7525 7510 7490 7488 7491
7510 7500 7499 7498 7496 7499 7494 7487 7480 7472 7461 7447 7437 7432 7430 7429 7424 7417 7409 7402 7397 7396 7395 7398 7400 7403 7408 7425 7435 7437 7438 7439 7440 7441 7439 7435 7430 7423 7424 7431 7443 7453 7459 7471 7485 7491 7475 7460 7448 7440 7437 7439 7445 7451 7480 7484 7492 7493 7483 7488 7496 7499 7501 7508 7485 7480 7474 7472 7469 7467 7464 7467 7471 7475 7479 7481 7486 7509 7509 7518 7484 7468 7492 7514
7509 7500 7498 7492 7495 7501 7497 7489 7479 7468 7458 7449 7441 7431 7436 7442 7435 7429 7424 7420 7413 7405 7400 7402 7406 7411 7418 7437 7447 7444 7443 7442 7443 7443 7443 7442 7433 7428 7429 7435 7441 7447 7464 7479 7496 7500 7481 7464 7456 7451 7449 7445 7444 7451 7470 7484 7492 7490 7491 7498 7512 7512 7515 7527 7514 7495 7479 7475 7476 7474 7471 7473 7476 7477 7477 7480 7496 7549 7495 7299 7328 7411 7491 7556
7518 7514 7508 7500 7501 7504 7500 7491 7480 7468 7457 7447 7435 7436 7441 7445 7443 7439 7436 7432 7418 7410 7406 7408 7414 7421 7431 7443 7449 7447 7446 7444 7444 7444 7444 7443 7437 7434 7436 7440 7446 7456 7467 7481 7494 7503 7487 7472 7467 7464 7458 7451 7443 7449 7466 7480 7491 7491 7500 7514 7525 7532 7537 7547 7535 7516 7498 7491 7489 7488 7486 7485 7484 7482 7478 7478 7508 7604 7546 7242 7263 7384 7501 7596
7524 7524 7520 7518 7512 7512 7506 7496 7484 7469 7456 7444 7437 7435 7447 7450 7448 7445 7440 7435 7417 7412 7412 7416 7422 7430 7441 7445 7442 7445 7446 7447 7446 7445 7443 7444 7442 7441 7445 7451 7457 7464 7472 7480 7488 7498 7495 7478 7481 7481 7478 7467 7451 7451 7465 7477 7488 7497 7496 7509 7528 7538 7548 7559 7554 7538 7523 7510 7506 7506 7506 7504 7498 7490 7482 7478 7512 7617 7587 7245 7297 7404 7515 7614
7521 7516 7517 7517 7520 7520 7513 7501 7487 7471 7455 7440 7437 7442 7451 7454 7451 7445 7438 7427 7413 7413 7418 7424 7428 7434 7443 7444 7442 7445 7447 7448 7448 7447 7443 7444 7450 7452 7457 7463 7467 7471 7477 7482 7488 7504 7508 7501 7500 7499 7499 7490 7467 7462 7470 7476 7486 7500 7513 7514 7530 7543 7558 7563 7557 7549 7539 7532 7525 7523 7524 7522 7511 7501 7492 7484 7512 7580 7577 7452 7418 7457 7521 7574
7517 7516 7524 7536 7537 7532 7522 7507 7490 7474 7459 7450 7452 7456 7457 7461 7454 7444 7435 7425 7414 7416 7423 7429 7431 7435 7436 7438 7443 7446 7450 7452 7452 7451 7449 7452 7457 7464 7473 7477 7480 7482 7485 7487 7492 7513 7525 7526 7520 7515 7511 7505 7490 7481 7477 7477 7486 7502 7519 7529 7540 7559 7558 7535 7545 7555 7544 7535 7533 7528 7528 7528 7520 7511 7505 7499 7513 7544 7556 7586 7517 7509 7527 7538
7518 7530 7544 7558 7565 7554 7532 7513 7494 7477 7465 7460 7459 7474 7482 7469 7457 7444 7434 7429 7422 7422 7425 7428 7433 7436 7438 7440 7443 7450 7455 7459 7461 7461 7459 7464 7476 7487 7495 7497 7498 7497 7497 7497 7504 7528 7536 7544 7532 7523 7516 7506 7524 7511 7492 7480 7487 7504 7523 7540 7551 7537 7523 7506 7523 7544 7544 7544 7540 7522 7524 7532 7527 7521 7518 7519 7517 7526 7533 7550 7542 7532 7529 7521
7523 7545 7570 7583 7575 7559 7537 7515 7496 7481 7469 7464 7475 7481 7480 7472 7458 7444 7433 7435 7434 7433 7434 7434 7437 7440 7441 7443 7451 7458 7465 7470 7473 7476 7480 7491 7510 7522 7521 7520 7519 7518 7512 7503 7503 7508 7524 7535 7529 7523 7520 7524 7529 7527 7509 7488 7494 7518 7540 7541 7518 7518 7511 7507 7513 7526 7542 7547 7486 7494 7511 7523 7525 7526 7524 7524 7515 7518 7523 7536 7539 7537 7531 7518
7529 7555 7578 7588 7576 7554 7534 7514 7496 7482 7475 7472 7476 7489 7483 7474 7461 7447 7434 7437 7446 7448 7445 7445 7445 7446 7448 7451 7458 7467 7477 7485 7490 7494 7501 7524 7547 7553 7547 7545 7542 7535 7525 7514 7505 7507 7514 7514 7516 7520 7520 7518 7521 7527 7519 7507 7511 7518 7536 7542 7526 7516 7516 7522 7525 7522 7537 7521 7452 7484 7506 7517 7525 7528 7529 7523 7523 7519 7518 7523 7529 7530 7525 7520
7534 7562 7573 7568 7552 7543 7528 7511 7495 7481 7469 7472 7484 7490 7487 7478 7468 7457 7444 7448 7457 7458 7454 7451 7450 7453 7457 7463 7470 7480 7491 7502 7512 7520 7524 7549 7572 7559 7570 7573 7567 7559 7546 7530 7514 7519 7516 7510 7511 7522 7532 7528 7522 7524 7524 7527 7533 7545 7554 7558 7552 7550 7533 7523 7519 7521 7534 7544 7541 7512 7514 7524 7530 7531 7528 7523 7528 7522 7516 7520 7524 7526 7523 7516
7539 7569 7580 7567 7552 7536 7523 7509 7495 7481 7471 7473 7483 7491 7490 7482 7476 7471 7468 7466 7465 7464 7460 7454 7455 7460 7467 7474 7487 7500 7506 7518 7533 7551 7575 7576 7585 7595 7608 7608 7600 7589 7582 7578 7553 7539 7550 7524 7516 7537 7554 7562 7550 7542 7533 7539 7544 7557 7566 7565 7553 7540 7533 7523 7514 7512 7519 7524 7522 7517 7519 7530 7534 7533 7533 7530 7539 7523 7519 7521 7527 7528 7526 7523
7537 7565 7576 7555 7540 7533 7522 7509 7497 7484 7473 7483 7487 7486 7484 7483 7481 7480 7481 7468 7473 7476 7467 7459 7459 7467 7478 7493 7500 7502 7513 7530 7551 7571 7587 7601 7615 7658 7657 7632 7613 7615 7617 7700 7714 7672 7622 7578 7562 7580 7583 7601 7596 7566 7544 7544 7540 7538 7554 7576 7564 7534 7533 7525 7516 7510 7509 7508 7507 7510 7516 7524 7529 7532 7533 7533 7517 7521 7526 7532 7535 7533 7531 7528
7534 7557 7564 7557 7547 7534 7522 7510 7499 7491 7489 7493 7470 7470 7476 7481 7483 7482 7478 7471 7478 7483 7472 7462 7462 7472 7485 7498 7500 7499 7518 7542 7567 7594 7626 7642 7659 7699 7683 7617 7579 7603 7739 7682 7761 7743 7650 7640 7670 7631 7608 7584 7588 7594 7575 7548 7534 7519 7546 7566 7570 7557 7546 7537 7526 7510 7501 7503 7503 7504 7511 7515 7518 7531 7532 7529 7521 7525 7538 7542 7540 7539 7533 7529
7529 7554 7565 7562 7551 7536 7523 7512 7502 7494 7490 7486 7482 7471 7478 7482 7482 7480 7475 7478 7481 7480 7475 7467 7468 7479 7490 7497 7499 7505 7530 7560 7583 7606 7652 7733 7739 7727 7665 7521 7450 7435 7438 7430 7489 7537 7543 7582 7643 7626 7620 7624 7643 7618 7590 7559 7547 7542 7540 7553 7584 7573 7566 7553 7537 7513 7498 7500 7503 7506 7510 7516 7523 7529 7530 7520 7525 7534 7543 7578 7558 7545 7536 7529
7525 7551 7561 7557 7547 7534 7523 7511 7501 7491 7484 7478 7478 7485 7488 7487 7484 7485 7489 7489 7488 7482 7482 7481 7484 7491 7500 7509 7517 7528 7559 7598 7621 7650 7695 7772 7703 7545 7410 7317 7251 7202 7154 7127 7177 7264 7339 7411 7482 7542 7611 7638 7641 7634 7618 7589 7573 7565 7556 7573 7596 7600 7583 7567 7546 7517 7497 7503 7514 7506 7509 7519 7532 7525 7524 7526 7534 7554 7568 7566 7559 7547 7534 7527
7519 7543 7548 7543 7537 7531 7522 7512 7501 7490 7483 7482 7486 7493 7499 7495 7487 7477 7516 7504 7500 7498 7496 7495 7497 7504 7515 7529 7546 7561 7599 7647 7700 7727 7710 7574 7450 7289 7137 7087 7044 6988 6920 6922 6930 7027 7127 7209 7281 7419 7584 7713 7640 7641 7680 7630 7586 7574 7570 7576 7576 7589 7584 7577 7571 7547 7508 7506 7508 7491 7505 7510 7511 7520 7525 7530 7539 7552 7561 7559 7556 7547 7539 7529
7512 7539 7536 7531 7533 7530 7523 7514 7504 7496 7493 7494 7502 7510 7514 7505 7496 7493 7509 7511 7510 7511 7509 7506 7508 7516 7529 7548 7574 7608 7642 7688 7749 7823 7649 7368 7211 7074 6956 6903 6874 6831 6783 6763 6760 6854 6948 7030 7113 7277 7486 7642 7632 7628 7628 7625 7576 7567 7566 7559 7547 7555 7571 7580 7585 7567 7518 7511 7506 7527 7502 7494 7510 7516 7526 7526 7529 7535 7544 7552 7552 7545 7536 7533
7496 7527 7525 7526 7529 7530 7525 7516 7508 7503 7505 7511 7515 7521 7520 7516 7506 7502 7508 7515 7517 7518 7518 7515 7517 7524 7538 7560 7594 7625 7648 7662 7693 7667 7437 7174 7030 6916 6815 6777 6760 6737 6711 6691 6696 6751 6821 6892 6978 7143 7357 7518 7609 7627 7617 7617 7577 7569 7567 7563 7549 7555 7565 7575 7579 7563 7530 7528 7541 7519 7450 7468 7491 7506 7518 7519 7517 7518 7527 7531 7533 7535 7537 7532
7467 7491 7493 7484 7518 7528 7525 7519 7512 7505 7509 7516 7526 7533 7538 7532 7518 7506 7509 7520 7522 7523 7523 7519 7520 7525 7538 7562 7598 7639 7661 7635 7554 7416 7228 7025 6906 6816 6738 6709 6698 6683 6669 6669 6669 6699 6744 6796 6866 7030 7303 7515 7629 7667 7633 7615 7593 7579 7572 7566 7557 7553 7558 7570 7577 7568 7544 7538 7523 7382 7399 7461 7494 7512 7506 7511 7514 7509 7510 7511 7512 7517 7519 7521
7425 7470 7482 7472 7508 7526 7525 7521 7517 7515 7515 7519 7528 7544 7560 7548 7529 7515 7527 7526 7525 7524 7522 7517 7515 7522 7537 7558 7584 7652 7691 7620 7439 7213 7051 6905 6817 6761 6724 6693 6674 6658 6638 6626 6642 6668 6702 6743 6800 6942 7205 7473 7675 7761 7682 7613 7592 7585 7577 7567 7562 7549 7553 7569 7578 7579 7554 7540 7538 7529 7502 7486 7493 7499 7496 7507 7517 7512 7495 7499 7499 7504 7504 7503
