real_craters/C093-300m.grd
DSAA
209 209
-31.2375 31.2375
-31.2375 31.2375
6575.7337673253 8069.0100109959
[rows 30 to 59 of 209, columns 67 to 133 of 209]
7376.66 7376.64 7376.87 7377.21 7377.46 7377.93 7378.43 7379.02 7379.71 7380.37 7380.87 7381.41 7380.77 7381.26 7381.47 7381.37 7380.74 7380.34 7379.49 7378.39 7376.37 7373.16 7376.74 7381.07 7388.94 7398.45 7406.68 7414.32 7420.66 7420.57 7417.21 7412.51 7407.66 7405.49 7408.44 7411.58 7414.45 7416.72 7418.67 7420.5 7422.47 7424.36 7426.19 7428.39 7430.42 7432.99 7436.8 7441.23 7435.96 7428.58 7425.14 7423.28 7425.04 7429.95 7437 7445.19 7453.44 7457.18 7456.19 7455.2 7453.66 7450.84 7446.32 7444.17 7441.78 7441.08 7444.47
7378.8 7378.31 7378.63 7379.2 7379.8 7380.87 7381.77 7382.65 7383.35 7383.74 7384.54 7385.33 7385.84 7385.98 7386.28 7386.17 7385.62 7385.16 7383.84 7382.43 7380.09 7378.5 7379.44 7382.04 7392.68 7400.5 7408.13 7415.22 7420.55 7421.66 7419.97 7416.64 7413.12 7411.24 7413.76 7416.23 7417.92 7419.53 7420.83 7421.87 7423.29 7424.53 7426.18 7427.54 7428.81 7429.88 7429.48 7425.41 7428 7427.79 7426.74 7425.36 7426.46 7430.31 7435.68 7441.51 7445.98 7448.49 7450.44 7450.33 7449.16 7446.65 7443.59 7441.27 7438.46 7436.48 7443.36
7374.36 7377.03 7379.32 7380.84 7382.3 7383.89 7385.14 7386.39 7387.73 7388.13 7389.03 7389.52 7389.88 7390.46 7390.92 7391.01 7390.95 7390.4 7389.74 7388.49 7386.71 7384.67 7385.77 7390.83 7396.91 7402.81 7409.31 7415.47 7420.53 7422.4 7422.69 7421.69 7420.51 7419.75 7421.13 7421.76 7422 7422.38 7423.36 7423.86 7424.64 7424.78 7425.73 7426.2 7426.98 7426.96 7426.62 7426.48 7428.65 7425.05 7421.94 7422.97 7425.22 7428.84 7433.26 7437.48 7440.48 7442.46 7445.16 7445.93 7445.52 7444.23 7443.01 7440.01 7437 7435.01 7441.13
7372.6 7376.39 7379.96 7382.43 7384.62 7386.3 7388.03 7389.55 7390.73 7391.98 7393.13 7393.98 7395.24 7396.04 7396.92 7397.53 7397.73 7397.18 7396.73 7396.16 7394.91 7394.07 7392.82 7393.21 7398.71 7404.79 7410.7 7415.67 7419.56 7423.11 7425.19 7426.44 7428.32 7430.26 7429.05 7427.06 7425.73 7424.88 7424.75 7424.84 7424.95 7425.45 7425.81 7425.06 7425.42 7425.49 7426.43 7429.66 7429.79 7422.21 7417.85 7419.84 7422.9 7426.61 7430.63 7434.4 7437.28 7439.29 7441.82 7442.53 7442.49 7441.58 7439.74 7438.51 7437.64 7437.23 7441.13
7374.74 7378.03 7381.16 7383.91 7386.55 7388.39 7390.31 7392.37 7393.98 7395.96 7398.22 7399.24 7401.04 7402.17 7402.94 7403.84 7404.5 7404.5 7404.77 7404.91 7404.39 7403.77 7401.17 7396.86 7401.54 7407.99 7413.25 7417.46 7421.21 7424.4 7427.31 7429.91 7433.25 7438.07 7434.29 7430.72 7428.39 7427.1 7426.12 7426.03 7425.96 7425.74 7425.74 7425.74 7425.33 7424.59 7424.87 7425.45 7423.78 7418.35 7415.68 7417.77 7420.89 7424.63 7428.22 7431.75 7435.51 7439.37 7439.38 7439.75 7440.04 7439.99 7439.86 7439.89 7439.83 7441.27 7444.32
7376.38 7379.61 7382.8 7385.88 7388.82 7391.32 7393.55 7395.52 7397.29 7399.1 7401.19 7402.45 7404.08 7405.29 7406.59 7407.98 7409.71 7411.17 7412.4 7413.11 7413.98 7414.82 7413.71 7408.75 7409.81 7413.97 7417.64 7420.06 7422.71 7426.05 7428.71 7431.38 7433.94 7434.09 7434.24 7432.2 7429.93 7428.32 7427.19 7426.71 7426.95 7426.57 7425.84 7425.27 7424.57 7423.38 7422.57 7420.14 7416 7414.85 7414.78 7417.25 7420.3 7423.67 7426.82 7429.72 7432.39 7434.17 7435.64 7436.92 7437.9 7438.89 7439.7 7440.16 7441.59 7443.78 7446.52
7377.12 7379.78 7385.02 7388.72 7392.06 7394.75 7397.15 7399.27 7401.24 7402.95 7405.24 7406.69 7407.99 7409.58 7411.21 7412.25 7414.06 7416.24 7418.61 7421.36 7423.45 7425.23 7424.29 7421.74 7420.97 7421.87 7423.63 7425.63 7426.77 7427.86 7429.23 7431.12 7433.01 7435.86 7435.11 7431.61 7429.3 7428.02 7427.64 7428.04 7427.98 7427.5 7426.83 7425.74 7423.99 7422.08 7419.96 7416.71 7413.2 7413.47 7414.88 7417.29 7420.15 7422.9 7425.38 7427.42 7429.4 7430.76 7432.43 7434.3 7436.02 7437.81 7439.35 7441.05 7442.84 7444.3 7445.35
7381.71 7384.8 7389.14 7392.79 7396.14 7398.92 7401.37 7403.59 7405.6 7407.14 7408.93 7409.83 7411.88 7413.97 7415.68 7417.64 7419.97 7422.53 7425.75 7429.19 7432.97 7436.91 7440.82 7437.74 7432.03 7429.26 7428.86 7430.7 7429.95 7428.86 7428.75 7429.51 7429.99 7430.37 7429.8 7428.83 7428.51 7428.6 7428.86 7429.12 7429.32 7429.46 7428.42 7427.04 7425.06 7422.21 7418.3 7416.14 7415.35 7414.72 7416.36 7418.64 7420.88 7422.84 7424.7 7426.29 7427.43 7428.68 7430.25 7432.11 7434.23 7436.94 7440.08 7442.97 7444.03 7444.91 7445.39
7388.6 7391.7 7394.67 7397.57 7400.46 7402.98 7405.31 7407.45 7409.39 7411.84 7413.66 7415.43 7416.14 7418.88 7420.66 7422.55 7425.17 7427.87 7431.77 7435.59 7440.08 7445.28 7450.71 7445.9 7438.65 7433.75 7431.07 7429.24 7429.1 7428.36 7427.46 7426.8 7425.97 7425.34 7425.7 7424.85 7426.08 7427.78 7429.34 7430.66 7431.32 7431.92 7431.75 7430.67 7429.09 7425.7 7421.14 7420.47 7420.62 7418.42 7420.45 7422.61 7424.24 7424.94 7425.24 7425.1 7425.6 7427.19 7428.79 7429.52 7432.15 7435.77 7439.52 7442.82 7444.99 7446.15 7447.27
7395.4 7398.68 7400.6 7402.86 7405.35 7407.77 7410.17 7412.33 7414.27 7415.8 7417.56 7419.25 7420.47 7422.21 7424.78 7426.32 7429.04 7431.64 7434.5 7438.29 7442.87 7447.63 7450.86 7446.03 7439.79 7434.72 7431.39 7429.53 7427.87 7426.89 7425.45 7424.15 7422.06 7418.75 7416.22 7420.35 7424.55 7428.16 7431.23 7433.48 7435.31 7436.18 7436.58 7436.09 7434.86 7432.94 7430.07 7430.43 7430.98 7429.55 7429.29 7429.13 7428.71 7427.74 7426.37 7425.06 7423.71 7423.04 7423.62 7425.39 7429.54 7434.4 7439.36 7444.12 7446.63 7447.8 7447.96
7400.62 7403.99 7405.51 7407.59 7409.95 7412.36 7414.39 7416.4 7417.97 7420.3 7421.95 7423.4 7424.93 7426.11 7428.53 7430.11 7432.04 7433.7 7436.1 7438.97 7442.32 7445.38 7447.32 7442.12 7436.82 7432.8 7429.86 7427.75 7426.58 7425.55 7424.01 7422.26 7419.86 7415.99 7413.62 7418.85 7424.89 7429.93 7433.99 7436.95 7439.5 7441.56 7442.73 7442.82 7442.37 7441.99 7443.59 7442.95 7445.14 7445.6 7440.65 7436.59 7433.73 7431 7428.32 7425.83 7422.41 7418.49 7414.7 7421.31 7427.48 7433.31 7439.13 7444.61 7447.74 7449.67 7451.42
7403.72 7406.08 7408.73 7411.69 7414.39 7416.75 7419.34 7421.29 7422.8 7424.35 7425.36 7426.72 7429.48 7430.76 7432.1 7433.34 7434.71 7436.04 7436.76 7438.61 7439.26 7439.62 7438.73 7434.24 7431.59 7429.25 7427.36 7425.96 7424.99 7424.39 7423.09 7421.81 7420.22 7417.94 7416.31 7421.66 7428.08 7433.46 7437.93 7441.88 7445.09 7447.45 7449.35 7450.62 7450.82 7450.05 7448.89 7451.81 7454.31 7454.8 7448.84 7443.19 7438.75 7434.63 7430.91 7427.24 7423.23 7419.21 7416.85 7421.23 7426.84 7432.63 7438.51 7443.94 7448.18 7450.87 7452.17
7406.22 7409.03 7412.36 7416.2 7419.46 7422 7423.86 7425.68 7427.61 7429.03 7430.23 7431.44 7432.58 7433.38 7434.16 7435.07 7435.94 7436.64 7438.36 7437.85 7436.18 7433.77 7430.45 7427.2 7426.37 7425.32 7424.41 7423.98 7423.57 7423.04 7423.31 7423.38 7423.33 7423.52 7424.13 7428.71 7434.06 7438.8 7443.09 7446.84 7450.52 7453.87 7456.69 7459.2 7460.91 7461.09 7459.66 7460.93 7460.03 7457.2 7453.65 7448.37 7443.1 7438.32 7433.9 7429.74 7425.91 7422.83 7422.28 7423.78 7427.77 7432.77 7437.93 7443.16 7448.02 7452.52 7453.74
7409.51 7413.04 7416.98 7421.42 7424.88 7427.28 7429.32 7430.88 7431.91 7433.09 7434.01 7435.01 7435.72 7436.54 7437.39 7437.6 7437.79 7439.11 7438.37 7436.55 7433.97 7429.79 7424.89 7422.99 7423.53 7422.69 7420.92 7420.81 7422.49 7423.22 7424.51 7426.14 7428.03 7430.95 7435.31 7438.44 7441.3 7444.77 7448.58 7452.58 7456.5 7460.58 7464.57 7468.23 7471.59 7474.73 7475.19 7471.37 7468.5 7464.59 7458.43 7452.57 7447.01 7441.94 7437.4 7433.41 7429.74 7426.67 7424.69 7426.2 7429.72 7433.82 7437.94 7441.9 7446.79 7454.4 7461.47
7414.27 7420 7425.02 7428.06 7430.47 7432.2 7433.62 7434.73 7435.24 7436.08 7437.19 7437.91 7438.57 7438.99 7439.49 7439.62 7439.53 7439.25 7438.45 7437.1 7434.17 7429.93 7425.33 7425.26 7424.25 7422.68 7421.08 7420.99 7422.9 7424.47 7426.29 7429.01 7432.51 7436.91 7442.65 7445.83 7447.77 7450.44 7453.73 7457.77 7462.12 7466.89 7471.55 7476.23 7480.83 7484.54 7484.13 7479.14 7474.05 7469.42 7462.11 7456 7450.51 7445.55 7441.25 7437.19 7434.14 7431.51 7429.31 7430.2 7432.85 7435.85 7438.97 7442.09 7445.67 7451.41 7460.69
7419.6 7426.68 7432.37 7434.36 7435.68 7436.56 7437.33 7437.7 7438.12 7438.45 7438.85 7439.13 7439.52 7440.23 7440.47 7440.46 7440.31 7440.65 7439.94 7438.2 7436.41 7433.64 7430.79 7430.29 7427.26 7424.36 7422.33 7422.49 7423.64 7425.8 7428.28 7431.49 7435.66 7441 7445.58 7449.18 7452.85 7454.74 7457.8 7462.08 7466.96 7472.08 7477.43 7482.67 7487.44 7490.94 7489.65 7484.2 7476.99 7470.06 7463.69 7458.33 7453.43 7448.47 7444.55 7441.31 7438.68 7437.13 7436.42 7436.77 7437.18 7438.66 7440.76 7443.6 7446.15 7445.87 7454.57
7424.42 7431.71 7436.96 7439.75 7440.58 7440.66 7440.2 7440.1 7439.96 7439.66 7439.99 7440.08 7440.16 7440.41 7440.53 7441.26 7441.51 7441.37 7440.93 7439.98 7439.6 7438.58 7435.46 7434.04 7430.4 7426.39 7423.54 7424.07 7425.37 7427.55 7430.2 7433.42 7437.53 7443.01 7452.11 7461.2 7455.75 7457.07 7460.76 7465.59 7470.95 7476.75 7482.72 7488.18 7492.6 7494.69 7493.07 7488.12 7481.21 7471.18 7464.65 7460.01 7455.7 7451.6 7448.28 7445.71 7443.69 7442.6 7442.34 7442.25 7441.37 7441.34 7442.51 7444.84 7447.33 7446.28 7453.03
7428.67 7436.68 7443.52 7444.86 7444.57 7443.82 7443.05 7442.73 7442.3 7441.79 7441.81 7441.72 7440.89 7441.58 7441.91 7442.04 7442.32 7442.36 7442.26 7441.92 7442.03 7441.79 7437.09 7436.73 7431.89 7428.09 7426.53 7426.19 7427.49 7429.39 7431.84 7434.65 7437.86 7442 7445.09 7444.24 7451.33 7456.4 7461.75 7467.39 7473.51 7479.66 7486.14 7492.26 7497.26 7498.95 7496.51 7490.79 7483.25 7473.74 7466.76 7462.38 7458.28 7454.94 7452.44 7449.95 7448.22 7447.4 7447.05 7447.01 7444.75 7443.4 7443.29 7444.33 7446.03 7445.67 7451.71
7432.45 7440.49 7447.12 7448.43 7447.29 7445.93 7444.72 7443.92 7443.18 7442.6 7442.63 7442.36 7442.19 7443 7443.2 7442.51 7442.74 7442.93 7443.08 7443.13 7443.12 7441.82 7438.25 7432.33 7429.59 7428.75 7428.07 7428.47 7429.59 7431.66 7433.93 7436.26 7438.62 7440.24 7440.27 7440.88 7448.01 7455.84 7462.66 7468.97 7475.36 7481.76 7488.42 7495.5 7501.55 7504.31 7500.12 7492.62 7483.66 7475.24 7468.65 7464.5 7461.27 7458.48 7456.04 7454.49 7453.14 7451.75 7450.52 7448.92 7447.15 7445.02 7443.6 7442.81 7443.26 7448.09 7452.54
7435.83 7442.67 7448.08 7449.59 7448.69 7447.62 7446.6 7445.21 7444.54 7443.81 7443.47 7443.36 7443.22 7443.17 7443.18 7443.06 7443.24 7443.65 7443.84 7443.76 7443.96 7443.14 7438.87 7433.88 7431.29 7430.71 7430.62 7431.26 7432.64 7434.04 7436.1 7438.17 7439.9 7441.26 7441.63 7440.91 7449.33 7457.05 7463.96 7470.09 7476.27 7482.42 7489.08 7496.49 7504.64 7508.45 7502.99 7494.33 7485.07 7477.06 7471.05 7467.37 7464.78 7462.4 7460.77 7459.31 7457.9 7456.13 7454.16 7452.68 7449.48 7446.97 7444.31 7441.97 7440.38 7444.23 7451.14
7439.17 7443.95 7448.13 7449.28 7448.3 7447.55 7446.85 7446.22 7445.74 7445.19 7444.88 7443.78 7443.67 7443.63 7443.59 7443.9 7443.81 7443.79 7444.11 7443.62 7443.77 7442.38 7439.52 7436.95 7435.06 7433.48 7433.37 7433.99 7434.82 7436.48 7438.46 7440.45 7442.68 7444.7 7447.05 7451.65 7455.8 7460.37 7465.82 7471.33 7476.8 7482.22 7487.6 7493.3 7500.75 7509.23 7502.29 7496.71 7489.13 7480.94 7474.32 7470.53 7468.29 7466.89 7465.71 7464.64 7463.02 7461.14 7458.41 7454.32 7452.29 7449.82 7446.63 7443.2 7440.92 7443.58 7449.83
7441.6 7444.26 7446.04 7446.57 7446.51 7446.5 7446.49 7446.38 7446.25 7445.57 7445.37 7445.52 7445.4 7445.3 7444.44 7444.43 7444.1 7444.04 7443.97 7443.7 7443.28 7441.58 7440.13 7438.65 7436.84 7435 7435.01 7436.47 7438.21 7440.18 7441.72 7443.88 7446.33 7449.09 7452.5 7456.94 7460.65 7463.87 7467.98 7472.43 7476.93 7481.45 7485.15 7487.81 7486.84 7488.73 7497.24 7498.7 7493.68 7484.98 7478.24 7473.91 7472.33 7471.64 7471.05 7470.33 7469.01 7467.34 7464.92 7461.74 7458.54 7454.68 7450.32 7446.05 7443.32 7444.78 7449.7
7443.79 7444.34 7443.5 7442.95 7444.29 7445.22 7445.67 7445.95 7446.28 7446.2 7445.93 7445.83 7445.72 7446.01 7445.95 7445.72 7444.97 7444.45 7444.38 7443.53 7443.37 7441.85 7441.41 7440.65 7439.24 7437.88 7438.09 7439.89 7441.78 7443.98 7446.22 7447.92 7450.39 7453.22 7456.53 7460.32 7463.78 7466.56 7469.89 7473.65 7477.35 7480.96 7483.97 7486.12 7486.01 7489.15 7496.82 7500.15 7495.89 7486.47 7477.71 7476.16 7476.52 7476.99 7477.26 7477.01 7476.17 7474.65 7472.92 7470.35 7466.62 7461.41 7455.57 7449.98 7446.25 7446.64 7450.65
7446.23 7445.1 7442.98 7441.94 7443.14 7444.46 7445.37 7446 7446.45 7446.73 7446.44 7446.51 7446.39 7446.26 7446.16 7445.89 7445.04 7444.47 7444.1 7443.34 7444.05 7443.85 7443.4 7443.67 7444.22 7443.42 7443.15 7444.51 7446.11 7448.41 7450.69 7452.9 7455.29 7457.27 7460.09 7462.9 7465.84 7468.95 7471.75 7474.84 7477.87 7480.92 7484.19 7487.76 7493.03 7496.48 7500.42 7503.76 7499 7489.36 7480.25 7481.01 7482.41 7483.42 7483.86 7483.74 7483.4 7482.66 7481.46 7479.7 7475.96 7469.37 7461.93 7454.65 7448.97 7448.27 7452.25
7449.06 7445.78 7443.34 7442.47 7442.89 7443.95 7445.23 7446.12 7446.75 7447.26 7447.01 7447.44 7447.47 7446.94 7446.63 7446.29 7444.88 7444.29 7443.18 7442.94 7443.35 7443.93 7445.1 7446.55 7447.55 7447.93 7447.83 7449.34 7450.84 7453.24 7455.51 7457.75 7459.94 7461.52 7463.85 7466.3 7469.07 7471.45 7473.87 7476.48 7478.93 7481.57 7484.4 7488.5 7493.71 7498.59 7502.96 7505.61 7503 7496.95 7491.79 7490.09 7490.15 7490.67 7490.84 7491.08 7490.86 7490.52 7490.08 7489.07 7485.82 7478.15 7469.43 7460.6 7452.88 7450.98 7455.67
7447.29 7444.05 7442.66 7441.89 7442.87 7444.09 7445.41 7446.45 7447.28 7447.99 7447.64 7447.81 7447.94 7447.85 7447.45 7447.15 7446.27 7445.17 7443.53 7442.65 7442.97 7444.37 7446.55 7449.14 7452.06 7451 7451.59 7453.74 7455.9 7458.14 7460.51 7462.45 7464.51 7466.19 7468.03 7469.64 7471.52 7473.99 7476.12 7478.14 7480.24 7482.23 7484.54 7487.72 7492.47 7498.82 7505.2 7508.69 7507.96 7504.74 7500.87 7499.3 7498.79 7498.61 7498.55 7498.16 7497.85 7497.85 7497.79 7497.42 7494.81 7486.99 7477.53 7468.26 7460.03 7459.44 7461.77
7437.93 7440.53 7441.64 7442.58 7443.53 7444.55 7445.77 7446.91 7447.9 7448.78 7448.98 7449.42 7449.54 7449.57 7448.98 7448.37 7447.66 7446.52 7444.68 7443.58 7441.83 7445.04 7448.48 7451.25 7453.35 7453.82 7455.52 7458.56 7461.63 7463.97 7466.03 7467.16 7468.94 7470.68 7472.15 7473.55 7475.07 7476.85 7478.75 7480.31 7481.92 7483.35 7485.11 7487.19 7489.39 7499.41 7508.26 7514.28 7514.52 7512.8 7509.97 7509.04 7508.31 7507.59 7506.79 7505.83 7504.99 7504.24 7504.11 7504.21 7503.07 7495.05 7485.77 7477.15 7470.14 7468.07 7468.61
7436.57 7438.82 7440.97 7442.64 7444.01 7445.09 7446.44 7447.78 7449.07 7449.41 7449.92 7450.47 7450.67 7450.75 7450.64 7450.07 7449.84 7448.74 7447.07 7447.08 7448.73 7449.98 7451.84 7454.06 7455.76 7457.59 7460.65 7464.56 7467.39 7470.08 7472.21 7473.1 7474.51 7476.2 7477.18 7478.41 7479.43 7480.36 7481.94 7483.21 7484.27 7485.45 7486.68 7489.17 7493.89 7502.56 7511.69 7518.09 7520.69 7521.11 7520.52 7519.62 7517.78 7515.98 7514.34 7512.62 7511.17 7509.89 7509.14 7508.45 7506.98 7500.99 7493.44 7486.29 7479.97 7477.18 7475.99
7437.11 7438.8 7440.79 7443 7444.49 7445.6 7447.01 7448.54 7449.93 7451.09 7451.97 7452.73 7453.2 7453.45 7453.52 7453.01 7452.18 7451.29 7450.11 7450.41 7451.91 7454.04 7456.1 7458.3 7460.45 7463.14 7467.33 7471.41 7474.58 7477.43 7478.51 7480.26 7481.53 7482.46 7483.09 7483.49 7483.44 7484.26 7485.74 7486.78 7487.54 7488.42 7489.48 7491.6 7497.18 7506.85 7516.49 7523.29 7526.79 7528.53 7529.19 7528.6 7526.31 7523.39 7520.71 7518.1 7515.85 7514.04 7512.48 7510.85 7508.62 7505.03 7500.71 7496.06 7490.97 7487.95 7485.31
7438.69 7439.41 7440.74 7441.75 7443.14 7446.1 7448.14 7450.06 7451.76 7452.85 7453.84 7454.77 7455.38 7455.86 7456.08 7455.89 7455.32 7454.95 7453.42 7453.6 7455.08 7458.23 7461.71 7464.57 7466.75 7471.42 7476.07 7480.48 7483.53 7485.72 7486.01 7487.86 7488.83 7489.22 7489.43 7489.26 7489.17 7489.38 7490.42 7490.95 7491.46 7492.16 7493.41 7494.83 7500.46 7512.11 7522.18 7528.72 7532.18 7534.48 7536.47 7536.72 7533.52 7529.43 7525.74 7522.46 7519.5 7517.34 7514.78 7512.38 7510.02 7508.22 7507.9 7507.62 7504.92 7501.53 7497.14
