real_craters/C093-500m.grd
DSAA
126 126
-31.2375 31.2375
-31.2375 31.2375
6580.1573834145 8035.7708556464
[rows 90 to 119 of 126, columns 0 to 66 of 126]
7679.13 7681.64 7678.68 7676.65 7673.19 7672.84 7671.39 7672.43 7672.93 7663.55 7671.7 7674.72 7683.41 7690.07 7682.56 7654.53 7629.21 7608.42 7592.82 7580.58 7572.42 7564.28 7536.13 7516.15 7500 7486.22 7476.41 7473.29 7466.61 7460.03 7455.22 7451.09 7448.3 7441.2 7436.01 7430.6 7426.36 7421.19 7443.58 7477.24 7511.4 7547.05 7551.55 7556.4 7563.12 7573.07 7588.61 7601.16 7608.04 7608.73 7610.64 7612.78 7615.19 7616.96 7618.78 7621.46 7622.64 7625.73 7628.82 7630.58 7627.46 7620.31 7606.94 7603.26 7604.13 7606.05 7607.89
7678 7681.49 7678.59 7674.71 7671.12 7668.73 7666.2 7663.93 7663.66 7664.23 7669.18 7672.24 7678.21 7681.83 7674.59 7650.8 7628.35 7609.7 7593.96 7581.01 7571.13 7555.41 7522.83 7507.3 7496.01 7487.4 7479.77 7468.03 7459.14 7453.16 7449.37 7447.93 7445.79 7443.66 7440.77 7435.2 7431.58 7428.24 7445.96 7476.32 7505.19 7529.9 7537.59 7542.84 7548.42 7561.42 7581.83 7602.94 7604.65 7606.53 7607.98 7607.44 7609.3 7610.81 7613.09 7615.25 7618.02 7620.69 7623.3 7627.15 7618.03 7605.37 7596.81 7593.19 7594.06 7595.67 7596.58
7680.1 7681.75 7676.74 7671.68 7666.94 7662.32 7659.06 7655.27 7653.05 7666.41 7672.43 7679.53 7672 7660.41 7649.73 7637.47 7621.3 7604.02 7587.53 7572.53 7558.61 7539.43 7512.41 7500.39 7488.89 7477.83 7468.65 7457.21 7450.71 7446.55 7445.04 7444.62 7445.25 7445.49 7446.77 7446.96 7447.58 7450.32 7464.16 7485.11 7500.84 7508.74 7519.95 7531.04 7538.64 7546.69 7567.9 7584.48 7589.7 7591.9 7593.55 7599.34 7603.44 7606.24 7608.59 7610.69 7612.3 7612.97 7613.1 7610.32 7603.6 7592.85 7586.35 7583.84 7584.85 7586.3 7587.1
7680.06 7679.07 7672.38 7666.66 7661.03 7655.18 7650.99 7648.42 7647.37 7667.89 7673.19 7671.93 7665.85 7644.85 7633.65 7623.92 7610.7 7595.18 7577.77 7560.46 7542.96 7527.79 7513.28 7496.47 7481.12 7463.62 7442.87 7441.79 7440.92 7441.36 7440.44 7441.69 7444.99 7450.42 7456.45 7462.77 7472.03 7484.12 7496.92 7505.69 7506.54 7504.98 7512.57 7527.06 7539.61 7546.39 7555.04 7564.05 7574.96 7582.29 7589.48 7595.29 7599.77 7602.84 7604.91 7605.87 7607.08 7605.63 7602.04 7597.07 7591.11 7583.97 7578.91 7576.97 7578.59 7580.59 7580.93
7677.27 7671.89 7665.82 7659.58 7654.14 7649.04 7645.31 7644.27 7648.93 7665.31 7665.07 7668.01 7660.79 7640.13 7625.75 7613.93 7599.98 7584.16 7566.54 7548.39 7530.85 7521.05 7509.54 7493.13 7475.38 7454.92 7436.02 7430.93 7430.1 7431.75 7435.66 7440.27 7446.48 7455.48 7464.18 7475.71 7493.27 7522.63 7545.61 7526.34 7517.78 7513.14 7517.46 7528.75 7538.86 7542.3 7547.04 7551.84 7569.57 7580.67 7589.8 7593.11 7596.8 7599.55 7601.97 7603.05 7602.68 7600.19 7595.34 7587.93 7584.29 7579.46 7574.98 7572.71 7574.48 7576.95 7578.54
7673.57 7665.4 7660.06 7654.65 7649.22 7644.07 7640.65 7639.78 7644.45 7661.85 7659.32 7660.36 7655.07 7638.08 7621.91 7606.56 7590.84 7574.51 7557.28 7540.04 7523.83 7516.65 7506.45 7491.48 7471.99 7451.94 7435.23 7425 7420.64 7421.34 7426.78 7435.01 7444.24 7454.89 7467.91 7480.94 7498.96 7519.13 7524.26 7529.53 7526.62 7526.01 7529.04 7533.56 7537.78 7542.18 7544.86 7551.31 7566.27 7575.8 7582.16 7589.63 7594.1 7597.1 7598.99 7600.11 7599.63 7596.75 7591.96 7587.19 7580.88 7576.27 7573.98 7573.99 7573.53 7575.15 7577.72
7670.86 7661.53 7655.04 7649.69 7644.48 7639.45 7637.19 7635.63 7639.25 7655.13 7648.82 7646.38 7642.95 7633.86 7617.99 7601.01 7583.73 7565.51 7549.62 7533.99 7521.67 7519.08 7513.99 7491.94 7468.03 7444.98 7424.33 7413.1 7409.85 7412.05 7415.98 7424.38 7434.54 7449.25 7463.93 7479.67 7495.56 7510.74 7521.96 7528.26 7532.1 7533.6 7535.78 7539.5 7542.18 7543.18 7546.63 7551.9 7558.9 7572.11 7582.32 7587 7592.44 7595.94 7598.16 7597.57 7597.56 7595.21 7589.27 7582.7 7578.74 7573.96 7570.54 7568.53 7570.26 7573.85 7577.96
7668.47 7658.97 7652.45 7647.28 7642.72 7638.21 7633.72 7629.52 7627.9 7642.28 7642.62 7635.33 7631.42 7624.56 7612.78 7596.62 7578.82 7560.78 7544.78 7530.84 7524.62 7513.52 7513.89 7488.07 7461.12 7435.66 7411.59 7400.87 7400.16 7401.43 7408.66 7417.81 7428.99 7441.01 7456.6 7471.88 7489 7504.61 7512.52 7527.64 7537.27 7542.1 7537.67 7549.8 7546.48 7545.05 7548.24 7555.86 7562.16 7570.79 7578.58 7584.08 7587.49 7590.31 7592.55 7594.67 7597.43 7597.48 7594.02 7585.14 7576.42 7569.85 7566.21 7563.14 7568.04 7572.48 7577.43
7666.02 7657.95 7651.21 7646.08 7641.69 7637.21 7631.26 7626.66 7622.06 7625.43 7636 7633.94 7630.47 7625.05 7610.74 7591.72 7572.43 7552.4 7536.95 7522.33 7512.83 7518.09 7501.62 7477.4 7450.97 7425.39 7399.87 7387.93 7390.14 7392.83 7399.38 7409.51 7421.13 7433.06 7446.69 7462.24 7483.58 7499.47 7515.4 7529.58 7540.77 7554.67 7580.42 7564.04 7549.88 7547.21 7549.94 7552.76 7564.06 7569.48 7575.65 7580.33 7583.28 7586.16 7588.53 7591.33 7594.31 7597.67 7602.5 7590.78 7571.37 7566.38 7565.89 7568.29 7569.56 7571.73 7575.79
7664.96 7656.1 7649.7 7646.38 7643.08 7638.44 7633.48 7627.53 7623.5 7632.51 7640.14 7639.68 7637.59 7626.6 7605.97 7584.23 7563.38 7544.67 7527.38 7513.3 7502.23 7496.99 7483.01 7462.99 7439.86 7416.16 7391.8 7380.1 7380.95 7384.76 7392.98 7400.67 7412.5 7423.43 7444.77 7456.44 7471.36 7490.94 7515.67 7529.47 7534.44 7545.26 7551.16 7560.65 7556.62 7553.34 7557.7 7559.22 7559.9 7558.9 7567.74 7574.11 7578.17 7581.15 7583.79 7586.71 7589.92 7592.94 7593.57 7584.62 7569.88 7566.63 7566.14 7568.26 7568.4 7569.56 7572.41
7666.42 7657.97 7651.45 7649.44 7645.93 7642.52 7638.83 7635.72 7632.98 7638.83 7644.51 7645.02 7642.26 7623.44 7597.9 7573.46 7552.38 7532.81 7516 7502.87 7493.05 7480.65 7465.17 7448.57 7428.46 7407.45 7384.64 7373.78 7375.14 7379.54 7387.7 7395.75 7403.8 7412.91 7428.41 7440.56 7452.76 7468.44 7494.48 7505.13 7510.91 7527.22 7543.67 7555.37 7551.57 7557.26 7566.62 7566.43 7553.73 7558.09 7565.62 7570.49 7573.75 7576.4 7578.72 7581.35 7583.6 7585.67 7585.61 7579.9 7572.9 7568.63 7566.64 7563.77 7564.35 7566.75 7567.98
7669.46 7663.59 7657.89 7654.22 7649.4 7645.57 7643.92 7644.59 7643.85 7634.77 7631.74 7634.52 7641.67 7612.21 7581.64 7557.4 7535.68 7517.04 7499.72 7485.73 7473.32 7461.36 7449.73 7435.11 7418.95 7401.85 7380.23 7364.92 7373.42 7380.41 7387.59 7392.34 7398.98 7412.59 7417.72 7422.82 7425.79 7432.16 7431.03 7439.07 7475.01 7505.98 7532.76 7554.22 7561 7558.44 7563.09 7566.32 7567.35 7567.14 7566.87 7573.37 7568.32 7571.58 7574.43 7576.15 7576.99 7577.57 7579.1 7576.33 7572.7 7571.15 7569.21 7566.44 7565.54 7565.86 7564.4
7670.27 7669.82 7670.49 7657.49 7647.22 7642.11 7642.19 7645.16 7642.52 7621.07 7603.7 7601.31 7596.91 7573.48 7555.39 7536.77 7517.47 7499.14 7480.45 7462.91 7447.01 7442.32 7434.33 7424.23 7412.89 7401.41 7388.05 7381.09 7383.81 7384.75 7387.11 7391.07 7392.85 7402.38 7404.09 7404.67 7405.07 7403.81 7399.35 7409.38 7447.24 7485.85 7520.55 7542.74 7549.38 7550.96 7551.19 7558.5 7564.81 7566.31 7560.96 7548.54 7563.51 7569.35 7571.43 7571.27 7570.33 7568.56 7568.54 7573.57 7574.88 7573.17 7572.18 7571.53 7570.73 7567 7561.55
7662.66 7663.14 7663.25 7647.34 7634.5 7628.05 7628.52 7632.1 7619.47 7590.5 7567.56 7557.77 7544.63 7533.8 7526.77 7512.92 7496.26 7479.45 7460.85 7441.48 7434.49 7426.46 7421.61 7416.41 7409.65 7403.74 7398.94 7398.66 7395.61 7391.76 7390.68 7390.55 7394.99 7395.29 7393.55 7391.69 7389.02 7386.89 7386.35 7396.12 7429.38 7467.92 7504.89 7526.84 7534.1 7541.3 7547.42 7554.85 7564.09 7569.97 7569.6 7575.5 7571.65 7571.27 7571.03 7568.8 7565.27 7561.31 7561.73 7570.41 7573.96 7572.51 7573.28 7575.67 7575.64 7567.77 7558.48
7646 7640.71 7634.65 7620.21 7609.18 7601.66 7598.98 7598.96 7581.13 7549.61 7529.78 7521.73 7514.96 7514.15 7504.2 7491.12 7476.43 7460.91 7445.74 7433.01 7423.35 7414.48 7413.76 7411.43 7408.24 7405.91 7403.6 7399.78 7399.77 7400.02 7394.72 7392.4 7393.42 7391.33 7388.04 7384.88 7381.4 7378.55 7379.88 7391.68 7416.25 7451.09 7488.44 7517.94 7526.02 7531.85 7539.09 7552.69 7563.3 7569.34 7576.45 7579.34 7578.24 7575.65 7570.86 7566.42 7561.19 7556.31 7555.75 7561.02 7565.02 7567.03 7569.6 7573.2 7575.1 7564.58 7553.44
7625.45 7614.48 7596.23 7589.65 7580.31 7566.75 7555.39 7547.87 7532 7497.13 7493.32 7494.24 7491.49 7495.78 7483.49 7470.81 7456.85 7442.83 7430.52 7419.75 7415.65 7411.87 7410.76 7410.26 7409.46 7408.69 7407.89 7406.75 7406.15 7403.97 7398.58 7395.53 7389.07 7386.01 7382.07 7375.75 7373.7 7370.11 7371.48 7378.05 7402.91 7433.6 7460.47 7489.36 7505.17 7521.49 7539.87 7553.91 7567.82 7581.99 7586.82 7585.51 7583.81 7579.36 7573.22 7567 7561.18 7554.55 7550.83 7550.32 7555.12 7559.3 7561.53 7562.89 7561.77 7553.61 7546.03
7603.48 7593.61 7585.83 7571.24 7551 7531.12 7510.13 7490.75 7487.99 7449.49 7459.92 7469.46 7468.05 7468.47 7460.88 7450.49 7438.45 7425.59 7414.74 7407.31 7401.47 7406.32 7409.66 7410.46 7410.29 7410.49 7410.76 7411.36 7410.5 7406.47 7396.94 7393.76 7389.62 7385.11 7378.19 7370.83 7367.32 7364.24 7365.61 7373.57 7395.31 7422.74 7439.16 7438.69 7471.67 7504.59 7533.47 7551.28 7572.31 7593.09 7599.93 7599.45 7593.41 7583.06 7575.15 7568.76 7563.6 7559.48 7554.6 7553.87 7551.48 7552.95 7553.06 7549.87 7540.74 7540.36 7538.23
7580.15 7571.36 7560.95 7545.19 7525.02 7502.35 7478.32 7466.07 7476.31 7487.11 7467.39 7454.74 7449.77 7445.5 7440.96 7431.48 7421.07 7410.3 7399.55 7393.35 7398.48 7406.58 7410.9 7411.77 7411.79 7411.16 7410.65 7410.61 7408.74 7404.92 7394.58 7390.38 7385.85 7380.66 7374.89 7370.31 7366.4 7364.59 7365.4 7372.66 7393.72 7424.18 7451.71 7464.49 7463.69 7484.46 7510.42 7539.85 7568.54 7597.26 7602.93 7599.04 7592.41 7580.77 7574.68 7569.88 7565.92 7561.62 7555.61 7548.15 7549.05 7548.86 7547.31 7543.87 7540.31 7537.02 7533.84
7560.74 7551.21 7536.86 7520.58 7504.38 7484.32 7463 7453.95 7467.95 7477.18 7459.04 7435.98 7435.39 7433.86 7425.7 7416.5 7407.57 7398.45 7389.5 7384.97 7408.22 7414.66 7415.99 7414.99 7413.27 7411.23 7408.65 7406.25 7402.33 7400.42 7394.03 7388.21 7382.63 7379.31 7374.3 7371.44 7366.66 7364.99 7365.07 7371.83 7392.72 7428.7 7465.03 7484.1 7471.7 7474.18 7493.59 7526.37 7555.4 7579.09 7584.78 7576.55 7568.02 7572.82 7573.38 7570.63 7566.52 7563.91 7558.38 7554.44 7549.74 7547.41 7544.7 7541.14 7537.33 7534.07 7532.15
7547 7536.58 7524.1 7509.03 7493.32 7475.73 7460.15 7454.76 7461.58 7465.2 7453.05 7437.77 7425.43 7417.62 7409.03 7402.57 7397.1 7392.23 7388.53 7393.79 7419.14 7420.91 7419.08 7416.27 7413.46 7409.91 7406.35 7402.05 7398.02 7395.18 7390.96 7386.38 7381.76 7376.32 7371.84 7367.88 7365.57 7364.28 7364.91 7370.58 7389.41 7425.26 7471.26 7487.67 7480.89 7479.29 7492.96 7518.04 7539.36 7554.02 7562.3 7562.48 7560.22 7571.28 7574.66 7572.52 7566.24 7558.35 7556.18 7553.56 7550.59 7547.5 7544.31 7540.31 7535.34 7532.65 7533.04
7536.99 7526.92 7516.48 7504 7489.13 7474.16 7463.83 7464.61 7460.31 7452.86 7447.24 7435.8 7412.83 7398.26 7391.98 7390.19 7389.33 7389.48 7392.2 7404.56 7418.23 7420.94 7419.92 7416.7 7413.08 7408.81 7403.88 7398.02 7391.56 7388.29 7388.69 7384.76 7380.72 7376.55 7372.4 7368.08 7365.39 7363.85 7363.94 7369.62 7382.88 7403.77 7439.5 7477.96 7498.7 7504.88 7503.93 7513.06 7527.79 7540.91 7552.32 7566.02 7576.04 7580.27 7579.95 7577.39 7572.09 7561.74 7558.03 7553.03 7551.6 7549.06 7546.25 7543.04 7539.82 7537.81 7537.6
7528.93 7519.97 7512.1 7505.27 7487 7472.01 7464.7 7468.94 7459.93 7450.46 7434.57 7415.03 7397.48 7384.58 7379.81 7382.21 7385.47 7389.12 7394.57 7403.66 7415.94 7417.85 7418.27 7415.47 7411.65 7406.72 7401.68 7395.72 7389.21 7387.47 7388.71 7384.52 7379.7 7375.77 7371.9 7368.35 7365.74 7363.87 7364.02 7366.17 7371.61 7373.4 7369.16 7429.26 7492.44 7496.66 7497.6 7504.79 7518.04 7535.67 7559.17 7570.33 7589.31 7588.05 7583.51 7581.98 7582.29 7579.57 7567.95 7560 7555.08 7551.87 7549.24 7547.36 7546.37 7545.43 7544.27
7522.26 7513.06 7503.68 7491.1 7478.45 7466.45 7459.66 7458.49 7444.65 7432.84 7423.3 7407.69 7388.61 7377.19 7373.98 7379.07 7384.8 7390.82 7396.97 7404.45 7411.45 7414.74 7414.52 7412.39 7408.89 7404.38 7400.2 7395.61 7391.88 7389.64 7388.65 7385.74 7383.31 7380.83 7378.25 7369.77 7367.25 7365.24 7364.08 7362.6 7363.58 7360.94 7362 7404.2 7458.69 7461.6 7478.38 7492.52 7506.15 7520.14 7533.31 7555.53 7577.69 7579.88 7577.9 7579.75 7584.18 7581.62 7572.01 7563.96 7558.02 7554.07 7551.92 7551.08 7551.85 7555.02 7549.85
7518.65 7506.37 7494.77 7481.76 7470.42 7459.97 7455.33 7453.5 7436.47 7423.47 7414.47 7401.45 7387.13 7377.51 7375.61 7381.94 7388.46 7394.69 7400.77 7406.63 7410.19 7411.99 7411.17 7408.87 7405.56 7402.66 7398.8 7395.66 7393.01 7390.43 7387.89 7385.81 7383.57 7381.46 7379.19 7376.84 7374.4 7371.66 7366.7 7363.83 7362.15 7360.07 7363.47 7411.96 7473.18 7452.6 7465.6 7479.9 7491.91 7501.75 7514.44 7530.47 7546.26 7555.76 7562.49 7568.87 7574.26 7575.2 7569.89 7564.03 7559.09 7555.73 7553.41 7552.3 7552.17 7551.24 7550.72
7514.04 7501.01 7488.72 7476.8 7465.16 7454.58 7448.6 7445.16 7429.27 7416.37 7406.55 7395.56 7384.95 7381.42 7383.36 7388.31 7394.65 7401.12 7407.25 7415.69 7412.92 7411.71 7409.57 7406.75 7404.04 7400.45 7397.11 7394.02 7391.61 7388.84 7386.68 7384.44 7382.04 7379.6 7377.21 7374.82 7372.36 7369.61 7366.84 7364.05 7362.01 7361.16 7364.74 7421.43 7493.36 7460.78 7464.06 7470.72 7478.72 7486.48 7495.22 7506.68 7516.8 7529.08 7543.13 7554.29 7561.83 7565.68 7564.2 7561.39 7557.84 7554.67 7552.16 7551.07 7550.56 7550.44 7551.13
7507.72 7494.62 7483.19 7473.94 7464.01 7453.69 7450.47 7439.52 7421.19 7408.79 7397.01 7387.63 7382.48 7383.82 7388.52 7394.99 7400.98 7408.18 7415.52 7415.84 7414.12 7411.82 7408.8 7405.47 7401.78 7398.54 7395.25 7392.38 7390.4 7388.16 7384.98 7382.41 7379.9 7377.72 7375.38 7373.09 7370.6 7368.17 7365.88 7363.78 7362.57 7362.19 7364.97 7412.11 7468.96 7475.93 7460.77 7461.2 7465.78 7471.33 7478.66 7488.81 7497.78 7509.84 7527.26 7540.72 7551.34 7557.03 7560.36 7556.97 7554.11 7552.03 7550.45 7549.81 7549.22 7549.29 7551.17
7497.87 7486.27 7476.24 7467.6 7456.19 7445.92 7447.11 7432.43 7414.73 7401.17 7389.87 7381.81 7378.34 7385.89 7396.59 7401.57 7405.3 7409.97 7413.46 7416.63 7414.51 7410.42 7406.48 7402.68 7399.16 7395.76 7392.83 7390.19 7388.08 7383.72 7382.48 7380.6 7378.18 7375.9 7373.78 7371.46 7369 7366.98 7365.28 7363.98 7363.72 7364.15 7371.87 7390.41 7408.84 7435.34 7440.51 7446.04 7451.73 7461.8 7474.34 7484.53 7492.46 7503.55 7519.43 7529.09 7535.37 7543.73 7548.79 7549.34 7548.52 7547.98 7547.72 7548.11 7547.95 7549.03 7551.65
7486.45 7477.62 7468.44 7457.27 7443.87 7431.24 7429.63 7419.13 7403.24 7392.48 7385.33 7378.57 7376.56 7387.8 7401.88 7405.2 7406.37 7407.7 7407.83 7413.93 7412.52 7409.08 7404.91 7401.47 7398.19 7394.78 7391.38 7388.29 7386.49 7384.31 7380.93 7378.77 7376.73 7374.68 7372.76 7370.7 7368.77 7366.91 7365.27 7364.09 7363.54 7364.1 7368.67 7372.9 7374.56 7393.21 7414.48 7429.33 7441.15 7454.59 7467.37 7481.39 7498.03 7512.79 7521.21 7523.15 7523.9 7531.08 7536.27 7540.12 7542.26 7543.54 7544.65 7546 7546.84 7547.55 7550.38
7479.07 7470.12 7461.83 7453.4 7441.7 7424.6 7418.99 7407.98 7394.95 7384.82 7377.15 7377.76 7381.66 7390.63 7399.88 7404.88 7405.59 7404.21 7402.23 7408.89 7408.87 7406.77 7403.94 7401 7397.54 7393.64 7389.99 7386.49 7384.16 7380.57 7378.4 7377.07 7375.76 7374.43 7373.01 7371.41 7369.7 7368.02 7366.23 7364.65 7363.49 7363.18 7362.29 7363.84 7364.13 7374.73 7397.34 7416.99 7434.83 7451.12 7464.83 7481.34 7507.63 7528.96 7528.37 7521.4 7519.48 7523.73 7528.94 7532.43 7536 7539.11 7541.73 7544.34 7546.65 7549.96 7555
7473.38 7463.45 7456.14 7450.07 7443.15 7422.6 7414.12 7400.42 7388.19 7380.18 7377.05 7380.35 7386.75 7396.01 7403.08 7406.55 7406.6 7402.48 7401.71 7403.91 7405.57 7404.81 7402.89 7400.31 7397.06 7393.6 7389.91 7386 7382 7377.88 7376.73 7376.82 7376.38 7375.77 7374.61 7372.72 7371.03 7369.41 7367.41 7365.3 7363.1 7362.24 7361.12 7361.95 7365.69 7371.46 7389.7 7410.42 7431.76 7451.77 7469.17 7486.2 7514.58 7539.48 7527.48 7516.2 7511.57 7515.42 7520.46 7525.86 7531.22 7535.84 7540.02 7543.63 7547.09 7550.77 7554.94
