real_craters/C093-500m.grd
DSAA
126 126
-31.2375 31.2375
-31.2375 31.2375
6580.1573834145 8035.7708556464
[rows 60 to 89 of 126, columns 0 to 66 of 126]
7368.58 7370.55 7372.68 7376.84 7396.51 7436.35 7463.39 7496.64 7502.83 7507.03 7513.24 7520.81 7527.33 7533.2 7541.53 7548.23 7550.17 7551.86 7555.37 7561.21 7567.66 7573.32 7574 7563.6 7551.66 7540.91 7540.16 7541.02 7537.83 7533.65 7529.16 7524.27 7519.6 7515.12 7512.8 7512.25 7513.7 7519.84 7533.58 7554.43 7579.09 7603.92 7629.09 7649.05 7682.63 7678.28 7602.92 7470.22 7297.32 7132.57 6993.29 6873.65 6785.2 6728.72 6708.03 6690.24 6679.77 6670.38 6657.91 6646.78 6640.45 6631.31 6614.33 6580.16 6604.33 6632.29 6636.12
7375.48 7377.27 7380.89 7384.01 7388.8 7395 7434.8 7476.76 7486.3 7493.91 7505.18 7517.22 7528.23 7538.04 7545.77 7552.13 7556.64 7559.64 7562.97 7566.95 7570.66 7572.94 7570.58 7563.58 7554.82 7547.65 7542.62 7541.81 7539.49 7535.83 7531.13 7526.04 7521.18 7516.66 7515.29 7515.97 7518.52 7525.35 7540.8 7565.15 7593.6 7622.47 7648.81 7666.03 7673.97 7659.84 7592.59 7421.61 7245.97 7095.88 6965.94 6840.72 6747.54 6714.51 6695.53 6683.03 6672.4 6663.23 6652.79 6644.97 6642.95 6637.89 6631.38 6630.94 6628.39 6634.58 6635.29
7390.82 7393.38 7396.45 7401.36 7396.21 7392.45 7412.39 7431.01 7454.22 7475.41 7495.78 7514.32 7529.18 7539.69 7547.8 7553.96 7559.58 7564.72 7568.7 7571.38 7573.28 7573.26 7571.59 7565.07 7557.72 7551.48 7546.57 7545.77 7542.98 7538.88 7533.83 7528.8 7524.38 7521.83 7521.41 7520.79 7523.78 7531.53 7548.04 7577.94 7608.95 7641.92 7671.07 7686.62 7674.7 7624.4 7515.56 7378.22 7215.17 7076.92 6954.44 6845.13 6755.35 6709.2 6688.83 6678.97 6670.73 6666.36 6667.65 6663.41 6655.71 6651.33 6652.08 6655.45 6650.24 6641.22 6635.41
7410.5 7411.05 7410.05 7410.77 7408.59 7406.08 7409.22 7414.75 7431.61 7458.99 7487.13 7513.26 7534.5 7545.52 7550.96 7553.14 7561.58 7569.85 7573.39 7575.52 7576.93 7576.66 7574.28 7568.97 7562.7 7556.04 7556.34 7553.47 7548.54 7543.03 7537.49 7532.15 7527.56 7524.46 7523.51 7524.8 7528.56 7536.57 7554.06 7588.46 7626.73 7661.72 7693.43 7708.12 7687.99 7612.52 7502.18 7366.05 7215.03 7077.95 6954.47 6842.72 6751.74 6702.27 6680.91 6673.66 6671.7 6675.01 6679.62 6679 6670.16 6663.91 6661.32 6661.19 6656.07 6642.88 6632.05
7428.37 7424.48 7422.77 7420.44 7421.68 7421.18 7415.37 7406.72 7417.64 7448.54 7481.55 7514.37 7545.73 7558.49 7557 7556.59 7564.1 7571.41 7576.45 7579.72 7581.54 7581.44 7576.79 7574.52 7571.28 7567.4 7565.65 7560.37 7553.22 7546.89 7540.39 7534.55 7529.68 7526.1 7525.14 7527.39 7533.36 7540.65 7556.67 7593.15 7634.95 7675.58 7709.4 7728.64 7711.48 7617.12 7496.89 7379.12 7264.44 7159.46 6965.04 6786.11 6713.12 6690.36 6682.13 6678.12 6677.09 6682.02 6689.42 6690.43 6682.97 6674.47 6667.5 6660.46 6661.13 6648.55 6637.11
7435.74 7433.37 7440.89 7444.6 7439.16 7432.98 7422.61 7411 7416.63 7444.2 7478.2 7513.14 7545.07 7559.8 7561.79 7564.95 7568.36 7571.39 7579.26 7584.8 7588.16 7589.96 7589.77 7586.96 7581.81 7577.46 7575.19 7565.94 7556.71 7548.88 7541.68 7535.96 7531.61 7528.83 7529.18 7531.41 7537.85 7545.64 7561.12 7597.9 7640.36 7680.77 7716.09 7735.72 7716.5 7621.7 7494.03 7400.94 7329.32 7220.66 6992.6 6771.34 6708.88 6697.91 6691.98 6689.27 6689.53 6692.15 6696.83 6701.95 6692.11 6687.73 6682.51 6674.15 6667.68 6657.77 6648.45
7444.05 7448.94 7458.41 7463.43 7457.2 7445.87 7431.63 7420.75 7420.13 7444.51 7476.59 7509.83 7538.2 7554.83 7562.3 7570.54 7576.45 7579.01 7587.37 7592.2 7596.79 7599.33 7603.72 7603.29 7589.09 7583.05 7579.8 7569.2 7559.22 7550.94 7543.83 7538.33 7533.94 7531.73 7532.37 7535.07 7542.41 7551.2 7566.5 7600.14 7640.55 7682.29 7718.41 7739.67 7726.5 7640.93 7522.08 7438.84 7377.82 7261.07 7046.53 6859.4 6765.84 6735.77 6721.85 6713.44 6707.1 6702.73 6700.91 6700.95 6695.01 6698.38 6703.84 6694.93 6677.13 6663.07 6660.89
7452.2 7462.85 7475.41 7480.52 7476.27 7466.96 7455.8 7438.88 7432.45 7447.85 7474.53 7507.04 7544.4 7552.72 7563.65 7577.2 7586.91 7594.28 7598.32 7601.21 7603.42 7605.81 7608.08 7606.91 7601.35 7590.58 7577.41 7567.33 7558.5 7550.94 7544.57 7539.94 7536.02 7534 7534.23 7538.01 7545.57 7554.87 7567.75 7599.09 7636.67 7676 7712.27 7735.87 7734.95 7668.74 7573.48 7491.33 7422.74 7288.56 7094.06 6927.66 6836.03 6790.07 6763.75 6748.89 6733.88 6720.36 6706.78 6692.24 6693.99 6708.03 6720.21 6710 6687.75 6671.8 6666.41
7464.32 7484.02 7500.96 7503.7 7496.99 7487.15 7477.71 7454.64 7441.72 7449.32 7467.07 7492.88 7521.95 7535.41 7557.28 7570.87 7591.43 7605.05 7606.69 7606.95 7607.49 7607.84 7604.92 7595.06 7603.97 7586.45 7571.5 7562.96 7555.86 7549.44 7543.64 7539.3 7536.48 7535.69 7536.69 7540.58 7546.93 7554.71 7567.34 7593.69 7627.45 7665.2 7699.66 7725.32 7732.51 7689.26 7612.31 7543.34 7473.5 7322.83 7138.93 6979.63 6906.17 6855.41 6824.82 6796.82 6769.87 6750.29 6727.24 6704.86 6701.25 6715.08 6729.7 6720.07 6701.89 6682.87 6676.82
7508.51 7520.17 7538.06 7532.99 7515.41 7496.6 7476.75 7458.48 7448.53 7448.28 7454.81 7463.17 7473.29 7492.93 7504.01 7539.05 7587.38 7607.59 7606.35 7605.05 7605.05 7606.42 7609.18 7614.48 7594.62 7573.84 7563.78 7557.03 7551.49 7546.54 7541.78 7538.39 7536.43 7536.42 7541.13 7544.57 7545.32 7551.03 7559.4 7581.91 7614.13 7648.16 7682.43 7707.16 7717.24 7704.07 7668.32 7612.36 7528.93 7380.93 7216.21 7077.27 6991.35 6933.8 6892.1 6854.36 6822.1 6788.81 6757.58 6734.55 6720.76 6724.94 6728.55 6724.82 6712.99 6695.48 6687.25
7542.45 7548.33 7556.25 7549.55 7530.36 7504.76 7474.18 7460.46 7453.17 7447.08 7445.53 7446.05 7448.24 7454.89 7442.96 7505.06 7564.92 7591.26 7594.31 7595.22 7596.5 7599.93 7603.04 7602.57 7587.72 7569.67 7558.69 7552.9 7547.69 7543.95 7540.44 7537.5 7535.35 7534.17 7533.15 7533.45 7541 7546.87 7554.08 7572.82 7601.99 7634.68 7663.58 7688.1 7706.59 7720.06 7729.98 7708.71 7600.32 7459.08 7285.9 7158.33 7084.78 7029.69 6975.27 6928.52 6884.14 6840.91 6801.08 6766.64 6744.38 6742.88 6743.56 6741.75 6733.3 6714.81 6703.75
7544.08 7561.06 7569.74 7562.69 7545.79 7521.66 7494.76 7473.71 7455.24 7443.99 7441.21 7441.84 7443.58 7451.68 7461.67 7493.81 7536.17 7561.66 7573.49 7580.39 7584.07 7588.33 7591.27 7592.25 7586.76 7566.32 7556.21 7550.69 7546.37 7542.73 7540.18 7537.06 7534.57 7532.62 7532.14 7534.57 7538.71 7545.11 7551.78 7567.16 7593.35 7620.5 7645.67 7668.53 7687.55 7711.73 7757.07 7811.79 7742.28 7560.42 7374.49 7257.24 7189.47 7127.45 7067.33 7011.73 6959.22 6906.7 6854.98 6808.69 6776.01 6774.59 6776 6773.29 6766.23 6748.81 6736.81
7547.45 7575.28 7583.97 7579.52 7564.25 7544.19 7519.69 7493.67 7464.81 7445.39 7440.57 7439.41 7435.68 7435.65 7464.33 7482.87 7517.67 7533.35 7549.16 7560.49 7567.71 7573.99 7577.09 7576.92 7579.26 7559.66 7551.92 7547.41 7543.31 7540.88 7538.74 7536.31 7535.1 7533.71 7533.95 7533.16 7540.73 7546.88 7553.33 7566.14 7588.26 7610.81 7629.15 7647.72 7664.22 7686.89 7730.71 7765.99 7803.37 7655.74 7487.9 7384.89 7308.52 7236.38 7168.41 7101.59 7044.54 6983.74 6925.33 6873.23 6832.49 6827.04 6822.66 6819.93 6814.93 6804.99 6794.88
7563.98 7593.84 7615.88 7599.54 7583.78 7567.61 7551.3 7523.25 7479.49 7450.15 7443.76 7440.73 7434.6 7428.89 7450.3 7459.17 7466.83 7502.13 7525.13 7540.73 7550.49 7556.76 7560.47 7561.97 7568.35 7553.5 7548.8 7546.34 7544.22 7542.32 7540.12 7538.62 7537.13 7537 7538.13 7542.69 7545.96 7552.64 7560.39 7571.74 7587.86 7603.23 7619.05 7634.78 7649.77 7661.23 7706.25 7743.78 7780.3 7728.08 7633.86 7526.84 7429.47 7342.51 7264.25 7192.52 7127.07 7063.74 7003.78 6953.92 6911.44 6897.09 6894.41 6896.93 6895.69 6890.16 6884.11
7577.08 7593.31 7603.53 7608.35 7599.92 7586.19 7570 7542.03 7497.52 7465.46 7452.14 7446.52 7440.19 7437.28 7443.36 7454.3 7464.41 7487.11 7506.54 7521.34 7533.33 7540.47 7546.76 7551 7561.54 7551.55 7548.17 7546.97 7545.58 7544.67 7542.56 7541.44 7540.34 7539.36 7541.15 7544.75 7550.29 7558.11 7569.5 7585.01 7594.93 7605.86 7619.12 7633.91 7650.57 7677.99 7699.72 7730.68 7769.35 7791.29 7764.62 7653.7 7541.75 7446.58 7357.42 7288.7 7220.33 7154.61 7091.84 7042.63 6995.06 6979.55 6982.76 7001.67 7003.07 7001.21 7002.42
7580.01 7604.56 7616.5 7618.94 7614.8 7602.21 7577.37 7542.28 7515.97 7486.53 7459.11 7447.82 7441.79 7437.07 7443.22 7466.8 7484.46 7488.45 7498.82 7510.59 7521.18 7529.79 7538.2 7547.45 7552.43 7550.24 7551.09 7550.39 7549.04 7547.63 7544.45 7543.42 7542.68 7541.87 7543.07 7547.02 7552.17 7560.82 7573.24 7592.12 7596.35 7604.33 7616.76 7630.78 7646.68 7665.45 7691.61 7718.52 7758.75 7814.22 7829.48 7728.38 7626.25 7538.7 7460.78 7389.7 7323.48 7262.75 7197.43 7141.19 7095.69 7086.6 7090.27 7105.07 7121.48 7134.37 7149.02
7583.39 7608.89 7624.24 7630.01 7629.97 7623.13 7603.68 7568.79 7546.79 7502.24 7461.7 7433.12 7432.07 7431.46 7438.24 7461.08 7478.86 7482.75 7490.93 7502.53 7513.24 7522.96 7532.45 7541.52 7556.33 7555.6 7555.23 7554.49 7551.13 7547.43 7545.83 7546.35 7544.73 7544.65 7545.55 7547.05 7551.25 7559.01 7566.75 7572.08 7583.21 7599.72 7614.9 7629.29 7643.55 7657.87 7683.13 7718 7739.75 7763.62 7769.4 7728.83 7662.75 7597.74 7535.31 7477.92 7420.5 7359.37 7306.99 7252.24 7207.51 7190.55 7201.49 7224.66 7258.19 7287.81 7315.5
7590.29 7608.72 7626.22 7638.7 7645.2 7649.3 7653.89 7659.88 7605.75 7550.82 7475.42 7427.66 7421.38 7418.86 7425.04 7437.9 7453.69 7468.44 7482.16 7495.33 7507.15 7520.09 7530.96 7539.23 7558.91 7560.28 7558.99 7557.97 7555.73 7554.26 7552.55 7547.91 7546.45 7545.56 7546 7545.92 7549.41 7558.52 7565.22 7567.79 7583.2 7598.64 7613.07 7627.59 7643.36 7660.6 7683.67 7702.19 7702.85 7703.99 7706.26 7705.85 7676.89 7637.18 7592.31 7547.83 7501.07 7461.1 7413.8 7372.17 7328.58 7305.46 7329.67 7365.57 7415.68 7456.32 7499.34
7610.39 7620.08 7636.04 7648.39 7656.01 7663.32 7675.46 7691.48 7622.84 7548.4 7472.24 7423.69 7415.66 7410.36 7412.33 7420.04 7435.53 7454.39 7471.74 7487.54 7503.73 7518.37 7533.09 7546.37 7555.74 7561.07 7560.32 7552.74 7549.85 7548.4 7546.75 7547.36 7547.12 7548.21 7548.74 7548.52 7551.8 7562.37 7572.39 7588.88 7597.54 7599.11 7609.81 7624.65 7641.56 7660.7 7683.96 7700.06 7688.17 7689.35 7694.64 7695.65 7682.36 7658.3 7631.46 7603.1 7569.94 7548.29 7526.99 7501.99 7473.45 7448.83 7491.38 7535.13 7576.4 7623.7 7683.7
7639.34 7647.53 7654.55 7658.65 7660.74 7660.73 7655.59 7632.6 7584.87 7513.59 7458.86 7427.1 7412.43 7407.56 7406.02 7407.22 7425.15 7446.14 7465.35 7482.62 7499.15 7515.61 7529.3 7537.66 7548.56 7555.09 7550.72 7545.21 7544.56 7542.64 7541.39 7543.41 7549.08 7551.71 7554.9 7557.33 7560.3 7569.54 7575.48 7579 7583.19 7592.9 7605.48 7621.49 7638.78 7651.69 7663.22 7687.95 7694.67 7697.56 7701.74 7697.7 7690.82 7678.48 7664.66 7641.36 7629.31 7622.33 7627.03 7636.21 7650.43 7646.06 7682.73 7706.4 7721.06 7756.16 7825.4
7664.44 7681.42 7672.54 7667.03 7660.46 7650.88 7633.75 7603.07 7558.32 7504.24 7458.47 7431.57 7417.15 7412.82 7411.51 7414.16 7426.11 7444.58 7462.48 7479.18 7495.97 7512.32 7526.32 7535.61 7542.09 7549.23 7540.58 7536.94 7536.77 7536.48 7538.35 7542.56 7547.75 7554.99 7563.35 7574.32 7584.01 7585.23 7579.5 7569.42 7567.88 7586.38 7604.57 7619.17 7634.92 7651.59 7669.23 7680.6 7685.47 7703.85 7706.97 7701.89 7696.32 7693.41 7689.68 7684.98 7679.8 7688.72 7716.73 7756.69 7811.18 7846.44 7857.89 7842.76 7816.11 7831.21 7881.98
7680.21 7685.07 7680.18 7669.14 7656.9 7640.62 7617.24 7584.23 7543.81 7500.62 7465.31 7444.36 7437.42 7434.16 7427.53 7425.36 7434.42 7447.06 7460.61 7474.67 7487.67 7503.12 7524.81 7531.25 7533.9 7520.98 7516.84 7517.89 7521.71 7526.59 7532.23 7536.12 7544.17 7553.28 7566.55 7586.53 7607.87 7601.11 7587.28 7576.87 7574.21 7590.32 7605.18 7618.79 7632.36 7644.75 7661.5 7663.62 7662.89 7691.32 7705.1 7699.46 7697.95 7699.28 7703.7 7709.91 7713.98 7730.87 7770.11 7825.79 7904.55 7912.12 7873.79 7848.78 7829.7 7834.01 7853.99
7694 7694.58 7683.45 7671.12 7655.91 7636.62 7610.8 7576.75 7539.35 7507.73 7479.39 7464.02 7467.29 7465.59 7451.35 7443.27 7449.38 7456.62 7463.17 7470.02 7475.62 7482.9 7483.95 7472.08 7472.29 7474.97 7489.62 7497.52 7505.37 7513.07 7520.51 7527.39 7537.03 7547.55 7560.25 7579.06 7604.44 7595.03 7588.26 7587.17 7588.31 7601.79 7610.3 7617.66 7624.72 7630.65 7632.06 7648.28 7665.25 7686.81 7694.98 7693.08 7694.78 7697.05 7706.79 7716.41 7725.06 7742.83 7775.26 7823.19 7880.77 7876.41 7778.53 7773.47 7785.49 7790.32 7790.87
7685.12 7685.44 7678.26 7667.19 7653.11 7635.93 7613.8 7585.37 7552.84 7527.4 7515.02 7501.45 7505.29 7499.81 7484.71 7473.07 7471.36 7471.23 7471.09 7469.02 7468.08 7466.13 7467.12 7461.58 7454.96 7458.15 7473.21 7483.27 7492.96 7501.67 7508.75 7515.9 7525.66 7534.8 7545.21 7553.75 7551.43 7564.04 7581.46 7594.98 7610.69 7615.11 7615.6 7617.25 7619.12 7621.52 7625.27 7637.11 7652.63 7664.91 7680.43 7685.68 7690.48 7695.66 7707.28 7717.32 7734.48 7748.13 7760.65 7770.76 7761.66 7747.32 7720.99 7724.68 7732.64 7736 7727.79
7673.61 7673.58 7670.82 7664.53 7654.59 7641.55 7625.87 7608.06 7588.98 7555.86 7545.49 7543.53 7539.1 7532.63 7522.83 7509.96 7498.85 7491.09 7483.93 7475.6 7465.7 7457.58 7462.39 7477.44 7462.97 7457.17 7470.87 7479.15 7487.94 7495.63 7501.57 7506.68 7513.7 7520.03 7527.07 7534.45 7546.41 7561.88 7571.62 7590.69 7615.19 7618.28 7613.79 7612.82 7613.33 7614.34 7613.45 7626.84 7642.9 7654.07 7666.31 7675.91 7685.5 7692.77 7701.17 7712.85 7723.32 7727.63 7728.13 7722.94 7706.84 7700.62 7696.4 7695.06 7694.65 7693.34 7682.19
7675.69 7672 7669.43 7664.47 7657.84 7650.61 7640.88 7630.19 7616.93 7593.33 7592.78 7585.49 7575.04 7564.32 7553.89 7539.6 7524.95 7511.6 7499.28 7485.41 7469.63 7453.77 7450.48 7483.65 7472.96 7468.65 7473.14 7474.99 7482.28 7486.08 7489.97 7490.98 7497.49 7499.77 7506.65 7513.8 7526.15 7537.35 7550.3 7569.87 7591.4 7600.34 7603.71 7606.47 7607.94 7608.25 7612.17 7620.77 7629.6 7640.72 7651.73 7663.77 7673.95 7683.59 7690.09 7694.77 7697.52 7697.17 7690.23 7679.12 7675.22 7666.35 7660.69 7668.08 7667.61 7665.77 7656.67
7676.43 7673.27 7670.55 7666.86 7664 7658.52 7655.06 7650.9 7644.07 7627.98 7621.03 7615.17 7605.45 7591.98 7576.67 7563.12 7548.66 7533.62 7518.48 7502.92 7486.07 7467.81 7453.98 7454.15 7471.49 7475.21 7478.03 7477.75 7477.11 7477.3 7477.99 7480.44 7480.99 7481.8 7483.67 7486.4 7490.13 7498.53 7518.71 7542.01 7559.78 7576.7 7591.55 7598.95 7604.03 7607.33 7615.76 7616.06 7620.9 7629.99 7639.83 7648.59 7657.14 7663.1 7668.96 7670.31 7671.15 7668.49 7655.55 7642.06 7622.86 7630.71 7634.63 7643.26 7647.17 7644.55 7642.83
7679.64 7675.53 7673.83 7671.26 7668.81 7666.98 7666.26 7667.08 7667.41 7655.89 7645.1 7637.28 7629.79 7621.04 7601.97 7589.75 7574.02 7557.57 7541.42 7525.93 7511.82 7500.43 7494.69 7480.63 7482.28 7486.21 7485.74 7480.57 7475.91 7474.2 7472.32 7469.42 7467.76 7464.79 7461.68 7459.19 7456.02 7461.86 7486.5 7517.52 7547.59 7571.14 7581.56 7590.12 7597.67 7607.85 7618.08 7605.27 7608.96 7619.61 7627.43 7634.33 7640.61 7643.2 7646.74 7648.63 7649.5 7644.42 7640.44 7632.23 7626.19 7624.54 7631.94 7632.05 7631.8 7635.35 7639.76
7678.43 7678.11 7676.29 7674.98 7673.25 7673.24 7674.28 7677.24 7679.65 7673.15 7669.27 7672.19 7669.46 7654.53 7640.88 7619.71 7599.56 7581.37 7564.9 7551.85 7538.14 7527.16 7517.83 7506.73 7497.83 7498.26 7492.46 7482.16 7473.79 7468.37 7464.35 7460.91 7457.36 7451.98 7447.46 7441.3 7433.74 7430.21 7463.84 7498.33 7530.79 7555.93 7569.87 7579.69 7587.74 7594.66 7599.96 7596.49 7602.37 7610.25 7617.46 7624 7627.7 7631.34 7634.24 7635.38 7636.79 7636.95 7636.19 7635.12 7632.93 7628.51 7631.6 7625.76 7624.8 7627.38 7630.9
7681.51 7680.3 7678.15 7675.43 7675.09 7673.86 7674.57 7679.07 7683.27 7677 7677.62 7680.98 7683.5 7677.84 7664.23 7642.45 7619.36 7599.75 7583.86 7570.84 7560.29 7549.5 7526.49 7510.81 7501.17 7492.29 7484.3 7479.9 7470.84 7465.06 7459.71 7454.54 7450.57 7445.53 7440.3 7432.39 7428.37 7438.58 7454.79 7485.05 7516.05 7538.44 7558.56 7568.27 7575.93 7584.56 7592.34 7597.46 7603.97 7606.87 7611.84 7617.01 7620.61 7623.66 7625.94 7628.46 7630.84 7631.63 7633.5 7634.76 7632.52 7625.73 7616.99 7614.71 7615 7616.56 7619.51
