real_craters/C093-300m.grd
DSAA
209 209
-31.2375 31.2375
-31.2375 31.2375
6575.7337673253 8069.0100109959
[rows 150 to 179 of 209, columns 67 to 133 of 209]
7520.28 7541.36 7548.9 7550.47 7553.05 7556.12 7560.11 7565.45 7573.44 7583.14 7592.16 7600.89 7606.85 7608.32 7608.53 7609.13 7610.45 7611.41 7612.59 7613.46 7614.83 7616.46 7617.56 7619 7620.46 7620.44 7621.5 7623.27 7625.54 7627.15 7628.82 7629.48 7628.24 7625.37 7620.83 7615.8 7606.82 7602.22 7601.8 7602.23 7602.97 7604.21 7605.71 7606.3 7606.33 7605.45 7603.37 7601.31 7600.35 7595.84 7590.52 7585.82 7581.53 7579.95 7577.52 7574.27 7570.66 7566.87 7562.23 7559.38 7557.8 7557.8 7559.9 7560.7 7559.36 7557.3 7554.07
7515.32 7532.11 7540.16 7542.15 7544.76 7547.75 7551.42 7556.74 7566.93 7578.42 7589.7 7602.25 7608.7 7606.9 7607.12 7609.7 7609.77 7608.85 7609.25 7610.24 7611.51 7613.03 7613.95 7614.56 7616.07 7617.49 7618.87 7620.5 7622.46 7624.15 7625.68 7626.88 7624.28 7619.32 7612.62 7606.52 7600.37 7596.42 7595.59 7595.86 7597.05 7598.05 7598.86 7599.69 7599.39 7598.31 7596.26 7594.38 7592.8 7587.55 7581.3 7575.52 7571.37 7571.17 7570.78 7568.45 7566.24 7563.59 7562.32 7559.41 7557.71 7558.75 7561.49 7563.15 7563.6 7563.71 7563.81
7508.66 7519.46 7526.35 7531.49 7535.8 7539.7 7542.9 7546.82 7559.9 7571.31 7583.39 7595.13 7600.53 7599.92 7601.27 7604.01 7604.71 7603.95 7604.67 7606.18 7607.65 7609.09 7610.83 7612.1 7613.85 7615.04 7616.32 7616.89 7618.12 7619.34 7620.61 7622.95 7621.25 7612.57 7604.82 7598.74 7593.87 7590.79 7589.9 7590.12 7591.11 7591.96 7592.64 7593.19 7592.72 7591.47 7589.47 7586.57 7582.28 7577.91 7573.55 7568.41 7564.98 7565.76 7566.09 7567.04 7565.88 7564.31 7562 7559.51 7557.45 7560.11 7563.69 7566.15 7567.79 7568.45 7568.89
7504.03 7508.67 7513.39 7521.54 7528.22 7533.83 7537.9 7541.07 7548.55 7562.19 7573.86 7583.64 7589.26 7590.73 7592.23 7593.39 7594.5 7596.89 7600.12 7602.65 7604.56 7606.19 7607.72 7609.19 7610.44 7611.43 7612.63 7613.14 7613.45 7613.87 7613.13 7611.77 7608.86 7603.4 7596.46 7591.44 7587.46 7584.76 7584.4 7584.88 7585.74 7586.59 7587.27 7587.42 7586.91 7585.71 7583.78 7580.59 7576.08 7572.34 7569.4 7565.79 7563.66 7564.87 7565.91 7566.18 7565.81 7564.63 7563.11 7561.57 7560.66 7563.81 7568.16 7571.77 7572.32 7571.81 7570.39
7503.46 7504.86 7507.59 7515.46 7523.84 7530.95 7537.25 7542.34 7546.44 7555.4 7564.22 7571.82 7574.81 7581.31 7583.96 7582.78 7581.17 7591.7 7596.69 7599.64 7601.84 7603.61 7605.26 7606.49 7607.51 7608.23 7609.06 7609.48 7608.9 7607.57 7605.41 7602.24 7599.06 7595.09 7589.61 7585.5 7582.01 7578.9 7579.57 7580.5 7581.68 7582.65 7583.18 7583.34 7582.89 7581.55 7579.53 7577.25 7574.09 7571.17 7568.78 7567.14 7566.22 7566.61 7567.16 7567.59 7567.53 7567.1 7566.42 7565.75 7565.66 7569.24 7573.37 7576.28 7577.1 7576.03 7574.27
7507.1 7505.69 7506 7513.59 7522.4 7530.58 7538.18 7545.2 7546.35 7550.63 7555.9 7560.54 7564.68 7573.98 7579.81 7584.49 7591.64 7592.71 7595.44 7597.96 7600.19 7601.88 7603.39 7604.49 7605.51 7606.31 7606.26 7605.69 7604.35 7602.42 7599.44 7596.36 7592.86 7589.14 7584.82 7581.49 7578.61 7576.7 7576.35 7577.31 7578.52 7579.66 7579.87 7580.15 7579.97 7579.22 7577.66 7575.41 7573.15 7570.99 7569.75 7570.01 7569.77 7569.66 7569.84 7570.26 7570.31 7570.5 7570.78 7571.52 7572.99 7575.69 7579.11 7581.97 7582.85 7582.47 7581.01
7513.43 7510.52 7509.1 7515.89 7523.84 7531.11 7538.01 7542.74 7543.68 7546.7 7549.79 7553.12 7559.68 7570.46 7577.96 7584.74 7592.01 7592.45 7594.22 7596.28 7598.29 7600.24 7601.6 7602.61 7603.79 7603.97 7603.65 7602.67 7601.16 7598.37 7594.77 7590.84 7588.02 7585.17 7582.11 7578.88 7576.19 7574.28 7573.75 7574.64 7575.54 7577.39 7578.41 7579.08 7579.16 7578.63 7577.43 7575.39 7572.79 7570.49 7570.55 7572.43 7573.02 7573.17 7573.47 7573.82 7574.29 7575.07 7575.82 7577.31 7579.25 7582.16 7585.18 7587.33 7588.55 7589.27 7588.71
7520.09 7518.28 7518.53 7522.27 7527.29 7532.51 7537.29 7540.11 7541.55 7544.34 7546.53 7549.02 7558.02 7570.22 7576.05 7581.46 7585.44 7589.21 7592.2 7594.56 7596.87 7598.56 7599.96 7600.89 7601.76 7601.84 7601.35 7600.17 7598.39 7595.73 7592.11 7587.75 7585.15 7582.18 7579.22 7576.82 7574.63 7572.12 7572.44 7573.75 7574.96 7576.14 7577.32 7578.34 7579.04 7579.23 7578.7 7577.17 7574.47 7571.05 7573.14 7574.56 7576.18 7576.91 7577.27 7577.77 7578.69 7579.73 7581.3 7582.98 7584.96 7588.35 7591.33 7593.43 7594.23 7593.34 7592.18
7525.64 7525.43 7526.89 7528.85 7531.57 7534.63 7537.29 7540.21 7542.24 7543.87 7545.94 7549.85 7558.73 7567.46 7573.01 7578.24 7581.76 7586.47 7590.13 7592.9 7595.01 7597.06 7598.45 7599.46 7600.24 7600.21 7600.08 7598.76 7596.59 7593.8 7590.85 7588.16 7583.94 7580.29 7577.45 7575.39 7574.14 7573.77 7573.77 7573.27 7573.99 7575 7576.48 7578.16 7579.69 7580.72 7581.27 7580.99 7580.17 7579.68 7580.57 7581.15 7581.35 7581.42 7581.53 7581.93 7582.86 7584.28 7586.23 7589.55 7591.58 7593.79 7596.97 7600.03 7600.57 7596.79 7594.05
7530 7530.71 7532.1 7533.68 7535.5 7537.7 7539.48 7542.4 7543.12 7544.4 7546.63 7549.08 7554.92 7562.35 7569.71 7576.4 7582.36 7586.17 7588.78 7591.24 7593.28 7595 7596.48 7597.6 7598.48 7598.73 7598.4 7597.35 7595.33 7592.25 7588.48 7585.19 7582.24 7579.43 7576.77 7574.06 7572.9 7573.69 7573.81 7571.87 7572.58 7574.05 7576.07 7578.15 7580.43 7582.52 7584.46 7586.1 7587.23 7588.08 7588.87 7589.33 7586.76 7585.43 7584.72 7584.83 7585.72 7587.32 7589.21 7591.68 7594.07 7596.92 7600.41 7604.29 7605.84 7601.73 7595.49
7533.51 7534.43 7534.74 7535.9 7538.93 7541.64 7543.02 7541.19 7543.57 7545.63 7548.49 7552.27 7555.48 7560.14 7567.82 7574.8 7580.65 7584.54 7586.93 7590.61 7593.15 7595.14 7596.73 7597.89 7596.85 7597.4 7597.46 7596.55 7594.93 7591.62 7586.42 7582.6 7580.59 7577.9 7574.99 7571.91 7569.82 7567.98 7566.67 7568.38 7570.81 7572.98 7575.55 7578.44 7581.31 7584.4 7587.7 7591.2 7593.95 7596.5 7595.8 7592.97 7589.81 7587.76 7586.65 7586.51 7587.45 7589.16 7591.12 7590.73 7594.4 7597.2 7600.11 7603.66 7606.13 7602.9 7592.57
7537.34 7539.05 7537.21 7536.73 7544.46 7546.82 7546.57 7545.25 7544.71 7546.51 7549.94 7556.1 7558.12 7561.93 7567.76 7573.54 7578.28 7581.88 7585.16 7587.57 7589.39 7591.08 7592.55 7593.87 7596.64 7597.37 7597.74 7596.61 7595.95 7593.81 7588.44 7583.72 7580.26 7576.77 7572.82 7569.58 7567.12 7564.28 7561.64 7566.32 7569.64 7572.26 7575.17 7578.24 7581.6 7585.43 7589.87 7594.98 7600.43 7605 7602.71 7594.94 7591 7588.19 7586.55 7586.41 7587.47 7589.48 7592.49 7598.47 7595.11 7594.97 7595.69 7596.6 7596 7589.72 7580.89
7541.54 7546.64 7551.18 7555.15 7557.85 7553.76 7548.15 7545.02 7545.5 7547.24 7549.37 7551.88 7557.97 7563.47 7568.2 7572.78 7577.37 7581.46 7583.38 7585.35 7586.86 7588.42 7589.93 7591.52 7592.85 7594.26 7595.56 7596.77 7598.37 7598.49 7597.41 7589.91 7580.63 7572.69 7569.31 7567.41 7566.07 7565.34 7566.37 7567.54 7569.85 7572 7574.67 7577.67 7581.15 7585.23 7590.11 7596.05 7603.1 7610.83 7610.19 7597.67 7589.99 7585.97 7584.05 7584.06 7585.36 7587.73 7589.97 7588.95 7590.97 7589.79 7587.99 7585.21 7579.47 7570.02 7565.64
7543.79 7552.17 7565.49 7581.86 7569.08 7560.27 7551.84 7545.5 7547.21 7549 7550.1 7551.19 7558.3 7564.58 7568.3 7570.99 7574.99 7579.37 7580.71 7582.57 7584.32 7586.02 7587.52 7588.91 7590.54 7592.27 7594.06 7596 7598.08 7600.94 7603.56 7593.26 7580.27 7570.25 7566.93 7566.01 7565.83 7566.65 7568.66 7569.03 7570.07 7571.46 7573.74 7576.41 7579.6 7583.52 7587.89 7593.04 7599.26 7606.68 7606.79 7591.69 7584.72 7580.93 7579.34 7579.33 7580.83 7583.78 7587.63 7589.23 7585.92 7582.29 7578.62 7574 7566.89 7558.94 7553.52
7541.73 7549.52 7558.3 7563.46 7564.15 7562.49 7557.97 7550.92 7550.81 7552.78 7554.45 7555.9 7559.61 7566.03 7566.35 7566.61 7570.36 7574.02 7577.05 7579.35 7581.29 7583.16 7584.91 7586.4 7588.11 7589.84 7591.81 7593.81 7596 7597.91 7597.54 7589.65 7578.38 7568.97 7566.45 7565.66 7565.95 7567.15 7568.38 7569.22 7569.27 7570.4 7572.19 7574.64 7577.17 7580.17 7583.24 7586.5 7589.12 7589.79 7584.1 7579.07 7575.36 7573.01 7571.85 7572.01 7573.3 7576.09 7581.15 7583.67 7577.54 7573.11 7568.81 7563.89 7558.16 7551.14 7543.72
7534.34 7541.07 7547.2 7549.69 7556.77 7560.96 7558.05 7553.05 7554.46 7557.68 7560.5 7560.67 7557.44 7554.23 7552.17 7559.39 7565.9 7570.13 7573.79 7576.33 7578.25 7580.07 7581.8 7583.29 7585.01 7586.86 7588.72 7590.65 7592.06 7592.52 7590.54 7584.94 7576.71 7569.5 7567.31 7566.1 7566.05 7566.68 7568.27 7568.09 7567.85 7568.88 7570.4 7572 7573.64 7575.36 7577.02 7577.92 7577.65 7574.71 7568.83 7565.62 7564.11 7563.34 7562.99 7563.09 7563.68 7564.48 7565.22 7566.2 7564.92 7562.29 7558.76 7554.45 7549.92 7543.65 7534.66
7521.57 7530.04 7538.44 7546.77 7553.75 7557.43 7553.73 7553.22 7557 7561.99 7567.08 7565.85 7557.64 7542.49 7544.09 7557.85 7564.46 7568.67 7571.65 7573.73 7575.34 7576.95 7578.7 7580.44 7581.6 7583.23 7584.86 7586.47 7587.68 7587.93 7585.44 7581.63 7576.33 7571.59 7568.99 7567.38 7566.6 7565.54 7564.09 7564.07 7565.78 7567.14 7568.31 7569.19 7569.85 7570.13 7570.03 7569.25 7567.13 7563.19 7556.7 7553.41 7553.13 7553.38 7553.81 7553.92 7553.77 7552.67 7549.35 7550.28 7552.32 7551.67 7549.22 7545.51 7539.98 7533.95 7527.24
7503.86 7516.84 7529.37 7541.29 7551.26 7556.78 7552.32 7555.11 7559.04 7564.08 7570.64 7569.56 7564.5 7565.24 7568.33 7564.31 7565.97 7567.79 7570.62 7571.84 7572.84 7574.32 7576.04 7577.59 7578.48 7579.74 7580.94 7582.08 7583.24 7584.08 7582.95 7579.49 7575.57 7572.46 7570.44 7568.98 7567.6 7566.15 7563.63 7563.1 7564.92 7566.07 7566.45 7566.43 7565.99 7565.04 7563.62 7561.46 7558.18 7554.01 7548.31 7542.96 7542.99 7543.88 7544.74 7545.17 7545.04 7543.94 7542.13 7542.16 7543.16 7543.12 7541.32 7538.15 7533.37 7526.99 7523.37
7484.77 7502.9 7519.64 7534.81 7547.94 7559.73 7562.33 7558.23 7558.74 7561.54 7564.7 7566.58 7566.47 7567.61 7567.88 7566.59 7566.62 7571.5 7572.3 7568.25 7569.34 7571.36 7573.34 7574.76 7575.93 7576.66 7577.18 7577.68 7578.03 7579.03 7578.95 7576.97 7574.24 7572.54 7571.62 7570.46 7569.31 7567.91 7566.06 7565.95 7565.61 7565.88 7565.4 7564.3 7562.55 7560.38 7557.72 7554.46 7550.34 7545.35 7538.07 7533.97 7534.51 7535.71 7536.72 7537.34 7537.6 7537.52 7537.25 7536.64 7536.56 7536.11 7534.69 7532.33 7528.94 7524.11 7522.39
7467.82 7489.8 7509.81 7527.92 7542.42 7551.4 7557.22 7555.5 7555.16 7556.14 7559.16 7561.51 7564.15 7566 7566.39 7565.7 7563.26 7558.04 7554.21 7561.5 7566.3 7569.33 7571.37 7572.5 7573.28 7573.39 7573.18 7572.7 7572.22 7571.76 7572.98 7574.32 7574.45 7573.74 7572.9 7571.99 7571.04 7570.09 7568.34 7565.37 7567.17 7566.47 7564.65 7562.22 7559.22 7555.89 7551.99 7547.89 7543.46 7538.96 7532.86 7528.34 7528.41 7529.5 7530.37 7530.89 7531.17 7531.68 7533 7531.54 7531 7530.4 7529.3 7527.57 7525.72 7524.21 7523.26
7454.12 7477.61 7499.88 7520.49 7536.21 7542.29 7545.41 7548.15 7549.41 7549.62 7548.77 7556.17 7561.37 7564.97 7566.64 7566.22 7562.62 7555.21 7550.12 7560.73 7566.3 7569.06 7570.3 7570.78 7571.18 7570.48 7569.46 7568.3 7566.98 7566.5 7568.91 7572.63 7575.12 7574.93 7573.82 7573 7572.73 7572.63 7572.71 7573.86 7570.76 7567.82 7564.22 7560.38 7556.11 7551.73 7546.99 7542.23 7537.34 7533.12 7528.07 7524.2 7524.45 7524.99 7525.3 7525.46 7525.44 7525.32 7525.25 7525.85 7525.92 7525.84 7525.22 7524.17 7523.42 7524.71 7524.97
7443.38 7466.87 7489.83 7510.94 7526.34 7530.68 7535.44 7540.59 7543.78 7546.17 7549.94 7554.01 7559.62 7564.83 7569.25 7568.97 7567.38 7566.79 7571.48 7568.89 7569.72 7570.45 7570.68 7570.22 7569.45 7568.78 7566.82 7564.73 7562.72 7561.78 7565.28 7570.76 7575.21 7574.58 7573.42 7572.99 7573.31 7574.24 7575.55 7576.74 7573.24 7568.65 7563.51 7558.4 7553.08 7547.95 7542.6 7537.35 7531.87 7526.47 7523.96 7523.25 7522.65 7522.43 7522.14 7521.6 7520.79 7519.84 7519.53 7520.74 7521.69 7522.21 7522.4 7522.29 7522.6 7524.05 7527.02
7433.86 7456.27 7479.47 7501.4 7517.63 7525.43 7529.63 7534.66 7538.52 7542.2 7547.25 7552.6 7558.72 7564.37 7569.06 7571.13 7572.32 7574.76 7577.67 7575.66 7573.97 7572.84 7572.37 7570.93 7569.21 7566.9 7564.26 7561.52 7559.09 7558.51 7561.62 7566.53 7570.79 7571.25 7570.99 7571.28 7572.26 7573.92 7575.73 7576.37 7573.52 7568.06 7561.96 7555.98 7550.12 7544.64 7539.07 7533.6 7528.27 7523.77 7522.45 7522.46 7521.85 7520.71 7519.62 7518.52 7517.24 7515.84 7515.59 7517.19 7518.69 7519.79 7520.63 7521.18 7521.58 7522.34 7524.49
7425.82 7446.82 7468.75 7491.65 7513.03 7520.92 7525.75 7528.75 7532.66 7536.84 7542.96 7551.14 7558.3 7563.91 7567.94 7571.06 7575.51 7578.43 7579.15 7578.62 7577.57 7575.88 7573.11 7570.43 7567.87 7565.03 7561.83 7558.67 7556.14 7555.55 7557.18 7560.67 7563.98 7565.56 7566.71 7567.95 7569.52 7571.46 7573.77 7575.6 7572.8 7565.97 7558.87 7552.59 7546.97 7541.36 7536.14 7530.97 7526.21 7522.59 7522.08 7523.2 7521.37 7519.45 7517.91 7516.53 7515.18 7513.88 7513.84 7515.3 7516.83 7518.29 7519.62 7520.82 7520.97 7520.35 7521.05
7417.38 7436.79 7456.34 7476.43 7498.55 7515.14 7517.19 7520.58 7527.01 7532.86 7541.02 7551.16 7559.3 7565.55 7568.12 7573.26 7580.45 7582.81 7582.51 7581.35 7580.35 7578.03 7575.2 7571.61 7568.34 7565 7561.32 7557.55 7553.5 7550.88 7552.62 7554.19 7556.55 7559.41 7561.73 7563.51 7565.18 7566.82 7568.81 7572.01 7569.27 7560.74 7554.2 7548.42 7543.23 7538.38 7533.64 7528.99 7524.93 7521.68 7521.09 7521.17 7519.77 7518.16 7516.78 7515.6 7514.35 7513.84 7513.87 7514.76 7516.1 7517.53 7518.94 7520.31 7520.67 7519.97 7519.63
7408.95 7427.09 7443.11 7456.42 7466.51 7487.03 7497.09 7507.96 7521.02 7535.95 7544.34 7552.3 7561.03 7569.84 7579.08 7586.59 7588.86 7589.3 7586.45 7585.19 7584.2 7580.96 7577.07 7573.08 7569.38 7565.8 7562.06 7558.53 7554.65 7551.44 7551.08 7549.69 7550.76 7554.48 7557.1 7558.84 7559.91 7560.46 7560.36 7558.82 7555.12 7551.54 7547.76 7543.73 7539.61 7535.39 7531.35 7527.54 7524.19 7521.72 7519.98 7518.9 7517.79 7517 7516.21 7515.38 7514.4 7512.7 7513.67 7514.9 7516.07 7517.27 7518.65 7519.71 7521 7522.13 7523.66
7403.71 7420.6 7433.93 7441.61 7441.62 7451.21 7473.7 7492.96 7511.49 7530.35 7541.44 7550.51 7561.43 7573.33 7585.21 7593.65 7597.14 7597.21 7596.69 7594.45 7588.95 7583.59 7578.68 7574.07 7570.23 7566.75 7563.58 7560.57 7558.95 7556.11 7552.75 7551.77 7551.07 7552.11 7553.6 7554.62 7554.88 7554.15 7551.8 7546.86 7541.53 7542.6 7541.56 7539.35 7536.32 7533.05 7529.66 7526.46 7523.31 7520.86 7519.13 7517.51 7516.49 7516.48 7516.37 7516.09 7515.91 7516.52 7515.66 7515.9 7516.63 7517.54 7518.85 7520.62 7521.88 7523.62 7524.5
7401.64 7418.69 7432.61 7440.93 7438.81 7441.11 7460.36 7480.33 7499.13 7517.82 7531.62 7544.8 7559.08 7574.12 7589.21 7600.87 7603.08 7602.17 7601.28 7597.92 7591.33 7584.4 7579.07 7574.72 7571.11 7567.92 7565 7562.21 7559.26 7556.57 7553.52 7552.09 7551.06 7550.56 7550.97 7551.14 7550.6 7549.12 7546.37 7541.76 7537.1 7538.13 7537.51 7536.01 7533.75 7531.04 7528.27 7525.6 7523.17 7521.02 7519.32 7517.6 7516.61 7517.2 7517.52 7517.45 7517.35 7517.44 7517.23 7517.2 7517.52 7517.98 7518.72 7520.03 7521.79 7523.85 7524.56
7401.38 7420 7437.37 7452.61 7464.39 7453.36 7460.91 7473.41 7486.65 7501.86 7518.97 7536.68 7553.5 7571.05 7588.55 7603.05 7603.65 7600.74 7599.41 7598.28 7588.56 7581.92 7577.55 7574.28 7571.32 7568.6 7566.22 7563.84 7560.93 7557.74 7553.31 7548.62 7548.68 7549.15 7549.12 7548.62 7547.66 7545.83 7543.53 7541.04 7540.38 7537.48 7535.45 7533.6 7531.75 7529.61 7527.37 7525.27 7523.88 7522.36 7520.84 7519.61 7518.87 7519.73 7519.93 7519.53 7518.84 7518.18 7518.54 7518.7 7518.81 7518.85 7518.85 7519.44 7521.43 7522.78 7523.36
7401.65 7422.35 7443.17 7463.34 7481.95 7474.71 7468.48 7471.51 7476.91 7486.59 7507.93 7527.95 7546.2 7564.06 7581.26 7596.16 7595.99 7591.42 7586.96 7582.05 7578.69 7576.73 7575.33 7573.52 7571.47 7569.14 7566.99 7565.28 7564.38 7559.85 7555.28 7550.92 7549.61 7549.04 7548.13 7547.18 7545.8 7543.84 7541.72 7539.92 7539.04 7536.21 7533.97 7532.36 7530.67 7528.79 7526.82 7524.76 7523.75 7523.18 7523.19 7523.53 7523.94 7524.08 7523.65 7522.62 7521.3 7520.48 7520.67 7520.84 7520.78 7520.49 7520.16 7520.59 7522.17 7523.75 7524.61
