real_craters/C094-750m.grd
DSAA
85 85
-31.325 31.325
-31.325 31.325
4546.5496276123 6201.010020584
[rows 0 to 37 of 85, columns 0 to 83 of 85]
5654 5640 5625 5618 5601 5591 5582 5578 5563 5550 5542 5548 5537 5541 5546 5552 5554 5559 5563 5568 5571 5570 5565 5566 5571 5572 5574 5568 5561 5560 5561 5570 5575 5571 5561 5552 5540 5541 5536 5525 5499 5481 5457 5439 5425 5409 5395 5388 5385 5375 5374 5395 5423 5453 5480 5480 5470 5472 5480 5496 5513 5528 5535 5557 5579 5587 5589 5591 5584 5587 5574 5557 5550 5547 5548 5554 5561 5568 5575 5582 5589 5595 5599 5623
5655 5637 5617 5612 5604 5593 5582 5564 5566 5558 5551 5545 5537 5540 5545 5551 5556 5562 5564 5568 5570 5572 5571 5562 5560 5568 5570 5573 5564 5568 5574 5588 5590 5577 5565 5554 5549 5550 5542 5526 5508 5496 5476 5463 5444 5424 5407 5398 5390 5381 5378 5399 5424 5446 5460 5465 5469 5477 5488 5500 5513 5529 5540 5552 5565 5571 5575 5571 5572 5577 5575 5565 5555 5554 5554 5560 5565 5570 5575 5579 5582 5586 5598 5615
5655 5639 5625 5617 5610 5598 5587 5570 5561 5561 5552 5543 5538 5540 5545 5550 5555 5561 5565 5571 5572 5574 5573 5560 5554 5563 5571 5573 5570 5568 5578 5590 5590 5575 5566 5566 5570 5562 5551 5540 5535 5522 5527 5493 5466 5442 5421 5414 5407 5399 5394 5410 5430 5446 5456 5456 5465 5480 5493 5505 5515 5529 5541 5550 5560 5568 5570 5568 5566 5565 5576 5566 5564 5566 5570 5568 5570 5573 5576 5578 5580 5585 5597 5618
5654 5641 5633 5614 5608 5602 5589 5575 5572 5563 5551 5546 5541 5544 5548 5552 5557 5560 5564 5568 5571 5574 5569 5560 5558 5566 5570 5581 5583 5576 5578 5578 5574 5564 5555 5549 5559 5561 5557 5548 5530 5521 5518 5501 5482 5465 5450 5437 5432 5428 5422 5430 5442 5453 5462 5465 5474 5486 5500 5511 5522 5534 5544 5555 5562 5568 5571 5573 5570 5574 5568 5566 5567 5569 5568 5572 5573 5575 5576 5578 5581 5588 5596 5627
5645 5636 5623 5614 5611 5607 5599 5583 5573 5569 5564 5554 5550 5549 5551 5553 5557 5562 5566 5568 5571 5573 5573 5573 5579 5593 5600 5602 5598 5582 5572 5568 5556 5549 5548 5557 5564 5570 5563 5553 5528 5516 5505 5503 5492 5479 5468 5457 5447 5438 5448 5452 5456 5462 5469 5473 5480 5495 5508 5518 5529 5542 5553 5561 5566 5567 5571 5575 5577 5575 5569 5563 5563 5566 5577 5577 5578 5580 5582 5584 5587 5598 5608 5624
5638 5633 5625 5618 5616 5615 5614 5594 5580 5572 5564 5559 5555 5554 5554 5555 5559 5562 5565 5568 5571 5574 5578 5578 5592 5620 5632 5625 5621 5608 5595 5569 5543 5541 5539 5541 5557 5565 5566 5565 5560 5528 5525 5517 5502 5486 5476 5472 5471 5476 5470 5466 5469 5477 5483 5490 5498 5510 5521 5530 5537 5549 5561 5570 5572 5573 5574 5578 5577 5574 5568 5572 5569 5572 5576 5581 5583 5586 5589 5591 5595 5612 5626 5624
5639 5633 5629 5620 5619 5616 5608 5601 5592 5582 5570 5565 5560 5558 5558 5558 5560 5561 5563 5566 5568 5570 5572 5572 5592 5624 5634 5631 5635 5638 5605 5575 5553 5543 5536 5538 5550 5559 5563 5566 5558 5547 5537 5521 5511 5500 5492 5484 5479 5472 5464 5466 5480 5488 5499 5509 5523 5526 5536 5546 5555 5563 5570 5581 5583 5585 5587 5588 5588 5583 5577 5574 5574 5575 5580 5583 5587 5591 5595 5599 5605 5612 5626 5633
5640 5635 5632 5626 5621 5615 5604 5601 5596 5586 5576 5565 5565 5565 5565 5565 5565 5566 5565 5566 5566 5568 5567 5572 5585 5599 5612 5616 5616 5604 5581 5562 5558 5548 5540 5541 5547 5554 5559 5562 5558 5549 5539 5530 5523 5514 5505 5497 5488 5477 5473 5479 5494 5514 5518 5522 5526 5539 5553 5567 5579 5591 5600 5594 5597 5600 5598 5602 5604 5604 5606 5596 5582 5567 5577 5585 5592 5596 5600 5606 5612 5613 5624 5636
5640 5632 5627 5626 5621 5615 5601 5599 5592 5584 5578 5571 5571 5570 5570 5570 5569 5569 5568 5568 5570 5569 5566 5571 5578 5586 5591 5594 5589 5571 5547 5540 5544 5544 5540 5542 5547 5549 5557 5561 5561 5546 5543 5544 5539 5533 5522 5512 5502 5493 5485 5486 5505 5526 5535 5539 5540 5559 5575 5589 5599 5615 5626 5622 5619 5620 5626 5619 5618 5620 5614 5605 5598 5592 5592 5595 5601 5605 5608 5610 5610 5618 5627 5635
5642 5636 5635 5631 5624 5619 5613 5608 5598 5588 5589 5586 5580 5577 5575 5574 5575 5573 5571 5570 5570 5569 5567 5568 5572 5573 5574 5573 5570 5555 5533 5527 5532 5537 5544 5553 5559 5560 5562 5566 5566 5557 5557 5563 5554 5548 5538 5529 5518 5506 5497 5495 5514 5535 5551 5561 5573 5585 5599 5613 5623 5633 5638 5636 5633 5632 5630 5629 5626 5623 5624 5624 5618 5618 5614 5614 5611 5612 5614 5616 5621 5630 5629 5631
5645 5642 5640 5637 5631 5623 5618 5610 5606 5610 5599 5592 5587 5584 5581 5579 5576 5574 5571 5568 5569 5569 5573 5571 5564 5560 5560 5557 5546 5535 5528 5528 5529 5538 5553 5584 5602 5578 5572 5577 5577 5567 5570 5566 5571 5566 5557 5547 5536 5528 5518 5509 5529 5555 5571 5584 5594 5607 5621 5638 5655 5649 5646 5643 5639 5641 5640 5638 5631 5626 5629 5638 5633 5625 5622 5617 5618 5618 5620 5623 5621 5620 5632 5638
5650 5648 5643 5632 5624 5628 5619 5612 5612 5615 5606 5599 5592 5587 5583 5580 5577 5575 5572 5571 5570 5568 5569 5565 5560 5557 5557 5553 5542 5539 5538 5534 5534 5541 5577 5608 5622 5602 5595 5595 5589 5584 5589 5601 5597 5590 5578 5565 5553 5545 5536 5527 5546 5576 5594 5607 5619 5629 5635 5641 5648 5654 5658 5654 5650 5653 5654 5646 5639 5632 5646 5651 5646 5640 5635 5645 5621 5622 5626 5632 5635 5638 5640 5648
5657 5658 5653 5640 5633 5632 5622 5623 5618 5608 5601 5598 5595 5592 5587 5582 5580 5578 5573 5571 5571 5568 5566 5573 5569 5559 5563 5566 5562 5578 5584 5572 5556 5550 5606 5613 5611 5623 5629 5621 5610 5598 5607 5618 5622 5615 5598 5582 5569 5558 5552 5558 5584 5608 5621 5630 5641 5650 5644 5639 5642 5652 5657 5660 5662 5662 5661 5656 5648 5647 5655 5659 5654 5650 5636 5593 5618 5624 5629 5637 5649 5646 5647 5649
5662 5661 5657 5647 5638 5633 5623 5622 5616 5602 5603 5600 5598 5595 5592 5589 5586 5583 5581 5577 5573 5570 5566 5585 5584 5570 5574 5585 5599 5596 5594 5592 5585 5604 5616 5614 5612 5637 5653 5647 5643 5655 5638 5634 5637 5629 5612 5595 5582 5573 5576 5606 5649 5648 5645 5647 5649 5649 5647 5643 5646 5653 5660 5665 5668 5668 5666 5662 5657 5651 5656 5661 5657 5649 5639 5637 5630 5627 5629 5633 5648 5656 5654 5653
5660 5666 5659 5652 5648 5642 5627 5621 5612 5599 5602 5602 5602 5599 5597 5595 5592 5589 5585 5580 5577 5576 5574 5591 5590 5579 5582 5588 5592 5586 5579 5580 5588 5603 5609 5612 5617 5640 5661 5661 5662 5658 5648 5635 5633 5631 5617 5604 5593 5586 5584 5608 5626 5650 5655 5656 5658 5657 5654 5647 5651 5658 5666 5671 5671 5669 5669 5667 5661 5657 5657 5660 5662 5657 5649 5644 5636 5633 5631 5630 5644 5656 5660 5664
5658 5664 5656 5654 5652 5645 5633 5622 5608 5606 5603 5606 5607 5607 5604 5601 5597 5594 5591 5588 5583 5587 5601 5598 5592 5586 5587 5589 5587 5576 5561 5564 5572 5582 5594 5606 5616 5634 5654 5654 5658 5647 5631 5622 5624 5626 5620 5612 5604 5599 5600 5608 5644 5652 5656 5658 5662 5667 5662 5657 5660 5664 5669 5671 5673 5670 5669 5666 5665 5661 5662 5667 5668 5669 5673 5648 5638 5640 5642 5644 5653 5659 5668 5673
5666 5663 5657 5653 5648 5635 5637 5627 5614 5614 5616 5614 5614 5613 5611 5608 5607 5604 5601 5597 5593 5586 5581 5593 5602 5594 5593 5594 5589 5582 5563 5560 5564 5573 5593 5606 5619 5629 5629 5637 5642 5640 5623 5625 5625 5627 5625 5621 5619 5616 5615 5617 5632 5645 5652 5656 5660 5659 5667 5669 5670 5672 5674 5677 5674 5671 5671 5669 5668 5669 5675 5676 5675 5669 5653 5646 5643 5648 5659 5671 5680 5677 5679 5682
5681 5670 5662 5656 5648 5642 5643 5631 5620 5621 5624 5622 5621 5619 5616 5616 5615 5614 5610 5607 5601 5593 5585 5585 5577 5586 5599 5608 5608 5602 5602 5587 5580 5589 5599 5610 5624 5629 5625 5626 5626 5632 5632 5632 5632 5630 5632 5632 5634 5635 5638 5632 5625 5639 5646 5652 5659 5668 5677 5684 5678 5677 5678 5679 5675 5675 5673 5672 5671 5676 5684 5688 5681 5672 5661 5652 5648 5656 5667 5679 5674 5685 5689 5693
5694 5674 5668 5663 5655 5646 5643 5637 5637 5631 5632 5631 5629 5628 5628 5627 5627 5625 5623 5619 5616 5612 5602 5591 5582 5590 5607 5625 5623 5615 5608 5594 5586 5598 5603 5614 5619 5621 5625 5623 5621 5635 5642 5633 5621 5628 5635 5640 5643 5648 5653 5650 5636 5637 5644 5649 5656 5664 5669 5672 5678 5679 5678 5676 5674 5672 5673 5674 5678 5680 5684 5686 5686 5680 5673 5665 5665 5667 5671 5681 5693 5692 5699 5703
5701 5685 5679 5674 5666 5655 5650 5644 5640 5641 5641 5639 5637 5635 5637 5636 5634 5631 5630 5629 5628 5630 5619 5601 5591 5602 5614 5623 5624 5621 5613 5603 5596 5598 5615 5616 5620 5626 5625 5623 5625 5634 5639 5628 5621 5632 5640 5644 5649 5654 5658 5658 5648 5645 5647 5649 5648 5644 5655 5672 5677 5678 5678 5676 5675 5672 5676 5681 5683 5684 5687 5694 5694 5691 5685 5682 5681 5679 5680 5686 5692 5695 5697 5703
5708 5701 5694 5687 5680 5667 5658 5653 5652 5647 5646 5646 5644 5644 5643 5642 5640 5638 5636 5636 5635 5634 5629 5619 5619 5624 5622 5623 5626 5627 5625 5621 5612 5603 5605 5612 5618 5624 5631 5630 5619 5631 5635 5628 5648 5651 5646 5649 5654 5659 5662 5665 5664 5660 5656 5653 5650 5648 5659 5671 5675 5678 5679 5679 5676 5676 5679 5685 5691 5687 5689 5698 5707 5702 5696 5692 5689 5688 5689 5692 5696 5697 5700 5702
5710 5701 5699 5695 5690 5675 5671 5669 5665 5659 5655 5654 5652 5650 5648 5646 5645 5644 5643 5643 5641 5638 5636 5635 5636 5636 5631 5625 5631 5635 5637 5632 5625 5610 5606 5608 5615 5624 5629 5632 5622 5631 5635 5635 5648 5644 5645 5650 5658 5664 5669 5671 5673 5671 5665 5661 5658 5656 5659 5667 5674 5677 5680 5681 5680 5679 5681 5686 5693 5695 5694 5709 5716 5710 5703 5697 5693 5691 5693 5697 5698 5698 5693 5701
5708 5706 5703 5701 5692 5685 5684 5681 5676 5669 5664 5661 5659 5656 5654 5652 5650 5649 5648 5648 5647 5648 5643 5640 5642 5640 5635 5634 5638 5644 5650 5653 5626 5617 5606 5605 5610 5613 5618 5620 5641 5635 5637 5636 5630 5626 5640 5652 5663 5672 5678 5681 5669 5674 5675 5672 5669 5666 5665 5669 5672 5675 5678 5683 5686 5680 5681 5687 5698 5707 5701 5705 5715 5713 5705 5698 5694 5693 5694 5700 5706 5704 5708 5705
5710 5712 5708 5709 5704 5694 5696 5695 5691 5683 5675 5671 5669 5667 5665 5662 5658 5655 5653 5652 5650 5649 5648 5645 5648 5650 5643 5638 5645 5652 5656 5652 5625 5613 5606 5605 5610 5614 5621 5632 5637 5637 5632 5623 5619 5621 5641 5659 5671 5680 5683 5680 5670 5686 5686 5685 5684 5678 5662 5669 5671 5674 5677 5679 5678 5679 5682 5685 5697 5708 5705 5710 5726 5716 5706 5699 5696 5694 5696 5703 5708 5708 5709 5710
5707 5711 5712 5714 5716 5703 5710 5695 5693 5688 5685 5682 5678 5675 5672 5669 5665 5662 5658 5657 5653 5654 5657 5657 5661 5666 5660 5656 5656 5658 5659 5653 5637 5620 5614 5613 5618 5621 5625 5635 5645 5647 5635 5627 5626 5634 5654 5673 5682 5686 5681 5664 5663 5683 5690 5696 5698 5695 5683 5670 5674 5675 5676 5675 5676 5680 5684 5688 5696 5706 5708 5711 5713 5713 5706 5699 5696 5696 5698 5703 5708 5709 5711 5712
5711 5709 5712 5718 5718 5705 5702 5696 5694 5691 5692 5690 5686 5680 5676 5674 5671 5667 5664 5661 5658 5660 5667 5673 5669 5655 5665 5666 5665 5664 5664 5662 5646 5640 5634 5631 5630 5631 5638 5661 5679 5677 5655 5630 5642 5658 5680 5691 5700 5702 5699 5680 5671 5676 5700 5714 5713 5709 5691 5681 5681 5682 5680 5677 5674 5680 5684 5682 5692 5705 5709 5717 5715 5712 5705 5698 5696 5698 5700 5703 5708 5709 5709 5710
5711 5711 5716 5723 5726 5725 5703 5708 5711 5708 5704 5699 5694 5688 5684 5681 5675 5672 5669 5669 5671 5674 5676 5676 5677 5679 5679 5676 5673 5672 5668 5656 5659 5667 5656 5649 5651 5650 5653 5677 5738 5733 5708 5653 5667 5719 5710 5707 5717 5728 5734 5725 5716 5749 5754 5736 5726 5720 5715 5702 5697 5693 5690 5684 5681 5680 5682 5685 5696 5703 5702 5702 5713 5714 5705 5693 5695 5702 5710 5715 5716 5712 5709 5708
5717 5715 5718 5723 5728 5725 5711 5712 5727 5724 5712 5704 5697 5693 5688 5684 5680 5676 5673 5672 5671 5681 5690 5692 5684 5675 5671 5679 5682 5683 5683 5687 5696 5684 5683 5687 5678 5672 5668 5701 5744 5796 5827 5747 5702 5716 5720 5736 5743 5750 5755 5754 5747 5761 5754 5745 5736 5725 5716 5714 5709 5706 5703 5694 5681 5680 5686 5681 5680 5692 5693 5692 5714 5713 5704 5699 5698 5701 5720 5742 5726 5709 5705 5706
5715 5716 5718 5724 5730 5729 5715 5713 5717 5715 5709 5703 5696 5692 5688 5684 5681 5681 5680 5677 5676 5687 5702 5704 5692 5680 5679 5679 5680 5684 5690 5704 5701 5704 5706 5712 5716 5719 5707 5704 5759 5866 5966 5896 5793 5735 5758 5774 5771 5755 5752 5760 5784 5755 5752 5750 5742 5737 5729 5721 5719 5717 5716 5716 5691 5677 5698 5703 5695 5696 5689 5685 5695 5700 5696 5693 5692 5691 5714 5740 5732 5716 5711 5707
5714 5715 5718 5721 5728 5727 5716 5713 5702 5701 5703 5701 5694 5692 5689 5688 5687 5686 5687 5686 5685 5699 5714 5713 5699 5685 5675 5678 5681 5685 5694 5708 5722 5734 5735 5734 5769 5795 5807 5803 5861 5902 5956 6034 5959 5916 5917 5865 5815 5770 5713 5734 5737 5769 5764 5770 5754 5734 5729 5730 5727 5724 5721 5712 5689 5674 5683 5688 5687 5688 5684 5684 5686 5688 5686 5681 5678 5681 5691 5713 5730 5748 5725 5707
5718 5716 5718 5719 5724 5728 5724 5708 5695 5694 5696 5696 5692 5690 5689 5689 5690 5691 5695 5699 5708 5709 5711 5711 5703 5694 5687 5685 5686 5688 5694 5713 5762 5752 5761 5791 5831 5882 5920 5944 6035 5820 5750 5800 5877 5987 6038 5918 5844 5796 5777 5776 5830 5826 5825 5804 5775 5745 5739 5736 5733 5733 5727 5716 5694 5679 5681 5683 5682 5674 5677 5684 5687 5681 5677 5674 5677 5692 5685 5700 5712 5714 5715 5705
5715 5717 5722 5718 5723 5728 5727 5702 5694 5690 5690 5692 5692 5692 5692 5692 5694 5697 5701 5704 5709 5712 5712 5711 5706 5700 5688 5691 5692 5688 5689 5689 5766 5752 5798 5853 5891 5927 6027 5945 5737 5523 5345 5379 5536 5755 5875 5861 5829 5798 5774 5797 5810 5825 5835 5816 5796 5791 5756 5739 5743 5744 5739 5719 5705 5694 5675 5686 5686 5666 5670 5675 5673 5667 5672 5676 5687 5704 5701 5699 5703 5704 5707 5703
5712 5716 5720 5716 5720 5720 5709 5696 5691 5688 5686 5687 5688 5689 5692 5693 5695 5698 5703 5708 5713 5714 5722 5712 5708 5704 5709 5703 5700 5699 5702 5718 5727 5814 5895 5936 5900 5792 5761 5594 5393 5184 5014 5053 5214 5463 5680 5720 5769 5802 5804 5814 5803 5791 5800 5792 5793 5794 5771 5756 5756 5761 5764 5753 5714 5677 5674 5684 5687 5672 5669 5668 5665 5666 5673 5676 5679 5709 5709 5701 5705 5708 5707 5703
5709 5712 5717 5714 5704 5708 5701 5689 5684 5682 5682 5684 5687 5689 5692 5694 5697 5699 5700 5703 5709 5715 5722 5714 5709 5705 5700 5710 5713 5711 5718 5738 5758 5903 5944 5766 5561 5454 5342 5199 5042 4917 4837 4868 4946 5136 5309 5481 5670 5843 5905 5873 5795 5747 5744 5746 5762 5772 5768 5763 5767 5773 5779 5770 5724 5683 5674 5678 5681 5675 5674 5669 5670 5675 5677 5679 5683 5682 5690 5707 5717 5716 5710 5704
5710 5707 5703 5700 5707 5701 5691 5677 5673 5677 5680 5684 5686 5688 5691 5693 5698 5701 5701 5700 5705 5716 5720 5717 5711 5712 5727 5735 5733 5733 5744 5774 5864 5955 5894 5529 5208 5085 4980 4851 4757 4761 4818 4795 4795 4866 4946 5198 5518 5853 5990 5919 5850 5798 5757 5731 5732 5742 5760 5766 5776 5778 5775 5761 5730 5702 5687 5675 5681 5693 5683 5670 5663 5675 5683 5683 5679 5685 5705 5716 5725 5722 5709 5701
5706 5702 5699 5696 5693 5687 5674 5663 5665 5670 5676 5679 5683 5687 5691 5695 5697 5700 5705 5715 5716 5722 5726 5721 5716 5714 5745 5763 5774 5783 5781 5810 5959 5963 5677 5309 4962 4819 4691 4628 4645 4690 4748 4769 4779 4716 4689 4950 5325 5652 5852 5915 5914 5878 5812 5745 5729 5737 5764 5797 5786 5772 5762 5747 5728 5707 5690 5684 5678 5681 5675 5666 5668 5680 5686 5690 5695 5702 5724 5716 5706 5702 5699 5695
5701 5701 5699 5706 5687 5671 5666 5662 5663 5669 5672 5674 5679 5683 5688 5692 5697 5701 5705 5707 5716 5722 5726 5727 5726 5735 5760 5783 5812 5840 5840 5853 5985 5920 5497 5126 4836 4691 4626 4591 4632 4701 4712 4728 4720 4655 4618 4812 5156 5503 5725 5874 5973 5985 5894 5773 5742 5742 5759 5769 5771 5759 5740 5731 5724 5714 5697 5679 5664 5658 5656 5658 5658 5666 5681 5694 5707 5707 5708 5697 5685 5685 5686 5684
5701 5707 5710 5702 5684 5670 5665 5673 5666 5667 5670 5673 5677 5682 5688 5692 5698 5702 5709 5709 5716 5725 5731 5735 5741 5751 5767 5791 5850 5911 5947 5917 5817 5582 5258 4938 4690 4604 4586 4574 4605 4658 4685 4691 4698 4617 4596 4729 5002 5317 5581 5806 5992 6102 5958 5776 5738 5739 5749 5765 5758 5745 5734 5725 5720 5716 5699 5675 5658 5654 5655 5659 5663 5673 5682 5686 5694 5682 5680 5677 5673 5673 5675 5676
