real_craters/C094-500m.grd
DSAA
126 126
-31.325 31.325
-31.325 31.325
4546.4956197869 6200.2084155333
[rows 0 to 29 of 126, columns 0 to 66 of 126]
5653.7 5644.56 5634.43 5624.85 5622.91 5611.27 5600.66 5594.12 5587.48 5581.94 5581.89 5571.76 5562.04 5553.48 5546.1 5542.13 5549.79 5543.02 5537.53 5539.56 5543.35 5546.76 5550.39 5554.26 5555.19 5558.26 5561.11 5562.84 5565.7 5569.47 5571.46 5570.51 5567.43 5565.98 5566.42 5565.89 5569.18 5571.06 5574 5573.97 5568.67 5563.86 5560.41 5560.07 5557.69 5563.89 5569.76 5572.81 5575.53 5571.95 5565.23 5558.21 5552.4 5545.17 5540.4 5541.04 5538.35 5533.43 5525.01 5507.49 5492.55 5480.99 5466.76 5448.98 5438.57 5429.5 5419.6
5654.11 5642.66 5629.98 5617.45 5616.24 5608.26 5599.84 5594.72 5588.7 5582.46 5572.63 5566.98 5562.85 5557.96 5553.71 5555.07 5549.37 5541.66 5537.64 5538.5 5542.78 5546.64 5549.97 5554.86 5556.53 5559.88 5562.8 5564.04 5566.65 5568.07 5571.35 5571.4 5571.39 5569.51 5563.43 5556.04 5556.2 5567.5 5578.29 5592.12 5574.28 5565.87 5561.6 5565.64 5567.24 5572.14 5580.98 5588.9 5583.42 5576.15 5568.43 5561.86 5554.62 5549.59 5547.45 5545.96 5542.11 5535.79 5524.97 5502.12 5496.36 5487.52 5469.93 5459.7 5452.62 5442.7 5430.83
5654.67 5643.08 5630.45 5616.6 5610.34 5610.08 5605.02 5598.02 5591.11 5582.39 5566.6 5564.19 5566.87 5561.63 5557.92 5548.32 5545.18 5540.67 5537.95 5538.6 5541.5 5545.59 5549.49 5553.29 5556.52 5559.74 5565.05 5565.49 5568 5570.29 5571.88 5572.99 5573.6 5572.17 5563.49 5557.2 5558.26 5564.66 5573.62 5576.95 5574 5568.79 5565.76 5567.19 5572.96 5579.45 5589.66 5597.4 5588.87 5578.71 5570.26 5563.1 5557.25 5554.86 5557.89 5555.35 5548.76 5541.69 5531.64 5524.17 5515.64 5506.08 5498.65 5488.77 5474.05 5459.05 5443.4
5655.79 5644.53 5634.32 5625.59 5618.47 5617.41 5609.25 5601.32 5593.89 5587.09 5576.72 5565.63 5560.45 5561.03 5559.81 5551.75 5545.49 5539.47 5537.85 5538.9 5541.94 5545.17 5548.59 5552.53 5555.62 5558.92 5562.57 5567.89 5570.24 5570.21 5572.47 5573.69 5574.86 5571.98 5562.44 5552.76 5554.87 5561.32 5567.44 5572.68 5573.6 5572.05 5568.35 5567.74 5571.71 5580.77 5588.56 5593.16 5585.84 5576.27 5568.57 5564.89 5565.79 5566.7 5571.72 5562.69 5554.74 5547.16 5540.84 5535.96 5529.22 5522.01 5525.44 5518.94 5493.5 5474.43 5457.77
5655.12 5645.29 5637.53 5631.07 5620.49 5612.75 5608.78 5603.11 5596.11 5587.77 5577.56 5569.81 5564.06 5562.63 5558.35 5548.02 5545.64 5538.94 5539.16 5541.41 5544.62 5547.5 5550.76 5553.59 5556.52 5560.01 5563.52 5566.08 5567.69 5569.78 5573.26 5573.59 5573.5 5570.69 5561.2 5551.67 5556.22 5562 5564.43 5570.2 5576.82 5578.74 5579.27 5574.17 5575.79 5579.35 5581.73 5581.15 5576.33 5569 5562.48 5556.33 5555.15 5561.65 5563.14 5561.9 5558.18 5552.81 5546.94 5540.65 5526.65 5523.28 5524.79 5519.32 5500.99 5485.31 5470.46
5651.19 5643.15 5636.48 5631.51 5617.28 5610.1 5608.19 5605.29 5599.84 5591.02 5579.75 5574.18 5570.48 5566.97 5563.32 5557.1 5551.07 5547.92 5544.94 5545.21 5547.02 5549.07 5551.74 5554.86 5557.65 5560.26 5562.77 5565.49 5567.75 5569.54 5571.3 5572.14 5571.1 5566.27 5563.78 5561.07 5566.84 5572.42 5572.39 5579.74 5586.54 5588.41 5585.1 5579.33 5576.69 5575.51 5574.05 5571.78 5565.85 5559.66 5554.23 5549.53 5546.24 5555.39 5558.49 5562.57 5561.79 5557.35 5549.36 5536.64 5522.32 5517.27 5511.43 5503.22 5499.63 5490.62 5479.98
5644.82 5639.23 5632.74 5623.23 5615.16 5612.63 5610.89 5608.98 5605.54 5599.03 5586.67 5578.72 5573.02 5570.03 5568.55 5563.26 5556.64 5549.6 5550.11 5549.2 5549.47 5551.21 5553.05 5555.63 5558.54 5561.3 5563.52 5566.04 5567.96 5569.84 5571.4 5572.87 5572.77 5573.71 5573.06 5576.44 5582.23 5591.86 5599.24 5601.98 5602.83 5601.61 5597.12 5584.45 5575.06 5572.45 5568.33 5560.42 5553.42 5549.62 5547.78 5549.02 5557.54 5559.38 5568.55 5570.78 5565.96 5561.13 5553.55 5538.49 5521.35 5516.22 5510.17 5502.01 5502.9 5496.25 5487.04
5639.44 5635.88 5630.89 5626.68 5617.66 5614.1 5613.9 5613.38 5612.5 5609.68 5596.57 5584.29 5577.11 5572.6 5566.22 5563.35 5559.74 5555.82 5553.72 5553.14 5553.25 5554.12 5555.11 5557.61 5558.49 5560.71 5563.87 5565.8 5568.68 5570.35 5572 5573.54 5574.68 5577.6 5578.76 5581.83 5594.05 5611.13 5631.46 5624.69 5620.08 5616.76 5611.65 5597.46 5590.15 5582.23 5568.95 5553.24 5543.16 5542.02 5541.87 5543.37 5548.14 5555.32 5565.26 5569.16 5566.88 5564.72 5562.25 5557.45 5536.04 5524.12 5518.98 5523.69 5513.51 5502.94 5493.48
5637.84 5634.68 5630.21 5624.45 5621.9 5619.64 5617.57 5616.7 5615.9 5616.36 5600.81 5591.03 5583.67 5577.36 5569.49 5566.17 5562.71 5559.04 5556.8 5555.34 5554.82 5555.56 5556.06 5556.88 5558.24 5560.42 5561.75 5564.07 5565.69 5567.57 5569.92 5572.01 5573.72 5575.19 5575.05 5580.84 5598.75 5620.04 5635 5634.44 5630.05 5628.46 5629.26 5628.98 5612.48 5594.88 5574 5555.29 5543.56 5540.61 5538.33 5535.54 5534.91 5546.95 5555.51 5559.7 5564.15 5565.85 5567.62 5571.38 5545.41 5534.04 5528.3 5529.84 5519.92 5509.65 5500.53
5639.05 5635.38 5631.91 5628.69 5623.47 5620.58 5619.02 5617 5614.09 5606.5 5602.3 5598.78 5591.63 5584.89 5576.62 5569.79 5565.55 5562.29 5560.44 5559.55 5558.92 5558.93 5558.78 5559.93 5560.67 5561.12 5562.79 5563.27 5566.2 5567.2 5567.96 5570.07 5570.95 5570.57 5571.74 5579.45 5597.37 5618.28 5634.85 5632.46 5630.57 5631.63 5636.79 5640.3 5619 5598.87 5577.68 5561.2 5550.86 5544.3 5538.89 5534.64 5537.38 5546.08 5552.48 5558.14 5561.15 5564.08 5565.75 5563.09 5555.84 5548.35 5544.05 5529.89 5520.74 5514.54 5507.58
5639.91 5636.11 5633.71 5630.75 5627.83 5624.88 5620.41 5616.96 5612.55 5605.1 5602.27 5606.34 5596.65 5588.83 5582.07 5573.37 5566.7 5563.21 5563.15 5563.03 5562.96 5563.05 5563.25 5563.21 5564.36 5564.24 5564.73 5565.26 5565.62 5565.96 5566.61 5568.01 5568.66 5567.99 5571.11 5578.33 5590.95 5603.82 5614.19 5620.04 5621.68 5622.79 5623.54 5617.89 5604.3 5590.56 5570.73 5561.28 5557.32 5548.19 5541.03 5537.14 5539.89 5545.84 5549.89 5553.12 5558.44 5561.65 5562.61 5559.82 5555.36 5551.07 5544.96 5529.11 5524.47 5521.59 5515.95
5639.57 5635.43 5633.86 5631.41 5627.77 5622.24 5620.04 5616.74 5612.33 5603.44 5596.85 5587.15 5592.47 5589.26 5585.01 5576.12 5568.84 5565.95 5566.64 5566.66 5566.02 5566.25 5565.81 5565.7 5565.5 5565.57 5566.8 5567.11 5567.39 5568 5568.17 5568.78 5567.94 5566.34 5567.26 5575.66 5584.19 5590.72 5597.49 5604.83 5607.34 5606.74 5601.14 5589.45 5575.47 5555.41 5552.26 5552.35 5552.87 5547.08 5542.04 5540.43 5540.91 5543.57 5548.3 5552.79 5555.8 5558.83 5560.54 5560.38 5554.76 5545.03 5538.62 5541.01 5538.31 5531.84 5526.24
5639.81 5634.77 5627.73 5627.25 5628.39 5625.11 5621.27 5617.13 5611.79 5601.51 5599.72 5597.51 5591.62 5585.48 5580.71 5577.77 5572.4 5571.51 5571.37 5570.54 5570.02 5569.82 5569.49 5569.32 5568.44 5568.28 5568.33 5568.01 5568.04 5569.45 5569.66 5569.47 5567.75 5566 5568.07 5574.57 5579.4 5584.25 5587.79 5591.09 5592.9 5591.56 5585.74 5572.6 5556.4 5541.83 5538.57 5541.72 5544.62 5544.15 5541.02 5539.14 5541.66 5545.28 5548.86 5549.41 5554.57 5558.78 5560.27 5561.24 5559.51 5547.02 5541.72 5545.23 5544.58 5541.55 5537.74
5641.48 5636.76 5632.18 5632.51 5631.48 5625.64 5622.76 5619.44 5615.35 5611.15 5606.37 5602.28 5595.29 5588.28 5587.12 5585.18 5584.38 5579.39 5576.83 5575.33 5573.41 5572.38 5572.08 5571.55 5570.45 5571.12 5570.89 5570.33 5570.91 5570.45 5570.6 5569.75 5566.85 5565.86 5568.16 5573.18 5574.66 5575.7 5577.52 5578.26 5578.71 5577.35 5574.86 5562.8 5545.72 5531.84 5529.34 5533.09 5536.58 5538.53 5540.65 5542.91 5547.5 5551.63 5555.81 5556.95 5558.1 5561.02 5563.63 5564.31 5560.2 5555.43 5553.25 5553.67 5555.44 5551.92 5547.4
5643.53 5639.95 5637.86 5637.58 5637.53 5630.82 5626.69 5622.3 5618.11 5613.74 5610.25 5606.13 5601.11 5597.48 5595.72 5592.87 5589.85 5586.33 5582.18 5580.06 5578.28 5577.19 5575.78 5574.54 5573.91 5573.29 5572.38 5570.47 5570.31 5569.58 5569.72 5569.46 5569.77 5569.01 5570 5570.87 5568.79 5567.29 5567.61 5567.28 5565.38 5562.4 5556.64 5547.53 5536.05 5527.28 5525.7 5527.97 5530.32 5535.31 5543 5553.26 5562.72 5567.16 5572.57 5567.71 5564.42 5566.59 5569.41 5570.79 5570.54 5558.79 5559.65 5564.28 5567.21 5562.09 5556.49
5645.01 5643.65 5641.46 5639.87 5638.25 5636.43 5630.36 5624.89 5620.49 5618.42 5611.57 5608.19 5606.75 5606.72 5604.01 5598.54 5593.41 5589.84 5587.13 5585.5 5583.32 5581.88 5579.8 5577.28 5576.09 5574.15 5573.09 5570.25 5569.48 5568.82 5568.35 5568.66 5571.22 5573.48 5572.09 5565.66 5562.88 5559.97 5560.24 5559.28 5556.36 5551.18 5542.42 5535.09 5528.72 5528.27 5528.53 5528.2 5531.09 5537.25 5546.03 5559.79 5584.79 5607.17 5600.18 5581.13 5571.35 5575.39 5578.04 5578.58 5577.06 5568.22 5570.43 5572.03 5567.65 5573.25 5570.97
5648.31 5647.64 5646.82 5641.25 5635.6 5629.52 5625.7 5626.7 5624.77 5618.29 5612.36 5610.71 5610.84 5613.17 5607.77 5604.4 5600.37 5594.67 5591.1 5587.52 5584 5581.97 5580.21 5579.04 5577.63 5575.57 5573.62 5571.79 5570.06 5568.19 5568.73 5568.38 5569.54 5571.32 5567.04 5560.6 5559.68 5558.06 5557.18 5556.57 5553.38 5547.51 5542.87 5535.57 5529.95 5533.42 5532.27 5531.76 5533.28 5540.63 5555.72 5574.08 5601.93 5627.65 5617.08 5597.41 5587.13 5589.2 5590.18 5588 5582.77 5579.39 5582.28 5586.73 5593.75 5592.17 5588.14
5653.12 5651.68 5649.15 5646.31 5638.78 5628.46 5625.23 5629.08 5628.87 5620.36 5617.91 5616.14 5615.27 5613.4 5609.57 5605.06 5601.05 5596.51 5593.26 5589.61 5587.13 5584.48 5581.67 5579.87 5577.01 5575.73 5574.55 5574.34 5571.37 5570.54 5569.69 5568.33 5566.93 5565.1 5567.12 5568.27 5560.88 5556.07 5557.38 5558.27 5556.7 5550.34 5543.87 5551.25 5552.44 5551.37 5541.47 5542.55 5537.93 5539.33 5574.05 5601.77 5610.47 5614.33 5613.86 5612 5610.17 5608.68 5605.31 5599.99 5593.24 5589.88 5592.62 5600.39 5607.95 5609.15 5606.72
5657.17 5657.94 5656.92 5652.93 5645.44 5637.3 5633.87 5632.76 5627.24 5621.95 5624.01 5620.81 5618.07 5614.96 5604.9 5599.28 5597.46 5597.16 5595.73 5593.41 5590.92 5587.45 5584.29 5582.39 5579.98 5576.49 5575.51 5573.48 5572.24 5571.05 5569.82 5568.63 5566.6 5566.65 5572.48 5575.58 5567.42 5559.68 5561.55 5564.7 5567.85 5569.28 5569.36 5579.67 5594.94 5584.83 5580.99 5566.02 5554.86 5550.86 5587.94 5611.73 5613.62 5611.33 5613.95 5623.93 5632.94 5629.77 5623.86 5617.04 5607.98 5599.04 5604.35 5613.77 5619.88 5623.1 5624.63
5659.5 5660.95 5659.73 5657.02 5649.36 5642.06 5636.39 5634.94 5619.28 5622.23 5623.72 5620.89 5615.86 5602.02 5602.31 5602.48 5599.63 5598.32 5596.43 5595.39 5593.45 5590.28 5588.4 5585.46 5583.77 5581.6 5579.97 5578.53 5576.72 5574.85 5572.08 5569.68 5566.98 5565.56 5579.34 5592.1 5577.32 5568.11 5569.04 5573.39 5580.28 5591.69 5597.87 5596 5600.32 5596.8 5596.48 5584.4 5579.84 5588.92 5607.02 5615.35 5614.53 5611.08 5614.86 5632.68 5643.8 5647.03 5641.98 5636.71 5632.59 5633.72 5630.25 5630.32 5631.49 5633.79 5633.97
5663.32 5663.67 5660.9 5653.75 5651.2 5646.91 5643.81 5641.91 5632.22 5624.24 5621.06 5619.22 5615.15 5602.29 5601.12 5604.06 5602.49 5600.87 5599.79 5598.79 5596.22 5594.75 5592.9 5590.44 5588.05 5586.3 5584.16 5582.07 5579.79 5577.26 5575.08 5572.44 5569.49 5570.97 5584.44 5595.88 5583.44 5574.22 5575.53 5579.85 5586.87 5594.9 5597.4 5593.29 5588.01 5586.9 5584.83 5586.79 5593.68 5611.48 5615.49 5614.46 5614.17 5615.72 5624.97 5639.38 5657.66 5659.86 5656.27 5654.51 5657.51 5674.56 5656.96 5642.37 5637.5 5638.81 5644.13
5659.85 5663.88 5662.8 5659.4 5654.17 5651.26 5647.66 5646.28 5632.65 5627.65 5623.39 5617.46 5611.16 5600.65 5600.03 5601.78 5603 5601.98 5602.41 5601.42 5598.14 5597.49 5596.9 5595.04 5592.89 5590.47 5587.99 5583.79 5581.19 5578.98 5577.86 5577.17 5577.5 5578.52 5589.59 5595.28 5585.09 5579.56 5580.8 5583.56 5587.61 5590.53 5590.18 5585.41 5579.85 5576.69 5578.02 5582.35 5589.86 5599.38 5605.95 5607.85 5610.91 5614.29 5620.08 5638.99 5655.33 5661.67 5661.3 5661.59 5662.09 5656.33 5651.93 5641.82 5633.55 5630.08 5630.35
5657.98 5666.03 5661.3 5657.08 5654.93 5653.25 5652.86 5647.68 5636.89 5630.72 5624.41 5616.61 5608.05 5604.4 5602.36 5601.59 5603.88 5604.93 5606.33 5606.56 5603.66 5602.78 5601.08 5597.76 5595.03 5591.83 5591.04 5588.16 5586.01 5582.92 5582.05 5583.97 5591.75 5597.44 5596.32 5596.05 5586.05 5584.12 5584.88 5586.45 5588.17 5589.64 5585.25 5578.2 5568.82 5563.75 5567.79 5572.94 5578.97 5586.68 5591.8 5599.73 5606.99 5612.96 5620.96 5635.03 5651.62 5658.5 5657.51 5659.19 5660.6 5649.85 5645.05 5632.33 5624.34 5621.18 5626.82
5660.72 5662.69 5660.06 5655.96 5654.4 5652.37 5649.8 5647.36 5639.56 5634.89 5628.08 5618.79 5612.35 5610.84 5608.57 5607.63 5608.98 5609.66 5609.61 5610.07 5607.73 5606.59 5604.89 5602.07 5599.62 5597.3 5596.47 5593.74 5591.27 5588.93 5587.18 5586.58 5590.52 5595.31 5597.38 5603.26 5602.6 5591.89 5589.49 5589.95 5589 5584.22 5583.75 5576.8 5564.28 5554.51 5557.06 5560.19 5568.85 5574.73 5583.06 5595.75 5604.5 5612.61 5619.84 5630.15 5637.18 5641.08 5646.33 5649.98 5652.51 5645.45 5621.94 5622.54 5621.66 5620.9 5625.01
5667.46 5663.99 5661.77 5658 5655.14 5651.73 5648.22 5647.21 5636.35 5635.78 5630.66 5622.19 5614.88 5614.23 5616.09 5617.16 5616.12 5615.88 5615.95 5615.05 5613.23 5611.73 5610.54 5609.74 5609.62 5607 5605.56 5602.72 5600.15 5596.48 5592.2 5587.21 5578.74 5582.15 5590.43 5595.49 5597.29 5593.18 5592.53 5594.78 5596.39 5595.5 5590.87 5585.12 5575.93 5567.4 5563.65 5559.53 5568.28 5573.7 5587.98 5597.83 5606.58 5615.27 5623.84 5629.21 5629.35 5629.51 5634.82 5638.07 5641.4 5637.73 5627.08 5624.29 5626.2 5626.36 5628.3
5678.04 5671.49 5665.93 5661.37 5657 5652.51 5647.42 5643.67 5640.27 5639.25 5633.17 5625.2 5622.9 5620.02 5621.44 5622.08 5620.66 5620.06 5618.96 5617.93 5615.46 5613.63 5612.22 5613.16 5613.33 5612.39 5610.65 5608.34 5606.77 5602.82 5598.06 5591.97 5584.25 5583.11 5585.51 5584.03 5579.87 5586.24 5592.9 5600.43 5605.82 5608.07 5603.25 5598.55 5596.45 5598.73 5583.87 5578.92 5577.97 5584.27 5591.03 5601.26 5608.88 5618.04 5628.97 5631.07 5626.72 5625.14 5627.17 5628.08 5628.65 5632.23 5632.2 5630.35 5631.21 5632.93 5631.27
5688.08 5675.61 5669.65 5664.63 5660.41 5655.71 5649.97 5644.28 5642.93 5641.99 5637.09 5629.3 5614.53 5622.16 5625.49 5626.85 5626.78 5625.53 5624.61 5623.55 5624.14 5623.74 5623.43 5622.9 5621.63 5620.49 5618.98 5618.04 5615.11 5610.42 5606.9 5602.69 5596.21 5591.63 5587.51 5582.11 5573.35 5583.79 5595.66 5606.29 5615.36 5617.79 5614 5609.93 5607.54 5603.48 5593.32 5584.38 5585.03 5591.65 5595.97 5603.18 5611.26 5617.71 5622.35 5623.72 5624.52 5624.13 5623.8 5622.82 5624.53 5633.39 5639 5636.02 5633.82 5635.56 5631.23
5695.42 5679.43 5670.08 5668.56 5665.72 5661.34 5656.32 5648.29 5645.79 5643.77 5640.12 5635.49 5637.51 5632.65 5634.39 5633.74 5632.72 5630.79 5629.91 5628.41 5629.67 5629.41 5628.61 5628.97 5627.98 5626.92 5624.74 5622.93 5621.73 5619.83 5617.55 5615.51 5611.96 5602.5 5593.67 5586.88 5583 5588.97 5600.34 5611.82 5623.58 5627.7 5621.6 5616.9 5612.39 5606.69 5596.58 5586.09 5588.93 5599.01 5602.52 5609.21 5614.04 5617.86 5619.78 5621.22 5623.99 5624.89 5623.32 5621.63 5624.05 5634.94 5647.47 5641.31 5632.3 5623.61 5620.85
5699.24 5686.09 5677.09 5675.81 5673.14 5669.08 5664.04 5655.36 5651.12 5648 5644.47 5641.53 5638.58 5639.21 5639.47 5639.93 5638.66 5636.47 5635.61 5633.96 5635.65 5634.85 5634.75 5633.82 5632.16 5632.14 5631.5 5629.88 5627.38 5627.05 5626.64 5626.57 5620.73 5612.77 5601.1 5590.44 5590.07 5597.48 5606.73 5614.89 5621.24 5624.35 5623.88 5620.84 5615.77 5608.69 5601.42 5594.13 5594.39 5597.2 5611.43 5615.53 5615.81 5618.42 5621.79 5624.8 5625.52 5624.53 5623.06 5623.61 5627.27 5633.95 5638.45 5638.71 5629.2 5623 5621.98
5704.41 5698.95 5693.32 5686.72 5682.08 5677.87 5672.28 5663.81 5658.03 5654.72 5649.65 5644.38 5643.54 5643.99 5644.05 5642.43 5641.89 5642.05 5641.6 5640.37 5641.96 5638.82 5638.17 5635.83 5635.39 5634.13 5634.54 5633.55 5633.11 5632.08 5632.42 5634.66 5634.81 5622.26 5611.23 5601.04 5605.34 5611.8 5615.35 5618.38 5620.31 5623.24 5624.66 5623.72 5620.67 5614.65 5610.51 5609.46 5604.64 5601.78 5605.92 5610.19 5613.65 5617.5 5621.92 5627.18 5627.72 5628.07 5626 5620.92 5624.01 5632.37 5639.65 5631.11 5625.25 5621.24 5635.23
