real_craters/C094-300m.grd
DSAA
210 210
-31.325 31.325
-31.325 31.325
4544.433079819 6229.0146044015
[rows 180 to 209 of 210, columns 134 to 200 of 210]
5672.9 5673.64 5673.61 5672.64 5672.78 5673.53 5675.63 5678.21 5680.8 5678.85 5669.4 5660.95 5655.89 5652.08 5649.66 5646.73 5644.13 5640.95 5641.34 5644.71 5651.42 5661.63 5675.3 5689.63 5689.48 5680.85 5672.75 5665.86 5660.59 5656.36 5654.3 5651.45 5649.03 5648.09 5645.78 5643.99 5641.99 5639.86 5637.2 5633.84 5628.4 5620.9 5624.49 5626.58 5634.45 5632.45 5636.88 5637.05 5641.41 5645.15 5649.09 5651.56 5651.66 5652.4 5654.33 5657.2 5659.72 5662.25 5664.59 5664.91 5665.89 5667.18 5668.41 5670.31 5672.56 5675.34 5678.41
5670.02 5671.43 5672.73 5673.36 5674.07 5675.18 5677.18 5680.67 5686.43 5684.29 5665.48 5658.71 5654.95 5652.31 5649.84 5647.25 5644.45 5636.42 5634.99 5637.81 5644.88 5655.88 5668.93 5683.06 5685.37 5677.89 5670.35 5664.38 5659.39 5656.23 5653.13 5650.48 5647.04 5646.05 5644.04 5642.11 5640.92 5638.64 5636.29 5633.86 5631.22 5630.83 5625.87 5621.19 5616.02 5631 5640.14 5642.26 5643.72 5645.93 5647.74 5649 5652.09 5654.8 5656.51 5658.34 5660.54 5663.07 5665.04 5665.67 5667.04 5668.65 5668.59 5669.49 5671.76 5674.84 5678.88
5667.92 5669.79 5671.22 5672.26 5673.11 5673.95 5674.88 5675.96 5677.18 5671.36 5655.69 5654.45 5653.68 5652.53 5650.41 5647.74 5642.51 5631.88 5631.01 5630.4 5630.98 5641.62 5656.57 5668.81 5672.74 5669.67 5664.25 5659.18 5654.76 5651.19 5646.99 5644.17 5642.67 5645.69 5644.02 5643.16 5641.43 5639.44 5636.14 5634.97 5634.03 5634.34 5629.1 5623.4 5617.91 5623.48 5639.37 5644.3 5645.46 5646.67 5647.79 5649.17 5652.52 5655.98 5657.73 5659.17 5660.8 5662.24 5663.21 5664.67 5666.07 5667.23 5667.4 5667.52 5669.77 5672.62 5675.3
5665.24 5667.46 5669.07 5670.16 5670.43 5670.66 5670.07 5667.65 5661.02 5654.69 5652.13 5652.16 5652.88 5653.13 5652.64 5650.77 5646.96 5639.86 5632.28 5627.76 5624.08 5632.62 5645.29 5654.95 5659.18 5658.12 5655.96 5653.05 5650.19 5647.45 5645.02 5642.66 5641.75 5638.77 5637.45 5637.26 5636.32 5641.18 5638.19 5635.94 5633.98 5632.53 5631.96 5632.47 5632.51 5631.37 5640.45 5644.5 5646.01 5647.55 5649.05 5651.38 5653.07 5654.68 5657.81 5659.7 5660.93 5661.75 5662.45 5663.55 5664.32 5664.02 5666.38 5668.46 5668.93 5669.89 5670.52
5662.02 5664.13 5665.7 5666.77 5666.47 5666.68 5665.65 5662.69 5655.85 5651.33 5650.98 5651.81 5653.67 5655.47 5656.25 5655.49 5652.69 5641.38 5636.99 5632.98 5628.27 5632.87 5639.47 5644.41 5646.95 5646.39 5645.96 5645.88 5645.12 5644.02 5642.83 5641.4 5636.78 5635.44 5634.73 5634.22 5633.95 5634.98 5633.69 5638.13 5635.19 5634.3 5634.62 5636.47 5637.25 5636.87 5638.1 5641.88 5646.27 5648.64 5650.25 5651.45 5654.82 5657.55 5659.32 5660.6 5661.34 5661.76 5661.94 5663.13 5664.24 5665.37 5666.14 5667.67 5667.13 5667.35 5667.88
5659.12 5660.99 5662.46 5663.52 5664.21 5664.02 5663.17 5662.19 5662.18 5656.4 5651.62 5652.55 5655.15 5658.35 5661.18 5662.49 5659.08 5652.4 5648.42 5645.13 5642.25 5639.55 5638.17 5636.23 5633.25 5635.27 5637.72 5640.02 5640.02 5640.28 5640.23 5640.08 5638.22 5637.6 5637.04 5634.8 5635.88 5630.61 5633.01 5634.33 5634.06 5634.91 5636.42 5638.5 5639.09 5639.36 5642.7 5645.11 5648.05 5650.33 5652.4 5654.31 5658.26 5661.35 5661.6 5661.81 5661.93 5662.14 5663.14 5663.71 5664.67 5665.79 5663.94 5661.23 5663.45 5664.63 5666.21
5656.68 5658.15 5659.43 5660.55 5661.25 5661.55 5661.25 5660.11 5657.82 5655.91 5653.39 5653.56 5656.88 5661.43 5666.49 5671.39 5674.14 5668.68 5661.95 5658.8 5655.46 5647.45 5639.67 5632.67 5627.63 5627.77 5632.01 5634.36 5636.17 5637.44 5638.18 5637.33 5637.39 5637.38 5637.17 5636.9 5631.55 5633.24 5634.55 5631.01 5633.66 5637.31 5639.87 5643.56 5643.49 5643.33 5647.49 5649.01 5650.58 5651.98 5654.54 5658.32 5661.16 5662.83 5662.95 5662.82 5662.59 5662.22 5661.31 5661.81 5664.44 5666.68 5665.76 5662.51 5662.23 5662.01 5661.53
5655.68 5656.81 5658 5658.88 5659.6 5660.13 5660.33 5659.5 5655.72 5654.23 5651.84 5653.57 5657.95 5663.22 5669.53 5676.36 5685.78 5677.38 5669.23 5668.04 5665.11 5653.05 5641.78 5631.97 5623.72 5623.63 5627.59 5630.11 5632.58 5634.05 5634.58 5634.59 5633.86 5629.84 5632.17 5628.95 5629.73 5629.47 5631.36 5630.74 5634.85 5638.09 5641.54 5645.65 5646.42 5643.52 5647.71 5650.38 5651.48 5652.97 5655.37 5658.61 5660.97 5662.69 5663.75 5663.74 5663.44 5662.93 5662.26 5662.81 5664.06 5665.12 5665.54 5665.25 5663.14 5661.16 5659.12
5655.9 5656.74 5656.92 5657.62 5658.28 5658.96 5659.96 5662.05 5663.63 5657.85 5653.96 5655 5659.2 5664.12 5669.39 5674.07 5674.95 5672.07 5667.72 5668.63 5665 5654.31 5642.97 5632.88 5626.07 5623.6 5625.48 5628.04 5630.07 5631.6 5632.92 5633.29 5633.63 5627.61 5621.85 5620.73 5621.13 5621.58 5619.44 5624.02 5630.58 5644.88 5657.87 5657.63 5648.76 5652.07 5652.99 5653.31 5653.54 5653.19 5655.17 5658.07 5662.45 5664.3 5664.4 5664.28 5664.1 5664.07 5664.28 5664.61 5663.55 5662.98 5663.99 5665.56 5664.08 5662.3 5661.63
5655.37 5656.12 5656.6 5656.97 5657.38 5657.7 5657.83 5659.45 5660.68 5658.71 5656.79 5657.6 5660.62 5663.93 5667.21 5670.63 5670.46 5667.27 5665.54 5664.16 5660.49 5652.35 5642.9 5634.01 5625.44 5622.45 5625.82 5627.2 5628.5 5629.67 5630.5 5629.03 5628.9 5622.88 5621.61 5619.94 5615.34 5613.17 5611.86 5611.75 5614.26 5629.87 5668.23 5600.47 5630.58 5665.69 5661.06 5656.23 5655.8 5654.42 5654.84 5657.18 5660.6 5663.5 5664.4 5664.6 5664.57 5664.48 5664.29 5663.27 5662.44 5661.53 5664.75 5666.81 5664.63 5663.1 5662.97
5655.25 5655.51 5655.96 5656.06 5656.08 5655.81 5654.94 5655.08 5655.82 5657.74 5658.92 5660.23 5662.21 5663.09 5663.39 5664.14 5667.62 5657.81 5652.07 5659.38 5655.94 5648.41 5641.73 5635.65 5632.06 5630.08 5628.5 5627.49 5627.9 5628.35 5624.89 5623.96 5623.93 5618.32 5616.4 5612.92 5611.09 5607.56 5605.25 5599.02 5588.66 5569.84 5520.42 5500.8 5607.13 5683.8 5656.24 5655.12 5655.1 5655.11 5654.9 5656.88 5658.82 5662.58 5663.87 5664.62 5664.56 5664.52 5664.46 5664.43 5661.6 5658.89 5658.62 5664.13 5663.64 5662.74 5662.6
5654.56 5654.75 5654.8 5654.6 5654.39 5653.92 5652.8 5651.76 5653.79 5658.09 5662.21 5665.37 5664.62 5662.76 5659.45 5652.46 5644.8 5646.31 5643.83 5642.25 5644.41 5642.71 5639.36 5637.29 5636.86 5635.64 5630.06 5627.32 5626.42 5621.81 5621.09 5619.52 5618.61 5613.89 5613.27 5611.54 5608.92 5606.28 5601.48 5592.1 5574.89 5539.84 5474.89 5490.11 5613.16 5685.78 5656.08 5653.39 5656.16 5657.87 5655.84 5658.91 5661.14 5663.44 5664.48 5664.67 5664.36 5663.99 5663.72 5663.14 5660.33 5657.2 5656.59 5660.63 5662.16 5662.31 5662.6
5654.23 5654.22 5654.08 5654.38 5654 5653.54 5652.35 5651.32 5653.84 5659.15 5664.39 5668.75 5666.37 5663.15 5659.1 5653.91 5648.12 5642.84 5634.94 5632.82 5636.53 5637.84 5636.63 5635.56 5633.67 5631.06 5627.79 5626.81 5622.21 5620.84 5620.11 5617.64 5616.3 5613.98 5612.61 5610.44 5609.47 5605.71 5602.07 5595.33 5584.53 5569.24 5557.36 5578.89 5648.17 5684.84 5660.66 5654.48 5656.15 5657.7 5657.16 5661.84 5665.16 5665.27 5665.07 5664.64 5663.74 5662.77 5661.73 5660.54 5658.59 5657.01 5657.88 5660.36 5661.55 5662.19 5662.72
5654.33 5654.66 5654.35 5653.57 5653.42 5653.53 5653.93 5654.86 5656.8 5660.14 5664.27 5667.79 5666.2 5663.54 5660.37 5657.45 5652.76 5646.84 5642.29 5637.51 5636.93 5636.41 5634.78 5634.71 5628.46 5619.83 5625.21 5624.21 5623.42 5622.33 5620.25 5618.94 5617.79 5616.69 5613.82 5611.78 5611.1 5609.22 5607.43 5604.63 5607.91 5614.45 5645.57 5664.83 5665.25 5667.27 5657.4 5653.84 5653.33 5655.25 5657.34 5662.14 5666.75 5666.4 5665.22 5663.8 5662.33 5660.7 5659.16 5657.39 5656.59 5656.74 5658.81 5661.2 5661.41 5661.72 5662.2
5655.28 5654.4 5653.92 5653.35 5653.35 5653.79 5655.32 5658.11 5658.78 5660.12 5662.45 5664.21 5664.63 5663.76 5661.92 5657.97 5655.36 5652.39 5649.88 5647.39 5640.56 5637.07 5634.48 5631.29 5630.27 5633.94 5629.49 5627.01 5626.33 5626.38 5623.72 5622.42 5621.38 5618.61 5617.15 5616.53 5615.05 5614.11 5618.3 5617.64 5623.89 5636.21 5656.37 5665.02 5661.57 5657.11 5652.46 5651.96 5652.66 5654.01 5656.18 5657.61 5662.31 5665.83 5664.46 5662.69 5660.67 5658.62 5656.82 5655.51 5655.5 5656.83 5659.04 5660.89 5661.05 5660.46 5661.21
5655.8 5654.81 5653.96 5653.08 5652.81 5652.96 5654.41 5656.71 5657.62 5658.52 5660.01 5661.78 5662.9 5664.11 5664.78 5664.53 5661.12 5657.37 5654.04 5647.96 5642.7 5638.14 5634.76 5632.28 5631.74 5629.42 5628.79 5628.8 5629.16 5629.69 5630.17 5628.42 5627.23 5626.27 5624.05 5626.61 5625.47 5624.49 5624.64 5626.46 5624.63 5637.01 5647.34 5652.08 5650.64 5653.12 5654.02 5653.68 5653.2 5654.14 5655.98 5659.21 5661.93 5663.72 5663.06 5661.25 5659.04 5656.73 5654.6 5653.31 5653.47 5656.18 5658.7 5659.72 5661.81 5661.58 5661.84
5656.86 5655.54 5654.34 5653.3 5652.11 5651.37 5651.55 5652.79 5654.53 5656.35 5657.8 5658.05 5660.9 5664.83 5667.69 5668.86 5665.86 5661.35 5655.25 5648.74 5643.05 5638.32 5635.18 5632.7 5630.87 5626.23 5627.87 5631.45 5632.88 5633.96 5634.72 5635.01 5633.52 5632.92 5632.1 5631.19 5617.47 5618.47 5619.02 5624.08 5627.34 5636.21 5644.68 5645.84 5641.94 5650.95 5652.06 5652.8 5653.12 5653.68 5654.96 5657.21 5660.13 5661.59 5661.46 5659.82 5657.61 5654.96 5652.28 5649.79 5648.36 5649.36 5655.88 5662.45 5664.31 5664.81 5663.39
5658.63 5657.49 5655.91 5654.3 5652.23 5650.05 5647.92 5647.91 5651.83 5655.17 5657.53 5659.92 5662.9 5666.11 5669.83 5671.99 5668.83 5664.72 5660.18 5650.35 5642.34 5638.09 5635.7 5634.31 5632.82 5632.63 5633.54 5635.49 5636.82 5635.76 5635.09 5634.58 5625.87 5624.32 5622.95 5617.94 5618.4 5620.11 5620.38 5629.35 5631.35 5633.24 5634.97 5637.66 5636.82 5644.02 5648.93 5652.09 5651.75 5652.27 5653.18 5654.4 5657.92 5660.8 5660.31 5658.43 5656 5653.17 5650.18 5647.56 5647.05 5648.01 5656.24 5666.97 5664.79 5663.12 5662.65
5660.67 5659.85 5658.53 5656.56 5653.93 5650.77 5647.21 5647.18 5651.85 5656.2 5659.43 5660.14 5660.61 5668.43 5671.16 5671.48 5669.81 5666.3 5660.86 5647.69 5639.89 5637.54 5636.96 5636.99 5637.44 5638.37 5638.86 5638.88 5637.71 5634.88 5632.85 5631.31 5627.16 5625.14 5630.62 5629.83 5629.64 5629.61 5631.34 5634.62 5633.1 5631.21 5631.07 5637.15 5638.62 5639.24 5644.1 5646.46 5648.89 5650.7 5651.84 5652.12 5656.84 5660.91 5658.91 5657.02 5654.95 5652.32 5649.25 5645.8 5642.54 5648.08 5655.86 5661.72 5661.54 5659.67 5660.67
5662.95 5662.89 5662.25 5660.61 5657.22 5653.73 5650.1 5650.59 5655.16 5659.92 5664.36 5669.81 5677.08 5673.57 5672.62 5671.79 5669.8 5666.3 5659.65 5644.85 5638.08 5638.02 5639.1 5640.57 5642.54 5643.81 5644.64 5645.52 5644.12 5642.23 5640.27 5638.08 5636.01 5641.34 5640.3 5639.36 5638.44 5636.24 5636.16 5633.34 5632.64 5632.64 5635.68 5641.37 5640.32 5640.83 5642.56 5642.87 5646.75 5649.65 5652.6 5654.71 5655.73 5656.74 5656.03 5655.52 5654.16 5652.08 5649.73 5646.96 5644.43 5648.32 5654.72 5658.68 5659.64 5658.91 5659.33
5665.78 5666.82 5666.36 5665.55 5663.56 5660.01 5656.29 5656.98 5661.12 5665.26 5669.22 5674.01 5678.41 5674.73 5671.89 5670.51 5669.33 5666.22 5660.34 5647.47 5640.61 5640.4 5641.99 5644.5 5647.63 5650.92 5653.94 5652.98 5650.92 5648.69 5646.57 5644.31 5642.65 5641.26 5639.25 5638.06 5637.04 5636.3 5635.39 5633.45 5633.26 5634.69 5640.46 5650.42 5650.77 5646.48 5644.53 5646.04 5645.13 5647.29 5652.72 5656.98 5655 5649.96 5654.47 5655.02 5653.92 5652.59 5651.4 5651.15 5653.13 5654.22 5656.16 5658.76 5659.35 5658.51 5657.67
5669.05 5671.12 5672.85 5673.55 5673 5670.19 5664.9 5666.48 5669.57 5671.67 5672.81 5673.07 5671.55 5672.26 5671.77 5670.89 5669.45 5665.93 5660.39 5651.54 5645.56 5643.43 5645.07 5648.15 5652.02 5656.57 5659.79 5658 5654.31 5650.97 5647.98 5645.31 5643.06 5640.79 5638.77 5637.26 5636.27 5635.28 5634.51 5633.9 5633.56 5634.49 5640.54 5650.74 5655.42 5647.85 5642.35 5640.58 5638.39 5640.21 5646.76 5652.76 5653.53 5659.89 5657.52 5655.14 5653.84 5652.82 5652.5 5653.5 5656.52 5657.38 5656.78 5656.46 5654.49 5654.82 5655.24
5673.53 5676.76 5680.11 5682.64 5684.72 5685.19 5683.74 5681.63 5680.5 5679.09 5677.16 5673.55 5668.22 5670.76 5677.08 5674.34 5670.28 5665.68 5658.97 5651.82 5645.21 5645.64 5647.75 5650.76 5654.62 5659.47 5664.83 5660.79 5656.28 5652.11 5648.59 5645.62 5643.17 5641.01 5638.9 5637.18 5636.18 5634.96 5634.16 5633.79 5633.35 5633.37 5636.85 5642.48 5645.34 5641.43 5634.7 5627.17 5626.73 5629.46 5630.72 5637.22 5645.87 5649.98 5652.6 5653.73 5653.35 5652.82 5652.21 5652.59 5654.02 5655.14 5655.59 5654.91 5653.23 5652.79 5653.03
5678.58 5682.8 5686.99 5691.78 5696.43 5701.3 5702.9 5697.39 5691.49 5686.75 5682.87 5678.79 5672.32 5673.14 5673.02 5672.37 5670.49 5667.89 5662.47 5654.87 5648.35 5648.97 5650.13 5652.42 5655.3 5658.51 5659.55 5658.47 5655.37 5651.8 5648.28 5645.18 5643.03 5640.78 5638.84 5636.59 5635.01 5634.07 5633.7 5633.68 5633.99 5633.33 5632.89 5631.27 5636.84 5633.25 5627.42 5621.53 5620.35 5622.56 5624.88 5630.98 5640.22 5646.44 5650.64 5652.55 5652.44 5651.67 5650.57 5649.48 5648.87 5650.27 5654.49 5656.01 5655.42 5652.58 5650.31
5684.36 5688.06 5692.74 5698.11 5705.2 5713.12 5716.46 5707.89 5699.25 5692.62 5688.05 5685.95 5689.51 5685.57 5672.14 5671.1 5669.52 5669.16 5665.02 5658.36 5656.35 5652.29 5651.64 5652.87 5654.83 5656.25 5656.9 5656.01 5653.83 5650.66 5646.88 5643.76 5641.24 5639.03 5637.34 5635.38 5634.06 5632.95 5632.41 5632.85 5634.6 5636.56 5631.43 5627.22 5628.48 5626.02 5622.54 5618.66 5618.02 5621.48 5623.89 5630.97 5639.41 5647.22 5652.14 5652.45 5651.54 5650.29 5649.33 5647.47 5645.17 5649.26 5654.96 5658.48 5655.61 5650.49 5646.94
5688.22 5691.09 5695.35 5701.1 5708.6 5716.98 5719.83 5710.84 5701.52 5694.11 5689 5686.53 5687.75 5685.28 5678.82 5671.03 5667.01 5661.43 5659.68 5657.04 5653.39 5651.08 5651.32 5652.38 5653.66 5654.51 5655.1 5654.15 5651.92 5648.76 5645.61 5642.72 5639.59 5637.01 5635.16 5633.35 5632.25 5631.26 5630.71 5631.13 5631.33 5631.02 5628.96 5626.87 5621.11 5620.3 5620.27 5620.39 5621.87 5625.93 5628.74 5633.54 5640.21 5647.33 5652.2 5651.65 5650.25 5649 5647.98 5647.08 5647.14 5650.2 5654.67 5660.75 5656.91 5642.84 5640.62
5690 5691.86 5695 5699.69 5705.48 5711.39 5712.61 5706.1 5698.57 5691.49 5685.45 5680.29 5674.77 5668.77 5668.09 5667.01 5665.57 5663.33 5659.75 5655.92 5650.33 5649.01 5650.86 5651.8 5652.28 5652.67 5652.93 5652.09 5649.32 5646.5 5643.92 5641.34 5638.56 5636.4 5634.22 5632.39 5630.37 5629.19 5627.89 5627.54 5626.9 5626.05 5624.5 5622.6 5618.14 5616.62 5619.37 5625.36 5634.2 5631.42 5634.23 5635.75 5640.04 5645.49 5649.85 5648.88 5647.31 5646.12 5645.6 5646.25 5648.56 5650.37 5649.75 5644.77 5623.78 5625.82 5633.19
5689.64 5690.43 5691.82 5694.05 5697.13 5700.01 5700.28 5696.72 5691.44 5685.92 5680.2 5673.78 5665.31 5655.51 5658.51 5662.89 5664.89 5666.38 5661.99 5657.57 5653.31 5651.91 5652.17 5651.28 5650.75 5650.14 5649.8 5649.22 5645.81 5643.17 5641.01 5638.79 5636.5 5634.6 5632.94 5630.53 5628.28 5626.68 5625.02 5623.49 5621.59 5620.38 5619.55 5617.51 5612.76 5612.93 5617.23 5622.54 5625.27 5628.79 5630.81 5634.09 5637.57 5641.43 5644.22 5644.21 5643.23 5642.48 5641.97 5642.82 5645.86 5648.94 5645.12 5633.98 5618.2 5622.24 5631.09
5687.3 5686.57 5686.2 5685.87 5685.67 5686.52 5686.75 5685.71 5683.17 5679.64 5675.09 5669.59 5664.08 5660.67 5660.01 5661.22 5663.01 5663.81 5661.32 5658.87 5658.54 5658.64 5653.61 5650.19 5648.37 5646.73 5644.76 5641.63 5641.38 5640.02 5638.05 5635.89 5633.25 5631.21 5629.23 5627.35 5625.72 5623.81 5621.72 5619.53 5617.78 5616.96 5616.33 5616.1 5612.7 5611.87 5614.93 5618.43 5621.87 5624.71 5627.81 5630.5 5633.61 5636.3 5638.22 5638.88 5638.71 5637.84 5637.08 5636.58 5637.88 5642.53 5643.31 5641.83 5637.06 5634.71 5635.7
5684.04 5682.16 5680.31 5677.66 5674.16 5668.67 5672.56 5675.46 5675.75 5674.24 5671.7 5668.22 5664.67 5661.17 5659.65 5660.32 5660.17 5659.85 5658.04 5656.61 5656.76 5657.06 5650.61 5646.88 5644.97 5643.28 5641.23 5638.93 5638.44 5636.78 5634.55 5632.26 5630.31 5628.36 5626.7 5625.17 5623.42 5621.54 5619.65 5617.03 5613.68 5614.71 5617.03 5618.04 5614.75 5612.98 5614.01 5615.65 5617.75 5619.59 5622.97 5626.58 5629.17 5631.26 5632.45 5633.71 5633.92 5633.71 5633.21 5632.7 5633.71 5636.65 5641.6 5647.51 5649.99 5645.98 5640.32
