real_craters/C094-500m.grd
DSAA
126 126
-31.325 31.325
-31.325 31.325
4546.4956197869 6200.2084155333
[rows 90 to 119 of 126, columns 0 to 66 of 126]
5723.19 5743.69 5735.83 5731.77 5705.28 5695.86 5698.04 5702.59 5713.34 5721.82 5719.6 5709.33 5697.51 5686.11 5675.31 5667.74 5664.9 5662.48 5661.86 5661.84 5663.15 5664.22 5668.46 5671.81 5674.76 5669.64 5663.74 5656.5 5659.79 5666.03 5668.6 5667.89 5666.81 5668.98 5674.27 5680.16 5684.46 5686.91 5687.49 5686.5 5684.31 5684.13 5682.86 5682.38 5685.55 5688.55 5693.76 5700.47 5709.46 5722.22 5740.5 5766.51 5770.75 5755.09 5758.08 5776.83 5792.99 5800.76 5779.56 5771.98 5775.94 5781.55 5789 5796.23 5783.62 5777.65 5767.31
5702.24 5709.92 5724.07 5737.62 5728.18 5704.58 5700.85 5706 5716.8 5726.81 5724.1 5712.9 5700.53 5689.23 5679.52 5674.21 5668.53 5663.36 5661.88 5661.44 5661.29 5662.15 5664.59 5667.72 5670.27 5669.97 5667.72 5666.6 5669.26 5674.41 5677.33 5677.83 5675.7 5678.2 5682.52 5685.85 5688.16 5689.21 5689.1 5688.11 5685.03 5682.67 5681.5 5679.11 5678.46 5681.96 5688.47 5696.03 5705.31 5716.14 5727.89 5737.47 5745.39 5745.53 5751.47 5767.1 5779.94 5788.83 5779.24 5773.61 5771.76 5770.04 5764.04 5745.54 5757.16 5766.35 5758.22
5697.81 5700.02 5704.06 5702.94 5703.06 5689.36 5688.44 5700.91 5713.45 5726 5724.79 5711.46 5699.57 5689.38 5679.95 5669.53 5664.06 5665.22 5664.18 5660.26 5658.35 5658.05 5658.34 5661.74 5666.39 5671.12 5674.79 5677.51 5682.6 5687.69 5691.53 5692.5 5689.86 5691.2 5692.05 5692.49 5692.45 5692.06 5691.88 5691.49 5689.48 5680.51 5682.61 5678.78 5677.24 5679.41 5684.17 5692.06 5700.68 5708.46 5714.66 5720.34 5726.94 5733.59 5740.69 5749.54 5750.05 5753.45 5766 5770.54 5765.12 5759.6 5752.39 5746.66 5742.26 5733.86 5725.93
5703.71 5696.6 5693.22 5685.14 5684.08 5679.75 5682.02 5692.9 5703.29 5713.34 5711.18 5701.43 5694.62 5688.23 5681.55 5674.13 5670.22 5668.53 5665.25 5662.44 5658.04 5655.83 5655.64 5652.73 5661.27 5676.51 5686.51 5689.42 5697.75 5702.19 5707.4 5712.36 5712.7 5707.3 5702.2 5698.33 5696.52 5694.55 5694.32 5694.89 5696.61 5699.33 5686.29 5678 5673.25 5672.72 5677.92 5685.98 5694.63 5702.34 5706.15 5706.55 5719.53 5730.8 5740.43 5743.37 5739.65 5738.62 5750.9 5754.02 5755.47 5752.42 5747.43 5741.93 5735.05 5727.99 5724.73
5705.54 5699.55 5694.58 5692.08 5684.3 5677.36 5680.72 5687.63 5690.79 5687.39 5682.62 5687.95 5688.23 5686.1 5683.63 5682.84 5683.54 5674.87 5668.75 5664.4 5661.15 5658.12 5654.71 5654.6 5665.16 5685.32 5709.2 5721.32 5714.32 5712.48 5717.79 5732.37 5737.14 5720.38 5708.7 5701.95 5698.79 5695.78 5696.12 5695.81 5693.37 5688.39 5684.74 5676.92 5668.44 5664.35 5672.65 5682.83 5691.75 5699.72 5705.72 5711.38 5718.79 5728.12 5736.29 5737.12 5736.92 5736.6 5741.2 5745.5 5747.78 5747.52 5745.29 5739.41 5734.04 5729.23 5723.14
5700.87 5700.04 5697.33 5696.96 5689.57 5682.24 5687.02 5686.04 5684.48 5680.36 5677.74 5682.08 5684.01 5683.78 5683.06 5683.63 5684.63 5676.31 5670.78 5667.43 5664.85 5661.31 5656.69 5652.88 5667.2 5689.37 5717.33 5732.71 5718.45 5710.86 5710.59 5719.86 5734.06 5714.79 5707.46 5702.36 5700.29 5698.4 5699.63 5699.96 5698.9 5693.02 5686.99 5678.84 5669.84 5664.13 5672.33 5681.23 5689.87 5698.64 5707.74 5715.32 5719.65 5724.71 5728.67 5731.19 5733.03 5733.84 5736.69 5740.82 5742.58 5745.33 5747.18 5748.95 5745.41 5730 5712.81
5706.01 5700.72 5695.87 5692.84 5690.01 5687.29 5686.19 5685.18 5683.75 5682.68 5682.9 5683.2 5681.48 5680.27 5679.52 5677.9 5675.36 5671.45 5670.11 5668.5 5667.58 5667.2 5665.98 5660.75 5671.6 5683.72 5697.26 5705.29 5702.85 5697.61 5690.72 5678.54 5678.32 5691.85 5695.63 5696.77 5697.64 5702.22 5702.91 5705.7 5704.89 5700.8 5691.79 5683.03 5676.85 5675.86 5677.26 5681.87 5689.41 5699.08 5709.72 5717.62 5720.1 5721.69 5721.02 5724.02 5726.43 5732.22 5735.55 5734.34 5740.86 5744.95 5748.94 5751.97 5748.81 5736.91 5726.81
5702.5 5702.06 5695.35 5690.96 5688.16 5684.42 5683.68 5684.12 5684.41 5686.01 5689.9 5685.88 5681.75 5678.69 5675.58 5671.79 5665.76 5666.32 5668.12 5668.8 5670.15 5674.34 5681.19 5689.84 5679.85 5675.65 5670.28 5676.47 5683.25 5682.29 5676.37 5668.19 5669.77 5679.01 5686.5 5691.99 5696.6 5700.7 5704.35 5708.23 5713.72 5705.91 5694.9 5685.92 5680.4 5676.82 5679.35 5682.61 5689.52 5699.31 5710.06 5716.45 5719.91 5722.71 5723.34 5727.36 5725.03 5739.27 5739.8 5740.01 5740.41 5745.04 5749.19 5750.02 5746.19 5741.43 5734.35
5703.56 5698.52 5688.27 5685.12 5686.72 5686.69 5684.13 5683.27 5683.66 5685.27 5687.13 5684.68 5681.01 5677.68 5673.28 5669.76 5666.13 5666.4 5668.55 5670.25 5672.42 5675.18 5680.75 5684.85 5678.81 5670.85 5663.41 5665.49 5671.11 5671.94 5669.04 5665.17 5667.31 5675.01 5683.03 5688.54 5692.66 5696.5 5699.42 5703.82 5709.71 5703.97 5693.29 5685.14 5679.61 5677.88 5677.02 5681.05 5687.32 5696.59 5709.28 5716 5718.97 5725.21 5737.84 5743.16 5747.69 5748.56 5745.41 5739.09 5739.93 5746.54 5751.98 5753.77 5750.9 5745.47 5734.18
5701.16 5694.33 5686.7 5684.23 5686.16 5687.02 5683.52 5681.14 5681.17 5681.74 5681.35 5680.43 5679.1 5676.63 5673.71 5669.98 5668.63 5668.35 5669.38 5671.27 5672.94 5674.52 5674.3 5672.74 5673.35 5669.48 5665.7 5665.57 5667.7 5668.33 5667.62 5665.77 5669.28 5675.26 5680.77 5685.87 5688.76 5691 5692.06 5691.52 5692.82 5691.69 5686.89 5681.64 5676.57 5672.54 5673.58 5677.59 5683.26 5690.32 5696.82 5706.82 5715.05 5722.39 5728.44 5734.23 5746.89 5758.32 5752.96 5746.34 5746.59 5752.42 5758.07 5762.12 5763.63 5751.7 5735.27
5698.57 5691.72 5685.34 5683.08 5684.97 5685.91 5681.07 5678.47 5678.3 5678.72 5677.81 5678.26 5678.26 5676.37 5673.87 5671.27 5669.47 5669.04 5670.46 5672.12 5673.16 5674.01 5673.88 5673.66 5672.51 5670.43 5668.89 5668.32 5669.28 5669.65 5669.2 5669.69 5672.01 5676.34 5680.26 5683.53 5686.21 5687.47 5686.24 5680.68 5672.32 5680.56 5681.39 5678.29 5673.9 5670.91 5670.37 5673.93 5680.1 5685.79 5691.73 5700.54 5710.51 5718.33 5724.05 5734.16 5752.76 5763.11 5756.27 5753.18 5756.43 5757.74 5763.74 5768.65 5768.49 5755.21 5732.73
5700.13 5695.45 5682.51 5681.44 5682.28 5681.46 5677.42 5674.72 5675.84 5677.96 5679.86 5680.59 5679.1 5676.75 5674.2 5672.16 5671.35 5672.04 5671.14 5672.22 5674.06 5675.18 5674.05 5674.05 5674.36 5673.06 5671.55 5671.87 5672.63 5673.88 5674.85 5673.71 5676.24 5677.66 5679.23 5681.32 5683.74 5684.91 5684.35 5681.77 5679.74 5680.59 5680.86 5678.66 5673.65 5666.14 5662.98 5673.72 5682.3 5687.47 5687.07 5699.48 5710.07 5719.21 5727.42 5736.8 5753.08 5760.31 5744.55 5743.99 5748.47 5758.05 5768 5775.64 5774.49 5761.9 5740.8
5693.54 5697.28 5690.77 5678.39 5678.53 5678.23 5674.23 5671.96 5673.95 5677.24 5681.53 5684.37 5680.12 5676.84 5674.11 5672 5670.87 5670.14 5670.93 5672.59 5674.73 5677.38 5682.51 5679.97 5678.17 5677.25 5676.97 5676.59 5677.46 5679.36 5683.12 5684.73 5681.85 5680.04 5679.29 5681.42 5682.38 5682.42 5684.98 5689.99 5690.7 5686.29 5683.87 5682.26 5679.26 5674.42 5672.19 5683.17 5690.75 5695.63 5702.54 5704.09 5710.37 5718.61 5730.72 5748.54 5725.56 5701.95 5713.3 5725.96 5733.6 5755.22 5770.55 5783.98 5791.8 5776.53 5737.36
5694.3 5692.25 5692.68 5674.17 5675.83 5675.12 5672.11 5670.56 5672.11 5675.4 5679.09 5679.7 5678.45 5675.61 5673.24 5671.03 5669.38 5668.41 5669.92 5672.38 5675.02 5677.78 5679.27 5680.91 5680.99 5681.83 5682.2 5680.81 5681.06 5682.7 5686.79 5688.67 5684.74 5682.27 5680.42 5678.7 5679.42 5679.18 5681.69 5693.44 5696.42 5687.92 5686.68 5688.24 5690.53 5693.73 5694.45 5702.64 5703.47 5704.32 5703.76 5705.57 5707.96 5711.68 5714.75 5705.98 5685.8 5669.55 5688.79 5713.22 5739.76 5752.29 5767.78 5785.73 5800.33 5785.32 5733.18
5691.65 5691.45 5691.32 5678.08 5676.8 5673.7 5670.12 5666.88 5670.19 5672.93 5675.45 5677.3 5675.65 5673.73 5671.85 5670.27 5668.43 5667.29 5669.57 5672.66 5675.56 5678.04 5681.2 5681.38 5681.85 5682.53 5683.27 5683.1 5683.44 5683.95 5684.74 5684.91 5684.82 5683.23 5681.07 5678.8 5674.52 5670.71 5669.64 5665.3 5673.24 5681.84 5687.38 5694.07 5702.49 5713.79 5729.31 5722.33 5715.43 5710.95 5708.02 5704.7 5703.51 5702.83 5699.52 5687.58 5672.08 5668.9 5680.85 5700.15 5718.56 5735.55 5756.38 5777.29 5795.69 5787.45 5733.29
5691.93 5690.72 5694.36 5687.32 5675.54 5670.74 5668.94 5668.83 5669.63 5671.09 5672.16 5672.91 5672.16 5672.24 5671.28 5669.85 5668.38 5668.06 5669.81 5673.31 5677.31 5680.39 5680.47 5682.4 5682.44 5681.36 5682.97 5685.17 5686.59 5686.89 5686.57 5686.15 5685.87 5684.41 5681.81 5678.7 5672.08 5667.1 5661.83 5656.51 5663.48 5675.83 5686.64 5696.73 5708.45 5721.8 5730.05 5728.18 5718.23 5709.31 5702.54 5697.94 5695.22 5693.53 5689.99 5682.99 5670.22 5671.6 5679.98 5691.17 5697.7 5717.34 5738.64 5757.85 5774 5777.66 5741.93
5692.98 5691.2 5691.87 5683.6 5672.15 5668.98 5668.75 5668.41 5669.71 5670.64 5670.63 5667.84 5670.67 5672.07 5671.44 5670.12 5668.97 5667.9 5670.21 5674.32 5678.88 5684.15 5688.22 5685 5683.5 5683.38 5684.53 5687.04 5689.63 5691.32 5686.91 5689.99 5689.03 5686.53 5683.31 5679.73 5675.29 5666.84 5661.43 5659.15 5664.85 5675.25 5685.79 5696.76 5708.88 5722.11 5736.18 5729.04 5709.68 5699.23 5691.54 5686.86 5686.43 5684.77 5681.09 5674.4 5675.17 5676.06 5682.53 5692.32 5702.58 5712.45 5721.6 5731.38 5737.24 5724.74 5726.33
5694.47 5694.32 5695.1 5677.69 5669.8 5669.94 5670.33 5671.43 5671.58 5671.29 5672.66 5676.52 5676.08 5672.95 5671.69 5670.91 5670.68 5670.85 5672.93 5676.33 5679.92 5682.69 5684.06 5684.54 5683.94 5684.19 5685.74 5688.57 5692.47 5697.7 5706.11 5698.27 5692.84 5688.84 5685.05 5681.16 5676.78 5668.23 5666.56 5665.7 5669.63 5676.99 5685.52 5694.45 5703.56 5712.58 5720.4 5711.09 5689.31 5665.41 5669.11 5674.56 5677.82 5679.21 5680.26 5679.57 5680.97 5685.55 5693.1 5697.28 5696.97 5698.16 5704.04 5706.9 5705.2 5702.38 5690.13
5693.2 5697.81 5690.17 5680.78 5677.36 5674.72 5672.82 5671.2 5670 5670.86 5672.34 5674.8 5674.06 5672.37 5671.8 5671.92 5672.75 5673.73 5675.68 5678.72 5681.12 5682.75 5683.58 5683.46 5682.81 5683.71 5685.61 5689.06 5693.22 5697.9 5698.12 5698.77 5694.07 5689.93 5686.28 5682.89 5679.44 5672.28 5670.6 5667.82 5672.82 5679.04 5685.2 5690.98 5695.27 5696.9 5692.26 5682.17 5672.81 5662.26 5662.59 5667.6 5671.71 5676.53 5681.89 5681.5 5679.88 5700.36 5715.37 5700.82 5693.15 5689.34 5689.61 5687.07 5681.16 5674.56 5693.67
5690.3 5692.91 5686.18 5683.84 5685.39 5680.04 5675.61 5672.73 5671.34 5670.48 5669.96 5668.94 5668.6 5670.48 5671.62 5673.2 5674.94 5677.74 5680.95 5681.28 5682.63 5684.28 5684.11 5682.92 5681.55 5680.47 5684.36 5687.9 5691.58 5694.77 5697.88 5696.08 5693.3 5690.32 5687.63 5685.39 5683.03 5679.04 5677.46 5676.67 5679.51 5682.74 5686.26 5688.26 5688.88 5685.85 5676.08 5665.87 5666.18 5664.49 5662.89 5664.98 5668.55 5672.58 5677.37 5678.74 5679.34 5693 5697.22 5693.44 5689.33 5688.18 5681.39 5675.28 5666.16 5656.38 5668.71
5692.76 5692.74 5676.45 5685.93 5688.85 5681.58 5676.55 5673.71 5672.65 5669.85 5668.25 5667.35 5667.79 5669.32 5671.51 5673.95 5676.59 5679.12 5680.21 5682.08 5683.05 5684.5 5683.89 5682.67 5682.32 5682.87 5684.04 5686.49 5689 5690.62 5691.06 5691.57 5690.35 5688.7 5687.35 5686.12 5684.97 5684.04 5681.56 5680.36 5683.98 5685.71 5687.35 5687.91 5686.01 5681.68 5676.01 5671.15 5665.09 5662.67 5662.45 5663.65 5665.86 5668.49 5671.03 5677.79 5688.16 5685.83 5679.7 5681.32 5679.99 5678.49 5674.58 5672.41 5666.52 5656.15 5666.16
5702.08 5693.45 5680.08 5683.14 5682.34 5677.53 5674.12 5671.44 5668.12 5668.16 5666.73 5666.07 5666.01 5668.59 5671.27 5674.39 5677.5 5679.96 5680.76 5682.89 5682.37 5679.55 5681.63 5682.16 5681.81 5681.92 5683.22 5684.48 5685.89 5687.71 5688.85 5687.84 5687.13 5686.4 5685.74 5685.77 5686.45 5687.93 5687.8 5686.83 5687.95 5687.71 5687.99 5687.44 5686.24 5682.97 5679.01 5674.81 5669.02 5665.53 5663.37 5663.72 5665.11 5666.43 5668.68 5674.48 5679.3 5678.23 5673.47 5672.31 5670.96 5666.91 5673.18 5679.31 5679.49 5676.25 5665.7
5698.81 5675.72 5672.24 5675.02 5671.85 5670.24 5669.04 5667.75 5667.3 5665.92 5665.32 5665.24 5666.73 5668.03 5670.86 5674.32 5678.21 5682.4 5686.51 5686.49 5684.09 5682.08 5681.84 5682.43 5682.34 5682.28 5682.33 5682.33 5682.3 5682.39 5682.76 5683.07 5682.91 5682.51 5682.5 5683 5685.06 5689.24 5693.21 5691.32 5689.35 5688.04 5687.37 5687.39 5686.39 5684.22 5681.11 5675.65 5670.4 5667.83 5666.55 5665.83 5665.47 5665.81 5667.77 5671.39 5674.88 5672.85 5669.36 5669.63 5672.21 5672.9 5685.74 5701.63 5706.18 5698.97 5685.05
5685.34 5666.65 5668.04 5666.99 5662.78 5663.19 5663.27 5663.3 5662.47 5663.23 5663.6 5663.93 5663.94 5666.67 5670.23 5673.62 5677.9 5683.04 5688.43 5688.23 5684.88 5683.31 5682.78 5683.09 5683.75 5682.72 5681.48 5680.28 5678.32 5677.37 5677.71 5678.63 5678.82 5678.8 5679.1 5679.53 5680.71 5683.61 5691.67 5688.66 5687.46 5686.85 5686.77 5687.43 5687.93 5687.88 5685.12 5677.44 5673.12 5671.19 5670.54 5669.37 5667.69 5666.42 5665.51 5669.96 5671.98 5671.55 5666.99 5677.34 5691.05 5699.95 5722.43 5747 5753.3 5737.46 5706.73
5689.01 5669.12 5659.78 5658.56 5654.7 5655.81 5657.71 5659.5 5662.15 5663.3 5662.27 5662.46 5663.64 5665.85 5668.73 5671.93 5675.55 5679.42 5684.23 5684.08 5682.4 5681.42 5682.36 5683.03 5683.09 5681.9 5680.07 5678.4 5676.54 5673.61 5674 5674.81 5674.77 5674.51 5673.96 5673.47 5672.39 5668.98 5666.5 5674.2 5679.49 5681.95 5684.65 5687.28 5690.9 5693.62 5695.04 5694.1 5680.78 5678.42 5676.93 5673.23 5669.88 5668.78 5670.62 5672.06 5676.89 5682.19 5690.15 5706.3 5728.37 5752.91 5784.81 5813.97 5825.34 5812.68 5785.47
5681.53 5664.75 5656.27 5651.21 5648.77 5651.46 5653.67 5655.81 5658.13 5659.46 5659.78 5661.1 5663.73 5665.78 5666.41 5668.7 5671.87 5674.55 5674.22 5676.16 5682.07 5682.95 5681.93 5681.38 5679.6 5679.45 5677.74 5676.71 5676.61 5675.64 5673.36 5672.02 5670.72 5669.66 5668.83 5667.21 5664.92 5657.95 5655.35 5663.48 5672.26 5677.24 5681.61 5685.98 5690.92 5696.98 5704.79 5714.51 5712.21 5697.79 5686.6 5678.2 5672.05 5668.26 5668.69 5673.91 5682.03 5690.98 5702.91 5726.79 5767.78 5828.98 5880.67 5884.49 5911.41 5945.53 5921.01
5662.76 5655.97 5654.81 5654.52 5649.13 5649.5 5650.47 5652.14 5653.62 5654.47 5656.52 5657.92 5660.23 5661.64 5662.76 5665.25 5667.83 5671.08 5675.29 5679.35 5679.83 5680.9 5679.95 5678.41 5676.59 5675.09 5673.75 5673.42 5676.07 5680.03 5672.59 5668.57 5665.97 5664.39 5662.99 5661.6 5659.98 5655.28 5654.85 5659.56 5666.94 5672.48 5677.79 5683.15 5689.22 5696.69 5706.94 5720.4 5731.8 5709.94 5692.32 5680.79 5673.31 5668.54 5668.81 5675.5 5685.27 5699.01 5713.59 5741.02 5789.79 5842.1 5879.81 5915.34 5955.82 5997.81 6011.04
5659.15 5657.06 5653.02 5650.11 5647.76 5646.66 5647.16 5648.78 5650.78 5654.73 5653.71 5653.66 5653.26 5654.21 5657.7 5661.21 5664.56 5667.86 5672.6 5678.97 5678.12 5678.15 5677.34 5675.57 5673.27 5670.35 5668.34 5666.81 5666.82 5668.32 5665.35 5662.89 5660.94 5659.18 5657.86 5656.48 5656.01 5655.8 5656.93 5659.16 5663.19 5667.94 5672.86 5678.29 5684.21 5690.83 5698.1 5704.16 5705.71 5699.74 5689.74 5680.66 5674.68 5673.91 5673.73 5677.93 5687.78 5704.83 5726.85 5757.18 5805.62 5842.17 5869.21 5918.37 5958.47 5983.74 5996.12
5663.94 5655.23 5650.88 5647.97 5645.41 5642.76 5642.86 5644.72 5647.66 5653.58 5650.11 5649.24 5648.89 5650.29 5653.87 5657.75 5660.7 5662.94 5663.93 5663.37 5678.36 5679.2 5674.5 5669.39 5666.1 5664.96 5662.85 5659.66 5655.55 5653.32 5655.89 5656.85 5655.92 5654.71 5653.51 5652.63 5652.44 5651.81 5653.62 5655.72 5659.25 5663.38 5668.02 5673.04 5677.99 5683.64 5687.02 5687.82 5682.95 5686.41 5683.01 5677.54 5673.12 5673.02 5674.94 5680.21 5689.62 5708.22 5751.1 5796.52 5836.56 5856.86 5885.44 5915.75 5957.09 5980.97 5982.36
5658.31 5650.22 5647.36 5642.26 5639.04 5637.78 5638.57 5641.02 5642.07 5640.34 5643.64 5646.06 5646.85 5647.19 5652.73 5656.47 5658.15 5659.14 5660.55 5666.2 5678.01 5676.52 5670.58 5664.35 5660.6 5660.21 5658.84 5656.22 5651.35 5648.94 5651.17 5651.97 5651.06 5649.96 5648.68 5647.15 5646.89 5648.86 5649.12 5651.19 5654.31 5658.33 5662.59 5666.81 5671.63 5674.73 5676.16 5675.45 5678.86 5679.52 5677.76 5674.37 5670.64 5668.96 5674.21 5682.77 5693.83 5715.02 5770.4 5867.12 5856.9 5866.3 5882.32 5912.27 5918.82 5931.32 5934.85
