real_craters/C094-1000m.grd
DSAA
37 37
-17.9 17.9
-17.9 17.9
3449.1736070458 4881.7780498283
4483.95 4456.63 4430.1 4431.56 4435.4 4437.18 4436.72 4434.59 4430.84 4425.41 4410.62 4398.78 4406.41 4444.65 4427.59 4414.64 4403.76 4407.69 4431.74 4423.1 4402.65 4387.04 4379.2 4390.17 4409.3 4413.35 4413.61 4417.8 4423 4430.82 4439.93 4455.05 4437.68 4428.9 4446.38 4476.04 4497.78 
4469.33 4438.69 4416.64 4431.82 4426.11 4430.92 4435.56 4436.04 4430.03 4417.88 4420.88 4411.69 4406.54 4449.58 4430.26 4411.19 4396.52 4409.67 4410.76 4422.49 4415.96 4393.76 4407.59 4410.57 4413.17 4411.73 4412.81 4423.98 4422.06 4424.58 4426.45 4423.81 4425.5 4413.9 4407.45 4426.4 4460.5 
4416.53 4422.02 4418.5 4428.48 4435.29 4436.17 4437.24 4437.42 4443.86 4448.75 4454.42 4455.33 4410.24 4411.52 4426.49 4409.47 4399.79 4408.4 4397.41 4417.68 4437.22 4470.31 4465.65 4435.91 4412.24 4397.13 4405.71 4407.26 4414.8 4418.57 4417.14 4406.33 4402.36 4401.41 4400.3 4410.3 4429.49 
4411.81 4416.51 4420.14 4423.11 4452.67 4443.8 4440.93 4441.12 4454.65 4478.49 4495.57 4478.56 4435.51 4418.34 4429.84 4419.55 4409.1 4411.8 4403.96 4418.98 4439.25 4457.1 4452.4 4435.68 4416.98 4416.63 4407.08 4403.72 4412.98 4419.18 4423.47 4413.58 4400.45 4401.75 4404.25 4403.67 4406.99 
4417.8 4418.09 4420.54 4429.16 4434.13 4445.44 4454.02 4452.41 4449.09 4525.5 4554.42 4533.84 4489.31 4457.69 4459.8 4450.54 4439.67 4430.41 4421.4 4427.09 4438.03 4437.39 4433.43 4432.01 4421.99 4415.67 4413.74 4413.33 4416.14 4421.19 4429.21 4449.13 4411.07 4402.14 4400.82 4397.58 4395.11 
4414.83 4418.14 4422.19 4427.22 4439.09 4454.33 4475.19 4495.11 4503.95 4500.61 4490.08 4504.75 4546.34 4542.79 4502.25 4487.06 4474.41 4449.39 4438.26 4446.14 4457.25 4452.71 4446.33 4449.6 4440.99 4433.14 4415.64 4416.75 4423.57 4425.55 4420.09 4405.36 4404.67 4391.29 4379.87 4383.08 4387.32 
4414.15 4415.39 4417.06 4422.54 4432.77 4461.66 4491.08 4524.84 4538.46 4489.18 4457.88 4484.65 4556.67 4542.59 4541.48 4528.99 4516 4475.08 4480.56 4507.28 4511.02 4508.3 4505.45 4483 4466.58 4448.03 4433.95 4435.76 4434.13 4433.09 4429.38 4416.76 4432.37 4399.56 4369.99 4383 4389.45 
4409.85 4414.95 4417.92 4423.18 4432.18 4465.05 4499.24 4519.76 4522.67 4513.29 4511.22 4526 4544.02 4547.25 4560.93 4581.11 4530.43 4513.1 4586.3 4582.59 4558.53 4546.85 4530.7 4521.52 4512.57 4510.58 4478.1 4456.39 4450.2 4447.21 4448.85 4441.12 4415.2 4420.27 4414.43 4396.06 4394.18 
4422.69 4412.21 4417.39 4422.45 4430.53 4471.87 4508.36 4546.07 4544.18 4525.61 4507.16 4522.33 4519.09 4528.7 4579.23 4616.97 4621.92 4686.28 4697.67 4594.38 4563.38 4594.76 4565.34 4571.15 4553.87 4537.42 4482.18 4474.2 4465.01 4460.83 4451.85 4430.98 4396.68 4401.06 4404.35 4395.4 4392.55 
4426.93 4430.4 4422.6 4418.21 4467.96 4485.22 4498.2 4519.1 4530.23 4526.33 4530.22 4526.56 4510.23 4557.99 4662.09 4712.3 4697.95 4612.76 4573.32 4428.28 4423.55 4571.78 4713.5 4600.74 4574.4 4560.06 4516.08 4486.37 4474.27 4471.75 4460.35 4435.84 4401.69 4386.69 4383.14 4381.64 4379.23 
4431.3 4432.82 4441.03 4441.8 4489.21 4485.88 4476.59 4454.81 4498.14 4524.41 4527.63 4543.5 4599.3 4719.4 4786.11 4733.86 4550.39 4342.35 4129.09 4127.27 4144.35 4156.26 4329.92 4439.92 4554.83 4648.07 4535.06 4471.32 4479.88 4489.9 4487.33 4464.48 4444.26 4390.77 4374.19 4371.23 4364.95 
4400.04 4474.34 4457.89 4453.01 4457.61 4464.13 4472.04 4487.95 4520.13 4542.85 4561.67 4669.02 4760.35 4820.6 4613.98 4387.1 4200.8 3946.88 3925.48 3921.2 3906.83 3864.96 3923.48 4175.51 4447.42 4743.17 4753.78 4540.36 4552.65 4546.53 4520.48 4490.68 4453.49 4392.52 4378.08 4372.58 4365.18 
4401.64 4419.18 4455.32 4463.16 4447.12 4449.07 4477.78 4517.54 4573.78 4612.1 4677.73 4784.79 4816.67 4548.92 4309.43 4076.73 3871.34 3690.7 3775.06 3785.85 3769.08 3795.15 3785.14 3970.84 4234.26 4526.29 4825.49 4768.27 4696.85 4629.19 4599.58 4506.21 4449.4 4420.68 4393.5 4379.33 4365.3 
4412.09 4412.73 4453.38 4472.87 4438.93 4443.12 4488.35 4546.98 4626.73 4699.45 4716.5 4675.75 4583.25 4316.25 4019.37 3766.25 3622.04 3582.34 3600.68 3601.97 3614.75 3665.09 3707.45 3826.64 3986.64 4150.33 4449.39 4881.78 4797.25 4653.86 4535.43 4490.53 4454.31 4437.57 4410.98 4389.66 4372.74 
4411.5 4419.3 4446.69 4470.74 4458.48 4465.3 4502.56 4565.62 4666.36 4764.78 4810.38 4542.86 4469.89 4127.24 3783.56 3596.4 3456.11 3470.37 3449.17 3465.15 3514.05 3508.75 3599.42 3693.64 3826.51 3984.81 4249.77 4796.53 4761.44 4629.66 4512.6 4483.48 4461.91 4431.56 4416.15 4396.07 4377.45 
4409.89 4452 4456.87 4473.16 4481.09 4498.13 4510.24 4576.44 4691.75 4780.01 4720.94 4481.35 4380.09 4022.78 3696.65 3531.9 3459.75 3494.14 3592.71 3665.89 3680.98 3629.75 3568.03 3593.98 3728.02 3883.27 4072.64 4504.98 4648.27 4585.12 4507.47 4484.84 4450.96 4430.22 4413.91 4397.5 4384.12 
4398.8 4422.78 4449.2 4457.72 4478.71 4489.94 4496.86 4579.71 4714.67 4809.55 4702.92 4368.62 4166.82 3899.41 3646.55 3502.99 3525.15 3664.55 3863.79 3996.26 3974.78 3824.33 3645.75 3589.44 3661.79 3811.77 3973.53 4356.65 4552.41 4573.21 4542.52 4495.97 4436.06 4418.33 4413.56 4401.57 4383.17 
4438.41 4460.96 4433.18 4448.3 4470.37 4504.18 4480.96 4577.3 4722.35 4826.2 4703.56 4222.91 3949.69 3782.54 3573.07 3496.66 3682.27 3880.43 4107.4 4324.53 4115.52 3902.03 3683.36 3567.59 3612.71 3712.53 3907.27 4206.95 4479.11 4567.12 4565.59 4506.61 4446.88 4427.32 4429.52 4422.29 4403.17 
4443.11 4456.51 4441.69 4446.02 4458.28 4463.09 4510.62 4597.29 4713.7 4759.6 4565.26 4122.87 3845.98 3734.13 3563.59 3479.56 3798.18 3978.32 4155.44 4244.2 4089.81 3902.13 3708.53 3601.51 3609.75 3712.39 3882.15 4181.65 4483.7 4577.15 4571.93 4505.72 4428.35 4450.85 4457.85 4438.35 4422.41 
4468.03 4439.31 4435.88 4442.37 4451.47 4467.61 4486.62 4584.19 4691.51 4747.18 4537.74 4129.82 3782.55 3683.03 3576.77 3479.1 3689.59 3875.9 4055.27 4218.33 4169.04 3929.76 3710.52 3572.75 3622.95 3763.83 3938.71 4302.28 4599.22 4661.09 4596.98 4509.09 4453.7 4447.85 4454.6 4442.55 4439.13 
4442.97 4433.04 4420.59 4438.9 4446.18 4455.43 4466.64 4548.23 4631.91 4647.59 4477.63 4112.66 3784.26 3707.99 3654.18 3588.88 3509.91 3698.11 3849.79 3959.89 4038.85 3874.05 3685.4 3585.93 3623.06 3800.57 4056.41 4454.52 4675.11 4641.94 4587.92 4500.69 4427.8 4420.42 4414.88 4421.75 4429.08 
4450.59 4426.85 4431.65 4435.74 4443.45 4454.26 4470.76 4510.44 4549.47 4595 4598.27 4238.65 3896.68 3699.09 3735.68 3660.66 3561.05 3596.65 3654.71 3670.25 3723.38 3723.51 3652.87 3585.58 3694.5 3902.29 4164.81 4457.67 4638.9 4641.06 4580.12 4494.41 4423.49 4401.46 4388.86 4399.21 4411.62 
4461.88 4438.4 4414.66 4421.36 4437.51 4454.15 4475.23 4480.41 4494.81 4533.25 4780.08 4531.68 4162.65 3887.16 3825.65 3667.68 3591.44 3581.19 3580.44 3540.18 3535.25 3637.11 3686.37 3723.44 3837.71 4044.51 4297.32 4518.31 4687.85 4683.12 4591.32 4504.83 4438.53 4401.18 4378.26 4385.44 4397.08 
4461.51 4445.87 4435.37 4419.14 4435.69 4455.41 4452.37 4473.03 4496.2 4554.27 4719.38 4603.51 4312.09 4089.27 3920.75 3666.67 3651.95 3657.48 3642.35 3587.15 3580.22 3697.25 3794.71 3875.76 4008.2 4205.45 4448.51 4761.55 4791.63 4640.11 4571.71 4512.27 4455.74 4409.9 4375.17 4381.55 4391.89 
4419.85 4455.42 4424.3 4424 4439.54 4456.2 4468.58 4480.5 4505.02 4533.67 4561.34 4619.28 4520.33 4241.58 4194.75 3924.88 3838.01 3837.02 3807.92 3769.59 3789.66 3880.79 3989.39 4079.73 4196.04 4363.6 4511.43 4589.11 4564.89 4547.22 4528.74 4493.57 4455.04 4421.66 4398.69 4391.93 4397.25 
4391.26 4403.57 4426.88 4444.28 4448.94 4447.91 4443.51 4467.18 4486.87 4484.43 4458.89 4580.88 4691.79 4478.16 4257.89 4178.84 4105.44 4065.13 4030.13 4006.95 4004.32 4123.55 4242.18 4361.94 4478.96 4514.72 4552.48 4573.51 4553.93 4544.27 4510.12 4476.82 4449.72 4425.06 4406.77 4399.44 4403.98 
4394.35 4389 4412.14 4451.96 4453.15 4442.33 4446.77 4457.27 4463.88 4466.52 4457.33 4521.02 4551.82 4538.7 4365.61 4351.78 4349.43 4322.97 4312.04 4289.09 4362.36 4414.09 4480.24 4580.5 4635.87 4589.15 4562.45 4553.08 4545.55 4519.23 4491.54 4452.51 4439.12 4424.6 4405.98 4401.19 4411.06 
4390.94 4386.75 4395.33 4446.37 4446.85 4442.64 4460.56 4461.67 4450.7 4463.2 4459.54 4477.84 4505.11 4573.42 4596.63 4660.67 4584.18 4542.87 4562.37 4656.77 4667.8 4640.03 4621.76 4671.15 4629.45 4563.71 4528.4 4504.62 4483.83 4494.66 4472.25 4445.33 4437.31 4427.77 4417.87 4415.63 4420.77 
4382.54 4387.99 4420.81 4427.95 4432.54 4448.02 4461.57 4465.2 4456.21 4474.25 4483.79 4481.11 4493.79 4550.7 4601.56 4689.21 4670.9 4620.76 4630.68 4735.02 4684.83 4637.46 4620.45 4610.8 4543.76 4512.51 4499.97 4487.96 4481.6 4473.73 4456.88 4444.04 4433.63 4432.28 4438 4441.73 4432.43 
4383.27 4392.71 4410.67 4412.2 4409.9 4420.65 4454.24 4469.86 4467.91 4458.98 4481.91 4478.63 4490.29 4514.48 4547.19 4583.13 4625.13 4599.98 4569.06 4530.09 4535.81 4542.45 4568.89 4551.71 4509.13 4484.6 4471.8 4464.84 4469.96 4450.5 4439.37 4426.52 4421.84 4424.27 4433.56 4447.07 4426.12 
4395.74 4399.72 4405.58 4404.71 4387.61 4403.59 4449.41 4471.12 4442.64 4449.18 4447.4 4460.04 4460.53 4460.49 4478.4 4511.82 4546.3 4543.45 4537.34 4539.69 4562.86 4577.96 4535.97 4521.18 4493.31 4470.28 4454.83 4444.12 4459.6 4439.21 4411.37 4399.34 4400.17 4403.01 4400.11 4379.12 4397.32 
4408.95 4396.33 4393.47 4379.05 4379.86 4399.17 4442.51 4474.96 4455.85 4467.72 4450.39 4446.77 4446.85 4449.85 4470.55 4472.7 4455.5 4487.34 4500.1 4511.96 4525.97 4514.81 4495.54 4462.69 4449.51 4443.65 4442.18 4436.84 4434.79 4419.14 4382.76 4369.18 4381.28 4385.81 4383.71 4377.91 4387.4 
4400.01 4393.55 4386.96 4383.23 4383.39 4397.55 4425.01 4455.19 4450.26 4482.7 4456.26 4438.84 4433.41 4436.64 4418.66 4416.78 4438.24 4466.47 4478 4485.61 4481.74 4467.02 4463.7 4444.11 4440.67 4434.81 4434.76 4437.65 4433.86 4421.21 4394.4 4375.23 4374.02 4377.48 4379.88 4376.52 4390.73 
4401.69 4392.31 4388.44 4387.06 4391.45 4395.44 4397.33 4383.04 4398.33 4432.8 4438.82 4431.23 4430.35 4436.03 4400.46 4410.87 4448.23 4467.74 4480.12 4477.68 4468.62 4475.64 4461.11 4449.76 4436.74 4425.96 4436.69 4442.92 4448.41 4452.55 4397.97 4383.83 4381.73 4383.1 4381.38 4375.81 4404.75 
4397.04 4395.35 4393.75 4391.75 4397.87 4395.69 4391 4389.57 4409.56 4417.04 4421.44 4424.8 4430.48 4395.33 4398.37 4424.91 4459.36 4465.91 4479.66 4457.34 4450.2 4450.81 4466.43 4478.18 4459.83 4446.32 4452.5 4449.92 4461.73 4421.25 4378.56 4390.81 4389.77 4388.21 4387.42 4381.68 4390.39 
4394.84 4395.97 4398.07 4396.89 4400.14 4396.27 4394.91 4400.91 4414.79 4418.75 4408.86 4399.53 4400.55 4400.78 4419.12 4446.8 4461.14 4459.51 4402.98 4432.35 4430.92 4425.83 4466.84 4495.74 4484 4505.93 4476.7 4492.9 4473.3 4464.04 4470.2 4431.93 4419.74 4407.71 4401.99 4392.56 4385.07 
4419.79 4397.05 4397.68 4395.48 4393.44 4393.11 4396.53 4402.95 4418.35 4407.08 4400.6 4396.07 4403.77 4408.32 4435.99 4474.64 4511.75 4506.96 4478.06 4431.23 4428.77 4438.55 4448.23 4464.29 4475.8 4474.44 4480.58 4474.51 4473.81 4468.63 4467.83 4474.41 4463.81 4443.25 4433.1 4402.49 4382.1 
