real_craters/C094-300m.grd
DSAA
210 210
-31.325 31.325
-31.325 31.325
4544.433079819 6229.0146044015
[rows 180 to 209 of 210, columns 0 to 66 of 210]
5694.27 5696.43 5699.98 5695.43 5687.08 5680.01 5676.22 5674.29 5673.12 5672.41 5672.01 5671.69 5671.6 5671.27 5670.88 5671.08 5671.87 5673.28 5675.8 5678.6 5676.38 5674.05 5672.81 5671.98 5671.74 5671.49 5671.59 5672.05 5672.42 5672.79 5674.25 5676.42 5678.35 5679.96 5681.44 5682.49 5683.44 5683.8 5683.82 5683.58 5683.4 5683.75 5684.65 5685.31 5686.77 5688.83 5691.16 5693.78 5696.73 5699.38 5699.06 5700.88 5698.75 5695.51 5692.71 5690.12 5687.8 5685.65 5683.49 5681.22 5678.86 5676.5 5670.61 5669.58 5668.28 5668.28 5669.44
5692.37 5695.58 5694.69 5689.71 5685.49 5681.18 5680.16 5678.88 5676.98 5675.07 5673.47 5672.14 5670.59 5669.25 5670.21 5670.67 5671.24 5671.95 5672.71 5672.44 5672.13 5672.06 5671.95 5671.95 5672.14 5672.28 5672.82 5673.41 5674.34 5675.23 5676.64 5678.35 5679.71 5680.97 5682.09 5682.81 5683.32 5683.55 5683.42 5682.96 5682.38 5681.93 5682.54 5684.31 5686.3 5688.49 5690.9 5693.4 5696.27 5699.3 5702.61 5700.08 5698.02 5695.45 5692.89 5690.64 5688.52 5686.5 5684.47 5682.81 5680.83 5678.78 5674.54 5673.62 5670.84 5668.66 5671.41
5690.9 5693.32 5692.19 5687.25 5684.65 5682.98 5684.82 5683.61 5680.42 5677.69 5675.55 5673.42 5671.81 5670.46 5670.74 5670.52 5670.38 5670.26 5669.8 5668.57 5668.88 5670.12 5670.95 5671.42 5672.07 5673.01 5673.78 5674.97 5676.48 5678.36 5680.02 5680.55 5681.13 5682.01 5683 5683.81 5683.87 5683.76 5683.26 5682.55 5681.72 5680.52 5680.92 5683.33 5685.56 5687.77 5690.01 5692.35 5694.56 5697.12 5699.72 5698.44 5696.44 5694.55 5692.66 5690.74 5689.04 5687.35 5685.79 5684.53 5682.95 5681.32 5679.67 5677.08 5675.71 5675.17 5675.22
5690.21 5692.52 5691.99 5688.06 5683.58 5686.41 5689.52 5686.96 5682.85 5679.28 5676.36 5674.51 5673.4 5673.51 5671.79 5670.43 5669.59 5668.97 5668.27 5667.54 5667.75 5669.03 5670.11 5671.18 5672.26 5673.35 5674.6 5676.25 5677.99 5680.4 5682.73 5681.83 5682.02 5682.72 5683.63 5684.94 5685.39 5684.08 5683.19 5682.46 5681.86 5681.41 5681.76 5683.23 5685.13 5687.02 5688.99 5690.78 5691.94 5692.32 5692.05 5694.13 5693.87 5692.81 5691.45 5690.03 5688.69 5687.52 5686.39 5685.27 5684.27 5683.15 5681.98 5680.36 5679.39 5679.73 5678.62
5693.22 5693.67 5692.44 5673.11 5680.94 5685.71 5690.36 5687.38 5682.88 5679.29 5676.64 5674.69 5673.42 5672.96 5671.38 5669.86 5668.8 5667.94 5667.44 5667.31 5667.81 5668.5 5669.63 5670.99 5672.37 5673.91 5675.45 5676.95 5678.51 5679.84 5679.93 5681.56 5682.27 5682.79 5683.34 5684.29 5684.43 5683.53 5682.88 5682.41 5682.3 5682.84 5682.92 5683.44 5684.75 5686.2 5687.69 5689.12 5690.06 5690.89 5691.11 5691.55 5691.35 5690.66 5689.8 5688.79 5687.93 5687.18 5686.42 5685.85 5685.15 5684.71 5684.47 5682.91 5680.66 5680.18 5681.34
5698.95 5693.82 5690.83 5686.76 5681.68 5684.12 5685.85 5684.1 5680.74 5677.91 5675.23 5673.66 5672.09 5670.75 5669.57 5668.7 5667.8 5667.07 5666.63 5666.71 5666.91 5667.86 5669.15 5670.7 5672.47 5674.2 5675.87 5677.56 5679.01 5680.02 5680.92 5681.71 5682.52 5682.62 5682.23 5681.97 5682.26 5682.36 5682.35 5682.24 5682.05 5681.95 5682.55 5683.18 5684.15 5685.17 5686.27 5687.38 5688.22 5690.24 5690.8 5689.85 5689.21 5688.7 5688.25 5687.62 5686.99 5686.64 5686.33 5686.29 5686.32 5686.56 5686.77 5685.88 5685.02 5684.4 5684.62
5703.31 5692.89 5689.66 5678.34 5678.11 5681.42 5681.5 5679.29 5677.02 5675.01 5673.18 5671.35 5670.25 5669.05 5668.62 5667.75 5666.79 5666.17 5665.89 5665.92 5666.01 5667.38 5668.88 5670.44 5672.17 5674.13 5676.25 5678.13 5679.84 5681.09 5681.02 5682.73 5683.55 5683.06 5681.59 5679.3 5680.21 5681.52 5681.98 5682.07 5681.88 5681.6 5682.04 5682.68 5683.3 5683.88 5684.52 5685.2 5685.83 5686.63 5687.21 5687.18 5686.69 5686.37 5686.06 5685.69 5685.17 5685.1 5685.17 5685.61 5686.25 5687.35 5688.63 5688.82 5689.37 5688.55 5687.65
5700.77 5682.86 5677.48 5674.32 5673.57 5676.18 5672.8 5673.08 5671.85 5670.68 5669.91 5668.89 5668.31 5668.47 5668.13 5666.51 5665.77 5665.49 5665.25 5665.63 5666.5 5667.31 5668.56 5670.23 5672.14 5674.19 5676.43 5678.72 5681.11 5683.33 5684.91 5686.07 5685.6 5684.35 5682.79 5681.01 5681.13 5681.74 5682.2 5682.35 5682.25 5682.06 5682.18 5682.34 5682.5 5682.62 5682.7 5682.57 5683.08 5683.1 5683.51 5683.97 5683.89 5683.8 5683.45 5683.26 5683.08 5683.09 5683.39 5684.08 5685.23 5687.08 5689.65 5691.13 5692.35 5691.29 5689.38
5691.85 5676.29 5672.77 5669.1 5669.24 5671.76 5670.56 5667.89 5667.43 5667.03 5666.6 5665.94 5665.52 5664.51 5663.5 5664.39 5664.48 5664.63 5664.61 5664.95 5665.53 5666.42 5667.94 5669.83 5671.98 5674.03 5676.42 5679 5681.79 5685.21 5689.15 5689.72 5687.45 5685.6 5684.3 5684.08 5682.81 5682.45 5682.6 5682.86 5683.02 5682.85 5682.47 5682.12 5681.76 5681.41 5681.04 5680.14 5680.38 5680.59 5680.58 5680.91 5680.8 5680.85 5680.93 5680.85 5680.74 5680.84 5681.15 5681.94 5683.04 5685.21 5688.26 5692.14 5696.22 5692.53 5689.45
5685.17 5672.85 5667.28 5668.37 5668.35 5666.66 5662.61 5662.85 5662.93 5662.97 5663.05 5663.18 5663.09 5662.59 5662.43 5663.16 5663.53 5663.72 5663.86 5663.89 5663.86 5665.16 5667.15 5669.28 5671.15 5673.38 5675.79 5678.54 5681.55 5685.06 5688.19 5689.17 5687.7 5685.57 5684.07 5683.3 5682.96 5682.81 5682.97 5683.27 5683.69 5683.63 5682.6 5681.79 5681.06 5680.32 5679.52 5678.02 5677.59 5676.9 5677.41 5678.09 5678.53 5678.79 5678.69 5678.63 5678.88 5678.94 5679.13 5679.59 5680.21 5681.73 5683.39 5687.7 5692.39 5688.84 5688.24
5686.87 5675.07 5668.51 5667.75 5665.79 5661.49 5661.85 5659.5 5658.27 5658.79 5659.55 5660.29 5661 5661.67 5662.4 5663.07 5662.9 5662.92 5662.92 5663.13 5663.62 5664.87 5666.52 5668.46 5670.56 5672.55 5674.57 5677.12 5679.68 5683.01 5686.85 5689 5686.12 5684.12 5682.69 5682.1 5682.42 5682.7 5682.96 5683.25 5682.89 5682.61 5682.18 5681.22 5680.33 5679.4 5678.33 5677.15 5675.28 5673.88 5674.8 5675.64 5676.17 5676.37 5676.39 5676.19 5675.92 5675.87 5675.79 5675.92 5675.83 5675.95 5674.5 5676.16 5679.06 5679.81 5681.95
5689.19 5674.23 5666.31 5659.12 5651.71 5655.1 5652.34 5651.35 5653.67 5655.19 5656.53 5657.83 5659.13 5660.67 5663.12 5662.57 5661.9 5661.88 5662.06 5662.56 5663.31 5664.33 5666.13 5667.64 5669.17 5670.89 5672.93 5675.14 5677.27 5679.45 5681.26 5682.61 5681.67 5681.98 5681.41 5681.17 5682.06 5682.31 5682.64 5683.26 5684.66 5683.32 5681.4 5680.15 5679.07 5678.19 5677.24 5676.5 5674.58 5672.98 5673.59 5674.03 5674.14 5674.04 5673.77 5673.48 5673.21 5672.74 5672.34 5671.64 5670.64 5669.28 5665.42 5663.16 5664.18 5669.94 5675.2
5684.86 5672.79 5663.77 5657.53 5651.77 5651.05 5649.25 5648.54 5651.11 5652.79 5654.07 5655.42 5656.84 5658.29 5659.28 5659.99 5660.17 5660.43 5661 5662.02 5663.43 5665.04 5665.93 5666.47 5667.71 5669.14 5670.97 5672.92 5674.64 5675.91 5675.04 5670.71 5677.45 5680.89 5682.38 5682.4 5682.16 5681.83 5681.86 5681.88 5681.89 5681.47 5679.89 5678.72 5677.84 5677.18 5676.69 5676.53 5675.61 5674.55 5673.52 5672.95 5672.37 5671.76 5671.05 5670.45 5670.11 5669.5 5668.6 5667.76 5666.33 5664.14 5659.03 5656.33 5657.61 5663.49 5669.78
5670.98 5662.31 5659.24 5657.15 5653.64 5653.3 5652.12 5652.13 5650.55 5651.17 5652.38 5653.55 5654.72 5655.93 5657.28 5658.12 5658.11 5658.63 5659.43 5660.89 5663.23 5665.65 5664.93 5664.91 5665.74 5666.93 5668.61 5670.68 5672.36 5673.59 5674.51 5676.1 5678.33 5681.06 5684.34 5683.81 5682.1 5681.16 5680.44 5679.63 5678.51 5677.99 5677.33 5676.51 5675.83 5675.49 5675.75 5676.75 5676.19 5674.9 5673.64 5671.83 5670.38 5669.37 5668.49 5667.72 5666.89 5666.16 5665.55 5664.33 5662.81 5660.51 5655.77 5654.4 5655.58 5660.25 5666.15
5662.53 5656.14 5655.72 5655.13 5652.71 5654.39 5651.54 5648.44 5649.16 5649.77 5650.35 5651.34 5652.34 5653.23 5653.79 5654.12 5655.57 5656.73 5657.52 5658.49 5659.9 5661.09 5661.47 5662.14 5663.4 5665 5666.75 5668.2 5670.12 5672.37 5675.02 5678.22 5679.51 5679.58 5680.34 5680.73 5680.4 5679.7 5678.82 5677.61 5676.54 5675.67 5674.71 5673.97 5673.34 5673.23 5674.42 5676.62 5680.02 5677.56 5673.09 5670.15 5668.16 5666.43 5665.32 5664.4 5663.5 5662.74 5661.93 5661.38 5660.14 5658.57 5655.13 5654.55 5655.49 5658.91 5663.67
5659.8 5656.96 5655.32 5653.73 5652 5651.48 5650.17 5649.87 5647.84 5647.89 5648.49 5649.32 5650.31 5651.12 5651.35 5651.83 5653.94 5654.76 5655.35 5655.66 5655.54 5655.59 5657.05 5658.89 5660.75 5662.49 5664.38 5666.33 5668.44 5670.64 5674.09 5678.1 5679.5 5677.95 5674.47 5677.46 5678.56 5678.17 5677.16 5675.72 5673.83 5673.15 5672.07 5670.89 5670.04 5669.6 5670.43 5672.44 5677.53 5674.35 5669.68 5666.82 5664.64 5663.13 5661.95 5660.92 5660.13 5659.35 5658.73 5658.11 5657.48 5655.19 5655.57 5655.46 5656.05 5658.14 5661.67
5659.62 5659.92 5656.56 5653.63 5651.34 5649.54 5648.44 5645.62 5646.11 5645.92 5646.31 5647.13 5648.28 5649.74 5651.73 5654.01 5653.64 5653.07 5652.77 5652.4 5652.05 5651.94 5653.5 5655.73 5657.96 5660.28 5662.26 5664.1 5665.95 5667.93 5670.63 5674.65 5676.79 5677.39 5679.41 5678.59 5677.8 5676.53 5675.25 5674.83 5674.07 5670.88 5668.82 5667.65 5666.38 5665.18 5664.51 5663.46 5660.16 5663.27 5663.11 5662.23 5661.42 5660.47 5659.53 5658.61 5657.66 5656.93 5656.14 5655.59 5655.43 5654.83 5655.9 5657.61 5656.78 5658.56 5660.55
5666.8 5662.1 5655.63 5652.39 5649.12 5648.56 5647.03 5647.11 5644.56 5643.38 5643.64 5644.49 5645.89 5647.62 5650.17 5653.04 5652.29 5650.7 5650.11 5649.78 5649.54 5649.78 5651.16 5653.34 5655.88 5658.16 5660.01 5661.66 5663.22 5664.45 5665.39 5665.54 5667.58 5675.12 5679.29 5679.3 5677.15 5674.53 5671.97 5669.74 5668.68 5666.99 5665.43 5664.32 5662.98 5661.09 5658.98 5656.53 5654.73 5655.44 5657.22 5657.95 5657.76 5657.13 5656.4 5655.79 5654.97 5654.12 5653.52 5653.39 5653.27 5652.42 5653.29 5655.01 5655.01 5656.56 5658.13
5642.13 5647.93 5651.33 5650.46 5648.95 5646.98 5643.68 5640.11 5639.46 5640.4 5641.19 5642.06 5643.2 5644.53 5646.36 5648.38 5647.49 5647.41 5647.56 5647.69 5647.63 5647.73 5648.87 5651.75 5654.47 5656.7 5658.28 5659.74 5660.78 5661.47 5661.5 5660.33 5661.3 5674.95 5681.72 5679.18 5675.72 5672.16 5668.43 5664 5662.27 5662.91 5662.33 5661.48 5659.99 5657.93 5655.47 5652.15 5649.29 5651.26 5652.97 5654.07 5654.58 5654.3 5653.64 5652.68 5651.69 5651.12 5650.6 5650.3 5650.25 5649.62 5649.4 5649.22 5651.81 5653.96 5655.64
5658.91 5652.7 5649.69 5647.99 5645.96 5642.22 5640.53 5638.33 5637.73 5638.44 5638.53 5640.29 5641.13 5641.8 5641.84 5640.44 5641.7 5644.16 5645.77 5646.51 5646.82 5646.81 5647.95 5651.49 5654.34 5656.34 5657.46 5658.31 5658.91 5659.48 5660.41 5662.63 5667.97 5674.96 5678.76 5676.75 5673.34 5669.67 5665.85 5662.94 5660.76 5660.27 5660.05 5659.29 5658.19 5656.51 5654.49 5650.67 5648.5 5649.78 5650.99 5651.8 5651.88 5651.3 5650.56 5650.04 5648.99 5648.32 5647.41 5646.78 5646.61 5646.74 5649.18 5649.41 5649.32 5650.78 5652.43
5651.25 5649.64 5646.88 5644.65 5642.85 5641.42 5639.3 5637.91 5637.25 5636.24 5636.62 5637.34 5638.09 5638.6 5638.8 5638.69 5639.89 5642.68 5644.86 5646.59 5647.93 5648.73 5649.94 5653.51 5655.91 5656.95 5657.38 5657.38 5657.56 5658.15 5659.51 5662.79 5670.1 5671.71 5673.35 5672.53 5670 5666.95 5663.33 5658.79 5658.52 5658.8 5658.36 5657.76 5656.8 5655.86 5655.18 5652.51 5650.55 5650.91 5650.76 5650.54 5649.97 5649.73 5648.83 5647.77 5646.59 5645.67 5644.33 5643.13 5641.92 5641.43 5644.16 5645.11 5645.24 5646.98 5649.03
5643.17 5643.25 5642.77 5642.22 5641.96 5641.97 5638.43 5635.4 5632.9 5634.15 5635.01 5635.8 5636.52 5637.15 5637.8 5638.88 5640.84 5642.34 5644.45 5647.31 5650.4 5653.25 5655.3 5658.09 5657.99 5657.24 5657.07 5656.68 5656.48 5656.62 5657.38 5658.69 5658.61 5666.92 5669.01 5667.54 5665.91 5664.32 5662.57 5660.65 5658.61 5657.72 5657.08 5656.57 5656.15 5655.95 5656.97 5658.09 5656.37 5653.14 5651.09 5650.3 5649.11 5648.06 5646.58 5645.21 5643.71 5641.83 5640.22 5638.55 5636.78 5634.24 5632.08 5634.89 5638.97 5642.64 5645.49
5637.57 5638.01 5639.29 5640.41 5641.44 5641.75 5638.21 5634.16 5632.6 5633.19 5634.17 5634.88 5635.38 5635.99 5636.83 5638.57 5640.63 5641.23 5643.87 5647.46 5652.27 5659.05 5667.81 5664.16 5659.72 5657.28 5656.08 5655.18 5654.91 5654.71 5655.02 5655.3 5657.37 5659.97 5661.19 5661.59 5661.38 5660.83 5661.4 5662.33 5658.99 5656.82 5655.7 5655.33 5655.11 5655.36 5656.94 5658.81 5657.21 5653.81 5651.16 5649.55 5648.04 5646.38 5644.62 5643.24 5641.14 5639.05 5637.1 5634.98 5632.74 5629.4 5627.13 5629.64 5634.17 5638.4 5641.67
5633.26 5633.7 5636.5 5638.04 5637.28 5635.88 5631.87 5632.31 5633.06 5633.32 5633.95 5634.36 5634.6 5634.79 5635.18 5636.03 5637.5 5639.05 5642.2 5646.23 5651.37 5657.84 5663.79 5661.11 5657.72 5655.65 5654.42 5653.4 5652.82 5652.2 5652.33 5651.72 5651.48 5650.14 5653.15 5655.13 5655.89 5656.42 5656.62 5656.85 5655.39 5654.26 5653.44 5653.46 5653.59 5653.84 5654.68 5653.36 5653.57 5652.44 5650.44 5648.47 5646.74 5644.95 5643.16 5640.83 5639.33 5637.08 5634.85 5632.42 5629.51 5627.31 5626.28 5627.92 5630.93 5635.43 5638.4
5635.28 5633.41 5635.52 5637.56 5634.61 5624.88 5627.68 5633.06 5633.7 5634.43 5634.43 5634.34 5634.19 5634.05 5633.68 5633.13 5633.04 5635.33 5639.52 5644.06 5648.26 5651.08 5650.58 5652.16 5653.33 5652.75 5651.88 5651.22 5650.54 5649.86 5649.84 5648.65 5646.42 5645.61 5648.79 5650.65 5651.27 5651.14 5650.22 5649.56 5650.36 5650.46 5650.68 5651.28 5651.92 5652.22 5652.45 5652.34 5651.34 5650.91 5649.34 5647.78 5645.29 5643.37 5641.44 5639.51 5637.26 5635.53 5633.22 5630.87 5628.09 5626.73 5625.79 5627.56 5630.81 5634.06 5637.22
5636.03 5634.24 5635.44 5636.72 5635.76 5637.95 5641.56 5636.43 5636.96 5636.27 5635.13 5634.76 5634.42 5633.95 5633.11 5631.52 5629.02 5632.31 5637.95 5642.07 5645.11 5647.08 5648.3 5649.57 5649.73 5649.79 5649.34 5649.03 5648.69 5648.47 5648.78 5647.94 5646.4 5646.41 5647.62 5648.1 5647.6 5646.66 5646.13 5645.68 5645.83 5646.58 5647.64 5649.05 5650.45 5652.19 5652.06 5647 5650.55 5650.24 5648.59 5646.43 5644.54 5642.7 5640.77 5639.07 5636.91 5634.7 5632.36 5629.93 5627.06 5626.47 5627.11 5627.44 5630.12 5633.16 5636.12
5639.4 5637.56 5635.77 5634.46 5634.45 5633.88 5632.48 5634.78 5635.96 5635.9 5635.29 5635.14 5634.66 5634.54 5634.14 5633.43 5632.45 5635.19 5639.01 5641.62 5643.61 5644.9 5645.99 5646.26 5646.43 5646.57 5646.7 5646.92 5647.05 5647.32 5648.94 5648.66 5647.91 5648.58 5648.38 5647.2 5644.93 5642.16 5640.64 5640.48 5641.13 5642.74 5644.57 5646.75 5648.81 5651.78 5655.3 5660.05 5652.72 5649.54 5647.17 5645.06 5643.4 5641.75 5639.93 5638.32 5636.58 5634.41 5632.05 5629.47 5626.15 5624.7 5624.86 5626.69 5630.09 5632.95 5635.79
5641.9 5640.09 5636.14 5634.2 5633.86 5633.26 5632.4 5633.74 5634.45 5634.64 5634.92 5635.3 5636 5636.5 5636.88 5637.61 5639.78 5641.77 5641.9 5642.55 5643.03 5643.04 5641.82 5641.08 5643.09 5644.16 5644.71 5645.23 5645.78 5646.76 5649.1 5650.73 5651.32 5650.79 5650.76 5647.86 5643.47 5638.12 5632.62 5633.35 5636.39 5639.25 5641.53 5643.88 5646.19 5649.25 5651.5 5652.1 5650.81 5647.92 5645.82 5643.78 5642.18 5640.48 5638.85 5637.17 5636.22 5634.3 5632.13 5629.2 5626.15 5624.06 5624.27 5626.54 5630.5 5633.34 5636.01
5641.37 5634.93 5634.85 5635.08 5634.66 5634.89 5635.36 5634.52 5633.41 5632.75 5635.04 5636.89 5637.63 5638.44 5639.3 5640.83 5642.89 5643.87 5644 5643.81 5643.28 5642.36 5641.59 5641.72 5641.79 5642.12 5642.44 5642.97 5643.71 5645.05 5648.26 5652.27 5658.1 5659.63 5655.68 5649.58 5643.53 5637.18 5630.56 5630.75 5633.49 5636.05 5638.32 5640.49 5642.68 5645.25 5647.41 5648.11 5646.73 5644.97 5643.5 5641.8 5640.13 5638.8 5637.5 5636.54 5635.3 5633.97 5632.42 5630.18 5626.84 5624.54 5625.37 5627.96 5631.71 5634.31 5636.74
5641.29 5636.45 5635.01 5634.84 5635 5635.78 5636.7 5636.13 5635.7 5635.33 5637.2 5638.3 5638.92 5639.98 5641.27 5643.03 5644.91 5646.33 5645.69 5644.8 5643.85 5642.81 5642.09 5641.56 5640.8 5640.35 5640.26 5640.67 5641.38 5642.69 5645.47 5649.12 5655.44 5661.64 5656.37 5649.78 5643.97 5638.92 5635.63 5632.8 5632.72 5633.74 5635.23 5636.84 5638.9 5641.16 5642.66 5643.33 5642.81 5641.87 5640.36 5639.19 5638.38 5637.48 5636.57 5636.11 5634.82 5634.26 5633.69 5632.79 5629.58 5625.67 5627.92 5630.61 5633.98 5635.85 5637.78
