real_craters/C094-500m.grd
DSAA
126 126
-31.325 31.325
-31.325 31.325
4546.4956197869 6200.2084155333
[rows 60 to 89 of 126, columns 0 to 66 of 126]
5708.67 5674.32 5623.86 5703.73 5707.34 5682.77 5675.9 5681.21 5682.78 5664.28 5645.88 5647.08 5645.82 5646.77 5650.49 5655.24 5659.87 5665.92 5670.94 5676.25 5681.53 5686.41 5690.55 5695.56 5698.6 5703.18 5708.57 5714.95 5718.7 5717.31 5716.83 5720.14 5730.6 5745.61 5762.5 5780.72 5799.27 5805.19 5806.3 5814.12 5827.49 5863.89 5920.75 5967.64 5983.27 5936.12 5809 5622.2 5393.92 5142.02 4917.61 4740.68 4629.68 4590.18 4578.42 4579.74 4578.62 4574.04 4569.95 4568.4 4566.21 4602.58 4670.12 4666.14 4658.65 4649.28 4632.32
5714.24 5724.96 5681.48 5706.74 5696.24 5676.98 5669.88 5674.29 5682.21 5668.17 5653.88 5641.04 5638.66 5643.1 5647.19 5651.78 5656.98 5662.26 5668.88 5674.29 5678.43 5683.54 5688.01 5691.76 5696.63 5701.48 5706.38 5711.45 5716.08 5716.58 5717 5717.54 5732.55 5749.18 5765.22 5783.34 5804.67 5805.2 5805.52 5809.69 5822.36 5855.99 5918.27 5974.1 5992.49 5942.95 5812.71 5623.51 5398.25 5154.27 4937.29 4762.35 4645.54 4599.73 4586.41 4577.59 4570.36 4569.03 4566.05 4568.82 4584.07 4616.56 4650.17 4663.13 4671.34 4670.23 4659.67
5714.33 5717.36 5723.33 5710.1 5687.57 5671.58 5665.26 5668.2 5672.32 5667.59 5658.79 5645.87 5640.02 5642.54 5646.4 5650.72 5656.09 5661.56 5667.28 5672.99 5677.51 5682.44 5688.21 5692.86 5696.53 5699 5702.43 5705.15 5710.78 5717.78 5724.1 5729.66 5740.52 5752.68 5766 5778.62 5791.03 5796.41 5797.71 5800.05 5804.7 5836 5915.42 5987.63 6024.21 5973.24 5837.16 5647.12 5429.25 5203.28 4994.26 4812.87 4687.36 4619.26 4591.07 4581.41 4566.61 4563.2 4561.79 4570.23 4612.56 4627.23 4620.66 4661.02 4683.1 4691.78 4692.47
5703.73 5699.55 5695.68 5686.88 5675.64 5665.56 5659.06 5657.97 5663.91 5667.27 5661.55 5652.79 5645.65 5643.31 5645.28 5647.83 5652.83 5658.04 5664.77 5670.76 5676.01 5681.86 5686.85 5692.18 5696.11 5699.29 5701.65 5704.83 5711.33 5721.58 5733.93 5745.69 5749.18 5756.37 5764.75 5773.05 5780.44 5787.21 5790.84 5793.71 5800.69 5832.7 5916.46 6000.37 6059.38 6026.8 5869.51 5680.88 5473.94 5255.01 5037.42 4864.54 4714.92 4642.18 4597.9 4571.45 4556.96 4554.04 4563.52 4586.97 4648.85 4674.08 4662.83 4683.98 4694.41 4697.92 4700.17
5694.63 5694.66 5692.13 5680.87 5674.49 5665.89 5659.12 5656.23 5663.41 5671.76 5668.4 5655.96 5645.66 5643.27 5644.48 5646.47 5650.64 5655.57 5661.12 5667 5673.67 5680.5 5686.77 5692.62 5698.43 5701.31 5699.84 5704.25 5712 5725.59 5738.31 5748.05 5752.92 5757.76 5764.93 5772.68 5779.09 5783.7 5786.37 5792.06 5802.51 5829.94 5914.99 6002.95 6048.62 6009.12 5884.92 5715.64 5527.98 5335.28 5145.1 4956.09 4780.31 4687.81 4615.1 4568.12 4548.72 4547.43 4560.15 4579.34 4619.52 4675.31 4725.44 4710.52 4697.67 4688.87 4673.54
5688.6 5688.49 5683.18 5684.17 5679.61 5672.33 5664.61 5664.39 5668.56 5671.23 5666.55 5655.47 5645.44 5641.9 5643.37 5645.71 5649.96 5654.55 5660.25 5666.2 5672.65 5680.72 5687.95 5695.25 5701.77 5708.89 5711.82 5695.82 5717.68 5731.32 5742.09 5749.67 5752.55 5757 5763.71 5775.94 5783.6 5782.27 5784.69 5793 5807.31 5840.42 5911.57 5998.18 6067.34 6016.33 5890.78 5739.58 5578.79 5417.6 5259.51 5075.27 4905.55 4768.93 4663.04 4576.88 4548.14 4546.5 4556.3 4563.41 4567.93 4633.08 4705.58 4698.73 4683.21 4667.28 4646.41
5683.41 5682.02 5682.39 5693.76 5702.09 5680.57 5662.76 5673.26 5675.11 5673.79 5665.61 5653.46 5640.39 5639.86 5642.35 5645.11 5650.21 5655.15 5660.71 5667.6 5674.32 5681.4 5688.21 5696.69 5706.28 5718.05 5738.15 5758.63 5743.22 5738.77 5741.6 5746.7 5749.87 5753.16 5756.03 5761.53 5772.38 5778.02 5785.67 5796.07 5811.72 5832.66 5896.93 5968.04 6007.51 5973.28 5877.71 5753.97 5615.74 5475.2 5336.66 5163.28 4993.5 4848.65 4735.97 4624.71 4570.2 4560.54 4558.9 4564.21 4568.89 4600.32 4635.04 4651.4 4657.25 4652.26 4638.08
5679.92 5676.22 5678.27 5692.05 5697.4 5685.18 5680.2 5688.4 5680.45 5672.37 5664.16 5654.11 5643.35 5642.24 5643.51 5645.93 5649.91 5655.47 5661.15 5666.57 5673.97 5681 5686.72 5695.12 5705.32 5717.93 5735.79 5753.5 5745.35 5740.64 5736.38 5742 5745.94 5748.87 5749.71 5751.06 5762.38 5773.28 5785.81 5801.16 5819.74 5843.27 5891.12 5935.58 5936.77 5919.43 5855.38 5756.69 5638.06 5510.73 5363.54 5217.62 5067.72 4915.44 4781.75 4681.43 4622.26 4594.58 4577.5 4572.09 4574.6 4583.31 4591.09 4614.77 4635.87 4642.84 4640.05
5680.48 5676.82 5682.24 5684.31 5683.12 5679.96 5680.53 5685.91 5679.75 5670.14 5664.23 5656.58 5648.87 5645.2 5645.4 5647.14 5650.55 5655.16 5661.85 5667.36 5671.94 5678.18 5685.08 5694.33 5702.77 5711.56 5717.37 5723.06 5736.92 5741.59 5743.44 5746.22 5747.46 5747.45 5747.02 5750.78 5761.36 5773.73 5786.99 5805.11 5828.23 5859.78 5893.39 5923.67 5932.39 5896.89 5837.03 5755.91 5658.78 5548.29 5434.13 5297.2 5132.57 4972.8 4825.52 4739.26 4685.45 4635.18 4603.39 4581.81 4573.13 4587.98 4601.73 4617.97 4635.8 4646.65 4648.92
5683.82 5686.94 5690.42 5682.11 5675.71 5671.02 5668.27 5674.38 5677.2 5674.68 5666.03 5658.38 5650.72 5647.32 5646.11 5646.94 5650.61 5655.4 5660.69 5665.56 5671.5 5678.96 5685.55 5691.88 5699.18 5707.13 5714.27 5723.38 5733.31 5745.36 5756.57 5753.31 5748.66 5748.45 5750.65 5754.03 5763.56 5775.36 5789.85 5805.45 5826.43 5853.72 5879.21 5901.47 5908.15 5874.68 5823.3 5753.87 5672.67 5577.89 5471.59 5338.01 5169.02 5013.44 4885.8 4799.89 4733.88 4677.29 4633.29 4601.48 4607.91 4623.58 4626.18 4635.03 4650.46 4660.91 4663.48
5685.58 5692.25 5693.39 5683.49 5673.96 5664.92 5660.63 5667.46 5672.26 5672.81 5666.65 5658.53 5650.33 5645.63 5644.44 5645.46 5648.33 5652.19 5658.46 5664.46 5670.17 5677.14 5682.97 5689.9 5696.26 5702.35 5708.65 5718.11 5729.81 5743.09 5755.2 5754.35 5749.46 5750.6 5755.26 5762.99 5767.4 5775.65 5787.84 5802.18 5818.62 5838.11 5855.39 5864.84 5859.54 5846.18 5810.44 5756.1 5690.62 5604.89 5498.43 5350.51 5176.36 5013.03 4940.76 4850.96 4771.12 4722.7 4675.99 4627.37 4638.9 4658.86 4665.17 4671.59 4685.24 4688.02 4681.87
5685.22 5688.75 5694.45 5692.59 5675.47 5659.53 5652.26 5659.62 5667.67 5668.31 5664.64 5657.32 5647.85 5643.05 5643.11 5645.32 5648.64 5652.89 5658.56 5663.36 5668.84 5674.16 5680.12 5685.98 5691.31 5698.16 5705.51 5714.41 5724.48 5735.05 5743.31 5747.98 5746.75 5748.56 5753.14 5764.48 5764.8 5771.38 5781.71 5793.23 5805.17 5814.75 5820.67 5835.35 5835.82 5826.84 5800.14 5760.57 5709.75 5641.34 5552.17 5421.05 5233.09 5058.44 4984.52 4902.38 4827.29 4783.88 4749.93 4705.88 4675.71 4699.16 4734.31 4763.43 4735.3 4726.67 4717.58
5692.64 5699.88 5695.8 5682 5669.23 5653.77 5646.49 5658.13 5668.13 5669.27 5663.59 5656.01 5647.21 5642.44 5641.38 5644.12 5648.04 5652.74 5657.83 5664.32 5669.64 5673.77 5680.39 5684.4 5689.64 5693.13 5696.37 5707.92 5718.51 5728.69 5737.22 5741.52 5742.18 5742.54 5741.56 5744.55 5756.8 5765.3 5775.41 5784.15 5793.01 5800.38 5808.96 5814.77 5812.79 5814.53 5801.3 5778.09 5743.34 5697.53 5633.61 5531.35 5334.18 5135.29 5037.01 4955.38 4886.31 4850.33 4849.1 4870.97 4842.63 4817.63 4794.62 4772.99 4767.74 4762.57 4768.55
5710.27 5725.89 5704.23 5684.04 5665.11 5650.93 5647.01 5659.21 5666.47 5667.12 5662.5 5654.95 5645.15 5637.5 5639.5 5644.07 5648.73 5654 5658.68 5664.21 5668.79 5673.84 5681.42 5685.56 5688.86 5691.61 5693.68 5705.2 5714.77 5721.34 5729.16 5736.51 5740.1 5739.66 5739.88 5743.27 5752.63 5761.53 5769.67 5776.65 5783.55 5789.22 5797.08 5811.28 5808.24 5811.27 5808 5799.56 5781.69 5753.47 5711.1 5641.87 5440.12 5218.27 5127.63 5017.31 4937.95 4908.85 4919.25 4948.62 4950.11 4917.51 4841.81 4796.89 4796.26 4815.53 4833.84
5723.32 5744.65 5710.71 5678.65 5660.65 5649.83 5646.35 5655.71 5663.38 5665.56 5661.39 5654.63 5645.54 5639.09 5640.76 5645.59 5650.16 5654.8 5659.32 5664.27 5668.17 5672.79 5677.79 5683.88 5688.57 5695.38 5704.14 5708.17 5716.31 5724.47 5730.05 5734.71 5736.06 5738.78 5740.69 5744.63 5750.19 5757.01 5763.42 5768.92 5773.3 5776.28 5775.59 5779.12 5788.78 5804.84 5813.35 5815.89 5811.31 5796.39 5763.11 5698.61 5513.94 5288.03 5171.04 5074.16 4998.05 4962.36 4963.01 4974.75 4959.38 4924.36 4874.01 4835.63 4861.58 4901.89 4943.67
5724.31 5741.25 5711.18 5670.44 5655.54 5648.5 5648.03 5649.7 5662.62 5664.6 5661.04 5655.62 5649.85 5644.22 5644.69 5648.06 5651.58 5656.28 5659.99 5664.78 5668.85 5676.16 5680.16 5684.08 5688.22 5693.8 5701 5708.63 5718.01 5728.41 5732.64 5734.42 5736.62 5738.45 5742.27 5744.95 5748.76 5753.85 5758.06 5762.25 5765.31 5767.58 5769.54 5762.69 5772.48 5792.7 5809.12 5823.51 5828.52 5819.74 5796.75 5727.35 5567.23 5357.11 5225.36 5146.1 5072.75 5035.26 5021.63 4996.85 4991.09 4940.84 4940.59 4933.06 4975.75 5040.14 5111.12
5727.53 5742.61 5709.48 5669.47 5655.82 5649.76 5649.77 5651.02 5661.57 5662.93 5660.13 5656.13 5652.73 5650.94 5650.92 5651.27 5653.4 5656.78 5661.12 5665.36 5672.59 5677.28 5681.75 5685.79 5688.77 5691.36 5697.61 5707.52 5718.14 5728.02 5731.53 5733.16 5734.47 5735.28 5737.91 5742.37 5745.57 5750.1 5755 5758.73 5761.2 5762.22 5759.68 5755.54 5763.57 5784.1 5801.12 5815.52 5827.31 5832.47 5830.05 5780.67 5653.99 5455.2 5338.89 5269.98 5190.11 5146.39 5151.93 5145.2 5131.7 5094.09 5100.05 5102.99 5150.46 5234.12 5320.08
5734.05 5738.61 5705.09 5675.46 5663.26 5659.97 5654.07 5654.96 5660.93 5659.88 5657.89 5655.3 5653.26 5651.86 5652.21 5652.45 5654.95 5658.66 5663.12 5667.82 5672.01 5678.62 5683.02 5687.54 5691.21 5691.4 5697.45 5707.76 5716.75 5723.63 5728.18 5730.37 5732.09 5732.74 5731.92 5738.81 5743.4 5748.01 5751.77 5755.03 5757.11 5757.44 5755.17 5742.17 5759.36 5779.72 5799.04 5821.49 5838.2 5854.32 5868.44 5866.82 5808.87 5637.77 5539.43 5456.03 5364.48 5325.2 5365.47 5381.94 5369.94 5351.9 5343.8 5347.22 5385.46 5474.43 5563.31
5739.66 5733.1 5697.49 5677.67 5671.31 5665.83 5657.28 5653.99 5653.79 5654.96 5654.82 5653.54 5652.6 5649.16 5648.37 5652.55 5656.15 5659.87 5664.21 5668.26 5674.87 5679.61 5684.68 5690.62 5697.64 5702.38 5706.35 5709.83 5714.07 5718.56 5723.45 5726.91 5729.69 5731.93 5735.99 5738.03 5742.01 5746.43 5750.51 5754.08 5755.4 5755.9 5754.23 5753.58 5762 5776.91 5795.38 5814.05 5835.34 5862.83 5884.89 5910.62 5912.08 5880.19 5791.4 5673.43 5591.61 5570.59 5642.26 5660.22 5638.86 5620.88 5626.08 5632.48 5656.17 5723.36 5800.47
5734.72 5734.61 5704.33 5683.54 5676.61 5675.19 5662.17 5656.18 5654.05 5652.51 5652.78 5652.63 5652.65 5649.91 5651.55 5654.71 5658.95 5663.01 5666.93 5671.41 5675.71 5680.23 5684.97 5691.11 5700.78 5722.75 5715.48 5709.98 5710.7 5713.68 5718.79 5722.96 5726.15 5728.39 5732.69 5736.18 5740.55 5744.37 5748.43 5752.22 5754.86 5756.57 5754.34 5751.66 5761 5775.1 5792.09 5807.23 5826.78 5848.47 5871.22 5894.53 5902.03 5898.13 5903.9 5826.81 5802.05 5856.69 5930.49 5911.17 5867.85 5889.87 5910.07 5907.1 5944.54 5939.72 5962.66
5721.73 5727.99 5716.18 5687.82 5672.08 5663.92 5660.44 5654.75 5650.17 5650.04 5651.23 5653.29 5653.87 5653.35 5655.73 5657.93 5661.49 5664.86 5668.38 5671.42 5676.11 5680.3 5684.49 5688.5 5689.47 5678.53 5699.06 5703.96 5706.87 5710.68 5715.1 5719.73 5722.92 5722.93 5725.68 5732.79 5737.3 5741.43 5745.27 5748.82 5753.04 5757.37 5762.6 5752.85 5760.22 5772.84 5783.24 5796.2 5812.03 5830.12 5847.83 5863.32 5870.1 5873.13 5878.24 5868.49 5885.83 5928.91 5966.29 5973.81 5965.48 6011.95 6049.91 6039.71 6104.85 6042.95 6020.04
5701.57 5712.07 5703.29 5686.34 5670.73 5662.79 5660.58 5660.69 5649.74 5649.65 5651.54 5653.88 5655.82 5657.39 5659.14 5661.82 5664.22 5666.27 5669.24 5671.95 5675.03 5678.7 5682.68 5687.09 5689.75 5688.03 5694 5698.78 5701.64 5705.95 5711.91 5717.54 5722.29 5725.15 5727.85 5731.19 5734.35 5737.68 5740.85 5745.18 5750.21 5755.88 5759.71 5759.87 5764.08 5771.29 5777.13 5782.14 5796.61 5808.13 5818.05 5822.11 5813.98 5810.06 5831.3 5852.24 5867.77 5877.63 5892.95 5920.98 5939.28 5939.38 5927.82 5982.75 6020.8 5998.94 5985.65
5694.54 5705.77 5703.84 5686.98 5672.72 5663.44 5660.01 5657.72 5654.64 5652.27 5653.36 5655.82 5658.56 5661.21 5664.1 5665.17 5667.13 5668.48 5670.1 5672.23 5674.38 5676.86 5680.48 5685.86 5696.31 5706.6 5698.54 5696.5 5697.85 5702.34 5708.68 5715.21 5721.87 5727.68 5729.74 5729.67 5731.23 5733.37 5736.24 5739.79 5745.54 5752.09 5757.77 5762.91 5769.08 5769.24 5768.94 5770.32 5776.52 5782.55 5786.68 5790.8 5783.97 5795.67 5814.2 5828.69 5836.52 5835.02 5830.26 5869.35 5884.89 5874.55 5860.93 5894.79 5879.56 5899.02 5910.25
5699.14 5711.55 5706.22 5686.86 5667.5 5665.28 5660.61 5653.01 5652.5 5653.66 5655.5 5658.48 5661.48 5664.2 5664.53 5667.12 5669.24 5669.96 5670.75 5671.61 5671.35 5672.8 5674.75 5678.9 5687.76 5696.57 5692.74 5691.92 5693.36 5698.44 5705.19 5712.98 5720.43 5725.01 5727.28 5726.68 5725.71 5727.05 5730.18 5734.13 5740.19 5748.58 5758.83 5772.62 5777.17 5770.77 5764.54 5760.74 5758.85 5761.5 5764.39 5773.38 5791.95 5807.69 5810.33 5811.43 5809.59 5806.34 5807.45 5829.74 5846.52 5853.67 5857.79 5859.29 5856.89 5850.44 5846.28
5712.82 5724.6 5717.99 5689.87 5669.44 5670.8 5664.68 5659.54 5654.24 5654.59 5657.77 5661.11 5664.62 5667.9 5670.53 5672.42 5671.85 5670.51 5669.04 5668.56 5668.23 5668.13 5667.82 5667.72 5665.75 5670.6 5681.43 5687.1 5688.81 5695.67 5701.76 5707.79 5715.37 5727.44 5722.4 5719.94 5719.2 5719.66 5721.85 5724.87 5729.95 5738.99 5755.88 5770.87 5775.77 5763 5754.08 5746.88 5743.09 5739.81 5740.76 5750.14 5773.15 5797.43 5790.21 5782.16 5788.85 5799.42 5809.2 5812.56 5818.39 5830.54 5849.09 5826.91 5802.88 5792.42 5795.96
5720.07 5709.9 5703.32 5691 5680.51 5674.55 5666.2 5661.18 5659.28 5659.54 5661.13 5664.78 5668.21 5671.27 5675.33 5676.11 5672.13 5670.64 5668.85 5667.61 5666.6 5666.03 5663.83 5660.43 5656.37 5661.53 5675.29 5687.69 5697.14 5695.91 5696.71 5699.2 5704.1 5705.19 5709.52 5709.64 5709.37 5710.04 5711.27 5712.25 5715.12 5719.18 5726.64 5744.53 5749.68 5747.85 5741.31 5734.56 5727.39 5723.08 5711.56 5713.24 5751.93 5786.6 5781.32 5769.34 5775.63 5784.53 5793.14 5795.03 5796.69 5799.13 5788.97 5778.64 5763.82 5751.81 5765.55
5724.47 5706.04 5698.37 5691.17 5677.86 5665.59 5666.07 5664.68 5660.46 5659.38 5665.44 5670.04 5672.36 5673.12 5671.76 5668.02 5668.63 5667.9 5667.84 5667.33 5666.63 5664.53 5662.33 5658.53 5655.57 5661.28 5673.54 5687.12 5695.52 5693.24 5690.23 5689.47 5692.68 5698.13 5696.74 5698.27 5699.17 5700.17 5700.44 5700.97 5702.09 5702.87 5707.46 5720.59 5731.09 5728.79 5726.42 5721.64 5715.41 5707.81 5695.13 5672.27 5658.12 5788.93 5784.4 5765.63 5767.59 5769.53 5766.5 5777.72 5782.96 5781.78 5767.79 5762.47 5758.09 5759.77 5757.64
5726.21 5706.13 5700.56 5695.23 5683.6 5665.89 5667.48 5669.33 5666.82 5665.45 5675.74 5678.7 5677.88 5675.06 5671.25 5668.41 5665.04 5664.6 5664.98 5665.06 5666.28 5665.53 5664.29 5661.99 5657.64 5663.28 5671.32 5681.7 5689.49 5684.47 5680.53 5676.85 5673.99 5675.16 5682.1 5687 5689.85 5690.87 5692.65 5693.5 5693.34 5692.79 5695.76 5702.25 5707.25 5713.32 5715.06 5714.84 5712.21 5708.78 5699.74 5682.41 5683.07 5781.94 5780.75 5767.83 5766.44 5766.43 5766.05 5771.78 5778.35 5782.42 5785.87 5782.83 5770.41 5763.98 5758.97
5732.9 5722.68 5712.13 5700.05 5685.95 5675.6 5673.01 5678.18 5687.32 5698.23 5694.77 5690.21 5684.62 5677.81 5669.77 5661.86 5661.64 5662.64 5663.5 5665.84 5665.57 5667.13 5667.09 5667.82 5670.87 5667.9 5667.07 5667.46 5670.27 5672.8 5671.26 5667.02 5660.71 5661.04 5671.54 5678.96 5684.66 5687.56 5689.6 5689.09 5687.3 5687.15 5688.72 5692.72 5697.15 5703.34 5707.12 5709.8 5712.67 5716.15 5723.7 5741.51 5766.01 5770.74 5772.92 5762.89 5771.16 5776.76 5770.7 5771.9 5779.07 5787.79 5797.15 5797.56 5782.72 5764.7 5762.38
5735.08 5741.95 5727.63 5707.16 5684.28 5686.59 5682.54 5690.3 5704.06 5715.04 5710.45 5701.46 5691.81 5681.63 5671.11 5661.7 5661.1 5662.19 5662.22 5662.88 5663.65 5665 5668.6 5670.98 5672.24 5669.06 5663.8 5658.33 5660.07 5665.31 5666.49 5664.09 5660.62 5662.45 5669.72 5677.64 5683.01 5686.3 5687.81 5687.05 5684.1 5681.23 5683.45 5686.67 5694.54 5697.09 5700.81 5705.57 5712.74 5723.07 5740.57 5764.42 5777.47 5774.09 5767.96 5769.11 5781.14 5788.15 5777.37 5773.06 5779.06 5788.46 5800.95 5809.19 5793.16 5784.54 5769.73
