real_craters/C094-300m.grd
DSAA
210 210
-31.325 31.325
-31.325 31.325
4544.433079819 6229.0146044015
[rows 0 to 29 of 210, columns 67 to 133 of 210]
5568.31 5565.41 5562.7 5560.66 5560.02 5560.07 5559.03 5558.22 5562.74 5567.19 5569.91 5570.9 5574.17 5575.6 5574.5 5571.71 5567.79 5563.41 5559.13 5555.56 5552.21 5548.33 5543.11 5539.93 5541.09 5541.01 5539.7 5537.39 5534.6 5530.34 5524.85 5515.74 5503.54 5494.8 5488.05 5480.93 5472.52 5462.83 5452.18 5444.18 5438.61 5433.24 5427.69 5421.7 5415.56 5409.24 5403 5397.25 5392.88 5389.59 5387.66 5386.4 5385.56 5383.61 5379.18 5374.3 5370.67 5371.44 5377.72 5386.11 5395.92 5406.59 5417.9 5429.93 5441.98 5454.25 5466.35
5571.99 5567.13 5562.84 5560.14 5561.55 5563.77 5565.2 5562.32 5566.93 5571.86 5575.74 5577.12 5580.68 5580.42 5577.88 5574.08 5569.76 5565.38 5561.1 5556.98 5553.56 5550.83 5547.46 5546.26 5544.33 5543.5 5541.84 5539.16 5536.24 5531.33 5524.84 5515.98 5500.99 5494.65 5490.13 5483.3 5473.51 5461.85 5455.49 5450.03 5445.93 5440.88 5434.91 5428.29 5421.63 5414.68 5407.77 5401.45 5396.58 5393.5 5391.25 5389.36 5387.61 5385.65 5381 5376.44 5374.12 5375.31 5379.79 5387.69 5397.26 5407.76 5418.71 5429.56 5440.61 5451.28 5461.35
5573.84 5568.89 5564.66 5562.25 5563.7 5566.71 5569.84 5569.86 5572.99 5577.96 5583.99 5591.35 5590.54 5586.14 5581.41 5576.65 5571.75 5567.36 5563.4 5560.17 5554.59 5550.59 5549.2 5548.4 5548.09 5547.52 5545.43 5542.11 5538.51 5532.85 5525.02 5513.01 5500.84 5499.8 5496.63 5490.38 5481.2 5469.76 5465.46 5461.09 5456.58 5450.42 5443.45 5435.97 5427.98 5420.43 5413.24 5406.73 5401.63 5398.1 5395.37 5392.86 5390.02 5386.55 5382.51 5378.78 5376.24 5376.13 5381.3 5389.59 5399.23 5409.38 5419.73 5429.42 5439.16 5448.05 5455.59
5573.77 5570.17 5566.82 5564.9 5565.44 5567.56 5571.47 5573.92 5577.38 5582.83 5589.32 5594.86 5595.11 5589.85 5583.69 5578.01 5573.05 5568.3 5564.13 5560.17 5555.77 5550.39 5552.85 5550.57 5554.39 5553.04 5549.83 5545.84 5541.56 5535.91 5529.11 5521.76 5517.85 5512.97 5507.51 5501.83 5495.78 5489.77 5483.74 5477.1 5469.54 5461.18 5452.14 5443.45 5435.06 5426.96 5419.23 5412.39 5407.18 5403.42 5400.39 5397.51 5393.94 5389.49 5385.62 5382.51 5379.51 5378.14 5383.69 5392.4 5401.93 5411.75 5421.37 5430.56 5438.96 5445.92 5451.01
5573.45 5571.12 5568.87 5567.29 5566.46 5566.98 5568.44 5573.77 5579.13 5584.83 5590.94 5597.04 5597.41 5590.63 5584.01 5577.89 5572.73 5568.42 5564.69 5560.56 5561.08 5561.52 5562.72 5568.57 5564.67 5559.06 5554.25 5549.67 5544.97 5540.26 5535.79 5532.58 5531.14 5525.52 5518.42 5513.73 5511.49 5511.01 5507.55 5495.4 5482.72 5471.76 5461.91 5452.13 5443.13 5434.06 5425.23 5417.3 5412.44 5409.46 5406.74 5403.82 5400.34 5395.99 5392.43 5389.29 5386.01 5383.82 5388.76 5396.9 5405.86 5414.89 5423.63 5432.38 5439.65 5445.68 5450.07
5573.55 5572.77 5571.23 5568.85 5567.99 5567.65 5568.29 5574.27 5579.51 5584.37 5588.98 5592.61 5592.3 5587.34 5581.55 5575.94 5571.06 5567.22 5564.93 5566.8 5565.7 5565.66 5567.73 5571.18 5568.35 5562.44 5557.35 5553.09 5548.4 5544.45 5540.68 5537.34 5536.09 5531.58 5525.01 5521.91 5522.68 5526.8 5523.22 5508.45 5493.48 5481.08 5470.87 5461.02 5451.54 5442.14 5432.42 5423.22 5419.17 5416.91 5414.48 5411.85 5409.04 5405.62 5402.43 5399.47 5396.07 5393.78 5397.04 5403.74 5411.4 5419.34 5427.19 5434.73 5441.23 5446.94 5452.22
5574.86 5575.6 5575.37 5574.29 5572.86 5570.87 5570.9 5576.3 5579.44 5582.4 5584.96 5586.29 5584.99 5581.55 5577 5572.09 5567.67 5563.75 5561.32 5560.53 5562.27 5564.84 5565.88 5567.33 5566.01 5562.72 5559.36 5555.9 5551.75 5547.75 5544.41 5540.87 5536.34 5530.37 5526.07 5524.42 5525.64 5529.08 5525.97 5512.72 5499.59 5487.89 5478.38 5468.47 5459.58 5450.96 5442.31 5433.98 5429.51 5426.47 5423.56 5421.02 5419.24 5418.03 5415.84 5412.91 5408.16 5405.62 5407.69 5412.45 5418.52 5425.05 5431.76 5438.03 5443.96 5449.25 5453.04
5578.43 5580.09 5580.45 5580.86 5579.12 5575.19 5574.39 5577.42 5578.56 5579.56 5580.3 5580.24 5578.32 5575.49 5571.43 5567.15 5562.95 5558.92 5555.35 5551.6 5552.25 5557.45 5560.7 5561.48 5561.17 5561.42 5560.21 5557.86 5554.62 5551.27 5547.51 5544.27 5538.46 5527.09 5523.63 5522.28 5522.23 5523.37 5520.33 5510.31 5500.88 5491.68 5483.49 5475.19 5467.5 5460.47 5454.02 5447.74 5441.51 5436.51 5432.78 5429.86 5428.59 5430.27 5435.12 5425.11 5418.92 5417.47 5419.15 5421.8 5426.36 5431.62 5437.12 5442.37 5447.48 5452.41 5458.15
5584.21 5585.83 5585.93 5584.59 5581.66 5578.26 5576.69 5577.2 5576.58 5576.14 5575.61 5574.74 5573.44 5569.41 5565.25 5561.46 5557.84 5554.59 5551.19 5547.6 5546.42 5552.16 5557.11 5558.17 5558.15 5561.68 5561.84 5560.07 5557.52 5553.76 5549 5543.58 5535.11 5524.42 5520.63 5518.48 5516.27 5512.97 5506.62 5504.28 5499.67 5493.92 5487.36 5480.57 5474.39 5468.87 5464.41 5459.09 5451.99 5445.73 5441.09 5437.57 5434.94 5433.39 5432.4 5426.93 5425.54 5426.11 5427.79 5430.7 5434.59 5438.77 5443 5447.24 5451.32 5455.08 5458.72
5592.51 5593.21 5592.42 5589.46 5584.41 5580.34 5576.67 5574.84 5573.76 5572.78 5571.16 5568.84 5566.13 5562.22 5558.6 5555.35 5552.91 5550.88 5549.57 5548.57 5548.07 5553.1 5558.04 5561.22 5562.95 5565.53 5564.92 5562.67 5559.86 5555.82 5550.23 5541.46 5529.61 5522.58 5518.49 5515.78 5512.18 5506.34 5500.12 5500.66 5499.69 5495.94 5490.7 5485.03 5479.71 5475.17 5472.37 5467.56 5459.93 5453.92 5449.1 5444.96 5440.87 5434.71 5423.61 5425.88 5432.34 5434.89 5435.97 5440.1 5443.35 5446.3 5449.33 5452.38 5455.51 5458.24 5460.36
5602.49 5602.07 5600.47 5597.67 5593.89 5583.32 5577.19 5573.17 5572.44 5571.26 5568.05 5563.48 5558.41 5554.47 5551.6 5549.68 5548.34 5547.75 5548.54 5551.42 5557.62 5557.66 5560.86 5566.41 5573.36 5570.55 5567.65 5565.04 5562.07 5558.56 5553.25 5545.17 5534.19 5523.29 5518.95 5516.16 5512.68 5508.38 5499.88 5503.8 5502.97 5499.33 5494.53 5488.86 5483.58 5478.8 5475.22 5470.83 5465.49 5460.94 5456.85 5453.12 5449.28 5444.56 5437.49 5440.38 5445.65 5448.13 5449.75 5451.84 5452.71 5453.73 5455.54 5457.94 5460.5 5462.98 5465.1
5612.65 5611.32 5609.53 5605.95 5599.11 5588.61 5583.17 5579.45 5576.85 5573.19 5567.24 5559.95 5552.46 5547.57 5545.48 5544.69 5544.2 5544.49 5546 5549.93 5554.77 5556.61 5560.39 5566.53 5572.9 5571.41 5568.57 5566.33 5564.12 5561.64 5558.4 5553.6 5546.35 5532.16 5524.17 5519.98 5516.57 5514.71 5518.26 5514.44 5509.19 5504.07 5498.36 5492.5 5486.83 5481.04 5475.81 5471.69 5469.17 5466.18 5463.3 5460.79 5459.29 5459.29 5463.93 5466.16 5461.97 5462.14 5465.38 5463.82 5460.93 5460.33 5461.36 5463.44 5465.96 5468.76 5471.84
5622.34 5619.9 5618.34 5615.76 5611.1 5601.43 5596.46 5592.95 5587.07 5578.27 5568.81 5558.88 5548.65 5542.39 5541.63 5541.29 5540.98 5540.89 5541.43 5542.87 5544.46 5549.7 5556 5561.83 5566.99 5567.54 5567.02 5566.4 5565.5 5564.52 5563.71 5562.46 5558.91 5546.48 5533.62 5525.96 5521.86 5520.69 5525.05 5522.17 5515.21 5508.77 5502.38 5496.49 5490.6 5483.75 5476.7 5474.08 5473.07 5471.37 5469.48 5467.99 5467.75 5469.5 5474.75 5476.83 5470.88 5469.48 5472.14 5468.99 5465.37 5464.89 5466.14 5468.38 5471.29 5474.47 5477.56
5628.4 5627.1 5626.41 5625.76 5624.06 5620.51 5612.81 5605.53 5596.4 5583.62 5571.78 5560.41 5549.94 5542.88 5541.17 5540.18 5539.35 5538.28 5537.12 5535.83 5536.36 5543.52 5550.83 5556.16 5558.69 5561.45 5564.04 5565.25 5565.87 5566.41 5567.29 5568.69 5570.85 5558.78 5537.91 5531.71 5528.02 5525.31 5528.53 5526.01 5519.25 5512.51 5506.4 5500.8 5495.28 5489.43 5483.2 5479.89 5478.27 5476.51 5474.94 5473.62 5472.99 5473.57 5474.45 5473.37 5470.98 5468.88 5467 5465.65 5465.84 5467.42 5469.9 5473.07 5476.5 5480.31 5483.72
5631.39 5630.61 5631.47 5633.7 5636.27 5636.08 5624.23 5611.43 5598.33 5586.95 5574.86 5563.54 5553.77 5546.89 5543.95 5541.36 5539.36 5537.39 5535.13 5533.48 5535.34 5541.75 5548.3 5553 5555.42 5558.52 5561.63 5563.57 5565.14 5566.38 5567.6 5568.89 5568.93 5554.51 5540.29 5539.02 5536.85 5534.33 5532.03 5527.63 5520.69 5514.89 5509.79 5505.19 5500.32 5496.55 5493.87 5488.1 5484.49 5481.99 5479.86 5477.94 5476.55 5475.31 5473.4 5470.19 5468.94 5466.32 5462.8 5461.78 5465.42 5469.53 5473.6 5477.68 5481.39 5485.54 5489.6
5630.66 5631.04 5632.61 5635.9 5640.46 5639.51 5626.48 5613.66 5601.45 5589.21 5576.62 5566.16 5557.79 5551.45 5548.02 5543.92 5540.61 5537.72 5535.12 5533.85 5537.67 5543.57 5547.65 5551.49 5555.1 5558.31 5559.96 5561.97 5563.77 5565.22 5565.86 5565.25 5561.48 5555.41 5553.99 5547.98 5545.27 5541.31 5532.71 5525.53 5520.76 5517.19 5513.16 5508.85 5504.63 5500.58 5497.06 5493.65 5490.14 5487.12 5484.44 5482.12 5479.76 5477.27 5474.5 5471.93 5468.6 5465.66 5462.47 5462.03 5467.05 5472.57 5477.95 5482.81 5486.74 5488.83 5493.55
5626.65 5627.44 5628.69 5630.66 5632.07 5628.15 5619.12 5610.38 5604.97 5587.87 5574.81 5566.04 5560.49 5557.45 5552.15 5546.55 5542.21 5538.89 5536.28 5535.48 5539.45 5544.63 5547.29 5550.1 5552.54 5554.61 5557.86 5560.32 5562.2 5563.53 5563.75 5562.41 5558.45 5554.9 5557.37 5551.83 5548.07 5542.05 5531.57 5522.18 5521.5 5519.95 5517.1 5513.48 5509.3 5504.68 5500.29 5498.04 5494.98 5492.03 5489.18 5486.55 5483.41 5479.95 5476.34 5472.1 5469.59 5467.57 5466.12 5466.85 5471.11 5476.95 5483.07 5489.12 5494.42 5498.88 5502.55
5619.66 5620.44 5620.62 5620.33 5618.74 5612.6 5604.53 5595.97 5586.39 5575.72 5567.38 5562.18 5559.44 5558.02 5553.93 5548.09 5543.56 5540.27 5538.08 5536.98 5540.31 5544.53 5546.24 5548.77 5551.27 5553.25 5556.54 5558.97 5560.85 5561.99 5562.15 5561.13 5558.91 5556.96 5552.68 5550.34 5548.14 5542.46 5533.73 5525.18 5526.48 5524.97 5522.21 5518.86 5514.99 5511.28 5507.59 5504.12 5500.78 5497.48 5494.16 5491.19 5487.55 5483.69 5479.62 5475.33 5472.58 5471.38 5471.11 5472.52 5476.6 5482.05 5488.55 5495.91 5503.48 5510.49 5512.87
5610.83 5611.15 5610.09 5607.37 5602.25 5595.24 5587.31 5577.18 5564.94 5558.74 5556.44 5555.21 5554.99 5555.63 5552.67 5547.63 5543.71 5541.31 5540.06 5541.12 5540.67 5540.88 5544.9 5547.73 5550.68 5554.45 5555.47 5557.52 5559.44 5560.9 5561.42 5561.02 5559.62 5556.9 5552.88 5546.6 5541.83 5540.17 5538.91 5540.3 5535.31 5531.6 5528.37 5524.96 5521.23 5516.83 5513.38 5510.26 5506.92 5503.56 5499.98 5496.22 5492.34 5488.42 5484.3 5479.86 5477.38 5476.43 5476.61 5479.18 5481.98 5486.78 5493.82 5502.23 5511.43 5519.61 5521.36
5602.49 5601.56 5599.75 5595.56 5587.93 5580.48 5572.58 5562.11 5549.73 5545.17 5546.38 5547.55 5548.62 5548.82 5547.59 5545.65 5542.99 5541.11 5540.2 5540.74 5541.23 5543.07 5545.06 5547.38 5549.34 5550.64 5552.84 5555.83 5558.02 5559.43 5560.68 5560.92 5560.4 5558.27 5549.47 5543.75 5538.28 5539.15 5542.1 5544.64 5541.74 5537.74 5534.6 5531.53 5528.26 5524.07 5520.41 5517.37 5513.72 5510.04 5506.21 5502.27 5498.03 5494.18 5490.29 5487.24 5484.58 5481.87 5480.71 5481.52 5484.59 5490.35 5498.12 5507.1 5516.79 5525.19 5527.27
5593.44 5593.04 5591.1 5587.24 5580.94 5572 5562.54 5552.53 5543.45 5539.23 5539.07 5540.85 5542.93 5544.49 5545.13 5544.06 5542.11 5540.53 5539.42 5539.36 5541.71 5543.91 5546.07 5548.24 5549.46 5549.15 5552.16 5555.58 5558.15 5560.05 5560.13 5560.96 5561.16 5560.38 5554.41 5546.65 5540.83 5542.2 5544.51 5546.2 5544.54 5542.55 5540.47 5538.16 5535.98 5534.05 5529.32 5524.77 5520.43 5516.7 5512.64 5508.75 5504.39 5500.06 5496.38 5493.5 5490.63 5486.62 5484.18 5483.19 5486.48 5493.3 5501.62 5510.73 5519.83 5527.01 5531.62
5584.56 5584.56 5583.19 5580.77 5576.04 5566.08 5555.65 5545.86 5537.49 5532.68 5533.14 5535.27 5537.99 5541.78 5545.26 5541.89 5540.91 5540.51 5540.57 5541.71 5544.03 5545.81 5548.55 5551.28 5552.84 5553.95 5555.11 5556.86 5558.88 5560.65 5561.86 5562.46 5562.17 5559.98 5555.31 5552.08 5550.47 5548.45 5548.46 5546.06 5546.6 5547.97 5546.46 5544.24 5542.17 5539.9 5535.91 5531.41 5527.21 5523.05 5518.89 5514.59 5510.37 5506.18 5502.14 5497.91 5494.16 5490.65 5488.42 5487.54 5490.4 5496.81 5505.13 5514.1 5523.16 5530.81 5536.05
5576.36 5575.45 5574.39 5573.08 5569.32 5559.84 5549.82 5540.24 5532.33 5527.84 5528.45 5530.67 5532.83 5534.51 5534.73 5537.56 5539.77 5541.58 5543.42 5546.17 5549.36 5551.78 5554.24 5557.13 5558.42 5558.2 5558.23 5559.56 5561.26 5563.17 5564.49 5565.38 5565 5562.89 5559.36 5556.22 5554.96 5554.29 5555.24 5557.69 5558.88 5555.67 5552.75 5549.78 5547.15 5545.18 5541.07 5537.48 5533.66 5529.87 5525.55 5521.33 5517.05 5512.62 5508.01 5503.08 5497.88 5495.57 5493.62 5492.55 5494.32 5500.86 5509.15 5518.05 5526.42 5534.32 5541.19
5568.38 5567.12 5564.96 5562.46 5558.53 5550.89 5542.85 5535.23 5529.04 5525.24 5526.05 5527.78 5529.38 5530.5 5531.52 5535.55 5539.76 5544 5548.71 5553.69 5558.17 5559.94 5562.33 5566.88 5566.86 5564.36 5562.57 5563.1 5564.57 5566.54 5567.96 5568.92 5569.15 5568.68 5566.3 5557.56 5556.3 5558.65 5561.32 5565.19 5566.9 5562.26 5558.76 5555.29 5550.46 5546.01 5545.84 5543.67 5540.39 5536.8 5532.8 5528.63 5524.35 5520.03 5515.49 5510.92 5506.24 5503.2 5500.46 5498.69 5500.13 5505.82 5514.09 5523.5 5532.57 5540.61 5547.49
5561.57 5559.23 5555.76 5550.4 5545.81 5541.3 5535.72 5531.05 5527.67 5525.94 5526.23 5526.97 5528.11 5529.73 5532.67 5536.13 5540.84 5546.79 5555.95 5563.08 5570.86 5577.58 5582.07 5582.63 5578.32 5572.23 5567.98 5567.01 5568.5 5570.54 5572.22 5573.04 5573.57 5572.9 5568.66 5561.1 5561.53 5563.79 5565.92 5567.2 5566.77 5566.17 5564.87 5562.48 5559.2 5555.3 5553.32 5550.95 5547.93 5544.17 5540.23 5536.29 5531.69 5527.71 5523.69 5520.19 5517.17 5512.66 5508.26 5505.19 5505.42 5510.64 5519.6 5530.25 5541.02 5548.91 5555.25
5556.51 5553.55 5549.65 5543.95 5539.05 5534.9 5530.33 5528.37 5527.96 5528.96 5528.25 5527.77 5528.48 5530.17 5533.36 5537.43 5542.45 5548.27 5556.41 5570.03 5584.58 5598.5 5606.95 5601.76 5591.26 5579.99 5570.94 5571.6 5574.01 5575.96 5577.48 5578.03 5577.94 5577.11 5575.62 5567.92 5569.18 5570.3 5571.41 5570.71 5566.67 5571.54 5572.47 5571.07 5568.74 5566.43 5562.71 5559.33 5555.79 5551.93 5547.8 5543.94 5538.87 5534.95 5531.42 5529.03 5526.63 5522.03 5515.99 5511.22 5509.22 5515.09 5525.45 5537.49 5549.26 5557.35 5564.06
5553.72 5550.52 5547.03 5544 5538.69 5533.16 5528.22 5528.2 5529.68 5530.75 5530.21 5529.63 5529.91 5531.56 5534.78 5539.61 5545.56 5551.72 5557.22 5577.5 5596.35 5615.09 5632.63 5617.37 5602.74 5589.45 5578.96 5579.19 5581.6 5583.29 5584.13 5583.85 5582.76 5580.96 5577.83 5574.15 5576.01 5577.6 5579.24 5580.36 5580.94 5582.92 5582.77 5580.81 5577.18 5574.18 5571.86 5567.86 5563.72 5559.66 5555.18 5550.7 5545.43 5541.66 5538.53 5536.59 5534.66 5530.1 5523.32 5518.13 5515.95 5521.21 5531.91 5544.87 5557.64 5565.94 5572.69
5553.13 5549.5 5545.55 5542.37 5539.76 5536.5 5532.1 5533.6 5534.8 5534.29 5533.01 5532.63 5532.71 5533.36 5535.41 5540.91 5550.84 5563.09 5575.15 5589.5 5604.52 5618.9 5629.02 5620.43 5609.42 5599.43 5591.63 5590.35 5591.53 5592.57 5592.32 5591.02 5588.77 5585.39 5581.09 5581.54 5582.67 5584.78 5587.84 5591.84 5597.4 5596.62 5594.44 5592.01 5589.09 5585.24 5581.41 5576.7 5571.53 5566.47 5561.5 5556.72 5552.35 5548.51 5545.07 5542.51 5539.66 5535.62 5530.12 5525.63 5524.25 5528.55 5538.77 5551.75 5564.78 5573.93 5581.52
5554.77 5551.1 5546.06 5541.88 5543.93 5545.87 5546.24 5546.51 5545.55 5541.09 5537.49 5538.7 5538.15 5536.29 5535.14 5540 5557.17 5577.97 5594.06 5601.66 5609.38 5615.55 5615.93 5615.43 5612.41 5608.47 5604.8 5604 5604.05 5603.28 5601.55 5598.99 5595.72 5591.72 5588.22 5587.27 5588.52 5591.28 5595.59 5600.63 5605.55 5606.25 5605.03 5603.02 5600.52 5596.18 5591.19 5585.52 5579.82 5574.19 5568.84 5563.93 5559.09 5554.87 5550.99 5547.75 5544.97 5541.79 5537.18 5533.75 5532.56 5536.33 5547 5558.85 5570.87 5582.62 5591.46
5559.53 5557.12 5552.1 5548.04 5554.65 5560.85 5564.12 5565.89 5563.58 5556.35 5549.99 5550.82 5547.93 5543.41 5539.4 5542.59 5563.78 5589.79 5605.96 5609.64 5612.11 5613.13 5611.95 5612.84 5614.6 5616.49 5617.87 5618.27 5616.74 5614.59 5611.69 5608.06 5603.91 5599.25 5595.67 5594.26 5593.09 5597.69 5602.94 5607.89 5611.26 5613.29 5614.2 5613.42 5610.99 5606.36 5600.63 5594.22 5588.08 5581.93 5575.97 5570.72 5565.67 5561.2 5556.8 5553.05 5549.67 5546.76 5544.9 5543.88 5543.53 5546.89 5560.28 5571.54 5582.92 5594.74 5603.47
