real_craters/C094-500m.grd
DSAA
126 126
-31.325 31.325
-31.325 31.325
4546.4956197869 6200.2084155333
[rows 30 to 59 of 126, columns 0 to 66 of 126]
5708.49 5699.09 5702.32 5695.45 5690.35 5686.6 5681.8 5672.91 5665.26 5659.84 5657.07 5653.84 5653.57 5649.81 5646.76 5647.17 5647.66 5646.33 5645.21 5644.62 5645.38 5644.58 5643.58 5642.65 5640.71 5639.52 5637.93 5636.52 5637.12 5636.55 5636.1 5634.5 5631.94 5628.17 5623.14 5621.77 5625.29 5626.99 5624.16 5622.19 5623 5623.87 5626.96 5628.07 5627.74 5627.28 5625.11 5618.41 5611.24 5604.62 5604.31 5606.62 5610.72 5615 5619.29 5623.1 5628.71 5634.22 5630.13 5618.47 5621.24 5630.66 5636.82 5628.47 5629.27 5638.42 5661.42
5711.81 5701.92 5700.47 5698.78 5695.5 5692.43 5689.53 5679.02 5672.86 5669.25 5666.7 5666.7 5662.23 5657.78 5654.3 5653.23 5653.11 5651.9 5650.19 5649.16 5648.18 5646.96 5646.54 5645.07 5644.34 5643.26 5642.18 5641.49 5641.64 5641 5639.64 5637.81 5635.57 5633.91 5632.55 5632.04 5634.47 5634.27 5631.34 5627.28 5620.92 5626.47 5630.56 5633.31 5634.91 5635.01 5632.04 5626.77 5619.25 5608.92 5606.18 5605.79 5608.45 5612.53 5617.12 5623.56 5627.84 5632.51 5631.68 5617.16 5623.32 5630.4 5634.94 5628.31 5635.14 5647.08 5650.29
5707.79 5706.48 5703.91 5701.28 5699.02 5695.5 5689.03 5680.93 5677.92 5676.87 5674.97 5670.34 5668.68 5665.2 5661.98 5659.63 5658.52 5656.37 5654.22 5652.64 5651.59 5649.86 5648.94 5648.19 5647.51 5647.2 5647.6 5646.8 5645.76 5644.94 5644.32 5642.31 5640.67 5639.27 5639.19 5642.37 5641.05 5640.49 5636.16 5635.66 5639.81 5634.41 5636.02 5639.32 5642.18 5643.47 5640.15 5632.12 5620.98 5615.22 5608.28 5605.06 5606.51 5609.91 5614.03 5617.72 5621.28 5625.66 5630.68 5638.85 5634.14 5632.95 5628.97 5615.53 5636.46 5643.78 5633.62
5708.85 5708.95 5704.33 5703.77 5702.69 5699.98 5692.32 5687.59 5687.69 5685.72 5683.26 5681.02 5678.01 5673.36 5668.96 5665.67 5663.97 5661.44 5660.27 5657.8 5656.62 5655.21 5653.75 5652.96 5651.63 5650.74 5650.16 5649.34 5649.56 5648.34 5648.03 5650.33 5646.8 5643.22 5640.36 5639.94 5641.91 5640.98 5638.03 5631.86 5624.15 5636.27 5640.74 5644.73 5649.03 5653.45 5655.77 5637.04 5623.8 5618.26 5609.11 5604.61 5604.86 5607.51 5610.69 5612.75 5615.71 5618.01 5619.68 5641.48 5638.69 5636.12 5636.62 5642.39 5633.78 5630.28 5622.93
5709.88 5714.16 5706.81 5706.98 5707.42 5707.03 5700.43 5694.1 5693.07 5694 5692.5 5693.16 5688.07 5682.92 5677.57 5673.17 5670.57 5668.56 5667.04 5665.34 5664.63 5663.13 5660.96 5659.4 5657.75 5656.02 5654.24 5651.89 5651.34 5650.54 5649.59 5650.51 5649.11 5647 5643.75 5643.43 5646.65 5644.33 5644.75 5637.66 5634.86 5640.25 5645.59 5650.24 5654.1 5656.59 5652.75 5637.4 5618.05 5613.6 5608.5 5604.42 5604.97 5607.94 5611.02 5612.8 5615.65 5621.6 5632.14 5635.11 5637.55 5636.73 5634.84 5630.35 5623.93 5620.75 5618.33
5707.64 5712.67 5711.84 5710.85 5711.56 5713.22 5711.86 5700.58 5702.28 5704.01 5698.81 5697.09 5692.79 5688.34 5683.55 5679.69 5677.57 5676.21 5674.37 5672.39 5670.47 5668.72 5666.54 5663.63 5661.49 5658.79 5657.06 5655.56 5654.68 5652.75 5651 5649.17 5651.19 5651.94 5651.03 5652.77 5657.27 5664.15 5657.4 5651.17 5647.93 5649.3 5652.03 5655.13 5657.32 5657.49 5652.32 5640.25 5625.26 5615.49 5610.79 5606.42 5607.18 5611.12 5614.59 5619.96 5626.68 5626.07 5629.69 5632.81 5640.49 5640.17 5634.36 5624.47 5627.76 5621.63 5617.86
5707.98 5707.97 5711.43 5712.07 5714.06 5714.75 5715.63 5707.04 5721.84 5709.12 5696.91 5693.82 5691.9 5688.88 5686.93 5685.58 5683.86 5681.85 5679.59 5677.36 5674.92 5672.93 5670.97 5668.09 5665.71 5663.6 5660.88 5660.14 5658.26 5655.78 5653.75 5654.91 5656.53 5659.37 5661.68 5662.27 5663.76 5668.07 5663.18 5661.06 5658.8 5657.97 5658.63 5659.96 5660.34 5659.8 5656.4 5647.67 5633.36 5622.5 5619.24 5615.93 5616.29 5618.16 5619.87 5620.71 5620.15 5629.56 5638.06 5644.93 5651.86 5650.73 5642.62 5636.29 5632.34 5627.64 5630.75
5710.91 5709.79 5708.31 5712.17 5716.15 5718.97 5716.44 5708.54 5703.23 5702.43 5697.21 5693.65 5692.55 5688.03 5690.86 5690.67 5689.69 5687.33 5683.71 5679.87 5677.68 5675.17 5672.85 5670.89 5668.77 5666.7 5664.68 5663.12 5660.78 5659.25 5656.73 5657.15 5662.26 5666.8 5671.9 5670.24 5666.67 5656.38 5659.19 5664.1 5665.15 5664.49 5664.76 5664.55 5663.86 5663.25 5662.68 5654.48 5641.78 5637.09 5633.07 5631.21 5629.34 5627.85 5628.41 5628.35 5626.13 5639.55 5656.77 5670.82 5674.41 5671.73 5659.62 5642.03 5627.35 5634.2 5643.9
5710.63 5708.76 5710.59 5714.4 5718.83 5721.85 5722.14 5717.78 5705.84 5700.15 5701.03 5701.96 5701.14 5698.32 5699.36 5698.65 5695.65 5692.64 5690.02 5685.68 5682.68 5679.9 5677.46 5675.34 5672.9 5670.73 5668.66 5666.53 5665.88 5663.65 5663.91 5665.29 5669.38 5672.32 5675.17 5674.63 5673.29 5676.04 5678.4 5674.78 5672.5 5670.61 5669.38 5668.09 5666.97 5664.3 5660.51 5654.05 5647.07 5651.73 5648.19 5642.61 5638.88 5639.89 5640.42 5643 5656.57 5652.58 5661.94 5690.25 5708.9 5704.16 5689.02 5661.84 5642.1 5647.53 5665.15
5712.76 5711.1 5714 5717.37 5721.17 5725.47 5727.28 5731.13 5715.78 5703.72 5706.3 5712.46 5715.53 5714.33 5710.34 5706.59 5702.43 5698.95 5694.62 5691.27 5687.69 5685.67 5683.16 5678.47 5675.98 5673.25 5671.55 5669.93 5669.1 5669.11 5675.98 5677.72 5677.62 5678.76 5676.91 5679.27 5678.47 5677.83 5678.08 5679.19 5677.66 5675.47 5675.04 5673.89 5672.52 5668.46 5658.51 5650.91 5672.47 5674.46 5665.16 5660.4 5656.89 5656.84 5655.3 5653.71 5650.96 5660.6 5682.64 5753.54 5746.21 5747.27 5739.78 5709.76 5664.63 5662.97 5686.95
5716.86 5715.18 5715.64 5717.93 5721.34 5724.41 5728.47 5728.53 5718.95 5709.14 5709.81 5717.1 5727.58 5728.55 5717.22 5710.53 5705.34 5701.41 5695.93 5693.09 5689.99 5687.55 5683.81 5681.59 5679.34 5676.06 5674.29 5672.22 5671.44 5669.43 5672.79 5679.02 5684.63 5689.59 5691.11 5686.86 5682.08 5676.18 5671.78 5674.07 5679.37 5679.96 5680.23 5681.6 5680.8 5680.54 5681.02 5688.17 5689.04 5679.83 5680.74 5680.69 5684.79 5676.42 5672.81 5668.51 5664.28 5673.33 5702.65 5729.84 5760.55 5790.6 5808.38 5802.61 5730.48 5693.7 5701.57
5717.07 5715.56 5716.1 5717.97 5721.35 5725.17 5729.79 5729.65 5723.27 5715.07 5708.28 5715.86 5723.61 5723.71 5716.02 5710.71 5705.7 5701.82 5696.17 5693.17 5690.57 5688.02 5685.96 5682.95 5681.03 5679.51 5677.48 5675.67 5674.22 5670.9 5667.75 5679.28 5690.59 5698.69 5700.48 5694.4 5686.66 5679.35 5677.28 5682.32 5680.66 5681.91 5683.1 5683.9 5690.2 5692.84 5699.89 5708.19 5700.45 5700.64 5695.92 5694.05 5685.68 5695.38 5697.39 5693.58 5683.77 5682.75 5697.06 5712.32 5772.49 5833.9 5888.63 5925.4 5834.52 5754.25 5733.45
5715.31 5715.22 5716.61 5719.29 5722.13 5725.88 5729.79 5730.63 5723.05 5715.04 5714.1 5712.94 5712.03 5712.2 5710.9 5707.06 5703.47 5700.62 5695.4 5693.08 5690.93 5688.93 5685.64 5683.69 5682.39 5681.69 5681.96 5681.57 5679.65 5676.51 5680.3 5687.09 5698.19 5707.25 5707.91 5700.61 5691.38 5681.92 5672.55 5674.16 5676.81 5677.94 5679.59 5682.64 5686.35 5693.87 5700.5 5704.22 5705.34 5705.75 5709.59 5713.57 5723.66 5724.64 5728.88 5733.66 5735.69 5724.56 5711.8 5738.49 5808.83 5877.82 5941.51 6002.88 5912.2 5834.19 5811
5713.72 5714.85 5716.37 5718.84 5720.7 5722.44 5727.96 5729.08 5722.77 5714.94 5715.69 5709.3 5702.45 5701.94 5703.65 5703.2 5701.61 5699.9 5694.01 5692.22 5690.49 5688.88 5688.5 5687.01 5686.11 5685.41 5686.79 5686.29 5686.25 5684.17 5681.71 5694.79 5705.52 5715.16 5714.2 5705.31 5695.55 5685.45 5676.3 5674.58 5677.16 5678.69 5680.05 5683.56 5688.02 5695.43 5704.55 5711.11 5722.42 5727.71 5730.88 5733.11 5733.07 5748.35 5769.59 5785.31 5797.36 5793.12 5787.13 5824.53 5869.39 5901.92 5939.68 5974.08 6018.84 5973.3 5919.89
5716.03 5715.26 5715.81 5716.71 5718.58 5720.32 5726.71 5729.88 5725.45 5720.5 5717.12 5705.61 5697.34 5695.72 5698.71 5699.64 5698.17 5697.3 5693.37 5690.68 5689.09 5688.17 5688.97 5688.76 5688.14 5688.96 5691.26 5692.15 5694.31 5696.44 5699.97 5704.1 5709.95 5716.98 5714.75 5707.14 5699.06 5691.46 5686.2 5682.98 5681.88 5682.76 5685.32 5687.73 5691.73 5698.34 5712.61 5734.77 5747.19 5750.4 5748.96 5753.47 5765.18 5789.05 5818.54 5841.79 5858.15 5846.63 5880.37 5946.87 5940.55 5881.29 5867.36 5932.3 5996.49 6000.39 5957.15
5716.94 5715.88 5716.46 5716.78 5719.35 5718.36 5722.15 5726.57 5727.98 5722.73 5709.57 5701.14 5693.62 5692.04 5693.63 5694.5 5695.5 5695.29 5692.63 5690.69 5690.5 5689.99 5689.72 5690.46 5691.34 5692.2 5694.46 5698.28 5701.26 5705.96 5710.32 5709.92 5710.76 5710.25 5710.68 5707.51 5702.36 5696.61 5692.15 5687.1 5686.15 5687.3 5688.38 5689.45 5691.68 5693.96 5699.67 5747.31 5770.14 5753.66 5753.95 5776.73 5800.58 5825.33 5861.77 5900.42 5936.11 5944.36 5965.17 5999.73 5920.54 5767.48 5676.09 5650.77 5691.6 5764.65 5847.1
5714.64 5715.68 5717.94 5721.08 5721.8 5716.8 5722.69 5726.35 5728.96 5725.15 5705.48 5698.54 5693.35 5689.48 5691 5691.02 5691.99 5693.08 5691.43 5692.18 5692.12 5690.63 5691.33 5692.05 5692.11 5696.02 5698.18 5701.09 5702.64 5706.38 5710.16 5712.03 5712.34 5711.2 5710.99 5708.59 5704.48 5699.91 5692.21 5687.84 5690.38 5691.4 5690.83 5690.96 5692.46 5690.74 5687.72 5717.89 5775.12 5753.46 5758.78 5812.4 5843.87 5859.69 5895.76 5925.26 5979.53 6066.13 5962.03 5840.4 5702.75 5555.62 5425.7 5369.98 5413.64 5499.74 5643.14
5713.69 5715.34 5718.77 5723.3 5722.36 5717.74 5724.33 5725.42 5723.55 5715.77 5701.97 5696.77 5693.01 5687.82 5688.6 5687.71 5688.95 5688.85 5690.11 5691.36 5692.47 5692.99 5694.81 5693.35 5694.53 5696.17 5700.49 5702.82 5705.15 5707.27 5710.15 5713.17 5714.8 5714.58 5712.62 5709.34 5706.33 5704 5704.1 5699.01 5698.64 5695.69 5694.9 5694.56 5693.18 5696.58 5703.65 5722.43 5753.82 5775.94 5807.84 5869.47 5914.38 5946.71 5901.99 5878.77 5891.25 5903.84 5776.28 5620.48 5467.94 5320.94 5183.17 5129.09 5171.53 5260.09 5426.19
5711.64 5713.73 5716.71 5718.11 5718.14 5715.66 5714.69 5716.53 5714.24 5704.49 5694.8 5692.18 5689.17 5685.2 5685.9 5685.83 5685.88 5686.55 5686.93 5688.95 5690.31 5691.79 5693.63 5694.51 5695.86 5697.95 5701.27 5703.4 5707.28 5714.65 5714.57 5714.25 5713.12 5710.09 5712.86 5710.17 5707.25 5704.76 5705.21 5714.05 5705.53 5704.06 5703.18 5703.28 5703.14 5707.89 5719.69 5727.73 5741.57 5831.42 5917.34 5919.96 5914.62 5933.13 5794.78 5722.02 5681.08 5619.33 5490.08 5370.3 5238.63 5107.61 4990.34 4955.36 4994.62 5081.34 5223.1
5709.09 5711.64 5713.93 5717 5718.64 5710.69 5705.34 5707.76 5707.69 5700.35 5691.96 5686.99 5683.86 5680.52 5681.94 5682.39 5683.15 5683.83 5687.21 5688.83 5691.37 5691.98 5693.86 5696.06 5697.16 5698.46 5700.66 5700.83 5702.98 5708.1 5711.1 5714.44 5718.6 5719.97 5714.8 5711.6 5708.51 5705.81 5703.06 5700.26 5709.04 5712.06 5713 5709.93 5712.25 5719.21 5733.18 5746.8 5764.14 5885.05 5965 5910.78 5793.76 5651.16 5554.69 5485.12 5416.98 5326.66 5228.51 5123.04 5019.06 4933.36 4861.16 4850.26 4879.02 4926.62 5028.79
5710.06 5709.5 5709.48 5709.39 5707.94 5705.41 5703.07 5703.94 5702.65 5697.03 5684.87 5679.76 5677.25 5677.93 5679.79 5681.05 5682.88 5683.57 5685.44 5687.41 5689.5 5691.33 5694.99 5696.92 5697.52 5697.95 5700.25 5700.05 5698.59 5692.77 5705.34 5713.85 5718.91 5719.83 5716.78 5712.92 5710.05 5710.53 5712.17 5715.71 5723.13 5723.18 5722.78 5721.66 5724.09 5733.8 5750.41 5790.61 5858.78 5937.56 6000.28 5860.65 5642.68 5421.24 5300.09 5230.83 5163.36 5084.02 4993.08 4900.35 4816.76 4808.1 4813.55 4811.59 4812.52 4819.33 4878.33
5708.02 5706.3 5704.03 5700.02 5694.2 5700.55 5704.92 5699.83 5697.12 5685.45 5675.95 5671.83 5670.83 5674.02 5676.76 5679.68 5681.29 5682.34 5684.56 5687.09 5689.71 5690.88 5692.88 5695.31 5697.29 5700.61 5702.46 5702.32 5703.12 5703.02 5709.4 5715.81 5720.19 5720.73 5718.36 5714.57 5711.48 5711.8 5721.48 5738.31 5744.49 5743.54 5747.27 5747.63 5748.71 5754.12 5778.99 5840.67 5902.64 5947.09 5918.75 5739.72 5487.86 5233.7 5082.82 5003.2 4925.27 4843.63 4769.1 4730.76 4694.21 4736.89 4826.1 4800.62 4786.81 4780 4788.05
5705.87 5703.56 5701.28 5698.88 5695.6 5695.59 5693.63 5690.47 5685.33 5674.87 5665.63 5664.24 5665.59 5669.63 5673.1 5676.13 5679.06 5680.65 5683.27 5685.72 5688.5 5691.61 5693.91 5695.9 5697.66 5699 5702.18 5705.31 5712.16 5717.26 5716.2 5720.05 5726.08 5724.55 5721.19 5717.97 5714.25 5712.63 5728.5 5751.67 5762.08 5765.99 5773.16 5780.07 5780.41 5777.73 5797.62 5891.79 5975.92 5969.68 5815.73 5593.35 5342.3 5089.85 4924.08 4835.09 4745.41 4676.66 4633.28 4641.51 4652.72 4691.98 4734.81 4761.46 4771.55 4784.66 4755.22
5703.25 5701.73 5699.93 5697.44 5702.24 5699.11 5689.73 5680.32 5670.12 5668.74 5660.08 5657.02 5662.66 5667.42 5670.44 5673.29 5676.05 5677.03 5680.41 5683.81 5686.73 5688.85 5691.35 5694 5696.75 5699.92 5702.78 5707.26 5710.67 5715.06 5717.86 5721.03 5722.2 5725.95 5724.84 5722.98 5721.26 5723.22 5739.14 5762.27 5775.55 5789.68 5801.05 5814.2 5819.61 5809.75 5826.42 5930.29 6052.44 6007.28 5736.2 5466.19 5216.35 4988.56 4828.72 4735.02 4674.2 4620.38 4599.47 4616 4661.69 4698.58 4704.91 4730.66 4744.82 4746.93 4722.9
5700.7 5701.82 5702.09 5700.37 5706.75 5700.39 5686.23 5674.58 5661.81 5663.36 5666.18 5666.38 5664.34 5667.24 5669.45 5672.66 5674.29 5676.45 5679.54 5682.71 5684.91 5688.01 5691.79 5694.67 5697.91 5700.71 5703.3 5706.9 5705.85 5709.59 5716.69 5722.08 5725.89 5728.04 5729.08 5729.39 5730.98 5737.23 5750.35 5769.54 5785.65 5809.25 5832.7 5854.17 5871.58 5862.18 5862.34 5916.23 5952.44 5854.54 5593.6 5327.49 5091.58 4887.63 4742.53 4666.56 4633.62 4597.74 4583.97 4603.52 4645.8 4680.32 4702.92 4709.26 4716.81 4713.36 4701.39
5700.47 5703.98 5709.63 5708.31 5703.47 5697.04 5683.88 5673.29 5666.11 5664.67 5671.02 5670.59 5665.55 5666.98 5668.3 5670.61 5671.78 5674.81 5677.9 5681.14 5685.39 5688.22 5691.65 5695.05 5698.51 5701.19 5704.3 5708.01 5708.61 5711.95 5717.74 5723.43 5730.02 5731.54 5733.7 5736.97 5742.15 5748.86 5758.12 5771.19 5788.03 5820.04 5862.36 5903.89 5935.47 5942.34 5917.8 5872.37 5781.66 5614.57 5405.23 5175.77 4961.94 4781.09 4649.22 4608.19 4591.52 4580.22 4574.05 4590 4622.02 4655.46 4681.44 4688.14 4692.85 4694.51 4660.61
5701.53 5706.7 5716.98 5719.42 5700.49 5688.17 5678.28 5670.79 5666.34 5668.82 5670.33 5664.46 5662.7 5664.7 5665.75 5667.98 5669.89 5673.46 5676.42 5679.87 5683.81 5686.81 5691.91 5694.91 5698.35 5702.3 5706.3 5712.2 5714.18 5716.51 5719.48 5723.19 5728.26 5733.49 5738.46 5744.19 5752.04 5760.82 5765.15 5772.17 5785.77 5832.55 5884.21 5938.71 5989.13 6023.37 5969.33 5823.27 5649.12 5436.26 5229.83 5015.06 4837.32 4693.54 4592.88 4589.69 4578.5 4583.66 4574.06 4581.07 4609.87 4661.04 4658.46 4663.41 4664.83 4655.43 4628.03
5700.45 5707.22 5718.08 5714.34 5699.43 5683.67 5674.38 5667.84 5675.45 5672.55 5669.77 5663.73 5660.16 5659.74 5661.5 5663.73 5666.89 5671.69 5675.37 5678.64 5682.97 5686.9 5689.81 5693.42 5699.32 5703.84 5708.06 5715.41 5720.88 5719.65 5720 5723.53 5729.67 5736.02 5743.44 5750.65 5757.57 5766 5772.75 5780.02 5792.84 5843.93 5905.8 5961.42 6006.69 6012.34 5931.33 5761.82 5553.33 5321.73 5093.88 4874.48 4735.38 4638.67 4582.04 4607.4 4666.25 4600.8 4577.43 4571.81 4577.4 4577.41 4613.17 4642.05 4645.82 4634.17 4623.25
5706.33 5712.37 5723.25 5718.5 5704.9 5680.98 5674.73 5670.82 5675.1 5668.2 5657.11 5654 5654.58 5655.33 5657.75 5660.51 5663.79 5668.15 5672.26 5676.55 5682.47 5686.57 5690.82 5694.13 5699.14 5704.2 5709.66 5713.31 5714.87 5718.11 5719.21 5721.48 5728.51 5738.96 5749.13 5758.9 5765.6 5774.82 5784.7 5795.62 5810.52 5854.54 5913.56 5965.4 5998.27 5983.37 5876.39 5697.31 5479.49 5242.48 5007.54 4795.87 4671.92 4607.26 4578.17 4576.98 4584.3 4586.58 4577.97 4571.57 4562.24 4576.65 4625.89 4644.24 4643.23 4632.32 4623.15
5721.52 5727.26 5721.97 5752.3 5716.18 5688.22 5678.62 5680.61 5675.84 5662.98 5646.49 5647.05 5649.49 5651.69 5655.05 5658.71 5662.56 5667.02 5671.96 5676.63 5682.1 5687.15 5692.27 5697.27 5701.39 5703.58 5708 5714.32 5717.59 5717.47 5718.37 5722.99 5730.92 5742.4 5756.28 5770.76 5785.87 5792.77 5798.62 5809.51 5828.85 5866.7 5921.17 5967.41 5985.64 5946.19 5830.95 5647.72 5424.42 5182.95 4952.34 4755.43 4640.15 4592.82 4580.4 4582.04 4582.39 4578.64 4572.53 4561.98 4557.73 4592.95 4660.93 4658.73 4651.25 4637.45 4624.63
