real_craters/C094-300m.grd
DSAA
210 210
-31.325 31.325
-31.325 31.325
4544.433079819 6229.0146044015
[rows 0 to 29 of 210, columns 134 to 200 of 210]
5477.25 5482.37 5481.44 5479.54 5475.38 5471.22 5469.69 5470.15 5472.34 5475.59 5478.94 5484.45 5490.36 5496.72 5503.49 5510.54 5518.31 5526.6 5527.29 5529.96 5534.29 5539.27 5549.1 5559.05 5568.54 5576.84 5583.15 5586.22 5587.9 5589.46 5589.38 5589.01 5589.36 5591.2 5586.97 5583.81 5585.93 5589.6 5585.34 5579.48 5574.28 5569.17 5561.76 5555.09 5550.45 5550.09 5549.54 5547.95 5546.49 5547.7 5548.02 5550.16 5552.52 5555.36 5558.3 5560.55 5563.45 5566.37 5569.19 5572.07 5575.16 5578 5580.93 5583.65 5586.61 5589.36 5591.65
5469.56 5474.68 5475.68 5475.46 5473.76 5471.79 5471.53 5472.81 5475.43 5479.11 5483.46 5488.5 5493.57 5499.31 5505.33 5512.09 5519.76 5529.31 5536.09 5535.02 5537.64 5543.1 5548.73 5556.22 5563.79 5570.34 5575.05 5577.74 5579.62 5581.91 5582.88 5582.88 5582.2 5580.26 5578.07 5575.77 5579.94 5583.09 5583.02 5580.29 5577.37 5573.67 5565.99 5558.41 5552.08 5551.45 5551.7 5550.42 5548.75 5547.35 5549.85 5552.23 5554.6 5557.21 5559.89 5562.1 5564.56 5567.11 5569.22 5572.17 5574.63 5577.08 5579.08 5581.39 5583.55 5585.43 5586.75
5461.31 5466.27 5468.07 5468.35 5468.4 5469.54 5471.36 5474.03 5477.35 5481.27 5485.89 5490.34 5495.47 5500.92 5506.68 5512.15 5517.92 5524.5 5531.59 5536.16 5538.84 5541.34 5547.02 5554.21 5560.51 5565.71 5569.19 5571.88 5573.83 5575.75 5576.91 5576.65 5575.03 5572.8 5571.06 5570.39 5574.79 5578.94 5579.75 5578.18 5576.33 5573.3 5567.97 5561.73 5555.58 5553.64 5553.29 5552.94 5551.71 5551.81 5552.71 5554.94 5557.48 5559.84 5561.81 5564.21 5566.66 5568.69 5570.87 5572.49 5574.41 5576.31 5578.46 5579.96 5581.63 5582.95 5584.18
5454.4 5459.54 5461.59 5462.32 5463.68 5466.51 5470.11 5474.21 5478.5 5483.02 5487.39 5491.84 5497.04 5502.32 5507.04 5511.64 5515.69 5519.32 5528.6 5535.84 5539.78 5543.74 5548.48 5553.12 5558.03 5562.17 5565.39 5567.32 5568.33 5571.03 5572.5 5571.96 5569.85 5567.67 5568.37 5570.02 5571.05 5572.45 5573.5 5574.58 5574.38 5572.35 5569.2 5565.72 5562.57 5558.66 5556.81 5556.59 5555.56 5554.15 5556.1 5558.58 5560.65 5562.95 5564.54 5566.53 5567.93 5569.82 5571.68 5573.55 5574.82 5576.52 5577.94 5579.2 5580.49 5581.48 5582.45
5451.97 5456.48 5457.68 5457.82 5458.97 5463.65 5469.05 5474.45 5479.6 5484.33 5489.35 5494.23 5499.07 5503.9 5508.26 5512.29 5515.22 5518.48 5529.17 5536.29 5540.12 5543.93 5548.04 5552.04 5556.5 5560.4 5563.44 5565.6 5567.17 5569.59 5570.43 5569.79 5567.6 5565.72 5566.51 5566.8 5567.23 5567.06 5567.65 5571.87 5574.09 5572.9 5569.8 5567.55 5566.9 5563.13 5561.59 5561.21 5561 5561.18 5562.56 5563.62 5564.79 5566.01 5567.16 5568.38 5569.81 5571.4 5572.9 5574.22 5575.78 5577.19 5578.52 5579.17 5579.73 5580.45 5581.49
5456.71 5456.88 5456.66 5455.63 5455.24 5462.46 5469.17 5475.25 5480.87 5486.31 5491.62 5496.74 5501.38 5505.89 5510.14 5514.28 5517.87 5522.42 5530.92 5536.17 5539.81 5542.95 5546.16 5551.05 5555.72 5559.66 5562.85 5566.04 5569.14 5569.98 5570.33 5570.05 5569.1 5567.74 5566.93 5566.05 5566.11 5566.03 5566.4 5571.62 5575.42 5573.4 5568.76 5564.34 5562.46 5563.43 5564.11 5565.35 5566.39 5569.05 5570.18 5568.26 5567.7 5568.14 5569.21 5570.34 5571.44 5572.68 5573.93 5575.76 5576.19 5577.29 5578.27 5578.76 5579.28 5580.07 5581.49
5455.42 5458.21 5458.3 5458.23 5459.68 5465.51 5471.48 5477.28 5483.09 5488.65 5494.06 5499.18 5503.87 5508.49 5512.94 5517.08 5521.49 5526.73 5530.89 5535.42 5540.01 5543.53 5546.71 5551.65 5556.12 5559.81 5563.18 5566.21 5568.67 5570.23 5570.85 5571.24 5571.99 5570.78 5568.83 5567.65 5567.61 5568.75 5571.14 5572.28 5573.47 5571.42 5567.17 5562.12 5559.75 5564.07 5568.1 5568.66 5569.07 5570.75 5571.67 5569.94 5569.61 5569.87 5570.37 5570.99 5571.88 5572.75 5573.64 5575.83 5576.59 5577.47 5578.17 5578.9 5578.85 5579.86 5581.57
5460.64 5461.05 5461.51 5463.39 5467.78 5471.04 5474.96 5480.12 5485.65 5491.11 5496.45 5501.55 5506.58 5511.08 5515.56 5520.14 5524.68 5529.81 5532.67 5536.77 5541.85 5546.21 5550.32 5554.22 5557.66 5560.86 5563.68 5566.37 5569.09 5570.48 5571.03 5571.87 5572.43 5571.99 5570.61 5569.22 5569.35 5571.58 5573.49 5572.31 5569.26 5568.28 5566.56 5564.89 5564.16 5565.99 5568.5 5569.54 5569.34 5568.46 5566.79 5570.01 5571.16 5571.7 5572.18 5572.81 5573.48 5574.17 5574.77 5575.71 5575.92 5576.71 5577.54 5578.4 5579.37 5579.89 5581.9
5461.83 5463.26 5464.78 5467.05 5471.13 5474.19 5477.78 5483 5488.45 5493.89 5499.53 5504.56 5509.29 5513.63 5518.04 5522.56 5527.72 5532.54 5536.39 5540.52 5545.14 5549.7 5554.26 5557.23 5559.71 5562.16 5564.25 5566.12 5567.48 5568.68 5570.39 5571.97 5573.57 5573.17 5572.47 5571.56 5571.77 5574.08 5576.33 5572.97 5568.81 5567.15 5566.21 5566.18 5566.04 5566.5 5569.17 5569.5 5569 5569.19 5570.27 5571.78 5572.75 5573.7 5573.99 5574.55 5575.13 5575.73 5576.39 5576.95 5576.94 5577.72 5578.56 5579.54 5580.54 5581.38 5583.29
5463.52 5466.14 5468 5469.54 5470.99 5474.78 5480.61 5486.45 5492.29 5497.77 5502.98 5507.88 5511.86 5516.4 5520.88 5525.14 5530.45 5535.75 5540.12 5544.57 5548.87 5552.95 5556.57 5559.45 5561.83 5563.79 5565.17 5566.17 5566.44 5567.4 5569.86 5571.79 5573.06 5573.98 5574.47 5575.3 5576.65 5575.8 5574.31 5572.16 5569.64 5567 5565.27 5564.41 5564.24 5564.46 5564.54 5565.47 5568.15 5570.56 5572.9 5574.53 5574.78 5575.34 5575.82 5576.36 5576.92 5577.57 5578.22 5578.78 5579.4 5580.15 5580.93 5581.49 5582.57 5583.63 5585.37
5467.89 5470.31 5472.16 5473.44 5474.74 5478.5 5484.52 5490.85 5496.61 5501.69 5506.56 5511.17 5515.65 5519.35 5523.89 5527.68 5532.43 5537.63 5543.25 5548.54 5552.65 5556.26 5559.5 5562.24 5564.25 5565.61 5566.52 5567.04 5567.35 5568.28 5570.32 5572.36 5573.42 5574.99 5575.75 5576.78 5577.69 5575.77 5573.77 5571.6 5569.17 5566.69 5564.23 5562.07 5562.46 5562.66 5561.65 5563.33 5567.86 5571.77 5576.04 5576.68 5576.79 5577.32 5577.81 5578.33 5578.96 5579.46 5579.98 5580.8 5581.58 5582.37 5583.47 5583.95 5585.16 5586.76 5589.86
5473.71 5475.76 5477.68 5479.3 5481.17 5484.75 5490.31 5496.23 5501.67 5506.8 5511.27 5515.53 5519.7 5523.43 5526.99 5530.38 5534.38 5539.6 5546.04 5552.29 5556.14 5559.58 5562.88 5565.31 5566.78 5567.85 5568.46 5568.72 5568.65 5569.07 5571.33 5574.24 5576.53 5576.46 5576.43 5575.81 5574.33 5574.52 5574.85 5573.11 5569.12 5566.98 5565.08 5562.86 5563.44 5563.89 5563.98 5565.57 5569.3 5572.57 5574.97 5577.09 5578.02 5579.18 5580.03 5580.84 5581.65 5582.04 5582.67 5583.14 5583.76 5584.73 5586.07 5586.91 5588.27 5590.36 5593.79
5479.74 5481.98 5484.33 5486.5 5488.97 5492.32 5497.65 5502.88 5507.67 5512.26 5516.57 5520.78 5524.71 5528.2 5531.39 5534.23 5536.46 5541.63 5548.55 5554.3 5558.91 5562.61 5565.94 5568.68 5569.71 5570.55 5571.07 5571.24 5570.99 5571 5572.95 5575.28 5577.18 5577.71 5577.46 5576.36 5574.68 5574.34 5574.19 5571.91 5568.58 5567.98 5568.39 5568.53 5567.31 5567.11 5568 5570.11 5571.73 5573.86 5576.32 5578 5579.11 5580.59 5581.41 5582.35 5583.3 5584.45 5585.41 5586.77 5587.22 5588.29 5589.46 5590.49 5591.88 5593.68 5596.72
5486.03 5488.78 5491.57 5494.62 5498.09 5501.01 5506.58 5510.68 5514.57 5518.66 5522.74 5526.59 5530.42 5534.15 5537.17 5539.89 5542.74 5547.04 5552.61 5558.31 5562.43 5565.65 5568.61 5570.58 5572.5 5573.78 5574.42 5574.71 5574.69 5574.52 5575.76 5576.83 5578.31 5579.7 5579.69 5578.68 5577.19 5575.4 5573.27 5570.42 5568.66 5569.44 5570.94 5571.97 5570.61 5570.17 5570.97 5572.46 5573.53 5575.15 5576.74 5578.46 5580.82 5581.96 5582.91 5584.02 5585.18 5586.71 5588.02 5588.92 5590.12 5591.53 5592.85 5593.92 5595.55 5597.37 5600.8
5492.16 5495.5 5498.96 5503.1 5508.36 5515.11 5516.75 5518.45 5521.38 5524.97 5528.92 5532.91 5536.76 5540.39 5543.7 5547 5550.68 5554.11 5557.77 5561.66 5565.14 5569.19 5572.45 5574.53 5576.91 5577.98 5578.73 5579.37 5579.84 5580.54 5581.49 5582.09 5582.77 5583.53 5583.55 5582.56 5580.2 5577.67 5574.6 5569.87 5570.57 5572.09 5572.63 5572.77 5572.64 5572.42 5572.54 5572.88 5574.36 5576.3 5579.63 5582.87 5582.56 5582.94 5584.06 5585.34 5586.7 5588.19 5589.59 5591 5592.57 5594.29 5595.68 5597.38 5599.21 5601.23 5603.97
5498.35 5502.22 5505.84 5510.09 5515.5 5521.95 5523.54 5524.76 5527.31 5530.96 5534.98 5539.24 5543.42 5547.35 5550.96 5554.4 5558.05 5561.53 5564.14 5564.72 5568.38 5574.75 5578.8 5582.35 5582.37 5582.69 5583.65 5584.42 5585.23 5586.68 5587.43 5586.9 5588.19 5588.73 5588.86 5588.52 5587.36 5585.86 5582.26 5576.18 5577.86 5578.21 5575.67 5574.92 5575.34 5574.69 5574.16 5574.69 5574.9 5576.06 5579 5582.32 5581.98 5583.25 5585.26 5587 5588.67 5590.51 5591.97 5593.5 5594.91 5596.55 5598.29 5600.42 5603.01 5605.5 5607.82
5505.83 5509.13 5512.27 5515.52 5519.24 5522.36 5525.74 5529.02 5532.86 5537.13 5541.62 5546.31 5550.83 5555.21 5559.3 5562.46 5565.45 5570.48 5574.41 5577.27 5581.24 5583.97 5585.14 5585.37 5585.88 5587.45 5589.05 5590.02 5590.44 5590.2 5591.16 5596.88 5594.58 5594.48 5594.87 5595.5 5597.1 5597.92 5595.33 5594.77 5591.63 5588.98 5586.27 5582.75 5580.19 5577.51 5575.16 5574.15 5573.33 5574.42 5576.15 5576.7 5580.8 5583.6 5585.77 5587.77 5589.58 5591.52 5593.7 5595.31 5596.92 5598.88 5600.85 5603.22 5606.16 5609.95 5612.54
5514.51 5516.45 5518.56 5520.54 5522.37 5523.99 5527.39 5532.47 5538.01 5543.56 5548.88 5553.78 5558.84 5563.94 5568.89 5572.76 5575.7 5581.81 5586.87 5592.35 5595.99 5594.93 5592.94 5589.58 5590.08 5593.5 5595.52 5596.53 5596.78 5596.01 5595.22 5595.22 5598.79 5600.08 5600.8 5601.36 5601.87 5601.79 5603.29 5605.71 5603.16 5599.39 5597.41 5592.08 5586.12 5581.12 5575.98 5570.02 5569.21 5573.31 5576.06 5578.87 5581.8 5584.82 5587.55 5589.95 5592 5594.18 5595.78 5597.46 5598.98 5601.06 5603.03 5605.36 5608.46 5611.83 5614.04
5522.42 5523.62 5524.76 5525.82 5526.24 5526.8 5529.97 5536.73 5543.88 5550.24 5556.39 5562.24 5567.71 5573.1 5578.89 5586.17 5591.93 5594.13 5598.56 5603.35 5606.24 5605.72 5603.21 5600.19 5600.19 5601.93 5603.23 5604.15 5604.71 5604.9 5604.32 5602.71 5604.85 5606.23 5606.83 5606.95 5606.14 5604.94 5607.83 5610.07 5609.26 5605.44 5601.67 5596.9 5591.46 5585.98 5580.07 5573.54 5572.47 5576.29 5578.91 5581.32 5584.11 5587.35 5590.7 5593.21 5595.44 5596.83 5598.33 5599.9 5601.41 5603.63 5605.3 5607.1 5609.36 5611.41 5613.18
5528.78 5530.33 5531.41 5532.06 5532.05 5531.52 5533.77 5542.82 5551.15 5558.55 5565.16 5571.08 5576.67 5582.03 5587.34 5592.67 5598.62 5603.7 5608.64 5613.52 5617 5616.5 5614.39 5613.11 5612.34 5611.51 5611.61 5612.2 5613.13 5614.2 5614.05 5612.92 5612.89 5612.73 5612.83 5612.93 5613.36 5614.58 5614.09 5613.66 5612.2 5608.75 5605.27 5601.08 5596.75 5592.28 5587.68 5584.21 5583.43 5583.67 5584.48 5585.18 5587.86 5591.45 5594.61 5597.17 5599.32 5600.83 5602.75 5604.15 5605.19 5606.37 5607.58 5608.61 5610.02 5611.5 5613.17
5534.64 5536.73 5538.49 5540 5540.93 5541.02 5542.33 5552.97 5560.85 5567.76 5574.29 5580.27 5585.71 5590.91 5595.45 5598.68 5604.63 5611.53 5617.24 5622.31 5626.3 5625.8 5623.8 5622.2 5621.02 5620.02 5619.47 5619.71 5620.87 5623.14 5626.64 5624.66 5620.63 5618.89 5618.24 5618.25 5618.97 5620.34 5619.48 5617.57 5614.96 5610.76 5606.75 5605.22 5602.63 5599.4 5596.18 5593.88 5592.49 5592.45 5592.5 5592.67 5594.28 5597.27 5599.71 5601.6 5603.28 5604.73 5606.15 5607.38 5608.22 5608.82 5609.7 5610.16 5610.72 5609.88 5613.03
5540.42 5543.49 5546.15 5548.65 5551.73 5555.97 5564.39 5566.94 5572 5577.82 5583.85 5589.74 5595.19 5600.26 5605.13 5610.57 5614.72 5619.73 5624.72 5628.99 5632.13 5632.15 5630.75 5629.7 5628.97 5627.1 5625.91 5625.75 5626.56 5628.41 5630.92 5628.65 5625.61 5623.79 5622.59 5622.07 5622.11 5622.35 5621.67 5620.64 5619.36 5615.82 5612.3 5611.36 5609.44 5607.05 5604.85 5603.05 5601.38 5602.13 5602.12 5602.36 5603.21 5604.1 5604.85 5605.6 5606.51 5607.59 5608.82 5609.84 5610.61 5611.49 5612.3 5612.83 5613.48 5613.55 5616.45
5546.45 5550.51 5554.22 5557.81 5561.9 5567.65 5575.34 5577.87 5582.13 5587.59 5593.54 5599.33 5604.81 5609.58 5614.1 5619.49 5623.36 5627.52 5631.39 5634.23 5636.01 5636.29 5635.55 5634.62 5633.58 5631.88 5630.69 5630.28 5630.39 5630.32 5628.41 5628.83 5628.52 5627.36 5626.18 5625.13 5624.35 5623.66 5622.5 5622.44 5622.62 5624 5623.02 5619.73 5617.15 5615.11 5613.52 5613.2 5614.95 5612.46 5611.12 5612.52 5613.86 5610.81 5609.43 5609.3 5609.61 5610.38 5611.6 5612.43 5613.32 5614.2 5615.06 5615.59 5617.06 5619.5 5621.32
5553.31 5558.32 5562.83 5566.99 5571.39 5575.5 5578.48 5584.48 5591.09 5596.95 5602.81 5608.83 5614.61 5619.69 5622.62 5622.39 5630.32 5634.93 5637.65 5639.29 5640.2 5640.11 5639 5637.68 5636.27 5634.97 5634.09 5633.77 5633.64 5633.51 5633.17 5632.16 5631.7 5630.61 5629.04 5627.46 5626.1 5624.61 5624 5624.2 5625.43 5629.55 5630.31 5627.34 5624.59 5622.21 5620.64 5620 5619.95 5617.9 5616.43 5616.8 5617.09 5614.47 5613.21 5612.99 5613.1 5613.48 5614.24 5614.95 5615.75 5616.25 5617.14 5617.73 5618.38 5619.11 5620.17
5561.53 5566.86 5571.81 5576.27 5580.57 5584.15 5587.31 5593.1 5600.09 5606.04 5611.88 5617.99 5624.45 5631.01 5636.46 5638.78 5641.37 5642.97 5643.83 5644.07 5643.61 5642.62 5641.84 5640.13 5638.13 5636.96 5637.01 5637.25 5637.26 5636.98 5637.18 5637.17 5635.85 5634.13 5631.87 5629.7 5627.66 5625.86 5624.96 5625.75 5628.36 5632.86 5634.76 5633.35 5631.03 5628.58 5626.01 5623.64 5620.99 5619.74 5619.09 5617.68 5615.35 5615.8 5616.06 5615.72 5615.65 5615.82 5616.27 5617.24 5618.07 5618.71 5619.5 5619.9 5619.68 5618.58 5616.99
5570.34 5576 5580.86 5585.51 5590.07 5594.34 5599.05 5604.03 5609.54 5614.79 5620.16 5625.89 5632.59 5640.82 5651.57 5658.07 5652.53 5650 5649.08 5648.6 5647.53 5646.36 5645.58 5643.17 5639.93 5639.06 5640.05 5640.97 5641.41 5640.94 5639.99 5641.73 5640.01 5637.64 5634.88 5632.18 5629.8 5627.77 5626.26 5627.64 5629.39 5635.13 5638.65 5638.28 5636.55 5633.88 5631.11 5627.74 5624.23 5622.54 5622.17 5620.61 5617.12 5618.82 5619.15 5618.5 5618.16 5618.17 5618.64 5619.32 5620.46 5621.55 5622.63 5623.18 5622.63 5621.13 5618.85
5579.05 5584.95 5590.23 5595.02 5599.76 5604.42 5608.9 5613.4 5618.57 5622.91 5627.21 5631.83 5637.38 5644.54 5654.11 5659.38 5655.92 5653.4 5652.54 5652.55 5652.88 5653.09 5650.65 5647.28 5643.98 5642.81 5643.95 5645.3 5646.47 5647.41 5647.48 5646.58 5643.99 5640.99 5637.93 5634.86 5632.31 5630.65 5629.15 5631.34 5636.56 5641.46 5643.46 5643.36 5641.65 5639.18 5636.2 5632.52 5628.17 5625.97 5627.19 5627.38 5626.26 5625.9 5623.42 5620.82 5619.51 5619.34 5619.93 5621.15 5622.52 5623.99 5625.59 5626.83 5628.08 5627.28 5625.27
5588.3 5593.81 5599.34 5604.39 5609.54 5614.17 5618.59 5623.09 5626.47 5629.95 5632.97 5635.81 5639.01 5642.55 5645.64 5649.89 5652.51 5653.28 5653.95 5655.02 5656.44 5657.81 5655.06 5651.64 5648.81 5647.8 5648.67 5650.03 5651.58 5653.3 5653.02 5650.49 5647.33 5644.39 5641.09 5637.88 5634.82 5632.17 5630.7 5635.86 5642.72 5647.21 5649.09 5648.48 5646.66 5644.28 5641.59 5638.56 5635.65 5634.03 5633.51 5634.68 5638.54 5635.71 5625.99 5621.41 5620.27 5620.48 5621.49 5622.95 5624.73 5626.65 5629.04 5631.07 5632.69 5633.34 5633.14
5598.04 5603.92 5608.81 5613.62 5618.69 5623.39 5627.3 5630.62 5634.18 5636.2 5637.56 5638.39 5639.26 5639.57 5639.53 5643.33 5648.27 5651.48 5653.69 5655.67 5657.37 5658.59 5657.25 5655.16 5653.47 5652.75 5653.49 5654.58 5655.78 5656.81 5655.85 5652.76 5650.47 5647.66 5644.59 5641.36 5638.27 5635.62 5637.47 5642.99 5649.49 5655.79 5654.82 5653.26 5651.01 5648.71 5646.45 5644.58 5643.42 5642.21 5637 5633.8 5639.38 5630.84 5619.66 5618.93 5619.99 5621.46 5623.09 5624.97 5627.07 5629.61 5632.34 5635.23 5637.99 5639.12 5639.08
5609.8 5615.05 5619.14 5623.54 5627.76 5632.54 5637.07 5639 5642.51 5641.83 5641.19 5640.6 5639.57 5638.34 5637.03 5640.84 5645.82 5649.91 5653.02 5655.43 5657.04 5657.9 5658.11 5657.86 5657.6 5657.71 5658.28 5658.83 5659.34 5659.34 5658.74 5657.19 5654.8 5651.59 5648.37 5645.38 5643.07 5642.24 5645.35 5648.81 5653.36 5659.6 5658.88 5656.81 5654.5 5652.32 5650.27 5648.68 5647.55 5644.62 5636.64 5624.39 5602.53 5591.54 5608.31 5615.93 5619.55 5621.98 5623.93 5626.27 5628.47 5631.12 5634.29 5638.31 5643.49 5644.69 5643.45
