real_craters/C094-750m.grd
DSAA
85 85
-31.325 31.325
-31.325 31.325
4546.5496276123 6201.010020584
[rows 38 to 75 of 85, columns 0 to 83 of 85]
5700 5713 5718 5693 5676 5668 5671 5670 5661 5662 5666 5670 5676 5681 5686 5692 5698 5704 5712 5719 5720 5725 5733 5743 5753 5765 5773 5794 5876 5961 6020 5938 5673 5343 5016 4766 4610 4613 4615 4576 4583 4594 4641 4652 4630 4609 4594 4674 4848 5060 5405 5715 5974 6119 6000 5755 5723 5730 5738 5737 5737 5735 5722 5721 5715 5706 5702 5681 5663 5658 5656 5665 5676 5680 5671 5667 5671 5682 5673 5669 5666 5668 5670 5671
5707 5719 5719 5695 5675 5671 5669 5654 5654 5656 5660 5665 5672 5678 5686 5692 5698 5707 5713 5716 5719 5722 5736 5752 5764 5778 5792 5818 5898 5974 5993 5855 5564 5215 4874 4663 4586 4577 4588 4578 4565 4577 4639 4643 4626 4616 4600 4645 4753 4947 5293 5641 5945 6165 6067 5813 5725 5733 5736 5738 5735 5730 5729 5720 5714 5714 5714 5687 5675 5671 5675 5669 5671 5663 5637 5646 5656 5674 5674 5668 5661 5665 5668 5670
5718 5688 5759 5699 5678 5687 5664 5645 5648 5650 5657 5664 5670 5678 5686 5694 5700 5704 5713 5718 5717 5722 5740 5763 5790 5802 5810 5831 5903 5971 5959 5794 5494 5131 4814 4627 4581 4583 4579 4571 4563 4591 4668 4655 4635 4619 4602 4632 4708 4894 5237 5590 5903 6112 6074 5872 5779 5753 5743 5736 5729 5724 5719 5719 5715 5709 5697 5691 5684 5674 5665 5659 5655 5645 5638 5634 5642 5654 5655 5660 5669 5667 5666 5667
5714 5699 5707 5687 5670 5682 5669 5648 5638 5645 5651 5659 5668 5675 5683 5690 5696 5703 5710 5716 5717 5720 5745 5769 5798 5805 5808 5826 5897 5980 5969 5791 5488 5129 4830 4640 4589 4577 4568 4566 4575 4617 4656 4671 4667 4624 4598 4628 4716 4912 5239 5572 5868 6075 6085 5899 5792 5767 5745 5732 5724 5725 5726 5719 5714 5704 5690 5689 5684 5670 5656 5651 5636 5615 5617 5623 5628 5631 5647 5663 5669 5666 5663 5661
5708 5707 5696 5674 5662 5666 5667 5655 5643 5644 5649 5657 5666 5675 5681 5689 5696 5699 5702 5712 5727 5741 5752 5768 5782 5792 5795 5802 5887 6006 6049 5831 5534 5203 4904 4693 4606 4578 4558 4564 4604 4649 4650 4689 4700 4638 4595 4621 4753 4979 5275 5585 5865 6086 6130 5929 5799 5754 5743 5730 5725 5727 5726 5721 5713 5706 5705 5681 5667 5667 5667 5651 5630 5619 5613 5619 5620 5625 5642 5651 5661 5664 5661 5656
5695 5695 5681 5670 5659 5658 5671 5663 5646 5644 5646 5652 5660 5670 5679 5689 5698 5701 5700 5716 5735 5750 5756 5767 5777 5784 5790 5805 5885 6014 6032 5864 5599 5313 5032 4770 4645 4567 4547 4561 4598 4676 4719 4698 4682 4640 4601 4634 4809 5065 5351 5626 5882 6083 6131 5918 5811 5745 5731 5731 5733 5738 5733 5724 5713 5707 5696 5675 5667 5659 5654 5640 5624 5612 5615 5615 5614 5619 5638 5656 5664 5665 5662 5666
5686 5685 5689 5685 5664 5670 5673 5662 5644 5641 5645 5652 5660 5670 5680 5691 5703 5718 5742 5732 5741 5750 5754 5762 5781 5781 5790 5814 5881 5998 6037 5870 5656 5433 5205 4945 4743 4589 4551 4554 4566 4617 4683 4672 4651 4625 4604 4624 4896 5172 5422 5665 5885 6041 6048 5917 5765 5716 5712 5723 5740 5740 5740 5731 5716 5702 5686 5672 5655 5649 5637 5623 5617 5609 5612 5617 5617 5621 5637 5667 5666 5665 5665 5662
5680 5675 5692 5692 5679 5685 5673 5660 5644 5642 5646 5652 5661 5670 5680 5690 5703 5724 5756 5744 5737 5744 5748 5750 5758 5776 5796 5823 5872 5941 5932 5844 5686 5495 5269 5052 4834 4675 4603 4577 4572 4584 4599 4636 4642 4638 4617 4611 4957 5232 5427 5633 5840 6021 6118 5951 5762 5694 5694 5716 5745 5765 5754 5739 5726 5715 5703 5682 5666 5652 5639 5630 5619 5607 5617 5632 5621 5622 5630 5657 5654 5658 5664 5665
5682 5682 5683 5678 5670 5680 5671 5662 5650 5646 5647 5653 5660 5668 5678 5688 5700 5712 5722 5738 5745 5750 5748 5748 5757 5777 5799 5834 5881 5921 5904 5822 5701 5552 5379 5141 4909 4766 4677 4615 4581 4600 4619 4641 4655 4658 4656 4675 5026 5205 5376 5587 5780 5957 6062 5945 5766 5686 5686 5706 5736 5764 5755 5739 5724 5718 5703 5671 5662 5653 5648 5642 5625 5614 5621 5623 5629 5621 5616 5623 5635 5648 5658 5661
5686 5697 5683 5670 5661 5670 5674 5663 5651 5645 5645 5649 5658 5666 5675 5685 5695 5704 5716 5734 5754 5754 5750 5757 5766 5777 5797 5823 5852 5867 5855 5805 5719 5593 5414 5159 4970 4842 4741 4671 4614 4658 4659 4682 4680 4683 4717 4848 4923 5113 5304 5512 5693 5849 5931 5867 5749 5688 5686 5701 5715 5742 5746 5734 5713 5704 5684 5653 5644 5643 5644 5638 5625 5611 5610 5636 5629 5621 5614 5615 5624 5642 5654 5659
5687 5694 5689 5665 5649 5664 5669 5661 5648 5643 5645 5650 5657 5665 5673 5682 5689 5698 5710 5725 5738 5746 5746 5749 5760 5771 5786 5801 5807 5822 5824 5798 5742 5659 5520 5256 5031 4919 4828 4792 4751 4742 4772 4752 4736 4741 4784 5026 4896 5074 5285 5469 5628 5734 5780 5784 5727 5697 5693 5705 5732 5741 5741 5735 5725 5711 5681 5647 5641 5641 5639 5635 5620 5608 5604 5619 5626 5625 5620 5623 5632 5642 5650 5654
5709 5717 5683 5658 5647 5663 5667 5660 5646 5638 5643 5651 5658 5666 5673 5681 5688 5692 5702 5717 5727 5738 5740 5740 5750 5764 5775 5785 5797 5815 5812 5807 5786 5744 5671 5412 5170 5007 4911 4916 4957 4913 4812 4798 4821 4848 4892 5280 5205 5240 5366 5488 5591 5659 5689 5690 5699 5698 5698 5705 5714 5727 5737 5738 5733 5707 5682 5651 5643 5644 5636 5619 5612 5610 5610 5605 5618 5624 5624 5629 5634 5646 5653 5658
5725 5731 5675 5653 5647 5659 5666 5659 5648 5641 5646 5653 5660 5665 5672 5681 5688 5698 5708 5720 5731 5735 5738 5742 5748 5756 5765 5770 5773 5769 5796 5815 5821 5805 5745 5516 5233 5094 4995 4983 4979 4921 4878 4894 4976 5052 5169 5642 5627 5558 5548 5577 5617 5652 5679 5686 5695 5694 5706 5707 5710 5735 5739 5735 5726 5719 5690 5655 5650 5663 5640 5620 5611 5610 5611 5611 5614 5622 5631 5639 5644 5652 5662 5665
5727 5729 5670 5652 5649 5654 5663 5659 5653 5652 5651 5654 5660 5667 5674 5683 5688 5693 5705 5721 5731 5734 5736 5740 5745 5751 5758 5762 5761 5756 5781 5803 5831 5839 5803 5626 5354 5248 5140 5133 5120 5069 5080 5127 5252 5379 5511 5996 6078 5907 5768 5709 5686 5683 5695 5697 5717 5728 5723 5712 5702 5727 5741 5748 5753 5751 5713 5678 5667 5666 5646 5624 5613 5611 5612 5609 5613 5624 5631 5642 5652 5658 5663 5670
5736 5721 5676 5664 5655 5654 5658 5656 5653 5651 5652 5657 5663 5669 5678 5685 5693 5694 5707 5718 5726 5730 5732 5734 5741 5748 5754 5756 5754 5744 5773 5801 5830 5862 5886 5862 5667 5534 5414 5467 5480 5452 5450 5486 5610 5754 5935 6009 6068 5997 5874 5786 5743 5725 5723 5740 5752 5761 5747 5722 5712 5730 5747 5749 5751 5739 5723 5700 5685 5667 5649 5631 5618 5613 5611 5613 5618 5634 5646 5648 5655 5663 5673 5674
5736 5720 5683 5677 5662 5655 5653 5653 5652 5649 5654 5660 5666 5673 5679 5687 5699 5726 5711 5712 5718 5724 5728 5734 5740 5746 5752 5756 5755 5752 5772 5791 5819 5853 5892 5907 5919 5810 5793 5901 5856 5860 5874 5907 5925 6017 6201 5971 5968 5967 5882 5818 5777 5750 5739 5767 5777 5774 5752 5731 5730 5752 5758 5754 5749 5738 5722 5702 5681 5666 5652 5635 5620 5618 5617 5623 5632 5650 5661 5658 5661 5664 5666 5674
5713 5719 5688 5668 5660 5653 5649 5652 5654 5655 5659 5663 5668 5673 5679 5685 5688 5679 5701 5706 5713 5720 5723 5727 5735 5741 5746 5753 5761 5751 5769 5788 5805 5826 5846 5866 5857 5866 5896 5916 5960 6000 6021 6086 6024 6020 6007 5800 5802 5820 5830 5808 5782 5762 5754 5798 5787 5755 5736 5738 5747 5778 5774 5760 5748 5733 5718 5698 5673 5674 5663 5647 5631 5629 5622 5626 5652 5666 5665 5660 5654 5659 5668 5665
5694 5707 5687 5670 5660 5657 5652 5654 5658 5661 5665 5667 5670 5673 5677 5682 5694 5704 5697 5700 5708 5717 5726 5730 5731 5735 5740 5748 5756 5764 5770 5777 5773 5787 5794 5780 5808 5833 5844 5852 5888 5879 5887 5891 5920 5912 5844 5768 5757 5766 5779 5779 5773 5766 5765 5770 5768 5763 5763 5754 5766 5805 5794 5766 5759 5744 5720 5695 5680 5676 5671 5660 5659 5644 5640 5644 5698 5677 5660 5653 5654 5659 5664 5668
5703 5717 5688 5667 5662 5655 5654 5657 5662 5665 5668 5670 5670 5670 5671 5673 5679 5689 5690 5692 5702 5713 5725 5726 5724 5726 5730 5739 5755 5777 5772 5761 5754 5752 5760 5791 5806 5804 5802 5808 5829 5846 5858 5840 5828 5823 5802 5778 5764 5762 5759 5762 5763 5762 5762 5756 5753 5757 5761 5759 5773 5795 5804 5801 5777 5751 5723 5697 5673 5673 5669 5657 5641 5645 5649 5670 5675 5675 5666 5659 5662 5669 5676 5681
5720 5709 5691 5681 5666 5659 5659 5662 5667 5672 5677 5672 5669 5668 5667 5664 5658 5666 5685 5694 5697 5702 5708 5712 5711 5712 5714 5719 5727 5753 5753 5743 5732 5725 5716 5767 5787 5769 5783 5800 5800 5804 5792 5770 5764 5776 5778 5783 5766 5748 5755 5758 5759 5755 5748 5748 5745 5746 5742 5757 5769 5778 5788 5797 5785 5756 5725 5698 5676 5665 5658 5648 5638 5642 5654 5685 5685 5670 5667 5672 5670 5670 5677 5682
5724 5701 5692 5667 5666 5664 5659 5670 5674 5673 5668 5667 5666 5667 5665 5662 5657 5665 5683 5694 5688 5686 5693 5693 5696 5697 5698 5699 5701 5716 5723 5722 5716 5705 5680 5668 5789 5766 5767 5765 5778 5780 5769 5762 5758 5761 5769 5769 5767 5770 5763 5759 5761 5768 5763 5752 5750 5746 5751 5748 5755 5763 5773 5776 5769 5750 5722 5694 5671 5654 5647 5644 5646 5643 5658 5691 5701 5679 5672 5676 5671 5665 5677 5679
5732 5713 5700 5679 5672 5679 5690 5690 5684 5674 5663 5662 5664 5666 5665 5667 5669 5667 5670 5675 5674 5667 5659 5674 5684 5689 5690 5688 5689 5695 5703 5709 5712 5715 5724 5753 5776 5761 5774 5769 5775 5787 5799 5780 5760 5760 5766 5792 5769 5759 5756 5758 5759 5759 5756 5747 5739 5744 5749 5741 5749 5770 5790 5791 5778 5746 5714 5688 5667 5651 5642 5645 5648 5650 5681 5690 5695 5686 5677 5674 5670 5671 5669 5670
5734 5739 5713 5688 5688 5700 5717 5710 5695 5679 5664 5662 5662 5663 5665 5670 5673 5668 5658 5661 5666 5664 5663 5672 5682 5686 5687 5684 5682 5686 5694 5699 5709 5725 5756 5776 5764 5770 5791 5778 5775 5788 5807 5793 5779 5756 5744 5761 5751 5747 5748 5751 5753 5750 5749 5743 5736 5742 5747 5736 5747 5767 5782 5777 5757 5728 5702 5680 5661 5649 5645 5651 5657 5660 5650 5669 5677 5682 5681 5678 5671 5660 5660 5662
5706 5724 5740 5714 5699 5710 5727 5719 5701 5685 5674 5666 5662 5662 5661 5666 5671 5669 5664 5668 5674 5674 5674 5681 5686 5688 5688 5684 5682 5680 5681 5691 5703 5720 5741 5752 5751 5773 5793 5781 5773 5773 5764 5763 5774 5745 5728 5728 5736 5740 5746 5747 5752 5757 5751 5749 5753 5748 5740 5736 5746 5763 5773 5740 5713 5699 5686 5670 5656 5649 5658 5656 5655 5652 5659 5667 5669 5681 5681 5683 5687 5667 5660 5664
5698 5699 5698 5692 5685 5704 5725 5718 5700 5686 5671 5665 5664 5661 5657 5658 5663 5674 5682 5688 5695 5697 5695 5695 5694 5694 5693 5692 5686 5678 5678 5683 5696 5707 5715 5725 5737 5748 5742 5763 5766 5758 5748 5740 5721 5728 5729 5725 5722 5731 5734 5738 5745 5753 5749 5748 5753 5744 5735 5726 5732 5745 5752 5711 5679 5678 5674 5665 5655 5649 5650 5651 5654 5669 5682 5685 5679 5674 5682 5682 5680 5689 5670 5670
5707 5696 5689 5680 5680 5691 5693 5690 5690 5685 5681 5678 5669 5663 5658 5653 5661 5689 5706 5710 5715 5730 5722 5705 5699 5695 5695 5693 5688 5676 5666 5675 5689 5701 5707 5719 5734 5738 5736 5743 5748 5749 5743 5733 5730 5720 5718 5717 5723 5721 5719 5724 5725 5729 5733 5734 5725 5722 5724 5713 5716 5718 5725 5701 5680 5674 5671 5666 5659 5653 5648 5648 5658 5682 5724 5694 5716 5695 5698 5688 5678 5689 5696 5683
5700 5700 5696 5687 5689 5685 5681 5680 5683 5683 5683 5681 5672 5667 5663 5656 5664 5696 5727 5713 5706 5707 5712 5704 5699 5699 5701 5702 5690 5678 5667 5674 5687 5700 5713 5720 5725 5730 5733 5736 5738 5745 5749 5748 5723 5712 5707 5702 5711 5717 5722 5716 5706 5703 5721 5729 5728 5727 5721 5706 5706 5698 5688 5686 5681 5679 5678 5673 5667 5662 5655 5653 5664 5703 5708 5631 5559 5704 5721 5700 5681 5696 5706 5686
5702 5701 5691 5687 5685 5684 5685 5687 5682 5678 5674 5666 5668 5669 5671 5680 5679 5678 5681 5688 5681 5669 5678 5691 5696 5702 5707 5710 5698 5684 5679 5679 5687 5701 5712 5720 5722 5725 5734 5739 5744 5745 5750 5746 5738 5719 5701 5693 5698 5705 5712 5705 5706 5711 5719 5730 5746 5752 5730 5725 5719 5700 5678 5699 5693 5686 5682 5677 5674 5671 5661 5655 5671 5715 5686 5617 5563 5686 5720 5702 5695 5689 5677 5678
5705 5691 5684 5687 5685 5683 5684 5686 5681 5676 5670 5666 5668 5671 5675 5679 5679 5668 5664 5671 5669 5665 5672 5684 5692 5696 5700 5707 5695 5684 5677 5676 5684 5696 5713 5719 5731 5743 5750 5747 5738 5748 5755 5753 5742 5717 5699 5694 5691 5692 5685 5696 5709 5714 5719 5724 5731 5727 5722 5731 5726 5715 5696 5686 5691 5685 5680 5679 5678 5677 5668 5655 5663 5699 5694 5662 5666 5683 5690 5689 5677 5676 5675 5672
5699 5689 5683 5687 5682 5679 5679 5677 5678 5676 5671 5669 5670 5673 5674 5675 5673 5669 5667 5668 5669 5670 5675 5681 5686 5688 5685 5676 5683 5678 5673 5673 5678 5687 5698 5712 5722 5733 5763 5756 5752 5757 5765 5768 5744 5710 5700 5701 5702 5685 5690 5705 5726 5725 5717 5712 5708 5706 5700 5687 5678 5702 5697 5698 5683 5676 5672 5674 5676 5681 5672 5649 5650 5676 5691 5684 5685 5681 5679 5679 5669 5669 5670 5670
5699 5691 5681 5682 5677 5674 5678 5680 5680 5676 5672 5672 5671 5673 5675 5675 5675 5673 5673 5674 5676 5676 5678 5680 5683 5685 5684 5681 5682 5679 5670 5664 5680 5689 5696 5711 5725 5744 5756 5740 5743 5758 5774 5777 5753 5700 5706 5707 5701 5686 5706 5721 5724 5722 5711 5697 5684 5686 5689 5689 5683 5658 5652 5651 5661 5663 5664 5665 5664 5657 5645 5637 5653 5664 5664 5670 5677 5677 5680 5680 5679 5674 5668 5670
5694 5698 5675 5677 5673 5671 5676 5682 5679 5675 5672 5669 5670 5673 5677 5680 5680 5680 5679 5680 5685 5687 5682 5679 5680 5681 5690 5695 5686 5686 5687 5688 5698 5701 5704 5710 5718 5717 5682 5695 5727 5754 5778 5799 5760 5727 5730 5708 5690 5704 5724 5740 5737 5719 5702 5682 5659 5636 5669 5680 5687 5651 5646 5644 5648 5655 5657 5656 5654 5647 5639 5640 5639 5646 5648 5653 5659 5669 5678 5680 5682 5675 5670 5672
5691 5693 5680 5675 5670 5668 5672 5676 5675 5673 5670 5668 5669 5674 5678 5680 5682 5683 5684 5684 5685 5685 5684 5681 5676 5669 5665 5672 5685 5696 5711 5732 5719 5711 5704 5702 5700 5687 5668 5681 5707 5732 5765 5793 5763 5742 5741 5710 5687 5702 5717 5729 5723 5712 5693 5674 5652 5631 5639 5654 5646 5654 5651 5636 5644 5652 5653 5652 5648 5644 5639 5634 5637 5638 5631 5647 5657 5664 5670 5681 5688 5676 5673 5671
5693 5692 5687 5671 5669 5668 5671 5670 5670 5672 5670 5668 5669 5676 5683 5686 5683 5683 5686 5689 5689 5688 5687 5682 5673 5665 5659 5666 5683 5699 5718 5735 5720 5707 5693 5689 5686 5677 5673 5682 5696 5714 5735 5750 5739 5734 5719 5704 5695 5707 5696 5685 5718 5699 5684 5671 5660 5651 5650 5651 5653 5650 5651 5641 5653 5655 5653 5649 5646 5641 5637 5629 5632 5639 5640 5649 5656 5660 5664 5672 5678 5678 5676 5673
5695 5696 5677 5670 5671 5673 5671 5674 5677 5672 5671 5671 5673 5678 5682 5684 5684 5685 5688 5694 5704 5697 5690 5684 5678 5669 5666 5671 5683 5695 5708 5716 5695 5662 5671 5677 5680 5680 5685 5697 5697 5696 5703 5701 5695 5683 5686 5693 5693 5717 5676 5652 5663 5676 5676 5673 5672 5672 5664 5653 5646 5647 5655 5685 5676 5662 5655 5649 5644 5639 5632 5627 5631 5639 5648 5651 5657 5661 5664 5669 5675 5676 5675 5675
5692 5689 5682 5681 5675 5670 5671 5671 5670 5671 5673 5675 5679 5681 5683 5684 5682 5682 5688 5693 5702 5697 5691 5686 5682 5676 5673 5678 5684 5689 5690 5677 5668 5663 5664 5670 5677 5679 5688 5703 5694 5687 5682 5671 5667 5684 5684 5687 5693 5668 5649 5646 5649 5661 5668 5673 5675 5682 5658 5653 5646 5632 5639 5672 5672 5658 5648 5646 5642 5637 5633 5624 5628 5645 5648 5654 5659 5663 5667 5668 5674 5678 5672 5672
5694 5680 5685 5685 5677 5673 5670 5668 5668 5670 5674 5678 5680 5682 5684 5683 5682 5683 5686 5689 5691 5691 5689 5687 5686 5685 5680 5685 5687 5688 5683 5676 5668 5661 5663 5666 5670 5678 5687 5679 5679 5677 5674 5668 5654 5666 5670 5684 5686 5664 5639 5635 5643 5655 5663 5666 5667 5658 5651 5655 5656 5639 5629 5642 5645 5644 5642 5635 5633 5635 5636 5636 5637 5645 5651 5657 5661 5662 5664 5667 5667 5669 5668 5667
5703 5679 5678 5675 5671 5669 5667 5666 5666 5669 5674 5679 5683 5684 5680 5682 5682 5682 5683 5684 5685 5685 5684 5684 5685 5689 5690 5689 5688 5687 5684 5680 5672 5667 5665 5666 5667 5673 5676 5671 5670 5670 5686 5694 5685 5677 5688 5690 5682 5663 5641 5643 5651 5652 5657 5660 5661 5654 5652 5662 5678 5669 5659 5634 5625 5633 5636 5633 5631 5628 5636 5644 5644 5650 5656 5662 5663 5662 5664 5667 5661 5663 5668 5670
