real_craters/C095-300m.grd
DSAA
210 210
-31.36 31.36
-31.36 31.36
12346.386894472 13733.087190158
[rows 180 to 209 of 210, columns 134 to 200 of 210]
13509.1 13505.2 13500.8 13496.4 13492 13487.5 13482.8 13477.9 13473.2 13471.3 13471.8 13473.8 13474.5 13475.2 13475.9 13476.7 13477.3 13477 13476.4 13476.6 13476.8 13477.6 13478.3 13479.4 13480.3 13481.5 13482.4 13483.1 13483.8 13485.1 13485.4 13485.6 13485.5 13485.1 13484.2 13482.9 13482.2 13484.4 13485.8 13485.5 13484.8 13483.3 13481.6 13479.6 13477.6 13475.6 13473.2 13470.8 13468.6 13466.2 13463.9 13461.6 13459.6 13458.2 13457.4 13455.7 13454 13452.5 13451.8 13450.9 13449.3 13448.9 13448.9 13449.3 13449.8 13450.6 13448.7
13510.8 13506.6 13502.4 13498.2 13493.9 13490 13485.7 13481.2 13476.9 13475.1 13475.3 13477.1 13477.6 13478.1 13478.5 13478.9 13478.9 13479 13478.7 13478.7 13478.9 13479.8 13480.5 13481.7 13483.1 13484.2 13485.6 13486.4 13487.1 13487.7 13488.1 13488.4 13488.4 13488.2 13487.5 13486.5 13485.4 13488.9 13491 13490 13488.4 13486.1 13483.9 13481.9 13479.5 13477.3 13474.9 13472.6 13470.3 13468.1 13466.2 13464.1 13462.2 13460.4 13458.7 13457.4 13455.5 13453.7 13452.4 13452.1 13450.4 13449.4 13448.7 13447.8 13447.2 13447.7 13445.7
13512.6 13508.3 13504.2 13500.4 13496.6 13493.1 13489.6 13485.5 13481.5 13480.1 13479.6 13481 13480.9 13480.8 13480.8 13480.9 13481.2 13481 13480.6 13480.8 13481.2 13482 13482.8 13484.2 13485.6 13486.6 13487.6 13488.4 13489.1 13489.8 13490.4 13490.9 13491.5 13491.7 13491.8 13491.7 13491.7 13495.2 13497 13494.3 13491.7 13489.2 13486.4 13483.9 13481.7 13479.4 13477.1 13474.7 13472.3 13470 13468.1 13466.8 13465.3 13462.3 13461.2 13459.6 13457.6 13454.9 13451.3 13450.1 13450.8 13450.1 13448.6 13446.2 13443.1 13440 13438.3
13513.5 13509.7 13506.1 13502.6 13499.5 13496.4 13493.7 13491.1 13489.1 13486.3 13484.5 13485.1 13484.3 13483.6 13483 13482.5 13482.2 13481.8 13481.8 13482.3 13483.3 13484.4 13485.3 13486.3 13487.3 13488.2 13489.8 13490.7 13491.9 13492.7 13493.5 13494.2 13494.9 13495.7 13496.5 13497.8 13499.6 13500.2 13500.2 13497.2 13494.2 13491.6 13489 13486.5 13483.7 13481.2 13479.1 13476.7 13474.2 13471.7 13469.2 13466.7 13464.4 13462.9 13462.3 13462.2 13460.7 13458.2 13454.8 13453.4 13453.2 13452.1 13449.9 13446.3 13440.8 13433.9 13430.8
13514.7 13511 13507.9 13504.8 13501.4 13498.8 13497 13495.9 13495.4 13491.7 13490.6 13488.9 13487.6 13486.4 13485.2 13483.7 13482.7 13482.3 13482.7 13484 13485.2 13486.5 13487.6 13488.5 13489.4 13491.7 13492.6 13493.8 13494.7 13495.8 13496.8 13497.7 13498.4 13499.4 13500.6 13502.2 13503.1 13502.4 13500.7 13498.6 13496 13493.4 13490.8 13488.3 13485.8 13483.7 13480.9 13478.5 13476.3 13473.7 13470.7 13466.6 13461.4 13464.1 13465 13465.6 13464.8 13463.7 13462.2 13459.8 13457.7 13455.6 13452.9 13449.3 13444 13436.1 13429.9
13515.2 13511.7 13508.6 13505.3 13502.8 13500.9 13499.5 13498.1 13496.1 13494.6 13494.1 13492.3 13490.7 13489.2 13487.6 13485.3 13483.2 13481.8 13483.7 13485.9 13487.2 13488.5 13489.5 13490.5 13492.1 13493.4 13494.4 13495.9 13497 13498.5 13499.5 13500.5 13501.6 13502.7 13503.8 13505 13505.1 13503.5 13501 13499.3 13497 13494.7 13492.3 13489.9 13487.5 13485.3 13483.3 13480.8 13478.5 13476.2 13473.8 13471 13468.6 13469.1 13469.2 13469.5 13469.1 13469.2 13469.4 13466 13462.5 13459.7 13457.1 13454.5 13452.1 13446.4 13437.1
13515.2 13511.3 13508.4 13505.9 13503.7 13502.3 13501.7 13500.7 13499 13496.9 13496.7 13494.9 13493.4 13491.9 13490.5 13488.2 13485.7 13483 13487.1 13489.3 13490.3 13491.4 13492.1 13493.2 13494.1 13495.6 13496.9 13498 13499.1 13501.2 13502.2 13503.3 13504.5 13505.4 13506.3 13506.5 13505.9 13504.5 13503 13500.3 13498 13495.8 13493.5 13491.5 13489.3 13487.3 13485.1 13483.1 13481.2 13479.3 13477.8 13477 13478.1 13475.8 13474 13473.4 13472.8 13472.5 13472 13469.5 13466.3 13463.7 13461.5 13459.8 13458.7 13456 13450.8
13515.6 13512.3 13508.7 13506 13504.3 13503.3 13503.2 13503.3 13502 13499.1 13498.6 13497 13495.7 13494.7 13493.8 13493.2 13492.7 13494.3 13493.9 13494.2 13494.1 13494.5 13495.1 13495.9 13496.7 13498.1 13499.3 13500.1 13502.6 13503.7 13504.8 13505.8 13507.1 13507.9 13508.7 13509.2 13507.9 13505.6 13502.3 13500.7 13499 13496.9 13494.8 13492.6 13490.5 13488.9 13487 13485.4 13483.8 13482.4 13481.4 13481 13481.1 13479.7 13477.7 13476.8 13475.6 13474.4 13472.7 13471.6 13469.7 13467.6 13465.6 13464.1 13462.9 13462 13461.6
13515.1 13512.1 13508.7 13506.2 13504.3 13503.1 13502.8 13503.3 13502.2 13499.6 13499.5 13498.4 13497.6 13497.2 13497 13497.4 13498.1 13499.7 13499.5 13498.5 13498 13497.9 13498.2 13498.7 13499.7 13500.5 13501.9 13504.2 13505.1 13506.3 13507.3 13508.3 13509.2 13510 13510.6 13510.9 13509.5 13507.1 13505.1 13502.7 13500.2 13498 13495.8 13493.8 13491.9 13490.2 13488.5 13487.3 13486 13484.9 13484 13483.3 13482.9 13481.5 13480 13479.3 13478.2 13476.9 13475.3 13473.8 13472.2 13470.3 13468.5 13466.9 13465.8 13466.1 13466.8
13514.6 13511.4 13508.8 13506 13503.6 13501.5 13500.4 13500.8 13499.6 13498.2 13499.1 13498.9 13498.8 13499 13499.4 13500.3 13501.2 13504 13502.9 13501.4 13501 13501 13501.3 13501.4 13502 13502.8 13503.8 13506.8 13507.6 13508.5 13509.4 13510.3 13511.1 13511.7 13512 13511.2 13510.1 13508 13505.6 13503.1 13500.9 13498.8 13496.9 13495.1 13493.4 13491.7 13490.3 13489 13487.8 13486.9 13486 13484.9 13483.1 13481.8 13481.8 13480.8 13480.1 13479.4 13478.1 13476 13474.2 13472.5 13470.7 13468.9 13467.3 13468 13469.7
13514.8 13511.4 13508.2 13505.1 13502.1 13499.1 13496.3 13493.3 13494.4 13495.8 13498.2 13499 13499.6 13500.2 13501 13501.8 13502 13502.3 13502.2 13502.6 13502.9 13503.4 13503.9 13504.5 13504.7 13505.1 13507.8 13508.7 13509.5 13510.3 13511 13511.7 13512.4 13512.9 13513.4 13514.1 13511.2 13508.6 13505.9 13503.4 13501.4 13499.5 13497.7 13496.1 13494.7 13493.3 13491.9 13490.6 13489.5 13488.6 13487.7 13486.9 13486.1 13485.8 13483.9 13482.9 13481.8 13480.1 13479 13477.8 13476.5 13474.9 13473.2 13471.3 13469.2 13469.2 13469.3
13514.9 13511.5 13508.1 13504.7 13501.2 13497.6 13493.7 13490.1 13491.5 13494.3 13497.6 13499.1 13500.3 13501.3 13502.2 13502.9 13502.3 13501.7 13502.1 13503.7 13504.7 13505.4 13506.1 13506.8 13507 13507.9 13509.9 13510.5 13511.2 13511.9 13512.5 13513 13513.5 13513.8 13513.5 13512.6 13511.1 13508.7 13506.4 13504.4 13501.9 13499.9 13498.3 13497 13495.6 13494.4 13493.2 13492.2 13491.2 13490.3 13489.5 13488.8 13488.2 13486.9 13485.8 13485 13483.8 13481.8 13480.4 13479.6 13478.6 13477.8 13476.6 13474.7 13472.5 13471.3 13469.3
13516.2 13512.6 13509.1 13505 13501.3 13497.6 13494.2 13492 13492.2 13495.5 13497.6 13499.4 13500.8 13502 13503.1 13503.8 13503.8 13504.4 13505.2 13505.6 13506.4 13507.3 13508 13508.7 13509.9 13509.4 13511.1 13511.7 13512.4 13513 13513.6 13513.9 13514.1 13514.2 13513.6 13512.4 13510.7 13508.4 13506 13503.9 13501.5 13500.1 13498.9 13497.9 13496.8 13495.9 13494.7 13493.7 13492.8 13492 13491.1 13490.4 13489.8 13489.6 13487.7 13486.6 13485.9 13485.1 13483 13481.3 13480.3 13480.2 13480.5 13479.5 13476.8 13475.5 13471.9
13517.7 13514.3 13510.2 13506 13502.3 13498.9 13496 13494.1 13494.1 13496.8 13498.6 13500.3 13501.9 13503.2 13504.3 13505.2 13505.2 13505.9 13506.6 13507.2 13508.1 13509.1 13509.9 13510.7 13511.2 13511.8 13512.3 13512.9 13513.2 13513.7 13514.2 13514.5 13514.7 13514.7 13514.2 13513 13510.7 13508 13505 13501.5 13500.7 13500.4 13499.7 13499 13498 13497.1 13496.2 13495.2 13494.4 13493.4 13492.5 13491.8 13490.7 13488.4 13488.6 13487.8 13487.1 13486.1 13483.9 13481.9 13480.8 13481.2 13484.4 13488.5 13487.2 13482.8 13476.3
13518.9 13515.2 13511.2 13507.4 13503.9 13500.2 13497.8 13496 13496.1 13498.4 13499.9 13501.5 13503 13504.3 13505.5 13506.4 13506.5 13507.1 13508 13508.4 13509.4 13510.3 13511.1 13511.7 13512.3 13512.7 13513 13513.5 13513.9 13514.3 13514.7 13515 13515.1 13515 13514.1 13512.8 13510.9 13508.3 13505.1 13501.6 13501.1 13501.2 13500.7 13500.3 13499.5 13498.5 13497.5 13496.6 13495.8 13494.9 13494 13493.1 13492.2 13491.6 13490.4 13488.9 13487.6 13485.8 13483.8 13481.5 13479.3 13478.5 13482.4 13497.8 13501.7 13488.7 13483.6
13521.3 13517.4 13513.3 13509.4 13505.7 13502.2 13499.9 13498.4 13498.1 13500.2 13501.5 13502.9 13504.3 13505.6 13506.8 13507.8 13508.4 13507.9 13508 13509 13510.6 13511.7 13512.1 13512.6 13512.9 13513.2 13513.5 13513.9 13514.3 13514.6 13515 13515.2 13515.3 13515.4 13515.4 13513.8 13511.7 13509.5 13507 13504.9 13503.7 13503.2 13502.6 13501.7 13500.9 13500.2 13499.2 13498.1 13497.1 13496.2 13495.4 13494.5 13493.7 13492.6 13491.6 13489.9 13488.1 13485.9 13483.8 13480.9 13477.3 13472.4 13466.4 13464.7 13475.1 13481.5 13489.7
13526 13519.9 13516 13511.4 13507.5 13504.2 13501.5 13500.1 13500.1 13502.1 13503.2 13504.4 13505.7 13507 13508.2 13509.3 13510.1 13509.3 13508.4 13510.1 13512.3 13513.1 13513.1 13513.3 13513.6 13513.6 13513.8 13514.2 13514.6 13514.9 13515.4 13515.7 13515.8 13515.6 13514.8 13514.1 13512.7 13511.1 13509.3 13507.6 13506.4 13505.6 13504.7 13503.7 13502.6 13501.3 13500.1 13499.5 13498.4 13497.4 13496.4 13495.6 13494.9 13494 13492.6 13490.7 13489.2 13486.9 13484.4 13481.5 13477.3 13470 13454.5 13425.3 13440.4 13471.8 13491.2
13529.3 13523.4 13518.1 13514.1 13510 13506.6 13503.5 13502.1 13502.1 13504.1 13505 13506 13507.1 13508.3 13509.6 13510.9 13512.3 13512.8 13513 13515.1 13515.3 13514.7 13513.8 13513.4 13513.5 13513.5 13513.7 13513.9 13514.4 13515 13515.5 13515.9 13516.1 13515.9 13515.5 13514.7 13513.9 13512.9 13511.8 13510.8 13509.8 13508.3 13507 13505.5 13504.1 13503 13501.8 13500.3 13499.2 13498.3 13497.4 13496.4 13495.6 13494.3 13492.7 13491.1 13489.2 13487.3 13485.4 13483.4 13481.1 13477.9 13472.5 13462.2 13464.1 13478.4 13491
13533.4 13528.5 13521.8 13517.3 13513 13509.1 13505.6 13504.3 13504.2 13506.2 13506.9 13507.6 13508.4 13509.4 13510.6 13512.1 13514.1 13516.4 13522 13522.3 13517.7 13515.3 13513.8 13513.4 13513.1 13513.1 13513.3 13513.8 13514.4 13515 13515.6 13516.2 13516.6 13516.6 13515.3 13515.6 13515.1 13514.5 13513.9 13513.3 13512.3 13510.6 13508.9 13507.2 13505.6 13503.9 13502.3 13501 13499.7 13498.7 13497.6 13496.8 13495.9 13495.1 13494.1 13491.4 13488.8 13487.1 13486.4 13485.7 13486 13488.7 13498 13514.4 13499.1 13490.9 13491.1
13536.7 13531.8 13525.6 13520.7 13516.2 13512 13507.9 13506.8 13506.4 13508.4 13508.6 13508.9 13509.4 13510 13510.9 13512.2 13514 13515.9 13519.5 13519.6 13515.8 13513.7 13512.2 13512 13511.8 13512 13512.5 13513.1 13513.8 13514.6 13515.4 13516.3 13517.3 13518.5 13519.8 13517.5 13516.3 13515.9 13515.4 13514.9 13513.7 13512.5 13510.6 13508.6 13506.7 13504.9 13503.2 13501.5 13500.1 13498.9 13497.8 13496.5 13495.7 13494.7 13493.1 13491.4 13489.8 13488.2 13487.3 13487.1 13488.3 13491.7 13499 13508.6 13502 13494.1 13490.1
13540.5 13535.3 13528.2 13523.9 13519.7 13516.2 13512.9 13510.6 13511.3 13510.8 13510.5 13510.4 13510.4 13510.5 13510.8 13511.4 13512.1 13512.2 13512.5 13511.4 13510.9 13510 13509.6 13509.9 13510.3 13510.7 13511.4 13512.2 13513.2 13514.1 13515.1 13516.1 13517.1 13517.9 13518.1 13517.9 13517.2 13516.7 13516.5 13516.4 13516.5 13514 13511.7 13509.6 13507.5 13505.5 13503.6 13501.9 13500.2 13498.8 13497.6 13496.4 13495.4 13494 13492.2 13490.8 13489.6 13488.2 13487.2 13487 13487.4 13488.2 13487.8 13486.3 13490.8 13489.8 13487.3
13544.5 13539 13531.7 13527.7 13523.5 13519.8 13517.2 13514.1 13514.1 13513.1 13512.3 13511.7 13511.2 13510.7 13510.3 13509.9 13509.5 13508 13507.1 13506.4 13505.5 13505.6 13506.2 13507.3 13508 13508.9 13509.8 13510.8 13512 13513.2 13514.3 13515.5 13516.7 13517.7 13517.9 13517.5 13517.1 13516.9 13516.7 13516.7 13515.5 13514.3 13512.2 13509.9 13507.7 13505.5 13503.5 13501.7 13500.1 13498.6 13497.1 13495.9 13494.8 13493.6 13492.2 13490.1 13488.1 13487.2 13486.2 13485.6 13485.3 13484.8 13483.2 13482.2 13484.3 13484.7 13483.6
13548.5 13542.6 13536.9 13531.2 13526.1 13522.3 13519.2 13516.3 13516.5 13515 13513.8 13512.6 13511.5 13510.5 13509.4 13508.1 13506.6 13504.3 13501.9 13499.5 13500.2 13501.3 13503.3 13504.5 13505.7 13506.9 13508 13509.3 13510.6 13512.1 13513.4 13514.7 13515.8 13516.7 13517.2 13516.9 13516.6 13516.5 13516.4 13516.6 13516.1 13514.6 13512.3 13509.8 13507.4 13505 13502.9 13501 13499.3 13497.8 13496.4 13495.2 13494.3 13493 13491 13489.5 13487.9 13486.2 13484.9 13484 13483.3 13482.7 13481.9 13481.2 13481.1 13480.8 13480
13552.2 13546 13540 13534.4 13528.6 13523.9 13520.4 13518.1 13518.4 13516.8 13515.2 13513.6 13512.1 13510.4 13508.7 13506.7 13504.5 13501.4 13498.3 13496.3 13496.1 13497.6 13500.4 13502.1 13503.6 13505.1 13506.5 13508 13509.4 13511.1 13512.5 13513.8 13514.8 13515.2 13515.7 13516 13515.6 13515.6 13515.7 13516.1 13516.2 13514.7 13512 13509.3 13506.5 13504.1 13502 13500.1 13498.4 13496.7 13495.3 13494.1 13493.1 13492.5 13491.9 13489.6 13486.7 13484.7 13483.1 13482 13481.2 13481 13480.8 13479.9 13478.8 13477.6 13476.3
13555.8 13549.2 13543 13537.4 13531.3 13526.2 13522.6 13519.9 13520.5 13518.6 13516.7 13514.8 13512.7 13510.6 13508.4 13505.9 13503.2 13499.7 13495.9 13492.4 13492.9 13495.2 13498.3 13500.3 13502 13503.6 13505.1 13506.9 13508.4 13510.1 13511.6 13513.2 13514.2 13514.3 13514.7 13515 13514.2 13514.1 13514.1 13514.7 13514.8 13513.5 13510.7 13507.9 13505.2 13502.6 13500.6 13498.8 13497.1 13495.8 13494.3 13492.9 13491.8 13491.3 13490.9 13489.1 13485.3 13482.8 13480.7 13479.4 13478.9 13478.9 13479.6 13478.1 13476.2 13474.5 13472.9
13559 13552.2 13546 13540 13534.1 13529.5 13525.4 13522.3 13522.6 13520.5 13518.3 13516.1 13513.7 13511.2 13508.6 13505.9 13502.9 13499.5 13496 13492.8 13493 13494.9 13497.5 13499.1 13500.8 13502.3 13504 13505.4 13507.1 13509.1 13510.8 13512.7 13514.1 13514.7 13514.4 13514 13512.6 13512.1 13511.9 13512.4 13512.5 13511.6 13508.6 13505.6 13503.2 13501.2 13499.4 13497.5 13495.9 13494.3 13492.9 13491.4 13490 13488.8 13488.1 13487.7 13483.9 13480.2 13478.2 13476.6 13475.4 13475 13475.9 13474.7 13473.2 13472.1 13470.7
13561.9 13554.9 13549 13542.6 13536.4 13531.3 13527.5 13524.4 13524.9 13522.6 13520.2 13517.6 13515 13512.3 13509.4 13506.5 13503.4 13500.5 13497.8 13496.7 13496.2 13495.8 13497.5 13498.7 13500.2 13501.5 13503 13504.4 13506.3 13508.1 13509.7 13511.7 13513.9 13515.6 13513.9 13512.4 13510.4 13509.5 13508.9 13509 13508.8 13507.6 13505.3 13503 13501.1 13499.1 13497.6 13495.7 13494.2 13492.7 13491.1 13489.5 13487.6 13485.4 13482.1 13476.5 13476.4 13476.6 13475.3 13473.5 13471.4 13469.5 13468.6 13469.3 13470 13470.4 13470.3
13564.6 13557.5 13550.9 13544.9 13538.6 13533.8 13529 13525.9 13527.2 13524.8 13522.2 13519.5 13516.6 13513.7 13510.7 13507.6 13505.2 13502.3 13499.5 13498.1 13497.1 13496.5 13497.8 13498.6 13499.9 13501.1 13502.7 13503.9 13505.3 13506.5 13507.9 13509.7 13511.7 13512.7 13511.7 13510 13508.4 13506.5 13505.4 13504.8 13504.1 13503.7 13500.8 13499.3 13498.3 13497.1 13496.1 13494.7 13493 13491.5 13489.7 13487.9 13485.7 13483.1 13480.1 13475.8 13474.6 13474.7 13473.2 13471.1 13468.4 13465.2 13462.7 13465.4 13467.6 13469.3 13471
13566.4 13559.4 13552.7 13546.7 13540 13535.1 13530.6 13527.3 13529.3 13526.8 13524.1 13521.2 13518.2 13515.1 13512 13508.9 13506.8 13503.8 13500.8 13499.2 13498.4 13497.1 13498.1 13498.9 13499.9 13501.3 13502.3 13503.4 13504.1 13504.8 13505.7 13506.8 13508.5 13509.4 13508.1 13506.7 13505.3 13503.3 13501.8 13500.9 13498.3 13495.2 13494.9 13495.3 13495.5 13495.3 13494.5 13493.7 13492.1 13490.5 13488.7 13486.9 13484.8 13482.5 13481 13480.3 13477.1 13474.9 13473 13470.6 13467.8 13464.7 13462.6 13465.1 13468 13470.1 13472.3
13567.8 13561.2 13554.7 13548.1 13541.3 13535.6 13532.4 13533.9 13531.5 13528.9 13526 13522.9 13519.8 13516.7 13513.5 13511.3 13508.2 13505.2 13502 13499.5 13497.2 13497.3 13497.7 13499.3 13500.5 13501.6 13502.4 13502.8 13503.2 13503.3 13503.2 13503 13503 13503.5 13503.6 13503.3 13502.4 13500.5 13498.9 13496.6 13494 13489.6 13490.6 13492.7 13493.7 13493.9 13493.6 13493 13491.7 13490.1 13488.2 13486.5 13484.6 13482.6 13481.2 13479.5 13478.4 13476.2 13474 13471.9 13469.7 13467.8 13466.9 13467.9 13470.3 13472.9 13475.1
