real_craters/C095-750m.grd
DSAA
85 85
-31.36 31.36
-31.36 31.36
12346.378023671 13733.008822774
[rows 50 to 74 of 85, columns 0 to 56 of 85]
1.363e+004 1.363e+004 1.362e+004 1.363e+004 1.364e+004 1.365e+004 1.365e+004 1.363e+004 1.362e+004 1.361e+004 1.359e+004 1.358e+004 1.358e+004 1.358e+004 1.358e+004 1.357e+004 1.357e+004 1.356e+004 1.357e+004 1.358e+004 1.356e+004 1.356e+004 1.355e+004 1.354e+004 1.354e+004 1.353e+004 1.352e+004 1.352e+004 1.352e+004 1.352e+004 1.352e+004 1.35e+004 1.348e+004 1.346e+004 1.343e+004 1.337e+004 1.332e+004 1.326e+004 1.322e+004 1.313e+004 1.307e+004 1.306e+004 1.307e+004 1.309e+004 1.313e+004 1.319e+004 1.327e+004 1.338e+004 1.35e+004 1.359e+004 1.36e+004 1.353e+004 1.351e+004 1.348e+004 1.345e+004 1.344e+004 1.344e+004
1.364e+004 1.364e+004 1.364e+004 1.364e+004 1.365e+004 1.367e+004 1.365e+004 1.364e+004 1.363e+004 1.361e+004 1.361e+004 1.36e+004 1.36e+004 1.359e+004 1.358e+004 1.358e+004 1.357e+004 1.357e+004 1.358e+004 1.356e+004 1.357e+004 1.356e+004 1.355e+004 1.355e+004 1.354e+004 1.353e+004 1.352e+004 1.352e+004 1.352e+004 1.352e+004 1.352e+004 1.35e+004 1.349e+004 1.348e+004 1.348e+004 1.35e+004 1.344e+004 1.339e+004 1.336e+004 1.334e+004 1.33e+004 1.332e+004 1.332e+004 1.333e+004 1.332e+004 1.334e+004 1.339e+004 1.347e+004 1.357e+004 1.359e+004 1.356e+004 1.351e+004 1.349e+004 1.347e+004 1.345e+004 1.344e+004 1.344e+004
1.364e+004 1.364e+004 1.364e+004 1.364e+004 1.365e+004 1.365e+004 1.365e+004 1.364e+004 1.363e+004 1.362e+004 1.362e+004 1.362e+004 1.361e+004 1.36e+004 1.359e+004 1.358e+004 1.358e+004 1.358e+004 1.358e+004 1.357e+004 1.357e+004 1.355e+004 1.356e+004 1.355e+004 1.353e+004 1.352e+004 1.352e+004 1.351e+004 1.351e+004 1.352e+004 1.352e+004 1.351e+004 1.35e+004 1.35e+004 1.349e+004 1.35e+004 1.349e+004 1.349e+004 1.349e+004 1.346e+004 1.345e+004 1.347e+004 1.348e+004 1.349e+004 1.346e+004 1.345e+004 1.347e+004 1.351e+004 1.355e+004 1.355e+004 1.352e+004 1.351e+004 1.349e+004 1.347e+004 1.345e+004 1.345e+004 1.345e+004
1.365e+004 1.365e+004 1.365e+004 1.365e+004 1.363e+004 1.364e+004 1.364e+004 1.363e+004 1.362e+004 1.362e+004 1.362e+004 1.362e+004 1.361e+004 1.36e+004 1.359e+004 1.358e+004 1.358e+004 1.359e+004 1.358e+004 1.357e+004 1.355e+004 1.354e+004 1.355e+004 1.354e+004 1.353e+004 1.352e+004 1.351e+004 1.35e+004 1.348e+004 1.348e+004 1.35e+004 1.352e+004 1.351e+004 1.351e+004 1.35e+004 1.35e+004 1.351e+004 1.352e+004 1.353e+004 1.352e+004 1.352e+004 1.353e+004 1.354e+004 1.355e+004 1.352e+004 1.35e+004 1.35e+004 1.352e+004 1.353e+004 1.35e+004 1.35e+004 1.349e+004 1.348e+004 1.347e+004 1.346e+004 1.346e+004 1.346e+004
1.366e+004 1.365e+004 1.365e+004 1.365e+004 1.365e+004 1.364e+004 1.364e+004 1.363e+004 1.363e+004 1.363e+004 1.363e+004 1.362e+004 1.361e+004 1.36e+004 1.359e+004 1.358e+004 1.357e+004 1.356e+004 1.356e+004 1.355e+004 1.355e+004 1.354e+004 1.353e+004 1.353e+004 1.353e+004 1.352e+004 1.351e+004 1.349e+004 1.349e+004 1.349e+004 1.35e+004 1.352e+004 1.352e+004 1.352e+004 1.352e+004 1.353e+004 1.354e+004 1.353e+004 1.355e+004 1.354e+004 1.353e+004 1.352e+004 1.352e+004 1.351e+004 1.352e+004 1.352e+004 1.351e+004 1.351e+004 1.35e+004 1.35e+004 1.349e+004 1.348e+004 1.347e+004 1.347e+004 1.346e+004 1.346e+004 1.346e+004
1.366e+004 1.366e+004 1.365e+004 1.365e+004 1.364e+004 1.364e+004 1.364e+004 1.364e+004 1.363e+004 1.363e+004 1.363e+004 1.362e+004 1.362e+004 1.361e+004 1.359e+004 1.358e+004 1.357e+004 1.356e+004 1.356e+004 1.355e+004 1.355e+004 1.354e+004 1.353e+004 1.353e+004 1.352e+004 1.351e+004 1.35e+004 1.35e+004 1.349e+004 1.349e+004 1.35e+004 1.35e+004 1.352e+004 1.353e+004 1.354e+004 1.355e+004 1.354e+004 1.353e+004 1.353e+004 1.353e+004 1.353e+004 1.353e+004 1.353e+004 1.353e+004 1.352e+004 1.352e+004 1.351e+004 1.351e+004 1.351e+004 1.351e+004 1.349e+004 1.348e+004 1.348e+004 1.347e+004 1.347e+004 1.347e+004 1.347e+004
1.366e+004 1.366e+004 1.365e+004 1.365e+004 1.365e+004 1.365e+004 1.364e+004 1.364e+004 1.364e+004 1.363e+004 1.362e+004 1.361e+004 1.361e+004 1.36e+004 1.359e+004 1.358e+004 1.357e+004 1.357e+004 1.357e+004 1.356e+004 1.355e+004 1.354e+004 1.354e+004 1.353e+004 1.352e+004 1.351e+004 1.351e+004 1.35e+004 1.349e+004 1.35e+004 1.351e+004 1.351e+004 1.353e+004 1.355e+004 1.357e+004 1.356e+004 1.356e+004 1.353e+004 1.353e+004 1.353e+004 1.353e+004 1.353e+004 1.354e+004 1.354e+004 1.352e+004 1.352e+004 1.351e+004 1.351e+004 1.351e+004 1.352e+004 1.35e+004 1.349e+004 1.348e+004 1.348e+004 1.348e+004 1.348e+004 1.348e+004
1.367e+004 1.366e+004 1.366e+004 1.366e+004 1.366e+004 1.366e+004 1.365e+004 1.364e+004 1.365e+004 1.364e+004 1.362e+004 1.361e+004 1.36e+004 1.36e+004 1.359e+004 1.358e+004 1.358e+004 1.357e+004 1.356e+004 1.356e+004 1.356e+004 1.355e+004 1.353e+004 1.353e+004 1.352e+004 1.351e+004 1.351e+004 1.351e+004 1.35e+004 1.35e+004 1.351e+004 1.352e+004 1.354e+004 1.356e+004 1.358e+004 1.357e+004 1.356e+004 1.356e+004 1.354e+004 1.356e+004 1.355e+004 1.354e+004 1.353e+004 1.353e+004 1.352e+004 1.352e+004 1.351e+004 1.351e+004 1.351e+004 1.35e+004 1.35e+004 1.349e+004 1.349e+004 1.349e+004 1.349e+004 1.349e+004 1.349e+004
1.367e+004 1.367e+004 1.367e+004 1.367e+004 1.366e+004 1.366e+004 1.366e+004 1.366e+004 1.366e+004 1.366e+004 1.365e+004 1.362e+004 1.361e+004 1.359e+004 1.359e+004 1.358e+004 1.358e+004 1.357e+004 1.357e+004 1.356e+004 1.355e+004 1.355e+004 1.354e+004 1.353e+004 1.352e+004 1.352e+004 1.351e+004 1.351e+004 1.351e+004 1.351e+004 1.352e+004 1.353e+004 1.355e+004 1.357e+004 1.358e+004 1.358e+004 1.357e+004 1.355e+004 1.356e+004 1.358e+004 1.356e+004 1.354e+004 1.352e+004 1.352e+004 1.352e+004 1.352e+004 1.351e+004 1.351e+004 1.351e+004 1.35e+004 1.349e+004 1.349e+004 1.349e+004 1.349e+004 1.349e+004 1.35e+004 1.35e+004
1.367e+004 1.367e+004 1.367e+004 1.367e+004 1.367e+004 1.367e+004 1.367e+004 1.368e+004 1.368e+004 1.367e+004 1.367e+004 1.364e+004 1.361e+004 1.36e+004 1.36e+004 1.359e+004 1.358e+004 1.357e+004 1.357e+004 1.355e+004 1.354e+004 1.354e+004 1.353e+004 1.353e+004 1.352e+004 1.352e+004 1.352e+004 1.351e+004 1.351e+004 1.352e+004 1.352e+004 1.353e+004 1.354e+004 1.356e+004 1.357e+004 1.357e+004 1.358e+004 1.359e+004 1.359e+004 1.358e+004 1.358e+004 1.356e+004 1.354e+004 1.353e+004 1.353e+004 1.352e+004 1.352e+004 1.351e+004 1.35e+004 1.35e+004 1.35e+004 1.349e+004 1.349e+004 1.349e+004 1.35e+004 1.351e+004 1.351e+004
1.367e+004 1.367e+004 1.367e+004 1.367e+004 1.367e+004 1.368e+004 1.368e+004 1.368e+004 1.369e+004 1.368e+004 1.368e+004 1.366e+004 1.364e+004 1.363e+004 1.362e+004 1.36e+004 1.358e+004 1.357e+004 1.357e+004 1.355e+004 1.354e+004 1.354e+004 1.353e+004 1.352e+004 1.352e+004 1.352e+004 1.352e+004 1.352e+004 1.352e+004 1.352e+004 1.352e+004 1.353e+004 1.354e+004 1.355e+004 1.355e+004 1.356e+004 1.357e+004 1.359e+004 1.359e+004 1.358e+004 1.359e+004 1.357e+004 1.356e+004 1.355e+004 1.354e+004 1.353e+004 1.352e+004 1.351e+004 1.352e+004 1.35e+004 1.35e+004 1.35e+004 1.351e+004 1.352e+004 1.351e+004 1.351e+004 1.352e+004
1.367e+004 1.367e+004 1.368e+004 1.368e+004 1.368e+004 1.368e+004 1.369e+004 1.369e+004 1.369e+004 1.369e+004 1.369e+004 1.368e+004 1.367e+004 1.366e+004 1.364e+004 1.362e+004 1.36e+004 1.357e+004 1.356e+004 1.355e+004 1.355e+004 1.354e+004 1.353e+004 1.353e+004 1.353e+004 1.353e+004 1.352e+004 1.352e+004 1.352e+004 1.353e+004 1.353e+004 1.353e+004 1.353e+004 1.354e+004 1.355e+004 1.356e+004 1.357e+004 1.357e+004 1.357e+004 1.359e+004 1.36e+004 1.359e+004 1.358e+004 1.357e+004 1.356e+004 1.355e+004 1.354e+004 1.353e+004 1.354e+004 1.353e+004 1.351e+004 1.352e+004 1.352e+004 1.352e+004 1.352e+004 1.352e+004 1.352e+004
1.368e+004 1.368e+004 1.368e+004 1.368e+004 1.369e+004 1.369e+004 1.369e+004 1.369e+004 1.369e+004 1.368e+004 1.369e+004 1.369e+004 1.368e+004 1.367e+004 1.366e+004 1.364e+004 1.361e+004 1.358e+004 1.357e+004 1.356e+004 1.355e+004 1.354e+004 1.354e+004 1.353e+004 1.353e+004 1.353e+004 1.353e+004 1.353e+004 1.353e+004 1.353e+004 1.353e+004 1.353e+004 1.353e+004 1.354e+004 1.355e+004 1.356e+004 1.356e+004 1.355e+004 1.356e+004 1.357e+004 1.36e+004 1.359e+004 1.359e+004 1.358e+004 1.357e+004 1.357e+004 1.356e+004 1.356e+004 1.355e+004 1.355e+004 1.354e+004 1.353e+004 1.354e+004 1.353e+004 1.352e+004 1.351e+004 1.351e+004
1.368e+004 1.368e+004 1.368e+004 1.369e+004 1.37e+004 1.369e+004 1.369e+004 1.369e+004 1.369e+004 1.369e+004 1.369e+004 1.369e+004 1.368e+004 1.367e+004 1.367e+004 1.367e+004 1.363e+004 1.358e+004 1.357e+004 1.356e+004 1.355e+004 1.354e+004 1.354e+004 1.354e+004 1.354e+004 1.353e+004 1.353e+004 1.353e+004 1.353e+004 1.353e+004 1.353e+004 1.353e+004 1.353e+004 1.354e+004 1.355e+004 1.356e+004 1.356e+004 1.355e+004 1.355e+004 1.355e+004 1.359e+004 1.36e+004 1.36e+004 1.36e+004 1.358e+004 1.357e+004 1.357e+004 1.356e+004 1.354e+004 1.355e+004 1.356e+004 1.355e+004 1.354e+004 1.353e+004 1.352e+004 1.351e+004 1.35e+004
1.368e+004 1.368e+004 1.368e+004 1.368e+004 1.369e+004 1.369e+004 1.369e+004 1.369e+004 1.369e+004 1.369e+004 1.37e+004 1.369e+004 1.369e+004 1.368e+004 1.368e+004 1.368e+004 1.363e+004 1.357e+004 1.356e+004 1.355e+004 1.355e+004 1.355e+004 1.354e+004 1.354e+004 1.354e+004 1.354e+004 1.353e+004 1.353e+004 1.353e+004 1.354e+004 1.354e+004 1.354e+004 1.354e+004 1.354e+004 1.356e+004 1.357e+004 1.357e+004 1.356e+004 1.355e+004 1.356e+004 1.358e+004 1.359e+004 1.359e+004 1.358e+004 1.358e+004 1.357e+004 1.357e+004 1.358e+004 1.357e+004 1.357e+004 1.356e+004 1.355e+004 1.354e+004 1.353e+004 1.352e+004 1.351e+004 1.35e+004
1.369e+004 1.368e+004 1.368e+004 1.369e+004 1.369e+004 1.369e+004 1.366e+004 1.367e+004 1.368e+004 1.369e+004 1.369e+004 1.369e+004 1.369e+004 1.368e+004 1.368e+004 1.368e+004 1.365e+004 1.361e+004 1.356e+004 1.355e+004 1.355e+004 1.355e+004 1.354e+004 1.354e+004 1.355e+004 1.355e+004 1.354e+004 1.354e+004 1.354e+004 1.355e+004 1.356e+004 1.355e+004 1.355e+004 1.355e+004 1.357e+004 1.358e+004 1.358e+004 1.357e+004 1.356e+004 1.356e+004 1.357e+004 1.358e+004 1.358e+004 1.357e+004 1.356e+004 1.356e+004 1.356e+004 1.356e+004 1.357e+004 1.356e+004 1.355e+004 1.354e+004 1.352e+004 1.352e+004 1.351e+004 1.35e+004 1.349e+004
1.37e+004 1.368e+004 1.368e+004 1.369e+004 1.369e+004 1.369e+004 1.37e+004 1.369e+004 1.369e+004 1.37e+004 1.369e+004 1.369e+004 1.369e+004 1.368e+004 1.368e+004 1.367e+004 1.367e+004 1.365e+004 1.358e+004 1.358e+004 1.357e+004 1.357e+004 1.357e+004 1.355e+004 1.357e+004 1.356e+004 1.355e+004 1.354e+004 1.354e+004 1.355e+004 1.357e+004 1.356e+004 1.357e+004 1.357e+004 1.358e+004 1.359e+004 1.359e+004 1.358e+004 1.357e+004 1.356e+004 1.355e+004 1.355e+004 1.355e+004 1.353e+004 1.354e+004 1.355e+004 1.355e+004 1.354e+004 1.354e+004 1.355e+004 1.354e+004 1.353e+004 1.351e+004 1.351e+004 1.35e+004 1.35e+004 1.349e+004
1.37e+004 1.37e+004 1.368e+004 1.369e+004 1.369e+004 1.369e+004 1.369e+004 1.369e+004 1.369e+004 1.369e+004 1.369e+004 1.369e+004 1.369e+004 1.369e+004 1.368e+004 1.366e+004 1.366e+004 1.365e+004 1.363e+004 1.364e+004 1.365e+004 1.363e+004 1.363e+004 1.363e+004 1.361e+004 1.359e+004 1.356e+004 1.355e+004 1.355e+004 1.356e+004 1.358e+004 1.357e+004 1.357e+004 1.358e+004 1.359e+004 1.359e+004 1.359e+004 1.358e+004 1.357e+004 1.356e+004 1.355e+004 1.355e+004 1.354e+004 1.354e+004 1.354e+004 1.354e+004 1.355e+004 1.352e+004 1.352e+004 1.353e+004 1.353e+004 1.353e+004 1.352e+004 1.351e+004 1.35e+004 1.349e+004 1.348e+004
1.371e+004 1.37e+004 1.37e+004 1.37e+004 1.37e+004 1.37e+004 1.37e+004 1.37e+004 1.37e+004 1.37e+004 1.37e+004 1.369e+004 1.369e+004 1.369e+004 1.368e+004 1.367e+004 1.366e+004 1.366e+004 1.366e+004 1.366e+004 1.367e+004 1.367e+004 1.367e+004 1.367e+004 1.364e+004 1.361e+004 1.358e+004 1.356e+004 1.356e+004 1.357e+004 1.357e+004 1.357e+004 1.357e+004 1.358e+004 1.358e+004 1.359e+004 1.359e+004 1.359e+004 1.358e+004 1.357e+004 1.356e+004 1.355e+004 1.354e+004 1.354e+004 1.354e+004 1.354e+004 1.354e+004 1.353e+004 1.353e+004 1.353e+004 1.353e+004 1.353e+004 1.352e+004 1.351e+004 1.35e+004 1.349e+004 1.348e+004
1.372e+004 1.371e+004 1.371e+004 1.371e+004 1.371e+004 1.37e+004 1.37e+004 1.37e+004 1.37e+004 1.37e+004 1.37e+004 1.37e+004 1.37e+004 1.369e+004 1.369e+004 1.368e+004 1.368e+004 1.367e+004 1.367e+004 1.367e+004 1.367e+004 1.368e+004 1.368e+004 1.368e+004 1.366e+004 1.362e+004 1.359e+004 1.357e+004 1.357e+004 1.358e+004 1.358e+004 1.358e+004 1.358e+004 1.358e+004 1.359e+004 1.359e+004 1.358e+004 1.358e+004 1.357e+004 1.357e+004 1.356e+004 1.355e+004 1.355e+004 1.354e+004 1.354e+004 1.354e+004 1.354e+004 1.354e+004 1.353e+004 1.353e+004 1.353e+004 1.353e+004 1.352e+004 1.351e+004 1.35e+004 1.349e+004 1.348e+004
1.372e+004 1.372e+004 1.371e+004 1.371e+004 1.37e+004 1.37e+004 1.37e+004 1.37e+004 1.37e+004 1.371e+004 1.371e+004 1.37e+004 1.37e+004 1.369e+004 1.369e+004 1.369e+004 1.369e+004 1.368e+004 1.368e+004 1.368e+004 1.368e+004 1.368e+004 1.367e+004 1.368e+004 1.367e+004 1.364e+004 1.36e+004 1.358e+004 1.358e+004 1.359e+004 1.358e+004 1.358e+004 1.359e+004 1.359e+004 1.359e+004 1.359e+004 1.358e+004 1.357e+004 1.357e+004 1.356e+004 1.356e+004 1.355e+004 1.355e+004 1.354e+004 1.354e+004 1.354e+004 1.354e+004 1.354e+004 1.354e+004 1.353e+004 1.353e+004 1.352e+004 1.352e+004 1.351e+004 1.35e+004 1.349e+004 1.348e+004
1.371e+004 1.371e+004 1.371e+004 1.37e+004 1.37e+004 1.37e+004 1.37e+004 1.37e+004 1.371e+004 1.371e+004 1.37e+004 1.37e+004 1.37e+004 1.37e+004 1.369e+004 1.369e+004 1.369e+004 1.369e+004 1.368e+004 1.368e+004 1.368e+004 1.368e+004 1.368e+004 1.368e+004 1.367e+004 1.365e+004 1.363e+004 1.36e+004 1.36e+004 1.359e+004 1.359e+004 1.359e+004 1.36e+004 1.36e+004 1.359e+004 1.359e+004 1.358e+004 1.357e+004 1.357e+004 1.356e+004 1.356e+004 1.355e+004 1.355e+004 1.355e+004 1.355e+004 1.354e+004 1.354e+004 1.354e+004 1.353e+004 1.353e+004 1.353e+004 1.352e+004 1.352e+004 1.351e+004 1.35e+004 1.349e+004 1.348e+004
1.372e+004 1.371e+004 1.371e+004 1.371e+004 1.371e+004 1.37e+004 1.37e+004 1.37e+004 1.371e+004 1.371e+004 1.371e+004 1.371e+004 1.37e+004 1.37e+004 1.37e+004 1.37e+004 1.369e+004 1.369e+004 1.369e+004 1.369e+004 1.369e+004 1.368e+004 1.369e+004 1.369e+004 1.369e+004 1.367e+004 1.366e+004 1.364e+004 1.361e+004 1.36e+004 1.36e+004 1.361e+004 1.36e+004 1.36e+004 1.36e+004 1.359e+004 1.358e+004 1.358e+004 1.357e+004 1.356e+004 1.356e+004 1.355e+004 1.355e+004 1.355e+004 1.355e+004 1.355e+004 1.354e+004 1.354e+004 1.354e+004 1.354e+004 1.354e+004 1.354e+004 1.353e+004 1.352e+004 1.351e+004 1.35e+004 1.348e+004
1.372e+004 1.372e+004 1.371e+004 1.371e+004 1.371e+004 1.371e+004 1.37e+004 1.371e+004 1.37e+004 1.371e+004 1.37e+004 1.37e+004 1.37e+004 1.37e+004 1.37e+004 1.37e+004 1.37e+004 1.37e+004 1.37e+004 1.369e+004 1.369e+004 1.369e+004 1.369e+004 1.369e+004 1.369e+004 1.368e+004 1.367e+004 1.366e+004 1.365e+004 1.363e+004 1.362e+004 1.361e+004 1.36e+004 1.36e+004 1.36e+004 1.359e+004 1.359e+004 1.358e+004 1.357e+004 1.357e+004 1.356e+004 1.356e+004 1.356e+004 1.356e+004 1.355e+004 1.355e+004 1.354e+004 1.355e+004 1.355e+004 1.355e+004 1.354e+004 1.354e+004 1.353e+004 1.352e+004 1.351e+004 1.35e+004 1.349e+004
1.373e+004 1.373e+004 1.372e+004 1.371e+004 1.371e+004 1.371e+004 1.371e+004 1.371e+004 1.371e+004 1.371e+004 1.371e+004 1.371e+004 1.371e+004 1.37e+004 1.371e+004 1.371e+004 1.371e+004 1.37e+004 1.37e+004 1.369e+004 1.369e+004 1.369e+004 1.369e+004 1.369e+004 1.369e+004 1.368e+004 1.368e+004 1.367e+004 1.365e+004 1.365e+004 1.363e+004 1.36e+004 1.36e+004 1.36e+004 1.36e+004 1.359e+004 1.359e+004 1.359e+004 1.358e+004 1.357e+004 1.356e+004 1.357e+004 1.356e+004 1.356e+004 1.356e+004 1.356e+004 1.356e+004 1.356e+004 1.356e+004 1.356e+004 1.355e+004 1.354e+004 1.353e+004 1.352e+004 1.351e+004 1.351e+004 1.35e+004
