real_craters/C095-1000m.grd
DSAA
37 37
-17.92 17.92
-17.92 17.92
3423.3441614296 4953.9814983069
4334.46 4333.38 4331.76 4332.99 4332.47 4330.52 4332.93 4334.11 4333.61 4332.95 4366.95 4378.4 4376.04 4366.51 4355.71 4353.01 4351.75 4345.06 4340.61 4343.72 4336.74 4337.97 4333.74 4330.87 4327.21 4324.02 4323.39 4326.36 4323 4348.43 4362.5 4370.44 4373.34 4368.3 4358.29 4339.79 4321.48 
4393.57 4376.46 4347.14 4338.12 4390.41 4378.47 4374.54 4364.27 4402.7 4458.04 4428.44 4388.95 4375.21 4365.16 4366.5 4356.03 4350.89 4350.41 4344.64 4338.71 4333.71 4333.62 4332.85 4332.39 4330.07 4325.93 4335.52 4346.7 4366.53 4381.57 4385.21 4396.99 4423.56 4439.34 4439.64 4407.41 4354.94 
4406.63 4376.3 4382.35 4421.25 4398.17 4364.6 4396.34 4424.74 4405.08 4407.2 4377.75 4377.29 4376.12 4376.25 4370.77 4374.14 4365.73 4355.79 4341.82 4342.63 4334.7 4336.3 4334.32 4346.77 4357.14 4345.43 4366.03 4371.54 4377.46 4388.81 4396.19 4404.2 4415.3 4435.51 4444.64 4433.71 4382.89 
4356.09 4345.59 4346.52 4356.96 4369.24 4367.32 4361.94 4355.09 4353.37 4345.95 4349.14 4369.7 4383.85 4388.79 4396.67 4396.35 4375.66 4362.93 4349.4 4345.67 4339.71 4357.9 4376.46 4391.95 4408.41 4438.5 4404.8 4392.55 4385.57 4392.08 4398.5 4405.16 4419.89 4435.55 4436.7 4431.42 4439.26 
4356.06 4348.57 4337.21 4345.57 4347.44 4359.59 4349.73 4350.27 4352.42 4347.67 4358.97 4383.2 4399.6 4409.04 4424.24 4417.63 4399.93 4386.61 4375.68 4370.31 4404.83 4398.91 4406.85 4420.61 4439.62 4434.23 4412.36 4393.36 4410.35 4395.1 4394.29 4396.59 4400.63 4424.62 4439.08 4434.36 4429.19 
4338.58 4342.32 4344.09 4342.18 4373.23 4411.06 4358.15 4358.63 4375.19 4388.29 4399.65 4422.89 4437.92 4449.4 4473.37 4450.41 4430.39 4421.42 4407.46 4428.19 4423.4 4434.26 4440.32 4433.99 4444.51 4431.8 4403.25 4376.03 4389.1 4390.8 4390.18 4389.92 4393.92 4405.29 4413.8 4407.22 4390.6 
4340.05 4379.67 4428.08 4418.21 4431.88 4413.29 4398.44 4424.73 4424.65 4431.54 4453.34 4463.7 4474.28 4487.79 4483.61 4464.49 4465.85 4459.63 4443.5 4476.92 4466.7 4478.62 4482.1 4466.19 4433.78 4411.03 4397.65 4387.11 4383.57 4388.77 4388.19 4384.23 4381.19 4384.7 4386.6 4373.36 4379.26 
4377.03 4441.33 4423.47 4418.52 4408.97 4389.85 4390.84 4407.62 4437.7 4465.54 4491.42 4507.49 4513.17 4501.47 4524.99 4511.28 4517.44 4542.53 4513.82 4581.89 4560 4534.35 4512.07 4500.73 4462 4413.84 4396.75 4388.39 4387.54 4389.36 4389.27 4386.39 4379.31 4374.23 4375.37 4382.32 4358.92 
4454.27 4443.45 4404.85 4386.13 4385.59 4383.73 4383.79 4396.95 4439.08 4481.24 4515.78 4557.77 4600.37 4585.23 4567.34 4531.76 4514.42 4624.71 4744.66 4756.29 4644.47 4552.6 4519.75 4490.36 4452.63 4412.32 4396.93 4386.49 4390.74 4393.02 4393.87 4392.01 4388.59 4385.32 4378.26 4378.47 4373.78 
4447.46 4447.56 4411.94 4407.83 4415.51 4393.1 4404.99 4414.89 4460.36 4502.87 4550.75 4600.12 4680.4 4681.58 4411.14 4165.45 4159.1 4093.3 4184.96 4301.72 4427.86 4464.36 4502.36 4525.7 4472.35 4428.83 4403.83 4395.97 4399.76 4400.72 4400.7 4402.45 4396.73 4384.6 4373.8 4380.9 4384.01 
4433.63 4482.57 4433.65 4425.11 4423.77 4414.86 4422.44 4453.31 4501.47 4557.11 4579.02 4641.12 4518.11 4296.37 3933.11 3805.1 3829.67 3846.19 3949.93 4054.78 4166.45 4292.26 4423.05 4581.13 4571.15 4494.04 4436.23 4404.49 4408.09 4409.02 4406.78 4397.46 4396.81 4393.43 4369.27 4375.42 4376.93 
4425.92 4423.36 4421.62 4419.09 4414.84 4408.92 4424.55 4501.51 4560.85 4644.42 4734.12 4529.23 4170.66 3890.58 3738.71 3722.3 3715.01 3751.21 3701.8 3856.44 3939.26 4066.47 4223.19 4407.66 4662.9 4535.8 4471.78 4430.16 4427.64 4425.05 4420.25 4414.32 4406.9 4399.28 4384.25 4380.27 4371.1 
4420.19 4423.39 4404.28 4406.25 4420.64 4404.09 4443.29 4511.58 4578.37 4638.21 4637.63 4177.83 3841.4 3652.83 3628.16 3535.19 3515.84 3536.15 3539.24 3594.96 3711.71 3854.29 3983.65 4092.74 4275.35 4431.84 4506.44 4475.77 4463.57 4453.85 4441.88 4426.46 4409.03 4394.64 4390.39 4371.96 4380.53 
4411.64 4412.47 4399.28 4405.33 4433.25 4431.46 4466.37 4500.96 4514.67 4505.66 4394.16 3974.32 3700.51 3555.96 3509.92 3474.39 3451.28 3444.77 3453.57 3463.93 3552.3 3680.61 3807.25 3886.2 4002.3 4298.97 4566.17 4546.57 4524.69 4489.73 4461.86 4449.44 4420.33 4397.6 4393.04 4387.36 4373.27 
4402.83 4396.27 4396.47 4401.95 4413.92 4436.21 4472.05 4510.63 4468.49 4320.28 4089.19 3731.8 3619.16 3515.96 3475.3 3458.44 3443.62 3434.4 3432.34 3447.81 3470.3 3572.55 3690.87 3852.33 3958.35 4171.75 4449.99 4657.07 4559.86 4499.58 4457.17 4442.05 4429.5 4405.81 4382.36 4377.97 4372.82 
4398.14 4394.5 4396.3 4398.97 4417.26 4446.58 4507.95 4646.01 4451.26 4193.13 3891.18 3648.15 3602.8 3508.86 3480.87 3456.31 3438.93 3423.34 3426.21 3442.46 3441.75 3502.86 3576.39 3683.68 3920.82 4037.91 4153.76 4470.93 4523.79 4484.77 4421.81 4395.73 4429.52 4414.65 4394.7 4384.2 4398.33 
4381.21 4405.26 4413.5 4396.93 4497.6 4529.3 4567.12 4647.97 4452.7 4134.45 3804.84 3579.32 3543.22 3511.18 3489.72 3477.75 3465.64 3452.62 3431.42 3437.48 3433.87 3463.9 3500.57 3566.99 3835.03 3965.86 4153.6 4434.68 4503.08 4486.16 4423.75 4399.68 4416.26 4411.79 4401.37 4394.95 4391.61 
4379.74 4401.8 4413.29 4420.88 4470.17 4547.08 4613.17 4701.85 4445.53 4100.63 3764.83 3549.38 3535.26 3510.14 3502.98 3507.7 3552.31 3567.98 3490.7 3501.07 3464.69 3466.33 3477.76 3536.45 3789.1 3954.83 4193.34 4451.01 4514.36 4508.59 4473.29 4444.95 4417.77 4396.16 4391.57 4408.9 4397.37 
4401.4 4420.03 4441.17 4463.36 4468.79 4478.27 4645.46 4668 4414.12 4073.31 3764.13 3551.21 3538.7 3519.49 3509.16 3510.68 3509.6 3475.88 3442.31 3491.68 3487.09 3489.28 3492.11 3525.52 3654.89 3921.33 4324.86 4516.98 4549.38 4544.65 4525.64 4485.38 4433.21 4385.17 4398.77 4393.34 4390.92 
4416.52 4436.35 4476.69 4499.26 4471.31 4491.83 4563.66 4598.12 4347.62 4085.54 3794.67 3565.07 3541.42 3521.31 3510.05 3505.43 3489.3 3458.34 3444.68 3507.09 3504.63 3511.28 3516.11 3545.31 3681.32 3967.81 4396.77 4573.47 4580.68 4558.74 4541.76 4501.04 4454.82 4421.65 4393.9 4391.84 4404.46 
4430.14 4435.24 4433.49 4450.45 4464.52 4483.67 4540.79 4614.16 4400.15 4141.11 3850.7 3604.11 3547.6 3513.07 3510.1 3503.51 3498.91 3493.99 3467.95 3491.65 3513.91 3532.07 3547.19 3588.78 3735.56 4041.93 4504.01 4610.33 4595 4541.49 4493.66 4480.63 4453.68 4440.65 4400.31 4393.97 4409.48 
4418.51 4422.75 4431.89 4464.06 4525.96 4557.46 4461.92 4534.87 4514.65 4266.33 3976.63 3694.88 3585.87 3537.93 3520.01 3513.4 3503.36 3503.93 3499.37 3503.69 3529.49 3548.84 3565.38 3631.34 3837.95 4135.26 4542.6 4624.55 4580.32 4508.13 4464.18 4433.29 4419.23 4409.5 4426.82 4421.14 4411.15 
4402.84 4406.1 4427.48 4494.8 4538.2 4555.48 4518.49 4496.39 4585.41 4393.18 4124.13 3865.08 3718.24 3574.95 3556.6 3542.96 3530.55 3529.38 3533.47 3544.47 3558.66 3575.28 3596.16 3699.87 3973.78 4288.59 4644.91 4638.34 4560.07 4460.3 4394.57 4397.03 4392.02 4396.85 4419.36 4428.5 4432.84 
4419.18 4423.69 4406.76 4445.2 4503.59 4550.42 4528.88 4517.28 4666.53 4506.14 4278.1 4072.38 3915.6 3708.33 3644.86 3603.81 3571.82 3561.84 3566.35 3578.47 3599.42 3621.31 3658.81 3809.5 4066.03 4379.76 4660.99 4630.52 4538.33 4431.19 4369.19 4379.15 4388.52 4393.09 4408.95 4441.57 4453.94 
4415.91 4404.56 4413.33 4434.92 4506.93 4581.87 4572.92 4515.58 4682.7 4598.16 4438.57 4234.92 4134.66 3915.26 3800.6 3697.99 3637.3 3592.77 3615.98 3636.65 3669.91 3717.34 3758.98 3933.05 4135.25 4427.63 4643.31 4627.84 4539.54 4455.82 4408.26 4383.3 4385.96 4377.62 4391.77 4410.27 4433.85 
4408.55 4407.18 4425.59 4404.07 4468.04 4546.7 4582.83 4553.41 4644.98 4646.69 4624.98 4556.98 4369.41 4154.62 3977.36 3808.09 3770.84 3761.67 3777.4 3759.6 3759.22 3869.81 3977.79 4154.67 4340.43 4631.11 4665.61 4586.23 4515.27 4454.64 4426.51 4408.55 4380.74 4379.02 4380.27 4396.67 4422.9 
4400.25 4400.36 4430.51 4408.81 4419.83 4475.17 4538.83 4589.73 4620.32 4673.43 4758.03 4895.23 4819.75 4447.35 4192.93 3948.43 3924.72 3986.86 4057.26 4099.91 4105.64 4281.83 4414.08 4461.3 4583.44 4666.9 4583.35 4531.36 4477.17 4445.23 4421.24 4402.03 4378.71 4398.23 4387.44 4388.59 4413.02 
4391.1 4391.25 4412.11 4402.16 4402.31 4422.62 4449.62 4484.77 4534.82 4603.92 4677.83 4781.17 4953.98 4821.23 4493.73 4189.85 4121.72 4112.98 4238.63 4326.71 4478.83 4743.49 4873.37 4651.37 4557.25 4521.69 4496.29 4481.23 4448.65 4423.47 4412.27 4402.96 4401.39 4421.46 4401.57 4382.86 4380.51 
4389.04 4392.27 4392.42 4393.72 4402.18 4400.98 4391.28 4412.71 4444.74 4492.81 4534.27 4548.07 4633.35 4785.15 4657.18 4656.52 4539.12 4555.03 4636.45 4566.56 4754.02 4823.69 4731.46 4610.14 4514.42 4497.57 4492.03 4467.03 4436.4 4406.23 4412.59 4413.3 4406.85 4402.27 4391.57 4384.25 4378.44 
4383.81 4380.94 4390.94 4391.26 4396 4396.22 4388.26 4410.04 4420.38 4448.81 4470.59 4487.86 4487.3 4472.4 4572.04 4624.89 4657.11 4671.19 4627.89 4599.02 4531.81 4510.59 4491.75 4493.24 4477.79 4505.72 4492.88 4458.74 4437.58 4426.58 4407.88 4409.1 4416.92 4407.02 4401.8 4390.52 4381.2 
4375.12 4377.5 4383.14 4380.99 4369.27 4383.01 4401.25 4407.65 4414.16 4431.81 4441.99 4457.27 4476.6 4485.54 4476.18 4436.09 4443.79 4438.7 4454.67 4458.46 4428.71 4438.62 4425.12 4433.26 4439.73 4444.24 4433.16 4438.82 4433.58 4419.46 4407.78 4402.46 4409.77 4408.87 4401.72 4385.86 4380.46 
4370.21 4362.48 4367.81 4371.82 4376.98 4383.57 4412.66 4403.06 4391.04 4405.93 4409.19 4416.15 4456.3 4470.36 4451.99 4422.49 4444.6 4428.71 4410.71 4411.79 4407.01 4450.19 4421.74 4421.57 4415.63 4419.42 4417.93 4422.44 4426.81 4421.74 4405 4398.04 4398.53 4393.31 4401.52 4391.08 4378.95 
4371.69 4368.48 4371.29 4381.59 4389.72 4406.85 4415.09 4391.52 4381.84 4388.06 4386.66 4398.72 4425.51 4455.49 4443.99 4431.92 4432.07 4434.37 4437.16 4434.98 4439.58 4456.92 4438.03 4432.2 4429.63 4411.14 4414.03 4409.81 4411.14 4403.12 4395.93 4387.08 4382.21 4380.61 4391.41 4383.16 4382.5 
4389.56 4392.87 4375.86 4389.69 4413.11 4427.91 4401.98 4391.86 4387.73 4387.83 4391.14 4393.45 4400.05 4391.64 4424.96 4429.57 4435.52 4441.22 4444.31 4438.11 4451.24 4455.93 4453.93 4427.43 4409.4 4398.47 4387.49 4390.1 4392.54 4384.53 4372.39 4374.06 4375.99 4378.68 4404.83 4398.26 4395.01 
4414.68 4419.31 4399.21 4415.95 4417.33 4405.7 4388.36 4380.16 4378.92 4386.28 4400.26 4400.83 4392.55 4392.3 4409.21 4422.31 4421.54 4436.35 4448.63 4422.37 4406.66 4421.4 4443.59 4418.48 4399.28 4389.87 4380.62 4381.79 4387.38 4379.36 4375.14 4391.07 4384.76 4403.5 4412.2 4407.94 4413.46 
4435.16 4424.84 4426.89 4427.91 4435.48 4407.61 4387.6 4376.81 4381.34 4384.14 4393.57 4381.14 4387.09 4394.22 4398.04 4409.24 4411.43 4419.78 4422.92 4411.64 4379.62 4384.05 4392.93 4396.66 4395.73 4390.49 4379.55 4377.82 4386.88 4381.75 4376.64 4379.22 4403.98 4390.88 4423.89 4435.36 4439.72 
4416.12 4414.21 4388.72 4380.39 4418.83 4400.39 4389.13 4382.33 4378.4 4395.15 4420.93 4407.29 4395.23 4385.32 4392.2 4408.24 4417.22 4406.88 4398.49 4405.22 4384.08 4387.22 4385.35 4388.69 4404.23 4393.02 4388.56 4391.07 4379.1 4389.13 4381.03 4386.69 4398.35 4418.77 4407.32 4414.09 4415.23 
