real_craters/C095-500m.grd
DSAA
126 126
-31.36 31.36
-31.36 31.36
12346.617155718 13733.008817342
[rows 0 to 29 of 126, columns 0 to 66 of 126]
13313.7 13311.7 13310.2 13313.4 13315.1 13316.4 13317.6 13319.1 13319.8 13319.9 13320.1 13320.3 13320.3 13319.7 13318.6 13317.6 13317 13317.6 13319.2 13330.4 13337.3 13341.5 13346 13344.7 13343.4 13341.4 13339.4 13337.4 13333.8 13330.6 13328.5 13329.3 13332.3 13330.3 13328.6 13327.5 13329.1 13331.2 13331.8 13327.2 13320.8 13315.6 13311.6 13307.4 13291.8 13282.7 13274.5 13267.5 13264.7 13264.4 13265.4 13266.1 13266.5 13267.5 13266.6 13264.3 13259.9 13261.7 13262.5 13262.7 13262.7 13262.1 13262.4 13263.8 13265.1 13266.6 13266.6
13316.3 13313.5 13315.4 13318.1 13318.9 13320.3 13321.4 13322.8 13323.6 13323.5 13323.8 13324.1 13324 13323.2 13322.1 13321.8 13324.2 13330.5 13329.6 13339.6 13345.9 13349.1 13350.9 13349.2 13345.5 13342 13337.9 13335.6 13334.4 13333.3 13333.7 13335.7 13337 13330 13322.1 13330.6 13331.8 13332.7 13330.7 13324.6 13315.9 13306.7 13296.4 13282.7 13280.7 13278.3 13274.2 13272.1 13269.8 13268.6 13268 13267.3 13267.4 13270 13269.4 13267.2 13267.9 13266.3 13266.5 13267.6 13268.5 13267.9 13267.9 13268.2 13267.8 13266.9 13264.7
13320.3 13319.4 13320.9 13321.6 13322.3 13323.2 13324.3 13325.2 13326.3 13327 13327.9 13328.5 13328.8 13328.8 13328.4 13329.4 13329.3 13337.4 13342.5 13347.4 13352.6 13355.3 13357.3 13352.1 13346.3 13341.5 13338.6 13336.1 13334 13334 13335.7 13338.2 13340.3 13334.1 13327.2 13331.1 13333.7 13334.4 13330.9 13322.1 13310.5 13297.5 13282.1 13271.2 13273.5 13274.1 13274.5 13274.9 13274.5 13273.1 13271.7 13270.1 13268.4 13265.5 13267.6 13267.6 13266.8 13269 13270.6 13272.5 13274.5 13277.3 13275.2 13272.2 13269.9 13267.2 13263.1
13324.4 13322.6 13325.8 13324.5 13325 13326.2 13327.3 13328.1 13328.6 13330.9 13332.1 13332.9 13333.8 13335.1 13336.2 13338.2 13345.4 13348 13349.2 13353.2 13356.3 13359.1 13359.1 13352.6 13345.2 13338.8 13333.1 13332.2 13332.6 13333.9 13335.9 13338 13338.9 13336.2 13334.2 13332.9 13334.8 13336 13331.6 13320.3 13307.4 13293 13278.4 13271.9 13274.5 13277 13279.8 13282.8 13278.6 13277.9 13276.4 13273 13268.7 13271.9 13273.4 13272.8 13269.3 13273.2 13274.7 13275.8 13277.5 13278.4 13277.4 13274.4 13271.7 13270.2 13266.4
13328.6 13327.3 13324.7 13325.6 13327.6 13328.7 13330.1 13332.4 13336.7 13335.3 13336.3 13337.8 13339.6 13342.2 13345.1 13349.9 13356.5 13358.4 13360.2 13360.9 13361.3 13361 13356.5 13350.2 13342.7 13335.9 13329.4 13329.4 13331.1 13333.1 13335.6 13337.5 13337.7 13338.1 13339.8 13336.9 13336.7 13335.5 13329.6 13318.4 13305.8 13292.6 13281.7 13276.7 13276.7 13278.1 13277.6 13280.7 13282.9 13283.7 13282.9 13282.2 13282 13285.2 13282.5 13285 13286 13280.6 13278.5 13277.2 13277.6 13283.8 13277.3 13275.1 13272.6 13268.9 13260.6
13332.1 13329.1 13326.2 13327.6 13330.3 13332 13333.3 13334.5 13333.7 13337.3 13339.9 13342.5 13345.1 13348.7 13353.6 13360.7 13365.4 13366.8 13367.2 13367 13365.3 13358.8 13352.5 13346.5 13338.5 13332 13330.6 13327.4 13329.2 13332.1 13335.7 13338.5 13340 13339.9 13338.2 13338.9 13338.9 13337.5 13329.4 13317.1 13304.1 13292.1 13283.5 13279.2 13279.1 13280.8 13284.4 13286.8 13290 13290 13289.9 13291.5 13295.5 13283.1 13285.8 13288.4 13288.4 13284.2 13280.4 13277.3 13274.2 13271.1 13274.4 13274.9 13273.8 13269.8 13266
13335 13331 13328.5 13331.5 13333.8 13334.5 13335.7 13337 13339.2 13341.3 13344.2 13347.3 13350.6 13355.1 13359.7 13364.4 13372 13370.6 13368.2 13366 13358.7 13351.8 13349.6 13342.3 13332.4 13324.6 13317.9 13322.6 13326.2 13331.2 13336.1 13340.4 13343.4 13342.4 13338.5 13339 13340.1 13337.3 13328.9 13316.6 13303.2 13291 13283 13280.8 13282.6 13286 13285.4 13295.6 13297 13294.8 13293.6 13293.7 13292.1 13289.5 13286.6 13287.8 13287 13284.4 13281.1 13278 13274.7 13273.3 13274.6 13276.6 13277.6 13277.1 13274.6
13339.6 13333 13335.7 13338.6 13338.9 13339.5 13339.3 13340.7 13343.5 13345.7 13348.7 13352.6 13357.1 13361.7 13365.6 13367.5 13365.5 13364.2 13362.5 13359.2 13354.5 13346.6 13341.2 13333.9 13324.2 13317 13315.3 13318.7 13324.3 13330.6 13337.1 13342.6 13347.6 13347.2 13340.9 13341.2 13341.4 13339.2 13329.6 13316.5 13302.3 13289.3 13281.1 13283.4 13290 13296 13302.2 13301 13298.5 13296.6 13294.2 13291.9 13287.8 13282.9 13284.9 13285.1 13285.5 13284.2 13281.7 13279 13276 13275.1 13276.4 13278.5 13281 13283.7 13281.6
13346.4 13340.9 13339.9 13343.8 13343 13342.1 13342.4 13343.5 13345.4 13348.1 13351.8 13356.4 13361.1 13365.8 13370.2 13373.1 13363.4 13358 13354.5 13348.7 13345.5 13337.4 13329.9 13323.1 13316.3 13309.1 13309 13316.5 13325.1 13332.9 13339.3 13344.9 13349 13345.3 13334.7 13338.6 13341.3 13340.3 13331.2 13318.4 13303.6 13288.9 13279.9 13289.9 13301.6 13304.9 13305.1 13303.8 13301.5 13297.2 13293.8 13290.5 13286.9 13284 13284.5 13285.5 13285.7 13285.2 13283.5 13280.9 13278.5 13277.8 13278.9 13280.7 13282.5 13284.9 13282.1
13349.5 13349.9 13344.9 13345.6 13344.7 13344.7 13344.8 13345.5 13346.8 13349.1 13353.8 13358.9 13364.5 13369.4 13373.3 13372.1 13361.7 13355 13349.5 13344.1 13337.9 13328.2 13323.8 13318.9 13314.6 13304.2 13306.8 13318.1 13327.7 13336.1 13343.2 13348.3 13351 13348.7 13330.9 13339.5 13339.3 13339.7 13333.1 13321.1 13306.8 13292.2 13283.7 13297.9 13312.6 13310.8 13307.7 13304.8 13301.6 13296.2 13292.5 13289.7 13288.3 13286.3 13287.2 13286.9 13288.2 13287.4 13286.2 13284.1 13281.6 13281.1 13282 13282.7 13283.1 13283.4 13277.7
13346.1 13344 13344.2 13344.5 13346.5 13346.5 13346.6 13347.1 13347.7 13350.2 13355.4 13361.1 13366.6 13371.5 13374.9 13372.6 13362.2 13353.5 13346.4 13339 13330.5 13323.9 13325.1 13331.7 13323.6 13320.5 13320.6 13327.6 13335.1 13341.9 13347.1 13350.2 13351.7 13347.8 13348.5 13321.1 13332.8 13343 13336.6 13325.4 13313 13302.7 13298.4 13303.9 13312 13311.2 13309.5 13304.9 13296.3 13293 13291 13289 13287 13290.7 13293.9 13295.9 13293.7 13291.7 13289.8 13287.7 13286.3 13285.3 13285.1 13284.9 13283.1 13278.2 13277
13344 13344.5 13346.1 13347.6 13348 13348.3 13348.9 13349.4 13350 13351.5 13357.1 13363.2 13368.7 13373.6 13376.5 13373.3 13359.1 13352.5 13345 13337.3 13327.7 13320.4 13320.2 13322.7 13328.5 13339.1 13339.3 13339.8 13342.8 13346.2 13350.1 13352.4 13352.1 13349.4 13324.1 13302.4 13334 13349.1 13340.8 13329.4 13318.1 13310.1 13306.8 13307.1 13308.4 13309.3 13308.6 13304.9 13293.9 13291 13290.5 13290.4 13288.4 13295.9 13299.4 13299.5 13298.3 13296 13293.7 13291.4 13288.8 13288.9 13288.5 13288.1 13287.8 13283.3 13275.9
13346 13348.1 13347.6 13347.5 13350.1 13351 13351.3 13351.9 13352.8 13355.1 13359.5 13365 13370.4 13375.3 13378.1 13373.2 13362.8 13352.6 13344.1 13336.2 13328.6 13320 13312.8 13309.3 13326.3 13346.8 13346.9 13347.5 13348.8 13350.9 13352.6 13354.1 13353.3 13348.3 13329.5 13331.2 13345.6 13351.6 13342.5 13331.6 13321 13312.9 13308.6 13308.3 13309.3 13308.3 13305.7 13300.1 13293 13290.6 13292.2 13295.2 13300.3 13301.8 13302.8 13303.3 13301.4 13299.5 13297.8 13296 13293.8 13292.7 13291.5 13290.4 13288.1 13281.8 13278.4
13346 13347.5 13350.1 13354.2 13353.7 13353.8 13354.3 13355 13355.8 13357.7 13361.6 13366.8 13371.5 13375.1 13375.8 13367.2 13361 13351.4 13343.2 13335 13327.2 13312.8 13311 13313.2 13328.2 13345.5 13350.1 13351.3 13352.2 13352.4 13353.8 13355.1 13356.3 13356.6 13352.9 13348.4 13349.6 13349.2 13343.2 13333.6 13322.1 13311.3 13307.7 13308.1 13308.6 13306.2 13301.5 13297.5 13291.8 13292.1 13294.3 13297.4 13302.4 13304.1 13303.6 13303.2 13303.7 13302.9 13301.5 13299.9 13298.2 13296.5 13294.7 13292.5 13289 13286.1 13283
13346.2 13348.2 13351 13352.2 13354.8 13356.7 13357.7 13358.8 13359.7 13361.3 13365.1 13369.7 13373.2 13375.8 13373.9 13363.8 13355.7 13350.4 13343.6 13333.9 13325.8 13317.3 13315.5 13318.5 13332.6 13345.7 13351.1 13353.3 13354.9 13355.9 13357.8 13358 13357.7 13356.7 13355.7 13353.6 13350.5 13349 13344.7 13336.5 13325.2 13314.6 13309.1 13307.7 13306.7 13302.8 13298.3 13294.6 13295.7 13296.8 13296.9 13296.8 13298.7 13306 13306.6 13306.2 13306.5 13306 13304.4 13302.6 13301.3 13298.7 13297 13294.7 13291.6 13281.6 13281.3
13349.7 13349.4 13352 13356.3 13357.9 13359 13360.7 13362.6 13364.6 13366.2 13370.1 13373.4 13376.4 13377.3 13375.5 13375.7 13367.9 13359.8 13345.7 13333.7 13325.4 13317.6 13320.8 13334.7 13343.2 13344.5 13351.6 13355.5 13358 13359.7 13360.5 13359.5 13358.2 13358.6 13359.8 13359 13352.6 13353.7 13349.4 13342.6 13330.9 13314.8 13313 13309.9 13303.4 13298 13297.1 13296 13297.1 13299.3 13301.5 13302.3 13304.4 13310.3 13309.5 13310.8 13310.9 13309.4 13307.2 13303.8 13301.2 13300.5 13298.5 13295.9 13291.3 13283.4 13280.5
13347.7 13349.8 13352.8 13354.9 13357.5 13361.1 13364 13366.8 13369.6 13372.1 13375 13377.6 13379.3 13378.9 13373.9 13368.6 13368.8 13360.2 13344.6 13331 13319.5 13316.2 13321.6 13332.9 13341.9 13346.6 13351.8 13355.7 13358.2 13360.1 13360.6 13359.8 13359.2 13358.9 13363.9 13366.1 13368.5 13362.6 13357.8 13352.4 13346.5 13338.9 13326.7 13317.5 13309 13302.8 13299.3 13297.9 13300.3 13304.8 13307.5 13310.7 13311.9 13312.8 13323.3 13320.5 13316 13312.5 13309.7 13307.9 13305.1 13302.2 13300 13297.5 13294.7 13287.2 13282.4
13354.1 13353.2 13355 13357.3 13360.5 13363.8 13367.4 13370.7 13373.8 13376.7 13379.2 13381.1 13382.3 13382.5 13376.9 13367.1 13360.2 13351.9 13340.8 13328.8 13322.4 13320.5 13322 13325.1 13334.4 13346.8 13350.4 13352.8 13355.4 13357.5 13359.5 13361.7 13361.1 13359.1 13362 13367.4 13370.8 13367.5 13364.5 13362 13360.3 13357.8 13340.9 13326 13315.2 13309.6 13301.9 13301.4 13304.9 13309.6 13312.3 13313.8 13315 13315.6 13315.7 13321.8 13317.8 13314.8 13311.6 13307.9 13306.1 13304.5 13301.1 13297.6 13294.3 13287.1 13283.8
13357 13356.4 13357.9 13360.3 13363.2 13366.9 13370.8 13374.6 13378 13380.2 13381.7 13384.9 13385.5 13384.1 13376.3 13365.2 13358 13348.7 13338.7 13328.7 13322.7 13322.4 13322.4 13322.2 13333.9 13346.8 13347.6 13349 13351.6 13354.9 13359.9 13363.8 13368.4 13366.8 13365.2 13366.9 13366.8 13368 13368.2 13368.2 13366.4 13359.9 13346.6 13331.6 13317.2 13303.2 13302.3 13303.1 13306.1 13313.9 13316.7 13317.5 13317.6 13316.3 13316.2 13319.4 13318.6 13315.5 13313.4 13312.7 13310.3 13308.3 13304.1 13298.9 13291.7 13289.2 13286.8
13358.5 13359.1 13360.8 13363 13365.8 13369.8 13374 13378.4 13382.8 13387 13391.1 13389.3 13387.4 13385.2 13379 13368.4 13358 13349.2 13337.6 13328.6 13323.9 13324.3 13324.5 13320.2 13321.6 13335.8 13341.1 13346.6 13350.3 13354.2 13358.9 13364.9 13375.5 13380.3 13367.9 13367.7 13367.3 13368.5 13370.7 13372 13370 13362.9 13350.4 13335.5 13321.4 13311.1 13307 13307.3 13310.7 13319.7 13322.7 13322.4 13324.1 13322.9 13322.4 13321.4 13319.7 13317.8 13315 13313.1 13314.8 13315.2 13312.3 13304.5 13299.1 13291.5 13291.1
13361.9 13362.3 13363.9 13366 13368.6 13372.6 13377.4 13382.2 13387 13391.8 13395 13391.4 13386.4 13381.5 13373.6 13365.5 13355.4 13346.4 13335.6 13325.5 13324.4 13327.5 13326 13320 13316.2 13326.6 13337.1 13343.2 13346.1 13350 13355 13360.5 13369.9 13376.3 13371.9 13368.8 13367.2 13368.4 13371.1 13374.4 13376.7 13367.8 13352.9 13338.2 13325.8 13318 13313.7 13314 13318.7 13327.9 13329.2 13328.2 13333.9 13335.7 13329.8 13323.7 13322 13320.8 13318.3 13317.3 13322.8 13327 13326.9 13320.9 13308.7 13298.9 13297.6
13366.1 13366.1 13367.5 13369.6 13372 13375.8 13380.3 13384.9 13389.1 13393.2 13395.1 13389.8 13382.1 13375 13367 13358.1 13350.2 13342.3 13333 13327.5 13327.3 13328.9 13327.8 13325.7 13319.4 13326.6 13337.2 13343.2 13346.3 13348.1 13349.1 13349.3 13350.9 13358.4 13366.9 13373.1 13369.3 13368.1 13368.5 13370.6 13376.6 13367 13350.3 13337.5 13327.4 13319.9 13317.8 13320.4 13326.6 13331.8 13332.4 13334.4 13345.4 13358.6 13335.8 13325.3 13324.8 13326.6 13328.7 13327.4 13335.9 13341.3 13344.2 13339.8 13316.7 13312.6 13308.1
13369.5 13370.1 13371.5 13373.2 13375.6 13378.6 13383 13387 13390.3 13392.7 13392.9 13386.6 13377 13365.4 13361 13352.8 13344.4 13336.4 13330.3 13324.4 13330.1 13331.2 13325.2 13343.8 13352 13344.1 13345.5 13346.3 13348.5 13348.4 13348.2 13343.3 13330.2 13338.9 13360.5 13370.8 13371.9 13368.6 13362.3 13355.5 13349.1 13347.3 13340.8 13333.6 13327.1 13322.2 13321.6 13325.5 13329.2 13331.4 13334.4 13339.7 13349.2 13359.5 13342.4 13327.2 13329.5 13334 13340.2 13345.7 13348.7 13353.6 13359.8 13357.5 13333.4 13321.9 13318
13372.9 13374.3 13375.8 13377.3 13377.5 13381.2 13386.1 13389.5 13391.6 13392.1 13389.9 13384.3 13375.3 13365.5 13357.9 13348.8 13340.4 13333 13334.9 13341 13346 13335 13331.3 13349.9 13373.9 13369.8 13351.9 13348.8 13351 13352.8 13352.7 13353.4 13354.8 13354.9 13364.8 13371.6 13372.9 13368.2 13355.3 13340.2 13325.2 13328.4 13330 13328.6 13326.6 13324.9 13326.4 13331.3 13337.6 13335.5 13334.8 13341.8 13343.9 13338.9 13331 13328.4 13335.9 13341.1 13347.2 13350.8 13352.7 13358.7 13368.9 13377 13334.7 13325.9 13326.1
13376.4 13378.7 13381 13383.3 13385.8 13388.5 13390.6 13392.4 13393 13391.9 13388.6 13382.6 13375.5 13368.2 13356.9 13348 13339.2 13332.8 13341.7 13372.8 13369.3 13376 13346 13366.6 13370.6 13345.8 13348.3 13351.4 13354.4 13357.6 13360.5 13366.5 13375.9 13374 13372.1 13373.3 13372.9 13367.1 13348 13333.2 13323.4 13322.6 13324.5 13325.7 13326.5 13328.6 13332 13337.3 13339 13334.9 13334 13340.3 13343.9 13337.9 13344.4 13348.5 13348 13347.8 13349.4 13350.5 13351.9 13353.8 13358.5 13369.9 13357.2 13339.8 13335.6
13380.7 13383.4 13386.7 13389.8 13392.3 13394.3 13395.9 13396 13395.1 13392.7 13388.9 13384.1 13375.6 13366.4 13360.4 13349.4 13340.1 13334.8 13336.1 13347 13369 13380.2 13376.8 13383.3 13366.8 13339.1 13349.4 13355.4 13359.5 13362.9 13367.4 13373 13377.8 13377.7 13376.3 13373.8 13363 13342.5 13336.8 13329.4 13324.9 13322.6 13323.7 13325.2 13327.4 13332.2 13342.8 13345.9 13351.4 13350.3 13341.8 13349.1 13358.6 13366.7 13369.5 13370.7 13357.4 13350.1 13346.4 13347.7 13347.4 13346 13336.1 13314.5 13335.2 13342.2 13339.9
13384.6 13388.2 13391.8 13395.9 13399.7 13402.3 13401.2 13399.8 13397.3 13394.1 13389.6 13384.2 13378.4 13364.6 13357.7 13349.4 13341.3 13336.1 13335.5 13346.2 13367.3 13381.4 13384.8 13386 13378.7 13370.2 13365.1 13365.6 13366.4 13368.7 13372.5 13377.2 13380 13379.9 13376.8 13375.1 13357.9 13336.7 13329.5 13326.8 13325.1 13324.4 13325.2 13326.8 13329.5 13332.4 13336.7 13353.2 13372.7 13384.5 13367.4 13367.8 13372.4 13380.3 13373.8 13366 13357.5 13348.1 13339.7 13341.2 13344.3 13345.9 13345.5 13354.2 13346.8 13345.4 13343.4
13388.7 13392.7 13397.2 13401.6 13405.4 13406.9 13406.4 13404.1 13400.7 13396 13389.7 13382.8 13375.5 13368.4 13355.9 13349.1 13342.9 13337.9 13338.9 13357.7 13370.2 13380.7 13384.9 13391.8 13388.8 13386.1 13377.3 13373.7 13372.8 13374.4 13376.4 13379.5 13383 13382.1 13379.7 13376.9 13356.8 13335.1 13326.6 13325.9 13326.6 13327 13328.3 13329.9 13332.3 13335.1 13338.6 13361.4 13390 13416.4 13413.5 13381.6 13377.6 13376.5 13373.4 13365.8 13359.8 13349.5 13340.6 13341.7 13345.5 13349.2 13355.9 13360 13358.9 13353.2 13350.4
13392.9 13397.4 13402.3 13407.1 13410.9 13412.1 13411.6 13408.5 13403.9 13398.6 13391.6 13384.7 13376.3 13364.7 13356.5 13349.3 13344.2 13342.7 13352.6 13364.2 13372.8 13381.8 13386 13386 13387.4 13382.9 13380.9 13379.3 13376.9 13376.6 13376.9 13377.2 13379.4 13383.1 13385 13373.2 13356.5 13335.9 13328 13330.5 13330.9 13330.8 13332.3 13334.5 13338.6 13342.9 13352.9 13370.4 13395 13414.4 13402.8 13383.5 13383.8 13381.3 13377 13374.9 13364.2 13356.1 13350.8 13347.3 13347.8 13350.8 13357.3 13361.1 13356.5 13353.5 13349.7
13396.8 13402.6 13407.8 13412.7 13416.9 13418.7 13417.4 13412.9 13407.1 13400.9 13394.1 13388.4 13380.5 13367.6 13358.4 13350.7 13345.6 13344 13348.8 13360.3 13372 13381.8 13386.6 13386.9 13386.4 13384.7 13384.9 13383.7 13381.4 13379.2 13377.9 13377.5 13379.4 13382.8 13382.4 13378.6 13362.9 13340.4 13330.7 13332.8 13335.3 13337 13339.7 13343.8 13347.7 13352.7 13358.8 13374.3 13394.6 13404.4 13410.2 13386.3 13382.2 13380.3 13373.8 13365.8 13363.3 13362.6 13360.4 13353.4 13349.1 13347.6 13348.5 13351.5 13351.3 13346.1 13340.5
