real_craters/C095-500m.grd
DSAA
126 126
-31.36 31.36
-31.36 31.36
12346.617155718 13733.008817342
[rows 30 to 59 of 126, columns 0 to 66 of 126]
13401.5 13406.8 13411.9 13417.1 13422 13426.2 13422.9 13416.6 13409.8 13403 13395.5 13387.7 13379.4 13367.6 13359 13351 13345.2 13342.2 13344.6 13356.9 13371.4 13381.5 13387.7 13384 13384.9 13389.9 13390.4 13386.1 13382.3 13379.1 13378 13378.8 13381.3 13383.3 13384.2 13379.6 13367.7 13342.4 13333.4 13336.2 13338.9 13342.2 13345.9 13350.7 13357.3 13364.4 13374.2 13387.3 13399.9 13418.4 13406.9 13378.5 13377.1 13375 13370.1 13363 13361.4 13364 13362.9 13357.5 13353.6 13346.8 13339.5 13343.3 13343.3 13337.4 13331.5
13406.8 13411.1 13415.8 13420.4 13424.7 13426.7 13423.9 13417.6 13410.5 13402.5 13395.8 13390.4 13381.9 13369.8 13359.8 13351.3 13344.9 13342.3 13347 13365 13374.7 13376.7 13375.6 13370.8 13383.1 13391.7 13392.6 13387.8 13382.3 13377 13374.1 13377.1 13379.4 13382.7 13380.9 13365 13344.8 13341 13339.1 13337.9 13343.5 13349.2 13354.9 13361 13367.6 13376.3 13388.2 13397 13396.7 13392.9 13389.4 13382.1 13376.9 13374.3 13370.6 13365.1 13362.8 13361.9 13360.8 13358.8 13356.1 13348.6 13336.6 13342 13335 13328.8 13324.3
13411.3 13416.4 13420.1 13423.5 13425.8 13425.7 13422.6 13417.6 13410.6 13401.8 13394.4 13387.3 13379.5 13371 13360.7 13351.9 13345.3 13344.3 13358.9 13385.2 13382.8 13374.3 13360.7 13383.2 13392.9 13394.3 13393.7 13389.7 13382.7 13374 13365.7 13360.6 13371.7 13382.1 13379.8 13360.6 13342.1 13341.8 13344.7 13345.9 13350.2 13355.1 13360.5 13366.8 13373.5 13381.1 13387.2 13385.2 13391.4 13391.8 13409.3 13403 13390.8 13380.1 13374.4 13370.6 13366.5 13359.8 13358.2 13358.1 13359.6 13359.6 13348.2 13339.9 13321.4 13317.8 13316.9
13418 13420.7 13423.2 13425.8 13427.3 13427.1 13424.1 13418 13409.7 13400 13391.4 13382.8 13373.3 13369 13360.9 13352.6 13346.6 13345.3 13361.9 13392 13391.9 13383.6 13372.1 13387.6 13397.8 13399.1 13397.3 13394.3 13385.5 13373 13359.9 13352.8 13366.1 13383.3 13383.9 13364.5 13348.4 13345.5 13348 13355 13358.4 13363.6 13368.2 13372.6 13379.3 13386.7 13390.1 13394.2 13393.2 13394.2 13401.6 13397.7 13398.5 13385.4 13376 13370.1 13363.7 13354.6 13353.6 13356.4 13360.2 13366.7 13346.3 13275.8 13301.5 13308.2 13311.7
13421.7 13423.3 13425.6 13427.5 13428.9 13429.7 13427.7 13418.3 13409 13398.7 13389.1 13380 13375 13369.5 13362.1 13354.9 13349.6 13349.7 13367.3 13395.7 13400 13398.5 13400.1 13397.5 13400.6 13407.9 13410 13404.4 13391.6 13375.9 13358.7 13349.7 13361.3 13377.4 13378.9 13365.7 13356.2 13353.6 13351.9 13361.9 13364.5 13365.9 13366.8 13372.5 13382.3 13389.1 13395.9 13405.2 13397.1 13382.9 13393.8 13397.2 13390.4 13382.5 13373.1 13364.8 13357.6 13354.1 13352.3 13353 13353.1 13350 13345.7 13331.6 13308.1 13306.4 13307.3
13423.8 13425.7 13427.5 13428.9 13429.5 13429 13424.3 13417.7 13408.4 13397.9 13388.5 13380.5 13377.3 13371.4 13365.1 13359.1 13354.3 13354.3 13370.4 13394.7 13403.5 13407 13410.6 13406.6 13409.2 13417 13426.7 13413.7 13399.2 13384.1 13365.7 13352.3 13357.9 13361.4 13362.9 13360.2 13357 13359.4 13366.9 13365.8 13365.5 13367 13369.6 13374.7 13381.3 13388.4 13395.5 13400.9 13402 13401.2 13391.3 13380.3 13382.7 13375.8 13367.7 13358.9 13350.2 13349.8 13350.6 13349.6 13346.1 13337.4 13329 13326.9 13315.4 13307.2 13301.7
13425.7 13428 13429.6 13430.2 13430.2 13427.9 13423.9 13416.9 13408.6 13399 13390.3 13383.1 13383.4 13376.7 13370.1 13364 13359.8 13361.5 13374.7 13393 13404.8 13409.5 13413.2 13412.3 13411 13417.5 13418 13414.8 13406.2 13396.7 13389.6 13376.5 13362.2 13352.2 13352.7 13354.2 13354.7 13360.7 13368.1 13367.2 13365.1 13368 13372.7 13378.5 13382.3 13388.3 13394.1 13399.4 13399.8 13396.6 13381.3 13373.7 13372.7 13369.8 13364 13356.7 13350 13350.9 13349 13347.5 13344 13338 13331.4 13322.9 13315.9 13308.5 13303.1
13428.5 13430.3 13431.1 13432 13430.3 13427.5 13422.1 13417 13410.2 13402.2 13394 13389.1 13386.4 13381.2 13375.3 13369.3 13365.1 13365.1 13377.7 13397.2 13405.7 13407.9 13409 13411.6 13415.1 13419.5 13420.7 13419 13411.7 13403.2 13401.7 13388.5 13366.4 13353.7 13351.6 13353.1 13355.8 13364.8 13370.1 13362 13362 13367.6 13372.8 13378.9 13382.7 13387.6 13391.5 13392.7 13392 13389.7 13382.1 13370.7 13368.1 13368.1 13364.4 13358.5 13351.7 13349.2 13349.7 13347.4 13344.9 13342.1 13334.2 13329.8 13324.2 13318.4 13310.7
13430.4 13430.4 13430.7 13431.1 13430.3 13428 13422.7 13419.1 13413.5 13406.7 13399.6 13393.2 13391 13386.9 13380.8 13375.3 13371.6 13370.5 13377.3 13387 13396.9 13407.5 13410 13407.8 13415.6 13422.6 13429.4 13427.9 13416.6 13401.2 13379 13373.3 13365.6 13357.3 13355.4 13356.8 13359.9 13373.3 13389.7 13346.9 13358.7 13366.5 13373.1 13377.8 13381.8 13384.7 13387.8 13386.9 13384.1 13384.9 13387.2 13374.8 13371.4 13372.5 13368 13362 13359.9 13356.8 13353.6 13352 13349.4 13346 13338.4 13335.3 13331.7 13327.9 13324.9
13433.1 13432.5 13432.2 13432.6 13431.8 13430.5 13428.9 13424.2 13417.9 13411.7 13406.5 13401.3 13395 13390.9 13385.9 13381.7 13379.4 13378 13378.1 13378.7 13388.4 13410.6 13418.3 13415 13416.5 13421.6 13429.9 13430.7 13422.5 13408 13385.5 13377.1 13370.3 13362 13363.5 13365.7 13368.8 13374.6 13380.3 13376.1 13368.3 13373.5 13378 13381.3 13384.1 13386 13387.8 13386.9 13386.8 13386.4 13381.5 13372.7 13390.6 13378.4 13370.1 13363.9 13358.3 13356.6 13357.6 13358.4 13356.1 13350.7 13348.5 13343.1 13340.5 13338.4 13336.3
13436 13434.6 13434.2 13434.3 13434.1 13433.8 13432.2 13428.8 13422.8 13416.8 13411 13404.4 13398.7 13394.2 13390.7 13387.8 13386.6 13386.4 13382.4 13379.5 13386.7 13408.6 13417 13416.4 13411.8 13419.7 13430.3 13433.9 13429.5 13424.5 13426.2 13398.8 13384.1 13377.8 13375 13377.1 13381.9 13387.7 13387.9 13375.9 13380.1 13382.5 13384.6 13386.5 13389.1 13390.3 13391.3 13392.1 13389.6 13391.3 13380.2 13370.3 13384 13377 13371.1 13366.6 13360.8 13358.3 13363.2 13367.6 13369.2 13364.1 13353.5 13353.1 13354 13354.3 13353.2
13439 13436.8 13435.6 13436.2 13436.7 13437.2 13436.4 13433.2 13428 13422.1 13415.9 13410.7 13404.3 13399.2 13395.8 13392.6 13390.3 13389 13389 13392.4 13404.2 13414.3 13421 13422.3 13422.8 13425.7 13431.2 13435.3 13432.2 13428.6 13420.8 13407.3 13390.9 13383.3 13384.5 13389.5 13397.2 13416.6 13416.1 13400.3 13398.1 13396 13394.6 13393.9 13393.5 13395.1 13395.1 13398.3 13409.6 13402.3 13389.1 13372.5 13362.7 13371.1 13374.2 13374 13371.3 13367.2 13373.7 13381 13385.2 13377.5 13367.7 13367.7 13369.7 13370.3 13369.2
13442.9 13438.2 13437.1 13439.1 13440.8 13441.7 13441.4 13439.6 13434.6 13428.3 13423.2 13420.3 13413.4 13406.6 13402.3 13398.3 13394.4 13392.9 13394.4 13401.3 13415.7 13419.5 13421 13421.4 13422.5 13425.6 13429.2 13429.5 13431.4 13429.5 13425.7 13411.6 13396.5 13391.7 13395.3 13400 13407.3 13414.2 13416.5 13428.2 13415 13407.5 13404 13401.8 13400.5 13398 13396.1 13394.9 13399.6 13403.1 13398.8 13388.6 13370.3 13377.8 13383.3 13384.5 13390.5 13378.5 13389.2 13397.5 13402.5 13397.3 13384.2 13382.2 13382.1 13382.1 13380
13438 13436 13438.5 13441.4 13444.2 13446.2 13447.1 13446.1 13441.5 13435.5 13429.5 13425.4 13420.8 13417.4 13410.2 13405.1 13400.2 13397.1 13396.7 13397.1 13389.6 13408.6 13419.8 13422.5 13424.1 13426.3 13429.1 13432.4 13433 13429.8 13425.3 13421.8 13416.2 13408.9 13408.5 13409.9 13412.4 13414.7 13419 13428 13421.8 13413.3 13409.4 13406.5 13405.2 13403 13399.6 13391.9 13381.1 13398.5 13405.4 13397.3 13393.9 13396.1 13398.5 13395.7 13387.3 13396.6 13406.6 13415 13415.1 13404.8 13397.8 13394.9 13394.5 13396 13398.2
13426.1 13436.9 13441.6 13445.3 13448.6 13451.5 13453.8 13454.9 13449.3 13444 13437.5 13432.7 13430.6 13424.7 13418.6 13412.7 13408.1 13402.9 13399.2 13397.7 13407.8 13420.9 13421.4 13427.3 13429.6 13425.8 13429.7 13433.7 13437 13438.7 13436.4 13434 13435.1 13426.6 13420 13417.5 13417.8 13422 13430.2 13427 13421 13414.4 13412.2 13410.7 13408.2 13409.2 13410.2 13408.1 13407.1 13407 13410.8 13411.2 13413.8 13417.9 13421.3 13421.1 13418.3 13423.1 13428.2 13431.7 13439.7 13429.3 13410.3 13399 13397.4 13401.6 13410
13453 13447.4 13448.7 13451.6 13454.8 13457.8 13459.9 13460.2 13456.3 13450.7 13444.2 13445.9 13442.5 13435.8 13427.3 13419.3 13411.5 13406.5 13401.7 13397.5 13395 13406.2 13418.6 13427 13429.9 13428.4 13431.2 13435.6 13440.3 13446.4 13445.6 13440.4 13427.5 13432.9 13430.1 13427.2 13425.2 13425.7 13435 13426.6 13416 13410.8 13410.7 13411.6 13413.6 13418.3 13422 13427.4 13423.2 13415.7 13409.9 13422 13434.7 13443.6 13444.6 13445 13446.6 13444.4 13436.1 13429.3 13426 13418.9 13395.8 13382.6 13381 13389.9 13396.5
13461.7 13456.9 13456.4 13458.3 13461.1 13464.1 13466.4 13467.2 13463.4 13458.1 13456.9 13454.9 13449.7 13442 13433.3 13425.6 13418.3 13411.2 13404.7 13397.6 13393.1 13398.5 13413.6 13426.5 13434 13431.9 13433.1 13436.9 13441.2 13444.4 13445.8 13446 13447.5 13440.6 13437.8 13435.5 13433.5 13433.2 13426.3 13410.5 13401.7 13406.1 13410.2 13413.7 13417.9 13423.3 13431.6 13441 13438.1 13433.9 13450.7 13462.9 13483 13484.1 13453 13442.4 13432.3 13416.3 13405.1 13402.9 13392 13356.7 13349 13342.3 13345 13356.6 13378.4
13468.1 13464.7 13464.7 13465.8 13468.5 13472 13473.4 13474.1 13470.9 13465.6 13462.6 13462.7 13456.2 13447.7 13439.3 13431.8 13426.6 13416.8 13409.6 13403.3 13397.3 13399.8 13412.9 13426.4 13435.6 13431.8 13433.8 13440.6 13444.4 13442.6 13444.5 13445.5 13444.5 13444.5 13442.9 13443 13439.6 13431.9 13437.9 13417.7 13407 13406.6 13411.3 13417.1 13421.9 13427.8 13435.9 13449.8 13454.1 13461.3 13486.9 13510.1 13519.1 13465.1 13427.8 13393.5 13377.8 13363.7 13352.1 13353.3 13361.9 13325.3 13282.3 13266.1 13270.6 13287.9 13317.8
13474 13472.5 13473.8 13476.1 13478.7 13481.5 13482.7 13482.7 13481.2 13476.9 13471.2 13470.2 13465.1 13456.1 13446.1 13437 13428.5 13422.8 13416.1 13409.9 13405 13403.5 13413.4 13426.4 13435 13433.8 13437.5 13444.9 13449 13447.1 13445.6 13443.8 13445 13443.9 13445.8 13448.7 13455.3 13457 13442.1 13422.2 13400.6 13413.2 13418.7 13422.9 13426.7 13432.3 13435.8 13439.4 13459.6 13482.3 13505 13494.6 13457.5 13401 13390.2 13367.6 13338.4 13316.7 13294.9 13260.5 13231.6 13196.1 13171.3 13161.7 13171.7 13196.6 13217.7
13480.2 13480.4 13482.5 13485.7 13489.4 13492 13493.5 13493.8 13493.7 13498.2 13491.3 13487.1 13478.2 13466 13454.5 13446.9 13438.9 13431.1 13423.3 13416.2 13410 13404.9 13414 13426.1 13438.8 13442.7 13445.5 13448.5 13450.1 13451.6 13446.4 13442.8 13440.7 13443.4 13446.7 13451.4 13454.6 13455.1 13452.4 13442.4 13455.4 13433.1 13427.8 13428.6 13432.1 13436.5 13439.9 13442.4 13471.9 13506.5 13472.6 13467.5 13445.8 13393.6 13362.9 13334.5 13285.5 13236.8 13188.4 13126.6 13077.1 13032.4 13019.9 13025.5 13044.8 13075.7 13100.5
13483.8 13486.8 13491.1 13495.4 13499.7 13503.9 13506 13507 13506.6 13510.3 13510.5 13506.8 13494.7 13480.7 13467 13459.7 13450.2 13440.8 13432.3 13424 13415 13412.4 13416.8 13425.1 13432.6 13441.7 13449.8 13451.2 13451 13449.8 13444.8 13440.9 13441.2 13443.4 13446.9 13450.6 13456.1 13455.9 13444.7 13451.9 13450.3 13438.3 13430.3 13431.3 13437.2 13445.2 13452.3 13460.4 13478.6 13485.9 13451.4 13453.6 13441 13375.5 13319.6 13270.7 13199.5 13126.8 13052 12963.6 12886 12836.6 12850.5 12875.2 12904.6 12937.4 12948.5
13490.3 13494.6 13498.9 13504.7 13509.7 13515.4 13519.9 13524.4 13527.1 13527 13528.7 13523.1 13510.7 13498 13488.4 13472.3 13459.9 13449.5 13440.9 13432.8 13425.4 13418.1 13419.2 13426.3 13433.9 13444.2 13451.4 13453.9 13454.1 13450.9 13443.8 13434.3 13436.9 13443.2 13447 13448.6 13447 13456.2 13467.8 13458.1 13440.2 13426.9 13427.8 13435 13444.7 13457.8 13467.7 13473.9 13478.9 13472.1 13458.6 13432.6 13400.3 13322.9 13239 13179.1 13083.8 12996 12909.5 12787.5 12683.5 12656.2 12690.7 12731.6 12770.6 12801.2 12806
13499.7 13503.7 13508.2 13513.4 13519.1 13525.5 13532.9 13542.1 13550.3 13539.1 13545.1 13536.9 13524.1 13510.1 13494.8 13477 13465.6 13457.2 13449.6 13441.7 13431.9 13420.8 13421.8 13429.8 13441.9 13452.4 13454.6 13456.1 13454.1 13451.9 13449.9 13447.4 13445 13446.7 13448.7 13450.8 13454.3 13459.4 13463.7 13448.1 13416 13409 13423.7 13439.2 13455.3 13469.9 13484.7 13490.5 13482 13470 13436.6 13387 13333.4 13212.1 13098.4 13025 12938.3 12847.6 12755.5 12648.6 12543.7 12528.2 12568 12606.9 12641.4 12670.2 12666.8
13511.4 13513.9 13517.1 13521.9 13528.1 13535.4 13544.2 13553.1 13559.5 13566.6 13561.4 13549.6 13535.1 13519.6 13504 13483.8 13472.2 13465.2 13458.5 13452.1 13442.2 13429.9 13427.4 13433.4 13439.8 13444.3 13458.9 13458.8 13456.5 13457.4 13459 13459.9 13455.7 13452.4 13451 13451.3 13457.2 13459.5 13457.4 13441.9 13414.1 13405 13425.5 13446.2 13463.8 13477.4 13486.2 13484.8 13468.9 13441.5 13378.5 13310.1 13224.8 13068.7 12931.3 12866.9 12786.4 12697.6 12599.4 12533 12471.9 12456.4 12483.5 12510.7 12540.2 12532.2 12546.7
13521.7 13522.2 13524.7 13529.3 13535.9 13543.2 13552.1 13560.7 13570.4 13579.4 13572.6 13559.5 13544 13526.9 13508.4 13489.4 13481.3 13474.5 13467.6 13460.4 13449.3 13435.2 13431.8 13440.1 13450.7 13464.4 13460.5 13461.9 13462.4 13464.2 13465.9 13466.6 13461.7 13457.8 13453.2 13448 13445.4 13456.7 13463.5 13454 13428.1 13417 13435.4 13453.9 13469.8 13481.2 13479.3 13464.4 13438.2 13389.7 13302.7 13216.1 13107.1 12932.9 12761.7 12708.8 12645.6 12570 12485.4 12435 12413.6 12411.1 12427.2 12446.8 12460.5 12443.3 12450.9
13529.4 13528.7 13530.9 13535.8 13542.6 13550.1 13557.6 13567 13577.5 13586.7 13580.3 13567.1 13551.3 13534.5 13516.7 13501.4 13492.9 13484.9 13476.8 13468.1 13456.6 13443.5 13440 13449.9 13461.6 13470.3 13468.1 13464.7 13463.5 13468.1 13472.2 13471.4 13467 13460.8 13455 13451.3 13450.9 13456.5 13464.6 13470.2 13451.8 13445.2 13449.5 13461.5 13474.5 13484 13485.8 13455.3 13401.3 13334.4 13233.5 13121.1 12987.2 12805.2 12616.1 12577.6 12530.8 12477.3 12423 12396.6 12385 12389.1 12399.4 12408.4 12412.4 12396.1 12392.8
13535.2 13531.3 13534.4 13539.1 13545.4 13553.7 13562.5 13571.8 13582.4 13592.8 13586.3 13572.4 13558.2 13543.4 13529.3 13516.7 13505.5 13495.2 13486.4 13479 13468.8 13459.5 13456.3 13462.2 13468.6 13474.3 13467.5 13466.7 13472.1 13477.3 13480.2 13478.7 13471.6 13463.2 13456.1 13452.5 13452.5 13453.9 13457.8 13465.5 13455.9 13457.2 13458.6 13463.9 13471.4 13476.6 13478.1 13434.8 13366.2 13276.9 13170.7 13029.5 12869.8 12681.6 12496.4 12480.2 12451.7 12420.6 12389.4 12384.2 12386.9 12386.5 12391.5 12393.6 12392.6 12373.6 12371.7
13540.5 13536.4 13537 13542.1 13549.2 13557.2 13565.3 13574 13581.1 13582 13582 13575 13564.2 13552.1 13540.8 13528.7 13516 13504.5 13494.9 13487.3 13480.2 13477.5 13480.4 13473.9 13472.6 13470.2 13468.3 13470.6 13476 13480.1 13486.5 13484.8 13475 13464.7 13455.5 13446.7 13445.9 13449 13447.3 13437.1 13450.9 13452.6 13461.2 13462 13460.6 13450.9 13428.6 13392.6 13331.6 13240 13103.4 12939.8 12769.7 12590.3 12453.5 12417.1 12404.1 12388.7 12375.3 12374 12391.6 12391.5 12389.9 12388.7 12388.1 12372 12378.8
13545.9 13538.9 13539.7 13545.3 13553.1 13561.3 13568.6 13575 13578.1 13578.7 13581.8 13579.2 13571.2 13560.4 13547.9 13536.4 13524 13512.1 13501.7 13493.3 13487.8 13484.9 13479.3 13480 13477.2 13474.5 13472.2 13474.1 13480.4 13486.8 13485.6 13483.8 13477.3 13466.8 13455.4 13448.9 13447.1 13450.2 13452.6 13455 13458.9 13464 13457.8 13456.3 13448.8 13429 13390.1 13353.7 13286.6 13174.9 13016.9 12851.2 12689.1 12540 12416.9 12385.9 12378.7 12372.4 12369.7 12374.2 12401.6 12400.7 12403.9 12398.1 12395 12383.3 12401.2
13551.6 13542.6 13542.6 13549.7 13558 13566.3 13573 13578.2 13583.7 13588.3 13591.1 13587.7 13580.2 13569.8 13556.4 13543.3 13530 13518.2 13507.7 13498.7 13493.9 13489.8 13486.4 13484.3 13484.3 13483.6 13482 13479.5 13483.3 13489.7 13494.1 13489.8 13482.2 13471.9 13458.7 13443.3 13448.9 13456.4 13462.9 13467.8 13464.7 13449.8 13446.4 13449.6 13445.6 13424.9 13389.2 13334.6 13253.4 13121 12941.9 12775.4 12625.3 12487.9 12417.2 12387.7 12374.4 12367.9 12370.2 12376.4 12418.2 12433.5 12432.9 12422 12411.5 12391.1 12404.7
