real_craters/C095-300m.grd
DSAA
210 210
-31.36 31.36
-31.36 31.36
12346.386894472 13733.087190158
[rows 120 to 149 of 210, columns 0 to 66 of 210]
13610.2 13611.9 13613.9 13615.8 13617.8 13620 13618.2 13616.4 13615.7 13616 13617.6 13620.9 13624.6 13627.9 13629.6 13630.5 13630.1 13627.5 13622.4 13617.7 13611.4 13604.7 13598.2 13592.2 13586.8 13581.9 13577.7 13574.5 13571.6 13568.4 13567.5 13567.5 13568.1 13568.8 13569.6 13570.4 13571.2 13571.8 13572.3 13572.3 13570.7 13568.1 13565 13561.1 13560.4 13559.7 13557.4 13555.1 13552.8 13549.7 13545.3 13540.9 13538 13536.9 13536.6 13536.2 13535.1 13533.8 13531.5 13529.5 13527.4 13525.5 13523.7 13522.1 13520.4 13519.2 13518
13615.6 13616.2 13616.7 13617.1 13617.6 13618.9 13617.2 13617.1 13618 13619.6 13622.5 13626.7 13629.1 13631.1 13632.8 13632.8 13631.2 13627.8 13623.2 13618.4 13612.9 13606.7 13600.5 13594.5 13588.9 13583.5 13578.6 13574.5 13571.3 13568.5 13568.8 13569.3 13570.1 13570.7 13571.3 13571.8 13572.3 13572.3 13571.9 13570.7 13568.2 13567.4 13566.1 13565.6 13561.2 13558.8 13556.5 13555.1 13554.3 13551.1 13547 13543 13540.5 13539.2 13539.6 13539.5 13538.4 13536.8 13534.6 13532.2 13529.9 13527.7 13525.5 13523.6 13521.7 13520.4 13518.9
13620.4 13620.5 13619.9 13618.7 13616.5 13612.6 13614.1 13617.8 13621 13623.9 13627.7 13632.9 13635.5 13636.9 13637.4 13636.2 13633.6 13629.6 13624.8 13620 13614.7 13608.9 13602.9 13596.9 13591 13585.1 13579.4 13573.9 13569 13568.8 13570.4 13571.5 13572.4 13572.9 13573.2 13573.6 13573.3 13572.8 13571.9 13571 13570.6 13566.6 13564.1 13562.4 13560 13556.5 13556.1 13555.6 13555.9 13553.6 13549.2 13543.1 13537.5 13541.2 13543.4 13544.9 13543.2 13540.2 13537.3 13534.5 13531.9 13529.7 13527.7 13525.6 13523.8 13521.9 13519.9
13624.8 13625.3 13623.7 13621.2 13618.1 13614.8 13615.9 13620.7 13625.4 13629.8 13634.4 13638.8 13643.6 13644.2 13642.9 13640.4 13636.7 13632.1 13627.3 13621.9 13616.9 13611.4 13605.4 13599.4 13593.4 13587.4 13581.3 13575 13569.3 13570.8 13573.7 13574.9 13575.7 13575.9 13575.6 13575.2 13574.4 13573.5 13572.1 13570.4 13567.6 13564.8 13561.3 13559.3 13559.8 13558.9 13559 13557.8 13558 13557.9 13554.3 13549.2 13546.9 13546.4 13547.2 13548 13545.8 13542.4 13539.1 13536.3 13533.5 13530.9 13528.7 13526.4 13524.4 13522.3 13520.5
13628.5 13630 13627.6 13624.8 13622.2 13619.8 13620.8 13625.8 13631.1 13636.8 13642 13646.6 13650.4 13650.9 13648.6 13644.7 13640.1 13634.7 13627.8 13623.5 13619.1 13613.9 13608 13602.3 13596.5 13590.8 13585 13579.4 13575.3 13576.7 13579 13579.5 13579.5 13579 13578.5 13577.5 13576.2 13574.7 13572.6 13570.3 13568.2 13564.6 13561.5 13561.1 13563.6 13564.7 13565.7 13568.8 13568.4 13565.4 13560.9 13557.2 13554.9 13551.8 13550.4 13549.1 13547 13543.8 13540.7 13537.5 13534.4 13531.5 13528.7 13526 13523.8 13521.7 13520.1
13631.4 13632.9 13630.2 13628.7 13627.5 13627.5 13629.5 13631.8 13636.2 13642.4 13648.8 13655.3 13658.8 13657.7 13653.7 13648.8 13643.5 13638.1 13633 13627.2 13621 13615.3 13610.5 13605.5 13600.4 13595.3 13590.3 13585.8 13585.7 13586.4 13585.9 13584.9 13583.8 13582.5 13581.2 13579.5 13578 13576 13573.7 13570.9 13567 13565.6 13565.6 13566.9 13570.4 13572.3 13567.6 13565.2 13571.9 13570.1 13565.6 13561.6 13557.3 13554.8 13552.6 13550.7 13547.7 13544.6 13541.3 13538.1 13534.8 13532 13528.6 13525.9 13523.4 13521.2 13519.6
13634.5 13631.9 13632.9 13632.5 13632.3 13633.2 13634.6 13636.4 13639.5 13644.5 13652.3 13661.5 13668.5 13663.1 13657.4 13651.7 13646.1 13640.9 13635.8 13630.1 13623.9 13618.1 13613.3 13608.8 13604.6 13600.6 13596.7 13593.1 13590.8 13594 13592.4 13590.2 13588 13585.9 13583.9 13581.8 13579.8 13577.6 13575.3 13573.2 13571.4 13570.2 13570.9 13572.8 13576.8 13581.6 13567.8 13542.4 13559 13567.6 13567.8 13565 13562 13557.6 13552.8 13550.6 13547.7 13544.9 13542 13538.6 13535.3 13532 13528.8 13525.9 13523.5 13521.3 13519.7
13639 13639.5 13637 13636.1 13636.1 13636.9 13639 13639 13641 13645.2 13652.4 13661.4 13666.9 13663.5 13657.9 13652.2 13646.9 13642 13637.7 13632.7 13625.9 13620.3 13616 13612.1 13608.8 13605.9 13603.5 13602 13602.9 13601.9 13598.2 13594.8 13591.8 13589 13586.8 13584.7 13581.8 13579.5 13577.8 13575.8 13574.3 13572.5 13571.8 13574.5 13578.6 13582.9 13576.5 13558.5 13566.8 13572.6 13569.9 13566.6 13564.6 13559.6 13551.1 13546.9 13547.9 13545.9 13542.9 13539.4 13535.9 13532.1 13528.8 13525.8 13523.5 13521.2 13519.4
13640.2 13639.6 13639.3 13638.9 13638.8 13638.8 13638.9 13639 13641 13645 13650.3 13658.2 13662.8 13660.3 13655.8 13650.8 13646 13641.3 13636.3 13630.6 13626.5 13621.7 13618.1 13615.1 13612.8 13611 13609.7 13608.4 13607.4 13605.9 13602.1 13598.6 13595.3 13592.2 13589.2 13586.6 13584.2 13582 13580 13578.6 13577.3 13575.6 13573.2 13574.8 13577.1 13576.7 13575.2 13580.8 13577.3 13574.9 13569.6 13564.9 13560.7 13558 13558.9 13555.3 13550.9 13546.8 13543.3 13539.3 13535.4 13532.1 13528.5 13525.2 13522.3 13519.2 13517.4
13642.2 13642.3 13641.6 13641 13640.8 13640.6 13638.2 13638.8 13638.6 13642 13648.3 13654 13656.7 13655.5 13652.4 13648.4 13644.1 13639.7 13635.4 13631.2 13625.7 13621.9 13619.4 13617.5 13616.1 13615.3 13615.1 13615 13612.3 13607.6 13604.8 13601.4 13597.9 13594.6 13591.6 13588.8 13586.3 13583.9 13582 13580.8 13579.9 13578.2 13575.4 13575.7 13576.4 13575.8 13574.9 13573.9 13573 13569.9 13567 13562 13555.7 13554.3 13561.2 13559.4 13553.4 13547.8 13542.8 13538.9 13534.7 13529.8 13526.1 13522.6 13519.7 13516.9 13514.7
13645.1 13644.1 13643.4 13643.2 13643.4 13644 13645.2 13642.5 13637.1 13639.1 13646.6 13649.8 13650.9 13650.2 13648.2 13645.1 13641.3 13637.4 13633.7 13630.1 13623.3 13621.2 13620.1 13619.3 13618.8 13618.5 13618.8 13619.7 13616.8 13611.7 13607.6 13603.6 13599.9 13596.6 13593.2 13590.2 13587.5 13584.9 13583.3 13582.2 13581.5 13580.4 13575.9 13577.3 13577 13575.6 13573.3 13572.8 13571.9 13569.9 13564.9 13559.8 13557.3 13561.2 13565.4 13560.4 13552.9 13546.4 13541 13536.8 13532.4 13528.3 13524.3 13520.8 13517.5 13514.2 13511.3
13649.2 13647.1 13645.8 13645.1 13645.4 13646.5 13647.7 13646.5 13644 13640.9 13642.1 13642.6 13645 13645.7 13644.5 13641.9 13638.5 13634.5 13630.6 13626.8 13621.6 13620.8 13620.6 13620.7 13620.7 13620.7 13620.6 13618.9 13616.9 13614.2 13609.3 13605.1 13601.4 13597.8 13594.3 13591.1 13588.2 13585.4 13583.4 13582.1 13582 13581.6 13583.4 13580.3 13577.9 13575.9 13573.4 13571.1 13569.1 13567.7 13560.7 13555.6 13554.1 13557.2 13563.2 13555.9 13549.5 13543.9 13539.1 13534.8 13530.6 13526.5 13522.6 13518.7 13514.8 13511.2 13507.4
13652.5 13648.9 13646.6 13646.5 13647.2 13648.1 13648.5 13648.4 13648.3 13643.9 13636 13639.1 13642.1 13642.7 13641.6 13639.3 13635.9 13631.7 13626.8 13622.4 13620.7 13620.6 13621.3 13621.9 13622.3 13622.2 13621.8 13621.4 13617.6 13613.1 13609.5 13606 13602.5 13598.6 13595 13591.5 13588.2 13585.8 13583.2 13581.5 13581.4 13585.7 13587.6 13580.5 13576.6 13574.8 13573.8 13565.8 13560.5 13555.8 13551.6 13548.1 13544.2 13539.3 13541.9 13545 13543.1 13539.8 13536.1 13532.5 13528.8 13524.9 13521 13516.4 13512.3 13508.1 13503.8
13654.1 13650 13647.3 13647.8 13648.8 13649.7 13650.7 13651.1 13651 13650.7 13650 13645.6 13643 13641.8 13640.1 13637.6 13634.2 13629.5 13623.9 13617 13617.4 13621.3 13622.9 13623.6 13623.8 13623.7 13622.8 13619.9 13617.6 13613.5 13610 13606.9 13603.4 13599.8 13595.9 13592.1 13588.1 13584.7 13581.5 13578.6 13576.1 13574 13575 13573.5 13571.2 13568.6 13563.6 13555.5 13551 13545.1 13544 13542.4 13538.3 13533.5 13533.2 13536.6 13537.3 13535.3 13533.1 13529.7 13526.1 13522.2 13518.3 13514.2 13510.2 13506.2 13501.5
13655.1 13652.1 13649.7 13649.8 13650.6 13651.3 13652.4 13652.5 13650.8 13652.7 13651.3 13646.3 13643.9 13641.8 13639.6 13637.1 13634 13630.3 13625.8 13621.2 13624.3 13625.2 13625.5 13625.5 13625.4 13625.2 13624.7 13623.5 13619.3 13615 13611.3 13608.1 13604.5 13600.6 13596.6 13592.4 13588 13584.6 13580 13575.5 13570.6 13564.3 13563 13565.7 13565.1 13561.5 13553 13548.1 13546.9 13545.1 13543.5 13541.1 13537.8 13534.9 13532.9 13533.5 13533.9 13532.4 13530.8 13528.1 13524.8 13521.5 13517.8 13512.6 13508.6 13504.7 13500.3
13655.8 13654.2 13652.8 13652.2 13652.1 13652.4 13652.8 13653.9 13651.1 13652.1 13650.7 13646.5 13644.4 13642.1 13639.8 13637.5 13635.1 13632.7 13630.5 13630.6 13633.4 13629.9 13628.1 13627.2 13626.7 13626.3 13625.7 13623.8 13620.8 13617.1 13613.4 13609.6 13605.7 13601.5 13597.1 13592.9 13588.4 13583.8 13579.2 13573.9 13568.2 13563.2 13560.8 13562 13561.6 13559 13553.3 13547.5 13546.6 13546.6 13545 13542.3 13539.2 13535.8 13533.4 13532.3 13532.2 13531.3 13528.6 13526.3 13523.9 13521.2 13517.3 13513.8 13509.6 13505.4 13501.3
13656.3 13655.9 13655.4 13654.2 13653.1 13652.3 13651.5 13649.4 13649.9 13648.4 13649.1 13648 13645 13642.7 13640.7 13639.1 13637.3 13635.8 13635.1 13635.3 13633.9 13631.6 13629.4 13628 13627.2 13626.8 13626.5 13624.9 13621.9 13618.6 13615 13611 13606.7 13602.2 13597.6 13593.2 13588.5 13583.6 13578.6 13573.3 13567.9 13563.4 13561.7 13561.8 13560.7 13558.4 13553.6 13548.6 13547.5 13547.8 13547 13544.1 13541.4 13539 13533.6 13531.6 13530.5 13529.3 13528 13525.6 13523 13520.2 13516.6 13513.2 13509.5 13505.3 13501.4
13657.1 13657.3 13656.9 13655.5 13653.8 13652.3 13650.5 13649 13645.5 13641.5 13642.5 13644.6 13644.6 13643.7 13642.3 13640.6 13639.2 13638.3 13638.2 13637.9 13634.6 13631.7 13629.7 13628 13626.6 13626.1 13626.2 13624.5 13621.8 13619.2 13616.4 13612 13607.4 13602.4 13597.5 13593 13588.3 13583.6 13578.7 13573.8 13568.9 13565.8 13565.9 13563.5 13561.3 13558.4 13553.7 13549 13549.3 13549.4 13548.3 13545.4 13542.8 13539.3 13534 13531.9 13530.3 13528.4 13526.5 13524 13521.7 13518.2 13515.1 13511.3 13507.3 13502.5 13499.1
13658.8 13659.3 13658.7 13656.4 13654.3 13652.1 13650.2 13647.5 13644.4 13640.6 13645.2 13645.8 13645.7 13644.7 13643.2 13641.6 13640.7 13639.7 13639.4 13638 13632.7 13631.4 13629.8 13627.4 13625 13623.3 13623.3 13621.6 13619.6 13618.6 13617 13612.4 13607.4 13602.2 13597.1 13592.8 13587.9 13583.2 13578.8 13574.9 13571 13568.4 13567.2 13565.2 13562.8 13559.5 13556.9 13555.1 13552.1 13550 13547.6 13546 13543.7 13540.3 13536.2 13532.6 13530.4 13527.7 13525.3 13523.2 13520.7 13517.4 13514.3 13509.3 13506.1 13502.2 13499.9
13661.3 13661.9 13661.2 13657.6 13655 13652.6 13650.8 13649.7 13648.3 13650.1 13645.5 13647.2 13647.3 13646.2 13644.8 13643.1 13641.4 13640.1 13639.2 13637.5 13634.9 13633.6 13630.9 13627.1 13622.7 13618.5 13615.2 13614.9 13615.4 13616 13616.9 13611.4 13606 13600.7 13596 13591.5 13587.3 13583.9 13580 13576.3 13573 13570.1 13568.1 13566.4 13565.3 13563.8 13560.6 13557.3 13554.5 13552 13549.7 13547.7 13544.8 13541.6 13538.3 13534.1 13530.2 13527.2 13524.2 13521.4 13520 13517.4 13513.3 13509.1 13507.3 13504.4 13501.5
13664.5 13664.5 13664.6 13661 13655.9 13652.8 13650.3 13649.2 13652.4 13656.2 13653.7 13651.4 13650.6 13649.1 13647.5 13645.5 13643.2 13641.1 13639.5 13639.4 13641.1 13638.2 13633.3 13627.7 13621.1 13613.9 13608.4 13608.8 13610.6 13611.8 13610.4 13608.1 13603.6 13598.9 13594.5 13590.6 13587.1 13583.9 13580.6 13577.8 13575.1 13571.6 13568 13566.7 13566.7 13567.4 13563.1 13558.7 13556.3 13554.6 13553.1 13550.5 13546.9 13543.1 13539.9 13534.8 13530.4 13527 13523.6 13521 13518.2 13515.8 13513.8 13509.6 13507.1 13505.4 13503.1
13666 13665.6 13665.2 13658 13656.4 13654.2 13652.2 13653.4 13655.6 13647.3 13655.3 13655.4 13654.1 13652.4 13650.5 13648.3 13645.4 13642.4 13640 13640.7 13642.3 13641 13636.8 13630.3 13622.1 13612.5 13604.3 13605.6 13607.3 13608.1 13609.3 13605.2 13600.1 13596.5 13593.1 13589.9 13586.8 13584 13581.3 13579 13576 13572.4 13568.8 13566.7 13566 13565.2 13562.8 13559.6 13557.7 13556.8 13555.7 13553.4 13549.9 13544.4 13538.8 13533.9 13530.2 13527 13524.1 13521.4 13518.5 13516 13513.7 13511 13509 13505.9 13504.1
13666 13666 13664 13660.7 13658.3 13657.2 13657 13661.4 13664.7 13654.7 13660.2 13658.8 13657.5 13655.7 13654.1 13651.7 13648.8 13645.3 13640.7 13643.2 13646.4 13646.1 13642.2 13635.4 13626.6 13616.3 13608.3 13607.5 13607.1 13605.2 13600.3 13596.9 13596.2 13594 13591.5 13589 13586.6 13584.2 13582 13580.2 13577.3 13573.3 13568.8 13566.1 13565.6 13564.3 13562.8 13560.3 13559 13558.1 13557.5 13555.3 13551.3 13544.6 13536.6 13532.1 13529.7 13527 13524.5 13521.9 13519.6 13517.6 13515.5 13512.9 13511.1 13509.5 13507.9
13669.4 13667.8 13665.6 13661.1 13663 13661.2 13659.2 13662.7 13669.1 13665.6 13661.8 13661.3 13660.4 13659.5 13658 13656.3 13654.1 13651.6 13649.5 13651 13654.6 13655.1 13649.4 13643 13635.2 13625.6 13617.4 13614.1 13610.4 13606 13600.8 13597.2 13594.5 13592.8 13590.6 13588.6 13586.6 13584.7 13582.9 13581.4 13579.2 13575.1 13571.1 13568.4 13566.8 13565.5 13563.8 13562.4 13560.4 13557.8 13555.9 13554.2 13551.5 13544.8 13537.5 13532.8 13530.1 13527.5 13525 13522.7 13520.7 13518.7 13516.8 13515 13513 13511.4 13509.8
13672.9 13669.9 13668.8 13673.9 13669.4 13665.4 13664 13664.4 13665.3 13664.6 13663.6 13663.5 13663.1 13662.5 13661.7 13660.9 13660.3 13659.5 13658.4 13659.7 13660.5 13658.6 13656.6 13651.9 13646.5 13640.1 13632.1 13624.1 13616.9 13609.9 13603.1 13597.4 13594.8 13592.6 13590.7 13588.9 13587.1 13585.2 13583.3 13581.8 13579.7 13576.4 13573.6 13570.9 13567.5 13565.3 13564.2 13563.4 13560.5 13555.6 13551.8 13550.7 13550.2 13544.4 13538.8 13534.4 13530.9 13527.8 13525.2 13523 13521.2 13519.4 13517.6 13516 13513.9 13512.5 13511.2
13671.6 13670.4 13668.7 13666.5 13667.5 13667.6 13667.7 13667.1 13666.1 13665 13665.6 13666.2 13666.4 13665.8 13665.9 13666.3 13666.9 13668 13669 13668.2 13667.8 13667.5 13664.1 13660.7 13657.4 13654.8 13646 13634.3 13624.2 13615 13607 13601.3 13596.3 13593.7 13591.9 13590.3 13588.3 13586.1 13583.8 13581.5 13578.9 13576.6 13574.7 13573.2 13568.6 13565.6 13563.4 13561.2 13557.2 13551.4 13546.3 13544 13544.6 13541.5 13538.2 13535 13531 13527.6 13525.1 13523.1 13521.4 13519.8 13518.5 13516.9 13515.6 13513.4 13512.2
13673 13671 13668.6 13666.7 13667.4 13668.5 13669.3 13668.5 13668 13669.2 13668.9 13668.6 13668.3 13668.5 13669.4 13670.7 13672.5 13674.9 13676 13674.9 13674 13672.4 13670.4 13667.9 13665.1 13661.6 13653.3 13642.3 13631.2 13620.3 13610.3 13603.1 13597.3 13595.4 13594.5 13592.9 13590.6 13587.8 13584.9 13582.1 13579.1 13576.7 13574.4 13570.9 13570.9 13567 13561.9 13556.4 13550.9 13546.6 13541.8 13537.5 13537.7 13537.2 13535.8 13533.7 13529.8 13526.7 13524.6 13522.8 13521.4 13520 13518.8 13517.6 13516.2 13515.1 13514
13674.5 13672 13669.6 13667.7 13669 13669.4 13669.3 13669.9 13668.4 13671.7 13670.1 13669.3 13669.8 13671.8 13673.2 13674.8 13676.9 13679.3 13680.6 13679.5 13678.3 13676.4 13675.5 13673.8 13670.8 13665.3 13658.6 13649.1 13638.2 13626.5 13613.8 13600.8 13598.5 13599.5 13599.1 13597.2 13594.3 13590.6 13586.6 13583.2 13579.9 13576.9 13574.9 13574.2 13572.7 13567 13560.4 13553.3 13547.1 13544 13540.8 13537.7 13535.3 13533.9 13531.7 13528.9 13526.6 13525.1 13523.9 13522.8 13521.7 13520.6 13519.7 13518.5 13517.4 13516.6 13515.6
13674.9 13672.7 13670.9 13670 13669.2 13671.4 13673.4 13672.5 13670.7 13668.3 13669.8 13671 13672.4 13673.6 13675.4 13677.6 13679.6 13681.1 13682.4 13682.6 13682.2 13681.7 13680.6 13679.1 13676.8 13671.8 13665.2 13656.3 13646.1 13635.1 13622.8 13607.9 13607 13608.3 13606.7 13603.6 13599.6 13594.6 13589.1 13583.3 13579.6 13577 13574.9 13572.6 13568.6 13565.1 13559.4 13552.9 13547.1 13543.8 13541.3 13539 13535.7 13532.3 13528.5 13524 13523.6 13523.7 13523.4 13522.8 13522.3 13521.5 13520.5 13519.6 13518.7 13517.8 13516.9
13673.3 13672.5 13671.7 13671.1 13668.2 13671.7 13673.5 13671.6 13667.8 13665.6 13669.2 13671.6 13673.7 13676.1 13678.3 13680.5 13682.5 13682.8 13684 13684.9 13684.8 13684.1 13683.6 13683.3 13682.8 13681.1 13672.3 13663.7 13655 13646.1 13638 13633.1 13627.8 13621.9 13617.3 13612.3 13606.7 13600.4 13593.2 13585.8 13580.9 13577.8 13575 13572.5 13570.4 13564.9 13559.3 13553.5 13548.2 13545 13542.3 13539.7 13536.1 13532.4 13528.6 13524.7 13524.3 13524.3 13524.3 13523.8 13523.3 13522.6 13521.8 13521 13520.2 13519.4 13518.9
