real_craters/C095-500m.grd
DSAA
126 126
-31.36 31.36
-31.36 31.36
12346.617155718 13733.008817342
[rows 60 to 89 of 126, columns 0 to 66 of 126]
13559 13549.9 13549.2 13557.3 13565 13572.4 13579.2 13585.9 13593.6 13601.7 13603.4 13598.9 13591.3 13581.2 13568.1 13548.5 13535.7 13523.5 13512.7 13504.7 13500.3 13495.6 13489.3 13490.2 13492.5 13494.4 13491.2 13485.6 13489.5 13495 13497.7 13496.3 13489.7 13481.3 13470.8 13458.6 13462.6 13467.3 13472.7 13479.2 13470.3 13444.3 13441.5 13449.6 13445.5 13423.5 13383 13319.4 13232.9 13087.5 12901.8 12732.3 12585.3 12458 12398 12384.1 12373.9 12368.4 12377.5 12416.8 12465.2 12472.8 12459.6 12441.7 12407.2 12388 12374.9
13569.9 13564.4 13563.7 13569.5 13574.4 13579.8 13586.8 13595.4 13605.1 13616.8 13617.7 13611.3 13602 13592 13580.7 13561.3 13542.7 13529 13518.3 13511.4 13508.5 13506.7 13505 13504.4 13502.1 13498.4 13493.9 13489.3 13494.6 13500.6 13505.9 13501.8 13496 13490.9 13489.1 13491.8 13480.7 13479.2 13479.4 13476 13468.1 13462.4 13461.7 13460.9 13451.8 13424.1 13374.8 13298.6 13197.6 13051.1 12880.4 12714.5 12565.1 12449 12396.3 12384 12375.4 12375 12391.1 12471.7 12529.9 12512.3 12482.5 12451.4 12423.2 12388.8 12385.3
13581.5 13582.6 13586.5 13582.7 13583.6 13587.4 13593.9 13603.6 13616.7 13628.2 13629.7 13620.9 13609.6 13597.7 13584.4 13563.3 13546.3 13533.7 13524.3 13519.1 13517.7 13519.5 13523.8 13522.1 13513.3 13502.6 13492.9 13498.2 13498.9 13504.2 13504.9 13503.7 13500.6 13498 13497.1 13496 13492.3 13489.6 13487.7 13482.6 13475.7 13483.6 13482.1 13477.6 13465.9 13425.5 13368.1 13281.8 13158.8 13019.6 12861.2 12699.6 12552.3 12439 12392.3 12385.4 12377.9 12380.1 12404.7 12493.2 12572.1 12530.9 12487.4 12451.5 12409.3 12385.8 12379.6
13588.2 13590 13591 13590.3 13590.2 13592.5 13597.6 13607.6 13619.7 13633.1 13636.6 13625.8 13612.9 13599 13583.2 13566.1 13550.6 13537.8 13527.6 13524.2 13525 13529 13534.3 13533.6 13525.2 13517.9 13518.4 13522.7 13507.4 13508 13508.1 13505.7 13503.4 13501.3 13499.9 13498.4 13498.2 13497.9 13498.5 13501.4 13506.8 13496.5 13488.3 13493.6 13491.7 13465.5 13395.3 13289.9 13148.9 13011.8 12853 12689.5 12546.9 12433.6 12393.5 12385.6 12377.6 12376.1 12394.7 12448.6 12530.4 12507.4 12472.7 12429.6 12404.6 12388 12369.2
13592.2 13593.4 13594.8 13593.9 13593.7 13594.5 13597.2 13602.1 13614.2 13626.2 13634 13624.1 13612.3 13599.6 13585.7 13570.9 13556.3 13542.4 13530.9 13529.2 13531.7 13535.8 13539.7 13540 13535.2 13530.9 13527.7 13518.4 13517.1 13514 13510.9 13507.9 13505 13502.8 13501.8 13501.4 13502 13503.5 13506 13509.9 13511.3 13504 13495.3 13509.9 13518.1 13499 13429 13323.6 13198.2 13034.4 12870.1 12707.7 12559.3 12439.3 12384.2 12382.4 12377.1 12368.7 12370.3 12403 12456.7 12452.5 12436.8 12406 12390.3 12392 12421.2
13594.4 13596 13597.1 13596.7 13595.5 13594.8 13595.1 13597.7 13605.2 13613.9 13619.3 13616.3 13608.3 13598.3 13586.4 13573.8 13560.9 13547.6 13538.4 13536 13538.3 13542 13544.9 13545.5 13543.1 13539.6 13534.7 13527.4 13525.1 13523 13515.4 13510.1 13505.9 13503 13500.9 13501.6 13503.7 13505.9 13509.2 13512.6 13514.6 13512.6 13512.8 13524.2 13535 13522.2 13447.5 13341.9 13214 13062.9 12902 12742.2 12591.8 12463.3 12394.8 12396.1 12382.3 12368.1 12359.8 12365.7 12376.3 12397.1 12397.8 12389.7 12366.8 12358.4 12377.1
13596.8 13598.6 13599.8 13599.3 13597.4 13595 13593.6 13595.9 13600 13604.9 13608.6 13608.4 13603.1 13594.8 13584.7 13573.6 13562.3 13552.3 13545.5 13543 13544.5 13547.7 13550.6 13551.9 13550.4 13546.5 13541.4 13534.4 13531.2 13527.2 13520.6 13513.8 13508.5 13503.4 13498.3 13501.7 13504.9 13507.9 13510.9 13513.2 13514.3 13515.5 13517.7 13527.3 13536.5 13520.9 13450.3 13349.9 13230.4 13093.4 12944.6 12789.5 12643.6 12516.7 12418.7 12396.9 12384.4 12365.9 12350.2 12353.5 12358.7 12367.1 12370.8 12358.5 12352.9 12350.9 12381.5
13598.7 13600.4 13602.1 13601.9 13599.5 13596.1 13593.3 13595.8 13600.4 13604.7 13606.1 13605.4 13600 13590.7 13582 13572.7 13563.6 13554.6 13550 13548.6 13550.1 13553.1 13556.8 13559.8 13556.9 13552.5 13547.3 13540.9 13537.8 13535.2 13524.8 13517.7 13511.8 13507.6 13505.4 13505 13507.6 13510.2 13512.5 13514 13514 13514.9 13512.3 13520.8 13526.3 13507.5 13445.6 13353.1 13248.3 13131.9 13000.7 12864 12712.4 12565.7 12448.9 12399.6 12388.6 12372.2 12354.7 12354.5 12358.6 12361.2 12360.5 12349.5 12346.6 12357.9 12400.6
13596.9 13602 13605.2 13605.6 13602.8 13599.6 13597.4 13605.4 13610.2 13611.3 13611.2 13607.1 13600 13592.7 13582 13572.7 13563.6 13556 13551.6 13552.5 13554.8 13557.9 13561.5 13563.4 13561.5 13557.6 13553 13548.6 13543 13535.3 13527.8 13519.5 13515.6 13512 13510.6 13509.9 13510.7 13512 13513.8 13515.1 13516.8 13517.2 13515.8 13517.8 13512 13489.2 13446.9 13371.2 13282.2 13183.4 13068.3 12939 12795.2 12649.2 12512.7 12426 12402.2 12388.9 12362.7 12359.3 12364.4 12365 12367.4 12361.2 12362 12376.2 12433.7
13601.3 13604.5 13607.7 13608.7 13606.5 13604.2 13603.8 13609.2 13617.2 13618.5 13617 13610.8 13600.5 13589.2 13581.8 13574.1 13566.7 13560 13556.2 13556.8 13559 13562.2 13565.4 13567.4 13566 13561.9 13557.7 13554.8 13549.3 13542.5 13531.6 13525.2 13521.3 13517.3 13513.8 13514.3 13514.3 13514.5 13514.9 13515.3 13515.3 13514.7 13514.5 13515.4 13514.8 13501.4 13471.9 13407.4 13336.1 13249.3 13148 13035.3 12910.1 12770.2 12615.1 12483.6 12430 12421.7 12391.7 12381.4 12373.2 12378.9 12396.1 12398.2 12404 12423.4 12492.1
13602.8 13606.8 13610 13610.9 13610.2 13608.3 13608.6 13612.8 13621.1 13624 13623.6 13616.6 13603.3 13589.2 13582.8 13576.3 13569.3 13564.4 13561.4 13561.3 13563 13565.7 13568.7 13571.2 13569.6 13564.8 13560.6 13557.1 13554.4 13550.2 13541.6 13533.9 13528.2 13525.6 13523.4 13520.8 13519.1 13518 13517 13516.7 13515.4 13513.8 13512.7 13513.5 13517.8 13515.4 13507.8 13496.4 13403.9 13313.5 13231.4 13146.1 13056 12915.2 12755.8 12604.3 12495.5 12457.5 12447.1 12435.1 12424.4 12430.1 12455.6 12463.9 12476.7 12506.2 12576.8
13605.1 13609.8 13614 13617.2 13614.6 13612 13610.6 13616.7 13623.9 13628 13629.5 13622.4 13608.5 13596.5 13586.8 13579.3 13573.5 13567.7 13565.2 13565.3 13566.6 13568.8 13570.9 13572.6 13571.6 13565.6 13561 13558.9 13556.1 13551.3 13542.4 13535.2 13533.3 13532.8 13530.2 13526.4 13523.4 13521.3 13520 13518.1 13516.7 13514.5 13513.7 13514.3 13517.9 13521.3 13519.5 13494.5 13439.7 13366.7 13303.3 13232.9 13157.7 13045.6 12905.8 12774.5 12635.2 12566.5 12532.5 12524.6 12519.8 12528.8 12545.7 12557.5 12579 12615.9 12688
13611.7 13614.5 13616.8 13619.9 13617.1 13616.8 13619.7 13625.4 13629.8 13631.3 13628.4 13620.8 13611.5 13600.7 13590.8 13582.1 13575.4 13569.9 13568 13568.7 13569.9 13571.1 13571.9 13572 13569.3 13565.9 13561.2 13559.1 13555.3 13551.9 13545.2 13539.1 13537.7 13537 13535.2 13531.7 13527.9 13524.6 13521.6 13519.4 13517.6 13516.5 13515.7 13518 13518.9 13521.6 13518.9 13501.4 13457.5 13404.5 13348.5 13302.1 13234.4 13149.2 13040.4 12930.9 12812.9 12740.7 12673.4 12652.8 12634.3 12623.3 12657.4 12680.6 12711.4 12753.2 12817.3
13620.6 13620.4 13618.1 13612.5 13616.8 13622.3 13628.2 13635.4 13637.6 13636.3 13631 13623.1 13614.5 13604.6 13594.6 13584.7 13575.2 13568.7 13570.7 13572.4 13573.1 13573.3 13572.7 13571.5 13570.1 13564.4 13561.3 13556.2 13555.7 13555.2 13548.6 13536.8 13542.7 13545.3 13540.8 13536.1 13531.6 13528.1 13524.8 13521.6 13518.5 13516.3 13516.5 13517.3 13519 13517.8 13510.6 13492.8 13467 13432.2 13392.5 13358.3 13313.9 13237.5 13158.9 13079.9 13006.1 12931.1 12856.4 12820.1 12786.3 12760.6 12804 12831.4 12865.6 12906.7 12955.3
13627.7 13627.5 13622.8 13618 13622.6 13631.4 13640 13647.5 13648.5 13643.4 13635.5 13625.4 13618.3 13608.8 13599.1 13589.2 13579.3 13573.2 13577.4 13578.3 13577.9 13576.8 13574.8 13571.4 13567.6 13561.9 13561.2 13563 13564.4 13564.4 13558.5 13554.2 13550 13548.6 13544.2 13538.9 13533.9 13529 13524.9 13521.5 13518.9 13517 13517.2 13519.1 13519.6 13514.8 13504.8 13490.7 13474.9 13452.8 13426.9 13399 13355.7 13310.6 13261.3 13216.7 13173.3 13124.7 13057.7 13009.3 12979 12970.6 12990.2 13001 13020.6 13051.2 13091.7
13632.1 13630.9 13629.9 13630.1 13633.1 13639.6 13650.9 13662.6 13658.6 13649.9 13640.9 13632.4 13621.7 13612.9 13604.9 13596.9 13589.3 13589.3 13588.3 13585.7 13583 13580.2 13576.8 13573 13567.7 13567.7 13571.2 13576.4 13551.4 13571.5 13566.1 13559.3 13554.4 13550.3 13545.2 13539.6 13534.5 13529.3 13524.8 13521.1 13518.7 13517.4 13518.3 13519.7 13520.3 13513.2 13504.9 13494.4 13482.1 13469 13457.6 13449.3 13423 13388.2 13354.6 13322.2 13305.9 13276.8 13231.4 13186.4 13167.8 13175.2 13181.2 13177.3 13188.1 13200.2 13221.9
13639.1 13637.7 13636.3 13637.1 13638.9 13642.3 13652.5 13666.3 13661.4 13652 13643.3 13636.5 13625.6 13617.2 13610.9 13606 13602.7 13603.9 13598.2 13592.7 13588.1 13584.4 13580 13576.9 13574.2 13571.7 13576.3 13583 13563.2 13573.2 13569.4 13564.8 13555.8 13547.7 13546.3 13541.1 13535.1 13529.7 13524.6 13520.7 13518.1 13518 13518.9 13520 13519 13512.1 13501.6 13495.2 13490.4 13484.3 13480.7 13486.8 13499.7 13481.3 13430.6 13395.7 13373.6 13373.9 13351.8 13323.7 13317 13333.7 13340.3 13333.2 13341.2 13338 13336.9
13641.7 13641.4 13640.6 13640 13638.1 13640.6 13649 13657.9 13655.7 13649 13641.5 13633.7 13625.8 13619.8 13616.2 13614.3 13613.5 13609.3 13603.8 13598.1 13592.8 13588.1 13584 13580.9 13579.3 13575.3 13575.9 13575.8 13574 13571.4 13566.9 13557.6 13558.3 13557.8 13548.4 13541.2 13534.2 13526.9 13521.5 13517 13514.5 13515.5 13517.7 13518.3 13520.7 13514 13506.1 13502.1 13498.7 13494.5 13492.2 13493.5 13507.4 13507.7 13479.2 13464 13458.7 13430 13430.6 13421.5 13422.6 13435.4 13447.8 13452 13458 13441 13424.6
13646.7 13644.6 13644.1 13645.1 13645.7 13636.1 13644.9 13648 13647.8 13643.6 13637.4 13631.2 13622.3 13620.4 13619.7 13619.6 13619.3 13615.2 13608 13601.3 13595.5 13590.2 13585.7 13582.8 13581.7 13575.9 13578.1 13575.4 13572.8 13571.1 13562.7 13557.1 13564.4 13557.9 13546.1 13537.5 13530.8 13524.4 13518.2 13512 13506.8 13502 13496.4 13495.4 13510.6 13512.3 13516.5 13511.4 13506.3 13501.3 13496.2 13491.8 13494 13491.6 13500.6 13509.7 13532.2 13524.8 13496.8 13487.2 13490.7 13507.3 13522.4 13525 13535.1 13505.9 13481.1
13652.7 13647 13646.8 13648.3 13648.4 13647.4 13637.3 13641.5 13642.3 13639.1 13632.7 13624.3 13620.3 13621.2 13622.1 13622.3 13621.3 13615.8 13609.3 13603.4 13597.4 13591.4 13585.8 13582.1 13581.3 13588.6 13578 13574.5 13566.5 13557.1 13550.2 13544.1 13537.5 13544.1 13539.9 13533.9 13527.8 13521.1 13514.2 13506.9 13499.5 13490.1 13477.4 13480.3 13483.7 13507.1 13516.5 13516.4 13512.5 13508.2 13503.6 13499.4 13500.9 13507.3 13516 13522.9 13523.4 13531 13528.4 13520 13520.6 13529.3 13537.5 13538.7 13545.4 13525.3 13508.5
13654.8 13649.6 13649.5 13651.1 13652.7 13652.2 13651.2 13644.5 13641.2 13637.1 13631.2 13622.7 13622 13624.7 13625.1 13624.8 13623.9 13617 13610.6 13605.2 13598.9 13591.9 13585.9 13578.5 13570.8 13563.8 13567.2 13561.8 13549.4 13546 13542.9 13538.3 13533.3 13534.2 13533.3 13529.9 13524.7 13517.5 13510.8 13504.1 13496.4 13488.9 13483.8 13482.7 13493 13508.7 13523.9 13518 13515.9 13515.2 13514.4 13513 13521.4 13532.8 13532.1 13530.4 13532.1 13550.2 13542.2 13534.5 13529.1 13525.3 13514.5 13517.1 13513 13520.9 13516.8
13656 13654.7 13652.9 13652.3 13652.5 13651.1 13650.4 13645.4 13641.5 13637.9 13634.5 13632.7 13634.3 13629.2 13627.2 13626.7 13625 13619.9 13613.7 13607.2 13599.9 13592.6 13584.7 13576.3 13567.3 13561.1 13561.4 13558.1 13549.2 13546.9 13545.2 13540.6 13535 13532.1 13530.7 13527.7 13522.5 13517.1 13511 13504.7 13495.9 13489.8 13487.7 13490.1 13498.8 13498.3 13500.9 13513.9 13520 13524.2 13527.5 13532.2 13537.4 13542.3 13539.4 13538.5 13547.4 13543.6 13538.2 13534.5 13531.8 13527.9 13525.9 13518.4 13514.9 13519.7 13519.6
13657.3 13657.2 13655 13652.2 13649.2 13643.7 13642.4 13644.7 13643.3 13640.9 13638.7 13638.4 13634.4 13630.2 13627.2 13625.9 13625.1 13620.6 13616.1 13608.4 13600.4 13592.4 13584.6 13576.5 13568.5 13566.6 13562.7 13557.9 13549.9 13549.5 13547.7 13543.3 13536.3 13531.7 13528.4 13524.5 13520.6 13515.9 13507.7 13501.7 13496.4 13491.4 13487.5 13486.5 13500 13500.4 13501.2 13513.2 13524.5 13533.1 13538.7 13542.6 13549.1 13549.2 13544.1 13531.6 13524.1 13526.2 13527.9 13531.3 13531.3 13530 13528.8 13531 13530.8 13524.3 13520.8
13660.7 13661.2 13656.4 13652.4 13649.8 13647.7 13645.3 13646.9 13645.2 13642.5 13640.2 13638.6 13633.9 13631.3 13625.5 13619.3 13616.5 13616.5 13616.9 13607.6 13599.1 13591.4 13584.7 13578 13572.2 13568.3 13565.5 13562 13557.5 13552.8 13548.6 13545 13539.8 13533 13527.6 13522.7 13519.6 13514.9 13508.7 13503.5 13498.8 13494.5 13490.4 13493.6 13510.8 13505.2 13505 13518 13531.5 13543 13553 13560.2 13560.8 13564 13551.7 13527.9 13524.9 13528.6 13524.8 13531.5 13533.5 13532.9 13533.7 13535.9 13533.7 13527.2 13522.2
13665.5 13665.7 13658.7 13653.3 13648.2 13651.7 13654.3 13652.5 13650 13646.4 13642.3 13639.7 13642.4 13636.2 13625.7 13612 13606.3 13609.5 13610 13603.2 13596.2 13589.9 13584.3 13579.7 13575.5 13569 13566.5 13566.1 13559.9 13556.3 13553.8 13548.9 13541.9 13533.9 13527.6 13522.6 13517.9 13514.1 13508.8 13504.8 13502 13499.2 13497 13495.7 13501.8 13503.1 13511.8 13525.2 13539.9 13553.6 13559.9 13564.6 13567.6 13561.7 13551.6 13540.4 13535.6 13532.7 13538.4 13540.4 13539.3 13536.4 13535.2 13541.4 13535.1 13527 13522.4
13666.2 13664.9 13659.6 13657.6 13660.1 13658.1 13660.6 13658.3 13655.6 13652.2 13647.1 13641 13647.3 13644.4 13632.9 13616.3 13608.2 13606.5 13599 13596.2 13592.7 13588.7 13584.7 13581.1 13577.1 13569.8 13566.1 13564.3 13561 13558.7 13557.4 13552.1 13540.6 13531.6 13527.5 13523.6 13519.6 13516 13512.1 13509.6 13506.6 13505 13505.4 13503.1 13504.3 13514.9 13521.9 13533.3 13547.7 13564.7 13586.3 13585.1 13574.8 13564.5 13556.4 13557.8 13541.3 13555.5 13557.4 13553 13547.3 13540.5 13533.5 13524.5 13524.1 13521.8 13519.3
13672.5 13668.5 13674.8 13664.6 13662.4 13665.5 13663.3 13662.9 13661.4 13660.1 13658.3 13656.9 13659.4 13656.1 13647.7 13636.3 13623.5 13612.6 13601.9 13595.2 13591.7 13588.7 13585.6 13582.5 13579.4 13573.7 13569 13565.2 13563.6 13558.4 13552.2 13551.3 13541.6 13533.5 13528.2 13524 13520.7 13517.7 13515 13511.8 13510 13508.6 13508.3 13508.7 13511.3 13518.7 13527.3 13538.1 13551.7 13566.9 13582.1 13585.5 13577.4 13568 13557.4 13544.1 13552.3 13558.4 13571 13564.8 13554.8 13543.4 13530.4 13513.5 13516.8 13519.1 13518.6
13671.8 13669.2 13666.8 13668 13668.1 13666.4 13667.1 13667.6 13668 13668.4 13671 13672.2 13671 13668.2 13663.1 13658.2 13641.1 13623.1 13608 13597.9 13593.8 13591 13587.4 13583.2 13578.4 13575 13571.2 13565.7 13559.7 13551.7 13542.8 13541.2 13538.5 13534.1 13527.7 13523.9 13521.1 13518.5 13516.5 13513.8 13512.4 13511.4 13510.9 13510 13515.2 13519 13528.8 13539.7 13551.4 13562.7 13570.2 13574.6 13575.2 13573.8 13575.8 13574.2 13579.1 13572 13578.2 13573.7 13563.4 13550.1 13533.9 13519.4 13520.7 13521.7 13520.7
13674.6 13670.6 13668.6 13669.6 13670.2 13669.5 13670.2 13670.3 13672.2 13674.9 13678.9 13680.7 13678.8 13676.4 13673.5 13665.6 13652.6 13634.3 13613.3 13598.7 13600.3 13597.5 13591.9 13585.1 13579.3 13575.3 13573.6 13565.8 13554.5 13545.4 13540.3 13535.6 13532.5 13527.6 13525 13523.4 13521.7 13520.3 13518.6 13516.6 13515 13513.5 13512.2 13517.8 13518 13521.9 13529.4 13538.3 13548.3 13559.2 13573.4 13570.8 13571.6 13573.7 13579 13593.9 13603.9 13582.2 13584.8 13581.8 13572 13559.8 13546.4 13536.5 13532 13529.8 13527.3
13673.7 13671.9 13670.2 13671.8 13672.7 13666 13669.3 13672.9 13676.5 13680.1 13682.4 13684.1 13684.3 13683.5 13682.3 13679.1 13664.5 13649.3 13634.1 13625.4 13617.6 13610.1 13600.7 13588.9 13579.9 13575.4 13571.7 13564.1 13554.4 13546 13541.8 13536.6 13530.4 13523.5 13524.1 13524 13523 13521.7 13520.4 13519 13518 13517.1 13517.1 13517 13520 13523.9 13529.4 13534.9 13542.5 13548.5 13549.5 13561.1 13564.6 13567.1 13567.9 13591.8 13601.5 13584.9 13587.8 13588.3 13581.6 13571.7 13562.3 13551.2 13544.8 13540 13535.8
