real_craters/C095-300m.grd
DSAA
210 210
-31.36 31.36
-31.36 31.36
12346.386894472 13733.087190158
[rows 30 to 59 of 210, columns 134 to 200 of 210]
13253.3 13250.1 13248.4 13248.2 13248 13248.3 13248.4 13248.6 13248.1 13247.6 13247 13246.2 13245 13243.3 13244.3 13244.5 13244.7 13245 13245.1 13245 13245.2 13245.5 13245.9 13246.6 13247.6 13248.8 13250.1 13250.5 13250 13249.8 13249.9 13250.4 13250.7 13250.5 13250.9 13251.5 13251.9 13252.1 13252.2 13252.4 13252.4 13252.3 13252.1 13251.7 13251.2 13251.1 13250.2 13248.2 13246.7 13245 13243.1 13241 13238.4 13235.2 13236 13237.2 13237.8 13239.5 13242.8 13241.5 13239.7 13238.7 13237.6 13236.4 13235.1 13233.9 13232.6
13255.9 13252.1 13250.3 13249.3 13250.5 13250.4 13249.4 13249.5 13249.3 13249 13248.6 13248.3 13248.1 13247.6 13246.8 13246.4 13246.3 13246.4 13246.5 13246.6 13246.9 13247.4 13248 13248.9 13249.8 13251.1 13252.7 13253.1 13252.8 13252.8 13253.1 13253.7 13253.9 13253.7 13253.7 13254.3 13254.8 13255.1 13255.4 13255.4 13255.3 13255.3 13255.1 13254.7 13254.2 13253.1 13251.6 13250.9 13250 13248.5 13246.6 13244.7 13243.1 13243 13242.1 13243 13243 13242.4 13241.6 13240.8 13240.6 13240.2 13239.2 13238.3 13237.2 13236.1 13234.9
13259.8 13256.7 13252.7 13249.4 13247.9 13252.6 13252.1 13251.1 13250.5 13250.2 13250 13250.1 13250.6 13250.3 13249 13248.2 13247.7 13247.7 13247.9 13247.9 13248.4 13249.2 13250.1 13250.9 13251.7 13252.4 13253.2 13254.1 13254.8 13255.3 13255.7 13256.1 13256.2 13256.5 13256.8 13257.2 13257.8 13258 13258.1 13258.2 13258.1 13258.1 13258 13257.8 13257.4 13256.1 13254.2 13254.7 13253.9 13252.1 13250.2 13248.4 13247.1 13246.2 13246.4 13248.6 13247.2 13245 13242.4 13241.2 13241.9 13241.5 13241 13240 13239 13238.1 13237
13260.9 13258.4 13254.3 13251.8 13251.9 13253.2 13252.7 13252.1 13251.7 13251.4 13251.1 13251 13251.9 13251.6 13250.3 13249.6 13249 13248.4 13248 13248.8 13249.9 13251.1 13252.2 13253.1 13253.9 13254.4 13253.5 13255.4 13256.8 13257.6 13258.3 13258.7 13259 13259.3 13259.8 13260.1 13260.2 13260.2 13260.2 13260.6 13260.6 13260.7 13260.9 13261 13261.4 13262.1 13262.8 13261 13257.9 13255.6 13253.6 13251.8 13250.4 13249.3 13249.2 13250.7 13249.9 13247.8 13246.4 13245.5 13244.2 13243.3 13243 13242.2 13241.2 13240.5 13239.5
13258.1 13256.3 13254.3 13252.7 13253.4 13254.1 13253 13253 13252.8 13252.5 13252 13251.2 13248.9 13250.1 13251.1 13250.9 13250.4 13249.7 13249 13250.2 13251.9 13253.4 13254.5 13255.5 13256.4 13257.5 13259.3 13259 13259.6 13260.5 13261.2 13261.7 13261 13262.6 13262.9 13263.1 13263 13263.2 13263 13262.8 13262.9 13263.2 13263.4 13263.9 13264.9 13266.8 13269.2 13265.5 13261.4 13258.5 13256.2 13254.5 13253.3 13252.6 13252.5 13253.3 13251.8 13250 13248.7 13247.5 13246.3 13245.5 13245.1 13244.6 13243.9 13243.1 13242.1
13255.1 13254.7 13253.9 13253.5 13254.7 13255.3 13254.3 13254.2 13254 13253.5 13253.1 13252.9 13253.6 13252.6 13252.8 13252.9 13252.7 13252.2 13251.2 13253 13254.8 13256.2 13257.4 13258.2 13258.8 13259.6 13260.9 13261.4 13262.3 13263.3 13264.5 13265.7 13266.8 13267.1 13266.5 13266.1 13265.8 13265.7 13265.6 13265.4 13265.4 13265.5 13265.7 13266 13266.8 13267.7 13268.2 13265.9 13262.7 13260.3 13258.4 13256.8 13255.7 13255.4 13255.3 13254 13253.1 13251.7 13250.2 13247.5 13248.4 13247.7 13247.2 13246.4 13245.7 13245.2 13244.3
13254.9 13254.4 13254 13253.9 13255.9 13256.7 13255.9 13255.5 13255.2 13254.8 13254.5 13254.4 13255 13254.9 13255.1 13255.5 13255.8 13256.2 13257.1 13258 13258.8 13259.7 13260.4 13261 13261.4 13261.3 13261 13263.3 13264.7 13266 13267.2 13269.2 13271.9 13271 13269.4 13268.8 13268.2 13267.9 13267.9 13267.8 13267.5 13267.5 13267.7 13267.7 13267.6 13266.8 13264.8 13263 13262.8 13261.5 13260.1 13258.5 13257.3 13256.5 13256.4 13255.3 13254.2 13253.3 13252.9 13253.9 13251.3 13250 13249.2 13248.4 13247.5 13246.7 13245.8
13254.3 13254.2 13254.5 13254.7 13256.2 13257.8 13257.3 13256.9 13256.5 13256.3 13256 13255.5 13254.2 13256.4 13257.6 13258.5 13259.4 13260.5 13262 13262.9 13263 13263.4 13263.8 13264.1 13264.4 13265 13265.5 13266.1 13267.2 13268.3 13269.5 13271 13271.5 13271.6 13271.2 13270.8 13270.5 13270 13269.7 13269.4 13269.8 13269.5 13269.6 13269.4 13268.8 13267.3 13263.9 13263.3 13264.1 13263.2 13261.7 13259.9 13258.2 13256.3 13254.5 13254.8 13255.1 13254.7 13254.4 13253.5 13252.8 13251.8 13251.4 13250.8 13249.9 13249.3 13248.5
13252.8 13254.7 13255.9 13257.2 13256 13257.2 13257.9 13258 13258.1 13258 13258 13258.4 13259.5 13259.4 13260.4 13261.6 13262.9 13264.2 13265.8 13266.7 13266.7 13266.9 13267.1 13267.3 13267.5 13268 13268.6 13268.8 13269.5 13270.3 13271.2 13272.2 13272.8 13273.1 13272.6 13272.2 13272 13271.7 13271.6 13271.4 13271.4 13271.5 13271.4 13271 13270.6 13270.1 13269.8 13269.2 13267.5 13265.7 13263.5 13261.4 13259.2 13257.2 13255.4 13256.1 13256.6 13256.2 13255.7 13255 13254.1 13253.7 13253.6 13253.2 13252.8 13252.1 13251.3
13256.9 13257.3 13257.7 13257.9 13257.8 13258.9 13258.9 13259.2 13259.4 13259.8 13260.2 13260.1 13260.3 13262.2 13263.6 13265 13266.4 13267.6 13268.7 13269.1 13270 13270.3 13270.5 13270.6 13270.6 13269.7 13269.9 13271.1 13271.6 13272.1 13272.9 13273.2 13274.1 13274.8 13273.4 13273.5 13273.5 13273.5 13273.3 13273.4 13273.3 13273.3 13273.1 13273.2 13273 13273.1 13273.4 13273.2 13270.8 13267.9 13265.4 13263.1 13260.8 13259 13257.5 13258.9 13259 13258.3 13257.4 13255.5 13255.1 13256 13256.2 13256 13255.5 13254.7 13253.6
13261.3 13261.3 13261.1 13261.8 13263.7 13259.9 13260.4 13261 13261.5 13262.1 13262.6 13264.1 13265 13265.4 13266.9 13268.3 13269.9 13271.2 13272.3 13273.1 13273.7 13273.8 13273.7 13273.7 13273.8 13275 13274.2 13273.5 13273.5 13273.6 13273.9 13273.9 13273 13271 13273.6 13274.4 13274.7 13275.2 13275.2 13275.2 13275.1 13275.1 13275 13274.9 13275 13275.2 13275.7 13276 13272.7 13269.5 13266.9 13264.7 13262.8 13261.4 13261.3 13262.4 13261.7 13260.9 13260.4 13259.4 13259.2 13259.5 13259.4 13259.2 13258.5 13257.6 13256.6
13265.7 13267 13266.9 13267.2 13267.3 13262.7 13262.9 13263.5 13263.9 13264.4 13264.9 13265.3 13266.8 13268.5 13270.1 13271.7 13273.3 13274.9 13276.3 13277.6 13277.6 13277.3 13276.8 13276.3 13276 13275.4 13275.6 13275.3 13275.1 13275.2 13275.3 13275.3 13275.2 13275.8 13275.9 13276.2 13276.5 13276.4 13276.4 13276.8 13276.6 13276.6 13276.5 13276.3 13276.1 13276 13275.5 13274.3 13272.5 13270.4 13268.2 13266.3 13264.7 13263.7 13263.6 13264.4 13264.1 13263.7 13263.9 13264 13264.1 13263.7 13262.9 13262.3 13261.3 13260.2 13259
13274.3 13274.7 13274.5 13272 13269.9 13268 13266.9 13266.8 13267.1 13267.5 13267.9 13268 13269.4 13271.5 13273.4 13275 13276.8 13278.6 13280 13280.8 13281.2 13280.6 13279.6 13278.6 13277.6 13277.8 13276.7 13276.6 13276.5 13276.6 13276.6 13277 13277.8 13279.7 13278.4 13277.9 13277.9 13278 13277.8 13277.9 13278.3 13278.3 13278.1 13277.8 13277.4 13276.7 13275.3 13273.3 13272.2 13271 13269.5 13268 13266.5 13265.4 13264.8 13265.4 13265.8 13266.1 13267 13268.1 13269 13267.9 13266.5 13265.6 13264.5 13263.5 13262.2
13282.2 13281.8 13283.2 13277.9 13272.7 13271.7 13270.8 13270.6 13270.9 13271.3 13271.9 13272.1 13273.5 13275.3 13276.9 13278.6 13280.5 13282.1 13283.8 13285.8 13285.1 13283.6 13282.2 13280.7 13279.2 13275.1 13277.5 13277.8 13277.8 13277.9 13278 13278.3 13278.8 13279.1 13279 13278.7 13279.3 13279.6 13279.7 13279.5 13279.9 13279.9 13279.5 13279.1 13278.4 13277.5 13276 13274.2 13273.1 13272.2 13271.1 13269.6 13268.3 13267.2 13266.2 13265.8 13267.2 13268.2 13269.3 13271 13272 13271.1 13269.7 13268.5 13267.2 13266 13264.8
13286.8 13285.6 13283.1 13278.6 13274.9 13274.8 13274.5 13274.5 13274.9 13275.5 13276.5 13277.7 13278.3 13279.3 13280.6 13282 13283.7 13285.3 13286.7 13287.3 13287 13285.8 13284.1 13282.5 13281.8 13283.8 13279.7 13279 13278.9 13279.1 13279.2 13279.4 13279.3 13279.1 13279.3 13279.6 13280.4 13281.1 13281.6 13281.7 13281.4 13281.2 13281.3 13280.8 13280.1 13279.1 13277.8 13276.3 13275.2 13274.2 13273.3 13271.8 13270.5 13269.2 13268 13267.9 13269 13270 13271.4 13273.2 13274.1 13273.7 13272.4 13271.2 13269.8 13268.7 13267.4
13288.4 13288.6 13287.7 13284.8 13281.9 13279.1 13278.4 13278.5 13278.8 13279.6 13280.9 13282.9 13282.6 13283.2 13284.3 13285.7 13287 13288.2 13289.1 13289.7 13289.4 13288 13285.9 13283.5 13280.8 13278.3 13279.8 13280.1 13280.2 13280.4 13280.4 13280.6 13280.2 13279.8 13279.9 13281.1 13282.2 13282.8 13283.3 13283.5 13283.7 13283.1 13282.8 13282.5 13281.9 13281.3 13280.1 13279 13278 13276.9 13275.6 13274.2 13272.8 13271.6 13270.3 13268.7 13270.3 13271.8 13273.3 13275.3 13276.7 13276.1 13274.7 13273.5 13272.3 13271.1 13269.8
13289.6 13291.6 13293 13290.9 13282.7 13282.6 13282.5 13282.5 13282.7 13283.2 13283.5 13283.7 13285.6 13286.7 13287.8 13288.9 13290 13290.9 13291.6 13292.2 13292 13289.7 13287.5 13285 13282.3 13280.4 13280.8 13281.2 13281.4 13281.7 13282 13282.4 13282.1 13280.8 13280.7 13283.4 13284.4 13285.1 13285.3 13285.4 13285.5 13285.6 13285.4 13285.1 13284.6 13283.7 13283 13282.2 13281.3 13279.8 13278.4 13276.9 13275.4 13273.9 13272.9 13272.3 13272.8 13274 13275.2 13276.8 13277.8 13277.4 13276.3 13275.3 13274.3 13273.2 13272.1
13291.9 13293.5 13293.9 13292.8 13289.1 13287.7 13287.4 13287 13286.9 13287 13288 13288.9 13289 13290.1 13291.2 13292 13292.7 13293.2 13293.6 13293.2 13291.9 13290.7 13288.9 13286.9 13285.6 13284.1 13282.8 13282.6 13282.9 13283.3 13283.9 13284.7 13285.2 13286.2 13287.9 13287.4 13287.4 13287.5 13287.5 13287.7 13287.7 13287.8 13287.4 13287.3 13287 13286.4 13285.7 13284.9 13283.8 13282.9 13281.4 13280 13278.5 13277.1 13276.5 13276.4 13276 13276.7 13277.5 13278.4 13278.3 13278 13277.7 13277.2 13276.4 13275.4 13274.2
13295.1 13296 13295.1 13293.2 13295.4 13293.5 13292.7 13292.8 13292 13291 13290.5 13291.3 13292.3 13293.6 13294.7 13295.4 13295.6 13295.8 13295.7 13294.8 13292.8 13292.2 13290.3 13288.1 13286 13284.8 13284.1 13284 13284.3 13285 13285.8 13287.1 13288.5 13290.2 13291 13291.2 13290.6 13290.1 13289.8 13289.8 13289.7 13289.6 13289.9 13289.8 13289.6 13289.2 13288.7 13288.1 13287.3 13286.3 13284.9 13283.4 13282 13280.9 13280.6 13280.4 13279.6 13280.3 13280.5 13280.7 13279.8 13279.2 13279.6 13279.4 13278.9 13278.1 13276.9
13301 13299.1 13297.3 13296.3 13298.1 13298.8 13298.9 13298.8 13298.1 13295.7 13291 13292 13295.7 13297.2 13298.6 13298.8 13298.8 13298.5 13298.1 13297.8 13297.4 13295 13291.5 13288.6 13286.9 13285.3 13284.8 13284.9 13285.5 13286.3 13287.4 13289 13290.7 13293.1 13296.4 13294 13292.7 13292.4 13292.3 13292 13292 13292.1 13292.1 13292.1 13292.1 13292 13291.8 13291.6 13291.3 13290.2 13288.7 13287.1 13285.8 13284.8 13285.3 13286 13286.1 13285.3 13284.5 13284 13283 13282.1 13282.5 13282.3 13281.8 13281.1 13280.2
13308.4 13302.1 13298.8 13298.9 13301.2 13304.5 13306.2 13307 13306.7 13304.9 13301.6 13300.9 13301.9 13302.1 13302.1 13301.4 13300.8 13300.3 13299.6 13299.6 13301.1 13296.5 13291.5 13287.9 13284.2 13284.5 13285.1 13285.8 13286.7 13287.7 13288.9 13290.2 13291.9 13293.4 13294.3 13294.1 13293.9 13293.9 13294.1 13294.2 13294.1 13294.2 13294.4 13294.4 13294.6 13294.8 13294.9 13295 13295 13293.9 13292.2 13290.7 13289.8 13289.5 13289.9 13291.2 13292.1 13290.5 13288.8 13288 13287.2 13286.9 13286.2 13285.6 13285 13284.2 13283.1
13318.6 13312.7 13307 13303 13308.5 13312.8 13314.7 13315.8 13316.9 13317.5 13315.1 13313.8 13311.5 13309.5 13306.9 13305.6 13303.4 13301.6 13300 13298.6 13295.6 13293 13290.4 13287.5 13285.5 13285 13285.8 13286.8 13287.8 13288.9 13290.1 13291.3 13292.4 13292.9 13292.4 13293.2 13294.4 13295.3 13295.8 13296 13296.2 13296.4 13296.6 13296.9 13297.1 13297.3 13297.6 13297.7 13297.8 13296.8 13295.2 13293.8 13293.1 13293.1 13293.4 13294.6 13296 13294.2 13292.4 13291.7 13291 13290.9 13289.9 13289.2 13288.6 13287.8 13286.8
13335.8 13338.6 13336.6 13330.5 13325.6 13324 13323.3 13324.2 13326.1 13330.3 13336.7 13326.7 13319.7 13315.1 13312 13308.9 13306.4 13303.8 13301.1 13297.6 13294.9 13292.3 13289.5 13287.6 13285.2 13286.3 13287.1 13288 13289 13290.2 13291.4 13292.5 13293.3 13293.8 13293.2 13294.1 13296 13297 13297.5 13298.1 13298.3 13298.8 13299.2 13299.5 13299.3 13299.7 13300 13300.1 13299.8 13299 13297.8 13296.4 13295.2 13294.8 13295.4 13296.1 13296.4 13296.3 13295.2 13294.8 13294.1 13293.2 13293.1 13292.8 13292.2 13291.4 13290.4
13343.2 13340 13352.3 13354.8 13341 13333.6 13330.9 13330.4 13331.6 13333.9 13334.9 13331.1 13324.9 13319.8 13315.2 13311.9 13308.6 13305.3 13301.7 13297.6 13292.6 13288.8 13289 13289.5 13290.7 13288.7 13288.8 13289.5 13290.6 13291.7 13292.8 13293.9 13295 13296 13296.9 13297.8 13298.5 13299.4 13299.6 13299.9 13300.3 13300.7 13301 13301.4 13301.6 13302 13302.4 13302.3 13302 13301.3 13300.3 13299 13297.5 13296.9 13297.2 13297.3 13297.4 13298 13297.6 13297.7 13297.5 13297.1 13297 13296.9 13296.4 13295.6 13294.5
13348.8 13342.4 13344.3 13345.4 13342.5 13337.7 13334.9 13333.4 13333.5 13333.5 13332.5 13331 13327.4 13323.4 13319 13315.2 13311.3 13307.6 13303.4 13298.6 13293.5 13289.5 13289.9 13289.2 13288.9 13289.9 13290.4 13291.2 13292.1 13293.2 13294.3 13295.6 13297 13298.7 13300.6 13301.7 13301.6 13301.6 13301.7 13302.1 13302.4 13302.8 13303.4 13303.3 13303.8 13304.3 13304.7 13304.8 13304.6 13304 13303.1 13301.8 13300.4 13299.6 13299.4 13299.1 13298.6 13299.3 13299.9 13300.6 13301.1 13301.6 13301.8 13301.5 13300.9 13300.1 13299
13360.5 13354.5 13349.5 13343.3 13339.7 13337.8 13335.8 13334.9 13333.8 13333.6 13332.9 13330.8 13328.5 13325.4 13322 13318.1 13314.1 13310.1 13306 13301.7 13298.5 13297.2 13293.9 13291.3 13290.1 13291.4 13292.3 13293 13293.8 13294.8 13296 13297.2 13298.7 13300.6 13303.2 13305.3 13303.8 13303.2 13303.4 13303.4 13303.9 13304.3 13305 13305.3 13305.9 13306.6 13307.1 13307.5 13307.6 13307.4 13306.1 13304.7 13303.9 13302.7 13302 13301.6 13301.5 13301.9 13302.5 13303.7 13304.9 13306.1 13306.7 13306.3 13305.6 13304.8 13303.7
13358.2 13353.1 13346 13339.7 13336.5 13336.2 13336.1 13335.5 13333.7 13330.9 13330.3 13330.9 13329.6 13327.4 13323.7 13319.2 13315.5 13311.5 13308 13304.8 13302.4 13299.9 13298.2 13297.1 13295.6 13294.6 13294.6 13295 13295.6 13296.4 13297.4 13298.6 13300 13301.7 13303.3 13303.5 13304.2 13304.1 13304.3 13305 13305.6 13306.5 13307.2 13307.4 13308.2 13309 13309.6 13310 13310.2 13309.8 13308.9 13307.3 13305.8 13305.2 13304.7 13304.4 13304.3 13304.3 13305.2 13306.9 13308.6 13310.2 13311 13310.9 13310.3 13309.5 13308.4
13355.1 13345.3 13331.3 13328.4 13332.4 13335.3 13336.8 13337.5 13336.5 13331.9 13331.5 13333 13331.8 13329.3 13326 13322 13318.3 13315.4 13311.6 13308.1 13305.2 13303.5 13301.1 13300.6 13299 13297.3 13296.6 13296.6 13297 13298 13298.9 13299.8 13300.9 13302.1 13303.1 13304.6 13304.3 13304.8 13305.4 13306.3 13307.1 13307.9 13308.2 13309.1 13310.1 13311 13311.8 13312.5 13312.9 13313.1 13311.9 13310 13308.6 13307.8 13307.6 13307.6 13307.3 13306.7 13308.2 13310.5 13312.5 13314.4 13315.7 13315.4 13315 13314.3 13313.3
13364.8 13345 13335.2 13328.9 13330.7 13334.6 13338.4 13341.2 13343.4 13343.4 13340.9 13338.5 13335.7 13332.1 13328.4 13325.5 13321.6 13317.4 13313.8 13310.4 13307.1 13302.5 13301.2 13300.6 13299.6 13298.8 13298.4 13298.4 13298.8 13299.3 13300 13300.7 13301.5 13302.3 13302.9 13302.6 13303.9 13305.1 13306.2 13307.2 13308.1 13309.2 13310 13311.1 13312.1 13313.1 13314 13314.8 13315.4 13316 13314.5 13312.2 13310.6 13310.7 13311 13311.5 13311.9 13312.3 13312.6 13314.9 13316.8 13318.3 13318.8 13319.7 13319.6 13318.9 13318
13349.9 13337.5 13329.9 13329 13330.7 13335.1 13339.5 13345.2 13351.1 13356.4 13351.4 13345.4 13340.6 13335.7 13331.5 13327.1 13324.2 13320.3 13316.6 13313.1 13310.1 13308 13305.3 13301.1 13300 13299.9 13299.9 13300.1 13300.5 13301 13301.8 13302.4 13302.8 13303.2 13303.4 13303.5 13304.6 13305.8 13307.1 13308.2 13309.6 13310.6 13311.8 13313 13314.2 13315.2 13316.1 13316.9 13317.4 13317.2 13316.2 13314.6 13313.5 13313.8 13314.7 13315.8 13316.8 13317.3 13318.2 13320 13321.7 13323 13324.4 13324.2 13323.8 13323.2 13322.2
