real_craters/C095-750m.grd
DSAA
85 85
-31.36 31.36
-31.36 31.36
12346.378023671 13733.008822774
[rows 25 to 49 of 85, columns 0 to 56 of 85]
1.343e+004 1.343e+004 1.343e+004 1.343e+004 1.342e+004 1.341e+004 1.34e+004 1.339e+004 1.339e+004 1.338e+004 1.337e+004 1.337e+004 1.338e+004 1.34e+004 1.341e+004 1.341e+004 1.341e+004 1.342e+004 1.342e+004 1.341e+004 1.34e+004 1.338e+004 1.336e+004 1.335e+004 1.335e+004 1.337e+004 1.336e+004 1.336e+004 1.337e+004 1.338e+004 1.339e+004 1.339e+004 1.339e+004 1.339e+004 1.337e+004 1.337e+004 1.337e+004 1.336e+004 1.335e+004 1.335e+004 1.335e+004 1.334e+004 1.333e+004 1.333e+004 1.332e+004 1.33e+004 1.327e+004 1.326e+004 1.33e+004 1.333e+004 1.334e+004 1.336e+004 1.336e+004 1.335e+004 1.334e+004 1.333e+004 1.334e+004
1.343e+004 1.343e+004 1.343e+004 1.343e+004 1.343e+004 1.342e+004 1.341e+004 1.34e+004 1.339e+004 1.339e+004 1.338e+004 1.338e+004 1.338e+004 1.338e+004 1.341e+004 1.341e+004 1.341e+004 1.342e+004 1.343e+004 1.342e+004 1.338e+004 1.337e+004 1.336e+004 1.336e+004 1.336e+004 1.338e+004 1.338e+004 1.337e+004 1.337e+004 1.338e+004 1.338e+004 1.339e+004 1.338e+004 1.339e+004 1.338e+004 1.338e+004 1.337e+004 1.336e+004 1.336e+004 1.336e+004 1.336e+004 1.335e+004 1.334e+004 1.334e+004 1.333e+004 1.333e+004 1.334e+004 1.333e+004 1.333e+004 1.334e+004 1.335e+004 1.336e+004 1.337e+004 1.335e+004 1.333e+004 1.334e+004 1.334e+004
1.344e+004 1.343e+004 1.343e+004 1.343e+004 1.343e+004 1.343e+004 1.342e+004 1.341e+004 1.34e+004 1.339e+004 1.339e+004 1.339e+004 1.338e+004 1.338e+004 1.341e+004 1.342e+004 1.341e+004 1.342e+004 1.343e+004 1.343e+004 1.343e+004 1.34e+004 1.338e+004 1.338e+004 1.338e+004 1.339e+004 1.338e+004 1.338e+004 1.339e+004 1.339e+004 1.339e+004 1.339e+004 1.339e+004 1.339e+004 1.337e+004 1.338e+004 1.337e+004 1.337e+004 1.336e+004 1.336e+004 1.337e+004 1.337e+004 1.336e+004 1.336e+004 1.336e+004 1.335e+004 1.335e+004 1.335e+004 1.335e+004 1.335e+004 1.336e+004 1.336e+004 1.336e+004 1.335e+004 1.335e+004 1.335e+004 1.335e+004
1.344e+004 1.344e+004 1.344e+004 1.344e+004 1.344e+004 1.344e+004 1.343e+004 1.342e+004 1.341e+004 1.34e+004 1.34e+004 1.339e+004 1.339e+004 1.34e+004 1.342e+004 1.342e+004 1.342e+004 1.343e+004 1.343e+004 1.343e+004 1.342e+004 1.341e+004 1.339e+004 1.339e+004 1.34e+004 1.341e+004 1.342e+004 1.341e+004 1.34e+004 1.34e+004 1.34e+004 1.34e+004 1.34e+004 1.34e+004 1.339e+004 1.337e+004 1.338e+004 1.338e+004 1.338e+004 1.338e+004 1.339e+004 1.339e+004 1.338e+004 1.338e+004 1.338e+004 1.337e+004 1.335e+004 1.336e+004 1.336e+004 1.337e+004 1.336e+004 1.336e+004 1.337e+004 1.336e+004 1.335e+004 1.335e+004 1.336e+004
1.343e+004 1.344e+004 1.344e+004 1.345e+004 1.345e+004 1.345e+004 1.344e+004 1.343e+004 1.342e+004 1.341e+004 1.341e+004 1.34e+004 1.34e+004 1.34e+004 1.34e+004 1.342e+004 1.342e+004 1.343e+004 1.343e+004 1.343e+004 1.343e+004 1.342e+004 1.341e+004 1.341e+004 1.341e+004 1.341e+004 1.343e+004 1.342e+004 1.341e+004 1.341e+004 1.34e+004 1.34e+004 1.338e+004 1.34e+004 1.341e+004 1.34e+004 1.34e+004 1.34e+004 1.339e+004 1.341e+004 1.342e+004 1.341e+004 1.34e+004 1.34e+004 1.34e+004 1.339e+004 1.337e+004 1.338e+004 1.339e+004 1.338e+004 1.337e+004 1.336e+004 1.335e+004 1.334e+004 1.335e+004 1.336e+004 1.336e+004
1.344e+004 1.344e+004 1.345e+004 1.345e+004 1.346e+004 1.346e+004 1.345e+004 1.343e+004 1.344e+004 1.343e+004 1.342e+004 1.341e+004 1.34e+004 1.34e+004 1.342e+004 1.342e+004 1.343e+004 1.343e+004 1.343e+004 1.344e+004 1.345e+004 1.344e+004 1.343e+004 1.343e+004 1.342e+004 1.343e+004 1.343e+004 1.342e+004 1.341e+004 1.341e+004 1.341e+004 1.342e+004 1.342e+004 1.341e+004 1.341e+004 1.343e+004 1.344e+004 1.344e+004 1.344e+004 1.344e+004 1.344e+004 1.343e+004 1.34e+004 1.339e+004 1.34e+004 1.342e+004 1.343e+004 1.341e+004 1.339e+004 1.34e+004 1.338e+004 1.335e+004 1.334e+004 1.334e+004 1.335e+004 1.336e+004 1.337e+004
1.346e+004 1.346e+004 1.346e+004 1.346e+004 1.347e+004 1.347e+004 1.346e+004 1.346e+004 1.345e+004 1.344e+004 1.343e+004 1.342e+004 1.341e+004 1.34e+004 1.34e+004 1.342e+004 1.343e+004 1.343e+004 1.344e+004 1.344e+004 1.345e+004 1.345e+004 1.344e+004 1.344e+004 1.343e+004 1.343e+004 1.342e+004 1.34e+004 1.341e+004 1.341e+004 1.342e+004 1.343e+004 1.344e+004 1.344e+004 1.347e+004 1.349e+004 1.347e+004 1.344e+004 1.342e+004 1.34e+004 1.34e+004 1.335e+004 1.334e+004 1.333e+004 1.336e+004 1.338e+004 1.341e+004 1.339e+004 1.341e+004 1.34e+004 1.339e+004 1.337e+004 1.335e+004 1.333e+004 1.335e+004 1.336e+004 1.337e+004
1.347e+004 1.347e+004 1.347e+004 1.348e+004 1.348e+004 1.348e+004 1.347e+004 1.347e+004 1.346e+004 1.345e+004 1.344e+004 1.342e+004 1.341e+004 1.34e+004 1.34e+004 1.342e+004 1.344e+004 1.343e+004 1.344e+004 1.345e+004 1.344e+004 1.345e+004 1.344e+004 1.345e+004 1.345e+004 1.345e+004 1.343e+004 1.34e+004 1.341e+004 1.342e+004 1.343e+004 1.344e+004 1.345e+004 1.348e+004 1.35e+004 1.348e+004 1.341e+004 1.337e+004 1.334e+004 1.332e+004 1.329e+004 1.326e+004 1.321e+004 1.321e+004 1.325e+004 1.329e+004 1.333e+004 1.334e+004 1.337e+004 1.339e+004 1.339e+004 1.338e+004 1.337e+004 1.334e+004 1.336e+004 1.336e+004 1.337e+004
1.348e+004 1.348e+004 1.349e+004 1.349e+004 1.349e+004 1.349e+004 1.35e+004 1.349e+004 1.348e+004 1.346e+004 1.345e+004 1.344e+004 1.343e+004 1.341e+004 1.341e+004 1.342e+004 1.344e+004 1.344e+004 1.345e+004 1.345e+004 1.345e+004 1.344e+004 1.344e+004 1.345e+004 1.345e+004 1.345e+004 1.345e+004 1.345e+004 1.343e+004 1.343e+004 1.344e+004 1.344e+004 1.346e+004 1.35e+004 1.347e+004 1.344e+004 1.337e+004 1.333e+004 1.325e+004 1.317e+004 1.308e+004 1.301e+004 1.3e+004 1.303e+004 1.308e+004 1.312e+004 1.319e+004 1.324e+004 1.331e+004 1.337e+004 1.341e+004 1.34e+004 1.338e+004 1.337e+004 1.337e+004 1.337e+004 1.338e+004
1.349e+004 1.349e+004 1.35e+004 1.351e+004 1.351e+004 1.352e+004 1.352e+004 1.352e+004 1.351e+004 1.349e+004 1.347e+004 1.345e+004 1.344e+004 1.343e+004 1.342e+004 1.342e+004 1.343e+004 1.345e+004 1.345e+004 1.345e+004 1.345e+004 1.343e+004 1.344e+004 1.345e+004 1.345e+004 1.346e+004 1.346e+004 1.345e+004 1.343e+004 1.343e+004 1.345e+004 1.346e+004 1.347e+004 1.347e+004 1.345e+004 1.342e+004 1.33e+004 1.322e+004 1.309e+004 1.296e+004 1.281e+004 1.272e+004 1.277e+004 1.282e+004 1.287e+004 1.29e+004 1.3e+004 1.311e+004 1.322e+004 1.333e+004 1.343e+004 1.348e+004 1.343e+004 1.339e+004 1.338e+004 1.338e+004 1.338e+004
1.35e+004 1.351e+004 1.351e+004 1.352e+004 1.353e+004 1.355e+004 1.354e+004 1.354e+004 1.353e+004 1.351e+004 1.348e+004 1.346e+004 1.345e+004 1.344e+004 1.342e+004 1.342e+004 1.344e+004 1.345e+004 1.346e+004 1.345e+004 1.345e+004 1.345e+004 1.345e+004 1.345e+004 1.345e+004 1.346e+004 1.346e+004 1.341e+004 1.342e+004 1.344e+004 1.347e+004 1.349e+004 1.349e+004 1.347e+004 1.34e+004 1.332e+004 1.312e+004 1.301e+004 1.288e+004 1.274e+004 1.258e+004 1.252e+004 1.258e+004 1.263e+004 1.264e+004 1.27e+004 1.281e+004 1.296e+004 1.31e+004 1.325e+004 1.34e+004 1.348e+004 1.346e+004 1.343e+004 1.34e+004 1.339e+004 1.338e+004
1.352e+004 1.352e+004 1.353e+004 1.354e+004 1.355e+004 1.356e+004 1.357e+004 1.356e+004 1.354e+004 1.352e+004 1.349e+004 1.347e+004 1.346e+004 1.345e+004 1.344e+004 1.343e+004 1.344e+004 1.345e+004 1.346e+004 1.346e+004 1.346e+004 1.346e+004 1.346e+004 1.345e+004 1.345e+004 1.346e+004 1.347e+004 1.341e+004 1.342e+004 1.345e+004 1.348e+004 1.348e+004 1.346e+004 1.341e+004 1.329e+004 1.315e+004 1.287e+004 1.277e+004 1.266e+004 1.252e+004 1.245e+004 1.243e+004 1.246e+004 1.249e+004 1.248e+004 1.252e+004 1.265e+004 1.282e+004 1.298e+004 1.314e+004 1.331e+004 1.343e+004 1.345e+004 1.345e+004 1.344e+004 1.341e+004 1.339e+004
1.353e+004 1.353e+004 1.354e+004 1.355e+004 1.356e+004 1.357e+004 1.359e+004 1.358e+004 1.355e+004 1.353e+004 1.35e+004 1.349e+004 1.348e+004 1.346e+004 1.345e+004 1.344e+004 1.346e+004 1.347e+004 1.347e+004 1.346e+004 1.347e+004 1.347e+004 1.346e+004 1.345e+004 1.345e+004 1.346e+004 1.347e+004 1.345e+004 1.345e+004 1.346e+004 1.348e+004 1.349e+004 1.342e+004 1.332e+004 1.316e+004 1.297e+004 1.266e+004 1.257e+004 1.25e+004 1.242e+004 1.239e+004 1.239e+004 1.24e+004 1.241e+004 1.239e+004 1.241e+004 1.254e+004 1.27e+004 1.284e+004 1.3e+004 1.317e+004 1.337e+004 1.343e+004 1.348e+004 1.346e+004 1.342e+004 1.341e+004
1.354e+004 1.353e+004 1.354e+004 1.355e+004 1.356e+004 1.358e+004 1.359e+004 1.358e+004 1.356e+004 1.354e+004 1.353e+004 1.351e+004 1.349e+004 1.348e+004 1.347e+004 1.347e+004 1.347e+004 1.347e+004 1.347e+004 1.348e+004 1.348e+004 1.348e+004 1.347e+004 1.345e+004 1.345e+004 1.345e+004 1.344e+004 1.345e+004 1.346e+004 1.346e+004 1.347e+004 1.345e+004 1.338e+004 1.325e+004 1.305e+004 1.28e+004 1.251e+004 1.244e+004 1.241e+004 1.238e+004 1.239e+004 1.239e+004 1.239e+004 1.239e+004 1.237e+004 1.24e+004 1.249e+004 1.261e+004 1.273e+004 1.286e+004 1.303e+004 1.331e+004 1.342e+004 1.345e+004 1.345e+004 1.343e+004 1.342e+004
1.355e+004 1.354e+004 1.355e+004 1.356e+004 1.357e+004 1.358e+004 1.358e+004 1.358e+004 1.357e+004 1.356e+004 1.354e+004 1.352e+004 1.35e+004 1.349e+004 1.349e+004 1.348e+004 1.348e+004 1.348e+004 1.347e+004 1.348e+004 1.349e+004 1.348e+004 1.347e+004 1.345e+004 1.345e+004 1.345e+004 1.345e+004 1.346e+004 1.346e+004 1.346e+004 1.344e+004 1.339e+004 1.332e+004 1.316e+004 1.291e+004 1.267e+004 1.247e+004 1.238e+004 1.237e+004 1.237e+004 1.239e+004 1.24e+004 1.24e+004 1.24e+004 1.239e+004 1.243e+004 1.247e+004 1.255e+004 1.265e+004 1.276e+004 1.292e+004 1.32e+004 1.34e+004 1.342e+004 1.344e+004 1.344e+004 1.342e+004
1.356e+004 1.354e+004 1.355e+004 1.357e+004 1.358e+004 1.358e+004 1.36e+004 1.36e+004 1.359e+004 1.357e+004 1.355e+004 1.353e+004 1.351e+004 1.35e+004 1.349e+004 1.349e+004 1.349e+004 1.349e+004 1.348e+004 1.349e+004 1.35e+004 1.349e+004 1.348e+004 1.346e+004 1.345e+004 1.346e+004 1.347e+004 1.346e+004 1.344e+004 1.345e+004 1.343e+004 1.338e+004 1.328e+004 1.308e+004 1.281e+004 1.259e+004 1.242e+004 1.239e+004 1.237e+004 1.237e+004 1.242e+004 1.245e+004 1.244e+004 1.24e+004 1.239e+004 1.241e+004 1.246e+004 1.252e+004 1.26e+004 1.269e+004 1.285e+004 1.313e+004 1.335e+004 1.342e+004 1.346e+004 1.348e+004 1.344e+004
1.357e+004 1.356e+004 1.357e+004 1.358e+004 1.359e+004 1.36e+004 1.362e+004 1.362e+004 1.36e+004 1.359e+004 1.356e+004 1.354e+004 1.352e+004 1.351e+004 1.351e+004 1.35e+004 1.35e+004 1.35e+004 1.349e+004 1.35e+004 1.351e+004 1.35e+004 1.349e+004 1.349e+004 1.348e+004 1.348e+004 1.348e+004 1.347e+004 1.346e+004 1.346e+004 1.344e+004 1.337e+004 1.324e+004 1.303e+004 1.278e+004 1.255e+004 1.241e+004 1.238e+004 1.237e+004 1.239e+004 1.252e+004 1.251e+004 1.247e+004 1.242e+004 1.238e+004 1.24e+004 1.244e+004 1.25e+004 1.258e+004 1.266e+004 1.283e+004 1.312e+004 1.335e+004 1.343e+004 1.35e+004 1.356e+004 1.349e+004
1.359e+004 1.359e+004 1.359e+004 1.359e+004 1.36e+004 1.361e+004 1.363e+004 1.363e+004 1.361e+004 1.359e+004 1.357e+004 1.354e+004 1.353e+004 1.352e+004 1.352e+004 1.353e+004 1.352e+004 1.351e+004 1.351e+004 1.35e+004 1.351e+004 1.35e+004 1.35e+004 1.35e+004 1.35e+004 1.349e+004 1.349e+004 1.349e+004 1.349e+004 1.349e+004 1.346e+004 1.337e+004 1.32e+004 1.3e+004 1.276e+004 1.254e+004 1.24e+004 1.239e+004 1.238e+004 1.24e+004 1.255e+004 1.252e+004 1.246e+004 1.241e+004 1.237e+004 1.24e+004 1.245e+004 1.251e+004 1.259e+004 1.268e+004 1.287e+004 1.313e+004 1.336e+004 1.345e+004 1.35e+004 1.353e+004 1.348e+004
1.359e+004 1.359e+004 1.359e+004 1.359e+004 1.36e+004 1.361e+004 1.362e+004 1.363e+004 1.361e+004 1.359e+004 1.357e+004 1.355e+004 1.353e+004 1.353e+004 1.353e+004 1.354e+004 1.354e+004 1.353e+004 1.352e+004 1.352e+004 1.351e+004 1.351e+004 1.35e+004 1.35e+004 1.35e+004 1.35e+004 1.351e+004 1.351e+004 1.35e+004 1.351e+004 1.351e+004 1.342e+004 1.325e+004 1.302e+004 1.277e+004 1.255e+004 1.24e+004 1.238e+004 1.237e+004 1.237e+004 1.244e+004 1.245e+004 1.243e+004 1.239e+004 1.241e+004 1.242e+004 1.247e+004 1.254e+004 1.262e+004 1.272e+004 1.291e+004 1.317e+004 1.34e+004 1.346e+004 1.348e+004 1.346e+004 1.344e+004
1.36e+004 1.36e+004 1.36e+004 1.36e+004 1.359e+004 1.36e+004 1.361e+004 1.361e+004 1.361e+004 1.359e+004 1.358e+004 1.356e+004 1.354e+004 1.354e+004 1.354e+004 1.355e+004 1.355e+004 1.354e+004 1.353e+004 1.353e+004 1.352e+004 1.351e+004 1.35e+004 1.35e+004 1.35e+004 1.351e+004 1.351e+004 1.351e+004 1.351e+004 1.353e+004 1.353e+004 1.344e+004 1.327e+004 1.306e+004 1.283e+004 1.26e+004 1.243e+004 1.24e+004 1.237e+004 1.235e+004 1.236e+004 1.238e+004 1.238e+004 1.236e+004 1.236e+004 1.243e+004 1.251e+004 1.26e+004 1.268e+004 1.278e+004 1.301e+004 1.326e+004 1.344e+004 1.349e+004 1.349e+004 1.347e+004 1.345e+004
1.36e+004 1.36e+004 1.36e+004 1.36e+004 1.359e+004 1.36e+004 1.36e+004 1.361e+004 1.36e+004 1.359e+004 1.357e+004 1.356e+004 1.355e+004 1.355e+004 1.355e+004 1.356e+004 1.356e+004 1.355e+004 1.354e+004 1.354e+004 1.353e+004 1.352e+004 1.351e+004 1.35e+004 1.351e+004 1.351e+004 1.351e+004 1.351e+004 1.351e+004 1.352e+004 1.352e+004 1.344e+004 1.329e+004 1.312e+004 1.292e+004 1.27e+004 1.249e+004 1.24e+004 1.238e+004 1.235e+004 1.236e+004 1.236e+004 1.236e+004 1.235e+004 1.237e+004 1.246e+004 1.257e+004 1.267e+004 1.278e+004 1.292e+004 1.315e+004 1.332e+004 1.347e+004 1.351e+004 1.35e+004 1.349e+004 1.346e+004
1.36e+004 1.36e+004 1.361e+004 1.36e+004 1.36e+004 1.361e+004 1.361e+004 1.361e+004 1.36e+004 1.359e+004 1.357e+004 1.356e+004 1.355e+004 1.356e+004 1.356e+004 1.356e+004 1.356e+004 1.356e+004 1.355e+004 1.354e+004 1.353e+004 1.352e+004 1.351e+004 1.351e+004 1.351e+004 1.351e+004 1.351e+004 1.352e+004 1.352e+004 1.352e+004 1.35e+004 1.345e+004 1.333e+004 1.32e+004 1.303e+004 1.283e+004 1.262e+004 1.244e+004 1.241e+004 1.237e+004 1.237e+004 1.237e+004 1.237e+004 1.238e+004 1.242e+004 1.254e+004 1.266e+004 1.278e+004 1.29e+004 1.305e+004 1.325e+004 1.342e+004 1.355e+004 1.353e+004 1.349e+004 1.346e+004 1.345e+004
1.36e+004 1.361e+004 1.361e+004 1.361e+004 1.361e+004 1.362e+004 1.362e+004 1.362e+004 1.36e+004 1.359e+004 1.358e+004 1.357e+004 1.356e+004 1.356e+004 1.357e+004 1.357e+004 1.357e+004 1.356e+004 1.356e+004 1.355e+004 1.354e+004 1.353e+004 1.353e+004 1.352e+004 1.352e+004 1.352e+004 1.352e+004 1.351e+004 1.351e+004 1.351e+004 1.352e+004 1.35e+004 1.344e+004 1.33e+004 1.317e+004 1.304e+004 1.282e+004 1.259e+004 1.247e+004 1.244e+004 1.243e+004 1.243e+004 1.245e+004 1.247e+004 1.253e+004 1.265e+004 1.279e+004 1.291e+004 1.304e+004 1.319e+004 1.338e+004 1.351e+004 1.357e+004 1.353e+004 1.347e+004 1.344e+004 1.344e+004
1.361e+004 1.361e+004 1.362e+004 1.361e+004 1.361e+004 1.362e+004 1.363e+004 1.363e+004 1.361e+004 1.359e+004 1.358e+004 1.357e+004 1.357e+004 1.357e+004 1.357e+004 1.357e+004 1.357e+004 1.356e+004 1.356e+004 1.356e+004 1.355e+004 1.354e+004 1.353e+004 1.353e+004 1.353e+004 1.352e+004 1.352e+004 1.352e+004 1.351e+004 1.352e+004 1.352e+004 1.352e+004 1.347e+004 1.338e+004 1.329e+004 1.319e+004 1.302e+004 1.283e+004 1.267e+004 1.258e+004 1.257e+004 1.257e+004 1.26e+004 1.263e+004 1.27e+004 1.282e+004 1.294e+004 1.307e+004 1.319e+004 1.332e+004 1.348e+004 1.359e+004 1.355e+004 1.351e+004 1.346e+004 1.343e+004 1.343e+004
1.362e+004 1.362e+004 1.361e+004 1.362e+004 1.363e+004 1.364e+004 1.364e+004 1.363e+004 1.362e+004 1.36e+004 1.359e+004 1.357e+004 1.357e+004 1.357e+004 1.357e+004 1.357e+004 1.357e+004 1.356e+004 1.356e+004 1.356e+004 1.355e+004 1.354e+004 1.354e+004 1.354e+004 1.353e+004 1.353e+004 1.352e+004 1.352e+004 1.352e+004 1.352e+004 1.352e+004 1.351e+004 1.348e+004 1.343e+004 1.337e+004 1.33e+004 1.318e+004 1.306e+004 1.296e+004 1.284e+004 1.279e+004 1.274e+004 1.28e+004 1.285e+004 1.292e+004 1.3e+004 1.311e+004 1.323e+004 1.334e+004 1.349e+004 1.361e+004 1.36e+004 1.354e+004 1.349e+004 1.346e+004 1.344e+004 1.343e+004
