real_craters/C095-300m.grd
DSAA
210 210
-31.36 31.36
-31.36 31.36
12346.386894472 13733.087190158
[rows 150 to 179 of 210, columns 67 to 133 of 210]
13519.8 13519.4 13519.8 13520.5 13520.4 13520.6 13521.8 13523.4 13525.9 13527.9 13528.4 13531 13534 13537.8 13541 13543 13544.1 13548.4 13554.1 13558.4 13561 13563.8 13566 13568.4 13577.1 13584.3 13586.1 13586.8 13582.8 13577.7 13577.8 13588.7 13592.3 13589.9 13585.4 13579.8 13574 13568.5 13562.9 13558.3 13554.6 13551 13547.7 13544.5 13541.3 13538.3 13534.7 13531.1 13526.3 13520.8 13515.4 13516.8 13525.7 13524.5 13514.7 13503.9 13504.3 13507.3 13502.4 13503.6 13505.9 13508.3 13510.9 13513.9 13518.1 13518.3 13515.2
13521.4 13520.9 13520.9 13521.2 13522.4 13524 13526 13526.8 13526 13524.9 13526.3 13529 13532.3 13535.7 13539 13542.2 13545.5 13548.4 13552.3 13555.9 13559 13562.2 13565.6 13572.3 13583.3 13583.7 13580.7 13579.6 13580 13584.5 13595.4 13600.1 13599 13595.8 13590.8 13585.5 13580.1 13574.1 13570.7 13567.5 13563 13558.4 13554.6 13551.1 13547.7 13544.8 13541.2 13537.3 13533.6 13529.3 13525.2 13527.3 13534.7 13532 13522 13508.6 13513 13517.4 13508.5 13508.6 13511.2 13513.7 13515.9 13517.5 13517.5 13519.1 13518.5
13522.9 13522.4 13522.3 13522.7 13524.1 13526 13528.8 13532.2 13527.3 13522.8 13524.5 13527.6 13530.8 13534 13537.6 13542 13546.3 13548.6 13551.1 13554.1 13557.3 13560.2 13563.3 13565.5 13564.9 13565.8 13568.8 13571.8 13574.9 13580.5 13591.9 13607.4 13603.8 13599.2 13594.3 13590.4 13585.9 13580.9 13578.3 13576.7 13569.5 13564.9 13561.5 13558.1 13554.7 13552 13548.2 13545 13541.7 13539.1 13536.5 13537.1 13539.6 13537.9 13533 13530.3 13524.5 13511.3 13511.7 13514.7 13517 13519.4 13521.1 13521.8 13521.3 13521.9 13521.2
13524.3 13523.9 13523.8 13524.4 13525.6 13526.9 13528.7 13532 13528.2 13523.5 13524.3 13526.8 13529.5 13532.6 13536.1 13540.4 13545.3 13547.7 13550 13553.1 13556.4 13559.1 13561.1 13560.5 13554.1 13555.6 13560.9 13564.6 13568.2 13572.7 13579.3 13601.2 13601.8 13599.6 13596.6 13593.5 13590.8 13588.8 13581.8 13573.1 13572.6 13570.3 13567.4 13564.2 13561 13557.8 13555.3 13552.8 13550.9 13549.5 13548.4 13546.8 13544.5 13543.7 13541.9 13539.3 13533.3 13523 13521 13522.6 13524.4 13525.9 13527.2 13527.9 13527.1 13526.4 13524.7
13525.8 13525.9 13525.1 13525.8 13527.2 13528.4 13529.8 13531.8 13529 13525.8 13525.6 13527.2 13529.5 13532 13534.6 13537.4 13541 13545.3 13548.9 13552.4 13555.4 13557.9 13559.5 13559.7 13552.9 13550.6 13555.8 13559.4 13562.3 13566.4 13576.6 13589.1 13595.4 13597 13596.7 13594.7 13592.1 13589.3 13584.5 13578.6 13577.9 13575.8 13572.7 13569.2 13565.8 13563.7 13561.1 13559.2 13558.3 13558.3 13559.1 13556.2 13553.2 13549.8 13548.3 13545.7 13540.5 13536.6 13533.5 13532.3 13532.5 13532.6 13533.8 13534.5 13533.7 13530.5 13527
13527.6 13528.8 13530.1 13529.5 13529.5 13530.3 13531.6 13533.2 13530.5 13527.7 13527.6 13529 13530.6 13532.3 13533.8 13535.2 13538.7 13544.1 13549.1 13553.1 13556.5 13558.7 13559.2 13557.6 13555.4 13558.6 13556.9 13556.6 13557.2 13558.8 13561.8 13578.6 13588.3 13593.6 13595.7 13595.1 13592.3 13589.4 13589.6 13588.5 13586.2 13582.9 13578.8 13574.7 13571 13567.8 13565.6 13564.2 13563.1 13562.1 13560.2 13555.3 13554.6 13550.4 13550.8 13553.2 13541.5 13547.6 13543.7 13540.7 13539 13538.1 13538.5 13539.7 13538.7 13533.2 13528.6
13528.6 13529.9 13532.2 13531.7 13531.2 13531.7 13532.1 13533 13532.4 13531.2 13531.1 13531.5 13532.5 13533.8 13534.8 13535.6 13538.8 13544.7 13549.9 13554.3 13557.9 13560.2 13560.9 13560 13558.7 13558.8 13556 13554.7 13553.7 13553.6 13555.8 13568.4 13583.7 13590.9 13594.8 13596.8 13597.2 13596 13597.7 13597.5 13595.3 13589.5 13583.4 13578 13574 13571 13569.1 13567.9 13566.7 13564.3 13557.2 13545.2 13539.9 13546.3 13547.5 13543.5 13536.6 13550.7 13550.3 13547 13544.1 13541.5 13540.4 13539.6 13538.4 13532.8 13528.7
13529.2 13529.4 13529.5 13530.9 13532 13533.2 13534.5 13535.1 13535.1 13534.9 13534.5 13534.3 13534.8 13535.9 13537.5 13539.4 13542.6 13547 13551.7 13556.1 13559.8 13562.7 13564.5 13564.7 13560.1 13554.3 13553.8 13553.1 13552.1 13552.2 13554.3 13569.9 13582.9 13588.9 13593.7 13597.8 13603.2 13605.1 13604.1 13607.9 13603.6 13593 13585.5 13579.9 13576 13573.4 13571.5 13570.8 13570.2 13569.6 13563.6 13550.2 13544.7 13550.2 13551.6 13551.8 13561.9 13560.2 13555.3 13551.2 13547.7 13544.8 13542.1 13533.6 13530.8 13531.4 13528.2
13530 13529.4 13529.7 13531.2 13532.9 13534.6 13535.9 13537.7 13538 13537.8 13537.4 13536.9 13537.2 13538.4 13540.9 13544.6 13547.1 13550.2 13554.4 13558.8 13562.8 13565.8 13567.9 13567.5 13560.6 13555.8 13554.3 13553.4 13553.1 13552.8 13555.3 13564 13578.1 13586.1 13591.8 13595.2 13597.4 13600.1 13601.2 13602.1 13597.8 13589.7 13584 13579.5 13576.2 13573.9 13572.4 13571.9 13572.1 13571.9 13570 13566.1 13562.2 13561.6 13563.5 13559.9 13557.1 13560.5 13557.2 13552.9 13549.2 13546.6 13546.1 13546.7 13539.3 13532.2 13527
13531.2 13530.1 13530.2 13532.2 13534.3 13536.4 13538.7 13541.3 13541.3 13540.3 13539.4 13538.9 13539.7 13540.8 13542.4 13546.5 13549.4 13553.3 13557.7 13562.2 13565.9 13569.1 13570.7 13569 13564.3 13560.1 13557 13554.8 13554.2 13555.3 13558.7 13565.1 13575.4 13583.7 13590.1 13593.5 13591 13593.2 13594.4 13589.6 13583.1 13581.9 13579.3 13576.3 13573.5 13571.8 13570.9 13571.1 13573 13574.7 13572.6 13570.8 13569.6 13570.5 13572.2 13564 13560.7 13560 13556.6 13552.2 13548.3 13545.5 13545.8 13548.4 13540.1 13531 13524.2
13532.8 13532.2 13532.6 13534.2 13536.3 13538.6 13541.6 13545.5 13545.2 13542.8 13540.1 13541.3 13542.7 13543.6 13543.8 13543.5 13550.4 13556.2 13561.5 13566.3 13570.5 13573.6 13574.9 13572.2 13570.1 13565.8 13560.5 13557.4 13556.7 13557.7 13561.6 13570.7 13574.5 13581.6 13588.8 13596.2 13601.2 13596.9 13590.7 13583.2 13575.5 13575.9 13574 13571.8 13569.6 13568.4 13567.6 13567.4 13569.3 13577.3 13576.4 13572 13571.8 13573 13577.8 13566.9 13558.6 13557.4 13554.4 13550.1 13545.4 13541.9 13538.2 13534.7 13530.9 13525.7 13520.5
13534.9 13534.3 13535 13536.8 13539.1 13541.5 13544.3 13550 13550.5 13548.2 13545.6 13546.4 13547.1 13547.6 13548.4 13551.5 13555 13560.2 13565.3 13570.2 13574.6 13578.2 13580.7 13578.8 13575.5 13568.9 13563.1 13560.3 13558.6 13558.5 13560.3 13563.3 13573.4 13577.3 13584.4 13593.5 13603.4 13595.2 13586.4 13580.7 13579.6 13571.9 13568.2 13566 13564.4 13563.4 13562.5 13561.3 13559.3 13556.4 13563.6 13570.5 13570.1 13568.7 13559.9 13558.4 13555.2 13555.7 13552.5 13547.4 13541.5 13536 13528.5 13521.4 13521 13519 13516.1
13537.1 13535.9 13536.7 13539.4 13542.5 13546.5 13551.5 13557.1 13556.9 13555.1 13554 13552.9 13552.7 13553 13553.1 13554.5 13560 13565 13569.8 13574.4 13578.4 13581.9 13584.8 13581.6 13579.6 13571.9 13565.8 13563.2 13561.2 13559.6 13558.5 13556 13561.9 13568.8 13575.3 13581.2 13584 13582.2 13576.7 13572.1 13568.7 13563.7 13560.5 13559.7 13559.4 13559.1 13558.1 13556.2 13552.5 13548.6 13555.3 13561.3 13564.5 13566.5 13569.4 13562.4 13565.6 13557.3 13550.7 13544.1 13537.2 13531.1 13522.9 13514.6 13515.5 13514.3 13512.1
13539.2 13537.9 13538.7 13541.5 13545.6 13550.3 13556.4 13561.6 13562.2 13560.7 13559.2 13558.4 13558.3 13559.3 13560.9 13563 13566.4 13570.3 13574.4 13578.3 13581.7 13584 13584.6 13580.5 13577.8 13573.7 13569.2 13566.1 13563.4 13561.4 13559.8 13559.6 13556.8 13560.4 13564.5 13568.1 13569.6 13568 13563.7 13558.5 13554.6 13550.4 13550.7 13552.4 13553.6 13554.6 13554.3 13553.5 13550.1 13547.9 13549.2 13554.5 13555.5 13559.7 13562.2 13551.9 13560.1 13554.6 13547.4 13540.3 13533.6 13527.9 13522.5 13519.1 13513.7 13511.6 13509.7
13541.6 13539.5 13540.6 13543.5 13548 13552.5 13558.3 13564.2 13565.9 13564.9 13563.4 13562.5 13563 13565.1 13568.3 13570.8 13572.7 13575.5 13578.9 13582.1 13584.9 13586.4 13585.4 13583.9 13580.2 13577 13572.3 13568.7 13565.8 13563.3 13561.4 13560.5 13558.1 13554.3 13554.9 13555.3 13555.7 13555.1 13551.7 13544.9 13534 13535.3 13541.6 13545.8 13548.6 13551 13552.2 13552.5 13549.8 13544.1 13537.3 13536.2 13542.1 13547.3 13551.5 13558.4 13553.2 13547.5 13542.3 13536.9 13531 13525.6 13517.5 13512.8 13512.2 13510 13507.4
13544.4 13541.9 13542.8 13545.4 13549.9 13554.9 13561.2 13567 13569.6 13568.2 13565.4 13564.3 13566 13569.6 13573.2 13575.7 13577.5 13579.7 13582.4 13585.7 13588.5 13590.1 13589.3 13587.3 13588.8 13581.2 13575.3 13571.5 13568.3 13565.4 13562.4 13559.6 13552.9 13548.5 13549 13546.7 13545.5 13546.5 13544 13539.1 13533.5 13533.9 13537.9 13542 13545.4 13548.5 13551.2 13553.6 13554 13545.2 13530.3 13525.5 13530.1 13534.6 13535.5 13531.1 13536.1 13538.6 13536.6 13533.1 13528.8 13525.4 13519.8 13515.2 13512.6 13510 13507.1
13547.1 13544.8 13545 13547.3 13550.9 13555.4 13563.4 13572.8 13576.1 13571 13566.3 13564.4 13567.5 13572.6 13578.5 13579.9 13580.7 13582.5 13585.1 13588.3 13591.6 13593.8 13592.3 13587.2 13587.2 13583 13578.1 13573.7 13570.2 13566.8 13563.5 13559.2 13554 13550.9 13548.6 13546.9 13544.9 13543.2 13540.9 13537.9 13536 13536.4 13537.1 13540 13543.3 13546.5 13549.5 13553.1 13556.7 13547.7 13525.6 13519.4 13522.8 13525.7 13526 13528.4 13531.5 13532.9 13532.2 13530.5 13527.7 13526.4 13524.8 13519.3 13514.2 13510 13506.5
13549.4 13546.2 13547.3 13549.5 13552.7 13557 13564.4 13572.3 13574.6 13571.9 13567.4 13564.9 13567.8 13572.6 13578.5 13580.2 13581.6 13583.8 13586.6 13590 13593.8 13596.6 13594.6 13589.4 13587.6 13583.7 13578.7 13575.1 13571.9 13568.4 13564.8 13560.9 13555.9 13553.5 13549.7 13548.3 13545.6 13542.8 13540.2 13537.8 13535.9 13535.8 13536.4 13538.7 13541.4 13544 13546.3 13548.7 13548.8 13539.5 13523.7 13519.2 13521.3 13523.4 13526.1 13528.7 13530.8 13530.8 13529.9 13528.1 13527.2 13525.2 13523.5 13519 13514 13509.6 13506
13553.2 13550.2 13550.8 13552.4 13555.3 13559.1 13565.7 13571.9 13575.1 13572.6 13568.9 13566.4 13567.5 13570.1 13573.8 13577.4 13580.6 13583.7 13586.7 13590.1 13593.9 13598.1 13597.6 13593.1 13589.6 13585.1 13580.7 13577.2 13573.6 13570.1 13566.6 13563.5 13561.3 13552.3 13549.5 13547.5 13545.5 13543 13540.5 13538.1 13534.9 13532.5 13535.7 13538.4 13540.4 13541.8 13542.7 13542.5 13541.5 13534.9 13525.7 13522.9 13524 13527.1 13529.4 13530.4 13530.2 13529.8 13528.5 13526.8 13525.9 13522.7 13517.7 13516.5 13513.6 13510 13506.3
13558 13555.1 13555.1 13557.1 13559.8 13563.1 13568.2 13573 13575.1 13573.6 13570.6 13568 13567.6 13567.8 13569.6 13574.9 13579.2 13582.8 13585.9 13588.6 13591.1 13593.7 13593.9 13592.2 13589 13585.4 13582.8 13579 13574.8 13571.1 13567.8 13564.6 13560.6 13553.2 13550.1 13548.1 13546.4 13543.9 13541.8 13539.7 13537.5 13534.8 13538.2 13539.6 13540.2 13540.4 13539.7 13537.5 13532.4 13532.3 13530.4 13528 13527.2 13528 13528.2 13531.5 13530.5 13529.1 13527.5 13525.7 13525.2 13522.4 13518.5 13516.2 13513.4 13510 13506.2
13562.6 13559.9 13560.1 13562.3 13565.9 13569.2 13572 13574.8 13576.4 13574.9 13572.3 13570.3 13568.9 13568.4 13569.9 13574.7 13579.1 13582.6 13585.1 13586.8 13587.2 13585.6 13583.7 13585.8 13585.1 13583.2 13581.1 13578.2 13574.4 13570.9 13567.6 13564.3 13560.6 13552.4 13550.9 13551.4 13547.9 13545.3 13543.5 13542.6 13542.8 13546.5 13543.5 13541.7 13541 13540.1 13538.6 13536.2 13534.1 13534.8 13536.2 13532.2 13529.7 13528 13528.8 13531.1 13530.2 13528.7 13527.2 13525.6 13525.5 13524 13521.6 13517.9 13514.4 13510.9 13507.1
13565.8 13563.7 13564.7 13567.8 13571.8 13574.5 13575.6 13576.7 13577.7 13576.1 13574.1 13572.1 13571.9 13572 13573.6 13577 13580.4 13583.1 13585 13585.8 13585.1 13582.8 13582.5 13581 13580.3 13579.5 13578.1 13575.9 13572.9 13569.9 13566.9 13563.8 13559.9 13553.8 13550.9 13548.9 13547.6 13546.1 13544.8 13544.3 13544.8 13545.4 13544.3 13542.7 13541.6 13540.5 13539.1 13537.1 13535 13535.9 13535.9 13534.1 13532.1 13530.9 13531 13530.6 13529 13527.7 13526.2 13524.8 13525.3 13524.5 13522.5 13518.3 13514.4 13510.5 13506.6
13568.6 13567.4 13569.3 13572.7 13576.8 13578.7 13578.5 13578 13576.9 13576.4 13576.4 13576.7 13577 13577.6 13578.9 13580.7 13582.9 13584.6 13585.8 13586.2 13585.4 13583.1 13578.7 13575.7 13576.3 13575.9 13574.8 13573 13570.5 13568.2 13565.8 13563.2 13560.2 13557 13553.4 13549.6 13547.7 13546.5 13545.5 13545 13544.6 13543.7 13543.1 13542.7 13542 13541.1 13540.5 13539.7 13538.7 13537.6 13536.7 13535.2 13533.5 13531.2 13527.9 13527.5 13527.4 13526.7 13525.6 13524.5 13525 13523.1 13520.7 13517.8 13514.4 13510.6 13506.9
13572.6 13571.8 13573.9 13577.3 13580.1 13581.4 13581 13579.7 13578 13577.8 13579 13580.3 13581.5 13582.7 13583.9 13584.9 13586 13586.9 13587.4 13587.4 13586.5 13583.6 13577.2 13574.9 13574.3 13573.3 13571.6 13569.3 13567.9 13566.4 13564.6 13562.8 13560.9 13560 13554.9 13550.3 13547.9 13546.9 13546 13545.4 13544.6 13543.5 13542.8 13542.7 13542.3 13541.9 13541.6 13541.7 13540.7 13538 13536.6 13535.7 13534.6 13532.3 13528.5 13526.5 13526.5 13526 13524.9 13525.1 13524.2 13523.7 13520.9 13517.3 13514.2 13510.7 13507
13577.4 13576.6 13579 13582.6 13585.4 13585.3 13584.1 13582.5 13581.2 13581.2 13582.5 13584.1 13586 13588.3 13588.9 13589 13589.3 13589.4 13589.4 13589.1 13588.1 13584.5 13578.5 13576.1 13574.1 13572.3 13570 13567.4 13566.5 13565.3 13563.7 13561.6 13559.8 13557.7 13552.5 13549.5 13548 13547.2 13546.4 13545.8 13544.8 13543.7 13543 13542.9 13542.8 13542.7 13542.3 13541.6 13539.7 13536.4 13535.7 13536.1 13536 13533.8 13530.7 13528.6 13527.4 13526.2 13524.6 13524.3 13522.9 13521.1 13519 13516.3 13513.7 13510.5 13507.1
13581.6 13582.1 13584.7 13588.3 13591.6 13589.8 13587.5 13585.7 13584.7 13585 13586.3 13588.7 13591.3 13594.2 13593.3 13592.7 13592.2 13591.6 13591.1 13590.3 13588.9 13585.8 13580.5 13577.4 13574.7 13572.4 13570.2 13568.3 13566.3 13564.5 13562.6 13560.5 13557.9 13553.4 13548.4 13548.3 13548.2 13547.8 13547.2 13546.6 13545.7 13544.6 13543.8 13543.7 13543.7 13543.3 13542.8 13541.8 13539.8 13537.5 13536.2 13536.3 13536.8 13533.9 13534 13531.3 13528.8 13526.8 13524.8 13523.9 13521.4 13518.8 13517.2 13515.7 13513.8 13511 13507.8
13588.9 13590.1 13591.1 13592.7 13594.3 13592.4 13590.4 13588.8 13587.5 13587 13589.8 13593.3 13596.6 13595.9 13596 13595.3 13594.4 13593.9 13593 13591.6 13588.9 13584.7 13580.9 13577.9 13575.3 13572.8 13570.5 13568.3 13566.1 13564 13562 13559.8 13557.2 13553.9 13550.7 13549.2 13548.7 13548.3 13547.9 13547.5 13546.9 13546.1 13544.9 13545.4 13544.9 13544.1 13543.3 13542.3 13539.6 13537.6 13536 13535.4 13534.9 13532.3 13530.3 13531.2 13529.9 13528 13525.8 13524.7 13521.1 13517.2 13516.8 13515.9 13514.4 13511.5 13508.2
13606.6 13602.9 13599 13595.8 13594.3 13593.7 13593.2 13592.4 13591.4 13591.3 13593.7 13596.6 13599.1 13599.3 13598.6 13597.7 13596.6 13595.6 13594.4 13592.9 13590.4 13584.4 13580.7 13578.6 13576.2 13573.6 13570.9 13568.2 13565.8 13563.9 13561.9 13559.5 13557.2 13555.5 13552.1 13550.4 13549.6 13549.3 13549 13548.9 13548.8 13548.8 13549.5 13547.9 13546.3 13545 13543.4 13541.6 13538.5 13535.2 13535.3 13534.6 13532.5 13532.1 13533.7 13532.4 13531.5 13530.1 13528.2 13527 13523.3 13520 13518.9 13517.7 13516.1 13513.1 13509.8
13631.7 13618.2 13608.2 13599.7 13595.4 13596.3 13597.1 13597.3 13597.1 13597.1 13598.6 13599.8 13600.5 13601.6 13600.7 13599.4 13598.1 13597 13595.6 13594 13591.7 13586 13583 13580.1 13577.5 13574.8 13571.9 13568.9 13566.3 13564.1 13561.7 13559.3 13556.9 13554.6 13552.6 13551.2 13550.8 13550.6 13550.5 13550.4 13550.4 13550.6 13551 13549.5 13547.6 13545.9 13544.1 13541.2 13539.5 13537.3 13536.8 13536.4 13536.2 13535.8 13535.1 13534.3 13533.6 13532.7 13531.5 13531.1 13527.8 13524 13522.8 13520.7 13517.9 13514.6 13510.8
13643.7 13630.5 13618.6 13607.3 13601.8 13602.4 13603.1 13603.4 13603.7 13603.8 13604.2 13603.3 13602.7 13603.6 13601.5 13600.1 13598.9 13597.8 13596.4 13594.2 13591.2 13586.1 13583.4 13581.6 13579 13576.2 13573.3 13570.4 13567.6 13565 13562.4 13559.8 13557.1 13554.5 13552.5 13552.1 13552.2 13552.3 13552.2 13551.8 13551.7 13551.6 13551.2 13549.8 13548 13546.4 13545.7 13545.4 13542.4 13540.7 13539.3 13538.6 13537.5 13536 13535.9 13536 13536.2 13536 13535.6 13536.5 13536.1 13533.5 13528.4 13524.2 13520.3 13516.4 13512.4
