real_craters/C095-500m.grd
DSAA
126 126
-31.36 31.36
-31.36 31.36
12346.617155718 13733.008817342
[rows 90 to 119 of 126, columns 0 to 66 of 126]
13672.2 13671.9 13673.5 13674.7 13677.6 13680.8 13671.7 13676.6 13680.8 13684 13688.5 13688.6 13688 13686.9 13687.1 13683.2 13674.7 13664.6 13656.8 13650.3 13637.6 13626 13614.8 13600.1 13587.3 13577.1 13568.4 13563 13555.7 13549.3 13543.4 13538 13533.5 13530.9 13527 13526.2 13525.2 13524.1 13522.7 13521.9 13520.7 13520.3 13521.1 13522.1 13524.5 13526.1 13527.2 13531.8 13537.5 13542.1 13546.8 13554.1 13559.9 13565 13573.8 13588.4 13583.8 13581.1 13586.6 13595.5 13591.1 13582.7 13573.1 13565.4 13558.4 13552.1 13546.5
13672.6 13672.8 13673.8 13681.1 13680.5 13672.3 13680.9 13681.5 13684.9 13687.4 13687.5 13689.4 13689.8 13687.6 13691.1 13688.6 13682.5 13675.5 13669.5 13664.3 13652 13641.3 13631.3 13622.2 13601.1 13579.8 13565.2 13561.9 13557 13550.6 13545.2 13543.5 13536.3 13531.2 13529 13528.5 13527.4 13526.2 13525 13524.1 13523.2 13522.6 13523.3 13526 13531.6 13526 13523.9 13529.3 13534.7 13541.5 13547.8 13551.7 13556.9 13561.7 13563.8 13563.7 13569.6 13575.2 13590.2 13605.3 13598 13590.5 13584.2 13578.7 13570.1 13563.5 13557.9
13676.3 13675.5 13678.3 13680.8 13681.5 13686.4 13684.6 13686.9 13688.8 13690.7 13691.1 13690.4 13689.2 13687.7 13691.6 13692.6 13687.9 13682 13675.7 13666.5 13661 13653.7 13643.7 13628.1 13607 13582.9 13566.9 13563.8 13559.6 13555.8 13544.3 13538.5 13536.4 13535.2 13533.1 13531.5 13530.1 13528.9 13527.5 13526.5 13525.4 13525.1 13525.8 13528 13531.1 13527.9 13525.2 13528.3 13532.7 13537.7 13544.1 13550 13555.3 13559.4 13559.5 13549.9 13558.9 13564.2 13578.1 13595.3 13597.4 13594.4 13590.5 13581.7 13576.7 13572.6 13567.5
13679.4 13678 13681.3 13684.2 13685.6 13690 13692.3 13692 13692.3 13693.6 13694.1 13691.7 13689.3 13689 13692.8 13693.7 13690.5 13685.6 13680.2 13674.3 13669.2 13665 13658.4 13647.1 13614.8 13586.4 13569.9 13564.8 13560.2 13557 13545.2 13539 13537.5 13537 13535.8 13534.8 13532.9 13531.2 13529.3 13528.1 13528.3 13531.5 13530.9 13530.9 13533.5 13530.9 13529.1 13530.9 13533.3 13534.8 13541.8 13550.7 13556.9 13559.8 13555.6 13560.6 13555.7 13555.1 13558.1 13581.6 13593.3 13595.8 13590 13593.4 13590.5 13582.9 13575.1
13682.8 13679.9 13680 13681.5 13684.6 13690.5 13695.2 13693.9 13693.3 13694.6 13694.1 13691.4 13689.3 13689.2 13691.7 13693.8 13692 13688 13683.2 13677.1 13674.4 13673.7 13670.6 13657.4 13622.1 13587.3 13569 13564.8 13559 13554.8 13551.5 13544.9 13541.5 13541.8 13541.6 13538 13535.6 13533.6 13531.9 13530.2 13529.3 13529.4 13531.2 13533.3 13536 13535.5 13534.9 13534.9 13536.7 13539.9 13545.8 13553.4 13560 13564.6 13564.1 13554.2 13553.5 13552.2 13554.2 13580.2 13590.4 13597.6 13605.9 13604.9 13603.6 13587.5 13578.3
13682.4 13675.9 13679 13680.1 13684.2 13687.4 13690.8 13691 13688.7 13691.5 13692.9 13687.8 13687.6 13689.5 13694.9 13695.7 13693.2 13689.6 13685.5 13681 13679.3 13679.3 13676.5 13660.8 13625.3 13585.5 13566.2 13562.2 13556 13553.9 13553.5 13547.3 13543.8 13542.6 13542.1 13539.6 13537.6 13536.6 13534.7 13532.8 13531 13529.5 13532.5 13535.8 13539.6 13540.6 13539.6 13539 13540.8 13547.2 13551.3 13558.4 13565.1 13569.8 13567.5 13559.2 13555.4 13554 13557.9 13572 13586.3 13593.4 13590.9 13594.6 13585.2 13581.3 13576.1
13686.7 13684.6 13681.2 13682.9 13687.2 13687.7 13692 13688.7 13680.3 13667.6 13671.2 13680.2 13685 13688.5 13696.3 13695.1 13692.8 13690.2 13687.3 13684.4 13682.9 13681.8 13678.7 13664.4 13633.6 13592.8 13568.5 13556.8 13552.1 13551.3 13549.6 13547.4 13544 13541.9 13540 13540.7 13541.6 13540.9 13538.9 13536.1 13534.1 13533.8 13536 13539.6 13545.8 13547.3 13541.8 13544.3 13545.7 13549 13555.8 13564.6 13572.2 13577.3 13574.4 13567.4 13559.8 13557.5 13561.2 13571.9 13582 13596.3 13601.6 13586.6 13577.4 13572.1 13568.1
13691.7 13687.2 13682.1 13683.9 13686.9 13689.1 13692.2 13689.2 13682 13666 13668 13679.4 13685.3 13687.8 13685.1 13692 13691.7 13689.7 13687.2 13684.3 13680.7 13680.8 13678.4 13668.5 13650.3 13626.6 13589.1 13558.7 13552.3 13552.6 13551.1 13549.5 13546.8 13545 13543.5 13545.6 13549.1 13548.4 13545 13541.1 13537.6 13536.4 13540.5 13547 13556.1 13557.6 13555.1 13553.7 13554.2 13555.6 13564 13571.9 13578.8 13584.2 13580.1 13572.6 13564.6 13561.2 13558.5 13557.5 13569 13578.8 13580.7 13572.8 13566.3 13559.4 13558.1
13695.4 13688.3 13683.1 13681.5 13683.7 13688.4 13692.1 13692.2 13691.6 13697.9 13690.6 13687.2 13689.5 13693.7 13696 13692.5 13691.6 13690 13687.6 13684.3 13680.1 13678.6 13675.6 13670.9 13665 13654.9 13609.4 13566.9 13565.7 13562.3 13563.7 13566 13560 13561.8 13551 13560.5 13565 13561.3 13554.6 13547 13541.4 13539.5 13543.9 13551.6 13561.6 13565.3 13563 13562 13565 13569.9 13573.6 13579.2 13584.2 13585.6 13582.3 13576.6 13569.5 13564.5 13561.1 13559.9 13555.3 13557.1 13557.3 13551.4 13536.1 13541 13547.6
13699.4 13694 13685.1 13683.6 13688.2 13689.4 13691.5 13692.5 13693.6 13693 13693.4 13692.3 13692.8 13694.6 13693.9 13693.1 13692.2 13690.8 13688.6 13685.4 13680.3 13676.3 13671.8 13668.7 13667.2 13658.4 13626.2 13593.1 13603.7 13621.5 13613.2 13605.5 13601.1 13601.3 13608.9 13600.7 13590 13578.4 13566.1 13554.7 13546.5 13543.6 13547.2 13555 13566.9 13572.4 13566.2 13565.6 13572.8 13578.2 13580.5 13585 13590 13592.4 13587.8 13582.7 13574.2 13568.2 13563.1 13555.5 13548.9 13546.3 13544.5 13540.8 13535.1 13536.5 13542.1
13703.5 13699.3 13690.6 13685.1 13687.2 13691.6 13694.2 13695.8 13695.6 13693.3 13694.7 13694.9 13695 13694.4 13696.3 13694.6 13693.3 13692.1 13690.4 13688.5 13686.8 13679.2 13669.9 13666.1 13662.6 13655.4 13641.7 13632.8 13641.6 13657.9 13654.8 13645.7 13645.6 13643.6 13644.3 13635.9 13615.3 13596.1 13578.4 13563 13550.8 13547.2 13550.6 13557.1 13569.1 13574 13568 13566.4 13573.7 13579.6 13582.8 13587.6 13593.8 13597 13589.7 13584.2 13576.4 13571.2 13565.4 13558.7 13552 13548.3 13543.6 13539.2 13535.6 13535.6 13539.5
13708.7 13704.5 13699.4 13699 13692.7 13697.1 13700.4 13702.1 13699.7 13698.2 13697.5 13697.5 13697.7 13697.6 13695.2 13694.9 13694.9 13693.6 13692.1 13690.5 13688.7 13682.3 13675.9 13669.5 13661.3 13652.2 13653.8 13654.5 13659.8 13666.1 13666.9 13667.3 13669.8 13668.3 13667.5 13657 13634.1 13610.6 13589.3 13571.2 13558 13554.3 13557 13561.8 13570.8 13575 13570.6 13567.4 13568.2 13574.8 13581.5 13586.8 13591.4 13596.5 13592.5 13585.7 13580.7 13573.5 13567.8 13562.2 13551.7 13547.3 13544.5 13540.9 13536.9 13536.8 13539.7
13715.5 13714.5 13704.5 13702.4 13703.9 13704.4 13704.5 13703.9 13702.1 13700.7 13700.1 13700.2 13700.5 13700.8 13699.1 13698.4 13697.6 13696 13694.1 13691.4 13687.2 13681.8 13676.4 13674.2 13672.6 13669.1 13665.5 13667.2 13670.5 13671.8 13672.2 13674 13675.2 13675.9 13675.8 13667.4 13645.6 13622.1 13598.8 13578.8 13565 13562.1 13566.2 13571.9 13575.1 13577.1 13573.4 13569.9 13570 13575.4 13581.6 13585.4 13585.8 13582.8 13583.1 13581.3 13578.1 13572.7 13567.4 13561.7 13551.8 13549.4 13546.4 13543.9 13544.3 13545.4 13542
13718 13716 13698.7 13705.3 13715.1 13709.2 13706.4 13706.9 13702.2 13701.1 13701 13701.7 13702.6 13703 13704 13703.3 13701 13698.6 13695.7 13692.8 13689.6 13686.5 13682.7 13679.4 13676.4 13675.2 13673.2 13672.9 13674.6 13676.1 13675.5 13676.2 13676.5 13677.2 13677.2 13670.5 13652.6 13630.5 13607.1 13585.4 13569.9 13569.1 13574.5 13579.3 13578.6 13576.3 13576.9 13577.9 13579 13581.5 13584.5 13586.3 13585.7 13580.1 13575.4 13575.3 13573 13569.3 13565.6 13561.4 13557.8 13549.9 13546.9 13545.3 13544.6 13543 13542.5
13717.5 13717.9 13713.1 13712.3 13710.3 13707.2 13704.5 13701.6 13700.3 13700.6 13702.1 13703.1 13704.6 13706.7 13706.7 13706.1 13702.9 13700.2 13697.4 13694.3 13691.7 13689 13686.3 13684.3 13684.5 13680.3 13677.8 13676.4 13678 13677.4 13677.9 13677.5 13675 13674.7 13678 13673.2 13659 13638.8 13616 13592.9 13577.4 13577.1 13582.7 13584.8 13582.8 13580.6 13581.9 13584.5 13587.8 13588.6 13589 13589.1 13588 13579.6 13575.4 13572.5 13568.2 13566.3 13563.8 13560.6 13556.7 13549.7 13547.4 13546.3 13544.8 13543 13542.9
13715.5 13714 13716.5 13711.8 13707.7 13703.5 13702.7 13700.9 13703 13703.3 13703.2 13704.3 13705.5 13706.3 13706.4 13704.7 13703.8 13701.8 13698.8 13695.7 13692.4 13689.6 13688.4 13688 13687.1 13685.4 13682.2 13678.1 13673 13676.5 13678.7 13680.3 13680.8 13682.3 13680.6 13675.1 13665.5 13648.7 13628.2 13603.9 13585.2 13587.2 13591.7 13591.8 13588.1 13586.2 13588.1 13593.5 13595 13594.3 13593.2 13591.8 13589 13582.7 13576.9 13572.7 13569.1 13565.6 13562.4 13558.4 13551.3 13548.5 13548.1 13547.5 13546.3 13544.6 13544.4
13714.6 13714.2 13714.3 13709.3 13705.3 13702.6 13703.8 13705.1 13707.6 13702.9 13703.3 13704.9 13707 13707.8 13707.6 13706.4 13705.5 13703.1 13700.2 13697.4 13694.4 13691.5 13690.8 13690.7 13690.6 13688.9 13687.2 13685 13682.1 13681 13683.6 13683.6 13682 13680.5 13683.6 13682.6 13674.2 13660.5 13645.7 13631 13613.9 13603.3 13595.7 13594.1 13593.7 13592.5 13594.5 13598.6 13599.7 13598.2 13596.4 13594.4 13591.2 13582.2 13578.2 13573.9 13569.3 13565.2 13561.7 13557.8 13555 13550.5 13549.6 13549.3 13549.3 13549.9 13547.7
13716.9 13712.7 13713.1 13707.9 13705.7 13704.9 13706 13707.4 13703.1 13701 13703.2 13704.8 13706.6 13708.3 13709.4 13711.5 13707.8 13704.3 13701.7 13699.6 13697.8 13696.3 13695.3 13693.7 13692.1 13692.2 13692.2 13692 13690.2 13686.3 13684.7 13684.2 13684.6 13686 13686.8 13688.6 13681.9 13671.3 13661.9 13656.1 13644.8 13622.8 13604.2 13601.6 13602.7 13603.1 13603.6 13602.5 13602.9 13600.2 13598.2 13595.9 13591.4 13584.1 13580.8 13576.2 13571.3 13566.6 13562.4 13558 13553.6 13552 13552.2 13552 13551.6 13551.4 13549.2
13719.9 13718.2 13719.9 13711.6 13707.4 13706.7 13707.1 13707.2 13703.1 13703.5 13703.9 13704.5 13704.2 13705.7 13707.3 13708.5 13705.6 13704.2 13702.6 13701.3 13700.7 13701.9 13699.7 13697.4 13695.3 13696 13696.3 13697 13693 13687.8 13685.7 13685.1 13685.5 13683 13686.2 13687.1 13683.8 13677.7 13671.5 13665 13654.4 13641.4 13628.6 13618.9 13614.3 13613 13612.1 13605.1 13600.3 13599.9 13599 13597.3 13594.9 13589.5 13584.5 13579.3 13574.5 13569.6 13564.5 13559.6 13556.8 13555 13555.6 13555 13553.8 13551.8 13549.3
13725.3 13724.5 13723.9 13716.1 13710.1 13709 13707.5 13707.2 13706.4 13705.8 13705.7 13705.7 13706 13705.8 13706 13706.2 13705.8 13704.8 13703.9 13702.7 13701.6 13701.7 13704.5 13703.5 13701.7 13699.8 13698.7 13696.4 13691.6 13688.4 13690.1 13691.5 13688.1 13687.4 13687.3 13686.7 13684.5 13681.2 13677.2 13673.2 13665.2 13656.8 13650.8 13635.8 13624.9 13614.5 13604.7 13606.1 13601.6 13599.8 13598.1 13596.9 13594.6 13591.4 13587.4 13582.8 13577.9 13573.5 13566.8 13561.5 13558.3 13562.1 13559.9 13558.3 13556.3 13553.8 13551.8
13726.3 13727.2 13725.1 13718.5 13713.2 13708.4 13707.7 13707.8 13708.3 13707.8 13707.6 13707.9 13707.2 13707.4 13707.1 13706.4 13705.9 13705.9 13705.2 13704.7 13704.3 13705.9 13708 13706.8 13704.8 13702.3 13700.2 13697.7 13695.2 13693 13690.8 13689 13689.9 13689.8 13688.8 13687.3 13685.4 13683.3 13679.4 13674 13669.3 13662 13653.6 13645.8 13635.5 13622.5 13604.4 13602.2 13604.4 13602 13599.6 13596.5 13591.5 13590.3 13590.5 13586.2 13579.9 13572.6 13568.1 13565.1 13564.2 13565.9 13563.7 13562.3 13560.6 13557.9 13556.2
13729.1 13728.5 13725 13718 13714.7 13712.9 13709.2 13708.1 13709 13709.4 13709.1 13709.7 13712.2 13709.6 13708.4 13707.8 13707.6 13707.3 13707.2 13707.1 13707.6 13708.4 13707.7 13704.8 13704.2 13702.8 13701.2 13699.3 13696.4 13694 13693.4 13693.6 13691.9 13690.1 13688.9 13688.1 13687 13685.6 13682.4 13677.9 13672.7 13668.7 13663 13654.7 13648.6 13643.2 13636.7 13603.2 13605.8 13605.8 13606.4 13602.1 13594.3 13601.4 13599.9 13592.4 13583 13571.3 13569.9 13569.7 13569 13566.7 13567.2 13567.6 13567.3 13566.4 13566.6
13729.2 13729.7 13724.2 13716.6 13715 13713.1 13709.5 13705.3 13708.8 13709.9 13709.4 13708.8 13708.3 13709.7 13709.8 13709.2 13708.3 13709.2 13709 13708.5 13708.2 13707.3 13704.8 13704.8 13703.3 13702.3 13701.7 13699.8 13696.9 13694.9 13694.4 13695.9 13692.7 13690 13688.3 13688.4 13687.5 13687.5 13686.4 13681.8 13674.8 13668.6 13665 13660.6 13659.6 13660 13660.1 13623.9 13609.7 13612.7 13620.1 13628.1 13637.2 13630.4 13613.3 13600.2 13589 13581.5 13576.3 13573.7 13572.7 13571.6 13572.1 13574 13574.7 13576 13579.1
13729.5 13729.7 13726.6 13719.1 13715.2 13714.1 13710.3 13707 13708.6 13709.5 13709.8 13709.3 13709.2 13710.8 13712.2 13712.6 13711.9 13712.8 13711 13709.2 13708.1 13706.6 13706 13703.3 13702.6 13701 13699.7 13698.7 13695.7 13694.2 13693.6 13693.3 13692.7 13691 13689.1 13688.8 13688.1 13688.1 13690.4 13688.5 13674.5 13659.9 13657.2 13661.7 13664.7 13666.4 13661.2 13636.4 13620.4 13623.1 13634.2 13649.3 13648.2 13636.8 13620 13605.3 13593.6 13585.4 13581.2 13580 13580.2 13582.2 13582.7 13581.4 13580.6 13581.1 13581
13728.7 13725.6 13723.8 13716.6 13715.5 13714.8 13712.9 13714.1 13710.8 13710.8 13711.2 13711.7 13712.1 13713.3 13715.3 13718.6 13726 13716.9 13712.5 13709.4 13706.1 13706.5 13705.4 13705.6 13702.7 13699.4 13695.6 13693.9 13693.4 13691.5 13692.7 13693.4 13693 13692.7 13691.2 13687.5 13685.7 13683.2 13683 13681 13673.4 13660.7 13660 13664.2 13668.1 13669.4 13666 13655.3 13642.2 13639.3 13641.9 13641.2 13645 13633.4 13619.9 13607 13595.8 13586.8 13584.3 13588 13589.8 13590.8 13589.9 13587.2 13585.2 13583.7 13582.2
13728 13726.1 13724.1 13720 13718.9 13720.4 13717.9 13716.1 13715.8 13713.9 13712.4 13711.8 13713.2 13715 13717 13718.6 13716.5 13716.1 13712.6 13709 13706.8 13706.8 13707.5 13705.5 13702.9 13698.7 13695.1 13692.9 13692.6 13693.3 13693.3 13693.5 13692.4 13690.6 13690.2 13682.1 13673.7 13673.6 13677 13676.7 13674.3 13671.8 13668.1 13668 13669.5 13670.6 13670.2 13662.6 13653.7 13647.8 13645.5 13647.5 13634.3 13624.2 13614.4 13605.4 13596.8 13589.1 13588.1 13599 13597.8 13593 13592.4 13590.1 13587 13584.3 13582
13728.9 13727.2 13722.6 13721.8 13721.4 13721.6 13719.7 13717.5 13714.4 13713.5 13713.1 13712.6 13713.9 13716.1 13717.9 13718.9 13719.4 13716.7 13712.6 13708 13705 13706.6 13710.2 13708.7 13703.8 13699.1 13694.3 13692.8 13692.5 13692.6 13692.3 13691.2 13688.8 13685.4 13677 13677.4 13674.4 13675.1 13675.8 13675.6 13674.8 13673.8 13671.7 13670 13669.7 13669.1 13667.9 13659.1 13646.7 13635.6 13636.4 13639.2 13616.3 13612.2 13608.6 13604.2 13599.6 13596.4 13597.7 13602.9 13600.7 13596.3 13595.4 13591.6 13587.8 13584.4 13580.3
13729.8 13729.2 13726.8 13724.1 13722.8 13722.1 13717.5 13709.9 13712.5 13712.9 13714.1 13716.4 13716.9 13717.7 13718.6 13719.3 13719 13717.2 13713.6 13708.8 13703.5 13706.5 13707 13706.4 13703.7 13700 13696.3 13693.3 13691.7 13691.5 13691.1 13689.1 13687.3 13682.3 13678.4 13677.3 13680.9 13682.4 13679.7 13675.9 13674.4 13672.8 13671.5 13670.5 13669 13667.6 13663.7 13659.6 13645.3 13630.9 13624.8 13609.3 13603.9 13604.7 13604.2 13602.8 13601.6 13602.4 13605.4 13605.6 13601 13595.7 13593.6 13590.6 13588.6 13586.8 13582.9
13730.6 13727 13728.4 13727.1 13725.6 13723.8 13721 13717.7 13712.6 13712.6 13713 13716.8 13717.9 13718.5 13719 13719.4 13719.8 13718.3 13715.7 13713.6 13711.5 13708.6 13707 13704.6 13703 13700.5 13698 13692.9 13689.2 13686.7 13684.8 13684.8 13683.6 13678.9 13675.1 13675.8 13678.7 13677.9 13671.9 13673.3 13674.1 13673.2 13671.5 13669.9 13669 13667.3 13665.9 13664.5 13653 13648.2 13627.1 13609.7 13604.6 13601.6 13601.3 13602.1 13603.1 13605.4 13606.5 13606 13601.2 13593.6 13585.2 13590 13590.9 13590.3 13587.9
13732.7 13729.9 13729.8 13729.5 13729.1 13725.8 13721.7 13715.9 13711.6 13707.5 13712.6 13718 13718.3 13719.1 13719.3 13719.3 13718.7 13717.4 13716.5 13715.4 13713.4 13709.9 13707 13705.7 13702.5 13699 13694.8 13691 13686.5 13681.1 13676.6 13677.2 13675.2 13675.8 13673.5 13673.7 13676.5 13677.2 13679.4 13673.8 13670.2 13670.5 13669.3 13668.8 13667.8 13666.3 13661.8 13653 13653.9 13645.6 13636 13610.5 13603.1 13601.7 13602.3 13603.5 13605.1 13607.8 13610.7 13608.4 13604.5 13599.3 13595.7 13596.5 13597.2 13596.4 13594.1
