real_craters/C096-300m.grd
DSAA
215 215
-32.0775 32.0775
-32.0775 32.0775
3581.2784622085 5290.1261189445
[rows 150 to 179 of 215, columns 134 to 200 of 215]
4732.6 4724.68 4718.63 4714.88 4716.46 4721 4725.95 4729.76 4732.31 4733.95 4735.33 4737.35 4735.36 4730.23 4726.04 4722.47 4719.37 4717.24 4718.35 4718.59 4717.82 4716.44 4716.87 4715.1 4713.17 4711.07 4709.21 4706.9 4704.35 4701.9 4699.4 4696.87 4694.32 4691.22 4688.62 4686.03 4683.44 4680.87 4678.31 4675.25 4672.81 4670.44 4668.11 4665.72 4662.92 4660.14 4658 4655.96 4654.69 4655.17 4655.89 4656.87 4657.89 4659.03 4659.87 4661.74 4661.98 4663.04 4664.68 4665.42 4666.25 4667.86 4669.04 4669.95 4671.31 4673.47 4674.83
4730.51 4724.07 4719.61 4717.86 4718.52 4721.94 4725.51 4728.68 4731.76 4734.29 4735.9 4737.06 4735.88 4732.15 4728.35 4724.79 4721.47 4719.36 4720.94 4720.9 4719.96 4718.51 4717.76 4715.92 4713.87 4711.69 4709.55 4707.2 4704.65 4702.18 4699.69 4697.18 4694.66 4692 4689.47 4686.96 4684.47 4682.02 4679.62 4678.12 4675.76 4673.54 4671.61 4669.69 4667.47 4664.53 4662.31 4658.9 4656.57 4656.53 4656.62 4657.2 4657.97 4658.93 4659.01 4659.79 4660.52 4661.93 4664.03 4664.57 4665.74 4668.32 4669.61 4671.66 4673.12 4677.04 4678.73
4728.12 4722.82 4719.09 4718.4 4719.7 4722.57 4726.73 4730.08 4733 4734.76 4735.12 4734.11 4733.85 4732.51 4730.17 4727.52 4724.59 4721.88 4724.46 4723.99 4722.01 4720.66 4718.85 4716.63 4714.35 4712.01 4709.78 4707.35 4704.89 4702.41 4699.94 4697.46 4694.99 4693.06 4690.61 4688.17 4685.77 4683.41 4681.11 4678.44 4676.49 4674.79 4673.6 4672.61 4672.42 4672.39 4670.99 4665.08 4660.61 4658.59 4657.46 4657.46 4657.89 4658.58 4657.38 4658.52 4659.74 4660.7 4661.73 4663.85 4665.11 4668.47 4669.94 4673.05 4674.77 4676.6 4679.83
4725.29 4720.76 4716.66 4715.95 4719.57 4724.06 4728.83 4734.84 4737.48 4735.12 4734.32 4734.57 4733.45 4732.87 4732.03 4730.9 4729.43 4728.16 4729.37 4728.2 4723.86 4722.46 4719.93 4717.47 4714.98 4712.47 4709.98 4707.41 4704.93 4702.61 4700.15 4697.71 4695.28 4692.33 4689.95 4687.63 4685.37 4683.18 4681.1 4678.86 4677.12 4675.66 4674.55 4674.33 4675.43 4678.7 4679.08 4669.63 4663.55 4660.12 4658.35 4658.12 4658.56 4659.34 4658.62 4658.96 4661.1 4662.24 4663.46 4664.77 4666.98 4668.43 4671.56 4673.25 4675.81 4677.99 4681.22
4723.35 4719.85 4716.28 4716.03 4720.56 4724.99 4729.24 4732.81 4733.05 4733.54 4732.3 4731.46 4732.25 4733.14 4733.7 4734.19 4734.95 4735.45 4733.63 4731.29 4726.31 4723.23 4720.33 4717.6 4715.02 4712.74 4710.3 4707.88 4705.47 4703.07 4700.09 4697.68 4695.29 4692.94 4690.28 4687.99 4685.64 4683.5 4681.46 4679.54 4677.79 4676.25 4674.82 4674.12 4673.47 4673.6 4671.82 4665.95 4662.11 4659.47 4658.42 4658.6 4658.94 4659.81 4660.84 4661.44 4662.58 4663.61 4663.94 4665.29 4669.47 4671.01 4673.43 4675.62 4678.21 4680.55 4682.94
4722.3 4720.78 4720.03 4720.36 4722.77 4726.54 4730.03 4732.42 4733.47 4733.58 4731.12 4728.35 4731.61 4733.83 4735.28 4736.55 4738.21 4739.74 4735.78 4732.66 4726.41 4723.17 4720.68 4717.79 4715.17 4712.47 4709.94 4707.46 4705 4702.56 4700.23 4697.85 4695.82 4693.48 4690.4 4688.13 4685.77 4683.63 4681.59 4679.66 4677.83 4676.09 4674.13 4672.18 4669.39 4663.98 4658.16 4658.39 4657.86 4657.74 4658.02 4658.84 4659.43 4660.41 4661.47 4661.82 4662.86 4663.97 4664.71 4665.87 4667.25 4671.85 4673.8 4675.71 4677.94 4680.21 4682.85
4721.59 4721.34 4723.19 4723.68 4724.82 4727.81 4731.46 4735.47 4739.01 4736.63 4734.35 4733.47 4733.92 4735.4 4736.66 4737.48 4737.54 4736.29 4733.73 4731.42 4725.81 4722.78 4720.51 4717.29 4714.6 4711.95 4709.37 4706.83 4704.33 4701.87 4699.48 4697.76 4695.38 4693.03 4690.63 4688.37 4686.18 4684.05 4681.99 4680.01 4678.07 4676.12 4674.04 4671.02 4665.68 4661.07 4655.6 4655.69 4655.21 4656.56 4657.83 4659.07 4660.19 4661.29 4662.36 4663.44 4663.67 4664.69 4665.43 4666.61 4669.19 4672.8 4674.58 4676.08 4678.2 4680.64 4683.21
4720.07 4719.75 4721.37 4722.75 4724.87 4728.18 4732.24 4736.57 4739.88 4739.09 4736.53 4735.49 4736.87 4737.44 4737.82 4737.85 4736.34 4730.03 4730.01 4729.18 4725.33 4722.89 4720.9 4717.84 4715.04 4712.4 4710.13 4707.57 4705.03 4702.53 4699.94 4697.5 4695.09 4692.74 4690.43 4688.5 4686.32 4684.2 4682.14 4680.14 4678.17 4676.17 4673.93 4671.31 4666.75 4664.19 4661.46 4659.8 4657.85 4657.96 4658.69 4659.99 4661.25 4662.31 4663.28 4664.24 4665.22 4666.8 4667.97 4669.22 4672.63 4674.06 4675.74 4677.45 4679.4 4681.47 4683.81
4716.95 4716.1 4716.49 4719.37 4722.88 4727.27 4731.94 4736.43 4739.06 4742.17 4742.8 4741.59 4740.68 4739.4 4738.3 4737.66 4737.32 4731.94 4728.06 4727.37 4724.04 4721.77 4720.03 4717.02 4714.38 4711.8 4709.31 4706.74 4704.2 4701.68 4699.66 4697.25 4694.88 4692.56 4690.29 4688.33 4686.42 4684.3 4682.23 4680.2 4678.22 4676.27 4674.28 4672.38 4668.75 4668.87 4669.78 4666.92 4661.73 4660.14 4660.73 4661.72 4662.68 4663.5 4664.27 4666.56 4667.41 4668.54 4670.72 4672.03 4673.41 4675.17 4676.72 4677.91 4679.63 4681.43 4683.38
4713.61 4712.43 4712.55 4716.01 4720.54 4725.75 4731.33 4736.96 4743.05 4747.76 4751.72 4749.02 4744.11 4740.17 4737.11 4734.96 4733.11 4727.68 4725.66 4724.99 4722.89 4721.2 4719.52 4716.71 4714.31 4711.95 4709.48 4706.99 4704.5 4702.01 4699.93 4697.51 4695.11 4692.76 4690.44 4688.22 4687.02 4684.83 4682.68 4680.57 4678.53 4676.58 4674.55 4672.71 4669.87 4671.5 4674.25 4671.66 4665.4 4663.18 4663.69 4664.11 4664.68 4665.17 4665.71 4666.3 4669.01 4669.54 4670.28 4671.7 4672.95 4674.27 4675.48 4677.07 4678.53 4680.04 4681.56
4710.66 4709.52 4710.17 4713.3 4718.08 4723.84 4729.88 4736.45 4743.69 4749.6 4753.73 4750.78 4744.67 4739.12 4734.33 4730.16 4726.43 4722.75 4723.1 4722.95 4722.46 4720.76 4719 4716.62 4714.43 4712.13 4709.89 4707.5 4705.07 4702.95 4700.54 4698.12 4695.73 4693.35 4690.99 4688.44 4686.15 4683.91 4681.72 4679.61 4678.23 4676.25 4673.82 4672.37 4669.28 4670.33 4671.74 4670.71 4668.58 4667.73 4667.34 4666.91 4666.46 4666.43 4666.58 4666.88 4667.28 4670.17 4671.08 4671.73 4672.61 4673.69 4674.82 4675.83 4676.96 4678.16 4679.38
4708.29 4706.4 4706.98 4710.8 4715.57 4721.11 4727.14 4733.64 4740.47 4746.59 4750.72 4747.78 4742.23 4736.55 4731.06 4725.27 4721.25 4723.09 4722.5 4725.82 4722.29 4720.86 4719.47 4717.05 4714.84 4712.65 4710.57 4708.25 4705.87 4703.45 4701.02 4698.58 4696.14 4694.19 4691.77 4688.89 4686.51 4684.17 4682.9 4680.56 4678.28 4676.01 4673.36 4671.79 4667.7 4667.63 4667.16 4667.13 4669.78 4671.67 4670.4 4669.23 4668.54 4668.14 4668.1 4668.23 4668.47 4669.41 4672.13 4672.3 4672.93 4673.88 4674.69 4675.5 4676.13 4676.89 4678.12
4706.24 4704.18 4704.78 4708.73 4713.08 4718.2 4723.79 4729.42 4735.32 4741.05 4744.37 4742.03 4737.72 4733.05 4728.62 4724.6 4721.12 4723.41 4722.46 4724.47 4720.27 4718.49 4716.7 4714.15 4711.53 4709.28 4706.98 4704.65 4702.29 4700.15 4697.8 4695.44 4693.1 4692.19 4689.89 4687.89 4685.61 4683.34 4681.68 4679.43 4677.23 4675.42 4673 4670.9 4665.4 4664.94 4664.34 4664.59 4668.99 4672.82 4671.59 4670.45 4669.7 4669.3 4669.13 4669.1 4669.16 4669.79 4670.01 4672.7 4673.03 4673.56 4674.27 4674.78 4674.94 4675.51 4675.79
4704.2 4704.01 4704.49 4707.13 4710.91 4715.4 4720.04 4724.35 4728.09 4731.05 4736 4734.49 4731.86 4728.66 4725.91 4725.43 4726.77 4725.32 4723.86 4725.34 4725.66 4719.05 4716.72 4714.39 4711.99 4709.34 4707.54 4705.24 4702.9 4701.17 4698.83 4696.47 4694.11 4692.3 4689.93 4687.91 4685.55 4683.2 4679.76 4677.63 4675.58 4673.85 4671.75 4669.57 4664.19 4663.89 4663.34 4663.08 4666.87 4669.41 4670.1 4670 4669.64 4669.47 4669.22 4669.04 4668.95 4670.64 4670.92 4671.32 4671.6 4671.97 4672.55 4672.88 4673.15 4673.74 4673.77
4701.29 4700.95 4702.42 4705.2 4708.7 4712.63 4716.45 4719.77 4722.34 4723.04 4724.75 4726.7 4726.2 4724.35 4721.98 4720.82 4726.49 4725.93 4724.82 4724.99 4725.1 4717.98 4715.93 4713.09 4710.96 4708.33 4707.34 4705.1 4702.82 4700.89 4698.58 4696.24 4693.89 4690.72 4688.37 4686.05 4683.68 4681.43 4678.61 4676.55 4674.57 4672.41 4671.08 4663.61 4664.17 4664.07 4664.34 4665.3 4666.6 4667.55 4668.77 4669.31 4669.16 4668.86 4668.49 4668.12 4667.84 4667.65 4669.15 4669.64 4670.15 4670.18 4670.35 4671.03 4670.83 4671.56 4671.27
4698.98 4697.77 4700.02 4703.55 4707.27 4710.9 4714.27 4717.86 4719.73 4720.7 4719.96 4721.73 4722.29 4721.13 4718.58 4715.05 4718.54 4724.09 4724.61 4724.78 4724.67 4717.48 4715.71 4712.38 4710.74 4708.42 4706.52 4704.28 4702.02 4698.73 4696.38 4694.04 4691.71 4689.33 4687.06 4684.82 4682.2 4680.07 4678.86 4676.81 4674.81 4672.71 4671.21 4664.01 4664.59 4664.58 4665.32 4666.95 4667.2 4667.18 4668.19 4669.07 4668.85 4668.48 4668.02 4667.57 4667.2 4666.91 4668.27 4668.44 4668.51 4668.83 4669.16 4669.38 4669.68 4669.49 4668.98
4698.45 4697.85 4699.8 4702.91 4706.19 4709.47 4712.6 4716.57 4718.94 4719.72 4719.07 4720.18 4720.7 4720 4718.38 4716.83 4719.58 4723.3 4724.36 4725.55 4726.14 4718.68 4716.66 4713.8 4712.9 4711 4708.19 4705.97 4703.71 4701.02 4698.66 4696.29 4693.91 4692.17 4689.8 4687.43 4684.6 4682.28 4681.46 4679.11 4676.79 4673.91 4672.47 4664.85 4665.29 4664.92 4665.1 4666.27 4667.1 4668.01 4669.08 4669.4 4668.83 4668.38 4667.9 4667.51 4667.13 4666.83 4666.57 4668.35 4668.33 4668.28 4668.77 4668.59 4668.34 4667.96 4666.85
4699.32 4700.04 4701.04 4703.31 4706.11 4709.03 4711.93 4715.65 4718.98 4722.81 4721.5 4721.58 4721.53 4721.1 4720.68 4721.47 4723.69 4724.37 4723.64 4725.19 4725.58 4718.37 4716.05 4713.29 4712.47 4711.17 4708.43 4706.3 4704.14 4702.2 4699.98 4697.74 4695.48 4693.71 4691.4 4689.08 4686.52 4684.19 4683.86 4681.32 4678.6 4675.6 4673.66 4666.3 4665.81 4664.79 4664.13 4664.24 4665.75 4669.61 4671.24 4669.67 4668.38 4667.87 4667.32 4667.03 4666.71 4666.43 4666.17 4666.63 4668.32 4667.76 4667.91 4667.57 4666.6 4666.09 4665.48
4699.87 4700.7 4702.15 4704.33 4706.92 4709.69 4712.43 4715.45 4717.67 4719.18 4725.77 4724.03 4723.22 4722.76 4722.8 4723.54 4726.16 4724.37 4723.36 4725.36 4725.9 4718.48 4716.68 4715.06 4713.72 4712.08 4710.19 4708.19 4706.14 4704.4 4702.29 4700.14 4697.96 4695.87 4693.6 4691.29 4689.8 4687.41 4685.63 4683.06 4680.21 4676.93 4674.78 4667.71 4666.51 4664.82 4663.56 4662.9 4664.13 4668.03 4669.6 4668.19 4666.96 4666.64 4666.19 4665.9 4665.67 4665.44 4665.2 4665.69 4667.12 4666.12 4665.74 4665.4 4665.11 4665.05 4664.36
4700.47 4701.44 4703.47 4705.68 4708.3 4711.16 4713.73 4716.69 4718.48 4721.79 4725.3 4725.55 4724.61 4723.6 4723.96 4725.11 4719.77 4720.97 4722.81 4723.65 4725.72 4718.2 4716.95 4715.18 4713.96 4712.78 4711.08 4709.2 4707.26 4705.84 4703.82 4701.76 4699.65 4697.56 4695.36 4693.12 4691.67 4688.41 4686.11 4682.64 4679.97 4677.03 4674.26 4668.23 4667.03 4665.27 4664.11 4663.21 4663.18 4664.74 4665.33 4665.05 4664.69 4664.2 4664.4 4664.18 4664.04 4663.88 4663.68 4663.43 4663.78 4665.09 4664.74 4663.83 4663.71 4663.3 4662.61
4702.44 4703.74 4705.54 4707.57 4709.87 4712.58 4715.71 4718.58 4720.47 4721.85 4725.79 4727.64 4725.86 4723.1 4719.79 4715.73 4717.1 4719.15 4720.1 4720.88 4723.74 4716.53 4715.05 4714.55 4712.67 4711.19 4709.85 4708.11 4706.31 4704.46 4702.69 4700.76 4698.8 4696.8 4694.09 4692.02 4690.92 4688.75 4686.53 4683.9 4681.6 4678.76 4675.44 4669.16 4668.03 4666.2 4665.15 4664.1 4663.46 4662.52 4661.6 4662 4662.26 4662.27 4662.1 4662.07 4661.97 4661.84 4661.66 4661.44 4661.8 4661.44 4662.74 4661.89 4661.55 4661.48 4660.93
4706.86 4707.52 4707.6 4708.98 4711.25 4713.97 4718.23 4721.94 4725.25 4729.47 4735.82 4731.76 4727.43 4722.73 4718.8 4717.75 4717.48 4718.5 4718.49 4719.82 4720.4 4722.05 4713.39 4715.43 4713.75 4712.29 4710.77 4709.07 4707.29 4705.46 4703.28 4701.34 4699.36 4697.36 4695.23 4693.19 4691.26 4689.25 4687.14 4684.79 4682.57 4679.88 4677.16 4670.03 4669.11 4667.65 4666.53 4664.96 4663.46 4661.47 4660.26 4660.07 4660.25 4660.4 4660.24 4660.19 4660.07 4659.91 4659.7 4659.46 4659.18 4658.87 4660.07 4659.72 4659.57 4659.5 4659.19
4707.81 4708.33 4708.36 4709.7 4712.08 4715.91 4719.89 4724.94 4730.9 4735.99 4736.29 4734.27 4728.73 4722.36 4716.84 4716.29 4717.06 4717.78 4718.19 4720.05 4720.36 4726.2 4716.51 4715.89 4714.47 4712.68 4711.57 4709.16 4707.35 4705.47 4703.36 4701.4 4699.42 4697.42 4695.46 4693.45 4691.44 4690.39 4688.36 4686.51 4684.16 4681.96 4672.63 4672.07 4671.26 4670.1 4668.43 4665.98 4662.7 4661.08 4659.85 4659.15 4659.1 4659.19 4659.1 4659.02 4658.85 4658.62 4658.36 4658.07 4657.57 4657.25 4658.38 4658.21 4657.9 4657.82 4657.42
4704.59 4706.2 4708.07 4710.26 4713.05 4716.36 4720.84 4726.08 4732.11 4737.55 4740.68 4736.75 4730.08 4722.8 4714.93 4713.98 4717.17 4718.24 4718.97 4718.63 4720.65 4721.14 4716.35 4714.75 4713.32 4711.91 4710.7 4708.52 4706.79 4705.03 4703.21 4701.39 4699.55 4697.71 4695.15 4693.29 4691.44 4690.13 4688.32 4687.22 4685.07 4682.99 4674.35 4674.06 4673.57 4672.52 4671.2 4669.04 4665.46 4663.05 4660.61 4659.06 4658.7 4658.63 4658.59 4658.39 4658.12 4657.81 4657.48 4657.15 4656.73 4656.38 4656.03 4657.4 4657.08 4656.48 4656.13
4703.77 4704.64 4707.16 4709.97 4712.78 4716.44 4720.25 4724.89 4729.96 4735.8 4740.89 4737.15 4730.65 4724.82 4721.1 4719.39 4719.24 4719.63 4719.33 4719.97 4721.17 4721.25 4713.74 4710.16 4709.18 4707.49 4706.06 4704.06 4702.38 4700.72 4699.1 4697.5 4695.93 4694.4 4692.8 4691.3 4689.84 4688.81 4687.43 4687.14 4685.61 4683.36 4675.79 4675.9 4675.95 4675.63 4675.25 4674.26 4671.95 4668.39 4663.07 4659.88 4659.44 4659.07 4658.42 4657.9 4657.39 4656.92 4656.49 4656.08 4656.11 4655.73 4655.34 4656.13 4655.81 4655.42 4655.08
4701.78 4703.59 4706.69 4709.85 4712.53 4715.49 4718.31 4721.98 4727.09 4730.82 4734.11 4732.82 4729.29 4725.4 4723.87 4724.23 4722.36 4720.99 4719.69 4719.78 4720.29 4718.02 4711.64 4708.73 4708.05 4705.12 4703.71 4700.96 4699.33 4697.75 4696.74 4695.32 4693.95 4692.62 4690.97 4689.73 4688.55 4687.53 4686.47 4686.83 4687.26 4684.94 4677.86 4678.27 4678.77 4678.94 4679.54 4680.47 4680.6 4676.91 4668.96 4663.41 4661.62 4660.18 4659.21 4658.36 4657.68 4657.13 4656.67 4656.27 4655.65 4655.31 4654.98 4654.37 4654.06 4653.9 4654.25
4699.58 4703.29 4706.86 4710.06 4712.37 4714.75 4716.42 4717.6 4717.63 4723.86 4725.74 4727 4728 4724.76 4718.61 4724.13 4723.3 4722.21 4717.98 4716.45 4715.94 4715.14 4709.26 4706.15 4704.44 4703.35 4701.99 4700.54 4699 4697.53 4696.2 4694.85 4693.56 4692.33 4691.17 4690.04 4688.97 4687.7 4686.78 4687.38 4688.19 4686.91 4679.01 4679.74 4680.68 4681.89 4683.25 4685.56 4688.19 4685.87 4676.24 4668.81 4664.6 4661.85 4659.96 4658.58 4657.66 4656.98 4656.46 4656.03 4655.52 4655.18 4654.86 4654.53 4653.92 4653.42 4653.46
4703 4705.38 4708.09 4710.72 4713.13 4715.21 4715.82 4716.1 4716.87 4722.41 4727.87 4731.02 4730.02 4727.05 4725.75 4723.98 4722.67 4721.06 4718.83 4716.49 4714.8 4716.26 4705.59 4701.72 4700.98 4699.65 4701.56 4700.1 4698.63 4697.22 4695.93 4694.64 4693.4 4692.21 4690.69 4689.61 4687.79 4686.86 4686.06 4684.9 4688.52 4686.51 4679.6 4680.48 4681.59 4683.02 4684.65 4687.22 4689.67 4688.09 4679.87 4672.87 4666.63 4662.72 4660.27 4658.57 4657.45 4656.66 4656.07 4655.61 4655.23 4654.72 4654.43 4654.14 4653.97 4653.59 4653.23
4709.59 4709.19 4710.56 4712.66 4714.9 4716.75 4717.9 4717.92 4718.11 4724.22 4732.75 4739.95 4730.97 4728.3 4725.91 4724 4720.94 4717.81 4713.92 4712.62 4710.18 4707.38 4699.83 4701.9 4699.57 4700.05 4698.37 4695.78 4696.09 4694.78 4693.27 4692.08 4690.96 4689.9 4688.9 4688.02 4689.51 4688.5 4687.24 4685.51 4689.38 4685.93 4679.02 4679.97 4681.11 4682.44 4683.92 4685.57 4685.97 4683.57 4677.73 4671.45 4666 4662.3 4659.95 4658.26 4657.11 4656.28 4655.65 4655.16 4654.75 4654.32 4654.01 4653.73 4653.59 4653.28 4652.87
4713.22 4711.62 4712.44 4714.16 4716.57 4719.42 4721.81 4723.27 4723.96 4725.07 4724.13 4716.98 4724.89 4727.48 4729.01 4724.54 4719.08 4715.2 4710.7 4708.16 4705.64 4701.64 4699.77 4698.79 4697.77 4698.62 4697.4 4695.85 4694.59 4691.01 4694.04 4692.96 4691.84 4690.78 4689.77 4688.1 4687.26 4686.47 4685.06 4684.01 4686.28 4678.55 4679.15 4679.83 4680.6 4681.4 4681.93 4682.21 4681.11 4677.61 4673.09 4667.33 4663.45 4660.96 4659.22 4657.75 4656.73 4655.94 4655.32 4654.82 4654.41 4653.97 4653.68 4653.42 4653.12 4652.89 4652.66
