real_craters/C096-1000m.grd
DSAA
38 38
-18.33 18.33
-18.33 18.33
7727.301555568 9350.1557588394
9044.49 9026.22 9012.67 9002.35 8989.48 8976.34 8959.25 8960.33 8968.86 9028.16 9053.22 9013.37 8847.77 8835.62 8831.74 8822.09 8793.03 8757.64 8746.85 8751.67 8749.73 8729.71 8755.87 8791.5 8791.27 8803.61 8782.45 8766.36 8766.6 8757.47 8741.71 8724.49 8708.02 8667.79 8659.59 8659.28 8650.57 8624.73 
9044.19 9030.36 9009.97 8987.03 8967.41 8958.46 8947.28 8965.12 8996.21 9026.62 9070.6 9088.65 8901.14 8833.89 8823.94 8801.85 8771.22 8748.56 8741.96 8748.87 8735.75 8718.96 8791.41 8786.27 8760.52 8781.04 8789.84 8755.47 8757.15 8755.19 8754.92 8747.7 8737.56 8710.64 8682.68 8666.42 8661.91 8633.31 
9035.4 9021.04 9001.23 8977.72 8955.18 8953.79 8948.13 8968.24 9000.38 9019.52 9051.1 9068.94 9034.8 8878.99 8805.54 8792.46 8769.86 8747.56 8739.68 8745.32 8719.72 8749.88 8840.16 8780.51 8773.89 8745.08 8752.07 8742.71 8747.87 8745.84 8736.56 8733.45 8731.51 8716.76 8701.87 8683.35 8676.06 8660.12 
9018.31 8998.82 8985.51 8971.71 8962.15 8944.16 8943.48 8959.33 8980.8 8996.01 9016.32 9037.02 9086.33 9033.6 8837.2 8830.66 8802.05 8767.75 8752.62 8749.15 8791.36 8831.42 8802.69 8828.26 8792.26 8773.13 8744.82 8726.21 8724.66 8717.5 8703.55 8709.27 8713.98 8721.66 8664.19 8659.83 8704.88 8668.68 
9004.31 8983.97 8970.35 8960.47 8948.37 8945.8 8934.86 8943.66 8960.88 8985.85 9001.06 9039.15 9087.95 9111.04 9077.36 8974.87 8886.43 8826.52 8831.93 8867.86 8869.83 8810.82 8783.53 8786.09 8772.64 8761.59 8743.61 8732.32 8717.86 8698.17 8712.33 8704.83 8702.94 8712.71 8650.37 8631.36 8699.08 8659.73 
8986.1 8964.92 8956.78 8949.82 8943.29 8944.56 8942.54 8941.7 8948.75 8967.3 8981.21 9014.99 9071.21 9083.97 9047.08 9033.77 9013.22 9029.98 8971.57 8915.99 8868.28 8837.55 8786.64 8771.09 8761.23 8755.48 8741.15 8730.14 8718.09 8696.87 8689.3 8693.48 8692.88 8684.1 8687.45 8690.28 8686.17 8660.79 
8967.36 8947.6 8952.11 8952.88 8949.66 8953.02 8954.97 8964.64 8948.77 8958.49 8986.94 9021.83 9063.35 9056.1 9034.43 9113.94 9100.41 9026.23 9014.69 8988.29 9003.42 8937.2 8807.2 8790.7 8763.95 8746.61 8721.75 8716.54 8698.32 8691.88 8680.92 8685.4 8687.79 8684.61 8675.63 8675.46 8677.29 8657.08 
8967.61 8959.14 8963.48 8968.33 8974.8 8966.57 8965.48 8965.2 8962.89 8974.16 8989.63 9014.81 9051.66 9018.2 9132.23 9169.53 9182.13 9176.27 9144.37 9068.64 9120.03 9102.78 9006.69 8944.95 8902.14 8812.74 8755.5 8750.74 8728.45 8729.62 8700.6 8688.66 8686.97 8672.63 8654.5 8657.89 8646.49 8639.38 
8993.19 8987.91 8986.27 8985.5 8981.18 8967.75 8976.29 8969.66 8992.33 8999.79 9017.34 8992.55 8979.99 9055.79 9188.57 9166.48 9234.2 9228.94 9050.07 8973.15 8918.5 8979.73 9135.71 9174.32 9089.15 8956.42 8865.47 8824.2 8774.48 8735.84 8707.44 8693.53 8669.64 8658.21 8652.76 8655.08 8640.65 8638.92 
9054.54 9027.11 9011.11 9000.7 8991.62 8971.04 8972.58 8985.44 8989.73 9005.57 9033.98 8979.59 8933.12 9263.38 9350.16 9219.77 9021.33 8941.35 8977.41 9066.6 9040.65 8994.46 9016.07 9199.14 9228.57 9077.02 8930.15 8849.35 8826.14 8797.36 8744.11 8707.51 8679.9 8660.27 8662.29 8697.42 8721.31 8748.82 
9061.49 9041.91 9022.94 9009.17 9000.36 8970.23 8965.97 8969.12 8971.59 8999.72 8998.15 8945.23 8955.46 9224.22 8968.5 8797.75 8639.54 8676.77 8806.15 8851.01 8905.7 8959.88 8859.8 9147.06 9284.83 9108.55 8972.31 8889.58 8840.5 8814.73 8745.2 8722.95 8720.01 8712.5 8734.67 8753.51 8756.14 8781.43 
9063.54 9038.6 9021.72 9010.7 8999.86 8988.42 8979.85 8979.81 8996.99 9086.15 9068.84 8907 8807.2 9119.34 8650.58 8551.74 8497.79 8495.36 8553.36 8583.4 8579.85 8640.62 8605.71 8784.55 9122.91 9206.49 9021.99 8907.41 8845.97 8796.1 8757.6 8739.41 8717.66 8757.41 8782.32 8770.87 8772.15 8779.6 
9039.06 9027.89 9015.44 9008.95 9008.11 9033.58 9017.37 9013.88 9051.93 9212.42 9129.77 8887.27 8629.61 8964.2 8516.46 8484.9 8429.08 8353.79 8316.28 8331.34 8363.17 8337.9 8409.56 8541.62 8813.04 9127.67 9044.36 8972.55 8895.81 8815.54 8762.8 8778.92 8789.14 8794.38 8791.06 8750.96 8754.19 8738.27 
9037.23 9017.13 9005.15 9003.21 9025.48 9061.79 9041.76 9028.47 9123.8 9302.72 9183.21 8907.73 8675.91 8711.74 8472.45 8333.24 8223.71 8140.33 8051.68 8084.76 8142.38 8160.6 8219.43 8306.98 8510.67 8728.25 8913.37 9049.19 8991.96 8930.48 8880.08 8841.37 8806.19 8816.18 8808.02 8757.2 8707.48 8686.46 
9026.87 9010.43 8999.51 8990.41 8991.61 9084.09 9087.07 9043.26 9138.23 9270.83 9139.31 8902.28 8676.42 8458.02 8292.24 8089.65 8033.94 8003.47 7968.99 8005.3 8021.51 8025.11 8079.76 8125.95 8276.89 8401.65 8748.56 9099.45 9072.22 9003.86 8937.42 8918.02 8883.98 8802.75 8798.19 8764.04 8661.28 8630.19 
9014.21 9013.43 9007.44 8999.52 8989.39 9051.72 9071.91 9049.09 9149.04 9234.43 9045.34 8766.16 8547.87 8312.76 8211.63 7999.65 8008.36 7967.77 7920.05 7887.55 7897.62 7929.86 7937.06 8016.3 8121.35 8264.6 8557.4 8923.86 9054.96 9060.24 8997.43 8942.01 8884.87 8814.45 8753.97 8726.46 8618.38 8620.52 
9024.34 9031.42 9029.34 9028.97 9040.02 9055.77 9055.72 9022.58 9155.86 9177.09 8932.13 8588.48 8209.55 8153.62 8129.64 7980.95 7999.61 7987.96 7962.61 7914.83 7838.37 7811.63 7805.9 7863.7 7981.64 8191.22 8378.37 8676.01 8949.87 9121.35 8987.61 8926.81 8850.57 8811.01 8763.92 8665.15 8625.91 8619.11 
9067.29 9054.07 9048.74 9050.04 9046.99 9051.19 9032.19 9015.02 9165.88 9120.2 8840.84 8492.24 8186.4 8312.28 8172.18 8002.54 8008.59 8017.07 8026.22 7965.35 7832.34 7779.98 7770.18 7825.74 7902.14 8042.85 8284.23 8553.76 8857.62 9088.17 9003.89 8932.08 8824.46 8813.9 8765.14 8679.78 8623.6 8626.18 
9069.8 9057.55 9051.35 9057.04 9060.99 9043.46 9033.14 9025.52 9154.66 9055.15 8784.28 8479.41 8257.62 8121.24 8004.92 8035.61 8021.1 7996.06 8015.63 7969.39 7792.39 7759.15 7747.18 7804.04 7899.25 8067.42 8293.61 8541.26 8764.87 9014.21 9033.66 8882.51 8783.8 8795.37 8717.84 8634.59 8629.16 8637.52 
9047.99 9041.22 9031.09 9026.12 9029.63 9031.24 9050.3 9097.9 9144.37 8996.02 8736.68 8465.07 8264.98 8085.52 7935.83 7848.41 7880.51 7895.64 7877.78 7832.89 7844.1 7791.34 7777.62 7852.29 8007.43 8223.87 8391.17 8596.05 8788.92 9020.14 9047.08 8830.52 8734.53 8699.79 8668.6 8636.63 8638.13 8666.52 
9050.2 9026.96 9002.89 8983.27 8998.39 9030.75 9044.22 9085.63 9146.61 8948.81 8691.28 8423.35 8202.02 8040.86 7920.1 7842.6 7833.16 7828.07 7807.76 7837.89 7823.59 7806.81 7787.14 7875.92 8036.44 8278.57 8459.5 8597.11 8726.06 8987.04 9111.35 8761.47 8696.3 8649.99 8653.06 8647.97 8683.58 8719.74 
9043.05 9023.9 8994.79 8963.92 8989.44 9040.82 9046.2 9046.04 9050.23 8901.01 8668.67 8388.56 8133.07 8040.71 7944.57 7854.4 7832.46 7806.48 7777.04 7756.44 7727.3 7760.6 7793.4 7915.04 8043.05 8296.7 8437.62 8603.47 8768.01 8913.72 8879.54 8748.49 8707.46 8680.13 8680.51 8693.32 8700.94 8725.08 
9052.06 9030.49 9004.14 8986.23 8996.52 9016.59 9002.65 8997.42 8998.76 8882.87 8694.64 8467.01 8242.74 8124.85 8013.54 7908.62 7846.1 7809.51 7777.06 7764.48 7773.69 7804.22 7887.77 8017.03 8207.93 8395.51 8492.49 8670.92 8944.31 8919.27 8836.26 8804.51 8708.18 8672.09 8716.34 8753.28 8734.62 8713.08 
9029.73 9023.75 9024.31 9017.98 9005.54 8999.82 8989.13 9002.06 9003.58 8916.95 8782.21 8586.43 8412.81 8277.03 8136.32 7987.51 7900.97 7863.77 7845.78 7825.51 7842.13 7878.06 7975.1 8071.46 8282.35 8437.45 8540.09 8760.78 8968.72 8897.96 8869.3 8837.15 8743.4 8711.08 8745.6 8790.66 8770.21 8726.53 
9014.02 9009.9 9035.46 9063.36 9014.72 8975.68 9006.38 9000.82 9016.27 8992.35 8936.69 8817.73 8626.41 8478.38 8299.96 8134.81 8022.78 7957.9 7935.57 7912.32 7934.98 7977.88 8107.56 8191.8 8346.94 8520.39 8701.41 8956.73 8979.41 8861.93 8835.25 8841.02 8796.05 8748.09 8759.49 8796.48 8785.68 8732.3 
9011.83 9010.12 9011.59 9008.98 9009.35 9017.02 9014.52 9042.51 9051.86 9064.83 9096.63 9108.64 8920.81 8745.65 8531.65 8330.47 8194.5 8114.65 8059.64 8074.56 8126.55 8209.23 8291.17 8380.64 8535.3 8749.76 8997.51 9180.25 9009.89 8838.02 8845.61 8852.73 8755.79 8733.62 8744.4 8776.6 8756.8 8708.65 
9004.97 8997.27 8993.58 8993.34 8989.82 8983.77 8997.42 9054.47 9071.88 9078.88 9141.76 9270.26 9232.48 9016.52 8847.37 8638.08 8456.14 8383.32 8322.63 8314.88 8340.09 8400.93 8545.12 8608.51 8832.5 9053.48 9208.89 9035.51 8933.31 8840.16 8845.69 8874.64 8773.52 8725.61 8729.51 8741.97 8732.09 8688.42 
8991.19 8977.78 8967.1 8965.02 8962.39 8956.22 8960.41 9014.32 8997.84 9018.84 9075.15 9197.12 9261.14 9160.29 9091.78 8940.54 8850.36 8761.03 8698.77 8638.72 8641.31 8737.85 8873.31 8998.39 9089.09 9199.05 9132.06 8967.48 8910.34 8879.65 8857.82 8898.68 8815.71 8730.77 8704.04 8725.37 8737.39 8697.07 
9000.21 8990.32 8958.66 8951.02 8948.27 8927.18 8908.17 8900.58 8920.35 8940.8 8982.9 9115.02 9162.79 9149.2 9098.14 9042.16 8912.2 8962.83 8980.19 8960.45 9044.73 9117.21 9149.04 9160.17 9175.32 9176.77 9016.29 8935.01 8931.65 8909.26 8862.77 8864.14 8765.75 8712.87 8691.21 8737.84 8776.03 8730.26 
9007.42 9004.18 8973.6 8958.76 8957.97 8939.16 8899.77 8893.9 8878.22 8881.61 8878.32 8922.54 9038.18 9098.55 9125.16 9107.86 9100.77 9131.74 9088.11 9099.1 9141.16 9119.34 9119.3 9083.15 9107.46 9137.49 9016.84 8935.59 8907.33 8906.93 8848.22 8877.97 8788.84 8703.09 8706.29 8744.12 8778.26 8727.98 
8997.57 8971.29 8979.96 8970.49 8954.42 8940.56 8921.14 8939.77 8927.89 8890.73 8876.13 8908.56 8971.73 9031.58 9079.71 9109.47 9141.93 9141.79 9106.81 9092.12 9113.13 9020.75 8998.97 8963.74 9009.24 8968.65 8966.39 8890.59 8855.74 8852.47 8844.02 8829.15 8718.75 8689.28 8713.57 8748.85 8737.72 8703.18 
9005.32 8978.07 8978.53 8983.54 8994 8995.12 8968.66 8959.99 8937.73 8913.25 8918.38 8937.56 8950.53 8972.36 8999.49 9032.69 9044.46 9031.62 9025.12 9019.48 9020.33 9011.28 8985.43 8988.34 9016.64 9013.29 8958.1 8891.32 8864.64 8883.53 8857.67 8747.52 8689.87 8706.98 8743.29 8772.82 8743.42 8702.97 
9017.47 9007.25 8999.48 8994.22 8982.5 8989.84 8983.45 8973.71 8935.68 8916.42 8921.38 8932.24 8938.91 8942.61 8950.3 8961.05 8949.87 8924.86 8925.35 8936.8 8929.6 8958.91 8957.86 9001.7 9008.02 8978.76 8942.51 8899.63 8864.57 8829.75 8773.36 8695.01 8701.7 8758.64 8800.43 8801.41 8770.77 8732.51 
9022.51 9021.14 9026.36 9004.07 8989.98 8982.9 8982.37 8974.58 8953.81 8926.23 8931.91 8924.76 8924.65 8921.28 8917.23 8910.04 8896.09 8884.87 8878.26 8892.8 8893.54 8921.36 8926.3 8932.55 8958.32 8947.86 8923.96 8878.4 8803.44 8713.32 8676.34 8668.45 8715.13 8800.8 8822.96 8814.6 8787.58 8749.5 
9025.34 9018.87 9016.74 9026.04 9006.66 8990.24 8982.99 8972.7 8956.07 8932.33 8909.7 8920.93 8909.81 8897.94 8891.99 8883.13 8870.93 8887.81 8876.15 8882.7 8900.19 8913.81 8925.26 8934.92 8931.53 8873.47 8833.11 8768.75 8721.88 8684.46 8681.21 8713.56 8771.89 8805.33 8824.26 8812.19 8789.04 8760.8 
9065.32 9112.82 9131.65 9090.99 9047.88 9027.7 8993.19 8968.81 8935.3 8930.84 8914.12 8903.47 8891.68 8884.25 8877.93 8870.92 8866.18 8866.81 8857.94 8866.45 8887.48 8870.76 8898.57 8872.87 8867.57 8820.87 8790.47 8739.85 8699.64 8700.46 8743.34 8756.12 8824.45 8828.84 8827.1 8805.58 8781.49 8755.71 
9167.08 9086.99 8982 9081.24 9156.52 9044.24 8998.81 8970.06 8958.66 8943.46 8945.07 8881.12 8879.08 8880.01 8876.82 8872.44 8861.93 8832.33 8849.05 8838.52 8811.34 8794.56 8792.06 8809.12 8788.65 8759.15 8727.8 8704.38 8716.01 8783.21 8799.6 8804.09 8830.54 8829.53 8812.69 8801.33 8788.07 8770.97 
8868.28 8856.76 8842.88 8872.32 9013.25 9084.21 9044.71 8975.45 8946.6 8944.69 8941.33 8872.8 8868.6 8873.8 8877.78 8884.68 8885.47 8877.6 8879.56 8879.37 8869.3 8829.98 8769.41 8759.13 8742.71 8724.72 8709.23 8721.48 8769.11 8830.34 8852.45 8826.9 8832.85 8822.43 8794.94 8801.21 8800.28 8792.38 
