real_craters/C096-300m.grd
DSAA
215 215
-32.0775 32.0775
-32.0775 32.0775
3581.2784622085 5290.1261189445
[rows 0 to 29 of 215, columns 67 to 133 of 215]
4832.08 4830.91 4829.74 4828.51 4828.28 4828.73 4830.58 4832.57 4832.82 4823.67 4810.93 4803.69 4796.52 4790.39 4785.49 4784.73 4788.41 4794.7 4802.94 4794.36 4778.74 4785.72 4798.09 4809.84 4816.41 4814.95 4808.73 4804.33 4803.68 4803.42 4801.93 4795.16 4788.07 4781.1 4774.25 4767.19 4759.76 4750.87 4741.8 4741.31 4749.43 4759.12 4768.44 4776.1 4780.99 4784.39 4785.16 4781.7 4772.93 4770.11 4769.32 4772.09 4777.8 4778.21 4784.67 4798.61 4798.57 4799.57 4801.43 4802.05 4803.47 4801.67 4801.69 4802.52 4802.9 4808.25 4811.62
4830.44 4828.97 4827.3 4825.87 4824.71 4825.09 4828.27 4833.1 4838.1 4832.94 4815.51 4804.88 4796.7 4789.94 4783.96 4782.62 4785.86 4788.53 4793.74 4786.68 4778.64 4786.09 4798.43 4811.08 4820.23 4818.94 4814.63 4810 4806.97 4806.34 4809.9 4799.42 4790.77 4783.29 4775.68 4767.49 4758.16 4748.5 4740.66 4740.91 4748.36 4758.01 4767.18 4772.17 4782.04 4786.91 4789.1 4787.45 4779.53 4772.81 4768.52 4770.15 4782.61 4782.68 4791.02 4805.91 4803.69 4807.02 4809.73 4808.79 4807.28 4806.9 4806.4 4807.78 4810.35 4814.36 4819.47
4828.84 4826.93 4824.88 4822.72 4820.66 4820.86 4823.95 4828.83 4834.02 4828.86 4814.31 4804.77 4796.72 4790.14 4786.39 4784.41 4784.31 4782.55 4768.28 4775.05 4779.31 4786.85 4799.17 4812.24 4821.99 4821.17 4816.39 4812.55 4808.87 4804.56 4797.83 4797.26 4792.14 4785.5 4778.1 4769.87 4760.93 4749.58 4740.38 4741.65 4748.9 4758.55 4769.42 4782.09 4786.41 4788.78 4791.6 4791.89 4783.56 4775.49 4768.8 4766.36 4776.09 4781.2 4796.69 4817.35 4815.54 4815.39 4814.54 4811.23 4807.86 4806.31 4806.53 4808.26 4811.07 4815.75 4821.82
4828.03 4825.64 4823.23 4819.87 4816.95 4815.41 4817.9 4820.56 4822.4 4819.07 4811.21 4803.8 4796.51 4789.92 4784.12 4783.66 4784.94 4787.17 4791.84 4777.9 4776.53 4786.78 4799.58 4812.52 4821.58 4822.46 4817.16 4815.25 4811.83 4806.08 4801.18 4798.25 4794.51 4788.77 4781.87 4773.88 4763.32 4753.15 4742.88 4744.4 4750.46 4759.12 4769.49 4780.69 4785.13 4786.65 4788.19 4788.13 4783.22 4776.95 4772.77 4770.5 4770.26 4773.42 4796.45 4832.68 4832.41 4819.9 4813.34 4807.62 4804.1 4802.55 4802.95 4804.56 4807.71 4812.2 4818.15
4828.76 4825.94 4823.06 4818.8 4814.58 4812.14 4812.87 4812.73 4809.17 4809.04 4807.88 4802.62 4796.66 4790.47 4785.6 4784.43 4785.51 4787.73 4787.5 4777.76 4776.75 4787.11 4800.22 4813.61 4824.99 4828.13 4824.14 4822.12 4818.47 4811.76 4805.28 4803.29 4798.93 4793.19 4786.35 4779.53 4771.81 4758.5 4753.12 4748.49 4752.08 4758.81 4766.54 4773.09 4777.56 4780.78 4782.99 4782.24 4779.2 4775.73 4775.46 4780.05 4775.84 4766.94 4785.79 4821.83 4823.32 4808.41 4800.87 4797.03 4796.18 4796.16 4796.91 4799.3 4801.11 4804.59 4809.64
4831.49 4828.74 4824.19 4818.91 4813.9 4810.6 4810.6 4810.12 4807 4806.63 4804.04 4802.15 4797.56 4792.07 4786.84 4785.86 4785.35 4784.77 4782.65 4776.69 4778.5 4788.28 4800.74 4814.08 4826.04 4831.96 4832.97 4830.94 4828.3 4824.33 4818.46 4812.11 4805.28 4798 4790.41 4782.49 4771.74 4757.65 4747.73 4748.99 4752.92 4758.39 4763.81 4768.12 4771.28 4773.61 4774.14 4773.74 4772.79 4771.53 4770.86 4778.67 4776.47 4764.31 4770.14 4782.93 4786.12 4782.26 4777.56 4782.5 4786.14 4788.87 4790.55 4792.54 4794.89 4796.75 4798.32
4836.49 4833.55 4828.15 4821.61 4814.49 4810.44 4810.56 4811.69 4811.77 4809.92 4810.2 4804.21 4799.16 4795.46 4791.36 4788.8 4785.64 4781.76 4778.42 4777.05 4780.74 4789.43 4800.82 4813.24 4824.93 4832.8 4836.15 4838.16 4837.87 4837.45 4831.34 4821.62 4812.23 4802.52 4793.34 4785.17 4774.11 4757.36 4746.73 4750.59 4754.66 4758.81 4762.67 4765.73 4767.61 4767.51 4766.78 4768.01 4767.99 4767.53 4766.68 4768.05 4766.46 4759.47 4755.07 4750.71 4754.58 4761.77 4764.45 4771.89 4777.92 4781.78 4785.07 4786.95 4788.14 4788.79 4788.2
4844.42 4841.29 4834.92 4827.83 4818.2 4812.72 4810.58 4811.2 4813.18 4807.13 4803.22 4799.59 4798.76 4799.21 4798.03 4792.78 4787.57 4782.11 4778.74 4778.85 4782.82 4790.14 4799.7 4811.2 4824.06 4836.79 4841.49 4843.63 4844.72 4844.33 4838.55 4828.75 4817.95 4806.72 4795.44 4783.76 4773.95 4764.93 4758.53 4757.27 4758.9 4761.18 4763.22 4764.41 4763.79 4763.13 4761.86 4762.18 4762.31 4762.96 4764.75 4759.35 4757.72 4754.96 4746.44 4740.79 4747.86 4755.88 4761.7 4768.02 4773.29 4776.58 4779.52 4781.53 4782.48 4782.34 4781.08
4855.04 4848.55 4842.15 4835.23 4824.81 4816.84 4809.43 4803.8 4800.67 4796.57 4790.5 4791.73 4796.68 4800.52 4800.56 4795.86 4790.7 4785.24 4782.01 4780.33 4784.62 4790.23 4797.5 4806.61 4816.95 4830.1 4842.25 4845.67 4848.25 4850.3 4843.63 4833.85 4822.81 4810.84 4798.17 4786.25 4778.18 4772.86 4768.59 4765.87 4764.95 4765.01 4765.25 4765.28 4765.11 4760.07 4756.18 4754.82 4756.56 4757.15 4756.47 4755.8 4752.44 4748.46 4742.83 4740.3 4751.1 4757.97 4762.91 4767.53 4770.82 4773.99 4776.72 4778.32 4779.05 4778.68 4777.8
4860.22 4854 4850.31 4842.4 4832.4 4821.38 4808.95 4795.6 4788.63 4789.49 4788.93 4791.24 4795.11 4799.28 4799.94 4797.24 4794.43 4790.88 4788.4 4786.79 4787 4789.61 4794.91 4801.01 4807.61 4816.98 4834.37 4843.5 4848.3 4848.71 4845.55 4837.8 4827.69 4815.83 4802.57 4789.35 4784.53 4783.45 4778.78 4773.98 4770.97 4769.05 4767.66 4766.32 4763.93 4757.79 4751.78 4752.31 4753.6 4753.95 4754.61 4757.73 4750.82 4745.56 4745.48 4748.24 4758.03 4762.53 4765.77 4769.05 4772.37 4775.07 4777.05 4778.28 4779.89 4779.88 4778.51
4860.97 4856.76 4855.06 4849.75 4839.94 4827.9 4812.72 4795.45 4788.14 4789.17 4791.47 4793.33 4793.11 4794.79 4796.06 4796.38 4796.97 4797.81 4793.52 4790.91 4787.66 4788.68 4792.04 4796.89 4802.93 4812.77 4828.13 4840.79 4849 4851.95 4847.89 4840.99 4832.63 4822.92 4811.04 4796.41 4793.2 4790.74 4786.19 4781.25 4777.07 4773.46 4770.48 4767.51 4765.15 4758.32 4753.14 4753.8 4753.55 4753.76 4754.6 4755.63 4750.32 4748.68 4752.18 4758.42 4765.62 4766.84 4768.92 4771.62 4774.31 4776.4 4778.41 4780.41 4780.18 4779.65 4778.71
4855.28 4856.15 4858.34 4858 4848.02 4838.57 4822 4803.74 4795.57 4792.93 4792 4791.67 4790.07 4788.67 4791.47 4793.77 4795.21 4796.22 4788.82 4784.91 4784.6 4786.59 4789.97 4794.42 4800.47 4811.48 4826.68 4839.47 4849.48 4854.25 4849.13 4843.25 4837.36 4831.53 4825.43 4816.51 4806.81 4797.49 4792.74 4788.17 4783.03 4777.88 4772.71 4767.77 4763.27 4759.11 4755.99 4754.35 4754.25 4753.86 4751.99 4749.35 4749.03 4751.77 4758.29 4764.44 4768.05 4770.23 4771.79 4773.63 4775.73 4778.07 4780 4780.73 4780.77 4780.98 4780.61
4838.79 4844.31 4857.66 4872.68 4870.09 4855.65 4835.64 4818.83 4807.16 4798.99 4792.25 4788.36 4788.66 4789.81 4791.09 4791.13 4789.59 4785.94 4778.62 4776.77 4780.65 4784.83 4789.26 4793.99 4799.33 4809.78 4828.36 4838.85 4845.88 4849.17 4846.94 4843.44 4840.22 4838.02 4839.43 4840.24 4822.21 4805.72 4801.84 4795.94 4789.21 4782.04 4774.88 4767.61 4760.51 4756.54 4755.47 4755.73 4756.46 4754.97 4748.58 4745.94 4749.28 4754.69 4762 4767.88 4770.67 4771.82 4774 4776.23 4777.76 4779.33 4780.57 4781.82 4782.73 4783.41 4784.02
4805.49 4816.33 4843.36 4883.83 4893.73 4869.2 4845.61 4826.58 4818.22 4807.41 4795.47 4786.16 4790.39 4794.89 4793.54 4790.05 4784.96 4778.95 4773.57 4774.11 4779.14 4784.69 4790.39 4796.22 4802.46 4814.92 4833.27 4839.81 4840.6 4841.62 4843.33 4842.06 4840.09 4838.3 4838.8 4839.53 4833.81 4826.19 4813.98 4804.31 4795.55 4787 4778.36 4769.38 4760.25 4754.83 4756.63 4759.12 4761.63 4761.98 4755.29 4751.4 4753.42 4758.77 4763.69 4769.36 4772.6 4773.96 4777.19 4778.91 4780.1 4781.24 4781.95 4783.41 4785.29 4786.7 4787.56
4753.56 4766.55 4797.7 4852.85 4876.12 4861.15 4850.99 4840.8 4833.17 4819.78 4803.81 4793.08 4795.53 4801.45 4796.62 4790.63 4784.08 4777.72 4773.83 4775.47 4780.57 4786.86 4793.64 4801.24 4810.09 4825.18 4841.84 4843.17 4840.45 4840.12 4841.1 4840.09 4837.5 4833.77 4828.71 4829.55 4836.47 4835.5 4822.61 4811.52 4801.84 4792.96 4783.91 4774.31 4763.91 4754 4757.08 4764.59 4768.89 4770.62 4764.93 4762.3 4764.02 4767.98 4771.27 4776.42 4781.45 4783.99 4782.19 4782 4782.62 4783.45 4784.6 4786.13 4788.32 4790.76 4792.59
4686.48 4697.1 4716.09 4748.76 4792.96 4830.19 4852.78 4862.02 4853.26 4835.88 4815.14 4799.48 4798.9 4803.19 4798.38 4791.83 4786.05 4780.56 4776.97 4779.2 4784 4790.3 4797.22 4806.31 4818.17 4833.12 4845.82 4843.78 4842.33 4841.04 4840.06 4838.41 4835.18 4830.3 4824.54 4825.86 4831.9 4832.03 4824.82 4815.76 4806.81 4798.72 4790.65 4782.51 4774.29 4769.27 4770.1 4775.41 4778.15 4777.17 4771.8 4772.01 4778.21 4778.94 4784.43 4787.11 4788.42 4787.65 4786.1 4785.05 4785.06 4785.69 4786.87 4788.6 4790.69 4793.75 4798.06
4612.09 4622.6 4634.42 4649.32 4720.32 4803.86 4861.89 4885.39 4875.93 4853.33 4827.28 4806.3 4802.08 4804.05 4799.44 4792.77 4786.55 4783.07 4781.55 4784.86 4788.8 4793.79 4799.47 4807.07 4817.06 4825.65 4831.29 4833.47 4839.03 4838.81 4838.35 4837.35 4834.85 4830.26 4824.47 4826.08 4829.52 4829.1 4824.41 4817.57 4810.6 4804.16 4798.43 4793.13 4788.11 4784.73 4792.12 4791.72 4790.32 4785.94 4777.43 4767.38 4770.05 4780.6 4791.43 4794.87 4795.2 4790.25 4787.91 4786.73 4786.32 4787.7 4788.62 4790.05 4791.77 4793.99 4797.44
4542.05 4558.14 4577.73 4613.82 4696.42 4797.54 4885.57 4915.23 4897.72 4869.16 4838.92 4811.83 4804.47 4806.09 4801.13 4795.48 4788.93 4789.32 4791.28 4792.91 4794.64 4796.93 4799.75 4803.42 4806.64 4806.03 4803.63 4813.77 4824.92 4832.07 4835.38 4836.9 4836.74 4834.4 4828.52 4829.71 4834.04 4829.74 4823.77 4818.6 4813.91 4809.66 4806.19 4803.97 4804.69 4812.85 4809.41 4806.99 4804.12 4796.85 4782.83 4762.63 4758.12 4781.32 4794.93 4799.25 4799.93 4793.61 4789 4788.02 4788.05 4788.3 4788.7 4790.6 4791.5 4792.27 4793.02
4484.9 4509 4539.46 4588.46 4684.36 4796.58 4901.06 4930.24 4911.12 4880.5 4846.65 4816.15 4804.57 4805.83 4803.18 4800.82 4798.73 4801.24 4803.28 4802.65 4801.67 4800.51 4799.49 4798.43 4796.65 4789.46 4783.31 4797.56 4816.36 4825.85 4832.36 4836.84 4839.88 4841.76 4843.64 4833.34 4827.39 4824.66 4821.96 4819.21 4816.93 4814.44 4812.88 4811.38 4812.86 4817.95 4817.25 4818.76 4820.07 4813.97 4802.34 4795.98 4788.41 4793.2 4800.11 4800.49 4799.84 4791.67 4788.3 4788.42 4789.04 4789.58 4789.53 4790.43 4790.88 4790.58 4787.64
4444.8 4475.07 4515.75 4577.4 4675.24 4786.83 4894.26 4924.64 4913.92 4887.75 4853.85 4822.36 4806.49 4803.94 4805.22 4808.19 4812.4 4815.14 4815.66 4812.76 4809.02 4805.02 4800.14 4794.25 4786.97 4779.01 4773.84 4787.99 4809.37 4820.24 4829.57 4837.13 4842.95 4846.72 4844.23 4832.09 4817.93 4818.78 4819.78 4819.94 4819.11 4818.62 4818.38 4817.68 4817.52 4814.07 4818.2 4826.71 4834.2 4834.18 4822.59 4818.84 4809.38 4798.72 4797.21 4796.38 4795.93 4789.47 4787.51 4788.66 4789.62 4790.59 4791.12 4791.65 4791.98 4792.23 4790.6
4424.54 4455.46 4500.15 4567.49 4662.7 4766.18 4858.05 4911.93 4911.17 4887.7 4855.26 4823.77 4799.64 4801.58 4806.66 4812.89 4821.14 4826.52 4826.68 4821.98 4816.69 4810.35 4802.88 4793.57 4784.31 4776.17 4770.92 4781.04 4800.94 4815.52 4827.64 4837.55 4845.57 4850.83 4848.73 4832.24 4818.23 4817.98 4819.92 4821.52 4822.66 4822.71 4823.17 4823.34 4825.1 4824.88 4824.83 4831.24 4838.09 4833.77 4820.74 4806.39 4798.38 4791.66 4789.22 4789.15 4787.26 4787.65 4788.71 4790.14 4791 4791.55 4792.22 4792.56 4793.43 4795.4 4799.09
4429.31 4450.96 4488.64 4559.04 4658.85 4757.98 4849.56 4909.71 4908.19 4885.05 4853.06 4822.65 4803.15 4803.49 4808.54 4814.46 4821.52 4831.95 4833.17 4828.96 4823.94 4817.57 4809.24 4798.01 4787.45 4781.2 4775.74 4779.48 4795.99 4813.6 4827.67 4838.89 4847.69 4852.65 4849.19 4834.71 4822.7 4822.03 4823.41 4824.95 4826.44 4827.16 4827.59 4827.76 4829 4829.52 4826.06 4832.75 4838.48 4835.49 4818.14 4797.54 4790.79 4786.77 4785.51 4786.3 4787.68 4790.46 4792.07 4792.26 4793.07 4793.49 4793.47 4793.31 4793.1 4794.6 4797.09
4457.42 4462.8 4480.35 4555.32 4674.03 4788.13 4881.62 4915.12 4906.26 4880.89 4848.89 4819.72 4802.97 4807.74 4812.43 4816.11 4821.87 4832.13 4835.26 4834.14 4831.21 4827.03 4820.6 4810.66 4801.15 4795.26 4789.39 4789.87 4802.5 4817.85 4831.27 4842.08 4849.94 4853.6 4849.72 4839.69 4831.44 4829.34 4829.65 4830.62 4831.44 4831.6 4831.57 4830.59 4828.58 4827.14 4829.01 4833.97 4837.92 4842.25 4824.26 4799.82 4792.17 4790.07 4787.76 4786.57 4787.84 4791.13 4793.11 4795.35 4796.12 4795.96 4795.07 4793.73 4792.18 4791.09 4790.88
4516.53 4506.73 4499.74 4581.24 4713.91 4840.07 4915.15 4921.89 4903.52 4875.11 4844.24 4818.3 4808.49 4813.36 4819.44 4825.46 4829.59 4831.85 4837.27 4838.79 4838.45 4837.5 4835.95 4832.3 4824.29 4815.75 4808.8 4807.93 4816.15 4827.1 4837.89 4847.12 4854.31 4857.15 4853.85 4845.6 4839.35 4837.57 4836.57 4836.45 4836.48 4836.49 4835.97 4834.36 4831.51 4826.79 4837.98 4836.33 4837.77 4847.89 4831.87 4810.51 4798.56 4793.83 4792.27 4791.43 4793.17 4796.35 4798.6 4801.18 4801.05 4799.87 4797.92 4795.04 4791.76 4787.65 4784.33
4605.95 4597.56 4589.62 4660.65 4771.77 4884.97 4932.28 4919.69 4895.07 4864.65 4835.04 4812.58 4807.8 4815.49 4826.19 4839.03 4841.89 4841.73 4842.05 4842.95 4844.09 4846.17 4849.93 4854.69 4847.22 4835.77 4828.74 4828.09 4831.88 4838.23 4845.69 4853.07 4859.66 4865.22 4862.31 4854.67 4849.35 4846.59 4844.53 4843.56 4843.08 4842.53 4841.33 4839.18 4833.52 4829.16 4839.89 4838 4838.65 4850.95 4835.54 4817.31 4805.74 4799.42 4800.67 4802.29 4805 4809.01 4812.28 4810.14 4808.18 4805.89 4802.94 4798.83 4794.06 4789.47 4786.8
4711.61 4721.84 4738.07 4768.21 4823.38 4886.87 4910.27 4899.97 4877.96 4850.53 4823.5 4801.42 4799.95 4811.81 4825.04 4839.93 4844.46 4845.44 4844.75 4845.26 4846.84 4849.97 4855.54 4862.62 4856.83 4847.87 4843.34 4844.2 4845.65 4848.51 4852.77 4857.68 4862.93 4867.63 4867.9 4869.24 4860.97 4854.42 4851.08 4849.53 4848.72 4848.46 4847.78 4845.84 4838.58 4833.28 4840.86 4841.84 4842.08 4847.45 4835.53 4822.16 4815.16 4813.23 4815.83 4817.73 4820.27 4821.47 4820.9 4818.29 4816.12 4813.43 4809.89 4805.2 4799 4792.47 4790.13
4799.09 4830.7 4870.29 4850.56 4850.15 4865.57 4873.13 4870.96 4857.24 4837.5 4813.56 4794.28 4794.75 4805.99 4819.15 4830.31 4839.33 4842.95 4843.97 4844.71 4846.16 4848.29 4851.75 4855.41 4853.99 4850.36 4849.6 4852.92 4854.6 4855.51 4857.34 4860.06 4863.44 4865.73 4866.22 4864.51 4862.07 4858.03 4855.58 4854.55 4854.17 4853.99 4853.89 4853.6 4849.92 4843.82 4847.48 4850.31 4851.2 4848.29 4838.29 4830.21 4826.62 4828.73 4836.89 4841.02 4840.34 4835.63 4828.97 4826.55 4825.06 4822.62 4818.88 4814.06 4807.43 4797.41 4794.07
4841.14 4866.3 4898.1 4867.89 4846.2 4834 4838.32 4842.69 4838.04 4826.43 4809.5 4796.39 4795.56 4801.11 4814.66 4827.56 4834.23 4839.06 4841.24 4842.62 4843.45 4843.73 4843.39 4843.42 4846.24 4847.57 4848.83 4854.48 4859.4 4859.11 4858.98 4859.97 4861.22 4863.56 4861.45 4858.62 4859.16 4858.54 4858.06 4858.27 4859.21 4859.58 4859.36 4856.87 4852.83 4850.5 4851.02 4856.61 4862.99 4859.13 4848.19 4844.66 4844.18 4849.77 4863.51 4870.76 4863.92 4852.86 4841.57 4837.96 4836.28 4833.03 4829.1 4825.26 4821.66 4815.99 4811.23
4841.66 4835.37 4835.92 4839.26 4827.88 4814.38 4817.09 4823.76 4822.35 4818.66 4811.26 4805.52 4804.25 4806.44 4814.78 4821.88 4828.23 4834.17 4838.72 4840.48 4840.4 4839.23 4836.53 4835.3 4840.24 4843.97 4846.56 4852.94 4859.41 4859.58 4857.88 4856.83 4855.43 4854.33 4855.93 4856.88 4856.65 4857.39 4858.92 4860.75 4862.85 4864.79 4865.66 4863.32 4854.6 4852.6 4854.55 4858.88 4866.64 4870.05 4867.94 4867.64 4870.05 4875.16 4887.95 4899.49 4883.15 4869.77 4859.31 4854.02 4849.46 4844.02 4838.7 4835.14 4835.72 4842.36 4832.4
4836.81 4813.98 4804.5 4819.4 4813.99 4805.99 4807.23 4812.99 4815.37 4817.88 4818.46 4817.95 4818.73 4821.82 4823.62 4826.68 4830.73 4835.5 4838.85 4839.67 4838.6 4836.59 4834.26 4833.79 4837.69 4842.09 4846.85 4854.3 4859.93 4857.71 4854.2 4851.35 4850.01 4849.57 4849.67 4850.66 4852.97 4855.23 4858.33 4861.66 4865.22 4868.81 4871.8 4870.55 4860.9 4856.75 4857.76 4859.49 4860.35 4873.61 4888.34 4886.81 4889.69 4888.43 4889.97 4893.77 4886.84 4880.48 4876.97 4871.98 4862.72 4853.73 4845.73 4839.84 4836.94 4837.93 4834.26
