real_craters/C096-300m.grd
DSAA
215 215
-32.0775 32.0775
-32.0775 32.0775
3581.2784622085 5290.1261189445
[rows 120 to 149 of 215, columns 134 to 200 of 215]
5150.65 5148.64 5109.42 5060.55 5033.35 5012.25 4985.57 4945.21 4911.45 4870.86 4825.49 4776.07 4724.58 4670.24 4612.19 4556.66 4547.07 4584.7 4632.18 4680.58 4727.96 4771.82 4803.35 4814.6 4786.15 4779.33 4772.51 4766.86 4762.12 4758.02 4755.13 4751.88 4748.78 4745.83 4742.69 4739.36 4735.75 4731.77 4727.4 4722.09 4718.25 4715.45 4711.58 4706.78 4704.12 4703.73 4703.73 4703 4702.34 4701.62 4701.45 4700.83 4697.43 4694.97 4694.79 4693.97 4692.83 4692.09 4692.46 4691.74 4691.05 4693.36 4692.46 4691.75 4691.48 4694.18 4694.03
5143.95 5143.87 5113.69 5073.68 5044.67 5022.35 4997.14 4958.75 4924.45 4883.96 4840.8 4796.49 4754.85 4713.31 4671.01 4627.89 4619.07 4638.09 4665.76 4698.18 4731.95 4761.5 4783.28 4795.09 4775.84 4772.17 4767.32 4762.79 4758.99 4755.3 4753.36 4750.25 4747.18 4744.06 4740.85 4737.43 4733.75 4729.79 4725.65 4721.47 4718.68 4717.37 4713.99 4708.22 4704.6 4702.59 4700.51 4701.61 4701.07 4700.39 4700.33 4698.86 4694.08 4690.8 4689.64 4688.2 4686.44 4685.38 4683.08 4682.13 4684.31 4683.65 4684.5 4682.69 4686.27 4686.06 4686.97
5130.43 5133.52 5112.04 5081.92 5057.76 5037.59 5021.12 4989.34 4946.37 4900.38 4857.46 4819.3 4788.27 4764.52 4749 4732.12 4710.7 4700.68 4704.68 4719.04 4737.91 4754.55 4764.53 4763.64 4764.2 4763.02 4760.2 4757.03 4753.81 4750.92 4749.19 4746.31 4743.43 4740.54 4737.49 4734.26 4730.83 4727.17 4723.35 4719.33 4716.5 4712.95 4709.92 4707.92 4706.58 4703.25 4699.68 4696.9 4694.4 4692.12 4690.34 4691.12 4685.04 4683.56 4681.84 4680.66 4679.59 4682.04 4682.48 4681.57 4680.7 4679.87 4679.11 4681.29 4680.77 4680.34 4679.93
5109.84 5121.9 5105.81 5075.39 5047.96 5045.93 5045.7 5018.15 4962.09 4910.38 4867.99 4834.57 4812.47 4804.09 4817.41 4845.45 4790.22 4750.88 4736.31 4736.87 4744.64 4753 4754.64 4752.71 4754.19 4754.43 4753.15 4751.21 4748.91 4746.39 4743.82 4741.19 4738.51 4735.75 4732.94 4730.02 4726.96 4723.73 4720.31 4716.65 4713.22 4707.92 4704.17 4706.71 4707.97 4703.8 4698.29 4693.83 4688.76 4685.45 4682.88 4683.51 4678.22 4677.23 4678.14 4677.21 4676.42 4675.91 4675.15 4676.61 4675.77 4675.09 4672.63 4671.88 4671.46 4671.17 4673.11
5114.82 5118.41 5102.56 5073.49 5048.11 5042.75 5043.49 5015.08 4954.31 4904.57 4866.48 4837.67 4818.99 4813.27 4821.98 4834.73 4802.32 4769.13 4751.95 4746.39 4747.84 4754.01 4748.89 4745.06 4746.13 4746.67 4746.32 4745.3 4743.78 4741.93 4740.08 4737.82 4735.42 4732.9 4730.06 4727.35 4724.51 4721.52 4718.34 4714.85 4711.25 4706.14 4702.47 4706.26 4708.77 4703 4695.16 4689.51 4684.58 4681.32 4678.89 4680.03 4675.13 4674.33 4673.02 4671.41 4670.74 4670.92 4670.47 4672.14 4668.81 4668.33 4667.92 4667.45 4666.97 4666.22 4667.64
5131.45 5119.78 5098.02 5075.16 5055.16 5015.8 4982.44 4952.86 4915.52 4882.41 4853.91 4830.22 4810.91 4796.21 4783.43 4774.29 4772.07 4761.2 4751.43 4746.5 4745.18 4745.72 4740.53 4739.06 4739.16 4739.8 4739.94 4739.55 4738.65 4737.49 4736.25 4734.39 4732.33 4730.09 4727.4 4724.96 4722.41 4719.74 4716.91 4713.86 4710.43 4707.6 4706.58 4705.65 4705.2 4697.15 4688.57 4683.19 4679.53 4676.99 4675.13 4678.04 4671.74 4670.18 4667.67 4667.06 4666.46 4665.93 4665.46 4664.74 4664.53 4664.4 4664.34 4664.61 4664.22 4664.23 4666.24
5146.49 5114.1 5080.82 5052.53 5024.4 4960.77 4890.6 4871.58 4864.63 4850.33 4832.52 4813.36 4794.12 4773.79 4750.69 4739.41 4745.55 4747.12 4744.16 4741.64 4740.56 4738.16 4733.31 4734.18 4733.53 4733.98 4734.21 4734.03 4733.43 4732.35 4730.93 4729.34 4727.56 4725.63 4723.24 4721.2 4719.12 4716.99 4714.79 4712.46 4709.85 4707.22 4705.38 4698.11 4690.36 4682.71 4678 4675.08 4672.8 4671.18 4669.9 4673.44 4667.55 4666.85 4665.86 4665.36 4665.3 4664.95 4664.81 4663.12 4663.03 4662.99 4662.98 4664.45 4664.61 4664.66 4664.53
5144.87 5092.94 5044.32 5000.89 4961.18 4895.87 4831.76 4821.25 4825.02 4821.33 4811.13 4796.92 4779.41 4759.18 4736.18 4727.52 4732.63 4737.08 4737.63 4736.38 4734.86 4732.14 4730.25 4729.67 4728.38 4728.53 4728.52 4728.24 4727.65 4726.76 4725.39 4724.02 4722.5 4720.88 4719.24 4717.55 4715.87 4714.22 4712.59 4710.88 4708.61 4704.9 4697.63 4688.38 4675.07 4667.04 4667.23 4667.07 4666.51 4665.86 4665.21 4668.91 4665.34 4665.03 4664.36 4664.2 4664.09 4664.84 4664.77 4664.44 4664.41 4663.91 4663.84 4663.75 4663.66 4663.55 4662.56
5112.68 5052.28 4992.47 4931.15 4864.11 4826.01 4811.07 4803.14 4803.77 4801.18 4794.24 4783.65 4769.58 4754.16 4738.58 4731.57 4731.37 4733.64 4734.77 4733.99 4730 4725.78 4727.34 4726.41 4725.06 4724.74 4724.23 4723.54 4722.68 4721.52 4720.33 4718.81 4717.43 4716.02 4715.33 4713.93 4712.58 4711.32 4710.18 4709.12 4707.86 4705.46 4700.47 4689.78 4671.71 4660.22 4661.17 4661.89 4662.04 4662.09 4662.04 4665.19 4663.2 4663.22 4663.37 4663.74 4663.88 4664.67 4664.79 4663.09 4663.08 4663.06 4663.01 4663.61 4663.5 4663.35 4663.16
5058.36 4999.28 4937.31 4871.11 4801.97 4782.7 4797.48 4796.25 4792.97 4788.6 4782.3 4773.89 4763.98 4754.69 4748.95 4740.12 4734.42 4734.05 4735.11 4734.18 4731.82 4727.85 4726.12 4723.99 4722.46 4721.48 4720.43 4719.36 4718.24 4717.21 4716.01 4714.71 4713.46 4712.2 4711.27 4710.05 4708.89 4707.86 4707.03 4706.49 4706.47 4706.66 4707.76 4699.53 4678.75 4665.11 4660.54 4659.11 4659.27 4659.56 4659.95 4662.19 4661.07 4661.55 4661.82 4662.1 4662.34 4662.52 4662.69 4663 4661.44 4661.58 4661.52 4661.43 4662.03 4661.81 4661.55
4992.68 4942.67 4889.45 4833.42 4781.76 4772.07 4792.97 4791.36 4786.69 4780.31 4773.67 4765.51 4758.31 4752.06 4748.16 4741.1 4736.68 4735 4735.27 4734.57 4733.37 4729.21 4725.31 4722.59 4720.95 4719.44 4718.15 4716.95 4715.78 4714.18 4712.96 4711.78 4710.53 4709.27 4707.88 4706.65 4705.47 4704.38 4703.45 4702.8 4702.5 4703.32 4705.52 4699.77 4680.95 4668.3 4660.2 4657.23 4656.78 4657.03 4657.51 4659.42 4658.81 4659.29 4659.7 4660.42 4660.92 4661.2 4660.95 4661.14 4661.45 4661.56 4661.61 4661.5 4661.96 4661.83 4661.65
4921.24 4888.72 4850.98 4811.26 4776.73 4771.17 4789.41 4787.49 4780.76 4772.69 4765.42 4757.57 4751.49 4746.07 4741.01 4736.42 4735.7 4734.01 4733.75 4733.18 4732.57 4729.17 4724.19 4721.66 4720.13 4718.54 4717.22 4716.03 4714.89 4712.56 4711.28 4710.16 4708.83 4707.47 4704.99 4703.57 4702.14 4700.71 4699.28 4697.84 4696.27 4694.4 4690.74 4682.4 4670.85 4660.31 4656.33 4654.79 4654.37 4654.82 4655.31 4657 4655.84 4656.99 4656.8 4658.03 4658.37 4658.63 4657.75 4657.93 4658.61 4658.7 4658.75 4658.77 4658.64 4658.6 4657.62
4854.71 4841.81 4820.35 4797.93 4779.95 4778.34 4787.22 4783.34 4773.81 4765.15 4757.61 4750.41 4745.22 4741.03 4737.29 4733.5 4732.76 4732.12 4731.07 4730.13 4728.29 4725.66 4721.94 4720.6 4718.73 4717.26 4715.95 4714.74 4713.56 4712.37 4710.6 4709.21 4707.8 4706.3 4704.7 4701.43 4699.6 4697.62 4695.4 4692.78 4689.44 4684.52 4676.84 4666.78 4660.99 4655.04 4653.72 4653.13 4652.68 4653.2 4653.66 4655.21 4653.5 4654.18 4654.58 4655.71 4656.07 4656.37 4657.21 4657.38 4657.94 4657.99 4658.24 4657.41 4656.91 4656.88 4656.86
4807.56 4805.12 4797.06 4789.05 4785.61 4792.21 4790.48 4778.75 4767.32 4759 4751.27 4745.59 4740.49 4735.99 4732.38 4730.04 4729.17 4729.09 4728.3 4726.76 4722.07 4720.97 4720.08 4718.56 4717.02 4714.85 4714.24 4712.93 4711.61 4710.24 4709.33 4707.35 4705.77 4704.07 4702.23 4699.97 4697.71 4695.12 4692.09 4688.39 4683.7 4677.11 4669.31 4661.48 4657.3 4655.4 4653.71 4652.54 4652.83 4653.61 4654.39 4655.54 4653.46 4654.21 4654.63 4654.86 4655.16 4655.38 4655.44 4655.57 4655.09 4655.17 4655.22 4655.07 4654.84 4654.91 4655
4779.49 4781.12 4781.55 4780.87 4784.33 4794.5 4783.66 4769.36 4759.81 4753.52 4746.91 4741.17 4735.99 4732.1 4728.97 4727.1 4725.61 4725.67 4725.27 4725.92 4724.81 4718.61 4717.04 4715.74 4714.3 4712.53 4711.31 4709.78 4708.2 4706.55 4706.48 4704.95 4703.17 4701.24 4699.14 4697.82 4695.17 4692.11 4688.53 4684.24 4679.03 4672.01 4665.28 4658.98 4655.84 4654.85 4653.57 4652.26 4652.77 4653.36 4653.84 4654.97 4652.53 4653.37 4653.65 4652.66 4652.81 4652.93 4653.27 4653.36 4652.68 4652.74 4652.81 4652.89 4651.34 4651.45 4651.62
4766.12 4768.29 4768.85 4769.65 4770.72 4768.1 4761.55 4755.94 4750.95 4747.95 4742.41 4736.68 4731.02 4725.71 4723.21 4723.09 4722.82 4722.14 4721.72 4721.39 4717.89 4715.78 4714.18 4713.1 4711.74 4710.18 4708.72 4707.07 4705.35 4703.55 4702.52 4700.62 4698.27 4696.11 4693.79 4692.24 4689.56 4686.55 4683.11 4679.1 4674.42 4668.85 4663.31 4657.88 4654.87 4653.94 4653.13 4652.18 4652.19 4652 4653.03 4653.58 4653.85 4651.13 4651.06 4650.29 4650 4649.91 4651.64 4651.59 4650.69 4649.43 4649.39 4649.39 4649.33 4649.46 4649.67
4760.42 4760.04 4759.58 4759.25 4756.15 4748.05 4741.4 4742.66 4742.14 4739.33 4735.55 4730.41 4725.04 4720.16 4718.33 4719.12 4719.44 4719.51 4719.58 4717.86 4713.62 4712.92 4711.74 4710.98 4709.66 4708.18 4706.64 4704.93 4703.12 4701.22 4698.91 4696.81 4694.37 4692.07 4689.66 4687.62 4684.9 4681.93 4678.67 4675.06 4671.07 4667.23 4662.51 4657.52 4654.85 4654.03 4653.27 4652.8 4652.7 4651.78 4652.88 4653.02 4653.49 4653.96 4653.89 4654.51 4654.84 4655.19 4656.89 4657.11 4656.95 4657.18 4657.19 4657.43 4657.62 4657.89 4658.5
4754.51 4753.63 4752.67 4751.82 4748.72 4737.67 4728.68 4732.69 4733.99 4732.24 4728.59 4724.02 4719.48 4715.75 4715.15 4716.22 4717.44 4718.47 4718.75 4719.8 4716.19 4712.79 4710.14 4708.84 4707.32 4705.36 4703.78 4701.87 4699.87 4697.77 4696.46 4694.28 4692.49 4690.14 4687.66 4685.75 4682.94 4679.93 4676.71 4673.29 4669.73 4666.48 4662.9 4659.97 4657.56 4655.41 4653.93 4654.03 4654.62 4654.6 4655.52 4655.82 4656.58 4656.87 4657.09 4657.42 4656.87 4655.59 4657.78 4657.93 4658.07 4658.21 4658.3 4658.4 4658.51 4658.66 4658.8
4748.88 4748.62 4748.58 4747.79 4745.9 4736.86 4728.4 4730.72 4730.2 4727.39 4723.11 4718.64 4714.45 4711.96 4712.02 4714.04 4715.97 4717.21 4717.63 4716.64 4714.61 4712.87 4709.66 4708.51 4706.89 4705.16 4703.29 4701.3 4699.2 4696.99 4695.68 4693.35 4691.08 4688.55 4685.91 4684.74 4681.82 4678.76 4675.58 4672.33 4669.12 4665.74 4663.5 4662.46 4660.75 4657.27 4654.97 4655.45 4656.33 4657.65 4658.18 4658.92 4659.62 4659.78 4660.13 4659.81 4659.87 4660.08 4660.28 4660.08 4660.19 4659.43 4658.93 4659.03 4659.12 4659.32 4658.51
4748.85 4746.71 4746.61 4746.92 4747.65 4745.24 4740.43 4735.48 4729.68 4724.18 4718.99 4714.14 4710.04 4707.72 4709.42 4711.98 4714.86 4717.02 4717.98 4715.52 4714 4711.02 4709.74 4708.45 4706.69 4704.84 4703.04 4701 4698.85 4696.59 4694.87 4692.44 4689.89 4687.25 4684.52 4681.44 4678.63 4675.79 4672.95 4670.18 4667.57 4664.86 4663.26 4662.72 4661.67 4658.86 4657 4657.77 4658.41 4659.37 4659.33 4660.12 4660.15 4659.61 4659.73 4659.54 4659.44 4659.53 4659.63 4661.03 4661.13 4661.26 4661.29 4661.13 4661.05 4660.97 4659.86
4746.7 4745.19 4744.28 4743.84 4744.78 4749.35 4753.51 4739.55 4728.92 4721.42 4715.33 4710.19 4706.08 4704.5 4707.4 4711.18 4715.04 4718.43 4721.09 4721.31 4716.58 4714.39 4709.31 4708.36 4706.28 4704.06 4702.04 4699.83 4697.55 4695.19 4692.31 4689.78 4687.21 4684.33 4681.68 4677.81 4675.25 4672.75 4670.33 4668.05 4665.96 4664.04 4662.54 4661.3 4660.02 4660.08 4660.85 4661.64 4661.5 4660.94 4660.51 4660.54 4660.2 4659.51 4659.4 4659.41 4659.43 4659.63 4659.77 4660.94 4660.67 4660.33 4660.36 4660.36 4661.02 4660.85 4660.67
4744.68 4741.17 4738.53 4737.76 4740.85 4742.15 4741.76 4733.06 4724.81 4717.94 4712.49 4707.55 4703.59 4702.76 4706.31 4710.98 4715.92 4720.34 4723.84 4723.47 4718.8 4715.78 4709.77 4708.46 4706.01 4703.53 4700.87 4698.39 4695.9 4693.38 4690.84 4687.39 4684.79 4682.34 4679.75 4676.88 4674.4 4671.83 4669.54 4667.39 4665.4 4663.6 4661.94 4660.28 4658.5 4661.95 4666.2 4666.27 4664.25 4662.41 4661.93 4661.31 4661.1 4660.17 4660.1 4660.29 4660.39 4660.54 4660.49 4660.81 4660.95 4660.76 4660.86 4660.91 4661 4661.29 4661.2
4740.32 4735.45 4731.01 4727.46 4725.23 4725.23 4721.18 4720.61 4718.58 4714.63 4710.06 4705.85 4702.67 4702.7 4706.07 4711.02 4716.5 4721.84 4725.84 4722.83 4719.96 4716.82 4711.09 4709.69 4707.19 4704.58 4701.96 4699.1 4696.52 4693.91 4691.27 4688.43 4685.77 4683.26 4680.59 4677.95 4675.21 4672.45 4670.03 4667.72 4665.58 4663.66 4662.04 4661.24 4662.07 4665.18 4669.54 4668.74 4665.35 4663.13 4662.04 4661.6 4661.37 4660.55 4660.69 4660.82 4661.36 4661.59 4661.84 4662.05 4662.26 4662.73 4663.1 4663.17 4663.17 4662.79 4662.64
4736.01 4729.88 4724.06 4717.48 4711.07 4712.26 4712.43 4714.19 4714.69 4712.57 4708.9 4705 4702.31 4702.89 4706.54 4711.43 4716.97 4722.7 4728.25 4724.92 4721 4715.21 4713.22 4710.47 4707.77 4705.06 4702.18 4699.57 4696.92 4694.26 4691.61 4688.91 4686.25 4683.73 4681.07 4678.43 4675.87 4672.77 4670.3 4667.92 4665.67 4663.63 4661.97 4661.38 4662.46 4663.48 4665.78 4665.42 4663.42 4662.12 4661.22 4660.98 4660.96 4660.39 4661.34 4661.55 4661.88 4662.23 4663.35 4663.68 4664.03 4664.33 4664.54 4664.62 4664.67 4664.04 4663.88
4732.71 4726.18 4719.76 4713.32 4708.71 4710.07 4713.13 4714.81 4714.71 4712.85 4709.67 4705.46 4701.33 4702.85 4707.03 4711.9 4716.66 4721.2 4726.77 4725 4721.74 4716.13 4713.69 4710.61 4707.87 4705.75 4703.1 4700.42 4697.77 4695.12 4692.46 4690.06 4687.41 4685.03 4682.35 4679.65 4676.99 4674.3 4671.68 4669.06 4666.5 4664.06 4661.94 4660 4657.9 4658.01 4659.57 4659.88 4660.03 4660.39 4660.06 4660.2 4660.5 4660.21 4660.55 4660.91 4661.69 4662.17 4662.79 4662.81 4663.46 4663.96 4664.28 4664.67 4664.79 4664.81 4663.12
4731.96 4725.18 4718.44 4713.28 4710.98 4712.02 4715.25 4717.41 4717.45 4715.66 4712.65 4708.76 4704.77 4705.83 4709.31 4712.78 4716.22 4718.72 4718.63 4721.6 4721.07 4716.48 4714.29 4711.53 4708.92 4706.65 4704.02 4701.38 4698.7 4696 4693.28 4690.85 4688.13 4685.41 4682.68 4680.28 4677.95 4675.19 4673.42 4670.5 4667.58 4664.69 4661.76 4659.26 4656.93 4656.14 4656.11 4656.2 4656.69 4657.98 4658.57 4658.45 4658.99 4658.49 4658.82 4659.49 4660.26 4660.33 4661.73 4662.36 4663.1 4663.6 4662.67 4662.99 4663.52 4662.77 4662.74
4732.64 4724.65 4717.59 4712.64 4711.55 4714.48 4719.06 4722.25 4722.13 4720.14 4717.3 4714.51 4713.13 4711.52 4712.66 4714.57 4716.91 4719.1 4720.61 4722.29 4720.33 4716.6 4714.66 4712.23 4709.59 4706.97 4704.13 4701.4 4698.64 4695.88 4693.1 4690.71 4687.97 4685.23 4682.5 4679.79 4677.84 4675.12 4672.4 4669.67 4666.92 4664.14 4661.34 4658.81 4656.18 4654.58 4654.13 4654.3 4654.95 4656.12 4657.26 4657.05 4657.63 4658.16 4657.86 4658.72 4659.32 4659.97 4661.35 4662.1 4661.8 4662.42 4661.81 4662.33 4663.29 4664.4 4664.59
4732.82 4724.06 4716.76 4711.29 4711.47 4716.81 4723.8 4729.03 4727.56 4725.16 4722.4 4719.52 4716.93 4716.29 4716.21 4716.52 4717.57 4719.66 4723.52 4721.62 4719.72 4716.32 4714.9 4713.05 4710.4 4707.97 4705.44 4702.9 4700.26 4697.58 4694.86 4691.91 4689.16 4686.4 4683.65 4680.9 4678.66 4675.92 4673.17 4670.42 4667.63 4664.79 4661.99 4658.88 4655.51 4652.98 4653.12 4653.65 4653.9 4655.04 4656.26 4656.99 4657.95 4658.9 4659.33 4660.15 4659.77 4660.44 4659.12 4659.77 4660.31 4661.02 4661.74 4662.76 4664.23 4666.52 4667.1
4733.46 4724.24 4716.21 4710.5 4711.83 4718.57 4726.38 4732.15 4731.63 4729.65 4727.49 4724.89 4722.27 4720.81 4719.62 4718.43 4717.64 4717.32 4717.21 4718.27 4718.22 4717.07 4715.79 4714.18 4712.05 4709.86 4707.53 4705.21 4702.71 4700.15 4697.53 4694.14 4691.16 4688.41 4685.65 4682.89 4680.01 4677.26 4674.51 4671.77 4669 4666.07 4663.35 4660.11 4656.76 4654.29 4653.34 4652.42 4652.82 4654.46 4655.56 4656.74 4658.27 4659.5 4660.28 4661.29 4662.29 4660.87 4660.96 4661.99 4662.12 4662.97 4665.26 4666.22 4666.35 4667.36 4667.42
4733.97 4724.58 4717.28 4712.68 4714.04 4719.8 4727.06 4733.53 4733.38 4732.64 4732.06 4730.92 4728.5 4725.95 4723.03 4720.38 4717.98 4715.89 4715.91 4717.27 4717.46 4716.61 4715.84 4714.37 4712.44 4710.35 4708.12 4705.9 4703.5 4701.03 4698.52 4695.6 4693.17 4690.54 4687.89 4685.22 4681.49 4678.83 4676.17 4673.53 4670.89 4668.22 4665.6 4662.58 4659.5 4657.09 4655.11 4653.37 4653.26 4654.5 4655.28 4656.44 4657.87 4659.08 4659.89 4660.97 4662.05 4661.51 4662.43 4663.7 4666.01 4667.05 4667.79 4668.51 4669.14 4670.17 4671.26
