real_craters/C096-500m.grd
DSAA
129 129
-32.0775 32.0775
-32.0775 32.0775
3583.2919103478 5291.6060391443
[rows 90 to 119 of 129, columns 0 to 66 of 129]
4641.1 4641.53 4643.34 4645.16 4646.5 4648.37 4649.67 4654.73 4661.13 4668.41 4676.54 4685.74 4696.48 4707.56 4715.88 4724.1 4732.16 4739.71 4746.74 4750.44 4759.42 4769.51 4781.32 4796.09 4796.75 4795.34 4803.27 4801.5 4797.89 4794.04 4789.47 4783.53 4784.43 4823.38 4837.85 4832.17 4828.53 4825.65 4821.83 4801.52 4772.18 4753.59 4747.88 4745.86 4745.64 4749.52 4761.37 4764 4765.49 4755.31 4744.17 4746.64 4754.71 4758.73 4757.66 4754.12 4752.05 4754.54 4773.95 4787.02 4801.29 4799.95 4803.28 4836.84 4866.99 4893.41 4915.22
4638.69 4641.12 4643.34 4645.15 4646.76 4648.02 4649.57 4652.01 4656.81 4662.42 4668.23 4674.37 4682.83 4691.95 4702.13 4711.14 4719.23 4725.67 4731.78 4749.16 4756.04 4766.85 4777.68 4783.38 4794.31 4803.87 4806.63 4802.78 4799.79 4799.14 4804.45 4808.61 4788.04 4816.39 4813.67 4820.27 4821.32 4828.91 4821.35 4801.18 4768.21 4753.53 4750.63 4748.86 4746.21 4758.9 4774.21 4775.57 4766.2 4745.73 4724.71 4732.19 4738.5 4741.17 4741.2 4739.08 4734.89 4741.75 4747.72 4751.21 4791.59 4812.67 4809.65 4800.49 4816.47 4838.38 4844.09
4641.54 4642.9 4644.02 4645.33 4646.61 4647.83 4647.79 4649.08 4652.99 4657.68 4662.22 4666.31 4673.09 4681.03 4690.11 4699.14 4707.93 4718.37 4730.98 4738.88 4751.25 4764.21 4776.44 4784.19 4794.03 4799.14 4800.19 4798.74 4796.73 4795.86 4796.8 4790.88 4784.32 4812.4 4811.54 4805.18 4804.62 4805.47 4820.46 4809.95 4767.33 4759.09 4758.32 4759.24 4762.07 4768.3 4793.2 4787.28 4767.64 4747.9 4723.6 4720.8 4725.07 4728.38 4728.85 4728.75 4732.53 4727.78 4733.23 4757.82 4806.2 4826.95 4814.33 4785.45 4787.26 4800.75 4814.73
4643.28 4644.34 4644.46 4645.01 4646.4 4646.76 4645.95 4647 4650.96 4654.97 4658.87 4662.77 4661.92 4670.23 4680.02 4688.81 4696.79 4705.62 4720.23 4737.38 4746.91 4759.17 4776.24 4795.62 4799.43 4799.48 4794.95 4792.43 4789.83 4785.76 4777.02 4766.09 4776.07 4801.39 4796.8 4791.67 4793.95 4801.73 4812.24 4809.37 4791.43 4777.54 4769.72 4766.54 4765.32 4757.04 4787.49 4784.7 4785.83 4770.07 4739.78 4717.27 4721.72 4722.95 4722.17 4720.56 4721.02 4728.28 4730.88 4746.04 4787.94 4808.75 4791.31 4753.1 4762.37 4774.39 4780.91
4643.04 4643.88 4643.43 4643.76 4644.42 4645.77 4647.96 4649.39 4650.46 4653.29 4656.46 4658.79 4660.47 4665.74 4673.24 4681.67 4688.6 4694.27 4707.95 4725.55 4736.43 4746.55 4765.82 4785.65 4798.47 4800.99 4795.23 4788.37 4781.13 4773.98 4763.39 4756.75 4768.94 4798.64 4790.9 4782.95 4787.06 4793.61 4803.12 4808.8 4814.32 4793.49 4777.67 4765 4753.79 4744.51 4754.06 4768.44 4785.9 4780.73 4754.09 4741.6 4727.82 4721.96 4719.37 4717.17 4718.17 4737.51 4743.08 4733.65 4754.8 4788.83 4782.11 4757.14 4754.61 4759.65 4763.31
4639.44 4639.57 4641.11 4642.51 4643.34 4644.76 4647.94 4647.68 4649.71 4652.11 4654.7 4657.58 4661.5 4663.74 4669.92 4676.7 4683.63 4691.89 4702.14 4701.37 4695.85 4723.96 4751.31 4773.12 4790.76 4794.2 4788.47 4779.44 4770.38 4762.75 4751.36 4740.43 4756.89 4787.27 4777.46 4772.32 4780.14 4785.7 4787.83 4788.94 4804.24 4793.8 4780.98 4767.28 4752.91 4746.32 4747.4 4744.19 4754.36 4746.77 4741.19 4739.82 4726.86 4720.94 4719.34 4718.92 4723.34 4738.28 4747.71 4725.62 4746.4 4774.08 4778.41 4765.3 4753.91 4749.55 4747.11
4637.01 4636.36 4639.68 4642.51 4644.2 4645.93 4646.88 4648.48 4649.52 4650.86 4652.78 4654.73 4653.59 4661.24 4667.83 4674.3 4681.27 4689.29 4700.13 4688.35 4683.81 4716.02 4742.89 4762.38 4773.33 4776.97 4770.11 4762.58 4759.2 4754.02 4748.63 4744.13 4753.5 4770.01 4772.99 4772.48 4774.96 4775.24 4773.18 4775.99 4787.63 4783.35 4777.88 4770.75 4754.95 4738.56 4732.49 4729.83 4735.65 4737.15 4729.11 4719.55 4716.35 4716.01 4718.58 4722.34 4721.5 4726.11 4730.27 4724.63 4743.8 4788.32 4779.33 4763.37 4750.79 4740.6 4730.11
4637.55 4638.53 4640.33 4642.84 4645.76 4647.9 4647.09 4648.01 4648.93 4650.17 4651.86 4653.74 4657.26 4661.41 4667.37 4673.69 4679.94 4688.58 4700.8 4707.84 4718.03 4724.12 4740.7 4754.27 4764 4763.79 4760.71 4756.79 4750.12 4745.74 4745.21 4751.91 4761.55 4771.13 4774.98 4780.74 4773.9 4771.54 4765.5 4758.84 4762.6 4766.25 4767.27 4768.41 4747.74 4718.89 4707.47 4717.61 4730.21 4739.92 4713.7 4699.65 4704.86 4710.59 4716.56 4722.99 4721.49 4720.06 4722.28 4728.52 4733.21 4764.95 4766.4 4756.38 4745.38 4734.57 4725.56
4639.74 4639.87 4641.39 4643.07 4646.26 4650.15 4648.08 4646.71 4647.01 4648.16 4650.44 4653.14 4656.83 4662.93 4669.08 4674.68 4679.64 4685.73 4701.43 4710.6 4717.05 4721.69 4728.41 4739.69 4746.85 4749.91 4748.3 4743.57 4737.79 4732.51 4729.67 4733.01 4741.93 4754.52 4757.4 4773.73 4797.78 4777.64 4755.28 4739.81 4742.85 4750.35 4751.82 4745.38 4732.75 4712.21 4700.18 4711.74 4719.14 4717.86 4697.23 4691.25 4698.16 4705.66 4712.12 4717.02 4716.1 4718.77 4725.96 4725.45 4727.41 4732.29 4748.72 4747.22 4738.09 4728.37 4718.19
4640.89 4643.48 4642.28 4641.45 4641.57 4650.63 4644.02 4644.09 4644.88 4647.55 4650.07 4652.53 4658.68 4666.87 4672.93 4677.92 4682.58 4689.01 4700.35 4707.62 4711.98 4715.44 4716.51 4727.28 4737.38 4736.59 4732.97 4727.72 4723.12 4718.79 4712.9 4708.31 4707.04 4717.46 4718.23 4717.4 4766.97 4767.58 4750.66 4736.83 4737.04 4741.72 4740.5 4738.34 4725.91 4711.96 4706.6 4713.69 4711.12 4703.77 4690.83 4691.08 4695.21 4701.29 4706.97 4710.35 4709.09 4710.23 4713.9 4725.81 4726.02 4727.87 4730.51 4733.89 4729.48 4722.03 4713.25
4641.11 4641.35 4640.99 4639.63 4635.59 4618.04 4639.44 4644.69 4645.93 4649.15 4652.9 4656.18 4667.09 4673.81 4678.28 4682.45 4687.43 4692.78 4697.68 4704.54 4710.59 4712.9 4714.19 4720.26 4723.5 4725.6 4721.08 4711.69 4712.42 4709.75 4704.63 4700.53 4699.64 4702.46 4702.32 4702.39 4741.27 4753.85 4746.88 4748.82 4745.94 4741.65 4737.06 4728.84 4727.04 4720.32 4717.94 4711.39 4705.29 4696.09 4690.36 4692.43 4696.47 4700.86 4704.38 4705.89 4708.71 4709.09 4706.78 4712.33 4716.72 4722.7 4722.62 4724.53 4722.37 4717.46 4713.53
4640.83 4641 4640.64 4640.25 4641.16 4651.07 4652.42 4649.04 4648.1 4653.18 4658.68 4665.68 4674.37 4680.64 4683.56 4686.29 4689.41 4693.29 4696.94 4701.06 4705.22 4709.38 4714.02 4718.9 4721.58 4719.66 4716.14 4712.78 4710.06 4706.86 4701.99 4700.88 4700.03 4703.96 4710.13 4723.28 4747.53 4752.32 4753.04 4757.33 4748.91 4741.82 4738.44 4738.86 4733.19 4731.54 4718.59 4708.47 4703.63 4699.41 4696.69 4697.52 4700.03 4703.06 4706.15 4709.03 4708.08 4710.99 4701.53 4694.86 4696.12 4708.06 4720.66 4720.61 4718.03 4713.91 4711.02
4641.77 4640.94 4640.56 4641.53 4642.94 4645.64 4649.9 4651.62 4654.57 4658.56 4664.78 4672.42 4681 4685.86 4687.5 4688.97 4690.64 4692.49 4695.1 4697.31 4699.18 4704.05 4712.08 4713.92 4715.92 4715.04 4713.79 4712.12 4710.85 4709.29 4708.76 4708.64 4712.13 4714.43 4721.94 4737.92 4753.78 4751.94 4750.56 4752.21 4748.14 4737.36 4729.59 4726.49 4730.63 4731.12 4719.76 4710.83 4708.04 4707.01 4700.58 4701.63 4703.42 4705.69 4706.79 4708.77 4710.72 4712.71 4701.07 4695.2 4698.67 4706.43 4717.1 4715.99 4713.45 4709.91 4705.8
4640.63 4642.23 4642.88 4642.55 4643.08 4645.18 4649.18 4652.38 4656.3 4662.48 4669.86 4677.04 4684 4688.21 4690.02 4690.62 4691.74 4692.22 4692.57 4693.72 4695.96 4698.4 4698.45 4703.77 4707.26 4710.39 4712.24 4712.82 4712.79 4712.69 4711 4716.12 4721.61 4719.3 4725.09 4741.9 4750.37 4747.91 4749.13 4752 4736.97 4731.12 4724.65 4723.01 4725.22 4724.51 4722.58 4710.85 4705.56 4713.33 4705.72 4705.03 4707.18 4709.36 4708.89 4705.84 4704.57 4699.79 4687.14 4697.44 4689.71 4698.86 4705.36 4710.31 4710.16 4707.85 4704.41
4641.11 4642.07 4643.04 4642.95 4643.43 4644.64 4647.69 4653.61 4659.31 4666.29 4675.11 4682.68 4687.72 4690.57 4690.71 4690.29 4690.4 4690.81 4690.38 4689.81 4688.64 4687.66 4693.09 4695.44 4700.41 4706.2 4711.6 4715.47 4717.92 4717.03 4714.07 4718.13 4715.56 4704.21 4713.03 4730.13 4735.81 4739.25 4746.66 4750.43 4739.44 4733.33 4722.17 4719.6 4725.03 4724.81 4716.97 4712.73 4721.12 4723.65 4712.14 4710.04 4712.09 4714.96 4718.19 4698.58 4697.73 4693.96 4688.06 4696.25 4710.15 4706.69 4706.78 4709.57 4710.59 4709.78 4708.47
4641.32 4641.84 4642.3 4643.35 4644.87 4647.08 4651.53 4657.26 4662.79 4670.37 4680.5 4687.6 4690.42 4691.74 4690.27 4688.16 4686.32 4685.49 4685.67 4686.24 4687.24 4688.93 4688.68 4688.33 4694.69 4703.12 4711.63 4720.08 4724.94 4721.53 4717.91 4719.5 4714.62 4693.54 4696.24 4697.17 4714.94 4731.44 4740.58 4745.5 4747.46 4740.38 4734.57 4726.54 4724.54 4722.04 4716.53 4715.06 4713.64 4724 4716.3 4714.73 4716.91 4718.84 4718.9 4706.45 4702.46 4705.11 4695.17 4691.86 4698.91 4707.84 4709.54 4709.63 4709.74 4709.69 4710.78
4641.93 4642.34 4642.5 4644.44 4647.75 4651.87 4656.64 4662.61 4669.97 4677.8 4684.83 4689.14 4690.42 4690.46 4687.92 4684.98 4682.39 4678.5 4680.46 4683.1 4686.01 4688.72 4686.66 4684.2 4691.77 4700.73 4709.58 4718.89 4724.91 4715.93 4707.64 4702.67 4695.3 4691.27 4691.22 4694.34 4714.81 4719.72 4728.88 4735.18 4740.35 4736.32 4720.3 4719.66 4716.9 4715.81 4712.78 4707.93 4712.09 4723.81 4723.25 4722.88 4722.42 4720.55 4716.44 4712.25 4705.72 4696.42 4690.79 4688.85 4701.54 4706.06 4709.25 4710.34 4709.84 4709.23 4709.04
4643.31 4644.04 4644.99 4645.9 4648.18 4653.46 4659.2 4667.73 4676.44 4683.54 4686.57 4687.93 4687.67 4688.71 4683.59 4680.5 4678.05 4677.4 4677.69 4679.94 4683.29 4687.34 4686.25 4684.83 4691.57 4698.15 4704.16 4709.81 4712.41 4704.22 4695.37 4690.18 4687.59 4687.98 4693.52 4698.44 4698.18 4703.83 4701.73 4717.77 4734.35 4737.53 4724.45 4720.18 4717.29 4715.48 4715.39 4716.6 4712.19 4727.87 4736.61 4733.97 4728.77 4723.76 4719.93 4719.45 4711.61 4700.51 4689.99 4695.92 4699.43 4706.31 4709.33 4710.32 4710.99 4710.29 4707.79
4645.55 4646.22 4647.15 4646.95 4646.71 4653.37 4665.35 4674.71 4681.36 4687.1 4690.74 4687.87 4682.53 4665.21 4672.54 4677.46 4676.35 4674.7 4675.33 4677.11 4679.45 4680.89 4689.39 4692.7 4694.03 4695.64 4697.09 4697.35 4693.8 4688.66 4686.06 4686.3 4688.24 4694.87 4697.05 4698.55 4694.59 4692.02 4689.49 4708.73 4728.8 4737.22 4734.78 4727.2 4726.45 4721.64 4719.2 4717.33 4713.86 4728.17 4739.14 4739.23 4732.22 4725.05 4722.97 4719.77 4719.93 4719.93 4706.3 4706.33 4706.03 4703.89 4709.94 4712.43 4714.17 4714.41 4712.02
4648.63 4649.31 4649 4649.62 4653 4661.26 4673.37 4681.74 4683.83 4683.39 4684.01 4684.03 4681.59 4682.81 4680.96 4678.98 4675.33 4671.82 4672.85 4674.63 4676.59 4680.34 4691.79 4700.94 4693.74 4691.79 4690.45 4687.58 4682.3 4680.26 4679.71 4683.06 4686.9 4691.57 4693.43 4693.81 4689.97 4687.37 4696.52 4709.98 4726.41 4739.3 4733.3 4728.85 4718.61 4723.37 4722.72 4721.56 4719.32 4730.83 4738.97 4739.28 4730.82 4723.04 4716.29 4720.55 4720.2 4715.46 4718.76 4713.14 4706.51 4706.6 4710.48 4713.85 4717.38 4720.97 4722.89
4652.99 4654.52 4655.26 4656.49 4660.62 4669.39 4681.3 4689.15 4685.27 4680.57 4676.07 4678.91 4680.26 4679.03 4677.65 4678.01 4675.8 4672.92 4672.36 4673.12 4674.3 4675.37 4677.6 4683.61 4687.16 4686.44 4684.45 4681.37 4678.7 4674.5 4674.43 4676.88 4683.5 4687.7 4692.76 4697.21 4699.88 4698.18 4706.36 4711.18 4721.28 4728.61 4740.4 4735 4730.95 4728.55 4726.93 4724.18 4723.17 4729.75 4731.5 4731.44 4725.6 4721.94 4717.49 4721.64 4738.35 4730.84 4727.28 4710.97 4703.85 4707.16 4709.59 4712.93 4718.26 4725.62 4735.4
4658.05 4661.54 4665.66 4668.79 4670.15 4675.34 4683.79 4689.96 4683.66 4678.21 4677.55 4678.47 4680.26 4682.25 4683.92 4679.46 4677.44 4675.59 4673.42 4672.77 4673.33 4674.14 4675.72 4679.14 4681.85 4682.28 4680.74 4677.36 4671.95 4669.63 4671.54 4676.07 4683.31 4692.85 4705.39 4708.53 4708.21 4701.99 4697.99 4708.13 4719.39 4730.5 4739.04 4742.17 4739.93 4736.06 4732.31 4729.52 4722.18 4719.72 4720.13 4714.21 4718.09 4719.23 4716.82 4716.74 4722.71 4726.69 4724.63 4711.19 4709.83 4710.63 4708.69 4710.12 4716.06 4725.23 4738.79
4662.57 4667.91 4674.34 4677.94 4678.69 4679.34 4679.85 4675.17 4678.38 4678.36 4679.66 4679.86 4680.75 4682.61 4681.21 4677.2 4674.46 4673.64 4672.94 4672.3 4671.56 4671.63 4673.51 4677.82 4678.92 4679.77 4679.41 4676.61 4670.66 4667.8 4671.48 4676.41 4683.7 4691.99 4702.31 4706.4 4705.72 4694.79 4690.61 4703.9 4720.12 4734.27 4740.72 4745.26 4747.06 4742.15 4737.21 4731.09 4721.68 4722.12 4718.15 4713 4716.88 4717.74 4718.04 4707.06 4695.7 4706.05 4715.21 4720.84 4705.95 4704.29 4703.13 4704.41 4709.08 4717.09 4728.63
4665.84 4672.21 4678.52 4682.65 4685.08 4682.85 4678.18 4673.78 4675.19 4679.35 4681.22 4681.16 4680.13 4679.43 4677.51 4675.48 4675.51 4673.22 4672.07 4671.56 4671.33 4668.8 4666.73 4672.35 4675.65 4678.85 4680.62 4679.66 4674.34 4669.87 4674.66 4680.78 4683.66 4686.63 4685.44 4695.14 4699.77 4686.13 4685.31 4699.74 4718.32 4735.12 4743.65 4745.2 4746.26 4745.92 4740.3 4732.79 4723.58 4722.99 4722.71 4724.63 4723.12 4719.09 4713.36 4703.44 4693.49 4688.96 4691.74 4699.42 4691.14 4689.05 4691.99 4695.09 4698.09 4702.51 4709.55
4667.67 4675.27 4683.09 4690.9 4693.11 4686.92 4679.53 4673.11 4674.71 4679.73 4681.62 4680.38 4678.89 4677.15 4676.09 4675.81 4672.93 4671.76 4670.44 4669.8 4669.86 4666.19 4663.62 4667.56 4672.69 4676.72 4680.77 4685.68 4690.47 4676.75 4677.97 4681.85 4683.44 4684.85 4686.31 4691.1 4699.46 4688.12 4684.88 4695.93 4712.84 4734.31 4739.79 4754.73 4755.09 4748.28 4742.5 4735.54 4728.4 4724.59 4725.22 4729.3 4729.83 4724.28 4712.67 4704.51 4694.85 4687.99 4682.5 4679.46 4679.82 4679.03 4682.95 4685.16 4686.42 4685.79 4684.37
4669.04 4677.94 4686.43 4693.3 4696.11 4690.93 4683.04 4676.21 4675.83 4680.18 4680.67 4679.41 4677.4 4675.23 4673.7 4672.39 4669.56 4670.24 4669.81 4669.11 4667.09 4663.59 4662.4 4666.37 4670.81 4676.53 4682.24 4688.3 4692.59 4686.82 4684.7 4682.57 4682.91 4683.31 4684.04 4685 4681.63 4681.23 4683.15 4689.5 4697.43 4701.1 4704.58 4742.89 4747.34 4743.21 4741.07 4737.74 4727.72 4721.88 4725.98 4736.63 4732.44 4720.14 4703.61 4700.07 4700.01 4687.85 4680.4 4677.68 4681.79 4679.35 4678.39 4678.81 4678.4 4675.4 4670.4
4670.33 4680.56 4690.14 4698.99 4701.94 4696.67 4688.53 4679.1 4676.78 4682.53 4681.31 4677.63 4674.94 4672.75 4670.21 4668.49 4667.46 4666.48 4667.29 4666.49 4661.36 4661.45 4661.73 4666.05 4668.86 4674.03 4678.8 4685.65 4687.57 4696.61 4689.53 4684.13 4682.07 4681.34 4680.61 4679.21 4678.59 4678.41 4679.85 4682.45 4684.06 4681.21 4685.17 4697.54 4719.11 4729.9 4736 4735.45 4729.77 4730.01 4732.29 4727.93 4723.5 4712.96 4704.56 4699.43 4689.98 4681.44 4680.35 4680.61 4679.81 4679 4677.14 4675.63 4674.58 4673.56 4673.68
4673.39 4685.24 4696.34 4706.07 4709.79 4706.08 4697.91 4687.29 4681.1 4681.46 4678.53 4674.77 4672.14 4670.29 4668.85 4664.98 4660.65 4653.96 4657.66 4671.65 4670.64 4669.25 4662.07 4663.11 4664.18 4668.88 4675.61 4680.58 4681 4678.03 4683.16 4681.6 4679.3 4677.59 4674.2 4674.09 4677.23 4675.37 4676.96 4678.51 4680.22 4682.68 4684.1 4681.72 4699.43 4716.38 4730.44 4738.09 4729.47 4724.45 4726.77 4720.5 4722.6 4740.44 4722.76 4703.78 4693.33 4687.97 4686 4687 4684.01 4680.4 4676.5 4674.72 4673.95 4674.77 4678.69
4675.96 4689.81 4703.18 4714.97 4722.12 4718.55 4709.77 4700.22 4691.81 4685.14 4678.71 4673.13 4668.87 4666.67 4665.61 4662 4653.67 4634.13 4625.54 4661.2 4730.4 4682.44 4668.43 4659.95 4658.88 4664.15 4671.88 4678.19 4677.65 4674.75 4673.48 4675.1 4674.39 4674.03 4671.35 4669.2 4670.43 4673.52 4673.99 4675.27 4676.95 4680.19 4684.77 4681.57 4691.78 4705.06 4718.31 4728.91 4723.56 4711.48 4711.75 4705.37 4700.46 4708.45 4712.92 4703.17 4692.48 4694.47 4700.7 4702.29 4695.65 4678.09 4675.1 4674.34 4673.81 4673.15 4673.56
4678.1 4693.68 4709.67 4724.74 4737.86 4730.02 4719.32 4711.97 4706.51 4693.34 4680.16 4669.78 4665.33 4662.72 4660.34 4658.74 4644.35 4606.01 4566.13 4537.55 4586.26 4690.89 4691.86 4653.8 4652.16 4659.33 4669.11 4678.82 4677.97 4673.51 4673.11 4669.94 4669.04 4667.25 4666.15 4666.75 4668.64 4669.23 4670.43 4673.06 4675.41 4677.66 4679.74 4681.7 4688.01 4695.64 4701.34 4715.61 4721.73 4709.32 4699.83 4690.82 4683.35 4683.44 4695.61 4698.16 4688.58 4686.27 4700.98 4698.6 4690.7 4677.53 4675.04 4675.02 4674.74 4673.05 4671.77
