real_craters/C096-500m.grd
DSAA
129 129
-32.0775 32.0775
-32.0775 32.0775
3583.2919103478 5291.6060391443
[rows 0 to 29 of 129, columns 0 to 66 of 129]
4703.48 4704.06 4704.59 4701 4696.61 4696.56 4698.37 4703.02 4715.86 4704.12 4697.35 4694.27 4693.91 4698.42 4702.17 4712.86 4726.13 4741.93 4755.36 4765.3 4762.03 4754.93 4758.63 4787.6 4819.34 4812.06 4785.91 4785.48 4806.08 4811.99 4815.88 4824.07 4812.24 4800.01 4801.3 4805.33 4818.11 4832.51 4833.56 4833.42 4832.22 4830.19 4828.43 4828.63 4831.86 4832.39 4811.71 4799.71 4788.99 4784.58 4791.8 4804.25 4779.41 4793.1 4812.47 4815.15 4805.11 4803.61 4802.04 4790.6 4778.96 4767.3 4754.14 4739.69 4749.43 4765.5 4777.87
4693.28 4698.86 4701.43 4697.8 4693.42 4694.57 4697.98 4701.89 4704.54 4703.21 4698.43 4694.23 4693.23 4693.82 4697.92 4707.16 4719.31 4732.78 4743.94 4750.5 4751.38 4750.02 4754.94 4775.69 4796.1 4797.85 4794.39 4798.84 4804.18 4813.85 4807.47 4808.65 4810.93 4816.01 4808.27 4807.13 4819.45 4829.01 4832.04 4831.8 4829.62 4826.75 4823.34 4822.4 4828.38 4837.25 4816.68 4799.93 4788.78 4784.15 4784.39 4769.92 4779.17 4793.87 4815.5 4821 4813.61 4807.38 4800.34 4794.06 4782.46 4768.96 4752.58 4739.5 4748.61 4765.21 4781.96
4691.76 4696.36 4699.8 4696.28 4693.61 4694.48 4697.01 4699.95 4702.61 4701.19 4697.55 4694.78 4692.93 4692.42 4694.75 4702.31 4712.43 4724.47 4736.7 4742.7 4745.43 4748.29 4753.94 4764.14 4772.3 4781.7 4784.45 4787.26 4802.11 4804.61 4762.44 4756.17 4793.91 4817.33 4816.28 4811.89 4816.3 4824.85 4829.49 4830.22 4828.48 4823.95 4818.51 4814.09 4817.02 4816.1 4811.09 4799.36 4788.45 4783.73 4786.74 4787.65 4776.01 4794.6 4816.02 4823.9 4817.63 4812.05 4801.97 4797.3 4788.23 4775.85 4758.77 4744.96 4751.09 4765.43 4780.85
4692.14 4693.03 4694.55 4695.25 4695.4 4694.7 4695.32 4696.24 4697.09 4696.31 4695.38 4694.48 4693.42 4693.07 4693.92 4698.61 4706.17 4716.26 4730.9 4736.25 4740.61 4745.75 4752.23 4757.06 4763.15 4773.03 4781.78 4791.41 4801.99 4814.3 4803.08 4785.55 4795.34 4821.57 4824.68 4820.55 4823.56 4830.99 4833.1 4833.54 4831.88 4826.4 4818.32 4810.7 4810.58 4806.45 4804.24 4799.71 4790.69 4785.94 4784.97 4780.97 4778.09 4795.69 4817.72 4831.84 4831.8 4827.54 4818.87 4807.93 4795.7 4782.66 4762.6 4747.74 4752.93 4762.12 4769.11
4691.76 4690.31 4690.64 4692.01 4693.7 4693.26 4693.42 4692.97 4690.59 4690.67 4693.08 4694.66 4694.36 4693.46 4693.13 4696.03 4701.11 4709.43 4722.95 4730.69 4736.7 4743.22 4750.03 4753.76 4758.6 4770.32 4781.29 4789.71 4797.41 4799.58 4800.37 4799.17 4796.51 4802.17 4816.72 4825.28 4838.14 4839.81 4843.3 4844.49 4842.07 4836.14 4823.69 4811.79 4811.18 4813.58 4809 4800.01 4798.08 4791.94 4783.77 4778.03 4781.76 4796.15 4815.54 4834.89 4841.55 4843.04 4836.79 4820.07 4802.14 4784.52 4766.11 4753.96 4757.38 4762.12 4764.84
4690.44 4690.32 4689.78 4688.72 4688.54 4691.2 4692.4 4692.62 4691.93 4692.6 4694.97 4695.93 4695.03 4695.19 4695.24 4695.9 4696.38 4700.45 4714.48 4724.12 4731.88 4739.81 4747.44 4752.61 4758.96 4771.52 4784.99 4794.92 4799.7 4798.4 4796.52 4797.49 4799.63 4805.86 4819.18 4827.18 4838.22 4844.58 4854.71 4858.49 4856.47 4848.71 4835.32 4819.23 4804.23 4794.96 4789.02 4793.89 4801.13 4796.9 4789.04 4783.52 4785.15 4793.96 4807.04 4821.49 4843.5 4849.12 4844.7 4828.62 4808.54 4787.58 4777.74 4770.99 4767.1 4766.2 4765.47
4690.47 4690.29 4689.81 4689.68 4689.84 4690.89 4692.42 4694.88 4697.28 4699.8 4698.25 4697.42 4697.06 4697.41 4698.33 4698.25 4695.89 4696.83 4706.99 4716.78 4725.74 4734.75 4743.11 4749.34 4757.5 4772.41 4791.25 4812.83 4808.06 4794.29 4795.56 4801.43 4806.21 4811.02 4809.05 4822.89 4841.2 4858.25 4868.51 4865.82 4861.29 4856.92 4847.63 4829.59 4803.44 4788.34 4791.23 4792.92 4795.22 4796.29 4797.68 4792.86 4787.67 4790.49 4798.26 4812.01 4836.4 4850.73 4848.15 4835.93 4819.79 4796.89 4791.88 4784.73 4777.34 4771.59 4766.64
4690.85 4690.3 4689.48 4689.42 4689.73 4690.53 4692.71 4695.36 4700.14 4703.71 4700.62 4698.55 4697.58 4698.26 4699.65 4700.37 4698.52 4699.44 4702.96 4710.57 4719.62 4728.69 4737.55 4743.22 4753.23 4771.01 4790.63 4808.08 4811.37 4807.9 4806.23 4811.93 4812.96 4812.31 4807.96 4818.74 4845.49 4885.45 4880.01 4857.25 4843.43 4853.17 4867.34 4852.06 4821.8 4801.83 4792.43 4788.78 4789.32 4791.79 4790.38 4779.51 4781.56 4787.87 4795.34 4807.15 4835.26 4849.54 4847.97 4841.13 4836.26 4833.77 4807.42 4797.1 4787.26 4776.25 4765.07
4690.23 4688.72 4687.98 4687.57 4688.17 4689.41 4690.97 4693.59 4696.85 4699.93 4697.76 4697.31 4697.08 4697.35 4697.95 4697.59 4697.41 4698.37 4700.83 4706.45 4714.31 4722.25 4730.06 4735.29 4748.47 4767.74 4786.36 4802.93 4824.31 4839.24 4838.49 4827.44 4819.33 4813.52 4809.86 4818.14 4847.36 4909.88 4864.03 4805.79 4789.56 4814.1 4893.09 4871.97 4838.27 4820.6 4799.33 4788.97 4797.25 4790.49 4780.07 4772.72 4778.96 4788.81 4799.68 4817.29 4840.13 4839.49 4842.34 4840.14 4836.13 4836.2 4834.33 4814.17 4797.81 4783.15 4767.42
4689.55 4688.29 4686.38 4684.82 4685.64 4687.01 4688.96 4690.66 4691.07 4687.69 4693.1 4695.12 4695.8 4696.23 4696.52 4697.26 4696.37 4697.26 4699.86 4704.24 4709.16 4715.78 4723.33 4732.76 4747.54 4764.88 4782.61 4801.58 4829.21 4850.06 4848.21 4835.5 4821.43 4811.31 4809.57 4832.52 4839.03 4836.94 4751.14 4694.58 4682.59 4702.4 4751.06 4824.9 4861.1 4850.72 4817.56 4796.29 4802.35 4792.4 4783.12 4777.29 4783.86 4794.42 4809.28 4832.47 4844.53 4841.96 4840.05 4836.46 4828.29 4825.71 4832.69 4821.94 4807.03 4793.62 4780.19
4688.99 4687.65 4685.07 4683.3 4683.97 4685.29 4686.87 4688.55 4689.83 4690.85 4692.82 4693.9 4694.55 4695.02 4695.05 4695.94 4699.92 4696.67 4696.76 4698.5 4703.88 4709.49 4717 4731.35 4748.17 4761.31 4777.24 4795.88 4819.2 4846.92 4851.16 4835.52 4820.21 4810.88 4813.96 4858.65 4806.79 4637.39 4545.45 4545.81 4560.02 4583.25 4634.99 4787.7 4903.61 4886.47 4839.12 4803.15 4804.56 4794.83 4786.45 4788.8 4792.9 4798.26 4806.11 4811.51 4815.9 4830.66 4836.24 4836.52 4831.1 4828.37 4831.69 4822.15 4812.98 4805.18 4800.39
4686.11 4684.22 4683.27 4682.53 4682.45 4683.41 4684.81 4686.69 4689.16 4692.85 4692.86 4693.25 4693.82 4694.22 4693.42 4691.47 4690.37 4692.62 4694.21 4697.56 4699.76 4703.56 4709.59 4725.57 4743.76 4756.18 4770.64 4786.88 4805.06 4834.29 4841.33 4828.09 4814.75 4808.97 4821.1 4883.58 4778.6 4540 4410.41 4427.05 4463.3 4511.36 4602.07 4781.64 4928.93 4907.22 4854 4804.42 4804.92 4804.04 4805.58 4807.87 4804.66 4800.44 4795.41 4784.87 4784.94 4817.02 4831.01 4839.89 4844.69 4833.42 4822.19 4820.39 4817.69 4815.07 4814.4
4684.59 4682.36 4681.34 4680.85 4680.37 4681.04 4682.52 4684.33 4686.36 4687.98 4689.93 4691.72 4693.34 4694.43 4693.9 4691.92 4689.81 4689.41 4691.59 4694.26 4695.85 4698.45 4704.01 4716.26 4733.42 4748.23 4762.18 4777.66 4795.63 4823.75 4825.32 4816.87 4806.76 4802.77 4819.63 4879.94 4755.45 4517.66 4367.39 4382.53 4420.79 4476.61 4585.87 4754.04 4897.97 4906.97 4858.35 4806.55 4802.98 4812.65 4824.65 4826.1 4817.5 4806.38 4790.84 4776.58 4774.07 4804.95 4827.23 4843.13 4851.89 4832.6 4817.71 4820.74 4822.88 4823.27 4824.17
4682.31 4680.3 4678.57 4677.6 4677.66 4678.3 4678.78 4680.24 4682.13 4685.38 4687.39 4689.7 4693.22 4696.36 4697.22 4692.06 4686.05 4687.39 4689.92 4692.76 4693.97 4694.63 4698.77 4710.17 4727.02 4741.43 4753.01 4765.58 4778.85 4792.25 4803.39 4803.91 4799.96 4794.21 4806.17 4850.49 4740.64 4555.19 4424.27 4427.57 4446.29 4467.31 4579.68 4765.39 4905.62 4901.74 4852.77 4804.43 4807.78 4814.35 4828.1 4834.56 4829.53 4820.26 4802.83 4790.93 4784.11 4804.82 4829.69 4846.67 4853.06 4838.41 4827.38 4828.25 4829.72 4830.46 4829.7
4679.96 4678.38 4675.36 4674.17 4674.67 4674.9 4676.16 4676.77 4677.76 4678.46 4681.28 4687.01 4693.33 4699.54 4704.29 4703.71 4690.25 4688.63 4690.26 4692.87 4693.2 4692.92 4694.58 4708.68 4727.5 4737.76 4745.2 4750.66 4757.57 4774.13 4787.39 4794.54 4798.03 4802.5 4805.62 4822.94 4755.4 4646.76 4560.81 4555.14 4551.27 4528.57 4633.98 4848.04 4928.02 4894.25 4843.66 4808.68 4816.55 4831.21 4835.72 4839.63 4841.03 4841.91 4842.2 4824.38 4815.26 4825.04 4840.66 4854.27 4859.78 4848.94 4841.74 4839.79 4838.81 4838.48 4835.35
4680.01 4676.98 4672.54 4670.89 4671.48 4672.5 4672.73 4674.04 4674.79 4674.69 4677.95 4685.68 4693.69 4701.42 4709.9 4718.18 4699.73 4692.26 4692.68 4692.87 4694.6 4697.52 4694.31 4710.54 4729.98 4736.33 4740.38 4744.64 4756.07 4770.62 4781.77 4789.78 4796.04 4803.27 4810.72 4817.8 4788.48 4760.46 4756.01 4732.65 4719.14 4742.26 4785.31 4878.84 4903.9 4870.49 4825.11 4795.87 4814.4 4838.02 4845.27 4844.82 4846.78 4853.05 4862.55 4848.71 4844.54 4847.21 4853.09 4861.19 4868.09 4869.66 4856.58 4850.85 4849.35 4848.68 4845.15
4675.6 4675.33 4670.63 4668.81 4669.4 4670.75 4671.94 4672.86 4673.53 4674.26 4677.24 4685.25 4693.79 4700.98 4707.14 4706.46 4695.18 4693.56 4697.59 4703.87 4710.86 4717.66 4714.72 4722.85 4731.08 4734.55 4736.85 4741.95 4757.51 4772.19 4778.26 4785.43 4792.62 4797.52 4803.57 4805.69 4809.13 4829.79 4880.28 4848.13 4833.45 4898.03 4863.87 4843.67 4848.96 4839.33 4811.12 4793.26 4805.2 4829 4839.45 4842.43 4844.11 4845.31 4846.81 4848.39 4851.13 4858.55 4858.92 4861.27 4863.92 4860.19 4859.05 4857.59 4857.87 4858.1 4855.32
4666.06 4672.47 4667.55 4666.58 4667.99 4670.18 4672.51 4673.87 4674.68 4675.79 4678.36 4686.88 4693.89 4700.47 4704.41 4702.38 4692.74 4692.94 4701.27 4718.32 4739.5 4733.64 4749.79 4734.62 4730.99 4731.54 4732.91 4735.79 4749.6 4763.83 4770.26 4777.61 4786.15 4791.28 4790.99 4786.5 4799.1 4824.25 4847.73 4846.52 4839.32 4808.48 4827.47 4813 4816.28 4819.36 4815.68 4809.76 4813.18 4822.45 4831.27 4839.1 4839.61 4836.22 4835.19 4842.79 4849.83 4859.68 4856.85 4853.88 4852.53 4854.5 4856.11 4859.83 4864.27 4867.87 4864.62
4662.15 4665.34 4663.17 4664.23 4666.91 4669.83 4673.04 4675.55 4678.3 4681.03 4685.89 4690.92 4696.41 4701.35 4702.97 4699.04 4689.4 4689.61 4697.32 4708.04 4713.04 4713.76 4710.65 4720.3 4723.62 4725.36 4729.2 4734.25 4739.46 4748.72 4757.44 4764.36 4772.63 4775.9 4772.85 4769.55 4781.83 4795.62 4792.46 4806.46 4845.92 4878.94 4822.44 4797.9 4804.66 4815.19 4827.9 4833.19 4837.58 4840.35 4842.87 4841.65 4838.01 4834.01 4834.07 4840.07 4850.51 4856.52 4846.03 4840.81 4840.37 4844.71 4850.06 4857.58 4865.66 4874.4 4879.25
4661.21 4660.58 4659.79 4663 4666.77 4670.94 4674.8 4678.77 4682.68 4686.62 4687.27 4696.45 4700.33 4704.33 4704.57 4697.67 4687.76 4685.81 4690.16 4693.62 4693.59 4695.88 4697.01 4706.85 4711.03 4716.89 4725.1 4732.44 4733.85 4739.72 4745.66 4748.77 4751.08 4756.1 4758.11 4765.24 4775.16 4780.89 4780.76 4791.9 4811.19 4801.25 4811.94 4799.04 4804.52 4816.78 4835.28 4840.38 4841.12 4856.85 4854.69 4845.09 4837.55 4833.14 4831.52 4833.51 4835.17 4831.97 4828.05 4821.31 4823.88 4831.78 4842.66 4851.38 4860.23 4868.98 4867.98
4660.41 4660.79 4660.72 4663.96 4668.25 4672.85 4677.83 4682.84 4687.89 4693.89 4700.79 4703.56 4704.11 4708.08 4712.57 4705.59 4693.2 4687.41 4685.87 4685.84 4685.7 4696.18 4704.51 4703.85 4705.31 4711.36 4721.88 4730.62 4734.21 4738.09 4737.03 4736.24 4735.84 4746.37 4758.93 4775.37 4772.02 4779.56 4789.27 4801.54 4794.87 4790.75 4796.95 4796.93 4800.63 4810.28 4816.01 4827.31 4831.42 4845.53 4850.31 4842.24 4834.33 4828.28 4826.51 4825.62 4822.25 4814.45 4816.39 4816.33 4820.95 4829.36 4835.74 4843.01 4851.53 4861.31 4858.09
4660.91 4660.49 4662.57 4665.81 4670.38 4675.89 4681.23 4686.83 4692.64 4698.53 4704.15 4706.18 4704.73 4708.17 4712.47 4705.54 4693.55 4685.54 4683.81 4683.55 4685.5 4692.46 4699.57 4701.53 4704.25 4708.93 4715.9 4729.94 4733.24 4731.56 4730.03 4729.75 4732.84 4747.03 4764.04 4772.59 4771.58 4778.65 4789.14 4794.26 4793.2 4788.92 4784.73 4786.19 4799.11 4812.33 4822.78 4828.39 4833.99 4837.48 4838.69 4835.79 4830.07 4824.37 4822.75 4818.71 4817.1 4815.53 4816.27 4815.2 4821.17 4826.13 4829.41 4832.47 4836.49 4843.83 4855.71
4666.62 4665.57 4663.71 4667.69 4673.55 4679.77 4686.01 4691.87 4696.61 4700.81 4703.88 4704.6 4702.03 4704.38 4706.81 4700.97 4691.77 4685.35 4684.18 4683.51 4683.52 4684.96 4691.67 4698.57 4704.7 4709.47 4708.72 4712.36 4727.49 4728.33 4727.44 4727.31 4732.04 4749.96 4766.86 4771.72 4771.98 4777.86 4783.63 4783.69 4782.58 4779.35 4773.76 4780 4797.41 4815.35 4831.18 4834.6 4835.25 4833.41 4833.05 4830.8 4827.08 4823.74 4825.59 4831.12 4828.41 4828.8 4824 4819.96 4826.71 4826.46 4823.42 4820.49 4816.94 4811.95 4818.15
4673.29 4667.61 4665.89 4670.65 4676.95 4683.9 4691.39 4697.28 4702.26 4703.83 4701.66 4700.49 4699.1 4698.78 4698.2 4695.62 4692.11 4689.39 4687.07 4685.55 4684.8 4684.67 4690.73 4698.41 4704.98 4709.96 4712.39 4718.28 4725.82 4729.08 4729.9 4731.05 4735.18 4752.56 4769.21 4776.14 4777.95 4781.2 4782.42 4780.58 4776.78 4772.82 4769.47 4779.35 4799.65 4818.8 4831.41 4837.75 4839.49 4835.75 4831.7 4828.17 4824.58 4824.26 4825.89 4829.67 4831.02 4831.88 4828.54 4824.59 4827.13 4823.41 4816.82 4809.54 4800.66 4791.94 4784.22
4678.56 4670.37 4669.39 4675.02 4682.84 4692 4700.99 4707.64 4711.87 4712.88 4709.53 4706.58 4701.93 4696.91 4692.47 4692.26 4692.69 4693.43 4690.13 4688.27 4689.61 4694.04 4695.35 4701.81 4707.6 4711.66 4722.33 4727.98 4731.56 4735.97 4739.08 4740.71 4744.49 4752.65 4763.19 4772.39 4780.91 4784.55 4783.15 4782.46 4780.46 4776 4774.82 4786.74 4806.88 4826.94 4839.65 4841.39 4839.35 4836.94 4831.51 4827.16 4822.35 4819.4 4824.24 4826.01 4826.18 4824.56 4825.09 4828 4822.8 4817.41 4809.76 4800.54 4789.14 4776.3 4772.9
4683.53 4675.04 4674.68 4683.11 4691.79 4704.41 4713.28 4720.77 4726.26 4728.74 4728.64 4724.49 4711.66 4701.52 4694.27 4692.95 4693.34 4694.05 4692.57 4691.45 4691.83 4693.01 4701.04 4709.58 4717.12 4727 4736.6 4738.89 4738.9 4741.53 4745.62 4746.3 4748.96 4750.67 4756.38 4764.71 4778.4 4786.61 4781.77 4774.75 4775.31 4778.15 4785.86 4797.41 4815.27 4833.74 4844.62 4845.04 4838.63 4829.45 4830.32 4829.1 4826.05 4823.96 4825.85 4826.62 4821.07 4815.51 4813.25 4816.05 4819.11 4810.46 4803.21 4795.63 4786.13 4775.73 4775.78
4689.53 4681.89 4681.52 4690.03 4704.66 4718.95 4730.86 4740.45 4746.75 4749.09 4748.17 4741.78 4723.73 4709.33 4700.61 4695.76 4694.47 4693.99 4694.7 4696.26 4697.55 4699.9 4712.26 4723.14 4730.86 4735.37 4735.05 4741.4 4741.79 4739.6 4737.83 4743.2 4746.02 4748.15 4751.94 4758.92 4773.92 4784.57 4779.17 4770.71 4767.84 4776.65 4786.67 4803.09 4821.57 4840.44 4849.52 4849.44 4845.46 4836.7 4834.31 4833.8 4833.6 4830.63 4827.07 4823.51 4816.07 4806.97 4800.43 4802.01 4802.52 4800.61 4797.17 4793.47 4789.89 4784.4 4783.3
4693.77 4694.93 4688.13 4703.39 4721.01 4737.87 4751.93 4763.24 4770.56 4772.93 4768.53 4757.39 4738.03 4717.61 4705.09 4700.24 4697.47 4695.03 4698.51 4707.21 4714.33 4721.27 4733.42 4741.13 4745.66 4746.93 4742.03 4739.12 4738.51 4737.76 4740.56 4742.26 4743.21 4742.79 4746.11 4751.51 4761.39 4778.13 4776.89 4771.21 4768.39 4773.95 4785.98 4807.3 4828.03 4842.81 4852.31 4853.56 4850.72 4847.83 4841.51 4837.5 4837.49 4833.02 4825.89 4820.11 4814.14 4805.26 4796.66 4791.76 4790.07 4791.21 4790.94 4790.98 4793.9 4799.15 4794.34
4696.79 4708.4 4708.33 4722.27 4741.07 4757.03 4772.85 4786.51 4796.42 4801.22 4795.07 4774.33 4757.17 4734 4716.7 4708.43 4705.2 4707 4714.37 4725.6 4737.8 4753.1 4764.09 4763.42 4760.2 4761.02 4754.72 4735.87 4736.06 4738.65 4736.73 4741.5 4743.69 4742.6 4746.66 4749.74 4755.64 4773.03 4779.78 4778.43 4776.05 4773.12 4787.26 4816.93 4839.55 4854.08 4863.05 4863.39 4861.87 4856.98 4845.48 4836.14 4830.7 4827.98 4824.47 4821.06 4817.66 4812.01 4803.54 4792.79 4786.74 4787.05 4786.18 4785.47 4788.49 4794.21 4797.59
4707.92 4721.85 4733.37 4746.66 4761.7 4776.52 4791.39 4806.69 4821.85 4833.07 4836.43 4824.24 4794.67 4754.16 4729.48 4718.61 4715.99 4719.8 4731.3 4750.57 4767.95 4784.56 4791.74 4782.03 4766.28 4752.56 4740.55 4735.86 4740.9 4747.43 4752.22 4747.15 4753.51 4754.41 4758.67 4758.34 4758.89 4781.35 4788.87 4793.79 4796.21 4800.73 4821.68 4835.59 4853.85 4874.34 4876.74 4880.63 4875.71 4857.55 4840.95 4831.43 4824.17 4824.72 4824.68 4824.86 4824.66 4823.52 4818.07 4803.05 4792.91 4788.15 4783.39 4778.51 4774.26 4782.84 4797.32
