real_craters/C096-300m.grd
DSAA
215 215
-32.0775 32.0775
-32.0775 32.0775
3581.2784622085 5290.1261189445
[rows 60 to 89 of 215, columns 134 to 200 of 215]
4803.99 4797.19 4799.55 4800.46 4797.86 4795.3 4793.35 4790.68 4791.26 4794.95 4799.79 4804.24 4808.54 4812.13 4814.81 4816.45 4822.61 4828.41 4833.23 4837.64 4841.74 4844.82 4846.35 4845.25 4847.47 4851.58 4854.84 4858.22 4862.49 4867.48 4867.09 4857.39 4845.47 4833.26 4820.41 4805.77 4792.67 4788.92 4787.72 4786.1 4787.81 4787.63 4787.89 4776.97 4774.13 4773.76 4772.2 4769.78 4766.97 4764.52 4761.77 4759.41 4757.03 4754.62 4752.2 4747.59 4745.29 4744.22 4740.62 4738.37 4738.35 4737.29 4735.52 4722.52 4722.03 4721.72 4721.74
4831.57 4823.63 4820.17 4817.31 4813.24 4807.51 4801.7 4796.1 4796.99 4800.28 4803.31 4807.29 4810.78 4814.63 4818.67 4822.19 4825.09 4829.69 4834.69 4840.16 4845.59 4851.24 4856.26 4858.22 4858.36 4858.65 4858.73 4860.27 4863.95 4872.16 4877.47 4865.18 4851.15 4841.77 4831.41 4814.12 4797.83 4791.63 4789.09 4787.24 4788.77 4789.24 4789.7 4778.62 4775.59 4774.48 4773.74 4771.04 4768.77 4766.29 4763.23 4760.73 4758.21 4755.67 4753.11 4750.01 4747.49 4745.63 4741.91 4739.45 4738.83 4736.96 4736.1 4721.1 4722.19 4721.88 4722.39
4863.75 4854.03 4845.38 4838.42 4832.73 4824.3 4815.36 4808.41 4807.63 4808.77 4810.04 4811.47 4813.38 4816.19 4821.19 4825.04 4826.24 4829.86 4835.08 4841.1 4847.88 4856 4865.88 4873.05 4868.96 4863.91 4860.72 4858.74 4857.08 4856.53 4857.94 4853.57 4846.9 4843.84 4841.5 4820.38 4803.42 4795.66 4792.53 4789.59 4790.71 4790.82 4791.15 4779.7 4776.87 4776.25 4772.86 4770.1 4769.41 4766.86 4764.29 4762.81 4760.15 4757.46 4754.75 4751.19 4748.5 4745.76 4744.64 4741.91 4739.82 4738.53 4734.79 4730.13 4720.54 4720.46 4721.86
4896.81 4884.28 4871.49 4860.15 4850.81 4842.37 4833.52 4824.63 4823.23 4821.35 4819.29 4817.12 4816.12 4816.35 4818.85 4821.66 4824.12 4828.06 4833.41 4840.3 4847.88 4857.01 4868.59 4877.06 4871.52 4864.98 4859.83 4855.13 4848.02 4836.41 4827.74 4832.44 4834.6 4833.6 4830.7 4816.24 4805 4798.38 4795.23 4792.98 4792.73 4792.44 4792.34 4781.39 4778.62 4777.34 4774.25 4771.57 4770.22 4767.58 4764.93 4761.31 4758.59 4755.87 4753.16 4753.36 4750.54 4746.62 4745.36 4743.37 4740.47 4739.72 4735.38 4733.1 4719.56 4718.86 4718.69
4928.09 4913.26 4897.3 4881.93 4869.67 4863.88 4858.09 4850.2 4844.19 4836.82 4830.32 4824.22 4819.46 4815.86 4813.92 4815.56 4820.04 4825.01 4831.05 4838.22 4845.52 4853.86 4861.7 4866.8 4865.63 4861.81 4857.29 4851.91 4844.77 4834.59 4822.06 4823.17 4823.84 4819.43 4810.01 4804.92 4802.12 4799.48 4797.77 4796.34 4796.22 4795.99 4795.87 4783.89 4782.58 4780.51 4774.01 4770.86 4768.25 4765.48 4762.7 4762.58 4759.84 4757.1 4754.36 4752.84 4750.05 4746.65 4744.81 4742.04 4740.68 4740.28 4736.13 4733.73 4719.13 4717.79 4717.06
4954.3 4939.73 4923.69 4906.89 4893.46 4890.47 4888.56 4881.48 4867.86 4854.7 4842.8 4832.26 4823.14 4816.01 4811.28 4811.89 4816.68 4822.09 4828.55 4835.74 4842.64 4849.17 4852.4 4854.11 4857.73 4857.11 4854.16 4849.88 4844.94 4839.66 4830.5 4824.61 4819.57 4811.63 4800.17 4797.94 4800.09 4800.59 4800.49 4799.45 4798.03 4797.17 4796.29 4785.25 4783.14 4780.26 4778.1 4775.01 4772.38 4769.53 4766.7 4763.07 4760.29 4757.52 4754.75 4752.98 4750.18 4747 4744.66 4743.49 4740.72 4739.09 4736.89 4733.04 4719.03 4717.6 4715.99
4973.14 4965.13 4952.74 4935.11 4922.39 4920.14 4917.83 4908.29 4889.93 4872.42 4856.2 4841.43 4827.9 4817.43 4810.86 4810.26 4814.54 4820.36 4826.55 4833.69 4840.03 4846.67 4852.23 4853.17 4853.14 4852.7 4850.67 4847.96 4844.53 4841.98 4837.99 4828.5 4820.5 4812.21 4803.14 4800.54 4802.62 4803.25 4802.97 4801.83 4802.4 4802.11 4801.55 4790.41 4788.14 4784.38 4780.99 4777.89 4774.95 4772.18 4769.24 4765.98 4763.06 4760.14 4757.22 4752.98 4750.18 4748.65 4744.02 4741.32 4739.48 4739.17 4737.12 4733.03 4719.04 4717.77 4715.97
5000.66 4993.78 4987.17 4977.35 4962.9 4952.73 4939.28 4925.44 4908.14 4889.04 4869.79 4851.33 4833.99 4819.55 4810.54 4809.81 4813.89 4819.5 4825.32 4831.69 4837 4843.01 4849.7 4851.33 4848.97 4847.67 4846.8 4844.94 4843.14 4841.45 4837.42 4829.71 4823.06 4817.65 4813.21 4811.05 4809.3 4807.02 4807.2 4806.34 4806.12 4805.58 4804.73 4804 4790.99 4787.01 4784.17 4781.06 4777.95 4775.48 4772.36 4768.48 4765.41 4762.34 4759.27 4754.5 4751.55 4749.67 4745.73 4742.87 4741.29 4741.63 4737.88 4734.39 4720.11 4718.79 4717.15
5028.57 5019.38 5018.05 5022.57 5009.96 4984.93 4963.98 4945.36 4926.2 4905.23 4883.67 4862.03 4841.28 4822.89 4811.12 4811.22 4815.27 4820.52 4825.69 4829.79 4833.84 4837.22 4838.05 4841.16 4842.81 4842.8 4842.18 4840.51 4839.7 4837.47 4832.05 4827.7 4824.57 4823.37 4824.79 4825.37 4819.45 4814.56 4813.51 4811.74 4810.32 4809.42 4808.34 4807.52 4794.45 4789.54 4786.57 4783.31 4780.11 4778.78 4775.47 4771.36 4768.07 4764.79 4761.52 4757.17 4754.02 4751.77 4748.63 4744.96 4743.38 4742.95 4738.36 4735.68 4720.06 4719.26 4719.19
5031.34 5030.02 5033.51 5035.68 5027.35 5007.67 4985.73 4965.56 4944.52 4922.34 4898.97 4874.74 4851.05 4830.18 4817.17 4816.49 4819.93 4824.32 4828.06 4831.03 4833.34 4834.71 4833.54 4835.87 4837.95 4838.49 4837.27 4835.15 4831.28 4825.63 4824.31 4824.07 4824.08 4825.71 4830.06 4833 4828.34 4824.54 4821 4817.15 4814.78 4813.69 4812.63 4811.96 4798.91 4793.13 4789.4 4785.95 4782.67 4781.27 4777.78 4774.37 4770.89 4767.42 4763.97 4760.55 4757.35 4754.23 4750.91 4747 4744.88 4742 4738.22 4735.58 4720.04 4720.35 4720.42
5013.68 5027.93 5040.4 5043.74 5039.98 5026.03 5003.82 4985.62 4964.04 4940.94 4916.15 4890.56 4864.17 4840.65 4827.94 4825.96 4828.08 4830.96 4833.36 4835.06 4835.95 4836.38 4835.92 4835.89 4836.27 4835.89 4834.21 4831.42 4826.31 4821.22 4820.4 4821.07 4822.02 4823.95 4827.66 4832.83 4829.35 4829.98 4825.45 4820.34 4817.52 4816.25 4815.25 4814.61 4801.19 4795.87 4792.23 4789.08 4785.59 4782.86 4779.26 4775.64 4772.76 4769.18 4765.61 4762.07 4757.87 4754.42 4750.72 4746.76 4743.95 4740.59 4737.12 4735.35 4732.27 4720.1 4721.41
4995.4 5023 5047.25 5062.88 5056.75 5044.17 5029.13 5005.66 4983.08 4960.1 4936.01 4910.21 4881.52 4852.79 4839.95 4839.86 4840.75 4841.06 4841.22 4841 4840.93 4839.98 4838.46 4837.52 4836.59 4835.2 4832.98 4830.2 4826.53 4821.91 4819.79 4819.16 4819.14 4819.22 4818.68 4816.54 4819.93 4824.03 4822.62 4819.44 4818.07 4817.14 4816.53 4816.08 4802.73 4797.89 4793.78 4790.67 4787.03 4783.08 4779.42 4775.77 4771.37 4767.75 4764.17 4760.64 4756.4 4753.01 4749.27 4746.42 4742.8 4738.99 4736.35 4733.77 4732.53 4719.66 4721.68
4990.13 5019.07 5047.3 5067.93 5064.95 5054.32 5040.68 5020.56 4999.9 4979.04 4957.57 4934.8 4908.09 4875.72 4863.16 4861.54 4857.76 4854.05 4850.58 4848.41 4847.09 4845.7 4842.96 4840.5 4837.99 4835.49 4832.74 4830.08 4825.92 4821.82 4819.18 4817.91 4816.7 4814.68 4811.16 4806.92 4809.18 4813.94 4816.1 4816.05 4816.75 4816.99 4816.97 4816.77 4803.3 4799.02 4795.08 4789.63 4785.79 4781.47 4777.71 4773.99 4768.87 4765.24 4761.69 4758.21 4755.14 4751.8 4748.04 4745.59 4740.2 4736.81 4734.68 4732.15 4730.96 4718.77 4720.87
4984.74 5014.26 5041.94 5059.1 5066.53 5058.34 5043.98 5031.22 5013.36 4995.32 4978.22 4962.57 4947.49 4928.58 4908.03 4891.49 4878.32 4867.76 4860.25 4855.33 4853.26 4853.24 4850.1 4843.83 4839.57 4836.28 4833.26 4830.33 4825.01 4819.8 4818.96 4817.77 4815.88 4812.75 4808.24 4802.39 4802.98 4805.62 4807.55 4812.64 4815.99 4816.41 4816.5 4816.07 4803.6 4798.84 4795.07 4788.09 4784.05 4779.38 4775.49 4771.7 4767.44 4763.82 4760.29 4756.84 4754 4750.7 4747.39 4744.58 4739.88 4736.95 4735.92 4732.6 4731.13 4717.28 4718.72
4966.39 5007.46 5046.66 5067.99 5072.31 5069.02 5056.8 5039.23 5022.08 5006.2 4993.23 4985.1 4982.85 4983.57 4950.7 4918.59 4896.14 4879.79 4868.31 4860.42 4855.74 4853.15 4850.04 4844.35 4840.54 4837.67 4835.03 4831.86 4826.49 4821.8 4820.89 4819.27 4816.97 4813.99 4810.45 4807.06 4805.98 4804.83 4806.37 4813.7 4816.89 4816.62 4816.24 4815.25 4805.09 4797.73 4794.39 4788.87 4784.69 4780.65 4776.61 4772.72 4768.22 4764.55 4760.96 4757.44 4753.89 4750.54 4747.61 4744.75 4741.63 4738.73 4736.69 4733.29 4729.63 4714.46 4714.71
4946.23 4996.32 5045.01 5072.1 5073.29 5068.57 5057.83 5042.06 5025.1 5010.62 4999.64 4994.37 4994.83 4991.3 4962.95 4931.22 4905.79 4887.05 4873.09 4862.59 4854.59 4847.28 4844.01 4842.27 4840.55 4838.97 4837.63 4836.01 4833.11 4828.83 4825.3 4822.22 4819.47 4817.06 4815.32 4814.6 4815.07 4817.13 4820.18 4820.21 4820.3 4818.89 4817.77 4816.42 4815.01 4798.33 4795.1 4790.77 4786.63 4782.58 4778.74 4774.82 4770.2 4766.44 4762.74 4759.1 4755.29 4751.81 4749.43 4745.46 4742.14 4739.43 4737.58 4733.38 4728.69 4713.19 4712.71
4932.2 4980.82 5024.23 5052.85 5065.4 5060.2 5053.51 5038.31 5020.82 5005.89 4994.25 4987.66 4987.06 4982.16 4955.78 4928.99 4906.14 4888.03 4873.54 4862 4853.06 4845.85 4841.95 4840.35 4839.78 4839.55 4839.85 4841.17 4841.44 4835.56 4829.68 4825.27 4822.14 4820.3 4820.08 4821.87 4824.42 4826.17 4827.64 4826.25 4824.03 4821.4 4819.73 4818.2 4816.84 4799.74 4795.93 4792.29 4788.14 4784.09 4781.2 4777.22 4773.86 4770 4766.15 4762.33 4758.06 4754.35 4751.68 4747.96 4743.64 4741 4738.12 4732.86 4727.23 4712.39 4711.52
4922.55 4964.76 5007.03 5031.18 5049.7 5077.7 5048.32 5025.9 5008.1 4992.48 4978.45 4966.48 4957.51 4950.48 4933.26 4915.65 4898.64 4883.37 4870.28 4859.1 4851.1 4846.35 4840.95 4838.27 4837.23 4838.58 4841.19 4844.55 4843.96 4837.7 4831.89 4827.17 4823.85 4822.16 4822.52 4825.42 4829.38 4830.62 4832.29 4829.27 4825.93 4823.12 4821.41 4820.04 4818.97 4802 4797.47 4793.69 4790.93 4787.01 4782.92 4778.97 4775.41 4771.51 4767.61 4763.72 4759.83 4755.62 4752.4 4748.55 4744.36 4741.43 4737.58 4731.71 4726.73 4711.41 4709.98
4911.19 4942.17 4975.23 4994.82 5007.8 5015.31 5013.93 5002.06 4988.57 4973.99 4958.59 4940.43 4918.65 4906.65 4905.57 4897.79 4886.51 4875.1 4863.62 4853.51 4844.98 4840.61 4836.65 4834.49 4834.9 4836.7 4839.39 4841.39 4838.87 4835.67 4831.17 4826.71 4823.21 4821.17 4821.09 4823.37 4827.25 4827.66 4828.45 4826.6 4824.3 4822.08 4821.71 4820.88 4820.4 4804.61 4798.81 4794.98 4791.72 4787.9 4783.56 4779.69 4775.74 4771.9 4767.99 4764.06 4760.13 4756.01 4752.51 4748.59 4744.33 4741.44 4737.17 4730.56 4727.27 4721.77 4708.61
4896.9 4915.47 4930.49 4949.74 4959.62 4962.44 4973.4 4973.48 4966.83 4955.51 4940.06 4920.88 4897.75 4886.44 4886.58 4882.65 4874.95 4866.08 4855.94 4846.2 4836.45 4830.39 4829.97 4830.28 4831.81 4833.77 4835.99 4836.6 4836.34 4833.45 4829.19 4824.82 4820.92 4817.96 4816.21 4816.02 4817.65 4818.49 4819.58 4821.08 4820.65 4819.51 4819.22 4818.72 4818.56 4803.08 4798.32 4793.88 4790.93 4787.26 4782.95 4779.11 4775.25 4771.1 4767.22 4763.33 4759.42 4755.14 4751.41 4747.51 4743.15 4740.47 4735.92 4732.62 4726.55 4721.45 4707.67
4887.74 4896.24 4905.27 4918.52 4925.16 4933.02 4943.9 4949.18 4947 4938.81 4926.59 4910.45 4892.69 4881.99 4877.48 4872.22 4865.67 4857.25 4848.35 4839.75 4831.06 4824.72 4825.1 4826.5 4828.61 4830.61 4832.96 4834.48 4834.63 4830.61 4826.26 4821.64 4817.17 4813.07 4809.23 4805.93 4803.46 4807.12 4814.35 4817.9 4816.45 4814.94 4814.69 4814.46 4814.47 4799.11 4796.23 4791.58 4787.95 4784.28 4780.5 4777.19 4773.49 4769.78 4765.95 4762.09 4758.22 4753.53 4750 4746.17 4742.6 4739.68 4735.71 4731.65 4726.09 4721.87 4706.9
4883.15 4890.42 4897.4 4906.8 4905.6 4909.79 4927.32 4933.42 4932.4 4926.18 4916.93 4906.76 4894.74 4882.17 4873.27 4864.82 4858.93 4851.02 4842.96 4836.71 4830.01 4824.76 4823.09 4823.59 4825.88 4828.02 4829.45 4830.08 4830.03 4826.72 4822.2 4817.25 4812.25 4807.28 4802.42 4797.25 4792.64 4796.22 4806.18 4811.11 4809.32 4809.24 4810.1 4810.73 4811.32 4796.57 4794.92 4790.49 4786.16 4782.56 4778.86 4775.18 4771.47 4767.12 4763.35 4759.58 4755.8 4753.06 4749.26 4745.22 4741.98 4739.59 4735.51 4732.02 4726.12 4722.02 4707.1
4889.95 4899.33 4907.47 4916.41 4921.01 4922.82 4927.09 4928.38 4925.41 4918.65 4910.33 4902.96 4896.7 4882.17 4868.74 4860.03 4852.9 4844.99 4837.79 4832.68 4827.09 4823.01 4820.94 4820.78 4822.43 4824.4 4826.34 4827.39 4826.3 4822.36 4817.6 4812.54 4807.35 4802.03 4796.47 4790.93 4786.29 4787.08 4792.28 4796.23 4800.27 4803.45 4803.88 4806.23 4807.17 4794.06 4791.75 4788.59 4783.44 4779.78 4776.11 4773.86 4770.22 4767.36 4763.66 4759.89 4756.09 4752.55 4748.71 4746.44 4742.45 4738.71 4734.98 4732.31 4726.05 4721.56 4707.33
4912.41 4925.27 4932.13 4937.44 4944.15 4941.34 4936.77 4931 4922.77 4913.62 4902.77 4893.1 4885.61 4873.54 4861.98 4853.7 4846.27 4838.65 4831.98 4827.04 4821.43 4817.9 4816.94 4817.03 4818.23 4820.11 4823.43 4826.38 4822.2 4817.07 4812.2 4807.34 4802.39 4797.31 4792.13 4787.02 4782.84 4781.5 4782.63 4784.78 4792.73 4798.64 4801.54 4805.11 4807.03 4808.37 4791.69 4789.57 4786 4782.65 4779.29 4774.55 4770.93 4767.56 4763.82 4760.06 4756.25 4751.96 4748.09 4747 4742.38 4738.6 4734.07 4731.45 4725.43 4721.21 4708.42
4941.12 4950.04 4956.77 4961.63 4955.19 4956.93 4949.59 4937.7 4923.59 4908.61 4893.73 4878.81 4867.08 4860.47 4852.88 4845.82 4839.91 4832.81 4826.44 4820.86 4815.24 4812.71 4812.07 4812.09 4812.85 4813.95 4816.05 4817.5 4814.17 4810.14 4806.12 4801.99 4797.75 4793.43 4789.12 4784.99 4781.58 4779.79 4781.03 4784.21 4790.62 4796.49 4800.84 4805.26 4807.95 4810 4792.42 4790.51 4788.09 4784.36 4781.25 4777.84 4774.74 4770.09 4766.34 4762.5 4758.57 4754.59 4749.16 4748.51 4744.51 4739.93 4735.99 4732.74 4726.08 4721.95 4708.86
4970.52 4956.23 4970.89 4990.33 5005.57 4983.77 4963.99 4945.21 4926.57 4906.56 4886.64 4867.96 4854.95 4849.02 4843.29 4838.34 4831.8 4826.69 4821.17 4816.25 4811.53 4808.49 4807.41 4806.99 4807 4807.04 4806.35 4802.66 4804.49 4802.78 4800.22 4797.2 4793.97 4790.71 4787.57 4784.59 4782.48 4781.08 4783.8 4786.88 4792.09 4797.4 4801.61 4806.09 4809.01 4811.38 4793.61 4791.28 4789.04 4785.74 4782.63 4779.45 4776.73 4771.06 4767.28 4763.38 4759.4 4755.34 4750.3 4746.83 4746.34 4741.64 4737.87 4733.83 4726.39 4722.67 4719.32
5005.88 4983.85 4997.2 5011.2 5020.88 4997.61 4975.66 4953.5 4930.17 4905.19 4880.04 4856.91 4844.57 4839.83 4835.3 4831.44 4825.76 4821.11 4816.49 4812.23 4808.32 4804.92 4803.23 4802.38 4801.74 4801.01 4799.99 4798.91 4797.66 4796.5 4794.97 4792.97 4790.76 4788.59 4786.74 4785.52 4785.68 4787.74 4789.38 4792 4796.3 4800.07 4803.5 4807.04 4809.58 4811.76 4794.5 4791.5 4788.94 4784.77 4781.57 4778.93 4775.91 4772.06 4767.61 4763.71 4759.72 4755.66 4750.89 4747.37 4746.7 4741.87 4737.75 4733.97 4726.1 4721.84 4719.35
5024.9 5054.45 5038.9 5018.2 5005.03 4998.81 4984.87 4963.48 4937.46 4908.36 4877.8 4847.01 4834.52 4833.51 4830.83 4827.74 4823.73 4819.1 4814.27 4808.3 4803.07 4801.55 4800.05 4798.77 4797.45 4796.42 4794.69 4792.25 4791.95 4791.09 4790.14 4788.92 4787.56 4786.39 4785.72 4785.98 4787.68 4790.93 4794.54 4799.34 4801.83 4803.43 4804.97 4806.72 4808.2 4809.51 4793.71 4789.87 4786.75 4783.34 4779.9 4777.74 4774.74 4770.9 4766.42 4762.58 4758.68 4754.71 4750.22 4746.47 4745.69 4741.88 4737.81 4733.73 4727.94 4722 4720.2
4994.3 5077.29 5061.39 5025.24 5000.72 5008.61 4998.03 4975.79 4947.47 4915.9 4882.91 4850.56 4838.05 4834.22 4831.31 4827.74 4822.44 4818.02 4814.03 4810.62 4805.56 4800.96 4798.05 4795.61 4793.35 4792.1 4791.13 4788.11 4787.15 4786.79 4786.44 4785.92 4785.4 4784.94 4784.93 4785.68 4787.9 4791.95 4796.36 4801.77 4804.55 4805.19 4805.26 4806.89 4807.73 4808.5 4793.51 4789.26 4785.82 4782.4 4780.07 4776.91 4773.15 4769.31 4764.67 4760.9 4757.08 4753.23 4749.43 4746.03 4745.27 4740.7 4736.8 4733.27 4727.96 4722.01 4719.43
4922.41 5021.25 5055.13 5060.89 5051.97 5038.42 5018.75 4991.77 4960.02 4926.87 4893.72 4865.69 4850 4841.33 4834.91 4829.13 4824.86 4820.19 4816.05 4811.05 4806.37 4801.62 4797.36 4793.15 4789.42 4786.66 4785.45 4783.33 4782.98 4783.66 4784.01 4784.11 4784.02 4783.96 4784.14 4784.72 4786.36 4789.43 4794.17 4800.47 4804.38 4804.63 4803.95 4805.1 4806.47 4806.78 4792.31 4787.77 4784.18 4781.59 4779.92 4776.33 4771.92 4768.23 4764.77 4761.06 4757.32 4753.53 4748.76 4745.43 4745.33 4741.16 4737.34 4733.73 4728.67 4721.83 4719.46
