real_craters/C096-500m.grd
DSAA
129 129
-32.0775 32.0775
-32.0775 32.0775
3583.2919103478 5291.6060391443
[rows 30 to 59 of 129, columns 0 to 66 of 129]
4719.75 4734.87 4756.07 4768.92 4777.73 4787.96 4803.52 4821.68 4842.68 4864.05 4883.16 4891.41 4843.56 4773.68 4740.87 4728.97 4727.08 4734.38 4753.28 4780.77 4807.99 4828.15 4831.87 4791.66 4765.47 4745.67 4735.6 4740.54 4751.03 4762.75 4770.91 4776.19 4783.09 4784.19 4783.51 4779.73 4774.23 4789.38 4801.18 4805.82 4818 4830.55 4843.59 4848.59 4859.23 4869.62 4874.51 4880.54 4868.96 4849.42 4835.11 4828.65 4825.87 4829.1 4828.49 4831.39 4832.84 4833.73 4839.34 4818.32 4802.98 4792.53 4783.81 4775.25 4768.63 4776.1 4793.16
4741.43 4754.32 4774.1 4783.63 4784.9 4790.9 4806.32 4827.58 4854.26 4884.54 4914.78 4936.52 4882.43 4783.74 4752.14 4737.79 4735.74 4744.17 4764.17 4807.04 4856.79 4839.44 4798.48 4781.44 4759.56 4740.69 4736.87 4746.88 4761.8 4781.42 4802.03 4815.15 4820.75 4823.25 4814.57 4809.45 4811.37 4820.15 4815.78 4814.76 4832.66 4842.19 4846.4 4849.36 4854.64 4860.74 4857.18 4852.59 4851.58 4842.27 4831.29 4829.25 4832.23 4842.21 4851.01 4846.74 4840.42 4833.67 4826.9 4824.5 4812.16 4800.19 4789.27 4778.87 4773.11 4780.19 4794.9
4751.26 4763.42 4776.49 4782.67 4780.26 4782.64 4798.5 4822.65 4854.47 4886.9 4919.12 4941.1 4893.71 4804.32 4761.84 4744.19 4740.77 4750.62 4781.49 4822.03 4858.69 4838.78 4795.67 4774.42 4755.44 4737.41 4736.75 4749.68 4772.53 4797.28 4823.59 4839.05 4849.52 4848.78 4835.94 4829.99 4837.13 4836.91 4819.88 4816.31 4836.7 4849.04 4844.94 4840.65 4838.08 4839.5 4840.67 4840.26 4850.64 4844.28 4836.24 4834.76 4839.78 4855.7 4867.91 4859.05 4846.03 4833.33 4826.51 4824.53 4815.61 4807.72 4799.18 4788.83 4778.78 4789.13 4805.03
4750.24 4755.63 4769.68 4787.88 4751.87 4756.11 4778.18 4807.08 4838.57 4869.48 4897.71 4910.65 4870.44 4795.32 4762.2 4744.88 4739.84 4747.99 4774.9 4823.53 4866.3 4845.15 4806.97 4781.26 4759.71 4739.68 4738.82 4758.32 4780.65 4804.59 4832.15 4847.99 4854.07 4853.35 4837.8 4828.58 4824.29 4816.77 4805.02 4801.88 4814.91 4826.97 4829.79 4828.38 4821.56 4822.28 4833.66 4847.89 4858.26 4849.06 4849.89 4843.07 4852.15 4864.94 4872.62 4863.45 4849.39 4834.54 4821.46 4815.29 4818.38 4819.13 4816.56 4810.15 4801.27 4810.65 4824.85
4752.98 4732.3 4695.89 4660.07 4675.52 4714.27 4751.55 4784.33 4814.53 4841.78 4860.83 4865.5 4837.72 4787.97 4757.51 4741.1 4732.81 4731.85 4750.39 4790.59 4844.82 4847.44 4823.4 4802.51 4774.97 4746.96 4750.04 4771.27 4788.81 4803.01 4813.15 4820.06 4826.52 4828.68 4823.15 4813.28 4800.05 4784.49 4783.93 4785.32 4785.42 4795.98 4812.62 4821.98 4831.33 4832.37 4830.89 4837.62 4853.54 4848.19 4834.85 4848.63 4861.06 4870.08 4873.22 4865.15 4852.84 4839.55 4825.19 4817.58 4828.51 4834.85 4838.78 4844.69 4847.14 4840.45 4842.5
4764.4 4711.79 4630.66 4533.48 4618.32 4688.17 4730.57 4763.94 4789.23 4809.33 4821.66 4819.4 4801.01 4773.6 4751.77 4738.77 4730.21 4719.66 4695.4 4748.15 4837.96 4848.97 4854.07 4839.14 4804.84 4774.26 4767.82 4794.1 4801.93 4803.87 4803.31 4802.61 4807.66 4808.76 4805.55 4798.01 4786.96 4772.82 4780.88 4783.67 4793.32 4798.95 4805.42 4815.99 4831.88 4840.1 4846.68 4856.41 4863.38 4860.15 4857.64 4859.46 4864.48 4872.26 4874.59 4865.71 4856.41 4849.74 4843.64 4843.29 4849.67 4851.95 4855.52 4862.48 4869.04 4858.55 4854.34
4744.82 4711.54 4668.82 4637.38 4677.97 4701.14 4724.98 4745.69 4764.14 4777.25 4787.1 4784.32 4757.22 4753.81 4744.9 4738.96 4737.35 4742.5 4761.97 4794.07 4812.88 4840.3 4851.8 4848.34 4839.91 4827.48 4823.3 4826.01 4815.63 4808.52 4800.03 4797.5 4794.72 4794.72 4791.73 4787.38 4782.92 4784.49 4792.88 4794.92 4795.57 4800.6 4799.93 4805.6 4817.72 4838.49 4863.85 4879.93 4879.83 4874.25 4869.43 4864.48 4866 4866.96 4868.45 4866.09 4858.19 4853.89 4863.88 4887.14 4874.03 4867.92 4865.02 4858.34 4849.76 4859.76 4867.66
4724.86 4719.03 4724.39 4770.21 4747.83 4722.46 4721.54 4732 4745.71 4755.2 4758.12 4759.34 4756.59 4743.44 4742.2 4744.25 4751.16 4765.31 4791.69 4808.38 4816.54 4833.86 4844.59 4851.09 4862.35 4868.78 4846.44 4828.46 4819.71 4812.66 4810.23 4797.38 4791.78 4786.09 4783 4780.21 4778.65 4779.68 4786.08 4796.19 4801.87 4791.45 4792.77 4794.5 4803.36 4831.86 4858.97 4873.46 4888.87 4893.1 4881.67 4865.85 4874.81 4879.69 4878.39 4873.24 4863.81 4852.07 4870.5 4884.07 4878.51 4877.89 4876.76 4867.03 4857.05 4862.83 4867.69
4713.41 4715.69 4722.92 4730.62 4722.22 4711.5 4711.87 4719.38 4726.31 4731.32 4735.02 4736.52 4727.26 4732.78 4739.45 4747.39 4759.08 4777.26 4797.79 4808.49 4820.05 4831.17 4840.28 4847.59 4847.37 4845.09 4837.7 4830.56 4814.47 4805.85 4800.84 4790.02 4780.2 4778.45 4775.83 4774.34 4772.34 4773.33 4776.95 4788.7 4798.88 4797.52 4793.12 4789.4 4797.81 4836.41 4868.34 4892.95 4913.72 4926.22 4925.34 4901.28 4903.8 4904.7 4899.31 4889.55 4879.56 4873.79 4874.97 4862.8 4873.73 4893.98 4904.06 4900.81 4881.39 4888.52 4890.72
4706.03 4708.9 4703.93 4677.89 4667.01 4694.92 4704.3 4708.46 4712.65 4717.21 4720.43 4722.93 4729.09 4731.74 4739.02 4750.29 4764.63 4781.26 4802.9 4822.29 4826.74 4828.54 4830.4 4833.31 4826 4823.67 4821.35 4808.73 4799.97 4784.31 4776.27 4776.64 4772.81 4772.25 4771.9 4772.55 4768.58 4766.95 4765.88 4782.72 4802.05 4799.5 4792.53 4791.7 4809.97 4855.18 4903.59 4929.91 4952.94 4965.56 4975.73 4961.76 4947.16 4933.65 4921.58 4910.84 4901.73 4895.88 4892.15 4881.75 4896.41 4929.88 4945.4 4946.65 4932.84 4936.28 4928.91
4717.37 4707.59 4699.48 4694.85 4701.06 4694.18 4697.6 4701.35 4704.51 4707.41 4709.48 4711.51 4715.43 4723.75 4736.3 4751.39 4766.38 4782.93 4801.14 4825.49 4823.49 4818.16 4816.72 4810.81 4807.11 4806.57 4805.28 4804.85 4792.15 4783.02 4774.27 4778.97 4773.94 4771.26 4770.55 4770.16 4768.29 4766.14 4760.72 4777.24 4790.96 4793.65 4792.26 4792.1 4814.92 4870.07 4950.67 5005.58 4991.55 4990.11 5005.75 5013.27 4975.75 4960.07 4941.08 4931.43 4928.65 4930.07 4932.87 4936.05 4954.81 4986.68 4999.38 4986.78 4984.06 4991.93 4992.1
4707.14 4704.65 4700.07 4696.41 4692.34 4694.32 4695.52 4697.05 4696.41 4698.04 4700.23 4703.27 4707.12 4718.21 4731.62 4746.29 4760.55 4773.99 4785.39 4791.49 4801.61 4805.98 4807.2 4807.43 4807.77 4796.36 4789.02 4783.75 4781.92 4784.22 4790.52 4792.7 4779.21 4773.43 4772.6 4769.56 4769.11 4769.5 4767.66 4765.29 4781.87 4795.65 4800.46 4797.55 4819.83 4867.77 4925.9 4987.52 4991.38 4984.97 4973.11 4974.89 4975.48 4960.21 4954.03 4946.12 4950.26 4962.35 4980.23 5024.48 5063.54 5054.33 5067.4 5084.79 5056.57 5081.52 5075.16
4701.93 4700.16 4698.01 4696.33 4691.53 4693.86 4691.41 4690.2 4690.76 4692.79 4695.14 4698.93 4705.71 4714.19 4727.03 4741.27 4753.54 4763.7 4772.53 4780.02 4785.3 4791.97 4797.81 4803.42 4800.09 4785.8 4780.92 4780.47 4778.07 4773.92 4785.14 4801.19 4784.73 4777.27 4773.69 4772.87 4772.06 4774.11 4776.84 4773.79 4785.01 4796.29 4806.35 4811.28 4833.51 4870.05 4907.68 4943.32 4968.38 4976.46 4965.72 4979.16 4998.46 4989 4971.95 4960.17 4955 4983.04 5028.79 5071.19 5106.86 5082 5071.96 5072.72 5073.46 5083.6 5099.22
4692.48 4694.93 4695.04 4698.05 4700.6 4698.46 4687.51 4684.07 4685.37 4688.19 4691.4 4692.71 4697.83 4705.87 4727.17 4740.75 4749.47 4755.19 4759.19 4764.53 4770.85 4777.42 4785.82 4790.82 4789.51 4790.41 4784.71 4781.87 4778.2 4774.31 4789.62 4808.57 4795.62 4785.34 4780.31 4775.56 4770.7 4768.32 4773.69 4783.42 4781.83 4789.26 4796.96 4820.89 4844.88 4874.43 4893.07 4917.7 4949.62 4976.83 5017.29 5030.11 5020.31 5006.16 4992.01 4988.49 4975.92 5020.29 5072.3 5090.77 5041.96 5107.35 5090.21 5016.9 5027.43 5010.02 5000.91
4687.87 4688.88 4687.57 4688.74 4718.23 4688.04 4673.3 4675.31 4678.7 4683.19 4689.99 4702.46 4711.1 4720.01 4740.29 4747.76 4750.84 4749.21 4748.16 4748.18 4750.63 4761.77 4774.55 4786.05 4793.09 4785.74 4786.37 4784.27 4781.52 4784.31 4800.61 4813.67 4807.12 4796.21 4786.8 4777.37 4769.33 4762.3 4758.64 4772.38 4777.45 4785.96 4798.57 4820.83 4844.87 4877.9 4892.24 4913.01 4941.24 4963.39 4981.58 5011.44 4985.64 4980.36 5007.98 5042.66 5086.2 5169.98 5196.34 5189.5 5207.45 5217.87 5227.81 5143.46 5052.39 4979.76 4949.96
4686.77 4685.45 4679.13 4661.39 4610.29 4614.74 4657.31 4670.72 4676.81 4681.72 4689.51 4702.92 4730.87 4768.76 4763.21 4756.57 4750.36 4742.6 4733.07 4730.79 4734.04 4747.97 4764.1 4781.18 4792.49 4796.28 4792 4787.85 4785.73 4788.18 4812.36 4833.65 4825.88 4811.49 4791.69 4778.66 4769.44 4765.26 4770.95 4776.43 4776.86 4787.52 4801.56 4802.72 4835.74 4868.37 4902.15 4928.73 4946.99 4952.26 4947.92 4967.04 4954.46 4974.56 5025.52 5087.28 5187.52 5248.42 5265.57 5262.68 5286.57 5286.39 5291.61 5228.92 5115.08 5022.09 4987.63
4689.96 4688.01 4683.3 4671.19 4661.05 4672.53 4674.48 4678.25 4679.68 4681.06 4685.78 4709.71 4732.3 4761.1 4766.24 4761.6 4752.29 4741.04 4726.27 4723.35 4727.93 4737.96 4752.31 4769.12 4779.66 4798.28 4795.1 4790.81 4788.62 4800.2 4817.17 4827.63 4819.07 4802.35 4789.05 4778.07 4769.22 4763.74 4763.48 4768.2 4782.06 4790.11 4792.08 4813.43 4840.47 4874.61 4941.52 4965.45 4969.33 4966.01 4956.87 4963.85 4961.45 4990.13 5039.35 5084.71 5129.53 5235.09 5253.15 5250.09 5248.98 5243.53 5235.75 5156.85 5043.42 5099.76 5124.66
4695.85 4696.66 4693.32 4693.49 4706.93 4712.14 4697.22 4689.94 4686.87 4682.28 4670.69 4654.35 4717.34 4759.26 4771.01 4762.37 4752.34 4744.07 4740.9 4727.65 4720.25 4728.53 4739.57 4748.1 4756.93 4786.17 4787.11 4790.54 4799.75 4810.55 4813.77 4813.57 4801.48 4789.34 4781.88 4775.89 4770.95 4766.68 4779.65 4791.15 4811 4801.6 4795.84 4807.19 4855.18 4921.9 4994.76 4993.75 4990.56 4988.99 4988.09 4973.54 4988.57 5007.69 5059.51 5107.09 5142.32 5217.5 5187.9 5154.39 5152.99 5100.98 4991.23 4879.76 4747.42 4771.68 4907.12
4695.41 4698.44 4700.87 4703.21 4707.71 4709.79 4702.15 4697.87 4696.11 4695.58 4695.28 4703.22 4724.87 4758.18 4765.25 4756.27 4747.9 4741.01 4735.16 4730.32 4731.37 4729.65 4731.5 4734.19 4734.61 4752.05 4768.2 4778.68 4791.81 4789.05 4792.95 4793.8 4784.99 4774.28 4775.42 4773.82 4772.75 4779.49 4792.91 4791.1 4824.73 4810.92 4799.37 4815.32 4861.03 4923.08 4980.96 4997.47 4997.7 4993.01 4985.05 4960.89 4945.88 4992.37 5057.07 5149.62 5182.35 5128.03 5024.23 4953.25 4903.71 4812.95 4672.68 4560.26 4448 4506.4 4607.76
4697.9 4702.02 4705.48 4705.07 4702.81 4694.39 4700.97 4704.45 4706.91 4712.69 4726.2 4737.39 4736.15 4741.83 4743.68 4741.24 4737.94 4734.52 4732.81 4729.31 4727.51 4726.28 4727.41 4729.73 4733.13 4740.47 4750.34 4755.43 4755.66 4757 4762.58 4768.92 4773.06 4774.59 4773.59 4771.92 4772.62 4776.19 4786.49 4790.45 4823.41 4811.83 4801.48 4821.25 4860.37 4914.37 4970.69 5001.12 5000.89 4996.55 4984.33 4953.2 4919.23 4952.63 4973.45 5023.14 4978.17 4833.63 4761.92 4680.16 4591.76 4483.03 4378.5 4265.15 4159.09 4230.48 4315.82
4703.28 4711.4 4711.26 4708.39 4705.88 4702.04 4709.03 4711.88 4714.65 4721.29 4732.41 4737.19 4730.26 4723.07 4719.51 4723.66 4726.34 4727.13 4727.42 4727 4725.23 4724.49 4725.96 4729.79 4734.88 4740.24 4739.59 4737.18 4730.33 4734.38 4743.76 4754.94 4766.14 4776.14 4773.18 4769.49 4770.08 4777.79 4789.66 4787.73 4808.05 4809.16 4804.32 4829.43 4875.84 4947.03 5006.23 5017.94 5005.95 4954.94 4953.93 4976.77 4982 4859.97 4794.25 4755.23 4662.44 4551.68 4479.62 4398.75 4295.51 4185.24 4111.56 4020.86 3922.96 3973.93 4036.45
4699.97 4711.47 4709.3 4709.31 4713.03 4726.21 4721.53 4717.34 4716.91 4719.76 4726.42 4726.07 4716.41 4707.22 4703.85 4708.84 4716.81 4721.33 4723.88 4727.42 4727.84 4726.52 4723.52 4724.64 4730.03 4732.62 4731.63 4729.17 4727.63 4733.69 4738.18 4749.9 4760.1 4765.91 4765.26 4763.28 4764.07 4773.58 4791 4787.09 4798.32 4808.07 4818.68 4830.37 4888.67 4960.45 5014.54 5041.89 5039.34 4985.04 4935.05 4896.2 4775.24 4639.64 4550.25 4467.56 4356.17 4274.71 4225.75 4153.51 4049.39 3923.66 3875.55 3871.21 3847.39 3827.95 3824.14
4690.1 4693.72 4699.44 4705.39 4710.47 4714.16 4715.48 4716.18 4716.33 4713.98 4707.44 4705.15 4701.85 4693.17 4684.54 4697.66 4711.27 4726.47 4731.29 4730.75 4730.65 4727.17 4720.71 4718.73 4723.91 4726.76 4729.05 4727.78 4732.91 4750.8 4752.79 4755.47 4756.78 4755.52 4754.79 4755.69 4755.54 4768.78 4790.17 4776.57 4784.91 4804.52 4814.22 4838.27 4889.54 4956.67 5018.71 5065.34 5096.49 5089.29 4923.22 4721.99 4528.24 4392.93 4302.98 4204.22 4099.37 4054.36 4028.57 3975.03 3892.71 3804.4 3794.73 3807.99 3822.51 3818.2 3797.73
4685.86 4688.21 4693.35 4700.08 4704.08 4704.49 4706.65 4714.62 4716.43 4712.44 4699.39 4698.62 4694.79 4687.66 4683.36 4692.33 4705.36 4719.54 4728.64 4731.37 4733.21 4731.4 4719.57 4717.51 4732.4 4731.05 4728.91 4726.69 4728.7 4750.06 4774.02 4762.01 4755.2 4749.43 4748.14 4750.89 4755.26 4760.02 4774.78 4770 4785.99 4808.68 4818.11 4865.27 4930.41 4961.04 5008.58 5068.38 5109.34 5089.47 4849.75 4575.58 4345.64 4204.89 4123.26 4028.06 3961.83 3932.93 3908.16 3865.88 3812.55 3771.43 3766.02 3782.33 3806.05 3814.3 3787.91
4686.41 4685.54 4689.15 4696.8 4704.81 4708.74 4713.7 4721.53 4721.21 4718.97 4717.17 4705.17 4695.28 4687.83 4685.11 4691.6 4701.82 4707.16 4719.89 4730.34 4735.53 4738.81 4725.22 4723.95 4731.97 4734.32 4730.8 4728.33 4734.36 4752.29 4758.07 4756.53 4751.07 4748.03 4747.59 4747.1 4751.68 4755.48 4756.75 4773.7 4805.85 4817.91 4820.48 4854.5 4964.23 4940.47 4990.86 5047.44 5071.49 4994.37 4729.93 4431.72 4232.35 4105.02 4034.66 3979.91 3946.16 3893.65 3851.31 3811.39 3770.29 3738.26 3742.22 3763.43 3792.72 3768.26 3731.83
4685.35 4683.05 4685.58 4696.26 4709.36 4724.89 4738.78 4731.5 4726.2 4721.8 4719.3 4707.12 4696.19 4689.47 4686.47 4693.45 4705.38 4719.6 4725.3 4731.57 4736.38 4738.8 4725.58 4726.99 4737.38 4737.31 4733.25 4726.69 4726.88 4734.69 4744.49 4745.47 4743.59 4740.06 4735.04 4738.38 4745.28 4750.99 4754.1 4774.74 4807.77 4816.22 4828.13 4921.43 4994.15 4956.67 4987.46 5021.69 5007.35 4885.93 4606.24 4321.08 4167.95 4069.61 3994.82 3938.39 3899.58 3861.79 3818.94 3779.21 3741.63 3720.31 3724.11 3733.45 3733.9 3699.69 3675.67
4682.32 4680.69 4682.47 4695.43 4711.22 4726.45 4733.73 4733.74 4726.79 4718.15 4709.71 4702.56 4694.91 4689.61 4688.94 4695.29 4708.04 4720.99 4727.71 4732.31 4735.35 4731.96 4733.11 4730.97 4735.61 4744.26 4742.42 4722.25 4713.16 4721.87 4731.17 4734.35 4735.5 4734.04 4732.3 4730.52 4728.46 4748.57 4752.37 4773.48 4792.23 4804.28 4840.45 4971.71 5004.53 4967.03 4999.71 5015.49 4963.77 4797.78 4526.03 4256 4140.97 4079.87 3975.81 3912.93 3874.65 3840.17 3801.01 3759.45 3721.26 3694.36 3696.02 3700.83 3701.54 3671.98 3645.64
4684.85 4681.78 4682.73 4694.95 4711 4727.04 4739.54 4735.57 4724 4713.29 4704.3 4698.35 4692.77 4688.48 4686.66 4691.93 4706.02 4721.9 4726.91 4732.02 4736.88 4742.15 4744.17 4736.19 4738.27 4747.47 4744.95 4725.59 4714.84 4716.75 4720.2 4725.93 4730.37 4733.35 4731.95 4731.91 4732.38 4741.31 4758.66 4780.98 4801.71 4802.78 4859.79 4978.83 5015.18 4994.59 5034.34 5048.82 4994.09 4803.2 4512.7 4256.39 4116.28 4015.57 3954.94 3911.37 3870.81 3832.91 3793.27 3752.42 3713.72 3679.01 3676.97 3696.26 3695.46 3685.24 3661.21
4688.46 4685.02 4684.54 4696.89 4710.15 4723.69 4737.95 4728.88 4716.19 4706.08 4699.67 4694.57 4690.28 4687.09 4685.62 4689.55 4699.07 4708.93 4722.52 4731.03 4737.95 4741.54 4737.55 4737.37 4740.59 4749.37 4755.23 4731.2 4719.98 4720.87 4715.69 4720.41 4727.36 4733.9 4742.92 4736.69 4730.47 4732.12 4759.32 4794.05 4825.11 4840.86 4896.13 4994.19 5035.28 5049.43 5084.46 5108.13 5068.21 4854.86 4532.92 4266.06 4104.68 3990.9 3942.45 3916.27 3879.36 3828.18 3789.31 3752.55 3719.58 3692.1 3703.07 3728.57 3731.82 3723.2 3690.91
4685.52 4690 4695.83 4701.4 4707.93 4712.58 4710.53 4707.76 4704.39 4698.45 4693.82 4691.83 4689.61 4687.68 4687.23 4690.82 4699.41 4709.65 4719.67 4728.67 4736.5 4741.9 4744.07 4735.36 4738.75 4744.89 4746.37 4741.91 4728.53 4716.03 4711.86 4717.2 4725.81 4733.6 4733.96 4734.42 4735.82 4738.23 4761 4808.36 4852 4853.3 4908.19 5021.64 5062.76 5070.5 5121.55 5163.25 5129.7 4893.72 4563.35 4292.41 4108.01 3977.18 3928.98 3880.59 3842.89 3817.51 3787.99 3758.49 3734.3 3722.19 3731.46 3760.48 3787.42 3783.38 3724.15
