real_craters/C096-500m.grd
DSAA
129 129
-32.0775 32.0775
-32.0775 32.0775
3583.2919103478 5291.6060391443
[rows 60 to 89 of 129, columns 0 to 66 of 129]
4687.64 4697.26 4700.18 4703.62 4705.73 4704.08 4698.7 4696.01 4695.97 4693.92 4692.45 4691.1 4689.8 4688.92 4689.99 4693.82 4700.28 4709.38 4719.29 4728.23 4736.6 4741.89 4735.01 4734.89 4736.68 4739.7 4742.64 4744.11 4731.26 4718.25 4708.86 4716.25 4726.71 4737.45 4746.27 4734.4 4734.65 4752.98 4775.44 4820.93 4858.28 4837.6 4886.83 4993.2 4999.23 5039.72 5126.72 5197.69 5174.97 4921.3 4587.36 4314.04 4113.52 3967.64 3906.67 3869.53 3836.37 3813.93 3791.76 3769.2 3750.86 3746.07 3763.05 3807.48 3824.31 3804.59 3756.72
4712.48 4707.64 4707.21 4708.19 4705.17 4700.26 4694.42 4691.46 4693.17 4694.59 4694.03 4692.99 4692.02 4691.35 4692.3 4696.35 4706.68 4713.11 4719.67 4727.79 4735.79 4747.48 4755.39 4738.62 4733.84 4732.55 4731.86 4727.28 4726.29 4719.35 4711.43 4717.84 4729.88 4743.3 4754.09 4750.62 4743.13 4773.36 4801.03 4824.6 4848.85 4837.31 4874.15 4959.73 4940.21 4994.95 5103.2 5192.22 5189.17 4902.33 4576.59 4313.7 4112.4 3964.09 3903.53 3864.98 3837.13 3816.85 3799.37 3783.98 3769.2 3763.72 3771.27 3799.46 3802.91 3791.06 3769.71
4689.93 4694.58 4704.47 4709.49 4703.57 4697.65 4693.36 4691.96 4694.72 4696.03 4696.59 4696.37 4695.6 4694.94 4694.61 4696.61 4700.84 4710.8 4719.3 4726.59 4731.63 4732.81 4753.8 4736.67 4727.74 4723.71 4720.12 4714.11 4721.87 4722.92 4715.08 4722.81 4734.95 4747.3 4757.65 4764.42 4774.9 4783.54 4799.41 4817.94 4838.03 4842.21 4864.3 4935.2 4892.15 4963.81 5057.28 5106.12 5051.14 4796.35 4511.34 4280.26 4098.75 3961.02 3890.92 3859.14 3838.46 3823.93 3811.7 3802.25 3796.2 3780.61 3749.42 3712.61 3694.15 3709.34 3719.99
4667.54 4671.73 4690.55 4703.08 4695.21 4692.77 4693.24 4696.15 4697.77 4699.64 4700.49 4699.79 4699.37 4698.95 4697.71 4695.95 4698.63 4711.26 4720.92 4727.05 4730.94 4732.59 4736.01 4724.52 4721.53 4718.12 4712.23 4710.22 4727.9 4734.28 4728.82 4731.58 4740.64 4751.55 4762.89 4770.55 4786.07 4775.49 4784.35 4801.47 4821.96 4838.99 4881.96 4938.88 4919.08 4998.7 5023.85 4986.06 4863.37 4640.03 4394.51 4221.43 4077.64 3961.05 3884.62 3862.13 3846.69 3830.87 3817.59 3812.09 3814.76 3791.21 3716.68 3648.23 3595.02 3604.03 3644.96
4661.55 4659.56 4667.45 4671.57 4679.84 4685.24 4689.58 4694.27 4696.75 4701.21 4701.94 4702.59 4703.49 4704.82 4705.49 4702.81 4710 4721.62 4727.25 4730.23 4732.31 4736.27 4727.64 4719.92 4718.87 4717.59 4717.01 4721.13 4731.5 4735.61 4735.46 4737.62 4743.26 4751.89 4762.23 4775.9 4775.81 4770.17 4773.15 4785.84 4814.61 4881.2 4875.56 4951.44 4974.89 5084.15 5002.11 4891.19 4730.94 4519.86 4299.13 4176.58 4064.64 3969.41 3891.82 3874.37 3856.69 3835.83 3819.02 3804.65 3792.46 3793.55 3775.41 3638.91 3587.11 3585.97 3637.03
4659.81 4652.44 4655.94 4657.78 4669.85 4679.51 4685.18 4687.07 4694.44 4699.5 4702.87 4704.77 4706.97 4710.77 4717.45 4729.64 4742.14 4737.15 4734.64 4732.9 4731.22 4726.53 4726.31 4725.04 4722.24 4720.85 4722.68 4744.99 4728.39 4729.67 4734.46 4737.55 4742.84 4751.16 4758.14 4762 4770.15 4770.28 4769.57 4771.11 4784.07 4905.44 4909.84 4914.33 4964.14 5035.81 4955.69 4814.13 4653.83 4478.94 4309.24 4170.21 4066.75 3989.34 3916.18 3896.62 3868.24 3841.16 3816.15 3792.79 3782.67 3787.78 3795.04 3709.75 3631.76 3661.37 3691.96
4662.08 4657.21 4658.76 4661.89 4671.09 4679.45 4685.64 4690.81 4696.57 4702.83 4704.06 4706.31 4709.65 4714.94 4724.22 4740 4753.21 4746.17 4739.98 4735.25 4731.3 4730.47 4728.28 4728.11 4726.62 4726.06 4723.37 4721.48 4733.16 4733.77 4730.29 4731.57 4741.07 4751.82 4759.36 4760.07 4763.26 4774.14 4772.56 4769.82 4775.97 4831.78 4936.46 4951.01 4944.59 4987.52 4915.66 4791.11 4635.35 4459.89 4299.69 4175.48 4078.48 4006.2 3944.92 3918.24 3885.71 3849.66 3812.96 3782.92 3764.68 3758.79 3734.48 3707.65 3694.58 3731.35 3732.4
4664.71 4665.47 4666.82 4674.09 4678.8 4683.23 4689.14 4694.52 4697.43 4699.33 4703.83 4707.52 4711.02 4715.29 4721.28 4731.47 4741.5 4745.02 4739.86 4734.41 4728.45 4723.25 4724.73 4722.68 4730.93 4736.88 4735.28 4729.69 4746.04 4736.42 4725 4723.9 4740.69 4756.93 4768.66 4771.53 4778.44 4787.74 4780.63 4776.33 4787.42 4801.46 4984.61 5035.92 4952.47 4895.33 4920.88 4881.22 4708.15 4466.45 4296.43 4192.51 4097.34 4029.65 3978.65 3943.73 3902.4 3856.97 3812.45 3771.12 3748.77 3741.89 3734.5 3714.79 3715.72 3725.66 3731.9
4661.92 4664.11 4668.27 4674.71 4680.35 4685.96 4692.57 4699.78 4703.44 4702.18 4705.08 4708.46 4711.22 4712.89 4713.63 4713.63 4733.92 4737.1 4735.06 4732.84 4728.35 4722.29 4720.57 4726.1 4739.79 4751.36 4754.78 4736.08 4724.8 4727.03 4724.7 4728.77 4744.88 4764.86 4783.39 4785.09 4789.41 4797.82 4785.36 4778.68 4781.89 4789.89 4914.12 5066.67 4992.5 4900.72 4985.25 5051.4 4838.05 4562.68 4373.15 4242.63 4124.74 4033.79 4006.55 3975.97 3923 3867.9 3814.26 3765.97 3737.04 3727.36 3720.39 3717.57 3719.11 3722.93 3722.49
4656.29 4659.71 4665.25 4671.27 4678.07 4687.23 4694.77 4700.46 4702.04 4704.42 4707.96 4710.8 4712.88 4713.13 4710.49 4706.81 4714.85 4723.19 4728.84 4733.43 4735.24 4729.86 4726.48 4738.99 4750.67 4764.08 4769.15 4739.7 4724.32 4723.72 4726.13 4731.34 4749.61 4771.5 4792.71 4794.82 4795.58 4799.36 4782.66 4774.4 4784.03 4816.23 4868.92 4986.27 4972.95 4959.46 5040.34 5112.68 4952.95 4701.02 4505.64 4330.51 4169.96 4060.01 4041.08 4003.17 3940.31 3880.32 3822.53 3770.56 3735.1 3722.63 3714.17 3711.05 3707.39 3711.78 3720.03
4651.34 4655.65 4662.62 4671.4 4680.69 4689.28 4696.72 4702.96 4704.42 4707.85 4711.99 4714.51 4716.31 4717.01 4715.09 4706.72 4704.75 4711.7 4723.21 4734.22 4747.37 4744.88 4734.85 4742.64 4758.03 4772.43 4767.9 4744.98 4728.63 4726.27 4728.88 4735.99 4750.6 4773.04 4796.59 4790.92 4800.37 4791.86 4772.57 4761.71 4784.19 4840.52 4877.86 4863.86 4899.16 4908.25 5010.78 5118.57 5058.02 4900.2 4675.7 4440.69 4226.12 4091.47 4074.92 4005.54 3952.17 3895.86 3835 3779.84 3743.68 3727.62 3717.11 3712.61 3708.53 3713.1 3717.74
4647.88 4653.89 4661.95 4672.54 4685.73 4689.14 4697.28 4707.93 4718.59 4717.92 4717.94 4719.04 4720.7 4723.47 4727.62 4730.24 4711.78 4710.72 4721.63 4730.99 4737.78 4743.37 4743.96 4748.38 4761.38 4780.58 4787.04 4748.93 4732.23 4735.07 4736.73 4736.76 4754 4771.87 4782.84 4796.48 4799.85 4786.82 4759.42 4740.04 4769.08 4854.86 4925.18 4894.69 4864.41 4855.46 4946.81 5097.46 5144.6 5091.73 4833.84 4554.27 4289.5 4121.41 4090.49 4022.21 3977.26 3919.54 3854.55 3794.97 3759.43 3740.86 3720.84 3714.06 3720.26 3717.44 3716.09
4645.29 4650.77 4657 4664.15 4669.09 4681.19 4693.4 4707.2 4722.4 4724.26 4722.03 4722.06 4723.42 4726.99 4733.97 4740.4 4727.84 4723.1 4725.79 4728.39 4732.3 4741.05 4747.68 4750.65 4760.26 4765.52 4763.96 4756.48 4751.97 4751.48 4753.32 4759.6 4769.37 4779.65 4788.7 4797.2 4810.85 4783.75 4750.32 4728.81 4765.7 4850.84 4903.36 4897.38 4869.91 4855.29 4893.52 5038.56 5178.68 5163.39 4934.37 4655.84 4382.51 4188.03 4111.96 4081.9 4026.39 3957.62 3881.88 3815.95 3780.7 3762.74 3735.83 3728.23 3724.58 3724.11 3722.76
4643.61 4647.05 4650.53 4657.05 4662.25 4673.96 4686.79 4699.38 4712.02 4722.02 4722.92 4724.02 4725.37 4726.76 4728.71 4732.56 4735.42 4736.76 4731.96 4728.04 4722.82 4728.57 4741.7 4755.37 4763.6 4764.75 4763.23 4762.38 4766.05 4766.74 4769.98 4775.76 4785.55 4798.36 4803.79 4809.55 4826.32 4785.78 4747.86 4726.06 4767.15 4843.39 4883.03 4930.08 4914.32 4899.96 4929.35 5073.8 5210.97 5191.01 4987.87 4738.16 4485.01 4251.18 4136.48 4132.76 4084.96 4011.97 3924.75 3839.75 3813.81 3787.41 3764.78 3760.49 3759.94 3748.18 3745.47
4644.58 4648.34 4652.17 4657.58 4662.2 4671.17 4681.59 4690.83 4701.12 4715.02 4721.19 4724.46 4725.58 4724.63 4721.84 4723.57 4733.48 4738.42 4737.78 4734.38 4725.56 4726.06 4739.06 4755.49 4765.51 4768.16 4767.6 4770.33 4771.69 4776.33 4784.66 4795.2 4806.63 4817.64 4823.1 4812.8 4797.82 4778.86 4749.35 4735.63 4774.8 4853.49 4904.74 4937.2 4948.96 4971.07 5056.02 5141.64 5219.42 5183.12 4998.67 4788.45 4557.81 4290 4156.26 4170.55 4143.51 4087.35 4007.73 3897.43 3885.07 3862.8 3811.61 3801.18 3794.86 3788.53 3787.38
4647.12 4651.93 4658.35 4661.5 4666.61 4673.01 4679.08 4685.65 4695.33 4711.6 4720.99 4725.83 4727.67 4726.46 4723.21 4726.28 4735.15 4740.91 4744.82 4747.82 4747.66 4732.18 4744.52 4762.3 4774.78 4770.68 4767.51 4766.83 4771.2 4782.56 4796.82 4811.88 4824.67 4821.87 4818.47 4814.28 4800.54 4781.77 4752.21 4735.6 4769.92 4823.08 4889.07 4901.83 4927.64 4986.96 5065.98 5091.82 5084.17 5060.72 4961.75 4808.56 4610.05 4323.42 4199.46 4208.71 4201.38 4174.49 4142.8 4037.8 3983.38 3945.41 3872.82 3840.84 3839.11 3836.12 3843.43
4648.83 4653.42 4659.06 4662.59 4667.2 4672.18 4678.24 4685.83 4697.71 4715.58 4722.84 4728.18 4731.72 4733.09 4730.89 4734.6 4742.43 4749.91 4749.6 4752.32 4756.11 4750.8 4755.36 4767.51 4780.07 4783.29 4776.16 4769.13 4780.51 4793.14 4806.03 4818.96 4825.34 4827.83 4826.74 4827.26 4812.68 4782.65 4761.71 4751.49 4768.53 4791.1 4842.83 4859.72 4913.21 4935.59 4940.81 4969.44 4956.21 4956.79 4926.66 4834.65 4663.28 4393.96 4285.3 4263.14 4252.09 4252.3 4237.21 4156.18 4064.52 3978.37 3921.43 3890.95 3881.7 3895.44 3926.65
4648.75 4652.65 4656.72 4660.18 4663.23 4667.93 4677.9 4689.28 4701.98 4714.45 4723.18 4731.29 4738.74 4745.73 4749.54 4750.93 4750.76 4746.33 4748.6 4749.46 4751.95 4760.87 4759.73 4765.03 4774.93 4774.22 4782.82 4792.17 4793.22 4800.5 4815.08 4824.34 4833.07 4835.23 4824.31 4825.28 4801.52 4774 4771.85 4780.24 4782.14 4789.57 4793.44 4803.17 4848.12 4877.05 4891.9 4891.72 4912.89 4923.63 4924.02 4899.84 4809.03 4566.52 4440.06 4357.8 4316.7 4323.11 4342.95 4233.26 4142.49 4042.01 4021.77 3993.46 3982.46 4001.22 4048.95
4648.14 4651.19 4654.54 4657.94 4662.57 4670.48 4676.31 4687.98 4700.35 4709.66 4722.34 4733.75 4744.98 4756.99 4771.15 4767.58 4762.61 4756.91 4758.26 4757.21 4753.74 4752.74 4754.61 4752.89 4749.37 4749.61 4768.9 4789.04 4802.26 4817.83 4825.06 4827.46 4825.24 4830.68 4852.98 4830.52 4796.35 4768.79 4777.96 4787.08 4794.05 4803.12 4799.07 4818.86 4832.39 4843.74 4843.98 4851.44 4874.49 4898.25 4923.97 4947.17 4944.7 4845.04 4633.04 4470.76 4371.85 4380.66 4353.57 4289.48 4244.65 4159.62 4153.16 4139.9 4135.28 4136.11 4212.55
4647.54 4649.86 4652.22 4655.05 4659.05 4663.63 4670.56 4679.12 4692.63 4708.25 4722.08 4735.24 4747.72 4759.66 4769.36 4772.66 4773.44 4779.29 4778.29 4770.49 4765.39 4758.49 4751.21 4741.48 4727.3 4725.01 4743.9 4771.8 4803.7 4830.22 4836.66 4832.44 4822.96 4814.8 4834.7 4822.74 4797.8 4777.49 4784.37 4794.43 4795.96 4797.29 4789.32 4812.56 4829.39 4841.65 4839.61 4837.28 4841.01 4871.66 4904.74 4938.09 4965.95 4931.82 4780.57 4618.42 4508.84 4517.47 4461.68 4449.19 4430.83 4344.03 4283.63 4278.54 4322.12 4372.67 4430.07
4646.85 4648.82 4650.99 4653.45 4655.37 4658.18 4665.65 4674.72 4689.07 4705.8 4720.77 4735.18 4748.01 4758.51 4764.5 4772.15 4774.53 4775.02 4767.69 4758.96 4765.4 4761.88 4748.87 4739.3 4732.52 4729.35 4731.48 4760.18 4804.28 4846.57 4846.58 4836.25 4829.24 4807.51 4809.52 4811.45 4798.07 4780.47 4770.29 4775.23 4784.29 4794.95 4798.03 4809.02 4851.89 4855.25 4837.7 4826.69 4819.91 4844.86 4867.29 4889.58 4948.39 4975.74 4871.97 4795.48 4758.24 4782.23 4753.07 4735.41 4743.27 4627.08 4562.75 4534.09 4589.33 4694.78 4665.96
4646.56 4648.42 4650.04 4650.93 4654.58 4657.76 4665.93 4676.72 4689.92 4705.17 4720.41 4734.28 4747.02 4759.16 4768.37 4770.59 4770.84 4765.21 4752.43 4741.22 4743.11 4746.02 4743.72 4740.41 4738.94 4739.23 4743.02 4765.01 4801.49 4833.39 4840.26 4830.11 4814.11 4803.33 4812.88 4819.44 4805.5 4787.22 4780.1 4778.59 4778.14 4795.83 4808.49 4784.63 4809.29 4836.36 4839.46 4829 4814.36 4828.04 4832.23 4821.3 4846.3 4885.6 4895.51 4914.41 4997.45 4977.45 4989.62 4938.49 4942.37 4851.77 4799.79 4818.92 4798.08 4869.42 4802.12
4646.23 4648.84 4651.65 4655.02 4657.69 4662.08 4668.05 4677.71 4690.52 4705.12 4719.69 4732.93 4743.95 4753.51 4762.23 4766.67 4768.44 4766.29 4757.28 4734.23 4728.17 4734.62 4739.9 4741.82 4743.18 4746.27 4747.44 4768.94 4796.59 4820.57 4830.23 4825.51 4814.78 4811.36 4824.84 4831.75 4816.68 4801.85 4799.42 4796.51 4795.5 4811.22 4813.69 4795.46 4790.75 4804.22 4828.42 4830.87 4825.35 4824.02 4821.28 4810.46 4801.99 4828.45 4867.95 4905.02 4935.07 4934.73 4935.9 4940.89 4926.38 4867.26 4817.53 4799.22 4768.42 4765.09 4829.95
4645.67 4649.14 4653.31 4658.02 4659.72 4661.83 4666.01 4674.46 4689.39 4706.15 4721.54 4732.44 4740.07 4745.15 4752.68 4761.84 4767.45 4769.69 4764.31 4745.09 4734.69 4737.27 4742.33 4746.6 4750.55 4758.93 4760.9 4775.38 4794.56 4811.67 4821.11 4824.53 4825.27 4833.84 4840.42 4838.14 4825.81 4812.72 4811.93 4810.41 4811.53 4805.23 4804.13 4803.51 4799.07 4807.77 4821.01 4835.57 4832.83 4824.93 4825.77 4829.24 4795.93 4802.89 4828.54 4846.86 4848.35 4855.5 4867.26 4879.23 4904.34 4935.52 4911.98 4868.45 4836.71 4838.71 4877.81
4645.62 4648.87 4652.54 4656.48 4658.48 4660.87 4664.85 4670.89 4688.77 4707.2 4722.48 4732.85 4737.91 4741.03 4748.71 4758.91 4767.19 4773.14 4774.23 4761.66 4751.92 4747.05 4750.24 4755.75 4764.56 4775.23 4778.2 4783.43 4793.61 4804.86 4814.1 4824.52 4838.8 4856.31 4852.86 4843.91 4831.89 4822.01 4816.7 4815.33 4814.4 4801.38 4797.34 4797.4 4795.81 4794.08 4804.96 4812.11 4815.68 4816.91 4820.77 4825.82 4816.24 4803.61 4806.98 4806.56 4800.33 4807.8 4841.43 4849.12 4862.2 4935.87 4961.89 4945.64 4943.51 4951.38 4959.01
4645.52 4647.74 4650.31 4653.01 4655.5 4657.71 4659.95 4673.15 4689.44 4708.48 4728.6 4733.74 4736.2 4738.79 4746.96 4757.28 4766.37 4773.33 4775.94 4766.2 4750.66 4753.4 4759.69 4766.65 4772.2 4786.49 4788.7 4788.6 4792.8 4799.63 4806.96 4817.46 4835.28 4848.79 4849.03 4841.84 4831.82 4823.61 4817.53 4815.77 4814.73 4802.28 4790.74 4782.46 4774.19 4772.41 4791.68 4808.01 4799.97 4802.72 4804.88 4805.18 4798.95 4799.32 4796.35 4791.65 4783.73 4779.13 4813.41 4840.89 4862.07 4957.92 4985.57 4972.22 4938.79 4972.7 4976.7
4644.42 4646.26 4647.82 4649.64 4652.36 4657.03 4666.4 4675.32 4687.69 4704.36 4721.74 4728.87 4732.21 4736.71 4745.4 4754.82 4764 4770.91 4772.83 4762.33 4752.12 4759.12 4769.48 4780.34 4787.2 4784.76 4786.43 4788.89 4792.16 4795.71 4795.68 4809.28 4817.6 4841.75 4837.01 4832.41 4826.71 4819.27 4813.01 4810.21 4807.35 4794.41 4780.49 4767.76 4755.71 4761.84 4777.89 4785.77 4785.95 4789.84 4791.41 4795.18 4804.76 4801.71 4795.73 4791.51 4794.75 4804.25 4805.01 4823.55 4868.29 4979.74 5007.21 5017.91 5035.8 5003.07 4999.25
4644.42 4644.96 4645.54 4645.59 4647.12 4654.03 4660.04 4668.75 4681.31 4694.6 4707.4 4716.97 4725.49 4732.57 4742.35 4751.57 4760.77 4768.38 4770.63 4760.96 4759.47 4766.15 4778.31 4793.31 4799.6 4789.74 4787.28 4790.43 4793.02 4798.01 4815.35 4812.17 4823.78 4837.44 4827.82 4828.08 4824.17 4815.85 4803.61 4798.76 4792.47 4783.02 4768.97 4758.4 4752.14 4761.02 4765.33 4767.86 4774.3 4779.75 4784.59 4797.54 4812.48 4803.85 4794.61 4789.76 4792.06 4802.43 4798.5 4799.22 4861.68 5009.79 5048.26 5068.15 5084.97 5094.19 5108.77
4643.27 4643.72 4644.33 4645.27 4647.77 4650.97 4655.36 4663.43 4673.48 4683.78 4691.99 4703.7 4719.32 4732.46 4737.96 4745.42 4754.29 4763.61 4770.05 4761.46 4762.34 4770.24 4782.19 4794.82 4800.2 4794.74 4794.03 4793.52 4793.34 4792.71 4789.78 4797.75 4824.28 4835.46 4838.47 4832.19 4824.87 4817.55 4811.88 4793.47 4772.53 4762.14 4757.11 4752.5 4750.57 4749.03 4752.11 4763.61 4767.92 4773.15 4780.15 4797.75 4810.27 4799.92 4790.21 4784.94 4782.78 4777.39 4799.13 4805.86 4889.93 5071.51 5094.1 5071.64 5067.74 5053.38 5037.63
4641.09 4642.41 4643.52 4644.92 4646.67 4649.16 4651.32 4657.94 4666.56 4675.5 4684.72 4696.46 4709.47 4721.33 4728.98 4736.36 4745.07 4754.53 4762.76 4759.35 4761.81 4771.23 4782.21 4789.58 4792.57 4791.04 4798.1 4797.42 4794.23 4790.07 4781.18 4781.78 4797.51 4829.1 4841 4835.22 4827.73 4819.6 4820.15 4799.21 4769.1 4753.97 4750.02 4747.76 4748.04 4746.82 4749.66 4756.74 4765.76 4765.49 4769.53 4780.82 4788.77 4782.41 4776.03 4773.15 4777.31 4813.79 4818.11 4829.17 4832.07 4868.25 4912.11 4932.92 4949.61 4957.61 4941.24
