real_craters/C096-750m.grd
DSAA
87 87
-32.0775 32.0775
-32.0775 32.0775
3583.8336465489 5275.7526928956
[rows 0 to 37 of 87, columns 0 to 83 of 87]
4703 4705 4701 4696 4698 4707 4705 4696 4694 4700 4712 4732 4753 4765 4756 4767 4814 4805 4779 4809 4811 4819 4802 4802 4813 4833 4834 4832 4829 4829 4833 4810 4793 4785 4800 4779 4805 4815 4804 4802 4784 4767 4746 4749 4772 4784 4777 4769 4778 4798 4800 4803 4802 4808 4817 4813 4802 4788 4794 4805 4800 4804 4801 4782 4808 4805 4792 4790 4812 4839 4828 4829 4833 4835 4833 4838 4831 4818 4803 4799 4803 4809 4816 4810
4691 4698 4697 4693 4698 4702 4703 4696 4693 4693 4703 4720 4740 4747 4749 4759 4780 4790 4786 4805 4789 4783 4814 4810 4815 4827 4830 4828 4822 4818 4828 4811 4792 4784 4783 4779 4807 4821 4812 4799 4790 4771 4745 4750 4776 4788 4786 4771 4774 4825 4817 4807 4806 4814 4833 4833 4809 4794 4796 4799 4798 4795 4793 4792 4788 4798 4797 4795 4801 4789 4800 4817 4826 4828 4826 4826 4825 4821 4818 4820 4813 4810 4805 4798
4692 4694 4695 4695 4695 4697 4697 4695 4694 4693 4698 4710 4730 4738 4745 4754 4762 4776 4789 4805 4805 4785 4813 4823 4822 4832 4834 4831 4821 4811 4808 4804 4794 4786 4784 4779 4809 4832 4829 4818 4801 4782 4751 4753 4766 4774 4773 4771 4770 4783 4780 4786 4791 4797 4800 4808 4807 4797 4803 4794 4782 4786 4789 4792 4790 4784 4771 4791 4808 4817 4819 4827 4830 4831 4827 4824 4824 4824 4829 4835 4821 4813 4800 4792
4691 4690 4690 4691 4693 4692 4690 4695 4694 4694 4695 4700 4717 4730 4741 4751 4757 4774 4787 4798 4798 4797 4799 4820 4837 4844 4851 4848 4834 4814 4809 4794 4799 4794 4781 4784 4805 4838 4846 4841 4814 4784 4766 4762 4765 4762 4759 4760 4755 4739 4759 4771 4779 4780 4776 4790 4807 4814 4807 4794 4783 4787 4787 4786 4791 4787 4794 4809 4835 4845 4842 4836 4831 4827 4823 4815 4814 4815 4819 4818 4820 4820 4828 4832
4690 4690 4690 4690 4692 4696 4699 4698 4697 4697 4698 4695 4706 4720 4734 4746 4756 4778 4808 4803 4795 4803 4810 4812 4836 4862 4867 4860 4852 4825 4788 4792 4794 4797 4795 4788 4795 4814 4846 4847 4827 4796 4788 4777 4769 4758 4754 4754 4749 4758 4767 4774 4779 4780 4778 4789 4803 4809 4802 4802 4801 4800 4798 4800 4807 4814 4799 4832 4869 4882 4864 4854 4843 4834 4827 4820 4803 4805 4804 4813 4809 4817 4840 4870
4691 4689 4689 4690 4692 4697 4703 4699 4698 4699 4700 4699 4701 4712 4725 4736 4748 4776 4801 4819 4831 4818 4814 4809 4832 4897 4851 4827 4872 4860 4816 4792 4791 4790 4778 4780 4792 4813 4842 4845 4839 4842 4811 4792 4772 4756 4758 4751 4752 4768 4774 4778 4782 4785 4789 4790 4796 4799 4799 4809 4814 4813 4818 4816 4814 4810 4815 4851 4896 4898 4875 4859 4846 4834 4825 4817 4805 4792 4783 4770 4782 4798 4812 4804
4690 4687 4685 4686 4689 4691 4688 4694 4696 4697 4697 4696 4699 4706 4715 4725 4744 4770 4798 4839 4849 4832 4813 4813 4839 4849 4716 4693 4745 4837 4856 4812 4803 4791 4778 4784 4802 4834 4843 4840 4833 4826 4829 4807 4786 4768 4776 4772 4777 4786 4787 4785 4787 4793 4800 4790 4783 4785 4795 4808 4815 4817 4818 4821 4818 4807 4816 4852 4894 4886 4871 4857 4844 4833 4824 4814 4804 4790 4775 4757 4765 4780 4787 4782
4688 4685 4683 4684 4686 4689 4692 4693 4694 4695 4694 4696 4695 4699 4706 4716 4745 4764 4788 4818 4850 4829 4811 4818 4840 4541 4483 4520 4584 4815 4914 4838 4807 4797 4795 4797 4801 4798 4815 4834 4838 4832 4825 4815 4808 4818 4812 4788 4775 4800 4790 4788 4790 4791 4791 4788 4783 4787 4798 4805 4812 4816 4818 4821 4823 4828 4813 4841 4878 4874 4862 4846 4835 4826 4814 4806 4796 4787 4777 4765 4769 4775 4776 4776
4685 4682 4681 4681 4683 4686 4688 4691 4693 4694 4692 4689 4691 4695 4698 4707 4731 4753 4775 4808 4828 4816 4803 4825 4817 4470 4374 4431 4543 4785 4915 4851 4799 4815 4827 4815 4797 4776 4794 4828 4849 4832 4819 4822 4822 4824 4835 4822 4796 4790 4787 4791 4792 4795 4794 4789 4785 4793 4800 4795 4808 4818 4815 4823 4822 4823 4819 4832 4843 4846 4838 4828 4821 4814 4807 4799 4792 4786 4784 4790 4789 4777 4770 4765
4680 4678 4676 4677 4678 4679 4682 4686 4693 4699 4696 4686 4689 4694 4693 4699 4724 4743 4757 4770 4793 4800 4797 4808 4781 4557 4466 4477 4521 4825 4913 4844 4808 4819 4835 4834 4822 4802 4802 4834 4854 4842 4832 4833 4833 4825 4836 4828 4793 4788 4792 4798 4795 4790 4790 4792 4789 4798 4799 4799 4805 4819 4836 4826 4822 4819 4841 4843 4823 4816 4814 4810 4807 4804 4799 4793 4788 4784 4783 4786 4785 4773 4765 4760
4680 4675 4671 4672 4673 4675 4675 4681 4693 4705 4718 4694 4692 4692 4696 4696 4727 4738 4744 4761 4780 4792 4803 4815 4796 4741 4720 4700 4741 4898 4889 4821 4808 4843 4845 4847 4860 4846 4844 4852 4866 4868 4852 4848 4846 4832 4840 4836 4812 4816 4820 4815 4807 4793 4792 4797 4805 4798 4793 4789 4801 4811 4816 4822 4822 4824 4845 4841 4811 4801 4802 4801 4798 4795 4790 4786 4781 4779 4776 4771 4766 4763 4757 4750
4671 4672 4668 4669 4672 4673 4674 4680 4693 4703 4703 4692 4698 4716 4726 4733 4730 4734 4738 4763 4775 4785 4798 4800 4804 4843 4866 4846 4866 4819 4835 4809 4799 4825 4839 4842 4839 4846 4860 4859 4860 4858 4858 4861 4861 4851 4861 4854 4853 4882 4854 4841 4831 4826 4813 4806 4801 4803 4796 4793 4802 4810 4817 4820 4827 4840 4829 4827 4805 4793 4790 4791 4788 4785 4781 4778 4775 4771 4768 4762 4758 4754 4749 4743
4663 4665 4664 4668 4673 4676 4680 4687 4695 4702 4701 4689 4697 4714 4718 4719 4725 4727 4733 4743 4757 4768 4779 4775 4778 4801 4799 4850 4830 4799 4811 4828 4833 4837 4841 4838 4834 4841 4859 4848 4843 4847 4854 4866 4878 4861 4855 4884 4888 4875 4884 4872 4846 4823 4827 4826 4820 4813 4813 4810 4810 4811 4813 4816 4818 4821 4838 4824 4798 4794 4785 4778 4775 4770 4767 4766 4763 4762 4760 4753 4749 4749 4745 4737
4661 4659 4663 4669 4676 4682 4689 4696 4701 4707 4701 4684 4688 4690 4693 4701 4708 4717 4731 4735 4742 4744 4749 4757 4774 4781 4787 4799 4805 4800 4811 4832 4836 4857 4849 4836 4832 4831 4827 4822 4817 4831 4845 4858 4868 4864 4864 4875 4851 4856 4873 4868 4849 4832 4835 4842 4840 4821 4820 4819 4817 4820 4817 4813 4810 4811 4812 4814 4812 4797 4783 4777 4773 4770 4766 4762 4758 4753 4749 4746 4750 4745 4742 4741
4660 4661 4665 4672 4680 4689 4698 4706 4705 4711 4707 4690 4684 4684 4692 4701 4704 4711 4731 4735 4731 4731 4742 4767 4771 4781 4797 4793 4787 4790 4808 4820 4831 4838 4839 4830 4823 4818 4816 4816 4818 4826 4832 4839 4855 4849 4841 4827 4841 4863 4869 4868 4852 4842 4843 4849 4848 4837 4826 4824 4821 4815 4813 4810 4807 4807 4823 4820 4799 4796 4789 4785 4781 4774 4769 4763 4757 4745 4742 4734 4731 4730 4736 4746
4669 4665 4669 4678 4688 4696 4701 4704 4701 4704 4700 4689 4685 4684 4683 4693 4704 4710 4714 4727 4728 4727 4745 4771 4772 4780 4783 4778 4773 4782 4810 4832 4837 4833 4831 4826 4825 4833 4831 4826 4824 4826 4819 4811 4803 4808 4813 4818 4834 4856 4868 4868 4856 4840 4844 4855 4857 4865 4851 4836 4829 4819 4816 4811 4806 4798 4782 4778 4790 4800 4787 4783 4777 4772 4766 4760 4753 4745 4733 4721 4718 4719 4726 4732
4678 4668 4674 4685 4699 4708 4711 4703 4701 4695 4692 4693 4690 4688 4694 4696 4706 4714 4725 4732 4736 4739 4750 4767 4780 4784 4782 4779 4773 4788 4819 4839 4840 4837 4829 4822 4822 4826 4827 4827 4825 4818 4807 4791 4772 4781 4795 4811 4831 4848 4865 4875 4862 4845 4833 4827 4828 4825 4834 4834 4833 4834 4822 4812 4804 4793 4781 4789 4797 4798 4784 4780 4776 4771 4767 4758 4752 4744 4734 4721 4714 4713 4718 4719
4685 4675 4684 4701 4717 4729 4734 4734 4716 4700 4694 4694 4694 4692 4693 4706 4720 4733 4741 4740 4742 4747 4750 4757 4772 4786 4775 4773 4784 4802 4830 4846 4843 4828 4831 4828 4826 4825 4816 4810 4815 4808 4798 4787 4774 4782 4788 4804 4822 4840 4854 4865 4855 4835 4815 4804 4812 4816 4817 4825 4823 4818 4818 4812 4800 4794 4790 4796 4799 4792 4781 4780 4775 4770 4766 4759 4752 4746 4737 4723 4717 4714 4715 4711
4693 4688 4700 4725 4746 4761 4767 4761 4737 4709 4700 4696 4697 4707 4714 4732 4742 4742 4740 4739 4739 4743 4744 4748 4759 4780 4773 4769 4784 4810 4837 4852 4850 4845 4838 4838 4829 4820 4809 4795 4792 4793 4792 4793 4795 4790 4789 4801 4817 4827 4833 4830 4821 4814 4798 4789 4808 4817 4818 4825 4829 4824 4821 4815 4806 4799 4792 4796 4788 4791 4793 4779 4774 4768 4761 4755 4748 4741 4741 4728 4727 4724 4718 4708
4700 4714 4727 4754 4778 4798 4810 4798 4767 4731 4712 4708 4717 4737 4758 4772 4763 4761 4738 4738 4742 4743 4747 4749 4753 4778 4782 4781 4784 4826 4856 4868 4866 4858 4838 4828 4826 4822 4817 4805 4789 4787 4784 4785 4794 4799 4788 4796 4798 4811 4818 4820 4825 4808 4792 4784 4800 4820 4826 4829 4838 4839 4828 4820 4814 4810 4806 4802 4781 4781 4783 4771 4765 4761 4755 4748 4743 4742 4742 4732 4732 4732 4721 4709
4716 4741 4763 4779 4800 4827 4856 4877 4838 4752 4728 4726 4745 4783 4816 4815 4770 4742 4739 4751 4764 4769 4774 4776 4770 4788 4802 4815 4841 4848 4867 4877 4879 4848 4831 4825 4827 4829 4831 4836 4805 4791 4779 4768 4785 4804 4799 4798 4802 4804 4810 4813 4805 4800 4793 4791 4798 4810 4820 4821 4822 4827 4828 4826 4824 4825 4824 4833 4793 4784 4778 4765 4759 4753 4748 4745 4742 4739 4742 4730 4731 4729 4721 4712
4747 4766 4785 4786 4803 4839 4884 4931 4899 4773 4741 4740 4763 4828 4844 4790 4762 4736 4744 4771 4803 4823 4831 4820 4818 4825 4815 4838 4846 4848 4856 4851 4849 4840 4830 4834 4853 4850 4837 4827 4819 4802 4786 4774 4789 4800 4807 4800 4797 4802 4806 4807 4800 4794 4790 4789 4793 4800 4809 4812 4805 4816 4829 4838 4844 4844 4852 4860 4813 4791 4779 4766 4760 4754 4749 4743 4740 4736 4739 4727 4728 4725 4720 4715
4750 4764 4789 4760 4784 4825 4873 4914 4886 4782 4747 4743 4769 4844 4851 4793 4762 4736 4751 4786 4825 4850 4864 4837 4830 4824 4807 4827 4836 4830 4821 4836 4857 4848 4841 4850 4870 4862 4840 4822 4817 4815 4808 4795 4812 4821 4826 4806 4797 4808 4812 4811 4805 4788 4782 4783 4788 4799 4805 4813 4822 4825 4830 4838 4847 4852 4863 4850 4814 4792 4779 4765 4757 4753 4748 4745 4740 4737 4740 4723 4723 4724 4719 4715
4761 4705 4614 4680 4744 4793 4832 4855 4833 4772 4741 4729 4727 4807 4850 4824 4787 4748 4771 4795 4808 4817 4823 4817 4800 4782 4784 4783 4806 4822 4836 4832 4850 4849 4845 4863 4874 4864 4847 4828 4828 4839 4847 4861 4846 4841 4854 4839 4828 4832 4830 4820 4793 4789 4783 4786 4793 4789 4801 4813 4828 4831 4832 4831 4841 4849 4838 4831 4806 4789 4781 4769 4758 4753 4748 4743 4740 4738 4739 4726 4722 4716 4714 4715
4749 4684 4587 4674 4724 4759 4786 4794 4771 4753 4740 4734 4739 4788 4840 4857 4834 4808 4820 4811 4802 4797 4799 4794 4785 4782 4792 4795 4801 4811 4834 4865 4880 4870 4867 4866 4868 4865 4854 4859 4871 4864 4861 4854 4863 4858 4883 4900 4884 4870 4862 4852 4829 4819 4794 4797 4794 4790 4801 4811 4817 4832 4841 4843 4851 4860 4861 4834 4801 4788 4787 4778 4772 4767 4761 4753 4747 4741 4737 4732 4723 4722 4721 4717
4721 4721 4763 4731 4722 4735 4748 4753 4751 4740 4744 4759 4790 4810 4831 4847 4860 4860 4831 4817 4814 4793 4785 4781 4778 4780 4791 4802 4791 4793 4820 4862 4886 4898 4878 4880 4885 4875 4860 4871 4878 4880 4878 4859 4868 4883 4909 4936 4921 4899 4891 4902 4903 4891 4867 4844 4825 4810 4812 4816 4825 4833 4850 4874 4863 4856 4849 4843 4816 4794 4790 4781 4775 4769 4765 4759 4751 4746 4740 4734 4721 4723 4723 4715
4705 4711 4691 4690 4706 4713 4720 4725 4728 4735 4748 4769 4798 4818 4829 4834 4833 4829 4818 4801 4790 4779 4774 4773 4772 4767 4777 4799 4797 4792 4832 4899 4931 4955 4950 4932 4919 4903 4890 4884 4872 4917 4933 4916 4923 4925 4931 4922 4924 4918 4916 4928 4968 4968 4942 4901 4881 4863 4836 4817 4814 4828 4845 4856 4858 4846 4826 4815 4799 4800 4798 4794 4779 4771 4765 4759 4752 4746 4738 4734 4717 4712 4705 4708
4717 4704 4697 4695 4698 4703 4705 4708 4712 4728 4748 4771 4796 4825 4816 4813 4806 4803 4801 4789 4795 4782 4772 4770 4770 4766 4773 4788 4794 4793 4849 4959 5000 4991 5011 4974 4949 4933 4937 4941 4951 5000 5010 4995 5006 4990 5104 4980 4924 4931 4928 4935 5009 5031 5004 4989 4954 4915 4866 4823 4811 4824 4838 4850 4847 4843 4835 4820 4813 4808 4807 4805 4787 4779 4772 4764 4754 4747 4743 4736 4719 4713 4703 4711
4704 4700 4696 4693 4693 4692 4694 4699 4709 4720 4741 4760 4775 4782 4795 4803 4805 4785 4780 4777 4781 4800 4777 4772 4772 4774 4766 4786 4804 4808 4854 4922 4971 4977 4957 4986 4970 4955 4964 5016 5100 5078 5093 5085 5133 5077 5071 5031 5017 4940 4937 4978 5016 5027 5023 5039 5013 4961 4902 4841 4823 4830 4835 4835 4836 4829 4821 4824 4834 4826 4816 4814 4795 4786 4778 4769 4762 4752 4744 4736 4721 4725 4740 4725
4691 4694 4698 4705 4687 4684 4687 4692 4698 4715 4741 4751 4757 4764 4774 4786 4787 4791 4783 4778 4786 4809 4789 4780 4772 4766 4778 4781 4790 4825 4865 4894 4937 4979 5033 5016 4996 4995 5009 5090 5078 5121 5051 5026 5004 4953 4912 4914 4902 4917 4918 4941 4957 4974 5000 5064 5051 5006 4954 4888 4865 4853 4848 4842 4835 4827 4819 4815 4805 4815 4817 4817 4799 4787 4777 4767 4758 4749 4742 4733 4718 4724 4727 4719
4686 4685 4670 4616 4659 4674 4682 4695 4723 4756 4754 4748 4740 4736 4750 4773 4795 4790 4787 4784 4803 4827 4810 4787 4771 4768 4778 4778 4797 4812 4862 4886 4935 4954 4971 4956 4999 5082 5204 5253 5258 5276 5268 5094 4965 4944 4959 4964 4919 4931 4885 4849 4880 4886 4971 5076 5068 5027 4996 4994 4920 4874 4853 4844 4838 4831 4823 4817 4812 4817 4819 4817 4797 4787 4777 4767 4757 4750 4742 4734 4713 4712 4705 4703
4691 4687 4675 4687 4679 4680 4681 4692 4728 4760 4763 4749 4729 4724 4735 4755 4777 4798 4792 4793 4814 4825 4800 4785 4771 4766 4765 4787 4792 4817 4867 4955 4972 4968 4966 4965 5022 5088 5195 5248 5242 5230 5199 5008 5085 5161 5148 5071 5085 5020 4912 4857 4866 4869 4936 5025 5065 5008 4971 4945 4908 4872 4849 4838 4839 4845 4831 4822 4826 4832 4825 4820 4801 4792 4782 4773 4763 4754 4744 4735 4711 4706 4700 4697
4696 4698 4701 4713 4702 4694 4690 4669 4714 4776 4761 4747 4742 4726 4726 4736 4741 4769 4783 4804 4802 4801 4783 4777 4773 4779 4789 4820 4800 4818 4902 4995 4996 4995 4977 4966 5035 5146 5190 5096 5022 4929 4734 4560 4661 4833 4852 4859 4932 4925 4950 4927 4881 4872 4896 4926 4947 4955 4926 4884 4874 4853 4830 4828 4832 4836 4826 4816 4809 4815 4818 4816 4800 4791 4782 4772 4762 4752 4742 4733 4721 4706 4704 4701
4699 4706 4705 4698 4701 4706 4714 4735 4736 4741 4739 4736 4733 4728 4725 4728 4732 4743 4752 4750 4759 4769 4774 4773 4772 4779 4787 4821 4803 4829 4890 4982 5003 4998 4969 4929 4949 4997 4847 4724 4600 4444 4298 4125 4238 4361 4362 4410 4461 4570 4780 4843 4842 4856 4897 4918 4926 4926 4907 4884 4857 4838 4825 4820 4825 4827 4816 4803 4789 4789 4800 4805 4793 4785 4776 4769 4759 4750 4742 4733 4721 4707 4706 4704
4703 4715 4710 4714 4719 4716 4721 4733 4723 4710 4714 4721 4724 4727 4725 4725 4732 4736 4732 4727 4737 4754 4771 4768 4766 4779 4793 4808 4810 4837 4932 5017 5029 4937 4942 4859 4682 4575 4411 4318 4191 4016 3941 3862 3864 3937 3938 4023 4071 4172 4368 4540 4698 4906 4957 4977 4968 4927 4884 4854 4839 4824 4811 4809 4810 4808 4802 4793 4784 4781 4792 4804 4811 4790 4782 4773 4761 4752 4741 4735 4722 4707 4704 4701
4689 4695 4705 4712 4715 4716 4714 4705 4701 4688 4695 4717 4733 4731 4728 4719 4723 4729 4728 4739 4755 4757 4755 4754 4755 4773 4789 4791 4809 4849 4932 5025 5091 5083 4791 4489 4321 4175 4046 4013 3922 3800 3797 3820 3813 3776 3744 3801 3851 3935 4057 4246 4414 4729 5046 5022 4995 4943 4868 4834 4826 4815 4802 4799 4796 4792 4789 4786 4786 4794 4802 4806 4810 4788 4780 4772 4762 4752 4745 4736 4722 4708 4702 4696
4686 4686 4697 4705 4705 4719 4716 4706 4695 4685 4690 4705 4719 4732 4731 4719 4731 4731 4728 4733 4763 4758 4750 4748 4752 4757 4770 4803 4817 4870 4955 5007 5084 5017 4603 4257 4093 3992 3926 3868 3806 3750 3761 3801 3773 3726 3701 3716 3764 3861 3973 4044 4168 4501 4921 5078 5050 4973 4891 4847 4831 4819 4805 4794 4781 4781 4783 4783 4784 4790 4804 4803 4804 4785 4778 4770 4761 4751 4741 4736 4722 4706 4702 4695
4685 4683 4696 4716 4739 4729 4722 4714 4697 4688 4693 4711 4725 4734 4739 4721 4737 4737 4728 4728 4742 4744 4741 4735 4742 4752 4766 4814 4810 4948 4965 4994 5018 4849 4414 4155 4024 3933 3876 3816 3757 3719 3726 3731 3684 3662 3663 3668 3688 3720 3789 3877 4012 4332 4692 5075 5077 4988 4905 4866 4843 4831 4817 4796 4782 4781 4783 4784 4782 4784 4797 4799 4795 4776 4769 4761 4756 4753 4745 4739 4727 4710 4702 4693
