real_craters/C096-750m.grd
DSAA
87 87
-32.0775 32.0775
-32.0775 32.0775
3583.8336465489 5275.7526928956
[rows 38 to 75 of 87, columns 0 to 83 of 87]
4683 4681 4695 4719 4734 4731 4716 4704 4694 4688 4693 4714 4727 4734 4738 4740 4734 4749 4728 4714 4722 4730 4733 4732 4728 4749 4769 4799 4814 4995 4979 5020 5005 4762 4344 4119 3996 3908 3852 3794 3733 3682 3688 3693 3664 3634 3629 3630 3627 3620 3650 3751 3866 4132 4528 4911 5001 4965 4900 4874 4847 4822 4811 4801 4788 4788 4789 4789 4787 4780 4800 4792 4790 4773 4767 4761 4753 4752 4746 4739 4731 4716 4708 4694
4689 4684 4697 4716 4736 4722 4706 4697 4691 4686 4689 4702 4721 4733 4741 4738 4739 4752 4736 4720 4715 4722 4732 4745 4733 4736 4784 4830 4871 5008 5046 5092 5097 4820 4355 4092 3956 3914 3847 3787 3735 3693 3718 3734 3711 3658 3630 3616 3602 3591 3613 3687 3839 3999 4384 4739 4884 4915 4894 4879 4848 4819 4808 4808 4803 4798 4796 4796 4798 4804 4787 4779 4782 4773 4767 4761 4755 4749 4744 4740 4733 4723 4721 4714
4686 4696 4703 4708 4703 4700 4696 4692 4690 4688 4691 4703 4718 4732 4741 4738 4737 4744 4745 4727 4711 4719 4733 4737 4735 4748 4801 4869 4864 5027 5036 5138 5185 4875 4397 4096 3927 3868 3825 3788 3752 3736 3769 3812 3772 3693 3654 3626 3604 3588 3600 3645 3712 3915 4297 4624 4799 4882 4902 4880 4842 4807 4802 4812 4816 4806 4802 4802 4805 4809 4789 4774 4773 4765 4758 4751 4749 4747 4742 4740 4738 4741 4738 4753
4712 4706 4708 4703 4695 4692 4694 4694 4692 4692 4696 4711 4719 4731 4745 4750 4734 4732 4728 4725 4712 4721 4740 4755 4744 4783 4817 4851 4848 4965 4960 5117 5216 4863 4407 4096 3911 3862 3825 3799 3777 3764 3779 3802 3786 3741 3681 3641 3611 3584 3595 3639 3736 3899 4304 4613 4778 4859 4887 4871 4824 4781 4785 4798 4802 4801 4802 4804 4806 4802 4788 4775 4765 4756 4746 4743 4741 4744 4738 4738 4736 4742 4741 4748
4677 4690 4709 4698 4694 4695 4699 4699 4698 4697 4696 4702 4718 4728 4730 4735 4725 4719 4710 4727 4722 4730 4746 4763 4777 4783 4804 4832 4842 4939 4937 5042 4998 4686 4327 4075 3911 3858 3833 3815 3807 3787 3706 3630 3665 3680 3678 3650 3623 3603 3621 3656 3738 3939 4329 4658 4811 4857 4869 4850 4805 4764 4769 4777 4781 4787 4794 4800 4803 4800 4791 4778 4761 4754 4741 4735 4733 4731 4731 4731 4732 4739 4734 4732
4662 4663 4671 4683 4689 4695 4701 4702 4703 4705 4703 4715 4727 4731 4735 4722 4719 4717 4718 4734 4735 4739 4750 4765 4776 4769 4781 4825 4879 4943 5096 4989 4796 4492 4223 4055 3914 3873 3845 3818 3798 3793 3715 3587 3605 3677 3681 3659 3636 3637 3662 3702 3816 4018 4407 4822 4892 4861 4848 4835 4806 4775 4764 4749 4758 4772 4783 4793 4801 4805 4799 4760 4746 4741 4734 4730 4732 4731 4730 4731 4732 4737 4732 4727
4660 4654 4658 4674 4685 4691 4704 4704 4708 4716 4735 4748 4739 4734 4730 4730 4725 4723 4728 4726 4732 4737 4749 4759 4761 4770 4768 4785 4909 4923 4994 4916 4687 4449 4221 4063 3948 3905 3859 3813 3779 3773 3740 3667 3718 3721 3697 3671 3647 3637 3664 3683 3820 4089 4519 4991 4979 4871 4830 4826 4815 4796 4766 4742 4749 4762 4774 4785 4794 4804 4799 4739 4738 4734 4730 4725 4727 4727 4727 4728 4729 4734 4733 4724
4665 4666 4674 4680 4689 4696 4699 4706 4711 4717 4730 4746 4741 4732 4723 4723 4729 4737 4730 4747 4727 4728 4753 4770 4775 4787 4777 4789 4898 5012 4913 4921 4783 4437 4233 4089 3998 3940 3877 3810 3755 3742 3723 3715 3730 3727 3708 3684 3663 3657 3680 3678 3858 4188 4625 5097 5050 4880 4819 4813 4818 4799 4767 4751 4754 4763 4771 4778 4783 4784 4775 4772 4740 4731 4727 4722 4724 4723 4725 4725 4725 4729 4726 4720
4659 4664 4673 4683 4693 4703 4703 4708 4712 4712 4710 4728 4732 4733 4725 4723 4743 4761 4743 4724 4725 4734 4763 4790 4789 4796 4779 4783 4837 5071 4942 5036 4990 4588 4337 4132 4026 3985 3899 3815 3746 3723 3715 3713 3720 3718 3707 3693 3682 3680 3697 3721 3981 4380 4814 5228 5093 4903 4813 4756 4779 4768 4751 4753 4763 4768 4770 4771 4770 4766 4757 4735 4724 4718 4715 4713 4714 4717 4716 4715 4714 4717 4715 4712
4652 4659 4671 4685 4696 4704 4707 4713 4716 4716 4707 4706 4722 4738 4748 4737 4755 4774 4751 4727 4728 4739 4767 4799 4797 4788 4764 4792 4874 4877 4906 5035 5090 4866 4526 4206 4079 4002 3921 3832 3756 3727 3714 3708 3716 3715 3704 3697 3699 3703 3711 3830 4167 4643 5049 5159 5060 4925 4795 4673 4552 4629 4735 4791 4775 4768 4762 4758 4752 4744 4731 4715 4711 4712 4712 4707 4706 4705 4704 4704 4706 4707 4707 4708
4647 4657 4670 4683 4696 4715 4722 4720 4722 4728 4739 4714 4722 4731 4740 4747 4758 4781 4757 4740 4743 4753 4771 4783 4806 4779 4738 4782 4916 4886 4852 4937 5137 5114 4715 4304 4115 4036 3963 3862 3780 3749 3720 3720 3719 3717 3707 3700 3704 3742 3777 3955 4333 4826 5157 5055 5004 4916 4803 4665 4515 4607 4741 4819 4780 4765 4755 4745 4738 4728 4717 4707 4704 4703 4704 4699 4700 4699 4699 4698 4698 4701 4701 4705
4644 4649 4657 4667 4687 4706 4722 4723 4725 4728 4733 4737 4732 4726 4728 4747 4763 4764 4762 4766 4768 4776 4794 4802 4822 4777 4730 4781 4877 4928 4898 4936 5166 5171 4835 4454 4158 4129 4042 3916 3819 3784 3759 3757 3743 3746 3739 3726 3730 3856 4022 4210 4548 4928 5136 5086 5032 4952 4843 4765 4717 4700 4743 4773 4763 4755 4749 4742 4734 4725 4716 4709 4703 4695 4694 4684 4681 4682 4681 4682 4681 4682 4683 4685
4646 4652 4659 4665 4680 4691 4711 4723 4726 4724 4723 4736 4740 4739 4728 4746 4768 4770 4767 4774 4787 4806 4819 4821 4805 4772 4738 4786 4899 4929 4968 5113 5164 5129 4875 4555 4191 4184 4146 4062 3931 3899 3825 3814 3808 3823 3824 3802 3815 4065 4339 4570 4863 5061 5122 5079 5031 4949 4855 4809 4805 4755 4749 4743 4744 4742 4738 4733 4726 4719 4710 4705 4700 4684 4677 4673 4670 4672 4668 4667 4666 4665 4672 4671
4649 4656 4663 4670 4678 4689 4714 4725 4731 4732 4733 4745 4749 4755 4750 4758 4778 4779 4767 4783 4802 4822 4828 4825 4821 4778 4750 4772 4828 4873 4932 4963 4974 4962 4877 4636 4294 4256 4246 4226 4097 3971 3897 3876 3901 3951 3984 4007 4075 4380 4727 5006 5164 5215 5127 5012 4876 4828 4809 4764 4730 4738 4735 4730 4729 4728 4725 4722 4717 4713 4708 4692 4668 4667 4665 4665 4664 4665 4665 4664 4664 4663 4666 4663
4648 4654 4659 4664 4677 4697 4712 4727 4741 4755 4759 4753 4749 4750 4756 4759 4768 4771 4787 4800 4817 4827 4832 4833 4806 4770 4777 4789 4795 4810 4854 4858 4884 4915 4928 4865 4574 4396 4339 4357 4214 4083 4065 4038 4085 4174 4255 4326 4436 4703 5030 5132 5092 5116 5013 4863 4783 4791 4777 4756 4738 4735 4732 4724 4720 4717 4714 4711 4708 4706 4705 4709 4666 4658 4659 4660 4661 4662 4661 4662 4662 4661 4661 4658
4648 4651 4655 4662 4671 4685 4707 4728 4746 4764 4772 4774 4778 4769 4758 4749 4731 4732 4768 4811 4835 4830 4817 4837 4806 4776 4797 4797 4787 4816 4837 4840 4840 4879 4928 4966 4841 4588 4493 4431 4422 4317 4265 4297 4378 4449 4534 4670 4806 4890 5070 5053 4991 4847 4857 4802 4782 4777 4756 4742 4734 4732 4729 4721 4717 4714 4711 4707 4701 4697 4689 4671 4654 4653 4654 4654 4656 4657 4658 4658 4657 4656 4659 4657
4647 4650 4653 4656 4665 4681 4704 4727 4747 4762 4771 4773 4760 4752 4759 4745 4736 4732 4752 4816 4848 4831 4809 4812 4805 4776 4770 4779 4804 4797 4861 4839 4816 4839 4857 4917 4914 4852 4878 4880 4842 4745 4658 4691 4769 4711 4738 4810 4871 4884 4872 4888 4822 4770 4775 4776 4782 4759 4743 4731 4725 4724 4722 4715 4712 4708 4705 4701 4696 4688 4676 4660 4654 4652 4654 4653 4652 4653 4653 4653 4651 4652 4654 4656
4646 4650 4654 4659 4668 4683 4704 4726 4743 4759 4767 4768 4760 4731 4734 4741 4742 4745 4763 4805 4831 4823 4808 4826 4820 4798 4795 4792 4819 4791 4797 4831 4824 4824 4815 4807 4858 4915 4952 4944 4948 4863 4805 4770 4806 4836 4846 4881 4878 4837 4764 4748 4745 4767 4755 4753 4733 4735 4728 4717 4717 4719 4715 4709 4705 4701 4696 4691 4685 4678 4669 4661 4655 4654 4655 4657 4657 4656 4658 4658 4659 4659 4660 4661
4646 4651 4658 4660 4665 4679 4705 4727 4739 4745 4759 4769 4770 4747 4740 4746 4753 4765 4775 4799 4816 4826 4840 4846 4832 4814 4813 4808 4800 4803 4799 4818 4832 4823 4831 4799 4812 4828 4821 4857 4858 4954 4922 4866 4885 4921 4921 4872 4861 4836 4801 4776 4753 4742 4747 4746 4748 4731 4716 4706 4713 4719 4715 4709 4704 4698 4693 4687 4680 4673 4667 4663 4659 4659 4660 4660 4660 4660 4661 4661 4661 4660 4659 4659
4646 4649 4653 4657 4661 4680 4707 4732 4736 4741 4756 4769 4776 4759 4752 4760 4768 4788 4787 4795 4810 4823 4850 4850 4835 4822 4816 4815 4795 4784 4773 4796 4801 4805 4809 4801 4798 4791 4772 4818 4855 4948 4972 4929 4985 4984 5001 5019 4920 4839 4792 4778 4766 4755 4739 4730 4727 4720 4709 4702 4713 4725 4719 4710 4704 4697 4691 4684 4677 4671 4665 4662 4665 4667 4662 4661 4661 4662 4662 4663 4663 4662 4661 4659
4644 4646 4648 4653 4666 4679 4700 4723 4730 4738 4753 4766 4772 4756 4760 4777 4790 4783 4788 4793 4800 4811 4837 4830 4827 4815 4807 4803 4782 4762 4758 4774 4779 4786 4790 4808 4799 4792 4808 4804 4829 4991 5015 5056 5031 5034 5029 5059 4944 4829 4755 4742 4756 4743 4730 4714 4712 4715 4709 4703 4713 4723 4720 4712 4705 4700 4694 4687 4680 4673 4666 4661 4657 4659 4660 4661 4661 4662 4664 4665 4665 4663 4661 4660
4644 4644 4645 4649 4655 4669 4685 4697 4719 4735 4746 4759 4770 4761 4768 4786 4803 4794 4793 4794 4795 4806 4836 4834 4827 4816 4799 4771 4761 4753 4752 4756 4767 4775 4788 4811 4796 4786 4777 4798 4825 5075 5086 5079 5076 5017 4966 4889 4893 4841 4788 4771 4774 4753 4729 4712 4719 4727 4721 4716 4717 4723 4719 4713 4707 4701 4694 4687 4680 4674 4667 4660 4653 4654 4657 4659 4659 4660 4660 4662 4666 4667 4668 4665
4640 4643 4645 4648 4650 4660 4673 4687 4705 4721 4732 4744 4758 4757 4769 4786 4793 4793 4799 4795 4784 4782 4819 4840 4830 4820 4811 4765 4750 4747 4745 4751 4763 4762 4766 4777 4772 4768 4787 4814 4828 4827 4880 4919 4937 4932 4914 4904 4864 4852 4812 4773 4800 4757 4730 4714 4722 4733 4733 4728 4720 4716 4716 4715 4710 4704 4698 4691 4685 4678 4671 4665 4658 4654 4656 4659 4661 4662 4666 4668 4671 4673 4676 4679
4638 4642 4645 4648 4649 4655 4663 4673 4684 4699 4713 4724 4731 4752 4766 4781 4794 4803 4804 4799 4801 4796 4809 4823 4823 4830 4808 4764 4750 4747 4751 4772 4771 4745 4730 4742 4745 4742 4735 4748 4769 4809 4805 4824 4856 4860 4845 4825 4828 4811 4789 4770 4776 4744 4727 4719 4724 4732 4735 4733 4726 4723 4721 4717 4711 4705 4699 4693 4688 4682 4676 4672 4670 4660 4657 4658 4659 4661 4665 4671 4677 4683 4689 4694
4642 4644 4645 4648 4648 4650 4656 4663 4669 4681 4695 4708 4728 4743 4761 4781 4795 4799 4798 4795 4793 4778 4803 4800 4801 4806 4820 4765 4762 4763 4764 4802 4779 4750 4721 4723 4726 4726 4728 4731 4780 4825 4789 4780 4798 4804 4798 4795 4795 4797 4779 4766 4745 4729 4722 4716 4727 4731 4731 4733 4735 4735 4725 4718 4712 4706 4700 4694 4688 4682 4678 4674 4670 4662 4658 4660 4662 4664 4670 4675 4681 4686 4695 4703
4643 4644 4644 4645 4647 4649 4653 4658 4660 4669 4682 4693 4707 4732 4748 4776 4798 4800 4790 4782 4770 4760 4792 4789 4787 4797 4810 4809 4780 4764 4749 4754 4782 4777 4744 4726 4720 4717 4729 4738 4748 4793 4766 4755 4765 4763 4745 4748 4761 4773 4765 4750 4744 4728 4720 4723 4729 4740 4735 4737 4738 4731 4725 4719 4712 4706 4699 4693 4688 4683 4678 4672 4663 4657 4659 4662 4664 4667 4671 4677 4682 4688 4697 4712
4639 4639 4642 4643 4647 4648 4652 4655 4660 4665 4675 4686 4700 4672 4713 4756 4784 4789 4777 4765 4753 4737 4778 4771 4776 4783 4777 4800 4785 4767 4747 4740 4746 4739 4740 4724 4719 4720 4730 4736 4733 4774 4771 4753 4744 4730 4724 4729 4740 4750 4750 4739 4718 4715 4712 4715 4727 4743 4754 4741 4733 4725 4722 4717 4711 4705 4699 4693 4688 4683 4678 4673 4672 4668 4665 4665 4668 4670 4673 4676 4680 4683 4685 4685
4637 4639 4643 4646 4647 4648 4650 4653 4656 4664 4673 4683 4699 4708 4721 4748 4765 4766 4759 4751 4747 4753 4768 4776 4775 4771 4763 4769 4771 4769 4732 4715 4728 4740 4703 4708 4715 4724 4721 4719 4724 4774 4761 4747 4731 4727 4714 4723 4732 4735 4732 4733 4727 4716 4706 4709 4721 4736 4746 4735 4722 4723 4720 4715 4709 4703 4697 4693 4688 4683 4677 4672 4665 4668 4671 4669 4669 4670 4674 4675 4676 4677 4675 4670
4640 4641 4643 4648 4648 4646 4648 4651 4656 4666 4675 4681 4699 4712 4719 4729 4743 4746 4740 4733 4726 4727 4743 4750 4788 4772 4741 4742 4749 4738 4719 4702 4714 4707 4690 4698 4708 4715 4715 4725 4727 4729 4748 4736 4722 4708 4717 4724 4732 4729 4708 4705 4709 4705 4700 4704 4714 4721 4724 4724 4719 4725 4720 4714 4708 4704 4698 4691 4685 4679 4674 4670 4664 4667 4669 4669 4668 4669 4670 4670 4671 4670 4669 4670
4641 4641 4640 4631 4636 4645 4648 4653 4663 4674 4681 4688 4697 4707 4713 4716 4725 4727 4717 4714 4708 4701 4704 4702 4736 4755 4744 4742 4739 4727 4721 4716 4709 4694 4691 4696 4703 4707 4709 4708 4718 4724 4725 4724 4716 4714 4715 4724 4734 4734 4725 4726 4713 4702 4699 4703 4710 4718 4720 4721 4721 4724 4726 4714 4710 4705 4699 4694 4688 4683 4678 4667 4665 4666 4671 4668 4667 4667 4669 4668 4666 4665 4663 4658
4641 4641 4641 4645 4653 4649 4654 4663 4675 4683 4687 4690 4696 4701 4707 4716 4721 4718 4713 4709 4703 4702 4704 4715 4749 4753 4754 4747 4738 4738 4734 4717 4705 4700 4698 4701 4705 4709 4711 4701 4695 4707 4721 4717 4711 4710 4721 4719 4721 4728 4735 4720 4713 4702 4701 4706 4712 4718 4726 4724 4717 4722 4726 4716 4712 4708 4703 4698 4693 4687 4680 4669 4665 4663 4664 4664 4664 4664 4665 4664 4663 4661 4660 4660
4640 4642 4642 4644 4649 4654 4661 4671 4682 4688 4690 4692 4693 4696 4702 4704 4709 4712 4713 4712 4712 4716 4720 4729 4752 4749 4755 4737 4728 4723 4726 4721 4693 4710 4704 4707 4708 4708 4707 4691 4695 4701 4711 4711 4707 4698 4702 4710 4712 4712 4721 4731 4713 4700 4709 4709 4717 4729 4736 4724 4717 4718 4721 4716 4712 4708 4703 4698 4693 4689 4684 4672 4669 4664 4660 4659 4659 4659 4658 4659 4658 4657 4656 4655
4641 4642 4643 4644 4648 4657 4666 4680 4688 4691 4690 4690 4690 4689 4688 4693 4698 4707 4716 4719 4714 4718 4700 4712 4730 4738 4751 4740 4729 4722 4726 4715 4718 4725 4711 4713 4718 4699 4699 4689 4702 4708 4709 4710 4709 4711 4714 4704 4693 4693 4697 4708 4709 4707 4704 4709 4717 4729 4741 4726 4720 4719 4721 4711 4707 4703 4699 4695 4691 4688 4685 4676 4676 4674 4663 4659 4658 4657 4656 4655 4655 4654 4654 4653
4642 4642 4644 4648 4655 4664 4675 4686 4691 4691 4686 4682 4682 4685 4688 4686 4691 4704 4718 4725 4714 4710 4694 4692 4710 4728 4739 4743 4731 4722 4720 4713 4713 4724 4718 4721 4719 4709 4704 4691 4699 4706 4710 4710 4709 4714 4717 4702 4692 4693 4693 4698 4704 4706 4702 4710 4715 4716 4727 4727 4724 4719 4717 4703 4700 4699 4696 4693 4689 4686 4688 4680 4683 4689 4678 4664 4658 4656 4655 4654 4654 4653 4652 4651
4644 4645 4646 4650 4660 4673 4684 4686 4687 4690 4680 4677 4677 4680 4686 4686 4691 4699 4707 4708 4695 4688 4688 4695 4698 4703 4709 4736 4730 4721 4718 4716 4714 4730 4737 4729 4721 4720 4708 4691 4702 4707 4710 4711 4710 4702 4694 4702 4704 4710 4701 4695 4701 4709 4712 4714 4721 4725 4720 4727 4723 4711 4705 4699 4698 4692 4694 4691 4688 4685 4688 4679 4681 4681 4672 4661 4658 4656 4654 4654 4653 4652 4651 4651
4647 4648 4648 4652 4670 4681 4685 4689 4682 4691 4678 4675 4674 4676 4681 4698 4695 4693 4691 4683 4682 4685 4692 4696 4692 4688 4703 4731 4733 4727 4724 4721 4715 4731 4743 4731 4720 4720 4716 4718 4709 4711 4712 4717 4719 4711 4704 4717 4718 4719 4704 4697 4701 4701 4708 4711 4720 4732 4728 4718 4707 4700 4699 4691 4687 4688 4686 4684 4684 4684 4686 4678 4677 4673 4664 4658 4656 4654 4653 4654 4653 4653 4653 4653
4654 4656 4658 4665 4682 4688 4680 4676 4680 4677 4679 4676 4672 4673 4675 4676 4686 4686 4681 4677 4673 4678 4687 4695 4701 4700 4709 4722 4740 4735 4730 4727 4722 4728 4731 4724 4721 4723 4736 4727 4704 4708 4711 4718 4731 4747 4760 4744 4731 4722 4715 4706 4706 4710 4699 4696 4694 4694 4686 4669 4679 4685 4686 4681 4684 4687 4688 4687 4685 4683 4684 4676 4673 4668 4662 4660 4656 4655 4654 4654 4654 4655 4655 4654
4661 4669 4682 4677 4681 4682 4678 4679 4681 4685 4679 4675 4673 4672 4672 4677 4680 4681 4677 4669 4670 4678 4691 4711 4708 4696 4701 4722 4736 4747 4742 4735 4722 4723 4713 4717 4717 4710 4709 4721 4712 4708 4706 4713 4727 4745 4747 4744 4728 4710 4698 4700 4705 4706 4690 4677 4668 4662 4658 4663 4668 4676 4684 4690 4683 4683 4683 4682 4681 4679 4676 4673 4670 4665 4658 4657 4655 4655 4655 4655 4655 4655 4656 4655
