real_craters/C097-750m.grd
DSAA
88 88
-32.4625 32.4625
-32.4625 32.4625
3181.8338399621 4716.0647417811
[rows 38 to 75 of 88, columns 0 to 83 of 88]
4114 4121 4136 4148 4161 4174 4192 4173 4141 4140 4148 4151 4196 4157 4150 4155 4154 4155 4147 4164 4177 4179 4175 4183 4187 4195 4202 4215 4228 4262 4329 4339 4460 4429 4314 4176 4023 3872 3732 3600 3483 3427 3391 3382 3370 3370 3353 3312 3269 3348 3460 3628 3757 3878 4088 4321 4392 4409 4371 4308 4250 4227 4208 4195 4159 4180 4166 4159 4156 4156 4161 4164 4157 4171 4166 4148 4141 4138 4143 4143 4143 4143 4141 4132
4120 4130 4141 4155 4169 4187 4200 4172 4133 4135 4146 4137 4133 4136 4152 4171 4194 4188 4167 4168 4177 4181 4182 4184 4188 4190 4197 4208 4233 4258 4319 4371 4419 4365 4226 4049 3899 3778 3667 3557 3463 3410 3389 3373 3359 3347 3325 3282 3236 3253 3303 3471 3645 3750 3863 4154 4311 4376 4376 4312 4261 4237 4217 4204 4175 4184 4174 4172 4169 4167 4164 4161 4152 4150 4162 4152 4145 4144 4141 4143 4143 4140 4134 4126
4128 4136 4146 4158 4170 4184 4194 4170 4134 4130 4131 4126 4124 4127 4153 4180 4216 4219 4185 4174 4175 4181 4186 4185 4187 4189 4193 4202 4220 4231 4350 4419 4462 4372 4118 3896 3770 3673 3589 3514 3443 3402 3381 3362 3351 3356 3335 3295 3249 3215 3202 3313 3544 3748 3841 3994 4255 4331 4324 4346 4280 4252 4244 4215 4185 4190 4178 4176 4176 4173 4170 4168 4170 4174 4158 4152 4151 4151 4149 4145 4142 4139 4133 4124
4131 4136 4143 4152 4165 4173 4176 4159 4128 4125 4127 4129 4129 4138 4162 4172 4179 4183 4178 4173 4171 4176 4177 4186 4190 4193 4194 4200 4208 4259 4324 4411 4545 4477 4070 3778 3675 3602 3539 3481 3431 3400 3404 3409 3420 3402 3369 3324 3268 3209 3182 3222 3416 3707 3946 3924 4202 4336 4316 4300 4292 4252 4225 4211 4185 4180 4172 4179 4180 4177 4176 4177 4182 4192 4182 4155 4153 4155 4153 4148 4142 4136 4130 4125
4124 4128 4135 4142 4150 4153 4147 4117 4120 4123 4127 4124 4146 4182 4178 4171 4161 4170 4172 4168 4168 4175 4187 4190 4194 4199 4203 4206 4216 4305 4330 4400 4543 4478 4057 3727 3622 3561 3512 3470 3431 3417 3441 3467 3496 3456 3413 3366 3300 3255 3243 3305 3419 3655 3843 3917 4158 4339 4339 4288 4268 4240 4220 4206 4181 4181 4188 4178 4178 4177 4176 4175 4175 4167 4156 4154 4164 4168 4164 4151 4141 4133 4129 4126
4115 4120 4125 4131 4135 4137 4138 4148 4131 4127 4133 4144 4165 4190 4195 4184 4162 4162 4166 4162 4161 4171 4181 4188 4194 4201 4210 4223 4233 4247 4310 4452 4479 4366 4036 3734 3620 3551 3510 3472 3446 3441 3482 3500 3491 3484 3452 3423 3369 3317 3296 3329 3477 3671 3831 3936 4242 4432 4379 4301 4263 4230 4210 4198 4186 4181 4184 4182 4181 4178 4175 4172 4170 4175 4156 4169 4173 4160 4152 4146 4140 4132 4131 4129
4106 4110 4114 4119 4122 4123 4124 4125 4127 4126 4128 4150 4177 4205 4226 4208 4178 4169 4153 4153 4158 4164 4171 4181 4190 4201 4216 4240 4261 4249 4303 4417 4413 4291 4052 3814 3652 3565 3519 3485 3472 3480 3539 3508 3520 3501 3452 3416 3366 3316 3303 3322 3449 3571 3732 3903 4260 4485 4420 4278 4255 4232 4207 4198 4189 4182 4178 4190 4185 4179 4175 4169 4162 4152 4178 4175 4174 4147 4143 4142 4141 4138 4135 4132
4101 4101 4103 4105 4107 4110 4112 4115 4122 4129 4132 4130 4150 4189 4242 4226 4206 4161 4145 4146 4152 4158 4166 4176 4186 4200 4217 4237 4253 4266 4321 4364 4394 4325 4098 3833 3674 3590 3538 3503 3479 3481 3470 3454 3490 3476 3410 3354 3326 3297 3312 3347 3485 3513 3688 3972 4360 4549 4409 4278 4262 4262 4235 4206 4191 4177 4180 4187 4183 4176 4170 4165 4159 4150 4162 4166 4161 4138 4140 4142 4143 4145 4139 4136
4097 4098 4100 4101 4103 4103 4104 4106 4117 4134 4142 4139 4126 4132 4199 4213 4205 4173 4144 4143 4149 4153 4158 4168 4178 4193 4210 4227 4255 4282 4308 4392 4422 4378 4157 3854 3700 3622 3564 3513 3469 3434 3418 3426 3412 3388 3367 3312 3304 3297 3345 3452 3554 3518 3757 4104 4443 4548 4373 4287 4275 4264 4225 4208 4195 4190 4183 4180 4180 4175 4167 4162 4160 4168 4170 4150 4144 4157 4144 4139 4142 4141 4139 4129
4094 4096 4098 4099 4100 4101 4101 4106 4120 4139 4163 4148 4131 4120 4153 4193 4203 4185 4150 4148 4152 4153 4152 4156 4172 4187 4204 4228 4266 4291 4327 4409 4465 4441 4252 3957 3770 3679 3605 3530 3455 3393 3366 3363 3369 3363 3366 3358 3324 3304 3379 3521 3564 3541 3879 4301 4511 4522 4343 4315 4268 4250 4206 4198 4191 4184 4175 4179 4176 4171 4165 4159 4155 4151 4148 4142 4128 4156 4144 4138 4147 4150 4141 4134
4096 4098 4099 4100 4101 4101 4103 4109 4121 4131 4136 4134 4133 4123 4135 4180 4201 4191 4169 4165 4162 4159 4161 4171 4172 4178 4190 4214 4260 4275 4328 4448 4518 4526 4383 4095 3884 3783 3686 3586 3480 3394 3372 3369 3376 3380 3388 3400 3355 3330 3443 3546 3582 3622 4021 4439 4544 4483 4325 4293 4249 4217 4202 4191 4187 4182 4169 4174 4173 4167 4161 4153 4146 4136 4135 4147 4165 4153 4141 4131 4141 4148 4143 4132
4101 4100 4101 4102 4103 4104 4105 4106 4109 4123 4148 4128 4128 4127 4131 4182 4190 4177 4181 4172 4166 4164 4166 4172 4171 4170 4171 4175 4208 4232 4288 4388 4495 4616 4593 4290 4055 3943 3818 3680 3544 3419 3388 3390 3390 3403 3411 3432 3483 3518 3569 3603 3648 3758 4171 4562 4499 4410 4313 4242 4225 4204 4198 4189 4183 4179 4180 4176 4172 4167 4160 4149 4140 4131 4133 4151 4173 4163 4142 4129 4132 4140 4150 4150
4098 4101 4102 4104 4106 4106 4104 4104 4104 4113 4117 4124 4125 4127 4137 4190 4182 4166 4161 4162 4162 4162 4165 4170 4167 4162 4159 4161 4179 4224 4260 4299 4399 4611 4703 4489 4295 4160 3998 3822 3657 3529 3446 3439 3414 3422 3473 3538 3615 3631 3628 3702 3808 4045 4314 4497 4388 4353 4293 4231 4218 4206 4198 4189 4181 4176 4182 4174 4166 4161 4157 4151 4146 4135 4150 4167 4153 4149 4141 4130 4129 4136 4147 4151
4099 4103 4106 4108 4110 4111 4110 4108 4104 4109 4115 4117 4122 4123 4152 4188 4170 4163 4159 4152 4154 4157 4159 4159 4157 4154 4153 4158 4179 4209 4230 4250 4324 4503 4590 4621 4585 4392 4185 3984 3778 3621 3542 3518 3500 3503 3547 3621 3709 3725 3783 3931 4120 4363 4439 4447 4358 4320 4278 4239 4218 4219 4203 4189 4178 4170 4169 4167 4164 4161 4157 4156 4157 4163 4140 4145 4152 4153 4141 4132 4125 4130 4136 4138
4103 4106 4109 4111 4114 4115 4117 4113 4107 4108 4110 4113 4118 4115 4124 4173 4187 4184 4167 4144 4152 4156 4153 4149 4147 4148 4150 4158 4174 4203 4217 4239 4297 4416 4525 4643 4716 4533 4333 4156 3963 3758 3619 3575 3525 3530 3616 3682 3742 3868 4054 4255 4476 4565 4445 4353 4301 4282 4257 4238 4217 4209 4201 4186 4175 4167 4170 4163 4162 4160 4157 4157 4158 4157 4160 4164 4165 4147 4143 4137 4122 4126 4133 4133
4108 4107 4110 4115 4119 4117 4115 4119 4124 4125 4115 4108 4107 4103 4103 4159 4198 4197 4187 4168 4167 4163 4155 4145 4141 4143 4147 4159 4181 4194 4212 4236 4283 4358 4417 4540 4631 4524 4415 4314 4221 4065 3892 3824 3677 3607 3648 3764 3834 4057 4325 4595 4560 4474 4360 4271 4267 4266 4245 4236 4229 4212 4197 4181 4171 4165 4165 4165 4164 4160 4157 4154 4151 4148 4142 4157 4206 4162 4148 4136 4127 4122 4117 4123
4111 4105 4108 4116 4125 4134 4130 4130 4124 4111 4103 4103 4104 4099 4094 4117 4178 4182 4184 4205 4189 4173 4158 4148 4142 4142 4151 4170 4187 4193 4206 4229 4269 4324 4389 4430 4402 4410 4407 4402 4465 4473 4279 4171 4003 3895 3948 4038 4115 4288 4507 4476 4457 4413 4311 4251 4252 4253 4244 4229 4212 4203 4193 4178 4170 4162 4161 4165 4164 4162 4158 4153 4145 4141 4149 4166 4214 4189 4151 4130 4123 4120 4118 4120
4107 4099 4102 4111 4127 4152 4158 4136 4124 4109 4105 4108 4106 4102 4097 4101 4121 4156 4174 4203 4198 4179 4162 4148 4142 4141 4148 4178 4194 4197 4197 4208 4230 4280 4338 4352 4325 4338 4367 4388 4395 4449 4535 4539 4402 4333 4354 4370 4476 4432 4457 4395 4363 4323 4264 4237 4242 4244 4240 4227 4220 4205 4195 4186 4175 4164 4159 4161 4162 4162 4161 4157 4152 4149 4148 4159 4184 4154 4146 4127 4119 4120 4117 4120
4096 4091 4094 4101 4110 4120 4128 4124 4121 4138 4136 4116 4106 4098 4096 4093 4107 4139 4175 4185 4190 4179 4163 4146 4132 4136 4143 4157 4172 4177 4177 4179 4190 4231 4290 4317 4304 4317 4342 4354 4376 4376 4413 4428 4449 4490 4465 4433 4418 4418 4398 4372 4333 4293 4246 4233 4238 4241 4235 4225 4220 4205 4198 4189 4179 4170 4161 4159 4165 4164 4164 4164 4165 4161 4160 4171 4195 4193 4162 4128 4126 4119 4117 4120
4106 4082 4085 4090 4091 4087 4095 4105 4106 4104 4113 4112 4108 4109 4093 4088 4103 4124 4154 4179 4186 4178 4163 4146 4134 4134 4142 4148 4153 4159 4158 4154 4154 4186 4246 4293 4319 4343 4337 4327 4311 4322 4321 4325 4334 4352 4379 4365 4353 4346 4306 4291 4297 4283 4260 4239 4239 4241 4226 4221 4222 4213 4200 4190 4183 4179 4169 4161 4168 4169 4170 4172 4173 4170 4171 4184 4188 4197 4173 4133 4121 4118 4117 4121
4096 4086 4084 4086 4086 4084 4090 4097 4102 4107 4108 4106 4100 4091 4092 4091 4097 4104 4103 4152 4180 4172 4162 4149 4134 4137 4138 4133 4146 4148 4146 4140 4136 4153 4200 4242 4295 4325 4330 4324 4311 4292 4271 4245 4254 4254 4252 4317 4324 4303 4281 4283 4283 4266 4245 4247 4233 4228 4215 4206 4197 4207 4197 4189 4182 4175 4171 4175 4174 4175 4170 4165 4165 4159 4163 4177 4188 4191 4163 4127 4114 4118 4122 4123
4090 4086 4085 4087 4088 4089 4091 4094 4097 4103 4104 4099 4093 4086 4090 4094 4096 4098 4101 4111 4153 4168 4163 4155 4151 4153 4152 4150 4148 4147 4143 4137 4133 4143 4167 4195 4258 4313 4311 4310 4302 4265 4241 4233 4228 4239 4232 4241 4266 4270 4265 4271 4277 4237 4231 4231 4233 4216 4208 4200 4194 4191 4191 4188 4182 4173 4175 4176 4189 4184 4171 4157 4136 4137 4134 4160 4174 4149 4125 4124 4115 4122 4126 4124
4089 4086 4088 4090 4095 4101 4094 4091 4091 4090 4095 4094 4090 4084 4081 4084 4093 4097 4104 4125 4165 4169 4162 4157 4158 4167 4175 4167 4159 4154 4148 4141 4140 4149 4154 4169 4214 4245 4264 4270 4272 4232 4220 4213 4200 4223 4220 4218 4231 4240 4257 4267 4261 4244 4234 4226 4222 4213 4200 4193 4186 4186 4190 4191 4188 4183 4191 4205 4215 4186 4169 4161 4155 4136 4133 4176 4186 4143 4125 4134 4121 4122 4126 4125
4092 4091 4093 4093 4095 4096 4093 4089 4085 4086 4093 4094 4094 4087 4081 4084 4089 4094 4102 4128 4161 4159 4154 4151 4151 4163 4178 4168 4164 4160 4152 4144 4140 4143 4148 4161 4182 4197 4215 4224 4219 4214 4206 4199 4197 4195 4206 4206 4212 4214 4228 4241 4235 4223 4208 4214 4208 4197 4190 4186 4189 4190 4195 4198 4203 4205 4208 4216 4203 4170 4156 4148 4143 4138 4142 4184 4160 4136 4124 4136 4122 4122 4125 4124
4105 4116 4106 4094 4088 4086 4086 4086 4087 4086 4090 4098 4104 4108 4101 4081 4082 4089 4092 4094 4123 4132 4137 4141 4148 4166 4182 4183 4185 4167 4154 4143 4136 4131 4142 4159 4168 4171 4182 4193 4202 4205 4202 4198 4199 4196 4201 4197 4201 4201 4201 4198 4208 4202 4197 4200 4195 4193 4187 4181 4183 4181 4193 4204 4213 4214 4206 4202 4140 4138 4140 4137 4137 4139 4136 4130 4134 4130 4122 4120 4123 4129 4126 4123
4115 4109 4092 4090 4087 4085 4084 4085 4086 4087 4096 4104 4112 4124 4114 4076 4081 4086 4089 4093 4089 4103 4117 4127 4143 4159 4181 4189 4183 4165 4150 4140 4134 4133 4137 4147 4152 4156 4163 4172 4186 4195 4199 4199 4200 4201 4194 4195 4199 4200 4195 4198 4199 4193 4202 4194 4184 4192 4194 4179 4176 4169 4193 4209 4221 4216 4186 4141 4128 4126 4133 4140 4142 4141 4143 4134 4130 4131 4130 4126 4124 4121 4123 4121
4125 4091 4083 4088 4090 4086 4085 4087 4089 4098 4109 4108 4107 4103 4117 4089 4078 4083 4085 4086 4082 4091 4103 4114 4124 4138 4134 4152 4159 4147 4139 4132 4128 4127 4129 4132 4136 4143 4150 4161 4178 4190 4196 4199 4201 4203 4203 4206 4205 4212 4206 4191 4190 4195 4190 4178 4182 4185 4184 4188 4178 4180 4190 4211 4224 4212 4178 4137 4124 4132 4138 4135 4144 4155 4153 4137 4122 4131 4147 4140 4129 4124 4125 4122
4144 4105 4090 4095 4100 4093 4094 4097 4101 4106 4131 4110 4098 4089 4087 4084 4080 4084 4083 4079 4080 4086 4093 4098 4099 4087 4082 4086 4106 4120 4123 4123 4122 4121 4123 4127 4131 4138 4145 4158 4172 4185 4196 4201 4206 4202 4205 4198 4206 4216 4208 4186 4185 4190 4187 4167 4153 4174 4184 4182 4183 4184 4196 4214 4224 4208 4176 4145 4140 4154 4148 4159 4151 4155 4140 4128 4124 4131 4135 4136 4134 4139 4134 4126
4153 4118 4092 4098 4128 4133 4128 4105 4103 4123 4105 4098 4092 4088 4082 4078 4082 4085 4083 4081 4083 4087 4087 4087 4084 4080 4071 4071 4084 4100 4111 4117 4120 4119 4121 4126 4134 4141 4146 4148 4181 4195 4193 4196 4196 4195 4199 4197 4200 4202 4198 4186 4180 4175 4172 4171 4151 4159 4168 4184 4193 4201 4223 4214 4211 4192 4170 4160 4150 4162 4145 4129 4144 4165 4146 4135 4131 4126 4124 4134 4144 4145 4137 4128
4140 4126 4114 4088 4083 4104 4102 4109 4178 4164 4115 4096 4090 4083 4079 4077 4078 4079 4082 4084 4087 4083 4081 4079 4076 4073 4072 4070 4079 4092 4104 4114 4119 4124 4131 4134 4139 4145 4147 4147 4165 4176 4180 4188 4195 4199 4201 4195 4193 4188 4184 4184 4184 4173 4161 4158 4159 4166 4179 4182 4199 4214 4216 4198 4196 4168 4150 4140 4139 4158 4142 4127 4135 4145 4138 4142 4143 4132 4129 4136 4163 4147 4135 4128
4114 4108 4083 4083 4087 4086 4089 4098 4158 4161 4126 4106 4093 4077 4070 4071 4072 4080 4079 4079 4076 4073 4078 4076 4074 4071 4073 4075 4078 4088 4100 4112 4123 4130 4120 4146 4150 4146 4141 4141 4136 4143 4157 4174 4199 4217 4196 4189 4193 4199 4189 4192 4191 4178 4165 4169 4164 4171 4179 4199 4204 4209 4198 4166 4124 4132 4129 4122 4135 4160 4137 4126 4129 4132 4133 4146 4160 4152 4170 4164 4166 4156 4138 4128
4100 4096 4087 4086 4087 4085 4085 4089 4105 4139 4147 4135 4099 4074 4063 4064 4069 4072 4075 4075 4078 4081 4079 4076 4073 4072 4073 4071 4078 4089 4100 4113 4129 4147 4167 4168 4158 4144 4130 4126 4100 4112 4129 4147 4176 4194 4204 4193 4193 4189 4209 4210 4206 4182 4172 4170 4156 4169 4193 4210 4197 4181 4166 4145 4118 4116 4112 4108 4120 4133 4127 4123 4126 4130 4137 4147 4152 4140 4148 4133 4141 4141 4134 4129
4096 4092 4087 4086 4089 4086 4084 4091 4100 4126 4147 4136 4096 4064 4054 4059 4061 4067 4071 4073 4075 4082 4080 4075 4071 4069 4068 4071 4079 4089 4098 4110 4126 4150 4184 4173 4157 4137 4114 4101 4082 4092 4103 4109 4103 4119 4164 4181 4189 4189 4198 4201 4197 4185 4180 4164 4167 4170 4186 4194 4179 4152 4125 4132 4139 4120 4112 4110 4119 4135 4138 4128 4130 4132 4135 4146 4160 4143 4140 4135 4132 4135 4132 4131
4093 4091 4087 4084 4084 4087 4089 4085 4092 4121 4143 4139 4088 4055 4056 4055 4059 4065 4069 4071 4073 4078 4078 4073 4069 4068 4068 4077 4082 4089 4097 4105 4115 4126 4133 4141 4152 4137 4092 4086 4086 4083 4089 4094 4088 4090 4141 4155 4167 4179 4173 4176 4157 4175 4181 4175 4166 4164 4177 4187 4170 4142 4120 4130 4131 4122 4115 4113 4123 4204 4159 4133 4128 4129 4135 4143 4147 4155 4156 4155 4153 4140 4134 4135
4089 4089 4088 4087 4087 4089 4091 4089 4092 4119 4143 4146 4083 4051 4050 4048 4054 4059 4069 4071 4072 4075 4076 4072 4068 4068 4074 4083 4089 4093 4096 4100 4100 4098 4090 4104 4135 4126 4086 4081 4074 4080 4085 4093 4112 4106 4124 4137 4155 4165 4175 4160 4153 4168 4165 4138 4129 4145 4169 4188 4166 4140 4115 4118 4120 4116 4113 4114 4132 4161 4123 4121 4133 4133 4137 4143 4146 4156 4165 4148 4151 4146 4143 4142
4087 4088 4087 4087 4088 4089 4090 4088 4096 4116 4134 4135 4078 4053 4050 4050 4054 4068 4073 4075 4075 4075 4074 4072 4074 4073 4073 4085 4090 4088 4083 4080 4081 4078 4075 4090 4116 4116 4090 4080 4077 4077 4078 4078 4085 4114 4135 4143 4150 4145 4140 4145 4146 4146 4146 4131 4117 4131 4148 4168 4158 4140 4128 4114 4112 4113 4111 4113 4116 4166 4140 4125 4135 4140 4146 4152 4160 4172 4183 4161 4156 4150 4142 4143
4087 4088 4087 4083 4086 4089 4090 4088 4096 4111 4125 4126 4073 4065 4061 4052 4062 4071 4076 4078 4079 4076 4074 4075 4074 4083 4079 4094 4088 4085 4081 4074 4070 4064 4062 4080 4129 4163 4100 4092 4086 4079 4076 4073 4079 4102 4094 4097 4114 4124 4127 4133 4139 4149 4143 4131 4116 4133 4179 4170 4151 4134 4124 4114 4113 4115 4116 4118 4124 4141 4134 4126 4124 4148 4154 4165 4185 4209 4196 4167 4157 4152 4150 4140
4086 4090 4091 4088 4087 4090 4093 4096 4094 4102 4111 4127 4132 4110 4088 4069 4064 4067 4081 4083 4082 4080 4077 4091 4101 4115 4109 4107 4088 4079 4071 4065 4060 4057 4056 4072 4118 4126 4117 4098 4086 4081 4075 4072 4075 4079 4083 4098 4107 4121 4124 4127 4130 4138 4145 4135 4125 4125 4163 4152 4133 4124 4115 4114 4117 4116 4115 4119 4123 4124 4128 4124 4126 4138 4148 4162 4178 4190 4160 4148 4151 4150 4148 4140
