real_craters/C097-1000m.grd
DSAA
38 38
-18.55 18.55
-18.55 18.55
3689.9464449572 5425.018010932
4853.23 4879.06 4884.61 4881.63 4869.56 4872.64 4899.78 4923.01 4915.71 4893.03 4914.8 4937.36 4966.74 4986.65 5009.59 5060.19 5088.5 5089.43 5093.09 5092.94 5095.93 5076.96 5065.13 5046.76 5024.78 5033.56 5039.57 5009.64 4996.42 4988.98 4975.54 4959.59 4960.48 4966.83 4970.46 4971.29 4959.74 4947.29 
4834.68 4848.64 4878.43 4901.49 4917.7 4911.4 4900.72 4902.23 4913.62 4914.12 4939.6 4960.3 4987.8 5036.92 5072.68 5131.74 5175.46 5161.6 5168.08 5135.55 5093.44 5061.07 5029.82 5003.76 4991.37 4988.14 5001.12 5002.59 5004.56 4998.38 4985.56 4994.76 5000.12 4993.09 4981.13 4976.41 4974.22 4967.09 
4826.33 4838.81 4883.67 4906.41 4908.69 4902.84 4894.89 4881.72 4917.71 4927.79 4949.62 4969.89 4983.45 5026.08 5090.66 5145.78 5209.59 5275.02 5258.22 5162.6 5080.74 5028.81 4989.51 4969.95 4961.08 4966.63 4979.24 5000.27 5026.23 5036.97 5030.68 5050.8 5034.06 5005.4 4974.77 4961.98 4975.76 4978.14 
4840.34 4838.36 4876.89 4902.35 4891.48 4887.91 4892.4 4898.21 4919.6 4934.74 4962.08 4978.85 4992.02 5014.24 5068.49 5082.29 5114.83 5201.87 5248.04 5150.42 5055.13 4995.26 4950.35 4944.88 4993.76 4981.09 4988.77 5018.02 5064.12 5111.51 5147.91 5093.85 5016.65 4978.86 4964.24 4956 4985.74 4992.13 
4870.52 4881.54 4892.01 4910.55 4918.03 4905.75 4899.6 4892.18 4924.31 4950.56 4980.52 4992.23 5004.85 5045.06 4992.05 5034.4 5067.81 5164.58 5192.88 5116.87 5032.79 4978.77 4916.25 4904.39 4919.52 4997.64 5006.18 5036 5097.89 5164.41 5221.75 5138.14 5034.73 4984.85 4975.6 4978.26 4990.81 4982.79 
4868.4 4887.12 4902.03 4917.36 4936.47 4922.86 4913.46 4922.75 4933.88 4961.04 4970.84 4993.84 5006.3 5008.82 5051.35 5003.79 5049.62 5105.94 5132.55 5100.13 5055.62 5003.77 4962.99 4921.26 4958.36 5026.9 5034.94 5049.82 5111.47 5158.53 5188.44 5128.88 5037.93 5014.11 4991.86 4976.75 4960.81 4954.64 
4853.57 4860.95 4880.71 4888.51 4925.36 4922.67 4912.25 4925.92 4941.58 4961.5 4983.91 5001.65 5009.91 5024.91 5072.91 5025.14 5060.68 5063.97 5105.22 5136.47 5110.25 5063.55 4998.86 4935.32 4997.5 5031.09 5067.19 5123.72 5108.7 5116.2 5120.97 5087.24 5041.09 5024.72 4995 4960.43 4936.91 4947.16 
4846.08 4851.75 4902.64 4870.95 4902.81 4909.31 4904.02 4909.34 4941.6 4998.75 5019.07 5023.55 5032.41 5039.01 5038.12 5058.14 5044.02 5071.95 5159.17 5175.43 5174.67 5142.55 5066.86 4945.61 4881.45 4989.94 5035.48 5042.15 5056.51 5057.12 5046.25 5038.04 5053.89 5027.7 5000.78 4973.18 4968.06 4959.48 
4851.69 4853.9 4894.98 4880.12 4893.68 4900.44 4900.15 4934.17 4965.39 5039.57 5014.73 5038.38 5072.03 5081.04 5058.5 5119.55 5162.92 5252.29 5252.42 5289.31 5255.47 5204.8 5135.97 5020.62 4978.26 4981.18 4986.71 4974.07 4985.27 4997.99 5007.46 5030.73 5066.32 5057.92 5016.28 4992.3 4997.75 4966.07 
4866.23 4868.48 4870.49 4876.59 4887.38 4901.44 4917.31 4919.23 4983 4979.74 4972.2 5043.89 5115.07 5141.34 5143.73 5218.18 5288.72 5283.61 5204.07 5199.01 5218.9 5255.2 5232.49 5130.73 4997.96 4983.3 4964.3 4928.26 4937.46 4961.21 4982.51 5028.78 5102.45 5079.53 5013.33 4989.9 4988.5 4968.26 
4846.35 4860.13 4857.65 4857.1 4874.78 4902.82 4909.2 4909.09 4948.85 4936.1 4974.48 5088.42 5185.84 5235.82 5282.83 5301.91 5170.22 4987.15 4891.48 4951.83 4990.6 5234.94 5326.06 5425.02 5328.49 5122.06 5051.48 4991.06 4949.96 4932.23 4939.58 4942.62 5060.21 5068.35 4990.05 4983.16 5001.93 4984 
4855.7 4862.82 4859.14 4860.14 4875.63 4904.25 4921 4903.81 4915.91 4926.48 5011.56 5135.33 5252.85 5196.86 5036.15 4815.55 4558.79 4416.38 4345.99 4330.07 4477.11 4645.89 4869.5 5108.5 5297.45 5264.49 5160.24 5035.11 4961.46 4933.04 4900.16 4881.89 4969.84 5016.16 5000.01 4979.32 4975.49 4974.22 
4835.67 4848.77 4858.38 4851.19 4872.96 4889.93 4860.39 4917.07 4926.11 4962.47 5011.95 5074.76 5185.27 4955.43 4520.31 4249.44 4137.67 4057.23 3969.38 3936.22 4003.42 4041.42 4305.53 4567.1 5035.24 5422.13 5235.05 5144.46 5085 4974.62 4897.14 4863.95 4928.38 4993.2 4979.46 4966.46 4970.65 4951.32 
4826.17 4836.38 4828.87 4832.08 4893.32 4937.83 4898.58 4996.11 4958.65 4974.62 4955.77 4886.32 4762.22 4501.25 4121.47 3940.81 3904.16 3857.66 3790.53 3759.97 3763.41 3767.78 3911.58 4123.29 4622.42 5079.31 5098.9 5094.08 5053.55 5034.31 4947.3 4896.13 4944.98 5010.12 4962.13 4952.71 4965.23 4936.41 
4822.4 4827.14 4838.16 4866.31 4940.07 5048.84 5091.8 5068.8 5001.29 5017.05 4873.26 4650.62 4397.91 4170.78 3929.29 3857.51 3777.51 3752.09 3722.99 3703.79 3705.62 3730.54 3754.83 3788.92 4200.32 4575.83 4815.33 5038.83 5218.08 5153.61 5024.53 4920.62 4944.22 5035.5 4975.62 4946.39 4947.51 4909.61 
4821.69 4836.22 4869.68 4887.21 4932.36 5006.54 5064.63 5059.07 5104.55 5102.4 4793.84 4457.95 4123.6 3965.85 3835.19 3768.99 3726.86 3710.47 3699.07 3691.12 3692.93 3710.93 3750.49 3843.55 3961.3 4149.26 4514.47 4948.55 5273.79 5253.59 5109.17 4953.86 4942.64 5018.07 4974.56 4936.64 4934.99 4930.53 
4837.76 4851.93 4873.39 4898.08 4897.5 4889.8 5053.14 5115.9 5166.43 5003.65 4705.48 4334.99 4012.92 3858.65 3762.67 3727.59 3710.23 3703.54 3697.26 3693.06 3689.95 3703.23 3735.53 3824.76 3840.31 3917.98 4304.75 4810.14 5209.32 5280.47 5170.94 5003.75 4970.04 4983.34 4954.55 4930.56 4916.85 4909.45 
4855.45 4868.13 4878.9 4899.52 4884.59 4869.13 4938.2 5218.25 5116.28 4966.49 4664.44 4291.7 3970.79 3818.83 3737.02 3717.35 3710.58 3709.89 3705.75 3705.67 3704.71 3714.8 3737.91 3765.29 3799.8 3915.43 4219.54 4700.09 5156.11 5260.09 5174.04 5078.9 5040.36 4947.37 4915.67 4916.38 4911.69 4903.31 
4892.48 4904.79 4908.08 4898.35 4892.15 4911.6 5016.09 4965.44 5131.1 4996.87 4689.22 4332.01 4026.84 3816.49 3730.5 3729.6 3725.89 3722.02 3723.1 3723.8 3732.6 3739.73 3750.25 3771.37 3803.72 3873.15 4133.53 4576.23 4981.58 5133.14 5118.16 5049.96 4948.16 4928.28 4920.36 4934.09 4913.78 4897.96 
4933.65 4950.65 4929.08 4903.86 4893.57 4892.95 5006.03 5013.39 5231.03 5062.64 4755.93 4402.47 4083.36 3833.38 3739.64 3744.16 3741.17 3735.77 3728.46 3737.38 3749.14 3756.22 3764.23 3793 3865.62 3987.94 4220.4 4533.61 4835.89 5003.55 5058.05 5013.86 4916.43 4913.65 4913.21 4931.92 4917.54 4900.4 
4975.15 4981.32 4921.02 4907.56 4895.83 4887.21 4925.01 4989.07 5226.84 5100.14 4817.32 4502.01 4163.43 3894.24 3772.82 3765.93 3770.83 3745.13 3736.72 3741.75 3748.21 3756.68 3760.63 3812 3944.78 4115.08 4334.51 4587.59 4855.28 5039.05 5071.71 5033.01 4994.6 4958.44 4928.62 4913.37 4921.37 4929.59 
4898.9 4968.86 4940.51 4918.18 4899.27 4883.4 4927.56 4914.56 5182.76 5122.03 4863.15 4507.6 4198.29 3890.04 3799.98 3788.61 3789.8 3759.02 3744.28 3745.38 3747.51 3750.05 3746.47 3854.48 4030.87 4220.69 4418.12 4690.64 4956.45 5113.84 5118.18 5064.09 5000.09 4961.96 4929.89 4930.18 4942.61 4965.58 
4941.07 4973.25 4924.16 4911.5 4906.99 4888.62 4913.16 4947.11 5167.22 5168.6 4997.27 4654.75 4337.84 4026.46 3845.88 3827.17 3788.41 3787.65 3772.73 3759.37 3757.25 3753.65 3753.86 3936.98 4173.31 4414.74 4610.22 4859.45 5042.86 5206.47 5117.97 5065.45 4994.74 4962.7 4951.1 4955.39 4976.17 5015.34 
4927.47 4909.1 4873.88 4870.19 4862.75 4867.56 4904.69 4935.04 5129 5225.55 5211.82 5048.49 4559.34 4083.22 3882.74 3871.26 3826.09 3815.05 3808.22 3781.49 3769.54 3771.37 3800.31 4067.29 4373.38 4691 4994.22 5084.18 5094.16 5029.63 5048.22 5044.74 5012.69 4991.88 4992.28 4993.44 5010.47 5038.47 
4889.34 4853.01 4819.97 4824.82 4820.67 4817.64 4845.17 4919.7 5092.48 5211.32 5290.78 5255.11 4804.98 4297.26 3924.35 3892.92 3946.81 3947.82 3913.97 3851.94 3844.67 3890.56 3971.19 4263.6 4599.22 4952 5315.41 5319.5 5167.67 5063.14 5026.9 5023.66 5045.3 5034.99 5031.65 5031.74 5027.07 5013.19 
4898.42 4849.71 4813.95 4806.09 4791.7 4778.28 4763.13 4840.05 4997.23 5105.67 5186.54 5183.74 5070.45 4728.98 4285.83 4093.68 4091.23 4199.55 4111.34 4017.55 4029.59 4117.7 4301.81 4507.26 4781.81 5058.67 5306.29 5285.52 5164.42 5062.96 5031.58 5044.41 5069.8 5104.2 5094.16 5061.57 5026.62 5005.32 
4921.67 4867.29 4829.99 4809.51 4808.57 4788.31 4742.77 4769.1 4871.83 4954.28 4999.77 5068.16 5156.68 5115.02 4880.11 4606.5 4323.61 4322.93 4386 4299.51 4370.89 4433.18 4575.17 4747.53 4921.25 5078.28 5141.26 5156.59 5137.15 5051.15 5020.58 5044.65 5105.07 5181.82 5141.4 5082.09 5023.63 5002.2 
4886.69 4801.31 4809.94 4811.71 4801.21 4817.02 4774.56 4784.22 4814.29 4843.3 4850.2 4883.01 4930.13 5131.69 5306.9 5064.95 4815.31 4843.27 4844.84 4928.86 4911.08 5061.91 5004.35 4980.32 5042.76 5112.36 5213.71 5259 5118.68 5010.72 4980.96 5003.12 5043.69 5102.22 5096.66 5081.02 5036.76 4982.86 
4844.74 4789.88 4788.72 4804.1 4812.95 4808.08 4783.96 4777.18 4792.5 4806.1 4805.01 4807 4808.19 4916.97 4974.91 5064.48 5181.37 5179.15 5110.13 5112.79 5176.21 5168.65 5157.71 5073.49 5050.97 5077.45 5092.82 5048.29 5030.54 4989.35 4964.85 4960.02 4945.8 4917.13 4937.82 4973.16 4969.39 4944.03 
4802.74 4769.05 4776.22 4788.24 4795.37 4817.7 4790.04 4782.81 4780.31 4792.5 4808.66 4799.93 4801.56 4842.86 4873.5 4951.61 5029.37 5020.31 5073.38 5135.5 5196.23 5238.78 5152.76 5063.68 5024.31 5001.56 4979.77 4947.55 4941.68 4954.62 4966.3 4919.31 4880.42 4841.43 4842.47 4862.31 4910.53 4924.6 
4779.92 4775.68 4773.86 4782.2 4791.12 4806.71 4788.79 4766.16 4754.79 4783.24 4799.72 4801.32 4796.99 4806.37 4802.05 4873.97 4993.29 5053.36 4993.34 4981.58 5090.76 5118.32 5039.25 5009.81 4980.1 4952.11 4909.34 4861.91 4868.96 4881.06 4879.37 4861.25 4841.07 4821.48 4832.99 4878.73 4909.1 4910.99 
4763.5 4774.77 4771.94 4776.62 4779.58 4783.49 4782.09 4724.81 4748.95 4779.76 4793.73 4796.24 4787.53 4798.98 4804.29 4825.59 4822.51 4880.63 4923.45 4941.6 4925.34 4864.85 4907.93 4920.1 4908.45 4891.67 4852.78 4816.51 4815.84 4818.2 4804.49 4814.7 4814.16 4807.81 4830.29 4877.53 4893.51 4879.71 
4758.97 4760.8 4777.54 4776.79 4770.35 4775.45 4782.2 4787.93 4785.21 4796.67 4800.86 4791.91 4789.53 4794.31 4820.55 4816.29 4839.99 4800.81 4781.66 4807.89 4829.82 4853 4843.9 4851.76 4847.59 4841.87 4830.71 4807.87 4799.64 4801.26 4809.09 4806.28 4800.31 4798.67 4818.23 4855.72 4851.27 4835.21 
4750.88 4749.31 4776.74 4787.66 4768.37 4783.99 4805.48 4807.01 4808.9 4823.73 4821.92 4797.47 4793.16 4804.17 4801.8 4797.72 4785.86 4800.64 4802.98 4796.93 4825.77 4809.71 4824.19 4828.56 4832.6 4828.35 4819.05 4805.54 4806.03 4810.06 4812.28 4802.02 4790.97 4779.24 4767.59 4778.16 4793.15 4812.23 
4761.83 4752.81 4773.21 4781.29 4775.27 4769.6 4804.94 4793.94 4798.3 4811.25 4816.82 4801.27 4799.21 4792.37 4787.09 4789.34 4790.45 4782.58 4771.11 4794.26 4803.65 4810.47 4826.65 4832.08 4830.33 4830.41 4822.2 4828.27 4830.32 4812.3 4795.9 4792.41 4790.7 4775.85 4766.47 4755.22 4765.11 4786.94 
4771.06 4762.54 4764.69 4758.53 4758.46 4748.12 4755.35 4771.92 4779.94 4777.45 4792.61 4813.8 4808.54 4791.3 4785.64 4787.95 4788.67 4786.27 4793.21 4816.06 4846.76 4844.07 4835.11 4828.63 4823.78 4814.37 4816.03 4818.95 4818.25 4819.24 4829.31 4829.07 4801.4 4777.31 4762.45 4755.53 4764.92 4777.36 
4799.02 4782.37 4765.75 4754.34 4751.96 4754.18 4769.67 4775.85 4780.88 4779.9 4790.39 4803.06 4798.87 4805.93 4805.52 4804.09 4806.05 4816.29 4805.8 4850.94 4898.23 4872.28 4854.68 4839.78 4828 4816.56 4802.5 4796.42 4798.63 4805.86 4833.24 4839.35 4799.42 4769.91 4746.37 4751.73 4770.8 4774.34 
4838.04 4802.55 4772.11 4765.05 4766.02 4772.94 4787.84 4783.02 4787.73 4795.81 4789.69 4782.4 4794.02 4816.36 4816.38 4821.39 4820.91 4812.44 4808.83 4864.21 4894.34 4873.05 4856.03 4839.86 4826.17 4809.84 4796.99 4776.68 4757.17 4779.03 4791.85 4785.56 4780.59 4764.92 4748.49 4750.51 4760.73 4770.18 
