real_craters/C097-500m.grd
DSAA
131 131
-32.4625 32.4625
-32.4625 32.4625
3177.9271166603 4703.3351631032
[rows 30 to 59 of 131, columns 0 to 66 of 131]
4106.22 4107.41 4106.07 4105.24 4105.29 4104.27 4101.76 4104.11 4106.36 4107.34 4107.74 4108 4108.15 4110.53 4111.45 4105.69 4106.05 4107.98 4109.32 4112.23 4122.02 4130.63 4119.14 4123.18 4133.59 4143.36 4152.3 4157.14 4154.74 4134.53 4128.45 4122.92 4118.05 4116.54 4117.39 4130.24 4146.52 4161.87 4177.61 4193.6 4211.85 4233.82 4241.66 4236.42 4236.16 4239.49 4239.48 4254.03 4266.61 4276.65 4275.78 4257.96 4245.74 4237.6 4237.98 4242.21 4254.37 4273.09 4282.27 4291.44 4307.56 4324.67 4328.03 4319.02 4311.07 4306.41 4304.53
4106.26 4108.94 4109.27 4108.2 4107.47 4106.86 4105.79 4107.11 4108.02 4107.71 4107.06 4105.61 4105.03 4109.16 4116.64 4113.9 4110.73 4113.74 4116.54 4114.97 4110.52 4113.22 4113.26 4123.11 4133.71 4143.57 4152.31 4160.33 4157.95 4128.19 4116.51 4116.18 4119.25 4122.29 4125.26 4138.54 4153.11 4168.32 4186.43 4206.06 4229.18 4255.11 4266.37 4258.33 4255.46 4265.71 4267.01 4269.72 4268.59 4276.74 4276.76 4262.83 4252.14 4246.72 4246.7 4252.09 4264.44 4281.22 4272.23 4289.65 4323.36 4330.54 4330.25 4317.31 4308.07 4300.84 4293.99
4105.63 4109.14 4108.15 4109.54 4110.15 4110.86 4113.02 4112.55 4110.29 4108.64 4106.93 4105.28 4103.32 4106.84 4112.24 4113.83 4116.57 4126.49 4132.91 4131 4120.6 4129.31 4118.21 4132.24 4139.63 4145.82 4153.19 4160.88 4166.4 4130.03 4114.91 4115.39 4123.08 4134 4145.59 4151.21 4161.45 4175.33 4190.99 4209.47 4232.06 4255.29 4268.92 4255.94 4246.28 4243 4259 4256.14 4251.23 4261.83 4264.67 4259.47 4253.82 4250.58 4250.41 4256.55 4264.03 4270.42 4272.04 4287.23 4309.02 4312.61 4308.43 4303.75 4300.09 4294.85 4286.45
4102.51 4106.34 4110.24 4111.83 4112.58 4113.43 4114.42 4114.16 4111.73 4109.51 4108.05 4107.07 4107.87 4106.42 4104.97 4108.18 4126.55 4147.1 4156.53 4166.38 4184.92 4179.03 4168.6 4153.33 4145.83 4146.35 4149.35 4150.96 4144.71 4132.66 4115.04 4118.1 4128.29 4141.68 4153.28 4160.36 4167.88 4178.63 4192.02 4207.11 4222.92 4235.47 4236.19 4237.72 4230.49 4219.66 4233.77 4246.16 4257.72 4247.16 4249.76 4251.16 4250.12 4250.47 4252.69 4256.65 4260.76 4263.77 4271.72 4285.86 4290.09 4291.27 4286.81 4289.15 4290.48 4289.66 4284.9
4103.91 4108.11 4113.35 4114.19 4113.87 4114.02 4114.41 4113.65 4111.65 4109.95 4108.78 4108.59 4109.07 4105.36 4105.26 4135.95 4172.91 4177.46 4174.92 4179.17 4191.3 4161.79 4158.07 4147.78 4142.15 4142.47 4144.06 4143.59 4141.28 4141.45 4125.22 4125.03 4131.7 4142.75 4155.49 4163.05 4171.65 4181.87 4192.46 4202.6 4211.73 4217.68 4216.2 4221.9 4222.69 4225.39 4218.11 4239.85 4251.65 4238.72 4239.22 4242.4 4246.01 4248.45 4250.79 4253.62 4257.38 4262.17 4275.84 4290 4289.7 4284.01 4277.32 4279.5 4283.72 4286.52 4287.87
4108.73 4110.82 4113.12 4113.79 4113.71 4113.34 4112.33 4111.57 4110.81 4110.33 4109.47 4109.27 4109 4105.77 4109.78 4169.38 4219.96 4200.44 4179.89 4159.97 4146.79 4148.54 4133.26 4127.43 4131.27 4134.34 4137.54 4141.68 4145.11 4146.95 4137.12 4133.28 4135.91 4137.46 4147.55 4162.6 4174.06 4183.64 4192.67 4199.51 4205.11 4209.09 4210.05 4215.47 4217.65 4217.9 4210.99 4217.01 4228.48 4232.31 4231.86 4235.25 4238.84 4243.33 4245.9 4249.73 4254.18 4259.48 4269.52 4288.33 4278.51 4271.37 4272.09 4276.25 4279.4 4281.87 4287.03
4114.39 4114.07 4114.14 4113.47 4113.18 4112.77 4111.74 4109.5 4111.52 4110.88 4109.33 4109.48 4111.08 4109.7 4111.79 4172.39 4216.04 4202.81 4175.27 4144.78 4124.74 4128.13 4121.46 4118.26 4122.26 4126.76 4130.96 4134.37 4135.94 4134.64 4134.18 4139.87 4146.09 4146.33 4154.38 4167.08 4175.55 4182.23 4187.89 4193.41 4198.32 4203.6 4213.84 4212.75 4212.14 4214.81 4208.94 4203.31 4215.58 4218.66 4223.26 4227.3 4231.65 4236.24 4240.45 4244.84 4248.77 4256.07 4267.55 4273.14 4266.79 4262.44 4272.71 4276.25 4275.75 4274.85 4268.11
4114.98 4113.9 4112.57 4112.11 4112.11 4112.44 4113.21 4118.41 4112.78 4111.28 4110.24 4108.47 4109.65 4109.25 4114.38 4163.01 4204.31 4194.29 4166.67 4138.79 4141.64 4126.39 4117.26 4116.11 4118.23 4122.28 4126.59 4130.14 4131.39 4131.99 4137.86 4145.37 4160.16 4181.45 4177.35 4174.01 4175.82 4180.23 4184.52 4188.73 4192.52 4194.81 4193.7 4196.97 4204.31 4206.36 4199.37 4198.15 4206.23 4213.5 4216.58 4220.31 4224.86 4228.17 4231.86 4237.61 4243.15 4247.9 4248.79 4260.06 4265.14 4268.19 4267.88 4271.17 4274.49 4275.01 4276.63
4108.94 4108.42 4108.63 4109.4 4110.35 4111.15 4111.8 4111.92 4111.8 4111.1 4109.61 4107.33 4107.63 4109.4 4117.45 4154.38 4187.92 4180.93 4158.41 4133.03 4123.9 4118.55 4114.86 4112.96 4116.16 4120.48 4124.01 4125.75 4127.44 4128.97 4134.88 4144.55 4159.85 4180.17 4179.28 4175.51 4175.22 4178.59 4181.67 4185.68 4188.16 4188.58 4186.21 4190.12 4199.54 4206.67 4195.71 4187.8 4198.45 4208.49 4210.09 4214.54 4220.27 4224.16 4228.78 4234.53 4240.4 4246.09 4253.6 4261.82 4266.1 4265.63 4270.77 4274.31 4277.55 4278.87 4268.01
4102.86 4102.65 4103.98 4106.75 4108.47 4109.57 4110.65 4111.45 4110.94 4108.69 4107.16 4104.49 4105.89 4108.4 4120.32 4149.99 4173.1 4175.59 4153.34 4128.91 4118.87 4124.61 4122.37 4114.33 4117.87 4121.3 4123.68 4126.49 4126.17 4128.95 4130.2 4137.83 4145.36 4153.02 4163.09 4167.62 4171.75 4174.89 4179.55 4183.36 4186.65 4188.85 4190.5 4194.87 4199.93 4202.6 4200.55 4188.68 4190.42 4192.1 4201.54 4209.29 4215.54 4221.52 4226.9 4232.5 4240.78 4247.17 4254.69 4263.31 4272.85 4281.33 4278.77 4278.4 4286.51 4292.56 4302.4
4102.88 4102.54 4103.38 4105.4 4106.91 4108.19 4109.28 4110.2 4109.74 4107.21 4105.1 4102.01 4102.71 4109.08 4125.03 4154.48 4179.3 4181.67 4153.36 4126.02 4123.63 4124.4 4123.49 4120.02 4123.78 4125.32 4124.66 4122.1 4122.2 4121.86 4127.74 4131.16 4134.12 4137.48 4150.76 4160.09 4167.38 4172.89 4178.01 4181.88 4186.48 4190.18 4195.54 4201.92 4201.41 4203.15 4201.83 4194.05 4189.91 4191.12 4198.43 4205.15 4212.26 4219.37 4226 4233.11 4241.7 4247.01 4256.09 4272.8 4282.64 4281.76 4290.25 4298.16 4308.48 4302.09 4292.53
4099.96 4102.21 4103.54 4104.75 4106 4107.3 4108.52 4108.85 4108.72 4106.21 4103 4098.5 4099.05 4107.19 4129.11 4162.4 4189.69 4190.15 4156.78 4125.76 4123.42 4126.44 4131.18 4137.04 4134 4131.28 4130.36 4127.67 4124.8 4119.14 4122.33 4127.62 4130.95 4137.07 4147.04 4156.6 4164.55 4171.01 4176.26 4181.43 4186.05 4190.47 4193.01 4193.94 4202.59 4204.55 4201.62 4198.24 4198.88 4197.29 4199.69 4206.78 4214.62 4222.44 4232.01 4238.83 4243.78 4250.38 4262.21 4280.1 4293.11 4295.02 4323.77 4359.2 4346.74 4331.32 4321.83
4099.94 4102.53 4103.29 4104.03 4105.13 4106.34 4108.02 4110.33 4111.11 4104.95 4100.44 4097.38 4095.9 4103.72 4133.62 4169.97 4195.92 4194.78 4157.26 4127.62 4123.89 4129.13 4136.36 4137.19 4135.21 4133.89 4135.84 4139.64 4136.71 4136.96 4132.32 4134.87 4135.24 4136.94 4148.45 4156.84 4164.26 4171.35 4177.33 4183.16 4187.97 4192.13 4196.02 4204.15 4208.92 4209.9 4199.41 4200.39 4200.7 4198.1 4201.8 4211.26 4220.59 4230 4239.15 4245.79 4252.86 4258 4263.57 4277.8 4309.35 4355.35 4383.63 4385.87 4376.64 4363.85 4360.1
4099.49 4101.5 4102.71 4103.39 4104.51 4105.59 4106.77 4108.46 4106.97 4103.43 4098.41 4094.2 4095.42 4110.87 4157.68 4177.34 4185.33 4178.77 4151.53 4128.66 4123.25 4126.12 4130.06 4129.8 4129.21 4131.21 4134.12 4135.96 4137.31 4139.97 4144.18 4147.72 4154.16 4155.64 4153.83 4158.36 4164.34 4171.05 4177.92 4184.58 4190.28 4195.16 4199.09 4200.72 4210.02 4208.94 4197.84 4202.45 4213.41 4207.47 4209.24 4216.61 4226.58 4236.65 4247.22 4259.68 4270.94 4273.24 4271.77 4285.3 4362.72 4409.94 4424.93 4417.08 4400.25 4384.13 4383.98
4099.44 4100.8 4101.71 4102.76 4103.68 4104.38 4105.34 4106.81 4109.43 4102.87 4097.55 4094.11 4096.39 4116.57 4175.28 4177.93 4173.25 4154.55 4140.54 4121.41 4116.79 4119.75 4123.1 4121.53 4122.13 4126.14 4129.91 4132.31 4131.44 4132.79 4137.34 4141.3 4146.94 4152.14 4153.84 4158.74 4164.76 4171.58 4179.13 4186.69 4192.72 4198.81 4202.94 4208.53 4210.47 4205.29 4198 4211.24 4218.89 4217.04 4218.17 4225.08 4234.08 4245.39 4259.11 4273.99 4293.89 4307.4 4318.89 4342.84 4455.45 4467.23 4473.97 4470.37 4446.11 4378.6 4390.68
4100.51 4099.69 4101.11 4101.93 4101.61 4101.78 4102.16 4104.26 4105.2 4102.24 4099.05 4096.9 4098.72 4118.11 4156.23 4169.23 4159.96 4140.77 4125.35 4109.91 4112.15 4114.96 4114.82 4116.22 4118.23 4122.09 4123.61 4126.86 4130.12 4131.45 4132.71 4133.77 4137.81 4144.37 4150.74 4157.28 4163.88 4171.26 4178.98 4186.48 4194.98 4201.57 4206.84 4210.44 4214.31 4211.39 4212.78 4225.52 4228.71 4223.73 4227.03 4235.38 4246.87 4261.34 4278.86 4296.66 4322.64 4347.17 4391.94 4452.05 4490.19 4492.77 4488.52 4493.67 4493.4 4490.13 4447.82
4100.23 4100.55 4100.25 4100.06 4099.58 4099.1 4099.22 4099.46 4100.12 4101.64 4103.57 4104.23 4105.19 4120.38 4161.12 4170.32 4158.89 4141.65 4128.17 4125.9 4117.82 4115.31 4115.26 4115.45 4117.73 4121.79 4125.98 4128.16 4129.97 4132.03 4132.77 4133.79 4132.28 4139.52 4147.94 4155.95 4164.06 4171.39 4180.1 4187.98 4196.25 4204.25 4211.25 4216.62 4213.82 4213.81 4215.31 4221.64 4227.18 4228.89 4237.96 4245.13 4260.24 4277.01 4294.46 4314.94 4334.31 4372.85 4430.39 4495.52 4490.79 4503.5 4487.64 4513.15 4533.22 4540.32 4516.17
4099.32 4100.21 4100.07 4098.95 4098.36 4097.47 4097.23 4097.53 4100.01 4104.84 4112.02 4119.93 4127.2 4143.9 4179.55 4184.44 4162.1 4139.74 4123.94 4126.8 4121.31 4115.8 4112.53 4113.72 4119.72 4121.54 4125.79 4128.82 4133.07 4132.39 4131.41 4131.19 4132.41 4139.14 4148.22 4157.88 4165.43 4173.37 4181.35 4190.23 4198.19 4206.43 4215.34 4223.97 4223.78 4217.23 4212.67 4212.57 4224.54 4226.97 4237.81 4254.29 4273.62 4290.05 4300.68 4308.26 4330.44 4369.97 4424.64 4487.08 4563.24 4550.71 4556.54 4475.7 4436.99 4416.56 4425.24
4097.95 4099.36 4098.2 4097.44 4097.16 4096.71 4096.15 4097.01 4101.79 4109.21 4122.08 4140.22 4161.43 4182.61 4210.55 4189.2 4158.4 4134.05 4127.62 4122.74 4120.26 4116.09 4111.71 4111.13 4115.06 4116.69 4119.53 4124.26 4129.48 4130.39 4129.64 4129.22 4135.52 4142.34 4151.58 4160.17 4169.78 4179.13 4186.43 4193.85 4200.07 4207.91 4215.52 4224.27 4229.6 4225.29 4216.39 4211.86 4223.5 4227.99 4244.01 4269.59 4293.34 4302.25 4304.89 4305.85 4309.41 4322.86 4366.22 4437.47 4445.43 4388.46 4362.59 4257.37 4130.22 4120.44 4146.92
4107 4101.75 4099.05 4096.36 4094.96 4094.01 4095.46 4096.67 4100.25 4109.72 4129.37 4154.2 4183.15 4190.68 4174.6 4159.98 4146.52 4131.5 4127 4125.11 4119.82 4116.82 4114.83 4113.83 4111.56 4111.45 4112.72 4118.72 4122.62 4128.03 4130.46 4132.08 4136.8 4146.23 4155.68 4165.25 4174.57 4183.23 4191.68 4199.78 4205.07 4210.9 4215.35 4220.31 4230.13 4226.98 4220.35 4220.37 4235.89 4252.11 4262.15 4313.58 4335.95 4332.7 4317.28 4295.33 4271.47 4249.14 4233.33 4207.99 4137.29 4069.41 4058.8 3988.1 3873.29 3859.03 3872.95
4099.49 4101.02 4098.64 4097.06 4095.59 4095.44 4095.57 4096.81 4100.84 4110.92 4131.64 4156.42 4178.15 4178.75 4161.12 4146.58 4136.13 4124.5 4117.89 4117.6 4117.57 4116.65 4116.19 4115.6 4110.64 4109.92 4112.67 4117.61 4123.81 4130.19 4134.71 4137.13 4143.14 4152.7 4162.02 4169.61 4177.94 4186.42 4194.38 4201.42 4208.19 4212.81 4215.7 4215.87 4223.67 4230.42 4223.68 4222.68 4258.6 4312.81 4378.49 4404.87 4389.69 4358.27 4315.72 4269.24 4211.18 4151.54 4076.41 3980.13 3864.56 3794.51 3793.38 3794.5 3791.41 3746.33 3713.18
4102.54 4100.22 4098.96 4098.7 4098.62 4098.27 4098.91 4100.46 4103.03 4111.27 4130.55 4152.06 4165.67 4167.21 4155.32 4141.94 4130.97 4120.22 4112.82 4114.48 4116.42 4118.31 4117.25 4115.11 4113.55 4114.03 4117.32 4122.84 4128.62 4138.04 4144.03 4147.01 4153.23 4162.57 4167.9 4174.7 4182.02 4189.41 4195.74 4202.82 4209.43 4215.09 4216.99 4215.52 4219.2 4232.78 4229.72 4233 4267.13 4358.92 4466.35 4479.75 4429.26 4364.69 4298.36 4221.65 4141.97 4049.52 3943.05 3818.16 3697.16 3659.35 3677.21 3725.82 3807.85 3748.3 3665.45
4096.27 4095.79 4099.04 4101.83 4102.71 4103.42 4103.52 4104.85 4107.33 4112.1 4128.83 4147.16 4164.29 4158.97 4148.63 4137.52 4128.82 4119.8 4115.5 4117.32 4119.78 4121.41 4120.63 4117.39 4117.66 4119.08 4127.38 4139.82 4147.74 4152.01 4157.3 4165.11 4172.4 4172.23 4174.08 4178.33 4183.37 4189.34 4196.03 4203.74 4209.42 4217.09 4224.74 4229.1 4222.84 4227.57 4229.33 4226.78 4255.87 4378.49 4490.16 4510.48 4452.17 4370.07 4279.9 4185.08 4079.61 3968.6 3852.4 3732.67 3635.78 3621.09 3657.42 3719.36 3749.41 3685.48 3613.79
4077.06 4094.47 4100.96 4105.79 4108.74 4110.12 4111.6 4112.73 4114.06 4118.69 4125.56 4136.57 4148.66 4147.64 4142.73 4132.51 4129.27 4123.25 4125.94 4122.25 4124.38 4126.67 4128.04 4129.33 4128.91 4128.17 4138.91 4155.32 4163.15 4164.59 4167.5 4172.49 4178.81 4178.6 4179.55 4182.94 4187.86 4193.21 4199.55 4204.51 4212.42 4221.55 4234.3 4251.98 4248.32 4239.13 4223.49 4227.61 4282.71 4412.08 4501.76 4510.62 4447.37 4351.75 4248.33 4138.74 4019.84 3903.67 3785.61 3674.99 3599.14 3576.94 3641.66 3729.49 3666.31 3617.72 3583.54
4107.02 4104.37 4107.81 4111.89 4116.63 4120.39 4122.26 4122.64 4121.8 4119.21 4120.36 4122.01 4121.04 4135.69 4139.72 4137.78 4134.29 4121.26 4111.41 4124.65 4128.63 4132.9 4136.65 4141.89 4143.47 4147.33 4150.53 4162.5 4168.83 4170.99 4173.89 4175.05 4176.78 4180.68 4181.38 4183.76 4187.43 4192.25 4197.76 4204.31 4212.1 4221.22 4233.07 4247.79 4267.6 4271.43 4264.34 4311.57 4422.08 4468.77 4524.96 4523.35 4422.94 4310.25 4197.31 4082.54 3968.2 3845.88 3726.89 3625.2 3547.32 3520.79 3541.87 3548.18 3531.05 3529.58 3521.19
4106.77 4111.62 4115.91 4121.53 4126.74 4132.13 4135.38 4137.54 4136.82 4125.69 4129.91 4134.85 4131 4135.74 4140.9 4150.73 4145.19 4137.79 4128.79 4127.91 4131.74 4137.1 4142.71 4147.46 4149.72 4149.4 4152.29 4156.48 4165.93 4172.75 4178.85 4183.65 4184.1 4183.09 4182.02 4184.9 4188.46 4192.71 4197.83 4204.06 4211.36 4219.62 4229.31 4239.69 4259.69 4300.92 4319.5 4378.77 4455.93 4487.33 4496.31 4459.25 4355.97 4247.92 4133.6 4021.3 3908.1 3797.18 3685.63 3581.07 3497.67 3460.23 3455.22 3440.48 3432.4 3437.2 3444.86
4110.51 4116.34 4123.47 4130.71 4136.44 4143.78 4149.98 4156.63 4162.75 4172.78 4173.03 4157.79 4149.07 4140.28 4140.63 4137.95 4150.55 4176.41 4153.86 4140.31 4144.18 4146.23 4148.81 4153.07 4154.39 4151.11 4150.97 4157.43 4163.11 4171.56 4179.74 4185.16 4183.12 4180.27 4181.8 4185.14 4189.03 4194.02 4199.38 4205.31 4213.25 4220.96 4229.04 4244.24 4269.37 4320.29 4311.47 4389.21 4489.27 4477.42 4428.04 4329.92 4266.56 4170.87 4066.48 3958.41 3854.2 3749.39 3649.8 3558.04 3478.43 3443.62 3423.99 3395.24 3395.57 3393.46 3391.18
4114.5 4121.5 4127.24 4137.25 4145.37 4154.37 4163.35 4171.62 4183.16 4195.34 4189.41 4154.45 4138.4 4138.23 4141.79 4148.86 4148.76 4154.76 4191.95 4171.14 4151.58 4151.56 4155.47 4157.61 4158.72 4161.87 4153.8 4147.39 4159.88 4169.76 4177.72 4180.19 4173.32 4175.34 4180.64 4184.49 4188.55 4191.84 4197 4202.85 4210.17 4218.98 4229.93 4250.58 4294.01 4334.4 4333.89 4393.09 4459.41 4437.55 4373.68 4289.91 4190.11 4089.82 3987.57 3893.12 3797.35 3704.3 3615.94 3536.8 3467.8 3430.17 3406.94 3385.37 3380.21 3372.36 3365.57
4118.78 4125.87 4132.73 4141.03 4149.98 4157.23 4169.5 4180.68 4191.98 4199.88 4188.14 4150.75 4132.9 4133.92 4139.41 4146.91 4144.78 4134.12 4141.86 4138.34 4144.84 4152.97 4163.23 4174.06 4180.35 4177.1 4171.42 4163.67 4164.27 4170.89 4177.89 4180.95 4179.09 4180.09 4182.78 4184.84 4188.34 4192.11 4193.01 4201.62 4207.85 4218.86 4235.62 4256.5 4291.51 4319.57 4348.25 4397.13 4417.31 4391.62 4316.54 4224.21 4108.55 3996.95 3900.67 3817.95 3732.62 3659.5 3587.1 3515.98 3454.71 3417.27 3399.79 3388.4 3379.5 3365.06 3357.81
4124.11 4130.69 4136.82 4144.47 4153.24 4161.58 4171.69 4182.41 4192.39 4198.79 4191.13 4147.21 4131.83 4130.95 4133.55 4137.09 4131.39 4124.36 4123.52 4124.26 4137.06 4152.06 4169.51 4190.11 4209.66 4211.28 4191.92 4172.19 4170.41 4172.56 4176.93 4180.58 4182.68 4185.35 4184.36 4184.89 4186.76 4188.08 4191.25 4193.95 4200.57 4213.13 4231.96 4239.87 4256.5 4354.77 4391.72 4420.48 4430.77 4385.11 4276.57 4141.24 4009.74 3902.14 3814.65 3736.54 3668.61 3607.61 3545.51 3493.35 3443.37 3412.02 3392.09 3380.22 3368.52 3348.51 3349.29
