real_craters/C097-500m.grd
DSAA
131 131
-32.4625 32.4625
-32.4625 32.4625
3177.9271166603 4703.3351631032
[rows 0 to 29 of 131, columns 0 to 66 of 131]
4123.1 4121.59 4122.48 4124.49 4125.34 4125.06 4124.06 4126.12 4126.94 4130.69 4131.56 4134.34 4132.3 4134.13 4136 4137.72 4138.57 4137.03 4133.59 4133.93 4135.15 4134.36 4133.18 4132.03 4132.34 4129.84 4135.45 4137.69 4138.84 4139.5 4139.62 4140.15 4141.11 4151.52 4162.55 4164.48 4157.06 4147.29 4146.62 4155.53 4152.27 4145.09 4146.29 4146.53 4148.56 4156.11 4161.72 4166.91 4174.01 4185.32 4197.12 4180.16 4198.19 4244.04 4240.17 4236.65 4254.45 4253.82 4245.66 4229.79 4215.96 4206.85 4200.92 4195.83 4193.87 4196.21 4202.75
4124.77 4126.16 4125.53 4124.93 4124.44 4123.03 4122.22 4124.96 4129.05 4130.9 4131.31 4135.1 4132.55 4133.78 4135.51 4136.91 4137.85 4137.52 4139.11 4138.42 4135.54 4133.57 4132.15 4131.07 4131.98 4135.49 4137.68 4137.43 4137.8 4139.06 4141.32 4145.06 4148.04 4152.72 4157.32 4160.37 4160.82 4162.36 4164.86 4154.55 4146.7 4142.22 4145.94 4152.59 4157.42 4167.95 4170.67 4171.45 4174.3 4182.42 4196.34 4188.27 4207.55 4235.77 4206.61 4198.78 4212.11 4223.44 4226.03 4218.09 4211.18 4206.19 4202.74 4200.4 4198.34 4201.11 4206.81
4125.57 4126.42 4126.92 4124.82 4121.63 4119.44 4118.73 4123.17 4129.59 4129.6 4128.27 4121.99 4129.46 4133.49 4135.21 4136.16 4135.97 4135.48 4135.43 4137 4134.5 4132.67 4131.41 4130.26 4130.46 4137.94 4138.4 4137.85 4137.8 4139.42 4142.31 4148.34 4157.75 4153.95 4154.01 4159.93 4164.17 4166.61 4162.3 4153.11 4143.52 4139.01 4147.83 4166.49 4189.66 4184.74 4178.47 4172.77 4167.37 4163.55 4165.74 4184.17 4203.36 4217.35 4180.63 4173.65 4185.14 4193.83 4196.17 4200.05 4201.53 4202.26 4202.76 4203.42 4203.47 4205.01 4211.16
4126.11 4127.21 4125.18 4122.01 4119.03 4118.08 4118.52 4122.01 4124.16 4126.45 4128.13 4129.7 4133.94 4134.2 4135.11 4135.93 4136.53 4135.83 4131.72 4131 4131.44 4131.35 4131.23 4130.64 4129.34 4131.86 4135.7 4136.67 4137.03 4138.23 4140.37 4143.88 4149.45 4155.46 4154.6 4162.85 4166.05 4167.23 4161.06 4150.93 4141.32 4134.01 4148.8 4172.03 4191.34 4190.08 4181.82 4170.67 4158.12 4146.78 4146.99 4172.28 4184.55 4186.87 4167.08 4172.57 4173.29 4177.18 4179.56 4186.67 4194 4199.22 4203.51 4207.19 4211.02 4214.89 4216.27
4126.08 4126.84 4123.24 4119.59 4117.93 4119.8 4121.82 4124.06 4126.49 4128.86 4129.64 4130.5 4131.99 4133.53 4134.54 4135.48 4136.04 4134.85 4132.8 4129.28 4129.76 4130.65 4131.73 4133.29 4130.94 4131.61 4134.36 4136.26 4136.85 4137.15 4137.75 4139.66 4148.97 4169.92 4178.78 4169.05 4165.17 4164.66 4158.49 4148.96 4142.55 4141.43 4153.67 4174.06 4187.13 4192.3 4181.68 4167.02 4152.79 4139.33 4137.51 4148.26 4163 4166.46 4163.69 4166.76 4170.68 4172.87 4173.44 4180.34 4189.35 4196.72 4203.21 4209.12 4215.21 4219.26 4219.86
4125.51 4126.09 4123.12 4120.99 4123.29 4123.73 4125.51 4126.46 4130.04 4132 4130.35 4130.77 4131.63 4132.39 4134.19 4135.27 4135.82 4136.6 4136.4 4129.6 4129.11 4130.4 4131.92 4134.22 4134.32 4134.25 4135.08 4135.81 4135.92 4135.91 4135.59 4136.27 4144.96 4163.31 4173.44 4164.35 4157.32 4151.68 4148.54 4146.89 4144.27 4145.53 4155.91 4175.49 4203.97 4200.67 4177.19 4160.65 4148.3 4143.02 4141.68 4145.89 4152.78 4154.81 4161.38 4165.77 4167.62 4171.37 4174.48 4180.95 4188.18 4195.48 4202.92 4210.12 4218.38 4222.99 4220.67
4124.4 4125.43 4124.41 4124.7 4125.03 4124.82 4125.22 4126.38 4127.12 4126.81 4128.89 4129.49 4131.16 4132.85 4134.32 4135.27 4135.95 4136.37 4135.76 4127.97 4128.88 4130.07 4131.35 4132.61 4137.3 4135.78 4135.86 4135.67 4135.66 4135.47 4134.81 4133.86 4136.69 4139.74 4146.21 4150.28 4146.99 4141.62 4146.25 4146.53 4143.42 4144.22 4150.22 4161.78 4172.86 4169.25 4160.07 4149.89 4140.41 4135.75 4140.02 4146.71 4152.83 4156.3 4153.97 4157.21 4163.34 4169.07 4175.78 4182.02 4186.86 4193.77 4201.49 4209.42 4218.67 4223.19 4220.52
4122.25 4122.81 4123.68 4125.17 4127.2 4125.6 4125.25 4125.9 4126.3 4127.12 4128.29 4129.46 4130.64 4132.4 4133.98 4135.27 4135.94 4135.33 4133.28 4132.61 4130.06 4130.53 4131.15 4130.7 4134.53 4134.68 4135.43 4134.99 4135.49 4136.05 4136.08 4134.14 4133.85 4132.05 4136.46 4141.34 4141.73 4138.44 4140.4 4141.35 4140.32 4137.84 4136.2 4144.35 4140.13 4135.21 4142.54 4139.46 4131.95 4124.19 4131.33 4142.22 4150.19 4152.72 4152.43 4157.03 4160.84 4166.29 4170.1 4175.91 4183.93 4191.24 4198.91 4207.11 4216.69 4222.45 4219.72
4119.46 4120.48 4121.33 4121.73 4123.33 4126.28 4126 4125.29 4125.59 4126.78 4127.71 4129.78 4132.24 4132.22 4133.65 4135.15 4136.3 4135.99 4132.97 4130.15 4130.53 4131.26 4132.25 4132.58 4129.87 4131.38 4131.97 4133.96 4134.82 4136.49 4138.62 4140.96 4136.36 4133.18 4134.77 4139.05 4142.52 4143.45 4141.8 4140.26 4138.13 4138.13 4142.66 4140.14 4139.27 4142.06 4138.73 4134.36 4129.49 4127.16 4131 4139.01 4146.44 4150.34 4150.67 4154.59 4159.17 4161.53 4168.36 4175.74 4180.7 4187.31 4194.86 4202.87 4212.69 4218.81 4217.48
4117.64 4118.33 4119.32 4119.66 4120.66 4121.62 4123.17 4123.77 4123.93 4123.95 4126.03 4128.53 4129.83 4131.17 4133.3 4135.08 4136.75 4138.95 4134.05 4131.27 4131.37 4132.01 4132.96 4132.86 4128.39 4130.28 4132.58 4134.25 4136.26 4138.33 4140.26 4141.52 4137.49 4131.79 4134.91 4138.45 4143.58 4147.4 4140.48 4135.59 4135.13 4135.64 4132.82 4137.52 4141.7 4146.59 4137.96 4131.71 4127.75 4127.1 4129 4136.53 4145.39 4148.44 4150.05 4155.38 4163.85 4164.73 4166.72 4169.74 4176.14 4182.93 4190.37 4198.12 4207.57 4213.31 4212.69
4119.11 4118.87 4118.8 4119.91 4121.52 4120.21 4121.95 4122.68 4122.89 4122.28 4124.68 4127.21 4128.34 4130.58 4132.4 4133.89 4135.07 4135.91 4131.59 4132.35 4131.71 4131.22 4131.71 4132.83 4131.02 4130.63 4130.31 4134.15 4136.8 4138.99 4140.45 4139.73 4138.77 4136.38 4135.44 4136.43 4138.42 4139.23 4135.73 4132.46 4132.15 4132.15 4135.28 4133.47 4134.37 4130.94 4131.3 4128.26 4124.49 4121.78 4124.16 4135.29 4145.52 4149.72 4149.24 4162.98 4177.4 4164.65 4166.16 4167.38 4171.96 4178.94 4186.18 4193.55 4201.2 4206.2 4208.64
4117.86 4118.03 4117.86 4117.97 4118.7 4122.95 4122.56 4122.41 4122.79 4123.81 4125.31 4127.15 4129.86 4131.91 4131.44 4132.58 4132.61 4130.32 4132.2 4129.84 4129.37 4128.84 4129.05 4130.55 4130.98 4130.91 4132.99 4135.25 4138.58 4140.8 4141.59 4143.13 4141.59 4139.13 4136.75 4133.73 4130.59 4130.08 4130.99 4129.96 4130.19 4128.95 4126.57 4127.27 4127.9 4126.46 4127.11 4126.69 4124.7 4122.32 4125.25 4136.3 4148.19 4151.01 4157.5 4158.39 4112.27 4147.79 4168.38 4167.21 4168.19 4174.87 4182.27 4189.58 4195.82 4201.3 4202.6
4113.87 4115.37 4116.42 4115.75 4116.91 4120.32 4121.19 4121.64 4122.49 4123.82 4125.34 4126.59 4127.52 4126.97 4129.68 4131.97 4132.87 4130.33 4119.89 4124.15 4125.3 4125.41 4125.74 4126.07 4128.39 4130.16 4131.15 4135.34 4141.61 4144.72 4140.81 4138.07 4143.75 4143.75 4136.53 4131.59 4127.35 4126.16 4128.31 4132.08 4129.33 4127.34 4124.31 4124.95 4126.06 4126.42 4126.26 4127.37 4129.52 4129.76 4129.21 4135.86 4146.3 4146 4137.3 4095.01 4078.95 4143.97 4168.57 4161.63 4162.72 4171.41 4180.51 4188.46 4194.83 4201.55 4206.6
4110.15 4113.41 4116.16 4118.81 4115.61 4117.4 4119.34 4120.89 4121.95 4123.33 4124.74 4125.46 4125.79 4124.48 4128.23 4133.11 4136.35 4134.43 4126.52 4121.45 4120.07 4122.75 4124.8 4124.27 4126.64 4130.4 4135.88 4142.29 4146.28 4152.99 4161.56 4156.42 4144.3 4137.06 4134.47 4130.09 4126.21 4125.54 4126.21 4125.53 4127.02 4127.57 4128.3 4128.05 4126.15 4124.43 4125.19 4127.25 4130.09 4129.47 4128.84 4130.87 4135.98 4142.51 4146.84 4170.94 4186.58 4165.82 4166.89 4161.79 4163.45 4171.89 4180.63 4189.55 4197.38 4205.47 4210.81
4112.07 4112.54 4114.41 4116.94 4118.33 4116.7 4119.48 4121.3 4122.15 4121.65 4120.99 4125.01 4127.51 4127.73 4128.95 4134.69 4140.71 4142.29 4136.97 4126.51 4120.22 4122.44 4124.61 4124.31 4125.77 4130.24 4135.24 4139.49 4147.05 4155.28 4164.28 4160.75 4150.5 4140.48 4132.63 4128.96 4127.33 4125.79 4125.56 4127.83 4127.95 4127.58 4128.45 4127.96 4126.16 4124.93 4124.91 4126.19 4126.23 4124.26 4123.05 4126.17 4132.47 4141.45 4151.85 4161.99 4165.84 4166.11 4165.78 4164.22 4166.65 4173.05 4181.83 4193.32 4202.21 4212.04 4222.5
4109.65 4110.55 4111.01 4113.07 4119.13 4119.6 4121.14 4122.58 4123.73 4123.85 4124.67 4126.19 4128.37 4129.74 4130.75 4135.01 4139.57 4140.74 4139.02 4131.5 4123.54 4126.46 4123.02 4119.32 4123.7 4129.17 4135.06 4141.91 4144.02 4147.68 4155.85 4147.53 4136.2 4131.19 4128.55 4126.02 4124.92 4124.72 4124.55 4123.81 4123.95 4126.68 4127.64 4127.96 4125.52 4123.5 4123.09 4125.85 4127.6 4123.59 4121.34 4124.01 4130.64 4140.46 4149.64 4155.58 4157.64 4160.75 4160.9 4162.8 4165.26 4175.2 4183.39 4194.91 4205.82 4214.27 4223.09
4108.95 4109.73 4110.24 4111.82 4116.01 4120.78 4123.49 4125.2 4126.26 4127.34 4126.17 4127.79 4126.58 4124.91 4128.58 4132.93 4139.15 4140.74 4136.18 4140.06 4158.11 4137.06 4122.94 4121.97 4123.43 4127.48 4132.98 4137.3 4137.11 4134.7 4126.89 4129.85 4126.71 4125.89 4125.65 4123.22 4119.04 4123.09 4124.73 4125.93 4127.04 4126.79 4126.47 4125.09 4125.1 4124.35 4124.69 4126.33 4127.74 4123.53 4121.92 4122.34 4130.85 4139.9 4146.95 4153.79 4158.63 4160 4159.3 4165.67 4176.71 4178.51 4183.79 4191.48 4203.85 4213.99 4223.36
4109.73 4109.73 4111.19 4112.85 4116.09 4123.62 4125.01 4126.25 4127.84 4129.55 4130.73 4128.9 4125.25 4122.66 4123.78 4128 4130.18 4131.34 4130.68 4136.57 4148.5 4137.89 4129.22 4123.19 4122.6 4125.09 4128.14 4129.58 4129.39 4127.63 4125.93 4124.28 4123.35 4125.11 4126.21 4127.09 4128.08 4126.24 4126.56 4126.99 4127.61 4127.08 4127.19 4128.01 4127.13 4125.7 4123.75 4126.82 4128.33 4125.83 4129.94 4130.58 4139.88 4145.82 4147.08 4146.02 4151.67 4159.11 4160.27 4165.97 4168.32 4177.6 4184.37 4193.19 4201.59 4211.92 4216.96
4108.73 4109.15 4109.79 4111.19 4116.45 4123.34 4124.78 4126.5 4128.86 4131.49 4132.81 4131.33 4126.93 4119.62 4118.78 4125.35 4128.48 4126.68 4123.31 4123.63 4129.8 4125.43 4117.44 4118.15 4120.3 4123.09 4125.04 4123.57 4125.43 4124.87 4120.95 4124.23 4128.16 4127.06 4129.03 4130.77 4131.07 4130.17 4128.6 4127.24 4125.1 4126.33 4127.73 4129.84 4128.12 4126.72 4127.02 4126.85 4125.25 4124.64 4146.33 4168.7 4162.96 4155.98 4150.19 4145.98 4147.47 4155.33 4164.05 4167.92 4169.5 4177.41 4186.13 4194.2 4201.93 4208.69 4212.9
4108.15 4108.57 4108.94 4109.27 4110.44 4119.63 4121.29 4124.8 4128.81 4133.64 4136.6 4136.42 4130.81 4126.87 4127.47 4126.14 4127.49 4125.15 4122.4 4122.36 4119.37 4116.94 4113.52 4114.07 4118.54 4122.64 4127.07 4129.65 4132.86 4128.76 4124.04 4122.5 4123.9 4127.21 4131.57 4136.3 4136.5 4133.87 4130.76 4127.8 4125.16 4125.57 4126.06 4126.21 4125.84 4126.14 4126.49 4125.46 4124.8 4127.97 4155.5 4180.51 4175.56 4163.83 4153.49 4145.02 4143.2 4151.61 4159.9 4165.33 4171.11 4176.25 4184.78 4194.56 4202.82 4211.42 4218.88
4107.99 4108.96 4110.19 4111.43 4111.66 4109.82 4115.72 4121.35 4126.74 4132.9 4142.04 4142.7 4130.78 4124.03 4121.99 4123.39 4121.4 4122.12 4120.7 4119.34 4120.04 4116.74 4112.62 4114.65 4118.77 4123.47 4128.67 4138.69 4138.79 4134.4 4129.35 4121.12 4118.48 4125.99 4133.18 4139.96 4140.51 4136.32 4132.35 4129.13 4127.18 4125.57 4124.97 4124.1 4124.77 4125.37 4125.46 4122.56 4123.09 4135.24 4158.76 4178.31 4174.91 4166.5 4157.35 4147.37 4140.87 4145.63 4149.88 4153.35 4159.84 4169.68 4182.73 4193.98 4203.79 4212.97 4220.93
4108.6 4109.91 4112.48 4114.35 4113.19 4108.79 4112.82 4117.81 4122.13 4126.23 4128.74 4126.31 4123.32 4119.32 4117.61 4119.24 4121.83 4119.27 4118.9 4121.27 4122.28 4123.61 4117.38 4118.17 4121.63 4124.22 4125.42 4122.94 4123.95 4136.13 4135.18 4124.28 4121.53 4126.9 4133.39 4138.4 4139.26 4136.43 4132.71 4129.24 4127.21 4124.87 4124.15 4125.23 4126.05 4125.43 4124.28 4121.98 4122.83 4131.96 4151.79 4168.5 4168.11 4165.41 4161.7 4156.96 4147.32 4151.49 4151.3 4149.73 4159.67 4171.11 4183.02 4193.42 4203.43 4211.62 4217.71
4108.44 4110.25 4111.97 4117.03 4116.79 4112.32 4113.45 4115.57 4118.06 4119.24 4116.85 4112.78 4116.14 4117.47 4117.56 4113.78 4112.87 4114.36 4115.15 4118.81 4121.01 4124.58 4123.22 4125.95 4126.99 4127.14 4125.48 4121.89 4122.24 4129.51 4130.93 4128.72 4126.45 4128.85 4133.47 4137.78 4137.92 4135.76 4132.55 4128.58 4123.99 4122.29 4122.73 4124.09 4126.31 4126.41 4125.73 4123.91 4127.95 4131.24 4136.43 4146.28 4157.09 4162.74 4166.71 4173.88 4192.12 4181.63 4166.63 4161.35 4165.16 4176.18 4185.33 4194.55 4203.73 4211.41 4214.6
4108.92 4111.08 4114.19 4116.37 4116.51 4114.16 4112.99 4113.59 4115.1 4115.66 4114.85 4113.54 4114.51 4114.02 4112.5 4110.99 4110.68 4111.28 4110.59 4109.02 4118.13 4130.59 4142.91 4135.9 4132.68 4131.09 4129.08 4126.45 4124.34 4124.44 4126.56 4125.58 4127.46 4129.79 4132.63 4135.32 4136.05 4135.19 4132.89 4129.21 4125.31 4122.87 4121.69 4121.66 4122.08 4129.05 4136.38 4141.42 4137.04 4132.41 4131.77 4138.62 4149.81 4158.5 4166.2 4174.46 4182.99 4177.44 4164.37 4154.54 4164.59 4176.98 4188.73 4198.9 4208.24 4211.75 4216.6
4109.59 4109.87 4111.31 4111.47 4112.02 4111.03 4110.14 4111.04 4112.81 4114.53 4116.16 4118.94 4116.09 4112.52 4107.45 4111.15 4114.17 4110.06 4108.25 4109.58 4118.9 4137.43 4139.66 4137.77 4135.07 4134.71 4134.52 4132.06 4124.59 4127.55 4124.99 4125.44 4127.88 4129.8 4131.62 4132.87 4135.35 4136 4134.5 4131.26 4126.86 4124.03 4122 4121.89 4123.96 4130.65 4144.39 4161.03 4143.78 4134.82 4134.55 4140.99 4149.75 4157.21 4161.86 4163.81 4158.18 4157.44 4157.85 4158.36 4167.61 4182.88 4192.63 4203.9 4214.07 4221.57 4224.71
4109.19 4106.35 4106.99 4109.73 4109.03 4107.29 4106.86 4108.72 4111.43 4114.13 4116.71 4117.66 4117.01 4114.1 4110.95 4108.09 4108.35 4107.42 4106.37 4106.64 4111.1 4115.47 4128.76 4132.52 4135.35 4137.74 4141.84 4145.21 4151.44 4123.91 4122.28 4123.04 4126.29 4130.61 4133.81 4135.37 4138.52 4139.26 4138.51 4136.47 4131.29 4124.25 4127.14 4124.44 4122.92 4126.42 4133.98 4136.74 4134.55 4136 4140.86 4148.04 4154.33 4159.37 4161.86 4159.81 4156.92 4155.59 4157.62 4160.4 4167.08 4180.25 4196.51 4213.88 4227.64 4237.15 4240.89
4109.89 4107.39 4107.5 4108.86 4107.38 4104.64 4103.75 4107 4110.26 4113.62 4117.44 4120.64 4120.09 4116.46 4112.95 4109.2 4105.91 4105.82 4105.07 4105.72 4110.11 4109.1 4113.77 4126.17 4134.24 4140.34 4146.87 4153.8 4158.31 4136.87 4126.93 4122.32 4125.39 4131.3 4140.32 4145.49 4143.77 4143.44 4144.03 4144.7 4146.87 4151.41 4140.67 4129.61 4123.25 4122.8 4126.08 4133.93 4132.07 4138.09 4153.87 4158.22 4163.61 4167.37 4167.67 4165.21 4162.39 4166.74 4178.61 4174.94 4180.01 4187.43 4210.71 4231.57 4246.17 4256.46 4264.35
4110.42 4111.24 4110.51 4110.43 4107.07 4104.82 4104.56 4105.99 4109.13 4112.61 4116.41 4120.43 4120.62 4117.58 4116.12 4113.64 4109.17 4107.32 4105.82 4103.94 4102.63 4109.93 4116.48 4124.25 4131.65 4139.71 4147.15 4153.16 4160.15 4153.68 4130.41 4121.26 4122.57 4127.18 4135.44 4142.7 4144.14 4146.77 4149.78 4152.6 4155.57 4162.72 4147.52 4138.45 4129.4 4124.96 4126.88 4132.66 4133.04 4146.28 4146.71 4168.41 4178.07 4181.49 4182.46 4181.01 4180.88 4197.22 4238.89 4237.91 4234.97 4235.32 4244.83 4255.56 4265.22 4274.54 4284.05
4109.28 4110.21 4109.17 4107.64 4105.89 4104.28 4104.75 4105.55 4108.14 4111.01 4113.89 4115.86 4116.16 4115.93 4115.15 4114.43 4109.94 4107.2 4105.98 4105.24 4105.96 4108.63 4114.35 4122.63 4130.94 4140.47 4146.99 4148.15 4137.84 4131.32 4126.23 4119.23 4118.95 4120.11 4121.29 4130.27 4141.6 4149.99 4156.45 4160.89 4159.09 4139.84 4149.41 4155.76 4145 4139.76 4140.09 4169.12 4188.84 4190.87 4196.1 4197.71 4200.59 4201.26 4201.25 4201.24 4204.63 4224.88 4271.7 4272.98 4269.45 4273.16 4280.3 4285.11 4289.19 4294.7 4302.54
4107.08 4108.91 4106.8 4105.16 4104.8 4104.05 4105.23 4104.96 4106.79 4108.72 4110.17 4111.16 4112.16 4112.97 4112.5 4107.41 4107.63 4107.34 4107.73 4109.57 4111.83 4113.02 4111.43 4121.68 4131.82 4141.39 4148.99 4152.09 4151.43 4145.01 4130.16 4121.41 4117.4 4116 4117.96 4127.33 4141.66 4154.47 4166.24 4176.12 4182.43 4187.76 4195.02 4195.18 4193.19 4195.22 4193.86 4222.18 4233.92 4243.11 4244.81 4233.6 4226.89 4223.04 4222.15 4225.11 4233.04 4252.29 4288.53 4288.55 4287.43 4306.84 4314.81 4307.83 4304.98 4305.11 4309.05
