real_craters/C097-500m.grd
DSAA
131 131
-32.4625 32.4625
-32.4625 32.4625
3177.9271166603 4703.3351631032
[rows 60 to 89 of 131, columns 0 to 66 of 131]
4129.55 4134.17 4139.76 4146.51 4152.33 4160.95 4169.64 4179.87 4187.22 4192.28 4184.98 4150.07 4134.04 4129.23 4129.73 4129.73 4128.03 4127.67 4124.12 4121.54 4136.3 4155.51 4171.98 4190.58 4213.83 4224.98 4207.42 4185.12 4175.53 4173.29 4174.46 4178.22 4182.2 4187.18 4185.62 4186.31 4187.7 4189.63 4192.32 4193.52 4198.41 4206.1 4219.61 4230.95 4262.85 4366.25 4405.45 4450.75 4474.06 4420.07 4265.27 4064.18 3904.54 3811.26 3738.46 3678.48 3620.46 3570.23 3518.82 3476.17 3432.35 3406.22 3394.82 3377.44 3366.02 3361.97 3358.14
4131.16 4134.35 4138.36 4143.76 4152.05 4158.52 4165.95 4173.3 4178.01 4181.1 4182.67 4147.69 4130.24 4125.87 4126.16 4127.13 4127.69 4128.29 4127.72 4125.86 4144.77 4160.34 4169.9 4177.9 4184.93 4195.29 4182.98 4180.63 4174.73 4172.29 4170.99 4175.01 4178.12 4179.89 4184.3 4187.11 4189.79 4191.97 4194.14 4193.62 4196.69 4200.95 4210.77 4241.17 4287.13 4336.58 4389.49 4472.61 4543.44 4517.81 4288.36 4019.77 3819.53 3736.44 3676.23 3625.26 3577.57 3535.69 3494.07 3457.81 3425.07 3402.17 3402.01 3394.13 3391.01 3408.99 3402.6
4128.79 4131.13 4135.17 4140.05 4145.87 4152.37 4157.45 4161.5 4163.67 4159.13 4139.46 4118.89 4120.94 4122.97 4124.51 4126.19 4124.6 4123.97 4138.12 4159.63 4169.09 4169.75 4170 4169.01 4168.97 4172.17 4171.24 4173 4171.65 4170.28 4171.46 4173.93 4177.1 4180.65 4186.19 4189.87 4192.51 4195.23 4197.6 4199.62 4200.87 4203.66 4216.04 4271.92 4310.96 4324.06 4366.7 4478.1 4571.98 4570.76 4305.94 4010.29 3785.33 3688.39 3632.05 3588.7 3550.39 3514.7 3480.03 3449.4 3423.74 3407.87 3413.53 3424.56 3439.29 3464.53 3454.19
4122.81 4125.25 4129.14 4132.69 4138.08 4142.53 4146.34 4148.92 4150.11 4145.26 4131.71 4118.78 4121.59 4123.32 4125.27 4127.69 4129.56 4127.4 4150.84 4178 4184.45 4180.75 4174.75 4165.72 4156.96 4166.36 4173.58 4171.23 4168.23 4166.15 4167.03 4172.05 4178.71 4189.31 4190.32 4191.95 4194.85 4197.81 4201.27 4205 4208.08 4211.21 4224.08 4279.06 4313.53 4337.16 4369.21 4473.54 4542.86 4523.46 4285.25 3996.66 3761.03 3662.72 3609.87 3569.1 3535.76 3504.76 3476.81 3451.14 3429.81 3420.41 3432.94 3451.57 3470.77 3474.79 3502.58
4116.73 4118.98 4122.73 4125.98 4129.46 4134.56 4136.79 4138.73 4139.43 4139.44 4143.38 4142.75 4129.54 4126.82 4127.94 4132.07 4137.08 4143.86 4163.41 4182.46 4190.22 4191.55 4185.08 4170.45 4159.16 4160.13 4163.09 4167.04 4163.88 4162.14 4161.41 4169.17 4175.72 4184.28 4187.88 4190.94 4195.34 4199.46 4204.28 4210.13 4217.46 4225.37 4232.15 4246.93 4281.68 4319.56 4423.39 4474.37 4489.29 4432.49 4237.78 3988.09 3762.9 3663.33 3604.7 3559.44 3528.51 3497.87 3475 3458 3441.55 3435.04 3453.84 3477.66 3491.11 3480.96 3483.12
4109.68 4113.17 4116.98 4120.13 4122.89 4125.52 4127.67 4129.95 4130.98 4131.77 4131.59 4130 4128.95 4127.21 4127.89 4132.5 4149.73 4165.44 4175.36 4189.64 4198.6 4207.45 4200.87 4184.23 4167.77 4165.14 4164.7 4159.47 4157.74 4159.24 4163.21 4166.63 4170.43 4175.65 4181.24 4187.08 4192.54 4198.43 4205.31 4215.14 4228.09 4243.92 4251.21 4237.56 4266.16 4325.42 4442.2 4458.59 4435.95 4353.35 4198.49 4000.48 3807.79 3694.37 3618.78 3566.43 3533.57 3505.46 3484.47 3468.69 3456.07 3452.52 3471.81 3508.74 3522.28 3527.95 3510.17
4104.85 4107.16 4109.75 4112.51 4114.95 4117.4 4119.3 4120.61 4121.63 4122.05 4123.8 4125.74 4126.07 4126.53 4127.47 4127.59 4132.3 4169.41 4175.24 4194.96 4226.61 4232.81 4219.28 4203.44 4183.49 4168.93 4164.4 4151.19 4150.92 4152.54 4156.66 4162.55 4166.28 4171.88 4178.91 4184.35 4190.51 4197.69 4207 4218.19 4233.49 4253.27 4259.37 4249.01 4270.98 4312.17 4386.9 4416.38 4398.13 4323.35 4193.2 4024.91 3868.84 3733.55 3643.19 3582.96 3543.23 3514.04 3492.05 3481.3 3472.68 3482.91 3512.2 3528.95 3492.35 3482.91 3527.45
4101.67 4102.47 4103.93 4105.65 4106.94 4108.53 4110.17 4111.44 4111.43 4113.08 4114.66 4121.16 4123.65 4127 4129.68 4130.15 4127.5 4137.53 4156.69 4179.63 4234.37 4243.35 4231.03 4219.42 4202.21 4171.6 4154.66 4145.59 4145.66 4148.19 4152.62 4157.35 4162.52 4168.84 4175.51 4181.29 4187.2 4196.94 4207.5 4219.62 4233.49 4248.16 4254.17 4255.89 4285.1 4325.78 4355.39 4388.44 4388.85 4340.02 4227.28 4054.68 3883.58 3745.07 3656.92 3595.46 3556.45 3525.95 3506.74 3486.98 3475.83 3489.71 3490.63 3476.99 3458.17 3470.22 3501.76
4098.43 4098.84 4099.66 4101 4101.96 4103.26 4104.55 4105.51 4106.41 4107.4 4109.21 4111.98 4119.47 4127.92 4133.94 4136.9 4144.36 4132.83 4136.5 4148.51 4177.26 4223.94 4223.51 4213.95 4199.43 4181.43 4154.39 4144.38 4142.94 4148.14 4152.08 4154.47 4158.22 4163.51 4171.36 4176.26 4183.98 4194.21 4204.39 4215.56 4227.69 4240.16 4254.82 4267.67 4289.8 4327.89 4370.16 4400.99 4404.73 4375.13 4275.82 4088.21 3890.53 3745.28 3670.88 3616.45 3575.98 3542.64 3514.25 3487.56 3470.78 3462.13 3450.88 3438.93 3439.33 3447.78 3459.25
4096.6 4097.18 4098.48 4100.15 4101.5 4102.36 4102.96 4103.51 4103.37 4103.35 4104.1 4107.27 4117.29 4130.15 4142.02 4151 4141.73 4125.35 4124.24 4125.32 4136.7 4191.26 4206.71 4212.21 4204.33 4187.81 4161.97 4143.1 4141.17 4144.04 4149.75 4151.81 4153.99 4155.94 4160.62 4166.52 4177.21 4188.35 4199.7 4210.92 4222.3 4232.44 4264.09 4285.48 4285.04 4318.38 4377.14 4415.99 4428.68 4404.26 4311 4129.91 3925.9 3767.76 3695.88 3642.65 3600.9 3563.6 3523.42 3493.05 3460.68 3428.88 3405.31 3402.55 3411.43 3414.6 3393.79
4094.72 4095.47 4096.52 4097.6 4098.89 4099.58 4100.3 4100.72 4101.08 4101.36 4103.65 4109.5 4120.01 4132.81 4147.5 4166.56 4162.35 4136.83 4127.83 4120.74 4124.88 4159.95 4187.96 4200.75 4202.65 4191.23 4169.53 4144.22 4144.59 4147.31 4151.15 4152.19 4152.43 4150.32 4143.53 4160.95 4173.48 4184.57 4194.93 4207.21 4221.61 4239.91 4270.37 4288.73 4295.3 4333.09 4391.68 4435.37 4458.7 4443.44 4361.9 4194.75 3997.79 3831.08 3741.91 3681.89 3632.8 3586.2 3541.44 3491.93 3446.97 3401.63 3375.12 3367.24 3369.5 3375.61 3370.75
4093.97 4095.7 4096.78 4098.16 4099.19 4099.83 4100.61 4100.84 4100.96 4101.25 4104.34 4113.08 4122.67 4131.4 4140.69 4141.65 4137.1 4148.49 4136.09 4124.31 4126.44 4146.05 4175.18 4202.29 4204.44 4197.8 4178.85 4162.33 4156.26 4156.18 4157.05 4155.67 4156.09 4157.25 4161.76 4167.23 4172.96 4179.72 4188.17 4199.71 4217.92 4248.71 4269.84 4283.28 4300.31 4344.49 4408.26 4456.84 4496.99 4497.08 4456.68 4280.97 4082.15 3898.48 3807.16 3742.56 3683.05 3626.74 3567.38 3506.7 3449.55 3396.82 3367.53 3365.06 3356.74 3366.49 3366.2
4096.78 4097.96 4098.8 4099.59 4099.95 4100.59 4100.87 4101.54 4102.21 4103.82 4107.23 4112.29 4119.92 4126.53 4132.07 4130.03 4130.43 4132.5 4129.15 4124.5 4123.49 4134.6 4163.32 4187.45 4197.15 4195.37 4181.56 4169.98 4168.76 4167.84 4163.51 4160.66 4160.41 4163.18 4169.71 4171.92 4172.64 4175.47 4179.76 4187.5 4199.55 4224.31 4260.81 4267.21 4280.35 4334.21 4415.77 4504.39 4526.05 4543.92 4508.26 4380.72 4190.6 3988.08 3893.57 3824.01 3755.39 3688.79 3617.34 3544.01 3473.44 3408.67 3382.29 3375.95 3372.4 3378.57 3380.59
4100.69 4100.21 4100.04 4100.88 4101.46 4102.35 4102.8 4103.14 4103.6 4104.3 4105.96 4107.86 4111.25 4120.12 4130.52 4137.84 4127.27 4126.13 4126.09 4126.41 4126.46 4133.18 4164.24 4182.4 4189.47 4182.03 4176.52 4183.75 4178.71 4168.5 4165.65 4163.98 4164.05 4166.37 4170.19 4171.83 4170.93 4170.9 4171.75 4173.57 4176.71 4188.76 4222.77 4235.54 4245.32 4305.81 4377.23 4440.95 4516.21 4586.1 4623.65 4523.15 4324.49 4115.13 4009.68 3934.83 3858.04 3771.77 3688.3 3598.54 3513.02 3430.27 3401.35 3384.01 3385.38 3388.5 3390.23
4102.56 4101.06 4100.62 4100.82 4102.18 4103.68 4104.28 4104.32 4104.36 4105.19 4105 4104.03 4104.93 4113.63 4121.87 4127.81 4129.82 4131.08 4134.12 4128.52 4131.81 4141.34 4175.19 4201.87 4188.42 4175.72 4167.92 4169.52 4167.68 4165.9 4164.4 4164.03 4164.93 4167.28 4169.68 4171.01 4168.7 4165.89 4164.02 4163.59 4164.38 4170.48 4184.24 4214.91 4242.29 4279.97 4325.65 4373.38 4471.56 4594.86 4703.34 4644.9 4458.79 4268.96 4157.33 4076.39 3985.41 3886.39 3779.4 3676.68 3573.37 3480.74 3424.75 3398.22 3411.88 3402.35 3397.13
4097.05 4100.2 4101.68 4103.63 4104.13 4105.05 4105.95 4106.63 4105.69 4104.12 4103.9 4103.79 4105.05 4109.44 4114.45 4116.27 4120.05 4122.51 4121.64 4124.36 4128.02 4132.69 4175.1 4191.12 4176.81 4164.55 4164.51 4158.44 4157.05 4161.68 4160.69 4160.8 4162.41 4164.74 4167.96 4169.84 4164.78 4161 4158.49 4157.36 4157.61 4165.3 4183.9 4210.79 4242.04 4257.19 4277.56 4302.27 4406.04 4551.33 4679.01 4680.28 4559.44 4428.72 4330.1 4236.71 4127.31 4006.25 3883.69 3767.13 3657.95 3580.02 3515.18 3460.96 3449.73 3442.47 3434.24
4098.98 4101.45 4103.91 4105.41 4106.41 4108.18 4109.17 4110.07 4111.01 4105.12 4107.32 4105.51 4104.38 4107.13 4111.16 4114.84 4116.66 4118.72 4121 4122.2 4127.76 4155.05 4184.87 4184.05 4167.73 4159.11 4163.67 4157.46 4152.53 4154.33 4155.45 4156.99 4158.76 4159.75 4160.73 4159.96 4158.14 4155.75 4153.84 4154.13 4156.12 4165.31 4182 4202.85 4225.18 4236.18 4248.13 4268.39 4352.98 4481.94 4583.13 4615.91 4614.92 4587.27 4523.56 4401.3 4265.32 4128.27 3997.79 3858.43 3727.06 3628.66 3582.27 3525.71 3503.35 3499.47 3497.24
4100.73 4102.98 4105.58 4107.86 4109.98 4111.14 4110.8 4112.74 4117.46 4124.39 4114.6 4108.88 4107.27 4107.85 4112.66 4112.7 4114.65 4117.51 4120.51 4119.69 4121.72 4136.43 4177.77 4184.3 4176.82 4172.21 4173.18 4160.65 4144.33 4147.34 4151.19 4153.81 4155.49 4155.25 4153.7 4153.81 4151.8 4151.4 4151.2 4152.68 4158.99 4164.2 4177.33 4195.11 4212.67 4223.19 4235.71 4261.5 4325.6 4421.89 4505.29 4565.73 4633.11 4692.84 4675.9 4527.77 4376.83 4240.83 4110.58 3977.81 3825.07 3660.77 3624.36 3559.01 3553.3 3529.19 3498.72
4105.71 4106.23 4107.18 4108.89 4110 4112.45 4114.49 4115.18 4115.03 4115.55 4114.88 4112.2 4107.08 4106.89 4107.76 4108.26 4111.26 4113.98 4118.48 4114.29 4112.12 4122.9 4162.39 4179.14 4189.79 4189.44 4183.91 4168.27 4148.01 4149.39 4154.32 4156.1 4155.44 4152.36 4149.23 4147.62 4145.54 4146.32 4147.89 4150.04 4155.02 4165.23 4178.53 4198.18 4210.41 4217.67 4231.96 4257.2 4305.71 4379.81 4452.59 4531.24 4603.6 4684.45 4698.37 4579.73 4452.08 4331.83 4220.29 4105.99 3980.48 3850 3737.93 3622.17 3597.28 3584.52 3529.44
4108.25 4106.4 4107.45 4109.05 4112.26 4115.7 4117.68 4117.22 4114.43 4113.93 4116.74 4118.82 4120.29 4122.94 4123.11 4113.39 4108.55 4108.85 4108.13 4105.39 4102.79 4108.11 4152.04 4175.56 4198.34 4198.25 4193.04 4183.39 4168.2 4163.29 4164.28 4162.69 4158.99 4153.66 4147.62 4140.86 4140.98 4142.87 4145.04 4147.61 4153.59 4169.56 4181.51 4191.42 4204.39 4215.28 4230.49 4254.6 4293.69 4347.64 4399.25 4438.74 4529.71 4611.64 4646.09 4563.7 4471.98 4389.65 4315.87 4246.47 4164.61 4047.76 3939.64 3815.02 3775.75 3737.27 3620.44
4109.89 4108.45 4107.05 4109.8 4113.77 4118.17 4122.4 4124.12 4116.75 4115.88 4123.27 4126.04 4129 4127.54 4114.09 4101.7 4104.4 4104.74 4103.9 4101.1 4097.12 4094.31 4109.71 4157.06 4188 4193.71 4190.52 4191.52 4194.71 4185.24 4177.97 4170.54 4163.38 4155.76 4148.78 4144.61 4142.21 4141.81 4143.78 4148.54 4155.83 4177.68 4184.93 4189.94 4199.34 4211.08 4227.19 4250.81 4287.05 4325.08 4366.33 4405.63 4463.54 4501.74 4509.48 4477.79 4444.8 4410.92 4379.96 4368.27 4377.17 4311.82 4198.65 4053.77 3994.74 3956.2 3780.11
4110.54 4105.48 4104.36 4106.49 4111.22 4117.25 4126.15 4137.14 4146.57 4141.91 4135.17 4129.3 4122.55 4110.51 4101.36 4101.33 4102.65 4103.68 4103.43 4101.2 4097.34 4094.32 4101.44 4134.76 4171.07 4175.69 4177.63 4180.87 4200.58 4203.41 4190.59 4178.48 4167.69 4158.08 4150.11 4145.07 4141.54 4141.52 4145.01 4154.37 4169.2 4181.69 4188.94 4190.28 4197.72 4206.61 4219.87 4240.55 4271.49 4305.24 4345.18 4389.81 4410.42 4401.45 4363.25 4382.87 4395.28 4395.06 4396.3 4424.68 4494.18 4555.06 4440.09 4329.07 4242.75 4213.94 4047.34
4107.96 4103.59 4100.82 4102.96 4107.72 4114.99 4127.11 4143.37 4164.95 4159.06 4141.7 4131.39 4123.33 4114.28 4100.74 4103.34 4107.19 4106.74 4105.29 4103.97 4098.78 4097.15 4099.63 4111.17 4128.46 4152.69 4166.21 4173.08 4189.68 4208.79 4196.24 4182.6 4171.1 4159.88 4150.93 4144.59 4141.09 4140.56 4143.27 4152.01 4170.22 4193.54 4194.29 4197.84 4195.85 4199.65 4207.36 4221.58 4242.18 4274.7 4314.98 4353.63 4363.11 4346.63 4328.39 4334.41 4355.92 4373.45 4389.45 4404.19 4402.91 4439.25 4512.59 4516.99 4500.55 4484.33 4330.5
4101.36 4093.98 4094.53 4097.69 4103.26 4110.17 4119.72 4133.76 4153.71 4145.89 4135.71 4128.07 4124.68 4130.26 4136.29 4126.36 4116.19 4110.12 4105.65 4100.85 4099.34 4097.83 4096.51 4098.29 4111.79 4136.3 4158.54 4177.92 4190.09 4199.12 4193.54 4183.55 4172.51 4161.09 4150.49 4143.14 4139.79 4137.56 4139.88 4142.62 4158.18 4180.61 4185.29 4189.04 4186.19 4186.72 4190.16 4197.57 4210.04 4240.8 4279.95 4314.15 4329.76 4320.22 4301.5 4309.31 4333.28 4350.66 4363.14 4377.32 4385.05 4390.12 4441.36 4504.14 4548.99 4473.6 4489.1
4096.78 4091.81 4090.17 4092.21 4096.04 4100.85 4105.05 4107.62 4102.44 4117.69 4119.99 4118.56 4117.63 4118.55 4134.53 4131.26 4119.39 4111.76 4105.16 4094.91 4097.51 4094.82 4091.12 4094.93 4106.62 4126.89 4150.93 4176.52 4184.53 4184.48 4187.91 4181.98 4172.08 4161.16 4149.87 4138.94 4130.78 4134.36 4139.11 4146.94 4151.44 4159.29 4167.33 4170.88 4172.56 4172.24 4172.5 4175.32 4183.86 4208.87 4247.91 4287.16 4310.15 4310.37 4305.92 4313.82 4331.57 4342.3 4345.08 4345.6 4346.49 4357.57 4365.93 4389.98 4382.71 4385.86 4433.43
4104.39 4095.22 4083.77 4086.25 4089.37 4091.78 4092.41 4090.16 4086.9 4096.8 4104.66 4107.85 4107.48 4104.05 4106.21 4115.15 4114.62 4110.73 4107.53 4108.71 4100.61 4093.45 4088.02 4095.09 4103.91 4118.75 4137.83 4159.87 4176.2 4186.64 4186.09 4181.4 4172.63 4161.93 4150.55 4139.8 4133.43 4133.36 4137.38 4145.11 4148.1 4150.79 4155.83 4160.34 4160.84 4159.94 4158.43 4156.3 4157.93 4177 4217.82 4257.77 4287.45 4305.27 4322.39 4337.95 4339.36 4335.77 4331.11 4320.43 4309.1 4321.7 4319.67 4325.43 4329.72 4331.34 4350.21
4104.6 4096.85 4084.55 4084.43 4086.25 4087.53 4087.39 4085.41 4085.65 4090.75 4097.19 4099.09 4102.31 4104.35 4106.92 4109.25 4108.54 4106.58 4104.69 4103.98 4096.95 4089.07 4088.67 4094.12 4100.42 4108.54 4117.85 4134.57 4158.17 4173.52 4183.19 4178.47 4171.02 4162.21 4151.56 4140.93 4132.24 4132.68 4135.44 4134.21 4138.46 4143.41 4147.37 4151.44 4151.52 4149.4 4146.25 4143.39 4144.92 4160.67 4191.55 4230.79 4275.46 4290.4 4319.51 4343.51 4338.56 4333.98 4327.41 4317.09 4312.11 4311.62 4315.05 4291.77 4271.39 4267.96 4285.94
4093.09 4085.98 4084.38 4084.1 4084.93 4085.94 4086.15 4085.43 4085.75 4089.85 4094.2 4098.16 4100.73 4106.41 4107.6 4106.48 4105.07 4101.99 4097.64 4090.68 4090.05 4093.28 4090.66 4092.06 4096.52 4100.04 4100.26 4096.06 4125.71 4164.94 4173.77 4172.12 4167.78 4160.71 4152.2 4144.17 4136.08 4138.34 4140.49 4140.91 4135.89 4139.41 4146.08 4148.31 4146.37 4143.64 4140.27 4135.76 4133.18 4139.04 4167.52 4194.87 4213.61 4255.4 4292.14 4314.28 4327.36 4326.91 4323.44 4320.84 4313.34 4290.66 4265.79 4257.95 4244.62 4242.41 4247.23
4089.82 4088.12 4085.08 4084.71 4085.72 4086.87 4087.86 4088.44 4089.09 4090.52 4092.7 4095.21 4098.02 4103.61 4106.23 4104.13 4100.66 4097.08 4092.69 4087.99 4087.56 4090.96 4091.96 4098.15 4096.16 4097.39 4098.94 4098.52 4100.06 4130.12 4156.38 4167.39 4166.37 4162.49 4156.23 4150.93 4150.11 4150.81 4151.45 4149.42 4148.85 4147.08 4144.22 4147.64 4145.34 4142.23 4138.55 4134.78 4132.42 4137.48 4154.84 4171.87 4190.06 4227.01 4270.34 4309.34 4315.85 4313.47 4313.05 4312.88 4300.09 4274.43 4248.73 4240.86 4235.66 4231.91 4230.5
4089.34 4086.03 4085.13 4086.11 4087.63 4089.31 4091.72 4091.53 4091.88 4091.93 4092.11 4092.82 4094.11 4095.61 4099.13 4098.95 4096.96 4094.01 4090.32 4086.94 4084.67 4083.6 4087 4092.25 4095.01 4096.49 4099.64 4099.05 4099.46 4138.23 4163.51 4168.63 4167.29 4163.02 4158.54 4156.06 4156.45 4160.65 4165.33 4166.25 4160.5 4157.86 4158.19 4153.02 4149.34 4145.07 4139.81 4137.34 4138.46 4147.31 4152.37 4160.87 4175.52 4203.73 4242.55 4280.6 4286.9 4288.1 4290.08 4292.77 4282.96 4259.26 4241.5 4228.3 4225.64 4224.49 4217.29
