real_craters/C097-300m.grd
DSAA
217 217
-32.4625 32.4625
-32.4625 32.4625
3177.936434439 4723.1376238505
[rows 180 to 209 of 217, columns 67 to 133 of 217]
4083.83 4086.31 4089.06 4090.37 4093.48 4091.55 4092.12 4089.87 4089.71 4090 4088.22 4087.9 4087.42 4087.65 4087.84 4086.4 4084.02 4081.54 4079.67 4083.91 4096.05 4108.18 4117.33 4119.25 4112.51 4110.58 4103.19 4093.99 4087.68 4086.88 4080.05 4074.6 4073.28 4074.75 4076.07 4077.34 4078.48 4079.67 4081.08 4082.87 4084.84 4086.23 4091.17 4099.86 4106.62 4113.77 4120.42 4130.69 4131.04 4129.92 4137.56 4144.99 4152.6 4164.2 4164.73 4158.2 4154.54 4154.73 4155.13 4153.86 4152.46 4151.4 4151.96 4153.35 4153.62 4158.61 4158.31
4084.56 4087.91 4090.64 4090.4 4089.59 4086.54 4084.3 4083.95 4083 4082.21 4083.36 4081.89 4080.9 4081.78 4080.8 4079.52 4077.61 4076.67 4076.69 4081.96 4091.93 4103.76 4113.48 4118.57 4118.02 4113.59 4104.81 4093.71 4091.49 4083.88 4079.58 4077.12 4075.93 4076.26 4076.6 4077.07 4077.73 4078.35 4078.63 4079.02 4079.13 4079.44 4084.36 4094.13 4105.87 4119.29 4131.2 4136.47 4134.47 4140.11 4141.4 4142.11 4149.79 4157.01 4151.89 4146.53 4141.68 4141.56 4144.71 4146.35 4146.69 4147.13 4147.85 4148.3 4147.58 4147.09 4149.39
4085.68 4088.53 4088.55 4087.23 4084.45 4084.61 4084.72 4083.36 4082.47 4081.61 4081.32 4079.23 4077.74 4075.62 4072.61 4072.22 4071.05 4070.29 4072.52 4078.4 4088.07 4101.85 4114.93 4124.75 4128.76 4124.99 4112.33 4095.84 4087.27 4079.75 4079.44 4079.76 4079.17 4078.62 4078.18 4077.76 4077.42 4076.99 4076.72 4076.14 4075.44 4075.2 4080.58 4089.1 4097.77 4109.07 4126.8 4124.2 4123.91 4128.61 4128.82 4129.6 4132.47 4131.87 4134.35 4134.78 4132.99 4134.32 4137.56 4139.86 4141.36 4142.51 4143.58 4145.93 4145.34 4145.37 4145.81
4089.07 4091.22 4088.21 4086.59 4086 4085.7 4084.95 4083.33 4081.84 4078.3 4074.64 4074.08 4072.59 4068.67 4067.17 4065.61 4065.18 4065.41 4067.26 4071.21 4084.11 4100.74 4118.6 4134.83 4145.99 4142.75 4124.71 4103.16 4087.9 4080.5 4083.91 4085.14 4083.52 4081.37 4079.57 4078.3 4077.1 4076.24 4075.2 4074.23 4073.82 4074.49 4078.66 4085.53 4093.23 4102.44 4111.33 4103.76 4105.28 4104.72 4107.24 4114.11 4115.67 4117.94 4124.76 4127.13 4127.47 4129.07 4132.08 4134.89 4137.13 4138.84 4140.93 4143.02 4144.2 4146.93 4145.65
4095.56 4094.88 4090.35 4087.28 4084.64 4085.42 4081.91 4079.67 4076.88 4075.13 4073.03 4071.41 4068.75 4067.65 4065.94 4061.44 4061.25 4061.19 4063.3 4068.21 4081.7 4099.91 4121.25 4143.24 4166.87 4170.28 4135.86 4107.23 4095.43 4094.94 4095.01 4093.46 4087.93 4083.52 4080.93 4078.74 4076.81 4075.52 4074.65 4073.43 4073.12 4074.9 4077.43 4082.65 4090.13 4105.16 4103.93 4092.17 4092.76 4094.3 4098.33 4106.83 4113.76 4123.13 4123.48 4123.2 4123.34 4125.52 4128.1 4130.5 4132.84 4135.37 4137.33 4138.98 4141.82 4148.25 4146.13
4102.03 4098.27 4091.97 4087.57 4085.3 4082.27 4079.1 4076.49 4074.06 4071.08 4068.75 4067.77 4065.66 4063.23 4061.41 4060.31 4059.69 4059.68 4061.42 4067.6 4079.87 4097.51 4118.78 4140.75 4162.81 4163.95 4133.49 4105.83 4098.09 4099.89 4099.92 4097.36 4089.27 4084.64 4082.14 4079.93 4077.31 4075.36 4074 4072.67 4072 4071.4 4075.4 4079.08 4082.45 4082.65 4088.91 4085.52 4087.83 4092.29 4098.29 4105.03 4112.68 4118.73 4120.67 4121.16 4121.03 4124.09 4126.68 4128.33 4130.09 4131.82 4133.55 4135.24 4137.93 4143.16 4144.95
4106.99 4099.48 4091.57 4086.26 4082.77 4081.27 4076.71 4072.63 4069.91 4068.07 4065.04 4063.16 4061.22 4060.3 4058.67 4057.13 4056.62 4057.08 4058.82 4063.94 4075.12 4092.82 4112.56 4129.72 4137.22 4130.46 4130.55 4117.83 4107.38 4104.16 4096.51 4087.93 4087.2 4084.89 4081.89 4079.42 4077.45 4075.65 4073.47 4072.6 4072.62 4074.13 4074.52 4076.62 4078.18 4079.45 4080.68 4082.78 4086.98 4093.1 4099.56 4103.97 4106.79 4111.69 4118.13 4121.69 4123.77 4124 4125.18 4126.48 4127.43 4128.3 4129.97 4132.57 4135.74 4140.19 4143.24
4108.31 4097.44 4087.51 4082.54 4078.32 4077.08 4070.71 4067.47 4065.1 4062.29 4060.01 4058.66 4056.64 4055.21 4053.76 4052.92 4053.5 4054.78 4056.45 4060.03 4070.18 4087.75 4106.42 4122.11 4132.18 4137.35 4142.59 4132.87 4113.26 4097.63 4086.48 4086.69 4085.93 4084.45 4082.47 4080.96 4078.71 4075.96 4074.51 4072.58 4071.42 4071.64 4073.96 4076.05 4077.49 4077.74 4079.08 4082.83 4088.11 4094.1 4099.74 4104.65 4109.29 4114.19 4118.52 4120.9 4122.61 4123.7 4124.42 4125.09 4125.76 4126.33 4127.58 4129.83 4136.64 4138.87 4140.72
4095.77 4088.55 4082.15 4078.15 4073.9 4075.34 4072.04 4068.79 4066.65 4064.34 4061.71 4054.72 4052.7 4052.95 4051.71 4050.62 4051 4051.9 4054.67 4058.67 4068.15 4084.12 4102.09 4119.07 4134.75 4147.98 4143.28 4133.7 4117.54 4099.36 4087.95 4088.29 4087.19 4086.15 4084.32 4081.79 4079.33 4077.13 4074.95 4073.31 4071.62 4071.58 4074.34 4077.14 4079.66 4079.13 4079.97 4083.93 4089.49 4095.86 4102.52 4106.29 4109.52 4116.03 4118.7 4121.44 4122.43 4122.86 4123.29 4123.82 4124.55 4124.9 4126.53 4127.23 4121.91 4133.21 4137.12
4075.77 4077.33 4074.98 4072.59 4072.4 4072.36 4070.62 4068.35 4065.89 4063.89 4061.79 4059.96 4055.81 4054.48 4048.8 4048.21 4049.97 4051.04 4053.84 4057.99 4065.91 4081.24 4098.72 4115.81 4131.24 4140.55 4133.65 4135.25 4123.4 4107.69 4095.31 4093.65 4091.38 4088.28 4085.53 4083 4080.46 4078.88 4076.86 4075.4 4075.06 4074.61 4076.08 4078.89 4083.08 4085.65 4079.31 4084.19 4089.82 4096.41 4104.06 4107.07 4109.34 4113.16 4117.09 4120.09 4121.37 4121.57 4121.88 4122.5 4124.15 4127.15 4127.76 4130.01 4134 4132.3 4133.71
4066.03 4069.56 4070.09 4069.36 4070.94 4069.89 4066.66 4064.7 4062.67 4060.68 4058.65 4056.75 4056.95 4055.58 4052.4 4051.16 4048.27 4051.8 4053.91 4057.4 4065.42 4079.44 4095.88 4112.56 4127.34 4136.32 4133.83 4138.84 4129.38 4116.76 4110.03 4102.62 4096.64 4091.95 4088.23 4085.55 4082.94 4080.64 4078.47 4077.93 4078.53 4077.17 4077.17 4079.09 4082.24 4083.75 4083.52 4086.29 4090.41 4094.4 4098.04 4102.03 4109.52 4113.82 4115.51 4116.57 4118.19 4119.25 4119.75 4120.35 4121.41 4123.36 4126.13 4129.27 4131.38 4126.93 4130.33
4064.67 4066.29 4069.36 4068.41 4068.47 4067.89 4065.84 4064.39 4062.82 4061.12 4059.37 4056.73 4053.96 4052.61 4052.94 4053.44 4053.11 4053.43 4055.05 4059.03 4065.69 4077.6 4092.53 4108.76 4124.83 4138.29 4146.37 4143.65 4136.25 4123.4 4115.66 4110.02 4102.05 4096.68 4092.47 4089.51 4085.97 4083.41 4081.18 4079.2 4077.13 4076.91 4076.86 4077.6 4079.63 4082.39 4085.2 4088.09 4090.69 4091.98 4092.96 4096.93 4109.49 4112.82 4113.89 4115.85 4116.23 4117.08 4117.72 4117.99 4117.99 4118.33 4121.79 4125.02 4127.07 4125.5 4128.18
4063.85 4065.31 4067.62 4067.61 4068.31 4068.4 4066.86 4064.35 4064.93 4063.7 4061.65 4060.32 4057.91 4056.59 4052.01 4054.06 4054.13 4054.58 4054.55 4059.64 4064.46 4075.25 4089.66 4105.37 4121.61 4137.28 4152.47 4154.72 4145.16 4132.67 4118.09 4112.12 4107.27 4103.05 4098.79 4094.39 4090.35 4087.02 4083.51 4080.25 4080.07 4076.92 4076.05 4076.28 4076.67 4080.87 4086.78 4088.9 4089.24 4090.01 4092.67 4095.53 4102.3 4109.47 4111.71 4111.05 4113.79 4115.16 4115.84 4116.06 4116.01 4116.94 4118.92 4121.15 4124.57 4127.11 4127.12
4063.97 4065.34 4067.1 4066.53 4067.09 4067.27 4065.89 4065.15 4064.03 4062.67 4061.6 4060.44 4058.52 4057.57 4056.16 4055.83 4055.96 4056.34 4057.79 4060.72 4064.33 4073.65 4086.38 4100.57 4115.38 4132.18 4147.15 4153.89 4154.64 4147.17 4131.42 4120.17 4114.32 4110.46 4106.51 4101.95 4097.09 4091.71 4087.03 4080.5 4076.27 4076.08 4076 4076.26 4077.18 4081.75 4089.19 4088.29 4085.8 4087.14 4090.06 4092.45 4099.9 4107.6 4111.58 4111.3 4113.36 4114.67 4114.86 4114.98 4114.8 4115.56 4117.16 4118.22 4120.66 4122.64 4127.16
4063.94 4065.67 4066.95 4066.85 4067.47 4067.51 4067.43 4064.27 4063.34 4062.15 4060.98 4059.96 4058.69 4057.9 4057.46 4057.05 4057.2 4058.04 4059.59 4062.03 4065.93 4073.01 4082.31 4093.24 4104.69 4120.77 4144.6 4158.77 4163.09 4165.76 4152.16 4132.45 4123.39 4118.01 4115.57 4111.08 4106.33 4099.49 4091.57 4082.87 4077.27 4077.28 4077.33 4077.82 4078.12 4081.04 4084.75 4084.39 4083.69 4085.6 4088.03 4090.27 4097.15 4108.92 4116.59 4117.23 4115.5 4114.89 4114.24 4114.01 4113.72 4114.79 4116.87 4118.29 4120.63 4127.38 4128.07
4064.13 4065.8 4067.48 4068.75 4069.1 4069.64 4067.26 4067 4064.38 4063.63 4062.58 4061.89 4060.35 4059.63 4059.19 4058.9 4058.77 4058.26 4059.83 4062.29 4066.61 4071.75 4077.54 4082.91 4089.5 4098.95 4115.26 4140.99 4163.13 4177.96 4163.47 4138.27 4131.82 4127.95 4124.61 4120.15 4115.16 4107.43 4097.95 4089.21 4084.26 4081.48 4080.38 4080.41 4081.84 4080.25 4078.7 4080.7 4084.29 4086.85 4089.61 4095.76 4102.23 4111.98 4120.51 4119.44 4116.96 4114.84 4113.36 4112.58 4112.01 4113.27 4116.69 4121.62 4119.86 4115.48 4120.14
4065.3 4066.94 4068.35 4068.66 4069.96 4070.47 4068.19 4067.86 4065.33 4064.01 4062.93 4062.18 4061.55 4061.83 4061.12 4060.37 4060.33 4060.84 4061.78 4063.02 4066.27 4069.59 4072.61 4074.22 4075.39 4076.4 4090.01 4121.24 4156.56 4181.39 4169.7 4145.29 4139.97 4138.49 4134.9 4130.31 4124.09 4116.4 4106.39 4095.29 4089.49 4087.09 4084.66 4082.5 4080.7 4079.73 4080.28 4083.55 4087.85 4090.84 4091.22 4096.73 4104.89 4112.21 4116.57 4116.52 4115.93 4113.8 4111.96 4111.22 4111.58 4110.97 4112.61 4117.99 4117.94 4122.23 4121.6
4066.79 4068.73 4069.62 4070.38 4070.71 4071.01 4070.91 4070.85 4067.38 4066.84 4066.18 4066.32 4065.39 4064.49 4063.87 4063.68 4063.38 4063.25 4063.66 4064.13 4064.94 4067.08 4068.55 4068.29 4067.22 4065.08 4064.65 4099.79 4145.92 4184.29 4175.2 4151.16 4151.14 4149.02 4144.82 4139.68 4133.78 4126.86 4118.27 4107.93 4101.16 4095.6 4090.33 4085.36 4080.85 4079.23 4079.56 4084.28 4094.01 4099.22 4094.96 4097.17 4104.19 4110.75 4117.31 4117.91 4114.14 4111.21 4109.2 4108.39 4108.13 4106.9 4104.12 4105.56 4112.91 4118.5 4127.25
4069.53 4070.96 4071.09 4071.05 4071.21 4071.21 4070.81 4070.6 4070.34 4070.8 4070.43 4070.56 4070.04 4069.33 4063.98 4063.35 4063.18 4062.99 4063.86 4063.47 4064.48 4065.3 4066.19 4065.44 4065.09 4065.88 4063.87 4084.49 4128.92 4170.11 4174.43 4171.5 4165.74 4159.12 4152.77 4147.35 4142.7 4137.96 4132.3 4125.01 4116.01 4105.94 4096.87 4088.9 4083.46 4078.82 4076.95 4080.41 4096.67 4105.6 4096.41 4097.26 4103.41 4105.25 4110.24 4114.07 4108.93 4106.45 4105.4 4105.22 4105.76 4106.78 4102.6 4101.68 4115.1 4123.12 4135.9
4069.5 4071.12 4072.06 4072.25 4072.17 4071.81 4071.51 4071.16 4071.08 4070.72 4070.29 4069.66 4069.16 4068.81 4068.32 4067.62 4067.26 4067.07 4066.05 4064.93 4064.97 4065.6 4064.84 4064.21 4064.4 4065.91 4066.74 4075.09 4104.62 4137.88 4159.56 4176.82 4173.57 4164.04 4156.39 4151.37 4148.87 4148.02 4146.64 4138.4 4129.65 4115.97 4102.63 4090.68 4082.65 4078.73 4076.67 4079.01 4090.86 4098.67 4096.16 4102.22 4104.08 4095.99 4088.23 4096.32 4098.63 4100.06 4101.73 4103.4 4107.5 4115.99 4122.51 4125.73 4130.85 4136.36 4150.1
4069.56 4071.31 4073.13 4073.36 4073.09 4072.67 4072.27 4071.62 4071.17 4070.67 4070.21 4069.95 4069.43 4068.65 4067.98 4067.66 4067 4066.2 4065.48 4064.24 4063.43 4062.26 4062.51 4062.92 4063.68 4065.44 4066.29 4068.37 4079.24 4099.09 4134.64 4162.92 4167.54 4158.91 4152.41 4149.48 4150.2 4153.72 4159.8 4164.57 4142.97 4123.06 4106.26 4093.69 4084.79 4079.22 4077.06 4078.49 4080.86 4084.25 4093.05 4105.1 4105.03 4090.68 4079.08 4082.21 4089.16 4094.47 4099.24 4103.37 4110.68 4127.93 4149.43 4153.37 4150.67 4155.89 4167.43
4072.93 4075.49 4075.12 4074.35 4073.67 4073.15 4072.68 4072.02 4071.45 4070.61 4070.03 4069.56 4068.99 4068.35 4067.75 4067.08 4066.21 4065.58 4064.87 4063.81 4062.63 4061.52 4061.49 4062.31 4062.99 4063.95 4065.87 4067.7 4067.3 4078.69 4110.34 4138.97 4147.21 4141.98 4139.64 4140.41 4144 4150.41 4159.95 4165.53 4144.04 4123.45 4105.58 4090.86 4083.48 4079.48 4076.82 4074.53 4073.48 4074.54 4091.3 4106.81 4101.81 4086.3 4076.19 4077.57 4083.79 4091.1 4098.97 4107.62 4116.91 4130.57 4154.18 4159.04 4160.49 4168.92 4180.55
4075.17 4079.54 4075.67 4074.37 4073.83 4073.5 4073.21 4072.51 4071.92 4071.27 4070.63 4069.57 4068.93 4068.26 4067.57 4066.87 4066.19 4065.4 4064.68 4063.64 4062.6 4062.2 4062.03 4062.29 4063.25 4064.2 4066.36 4068.91 4068.74 4075.32 4089.24 4101.44 4108.62 4115.57 4121.08 4126.14 4131.29 4137.54 4144.03 4144.5 4132.96 4116.99 4101.72 4089.07 4083.66 4081.37 4079.27 4076.36 4074.16 4074 4088.39 4094.15 4088.39 4078.81 4072.59 4074.6 4081.06 4089.45 4098.86 4109.34 4116.74 4121.34 4125.25 4143.26 4158.25 4174.18 4188.03
4070.95 4069.74 4071.61 4073.09 4073.76 4073.75 4073.45 4072.89 4072.32 4071.71 4071.08 4070.18 4069.46 4068.52 4067.91 4067.27 4066.38 4065.49 4064.64 4063.97 4063.25 4063.31 4063.21 4062.56 4061.89 4066.36 4069.08 4069.22 4068.71 4070.45 4073.6 4072.83 4074.34 4091.32 4102.38 4109.85 4115.06 4119.16 4122.13 4122.13 4117.03 4107.59 4096.94 4088.73 4086.02 4085.92 4085.97 4085.51 4082.83 4078.47 4075.97 4075.46 4075.93 4073.58 4072.02 4074.1 4080.75 4089.3 4098.04 4105.54 4110.66 4112.29 4115.91 4131.59 4150.88 4171.36 4187.22
4068.1 4064.11 4069.76 4073.17 4073.98 4073.94 4073.64 4073.15 4072.44 4071.8 4071.08 4070.33 4069.69 4069.03 4068.32 4067.39 4066.37 4065.68 4065.14 4064.35 4063.75 4064.11 4064.54 4063.69 4064.14 4069 4070.17 4069.16 4068.61 4067.4 4066.14 4064.6 4067.98 4078.01 4087.79 4094.82 4099.22 4101 4100.34 4101.69 4103.38 4099.81 4093.5 4088.35 4090.97 4093.87 4095.52 4095.93 4092.79 4087.05 4076.48 4074.32 4073.42 4074.85 4075.78 4077.97 4083.38 4091.2 4099.49 4107.22 4109.91 4109.32 4109.73 4124.62 4140.65 4158.61 4183.35
4072.07 4075.61 4076.15 4075.26 4074.75 4074.02 4073.43 4072.99 4072.49 4071.85 4071.3 4070.65 4069.89 4069.13 4068.18 4067.61 4066.92 4065.87 4065.14 4064.49 4063.87 4063.44 4063.08 4064.38 4066.32 4069.45 4069.59 4068.41 4067.38 4065.61 4063.98 4063.31 4064.52 4072.25 4078.48 4083.44 4086.67 4087.59 4086.72 4090.74 4096.49 4097.57 4095.08 4094.27 4099.8 4104.65 4107.17 4106.44 4102.17 4097.98 4091.33 4081.88 4080.28 4082.25 4081.73 4082.53 4086.52 4094.59 4103.43 4111.1 4115.05 4115.06 4115.79 4122.14 4129.04 4134.02 4144.73
4075.23 4081.08 4080.14 4076.79 4075.22 4074.33 4073.55 4072.97 4072.12 4071.14 4070.72 4070.05 4069.25 4068.5 4067.78 4067.07 4066.43 4066.34 4065.73 4065.01 4064.15 4063.3 4062.76 4066.23 4069.37 4069.96 4069.06 4066.74 4066.08 4064.64 4063.53 4064.33 4069.29 4070.07 4072.81 4075.76 4078.04 4079.51 4082.01 4088.46 4096.98 4103.41 4105.27 4106.46 4114.12 4119.31 4122.76 4123.76 4120.1 4112.1 4110.63 4096.67 4095.01 4089.46 4087.91 4084.39 4088.83 4100.75 4111.18 4117.31 4125.94 4128.22 4126.41 4124.69 4121.47 4116.78 4118.75
4074.2 4075.75 4075.61 4075.32 4074.43 4073.87 4073.26 4072.66 4072.2 4071.62 4071.08 4070.48 4069.76 4068.99 4068.03 4067.72 4066.6 4066.17 4065.8 4065.39 4064.98 4065.03 4066.02 4068.99 4073.34 4072.71 4069.66 4066.37 4065.36 4064.09 4063.34 4063.74 4064.17 4066.8 4069.26 4071.18 4072.87 4074.89 4080.07 4090.02 4102.62 4114.58 4125.71 4130.37 4131.88 4135.4 4140.13 4145.04 4144.8 4139.53 4139.49 4124.24 4118.39 4114.04 4102.82 4096 4099.6 4112.24 4126.41 4140.33 4143.9 4147.67 4142.81 4131.16 4119.71 4110.05 4108.28
4072.03 4071.88 4072.03 4073.46 4073.62 4073.05 4072.57 4072.1 4071.34 4071.03 4070.6 4069.85 4069.28 4069.41 4068.88 4067.59 4067.82 4067.45 4067.12 4066.84 4066.58 4067.08 4067.86 4069.67 4071.91 4072.79 4070.57 4067.23 4064.83 4063.76 4063.49 4063.82 4065.36 4066.13 4067.95 4069.67 4070.97 4072.55 4077.13 4093.03 4110.21 4126.28 4139.39 4144.91 4145.61 4147.72 4153.27 4164.94 4179.27 4165.4 4170.38 4158.91 4141.5 4125.48 4120.29 4115 4116.85 4127.31 4136.75 4147.24 4159.78 4164.24 4155.71 4138.27 4120.87 4108.41 4104.4
4071.33 4071.87 4072.63 4072.94 4072.94 4072.5 4072.1 4071.63 4071.15 4070.72 4070.14 4070.09 4069.62 4068.81 4068.52 4068.21 4067.87 4067.62 4067.5 4068.1 4068.18 4069.11 4070.81 4070.21 4070.64 4073.98 4072.01 4068.76 4064.81 4064.36 4064.65 4065.27 4065.43 4066.7 4069.49 4071.05 4072.27 4074.11 4080.17 4098 4118.6 4138.49 4149.44 4154.81 4153.83 4152.47 4154.83 4165.12 4186.48 4198.53 4194.76 4173.92 4156.49 4145.99 4138.56 4134.31 4137.19 4146.89 4153.74 4161.1 4175.74 4180.47 4166.48 4144.15 4122.1 4105.41 4107.74
