real_craters/C097-300m.grd
DSAA
217 217
-32.4625 32.4625
-32.4625 32.4625
3177.936434439 4723.1376238505
[rows 30 to 59 of 217, columns 134 to 200 of 217]
4220.44 4205.69 4190.04 4178.16 4181.51 4183.13 4179.48 4177.15 4174.78 4172.9 4171.31 4170.29 4169.53 4168.69 4167.36 4164.21 4156.49 4150.55 4154.32 4151.39 4150.62 4148.16 4147.18 4145.64 4144.89 4144.66 4144.34 4143.79 4142.76 4141.24 4140.95 4140.77 4141.01 4141.11 4141.19 4141.29 4141.41 4141.55 4141.31 4140.2 4139.58 4139.05 4138.71 4138.16 4137.84 4136.51 4134.94 4133.24 4131.17 4128.79 4126.29 4125.37 4125.05 4124.53 4123.85 4123.05 4122.36 4121.41 4120.57 4120.55 4120.91 4119.17 4118.44 4118.2 4118.23 4118.24 4117.84
4228.04 4212.42 4195.68 4181.2 4182.23 4183.96 4184.56 4178.86 4175.18 4172.78 4170.52 4169.32 4168.36 4167.24 4165.61 4162.34 4157.02 4151.58 4155.07 4153.84 4151.92 4149.24 4146.18 4143.96 4143.27 4143.44 4143.67 4143.73 4143.4 4142.49 4143.05 4142.53 4141.78 4141.54 4141.39 4141.29 4141.17 4141.02 4140.73 4139.98 4139.12 4138.62 4138.49 4138.53 4137.55 4136.21 4134.75 4133.25 4131.48 4129.6 4127.95 4126.63 4125.55 4124.63 4123.78 4122.86 4121.87 4120.75 4119.58 4117.96 4117.51 4117.99 4118.12 4118.12 4118.06 4117.49 4116.73
4234.15 4220.29 4206.62 4194.1 4188.25 4183.79 4182.53 4178.07 4173.86 4170.99 4169.05 4167.9 4166.93 4165.71 4164.54 4162.86 4160.14 4155.44 4150.99 4154.83 4153.86 4151.5 4147.18 4143.56 4142.74 4142.99 4143.51 4144.15 4144.96 4145.19 4143.33 4142.71 4142.28 4141.9 4141.57 4141.27 4140.94 4140.39 4139.14 4138.42 4137.9 4138.41 4137.89 4137.14 4136.72 4135.56 4134.71 4133.65 4132.22 4130.6 4129.1 4127.71 4126.18 4124.99 4123.93 4122.93 4121.84 4120.72 4119.38 4117.17 4116.44 4117.53 4118.04 4118.13 4118.05 4117.26 4115.87
4234.77 4226.95 4219.59 4212.95 4201.43 4188.65 4182.53 4176.61 4171.91 4168.6 4167.05 4166.21 4165.56 4164.82 4163.95 4163.73 4163.78 4159.86 4148.56 4153.6 4154.51 4152.05 4147.9 4143.67 4142.8 4142.93 4143.49 4144.23 4145.34 4145.93 4144 4143.17 4142.67 4142.24 4141.84 4141.47 4140.98 4140.52 4140.71 4139.98 4140.15 4139.39 4138.3 4136.63 4135.1 4134.98 4135.43 4134.7 4133.28 4131.58 4129.76 4127.89 4126.66 4125.41 4124.25 4123.18 4122.23 4121.31 4120.41 4119.54 4118.7 4118.47 4118.5 4118.33 4117.9 4117.5 4117.31
4231.4 4231.35 4231.51 4229.83 4218.5 4191.46 4181.61 4178.11 4171.18 4166.87 4165.8 4165.59 4165.33 4165.03 4165.06 4165.58 4166.22 4162.36 4149.67 4154.52 4155.52 4152.64 4149.1 4144.75 4143.43 4143.19 4143.39 4143.67 4144.12 4144.6 4144.7 4143.76 4142.98 4142.42 4141.93 4141.61 4141.09 4140.53 4139.34 4140.05 4140.7 4140.71 4141.43 4140.97 4139.29 4138.71 4137.78 4136.34 4134.62 4132.76 4130.8 4129.02 4127.42 4125.86 4124.6 4123.46 4122.65 4122 4121.78 4121.45 4120.52 4119.63 4119.16 4118.83 4118.09 4117.8 4117.58
4226.7 4232.82 4239.34 4246.69 4246.32 4217.24 4201.52 4188.1 4173.61 4166.83 4166.18 4166.46 4166.04 4165.35 4165.28 4166.33 4166.91 4161.63 4150.37 4156.86 4156.85 4150.78 4148.92 4145.58 4144.29 4143.59 4143.36 4143.35 4143.37 4143.77 4144.41 4143.73 4143.17 4142.67 4142.2 4141.84 4141.56 4141.37 4141.5 4141.63 4141.07 4141.36 4141.52 4142.26 4143.13 4143.05 4140.42 4138.23 4136.08 4133.95 4132.05 4130.36 4128.18 4126.29 4124.81 4123.59 4122.74 4122.27 4122.35 4122.53 4121.31 4120.23 4119.71 4119.59 4119.83 4118.27 4116.96
4221.99 4230.91 4240.74 4252.33 4262.5 4265.64 4238.09 4201.65 4175.83 4168.11 4168.48 4169.11 4168 4166.47 4164.91 4166.2 4166.98 4162.15 4151.15 4155.99 4155.36 4148.96 4149.39 4147.18 4144.93 4143.97 4143.48 4143.17 4142.9 4142.53 4142.69 4143.12 4143.14 4142.94 4142.72 4142.4 4142.09 4141.98 4142.77 4142.4 4141.82 4141.91 4142.08 4143.05 4144.09 4143.62 4142.07 4139.77 4137.32 4134.89 4132.61 4130.66 4128.27 4126.41 4124.88 4123.59 4122.5 4121.79 4121.63 4121.95 4120.79 4119.93 4119.6 4119.57 4119.13 4117.72 4115.65
4217.14 4225.82 4234.32 4242.77 4249.39 4253.54 4239.34 4208.7 4180.96 4173.22 4173.01 4172.71 4171.13 4169.23 4167.74 4166.88 4165.39 4159.25 4150.04 4151.73 4151.97 4148.54 4146.92 4145.76 4144.92 4144.07 4143.61 4143.3 4142.93 4142.36 4142.22 4142.94 4143.18 4143.22 4143.14 4142.96 4142.66 4141.94 4140.44 4139.84 4141.63 4142.79 4143.52 4144.27 4145.06 4145.46 4143.24 4140.9 4138.23 4135.44 4132.63 4129.55 4127.63 4126.25 4124.8 4123.42 4122.14 4120.88 4119.66 4118.85 4118.92 4118.87 4118.83 4118.92 4119.01 4116.89 4114.83
4212.01 4218.63 4224.43 4228.49 4227.8 4238.32 4233.64 4213.32 4192.1 4183.61 4180.85 4178.68 4175.21 4171.51 4169.45 4167.6 4164.68 4157.4 4148.41 4150.08 4153.4 4151.18 4148.04 4145.98 4144.98 4144.28 4143.68 4143.4 4143.76 4144.25 4143.84 4143.41 4143.46 4143.61 4143.74 4143.72 4143.37 4142.67 4141.48 4141.27 4143.14 4144.16 4144.42 4145.32 4145.78 4144.67 4144.12 4141.92 4139.06 4135.98 4132.88 4130.17 4127.94 4126.24 4124.8 4123.46 4121.99 4120.27 4118.19 4116.96 4117.52 4117.79 4117.73 4117.42 4116.71 4115.89 4114.93
4206.75 4211.31 4215.49 4219.73 4223.25 4236.63 4232.27 4219.07 4204.84 4194.6 4189.69 4186.24 4179.79 4171.85 4168.04 4168.67 4167.49 4159.34 4148.82 4149.55 4153.38 4151.98 4150.36 4147.12 4145.49 4144.42 4143.57 4142.89 4142.77 4143.38 4143.43 4143.32 4143.5 4143.83 4144.23 4144.55 4144.78 4144.68 4143.92 4143.14 4144.92 4145.77 4145.9 4146.49 4147.18 4147.52 4145.83 4142.92 4139.69 4136.39 4133.19 4130.27 4127.82 4126.29 4124.94 4123.66 4122.2 4120.67 4118.89 4117.58 4117.39 4117.21 4116.85 4116.27 4115.56 4114.79 4114.11
4203.5 4206.24 4210.15 4214.72 4221.47 4233.77 4232.33 4220.36 4210.21 4201.25 4195.76 4193.44 4184.23 4173.94 4169.41 4171.15 4171.88 4162.41 4150.99 4150.3 4155.19 4152.66 4149.66 4147.3 4145.59 4144.47 4143.44 4142.16 4141.13 4141.29 4142.11 4142.85 4143.42 4144.06 4144.8 4145.64 4146.66 4147.75 4148.73 4148.56 4149.15 4147.51 4146.88 4147.32 4148.12 4149.01 4146.93 4143.42 4140.04 4136.75 4133.47 4130.04 4127.48 4126.54 4125.38 4124.16 4122.79 4121.57 4120.56 4119.43 4118.11 4117.25 4116.36 4115.44 4114.65 4113.89 4113
4200.21 4201.54 4204.4 4210.29 4219.05 4223.48 4220.81 4213.28 4206.85 4202.21 4197.65 4192.88 4186.25 4179.87 4174.94 4173.15 4171.36 4162.57 4153.11 4151.55 4153.46 4151.23 4147.92 4146.22 4145.38 4144.58 4143.8 4142.88 4141.44 4140.88 4141.58 4142.49 4143.3 4144.14 4145.15 4146.36 4147.98 4150.19 4153.72 4158.91 4152.87 4147.73 4147.41 4147.34 4147.69 4147.84 4146.1 4143.04 4139.99 4137.05 4134.1 4131.24 4129.09 4127.53 4126.01 4124.8 4123.56 4122.46 4121.25 4120.13 4118.85 4117.68 4116.41 4114.73 4113.95 4113.54 4112.94
4196.49 4196.28 4196.78 4199.1 4205.19 4208.12 4204.66 4206.79 4205.15 4201.67 4197.18 4191.87 4185.88 4180.77 4176.51 4172.9 4168.65 4160.6 4152.09 4151.02 4156.08 4150.09 4146.5 4146.03 4145.38 4144.7 4144.26 4144.33 4143.51 4141.84 4141.76 4142.26 4143.16 4144.13 4145.18 4146.47 4148.17 4150.36 4153.19 4155.28 4151.66 4147.09 4146.57 4146.72 4146.4 4145.56 4143.86 4141.76 4139.6 4137.18 4134.69 4132.56 4130.96 4128.58 4126.79 4125.45 4124.33 4123.41 4122.42 4121.02 4119.68 4118.36 4117.13 4116.34 4114.8 4113.73 4112.76
4193.09 4190.94 4189.17 4187.48 4187.58 4190.49 4192.32 4200.5 4203.17 4200.27 4196.03 4190.31 4184.07 4177.56 4174.22 4171.4 4166.37 4158.68 4151.61 4151.63 4155.26 4148.86 4146.96 4146.68 4145.36 4144.47 4143.96 4143.62 4143.16 4142.3 4141.88 4142.12 4142.82 4143.66 4144.69 4145.93 4147.34 4148.86 4150.14 4150.04 4148.56 4147.25 4146.76 4146.36 4145.32 4143.06 4140.92 4140.76 4139.35 4137.29 4134.99 4132.7 4130.25 4128.69 4127.32 4126.07 4125.03 4124.03 4122.81 4121.83 4120.58 4119.11 4117.55 4116.66 4115.02 4113.97 4113.48
4189.93 4187.4 4184.16 4181.07 4181.98 4184.38 4187.58 4198.6 4201.21 4198.74 4194.58 4188.88 4182.75 4177.05 4172.87 4169.93 4165.97 4156.83 4149.33 4145.91 4151.33 4146.58 4145.99 4146.06 4144.82 4143.77 4143.16 4142.7 4142.02 4141.58 4141.46 4141.81 4142.39 4143.27 4144.18 4145.12 4146.12 4146.93 4147.23 4146.39 4146.27 4147.23 4147.13 4146.53 4145.43 4143.74 4142.24 4141.29 4139.68 4137.53 4135.14 4132.74 4130.54 4128.93 4127.61 4126.47 4125.58 4125.05 4124.38 4122.96 4121.72 4120.2 4117.77 4114.78 4114.48 4113.69 4112.83
4187.38 4184.97 4181.35 4177.62 4175.31 4179.02 4190.17 4200.1 4199.88 4197.11 4193.7 4188.58 4181.86 4175.28 4171.87 4166.13 4159.89 4154.97 4148.68 4145.73 4149.55 4143.57 4143.91 4144.31 4143.52 4142.57 4141.89 4141.66 4140.88 4140.43 4140.71 4141.17 4141.77 4142.67 4143.42 4144.23 4144.89 4145.31 4145.41 4145.17 4145.88 4147.34 4147.48 4146.86 4146.14 4145.32 4144.58 4142.63 4140.4 4137.78 4135.15 4132.8 4130.89 4129.13 4127.66 4126.54 4125.68 4124.91 4124.69 4123.8 4123.06 4122.25 4120.42 4116.01 4115.63 4113.54 4111.77
4187.44 4185.26 4182.37 4177.59 4173.15 4173.11 4181.72 4190.17 4193.66 4194.18 4193.3 4190.57 4185.07 4178.78 4174.46 4169.73 4162.67 4155.38 4149.65 4146.1 4149.23 4145.98 4144.12 4143.26 4142.27 4141.21 4140.05 4139.09 4139.07 4139.43 4140.16 4140.74 4141.46 4142.2 4142.94 4143.54 4143.98 4144.19 4144.26 4144.31 4145.48 4148.03 4147.42 4146.73 4146.59 4146.64 4145.11 4144.38 4141.08 4137.67 4134.67 4132.22 4130.44 4128.75 4127.23 4126.31 4125.54 4124.56 4123.75 4124.13 4124.16 4124.43 4125.95 4125.93 4118.56 4113.87 4111.25
4188.93 4187.49 4186.02 4183.86 4177.68 4176.81 4177.45 4179.33 4185.85 4190.64 4193.47 4194.45 4193.13 4187.44 4178.47 4171.22 4163.48 4156.09 4150.87 4146.47 4147.22 4146.33 4144.02 4141.95 4141.23 4140.2 4138.82 4137.63 4138.09 4138.83 4139.82 4140.78 4141.74 4142.99 4143.85 4144.5 4144.7 4144.52 4143.29 4143.28 4144.07 4146.45 4145.58 4145.3 4145.8 4147.33 4150.76 4145.71 4140.52 4136.51 4133.27 4130.64 4128.52 4126.97 4126.17 4125.8 4125.62 4125.76 4125.56 4124.92 4124.66 4124.53 4124.88 4123.71 4118.72 4114.37 4111.9
4191.68 4190.22 4188.53 4185.81 4178.01 4174.81 4172.09 4173.44 4180.85 4188.14 4193.94 4198.12 4199.38 4192.4 4179.26 4167.28 4160.2 4155.19 4151.29 4146.96 4142.65 4144.4 4143.36 4142.04 4140.97 4139.74 4138.71 4138.1 4138 4138.6 4139.4 4140.42 4141.49 4142.46 4143.41 4144.03 4144.8 4144.17 4143.7 4143.11 4143.01 4143.45 4142.26 4142.38 4142.97 4143.96 4144.54 4141.71 4137.72 4134.15 4131.09 4128.46 4126.3 4124.95 4124.73 4125.01 4125.4 4125.54 4125.78 4125.36 4124.69 4123.46 4120.46 4118.69 4117.13 4114.18 4112.21
4195.4 4192.17 4189.01 4185.55 4178.76 4172.27 4168.81 4170.54 4178.22 4186.89 4194.73 4200.51 4202.14 4192.89 4176.83 4162.83 4156.42 4153.6 4151.32 4146.53 4140.6 4142.75 4142.61 4142.61 4141.1 4139.39 4138.14 4137.82 4138.06 4138.62 4139.51 4140.58 4141.87 4143.01 4143.93 4144.79 4145.67 4145.65 4144.8 4143.25 4141.28 4140.49 4139.06 4139.17 4139.2 4138.86 4137.41 4135.48 4133.42 4131.02 4128.46 4126.06 4123.98 4122.8 4123.13 4124.05 4125.29 4126.43 4126.25 4125.67 4124.84 4123.52 4121.85 4119.27 4116.81 4114.37 4112.46
4199.76 4193.51 4187.58 4181.06 4174.82 4170.49 4167.28 4169.26 4176.97 4186.53 4195.74 4202.29 4202.24 4191.5 4173.4 4155.29 4152.98 4152.34 4151.92 4147.93 4140.77 4141.81 4141.78 4141.82 4140.6 4138.89 4137.33 4136.99 4137.88 4138.58 4139.51 4140.73 4142.05 4143.5 4144.96 4146.12 4146.92 4147.21 4146.48 4144.42 4141.48 4139.12 4137.27 4136.34 4135.67 4134.47 4132.23 4130.55 4129.65 4127.91 4125.82 4123.7 4121.84 4120.91 4121.5 4122.86 4124.45 4126.18 4126.36 4125.88 4125.23 4124.17 4122.6 4120.26 4117.46 4114.66 4113.12
4203.1 4194.04 4185.91 4179.49 4173.76 4169.17 4166.68 4167.83 4175.94 4186.13 4196.51 4204.95 4206.71 4191.9 4172.36 4157.64 4152.04 4151.32 4151.85 4148.79 4141.53 4142.78 4142.3 4141.45 4140.06 4138.53 4137.17 4136.7 4137.22 4138.18 4139.43 4140.89 4142.43 4144.03 4145.63 4147.07 4148.44 4149.39 4149.34 4147.33 4142.14 4138.03 4135.57 4134.4 4132.99 4131.53 4130.05 4128.73 4127.15 4125.46 4123.59 4121.64 4119.98 4118.87 4120.01 4121.69 4123.2 4124.32 4125.48 4125.91 4125.75 4125.01 4123.47 4121.37 4118.75 4116.2 4114.59
4205.38 4194.09 4185.2 4179.67 4173.34 4167.94 4165.43 4166.81 4175.01 4185.43 4195.99 4204.98 4207.26 4190.27 4169.58 4154.92 4151.11 4150.08 4149.68 4145.82 4141.63 4146.02 4144.07 4141.77 4139.87 4138.47 4136.96 4136.47 4136.84 4137.87 4139.15 4140.68 4142.31 4144 4145.93 4147.73 4149.66 4151.57 4153.13 4153.16 4148 4139.56 4136.32 4132.97 4130.82 4129.29 4128.05 4126.93 4125.11 4123.4 4121.68 4120 4118.66 4118.13 4119.14 4120.96 4122.7 4124.17 4125.33 4126.06 4126.36 4126.23 4125.02 4122.86 4120.35 4118.26 4116.45
4205.25 4192.6 4182.39 4177.29 4171.95 4167.48 4166.32 4166.34 4173.56 4184.3 4194.22 4200.01 4198.24 4184.14 4166.07 4153.67 4150.32 4149.49 4148.46 4144.41 4138.98 4146.3 4144.7 4142.3 4140.4 4138.87 4137.96 4136.65 4136.64 4137.7 4138.98 4140.54 4142.17 4143.89 4145.81 4148.05 4150.38 4153.04 4156.13 4159.43 4161.99 4142.57 4134.52 4130.81 4128.73 4127.21 4125.91 4124.58 4123.19 4121.71 4120.23 4118.77 4117.63 4117.34 4118.47 4120.66 4122.81 4124.4 4125.56 4126.23 4126.73 4127.25 4127.09 4124.06 4121.4 4119.34 4117.97
4204.63 4190.33 4178.25 4176.35 4169.61 4164.75 4159.95 4160.02 4172.12 4183.93 4193.37 4196.06 4190.8 4178.88 4163.29 4153.06 4150.07 4150.02 4150.6 4147.98 4144.56 4143.35 4144.15 4141.62 4138.28 4139.03 4139.3 4136.9 4136.62 4137.63 4138.82 4140.22 4141.72 4143.34 4145.31 4147.37 4149.58 4152.23 4155.31 4158.75 4158.04 4141.92 4132.62 4128.65 4126.82 4125.37 4124.1 4122.91 4121.64 4120.34 4119.01 4117.75 4116.8 4116.29 4117.71 4120.62 4123.81 4125.56 4125.87 4126.16 4126.37 4126.54 4126.16 4124.13 4121.88 4120.05 4119.21
4205.74 4190.46 4174.83 4170 4166.23 4162.48 4158.97 4163.54 4172.73 4185.73 4196.73 4200.69 4193.66 4178.37 4159.79 4151.29 4149.76 4150.61 4152.71 4151.09 4145.85 4141.44 4145.11 4143.07 4139.02 4139.18 4139.73 4138.59 4137.59 4137.93 4138.76 4139.74 4141.07 4142.42 4143.96 4145.52 4147.36 4149.07 4150.61 4151.31 4147.48 4134.2 4129.23 4127.02 4125.33 4123.89 4122.72 4121.65 4120.44 4119.2 4118.08 4117.09 4116.39 4116.28 4117.64 4120.31 4123.5 4125.35 4125.59 4125.73 4125.67 4124.94 4124.35 4123.99 4122.84 4121.55 4120.71
4211.05 4197.9 4178.04 4168.73 4166.06 4162.47 4158.68 4161.08 4172.82 4188.32 4203.15 4212.5 4203.45 4181.84 4162.86 4152.44 4149.93 4149.88 4150.83 4150.54 4145.85 4140.32 4150.39 4145.5 4140.9 4138.64 4138.47 4138.34 4137.8 4137.87 4138.45 4139.27 4140.28 4141.43 4142.43 4143.41 4144.08 4144.52 4144.02 4141.4 4135.61 4129 4127.37 4126.18 4124.11 4122.63 4121.5 4120.48 4119.41 4118.43 4117.46 4116.67 4116.16 4116.26 4117.32 4119.58 4121.73 4123.59 4124.66 4125.14 4125.26 4124.95 4124.61 4124.4 4124.16 4123.2 4122.11
4218.15 4215.1 4205.53 4181.77 4171.88 4162.93 4158.15 4159.84 4172.28 4190.11 4208.05 4221.59 4209.88 4183.48 4160.09 4153.33 4151.12 4149.42 4148.06 4148.2 4143.04 4139.34 4146.93 4143.57 4137.63 4137.12 4137.32 4136.82 4137.02 4137.46 4137.9 4138.59 4139.16 4139.76 4140.22 4140.54 4140.54 4140.04 4138.46 4135.36 4131.52 4128.15 4126.04 4124.3 4122.58 4121.43 4120.53 4119.68 4118.87 4117.96 4117.04 4116.44 4116.18 4116.4 4117.36 4119.17 4121.15 4122.61 4123.77 4124.59 4125.15 4125.45 4125.25 4124.81 4124.54 4123.93 4123.19
4221.99 4223.21 4220.52 4202.05 4181.15 4164.63 4158.09 4160.1 4172.24 4190.02 4207.83 4219.64 4210.1 4185.3 4159.45 4158.8 4156.56 4152.22 4148.47 4147.52 4143.67 4138.73 4140.14 4139.84 4136.72 4137.16 4137.27 4136.1 4136.54 4137.06 4137.4 4137.67 4137.93 4138.19 4138.22 4138.01 4137.46 4136.23 4134.24 4131.09 4128.61 4127.03 4124.32 4121.85 4120.99 4120.37 4119.73 4119.5 4118.72 4117.4 4116.59 4116.24 4116.22 4116.64 4117.57 4118.92 4120.44 4121.86 4123.02 4124.02 4124.97 4125.9 4125.82 4125.24 4123.72 4124.37 4124.3
4221.05 4221.87 4228.49 4214.1 4188.77 4166.45 4160.63 4163.54 4173.12 4188.09 4204.54 4215.64 4212 4196.84 4179.23 4175.63 4168.7 4157.9 4149.26 4145.78 4140.38 4134.99 4138.11 4138.88 4137.21 4136.75 4137.16 4136.68 4136.58 4136.73 4136.82 4136.86 4136.67 4136.59 4136.35 4135.32 4134.28 4132.84 4130.99 4129.08 4126.68 4124.58 4122.56 4120.67 4120.31 4119.64 4118.8 4118.15 4117.35 4116.34 4115.92 4115.92 4116.17 4116.68 4117.65 4118.6 4119.86 4121.14 4122.35 4123.38 4124.28 4125.56 4126.08 4126.72 4127.22 4126.45 4125.98
