real_craters/C097-500m.grd
DSAA
131 131
-32.4625 32.4625
-32.4625 32.4625
3177.9271166603 4703.3351631032
[rows 90 to 119 of 131, columns 0 to 66 of 131]
4089.66 4087.47 4086.76 4088.93 4090.29 4092.19 4096.14 4104.44 4100.01 4094.06 4091.27 4089.61 4088.31 4087.3 4090.28 4094.36 4094.67 4092.98 4089.71 4085.56 4082.44 4082.14 4082.9 4087.82 4091.88 4095.06 4099.92 4106.9 4122.85 4149.94 4170.37 4169.4 4165.2 4160.76 4157.32 4155.77 4157.74 4163.66 4171.7 4174.44 4171.5 4164.21 4160.45 4156.84 4152.5 4147.77 4143.51 4140.27 4140.97 4145.74 4149.17 4153.62 4161.05 4181.57 4209.32 4226.08 4242.39 4253.43 4258.23 4259.43 4256.1 4231.52 4216.57 4214.04 4208.44 4198.48 4201.49
4091.65 4090.32 4092.95 4092.53 4093.19 4093.68 4095.29 4097.51 4096.47 4093.02 4090.03 4087.73 4085.11 4084 4091.49 4093.07 4093.58 4093.23 4092.79 4088.73 4083.2 4081.36 4083.15 4082.01 4089.06 4092.72 4095.67 4104.57 4124.61 4146.05 4165.19 4162.59 4157.9 4154.44 4152.32 4151.6 4151.71 4157.93 4175.41 4176.67 4169.36 4166.13 4163.33 4160.57 4155.91 4150.29 4145.44 4141.2 4140.19 4142.72 4145.08 4149.36 4158.05 4171.73 4186.98 4198.18 4210.22 4221.87 4227.31 4222.99 4222.89 4217.72 4209.76 4205.41 4200.92 4196.2 4197.13
4097.99 4095.03 4090.98 4096.92 4095.17 4092.83 4090.86 4090.18 4089.24 4089.2 4087.94 4086.98 4086.89 4086.12 4087.73 4091.2 4094.22 4097.1 4098.97 4097.12 4089.28 4087.54 4083.31 4084.46 4088.06 4090.01 4094.08 4096.21 4096.82 4120.49 4146.28 4145.63 4144.5 4144.75 4144.81 4146.01 4146.93 4148.52 4172.53 4174.32 4168.31 4174.39 4172.01 4166.79 4159.08 4152.01 4145.13 4140.16 4137 4134.9 4137.51 4145.94 4156.33 4165.77 4174.12 4179.63 4187.23 4196.94 4204.96 4214.16 4210.03 4207.18 4204.52 4201.78 4198.52 4196.32 4200.44
4108.52 4121.47 4133.01 4109.38 4096.19 4090.73 4086.11 4081.23 4084.39 4085.18 4085.3 4085.87 4086.9 4086.9 4086.92 4091.76 4096.49 4101.95 4106.72 4112.85 4127.26 4108.64 4084.54 4076.39 4078.78 4086.23 4091.11 4090.63 4089.24 4100.05 4114.67 4122.2 4127.76 4132.41 4136.84 4141.79 4150.65 4169.59 4178.37 4186.02 4188.02 4190.63 4185.28 4171.73 4161.09 4152.73 4145.34 4139.32 4134.61 4130.77 4133.22 4142.77 4155.11 4167.68 4165.46 4165.77 4169.17 4178.04 4184.7 4191.31 4199.47 4206.25 4203.55 4200.98 4199.24 4199.09 4199.76
4114.21 4116.88 4105.01 4093.4 4091.46 4089.11 4086.69 4084.07 4083.98 4084.12 4084.66 4084.87 4086.42 4084.39 4090.98 4096.52 4101.93 4106.61 4111.86 4119.67 4124 4111.87 4083.18 4075.29 4080.56 4084.81 4088.76 4088.93 4089.71 4091.87 4089.98 4101.09 4111.46 4119.07 4126.09 4134.62 4146.33 4158.21 4169.97 4185.69 4190.19 4188.99 4182.4 4169.89 4158.65 4149.41 4142.39 4137.65 4133.52 4132.39 4136.08 4139.83 4146.91 4151.73 4153.9 4156.19 4161.7 4165.34 4170.97 4178.35 4188.9 4193.24 4199.24 4199.59 4199.59 4200.97 4198.78
4118.51 4103.19 4083.65 4085.58 4087.43 4088.63 4089.84 4089.38 4085.09 4083.89 4084.78 4085.99 4085.07 4089.23 4096.32 4102.9 4106.03 4107.95 4110.18 4113.99 4126.56 4116.67 4091.38 4079.61 4081.24 4083.53 4086.42 4087.08 4088.54 4087.49 4085.09 4090.62 4100.34 4109.4 4117.24 4125.77 4135.03 4145.96 4154.22 4161.15 4169.27 4176.02 4171.14 4159.88 4150.35 4143.24 4138.29 4133.56 4130.45 4129.39 4129.67 4132.53 4136.09 4137.84 4141.87 4146.54 4150.13 4155.82 4162.41 4172.09 4182.23 4186.75 4194.65 4197.41 4198.01 4196.71 4201.67
4130.52 4106.04 4082.17 4082.23 4086.92 4090.03 4089.61 4086.97 4083.88 4084.97 4087.8 4089.01 4091.33 4097.03 4103.36 4104.17 4110.09 4107.98 4104.33 4098.78 4095.77 4111.44 4101.85 4084.48 4080.47 4082 4083.58 4084.3 4084.39 4084.44 4081.54 4086.34 4094.03 4101.08 4107.39 4112.95 4118.6 4125.53 4123.31 4115.72 4129.79 4151.4 4146.72 4142.23 4138.66 4133.58 4130.12 4127.4 4126.02 4125.77 4126.27 4128.43 4130.36 4134.37 4138.25 4140.58 4142.32 4149.58 4155.98 4168.79 4178.8 4189.81 4193.24 4196.9 4199.14 4200.95 4207.66
4143.41 4116.57 4092.33 4088.22 4091.1 4096.77 4097.87 4094.22 4086.34 4092.1 4095.03 4097.03 4098.84 4100.48 4112.88 4127.69 4115.25 4105.94 4098.95 4091.68 4086.34 4089.38 4084.26 4083.02 4080.1 4083.31 4083.65 4082.71 4080.32 4076.73 4080.79 4084.06 4089.47 4094.6 4098.69 4100.88 4100.33 4094.42 4086.53 4082.11 4089.16 4090.13 4111.87 4120.36 4123.92 4124.21 4124.1 4124 4122.56 4122.16 4122.95 4124.33 4126.9 4132.31 4133.8 4137.45 4139.92 4146.92 4155.04 4162.72 4173.09 4181.17 4192.14 4196.72 4199.68 4204.35 4205.65
4150.29 4125.1 4104.17 4091.89 4094.19 4105.63 4125.38 4122.14 4114.57 4112.99 4104.92 4101.55 4100.42 4104.27 4116.58 4113.01 4107.35 4099.91 4094.16 4090.94 4087.79 4082.35 4080.61 4080.29 4083.74 4085.73 4084.68 4082.56 4080.58 4080.59 4081.19 4084.87 4087.24 4089.44 4090.72 4090.71 4088.13 4083.41 4079.41 4076.49 4073.86 4077.18 4091.47 4103.19 4110.96 4116.16 4119.24 4119.73 4120.18 4119.39 4116.85 4120.83 4123.88 4123.64 4128.99 4137.21 4142.54 4145.23 4146.9 4163.7 4182.62 4191.87 4193.84 4195.85 4197.63 4199.76 4201.6
4152.42 4130.83 4107.68 4092.43 4093.72 4101.07 4116.51 4126.59 4143.55 4130.09 4110.85 4103.16 4118.82 4135.65 4126.14 4106.89 4098.31 4094.63 4090.75 4087.28 4084.21 4082.64 4077.14 4078.63 4082.14 4084.07 4083.34 4082.58 4081.8 4081.21 4085.35 4088.55 4086.17 4085.2 4084.97 4083.79 4081.12 4077.82 4073.78 4070.12 4070.2 4074.29 4083.82 4094.5 4103.43 4110.19 4114.58 4118.36 4120.4 4120.64 4120.48 4124.12 4127.33 4132.05 4137.22 4140.75 4145.93 4148.38 4148.57 4159.31 4185.46 4193.98 4191.95 4192.27 4193.5 4194.29 4192.46
4142.28 4130.69 4123.21 4111.88 4091.71 4087.98 4084.29 4101.13 4108.75 4105.67 4105.96 4116.08 4178.57 4177.24 4143.35 4112.12 4097.86 4093.41 4089.94 4085.32 4081.04 4079.56 4077.87 4076.83 4078.57 4079.53 4080.9 4081.99 4083.12 4086.28 4086.52 4084.88 4082.42 4081.42 4079.45 4077.75 4075.64 4072.85 4070.72 4071.47 4069.6 4072.86 4080.53 4089.58 4098.41 4106.04 4112.98 4116.54 4119.34 4122.54 4127.16 4130.67 4132.3 4137.04 4140.11 4144.14 4146.41 4147.97 4148.91 4154.13 4169.91 4177.83 4179.98 4183.26 4187.59 4192.06 4193.35
4123.48 4119.96 4113.57 4094.6 4082.69 4083.44 4084.09 4088.13 4087.53 4088.61 4098.17 4120.62 4181.06 4179.22 4150.16 4119.6 4101.94 4097.18 4091.24 4087.26 4079.72 4074.34 4075.28 4073.6 4073.74 4080.86 4080.6 4080.61 4081.42 4082.73 4080.29 4075.28 4077.08 4078.01 4077.24 4075.79 4073.76 4070.88 4071.76 4071.79 4070.77 4073.1 4078.38 4086.14 4094.35 4102.22 4109.76 4116.05 4122.15 4125.34 4125.27 4126.94 4137.27 4144.62 4149.34 4146.73 4144.93 4145.09 4147.65 4146.4 4150.44 4156.06 4161.81 4169.13 4178.45 4190.37 4204.96
4108.68 4106.58 4096.54 4083.62 4084.21 4085.41 4087.62 4086.28 4086.62 4088.83 4090.11 4096.5 4151.43 4158.19 4147.72 4129.89 4115.53 4106.31 4093.53 4077.87 4071.61 4068.9 4069.03 4069.39 4069.88 4075.95 4078.04 4078.16 4078.08 4076.81 4075.59 4075.78 4077.47 4077.83 4076.72 4075.1 4073.71 4073.42 4072.69 4073.05 4073.45 4075.2 4079.09 4085.03 4092.63 4101 4109.11 4117.64 4125.71 4132.22 4136.13 4142.47 4150.24 4153.31 4152.02 4147.35 4141.51 4137.28 4137.25 4130.58 4125.68 4131.98 4141.44 4152.12 4165.25 4182.07 4199.59
4100.5 4098.39 4092.83 4087 4088.13 4086.74 4087.19 4086.18 4084.99 4085.22 4087.07 4091.93 4109.04 4134.6 4143.71 4145.84 4141.51 4119.86 4097.18 4080.19 4068.29 4063.54 4063.76 4065.73 4069.55 4072.42 4073.81 4074.98 4075.42 4075.7 4077.46 4080.39 4080.26 4078.53 4076.53 4074.37 4072.59 4071.98 4073.01 4072.53 4070.21 4073.36 4079.41 4086.1 4093.54 4101.16 4110.09 4119.69 4129.71 4142.13 4156.17 4167.04 4168.21 4162.72 4156.7 4146.91 4136.74 4129.55 4128.54 4113.77 4100.87 4110.19 4122.09 4133.91 4145.88 4162.11 4183.86
4097.54 4095.07 4091.38 4088.63 4077.53 4088.15 4090.66 4086.66 4084.63 4084.44 4087.93 4095.09 4101.44 4121.45 4138.8 4151.67 4155.83 4125.41 4096.6 4074.06 4062.62 4059.33 4059.96 4061.86 4063.71 4065.57 4070.59 4072.58 4073.61 4074.37 4075.66 4079.88 4081.17 4079.1 4076.39 4073.72 4071.42 4069.89 4071.11 4069.45 4067.38 4073.1 4079.64 4086.59 4093.76 4100.77 4109.36 4118.13 4130.75 4146.34 4167.36 4196.53 4180.47 4167.18 4156.12 4143.94 4130.25 4120.98 4120.26 4099.17 4087.35 4094.77 4104.69 4114.39 4121.8 4127.84 4135.21
4094.92 4092.89 4090.18 4086.24 4085.98 4086.02 4087.33 4086.85 4085.71 4084.66 4087.89 4092 4097.72 4115.71 4133.76 4144.25 4137.61 4120.24 4090.96 4066.73 4056.27 4051.77 4057.64 4058.68 4059.81 4063.93 4068.51 4070.68 4072.03 4073.36 4076.06 4080.4 4081.93 4079.06 4075.86 4072.78 4070.19 4068.42 4066.68 4068.96 4071.05 4075.01 4080.99 4086.67 4091.94 4098.65 4105.95 4114.84 4125.82 4140.68 4158.4 4174.94 4170.6 4161.47 4152 4139.31 4121.4 4102.05 4091.87 4086.15 4080.9 4086.98 4093.48 4099.83 4102.34 4099.72 4097.23
4093.09 4091.86 4089.72 4087.03 4084.59 4082.66 4084.42 4086.39 4087.41 4089.13 4087.35 4084.58 4093.55 4112.31 4130.61 4143.64 4143.74 4122.42 4085.99 4058.45 4054.66 4056.21 4055.28 4056.43 4059.23 4064.33 4067.1 4069.32 4070.75 4072.08 4073.58 4077.38 4079.19 4077.54 4074.69 4071.56 4068.85 4067.7 4068.21 4069.05 4074.76 4078.43 4081.92 4087.39 4092.76 4098.33 4103.87 4109.99 4117.25 4125.32 4133 4137.77 4141.26 4147.85 4152.28 4143.17 4114.82 4087.25 4085.68 4086.87 4084.36 4083.04 4086.58 4090.72 4093.66 4091.9 4088.58
4091.38 4090.56 4089.63 4088.9 4087.84 4085.65 4085.94 4087.29 4088.82 4090.52 4089.27 4084.4 4091.94 4110.94 4129.83 4146.36 4158.47 4128.67 4083.57 4056.65 4051.6 4051.47 4052.08 4052.81 4055.91 4058.25 4065.02 4068.77 4070.64 4071.25 4071.58 4074.31 4076.24 4075.78 4073.65 4070.78 4068.17 4067.95 4069.49 4072.07 4082.59 4082.4 4085.88 4088.46 4093 4097.78 4100.97 4104.1 4106.53 4107.61 4106.45 4099.48 4109.05 4130.93 4151.19 4150.19 4110.84 4081.74 4084.02 4078.88 4078.91 4080.52 4083.48 4086.85 4092.75 4104.58 4104.37
4088.21 4088.97 4088.6 4087.88 4086.98 4088.38 4087.98 4088.32 4089.41 4090.41 4089.55 4087.09 4094.02 4110.75 4127.76 4141.52 4143.03 4118.64 4078.38 4053.7 4048.69 4047.73 4043.96 4049.27 4053.32 4055.96 4065.06 4070.04 4071.76 4072.24 4071.69 4074.29 4078.21 4075.22 4072.78 4070.67 4067.26 4067.26 4068.98 4074.91 4081.91 4085.88 4090.16 4093.12 4093.55 4095.91 4097.36 4096.21 4095.9 4091.91 4088.03 4082.87 4091.51 4113.06 4125.63 4113.9 4103.77 4086.98 4083.66 4073.97 4073.74 4077.23 4079.73 4082.79 4087.09 4094.12 4102.61
4087.75 4087.72 4087.67 4087.11 4086.37 4086.94 4087.82 4088.26 4089.2 4089.82 4088.98 4087.96 4096.23 4109.79 4124.06 4135.13 4138.22 4117.41 4074.95 4054.42 4050.52 4049.22 4049.23 4051.25 4054.59 4062.38 4071.69 4073.33 4074.17 4074.47 4074.43 4074.96 4075.52 4073.51 4071.98 4071.73 4074.87 4072.71 4071.88 4073.5 4080.83 4088.26 4090.33 4088.5 4084.05 4082.91 4081.49 4081.32 4081.57 4080.07 4076.91 4075.82 4085.23 4104.16 4117.99 4117 4104.73 4090.37 4081.67 4077.31 4076.23 4076.97 4078.08 4078.53 4078.66 4079 4090.11
4085.74 4087.15 4087.37 4086.93 4086.49 4085.15 4086.36 4088.14 4089.34 4090.05 4091.68 4090.2 4096.53 4107.79 4119.54 4129.07 4129.63 4109.56 4075.79 4060.51 4061.33 4056.57 4053.87 4054.05 4059.41 4066.96 4073.63 4075.51 4076.6 4076.97 4077.1 4076.03 4072.13 4072.5 4073.22 4072.37 4073.25 4078.95 4078.31 4076.16 4085.6 4088.53 4087.01 4083.78 4085.16 4082.79 4079.01 4074.93 4070.09 4067.7 4066.15 4067.55 4076.52 4101.99 4128.69 4143.17 4120.77 4090.51 4079.81 4083.56 4081.45 4078.93 4077.46 4075.7 4074.29 4074.41 4083.62
4086.37 4087.41 4088.27 4087.93 4085.94 4083.06 4085.91 4088.29 4089.8 4089.66 4086.2 4087.6 4096.03 4104.81 4114.53 4122.63 4126.38 4115.14 4077.19 4074.71 4068.75 4065.31 4058.24 4057.25 4062.87 4066.81 4071.47 4076.67 4079.12 4079.8 4079.54 4077.94 4077.56 4076.93 4077.93 4077.56 4077.24 4087.36 4087.51 4081.27 4098.55 4096.37 4089.01 4085.49 4082.3 4076.18 4072.78 4069.64 4066.48 4060.45 4059.85 4061.34 4072.66 4100.38 4137.25 4185.57 4135.29 4097.88 4098.7 4096.32 4085.81 4080.07 4077.52 4074.37 4072.95 4073.89 4079.41
4086.03 4088.79 4090.05 4090.42 4090.18 4086.53 4086.85 4088.5 4090.82 4093.12 4094.73 4093.17 4094.38 4099.28 4106.13 4112.42 4121.93 4131.83 4128.54 4112.15 4098.61 4084.61 4071.21 4064.88 4064.14 4065.97 4073.68 4080.63 4082.59 4082.66 4082.09 4081.49 4076.66 4078.11 4086.82 4094.29 4100.69 4111.16 4111.7 4106.95 4111.04 4098.68 4087.08 4082.71 4075.83 4070.27 4066.17 4062.71 4060.51 4057.88 4056.41 4057.62 4066.76 4093.51 4124.71 4133.56 4131.07 4111 4104.8 4087.6 4085.52 4081.18 4077.5 4074.4 4072.44 4074.41 4075.78
4086.71 4090.02 4091.17 4092.35 4091.88 4089.63 4087.68 4089.04 4092.36 4096.55 4098.38 4089.67 4089.47 4091.26 4093.11 4098.19 4105 4122.56 4139.82 4129.44 4129.18 4100.02 4077.85 4066.21 4067.79 4070.48 4080.11 4085.67 4086.49 4085.24 4082.77 4080.09 4074.47 4078.48 4096.32 4122.23 4143.55 4157.49 4135.52 4126.2 4108.33 4090.64 4079.13 4073.35 4071.76 4067.8 4063.94 4055.51 4051.65 4051.55 4051.32 4053.99 4061.88 4085.99 4115.19 4140.67 4145.53 4121.74 4091.97 4087.62 4086.03 4083.39 4079.32 4075.53 4072.66 4071.18 4075.92
4083.59 4088.25 4090.84 4094.09 4096.92 4091.62 4085.05 4087.98 4091.69 4094.29 4089.81 4083.55 4083.41 4083.54 4082.36 4080.78 4074.83 4057.94 4069.99 4092.51 4102.42 4092.29 4080.2 4072.95 4076.15 4078.55 4084.36 4090.06 4091.91 4089.73 4084.17 4073.47 4074.14 4078.25 4094.41 4123.59 4144.31 4139.65 4112.66 4085.2 4065.95 4074.09 4071.4 4070.23 4069.23 4065.68 4062.15 4056.97 4050.08 4048.57 4049.87 4051.89 4059.92 4081.39 4109.88 4134.14 4131.08 4129.76 4107.33 4097.37 4090.68 4085.95 4081.17 4077.97 4076.79 4075.98 4078.17
4077.43 4082.75 4089.37 4093.66 4095.54 4088.82 4084.93 4088.29 4090.69 4091.4 4086.24 4078.83 4076.86 4075.03 4072.92 4065.86 4057.09 4048.51 4048.41 4053.69 4060.11 4076.35 4083.77 4092.51 4090.99 4086.81 4088.7 4096.71 4098.65 4099.2 4093.45 4087.35 4082.63 4081.67 4080.72 4076.21 4084.76 4088.83 4077.68 4062.63 4064.11 4066.55 4067.48 4068.09 4065.56 4063.1 4060.33 4056.52 4052.87 4053.71 4053.1 4054.59 4060.84 4078.23 4104.05 4130.28 4148.06 4139.95 4119.35 4110.05 4098.24 4091.42 4086.16 4082.15 4078.75 4076.84 4077.24
4082.72 4085.01 4089.26 4093.22 4097.82 4095.11 4091.46 4089.31 4089.1 4089.07 4084.86 4076.18 4072.09 4068.6 4064.61 4059.46 4053.75 4049.27 4047.96 4050.68 4058.71 4071.81 4085.45 4099.09 4096.92 4091.27 4090.37 4102.68 4109.34 4112.12 4107.48 4098.74 4092.62 4083.87 4075.21 4059.82 4061.54 4065.91 4062.53 4059.33 4062.55 4065.61 4066.62 4067.54 4066.89 4064.61 4062.32 4059.54 4057.79 4055.91 4055.95 4057.05 4061.36 4074.66 4097.85 4123.86 4147.66 4153.39 4137.16 4117.23 4109.32 4101.28 4094.3 4086.42 4079.23 4076.34 4075.97
4084.77 4087.79 4089.06 4091.45 4093.07 4097.12 4092.7 4088.53 4086.98 4085.31 4079.47 4074.95 4070.62 4066.07 4062.65 4057.99 4053.44 4050.23 4047.35 4048.7 4058.21 4070.93 4082.51 4088.07 4092.48 4093.68 4094.93 4110.59 4122.77 4125.81 4123.37 4116.82 4111.2 4114.13 4081.06 4060.16 4060.86 4062.58 4059.09 4058.98 4062.7 4065.99 4067.88 4067.29 4065.49 4064.41 4061.87 4060.21 4058.69 4057.49 4057.54 4059.57 4063.66 4073.21 4087.19 4104.07 4132.05 4161.01 4170.8 4134.97 4123.47 4117.27 4108.62 4096.71 4082.81 4078.66 4078.58
4084.5 4084.22 4087.45 4090.04 4092.6 4091.4 4086.32 4085.32 4084.18 4083.66 4084.39 4076.93 4071.03 4066.19 4061.14 4056.93 4053.32 4050.33 4045.71 4046.46 4057.13 4072.16 4084.62 4090.54 4094.03 4099.07 4107.16 4131.2 4137.67 4136.35 4136.25 4141.34 4134.64 4092.89 4074.07 4069.17 4064.95 4061.88 4059.15 4060.04 4064.11 4067.2 4068.57 4070.23 4068.17 4067.5 4063.64 4062.1 4061.9 4060.74 4060.36 4061.45 4064.34 4069.7 4074.47 4074.82 4089.65 4145.76 4182.37 4145.41 4139.8 4134.01 4124.58 4110.14 4092.02 4087.52 4083.31
4083.86 4083.44 4086.69 4089.5 4089.79 4087.16 4083.55 4082.75 4081.67 4080.95 4086.93 4077.02 4069.65 4065.25 4061.55 4057.69 4053.55 4048.86 4047.49 4047.33 4059.14 4075.01 4093.22 4105.23 4103.84 4102.79 4113.08 4151.96 4140.56 4134.32 4132.94 4137.25 4127.96 4086.38 4070.3 4070.44 4066.5 4062.48 4058.12 4061 4066.88 4070.39 4070.88 4070.95 4070.6 4070.24 4070.95 4065.95 4064.78 4063.12 4062.8 4063.52 4063.99 4064.66 4066.81 4065.45 4063.35 4120.47 4179.4 4167.01 4158.3 4149.04 4140.5 4130.68 4117.68 4103.08 4090.11
