real_craters/C097-300m.grd
DSAA
217 217
-32.4625 32.4625
-32.4625 32.4625
3177.936434439 4723.1376238505
[rows 120 to 149 of 217, columns 0 to 66 of 217]
4097.61 4098.2 4098.63 4098.97 4099.3 4099.57 4099.93 4100.29 4100.69 4100.99 4101.23 4101.49 4101.87 4102.33 4102.72 4104.13 4106.46 4107.9 4110.56 4115 4118.88 4122.55 4126.92 4130.49 4130.13 4126.58 4129.8 4129.18 4129.58 4128.51 4127.33 4125.63 4123.95 4123.55 4124.6 4135.06 4152.37 4168.05 4175.79 4189.33 4194.44 4193.15 4189.07 4183.22 4176.87 4171.18 4171.19 4171.72 4170.98 4166.75 4164.16 4162.76 4161.58 4161.56 4162.71 4164.58 4168.37 4171.82 4171.99 4171.73 4172.56 4173.74 4175.45 4177.79 4180.47 4185.1 4190.7
4100.22 4099.91 4099.77 4099.75 4100.17 4100.59 4100.89 4101.06 4101.36 4101.7 4101.97 4102.65 4102.86 4103.33 4103.58 4104.23 4105.25 4106.81 4108.09 4110.11 4113.09 4118.24 4123.65 4129.01 4133.22 4129.59 4122.59 4126.94 4126.29 4123 4125.39 4125.68 4125 4125.35 4126.11 4134.28 4152.28 4169.09 4174.91 4186.4 4189.65 4186.26 4181.59 4178.24 4178.7 4183.81 4183.15 4174.91 4170.47 4167.47 4165.34 4164.32 4163.74 4163.69 4164.84 4166.45 4168.59 4170.16 4171.78 4171.55 4171.33 4171.4 4171.86 4172.83 4174.26 4176.45 4178.87
4101.52 4101.27 4100.79 4100.36 4100.5 4100.8 4101.55 4102.07 4102.51 4103.08 4103.31 4103.73 4103.84 4104.01 4104.27 4105.45 4105.79 4105.73 4105.73 4106.29 4108.54 4113.78 4119.84 4126.74 4136.81 4143.27 4136.16 4129.84 4128.9 4129.78 4130.34 4128.56 4127.85 4128.81 4132.45 4136.59 4157.29 4180.87 4203.04 4195.13 4189.34 4183.61 4177.06 4172.3 4175.32 4181.32 4181.18 4171.62 4166.38 4166.06 4165.11 4164.54 4164.59 4165.05 4166.3 4167.39 4169.06 4171.98 4172.09 4170.99 4170.03 4169.18 4168.51 4168.41 4168.45 4168.86 4169.82
4102.54 4101.28 4100.89 4100.82 4100.62 4100.86 4101.96 4102.37 4102.92 4104.08 4104.34 4104.31 4104.38 4104.37 4104.48 4105.11 4105.44 4104.7 4104 4104 4105.05 4110.22 4115.6 4120.48 4123.54 4127.71 4130.51 4129.07 4130.11 4135.68 4133.28 4129.18 4128.46 4130.8 4136.7 4143.06 4161.91 4185.96 4201.39 4196.67 4187.1 4179.09 4172.55 4168.01 4168.63 4168.84 4166.83 4167.58 4166.29 4164.85 4164.26 4163.89 4164.15 4164.7 4165.91 4167.54 4168.67 4170.64 4171.01 4170.06 4168.3 4166.67 4165.12 4163.94 4163.63 4163.33 4163.63
4098.91 4100 4100.73 4101.17 4101.42 4101.88 4102.37 4103.33 4103.83 4104.63 4104.99 4105.29 4105.73 4105.29 4104.48 4103.92 4103.78 4103.86 4103.62 4103.54 4104.3 4108.1 4112.13 4115.44 4116.69 4118.26 4121.59 4124.17 4125.66 4126.43 4126.06 4125.87 4126.44 4129.18 4134.06 4140.56 4162.19 4185.53 4198.16 4191 4180.47 4171.05 4167.26 4165.56 4163.72 4159.71 4155.25 4161.91 4164.02 4163.01 4162.15 4162.59 4162.94 4163.72 4164.49 4166.28 4168.1 4170.3 4171.01 4168.7 4166.08 4163.79 4161.96 4160.65 4159.82 4159.24 4159.42
4096.35 4099.09 4100.9 4101.72 4102.53 4103.84 4104.48 4104.6 4105.2 4106.13 4106.62 4106.89 4107.34 4106.75 4105.26 4103.34 4103.62 4104.26 4104.13 4104.26 4105.69 4107.36 4109.99 4112.78 4115.67 4115.12 4116.69 4119.59 4120.85 4120.26 4120.45 4122.96 4124.26 4126.53 4129.51 4137.66 4165.26 4181.65 4187.28 4182.99 4172.38 4163.37 4162.97 4164.5 4162.42 4157.31 4155 4159.01 4160.35 4159.73 4159.32 4159.96 4160.53 4161.39 4163.22 4164.49 4166.01 4168.17 4169.24 4165.73 4163.17 4160.82 4159 4157.47 4156.66 4156.38 4156.44
4098.5 4100.15 4101.61 4103.03 4104.13 4104.28 4105.13 4106.37 4107.17 4107.91 4108.5 4109.15 4109.46 4109.63 4108.31 4103.96 4105.65 4106.01 4105.35 4104.83 4105.11 4106.08 4108.54 4110.98 4112.66 4114.73 4116.01 4117.45 4118.74 4119.27 4120.32 4121.88 4123.33 4126.31 4134.05 4156.67 4178.31 4184.96 4184.8 4178.29 4166.7 4157.95 4160.87 4164.3 4162.16 4156.78 4152.35 4154.92 4156 4155.83 4156.55 4157.41 4158.38 4159.17 4160.28 4160.92 4161.91 4162.57 4162.43 4160.75 4159.06 4157.33 4155.97 4154.74 4154.3 4154.48 4155.38
4100.03 4101.33 4102.42 4103.99 4105.21 4106.51 4107.68 4108.61 4108.74 4109.61 4110.5 4111.39 4111.62 4113.59 4117.02 4118.4 4113.34 4109.81 4107.58 4105.5 4103.07 4104.74 4108.17 4111.03 4112.9 4116.21 4115.92 4116.5 4117.93 4119.88 4122.08 4121.62 4121.92 4124.87 4134.41 4161.57 4183.44 4188.15 4186.1 4178.52 4167.68 4160.64 4163.95 4164.93 4162.27 4157.4 4152.76 4149.75 4150.47 4151.94 4152.8 4154.37 4155.53 4156.33 4157.14 4157.77 4157.74 4157.08 4154.82 4155.4 4154.94 4153.81 4153.05 4152.49 4152.55 4154.17 4156.27
4100.72 4102.08 4103.56 4105.14 4106.61 4107.95 4109.27 4110.48 4110.91 4111.85 4110.89 4111.96 4113.92 4116.17 4120.38 4123.56 4117.78 4112.89 4109.77 4107.63 4107.54 4108.21 4108.44 4111.53 4114.62 4112.34 4113.7 4115.07 4116.92 4118.79 4120.39 4119.87 4119.51 4120.54 4125.92 4137.68 4167.09 4182.71 4184.66 4181.61 4176.84 4173.12 4173.19 4173.66 4170.57 4159.21 4148.03 4143.93 4146.56 4149.22 4151.43 4153.01 4154.24 4155.34 4155.42 4155.01 4154.09 4153.49 4153.36 4151.51 4151.52 4151.28 4151.14 4151.03 4151.43 4153.03 4156.24
4102.22 4102.53 4104.98 4106.24 4107.42 4108.82 4109.95 4111.24 4111.2 4112.18 4113 4113.9 4114.64 4115.96 4117.08 4117.22 4116.33 4113.92 4111.51 4109.11 4106.4 4104.94 4107.56 4109.35 4110.52 4110.59 4111.4 4113.02 4114.87 4116.91 4118.65 4117.84 4115.85 4115.44 4118.1 4127.6 4157.19 4171.55 4179.89 4184.43 4187.57 4186.35 4183.36 4180.91 4175.31 4162.59 4148.16 4143.21 4146.56 4149.76 4152.56 4153.96 4154.99 4155.16 4154.01 4152.94 4151.13 4149.62 4147.35 4147.39 4147.89 4148.04 4148.58 4148.74 4149.85 4151.48 4153.76
4107.44 4108.99 4106.87 4107.25 4108.27 4109.21 4110.57 4110.8 4112.04 4113.7 4114.53 4115.38 4115.14 4114.53 4113.12 4113.4 4114.81 4114.71 4113.84 4111.97 4108.31 4105.64 4109.8 4109.71 4107.65 4107.93 4109.78 4110.81 4112.35 4114.26 4117.12 4114.59 4111.19 4109.88 4112.12 4123.5 4158.71 4160.06 4175.59 4185.55 4190.31 4192.48 4190.87 4187.52 4181.01 4169.86 4156.08 4148.1 4150.94 4154.32 4156.53 4157.81 4157.92 4155.87 4153.7 4153.07 4150.43 4147.96 4146.8 4145.06 4144.39 4145.18 4145.79 4146.92 4147.93 4149.65 4152.75
4108.2 4105.58 4106.89 4107.72 4108.63 4109.18 4110.47 4112.53 4114.11 4116.08 4116.94 4117.17 4116.28 4114.46 4113.11 4113 4115.11 4116.67 4117.54 4117.67 4116.98 4113.85 4119.52 4119.64 4116.13 4111.98 4109.57 4109.03 4109.57 4110.16 4110.01 4108.04 4105.87 4104.22 4105.16 4112.78 4147.82 4161.99 4173.69 4187.01 4197.2 4198.3 4195.96 4192.86 4189.38 4179.76 4169.15 4157.92 4159.83 4161.65 4162.93 4162.15 4160.96 4158.87 4156.08 4153.12 4149.53 4146 4141.84 4140.15 4141.44 4142.85 4143.46 4145.12 4146.62 4148.29 4151.4
4107.4 4106.42 4107.25 4107.71 4108.23 4109.7 4111.4 4114.19 4116.32 4118.45 4119.78 4120 4118.73 4115.74 4113.83 4114.96 4117.63 4120.25 4122.15 4124.05 4128.5 4141.61 4129.36 4124.1 4118.27 4111.79 4107.65 4106.87 4106.88 4106.41 4104.43 4102.74 4101.71 4099.64 4098.63 4099.93 4116.68 4149.08 4165.63 4184.46 4201.86 4200.82 4197.13 4193.99 4191.52 4187.96 4183.53 4174.77 4172.55 4170.99 4169.87 4167.54 4164.39 4161.13 4157.39 4153.67 4149.88 4145.8 4142.52 4140.76 4141 4141.71 4142.47 4144.18 4146.07 4147.64 4150.3
4110.37 4110.66 4107.14 4106.77 4108 4109.75 4112.09 4114.64 4117.28 4120.14 4122.65 4124.4 4123.94 4119.48 4111.73 4116.55 4121.88 4124.46 4126.03 4127.11 4128.87 4129.54 4123.76 4116.36 4104.91 4101.73 4103.78 4104.46 4104.63 4104.38 4103.81 4102.39 4100.39 4097.9 4095.86 4094.07 4100.9 4122.51 4150.59 4173.43 4187.91 4193.66 4192.45 4190.46 4189.74 4192.04 4198.07 4190.7 4187.07 4182.27 4177.98 4173.29 4169.07 4164.34 4159.89 4155.13 4150.78 4147.17 4144.98 4143.72 4142.14 4141.57 4142.23 4143.75 4147.02 4149.24 4152.36
4111.41 4105.09 4104.34 4105.26 4106.05 4107.8 4110.86 4113.78 4117.57 4121.11 4125.46 4129.71 4132.68 4132.72 4127.15 4129.32 4130.94 4130.34 4128.86 4127.07 4123.92 4117.2 4112.6 4108.97 4106.83 4102.77 4102.21 4102.84 4103.37 4103.77 4103.89 4103.01 4100.02 4097.48 4093.61 4093.95 4099 4112.06 4137.12 4162.3 4180.86 4182.79 4183.14 4182.9 4182.62 4187.71 4199.16 4204.28 4199.89 4192.81 4185.97 4179.4 4173.23 4167.28 4161.92 4156.46 4151.76 4147.85 4145.59 4143.61 4142.02 4141.42 4142.16 4144.2 4148.88 4153.53 4159.34
4110.01 4108.05 4105.75 4104.31 4104.45 4105.91 4108.25 4110.81 4115.7 4120.75 4126.98 4134.26 4143.02 4154.08 4161.43 4149.87 4141.38 4135.75 4131.2 4127.15 4121.87 4114.5 4107.34 4100.43 4097.34 4100.32 4102.49 4103.88 4104.34 4104.25 4103.54 4102.17 4100.03 4097.76 4094.83 4094.66 4096.62 4107.04 4124.62 4144.69 4161.09 4167.52 4171.37 4173.85 4174.94 4178.97 4190.69 4204.26 4206.67 4199.8 4191.87 4183.66 4176.58 4169.86 4163.53 4157.89 4152.74 4148.33 4145.24 4142.65 4140.93 4140.98 4141.83 4144.16 4149.66 4156.5 4167.28
4108.43 4106.8 4103.93 4101.77 4102 4103.7 4106.15 4109.74 4114.33 4120.54 4127.74 4136.68 4147.97 4162.48 4171.55 4158.94 4147.06 4138.62 4132.79 4127.7 4122.65 4117.16 4109.67 4100.97 4098.99 4102.37 4105.42 4106.53 4106.35 4105.65 4104.79 4103.7 4101.75 4099.13 4097.09 4096.16 4099.25 4102.71 4111.96 4122.51 4135.79 4150.28 4159.92 4166.46 4170.95 4173.3 4178.36 4201.3 4209.47 4203.12 4194.82 4186.38 4178.59 4172.08 4165.44 4158.82 4153.3 4148.65 4145.07 4141.18 4140.58 4140.65 4141.08 4143.3 4148.12 4154.49 4164.4
4106.26 4102.11 4096.62 4097.53 4098.4 4100.76 4103.61 4107.77 4112.74 4118.19 4125.46 4134.15 4144.94 4154.34 4157.1 4153.88 4145.5 4138.03 4132.21 4127.78 4124.51 4120.72 4114.83 4109.53 4105.75 4111.54 4111.73 4110.37 4108.57 4106.9 4105.82 4105.83 4102.48 4100.39 4098.32 4097.24 4096.15 4096.64 4102.09 4108.15 4120.29 4136.24 4149.48 4160.36 4169.54 4176.06 4181.37 4199.56 4208.29 4202.22 4195.23 4188.07 4180.68 4173.64 4166.28 4159.77 4154 4148.94 4145.09 4144.28 4141.61 4139.72 4139.81 4141.36 4143.9 4149.04 4159.27
4100.67 4095.87 4093.17 4093.9 4095.43 4097.76 4100.67 4104.29 4108.44 4113.15 4119.56 4126.95 4136.62 4150.38 4152.9 4144.52 4138.4 4133.13 4128.7 4125.71 4124.57 4126.85 4134.76 4138.58 4138.05 4127.06 4119.67 4114.81 4110.94 4108.08 4105.36 4102.21 4100.66 4099.45 4098.46 4097.64 4098.9 4095.26 4097.07 4101.97 4112.98 4127.63 4142.11 4155.42 4168.08 4178.95 4185.33 4193.74 4198.35 4196.31 4192.48 4187.31 4181.05 4174.36 4166.62 4159.93 4154 4148.29 4143.33 4141.33 4138.51 4137.25 4137.86 4139.5 4141.1 4142.5 4150.08
4096.33 4091.33 4091.17 4091.47 4092.19 4094.15 4096.71 4099.67 4102.91 4106.51 4110.59 4114.61 4119.04 4124.52 4130 4128.7 4127.17 4125.07 4123.1 4121.59 4121.34 4124.1 4134.02 4148.39 4150.89 4133.83 4123.66 4117.39 4112.65 4108.64 4104.87 4101.58 4098.66 4097.69 4096.99 4095.67 4094.15 4092.61 4094.9 4100.25 4109.56 4122.26 4136.35 4150.75 4165.42 4177.91 4184.35 4185.41 4182.37 4189.14 4189.23 4185.79 4180.32 4174.48 4167.28 4160.42 4153.61 4147.08 4140.82 4134.8 4132.1 4134.19 4136.3 4138.9 4141.65 4143.81 4148.38
4098.22 4094.44 4092.37 4089.64 4088.95 4090.7 4092.74 4095.18 4097.66 4099.76 4101.54 4102.03 4100.32 4094.96 4101.32 4110.4 4114.5 4115.71 4115.65 4115.17 4114.6 4113.27 4110 4119.73 4127.44 4126.29 4121.34 4116.67 4112.69 4108.94 4104.98 4099.38 4096.53 4097.94 4096.56 4094.21 4091.52 4091.89 4094.08 4097.37 4106.86 4118.35 4131.04 4145.29 4160.95 4177.9 4183.06 4183.88 4185.34 4187.56 4187.14 4184.43 4179.95 4174.32 4167.25 4160.51 4153.39 4146.63 4139.71 4134.31 4131.43 4133.31 4135.48 4138.65 4143.4 4150.13 4151.27
4103.11 4099.22 4092.82 4085.65 4085.18 4086.88 4088.85 4090.8 4092.35 4093.37 4093.72 4092.84 4090.29 4086.99 4091.27 4098.78 4103.98 4107.33 4108.95 4109.57 4108.41 4106.23 4104 4106.28 4112.52 4116.97 4116.71 4114.45 4111.69 4109.15 4106.98 4105.71 4104.87 4101.13 4096.8 4093.51 4090.2 4091.09 4094.46 4098.96 4105.02 4114.58 4125.07 4137.24 4151.36 4164.54 4173.96 4180.95 4187.71 4187.35 4186.24 4183.71 4179.44 4173.92 4167.88 4160.91 4154.03 4147.09 4140.57 4135.53 4133.44 4133.01 4134.36 4137.33 4141.86 4148.22 4149.12
4107.91 4112.56 4089.69 4081.23 4083.44 4085.01 4086.65 4088.15 4089.44 4089.32 4089 4087.82 4086.37 4086.23 4088.48 4093.02 4097.54 4100.99 4102.73 4103.93 4103.81 4103.26 4102.87 4105.11 4108.37 4111.5 4112.33 4111.43 4109.84 4108.26 4107.69 4109.48 4111.26 4102.42 4095.79 4091.17 4088.17 4087.69 4093.25 4098.12 4103.36 4110.01 4117.97 4127.07 4138.33 4152.07 4164.66 4173.22 4179.63 4183.7 4184.55 4181.72 4177.88 4173.2 4167.57 4161.13 4154.5 4147.27 4141.17 4135.5 4131.95 4132.21 4133.64 4135.71 4137.41 4139.05 4142.64
4103.7 4101.37 4092.29 4085.96 4083.89 4084.4 4085.39 4086.54 4087.2 4087.64 4087.16 4086.11 4084.85 4084.83 4087.4 4090.16 4093.93 4096.96 4098.74 4100.75 4101.86 4103.65 4105.78 4107.21 4107.59 4108.54 4108.82 4108.13 4106.81 4105.31 4104.19 4103.73 4101.47 4097.22 4093.18 4088.44 4087.79 4089.99 4093.5 4096.5 4100.77 4105.15 4110.23 4115.4 4121.88 4134.37 4150.24 4162.35 4172.97 4182.23 4183.06 4179.91 4176.15 4171.73 4165.95 4160.48 4154.94 4148.27 4142.05 4135.72 4131.57 4131.68 4134.03 4135.58 4135.57 4134.42 4136.78
4095.73 4089.34 4086.4 4085.31 4084.1 4084.19 4084.86 4085.51 4086.01 4086.44 4086.02 4085.55 4084.61 4084.6 4087.04 4090.18 4093.22 4096.21 4098.21 4100.38 4102.15 4104.99 4107.68 4107.08 4107.66 4107.59 4107.14 4106.13 4104.5 4102.21 4099.78 4096.19 4091.3 4091.42 4091.81 4091.31 4090.08 4090.38 4093.66 4095.49 4097.98 4100.81 4103.14 4104.31 4103.82 4106.47 4125.76 4147.47 4172.99 4183.35 4178.78 4175.95 4172.82 4169.17 4164.84 4159.66 4154.37 4149.15 4143.38 4137.48 4131.33 4133.36 4136.62 4138.24 4138.35 4137.84 4135.54
4091.68 4087.7 4085.19 4084.35 4084.26 4084.41 4084.91 4085.82 4086.37 4086.52 4086.71 4086.29 4086 4086.34 4087.43 4089.84 4091.75 4094.19 4096.45 4098.1 4100.53 4102.95 4105.38 4107.68 4107.19 4106.09 4104.65 4102.96 4100.73 4098.42 4095.48 4091.77 4088.12 4088.75 4091.32 4094.62 4092.06 4090.46 4090.21 4093.04 4096.14 4097.83 4098.87 4098.79 4096.28 4095.75 4107.09 4127.91 4149.5 4162.93 4168.42 4170.21 4169.57 4167.31 4163.62 4159.47 4155.08 4150.64 4146.23 4142.74 4139.88 4140.83 4142.44 4143.16 4142.95 4142.08 4140.04
4090.06 4088.04 4086.84 4085.33 4084.68 4084.58 4085.05 4085.86 4086.41 4086.88 4087.49 4087.68 4088.1 4088.53 4088.94 4090.34 4091.85 4093.4 4095.03 4096.87 4098.63 4101.43 4103.49 4105.84 4106.26 4104.35 4102.29 4100.19 4098.09 4095.63 4092.86 4089.84 4087.3 4087.46 4089.59 4091.74 4091.72 4092.3 4095.42 4096.1 4096.23 4096.9 4097.41 4098.44 4099.24 4096.78 4095.6 4111.56 4129.54 4143.4 4159.15 4166.27 4168.27 4167.1 4164.27 4161.79 4158.06 4153.54 4150.52 4148.96 4149.79 4149.74 4149.61 4149.74 4148.83 4147.7 4147.31
4089.63 4087.79 4086.12 4085.3 4084.97 4085.02 4085.57 4086.33 4087.16 4088.11 4089.06 4089.62 4090.22 4090.65 4090.44 4091.21 4092.07 4092.88 4093.79 4095.02 4096.42 4097.66 4099.67 4106.5 4104.2 4101.97 4100.08 4098.11 4095.93 4093.78 4091.03 4088.78 4087.11 4086.61 4086.86 4088.35 4089.43 4092.36 4097.62 4096.78 4095.95 4096.24 4097.43 4099.45 4102.68 4098.48 4091.19 4105.46 4126.81 4144.4 4159.37 4165.92 4168.05 4167.46 4165.56 4162.58 4159.18 4156.36 4154.17 4153.14 4152.47 4153.5 4156.38 4157.89 4157.54 4156.43 4154.79
4089.26 4087.41 4085.73 4085.16 4085.58 4086.27 4087.16 4087.95 4089.13 4090.68 4092.1 4092.74 4090.4 4091.72 4092.56 4092.22 4091.85 4092.09 4092.52 4093.01 4093.89 4095.68 4096.12 4097.81 4098.57 4098.46 4097.56 4096.19 4094.48 4092.35 4090.01 4087.86 4086.15 4084.61 4083.21 4083.37 4085.45 4087.25 4090.08 4093.93 4094.92 4095.79 4097.17 4099.21 4099.94 4098.65 4096.2 4110.44 4134.57 4159.21 4164.77 4168.1 4168.73 4167.56 4165.22 4162.47 4160.02 4157.48 4156.3 4156.35 4157.32 4160.07 4162.85 4165.81 4168.81 4166.93 4163.22
4089.31 4087.88 4086.64 4086.14 4086.77 4087.66 4088.49 4089.55 4090.65 4092.8 4095.17 4098.3 4102.34 4098.61 4095.61 4093.47 4092.31 4091.23 4090.93 4090.53 4090.5 4091.07 4090.76 4090.39 4093.54 4095.37 4095.47 4094.82 4093.48 4091.7 4089.42 4087.07 4084.49 4082.33 4081.6 4081.57 4082.8 4083.62 4085.96 4091.58 4093.3 4094.87 4096.83 4099.39 4103.12 4104.3 4108.52 4122.57 4142.28 4157.47 4167.94 4169.86 4168.76 4166.62 4163.96 4161.36 4159.05 4157.26 4156.62 4157.12 4159.23 4163.67 4166.35 4170.34 4174.52 4173.54 4171.48
