real_craters/C097-750m.grd
DSAA
88 88
-32.4625 32.4625
-32.4625 32.4625
3181.8338399621 4716.0647417811
[rows 0 to 37 of 88, columns 0 to 83 of 88]
4123 4121 4124 4126 4124 4127 4131 4132 4132 4135 4138 4138 4134 4135 4134 4133 4132 4133 4138 4139 4140 4140 4150 4165 4158 4143 4155 4149 4146 4146 4155 4163 4172 4189 4183 4212 4246 4241 4255 4242 4219 4205 4197 4194 4201 4211 4220 4225 4225 4220 4209 4205 4202 4200 4199 4205 4204 4202 4198 4173 4171 4172 4172 4169 4170 4170 4167 4163 4161 4162 4164 4160 4155 4151 4151 4151 4151 4150 4148 4141 4133 4128 4123 4124
4125 4127 4125 4123 4120 4127 4131 4130 4130 4135 4137 4136 4140 4137 4133 4131 4131 4139 4138 4138 4142 4151 4154 4158 4162 4167 4156 4143 4146 4164 4176 4174 4171 4175 4185 4216 4200 4187 4205 4210 4207 4204 4202 4200 4207 4216 4218 4213 4210 4204 4205 4203 4202 4200 4196 4199 4197 4193 4190 4173 4172 4172 4171 4170 4174 4168 4166 4164 4162 4163 4161 4157 4150 4146 4148 4148 4148 4147 4145 4140 4131 4129 4127 4127
4126 4126 4122 4118 4118 4123 4126 4129 4134 4135 4136 4137 4132 4131 4131 4131 4129 4133 4137 4137 4140 4146 4155 4158 4166 4166 4152 4138 4145 4179 4191 4178 4160 4144 4168 4187 4168 4173 4176 4181 4193 4200 4206 4212 4216 4219 4216 4205 4200 4196 4198 4200 4198 4194 4195 4196 4191 4184 4180 4173 4172 4175 4172 4171 4171 4169 4166 4163 4163 4162 4161 4155 4147 4145 4146 4146 4146 4145 4143 4137 4129 4129 4131 4131
4126 4124 4119 4120 4123 4127 4131 4130 4132 4134 4135 4136 4134 4129 4130 4133 4134 4133 4136 4136 4136 4140 4169 4177 4163 4158 4148 4143 4153 4183 4200 4175 4153 4137 4144 4157 4162 4166 4171 4174 4186 4198 4208 4219 4222 4217 4209 4197 4194 4193 4196 4198 4198 4196 4193 4198 4190 4184 4178 4172 4175 4172 4172 4172 4173 4173 4166 4163 4161 4159 4158 4154 4148 4145 4144 4144 4143 4143 4140 4134 4129 4130 4134 4134
4124 4125 4125 4125 4125 4127 4127 4129 4131 4134 4135 4136 4136 4128 4130 4132 4137 4136 4136 4136 4135 4133 4140 4149 4148 4142 4147 4143 4149 4167 4172 4157 4142 4138 4146 4155 4154 4159 4169 4179 4186 4196 4208 4221 4222 4213 4201 4194 4192 4192 4194 4198 4200 4199 4197 4199 4191 4182 4183 4178 4173 4178 4173 4170 4168 4168 4165 4162 4160 4160 4160 4154 4146 4142 4141 4140 4140 4139 4137 4134 4126 4130 4135 4137
4122 4122 4125 4126 4126 4126 4127 4129 4131 4133 4135 4136 4133 4130 4131 4131 4132 4133 4134 4136 4137 4135 4131 4137 4142 4141 4141 4139 4135 4141 4130 4139 4132 4125 4139 4152 4152 4159 4163 4171 4181 4191 4203 4217 4218 4209 4200 4194 4198 4204 4202 4206 4205 4203 4203 4201 4193 4187 4182 4177 4175 4174 4177 4169 4167 4165 4164 4162 4162 4163 4163 4160 4148 4142 4139 4138 4137 4135 4133 4128 4122 4132 4138 4139
4118 4119 4120 4121 4123 4124 4124 4127 4130 4132 4135 4138 4135 4131 4132 4133 4128 4131 4134 4137 4140 4141 4133 4136 4143 4145 4136 4135 4134 4139 4147 4136 4128 4127 4135 4147 4150 4158 4165 4168 4175 4185 4196 4209 4214 4206 4199 4200 4230 4235 4245 4236 4208 4204 4209 4203 4193 4185 4179 4174 4171 4168 4167 4167 4162 4161 4161 4161 4162 4162 4162 4159 4149 4141 4137 4134 4133 4131 4130 4128 4125 4132 4137 4141
4120 4119 4119 4122 4122 4123 4123 4126 4129 4132 4133 4134 4132 4133 4130 4131 4132 4131 4134 4139 4141 4141 4140 4136 4135 4135 4132 4131 4131 4131 4129 4128 4125 4122 4133 4148 4153 4177 4158 4167 4169 4178 4189 4201 4204 4205 4204 4215 4233 4247 4264 4248 4207 4200 4204 4196 4189 4184 4175 4169 4166 4168 4165 4163 4159 4158 4158 4156 4158 4162 4159 4156 4140 4137 4133 4132 4131 4129 4126 4125 4127 4129 4138 4142
4114 4116 4116 4119 4121 4122 4124 4126 4128 4128 4132 4132 4120 4126 4126 4125 4128 4131 4134 4143 4142 4141 4145 4135 4128 4127 4131 4129 4125 4126 4126 4127 4129 4128 4134 4147 4141 4085 4131 4168 4161 4174 4187 4196 4205 4210 4216 4215 4208 4231 4243 4229 4201 4196 4195 4190 4188 4183 4173 4168 4165 4160 4158 4159 4157 4156 4153 4150 4153 4153 4150 4148 4144 4136 4131 4130 4128 4127 4124 4122 4123 4128 4134 4139
4112 4114 4120 4116 4119 4121 4122 4124 4126 4125 4133 4140 4133 4121 4122 4125 4126 4133 4142 4150 4166 4157 4140 4132 4126 4125 4126 4128 4129 4128 4125 4126 4128 4126 4129 4137 4149 4169 4169 4166 4164 4174 4188 4202 4214 4217 4222 4218 4205 4224 4248 4262 4220 4203 4192 4183 4179 4182 4175 4170 4166 4160 4160 4156 4154 4153 4152 4146 4146 4145 4143 4139 4136 4134 4130 4129 4127 4127 4127 4124 4121 4128 4134 4137
4110 4111 4113 4120 4121 4123 4124 4125 4128 4130 4135 4140 4139 4127 4126 4121 4124 4132 4142 4146 4155 4144 4132 4128 4125 4125 4124 4125 4128 4127 4124 4124 4127 4122 4123 4133 4148 4157 4160 4162 4163 4177 4192 4207 4222 4222 4207 4202 4204 4213 4227 4237 4239 4212 4193 4185 4182 4178 4176 4170 4164 4157 4156 4155 4153 4149 4145 4143 4142 4143 4141 4136 4136 4134 4131 4128 4126 4125 4125 4122 4119 4124 4128 4131
4110 4110 4112 4116 4124 4126 4128 4130 4126 4124 4131 4140 4135 4148 4141 4123 4123 4128 4135 4133 4125 4126 4125 4125 4120 4125 4126 4127 4127 4125 4125 4126 4127 4123 4123 4136 4146 4155 4160 4159 4174 4179 4189 4207 4219 4225 4228 4203 4201 4201 4202 4200 4220 4217 4200 4186 4181 4174 4171 4171 4168 4155 4153 4151 4149 4146 4144 4142 4141 4140 4140 4138 4137 4133 4130 4127 4125 4123 4120 4119 4118 4121 4125 4127
4109 4110 4111 4120 4125 4127 4131 4132 4127 4116 4125 4128 4124 4128 4127 4118 4120 4124 4124 4126 4120 4126 4127 4130 4131 4129 4127 4126 4128 4130 4127 4127 4125 4130 4163 4159 4151 4146 4153 4167 4169 4180 4192 4204 4212 4216 4227 4202 4192 4193 4193 4195 4210 4232 4218 4183 4182 4176 4171 4169 4165 4153 4151 4148 4145 4144 4141 4141 4141 4142 4140 4139 4137 4133 4127 4125 4123 4121 4122 4118 4118 4118 4121 4122
4108 4109 4110 4113 4119 4126 4134 4143 4132 4128 4126 4126 4122 4120 4116 4113 4118 4125 4137 4136 4126 4120 4126 4135 4140 4134 4129 4126 4125 4123 4126 4123 4125 4139 4172 4173 4157 4143 4148 4157 4165 4176 4192 4205 4219 4225 4204 4194 4192 4193 4196 4198 4214 4251 4234 4204 4184 4175 4168 4166 4163 4152 4154 4146 4143 4145 4144 4142 4141 4140 4138 4137 4135 4134 4130 4126 4123 4121 4117 4118 4118 4116 4118 4121
4109 4111 4114 4110 4113 4120 4127 4130 4124 4118 4119 4121 4119 4122 4123 4116 4121 4125 4124 4129 4137 4121 4126 4135 4140 4135 4130 4127 4124 4126 4126 4124 4122 4138 4170 4168 4162 4153 4150 4150 4157 4174 4191 4206 4217 4219 4204 4203 4194 4198 4203 4211 4206 4211 4228 4241 4208 4178 4166 4165 4166 4155 4157 4147 4144 4143 4145 4143 4142 4141 4141 4142 4143 4137 4132 4128 4124 4122 4122 4120 4119 4116 4116 4118
4109 4111 4117 4116 4114 4116 4117 4113 4115 4117 4112 4112 4113 4116 4128 4131 4130 4128 4124 4125 4128 4130 4129 4135 4137 4135 4129 4123 4122 4124 4127 4129 4130 4132 4138 4156 4166 4181 4195 4165 4162 4178 4194 4207 4214 4209 4205 4200 4197 4202 4206 4209 4193 4197 4216 4236 4251 4195 4175 4171 4167 4154 4153 4145 4144 4143 4143 4143 4143 4142 4142 4144 4145 4141 4133 4127 4124 4120 4118 4119 4117 4114 4114 4114
4110 4111 4112 4112 4110 4112 4114 4117 4116 4110 4111 4112 4108 4113 4136 4140 4135 4134 4132 4124 4125 4128 4130 4132 4135 4136 4132 4126 4122 4122 4129 4151 4147 4134 4139 4152 4161 4164 4157 4157 4164 4185 4200 4215 4223 4219 4202 4202 4202 4202 4200 4199 4199 4199 4205 4213 4235 4216 4194 4178 4170 4156 4155 4149 4145 4142 4142 4144 4145 4147 4148 4147 4149 4143 4134 4127 4124 4121 4118 4116 4114 4113 4112 4111
4109 4105 4109 4107 4105 4109 4114 4118 4118 4113 4108 4107 4106 4107 4112 4125 4134 4140 4150 4146 4124 4123 4131 4138 4141 4141 4139 4136 4133 4124 4123 4131 4134 4141 4152 4160 4163 4160 4154 4163 4165 4182 4216 4238 4250 4253 4236 4219 4208 4198 4198 4192 4203 4199 4196 4196 4204 4207 4197 4183 4173 4156 4156 4146 4145 4144 4142 4143 4146 4151 4152 4147 4145 4141 4135 4131 4126 4123 4120 4117 4114 4111 4112 4112
4110 4111 4110 4106 4105 4108 4113 4118 4121 4117 4114 4108 4106 4103 4110 4119 4132 4143 4153 4168 4132 4122 4127 4141 4144 4148 4151 4158 4150 4135 4125 4128 4131 4145 4163 4178 4180 4179 4188 4233 4235 4233 4250 4265 4281 4286 4282 4272 4243 4219 4226 4222 4207 4196 4188 4180 4181 4202 4194 4179 4167 4152 4151 4145 4143 4142 4141 4142 4144 4146 4145 4147 4145 4142 4136 4131 4127 4125 4123 4119 4114 4111 4111 4112
4108 4109 4106 4105 4103 4106 4110 4113 4114 4115 4120 4108 4106 4107 4110 4116 4130 4143 4149 4131 4127 4118 4118 4119 4139 4155 4165 4162 4158 4167 4154 4158 4215 4213 4212 4210 4209 4211 4227 4285 4281 4288 4295 4296 4305 4312 4304 4281 4266 4261 4252 4243 4218 4191 4189 4186 4177 4181 4194 4193 4171 4154 4146 4143 4140 4138 4140 4142 4144 4144 4144 4145 4147 4144 4134 4128 4126 4126 4125 4124 4116 4112 4112 4113
4106 4107 4105 4105 4102 4105 4108 4108 4109 4111 4106 4107 4109 4116 4131 4119 4133 4147 4157 4149 4130 4120 4116 4120 4144 4167 4189 4216 4238 4232 4234 4239 4263 4277 4259 4241 4236 4243 4267 4285 4299 4326 4321 4309 4306 4305 4284 4266 4257 4269 4257 4254 4234 4213 4198 4186 4171 4173 4195 4199 4159 4152 4141 4142 4139 4138 4139 4142 4146 4146 4142 4138 4136 4132 4127 4122 4123 4128 4125 4122 4116 4111 4113 4116
4106 4109 4109 4108 4109 4109 4108 4106 4105 4112 4118 4115 4122 4116 4112 4117 4135 4148 4161 4153 4117 4117 4125 4135 4155 4177 4206 4241 4270 4257 4257 4265 4264 4275 4265 4252 4248 4257 4275 4268 4314 4326 4316 4304 4292 4282 4270 4254 4239 4234 4240 4251 4280 4243 4205 4182 4168 4171 4196 4200 4155 4150 4141 4143 4139 4137 4139 4143 4147 4152 4151 4135 4129 4126 4122 4118 4120 4124 4126 4125 4119 4116 4117 4121
4103 4109 4111 4113 4114 4113 4110 4107 4107 4106 4107 4135 4153 4167 4181 4160 4146 4148 4152 4143 4115 4121 4139 4156 4166 4183 4206 4230 4241 4238 4223 4241 4251 4249 4252 4251 4252 4258 4265 4275 4291 4292 4290 4292 4287 4277 4250 4244 4229 4221 4224 4238 4247 4235 4204 4173 4163 4167 4195 4186 4152 4151 4146 4144 4139 4137 4139 4142 4146 4151 4153 4129 4125 4122 4119 4116 4120 4126 4126 4125 4121 4119 4120 4123
4105 4111 4114 4114 4113 4112 4110 4109 4109 4103 4147 4193 4179 4172 4159 4142 4139 4141 4142 4143 4131 4129 4140 4156 4172 4186 4200 4211 4211 4219 4222 4219 4239 4234 4239 4244 4249 4254 4260 4280 4288 4278 4276 4283 4288 4279 4270 4240 4227 4223 4223 4231 4234 4229 4219 4191 4163 4165 4208 4198 4154 4149 4144 4146 4137 4137 4138 4139 4140 4139 4132 4125 4122 4119 4117 4116 4119 4123 4125 4125 4124 4123 4122 4123
4112 4114 4114 4113 4112 4111 4111 4109 4111 4107 4169 4214 4178 4134 4131 4119 4123 4130 4135 4138 4134 4141 4144 4158 4174 4184 4193 4202 4212 4213 4215 4206 4215 4222 4227 4234 4241 4246 4255 4272 4270 4265 4277 4276 4272 4270 4247 4234 4230 4229 4232 4231 4229 4220 4219 4222 4170 4169 4202 4213 4190 4155 4139 4138 4137 4137 4137 4136 4134 4131 4126 4122 4120 4117 4115 4116 4118 4121 4124 4126 4128 4127 4124 4127
4113 4112 4111 4112 4113 4112 4111 4108 4109 4108 4157 4200 4165 4131 4124 4115 4117 4123 4128 4130 4136 4151 4185 4178 4176 4181 4187 4191 4190 4196 4205 4193 4202 4214 4218 4223 4230 4238 4245 4250 4266 4266 4270 4276 4276 4268 4254 4237 4239 4243 4245 4240 4230 4225 4218 4215 4195 4165 4175 4205 4229 4221 4140 4134 4140 4138 4136 4133 4130 4126 4122 4120 4119 4116 4115 4116 4120 4120 4123 4127 4130 4132 4136 4132
4102 4103 4107 4109 4111 4112 4109 4107 4106 4110 4148 4179 4156 4124 4123 4117 4117 4122 4127 4127 4129 4142 4156 4167 4172 4177 4183 4188 4189 4196 4203 4192 4191 4197 4209 4218 4225 4236 4245 4257 4269 4279 4278 4287 4297 4277 4256 4246 4250 4257 4267 4258 4244 4223 4217 4214 4193 4166 4165 4157 4214 4223 4150 4137 4140 4138 4135 4132 4128 4124 4120 4119 4120 4118 4116 4115 4115 4120 4124 4126 4130 4134 4134 4133
4101 4103 4105 4107 4109 4108 4107 4104 4101 4112 4155 4195 4157 4122 4124 4125 4127 4127 4122 4121 4125 4131 4137 4152 4165 4174 4181 4188 4194 4199 4203 4197 4192 4195 4204 4215 4226 4236 4248 4263 4285 4282 4316 4319 4295 4286 4265 4256 4263 4273 4271 4262 4249 4242 4218 4219 4202 4165 4161 4158 4211 4228 4163 4138 4142 4137 4134 4131 4129 4126 4123 4120 4121 4116 4114 4116 4118 4119 4126 4128 4131 4135 4137 4133
4100 4103 4104 4106 4108 4114 4105 4099 4096 4113 4167 4206 4161 4125 4128 4137 4136 4134 4141 4134 4130 4134 4133 4152 4163 4173 4182 4189 4195 4205 4211 4201 4201 4198 4209 4223 4236 4246 4255 4267 4296 4350 4382 4369 4361 4341 4304 4277 4293 4294 4294 4278 4263 4242 4239 4229 4210 4177 4165 4158 4193 4210 4170 4140 4146 4136 4133 4131 4130 4132 4127 4125 4121 4118 4116 4119 4120 4120 4126 4128 4132 4134 4136 4132
4100 4102 4103 4105 4106 4108 4103 4095 4095 4146 4179 4182 4151 4124 4124 4129 4127 4131 4135 4134 4142 4149 4159 4156 4164 4174 4184 4193 4199 4203 4210 4195 4215 4214 4218 4233 4250 4267 4284 4282 4365 4431 4435 4405 4392 4366 4364 4369 4359 4339 4318 4330 4305 4271 4254 4239 4216 4192 4178 4171 4181 4169 4152 4138 4139 4137 4134 4131 4128 4124 4124 4123 4122 4119 4118 4122 4125 4123 4121 4128 4132 4133 4133 4137
4100 4100 4102 4102 4103 4106 4103 4097 4098 4138 4170 4153 4129 4110 4115 4115 4118 4124 4127 4130 4133 4136 4145 4153 4163 4174 4185 4197 4206 4210 4211 4218 4229 4222 4230 4249 4272 4302 4334 4393 4479 4493 4491 4484 4438 4402 4443 4461 4428 4410 4435 4409 4370 4320 4298 4249 4225 4213 4198 4178 4170 4163 4149 4138 4138 4138 4137 4134 4130 4126 4123 4121 4119 4119 4120 4126 4130 4125 4127 4128 4130 4132 4134 4141
4100 4100 4101 4099 4099 4099 4102 4107 4109 4144 4174 4152 4128 4126 4116 4114 4118 4124 4129 4130 4133 4133 4138 4151 4162 4174 4188 4200 4212 4220 4214 4215 4225 4232 4245 4268 4293 4323 4364 4449 4502 4516 4511 4530 4517 4579 4487 4495 4469 4347 4406 4462 4416 4381 4342 4288 4248 4230 4215 4206 4176 4180 4159 4145 4139 4140 4144 4140 4133 4126 4125 4122 4121 4120 4120 4125 4125 4126 4128 4125 4129 4132 4133 4138
4098 4099 4097 4097 4097 4098 4108 4127 4155 4193 4194 4148 4130 4122 4116 4110 4116 4119 4125 4132 4130 4130 4140 4154 4167 4181 4190 4202 4214 4227 4225 4213 4221 4230 4261 4294 4304 4309 4332 4402 4499 4430 4339 4171 4196 4233 4274 4369 4449 4544 4360 4410 4411 4401 4376 4305 4271 4244 4236 4227 4204 4180 4170 4154 4144 4157 4156 4150 4140 4131 4130 4125 4120 4121 4125 4132 4132 4130 4129 4130 4131 4134 4135 4139
4106 4101 4096 4094 4096 4098 4111 4142 4182 4180 4153 4137 4124 4121 4117 4116 4111 4111 4117 4125 4131 4134 4146 4161 4175 4188 4200 4209 4215 4220 4228 4219 4237 4277 4330 4349 4322 4276 4228 4173 4069 3972 3933 3800 3809 3839 3935 3997 4165 4426 4458 4425 4403 4361 4353 4330 4290 4271 4259 4231 4209 4210 4184 4162 4157 4174 4166 4158 4156 4149 4141 4133 4126 4122 4124 4130 4133 4128 4129 4131 4134 4139 4143 4138
4102 4100 4099 4098 4098 4101 4111 4141 4169 4164 4144 4127 4115 4115 4118 4116 4113 4113 4121 4131 4141 4144 4159 4169 4180 4191 4202 4211 4217 4215 4231 4229 4257 4388 4476 4407 4312 4208 4089 3934 3741 3676 3716 3824 3688 3659 3701 3727 3843 4080 4208 4373 4376 4383 4304 4298 4298 4288 4294 4261 4235 4203 4192 4187 4159 4163 4160 4156 4158 4157 4150 4144 4132 4123 4124 4122 4132 4133 4129 4131 4136 4142 4147 4140
4083 4097 4102 4104 4106 4108 4115 4135 4163 4152 4139 4125 4117 4120 4122 4121 4119 4123 4144 4154 4160 4173 4175 4177 4183 4192 4202 4214 4227 4240 4227 4228 4234 4429 4522 4430 4295 4140 3975 3798 3641 3613 3717 3722 3616 3573 3583 3614 3707 3815 3931 4090 4266 4433 4364 4314 4337 4337 4320 4277 4228 4196 4183 4163 4142 4137 4145 4144 4137 4145 4154 4159 4155 4132 4130 4137 4138 4137 4133 4134 4139 4143 4144 4138
4108 4104 4111 4117 4121 4121 4120 4123 4127 4139 4139 4129 4104 4125 4131 4137 4141 4145 4161 4169 4172 4175 4180 4182 4187 4195 4204 4216 4231 4255 4265 4248 4378 4477 4534 4398 4230 4059 3887 3707 3573 3546 3587 3557 3541 3514 3500 3503 3530 3653 3697 3852 4043 4247 4407 4401 4396 4403 4331 4289 4242 4209 4189 4170 4137 4156 4147 4140 4133 4142 4159 4175 4188 4142 4141 4142 4140 4138 4133 4137 4140 4142 4139 4136
4108 4116 4124 4132 4139 4144 4139 4143 4141 4139 4145 4149 4135 4132 4140 4147 4152 4149 4157 4168 4179 4185 4183 4183 4188 4195 4204 4213 4227 4246 4301 4337 4446 4483 4443 4300 4140 3971 3807 3646 3507 3451 3428 3421 3423 3429 3412 3397 3423 3493 3589 3677 3846 3982 4318 4428 4400 4360 4357 4314 4254 4221 4204 4183 4160 4157 4152 4145 4136 4147 4161 4175 4190 4171 4154 4142 4140 4138 4135 4140 4142 4143 4141 4135
