real_craters/C097-300m.grd
DSAA
217 217
-32.4625 32.4625
-32.4625 32.4625
3177.936434439 4723.1376238505
[rows 180 to 209 of 217, columns 0 to 66 of 217]
4088.15 4088.54 4088.55 4088.41 4088.12 4087.68 4087.71 4086.77 4087.92 4088.51 4088.16 4088.22 4088.61 4089.1 4089.75 4090.08 4089.76 4088.39 4086.99 4088.62 4095.62 4104.61 4114.2 4124 4132.84 4139.61 4141.82 4134.8 4121.34 4099.28 4074.5 4057.71 4051.31 4048.63 4046.32 4046.82 4045.84 4045.86 4048.69 4051.29 4053.66 4055.97 4059.1 4065.94 4069.38 4071.17 4072.11 4072.59 4072.84 4072.79 4072.81 4073.99 4075.91 4078.27 4076.95 4074.61 4072.97 4072.15 4071.07 4070 4067.96 4068.08 4068.1 4069.06 4071.5 4075.39 4080.55
4087.94 4087.78 4087.84 4087.78 4087.61 4087.15 4086.43 4086.61 4087.03 4087.68 4087.93 4088.21 4088.59 4089.13 4089.71 4089.87 4089.53 4088.06 4087.51 4089.62 4096.64 4104.65 4113.47 4122.22 4130.05 4135.87 4138.74 4137.65 4123.69 4097.9 4072.65 4057.3 4052.56 4050.5 4049.84 4048.81 4048.59 4049.17 4050.66 4052.36 4054.82 4058.92 4065.21 4070.96 4072.37 4073.23 4073.81 4074.14 4074.31 4074.35 4074.35 4074.57 4075.42 4076.03 4075.01 4073.46 4072.33 4071.73 4071.61 4072.43 4074.53 4072.69 4071.23 4071.38 4072.21 4073.92 4078.26
4085.63 4086.92 4087.4 4087.49 4087.39 4086.9 4086.33 4086.81 4088.1 4087.01 4087.15 4087.62 4088.25 4088.83 4089.46 4089.88 4090.12 4092.13 4090.31 4091.61 4097.11 4104.4 4112.24 4120.01 4126.94 4132.22 4134.7 4132.06 4118.93 4096.08 4074.77 4061.34 4056.33 4055.22 4053.75 4052.73 4052.35 4054.13 4053.34 4054.33 4056.4 4061.85 4067.94 4073.24 4074.21 4074.85 4075.35 4075.69 4075.84 4075.77 4075.46 4075.01 4074.73 4073.24 4072.53 4072.61 4072.53 4071.96 4071.89 4072.88 4074.41 4076.14 4078.39 4076.04 4074.44 4075.11 4079.3
4085.99 4086.77 4087.23 4087.4 4087.24 4086.91 4086.52 4085.52 4083.92 4085.06 4086.16 4087.37 4088.29 4089.08 4089.58 4090.04 4091.01 4091.07 4089.59 4091.66 4096.79 4103.39 4110.25 4117.15 4123.85 4128.32 4130.27 4126.54 4114 4093.8 4072.57 4063.09 4060.76 4061.29 4061.42 4057.16 4054.75 4052.57 4053.53 4056.71 4060.71 4064.63 4070 4073.34 4074.73 4075.89 4076.71 4077.22 4077.41 4077.51 4077.57 4077.46 4075.35 4072.45 4071.3 4072.99 4073.66 4073.49 4072.86 4072.58 4073.84 4077.82 4080.69 4079.42 4077.07 4077.65 4084.33
4086.78 4086.9 4087.47 4087.82 4087.93 4087.43 4086.14 4083.88 4082.03 4084.04 4085.85 4087.29 4088.45 4089.28 4089.76 4089.63 4088.64 4086.64 4087.04 4090.95 4096.5 4102.24 4108.21 4114.24 4120.3 4124.54 4127.24 4126.86 4120.99 4096.17 4069.93 4067.48 4068.2 4065.11 4063.07 4061.85 4058.2 4053.77 4054.82 4058.99 4063.13 4065.62 4069.61 4072.38 4074.34 4076.64 4077.92 4078.65 4079 4079.11 4078.99 4078.38 4076.79 4075.23 4075.29 4075.56 4076.08 4076.33 4075.66 4074.35 4075.96 4081.81 4084.96 4084.36 4080.99 4082.11 4093.56
4085.6 4086.99 4087.97 4088.58 4088.78 4088.76 4088.55 4088.67 4087 4085.25 4086.08 4087.28 4088.52 4089.6 4090.3 4090.14 4087.79 4086.24 4088.54 4091.74 4095.81 4100.28 4105.12 4110.28 4115.81 4119.64 4123.65 4124.68 4119.63 4109.05 4092.35 4087.76 4084.35 4077.9 4073.8 4070.44 4065.4 4060.76 4059.61 4061.1 4063.3 4065.05 4066.47 4068.52 4074.51 4077.87 4079.7 4080.49 4080.74 4080.65 4080.16 4079 4078.3 4078.07 4078.56 4078.09 4079.63 4081.28 4081.72 4080.81 4084.03 4091.24 4095.19 4094.35 4089.81 4088.91 4102.68
4085.83 4087.6 4088.75 4089.37 4090.22 4090.33 4090.26 4090.3 4086.82 4086.33 4086.75 4087.61 4088.88 4090.35 4091.79 4092.94 4093.51 4093.93 4093.6 4092.99 4094.67 4097.48 4101.11 4105.55 4109.31 4113.24 4118.84 4124.86 4129.46 4130.63 4125.76 4114.54 4107.13 4098.19 4090.71 4082.45 4074.3 4068.34 4065.12 4063.51 4064.13 4065.18 4066.55 4071.73 4077.58 4080.63 4082.02 4082.55 4082.54 4082.25 4081.91 4081.72 4079.83 4077.16 4075.84 4078.79 4083.64 4088.71 4092.59 4094.15 4100.71 4108.32 4110.17 4110.39 4106.58 4105.67 4111.63
4087.41 4089.01 4089.87 4090.49 4090.91 4091.25 4090.68 4087.17 4086.88 4087.68 4087.46 4088.02 4089.33 4091.16 4093.26 4095.78 4098.86 4100.24 4093.8 4092.05 4092.18 4093.72 4095.83 4099.64 4100.97 4105.8 4111.24 4119.89 4134.72 4142.64 4141.68 4130.85 4126.4 4125.28 4109.57 4093.74 4081.31 4072.16 4066.65 4065.19 4065.89 4067.13 4068.71 4073.44 4081.94 4083.86 4084.62 4084.52 4084.09 4083.34 4082.74 4082.67 4079.97 4076.01 4074.46 4079.4 4087.73 4097.76 4107.82 4115.48 4125.97 4135.42 4135.02 4128.64 4123.94 4123.21 4123.56
4086.33 4089.45 4090.18 4091 4091.93 4092.78 4093.13 4092.95 4090.47 4088.68 4087.59 4088.03 4089.54 4091.69 4094.1 4096.55 4098.81 4093.27 4089.36 4088.83 4088.58 4089.28 4091.39 4092.61 4092.6 4095.74 4098.47 4102.63 4110.12 4121.52 4130.37 4126.04 4130.26 4133.13 4116.64 4098.65 4084.69 4073.69 4066.53 4067.1 4068.82 4070.46 4072.5 4077.92 4084.84 4086.45 4087.11 4086.65 4085.71 4084.14 4082.26 4080.37 4077.35 4074.46 4074.11 4080.04 4090.62 4104.74 4122.88 4141.21 4150.26 4159.63 4152.76 4137.31 4131 4122.85 4108.26
4084.11 4088.37 4089.35 4090.64 4092.22 4093.89 4095.45 4096.39 4092.66 4088.7 4086.29 4087.16 4089.15 4091.37 4093.55 4095.08 4094.45 4088.95 4085.78 4085.03 4084.82 4085.01 4085.63 4085.63 4085.56 4084.98 4083.3 4079.77 4072.27 4072.32 4087.82 4100.02 4111.32 4124 4107.8 4095.06 4084.76 4076.05 4071 4071.54 4073.72 4075.51 4077.58 4081.59 4085.52 4088.69 4088.93 4089.8 4088.25 4085.78 4082.31 4077.34 4072.82 4073.44 4074.38 4079.89 4090.13 4104.44 4126.04 4156.6 4153.03 4156.46 4144.17 4125.23 4111.82 4097.66 4076.65
4083.68 4085.99 4087.02 4089.4 4091.75 4093.95 4095.95 4097.26 4090.75 4080.49 4083.34 4086.24 4088.65 4090.73 4092.4 4093.18 4091.98 4085.17 4081.63 4081.07 4080.51 4080.85 4080.62 4080.04 4078.36 4073.85 4069.89 4062.93 4051.85 4044.63 4057.59 4070.81 4075.14 4077.41 4085.71 4085.64 4082.91 4079.26 4075.32 4078.97 4080.9 4081.29 4082.32 4085.73 4091.24 4092.68 4094.42 4094.22 4092.7 4089.96 4085.79 4080.29 4076.08 4076.24 4076.6 4079.96 4086.19 4094.28 4104.64 4114.97 4122.58 4118.77 4114.13 4100.22 4080.25 4069.87 4063.98
4078.09 4077.97 4084.55 4088.4 4091.36 4093.69 4095.21 4095.75 4092.36 4082.9 4084.63 4086.96 4088.83 4090.31 4091.34 4091.46 4089.93 4083.88 4079.57 4077.54 4077.04 4076.2 4074.98 4073.76 4071.01 4066 4060.67 4055.02 4049.12 4046.68 4049.11 4053.83 4053.85 4057.71 4069.96 4077.36 4081.48 4085.13 4089.86 4092.52 4089.69 4086.96 4086.14 4088.08 4092.61 4096.72 4097.83 4099.19 4098.04 4095.69 4091.91 4088.03 4085.48 4082.41 4081.4 4081.39 4081.27 4081.05 4078.55 4077.77 4088.26 4091.38 4088.68 4080.34 4068.05 4062.42 4063.09
4078.24 4082.58 4085 4088.18 4091.06 4093.45 4094.93 4094.49 4095.3 4091.69 4089.16 4088.73 4089.16 4089.76 4090.2 4089.96 4087.66 4083.88 4078.3 4075.52 4073.66 4071.94 4069.94 4067.77 4064.96 4061.17 4056.99 4052.84 4049.72 4048.8 4047.58 4048.86 4049.93 4054.79 4064.57 4073.51 4081.22 4089.38 4100.36 4103.76 4095.89 4091.16 4089.15 4090.84 4099.07 4101.21 4103.4 4104.65 4104.2 4103.62 4100.04 4095.89 4091.67 4088.29 4085.14 4081.26 4078.09 4072.53 4064.82 4062.16 4068.07 4069.78 4071.99 4068.4 4063.27 4060.86 4061.95
4083.07 4083.54 4086.29 4088.52 4090.76 4093.08 4095.85 4098.31 4095.6 4094.46 4091.95 4090.01 4089.1 4088.81 4088.73 4088.57 4087.07 4081.75 4076.89 4073.82 4071.57 4069.57 4067.08 4064.49 4061.75 4058.65 4055.52 4052.15 4049.56 4048.43 4047.98 4049.04 4053.34 4057.8 4064.03 4072.43 4080.59 4088.61 4095.93 4097.97 4095.9 4092.87 4090.88 4090 4095.05 4104.48 4109.61 4112.21 4112.65 4112.7 4109.18 4104.03 4097.74 4095.13 4092.01 4085.51 4080.35 4070.52 4060.35 4057.3 4061.59 4064.76 4064.45 4061.9 4058.84 4059.3 4061.53
4084.33 4086.81 4087.74 4088.79 4090.37 4092.03 4093.42 4095.04 4096.26 4095.73 4092.84 4090.13 4088.55 4087.71 4087.07 4085.84 4082.81 4078.42 4075.34 4073.08 4070.59 4068.05 4065.44 4062.61 4061.12 4058.31 4055.03 4052.46 4049.98 4048.8 4047.74 4048.26 4052.28 4057.5 4064.34 4072.18 4079.71 4085.59 4090.02 4092.43 4093.5 4093.36 4092.62 4092.84 4099.59 4109.57 4117.07 4120.5 4121.32 4121.51 4118.93 4114.53 4108.12 4105.93 4105.78 4105.05 4088.56 4072.54 4060.16 4057.24 4061.38 4064.32 4061.97 4059.6 4058.12 4059.15 4061.59
4084.91 4086.65 4087.19 4088.05 4089.58 4090.84 4091.46 4093.35 4097.45 4095.2 4091.52 4088.69 4087.19 4086.22 4085.51 4084.8 4083.2 4080.26 4077.57 4073.94 4070.73 4067.98 4065.33 4062.6 4058.74 4057.4 4054.95 4052.26 4050.72 4048.7 4046.39 4046.23 4047.93 4055.17 4063.41 4071.77 4079.13 4084.26 4085.97 4087.93 4092.26 4094.54 4095.78 4096.99 4099.43 4117.82 4126.29 4129.09 4130.52 4129.89 4128.88 4127.39 4124.14 4120.24 4114.05 4105.1 4087.26 4073.71 4065.08 4061.58 4061.88 4062.32 4060.87 4059.26 4058.66 4059.75 4061.9
4084.52 4083.9 4085.04 4086.95 4088.65 4090.1 4091.86 4092.55 4092.29 4089.43 4086.67 4085.92 4085.18 4084.42 4083.87 4083.77 4084.6 4083.03 4078.36 4074.27 4070.88 4067.84 4065.2 4062.65 4059.17 4056.73 4054.53 4052.5 4050.71 4048 4045.63 4045.68 4047.54 4055.05 4064.05 4073.01 4080.68 4086.76 4089.94 4091.03 4094.24 4097.32 4100.31 4105.09 4116.74 4131.54 4136.51 4136.91 4135.65 4135.51 4136.19 4138.77 4142.1 4136.59 4115.28 4089.22 4076.72 4072.44 4069.38 4066.5 4064.18 4062.49 4060.79 4059.26 4059.09 4060.39 4062.92
4084.18 4083.26 4084.26 4086.27 4088.16 4089.52 4089.76 4090.02 4088.26 4085.02 4083.18 4083.65 4083.44 4082.79 4082.1 4081.98 4085.15 4084.18 4078.89 4073.97 4070.06 4067.05 4064.47 4062.13 4059.7 4057.2 4054.88 4052.47 4050.32 4048.05 4046.3 4046.4 4049.67 4056.08 4065.36 4075.02 4084.38 4092.81 4097.79 4095.69 4098.79 4100.92 4103.96 4110.76 4122.99 4145.49 4144.57 4140.7 4137.6 4136.12 4137.47 4141.81 4151.35 4150.75 4114.14 4083.9 4071.56 4071.28 4073.43 4069.5 4068.47 4064.87 4061.01 4058.88 4059.05 4061.04 4064.13
4083.78 4083.12 4083.9 4085.92 4088.07 4089.64 4090.2 4089.64 4088.2 4086 4084.08 4083.01 4082.32 4081.61 4081.01 4080.8 4087.85 4085.33 4077.81 4072.32 4069.24 4066.78 4064.39 4062.15 4060 4057.67 4055.2 4052.49 4049.59 4047.77 4047.19 4046.81 4049.88 4057.36 4066.5 4076.39 4087.65 4099.56 4107.97 4108.83 4105.48 4102.75 4103.03 4109.17 4127.14 4154.03 4143.08 4135.92 4131.59 4130.86 4130.62 4131.45 4131.17 4119.14 4101.13 4082.78 4072.49 4068.89 4068.97 4067.68 4065.27 4063.59 4060.71 4058.05 4059.02 4061.87 4065.59
4083.68 4082.86 4083.72 4085.86 4088.36 4090.61 4091 4090.09 4088.68 4087.11 4084.41 4082.56 4081.48 4080.75 4080.4 4082.4 4086.73 4083.24 4075.61 4070.78 4068.5 4066.6 4064.72 4062.77 4060.81 4058.53 4056.17 4053.47 4050.46 4047.37 4045.9 4048.82 4053.26 4059.27 4066.45 4075.5 4086.89 4101.54 4114.74 4113.47 4107.02 4099.89 4095.92 4095.79 4100.15 4122.01 4123.63 4121.45 4119.68 4120.42 4118.83 4115.36 4106.46 4090.91 4085.7 4078.58 4071.81 4065.61 4061.89 4066.05 4066.14 4063.9 4061.13 4059.55 4060.32 4062.99 4066.51
4083.97 4083.31 4083.91 4085.57 4088.37 4091.46 4093.69 4089.57 4085.79 4082.85 4082.18 4081.24 4080.47 4080.03 4079.56 4078.15 4079.73 4078.29 4074.05 4070.38 4068.32 4066.85 4065.2 4063.49 4061.67 4059.67 4057.53 4055.26 4052.66 4048.46 4045.54 4052.45 4057.57 4060.46 4065.03 4071.47 4079.39 4090.54 4101.82 4104.04 4099.22 4090.95 4084.77 4079.06 4072.4 4078.83 4095.77 4102.98 4105.23 4107.95 4106.14 4101.85 4094.06 4085.45 4078.65 4072.41 4066.57 4068.15 4068.47 4067.15 4068.86 4064.21 4061.43 4060.01 4061.81 4064.45 4067.54
4084.3 4083.11 4082.25 4085.29 4087.52 4089.58 4090.36 4086.75 4082.66 4078.78 4079.61 4079.57 4079.11 4079.15 4080.22 4080.33 4076.19 4075.21 4072.6 4069.7 4068.56 4067.39 4065.98 4064.72 4063.03 4061.26 4059.34 4057.26 4055.15 4052.16 4050.56 4054.31 4057.51 4059.29 4061.86 4065.01 4067.79 4069.63 4074.34 4080.28 4080.24 4078.54 4074.31 4068.41 4062.18 4062.49 4076.24 4087.05 4092.13 4096.29 4096.14 4092.91 4087.47 4080.46 4076.76 4072.55 4068.23 4072.19 4071.55 4066.14 4061.82 4062.65 4062.12 4061.92 4063.64 4066.11 4069.49
4085.63 4083.86 4085.36 4086.19 4086.1 4085.63 4084.6 4082.87 4080.62 4080.18 4079.4 4078.09 4076.95 4076.95 4078 4078.69 4077.11 4075.16 4073 4070.94 4069.79 4068.54 4067.14 4065.58 4064.16 4062.79 4061.24 4059.31 4057.39 4056.43 4056.42 4055.56 4056.21 4057.26 4058.19 4058.78 4058.11 4055.18 4057.55 4063.41 4066.09 4068.78 4067.39 4064.13 4061.41 4061.22 4069.2 4077.63 4083.74 4087.02 4087.44 4085.87 4083.26 4080.87 4079.8 4079.95 4081.88 4076.93 4071.58 4066.67 4063.03 4062.84 4063.63 4064.59 4065.73 4067.56 4070.68
4087.25 4086.47 4087.05 4086.48 4084.76 4082.35 4080.64 4079.43 4077.61 4075.28 4074.7 4074.13 4073.81 4073.49 4073.72 4075.88 4077.16 4075.56 4074.26 4073.41 4071.48 4069.61 4068.01 4066.66 4065.49 4064.45 4063.43 4062.23 4060.89 4060.14 4059.53 4057.23 4056.09 4055.8 4055.53 4054.77 4053.47 4051.68 4053.7 4059.01 4064 4064.46 4064.09 4063.33 4063.7 4066.34 4068.33 4072.98 4076.89 4079.65 4080.67 4080.23 4079.43 4079.38 4080.44 4083.76 4090.29 4083.89 4073.49 4066.83 4063.84 4063.42 4065.17 4066.67 4067.14 4068.08 4069.89
4086.71 4088.46 4089.01 4087.12 4084.44 4080.65 4078.52 4077.37 4075.47 4073.26 4071.72 4071.43 4071.21 4070.35 4069.18 4072.16 4074.83 4074.54 4074.1 4073.67 4072.1 4070.4 4068.93 4067.55 4066.65 4066.04 4065.73 4065.42 4064.52 4063.13 4061.67 4058.44 4056.31 4055.02 4054.06 4053.07 4052.11 4051.96 4053.7 4057.43 4060.87 4062.16 4062.52 4063.22 4065.45 4069.75 4067.89 4069.98 4072.06 4073.69 4074.56 4074.67 4074.38 4074.12 4075.04 4077.96 4080.18 4077.71 4070.66 4063.69 4061.65 4063.01 4064.71 4066.34 4067.34 4068.32 4069.04
4087.45 4089 4090.16 4088.7 4085.13 4081.86 4079.08 4077.01 4074.86 4072.44 4071.25 4070.77 4070.39 4069.26 4067.43 4069.4 4071.73 4072.56 4072.77 4072.62 4071.7 4070.31 4069.09 4068.03 4067.31 4067.02 4067.34 4068.38 4067.29 4064.82 4062.93 4059.83 4056.33 4054.54 4053.35 4052.39 4051.93 4052.39 4053.84 4056.47 4059.62 4060.68 4061.44 4062.58 4064.61 4066.48 4066.43 4067.7 4068.86 4069.87 4070.54 4070.72 4070.29 4069.03 4068.4 4069.67 4067.36 4065.42 4066.27 4063.45 4062.52 4063.16 4064 4065.37 4067.05 4068.65 4070.18
4088.78 4088.28 4087.53 4087.72 4085.77 4082.47 4080 4077.58 4075.41 4073.99 4072.96 4071.88 4071.32 4070.46 4069.64 4069.08 4069.76 4070.56 4070.96 4071.15 4070.41 4069.32 4068.56 4067.91 4067.36 4066.93 4066.8 4067.2 4066.57 4064.47 4061.89 4057.46 4055.5 4054.05 4052.96 4052.18 4051.89 4052.25 4053.69 4055.76 4057.87 4059.33 4060.3 4061.37 4062.7 4064.28 4065.6 4066.55 4067.03 4067.01 4067.43 4067.69 4067.6 4066.87 4066.12 4066.33 4064.69 4065.2 4066.29 4067.44 4065.71 4064.31 4063.93 4065.04 4066.84 4068.77 4071.31
4088.89 4088.42 4087.46 4088.04 4087.43 4084.99 4081.7 4078.51 4075.89 4073.98 4073.27 4073.87 4072.94 4072.03 4071.46 4069.06 4068.8 4069.09 4069.11 4068.56 4067.9 4067.96 4067.86 4067.57 4067.17 4066.49 4065.21 4063.4 4063.29 4063.18 4062.1 4058.19 4055.42 4054.03 4052.92 4052.15 4051.93 4052.43 4053.59 4055.32 4057.17 4058.67 4059.85 4060.79 4061.69 4062.87 4064.97 4065.21 4065.37 4065.49 4065.99 4065.94 4066.35 4066.95 4069.48 4067.16 4065.31 4064.67 4067.83 4070.02 4067.67 4065.59 4064.16 4065.28 4067.15 4069.3 4071.6
4089.8 4089.81 4090.02 4090.61 4089.25 4087.59 4082.94 4079.23 4076.14 4073.56 4072.29 4074.05 4074.09 4073.31 4071.05 4069.03 4068.56 4068.4 4067.99 4067.1 4066.49 4067.1 4067.39 4067.42 4067.23 4066.62 4064.96 4062.17 4062.28 4062.11 4061.16 4058.21 4056.24 4054.61 4053.44 4052.6 4051.99 4052.27 4053.64 4055.3 4056.84 4058.34 4059.51 4060.31 4060.83 4061 4062.32 4063.59 4064.35 4064.88 4065.27 4065.72 4066.1 4066.15 4066.17 4068.14 4070.47 4073.48 4071.87 4068.46 4068.81 4067.24 4066.06 4066.28 4067.25 4069.03 4070.63
4090.52 4090.9 4091.27 4091.32 4089.05 4085.69 4082.55 4079.3 4076.33 4073.84 4072.57 4073.36 4074.91 4075.99 4074.61 4071.17 4069.3 4068.42 4067.76 4067.17 4066.93 4066.83 4067 4067.19 4067.34 4067.43 4067.34 4066.12 4063.74 4061.59 4059.65 4059.1 4056.97 4055.27 4054.33 4053.62 4053.03 4052.93 4054.31 4055.73 4057.34 4058.73 4059.28 4059.89 4060.25 4060.36 4061.18 4061.9 4062.88 4063.59 4063.95 4064.63 4065.12 4065.8 4066.48 4070.81 4074.8 4079.43 4078.32 4075.15 4072.51 4069.31 4066.54 4066.84 4067.72 4068.96 4070.17
