real_craters/C098-750m.grd
DSAA
88 88
-32.48 32.48
-32.48 32.48
3743.4485082092 5504.138827772
[rows 38 to 75 of 88, columns 0 to 83 of 88]
4969 4969 4980 4981 4992 4993 4999 4999 4979 4958 4955 4928 4926 4916 4903 4926 4974 4956 4950 4951 4953 4959 4964 4965 4962 4970 4964 4963 4977 4982 4994 5032 5147 5160 4972 4749 4507 4243 4049 3968 3957 3962 3969 3975 3961 3964 3968 3967 3974 4027 4120 4233 4360 4619 4873 5048 5068 5032 4979 4932 4889 4859 4853 4851 4851 4845 4844 4843 4844 4841 4843 4840 4836 4834 4834 4834 4833 4831 4830 4832 4835 4835 4835 4834
4967 4964 4979 4999 4999 5005 5001 4992 4988 4965 4933 4919 4914 4893 4921 4964 4959 4946 4944 4945 4949 4954 4958 4963 4971 4967 4956 4949 4944 4970 5000 5039 5228 5144 4904 4652 4393 4143 3987 3933 3920 3929 3934 3927 3932 3932 3928 3927 3926 3958 4043 4154 4294 4525 4782 5026 5077 5074 5027 4970 4915 4879 4861 4852 4844 4844 4843 4841 4844 4842 4842 4839 4836 4834 4834 4834 4833 4831 4830 4831 4835 4835 4835 4834
4968 4959 4965 4974 4991 5023 4987 4958 4954 4966 4979 4947 4940 4932 4957 4972 4957 4939 4939 4941 4945 4949 4954 4958 4957 4957 4953 4949 4949 4994 5042 5092 5225 5007 4781 4539 4297 4081 3941 3891 3901 3924 3930 3901 3885 3889 3899 3899 3913 3943 3995 4096 4227 4428 4657 4861 5032 5099 5061 4993 4929 4890 4868 4858 4852 4845 4843 4844 4847 4848 4844 4840 4836 4834 4834 4834 4833 4832 4830 4830 4835 4835 4835 4834
4951 4946 4942 4947 4954 4942 4956 4966 4946 4946 4978 4974 4982 4986 4982 4970 4943 4938 4938 4941 4944 4948 4952 4954 4953 4952 4942 4933 4962 5031 5116 5189 5274 4943 4669 4434 4214 4018 3889 3862 3891 3944 3976 3924 3849 3847 3871 3873 3878 3904 3952 4039 4147 4341 4552 4753 5051 5141 5082 4993 4910 4878 4864 4859 4859 4845 4843 4846 4849 4850 4845 4840 4835 4833 4834 4834 4833 4833 4832 4833 4834 4835 4835 4833
4940 4931 4928 4932 4930 4922 4936 4959 4951 4949 4970 4994 4992 4983 5002 4986 4955 4943 4943 4944 4944 4948 4951 4955 4962 4952 4940 4936 4973 5075 5193 5295 5291 4859 4570 4347 4147 3968 3843 3835 3882 3968 4063 4097 3909 3875 3854 3840 3840 3864 3923 3997 4101 4292 4508 4731 5103 5168 5087 4980 4878 4859 4856 4857 4853 4846 4845 4848 4850 4848 4845 4839 4835 4833 4834 4834 4834 4834 4834 4834 4835 4835 4835 4833
4937 4930 4923 4926 4922 4921 4924 4929 4932 4934 4976 4998 4971 4955 5022 4999 4979 4962 4952 4948 4945 4945 4949 4956 4960 4956 4951 4957 5001 5115 5239 5333 5245 4793 4508 4301 4117 3950 3834 3805 3867 3970 4078 4125 4028 3938 3846 3790 3806 3842 3901 4005 4097 4290 4525 4760 5072 5136 5066 4962 4876 4855 4857 4861 4861 4852 4850 4852 4854 4850 4844 4839 4835 4834 4834 4834 4834 4835 4835 4834 4833 4835 4834 4833
4963 4959 4937 4926 4926 4923 4919 4917 4925 4932 4959 4982 4976 5005 5017 4993 4982 4971 4959 4952 4945 4942 4946 4958 4972 4971 4969 4973 5027 5147 5273 5347 5262 4790 4498 4295 4113 3954 3840 3811 3862 3951 4030 4095 4110 3981 3845 3762 3781 3831 3892 3979 4108 4315 4592 4870 5076 5097 5038 4948 4869 4861 4861 4864 4869 4861 4854 4850 4848 4847 4844 4840 4834 4834 4834 4833 4833 4834 4834 4832 4832 4834 4833 4832
5013 5002 4982 4943 4941 4932 4922 4920 4926 4931 4947 4973 4980 4991 5036 4997 4985 4971 4960 4953 4948 4944 4946 4962 4979 4995 5001 5001 5045 5162 5286 5364 5300 4858 4543 4331 4145 3981 3859 3827 3867 3931 3994 4041 4031 3917 3819 3743 3766 3833 3909 3996 4092 4340 4679 5000 5151 5072 5011 4948 4900 4875 4866 4864 4865 4861 4852 4846 4842 4845 4847 4845 4836 4836 4833 4832 4832 4833 4834 4832 4831 4834 4833 4832
4999 5004 5010 4996 4968 4950 4938 4936 4940 4937 4930 4938 5009 4999 5052 5022 4978 4968 4962 4958 4954 4956 4959 4969 4981 4989 5002 5009 5046 5169 5294 5388 5361 4953 4622 4396 4200 4025 3889 3849 3885 3920 3934 3951 3935 3873 3812 3779 3788 3850 3948 4035 4140 4389 4765 5082 5121 5041 4987 4951 4919 4889 4873 4863 4854 4845 4846 4844 4843 4847 4852 4855 4852 4837 4831 4831 4831 4832 4833 4831 4830 4834 4833 4831
4990 4995 5008 5010 4990 4969 4956 4967 4964 4971 4971 5011 5026 5028 5076 5030 4983 4968 4962 4959 4959 4964 4968 4974 4983 4991 5012 5035 5054 5170 5304 5417 5435 5086 4727 4487 4279 4093 3938 3898 3958 3929 3908 3903 3892 3859 3833 3822 3842 3892 3989 4101 4214 4457 4865 5206 5093 4986 4958 4951 4930 4900 4880 4864 4850 4845 4844 4843 4843 4850 4856 4860 4855 4836 4830 4830 4831 4832 4833 4831 4829 4833 4832 4831
4984 4988 5000 5012 4999 4990 5001 4996 4978 4971 4983 5010 5029 5024 5085 5067 4998 4977 4968 4964 4960 4962 4968 4978 4988 4996 5011 5037 5051 5155 5300 5430 5500 5259 4864 4611 4395 4196 4026 3949 3958 3933 3913 3892 3877 3876 3872 3876 3898 3956 4066 4226 4397 4630 4953 5193 5018 4933 4935 4939 4925 4903 4883 4865 4847 4844 4845 4847 4851 4854 4855 4857 4851 4833 4829 4829 4830 4832 4833 4831 4829 4833 4832 4830
5002 5009 5005 4996 4996 5002 5012 5009 4988 4976 4980 4992 5016 5022 5083 5084 5018 4992 4977 4969 4966 4958 4971 4984 4997 5014 4988 5003 5009 5119 5260 5397 5504 5400 5000 4764 4543 4332 4143 4019 3986 3949 3916 3906 3895 3894 3914 3938 3956 4044 4221 4401 4646 4883 5042 5079 4986 4932 4934 4935 4923 4906 4885 4863 4847 4844 4846 4850 4854 4856 4850 4840 4836 4833 4830 4830 4831 4832 4833 4831 4829 4832 4832 4831
5017 5009 5006 5002 5001 5002 5010 5004 4981 4972 4972 4967 4988 5028 5051 5066 5028 5000 4984 4972 4973 4986 4984 4992 5003 5007 5009 4990 4989 5070 5194 5315 5417 5411 5199 4958 4726 4503 4295 4116 4075 4069 3978 3993 3956 3967 4055 4100 4084 4183 4291 4566 4886 5160 5142 5039 4982 4946 4946 4957 4931 4904 4880 4859 4844 4844 4846 4850 4859 4859 4846 4835 4833 4833 4832 4832 4832 4833 4832 4830 4828 4832 4834 4832
5044 5021 5016 5014 5008 4998 4983 4978 4964 4952 4951 4949 4957 4953 4976 5016 5011 4999 4988 4973 4965 4967 4980 4992 5003 5010 4998 4975 4962 5031 5126 5213 5280 5277 5274 5119 4901 4689 4505 4395 4415 4348 4262 4201 4157 4195 4316 4316 4292 4402 4522 4774 5026 5230 5146 5023 4974 4952 4945 4932 4920 4896 4875 4858 4844 4844 4848 4851 4854 4850 4840 4834 4833 4833 4833 4833 4833 4833 4833 4830 4828 4831 4835 4832
5040 5038 5028 5024 5017 5000 4994 4974 4938 4931 4929 4934 4920 4915 4933 4948 4983 4990 4983 4971 4951 4947 4969 4984 4997 5007 5003 4982 4974 5006 5065 5124 5177 5216 5314 5229 5039 4852 4693 4589 4588 4583 4524 4455 4446 4512 4606 4640 4560 4680 4898 5036 5090 5088 5063 5010 4986 4962 4936 4920 4898 4883 4870 4860 4854 4850 4852 4856 4846 4833 4834 4833 4833 4833 4834 4833 4833 4833 4833 4831 4829 4832 4836 4833
5048 5035 5029 5022 5010 4990 4978 4951 4920 4917 4928 4923 4888 4892 4915 4952 4972 4975 4970 4960 4951 4951 4960 4976 4988 5000 5011 4986 4976 4993 5025 5070 5126 5217 5267 5239 5107 4966 4849 4747 4752 4723 4688 4665 4673 4725 4794 4847 4893 5021 5213 5208 5139 5088 5043 5005 4983 4958 4905 4880 4875 4868 4863 4860 4858 4857 4858 4859 4845 4832 4831 4833 4833 4833 4833 4833 4833 4833 4833 4835 4836 4837 4838 4834
5033 5032 5023 5011 4996 4979 4957 4920 4900 4899 4899 4889 4873 4885 4913 4966 4973 4968 4960 4952 4939 4943 4951 4962 4972 4981 4988 4976 4966 4971 4995 5026 5071 5122 5253 5221 5104 5024 4987 5015 5002 4927 4871 4849 4847 4855 4956 5041 5229 5207 5272 5213 5131 5065 5038 5008 4947 4897 4870 4853 4856 4858 4858 4858 4859 4866 4871 4877 4845 4832 4831 4833 4833 4833 4833 4830 4829 4831 4835 4840 4845 4840 4839 4835
5028 5031 5020 5001 4980 4964 4939 4894 4886 4882 4875 4874 4877 4890 4939 4971 4968 4963 4956 4949 4941 4940 4942 4947 4952 4958 4968 4960 4951 4952 4975 4996 5008 5022 5034 5039 5033 5031 5050 5111 5150 5121 5047 4983 4989 5076 5090 5094 5079 5165 5155 5105 5075 5040 5002 4957 4923 4896 4865 4853 4853 4856 4856 4856 4857 4859 4855 4832 4835 4833 4832 4833 4833 4833 4832 4832 4831 4831 4836 4844 4859 4870 4844 4839
5036 5040 5018 4992 4965 4951 4927 4894 4892 4879 4869 4874 4882 4891 4894 4927 4947 4952 4950 4946 4947 4939 4935 4932 4932 4933 4940 4965 4957 4946 4962 4975 4973 4933 4845 4872 4943 4992 5030 5059 5069 5141 5075 5036 5042 5075 5093 5048 5036 5111 5071 5033 5029 4981 4912 4913 4902 4876 4870 4863 4860 4859 4855 4848 4847 4843 4833 4832 4832 4832 4832 4833 4833 4833 4832 4830 4831 4832 4835 4841 4845 4844 4853 4844
5044 5039 5012 4982 4954 4926 4915 4903 4891 4881 4874 4888 4899 4904 4896 4921 4944 4950 4946 4938 4929 4929 4924 4919 4916 4913 4925 4978 4963 4947 4959 4977 4986 4951 4849 4836 4915 4970 4999 5025 5074 5051 5028 5034 5048 5110 5169 5168 5207 5165 5105 5099 5030 4979 4946 4922 4901 4883 4882 4874 4869 4866 4861 4855 4847 4841 4834 4833 4833 4832 4833 4834 4833 4833 4833 4833 4832 4832 4834 4836 4836 4836 4846 4843
5024 5024 4999 4968 4938 4911 4908 4903 4891 4890 4891 4898 4914 4910 4919 4939 4956 4955 4946 4934 4925 4922 4917 4913 4908 4903 4913 4943 4952 4949 4958 4983 5011 5058 5125 4985 4987 4985 4984 4970 4908 5003 4976 4981 4994 4991 4970 4974 4995 4981 5028 5030 5020 5002 4976 4939 4910 4888 4879 4878 4877 4876 4873 4857 4855 4844 4835 4834 4838 4841 4846 4839 4835 4835 4834 4833 4832 4833 4834 4834 4834 4832 4836 4839
5027 5012 4985 4954 4922 4906 4905 4897 4887 4902 4915 4876 4937 4912 4911 4942 4966 4959 4946 4929 4921 4917 4914 4912 4909 4905 4924 4943 4930 4927 4943 4980 5028 5100 5192 5187 5063 4992 4967 4962 4992 4992 4937 4947 4961 4956 4945 4965 4943 4974 4982 4983 4996 5007 5019 4957 4918 4887 4888 4883 4883 4885 4892 4890 4868 4849 4836 4836 4844 4855 4849 4847 4842 4838 4835 4833 4832 4832 4836 4838 4834 4834 4840 4837
4997 4988 4967 4943 4919 4910 4912 4903 4898 4912 4926 4771 4821 4902 4906 4941 4962 4965 4947 4926 4916 4912 4912 4914 4917 4924 4938 4930 4903 4905 4936 4977 5013 5043 5040 5007 4978 4958 4947 4946 4963 4935 4899 4914 4924 4935 4914 4930 4941 4950 4964 4964 4968 4969 4957 4945 4920 4897 4887 4883 4881 4883 4890 4896 4869 4849 4835 4835 4844 4851 4845 4841 4840 4837 4834 4833 4833 4834 4841 4847 4847 4839 4833 4832
4978 4969 4957 4943 4925 4921 4931 4935 4912 4916 4920 4929 4917 4900 4913 4952 4988 4978 4952 4921 4916 4915 4913 4916 4923 4942 4948 4950 4912 4921 4941 4964 4979 4983 4964 4924 4900 4912 4914 4916 4900 4895 4900 4904 4906 4908 4904 4929 4937 4956 4944 4937 4940 4943 4940 4934 4922 4901 4885 4879 4875 4873 4867 4860 4855 4844 4834 4835 4845 4853 4848 4839 4840 4839 4838 4836 4834 4836 4845 4856 4872 4845 4828 4831
4979 4955 4955 4954 4950 4955 4947 4944 4928 4916 4907 4911 4911 4905 4915 4952 4997 4973 4951 4945 4924 4917 4915 4916 4920 4916 4918 4906 4932 4943 4946 4946 4950 4944 4930 4893 4883 4887 4890 4891 4886 4893 4910 4903 4900 4894 4915 4912 4914 4924 4929 4927 4927 4927 4936 4941 4927 4911 4882 4871 4867 4864 4856 4851 4848 4841 4833 4834 4845 4860 4875 4850 4848 4844 4841 4839 4837 4838 4844 4850 4852 4840 4828 4831
4968 4968 4968 4965 4972 4959 4952 4949 4948 4929 4915 4916 4915 4908 4914 4930 4932 4934 4931 4921 4920 4915 4914 4916 4917 4911 4894 4887 4937 4943 4936 4931 4924 4915 4904 4892 4873 4875 4875 4874 4874 4882 4897 4903 4903 4900 4884 4890 4898 4912 4922 4923 4919 4914 4931 4943 4926 4907 4869 4860 4860 4860 4860 4855 4849 4842 4835 4834 4846 4858 4870 4876 4858 4849 4844 4841 4842 4840 4841 4839 4836 4831 4826 4830
4974 4987 4982 4964 4951 4955 4950 4948 4947 4943 4932 4920 4912 4914 4919 4916 4908 4909 4914 4911 4911 4912 4913 4912 4913 4907 4882 4870 4939 4934 4918 4920 4914 4903 4887 4889 4886 4871 4865 4864 4863 4875 4901 4903 4904 4897 4888 4886 4887 4908 4922 4912 4900 4900 4915 4924 4916 4889 4855 4852 4854 4858 4863 4861 4857 4851 4845 4846 4851 4858 4867 4870 4859 4849 4843 4840 4839 4837 4836 4833 4829 4827 4825 4829
4986 4983 4975 4963 4953 4945 4938 4939 4943 4941 4929 4922 4914 4920 4915 4913 4907 4904 4905 4905 4905 4905 4904 4902 4900 4893 4875 4862 4900 4921 4931 4918 4904 4893 4882 4872 4863 4856 4853 4854 4860 4854 4888 4896 4901 4906 4895 4893 4887 4910 4923 4894 4870 4874 4892 4913 4909 4891 4860 4851 4853 4860 4864 4864 4865 4871 4869 4867 4853 4844 4848 4855 4851 4846 4841 4835 4829 4831 4832 4830 4828 4825 4825 4829
5004 4985 4971 4968 4958 4949 4938 4940 4945 4941 4937 4929 4927 4920 4919 4918 4913 4906 4892 4890 4896 4897 4896 4892 4886 4881 4876 4874 4877 4900 4911 4903 4896 4886 4879 4872 4846 4839 4840 4843 4847 4851 4867 4882 4891 4891 4901 4902 4895 4911 4914 4881 4851 4828 4866 4900 4903 4897 4866 4851 4855 4864 4869 4866 4863 4867 4864 4844 4836 4830 4829 4833 4839 4839 4836 4833 4829 4829 4830 4829 4828 4825 4824 4829
5005 4986 4976 4982 4979 4965 4954 4954 4954 4945 4949 4958 4946 4939 4937 4927 4914 4899 4892 4889 4891 4892 4891 4889 4883 4880 4883 4889 4897 4893 4886 4889 4887 4879 4869 4854 4824 4825 4832 4833 4837 4848 4858 4870 4885 4892 4888 4885 4880 4887 4882 4861 4843 4839 4856 4877 4886 4883 4855 4847 4854 4866 4874 4863 4852 4838 4838 4839 4835 4830 4830 4830 4831 4832 4831 4830 4828 4829 4829 4829 4828 4825 4824 4828
5000 4984 4983 4993 5001 4988 4979 4980 4973 4968 4975 4978 4972 4954 4938 4929 4915 4904 4893 4893 4892 4891 4889 4890 4894 4890 4888 4892 4896 4892 4891 4889 4882 4872 4857 4838 4824 4826 4832 4837 4841 4855 4855 4862 4877 4879 4862 4836 4854 4852 4838 4838 4833 4835 4852 4866 4868 4859 4848 4844 4848 4856 4863 4854 4844 4834 4835 4840 4839 4830 4830 4823 4827 4828 4829 4829 4828 4829 4829 4829 4827 4825 4824 4827
5011 4993 4988 5000 5010 5017 5034 5010 4993 4990 4995 4999 4998 4969 4935 4924 4917 4918 4913 4903 4898 4892 4890 4888 4888 4885 4883 4883 4884 4883 4888 4887 4880 4870 4855 4833 4829 4838 4841 4848 4850 4846 4847 4852 4867 4856 4834 4823 4829 4830 4827 4830 4829 4837 4858 4872 4867 4852 4847 4842 4842 4839 4839 4843 4841 4837 4837 4839 4838 4836 4829 4829 4828 4828 4828 4828 4829 4829 4829 4829 4827 4825 4824 4826
5036 5005 5000 5006 5020 5040 5040 5020 5005 4994 4996 5007 5029 4990 4936 4920 4914 4911 4918 4912 4903 4896 4889 4884 4879 4876 4872 4868 4865 4869 4879 4884 4881 4874 4867 4863 4880 4868 4849 4838 4836 4847 4855 4856 4839 4823 4822 4833 4830 4826 4834 4835 4841 4853 4873 4886 4880 4865 4855 4847 4846 4842 4842 4844 4843 4841 4842 4843 4845 4845 4833 4832 4829 4828 4828 4829 4829 4829 4829 4829 4827 4825 4824 4825
5064 5025 5021 5024 5036 5053 5044 5030 5026 5033 5028 5032 5045 5013 4963 4925 4918 4919 4918 4915 4906 4896 4889 4880 4875 4867 4861 4854 4848 4854 4869 4880 4883 4883 4885 4891 4898 4881 4859 4824 4822 4817 4818 4835 4809 4797 4820 4849 4845 4834 4846 4848 4855 4888 4900 4904 4900 4889 4873 4864 4861 4853 4856 4857 4850 4845 4852 4853 4848 4840 4833 4829 4828 4828 4828 4829 4828 4829 4829 4828 4826 4825 4824 4824
5084 5049 5037 5040 5054 5060 5050 5044 5054 5063 5065 5057 5043 5013 4971 4932 4930 4933 4932 4923 4913 4900 4888 4874 4862 4859 4853 4845 4840 4844 4861 4880 4885 4891 4898 4906 4926 4915 4893 4865 4842 4823 4818 4830 4809 4803 4821 4850 4849 4846 4863 4875 4892 4931 4934 4929 4933 4911 4894 4886 4890 4897 4886 4879 4875 4871 4870 4872 4877 4860 4844 4835 4830 4828 4828 4828 4828 4829 4829 4828 4826 4825 4824 4824
5101 5078 5071 5078 5084 5073 5057 5056 5068 5075 5078 5054 5022 4994 4975 4963 4952 4949 4946 4934 4920 4905 4891 4874 4860 4858 4853 4843 4831 4833 4854 4873 4886 4896 4907 4923 4971 4956 4935 4925 4871 4835 4817 4801 4818 4820 4817 4808 4834 4882 4933 4955 4984 4993 4957 4932 4913 4915 4912 4915 4920 4919 4910 4898 4894 4890 4885 4886 4887 4873 4857 4842 4833 4829 4829 4829 4829 4829 4829 4828 4826 4825 4824 4824
5115 5101 5100 5130 5116 5094 5074 5067 5071 5065 5047 5036 5008 5000 4999 4977 4970 4974 4959 4944 4926 4910 4900 4885 4873 4867 4859 4850 4840 4838 4855 4875 4887 4899 4912 4926 4949 4989 4948 4903 4881 4845 4814 4805 4808 4826 4835 4837 4876 4960 4999 5018 5034 4989 4956 4926 4900 4909 4918 4931 4936 4943 4921 4904 4893 4889 4889 4893 4899 4890 4865 4845 4834 4831 4830 4829 4828 4828 4829 4828 4826 4825 4824 4824
5124 5127 5135 5157 5123 5093 5080 5075 5064 5050 5045 5054 5039 5026 5022 4996 4981 4993 4979 4952 4933 4918 4906 4900 4888 4879 4871 4865 4864 4866 4861 4875 4889 4905 4919 4932 4941 4963 4962 4937 4905 4869 4835 4851 4868 4879 4877 4875 4899 4956 4988 4996 4980 4953 4950 4932 4908 4906 4916 4926 4931 4929 4917 4902 4891 4887 4889 4892 4890 4879 4865 4849 4837 4834 4831 4830 4828 4828 4828 4828 4826 4825 4824 4825
