real_craters/C098-500m.grd
DSAA
131 131
-32.48 32.48
-32.48 32.48
3748.2300807771 5513.5362168287
[rows 60 to 89 of 131, columns 0 to 66 of 131]
4968.1 4962.03 4958.07 4961.2 4964.18 4974.91 4986.11 5002.19 5001.04 4982.16 4965.59 4949.87 4950.35 4955.13 4975.32 4985.09 4959.36 4949.64 4948.8 4944.96 4953.77 4963.58 4973.19 4967.22 4955.85 4941.11 4937.77 4938.3 4940.02 4942.36 4944.95 4947.66 4949.4 4953.74 4955.99 4956.95 4952.12 4958.76 4955.23 4951.06 4950.36 4944.62 4953.86 4985.36 5023.43 5060.63 5092.62 5131.11 5232 5050.07 4887.64 4733.24 4571.03 4410.58 4253.85 4109.25 3988.7 3921.17 3889.03 3888.35 3904.43 3923.26 3935.23 3931.64 3905.55 3883 3879.01
4952.58 4950.25 4947.16 4947.15 4947.76 4955.41 4960.41 4957.36 4950.14 4960.72 4963.94 4959.25 4944.34 4938.79 4961.85 4982.07 4972.95 4970.97 4979.39 4986.33 4973.92 4979.32 4975.49 4957.93 4943.43 4939.9 4938 4937.96 4939.79 4942.11 4944.99 4947.3 4950.02 4952.15 4954.34 4954.02 4954.13 4956.18 4950.56 4942.61 4936.05 4941.72 4963.87 5006.81 5061.03 5112.74 5157.08 5190.02 5276 5027.91 4819.64 4653.84 4497.52 4344.25 4197.31 4063.14 3952.63 3888.04 3865.64 3873.92 3898.05 3932.87 3958.63 3962.77 3925.77 3868.3 3845.44
4947.55 4941.19 4936.18 4932.53 4934.46 4939.31 4939.18 4932.96 4929.64 4946.28 4966.56 4970.01 4950.68 4943.58 4948.35 4971.4 4980.09 4984.48 4989.7 4992.05 4997.19 4988.4 4980.37 4965.17 4944.59 4938.13 4939.47 4941.15 4943.01 4944.69 4946.28 4947.05 4948.19 4950.7 4953.14 4954.66 4952.71 4950.86 4945.26 4937 4927.56 4936.88 4973.06 5030.48 5100.12 5166.05 5227.09 5270.88 5277.05 4991.13 4755.02 4586.57 4433.86 4292.55 4153.54 4024.8 3913.74 3853.62 3847.56 3863.26 3897.41 3943.93 3990.73 4026.38 4018.56 3904.33 3857.57
4937.19 4933.28 4928.54 4927.28 4930.91 4930.29 4927.65 4922.79 4922.22 4934.2 4946.63 4949.2 4948.39 4954.65 4946.56 4973.54 4995 4996.05 4988.11 4976.47 4992.79 5009.51 4996.92 4980.64 4956.55 4946.93 4945.57 4944.52 4944.48 4944.59 4946.31 4946.82 4948.87 4951 4953.99 4957.11 4962.46 4956.83 4946.43 4940.83 4939.05 4945.01 4987.42 5058.77 5136.07 5217.14 5287.53 5329.18 5249.4 4938.94 4694.95 4527.26 4379.85 4242.97 4113.33 3995.29 3891.77 3832.65 3824.91 3846.1 3891.78 3953.07 4019.82 4089.22 4130 3978.87 3914.74
4936.86 4931.9 4926.84 4923.55 4927.79 4925.23 4922.05 4920.08 4920.66 4925.57 4929.32 4932 4934.74 4930.63 4938.01 4976.97 4999.19 4992.53 4971.35 4954.31 4982.43 5022.41 5009.61 4986.1 4973.26 4962.15 4954.99 4950.3 4946.62 4945.4 4944.65 4944.7 4947.21 4949.62 4954.01 4957.79 4958.68 4954.87 4951.24 4948.96 4952.7 4961.96 5006.39 5077.88 5164.3 5248.2 5319.16 5339.25 5202.94 4889.16 4647.18 4485.89 4346.39 4218.39 4093.94 3981.1 3885.66 3824.78 3806.65 3827.04 3883.42 3952.5 4025.79 4099.88 4145.32 4043.04 3990.68
4943.94 4939.41 4934.94 4923.09 4926.91 4923.97 4922.65 4921.47 4922.34 4921.49 4921.98 4923.8 4928.2 4934.9 4947.77 4974.3 4992.13 4984.97 4972.54 4965.69 4991.39 5025.07 5008.2 4987.7 4986.6 4972.91 4963.04 4956.04 4951.81 4949.08 4945.44 4943.94 4944.59 4948.53 4954.14 4960.62 4964.94 4961 4955.05 4957.8 4959.26 4967.42 5023.78 5103.41 5189.37 5273.03 5330.68 5336.16 5215.15 4877.29 4628.35 4468.19 4331.53 4207.55 4088.01 3979.01 3886.78 3824.27 3803.83 3822.26 3876.93 3942.9 4010.37 4070.01 4113.73 4132.7 4073.04
4973.01 4974.9 4961.43 4942.39 4929.18 4927 4927.09 4925.07 4921.66 4918.54 4916.21 4919.37 4924.17 4930.5 4934.06 4956.16 4971.38 4979.64 4976.34 5007.02 5013.35 5018.31 5002.5 4981.01 4984.83 4975.26 4966.07 4958.61 4953.28 4949.21 4945.01 4941.96 4940.7 4945.45 4955.12 4965.14 4975.11 4980.44 4972.14 4975.06 4977.15 4991.05 5044.01 5118.89 5208.04 5288.19 5344.69 5343.61 5230.27 4879.52 4638.63 4473.74 4337.53 4209.87 4094.14 3985.68 3894.28 3830.79 3810.73 3827.64 3874.25 3931.48 3987.11 4031.09 4068.14 4118.74 4084.59
5011.13 5006.86 4992.68 4975.29 4939.78 4937.89 4936.86 4932.58 4925.99 4920.79 4919.27 4920.76 4925.28 4929.51 4933.99 4949.01 4966.13 4965.88 4978.01 4982.53 5011.61 5032.23 5008.23 4980.45 4982.81 4975.5 4966.46 4959.59 4953.99 4949.37 4946.24 4943.37 4940.67 4945.29 4957.11 4968.64 4980.09 4991.95 5001.22 4996.34 4996.16 5000.13 5051.87 5131.79 5217.93 5297.8 5352.3 5355.28 5259.27 4934.03 4677.03 4501.73 4359.82 4233.82 4112.9 4003.62 3909.34 3842.76 3821.19 3839.83 3875.03 3920.98 3966.73 4011.28 4046.71 4060.98 4032.53
5006.45 5002.08 5008.12 4999.95 4974.65 4962.97 4953.99 4945.03 4936.85 4928.82 4923.28 4927.83 4931.24 4931.74 4931.13 4938.87 4957.52 4990.89 5001.21 4989.23 4999.89 5045.77 5027.53 4995.04 4981.73 4972.65 4966.64 4961.1 4955.94 4952.92 4951.18 4949.82 4949.32 4953 4961.7 4971.79 4981.52 4994.26 5004.07 5004.3 5003.71 5002.9 5057.84 5137.07 5222.51 5299.58 5360.71 5378.44 5305.8 4994.36 4732.42 4547.67 4401.75 4267.6 4144.52 4031.72 3932.31 3860.64 3833.82 3849.57 3880.41 3915.35 3943.71 3970.6 3992.9 3995.26 3965.74
4996.67 4997.06 5009.41 5011.2 5004.12 4987.22 4971.92 4959.02 4948.08 4939.41 4939.77 4943.18 4943.79 4941.02 4941.98 4930.83 4902.77 4996.26 5011.6 5004.03 5008.77 5062.11 5041.6 4997.24 4976.18 4969.82 4965.43 4960.87 4957.37 4954.98 4955.03 4957.64 4959.41 4962.38 4968.06 4974.82 4982.39 4987.63 4989.82 5003.64 5017.95 5012.98 5060.11 5141.63 5226.7 5311.15 5379.1 5407.98 5357.59 5072.48 4795.93 4603.82 4453.39 4316.05 4187.58 4067.21 3961.56 3880.7 3851.59 3872.76 3900.47 3918.38 3925.56 3924.27 3935.18 3938.77 3919.05
4990.9 4991.87 5002.74 5009.22 5008.07 5000.98 4986.93 4972.4 4959.31 4952.39 4961.46 4962.26 4960.26 4962.72 4968.12 4963.92 4991.2 5011.46 5025.95 5025.59 5034.2 5076.08 5049.83 5002.29 4979.87 4969.96 4964.19 4962.06 4959.15 4958.13 4958.08 4961.79 4968.87 4968.32 4971.51 4977.38 4983.61 4991.61 4995.16 5011.87 5032.51 5031.03 5064.57 5142.2 5231.58 5315.33 5392.2 5436.81 5411.15 5173.12 4874.8 4672.8 4513.71 4372.05 4237.47 4114.22 4001.94 3910.38 3881.05 3925.63 3943.08 3930.8 3918.27 3908.42 3906.67 3905.45 3893.79
4985.09 4985.56 4990.47 5002.83 5014.68 5013.06 4997.17 4984.75 4976.02 4972.44 4985.78 4979.47 4972.88 4974.82 4982.31 4983.75 4995.25 5010.6 5028.91 5029.86 5034.6 5087.01 5069.81 5014.6 4988.15 4975.07 4967.92 4965.17 4962.42 4960.23 4959.53 4960.84 4963.07 4968.51 4973.6 4979.72 4985.57 4989.65 4997.42 5016.99 5041.04 5038.63 5063.43 5136.74 5225.88 5319.1 5405.93 5465.46 5462.71 5283.11 4975.28 4759.37 4593.38 4446.02 4308.89 4177.92 4058.6 3961.52 3921.23 3958.49 3964.76 3938.23 3919.51 3904.42 3895.73 3887.55 3873.94
4988.33 4990.39 4992.45 5000.29 5006.79 5005.48 4998.76 4993.81 4993.29 5001.79 5003.52 4992.2 4978.83 4966.06 4969.31 4982.83 4999.67 5019.32 5028.16 5024.43 5026.65 5091.43 5103.05 5031.89 4999.81 4984.52 4974.94 4969.51 4966.05 4962.84 4959.95 4958.56 4962.89 4968.6 4976.16 4983.65 4991.04 4997.77 5000.46 5007.51 5024.52 5029.67 5051.83 5122.52 5215.04 5309.09 5403.94 5479.58 5509.37 5408.6 5080.79 4850.51 4681.73 4532.26 4389.88 4253.97 4129.77 4025.49 3963.11 3957.52 3951.62 3937.79 3921.36 3910.71 3895.74 3884.7 3877.94
5000.81 5003.52 5009.41 5004.09 4999.28 4994.26 4996.61 4999 5003.35 5008.2 5010.31 4999.89 4985.74 4974.32 4975.37 4980.81 4989.64 5008.59 5018.91 5019.19 5029.26 5089.16 5114.83 5040.95 5012.78 4994.44 4983.2 4975.4 4970.75 4966.49 4963.93 4957.72 4959.97 4970.74 4979.72 4988.43 4997.72 5009.21 5012.17 4989.69 5004.67 5001.86 5020.82 5095.86 5184.22 5281.32 5371.91 5456.65 5513.54 5471.47 5182.66 4946.75 4785.3 4637.12 4491.26 4350.14 4218.28 4101.61 4008.74 3986.31 3973.26 3949.41 3927.74 3911.55 3903.73 3895.69 3889.88
5008.28 5009.72 5009.58 5005.3 4999.63 4995.09 4997.84 5001.44 5007.62 5020.88 5020.38 5001.4 4988.74 4982.65 4977.69 4977.37 4978.05 4988.63 5000.62 5022.88 5049.85 5076.18 5091.01 5055.19 5024.32 5002.8 4988.83 4978.75 4971.78 4969.75 4971.03 4973.64 4973.46 4976.46 4982.94 4991.83 5000.42 5009.21 5006.36 5009.84 5001.24 4993.22 5011.76 5071.24 5152.64 5243.62 5334.71 5415.48 5477.58 5478.54 5282.63 5052.01 4906.97 4754.43 4604.1 4458.72 4316.86 4193.1 4095.34 4036.03 3999.28 3994.97 3960.48 3934.06 3937.49 3929.48 3913.56
5026.67 5015.57 5007.1 5007.35 5005.87 5004.69 5003.12 5001.64 5000.6 5002.53 5005 4990.86 4975.6 4967.75 4968.86 4967.44 4963.62 4962.4 4982.66 5005.74 5025.12 5038.46 5058.73 5050.15 5024.82 5005.67 4992.46 4983.98 4973.13 4971.5 4973.75 4982.63 4980.91 4985.22 4990.3 4996.73 5003.37 5007.17 5005.53 5007 4991.64 4978.32 4983.54 5039.05 5111.63 5194.99 5273.72 5346.23 5403.79 5426.59 5326.16 5197.4 5041.91 4882.24 4729.61 4577.64 4437.04 4302.48 4177.35 4147.71 4137.23 4126.42 4072.53 4027.5 4027.41 4007.77 3971.66
5046.44 5025.23 5014.47 5013.74 5012.83 5010.96 5007.12 5001.14 4992.45 4982.11 4983.5 4976.31 4965.95 4957.22 4954.14 4953.28 4951.86 4946.62 4966.73 4964.24 4969.32 4986.5 5018.88 5023.58 5012.58 5001.27 4992.28 4984.86 4978.02 4969.1 4967.31 4969.83 4972.58 4982.92 4989.98 4997.31 5004.7 5009 5010.22 4994.21 4981.25 4966.83 4963.57 5013.32 5077.23 5144.12 5203.88 5259.61 5302.78 5318.97 5298.18 5259.15 5144.26 4998.07 4849.87 4705.38 4569.27 4450.79 4361.68 4349.71 4380.82 4327.58 4264.52 4212.54 4176.14 4143.81 4114.42
5030.62 5034.34 5028.26 5023.14 5020.43 5017.84 5012.41 5003.61 4996.22 4992.08 4976.57 4965.25 4950.07 4942.56 4939.12 4937.35 4940.15 4935.57 4933.56 4928.51 4935.63 4950.01 4967.26 4986.09 4994.69 4994.85 4990.86 4984.73 4977.22 4965.13 4954.81 4951.35 4960.33 4975.24 4984.38 4992.92 5000.92 5007.46 5010.61 4988.72 4977.94 4968.17 4970.2 5001.44 5046.09 5095.58 5144.28 5191.69 5218.76 5204.82 5248.68 5299.16 5220.18 5090.02 4952.02 4820.85 4696.28 4593.96 4540.77 4516.62 4520.46 4491.85 4446.69 4392.61 4346.78 4317.78 4307.33
5048.66 5042.81 5035.19 5028.89 5025.85 5025.4 5018.34 5004.3 4994.14 4992.19 4985.74 4956.93 4933.38 4927.08 4927.82 4929.2 4935.97 4927.47 4912.85 4906.86 4915.56 4928.46 4937.58 4961.68 4980.38 4985.95 4984.81 4979.89 4972.02 4958.76 4949.25 4942.47 4955.59 4969.27 4978.99 4988.2 4996.78 5004.15 5008.07 5005.67 4988.32 4975.25 4974.67 4992.76 5025.4 5062.29 5101.12 5138.97 5171.72 5212.11 5280.93 5332.04 5273.05 5156.15 5030.35 4911.31 4800.13 4706.74 4629.06 4597.8 4631.31 4631.79 4607.89 4550.41 4508.61 4492.15 4507.55
5051.23 5039.94 5034 5029.45 5025.79 5022.39 5013.22 4998.38 4985.02 4979.8 4966.14 4941.43 4921.02 4916.94 4921.78 4926.09 4931.51 4909.89 4890.22 4889.34 4901.03 4918.14 4939.89 4961.66 4973.1 4976.52 4975.96 4971.29 4964.18 4954.13 4951.56 4951.07 4954.8 4964.46 4973.17 4982.21 4991.29 4998.93 5004.73 5011.27 4988.96 4976.91 4974.97 4987.8 5010.6 5033.82 5064.84 5101.98 5139.47 5200.66 5258.22 5278.75 5258.4 5182.73 5080.51 4984.81 4894.18 4815.6 4737 4696.57 4743.08 4725.98 4677.51 4662.51 4643.04 4637.87 4655.71
5035.86 5034.73 5031.02 5026.27 5019.62 5010.82 4999.51 4989.66 4978.11 4965.2 4941.28 4921.72 4908.29 4906.56 4912.25 4924.81 4916.53 4891.39 4876.48 4879 4892.58 4907.86 4942.04 4970.53 4973.37 4971.86 4967.76 4962.59 4958.1 4948.99 4945.56 4945.81 4949.87 4958.09 4966.71 4974.16 4981.5 4988.56 4994.37 4996.26 4986.92 4975.55 4977.05 4982.75 4992.88 5013.93 5037.13 5060.51 5103.59 5153.7 5217.59 5280.94 5264.45 5179.87 5097.63 5020.66 4961.56 4922.46 4900.31 4895.42 4848.23 4789.84 4761.39 4776.64 4769.66 4766.36 4768.3
5035.24 5034.39 5028.97 5021.89 5013.18 5003.21 4992.99 4981.65 4971.43 4952.2 4925.52 4905.25 4895.72 4894.44 4894.6 4890.07 4886.27 4876.94 4872.42 4878 4897.78 4924.22 4960.76 4973.88 4972.64 4968.08 4962.84 4959.07 4953.09 4944.47 4934.91 4937.74 4944.01 4949.46 4957.47 4963.05 4969.05 4975.08 4980.4 4984.05 4977.47 4966.95 4959.05 4958.78 4973.56 4990.75 5009.85 5036.38 5064.87 5089.64 5126.54 5224.46 5218.64 5143.95 5083.93 5039.56 5013.25 5009.71 5037.65 5082.89 5048.88 5029.91 4956.26 4910.78 4886.78 4877.37 4883.4
5029.93 5031.49 5028.57 5019.88 5008.36 4995.21 4980.76 4971.31 4960.5 4939.85 4909 4890.16 4886.47 4884.91 4881.79 4876.7 4876.59 4874.5 4875.81 4882.98 4904.31 4944.14 4973.96 4970.93 4968.57 4965.49 4961 4956.28 4951.07 4944.8 4936.83 4938.01 4940.7 4943.66 4948.52 4951.23 4955.23 4959.96 4964.94 4970.41 4963.54 4958.39 4951.49 4949.72 4963.61 4980.72 4994.59 5006.96 5018.89 5029.5 5041.05 5065.22 5066.57 5055.31 5044.52 5034.38 5036.44 5052.14 5092.75 5142.98 5145.35 5132.26 5094.96 5019.53 4975.32 4968.29 4982.74
5025.12 5034.95 5030.72 5018.49 5003.37 4987.17 4971.44 4961.83 4955.69 4930.73 4901.27 4885.2 4885.86 4881.48 4875.38 4869.87 4870.46 4872.47 4882.08 4884.32 4895.13 4915.22 4945.23 4960.76 4958.19 4957.44 4955.26 4952.28 4949.14 4949.05 4951.52 4942.8 4940.85 4940.15 4939.04 4939.55 4941.08 4942.6 4946.15 4947.79 4953.95 4957.9 4952.17 4947.51 4956.5 4969.7 4980.77 4985.57 4982.65 4972.96 4965.79 4911.63 4928.6 4959.34 4984.24 5007.02 5025.88 5051.99 5082.5 5110.34 5123.1 5147.71 5118.98 5065.07 5029.22 5016.24 5028.67
5043.65 5050.76 5034.26 5017.18 4998.91 4979.97 4961.39 4948.83 4939.99 4923.13 4904.25 4899.32 4894.32 4883.43 4875.75 4869.11 4871.53 4881.91 4884.28 4892.4 4891.9 4889.78 4907.46 4924.74 4943.65 4950.43 4950.74 4948.5 4945.21 4943.46 4941.76 4938.07 4936.25 4932.21 4929.52 4929.06 4927.86 4927.74 4930.57 4939.86 4963.43 4967.27 4956.66 4945.49 4951.36 4961.04 4971.22 4976.1 4968.59 4939.59 4877.12 4821.41 4840.89 4889.95 4935.4 4976.18 5001.11 5025.65 5048.05 5043.66 5068.71 5082.19 5086.3 5062.19 5048.79 5043.42 5061.42
5045.83 5048.01 5032.13 5012.69 4992.59 4972.92 4954.31 4936.48 4923.77 4915.62 4906.49 4891.1 4891.63 4884.52 4878.2 4873.22 4881.87 4891.39 4897.2 4903.12 4895.65 4893.77 4909.12 4932.16 4943.58 4949.19 4948.82 4945.63 4940.77 4934.15 4929.85 4930.93 4927.96 4924.04 4920.81 4918.19 4916.9 4914.95 4915.93 4930.74 4965.77 4974.92 4960.23 4947.62 4952.06 4960.37 4973.25 4979.69 4980.68 4954.69 4895.61 4825.05 4827.88 4870.19 4922.33 4961.6 4987.67 5006.2 5023.46 5051.41 5067.83 5050.48 5031.86 5033.92 5036.56 5040.08 5060.37
5035.3 5034.87 5023.2 5004.91 4984.4 4964.22 4946.38 4926.08 4913.5 4910.11 4907.25 4903.91 4891.16 4884.93 4881.91 4881.44 4886.31 4896.02 4908.95 4910.76 4903.75 4913.63 4926.05 4944.83 4952.37 4953.31 4949.68 4944.44 4937.68 4929.9 4925.23 4924.81 4923.08 4919.37 4916.9 4914.23 4910 4906.51 4907.2 4918.37 4947.78 4963.99 4957.97 4952.24 4952.95 4962.23 4974.77 4991.41 5003.5 5008.29 5010.56 4974.32 4903.16 4914.46 4948.04 4967.6 4976.66 4985.34 4991.51 4999.29 5000.92 5022.74 4995.21 4999.63 5006.16 5008.28 5018.78
5021.9 5025.91 5014.14 4996.19 4975.34 4953.99 4933.36 4915.56 4909.03 4906.48 4903.54 4895.36 4889.75 4892.4 4894.33 4895.84 4911.07 4911.73 4914.73 4913.8 4911.14 4919.78 4933.64 4949.36 4957.94 4957.53 4952.36 4944.93 4936.97 4929.46 4924.54 4921.65 4918.92 4916.32 4913.4 4911.51 4907.45 4903.22 4901.89 4916.03 4934.64 4947.64 4947.11 4945.11 4949.22 4958.88 4976.97 4995.63 5026.05 5060.3 5112.07 5133.9 5056.63 5024.35 5005.52 4991.96 4984.88 4979.05 4971.54 4950.48 4949.93 5015.29 4976.12 4967.75 4969.38 4980.66 4987.6
5026.75 5020.99 5005.14 4985.91 4965.6 4944.56 4923.28 4907.6 4906.48 4904.99 4901.14 4890.89 4886.76 4896.28 4905.12 4912.31 4949.42 4881.04 4934.92 4912.96 4909.38 4913.22 4933.04 4955.21 4964.77 4960.73 4954.38 4944.82 4934.36 4925.4 4921.45 4918.85 4916.41 4914.48 4912.33 4910.14 4908.82 4905.2 4906.58 4925.73 4944.29 4938.09 4931.54 4930.1 4935.62 4947.88 4969.55 4998.96 5035.83 5083.84 5140.78 5197.46 5182.62 5134.9 5046.35 5001 4979.33 4966.78 4961.7 4969.96 5002.17 5012.56 4955.37 4942.38 4947.96 4958.52 4958.95
5006.75 5006.6 4992.17 4974.42 4956.35 4937.33 4919.04 4907.68 4907.74 4907.31 4902.39 4892.46 4891.85 4902.52 4914.55 4923.02 4849.06 4755.25 4824.47 4917.38 4901.74 4907.08 4930.91 4953.33 4964 4964.03 4956.85 4945.2 4931.5 4920.43 4917.11 4914.64 4913.83 4912.83 4912.85 4911.89 4912.56 4913 4914.85 4933.24 4941.12 4926.73 4913.7 4910.43 4917.41 4944.03 4972.64 4995.93 5029 5062.94 5100.74 5116.88 5114.62 5081.87 5017.78 4981.21 4962.88 4955.14 4955.21 4962.78 4977.15 4974.6 4907.48 4914.84 4927.13 4933.8 4939.17
