real_craters/C098-300m.grd
DSAA
218 218
-32.48 32.48
-32.48 32.48
3745.910511192 5518.196022398
[rows 60 to 89 of 218, columns 134 to 200 of 218]
4919.29 4912.55 4909.06 4906.83 4905.01 4903.37 4902.13 4901.03 4901.16 4901.68 4901.85 4903.47 4902.06 4891.94 4883.4 4875.49 4868.51 4861.82 4854.86 4847.81 4841.45 4838.99 4839.23 4838.28 4837.46 4836.96 4836.73 4836.69 4836.64 4837 4837.44 4837.87 4838.25 4838.42 4838.54 4838.9 4838.87 4838.2 4837.7 4837.01 4836.6 4836.12 4835.74 4835.75 4836.08 4836.84 4837.64 4839.11 4840.75 4842.74 4845.26 4848.05 4849.99 4853.93 4857.8 4858.58 4854.37 4844.05 4837.6 4836.77 4839.07 4838.72 4838.09 4837.7 4837.17 4838 4837.76
4911.42 4907.72 4905.82 4903.53 4902.05 4901.47 4900.77 4900.06 4899.61 4898.77 4899.5 4901.18 4899.51 4890.54 4882.15 4875.17 4868.01 4860.57 4853.66 4847.1 4841.54 4839.12 4839.02 4838.22 4837.46 4836.94 4836.64 4836.53 4836.38 4836.66 4836.97 4837.25 4837.39 4837.28 4836.81 4837.63 4837.75 4837.58 4837.26 4836.71 4836.32 4835.92 4835.58 4835.56 4836.13 4836.71 4837.58 4838.91 4840.26 4842.38 4844.65 4848.55 4854.67 4858.94 4864.06 4868.73 4868.93 4858.94 4844.29 4835.81 4838.91 4838.62 4837.99 4837.61 4837.3 4837.4 4837.39
4904.43 4901.99 4900.54 4899.17 4898.56 4898.52 4898.35 4897.87 4897.24 4896.93 4895.26 4892.57 4889.28 4885.47 4879.8 4873.6 4866.86 4859.62 4852.97 4846.73 4841.5 4838.87 4838.42 4837.9 4837.24 4836.77 4836.59 4836.49 4836.65 4836.68 4836.73 4836.88 4836.97 4836.95 4837 4837.16 4837.16 4837.14 4837.05 4836.69 4836.05 4835.92 4835.69 4835.56 4836.2 4836.75 4837.48 4838.52 4839.49 4840.85 4842.56 4845.76 4851.53 4859.23 4868.5 4878.9 4889.02 4886.16 4856.52 4835.59 4838.35 4838.37 4837.87 4837.51 4837.28 4837.24 4837.25
4898.98 4895.41 4895.54 4894.57 4893.49 4893.96 4894.14 4894.55 4894.53 4893.95 4891.78 4887.55 4883.79 4881.79 4877.45 4872.03 4865.77 4858.87 4852.49 4846.52 4841.3 4838.29 4837.91 4837.43 4836.99 4836.06 4835.94 4836.04 4836.55 4836.59 4836.56 4836.67 4836.8 4836.88 4836.99 4837.02 4836.74 4836.58 4836.38 4836.19 4836.37 4836.35 4836.67 4836.51 4836.61 4836.87 4837.41 4838.04 4838.34 4839.05 4839.87 4840.86 4845.32 4856.29 4868.64 4881.97 4896.2 4897.8 4863.51 4837.67 4838.28 4838.34 4837.88 4837.45 4837.31 4837.32 4837.48
4892.35 4887.96 4887.91 4887.8 4888.91 4890.42 4891.5 4892.8 4894 4894.08 4891.46 4888.47 4884.3 4880.84 4876.7 4871.99 4865.84 4858.3 4852.43 4846.42 4841.08 4837.67 4837.22 4836.49 4836.08 4836.77 4836.58 4836.38 4836.27 4836.15 4836.32 4836.53 4836.76 4836.95 4836.97 4836.97 4836.81 4836.57 4836.43 4836.28 4836.23 4836.38 4836.93 4836.89 4836.59 4836.72 4837.04 4837.44 4837.95 4837.9 4838.25 4837.99 4841.31 4852.94 4864.73 4876 4884.27 4879.81 4859.97 4842.04 4839.05 4838.52 4838.01 4837.63 4837.41 4837.34 4837.69
4884.47 4880.94 4879.37 4881.58 4883.56 4887.31 4889.43 4891.72 4893.18 4894.54 4892.5 4887.1 4884.94 4882.13 4877.32 4872.29 4865.92 4857.83 4851.62 4845.9 4841.2 4837.52 4836.74 4836.73 4836.59 4836.45 4836.32 4836.2 4836.09 4836.01 4836.2 4836.41 4836.68 4837.17 4837.27 4836.92 4836.76 4836.55 4836.38 4836.24 4836.06 4836.02 4836.03 4836.32 4836.27 4836.34 4836.6 4836.89 4837.32 4837.48 4838.66 4841.22 4844.61 4850.88 4858.68 4865.77 4869.81 4865.28 4852.28 4839.61 4838 4838.36 4838.1 4837.68 4837.55 4837.48 4837.87
4877.05 4874.13 4873.35 4876.82 4878.54 4882.92 4887.58 4890.93 4893.8 4896.68 4897.59 4895.67 4890.75 4885.16 4879.42 4873.13 4866.36 4859.45 4851.36 4845.85 4840.97 4837.22 4836 4836.4 4836.27 4836.2 4836.12 4836.05 4836.04 4836.15 4836.2 4836.28 4836.43 4836.43 4836.65 4836.72 4836.57 4836.46 4836.31 4836.06 4835.88 4835.7 4835.65 4835.83 4835.73 4835.77 4836.08 4836.3 4836.64 4836.85 4838.15 4841.21 4844.78 4847.74 4851.79 4854.81 4855.19 4851.78 4844.38 4836.42 4836.54 4838.08 4838.07 4837.81 4837.71 4838.05 4838.08
4871.14 4866.98 4867.78 4872.21 4876.1 4881.99 4887.33 4892.54 4896.96 4900.22 4902.9 4903.3 4896.59 4889.17 4882.25 4875.18 4868.09 4860.65 4851.77 4846.01 4841.13 4837.14 4836.21 4836.24 4836.07 4835.97 4835.91 4835.89 4835.92 4836.05 4836.07 4836.12 4836.25 4836.49 4836.52 4836.51 4836.38 4836.34 4836.16 4835.92 4835.74 4835.45 4835.37 4835.58 4835.3 4835.28 4835.61 4835.74 4835.93 4836.26 4836.33 4836.81 4839.66 4843.12 4845.32 4845.6 4843.47 4842.03 4838.86 4835.26 4835.97 4837.9 4838.29 4838.29 4838.57 4838.41 4838.27
4864.29 4860.96 4861.63 4867.26 4872.63 4879.47 4885.82 4893.36 4898.54 4903.07 4906.11 4905.04 4900 4892.29 4884.4 4877.08 4868.84 4860.99 4851.66 4845.99 4841.59 4838.58 4836.38 4836.18 4835.99 4835.88 4835.82 4835.79 4835.77 4835.7 4835.8 4836 4836.11 4836.18 4836.37 4836.44 4836.43 4836.19 4835.98 4835.84 4835.63 4835.42 4835.34 4835.55 4835.39 4835.44 4835.18 4835.25 4835.41 4835.58 4835.74 4835.73 4837.53 4839.7 4840.87 4840.32 4838.08 4837.27 4836.03 4834.78 4835.95 4838.03 4838.47 4838.76 4838.75 4838.76 4838.59
4854.94 4852.45 4854.92 4862.39 4869.18 4877.04 4886.2 4893.32 4899.86 4905.11 4908.46 4907.44 4901.91 4894.26 4885.99 4877.85 4869.3 4861.01 4853.31 4845.46 4841.09 4838.19 4836.37 4836.16 4835.99 4835.88 4835.8 4835.75 4835.72 4835.72 4835.86 4836.06 4836.12 4836.1 4836.4 4836.49 4836.49 4836.3 4836.1 4835.7 4835.6 4835.51 4835.51 4835.6 4835.46 4835.48 4835.56 4835.64 4835.69 4835.67 4835.54 4835.49 4836.65 4838 4838.71 4838.56 4837.56 4836.12 4834.99 4834.49 4835.75 4837.86 4838.49 4838.83 4838.86 4838.79 4838.6
4843.79 4844.47 4849.9 4859.51 4867.19 4875.97 4884.67 4892.97 4900.93 4907.35 4911.37 4909.29 4903.4 4895.4 4886.86 4878.38 4869.48 4860.52 4852.56 4844.52 4839.49 4836.94 4836.48 4836.34 4836.11 4835.95 4835.86 4835.79 4835.77 4835.83 4836.04 4836.37 4836.71 4836.5 4836.83 4836.76 4836.53 4836.31 4836.07 4835.91 4835.7 4835.51 4835.52 4835.66 4835.67 4835.61 4835.76 4835.93 4836.06 4836.03 4835.86 4835.8 4836.66 4837.52 4838.04 4838.09 4837.35 4835.85 4834.59 4834.01 4834.89 4837.29 4838.48 4838.87 4838.88 4838.72 4838.43
4834.99 4840.03 4849.55 4858.29 4866.84 4876.31 4885.22 4893.55 4901.36 4908.42 4914.52 4912.1 4903.64 4895.41 4886.87 4877.86 4868.82 4859.5 4851.63 4843.75 4838.5 4836.65 4837.34 4836.55 4836.25 4836.05 4835.94 4835.86 4835.81 4835.84 4835.98 4836.55 4837.53 4838.38 4837.4 4837.07 4836.79 4836.54 4836.27 4835.97 4835.7 4835.53 4835.53 4835.66 4835.73 4835.83 4836.09 4836.35 4836.63 4836.88 4836.97 4836.88 4837.4 4837.78 4838.04 4838.13 4837.31 4835.7 4834.31 4833.57 4834.14 4837.25 4838.45 4838.84 4838.83 4838.56 4838.23
4841 4843.4 4850.09 4859.77 4867.15 4876.26 4884.86 4893.27 4900.99 4907.27 4908.77 4908.1 4902.39 4894.97 4886.44 4877.54 4867.54 4858.47 4850.48 4843.3 4838.05 4836.4 4836.62 4836.36 4836.24 4836.1 4835.98 4835.9 4835.92 4835.91 4836.1 4836.44 4836.78 4837.12 4837.35 4837.19 4836.94 4836.66 4836.33 4835.98 4835.75 4835.54 4835.56 4835.74 4835.91 4836.06 4836.3 4836.62 4837.06 4837.69 4838.86 4839.25 4838.44 4838.16 4838.15 4838.06 4837.13 4835.56 4834.13 4833.3 4833.71 4836.7 4838.34 4838.76 4838.73 4838.44 4838.03
4853.73 4854.16 4856.42 4862.31 4868.74 4876.75 4884.58 4892.75 4900.83 4907.65 4909.92 4907.46 4901.11 4893.83 4885.48 4876.41 4866.23 4857.9 4849.51 4843.19 4838.02 4836.58 4836.34 4836.43 4836.39 4836.23 4836.1 4836.02 4836.04 4836.01 4836 4836.44 4836.85 4837.16 4837.33 4837.28 4837 4836.7 4836.36 4836.08 4835.81 4835.75 4835.67 4835.77 4835.98 4836.25 4836.53 4836.77 4837.05 4837.53 4838.3 4838.97 4838.5 4838.25 4838.07 4837.67 4836.76 4835.37 4834.03 4833.07 4833.05 4836.31 4838.18 4838.61 4838.59 4838.38 4837.9
4876.85 4868.23 4863.23 4865.59 4871.36 4877.67 4884.68 4891.86 4899.37 4906.79 4912.88 4906.19 4898.95 4891.38 4883.42 4874.64 4865.73 4857.8 4849.12 4843.27 4839.5 4837.43 4837.38 4837.12 4836.72 4836.4 4836.2 4836.31 4836.3 4836.34 4836.36 4836.89 4837.35 4837.55 4837.56 4837.42 4837.22 4836.89 4836.55 4836.15 4835.71 4835.39 4835.57 4835.82 4836.06 4836.16 4836.42 4836.7 4836.97 4837.03 4836.61 4837 4837.85 4838.08 4838.03 4837.58 4836.59 4835.27 4834.03 4833.19 4833.45 4835.9 4837.82 4838.37 4838.38 4838.19 4837.74
4876.22 4869.32 4866.18 4867.83 4872.81 4878.49 4884.79 4890.91 4896.33 4900.75 4901.52 4900.36 4895.26 4888.7 4881.48 4872.97 4865.2 4857.23 4848.65 4842.71 4838.87 4837.68 4837.98 4837.8 4837.14 4836.66 4836.39 4836.38 4836.5 4836.81 4837.45 4837.85 4838.04 4838.09 4837.97 4837.73 4837.42 4837.09 4836.72 4836.33 4835.86 4835.4 4835.64 4835.92 4835.96 4836.23 4836.43 4836.7 4836.96 4837.13 4836.84 4837.18 4837.73 4838 4838.08 4837.81 4836.59 4835.28 4834.05 4833.32 4833.47 4835.37 4837.41 4838.08 4838.23 4837.97 4837.52
4870.81 4863.81 4867.07 4870.13 4874.45 4879.1 4884.38 4889.88 4894.27 4897.07 4895.51 4895.41 4891.73 4886.37 4879.5 4872.45 4864.8 4856.55 4848.42 4842 4838.06 4837.47 4838.24 4838.26 4837.42 4836.92 4836.67 4836.6 4836.76 4837.14 4837.77 4838.35 4838.97 4838.66 4838.26 4837.88 4837.6 4837.23 4836.87 4836.6 4836.47 4836.41 4836.03 4835.92 4836.02 4836.14 4836.39 4836.64 4837.04 4837.68 4838.38 4838.08 4837.97 4837.96 4837.94 4837.6 4836.49 4835.22 4834.08 4833.29 4833.09 4834.68 4837.07 4837.79 4837.98 4837.74 4837.29
4883 4874.3 4873 4874.11 4876.27 4879.82 4884.07 4888.46 4893.44 4898.8 4897.97 4893.96 4889.3 4884.42 4878.91 4872.69 4865.43 4857.02 4849.12 4841.76 4837.77 4837.67 4838.14 4837.97 4837.46 4837 4836.91 4836.88 4837.01 4837.28 4837.64 4838.19 4838.86 4838.83 4838.45 4838.03 4837.55 4837.35 4836.9 4836.63 4836.4 4836.24 4836.15 4836.05 4836.01 4836.1 4836.19 4836.35 4836.78 4837.48 4838.3 4838.25 4838.09 4837.93 4837.59 4837.06 4836.31 4835.27 4834.19 4833.36 4833.06 4834.29 4836.66 4837.56 4837.76 4837.53 4837.08
4902.39 4890.26 4883.54 4881.17 4879.67 4881.73 4884.61 4887.98 4892.83 4899.05 4897.93 4892.05 4888.1 4883.73 4878.84 4873.19 4866.36 4859.05 4851.74 4843.78 4839.6 4839.57 4839.31 4838.76 4837.68 4837.2 4836.94 4836.89 4836.99 4837.32 4837.59 4838.13 4838.8 4838.94 4838.53 4838.01 4837.55 4836.95 4836.95 4836.78 4836.91 4836.54 4836.15 4835.91 4835.83 4835.75 4836.04 4836.26 4836.44 4836.61 4836.72 4837.6 4838.14 4838.12 4837.71 4837.15 4836.45 4835.47 4834.42 4833.5 4833.13 4834.08 4836.61 4837.38 4837.57 4837.34 4836.81
4922.1 4906.13 4894.27 4887.5 4886.16 4887 4886.6 4888.71 4890.19 4891.31 4891.16 4888.94 4886.52 4883.2 4878.47 4874.07 4868.67 4862.79 4857.08 4851.5 4846.7 4843.77 4841.45 4838.97 4838.03 4837.62 4837.39 4837.29 4837.3 4837.38 4837.57 4838.3 4839.65 4839.03 4838.4 4837.75 4837.19 4836.89 4836.53 4836.4 4836.35 4836.24 4835.85 4835.81 4835.67 4835.79 4835.95 4836.14 4836.23 4836.2 4836.51 4837.64 4838.66 4838.99 4838.12 4837.75 4837.11 4835.94 4834.73 4833.69 4833.15 4833.59 4835.99 4837.14 4837.4 4837.2 4836.67
4938.58 4915.18 4903.58 4896.12 4894.43 4894.58 4895.35 4894.45 4890.41 4883.9 4886.31 4886.73 4885.73 4882.54 4878.78 4875.34 4871.28 4867.38 4863.82 4858.23 4853.81 4849.04 4844.55 4840.49 4839 4838.43 4838.01 4837.75 4837.66 4837.67 4837.79 4838.6 4839.11 4838.82 4838.3 4837.66 4837.12 4836.63 4836.17 4835.75 4835.32 4835.29 4835.39 4835.39 4835.47 4835.6 4835.81 4836.14 4836.47 4836.34 4836.63 4838.33 4839.68 4840.74 4841.76 4840 4838.22 4836.58 4835.12 4833.91 4833.19 4833.47 4835.69 4836.97 4837.31 4837.12 4836.69
4953.56 4924.11 4910.48 4905.81 4905.84 4904.84 4903.65 4901.15 4897.64 4897.65 4891.12 4886.99 4884.12 4882.14 4879.12 4876.5 4873.66 4871.49 4870.64 4870.58 4861.73 4854.19 4848.27 4843.23 4841.15 4839.8 4838.89 4838.37 4838.07 4837.95 4837.88 4837.98 4838.52 4838.31 4837.87 4837.36 4836.76 4836.28 4835.84 4835.46 4835.17 4835 4835.06 4835.12 4835.2 4835.34 4835.58 4836.06 4837.02 4838.96 4839.26 4839.45 4840.6 4841.94 4842.5 4841.2 4839.05 4837.08 4835.37 4834.04 4833.22 4833.19 4835.55 4837.02 4837.27 4837.01 4836.53
4967.12 4930.72 4918.31 4918.58 4919.82 4919.67 4916.22 4910.06 4902.53 4902.05 4893.27 4887.05 4882.65 4880.85 4878.09 4875.72 4874.94 4873.31 4872.86 4873.19 4864.53 4857.53 4851.54 4847.7 4843.88 4841.15 4839.7 4838.83 4838.38 4838.17 4838.1 4838.29 4837.94 4837.71 4837.32 4836.91 4836.5 4836.04 4835.57 4835.21 4834.92 4834.8 4834.81 4834.85 4834.9 4835.01 4835.26 4835.59 4836.22 4837.75 4838.93 4839.27 4840.65 4842.49 4842.92 4841.39 4839.14 4837.13 4835.38 4834.05 4833.26 4833.3 4835.4 4837.01 4837.2 4836.87 4836.33
4980.87 4947.1 4935.65 4939.75 4942.2 4939.89 4932.41 4922.01 4906.18 4895.61 4892.33 4886.71 4881.81 4877.79 4875.91 4873.96 4874.5 4873.51 4872.22 4864.5 4863.78 4858.33 4852.72 4847.87 4844.12 4841.76 4840.24 4839.19 4838.64 4838.37 4838.26 4838.1 4837.29 4837.14 4836.83 4836.55 4836.19 4835.8 4835.43 4835.08 4834.87 4834.7 4834.69 4834.71 4834.77 4834.81 4834.8 4834.82 4834.67 4834.03 4835.57 4837.54 4839.24 4841.64 4843.69 4840.51 4838.43 4836.65 4835.14 4833.91 4833.17 4833.17 4834.97 4836.85 4837.09 4836.67 4836.07
4995.9 4971.62 4962.96 4972.91 4975.28 4967.85 4953.18 4936.45 4918.06 4906.66 4894.95 4887.16 4881.26 4876.89 4874.22 4872.54 4872.02 4873.57 4875.31 4874.28 4864.69 4858.34 4852.89 4847.8 4844.21 4842.08 4840.47 4839.46 4838.88 4838.53 4838.44 4837.99 4836.92 4836.83 4836.68 4836.41 4836.08 4835.77 4835.37 4834.95 4834.75 4834.69 4834.69 4834.67 4834.67 4834.6 4834.51 4834.36 4834.14 4834.07 4834.81 4835.99 4836.85 4836.67 4836.97 4837.81 4836.98 4835.82 4834.62 4833.62 4832.98 4832.98 4834.65 4836.81 4837 4836.46 4835.6
5018.66 5013.41 5011.27 5023.57 5019.97 5001.5 4977.12 4951.41 4927.01 4911.18 4897.22 4887.57 4880.72 4876.33 4873 4871.42 4870.34 4870.56 4870.29 4866.87 4862.59 4857.38 4852.39 4848.31 4845.57 4842.21 4840.7 4839.82 4839.27 4838.96 4838.77 4838.18 4836.92 4836.69 4836.54 4836.38 4836.15 4835.69 4835.41 4835.14 4834.88 4834.75 4834.68 4834.62 4834.55 4834.49 4834.37 4834.21 4834.06 4834.15 4834.51 4835.04 4835.37 4835.17 4835.26 4835.78 4835.59 4834.88 4834.02 4833.22 4832.71 4832.69 4834.11 4836.61 4836.9 4836.44 4835.82
5051.3 5078.95 5094.67 5097.2 5073.9 5039.16 5000.17 4963.15 4933.81 4912.98 4896.7 4886.64 4880.01 4875.71 4871.57 4869.87 4868.53 4867.6 4866.53 4863.01 4859.55 4855.22 4851.03 4846.69 4842.49 4841.79 4840.84 4840.08 4839.49 4839.13 4838.93 4838.5 4837.35 4836.96 4836.96 4836.83 4836.55 4836.1 4835.53 4835.22 4835 4834.82 4834.79 4834.75 4834.63 4834.54 4834.35 4834.19 4834.02 4834.02 4834.28 4834.6 4834.93 4835.07 4835.01 4834.93 4834.66 4834.14 4833.46 4832.79 4832.39 4832.46 4833.67 4836.14 4836.76 4836.4 4835.86
5081.82 5153.53 5210.82 5180.64 5129.23 5073.75 5018.11 4965.95 4928.85 4906.17 4892.37 4884.29 4878.5 4874.57 4870.93 4868.55 4866.57 4865.83 4864.33 4861.04 4857.25 4853.37 4849.74 4846.63 4844.44 4842.24 4841.13 4840.38 4839.81 4839.32 4838.75 4837.93 4837.19 4837.38 4837.75 4837.85 4837.53 4836.8 4835.76 4835.07 4834.91 4835.09 4835.26 4835.18 4835 4834.75 4834.5 4834.29 4834.1 4834.05 4834.21 4834.47 4834.83 4835.06 4834.85 4834.51 4834.03 4833.49 4832.98 4832.56 4832.22 4832.25 4833.28 4836.06 4836.67 4836.19 4835.6
5093.05 5191.54 5266.82 5233.52 5166.41 5097.21 5029.04 4962.67 4906.17 4892.29 4887.2 4882.59 4877.99 4874.25 4869.6 4867.05 4865.38 4863.81 4866.37 4860.52 4855.17 4851.51 4848.48 4846.32 4844.01 4842.75 4841.67 4841.04 4840.42 4839.78 4838.96 4838.2 4837.37 4838.42 4839.28 4839.54 4839.23 4838.27 4836.52 4834.77 4835.1 4835.86 4836.16 4836.01 4835.6 4835.18 4834.77 4834.4 4834.15 4834.07 4834.22 4834.46 4834.82 4834.9 4834.68 4834.18 4833.8 4833.32 4832.77 4832.25 4831.98 4832.05 4832.92 4835.65 4836.43 4835.9 4835.32
5076.99 5178.43 5253.2 5236.92 5174.99 5106.04 5034.88 4965.12 4908.09 4893.86 4888.6 4884.69 4880.71 4875.31 4870.84 4865.43 4862.45 4859.19 4861.27 4855.89 4851.9 4849.35 4847.16 4845.72 4844.87 4843.22 4842.2 4841.77 4841.41 4840.78 4839.79 4839.62 4839.65 4840.96 4841.7 4841.84 4841.7 4841.13 4839.17 4835.19 4836.99 4837.88 4837.71 4837.18 4836.5 4835.7 4835.1 4834.55 4834.28 4834.12 4834.25 4834.5 4834.89 4834.95 4834.55 4834.06 4833.53 4832.97 4832.44 4832.02 4831.78 4831.83 4832.41 4834.92 4836.11 4835.77 4835.29
