real_craters/C098-300m.grd
DSAA
218 218
-32.48 32.48
-32.48 32.48
3745.910511192 5518.196022398
[rows 120 to 149 of 218, columns 0 to 66 of 218]
4986.56 4987.44 4989.69 4990.23 4992.56 4999.93 5005.35 5008.72 5008.68 5003.66 4998.95 4995.02 4992.29 4991.58 4993.87 5002.12 5008.39 5000.92 4993.68 4986.16 4978.53 4970.99 4967.67 4969.94 4973.35 4982.76 4991.84 5004.17 5015.13 5022.87 5028.45 5029.07 5024.03 5023.72 5046.95 5089.03 5110.75 5089.25 5045.89 5014.53 4999.22 4988.87 4981.82 4976.73 4972.2 4969.12 4967.05 4965.02 4963.02 4961.73 4959.89 4958.96 4959.66 4962.92 4964.61 4968.23 4972.59 4976.79 4980.97 4985.45 4989.77 4994.86 4997.07 4998.61 5003.36 5009.09 5018.98
4995.23 4995.94 4998.06 5001.38 5002.08 5002.39 5002.69 5001.84 4998.88 4998.46 4997.61 4996.73 4996.65 4997.73 5000.07 5000.6 5001.43 5004.14 4998.94 4990.95 4982.08 4972.63 4968.45 4970.15 4973.83 4981.37 4989.09 4998.25 5010.72 5023.06 5026.14 5022.72 5019.87 5020.87 5047.05 5089.67 5120.73 5112.43 5055.02 5021.74 5006.95 4996.23 4988.24 4982.31 4976.2 4972.91 4970.02 4967.5 4964.85 4963.27 4961.14 4958.82 4955.52 4956.67 4962.88 4968.59 4973.86 4979.02 4983.76 4988.8 4993.77 5000.34 5004.82 5006.66 4998.49 4994.27 5005.05
5001.37 5002.86 5005.48 5009.59 5008.01 5004.22 5001.25 4997.83 4994.02 4994.88 4996.51 4997.82 5000.25 5002.91 5006.41 5009.8 5012.43 5010.39 5003.52 4995.02 4986.73 4979.02 4974.9 4975.1 4978.33 4980.48 4984.94 4990.52 5000.48 5013.74 5017.65 5017.67 5019.85 5023.66 5050.01 5086.58 5113.67 5103.93 5056.62 5029.02 5014.37 5002.57 4993.48 4986.56 4981.3 4976.97 4973.6 4970.73 4967.18 4965.53 4964.34 4961.66 4957.61 4958.12 4964.48 4970.65 4976.04 4981.3 4986.44 4991.54 4996.92 5004.81 5011.44 5016.95 5001.26 4988.92 4999.1
5005.93 5007.35 5009.07 5011.15 5008.95 5005.19 5001.43 4997.37 4993.89 4994.61 4997.01 4999.1 5001.53 5005.55 5011.22 5018.74 5024.97 5016.37 5005.8 4996.53 4989.6 4986.39 4980.89 4977.86 4977.32 4978.88 4980.19 4983.51 4991.09 5000.47 5005.99 5014.02 5024.92 5037.38 5056.22 5080.22 5097.89 5092.97 5061.27 5037.39 5021.91 5008.33 4998.19 4990.33 4983.48 4978.47 4974.73 4971.72 4970.01 4969.4 4969.02 4968.18 4967.13 4968 4970.19 4973.95 4978.31 4983.46 4988.04 4993.36 4999.3 5006.71 5011.23 5013.92 5007.37 5004.21 5002.93
5010.44 5011.52 5010.37 5008.84 5007.5 5005.54 5002.96 5000.17 4997.45 4997.63 4999.26 5000.74 5002.4 5005.27 5010.79 5019.47 5025.9 5014.82 5003.42 4993.42 4986.35 4983.8 4978.8 4976.62 4977.6 4975.68 4973.83 4974.53 4978.41 4984.76 4995.07 5010.09 5027.7 5049.19 5055.61 5068.08 5083.14 5079.89 5064.08 5043.3 5026.66 5011.49 5000.34 4991.71 4984.93 4978.82 4974.96 4972.38 4970.74 4971.05 4972.75 4976.03 4981.21 4979.5 4976.3 4977.98 4980.98 4985.29 4990.12 4995.03 5000.08 5006.3 5008.34 5006.89 5008.05 5010.98 5004.37
5022.49 5018.76 5012.37 5007.38 5007.09 5006.9 5005.91 5004.57 5003.52 5003.06 5002.53 5002.04 5001.71 5001.6 5002.98 5005.5 5009.64 5005.06 4995.93 4986.54 4977.64 4969.51 4969.85 4970.16 4971.33 4969.2 4966.43 4964.67 4962.66 4968.39 4983.74 5000.31 5013.73 5028.59 5035.5 5043.78 5053.87 5063.86 5057.68 5041.42 5026.27 5013.52 5002.66 4994.73 4988.62 4983.92 4979.86 4972.21 4971.4 4971.52 4973.5 4978.09 4984.59 4983.09 4979.41 4984.94 4987.5 4991.18 4995.35 4999.12 5003.05 5006.11 5007.23 5006.04 5006.39 5007.93 4998.53
5042.6 5028 5016.37 5009.15 5009.33 5009.75 5009.43 5009.12 5009.62 5008.86 5005.4 5002.73 5000.08 4996.81 4992.78 4990.55 4996.12 4993.11 4986.54 4978.68 4970.02 4961.5 4961.51 4961.61 4961.07 4960.11 4958.61 4957.06 4954.01 4956.71 4975.4 4985.84 4986.83 4991.85 5002.93 5012.29 5023.09 5044.85 5044.64 5032.38 5020.56 5010.31 5002.02 4993.8 4988.25 4983.78 4982.35 4974.72 4970.6 4969.75 4971.86 4974.65 4979.47 4978.29 4977.54 4984.83 4987.98 4991.4 4995.55 4999.75 5004.07 5006.51 5008.07 5007.57 5005.11 4997.9 4991.7
5045.59 5033.02 5022.77 5016.21 5014.9 5014.49 5013.95 5013.27 5012.18 5009.82 5007.59 5004.06 4999.79 4994.52 4987.54 4982.2 4983.02 4981.22 4977.23 4971.14 4965.41 4960.91 4955.29 4953.23 4952.73 4952.21 4951.16 4950.9 4948.52 4948.96 4962.94 4964.16 4959.38 4961.33 4972.66 4982.24 4993.47 5018.09 5022.3 5017.3 5011.77 5005.76 5000.22 4996.73 4989.24 4984.96 4982.99 4974.79 4971.44 4968.76 4966.45 4966.35 4968.76 4970.47 4972.7 4981.76 4986.51 4991.03 4995.59 5000.05 5003.69 5007.49 5009.43 5010.81 5007.93 4995.62 4984.45
5034.27 5033.94 5030.06 5025.46 5022.17 5020.25 5018.84 5017.8 5016.14 5013.87 5010.37 5006.15 5001.18 4996.1 4991.58 4987.87 4978.99 4974.75 4970.52 4963.37 4956.98 4952.15 4947.01 4944.44 4943.38 4943.14 4943.39 4944.36 4942.22 4939.3 4942.82 4939.36 4937.88 4941.09 4950.02 4958.97 4969.6 4987.44 4996.43 4999.41 5000.59 4999.28 4997.1 4995.07 4991.23 4987.03 4982.7 4978.34 4969.18 4964.4 4959.23 4956.66 4958.17 4961.93 4971.87 4977.5 4982.04 4987 4993.35 4996.95 5001.48 5005.61 5009 5011.43 5008.67 4991.73 4980.51
5031.26 5036.77 5036.16 5032.46 5028.38 5025.37 5023.57 5022.4 5020.7 5018.59 5014.45 5008.47 5002.63 4997.96 4996.22 4994.43 4985.76 4977.86 4967.37 4955.59 4944.26 4938.38 4936.99 4935.61 4933.96 4932.65 4936.61 4936.66 4933.11 4931.67 4928.03 4920.77 4921.47 4926.25 4933.97 4942.61 4950.4 4957.03 4972.09 4983.36 4990.27 4992.47 4992.68 4991.62 4988.9 4985.01 4980.54 4975.55 4965.41 4959.32 4952.04 4945.96 4947.51 4954.97 4966.21 4972.91 4978.86 4984.39 4989.76 4994.84 4999.68 5003.85 5007.63 5009.84 5007.27 4993.86 4981.1
5045.34 5043.61 5040.98 5036.41 5031.83 5028.52 5026.33 5025.25 5024.68 5023.7 5017.96 5009.78 5002.32 4996.48 4993.47 4993.16 4990.69 4982.07 4964.24 4948.31 4935.47 4929.35 4928.52 4928.74 4928.64 4928.76 4933.88 4936.23 4931.3 4925.68 4916.07 4907.52 4910.27 4915.12 4922.09 4930.03 4936.08 4940.38 4956.9 4971.95 4981.61 4985.42 4986.97 4988.12 4985.82 4981.06 4976.81 4972.37 4961.84 4955.86 4949.62 4941.74 4943.74 4952.2 4962.64 4969.48 4975.67 4981.14 4986.65 4991.97 4997.11 5001.67 5005.44 5007.98 5007.88 5004.4 4996.23
5055.02 5047.36 5042.26 5037.1 5032.63 5029.5 5027.26 5026.21 5025.87 5026.41 5018.71 5008.47 4999.62 4992.1 4987.28 4986.98 4983.34 4973.84 4956.61 4940.07 4925.88 4921.68 4922.14 4923.89 4926.16 4929.79 4933.05 4935.57 4926.35 4913.08 4901.59 4895.25 4899.58 4905.59 4913.1 4922.22 4930.89 4940.77 4954.28 4966.82 4975.46 4979.21 4981.58 4982.66 4980.6 4976.11 4972.6 4967.97 4959.06 4954.13 4950.96 4950.1 4948.55 4952.86 4960.51 4966.89 4972.7 4978.43 4983.95 4989.26 4994.15 4999.09 5003.06 5005.83 5007.14 5009.99 4998.51
5050.09 5043.68 5037.32 5034.65 5031.99 5029.27 5026.9 5024.46 5022.25 5019.5 5012.07 5003.43 4995.16 4987.08 4981.52 4978.88 4971.5 4960.31 4945.36 4931.1 4920.53 4916.1 4916.8 4919.79 4924.15 4926.43 4931.63 4929.27 4915.58 4896.9 4889.22 4884.96 4890.25 4897.04 4905.52 4916.79 4929.16 4944.55 4958.09 4967.07 4972.7 4975.26 4975.69 4974.67 4973.96 4970.18 4966.54 4962.55 4958.53 4951.83 4951.28 4952.63 4950.8 4953.76 4958.5 4963.34 4968.94 4974.21 4979.43 4984.53 4989.4 4994.12 4999.24 5002.91 5006.49 5011.17 4997.07
5040.75 5037.97 5033.61 5032.17 5030.28 5027.39 5024.28 5020.58 5015.92 5008.56 5001.7 4997.01 4990.03 4982.88 4978.27 4970.61 4958.87 4945.52 4932.32 4921.08 4912.64 4909.95 4910.94 4914.53 4921.03 4932.68 4930.75 4921.78 4904.72 4888.84 4880.25 4878.11 4882.94 4890.95 4899.34 4909.21 4926.25 4948.46 4965.13 4970.12 4972.44 4971.93 4970.86 4968.93 4968.28 4965.2 4961.7 4957.99 4954.95 4948.63 4948.12 4947.63 4948.71 4951.5 4954.13 4960.26 4965.17 4970.12 4974.89 4979.61 4984.94 4989.39 4993.58 4997.44 5001.29 5004.34 4995.09
5031.98 5034.71 5033.78 5031.34 5028.55 5025.04 5021.03 5016.34 5010.85 5004.53 4998.3 4992.06 4985.36 4978.28 4971.28 4961.43 4947.22 4930.86 4920.27 4911.14 4904.63 4902.81 4903.62 4906.43 4910.52 4914.59 4912.34 4904.65 4890.73 4879.5 4874.3 4876.49 4880.96 4889.14 4897.93 4907.29 4928.84 4954.23 4971.47 4973.13 4973.43 4970.99 4968.68 4965.95 4965.31 4962.06 4958.48 4954.67 4951.36 4944.16 4942.97 4942.98 4944.37 4947.08 4950.31 4956.38 4960.32 4964.36 4968.49 4972.67 4978.34 4982.45 4986.36 4989.72 4991.55 4991.59 4989.69
5034.21 5035.11 5033.53 5030.32 5026.63 5022.31 5017.54 5012.12 5006.19 5000.39 4994.04 4987.35 4980.69 4974.27 4967.73 4954.06 4938.12 4923.41 4910.81 4902.19 4897.21 4895.82 4895.98 4896.64 4896.67 4893.35 4889.28 4888 4880.83 4874.79 4872.43 4875.64 4880.87 4891.73 4904.39 4919.64 4943.05 4962.2 4972.46 4973.88 4972.83 4970.33 4967.39 4964.21 4962.88 4959.54 4956.17 4952.17 4948.43 4940.79 4936.27 4935.55 4939.56 4943.22 4946.39 4951.81 4955.08 4958.96 4962.43 4966.02 4969.85 4973.58 4977.41 4981.02 4983.74 4986.66 4982.77
5035.38 5034.5 5032.34 5029.65 5025.6 5020.48 5014.67 5008.4 5001.79 4995.2 4988.91 4981.46 4974.93 4968.63 4961.78 4946.7 4929.13 4912.28 4900.3 4894.05 4890.9 4889.65 4889.01 4888.29 4886.16 4882.59 4879.97 4879.92 4880.38 4873.56 4872.91 4876.86 4883.61 4896.19 4914.29 4937.22 4961.02 4971.94 4973.81 4973.22 4971.25 4969.37 4966.48 4964.01 4960.96 4957.78 4954.33 4950.66 4946.04 4939.72 4933.16 4932.91 4937.41 4940.68 4943.65 4946.24 4948.81 4953.33 4956.01 4958.47 4961.54 4965.1 4968.5 4972.11 4975.24 4976.74 4973.78
5028.98 5031.11 5031.76 5029.89 5025.78 5019.78 5012.95 5005.3 4997.29 4989.17 4980.22 4974.52 4968.58 4961.5 4954.89 4939.42 4921.01 4902.66 4891.05 4887.44 4886.04 4885.25 4884.07 4882.14 4879.3 4876.07 4874.76 4875.9 4873.88 4874.34 4876.29 4879.54 4885.19 4897.59 4916.88 4942.34 4967.68 4973.08 4969.93 4970.2 4968.4 4966.6 4964.06 4961.52 4958.82 4955.57 4952.76 4950.03 4946.81 4943.11 4938.28 4937.39 4938.76 4940.39 4942.08 4943.5 4944.41 4947.37 4949.28 4951.31 4953.58 4955.88 4958.82 4962.61 4966.18 4969.63 4965.62
5024.2 5029.74 5033.49 5031.12 5025.89 5018.95 5010.75 5001.94 4992.95 4983.75 4975.11 4968.46 4963.25 4957.4 4948.98 4933.56 4915.32 4897.35 4886.17 4885.06 4884.84 4883.51 4881.16 4878.38 4874.81 4871.3 4868.5 4871.87 4871.22 4875.66 4882.94 4882.82 4885.17 4894.37 4906.64 4926.83 4952.22 4961.11 4966.12 4964.78 4962.64 4961.49 4959.69 4957.86 4955.95 4953.44 4951.2 4949.36 4948.52 4948.25 4948.7 4944.27 4940.98 4940.8 4941.74 4941.76 4941.95 4943.24 4942.71 4943.73 4945.59 4947.62 4949.7 4951.63 4953.87 4956.14 4955.79
5028.26 5033.62 5037.35 5033.77 5026.62 5018.43 5009.01 4998.74 4988.83 4978.44 4968.53 4961.9 4957.95 4955.42 4945.52 4929.14 4912.5 4896.43 4886.35 4888.31 4887.67 4884.31 4880.43 4876.37 4872.81 4869.42 4868.54 4870.39 4872 4877.2 4881.39 4883.65 4886.95 4891.41 4895.8 4904.99 4919.75 4936.97 4951.89 4952.7 4953.7 4954.81 4954.92 4954.08 4952.62 4950.74 4948.95 4947.62 4948.28 4949.62 4952.43 4946.18 4941.28 4939.85 4938.52 4938.11 4937.72 4936.68 4936.39 4936.17 4936.04 4937.15 4939.18 4940.95 4942.5 4943.39 4949.7
5040.78 5049.87 5045.69 5037.18 5027.36 5017.08 5007 4995.98 4984.83 4973.52 4962.8 4954.68 4949.22 4944.81 4936.77 4924.43 4911.67 4900.52 4894.8 4898.01 4893.4 4887 4881.48 4876.99 4872.72 4869.19 4867.79 4872.72 4878.72 4881.69 4883.1 4887.14 4891.91 4892.15 4891.02 4891.2 4897.08 4914.65 4924.87 4935.47 4944.6 4949.48 4951.4 4951.52 4950.34 4949.12 4947.21 4945.45 4945.04 4944.34 4944.19 4941.5 4939.31 4937.71 4935.72 4933.03 4931.99 4930.62 4930.42 4929.84 4929.3 4929.4 4929.8 4931.63 4935.5 4939.89 4950.56
5048.75 5061.18 5050.23 5038.49 5027.12 5015.64 5004.09 4992.24 4980.64 4969.07 4957.64 4947.85 4939.83 4933.18 4927.49 4919.62 4911.17 4904.24 4902.7 4910.14 4895.95 4888.27 4882.66 4878.16 4874.22 4870.72 4870.5 4878.34 4885.84 4887.94 4888.83 4894.47 4898.59 4895.46 4890.99 4888.85 4893.79 4907.54 4916.84 4929.2 4940.92 4946.78 4949.24 4949.6 4948.57 4947.22 4944.88 4942.17 4939.83 4936.75 4934.45 4935.07 4934.95 4933.27 4930.25 4928.01 4926.43 4925.29 4923.56 4923.62 4922.58 4921.81 4921.14 4922.23 4923.6 4935 4952.34
5045.15 5048.95 5044.54 5035.26 5024.22 5012.3 5000.38 4988.28 4976.46 4964.96 4954.12 4943.55 4932.22 4924.33 4920.07 4915.31 4910.2 4904.97 4896.15 4886.09 4890.92 4887.7 4883.38 4879.85 4876.39 4873.69 4875.18 4884.52 4890.47 4893.93 4897.77 4901.36 4903.98 4898.89 4892.72 4894.53 4901.68 4913.69 4927.04 4937.91 4943.7 4947.84 4949.48 4949.18 4947.75 4945.62 4942.71 4939.3 4935.38 4931.44 4929.19 4929.69 4930.38 4928.32 4926.29 4923.8 4921.91 4920.24 4918.54 4917.96 4916.09 4914.9 4913.91 4914.31 4918.09 4928.16 4946.24
5039.16 5040.11 5036.84 5029.22 5018.94 5007.5 4995.39 4983.2 4971.17 4960.21 4950.31 4940.69 4925.55 4917.58 4914.42 4911.78 4909.17 4907.31 4908.57 4899.44 4891.24 4887.34 4883.96 4881.1 4879.02 4877.91 4879.69 4886.42 4892.98 4898.65 4904.22 4907.68 4907.94 4902.8 4898.73 4905.57 4913.79 4923.73 4935.21 4944.27 4948.95 4950.99 4951.24 4950.24 4947.96 4944.94 4941.39 4937.83 4932.42 4928.06 4925.82 4926.25 4926.09 4924.73 4922.5 4921.05 4919.38 4917.17 4915.22 4913.12 4912.02 4909.57 4908.22 4908.22 4908.48 4919.75 4935.6
5030.67 5032.84 5030.69 5023.43 5014.23 5002.71 4990.54 4978.05 4965.66 4954.06 4943.03 4932.01 4918.94 4912.43 4910.51 4908.96 4907.4 4905.87 4903.14 4897.42 4891.01 4887.07 4884.84 4884.74 4884.12 4884.76 4887.13 4888.85 4892.59 4904.14 4911.74 4915.13 4911.06 4907.48 4908.22 4916.84 4923.89 4932 4943.12 4953.61 4954.23 4954.9 4954.01 4952.03 4948.6 4945.01 4940.85 4936.68 4931.43 4927.75 4925.21 4924.95 4923.44 4921.91 4920.52 4918.45 4917.03 4915.06 4912.47 4910.26 4909.39 4906.97 4904.8 4905.1 4909.83 4915.87 4927.76
5022.68 5025.53 5025.56 5018.29 5008.85 4997.25 4985.08 4972.51 4959.66 4947.21 4935.2 4923.61 4913.98 4909.76 4908.26 4906.92 4905.42 4903.25 4898.89 4892.68 4889.88 4889.6 4891.2 4892.24 4892.63 4893.94 4900.32 4906.27 4906.26 4911.85 4914.45 4916.71 4912.33 4910 4913.18 4919.77 4927.1 4935.97 4945.68 4952.24 4957.09 4957.92 4956.45 4953.6 4949.69 4945.26 4940.48 4935.88 4930.89 4927.79 4924.83 4923.15 4921.65 4919.86 4918.72 4916.77 4914.87 4913.36 4911.13 4910.29 4907.79 4905.15 4902.8 4902.02 4905.08 4914.57 4924.27
5023.53 5023.03 5021.36 5013.18 5003.3 4991.75 4978.69 4966.18 4953.44 4940.76 4928.25 4916.81 4910.81 4909.43 4907.08 4905.57 4903.84 4901.35 4897.53 4886.92 4887.2 4890 4895.69 4896.81 4901.2 4901.18 4918.28 4934.52 4921.85 4915.54 4923.92 4917.33 4912.61 4911.15 4912.37 4916.88 4925.95 4936.97 4948.08 4957.09 4960.89 4961.02 4958.48 4955.04 4950.7 4945.46 4939.93 4934.59 4929.41 4926.56 4923.39 4921.41 4919.87 4918.13 4916.92 4915.71 4913.62 4911.97 4910.7 4910.06 4907.9 4905.26 4902.82 4901.67 4906.46 4918.58 4931.31
5027.02 5022.84 5018.15 5008.11 4996.95 4985.44 4973.44 4961.15 4948.04 4935.37 4922.81 4911.46 4906.87 4906.4 4906.18 4905.1 4903.12 4899.97 4894.69 4884.54 4886.69 4891.82 4898.62 4903.52 4909.18 4913.22 4930.36 4933.67 4873.94 4889.36 4936.25 4911.13 4913.01 4909.59 4908.79 4912.45 4923.44 4936.6 4950.06 4962.51 4965.14 4963.34 4960.08 4956.27 4951.28 4945.27 4938.89 4932.29 4926.62 4922.98 4921.22 4919.05 4917.54 4916.76 4915.14 4914.03 4913.32 4912.26 4911.04 4909.66 4909.17 4907.14 4904.78 4905.2 4911.91 4924.86 4939.46
5017.47 5015.38 5010.02 5000.66 4989.98 4978.82 4967.4 4955.65 4943.74 4931.32 4919.81 4909.81 4906.69 4906.84 4906.91 4906.07 4904.02 4900.01 4894.46 4886.83 4889.32 4895.15 4902.14 4909.65 4916.48 4922.91 4912.87 4835.88 4779.98 4815.43 4863.13 4913.83 4915.72 4905.84 4903.74 4908.53 4921.06 4935.49 4949.6 4962.48 4965.9 4964.64 4961.93 4957.63 4952 4945.39 4938.08 4930.41 4923.84 4919.78 4918.7 4916.78 4915.43 4914.13 4913.17 4912.18 4911.91 4911.23 4911.41 4910.21 4911.46 4910.29 4909.29 4909.09 4916.84 4929.62 4940.84
5001.35 5003.38 5000.89 4991.36 4981.86 4971.78 4961.25 4950.54 4939.65 4928.95 4918.73 4911.03 4908.25 4908.73 4909.27 4908.99 4906.77 4902.26 4895.96 4891.8 4893.98 4899.53 4906.5 4913.54 4920.16 4921.56 4907.76 4805.1 4731.09 4768.1 4812.46 4897.62 4911.94 4901.77 4899.59 4906.04 4919.95 4934.8 4947.96 4956.83 4962.56 4965.55 4964.36 4960.14 4953.67 4945.9 4937.62 4929.16 4922.34 4918.13 4916.34 4914.78 4913.88 4913.06 4913.13 4913.12 4912.85 4912.31 4913.17 4913.17 4914.03 4916.12 4916.57 4916.43 4924.29 4934.54 4940.72
