real_craters/C098-500m.grd
DSAA
131 131
-32.48 32.48
-32.48 32.48
3748.2300807771 5513.5362168287
[rows 30 to 59 of 131, columns 0 to 66 of 131]
4870.5 4894.9 4917.23 4939.01 4950.26 4938.28 4909.08 4874.01 4855.47 4852.02 4851.76 4851.24 4851.46 4851.81 4852.3 4851 4850.91 4850.77 4850.79 4851.42 4852.33 4853.05 4853.29 4851.88 4851.55 4862.13 4864.77 4856.83 4866.41 4889.13 4902.55 4903.72 4898.68 4895.33 4893.68 4896.95 4905.61 4904.76 4898.07 4894.96 4893.72 4893.98 4894.68 4894.55 4891.9 4890.95 4893.9 4902.97 4911.16 4917.5 4922.23 4926.13 4927.11 4921.57 4915.36 4906.34 4902.1 4900.4 4899.23 4897.69 4896.38 4897.7 4903.18 4907.23 4909.3 4911.81 4921.44
4892.95 4907.13 4923.65 4940.35 4945.71 4933.5 4907.7 4876.43 4862.68 4859.03 4856.9 4854.85 4851.95 4851.42 4852.07 4850.99 4851 4851.15 4851.26 4852.06 4852.87 4853.34 4853.34 4851.39 4853.04 4862.06 4871.59 4869.7 4885.99 4902.77 4905.67 4903.61 4898.42 4895.17 4899.23 4909.02 4921.88 4918.39 4907.05 4901.8 4901.13 4901.43 4902.36 4902.35 4896.3 4915.28 4920.7 4921.47 4923.97 4926.71 4929.77 4931.73 4930.6 4926.68 4921.88 4913.31 4906.89 4903.64 4901.47 4899.77 4898.73 4899.99 4905.96 4915.2 4928.79 4948.57 4956.98
4917.04 4917.57 4925.29 4935.72 4933.06 4914.11 4905.21 4894.2 4882.52 4873.08 4866.09 4858.58 4853.08 4851.43 4851.87 4851.04 4851.16 4852.2 4853.13 4853.68 4853.77 4853.65 4853.02 4850.71 4857.91 4879.46 4898.07 4924.03 4925.11 4919.76 4912.13 4906.22 4899.84 4898.52 4906.25 4912.66 4912.98 4910.61 4909.5 4907.17 4906.47 4906.02 4907.38 4908.09 4905.6 4924.39 4934.57 4933.28 4933.2 4934.98 4936.88 4937.34 4936.54 4933.49 4923.49 4915.28 4909.95 4906.83 4904.79 4903.35 4903.36 4907.37 4913.66 4928.6 4947.28 4970.55 4992.11
4917.65 4918.52 4921.3 4924.22 4915.28 4901.89 4911.89 4920.27 4907.24 4898.82 4875.66 4861.6 4853.47 4851.68 4851.95 4851.9 4851.61 4853.38 4855.37 4855.17 4854.56 4853.99 4853.16 4851.72 4865.31 4886.7 4905.92 4929.53 4930.08 4920.06 4913.12 4908.77 4907.86 4916.1 4923.04 4917.53 4910.1 4905.53 4908.72 4911.08 4911.31 4911.51 4913.4 4916.33 4916.52 4911.22 4935.99 4940.96 4942.37 4942.86 4943.15 4942.39 4939.68 4933.17 4922.21 4914.99 4912.83 4911.13 4909.96 4909.76 4909.21 4909.56 4917.73 4929.95 4957.06 4987.47 5006.29
4913.02 4913.94 4914.45 4912.12 4904.34 4905.95 4919.06 4936.56 4918.4 4894.58 4879.73 4863.27 4853.17 4852.9 4856.43 4854.27 4853.89 4854.7 4855.79 4855.37 4855.12 4855.1 4855.05 4855.91 4871.89 4891.31 4894.89 4892.5 4906.46 4908.27 4908.62 4909.72 4912.94 4921.47 4929.43 4920.92 4912.05 4907.1 4910.65 4914.69 4918.07 4919.42 4920.78 4923.03 4925.65 4931.51 4943.38 4946.44 4948.81 4949.26 4947.93 4945.81 4941.45 4932.56 4927.48 4922.3 4918.69 4918.51 4918.71 4918.56 4919.65 4922.51 4927.44 4933.15 4965.75 4992.16 5018.57
4904.68 4908.14 4910.33 4909.17 4906.44 4906.18 4917.91 4927.17 4920.23 4910.54 4889.89 4867.36 4853.37 4852.9 4854.6 4854.2 4852.54 4852.58 4854.76 4855.35 4855.69 4855.95 4857.32 4858.91 4885.22 4900.22 4888.34 4871.1 4874.28 4892.34 4902.58 4907.96 4912.19 4918.16 4923.76 4919.91 4915.11 4913.66 4914.95 4918.39 4922.42 4926.39 4929.13 4931.01 4930.76 4935.63 4940.77 4950.05 4954.07 4954.92 4954.05 4951.53 4948.43 4942.29 4934.04 4927.02 4925.43 4928.03 4930.63 4932.73 4934.49 4937.12 4950.57 4977.92 4984.87 4989.99 5009.95
4904.39 4907.52 4908.4 4908.2 4904.7 4902.48 4912.83 4919.84 4919.65 4911.35 4896.38 4875.92 4859.91 4855.68 4856.03 4853.98 4852.65 4852.27 4853.47 4855.01 4856.21 4856.98 4859.88 4877.22 4908.52 4922.8 4898.55 4876.19 4879.99 4891.8 4900.84 4907.56 4911.07 4912.09 4919.74 4916.83 4916.03 4918.86 4918.55 4921.82 4926.05 4931.33 4935.68 4940.6 4943.95 4948.03 4953.84 4959.78 4961.15 4960.8 4959.32 4957.06 4955.46 4955.39 4941.31 4930.03 4933.83 4940.05 4944.73 4948.32 4951.11 4957.15 4971.97 4995.39 5001.68 5009.6 5037.13
4912.02 4909.98 4907.69 4905.98 4902.57 4904.15 4910.69 4915.92 4919.17 4918.77 4908.25 4884.93 4866.31 4857.26 4856.16 4854.13 4853.29 4854.18 4855.1 4856.4 4857.68 4859.49 4863.49 4875.69 4916.64 4934.22 4915.22 4905.13 4905.14 4902.56 4905.55 4911.22 4915.7 4917.76 4911.85 4912.77 4914.21 4914.7 4920.77 4926.08 4931.61 4937.35 4943.5 4952.89 4964.82 4973.36 4978.9 4973.08 4969.95 4967.98 4965.79 4963.17 4958.85 4954.04 4944.74 4942.18 4950.51 4962.4 4968.39 4969.79 4970.23 4973.52 4980.9 4984.8 5004.88 5029.86 5042.77
4912.56 4910.82 4906.7 4903.81 4903.8 4910.45 4910.43 4914.24 4918.24 4918.3 4908.51 4889.6 4869.2 4857.63 4856.27 4854.07 4853.34 4855.42 4857.17 4858.22 4858.05 4858.34 4860.02 4868.88 4908.94 4929.33 4921.99 4913.98 4912.97 4909.45 4911.3 4915.7 4921.31 4929.13 4915.93 4913.16 4915.51 4921.35 4926.13 4932.45 4938.84 4946.65 4953.39 4961.39 4972.2 4977.66 4979.66 4981.07 4977.56 4976.41 4973.95 4971.18 4964.99 4952.26 4952.85 4962.25 4981.83 4994.46 4998.43 4995.59 4990.68 4983.97 4979.75 4999.17 5019.03 5040.22 5068.3
4914.92 4912.97 4906.4 4900.29 4905.16 4909.64 4911.35 4913.57 4917.54 4919.2 4916.33 4893.91 4871.44 4860.42 4857.09 4855.08 4853.93 4855.29 4861.36 4864.06 4861.29 4858.47 4859.67 4875.23 4920.58 4937.05 4933.63 4916.36 4907.85 4910.17 4913.57 4918.16 4922.43 4922.64 4920.29 4916.73 4918.47 4924.09 4930.99 4938.33 4944.54 4951.27 4957.19 4965.96 4971.22 4987.32 4992.02 4987.78 4986 4986.53 4988.02 4988.24 4986.5 4983.21 4996.97 5030.32 5040.18 5033.55 5029.78 5024.79 5017.86 5005.76 5006.55 5001.54 5014.01 5041.09 5068.96
4918.17 4916.84 4911.26 4906.44 4913.36 4919.17 4914.02 4914.21 4916.58 4917.74 4913.07 4896.39 4878.76 4866.72 4861.39 4859.16 4859.43 4864.49 4878.96 4878.87 4870.68 4861.95 4876.02 4899.76 4936.62 4941.29 4934.15 4917.19 4908.2 4910.05 4914.98 4920.27 4923.95 4924.28 4917.59 4914.42 4922.22 4930.99 4939.22 4945.11 4950.73 4956.17 4962.11 4970.01 4977.44 4990.18 4984.84 4984.12 4990.23 4995.83 5001.51 5008.59 5014.23 5030.45 5054.59 5065.63 5072.32 5074.19 5068.66 5059.54 5050.07 5036.76 5019.4 5024.01 5030.46 5037.51 5052.11
4919.71 4919.04 4919.67 4919.13 4918.83 4925.05 4917.38 4914.22 4915.33 4914.64 4907.76 4896.66 4883.34 4873.57 4869.35 4864.55 4867.26 4892.16 4909.14 4898.36 4886.77 4884.43 4925.95 4929.73 4945.61 4927.34 4906.03 4901.75 4905.69 4910.89 4916.89 4922.37 4926.71 4930.13 4926.96 4923.24 4929.25 4938.1 4946.07 4951.91 4956.64 4960.68 4964.84 4971.96 4988.69 4985.31 4985.19 4986.43 4994.59 5003.46 5015.6 5028.15 5041.41 5052.81 5066.87 5095.07 5116.71 5112.89 5107.93 5102.82 5094.93 5086.21 5080.04 5057.3 5033.33 5040.82 5058.84
4924.25 4923.81 4924.77 4922.7 4916.49 4923.01 4912.76 4912.39 4914.55 4915.16 4912.57 4901.69 4886.59 4876.75 4874.69 4868.95 4868.67 4890.08 4920.94 4911.9 4898.59 4893.36 4906.51 4910.71 4906.99 4905.23 4896.48 4900.58 4906.31 4912.99 4919.98 4926.38 4930.53 4930.82 4927.9 4928.09 4936.46 4947.25 4958.35 4959.76 4963.73 4967.2 4968.19 4964.72 4949.48 4985.42 5001.35 5002.33 5001.97 5013.86 5028.04 5048.51 5069.73 5088.34 5090.53 5140.92 5147.47 5145.81 5145.59 5143.33 5137.88 5131.78 5124.88 5086.93 5048.26 5056.41 5053.64
4930.97 4931.5 4926.78 4923.48 4919.64 4913.64 4909.77 4911.34 4915 4917.94 4920.01 4909.97 4891.32 4882.39 4882.51 4873.61 4869.14 4891.43 4925.82 4919.6 4901.93 4885.91 4875.06 4883.89 4887.52 4894.29 4894.59 4899.9 4908.2 4916.7 4924.9 4931.43 4936.58 4938.62 4938.05 4935.6 4947.07 4955.28 4960.27 4967.45 4972.36 4976.75 4979.55 4980.87 4990.86 5008.2 5008.51 4988.68 5004.1 5018.44 5037.72 5062.26 5098.22 5146.48 5236.96 5185.63 5154.89 5180.06 5180.67 5175.61 5172.94 5172.37 5152.97 5154.91 5152.37 5119.38 5066.47
4938.73 4933.82 4932.69 4924.68 4916.92 4910.27 4907.26 4911.86 4916.12 4919.65 4920.86 4913.03 4898.29 4891.09 4889.31 4880.99 4874.78 4897.32 4931.31 4928.84 4909.11 4887.98 4884.86 4884.29 4888.41 4896.8 4904.13 4907.15 4914.86 4922.9 4931.67 4939.63 4946.87 4951.73 4951.71 4962.73 4963.42 4967.24 4974.3 4976.15 4982.04 4989.44 4996.8 5004.2 5008.62 5022.45 5022.42 5004.08 5012.46 5028.94 5049.92 5076.71 5109.83 5149.83 5179.04 5209.87 5261.43 5224.38 5206.44 5194.6 5191.44 5205.37 5254.32 5280.12 5252.99 5178.66 5100.67
4949.01 4955.14 4946.55 4925.79 4913.24 4911.01 4910.88 4914.62 4918.41 4920.84 4919.38 4913.23 4907.33 4902.73 4903.18 4891.64 4885.54 4911.72 4952.88 4941.6 4928.44 4918.12 4904.05 4894.62 4896.12 4903.85 4911.31 4915.15 4921.69 4929.46 4938.73 4948.7 4958.78 4968.9 4977.88 4983.49 4979.21 4976.13 4974.46 4982.53 4991.65 5001.97 5012.74 5025.88 5033.06 5027.22 5028.94 5020.62 5022.32 5032.8 5051.8 5076.94 5104.79 5132.18 5155.33 5189.91 5204.49 5223.54 5211.73 5189.65 5176.46 5179.57 5199.57 5194.2 5147.37 5113.41 5153.95
4952.38 4954.97 4946.28 4925.44 4914.36 4914.62 4918.77 4919.17 4922.34 4925.26 4925.44 4922.11 4919.19 4918.8 4909.68 4901.01 4900.95 4919 4939.01 4944.97 4941.41 4928.26 4915.18 4906.22 4903.32 4909.12 4914.87 4920.13 4926.48 4935.2 4945.23 4956.29 4968.67 4982.44 4999.88 4993.99 4986.43 4983.93 4986.58 4990.73 4999.44 5011.07 5023.04 5030.95 5032.4 5027.54 5024.53 5023.01 5020.68 5033.44 5052.23 5074.17 5096.3 5123.77 5149.65 5197.43 5258.13 5246.34 5194.72 5151.5 5119.58 5097.04 5073.07 5016.97 4967.63 4956.94 4997.83
4948.73 4944.5 4938.2 4929.96 4920.69 4916.56 4917.88 4921.82 4926.93 4932.15 4937.21 4942 4930.2 4926.13 4913.33 4911.8 4918.56 4930.92 4933.28 4957.69 4972.6 4978.43 4960.66 4931.92 4920.39 4920.67 4919.61 4922.79 4930.5 4939.45 4950.13 4962.08 4974.02 4987.24 4997.79 4997.69 4991.39 4987.66 4985.62 4992.33 5005.43 5019.49 5032.15 5038.85 5034.3 5021.42 4998.65 4995.53 5008.39 5028.38 5045.95 5070.89 5090.71 5113.76 5150.22 5193.69 5243.53 5205.27 5129.87 5069.87 5023.02 4988.3 4949.5 4908.33 4873.46 4858.61 4840.96
4944.86 4939.08 4935.03 4929.14 4924.66 4921.9 4918.46 4925.54 4933.34 4940.03 4943.83 4942.21 4929.55 4923.35 4920.72 4931.25 4952.27 4967.41 4981.94 4986.85 4999.32 5028.69 4988.45 4948.75 4932.97 4931.68 4924.38 4926.39 4933.15 4942 4953.13 4964.12 4975.51 4986.44 4993.04 4992.35 4990.52 4990.8 4991.12 4998.04 5009.42 5022.8 5037.82 5051.32 5036.64 5014.01 4992.51 4992.15 5009.57 5031.21 5049.55 5064.03 5075.98 5086.75 5095.73 5103.83 5103.39 5075.62 5026.54 4966.08 4910.3 4868.87 4837.07 4810.01 4770.03 4733.55 4749.72
4943.41 4938.21 4933.74 4927 4927.06 4930.4 4928.96 4935.4 4943.87 4951.12 4952.79 4943.09 4939.29 4939.63 4933.97 4953.89 5001.31 5005.04 5002.14 4995.75 4985.79 4969.49 4958.35 4946.08 4935.59 4932.34 4924.93 4928.4 4936.41 4945.63 4955.58 4966.36 4976.3 4985.68 4992.93 4997.28 4995.29 4994.25 4996.79 5001.83 5010.61 5022.02 5033.94 5044.02 5028.92 5005.54 4979.04 4985.62 5006.33 5032.21 5050.15 5058.38 5060.85 5055.75 5039.15 5012.91 5010.45 4976.54 4903.41 4833.28 4776.48 4731.06 4697.83 4686.75 4636.62 4607.68 4590.63
4943.42 4937.41 4930.16 4924.34 4927.05 4932.84 4940.12 4947.52 4957.12 4966.36 4973.6 4980.07 4990.21 4980.04 4971.34 4998.17 5040.88 5026.94 5013.94 4996.84 4968.16 4940.61 4932.86 4931.5 4927.84 4926.56 4927.38 4932.06 4939.64 4948.43 4957.84 4967.36 4976.06 4983.56 4989.53 4992.16 4993.81 4995.37 4996.77 5000.34 5008.54 5017.59 5023.31 5020.91 5017.27 5003.51 4991.86 5006.48 5034.36 5044.53 5046.42 5048.01 5043.23 5032.74 5010.19 4967.5 4924.68 4851.73 4751.98 4682.78 4625.14 4573.59 4521.95 4467.72 4451.36 4471.71 4467.31
4945.86 4938.76 4929.32 4924.17 4926.71 4933.33 4943.74 4956.82 4971.34 4981.23 4990.95 5011.73 5019.28 4999.08 4995.89 5024.33 5032.52 5019.81 5004.27 4984.02 4957.61 4930.65 4924.82 4921.09 4916.84 4919.14 4932.32 4936.08 4942.6 4950.56 4958.89 4967.52 4975.6 4982.27 4985.72 4987.09 4990.48 4998.46 4998.88 5000.66 5007.72 5014.47 5019.51 5021.7 5014.24 5008.97 5005.18 5037.95 5058.02 5059.33 5056.07 5049.65 5033.92 5017.45 4995.83 4960.18 4814.01 4640.84 4582.16 4530.54 4478.63 4425.41 4368.17 4304.21 4290.86 4322.22 4334.51
4951.35 4948.52 4933.95 4928.85 4932.56 4943.93 4961.06 4978.58 4989.52 4991.32 4991.64 4993.9 4987.88 4985.36 4985.81 4993.05 4996.09 4995.06 4982.61 4965.44 4952.69 4941.85 4927.75 4918.98 4911.15 4912.88 4928.44 4936.44 4942.86 4950 4957.72 4965.87 4973.81 4981.11 4986.89 4991.56 5007.25 5003.65 5002.19 5003.11 5008.92 5012.44 5014.19 5014.74 5012.67 5013.68 5029.31 5034.95 5056.16 5059.61 5051.53 5033.51 5011.91 4984.25 4954.9 4904.31 4734.91 4528.41 4451.24 4395.04 4344.52 4297.31 4248.13 4199.95 4188.52 4209.33 4224.66
4956.58 4953.36 4937.79 4935.95 4941.89 4961.71 4994.89 5017.97 5009.27 4997.28 4985.22 4974.32 4967.44 4965.59 4960.97 4968.19 4973.89 4973.65 4965.34 4957.12 4951.55 4944.16 4932.37 4923.57 4917.16 4917.1 4928.94 4937.33 4943.75 4950.77 4957.67 4965.31 4973.72 4981.85 4990.52 4998.66 5001.22 4999.06 5001.75 5011.3 5009.59 5010.24 5010.55 5010.49 5008.93 5006.65 5003.26 4994.54 5062.23 5047.99 5036.03 5008.78 4973.34 4928.99 4879.41 4812.27 4656.43 4487.25 4351.03 4277.13 4232.04 4194.71 4159.59 4130.22 4125.97 4151.1 4151.14
4959.68 4957.89 4949.58 4946.9 4946.69 4970.32 5010.57 5036.25 5021.32 4999.86 4977.74 4953.8 4948.16 4954.27 4964.68 4971.39 4968.64 4960.26 4950.5 4940.99 4939.45 4934.81 4933.12 4934.77 4938.99 4933.27 4933.41 4940.77 4946.05 4950.94 4957.28 4964.49 4971.84 4980.31 4990.14 5002.1 4992.81 4987.1 4991.87 4995.9 5000.64 5004.33 5010.67 5010.57 5004.72 4998.38 4988.13 4986.12 5002.95 5039.32 5037.91 4999.78 4936.32 4862.28 4777.58 4676.06 4516.64 4326.35 4211.81 4162.28 4132.76 4111.41 4092.11 4078.09 4075.28 4077.14 4071.31
4962.24 4956.49 4952.46 4953.25 4956.79 4976.99 5009.25 5032.47 5018.56 5000.33 4977.13 4950.63 4939.2 4947.75 4958.42 4969.22 4962.67 4950.52 4940.14 4929.41 4931.97 4920.33 4901.33 4928.19 4962.13 4958.34 4947.4 4946.61 4949.51 4954.41 4956.99 4963.04 4969.25 4975.9 4981.99 4985.16 4978.62 4976.83 4979.66 4982.15 4985.31 4993.75 5004.5 5005.37 5001.17 4999.17 5004.5 5040.45 5083.56 5088.28 5051.49 4983.99 4892.77 4785.93 4660.3 4516.02 4347.45 4172.58 4080.66 4059.59 4049.22 4041.41 4036.35 4032.71 4033.88 4025.61 4016.7
4967.52 4965.57 4962.01 4966.92 4963.78 4980.22 4997.5 5005.38 5005.22 4998.99 4987.74 4970.4 4951.57 4949.61 4952.72 4953.12 4943.54 4938.09 4933.85 4930.27 4913.8 4904.96 4903.7 4937.25 4981.35 4967.62 4954 4950.43 4950.81 4953.57 4954.41 4958.55 4963.49 4968.26 4970.85 4969.38 4968.85 4972.77 4970.58 4964.98 4968.21 4979.17 4990.53 4992.34 4994.24 5002.08 5027.69 5080.14 5131.2 5139.65 5072.4 4966.34 4842.4 4702.52 4548.96 4381.02 4216.2 4079.06 4005.83 3992.39 3990.02 3990.82 3991.61 3995.55 3998.95 3988.41 3977.88
4969.8 4967.71 4974.2 4979.3 4980.46 4987.44 4991.96 4988.24 4994.63 4999.53 5001.44 5009.81 4985.41 4964.98 4956.43 4951.49 4925.94 4924.14 4923.51 4918.72 4904.08 4905.2 4917.74 4950.37 4977.6 4961.3 4951.77 4949.37 4949.98 4949.78 4952.95 4956.37 4960.16 4963.59 4964.84 4963.27 4964.41 4970.21 4967.19 4961.87 4959.84 4963.3 4973.55 4977.65 4985.56 4998.12 5018.62 5055.34 5182.03 5201.91 5083.37 4939.68 4785.43 4622.88 4451.69 4273.51 4112.2 4019.95 3968.73 3952.83 3950.16 3953.03 3959.23 3963.91 3968.62 3964.11 3956.27
4969.29 4968.23 4967.17 4977.43 4995.75 4995.74 4996.37 4996.07 5000.86 5000.62 4998.5 5002.94 4994.02 4974.06 4950.55 4929.56 4918.89 4917.8 4913.94 4903.33 4889.99 4919.4 4956.19 4962.09 4961.03 4951.9 4946.67 4945.41 4945.27 4947.18 4950.15 4953.53 4956.98 4959.67 4962.15 4965.42 4969.87 4975.3 4963.92 4955.75 4950.32 4948.51 4947.79 4965.52 4982.01 4998.62 5023.2 5074.05 5234.29 5210.5 5051.41 4886.58 4717.8 4547.02 4372.77 4201.19 4048.53 3983.78 3947.4 3927.87 3925.42 3931.57 3935.05 3937 3936.5 3936.55 3937.95
4964.02 4959.58 4960.8 4976.53 4990.05 4992.79 5000.76 5018.71 5018.55 4997.09 4979.4 4962.82 4971.47 4971.32 4964.99 4948.66 4928.31 4926.39 4918.63 4902.58 4901.43 4939.49 4967.82 4967.38 4955.85 4940.26 4940.24 4940.47 4940.36 4942.91 4946.07 4948.97 4952.66 4957.08 4960.01 4965.13 4975.25 4958.05 4957.61 4954.73 4951.67 4945.32 4947.32 4966.76 4990.08 5019.68 5048.66 5105.4 5219.42 5113.1 4975.74 4818.13 4651.17 4482.35 4314.26 4157.21 4033.6 3957.33 3921.17 3907.68 3910.31 3919.62 3926.2 3925.65 3919.06 3911.85 3913.38
