real_craters/C098-500m.grd
DSAA
131 131
-32.48 32.48
-32.48 32.48
3748.2300807771 5513.5362168287
[rows 90 to 119 of 131, columns 0 to 66 of 131]
4997.63 4985.32 4977.05 4963.97 4948.91 4933.49 4919.74 4911.13 4912.81 4915.39 4912.86 4903.98 4901.34 4909.01 4919.98 4930.39 4906.16 4811.26 4859.89 4898.12 4899.14 4909.2 4933.02 4954.83 4967.29 4970.32 4961.29 4946.46 4930.09 4919.32 4914.57 4912.75 4912.2 4913.9 4914.72 4915.64 4920.03 4928.28 4934.73 4943.44 4942.18 4899.88 4900.96 4904.57 4913.1 4940.97 4963.85 4990.92 5006.32 5026.59 5029.8 5005.69 4981.17 4947.07 4953.03 4948.25 4942.61 4938.53 4936.64 4941.02 4951.57 4936.59 4897.24 4899.23 4907.9 4915.54 4920.51
4979.66 4975.47 4966.16 4957.24 4947.43 4936.08 4923.7 4915 4923.07 4928.63 4932.12 4923 4910.69 4914.14 4919 4922.64 4924.82 4925.1 4918.91 4902.93 4901.89 4914.32 4939.67 4967.09 4984.64 4981.98 4967.07 4949.19 4928.71 4914.72 4914.86 4914.09 4912.96 4913.84 4914.96 4917.59 4923.97 4936.77 4947.44 4949.26 4952.13 4915.44 4910.01 4915.39 4924.75 4942.1 4960.82 4975.34 4984.42 4989.65 4982.7 4964.71 4941.64 4901.54 4906.92 4914.91 4917.61 4916.85 4920.81 4915.65 4898.49 4894.24 4896.51 4900.75 4904.36 4905.5 4907.29
4971.95 4962.8 4956.23 4954.09 4950.49 4944.65 4935.99 4931.49 4939.69 4941.46 4943.85 4935.19 4922.43 4916.3 4911.71 4907.3 4907.99 4907.03 4906.43 4899.58 4905.3 4917.29 4943.1 4974.93 5002.25 4988.26 4968.21 4951.81 4936.86 4924 4920.31 4917.16 4915.36 4915.03 4915.45 4918.34 4922.44 4925.82 4930.15 4934.34 4938.55 4931.25 4928.68 4933.65 4945.29 4946.18 4949.57 4957.47 4962.04 4963.28 4956.43 4944.92 4921.28 4889.34 4888.38 4896.57 4901.8 4903.43 4903.16 4896.52 4890.76 4891.72 4905.6 4907.39 4904.35 4903.27 4899.12
4978.98 4958.6 4951.01 4956.58 4957.42 4957.09 4958.42 4961 4952.71 4948.33 4945.12 4940.28 4930.7 4922.72 4912.48 4908.41 4911.61 4918.82 4912.93 4907.7 4904.85 4915.71 4937.82 4962.47 4985.65 4971.55 4957.13 4947.53 4946.81 4937.8 4923.82 4918.46 4916.15 4914.7 4915.24 4916.96 4918.05 4913.47 4911.27 4909.59 4901.49 4914.27 4933.66 4942.26 4946.49 4944.33 4943.01 4943.8 4942.38 4938.37 4929.44 4919.38 4892.62 4886.24 4880.83 4880.76 4884.15 4884.75 4884.69 4883.83 4883.58 4887.46 4902.26 4905.6 4904.6 4902.68 4899.16
4968.5 4962.15 4967.11 4966.15 4964.66 4965.34 4973.16 4970.66 4953.78 4951.28 4948.35 4947.32 4945.98 4934.08 4919.8 4914.15 4914.89 4917.14 4914.88 4911.15 4907.6 4915.06 4928.1 4936.83 4935.58 4936.78 4936.28 4932.18 4925.5 4923.84 4919.6 4915.95 4914.12 4913.83 4915.76 4917.03 4916.32 4912.97 4903.32 4893.65 4887.58 4907.82 4938.55 4944.05 4941.71 4936.32 4932.17 4930.16 4923.82 4919.56 4912.28 4903.97 4892.38 4880.38 4874.36 4875.64 4875.93 4875.78 4873.79 4874.95 4873.66 4880.04 4890.59 4898.84 4903.26 4903.22 4901.45
4965.04 4970.35 4980.98 4976.75 4969.03 4963.46 4960.71 4960.22 4954.37 4951.84 4952.17 4950.56 4949.74 4942.75 4935.19 4925.8 4918.43 4913.03 4912.79 4914.62 4910.44 4919.48 4920.52 4919.25 4912.26 4913.66 4918.58 4918.58 4913.85 4913.62 4914.2 4913.41 4914.39 4914.36 4913.79 4915.02 4915.24 4913.5 4899.37 4884.07 4874.55 4899.55 4945.14 4941.71 4927.62 4921.57 4923.71 4921.34 4917.26 4909.64 4901.32 4894.05 4889.59 4887.97 4879.73 4874.67 4871.06 4868.28 4868.39 4869.21 4877.66 4873.63 4887.03 4898.55 4902.9 4903.83 4903.55
4977.12 4983.25 4999.59 4982.46 4969.35 4957.73 4945.34 4949.07 4952.56 4947.27 4944.87 4945.88 4945.24 4943.53 4940.09 4930.47 4924.57 4919.27 4912.39 4913.51 4918.73 4917.97 4916.51 4911.78 4905.98 4904.84 4908.89 4912.12 4914.57 4910.19 4910.07 4910.73 4911.17 4910.97 4910.08 4909.46 4911.11 4908.77 4893.44 4877.26 4866.45 4883.52 4933.52 4933.74 4924.22 4919.13 4920.35 4916.95 4910.97 4903.46 4892.96 4882.2 4875.47 4886.33 4880.78 4870.07 4864.88 4862.34 4862.02 4861.64 4860.29 4868.81 4883.12 4897.61 4901.19 4902.95 4903.23
4985.26 4983.77 4981.83 4976.09 4967.26 4957.48 4949.38 4946.96 4942.97 4939.16 4937.42 4941.38 4943.17 4942.49 4938.16 4929.31 4925.63 4917.24 4913.99 4917.18 4920.66 4916.66 4914.1 4910.66 4906.02 4903.81 4904.15 4906.08 4908.38 4904.92 4905.76 4905.86 4905.9 4904.94 4903.72 4901.79 4901.89 4898.61 4886.44 4873.34 4863.45 4869.21 4908.01 4920.11 4926.37 4928.87 4921.47 4911.89 4903.51 4895.58 4887.97 4878.94 4871.58 4869.7 4863.29 4858.9 4855.71 4854.33 4854.9 4857.56 4858.45 4851.92 4872.03 4891.18 4896.04 4899.12 4902.56
4995.69 4984.3 4976.47 4970.87 4967.14 4960.77 4952.48 4949.96 4941.14 4935.17 4934.35 4940.22 4944.54 4943.4 4936.19 4929.67 4927.06 4920.34 4917.64 4919.27 4917.67 4916.06 4915.09 4913.23 4910 4905.56 4901.07 4895.67 4893.76 4896.33 4899.18 4899.89 4900.17 4899.44 4896.83 4893.73 4890.34 4886.64 4880.82 4873.76 4868.47 4870.09 4882.34 4902.92 4921.15 4934.35 4915.71 4905.27 4898.08 4891.48 4885.3 4880.27 4877.4 4864.23 4851.85 4846.88 4845.48 4845.87 4847.11 4848.43 4848.52 4851.64 4863.88 4877.05 4886.3 4892.32 4896.92
5007.56 4997.09 4978.8 4971.57 4971.58 4971.19 4969.07 4957.52 4946.96 4940.98 4940.99 4944.25 4946.52 4944.5 4940.55 4943.39 4937.53 4932.86 4934.61 4930.75 4923.18 4923.97 4922.29 4918.08 4914.64 4912.57 4899.65 4889.59 4886.27 4890.37 4894.18 4895.31 4895.08 4893.78 4891.68 4887.98 4882.33 4879.71 4878.42 4877.25 4877.39 4881.02 4881.3 4892.92 4898.93 4889.58 4896.91 4896.38 4891.83 4886.07 4881.01 4875.76 4869.41 4850.09 4837.16 4834.66 4835.79 4837.57 4839.23 4842.04 4844.7 4848.09 4856.56 4865.5 4875.92 4884.43 4889.56
5006.05 4994.12 4980.65 4975.6 4978.9 4983.2 4975.47 4969.05 4958.19 4951.89 4951.89 4953.41 4952.71 4947.31 4942.13 4948.73 4954.24 4951.26 4944.15 4940.94 4934.37 4936.78 4930.5 4921.63 4913.48 4903.58 4896.04 4891.81 4888.88 4889.43 4891.85 4892.48 4891.7 4890.76 4889.34 4886.76 4880.65 4878.23 4880.71 4882.35 4886.22 4893.64 4896.15 4893.85 4889.55 4883.91 4888.11 4889.22 4886.97 4881.99 4876.15 4868.73 4859.2 4835.43 4823.65 4824.17 4829.28 4832.41 4833.52 4833.4 4838.83 4846.37 4853.04 4860.12 4868.54 4878.56 4887.85
5000.02 4987.69 4981.15 4980.76 4985.66 4991.98 4995.2 4983.91 4972.93 4966.98 4967.93 4967 4964.05 4959.71 4955.6 4962.5 4968.8 4967.41 4960.6 4948.48 4941.02 4936.25 4931.64 4922.99 4912.17 4897.32 4894.57 4892.1 4890.87 4890.79 4890.99 4890.84 4890.2 4889.18 4889.37 4889.88 4893.5 4889.88 4886.1 4886.97 4890.17 4895.98 4898.27 4894.89 4891.52 4891.38 4889.5 4887.08 4883.18 4877.47 4869.77 4860.01 4848.11 4828.9 4818.63 4821.56 4827.27 4831.26 4832.96 4832.62 4838.73 4846.58 4852.07 4856.68 4863.06 4873.15 4882.31
5000.99 4989.07 4983.01 4983.14 4990.96 5000.23 5003.96 4998.45 4990.09 4990.34 4991.4 4984.68 4978.97 4976.2 4978.75 4982.51 4983.78 4983.24 4979.49 4969.33 4947.93 4939.15 4933.36 4923.52 4915.89 4912.6 4904.68 4894.94 4894.79 4894.3 4892.57 4891.16 4889.82 4889.46 4889.45 4890.51 4891.56 4890.84 4887.67 4887.3 4889.25 4893 4893.71 4889.87 4890.06 4891 4889.66 4885.88 4880.84 4873.85 4864.66 4852.95 4838.45 4827.65 4825.27 4826.86 4830.84 4835.77 4839.84 4842.62 4845.37 4852.2 4858.02 4852.79 4857.28 4867.06 4875.84
5010.15 4996.87 4988.78 4987.62 4995.27 5004.82 5009.66 5013.54 5017.26 5033.04 5014.7 5000.89 4991.72 4987.73 4996.53 4994.88 4996.51 4998.97 4996.05 4978.62 4953.06 4934.9 4927.99 4920.9 4917.35 4917.75 4915.82 4909.52 4904.47 4899.56 4896.28 4892.96 4890.58 4889.36 4888.36 4887.91 4889.13 4886.65 4884.42 4883.41 4883.81 4885.04 4884.18 4881.96 4885.44 4889.06 4888.68 4884.31 4878.98 4871.85 4863.08 4851.91 4836.97 4822.18 4828.34 4834.2 4839.08 4841.32 4845.96 4853.43 4849.25 4847.29 4841.03 4846.93 4848.99 4860.78 4868.85
5025.46 5007.46 4996.43 4996.23 5000.03 5006.93 5015.18 5027.3 5037.05 5035.77 5023.91 5010.63 5000.33 4993.33 4991.41 4994.01 5000.08 5013 5016.98 4997.9 4960.25 4931.77 4920.33 4917.4 4915.04 4913.71 4916.8 4923.22 4912.56 4905.32 4899.89 4895.14 4891.19 4888.77 4886.47 4884.15 4882.57 4880.63 4878.25 4876.27 4874.65 4873.85 4873.8 4876.29 4878.71 4883.58 4885.36 4883.2 4878.93 4873.58 4866.78 4858.33 4850.27 4846.23 4860.86 4858.81 4851.71 4845.61 4843.24 4843.32 4843.86 4848.63 4864.6 4854.45 4851.56 4853.95 4855.18
5044.28 5019.35 5004.19 5002.5 5007.62 5011.96 5024.54 5038.72 5050.47 5040.72 5027.43 5018.05 5008.68 4999.48 4999.38 5000.37 5002.35 5025.24 5032.29 5009.11 4974.1 4940.69 4925.46 4917.75 4914.03 4910.8 4908.84 4914.09 4914.25 4909.82 4903.5 4897.85 4892.81 4888.61 4884.33 4880.31 4876.2 4873.56 4871.48 4868.4 4865.29 4862.06 4858.81 4861.53 4869.44 4877.95 4883.21 4882.56 4880.38 4877.81 4874.54 4871.98 4871.72 4879.96 4887.49 4875.73 4861.78 4847.58 4834.27 4829.09 4831.69 4836.24 4842.34 4847.81 4858.11 4842.24 4824.82
5062.64 5034.69 5017.32 5019.47 5021.27 5026.55 5035.33 5047.25 5055.58 5042.33 5032.28 5027.75 5024.03 5022.83 5031.83 5024.81 5024.34 5038.29 5043.95 5027.63 4991.08 4959.82 4931.72 4919.84 4917.44 4917.5 4917.6 4917.14 4916.04 4911.56 4905.44 4899.81 4893.65 4887.49 4882.34 4877.82 4874.33 4869.11 4865.07 4860.87 4856.58 4852.33 4848.77 4851.94 4860.84 4871.33 4878.65 4882.1 4882.54 4882.86 4882.32 4884.18 4887.98 4896.8 4895.71 4883.95 4870.83 4852.92 4829.53 4818.08 4822.46 4820.08 4810.13 4825.1 4838.68 4825.89 4805.54
5076.73 5050.29 5031.47 5029.19 5030.57 5033.1 5045.49 5054.67 5059.1 5048.12 5038.8 5039.69 5044.4 5051.22 5053.51 5052.69 5050.41 5050.02 5047.05 5030.98 4997.56 4964.67 4932.23 4923.76 4924.48 4927.76 4932.93 4928.46 4922.3 4916.51 4909.76 4901.88 4895.45 4887.42 4879.44 4871.94 4866.63 4863.35 4859.58 4855.26 4850.33 4845.48 4844.19 4845.58 4854.31 4866.59 4879.46 4882.87 4885.2 4887.66 4890.71 4893.66 4898.76 4901.86 4911.06 4900.29 4888.42 4872.12 4849.71 4835.12 4828.96 4820.45 4811.81 4817.9 4827.51 4818.42 4797.03
5088.45 5066.34 5048.72 5045.13 5047.54 5054.98 5061.2 5063.42 5059.9 5050.18 5045.66 5050.67 5060.5 5068.61 5070.9 5071.12 5063.91 5051.93 5036.8 5019.03 4994.41 4970.75 4945.86 4936.66 4935.61 4935.44 4934.6 4933.53 4928.93 4921.89 4913.77 4904.73 4895 4887.28 4876.8 4864.94 4859.25 4858.57 4855.58 4851.49 4845.37 4839.92 4836.27 4838.74 4848.44 4861.82 4875.87 4882.55 4886.63 4890.84 4895.88 4902.45 4909.01 4918.28 4950.66 4930.61 4913.78 4903.66 4891.72 4868.97 4847.21 4830.93 4821.4 4820.88 4826.48 4821.54 4815.37
5099.95 5083.3 5071.52 5068.65 5071.81 5081.45 5082.34 5076.12 5066.45 5055.92 5052.72 5059.2 5067.86 5074.23 5075.77 5077.9 5063.96 5042.84 5022.25 4999.26 4988.62 4973.62 4962.98 4955.39 4950.5 4948.62 4946.59 4943.9 4936.55 4927.84 4918.26 4908.24 4900.41 4889.53 4878.16 4865.47 4859.47 4858.93 4856.05 4851.48 4845.41 4837.42 4830.18 4830.35 4841.7 4856.73 4870.76 4879.73 4886.68 4893.55 4900.49 4907.82 4918.63 4937.27 4982.69 4963.65 4942.03 4931.89 4929.15 4895.77 4863.35 4839.66 4824.55 4814.29 4804.8 4806.73 4820.56
5110.16 5097.99 5090.84 5090.87 5102.06 5117.22 5105.17 5091.48 5076.52 5066.27 5061.72 5065.32 5071.97 5074.6 5065.39 5060.97 5049.92 5027.66 5007.48 4996.27 4992.85 4986.01 4975.9 4966.27 4963.84 4965.65 4965.32 4954.1 4944.07 4933.37 4922.43 4911.89 4901.38 4894.49 4884.1 4874.45 4867.06 4864.18 4860.11 4855.08 4848.86 4840.77 4831.52 4827.81 4840.15 4855.3 4869.5 4879.84 4887.21 4895.24 4903.87 4911.87 4922.63 4937.93 4969.54 4985.18 4967.23 4940.46 4917.82 4896.56 4871.37 4846.09 4819.94 4796 4792.24 4790.07 4795.14
5117.6 5110.25 5103.57 5107.3 5123.27 5135.64 5120.25 5102.69 5092.48 5077.03 5070.11 5068.59 5067.44 5060.06 5050.8 5043.38 5042.05 5023.4 5013.63 5011.38 5010.7 5009.34 4996.53 4972.99 4974.03 4978.77 4974.04 4962.68 4951.61 4939.37 4927.73 4917 4907.29 4901.58 4892.09 4882.98 4876.07 4872.49 4867.37 4862.18 4855.94 4850.9 4846.39 4845.51 4851.65 4858.85 4871.94 4881.97 4889.44 4898 4905.66 4914.69 4924.06 4933.13 4948.2 4979.28 4973.38 4942.36 4908.37 4899.5 4881.2 4857.23 4834.39 4823.48 4818.04 4821.32 4822.69
5123.87 5124.63 5124.93 5132.27 5151.21 5146.97 5122.63 5101.37 5086.82 5079.67 5076.07 5071.54 5062.77 5051.5 5047.66 5045.63 5049.49 5055.43 5036.19 5028.25 5022.77 5021.99 5009.15 4982.04 4981.29 4988.35 4989.13 4976.25 4957.51 4943.29 4931.75 4921.5 4912.46 4904.68 4901.13 4897.25 4886.04 4880.72 4874.9 4869.72 4865.19 4862.25 4864.18 4870.06 4859.53 4862.13 4871.24 4881.25 4890.7 4901.44 4910.38 4919.92 4929.43 4935.99 4941.85 4961.2 4962.77 4957.94 4940.6 4920.45 4898.75 4874.71 4849.74 4831.35 4843.78 4861.87 4867.13
5128.17 5139.19 5156.48 5172.12 5160.43 5139.57 5113.54 5092.5 5079.96 5078.52 5078.39 5076.33 5073.23 5060.97 5052.92 5049.11 5046.46 5046.6 5046.13 5028.12 5019.62 5018.75 5008.21 4991.83 4984.06 4980 4978.61 4971.28 4954.87 4943.29 4934.42 4926.11 4917.93 4910.2 4904.96 4901.66 4893.22 4889.03 4883.71 4878.88 4873.65 4870.57 4869.34 4867.34 4860.06 4865.78 4871.68 4878.02 4895.5 4907.87 4917.99 4928.66 4936.9 4945.83 4960.5 4973.08 4980.33 4983.64 4973.8 4947.12 4920.34 4894.83 4869.47 4847.6 4867.17 4893.8 4912.69
5127.2 5140.33 5158.02 5165.39 5136.25 5115.47 5096.45 5082.65 5075.85 5077.35 5079.35 5076.94 5071.08 5062.06 5055.3 5050.25 5044.42 5041.09 5039.46 5029.97 5022.83 5019.79 5010.22 5000.09 4984.6 4971.32 4960.38 4949.33 4945.22 4941.54 4936.91 4931.3 4924.72 4916.83 4907.01 4898.31 4899.28 4896.4 4891.69 4886.84 4882.48 4878.64 4875.03 4866.29 4865.58 4880.67 4890.92 4899.9 4910.03 4918.9 4926.47 4934.86 4944.03 4953.16 4964.66 4976.75 4983.24 5001.97 4997.4 4968.47 4941.61 4919.07 4901.13 4892.4 4903.48 4912.19 4933.54
5120.19 5129.56 5138.04 5135.11 5113.33 5085.72 5078.97 5075.81 5075.33 5077.35 5079.11 5076.77 5068 5057.27 5052.83 5047.18 5042.29 5038.08 5037.51 5036.84 5033.52 5024.79 5019.82 4999.28 4981.49 4968.62 4952.24 4933.91 4940.6 4942.58 4941.25 4938.13 4933.84 4927.97 4919.83 4913.34 4910.59 4906.68 4902.79 4897.88 4893.57 4890.37 4889.13 4892.55 4898.25 4912.43 4921.37 4927.48 4928.96 4932.07 4937.36 4943.36 4950.5 4958.18 4967.71 4984.51 4990.96 5000.31 4998.1 4980.31 4958.83 4941.66 4932.2 4937.13 4941.44 4948.03 4932.8
5109.5 5112.34 5110.55 5097.77 5074.35 5063.63 5066.67 5068.99 5075.09 5080.18 5081.75 5081.28 5073.74 5060.37 5048.7 5039.33 5035.06 5042.86 5043.23 5040.52 5034.78 5023.84 5007.14 4989.36 4975.12 4961.39 4955.39 4952.54 4950 4949.08 4947.97 4946.27 4944.82 4943.6 4939.93 4932.55 4927.13 4919.88 4915.03 4910.16 4905.89 4903.04 4904.66 4912.17 4937.68 4954.32 4952.74 4948.23 4946.08 4947.46 4950.34 4953.85 4957.02 4962 4968.41 4992.78 4996.21 5002.8 4997.03 4983.39 4967.71 4954.87 4947.42 4945.44 4942.67 4940 4921.78
5096.32 5091.68 5082.86 5067.37 5055.25 5055.67 5064.44 5073.18 5082.02 5088.32 5089.78 5086.72 5087.15 5083.83 5049.77 5034.99 5032.99 5041.97 5041.58 5039.65 5038.86 5020.22 4998.19 4983.3 4974.92 4970.68 4964.44 4963.71 4960 4957.31 4955.95 4954.96 4954.91 4957.26 4965.83 4955.03 4940.56 4931.23 4925.83 4920.17 4916.02 4913.99 4916.89 4925.72 4958.37 4989.46 4981.41 4966.53 4961.82 4960.33 4960.06 4961.14 4962.42 4964.95 4968.49 4976.92 4986.3 4993.22 4990.23 4979.62 4967.46 4956.98 4949.11 4943.15 4931.23 4915.01 4911.91
5086.13 5076.78 5064.61 5053.16 5047.76 5051.68 5070.11 5087.98 5094.95 5100.52 5108.24 5112.66 5103.19 5095.22 5057.61 5030.16 5021.6 5030.53 5031.21 5030.66 5023.41 5016 5006.41 4990.27 4976.23 4973.84 4970.9 4969.03 4966.5 4964.24 4962.35 4961.03 4960.35 4958.74 4959.82 4955.38 4947.28 4939.48 4932.9 4929.24 4925.63 4924.99 4927.05 4936.88 4975.58 5018.43 5000.88 4986.75 4976.68 4970.93 4968.39 4966.03 4965.73 4965.95 4967.42 4970.39 4975.16 4979.33 4977.43 4970.44 4961.48 4952.86 4945.11 4937.82 4927.06 4917.64 4915.8
5078.86 5064.08 5052.49 5045.2 5045.11 5052.05 5071.27 5098.68 5102.03 5108.59 5116.61 5120.33 5116.18 5104.24 5073.08 5042.38 5018.84 5011.3 5025.34 5029.78 5024.96 5021.01 5014.87 4999.46 4982.22 4978.66 4975.87 4974.83 4972.94 4970.55 4968.84 4966.79 4964.67 4959.39 4954.17 4953.93 4950.33 4945.65 4940.65 4937.47 4934.58 4934.16 4937.86 4944.82 4963.55 4996.99 5003.19 4994.42 4985.41 4979.55 4975.27 4971.57 4968.94 4967.38 4966.24 4966.22 4964.57 4967.89 4965.26 4959.23 4952.04 4944.87 4938.22 4930.61 4924.73 4925.04 4922.15
