real_craters/C098-500m.grd
DSAA
131 131
-32.48 32.48
-32.48 32.48
3748.2300807771 5513.5362168287
[rows 0 to 29 of 131, columns 0 to 66 of 131]
4855.44 4855.62 4855.63 4855.48 4855.19 4854.5 4853.63 4853.32 4853.95 4852.84 4852.7 4852.51 4850.68 4849.57 4848.44 4847.43 4846.19 4844.32 4843.39 4842.22 4842.7 4843.74 4844.82 4846.26 4847.48 4848.2 4848.4 4847.63 4847.37 4847.98 4848.15 4848.93 4850.19 4850.06 4848.25 4845.72 4843.31 4841.56 4840.59 4839.94 4835.18 4830.02 4829.91 4829.7 4829.07 4828.24 4826.78 4825.78 4825.37 4827.56 4820.7 4819.35 4819.35 4819.73 4819.92 4819.96 4819.91 4820.17 4821.19 4821.77 4821.48 4821.92 4821.8 4821.04 4820.6 4820.77 4820.23
4855.54 4855.57 4855.46 4855.24 4854.8 4854.06 4853.28 4853.06 4853.89 4852.73 4852.57 4852.93 4852.04 4850.7 4849.74 4848.85 4848.24 4846.43 4845.69 4844.85 4845.35 4846.16 4847.1 4848.14 4849.14 4849.76 4849.64 4849.37 4849.59 4849.22 4848.6 4848.47 4849.65 4848.74 4847.9 4846.98 4845.85 4844.76 4844.22 4843.99 4842.79 4840.44 4837.25 4834.23 4832.03 4830.19 4828.87 4827.58 4826.27 4824.15 4820.88 4820.55 4820.39 4820.43 4820.48 4820.39 4820.03 4819.71 4820.43 4820.82 4821.14 4821.3 4821.54 4821.88 4821.58 4821.01 4821.49
4855.33 4855.43 4855.36 4855.15 4854.75 4853.95 4852.96 4851.68 4852.36 4851.6 4851.84 4852.27 4851.94 4851.12 4851.03 4851.12 4850.54 4849.53 4848.36 4847.59 4847.84 4848.56 4849.35 4850.07 4850.79 4851.55 4852.07 4850.23 4849.88 4849.31 4849.1 4848.81 4849.27 4847.77 4847.16 4846.53 4846.28 4846.07 4845.92 4846.18 4847.57 4846.34 4842.22 4837.49 4834.53 4832.37 4830.82 4829.35 4827.29 4823.73 4822.08 4821.9 4821.86 4821.89 4821.9 4821.82 4821.57 4820.4 4822.49 4823.44 4821.91 4820.48 4822.53 4824.14 4823.63 4822.24 4823.9
4855.28 4855.31 4855.3 4855.17 4854.93 4854.45 4853.3 4851.65 4850.71 4850.35 4852.03 4850.08 4849.54 4851.57 4854.04 4855.49 4855.09 4852.67 4850.62 4849.88 4849.95 4850.48 4851.07 4851.62 4852.14 4852.65 4852.64 4850.62 4850.02 4849.68 4849.43 4849.03 4849.45 4847.79 4847.3 4846.73 4846.03 4845.59 4845.38 4845.21 4844.61 4844.19 4840.98 4838.25 4836.11 4834.24 4832.53 4831.62 4829.73 4825.89 4824.36 4823.69 4823.98 4824.14 4824.18 4824.12 4824.2 4824.75 4824.53 4822.94 4824.26 4823.65 4827.86 4828.04 4827.53 4826.6 4827.83
4855.24 4855.3 4855.27 4855.22 4855.11 4855.04 4854.16 4853.22 4851.82 4861.99 4854.29 4851.78 4851.1 4854.92 4860.79 4861.94 4859.41 4855.17 4852.65 4851.67 4851.4 4851.78 4852.35 4852.58 4853 4853.23 4852.57 4850.07 4849.86 4849.64 4848.97 4848.91 4848.81 4847.91 4847.23 4846.42 4845.83 4845.02 4844.6 4843.98 4843.22 4842.28 4839.51 4838.16 4836.84 4834.91 4833.63 4832.57 4831.96 4831.01 4826.44 4826.22 4826.42 4826.53 4826.53 4826.55 4826.51 4825.91 4826.99 4828.86 4829.41 4830.51 4832.54 4832.92 4832.79 4832.1 4833.5
4855.13 4855.25 4855.37 4855.34 4855.18 4854.78 4854.6 4854.46 4853.42 4853.06 4853.05 4855.17 4860.46 4867.66 4873.85 4871.06 4864.11 4857.12 4852.39 4852.29 4852.14 4852.21 4852.59 4853.06 4853.51 4853.63 4852.71 4850.5 4849.95 4849.56 4849 4848.42 4849.11 4847.96 4846.96 4846.19 4845.5 4845.02 4844.18 4843.42 4842.89 4841.83 4839.04 4837.64 4836.61 4835.58 4834.56 4833.45 4831.83 4829.27 4826.58 4828.8 4828.97 4828.95 4829.11 4829.39 4829.65 4830.48 4831.94 4833.85 4834.81 4835.7 4837.46 4838.28 4839.54 4841.22 4843.51
4855.24 4855.37 4855.42 4855.35 4855.22 4855.08 4855.22 4855.54 4854.16 4855.02 4853.21 4861.88 4883.4 4898.29 4893.17 4881.35 4869.3 4858.55 4852.95 4852.65 4852.36 4852.22 4852.55 4853.17 4853.72 4853.85 4852.52 4850.77 4849.87 4849.47 4848.91 4848.5 4848.63 4847.75 4846.85 4846.07 4845.45 4844.76 4844.04 4843.13 4842.32 4841.62 4838.97 4837.28 4836.49 4835.76 4835.03 4834.17 4832.61 4829.43 4827.09 4829.99 4831.01 4831.29 4831.76 4832.23 4832.88 4833.98 4835.63 4837.83 4838.9 4839.57 4841.09 4841.9 4844.64 4849.39 4850.56
4855.49 4855.65 4855.57 4855.44 4855.39 4855.42 4855.64 4855.92 4855.52 4856.76 4855.4 4869.77 4901.86 4929.24 4907.11 4886.86 4871.25 4859.14 4853.35 4852.77 4852.39 4852.42 4852.65 4853.17 4853.69 4853.84 4852.39 4850.72 4849.7 4849.5 4848.75 4848.57 4848.53 4847.55 4846.53 4845.86 4845.31 4844.56 4843.82 4842.99 4842.02 4841.96 4838.64 4837.35 4836.75 4836.26 4835.71 4834.97 4834.22 4831.36 4828.07 4830.87 4832.61 4833.49 4834.38 4835.06 4835.77 4836.71 4838.12 4840.01 4841.35 4841.99 4843.04 4844.43 4846.58 4848.85 4850.91
4855.62 4855.83 4855.59 4855.49 4855.45 4855.53 4855.65 4855.41 4856.4 4857.1 4857.68 4870.98 4895.28 4913.66 4897.88 4881.9 4868.45 4857.49 4852.13 4852.36 4852.05 4852.09 4852.38 4852.87 4853.39 4853.58 4851.73 4850.07 4849.03 4848.59 4848.2 4848.5 4848.26 4847.1 4846.22 4845.77 4845.29 4844.59 4843.9 4843.07 4842.38 4842.57 4839.64 4837.86 4837.44 4837.05 4836.42 4835.62 4834.41 4832.31 4830 4832.13 4834.55 4835.95 4836.61 4837.31 4838.11 4838.96 4839.8 4842.43 4844.03 4844.31 4845.1 4846.15 4848.51 4849.82 4851.69
4855.41 4855.32 4855.51 4855.45 4855.35 4855.31 4855.4 4855.44 4855.93 4857.6 4859.37 4866.07 4873.51 4869.29 4873.37 4870.25 4862.88 4854.66 4851.93 4851.77 4851.36 4850.98 4851.74 4852.36 4852.75 4852.37 4850.14 4849.49 4848.76 4848.65 4847.65 4847.82 4847.96 4847.41 4846.7 4845.95 4845.34 4844.91 4844.21 4843.58 4842.87 4842.46 4840.44 4838.96 4838.63 4838.19 4837.6 4836.7 4835.39 4834.5 4834.35 4836.11 4837.96 4839.08 4840.07 4840.89 4841.59 4842.32 4843.8 4844.77 4846.63 4846.5 4847.85 4849.66 4852.65 4855.38 4853.18
4855.47 4855.77 4855.62 4855.49 4855.27 4854.97 4854.64 4855.25 4857.36 4857.64 4859 4860.78 4860.79 4857.25 4859.67 4860.93 4858.39 4854.09 4852.05 4851.42 4850.85 4850.65 4851.28 4851.99 4852.32 4851.87 4849.67 4849.69 4849.61 4849.27 4848.37 4848.55 4848.39 4847.59 4846.66 4846.28 4845.92 4845.39 4844.89 4844.26 4843.5 4842.86 4842.53 4841.35 4840.45 4839.8 4839.28 4838.72 4837.79 4837.79 4838.12 4839.85 4841.46 4842.46 4843.87 4845 4845.64 4845.71 4845.64 4845.26 4845.76 4849.24 4851.03 4853.43 4860.04 4867.66 4877.84
4855.57 4855.75 4855.83 4855.74 4855.46 4855.05 4854.67 4854.78 4855.16 4857.6 4858.06 4857.56 4856.34 4855.56 4855.96 4856.3 4855.77 4854.08 4852.17 4851.37 4850.79 4850.56 4851.32 4851.98 4852.24 4851.73 4849.75 4849.72 4849.61 4849.79 4849.15 4849.31 4849 4848.12 4847.23 4847.06 4846.67 4846.09 4845.7 4845.27 4844.85 4844.86 4846.38 4843.76 4842.49 4841.62 4841.05 4840.91 4841.94 4841.38 4842.38 4843.72 4844.8 4846.07 4847.89 4849.97 4851.22 4850.68 4848.1 4849.74 4852.63 4857.22 4858.87 4859.66 4869.13 4877.26 4883.65
4855.7 4856.05 4856.21 4856.08 4855.88 4855.56 4855.21 4855.21 4855.31 4857.08 4856.25 4854.93 4853.69 4853.42 4853.32 4853.86 4854.36 4853.76 4852.26 4851.47 4851.27 4851.3 4851.73 4852.22 4852.43 4851.75 4849.99 4849.82 4849.9 4850.09 4850.25 4849.9 4849.55 4849.19 4848.83 4848.26 4847.63 4847.01 4846.53 4846.3 4846.31 4846.77 4847.38 4845.6 4844.13 4843.21 4842.7 4842.27 4841.84 4843.56 4845.24 4846.35 4846.86 4849.05 4852.85 4856.61 4859.92 4861.35 4857.76 4862.86 4872.96 4870.86 4869.8 4874.83 4884.52 4887.15 4888.85
4855.74 4856.4 4856.6 4856.46 4856.39 4856.32 4856.13 4855.73 4854.9 4854.4 4853.79 4852.9 4852.11 4851.35 4851.29 4852.49 4853.35 4853.02 4851.75 4851.38 4851.55 4851.92 4852.12 4852.55 4852.76 4851.76 4850.28 4850.02 4850.29 4850.06 4850.54 4850.38 4849.89 4849.9 4849.93 4849.25 4848.53 4847.89 4847.53 4847.31 4847.4 4848.06 4848.15 4846.68 4845.08 4844.45 4844.28 4844.6 4845.13 4845.53 4846.35 4846.33 4846.08 4851.21 4857.29 4863.34 4869.98 4877.47 4889.13 4895.01 4885.12 4882.54 4885.28 4897.59 4901.01 4896.3 4892.48
4855.58 4856.11 4856.39 4856.53 4856.77 4856.99 4857.08 4855.58 4853.89 4853.23 4853.24 4852.44 4851.93 4851.21 4851.01 4851.8 4852.25 4850.95 4850.86 4850.71 4850.78 4851.34 4852.14 4852.77 4853.1 4852.06 4850.29 4850.08 4850.2 4850.64 4851.68 4851.11 4850.21 4850.18 4850.39 4849.66 4848.97 4848.46 4848.16 4847.93 4847.93 4848.24 4848.57 4846.43 4845.46 4845.39 4845.64 4846.19 4846.89 4847.3 4847.74 4848.06 4849.9 4855.48 4862.61 4870.47 4879.25 4889.31 4899.85 4899.39 4892.46 4893.94 4902.3 4908.59 4910.58 4904.11 4895.26
4855.26 4855.59 4855.88 4856.33 4856.68 4857.17 4857.95 4854.71 4852.92 4852.4 4853.1 4852.7 4851.89 4851.13 4850.96 4851.47 4851.87 4850.83 4850.49 4850.45 4850.62 4851.24 4852.11 4852.87 4853.14 4851.86 4850.7 4850.46 4850.72 4851.18 4850.85 4850.75 4850.29 4850.09 4849.88 4849.53 4849.2 4848.81 4848.45 4848.39 4848.23 4847.83 4848.44 4846.4 4845.72 4846.22 4847.14 4847.76 4848.34 4849.19 4850.17 4852.36 4854.81 4861.2 4867.81 4876.3 4886.01 4896.37 4903.96 4904.98 4908.09 4911.37 4920.75 4922.82 4920.48 4913.03 4904.93
4855.06 4855.45 4855.94 4856.11 4856.28 4856.41 4855.96 4854.86 4853.12 4852.69 4853.39 4852.94 4851.96 4851.17 4850.88 4851.38 4851.84 4850.84 4850.4 4850.36 4850.59 4851.29 4852.18 4852.89 4853.24 4852.37 4850.83 4850.36 4850.77 4851.32 4850.9 4850.4 4850.08 4849.89 4849.77 4849.51 4849.18 4849.11 4848.91 4848.67 4848.4 4848.03 4848.49 4846.71 4846.12 4847.18 4848.77 4851.05 4851.31 4851.16 4851.71 4853.44 4859.7 4865.24 4871.92 4880.91 4890.94 4902.1 4917.13 4937.35 4933.33 4939.18 4941.08 4941.79 4931.15 4924.31 4918.15
4855.25 4855.54 4855.69 4855.8 4855.89 4855.64 4855.04 4853.68 4853.49 4853.54 4852.54 4852.5 4851.73 4851.13 4850.81 4851.36 4851.71 4850.71 4850.31 4850.34 4850.76 4851.4 4852.18 4852.77 4852.77 4851.19 4850.41 4850.38 4850.9 4851.38 4850.61 4850.16 4849.91 4849.77 4849.66 4849.57 4849.4 4849.27 4849.08 4848.98 4848.81 4848.74 4849.27 4847.47 4846.67 4847.86 4849.76 4851.65 4852.38 4852.54 4853.59 4856.95 4859.47 4865.71 4874.8 4884.06 4893.6 4903.63 4913.49 4918.79 4935.65 4948.12 4952.57 4954.78 4939.87 4934.58 4927.73
4855.93 4856.04 4855.94 4855.93 4855.78 4855.31 4854.09 4852.29 4853.31 4853.54 4851.36 4851.49 4851.37 4850.99 4850.74 4851.39 4851.82 4850.37 4850.25 4850.26 4850.45 4851.46 4852.25 4852.77 4852.42 4850.91 4850.4 4850.64 4850.64 4850.64 4850.82 4850.57 4849.84 4849.64 4849.66 4849.56 4849.52 4849.28 4849.24 4849.15 4849.17 4849.01 4848.64 4848.52 4847.6 4848.54 4850.37 4852.62 4853.29 4853.56 4854.45 4855.63 4860.83 4868.83 4878.11 4887.68 4896.13 4903.1 4907.46 4909.88 4926.64 4942.03 4948.64 4956.22 4953.83 4940.28 4934.39
4857.14 4857.26 4857.59 4856.75 4856.06 4855.47 4853.7 4851.96 4852.57 4851.82 4850.93 4851.37 4851.21 4850.88 4850.74 4851.32 4851.48 4850.41 4850.26 4850.34 4850.8 4851.56 4852.49 4853.19 4852.64 4850.75 4850.71 4850.17 4850.11 4850.02 4851.3 4851.7 4849.67 4849.55 4849.7 4849.87 4849.63 4849.48 4849.49 4849.5 4849.53 4849.77 4850.14 4850.64 4848.21 4848.86 4850.61 4852.6 4854 4854.91 4855.52 4857.4 4862.59 4871.2 4882.73 4891.79 4899.53 4905.49 4909.35 4912.45 4923.04 4932.89 4934.62 4926.99 4925.95 4930.24 4930.02
4859.07 4859.14 4858.12 4857.29 4856.96 4855.92 4854.25 4852.67 4852.48 4851.68 4851.12 4851.54 4851.24 4850.84 4850.55 4851.06 4851.3 4850.48 4850.42 4850.5 4850.94 4851.89 4852.95 4854.45 4856.37 4854.75 4853.14 4852.33 4851.1 4849.93 4850.31 4850.19 4849.52 4849.45 4849.57 4849.72 4849.51 4849.33 4849.5 4849.8 4850.02 4850.58 4852.2 4851.2 4848.67 4849.32 4850.89 4853.44 4855.45 4857.54 4859.19 4859.45 4869.56 4884.91 4891.64 4897.83 4904.09 4910.51 4915.97 4920.88 4927.6 4931.48 4928.02 4912.16 4910.21 4915.73 4919.44
4861.84 4863.31 4861.94 4861.36 4859.88 4855.5 4853.54 4853.4 4852.87 4851.54 4850.99 4851.47 4851.27 4850.84 4850.62 4851.19 4851.23 4850.61 4850.64 4850.92 4851.35 4852.03 4852.84 4853.55 4854.83 4856.48 4856.03 4855.17 4854.06 4852.92 4850.92 4850.12 4849.56 4849.37 4849.47 4849.35 4849.09 4848.94 4849.26 4849.58 4849.99 4850.22 4850.04 4850.52 4850.79 4850.18 4851.23 4853.84 4857.71 4861.84 4866.48 4874.62 4885.91 4896.77 4898.23 4902.4 4908.91 4917.07 4926.02 4932.65 4940.68 4948.71 4933.15 4912.39 4900.88 4900.44 4905.28
4864.99 4870.33 4876.24 4877.01 4865.9 4855.81 4853.54 4853.31 4852.37 4851.34 4850.97 4851.34 4851.2 4850.85 4850.62 4851.22 4850.7 4850.61 4850.74 4851.05 4851.56 4852.08 4852.6 4852.65 4852.25 4856.02 4855.82 4854.9 4853.66 4852.15 4850.41 4849.93 4849.48 4849.69 4849.75 4849.3 4848.77 4848.99 4849.23 4849.92 4850.23 4850.55 4850.49 4851.5 4850.51 4850.7 4851.88 4855.45 4861.02 4866.48 4872.52 4879.59 4886.29 4889.73 4896.04 4902.96 4911.55 4922.3 4935.37 4952.11 4961.29 4946.85 4930.92 4913.98 4888.57 4890.01 4893.36
4868.92 4876.08 4882.3 4881.51 4871.31 4858.77 4856.02 4853.49 4851.82 4851.49 4851.01 4851.06 4851.09 4850.83 4850.49 4850.56 4851.01 4850.69 4850.55 4850.59 4851.21 4852 4852.64 4852.91 4851.24 4852.04 4855.57 4855.96 4853.25 4850.68 4849.8 4849.8 4850.06 4851.45 4850.78 4849.56 4848.63 4848.59 4849.61 4850.47 4851.17 4851.68 4852.38 4854.22 4851.99 4852.26 4855.21 4859.85 4865.64 4871.08 4876.67 4882.17 4886.37 4887.54 4892.52 4900.87 4911.16 4923.41 4937.06 4950.42 4954.18 4937.97 4925.86 4923.5 4919.62 4898.56 4891.38
4875.89 4880.36 4882.4 4881.42 4878.14 4872.73 4858.57 4853.52 4851.87 4851.39 4850.87 4851.09 4851.24 4851.09 4850.8 4850.9 4851.11 4850.74 4850.51 4850.55 4851.17 4851.98 4852.71 4852.88 4850.95 4851.93 4855.93 4858.01 4858.67 4853.08 4851.62 4850.41 4854.29 4856.11 4852.63 4850.24 4848.93 4848.35 4848.99 4850.35 4851.88 4852.44 4853.33 4854.97 4853.31 4855.02 4862.22 4867.28 4871.64 4875.94 4880 4883.69 4885.33 4885.12 4887.73 4895.35 4906.4 4918.95 4931.56 4941.52 4943.56 4932.93 4923.27 4925.26 4925.42 4915.23 4897.07
4885.79 4884.98 4884.08 4883.59 4883.39 4878.92 4864.75 4855.37 4852.1 4851.09 4850.82 4851.08 4851.44 4851.5 4851.5 4851.35 4850.89 4850.56 4850.51 4850.78 4851.35 4852.14 4852.73 4852.9 4850.72 4851.08 4853.01 4857.33 4862.8 4865.99 4863.81 4861.45 4860.81 4858.6 4854.2 4851.04 4849.15 4849.3 4850.79 4852.51 4854.09 4855.54 4856.69 4858.95 4859.06 4863.24 4869.98 4874.68 4877.74 4880.69 4883.15 4883.91 4881.62 4879.05 4879.97 4888.6 4900.16 4912.56 4924.09 4933.8 4938.59 4933.05 4926.57 4916.97 4911.73 4911.81 4900.98
4893.72 4888.36 4885.14 4882.81 4884.84 4881.59 4866.37 4856.94 4852.28 4851.05 4850.85 4851.12 4851.59 4851.92 4852.07 4851.89 4850.61 4850.38 4850.35 4850.68 4851.37 4852.15 4852.69 4852.5 4850.69 4850.77 4851.74 4854.9 4861.06 4864.94 4878.03 4887.79 4885.52 4860.37 4857.83 4853.71 4851.07 4851.63 4854.32 4857.02 4859.3 4860.47 4860.93 4862.3 4869.99 4876.49 4879.79 4881.48 4883.51 4885.56 4887.38 4887.33 4885.95 4874.62 4871.49 4882.63 4894.49 4905.84 4916.02 4924.36 4929.33 4922.45 4910.95 4902.86 4897.83 4913.62 4902.38
4893.66 4888.76 4886.65 4883.66 4884.79 4883.46 4871.03 4859.53 4852.11 4851.3 4850.82 4851.18 4851.99 4852.17 4852.31 4851.66 4850.5 4850.22 4850.12 4850.35 4851.34 4852.2 4852.73 4852.32 4850.88 4851.31 4851.16 4852.24 4864.12 4891.93 4897.18 4898.29 4887.98 4878.4 4868.02 4858.9 4853.54 4855.88 4860.28 4863.6 4866.09 4868.01 4868.66 4867.71 4880.5 4881.37 4885.23 4885.8 4888.43 4891.42 4893.59 4893.08 4888.59 4878.99 4874.4 4881.92 4891.48 4900.71 4908.15 4913.19 4913.91 4906.86 4891.94 4891.13 4888.76 4901.46 4897.71
4884.07 4888.03 4893.33 4894.28 4899.41 4900.46 4887.91 4864.69 4851.58 4851.34 4850.79 4851.11 4851.33 4852.07 4852.44 4851.42 4850.64 4850.37 4850.39 4850.78 4851.57 4852.36 4852.8 4852.39 4850.65 4853.87 4854.44 4850.92 4866.5 4908.72 4908.83 4906.22 4905.39 4895.08 4878.19 4867.01 4858.81 4864.46 4870.12 4873.63 4875.63 4877.39 4880.28 4887.26 4886.72 4882.99 4882.56 4887.12 4893.25 4898.36 4902.25 4903.97 4898.61 4893.33 4884.3 4885.58 4891.18 4897.6 4901.68 4903.06 4900.66 4894.99 4891.82 4887.99 4886.4 4887.67 4890.96
4871.35 4888.42 4905.88 4924.17 4936.95 4926.02 4901.3 4870.03 4853.05 4851.52 4850.81 4851.23 4851.35 4852.01 4852.58 4851.26 4850.72 4850.56 4850.66 4851.19 4851.93 4852.69 4852.84 4851.79 4851.12 4857.87 4858.49 4853.48 4867.35 4897.62 4906.02 4906.82 4903.59 4885.96 4883.81 4879.76 4876.62 4880.28 4883.93 4884.63 4885.39 4887.37 4887.73 4888.54 4885.59 4880.37 4877.42 4889.95 4899.6 4906.33 4911.85 4917.74 4924.19 4912.23 4891.73 4893.29 4895.51 4897.25 4898.3 4897.52 4893.45 4890.14 4888.57 4891.55 4893.78 4896.13 4898.16
