real_craters/C098-300m.grd
DSAA
218 218
-32.48 32.48
-32.48 32.48
3745.910511192 5518.196022398
[rows 60 to 89 of 218, columns 67 to 133 of 218]
4927.6 4930.72 4933.56 4936.28 4938.8 4941.23 4942.96 4942.78 4945.92 4950.08 4953.77 4958.24 4959.95 4960.71 4961.46 4960.8 4959.92 4958.74 4957.15 4955.77 4954.99 4954.83 4952.34 4942.38 4933.98 4929.88 4931.19 4935.02 4938.66 4941.76 4944.13 4945.96 4948.06 4949.77 4952.41 4956.98 4965.02 4977.45 4992.15 5001.01 5001.12 5005.04 5012.31 5031.25 5058.47 5086.66 5094.49 5076.2 5038.55 5003.11 5008.32 5008.56 5002.59 4992.57 4979.56 4967.1 4955.7 4947.46 4944.41 4942.67 4939.64 4939.79 4939.98 4936.85 4929.17 4921.52 4920.62
4929.92 4932.73 4936.36 4940.08 4944.17 4948.83 4953.55 4958.71 4963.74 4965.44 4967.58 4968.18 4967.19 4965.53 4964.68 4964.78 4963.85 4962.46 4960.9 4959.01 4957.8 4957.19 4954.98 4944.67 4936.4 4932.68 4937.98 4944.55 4949.97 4954.27 4956.98 4958.82 4959.46 4960.81 4963.36 4968.57 4976.98 4983.35 4995.53 5005.64 5006.9 5015.99 5029.2 5041.11 5059.66 5107.08 5137.76 5103.45 5066.77 5033.71 5033.85 5025.35 5012.54 4997.68 4981.97 4967.08 4952.91 4941.74 4941.49 4942.24 4943.88 4946.34 4949.81 4953.52 4937.75 4920.98 4913.16
4933.27 4936.74 4940.55 4943.85 4949.83 4956.14 4963.39 4972.85 4975.95 4978.46 4980.96 4976.77 4972.72 4970.87 4969.47 4967.33 4966.39 4965.02 4963.58 4961.37 4958.74 4955.56 4950.99 4945.96 4942.39 4943.91 4949.44 4958.56 4965.46 4970.02 4972.43 4973.03 4973 4972.86 4973.34 4975.78 4979.52 4982.41 4982.59 4979.35 5008.74 5024.54 5039.96 5051.35 5047.64 5092.01 5121.93 5109.81 5099.46 5102.88 5073.71 5047.34 5024.69 5004.21 4984.98 4968.03 4952.87 4943.9 4942.63 4942.25 4945.13 4948.69 4952.6 4950.51 4937.48 4918.78 4907.13
4938.3 4942.23 4946.2 4950 4955.27 4961.22 4968.5 4977.34 4980.26 4981.87 4982.47 4980.38 4978.19 4975.91 4974.37 4973.15 4972.1 4970.74 4968.38 4965.58 4961.4 4955.5 4951.07 4948.91 4951.47 4953 4965.48 4976.98 4984.7 4988.3 4990.35 4989.98 4987.46 4985.35 4982.83 4980.61 4979.74 4982.88 4991.29 5010.87 5018.05 5030.74 5046.79 5059.43 5055.53 5058.83 5074.62 5095.76 5108.02 5116.03 5092.18 5061.13 5032.95 5008.32 4986.91 4967.51 4951.8 4942.38 4944.99 4944.28 4943.43 4946.55 4950.82 4951.04 4933.73 4915.78 4903.41
4941.98 4946.03 4950.14 4954.37 4960.32 4964.71 4969.23 4974.74 4978.1 4983.74 4982.43 4983.22 4981.86 4980.77 4979.91 4979.89 4980.08 4979.38 4977.43 4974.74 4970.06 4962.15 4949.78 4960.6 4973.48 4981.07 4994.29 5002.5 5006.61 5007.47 5008 5006.18 5004.61 5000.32 4994.89 4988.39 4978.89 4986.63 4998.97 5014.74 5021.86 5035.48 5050.34 5070.79 5086.82 5054.52 5057.16 5085.87 5100.96 5102.14 5087.88 5063.37 5036.52 5010.61 4986.34 4965.67 4947.55 4935.58 4931.42 4932.12 4936.71 4939.88 4940.99 4938.59 4926.47 4912.1 4900.69
4946.01 4949.16 4953.17 4957.58 4962.13 4965.88 4970.42 4971.73 4984.84 4991.06 4991.92 4988.79 4986.53 4985.47 4986.07 4985.87 4986.54 4987.08 4987.05 4986.23 4984.34 4981.56 4980.55 4991.16 5009.6 5028.12 5037.88 5034.93 5031.4 5029.03 5027.05 5024.56 5020.47 5016.95 5010.07 5003.04 5001.78 4999.94 5000.91 4999.54 5017.22 5033.96 5049.17 5066.17 5095.65 5091.32 5084.7 5089.99 5095.76 5094.72 5082.5 5060.09 5033.7 5007.97 4983.96 4962.14 4941.76 4922.22 4912.22 4921.78 4931.02 4933.9 4928.71 4922.98 4918.65 4907.64 4892.34
4949.01 4952.5 4956.24 4960.13 4964.48 4968.31 4973.25 4980.31 4990.81 4991.43 4989.98 4987.53 4987.39 4988.43 4990.21 4992.56 4993.71 4995.95 4998.33 4999.88 5002.22 5006.5 5013.88 5027.39 5043.86 5070.29 5072.82 5062.15 5057.21 5054.28 5049.04 5045 5040.06 5033.74 5026.78 5018.77 5007.3 5003.53 5010.36 5018.32 5025.39 5033.29 5044.26 5056.1 5085.49 5114.1 5103.39 5093.69 5090.77 5088.99 5078.16 5052.48 5027.31 5003.07 4979.96 4959.28 4940.25 4927.32 4926.5 4928.08 4931.41 4933.71 4933.1 4925.13 4914.98 4903.5 4886.67
4952.28 4956.11 4959.36 4962.05 4967.17 4971.72 4975.78 4982.09 4993.76 4986.7 4982.6 4981.75 4986.35 4989.92 4993.74 4997.69 5000.02 5004.3 5008.73 5013.56 5019.64 5028.65 5045.74 5058.52 5061.31 5065.83 5068.73 5078.42 5079.4 5077.43 5072.99 5068.66 5063.59 5056.26 5049.58 5041.36 5030.91 5025.93 5027.7 5030.36 5031.16 5033.66 5042.01 5050.05 5066.54 5088.66 5089.83 5083.47 5077.4 5071.53 5059.35 5039.4 5017.93 4996.66 4973.68 4954.89 4940.05 4935.43 4943 4933.89 4932.07 4933.88 4935.37 4925.2 4910.98 4898.19 4882.79
4955.75 4958.4 4961.58 4964.08 4968.4 4973.25 4980.26 4983.81 4986.53 4986.73 4981.25 4980.16 4987.59 4991.95 4996.51 5001.87 5008.23 5014.75 5021.33 5028.39 5035.71 5043.84 5051.22 5058.67 5073.36 5080.03 5085.81 5102.79 5103.42 5101.43 5096.12 5092.14 5087.61 5082.31 5076.89 5071.41 5065.51 5058.08 5049.42 5037.55 5031.76 5035.25 5043.86 5055.5 5063.33 5064.43 5071.2 5069.07 5061.62 5048.88 5034.04 5020.92 5006.94 4988.63 4970.34 4951.65 4934.04 4924.2 4923.71 4926.46 4927.21 4929.06 4931.47 4918.85 4903.36 4886.45 4873.37
4959.19 4961.25 4963.35 4965.03 4967.21 4971.47 4985.49 4992.14 4981.92 4989.85 4991.17 4992.96 4994.94 4997.06 5001.91 5008.48 5016.35 5026.05 5035.13 5044.4 5053.04 5059.64 5062.74 5070.99 5092.26 5121.01 5145.62 5134.14 5126.32 5123.05 5121.65 5118.67 5115.01 5110.31 5106.05 5102.3 5102.77 5103.6 5074.31 5048.99 5036.09 5039.71 5047.92 5055.97 5061.88 5057.83 5060.16 5058.1 5049.69 5032.58 5008.71 5007.86 4998.18 4983.92 4969.1 4950.85 4931.35 4912.38 4913.07 4916.56 4919.36 4920.09 4915.9 4908.78 4895.32 4879.97 4864.42
4963.26 4965.13 4967.25 4967.89 4967.3 4964.01 4956.21 4967.44 4983.42 4996.03 5002.05 5005.94 4999.89 5001.5 5007.11 5014.99 5022.3 5033.75 5045.44 5057.99 5070.31 5081.29 5085.13 5076.02 5119.45 5142.64 5159.05 5145.46 5144.13 5144.51 5144.36 5142.3 5139.45 5135.93 5132.3 5128.61 5124.81 5125.38 5090.26 5063.71 5045.96 5050.86 5056.48 5054.53 5048.34 5047.6 5053.75 5051.35 5043.59 5031.13 5020.28 5010.2 4998.87 4987.09 4973.47 4956.15 4934.09 4916.42 4906.54 4910.66 4914.04 4914.63 4910.87 4901.72 4888.77 4872.73 4855.47
4968.51 4970.65 4972.9 4973.48 4972.79 4967.79 4952.45 4968.7 4994.05 5004.93 5002.38 4994.74 4996.31 5001.64 5009.6 5019.23 5028.31 5040.46 5054.45 5070.51 5088.96 5110.31 5135.93 5165.46 5172.41 5156.16 5125.42 5145.04 5160.45 5165.05 5164.45 5162.65 5160.31 5158.73 5156.04 5150.55 5136.03 5095.87 5104.44 5096.2 5060.12 5082.18 5077.63 5060.98 5043.7 5045.38 5054.86 5051.01 5044.83 5037.07 5032.52 5018.83 5006.32 4996.29 4983.55 4964.84 4944.22 4925.95 4913.49 4912.13 4914.02 4913.47 4908.89 4899.89 4886.98 4868.05 4849.82
4974.22 4976.98 4979.39 4981.8 4982.98 4985.61 5001.1 4997.91 5009.7 5018.48 5007.01 4990.29 4994.4 5002.74 5012.1 5022.6 5035.23 5047.43 5063.23 5081.92 5104.45 5133.22 5173.57 5231.15 5217.35 5187.61 5165.81 5176.01 5186.91 5186.45 5184.25 5180.67 5178.08 5176.15 5176.62 5176.97 5174 5160.45 5172.92 5177.39 5182.61 5148.65 5112.04 5075.87 5047.72 5061.8 5062.9 5055.58 5049.22 5043.18 5028.88 5020.48 5014.5 5007.14 4995.74 4979.89 4960.02 4936.07 4923 4921.6 4920.82 4916.61 4910.2 4901.76 4892.72 4881.72 4856.88
4980.3 4983.98 4988.03 4992.1 4995.49 4998.41 4993.08 5009.93 5019.23 5027.09 5016.62 5002.22 5001.17 5007.81 5018.1 5029.71 5042.93 5057.33 5073 5091.85 5114.03 5140.45 5170.9 5199.75 5207 5211.38 5225.87 5228.94 5216.97 5206.24 5198.74 5192.53 5188.72 5188.06 5192.14 5202.52 5223.18 5266.04 5269.54 5248.09 5245.87 5200.17 5145.08 5096.76 5051.71 5055.69 5067.34 5067.7 5061.86 5051.82 5041.16 5035.13 5033.51 5029.89 5019.33 5003.5 4985.23 4971.26 4954.65 4943.25 4936.6 4927.25 4917.68 4905.83 4892.16 4879.61 4865.45
4986.4 4991.17 4996.24 5001.72 5007.82 5014.77 5021.32 5021.42 5024.29 5027.65 5024.05 5013.39 5010.94 5014.58 5022.82 5032.57 5044.36 5058.97 5076.82 5094.67 5114.48 5135.08 5153.36 5160.61 5178.46 5211.99 5251.54 5253.51 5230.91 5218.37 5208.66 5199.43 5193.14 5190.87 5194.69 5207.46 5233.77 5272.95 5277.08 5249.62 5240.62 5200 5155.06 5126.76 5090.87 5066.08 5083.72 5083.09 5075.76 5066.09 5054.59 5049.42 5059.27 5058.9 5047.51 5029.73 5008.4 4994.7 4976.95 4964.12 4959.38 4952.16 4935.16 4913.91 4891.68 4876.38 4873.24
4992.01 4998.35 5004.72 5011.09 5018.4 5027.59 5034.97 5030.2 5027.27 5024.71 5027.93 5021.77 5019.51 5021.33 5026.24 5034.68 5045.61 5059.7 5075.15 5091.59 5108.89 5125.92 5141.23 5154.22 5173.19 5196.33 5211.33 5212.51 5223.59 5220.77 5209.78 5196.57 5185.93 5179.42 5178.96 5185.55 5198.97 5213.17 5206.12 5182.4 5156.71 5130.51 5123.21 5147.1 5180.99 5151.35 5123.93 5093.7 5082.92 5081.13 5081.76 5079.72 5103.11 5098.43 5082.52 5061.66 5031.36 5002.55 4994.5 4982.93 4981 4980.94 4954.23 4926.32 4900.16 4883.89 4878.5
4997.36 5004.19 5010.48 5017.52 5024.26 5030.2 5033.08 5031.87 5028.99 5028.83 5026.3 5024.52 5023.96 5023.3 5028.75 5037.22 5048.13 5061.84 5073.27 5088.25 5103.48 5119.13 5133.53 5144.33 5158.04 5190.91 5202.91 5202.88 5228.82 5221.65 5203.06 5182.96 5165.98 5153.07 5144.3 5140 5138.85 5137.01 5129.05 5080.93 5033.48 5011.46 5045.02 5091.25 5152.39 5153.7 5105.49 5068.31 5065.02 5087.23 5129.7 5179.25 5159.44 5136.38 5117.31 5099.75 5075.53 5053.6 5028.42 5007.93 4997.76 4985.28 4967.32 4942.04 4915.97 4897.16 4884.38
5001.89 5009.29 5016.52 5023.51 5029.03 5031.94 5032.59 5031.09 5027.4 5023.5 5024.44 5020.28 5019.38 5018.65 5025.14 5035 5045.65 5059.95 5073.89 5087.68 5101.99 5116.67 5132.24 5149.6 5171.35 5208.69 5249.47 5284.6 5254.4 5216.6 5183.21 5154.18 5130.14 5110.5 5095.58 5081.2 5064.88 5039.58 4988.77 4978.7 4945.46 4927.49 4953.4 4968.99 4980.84 4987.16 4986.91 4992.37 5014.71 5056.91 5127.83 5218.58 5173.75 5146.23 5138.45 5135.07 5123.43 5104.36 5065.9 5045.17 5018.24 5004.02 4987.43 4963.05 4935.62 4915.13 4898.31
5006.08 5013.92 5021.88 5029.27 5034.45 5036.34 5034.78 5030.6 5024.16 5017.06 5012.08 5004.11 5002.91 5009.96 5020.86 5032.08 5042.77 5056.73 5071.95 5084.42 5097.34 5111.45 5128.53 5153.47 5192.42 5212.34 5253 5299.07 5240.5 5187.1 5144.41 5111.16 5081.28 5055.77 5037.4 5016.37 4993.34 4963.83 4932.72 4911.82 4893.35 4886.62 4881.43 4872.31 4861.77 4850.81 4855.73 4894.68 4934.99 4982.2 5037.89 5088.02 5097.81 5109.55 5135.59 5163.83 5157.73 5120.51 5097.62 5039.95 5046.48 5038 5018.75 4991.99 4962.33 4939 4919.21
5009.19 5017.57 5025.8 5033.8 5040.21 5042.68 5038.83 5030.44 5020.42 5009.49 4990.21 4989.97 4993.96 5006.35 5021.05 5032.09 5043.13 5055.94 5066.77 5079.42 5089.73 5101.07 5114.68 5132.98 5152.08 5171.9 5190.67 5191.09 5168.4 5130.51 5091.53 5054.46 5021.28 4992.28 4969.53 4946.3 4924.26 4903.72 4885.86 4860.13 4840.75 4833.76 4820.05 4815.74 4800.79 4776.81 4767.47 4807.22 4849.22 4886.14 4913.4 4926.27 4974.76 5039.79 5109.89 5187.69 5245.99 5202.63 5154.87 5127.2 5100.97 5083.39 5059.99 5028.42 4995.4 4967.88 4943.25
5011.05 5019.01 5027.81 5036.62 5045.17 5052.17 5042.54 5029.33 5016.16 5003.76 4989.32 4987.42 4999.07 5008.39 5021.18 5033.85 5045.24 5056.38 5065.78 5071.68 5078.86 5086.15 5092.72 5099.46 5105.49 5112.8 5116.07 5103.37 5087.24 5062.56 5026.85 4989.37 4954.49 4923.12 4898 4873.87 4854.68 4838.62 4821.5 4800.33 4773.13 4746.19 4747.25 4758.34 4746.67 4727.53 4716.85 4741.25 4770.96 4793.4 4803.02 4805.33 4861.73 4956.19 5052.24 5154.5 5248.12 5215.82 5182.63 5177.72 5175.82 5141.15 5103.86 5066.36 5029.09 4998.23 4967.13
5012.02 5019.62 5027.69 5036.12 5044.83 5050.5 5040 5025.74 5010.8 4996.12 4982.9 4983.33 4996.21 5005.84 5018.87 5034.78 5045.11 5054.04 5062.59 5065.73 5069.3 5070.53 5069.44 5063.97 5055.94 5053.31 5052.96 5038.54 5020.53 4993.79 4955.78 4915.3 4878.24 4845.15 4816.59 4795.02 4775.43 4763.93 4761.49 4739.29 4700.03 4672.68 4666.73 4669.85 4666.71 4669.26 4670.54 4683.17 4702.22 4716.91 4727.31 4736.1 4788.26 4881.72 4966.52 5037.62 5072.17 5107.86 5141.25 5193.08 5217.53 5169.23 5132.12 5101.55 5066.86 5029.7 4990.36
5012.02 5018.75 5025.51 5031.58 5037.8 5041.85 5032.31 5020.24 5006.5 4991.57 4977.49 4982.08 4992.14 5006.13 5022.42 5037.04 5045.03 5050.58 5053.67 5058.33 5058.44 5055.74 5049.01 5035.67 5016.18 5003.81 5003.76 4996.84 4972.62 4926.05 4878.28 4833.99 4795.83 4763.73 4733.13 4707.68 4684.95 4669.77 4662.86 4643.87 4611.58 4596.16 4586.41 4574.77 4573.54 4571.21 4592.21 4623.1 4640.48 4656.75 4675.97 4707.24 4758.43 4821.29 4877.83 4913.61 4927.67 4990.66 5048.9 5085.97 5106.07 5125.22 5129.23 5128.56 5103.96 5057.05 5009.95
5010.36 5016.34 5021.61 5025.5 5026.81 5025.34 5022.71 5014.85 5004.59 4994.19 4989.59 4992.1 5008.36 5023.55 5035.73 5042.62 5046.4 5047.99 5051.36 5051.1 5048.06 5042.38 5033.22 5018.03 4992.9 4969.49 4959.91 4946.25 4911.82 4843.02 4788.75 4745.11 4707.36 4673.15 4641.53 4611.85 4584.21 4559.07 4531.89 4507.22 4503.99 4508.75 4509.66 4500.35 4490.71 4484.78 4520.49 4567.3 4575.21 4592.27 4622.54 4675.07 4739.47 4761.25 4800.96 4838.82 4849.98 4899.69 4952.64 4993.84 5022.38 5060.75 5093.71 5135.18 5120.26 5065.81 5020.58
5009.29 5014.33 5018.48 5021.34 5020.73 5018.21 5017.55 5012.1 5005.03 4997.74 4994.68 5005.97 5028.19 5043.22 5048.47 5053.01 5053.89 5052.86 5053.52 5045.06 5039.55 5032.06 5022.21 5007.8 4988.24 4959.07 4914.56 4857.5 4793.94 4734.44 4688.43 4649.52 4614.11 4580.79 4548.73 4516.77 4484.05 4450.15 4412.3 4383.44 4396.28 4414.89 4428.51 4428.88 4414.15 4405.11 4430.83 4480.69 4492.39 4514.56 4548.88 4593.8 4636.19 4673.3 4715.97 4767.01 4787.12 4814.87 4859.4 4914.32 4970.88 4980.02 5013.15 5052.24 5063.39 5042.85 5020.11
5008.76 5013.22 5016.5 5019.46 5022.02 5020.37 5016.04 5012.58 5008.74 5005.23 5001.16 5026.75 5044.15 5055.96 5058.19 5058.84 5058.14 5054.52 5050.44 5042.19 5034.08 5024.4 5013.31 4999.86 4982.68 4954.72 4869.59 4766 4662.98 4620.48 4588.18 4556.36 4524.44 4492.58 4461.04 4429.7 4395.81 4359.84 4320.12 4294.19 4304.41 4324.21 4340.42 4346.12 4338.15 4328.56 4324.86 4358.8 4395.93 4428.84 4462.65 4495.24 4524.11 4566.29 4606.66 4652.7 4683.74 4712.84 4754.56 4792.44 4813.08 4863.4 4905.69 4933.27 4975.46 5001.55 5013.86
5008.83 5012.3 5014.88 5017.1 5020.25 5019.11 5015.18 5012.89 5012.49 5016.23 5028.96 5044.71 5049.68 5059.62 5061.52 5061.37 5059.6 5053.55 5045.89 5035.17 5023.74 5010.67 4997.35 4982.09 4961.5 4923.51 4826.27 4700.82 4578.28 4531.04 4501.27 4471.32 4441.17 4411.02 4381.2 4350.57 4318.07 4283.92 4248.84 4224.64 4232 4247.41 4256.92 4268.82 4269.52 4264.58 4264.24 4270.16 4308.6 4344.46 4374.74 4402.26 4434.32 4459.15 4484.8 4505.67 4542.64 4600.02 4652.3 4694.19 4701 4758.26 4813.35 4862.12 4913.75 4967.7 5011.78
5009.68 5011.59 5012.86 5013.41 5012.75 5013.74 5012.81 5011.55 5012.69 5018.43 5031.46 5030.14 5038.08 5054.6 5061.02 5059.12 5054.26 5045.23 5033.76 5021.17 5004.8 4988.1 4970.79 4951.24 4925.76 4885.33 4785.58 4659.22 4538.8 4473.37 4431.72 4395.87 4364.26 4335.15 4307.18 4278.19 4249.8 4221.45 4194.16 4177.23 4180.58 4194.38 4204.71 4215.09 4213.77 4208.8 4204.55 4207.98 4238.45 4267.52 4291.21 4311.01 4329.06 4353.62 4377.06 4388.77 4431.09 4503.6 4565.85 4609.92 4643.56 4688.84 4737.32 4791.72 4862.42 4936.33 5009.78
5010.15 5010.44 5011.23 5010.9 5009.34 5010.49 5010.17 5009.47 5009.3 5010.56 5011.82 5002 5020.86 5056.5 5061.17 5052.77 5043.77 5034.37 5019.13 5000.64 4981.17 4958.5 4934.25 4908.11 4876.1 4830.38 4738.14 4620.49 4513.97 4432.57 4370.73 4326.56 4293.44 4266.05 4241.45 4217.18 4193.32 4171.2 4150.52 4140.13 4143.58 4158.46 4186.34 4176.48 4165.99 4159.37 4154.21 4165.84 4185.34 4202.17 4217.23 4228.32 4237.67 4262.46 4299.12 4327.5 4366.55 4432.2 4499.76 4562.52 4601.24 4637.54 4674.79 4729.35 4812.47 4902.94 4996.69
5007.48 5008.05 5009.51 5010.49 5011.8 5010.14 5008.1 5005.85 5003.23 4999.71 4993.64 4984.44 5001.94 5031.66 5040.19 5043.39 5039.12 5030.61 5012.03 4987.94 4957.76 4925.91 4891.99 4855.37 4813.78 4763.99 4674.62 4560.44 4463.12 4372.53 4301.25 4256.81 4225.59 4202.04 4181.83 4162.81 4144.13 4128.39 4113.82 4108.19 4109.82 4118.36 4124.5 4123.17 4119.85 4115.82 4114.49 4125.98 4135.65 4144.95 4153.86 4161.55 4168.23 4191.09 4234.31 4280.45 4314.99 4371.29 4435.94 4493.63 4542.81 4580.2 4617.72 4676.82 4765.87 4866.04 4970.86
