real_craters/C098-750m.grd
DSAA
88 88
-32.48 32.48
-32.48 32.48
3743.4485082092 5504.138827772
[rows 0 to 37 of 88, columns 0 to 83 of 88]
4855 4856 4855 4855 4854 4854 4853 4853 4851 4849 4847 4846 4843 4842 4844 4845 4847 4848 4848 4848 4848 4850 4850 4847 4844 4841 4840 4833 4830 4830 4828 4826 4825 4826 4819 4819 4820 4820 4820 4822 4821 4822 4821 4821 4820 4820 4821 4820 4820 4820 4822 4820 4819 4817 4817 4814 4813 4813 4813 4812 4811 4810 4810 4813 4813 4811 4811 4813 4814 4813 4811 4810 4809 4808 4808 4810 4811 4810 4809 4810 4811 4811 4812 4814
4856 4855 4855 4854 4853 4853 4852 4852 4852 4851 4850 4849 4847 4846 4847 4849 4850 4851 4850 4849 4849 4849 4848 4847 4846 4845 4845 4846 4841 4835 4832 4829 4827 4823 4821 4821 4821 4821 4820 4821 4821 4821 4823 4822 4822 4824 4824 4824 4823 4824 4822 4826 4828 4828 4826 4823 4820 4821 4822 4818 4820 4817 4816 4822 4821 4816 4815 4819 4820 4818 4814 4813 4813 4811 4809 4811 4811 4810 4810 4809 4810 4811 4811 4813
4855 4855 4855 4855 4853 4851 4850 4851 4850 4853 4855 4854 4851 4850 4850 4851 4852 4853 4851 4850 4850 4849 4848 4847 4846 4845 4845 4845 4841 4837 4835 4833 4830 4826 4824 4824 4824 4824 4825 4824 4824 4824 4828 4827 4827 4830 4830 4830 4834 4833 4833 4844 4852 4851 4848 4841 4838 4841 4841 4840 4837 4837 4838 4835 4834 4838 4833 4829 4827 4825 4823 4821 4820 4816 4809 4811 4811 4810 4809 4809 4810 4810 4811 4812
4855 4855 4855 4855 4854 4854 4853 4853 4854 4863 4866 4859 4853 4852 4852 4853 4853 4853 4850 4850 4849 4849 4848 4847 4846 4845 4844 4843 4840 4837 4835 4834 4832 4829 4827 4828 4828 4828 4828 4830 4832 4834 4836 4836 4836 4839 4840 4841 4839 4846 4850 4871 4890 4884 4896 4880 4879 4872 4867 4854 4858 4856 4846 4842 4842 4845 4842 4837 4834 4833 4831 4831 4830 4828 4819 4812 4814 4811 4809 4810 4810 4810 4811 4812
4855 4855 4855 4855 4855 4855 4855 4854 4882 4897 4882 4864 4853 4853 4852 4853 4854 4854 4851 4850 4849 4849 4848 4847 4846 4845 4843 4842 4839 4837 4836 4835 4833 4828 4829 4831 4832 4832 4834 4836 4839 4840 4841 4846 4851 4849 4849 4851 4852 4866 4889 4909 4932 4959 4943 4939 4901 4891 4892 4906 4889 4861 4849 4845 4844 4844 4843 4841 4840 4840 4842 4839 4840 4841 4837 4827 4820 4814 4812 4811 4810 4810 4811 4811
4856 4856 4855 4855 4856 4856 4857 4860 4901 4920 4887 4865 4853 4852 4852 4853 4854 4853 4851 4849 4849 4849 4847 4846 4845 4844 4843 4842 4840 4837 4837 4836 4835 4831 4831 4834 4835 4836 4838 4839 4842 4843 4845 4848 4851 4856 4860 4855 4860 4885 4911 4931 4941 4937 4942 4944 4907 4902 4901 4899 4879 4847 4845 4845 4845 4845 4844 4843 4843 4843 4844 4843 4844 4843 4839 4830 4825 4821 4815 4812 4812 4811 4811 4811
4855 4855 4855 4855 4855 4856 4858 4862 4874 4872 4871 4859 4851 4852 4851 4852 4853 4852 4850 4849 4848 4848 4847 4846 4845 4845 4844 4843 4841 4839 4838 4837 4836 4834 4835 4838 4840 4841 4842 4844 4847 4847 4849 4853 4853 4869 4878 4890 4898 4905 4917 4927 4932 4921 4930 4940 4940 4915 4898 4883 4863 4843 4842 4845 4845 4845 4845 4844 4844 4844 4844 4844 4844 4842 4840 4838 4830 4819 4817 4815 4813 4811 4811 4811
4856 4856 4856 4855 4855 4855 4858 4859 4858 4856 4858 4856 4852 4851 4850 4852 4852 4851 4850 4850 4849 4849 4848 4847 4846 4846 4845 4844 4844 4842 4841 4840 4840 4840 4841 4843 4845 4847 4848 4846 4847 4853 4857 4866 4877 4884 4893 4908 4915 4917 4918 4920 4914 4906 4917 4933 4939 4912 4889 4866 4847 4842 4842 4845 4845 4845 4845 4844 4844 4844 4844 4844 4843 4841 4840 4839 4834 4825 4820 4818 4815 4813 4812 4812
4856 4856 4856 4856 4855 4855 4857 4856 4854 4854 4854 4854 4852 4851 4851 4852 4852 4851 4850 4850 4850 4850 4849 4849 4848 4847 4846 4846 4847 4845 4843 4842 4842 4844 4846 4847 4852 4857 4861 4855 4870 4870 4870 4885 4888 4891 4897 4905 4922 4921 4914 4902 4899 4899 4904 4902 4900 4894 4878 4858 4843 4843 4842 4844 4844 4844 4844 4844 4844 4843 4843 4843 4842 4841 4840 4838 4837 4829 4823 4816 4814 4814 4813 4813
4856 4857 4857 4857 4856 4855 4854 4853 4852 4851 4852 4853 4851 4851 4852 4852 4853 4851 4850 4850 4851 4850 4850 4850 4849 4848 4848 4848 4849 4846 4845 4845 4846 4847 4847 4848 4858 4869 4881 4908 4891 4888 4898 4904 4896 4893 4899 4907 4927 4920 4910 4894 4884 4885 4896 4893 4885 4882 4870 4855 4843 4842 4842 4843 4843 4843 4843 4843 4843 4843 4842 4842 4841 4840 4838 4837 4839 4831 4826 4819 4814 4815 4814 4813
4855 4856 4856 4857 4858 4854 4852 4853 4852 4851 4851 4852 4851 4851 4851 4852 4853 4851 4850 4851 4851 4851 4850 4850 4849 4849 4848 4848 4848 4846 4846 4847 4848 4849 4852 4856 4866 4879 4894 4904 4907 4913 4923 4918 4906 4900 4904 4913 4920 4916 4912 4909 4889 4887 4891 4897 4894 4882 4868 4854 4843 4842 4842 4842 4842 4842 4843 4843 4843 4842 4842 4841 4840 4839 4838 4838 4839 4835 4829 4820 4815 4816 4815 4814
4855 4856 4856 4856 4856 4854 4853 4853 4852 4851 4851 4851 4850 4850 4851 4852 4853 4852 4850 4851 4851 4850 4850 4850 4849 4849 4849 4848 4848 4846 4847 4850 4852 4852 4853 4861 4872 4885 4901 4923 4937 4947 4950 4933 4924 4915 4909 4907 4904 4908 4913 4918 4922 4908 4904 4913 4903 4884 4866 4852 4843 4842 4842 4842 4842 4842 4842 4842 4842 4842 4841 4841 4840 4839 4838 4838 4840 4837 4832 4824 4817 4816 4816 4815
4856 4856 4856 4856 4854 4853 4854 4851 4851 4851 4851 4851 4850 4850 4851 4853 4853 4850 4851 4851 4851 4850 4850 4850 4850 4849 4849 4849 4849 4848 4848 4851 4853 4854 4856 4863 4876 4890 4902 4908 4922 4945 4955 4950 4935 4931 4909 4896 4892 4898 4907 4918 4921 4917 4920 4921 4900 4881 4865 4851 4842 4842 4842 4842 4842 4842 4842 4842 4842 4841 4841 4841 4841 4840 4838 4837 4839 4837 4834 4826 4819 4817 4816 4815
4858 4858 4857 4856 4854 4852 4852 4851 4851 4851 4851 4851 4850 4850 4852 4853 4853 4851 4850 4850 4851 4850 4849 4850 4850 4850 4850 4850 4851 4850 4849 4852 4854 4856 4857 4866 4884 4896 4906 4913 4921 4931 4922 4916 4926 4919 4905 4888 4887 4891 4896 4899 4903 4910 4904 4885 4884 4874 4861 4849 4842 4842 4842 4841 4841 4842 4842 4841 4841 4841 4841 4841 4841 4840 4838 4837 4837 4837 4834 4828 4822 4818 4816 4816
4862 4863 4861 4858 4854 4853 4852 4851 4851 4851 4851 4851 4851 4851 4852 4853 4855 4856 4855 4854 4851 4850 4849 4850 4849 4849 4850 4850 4850 4851 4850 4852 4857 4863 4871 4888 4898 4904 4915 4927 4935 4948 4917 4901 4905 4913 4906 4896 4887 4886 4890 4894 4899 4910 4899 4877 4877 4871 4859 4847 4841 4842 4842 4841 4841 4841 4841 4841 4841 4841 4841 4841 4841 4840 4839 4838 4836 4838 4837 4829 4821 4818 4816 4816
4866 4877 4882 4862 4854 4853 4851 4851 4851 4851 4851 4851 4851 4851 4852 4853 4852 4855 4855 4851 4850 4850 4850 4850 4849 4849 4850 4851 4851 4853 4851 4853 4862 4870 4879 4887 4893 4905 4921 4941 4962 4939 4920 4889 4892 4885 4891 4894 4885 4883 4884 4887 4895 4934 4942 4910 4891 4876 4862 4847 4840 4841 4841 4842 4841 4841 4841 4841 4841 4841 4841 4841 4840 4840 4840 4840 4839 4841 4840 4831 4823 4819 4817 4816
4875 4881 4881 4875 4858 4852 4851 4851 4851 4851 4851 4851 4851 4851 4852 4853 4851 4853 4858 4857 4851 4850 4856 4851 4849 4848 4850 4852 4853 4855 4854 4864 4870 4877 4883 4886 4887 4899 4917 4935 4944 4929 4925 4923 4901 4878 4875 4885 4889 4891 4892 4888 4924 4953 4955 4935 4906 4886 4870 4851 4841 4841 4840 4841 4841 4841 4841 4841 4842 4841 4841 4841 4840 4840 4840 4841 4838 4841 4839 4833 4826 4821 4816 4816
4890 4885 4885 4884 4865 4854 4851 4851 4852 4852 4852 4851 4850 4851 4852 4853 4851 4851 4856 4865 4869 4868 4859 4854 4850 4851 4854 4857 4858 4860 4868 4875 4880 4883 4885 4881 4874 4889 4907 4924 4935 4928 4914 4905 4905 4883 4881 4890 4898 4906 4913 4915 4938 4952 4943 4925 4910 4893 4880 4875 4858 4842 4839 4840 4841 4841 4841 4842 4842 4841 4841 4840 4840 4840 4840 4840 4838 4841 4839 4835 4829 4823 4817 4816
4894 4887 4883 4885 4870 4855 4851 4851 4852 4852 4852 4850 4850 4851 4852 4853 4851 4851 4852 4874 4894 4895 4877 4863 4854 4857 4862 4866 4868 4873 4880 4885 4887 4892 4893 4885 4872 4885 4899 4911 4916 4905 4893 4889 4901 4886 4886 4898 4914 4928 4944 4958 4940 4950 4945 4926 4910 4896 4883 4872 4858 4843 4838 4840 4840 4841 4843 4843 4841 4841 4840 4839 4839 4839 4840 4840 4838 4840 4839 4836 4831 4825 4820 4817
4879 4893 4904 4914 4894 4857 4851 4851 4851 4852 4852 4851 4851 4851 4852 4853 4851 4857 4852 4882 4909 4907 4894 4877 4865 4872 4878 4880 4883 4891 4882 4882 4894 4902 4909 4917 4889 4889 4896 4900 4898 4891 4888 4887 4891 4891 4889 4916 4942 4968 4965 4953 4946 4930 4922 4915 4907 4897 4884 4862 4854 4843 4839 4841 4840 4842 4845 4847 4841 4844 4841 4838 4836 4837 4839 4839 4837 4840 4840 4836 4831 4828 4824 4820
4870 4905 4938 4947 4910 4861 4852 4851 4851 4852 4851 4851 4851 4852 4853 4853 4851 4867 4857 4875 4902 4903 4895 4893 4899 4900 4894 4893 4894 4892 4889 4894 4909 4918 4925 4926 4914 4904 4900 4899 4896 4897 4906 4908 4916 4921 4926 4946 4964 4972 4971 4958 4952 4938 4914 4909 4905 4900 4893 4888 4863 4847 4839 4841 4842 4845 4847 4854 4868 4850 4842 4837 4836 4837 4838 4839 4840 4839 4839 4837 4834 4831 4828 4823
4905 4918 4940 4937 4907 4871 4864 4858 4853 4852 4851 4851 4852 4853 4853 4853 4853 4875 4886 4913 4909 4902 4895 4905 4918 4913 4905 4904 4904 4903 4918 4928 4927 4931 4934 4931 4924 4912 4905 4902 4901 4905 4916 4941 4968 4974 4967 4983 4987 4993 4974 4958 4937 4917 4916 4909 4908 4905 4900 4887 4871 4851 4840 4840 4841 4843 4845 4846 4844 4845 4841 4837 4836 4837 4838 4839 4840 4838 4838 4837 4836 4835 4831 4826
4918 4920 4926 4909 4910 4912 4896 4868 4854 4852 4852 4852 4855 4855 4854 4852 4863 4894 4931 4926 4914 4907 4912 4920 4911 4907 4910 4910 4912 4917 4911 4938 4940 4942 4942 4939 4925 4914 4911 4909 4908 4910 4927 4963 5002 5024 5048 5013 4995 4986 4953 4930 4924 4910 4911 4910 4906 4905 4902 4897 4874 4853 4838 4839 4838 4839 4841 4841 4840 4841 4838 4836 4837 4840 4841 4840 4839 4839 4839 4838 4838 4836 4833 4829
4910 4913 4910 4906 4919 4926 4901 4875 4853 4854 4855 4854 4855 4855 4856 4856 4873 4893 4885 4897 4906 4910 4920 4926 4914 4909 4916 4921 4924 4926 4935 4944 4950 4951 4949 4942 4931 4922 4921 4923 4924 4929 4942 4977 5002 5046 5032 5004 4991 4967 4938 4923 4916 4904 4913 4912 4909 4904 4895 4882 4873 4862 4858 4837 4837 4838 4840 4843 4843 4839 4837 4836 4838 4841 4845 4849 4844 4837 4839 4839 4838 4837 4836 4832
4903 4908 4908 4902 4913 4921 4911 4886 4859 4856 4854 4852 4853 4856 4857 4862 4903 4913 4872 4882 4900 4909 4911 4919 4916 4919 4921 4928 4935 4941 4943 4954 4960 4960 4957 4954 4944 4930 4937 4943 4948 4957 4987 5000 5021 5087 5047 5007 4995 4965 4945 4939 4936 4921 4915 4907 4903 4902 4903 4890 4871 4854 4839 4838 4837 4837 4838 4839 4839 4838 4836 4836 4837 4841 4847 4854 4856 4837 4839 4838 4838 4837 4837 4831
4912 4909 4904 4902 4911 4918 4919 4899 4869 4857 4854 4854 4856 4857 4860 4863 4910 4928 4911 4908 4907 4915 4921 4911 4914 4919 4928 4936 4946 4961 4979 4982 4973 4969 4966 4958 4948 4947 4970 4979 4978 4978 4984 5014 5050 5088 5105 5076 5011 4964 4944 4946 4952 4914 4901 4898 4896 4897 4892 4883 4869 4852 4839 4838 4837 4837 4837 4837 4837 4837 4836 4836 4837 4839 4843 4859 4889 4858 4838 4837 4837 4838 4838 4836
4914 4910 4901 4907 4911 4916 4919 4905 4871 4858 4855 4854 4860 4862 4858 4861 4914 4935 4917 4909 4913 4920 4924 4920 4917 4926 4936 4946 4956 4967 4981 4991 4985 4985 4986 4981 4983 5022 5028 5023 5016 4999 4999 5022 5063 5079 5095 5079 5015 4958 4915 4933 4924 4906 4883 4883 4889 4895 4889 4881 4868 4851 4839 4836 4836 4836 4836 4837 4837 4836 4836 4836 4836 4837 4839 4852 4871 4853 4839 4838 4837 4839 4837 4834
4919 4916 4912 4919 4915 4915 4916 4905 4881 4867 4861 4866 4889 4882 4866 4900 4940 4933 4913 4908 4915 4922 4927 4916 4923 4938 4947 4955 4962 4974 4991 4980 4990 5002 5013 5028 5058 5064 5088 5080 5066 5049 5035 5032 5050 5080 5074 5047 5000 4950 4936 4931 4928 4893 4866 4872 4884 4898 4904 4889 4871 4851 4839 4836 4836 4836 4836 4836 4836 4836 4835 4836 4836 4836 4836 4842 4842 4837 4837 4839 4839 4838 4836 4831
4923 4923 4923 4920 4914 4914 4915 4907 4887 4874 4869 4873 4920 4905 4895 4920 4911 4903 4901 4908 4919 4927 4930 4927 4934 4950 4958 4963 4967 4964 4981 5004 5000 5017 5043 5071 5067 5149 5142 5140 5133 5124 5096 5044 5055 5051 5047 5015 4990 4951 4908 4915 4906 4871 4845 4861 4882 4902 4909 4894 4872 4852 4837 4836 4836 4836 4836 4836 4837 4836 4836 4836 4836 4836 4836 4838 4838 4835 4836 4839 4839 4838 4836 4830
4933 4929 4923 4916 4909 4913 4919 4921 4894 4884 4876 4873 4926 4915 4881 4878 4883 4896 4900 4913 4925 4936 4942 4942 4951 4961 4970 4977 4985 4993 5012 5005 5003 5027 5062 5116 5215 5193 5197 5189 5181 5188 5205 5207 5093 5068 5054 5027 5015 4982 4935 4924 4906 4881 4845 4862 4882 4902 4908 4894 4871 4849 4837 4836 4836 4836 4836 4837 4837 4836 4836 4836 4836 4837 4841 4838 4838 4834 4835 4839 4838 4837 4835 4828
4947 4950 4926 4912 4910 4916 4920 4917 4906 4902 4891 4887 4949 4933 4914 4896 4894 4907 4914 4923 4936 4951 4965 4976 4977 4975 4980 4993 5009 5030 5027 5026 5019 5038 5071 5116 5152 5206 5225 5207 5183 5194 5224 5170 5141 5128 5085 5071 5094 5050 4994 4978 4932 4881 4873 4868 4883 4898 4902 4888 4868 4848 4838 4838 4836 4837 4838 4838 4838 4837 4835 4836 4836 4837 4837 4838 4837 4834 4834 4838 4838 4837 4834 4828
4952 4949 4927 4915 4919 4922 4927 4929 4923 4917 4904 4910 4929 4949 4939 4922 4908 4913 4920 4931 4946 4963 4983 5001 4988 4986 4992 5006 5024 5033 5027 5021 5015 5037 5070 5104 5147 5226 5269 5163 5100 5056 4972 4919 4933 4923 4983 5126 5141 5144 5085 5023 4980 4919 4882 4876 4883 4895 4895 4883 4868 4849 4838 4838 4837 4837 4838 4839 4838 4837 4836 4836 4836 4837 4838 4838 4837 4834 4833 4838 4837 4836 4834 4830
4945 4936 4931 4922 4918 4928 4938 4945 4931 4921 4927 4952 4973 4988 5023 4968 4932 4930 4926 4936 4951 4968 4985 4994 4990 4990 4994 5013 5035 5049 5019 4986 5006 5037 5060 5083 5105 5127 5105 5028 4945 4882 4838 4780 4769 4733 4775 4822 4946 5191 5190 5150 5070 4987 4920 4894 4894 4889 4887 4882 4872 4862 4850 4840 4838 4838 4838 4839 4837 4836 4835 4835 4836 4836 4837 4840 4839 4835 4833 4837 4837 4836 4835 4832
4943 4935 4927 4930 4934 4943 4955 4956 4951 4947 4961 5017 5007 4990 4954 4946 4934 4929 4929 4941 4955 4971 4984 4996 4996 4995 4999 5014 5029 5035 5008 4980 5007 5041 5051 5054 5032 4991 4970 4839 4744 4672 4627 4576 4553 4543 4617 4669 4790 4887 5003 5079 5132 5053 4945 4924 4922 4902 4889 4878 4875 4872 4860 4848 4840 4838 4838 4837 4837 4835 4835 4835 4835 4836 4838 4843 4840 4835 4833 4837 4837 4836 4835 4834
4945 4934 4924 4929 4943 4962 4978 4997 5023 4992 5023 5033 5009 4976 4933 4925 4919 4926 4935 4945 4958 4971 4982 4986 4989 4998 4999 5010 5019 5019 5008 5000 5052 5057 5049 5033 5004 4938 4700 4598 4517 4437 4346 4326 4364 4341 4406 4487 4576 4688 4763 4854 4947 5012 5007 5012 4980 4923 4890 4876 4871 4871 4859 4848 4841 4839 4838 4837 4836 4835 4835 4835 4834 4834 4835 4835 4836 4834 4833 4837 4836 4835 4835 4834
4953 4947 4930 4941 4971 4995 4994 4989 4981 4977 4985 4989 4978 4960 4943 4924 4912 4921 4936 4946 4958 4969 4981 4990 5004 5003 5005 5010 5013 5012 5012 5029 5051 5057 5030 4992 4944 4848 4555 4402 4321 4253 4186 4172 4203 4192 4214 4272 4316 4369 4527 4638 4750 4942 5145 5191 5041 4916 4886 4873 4867 4864 4854 4846 4842 4840 4838 4838 4838 4836 4835 4835 4835 4834 4834 4835 4834 4833 4832 4836 4836 4835 4834 4833
4959 4952 4945 4952 5008 5029 5001 4969 4952 4958 4970 4967 4954 4941 4939 4937 4934 4928 4939 4948 4957 4967 4980 4995 4998 4991 4999 5003 5010 5009 5001 4985 5001 5042 5011 4927 4816 4674 4403 4224 4158 4120 4092 4085 4085 4083 4092 4116 4142 4220 4370 4501 4613 4852 5116 5206 5058 4919 4891 4876 4862 4851 4848 4845 4843 4843 4842 4844 4844 4845 4841 4838 4836 4834 4834 4835 4834 4832 4832 4835 4836 4835 4834 4834
4964 4956 4955 4966 5005 5021 5000 4968 4941 4951 4964 4953 4939 4927 4918 4901 4969 4958 4948 4951 4956 4965 4973 4980 4977 4976 4975 4982 4999 5001 4999 5023 5099 5094 4997 4845 4657 4427 4175 4047 4031 4024 4022 4022 4005 4006 4009 4026 4051 4111 4216 4351 4468 4729 4980 5098 5053 4961 4928 4896 4870 4851 4847 4846 4846 4848 4851 4845 4846 4849 4846 4840 4836 4835 4834 4835 4833 4832 4831 4834 4835 4835 4834 4834
