real_craters/C098-1000m.grd
DSAA
38 38
-18.56 18.56
-18.56 18.56
3758.3034576156 6235.5447020991
5658.22 5643.59 5689.57 5731.53 5715.36 5714.02 5715.73 5724.89 5733.47 5727.23 5751.7 5768.97 5736.81 5751.34 5769.56 5772.42 5772.86 5762.65 5769.58 5763.01 5758.32 5752.57 5751.53 5771.14 5773.67 5782.88 5792.91 5792.04 5826.28 5820.88 5815.63 5838.97 5807.11 5779.8 5781.3 5781.28 5780.49 5790.87 
5640.18 5664.03 5691.6 5729.97 5714.75 5706.51 5708.16 5712.56 5719.56 5727.11 5738.64 5747.92 5749.69 5752.67 5750.36 5765.4 5773.43 5768.01 5763 5754.94 5760.95 5776.61 5803.01 5789.59 5788.75 5785.2 5775.55 5782.08 5799.72 5807.3 5798.38 5794.84 5811.48 5819.81 5806.35 5793.26 5781.92 5772.5 
5626.09 5625.6 5665.62 5691.73 5692.66 5698.45 5701.74 5706.32 5710.91 5719.55 5730.63 5742.06 5752.85 5754.62 5754.85 5755.18 5764.84 5773.08 5765.39 5773.36 5770.77 5789.29 5814.03 5824.46 5806.88 5794.42 5788.82 5789.06 5792.45 5801.7 5802.17 5793.76 5801.91 5811.73 5803.73 5797.64 5800.72 5791.07 
5615.73 5611.47 5640.26 5668.62 5679.18 5691.2 5698.14 5702.06 5702.63 5715.79 5724.63 5736.75 5747.19 5758.45 5764.19 5792.6 5759.44 5782.7 5776.38 5800.84 5790.08 5793.96 5820.09 5833.28 5817.07 5805.85 5800.01 5787.59 5778.79 5796.43 5799.4 5789.65 5787.91 5781.16 5782.44 5785.38 5786.48 5784.57 
5636.03 5619.5 5618.15 5644.3 5675.31 5689.17 5698.67 5702.87 5705.55 5717.59 5740.3 5741.83 5748.18 5757.65 5779.19 5813.66 5830.03 5802.55 5782.47 5778.37 5793.58 5807.42 5837.89 5849.25 5831.81 5816.8 5805.96 5782.96 5772.68 5785.03 5796.48 5792.15 5778.25 5770.83 5769.3 5769.01 5760.57 5749.06 
5660.99 5657.9 5651.77 5673.01 5687.41 5694.58 5699.66 5703.24 5706.96 5714.19 5724.04 5734.36 5745.73 5756.4 5772.83 5801.56 5811 5800.47 5777.45 5775.75 5797.99 5829.78 5856.8 5851.17 5843.79 5827.02 5812.06 5783.62 5777.39 5798.06 5797.22 5788.78 5783.2 5780.99 5773.4 5760.21 5753.78 5735.17 
5691.91 5706.82 5696.46 5695.53 5703.64 5704.79 5706.35 5708.82 5710.4 5713.58 5713.95 5730.27 5743.76 5756.69 5765.49 5780.28 5797.63 5808.14 5803.33 5776.61 5791.06 5836.71 5864.99 5862.75 5840.16 5831.89 5826.47 5786.89 5788.54 5786.38 5798.68 5803.06 5800.78 5798.15 5787 5755.92 5724.88 5730.24 
5710.91 5711.73 5717.66 5711.63 5707.39 5708.95 5710.92 5714.2 5715.17 5715.34 5722.54 5733.7 5746.66 5761.93 5775.4 5793.24 5796.8 5803.47 5806.6 5790.36 5793.15 5839.39 5878.05 5869.58 5836.58 5825.5 5808.79 5800.82 5802.45 5779.94 5821.55 5820.66 5817.26 5811.4 5805.48 5767.54 5738.39 5756.48 
5702.93 5712.16 5704.41 5700.73 5709.76 5714.56 5716.98 5721.35 5723.07 5718.54 5721.56 5741.78 5764.79 5782.52 5797.5 5835.01 5860.34 5858.33 6018.06 5884.06 5825.17 5979.83 5902.73 5870.69 5841.15 5821.51 5815.04 5799.73 5815.77 5812.58 5807.92 5807.15 5800.52 5804.98 5803.25 5781.94 5776.22 5786.23 
5707.74 5715.52 5713.01 5713.42 5720.22 5726.29 5730.47 5736.57 5738.12 5737.41 5728.15 5744.52 5774.43 5821.43 5835.7 5913.02 5931.57 6000.15 5840.29 5945.54 5936.72 5906.19 6013.47 5899.57 5819.59 5826.38 5834.76 5852.06 5815.85 5827.37 5797.58 5791.24 5783.39 5788.99 5784.01 5778.78 5772.45 5779.65 
5722.14 5724.75 5735.3 5732.8 5733.68 5738.46 5742.91 5747.7 5751.3 5749.46 5741.17 5756.01 5792.09 5867.8 5996.59 5961.79 5827.75 5786.27 5570.51 5649.37 5713.47 5763.13 5828.69 5877.2 5938.89 5917.32 5879.42 5871.86 5831.57 5819.85 5808.17 5787.28 5781.57 5778.89 5780.08 5778.18 5770.94 5768.09 
5743.39 5750.11 5749.13 5742.4 5746.04 5740.55 5739.19 5742.6 5746.68 5746.5 5750.22 5761.2 5758.85 5767.85 5741.74 5567.94 5497.44 5454.27 5285.6 5470.46 5496.95 5587.13 5632.11 5715.63 5891.83 6059.19 6027.36 5930.09 5933.12 5822.5 5799.4 5775.95 5766 5776.06 5787.49 5783.06 5771.78 5768.57 
5748 5748.01 5764.42 5756.12 5748.24 5741.75 5739.91 5734.75 5741.85 5776.5 5793.23 5764.64 5688.16 5586.69 5454.66 5309.86 5186.21 5090.54 4971.63 5026.17 5164.36 5223.39 5253.6 5405.76 5519.77 5857.02 5971.05 5959.99 5995.01 6029.82 5786.13 5770.43 5781.01 5782.06 5790.14 5782.11 5770.18 5770.99 
5746.63 5744.62 5742.84 5751.83 5747.58 5740.51 5738.03 5737.89 5742.88 5776.33 5874.72 5764.87 5580.34 5393.28 5231.47 5060.85 4935.1 4862.41 4764.13 4768.49 4818.54 4954.29 5045.4 5176.22 5286.95 5503.25 5736.7 5888.77 5947.14 5906.48 5817.03 5787.94 5783.86 5789.32 5790.73 5778.1 5763.79 5782.96 
5732.88 5731.77 5734.34 5745.55 5753.51 5757.84 5763.68 5765.54 5781.87 5871.89 5969.6 5744.06 5463.59 5186.28 4988.78 4847.34 4731.17 4609.71 4596.86 4600.96 4652.7 4803.47 4920.08 5039.37 5191.86 5332.2 5566.29 5813.72 5955.01 5837.73 5808.93 5804.81 5805.97 5797.46 5782.34 5771.45 5757.23 5763.72 
5719.1 5725.3 5736.82 5746.67 5760.67 5779.69 5797.85 5811.34 5822.4 5870.88 5910.4 5680.53 5346.37 5012.8 4868.77 4744.34 4594.82 4581.08 4544.61 4604.37 4596.17 4632.4 4737.78 4907.45 5078.89 5227.72 5510.18 5770.64 5918.66 5868.2 5815.8 5804.56 5806.35 5798.66 5786.17 5774.04 5763.22 5784.65 
5712.47 5716.48 5736.67 5749.67 5779.71 5811.4 5855 5886.34 5885.97 5888.37 5886.06 5600.02 5243.38 4913.38 4775.79 4696.15 4617.61 4675.41 4607.66 4593.73 4554.2 4569.77 4643.88 4793.51 4954.92 5196.34 5521.13 5849.64 5957.17 5856.69 5829.47 5811.73 5802.3 5795.53 5795.92 5813.71 5821.92 5800.44 
5708.32 5720.05 5725.94 5751.05 5797.61 5855.07 5914.32 5975.99 6010.2 5940.62 5783.34 5500.52 5157.34 4857.89 4737.72 4679.69 4726.51 4658.65 4767.14 4815.53 4759.68 4627.12 4617.73 4710.61 4843.06 5112.08 5527.98 5925.27 6077.89 5884.75 5861.2 5820.05 5797.06 5776.4 5784.35 5769.57 5767.24 5782.04 
5708.41 5713.57 5723.28 5760.3 5817.65 5882.99 5947.23 6015.83 6068.53 5939.78 5701.01 5416.75 5095.54 4828.89 4733.9 4568.91 4417 4127.17 4543.09 4730.22 4949.85 4669.57 4584.76 4673.59 4813.43 5104.79 5504.61 5860.63 6017.72 5981.39 5876.18 5813.99 5804.91 5797.59 5778.42 5753.07 5754.43 5754.36 
5719.71 5718.4 5739.46 5772.58 5830.41 5885.54 5944.14 5987.07 5982.32 5851.55 5647.21 5377.41 5077.76 4837.01 4714.09 4411.51 4038.84 3905.65 4122.56 4276.02 4641.64 4818.9 4596.58 4699.67 4884.57 5185.8 5520.01 5806.22 6109.08 5967.37 5855.75 5795.29 5798.95 5790.18 5786.02 5757.86 5743.41 5740.36 
5736.73 5745.14 5769.21 5792.2 5835.45 5878.49 5921.86 5926.9 5863.97 5764.18 5590.65 5354.66 5104.24 4938.79 4806.09 4336.18 3986.56 3912.22 3900.74 3913.23 4265.12 4659.68 4653.62 4770.89 4989.68 5265.12 5591.6 5917.27 6109.3 5852 5806 5786.83 5791.53 5796.63 5761.17 5742.72 5740.99 5737.56 
5742.47 5767.73 5781.04 5789.37 5814.4 5869.22 5898.68 5899 5843.36 5746.53 5601.19 5393.97 5146.4 4948.63 4719.99 4279.73 3930.96 3940.77 3822.28 3758.3 4130.74 4604.7 4747.68 4873.2 5020.7 5289.83 5675.84 6082.95 6016.32 5837.47 5791.76 5781.85 5780.8 5767.5 5743.61 5734.16 5746.68 5742.7 
5754.82 5756.21 5788.67 5821.26 5810.39 5816.42 5873.99 5889.21 5870.31 5782.77 5682.84 5531.05 5299.38 5101.94 4791.04 4290.86 3993.44 3933.99 3847.31 3808.7 4269.21 4697.18 4840.7 5025.63 5250.34 5457.25 5793.25 6129.01 5897.32 5788.06 5791.36 5804.64 5775.84 5760.81 5751.43 5742.33 5751.5 5749.27 
5759.04 5757.49 5768.52 5769.46 5785.29 5800.66 5836.93 5852.85 5859.95 5822.74 5794.07 5727.54 5434.19 5221.88 4885.32 4392.89 4248.34 4020.93 4084.63 4187.63 4554.73 4907.65 5089.98 5219.56 5410.6 5693.28 5958.36 6017.12 5843.53 5775.7 5780.19 5767.56 5766.1 5758.52 5752.44 5750.61 5761.02 5751.09 
5750 5750.3 5753.21 5748.81 5769.61 5786.05 5804.19 5791.27 5800.6 5845.74 5844.88 5720.99 5511 5356.58 5076.43 4763.77 4896.65 4535.98 4584.33 4732.95 5046.94 5131.56 5285.23 5443.36 5624.02 5873.76 6097.01 5986.1 5849.02 5772.89 5773.55 5774.09 5765.13 5752.33 5740.49 5730.25 5748.86 5744.2 
5732.46 5747.76 5751.99 5762.7 5768.7 5777.52 5792.29 5819.21 5836.03 5868.17 5912.95 5915.71 5606.19 5486.17 5323.52 5152.94 5156.88 5103.12 5064.93 5183.13 5230.1 5305.13 5486.09 5615.71 5771.23 5899.73 5968.48 5949.54 5813.04 5774.29 5769.13 5762.49 5749.5 5738.74 5733.55 5733.02 5737.3 5735.98 
5703.62 5731.81 5740.87 5743.81 5752.91 5766.67 5781.64 5793.83 5826.91 5868.02 5934.11 6031.7 5939.99 5786.21 5605.71 5445.58 5481.99 5308.62 5309.16 5335.08 5435.98 5454.72 5661.03 5849.41 5903.93 5906.41 5892.94 5800.59 5766.18 5750.47 5754.89 5747.39 5733.37 5731.42 5728.89 5737.11 5734.64 5732.89 
5721.06 5725.65 5726.12 5728.77 5737.72 5752.42 5769.14 5779.78 5805.78 5827.58 5839.75 5840.29 6013.63 6056.68 5860.24 5728.72 5643.26 5512.86 5489.81 5491.94 5595.2 5760.78 6069.04 6155.29 6000.75 5891.19 5800.26 5766.76 5769.28 5757.53 5754.71 5749.53 5737.77 5724.12 5724.89 5736.16 5733.14 5729.9 
5701.48 5713.76 5713.65 5712.68 5718.13 5740.42 5763.73 5796.18 5787.32 5785.69 5767.5 5762.85 5850.38 6016.36 5989.57 6074.16 5858.45 5749.56 5737.35 5826.24 5982.23 6235.54 6125.57 5994.29 5910.06 5828.02 5762.57 5754.99 5762.09 5771.8 5782.58 5775.86 5759.51 5739.04 5732.72 5721.71 5721.62 5719.45 
5711.47 5707.13 5706.62 5706.71 5712.56 5730.41 5749.06 5758.49 5769.26 5769.57 5764.21 5761.33 5778.02 5850.91 5938.3 5999.51 5989.76 5919.5 5963.2 6028.38 6068.16 6022.88 5927.33 5808.78 5809.55 5778.05 5741.32 5741.39 5758.8 5777.44 5805.5 5785.11 5768.7 5755.24 5729.03 5721.38 5709.85 5705.65 
5703.71 5703.58 5704.75 5706.73 5712.47 5724.9 5737.63 5750.55 5762.69 5767.9 5772.62 5778.32 5783.42 5800.01 5816.32 5801.65 5828.84 5862.95 5842.83 5836.04 5857.18 5839.92 5761.7 5710.36 5740.14 5743.62 5731.36 5742.89 5747.47 5757.12 5773.76 5768.32 5755.76 5743.59 5725.66 5729.76 5715.1 5709.8 
5703.4 5700.37 5703.4 5707.62 5712.07 5723.74 5735.36 5742.79 5752.41 5761.49 5771.21 5786.16 5766.74 5761.19 5756.09 5760.91 5768.33 5772 5742.99 5786.14 5767.62 5703.93 5688.35 5701.56 5710.67 5719.16 5725.72 5722.9 5728.42 5730.43 5723.5 5733.93 5725.66 5740.15 5756.13 5729.82 5727.56 5734.85 
5702.41 5697.87 5701.54 5709.74 5722.91 5728.29 5733.56 5740.31 5743.94 5751.25 5758.69 5758.94 5769.12 5749.07 5735.52 5744.95 5746.97 5757.4 5784.65 5770.86 5748.9 5707.22 5698.53 5689.09 5699.66 5706.14 5703.69 5713.8 5712.67 5713.64 5719.36 5727.6 5731.72 5731.44 5746.85 5721.06 5722.46 5741.46 
5681.79 5685.43 5696.24 5709.81 5728.9 5732.11 5724.3 5726.31 5732.6 5738 5742.39 5745.32 5753.09 5738.72 5725.04 5741.25 5725.55 5733.87 5737.37 5755.29 5738.78 5729.79 5717.58 5703.72 5698.37 5699.72 5688.81 5696.93 5697.44 5699.26 5708.26 5733.61 5756.75 5732.81 5679.67 5673.76 5693.97 5702.75 
5671.26 5672.05 5684.35 5701.25 5716.59 5725.08 5723.5 5722.25 5721.45 5723.03 5727.48 5733.66 5739.5 5728.28 5718.55 5724.03 5710.89 5713.42 5710.19 5702.85 5715.36 5713.65 5696.33 5691.08 5678.45 5689.77 5675.03 5680.46 5680.8 5688.77 5701.43 5731.07 5755.12 5724.08 5679.65 5669.9 5685.18 5685.67 
5672.79 5665.67 5674.08 5687.12 5705.77 5720.17 5724.56 5716.29 5712.2 5711.31 5710.4 5710.8 5714.79 5717.17 5724.94 5716.82 5697.36 5699.25 5697.07 5691.68 5697.78 5694.67 5685.57 5663.39 5654.34 5659.03 5637.57 5644.72 5659.71 5678.78 5702.08 5727.67 5719.14 5686.12 5652.48 5686.41 5686.79 5684.85 
5665.21 5657.46 5661.5 5666.87 5669.79 5668.66 5681.67 5693.58 5697.02 5698.87 5700.3 5701.74 5707.82 5706.57 5701.44 5644.39 5679.44 5691.85 5705.81 5706.1 5687.62 5681.79 5689.89 5654.24 5647.33 5654.72 5652.75 5632.89 5638.25 5659.79 5686.31 5708.91 5693.95 5669.63 5659.72 5674.93 5684.29 5691.11 
5665.93 5653.95 5651.99 5651.05 5647.46 5647.75 5655.81 5672.28 5685.11 5691.74 5695.98 5698.87 5701.52 5701.21 5702.5 5693.66 5684.37 5698.04 5691.12 5677.41 5665.38 5649.29 5636.15 5640.35 5664.63 5664.2 5664.32 5632.17 5620.79 5634.42 5655.67 5665.39 5651.44 5671.83 5662.11 5679.4 5682.85 5675.93 
