real_craters/C098-300m.grd
DSAA
218 218
-32.48 32.48
-32.48 32.48
3745.910511192 5518.196022398
[rows 120 to 149 of 218, columns 67 to 133 of 218]
5029.69 5032.33 5035.03 5051.4 5087.73 5135.04 5189.67 5247.85 5306.06 5361.3 5414.52 5460.36 5493.82 5505.21 5481.37 5354.23 5148.67 4986.22 4855.66 4749.86 4653.15 4563.51 4476.63 4391.99 4309.49 4229.95 4154.5 4085.76 4025.88 3980.19 3956.75 3954.06 3957.79 3953.73 3946.08 3935.64 3925.52 3917.46 3911.95 3902.48 3894.39 3887.46 3881.69 3877.4 3875.92 3877.34 3880.06 3879.27 3876.24 3876.12 3880.9 3888.8 3895.8 3907.08 3926.05 3954.77 3993.56 4038.15 4093.89 4162.21 4229.28 4300.87 4374.01 4443.68 4525.3 4631.94 4757.87
5012.9 5015.63 5014.86 5032.42 5072.61 5120.9 5175.89 5234.05 5292.61 5347.92 5403.37 5453.38 5494.31 5518.2 5512.88 5427.1 5213.05 5046.04 4913.29 4806.82 4710.55 4622.21 4534.54 4448.4 4365.08 4283.35 4205.28 4133.27 4068.78 4013.62 3978.21 3967.87 3962.7 3956.22 3949.49 3938.88 3927.88 3918.62 3911.75 3903.63 3896.9 3890.91 3885.93 3883.2 3882.59 3883.8 3888.4 3891.59 3893.06 3896.22 3903.34 3909.57 3917.11 3925.51 3942.52 3979.45 4015.69 4062.45 4131.26 4208.42 4294.02 4376.98 4462.64 4549.43 4635.54 4735.06 4839.81
5004.46 5002.76 4997.92 5015.85 5057.71 5105.12 5158.05 5215.29 5272.75 5327.93 5382.27 5434.5 5479.12 5510.37 5513.98 5447.84 5269.01 5104.45 4968.14 4868.5 4776.55 4687.3 4599.55 4512.07 4425.97 4342.62 4261.55 4186.56 4117.43 4058.19 4013.23 3995.23 3986.25 3978.86 3962.46 3949.3 3935.96 3922.44 3913.14 3908.24 3904.62 3900.13 3895.05 3891.68 3890.34 3891.22 3897.26 3905.05 3912.45 3920.85 3929.27 3933.7 3945.42 3950.73 3972.1 4020.51 4080.59 4149.94 4220.18 4287.82 4366.26 4457.87 4554.41 4653.58 4747.39 4841.74 4926.03
5001.67 4997.73 4995.68 5011.36 5045.11 5088.27 5138.18 5192.53 5247.17 5300.4 5353.58 5405.6 5452.04 5487.6 5501.83 5471.29 5328.31 5162.65 5024.38 4938.63 4851.59 4760.46 4671.51 4582.31 4494.55 4408.96 4323.95 4245.44 4173.64 4114.04 4072.01 4030.12 4009.16 3994.34 3982.5 3972.31 3955.6 3935.58 3923.66 3922.69 3922.28 3918.32 3911.35 3905.24 3903.1 3903.1 3907.55 3917.41 3942.12 3958.98 3965.46 3973.51 3987.31 3984.57 4007.79 4070.45 4148.62 4241.71 4286.61 4354.12 4436.2 4538.04 4647.02 4757.39 4858.96 4951.04 5016.71
4997.52 4992.33 4991.16 5003.81 5030.21 5069.56 5115.33 5168.71 5221.18 5271.93 5322.49 5372.02 5418.3 5453.94 5473.12 5457.91 5366.21 5230.44 5113.56 5022.63 4929.95 4838.16 4747.8 4657.37 4567.74 4475.54 4389.91 4308.97 4231.7 4162.05 4100.3 4067.96 4044.43 4018.45 4023.14 4019.06 3996.81 3962.61 3946.58 3953.56 3956.13 3950.82 3940.17 3926.41 3917.87 3927.5 3941.73 3953.92 3998.91 4022.75 4028.85 4037.54 4041.57 4034.18 4060.85 4124.01 4189.64 4242.98 4294.57 4387.82 4496.32 4615.91 4736.58 4857.79 4968.33 5057.49 5111
4990.01 4983.64 4978.86 4985.64 5011.57 5051.14 5094.21 5140.38 5193.18 5239.65 5287.55 5332.76 5374.65 5408.63 5430.23 5424.61 5362.93 5278.8 5198.17 5104.52 5007.71 4912.71 4821.03 4729.4 4639 4547.84 4463.61 4380.72 4299.67 4222.37 4146.67 4131.09 4124.46 4106.7 4113.8 4102.28 4072.54 4030 4007.82 4013.46 4012.85 4003.42 3986.8 3964.87 3945.19 3975.8 4018.91 4060.51 4095.12 4114.86 4127.43 4124.26 4108.31 4107.8 4136.41 4190.67 4245.01 4283.55 4317.67 4429.37 4558.65 4689.44 4819.39 4948.34 5072.86 5180.05 5206.65
4983.46 4974.79 4967.23 4968 4995.16 5032.87 5075.44 5117.15 5162.11 5204.09 5249.89 5289.4 5326.77 5355.61 5377.95 5400.3 5361.23 5296.37 5242.8 5166.44 5077.04 4983.99 4892.46 4801.56 4712.1 4623.82 4540.01 4460.43 4382.42 4311.4 4251.2 4235.65 4246.89 4262.03 4248.37 4216.28 4180.3 4145.88 4118.56 4103.96 4091.86 4076.62 4057.02 4034.07 4015.55 4055.29 4120.45 4194.54 4207.98 4213.2 4214.39 4196.96 4196.58 4200 4225.02 4274.18 4328.77 4367.4 4384.39 4502.45 4635.34 4764.81 4890.73 5012.47 5140.55 5265.35 5266.4
4978.05 4969.81 4962.76 4962.62 4986.19 5019.15 5057.47 5097.16 5136.7 5173.39 5207.65 5241.02 5271.47 5293.01 5303.99 5303.69 5291.9 5286.87 5265.86 5212.45 5135.61 5047.24 4959.12 4870.51 4783.32 4698.73 4617.74 4541.39 4473.02 4415.59 4372.01 4362.78 4375.12 4395.28 4380.45 4336.12 4297.25 4264.22 4232.65 4207.03 4186.45 4166.76 4147.97 4131.34 4127.11 4160.12 4218.81 4281.26 4301.87 4306.3 4299.82 4285.66 4284.59 4281.71 4312.38 4367.97 4432.8 4496.79 4512.25 4612.26 4730.14 4842.86 4949.47 5048.84 5150.91 5235.57 5239.45
4977.04 4968.69 4964.76 4966.08 4984.04 5009.19 5041.43 5074.17 5106.97 5140 5170.79 5199.28 5223.07 5237.75 5237.93 5219.26 5211.99 5273.42 5284.62 5252.2 5185.92 5103.49 5019.89 4935.02 4851.36 4768.58 4691.45 4620.56 4562.1 4517.07 4501.41 4489.01 4478.26 4491.87 4479.9 4440.15 4406.19 4373.11 4341.21 4312.31 4288.42 4268.69 4253.58 4244.09 4242.22 4270.35 4318.64 4351.83 4386.34 4407.37 4404.72 4386.69 4352.53 4343.37 4402.85 4468.12 4537.01 4603.1 4663.41 4749.19 4839.34 4923.05 5002.9 5069.41 5130.03 5161.16 5161.23
4979.42 4971.76 4969.16 4972.12 4985.2 5003.1 5027.57 5055.82 5083.84 5112.25 5135.1 5161.24 5182.05 5197.12 5201.84 5197.12 5201.51 5279.56 5303.89 5283.5 5227.12 5150.99 5068.26 4987.41 4908.03 4828.75 4756.47 4693.21 4636.8 4592.93 4562.22 4543.03 4543.07 4544.58 4537.86 4526.93 4508.36 4481.87 4446.56 4414.81 4390.16 4373.16 4364.26 4364.39 4373.12 4400.55 4440.23 4472.92 4511.55 4542.28 4540.16 4515.72 4465.23 4464.49 4517.65 4581.05 4645.53 4711.76 4827.23 4894.17 4951.2 5004.93 5051.55 5082.95 5108.94 5112.67 5104.33
4985.46 4976.38 4972.71 4974.89 4983.62 4996.59 5017.47 5039.98 5062.32 5086.26 5108.6 5132.66 5153.97 5171.59 5190.02 5215.54 5254.93 5297.49 5324.14 5317.58 5257.07 5185.01 5107.76 5033.26 4959.13 4888.18 4819.02 4756.73 4701.92 4652.5 4611.32 4587.76 4596.25 4611.81 4617.1 4611.72 4597.96 4580.52 4540.42 4509.8 4488.21 4476.08 4473.38 4482.68 4509.28 4549.31 4568.19 4608.82 4654.3 4682.9 4686 4644.88 4607.85 4616.01 4654.99 4708.57 4763.86 4832.13 4982.3 5033.82 5059.09 5078.97 5095.14 5100.02 5101.24 5087.26 5067.23
4987.96 4978.99 4974.39 4971.62 4977.26 4992.69 5010.72 5028.01 5047.35 5068.41 5085.8 5106.89 5129.89 5155.1 5183.72 5223.2 5270.44 5291.58 5315.89 5313.05 5262.11 5201.58 5133.3 5068.74 5002.08 4937.72 4874.94 4819.11 4767 4714.83 4664.45 4626.68 4653.3 4691.84 4722.33 4685.39 4654.4 4634.2 4610.99 4589.61 4575.79 4566.37 4569.45 4581.57 4610.2 4644.15 4665.08 4697.15 4733.25 4771.32 4771.57 4763.14 4757.31 4768.29 4799.04 4844.73 4896.66 4964.98 5127.71 5151.19 5145.57 5139.42 5127.34 5117.18 5103.76 5083.53 5060.33
4987.5 4979.12 4975.61 4975.53 4980.69 4990.25 5003.43 5016.45 5030.4 5048.22 5066.95 5089.92 5112.71 5134 5167 5209.48 5248.1 5252.43 5273.91 5267.64 5251.33 5208.13 5149.86 5091.53 5032.14 4975.6 4921.27 4875.65 4828.18 4784.06 4739.72 4701.07 4722.41 4745.13 4755.6 4723.14 4701.73 4682.04 4672.8 4660.69 4651.37 4647.43 4650.63 4663.8 4683.33 4710.73 4729.74 4758.46 4794.69 4824.59 4840.85 4851.64 4876.77 4886.59 4930.96 4982.17 5039.71 5107.15 5229.08 5231.79 5207.1 5177.92 5153.15 5130.89 5109.96 5090.75 5075.36
4986.7 4978.6 4975.97 4977.54 4982.04 4987.17 4994.08 5006.19 5019.38 5035.29 5048.34 5066.64 5088.72 5112 5143.33 5180.27 5220.28 5244.49 5271.14 5273.05 5252.07 5207.93 5155.11 5101.2 5049.45 5003.7 4960.5 4923.5 4890.73 4863.86 4840.23 4818.47 4820.3 4803.77 4755.49 4752.4 4751.16 4747.62 4739.19 4733.88 4729.07 4725.09 4725.3 4730.57 4740.13 4753.03 4776.4 4803.44 4822.3 4821.32 4858.43 4912.58 4937.17 4997.39 5056.96 5104.58 5167.82 5249.01 5285.76 5273.76 5237.32 5199.57 5166.17 5137.7 5111.72 5090.2 5079.93
4983.93 4975.87 4972.67 4973.62 4981.64 4978.66 4983.34 4991.76 5002.9 5018.42 5029.85 5050.57 5070.29 5089.18 5113.98 5141.45 5175.28 5242.58 5278.84 5290.25 5254.99 5201.47 5150.07 5100.92 5058.43 5021.24 4990.6 4966.74 4949.32 4942.19 4946.6 4959.69 4947.68 4908.95 4859.26 4837.61 4807.98 4804.19 4810.53 4807.62 4803.82 4797.18 4797.26 4798.12 4799.47 4792.57 4827.28 4864.08 4876.81 4906.49 4940.37 5005.89 5059.9 5154.47 5168.05 5183.12 5223.99 5276.34 5300.14 5279.78 5238.48 5196.57 5161.22 5132.63 5104.27 5078.2 5048.5
4976.82 4970.07 4965.78 4961.92 4955.71 4963.95 4972.77 4980.91 4991.41 5003.75 5016.33 5033.89 5049.64 5069.56 5085.9 5101.89 5121.3 5181.54 5236.77 5254.34 5221.71 5172.52 5129.5 5092.23 5060.17 5034.39 5015 5003.11 4999.54 5008.18 5029.8 5061.78 5058.37 5029.84 5010.31 4987.59 4942.69 4913.05 4895.98 4882.35 4871.54 4864.52 4865.39 4867.74 4873.9 4880.95 4914.68 4961.17 5005.5 5043.2 5066.66 5123.32 5194.49 5240.11 5213.29 5205.45 5219.35 5241.89 5261.51 5244.78 5210.18 5176.37 5143.42 5117.32 5092.23 5067.5 5043.5
4968.9 4963.99 4959.22 4954.13 4950.27 4954.78 4964.51 4973.64 4983.4 4992.22 5002.82 5017.44 5028.28 5042.25 5052.78 5062.24 5074.75 5107.51 5150.7 5162.01 5147.32 5119.76 5093.68 5071.82 5053.33 5036.55 5028.59 5030.87 5034.49 5051.17 5078.87 5105.34 5115.88 5115.2 5128.27 5117.02 5078.73 5020.94 4976.25 4948.95 4930.78 4926.1 4925.44 4935.82 4953.22 4977.59 5012.69 5054.96 5134.7 5178.83 5143.79 5167.76 5199.5 5162.89 5171.76 5185.38 5187.86 5194 5193.14 5179.45 5164.48 5141.07 5119.7 5098.33 5076.86 5057.71 5038.24
4961.53 4959.06 4955.56 4951.19 4948.27 4950.55 4958.72 4968.26 4978.27 4985.71 4994.91 5002.53 5008.13 5014.54 5019.99 5025.52 5034.84 5040.41 5051.97 5055.72 5054.36 5050.9 5044.11 5041.32 5035.35 5032.44 5033.45 5040.41 5052.28 5072.47 5101.37 5131.95 5151.35 5147.19 5140.72 5126.9 5114.05 5074.08 5030.81 4999.42 4980.09 4972.8 4975.42 4985.83 5009.94 5057.2 5094.37 5083.5 5107.56 5119.73 5108.71 5110 5103.23 5074.59 5123.81 5161.95 5175.54 5169.63 5158.6 5144.38 5118.05 5102.94 5090.58 5074.55 5058.26 5044.65 5035.71
4955.11 4957.26 4955.95 4951.22 4948.38 4948.5 4954.83 4962.84 4971.62 4979.74 4987.01 4991.82 4992.86 4995.1 4991.42 4992.76 4997.28 5008.24 4960.46 4960.52 4969.68 4983.5 4993.02 5004.26 5008.76 5018.92 5027.08 5039.97 5054.52 5073.39 5097.71 5126.2 5150.36 5139.09 5132.96 5120.8 5116.12 5094.2 5060.46 5033.89 5014.97 5009.27 5007.54 5018.09 5034.42 5048.24 5038.5 5057.53 5039.8 5020.07 5038.73 5031.54 5045.82 5078.91 5116.82 5149.05 5182.12 5155.84 5109.11 5070.65 5067.76 5067.76 5062.35 5052.83 5039.45 5024.6 5011.75
4958.21 4960.6 4958.8 4953.82 4948.95 4946.91 4952.03 4958.64 4966.24 4973.61 4979.78 4981.46 4980.57 4978.67 4970.08 4959.99 4944.44 4919.79 4881.7 4885.41 4901.14 4925.1 4946.52 4968.8 4985.24 5000.21 5014.37 5031.58 5046.28 5058.66 5076.2 5083.71 5081.6 5103.08 5127.54 5155.92 5141.08 5101.23 5067.84 5045.12 5032.74 5026.54 5029.44 5038.62 5049.92 5055.66 5059.55 5063.62 5040.95 5035.15 5025.03 4997.57 5010.38 5033.57 5092.32 5123.17 5136.24 5116.33 5067.43 5016.74 5033.17 5043.31 5042.17 5033.63 5019.15 4999.06 4971.92
4964.95 4967.29 4963.79 4957.24 4949.11 4945.44 4948.37 4954.87 4962.66 4967.74 4973.07 4975.18 4976.1 4971.38 4957.87 4937.29 4903.85 4858.02 4829.65 4834.38 4852.01 4881.86 4910.08 4938.66 4958.09 4982.14 4993.99 5010.5 5025.76 5038.9 5052.52 5050.67 5035.96 5068.63 5091.88 5104.28 5107.64 5086.63 5066.25 5052.79 5046.8 5042.07 5039.42 5050.58 5064.12 5082.11 5094.09 5119.18 5120.47 5091.37 5073.91 5054.96 5055.64 5058.52 5092.45 5111.88 5094.18 5088.42 5060.77 5024.52 5035.28 5040.69 5035.01 5022.8 5005.93 4982.39 4952.14
4969.03 4973.66 4968.72 4959.6 4950.68 4945.92 4947.62 4953.87 4958.78 4966.72 4972.5 4975.01 4977.54 4972.49 4958.27 4934.04 4893.59 4839.07 4808.2 4813.75 4831.91 4859.63 4890.71 4920.15 4948.35 4969.94 4987.58 5003.37 5015.68 5026.31 5036 5044.14 5050.34 5061.46 5061.47 5029.49 5038.56 5053.06 5051.27 5048.1 5047.14 5047.11 5051.27 5058.65 5079.2 5110.6 5153.72 5181.47 5201.45 5151.23 5142.98 5137.02 5140.28 5162.62 5164.04 5148.12 5121.01 5100.02 5084.01 5073.76 5066.33 5054.64 5039.68 5021.99 5002 4978.65 4953.16
4970.97 4977.68 4970.88 4961.6 4952.34 4946.95 4948.76 4955.37 4959.52 4968.47 4974.62 4978.86 4984.72 4982.77 4971.13 4952.95 4920.22 4874.56 4832.62 4825.87 4830.94 4854.91 4888.45 4919.36 4945.19 4965.1 4980.8 4992.65 5003.03 5013.06 5023.93 5041.43 5062.19 5070.18 5059.5 5051.96 5031.9 5029.57 5031.26 5032.57 5035.26 5038.74 5043 5056.25 5074.83 5108.29 5158.68 5169.52 5189.65 5216.1 5177.76 5164.71 5177.17 5224.96 5216.13 5174.29 5145.17 5111.05 5105.09 5115.15 5101.15 5071.24 5045.5 5023.52 5002.81 4981.69 4962.26
4961.29 4971.53 4967.69 4960.21 4953.21 4949.48 4951.43 4956.64 4961.3 4967 4977.12 4983.13 4991.58 4993.92 4992.81 4988.01 4975.49 4956.37 4916.79 4881.55 4861.35 4875.58 4906.58 4931.24 4950.45 4964.6 4975.39 4981.55 4988.56 4995.95 5003.75 5019.67 5050.71 5052.69 5040.85 5038.75 5013.59 5008.6 5011.3 5014.65 5016.9 5021.31 5025.95 5034.92 5048.81 5060.45 5057.34 5052.85 5056.52 5095.29 5105.31 5111.37 5131.8 5159.61 5146.23 5100.84 5077.05 5083.35 5096.82 5122.72 5110.68 5072.84 5045.7 5023.9 5005.24 4988.63 4972.38
4945.43 4956.23 4959.18 4955.86 4952.38 4952.22 4952.85 4956.1 4960.73 4967.16 4980.14 4989.88 4999.98 5008.21 5013.11 5025.15 5037.25 5052.61 5042.51 4977.82 4934.49 4930.43 4948.23 4961.69 4969.92 4975.91 4980.42 4979.12 4987.18 4983.98 4983.42 4981.15 4960.4 4956.23 5000 5010.06 4985.05 4986.12 4988.25 4989.44 4991.97 4996.71 5004.67 5009.62 5015.44 5012.06 4992.61 4974.9 4971.8 4996.7 5009.27 5027.25 5047.41 5042.45 5013.15 5009.3 5013.07 5039.38 5059.83 5073.08 5067.68 5051.09 5034.73 5021.03 5008.38 4997.15 4985.26
4937.5 4946.43 4950.3 4948.76 4947.14 4946.92 4948.86 4952.83 4958.56 4965.88 4979.4 4991.88 5003.17 5020.68 5035.56 5059.66 5087.57 5121.63 5135.71 5069.34 5028.02 5009.07 5004.79 4998.3 4993.31 4988.29 4984.79 4983.61 4980.81 4977.94 4972.03 4959.39 4933.3 4925.57 4990.44 5012.02 4982.74 4973.56 4971.24 4972.1 4975.59 4982.85 4986.39 4990.44 4988.43 4984.82 4980.35 4977.09 4972.44 4964.33 4961.42 4974.94 4984.11 4971.01 4951.68 4968.92 4987.88 5007.56 5019.86 5019.66 5012.43 5020.21 5019.49 5015.15 5009.78 5005.27 5001.02
4940.62 4944.61 4942.97 4940.34 4940.02 4939.61 4942.27 4945.91 4952 4961.5 4976.54 4991.06 5007.56 5030.38 5055.08 5083.52 5118.41 5153.12 5170.5 5147.45 5122.99 5098.93 5065.25 5034.43 5010.72 4995.4 4984.4 4977.62 4972.99 4968.99 4964.44 4961.53 4966.19 4995.66 5009.66 5015.43 4983.9 4963.29 4954.2 4952.58 4962.49 4965.28 4971.23 4976.47 4974.25 4972.53 4970.64 4968.53 4966.25 4959.71 4959.67 4957.77 4955.02 4948.27 4947.93 4972.99 4982.65 4990.52 4995.19 4993.2 4991.49 4999.16 5004.88 5006.82 5007.4 5009.68 5013.61
4944.11 4939.12 4935.08 4930.85 4929.34 4928.96 4932.02 4938.77 4946.11 4958.73 4974.72 4990.92 5007.78 5033.12 5058.84 5090.27 5124.52 5161.58 5196.8 5199.03 5184.27 5167.94 5103.91 5052.71 5018.87 4997.5 4983.63 4972.58 4966.95 4964.11 4961.67 4965.36 4977.96 4998.52 5013.22 5005.42 4966.51 4944.02 4940.2 4941.94 4946.94 4952.58 4958.66 4959.17 4961.74 4962.23 4954.43 4938.58 4945.12 4955.85 4968.32 4955.3 4946.79 4943.77 4950.57 4973.91 4979.06 4981.58 4983.74 4983.34 4977.27 4990.68 4995.72 4998.58 5002.14 5006.86 5014.8
4942.52 4936.89 4926.61 4920.38 4917.08 4916.26 4917.9 4929.67 4943.14 4958.08 4972.53 4989.49 5007.3 5029.97 5052.77 5081.75 5108.59 5137.21 5173.64 5173.18 5162.09 5151.73 5090.18 5041.81 5009.44 4987.87 4974.49 4966.26 4961.04 4958.99 4959.06 4963.55 4972.4 4981.09 4997.79 4982.09 4934.07 4920.14 4923.33 4929.85 4937.4 4939.74 4945.09 4947.66 4945.45 4949.32 4947.94 4948.5 4940.88 4941.35 4944.24 4945.28 4942.51 4941.23 4945.05 4960.16 4968.83 4974.11 4977.78 4983.47 4996.78 4990.74 4989.2 4990.22 4992.73 4995.87 5000.04
4937.35 4924.9 4913.81 4909.49 4907.6 4907.09 4908.42 4922.79 4940.62 4957.38 4969.94 4986.25 5003.89 5020.61 5038.48 5061.32 5076.1 5084.12 5078.9 5068.98 5069.73 5052.92 5027.9 5004.88 4985.79 4971.1 4961.23 4955.08 4951.04 4949.93 4952.55 4955.97 4962.58 4971.56 4981.58 4958.22 4911.59 4900.92 4907.7 4912.13 4918.76 4923.87 4929.59 4933 4935.67 4938.1 4938.62 4924.86 4915.26 4930.3 4934.08 4935.81 4938.65 4940.99 4943.75 4950.76 4959.47 4966.35 4970.63 4975.28 4982.68 4979.19 4977.28 4977.81 4979.15 4979.56 4977.37
