real_craters/C099-500m.grd
DSAA
133 133
-32.9175 32.9175
-32.9175 32.9175
8234.1396097092 9634.089339426
[rows 0 to 29 of 133, columns 0 to 66 of 133]
9399.34 9404.11 9373.17 9361.65 9373.62 9372.97 9371.4 9370.03 9368.15 9358.34 9347.69 9340.53 9337.17 9338.65 9343.51 9353.27 9359.81 9366.12 9370.6 9375.91 9380.27 9383.38 9383.99 9382.68 9382.08 9380.59 9378.7 9376.25 9372.93 9373.44 9370.68 9369.37 9371.33 9374.41 9376.55 9377.87 9379.47 9381.08 9382.31 9383.62 9385.37 9387.04 9388.43 9387.94 9384.21 9386.27 9384.88 9379.59 9376.55 9374.58 9373.18 9372.5 9372.14 9372.38 9371.87 9373.01 9377.26 9377.01 9378.35 9386.27 9399.21 9412.72 9423.56 9434.88 9449.45 9467.42 9476.37
9401.28 9412.46 9384.84 9365.69 9368.98 9372.68 9371.54 9368.75 9367.03 9352.39 9338.83 9334.14 9331.86 9332.4 9338.51 9345.14 9352.38 9362.87 9369.13 9374.93 9378.99 9382.16 9384.17 9383.7 9380.4 9377.98 9375.31 9372.12 9369.01 9369.62 9370.14 9371.6 9376.34 9376.7 9376.12 9376.32 9377.57 9378.11 9379.05 9380.79 9382.2 9383.48 9384.92 9386.05 9384.9 9381.44 9377.99 9373.99 9370.6 9368.57 9366.89 9365.97 9365.53 9365 9366.55 9368.58 9370.17 9369.88 9369.55 9375.32 9386.31 9397.42 9407.15 9419.76 9435.97 9453.12 9466.82
9391.21 9406.98 9399.49 9387.51 9379.55 9378.55 9371.43 9363.17 9353.45 9347.12 9339.03 9333.64 9329.09 9331.08 9336.44 9343.58 9350.65 9358.54 9364.57 9370.45 9376.27 9380.54 9383.69 9381.66 9378.35 9375.55 9372.57 9369.46 9366.94 9365.58 9366.59 9371.2 9378.91 9375.68 9374.97 9375.15 9375.53 9376.14 9376.73 9376.91 9377.53 9377.99 9378.78 9380.77 9382.23 9374.05 9369.54 9366.16 9364.02 9362.37 9361.02 9360.38 9360.3 9361.13 9365.52 9367.79 9367.08 9365.49 9364.45 9368.4 9376.7 9386.83 9397.1 9406.24 9419.13 9438.19 9452.97
9373.94 9385.96 9399.78 9400.96 9401.67 9383.87 9369.85 9358.71 9350.38 9348.13 9342.96 9336.92 9334.27 9332.74 9337.03 9343.51 9350.1 9357.01 9363.86 9370.33 9376.12 9379.72 9381.61 9378.48 9376.57 9374.02 9370.68 9367.27 9364.75 9362.82 9364.23 9367.69 9367.67 9369.26 9371.03 9371.73 9372.43 9372.95 9372.97 9372.69 9372.32 9371.68 9370.45 9367.6 9359.37 9357.95 9357.72 9357.1 9356.17 9355.27 9354.71 9354.48 9354.66 9356.39 9360.69 9363.26 9362.45 9360.98 9360.13 9362.67 9369.73 9378.34 9388.48 9398.53 9408.69 9418.48 9433.97
9362.56 9372.04 9386.82 9389.06 9385.06 9376.85 9365.13 9354.19 9347.17 9346.29 9343.02 9337.86 9334.31 9333.42 9337.56 9343.59 9350.42 9358.08 9364.87 9371.98 9376.88 9380.09 9379.03 9378.17 9377 9373.72 9369.78 9365.91 9362.13 9360.49 9362.5 9365.08 9363.84 9366.05 9368.65 9369.63 9369.84 9369.43 9368.93 9368.08 9366.32 9364.86 9362.71 9359.32 9355.44 9348.86 9347.68 9348.43 9348.73 9348.17 9347.98 9348.21 9348.42 9350.26 9356.68 9358.25 9358.69 9358.39 9358.54 9359.76 9365.95 9371.81 9376.7 9391.75 9401.16 9405.28 9416.21
9360.74 9368.22 9376.56 9373.98 9374.97 9368.04 9359.31 9350.22 9344.3 9342.9 9342.33 9338.92 9334.22 9335.21 9338.57 9345.78 9353.43 9360.43 9367.31 9373.67 9378.37 9382.09 9383.78 9383.12 9378.98 9374.06 9369.88 9366.03 9362.51 9360.42 9362.58 9365.23 9365.9 9366.87 9367.57 9367.75 9367.63 9367.56 9366.38 9365.34 9363.24 9360.72 9357.22 9353.08 9348.19 9338.79 9340.3 9341.18 9341.64 9341.95 9342.57 9340.63 9340.42 9339.54 9339.98 9352.2 9358.85 9361.51 9366.29 9363.34 9369.63 9370.84 9368.76 9373.6 9395.43 9400.13 9403.46
9362.96 9371.51 9379.79 9374.98 9368.62 9361.32 9355.8 9349.24 9344.55 9346.16 9343.98 9342.36 9336.69 9333.24 9340.61 9349.31 9356.13 9362.82 9369.33 9375.3 9380.31 9384.16 9386.59 9382.97 9378.96 9374.12 9370.67 9367.77 9365.49 9365.99 9365.02 9364.8 9366.74 9368.96 9367.49 9367.01 9366.12 9365.32 9364.09 9362.05 9358.83 9354.83 9351.32 9346.87 9340.68 9338.02 9336.06 9336.06 9336.21 9336.88 9336.65 9335.81 9332.66 9333.89 9337.06 9353.73 9371.62 9383.34 9395.31 9396.95 9389.8 9377.22 9366.05 9365 9387.82 9400.83 9399.57
9372.07 9378.61 9385.48 9392.46 9380.29 9365.14 9355.03 9349.28 9345.03 9341.35 9345.73 9347.52 9341.39 9336.88 9345.9 9353.51 9359.9 9366.15 9372.11 9377.4 9381.96 9384.97 9383.92 9381.11 9376.52 9372.45 9371.06 9370.46 9369.85 9370.49 9368.12 9364.76 9364.61 9365.44 9365.77 9366.22 9366.31 9365.13 9363.97 9362.78 9360.32 9356.48 9351.8 9345.58 9339.3 9333.72 9333.34 9333.5 9333.07 9334.77 9333.76 9332.46 9325.72 9330.11 9338.33 9354.25 9386.34 9423.8 9425.51 9427.54 9408.2 9384.11 9365.73 9356.46 9380.77 9398.67 9394.48
9378.24 9382.61 9385.04 9384.45 9373.53 9357.14 9352.76 9350.18 9346.94 9346.61 9348.6 9352.24 9350.01 9357.92 9359.64 9361.29 9365.12 9369.9 9374.72 9379.38 9383.8 9386.89 9384.13 9374.2 9367.02 9370.06 9372.16 9373.39 9374.78 9376.08 9372.17 9366.02 9362.76 9361.61 9364.98 9365.18 9364.47 9363.36 9363.07 9361.21 9357.61 9354.37 9349.71 9344.02 9338.04 9331.92 9332.29 9332.77 9333.18 9331.95 9330.9 9328.57 9321.97 9322.89 9326.34 9349.58 9382.75 9414.56 9421.23 9419.09 9405.92 9386.38 9367.83 9363.81 9385.02 9403.05 9391.49
9376.7 9382.08 9383.49 9377 9363.67 9354.91 9351.21 9347.71 9347.03 9347.61 9349.64 9355.01 9360.03 9365.67 9365.57 9366.32 9369.64 9373.49 9376.93 9380.35 9383.96 9387.57 9384.41 9374.63 9369.99 9370.87 9373.27 9375.66 9378.06 9383.83 9375.49 9368.34 9365.6 9365.91 9366.08 9364.86 9364.07 9362.44 9360.77 9359.15 9356.84 9355.77 9351.82 9348.31 9339.21 9333.83 9336.01 9338.3 9336.71 9334.47 9330.53 9327.7 9324.02 9321.56 9327.19 9345.34 9368.71 9383.94 9394.18 9397.47 9392.86 9385.37 9377.84 9372.99 9385.69 9407.93 9390.59
9374.99 9380.53 9380.05 9370.14 9357.82 9352.2 9351.02 9354.27 9346.35 9345.97 9349.15 9348.9 9354.9 9358.12 9362.21 9369.79 9373.69 9376.24 9378.23 9379.86 9381.48 9382.13 9380.27 9376.16 9371.87 9373.31 9374.48 9377.16 9378.58 9375.98 9373.93 9368.27 9365.45 9368.42 9367.64 9365.26 9363.21 9360.89 9358.7 9356.5 9355.34 9356 9356.47 9358.07 9357.45 9353.74 9350.36 9346.26 9340.82 9335.99 9331.91 9328.21 9324.24 9323.42 9329.1 9343.6 9359.28 9367.6 9372.7 9374.69 9375.93 9381.41 9387.37 9380.63 9383.12 9397.61 9388.25
9380 9379.3 9379.26 9366.52 9352.75 9349.59 9349.81 9348.84 9349.39 9350.41 9353.65 9352.91 9358.7 9363.77 9369.06 9377.03 9379.63 9379.45 9379.27 9378.45 9377.83 9378.38 9376.23 9374.46 9376.47 9373.5 9374.24 9378.04 9382.05 9380.81 9374.58 9369.36 9365.93 9366.77 9367.03 9365.99 9363.31 9360.01 9357.25 9355.08 9354.2 9355.6 9359.24 9365.87 9374.08 9386.52 9371.07 9354.05 9343.14 9336.42 9332.57 9329.96 9327.55 9324.33 9334.3 9355.02 9358.19 9355.81 9354.55 9357.68 9362.76 9369.49 9386.06 9382.43 9385.82 9395.29 9390.93
9376.14 9375.23 9367.9 9358.04 9348.42 9348.49 9349.14 9349.76 9347.64 9353.28 9361.24 9362.95 9367.14 9377.61 9388.51 9387.82 9386.59 9383.96 9379.82 9375.81 9372.26 9369.24 9369.6 9368.59 9367.8 9369.35 9372.84 9377.19 9383.17 9377.63 9375.73 9374.18 9367.88 9369.26 9369.4 9367.94 9363.6 9358.94 9355.2 9352.42 9350.82 9351.38 9355.32 9364.18 9377.2 9377 9366.58 9349.96 9340.42 9334.88 9332.89 9333.1 9334.3 9334.83 9348.99 9368.56 9358.47 9346.96 9340.25 9342.95 9345.99 9349.05 9343.62 9365.41 9378.81 9388.98 9397.21
9377.1 9372.58 9366.23 9358.18 9349.77 9349.7 9349.49 9348.33 9353.28 9354.99 9360.82 9363.54 9368.83 9384.35 9397.42 9394.87 9389.86 9384.21 9378.85 9373.97 9367.84 9363.07 9364.45 9364.35 9363.47 9367.31 9372.97 9377.06 9377.99 9380.87 9385.18 9388.88 9385.51 9382.81 9377.9 9371.35 9363.81 9357.22 9351.78 9348.21 9345.52 9343.89 9344.15 9347.86 9353.18 9343.7 9337.13 9332.64 9330.09 9329.46 9330.21 9334.92 9343.05 9355.48 9362.81 9363.17 9353.07 9341.05 9333.35 9333 9335.41 9338.86 9350.38 9354.82 9369.25 9377.91 9396.28
9379.44 9370.29 9357.38 9347.23 9350.83 9355.11 9353.68 9348.22 9347.14 9353.81 9359.93 9361.59 9367.76 9383.38 9395.4 9395.97 9390.71 9384.25 9377.84 9371.94 9367.16 9364.7 9364.67 9365.68 9366.21 9371.51 9378.75 9383.5 9390.83 9404.85 9415.7 9411.68 9406.81 9399.21 9388.86 9372.12 9361.15 9352.98 9347.21 9343.61 9339.11 9334.36 9329.38 9322.98 9313.83 9312.57 9309.32 9314.44 9318.38 9320.8 9325.65 9332.51 9343.2 9358.74 9360.72 9352.17 9342.8 9333.78 9326.86 9325.37 9324.15 9325.45 9330.83 9341.21 9352.06 9365.77 9388.89
9381.39 9369.47 9354.53 9344.3 9345.09 9348.57 9349.25 9346.48 9346.43 9352.12 9359.83 9358.59 9366.02 9380.7 9392.93 9394.89 9390.15 9383.29 9376.06 9369.28 9365.14 9364.98 9367.2 9371.19 9377.32 9384.38 9391.08 9396.1 9404.73 9432.86 9443.97 9426.42 9408.11 9392.34 9379.77 9363.41 9354.31 9347.31 9341.07 9335.71 9329.94 9323.86 9316.14 9306.88 9299.9 9299.66 9295.05 9299.74 9305.36 9310.78 9316.59 9323.98 9332.37 9339.1 9339.83 9335.64 9328.13 9323.83 9321 9317.43 9314.67 9313.37 9316.53 9327.54 9338.87 9355.75 9377.37
9383.68 9369.88 9355.41 9344 9342.25 9343.31 9343.52 9343.84 9344.46 9350.77 9356.36 9357.86 9365.45 9378.55 9390.24 9392.62 9388.24 9381.14 9373.07 9365.84 9361.16 9362.74 9369.78 9377.94 9387.8 9397.48 9408.32 9417.49 9427.08 9447.31 9453.66 9422.03 9387.26 9362.78 9349.6 9347.7 9343.83 9338.89 9333.59 9328.42 9322.69 9316.17 9308.32 9298.85 9294.16 9296.43 9292.59 9290.92 9295.56 9300.45 9305.62 9310.63 9316.14 9321.16 9318.14 9310.78 9309.41 9310.61 9311.64 9308.09 9303.91 9304.39 9309.83 9318.15 9329.69 9345.13 9361.58
9381.71 9369.3 9355.32 9343.9 9342.94 9345.36 9348.65 9346.09 9345.48 9349.35 9355.86 9355.62 9364.68 9376.61 9385.78 9389.19 9385.66 9377.15 9367.77 9361.38 9361.13 9364.33 9372.99 9385.06 9397.1 9408.46 9426.31 9440.35 9447 9443.06 9431.57 9404.58 9372.6 9349.53 9339.35 9337.12 9335.01 9330.92 9325.92 9320.86 9315.13 9309.77 9303.82 9298.09 9295.03 9296.8 9292.48 9285.65 9286.61 9290.47 9294.36 9297.33 9298.83 9299.24 9298.14 9294.85 9294.89 9297.71 9298.24 9297.36 9295.28 9295 9300.35 9309.75 9321.95 9337.11 9350.51
9379.36 9368.13 9354.86 9344.36 9341.25 9343.32 9347.02 9346.71 9346.02 9346.4 9349.82 9352.8 9363 9375.79 9387.57 9391.68 9383.95 9372.97 9361.69 9352.04 9355.41 9360.34 9374 9392.75 9412.01 9429.12 9443.71 9451.57 9446.55 9429.59 9409.71 9385.07 9361.52 9344.93 9338.79 9332.71 9327.93 9323.52 9318.82 9314.22 9308.67 9304.36 9301.38 9303.19 9298.17 9294.04 9288.81 9279.52 9279.17 9281.02 9283.21 9285.02 9284.26 9279.91 9283.51 9284.14 9285.7 9287.98 9290.22 9290.59 9289.24 9287.53 9292.9 9301.57 9312.27 9325.84 9343.05
9379.46 9366.99 9353.27 9341.29 9338.32 9342.43 9341.7 9344.23 9343.62 9342.57 9345.39 9349.54 9361.31 9374.83 9388.14 9393.19 9382.04 9369.72 9357.25 9343.31 9317.67 9345.79 9373 9398.11 9425.48 9453.13 9451.63 9448.16 9433.57 9410.41 9384.62 9366.56 9352.24 9339.94 9333.06 9327.5 9322.75 9318.15 9313.45 9308.42 9303.78 9298.93 9294.97 9292.21 9290.09 9285.87 9278.14 9271.98 9271.97 9273.08 9275.23 9275.95 9275.66 9275.28 9275.62 9276.59 9277.61 9280.68 9282.28 9283.57 9285.9 9291.48 9289.68 9294.02 9299.52 9306.75 9321.74
9378.78 9365.03 9350.95 9339.47 9335.5 9336.05 9339.95 9339.54 9339.49 9338.62 9341.57 9347.9 9360.15 9371.78 9382.03 9385.16 9376.95 9366.45 9356.01 9349.24 9358.46 9356.66 9374.41 9397.87 9423.36 9443.97 9438.62 9421 9409.27 9391.45 9369.11 9355.24 9345.99 9338.74 9328.79 9322.4 9318.13 9314.27 9309.66 9304.46 9299.05 9293.61 9287.73 9282.29 9280.2 9278.47 9274.71 9267.6 9267.26 9268.21 9268.86 9269.35 9269.86 9270.83 9270.78 9272.2 9274.32 9275.9 9276.65 9276.93 9278.91 9280.75 9284.64 9288.07 9291.35 9297.18 9305.45
9374.5 9360.58 9347.39 9336 9330.99 9333.54 9333.34 9338.77 9339.32 9339.26 9344.23 9351.08 9359.91 9368.56 9374.52 9375.28 9370.99 9362.86 9354.14 9348.69 9348.14 9358.38 9373.53 9392.57 9411.14 9422.94 9416.73 9399.04 9390.61 9378.5 9363.19 9351.32 9342.92 9334.14 9327.05 9320.99 9315.58 9310.84 9306.19 9301.05 9295.14 9289.27 9283.13 9277.45 9275.11 9272.98 9269.43 9264.87 9264.45 9264.28 9264.28 9264.21 9264.53 9265.39 9266.4 9268.95 9274.02 9272.11 9273.09 9275.87 9273.96 9276.26 9281.12 9283.94 9286.55 9289.79 9296.06
9365.8 9353.88 9342.55 9334.08 9330.3 9330.92 9334.37 9340.19 9342.41 9343.5 9349.57 9354.41 9359.38 9365.86 9370.37 9372.82 9367.76 9360.31 9351.97 9344.93 9344.53 9355.31 9369.37 9384.31 9397.33 9403.62 9398.9 9387.91 9380.56 9372.33 9362.38 9353.09 9343.85 9335.43 9326.42 9318.33 9313.85 9308.72 9303.83 9298.27 9292.36 9286.85 9280.95 9275.54 9272.23 9269.64 9266.35 9265.17 9262.94 9261.84 9261.07 9260.12 9258.84 9259.44 9261.5 9263.98 9265.35 9266.57 9267.07 9267.46 9269.12 9276.3 9278.73 9281 9283.6 9288.45 9295.89
9353.37 9344.51 9336.76 9331.06 9328.12 9329.58 9332.99 9339.65 9346.16 9352.47 9351.9 9354.37 9358.71 9363.89 9367.71 9368.63 9366.12 9359.65 9350.85 9342.73 9342.48 9352.68 9365.33 9377.08 9386.68 9390.86 9387.76 9381.44 9376.25 9370.86 9364.19 9356.23 9347.43 9336.98 9327.4 9320.53 9314.01 9308.31 9302.56 9297.02 9290.8 9284.71 9278.93 9273.96 9270.56 9268.47 9266.82 9263.12 9261.39 9260.19 9259.55 9258.32 9255.8 9255.13 9258.12 9260.03 9261.66 9261.56 9261.15 9261.12 9263.85 9269.61 9276.52 9278.28 9279.14 9282.88 9289.06
9341.46 9335.81 9330.74 9327.12 9325.7 9328.22 9333.37 9338.85 9345.97 9353.02 9347.3 9351.42 9356.67 9362.17 9366.99 9369.4 9367.44 9360.01 9350.99 9342.75 9342.46 9350.67 9360.71 9370.62 9378.95 9384.22 9383.99 9378.6 9376.07 9372.86 9368.83 9361.46 9353.27 9341.99 9331.5 9321.58 9315.15 9308.77 9302.54 9296.04 9290.09 9284.04 9277.6 9272.28 9269.57 9266.57 9264.2 9262.25 9259.91 9259.33 9258.71 9258.42 9259.4 9258.77 9257.28 9257.03 9256.73 9256.65 9257.18 9257.5 9263.95 9274.78 9278.76 9275.04 9272.7 9269.88 9274.46
9331.88 9327.7 9324.81 9323.25 9323.79 9327.23 9332.41 9332.31 9342.04 9346.81 9345.16 9349.36 9354.51 9360.1 9365.64 9372.03 9369.63 9360.69 9352.23 9345.11 9344.43 9350.51 9357.61 9365.45 9372.67 9378.5 9380.82 9380.24 9377.62 9375.47 9373.15 9369.91 9359.3 9348.23 9336.94 9328.46 9318.22 9309.43 9301.99 9295.19 9289.13 9284.16 9280.71 9275.18 9269.74 9265.94 9262.61 9258.88 9259.09 9258.76 9258.06 9257.88 9257.2 9257.33 9256.59 9255.44 9254.33 9254.8 9256.1 9258.96 9267.95 9272.53 9271.03 9269.54 9268 9266.86 9269.04
9324.89 9322.32 9320.6 9319.61 9320.04 9317.78 9324.59 9330.24 9341.05 9347.06 9346.54 9349.01 9353.16 9358.14 9362.36 9365.29 9363.77 9359.51 9354.08 9348.68 9348.19 9350.67 9356.14 9361.78 9367.86 9374.1 9379.26 9378.84 9377.65 9376.31 9374.67 9369.5 9363.52 9354.51 9346.02 9331.25 9318.48 9309.49 9301.54 9294.17 9287.85 9282.72 9279.67 9274.7 9269.2 9265.96 9263.83 9261.72 9261.02 9258.21 9257.12 9256.88 9257.79 9256.87 9255.93 9255.07 9253.75 9253.84 9256.94 9259.72 9267.8 9267.06 9262.13 9263.32 9264.4 9267.01 9269.64
9322.82 9318.8 9317.22 9315.75 9313.33 9314.15 9322.1 9334.2 9340.81 9345.56 9346.06 9348.47 9351.73 9354.81 9357.74 9359.29 9358.87 9357.09 9354.97 9355.72 9350.93 9350.38 9352.56 9356.21 9362.04 9367.31 9375.19 9375.93 9375.44 9375.21 9375.35 9377.45 9366.8 9353.76 9339.1 9325.19 9316.03 9308.93 9301.18 9293.62 9285.94 9278.92 9273.39 9269.82 9267.2 9265.2 9263.67 9262.52 9258.05 9256.07 9255.39 9255.33 9255.56 9255.81 9255.82 9255.99 9255.61 9255.93 9259.49 9262.49 9265.56 9261.55 9258.06 9259.34 9260.2 9261.34 9262.76
9325.2 9320.62 9318.63 9317.1 9315.74 9316.61 9326.87 9336.99 9340.43 9343.53 9347.3 9348.21 9349.4 9350.8 9352.49 9354.52 9356.28 9351.89 9350.66 9350.89 9348.11 9346.98 9348.06 9350.82 9353.62 9356.21 9361.68 9368.84 9370.7 9371.6 9371.44 9369.1 9360.72 9349.06 9335.23 9326.37 9317.75 9309.18 9300.71 9292.44 9284.31 9275.73 9266.67 9266.13 9265.52 9264.08 9262.65 9260.67 9254.88 9253.73 9253.7 9253.96 9254.05 9254.95 9255.94 9257.54 9261.12 9265.69 9262.05 9259.84 9257.83 9257.57 9259.98 9257.11 9256.55 9255.66 9254.95
9327.87 9325.14 9323.84 9322.35 9322.72 9324.06 9330.19 9337.5 9341.63 9345.99 9347.11 9346.51 9346.26 9345.93 9345.38 9344.91 9342.92 9341.13 9340.26 9341.13 9340.24 9340.75 9342.65 9344.88 9347.02 9347.63 9346.04 9360.24 9364.64 9366.85 9366.07 9360.82 9354.35 9347.26 9337.8 9330.13 9321.54 9309.9 9300.67 9292.4 9284.18 9276.01 9269.58 9266.54 9265.22 9263.83 9261.88 9258.76 9252.8 9251.5 9252.48 9253.45 9254.31 9254.78 9255.74 9257.02 9259.67 9261.45 9258.88 9257.2 9255.19 9254.78 9253.2 9254.23 9253.86 9253.18 9255.11
