real_craters/C099-500m.grd
DSAA
133 133
-32.9175 32.9175
-32.9175 32.9175
8234.1396097092 9634.089339426
[rows 30 to 59 of 133, columns 0 to 66 of 133]
9332.49 9332.62 9332.44 9331.23 9330.33 9329.29 9338.7 9343.89 9344.4 9347.94 9345.73 9344.26 9342.58 9340.44 9338.08 9334.59 9332.25 9327.2 9325.23 9326.19 9330.18 9333.84 9336.96 9340.05 9343.12 9346.68 9348.05 9352.93 9360.04 9363.68 9363.86 9360.88 9355.86 9348.05 9339.45 9328.61 9317.53 9308.74 9300.44 9292.82 9285.47 9278.15 9271.97 9268.57 9266.07 9264.11 9261.45 9256.94 9249.2 9250.47 9252.48 9254.99 9257.13 9255.8 9255.06 9254.11 9252.73 9249.36 9250.79 9252.68 9253.33 9252.97 9253.2 9253.23 9252.85 9251.65 9249.73
9345.49 9344.96 9343.63 9341.39 9335.37 9336.47 9342.98 9344.79 9350.16 9347.94 9345.34 9342.66 9339.82 9336.22 9332.05 9326.24 9316.02 9316.55 9314.04 9314.54 9322.58 9328.03 9332.08 9335.85 9339.6 9345.66 9352.89 9352.87 9358.51 9362.96 9365.03 9363.17 9357.16 9351.93 9339.24 9326.28 9315.18 9306.86 9300 9293.3 9287.56 9282.27 9276.6 9271.46 9267.7 9264.86 9262.29 9259.08 9254.5 9251.79 9252.56 9254.39 9255.03 9255.45 9253.72 9251.6 9248.63 9245.65 9244.8 9244.81 9247.87 9250.97 9254.2 9255.01 9253.38 9251.91 9250.88
9365.09 9359.78 9356.51 9354.84 9354.61 9350.74 9344.76 9341.29 9339.09 9345.75 9343.22 9338.94 9335 9331.62 9327.38 9323.8 9323.31 9320.6 9318.55 9318.15 9320.88 9325.29 9329.06 9332.61 9335.36 9337.41 9343.56 9354.08 9357.66 9362.7 9367.9 9372.31 9373.96 9360.95 9344.22 9327.71 9313.46 9305.76 9299.41 9293.28 9288.51 9284.29 9279.11 9273.2 9268.79 9265.41 9262.66 9260.13 9256.95 9252.2 9252.78 9254.47 9254.36 9254.79 9252.84 9249.72 9246.32 9243.34 9240.72 9239.54 9243.34 9245.78 9250.64 9253.24 9253.62 9253.43 9252.69
9381.79 9371.64 9363.42 9358.87 9363.06 9349.98 9336.25 9335.03 9344.07 9344.67 9338.83 9334.81 9332.43 9328.34 9324.72 9321.8 9320.29 9318.87 9320.94 9320.67 9320.66 9323.54 9327.22 9330.33 9332.82 9335.74 9340.4 9346.76 9354.02 9361.42 9369.22 9377.03 9380.29 9366.54 9349.09 9333.54 9317.22 9306.58 9298.77 9292.52 9287.48 9283.21 9278.31 9272.72 9268.56 9265.05 9261.75 9257.99 9253.27 9250.38 9251.9 9256.35 9259.86 9255.71 9252.73 9249.14 9244.98 9240.78 9236.6 9233.27 9232.45 9237.29 9244.67 9250.71 9253.65 9255.32 9256.5
9387.41 9375.66 9362.96 9350.61 9339.28 9332.5 9329.51 9331.14 9332.9 9332.51 9332.55 9332.02 9329.63 9326.57 9322.98 9319.25 9313.96 9309.99 9310.76 9315.12 9318.99 9322.71 9326.68 9330.18 9332.49 9332.44 9336.36 9341.59 9350.07 9358.23 9366.09 9373.15 9376.89 9362.96 9344.15 9326.32 9316 9305.78 9297.4 9290.8 9284.59 9280.69 9275.36 9271.01 9267.65 9264.43 9260.98 9256.18 9251.85 9247.69 9249.55 9253.68 9256.15 9255.47 9253.04 9249.69 9244.94 9239.67 9235.69 9233.08 9229.36 9231.72 9240.65 9249.82 9253.91 9257.21 9260.28
9384.65 9373.88 9359.98 9345.38 9334.07 9333.05 9329.58 9335.15 9330.3 9326.48 9328.07 9326.53 9324.94 9321.82 9319.72 9317.34 9315.94 9316.08 9309.82 9313.59 9318.07 9321.7 9326.08 9330.38 9334.99 9339.14 9339.95 9342.2 9347.53 9354.23 9359.88 9363.2 9361.61 9351.18 9336.1 9320.73 9311.08 9303.62 9295.79 9288.04 9280.2 9271.28 9270.28 9269.06 9267.33 9264.85 9261.2 9255.5 9247.3 9242.37 9248 9252.77 9255.73 9256.45 9255.3 9252.15 9247.42 9241.93 9239.47 9240.5 9230.09 9225.53 9236.37 9246.02 9253.3 9259.19 9264.48
9380.5 9367.5 9354.5 9343.79 9336.33 9337.42 9329.54 9329.25 9329.81 9330.21 9326.57 9323.99 9322.46 9320.29 9318.71 9316.69 9315.94 9317.73 9317.47 9315.05 9317.33 9320.49 9325.14 9330.54 9337.18 9343.53 9343.06 9340.07 9345.39 9350.78 9353.61 9352.87 9346.11 9339.06 9330.27 9318.33 9311.61 9304.02 9294.96 9286.46 9278.23 9271.13 9268.92 9268.4 9268.22 9267.33 9265.71 9261.45 9253.45 9246.28 9252.86 9256.26 9259.46 9261.25 9260.57 9258.05 9253.36 9247.16 9241.29 9236.83 9232.57 9228.45 9235.89 9244.85 9253.12 9262.14 9272.13
9369.6 9350.23 9343.3 9338.77 9332.65 9325.12 9325.19 9326.35 9333.67 9330.63 9325.76 9324.1 9322.42 9320.38 9317.92 9315.25 9311.37 9306.02 9308.33 9313.02 9316.25 9319.65 9323.83 9329.63 9336.45 9342.74 9344 9344.63 9346.89 9348.64 9348.21 9345.41 9341.17 9335.57 9327.75 9319.64 9311.41 9302.92 9293.43 9284.67 9278.02 9273.99 9269.69 9269.37 9270.02 9271.04 9271.89 9272.47 9273.24 9270.19 9267.28 9265.91 9267.6 9269.67 9268.75 9265.35 9261.36 9255.57 9250.74 9246.93 9241.08 9239.44 9239.22 9245.14 9253.65 9265.82 9277.33
9303.75 9321.67 9329.69 9332.39 9329.51 9323.84 9321.38 9318.61 9323.57 9323.51 9326.47 9326.57 9323.82 9321.2 9318.33 9314.91 9311.37 9309.66 9310.04 9311.8 9313.97 9317.25 9321.3 9325.94 9331.76 9337.52 9343.3 9347.38 9349.57 9347.3 9343.13 9338.79 9334.64 9330.2 9326.04 9320.25 9312.68 9301.62 9292.39 9282.97 9273.89 9268.43 9269.47 9271.04 9273.08 9276.03 9279.19 9282.57 9286.96 9288.93 9283.76 9282.06 9282.43 9281.2 9277.85 9273.88 9270.37 9266.37 9263.53 9255.88 9249.98 9245.85 9244.02 9244.93 9257.42 9273.69 9285.38
9295.49 9308.49 9319.19 9333.85 9334.04 9327.55 9318.77 9316.01 9315.07 9322.27 9326.68 9327.41 9324.9 9322.78 9319.2 9315.89 9312.39 9310.6 9311.62 9310.3 9311.07 9312.98 9316.17 9320.28 9325.19 9331.7 9340.18 9349.15 9351.95 9343.87 9336.02 9329.87 9325.37 9323.4 9322.51 9325.2 9319.4 9302.58 9292.93 9282.4 9273.84 9269.61 9270.64 9273.77 9276.63 9280.9 9286.27 9291.18 9292.54 9290.06 9301.11 9304.3 9301.49 9295.17 9289.7 9284.21 9279.94 9276.46 9271.86 9266.61 9259.29 9254.81 9254.45 9257.8 9272.61 9290.67 9303.29
9310.24 9306.67 9309.26 9312.8 9332.14 9333.25 9322.18 9314.73 9315.1 9332.32 9329.77 9328.55 9325.93 9322.33 9318.49 9314.77 9311.3 9308.94 9309.02 9307.73 9307.11 9307.3 9308.94 9313.47 9317.63 9322.92 9331.53 9340.21 9344.28 9333.74 9324.7 9317.22 9312.1 9310.61 9310.88 9315.52 9315.22 9305.7 9294.68 9281.36 9272.58 9270.3 9272.55 9276.39 9280.75 9286.04 9291.44 9298.86 9309.25 9323.19 9322.36 9329.75 9318 9308.68 9301.03 9294.1 9288.33 9283.41 9282.22 9276.62 9269.35 9264.93 9272.57 9288.09 9303.79 9316.72 9327.44
9305.57 9302.07 9304.55 9310.25 9327.01 9331.37 9324.59 9308.61 9309.26 9327.66 9333.61 9332.78 9331.42 9327.73 9322.63 9317.58 9312.59 9306.31 9307.23 9304.55 9300.95 9298.03 9298.06 9302.31 9312.46 9315.19 9315.8 9319.61 9320.12 9314.97 9307.53 9300.33 9294.44 9288.76 9291.71 9293.81 9295.57 9302.22 9291.18 9279.34 9272.28 9271.98 9276.62 9281.57 9285.68 9290.33 9295.99 9302.75 9314.04 9323.78 9324.61 9327.99 9325.79 9319.55 9311.84 9304.73 9296.24 9287.26 9277.2 9276.61 9284.75 9290.43 9304.02 9325.05 9340.02 9346.97 9353.55
9304.36 9303.76 9306.92 9310.31 9322.55 9323.68 9320.22 9319.8 9320.9 9327.78 9336.41 9335.84 9331.61 9326.88 9322.4 9318 9313.84 9311.27 9308.48 9302.41 9294.74 9287.07 9281.14 9280.24 9289.75 9290.06 9289.79 9293.36 9295.3 9292.73 9287.16 9280.64 9274.38 9269.44 9270.24 9273.52 9274.82 9278.69 9280.08 9278.09 9272.31 9277.29 9283.21 9287.59 9291.31 9294.75 9298.14 9302.04 9307.36 9309.89 9314.65 9326.87 9329.5 9328.89 9325.65 9320.6 9309.94 9296.6 9282.29 9290.9 9312.12 9334.71 9354.63 9361.61 9367.27 9371.66 9377.95
9325.77 9323.76 9317.55 9311.93 9314.91 9314.04 9313.16 9315.57 9304.27 9337.89 9343.28 9337.55 9332.36 9327.54 9323.17 9319.61 9316.01 9311.99 9308.53 9301.98 9288.81 9274.01 9260.11 9247.37 9235.77 9246.38 9256.01 9264.88 9276.52 9271.25 9265.61 9260.94 9255.68 9249.74 9252.94 9259.44 9265.82 9268.13 9277.72 9287.12 9286.19 9291.52 9294.3 9296.36 9297.83 9298.45 9300.13 9300.26 9299.29 9298.33 9306.86 9320.47 9330.72 9336.78 9340.22 9338.91 9334.23 9323.85 9313.76 9320.85 9348.78 9378.46 9397.9 9399.03 9380.87 9400.93 9399.68
9347.95 9346.78 9332.39 9321.44 9313.15 9305.36 9298.77 9302.45 9311.77 9334.79 9339.36 9334.36 9328.44 9323.84 9320.94 9318.93 9317.06 9315.37 9320.46 9303.58 9282.05 9260.07 9238.36 9218.6 9204.75 9211.53 9223.08 9232.6 9237.04 9241.61 9243.46 9244.27 9243.67 9242.67 9247.12 9253.51 9258.3 9269.83 9286.6 9304.08 9317.92 9310.44 9305.91 9304.02 9304 9303.87 9302.71 9300.59 9295.24 9287.27 9301.16 9318.91 9333.19 9347.52 9357.93 9365.39 9370.12 9363.35 9358.82 9362.11 9389.72 9421.65 9448.49 9459.36 9459 9442.94 9424.17
9347.63 9347.42 9332.06 9318.09 9307.46 9303.64 9303.62 9318.2 9330.54 9333.11 9331.43 9326.93 9321.43 9316.9 9314.37 9314.97 9319.39 9325.13 9325.84 9299.89 9271.6 9244.87 9219.96 9196.28 9181.89 9187.88 9196.99 9204.01 9209.68 9214.8 9222.06 9229.45 9236.18 9243.07 9250.44 9257.4 9264.2 9282.14 9302.77 9316.83 9320.19 9319.62 9314.61 9310.8 9310.13 9308.88 9307.33 9304.56 9301.8 9299.06 9304.22 9323.68 9345.41 9361.55 9376.95 9393.43 9408.37 9412.91 9405.34 9398.56 9430.03 9464.98 9503.28 9503.44 9517.41 9455.4 9399.67
9337.96 9339.77 9329.69 9319.31 9311.83 9308.52 9309.15 9326.29 9330.77 9326.57 9321.12 9316.29 9310.77 9305.35 9301.84 9301.8 9305.94 9309.61 9307.56 9281.52 9253.47 9228.7 9205.83 9183.61 9169.69 9173.76 9179.96 9184.42 9184.88 9192.24 9206.21 9217.94 9230.75 9243.85 9256.81 9266.28 9279.27 9303.17 9329.46 9332.54 9330.09 9323.68 9319.01 9315.26 9313.27 9311.68 9312.02 9312.92 9315.11 9322.26 9333.42 9347.29 9362.25 9377.87 9392.24 9414.91 9447.42 9481.96 9483.69 9463.53 9460.75 9461.85 9485.64 9444.4 9419.9 9361.89 9307.82
9326.36 9335.72 9338.75 9326.4 9314.55 9310.79 9315.92 9324.26 9320.82 9315.21 9310.79 9303.67 9294.78 9287.95 9282.11 9278.82 9278.54 9273.41 9259.39 9244.81 9228.84 9212.53 9196.38 9182.31 9173.26 9170.41 9172.69 9175.88 9181.26 9189.75 9196.81 9208.69 9223.52 9241.37 9257.56 9273.97 9288.6 9313.3 9339.32 9335.87 9329.18 9323.19 9318.88 9317.26 9316.44 9318.27 9319.65 9322.16 9328.31 9338.97 9351.94 9371.86 9380.78 9386.93 9398.64 9416.92 9455.8 9530.05 9546.06 9523.11 9463.77 9394.65 9328.95 9297.64 9260.24 9231.73 9207.95
9312.47 9329.5 9344.98 9335.84 9321.56 9308.65 9303.3 9311.25 9310.87 9306.89 9300.98 9289.43 9277.37 9266.72 9257.65 9248.89 9241.86 9231.64 9216.93 9207.75 9203.66 9197.03 9189.04 9181.55 9175.47 9171 9170.32 9172.18 9174.53 9177.21 9187.66 9198.45 9212.42 9233.73 9267.44 9273.3 9293.8 9322.36 9334.45 9325.31 9317.28 9317.37 9316.98 9319.45 9320.13 9324.26 9328.94 9335.31 9341.96 9349.57 9366.24 9392.15 9396.89 9394.84 9390.99 9393.22 9398.15 9415.3 9433.29 9417.5 9369.64 9308 9227.84 9195.36 9184.7 9181.25 9189.68
9292.3 9313.89 9328.63 9331.82 9320.57 9307.03 9302.14 9302.08 9300.98 9300.55 9289.43 9271.23 9256.52 9244.16 9232.24 9218.86 9202.43 9195.46 9185.12 9181.24 9185.5 9185.94 9183.45 9178.82 9175.74 9172.76 9171.18 9171.04 9171.99 9175.57 9180.5 9186.1 9194.09 9203.13 9212.1 9246.46 9295.66 9338.96 9339.81 9315.05 9305.47 9307.77 9313.37 9316.49 9323.88 9331.94 9340.89 9351.19 9357.41 9366.87 9388.88 9414.14 9413.77 9400.16 9381.04 9356.25 9319.93 9260.29 9286.23 9294.93 9275.27 9233.67 9188.53 9167.13 9159.72 9178.97 9205.01
9264.43 9283.96 9295.76 9320.73 9308.47 9290.24 9284.03 9278.93 9273.19 9266.04 9257.5 9243.05 9232.23 9222.7 9211.64 9197.45 9182.95 9177.4 9174.39 9173.97 9177.74 9180.38 9181.35 9179.47 9177.82 9175.12 9172.21 9170.58 9171.01 9177.67 9174.43 9175.93 9177.8 9177.49 9177.95 9216.86 9267.15 9296.82 9297.94 9287.61 9291.16 9297.44 9304.94 9315.16 9326.25 9337.01 9351.18 9361.06 9375.54 9390.11 9409.77 9437.04 9432.36 9406.44 9366.77 9326.76 9281.78 9224.49 9217.04 9231.79 9219.48 9143.19 9110.45 9091.15 9081.23 9106.42 9092.53
9232.31 9249.8 9264.87 9291.83 9281.05 9259.9 9246.88 9238.86 9231.62 9225.41 9211.53 9209.07 9208.53 9204.43 9197.14 9187.44 9176.57 9173.09 9173.17 9175.39 9175.55 9178.57 9182.23 9185.4 9181.39 9177.66 9174.8 9171.57 9168.73 9164.53 9168.59 9170.3 9169.9 9169.65 9174.65 9202.85 9240.54 9266.31 9283.21 9281.54 9280.74 9289.12 9300.45 9315.11 9327.05 9344.5 9359.84 9380.92 9400.13 9421.78 9447.68 9469.73 9448.72 9396.78 9337.42 9282.18 9248.14 9248.87 9144.85 9088.9 9032.72 8986.63 8953.37 8930.8 8910.46 8885.84 8881.39
9199.74 9207.92 9225.52 9245.39 9242.95 9230.31 9206.3 9197.04 9193.32 9189.23 9183.92 9186.41 9190.78 9191.02 9188.48 9184.82 9179.91 9174.72 9172.51 9171.01 9174.15 9177.08 9181.05 9184.88 9180.92 9177.36 9174.67 9172.22 9170.88 9173.04 9170.87 9168.12 9167.71 9170.16 9179.67 9199.93 9227.08 9253.16 9264.92 9266.17 9272.96 9284.8 9303 9320.86 9340.04 9357.4 9377.98 9400.01 9425.77 9453.5 9481.48 9514.28 9462.72 9378.36 9290.57 9210.69 9140.88 9075.83 9005.48 8919.27 8836.91 8809.23 8781.04 8750.33 8723.7 8693.67 8694.74
9173.58 9174.9 9186.65 9192.2 9206.9 9203.21 9181.45 9175.71 9175.52 9174.16 9175.31 9179.19 9182.49 9183.27 9182.25 9182.62 9183.59 9175.21 9172.66 9170.61 9172.91 9175.25 9177.33 9177.12 9177.56 9175.66 9173.62 9171.94 9170.34 9168.93 9168.67 9168.17 9168.97 9172.54 9182.2 9197.08 9215.73 9232.54 9240.61 9247.56 9265.09 9288.67 9310.23 9331.46 9348.86 9368.47 9389.89 9411.59 9437.03 9465.89 9486.43 9574.03 9449.73 9337.27 9226.21 9116.29 9009.55 8918.91 8855.74 8780.95 8702.01 8666.33 8626.96 8583.38 8576.46 8572.69 8568.26
9153.58 9153.1 9155.69 9162.57 9183.51 9198.84 9180.03 9172.23 9171.63 9174.86 9177.21 9179.26 9180.19 9179.96 9178.5 9173.1 9170.42 9173.67 9172.98 9172.78 9172.72 9172.8 9173.91 9175.98 9174.16 9172.92 9172.13 9171.28 9169.49 9168.06 9168.8 9170.3 9171.95 9175.71 9182.07 9190.3 9205.48 9216.68 9222.97 9225.37 9262.97 9290.64 9311.85 9333.86 9354.28 9373.45 9392.22 9412.77 9435.69 9461.88 9456.38 9409.06 9368.54 9270.43 9148.7 9020.6 8898.19 8801.81 8736.15 8677.17 8630.28 8568.96 8513.56 8472.25 8465.17 8492.17 8487.84
9139.17 9138.82 9149.69 9154.71 9166.16 9170.65 9174.2 9176.08 9180.12 9179.68 9180.31 9182.51 9180.56 9179.2 9178.27 9180.3 9177.43 9174.27 9173.39 9173.96 9172.18 9170.7 9168.06 9167.66 9170.94 9171.46 9171.3 9170.76 9170.04 9170.4 9172.2 9173.1 9176.21 9180.39 9185.82 9194.7 9203.54 9213.87 9236.47 9257.46 9281.96 9303.62 9321.39 9340.39 9360.08 9377.53 9405.04 9417.62 9429.92 9426.41 9403.06 9363.46 9311.38 9200.65 9066.98 8929.39 8799.44 8704 8638.93 8586.53 8546.38 8483.29 8418.76 8369.41 8358.97 8370.03 8374.91
9133.82 9139.9 9149.12 9152.84 9159.1 9166.52 9173.77 9184.65 9195.62 9197.86 9194.32 9185.56 9181.16 9179.53 9178.18 9175.97 9175.46 9174.47 9173.25 9171.04 9170.69 9170.19 9169.46 9169.39 9170.11 9170.88 9171.8 9171.82 9171.27 9170.69 9170.54 9176.46 9181.26 9186.02 9191.74 9203.1 9207.87 9219.96 9249.7 9299.68 9304.83 9318.6 9336.79 9358.91 9387.05 9407.22 9423.25 9431.32 9426.14 9399.28 9388.97 9397.6 9280.9 9126.17 8982 8841.45 8705.56 8616.87 8552.89 8496.17 8446.86 8389.59 8336.22 8296.29 8280.32 8276.97 8286.52
9134.12 9138.46 9144.06 9149.66 9156.31 9164.47 9176.74 9193.21 9208.34 9208.45 9201.14 9185.2 9182.17 9180.1 9178.58 9177.64 9176.06 9174.48 9173.65 9174.09 9173.2 9170.64 9169.83 9170.31 9171.26 9172.22 9173.23 9173.81 9173.62 9174.78 9177.86 9181.63 9186.99 9192.66 9198.77 9204.37 9214.01 9225.9 9248.52 9287.85 9301.5 9319.91 9339 9365.34 9391.36 9413.29 9430.61 9444.01 9437.3 9410.3 9388.19 9370.08 9172.25 9023.05 8890.75 8761.8 8645.11 8551.99 8479.17 8412.06 8343.15 8288.87 8273.06 8259.16 8252.96 8251.24 8259.96
9135.82 9139.96 9145.53 9146.23 9154.72 9176.78 9189.86 9195.81 9202.35 9204.32 9198.57 9192.09 9185.4 9181.45 9179.07 9177.59 9176.3 9174.98 9173.79 9172.35 9170.79 9170.29 9170.32 9171.7 9172.92 9173.83 9174.45 9175.63 9176.56 9178.77 9181.85 9186.67 9192.55 9198.93 9205.96 9213.93 9222.26 9231.09 9236.96 9264.59 9285.34 9311.87 9334.71 9358.08 9382.71 9411.17 9432.99 9449.59 9453.02 9426.98 9345.22 9209.05 9029.06 8912.31 8798.13 8689.69 8585.27 8497.26 8419.06 8352.19 8289.97 8246.76 8241.29 8245.12 8249.48 8245.33 8247.28
9139.01 9141.24 9138.58 9142.25 9150.45 9174.68 9187.27 9190.51 9193.08 9198.14 9205.55 9195.4 9187.13 9182.89 9179.8 9177.79 9177.32 9176.36 9174.74 9172.07 9170.14 9171.48 9172.11 9174.04 9174.95 9175.98 9177.18 9178.58 9180.24 9183.29 9188.34 9192.18 9198.55 9206.27 9215.19 9225.32 9237.44 9247.77 9257.51 9269.44 9276.38 9298.27 9323 9354.09 9381.73 9404.58 9429.9 9448.85 9462.44 9446.48 9300.31 9109.87 8927.85 8814.45 8703.99 8607.42 8539.36 8442.22 8373.9 8316.43 8270.75 8241.07 8234.14 8240.31 8244.26 8245.4 8245.3
