real_craters/C099-300m.grd
DSAA
220 220
-32.9175 32.9175
-32.9175 32.9175
8234.6284986945 9637.8688830803
[rows 120 to 149 of 220, columns 0 to 66 of 220]
9145.76 9149.12 9154.34 9159.59 9165.52 9175.81 9189.65 9202.54 9211.14 9215.16 9218.37 9221.43 9224.9 9228.45 9232.28 9236.27 9240.1 9242.27 9240.33 9236.23 9232.45 9229.08 9224.33 9221.88 9220.62 9219.67 9218.9 9217.97 9217.19 9215.89 9214.22 9211.88 9209.21 9206.04 9201.84 9196.13 9192.72 9194.37 9195.48 9197.16 9198.48 9199.62 9200.45 9200.6 9201.35 9201.49 9202.22 9202.65 9203.3 9204.13 9205.97 9208.95 9212.76 9215.85 9214.64 9214.29 9214.72 9215.87 9217.09 9219.31 9223.81 9234.42 9243.47 9249.15 9254.45 9261.98 9275.2
9143.05 9150.15 9156.81 9162.44 9168.42 9176.68 9187.94 9208.93 9215.29 9217.78 9220.86 9223.71 9226.87 9230.83 9235.01 9239.21 9242.76 9244.54 9244.19 9242.16 9239.81 9236.7 9231.09 9225.69 9223.3 9221.71 9220.59 9219.35 9217.75 9215.96 9214.52 9212.31 9209.47 9205.37 9200.99 9196.28 9192.7 9194.38 9195.94 9197.52 9198.7 9199.9 9200.96 9201.77 9202.31 9201.9 9202.55 9202.89 9204.15 9204.94 9206.2 9207.78 9209.6 9210.31 9211.22 9212.21 9213.29 9214.22 9215.49 9216.62 9220.21 9231.97 9242.41 9247.2 9252.15 9259.38 9273.25
9143.94 9151.97 9159.24 9164.53 9171.56 9177.48 9187.04 9206.28 9214.64 9217.29 9219.99 9223.19 9227.23 9231.56 9236.22 9240.84 9244.74 9246.98 9248.04 9247.59 9245.91 9242.16 9233.31 9228.37 9225.74 9223.68 9221.71 9220.28 9218.63 9216.93 9215.04 9213.1 9210.85 9207.95 9203.78 9199.32 9196.69 9196.59 9197.81 9198.96 9199.97 9201.33 9201.9 9202.31 9203.37 9203.84 9204.39 9204.85 9205.4 9205.59 9206.12 9206.68 9207.03 9207.26 9208.05 9210.09 9212.23 9213.99 9215.72 9217.57 9222.13 9231.73 9239.56 9245.76 9249.22 9252.93 9259.9
9142.27 9149.16 9155.85 9163.71 9170.16 9175.85 9185.16 9200.51 9208.97 9213.07 9216.67 9220.37 9225.01 9229.98 9235.37 9240.91 9246.28 9250.61 9251.42 9249.37 9246.06 9242.98 9234.64 9230.84 9228.15 9225.75 9223.55 9221.37 9219.56 9217.71 9215.75 9214.18 9212.77 9211.19 9207.34 9203 9200.61 9199.59 9200.31 9201.42 9202.52 9203.24 9204.09 9204.84 9205.49 9205.92 9205.79 9206.45 9206.15 9206.35 9206.1 9206.07 9205.47 9204.05 9205.7 9208.89 9212.05 9214.83 9217.73 9220.99 9226.95 9236.19 9243.18 9247.67 9247.81 9247.29 9249.9
9143.24 9147.23 9152.83 9160.8 9165.6 9172.56 9180.73 9191.27 9200.23 9206.48 9211.24 9216.03 9221.37 9226.96 9232.96 9239.34 9245.79 9251.8 9252.73 9249.51 9245.57 9242.06 9237.66 9233.66 9230.77 9228.16 9225.67 9222.9 9220.46 9218.42 9216.72 9215.33 9214.29 9212.85 9209.77 9206.02 9202.61 9202.47 9203.34 9204.12 9204.94 9205.62 9206.43 9206.74 9207.12 9207.34 9207.5 9207.66 9207.62 9207.6 9206.93 9206.42 9205.62 9205.33 9206.41 9209.33 9212.81 9216.25 9220.56 9225.35 9232.5 9243.12 9254.34 9252.48 9248.6 9245.04 9244.13
9142.67 9147.04 9153.26 9156.39 9160.45 9167.22 9175.14 9184.94 9193.44 9198.77 9204.01 9209.95 9215.9 9222.01 9228.49 9235.26 9242.03 9248.1 9249.97 9247.99 9245.04 9241.84 9238.6 9235.86 9233.16 9230.3 9227.36 9224.48 9221.46 9219.64 9217.39 9215.98 9215.14 9213.94 9211.69 9209.08 9207.37 9206.68 9206.96 9207.74 9208.14 9207.9 9208.01 9208.04 9208.08 9207.93 9208.12 9207.89 9208 9208.03 9207.82 9207.8 9207.64 9207.84 9208.76 9211.11 9213.68 9216.86 9222.44 9231.98 9238.39 9245.96 9255.08 9254.33 9249.93 9246.33 9244.57
9141.64 9144.41 9146.33 9149.72 9157.63 9160.2 9167.68 9175.47 9182.41 9189.34 9196.07 9202.99 9209.48 9216.34 9223.09 9229.65 9235.92 9241.58 9244.69 9244.36 9242.42 9238.5 9238.75 9238.37 9235.85 9232.61 9229.35 9226.07 9223.22 9220.43 9218.11 9216.15 9215.15 9214.75 9213.2 9212 9210.8 9210.68 9211.16 9211.83 9211.09 9210.01 9209.51 9209.46 9208.57 9208.31 9208.11 9207.95 9208.09 9207.7 9208.15 9208.89 9210.09 9212.68 9214.82 9213.32 9213.49 9214.86 9218.9 9227.09 9234.21 9241.13 9249.54 9251.28 9250.24 9250.24 9251.8
9141.02 9142.25 9143.67 9146.14 9152.47 9159.16 9162.4 9166.94 9172.43 9179.84 9187.46 9194.9 9202.29 9209.52 9216.4 9222.73 9228.66 9233.68 9237.25 9239.67 9240.4 9240.64 9242.76 9241.64 9237.92 9234.83 9231.28 9227.73 9224.29 9220.94 9217.85 9215.21 9213.32 9213 9213.75 9214.79 9216.22 9217.13 9215.8 9215.24 9213.5 9211.76 9210.62 9208.27 9207.23 9206.87 9206.73 9207.02 9207.11 9207.51 9208.33 9209.58 9211.53 9214.44 9215.87 9213.52 9211.74 9210.41 9210.53 9213.12 9221.86 9231.16 9238.11 9243.78 9249.52 9254.7 9261.34
9140.69 9141.62 9142.41 9146.4 9150.66 9152.6 9156.62 9160.02 9163.59 9171.97 9179.82 9187.89 9195.47 9202.88 9209.71 9216.12 9221.48 9225.74 9229.37 9235.51 9239.84 9241.73 9242.6 9241.75 9239.46 9236.07 9232.32 9228.6 9224.8 9221.02 9217.41 9214.08 9211.11 9210.92 9213.92 9217.06 9220.01 9220.97 9220.21 9218.06 9215.02 9212.78 9210.29 9209.2 9207.06 9206.15 9206.08 9206.36 9206.58 9207.35 9208.26 9209.69 9211.64 9213.82 9214.56 9212.3 9208.72 9205.59 9202.59 9202.94 9212.48 9223.31 9231.63 9239.78 9249.74 9258.03 9266.38
9140.88 9141.77 9142.91 9143.68 9144.61 9147.04 9151.64 9155.29 9160.57 9166.28 9173.38 9181.35 9189.23 9196.79 9203.91 9210.26 9215.67 9220.1 9224.69 9232.44 9240.7 9243.11 9243.57 9243.73 9240.58 9236.78 9232.75 9228.85 9224.97 9221.1 9217.28 9213.64 9210.82 9211.09 9214.47 9218.48 9223.43 9228.37 9223.16 9218.75 9215.76 9213.11 9210.68 9209.45 9207.64 9207.05 9205.38 9205.27 9205.75 9206.64 9207.48 9208.91 9210.63 9212.32 9213.39 9210.96 9206.59 9202.15 9197.92 9197.64 9208.29 9220.55 9232.1 9242.78 9251.83 9260.04 9267.56
9140.99 9141.82 9143.36 9142.17 9141.92 9146.69 9148.45 9150.96 9154.93 9160.23 9167.67 9175.58 9183.72 9191.48 9198.83 9205.42 9211.23 9216.28 9221.74 9228.86 9235.58 9239.59 9243.11 9243.87 9239.95 9236.31 9232.68 9228.92 9225.12 9221.07 9217.42 9214.05 9211.4 9211.9 9214.85 9218.21 9222.27 9225.25 9221.77 9217.79 9215.21 9212.72 9210.62 9209.01 9207.45 9206.05 9204.79 9204.55 9204.87 9204.31 9205.34 9206.74 9208.6 9210.22 9211.98 9209.23 9205.01 9201.13 9197.95 9199.24 9208.94 9221.26 9234.33 9247.19 9253.53 9260.6 9268.03
9139.31 9140.57 9141.58 9141.6 9142.77 9144.26 9145.58 9147.16 9148.8 9154.8 9162.7 9170.91 9179.07 9186.89 9194.46 9201.54 9207.86 9213.45 9218.21 9224.73 9231.46 9238.24 9238.87 9237.74 9237.66 9235.56 9232.41 9228.9 9225.23 9221.64 9218.72 9215.49 9212.42 9212.88 9214.78 9216.9 9218.08 9217.21 9216.83 9215.56 9213.08 9210.68 9208.77 9206.95 9206.21 9205.49 9204.59 9204.37 9203.56 9203.82 9204.46 9204.52 9205.64 9206.73 9207.43 9206.42 9203.96 9202.04 9200.49 9203.14 9212.16 9222.88 9234.33 9244.53 9251.96 9258.49 9265.69
9137.39 9139.02 9139.93 9143.07 9141.99 9141.9 9143.21 9144.86 9148.41 9153.11 9159.21 9167.11 9175.2 9183.51 9191.55 9199.22 9206.24 9212.15 9216.75 9223.34 9229.15 9232.2 9234.96 9237.43 9236.13 9234.31 9231.84 9228.83 9226.07 9222.68 9219.94 9216.99 9215.21 9214.19 9214.48 9215.25 9215.08 9212.96 9213.41 9212.8 9210.7 9208.29 9206.2 9204.59 9203.85 9203.02 9202.6 9202.47 9202.01 9202.26 9202.41 9202.18 9202.48 9202.68 9204.1 9203.84 9202.86 9204.08 9207.33 9210.66 9216.32 9224.27 9233.18 9242.39 9247.78 9253.21 9258.23
9136.49 9138.46 9139.85 9142.55 9141.01 9141.23 9141.66 9142.85 9144.66 9148.51 9156.22 9163.97 9172.19 9180.75 9189.01 9197.32 9205.46 9213.44 9221.08 9227.76 9231.64 9229.7 9231.59 9233.1 9234.05 9233.33 9232.06 9229.41 9227.06 9223.66 9220.04 9217.74 9216.55 9214.21 9213.47 9213.59 9214.01 9214.81 9213.69 9210.83 9207.36 9204.35 9202.61 9201.3 9200.41 9200.32 9200.47 9200.35 9200.26 9200.29 9199.98 9199.78 9199.4 9198.69 9197.55 9197.23 9200.75 9204.7 9210.41 9215.1 9219.09 9224.96 9231.27 9236.1 9241.91 9246.4 9248.74
9136.14 9138.31 9140.75 9143.03 9142.1 9140.48 9140.49 9141.45 9143.64 9147.99 9154.07 9161.5 9170.03 9178.46 9187.46 9196.3 9204.63 9214.11 9224.43 9231.02 9230.1 9230.67 9232.46 9233.37 9234.01 9233.93 9233.14 9230.7 9227.03 9223.39 9219.74 9216.05 9213.53 9211.83 9210.95 9211.06 9212.17 9213.45 9212.47 9207.97 9203 9199.98 9198.01 9197.09 9197.34 9197.23 9197.24 9197.71 9198.02 9197.98 9197.72 9197.37 9196.71 9195.72 9194.19 9194.3 9199.36 9204.12 9208.15 9214.22 9220 9225.3 9230.28 9234.95 9238.36 9240.46 9240.32
9136.18 9137.73 9139.72 9139.98 9137.66 9138.8 9138.99 9140.14 9142.23 9145.7 9152.46 9160.12 9168.15 9176.56 9185.05 9194.21 9202.69 9212.03 9221.06 9226.63 9228.47 9233.28 9236.11 9235.95 9236.28 9235.76 9234.19 9230.83 9227.13 9222.17 9218.1 9213.81 9209.96 9208.42 9206.93 9206.13 9207.19 9211.96 9213.74 9202.35 9195.95 9193.17 9192.34 9192.18 9193.21 9193.6 9194.5 9195 9195.16 9195.27 9195.84 9195.54 9195.03 9194.54 9193.92 9195.19 9200.22 9205.85 9209.35 9215.68 9221.19 9225.83 9230.02 9233.34 9235.56 9236.51 9235.01
9135.93 9136.15 9137.11 9139.38 9138.17 9137.93 9138.08 9139.41 9141.7 9144.69 9151.58 9158.54 9166.77 9174.96 9183.16 9191.99 9200.61 9208.68 9215.53 9219.85 9224.49 9231.37 9236.3 9239.74 9240.45 9238.26 9235.6 9230.69 9226.24 9222.21 9217.76 9213.86 9209.34 9205.45 9201.93 9198.66 9196.4 9196.48 9194.94 9187.61 9184.61 9185.59 9187.26 9188.4 9189.59 9190.24 9191.76 9192.76 9193.13 9193.49 9193.6 9193.68 9193.88 9194.42 9194.95 9197.39 9202.45 9210.25 9219.31 9219.9 9222.78 9226.59 9230.32 9233.49 9235.27 9234.81 9232.95
9134.01 9133.81 9133.65 9137.07 9139.41 9137.15 9137.22 9138.78 9141.76 9146.97 9151.26 9156.95 9164.04 9171.98 9180.26 9188.98 9197.43 9205.51 9212.61 9217.35 9221.75 9229.5 9236.29 9242.51 9243.5 9240.66 9235.98 9230.89 9226.34 9221.71 9217.33 9212.03 9207.33 9202.64 9197.01 9190.39 9182.1 9173.01 9171.17 9164.32 9171.25 9178.13 9182.86 9185.82 9187.27 9188.57 9189.02 9189.72 9190.56 9191.85 9192.23 9192.64 9193.21 9194.66 9195.99 9197.98 9203.32 9208.18 9214.16 9219.25 9223.14 9227.09 9230.77 9233.59 9234.75 9234.56 9232.65
9131.64 9131.44 9132.55 9132.77 9131.48 9134.44 9135.94 9137.77 9140.48 9144.27 9149.31 9154.92 9161.61 9169.57 9177.98 9186.64 9194.74 9203.22 9211.19 9217.31 9224.16 9234.47 9243.37 9247.49 9246.73 9242.73 9236.51 9230.81 9225.55 9220.68 9216.78 9214.11 9207.17 9200.55 9193.64 9185.09 9172.44 9151.11 9113.8 9143.44 9164.69 9175.48 9180.87 9184.06 9186.03 9186.82 9187.8 9188.28 9188.98 9189.84 9190.46 9191.28 9192.79 9194.64 9196.85 9201.55 9204.39 9206.43 9209.57 9216.57 9222.24 9227.13 9231.4 9234.39 9235.65 9235.22 9232.86
9129.6 9128.87 9127.96 9131.56 9133.2 9133.73 9134.86 9136.32 9138.66 9142.12 9146.81 9152.09 9158.96 9166.95 9175.35 9184.13 9193.12 9201.91 9210.37 9219.74 9229.67 9241.51 9252.12 9253.9 9251.48 9244.23 9235.6 9228.97 9223.04 9218.08 9213.86 9210.6 9204.9 9198.7 9192.47 9185.38 9175.96 9162.6 9144.55 9162.65 9174.75 9179.78 9182.55 9183.88 9185.2 9186.42 9187.3 9187.69 9188.21 9188.77 9189.61 9190.53 9191.49 9193.28 9195.55 9198.1 9201.41 9206.34 9211.65 9215.85 9221.43 9227 9232.14 9236.08 9237.61 9237.06 9233.33
9128.33 9127.59 9126.03 9130.72 9134.35 9134.12 9133.85 9134.51 9135.97 9139.3 9143.49 9148.22 9155.59 9164.34 9173.61 9182.98 9192.16 9200.7 9209.18 9218.02 9232.37 9246.04 9256.45 9256.08 9250 9240.9 9232.16 9225.21 9219.34 9214.18 9208.96 9202.89 9200.56 9196.89 9192.91 9189.42 9187.82 9192.47 9218.68 9208.88 9192.6 9187.13 9185.5 9185.48 9185.76 9185.91 9186.48 9187.35 9187.68 9188.27 9189.06 9189.98 9190.93 9192.43 9193.94 9194.66 9197.27 9202.19 9207.73 9213.57 9219.81 9226.17 9232.58 9238.11 9242.15 9239.83 9234.02
9127.58 9127.45 9129.2 9129.46 9132.4 9133.07 9132.99 9132.63 9132.54 9132.58 9135.56 9143.59 9152.95 9162.61 9172.41 9182.03 9191.43 9200.03 9209.06 9219.53 9234.41 9247.99 9258.67 9254.46 9242.51 9233.02 9226.13 9220.18 9214.84 9210.07 9206.1 9202.67 9198.32 9195.43 9193.34 9192.62 9194.96 9202.43 9213.27 9209.39 9198.7 9191.83 9187.9 9186.23 9185.73 9185.47 9185.41 9186.52 9187.28 9187.88 9188.58 9189.11 9190.19 9191.31 9192.94 9194.06 9196.6 9199.8 9204.48 9210.51 9217.16 9224.13 9231.39 9238.33 9243.46 9241.3 9233.93
9127.18 9126.96 9127.33 9129.03 9131.19 9132.58 9132.39 9131.89 9130.95 9128.86 9128.98 9141.87 9152.3 9162.12 9172.22 9181.84 9191.41 9200.5 9209.94 9221.38 9235.24 9245.85 9253.63 9246.33 9232.53 9223.87 9219.27 9214.83 9210.21 9205.65 9201.96 9198.9 9196.25 9194.32 9192.92 9193.13 9194.93 9197.65 9198.7 9196.36 9193.94 9190.97 9188.74 9187.53 9186.9 9187.01 9185.27 9185.52 9185.42 9186 9186.75 9188.27 9189.31 9190.54 9192.21 9193.55 9194.73 9196.45 9200.95 9206.88 9213.62 9220.83 9228.36 9235.92 9242.39 9240.4 9231.41
9127.51 9127.19 9128.07 9129.28 9132.86 9133.48 9133.05 9132.71 9132.47 9133.75 9140.81 9144.95 9153.91 9163.57 9173.27 9183.02 9192.73 9201.96 9211.19 9222 9234.62 9240.08 9238.96 9231.76 9222.05 9216.14 9213.69 9210.1 9205.76 9201.15 9197.25 9194.53 9192.89 9192.09 9191.53 9191.69 9192.18 9191.81 9189.87 9187.36 9188.3 9187.98 9187.51 9187.03 9186.48 9186.87 9186.85 9187.4 9187.78 9188.2 9186.92 9187.6 9188.47 9189.74 9191.47 9193.2 9194.66 9193.68 9196.87 9202.57 9209.12 9215.9 9222.78 9229.62 9235.94 9234.51 9224.88
9128.81 9130.84 9131.99 9133.68 9133.6 9134.03 9134.21 9134.56 9135.55 9137.48 9139.07 9148.5 9156.98 9166.07 9175.15 9184.89 9194.8 9204.67 9215.1 9226.28 9235.76 9237.28 9230.59 9222.79 9218.33 9214.33 9210.75 9206.74 9202.17 9197.3 9192.63 9190.54 9190.1 9189.98 9189.97 9189.84 9189.5 9188 9186.05 9184.55 9184.9 9185.64 9186.03 9186.28 9186.69 9186.9 9187.1 9187.74 9187.98 9188.05 9188.93 9189.19 9189.33 9189.85 9190.98 9191.72 9193.65 9190.53 9193.19 9198.03 9203.71 9209.45 9215.05 9219.59 9221.94 9219.74 9214.56
9129.6 9131.71 9133.45 9133.77 9134.33 9135.08 9136.11 9137.3 9139.12 9142.14 9148.04 9153.36 9160.27 9169.01 9178.28 9187.65 9197.33 9207.94 9219.22 9232.03 9241.9 9241.36 9231.84 9221.82 9217.99 9214.58 9210.07 9205.5 9200.51 9195.34 9189.66 9188.29 9188.83 9189.17 9189.19 9188.79 9187.97 9186.07 9184.26 9183.08 9182.87 9184.38 9185.5 9186.38 9187.27 9188.02 9188.26 9188.37 9188.53 9187.61 9187.67 9187.58 9187.68 9187.84 9188.37 9188.64 9188.43 9186.74 9189.44 9193.95 9198.81 9203.28 9206.95 9209.22 9209.06 9207.09 9204.05
9130.46 9132.33 9135.57 9137.04 9136.56 9137.38 9138.79 9140.36 9142.37 9145.59 9150.99 9156.06 9162.83 9171.58 9180.53 9190.1 9200.13 9211.17 9223.31 9239.43 9253.29 9251.61 9238.9 9226.18 9220.02 9215.56 9211.55 9206.62 9201.52 9196.57 9192.57 9190.31 9189.92 9189.8 9189.52 9188.84 9187.58 9185.6 9183.36 9181.18 9181.56 9183.63 9185.56 9186.57 9187.3 9187.97 9188.47 9188.95 9188.64 9188.49 9187.29 9186.86 9186.58 9186.19 9185.83 9184.65 9183.28 9183.45 9186.56 9190.39 9194.4 9197.86 9200.56 9201.12 9198.91 9193.71 9195.94
9132.64 9135.92 9137.35 9137.94 9138.88 9140.72 9141.73 9143.52 9145.84 9148.31 9149.98 9156.19 9166.02 9174.59 9182.67 9191.6 9202 9214.06 9228.12 9247.33 9264.61 9263.18 9247.92 9232.22 9224.24 9220.5 9214.73 9209.2 9203.8 9199.03 9196.31 9193.46 9192.4 9192 9191.33 9190.29 9188.86 9186.86 9184.19 9181.07 9182.1 9184.41 9185.94 9187.51 9188.08 9188.41 9188.7 9188.42 9188.52 9188.21 9187.94 9187.19 9186.49 9185.58 9184.23 9182.48 9180.42 9180.86 9184.4 9188.07 9191.38 9193.96 9195.52 9195.75 9194.77 9194.61 9192.99
9132.61 9133.2 9133.52 9135.78 9139.21 9142.51 9143.6 9146.13 9149.62 9153.72 9157.61 9163.85 9171.98 9177.66 9183.94 9191.66 9201.83 9215.04 9232.36 9252.58 9270.8 9272.16 9256.18 9236.24 9228.14 9223.59 9218.49 9212.88 9207.28 9201.24 9195.58 9196.18 9195.78 9194.97 9193.92 9192.76 9191.32 9189.56 9187.46 9185.67 9185.73 9187.01 9187.84 9188.55 9188.67 9189.48 9188.74 9188.73 9188.41 9188.05 9187.56 9186.6 9185.86 9184.82 9183.31 9181.93 9181.03 9181.39 9184.12 9186.65 9189.11 9191.02 9192.26 9192.56 9192.36 9192.09 9191.26
9132.63 9133.42 9132.9 9134.72 9137.7 9140.25 9143.73 9147.77 9152.97 9160.24 9171.32 9180.28 9178.92 9179.8 9183.41 9189.46 9198.54 9211.29 9229.69 9252.21 9274.36 9281.11 9265.89 9246.52 9236.45 9229.58 9222.7 9217.24 9212.4 9207.37 9203.11 9201.92 9200.46 9198.78 9197.22 9195.8 9194.4 9193.19 9192.29 9191.69 9191.3 9190.79 9189.82 9190.09 9190 9189.15 9189.45 9188.82 9188.39 9187.82 9187.34 9186.87 9186.09 9185.16 9183.68 9182.31 9181.66 9184.03 9184.94 9186.63 9188.43 9189.81 9190.56 9190.85 9190.62 9189.9 9189.94
