real_craters/C099-300m.grd
DSAA
220 220
-32.9175 32.9175
-32.9175 32.9175
8234.6284986945 9637.8688830803
[rows 120 to 149 of 220, columns 134 to 200 of 220]
9403.74 9481.98 9555.79 9611.43 9607.85 9568.39 9509.56 9445.58 9382.44 9325.1 9280.54 9256.32 9242.6 9234.47 9231.94 9234.39 9236.89 9241.73 9246.97 9253.25 9258.19 9260.47 9262.66 9264.5 9265.88 9266.86 9266.95 9266.42 9269.13 9271.76 9274.18 9276.75 9279.17 9280.66 9282.6 9285.2 9288.1 9290.84 9293.49 9297.08 9304.93 9316.04 9326.23 9334.61 9353.37 9357.88 9360.38 9362.67 9366.88 9364.23 9356.76 9349.68 9340.5 9336.98 9338.4 9339.34 9344.82 9343.93 9341.64 9339.27 9336.96 9335.96 9330.36 9310.04 9303.27 9298.68 9294.47
9422.43 9526.07 9625.04 9635.84 9606.19 9563.54 9508.71 9443.49 9384.02 9330.92 9290.13 9262.18 9245.59 9237.05 9233.55 9235.02 9235.74 9238.76 9243.21 9248.29 9252.62 9255.41 9258.77 9261.79 9264.13 9266.04 9267.83 9269.67 9271.31 9272.94 9275.56 9280.57 9280.82 9279.96 9280.87 9282.32 9283.68 9287.42 9290.8 9294.37 9299.49 9305.15 9311.07 9330.13 9351.17 9355.55 9358.22 9359.03 9359.28 9353.17 9345.09 9340.78 9338.25 9339.94 9341.33 9338.34 9336 9333.6 9331.39 9329.38 9326.45 9321.11 9310.46 9302 9296.88 9294.32 9291.79
9430.22 9536.62 9629.01 9637.87 9600.39 9553.29 9497.95 9435.83 9378.92 9327.93 9286.19 9258.37 9244.23 9236.29 9234.98 9234.01 9237.17 9240.13 9242.31 9245.1 9249.2 9252.32 9256.6 9260.46 9263.41 9266.01 9268.84 9271.93 9272.93 9272.91 9274.05 9275.53 9276.11 9277.09 9278.91 9281.7 9284.18 9286.27 9289.29 9293.16 9296.97 9299.92 9303.47 9320.47 9343.3 9350.41 9353.8 9354.21 9352.89 9347.83 9342.91 9339.59 9334.21 9336.94 9339.24 9335.68 9332 9329.57 9326.52 9322.98 9318.11 9311.42 9302.17 9295.32 9293.16 9291.96 9290.63
9432.2 9521.1 9592.82 9611.35 9581.4 9532.22 9479.02 9421.45 9368.04 9318.49 9274.1 9248.93 9239.12 9233.52 9233.23 9234.6 9237.74 9240.84 9243.34 9244.12 9247.34 9251.59 9256.51 9260.57 9263.84 9266.41 9268.79 9270.33 9270.76 9271.34 9271.56 9270.91 9270.9 9273.34 9275.82 9279.54 9283.74 9284.92 9288.18 9292.66 9297.73 9298.79 9302.77 9315.87 9333.86 9344.23 9347.59 9347.91 9348.5 9349.09 9342.08 9332 9332.95 9340.24 9338.05 9332 9327.78 9324.61 9320.95 9316.45 9311.7 9306.02 9299.8 9296.78 9294.1 9290.94 9288.91
9436.56 9496.74 9544.93 9559.33 9540.88 9495.32 9451.11 9402.82 9355.34 9309.36 9267.82 9242.86 9234.3 9231.55 9232.34 9235.08 9238.8 9243.21 9246.78 9247.79 9250.64 9254.67 9258.88 9262.43 9265.44 9267.6 9268.94 9268.85 9268.94 9270.49 9270.63 9269.58 9268.68 9270.97 9272.25 9273.25 9276.45 9281.2 9285.87 9290.79 9295.08 9297.61 9302.48 9317.93 9335.63 9341.32 9341.82 9340.8 9340.53 9345.14 9345.32 9339.3 9334.9 9335.57 9332.01 9325.94 9321.57 9318.01 9314.55 9310.87 9306.73 9302.61 9298.16 9296.53 9293.98 9290.05 9286.27
9445.87 9470.34 9482.72 9477.29 9463.77 9444.81 9418.96 9383.64 9343.54 9302.56 9264.14 9239.4 9231.51 9230.22 9232.01 9235.9 9241.41 9247.19 9253.42 9258.2 9261.16 9261.33 9263.31 9265.86 9268.15 9269.81 9270.83 9271 9271.39 9271.98 9272.01 9271.73 9272.04 9270.81 9270.21 9269.61 9272.45 9278.17 9283.54 9288.37 9292.53 9296.22 9302.45 9320.72 9340.21 9338.88 9335.64 9331.44 9326.56 9320.38 9322.64 9327.09 9323.59 9321.26 9319.05 9316.36 9313.82 9311.01 9308.24 9305.66 9302.79 9299.9 9298.81 9296.78 9293.41 9288.78 9284.98
9455.32 9447.82 9437.24 9419.35 9401.91 9406.22 9394.91 9369.74 9335.59 9299.12 9263.29 9238.49 9231.59 9231.22 9233.05 9237.89 9244.01 9251.81 9260.87 9267.73 9269.61 9268.44 9268.33 9269.47 9270.88 9272.42 9273.81 9274.2 9274.21 9274.94 9274.73 9273.9 9272.38 9271.2 9269.88 9270.04 9272.64 9277.32 9282.53 9287.26 9291 9294.66 9301.52 9316.92 9331.51 9331.57 9327.07 9320.79 9313.23 9305.06 9299.78 9297.92 9300.05 9301.57 9303.98 9305.3 9305.16 9304.13 9302.38 9300.28 9298.14 9296.2 9294.52 9292.55 9289.94 9286.52 9283.81
9454.55 9429.35 9409.93 9393.74 9395.46 9398.03 9387.5 9364.81 9334.47 9301.03 9268.46 9245.34 9235.88 9234.55 9235.82 9240.45 9246.61 9255.39 9266.04 9275.06 9275.43 9272.76 9271.65 9272.02 9273.37 9275.34 9277.28 9278.8 9279.57 9279.72 9277.87 9275.62 9275.35 9270.88 9269.18 9270.15 9272.82 9277.35 9282.78 9287.97 9291.75 9294.69 9296.9 9310.01 9322.22 9320.75 9317.23 9311.31 9303.53 9294.35 9288.82 9284.65 9284.38 9287 9291.39 9294.87 9295.98 9296.16 9296.07 9295.01 9293.34 9291.57 9288.97 9286.16 9284.76 9283.45 9282.69
9435.38 9410.23 9390 9379.71 9398.92 9406.37 9391.35 9366.35 9337.2 9305.58 9275.66 9252.46 9241.17 9238.03 9238.11 9242.75 9248.15 9256.68 9266.67 9275.97 9275.84 9273.69 9272.7 9273.32 9274.69 9277.1 9280.2 9283.84 9287.81 9285.58 9280.43 9275.38 9269.7 9267.39 9266.64 9268.19 9271.78 9277.34 9283.76 9290.52 9297.07 9301.23 9301.73 9305.45 9306.37 9309.11 9308.33 9303.75 9297.7 9290.83 9283.62 9278.46 9279.05 9280.87 9284.05 9286.72 9288.5 9289.11 9289.55 9289.96 9289.05 9287.63 9285.42 9282.55 9279.4 9280.53 9282.52
9408.74 9393.38 9378.72 9374.39 9405.16 9420.05 9401.04 9372.99 9342.73 9311.67 9283.25 9260.34 9247.11 9241.6 9240.06 9243.5 9247.77 9254.69 9261.78 9267.07 9269.77 9270.75 9271.53 9272.91 9274.98 9277.43 9281.13 9285.69 9290.6 9287.67 9281.11 9275.14 9269.65 9266.38 9264.14 9263.88 9270.02 9277.15 9284.79 9292.84 9301.15 9306.96 9307.89 9305.63 9303.54 9304.62 9303.62 9299.19 9293.47 9287.32 9281.09 9277.18 9276.98 9277.72 9279.55 9282.01 9283.95 9285.5 9286.11 9285.59 9285.32 9284.5 9283.51 9282.53 9278.95 9278.11 9279.48
9392.65 9381.79 9373.45 9375.11 9407.23 9427.64 9407.44 9379.48 9348.07 9317.07 9289.15 9266.35 9250.8 9242.9 9240.36 9241.51 9245.46 9250.71 9256.04 9259.7 9263.32 9266.3 9268.53 9270.88 9273.3 9276.37 9279.75 9283.04 9285.22 9283.32 9279.28 9274.91 9271.56 9268.26 9264.98 9264.58 9270.18 9277.13 9284.65 9293.06 9301.53 9307.09 9305.95 9306.51 9307.86 9306.98 9302.59 9296.27 9288.92 9282.25 9277.29 9274.48 9272.37 9273.9 9276.08 9278.27 9280.22 9282.59 9283.38 9283.55 9283.22 9282.37 9281.18 9278.64 9275.9 9274.75 9275.92
9389.19 9377.63 9372.49 9376.92 9401.98 9423.66 9407.41 9380.51 9350.3 9319.74 9291.79 9268.83 9252.46 9242.32 9238.51 9238.42 9241.51 9246.03 9252.08 9257.08 9258.69 9261.56 9264.38 9267.55 9270.63 9273.87 9276.67 9278.88 9278.79 9277.6 9276.65 9273.84 9270.73 9268.03 9267.03 9268.32 9271.38 9276.71 9283.36 9291.02 9298.93 9302.91 9301.64 9305.89 9309.42 9308.84 9303.09 9294.79 9285.32 9277.87 9274.09 9272.04 9270.56 9271.08 9273.41 9275.43 9277.92 9279.41 9280.73 9281.38 9281.43 9280.64 9279.51 9278.87 9274.89 9272.82 9272.44
9382.3 9373.1 9371.26 9377.04 9394.53 9411.58 9401.78 9378.2 9350.18 9319.79 9291.17 9267.66 9249.22 9238.44 9234.73 9234.34 9237.05 9240.75 9246.07 9251.02 9253.13 9256.43 9260.07 9263.83 9267.07 9270.52 9273.69 9276.06 9276.73 9276.42 9275.54 9272.65 9269.29 9266.96 9267.22 9268.93 9271.64 9275.66 9280.87 9287.13 9294.24 9298.98 9299.51 9305.56 9310.68 9310.94 9304.92 9294.88 9284.2 9276.97 9273.89 9271.97 9269.67 9269.94 9272.33 9274.56 9276.76 9278.1 9279.06 9279.72 9279.7 9279.29 9278.1 9275.78 9275.49 9273.93 9269.16
9373.8 9369.22 9370.25 9378.69 9392.27 9403.02 9395.83 9375.53 9348.44 9317.86 9287.33 9259.13 9238.57 9231.77 9229.96 9230.72 9232.97 9235.26 9238.32 9242.72 9246.83 9251.44 9255.59 9259.74 9263.54 9267.06 9270.21 9273.65 9277.22 9279.55 9275.55 9271.49 9267.96 9265.35 9267.76 9269.6 9271.45 9273.85 9277.3 9281.76 9287.01 9292.07 9297.12 9305.52 9313.69 9315.99 9308.27 9295.37 9283.02 9276.81 9276.96 9273.75 9269.75 9270.63 9272.75 9274.44 9275.92 9277.07 9278.2 9278.53 9278.83 9278.56 9277.83 9276.89 9275.39 9271.78 9266.85
9363.3 9362.08 9365.6 9375.37 9389.18 9397.29 9393.56 9373.43 9346.3 9315.49 9283.82 9253.25 9231.19 9226.29 9226.47 9228.06 9229.77 9231.15 9232.07 9235.93 9242 9247.33 9252.04 9256.33 9260.09 9263.32 9266.44 9269.67 9273.41 9276.06 9272.14 9269.2 9267.47 9266.67 9269.16 9270.18 9270.67 9271.6 9273.14 9275.32 9277.86 9280.77 9290.23 9304.63 9317.23 9324.35 9312.04 9295.13 9280.22 9274.78 9276.27 9273.94 9273.08 9273.47 9274.03 9274.93 9276.01 9276.85 9277.66 9278.16 9278.38 9278.35 9278 9276.83 9275.04 9272.98 9267.82
9354 9352.22 9355.56 9365.33 9382.78 9400.35 9393.41 9370.46 9342.86 9312.72 9282.14 9252.9 9230.92 9225.44 9225.77 9227.65 9229.42 9230.69 9231.3 9234.59 9239.96 9244.93 9249.37 9253.28 9256.61 9259.8 9262.2 9264.17 9264.82 9263.75 9264.49 9265.72 9266.79 9268.47 9269.77 9269.8 9269.34 9269.04 9269.07 9269.47 9270.5 9273.63 9287 9303.72 9317.9 9326.25 9312.52 9292.39 9276.36 9270.63 9267.6 9268.25 9271.39 9274.38 9274.72 9275.18 9276.05 9276.74 9277.53 9277.92 9278.24 9278.33 9278.38 9278.34 9276.9 9270.53 9269.43
9339.84 9337.6 9339.47 9345.81 9357.89 9381.14 9384.03 9362.96 9336.91 9309.46 9281.84 9256.21 9236.5 9229.75 9228.74 9229.73 9231.3 9233.51 9236.46 9237.46 9240.3 9243.84 9247.35 9251.34 9254.27 9256.92 9258.56 9259.08 9258.07 9256.09 9258.82 9262.8 9265.71 9267.97 9269.26 9269.04 9267.89 9266.87 9266.05 9265.55 9266.18 9272.21 9288.88 9302.7 9313.74 9320.84 9306.56 9285.64 9270.06 9265.6 9262.02 9262.66 9266.95 9272.47 9274.23 9275.07 9275.8 9276.6 9277.26 9277.94 9278.37 9278.51 9278.15 9277.83 9275.77 9271.61 9268.66
9322.25 9320.37 9321.94 9324.45 9327.8 9354.17 9365.02 9349.37 9328.01 9305.23 9281.86 9261.25 9245.5 9237.21 9233.71 9233.02 9234 9236.24 9239.04 9239.67 9241.15 9243.77 9246.49 9249.48 9251.85 9254.23 9255.64 9256.24 9255.44 9254.53 9257.15 9261.85 9265.26 9267.09 9267.68 9268.01 9266.8 9265.31 9264.09 9263.37 9264.09 9272.2 9291.5 9300.39 9304.57 9303.84 9292.58 9276.41 9264.84 9262.66 9261.46 9262.94 9266.74 9271.52 9273.39 9274.39 9275.16 9275.95 9276.67 9277.48 9277.88 9278.04 9277.99 9277.2 9275.57 9271.08 9267.84
9302.1 9303.57 9307.11 9311.25 9316.6 9329.82 9337.54 9332.35 9317.75 9299.65 9280.84 9264.57 9252.41 9243.81 9238.55 9236.81 9236.99 9238.22 9239.51 9240.71 9242.2 9244.14 9246.07 9248.1 9250.46 9251.97 9253.64 9254.67 9255.26 9256.17 9259.06 9262.88 9265.95 9268.9 9269.77 9268.13 9266.2 9264.05 9262.86 9262.88 9265.48 9276.19 9293.15 9296.33 9293.76 9286.5 9277.38 9268.55 9262.81 9262.4 9261.66 9263.71 9266.96 9270.32 9272.47 9273.84 9274.67 9275.39 9276.47 9277.07 9277.53 9277.65 9277.62 9276.45 9273.82 9271.87 9268.92
9286.62 9291.09 9297.72 9304.88 9312.57 9318.93 9321.41 9319.91 9308.42 9293.4 9277.93 9264.73 9254.64 9247.06 9241.98 9239.92 9239.88 9241.35 9242.58 9242.53 9243.42 9244.65 9246 9247.49 9248.93 9250.45 9252.08 9253.69 9256.13 9259.98 9263.32 9264.22 9266.04 9268.08 9269.95 9267.73 9264.94 9262.92 9261.73 9262.31 9266.42 9276.66 9289.1 9289.49 9284.07 9275.62 9268.93 9265.51 9262.85 9263.07 9263.64 9264.19 9266.43 9268.95 9271.61 9273.57 9275.01 9276.05 9276.07 9276.76 9277.16 9277.46 9277.23 9276.48 9275.4 9271.32 9268.26
9282.06 9285.77 9293.89 9302.55 9311.9 9320.33 9323.69 9312.3 9299.88 9286.82 9273.45 9262.23 9253.4 9247.15 9243.13 9241.76 9241.85 9243.03 9244.31 9244.08 9244.61 9245.41 9246.38 9247.46 9248.22 9249.52 9251.01 9252.67 9255.45 9259.26 9262.13 9263.15 9265.02 9266.68 9270.74 9265.15 9262.23 9260.37 9259.72 9260.33 9263.54 9271.67 9279.93 9280.95 9276.5 9269.6 9267.26 9271.6 9261.34 9270.54 9270.26 9265.26 9266.86 9269.13 9271.32 9272.79 9273.76 9274.52 9275.28 9275.93 9276.01 9276.19 9276.32 9276.15 9274.35 9269.41 9264.75
9282.79 9287.17 9294.15 9301.5 9310.36 9316.25 9311.21 9301.33 9290.05 9278.66 9267.33 9257.72 9249.55 9243.8 9242.6 9242.84 9243.43 9243.18 9244.27 9245.14 9245.53 9245.85 9246.28 9246.86 9247.5 9248.52 9249.73 9251.11 9253.06 9254.96 9256.49 9259.58 9262.46 9264.99 9259.24 9259.19 9258.04 9257.1 9256.99 9257.73 9259.23 9266.01 9272.4 9274.18 9271.43 9266.46 9265.42 9279.68 9228.74 9238.8 9261.3 9265.99 9268.09 9269.83 9271.4 9272.83 9273.22 9273.76 9274.18 9274.41 9274.77 9274.83 9275.03 9275.37 9275.93 9272.53 9267.27
9294.68 9295.31 9296.9 9299.32 9301.34 9299.84 9295.46 9287.95 9278.18 9269.04 9260.33 9252.72 9246.07 9241.64 9242.51 9244.39 9246.06 9246.54 9247.02 9246.95 9246.74 9246.5 9246.02 9246.18 9246.35 9246.99 9247.97 9249.07 9250.28 9251.45 9252.67 9255.79 9258.45 9258.82 9255.26 9253.87 9253.55 9253.57 9254.27 9255.65 9258.63 9263.2 9268.61 9270.64 9268.89 9266.34 9265.02 9270.77 9209.81 9214.95 9250.68 9266.23 9268.75 9270.46 9271.67 9272 9272.33 9272.81 9272.89 9272.91 9272.95 9272.82 9272.72 9273.16 9273.34 9270.61 9263.42
9311.59 9304.96 9298.9 9296.37 9294.14 9289.73 9283.73 9273.92 9265.57 9258.73 9252.91 9248 9244.32 9242.64 9243.56 9245.73 9249.31 9253.47 9251.79 9248.94 9247.61 9246.49 9245.89 9245.68 9245.58 9245.88 9246.21 9246.98 9247.68 9248.86 9250.61 9252.62 9254.59 9255.22 9251.87 9249.52 9249.48 9250.21 9251.49 9253.31 9256.15 9260.32 9264.73 9267.04 9266.8 9266.74 9268.54 9265.3 9246.36 9259.42 9260.11 9264.41 9267.37 9269.04 9269.98 9270.75 9271.22 9271.34 9271.29 9271.44 9271.19 9270.78 9270.36 9269.84 9269.31 9267.86 9263.36
9306.86 9302.24 9296.74 9292.67 9289.01 9284.96 9269.58 9257.95 9252.36 9248.43 9245.64 9243.23 9242.36 9242.94 9244.01 9245.96 9249.28 9252.74 9251.88 9249.13 9247.34 9246.02 9245.09 9244.55 9244.43 9244.32 9244.5 9244.7 9245.17 9245.85 9247.33 9248.43 9249.81 9250.38 9246.04 9244.59 9245.58 9246.99 9248.74 9250.68 9253.04 9256.65 9259.96 9262.3 9263.74 9265.15 9266.22 9263.39 9262.1 9260.94 9261.1 9262.59 9265.27 9267.26 9268.66 9269.75 9270.48 9270.63 9270.56 9270.1 9269.52 9268.25 9267.25 9265.77 9263.82 9262.28 9260.6
9296.56 9293.61 9292.05 9287.2 9281.17 9272.22 9256.68 9243.93 9240.09 9238.73 9238.39 9238.22 9239.24 9240.86 9242.31 9244.53 9246.7 9247.9 9248.58 9247.37 9245.85 9244.58 9244.01 9243.37 9242.96 9242.54 9242.42 9242.3 9242.28 9241.94 9241.81 9242.9 9244.51 9244.18 9242.06 9241.11 9242.4 9244.28 9246.29 9248.39 9250.79 9253.04 9255.29 9257.13 9259.12 9261.46 9263.3 9261.96 9259.02 9256.78 9257.91 9260.41 9263.39 9266.19 9268.41 9269.16 9269.55 9269.55 9269.09 9268.67 9267.99 9267.04 9265.18 9262.69 9259.21 9258.91 9259.44
9296.42 9295.41 9288.67 9281.38 9272.77 9263.45 9247.2 9232.43 9229.51 9230.04 9231.91 9233.7 9235.59 9237.04 9239.45 9242.24 9244.66 9246.16 9245.92 9245.26 9244.41 9243.57 9243.18 9242.73 9242.28 9241.83 9241.36 9240.84 9240.1 9238.99 9237.95 9238.84 9241.12 9241.48 9239.11 9238.24 9240.22 9242.36 9244.44 9246.12 9247.93 9249.96 9251.32 9252.65 9254.57 9256.81 9258.77 9260.05 9259.11 9256.8 9255.99 9258.19 9261.88 9265.09 9267.52 9268.25 9268.28 9268.4 9268.12 9267.66 9266.79 9265.6 9263.86 9261.67 9259.06 9260.31 9258.57
9294.69 9292.21 9284.89 9275.13 9263.44 9250.81 9234.9 9222.14 9220.87 9222.98 9226.31 9230.22 9233.35 9235.73 9238.32 9240.79 9241.88 9242.5 9242.97 9242.67 9242.18 9241.6 9241.34 9241 9240.63 9240.23 9239.78 9239.07 9238.25 9237.05 9236.48 9237.19 9238.7 9239.01 9237.8 9237.63 9238.96 9241.04 9243.44 9245.4 9246.88 9248 9248.48 9248.9 9250.64 9252.57 9254.13 9258.12 9258.21 9256.31 9255.98 9257.59 9260.52 9263.48 9265.73 9266.68 9266.82 9266.7 9266.42 9265.95 9265.3 9264.38 9263.51 9262.4 9262.03 9263.59 9259.31
9292.48 9289.48 9281.28 9269.36 9254.54 9237.53 9222.05 9214.86 9214.33 9217.87 9222.72 9228.11 9232.85 9236.98 9239.91 9240.95 9240.77 9240.14 9240.25 9240.07 9239.85 9239.56 9239.39 9239.16 9239.12 9238.46 9237.99 9237.49 9236.55 9235.82 9235.57 9236.26 9236.83 9236.9 9236.45 9236.85 9237.75 9240.07 9243.14 9246.32 9247.3 9247.2 9246.95 9246.81 9248.47 9250.41 9251.08 9253.41 9254.87 9255.21 9255.38 9257.28 9259.84 9262.33 9263.88 9265.07 9265.42 9265.38 9265.2 9264.57 9264.09 9263.43 9262.9 9262.17 9261.08 9259.03 9255.22
9290.1 9287.84 9279.09 9265.35 9248.47 9230.7 9215.9 9208.39 9209.96 9214.69 9220.65 9227.32 9233.49 9238.98 9242.18 9241.72 9240.42 9238.98 9237.84 9237.45 9237.31 9237.47 9237.69 9237.89 9238.22 9237.96 9237.4 9236.9 9235.79 9234.82 9234.05 9233.98 9235.36 9235.31 9234.48 9234.03 9235.91 9238.46 9242.11 9246.62 9247.12 9246.84 9246.67 9246.51 9248.52 9251.49 9252.55 9251.11 9253.91 9254.73 9255.35 9257.38 9259.74 9261.67 9263.84 9264.4 9263.94 9263.97 9263.98 9263.7 9263.22 9262.91 9262.48 9261.96 9259.39 9254.06 9250.57
