real_craters/C099-500m.grd
DSAA
133 133
-32.9175 32.9175
-32.9175 32.9175
8234.1396097092 9634.089339426
[rows 90 to 119 of 133, columns 0 to 66 of 133]
9132.67 9132.63 9135.46 9139 9146.24 9155.59 9173.2 9181.19 9180.22 9187.82 9203.34 9232.51 9272.6 9276.14 9248.36 9231.99 9220.85 9213.46 9207.12 9203.03 9200.01 9196.84 9194.73 9193.65 9193.18 9191.39 9189.7 9189.5 9189.21 9188.18 9187.62 9186.77 9185.35 9183.12 9181.98 9185.22 9187.98 9190 9190.46 9189.99 9189.94 9190.39 9190.2 9199.87 9203.06 9200.74 9202.45 9207.78 9214.8 9223.06 9233.35 9246.96 9260.72 9261.62 9267.79 9281.85 9318.83 9306.65 9296.14 9289.07 9279.99 9261.14 9232.34 9222.5 9249.5 9274.5 9286.03
9130.54 9135.08 9136.11 9139 9145.03 9153.7 9165.54 9170.57 9172.77 9177.96 9188.24 9213.94 9253.32 9269.99 9263.84 9240.37 9225.41 9223.94 9223.91 9213.2 9206.06 9201.44 9199.19 9199.82 9200.74 9195.67 9191.46 9189.29 9189.08 9188.26 9187.97 9187.49 9187.51 9188.2 9187.24 9187.17 9189.88 9190.6 9190.01 9187.92 9188.3 9193.46 9199.71 9203.18 9205.2 9210.45 9209.73 9210.31 9214.56 9221.05 9227.96 9236.22 9245.1 9246.6 9246.83 9248.67 9261.1 9273.36 9272.91 9268.93 9264.86 9250.62 9227.41 9222.96 9241.11 9265.19 9274.84
9133.84 9139.28 9138.02 9139.18 9142.64 9147.44 9150.36 9153.87 9161.91 9167.63 9171.8 9191.67 9223.8 9240.74 9244.8 9230.08 9220.26 9222.96 9223.53 9216.57 9209.35 9204.3 9201.18 9199.41 9199.08 9194.56 9190.6 9188.85 9188.57 9189.79 9189.3 9189.04 9189.48 9191.32 9193.92 9194.87 9195.27 9193.87 9192.07 9192.07 9195.7 9195.2 9201.19 9202.48 9204.26 9207.82 9209.89 9210.48 9213.14 9216.51 9219.85 9221.23 9224.39 9230.58 9232.05 9231.1 9237.6 9247.98 9249.95 9247.38 9240.41 9234.24 9226.47 9228.16 9241.62 9253.92 9268.21
9140.37 9141.27 9140.03 9139.8 9141.24 9143.82 9145.84 9149.38 9156.8 9164.07 9173.82 9188.21 9206.69 9218.35 9220.93 9214.03 9211.89 9219.13 9219.5 9214.2 9208.49 9203.83 9200.14 9196.77 9191.71 9190.47 9188.6 9186.95 9186.17 9189.71 9189.77 9190.5 9191.29 9189.97 9196.3 9204.14 9201.88 9197.99 9193.78 9188.77 9181.67 9192.13 9195.54 9194.9 9192.8 9199.3 9205.16 9208.18 9210.65 9213.43 9215.9 9216.76 9219.15 9223.02 9224.96 9227.07 9232.23 9232.62 9231.57 9229.31 9228.38 9227.61 9231.43 9235.21 9245.66 9264.26 9267.15
9140.69 9142.48 9141.81 9139.45 9140.18 9143.94 9146.76 9152.58 9157.7 9164.8 9172.83 9186.99 9201.43 9211.71 9211.93 9210.8 9214.71 9216.83 9214.08 9208.19 9203.47 9199.42 9195.91 9193.27 9192.3 9190.02 9187.42 9186.53 9186.56 9188.71 9189.55 9191.06 9193.89 9200.21 9207.23 9212.82 9206.75 9200.61 9195.16 9191.28 9189.17 9189.9 9191.57 9189.92 9183.93 9195.87 9201.84 9205.19 9207.8 9210.79 9214.13 9216.28 9217.88 9219.76 9222.01 9227.36 9223.08 9217.83 9216.5 9212.99 9212.03 9218.96 9227.43 9234.58 9241.9 9250.2 9253.88
9142.63 9145.93 9144.79 9145.14 9146.78 9147.39 9150.34 9156.54 9161 9168.47 9179.1 9189.09 9200.71 9212.17 9213.19 9215.61 9221.15 9208.43 9204.71 9202.38 9199.68 9196.73 9193.58 9190.99 9188.61 9186.43 9185.96 9185.73 9188.57 9189.52 9190.65 9192.27 9194.89 9199.29 9206.65 9210.96 9206.73 9200.6 9194.9 9189.85 9185.79 9185.36 9186.06 9186.98 9191.17 9196.88 9198.82 9201.18 9204 9207.22 9211.85 9220.55 9218.16 9216.55 9217.74 9218.33 9216.92 9213.19 9205.95 9201.22 9197.9 9211.47 9227.16 9230.21 9232.97 9233.91 9235.98
9142.08 9145.64 9147.56 9148.51 9149.72 9150.63 9152.59 9155.73 9161.6 9170.26 9178.62 9191.31 9200.04 9205.47 9218.75 9230.98 9212.17 9201.12 9196.87 9196.5 9195.3 9193.21 9190.36 9187.56 9183.23 9182.07 9183.57 9184.97 9188.61 9190.22 9191.52 9192.79 9193.88 9195.25 9201.6 9206.5 9203.14 9198.21 9193.47 9188.74 9183.82 9182.81 9180.24 9177.6 9189.39 9192.81 9194.49 9196.08 9198.22 9200.41 9203.24 9206.62 9209.5 9210.61 9211.17 9208.99 9203.36 9200.64 9197.32 9197.19 9201.37 9210.01 9219.34 9225.22 9226.44 9223.09 9224.45
9145.04 9148.58 9151.29 9152.31 9152.42 9154.47 9155.46 9156.49 9162.83 9172.52 9183.45 9195.03 9204.39 9207.66 9219.43 9224.21 9202.72 9193.49 9192.96 9192.44 9191.22 9189.36 9187.26 9184.87 9181.67 9180.62 9182.99 9185.52 9189.01 9191.3 9192.77 9193.47 9193.18 9193.39 9196.36 9197.46 9197.02 9194.69 9191.41 9188.76 9188.47 9184.76 9180.83 9180.9 9184.21 9186.21 9188.52 9190.68 9192.65 9193.7 9192.81 9190.99 9198.98 9203.72 9206.26 9204.67 9202.31 9191.57 9189.94 9191.58 9200.59 9210.23 9220.18 9223.62 9224.99 9225.65 9229.36
9154.18 9155.62 9156.24 9157.39 9160.06 9160.24 9161.39 9163.03 9169.79 9179.5 9188.02 9203.35 9215.85 9227.55 9228.21 9209.16 9199.11 9196.97 9191.8 9189.06 9187.86 9186.53 9184.21 9182.54 9181.51 9181.91 9183.36 9186.81 9189.95 9192.54 9194.82 9196.11 9195.19 9192.6 9194.71 9193.77 9193.24 9191.21 9188.47 9186.15 9185.01 9182.13 9180.43 9183.2 9185.82 9181.44 9183.11 9185.68 9188.19 9189.62 9189.56 9189.04 9195.74 9200.56 9203.34 9203.76 9201.4 9190.18 9186.56 9185.12 9190.32 9208.16 9220.12 9222.13 9224.69 9228.25 9230.67
9157.55 9159.76 9160.37 9161.81 9164.36 9166.28 9169.33 9174.86 9183.96 9193.65 9204.77 9213.17 9224.57 9236.39 9230.41 9204.29 9196.22 9193.82 9190.31 9187.7 9186.16 9184.93 9182.38 9181.42 9181.61 9181.22 9183.9 9187.52 9191.58 9195.25 9198.61 9201.2 9202.55 9200.77 9198.33 9195.98 9192.87 9188.89 9185.42 9181.65 9175.84 9173.06 9176.39 9177.93 9179.87 9177.09 9178.14 9181.38 9184.38 9187.54 9192.06 9196.03 9196.4 9199.03 9201.79 9203.05 9200.16 9189.95 9189.72 9192.47 9197.33 9204.51 9212.64 9218.08 9221.98 9227.65 9236.75
9156.55 9161.16 9163.5 9165.67 9168.49 9171.64 9175.35 9181.89 9189.63 9200.29 9210.29 9218.9 9226.51 9230.88 9225.04 9206.28 9195.63 9190.66 9187.79 9186.01 9185.08 9184.18 9182.9 9181.96 9181.64 9180.99 9184.55 9188.94 9193.37 9197.62 9201.69 9205.79 9209.99 9209.1 9201.42 9194.87 9189.54 9186.28 9182.87 9179.43 9176.19 9175.16 9173.98 9173.63 9172.08 9169.44 9174.9 9178.42 9181.08 9183.93 9188.21 9192.62 9194.42 9197.76 9201.35 9204.14 9205.99 9201.16 9195.93 9196.89 9201.09 9205.92 9210.55 9213.54 9215.53 9217.35 9217.55
9162.19 9163.28 9164.91 9167.78 9172.39 9175.52 9178.85 9182.64 9186.25 9205.33 9216.31 9221.59 9224.38 9224.13 9217.34 9200.6 9191.22 9186.2 9184.97 9184.58 9184.08 9183.25 9183.45 9183.16 9183.07 9183.08 9186.43 9191.21 9195.65 9199.88 9204.08 9207.94 9210.28 9208.01 9201.26 9193.76 9188.21 9183.96 9180.88 9178.53 9176.93 9175.24 9172.18 9169.21 9169.25 9173.36 9175.92 9177.55 9178.58 9179.35 9178.33 9183.32 9190.04 9195.52 9201.1 9205.88 9210.98 9207.79 9200.31 9199.17 9203.41 9209.56 9210.3 9209.51 9208.54 9205.75 9199.88
9164.97 9165.35 9166.36 9167.72 9169.89 9173.84 9182.04 9190.71 9204.66 9217.68 9221.46 9221.11 9220.02 9216.71 9208.58 9198.55 9190.75 9185.55 9183.04 9183.03 9183.24 9184.07 9184.68 9186.04 9187.08 9188.45 9191.62 9195.01 9197.66 9200.93 9204.49 9208.3 9210.73 9206.82 9199.24 9191.31 9184.65 9181.24 9178.81 9177.04 9176.1 9176.34 9171.11 9167.1 9168 9177.04 9177.34 9177.12 9176.85 9177.03 9179.25 9181.39 9186.51 9192.18 9197.67 9203.9 9209.72 9211.35 9201.95 9204.67 9206.17 9207.99 9207.56 9205.31 9202.6 9198.8 9194.86
9166.55 9166.56 9167.08 9168.09 9170.43 9176.22 9184.66 9197.28 9217.59 9220.86 9219 9216.46 9213.88 9210.59 9206.78 9194.55 9184.75 9181 9181.13 9182.85 9184.74 9186.52 9187.4 9188.7 9191.37 9195.46 9197.32 9197.55 9198.88 9200.66 9202.99 9205.76 9209.03 9203.53 9195.55 9187.74 9181.26 9178.48 9176.81 9175.43 9174.75 9174.38 9170.3 9166.58 9165.73 9172.79 9176.78 9177.29 9175.97 9174.3 9175.83 9177.92 9182.89 9188.14 9193.96 9199.12 9201.82 9198.06 9202.64 9203.5 9206.75 9207.52 9203.64 9200.86 9198.06 9195.6 9194.33
9167.25 9166.78 9167.39 9168.45 9170.79 9175.06 9183.48 9193.41 9200.37 9205.51 9209.04 9208.86 9207.12 9203.6 9197.34 9190.79 9187.02 9179.62 9180.09 9183.02 9185.78 9187.95 9190.06 9192.39 9194.71 9196.85 9198.4 9199.05 9198.81 9199.17 9199.46 9199.27 9197.66 9195.62 9190.48 9184.76 9179.34 9177.14 9174.94 9173.03 9171.22 9169.75 9167.07 9167.12 9165.81 9175.24 9179.73 9178.96 9175.7 9171.85 9168.71 9174.06 9179.55 9185.45 9190.39 9195.04 9199.19 9204.42 9212.48 9217.34 9208.5 9198.12 9198.61 9196.95 9194.96 9193.16 9192.78
9165.41 9166.09 9166.58 9167.7 9170.03 9172.22 9180.3 9186.18 9193.85 9196.15 9197.97 9199.75 9199.98 9197.79 9191.85 9189.42 9186.94 9180.64 9182.99 9186.12 9188.52 9190.64 9192.79 9194.78 9196.95 9199.08 9200.48 9199.25 9198.05 9196.87 9195.42 9193.04 9189.72 9188.37 9185.71 9182.4 9180.9 9176.43 9173.52 9171.09 9168.19 9163.73 9164.87 9167.69 9169.87 9179.28 9184.32 9181.58 9176.32 9172.56 9170.53 9173.54 9178.13 9182.47 9187.1 9192.37 9197.76 9207.66 9224.61 9226.56 9211.43 9200.3 9196.35 9194.29 9192.54 9190.97 9189.93
9165.35 9165.53 9165.66 9166.42 9168.96 9175.93 9174.85 9176.86 9179.21 9180.34 9187.31 9191.2 9193.53 9194.75 9195.82 9190.95 9179.45 9186.42 9188.69 9190.04 9191.89 9193.62 9195.31 9196.99 9198.38 9198.99 9197.87 9197.96 9196.39 9194.07 9191.4 9188.99 9186.64 9184.05 9181.47 9178.66 9175.47 9173.23 9172.03 9170.87 9169.24 9169.17 9169.61 9169.73 9173.68 9184.81 9188.51 9182.18 9176.81 9173.13 9171.89 9173.64 9176.57 9180.52 9184.55 9189.23 9194.28 9199.79 9213.4 9220.93 9210.14 9199.71 9195.22 9192.6 9191.42 9190.15 9188.8
9167.2 9164.45 9163.75 9162.84 9162.89 9162.47 9164.39 9167.07 9170.19 9177.84 9180.32 9183.2 9187.03 9190.5 9192.25 9188.1 9181.36 9184.69 9190.16 9192.16 9193.7 9195.2 9196.75 9197.65 9198.7 9198.96 9198.28 9197.15 9194.76 9191.21 9187.35 9183.69 9181.26 9179.91 9178.36 9176.01 9171.99 9171.06 9172.19 9171.72 9171.04 9170.48 9171.52 9175.92 9179.47 9183.15 9183.32 9181.29 9176.96 9172.7 9171.44 9174.12 9176.48 9179.31 9182.76 9186.31 9191.36 9197.73 9205.61 9211.34 9205.21 9198.78 9194.08 9191.92 9191.01 9190.29 9190.5
9162.47 9160.99 9160.27 9159.38 9157.35 9154.19 9156.19 9159.7 9161.2 9168.23 9172.58 9177.38 9181.96 9186.29 9189.26 9188.55 9178.18 9181.29 9191.04 9193.1 9194.83 9195.93 9197.34 9198.31 9198.95 9199.57 9199.28 9197.03 9192.92 9188.82 9184.42 9180.1 9177.34 9177.03 9176.54 9176.1 9175.64 9175.64 9174.89 9173.85 9173.3 9173.09 9174.36 9178.22 9181.15 9181.88 9180.56 9179.76 9178.47 9176.22 9175.21 9175.99 9177.66 9179.77 9182.16 9185.01 9188.62 9193.7 9198.07 9199.53 9194.32 9191.98 9191.61 9190.02 9190 9190.81 9192.47
9158.14 9159 9158.95 9157.88 9156 9153.94 9155.21 9157.54 9158.23 9157.45 9165.56 9172.31 9177.78 9182.12 9185 9186.5 9175.92 9179.49 9191.59 9193.28 9195.41 9196.68 9197.8 9198.58 9199.08 9199.26 9199.51 9196.5 9191.51 9186.76 9182.3 9178.66 9176.51 9175.96 9176.09 9176.77 9180.02 9182.74 9177.37 9176.08 9176.15 9177.31 9179.89 9179.24 9181.87 9181.76 9178.13 9179.63 9179.71 9181.06 9180.37 9179.11 9179.97 9181.54 9183.19 9184.78 9186.12 9186.89 9185.85 9187.99 9186.8 9187.84 9189.15 9190.26 9191.11 9192.08 9193.92
9156.84 9158.38 9158.77 9158.67 9157.73 9158.35 9159.35 9159.01 9159.82 9158.77 9162.28 9168.91 9174.62 9178.35 9180.71 9182.09 9178.43 9179.51 9187.06 9192.06 9195.16 9196.31 9197.09 9197.43 9197.53 9197.37 9197 9193.87 9189.24 9184.55 9180.45 9176.42 9175.37 9175.17 9175.28 9175.95 9176.19 9174.89 9176.74 9177.55 9178.44 9179.06 9177.63 9178.63 9181.94 9182.5 9182.66 9181.34 9181.26 9181.13 9181.31 9181.27 9181.78 9182.83 9184.11 9184.94 9184.8 9183.83 9181.77 9183.78 9186.27 9186.86 9188.17 9189.57 9190.95 9192.3 9193.74
9159.06 9159.1 9158.92 9158.36 9158.25 9158.02 9157.96 9160.05 9162.43 9156.68 9161.9 9168.5 9173.43 9177.34 9179.39 9180.3 9182.69 9183.59 9188.68 9192.37 9194.58 9195.67 9195.85 9195.68 9195.24 9194.21 9191.78 9189.09 9186.12 9182.29 9178.95 9176.45 9175.38 9175.33 9175.3 9175.44 9175.03 9174.69 9176.65 9179.26 9180.9 9182.19 9183.36 9183.75 9183.72 9184.05 9182.45 9181.32 9181.2 9182.54 9182.03 9182.19 9182.77 9183.79 9184.61 9185.1 9185.01 9184.32 9184.69 9181.48 9183.52 9185.44 9187.39 9189.55 9191.4 9192.7 9193.91
9161.69 9160.13 9159.61 9159.72 9159.69 9159.34 9159.07 9158.11 9159.78 9163.5 9167.35 9171.06 9174.31 9176.99 9179.31 9183.19 9185.28 9185.89 9188.08 9192.95 9194.46 9194.41 9194.05 9193.77 9192.55 9190.7 9187.92 9185.18 9183.07 9180.87 9178.42 9176.54 9176.26 9176.84 9177.24 9177.05 9176.68 9177.65 9179.09 9181.62 9184.25 9186.93 9190.12 9187.71 9185.3 9183.29 9181.21 9180.43 9179.63 9178.07 9180.94 9182.45 9183.52 9183.93 9184.74 9185.34 9185.28 9184.72 9182.89 9177.39 9180.28 9183.8 9186.68 9188.41 9190.69 9192.2 9193.69
9163.73 9161.92 9161.02 9161.22 9161.57 9162.02 9160.82 9159.49 9157.51 9167.15 9172.49 9174.91 9176.58 9177.9 9179.26 9182.26 9183.05 9180.74 9191.79 9194.14 9194.12 9193.42 9192.39 9191.41 9189.6 9187.58 9184.4 9181.91 9181.47 9180.37 9179.09 9178.95 9178.46 9179 9179.42 9179.06 9178.95 9179.33 9181.07 9184.54 9187.39 9189.38 9190.16 9187.17 9184.77 9183.49 9181.65 9180.97 9181.04 9180.1 9181.36 9182.28 9183.12 9183.87 9184.83 9185.47 9185.49 9184.5 9182.35 9178.2 9181.38 9184.16 9186.57 9188.34 9190.15 9191.73 9193.17
9162.86 9162.25 9162.25 9162.84 9163.7 9164.55 9164.5 9163.07 9165.76 9171.99 9177.63 9179.28 9179.85 9180.02 9179.82 9180.13 9182.48 9183.9 9190.88 9193.51 9192.37 9191.58 9190.53 9188.53 9187.3 9185.95 9183.62 9183.75 9182.03 9181.66 9180 9179.74 9181.48 9182.56 9182.73 9182.29 9181.47 9180.28 9182.98 9187.65 9190.6 9190.91 9188 9184.51 9182.69 9182.72 9182.09 9181.9 9183.48 9185.43 9183 9183.13 9184.12 9185.34 9186.01 9186.65 9186.92 9186.26 9182.14 9179.27 9183.7 9185.36 9187.15 9188.68 9190.18 9191.67 9193.14
9161.72 9162.2 9163.01 9164.18 9165.37 9166.48 9169.31 9165.43 9166.36 9175.55 9182.15 9182.94 9182.85 9182.54 9182.8 9183.23 9184.28 9190.13 9191.42 9190.88 9190.31 9189.75 9189.05 9188.07 9186.92 9185.81 9184.2 9183.13 9186.22 9187.13 9183.42 9182.93 9186.94 9188.02 9187.59 9186.54 9185.74 9186.01 9188.16 9191.59 9194.59 9195.12 9188.72 9179.86 9179.41 9179.81 9180.03 9180.55 9180.23 9180.54 9182 9183.12 9184.38 9185.58 9186.66 9187.57 9187.78 9188.13 9182.79 9179.94 9184.3 9185.41 9187.36 9188.67 9190.02 9191.13 9192.39
9160.9 9161.81 9163.43 9165.05 9166.46 9166.63 9165.28 9164 9169.25 9177.55 9183.91 9185.91 9185.78 9185.03 9184.32 9185.79 9189.63 9194.86 9192.62 9188.67 9188.5 9188.44 9188.14 9187.57 9187.14 9186.94 9187.36 9189.07 9193.92 9199.51 9199.62 9197.65 9197.39 9194.96 9192.58 9190.62 9189.51 9189.72 9191.37 9194.24 9198.31 9200.9 9194 9180.12 9177.15 9177.29 9178.55 9179.79 9179.53 9179.66 9180.81 9182.57 9184.26 9185.87 9187.3 9188.32 9188.33 9186.54 9183.45 9181.78 9184.8 9186.16 9187.93 9189.03 9190.19 9191.13 9191.68
9160.59 9161.89 9163.95 9166.55 9168.19 9168.52 9167.66 9167.03 9172.35 9180.86 9188.57 9188.94 9187.99 9186.77 9186.78 9189.78 9193.72 9192.29 9188.47 9186.99 9187.09 9186.7 9186.33 9186.2 9186.62 9187.51 9189.62 9193.88 9200.78 9212.39 9233.25 9222.64 9208.06 9200.61 9196.57 9194.19 9192.53 9191.14 9191.91 9195.49 9199.49 9202.92 9193.79 9177.24 9177.34 9179.92 9181.31 9179.49 9175.88 9177.16 9180.12 9182.43 9184.4 9186.14 9187.79 9188.95 9189.51 9189.45 9185.74 9182.7 9183.78 9186.29 9188.04 9188.82 9189.77 9189.74 9190.54
9161.06 9163.93 9166.83 9169.3 9170.99 9172.42 9174.53 9175.16 9178.05 9184.85 9191.7 9191.47 9189.68 9188.17 9188.11 9191.57 9196.43 9191.99 9188.8 9187.82 9186.37 9185.32 9184.71 9185.3 9185.94 9187.42 9190.18 9194.8 9200.42 9208.13 9215 9216.86 9208.74 9202.5 9198.09 9195.57 9194.01 9192.85 9192.43 9195.14 9197.53 9199.27 9191.45 9179.62 9179.75 9184.14 9187.48 9179.8 9176.06 9177.43 9180.42 9182.59 9184.63 9186.48 9188.62 9190.11 9191.49 9190.16 9188.39 9185.44 9185.04 9186.31 9187.3 9188.3 9188.59 9189.3 9190.41
9165.55 9167.38 9169.32 9171.64 9174.06 9176.6 9178.38 9178.87 9182.32 9187.42 9191.47 9191.74 9190.48 9188.81 9187.83 9190.9 9192.43 9191.84 9189.31 9188.9 9185.51 9184.08 9183.33 9184 9184.56 9186.36 9188.22 9190.96 9193.75 9195.25 9193.57 9200.32 9201.38 9199.54 9197.31 9195.69 9194.61 9194.17 9194.55 9194.6 9194.91 9192.2 9188.42 9184.15 9182.01 9182.7 9182.68 9182.75 9180.74 9180.83 9181.7 9182.97 9184.82 9186.6 9188.84 9190.54 9192.85 9195.63 9192.55 9191.2 9187.61 9187.84 9188.19 9188.62 9189.17 9189.62 9190.65
