real_craters/C099-300m.grd
DSAA
220 220
-32.9175 32.9175
-32.9175 32.9175
8234.6284986945 9637.8688830803
[rows 0 to 29 of 220, columns 0 to 66 of 220]
9399.34 9403.22 9402.71 9381.68 9357.81 9361.9 9371.25 9373.89 9373.25 9372.21 9371.35 9370.43 9369.77 9368.7 9365.08 9357.82 9351.15 9345.34 9341.29 9338.57 9337.25 9337.65 9339.69 9342.73 9348.18 9353.8 9358.35 9361.61 9365.38 9367.73 9371.06 9374.27 9377.31 9379.83 9382.07 9383.58 9384.14 9383.72 9382.65 9382.58 9381.92 9381.09 9379.98 9378.86 9377.63 9375.78 9372.51 9373.54 9373.5 9372.4 9370.39 9369.32 9369.78 9371.14 9373.25 9374.78 9375.94 9377.04 9377.82 9378.86 9379.76 9380.72 9381.24 9382.19 9383.26 9383.92 9384.98
9401.72 9409.26 9408.45 9386.89 9364.16 9361.63 9367.22 9370.68 9372.24 9372.28 9371.53 9370.47 9369.63 9369.04 9365.08 9354.56 9344.9 9340.15 9336.88 9334.26 9333.63 9336.84 9336.5 9339.3 9342.67 9348.62 9352.82 9359.46 9362.8 9365.57 9370.45 9373.65 9376.92 9379.39 9380.72 9382.42 9383.32 9383.22 9383.22 9382.13 9380.89 9379.58 9378.24 9376.8 9374.95 9373.26 9372.38 9371.21 9371.13 9371.51 9370.36 9369.82 9371.66 9373.57 9375.34 9375.89 9376.37 9376.7 9376.98 9377.48 9378.06 9379.02 9379.81 9380.83 9381.83 9382.69 9383.32
9400.28 9409.62 9410.53 9394.19 9375.66 9368.82 9367.92 9370.4 9372.99 9372.89 9371.39 9369.07 9366.87 9364.81 9360.24 9350.14 9340.52 9336.95 9334.24 9331.38 9330.26 9331.82 9331.86 9336.36 9341.68 9346.47 9351.14 9353.81 9358 9365.36 9368.96 9372.34 9375.03 9377.79 9380.68 9382.45 9383.62 9384.71 9383.57 9381.53 9379.71 9378.12 9376.55 9374.87 9373.12 9371.14 9369.02 9368.51 9368.69 9369.36 9369.56 9370.81 9373.9 9377.67 9377.86 9376.9 9376.49 9376.26 9376.69 9377.1 9377.52 9377.76 9378.55 9379.03 9379.77 9380.42 9380.85
9394.05 9403.95 9409.06 9400.77 9389.63 9382.49 9376.83 9376.57 9377.37 9374.87 9371.09 9367.05 9362.46 9357.03 9352.38 9347.01 9340.49 9337.01 9334.03 9330.73 9328.84 9330.18 9331.72 9335.54 9339.9 9344.36 9348.58 9353.69 9358.02 9360.86 9364.97 9368.8 9372.37 9376.08 9379.58 9381.63 9383.16 9385.43 9382.5 9380.32 9378.44 9376.74 9375.07 9373.26 9371.39 9369.52 9367.99 9366.9 9366.26 9365.83 9367.63 9370.08 9374.13 9379.11 9378.11 9375.99 9375.42 9375.75 9375.92 9376.18 9376.74 9376.82 9376.97 9377.38 9377.73 9378.14 9377.93
9384.21 9391.49 9405.19 9403.99 9399.44 9396.34 9394.73 9392.43 9384.2 9377.26 9370.96 9364.94 9358.79 9352.62 9349.19 9347.09 9343.56 9339.23 9335.72 9333.07 9331.16 9331.15 9333.02 9335.67 9339.39 9343.69 9348.01 9352.48 9356.67 9361.17 9365.49 9369.18 9372.3 9375.28 9378.02 9380.22 9381.96 9381.76 9380.58 9378.81 9377.2 9375.67 9373.95 9372.13 9370.13 9368.25 9366.73 9365.5 9364.46 9364.42 9366.08 9368.49 9371.27 9373.01 9373.21 9373.1 9373.21 9373.54 9373.85 9373.89 9374.25 9374.49 9374.7 9374.74 9374.93 9375.3 9375.62
9373.72 9377.22 9392.27 9399.34 9400.25 9400.92 9401.41 9398.59 9386.85 9377.53 9369.47 9362.5 9356.32 9351.31 9348.83 9348.1 9345.83 9341.2 9337.65 9335.34 9334.19 9332.78 9333.45 9336.25 9339.81 9343.98 9347.76 9352.27 9356 9360.19 9364.56 9368.46 9372.27 9375.63 9378.05 9379.92 9381.14 9381.39 9378.74 9377.38 9376.34 9374.84 9373.03 9370.95 9368.86 9366.85 9365.23 9363.82 9362.82 9362.82 9364.65 9367.13 9367.6 9367.58 9368.19 9369.53 9370.72 9371.26 9371.67 9372.24 9372.44 9372.86 9372.84 9372.92 9372.88 9372.59 9372.34
9365.6 9368.01 9380.73 9390.47 9393.74 9394.36 9393.89 9389.23 9382.6 9374.56 9366.97 9359.91 9353.79 9349.33 9347.72 9347.48 9345.68 9341.87 9338.6 9336.29 9335.07 9332.88 9333.89 9336.73 9339.68 9343.35 9347.2 9351.98 9356.59 9360.78 9365.24 9369.01 9372.51 9376.14 9378.43 9379.88 9380.02 9379.15 9377.59 9377.03 9376.23 9374.57 9372.48 9370.32 9368.04 9365.77 9363.4 9361.34 9361.5 9362.47 9363.32 9363.81 9364.73 9363.99 9363.94 9367 9368.78 9369.69 9370.47 9370.7 9370.97 9370.96 9370.97 9370.94 9370.69 9369.8 9369.39
9361.59 9364.04 9374.92 9382.95 9385.63 9386.44 9384.68 9381.48 9376.86 9370.35 9363.56 9356.98 9350.91 9346.67 9345.66 9345.56 9344.27 9341.67 9338.59 9335.62 9332.76 9332.4 9334.14 9336.69 9340.47 9343.87 9347.81 9352.54 9356.81 9362.26 9366.69 9370.41 9373.71 9376.67 9379.01 9380.71 9380.95 9380.16 9379.85 9379.05 9377.05 9374.79 9372.6 9370.28 9367.82 9365.33 9362.9 9361.11 9360 9360.72 9362.77 9364.96 9365.57 9364.85 9365.7 9366.71 9367.83 9368.73 9369.09 9369.26 9369.24 9368.93 9368.38 9367.95 9367.24 9366.61 9365.87
9360.65 9364.15 9370.79 9376.39 9378.47 9376.52 9376.59 9376.98 9371.57 9365.81 9360.06 9354.21 9348.66 9344.62 9343.92 9343.55 9343.05 9341.57 9339.09 9335.14 9333.51 9333.94 9335.3 9337.46 9341.48 9345.27 9350.59 9354.69 9359.26 9363.52 9367.49 9371.21 9374.6 9377.37 9379.9 9382.02 9383.47 9383.8 9382.92 9381.35 9378.23 9375.39 9372.7 9370.21 9367.78 9365.41 9363.15 9360.89 9359.99 9360.79 9362.86 9364.9 9365.85 9365.93 9366.57 9367.13 9367.69 9367.88 9367.91 9367.85 9367.8 9367.5 9367.56 9366.89 9366.2 9365.35 9364.31
9361.27 9364.74 9371.26 9376.31 9375.94 9371.56 9370.28 9367.58 9364.91 9361.52 9357.12 9352.33 9347.44 9344.5 9344.04 9343.68 9343.37 9342.41 9341.05 9339.82 9334.93 9332.32 9336.14 9338.42 9343.45 9348.21 9353.17 9357.4 9361.51 9365.6 9368.72 9372.36 9375.71 9378.74 9381.39 9383.4 9384.5 9384.48 9383.4 9381.5 9378.61 9375.64 9372.84 9370.37 9368.24 9366.18 9364.39 9363.09 9362.19 9362.65 9363.59 9364.22 9364.65 9365.74 9365.9 9367.28 9367.66 9367.73 9367.56 9367.39 9366.84 9366.69 9365.81 9365.09 9364.2 9363.13 9361.5
9363.09 9366.55 9374.26 9379.59 9379.41 9375.2 9371.98 9366.46 9362.07 9359.22 9355.61 9351.66 9347.74 9344.85 9344.58 9345.97 9344.48 9343.8 9342.8 9340.67 9336.08 9331.41 9334.12 9338.97 9344.77 9349.67 9353.8 9357.93 9362.06 9366.12 9370.04 9373.65 9376.9 9379.87 9382.28 9384.36 9386.33 9385.41 9383.25 9381.18 9378.38 9375.35 9372.91 9370.93 9369.28 9367.66 9366.12 9365.02 9365.88 9365.54 9365 9364.74 9365.18 9366.58 9369.31 9368.65 9367.72 9367.43 9366.79 9366.26 9365.94 9365.39 9364.79 9364.05 9363.19 9361.94 9359.63
9367.69 9371.47 9378.01 9383.54 9385.66 9388.58 9384.53 9370.79 9363.01 9359.34 9355.06 9351.49 9349.31 9346.35 9343.2 9342.41 9344.15 9345.18 9345.03 9342.26 9337.48 9333.83 9333.84 9340.96 9347.36 9352.08 9356.3 9360.34 9364.2 9368.07 9371.94 9375.29 9378.14 9380.98 9383.24 9384.52 9383.98 9383.87 9382.71 9381.06 9377.41 9374.39 9372.33 9371.28 9370.26 9369.3 9368.51 9367.9 9368.68 9368.01 9366.63 9365.28 9364.59 9365.9 9368.12 9367.59 9366.58 9366.71 9366.73 9366.7 9365.87 9365.73 9365.33 9364.66 9363.72 9362.52 9359.87
9374.81 9378.36 9381.17 9384.03 9387.89 9391.69 9388.27 9378.95 9370.95 9360.19 9354.52 9350.61 9347.3 9345.41 9343.26 9342.42 9344.99 9347.24 9348.79 9348.41 9342.82 9341.41 9342.38 9347.67 9351.89 9355.72 9359.47 9362.86 9366.52 9369.65 9373.12 9376.34 9379.33 9382.07 9384.3 9385.75 9385.21 9383.01 9380.22 9377.83 9374.22 9372.23 9371.38 9371.3 9371.08 9371.08 9371.05 9371.08 9371.51 9370.37 9368.38 9365.91 9363.5 9363.69 9363.68 9364 9365.03 9365.74 9366.07 9366.02 9365.87 9365.54 9365.25 9364.55 9363.67 9362.63 9361.17
9377.88 9381.29 9382.86 9384.49 9386.11 9385.82 9380.34 9372.58 9362.02 9356.68 9353.12 9350.55 9347.55 9346.36 9345.92 9345.94 9347.02 9349.16 9351.63 9349.53 9346.01 9351.16 9355.81 9357.32 9358.54 9360.48 9363.04 9365.64 9368.7 9371.68 9374.71 9377.64 9380.5 9383.16 9385.58 9386.86 9386.59 9382.06 9376.19 9370.13 9368.72 9369.87 9370.78 9371.89 9372.48 9373.07 9373.68 9374.13 9374.21 9373.51 9370.65 9367.15 9364.27 9362.79 9361.73 9362.15 9364.31 9364.95 9365.15 9365.01 9365.13 9364.68 9364.16 9363.23 9362.21 9360.96 9360.07
9378.98 9381.72 9383.05 9383.24 9383.28 9381.83 9377.88 9364.12 9352.61 9352.57 9351.63 9350.51 9350.87 9348.43 9348 9347.93 9348.45 9350.16 9351.24 9352.77 9361 9362.79 9366.84 9364.81 9363.49 9364.29 9366.2 9368.67 9371.17 9373.75 9376.23 9379 9381.48 9383.88 9386.18 9387.65 9385.98 9381.36 9374.28 9366.41 9366.25 9368.98 9370.71 9372.35 9373.5 9374.77 9376.18 9378.35 9380.81 9377.59 9373.06 9368.68 9364.74 9363.68 9364.04 9365.1 9365.3 9364.99 9364.82 9364.55 9363.93 9363.14 9363.06 9362.76 9361.67 9360.4 9358.94
9376.49 9380.4 9382.59 9383.57 9381.73 9376.43 9367.78 9360.76 9356.54 9352.88 9351.16 9349.42 9346.99 9347.03 9347.1 9347.48 9348.55 9350.53 9353.87 9355.79 9360.34 9363.7 9366.57 9365.71 9365.27 9366.69 9368.74 9370.82 9372.93 9375.2 9377.27 9379.34 9381.35 9383.52 9385.66 9387.82 9387.44 9381.39 9375.62 9371.48 9370.39 9370.55 9371.61 9372.84 9374.56 9376.03 9377.28 9379.17 9383.61 9379.8 9374.36 9369.84 9367.26 9365.79 9365.51 9365.86 9366.31 9365.92 9365.33 9364.37 9363.49 9362.48 9361.04 9360.98 9359.72 9358.41 9357.06
9374.62 9379.04 9381.67 9382.35 9379.06 9371.56 9362.53 9357.94 9355.64 9352.62 9351.31 9351.15 9349.67 9346.74 9344.04 9345.78 9348 9349.77 9351.15 9354.14 9356.93 9359.61 9360.1 9362.16 9365.7 9368.49 9371.1 9373.14 9375.13 9376.63 9378.15 9379.57 9380.91 9382.28 9383.49 9383.5 9382.58 9380.02 9376.68 9374.54 9372.89 9372.37 9372.81 9373.71 9375.44 9376.82 9377.78 9378.51 9381.22 9377.97 9373.81 9369.83 9366.25 9364.61 9366.03 9366.82 9367.45 9366.44 9365.2 9364.2 9362.67 9361.71 9360.38 9359.26 9358.44 9357.21 9356.13
9375.73 9379.09 9380.66 9379.99 9375.83 9369.13 9360.99 9355.06 9350.97 9350.21 9350.65 9351.65 9351.53 9347.64 9345.31 9346.85 9348.8 9349.8 9349.59 9352.3 9354.71 9357.81 9358.03 9361.72 9367.29 9371.62 9374.32 9375.79 9377.02 9377.9 9378.65 9379.34 9379.96 9380.52 9381.19 9381.09 9380.17 9378.33 9376.3 9374.73 9373.96 9373.79 9373.39 9373.97 9375.84 9377.65 9379.02 9378.71 9375.74 9374.9 9372.9 9369.72 9366.86 9365.94 9367.4 9370.54 9368.98 9366.76 9365.16 9363.78 9362.41 9360.83 9359.86 9358.72 9357.38 9356.21 9355.41
9379.74 9379.55 9379.67 9379.52 9377.77 9367.16 9357.9 9352.19 9349.66 9349.56 9349.85 9349.35 9348.94 9348.74 9348.23 9349.72 9351.65 9352.75 9351.27 9351.82 9357.4 9361.09 9362.96 9366.46 9371.72 9376.16 9378.1 9378.91 9379.42 9379.5 9379.05 9378.86 9378.38 9378.35 9378.66 9378.56 9377.58 9376.18 9375.06 9375.59 9376.52 9374.3 9373.51 9374.12 9376.22 9378.41 9380.75 9383.59 9379.88 9376.83 9373.52 9370.36 9367.52 9365.69 9366.75 9367.81 9367.74 9366.65 9365.69 9364.19 9362.03 9360.06 9358.13 9357.7 9356.32 9355.29 9354.87
9377.6 9378.18 9377.21 9375.07 9369.93 9362.15 9353.94 9349.53 9350.46 9350.86 9349.83 9349.75 9349.25 9349.46 9351.28 9352.48 9355.48 9358.51 9359.69 9358.32 9364.45 9367.65 9370.89 9374.92 9379.84 9382.47 9382.92 9382.68 9382.23 9381.04 9378.79 9377.69 9376.36 9375.49 9375.03 9376.11 9374.3 9372.94 9372.06 9372.61 9373.39 9372.24 9372.11 9373.25 9375.3 9378.3 9381.23 9381.86 9381.65 9378.06 9374.47 9371.95 9369.15 9367.01 9366.29 9365.79 9366.64 9366.96 9366.54 9364.89 9362.92 9360.72 9358.58 9356.17 9354.57 9353.44 9352.77
9376.09 9376.11 9374.13 9369.73 9361.96 9357.74 9351.61 9347.68 9348.04 9348.25 9349.06 9349.79 9349.13 9347.82 9349.13 9353.65 9358.33 9363.88 9364.52 9362.92 9367.79 9374.09 9381.81 9389.13 9389.29 9388.24 9387.04 9386.24 9384.79 9381.5 9379.81 9377.65 9374.64 9372.18 9369.97 9368.64 9369.16 9368.85 9368.52 9367.8 9367.22 9368.33 9370.22 9372.45 9374.79 9377.73 9381.02 9384.26 9378.25 9374.96 9376.06 9375.51 9373.05 9368.7 9369.38 9369.79 9369.84 9369.29 9368.09 9365.7 9363.1 9360.31 9357.9 9355.16 9353.19 9351.89 9350.92
9375.82 9375.09 9372.16 9368.25 9365.33 9358.51 9351.7 9347.92 9347.76 9347.85 9348.64 9348.28 9348.77 9349.39 9350.98 9354.75 9358.98 9362.64 9362.88 9362.52 9368.95 9377.81 9387.64 9396.15 9395.54 9393.02 9390.5 9387.35 9384.88 9382.1 9379.7 9376.43 9373 9369.71 9366.11 9364.01 9365.21 9365.71 9365.32 9364.5 9363.63 9365.85 9369.09 9372.14 9374.75 9377.04 9378.34 9378.95 9378.81 9378.62 9381.28 9382.75 9381.48 9378.39 9377.6 9377.12 9375.49 9372.98 9370.22 9366.47 9362.58 9359.01 9355.74 9353.55 9351.17 9349.62 9348.16
9378.45 9374.86 9370.39 9365.58 9361.45 9355.72 9351.84 9350.99 9351.45 9352.15 9350.47 9348.22 9348.72 9351.56 9353.17 9355.28 9358.55 9361.58 9364.56 9364.25 9369.75 9378.92 9388.71 9396.63 9397.66 9395.36 9392.28 9389.15 9385.41 9382.07 9378.13 9374.8 9371.54 9368.09 9364.5 9362.8 9363.78 9364.21 9364.32 9363.84 9363.92 9366.06 9369.88 9373.46 9376.37 9378.46 9379.36 9381.16 9384.12 9384.92 9391.51 9394.46 9393.77 9391.56 9389.3 9386.35 9382.25 9377.74 9372.67 9367.34 9362.51 9358.31 9354.45 9350.73 9348.46 9345.63 9343.58
9379.45 9374.59 9368.26 9360.98 9352.97 9348.73 9349.67 9352.31 9354.18 9356.69 9353.14 9349.36 9347.72 9347.36 9350.51 9354.32 9358.04 9360.78 9363 9362.12 9368.92 9378.23 9387.56 9395.15 9397.11 9395.75 9392.72 9389.12 9385.07 9381.45 9377.49 9373.91 9370.31 9367.65 9365.2 9363.96 9364.31 9364.64 9365.14 9365.31 9365.6 9368.11 9373.05 9377.12 9380.25 9382.79 9386.38 9392.24 9399.19 9403.31 9410.19 9409.65 9406.99 9404.54 9401.12 9396.33 9391.45 9381.91 9373.26 9365.88 9360.21 9355.38 9351.19 9347.83 9344.92 9342.1 9339.5
9379.76 9374.42 9366.87 9357.94 9348.25 9343.52 9346.22 9348.93 9352.01 9354.61 9352.72 9349.86 9346.9 9345.54 9348.85 9353.31 9357.79 9361.6 9360.39 9360.14 9367.59 9376.81 9385.69 9392.57 9395.81 9395.53 9392.48 9388.99 9384.6 9380.55 9376.35 9372.53 9369.11 9367.01 9366.51 9365.9 9365.49 9366.33 9367.69 9369.19 9371.04 9374.45 9379.21 9383.3 9386.49 9388.96 9392.12 9403.16 9418.51 9435.52 9431.36 9423.95 9416.77 9412.22 9407.38 9399.3 9394.24 9381.08 9370.5 9362.9 9356.85 9351.97 9347.79 9345.17 9341.81 9338.68 9335.61
9381.64 9374.9 9366.5 9357.39 9348.94 9344.68 9344.22 9345.31 9347.39 9348.86 9348.7 9347.35 9345.75 9345.94 9348.3 9352.29 9356.77 9360.89 9359.12 9359.55 9366.71 9375.5 9384.18 9391.38 9395.02 9394.61 9391.84 9388.37 9384.04 9379.51 9375.49 9370.83 9367.68 9365.1 9364.49 9365.08 9366.43 9368.47 9371.18 9374.48 9378.96 9383.53 9387.5 9391.62 9395.16 9397.54 9401.02 9414.95 9432.49 9444.24 9444.61 9432.73 9419.26 9407.93 9398.1 9388.68 9381.99 9371.55 9363.23 9357.38 9352.34 9347.97 9344.11 9340.54 9337.2 9334.08 9330.7
9383.33 9375.45 9366.76 9357.89 9349.92 9344.43 9343.07 9342.73 9343.74 9344.8 9344.69 9344.58 9343.95 9344.34 9347.44 9351.29 9354.58 9356.84 9357.97 9359.61 9366.33 9374.62 9382.73 9389.88 9393.79 9393.27 9390.69 9387.07 9382.89 9377.77 9373.53 9368.82 9365.54 9362.78 9361.9 9363.8 9367.09 9370.84 9375.13 9379.79 9385.59 9390.74 9396.17 9401.67 9406.57 9409.71 9412.2 9426.97 9443.21 9459.43 9454.01 9434.09 9414.7 9396.11 9379.23 9369.99 9360.86 9356.42 9352.82 9349.7 9346.3 9342.87 9339.54 9336.21 9333.13 9329.77 9326.4
9383.64 9375.69 9366.85 9358.15 9350.21 9344.85 9342.58 9342.1 9342.84 9343.99 9344.75 9344.82 9343.78 9343.79 9346.98 9350.81 9354.92 9358.39 9357.53 9359.94 9366.08 9373.73 9381.3 9387.79 9391.89 9391.53 9389.29 9385.41 9380.98 9375.3 9370.6 9366.34 9363.32 9360.9 9359.39 9363.35 9368.16 9373.31 9379.04 9384.89 9391.58 9397.9 9404.76 9412.38 9419.63 9425.63 9431.21 9438.46 9446.55 9451.93 9445.02 9426.83 9405.87 9384.18 9361.83 9355.45 9348.66 9345.77 9344.09 9342.81 9340.5 9337.49 9334.55 9331.36 9328.28 9325 9322.12
9382.07 9374.91 9366.49 9357.95 9350.21 9344.22 9342.45 9343.47 9345.24 9345.71 9348.89 9347.51 9345.28 9345.12 9346.93 9349.89 9354 9356.89 9355.62 9359.08 9365.5 9372.7 9379.71 9385.32 9388.68 9389.5 9387.68 9383.43 9378.67 9372.72 9367.64 9363.53 9361.23 9360.93 9361.06 9364.61 9369.66 9375.9 9383 9390.24 9397.39 9403.68 9412.71 9422.84 9432.05 9440.07 9447.34 9445.25 9444.36 9441.16 9431.53 9415.14 9395.72 9375.86 9359.71 9348.62 9342.42 9339.42 9338.14 9337.26 9335.32 9332.5 9330.19 9327.01 9323.89 9320.75 9317.48
9380.33 9373.79 9365.98 9357.74 9350.07 9344.07 9342.07 9342.45 9343.08 9345.26 9346.91 9347.22 9345.76 9345.48 9346.49 9348.03 9349.41 9353.16 9353.69 9357.81 9364.46 9372.04 9379.13 9384.6 9387.51 9389.5 9386.89 9382.28 9376.06 9369.94 9364.02 9359.53 9357.51 9360.7 9364.04 9365.22 9370.29 9378.17 9387.26 9396.49 9404.59 9410.9 9422.21 9433.51 9441.97 9447.53 9448.79 9445.09 9438.39 9429.68 9417.8 9402.51 9385.44 9368.29 9351.88 9343.87 9339.26 9336.47 9334.64 9332.87 9330.62 9327.79 9325.3 9322.56 9319.63 9316.35 9313.3
