real_craters/C099-1000m.grd
DSAA
39 39
-18.81 18.81
-18.81 18.81
9164.2422612558 10795.068152166
10329.1 10333 10328.8 10386.4 10376.7 10364.2 10369.4 10372.4 10387.5 10374.8 10353.6 10333.5 10329.7 10387.9 10400.9 10381.7 10364.9 10360.2 10378.7 10383.5 10348.6 10332.5 10328.6 10331.9 10327.3 10366 10347.9 10339.4 10332.6 10326 10319.4 10320.4 10329.9 10356.9 10377.7 10382.3 10375 10356.4 10328.1 
10322.6 10331.3 10336.9 10372.6 10361 10361.1 10368.8 10372.5 10386.2 10365.4 10358.3 10375.3 10389.8 10411.7 10410.7 10381.5 10363.6 10375.7 10398 10418.2 10385.5 10357.2 10359.1 10342.5 10334.3 10341 10350.1 10341.1 10330.2 10318.6 10309.7 10309.2 10312.5 10310.6 10347.5 10374.7 10375.5 10354.7 10331.8 
10321.6 10329.2 10329.5 10339.5 10343.2 10346.2 10358.1 10360.2 10367 10369.6 10381.7 10397.9 10424.3 10442.1 10426.5 10383.5 10360.5 10381.5 10408.8 10418.9 10390.7 10348.4 10358.6 10358.3 10326.4 10335.3 10339.3 10337.1 10325.8 10311 10294.9 10302.3 10311.8 10313.8 10338.2 10376.4 10363.9 10338.4 10317.4 
10322.5 10328 10336 10334.7 10337.3 10346.9 10359.2 10362.5 10372.8 10384.8 10387.8 10391.6 10428.8 10459.7 10430.3 10389.2 10364 10425.9 10414.8 10367.2 10348.1 10384.3 10378.6 10367.4 10346.9 10335.3 10343.4 10339.1 10326.4 10309.7 10294.7 10304.2 10324.1 10342.9 10329.2 10314.6 10324.8 10316.4 10298.7 
10378 10352.9 10348.9 10341.9 10344.2 10352.5 10374.7 10402.5 10409.1 10397.6 10380.4 10390.4 10423.5 10423.4 10401.7 10404.3 10381.8 10419.1 10413.1 10385.3 10398.4 10408.2 10397.8 10390.9 10375.9 10347.2 10349.9 10349.7 10337.1 10318.3 10298.4 10311.3 10322.4 10315.8 10318.8 10300.6 10302.1 10298.9 10286.9 
10405.1 10391.2 10361.1 10349.7 10353.8 10365.8 10389.6 10413.3 10425 10415.9 10403.1 10419.8 10421.7 10430.2 10462.5 10459.1 10455.5 10428 10426.6 10425.2 10437.8 10419.9 10415.2 10410.1 10375.2 10356 10374 10374.4 10359 10336.7 10320.5 10323 10330.2 10327.9 10319.6 10317.2 10301.3 10294.1 10284.6 
10398 10357.1 10351.5 10358.3 10365.4 10376.1 10391.2 10423.6 10439.2 10442.1 10464.7 10486.2 10456.3 10473.9 10508.2 10503.8 10502.3 10473.7 10460.2 10462 10481.8 10485.9 10441.9 10449.1 10361.5 10395.5 10421.8 10413.8 10388.2 10362.1 10333.7 10334.5 10340.7 10338.8 10320.8 10312 10301.9 10292.8 10284.3 
10395.2 10350.7 10351.6 10368.7 10383.5 10368 10380 10396.7 10416.1 10473.1 10527 10526.8 10486.4 10449.8 10476.7 10496.3 10476.1 10454.3 10450.9 10457 10457.9 10461.6 10510.2 10460.9 10436.5 10522.8 10515.3 10465.6 10417.8 10374.5 10352.8 10347.6 10338.8 10330.1 10319.7 10309.4 10303.2 10296 10287.1 
10397.4 10358.4 10357.9 10373.1 10388.5 10391.8 10391.5 10400.1 10440.5 10505.5 10560.9 10543.2 10530.2 10537.5 10491.6 10521.2 10499 10434.6 10432.8 10514 10488.7 10506.1 10568.1 10534.8 10532.5 10459.1 10530.2 10482.4 10433 10387.5 10369.6 10369.7 10363.2 10347.5 10329 10315.6 10309 10302.6 10295.2 
10383.6 10363.2 10364.1 10376.5 10400.6 10407.3 10409.7 10423 10458.7 10520.1 10556.4 10547.7 10558.8 10525 10547.9 10569 10437 10365.2 10365.1 10438.2 10310.9 10265.8 10316.1 10531.2 10555.2 10532.9 10498.2 10493.6 10454.1 10401.8 10383.7 10392.9 10409.9 10379.6 10342.1 10324.8 10319.4 10312.7 10306.9 
10364.2 10362.7 10371.3 10383.4 10402.4 10418.6 10429.2 10461 10487.6 10562.4 10599.1 10623.9 10655.6 10667.5 10686.9 10512 10303.9 10150.4 10123 10056.7 9991.25 9948.45 10004.4 10201.2 10508 10526.9 10567.1 10527.2 10486.7 10425.3 10398.8 10408.1 10405.7 10393 10366.6 10346.4 10334 10325.4 10320.7 
10365.5 10370.4 10381.6 10397.2 10414.4 10442 10476.8 10491.3 10505.9 10530.9 10598.5 10676.2 10686.8 10420.5 10299.4 10110.5 9873.02 9803.75 9767.71 9839.05 9691.39 9649.81 9705.51 9923.94 10278.2 10601.6 10569.7 10571.8 10541.4 10487.4 10446.7 10431.5 10417.4 10404.9 10390.2 10368.4 10350.9 10337.4 10327.4 
10374.7 10380.1 10390.5 10410 10431.2 10462.2 10505.5 10511.6 10494.7 10537.2 10640.7 10703.3 10498.2 10133.4 9923.62 9733.77 9555.99 9506.95 9475 9504.49 9394.59 9422.4 9530.35 9743.51 9959.43 10334.3 10544.9 10612.6 10599.1 10566.4 10498.9 10458.6 10430.9 10414.2 10399.6 10381 10362.8 10345.3 10330.2 
10372.1 10385.9 10398.4 10408.8 10448.7 10490.3 10498.6 10517 10502 10555.2 10670.7 10742.5 10293.1 10034.2 9881.75 9735.23 9465.48 9329.95 9276.34 9321.74 9214.35 9277.1 9375.59 9585.04 9680.6 10034.9 10458.6 10640.6 10612.5 10561.2 10518.3 10478.2 10445.7 10421 10408.7 10384.8 10367.2 10352.8 10343.7 
10386.6 10396.6 10411.1 10431.5 10455.2 10478.4 10504.3 10521.1 10504 10534.5 10572.4 10344.7 9992.68 9810.01 9652.21 9538.9 9301.34 9226.13 9175.08 9168.6 9164.24 9220.72 9318.07 9475.85 9579.62 9783.66 10307.4 10568.3 10578.7 10545.5 10524.1 10492.8 10458.4 10427.1 10399.6 10383.4 10369.3 10356.9 10350.2 
10389.2 10406.2 10424.5 10445.1 10461.5 10483.4 10519.8 10508.7 10480.3 10514.6 10592.5 10190.5 9835.76 9688.85 9566.95 9476.25 9302.22 9234.59 9207.57 9172.98 9176.57 9222.29 9273.31 9370.94 9366.91 9524.23 9951.99 10317.7 10548.5 10603.3 10551.8 10520.3 10481.1 10441.1 10409 10386.6 10368.8 10353.9 10337.6 
10408.3 10416.9 10437.1 10455.2 10475.4 10483.1 10505.4 10489 10479.1 10549.2 10638.3 10139.3 9806.34 9635.25 9493.15 9314.18 9291.44 9306.48 9294.5 9259.86 9239.99 9245.14 9238.74 9257.23 9319.35 9399.03 9678.41 10067.5 10531.6 10640 10553.6 10531.5 10492.7 10448.6 10415.7 10389.5 10367.8 10351.9 10341 
10417.5 10426.9 10455.9 10478.6 10496.9 10514.2 10528.3 10475.2 10513.6 10560.6 10553.1 10176.7 9860.4 9598.13 9341.53 9284.07 9321.48 9420.21 9459.22 9368.84 9349.66 9304.49 9257.73 9260.36 9325.16 9358.33 9538.45 9835.58 10320.8 10514 10520.2 10501.8 10483.8 10453 10420.9 10392.3 10369.1 10344.1 10323.9 
10415.9 10443.6 10476.5 10492.5 10496.1 10503.1 10456.9 10454.7 10561.9 10629.8 10309.7 10165.4 9916.25 9619.51 9350.11 9292.59 9360.32 9528.09 9613.95 9535.07 9438.25 9362.43 9302.19 9237.45 9319.47 9402.83 9558.59 9794.81 10043.2 10309.7 10436.4 10481.8 10482.8 10448.9 10421.2 10397.8 10375.7 10346.1 10312.7 
10460.1 10474.2 10507.1 10510.8 10471.3 10430 10426.3 10420.8 10576.5 10670.5 10272.9 10172 9973.99 9688.68 9482.68 9371.16 9396.56 9526.5 9679.67 9532.41 9455.73 9399.18 9352.78 9335.6 9351.55 9488.62 9633.05 9794.04 10021.2 10269.3 10428.5 10516.9 10490.1 10432.5 10413 10399.5 10388 10375.6 10355.4 
10473.6 10481.7 10485.3 10477.8 10446 10402.2 10383.3 10394.2 10531.7 10693 10433.7 10092.7 9937.84 9707 9484.62 9383.78 9382.26 9445.41 9542.87 9570.89 9463.54 9392.62 9380.11 9383.4 9514.2 9616.39 9744.3 9828.57 10142 10328 10464.1 10529.6 10491.2 10439.9 10410.9 10396.8 10395 10410.5 10411.9 
10485.1 10477.7 10457.3 10448.1 10436.2 10419.4 10397.6 10402 10453.9 10578.9 10533.6 10167.1 9927.5 9719.61 9552.9 9465.62 9443.66 9396.75 9433.79 9479.5 9413.56 9337.89 9290.98 9352.77 9519.05 9626.84 9754.5 9980.07 10246.1 10392.2 10491 10547.5 10477.3 10425 10409.5 10399 10389.4 10379.7 10371.3 
10485.9 10467.3 10449 10440.6 10444.4 10462.3 10473 10458.2 10481.7 10594.8 10603.1 10321.2 10063.8 9791.06 9608.12 9569.8 9507.78 9449.49 9447.26 9405.15 9358.84 9357.34 9375.4 9423.03 9553.52 9681.54 9831.72 10229 10435.2 10442.4 10451.1 10458.2 10454.6 10429 10409.9 10398.2 10386.9 10361.8 10354.8 
10476.5 10449.2 10432.9 10436.4 10447.3 10464.7 10501.3 10501.2 10540.1 10660.7 10700.1 10529.9 10205 9897.28 9705.38 9641.42 9600.71 9557.43 9521.3 9469.51 9443.25 9479.77 9473.65 9544.93 9701.21 9846.83 10093.4 10320.6 10472.8 10463.1 10465.6 10461.7 10455.2 10437.9 10418.9 10399.1 10383.2 10381.6 10365.5 
10484 10479.3 10447.2 10445.4 10444.9 10444.2 10469.7 10480.7 10514.6 10663.3 10795.1 10678.5 10345.7 10044 9852.57 9725.49 9651.61 9609.21 9641.56 9629.14 9604.49 9596.56 9620.14 9750.84 9833.32 9982.02 10156.4 10298 10389.8 10452.1 10496.9 10488.6 10472.5 10448.6 10421.9 10396.7 10371.3 10348.2 10351.9 
10481.5 10477.7 10478.7 10458.6 10445.3 10445.5 10431 10459.8 10488.6 10588.5 10645 10686.3 10431.5 10191.1 10078.2 9978.44 9854.75 9794.69 9773.26 9775.28 9691.09 9710.91 9843.97 9937.77 9948.87 10086.1 10219.3 10392.8 10414.6 10476.9 10472.6 10482.7 10467.9 10443.2 10418 10394.7 10369.3 10323.5 10342.1 
10471.7 10465.4 10480.8 10470 10455.4 10437.8 10430 10458.5 10491.3 10529.3 10591.7 10692.2 10553.8 10422.7 10279.9 10088.3 9977.31 9895.72 10010.8 10016.2 10043.7 10029.2 10095.9 10152.5 10104 10198.3 10372.6 10365.5 10527.5 10539.8 10557.3 10493.7 10449.1 10431.7 10418 10403.3 10392.8 10390.7 10366.2 
10464.2 10486.8 10481.7 10477.3 10473.4 10461.8 10446.5 10467.2 10501.7 10526.8 10526.8 10566.2 10614.7 10645.7 10446.8 10230.2 10178.8 10175.1 10272 10213.2 10255.1 10316.8 10304.7 10262.6 10218.6 10267.5 10336.3 10405.3 10513.3 10536 10510 10471.6 10429.7 10416.2 10412.1 10411.8 10411.9 10399.1 10383.7 
10435.9 10470 10479.4 10483.2 10481.7 10473.5 10456.1 10471.1 10521.4 10530.1 10548.9 10556.3 10578.4 10637.8 10522.2 10423 10337.9 10313.7 10229.8 10262.8 10265 10307.4 10250.1 10227.5 10250.1 10345.5 10420 10469.6 10539.8 10519.4 10466.2 10449.2 10415.8 10409.7 10408.4 10413 10426.4 10418.4 10390 
10433.3 10441.7 10475.9 10460.8 10467.5 10461.9 10441.1 10437.8 10473.9 10508.4 10535.7 10552 10551.6 10549.3 10551.6 10535.6 10487.2 10399.9 10354.3 10332.2 10304.2 10296.6 10319.9 10375.2 10471.8 10496.9 10494.2 10501.4 10526.7 10512 10468.8 10444.2 10437.6 10404.4 10393.6 10391.8 10400.6 10401.1 10376.1 
10447.7 10488.7 10390.3 10436 10460.5 10452 10433.8 10426.4 10447.8 10476.5 10509.1 10536.1 10528.5 10525.1 10548.1 10566.6 10572.3 10516.5 10506.6 10449.2 10415 10389.9 10434.8 10506.3 10548.5 10543.5 10510.2 10503.5 10503.5 10491.8 10460.3 10413.9 10385.8 10380.8 10373.7 10364.2 10348.7 10350 10354.3 
10445.2 10493.5 10485.2 10438.5 10437.6 10439.6 10432.2 10438.9 10438.7 10449.6 10458 10472.9 10491.4 10492.8 10522.3 10548 10561.9 10605.7 10556.6 10510.4 10520.7 10547.9 10539.1 10523.7 10524.7 10513.2 10477.9 10477.1 10479.6 10475.4 10446.9 10395.8 10365.7 10366 10361.6 10352.4 10339.2 10340.5 10344.7 
10413.3 10423.9 10434.1 10428.7 10426.3 10418.4 10411.6 10408.7 10425.8 10439.5 10428.9 10425.5 10451.9 10459 10487.7 10508.5 10485.4 10489.3 10483.4 10479.5 10505.7 10481.3 10474.6 10464.4 10446.3 10419.8 10429.7 10451.8 10453.6 10452.9 10441.5 10407.4 10383 10373.6 10365.2 10356.3 10351.3 10345.3 10344.4 
10393.7 10415.2 10399.1 10411.5 10410.7 10408.9 10396.4 10377.6 10390.7 10396.6 10404 10417.6 10454.2 10468.1 10473 10444.1 10430.9 10442.1 10441.6 10440.9 10449.3 10423 10422.7 10422.1 10414.1 10405.1 10408.4 10416.9 10424.1 10433 10434.7 10426.5 10408 10389.2 10374.3 10362.4 10348 10348.6 10345 
10382.6 10400.2 10424.4 10417.6 10420.6 10405.1 10393.3 10383.9 10373.9 10376.1 10393 10415 10438.2 10457.3 10461.3 10420.2 10411.8 10399.1 10393.6 10394.5 10405 10410.4 10425.2 10416.1 10417 10419.7 10420.5 10406.5 10401.6 10403.9 10420.4 10445 10425.7 10399.7 10380.4 10369.2 10358.2 10352.1 10343.9 
10397.6 10408.3 10396.1 10404.9 10406.2 10397.5 10383.5 10371.8 10370.7 10391.8 10388.4 10386.5 10414.4 10424.4 10429.5 10427.9 10407.3 10396.3 10374.2 10372.5 10380.7 10416.1 10402.6 10404.8 10417.3 10442.7 10446.9 10417.9 10396.3 10363.7 10393.2 10422.3 10412.7 10391.5 10372.6 10361.6 10360.7 10344.9 10337.5 
10408.4 10414.7 10397.6 10398.8 10404.5 10393 10374.7 10365 10368.4 10369.5 10381.9 10379.9 10383.6 10410.5 10415.3 10436.3 10437.1 10402.9 10385.7 10377.4 10381.7 10403.6 10366.9 10382 10396.2 10396.6 10393.3 10392.2 10373.6 10361.6 10374.6 10394.5 10387.4 10370.3 10347.2 10322.7 10312.2 10324 10327.3 
10416 10420 10402.6 10398.1 10407.8 10398.1 10377.9 10366.7 10371.1 10387.8 10388.6 10402.1 10425.1 10424.3 10433.9 10453.8 10442.4 10401.7 10397 10405.8 10422.2 10373.2 10368.1 10372.3 10379.4 10381.6 10377.7 10375.6 10368.4 10352.3 10353.6 10361.6 10363.1 10349.6 10327.3 10299.7 10296.1 10311.3 10320.9 
10450.2 10439.5 10432.7 10439.2 10426.3 10413.6 10400.5 10380.1 10366.9 10374.4 10383.1 10392.8 10402.2 10433.3 10455.5 10449.1 10440.6 10434.9 10435.6 10413 10383 10370.5 10368.3 10370.8 10376.1 10379.3 10373.8 10370.7 10367 10361.1 10356.8 10351.2 10351.2 10342.1 10326.2 10302.8 10302.9 10315.3 10324 
