real_craters/C099-300m.grd
DSAA
220 220
-32.9175 32.9175
-32.9175 32.9175
8234.6284986945 9637.8688830803
[rows 180 to 209 of 220, columns 67 to 133 of 220]
9174.8 9175.17 9175.72 9176.84 9177.59 9179.84 9181.78 9183.31 9181.39 9179.74 9179.29 9179.46 9178.99 9178.96 9179.25 9180.21 9178.33 9177.49 9177.78 9178.3 9179.19 9181.09 9182.35 9183.48 9184.62 9185.86 9187.27 9189.39 9190.59 9192.3 9194.96 9193.42 9191.46 9189.51 9189.32 9189.71 9189.99 9190.22 9190.33 9190.62 9190.89 9191.59 9192.73 9194.25 9196.56 9197.94 9197.91 9198.23 9198.87 9199.43 9200.42 9201.19 9201.29 9200.03 9199.19 9198.81 9200.83 9205.71 9211.87 9218 9223.3 9228.28 9228.96 9222.66 9211.75 9211.08 9208.97
9176.71 9177.69 9179.67 9179.88 9179.14 9180.21 9181.85 9182.18 9181.12 9178.57 9178.87 9179.72 9180.09 9180.13 9180.65 9181.94 9180.4 9179.52 9179.47 9180.09 9181.14 9182.26 9183.26 9183.78 9184.74 9185.58 9186.16 9186.54 9186 9184.46 9184.93 9187.16 9187.23 9186.2 9187.4 9188.47 9189.18 9189.82 9190.34 9190.93 9191.52 9192.23 9193.3 9194.65 9196.71 9197.9 9197.86 9198.24 9199 9199.96 9200.93 9201.46 9201.8 9201.61 9199.79 9197.8 9200.34 9206.57 9214.97 9225.11 9237.28 9240.53 9241.85 9235.94 9222.34 9219.78 9214.48
9178.15 9178.81 9179.57 9178.83 9178.44 9180.16 9181.93 9183.68 9182.07 9180.5 9180.57 9180.76 9180.9 9180.85 9180.39 9179.58 9180.81 9180.8 9180.84 9181.31 9181.91 9182.77 9183.01 9183.76 9184.45 9184.93 9185.22 9184.73 9183.61 9180.83 9181.28 9184.19 9185.78 9186.53 9187.04 9187.98 9188.75 9189.56 9189.77 9190.99 9191.28 9192.6 9193.51 9194.37 9195.25 9195.68 9196.77 9197.83 9198.83 9199.78 9200.67 9201.57 9202.41 9203.28 9200.59 9195.61 9199.17 9206.62 9216.1 9227.25 9239.3 9245.82 9250.5 9250.47 9244.14 9235.8 9225.06
9179.38 9179.48 9178.29 9175.93 9177.94 9180.76 9182.07 9181.6 9182.31 9183.5 9182.94 9181.68 9181.43 9181.59 9182.41 9182.44 9181.79 9181.61 9181.74 9182.2 9182.73 9183.17 9183.8 9184.38 9184.98 9185.2 9185.06 9184.19 9183.83 9183.5 9184.44 9183.81 9185.08 9186.18 9186.43 9187.08 9188.15 9189.11 9189.89 9190.78 9191.69 9192.45 9193.27 9193.98 9194.29 9194.35 9196.06 9197.44 9198.46 9199.44 9200.49 9201.23 9201.91 9202.81 9200.3 9194.35 9198.82 9206.2 9214.91 9224.43 9234.45 9242.9 9251.64 9258.49 9260.69 9252.39 9238.74
9181.16 9181.73 9181.78 9182.82 9183.21 9183.18 9183.43 9183.57 9183.5 9182.93 9182.08 9181.46 9181.25 9181.51 9182.45 9182.58 9182.06 9181.96 9182.24 9182.49 9183.09 9183.63 9184.34 9184.73 9185.1 9185.16 9185.11 9184.27 9184.31 9184.68 9182.98 9181.99 9183.1 9184.57 9185.45 9186.52 9187.69 9188.76 9190.39 9191.34 9192.25 9192.87 9193.6 9194.19 9194.63 9195.29 9196.52 9197.33 9197.98 9198.74 9199.72 9200.06 9200.38 9200.44 9199.02 9196.92 9200.22 9206.29 9213.06 9219.63 9225.14 9233.44 9245.99 9257.75 9265.46 9263.06 9252
9183.57 9184.84 9186.33 9187.99 9187.27 9185.57 9184.94 9184.97 9184.13 9182 9180.65 9180.7 9180.56 9180.3 9180.49 9180.9 9181.45 9181.99 9182.16 9182.62 9183.47 9184.01 9184.53 9184.98 9185.36 9185.45 9185.14 9184.69 9184.5 9183.31 9179.19 9178.79 9180.19 9182.26 9184.18 9185.77 9187.15 9188.5 9189.61 9190.59 9191.55 9192.55 9193.46 9194.27 9195.35 9196.95 9197.4 9197.23 9197.36 9197.42 9197.47 9197.95 9198.55 9198.12 9197.38 9198.87 9202.24 9206.9 9211.82 9216.14 9219.42 9225.59 9236.51 9248.83 9264.61 9270.45 9261.29
9185.63 9187.29 9189.09 9190.34 9188.41 9186.55 9185.3 9184.08 9182.6 9181.6 9180.62 9180.44 9180.14 9179.14 9177.57 9179.15 9180.85 9181.88 9182.52 9183.08 9183.64 9184.24 9184.78 9185.12 9185.43 9185.8 9185.47 9184.82 9184.76 9183.9 9178.87 9177.45 9179.03 9181.36 9183.24 9185.24 9186.45 9187.71 9188.94 9190.46 9191.44 9192.3 9193.18 9194.14 9195.19 9196.66 9196.8 9196.55 9196.62 9196.53 9195.97 9196.76 9198.06 9197.99 9197.92 9200.62 9204.73 9208.63 9212.17 9215.13 9217.75 9221.36 9226.36 9233.72 9257.1 9273.19 9260.48
9187.41 9188.87 9190.15 9190.19 9188.1 9186.4 9185.03 9183.84 9182.86 9181.82 9181.07 9180.73 9180.64 9179.77 9178.01 9179.63 9181.04 9181.9 9182.51 9183.03 9183.4 9183.93 9184.33 9184.91 9185.31 9185.26 9185.31 9184.96 9184.46 9183.64 9180.24 9177.88 9179.53 9181.61 9183.33 9185.05 9186.28 9187.82 9189.01 9190.02 9191.03 9191.99 9192.77 9193.61 9194.28 9194.24 9194.35 9195.42 9196.03 9196.43 9197.64 9199.1 9199.24 9199.86 9200.67 9204.11 9208.32 9211.38 9213.69 9215.78 9217.62 9219.09 9218.92 9219.26 9230.01 9237.05 9243.96
9189.05 9189.87 9190.08 9189.73 9187.72 9185.54 9184.33 9183.76 9183.54 9182.15 9181.06 9181.26 9181.86 9182.41 9182.47 9182.03 9182.07 9182.37 9182.82 9183.33 9183.71 9184.39 9184.95 9185.59 9185.71 9185.96 9185.99 9185.37 9183.86 9181.99 9179.98 9178.97 9181.46 9182.89 9184.27 9185.66 9186.86 9187.91 9188.97 9189.83 9190.89 9191.82 9192.72 9193.49 9194.04 9193.82 9194.03 9195.1 9195.51 9195.86 9197.32 9198.77 9199.73 9202.46 9207.77 9211.32 9213.23 9214.8 9216 9217.14 9218.01 9217.73 9215.56 9212.62 9212.81 9213.85 9224.59
9190.68 9190.75 9189.49 9187.87 9185.85 9183.73 9182.94 9182.86 9182.59 9182.28 9181.59 9181.84 9182.54 9184.38 9186.48 9183.83 9182.93 9182.92 9183.3 9183.83 9184.55 9185.31 9185.9 9186.11 9186.57 9186.8 9186.81 9186.48 9185.51 9182.88 9180.01 9179.67 9183.04 9183.99 9185.05 9186.09 9187.26 9188.16 9189.13 9190.02 9190.96 9191.83 9192.67 9193.59 9194.49 9195.73 9196.45 9195.68 9194.75 9194.03 9194.16 9195.25 9198.09 9202.7 9209.2 9216.34 9217.69 9218.1 9218.34 9218.63 9219 9218.52 9215.46 9211.56 9207.75 9204.53 9211.53
9192.95 9192.55 9190.04 9185.58 9182.03 9181.14 9181.02 9181.53 9183.21 9182.05 9181.79 9181.7 9181.76 9182.22 9182.9 9182.89 9182.68 9182.83 9183.4 9184.01 9184.69 9185.38 9186.03 9186.64 9187.09 9187.27 9187.5 9187.57 9187.19 9183.41 9178.54 9179.23 9182.96 9184.41 9185.28 9185.97 9187.41 9188.31 9188.94 9189.81 9190.56 9191.5 9192.34 9193.34 9194.76 9196.55 9197.9 9195.58 9193.32 9191.63 9190.71 9190.85 9195.39 9201.27 9208.66 9218.89 9220.83 9220.63 9219.95 9219.51 9219.52 9219.97 9216.01 9210.47 9205.84 9204.22 9206.46
9195.82 9195.9 9193.67 9186.76 9180.08 9179.21 9179.03 9179.14 9178.73 9179.24 9179.91 9180.32 9180.38 9179.44 9179.53 9181.13 9181.99 9182.57 9183.24 9184.11 9184.93 9185.6 9186.32 9187.03 9187.45 9187.97 9188.09 9187.99 9188.17 9184.02 9179.86 9180.82 9183.83 9184.77 9185.42 9186.36 9187.52 9188.33 9189.07 9189.87 9190.47 9191.19 9191.92 9192.71 9193.75 9194.85 9195.63 9193.13 9190.97 9189.33 9188.4 9189.34 9193.67 9200.29 9208.96 9220.37 9222.39 9221.72 9220.49 9219.23 9218.09 9217.11 9213.89 9209.55 9206.27 9204.46 9204.17
9198.68 9199.56 9198.21 9190.05 9182.35 9178.42 9177.58 9177.47 9177.08 9177.88 9179.2 9179.79 9179.77 9180.21 9180 9180.3 9181.1 9182.21 9183.2 9183.99 9184.94 9185.91 9186.75 9187.48 9187.98 9188.31 9188.23 9187.56 9185.67 9183.83 9181.85 9181.92 9184.33 9185.07 9185.95 9187.07 9187.88 9188.63 9189.51 9190.14 9190.65 9191.15 9191.56 9191.87 9191.99 9191.49 9189.73 9188.93 9188.43 9187.49 9186.88 9187.58 9192.12 9199.81 9210.36 9220.45 9221.95 9221.2 9219.44 9217.34 9214.78 9211.71 9209.41 9208.98 9208.68 9205.2 9203.2
9200.7 9202.03 9200.31 9190.67 9180.11 9177.14 9176.93 9177.46 9178.01 9178.83 9179.68 9179.76 9178.81 9178.54 9178.77 9179.53 9180.45 9181.64 9182.89 9184.02 9185.29 9186.35 9187.13 9188 9188.5 9188.85 9188.77 9188.08 9186.03 9184.41 9182.25 9182.3 9184.11 9184.89 9185.98 9186.86 9187.46 9188.2 9188.82 9189.88 9190.36 9190.39 9190.66 9190.86 9190.91 9189.6 9187.19 9187 9187.16 9186.61 9186.16 9186.97 9191.12 9198.05 9207.37 9217.15 9219.67 9218.96 9217.15 9214.43 9211.18 9207.12 9204.86 9206.47 9207.96 9205.72 9203.52
9201.42 9202.91 9200.54 9190.12 9179.12 9176.53 9177.25 9178.68 9180.07 9180.86 9180.79 9179.46 9177.36 9175.45 9176.74 9178.57 9180.18 9181.68 9183.1 9184.05 9185.14 9186.11 9187.17 9187.88 9188.72 9189.28 9189.42 9189.36 9188.76 9186.05 9183.96 9182.43 9183.08 9184.34 9186.08 9187.17 9187.72 9188.61 9189.08 9189.64 9190.11 9189.78 9190.5 9190.44 9190.09 9189.42 9188.87 9188.28 9187.6 9187.05 9186.54 9186.97 9190.33 9196.92 9205.32 9213.91 9216.22 9215.59 9213.95 9211.56 9208.63 9204.69 9202.06 9203.28 9204.01 9203.93 9203.53
9200.33 9201.81 9199.26 9189.72 9180.78 9177.65 9178.5 9180.67 9183.23 9184.63 9182.78 9179.55 9176.69 9174.64 9176.23 9178.45 9180.16 9181.7 9183.08 9184.33 9185.3 9186.62 9187.67 9188.76 9189.32 9190.07 9190.26 9189.91 9188.86 9187.51 9185.68 9183.91 9183.6 9184.6 9186.05 9187.03 9187.38 9188.06 9189.02 9189.53 9189.95 9189.8 9190.04 9190.18 9189.99 9189.84 9189.78 9189.4 9189.1 9188.85 9188.21 9187.84 9190.35 9197.04 9203.87 9209.63 9211.76 9211.76 9210.95 9209.13 9206.98 9204.66 9203.04 9201.39 9199.58 9200.6 9202.36
9197.77 9198.3 9195.45 9188.61 9181.44 9178.96 9180.11 9182.33 9185.71 9189.56 9184.51 9179.82 9177.26 9176.27 9177.18 9178.86 9180.39 9181.77 9183.02 9184.25 9185.43 9186.57 9187.72 9188.78 9189.83 9190.8 9191.78 9191.97 9190.93 9189.49 9187.09 9184.97 9185.18 9185.61 9186.37 9187.23 9187.55 9188.11 9188.58 9188.67 9189.12 9189.43 9189.75 9190.72 9190.43 9190.98 9190.59 9190.57 9191.9 9192.3 9191.71 9190.78 9191.57 9196.08 9201.58 9205.31 9207.9 9208.78 9208.22 9206.95 9205.53 9204.5 9204.6 9200.4 9197.36 9197.77 9199.97
9194.65 9193.91 9191.43 9187.64 9183.78 9181.83 9181.58 9182.56 9184.3 9185.61 9183.52 9181.03 9179.69 9178.15 9179.3 9180.3 9181.35 9182.41 9183.54 9184.7 9185.9 9186.83 9187.92 9189 9190.32 9191.44 9193.05 9196.06 9194.9 9192.1 9189.7 9187.09 9187.19 9187.06 9187.18 9187.66 9188.15 9188.41 9188.76 9189.02 9189.24 9189.5 9189.91 9190.38 9191.29 9192.47 9194.24 9196.02 9196.93 9197.38 9197.43 9196.43 9194.93 9197.03 9202.41 9205.66 9206.96 9207.15 9206.56 9205.37 9203.89 9202.17 9200.15 9197.33 9195.06 9194.67 9195.98
9192.88 9191.09 9189.16 9187.22 9185.2 9183.51 9182.34 9181.75 9181.12 9179.24 9181.09 9184.45 9185.53 9184.07 9182.55 9182.09 9182.02 9182.59 9183.45 9184.49 9185.77 9187.16 9188.39 9189.34 9190.47 9191.53 9192.57 9193.17 9194.19 9193.95 9193.56 9193.36 9188.53 9188.66 9188.39 9188.59 9188.72 9188.85 9189.01 9189.17 9189.42 9189.87 9190.48 9191.19 9192.13 9194.06 9197.47 9201.77 9201.52 9202.84 9205.14 9207.32 9209.16 9210.13 9209.86 9208.99 9207.72 9206.84 9205.89 9204.46 9202.49 9199.86 9195.97 9194.83 9194.46 9194.39 9195.07
9192.22 9189.98 9188.51 9187.09 9185.58 9184.05 9182.4 9180.95 9179.53 9178.13 9180.03 9183.94 9188.26 9187.94 9184.28 9182.97 9182.7 9182.97 9183.68 9184.87 9185.99 9187.2 9188.56 9189.67 9190.7 9191.37 9191.9 9192.73 9194.11 9195.3 9195.36 9194.65 9191.83 9191.16 9190.38 9190 9189.7 9189.22 9189.07 9189.08 9189.35 9189.84 9190.36 9191.15 9192.46 9194.11 9196.58 9199.56 9202.27 9206.56 9212.7 9219.89 9226.57 9225.09 9220.05 9213.74 9208.86 9207.52 9206.2 9204.44 9202.17 9199.76 9197.5 9196.85 9197.21 9197.68 9195.65
9192.78 9190.51 9188.92 9187.22 9185.59 9184.49 9181.85 9180.38 9179.42 9178.99 9179.95 9181.59 9182.51 9183.5 9182.96 9182.67 9182.78 9183.32 9184.16 9185.45 9186.48 9187.82 9189.16 9190.39 9191.38 9191.7 9191.68 9192.51 9194.95 9197.43 9198.84 9199.78 9196.83 9194.43 9192.69 9191.65 9190.68 9190.07 9189.91 9189.76 9189.92 9190.34 9190.66 9191.25 9192.04 9193.17 9194.64 9196 9201.15 9208.41 9217.49 9228.14 9239.83 9239.84 9228.72 9219.28 9212.07 9209.87 9207.25 9204.9 9202.66 9200.78 9199.29 9198.7 9198.9 9198.77 9195.67
9194.72 9193.24 9190.25 9187.31 9184.4 9181.01 9180.27 9179.74 9179.49 9180.09 9180.38 9178.86 9178.26 9179.36 9180.57 9181.62 9182.64 9183.57 9185 9186.44 9187.71 9188.82 9190.22 9191.45 9192.55 9192.94 9192.76 9192.21 9196.83 9200.19 9203.42 9204.06 9201.37 9197.56 9194.6 9192.94 9192.14 9190.77 9190.89 9190.66 9190.59 9190.73 9191.05 9191.53 9191.98 9192.6 9193.46 9195.19 9200.23 9208.25 9218.15 9228.81 9238.52 9238.76 9230.86 9223.41 9218.52 9212.46 9208.06 9205.26 9203.2 9201.7 9200.52 9199.82 9199.26 9198.54 9196.08
9196.03 9194.83 9191.04 9187.42 9183.91 9180.86 9179.67 9179.15 9178.95 9179.12 9178.59 9176.44 9174.41 9176.98 9179 9180.68 9182.22 9183.65 9185.01 9186.6 9187.99 9189.39 9190.78 9192.27 9193.77 9195.41 9197.16 9198.66 9200.22 9202.31 9204.54 9205.11 9203.53 9199.09 9195.3 9193.43 9192.18 9190.63 9190.22 9190.14 9190.06 9190.14 9190.38 9190.84 9192.13 9192.53 9192.85 9193.94 9198.2 9206.47 9215.69 9224.21 9229.98 9230.6 9226.64 9221.23 9216.81 9210.97 9207.18 9204.78 9203.16 9202.19 9201.53 9200.84 9198.73 9196.39 9194.96
9195.05 9193.38 9190.69 9187.4 9184.22 9181.68 9179.86 9178.68 9178.02 9177.56 9176.85 9176.28 9175.15 9176.92 9178.67 9180.87 9182.59 9184.14 9185.81 9187.02 9188.37 9189.84 9191.41 9193.11 9195.01 9197.53 9200.84 9202.82 9202.67 9203.34 9203.92 9203.24 9200.65 9197.92 9195.3 9193.8 9192.37 9191.17 9190.43 9189.81 9189.65 9190.03 9190.8 9191.24 9191.98 9192.46 9192.96 9193.47 9196.88 9204.71 9212.04 9218.35 9222.84 9223.18 9219.85 9214.91 9209.05 9206.24 9204.57 9203.27 9202.38 9201.95 9201.82 9201.42 9198 9193.62 9192.77
9195.13 9192.87 9190.31 9187.24 9184.23 9181.86 9179.74 9178.12 9177.19 9176.55 9176.37 9177.13 9179.13 9177.97 9179.12 9180.84 9182.68 9184.39 9185.91 9187.38 9188.8 9190.33 9191.97 9193.66 9195.63 9197.77 9200.54 9202.19 9202.58 9203.22 9203.54 9201.8 9198.63 9196.57 9194.78 9193.72 9192.8 9191.89 9191.43 9191.17 9190 9190.42 9190.73 9191.22 9192.37 9193.49 9194.98 9196.98 9200.03 9204.29 9208.19 9211.63 9215.52 9215.37 9212.12 9208.29 9204.35 9202.22 9201.5 9201.03 9200.79 9200.74 9200.85 9200.58 9197.79 9194.42 9193.27
9195.45 9193.13 9190.11 9187.01 9183.86 9180.7 9178.45 9177.59 9176.72 9175.84 9175.3 9175.71 9176.07 9177.45 9179.57 9181.81 9183.85 9185.82 9187.04 9188.47 9189.92 9191.12 9192.36 9193.76 9195.09 9196.71 9197.93 9199.36 9200.36 9201.31 9202.12 9200.59 9198.91 9195.29 9194.19 9193.78 9193.09 9192.85 9192.56 9192.52 9192.64 9192.45 9191.96 9192.71 9193.71 9195.25 9197.17 9200.66 9204.06 9204.52 9204.26 9203.49 9201.96 9204 9203.77 9202.31 9199.85 9198.81 9199.27 9199.28 9198.99 9198.65 9198.61 9199.51 9196.63 9194.64 9194.67
9194.01 9192.27 9189.77 9186.84 9183.8 9180.78 9178.76 9177.82 9176.93 9175.89 9174.57 9175.16 9176.21 9177.93 9180.39 9182.85 9185.15 9186.97 9188.49 9189.85 9191.24 9192.08 9192.89 9193.63 9194.35 9195.29 9197.08 9196.76 9196.71 9197.06 9197.74 9197.89 9197.24 9195 9193.99 9193.89 9193.62 9193.64 9193.63 9193.9 9194.12 9194.3 9194.79 9195.06 9195.55 9196.85 9198.64 9202.31 9205.99 9203.41 9200.46 9197.08 9193.41 9194.29 9196.96 9198.25 9198 9198.02 9198.7 9198.41 9197.51 9196.32 9194.69 9191.93 9190.66 9192.11 9194.21
9194.39 9191.98 9189.48 9186.81 9184.15 9181.81 9180.12 9178.86 9178 9177.36 9177.2 9178.3 9178.83 9179.92 9182.69 9185.09 9186.71 9188.34 9189.83 9190.96 9191.94 9192.53 9193.04 9193.39 9193.3 9192.9 9192.59 9192.68 9192.37 9191.93 9193.03 9194.8 9195.87 9194.79 9193.84 9193.74 9194.36 9194.83 9194.93 9194.94 9195.11 9194.69 9195.06 9195.41 9195.87 9196.93 9198.14 9199.69 9200.88 9198.97 9197.12 9194.37 9191.31 9191.75 9194.25 9196.73 9198.71 9200.03 9199.12 9197.88 9196.58 9194.62 9191.85 9187.82 9186.81 9189.03 9191
9193.18 9191.6 9189.28 9186.87 9184.53 9182.56 9181.05 9180 9179.51 9179.54 9180.28 9182.79 9184.28 9185.52 9186.79 9187.97 9189.11 9190.3 9191.36 9192.29 9193.06 9193.45 9193.57 9193.31 9192.53 9190.9 9189.01 9189.18 9188.73 9187.74 9189.24 9191.96 9194.16 9193.16 9193.23 9194.17 9195.19 9196.07 9195.9 9196.24 9196.27 9195.98 9195.97 9195.73 9195.93 9196.31 9196.44 9195.83 9193.38 9194.4 9194.88 9194.55 9194.27 9193.14 9194.41 9196.56 9198.92 9200.64 9199.3 9197.65 9195.9 9193.85 9191.59 9189.94 9189.5 9188.26 9189.17
9192.89 9191 9188.86 9186.75 9184.77 9183.01 9181.78 9180.98 9180.91 9181.42 9182.7 9183.89 9187.61 9191.91 9190.23 9190.62 9191.49 9192.4 9193.27 9194.08 9194.77 9195.03 9194.84 9194.09 9192.83 9190.88 9188.32 9187.66 9186.75 9186.68 9187.7 9189.78 9191.58 9192.07 9193.01 9194.45 9195.74 9196.57 9197.11 9197.64 9196.47 9196.36 9195.36 9196.33 9196.13 9195.7 9195.12 9194.05 9193.55 9193.37 9193.81 9193.73 9193.51 9194.34 9195.19 9196.45 9197.91 9198.94 9198.27 9197.15 9195.58 9193.83 9191.86 9189.93 9187.58 9187.62 9188.5
