real_craters/C099-750m.grd
DSAA
89 89
-32.9175 32.9175
-32.9175 32.9175
8236.0522711599 9642.5147402682
[rows 0 to 37 of 89, columns 0 to 83 of 89]
9399 9394 9362 9374 9371 9369 9358 9343 9337 9341 9353 9363 9371 9378 9383 9383 9382 9380 9376 9374 9371 9370 9374 9377 9379 9381 9384 9386 9388 9386 9386 9382 9377 9374 9372 9372 9372 9375 9377 9381 9399 9419 9435 9460 9476 9480 9465 9458 9453 9466 9463 9457 9455 9458 9464 9473 9481 9491 9500 9506 9512 9507 9499 9492 9487 9485 9484 9482 9476 9473 9472 9471 9468 9465 9469 9473 9472 9471 9468 9466 9460 9446 9422 9391
9398 9405 9375 9374 9372 9363 9349 9335 9329 9333 9345 9355 9366 9376 9382 9386 9379 9375 9371 9368 9368 9376 9377 9376 9377 9378 9379 9380 9382 9388 9378 9372 9367 9364 9363 9363 9366 9368 9367 9368 9381 9397 9412 9436 9461 9477 9478 9465 9450 9458 9456 9449 9446 9450 9456 9464 9473 9481 9489 9497 9503 9500 9495 9488 9485 9484 9482 9479 9475 9469 9467 9466 9466 9464 9463 9464 9465 9462 9461 9457 9448 9411 9396 9361
9374 9398 9401 9393 9370 9354 9348 9340 9334 9334 9344 9354 9364 9374 9380 9381 9377 9372 9367 9363 9364 9368 9369 9371 9372 9373 9373 9372 9370 9364 9358 9358 9356 9355 9354 9355 9361 9363 9361 9361 9370 9383 9399 9414 9434 9459 9475 9470 9460 9457 9452 9443 9439 9442 9449 9457 9465 9472 9479 9487 9492 9493 9491 9488 9487 9486 9480 9473 9465 9463 9461 9460 9459 9453 9457 9458 9459 9459 9454 9447 9431 9399 9362 9353
9361 9378 9382 9377 9362 9347 9345 9340 9333 9335 9344 9355 9366 9375 9381 9382 9378 9372 9366 9360 9362 9366 9367 9368 9369 9367 9367 9364 9360 9355 9344 9344 9345 9345 9345 9344 9348 9357 9358 9360 9367 9371 9385 9401 9409 9431 9454 9464 9462 9454 9447 9437 9430 9436 9445 9454 9460 9464 9468 9478 9485 9487 9487 9486 9484 9482 9475 9467 9460 9457 9456 9454 9452 9448 9443 9447 9451 9454 9448 9437 9412 9376 9361 9371
9363 9377 9375 9364 9356 9346 9346 9343 9337 9336 9349 9359 9369 9378 9384 9385 9379 9372 9368 9365 9365 9365 9369 9368 9366 9365 9362 9356 9351 9344 9338 9336 9336 9337 9336 9333 9337 9363 9383 9396 9390 9371 9365 9399 9400 9416 9435 9449 9453 9446 9442 9433 9423 9436 9446 9453 9458 9461 9465 9474 9479 9484 9484 9480 9475 9472 9466 9460 9456 9452 9453 9453 9448 9443 9437 9441 9444 9441 9440 9431 9400 9369 9373 9381
9377 9383 9389 9378 9354 9345 9344 9349 9344 9350 9357 9365 9373 9381 9386 9381 9372 9371 9372 9372 9370 9363 9362 9365 9365 9363 9361 9357 9351 9342 9332 9332 9333 9333 9329 9325 9330 9369 9423 9427 9409 9375 9359 9395 9390 9394 9410 9422 9431 9434 9436 9440 9445 9451 9451 9453 9458 9462 9463 9466 9474 9480 9481 9478 9472 9465 9459 9454 9447 9449 9456 9458 9453 9448 9440 9444 9445 9441 9434 9420 9388 9365 9369 9336
9377 9383 9377 9358 9351 9347 9348 9352 9360 9367 9366 9371 9377 9382 9388 9379 9370 9372 9376 9380 9375 9367 9366 9365 9364 9361 9359 9357 9352 9345 9334 9337 9337 9333 9328 9322 9327 9357 9384 9397 9393 9381 9373 9398 9391 9389 9399 9413 9418 9420 9427 9440 9462 9458 9451 9453 9458 9464 9468 9464 9470 9478 9479 9479 9474 9468 9461 9455 9456 9463 9470 9466 9460 9460 9449 9447 9450 9446 9430 9406 9369 9356 9336 9303
9377 9380 9369 9352 9350 9349 9348 9350 9355 9361 9373 9377 9379 9380 9380 9377 9376 9374 9378 9380 9374 9367 9370 9367 9363 9358 9355 9356 9358 9365 9378 9356 9342 9334 9328 9324 9331 9354 9362 9365 9369 9383 9384 9391 9390 9385 9389 9399 9405 9412 9418 9425 9429 9433 9441 9449 9457 9462 9466 9467 9469 9471 9480 9487 9487 9474 9462 9471 9496 9518 9493 9475 9461 9449 9446 9443 9441 9436 9420 9398 9380 9373 9330 9302
9376 9373 9358 9348 9349 9349 9353 9366 9367 9384 9388 9386 9380 9374 9369 9369 9368 9371 9377 9383 9376 9372 9369 9369 9364 9357 9352 9351 9355 9371 9377 9357 9340 9334 9333 9335 9349 9364 9347 9341 9346 9348 9365 9384 9397 9387 9380 9385 9392 9401 9409 9413 9410 9412 9427 9442 9454 9462 9468 9472 9474 9477 9489 9501 9505 9495 9485 9525 9520 9516 9500 9477 9455 9436 9433 9436 9431 9426 9414 9381 9369 9352 9325 9310
9379 9367 9353 9352 9352 9349 9355 9364 9369 9392 9396 9388 9378 9370 9363 9364 9364 9372 9379 9386 9396 9399 9392 9378 9363 9353 9345 9340 9338 9334 9325 9323 9324 9327 9334 9353 9366 9354 9338 9329 9330 9337 9349 9367 9393 9393 9375 9378 9387 9400 9405 9417 9410 9409 9418 9433 9452 9470 9480 9486 9490 9492 9506 9522 9538 9541 9525 9504 9512 9513 9498 9472 9449 9430 9429 9434 9432 9423 9409 9386 9357 9312 9311 9311
9381 9362 9344 9347 9349 9346 9352 9360 9366 9387 9395 9387 9376 9367 9365 9369 9377 9388 9396 9419 9444 9416 9392 9371 9354 9344 9336 9327 9316 9303 9300 9297 9305 9314 9324 9336 9340 9332 9324 9319 9315 9313 9328 9346 9377 9392 9385 9385 9427 9444 9469 9432 9408 9398 9410 9427 9449 9487 9496 9504 9514 9518 9524 9534 9550 9548 9514 9480 9492 9509 9488 9462 9440 9425 9424 9434 9442 9415 9384 9355 9305 9299 9302 9304
9383 9362 9345 9342 9347 9344 9350 9358 9365 9383 9391 9383 9370 9362 9363 9376 9393 9410 9430 9443 9443 9397 9354 9343 9339 9332 9325 9316 9306 9293 9297 9288 9291 9298 9304 9309 9308 9301 9304 9304 9298 9303 9314 9332 9355 9373 9418 9435 9449 9434 9432 9414 9396 9394 9405 9419 9434 9448 9478 9506 9533 9530 9529 9529 9527 9513 9488 9469 9472 9467 9461 9446 9429 9416 9410 9423 9436 9394 9343 9307 9301 9301 9300 9303
9379 9361 9344 9341 9347 9347 9346 9352 9363 9382 9392 9379 9362 9350 9360 9383 9412 9438 9452 9439 9410 9373 9345 9336 9328 9321 9314 9306 9301 9303 9294 9282 9279 9282 9285 9283 9284 9285 9288 9292 9289 9289 9302 9319 9343 9348 9365 9383 9387 9384 9368 9375 9386 9397 9408 9417 9423 9431 9459 9488 9506 9515 9515 9515 9508 9496 9479 9468 9464 9457 9448 9433 9415 9401 9396 9408 9399 9370 9325 9304 9301 9302 9302 9303
9379 9359 9340 9338 9348 9342 9341 9345 9360 9380 9390 9374 9356 9342 9350 9386 9426 9452 9437 9412 9375 9354 9339 9328 9320 9314 9307 9299 9291 9284 9282 9271 9269 9271 9272 9273 9273 9274 9278 9280 9282 9286 9291 9296 9313 9341 9346 9348 9352 9350 9349 9357 9381 9408 9420 9423 9423 9426 9450 9473 9489 9499 9503 9501 9496 9486 9476 9468 9463 9458 9446 9424 9399 9381 9375 9388 9397 9357 9311 9301 9303 9302 9300 9299
9375 9354 9336 9332 9333 9339 9339 9348 9360 9372 9375 9367 9354 9347 9358 9383 9411 9422 9399 9385 9363 9347 9334 9324 9316 9309 9301 9292 9283 9276 9273 9266 9264 9264 9264 9265 9266 9271 9272 9275 9274 9279 9284 9288 9296 9327 9327 9329 9328 9333 9338 9347 9382 9416 9438 9437 9430 9430 9449 9468 9485 9492 9496 9494 9488 9478 9466 9462 9460 9462 9454 9420 9385 9357 9360 9375 9389 9350 9310 9304 9299 9299 9298 9297
9360 9344 9333 9330 9334 9342 9348 9353 9359 9367 9370 9364 9351 9341 9354 9374 9392 9395 9383 9375 9363 9350 9337 9323 9314 9305 9297 9289 9280 9273 9268 9264 9262 9261 9259 9254 9259 9263 9264 9264 9266 9274 9280 9284 9294 9308 9311 9318 9316 9324 9333 9347 9382 9436 9458 9447 9443 9446 9455 9469 9480 9490 9489 9496 9486 9471 9459 9452 9451 9451 9440 9416 9388 9369 9376 9388 9385 9349 9311 9302 9300 9299 9297 9297
9341 9333 9327 9327 9333 9342 9353 9349 9357 9365 9369 9364 9351 9341 9351 9366 9379 9385 9379 9375 9369 9358 9342 9326 9315 9305 9296 9287 9278 9271 9267 9262 9260 9259 9258 9260 9257 9257 9257 9257 9264 9280 9275 9272 9274 9288 9300 9310 9316 9318 9318 9328 9371 9418 9444 9445 9442 9447 9457 9474 9494 9510 9523 9507 9487 9470 9458 9440 9434 9437 9436 9409 9392 9383 9384 9422 9386 9345 9314 9306 9304 9301 9299 9298
9328 9323 9322 9323 9329 9336 9345 9347 9354 9362 9369 9364 9353 9346 9351 9360 9370 9379 9380 9377 9374 9365 9351 9336 9319 9305 9295 9286 9281 9272 9266 9262 9260 9258 9257 9256 9256 9255 9255 9258 9268 9267 9266 9266 9270 9268 9278 9295 9306 9310 9314 9323 9361 9403 9432 9437 9431 9439 9455 9474 9496 9512 9519 9499 9475 9463 9450 9423 9416 9417 9423 9388 9350 9342 9342 9329 9353 9336 9318 9311 9306 9305 9303 9299
9323 9318 9316 9312 9322 9338 9346 9347 9352 9356 9359 9358 9355 9353 9350 9354 9362 9371 9376 9375 9375 9374 9354 9333 9316 9305 9294 9282 9273 9268 9265 9264 9258 9256 9255 9256 9256 9256 9256 9261 9266 9259 9259 9261 9263 9267 9269 9280 9287 9297 9310 9321 9352 9399 9436 9433 9426 9433 9449 9466 9481 9486 9475 9460 9445 9428 9420 9396 9383 9383 9373 9364 9343 9333 9329 9328 9326 9326 9320 9313 9313 9309 9306 9305
9326 9321 9320 9320 9330 9340 9345 9348 9348 9349 9350 9348 9346 9346 9344 9347 9350 9351 9364 9369 9369 9360 9348 9333 9319 9305 9292 9280 9268 9266 9264 9261 9255 9253 9254 9255 9256 9259 9268 9260 9257 9256 9256 9255 9254 9265 9263 9273 9280 9292 9306 9318 9348 9392 9429 9425 9412 9426 9441 9457 9468 9472 9455 9434 9410 9381 9349 9340 9347 9358 9362 9359 9362 9342 9333 9326 9320 9322 9320 9315 9316 9311 9308 9308
9332 9333 9331 9330 9339 9346 9348 9345 9343 9339 9335 9329 9325 9328 9334 9339 9343 9348 9353 9362 9364 9360 9348 9335 9318 9304 9293 9282 9272 9267 9264 9260 9249 9251 9255 9257 9255 9254 9249 9252 9253 9253 9253 9252 9250 9254 9259 9268 9285 9299 9311 9320 9345 9381 9410 9416 9414 9422 9434 9445 9454 9454 9437 9410 9380 9358 9341 9333 9337 9346 9355 9355 9350 9346 9342 9329 9324 9321 9323 9315 9309 9308 9307 9307
9355 9351 9348 9342 9345 9344 9347 9342 9337 9332 9324 9318 9315 9318 9326 9332 9338 9344 9354 9361 9366 9366 9356 9334 9313 9303 9294 9286 9279 9270 9265 9261 9256 9252 9254 9254 9253 9249 9244 9242 9245 9251 9255 9253 9251 9252 9259 9272 9290 9317 9324 9332 9344 9373 9399 9410 9413 9418 9424 9431 9436 9437 9405 9365 9352 9337 9332 9332 9333 9336 9339 9340 9341 9349 9352 9339 9324 9318 9321 9312 9307 9306 9305 9305
9382 9367 9359 9357 9336 9339 9345 9337 9332 9327 9322 9320 9321 9320 9324 9329 9333 9339 9347 9358 9369 9380 9367 9342 9317 9302 9293 9285 9278 9270 9265 9260 9253 9251 9256 9257 9253 9247 9241 9235 9232 9241 9251 9255 9256 9256 9260 9273 9295 9325 9332 9339 9347 9372 9393 9407 9413 9410 9410 9410 9408 9395 9370 9353 9334 9326 9329 9330 9328 9331 9332 9333 9339 9349 9357 9339 9321 9312 9311 9309 9306 9304 9303 9302
9386 9368 9347 9333 9329 9335 9328 9329 9327 9323 9318 9311 9308 9316 9322 9328 9334 9336 9342 9353 9363 9370 9358 9330 9313 9300 9289 9279 9273 9269 9264 9258 9246 9246 9253 9256 9254 9248 9240 9238 9230 9233 9250 9256 9261 9266 9276 9287 9308 9322 9331 9342 9360 9376 9388 9398 9401 9398 9394 9389 9381 9369 9348 9321 9321 9332 9327 9327 9329 9331 9329 9329 9338 9347 9351 9336 9323 9316 9311 9309 9307 9303 9301 9300
9381 9361 9344 9336 9330 9335 9330 9325 9322 9319 9317 9317 9317 9316 9320 9328 9337 9344 9340 9348 9354 9350 9339 9324 9312 9299 9286 9275 9269 9268 9267 9264 9253 9250 9256 9261 9261 9256 9247 9240 9233 9232 9245 9257 9272 9287 9302 9312 9320 9322 9328 9339 9365 9379 9390 9391 9384 9383 9377 9370 9358 9340 9320 9309 9312 9320 9326 9330 9332 9331 9331 9334 9338 9344 9347 9338 9326 9320 9312 9306 9302 9301 9301 9299
9340 9336 9334 9326 9323 9328 9327 9326 9324 9319 9315 9309 9308 9314 9319 9326 9335 9342 9346 9348 9346 9340 9334 9323 9312 9298 9284 9274 9270 9271 9274 9277 9282 9278 9274 9275 9273 9268 9261 9254 9246 9241 9243 9262 9280 9288 9311 9317 9316 9319 9330 9346 9368 9378 9387 9385 9366 9357 9351 9343 9333 9318 9305 9305 9309 9316 9323 9326 9326 9329 9332 9335 9338 9343 9345 9344 9332 9324 9310 9308 9304 9301 9300 9299
9295 9314 9334 9332 9319 9315 9322 9328 9325 9321 9316 9311 9312 9310 9313 9318 9325 9336 9349 9348 9336 9327 9323 9323 9319 9298 9282 9271 9271 9276 9281 9289 9293 9296 9304 9299 9290 9282 9276 9268 9259 9254 9258 9283 9303 9309 9325 9315 9323 9335 9344 9349 9355 9364 9373 9370 9353 9335 9326 9323 9318 9313 9311 9305 9306 9313 9317 9321 9327 9330 9333 9334 9337 9340 9344 9345 9342 9332 9314 9311 9307 9303 9300 9298
9306 9305 9309 9337 9325 9312 9331 9333 9328 9324 9316 9310 9308 9305 9303 9306 9315 9322 9331 9330 9317 9306 9301 9303 9306 9302 9281 9270 9274 9281 9288 9297 9314 9327 9331 9318 9307 9296 9286 9278 9276 9278 9306 9327 9340 9340 9331 9322 9320 9335 9344 9345 9337 9354 9373 9349 9315 9307 9306 9306 9307 9309 9310 9305 9305 9308 9316 9322 9328 9333 9336 9334 9338 9337 9336 9339 9335 9333 9325 9316 9310 9306 9301 9297
9304 9306 9310 9325 9320 9322 9328 9337 9332 9325 9318 9313 9308 9299 9287 9280 9290 9289 9293 9294 9287 9277 9269 9272 9275 9279 9278 9274 9283 9289 9295 9300 9307 9308 9327 9330 9326 9317 9297 9283 9312 9347 9362 9369 9378 9368 9358 9331 9325 9336 9343 9353 9359 9343 9383 9366 9287 9289 9292 9296 9299 9302 9303 9308 9314 9316 9318 9325 9332 9339 9344 9343 9340 9336 9335 9338 9341 9341 9328 9320 9315 9309 9305 9301
9340 9331 9317 9312 9306 9307 9339 9340 9331 9325 9320 9315 9314 9295 9267 9240 9216 9233 9249 9260 9254 9251 9245 9252 9258 9273 9296 9304 9300 9301 9301 9302 9296 9291 9318 9336 9347 9353 9343 9337 9369 9405 9427 9421 9413 9410 9428 9404 9380 9375 9371 9368 9345 9342 9373 9352 9302 9286 9286 9290 9296 9302 9309 9314 9319 9315 9318 9325 9339 9351 9352 9352 9343 9336 9335 9342 9350 9352 9334 9327 9321 9316 9308 9304
9348 9340 9318 9306 9304 9325 9333 9330 9321 9315 9315 9324 9326 9286 9245 9208 9182 9193 9204 9214 9222 9233 9243 9254 9264 9292 9317 9321 9315 9311 9309 9306 9302 9300 9324 9354 9377 9401 9413 9402 9430 9485 9503 9498 9400 9405 9490 9501 9469 9459 9432 9403 9366 9360 9365 9351 9301 9279 9280 9285 9293 9299 9307 9311 9311 9310 9316 9322 9335 9345 9345 9347 9345 9334 9333 9341 9357 9356 9346 9334 9327 9319 9311 9302
9332 9337 9322 9311 9320 9328 9320 9313 9303 9294 9291 9293 9288 9253 9221 9191 9171 9173 9179 9184 9201 9220 9242 9264 9284 9328 9337 9327 9320 9316 9314 9315 9322 9342 9360 9377 9397 9436 9519 9512 9468 9421 9372 9305 9250 9227 9234 9299 9434 9526 9488 9439 9391 9350 9347 9315 9280 9275 9281 9287 9296 9303 9306 9307 9307 9308 9314 9323 9332 9336 9331 9329 9337 9333 9331 9335 9341 9350 9341 9336 9332 9326 9317 9307
9312 9338 9336 9315 9303 9313 9307 9296 9277 9262 9249 9238 9217 9206 9197 9185 9175 9170 9172 9175 9188 9205 9234 9269 9294 9332 9325 9317 9317 9321 9324 9332 9342 9354 9392 9395 9391 9395 9415 9430 9370 9270 9195 9175 9190 9196 9197 9179 9283 9441 9471 9471 9413 9358 9355 9324 9283 9279 9282 9291 9300 9310 9312 9308 9305 9308 9313 9320 9330 9340 9326 9324 9330 9333 9330 9329 9332 9329 9334 9335 9335 9332 9323 9312
9279 9308 9326 9308 9296 9290 9287 9268 9245 9227 9207 9187 9177 9178 9182 9181 9177 9173 9171 9175 9178 9183 9187 9202 9284 9325 9300 9301 9309 9321 9333 9350 9366 9383 9424 9417 9378 9322 9226 9259 9255 9174 9153 9144 9165 9192 9215 9237 9211 9255 9455 9527 9467 9446 9425 9376 9308 9294 9290 9296 9307 9316 9323 9320 9310 9306 9310 9315 9320 9325 9321 9323 9330 9328 9328 9326 9324 9327 9330 9333 9335 9336 9328 9317
9232 9257 9292 9271 9247 9235 9225 9209 9209 9201 9187 9174 9173 9175 9179 9184 9181 9176 9172 9167 9169 9170 9170 9184 9241 9276 9282 9283 9300 9321 9345 9369 9400 9433 9470 9425 9337 9261 9249 9114 9033 8969 8931 8900 8881 8877 8889 9057 9123 9081 9278 9409 9435 9465 9529 9453 9361 9310 9298 9299 9307 9320 9335 9342 9303 9304 9309 9314 9318 9323 9320 9324 9336 9337 9330 9326 9325 9326 9328 9333 9335 9334 9328 9322
9186 9191 9217 9221 9190 9181 9179 9178 9186 9186 9184 9178 9173 9173 9176 9180 9179 9176 9172 9171 9170 9168 9171 9189 9222 9257 9258 9277 9306 9335 9364 9396 9432 9477 9543 9414 9261 9119 8995 8888 8760 8717 8645 8636 8623 8601 8637 8763 8925 8909 9040 9183 9343 9476 9554 9472 9357 9311 9301 9303 9310 9319 9327 9325 9304 9304 9311 9318 9326 9321 9318 9322 9330 9337 9330 9324 9322 9327 9331 9332 9333 9333 9328 9321
9154 9155 9163 9192 9180 9172 9175 9178 9180 9179 9173 9173 9173 9173 9173 9176 9174 9173 9171 9169 9169 9171 9176 9185 9205 9221 9225 9278 9312 9345 9373 9403 9436 9477 9409 9324 9149 8958 8802 8706 8630 8540 8472 8475 8488 8454 8488 8658 8769 8826 8884 9000 9246 9486 9521 9463 9352 9308 9302 9304 9307 9314 9314 9308 9304 9308 9315 9322 9328 9325 9321 9321 9322 9326 9333 9325 9322 9329 9332 9331 9331 9330 9324 9320
9136 9144 9154 9163 9170 9184 9188 9186 9181 9179 9177 9175 9173 9171 9170 9169 9170 9171 9171 9170 9171 9177 9183 9191 9205 9226 9283 9302 9326 9368 9401 9422 9428 9394 9381 9234 9025 8816 8658 8568 8498 8405 8330 8315 8320 8331 8396 8489 8638 8731 8792 8868 9125 9417 9561 9467 9375 9342 9336 9333 9323 9316 9308 9300 9304 9320 9317 9322 9329 9326 9322 9326 9325 9353 9348 9335 9330 9328 9327 9327 9329 9329 9326 9311
