real_craters/C099-500m.grd
DSAA
133 133
-32.9175 32.9175
-32.9175 32.9175
8234.1396097092 9634.089339426
[rows 60 to 89 of 133, columns 0 to 66 of 133]
9138.39 9140.36 9143.87 9146.91 9150.45 9165.01 9177.07 9180.95 9182.11 9187.24 9193.26 9192.23 9187.39 9185.02 9182.91 9181.29 9180.63 9180 9178.38 9175.9 9173.31 9176.33 9178.97 9179.11 9178.1 9178.5 9180.56 9182.48 9184.64 9187.78 9192.84 9197.92 9204.66 9212.98 9223.74 9239.79 9254.88 9268.07 9291.19 9277.64 9264.1 9285.3 9309.75 9338.17 9366.94 9398.65 9420.53 9438.03 9440 9405.38 9234.54 9029.75 8874.53 8736.35 8614.02 8501.95 8415.44 8371.99 8333.74 8296.09 8264.57 8242.91 8244.51 8252.85 8261.29 8273.45 8291.85
9137.06 9140.83 9143.44 9145.64 9151.36 9162.43 9169.59 9172.86 9173.34 9178.26 9194.1 9194.1 9190.7 9189.69 9186.16 9184.79 9185.74 9185.61 9184.88 9183.76 9183.21 9183.79 9181.87 9182.66 9182.74 9183.42 9183.89 9185.42 9188.07 9191.71 9195.45 9201.26 9208.62 9216.76 9226.28 9238.15 9252.85 9274.02 9283.86 9266.24 9256.15 9269.7 9298.38 9329.86 9358.63 9383.81 9404.78 9409.74 9389.93 9315.98 9148.29 8960.39 8806.4 8662.97 8536.47 8422.35 8343.92 8319.4 8300.28 8284.08 8273.6 8273.88 8274.59 8281.53 8294.35 8336.19 8389.66
9137.92 9140.08 9141.82 9145.24 9146.73 9156.81 9165.36 9169.85 9172.9 9178.82 9191.84 9198.88 9200.52 9198.65 9194.62 9192.71 9193.7 9193.4 9192.34 9191.77 9193.41 9189.92 9188.23 9185.86 9185.75 9186.81 9187.22 9189.2 9191.31 9195.7 9200.2 9205.64 9211.76 9217.99 9225.01 9231.68 9242.28 9264.73 9261.65 9244.12 9241.6 9257.59 9286.95 9314.09 9339.29 9358.43 9369.99 9363.28 9334.56 9258.46 9074.81 8890.19 8716.59 8590.54 8477.83 8378.92 8315.04 8291.69 8285.35 8284.35 8290.29 8303.8 8310.22 8325.19 8352.4 8426.86 8511.5
9143.17 9143.47 9144.51 9145.97 9151.36 9160.45 9165.84 9171.19 9176.76 9184.6 9192.24 9201.18 9209.87 9211.16 9208.72 9206.65 9204.69 9202.22 9199.56 9196.84 9193.44 9187.63 9185.55 9188.12 9188.44 9189.72 9190.86 9193.82 9196.7 9199.82 9205.73 9211.55 9213.98 9217.72 9223.44 9232.24 9244.47 9253.89 9252.45 9244.3 9234.47 9251.03 9276.29 9303.99 9324.27 9335.7 9335.95 9315.3 9264.62 9170.09 9020.71 8842.47 8672.65 8546.84 8444.19 8347.74 8292.91 8279.62 8281 8292.52 8308.46 8329.41 8349.22 8374.14 8424.84 8520.11 8636.87
9144.85 9143.56 9148.57 9154.51 9158.82 9162.47 9168.68 9174.32 9180.68 9187.64 9194.76 9205.48 9218.72 9225.1 9226.65 9222.32 9216.78 9211.54 9206.76 9201.99 9195.76 9189.6 9188.19 9190.38 9191.8 9193.75 9194.07 9196.23 9198.75 9202.42 9207.64 9212.36 9213.26 9215.53 9219.5 9226.34 9241.45 9242.04 9241.72 9237.13 9231.74 9247.59 9276.97 9302.05 9321.44 9326.22 9312.32 9277.96 9216.12 9114.93 8978.41 8825.24 8678.37 8546.41 8428.54 8333.71 8285.73 8278.33 8284.68 8301.47 8327.07 8364.2 8391.92 8416.34 8451.31 8558.13 8736.3
9149.73 9148.91 9155.71 9166.78 9170.26 9169.3 9172.81 9178.27 9185.17 9192.05 9202.28 9214.06 9228.05 9237.3 9243.71 9235.23 9226.59 9219.67 9213.74 9208.12 9202.67 9199.26 9195.08 9194.33 9195.03 9196.14 9197.46 9196.95 9199.32 9201.81 9205.15 9208.67 9208.77 9210.92 9212.3 9212.24 9208.74 9207.84 9219 9227.63 9230.52 9252.22 9282.06 9308.2 9324.62 9327.23 9307.73 9264.7 9189.03 9089.52 8965.85 8823.36 8680.88 8556.43 8432.64 8334.56 8290.75 8284.17 8292.84 8311.73 8341.53 8380.88 8416.78 8451.52 8489.55 8537.88 8652.03
9146.88 9151.16 9160.18 9171.57 9174.02 9173.05 9176.26 9181.93 9189.69 9201.15 9209.66 9219.75 9231 9240.6 9244.74 9238.6 9230.91 9223.93 9218.38 9213.06 9208.01 9203.22 9200.66 9199.01 9198.4 9198.98 9199.54 9200.73 9201.81 9200.98 9201.73 9199.88 9203.22 9206.37 9206.33 9203.57 9198.22 9196.6 9210.31 9223.13 9247.91 9268.37 9293.75 9318.91 9336.57 9342.72 9324.62 9277.81 9193.03 9099.26 8982.91 8844.11 8695.21 8570.74 8439.19 8338.25 8301.65 8298.14 8307.9 8324.37 8349.39 8384.45 8423.6 8457.88 8492.52 8510.14 8556.96
9147.43 9155.71 9160.04 9166.47 9172.57 9174.83 9179.16 9185.19 9191.88 9198.68 9209.08 9225.3 9236.04 9238.76 9237.71 9234.84 9230.64 9226.25 9222.21 9218.47 9213.22 9205.26 9203.42 9201.56 9200.83 9200.72 9200.64 9200.97 9201.6 9201.66 9201.04 9200.56 9202.48 9205.02 9204.57 9202.78 9199.16 9204.52 9220.08 9244.6 9262.52 9280.48 9307.91 9335.27 9356.83 9368.51 9361.89 9328.26 9257.95 9159.49 9035.22 8891.12 8737.01 8591.4 8452.62 8352.11 8326.58 8324.1 8328.46 8338.67 8353.32 8373.93 8399.62 8435.4 8465.85 8474.08 8494.41
9150.53 9154.18 9156.13 9159.31 9168.17 9174.54 9182 9189.11 9195.83 9201.92 9211.46 9223.12 9229.8 9231.08 9229.39 9229.29 9227.49 9225.49 9223.85 9222.75 9222.64 9213.21 9206.16 9203.24 9201.42 9199.99 9199.72 9201.29 9201.45 9201.94 9202.16 9202.01 9204.36 9207.11 9207.79 9209.34 9210.63 9217.9 9233.46 9249.85 9268.14 9291.15 9324.05 9355.61 9383.9 9404.78 9415.99 9405.18 9357.42 9246.1 9105.96 8959.57 8809.07 8621.81 8483.96 8396.25 8370.41 8361.73 8356.68 8355.57 8356.44 8362.31 8371.48 8397.64 8428.28 8450.02 8449.86
9145.75 9150.11 9152.87 9157.99 9170.15 9178.19 9188.08 9196.08 9202.63 9208.99 9214.99 9222.5 9226.47 9225.58 9223.63 9223.87 9223.92 9223.47 9222.68 9222.49 9224.27 9219.03 9208.86 9204.74 9201.07 9199.9 9198.69 9200.6 9201.38 9202.19 9203.92 9207.27 9209.73 9210.68 9212.78 9218 9227.85 9242.54 9246.51 9253.76 9277.25 9310.15 9340.42 9375.33 9407.96 9441.24 9467.53 9481.22 9450.39 9327.22 9174.69 9024.78 8889.76 8692.97 8552.47 8470.25 8438.58 8418.6 8398.13 8379.96 8367.77 8357.7 8350.14 8369.2 8395.1 8414.18 8412.88
9145.09 9149.04 9151.75 9156.02 9166.35 9184.75 9195.17 9203.77 9210.35 9215.56 9219.68 9225.45 9224.7 9220.29 9219.68 9220.2 9220.7 9220.12 9219.04 9217.42 9213.99 9211.63 9209.24 9203.59 9200.89 9199.96 9199.79 9199.57 9200.33 9202.15 9204.15 9207.21 9208.41 9212.13 9216.16 9223.36 9236.59 9255.5 9254.21 9258.65 9282.09 9321.16 9351.85 9390.32 9427.84 9465.61 9497.54 9523.75 9503.3 9376.91 9223.76 9069.75 8911.61 8756.68 8679.05 8599.61 8526.54 8480.25 8444.77 8413.76 8391.62 8366.37 8349.68 8359.55 8371.19 8374.17 8376.73
9144.6 9150.76 9154.46 9161.95 9180.06 9197.02 9206.32 9213.03 9219.5 9225.66 9231.59 9231.87 9227.09 9218.12 9216.71 9217.8 9218.12 9217.77 9215.89 9212.94 9208.31 9204.79 9201.95 9200.86 9200.12 9200.13 9200.06 9199.92 9201.17 9202.76 9204.87 9206.71 9208.45 9213.63 9217.44 9222.86 9232.77 9246.69 9253.63 9261.01 9280.56 9307.49 9353.86 9393.63 9430.13 9464.26 9495.2 9515.21 9498.49 9386.64 9255.82 9112.56 8961.34 8823.89 8744.94 8675.53 8607.13 8551.46 8502.21 8461.69 8424.14 8388.35 8361.25 8358.76 8358.15 8354.91 8358.71
9144.47 9152.3 9159.58 9173.45 9194.72 9209.3 9215.7 9221.62 9227.84 9234.15 9239.68 9237.51 9230.46 9222.83 9219.63 9218.79 9217.97 9216.63 9214.46 9210.78 9206.35 9197.95 9194.44 9196.53 9198.57 9200.08 9200.72 9201.26 9202.24 9203.05 9205.57 9210.88 9217.6 9215.06 9215.97 9218.85 9225.96 9240.51 9250.46 9259.75 9279.92 9319.11 9356.12 9392.17 9424.39 9452.34 9470.05 9464.21 9431.81 9372.22 9276.08 9162.35 9044.6 8924.26 8810.17 8744.09 8692.79 8637.8 8580.34 8522.81 8468.96 8417.41 8376.79 8359.2 8355.53 8352.57 8358.52
9143.18 9155.13 9164.61 9176.49 9201.53 9216.37 9220.83 9225.88 9232.11 9239.22 9244.25 9244.39 9241.08 9235.8 9225.25 9222.05 9220.07 9217.27 9214.87 9210.99 9204.55 9197.46 9193.64 9196.55 9198.81 9200.46 9201.84 9201.94 9202.5 9204.3 9205.84 9208.54 9210.06 9211.61 9213.55 9215.46 9218.36 9236.75 9247.19 9256.25 9278.85 9315.06 9355.27 9384.39 9410.43 9433.39 9443.83 9433.69 9405.94 9363.43 9296.38 9219.2 9146.02 9084.97 8951.59 8863.62 8799.38 8730.92 8658.79 8586.28 8516.41 8452.42 8397.96 8371.79 8365.57 8362.79 8373.88
9142.64 9154.89 9166.49 9176.33 9196.27 9211.96 9217.42 9223.97 9231.93 9240.72 9248.5 9250.59 9246.78 9237.96 9229.66 9225.49 9221.89 9218.88 9215.72 9213.06 9210.03 9202.83 9199.18 9200.1 9201.68 9203.4 9204.37 9205.07 9205.89 9205.86 9206.19 9206.12 9204.11 9208.25 9213.04 9217.29 9223.61 9237.88 9246.95 9248.08 9256.2 9312.47 9350.68 9371.25 9391.39 9411.85 9426.91 9429.96 9407 9369.31 9322.11 9274.91 9234.19 9194.92 9111.73 9011.48 8920.3 8832.07 8746.27 8661.36 8576.14 8497.72 8430.74 8392.66 8389.27 8398.42 8417.3
9143.12 9150.41 9161.37 9170.61 9185.02 9199.41 9208.14 9216.83 9226.46 9237.29 9248.46 9251.57 9246.23 9240.04 9234.04 9229.31 9224.44 9220.39 9217.37 9215.19 9212.96 9207.95 9204.07 9205.1 9205.79 9206.68 9207.29 9207.67 9207.88 9207.76 9207.54 9206.71 9206.03 9209.21 9214.53 9222.11 9232.3 9249.32 9253.69 9246.22 9244.7 9282.4 9316.97 9343.7 9368.92 9392.59 9410.02 9416.7 9400.51 9370.79 9335.36 9303.11 9285.77 9286.42 9262.97 9146.41 9034.24 8929.98 8833.82 8735.94 8640.18 8550.23 8472.55 8427.19 8423.32 8438.94 8464.72
9141.56 9145.26 9150.63 9159.75 9172.01 9183.57 9194.82 9206.24 9217.23 9228.63 9238.78 9244.29 9242.41 9239.05 9238.26 9233.18 9227.8 9222.6 9218.43 9215.48 9214.47 9212.53 9210.27 9211.69 9211 9209.35 9208.79 9208.13 9207.73 9207.93 9208.04 9209.25 9213.3 9213.7 9213.63 9218.7 9231.5 9243.36 9250.68 9250.39 9254 9266.75 9284.76 9316.13 9343.76 9369.26 9390.93 9400.38 9390.4 9369.94 9342.63 9318.31 9299.81 9293.28 9318.85 9233.12 9130.7 9024.45 8924.71 8821.03 8719.25 8616.77 8528.48 8485.53 8481.81 8511.73 8560.61
9140.74 9142.38 9148.45 9154.48 9160.22 9167.71 9181.29 9194.12 9206.32 9217.26 9226.01 9232.27 9239.29 9242.32 9241.34 9236.29 9230.17 9224.04 9218 9212.74 9211.74 9216.31 9219.72 9218.96 9215.53 9211.19 9208.11 9206.35 9206.41 9206.76 9208.09 9210.57 9214.31 9213.45 9208.53 9204.33 9211.32 9228.14 9240.67 9255.06 9268.92 9271.7 9273.09 9297.54 9322.61 9345.77 9370.32 9393.96 9381.01 9363.19 9349.56 9327.86 9303.06 9284.41 9303.37 9274.47 9196.27 9110.68 9022.84 8924.91 8822.01 8707.95 8606.05 8559.59 8566.97 8615.12 8674.81
9141.02 9142.75 9142.34 9145.76 9152.23 9159.98 9170.61 9183.63 9196.51 9207.76 9216.6 9224.87 9237.81 9242.43 9244.41 9237.14 9230.72 9224.05 9217.76 9212.21 9211.93 9218.19 9226.27 9222.57 9216.32 9212 9208.56 9206.93 9205.09 9205.71 9206.7 9208.99 9211.9 9211.49 9204.27 9197.06 9204.73 9225.41 9245.06 9258.22 9270.03 9274.35 9275.24 9285.67 9302.55 9319.73 9335.64 9353.93 9356.53 9351.72 9342.63 9333.57 9309.86 9279.69 9321.94 9305.6 9256.28 9191.92 9118.79 9031.88 8935.55 8834.66 8737.14 8689.58 8709.06 8735.54 8769.88
9139.21 9141.16 9141.87 9144.12 9146.36 9149.16 9162.21 9175.6 9188.8 9200.86 9211.14 9219.16 9230.74 9238.59 9238.05 9235.69 9230.41 9225.12 9219.19 9213.81 9213.25 9216.48 9217.65 9216.43 9213.46 9209.51 9206.41 9205.48 9204.45 9203.55 9204.1 9204.72 9206.57 9206.65 9203.33 9200.56 9209.76 9227.3 9244.74 9256.26 9268.34 9274.85 9265.49 9270.02 9279.44 9294.36 9304.39 9309.28 9333.64 9345.76 9351.78 9354.29 9353.81 9328.28 9312.08 9329.92 9310.47 9260.16 9200.05 9126.5 9055.97 8977.52 8893 8849.62 8847.27 8856.74 8849.37
9136.68 9139.35 9142.1 9141.37 9142.79 9146.1 9156.6 9169.62 9183.69 9197.2 9210.04 9221.06 9230.34 9230.92 9233.64 9233.75 9230.62 9226.26 9220.4 9217.04 9214.2 9213.99 9214.25 9213.32 9208.89 9204.67 9202.43 9201.19 9201 9200.96 9200.6 9200.02 9199.55 9198.26 9202.58 9211.39 9217.25 9227.51 9237.87 9247.05 9252 9251.29 9245.47 9250.14 9262.94 9278.16 9294.69 9314.3 9326.17 9343 9360.28 9380.06 9416.01 9497.85 9429.8 9407.68 9373.19 9324.21 9270.12 9220.08 9178.48 9137.15 9082.67 9004.73 8977.89 9002.64 9004.51
9136.08 9139.78 9142.03 9139.91 9140.43 9144.06 9153.12 9165.92 9179.99 9194.61 9209.96 9226.62 9229.26 9233.34 9233.87 9234.71 9232.11 9225.71 9219.52 9213.13 9210.24 9209.4 9212.08 9212.56 9201.61 9196.83 9195.75 9195.6 9196.62 9196.79 9196.62 9196.23 9194.86 9193.83 9201.58 9207.95 9218.82 9227.32 9234.51 9238.44 9236.8 9227.46 9225.36 9231.1 9244.2 9260.89 9282.03 9300.46 9316.29 9335.96 9359.11 9386.22 9418.17 9440.69 9484.75 9500.53 9427.69 9377.39 9338.24 9313.35 9298.92 9298.84 9283.81 9217.19 9198.86 9192.34 9214.29
9135.97 9136.31 9139.53 9138.02 9138.77 9142.56 9151.27 9163.18 9176.84 9191.25 9205.32 9216.68 9223.69 9234.34 9240.48 9238.7 9232.59 9225.34 9218.33 9211.94 9204.66 9198.78 9195.31 9192.86 9184.07 9185.98 9188.42 9189.97 9191.94 9193.09 9193.51 9193.84 9194.46 9196.55 9205.38 9220.12 9221.89 9228.13 9233.63 9235.07 9231.83 9225.58 9219.18 9220.93 9230.68 9244.55 9261.26 9281.19 9302.56 9325.62 9351.45 9380.59 9408.25 9421.54 9433.45 9458.92 9435.07 9401.12 9377.21 9370.61 9383.42 9413.27 9421.87 9394.84 9360.91 9353.33 9375.1
9132.36 9132.88 9134.4 9135.27 9137.28 9142.15 9149.77 9159.48 9172.39 9186.29 9200.42 9213.21 9222 9237.23 9245.9 9242.66 9233.67 9224.92 9217.58 9209.8 9199.94 9187.62 9165.87 9130.27 9162.49 9178.48 9184.35 9187.33 9188.22 9189.27 9190.7 9192.46 9194.86 9199.86 9205.12 9208.22 9221.24 9228.88 9234.11 9235.23 9231.69 9227.16 9218.35 9215.57 9219.26 9230.07 9246.07 9263.65 9283.85 9306.69 9332.95 9361.7 9394.41 9422.75 9430.09 9434.26 9421.63 9403.9 9393.64 9396.51 9415.97 9461.37 9486.68 9480.26 9506.35 9439.41 9441
9129.08 9127.99 9133.38 9134.64 9135.26 9138.66 9145.75 9154.91 9168.13 9182.8 9197.92 9212.05 9229.64 9250.61 9254.82 9244.42 9230.87 9220.88 9212.7 9205.62 9197.05 9187.63 9176.62 9171.97 9181.46 9183.15 9184.84 9186.27 9187.18 9188.39 9189.14 9190.82 9193.4 9196.21 9201.77 9210.66 9219.29 9229.07 9237.02 9238.83 9231.43 9218.57 9207.98 9202.2 9209.31 9217.79 9225.2 9244.56 9265.21 9285.89 9305.48 9327.5 9356.3 9375.36 9372.26 9393.67 9392.82 9389.55 9386.93 9391.63 9402.35 9415.91 9439.34 9437.14 9427.37 9431.03 9423.3
9127.62 9129.14 9130.04 9133.1 9132.72 9132.41 9135.07 9149.21 9165.3 9181.14 9196.41 9211.4 9233.11 9254.94 9251.77 9233.77 9222.66 9213.71 9206.51 9200.1 9194.98 9192.62 9197.7 9213.16 9200.41 9190.02 9186.13 9185.45 9186.25 9187.34 9188.4 9189.55 9191.35 9193.88 9197.67 9204.76 9215.22 9226.88 9238.63 9242.83 9230.88 9217.97 9205.32 9198.04 9203.67 9212.2 9223.87 9234.51 9248.38 9262.34 9275.17 9286.81 9300.05 9319.23 9332.57 9335.72 9352.14 9364.96 9376.15 9381.18 9379.49 9370.87 9405.33 9442.46 9428.92 9411.02 9389.55
9127.31 9127.21 9129.74 9133.08 9132.45 9131.6 9137.09 9149.35 9165.91 9181.83 9197.65 9213.04 9234.16 9243.68 9233.91 9218.17 9213.3 9206.35 9199.13 9194.87 9192.46 9192.19 9193.65 9191.56 9189.92 9188.32 9187.27 9186.68 9187.01 9185.92 9186.47 9187.84 9190.43 9192.94 9194.41 9198.48 9208.79 9220.4 9232.38 9239.36 9223.93 9209.6 9199.67 9198.52 9201.17 9208.11 9218.04 9225.32 9234.45 9244.38 9251.51 9253.76 9250.4 9276.38 9314.05 9322.52 9330.97 9347.79 9359.44 9364.76 9370.42 9374.1 9402.46 9448.53 9424.61 9380.52 9351.17
9129.26 9132.76 9133.77 9134.16 9135.26 9137.17 9142.07 9154.99 9169.57 9185.08 9201.67 9219.58 9236.69 9234.3 9220.89 9215.1 9208.09 9200.06 9191.9 9189.41 9189.56 9189.49 9188.21 9185.01 9183.92 9185.42 9186.21 9186.86 9187.57 9187.9 9188.64 9188.98 9189.39 9190.79 9190.41 9192.16 9200.64 9209.37 9216.13 9215.72 9208.89 9198.28 9191.46 9195.14 9199.83 9203.47 9208.6 9217.21 9225.41 9233.03 9238.12 9240.02 9241.95 9269.45 9311 9341.93 9328.97 9339.1 9347.1 9350.36 9361.52 9381.61 9377.07 9372.85 9347.17 9323.56 9320.65
9130.46 9134.57 9136.78 9137.33 9139.75 9143.13 9150.67 9159.86 9173.98 9189.43 9206.59 9226.74 9252.47 9244.99 9224.41 9215.93 9208.96 9200.49 9193.02 9189.92 9189.79 9188.98 9186.85 9182.91 9181.32 9184.77 9186.69 9187.9 9188.91 9188.63 9187.34 9186.74 9186.15 9184.86 9182.91 9186.92 9193.34 9198.94 9201.09 9195.06 9195.78 9192.51 9191.05 9199.35 9200.31 9200.11 9203.79 9210.09 9217.46 9225.72 9232.62 9240.44 9253.05 9272.28 9301.09 9321.32 9324.51 9332.34 9329.79 9330.15 9330.83 9332.01 9317.58 9305.63 9297.46 9298.59 9308.78
9133.01 9135.07 9137.47 9142.16 9144.42 9149.29 9153.94 9166.35 9178.51 9191.21 9209.42 9235.85 9267.99 9261.18 9231.44 9222.46 9214.1 9204.82 9196.65 9194.65 9193.68 9192.06 9189.56 9185.61 9183.97 9186.62 9187.84 9188.95 9188.93 9188.48 9188.01 9186.72 9185 9182.3 9180.54 9184.22 9188.94 9192.49 9193.59 9193.12 9191.54 9190.82 9193.5 9201.16 9201.79 9196.47 9198.63 9207.11 9215.48 9223.73 9233.13 9244.13 9254.39 9269.21 9285.77 9305.09 9330.63 9322.89 9315.04 9307.82 9296.13 9275.05 9258.35 9243.14 9271.55 9295.15 9299.36
