real_craters/C099-750m.grd
DSAA
89 89
-32.9175 32.9175
-32.9175 32.9175
8236.0522711599 9642.5147402682
[rows 38 to 75 of 89, columns 0 to 83 of 89]
9134 9142 9150 9160 9177 9201 9208 9193 9182 9179 9178 9175 9174 9175 9171 9170 9171 9173 9174 9174 9178 9184 9193 9202 9214 9235 9288 9311 9339 9379 9413 9437 9437 9395 9370 9096 8891 8701 8552 8446 8343 8281 8259 8251 8260 8287 8312 8367 8459 8596 8707 8796 8969 9172 9407 9424 9392 9373 9369 9357 9342 9326 9308 9311 9310 9305 9312 9317 9323 9326 9335 9338 9352 9362 9366 9379 9363 9330 9322 9326 9326 9326 9322 9314
9137 9141 9144 9163 9192 9196 9201 9200 9187 9181 9177 9176 9174 9170 9171 9172 9174 9175 9177 9180 9185 9192 9202 9214 9228 9241 9266 9291 9333 9370 9408 9444 9461 9393 9157 8915 8751 8608 8471 8362 8279 8236 8241 8243 8244 8255 8266 8294 8391 8510 8631 8707 8832 8978 9220 9351 9389 9399 9395 9380 9358 9337 9313 9298 9301 9304 9305 9310 9316 9326 9354 9353 9338 9350 9378 9361 9351 9355 9339 9330 9325 9320 9313 9307
9138 9142 9147 9156 9177 9182 9187 9194 9187 9184 9181 9180 9178 9174 9176 9179 9178 9180 9182 9186 9193 9201 9213 9231 9255 9277 9278 9271 9310 9353 9399 9430 9440 9331 9030 8803 8614 8451 8372 8315 8265 8242 8253 8263 8292 8305 8283 8256 8320 8441 8541 8683 8772 8821 9117 9303 9382 9410 9413 9396 9370 9339 9311 9298 9287 9292 9297 9303 9308 9322 9355 9377 9371 9432 9402 9402 9350 9356 9351 9335 9324 9315 9308 9303
9138 9144 9144 9153 9167 9172 9178 9197 9195 9192 9187 9189 9188 9189 9188 9186 9184 9186 9187 9191 9198 9207 9217 9230 9244 9280 9252 9254 9291 9337 9373 9389 9362 9207 8925 8693 8505 8356 8303 8287 8282 8294 8302 8345 8449 8444 8371 8298 8288 8360 8461 8613 8707 8757 9112 9305 9381 9416 9418 9399 9370 9334 9301 9278 9284 9285 9294 9304 9312 9329 9349 9411 9460 9292 9215 9317 9440 9384 9350 9334 9320 9310 9307 9299
9143 9144 9146 9157 9166 9174 9185 9197 9210 9210 9207 9203 9200 9195 9188 9187 9188 9190 9194 9198 9206 9213 9218 9227 9244 9252 9244 9241 9276 9316 9336 9329 9265 9100 8842 8601 8444 8312 8280 8287 8308 8339 8374 8466 8637 8602 8473 8360 8304 8338 8419 8548 8648 8738 9121 9317 9391 9409 9413 9393 9359 9325 9291 9273 9276 9291 9301 9307 9321 9356 9365 9403 9363 9065 8947 9001 9187 9312 9339 9331 9314 9301 9293 9290
9148 9147 9162 9166 9170 9179 9189 9204 9223 9234 9230 9219 9210 9202 9193 9191 9193 9196 9197 9200 9207 9211 9213 9218 9217 9227 9232 9236 9278 9314 9322 9292 9202 9035 8817 8618 8431 8302 8280 8297 8336 8394 8435 8482 8713 8697 8527 8374 8328 8352 8416 8577 8694 8797 9125 9342 9404 9418 9400 9370 9343 9313 9289 9275 9279 9287 9296 9305 9314 9329 9420 9404 9215 8964 8843 8902 9028 9224 9339 9332 9311 9294 9286 9286
9147 9155 9172 9173 9176 9186 9201 9214 9231 9243 9239 9227 9218 9211 9203 9200 9198 9200 9201 9201 9202 9201 9206 9205 9198 9203 9223 9258 9294 9330 9343 9305 9193 9045 8844 8635 8439 8314 8298 8315 8349 8406 8458 8501 8557 8614 8513 8420 8371 8390 8575 8719 8855 8895 9159 9389 9421 9393 9364 9343 9324 9301 9284 9277 9279 9290 9304 9305 9310 9324 9423 9409 9195 8971 8853 8928 9066 9224 9339 9334 9310 9288 9282 9280
9151 9157 9162 9171 9180 9190 9199 9218 9233 9237 9232 9228 9223 9220 9207 9203 9202 9201 9201 9202 9202 9204 9206 9206 9203 9217 9251 9270 9315 9359 9384 9381 9304 9137 8923 8678 8466 8355 8340 8343 8355 8377 8417 8459 8470 8506 8456 8400 8402 8459 8604 8751 8891 9019 9199 9403 9433 9369 9319 9302 9294 9285 9276 9272 9276 9285 9297 9302 9312 9328 9388 9451 9322 9066 8949 8982 9131 9265 9342 9332 9312 9288 9280 9283
9146 9152 9158 9174 9188 9200 9209 9219 9226 9224 9224 9223 9223 9223 9219 9206 9201 9199 9201 9202 9204 9210 9211 9215 9228 9245 9254 9294 9340 9392 9441 9476 9450 9252 9025 8824 8552 8454 8419 8390 8368 8354 8369 8406 8413 8410 8403 8382 8426 8523 8618 8765 8987 9142 9263 9487 9473 9358 9273 9263 9267 9271 9275 9273 9274 9276 9274 9287 9299 9311 9354 9402 9362 9207 9092 9154 9325 9333 9334 9341 9317 9299 9290 9284
9145 9151 9158 9184 9201 9212 9221 9228 9226 9216 9219 9219 9217 9213 9213 9204 9200 9200 9200 9202 9204 9203 9213 9220 9236 9253 9261 9301 9354 9412 9469 9514 9507 9315 9090 8850 8725 8601 8512 8456 8405 8363 8359 8362 8364 8367 8390 8414 8467 8563 8673 8832 9108 9257 9353 9587 9531 9369 9252 9241 9249 9262 9280 9275 9273 9272 9273 9280 9291 9299 9334 9370 9363 9347 9433 9423 9403 9366 9342 9321 9313 9304 9293 9282
9144 9156 9173 9204 9216 9225 9234 9239 9230 9220 9219 9217 9214 9209 9198 9196 9199 9200 9201 9203 9206 9215 9215 9217 9226 9246 9260 9298 9356 9409 9452 9472 9432 9329 9162 8983 8810 8719 8638 8551 8469 8395 8359 8353 8359 8378 8423 8480 8561 8651 8777 8946 9178 9269 9416 9592 9550 9389 9265 9233 9234 9249 9263 9266 9268 9268 9273 9280 9288 9295 9313 9345 9360 9365 9368 9336 9346 9350 9342 9323 9301 9290 9290 9281
9144 9162 9177 9212 9220 9229 9240 9247 9246 9231 9224 9220 9215 9210 9200 9197 9200 9202 9204 9205 9206 9207 9210 9214 9220 9241 9252 9289 9355 9391 9422 9435 9405 9339 9249 9170 9013 8897 8784 8662 8546 8443 8382 8376 8394 8422 8476 8552 8631 8758 8852 9038 9175 9215 9471 9643 9535 9387 9276 9237 9235 9242 9251 9260 9267 9273 9275 9277 9282 9288 9298 9311 9352 9354 9343 9336 9335 9328 9318 9298 9292 9291 9289 9282
9143 9156 9171 9193 9208 9221 9237 9253 9246 9237 9229 9222 9217 9214 9208 9204 9206 9207 9208 9208 9208 9206 9209 9218 9232 9256 9246 9259 9317 9357 9393 9415 9401 9353 9303 9281 9263 9089 8930 8786 8640 8510 8427 8428 8465 8497 8546 8632 8738 8782 8960 9065 9176 9312 9458 9524 9462 9357 9256 9231 9238 9249 9255 9263 9269 9269 9271 9271 9271 9283 9294 9313 9341 9336 9340 9331 9322 9313 9304 9298 9289 9283 9286 9284
9141 9145 9159 9170 9188 9206 9223 9236 9241 9243 9235 9226 9218 9213 9215 9216 9214 9209 9207 9207 9208 9212 9214 9211 9220 9240 9253 9270 9277 9319 9358 9391 9387 9357 9329 9294 9308 9212 9069 8924 8766 8610 8521 8537 8631 8608 8632 8721 8789 8931 9075 9220 9482 9529 9445 9397 9395 9339 9258 9233 9242 9263 9274 9272 9276 9279 9277 9272 9271 9281 9292 9306 9321 9307 9289 9286 9296 9297 9294 9287 9284 9280 9281 9281
9141 9144 9146 9156 9171 9190 9208 9220 9238 9246 9237 9228 9218 9211 9218 9226 9216 9210 9207 9205 9207 9210 9211 9200 9205 9236 9258 9273 9275 9294 9320 9345 9357 9348 9334 9296 9322 9283 9192 9076 8936 8783 8690 8723 8770 8760 8794 8891 8962 9066 9246 9489 9583 9440 9396 9372 9419 9350 9278 9243 9244 9258 9268 9272 9278 9288 9279 9268 9264 9283 9303 9307 9305 9294 9279 9276 9281 9284 9285 9282 9277 9281 9278 9277
9137 9141 9142 9146 9159 9179 9199 9214 9229 9237 9235 9228 9220 9214 9215 9212 9211 9206 9203 9203 9203 9203 9205 9204 9214 9235 9252 9263 9252 9265 9286 9303 9329 9350 9370 9400 9349 9354 9292 9207 9118 9021 8920 8914 8915 8978 9073 9150 9211 9288 9503 9582 9537 9438 9379 9376 9411 9355 9283 9240 9235 9246 9255 9263 9272 9277 9275 9268 9269 9280 9296 9304 9310 9288 9273 9269 9275 9279 9280 9277 9273 9271 9273 9271
9136 9142 9140 9142 9153 9173 9195 9218 9229 9234 9235 9230 9220 9211 9209 9214 9202 9196 9196 9197 9197 9196 9194 9205 9219 9231 9238 9233 9225 9238 9261 9292 9316 9347 9386 9430 9485 9460 9377 9324 9299 9300 9217 9192 9214 9303 9439 9393 9435 9497 9493 9481 9413 9378 9359 9371 9401 9349 9272 9226 9228 9231 9243 9254 9263 9270 9269 9267 9270 9271 9275 9299 9324 9283 9273 9275 9275 9277 9278 9278 9272 9267 9269 9271
9134 9135 9137 9140 9151 9168 9189 9209 9221 9239 9240 9229 9218 9206 9192 9175 9172 9184 9189 9190 9192 9194 9197 9211 9222 9231 9235 9229 9219 9221 9237 9263 9294 9330 9373 9425 9431 9439 9403 9384 9406 9468 9452 9422 9422 9486 9533 9475 9417 9346 9353 9375 9342 9337 9323 9326 9370 9333 9274 9237 9233 9239 9242 9249 9255 9256 9258 9267 9268 9265 9265 9298 9305 9268 9262 9270 9275 9277 9278 9278 9271 9266 9268 9269
9129 9129 9135 9136 9146 9161 9183 9205 9230 9256 9244 9225 9213 9201 9188 9172 9181 9184 9186 9188 9189 9192 9196 9206 9219 9233 9239 9226 9208 9205 9218 9234 9265 9296 9327 9370 9372 9394 9390 9389 9402 9425 9437 9431 9423 9423 9437 9426 9366 9310 9348 9392 9383 9322 9285 9303 9321 9307 9272 9248 9240 9244 9244 9247 9251 9255 9264 9267 9266 9261 9267 9287 9272 9263 9265 9268 9273 9276 9277 9277 9270 9266 9265 9266
9127 9128 9133 9132 9128 9157 9181 9204 9234 9256 9226 9214 9203 9196 9193 9200 9196 9188 9186 9186 9187 9190 9193 9198 9212 9231 9243 9221 9203 9199 9210 9226 9241 9257 9268 9273 9322 9329 9354 9369 9373 9375 9457 9428 9371 9353 9391 9387 9355 9340 9383 9393 9373 9322 9292 9299 9301 9282 9259 9242 9245 9246 9247 9246 9247 9250 9254 9260 9254 9254 9259 9271 9266 9232 9254 9270 9272 9273 9273 9273 9270 9263 9261 9258
9129 9133 9134 9136 9142 9162 9185 9210 9237 9226 9215 9204 9192 9189 9189 9187 9184 9186 9187 9188 9189 9189 9191 9189 9201 9213 9216 9204 9191 9198 9203 9213 9225 9236 9240 9251 9311 9327 9339 9350 9362 9380 9373 9328 9321 9317 9351 9354 9345 9356 9367 9351 9328 9305 9302 9291 9275 9249 9242 9243 9246 9251 9247 9244 9244 9244 9246 9248 9243 9247 9253 9260 9264 9262 9261 9266 9270 9270 9269 9265 9261 9258 9257 9255
9132 9138 9140 9144 9150 9169 9191 9219 9262 9240 9221 9207 9196 9192 9190 9186 9181 9186 9189 9189 9188 9186 9183 9182 9191 9197 9194 9192 9193 9200 9198 9204 9216 9229 9242 9262 9293 9319 9329 9321 9312 9295 9270 9297 9305 9314 9318 9322 9322 9315 9325 9352 9302 9293 9295 9277 9249 9222 9229 9235 9242 9244 9242 9241 9240 9239 9237 9240 9238 9243 9247 9249 9253 9259 9256 9263 9267 9267 9265 9263 9264 9253 9252 9252
9133 9133 9139 9150 9173 9180 9188 9216 9273 9262 9232 9217 9207 9201 9197 9194 9193 9191 9190 9189 9188 9186 9183 9184 9188 9190 9190 9190 9190 9203 9201 9205 9215 9227 9247 9261 9268 9305 9307 9292 9280 9246 9222 9264 9286 9298 9310 9314 9298 9290 9293 9298 9292 9290 9289 9266 9224 9209 9222 9239 9241 9237 9237 9237 9238 9237 9233 9235 9234 9240 9247 9247 9253 9254 9256 9261 9264 9264 9263 9262 9253 9250 9246 9244
9133 9136 9139 9147 9157 9164 9172 9186 9238 9259 9238 9224 9227 9211 9203 9200 9201 9193 9189 9188 9188 9188 9191 9187 9192 9192 9189 9193 9203 9203 9213 9210 9214 9221 9227 9236 9238 9240 9259 9260 9253 9234 9226 9249 9270 9283 9282 9268 9273 9263 9263 9250 9247 9259 9272 9255 9219 9208 9222 9240 9235 9229 9233 9237 9241 9241 9237 9234 9233 9233 9243 9256 9264 9255 9265 9265 9263 9262 9260 9257 9258 9247 9243 9240
9140 9141 9140 9142 9146 9153 9164 9182 9207 9221 9214 9216 9220 9211 9204 9199 9192 9189 9187 9190 9190 9191 9190 9203 9202 9196 9189 9189 9196 9193 9199 9207 9211 9215 9217 9221 9225 9228 9233 9231 9228 9229 9235 9254 9267 9265 9269 9278 9263 9248 9239 9224 9215 9227 9243 9239 9217 9205 9220 9236 9232 9226 9233 9240 9246 9252 9254 9246 9235 9230 9245 9269 9276 9287 9279 9271 9269 9261 9255 9251 9245 9242 9240 9236
9142 9144 9142 9144 9149 9156 9166 9180 9201 9213 9213 9216 9210 9204 9198 9194 9192 9188 9186 9189 9190 9193 9200 9212 9207 9198 9191 9188 9189 9187 9193 9202 9206 9212 9219 9218 9220 9225 9215 9208 9202 9221 9233 9240 9246 9251 9258 9265 9252 9235 9221 9215 9204 9216 9233 9241 9228 9217 9219 9228 9224 9229 9239 9247 9254 9263 9268 9254 9238 9237 9251 9276 9301 9302 9280 9271 9259 9254 9250 9246 9245 9237 9236 9233
9142 9147 9149 9150 9153 9158 9170 9186 9200 9210 9231 9205 9197 9196 9193 9189 9183 9183 9185 9189 9192 9193 9195 9205 9203 9196 9189 9183 9180 9184 9193 9195 9198 9202 9207 9210 9211 9207 9201 9197 9201 9215 9225 9225 9224 9241 9250 9241 9235 9225 9210 9208 9200 9216 9224 9227 9228 9224 9217 9216 9228 9243 9248 9253 9257 9266 9273 9265 9250 9247 9255 9268 9282 9270 9282 9267 9252 9247 9246 9245 9238 9233 9232 9231
9148 9153 9155 9157 9158 9161 9175 9192 9210 9217 9216 9197 9192 9190 9188 9185 9181 9182 9186 9191 9194 9194 9192 9195 9194 9192 9188 9187 9181 9185 9184 9187 9190 9191 9188 9199 9205 9203 9191 9187 9193 9217 9223 9226 9230 9234 9232 9228 9223 9217 9210 9201 9199 9213 9219 9221 9222 9217 9217 9217 9242 9255 9254 9254 9257 9262 9266 9263 9255 9252 9256 9260 9273 9273 9281 9268 9250 9241 9243 9245 9241 9235 9235 9238
9158 9160 9162 9165 9169 9179 9194 9208 9225 9238 9204 9195 9190 9187 9185 9182 9182 9183 9188 9193 9199 9202 9201 9197 9193 9187 9182 9171 9176 9179 9177 9180 9184 9190 9196 9198 9202 9202 9190 9191 9197 9208 9218 9224 9237 9227 9219 9218 9215 9213 9205 9196 9195 9205 9210 9216 9223 9233 9224 9225 9246 9255 9252 9251 9251 9254 9261 9268 9267 9266 9264 9257 9255 9274 9289 9274 9250 9237 9240 9241 9238 9235 9233 9238
9160 9163 9167 9173 9177 9185 9203 9217 9226 9226 9205 9192 9186 9185 9184 9183 9182 9183 9190 9197 9203 9209 9209 9198 9188 9183 9179 9178 9173 9170 9169 9177 9180 9182 9188 9195 9202 9207 9205 9198 9202 9209 9212 9212 9207 9210 9215 9214 9214 9214 9207 9199 9189 9189 9199 9207 9218 9227 9235 9229 9238 9247 9245 9244 9243 9242 9249 9284 9282 9283 9279 9274 9274 9294 9311 9285 9256 9239 9238 9238 9237 9237 9237 9236
9165 9166 9168 9170 9182 9196 9218 9221 9220 9213 9199 9188 9183 9183 9184 9186 9187 9190 9195 9199 9204 9210 9207 9195 9185 9180 9177 9176 9171 9166 9177 9177 9177 9177 9181 9189 9198 9207 9211 9203 9206 9208 9205 9201 9195 9199 9204 9213 9222 9219 9223 9210 9200 9196 9198 9206 9213 9223 9244 9258 9244 9230 9233 9236 9237 9236 9241 9252 9260 9278 9284 9300 9294 9301 9316 9287 9261 9244 9239 9238 9239 9238 9234 9235
9167 9167 9168 9175 9185 9203 9213 9214 9211 9205 9193 9182 9180 9184 9187 9190 9193 9197 9198 9199 9201 9204 9200 9190 9179 9177 9174 9173 9169 9166 9173 9178 9176 9171 9176 9184 9192 9199 9200 9208 9207 9202 9199 9195 9194 9196 9201 9209 9213 9214 9215 9218 9216 9203 9197 9199 9206 9220 9235 9260 9240 9219 9227 9232 9237 9240 9244 9252 9258 9264 9268 9263 9266 9276 9279 9273 9259 9248 9243 9241 9241 9241 9231 9232
9165 9166 9168 9171 9180 9189 9196 9199 9200 9195 9189 9183 9183 9187 9191 9194 9197 9200 9199 9197 9195 9191 9188 9184 9181 9175 9171 9166 9165 9168 9179 9183 9176 9171 9174 9180 9187 9195 9208 9228 9211 9198 9194 9192 9190 9193 9201 9208 9208 9211 9212 9211 9211 9206 9203 9203 9206 9215 9228 9233 9231 9226 9231 9237 9244 9254 9259 9265 9274 9267 9255 9248 9250 9252 9256 9260 9256 9250 9246 9247 9241 9236 9234 9236
9166 9165 9165 9167 9170 9173 9180 9185 9190 9194 9189 9182 9190 9192 9194 9197 9199 9198 9197 9194 9189 9186 9182 9179 9173 9172 9171 9170 9171 9174 9184 9184 9177 9172 9174 9178 9183 9190 9199 9215 9209 9197 9192 9190 9189 9192 9199 9204 9208 9204 9206 9210 9209 9209 9210 9208 9212 9223 9230 9219 9227 9240 9233 9239 9249 9258 9264 9268 9277 9259 9246 9243 9247 9247 9254 9256 9255 9254 9246 9244 9242 9239 9240 9241
9162 9160 9159 9156 9156 9161 9168 9175 9182 9188 9189 9176 9191 9194 9196 9198 9199 9199 9197 9191 9184 9178 9177 9176 9176 9175 9174 9173 9174 9180 9182 9180 9178 9175 9176 9179 9182 9187 9194 9200 9194 9192 9190 9190 9192 9196 9198 9200 9202 9199 9207 9215 9218 9209 9207 9210 9220 9222 9220 9221 9218 9213 9226 9239 9253 9262 9263 9258 9257 9251 9244 9242 9242 9247 9253 9255 9255 9256 9256 9250 9246 9242 9245 9247
9157 9159 9158 9157 9158 9158 9158 9167 9175 9182 9177 9175 9189 9194 9197 9198 9198 9199 9195 9188 9181 9176 9175 9176 9178 9178 9177 9178 9180 9180 9182 9180 9181 9180 9180 9182 9183 9185 9185 9182 9186 9188 9190 9192 9194 9196 9198 9201 9203 9197 9211 9239 9249 9231 9207 9210 9215 9212 9216 9224 9215 9210 9220 9237 9257 9276 9266 9252 9243 9246 9242 9240 9241 9243 9247 9251 9253 9256 9255 9253 9252 9252 9251 9246
9159 9159 9158 9158 9158 9162 9157 9165 9173 9179 9180 9183 9189 9194 9196 9196 9195 9193 9189 9184 9179 9176 9175 9175 9175 9175 9179 9182 9183 9184 9184 9182 9181 9182 9182 9183 9185 9185 9184 9182 9184 9186 9190 9192 9194 9196 9198 9199 9200 9197 9209 9223 9250 9265 9237 9225 9210 9205 9210 9219 9215 9207 9213 9227 9244 9262 9256 9246 9244 9243 9236 9236 9239 9240 9243 9246 9249 9249 9246 9251 9254 9255 9260 9256
9163 9161 9160 9161 9162 9154 9166 9172 9175 9178 9184 9183 9191 9194 9194 9193 9191 9187 9183 9181 9179 9177 9178 9178 9178 9180 9183 9187 9191 9186 9183 9181 9180 9179 9182 9184 9185 9185 9185 9180 9180 9185 9188 9191 9193 9195 9196 9197 9199 9202 9212 9217 9222 9251 9255 9248 9230 9224 9219 9226 9219 9209 9208 9214 9221 9226 9237 9241 9242 9240 9235 9229 9236 9238 9241 9244 9246 9245 9245 9251 9257 9259 9259 9262
