real_craters/C100-500m.grd
DSAA
133 133
-32.9525 32.9525
-32.9525 32.9525
11631.734878207 12917.661728711
[rows 0 to 29 of 133, columns 0 to 66 of 133]
12596.9 12595.6 12594.5 12593.8 12593.1 12592.3 12591.3 12590.2 12588.8 12588.4 12588.9 12588.1 12583.8 12582 12582.1 12583 12582.4 12578.3 12575.1 12578.5 12578 12577.2 12576.3 12575.9 12580.2 12585.5 12587.2 12586.8 12577.1 12576.5 12577.7 12578.9 12579.7 12581 12582.3 12583.7 12585.1 12587.2 12588.8 12588.4 12587.5 12587.1 12586.4 12584.6 12582.3 12578.8 12575.3 12572.1 12568.9 12566 12563.2 12561.4 12561.5 12561.2 12562.1 12561.8 12562 12562.6 12563 12561.3 12559.4 12560.6 12562.8 12562.4 12560.6 12559.2 12558.1
12601.6 12599.9 12598.9 12597.6 12596.6 12595.6 12594.9 12594.6 12593.4 12592.2 12590.4 12587.3 12584.1 12583.7 12583.5 12583 12582.1 12581.2 12580.9 12582.6 12582.2 12581 12579.9 12580.3 12589 12592 12592.4 12589.9 12585.4 12584 12584.2 12585.2 12586.1 12587.1 12588.1 12589.6 12590.9 12592.5 12592.3 12590.9 12590.9 12590.2 12589.1 12586.6 12584.5 12580.9 12577.3 12573.8 12570.2 12567 12564.2 12562.5 12562.7 12563.2 12564.8 12565.2 12565.7 12566.3 12566.3 12561.3 12561.9 12563.7 12566.4 12565.4 12563 12561.3 12560.1
12608.1 12605.8 12603.8 12602 12600.4 12599.1 12598.3 12598.9 12601.3 12596.9 12592.4 12588.8 12586.8 12586.7 12586.1 12584.5 12584.8 12587.8 12589.9 12589.3 12588.1 12586.7 12585.8 12587.5 12598.1 12600.5 12599.3 12596.2 12593.6 12591.9 12591.1 12590.8 12591.2 12592.1 12593.1 12594.4 12595.8 12597.5 12597.6 12596.4 12594.1 12592.4 12591.1 12589.6 12586.6 12582.3 12578.6 12574.5 12571.1 12568.2 12566.1 12565 12564.5 12565 12566.8 12567.3 12567.8 12568.2 12567.7 12565.2 12563.9 12564.6 12565 12564.4 12563.4 12562.2 12561.1
12614.4 12612.9 12608.9 12606.2 12604.2 12602.1 12600.5 12599 12598.2 12596.6 12593.8 12591.8 12591.2 12590.3 12589.6 12588.7 12586.1 12593.8 12598.4 12596.8 12594.9 12593.5 12592.2 12592.9 12599.4 12607.6 12605.7 12604.5 12603.4 12600.1 12599.2 12598.9 12599.4 12600.1 12600.9 12601.5 12601.9 12602.1 12602.5 12599.2 12595.5 12592.9 12591.7 12591.3 12587.7 12582.7 12578.7 12575.5 12572.5 12569.7 12566.8 12566.2 12566.8 12567 12567.8 12569.1 12569.6 12569.8 12569.3 12567.4 12566.1 12565.4 12564.4 12563.4 12563.3 12562.8 12562.3
12617.3 12613.7 12611.9 12609.3 12606.8 12604.6 12601.7 12597.7 12593.5 12594.9 12594.6 12593.4 12591.5 12593.6 12594.7 12595.5 12597.1 12599 12602 12601.6 12600.8 12600.7 12600.2 12599.6 12606.4 12609.3 12611.2 12610.1 12608.6 12606.6 12605.4 12606 12606.5 12607 12607.6 12607.4 12607 12605.9 12603.7 12598 12594.2 12592.2 12590.4 12588.5 12585.4 12581.7 12578.8 12576.2 12574 12571.6 12570.3 12569.2 12569 12569.7 12570.5 12571.1 12571.2 12571.3 12570.9 12568.3 12568 12567 12565.3 12564.1 12563.6 12563.3 12563
12620.1 12616.9 12614.3 12612.2 12609.8 12607.5 12604.6 12600.9 12597.9 12598.3 12597.9 12594.5 12596.1 12597.5 12600.1 12603.2 12602.9 12603.4 12603.5 12604.9 12605.8 12607.2 12610.1 12615.1 12615.8 12614.1 12615.6 12614 12610.8 12610.6 12609.7 12608.9 12608.8 12609.1 12609.5 12609.8 12609.4 12608.1 12604.8 12600 12596.5 12592.4 12588.9 12584.4 12580.2 12579 12578.2 12577.1 12575.3 12574 12572.8 12572.1 12572.1 12572.4 12573 12573.8 12573.6 12573.2 12572.8 12571.8 12571.1 12569.4 12567.2 12564.9 12564.3 12563.9 12563.5
12621.1 12618.3 12616.8 12614.8 12613.1 12611.6 12609.8 12608.1 12605.9 12605.4 12605.2 12605.2 12600.1 12602.9 12605.4 12607 12609.2 12604.1 12605.5 12607.9 12610.2 12613 12617.2 12620.9 12620.3 12618.6 12619.1 12617.5 12615 12613.7 12612.7 12612.5 12612.8 12612.9 12613.4 12613.9 12614 12612.5 12608.2 12602.8 12598.1 12593.5 12589.8 12584.5 12580 12577.8 12576.6 12576.7 12576.2 12576.2 12576 12575.3 12575.3 12575.4 12575.3 12575.4 12575.4 12575.3 12575.5 12576.5 12575.4 12572.6 12569.5 12567.1 12565.9 12565.3 12564.7
12624 12621.3 12619.1 12617.8 12616.5 12615.3 12614.7 12616 12615.6 12612.9 12612.7 12613.3 12611.1 12611.6 12612.1 12613.1 12613.4 12609.8 12609.7 12611.8 12614.2 12616.9 12620.6 12624.5 12624.3 12621.8 12619.2 12619.7 12617.9 12616.2 12615.6 12615.3 12615.5 12615.5 12616.7 12617.9 12619.3 12620.1 12616.7 12606 12594.7 12598.1 12594.5 12587.8 12582.7 12578.8 12577.3 12577.2 12577.6 12578.5 12578.1 12578.4 12578.4 12578.4 12578.1 12577.8 12577.4 12577 12578.3 12582.9 12579.5 12575.8 12572.5 12569.7 12568.1 12567.1 12565.9
12624.8 12622.5 12620.9 12619.5 12618.5 12617.7 12618 12618 12618.4 12618.1 12617.8 12617.4 12619.3 12621.3 12619.5 12619.3 12620.2 12616.6 12615.6 12617.1 12618.6 12620.4 12622.1 12628.5 12629.3 12624.9 12620.9 12621.9 12619.1 12617.7 12617.1 12617 12617.2 12617.8 12619.2 12621.1 12624.2 12629.2 12638.6 12643 12622.7 12615.1 12603.3 12592.1 12583.7 12580.2 12579.3 12579.8 12580.8 12582.3 12582.4 12582 12582 12581.7 12581.4 12581.2 12580.4 12578.9 12577.9 12581 12580.8 12578.1 12575.2 12572.5 12570.7 12569.4 12567.8
12623.4 12623.2 12622.2 12621.5 12620.7 12619.8 12620.2 12621.3 12622.5 12623.5 12623.1 12624.1 12629.3 12630.5 12628.2 12627 12627.7 12627.7 12624.5 12624 12624.4 12625 12627 12638.1 12633.1 12628.4 12625.6 12623.6 12620.6 12619.9 12618.7 12618.4 12618.2 12619.1 12620.2 12621.7 12624.8 12631 12641.8 12654.3 12661.4 12631.2 12610 12594.9 12583.8 12580.8 12581.7 12583.4 12584.8 12585.1 12585.7 12585.7 12585.4 12585.1 12584.8 12584.4 12584 12582.8 12580.2 12582.1 12581.2 12579.6 12578 12576.7 12574.8 12572.3 12570
12624.5 12623.9 12623.6 12622.3 12622.2 12624.1 12624.3 12625.2 12627.6 12630.4 12631.2 12631.9 12636.3 12636.2 12633.9 12634 12633.4 12634.8 12632.4 12630.7 12629.9 12630 12630 12630.9 12632.3 12629.5 12626 12626 12621.2 12619.9 12619.6 12619.2 12619.2 12619 12619.7 12620.6 12622 12623.6 12623.9 12620.5 12629.4 12622.6 12609.4 12596.5 12584.6 12583.2 12585.9 12588 12589.5 12590.3 12590.3 12589.9 12589.4 12588.9 12588.1 12587.8 12587.8 12589.3 12590 12583.8 12581.6 12580.7 12579.8 12579.6 12578.1 12575.3 12573
12625.9 12625.3 12626.3 12626.8 12627 12625.7 12627.3 12629.5 12633.3 12639 12643.4 12645.4 12644.9 12640.4 12636 12635.9 12638.4 12640.2 12638 12636.3 12635.4 12634.9 12634.9 12634.3 12633 12630.5 12625.9 12626.1 12620.5 12619 12619.2 12618.8 12618.6 12619.3 12619.3 12619.2 12618.6 12616.3 12611.2 12604.1 12607.6 12610.1 12606.4 12599.7 12593.8 12591.4 12592.3 12593.5 12594.9 12596 12595.5 12594 12592.8 12591.5 12590.7 12589.9 12589.8 12590.9 12591.5 12587.3 12584.1 12581.7 12580.3 12579.3 12577.9 12577.3 12576.1
12626.8 12627.9 12628.5 12629.4 12627.3 12628.5 12629.2 12631.3 12635 12644.1 12664.5 12663.7 12656.5 12646.4 12640.2 12637.5 12640.1 12642.4 12642.1 12640.3 12639.5 12639 12638 12636.3 12634.5 12632.4 12629.2 12624.8 12620.9 12619.3 12618.3 12617 12615.8 12615 12616 12615 12613.6 12612.6 12607.8 12603.5 12603.9 12605.9 12605.9 12603.9 12601.7 12600.1 12599.9 12599.5 12600.8 12602.7 12600.1 12597.6 12595.6 12594 12592.6 12591.3 12590.1 12588.3 12586.9 12586.2 12584.6 12581.9 12580.7 12579.5 12578.6 12579.3 12580.1
12629.8 12629.4 12630.2 12630.3 12630.6 12630.7 12630.2 12630.3 12632.1 12632.7 12639 12651.3 12660.5 12663.8 12645 12638.7 12640.4 12642.8 12643.4 12642.4 12641.9 12641.7 12640.8 12637.5 12635.8 12634.2 12631.8 12625.3 12621.6 12620.5 12619.1 12617.9 12617.6 12616.6 12616 12614.5 12613 12612.2 12608.7 12605.8 12605.8 12607.5 12608.2 12608.6 12610.6 12612.3 12606.4 12603.8 12602.9 12601 12601.2 12599.6 12597.9 12596.3 12594.7 12592.9 12590.9 12587.2 12584.5 12583.1 12580.2 12581.8 12582.1 12581.7 12581.4 12583.4 12585.3
12632.7 12632.4 12632.6 12633.2 12633.4 12633.8 12633.9 12632.8 12631.7 12626.7 12599.2 12631.7 12652.4 12659.2 12646.2 12641.3 12642 12643.7 12644 12643.8 12643.3 12642.3 12639.7 12637.4 12636.4 12635.3 12634.1 12627.7 12624.7 12621.9 12621.3 12621.2 12621.3 12621.3 12620.2 12618.9 12617.2 12613.4 12611.7 12610.3 12610.4 12610.9 12610.8 12611.2 12612.2 12610.8 12608.3 12606.3 12604.9 12603 12602.3 12601.3 12599.9 12598.3 12596.3 12595.3 12594 12592.2 12589.1 12586 12584.2 12584.7 12585.4 12585.7 12588.6 12587.8 12590.4
12634.3 12635.6 12635.4 12635.6 12636.5 12637.4 12638.5 12638.1 12635.9 12636.8 12645.8 12643 12647.1 12647.4 12645.6 12648.8 12647.9 12647.1 12645.9 12645.8 12644.5 12642.2 12637.9 12637.3 12637.6 12637.3 12636.8 12629.5 12624.4 12622 12621.6 12621.4 12621.3 12621.4 12620.1 12619.9 12619.1 12618 12616.5 12616.2 12615.4 12614.7 12613.6 12612.7 12611 12608.9 12608.4 12607.7 12607.2 12606.6 12604.6 12602.9 12600.9 12599.5 12598.5 12597.2 12596.9 12598.2 12594.5 12590.7 12589.6 12589.6 12590.9 12590.9 12588.6 12592.5 12596.2
12640.6 12639.4 12639.1 12639.3 12638.8 12640 12641.7 12640.9 12639.2 12638.2 12638.3 12642.3 12645.3 12647.6 12650.9 12656.4 12658.7 12650.4 12650.3 12648.7 12645.9 12642.7 12638.5 12638.7 12639.1 12639.6 12635.7 12626.8 12622.4 12621.7 12622 12622.5 12623.4 12623.9 12623.5 12623.7 12623.6 12623.3 12622.4 12621.4 12619.4 12617.5 12616.3 12615 12612.9 12610.8 12609.7 12609.1 12608.6 12607.5 12606 12604.5 12602.8 12601.3 12599.4 12597.8 12597.2 12597.5 12595.7 12593.5 12591.7 12595.1 12598.9 12601.7 12600 12604.9 12606.3
12643.7 12641.2 12640.1 12640.8 12641.3 12641.9 12643 12642.5 12641.5 12641.3 12642.3 12643 12644.9 12646.9 12651.1 12656.1 12652.9 12652.2 12654.9 12651.1 12647.4 12643.8 12642.4 12641.8 12640.7 12638.3 12635.6 12626.3 12623.7 12623.4 12624.4 12625.6 12626.7 12627.9 12629 12629.9 12630.4 12630.4 12629.8 12627.9 12623.4 12621.1 12619.9 12618.1 12615.8 12613.3 12611.9 12611.1 12610.4 12609.2 12608 12606.8 12604.9 12602.8 12600.5 12598.1 12595.4 12592.4 12595.1 12596.4 12597.7 12602.3 12608.6 12617.4 12631.3 12632.8 12620.4
12642.7 12642.4 12642.1 12641.7 12641.3 12641.8 12642.2 12642.9 12642.9 12642.7 12643.4 12644.5 12645.7 12647.5 12653.7 12656.8 12651.9 12651.2 12653.1 12650.6 12648.1 12647.4 12648.9 12645 12643.4 12640 12633.2 12629.1 12626.9 12626.2 12627.3 12628.8 12631.4 12633.4 12635.7 12638 12639.3 12639.9 12639.4 12638.3 12637.1 12630.9 12626.6 12622.9 12619.6 12615.8 12614.7 12614.2 12613.9 12612.5 12611 12608.9 12606.7 12604.3 12602 12599.6 12596.2 12593 12596.4 12599.9 12603.5 12608 12615.1 12625 12639 12638.7 12627.7
12647.5 12645.5 12643.7 12642.7 12641.9 12641.5 12642.5 12643.3 12644.6 12645.6 12646 12647.2 12647.6 12648.2 12651.1 12654.7 12650.1 12650.6 12651.8 12648.5 12647 12646.4 12645.9 12644.4 12642.8 12642.3 12637.9 12632 12629.2 12628.5 12630.3 12632.4 12635 12638.9 12642.1 12645.3 12647.7 12649.4 12649.9 12649 12645.2 12640.7 12634.5 12628.3 12624.2 12621.5 12619.4 12618 12618 12616.3 12613.9 12611.6 12609.3 12606.9 12604.6 12602.6 12601.7 12601.4 12601.4 12603.9 12607 12611.9 12617.6 12623.2 12624.7 12622.9 12626.2
12649.2 12646.9 12644.8 12643.3 12642.4 12641.2 12640.5 12643.7 12646.4 12648.7 12649.3 12649.1 12650.1 12650.6 12649.6 12654.4 12660.5 12654.9 12646.8 12645.2 12645.5 12645.6 12644.1 12642 12639.3 12639.8 12638.9 12635.4 12632.6 12631.9 12634.5 12637.2 12641 12645.5 12649.7 12653.3 12657.1 12660.1 12661.6 12660 12652.8 12646.2 12639.3 12633.2 12627.9 12624.8 12622.7 12620.9 12620.3 12619.1 12616.9 12614.5 12611.9 12609.5 12607.1 12605.3 12605.2 12606 12605.2 12607.4 12611.4 12615.7 12618.4 12621.8 12624.1 12626.6 12627.6
12649 12647.2 12644.7 12643.5 12643.3 12644 12644.4 12645.3 12647.8 12650.7 12650.9 12650.6 12650.2 12649.5 12647.3 12653.7 12673.6 12659.3 12646.9 12643.5 12644.7 12645.3 12643.5 12640.8 12635.1 12635.2 12636.7 12635.7 12635.6 12636.6 12637.9 12641.1 12645.3 12650.1 12655 12660 12665.1 12670.3 12674.3 12676.2 12674.8 12665.5 12650.1 12637.5 12630.1 12626 12624.2 12623.5 12622.5 12622.3 12620 12617.5 12614.7 12611.6 12608.8 12606.4 12605.1 12605.9 12607.1 12609.2 12611.4 12613.9 12618.3 12622.5 12626 12628.9 12633.8
12645.8 12644.3 12643.3 12643 12643.2 12645 12646.1 12645.2 12646.8 12649.5 12650 12650.1 12649.9 12647.2 12645.8 12650.9 12662.1 12655.5 12646.2 12642.6 12644.3 12643.7 12644.7 12645.1 12637.7 12634 12635.3 12638.5 12640.3 12638.5 12640.3 12644.1 12648.5 12653.7 12659.3 12665.2 12671.5 12678.2 12685 12691.5 12696 12681.8 12654.5 12638.9 12630.7 12626.1 12625 12629.1 12630.4 12627.3 12623.4 12620.1 12616.9 12613.8 12610.8 12607.5 12604.6 12605.9 12609.1 12611.4 12612.6 12614.5 12619.7 12625.1 12629.8 12635.3 12642.2
12642.3 12640.8 12642 12642.2 12641.8 12640.9 12641.5 12642.3 12643.3 12644.7 12647.3 12649.1 12650.2 12648.3 12646.4 12645.3 12648.9 12650.1 12646 12643.8 12643.2 12640.2 12648 12658.9 12658.1 12635.8 12634.4 12640.1 12643.6 12638.6 12642 12646.1 12650.8 12656 12661.8 12668.5 12675.4 12682.8 12691 12699.7 12705.7 12690.3 12650.4 12636.3 12630 12627.2 12627.5 12631.9 12636.3 12630.1 12626 12622.8 12619.9 12617 12614.1 12610.8 12607.8 12609.5 12613.2 12616.1 12617.4 12618.1 12624.5 12630.2 12634.9 12639.5 12649.1
12642.4 12642.1 12642.5 12642.5 12641.7 12640.1 12639.3 12639.2 12638.6 12640.1 12644.6 12648.4 12650.5 12652.5 12648.9 12644.4 12644.8 12648 12651.9 12652.1 12642.8 12639.6 12650.6 12665 12663.6 12638.6 12634.3 12636.8 12638.6 12642.8 12644.6 12647.5 12651.6 12657 12662.8 12669.1 12676 12683 12690.8 12698.5 12703.6 12689.8 12647 12633.9 12629.4 12627.9 12628 12627.1 12626.9 12628.3 12627 12624.8 12622.7 12620.6 12618.4 12616.5 12614.6 12617.1 12620.6 12623.9 12626.6 12629.7 12633.9 12638.1 12641.4 12645.3 12653.7
12644 12644 12644 12643.8 12643.2 12642.8 12639.9 12637.2 12635.2 12636.6 12642.9 12648.3 12649.6 12645.5 12643.4 12641.6 12642.5 12646 12650.1 12651 12643.2 12641.8 12649.6 12659.1 12666.2 12644.2 12637 12636.8 12637.9 12642.7 12645.4 12648 12651.8 12656.5 12661.9 12667.7 12673.8 12679.5 12685.3 12690.1 12690 12678.3 12646 12633.2 12629.5 12628.7 12629 12628.3 12627.5 12627.8 12627.5 12626.8 12625.1 12623.8 12623.2 12624.7 12626.9 12627.2 12629.6 12633.7 12638.6 12642.8 12646.5 12647.6 12648.3 12650.3 12655.6
12646.6 12646.6 12646.1 12645.6 12644.8 12643.9 12640 12636.2 12634.1 12636.1 12642.3 12649.6 12653.6 12641.8 12639.3 12639.8 12641.3 12643.8 12644.8 12643.6 12643.9 12644.7 12646.5 12647 12641.6 12639.9 12639 12639.4 12641.1 12642.4 12644.5 12647.4 12651.7 12656.6 12661.4 12667.3 12672.1 12676 12678.8 12679.9 12675.5 12661.9 12643.4 12633.3 12630.2 12629.3 12629.5 12627.6 12627.6 12628.4 12628.8 12628.4 12627.8 12627.1 12627 12628.2 12631.6 12634.3 12637.8 12643.7 12650.6 12658.5 12659.9 12656.6 12653.6 12652.1 12653.9
12649.5 12648.6 12648 12647.3 12646.7 12645.4 12640.5 12635.8 12632.4 12635 12641.4 12648.2 12653.2 12640 12640.7 12641.4 12642 12643.2 12643.6 12643.1 12646.3 12645 12644.1 12642.1 12639.7 12640.8 12641.5 12642.9 12644.3 12644 12643.1 12646.3 12650.8 12655.7 12660.4 12665.9 12669.6 12670.4 12671 12668.8 12663 12653.7 12641.7 12635.1 12632.3 12630.8 12630 12629.3 12629.2 12630.3 12631.4 12631.8 12631.5 12631 12630.2 12629 12630.8 12638.7 12645.4 12652.9 12660.2 12666.9 12667.9 12663.3 12657.1 12651.3 12647.8
12652.9 12652.1 12650.8 12648.8 12647.2 12645.1 12641.1 12636.7 12632.7 12635.3 12640.8 12644.6 12642.7 12639.5 12641.9 12641.5 12642.9 12643.9 12644.4 12644.3 12644.3 12643.3 12643.2 12643 12643.8 12644 12644.1 12645.7 12649 12644.7 12641 12644.5 12649.1 12653.2 12657 12661.4 12664 12664.9 12664.2 12661.4 12654.8 12646 12641.4 12638.7 12635.2 12633.5 12632.7 12633.5 12631.1 12632.5 12635.1 12635.8 12637.1 12637.8 12636.7 12634.7 12637.4 12645.9 12653.3 12660.7 12667.7 12674.1 12675.7 12667.6 12659.7 12651.5 12645.6
12656.2 12654.6 12652.4 12649.7 12647 12644.8 12642.7 12640.7 12638.7 12639.7 12642.4 12645 12644.1 12643.2 12642.3 12642.8 12644.6 12645.5 12645.6 12644.9 12643.5 12642.4 12642.8 12643.9 12645.5 12646 12645.5 12645.9 12646.7 12643.8 12641.7 12644.9 12648.1 12652.1 12655.3 12657.8 12659.6 12660.5 12659.3 12656.1 12650.4 12643.3 12639.7 12639.8 12638.8 12637 12634.3 12629.6 12631.1 12635.1 12639.6 12642.5 12646 12648.1 12648.4 12646.4 12649.5 12657.9 12663.1 12669 12673.7 12677 12675.8 12668.5 12660.2 12651.4 12644.8
