real_craters/C100-500m.grd
DSAA
133 133
-32.9525 32.9525
-32.9525 32.9525
11631.734878207 12917.661728711
[rows 60 to 89 of 133, columns 0 to 66 of 133]
12727.3 12726.7 12726.2 12723.4 12721.7 12716.8 12714.5 12714.7 12712.8 12712.3 12714.8 12714.9 12715.2 12716 12716.1 12714.6 12709.5 12708.4 12709.6 12711.3 12718.4 12730.2 12741.4 12755.6 12756.9 12755.1 12757 12760.7 12765.6 12769.8 12772.5 12772.2 12768.2 12756 12746.3 12745.6 12743.2 12738.6 12733 12726.8 12720.8 12718.2 12717.8 12722.6 12739.1 12764.9 12827.5 12869.7 12849.2 12807.7 12746.7 12678.9 12612.2 12533.1 12449.7 12358.6 12261.7 12153.4 12054.6 11953.5 11854.6 11772.7 11712.2 11684.2 11696.3 11698.7 11696.3
12726.5 12724.8 12725.1 12723.5 12721.4 12718.8 12717.6 12718 12716.9 12715.3 12716.6 12718.1 12717.3 12717 12717.4 12720.5 12717.4 12714.1 12717.8 12723.4 12723.2 12734.3 12744.4 12752.7 12755.6 12755.7 12757.4 12760.9 12764.7 12767.7 12768.5 12766.2 12757.8 12744 12734.9 12736.5 12735.1 12732.1 12727.5 12723.3 12719.3 12717.1 12717.8 12725.5 12750.8 12787.3 12839.8 12868.4 12842.1 12793.6 12729.9 12656.8 12590.2 12501.5 12408.7 12311.8 12210 12114.6 12010.1 11913.3 11829.2 11758.8 11703 11685.7 11704.6 11705.8 11697.5
12727.5 12727.4 12724.1 12725.8 12723.3 12720.3 12718.5 12721 12722.7 12719.5 12719.6 12720.8 12719.5 12718.7 12717.8 12715.6 12714.1 12718.3 12723.6 12726.8 12733.8 12738.4 12743.2 12744.5 12747.3 12751.1 12755.1 12758.4 12762.3 12765.1 12766.2 12764.6 12760.2 12751.4 12741.4 12736.7 12733.1 12729.5 12726.2 12723.7 12721.7 12721.1 12723 12733.1 12758.3 12792.2 12828.1 12847.1 12828.1 12786.4 12730.5 12668.6 12576.4 12476.4 12378.2 12279.8 12176.8 12079.6 11984.2 11903.4 11820.2 11749.5 11695.3 11691.7 11726.5 11749.9 11757.5
12729.9 12734.8 12737 12732 12726.7 12722.3 12720.1 12722.9 12724.6 12721.9 12720.8 12721.1 12720.5 12720 12719.2 12716.8 12717.2 12724.3 12728.7 12732.1 12739.5 12741.6 12741.9 12739 12739.6 12745.2 12750.3 12754.8 12759.1 12762.1 12765 12766.7 12767.4 12763.9 12752.7 12740.7 12733.9 12729.6 12726.9 12725 12724.4 12726.1 12732.2 12741.8 12759.9 12784.7 12810.8 12825 12812 12781.2 12732.9 12665.8 12550 12453.2 12357.7 12265.5 12158.2 12059.6 11974.5 11887.1 11808.7 11742.5 11695.3 11698.3 11745.6 11798.4 11878.7
12733.2 12734.5 12738 12733.5 12728.5 12724.4 12721.7 12724.4 12723.9 12722.3 12720.9 12722 12722.4 12722.1 12722.7 12729.9 12734 12732.8 12735.3 12740.4 12745.2 12744.9 12742.6 12737.4 12735.7 12740.5 12745.7 12750.4 12755 12758.3 12761.9 12765.8 12769.5 12768.6 12752.6 12740.6 12734.2 12729.1 12726.6 12725.9 12727.6 12731.6 12738.5 12745.8 12755.5 12771.5 12794.3 12796.1 12802.4 12778.9 12731.3 12630.5 12513.1 12421.2 12332.7 12239.1 12147 12052.8 11964.4 11879.3 11801.6 11738.4 11699.6 11698.4 11739.5 11778.5 11831.4
12735.3 12734.6 12732.9 12731.3 12730.2 12727.7 12725.9 12728.2 12727.6 12724.4 12724.2 12725.6 12725.4 12724 12722.5 12724.3 12734.4 12737.3 12740.2 12743.6 12747.4 12747.8 12744.8 12738.8 12734.2 12738.9 12742.3 12745.8 12749.5 12753.2 12757.5 12761.9 12765.6 12766.2 12752.1 12740.3 12733.5 12729.9 12728.4 12727.9 12731.3 12735.7 12741 12744 12747.8 12752.4 12754 12803.7 12806 12779.5 12731.7 12626.1 12490.4 12394.8 12304.5 12217.5 12127 12035.8 11945.8 11863.4 11789.4 11730.8 11691.9 11705.1 11712.1 11712.8 11691.3
12738.3 12741.1 12739.2 12735.2 12735.4 12734 12731.8 12731.2 12732.8 12737.3 12736.1 12733.3 12730.4 12727.2 12724.4 12725.3 12733.1 12739.6 12744.7 12751.3 12753 12751.8 12747.8 12742.3 12739.6 12739.1 12739.6 12741.8 12744.9 12748.1 12751.4 12754.3 12756.7 12754.3 12744.3 12734.9 12730.6 12729.4 12728.7 12729.8 12732.3 12736.9 12744.1 12742.8 12742.4 12745.5 12757.5 12786.2 12800.1 12779.3 12723.5 12609 12481.5 12383 12295.9 12205.7 12115.1 12029.3 11934.7 11853 11780.8 11725 11687.3 11693.6 11686.5 11668.4 11631.7
12741.8 12749.5 12748.3 12741 12744.3 12740.7 12735 12733.5 12740.5 12744.7 12748.6 12741.6 12736.2 12732 12728.4 12728.4 12736.1 12743.6 12749.3 12753.7 12762.3 12754.9 12749 12742.6 12739.5 12736.2 12737.2 12738.9 12740.8 12743 12744.8 12745.9 12744.5 12739.7 12729.7 12724.4 12726.7 12728.3 12729.6 12730.7 12734.5 12737.1 12738.4 12739.4 12739.7 12743.3 12753.3 12793 12818.4 12787.2 12718.1 12607.2 12491 12386.5 12290.8 12197.1 12106.3 12015 11933.2 11850.4 11777 11720.3 11683.2 11685.8 11674.7 11659.9 11645.3
12736.9 12708.8 12712.4 12766.5 12757 12749.1 12741.8 12739.8 12751.1 12766.6 12752.2 12745.3 12740.9 12737.8 12735.3 12738.9 12743.8 12749.6 12755.2 12760.4 12756.9 12753.4 12748 12741.4 12733.1 12733.4 12735.2 12736 12737 12737.9 12738.7 12738.3 12735.9 12733.1 12726.5 12723.3 12725.5 12727.6 12729.5 12731.1 12733.4 12737.9 12739.7 12739.8 12739.9 12743.9 12752.6 12811.9 12857.1 12802.1 12716.5 12606.8 12499.6 12389.5 12289.8 12193.7 12101.1 12007.6 11921.9 11841.9 11771 11713.3 11678.4 11682.8 11674.9 11669.7 11674.9
12742.1 12737.1 12761.7 12760.4 12759.3 12755 12748.9 12743 12746.4 12746.1 12743.9 12744.7 12744.6 12744.4 12744.7 12746.4 12751.7 12756.5 12760.6 12762.8 12756.1 12751 12746.3 12742.3 12739.6 12737.6 12734.4 12732.8 12733 12733.5 12733.6 12732.8 12730.1 12726.4 12724.2 12727.6 12727.3 12729 12730.8 12732.7 12734.5 12739.1 12743 12742.6 12745.6 12749.6 12761.1 12811.1 12853.8 12808.4 12726.2 12609.5 12498.2 12389.2 12289.9 12192.4 12097.4 12004.2 11916.2 11834.6 11762.1 11706.5 11672.8 11680.4 11676.1 11677.5 11688.9
12748.2 12753.7 12758.6 12755.7 12764.3 12758.5 12752.8 12746 12741.8 12738.3 12741.2 12746.1 12749.2 12751.8 12754.4 12756.9 12760.2 12763.9 12766.4 12764.2 12755.4 12747.7 12742.5 12739.9 12741 12737.8 12730.9 12729.1 12729 12729.7 12730.3 12729.7 12728 12725.7 12724.7 12727.7 12728.3 12731.1 12733.5 12734.6 12736 12738 12741.2 12746.2 12752.6 12759.5 12769.6 12796.3 12837.7 12808.4 12739.9 12608 12475 12381.9 12291.1 12200.6 12101.9 12008.2 11917.6 11832 11755.3 11699.6 11668.2 11677.7 11675.6 11678.5 11688.7
12749.1 12750 12749.3 12781.2 12772.4 12758.4 12746.8 12741.3 12745.7 12743.9 12746.5 12751.1 12755.3 12758.6 12761.1 12764.2 12766.8 12769.7 12771.7 12765.5 12751.8 12742.7 12737.1 12732.2 12726.4 12720.7 12722.7 12723.9 12725.6 12727.7 12729 12729.7 12728.6 12727.1 12723.2 12722.9 12729.9 12734.2 12737.1 12738 12739.4 12741.5 12745.7 12752.4 12761.9 12772.9 12785.1 12802.9 12821 12797.6 12740.8 12605.7 12477.4 12389.9 12308.7 12220 12119.9 12017.5 11921 11831.1 11750.1 11694.1 11663.6 11675.9 11675.2 11677.3 11680.5
12749.5 12748.9 12748.8 12758.6 12760.2 12753.2 12746 12750.4 12758.9 12754.1 12755.6 12758.6 12761.6 12765 12768.5 12770.7 12770.7 12771.5 12771.4 12761.9 12748.3 12738.1 12731.7 12725.9 12718.8 12713.8 12716.7 12719.6 12723 12726.5 12729.7 12732.3 12733.7 12733.8 12732.7 12730.5 12738 12742.2 12742.7 12743.1 12745.6 12750.9 12754.1 12759.7 12768.9 12783.3 12803.2 12830.9 12821.7 12788.1 12714.7 12630.3 12521.9 12435.3 12351.8 12258 12155 12042.7 11936.9 11836.2 11747.4 11686 11661.9 11677.8 11677.2 11677.3 11675.3
12749.3 12749.4 12750.6 12747.9 12750.5 12751.2 12751.1 12754.8 12760.7 12767.7 12766.2 12766.4 12767.9 12770.3 12773 12772.5 12770.4 12768.8 12767 12756.8 12744.3 12735.7 12727.8 12721.2 12716.1 12715.5 12713.4 12716.7 12721.4 12726.6 12731.7 12736.6 12741.1 12744.5 12745.2 12754 12756.3 12753.2 12750.2 12748.6 12749 12755.3 12757.9 12763.5 12774.6 12788 12807.4 12828.8 12843.6 12815.1 12745.7 12671 12601.3 12514.9 12417.6 12313.6 12201.2 12084.3 11965.9 11850.7 11750.3 11686.8 11668.4 11691.6 11691.5 11687.7 11681.5
12748.3 12749.1 12750.5 12748.4 12750.6 12753.5 12757 12765.2 12768.3 12774.7 12773.3 12771.9 12771.8 12772.9 12772.9 12769.9 12766.5 12762.2 12756.6 12748.9 12740.2 12731.9 12724.4 12717.6 12711.2 12705.6 12709.4 12715 12721 12727.8 12734.9 12742.5 12750.5 12759.7 12768.6 12776.4 12772.1 12763.6 12757.6 12753.5 12750.9 12748 12757.2 12766.2 12776 12788.6 12801.5 12814.5 12844.3 12862.3 12823.9 12753 12686.9 12604.1 12494.5 12381.9 12263.7 12139 12009.4 11881.4 11764.2 11701.3 11692.8 11723.2 11721.2 11713.7 11699.9
12748.1 12748.7 12748.5 12752.2 12755.8 12760.2 12764.4 12771.1 12777.9 12780.1 12777.2 12774.4 12772.5 12771.7 12771 12765.6 12760.9 12755.7 12748.2 12741.7 12734.6 12727.2 12720.8 12715.1 12708.8 12706.2 12708.5 12714.5 12722.1 12730.2 12739 12748.5 12759.1 12771.6 12787.5 12786.4 12777.2 12769.9 12763.7 12759.2 12756.8 12759.5 12761.6 12768.2 12776.2 12785.8 12796.1 12809.2 12837.8 12864.1 12843.4 12799.5 12749.5 12675.7 12571.3 12455.9 12334.2 12210.9 12076.9 11940.5 11809.6 11750.7 11747.9 11778.8 11771.6 11755.8 11731.9
12750.5 12751.8 12754.6 12760.2 12763.8 12768.8 12773.4 12777.5 12780.4 12780.5 12777.9 12774.5 12770.7 12767.2 12762 12759.3 12755.4 12750.7 12745.7 12737.5 12730.3 12723.9 12718.4 12713.6 12710 12706.4 12708.7 12715.1 12722.9 12732.3 12742 12752.4 12763.7 12775.4 12784.8 12784.7 12777.8 12773 12767.9 12763.8 12760.3 12759.8 12764.7 12770 12776.3 12783.5 12791.2 12800.1 12825.6 12853.7 12844.1 12828 12792.8 12733.6 12641.4 12534.3 12417.5 12293.1 12170.9 12038.2 11910 11852.9 11840.4 11835.7 11848.7 11822.7 11787.6
12755.2 12757.8 12763.4 12770.2 12774.4 12777.9 12782.1 12782.4 12783.1 12781.2 12776.8 12772.4 12767.7 12762.9 12757.7 12753.2 12750 12746.1 12741.1 12733.8 12726.4 12719.5 12716.1 12713.6 12710.9 12707.7 12709.7 12716 12724.2 12733.7 12743.3 12753.3 12763.8 12774.7 12786 12789.8 12780.3 12774.9 12771.1 12768.3 12766.8 12766.6 12769.6 12773.8 12779 12785 12790.8 12798.6 12819.4 12843.3 12842.5 12845.7 12826 12767.3 12712.4 12615.6 12505.7 12400.9 12285.5 12164.9 12052.9 11992.6 11963.6 11942.5 11954.6 11919.1 11876.1
12760.3 12764.1 12772.8 12779.6 12783.2 12785.5 12787.4 12786.2 12783.8 12779 12773.9 12769.3 12764.9 12760.4 12754.5 12750.4 12745.9 12740.4 12735.3 12730.3 12724 12717.8 12718.4 12716.7 12713.4 12709.9 12711.7 12719.1 12727.7 12737.4 12746.4 12755.4 12763.4 12770.4 12773.7 12771.8 12772.8 12773.9 12773.5 12772.8 12774.5 12775.7 12775.8 12778.7 12782.9 12788.3 12794.7 12804.4 12821.1 12835.6 12841.1 12857.6 12870.1 12886.2 12797.7 12696.5 12597.3 12500.3 12412.9 12306.1 12215.1 12152.9 12114.2 12076.4 12079.7 12042.5 12000.7
12765.7 12769.9 12786.1 12804.8 12794.6 12789.8 12787.6 12786.3 12778.6 12774.1 12770.2 12766.3 12762.7 12759.5 12752.7 12747.2 12741.8 12737.3 12732.6 12729.1 12725.4 12725.7 12726 12720.2 12716.9 12714.9 12717.5 12723.6 12732.2 12741.3 12750.8 12758.6 12764.8 12768 12767.4 12763 12770.7 12775.3 12776.6 12777.3 12776.6 12778.8 12781.2 12784 12788 12793.2 12798.7 12806.9 12813.2 12820.5 12833.6 12856.7 12875.7 12882.8 12824.3 12750.3 12678.1 12605.3 12539.2 12456.5 12382.6 12318.5 12262.1 12217.9 12192 12178.6 12148
12773.1 12775.8 12795.1 12817.3 12801.3 12795.2 12792.5 12787 12777.2 12770.6 12766.6 12763 12759.7 12756.1 12750.5 12745.5 12740.4 12736.3 12732.1 12729.1 12726 12723.3 12722.7 12721.9 12720.5 12719.2 12721.9 12727.8 12737.2 12746.5 12754.6 12761.4 12766.8 12770 12772.7 12777.4 12778 12781 12781.7 12783 12785.2 12785 12786.8 12789.4 12792.4 12796.3 12800.7 12805.3 12808.6 12806.7 12822.5 12841.7 12851.8 12832.7 12814.3 12786.6 12743.8 12697.4 12652.2 12608.2 12563.5 12476.5 12408.3 12364.1 12330.1 12320.7 12300.7
12783.2 12786.6 12799.3 12804.2 12801.6 12799 12792.6 12787.2 12777.2 12768.8 12764.2 12760.4 12757.1 12754.3 12749.5 12745.5 12741 12735 12732.4 12730.6 12727.4 12723.7 12722.5 12723.9 12724.8 12724.2 12723.2 12734.2 12743.8 12752 12759.2 12765.2 12770.6 12774.8 12779 12783 12789.4 12789 12787.3 12788.4 12792 12791.9 12792 12794 12796.3 12799 12802 12804.1 12801.8 12803.8 12815.3 12831.9 12842.8 12843.1 12835.6 12821.6 12798.1 12772 12748.5 12721.2 12682.4 12608.3 12540 12491.6 12456.4 12436.5 12440.7
12791.9 12798.2 12805.8 12815.1 12809.3 12800.8 12791.2 12783.3 12774.7 12768 12763.2 12759.2 12755.5 12753 12750.3 12746.8 12743.4 12742.7 12737.2 12733.9 12730.9 12727.7 12726.3 12728.6 12731.9 12735.5 12741.4 12747.8 12754.1 12760.1 12765.9 12771.1 12775.7 12780.6 12784.7 12787.5 12788.9 12788.7 12788.9 12789.5 12790.9 12793.1 12794.5 12796.4 12798.6 12800.7 12803.4 12804.8 12806.5 12805.4 12812 12827.7 12845.8 12865.6 12869.7 12854 12838.4 12825.4 12813.2 12786 12754.1 12698.8 12641.6 12595.9 12567.5 12549.3 12550.7
12797.7 12801.8 12809.3 12813.3 12808.9 12802.1 12792.3 12782 12773.4 12766.9 12763.3 12760 12756 12754 12752.8 12749.5 12745.1 12742 12740.3 12737.7 12735.3 12733.5 12731.9 12734.4 12739.9 12747.2 12757 12760.5 12763.6 12767.5 12771.5 12776.6 12781.4 12786.1 12791.2 12796.4 12794.8 12791.3 12790.2 12789.2 12791.6 12792.8 12795.9 12797.7 12799.3 12800.4 12802.8 12805.4 12811 12810.8 12810.8 12825.9 12846.2 12871.3 12882.3 12869 12860 12856.5 12856.5 12840 12809 12763.1 12716.3 12679.8 12658.6 12648.9 12659.9
12803.6 12807.3 12812.9 12816.8 12817.9 12809.7 12792.7 12780.7 12772.7 12767.1 12765.9 12764.7 12762.3 12762.4 12761 12754.6 12746.7 12741 12742.3 12741.2 12739.6 12737.9 12736.3 12739.2 12746.4 12755.3 12763.7 12768.9 12770.7 12773.5 12777.5 12782.3 12787.2 12792.1 12795.7 12797.3 12795.8 12794.1 12793.6 12790 12786.6 12794.7 12798.6 12799.9 12801.6 12802.1 12802.3 12803.6 12806.2 12809.7 12807.8 12820.7 12837 12853.1 12861.1 12860.2 12860 12863 12870.9 12885.4 12853.1 12802.7 12766.9 12740.2 12726.6 12720.3 12726.4
12811.4 12814.6 12816 12817.5 12815.7 12809.4 12795.7 12780.7 12774.4 12770.7 12771 12772.4 12777.7 12786.1 12772.1 12761.5 12752.1 12747 12746.8 12745.9 12744.4 12742.3 12739 12743.8 12751.6 12760 12767.7 12772.4 12774.7 12778.1 12782.4 12787.3 12792.3 12796.9 12800.8 12803.4 12804.4 12802.1 12800.1 12804.2 12805.8 12804 12804.8 12804.8 12804.5 12803.5 12802.7 12802.2 12803.1 12807.5 12808.2 12813.6 12821.7 12829.4 12834.7 12838.1 12843.6 12848.3 12838.7 12828.1 12832.2 12812 12791.4 12776.9 12770.8 12768.6 12773.9
12817.2 12818.8 12817.2 12813.6 12808.8 12817.2 12804.7 12788.2 12780.4 12778.6 12776.7 12778.3 12781.6 12779.8 12776.8 12767.8 12758.7 12753.5 12753 12751.8 12750.4 12748.8 12747 12750.8 12756.6 12762.5 12767.1 12772 12777 12782.2 12786.8 12791.3 12795.8 12800.4 12805.7 12809.4 12809.1 12801.4 12805.1 12812.2 12815.2 12813.1 12811.7 12810.9 12809 12806.4 12804.5 12801.9 12800.4 12808.2 12805 12805.9 12807 12806.4 12803.2 12811.3 12821.2 12826.2 12817 12817.7 12816.5 12808.1 12801.1 12795.3 12792.4 12796.8 12802.3
12820.6 12821.7 12818.4 12812.6 12806 12803.3 12797.1 12790.9 12784.9 12781.2 12779.7 12781.1 12788.9 12788.3 12781.5 12773.3 12765.2 12760.2 12759 12757.4 12756.3 12755.8 12756.3 12758.2 12761.7 12765.5 12767.5 12771.6 12778.9 12786 12791.7 12796 12799.6 12804 12807.8 12811.8 12816.3 12809.7 12811.7 12810.3 12816.2 12820.8 12821.1 12818.8 12815.4 12811.1 12807.3 12803.9 12803.5 12808.5 12802.9 12799.5 12796.7 12791.3 12783.3 12791.6 12801.1 12805.2 12798.7 12795.3 12805.2 12804.9 12806.8 12806.7 12808.6 12812.1 12814.3
12824.6 12823.9 12820.4 12815.3 12808.1 12802.8 12797.8 12793.1 12788.3 12782.6 12782 12781.5 12782.4 12791.4 12786.6 12778.1 12769.9 12765 12764.4 12763 12762 12761.6 12762.3 12762.2 12766.8 12770.9 12771.5 12773.4 12783.4 12791.3 12796.1 12799.4 12801.6 12804.2 12808 12810.7 12816.5 12822.4 12829 12829 12832.6 12833.8 12831.5 12826.9 12822 12816.4 12810.2 12804.4 12801.7 12797.4 12795.6 12792.5 12788 12784 12783.8 12784.6 12787.5 12790.1 12786.4 12786.7 12796.7 12798.8 12804.3 12806.8 12810.1 12814.9 12818.4
12823.3 12824.5 12823.5 12821.4 12817.4 12810.3 12804.5 12798.4 12793.3 12789.6 12787.6 12787.7 12802.6 12799.9 12790.5 12781.5 12773.9 12769.7 12769.5 12768.4 12767.6 12766.7 12764.1 12765.8 12774.6 12780.6 12783.9 12787.8 12795.9 12800.9 12802.8 12803.6 12803.7 12804.6 12807.6 12811.7 12817.3 12834.9 12852.4 12865.4 12857.8 12849.3 12841.6 12834.7 12828.1 12821.1 12813.3 12803.3 12796.1 12792.8 12790.4 12785.6 12781.3 12777.3 12774.2 12774.2 12778.3 12782.2 12783.3 12786.3 12791 12795.8 12798.6 12800.4 12802.6 12807.4 12810.6
