real_craters/C100-300m.grd
DSAA
221 221
-32.9525 32.9525
-32.9525 32.9525
11614.412236655 12919.836298778
[rows 180 to 209 of 221, columns 0 to 66 of 221]
12863 12867 12872.3 12879.1 12879.7 12879.1 12877.3 12873 12869.8 12865.6 12860.7 12855.2 12851.3 12848.1 12845.6 12843.4 12840.5 12838.6 12838.2 12839 12839.2 12838.7 12838.7 12838.9 12839.5 12839.2 12838.6 12837.8 12836.6 12835.6 12834.5 12833.5 12832.6 12831.6 12830.5 12829.5 12828.6 12827.7 12826.8 12825.9 12825.1 12824.7 12827.7 12830.4 12831.7 12831.8 12830 12827.1 12823.5 12820.3 12820.7 12821.2 12821.2 12820.5 12819.5 12817.9 12815.7 12813.8 12811.6 12809.1 12806.8 12803 12799.3 12794.6 12789 12785.7 12784.8
12863.5 12866.7 12870.6 12875.9 12878.9 12879 12877.6 12876.7 12872.4 12867.9 12863.1 12858.5 12854.2 12850.5 12848.1 12846.5 12843.5 12841.7 12841 12841 12840.9 12840.7 12840.8 12841.5 12841.5 12840.8 12839.8 12839 12838 12837.1 12836.1 12835.1 12834.2 12833.4 12832.4 12831.5 12830.7 12829.9 12829.2 12828.7 12828.3 12828.4 12829.6 12834.6 12835.3 12834.6 12832.4 12829.7 12826.8 12823.9 12823.5 12823 12822.2 12820.9 12819.3 12817.3 12815.1 12812.8 12810.1 12808 12806.3 12805.1 12798.9 12793.7 12788.5 12785.5 12784.4
12864.4 12866.4 12868 12872.9 12878.1 12881.9 12881.6 12878 12874.7 12870.3 12865.6 12861 12856.7 12852.9 12850 12847.5 12846 12844.2 12843 12842.3 12842 12842.2 12842.6 12842.7 12842.8 12842.3 12841.5 12840.7 12839.8 12838.8 12837.8 12836.8 12835.9 12834.9 12834 12833.2 12832.6 12832.2 12831.9 12831.9 12832.6 12834.5 12838 12842 12839.9 12837.8 12835.1 12832.7 12830.8 12829.5 12827.8 12825.4 12823.4 12821.5 12819.3 12817.2 12814.7 12811.9 12809 12806.5 12803.6 12800.6 12797.6 12794 12790.8 12788.4 12785.8
12865.7 12867.8 12869.3 12872.2 12878.3 12883.6 12884.4 12881.4 12877.2 12872.4 12867.7 12863.3 12858.7 12854.8 12851.2 12848.7 12847.4 12845.9 12844.6 12843.8 12843.2 12843.8 12843.9 12843.3 12843.8 12843.6 12843 12842.4 12841.6 12840.7 12839.7 12838.7 12837.8 12837 12836.3 12835.3 12834.9 12834.6 12834.6 12835.2 12836.7 12840 12846.6 12847 12842.8 12839.8 12837.2 12835.2 12833.7 12833 12830.8 12827.5 12824.9 12822.4 12820 12817.4 12814.6 12811.3 12808.1 12804.8 12801.3 12798.4 12796.8 12794.8 12792.9 12791.2 12789.5
12867.5 12870.2 12872.9 12874.4 12878.8 12883.2 12885.1 12883.4 12878.9 12874.3 12869.3 12864.3 12859.2 12854.2 12851.4 12850.5 12848.9 12847 12845.9 12845.4 12845.9 12845.5 12846.1 12846.3 12846.1 12845.5 12844.8 12844.1 12843.3 12842 12841.4 12840.5 12839.7 12838.9 12838.2 12837.6 12837.1 12836.8 12836.9 12837.5 12839.1 12841.6 12844.3 12844.8 12842.7 12840.3 12838.3 12836.7 12835.1 12833.5 12831.4 12828.8 12826.1 12823.4 12820.7 12817.9 12814.9 12811.5 12808.2 12804.4 12800.7 12798.3 12797.4 12796.3 12795.1 12793.8 12795.5
12868.7 12871.1 12873.6 12876.1 12879.3 12882.7 12883 12882.4 12880 12875.7 12870.7 12865 12859.5 12855.5 12852.9 12851.5 12848.8 12847.6 12846.8 12846.2 12846 12846.6 12847.7 12849 12848.4 12847.1 12846.3 12845.4 12844.4 12843.6 12842.7 12842 12841.2 12840.5 12839.9 12839.3 12838.9 12838.6 12838.7 12839.1 12840.1 12841.3 12843.5 12843.1 12841.1 12839.9 12838.7 12837.3 12835.8 12834.3 12832.3 12829.5 12827.3 12824.6 12821.7 12818.8 12815.6 12812.4 12809 12805.3 12801.9 12799.9 12799.1 12798.8 12798.7 12799.3 12801.5
12870.3 12871.7 12874.7 12878.2 12880.5 12881.4 12885.3 12884.6 12881.5 12877.2 12872.2 12867.3 12862.8 12858.1 12854.8 12851.8 12849 12848.1 12847.9 12847.5 12845.7 12848.5 12850.6 12850.8 12850 12848.7 12847.6 12846.6 12845.7 12845 12844.3 12843.6 12843 12842.4 12841.7 12841.3 12841 12840.6 12840.5 12840.6 12840.7 12840.7 12840.9 12838.7 12839 12839.4 12839 12838 12836.5 12834 12830.4 12830.2 12828.4 12825.9 12823 12820.2 12817 12814.1 12810.7 12807.1 12803.6 12802.1 12801.5 12801.5 12802.2 12803.4 12803.1
12872.4 12874.3 12878 12881.5 12883.9 12886.6 12889.9 12887.3 12883.2 12878.5 12873.5 12868.8 12864.4 12858.9 12855.1 12850.3 12848.3 12848.7 12849.5 12850.7 12852.7 12853.3 12853 12851.6 12851.1 12849.9 12848.7 12847.9 12847.1 12846.3 12845.5 12844.9 12843.9 12843.5 12843.1 12842.8 12842.6 12842.5 12842.3 12842.1 12841.5 12840.5 12838.7 12837 12838.1 12839.7 12839.9 12839.2 12837.9 12836.2 12834.9 12832.1 12829.6 12826.9 12824.3 12821.6 12818.9 12816.2 12812.9 12810 12807 12805.2 12804.1 12803.7 12804 12804.9 12802
12875.2 12877.7 12882 12885 12887.5 12889.7 12891 12888.4 12884.1 12879.3 12874.1 12868.8 12863.1 12857.5 12852.2 12849.4 12848.3 12849.5 12851.3 12853.7 12856.2 12856.4 12854.5 12853.3 12852.4 12850.8 12849.9 12849 12848.3 12847.5 12846.9 12845.7 12845.3 12845 12844.7 12844.5 12844.3 12844.1 12844 12843.7 12843.1 12841.9 12840.3 12838.2 12839.5 12841.4 12841.8 12841.2 12839.8 12838.1 12837 12833.1 12830.3 12827.7 12825.2 12823 12820.6 12817.9 12815.3 12813.2 12811.5 12808.4 12806.3 12804.9 12804 12803.1 12799.6
12878.1 12881.2 12885.4 12888.4 12890.3 12891.5 12891.5 12888.4 12884.3 12879.7 12874.6 12869.3 12863.2 12857.9 12852.4 12848.4 12849.3 12851.2 12853.1 12855.4 12857.8 12858.3 12856.6 12854.6 12853.1 12851.6 12850.6 12849.9 12849.2 12848.6 12847.7 12847.3 12847.1 12846.7 12846.6 12846.5 12846.4 12846.5 12846.5 12846.4 12846 12845.2 12844 12842.1 12843.7 12845.5 12845.3 12843.6 12841.4 12838.8 12835 12833.4 12831.1 12829 12826.9 12824.9 12822.8 12820.3 12817.4 12815 12813.3 12810.2 12807.9 12805.6 12803.2 12799.5 12796.2
12880.9 12884.2 12888.9 12891.3 12893 12892.5 12890.4 12887.8 12884 12879.7 12875.1 12870.6 12866.5 12860.3 12853.9 12851.3 12852.1 12853.3 12854.5 12855.9 12857.3 12857.5 12855.5 12854 12853 12851.9 12851.2 12850 12849.5 12849 12848.6 12848.5 12848.3 12848.1 12848.1 12848.1 12848.3 12848.5 12848.8 12849.1 12849.5 12850.1 12850.5 12849.4 12852.3 12851.7 12849.4 12846.3 12843.2 12840.1 12837.4 12834.7 12832.2 12830.3 12828.7 12827 12825.1 12823 12820.2 12816.2 12811.8 12811.7 12809.5 12806.7 12803.4 12799.7 12796.7
12883.6 12886.5 12890.4 12893.1 12895.9 12893.4 12890 12887.4 12884 12880.1 12875.9 12871.5 12867 12862 12857.7 12857 12856.3 12855.8 12855.7 12855.7 12855.2 12853.9 12852.7 12852.9 12852.5 12851.7 12851.4 12851 12850.8 12850.6 12850.8 12850.6 12850.3 12850.2 12850.2 12850.3 12850.4 12850.8 12851.3 12852.1 12853.4 12855.7 12858.6 12863.3 12864.1 12858.4 12853.3 12848.8 12844.7 12841.1 12837.6 12835.1 12833.2 12831.8 12830.4 12829 12827.6 12826.2 12824.3 12822.6 12819.4 12815.4 12811.9 12808.3 12804.7 12801.5 12798.9
12886.7 12889.6 12891.8 12893.4 12892.6 12892.1 12889.8 12887.2 12884.1 12880.5 12876.6 12872.3 12867.8 12864.2 12863.5 12862.9 12860.4 12858.5 12857.1 12855.8 12853.8 12851 12851.6 12852.1 12851.9 12852.2 12852.3 12852.3 12852.2 12852.3 12852.2 12852.5 12852.4 12852.4 12852.4 12852.5 12852.6 12853 12853.6 12854.6 12856.4 12859.5 12864.1 12871.4 12870.3 12861.8 12855.4 12850.3 12846 12842.1 12838.7 12836.1 12834.3 12833.1 12831.9 12830.8 12829.7 12828.8 12827.9 12827.3 12824.2 12819 12814.3 12810 12806.2 12802.7 12799.8
12888.7 12891.8 12893.8 12895.3 12894.9 12892.8 12890.2 12887.4 12884.4 12881 12877.3 12873.6 12870.1 12866.9 12864.3 12867.4 12862.3 12859.7 12857.9 12856.2 12854.2 12851.3 12851.5 12852.6 12853.5 12854.1 12854.4 12854.7 12854.7 12854.7 12854.7 12854.3 12854.1 12854.1 12854 12853.9 12854 12854.2 12854.7 12855.8 12857.3 12860 12863.6 12867.5 12865.3 12859.4 12854.6 12850.3 12846.5 12842.8 12839.6 12837.2 12835.5 12834.6 12833.7 12832.4 12831.3 12830.6 12830.3 12830.2 12826.7 12821.3 12816.3 12811.8 12807.7 12804.1 12800.9
12889.2 12891.8 12895.4 12898.2 12899.3 12894.2 12890.9 12887.9 12884.6 12881.3 12878.1 12874.7 12871.5 12868.2 12863.1 12861.8 12860.9 12859.7 12858.4 12857.3 12856.3 12854.9 12853.2 12853.6 12854.6 12855.5 12856 12856.4 12856.5 12857.1 12857 12856.9 12856.8 12856.4 12856.2 12855.7 12855.3 12855.3 12855.5 12855.9 12856.7 12857.9 12858.2 12857.4 12854.7 12853.5 12851.6 12849.1 12846.6 12843.6 12840 12836.9 12836.9 12836.8 12835.5 12833.8 12832 12831 12830.7 12831.8 12827.3 12822 12817.4 12813.3 12809.7 12806.4 12803.6
12890.4 12892.8 12896.8 12899.8 12900.2 12896.2 12891.9 12888.3 12885 12881.6 12878.5 12875.5 12872.7 12869.9 12863.5 12857.6 12859.7 12859.8 12859.3 12858.8 12858.3 12856.3 12854.4 12855.8 12856.7 12857.7 12858.4 12858.7 12859.3 12859.3 12859.1 12858.8 12858.4 12857.9 12857.6 12857 12856.6 12856.3 12855.9 12855.7 12855.4 12855 12853.7 12851.4 12848.6 12848.4 12848.6 12848.1 12847.2 12845.7 12842.8 12838.1 12840.7 12840.1 12837.8 12834.9 12832.1 12829.7 12828 12826.8 12824.3 12821 12817.8 12814.8 12812.1 12809.9 12808.7
12893.9 12896.4 12898.5 12899.9 12899.1 12895.5 12891.8 12888.2 12884.9 12881.7 12878.6 12875.7 12873.1 12869.6 12864.3 12863 12861.3 12860.7 12860.2 12859.8 12860 12859.2 12857.4 12858.3 12859.1 12859.8 12860.1 12860.2 12860 12859.7 12859.2 12859.3 12858.8 12858.4 12857.8 12857.2 12856.6 12856.1 12856 12855 12854 12852.7 12850.7 12848 12844.8 12845.1 12846.3 12847.4 12848.3 12849.2 12849.9 12849.7 12849 12845.1 12840.6 12836.1 12831.6 12827.5 12823.8 12821.2 12820.3 12819.3 12817.9 12816.3 12814.9 12813.6 12812.6
12898.3 12900.4 12899.6 12898.6 12896.6 12893.4 12890.9 12888 12884.9 12882 12878.7 12875.9 12873.4 12871 12864.1 12863.8 12862.6 12862 12861.4 12860.5 12859.6 12859.5 12860.2 12862.1 12862.6 12862.8 12862.6 12862.2 12861.8 12861.5 12860.8 12860.2 12859.5 12859.1 12858.3 12857.7 12856.9 12856.4 12855.4 12854.2 12852.8 12851.1 12848.9 12846.3 12844.2 12843.2 12845 12846.9 12849.3 12852.3 12856.8 12863.2 12857.9 12849.4 12842.5 12836.5 12831 12825.7 12820.2 12816 12817.5 12818.2 12818.3 12818.1 12817.9 12817.7 12818.2
12902 12902.6 12899.9 12895.9 12894 12892.2 12890.1 12887.6 12884.8 12881.8 12878.5 12875.4 12872.6 12870.3 12863.8 12862.5 12863.7 12864 12863.5 12862.4 12859.5 12860.5 12866.6 12866.9 12866.2 12865.6 12864.8 12863.9 12863.8 12862.6 12862 12861.9 12861.1 12860.2 12859.3 12858.9 12857.8 12856.6 12855.3 12853.8 12852.3 12850.2 12848 12845.1 12843.1 12842.4 12844.1 12846.4 12849.2 12852.6 12857.5 12863.4 12858.5 12849.4 12842.1 12836 12830.4 12825 12820.4 12817.6 12817.6 12818.5 12819.4 12820.1 12820.8 12821.8 12823
12905.7 12903.8 12900.2 12896.5 12893.8 12891.6 12889.4 12887.3 12884.8 12882.1 12879 12875.3 12870.8 12865.5 12862.5 12866.2 12867.2 12867.1 12867.2 12867.2 12867.3 12869.3 12872.5 12871.7 12870.3 12869.1 12867.9 12866.8 12866 12865 12863.9 12863.1 12862.2 12861.1 12860.4 12860 12858.8 12857.4 12855.9 12854.2 12852.2 12850 12847.9 12844.7 12843 12842 12843.5 12845.5 12847.8 12850.1 12852.1 12852.2 12849 12844.6 12839.8 12834.9 12829.9 12825 12821 12819 12818.8 12819.7 12820.9 12822.4 12823.7 12825.2 12826.9
12906.1 12902.9 12899.7 12897.1 12893.3 12890.9 12889.2 12887.2 12885.6 12883 12880.4 12876.6 12871.4 12865.3 12867.8 12868.7 12869.4 12870.5 12871.7 12872.8 12873.7 12871 12875.5 12875.2 12873.7 12872.1 12870.7 12870 12868.7 12867.7 12867.4 12866.3 12865.2 12864.1 12862.8 12862 12860.5 12859 12857 12855 12852.9 12850.4 12848.2 12845.2 12842.7 12841.9 12843.3 12844.9 12846.3 12846.9 12846 12842.3 12839.1 12839.2 12837.3 12834.1 12830.1 12825.6 12820.8 12819.6 12820.7 12821.7 12822.9 12824.3 12825.8 12827.7 12830.1
12903.9 12900.1 12897.5 12895.1 12892.3 12890.1 12888.9 12887.8 12886.8 12885.7 12883.8 12881 12877.8 12874.4 12874.5 12872.8 12872.4 12874.7 12876.2 12877.7 12879.3 12879.8 12879.5 12878.1 12876.5 12875 12873.7 12872.6 12871.9 12870.3 12869.1 12868 12867 12866.1 12864.7 12863.2 12861.5 12859.6 12857.9 12856.1 12853.9 12851.6 12849.5 12846.9 12844 12842.6 12844.1 12845.5 12846.1 12845.4 12843.2 12839.3 12836.3 12836.9 12836.3 12834.6 12831.7 12828.3 12824.6 12823.2 12823.7 12824.4 12825.2 12826.3 12827.5 12829.2 12831.4
12901.9 12897.9 12895 12891.9 12889.3 12889.1 12888.9 12888.6 12888.3 12887.4 12886.9 12886.3 12885.9 12884.8 12881.7 12880.5 12880.5 12880.2 12880.9 12881.8 12882.3 12881.6 12881.1 12879.4 12878.1 12877 12876.1 12875.1 12874 12873.2 12872 12870.7 12869.4 12867.5 12866 12864.2 12861.9 12860.4 12858.1 12856.3 12854.5 12852.8 12851.2 12849.4 12848 12846.2 12846.8 12847.4 12847.2 12845.9 12843.6 12840.7 12839.9 12837.6 12837.4 12836.4 12834.7 12832.8 12830.2 12828.6 12827.6 12827.3 12827.5 12828 12828.8 12829.8 12830.9
12901.2 12897.4 12894.2 12891.3 12890 12889.4 12889.3 12889.6 12889.9 12890.3 12890.8 12891.2 12892 12891.6 12889.3 12886.7 12885.8 12885.2 12885.2 12885.4 12885.4 12884.1 12881.1 12879.6 12879.1 12878.4 12877.6 12876.5 12875.4 12873.8 12872.4 12870.8 12869.3 12867.7 12866.2 12864.6 12862.7 12861.4 12859.7 12858.1 12856.5 12855 12853.7 12852.4 12851.5 12851 12850.8 12850.5 12849.5 12848 12845.8 12842.4 12834.6 12840.1 12840.3 12839.4 12838.3 12837.7 12837.4 12833.9 12831.4 12830 12829.5 12829.3 12829.5 12830.2 12830.5
12900.9 12897.1 12894.8 12892.4 12890.7 12889.8 12890.2 12891 12892 12893.1 12894.5 12895.5 12895.2 12895.2 12892.2 12890.9 12890 12888.9 12888.5 12888.4 12887 12884.4 12881.5 12880.1 12880.5 12880.3 12879.6 12878.4 12877 12875.6 12874 12872.6 12871 12868.8 12867.9 12866.2 12864.2 12862.6 12861 12859.5 12858.1 12856.8 12855.9 12855.1 12854.9 12854.6 12855 12853.9 12852.4 12850.9 12849.5 12849 12853.4 12847.6 12844.4 12842.6 12841.4 12840.8 12839.6 12837 12834.3 12832.3 12831.2 12830.6 12830.3 12830.4 12830.5
12896.4 12894.9 12894.3 12892.1 12889.9 12890.1 12891.1 12892.5 12894.1 12896 12897.9 12900.3 12903.1 12904.9 12898.3 12896.6 12893.4 12891.5 12891 12890.7 12889.9 12886.6 12884.1 12883.1 12882.8 12882.3 12881.4 12880.5 12879.2 12877.7 12876.4 12874.8 12872.8 12871.2 12869.5 12867.7 12866.1 12864.2 12862.8 12861.4 12860.1 12858.8 12858 12857.7 12858.2 12860 12858.6 12856.7 12854.9 12853.4 12852.5 12852.5 12852.2 12849.9 12846.9 12844.8 12843.4 12842.5 12841 12838.4 12836 12833.9 12832.3 12831.3 12830.6 12830.1 12830
12890.9 12892.2 12892.4 12890.9 12889.8 12890.5 12892.1 12893.8 12895.8 12897.9 12900.2 12902.6 12902 12895.1 12905.4 12903.4 12895.8 12893.2 12892.8 12892.5 12888 12887.5 12886.9 12886.4 12886 12884.9 12883.7 12882.5 12881 12879.4 12877.7 12875.8 12874.4 12872.5 12871.5 12869.6 12867.8 12866.2 12864.7 12863.2 12861.7 12860.6 12859.8 12859.5 12859.8 12861.1 12859.9 12858.4 12856.6 12855.2 12854.1 12853.1 12851.6 12849.9 12847.9 12846 12844.5 12843.2 12841.4 12839.1 12836.9 12834.9 12833.1 12831.5 12830.2 12829.2 12828.8
12891.4 12891.8 12892 12890 12889.6 12891.3 12893 12895 12896.9 12898.9 12900.8 12902.4 12904.5 12904.8 12904 12901.8 12897.3 12894.7 12893.9 12893.4 12891 12889.8 12890.1 12890.3 12889.5 12887.9 12886.4 12884.7 12883 12881.1 12879.3 12877.5 12876.1 12874 12872.5 12870.8 12869.1 12867.5 12866.2 12864.5 12863.1 12861.9 12860.9 12860.3 12859.7 12858.4 12859.6 12858.8 12857.4 12856.1 12854.8 12853.5 12851.9 12850.1 12848.4 12846.6 12845 12843.9 12841.9 12839.4 12837.2 12835.2 12833.3 12831.3 12829.5 12828 12826.7
12894.5 12892.9 12892.7 12890.4 12890.6 12892.5 12894.6 12896.6 12898.3 12900 12901.1 12901.8 12901.9 12902.5 12900.6 12898 12897.2 12895.6 12894 12893.7 12891.1 12892 12893.5 12895.1 12892.9 12890.6 12888.6 12886.6 12884.7 12883 12881.2 12879.5 12877.6 12876 12874.2 12872.5 12870.9 12869.2 12867.6 12866.1 12864.7 12863.3 12862 12860.9 12860 12859.6 12859.6 12858.6 12857.4 12856.4 12855.3 12854.1 12852.3 12850.5 12848.8 12846.8 12844.4 12841.7 12840.4 12839 12837.3 12835.4 12833.7 12831.5 12829 12826.9 12824.4
12895.5 12893.8 12892 12891.2 12892.8 12894.6 12896.3 12897.9 12899.3 12900.9 12901.9 12902.1 12902 12901.4 12899.9 12898.1 12898.2 12897.2 12893.4 12889.2 12892.5 12894.1 12895.7 12896.1 12895 12892.8 12890.6 12888.7 12886.7 12884.8 12883 12881.1 12879.3 12877.5 12875.7 12873.9 12872.3 12870.7 12869.1 12867.7 12866.1 12864.5 12863.1 12861.8 12860.3 12859.2 12858.2 12857.9 12857.4 12856.8 12855.8 12854.8 12853.6 12852.1 12849.6 12847.2 12844.3 12841.2 12839.9 12839 12837.6 12835.8 12833.3 12831.2 12828.5 12826 12823.2
