real_craters/C100-300m.grd
DSAA
221 221
-32.9525 32.9525
-32.9525 32.9525
11614.412236655 12919.836298778
[rows 90 to 119 of 221, columns 0 to 66 of 221]
12707.8 12707.4 12706.2 12705 12704.4 12703.9 12703.2 12702.1 12702 12703.3 12703.8 12703.9 12703.8 12703.8 12703.8 12703.8 12702.4 12702.8 12703.7 12703.3 12706 12707.9 12709.3 12710.5 12711 12709.5 12705.8 12698.3 12693 12694.7 12694.8 12696.8 12696.5 12693.9 12691.5 12689.9 12690 12689 12691.2 12696.3 12700.5 12704.4 12708.5 12713 12717.7 12723.5 12729 12734.9 12741.5 12748.7 12756.9 12766.8 12779.1 12795.3 12811.9 12824.6 12826.1 12823.1 12817.5 12809.2 12800.8 12791.8 12782.7 12774 12765 12756.2 12747.5
12710 12708 12705.3 12705.8 12706 12705.6 12704.9 12703.6 12703.4 12705.2 12705.7 12705.7 12705.9 12706.1 12705.1 12702.5 12701.4 12700.9 12700.8 12702.3 12704.9 12708.6 12712.1 12715.2 12718 12719.8 12719 12713.8 12704.6 12703.5 12704.4 12705.4 12701.2 12695.5 12691.2 12689.5 12688.8 12688.8 12691.8 12696.3 12701.8 12707.1 12712.7 12717.7 12723.3 12729.3 12735.5 12742.1 12749.3 12757.1 12765.3 12774.3 12783.1 12792.7 12810.8 12823.6 12830 12827.6 12821.1 12812.3 12802.6 12792.9 12783.3 12773.8 12764.8 12754.8 12746
12713.6 12710.4 12708.9 12708.2 12708.1 12708 12707.8 12707.5 12708.2 12708.2 12707.6 12707.2 12707.4 12708.4 12707.8 12700.7 12700.6 12699.5 12698.5 12699.5 12704.6 12709.5 12714.7 12719.8 12725.2 12730.6 12734.8 12734 12720.4 12713.9 12714.6 12715.3 12705.3 12696.7 12690.6 12689.2 12689.2 12689.9 12692.9 12697.7 12703.9 12710.2 12716.5 12722.3 12728.4 12735.2 12741.9 12749.1 12756.8 12765.1 12773.8 12782.9 12790.2 12796.3 12817.6 12833.9 12837.1 12831.6 12822.6 12812.2 12801.8 12791.4 12781.4 12772.4 12763.1 12754.4 12745.8
12713.1 12711.9 12710.8 12710.9 12710.8 12710.8 12711 12711.3 12711.2 12709.9 12708.7 12707.8 12707.2 12707.5 12710.6 12705.7 12702.1 12699.1 12698 12700.1 12705.4 12711.3 12717.1 12723.4 12730.2 12738.3 12747.1 12749.2 12727.3 12720 12714.3 12711.8 12704.3 12697.2 12691 12689.6 12690.7 12691.3 12694.3 12700.1 12707.2 12714.1 12720.4 12726.9 12733.5 12740.6 12747.6 12754.9 12763.1 12772 12781.9 12792.8 12804.7 12819 12835.8 12850 12844.9 12833.9 12822.2 12810.6 12799.6 12789.1 12778.6 12769.2 12760.2 12751.1 12743.1
12716.4 12714.6 12713.7 12713.6 12713.5 12713.4 12713.6 12713.6 12712.6 12710.8 12709.2 12707.8 12706.2 12704.1 12703.6 12707.2 12704 12702.6 12702.7 12704.4 12707.8 12712.6 12718.3 12724.5 12731.6 12739.9 12749 12754.7 12739.9 12723.5 12711 12703 12701 12698.1 12694.6 12693 12694.3 12695.1 12698.2 12704.2 12711.5 12718.5 12725.2 12731.5 12738.1 12745 12752.1 12759.7 12767.9 12777.2 12788 12800.7 12817 12837.4 12848.1 12849.6 12842.7 12830.8 12818.2 12805.8 12794.8 12784.6 12774.4 12765.3 12756.7 12748.6 12741
12720.8 12718.5 12716.8 12716.4 12715.9 12715.6 12715.5 12715.4 12713.5 12711.3 12709.6 12707.9 12706.1 12704 12702.5 12704.5 12704.5 12704.1 12705.9 12707.4 12710 12714 12718.6 12723.5 12729.1 12735.3 12741.7 12745.2 12737.3 12722.4 12710.7 12702.4 12701 12699.5 12697.7 12698.2 12700 12701.2 12705.1 12709.8 12716.5 12723.6 12730.2 12736.5 12743.2 12749.5 12756.3 12763.6 12771.4 12780.3 12790.6 12802.9 12818.1 12835.1 12842.5 12840.6 12833.1 12821.7 12809.9 12799 12788.6 12779.3 12770.5 12761.1 12753.1 12745.7 12738.7
12722.5 12722.2 12720.7 12719.1 12718 12717.2 12716.5 12715.8 12713.9 12712 12709.8 12708.3 12706.9 12705.6 12705 12705.1 12705 12704.7 12705 12707.7 12710.8 12714.3 12717.8 12721.5 12724.6 12727.1 12728.5 12726.5 12721.9 12716.5 12711 12708 12704.9 12702.9 12703.2 12705.2 12707.5 12708.4 12711.1 12716.3 12723.3 12730.1 12736.2 12742.1 12747.2 12753.1 12759.2 12765.7 12772.7 12780.5 12789 12799 12809.3 12818.5 12822.6 12821.4 12815.7 12806.7 12797.4 12788.6 12779.6 12771.6 12763.9 12755.5 12748.4 12741.8 12735.3
12724.8 12723.9 12722.3 12720.9 12719.9 12718.7 12717.2 12715.1 12713.1 12710.8 12709.8 12709.1 12708.3 12707.8 12708 12707.2 12706.8 12706.3 12706.7 12708.4 12711.3 12714.4 12716.8 12718.8 12719.5 12718.1 12713.4 12708.1 12710.1 12710.4 12709.2 12708.2 12708.5 12710.4 12711.6 12713.6 12716 12717.1 12719.9 12724.9 12731.5 12737.1 12742.2 12747.2 12751.8 12756.9 12762.1 12767.7 12773.2 12779.6 12785.7 12791.6 12796.5 12797.6 12795.8 12795.5 12791.4 12788.7 12782.9 12776.4 12770.2 12762.9 12756.4 12750.6 12743 12737 12731.5
12726.1 12725.3 12723.5 12722.4 12721.6 12720.3 12718.4 12715.9 12713.3 12710.6 12710.5 12710.4 12710 12709.4 12709 12709.2 12709.4 12708.7 12707.1 12709.9 12712.3 12714.3 12715.8 12716.6 12716 12713.2 12708.2 12705.9 12706.1 12707 12707.2 12707.1 12710.7 12717.5 12720.2 12721.5 12724.5 12727 12731.4 12736.1 12740.9 12744.6 12747.9 12751.3 12755 12759.2 12763.6 12768.1 12772.9 12777.4 12781.4 12784.3 12785.7 12783.2 12779.3 12777 12773.9 12771.9 12768.8 12764.8 12760.6 12754.8 12749.7 12744.3 12737.8 12732.7 12727.9
12726.6 12725.4 12725.4 12725.2 12723.7 12722.1 12720.5 12718.1 12715.5 12713.6 12712.6 12712.3 12712.2 12711.4 12710 12711 12713 12713.8 12712.8 12712.6 12713.6 12714.7 12715.5 12715.9 12715.1 12712.6 12709.4 12706.1 12706.1 12706.8 12707.2 12707.6 12711.3 12718.8 12723.1 12726.8 12731.7 12736.5 12743.7 12749.1 12750.2 12750.9 12752.2 12754.3 12757.4 12760.4 12763.9 12767.3 12770.8 12774 12776.5 12777.9 12777.9 12775.8 12772.8 12765.6 12759 12757.7 12756.3 12753.9 12751.6 12748.2 12743.2 12738.8 12734.3 12730 12725.6
12727.3 12726.9 12726.8 12726.8 12725 12723.4 12722.5 12720.6 12717.6 12715.4 12714.5 12714.5 12714.7 12714.3 12711.2 12712.3 12713.9 12715 12714.9 12714.8 12715.2 12715.6 12716.1 12716.1 12715.8 12714.6 12711.8 12708.9 12708.3 12708.8 12709.6 12710.2 12713 12717.2 12723.4 12730.2 12737 12743.5 12752.3 12759.2 12756.9 12755.3 12755.2 12756.5 12758.3 12760.7 12763.4 12766.5 12769 12771.2 12772.5 12772.8 12771.9 12769.4 12765.4 12756 12748 12746.2 12746.6 12745.2 12743.2 12740.8 12737.7 12734.2 12730.5 12726.8 12722.8
12727.2 12726.2 12726 12726.3 12724.9 12723.6 12722.5 12720.8 12718.6 12716.8 12716.3 12716.5 12716.8 12716.1 12713.7 12713.9 12714.4 12715.5 12716.4 12716.5 12716.4 12716.4 12716.5 12716.8 12717.5 12718.6 12717.9 12713.2 12711.8 12712.3 12714.2 12716.6 12718.9 12722.1 12726.5 12732.8 12739.8 12746.2 12753.5 12758.8 12757.7 12756.5 12756.4 12757.4 12759 12761.5 12763.8 12765.3 12767.4 12768.9 12769.4 12768.8 12767.1 12762.9 12756.1 12747.3 12739.3 12737.9 12739.2 12738.3 12737.5 12735.7 12733.3 12730.6 12727.6 12724 12720.6
12726.4 12724.3 12724.8 12724.7 12724.2 12723.4 12722.1 12720.8 12719.5 12718.5 12718.1 12718.3 12718.8 12718.5 12716.9 12716.2 12716.3 12718.4 12719.1 12718.3 12717.8 12717.5 12717.4 12717.1 12718.4 12720.2 12721.6 12716 12714.8 12716.3 12719.4 12724.5 12727.4 12722.6 12728.9 12735.2 12741 12745.7 12749.9 12752.5 12754 12754.4 12755.1 12756.4 12758.2 12760.5 12762.6 12764.7 12766.5 12767.5 12767.6 12766.7 12764.9 12759.6 12751.5 12743.7 12736.5 12734.9 12735.9 12735.3 12734.3 12732.7 12730.6 12727.8 12725.2 12722.7 12720.6
12727.6 12727.1 12726 12724.1 12724.5 12724.8 12722.7 12721.8 12720.5 12719.1 12718.5 12719.6 12720.9 12720.8 12720.2 12718.7 12717.8 12720.2 12720.7 12719.9 12719.2 12718.7 12718.2 12718 12717.4 12716.8 12715.1 12714.9 12716.8 12719.4 12722.8 12727 12729.1 12731.5 12733.9 12737.7 12741.5 12744.1 12745.7 12747 12748.9 12750.9 12752.7 12754.7 12756.8 12759.2 12761.4 12763 12764.4 12765.5 12766 12765.7 12763.9 12760.5 12754.7 12748.4 12741.9 12738.2 12736.6 12735.2 12732.8 12730.3 12728.1 12725.8 12724 12722.2 12722.1
12727.5 12729.1 12729.7 12727.9 12728.2 12728.4 12728 12724.4 12721.8 12719.9 12719.4 12720.7 12722.8 12729.1 12724.2 12720.9 12719.6 12720.8 12721.1 12720.6 12720.2 12719.7 12719.2 12718.5 12716.9 12714.4 12712.7 12715.2 12719.2 12722.5 12725.3 12727.2 12728.5 12735.9 12738 12739.8 12741.5 12742.8 12742.2 12742 12743.8 12747 12749.8 12752.6 12755.2 12757.7 12759.9 12761.1 12763.1 12764.6 12765.4 12765.7 12765.3 12764.2 12762.4 12758.4 12750.6 12744.5 12739.8 12735.9 12733.1 12730.7 12728.4 12726.3 12725.7 12724.2 12723.9
12729.9 12732.5 12734.9 12736.4 12735.8 12732 12728.3 12725.8 12723.1 12721 12720.1 12721.5 12723.4 12724.2 12723.9 12721.9 12720.7 12721 12721.1 12720.8 12720.5 12720.2 12719.8 12719.4 12718.8 12716.8 12714.2 12718.9 12723.2 12726.3 12728.7 12730.7 12733.3 12738.5 12740.8 12741.6 12741.9 12741.7 12739.8 12738.2 12739.6 12742.9 12746.2 12749.3 12752.2 12754.8 12757.5 12759.8 12761.4 12763.6 12765 12766.2 12766.9 12767.5 12767.1 12763.9 12757 12750.1 12742.7 12737.3 12733.9 12731 12728.9 12727.4 12726 12725 12724.3
12731.2 12733.5 12736.1 12739.7 12739.1 12734.1 12730.3 12727 12724.3 12722 12720.7 12722.3 12724.3 12723.1 12723 12721.9 12720.7 12720.3 12721.2 12721.6 12721.8 12721.5 12721.4 12721.5 12722.2 12725 12725.8 12727.4 12728.9 12730.7 12732.7 12735.2 12738.5 12741.9 12743.1 12743.4 12742.7 12741.4 12738.8 12736.8 12737.5 12740 12743.4 12746.6 12749.5 12752.5 12755.3 12757.7 12759.2 12761.7 12763.6 12765.6 12767.3 12768.9 12769 12766.5 12759.4 12751.1 12743.4 12737.4 12733.8 12731 12728.6 12726.8 12725.7 12725.2 12725.4
12734 12733.9 12734.5 12735.8 12734.7 12732.6 12730.4 12727.8 12725.6 12723.7 12722.7 12723.9 12725.2 12724.7 12723.8 12722.8 12721.8 12721.7 12722.3 12722.8 12722.8 12722.7 12722.5 12722.4 12723.7 12729.8 12740.4 12734.9 12733.7 12734.4 12736.2 12738.7 12742.7 12746 12745.9 12745.4 12744.2 12742.2 12738.6 12735.2 12734.5 12737.6 12740.9 12743.5 12746.5 12749.3 12751.9 12754.4 12756.7 12759 12761.4 12763.9 12766.2 12768.8 12770 12768.7 12759.4 12748.2 12742.4 12737.3 12733.8 12730.6 12728.4 12727 12726.4 12726.3 12727.4
12735 12734.6 12734 12733.3 12731.6 12730.6 12729.6 12728.7 12727.3 12725.9 12725.2 12726.1 12727.5 12727.3 12725.6 12724 12723.3 12723.8 12724.5 12724.8 12724.6 12724 12723.3 12722.9 12722.6 12724.4 12732.7 12735.6 12736.3 12737.5 12739.4 12741.3 12743 12746.2 12747.6 12747.3 12745.8 12743.4 12739.3 12735.4 12733.4 12736.8 12739.5 12741.9 12744.3 12746.7 12749.1 12751.5 12754.3 12756.7 12759.2 12761.6 12763.7 12766.7 12768.3 12767.2 12759.1 12748.4 12742.2 12737.4 12734 12731.4 12729.6 12728.6 12727.5 12727.7 12729.4
12736.2 12736.5 12735.8 12735.2 12733.5 12733.2 12732.5 12731.6 12730.6 12729.3 12728.2 12728.9 12730.2 12729.6 12728.6 12725.7 12725.4 12726.9 12728.3 12728.1 12727.2 12726 12724.7 12723.5 12722.5 12724.4 12730.3 12734.6 12737.6 12739.9 12742.3 12744.8 12746.9 12748.8 12749.7 12749.3 12747.6 12745.1 12741.2 12739.3 12740.2 12738.9 12739.5 12740.4 12742 12744.1 12746.1 12748.4 12750.6 12753 12755.3 12757.6 12759.7 12762 12764.1 12765.4 12758.3 12749.7 12741.6 12736.1 12732.8 12730.8 12729.7 12729.2 12729.2 12728.8 12730.8
12738.3 12740.2 12741.3 12740.1 12737 12735.2 12735.1 12735.4 12734.5 12733.1 12731.8 12731.4 12731.1 12732.2 12734.3 12737.3 12736.9 12735.4 12733.9 12732.2 12730.4 12728.4 12726.6 12724.9 12723.6 12725.3 12730.2 12734.6 12738.5 12741.7 12744.7 12748.1 12752.6 12752.5 12753.4 12751.8 12749.3 12746.9 12743.1 12741.5 12739.6 12739.2 12739 12739.3 12740.4 12741.8 12743.6 12745.5 12747.5 12749.4 12751.4 12753.1 12754.8 12756 12756.3 12754.3 12748.2 12742.5 12736.6 12732.5 12730.6 12729.6 12728.8 12728.6 12729 12729.8 12731.4
12741.7 12744 12747.6 12747.4 12740.9 12736.9 12739.1 12739.6 12737.9 12735.8 12733.9 12732.6 12732 12735.4 12739.2 12741.5 12744.7 12743.2 12739.8 12736.7 12734 12731.6 12729.3 12727.3 12725.6 12725.7 12730.4 12736 12740.5 12744.2 12747.3 12749.8 12753.5 12759.7 12757.9 12754.3 12750.9 12747.7 12744.8 12741.6 12741.5 12739 12737.7 12737.9 12738.8 12739.9 12741.5 12742.9 12744.5 12746 12747.5 12748.6 12749.6 12749.2 12747.5 12742.3 12737.3 12732 12728.4 12728 12727.9 12727.9 12728.3 12728.6 12728.9 12729.8 12731.2
12741.1 12741.1 12753.7 12751.1 12743.5 12745.1 12748 12746.5 12743.4 12739.9 12736 12733.9 12734 12740.4 12746.9 12749.8 12753.4 12749 12744.2 12740.4 12737.3 12734.7 12732.4 12730.4 12728.9 12730.1 12734.1 12739 12743.4 12747.2 12750.4 12753.2 12756.3 12760.7 12758.9 12754.9 12751.1 12747.6 12744.3 12739.9 12736.6 12735 12735.5 12736.4 12737.2 12738.2 12739.3 12740.4 12741.6 12742.6 12743.6 12744.1 12744.1 12743.4 12741.4 12738.1 12732.9 12725.8 12722.6 12724.5 12726.2 12727.3 12728.4 12729.1 12729.3 12730.7 12732.1
12737.7 12727 12709.2 12707.2 12742.2 12764.6 12758.8 12753.5 12748.8 12744.2 12740.3 12738 12738.4 12746.3 12757.7 12763.9 12756.9 12750.9 12746.3 12742.9 12740.2 12738 12736 12734.4 12733.5 12737 12739.9 12743.4 12747.2 12750.8 12754 12757.3 12760 12757.9 12756.5 12753.8 12750.5 12747.1 12743.4 12738.1 12732.9 12732 12733.9 12735.2 12736 12736.4 12737.5 12737.9 12738.7 12739.3 12739.8 12739.9 12739.4 12738.2 12736.6 12734.1 12730.6 12725 12722.8 12723.7 12725.4 12726.8 12728 12729 12730.3 12730.9 12732.4
12737.3 12723.2 12699.2 12694.7 12745.6 12766.5 12762.2 12757.5 12753.3 12748.3 12745.1 12743.3 12742.4 12748.1 12756.9 12759.9 12752.4 12748.5 12745.9 12744 12742.4 12741 12739.9 12739.2 12739.1 12742.6 12745.1 12748 12751.1 12754.4 12757.3 12759.1 12760 12757.3 12754.7 12752.3 12749.4 12746.5 12743.2 12738.9 12735.1 12733.8 12734.6 12734.8 12734.7 12734.7 12735.2 12735.6 12736.1 12736.5 12736.7 12736.5 12735.8 12734.1 12732.4 12729.9 12726.7 12724.2 12723.3 12724.9 12726 12726.8 12728.2 12729.8 12731.1 12732 12733.3
12742.1 12736.8 12740.4 12766.2 12763.3 12760.4 12759.3 12758.8 12756.2 12752.1 12748.9 12746.2 12743.1 12745.4 12747.7 12746.1 12743.1 12744.1 12744.6 12744.7 12744.6 12744.4 12744.4 12744.6 12744.9 12746.4 12749.8 12752.8 12755.6 12758.2 12760.6 12762.7 12761.7 12757.5 12753.9 12751 12748.1 12745.4 12742.9 12741 12739.6 12738.9 12736.9 12734.8 12733.5 12732.8 12733 12733.1 12733.4 12733.6 12733.6 12733.2 12732.4 12730.7 12728.5 12726.4 12723.5 12724.9 12727.4 12727.4 12727.3 12727.9 12729.4 12730.6 12731.6 12732.7 12734
12746.7 12748.1 12756.7 12764.5 12760.3 12751.1 12758.8 12760.7 12758.4 12754.9 12751.8 12748.1 12743 12742.8 12741.3 12738.8 12738.6 12741.9 12744.5 12746.2 12747.4 12748.2 12749.2 12750.4 12752.4 12753.4 12755.2 12757.7 12760.3 12762.5 12763.9 12762.9 12762.3 12757.7 12753.3 12749.3 12746.1 12743.6 12741.9 12741.2 12742.7 12744.5 12738.2 12733.9 12731.6 12730.8 12730.5 12730.5 12730.9 12731.2 12731.2 12731 12730.3 12728.8 12727 12725.8 12724.7 12726.1 12729.8 12728.6 12728.3 12729 12730.6 12731.9 12733 12733.5 12734.6
12748.6 12750.8 12754.4 12756.7 12757.1 12764.5 12768.1 12765.3 12760.4 12756.1 12752.3 12751 12745.7 12742.7 12740.4 12739 12739.9 12742.9 12746 12748.4 12750.3 12752 12753.7 12755.3 12757.1 12758.4 12760.2 12762.3 12764.4 12766.3 12767.7 12767.8 12763.2 12757.2 12751.6 12746.9 12743.3 12741.1 12739.2 12738.1 12738.6 12738.4 12733.5 12730.3 12728.7 12728.2 12728.3 12728.6 12729 12729.5 12729.8 12729.8 12729.3 12728.4 12726.9 12725.8 12724.6 12724.7 12725.4 12726.5 12728.1 12729.8 12732 12733.6 12734.2 12735.2 12735.9
12749.1 12750.1 12750.9 12750.8 12751.6 12779 12778.4 12769.5 12761.7 12754.7 12748.2 12743.4 12743.9 12744.4 12743.2 12742.5 12743.4 12746 12748.9 12751.5 12753.9 12756 12757.8 12759.3 12761.1 12762.8 12764.5 12766.2 12768.2 12769.8 12770.8 12769 12763.3 12755.6 12748.1 12743.8 12740.3 12737.3 12734.7 12732.4 12729.2 12724.7 12724.1 12724.4 12724.7 12724.9 12725.5 12726.6 12727.8 12728.5 12729.2 12729.5 12729.3 12728.3 12727.4 12726.5 12724.7 12723.3 12722.6 12725.2 12729.2 12732.1 12733.8 12735.5 12736.1 12736.8 12737.8
12749.1 12749.3 12749.1 12748.7 12750 12773.9 12775 12766.8 12759.3 12752.1 12744.9 12742.3 12745.9 12749.7 12750 12747 12748.1 12750.3 12752.7 12755.4 12757.7 12759.8 12761.9 12763.3 12765.5 12767.2 12768.1 12769.2 12770.6 12771.9 12772.9 12770.9 12762.1 12753.2 12745.4 12740.8 12737.1 12733.9 12730.7 12726.8 12722.2 12717.1 12717.3 12719.1 12720.6 12721.9 12723.2 12724.6 12726.1 12727.5 12728.9 12730 12730.5 12730.7 12730 12729.2 12726.9 12725.7 12726.2 12728.6 12732.1 12735.3 12737 12738.3 12739.1 12740 12740.9
