real_craters/C100-500m.grd
DSAA
133 133
-32.9525 32.9525
-32.9525 32.9525
11631.734878207 12917.661728711
[rows 30 to 59 of 133, columns 0 to 66 of 133]
12658.5 12656.8 12654.7 12650.6 12646.9 12645 12644.9 12644.9 12644.5 12644 12644.4 12647.3 12657.2 12652 12645.3 12643.2 12646.9 12647.3 12647.5 12647.6 12643.5 12642.5 12643.6 12645 12647.3 12647.9 12646.8 12645.5 12643.4 12642.5 12645.2 12646.5 12648.3 12651 12653.4 12655.6 12657.3 12658.3 12658.1 12656 12651.6 12643.9 12638.9 12642.3 12646.4 12643.4 12636.3 12630 12633.9 12641.2 12647.7 12652.3 12657.7 12661.2 12664.4 12666.5 12668.6 12672.2 12674.2 12677.5 12679.2 12677.7 12672.7 12669.2 12662 12651 12637.1
12660 12657.9 12654.3 12651.5 12647.7 12646.1 12647 12648.9 12649.7 12646.8 12645.3 12645.2 12651.9 12652.5 12645 12645.5 12647.5 12648.2 12648.9 12649.1 12645.6 12644.3 12645.5 12648 12651.7 12650.3 12648.4 12646.1 12643.7 12643.6 12646.5 12647.4 12648.5 12650.3 12652.3 12654.3 12656.2 12657.7 12659 12659.7 12659.5 12659.2 12661.7 12669.1 12664.4 12656.4 12644.8 12634.5 12640.9 12650.9 12658.5 12665.2 12670.6 12676.1 12681 12686.3 12686.2 12686.1 12686.8 12686.8 12686.6 12684.4 12682.3 12675.6 12668.3 12657.8 12641.3
12660.9 12659.9 12658.9 12654.3 12648.8 12647.7 12648.3 12648.6 12648.5 12647.6 12645.6 12643.7 12644.3 12648.2 12650 12646 12646.9 12648.7 12649.6 12649 12646.4 12646.5 12647.6 12648.7 12651.8 12651.4 12649.6 12647.3 12645.3 12644.8 12645.8 12647.4 12649 12650.5 12652.1 12654.4 12656.6 12659.3 12662.4 12665.8 12670.5 12677.8 12686 12687.3 12683.2 12673.6 12665.1 12651.2 12656.3 12665.7 12673.2 12679.5 12685.1 12689.5 12694.1 12697.6 12698.8 12697.8 12697.4 12697.9 12697.2 12695.9 12692.8 12686.3 12678.6 12671.3 12666
12660.9 12660.5 12658.4 12655.8 12653.3 12650.5 12649.9 12649.7 12648.6 12647.8 12646.2 12645.1 12645.9 12643.8 12643.5 12645.1 12647.3 12650 12651.5 12650.3 12649.7 12649.7 12650.5 12652.3 12653.6 12652.6 12650.7 12648.6 12646.6 12645.9 12646.6 12648.3 12650.1 12652 12654.3 12657 12659.9 12662.9 12666.8 12672 12679 12689.5 12703.6 12703.6 12695.1 12687.2 12684.2 12680.7 12679.7 12684.6 12689.4 12694.1 12698.4 12702 12705 12707.1 12708 12706.8 12705.5 12706.2 12707 12707 12704.4 12698 12687.9 12680.8 12690.2
12660.3 12659.3 12657.5 12654.8 12651.8 12651.6 12651.3 12652.6 12651.9 12649.1 12647.3 12645.8 12643.8 12643.9 12643.9 12645.9 12649.9 12653.9 12655.5 12656.1 12656.2 12653.3 12653.9 12654.9 12654.9 12654.3 12652.4 12650.4 12648.4 12646.7 12649 12650.1 12651.5 12653.6 12656.4 12659.4 12662.9 12666.6 12670.6 12675.8 12681.9 12689.1 12696.3 12699.9 12695.8 12692.2 12692.5 12697.7 12701.4 12703.5 12705.7 12708.5 12711.6 12713.3 12717.4 12718.9 12716.1 12713.8 12711.9 12712.2 12714 12715.9 12717 12709 12693.7 12680.1 12679.6
12660.2 12659.1 12657.3 12655.2 12654.3 12653.1 12652.3 12649.2 12650.2 12650.6 12649 12645.4 12644 12646.5 12647.9 12651.5 12656.6 12660.7 12661.4 12661 12655.1 12656.2 12657.6 12658 12658.1 12656.4 12654.5 12652.5 12651 12650.8 12649.8 12649.6 12651.5 12653.8 12656.7 12659.9 12663.2 12667.1 12672.4 12677 12681.6 12684.4 12683.1 12686 12690.3 12692.5 12696.1 12711.3 12719.3 12718.6 12718.9 12719.7 12721 12722.1 12727.1 12729 12722.7 12718.7 12716.4 12716.9 12717.6 12719.7 12722.3 12716.3 12697.2 12675.4 12667.1
12661.2 12660.1 12658.1 12655.7 12654.6 12656.5 12657.2 12655.5 12655.3 12654.6 12652.6 12650.1 12648.1 12648.9 12654.8 12660.8 12671.5 12667.6 12667.3 12667.6 12663.6 12665.4 12663.6 12661.8 12660.3 12658.1 12655.8 12654 12652.9 12651.4 12649.6 12649.4 12652.1 12655.5 12659.2 12661.9 12665.8 12669.8 12673.9 12678 12682.5 12683.7 12686 12688.5 12690.5 12693.2 12698.1 12714.7 12725.2 12729 12729.3 12728.7 12728 12725.9 12726 12725.7 12723.8 12721.6 12719 12719.4 12718.2 12718.5 12718.4 12713.3 12702.3 12690.7 12681.6
12663.4 12662.2 12660.7 12659.4 12659.2 12661.7 12665.4 12668.2 12664.3 12660.6 12657.3 12654.7 12653.3 12655.8 12659.7 12663.7 12664.5 12668.4 12669.4 12674.1 12682.1 12675.7 12668.9 12664.8 12662.4 12660 12657.9 12656.4 12654.5 12652.5 12650.9 12650.4 12653.4 12657.1 12661.2 12665.8 12670.6 12675 12679.1 12682.6 12684.9 12685.6 12685.5 12685.8 12688.5 12694.2 12704.8 12721.8 12735 12738.1 12737.3 12735.7 12732.3 12728.3 12723.2 12721.9 12723.2 12721.6 12719.3 12718 12715 12712.8 12709.7 12704.7 12702.5 12707.1 12701.8
12666.4 12665.6 12663.6 12661.3 12662.9 12665.8 12670 12674 12670 12665.7 12661.7 12658.5 12657 12658.5 12662.9 12666.4 12669.8 12669.2 12670 12673.8 12672.6 12670.6 12670.6 12667.9 12664.3 12661.7 12660.3 12658.3 12656.6 12655.2 12654.3 12654.7 12655.9 12659.6 12664.1 12669.7 12675 12680.1 12684.6 12687.4 12689.8 12690.4 12688.3 12687.1 12691 12700.4 12709.9 12730.1 12744 12743.8 12742.9 12741.3 12738.8 12734.3 12727.7 12725.3 12723.1 12720.3 12717.6 12713.6 12710.1 12704.9 12699.8 12696.3 12689.7 12688.4 12688.8
12669.8 12670.4 12670.2 12669.5 12667.1 12668.9 12670 12670.5 12671.9 12670.2 12666.6 12661.8 12664.1 12666.2 12667.4 12669.6 12669.8 12670.7 12670.4 12673 12671.5 12670.3 12670 12667.4 12665.8 12664.3 12662.5 12660.6 12658.7 12657.3 12656.6 12656 12656.9 12660.8 12666.1 12672.2 12678.6 12684.6 12689.5 12693.6 12696.9 12700.2 12701.6 12703.2 12706.3 12720 12731.4 12738.1 12740.3 12745.3 12745 12743.7 12742.4 12742 12741 12733.2 12725.3 12718.7 12712.7 12706.4 12702.8 12694.7 12686.5 12680.6 12667.5 12660.5 12669.2
12674.1 12675.4 12677 12678.5 12674.3 12672.6 12672.2 12673 12675.4 12676.4 12674.9 12670.4 12674.2 12677.8 12676 12673.8 12673.3 12672.8 12672.2 12673.2 12671.8 12671 12671.8 12668.8 12667.7 12666 12664.1 12662 12660.2 12658.7 12657.3 12655 12656.8 12662.3 12668.5 12675.3 12682 12687.8 12693.8 12700.3 12706.1 12711.3 12714.9 12715.2 12721.5 12736.6 12746.3 12746.8 12749.3 12747.6 12744.7 12743.2 12743.5 12746.4 12740.8 12736.8 12726.9 12718.5 12710.8 12703.5 12696.5 12686 12672.4 12655 12649.1 12644.5 12660.5
12678.1 12679 12679.7 12679.1 12676.6 12675.4 12675.6 12677.6 12680.8 12683.4 12682.8 12678.8 12682.3 12682.1 12678 12675.8 12674.9 12673.6 12674 12674 12674.1 12673.8 12673 12671.3 12670 12668 12665.6 12663.3 12661.2 12659.6 12658 12654.6 12657.4 12664 12671.1 12678.6 12686 12693.5 12701.1 12709.2 12716.6 12724.8 12732.4 12737.5 12733.4 12741.7 12747.3 12747.6 12748.8 12745 12739.1 12737 12738.5 12746.8 12752.3 12737.2 12725.3 12715.8 12706.9 12699.4 12691.4 12681 12668.9 12656.1 12654.6 12661.8 12665.6
12680.8 12681.6 12681.3 12678.6 12677 12677 12677 12680.3 12685 12690.1 12693.5 12679.1 12677.5 12676.1 12676.7 12676.2 12674.8 12674.7 12677 12677.4 12676.8 12676.9 12676.8 12676.4 12673.8 12670.8 12667.7 12664.9 12662.4 12659.9 12657.5 12657.2 12660.2 12667 12674.9 12682.7 12690.5 12698.6 12706.6 12715.4 12725 12734.8 12748.2 12761.6 12743.3 12742 12742.5 12740.2 12738.1 12733.9 12728.9 12727 12727.5 12731.2 12731.3 12727.5 12720.4 12714.1 12708.2 12702.7 12694.6 12686 12676.7 12670.5 12667.3 12671.2 12677.1
12685.3 12684.4 12683.2 12682.3 12680.1 12678.7 12679.8 12682.7 12687.9 12692.4 12692.2 12682.3 12680.9 12679.5 12678.9 12678.5 12676.4 12673.1 12679.3 12680.3 12678.4 12677.7 12680.3 12681.4 12677.2 12674.1 12670.8 12667.6 12664.5 12661.5 12658.8 12658.4 12663 12672.1 12681 12689.5 12697.7 12705.6 12713.5 12721 12729.8 12739.9 12751.1 12758.3 12737.9 12730.5 12732.2 12728.3 12722 12718 12715.8 12714 12713.1 12716.2 12717.1 12714 12711.5 12708.4 12704.9 12701.5 12696.8 12691.5 12686.5 12685 12683.3 12689.2 12701
12689.7 12686.8 12684 12683.2 12682.2 12680.2 12678.9 12684.3 12689.7 12693.6 12688.5 12684.7 12687.2 12682.6 12681.9 12682.8 12683.8 12681.6 12678.5 12680.6 12680.3 12677.3 12674.9 12676.3 12675.6 12672.9 12670.1 12667.3 12665.4 12663.1 12662.8 12663.5 12669.2 12679.3 12689.6 12698.3 12706.5 12713.6 12720.4 12727.1 12733.3 12739.6 12744.2 12741.8 12732.3 12726.4 12722.6 12718.3 12712.1 12707.7 12705.7 12702.4 12698.7 12695.1 12696.9 12703 12705.5 12705.9 12705.7 12702.7 12701.2 12698.6 12697.6 12701.9 12715.6 12733 12739
12690.6 12687.6 12683.7 12682.2 12682.6 12682.6 12683.5 12687.1 12691.5 12695.3 12696.3 12686.9 12686.1 12682.8 12684.5 12687.3 12691.4 12696.1 12683 12684.1 12686 12682.7 12678.1 12678.3 12676.3 12673.2 12670.7 12668.5 12666.6 12665.5 12665.8 12671.1 12682.4 12689.9 12698.9 12707.2 12714.2 12720.1 12725.8 12730.3 12735 12737.6 12738 12736.1 12729.4 12721.2 12715.7 12711.8 12709 12707.1 12700.6 12694.6 12689.2 12687.1 12688.3 12693.1 12696.4 12702.7 12702.4 12701.9 12701.9 12703.6 12707.2 12717 12736 12761.9 12776.1
12690.3 12688.9 12686.3 12684.2 12684 12685.3 12688.5 12689.9 12692.8 12692.2 12686.3 12684.1 12683.3 12683.9 12686.7 12689.9 12693.4 12694.9 12687.2 12690.6 12695.8 12701.7 12699.9 12684 12678.5 12675.3 12672.8 12670.3 12669.1 12668.5 12670.4 12677.3 12689.6 12701.1 12711.4 12719.1 12724.7 12730.3 12732.2 12735.3 12736.1 12736 12732.3 12725.5 12718.1 12713.4 12708.6 12706.3 12705.5 12703.5 12698.6 12691.7 12686.3 12685 12685.8 12688.5 12695.6 12696.6 12697.3 12698.6 12701.5 12708.2 12723.3 12731.8 12730.8 12774.9 12803.6
12693.3 12692.4 12690.3 12689 12688.1 12686.6 12686.9 12691.9 12695.9 12696.4 12687.9 12684.7 12684.5 12686.2 12687.7 12689.6 12691.2 12691.5 12692.3 12692.9 12699.4 12709.5 12688.1 12681.9 12678 12674.9 12673 12672 12672 12672.5 12675.3 12682.8 12695.8 12715.3 12725.8 12732.8 12736.5 12739.5 12740.1 12739.7 12737.1 12733.5 12726.9 12719 12708.5 12702.8 12700.7 12700.9 12702.2 12701.6 12698.8 12694.2 12687.2 12684.4 12687.4 12689.7 12689.9 12688.4 12691.9 12692.4 12697.9 12708.3 12729.7 12744.4 12771.1 12791.1 12808
12696.8 12696.2 12695.4 12693.5 12693.8 12689.8 12690.1 12693.8 12698.8 12705.2 12696.1 12691.4 12692 12690.3 12689.3 12688.9 12688.7 12687.5 12685.5 12688.3 12692.1 12691.8 12682.1 12679.9 12678.4 12677.3 12676.4 12676.3 12677 12679 12683.4 12694.5 12724.3 12736.9 12742 12745.3 12746.7 12746 12744.3 12741.3 12736.8 12731.9 12725.6 12719.4 12712.4 12698 12695.9 12698.1 12700.1 12700.8 12704.1 12706 12703.4 12690.1 12698.8 12696.3 12688.9 12684.4 12678.6 12675.3 12678.7 12686.5 12710.1 12738.2 12732.7 12779.5 12767.4
12697.5 12697.7 12699.5 12694.7 12691.1 12690 12690.9 12693.9 12697.8 12701 12697.5 12697.3 12693.3 12692 12691.1 12690 12687.8 12683 12679.1 12683.3 12684.5 12680.6 12683.4 12681.6 12680.8 12680.9 12681.1 12681.1 12681.7 12685 12692 12710.3 12739.6 12755.2 12758.5 12759.4 12757.6 12754.5 12749.8 12744.1 12738.2 12731.7 12725.7 12718.7 12710.9 12697.6 12697.5 12700.6 12703.7 12708.4 12716.5 12730.3 12742.1 12740.6 12727.1 12709.3 12686.3 12664.9 12645.9 12631.6 12642.4 12650.1 12675.9 12730.3 12790 12723.9 12670.1
12696.7 12696.4 12694.8 12693.9 12692.2 12690.5 12691.5 12693.5 12695.1 12694.6 12698.8 12708.4 12696.4 12693.6 12692.3 12690.7 12688.9 12686.2 12683 12683.2 12683.7 12683.9 12683.8 12683.4 12684.4 12684.8 12685.6 12686.7 12689.8 12692.9 12698.4 12707.7 12743 12766.5 12771.9 12772.3 12769.5 12764.2 12757.5 12749.9 12741.8 12732.8 12724.9 12717.9 12713.6 12706.9 12704.5 12708.1 12714.2 12717.2 12736.9 12764 12790 12785.7 12755.2 12719.5 12686.6 12654.6 12624.2 12599.9 12583.9 12577.2 12585 12606.5 12598.3 12542.7 12508.3
12696.9 12695.9 12694.9 12694.7 12693 12691.8 12692.8 12693.9 12694.2 12694.9 12698.3 12703.2 12701.3 12697 12694.5 12692 12690.7 12690 12687 12685.9 12685.8 12685.7 12683.2 12687.2 12689.9 12691.4 12693.7 12696 12699.2 12703 12707.8 12717.7 12748 12775.7 12784.6 12784.8 12780 12772.2 12762.4 12751.8 12741.8 12732.9 12723.7 12715.7 12711.1 12709.9 12709.8 12716.9 12731.4 12756.3 12781 12797.2 12831.5 12822.6 12773.2 12721.5 12671.7 12621.7 12576.7 12535.7 12500.4 12475.7 12452.4 12425.2 12382.6 12340.6 12330.1
12703.3 12701.9 12698.8 12697.9 12697.8 12696.9 12696.2 12696.1 12695.5 12694.2 12698.4 12701.8 12702.2 12700.6 12697.7 12694.1 12691 12691.1 12691.4 12690.1 12688.4 12688.4 12693 12695.8 12695.4 12696.6 12699.2 12703 12707.8 12714.1 12723.2 12735.7 12764.5 12792.3 12798.3 12795.8 12788.1 12778 12766.9 12756.3 12743.9 12732.1 12721.6 12713.5 12713.2 12710.4 12707.6 12723.3 12744.2 12763.8 12779.6 12812.7 12838.9 12822.5 12772 12710.2 12649.2 12586.3 12524.6 12469.8 12412.7 12362.5 12311.7 12254.5 12230.9 12241.8 12170.5
12706.4 12705 12702.8 12701.4 12701.8 12702.8 12700.5 12699.7 12698.8 12698.5 12701.7 12705.9 12706.5 12705 12703.5 12699.6 12692.6 12690.4 12695 12693.3 12690.5 12690.1 12700.2 12700.9 12699.7 12702.5 12707 12713 12720.1 12729 12741 12757.6 12784.5 12809 12813.3 12806.2 12795.1 12782.4 12769.3 12755.5 12741.7 12728.6 12718.3 12710.3 12708 12705.3 12708.1 12731.7 12760.7 12787.2 12810.9 12834.7 12839.8 12810.9 12756.1 12689.4 12614.4 12539.2 12463.4 12393.5 12319.7 12249.2 12183.7 12124.3 12078.6 12010.5 12011.1
12707.8 12706.8 12704.8 12703.9 12702.5 12702.5 12703.8 12703.8 12703.7 12703.8 12702.6 12703.7 12706 12708.8 12710.8 12709.5 12701.1 12693.3 12694.8 12697 12693 12689.9 12689.3 12693.3 12700.5 12707.2 12714.5 12723.5 12732.9 12743.8 12756.9 12774.6 12800.6 12824.6 12824.7 12814.5 12800.8 12785.7 12770.5 12756.2 12742.2 12728.5 12716.5 12708.5 12708.4 12710.3 12713.3 12744.2 12780.9 12823.3 12868.6 12864 12858.4 12809.9 12738.9 12655 12568.9 12480.6 12393.6 12307.6 12219.2 12135.1 12058.6 11993.6 11942.5 11915 11881.5
12712.5 12707.6 12707.3 12707.2 12706.2 12707.3 12707 12706.9 12707.7 12700.6 12700.2 12699.1 12704.6 12712.2 12720 12727.3 12729.4 12713.5 12712.3 12707.3 12694.2 12689.3 12688.9 12694 12703.1 12713.2 12723 12733.7 12744.8 12757.4 12771.2 12784.9 12799.2 12829.1 12832.4 12818.5 12801.7 12784.9 12769.4 12754 12740.3 12726.7 12714.6 12705.5 12707.7 12716.8 12727 12758.9 12796.2 12828.1 12849.2 12865.5 12880.4 12802.3 12708.2 12612.4 12516.2 12420.5 12323.3 12226.5 12124.6 12028.7 11934.8 11853.4 11818 11777.1 11776.4
12714.1 12711.8 12711.8 12711.7 12712.1 12711.1 12709 12707.1 12705.8 12706.3 12700.8 12699.3 12706.2 12715.8 12726.3 12739.7 12755.5 12728.5 12712.6 12704.9 12695.5 12690.5 12691.8 12697.2 12708.5 12720 12730.8 12742 12754.1 12767.8 12784.3 12804.9 12834.1 12853.1 12837.7 12817.2 12798 12780.8 12764.4 12749.4 12736.6 12725.3 12715 12707 12711.8 12728.5 12744.9 12775.3 12812.4 12839.8 12831.2 12850.4 12845.2 12754 12659.1 12563.1 12465.2 12362.1 12247.1 12143.9 12039.1 11938.2 11841.9 11759.4 11739.1 11716.2 11722.6
12720.8 12716.8 12716.2 12715.6 12715.5 12712.7 12709.6 12706.7 12703.4 12704.5 12704.1 12706.8 12710 12716.9 12725.3 12735.3 12744.4 12731.9 12710.7 12701.4 12699 12698.2 12700.3 12706.6 12716.5 12728 12738.9 12749.5 12761.1 12774.2 12790.6 12812.8 12839.7 12840.6 12825.5 12806.3 12788.6 12773.3 12758.4 12745.7 12734.4 12725 12718.6 12715.5 12720.1 12733.3 12749.7 12788.5 12831.1 12870 12917.3 12845.9 12734 12675.3 12594.4 12502.8 12402.5 12300.3 12194.7 12088.9 11983.5 11880.2 11785.5 11720.6 11711.7 11714 11715.1
12724.1 12722.3 12720 12718.2 12715.7 12712.9 12709.9 12708.1 12707 12706.5 12705.8 12706.4 12711.2 12716.2 12720.3 12720.8 12713.6 12713.2 12710 12707.9 12707.7 12710.8 12713.1 12717.9 12728.7 12738.5 12747.6 12755.7 12765.3 12775.8 12787.3 12799 12805 12804.1 12796.5 12785.3 12772.3 12760.6 12748.5 12737.9 12728.9 12722.8 12721.7 12726.7 12727 12735.3 12765.6 12813.1 12844.2 12864 12871.5 12782.7 12670.5 12609.2 12536 12448.5 12351.6 12250.3 12146.6 12040.5 11934.6 11834 11746.3 11697.6 11704 11717.8 11724.4
12726.2 12724.4 12722.9 12720.9 12717.3 12712.9 12711 12710.7 12709.6 12709.8 12710.3 12709.2 12712.8 12715.4 12716.1 12712.8 12706.3 12706.3 12707 12709.4 12720.6 12723.6 12729.1 12737.1 12744.1 12748.7 12753.8 12759.7 12766.6 12773.6 12779.7 12782.8 12779.1 12772.9 12767.4 12763.1 12756.7 12749.2 12739.9 12731.2 12724.5 12720.2 12720.1 12723.8 12730.9 12744.5 12806.8 12850.7 12850 12832.5 12787.4 12713.9 12642.7 12567.9 12487.6 12399.6 12303.9 12202.3 12096.9 11994.6 11893 11796.9 11724.4 11687.3 11699.2 11715 11720
