real_craters/C100-300m.grd
DSAA
221 221
-32.9525 32.9525
-32.9525 32.9525
11614.412236655 12919.836298778
[rows 150 to 179 of 221, columns 67 to 133 of 221]
12869.2 12861.3 12854.4 12847.9 12842.7 12837.7 12833.5 12829.4 12825.5 12821.4 12817.2 12812.5 12807.6 12801.9 12797.3 12793.4 12787 12781.3 12780.3 12779 12777 12774.4 12771.2 12767.4 12763.9 12767 12771.4 12775.5 12779.1 12781.5 12782.4 12784.2 12789.4 12790.2 12792.3 12794.2 12795.9 12798.5 12799.2 12799.1 12799.3 12799.9 12799.4 12799.7 12798.3 12796.3 12793.8 12794.4 12788.3 12782.1 12780.2 12778.4 12776.6 12774.5 12772.2 12769.8 12770.6 12779.4 12786.6 12788 12786.1 12784.4 12782.4 12780.3 12779.1 12777.9 12778.2
12869.9 12862.2 12854.9 12849.1 12843.9 12839.9 12835.3 12832 12828.5 12825 12821.7 12817.6 12812.9 12806.5 12799.9 12792.5 12786.8 12783.5 12781.5 12779.9 12777.6 12774.8 12771.3 12767.4 12763.9 12766.7 12770.9 12775.2 12779.5 12783.6 12787.6 12788.6 12790.5 12790.7 12792.4 12794.1 12795.6 12796.8 12797.8 12799.2 12800.2 12799.7 12798.8 12797.2 12795 12792.2 12788.3 12788.7 12782.7 12779.8 12776.1 12770.8 12768.7 12767.5 12766.7 12766.4 12768 12773.7 12781.2 12785.8 12786.4 12785.7 12784.5 12782.8 12781.3 12780.7 12779.7
12865.5 12858.8 12853 12848.1 12843.4 12839.6 12836.2 12833.1 12830.4 12827.8 12825.4 12822.3 12817.3 12811.1 12803.8 12794.5 12789 12787.4 12785.1 12782.7 12780 12777 12773.6 12770.5 12769.2 12769.8 12772.6 12776.6 12780.8 12784.8 12789.4 12790.2 12791.1 12791.3 12792.7 12793.8 12794.9 12796.4 12797.3 12797.6 12797.9 12796.1 12795 12793 12790.7 12787.5 12783.9 12785.2 12777.4 12770.4 12764.7 12762.7 12762.5 12762.9 12763.8 12765.4 12768 12773.4 12780.7 12786.3 12787.7 12787.9 12787.1 12785.6 12783.9 12781.7 12779.5
12856 12851.9 12848.1 12844.7 12841.6 12838.3 12835.7 12833.2 12831 12829.4 12828.4 12827.6 12824.1 12816.6 12809.7 12802.1 12796.8 12793.3 12790.2 12787.6 12784.3 12780.7 12777.4 12774.6 12772.9 12773.1 12775.2 12778.6 12782.7 12785.2 12786.4 12789.2 12791.8 12791.9 12792.8 12793.7 12794.7 12795.4 12795.7 12796 12794.6 12793.8 12792.7 12790.5 12787.9 12784.4 12780.5 12780.4 12774.2 12766.9 12756.3 12756.4 12758.4 12760.5 12763 12766.5 12771.5 12778.4 12784.1 12788.1 12789.6 12789.5 12788.5 12786.9 12784.9 12781.7 12778.9
12842.8 12842.6 12841.4 12839.6 12837.7 12835.2 12833.7 12831.9 12830.6 12829.6 12829.1 12829.6 12827.3 12820.6 12815.4 12811.9 12809.4 12803 12798.7 12793.9 12789.7 12785.7 12782.1 12779.2 12777.3 12776.9 12778.2 12780.7 12784.5 12787.9 12789.9 12790.6 12791.5 12791.7 12792.7 12793.7 12794.3 12793.9 12793.5 12792.8 12791.6 12790.7 12789.2 12786.4 12783.7 12781.6 12777.2 12776 12769.6 12762.8 12752 12754.4 12757.7 12760.3 12763.5 12768.5 12776.4 12785.2 12789.8 12790.4 12790.3 12789.2 12787.7 12786 12784.3 12782 12779.1
12829.4 12832.4 12834.1 12834.2 12832.7 12832.1 12830.4 12830.1 12829.3 12828.5 12827.5 12825.4 12824.2 12821.8 12818.4 12815 12812 12808.3 12805.7 12799.8 12795 12790.8 12787.1 12784 12781.3 12779.9 12780.9 12782.5 12785.6 12789.8 12793.6 12791.4 12791 12790.9 12791.1 12791.4 12791.2 12791.4 12791.1 12791 12791.8 12791.1 12789.8 12787.2 12784.4 12780.5 12775.9 12769.2 12761.3 12755.6 12755.6 12758.5 12759.8 12761 12763.3 12768 12778.2 12793.9 12793.8 12791.8 12790.5 12788.8 12787 12785.1 12784.2 12781.4 12779.3
12820.1 12824.3 12828 12829 12829 12829.1 12828.2 12827.6 12827.4 12827.2 12826.7 12824.4 12823.5 12822.7 12820.2 12815.3 12807.1 12809.1 12806.8 12804.1 12800 12796.1 12792.4 12789.1 12786.7 12785.7 12784.1 12784.5 12785.4 12787.2 12788.8 12788.8 12788.8 12789 12788.9 12789.1 12790 12790.3 12790.5 12790.1 12790.1 12790.8 12789.9 12788.7 12785.9 12782.5 12777.5 12770.9 12763.6 12761.6 12768.5 12766.6 12763.6 12762.2 12762.2 12764 12769 12785.8 12790.3 12790 12788.2 12786.4 12784.6 12782.8 12782.9 12779.9 12779.1
12812.2 12817.4 12822.3 12824.1 12825.2 12825.9 12825.7 12825.8 12825.6 12825.9 12826.7 12828.2 12826.6 12825.5 12823.3 12819.9 12816.2 12814.4 12813.4 12808.5 12804.8 12801.1 12797.8 12794.5 12791.2 12788.2 12787.4 12786.7 12785.2 12783.7 12783.9 12785.8 12787.1 12787.7 12787.9 12788.1 12788.3 12788.2 12788.5 12788.5 12788.8 12789 12788.3 12787.7 12786.6 12784.2 12781.1 12776.2 12772.6 12772.6 12776.4 12772 12767 12763.6 12761.4 12760.4 12761.3 12772.6 12781.7 12784.6 12783.9 12782.5 12780.8 12781.1 12779.9 12778.1 12776.9
12808 12812.7 12816.4 12819 12821 12822 12822.5 12822.8 12822.7 12822.9 12824.1 12826.9 12826.8 12827.4 12827.4 12827.1 12824.9 12822.4 12815.7 12812.7 12809.5 12806.2 12803.2 12800.3 12797.1 12792.9 12792.9 12790.9 12787.2 12782.7 12782.1 12784.4 12786.5 12787.4 12787.5 12787.7 12788.4 12788.5 12788.8 12788.1 12787.9 12788.6 12789 12789.4 12789.4 12788.5 12786.8 12782.7 12777.1 12776 12775.1 12771.7 12768.5 12764.9 12761.3 12758.7 12759.6 12768.9 12777 12779.8 12779.4 12777.9 12776.2 12777 12774.9 12774.1 12773.5
12805.1 12808.6 12811.9 12814.4 12816.4 12817.6 12818.7 12819.6 12819.5 12819 12817.6 12817.9 12823.5 12827.9 12831.4 12834.6 12838.2 12833.8 12824.4 12818.4 12814.1 12810.9 12808.6 12806.6 12804.9 12804.2 12801.3 12797.8 12792.7 12787 12785.4 12786.1 12787.1 12787.7 12787.8 12787.8 12787.9 12787.1 12787.5 12788 12788.3 12789.3 12790 12791.3 12792.8 12793.9 12794.4 12793.3 12787.5 12783.7 12777 12773.1 12771.1 12767.1 12762.4 12758 12757.2 12767.7 12774.8 12775.7 12775.1 12773.6 12773.8 12772.3 12770.5 12769.4 12768.4
12803.4 12805.8 12808.1 12809.7 12813.2 12814.5 12815.1 12816 12816.4 12816.4 12814.6 12814.5 12822.3 12828.5 12833.9 12838.8 12843 12839.6 12831 12823.1 12817.4 12814.3 12812.9 12812.6 12812.7 12811.1 12810.5 12807 12800.8 12795.3 12791.3 12789.5 12789.4 12788.9 12788.2 12787.4 12787.2 12787.3 12787.6 12787.6 12788.6 12789.8 12791.2 12793.1 12796 12799.4 12802.7 12807.4 12808.2 12798.5 12789.4 12782.8 12776.5 12770.9 12765.7 12760.2 12755.2 12766.9 12772.9 12771.2 12770.1 12768.4 12768.6 12767.1 12765.8 12764.2 12762.5
12803 12804.3 12806.2 12807.3 12807.9 12810.2 12811.3 12812.8 12814.3 12816.4 12817.6 12819.8 12824.6 12829.8 12834.7 12839.4 12841.6 12838.2 12829.8 12822.1 12817.8 12815.8 12815.5 12817 12820 12823.8 12823.3 12817.1 12809.8 12800.8 12797 12793.3 12790.8 12788.6 12787.3 12786.2 12785.1 12784.9 12784.9 12785.3 12786.5 12787.7 12790.2 12793.3 12797.3 12802.2 12807.8 12814.7 12818 12807 12797.9 12790 12780.1 12774.7 12771 12767.5 12764.9 12765.9 12765.7 12764.9 12764.3 12762.8 12762.6 12760.9 12759.5 12757.2 12754.7
12803.9 12803.9 12804.4 12804.9 12805.3 12806.7 12808.2 12810.2 12812.4 12816.7 12821.7 12824.6 12826.8 12830.2 12834.5 12838.2 12839.7 12836.7 12826.3 12818.3 12816.2 12815.2 12815.8 12818.2 12823.4 12830.9 12832.2 12823.8 12816.8 12812.2 12802.2 12795.4 12791.2 12787.8 12785.4 12783.9 12782.7 12782.2 12782.2 12782.1 12783.2 12785 12787.6 12791.1 12795.7 12801.1 12807 12812.4 12812.6 12804.5 12793.3 12782.7 12778.7 12776.9 12776.2 12775.8 12773 12764.7 12758.5 12759.1 12758.7 12758.4 12756.9 12755 12752.9 12750.2 12746.9
12804.2 12803.8 12804 12803.8 12804 12804.6 12805.6 12806.9 12809.5 12814.1 12823.1 12825.5 12825.7 12828.7 12832.9 12836.5 12837.4 12832 12825.8 12817.8 12814.7 12813.2 12813.1 12814.6 12818.9 12827.1 12831.1 12819.6 12814.1 12809.5 12801.1 12794.1 12789.1 12785.3 12782.6 12780.7 12778.9 12778 12777.8 12778.2 12778.9 12780.6 12782.7 12786.4 12790.9 12796.9 12802.6 12806.9 12806 12799 12788.3 12777.2 12776.9 12777.4 12779.1 12781.5 12778.3 12767.7 12759.6 12756.3 12753.9 12752.5 12750.6 12748.6 12746 12742.9 12739.5
12803.7 12803.4 12803.1 12802.7 12802.3 12802.4 12802.8 12803.2 12803.9 12805 12808.6 12814.6 12819.4 12824.7 12830 12834.7 12838.4 12840.2 12829 12818.2 12813.3 12810.2 12807.9 12806.5 12806.1 12806.3 12804.2 12801.2 12800.4 12799.7 12793.9 12789.3 12785.2 12781.7 12779.2 12777.1 12775.6 12774.2 12773.5 12773.5 12773.6 12774.4 12776.6 12779.8 12784.1 12789.9 12796.4 12802.9 12801.2 12794 12786.2 12780.1 12776.6 12775.5 12776.9 12781.1 12777.6 12767.1 12760.3 12754 12749 12746.4 12743.9 12741.5 12738.7 12736 12732.9
12803.6 12803.2 12802.6 12801.7 12801 12800 12799.7 12799.2 12798 12796 12792.5 12801.9 12811.7 12819.2 12825.6 12831.6 12836.8 12840.1 12829.6 12817.5 12811.4 12806.5 12801.5 12796.2 12790 12782.3 12774 12777.6 12780.1 12782.3 12783.7 12782 12779.5 12777 12774.7 12772.9 12771.5 12769.7 12769 12768.8 12768.1 12768.8 12770.2 12772.4 12775.5 12779.8 12786.1 12794.4 12793.1 12786.4 12781.7 12777.8 12773.9 12770.1 12767.6 12767.7 12764.4 12758.4 12754.6 12748.2 12742.9 12740.2 12737.6 12735.4 12732.7 12730 12726.8
12803.2 12802.5 12801.6 12800.5 12799.3 12798.2 12797.3 12796.3 12795.1 12794.5 12794.8 12799.5 12807 12814.2 12820.6 12826.4 12830.9 12831.8 12826 12816.6 12810 12803.1 12795.3 12786.4 12776.2 12764 12752 12759.9 12769.7 12774.1 12775.2 12774.7 12773.4 12771.6 12770.1 12768.3 12766.5 12765.4 12763.9 12763.2 12762.7 12762.6 12762.8 12763.8 12764.8 12766.2 12768.4 12772.9 12774.6 12774.3 12773.8 12772.9 12768.9 12762.7 12755 12744.5 12745 12744.6 12741.4 12737.9 12735.4 12733.8 12731.8 12730 12727.7 12724.6 12721.5
12803.5 12802.5 12801.4 12799.9 12798.3 12796.8 12795.8 12794.4 12793.6 12793.9 12795.8 12798.5 12803.6 12809.4 12815 12820 12823.8 12825.1 12822.4 12817.4 12809.7 12800.4 12790.2 12779.1 12767.1 12754.5 12743.7 12750.4 12764.7 12767.9 12768 12767.8 12766.5 12765 12763.6 12761.6 12760.6 12759.3 12758.1 12757.1 12756.5 12756.3 12755.3 12754.5 12752.9 12751.4 12748.4 12747.5 12753.8 12760.1 12764 12765.5 12762.8 12756.2 12746.8 12737.2 12735 12734 12730.6 12728.7 12728.6 12728.1 12727 12725 12722.7 12719.6 12716.9
12803.5 12801.6 12799.6 12798 12796.1 12794.9 12793.5 12792.5 12791.8 12792.2 12793 12796 12799.7 12804.2 12808.9 12813.1 12816.6 12818.6 12818.3 12816 12808.6 12797.4 12785.6 12773.8 12762.1 12751.5 12745.1 12747.5 12751 12758.3 12760.8 12760.9 12760.7 12759.1 12758.1 12756.9 12755.5 12754.4 12753.9 12752.5 12751 12751.5 12749.4 12746.5 12742.9 12738.1 12732.2 12728.8 12738.1 12748.1 12755.1 12758.7 12757.8 12752.5 12743.5 12734.1 12731.4 12729.2 12725.6 12723.5 12724.2 12724.1 12722.8 12720.7 12718.1 12715.2 12712.3
12803.8 12801.9 12799.6 12797.4 12795.1 12793 12791.2 12789.7 12789.1 12789.6 12791 12792.6 12795.4 12799 12802.5 12805.9 12808.7 12811 12811.9 12810.8 12804.6 12793.1 12781.1 12769.5 12759.1 12750.3 12745 12747 12756.8 12754 12754.2 12754 12753.9 12753.4 12752.6 12751.6 12751.2 12750.7 12751 12749.9 12747.8 12745.4 12743.4 12740 12735.4 12729.8 12723.6 12721.3 12729.8 12740.3 12749 12755.1 12756.7 12752.3 12744.2 12735.9 12732.2 12729.1 12725.7 12723.5 12723.5 12721.8 12719.4 12716.9 12714.3 12711.6 12708.6
12803.8 12801.4 12798.6 12796 12793.6 12791.2 12789 12787.3 12785.8 12784.6 12785.5 12788.1 12790.6 12793.3 12795.8 12798.1 12800.1 12801.4 12802.3 12801.5 12797.1 12786.7 12775.6 12765.5 12756.7 12749.4 12744.6 12742.8 12743.8 12746 12747.6 12748 12748 12748.9 12749.2 12748.5 12747.5 12746.9 12747.7 12745.8 12743.5 12740.7 12737.5 12733.9 12729.6 12724.8 12720.9 12720.8 12726.6 12735.4 12744.2 12752.9 12758.5 12752.2 12745.8 12740 12733.9 12730.7 12730.2 12730.4 12725.2 12720.6 12716.9 12713.8 12711 12708.5 12705.5
12804.1 12800.8 12797.6 12794.2 12791.6 12788.9 12786.5 12784.6 12783 12781.7 12782.1 12784.1 12786.3 12788.2 12790 12791 12791.2 12789.8 12787.4 12788.9 12788.4 12777.4 12768.7 12760.9 12753.9 12748.1 12743.8 12739.4 12735.4 12739.1 12742 12742.8 12743.6 12744.4 12745.7 12745.8 12745 12743.9 12742.4 12740.7 12738.5 12735.8 12732.8 12729.2 12725.5 12721.8 12719.4 12720.1 12724.5 12731.2 12738.4 12745.5 12751 12745.7 12741.7 12737.8 12732.3 12729.5 12729.6 12730.6 12723 12717.4 12713.9 12710.9 12708.3 12705.9 12703.1
12803.8 12799.6 12795.8 12792.5 12789.6 12787 12784.5 12782.3 12780.2 12779.6 12779.8 12781.1 12782.4 12783.8 12784.7 12784.8 12783.8 12780.4 12774.1 12772.8 12766.4 12764.8 12761.3 12756.6 12751.4 12746.7 12742.8 12739.1 12734.4 12735.7 12737.7 12738.7 12739.7 12741 12742 12741.8 12741.1 12740 12738.6 12736.7 12734.4 12732 12729.3 12726.2 12723 12720.1 12717.8 12718.8 12722.5 12727.1 12731.4 12734.2 12733.5 12733.5 12731.5 12729.1 12727 12724.3 12721.4 12717.5 12714.5 12712.5 12710.2 12708.3 12705.9 12703.6 12701.3
12801.9 12797.5 12793.8 12790.7 12787.9 12785.2 12782.7 12780.3 12778.1 12776.4 12777.1 12778.2 12779.5 12780.2 12780.5 12780.3 12778.8 12776.2 12773.9 12765.5 12755.7 12756.8 12756.2 12753.4 12749.4 12745.2 12741.2 12738.1 12733.8 12733.7 12734.3 12735.2 12736.2 12736.6 12736.9 12737.2 12736.7 12735.6 12734.4 12732.9 12731 12728.2 12726.3 12724 12721.6 12719.4 12717.6 12718.3 12720.8 12723.6 12725.6 12725.8 12723.3 12724.6 12725.4 12723.7 12721.1 12718.3 12714.1 12708.4 12707.8 12707.5 12706.8 12705 12703.2 12701.3 12699.5
12797.9 12794.4 12791.3 12788.6 12786.1 12783.4 12781 12778.8 12777 12776.2 12775.7 12776.2 12776.8 12777.7 12777.9 12777.3 12776 12773.7 12770.3 12764.6 12760.5 12757.2 12755.1 12752 12748.1 12743.8 12739.1 12734.6 12731.8 12731.7 12732.1 12732.5 12733.2 12733.3 12733.2 12732.8 12731.7 12730.9 12729.7 12728.4 12727.4 12725.8 12724.2 12722.4 12720.8 12719.8 12718.8 12719 12720 12721.1 12721.8 12721.8 12721.5 12720.6 12720 12718.1 12715.9 12713.6 12710.6 12707.4 12705.8 12704.9 12704.2 12702.5 12700.9 12699 12697.4
12793.1 12790.3 12788.1 12786.1 12784.1 12781.8 12779.8 12777.6 12775.4 12774.4 12774.6 12774.7 12775.5 12775.8 12776 12775.5 12774.5 12772.2 12768.8 12765.4 12760.7 12759.4 12756.7 12752.4 12747.9 12743.3 12738.3 12732.6 12730.6 12730.2 12730.3 12730.4 12730.8 12730.9 12730.3 12730 12730.1 12728 12726.9 12726 12724.7 12722.8 12721.7 12720.9 12720.3 12720.5 12720.7 12720.1 12719.5 12719.3 12719.3 12719.2 12719 12716.7 12712.7 12712.3 12711.7 12710.4 12708.9 12707.5 12705.9 12703.6 12702.2 12700.4 12698.6 12696.6 12694.9
12787.5 12786 12784.8 12783.5 12782.1 12780.6 12778.9 12776.9 12774.2 12772.9 12773.9 12774.1 12774.7 12775 12774.9 12774.5 12773.7 12772.5 12770.6 12769.8 12772.4 12768.3 12759 12752.6 12747.5 12743.1 12739.1 12735.4 12731.2 12729.3 12729 12728.8 12729 12728.9 12728.6 12728 12727.6 12727.1 12725.8 12724.4 12723.2 12721.2 12720.3 12719.8 12720 12721 12721.9 12720.3 12718.4 12717.6 12717.2 12717 12716.7 12714.1 12709.2 12709.1 12708.8 12708.2 12707.5 12707.1 12705.5 12703.1 12700.6 12698.3 12696.2 12694.3 12692.6
12782.8 12783 12782.7 12782 12781.3 12780.2 12779.1 12777.8 12775.7 12774.2 12774.5 12774.7 12774.5 12774.5 12774.3 12774.2 12773.7 12773.4 12774 12774.3 12771.3 12765.1 12757.7 12751.9 12747.1 12743 12739.6 12736.1 12729.9 12728.7 12728.4 12728.6 12728.5 12728.4 12728 12727.8 12727.1 12725.9 12724.7 12723.4 12721.7 12720.6 12719 12718.4 12718.3 12719.3 12720.2 12718.6 12716.7 12715.8 12715.3 12714.9 12714.3 12712.5 12710.3 12708.5 12707.9 12706.7 12705.9 12705.3 12703.6 12701.5 12698.6 12696.3 12694.1 12692.3 12690.6
12781.7 12781.6 12781.4 12781.3 12780.7 12780.3 12779.7 12779.1 12779.3 12777.8 12776 12775.3 12775 12774.7 12774.2 12773.7 12773.2 12773 12773.3 12771.8 12763.6 12756.3 12753.6 12750 12746.1 12742.3 12738.7 12734.6 12730 12728.8 12728.5 12728.7 12728.4 12728 12727.5 12726.8 12725.8 12724.5 12723.4 12722 12720.7 12719.3 12718 12716.7 12715.7 12715.3 12715.4 12715.4 12714.5 12714.1 12713.8 12713.5 12712.7 12709.9 12710.2 12708.7 12707.6 12705.8 12704.6 12703.8 12703 12699.8 12696.1 12693.5 12691.6 12689.9 12687.8
12782.4 12781.6 12781.3 12781.1 12780.7 12780.4 12779.8 12779.3 12779.4 12778.1 12776.8 12775.9 12775.7 12775.2 12774.6 12773.4 12772.3 12771.1 12769.3 12765.2 12759.2 12753.6 12751.5 12748.5 12745.1 12741.6 12737.7 12733.7 12730.7 12730 12729.8 12729.7 12729.3 12728.6 12727.8 12727.1 12725.9 12724.6 12723 12721.7 12720 12718.2 12716.9 12715.1 12713 12711.1 12711.1 12712.1 12712.3 12712.5 12712.7 12712.8 12713.8 12714.8 12712 12709.1 12706.9 12704.7 12702.4 12700.5 12698.9 12695.6 12693.4 12691 12689.2 12687.6 12686
