real_craters/C100-1000m.grd
DSAA
39 39
-18.83 18.83
-18.83 18.83
8074.5392033616 9274.1394084363
8880.11 8881.58 8880.53 8926.36 8920.13 8901.45 8893.77 8891.12 8890.33 8894.26 8921.25 8935 8946.08 8956.13 8968.14 8988.97 8975.44 8930.57 8910.59 8928.88 8946.21 8957.67 8967.88 8972.39 8977.84 8981.81 8982.82 8981.37 8971.01 8968.29 8972.44 8973.14 8978.73 8989.92 9002.92 9000.8 9013.4 9027.74 9037.21 
8887.35 8875.62 8877.24 8920.48 8921.22 8898.33 8892.87 8891.4 8892.23 8899.25 8928.31 8945.82 8958.52 8967.1 8972.05 8978.18 8970.05 8950.35 8937.98 8951.39 8961.8 8970.83 8979.86 8993.01 8991.54 8990.35 8988.86 8986.09 8976.29 8972.84 8980 8994.1 8994.13 8990.69 8999.53 9006.21 9018.75 9031.09 9037.69 
8873.01 8874.56 8879.96 8934.21 8915.89 8897.54 8896.52 8897.45 8898.83 8897.56 8917.87 8957.47 8970.28 8973.8 8966.96 8957.4 8967.44 8976.08 8986.99 8988.03 8990.74 8991.44 8997.52 9005.78 9002.33 9001.05 8997.84 8989.82 8975.74 8977.58 8985.65 8994.33 8995.75 8998.34 9000.28 9016.28 9027.97 9030.05 9031.65 
8878.41 8876.83 8886.89 8897.71 8908.82 8900.14 8901.48 8904.66 8908.71 8912.05 8905.39 8971.89 8981.16 8979.95 8975.22 8966.27 8978.22 8995.96 9017.79 9016.57 9014.64 9009.82 9008.65 9000.29 9001.55 9012.13 9013.46 8992.4 8974.51 8977.3 8989.29 8998.34 9008.26 9015.01 9036.7 9068.54 9051.84 9029.78 9023.74 
8881.21 8881.93 8884.47 8890.67 8898.41 8896.38 8906.6 8917.29 8924.28 8921.91 8934.88 8985.46 8993.31 8994.82 8994.67 8998.82 9004.39 9015.95 9016.68 9034.16 9037.39 9034.74 9030.37 9027.47 9029.31 9028.5 9031.02 9020.46 8964.26 8985.71 8998.23 9004.8 9007.02 9009.47 9031 9075.13 9057.3 9034.03 9032.48 
8885.26 8893.69 8892.25 8889.02 8888.82 8896.3 8913.36 8929.95 8943.69 8943.32 8927.93 8985.63 9005.61 9014.34 9016.15 9023.18 9039.78 9057.33 9070.44 9079.53 9074.76 9068.85 9058.62 9050.96 9046.08 9045.43 9043.45 9025.06 8994.68 9012.39 9012.66 9010.3 9007.92 9009.6 9024.28 9041.89 9038.67 9033.78 9033.68 
8879.16 8892.84 8900.8 8911.76 8909.38 8905.81 8930.24 8946.48 8958.8 8964.65 8970.9 8992.19 9024.06 9047.01 9046.97 9055.56 9079.54 9099.14 9111.51 9110.88 9103.19 9093.59 9078.86 9064.21 9050.56 9057.4 9051.97 9032.42 9011.75 9023.36 9018.34 9011.84 9008.37 9008.15 9017.6 9028.97 9032.31 9032.95 9035.9 
8872.75 8884.16 8902.5 8945.13 8951.44 8962.81 8956.61 8968.67 8972.85 8983.72 8989.79 9006.23 9048.85 9091.48 9110.24 9114.26 9127.03 9127.8 9123.11 9108.32 9120.51 9103.26 9088.72 9079.58 9069.58 9080.24 9066.42 9047.68 9029.65 9019.77 9016.75 9013.92 9010.98 9007.12 9015.32 9025.6 9032.36 9034.98 9036.95 
8874.67 8877.12 8887.5 8940.48 8968.86 8961.47 8973.66 8991.33 9015.62 9004.93 8994.74 9015.63 9082.49 9143.5 9212.99 9200.91 9152.31 9144.43 9159.37 9172.51 9129.42 9089.03 9078.46 9093.45 9120.5 9120.55 9094.66 9075.86 9060.21 9036 9023.7 9021.11 9015.32 9017.17 9018.91 9024.13 9031.56 9034.08 9038.79 
8884.96 8892.07 8897.18 8943.73 8971.92 8969.53 8981.1 9000.79 9008.93 8998.07 8997.41 9041.48 9089.96 9132.54 9164.57 9152.65 9104.12 9080.17 9099.62 9166.01 9037.89 9012.12 9020.2 9056.2 9132 9114.71 9104.88 9095.17 9082.34 9061.68 9041.07 9033.9 9023.76 9019.51 9021.34 9023.43 9028.36 9036.32 9044.08 
8898.48 8923 8958.22 8980.94 8976.17 8976.05 8991.1 9009.28 9020.01 9023.66 9031.41 9046.92 9079.3 9061.34 8973.6 8998.16 8974.28 8929.67 8887.6 8742.12 8838.66 8877.03 8909.99 8951.44 8976 9019.65 9077.46 9092.14 9093.53 9076.91 9055.08 9040.32 9026.15 9018.56 9023.59 9037.57 9044.01 9036.58 9037.81 
8890.31 8928.73 8957.14 8955.1 8966.54 8982.61 9006.03 9032.95 9049.8 9039.08 9078.85 9123.08 9093.15 9016.88 9002.59 8885.9 8820.45 8768.08 8724.22 8732.03 8706.97 8727.82 8776.89 8838.22 8912.96 8972 8976.42 9060.85 9110.97 9118.43 9074.82 9058.8 9035.06 9019.18 9024.77 9034.81 9073.57 9073.5 9034 
8872.31 8922.32 8957 8950.33 8970.19 8992.34 9021.7 9063.99 9077.33 9077.26 9110.17 9154.92 8891.44 8871.9 8830.63 8712.6 8637.26 8584.32 8535.32 8499.54 8504.13 8558.14 8633.59 8719.74 8819.12 8910.34 8974.71 9044.46 9123 9183.16 9065.35 9042.6 9041.58 9026.93 9032.62 9035.84 9068.02 9077.38 9037.88 
8894.61 8937.85 8946.23 8950.51 8984.07 9018.24 9062.65 9107.65 9120.97 9094.93 9060.76 8926.52 8962.59 8659.91 8497.26 8481.34 8445.39 8387.21 8339 8252.37 8280.01 8385.37 8488.73 8586.93 8670.14 8760.96 8904.62 9000.95 9104.43 9149.33 9074.45 9064.7 9047.08 9029.3 9044.85 9076.22 9060.32 9046.79 9046.02 
8933.95 8937.59 8936.31 8956.35 8992.19 9043.96 9102.79 9128.37 9137.77 9104.66 9038.25 8995.04 8675.57 8451.61 8305.56 8289.64 8275.18 8255.1 8215.68 8155.89 8182.65 8275.16 8381.23 8474.95 8553.68 8609.77 8744.67 8925.68 9085.43 9186.66 9118.53 9061.66 9036.36 9041.45 9044.6 9045.16 9055.63 9061.43 9057.27 
8941.35 8946.75 8955.43 8963.96 8986.27 9061.35 9111.39 9113.07 9127.52 9079.45 8967.54 8809.16 8523.16 8317.89 8205.55 8185.13 8198.07 8192.31 8170.88 8129.88 8146.03 8246.27 8345.39 8421.4 8484.47 8535.58 8651.44 8859.07 9058.72 9207.13 9119.42 9060.86 9052.83 9042.79 9049.13 9054.33 9059.9 9065.21 9077.27 
8956.79 8953.7 8965.32 8972.5 8994.39 9072.26 9156.68 9166.01 9135.37 9054.88 8894.37 8676.21 8433.17 8235.51 8139.95 8128.35 8142.69 8155.43 8160.41 8165.63 8195.55 8254.04 8330.36 8393.44 8450.38 8488.76 8608.67 8823.77 9032.7 9198.04 9166.05 9107.67 9095.6 9074.01 9082.26 9079.64 9053.53 9064.7 9077.96 
8964.66 8965.69 8976.92 8981.81 9006.65 9066.37 9133.02 9129.27 9186.17 9037.99 8833.67 8608.97 8379.79 8175.06 8100.4 8102.45 8130.63 8163.22 8194.48 8222.91 8247.39 8300.59 8347.12 8390.34 8440.9 8495.99 8621.61 8808.79 9002.28 9152.79 9138.56 9117.91 9111.26 9098.11 9102.01 9098.99 9063.66 9060.3 9051.42 
8968.03 8944.43 8964.25 8983.76 9010.02 9056.91 9090.69 9110.12 9073 8967.37 8778.51 8555.01 8315.79 8118.85 8074.54 8096.67 8142.72 8187.59 8241.41 8301.22 8354.27 8381.86 8389.73 8404.37 8427.65 8511.94 8623.58 8775.45 8964.35 9139.4 9206.28 9121.73 9127.02 9109.4 9098.13 9101.03 9097.73 9080.01 9058.03 
8948.06 8948.36 8956.24 8985.57 9023.54 9067.12 9108.27 9135.18 9072.07 8923.08 8734.8 8524.61 8313.39 8118.99 8084.01 8111.08 8153.26 8210.84 8279.74 8347.32 8410.01 8419.42 8417.71 8419.97 8402.84 8387.76 8541.53 8726.83 8920.9 9099.75 9164.61 9118.61 9129.51 9122.42 9116.89 9107.64 9108.64 9098.37 9066.16 
8931.72 8945.25 8954.01 8979.16 9013.69 9067.28 9133.72 9111.59 9033.07 8893.72 8705.5 8497.48 8280.01 8117.68 8106.92 8132.46 8179.21 8231.23 8284.02 8339.19 8392.58 8411.15 8418.42 8434.57 8448.43 8440.94 8487.51 8702.11 8904.16 9068.07 9147.18 9109.34 9118.18 9120.84 9115.82 9109.76 9096.65 9110.74 9108.35 
8927.87 8936.97 8951.53 8969.73 8995.67 9049.93 9138.57 9190.42 9046.4 8904.57 8718.02 8509.29 8290.34 8161.44 8153.71 8180.44 8213.94 8243.71 8277.96 8312.15 8325.44 8356.24 8376.16 8433.55 8538.17 8577.91 8524.34 8771.55 8938.8 9068.77 9145.19 9115.67 9113.22 9108.11 9101.49 9104.98 9101.62 9117.08 9125.74 
8926.8 8928.92 8946.6 8958.77 8983.77 9031.45 9092.95 9217.87 9103.78 8941.48 8756.59 8562.8 8402.92 8245.37 8231.59 8253.55 8280 8292.75 8292.18 8276.47 8233.43 8238.78 8332.67 8432.4 8497.7 8664.8 8950.67 8932.24 8993.93 9083.02 9132.35 9135.27 9112.68 9100.35 9092.18 9085.77 9084.29 9112.18 9123.58 
8921.61 8929.58 8941.1 8949.05 8961.41 8989.62 9092.53 9162.88 9143.27 8988.67 8834.13 8667.53 8475.94 8359.96 8338.74 8352.76 8358.72 8358.31 8335.38 8245.86 8178.34 8169.82 8335.66 8491.6 8588.24 8738.51 8877.26 8952.83 9014.39 9077.11 9101.82 9102.9 9092.11 9086.46 9080.95 9073.11 9069.41 9092.02 9116.69 
8899.59 8926.78 8928.67 8937.61 8951.97 8978.9 9009.18 9027.01 9056.1 9000.52 8905.3 8797.14 8650.84 8513.81 8493.41 8502.73 8490.06 8465.26 8416.08 8309.28 8251.08 8244.36 8411.99 8607.7 8868.74 8887.02 8830.01 8955.61 9038.23 9065.46 9067.4 9069.59 9073.26 9075.7 9067.59 9066.59 9070.01 9072.69 9110.48 
8885.06 8887.13 8911.72 8928.63 8942.24 8959.43 8970.44 8987.37 9015.66 8997.5 8967.04 8945.38 8994.12 8815.51 8718.58 8682.21 8648.29 8615.78 8573.01 8498.27 8440.08 8476.89 8557.85 8688.57 8821.23 8954.01 9062.71 9098.37 9086.69 9081.76 9076.69 9069.74 9064.41 9064.86 9062.47 9059.7 9059.55 9066.54 9101.21 
8889.83 8898.01 8908.66 8923.28 8936.82 8947.84 8972.84 8998.67 9002.76 9003.26 9003.92 9004.95 8955.66 8978.59 8957.66 8886.79 8819.08 8770.56 8716.19 8674.36 8646.84 8636.19 8718.05 8763.41 8803.7 8972.12 9117.69 9153.87 9120.26 9088.52 9077.96 9067.56 9058.23 9066.77 9062.76 9060.86 9048.15 9061.41 9100.47 
8891.88 8905.81 8908.96 8919.3 8930.73 8947.72 8963.77 8998.77 9000.26 9008.1 9034.94 9064.02 9082.68 9081.64 9096.39 9051.03 8982.95 8925.67 8834.27 8819.68 8821.04 8868.06 8898.91 8944.44 8945.93 9052.35 9128.15 9150.57 9117.4 9082.9 9071.61 9061.61 9062.87 9058.43 9055.65 9056.19 9050.34 9048.91 9091.7 
8892 8892.99 8904.73 8914.47 8924.58 8929.95 8936.76 8947.41 8974.54 8998.43 9031.57 9094.14 9198.28 9258.5 9274.14 9166.56 9097.01 9016.31 8972.6 8945.24 8961.01 8952.52 9055.72 9162.13 9233.27 9151.84 9129.71 9111.78 9097.2 9081.36 9064.01 9056.82 9051.51 9060.34 9045.9 9059.63 9074.93 9084.12 9119.07 
8888.52 8892.6 8901.29 8912.49 8919.66 8922.42 8934.96 8944.43 8955.31 8982.1 9008.83 9036.71 9086.05 9177.34 9215.5 9189.43 9135.49 9091.59 9065.06 9053.24 9083.3 9215.83 9266.36 9221.71 9213.32 9174.57 9131.87 9102.49 9076.6 9068.24 9055.52 9046.63 9049.58 9052.87 9058.3 9064.01 9084.79 9092.19 9057.24 
8885.16 8890.27 8899.37 8909.22 8920.09 8930.27 8933.11 8944.74 8955.78 8966.59 8981.75 9004.49 9045.42 9106.21 9160.88 9153.77 9131.76 9113.46 9099.01 9102.38 9119.42 9140.73 9141.89 9165.8 9166.14 9143.93 9119.14 9094.74 9060.96 9030.23 9018.12 9019.39 9034.05 9050.89 9066.02 9088.03 9067.98 9038.02 9028.56 
8878.84 8885.85 8896.38 8909.6 8922.18 8939.29 8935.9 8939.15 8929.51 8950.23 8968.17 8986.97 9017.79 9055.22 9078.03 9107.49 9115.25 9114.46 9115.36 9112.85 9105.34 9093.65 9086.99 9112.29 9118.99 9117.96 9101.58 9071.56 9064.71 9046.08 9014.45 9010.27 9013.22 9022.96 9042.77 9059.04 9073.38 9045.7 9015.55 
8877.58 8885.28 8893.6 8906.21 8920.16 8919.23 8934.12 8939.1 8952.17 8953.69 8962.65 8972.32 8999.21 9031.88 9055.23 9075.08 9086.82 9091.14 9095.92 9100 9099.16 9093.15 9098.25 9102 9105.29 9100.38 9087.08 9070.66 9066.05 9047.28 9012.3 9015.78 9021.33 9022.12 9018.89 9040.88 9057.72 9053.52 9025.55 
8886.33 8881.48 8882.22 8900.16 8920.87 8930.47 8922.59 8933.05 8944.57 8956.27 8963.96 8973.58 8989.2 9007.45 9032.32 9055.38 9062.86 9074.07 9076.87 9075.49 9074.73 9075.2 9073.97 9093.59 9097.08 9093.92 9085.98 9078.03 9087.22 9070.35 9043.74 9039.06 9035.59 9019.3 9023.34 9030.63 9047.11 9061.85 9058.91 
8915.57 8862.58 8873.21 8896.66 8919.33 8935.94 8902.37 8930.82 8950.88 8962.42 8966.49 8973.34 8985.58 8998.88 9019.21 9035.7 9044.59 9050.74 9055.12 9060.49 9066.94 9072.89 9083.27 9092.45 9095.56 9093.05 9091.82 9096.92 9107.36 9079.67 9052.95 9057.7 9052.82 9023.39 9028.93 9026.42 9029.75 9047.4 9061.99 
8899.31 8875.02 8877.42 8897.25 8907.67 8908.01 8928.38 8939.26 8950.22 8958.92 8966.5 8977.8 8985.95 8996.61 9005.19 9015.69 9030.21 9039.54 9046.37 9053.5 9060.59 9067.79 9080.94 9094.43 9092.01 9091.36 9092.28 9095.28 9116.98 9064.13 9035.97 9048.45 9044.24 9023.26 9024.1 9020.51 9020.83 9025.04 9054.02 
8895.37 8880.21 8887.08 8907.14 8933.5 8932.48 8926.25 8937.93 8941.55 8946.67 8959.24 8974.63 8986.19 8998.26 9012.75 9020.18 9025.18 9033.96 9041.54 9048.15 9053.38 9058.7 9060.13 9068.31 9072.41 9074.13 9079.61 9089.56 9086.06 9052.56 9032.22 9037.26 9038.61 9021.27 9017.72 9012.33 9012.33 9023.88 9042.42 
8902.98 8884.81 8894.95 8911.51 8930.03 8936.14 8932.22 8939.58 8941.73 8942.04 8954.11 8967.29 8985.62 8999.21 9010.9 9009.09 9017.91 9025.32 9031.66 9037.55 9045.3 9051.13 9054.84 9053.59 9058.32 9063.17 9064.99 9067.6 9069.73 9046.78 9038.72 9038.09 9040.2 9038.31 9009.61 9009.38 9019.33 9022.67 9035.65 
8894.87 8889.36 8893.79 8908.88 8922.57 8925.22 8936.14 8949.7 8954.43 8952.5 8962.71 8973.98 8986.3 8997.32 9001.3 9013 9023.04 9027.05 9029.77 9027.07 9030.44 9034.38 9041.94 9038.6 9053 9050.87 9042.39 9029.72 9014.58 9037.28 9036.77 9034.17 9033.09 9024.39 9014.43 9017.08 9020.19 9018.72 9024.09 
