real_craters/C100-300m.grd
DSAA
221 221
-32.9525 32.9525
-32.9525 32.9525
11614.412236655 12919.836298778
[rows 30 to 59 of 221, columns 134 to 200 of 221]
12623.2 12622.2 12621.9 12622.6 12624.8 12626.1 12626.6 12626.5 12624.4 12623.5 12623.5 12623.3 12624.9 12625.8 12616.1 12614.2 12618.3 12625 12633.7 12644.4 12650.4 12644.8 12640 12637 12635.4 12634.8 12631.3 12623 12614.9 12607.1 12600 12594.9 12589.5 12584.9 12580.4 12575.8 12571.4 12566.8 12564.5 12568.9 12569.9 12566.5 12560.7 12553.7 12546.1 12539.6 12536.2 12535.5 12535.6 12536.4 12537.3 12538.7 12540.7 12541.9 12543.1 12544.2 12545.5 12546.9 12548.7 12550.9 12551.7 12552 12548.9 12548.4 12543.3 12536.2 12530.6
12626.1 12625.7 12625.3 12624.4 12624 12624.9 12625.1 12624.4 12623.3 12622.5 12622.4 12621.7 12622 12619.9 12613.4 12613.6 12618.8 12626.4 12636.1 12648.1 12654.9 12647 12641.1 12637 12633.9 12630.6 12625.8 12619.8 12613 12606.3 12599.6 12593.3 12587.3 12582.5 12578.1 12574.1 12568.4 12562.3 12559.5 12561 12561.4 12559 12554.4 12548.4 12541.9 12536 12533.6 12533.1 12533.3 12534.2 12535.4 12536.4 12537.4 12538.9 12541.1 12542.3 12543.7 12545.2 12546.8 12549.7 12552.1 12556.1 12563.6 12560.2 12544.2 12531.8 12525.1
12627.8 12628.3 12627.3 12624.9 12622.3 12621.9 12622.1 12621.2 12620.3 12619.7 12619.6 12618.7 12618 12616.7 12612.5 12612.4 12617.3 12624.2 12632 12639.1 12641.3 12640.3 12637.2 12633.5 12629.8 12625.4 12620.2 12615 12609.5 12603.8 12596.1 12588.8 12584.5 12580.3 12576.1 12571.7 12567 12559.2 12556.4 12557.3 12556.7 12554.1 12549.8 12544.3 12538.6 12533.4 12531.4 12530.9 12531.4 12532 12533.1 12534.6 12535.8 12538.4 12539.3 12540.6 12541.8 12543.8 12545.7 12547.4 12549.8 12553.2 12556.9 12552.7 12538.9 12527.5 12521.2
12627.1 12626.2 12625.9 12625.5 12623.4 12622.5 12620.3 12616.7 12616.3 12616 12615.6 12615.2 12613.7 12611.7 12609.4 12610.1 12614.3 12619.7 12625.3 12628.8 12629 12631.4 12630.8 12628.3 12624.8 12620.2 12614.6 12610 12604.9 12599 12591.3 12585.3 12582.1 12578.8 12575 12570.4 12565.4 12558.3 12556.3 12556.7 12555.3 12551.8 12547.1 12542.1 12536.6 12531.9 12530.1 12529.6 12530.1 12530.8 12531.7 12534.1 12535.3 12537.2 12538.3 12539.3 12540.4 12541.1 12542.3 12543.3 12544.4 12545.1 12543.8 12538.7 12528.8 12519.6 12516.7
12624.3 12622.2 12622.8 12627.5 12630.7 12626.2 12620 12614.8 12612.7 12611.8 12611.1 12610.5 12609.1 12607.6 12606.5 12607.2 12610.1 12614.5 12618.8 12622 12624.3 12625.2 12624.7 12622.8 12619.7 12615.6 12610.6 12606 12600.7 12593.9 12587.9 12583.8 12581 12578.2 12575 12570.6 12564.6 12560.4 12562.9 12560.2 12555.8 12551 12546.1 12540.9 12535.4 12531.2 12529.5 12529.2 12529.6 12530.4 12531.5 12533.2 12534.2 12535.7 12536.7 12537.6 12538.1 12538.9 12539.1 12539.1 12538.2 12536.1 12530.8 12522.2 12519.9 12515.3 12514.6
12619.9 12616.8 12617.5 12625.9 12634.6 12627.1 12618.3 12611.9 12609 12607.6 12606.8 12606.2 12605.1 12604.1 12602.9 12602.5 12605.3 12609.1 12613 12616.4 12619 12619.8 12619 12617.3 12614.6 12611.4 12607.4 12603 12597.9 12592.8 12587.7 12584 12580.9 12578 12575.6 12573.6 12569.7 12566.2 12566.5 12562.7 12557.1 12551.4 12545.6 12540.2 12534.4 12529.7 12528.8 12528.5 12528.6 12529.6 12530.4 12531.6 12532.4 12534.1 12534.9 12535.6 12536.1 12536.5 12536.1 12535.3 12533.3 12530.1 12524.7 12518.2 12517 12517.6 12515
12614.7 12610.3 12609.1 12615.7 12622 12618.4 12612.5 12607.9 12604.6 12602.8 12602.1 12601.7 12601 12601 12600.6 12598.3 12600.5 12603.9 12607.4 12610.7 12613.4 12614.2 12613.5 12611.9 12609.6 12606.8 12603.9 12599.8 12594.9 12591.6 12590.5 12584.8 12580.6 12577.6 12575.4 12574.9 12573.3 12567.3 12566.2 12563.3 12558.1 12551.9 12545.7 12540.2 12535.5 12531.5 12528.7 12528 12527.9 12528.4 12529.2 12530.5 12531.4 12532.7 12533.4 12533.9 12534.2 12534.6 12533.9 12532.7 12530.5 12527.4 12523.3 12518.8 12516.9 12516 12515.5
12609.9 12604.1 12599.8 12602.4 12605.6 12606.1 12603.8 12600.4 12598 12597.2 12596.7 12596.6 12596.4 12596.8 12596.7 12594.5 12596 12598.7 12601.8 12604.9 12607.3 12608.3 12607.8 12606.4 12604.3 12601.8 12598.7 12594.8 12590 12586.5 12586 12582.8 12579 12575.9 12573.4 12571.6 12568.6 12568.1 12568 12564.9 12559.2 12552.4 12545.5 12539.6 12534.8 12531 12528.7 12528.3 12528.5 12529.4 12530.6 12531.7 12532.8 12533 12534.1 12534.7 12535.3 12535 12534.3 12532.5 12530.4 12527.4 12524.4 12521.5 12518.8 12516.9 12516.6
12605.6 12599.2 12594.3 12592.8 12593.6 12595.4 12595 12593.2 12591.8 12591.4 12591.3 12591.3 12591.1 12591.2 12590.9 12590.8 12591.2 12593.4 12596.4 12599.3 12601.6 12602.7 12602.7 12601.3 12599.2 12596.4 12592.9 12588.9 12585.2 12582.5 12581.4 12579 12576.1 12573.5 12571.2 12569 12569.5 12573.8 12573.4 12567.8 12560.5 12552.5 12544.7 12537.9 12532.3 12528.9 12527.6 12528.1 12528.7 12529.9 12531.2 12531.9 12533.3 12533.7 12534.7 12535.3 12535.1 12534.9 12534 12532.8 12530.9 12528.3 12526 12523.2 12522.2 12520.8 12518.1
12601.7 12595.3 12589.6 12587.3 12587.4 12588.1 12588 12587.1 12586.1 12586 12586.1 12586.1 12585.6 12585.5 12585.7 12584.5 12585.1 12587.7 12590.9 12594.1 12597.1 12599.4 12598 12596.3 12594 12591.3 12587.7 12583.9 12580.7 12578.6 12577.2 12575.1 12573 12571 12569.6 12568.9 12573.7 12581.4 12579.6 12570 12560.8 12552.2 12543.7 12535.9 12528.4 12526.6 12526.8 12527.6 12528.4 12529 12530.4 12532.2 12533.4 12534.5 12535.4 12536 12535.7 12535.3 12535.7 12534.4 12532.3 12530 12528 12525.3 12523.9 12522.1 12519.7
12598.3 12592.3 12586.8 12583.7 12583 12583 12582.7 12582.2 12581.8 12581.2 12581.2 12581.2 12580.6 12579.5 12577.5 12576.1 12578.6 12582.2 12585.5 12588.8 12591.4 12592.2 12592.7 12591.4 12589.3 12586.6 12583.3 12579.7 12576.5 12574.1 12572.5 12571 12569.4 12568 12567.6 12569.5 12570.9 12578.8 12577.4 12568.3 12559.5 12550.9 12542.7 12534.9 12528.1 12526.6 12527 12527.8 12528.9 12529.9 12531.2 12532.3 12534.5 12535.2 12536.1 12536.7 12536.8 12537.1 12536.7 12535.8 12533.9 12531.8 12529.8 12527 12523.4 12521.9 12521
12595.5 12590.5 12585.5 12581.5 12579.7 12579.3 12578.6 12577.8 12577.1 12576.7 12577 12577.1 12576.8 12575.6 12573.1 12572.8 12575.2 12577.7 12580.7 12583.8 12586.4 12588.4 12588.2 12586.8 12584.8 12582.4 12579.8 12577.1 12574.4 12571.5 12569 12567.1 12565.4 12564 12563.2 12562.5 12560.8 12565 12566.9 12562.5 12556 12549 12541.8 12535.5 12531.2 12528.3 12528 12528.9 12529.9 12530.9 12532.1 12533.3 12534.1 12535.1 12536 12536.3 12536.8 12538.6 12538.4 12537.8 12536.5 12534.7 12532.2 12528.8 12525.4 12523.6 12522.8
12593.9 12589.7 12585.5 12581.7 12578.7 12577 12575.5 12574.2 12573 12572.7 12573.3 12573.6 12573.9 12574.2 12576 12577 12573.9 12573.7 12576.1 12579.1 12581.9 12584.1 12583.8 12582.3 12580.5 12578.6 12576.8 12575.6 12573.3 12568.4 12565.6 12563.8 12562 12560.2 12558.4 12555.8 12553.6 12554.2 12557.4 12556.3 12552.5 12547.1 12540.9 12535.2 12530.8 12529.9 12529.7 12530.4 12531.2 12532 12532.7 12533.8 12534.7 12535.6 12536.5 12537.4 12537.1 12539.7 12540 12539.9 12539.5 12538.2 12535.8 12532.2 12529.9 12526 12524.8
12593 12589.4 12585.7 12582.6 12578.9 12575.9 12573.6 12571.7 12570 12569.6 12570.3 12570.8 12571.3 12571.9 12573 12571.8 12567.1 12568.8 12571.9 12574.6 12577 12579 12578.7 12577.2 12575.9 12574.4 12573 12571.6 12569.1 12565.9 12562.9 12560.9 12559 12557.2 12555.1 12553.8 12551.8 12551.6 12553.2 12552.5 12549.9 12545.9 12540.9 12536.2 12532.9 12531.8 12531.6 12532.2 12532.6 12533.4 12533.9 12534.8 12536.7 12537.5 12538.5 12539.1 12540.1 12541.8 12542.5 12543.1 12543.6 12543.6 12541.6 12536.5 12528.4 12527.7 12527.1
12593.3 12589.9 12586.1 12582.9 12579.1 12575.8 12572.8 12570.6 12568.7 12567.9 12568.3 12568.7 12569 12569.1 12568.6 12566 12561.5 12565.9 12568.7 12570.6 12571.9 12572.4 12572.2 12572 12571.3 12570.2 12568.9 12566.5 12563.4 12561.3 12560.4 12558.8 12557 12554.8 12552.3 12551.6 12552.3 12553.2 12552.2 12550.9 12548.9 12545.8 12542.1 12538.5 12535.9 12534.8 12534.4 12535.1 12535.4 12536 12538 12536.7 12538.9 12539.6 12540.7 12541.5 12542.5 12544.2 12545.4 12546.6 12548.1 12549.8 12550.7 12547.9 12536.5 12533.3 12531.1
12595 12591.3 12587.2 12583 12579.4 12575.9 12573.1 12570.7 12569.1 12568 12567 12566.9 12567.1 12566.9 12566 12564.4 12567.1 12566.9 12567 12567.3 12567.5 12566.9 12566.7 12567.2 12566.8 12566.3 12565.5 12564.1 12562 12561.1 12559 12557.4 12555.6 12553.7 12551.7 12551 12552.6 12552.9 12551.4 12550.2 12548.5 12546.3 12544.1 12542.4 12540.1 12538.5 12538.7 12538.6 12538.9 12540.1 12540.6 12541.3 12541.8 12542.5 12543.2 12544.3 12545.1 12546.3 12547.2 12548.9 12551.1 12554.5 12559.5 12567.9 12561.8 12541.4 12535.6
12598.8 12593.8 12588.7 12585 12580.7 12577.4 12574.6 12571.8 12569.3 12567.5 12566.2 12566.4 12566.8 12566.6 12565.8 12565.3 12568.1 12566.9 12565.4 12564.6 12564.1 12563.9 12564.1 12563.2 12562.9 12562.7 12562.4 12562.6 12562.6 12559.7 12558.1 12556.6 12555.1 12553.5 12552.5 12551 12552.8 12552.2 12551.2 12550.4 12548.9 12547.1 12545.4 12543.5 12542.2 12541.9 12541.8 12541.9 12542.2 12542.3 12542.9 12543.4 12544.2 12544.8 12545.5 12546.4 12547.3 12548.2 12549.3 12550.5 12552.6 12555.7 12560 12566.5 12558.4 12543 12539.1
12605.7 12598.5 12589.6 12584.7 12582.8 12580.6 12578.1 12574.4 12569.7 12566.1 12566.4 12567.9 12568.6 12568.2 12567.2 12566.2 12565.9 12564.8 12563.3 12562.1 12561.1 12560.1 12559.1 12559.3 12559.6 12559.6 12559.4 12558.9 12557.7 12557.9 12557.2 12556.3 12555.1 12553.8 12551.5 12550.3 12553.5 12553.9 12553 12551.7 12550.3 12548.9 12547.2 12544.9 12544.4 12544.5 12544.5 12544.5 12544.8 12545.1 12545.6 12546 12546.1 12546.7 12547.2 12548.1 12548.8 12549.4 12550.3 12551.3 12552.4 12553.6 12553.8 12550.7 12548 12544.7 12542.4
12616.8 12608 12596 12587.5 12586.1 12587.5 12585.5 12580.7 12573.8 12567.2 12570 12572.4 12572.9 12571.8 12569.6 12567.1 12564.6 12562.2 12561 12559.9 12558.9 12557.2 12555.6 12556.6 12557.2 12557.2 12556.7 12555.7 12556 12556.3 12556.8 12556.6 12556 12555.2 12554.8 12555 12555.6 12555.9 12554.9 12553.4 12552 12550.9 12549.9 12548.3 12547.8 12547.4 12547 12547 12547 12547.1 12547.4 12548 12548.4 12548.7 12549.2 12549.7 12550.2 12550.7 12551.1 12551.6 12551.6 12551.1 12549.1 12545 12545.6 12547.1 12546.3
12631.6 12623.9 12613.8 12605.5 12600.9 12601.9 12597.7 12592 12585.1 12577.4 12580.5 12581.7 12580 12576.9 12572.9 12568.5 12563.7 12560.1 12559.1 12558.3 12557.6 12556.8 12556.3 12556.3 12556.1 12555.8 12555.4 12555.1 12555.7 12556.3 12557.1 12557.3 12557.2 12556.8 12556.8 12557.2 12557 12556.9 12556.1 12554.6 12553.6 12553 12553.1 12552.9 12551.1 12550.1 12549.5 12549.5 12549.5 12549.6 12549.5 12549.8 12550.1 12550.4 12550.7 12551 12551.3 12551.5 12551.6 12551.7 12551.3 12550.3 12548.6 12546.7 12549.1 12552 12551.2
12647.4 12644 12640.2 12636.2 12635.5 12620.4 12611.7 12606.5 12603.2 12602.7 12599.9 12595.1 12589.5 12583.6 12577.2 12570.6 12564.5 12559.9 12558.4 12557.8 12557.4 12557.4 12558.1 12557.1 12555.8 12555 12554.6 12554.9 12555.7 12557.4 12558.1 12558.4 12558.6 12558.5 12558.6 12558.5 12558.1 12557.1 12556.1 12555.2 12554.5 12554.1 12554.7 12555.2 12553.2 12552.4 12552 12551.7 12551.6 12551.6 12551.8 12552 12552.1 12552.2 12552.4 12552.5 12552.9 12553.1 12552.9 12552.4 12551.9 12550.9 12550.2 12551.5 12553.8 12558.6 12555.7
12660.7 12661.3 12662.3 12653 12643.2 12629.6 12622.4 12619.6 12620 12622.5 12617.9 12609 12600 12591.2 12582.3 12573.8 12566.2 12560.2 12558.5 12557.9 12557.7 12557.5 12556.8 12556 12555.4 12554.5 12553.9 12553.9 12555.3 12558.3 12558.8 12559.4 12559.9 12560.3 12560.8 12559.6 12558.4 12557.5 12556.5 12555.7 12555.2 12554.4 12553.5 12553.2 12553.8 12553.8 12553.9 12553.8 12553.7 12553.6 12553.6 12553.7 12553.7 12554.1 12554.2 12554.4 12554.3 12554.2 12553.8 12553.3 12552.6 12551.9 12551.2 12551.6 12555.5 12557.9 12557.8
12668.5 12670.8 12671.7 12655.6 12636 12629.7 12628.2 12628.9 12631.4 12633.4 12629.6 12620.1 12608.9 12597.4 12587.1 12577.5 12569.1 12561.2 12559.5 12558.7 12558.4 12558 12556.9 12556.2 12555.7 12554.3 12553.2 12553 12554.1 12557.2 12559.1 12560.2 12560.9 12561.2 12561 12560.6 12559.6 12558.3 12556.7 12556.7 12556.3 12555.4 12554.1 12553.8 12554.8 12555.5 12555.7 12555.7 12555.8 12556 12556.3 12556.3 12556.3 12556.5 12556.4 12556.3 12556.1 12556 12555.7 12555 12554.2 12553.3 12552.8 12554.1 12557 12559.5 12560
12671.1 12673.1 12669.2 12654.6 12635.5 12630.3 12631.8 12634.6 12638.5 12642.7 12640.5 12627.9 12615.2 12602.5 12591.1 12580.7 12572 12565.2 12560.7 12560 12559.6 12559.4 12560 12559.9 12556.6 12554.4 12552.9 12552.6 12554.5 12557.7 12559.3 12560.8 12562.1 12562.6 12561.9 12562 12561.5 12560.4 12559.6 12558.8 12558.3 12557.5 12556.6 12556.4 12556.9 12557.6 12557.8 12557.9 12557.9 12557.8 12557.9 12558 12559.3 12559.2 12559.5 12559.3 12559.1 12558.8 12558.1 12557.3 12556.5 12555.4 12554.4 12555.4 12559.2 12562.6 12562.9
12670.2 12673.2 12669.9 12655.7 12640.7 12634.4 12635.1 12637.9 12641.5 12644.4 12641.3 12630.8 12618.6 12605.8 12594.1 12583.3 12573.8 12565.1 12562.4 12561.9 12561 12560.3 12560 12558.7 12556.5 12554.6 12553 12553.3 12555.7 12557.5 12559.2 12561.4 12563.4 12564.6 12563.7 12563.7 12563.5 12562.7 12561.9 12561.4 12561 12560.6 12560.2 12560 12560 12560.3 12560.3 12560.3 12560.3 12560.1 12559.9 12560 12559.8 12559.6 12559.6 12559.4 12559 12558.7 12558.4 12558.1 12557.8 12557.6 12557.9 12559 12561.6 12564 12564.3
12666.7 12670.6 12668.3 12656 12644.9 12638.5 12637.3 12639 12641.3 12641.9 12638.1 12630.8 12619.7 12607.3 12595.7 12585 12576.8 12569.9 12566.4 12564.5 12562.6 12560.8 12558.7 12556.2 12556.2 12555.6 12554.7 12554 12554.8 12555.4 12558.9 12562.2 12564.9 12565.8 12565.3 12565.3 12565.4 12565.2 12564.8 12564.4 12564.1 12564.1 12564.8 12563.9 12563.3 12563.1 12562.8 12562.5 12562.3 12561.9 12561.5 12561.4 12561.2 12561 12560.8 12560.5 12560.3 12560 12559.9 12559.9 12559.9 12560 12561.4 12562.2 12563.2 12564.9 12565.2
12661 12663.6 12660.9 12652.6 12643.9 12638.1 12636.9 12638.2 12640 12641 12639.8 12631 12619.1 12607.3 12596.1 12585.6 12575.9 12572.2 12570.7 12566.8 12563.8 12561.6 12559.7 12558.4 12557.8 12557.7 12558.1 12557.3 12556.5 12557.4 12560.2 12563.8 12567.1 12568 12568 12568.2 12568.4 12568.4 12567.9 12567.4 12567.1 12567 12566.7 12566.9 12566.5 12566 12565.5 12564.9 12564.5 12564.2 12563.6 12562.9 12562.2 12561.8 12561.3 12561.1 12561 12561 12561.1 12561.4 12561.9 12561.7 12560 12562.3 12563.8 12564.2 12563.2
12654.7 12655.5 12653 12647.5 12640 12633.5 12635 12636.1 12637.2 12638.1 12637.6 12628.5 12616.9 12606.1 12595.8 12586.2 12578.2 12574.5 12572.3 12567.7 12564.6 12562.6 12561.3 12560.7 12559.9 12559.8 12560.6 12562.2 12561.1 12560.1 12562 12565.9 12570.1 12571.7 12572.3 12572.8 12573.2 12572.6 12571.2 12570.2 12570.3 12570.4 12570 12570.3 12569.9 12569 12568.4 12567.6 12566.8 12566.1 12565.3 12564.6 12563.9 12563.4 12563 12562.7 12562.5 12562.6 12563 12563.5 12564.3 12565.1 12565.6 12564.9 12564.7 12564.1 12563.9
12649.5 12648.8 12646.9 12643.7 12639.3 12635.8 12634.5 12633.5 12632.7 12631.6 12629.1 12621.7 12612.7 12603.9 12595.1 12586.7 12579.6 12574.6 12569.4 12567.1 12565 12563.7 12562.9 12562.2 12561.7 12561.5 12562 12565 12564.1 12562 12563.9 12568.3 12572.7 12575.1 12578.8 12580.2 12580.1 12578 12574.9 12572.9 12574 12575.5 12575.9 12574.6 12573.4 12572.2 12571.2 12570 12569 12568.1 12567.1 12566.3 12565.6 12564.9 12564.5 12564.3 12564.1 12564.2 12564.6 12565.2 12566.2 12567.9 12570.3 12567.5 12565.5 12563.7 12561.5
12646.4 12642.2 12642.3 12641.4 12639.4 12638 12633.7 12630.2 12627.1 12623.4 12618.1 12612.5 12607.4 12601.6 12594.7 12587.2 12578.9 12571 12569.3 12566.2 12564.9 12564.8 12565 12564.5 12564.6 12564.4 12563.3 12564.9 12565.3 12565 12566.9 12571.1 12575.6 12579.2 12586.8 12592.6 12588.8 12584.1 12580.1 12577.4 12578.3 12579.9 12580.3 12578.1 12576.4 12574.9 12573.5 12572.3 12571.1 12570 12568.8 12567.9 12567.2 12566.7 12566.1 12565.7 12565.7 12565.6 12565.8 12566.2 12566.9 12567.6 12567.8 12567.1 12565.6 12563.5 12561.4
