real_craters/C100-500m.grd
DSAA
133 133
-32.9525 32.9525
-32.9525 32.9525
11631.734878207 12917.661728711
[rows 90 to 119 of 133, columns 0 to 66 of 133]
12819 12823.8 12826.5 12826.9 12825.1 12817.2 12810.9 12803.8 12798.8 12795.2 12794 12794.9 12797.2 12797.9 12791.2 12783.5 12775.7 12773.6 12774 12773.4 12773 12772.9 12774.2 12779.2 12784.3 12792.5 12802.3 12813.4 12815.4 12812.1 12808.3 12805.9 12804.6 12804.9 12806.1 12811.7 12827.5 12846.5 12868.4 12881.5 12872.2 12858.9 12847.9 12839.3 12832 12825.5 12818.7 12810.9 12801.9 12794.4 12785 12780.3 12777.8 12773.4 12767.4 12765.7 12772.8 12779.1 12782.5 12786.1 12790.2 12793.5 12796.4 12799.2 12799.2 12799.7 12799.7
12818.7 12824 12829.1 12832 12829.3 12822.2 12814.3 12807.6 12804.1 12801.4 12799.8 12799.7 12793.8 12792.9 12791 12786.8 12779.9 12778.9 12778.5 12778.1 12778.1 12778.6 12780.1 12782.5 12790 12800.7 12815.1 12831.7 12828.2 12818.4 12811 12806.6 12803.5 12802.2 12802.1 12804.2 12811.4 12829 12857.6 12877.6 12870.2 12858.1 12848.7 12841 12834.9 12830.2 12825.3 12819 12809.4 12796.3 12787.1 12783.8 12780 12774.9 12769.3 12768 12773.3 12780.3 12788.1 12790.4 12791.4 12793.2 12795.6 12798.5 12799.9 12797.6 12794.6
12818.1 12824.9 12831.6 12837.7 12838.2 12827.9 12819.8 12814.5 12809.2 12804.5 12800.6 12797.8 12791.7 12792.4 12792.2 12791.5 12788 12784.3 12783.3 12782.8 12782.8 12783.3 12784.2 12785.1 12792.6 12802.8 12814.8 12827.5 12825 12816.5 12809.9 12805.2 12801.6 12798.8 12795.7 12794.6 12792.3 12800.8 12827 12854.5 12852.7 12848.3 12843.4 12838.5 12834.6 12831.1 12829.3 12829.2 12818.2 12807.5 12799.6 12792.8 12787.2 12781.1 12776.2 12774.3 12777.2 12783 12786.8 12790.2 12791.9 12793.3 12794.7 12795 12795.3 12792.7 12789.9
12820.1 12826.7 12832.9 12838.3 12840.9 12834.3 12828 12821.5 12813.9 12807 12802.4 12800.5 12797.4 12795.1 12794.1 12792.9 12790.8 12789 12787.7 12787.2 12787.1 12787.5 12788.3 12789.5 12794.4 12801.6 12807.7 12809.8 12809.2 12808.4 12805.5 12802.4 12799.4 12796 12793.2 12790.3 12787.5 12788.8 12793.7 12811.2 12827.6 12833 12834.2 12832.3 12830.4 12829.3 12827.9 12824.7 12821.8 12816 12810.2 12805.7 12796.5 12789.5 12784 12779.6 12781.4 12785.6 12793.2 12791 12790.9 12791.2 12791.3 12791.1 12792 12790.7 12787.2
12824.6 12828.9 12833.7 12837.2 12841 12835.6 12836 12826.3 12817.3 12810.4 12806.2 12803.6 12800.9 12798.5 12796.4 12794.1 12792.8 12792.7 12792 12791.7 12791.7 12792 12792.7 12794.2 12798.2 12800.5 12801.2 12799.3 12798.4 12800.6 12800.4 12799.3 12797.6 12796.3 12793.3 12790.3 12789.2 12791.7 12790.5 12797.1 12812.2 12821.3 12825.2 12827.2 12826.9 12826.4 12826.8 12826.7 12824.4 12819.5 12812.6 12810.9 12804.4 12798.1 12792.6 12788 12786 12785.1 12784.6 12787 12788.1 12788.3 12789.4 12789.5 12789.3 12789.7 12788.1
12828.4 12832.2 12836 12838 12842 12842.2 12834.3 12826.1 12819.2 12813.1 12808.6 12807.2 12803.9 12802 12799.9 12798.1 12797.1 12796.4 12795.8 12795.7 12795.9 12796.4 12797.2 12798.3 12800.6 12801 12799 12795.5 12793.8 12796.4 12798.7 12799.8 12798 12796.7 12793 12790.5 12787.9 12787.6 12788.3 12795.6 12805.3 12812.9 12817.6 12820.1 12821.1 12821.7 12821.8 12825.2 12827.7 12829.5 12828.7 12818.4 12812.2 12806.9 12802.4 12797.6 12794.7 12788.6 12782.2 12785.2 12787.4 12787.6 12788.4 12787.4 12788 12789.1 12790.2
12832 12836.4 12841 12846.1 12848.1 12844.9 12830 12824.6 12820.5 12815.9 12811.7 12811.6 12808 12804.9 12802.8 12801.8 12800.4 12799.4 12799 12799.2 12799.7 12800.6 12801.7 12803.1 12805.6 12804.7 12801.3 12797.2 12793.9 12797.1 12799.7 12800.2 12798.6 12796.9 12794 12791.3 12787.3 12784.2 12791.4 12798.4 12801.6 12806.8 12809.7 12814.1 12815.4 12816.4 12815.4 12816.8 12828.5 12837.2 12843.7 12831 12818.9 12813.7 12812.6 12812.1 12809.9 12800.8 12792.7 12789.3 12788.9 12787.5 12787.2 12787.6 12788.2 12790.3 12793.1
12834.2 12840.9 12847.1 12853 12851.5 12838.1 12830.9 12826.3 12822.8 12819.5 12816.9 12814.1 12810.7 12807.1 12803.9 12801.8 12800.5 12801.4 12801.8 12802.4 12803.3 12804.6 12806.5 12809.7 12812.1 12810.4 12806.6 12803.2 12799.7 12802.4 12803.5 12803 12801.5 12799.3 12796.8 12793.7 12790.2 12788.3 12795.7 12803 12803.5 12804 12805.7 12807.1 12810 12813.5 12819.2 12824.1 12830.2 12837.4 12840.2 12827.3 12817.5 12815.5 12818.3 12827.3 12827.8 12815.4 12803.9 12793.8 12788.4 12785.2 12783.8 12783.6 12784.6 12787.4 12792.3
12837.8 12845.8 12853 12858.3 12850.6 12839.7 12832.9 12829.4 12825.8 12823.7 12822 12817.2 12813.1 12809.1 12805.2 12802.6 12802.5 12803.6 12804.4 12805.3 12806.4 12807.9 12810.3 12814.3 12819.5 12814.7 12812.4 12812 12813 12812.1 12810.2 12808.2 12805.8 12802.9 12800.1 12796.7 12794.7 12796.3 12802.6 12805.9 12804.3 12803.6 12803.3 12803.9 12804.9 12807.9 12817.5 12823.3 12827.6 12834.9 12836.8 12826.7 12815.2 12812 12812.4 12819.3 12820.5 12810.9 12802.1 12791.1 12784.4 12780.3 12777.6 12776.7 12777.5 12779.9 12784.7
12841.6 12850.4 12856.7 12855 12847.8 12840.1 12834.3 12829.9 12827.9 12826.6 12826.1 12821.7 12815.8 12811.4 12807.7 12805.3 12804.8 12806.1 12807.1 12808 12809.1 12810.4 12812.1 12814.2 12814.4 12815.6 12816.8 12818.6 12822.1 12820.6 12817.7 12814.6 12810.9 12807 12803.4 12800.4 12798.7 12798 12798.9 12802.7 12803.7 12803 12801.7 12800.2 12799.6 12798 12793.4 12805.6 12819.2 12829.6 12838.3 12829.6 12813.1 12804.9 12796.2 12785.1 12774.9 12780.1 12783.9 12781.2 12777 12773.5 12771.1 12769 12768.2 12769.2 12772.4
12845.7 12855.5 12860.7 12854.6 12848.6 12841.1 12836.7 12832.3 12829.6 12828 12825.9 12821.2 12817.3 12813.5 12810.2 12806.9 12807.9 12808.9 12809.9 12810.8 12811.8 12812.7 12813.5 12813.9 12813.3 12816.6 12820.3 12823.9 12826 12827.2 12825.3 12821 12817 12812.7 12809.4 12805.6 12803.1 12801.4 12801.7 12803.6 12803.7 12802.3 12799.9 12797.7 12795.9 12794.2 12796.4 12800.9 12810.9 12820.6 12826.9 12823.6 12812.4 12798.2 12781.3 12761.1 12745.9 12768.1 12770.6 12769.9 12767.8 12764.7 12761.9 12760 12758.8 12757.7 12757.5
12849.9 12861.7 12870.1 12861 12853.2 12843.5 12838.5 12834.2 12831.1 12828.6 12826.5 12821.5 12818.6 12815.7 12813 12811.9 12811.7 12812.2 12812.8 12813.6 12814.2 12814.7 12815.1 12815 12813.8 12818.8 12823.8 12829.1 12837.4 12838.7 12832 12827.2 12822.5 12817.8 12813.5 12810.3 12806.9 12805.3 12806.7 12807.9 12804.1 12801 12797.6 12794.8 12792.4 12791 12792.8 12796 12802.5 12809.6 12814.8 12816.4 12810.9 12792.1 12772.3 12754.1 12745.1 12753.7 12758.2 12758.6 12757.8 12755.6 12753.5 12751.2 12751.4 12748.4 12743.7
12853.7 12865 12877.2 12872.3 12862.8 12850.2 12843.9 12838 12832.6 12828.6 12825.2 12823.8 12821 12818.3 12816.2 12815.8 12815.5 12815.8 12815.9 12816.1 12816.7 12816.9 12817.3 12818 12821 12823.2 12826.8 12831.6 12836 12836 12835.1 12831.8 12827 12822.1 12817.3 12813.7 12810.3 12807.9 12809.7 12807.3 12804.8 12800.4 12796 12792 12788.5 12785.8 12784.9 12788.8 12793.3 12797.4 12800.5 12802.3 12799.5 12782.9 12765.5 12751.6 12743.6 12743.8 12747.1 12748.2 12748.9 12748.7 12747.7 12747.7 12744.3 12739.7 12733.9
12855.9 12863 12866 12869.4 12866.7 12857.8 12847.1 12839 12833.4 12829.2 12826.7 12826.6 12823.9 12821.2 12818.7 12819.6 12819.4 12819.5 12819.3 12819 12818.9 12818.9 12819.3 12820.4 12822.4 12824 12827.8 12833.2 12836.7 12837.2 12840.3 12836.4 12830.6 12825 12819.8 12815.7 12812.7 12812.7 12814.1 12810.5 12805.6 12798.7 12793.3 12788.6 12784.4 12781.1 12780.9 12782.6 12785.2 12786.7 12785.3 12778.3 12776.6 12767.2 12757.9 12748.7 12742 12734.4 12737.9 12740.6 12742.1 12742.5 12741.6 12740 12736.7 12732.5 12727
12857.5 12862.6 12866.8 12868.6 12863.8 12857.3 12850.4 12841.2 12834.9 12830.7 12827.4 12827.5 12826.4 12824.9 12823.3 12823.9 12823.5 12823 12822.1 12821.3 12820.6 12820.1 12820 12820.2 12820.2 12819.9 12827.3 12835.8 12846.9 12858.9 12847 12838.1 12831 12825.9 12821 12817 12813.9 12811.4 12812.1 12809.9 12802.2 12795.3 12789.9 12785.4 12781.2 12777.8 12776.4 12777.7 12779.2 12779.4 12777 12773.5 12758.4 12756.2 12752.7 12746.1 12739.2 12733.2 12733.1 12734.5 12735.7 12735.6 12734.5 12732.3 12729.8 12726.7 12723.6
12859.1 12863.6 12870.2 12871.7 12867.1 12859.7 12851.8 12843.1 12837.7 12834.3 12831.1 12829.1 12828.8 12829.3 12830.3 12829.6 12828.4 12827 12825.5 12824.2 12823.1 12821.9 12820.8 12819.5 12817.2 12817.6 12826.5 12835.3 12843.7 12848.5 12841.9 12835.5 12830 12825.2 12820.7 12816.7 12813.3 12811.8 12808.2 12801.5 12794.3 12789.6 12786.1 12782.7 12779.1 12775.4 12774.4 12774.9 12775.8 12775.8 12773.9 12768.8 12762.9 12758.9 12752.4 12744.8 12736.4 12730.6 12729.9 12730.4 12730.9 12730.2 12729.3 12726.9 12725.2 12722.5 12720.9
12859.8 12864.4 12870.8 12874.5 12870.4 12862.8 12855.2 12847.6 12841.3 12837.3 12831.9 12830.9 12831.5 12833.1 12834.2 12834.2 12832.2 12830.3 12828.8 12827 12825.5 12823.9 12822.4 12820.9 12820.3 12825.2 12828.1 12832.3 12833.7 12832.1 12830.4 12829.3 12826.4 12823.3 12819.4 12815.4 12811.4 12807.5 12803.6 12792.7 12783.9 12783.7 12782.3 12780.7 12778.6 12774.6 12774.1 12774.4 12774.6 12774.2 12773.6 12773 12773.3 12764.6 12752.4 12744.3 12738.6 12730.4 12728.6 12729 12728.8 12727.4 12726.6 12724.6 12722 12720.3 12718.6
12861.4 12867.3 12879.8 12878.6 12874.4 12866.2 12858.2 12849.9 12843.2 12839.3 12834.3 12833.2 12833.8 12836 12837.8 12836.8 12835.3 12833.6 12831.8 12830.2 12828.5 12826.8 12825.1 12823.4 12822.7 12824.7 12828.4 12830.2 12827.9 12822 12821.9 12823.8 12822.1 12819.6 12817 12813.1 12808.8 12804.3 12798.8 12789 12782 12781.4 12781 12780.6 12779.6 12779.7 12777.1 12775.6 12775.1 12774.1 12772.8 12772.2 12764.7 12754 12749.5 12743.3 12737.1 12730.2 12728.7 12728.6 12727.9 12726.7 12725.5 12723.6 12721 12718.4 12715.9
12863 12870.3 12879.6 12879.1 12874.7 12868.5 12860.7 12852.6 12847.1 12843.4 12839 12838.3 12839.2 12838.7 12839.2 12839.2 12838.1 12836.3 12834.5 12832.9 12831.2 12829.5 12828 12826.5 12825.1 12825 12830.9 12831.8 12828.2 12822.3 12820.7 12821.3 12820.3 12817.9 12814.5 12810.8 12806.8 12800.7 12792.8 12785.7 12783.9 12782 12781.7 12780.9 12779.5 12777.8 12776.8 12775.8 12774.8 12773.4 12771.1 12766.2 12759.2 12754.9 12748 12742.8 12737 12733.5 12732.2 12731.4 12730.2 12728.5 12726.5 12724 12721.3 12718.2 12713.9
12864 12868 12875.2 12880.9 12878.2 12872.5 12864.8 12857.3 12851.1 12847.5 12844 12842.2 12841.7 12842 12842.9 12841.8 12840.4 12838.7 12836.9 12835.4 12833.8 12832.4 12831.4 12830.8 12831.1 12833 12839.3 12836.7 12832.5 12828.7 12826.4 12823.5 12820.6 12817.1 12813 12808.7 12804.6 12799.5 12792.4 12787.2 12784 12784.7 12784 12782.7 12780.7 12776.1 12777 12775.8 12774.1 12772.2 12769.7 12766.3 12760.8 12751 12747.9 12744.4 12741.4 12739.2 12736.8 12734.8 12732.5 12730.2 12727 12724.1 12721.7 12718.4 12714.9
12866.3 12870.4 12874.5 12883.6 12883.8 12876.3 12868.3 12860.8 12853.4 12849.2 12846.9 12844.8 12844.1 12844.6 12844.3 12844.3 12843.4 12842.1 12840.5 12839 12837.8 12836.3 12835.4 12835.5 12837.6 12844.9 12845.6 12840.1 12836.3 12833.9 12831.1 12826.2 12822 12817.5 12812.6 12806.9 12800.9 12797.3 12794.7 12792.1 12790.7 12790.4 12787.9 12785.7 12784.1 12782.4 12779.1 12776.6 12774.2 12772 12769.6 12767.5 12765.8 12756.3 12750.6 12746.7 12744.5 12743.3 12741.7 12739.1 12736 12732.7 12729 12725.5 12722.2 12719.2 12717.8
12868.7 12872.9 12877.2 12882.7 12882.5 12878.7 12870.7 12861 12854.1 12851.5 12848 12846.6 12846 12847.4 12848.9 12847.1 12845.7 12844.2 12842.7 12841.5 12840.3 12839.3 12838.7 12838.8 12840.1 12843.1 12842.3 12839.9 12837.8 12835.4 12832.3 12828.1 12823.7 12818.8 12813.4 12807.9 12801.9 12799.3 12798.7 12799.3 12803.6 12796.7 12791 12787.9 12785.8 12783 12780.6 12777.9 12774.7 12771.6 12769.1 12765.9 12762.2 12758.9 12753.7 12749.1 12747 12750.3 12748.3 12742.8 12738 12734.1 12730.2 12726.9 12723.2 12720.3 12718.6
12871.6 12874.5 12881.2 12885 12887.7 12881.3 12873.2 12865.8 12857.6 12850.4 12848.4 12849.1 12850.5 12852.5 12851.1 12849.5 12847.8 12846.3 12845.2 12844.1 12842.9 12842.3 12842 12841.7 12841.2 12839.8 12837.1 12839.5 12839.1 12836.8 12833.3 12829.9 12825.6 12821.1 12816.3 12811.2 12805.8 12803.5 12803.1 12804.6 12799.8 12795 12791.5 12788.7 12786.8 12784.3 12781.1 12777.5 12774.1 12770.9 12767.1 12763.1 12758.8 12757 12756.2 12754.8 12753.6 12755.4 12752 12745.6 12740.4 12736.5 12732.1 12728.4 12724.2 12720.4 12717
12876.2 12881.5 12887 12890.5 12889.7 12882.7 12874.3 12864.8 12855.6 12849 12849.3 12852.7 12856.9 12856 12853.4 12851.1 12849.5 12848.6 12847 12846.2 12845.6 12845.6 12845.4 12845 12844.1 12841.6 12838.8 12842.4 12842.2 12839.6 12836.2 12831.5 12827.3 12823.5 12819.6 12815.5 12812.3 12807.5 12804.7 12801.9 12796 12792.5 12791 12788.9 12786.1 12783.8 12781.4 12778.3 12775.1 12771.6 12767.6 12762.6 12757.4 12757.7 12760.7 12762.7 12760.8 12755.6 12750.1 12746.5 12742.9 12738.2 12733.8 12729.3 12724.7 12720.5 12716.1
12880.9 12887.7 12892.1 12892.5 12888.8 12882.6 12875.1 12867.8 12858 12851.3 12852.9 12855 12857.3 12856.1 12853.6 12851.9 12850.7 12849.3 12848.6 12848.4 12848.1 12848.1 12848.4 12848.9 12849.5 12850.1 12850.8 12851.7 12847.4 12842.1 12837.4 12833.1 12829.8 12827 12823.7 12819.3 12811.8 12810.4 12805.6 12799.7 12795.1 12792.6 12792.1 12790 12787 12784.7 12782.6 12780.3 12777.5 12774.2 12770.5 12766 12762.7 12764.7 12770.8 12772.5 12768 12759.9 12752.3 12749.2 12745.9 12741.9 12737 12732.1 12727 12722 12717.5
12885.7 12890.2 12893.7 12892.5 12888.2 12882.9 12876.3 12868.9 12862.5 12860.9 12858 12856.3 12854 12851.7 12852.1 12851.9 12851.6 12851 12850.8 12850.8 12851.8 12851.9 12852.3 12853.3 12855.7 12861.4 12872.4 12861.3 12851.5 12844.3 12838.2 12834.5 12832.2 12830.2 12828.2 12826.7 12823 12814.9 12808.2 12802.4 12798.1 12796.6 12795.9 12793.5 12789.4 12787.8 12786.1 12783.4 12780.6 12777.6 12774.5 12772.1 12771.7 12778.6 12789.1 12790.6 12780.6 12768.4 12758.4 12754.9 12750.9 12746.3 12741.2 12736 12730.5 12725.5 12721.2
12888.9 12893.8 12896.6 12893.2 12888.6 12883.4 12877.6 12871.7 12865.7 12866 12860.4 12857.6 12854.8 12851.9 12853 12854.2 12854.9 12855 12854.8 12854.5 12854.2 12854.2 12854.6 12855.3 12857.1 12861 12864.1 12857.5 12851.1 12845.3 12839.7 12836.2 12834.9 12832.8 12831.2 12831 12827.2 12818.4 12811 12804.7 12801.7 12803.5 12801.9 12799.8 12797.8 12793.5 12790.5 12787.7 12785.1 12782.2 12780.2 12779.5 12781.7 12794.5 12812.4 12805.8 12789.6 12777.8 12768.7 12763.8 12758.3 12752 12746 12740.1 12734.5 12729.4 12725.9
12890.4 12895.5 12900.5 12896.2 12889.5 12883.9 12878.5 12873.5 12868.4 12857.6 12859.9 12859.2 12858.3 12854.1 12855.9 12857.7 12858.7 12859.3 12859.1 12858.5 12857.8 12857 12856.4 12855.9 12855.4 12854.4 12850.3 12848.4 12848.3 12846.7 12842.8 12840.2 12839.4 12834.9 12830.4 12827.7 12824.3 12818.9 12813.9 12809.9 12808.7 12809.6 12809.3 12806 12802.9 12798.6 12795 12791.7 12789 12786.6 12785.1 12785.6 12788.5 12798.9 12810.8 12792.3 12789.3 12785 12781.1 12773.4 12765.4 12757.9 12751.1 12744.3 12737.9 12733 12729.5
12897 12899.4 12899 12894.1 12889.1 12883.8 12878.9 12874.1 12869.2 12863.6 12861.8 12860.8 12860.1 12858.8 12861 12861.9 12861.7 12861.1 12860.3 12859.3 12858.5 12857.6 12856.5 12855 12853.1 12850.1 12845.7 12843.6 12846.5 12849.8 12855 12857.6 12846.1 12836.5 12827.9 12819.5 12818.1 12818.2 12817.2 12816.4 12817.1 12823.6 12817.6 12811.6 12807 12802.6 12799 12795.6 12792.8 12790.7 12789.9 12790 12792.5 12798 12800.5 12791.7 12789.9 12788.8 12786.8 12779.7 12771.1 12762.8 12755.5 12748.4 12742 12736.2 12732.7
12903.5 12901.2 12894.5 12892 12888.3 12883.8 12878.6 12873.1 12867 12863.5 12864.9 12864.5 12861.9 12867.8 12868.4 12866.8 12865.5 12864.1 12862.9 12861.5 12860 12859 12857 12854.9 12851.9 12848.7 12844.4 12842.3 12845.3 12849.8 12856.1 12858.8 12845.7 12835.7 12826.7 12819.8 12817.9 12819.4 12821.2 12822.9 12825.3 12826.4 12822.6 12816.3 12810.6 12806.6 12802.6 12799.3 12796.4 12794.2 12793.1 12793.6 12794.4 12793.3 12797.6 12793.5 12792.3 12790.8 12788.1 12782.7 12774.9 12767.1 12759.8 12752.9 12746.2 12739.7 12735
