real_craters/C100-750m.grd
DSAA
89 89
-32.9525 32.9525
-32.9525 32.9525
11631.734889597 12917.503688704
[rows 50 to 74 of 89, columns 0 to 56 of 89]
1.275e+004 1.275e+004 1.275e+004 1.276e+004 1.276e+004 1.277e+004 1.278e+004 1.278e+004 1.277e+004 1.277e+004 1.277e+004 1.276e+004 1.275e+004 1.274e+004 1.273e+004 1.272e+004 1.271e+004 1.271e+004 1.271e+004 1.273e+004 1.274e+004 1.275e+004 1.277e+004 1.279e+004 1.278e+004 1.277e+004 1.276e+004 1.276e+004 1.276e+004 1.277e+004 1.279e+004 1.28e+004 1.284e+004 1.286e+004 1.28e+004 1.272e+004 1.257e+004 1.24e+004 1.221e+004 1.201e+004 1.181e+004 1.175e+004 1.178e+004 1.176e+004 1.173e+004 1.17e+004 1.17e+004 1.173e+004 1.179e+004 1.193e+004 1.211e+004 1.228e+004 1.243e+004 1.255e+004 1.262e+004 1.266e+004 1.269e+004
1.275e+004 1.276e+004 1.277e+004 1.277e+004 1.278e+004 1.278e+004 1.278e+004 1.278e+004 1.277e+004 1.276e+004 1.276e+004 1.275e+004 1.274e+004 1.273e+004 1.272e+004 1.272e+004 1.271e+004 1.271e+004 1.272e+004 1.273e+004 1.274e+004 1.276e+004 1.278e+004 1.279e+004 1.278e+004 1.277e+004 1.277e+004 1.276e+004 1.277e+004 1.278e+004 1.278e+004 1.279e+004 1.282e+004 1.285e+004 1.284e+004 1.278e+004 1.268e+004 1.252e+004 1.234e+004 1.216e+004 1.198e+004 1.191e+004 1.188e+004 1.188e+004 1.183e+004 1.175e+004 1.177e+004 1.182e+004 1.19e+004 1.209e+004 1.227e+004 1.243e+004 1.254e+004 1.262e+004 1.267e+004 1.27e+004 1.272e+004
1.276e+004 1.277e+004 1.278e+004 1.278e+004 1.279e+004 1.279e+004 1.278e+004 1.277e+004 1.276e+004 1.276e+004 1.275e+004 1.274e+004 1.274e+004 1.273e+004 1.272e+004 1.272e+004 1.271e+004 1.271e+004 1.272e+004 1.273e+004 1.275e+004 1.276e+004 1.277e+004 1.277e+004 1.277e+004 1.277e+004 1.277e+004 1.278e+004 1.278e+004 1.278e+004 1.279e+004 1.28e+004 1.282e+004 1.284e+004 1.286e+004 1.288e+004 1.28e+004 1.265e+004 1.25e+004 1.236e+004 1.222e+004 1.213e+004 1.208e+004 1.206e+004 1.2e+004 1.194e+004 1.196e+004 1.203e+004 1.215e+004 1.231e+004 1.247e+004 1.259e+004 1.265e+004 1.269e+004 1.273e+004 1.274e+004 1.274e+004
1.277e+004 1.278e+004 1.282e+004 1.279e+004 1.279e+004 1.278e+004 1.277e+004 1.277e+004 1.276e+004 1.275e+004 1.275e+004 1.274e+004 1.273e+004 1.273e+004 1.273e+004 1.272e+004 1.272e+004 1.272e+004 1.273e+004 1.274e+004 1.275e+004 1.276e+004 1.277e+004 1.277e+004 1.277e+004 1.278e+004 1.278e+004 1.278e+004 1.278e+004 1.279e+004 1.28e+004 1.28e+004 1.281e+004 1.282e+004 1.285e+004 1.286e+004 1.282e+004 1.274e+004 1.265e+004 1.257e+004 1.247e+004 1.237e+004 1.229e+004 1.227e+004 1.222e+004 1.221e+004 1.224e+004 1.229e+004 1.241e+004 1.253e+004 1.263e+004 1.271e+004 1.275e+004 1.28e+004 1.28e+004 1.277e+004 1.275e+004
1.278e+004 1.279e+004 1.28e+004 1.28e+004 1.279e+004 1.278e+004 1.277e+004 1.276e+004 1.276e+004 1.275e+004 1.275e+004 1.274e+004 1.273e+004 1.273e+004 1.272e+004 1.272e+004 1.272e+004 1.272e+004 1.273e+004 1.275e+004 1.276e+004 1.277e+004 1.277e+004 1.278e+004 1.279e+004 1.279e+004 1.279e+004 1.279e+004 1.279e+004 1.28e+004 1.28e+004 1.28e+004 1.28e+004 1.281e+004 1.283e+004 1.284e+004 1.284e+004 1.281e+004 1.277e+004 1.273e+004 1.268e+004 1.257e+004 1.249e+004 1.244e+004 1.244e+004 1.245e+004 1.249e+004 1.255e+004 1.262e+004 1.269e+004 1.272e+004 1.276e+004 1.279e+004 1.28e+004 1.279e+004 1.276e+004 1.275e+004
1.279e+004 1.28e+004 1.281e+004 1.28e+004 1.279e+004 1.278e+004 1.277e+004 1.276e+004 1.276e+004 1.275e+004 1.275e+004 1.274e+004 1.274e+004 1.273e+004 1.273e+004 1.273e+004 1.274e+004 1.275e+004 1.275e+004 1.276e+004 1.277e+004 1.278e+004 1.278e+004 1.279e+004 1.279e+004 1.279e+004 1.279e+004 1.279e+004 1.28e+004 1.28e+004 1.28e+004 1.28e+004 1.281e+004 1.281e+004 1.283e+004 1.286e+004 1.288e+004 1.286e+004 1.284e+004 1.282e+004 1.278e+004 1.271e+004 1.264e+004 1.26e+004 1.261e+004 1.264e+004 1.269e+004 1.276e+004 1.275e+004 1.275e+004 1.279e+004 1.28e+004 1.279e+004 1.278e+004 1.277e+004 1.275e+004 1.273e+004
1.28e+004 1.281e+004 1.282e+004 1.282e+004 1.279e+004 1.278e+004 1.277e+004 1.277e+004 1.276e+004 1.276e+004 1.275e+004 1.274e+004 1.274e+004 1.274e+004 1.274e+004 1.274e+004 1.275e+004 1.276e+004 1.277e+004 1.277e+004 1.278e+004 1.278e+004 1.279e+004 1.28e+004 1.28e+004 1.279e+004 1.279e+004 1.279e+004 1.28e+004 1.28e+004 1.28e+004 1.28e+004 1.281e+004 1.281e+004 1.282e+004 1.285e+004 1.286e+004 1.286e+004 1.286e+004 1.287e+004 1.285e+004 1.278e+004 1.274e+004 1.272e+004 1.273e+004 1.276e+004 1.28e+004 1.28e+004 1.281e+004 1.281e+004 1.282e+004 1.281e+004 1.279e+004 1.276e+004 1.274e+004 1.274e+004 1.272e+004
1.281e+004 1.282e+004 1.282e+004 1.281e+004 1.28e+004 1.278e+004 1.278e+004 1.277e+004 1.278e+004 1.278e+004 1.276e+004 1.275e+004 1.275e+004 1.275e+004 1.275e+004 1.274e+004 1.275e+004 1.276e+004 1.277e+004 1.278e+004 1.278e+004 1.279e+004 1.28e+004 1.281e+004 1.281e+004 1.28e+004 1.281e+004 1.281e+004 1.281e+004 1.281e+004 1.281e+004 1.28e+004 1.28e+004 1.281e+004 1.281e+004 1.282e+004 1.282e+004 1.283e+004 1.284e+004 1.282e+004 1.282e+004 1.28e+004 1.279e+004 1.279e+004 1.279e+004 1.282e+004 1.285e+004 1.288e+004 1.285e+004 1.284e+004 1.28e+004 1.279e+004 1.278e+004 1.276e+004 1.275e+004 1.273e+004 1.272e+004
1.282e+004 1.282e+004 1.281e+004 1.28e+004 1.28e+004 1.279e+004 1.278e+004 1.278e+004 1.279e+004 1.279e+004 1.277e+004 1.276e+004 1.276e+004 1.276e+004 1.276e+004 1.276e+004 1.276e+004 1.277e+004 1.277e+004 1.278e+004 1.279e+004 1.28e+004 1.28e+004 1.281e+004 1.282e+004 1.281e+004 1.281e+004 1.282e+004 1.282e+004 1.282e+004 1.281e+004 1.281e+004 1.28e+004 1.28e+004 1.28e+004 1.279e+004 1.278e+004 1.28e+004 1.281e+004 1.28e+004 1.281e+004 1.281e+004 1.281e+004 1.281e+004 1.281e+004 1.283e+004 1.285e+004 1.286e+004 1.284e+004 1.282e+004 1.281e+004 1.279e+004 1.278e+004 1.276e+004 1.274e+004 1.274e+004 1.273e+004
1.282e+004 1.282e+004 1.282e+004 1.281e+004 1.28e+004 1.279e+004 1.279e+004 1.278e+004 1.279e+004 1.279e+004 1.278e+004 1.277e+004 1.277e+004 1.277e+004 1.276e+004 1.276e+004 1.277e+004 1.278e+004 1.278e+004 1.279e+004 1.28e+004 1.28e+004 1.28e+004 1.281e+004 1.282e+004 1.284e+004 1.285e+004 1.284e+004 1.284e+004 1.283e+004 1.282e+004 1.281e+004 1.28e+004 1.279e+004 1.279e+004 1.278e+004 1.278e+004 1.278e+004 1.279e+004 1.278e+004 1.28e+004 1.28e+004 1.281e+004 1.281e+004 1.282e+004 1.282e+004 1.282e+004 1.282e+004 1.28e+004 1.278e+004 1.279e+004 1.279e+004 1.278e+004 1.277e+004 1.276e+004 1.275e+004 1.275e+004
1.282e+004 1.283e+004 1.283e+004 1.282e+004 1.281e+004 1.28e+004 1.28e+004 1.279e+004 1.28e+004 1.279e+004 1.278e+004 1.277e+004 1.277e+004 1.277e+004 1.277e+004 1.278e+004 1.278e+004 1.28e+004 1.281e+004 1.281e+004 1.281e+004 1.281e+004 1.28e+004 1.281e+004 1.283e+004 1.286e+004 1.288e+004 1.287e+004 1.285e+004 1.284e+004 1.283e+004 1.282e+004 1.28e+004 1.279e+004 1.278e+004 1.278e+004 1.277e+004 1.277e+004 1.278e+004 1.278e+004 1.279e+004 1.28e+004 1.28e+004 1.28e+004 1.28e+004 1.28e+004 1.279e+004 1.278e+004 1.277e+004 1.277e+004 1.279e+004 1.279e+004 1.278e+004 1.278e+004 1.278e+004 1.277e+004 1.276e+004
1.282e+004 1.283e+004 1.284e+004 1.283e+004 1.282e+004 1.281e+004 1.28e+004 1.28e+004 1.279e+004 1.279e+004 1.279e+004 1.278e+004 1.278e+004 1.278e+004 1.278e+004 1.278e+004 1.279e+004 1.281e+004 1.283e+004 1.282e+004 1.281e+004 1.28e+004 1.28e+004 1.28e+004 1.28e+004 1.283e+004 1.287e+004 1.286e+004 1.285e+004 1.284e+004 1.283e+004 1.283e+004 1.281e+004 1.279e+004 1.279e+004 1.278e+004 1.277e+004 1.277e+004 1.278e+004 1.279e+004 1.279e+004 1.279e+004 1.28e+004 1.28e+004 1.279e+004 1.278e+004 1.278e+004 1.276e+004 1.276e+004 1.277e+004 1.278e+004 1.279e+004 1.279e+004 1.278e+004 1.277e+004 1.277e+004 1.276e+004
1.282e+004 1.283e+004 1.284e+004 1.284e+004 1.283e+004 1.282e+004 1.281e+004 1.28e+004 1.28e+004 1.279e+004 1.279e+004 1.279e+004 1.279e+004 1.279e+004 1.279e+004 1.279e+004 1.279e+004 1.28e+004 1.281e+004 1.281e+004 1.281e+004 1.28e+004 1.28e+004 1.279e+004 1.279e+004 1.279e+004 1.281e+004 1.283e+004 1.283e+004 1.283e+004 1.283e+004 1.283e+004 1.282e+004 1.281e+004 1.281e+004 1.279e+004 1.278e+004 1.278e+004 1.279e+004 1.279e+004 1.279e+004 1.279e+004 1.279e+004 1.279e+004 1.279e+004 1.278e+004 1.276e+004 1.276e+004 1.276e+004 1.277e+004 1.279e+004 1.279e+004 1.279e+004 1.278e+004 1.277e+004 1.277e+004 1.276e+004
1.283e+004 1.283e+004 1.284e+004 1.284e+004 1.284e+004 1.282e+004 1.281e+004 1.281e+004 1.28e+004 1.28e+004 1.28e+004 1.279e+004 1.279e+004 1.279e+004 1.279e+004 1.28e+004 1.28e+004 1.28e+004 1.28e+004 1.28e+004 1.28e+004 1.28e+004 1.28e+004 1.279e+004 1.279e+004 1.279e+004 1.28e+004 1.281e+004 1.282e+004 1.282e+004 1.282e+004 1.283e+004 1.283e+004 1.282e+004 1.281e+004 1.281e+004 1.28e+004 1.279e+004 1.279e+004 1.278e+004 1.279e+004 1.279e+004 1.279e+004 1.279e+004 1.279e+004 1.279e+004 1.278e+004 1.277e+004 1.276e+004 1.276e+004 1.278e+004 1.278e+004 1.278e+004 1.278e+004 1.278e+004 1.277e+004 1.275e+004
1.283e+004 1.284e+004 1.285e+004 1.285e+004 1.283e+004 1.282e+004 1.282e+004 1.281e+004 1.281e+004 1.28e+004 1.28e+004 1.28e+004 1.28e+004 1.28e+004 1.28e+004 1.28e+004 1.281e+004 1.28e+004 1.28e+004 1.28e+004 1.28e+004 1.28e+004 1.28e+004 1.279e+004 1.279e+004 1.279e+004 1.28e+004 1.28e+004 1.281e+004 1.282e+004 1.282e+004 1.281e+004 1.283e+004 1.284e+004 1.283e+004 1.282e+004 1.281e+004 1.281e+004 1.28e+004 1.279e+004 1.279e+004 1.279e+004 1.279e+004 1.279e+004 1.279e+004 1.28e+004 1.281e+004 1.279e+004 1.277e+004 1.276e+004 1.277e+004 1.277e+004 1.277e+004 1.276e+004 1.276e+004 1.275e+004 1.273e+004
1.284e+004 1.285e+004 1.286e+004 1.284e+004 1.283e+004 1.283e+004 1.282e+004 1.282e+004 1.281e+004 1.281e+004 1.28e+004 1.28e+004 1.28e+004 1.28e+004 1.281e+004 1.281e+004 1.282e+004 1.281e+004 1.281e+004 1.281e+004 1.281e+004 1.28e+004 1.28e+004 1.28e+004 1.279e+004 1.28e+004 1.28e+004 1.28e+004 1.28e+004 1.281e+004 1.281e+004 1.283e+004 1.283e+004 1.284e+004 1.283e+004 1.281e+004 1.282e+004 1.283e+004 1.282e+004 1.28e+004 1.279e+004 1.278e+004 1.278e+004 1.278e+004 1.279e+004 1.28e+004 1.281e+004 1.278e+004 1.278e+004 1.278e+004 1.276e+004 1.276e+004 1.275e+004 1.274e+004 1.273e+004 1.271e+004 1.271e+004
1.284e+004 1.285e+004 1.285e+004 1.284e+004 1.283e+004 1.283e+004 1.283e+004 1.283e+004 1.282e+004 1.281e+004 1.281e+004 1.281e+004 1.281e+004 1.281e+004 1.281e+004 1.281e+004 1.281e+004 1.282e+004 1.282e+004 1.282e+004 1.282e+004 1.281e+004 1.281e+004 1.28e+004 1.28e+004 1.28e+004 1.28e+004 1.28e+004 1.28e+004 1.28e+004 1.28e+004 1.28e+004 1.282e+004 1.283e+004 1.283e+004 1.281e+004 1.28e+004 1.278e+004 1.278e+004 1.278e+004 1.278e+004 1.277e+004 1.277e+004 1.277e+004 1.277e+004 1.278e+004 1.279e+004 1.278e+004 1.277e+004 1.277e+004 1.275e+004 1.274e+004 1.274e+004 1.273e+004 1.272e+004 1.271e+004 1.27e+004
1.285e+004 1.286e+004 1.286e+004 1.285e+004 1.284e+004 1.283e+004 1.283e+004 1.282e+004 1.282e+004 1.281e+004 1.281e+004 1.281e+004 1.281e+004 1.281e+004 1.281e+004 1.281e+004 1.281e+004 1.282e+004 1.283e+004 1.283e+004 1.283e+004 1.282e+004 1.282e+004 1.281e+004 1.281e+004 1.28e+004 1.281e+004 1.28e+004 1.28e+004 1.28e+004 1.279e+004 1.28e+004 1.281e+004 1.282e+004 1.282e+004 1.28e+004 1.278e+004 1.275e+004 1.276e+004 1.276e+004 1.276e+004 1.276e+004 1.276e+004 1.275e+004 1.275e+004 1.274e+004 1.274e+004 1.276e+004 1.275e+004 1.273e+004 1.273e+004 1.273e+004 1.272e+004 1.272e+004 1.271e+004 1.27e+004 1.269e+004
1.285e+004 1.287e+004 1.287e+004 1.286e+004 1.284e+004 1.284e+004 1.283e+004 1.282e+004 1.282e+004 1.282e+004 1.282e+004 1.282e+004 1.282e+004 1.282e+004 1.282e+004 1.282e+004 1.282e+004 1.282e+004 1.283e+004 1.284e+004 1.284e+004 1.283e+004 1.282e+004 1.282e+004 1.281e+004 1.281e+004 1.281e+004 1.28e+004 1.28e+004 1.279e+004 1.279e+004 1.279e+004 1.279e+004 1.28e+004 1.28e+004 1.279e+004 1.277e+004 1.275e+004 1.274e+004 1.275e+004 1.275e+004 1.275e+004 1.275e+004 1.274e+004 1.273e+004 1.272e+004 1.273e+004 1.275e+004 1.275e+004 1.274e+004 1.273e+004 1.272e+004 1.271e+004 1.271e+004 1.27e+004 1.269e+004 1.269e+004
1.286e+004 1.286e+004 1.287e+004 1.286e+004 1.285e+004 1.284e+004 1.283e+004 1.283e+004 1.283e+004 1.282e+004 1.282e+004 1.282e+004 1.282e+004 1.282e+004 1.282e+004 1.282e+004 1.282e+004 1.282e+004 1.283e+004 1.285e+004 1.284e+004 1.283e+004 1.283e+004 1.282e+004 1.281e+004 1.281e+004 1.281e+004 1.28e+004 1.279e+004 1.278e+004 1.278e+004 1.278e+004 1.278e+004 1.278e+004 1.277e+004 1.276e+004 1.275e+004 1.274e+004 1.273e+004 1.274e+004 1.274e+004 1.274e+004 1.274e+004 1.273e+004 1.273e+004 1.272e+004 1.272e+004 1.273e+004 1.273e+004 1.273e+004 1.272e+004 1.271e+004 1.271e+004 1.27e+004 1.27e+004 1.269e+004 1.269e+004
1.286e+004 1.287e+004 1.287e+004 1.286e+004 1.285e+004 1.284e+004 1.283e+004 1.283e+004 1.283e+004 1.283e+004 1.283e+004 1.283e+004 1.283e+004 1.282e+004 1.282e+004 1.282e+004 1.282e+004 1.282e+004 1.284e+004 1.285e+004 1.284e+004 1.283e+004 1.283e+004 1.282e+004 1.281e+004 1.281e+004 1.28e+004 1.279e+004 1.279e+004 1.278e+004 1.278e+004 1.277e+004 1.278e+004 1.278e+004 1.277e+004 1.276e+004 1.275e+004 1.274e+004 1.273e+004 1.273e+004 1.273e+004 1.273e+004 1.273e+004 1.272e+004 1.272e+004 1.272e+004 1.272e+004 1.272e+004 1.272e+004 1.271e+004 1.271e+004 1.27e+004 1.27e+004 1.27e+004 1.269e+004 1.269e+004 1.269e+004
1.286e+004 1.287e+004 1.288e+004 1.287e+004 1.286e+004 1.285e+004 1.284e+004 1.283e+004 1.283e+004 1.284e+004 1.284e+004 1.283e+004 1.283e+004 1.283e+004 1.283e+004 1.282e+004 1.282e+004 1.283e+004 1.283e+004 1.283e+004 1.283e+004 1.283e+004 1.282e+004 1.282e+004 1.281e+004 1.28e+004 1.279e+004 1.278e+004 1.278e+004 1.278e+004 1.278e+004 1.278e+004 1.277e+004 1.277e+004 1.277e+004 1.276e+004 1.275e+004 1.274e+004 1.273e+004 1.273e+004 1.273e+004 1.273e+004 1.272e+004 1.272e+004 1.272e+004 1.272e+004 1.272e+004 1.271e+004 1.271e+004 1.271e+004 1.271e+004 1.27e+004 1.27e+004 1.269e+004 1.269e+004 1.268e+004 1.267e+004
1.286e+004 1.288e+004 1.288e+004 1.287e+004 1.286e+004 1.285e+004 1.284e+004 1.284e+004 1.284e+004 1.284e+004 1.284e+004 1.284e+004 1.283e+004 1.283e+004 1.283e+004 1.283e+004 1.283e+004 1.283e+004 1.283e+004 1.283e+004 1.282e+004 1.282e+004 1.282e+004 1.281e+004 1.281e+004 1.28e+004 1.279e+004 1.278e+004 1.278e+004 1.278e+004 1.278e+004 1.278e+004 1.277e+004 1.277e+004 1.277e+004 1.276e+004 1.275e+004 1.274e+004 1.273e+004 1.273e+004 1.273e+004 1.273e+004 1.272e+004 1.272e+004 1.271e+004 1.271e+004 1.271e+004 1.271e+004 1.271e+004 1.271e+004 1.27e+004 1.269e+004 1.269e+004 1.269e+004 1.268e+004 1.268e+004 1.267e+004
1.287e+004 1.287e+004 1.288e+004 1.288e+004 1.287e+004 1.286e+004 1.285e+004 1.284e+004 1.284e+004 1.284e+004 1.284e+004 1.284e+004 1.284e+004 1.284e+004 1.283e+004 1.283e+004 1.283e+004 1.285e+004 1.284e+004 1.283e+004 1.283e+004 1.282e+004 1.282e+004 1.281e+004 1.28e+004 1.28e+004 1.279e+004 1.279e+004 1.279e+004 1.278e+004 1.278e+004 1.278e+004 1.277e+004 1.277e+004 1.277e+004 1.276e+004 1.275e+004 1.274e+004 1.274e+004 1.274e+004 1.273e+004 1.273e+004 1.272e+004 1.272e+004 1.272e+004 1.271e+004 1.271e+004 1.271e+004 1.271e+004 1.271e+004 1.27e+004 1.268e+004 1.269e+004 1.269e+004 1.268e+004 1.267e+004 1.267e+004
1.287e+004 1.287e+004 1.288e+004 1.288e+004 1.287e+004 1.286e+004 1.285e+004 1.285e+004 1.285e+004 1.285e+004 1.285e+004 1.284e+004 1.284e+004 1.284e+004 1.284e+004 1.284e+004 1.284e+004 1.284e+004 1.284e+004 1.284e+004 1.283e+004 1.283e+004 1.282e+004 1.281e+004 1.28e+004 1.28e+004 1.28e+004 1.28e+004 1.279e+004 1.279e+004 1.278e+004 1.278e+004 1.277e+004 1.277e+004 1.277e+004 1.276e+004 1.275e+004 1.275e+004 1.275e+004 1.275e+004 1.274e+004 1.273e+004 1.273e+004 1.272e+004 1.272e+004 1.272e+004 1.272e+004 1.272e+004 1.272e+004 1.271e+004 1.27e+004 1.27e+004 1.269e+004 1.268e+004 1.268e+004 1.267e+004 1.267e+004
