real_craters/C101-1000m.grd
DSAA
39 39
-19.06 19.06
-19.06 19.06
10830.867035592 12257.225141603
11940 11942.6 11942.2 11941.1 11939.5 11957.4 11977.1 11981.9 11975.7 11965.2 11952.9 11941.1 11932 11922.6 11925.3 11926.3 11924.7 11906.1 11899.6 11893.3 11904.2 11906.8 11892.6 11873.6 11864.9 11858.4 11850.4 11842.5 11833.9 11824.2 11816 11811.1 11809.3 11804.2 11807.7 11802.1 11805.6 11806.3 11800.8 
11943.9 11946.6 11952.4 11955.8 11956.2 11974.5 11991.1 11990.2 11979.5 11966.3 11952.9 11941 11929.8 11918.2 11923.5 11922.8 11915.5 11910 11897.4 11889.8 11897.4 11901 11878.6 11857.3 11852.7 11849.9 11845.4 11840.8 11836 11827.7 11811.6 11805.1 11799.5 11790.7 11793.1 11794.2 11798.6 11807.3 11814.5 
11953.6 11961 11966.3 11976.1 11991.5 11997 11997.3 11989.4 11976.7 11964.4 11952.1 11941.4 11933 11926.6 11925.9 11917.7 11909.1 11898.9 11893.9 11890 11903.3 11897.5 11877 11856.6 11846.5 11843.9 11840.9 11837 11833.1 11824.8 11809.5 11800.8 11791 11790.8 11788.4 11789.6 11803.8 11809.6 11809.8 
11961.5 11965.9 11976 11988.6 12003.5 12003.6 11988.1 11980.4 11971.5 11963.2 11953.2 11944.1 11937.3 11928.4 11918.7 11916.8 11910.1 11903.5 11902.6 11905.3 11896.9 11903.1 11883 11860 11846.6 11842 11839.2 11834 11826.3 11814.3 11807.2 11803.5 11796.9 11807.9 11797 11792.7 11800.8 11802.3 11799.7 
11969 11971.4 11979.2 11990.3 11999.9 11995 11976.3 11971.3 11968.6 11964.4 11960.2 11951.9 11943.4 11935.4 11927.9 11925.5 11922.4 11912.7 11907.2 11924.2 11895 11889.4 11877.7 11860.5 11849.1 11847.6 11844.8 11839.3 11827.9 11813.5 11811.6 11813.6 11811.9 11805.4 11808.3 11810.8 11801.8 11795.2 11793.1 
11976.4 11975.3 11980.4 11985.6 11987.7 11981 11971.6 11967.8 11967.1 11965.9 11962.3 11957.3 11950.5 11941.1 11935.5 11937.2 11938.5 11931.7 11918.1 11907.9 11890 11884.3 11881.4 11872.5 11865.7 11861.6 11858.1 11851.1 11839.1 11823 11816 11818.8 11820.1 11813.9 11816 11819.1 11809.5 11799.8 11795.4 
11982.1 11979 11979.7 11981.7 11981.7 11976.5 11970.5 11968.8 11969.7 11968.5 11963.6 11962.7 11960.6 11956.1 11950.3 11950.2 11949.5 11942.1 11924.9 11912.7 11912.4 11905.4 11901.3 11898.9 11884.4 11886.1 11878.6 11867.6 11853.6 11840.4 11819.3 11818.8 11820.8 11819 11819.5 11819.6 11804.4 11797.1 11806.8 
11988 11980.6 11977.4 11979.7 11978.9 11974 11968.8 11970.6 11974.6 11976.7 11979.7 11974.9 11973.2 11969.9 11963.2 11974.2 11978.3 11962.1 11952.2 11946.1 11959.6 11961.4 11962.6 11944 11926.4 11920.7 11905.1 11887.4 11865.5 11841.8 11827.3 11828 11828.2 11824.3 11820.4 11813 11804.6 11807.6 11830.6 
11992.2 11980.6 11975.6 11975.3 11977.6 11975.1 11971.9 11976.1 11982.8 11985.2 11987.1 11994.4 11991 11979.6 11981.8 12023.7 12044.7 12061.7 12074.5 12082.3 12051.6 12014.8 11984.9 11970.6 11964.9 11956.3 11940.7 11912.9 11880.7 11855.2 11847.1 11837.6 11838.2 11835.8 11827.4 11818.3 11812.8 11812.5 11807.3 
11987.2 11980.8 11976.7 11974.7 11975.4 11975.9 11977.9 11984.4 11992.6 11998.3 12009 12026.2 12037.4 12051.8 12083.8 12096 12107.6 12155.5 12147.5 12147.1 12145.1 12117.7 12105.1 12073.3 12035.4 12011.8 11988.4 11944.4 11903.1 11876.9 11864.5 11849.7 11854.4 11853.4 11844.2 11827.4 11818.8 11806.4 11800.2 
11979.4 11975.1 11971.6 11970.2 11970.6 11971.6 11981.4 11993.5 12004.5 12011.4 12039.2 12077.6 12116.4 12136.3 12188.3 12118.4 12044.4 12076 12082.4 12022.3 12000.9 12040.2 12114.7 12153.4 12143.9 12117.9 12053 11982.1 11922.6 11885.5 11873.6 11874.2 11890.1 11870.1 11853.8 11827.9 11820.7 11818.8 11820.9 
11974 11969.3 11966.4 11963.5 11963.3 11968.4 11978.3 12001.6 12016.1 12045.5 12075.8 12122.6 12197.6 12257.2 12092.6 11916.5 11792.8 11718.2 11648.9 11612 11645.1 11658.8 11749.9 11985.8 12138.3 12199.5 12118.8 12022 11929.2 11881.3 11869.7 11872.6 11873.5 11864.5 11846 11830.7 11819.7 11819.3 11824.6 
11968.8 11960.7 11950.3 11954.9 11958.7 11958.6 11974.6 12008 12045 12091.2 12095 12082.9 12148.4 12035.2 11750.8 11549.7 11474.6 11376.6 11295.4 11302.5 11349.4 11354.1 11417.2 11628.1 11804.7 12150.7 12128.2 12044.1 11952.8 11901.8 11869.4 11863.1 11861.7 11859.1 11846.9 11839.2 11834.7 11832 11826.1 
11963.6 11953.2 11945.5 11949.9 11960.1 11968.4 11972.2 12010.7 12087 12123.4 12063.2 11964.8 11859.6 11672.6 11456.3 11289.3 11250.1 11198.7 11161.5 11156.9 11192 11203.1 11243.5 11388.9 11599.9 11921.4 12041 12040.1 11996 11949.7 11896.7 11882.1 11871.8 11863.5 11853.9 11845.1 11839.3 11839.4 11831.2 
11959.4 11949.1 11941.3 11949.2 11962.2 11967.1 11969 12010.5 12102.1 12114.9 12001.7 11822.3 11615.4 11421.7 11276.6 11163.4 11127.1 11106.7 11099.5 11094.9 11112.1 11133.5 11160.4 11237.1 11407.3 11673.9 11884.9 12005.7 12080.2 12019.3 11927.2 11892.8 11877.6 11869.3 11863.8 11850.3 11840.9 11839.1 11834.2 
11955.5 11949.1 11947 11954.2 11971.2 11975.5 11968.8 12031.5 12106.9 12097.4 11943.5 11714.3 11481.6 11301.4 11185.8 11096.2 11053.4 11033.7 11025.9 11026.7 11047.7 11077.3 11109.3 11159.9 11237.5 11426.7 11698.2 11926.7 12098.2 12052.5 11961.3 11914.1 11889.9 11867.4 11853.2 11846.8 11840.8 11838.1 11837.8 
11956.1 11949.8 11946.1 11949.6 11960.6 11966.6 11966.5 12033.3 12114.4 12103.2 11900.8 11638.8 11378.1 11221.2 11125.3 11041 10992.2 10964.4 10949.5 10961.9 10989.1 11015.7 11053.4 11106.1 11166.3 11279.2 11539.8 11824.7 12008.7 12040.7 11974.9 11903.9 11885 11863.4 11850.5 11845.9 11848.1 11845.3 11851.1 
11959.2 11950.6 11941.4 11939.8 11948.5 11957.6 11971.3 12034.1 12113.8 12081.8 11866.6 11593 11327.2 11184.3 11084 10989.4 10939.1 10918 10912.8 10925.9 10950.2 10977.5 11013.1 11061.5 11126 11202.5 11421.6 11763 11996.2 12049.1 11982.6 11889.5 11869.1 11853.4 11843.3 11841.2 11844 11841.7 11839 
11964.3 11954.5 11945 11943.5 11955.2 11961.2 11975 12031.6 12105 12050.9 11838.4 11572.6 11307.3 11178.9 11064.9 10959.9 10903.2 10880.8 10863.5 10874.6 10911.4 10958.1 10984.6 11038.8 11098.1 11167.3 11381.8 11723.2 11977.5 12080.2 12080.8 11895.3 11869.3 11865.7 11852.9 11843.5 11833.3 11832.5 11836.7 
11972.2 11960.5 11951.3 11943.2 11952.2 11962.5 11979.9 12033.6 12109.9 12038.9 11822 11560.9 11305.6 11189.8 11070.6 10960 10895.1 10869.7 10830.9 10833.3 10877 10937.8 10961.6 11013.1 11077 11152 11349.3 11671.6 11937.8 12094.7 12079.1 11898 11877.3 11882.9 11867.3 11850.2 11841.3 11836.2 11845.6 
11969.4 11966.7 11963.2 11960.9 11955.8 11962 11975.1 12022.8 12109.5 12031.9 11819.6 11564.3 11339.2 11224.1 11102.4 10982.3 10903.9 10879.3 10850.7 10844.8 10870.2 10906.8 10944.6 10999.8 11072.1 11150.2 11344.4 11656.2 11905.1 12065.5 12074.6 11897.7 11887.3 11892.9 11881.5 11871.1 11862.6 11845.3 11845.8 
11972.6 11972.9 11975.4 11984.2 11965.3 11963.4 11969.7 12006.4 12090.4 12023.6 11845.4 11622.5 11428.2 11301.9 11166.1 11030.2 10929.9 10899.5 10884.3 10877.9 10877.5 10899.4 10946.3 11011.9 11074.6 11163.7 11391.5 11741.9 11901.9 11997.1 11999.9 11940.8 11908 11904.6 11893.4 11885.3 11873.4 11860.3 11856.3 
11977.1 11976.5 11977.4 11978.7 11974.6 11965.7 11971.1 11998.7 12062 12029.2 11915 11753.1 11583.5 11431.3 11267.7 11112.9 10999.7 10942 10922.1 10902.6 10912.4 10926.5 10982.2 11043.3 11093.7 11239.3 11558.5 11669.9 11863.8 12002 11997.5 11943.9 11923.3 11914.3 11899.6 11890.6 11883.2 11865.2 11860.8 
11983.6 11981.4 11977.5 11968.1 11961.6 11962.9 11973.2 11998.1 12043.9 12048.6 12022.1 11974 11795.8 11592.8 11389.6 11203.2 11064.1 11022.9 10992.4 10967.5 10971.8 10999.1 11037.7 11088.9 11171.5 11463.3 11661.4 11656.7 11852.8 12018.1 11976.1 11923.5 11914.1 11906.3 11899.3 11887.3 11884.3 11872.5 11870.6 
11984.8 11986.4 11984.3 11969.6 11955.8 11965.6 11975.5 11986.8 12025.4 12070.4 12114.1 12186.9 11985.5 11745.4 11520.6 11316.4 11134.7 11102.9 11088.2 11061.3 11059.1 11086.8 11121.6 11197.5 11391.4 11599.8 11700.7 11794 11916.2 11987.8 11931.7 11901.2 11903.7 11905 11899.8 11903.9 11903 11890.9 11885.8 
11990.9 11998.5 11999.2 12007.9 11981 11973.6 11979.8 11995.6 12017.1 12071.1 12129.8 12177.2 12038.6 11858.5 11679.7 11501.2 11325 11263.8 11243.9 11179.2 11170.2 11203.3 11272.9 11393.3 11542.7 11712.9 11871 12068.7 11985.3 11940.6 11897.2 11891.2 11892.2 11895.1 11896.1 11900.3 11914.7 11896.7 11878.4 
11993 12001.2 11997.2 11988.7 11976.4 11975.3 11980.3 11990 12010.2 12048.5 12092.5 12116.5 12045.8 11947.1 11835.9 11728.1 11664.3 11590.3 11496.7 11404.7 11397.1 11425.2 11509.1 11588.5 11784.6 11959.7 12141.2 12044.1 11969.6 11912.7 11885.9 11894.8 11911.9 11899.6 11891.2 11890.1 11903.7 11891.9 11868.8 
11987.8 11995.9 11985.9 11969.3 11966.2 11971.1 11975.3 11981.3 11996.9 12022.9 12049.9 12065.6 12030.2 11992.5 11954.5 11929.1 11895.1 11858.2 11788.5 11731.3 11737.3 11767.5 11840.4 11951.9 12050.9 12113.3 12014.5 11953.3 11925.8 11899.3 11891.2 11899.9 11914.2 11897.8 11884.9 11876.1 11874.3 11880.3 11868.5 
11983.7 11997.7 11978.5 11965.8 11972.3 11968.4 11967.2 11969.5 11982.6 11996.2 12008.8 12021.8 12020.1 12021.6 12026.7 12060.1 12135.3 12091.5 12016.2 12036.2 12163.8 12164.9 12109.1 12204.5 12181.8 12121.3 11981.4 11930.4 11910.3 11896.8 11888.6 11895.7 11898 11889.9 11879.7 11872.2 11880.6 11878.9 11863.5 
11969.5 11967.5 11973.7 11970.2 11968.2 11963.6 11958.7 11957.2 11966.1 11975.2 11982.1 11989.7 11998.7 12012.9 12034.3 12075.8 12113.3 12146.3 12085 12082.8 12115.4 12167.5 12121.3 12070.8 12043.4 11992 11964.2 11912.9 11897.6 11887.7 11881.4 11889.5 11893.9 11888.3 11883 11883.2 11888 11880 11871.5 
11971.2 11973.2 11976.6 11975.5 11967.7 11961.2 11956 11952.5 11960.1 11963.9 11968.1 11977.6 11989.9 12003.2 12014.8 12017.2 12001.4 12013.2 12037.1 12027.9 12008.6 12016.2 12015.8 11990.2 11980 11950.3 11933.9 11907.6 11884.4 11879 11881 11882.9 11884.3 11882 11886.3 11888.6 11891 11878.5 11872.1 
11975.2 11972.7 11976.6 11973.2 11963.3 11958.4 11959.4 11958.2 11957.7 11962.9 11970 11975.3 11984 11988.5 11986.9 11980.2 11975.1 11979.9 11992.3 11991.4 11977.9 11955.6 11953.3 11945.1 11936 11936.2 11928.2 11906.8 11878.3 11877.6 11878.9 11875.5 11869.4 11870.7 11886 11889.9 11882.3 11879.2 11873.2 
11975 11972.4 11968.3 11962.1 11951.8 11949.8 11964 11970.6 11955.9 11967.3 11989.4 11983 11977.7 11974.3 11970.2 11963 11965.3 11973.7 11982.7 11983.1 11971.7 11950.3 11938.4 11931.6 11934.7 11933.4 11927.6 11910.5 11891.4 11879 11880.8 11878.2 11870.4 11870.1 11885.1 11897.1 11891.3 11876.8 11883.5 
11979.7 11961.9 11952.3 11950.5 11947.6 11949.5 11960.5 11962.3 11957.4 11967.3 11986.9 11982.7 11973 11968 11963.6 11960.2 11963.6 11977.3 11983.6 11981.2 11956.7 11939.2 11933 11932.9 11936.5 11943.7 11938.5 11916.3 11902.9 11893.1 11891.3 11889.5 11879.1 11874.2 11896.8 11905.7 11893.1 11874.4 11880.1 
11970.4 11953.6 11947.9 11949.8 11949.4 11956 11959 11955.8 11944.9 11948.9 11964.1 11971.8 11967 11965.2 11963 11962 11969.4 11979.4 11982.4 11976.7 11958.2 11941.7 11931.6 11925.8 11923.6 11938.1 11938.9 11924.1 11908.8 11908.8 11905.7 11900.1 11891.6 11887.6 11894.5 11896.5 11895.2 11870.1 11868.5 
11969.8 11955.3 11950.2 11950.2 11944.4 11933 11936.3 11939.5 11933.7 11935.9 11954.4 11960.7 11962.7 11964.3 11964.6 11965.5 11969.5 11971.5 11969 11963.9 11954.4 11943.4 11934.2 11926.2 11922.1 11937.1 11939.5 11945.5 11927.1 11940.2 11921.6 11902.3 11900.1 11903.7 11905.7 11889.7 11877.5 11858.4 11861.3 
11965.4 11958.8 11954.7 11955.3 11948.6 11937.4 11928.5 11930.7 11936.4 11944.4 11949.1 11952.7 11958.3 11962.6 11966.3 11968.6 11967.6 11963.9 11956.8 11949.4 11950 11947.8 11943.6 11934 11932.2 11931.5 11936.5 11950 11950.8 11943.4 11928 11918.4 11899.2 11884.5 11876.6 11865.8 11867.8 11860.7 11863.3 
11957.5 11956.9 11960.9 11960.9 11959.9 11960.3 11942.1 11935 11936.7 11937.2 11942.3 11948.5 11955.5 11962.3 11967.7 11969.7 11966.9 11959.4 11950.2 11946.4 11948.1 11948.4 11940.3 11937 11934.8 11933.5 11936.1 11943 11946 11932.8 11915.3 11901.8 11887.1 11869.9 11864.5 11869.2 11872.7 11875.1 11876.4 
11954.4 11948.7 11952.7 11958.5 11962.7 11967.6 11946.6 11937.8 11937.4 11941.7 11938.6 11944.9 11953.2 11961.6 11970.9 11975.2 11967.1 11959.8 11955.9 11951.1 11947.2 11943.5 11941.2 11936.9 11934.8 11932.8 11932.3 11938.4 11932.5 11911.7 11900 11889.3 11884 11875.6 11872.5 11883 11881.5 11879.3 11876.5 
