real_craters/C101-300m.grd
DSAA
223 223
-33.355 33.355
-33.355 33.355
3423.3602733471 5246.9132977001
[rows 150 to 179 of 223, columns 0 to 66 of 223]
4466.48 4467.13 4468.34 4469.48 4470.5 4469.64 4468.29 4467.5 4466.95 4466.91 4467.03 4467.99 4469.72 4473.07 4467.67 4447.25 4446.49 4446.7 4444.9 4440.66 4429.29 4416.11 4409.43 4412.32 4428.56 4429.59 4418.89 4415.06 4415.1 4415.79 4413.4 4410.35 4406.85 4402.28 4398.16 4397.26 4398.52 4398.93 4398.72 4398.73 4398.01 4397.4 4396.75 4395.99 4395.32 4394.24 4391.03 4387.83 4392.33 4392.59 4391.36 4390.4 4388.97 4387.32 4392.48 4397.46 4401.02 4403.84 4406.95 4410 4412.83 4412.16 4408.15 4401.03 4394.98 4391.3 4391.41
4465.35 4467.37 4469.25 4470.89 4472.26 4471.59 4469.97 4468.77 4468.18 4468.3 4469.65 4472.1 4475.65 4478.1 4476.03 4466.36 4453.59 4446.9 4441.33 4434.04 4434.7 4434.51 4439.02 4447.33 4449.43 4433.18 4426.51 4421.87 4420.05 4417.37 4415.36 4411.5 4405.85 4399.25 4394.37 4395.25 4395.35 4395.19 4395.43 4396.1 4396.25 4396.34 4396.1 4396.2 4396.75 4398.61 4402.09 4397.84 4398.19 4396.77 4396.43 4397.69 4399.8 4397.94 4400.85 4401.53 4402.1 4403.22 4404.79 4406.52 4407.76 4406.16 4395.65 4386.72 4386.29 4385.95 4386.23
4465.5 4467.22 4468.92 4470.47 4471.98 4471.59 4470.1 4468.88 4468.13 4468.14 4469.64 4472.28 4476.83 4480.87 4476.86 4467.17 4453.99 4446.16 4440.9 4437.78 4442.28 4456.02 4469.91 4464.42 4448.42 4434.91 4428.09 4424.62 4423.18 4422.71 4419.95 4413.18 4405.84 4399.3 4394.58 4392.44 4392.1 4392.5 4393.12 4394.28 4395 4395.54 4396.16 4396.5 4397.12 4398.98 4404.39 4403.26 4399.8 4400.17 4401.65 4405.35 4411.05 4415.31 4411.06 4404.2 4401.75 4401.48 4401.68 4401.95 4401.64 4397.85 4390.47 4383.34 4382.12 4382.55 4384.71
4464.33 4465.39 4466.75 4468.68 4470.38 4470.47 4469.21 4467.92 4466.88 4466.29 4466.61 4467.74 4470.42 4474.23 4459.32 4448.29 4446.06 4443.11 4440.48 4439.38 4441.17 4446.12 4449.51 4447.06 4440.99 4431.75 4423.7 4422.31 4423.99 4427.77 4424.73 4413.5 4404.32 4397.55 4392.92 4389.7 4389 4390.18 4391.56 4393.36 4394.49 4395.37 4395.99 4396.39 4396.3 4395.23 4392.24 4397.51 4398.92 4403.12 4405.2 4409.48 4418.61 4413.43 4405.78 4401.67 4399.72 4398.64 4397.87 4396.89 4395.64 4395.36 4387.66 4383.05 4381.18 4380.87 4383.44
4458.47 4459.7 4462.62 4466.18 4468.35 4468.67 4467.44 4465.89 4464.28 4462.73 4461.27 4459.73 4457.11 4451.01 4441.89 4437.44 4439.62 4440.24 4439.56 4437.98 4434.97 4427.45 4415.02 4417.03 4412.2 4406.37 4413.58 4417.25 4419.76 4420.83 4416.82 4409.22 4401.59 4394.05 4390.09 4388.1 4387.38 4389.28 4391.22 4392.92 4394.18 4394.75 4395.88 4396.72 4397.02 4395.59 4391.74 4398.55 4408.92 4406.72 4406.43 4407.25 4410.69 4403.66 4396.2 4396.49 4396.13 4395.28 4393.65 4391.7 4388.21 4381.3 4381.08 4382.6 4380.76 4379.73 4380.44
4450.49 4451.04 4457.53 4464.23 4467.59 4466.76 4465.2 4463.29 4461 4458.45 4455.5 4451.81 4446.52 4439.49 4436.85 4436.23 4437.95 4439.58 4440.02 4438.72 4433.57 4422.8 4411.58 4406.09 4401.85 4403.94 4409.86 4412.99 4413.02 4410.47 4406.26 4402.83 4399.05 4395.6 4392.02 4389.62 4388.38 4390.69 4392.4 4393.38 4394.34 4395.61 4396.88 4398.32 4400.25 4402.59 4404.59 4404.75 4405.04 4407.94 4406.32 4403.6 4402.03 4399.09 4394.2 4394.51 4393.9 4392.68 4390.71 4387.89 4384.01 4379.92 4379.57 4380.57 4380.44 4379.84 4380.94
4447.23 4446.3 4454.13 4460.4 4463.91 4463.94 4462.62 4460.48 4457.69 4454.34 4450.43 4445.7 4440.69 4436.55 4435.61 4436.83 4439.14 4441.25 4441.76 4441.55 4437.16 4425.91 4414.87 4411.64 4410.85 4415.73 4414.36 4411.88 4408.65 4404.6 4400.43 4398.04 4396.87 4396.11 4394.18 4393.49 4393.73 4394.08 4393.94 4394.4 4395.15 4396.32 4397.69 4399.64 4402.62 4407.57 4411.85 4410.5 4412.73 4410.81 4406.76 4402.3 4399.94 4399.81 4398.42 4394.92 4392.62 4390.72 4388.64 4386.19 4383.46 4381.35 4380.76 4381.92 4381.59 4381.09 4383
4450.78 4451.27 4454.83 4458.03 4460.22 4461.07 4459.85 4457.35 4454.03 4450.11 4445.79 4441.31 4437.05 4435.18 4436.25 4438.74 4441.76 4444.41 4445.82 4444.5 4440.19 4434.22 4429.05 4431.83 4441.49 4429.23 4419.4 4412.99 4407.29 4401.33 4395.32 4394.48 4394.6 4395.02 4394.93 4396.02 4399.6 4396.68 4395.69 4395.35 4396.04 4396.89 4397.9 4399.77 4401.63 4404.08 4407.3 4410.55 4414.11 4412.33 4406.68 4401.67 4398.46 4396.96 4396.23 4393.56 4391.07 4389.08 4387.23 4385.45 4383.85 4382.68 4382.45 4382.68 4382.56 4382.6 4384.04
4455.89 4456.97 4458.79 4458.82 4459.89 4459.65 4457.54 4454.31 4450.42 4446.19 4441.79 4437.84 4434.26 4434.5 4438.14 4441.87 4446.38 4450.41 4453.08 4451.2 4445.12 4445.69 4445.8 4443.35 4436.07 4428.19 4420.57 4413.69 4407.73 4401.6 4396.97 4394.25 4393.64 4393.78 4394.67 4395.22 4394.93 4395.12 4395.68 4396.1 4396.8 4397.43 4397.98 4398.21 4399.16 4400.44 4403.1 4406.67 4409.06 4409.13 4404.87 4400.98 4398.15 4397.14 4393.96 4391.54 4389.83 4388.37 4386.95 4385.69 4384.59 4384.12 4384.23 4384.61 4385.06 4385.85 4387.46
4460.43 4463.39 4464.66 4465.88 4463.21 4460.16 4456.63 4452.61 4448.24 4443.8 4439.23 4435.35 4432.9 4434.09 4438.78 4444.82 4451.37 4457.99 4463.17 4465.61 4460.76 4461.66 4452.92 4442.36 4431.85 4425.56 4419.62 4414.46 4409.72 4404.16 4397.94 4394.36 4393.95 4395.06 4395.38 4395.71 4393.94 4395.69 4397.05 4397.1 4397.11 4397.44 4398.17 4397.66 4396.74 4396.23 4398.8 4402.57 4405.73 4402.67 4401.82 4399.5 4395.73 4393.62 4391.24 4389.68 4388.99 4388.07 4387.14 4386.25 4385.53 4385.24 4385.77 4387.61 4389.63 4390.22 4391.46
4462.66 4465.06 4467.33 4469.1 4465.36 4460.6 4456.05 4451.4 4446.66 4441.95 4437.57 4433.74 4431.5 4434.01 4439.52 4447.37 4455.77 4464.63 4474.15 4484.93 4500.6 4484.34 4461.73 4443.63 4434.29 4421.15 4418.07 4416.99 4414.17 4409.48 4403.22 4398.49 4395.11 4394.98 4397.65 4399.5 4401.79 4402.42 4400.12 4398.9 4398.99 4399.12 4399.39 4399.01 4397.18 4393.12 4396.78 4399.72 4399.38 4399.52 4400.34 4399.15 4395.44 4394.16 4391.56 4389.97 4389.36 4388.58 4387.92 4387.17 4386.58 4386.35 4387.16 4389.27 4391.65 4391.08 4392.42
4463.13 4464.59 4466.06 4466.42 4464 4459.65 4454.78 4449.79 4444.98 4440.3 4436.38 4432.91 4430.3 4434.25 4441.37 4450.68 4460.6 4471.3 4482.78 4494.61 4502.06 4492.78 4472.17 4450.63 4439.84 4428.76 4425.45 4425.14 4423.14 4420.3 4415.43 4410.62 4405.08 4401.94 4403.43 4403.3 4405.37 4404.89 4400.1 4399.54 4399.97 4400.21 4401.09 4402.05 4402.41 4400.38 4401.07 4400.73 4399.56 4399.56 4401.48 4402.21 4403.95 4399.29 4394.74 4391.77 4390.17 4389.44 4388.94 4388.21 4387.63 4387.33 4387.76 4390.23 4391.64 4392.49 4394.1
4462.59 4463.07 4464.01 4464.56 4462.29 4458.47 4453.79 4448.81 4443.87 4439.32 4435.53 4433.31 4433.24 4436.33 4443.29 4453.04 4463.55 4474.48 4486.2 4497.13 4501.93 4499.97 4489.78 4474.25 4461.73 4448.45 4440.6 4437.71 4435.13 4434.29 4433.97 4433.66 4432.6 4421.69 4411.95 4405.26 4398.06 4391.94 4397.29 4399.92 4400.68 4401.29 4402.59 4404.68 4408.56 4415.13 4406.84 4403.35 4402.81 4407.84 4403.12 4399.65 4400.51 4396.71 4392.24 4390.67 4390.93 4390.9 4390.37 4389.62 4388.95 4388.5 4389.12 4392.31 4398.08 4401.42 4398.17
4461.87 4461.73 4462.13 4462.78 4460.6 4456.89 4452.25 4447.26 4442.35 4437.73 4434.21 4432.94 4434.44 4438.3 4445.46 4454.55 4464.45 4475.17 4486.32 4497.9 4511.63 4516.57 4507.22 4507.81 4497.09 4478.36 4462.18 4450.07 4444.48 4444.88 4452.22 4463.83 4452.57 4431.62 4415.9 4407.58 4401.11 4395.23 4401.36 4401.73 4401.64 4401.73 4402.04 4403.78 4406.69 4408.85 4405.96 4403.18 4402.39 4404.03 4402.25 4400.67 4399.55 4393.98 4390.86 4391.64 4393.23 4393 4392.17 4391.26 4390.45 4389.94 4389.8 4392.84 4397.38 4398.01 4398.37
4461.51 4461.07 4461.16 4461.68 4459.26 4455.01 4450.12 4445.03 4440.12 4435.77 4432.4 4431.17 4433.25 4439.48 4447.1 4455.36 4464.32 4473.51 4482.76 4491.45 4498.87 4500.03 4501.97 4511.56 4509.54 4504.58 4472.17 4454.35 4446.57 4445.19 4448.63 4449.3 4426.44 4416.21 4410.74 4407.93 4409.85 4419.35 4408.37 4403.62 4401.94 4401.3 4400.92 4400.47 4400.31 4401.36 4401.14 4400.27 4398.85 4397.16 4399.24 4397.48 4395.12 4391.43 4391.02 4396.63 4396.42 4395.14 4393.89 4392.96 4392.14 4391.74 4392.36 4394.25 4396.69 4397.41 4397.64
4461.43 4460.76 4461.41 4462.2 4458.3 4453.68 4448.62 4443.52 4438.62 4434.17 4430.39 4428.66 4432.1 4441.56 4447.46 4454.7 4462.47 4470.17 4477.28 4481.52 4480.41 4475.15 4479.25 4472.47 4470.65 4465.04 4456.45 4447.31 4441.26 4436.2 4430.06 4414.87 4396.61 4400.07 4402.53 4403.71 4405.78 4406.41 4403.66 4401.66 4400.14 4399.71 4399.16 4397.44 4394.08 4393.99 4397.07 4397.8 4397.04 4396.42 4398.86 4398.01 4394.96 4391.62 4390.65 4396.9 4397.55 4396.61 4395.52 4394.56 4393.76 4393.36 4393.79 4394.66 4395.23 4395.73 4397.62
4461.56 4461.52 4462.35 4461.63 4456.95 4451.66 4446.46 4441.42 4436.7 4432.41 4428.66 4425.69 4429.19 4438.31 4445.54 4452.58 4459.57 4466.11 4471.38 4474.04 4473.45 4471.08 4468.37 4458.13 4449.64 4446.1 4440.02 4438.06 4434.49 4428.02 4417.73 4403.46 4397.04 4395.74 4397.36 4398.71 4398.62 4395.9 4396.15 4396.82 4397.55 4397.93 4397.98 4397.43 4396.2 4395.78 4396.84 4397.28 4397.03 4398.6 4398.11 4395.32 4395.43 4394.21 4392.84 4395.33 4397.42 4397.52 4396.73 4395.89 4395.14 4394.66 4394.06 4393.57 4396.74 4400.2 4398.78
4461.19 4461.7 4461.68 4459.25 4454.33 4449.5 4444.58 4439.85 4435.46 4431.74 4428.78 4426.5 4428.82 4435.91 4442.39 4449.12 4455.51 4461.39 4466.65 4470.39 4472.61 4473.57 4470.06 4463.47 4454.37 4448.11 4439.51 4436.04 4432.22 4424.87 4414.49 4403.19 4396.94 4395.94 4396.26 4395.92 4394.8 4393.03 4392.55 4393.23 4394.36 4395.69 4397.13 4399.09 4400.76 4399.9 4398.91 4398.33 4397.34 4395.23 4395.66 4392.88 4396.46 4397.29 4395.06 4396.53 4398.78 4398.74 4397.76 4396.9 4396.33 4396.18 4396.65 4397.98 4399.46 4398.62 4399.27
4460.12 4460.72 4461.39 4455.41 4450.84 4446.46 4441.96 4437.58 4433.68 4430.8 4429.47 4430.01 4429.93 4432.93 4440 4446.18 4451.97 4457.37 4462.47 4467.43 4472.45 4475.63 4473.91 4467.11 4457.39 4451.21 4446.78 4441.48 4434.92 4427.05 4416.91 4405.62 4399.38 4399.37 4399.02 4397.16 4394.6 4391.38 4390.46 4391.54 4393.11 4395.39 4397.56 4400.09 4402.51 4402.51 4401.87 4400.94 4399.98 4399.47 4396.05 4395.31 4400.54 4401.97 4394.89 4397.29 4400.82 4400.04 4398.77 4397.86 4397.47 4397.71 4399.45 4404.08 4407.16 4403.31 4400.54
4457.82 4456.87 4453.2 4449.48 4447.25 4443.77 4439.67 4435.5 4431.79 4429.22 4428.86 4430.91 4429.72 4432.14 4439.44 4445.2 4450.46 4455.11 4459.6 4464.78 4470.68 4476.04 4476.23 4468.96 4457.68 4454.21 4452.1 4447.01 4440.38 4433.38 4424.57 4413.43 4408.77 4408.5 4405.41 4401.38 4397.13 4392.74 4390.76 4392.65 4393.4 4394.99 4397.24 4400.3 4402.9 4404.14 4404.91 4405.44 4405.2 4402.86 4401.8 4403.27 4406.89 4407.71 4398.21 4397.73 4401.02 4400.01 4399.05 4398.19 4397.75 4397.75 4398.42 4399.65 4403.73 4404.55 4400.21
4455.36 4453.98 4450.95 4448.17 4445.34 4441.81 4437.77 4433.54 4429.58 4426.49 4425.26 4427.56 4433.44 4437.07 4440.47 4443.89 4447.81 4451.56 4455.28 4459.72 4465.14 4473.17 4475.94 4467.13 4457.29 4455.92 4454.67 4450 4446.15 4443.48 4439.22 4431.96 4432.29 4422.53 4413.98 4407.27 4401.89 4398.79 4397.18 4395.67 4394.33 4394.76 4395.52 4398.48 4403.65 4405.39 4408.84 4411.86 4413.88 4411.75 4414.65 4413.95 4413.96 4411.98 4401.19 4396.71 4398.25 4398.46 4398.17 4397.82 4397.35 4396.57 4395.71 4394.12 4395.56 4396.95 4395.69
4453.27 4452.41 4450.6 4447.95 4444.51 4440.69 4436.51 4432.08 4427.66 4423.65 4420.7 4422.85 4440.32 4441.72 4440.45 4441.85 4444.43 4446.73 4448.73 4450.96 4453.11 4455.11 4457.3 4458.08 4456.31 4454.94 4450.52 4446.78 4450.66 4454.86 4458.6 4458.33 4448.4 4433.73 4421.5 4413 4406.99 4404.28 4404.17 4398.26 4395.51 4394.3 4394.16 4395.07 4397.93 4404.97 4412.19 4419.33 4426.46 4430.55 4430.75 4427.15 4419.95 4412.23 4402.58 4397.67 4396.23 4396.92 4397.21 4396.85 4396.32 4395.43 4394.28 4393.11 4392.67 4390.9 4390.14
4451.17 4450.69 4449.4 4447.13 4444.01 4440.13 4435.91 4431.36 4426.62 4422.01 4418.55 4419.97 4426.32 4435.64 4437.97 4439.16 4440.33 4441.29 4441.81 4441.65 4439.87 4434.4 4428.8 4438.02 4449.7 4452.11 4449.3 4448.51 4454.61 4464.71 4476.07 4480.38 4459.19 4437.98 4425.73 4417.26 4410.31 4405.26 4399.18 4398.45 4397.23 4395.58 4394.33 4393.24 4396.53 4405.1 4415.15 4426.17 4439.2 4450.46 4450.71 4439.68 4424.35 4408.9 4401.07 4398.86 4395.97 4396.61 4396.87 4396.34 4395.51 4394.59 4393.73 4392.84 4392.08 4387.7 4386.06
4448.99 4448.69 4447.96 4446.59 4443.7 4439.96 4435.84 4431.47 4426.73 4421.96 4417.96 4419.25 4429.55 4431.28 4434.26 4436.3 4437.34 4437.47 4436.69 4434.69 4430.69 4424.25 4419.72 4427.91 4440.99 4446.67 4446.29 4447.39 4455.08 4468.25 4484.08 4489.86 4455.11 4433.95 4426.17 4420.15 4414.05 4408.76 4404.87 4401.58 4400.62 4398.78 4396.17 4393.69 4396.74 4406.23 4417.29 4429.98 4446.58 4464.44 4465.9 4447.79 4426.59 4408.87 4398.63 4395.85 4397.47 4398.24 4397.18 4395.95 4394.81 4393.84 4393.16 4392.61 4390.39 4386.47 4384.76
4446.99 4446.68 4446.5 4445.94 4443.44 4440.19 4436.63 4432.88 4428.85 4424.53 4419.79 4417.96 4419.58 4428.27 4432.13 4433.96 4434.57 4434.19 4432.85 4429.6 4425.75 4421.57 4416.87 4425.26 4436.69 4442.65 4441 4439.67 4451.37 4464.61 4475.28 4477.58 4449.54 4432.49 4427.7 4423.84 4419.64 4414.29 4408.66 4406.04 4406.01 4404.08 4401.14 4399.57 4401.84 4408.1 4417.36 4428.4 4441.92 4459.18 4470.19 4445.07 4423.21 4405.41 4394.48 4394.21 4399.46 4399.82 4396.84 4394.95 4393.82 4393 4392.05 4390.9 4387.25 4387.09 4388.75
4445.38 4445.24 4445.24 4444.78 4443.03 4440.57 4437.85 4435.12 4432.39 4429.81 4427.52 4426.31 4427.47 4429.8 4431.99 4432.9 4432.93 4431.19 4429.73 4427.85 4425.12 4423.98 4425.48 4427.62 4434.28 4437.49 4436.19 4441.02 4454.5 4461.94 4460.14 4452.29 4445.87 4437.89 4432.49 4429.67 4427.23 4423.71 4418.17 4415.93 4415.57 4411.69 4407.44 4403.15 4404.62 4409.03 4415.26 4422.5 4429.42 4433.41 4433.72 4426.11 4415.46 4401.58 4391.75 4390.96 4395.59 4396.24 4394.31 4393.32 4392.78 4392.05 4391.12 4389.01 4386.66 4386.85 4387.33
4444.24 4444.59 4444.32 4443.81 4442.51 4440.79 4438.95 4437.34 4436.29 4435.96 4435.68 4435.69 4435.16 4433.86 4433.62 4432.6 4431.83 4429.96 4428.63 4427.3 4425.93 4425.77 4426.26 4431.71 4438.23 4439.71 4448.97 4465.89 4473.5 4468.01 4459.08 4450.72 4445.53 4440.46 4437.44 4436.01 4435.92 4436.81 4437.85 4436.59 4429.44 4419.97 4412.95 4411.47 4407.83 4408.38 4411.6 4415.42 4417.39 4416.06 4417.32 4419.34 4409.25 4398.66 4390.77 4389.12 4388.62 4388.29 4390.18 4391.05 4391.26 4391.11 4390.78 4390.91 4389.04 4387.19 4385.62
4443.05 4443.53 4443.33 4442.81 4441.99 4440.91 4439.77 4439.01 4439.22 4441.06 4444.28 4441.38 4438.69 4436.67 4435.02 4433.18 4431.8 4430.78 4428.77 4428.16 4428.55 4429.13 4433.27 4444.2 4458.49 4476.24 4488.27 4495.55 4490.58 4478.62 4463.39 4454.25 4449.29 4443.62 4442.9 4442.17 4443.37 4448.07 4457.81 4461.25 4441.17 4423.95 4412.79 4407.52 4405.51 4406.35 4408.35 4410.15 4410.3 4408.75 4409.4 4410.96 4402.76 4396.64 4391.86 4390.31 4386.72 4384.98 4387.97 4389.6 4390.19 4390.29 4390.14 4389.46 4390.72 4388.31 4386.36
4441.67 4441.82 4442.18 4442.11 4441.68 4440.8 4440.09 4439.69 4439.87 4441.32 4445.02 4443.32 4441.06 4439.07 4436.38 4434.4 4432.21 4430.83 4430.36 4429.62 4430.58 4433.1 4438.98 4451.62 4476.53 4508.22 4518.27 4513.7 4503.12 4494.92 4475.81 4464.78 4459.84 4455.63 4449.59 4446.52 4445.94 4449.34 4457.23 4461.43 4437.28 4420.56 4408.1 4399.38 4401.34 4403.76 4405.96 4407.39 4407.47 4405.18 4403.08 4394.79 4396.4 4394.94 4394.11 4390.12 4387.93 4388.33 4389.05 4389.3 4389.37 4389.3 4389.46 4390.62 4389.7 4388.07 4386.48
4440.84 4441.15 4441.09 4441.07 4440.92 4440.31 4440.12 4439.96 4439.31 4437.37 4435.42 4443.62 4443.03 4440.31 4436.31 4433.35 4431.45 4429.92 4430.21 4430.25 4431.44 4433.94 4434.11 4442.89 4475.26 4515.81 4525.26 4526.71 4532.73 4520.19 4502 4485.75 4473.59 4461.07 4454.93 4448.52 4444.01 4440.83 4435.62 4423.19 4419.11 4412.23 4404.2 4398.78 4400.16 4402.61 4404.85 4406.56 4408.08 4408.51 4403.89 4399.74 4396.01 4393.48 4390.95 4389.87 4390.5 4392.39 4390.77 4389.33 4388.74 4388.32 4388.01 4387 4387.94 4387.56 4387.8
