real_craters/C101-300m.grd
DSAA
223 223
-33.355 33.355
-33.355 33.355
3423.3602733471 5246.9132977001
[rows 120 to 149 of 223, columns 134 to 200 of 223]
3851.53 3929.44 4010.1 4093.34 4180.65 4271.46 4366.98 4494.59 4606.07 4664.63 4664.77 4657.02 4639 4603.49 4608.39 4605.48 4591.65 4571.82 4548.14 4522.09 4494.54 4468.44 4443.52 4426.37 4418.19 4412.67 4407.17 4402.1 4396.83 4392.92 4392.46 4395.46 4399.68 4403.68 4408.21 4412.45 4415.97 4418.14 4420.34 4419.94 4419.12 4415.52 4407.57 4392.76 4367.21 4333.59 4300.71 4283.62 4308.8 4345.32 4366.07 4373.97 4374.86 4372.5 4369.2 4366.12 4361.42 4357.87 4354.55 4351.56 4350.57 4350.76 4348.85 4344.99 4337.48 4341.11 4348.37
3893.34 3968.44 4047.17 4127.13 4210.37 4292.92 4377.13 4480.43 4573.45 4613.22 4635.18 4650.39 4654.97 4651.44 4633.17 4616.26 4596.2 4573.69 4548.65 4522.17 4494.94 4468.94 4444.92 4427.09 4418.18 4411.34 4405.09 4399.96 4394.13 4390.35 4388.49 4390.06 4394.01 4397.84 4401.96 4406.2 4409.87 4411.82 4413.6 4414.55 4412.31 4406.25 4397.23 4380.23 4353.41 4321.59 4293.3 4285.17 4310.37 4342.85 4361.79 4370.08 4373.51 4373.36 4371.82 4367.61 4364.75 4362.62 4360.88 4361.89 4365.42 4368.3 4362.64 4361.66 4366.27 4359.88 4359.63
3935.63 4010.77 4088.13 4164.8 4245.54 4323.84 4402.85 4479.79 4539.44 4573.76 4613.08 4649.7 4672.3 4682.93 4655.92 4629.61 4603.61 4577.55 4551.18 4524.18 4496.79 4471.35 4448.74 4431.33 4420.11 4412.35 4405.26 4399.24 4392.33 4387.21 4384.88 4385.86 4388.93 4392.39 4396.25 4400.77 4404.06 4406.07 4407.73 4407.21 4405.01 4399.79 4390.28 4375.74 4345.6 4313.3 4288.3 4286.35 4316.65 4350.83 4362.71 4369.2 4373.04 4374.26 4373.53 4370.96 4368.58 4366.03 4364.33 4365.2 4368.46 4372.6 4367.22 4367.28 4369.88 4370.55 4367.04
3977.67 4052.55 4129.23 4205.18 4282.95 4357.94 4428.96 4493.53 4541.05 4574.21 4620.27 4661.68 4682.67 4683.81 4664.65 4637.47 4608.43 4580.84 4553.24 4525.71 4500.21 4475.3 4452.29 4435.55 4423.87 4414.19 4405.68 4398.01 4391.38 4385.15 4382.08 4381.71 4384.69 4387.85 4391.79 4395.22 4398.27 4400.56 4401.42 4402 4398.52 4392.79 4382.9 4366.64 4336.29 4305.74 4285.25 4290.62 4323.97 4359.19 4365.84 4369.82 4373.81 4375.74 4375.02 4373.28 4369.89 4366.66 4364.87 4363.36 4361.2 4358.29 4361.88 4364.58 4367.84 4371.09 4370.11
4021.68 4098.02 4174.57 4249.18 4326.41 4397.06 4459.8 4524.64 4589.85 4635.72 4668.11 4692.73 4698.39 4689.38 4668.1 4640.06 4610.42 4583.42 4554.37 4530.45 4504.57 4480.95 4461.16 4442.22 4428.68 4416.55 4406.66 4397.93 4390.79 4383.44 4378.8 4378.69 4382.16 4385.19 4389.33 4392.83 4396.47 4398.51 4399.42 4398.81 4394.78 4387.98 4376.54 4355.67 4326.3 4296.73 4280.11 4292.66 4328.07 4363.49 4369.11 4371.94 4375.32 4376.56 4375.47 4373.21 4369.4 4366.5 4362.82 4360.42 4355.76 4351.15 4357.04 4360.5 4363.57 4368.6 4369.39
4072.14 4147.06 4223.83 4301.19 4376.45 4447.43 4509.56 4577.86 4665.91 4731.1 4739.22 4734.79 4722.04 4698.66 4671.23 4641.37 4611.96 4584.85 4556.76 4532.5 4508.06 4484.7 4464.3 4447.38 4432.46 4419.73 4408.68 4399.49 4391.26 4383.91 4381.1 4377.28 4379.21 4382.02 4386.39 4390.37 4393.84 4396.01 4396.31 4394.91 4391.32 4384.67 4373.38 4352.81 4318.61 4286.87 4266.83 4288.47 4328.36 4362.24 4370.48 4375.5 4378.95 4378.62 4375.65 4372.39 4367.98 4364.18 4361.94 4357.2 4355.56 4355.8 4358.39 4360.74 4362.43 4364.05 4366.3
4121.91 4195.91 4272.55 4350.19 4428.11 4505.44 4576.64 4644.25 4724.07 4772.1 4782.73 4760.78 4743.23 4705.97 4665.97 4634.58 4606.56 4580.05 4556.26 4532.99 4509.71 4487.63 4466.81 4451.91 4437.47 4423.67 4412.53 4401.88 4392.33 4384.41 4377.69 4374.85 4377.75 4381.11 4384.33 4389.25 4392.2 4394.15 4394.66 4393.61 4389.1 4381.93 4369.92 4346.33 4312.11 4280.37 4263.04 4290.02 4331.81 4365.35 4380.85 4385.53 4383.44 4380.23 4376.42 4371.66 4367.59 4363.28 4358.32 4355.62 4354.69 4359.29 4360.12 4359.93 4360.91 4362.34 4363.09
4169.31 4240.3 4314.97 4391.85 4471.28 4556.74 4650.78 4750.65 4772.85 4780.85 4786.74 4755.35 4705.97 4672.38 4643.88 4618.07 4593.78 4571.69 4548.52 4530.56 4511.19 4493.27 4474.58 4457.81 4442.19 4428.09 4415.75 4403.92 4393.73 4384.06 4374.31 4372.75 4376.51 4380.24 4384.08 4387.49 4390.43 4392.25 4393.13 4392.52 4388.45 4380.87 4367.65 4342.28 4307.37 4278.06 4270.25 4297.12 4339.3 4372.62 4385.77 4389.33 4385.87 4381.24 4376.83 4371.7 4366.6 4361.36 4356.3 4352.22 4349.18 4349.39 4352.5 4364.55 4359.12 4353.91 4354.75
4213.6 4281.87 4353.02 4425.68 4501.51 4583.33 4675.41 4772.94 4769.21 4765.08 4785.8 4728.49 4660.82 4631 4613.23 4595.53 4577.71 4560.01 4542.4 4525.59 4511.31 4501.45 4488.16 4463.77 4446.04 4430.72 4418.44 4406.8 4396.03 4386.68 4376.64 4374.06 4377.1 4381.21 4384.68 4388.64 4391.35 4391.36 4393.48 4392.4 4388.75 4381.17 4366.11 4338.66 4304.2 4274.35 4269.07 4303.19 4345.69 4374.93 4385.51 4388.45 4383.68 4379.38 4374.96 4370.17 4364.54 4359.34 4353.54 4346.83 4341.56 4335.22 4334.22 4336.37 4343.35 4343.42 4347.68
4255.24 4322.13 4384.88 4449.23 4514.19 4579.65 4636.06 4666.32 4681.07 4687.71 4708.06 4665.48 4613.78 4591.94 4582.19 4571.61 4559.12 4545.68 4531.54 4517.65 4504.1 4490.33 4479.41 4462.6 4447 4433.15 4422.35 4411.1 4400.66 4392.58 4382.46 4378.96 4380.82 4383.81 4387.33 4390.25 4392.8 4394.43 4395.12 4393.9 4390.14 4383.39 4369.47 4339.19 4303.86 4277.1 4276.52 4310.34 4350.78 4374.62 4379.49 4377.24 4377.54 4376.02 4372.17 4367.62 4361.94 4356.42 4349.92 4343.32 4336.25 4328.74 4324.65 4326.02 4332.08 4338.46 4344.7
4305.35 4362.16 4418.27 4471.73 4522.22 4567.4 4595.62 4599.99 4605.45 4592.92 4596.04 4587.53 4557.18 4559.46 4558.29 4552.54 4544.1 4533.42 4522.24 4509.99 4496.18 4479.87 4469.28 4458.16 4447.47 4435.41 4425.53 4415.2 4405.93 4398.94 4390.7 4386.74 4386.74 4387.93 4389.99 4392.56 4394.6 4396.07 4396.86 4395.9 4392.37 4386.18 4371.69 4339.02 4303.33 4279.89 4285.99 4318.09 4355.1 4374.08 4375.88 4367.35 4373.49 4372.91 4369.9 4365.43 4360.24 4354.99 4348.52 4341.92 4334.8 4327.37 4322.27 4323.98 4329.73 4334.87 4340.72
4365.26 4409.17 4453.42 4495.08 4533.73 4564.46 4583.73 4589.23 4588.41 4579.07 4567.21 4558.67 4548.2 4546.25 4545.1 4540.46 4533.64 4525.01 4515.32 4504.82 4493.68 4480.51 4468.31 4457.67 4447.5 4436.65 4427.87 4418.4 4410.41 4404.8 4399.48 4396.57 4392.91 4392.27 4393.77 4395.51 4397.33 4398.01 4398.67 4397.27 4394.11 4387.08 4372.65 4336.49 4300.02 4276.02 4287.31 4323.72 4360.43 4375.68 4378.07 4380.53 4374.81 4371.42 4368.15 4364.16 4359.91 4354.66 4349.27 4343.46 4337.22 4330.9 4326.55 4328.17 4333.63 4338.56 4345.27
4420.31 4451.55 4482.71 4513.41 4542.06 4564.79 4583.25 4598.51 4601.78 4579.5 4570.92 4562.04 4548.98 4542.99 4538.28 4532.24 4525.14 4517.18 4508.4 4499.96 4492.6 4485.49 4470.05 4458.65 4447.63 4437.92 4430.3 4421.64 4414.66 4408.33 4402.39 4397.64 4395.85 4395.82 4397.05 4397.61 4399.17 4400.7 4401.07 4399.37 4395.12 4385.75 4364.96 4330.73 4295.46 4274.11 4290.61 4327.97 4363.34 4376.06 4377.44 4373.52 4371.69 4369.16 4366.27 4362.54 4359.19 4355.65 4351.6 4347.5 4343.17 4338.84 4335.54 4340.25 4343.39 4346.8 4351.37
4469.35 4487.7 4507.36 4528.34 4548.52 4565.91 4578.86 4588.66 4584.53 4568.02 4554.92 4557.86 4556.72 4546.92 4538.04 4529.98 4521.28 4512.05 4502.85 4494.71 4487.98 4480.61 4468.16 4457.72 4447.6 4438.56 4430.49 4422.62 4415.47 4409.48 4403.08 4397.74 4397.54 4397.61 4398.01 4399.82 4401.15 4402.27 4402.56 4400.93 4395.71 4385.49 4363.16 4325.76 4290.55 4271.88 4293.74 4331.41 4363.75 4374.43 4375.26 4372.25 4369.13 4366.24 4363.64 4360.92 4358.61 4355.81 4353.06 4351.57 4350.65 4350.38 4349.9 4354.7 4355.95 4356.11 4359.23
4506.05 4519.83 4532.28 4546.01 4557.51 4568.23 4572.53 4574.55 4568.48 4560.92 4553.64 4565.38 4563.88 4550.09 4538.59 4529.25 4518.66 4508.56 4498.36 4488.32 4478.95 4470.78 4461.04 4453.43 4444.63 4437.02 4429.65 4422.71 4416.18 4410.57 4405.48 4404.95 4399.93 4399.5 4400.35 4401.47 4403.32 4404.25 4403.92 4401.18 4395.61 4385.75 4360.13 4320.75 4285.59 4269.37 4296.34 4334.14 4363.67 4371.74 4371.97 4368.87 4365.38 4362.42 4360.29 4358.33 4356.71 4355.65 4355.79 4356.02 4357.6 4362.25 4374.47 4373.47 4368.92 4365.13 4362.77
4533.27 4537.74 4543.64 4550.78 4555.85 4564.68 4568.76 4570.46 4569.79 4563.21 4557.01 4561.46 4557.89 4545.55 4534.09 4525.24 4514.01 4502.94 4491.53 4480.25 4467.4 4457.34 4453.87 4448.26 4441.98 4434.76 4428.2 4422.09 4416.44 4410.79 4407.01 4399.45 4398.55 4399.16 4401.06 4403.26 4405.45 4405.26 4405.03 4401.05 4393.5 4382.88 4355.35 4313.99 4280.68 4272.56 4298.73 4336.86 4362.89 4368.17 4366.82 4363.14 4359.39 4357.18 4356.11 4356.81 4356.39 4356.26 4356.71 4358.26 4360.43 4366.09 4376.6 4383.44 4378.97 4375.65 4371.55
4560.54 4558.49 4558.1 4559.03 4560.35 4563.56 4565.85 4569.47 4574.63 4568.41 4562.73 4557.08 4547.97 4537.7 4527.07 4515.97 4506.91 4495.79 4484.19 4472.52 4461.64 4453.37 4448.33 4444.29 4438.83 4433.58 4427.52 4421.83 4417.45 4411.26 4405.59 4399.32 4397.78 4399.33 4401.58 4404.5 4406.89 4407.92 4406.6 4401.98 4391.34 4370.16 4341.54 4305.94 4273.1 4269.03 4298.7 4335.11 4358.33 4362.38 4360.58 4356.21 4352 4351.52 4351.98 4353.62 4354.45 4355.51 4355.77 4357.86 4361.05 4364.53 4366.9 4379.13 4384.63 4389.28 4397.28
4581.89 4573.58 4567.05 4563.32 4560.57 4559.88 4560.2 4559.6 4564.18 4559.9 4556.67 4547.77 4535.2 4527.43 4520.01 4510.54 4501.85 4490.9 4479.62 4467.5 4453.73 4447.29 4444.59 4440.7 4436.77 4432.86 4427.53 4422.36 4417.89 4411.8 4405.76 4400.2 4398.28 4399.67 4403.01 4406.45 4409.07 4410.37 4409.6 4404.99 4395.5 4374.83 4341.36 4303.07 4273.48 4272.96 4299.59 4329.81 4349.97 4356.33 4354.72 4349.76 4344.36 4345.79 4347.79 4350.34 4351.82 4353.07 4354.35 4357.26 4360.74 4365.54 4371.36 4379.11 4387.92 4398.86 4411.38
4593.41 4577.89 4567.64 4560.38 4555.09 4550.73 4545.33 4540.91 4538.05 4533.92 4529.07 4518.12 4517.6 4514.78 4510.6 4503.74 4495.31 4485.77 4475.78 4465.39 4456.33 4448.38 4444.02 4439.86 4435.42 4431.97 4427.45 4423.3 4418.64 4412.49 4405.55 4398.4 4396.38 4399.77 4404.61 4408.84 4411.76 4412.94 4412.37 4409.3 4402.91 4390.02 4347 4302.27 4271.97 4276.69 4304.57 4334.91 4349.88 4353.6 4351.25 4345.86 4340.11 4341.78 4344.42 4347.42 4349.26 4349.36 4351.74 4354.62 4359.44 4366.06 4372.73 4375.89 4388.6 4402.5 4416.38
4593.2 4573.57 4560.39 4551.07 4542.55 4537.07 4532.52 4522.99 4515.38 4509.49 4505.06 4500.61 4502.91 4504.53 4501.86 4496.52 4489.78 4481.2 4472.06 4463.93 4459.56 4450.63 4443.85 4439.24 4435.3 4432.08 4427.76 4423.99 4419.67 4414 4407.34 4398.52 4395.61 4401.6 4407.25 4411.92 4414.62 4415.93 4414.68 4411.23 4404.71 4388.61 4346.7 4300.81 4267.02 4279.4 4311.17 4342.28 4352.78 4353.38 4350.33 4345.57 4339.8 4341.39 4343.62 4344.91 4346.65 4349.13 4350.04 4352.98 4356.44 4361.38 4366.76 4374 4386.47 4402.68 4419.61
4584.48 4561.83 4548.89 4539.47 4531.4 4524.34 4517.09 4509.6 4500.62 4494.18 4490.85 4497.68 4502.17 4500.09 4495.32 4490.34 4482.71 4474.67 4466.27 4458.35 4452.48 4446.91 4442.29 4438.31 4435.29 4431.55 4429.44 4425.69 4421.5 4417.51 4411.99 4404.2 4400.8 4407 4412.44 4416.46 4418.42 4418.29 4416.04 4411.44 4401.48 4382.15 4344.16 4305.79 4278.74 4291.29 4318.65 4344.1 4352.97 4353.19 4350.09 4346.87 4346.52 4342.55 4341.88 4342.33 4343.42 4345.69 4347.22 4350.74 4354.09 4355.29 4358.5 4365.72 4381.81 4399.48 4414.94
4562.77 4550.5 4542.05 4533.2 4525.9 4518.19 4510.85 4501.57 4490.24 4481.44 4482.27 4494.63 4501.89 4495.98 4490.28 4484.42 4477.07 4469.06 4460.89 4451.57 4443.63 4442.08 4440.18 4437.91 4435.35 4432.82 4429.87 4427.17 4424.29 4421.96 4419.02 4415.2 4414.46 4416.86 4419.53 4421.62 4422.31 4420.82 4416.93 4409.69 4395.85 4371.76 4340.21 4312.15 4302.85 4305.96 4326.06 4346.24 4352.86 4352.89 4349.46 4345.26 4340.57 4338.17 4338.06 4338.52 4340.1 4342.67 4346.05 4349.08 4353.6 4357.41 4359.67 4362.29 4379.46 4396.94 4409.97
4546.27 4538.74 4531.5 4523 4516.88 4510.27 4503.94 4496.33 4488.03 4480.91 4482.67 4489.41 4491.66 4489.54 4484.24 4478.5 4471.6 4463.98 4457.13 4448.5 4441.21 4440.18 4438.99 4437.49 4435.53 4433.72 4431.36 4428.84 4428.08 4427 4426.5 4427.02 4429.82 4427.17 4427.22 4427.51 4426.67 4423.78 4418.2 4408.98 4393.65 4367.9 4333.57 4305.3 4295.63 4309.15 4330.01 4347.64 4353.45 4353.07 4348.75 4342.68 4336.66 4333.05 4333.2 4334.29 4336.34 4339.96 4343.92 4348.32 4354.81 4362.02 4365.66 4370.54 4383.09 4398.03 4411.5
4529.47 4524.53 4519.53 4513.71 4508.33 4503.44 4496.19 4492.87 4492.42 4497.12 4492.77 4493.33 4485.97 4483.53 4477.59 4471.54 4466.13 4460.68 4454.51 4449.68 4444.8 4439.97 4437.9 4435.72 4434.79 4433.13 4432.64 4432.08 4432.03 4431.94 4433.02 4433.58 4430.62 4432.9 4434.06 4433.11 4430.96 4426.64 4420.37 4408.92 4390.56 4361.15 4324.96 4293.88 4288.37 4310.19 4333.62 4350.25 4356.54 4355.22 4349.04 4340.98 4331.94 4326.66 4328.85 4331.11 4333.92 4337.15 4341.07 4346.13 4353.63 4362.93 4368.55 4376.89 4387.26 4399.47 4414.24
4514.42 4510.33 4505.98 4502.61 4498.56 4494.42 4490.98 4488.12 4487.67 4487.7 4484.34 4483.67 4486.4 4477.92 4470.85 4465.41 4460.2 4455.35 4451.79 4448.54 4444.36 4439.36 4436.15 4434.19 4432.34 4432.08 4432.44 4432.53 4433.8 4435.82 4437.69 4439.52 4439 4440.39 4440.73 4438.43 4434.74 4429.41 4422.79 4410.78 4390.94 4357.67 4318.36 4285.99 4287.82 4316.73 4347.52 4362.52 4363.93 4359.48 4351.45 4341.29 4330.99 4324.18 4326.24 4328.78 4331.7 4334.72 4338.16 4342.39 4348.4 4356.93 4364.72 4374.93 4385.25 4396.37 4408.44
4504.19 4499.38 4495.39 4490.46 4487.41 4484.49 4481.74 4480.96 4477.84 4472.5 4467.65 4462.23 4465.83 4464.06 4461.36 4458.28 4454.75 4450.24 4447.31 4445.87 4441.42 4436.47 4433.48 4431.46 4430.78 4430.22 4430.55 4431.64 4433.78 4437.3 4441.63 4445.75 4448.48 4449.62 4447.08 4442.34 4437.28 4431.51 4424.96 4413.86 4396.15 4357.43 4314.67 4284.34 4292.74 4326.39 4363.33 4376.25 4372.48 4365.01 4354.92 4343.63 4332.9 4325.92 4325.47 4327.83 4330.65 4333.17 4335.55 4338.16 4341.15 4345.03 4357.8 4367.46 4377.59 4390.94 4398.9
4494.06 4489.87 4485.55 4482.08 4479.05 4476.41 4473.06 4471.43 4471.34 4470.84 4467.23 4456.09 4446.57 4450.02 4452.63 4451.39 4448.78 4444.37 4440.47 4434.55 4433.19 4431.56 4430.05 4428.28 4426.88 4426.87 4427.98 4429.84 4432.53 4437.02 4442.03 4448.81 4455.45 4457.38 4450.41 4442.62 4436.64 4430.67 4424.2 4414.37 4396.56 4354.73 4310.94 4282.81 4297.54 4333.4 4370.01 4381.67 4378.16 4370.09 4359.35 4347.56 4335.13 4324.46 4325.17 4329.02 4331.35 4332.82 4333.87 4335.08 4337.23 4342.72 4354.02 4368.95 4382.93 4386.67 4391.91
4487.79 4483.83 4479.27 4476.06 4472.67 4469.84 4467.71 4467.27 4466.39 4467.07 4468.16 4464.68 4454.9 4449.68 4448.59 4446.25 4443.7 4438.59 4435.4 4429.66 4427.74 4426.19 4424.84 4423.7 4423.69 4423.81 4424.77 4427.1 4429.45 4432.57 4437.44 4444.35 4453.28 4458.24 4445.41 4436.81 4431.56 4427.22 4421.39 4411.98 4392.03 4348.91 4306.05 4283.33 4301.63 4337.36 4370.1 4382.5 4381.14 4374.19 4364.62 4353.09 4341.24 4330.51 4330.4 4333.35 4334.34 4334.47 4333.92 4333.57 4334.37 4339.51 4348.75 4362.86 4377.66 4376.16 4381.03
4482.25 4477.62 4473.34 4469.87 4467.73 4465.87 4462.83 4462.8 4462.29 4465.19 4472.41 4470.64 4464.54 4455.43 4448.43 4443.23 4438.67 4434.98 4432.66 4429.5 4425.14 4422.14 4420.14 4419 4419.58 4419.54 4420.16 4421.88 4423.55 4425.2 4428.04 4431.42 4433.03 4432.29 4427.96 4424.59 4422.91 4420.53 4415.66 4406.54 4384.68 4340.87 4299.2 4281.72 4305.45 4342.09 4373.09 4384.05 4384 4378.45 4370.07 4360.3 4350.94 4343.44 4340.63 4340.68 4339.77 4338.31 4336.23 4332.97 4329.78 4332.84 4340.46 4346.95 4346.5 4357.79 4364.12
4478.9 4473.66 4470.28 4466.34 4464.3 4460.84 4458.13 4455.04 4455.19 4461.04 4473.67 4467.06 4457.45 4452.71 4445.03 4438.12 4433.04 4429.36 4428.87 4429.22 4421 4416.56 4414.59 4413.37 4413.31 4413.94 4414.29 4415.58 4415.86 4416.61 4416.45 4413.48 4408.1 4400.41 4405.19 4409.32 4412.08 4411.84 4407.78 4397.78 4372.91 4331.67 4293.9 4282.84 4310.33 4347.68 4377.12 4386.66 4386.89 4382.19 4375.46 4367.6 4360.5 4355.39 4351.09 4348.65 4346.08 4343.29 4340.78 4337.03 4328.62 4330.2 4336 4338.27 4340.02 4344.32 4348.45
