real_craters/C101-300m.grd
DSAA
223 223
-33.355 33.355
-33.355 33.355
3423.3602733471 5246.9132977001
[rows 60 to 89 of 223, columns 0 to 66 of 223]
4475.89 4473.29 4469.8 4464.71 4454.19 4442.18 4429.53 4417.39 4411.26 4410.24 4410.72 4411.88 4410.18 4409.9 4410.72 4411.63 4411.3 4409.97 4408.87 4408.44 4408.28 4408.24 4408.27 4408.62 4409.13 4409.55 4409.98 4411.42 4414.29 4417.82 4421.58 4426.25 4430.37 4434.14 4436.74 4434.35 4426.79 4429.07 4435.25 4453.09 4475.07 4462.4 4454.61 4453.24 4456.33 4461.1 4447.16 4430.77 4417.09 4407.84 4407.49 4410.27 4412.32 4414.54 4416.37 4417.79 4419.63 4421.4 4423.78 4422.88 4423.21 4424.28 4425.37 4433.2 4440.56 4444.86 4445.11
4477.73 4475.84 4471.46 4465.34 4454.86 4442.35 4429.45 4418.1 4411.5 4410.15 4410.81 4411.16 4410.87 4410.46 4410.71 4411.35 4410.81 4409.53 4408.99 4408.87 4408.96 4409 4409.09 4409.31 4410.04 4410.76 4411.26 4412.64 4415.34 4418.57 4422.16 4425.32 4428.19 4430.24 4430.49 4427.07 4420.69 4423.26 4430.04 4438.18 4441.69 4448.33 4449.31 4451.41 4458.5 4467.93 4452.77 4433.56 4418.52 4408.12 4407.93 4411.02 4412.42 4414.01 4415.42 4417.14 4418.42 4419.38 4419.97 4421.54 4422.21 4423.1 4426.35 4433.39 4444.65 4452.58 4448.99
4480.23 4479.06 4475.24 4467.41 4456.18 4443.26 4430.28 4418.86 4411.67 4410.51 4411.06 4411.09 4410.59 4410.31 4410.49 4410.3 4409.88 4409.03 4409.48 4410.28 4410.93 4411.24 4411.05 4410.85 4411.4 4412.26 4411.13 4414.44 4418.7 4422.58 4425.83 4428.25 4429.74 4430.05 4428.3 4426.47 4423.56 4422.53 4424.85 4426.85 4429.94 4433.7 4436.91 4441.37 4445.97 4448 4442.12 4430.14 4418.43 4410.09 4408.91 4410.89 4413.38 4414.73 4415.67 4416.64 4417.99 4419.09 4420.09 4421.01 4421.79 4422.33 4422.76 4430.94 4441.92 4448.94 4447.81
4480.71 4480.64 4479.54 4470.29 4457.38 4444.14 4431.32 4420.18 4412.81 4411.56 4412.3 4412.09 4410.93 4410.7 4411.22 4411.01 4410.57 4410.07 4410.83 4412.2 4413.69 4414.62 4414.62 4412.88 4411.2 4411.68 4412.37 4417.73 4423.08 4427.27 4429.97 4431.45 4431.76 4430.93 4429.32 4427.37 4426.09 4425.16 4423.42 4421.34 4424.8 4426.16 4426.25 4429.84 4430.86 4429.19 4429.46 4424.72 4417.62 4410.98 4411.15 4414.91 4415.87 4416.02 4416.46 4416.99 4418.02 4419.07 4420.08 4421.36 4422.54 4423.65 4425.28 4429.89 4435.1 4440.44 4443.77
4479.23 4478.48 4477.28 4469.62 4457.74 4445.25 4433.06 4422.43 4415.18 4413.17 4414.34 4415 4415.54 4412.85 4413.18 4414.52 4413 4410.94 4412.93 4415.64 4418.66 4421.08 4422.16 4419.69 4414.39 4415.21 4416.42 4424.93 4429.61 4431.8 4432.7 4432.97 4432.58 4431.38 4431.74 4432 4433.81 4431.67 4426.09 4421.77 4423.64 4423.63 4420.34 4423 4423.4 4421.93 4423.01 4421.29 4418.17 4415.38 4415.83 4418.02 4417.71 4417.17 4417.29 4417.65 4418.27 4419.34 4420.62 4422.05 4423.95 4426.21 4428.93 4431.52 4432.19 4435.77 4439.81
4476.19 4474.03 4470.29 4465.52 4456.98 4446.54 4435.42 4424.9 4417.86 4414.83 4414.77 4415 4414.91 4413.18 4414.31 4417.57 4415.92 4416.09 4417.34 4419.79 4423.99 4428.92 4434.01 4438.76 4444.48 4446.55 4438.9 4440.94 4439.58 4438.13 4436.96 4436.48 4435.58 4434.28 4432.84 4431.39 4439.76 4437.04 4430.67 4425.52 4424.99 4423.87 4420.32 4421.76 4424.75 4424.78 4421.54 4419.96 4419.27 4420.72 4421.06 4417.86 4417.05 4417.62 4417.99 4418.47 4418.86 4418.71 4420.66 4422.95 4425.28 4428.32 4432.82 4435.04 4432.32 4435.05 4439.67
4473.87 4469.83 4465.58 4462.87 4457.16 4449.32 4439.74 4428.69 4417.08 4420.03 4423.12 4422.72 4415.1 4411.45 4414.74 4417.03 4417.29 4417.86 4419.38 4423.06 4429.26 4436.97 4446.37 4459.26 4481.8 4491.82 4479.35 4459.96 4450.81 4445.73 4441.1 4439.65 4438.95 4438.21 4435.78 4428.73 4431.02 4434.7 4434.55 4433.38 4431.07 4427.58 4422.97 4423.3 4422.43 4421.74 4420 4418.8 4418.36 4418.95 4418.79 4417.42 4417.38 4417.93 4418.46 4419.34 4420.48 4421.6 4422.44 4423.88 4425.89 4428.63 4431.56 4433.68 4434.33 4438.61 4441.78
4472.52 4467.38 4465.25 4463.34 4459.28 4453.91 4447.56 4439.77 4429.45 4439.31 4455.54 4462.36 4447.91 4430.47 4424.7 4418.94 4420.18 4418.17 4418.57 4425.11 4433.26 4442.77 4453.96 4466.38 4476.67 4482.91 4478.14 4465.98 4456.78 4450.85 4447.84 4445.66 4444.81 4444.92 4446.22 4445.29 4432.06 4435.83 4440.25 4439.4 4433.38 4423.31 4430.45 4426.91 4420.52 4418.37 4418.18 4417.43 4416.48 4415.2 4413.9 4416.41 4418.17 4417.78 4418.37 4419.53 4421.51 4423.8 4423.49 4423.96 4425.49 4427.83 4430.76 4435.37 4442.95 4441.68 4443.19
4470.46 4468.23 4467.92 4465.52 4462.42 4459.22 4457.31 4458.16 4465.56 4473.36 4479.65 4482.29 4473.14 4464.5 4451.2 4438.29 4427.21 4421.4 4419.73 4427.08 4435.09 4444.51 4455.64 4466.87 4471.47 4466.5 4465.83 4462.09 4457.11 4452.52 4448.76 4446.66 4446.21 4448.16 4454.14 4466.44 4457.14 4452.29 4449.23 4447.6 4444.63 4436.08 4439.41 4432.78 4423.67 4419.21 4418.07 4416.64 4415.2 4413.5 4412.19 4414.23 4415.2 4416.57 4417.45 4418.41 4419.97 4422.05 4422.14 4422.89 4424.41 4426.39 4428.78 4431.81 4436.69 4440.34 4443.78
4465.71 4467.32 4468.36 4466.89 4464.94 4463.6 4464.55 4469.96 4483.5 4487.24 4475.26 4465.89 4456.81 4455.67 4449.52 4439.45 4430.86 4426.97 4426.99 4430.34 4435.55 4443.19 4453.12 4465.2 4468.71 4449.7 4454.82 4456.57 4454.75 4451.73 4448.27 4445.96 4444.87 4445.62 4448.77 4454.43 4457.63 4457.57 4451.29 4454.36 4467.03 4477.35 4457.89 4441.35 4427.88 4422.13 4419.09 4416.73 4415.2 4413.47 4413.08 4413.59 4415.11 4415.66 4416.18 4416.48 4416.7 4417.56 4419.59 4421.28 4422.9 4424.64 4426.26 4427.79 4430.98 4437.19 4443.78
4463.56 4464.45 4466.69 4466.93 4466.06 4465.3 4465.94 4468.38 4471.33 4467.02 4456.94 4444.25 4438.28 4437.9 4437.54 4433.39 4429.53 4428.46 4434.16 4430.16 4432.3 4437.4 4443.87 4452.06 4464.66 4457.12 4452.58 4452.81 4451.68 4449.23 4444.84 4442.15 4440.04 4438.42 4436.59 4433.32 4436.31 4437.32 4440.61 4442.99 4442.95 4445.95 4446.15 4441.71 4433.02 4424.71 4420.56 4417.58 4415.48 4413.66 4413.27 4413.18 4413.68 4415.11 4415.61 4415.35 4414.64 4415.36 4417.78 4419.92 4421.78 4423.17 4424.23 4424.78 4427.85 4435.07 4443.81
4463.5 4463.47 4465.27 4466.18 4465.82 4464.94 4463.77 4461.16 4455.33 4446.22 4440.27 4431.96 4430.18 4430.34 4428.34 4426.98 4425.07 4423.33 4420.04 4423.49 4427.39 4431.29 4434.01 4431.13 4427.3 4440.72 4449.82 4451.63 4450.55 4448.13 4444.86 4439.82 4436.28 4432.41 4427.89 4423.89 4425.11 4426.31 4429.08 4427.8 4424.1 4425.34 4430.75 4432.73 4428.37 4425.16 4423.24 4420.55 4417.66 4414.1 4411.81 4412.57 4415.31 4416.19 4415.86 4415.04 4414.36 4415.02 4416.99 4419.06 4420.79 4422.21 4423.41 4423.77 4428.18 4434.87 4444.12
4461.25 4461.77 4463.79 4465.05 4465.01 4464.12 4461.7 4456.77 4447.94 4437.39 4433.2 4428.92 4426.68 4424.09 4422.28 4421.43 4420.06 4418.31 4416.86 4418.36 4421.96 4425.68 4428.96 4432.57 4434.11 4443.5 4452.64 4450.46 4446.92 4443.17 4439.21 4435.25 4431.46 4426.93 4422.38 4418.67 4420.71 4423.64 4422.92 4419.64 4417.22 4425.86 4430.01 4417.71 4422.53 4426.85 4426.08 4423.35 4420.53 4416.76 4413.33 4414.2 4417.05 4417.74 4416.61 4415.43 4414.63 4415.3 4417 4418.67 4420.34 4421.85 4423.61 4426.46 4430.29 4435.42 4444.1
4459.55 4460.26 4461.94 4463.74 4464.08 4463.36 4461.08 4456.73 4449.54 4440.11 4434.61 4429.99 4427.29 4425.71 4420.5 4417.96 4416.18 4414.54 4413.32 4414.33 4417.51 4421.13 4425.23 4430.58 4436.34 4455.47 4454.51 4447.77 4442.43 4437.87 4433.82 4429.78 4426.11 4422.17 4418.84 4417.29 4418.8 4421.44 4419.89 4415.37 4414.25 4432.91 4450.44 4434.77 4435.26 4434.7 4433.13 4429.54 4424.85 4419.95 4417.42 4417.24 4418.75 4419.08 4416.79 4415.92 4415.8 4416.16 4417.24 4418.69 4420.15 4421.48 4422.58 4425.14 4428.95 4435.44 4444.19
4458.87 4458.71 4461.42 4463.83 4465.04 4465.07 4463.78 4461.05 4456.49 4450.2 4441.47 4431.86 4426.89 4431.99 4420.53 4416.11 4413.78 4412.06 4410.81 4411.38 4414.01 4416.95 4420.47 4424.48 4427.45 4438.81 4443.65 4440.39 4436.18 4432.2 4428.41 4424.81 4422.4 4418.85 4416.2 4415.29 4416.56 4419.33 4417.31 4412.67 4411.38 4423.67 4441.24 4437.45 4443.44 4445.08 4442.05 4436.5 4430.79 4423.14 4416.26 4412.2 4413.64 4414.2 4415.18 4415.47 4416.22 4416.79 4417.55 4418.86 4420.32 4421.75 4422.26 4422.27 4428.29 4435.08 4444.48
4457.74 4457.89 4461.31 4464.3 4466.05 4467.21 4466.65 4467.07 4465.5 4460.95 4451.07 4436.33 4424.41 4420.14 4422.49 4415.24 4412.48 4411.1 4410.19 4410.37 4411.98 4413.75 4415.78 4418.59 4423.98 4428.87 4431.07 4431.11 4429.53 4426.91 4424.07 4421.09 4417.14 4414.51 4412.46 4411.95 4412.92 4413.87 4413.64 4410.02 4408.41 4410.84 4409.67 4440.52 4457.37 4458.27 4453.05 4444.69 4435.63 4425.37 4415.53 4408.65 4409.78 4412.57 4413.86 4415.16 4415.93 4417.07 4417.92 4419.26 4421.12 4423.4 4425.56 4427.03 4428.34 4434.14 4443.68
4459.19 4459.78 4462.52 4465.3 4467.06 4469.51 4470.5 4472.85 4474.72 4475.2 4466.24 4446.43 4428.55 4421.91 4417.5 4412.78 4411.39 4410.58 4410.6 4411.31 4411.05 4411.36 4411.94 4412.8 4417.47 4418.02 4418.37 4420.26 4420.59 4419.73 4418.02 4415.94 4413.58 4411.26 4409.32 4408.69 4409.37 4410.71 4409.48 4407.12 4404.61 4403.72 4418.37 4466.22 4475.84 4470.05 4461.89 4451.67 4440.05 4428.56 4417.06 4407.01 4409.03 4411.79 4412.79 4414.93 4417.49 4417.28 4417.91 4419.28 4421.4 4424.49 4428.47 4428.98 4426.06 4432.54 4443.51
4460.59 4461.1 4463.96 4466.46 4468.67 4471.04 4473.27 4475.83 4480.51 4486.38 4480.78 4458.78 4439.78 4426.81 4416.71 4412.33 4411.23 4410.77 4410.84 4411.75 4410.12 4409.88 4410.04 4409.87 4410.05 4408.71 4409.24 4412.28 4413.95 4414.15 4413.4 4412.04 4410.44 4408.31 4406.67 4405.91 4405.85 4405.86 4407.18 4405.55 4403.88 4405.53 4407.7 4465.04 4477.41 4475.55 4466.19 4455.59 4444.69 4433.64 4423.01 4412.86 4411.58 4410.42 4411.42 4413.22 4415.13 4416.43 4417.57 4418.76 4420.63 4423.59 4427.54 4427.62 4424.56 4432.16 4444.48
4463.68 4463.32 4466.86 4469.51 4471.96 4473.6 4475.31 4476.95 4479.23 4483.41 4480.94 4465.62 4451.6 4435.84 4424.95 4417.64 4414.74 4413.33 4411.77 4409.58 4409.24 4409.28 4409.11 4409.16 4406.77 4405.35 4405.36 4407.66 4409.32 4410.05 4409.75 4409 4407.89 4406.35 4404.3 4403.74 4403.38 4403.2 4405.69 4404.89 4403.82 4404.26 4415.04 4453.72 4480.18 4477.24 4467.22 4456.67 4446.55 4437.93 4430.81 4425.87 4420.36 4414.33 4412.79 4411.97 4413.35 4416.14 4417.38 4418.1 4419.3 4421.25 4423.55 4424.9 4426.1 4434.64 4447.69
4468.77 4469.22 4472.43 4474.6 4476.28 4477.13 4477.36 4476.57 4473.68 4467.92 4461.67 4466.18 4470.73 4454.48 4435.22 4424.67 4421.73 4418.82 4415.47 4411.15 4410.9 4410.06 4408.22 4406.8 4405.75 4404.87 4404.92 4405.5 4406.24 4406.81 4406.82 4406.54 4405.92 4405.33 4404.55 4403.07 4401.99 4401.55 4403.62 4404.15 4403.88 4403.95 4403.74 4427.09 4472.24 4470.57 4461.97 4453.81 4446.27 4440.37 4436.5 4435.57 4429.38 4420.72 4418.68 4419.18 4418.49 4418.9 4418.5 4418.04 4418.17 4419.3 4422.06 4426.06 4430.8 4441.5 4454.91
4478.29 4478.17 4479.72 4480.44 4480.8 4480.61 4479.24 4476.59 4470.44 4458.2 4445.9 4468.38 4488.76 4492.75 4457.99 4439.94 4432.79 4426.41 4421.83 4420.11 4416.36 4411.91 4409.15 4407.44 4406.61 4404.92 4404.08 4404.16 4404.48 4404.61 4404.54 4404.52 4404.05 4404.22 4404.03 4402.29 4401 4400.39 4401.13 4403.3 4404.49 4406.87 4402.06 4413.75 4447.22 4449.62 4448.33 4445.55 4441.89 4438.62 4436.14 4434.17 4430.2 4426.25 4425.9 4429.19 4427.26 4423.03 4420.31 4418.25 4417.25 4417.71 4421.61 4430.9 4442.72 4454.71 4465.01
4490.71 4488.16 4486.93 4486.05 4485.41 4484.49 4482.82 4480.3 4475.34 4469.31 4468.9 4482.66 4499.27 4502.04 4491.71 4463.97 4443.96 4432.96 4425.93 4421.19 4416.6 4412.5 4409.85 4407.35 4405.45 4404.95 4404.57 4404.21 4404.12 4404.04 4403.8 4403.27 4402.57 4402.15 4401.67 4400.57 4399.91 4400.05 4401.72 4403.36 4403.92 4404.65 4404.76 4408.97 4411 4425.65 4432.97 4435.08 4433.91 4434.1 4432.5 4429.25 4426.12 4425.97 4427.01 4430.71 4429.25 4425.62 4422.29 4419.49 4417.58 4417.29 4421.26 4437.13 4454.38 4468.62 4476.15
4492.66 4493.3 4492.04 4490.23 4488.73 4487.52 4486.47 4485.1 4483.97 4486.02 4493.55 4492.72 4490.82 4485.71 4474.82 4458.83 4446.02 4435.51 4427.33 4420.4 4415.1 4412.47 4408.95 4407.43 4406.64 4405.91 4405.35 4404.63 4404.46 4404.27 4403.75 4402.86 4401.48 4399.39 4398.18 4398.52 4398.56 4399.05 4400.82 4400.73 4401.68 4403.88 4404.05 4402.66 4405.85 4414.07 4420.86 4424.54 4426.51 4427.41 4427.92 4427.58 4426.3 4424.36 4424.48 4430.51 4429.86 4427.78 4425.26 4422.43 4419.36 4419.36 4427.54 4444.32 4464.8 4481.25 4485.76
4499.42 4497.5 4495.47 4493.01 4490.87 4489.54 4489.02 4489.09 4490.22 4492.97 4495.32 4488.77 4472.8 4456.18 4452.9 4449.03 4442.79 4434.66 4426.73 4420.85 4418.08 4414.46 4412.09 4409.66 4408.89 4407.87 4405.79 4405.09 4405.6 4405.44 4404.55 4403.2 4401.46 4399.47 4397.93 4397.59 4397.2 4396.64 4395.75 4396.03 4398.39 4400.35 4399.94 4397.5 4402.53 4408.16 4412.98 4416.87 4419.86 4422.27 4424.74 4427.34 4429.33 4428.07 4426.08 4425.76 4429.36 4430.73 4429.94 4427.52 4423.83 4420.43 4427.79 4450.12 4472.21 4489.23 4492.6
4504.69 4499.98 4496.16 4493.28 4491.23 4490.19 4489.87 4490.82 4492.3 4493.92 4493.98 4485.47 4468.55 4449.23 4435.75 4438.1 4438.98 4432.32 4424.71 4418.03 4412.88 4416.5 4420.76 4417.06 4414.76 4412.36 4408.6 4407.54 4408.35 4407.42 4405.77 4404.02 4402.19 4400.78 4399.32 4397.89 4396.84 4395.38 4393.78 4394.49 4395.11 4395.07 4392.51 4394.95 4399.41 4403.42 4406.28 4409.49 4412.91 4416.57 4420.82 4427.36 4433.26 4434.86 4430.45 4427.79 4433.74 4436.84 4436.68 4435.16 4433.07 4429.64 4436.96 4456.94 4477.2 4494.73 4494.96
4498.28 4497.37 4494.49 4491.96 4490.16 4489.54 4489.54 4490.41 4491.92 4493.46 4492.59 4482.9 4466.15 4443.42 4429.29 4433.03 4436.58 4429.31 4422.36 4416.13 4411.98 4417.04 4423.86 4427.41 4421.92 4418.27 4417.67 4417.39 4412.55 4409.66 4407.42 4405.53 4403.43 4400.82 4399.95 4398.95 4397.23 4395.43 4393.46 4393.24 4393.05 4392.2 4390.8 4392.11 4395.11 4397.67 4400.49 4402.93 4406.38 4409.71 4414.23 4422.07 4438 4437.76 4438.75 4440.82 4445.71 4446.52 4445.49 4444.55 4445.62 4451.36 4455.4 4463.65 4476.45 4489.55 4489.24
4496.41 4494.18 4491.79 4489.94 4488.87 4487.36 4487.58 4488.43 4489.92 4491.39 4489.69 4479.78 4456.25 4448.83 4437.83 4431.57 4429.92 4425.32 4420 4415.96 4413.71 4418.36 4422.47 4424.36 4422.42 4420.46 4420 4417.86 4414.07 4411.2 4409.26 4407.61 4405.94 4403.29 4402.23 4400.92 4399.29 4397.64 4395.09 4392.46 4394.4 4393.11 4388.84 4391.51 4393.2 4394.75 4397.31 4399.68 4401.85 4404.19 4406.49 4408.54 4408.55 4432.03 4464.81 4468.26 4462.32 4457.04 4453.29 4451.74 4453.46 4459.13 4461.47 4464.53 4469.69 4473.64 4475.57
4493.68 4489.29 4487.95 4487.36 4487.32 4486.92 4487.32 4487.7 4488.22 4486.89 4484.49 4476.98 4459.83 4454.65 4444.23 4432.75 4428.35 4421.19 4417.69 4415.91 4418.06 4419.66 4420.57 4419.03 4419.67 4419 4417.23 4414.81 4413.18 4411.53 4410.01 4409.11 4409.33 4410.16 4406.19 4403.38 4401.75 4401.09 4401.43 4402.5 4403.54 4401.64 4397.95 4400.39 4396.69 4394.92 4395.77 4397.28 4398.94 4399.96 4400.49 4400.55 4402.64 4429.81 4475.98 4484.81 4472.24 4463.52 4457.89 4454.81 4454.37 4455.84 4458.52 4460.75 4462.09 4460.97 4464.19
4485.16 4482.87 4482.77 4483.23 4483.77 4484.32 4484.58 4484.22 4483.45 4480.47 4476.73 4471.02 4465.64 4452.85 4445.75 4441.29 4418.95 4416.87 4415.36 4414.14 4413.41 4415.25 4417.45 4416.73 4417.78 4417.27 4415.67 4413.3 4412.24 4410.98 4409.72 4408.99 4409.19 4409.64 4406.82 4404.46 4403.26 4403.51 4406.5 4413.16 4411.51 4414.93 4427.25 4416.18 4401.12 4395.89 4395.99 4396.45 4396.79 4397.24 4397.57 4398.89 4403.9 4423.68 4454.27 4472.44 4468.4 4462.6 4458.07 4454.34 4452 4451.89 4453.67 4456.08 4456.98 4457.6 4459.27
4474.8 4474.33 4475.18 4475.86 4478.81 4479.86 4479.97 4479.22 4477.44 4474.16 4468.84 4462.72 4453.66 4445.15 4439.13 4435.44 4418.14 4415.82 4414.36 4413.26 4413.02 4417.11 4419.95 4419.13 4417.45 4416.21 4414.85 4414.08 4411.73 4410.04 4408.76 4407.55 4406.04 4404.8 4404.78 4403.96 4403.23 4403 4403.4 4404.08 4405.9 4405.78 4407.67 4403.9 4397.33 4398.06 4396.93 4396.72 4396.63 4396.72 4397.29 4399.41 4405.07 4417.72 4435.23 4451 4455.58 4456.4 4456.08 4453.61 4449.05 4446.18 4450.32 4452.75 4453.26 4454.14 4455.26
