real_craters/C101-500m.grd
DSAA
134 134
-33.355 33.355
-33.355 33.355
3437.699821981 5220.9173374097
[rows 90 to 119 of 134, columns 67 to 133 of 134]
4541.27 4542.91 4541.86 4550.96 4569.42 4580.74 4562.25 4545.9 4533.59 4525.77 4522.65 4501.76 4491.87 4477.48 4467.52 4460.38 4453.82 4448.05 4443.99 4457.65 4456.18 4444.97 4432.78 4420.2 4412.87 4408.71 4404.92 4404.55 4404.67 4405.9 4406.65 4404.91 4397.26 4377.96 4392.57 4400.57 4396.86 4372.41 4308.81 4286.89 4339.1 4383.74 4389.03 4382.79 4372.83 4363.44 4357.89 4351.89 4349.22 4352.14 4343.43 4335.54 4334.11 4338.35 4343.52 4367.18 4387.37 4391.27 4393.36 4391.67 4387.02 4381.42 4374.5 4369.43 4368.94 4365.67 4362.91
4525.07 4528.15 4536.06 4551.35 4576.97 4589.13 4556.52 4532.25 4515.01 4499.48 4487.07 4482 4476.49 4463.91 4456.5 4451.48 4447.32 4441.28 4435.34 4436.64 4439.5 4434.89 4420.88 4401.99 4383.81 4381.44 4387.11 4391.33 4394.25 4396.16 4395.93 4393.63 4387.15 4384.84 4386.89 4391.19 4385.75 4350.36 4283.45 4274.31 4338.47 4382.29 4389.04 4385.61 4378.55 4372.2 4365.28 4357.45 4353.09 4352.56 4347.59 4335.84 4329.39 4337.93 4352.7 4369.06 4381.51 4387.8 4390.09 4388.56 4385.11 4380.92 4376.2 4368.91 4367.23 4364.31 4361.84
4505.69 4510.78 4520.6 4531.05 4540.76 4537.67 4523.26 4508.27 4492.72 4473.37 4453.63 4455.51 4447.39 4445.51 4446.17 4444.01 4441.37 4438.36 4435.47 4434.76 4431.55 4424.27 4410.5 4390.42 4368.79 4368.03 4376.3 4382.09 4386.03 4387.87 4387.97 4386.13 4381.83 4378.91 4382.45 4387.81 4382.85 4344.31 4269.26 4271.43 4335.63 4375.25 4387.34 4386.77 4380.29 4371.05 4363.04 4357.52 4350.99 4343.36 4348.45 4348.2 4338.91 4353.99 4359.58 4371.21 4383.55 4386.36 4386.13 4384.66 4383.08 4381.27 4377.13 4369.04 4366.91 4364.52 4362.02
4491.26 4497.33 4502.64 4505.11 4498.66 4478.99 4486.15 4483.99 4474.95 4465.77 4458.29 4447.84 4442.68 4442.11 4440.99 4439.61 4438.41 4437.25 4436.29 4431.96 4425.2 4417.49 4405.38 4388.58 4371.48 4368.24 4371.73 4375.48 4378.36 4379.15 4380.6 4380.59 4380.05 4376.64 4380.68 4386.88 4378.79 4331.12 4262.66 4278.5 4343.73 4377.13 4387.37 4386.52 4380.42 4370.57 4362.01 4357.05 4353.03 4354.11 4365.19 4382.06 4401.7 4393.09 4376.58 4375.41 4382.63 4383.65 4382.9 4382.52 4381.75 4380.2 4378.27 4367.61 4365.23 4363.24 4362.23
4476.05 4482.57 4489.69 4488.29 4480.13 4470.39 4468.84 4467.74 4462.37 4452.68 4446.03 4442.97 4445.12 4442.52 4435.65 4435.8 4435.89 4437.34 4438.97 4433.95 4427.31 4421.39 4408.96 4395.49 4381.65 4374.43 4372.51 4374.28 4375.85 4378.31 4379.17 4380 4377.71 4375.88 4380.48 4389.25 4380.33 4323.57 4257.33 4286.98 4348.27 4378.26 4387.39 4386.6 4380.56 4372.45 4362.81 4356.25 4349.56 4354.53 4379.03 4411.11 4442.12 4427.11 4391.66 4375.67 4379.03 4380.01 4380.01 4379.42 4378.75 4377.06 4371.46 4364.18 4360.96 4358.38 4358.09
4485.79 4484.78 4483 4478.82 4471.49 4460.49 4461.37 4461.63 4456.28 4447.69 4440.81 4437.31 4430.77 4425.5 4430.13 4433.55 4436.21 4437.09 4435.84 4439.8 4443.74 4437.53 4418.83 4406.92 4397.38 4381.34 4375.39 4376.1 4376.55 4378.52 4378.94 4379.47 4376.97 4377.21 4383.27 4394.77 4382.61 4301.46 4272.22 4291.5 4357.4 4382.52 4388.72 4386.41 4380.47 4373.64 4376.08 4353.48 4341.69 4347.96 4383.74 4423.78 4455.64 4442.4 4399.66 4373.82 4374.06 4373.24 4373.34 4373.83 4374.48 4374.65 4369.6 4359.92 4350.95 4343.76 4335
4492.08 4483.11 4476.69 4471.94 4468.87 4470.3 4468.69 4462.87 4457.4 4451.61 4445.43 4438.73 4430.78 4425.71 4428.38 4433.6 4438.32 4440.35 4439.48 4445.54 4448.6 4454.45 4434.76 4405.93 4387.39 4382.81 4380.96 4381.34 4381.02 4380.75 4381.76 4381.07 4378.38 4375.8 4380.68 4400.53 4398.9 4262.93 4174.8 4281.5 4366.58 4386.47 4389.22 4385.66 4378.77 4369.75 4356.61 4352.91 4341.58 4349.48 4386.5 4424.65 4455.99 4447.21 4399.65 4366.55 4361.36 4365.29 4365.88 4366.57 4367.53 4369.84 4364.37 4344.21 4330.59 4328.34 4326.89
4465.37 4470.49 4467.76 4464.08 4463.57 4467.67 4467.62 4463.54 4461.45 4455.9 4452.93 4446.65 4436.41 4422.16 4432.42 4438.77 4443.48 4448.8 4454.3 4453.26 4452.27 4437.77 4420.86 4396.41 4384.67 4383.63 4385.87 4386.55 4385.81 4385.25 4384.87 4383.32 4379.15 4375.99 4376.44 4397.86 4395.31 4283.29 4227.03 4299.69 4370.46 4388.01 4389.31 4384.52 4376.69 4368.7 4362.34 4357.97 4358.88 4367.73 4388.55 4414.99 4439.71 4433.58 4389.84 4353.58 4355.49 4359.4 4360.83 4360.15 4357.52 4354.82 4350.02 4333.96 4328.09 4326.98 4327.19
4471.4 4462.68 4456.61 4452.72 4451.36 4451.9 4455.88 4461.46 4470.86 4469.72 4469.16 4460.39 4450.53 4445.94 4444.29 4448.46 4450.64 4451.24 4454.99 4459.25 4454.95 4431.98 4408.92 4383.63 4379.56 4387.42 4389.11 4388.51 4386.8 4386.5 4385.97 4384.49 4383.63 4380.57 4376.37 4390.16 4376.37 4302.47 4275.88 4325.87 4374.4 4387.84 4389.16 4384.15 4375.47 4365.62 4355.49 4357.48 4362.9 4372.22 4383.91 4395.86 4399.93 4386.74 4374.81 4354.59 4355.06 4358.06 4358.87 4357.31 4350.67 4338.34 4336.38 4337.2 4328.51 4327.87 4327.82
4462.03 4449.97 4445.06 4442.82 4438.18 4431.37 4431.05 4456.27 4481.09 4501.71 4487.73 4475.55 4465.96 4454.88 4458.85 4462.37 4462.39 4459.73 4459.09 4468.38 4473.44 4444.04 4398.34 4411.07 4409.63 4407.23 4404.13 4398.67 4396.95 4395.45 4392.3 4393.54 4390.93 4388.56 4391.31 4390.85 4363.74 4295.88 4288.69 4338.68 4375.69 4387.29 4388.43 4383.44 4373.82 4363.26 4354.08 4359.12 4370.08 4374.17 4377.06 4378.64 4373.82 4366.01 4368.24 4369.07 4362.08 4360.79 4360.92 4360.53 4355.71 4340.54 4344.67 4353.7 4345.56 4337.55 4327.15
4418.64 4431.94 4434.7 4433.05 4430.17 4425.03 4425.72 4454.48 4481.64 4496.36 4492.62 4485.09 4481.63 4489.46 4487.7 4476.73 4475.8 4485.31 4482.51 4474.69 4473.35 4464.73 4448.62 4467.43 4447.21 4430.45 4421.03 4415.62 4411.68 4406.23 4404.06 4399.32 4395.71 4392.48 4389.78 4387.42 4355.98 4286.67 4294.39 4346.16 4379.16 4390.06 4391.41 4385.46 4375.29 4363.4 4352.97 4356.99 4372.73 4373.22 4372.58 4371.33 4366.82 4364.26 4364.93 4363.79 4361.84 4363.56 4366.29 4369.18 4371.96 4377.4 4364.68 4357.62 4357.21 4353.04 4354.33
4428.28 4429.27 4430.21 4429.4 4429.66 4432.34 4441.02 4455.88 4477.86 4493.75 4486.96 4483.8 4483.77 4483.81 4478.88 4478.56 4477.36 4475.43 4477.22 4471.99 4460.69 4457.28 4479.29 4454.21 4452.84 4449.66 4443.43 4436.88 4430.17 4423.77 4415.4 4413.71 4404.48 4394.89 4383.15 4382.14 4348.27 4277.29 4303.39 4364.88 4388.86 4393.99 4396.33 4385.36 4375.5 4363.95 4352.65 4351.08 4359.36 4366.56 4370.56 4370.91 4364.64 4351.46 4361.23 4365.28 4363.04 4367.36 4372.44 4377.86 4383.39 4397.05 4374.09 4360.61 4361.67 4361.05 4360.35
4456.55 4435.44 4429.16 4428.63 4430.11 4435.95 4447.39 4449.35 4452.81 4462.06 4472.5 4476.25 4477.85 4474.56 4474.3 4479.36 4478.32 4472.23 4474.78 4474.01 4463.4 4459.68 4471.58 4459.45 4467.98 4465.32 4460.71 4455.21 4447.41 4439.2 4438.25 4427.07 4416.51 4405.09 4388.47 4382.66 4341.21 4277.76 4313.05 4375.32 4398.24 4404.37 4402.37 4394.72 4382.53 4369.31 4356.73 4351.67 4352.16 4362.88 4371.89 4377.53 4376.5 4360.51 4347.01 4353.74 4360.36 4372.01 4378.45 4380.54 4379.55 4374.65 4371.45 4365.04 4364.11 4364.08 4363.37
4437.05 4430.52 4428.16 4428.88 4430.5 4434.03 4434.74 4438.22 4440.88 4448.65 4460.76 4469.56 4474.49 4479.15 4486.92 4485.73 4487.74 4487.9 4490.68 4491.08 4488.91 4489.59 4499.87 4499.74 4497.48 4494.52 4482.43 4474.09 4464.2 4452.09 4451.31 4446.46 4434.08 4415.42 4394.47 4382.41 4338.95 4291.79 4328.41 4378.52 4410.03 4420.47 4418.45 4408.34 4394.85 4378.39 4362.31 4350.9 4353.59 4365.2 4379.04 4392.38 4404.87 4416.74 4376.98 4367.44 4378.53 4389.27 4387.68 4384.45 4380.34 4374.43 4371.55 4368.26 4366.93 4366.42 4365.82
4417.53 4421.24 4424.19 4426.52 4430.65 4435.44 4439.61 4438.44 4432.41 4441.05 4453.83 4464.47 4473.1 4479.54 4483.31 4490.37 4498.01 4508.52 4512.36 4519.27 4526.54 4526.78 4534.99 4532.6 4530.21 4517.44 4494.92 4478.21 4465.08 4466.82 4460.68 4458.77 4445.75 4431.2 4408.57 4384 4336.96 4308.72 4364.34 4414.14 4438.01 4443.46 4436.86 4425.08 4408.73 4390.39 4370.33 4355.22 4357.49 4372.56 4390.48 4409.77 4430.41 4451.52 4452.53 4439.31 4452.85 4416.49 4396.95 4388.76 4384.72 4380.25 4374.12 4370.63 4368.29 4366.98 4367.11
4414.19 4419.06 4424.05 4428.04 4431.54 4436.58 4444.4 4442.44 4435.89 4440.41 4450.98 4462.09 4472.88 4481.41 4486.88 4495.65 4503.93 4512.59 4530.97 4552.26 4576.36 4598.92 4632.15 4595.38 4564.91 4538.62 4516.75 4494.47 4488.42 4479.97 4474.47 4464.27 4457.43 4449.28 4440.1 4417.71 4362.62 4349.83 4421.17 4474.26 4477.91 4472.14 4460.11 4445.86 4425.51 4405.14 4384.24 4362.88 4368.65 4388.48 4409.39 4431.16 4450.12 4463.55 4479.22 4457.29 4438.45 4406.6 4393.98 4387.7 4384.44 4379.83 4373.61 4371.6 4370.95 4370.53 4369.46
4417.89 4421.63 4423.68 4427.39 4432.96 4437.66 4443.19 4441.93 4436.4 4440.85 4449.88 4461.21 4474.64 4489.67 4501.94 4508.25 4507.17 4516.01 4543.08 4576.5 4621.49 4680.13 4716.07 4653.4 4583.33 4542.83 4518.98 4512.74 4501.2 4497.41 4491.4 4487.51 4481.42 4477.89 4478.48 4479.89 4410.88 4398.34 4474.84 4518.88 4514.28 4499.27 4481.71 4462.77 4442.45 4423.44 4405.64 4386.21 4385.66 4403.47 4426.11 4447.94 4465.56 4468.59 4454.88 4426.81 4382.27 4383.92 4386.7 4383.37 4379.22 4376.26 4373.64 4375.05 4377.12 4376.77 4375.9
4427.32 4425.74 4427.25 4428.87 4432.43 4435.16 4439.55 4442.45 4437.86 4441.12 4449.7 4461.57 4476.22 4495.61 4518.86 4523.79 4514.39 4520.82 4544.51 4576.58 4619.87 4675.39 4630.12 4583.52 4556.47 4528.23 4513.85 4510.55 4508.31 4503.69 4503.75 4506.14 4501.92 4497.84 4497.25 4520.43 4471.36 4444.66 4511.24 4546.27 4537.67 4520.67 4499.41 4478.66 4460.19 4442.64 4430.14 4424.82 4404.08 4421.57 4442.08 4462.72 4479.39 4487.89 4456.17 4420.34 4400.54 4392.46 4388.68 4385.46 4379.26 4378.27 4379.31 4383.48 4388.27 4391.31 4394.85
4434.26 4429.62 4427.87 4427.67 4429.04 4429.03 4429.16 4429.86 4435.49 4438.21 4446.05 4457.21 4471.15 4488.53 4511.8 4518.75 4517.42 4523.32 4536.95 4556.4 4574.98 4567.19 4516.62 4511.74 4520.62 4523.77 4516.1 4515.84 4513.65 4513.93 4519.22 4524.13 4524.58 4515.39 4509.41 4546.95 4471.61 4457.01 4526.57 4558.89 4554.73 4537.06 4516.22 4493.49 4472.83 4454.1 4442.85 4432.46 4427.5 4444.42 4463.06 4481.08 4497.71 4511.38 4457.43 4423.03 4412.11 4403.63 4400.77 4400.36 4396.84 4393.51 4391.1 4397.23 4403.36 4412.27 4417.99
4431.94 4428.43 4427.2 4427.23 4426.54 4423.91 4418.52 4410.03 4419.2 4430.46 4440 4449.76 4459.96 4470.08 4474.33 4481.78 4509.68 4513.15 4516.97 4525.82 4530.82 4525.46 4510.46 4480.38 4492.88 4507.94 4521.09 4529.42 4537.17 4546.27 4552.67 4560.76 4554.32 4551.17 4539.57 4552.58 4456.48 4470.41 4542.56 4569.6 4566.23 4551.12 4523.03 4502.08 4480.4 4462.95 4445.11 4447.1 4459 4468.2 4477.57 4488.87 4500.44 4505.05 4471.28 4429.95 4411.5 4406.99 4415.73 4423.79 4425.75 4418.07 4412.38 4414.64 4419.75 4428.26 4433.3
4424.22 4425.85 4426.39 4426.1 4425.05 4422.36 4417.86 4413.17 4416.27 4425.86 4433.83 4440.91 4447.38 4452.66 4457.09 4464.79 4470.13 4479.18 4485.69 4489.82 4489.74 4484.64 4473.56 4461.6 4469.24 4481.28 4494.63 4518.35 4533.02 4552.97 4557.53 4578.55 4585.41 4587.44 4586.37 4603.93 4502.06 4515.75 4588.24 4585.81 4567.65 4547.79 4527.91 4509.24 4491.16 4472.32 4451.11 4447.95 4491.13 4484.23 4486.05 4492.24 4495.98 4484.53 4449.8 4437.54 4422.57 4417.96 4439.25 4451.81 4453.9 4440.56 4432.7 4430.65 4434.45 4440.57 4446.66
4417.6 4421.68 4423.95 4424.81 4424.56 4423.7 4422.41 4421.64 4422.56 4425.76 4429.62 4433.94 4436.52 4437.85 4438.83 4438.39 4434.05 4444.25 4451.17 4454.02 4453.5 4450.7 4447.17 4443.18 4453.02 4470.01 4488.4 4504.85 4526.77 4549.23 4565.37 4588.99 4609 4621.57 4636.16 4604.6 4533.47 4558.27 4600.46 4580.75 4562.85 4546.74 4529.24 4515.97 4500.37 4487.9 4480.26 4477.03 4467.01 4479.54 4485.23 4490.87 4494.05 4492.92 4480.59 4468.24 4465.17 4473.59 4469.1 4471.15 4466.06 4449.56 4441.33 4442.77 4446.27 4450.99 4458.04
4416.47 4421.71 4425.07 4425.71 4425.81 4425.99 4427.11 4432.27 4430.3 4428.54 4430.14 4431.55 4430.88 4427.5 4421.36 4412.42 4410.4 4420.16 4427.11 4431.21 4429.59 4423.55 4424.49 4424.84 4437.42 4460.36 4484.31 4505.06 4526.88 4550.2 4573.52 4593.28 4614.67 4627.07 4605.53 4487.75 4588.7 4567.63 4546.07 4547.37 4541.57 4533.48 4522.42 4513.18 4504.79 4498.69 4497.48 4488.07 4474.57 4475.12 4483.02 4489.93 4494.93 4493.53 4487.85 4484.23 4488.18 4494.1 4488.36 4483.98 4475.82 4459.43 4453.3 4454.72 4457.89 4462.22 4468.59
4422.15 4427.01 4429.02 4429.3 4428.57 4426.72 4427.94 4430.98 4430.89 4430.28 4432.87 4434.19 4430.21 4423.9 4413.2 4401.12 4400.11 4407.39 4413.74 4415.67 4413.94 4411.89 4419.99 4419.59 4424.89 4447.92 4473.28 4506.25 4530.42 4555.06 4580.7 4607.92 4627.75 4636.06 4609.74 4463.69 4532.04 4543.96 4513.25 4523.79 4523.05 4526.37 4520.9 4514.69 4508.76 4504.9 4502.83 4491.99 4476.04 4476.46 4482.97 4489.21 4496.9 4497.09 4488.6 4486.86 4495.66 4503.07 4496.62 4485.71 4477.79 4472.18 4466.4 4465.34 4468.12 4472.25 4479.49
4433.91 4433.9 4433.04 4431.81 4428.57 4427 4424.75 4422.46 4422.22 4433.32 4441.13 4443.56 4441.35 4433.18 4419.44 4404.14 4400.24 4403.21 4409.07 4412.75 4412.13 4410.18 4429.83 4431.09 4425.36 4446.83 4469.09 4495.69 4523.21 4548.9 4574.29 4596.77 4615.44 4628.28 4603.17 4470.53 4536.86 4546.03 4515.83 4520.76 4534.33 4524.23 4520.45 4513.93 4508.2 4503.96 4503.28 4494.88 4486.44 4483.83 4485.96 4489.58 4492.3 4502.03 4493.7 4491.61 4499.96 4506.3 4502.84 4490.94 4484.57 4479.37 4475.86 4475.1 4476.91 4481.67 4490.25
4454.57 4447.13 4443.36 4440.74 4436.93 4432.8 4426.76 4420.55 4425.8 4444.49 4456.8 4461.65 4458.23 4450.47 4435.87 4418.44 4404.64 4410.05 4418.77 4425.6 4425.91 4418.61 4440.16 4443.28 4429.51 4446.75 4473.57 4500.99 4526.98 4551.43 4572.95 4590.88 4601.5 4602.49 4578.2 4511.09 4590.33 4572.81 4538.2 4537.73 4539.79 4538.32 4526.04 4517.42 4508.65 4502.76 4498.95 4495.07 4491.83 4489.96 4490.27 4491.62 4494.41 4498.18 4497.44 4498.82 4503.19 4507.6 4509.07 4507.12 4497.18 4485.07 4483.59 4482.14 4482.41 4483.64 4478.4
4474.38 4466.68 4462.56 4459.11 4454.14 4448.39 4442.76 4439.58 4449.63 4470.02 4479.88 4483.29 4483.87 4479.11 4466.39 4442.45 4417.35 4432.33 4442.64 4449.66 4459.09 4468.32 4476.18 4462.38 4428.37 4450.79 4474.53 4499.02 4524.75 4547.38 4565.17 4573.11 4572.51 4557.45 4501.88 4435.98 4561.57 4584.31 4564.49 4558.2 4553.3 4548.76 4533.17 4518.64 4511.78 4502.14 4493.08 4494.96 4495.3 4495.29 4496.31 4496.45 4494.68 4495.31 4497.19 4499.17 4504.64 4510.27 4513.51 4514.79 4505.93 4499.36 4490.72 4487.17 4486.71 4487.77 4494.57
4495.31 4493.43 4488.69 4481.58 4474.14 4468.23 4473.04 4484.52 4503.57 4508.24 4508.78 4509.5 4511.55 4515.25 4512.36 4491.73 4470.48 4473.3 4472.75 4471.76 4479.36 4508.25 4486.1 4467.16 4452.55 4470.18 4491.19 4509.87 4531.03 4546.84 4562.27 4566.67 4556.63 4526.75 4454.21 4396.18 4527.24 4596.58 4587.65 4577.83 4567.77 4558.24 4535.94 4527.89 4516.51 4504.38 4497.86 4501.02 4502.15 4500.81 4507.83 4505.71 4499.21 4498.73 4499.3 4500.47 4506.52 4513.15 4514.44 4509.87 4503.9 4499.28 4494.61 4493.07 4492.29 4492.54 4494.54
4523.63 4523.88 4516.83 4508.03 4496.29 4485.83 4487.08 4506.87 4542.3 4537.77 4528.17 4527.62 4535.84 4547.58 4566.51 4583.48 4550.61 4527.39 4505.21 4488.62 4471.09 4451.18 4471.99 4479.32 4489.38 4492.19 4508.5 4524.48 4542.39 4557.49 4569.86 4569.91 4552.92 4521.65 4467.73 4455.55 4531.18 4593.7 4595.56 4588.82 4580.31 4569.78 4552.09 4543.58 4531.41 4516.55 4508 4519.75 4529.81 4537.28 4530.78 4520.8 4512.67 4506.33 4504.4 4504.77 4510.13 4516.28 4517.05 4509.29 4497.96 4496.02 4498.83 4499.75 4497.78 4495.43 4493.77
4575.58 4565.19 4550.59 4535.2 4520.12 4501.14 4478.8 4498.37 4530.85 4533.22 4533.34 4539.37 4550.1 4565.45 4591.72 4619.9 4614.61 4566.47 4528.56 4503.8 4484.89 4474.46 4481.26 4486.81 4486.13 4501.36 4522.73 4544.34 4555.96 4569.57 4580.09 4582.29 4574.58 4551.39 4486.11 4467.38 4531.32 4582.38 4598.2 4598.04 4591.8 4582.92 4569.36 4564.61 4555.63 4542.65 4537.29 4545.59 4558.33 4574.71 4548.09 4532.36 4524.83 4516.92 4515.44 4514.47 4519.39 4522.61 4521.53 4512.25 4495.86 4500.94 4511.24 4512.81 4508.55 4501.09 4493.09
