real_craters/C101-300m.grd
DSAA
223 223
-33.355 33.355
-33.355 33.355
3423.3602733471 5246.9132977001
[rows 30 to 59 of 223, columns 0 to 66 of 223]
4453.04 4456.26 4462.83 4473.25 4488.63 4504.55 4515.12 4502.36 4483.7 4475.87 4471.89 4469.28 4466.83 4463.37 4458.69 4453.64 4448.5 4443.62 4439.2 4435.39 4429.79 4426.51 4423.21 4420.17 4417.4 4414.76 4412.33 4409.79 4407.23 4405.12 4406.14 4401.75 4401.88 4401.89 4401.82 4401.23 4399.92 4398.89 4396.96 4395.36 4397.55 4408.87 4425.01 4441.49 4455.19 4459 4445.43 4429.97 4422.69 4419.28 4418.77 4420.88 4424.26 4428.66 4433.62 4439.36 4446.16 4453.11 4459.84 4453.04 4442.7 4433.11 4428.63 4430.58 4432.27 4433.38 4433.37
4458.22 4461.78 4468.05 4477.03 4489.67 4504.15 4512.48 4499.77 4481.93 4473.05 4468.77 4466.21 4463.82 4460.69 4456.21 4451.14 4446.1 4441.24 4436.55 4431.55 4424.66 4422.11 4419.69 4417.53 4415.48 4413.56 4411.74 4410.08 4408.66 4407.41 4404.98 4402.19 4401.89 4401.67 4401.36 4400.49 4399.72 4398.56 4396.71 4394.93 4397.19 4409.34 4425.48 4441.53 4453.65 4456.54 4446.57 4431.31 4426.06 4424.08 4422.04 4422.67 4425.26 4429.2 4433.97 4439.4 4445.59 4452.32 4457.74 4452.88 4442.67 4431.77 4428.71 4432.31 4436.48 4439.03 4441.07
4462.66 4465.96 4472.48 4478.23 4487.42 4504.6 4513.77 4501.27 4482.39 4470.74 4466.28 4463.55 4461.28 4458.44 4453.75 4448.52 4443.21 4438.04 4432.88 4427.19 4420.18 4417.81 4416.2 4414.79 4413.45 4412.19 4411.02 4409.91 4408.86 4406.79 4403.62 4401.49 4401.06 4401.59 4401.5 4400.84 4399.52 4398.54 4397.14 4395.07 4397.4 4410.19 4426.39 4442.55 4455.33 4460.61 4452.28 4436.91 4428.73 4425.16 4423.44 4423.98 4426.08 4429.3 4433.34 4437.72 4442.59 4447.41 4450.52 4449.33 4444.27 4436.06 4434.99 4438.9 4441.84 4444.8 4448.12
4468.28 4471 4474.71 4480.02 4489.53 4506.35 4519.53 4504.41 4484.99 4470.99 4464.91 4461.48 4458.95 4456.07 4451.24 4445.62 4440.07 4434.55 4428.86 4422.54 4415.94 4414.07 4413.08 4412.34 4411.61 4410.84 4410.1 4409.35 4408.6 4406.12 4402.64 4400.8 4401.41 4401.92 4402.12 4401.93 4399.94 4398.66 4397.65 4395.44 4398.9 4411.43 4427.64 4444.25 4458.82 4468.24 4461.49 4443.48 4431.58 4424.99 4424.25 4425.35 4427.05 4429.59 4432.64 4435.76 4438.7 4441.3 4443.84 4445.45 4447.35 4452.07 4448.21 4446.57 4447.29 4449.29 4452.26
4472.96 4475.46 4478.52 4481.99 4488.03 4505.92 4518.49 4508.75 4486.79 4471.18 4463.99 4459.47 4456.37 4453.63 4448.48 4442.46 4436.69 4431.08 4425.29 4418.84 4413.23 4411.11 4410.63 4410.29 4410 4409.61 4409.28 4408.57 4407.3 4405.31 4402.54 4400.22 4400.79 4402.36 4402.41 4402.08 4400.5 4399.07 4397.68 4395.55 4399.41 4412.81 4429.03 4445.88 4461.29 4471.68 4468.94 4455.36 4438.74 4427.76 4426.29 4426.67 4427.95 4429.62 4431.4 4433.12 4434.41 4434.89 4433.99 4435.63 4445.88 4455.77 4453.59 4451.15 4450.56 4451.64 4453.57
4477.57 4479.79 4482.13 4485.84 4490.48 4507.88 4519.89 4508.62 4482.17 4470.12 4462.6 4457.08 4453.17 4449.57 4444.73 4438.98 4433.25 4427.83 4422.9 4417.47 4411.62 4409.24 4408.76 4408.72 4408.72 4408.65 4408.5 4407.94 4406.61 4404.01 4401.99 4400.61 4401.01 4402.57 4402.24 4401.18 4399.52 4398.16 4397.68 4396.65 4401.51 4414.14 4430 4446.42 4461.79 4473.53 4474.59 4463.33 4447.46 4434.42 4430.15 4429.09 4429.03 4429.51 4430.26 4430.89 4431.16 4430.53 4428.83 4429.81 4440.8 4451.6 4451.05 4450.89 4451.23 4452.44 4453.61
4481.26 4483.35 4486.75 4491.38 4497.69 4510.52 4516.22 4502.79 4479.63 4469.4 4460.78 4453.99 4449.19 4445.24 4440.57 4434.95 4429.52 4424.3 4419.55 4414.8 4409.9 4407.88 4407.49 4407.51 4407.71 4407.88 4407.95 4407.69 4407.09 4404.97 4402.65 4401.14 4400.85 4402.44 4402.28 4401.03 4399.07 4397.37 4397.79 4397.07 4402.6 4415.03 4430.32 4446.29 4460.61 4471.2 4472.64 4460.6 4446.94 4438.88 4434.1 4431.47 4430.26 4429.76 4429.76 4429.46 4429.16 4428.59 4428.75 4431.27 4435.21 4438.97 4444.37 4447.7 4449.83 4451.95 4453.59
4484.86 4488.3 4491.38 4496.27 4502.16 4508.64 4510.66 4502.85 4485.51 4469.04 4457.27 4449.75 4444.48 4440.37 4435.86 4430.51 4425.53 4420.63 4415.84 4411.89 4408.73 4406.96 4406.56 4406.69 4406.94 4407.21 4407.46 4407.53 4406.82 4405.03 4403.47 4401.8 4400.91 4403.31 4402.8 4401.48 4399.16 4396.04 4396.89 4396.35 4402.82 4415.53 4430.32 4445.46 4458.51 4466.36 4464.98 4458.11 4448.81 4442.43 4436.76 4433.1 4430.89 4429.55 4428.76 4429.02 4428.53 4428.08 4428.62 4432.69 4430.71 4434.01 4439.05 4444.05 4447.6 4450.83 4453.4
4489.48 4491.67 4494.69 4498.99 4502.39 4502.8 4505.16 4504.3 4489.5 4468.75 4452.5 4444.52 4439.14 4434.67 4430.27 4425.79 4421.5 4417.41 4413.45 4410.22 4407.51 4406.28 4406.1 4406.18 4406.37 4406.63 4406.99 4407.52 4407.98 4407.21 4404.57 4402.77 4402.05 4404.2 4403.46 4401.73 4399.12 4396.75 4396.12 4396.08 4403.21 4415.69 4429.91 4444.54 4457.59 4466.37 4469.48 4460.99 4450.3 4444.38 4438.06 4434.45 4431.72 4429.95 4428.82 4428.31 4427.89 4427.43 4426.66 4421.53 4427.64 4431.04 4436.03 4441.08 4445.3 4448.98 4452.52
4493.01 4494.92 4497.92 4500.59 4503.31 4502.2 4497.99 4488.87 4483.54 4465.46 4446.62 4439.13 4433.85 4429.25 4424.93 4421.4 4417.84 4414.49 4411.85 4409.26 4407.32 4406.38 4406.09 4405.9 4405.88 4406.01 4406.21 4406.64 4406.97 4406.26 4404.72 4403.5 4403.08 4405.03 4404.1 4402.47 4400.13 4397.94 4396.34 4396.4 4403.71 4415.76 4429.58 4443.86 4457.07 4467.82 4475.1 4465.59 4450.09 4445.96 4439.84 4435.83 4433.08 4431.07 4429.64 4428.5 4428.74 4428.25 4428.7 4432.55 4433.63 4433.4 4433.73 4438.47 4442.85 4446.75 4448.78
4494.45 4498.69 4500.56 4502.48 4503.61 4501.64 4493.8 4481.14 4469.75 4454.08 4441.42 4434.25 4429.13 4424.88 4421.1 4417.88 4414.69 4411.58 4408.83 4407.96 4407.47 4407.17 4406.3 4405.66 4405.35 4405.23 4405.14 4404.98 4404.77 4404.29 4404.05 4403.61 4403.77 4404.24 4404.74 4403.68 4402.18 4398.99 4396.39 4396.15 4403.86 4415.22 4428.56 4442.52 4455.8 4466.63 4470.94 4465.69 4457.25 4448.37 4441.85 4439.08 4436.99 4435.36 4432.52 4431.32 4430.12 4429.19 4428.9 4428.39 4419.76 4422.86 4430.37 4436.13 4440.35 4444.1 4446.5
4493.64 4498.41 4501.36 4502.62 4503.39 4502.27 4488.65 4471.89 4456.07 4444.1 4436.31 4429.81 4425.04 4421.24 4418.58 4415.03 4412.27 4409.63 4407.07 4406.97 4407.16 4407.29 4405.86 4405.17 4404.84 4404.6 4404.22 4403.52 4403.4 4403.54 4403.11 4403.06 4403.55 4405.5 4405.37 4404.64 4403.14 4400.64 4397.83 4396.9 4403.98 4414.55 4426.57 4439.97 4453.14 4464.84 4473.6 4467.92 4454.21 4446.91 4443.78 4442.5 4441.29 4439.89 4437.32 4435.24 4433.03 4431 4428.93 4426.47 4426.33 4426.36 4430.03 4434.78 4437.76 4440.69 4442.71
4493.78 4497.32 4498.35 4499.2 4499.55 4497.79 4480.26 4460.56 4447.15 4437.77 4430.94 4425.51 4421.21 4417.59 4413.54 4411.97 4410.65 4409.33 4408.33 4406.74 4405.84 4404.73 4404.71 4404.51 4404.32 4404.07 4403.76 4403.3 4402.7 4402.3 4402.05 4402.25 4403.09 4404.63 4405.89 4405.31 4403.52 4401.43 4399.28 4398.02 4403.52 4412.34 4423.52 4435.79 4448.65 4460.44 4468.74 4464.27 4450.15 4443.79 4445.67 4447.92 4448.08 4446.6 4444.18 4441.06 4436.27 4433.28 4430.09 4427.49 4426.57 4429.16 4431.27 4433.78 4436.07 4436.47 4439.58
4491.98 4491.88 4494.66 4494.16 4492.21 4486.64 4470.75 4458.92 4446.88 4434.74 4426.9 4421.98 4418.16 4415.07 4413.16 4411.35 4409.69 4408.58 4407.63 4406.55 4405.4 4404.38 4404.14 4404.03 4403.9 4403.73 4403.56 4403.45 4402.42 4401.3 4400.6 4400.61 4402.17 4405.17 4406.89 4405.97 4403.95 4401.31 4398.56 4397.75 4401.94 4409.3 4417.77 4428.37 4440.27 4452.82 4465.26 4472.69 4455.39 4445.33 4453.08 4457.22 4457.15 4455.09 4451.42 4446.88 4441.27 4436.58 4433.04 4430.32 4431.65 4431.34 4432 4433.54 4435.32 4435.89 4436.96
4489.97 4489.21 4489.72 4488.14 4484.46 4481.4 4465.02 4454.67 4442.21 4430.93 4424.07 4419.11 4415.45 4412.82 4411.28 4409.83 4408.84 4408.24 4407.53 4406.57 4405.46 4404.52 4403.92 4403.77 4403.61 4403.48 4403.25 4402.84 4401.68 4400.18 4398.72 4397.74 4398.36 4404.32 4407.28 4405.82 4404.08 4401.45 4398.57 4396.77 4399.96 4404.73 4411.02 4418.99 4428.7 4440.39 4455.1 4470.9 4468.56 4463.9 4467.67 4469.55 4467.14 4463.64 4458.08 4451.82 4445.27 4439.07 4434.22 4430.47 4431.81 4430.84 4431.94 4433.59 4435.32 4437.05 4437.4
4488.34 4487.02 4486.74 4483.59 4478.39 4473.27 4463.5 4448.44 4434.58 4426.21 4420.25 4416 4412.82 4410.31 4408.59 4407.74 4407.92 4408.4 4408.1 4407.02 4405.72 4404.45 4403.89 4403.68 4403.46 4403.4 4403.05 4402.31 4401.08 4399.22 4397.05 4394.49 4391.08 4388.79 4400.25 4404.27 4404.11 4402.01 4399.46 4397.12 4398.14 4400.23 4404.14 4408.82 4415.07 4423.44 4435.27 4450.49 4468.4 4480.07 4485.36 4482.45 4477.5 4470.36 4462.49 4454.06 4446.62 4439.7 4433.83 4428.28 4424.54 4428.66 4431.57 4433.85 4435.79 4438.55 4439.33
4486.57 4484.87 4483.45 4480.51 4476.99 4473.15 4463.13 4445.86 4431.3 4421.61 4416.64 4413.09 4410.41 4408.21 4405.91 4404.53 4407.13 4409.99 4409.28 4407.57 4406.11 4404.95 4404.15 4403.82 4403.61 4403.47 4402.92 4402.28 4400.58 4398.81 4396.61 4393.81 4389.6 4380.45 4398.64 4405.38 4404.77 4402.56 4400.09 4397.48 4396.82 4396.59 4397.32 4399.37 4401.9 4406.04 4412.93 4429.49 4467.67 4501.82 4503.64 4496.45 4487.69 4477.9 4467.38 4457.63 4448.52 4440.22 4433.01 4428.16 4427.04 4428.65 4431.57 4433.97 4436.11 4439.23 4441.92
4484.96 4483.01 4481.23 4478.21 4474.82 4470.84 4460.42 4440.02 4421.52 4417.28 4415.02 4411.25 4408.82 4407.12 4405.48 4404.89 4406.84 4408.2 4408.66 4407.64 4406.4 4405.22 4404.46 4404.15 4403.92 4403.87 4403.06 4401.94 4400.76 4399.17 4397.55 4396.34 4396.92 4405.95 4415.59 4408.18 4405.04 4401.97 4399.59 4397.46 4395.85 4394.5 4392.95 4391.44 4391.37 4392.33 4397.37 4419.15 4471.62 4513.5 4516.3 4505.91 4493.86 4482.2 4471.28 4459.73 4450.07 4440.61 4432 4425.7 4426.01 4430.12 4432.75 4434.71 4436.48 4439.17 4440.41
4481.9 4480.65 4478.24 4475.57 4472.73 4466.86 4454.31 4436.16 4419.26 4414.33 4412.97 4409.79 4408.03 4407.04 4406.71 4407.35 4407.83 4408.19 4408.18 4407.57 4406.6 4405.76 4405.14 4404.57 4404.3 4403.89 4403.62 4402.8 4401.2 4400.04 4398.98 4398.81 4400.37 4403.62 4403.52 4405.46 4404.12 4401.78 4399.05 4398.73 4396.99 4394.25 4390.67 4386.86 4383.95 4383.75 4391.14 4425.78 4482.15 4518.65 4519.53 4508.07 4496.08 4484.18 4472.46 4460.7 4449.86 4439.91 4431.24 4425.3 4428.81 4433.33 4434.49 4435.65 4436.94 4438.97 4440.2
4480.33 4478.51 4475.86 4472.41 4469.34 4463.02 4451.02 4434.82 4418.47 4412.87 4412.29 4409.12 4407.77 4407.37 4407.65 4408.67 4409.04 4409.01 4408.4 4407.61 4406.72 4405.82 4405.07 4404.88 4404.75 4404.5 4404.03 4403.35 4402.34 4400.93 4400.11 4399.9 4400.43 4401.21 4401.87 4403.24 4402.81 4400.79 4397 4398.46 4399.2 4395.87 4390.64 4385.43 4380.86 4379.76 4389.18 4436.13 4492.24 4509.47 4508.93 4501.92 4493.1 4482.88 4471.84 4459.91 4449.13 4439.49 4430.9 4427.11 4430.47 4434.54 4434.81 4435.71 4436.76 4438.25 4438.31
4478.39 4476.28 4473.95 4469.97 4466.12 4460.29 4451.07 4435.89 4421.57 4414.96 4412.15 4409.67 4407.88 4407.35 4407.76 4408.95 4409.24 4409.31 4408.38 4407.6 4406.84 4406.06 4405.39 4405.32 4405.36 4405.18 4404.56 4403.54 4402.53 4401.49 4400.71 4400.29 4400.44 4400.67 4401.94 4402.83 4401.98 4400.39 4398.31 4401.16 4403.68 4398.75 4393.26 4388.15 4383.67 4381.39 4389.07 4439.28 4493.11 4492.51 4490.5 4491.89 4487.77 4479.75 4469.85 4459.09 4448.52 4438.8 4430.44 4423.94 4427.67 4431.08 4433.56 4434.93 4436.43 4437.77 4438.49
4476.88 4475.4 4472.69 4469.15 4464.85 4457.52 4447.86 4435.52 4425.67 4418.76 4413.27 4409.82 4407.84 4407.19 4407.14 4407.14 4407.25 4407.64 4407.89 4407.55 4407.01 4406.44 4405.95 4406.02 4406.12 4406.12 4405.76 4404.16 4402.97 4401.93 4401.38 4400.83 4400.66 4400.7 4401.28 4402.76 4402.11 4401.26 4401.16 4402.73 4404.47 4401.16 4397.97 4395.44 4392.94 4390.76 4393.03 4435.51 4483.32 4482.22 4481.24 4485.58 4482.95 4475.79 4466.75 4456.41 4446.37 4437.33 4430.79 4427.88 4428.47 4430.98 4432.51 4433.66 4435.15 4436.89 4438.94
4475.65 4473.85 4471.49 4468.52 4464.59 4454.79 4442.44 4432.31 4424.61 4418.67 4415.21 4410.37 4407.73 4406.92 4406.7 4406.72 4407.1 4407.52 4407.75 4407.51 4407.14 4406.85 4406.89 4406.83 4406.83 4407.02 4407.04 4405.2 4404.05 4403.11 4402.56 4401.6 4400.9 4400.34 4400.38 4402.94 4402.58 4401.99 4402.79 4402.55 4402.33 4402.87 4404.17 4405.92 4408.26 4411.02 4413.25 4438.04 4462.85 4478.83 4484.89 4485.41 4480.08 4471.69 4461.95 4452.2 4442.56 4434.19 4428.5 4427.15 4427.86 4430.9 4431.18 4431.91 4433.16 4434.31 4436.07
4474.44 4472.09 4469.61 4466.75 4462.92 4452.3 4440.84 4430.79 4422.71 4417.62 4417.13 4412.47 4408.28 4406.89 4406.75 4406.98 4407.84 4408.51 4408.11 4407.71 4407.28 4406.94 4406.82 4406.79 4407.12 4407.52 4407.68 4406.6 4405.35 4405.09 4403.97 4403.22 4402.54 4401.63 4401.52 4403.77 4403.49 4402.66 4403.92 4402.34 4401.9 4405.06 4411.17 4416.87 4424.85 4438.32 4457.95 4460.78 4464.73 4484.06 4494.49 4487.45 4477.44 4466.99 4456.56 4446.76 4437.74 4429.49 4423.03 4420.98 4424.5 4426.95 4429.4 4430.21 4430.35 4429.83 4430.33
4472.93 4470.26 4467.38 4464.5 4460.37 4449.35 4437.13 4427.41 4423.14 4420.79 4419.38 4413.39 4408.14 4407.21 4407.28 4407.73 4408.81 4409.06 4408.44 4407.79 4407.24 4406.78 4406.38 4406.61 4407.25 4407.68 4407.62 4406.99 4406.41 4406.29 4406.12 4405.46 4404.67 4403.38 4402.6 4405.02 4404.58 4404.67 4405.12 4403.65 4403.45 4410.02 4419.04 4425.39 4435.29 4452.1 4474.69 4477.04 4484.05 4490.81 4497.16 4484.4 4471.43 4460.25 4449.97 4440.92 4432.52 4424.83 4418.39 4417.65 4422.9 4427.28 4429.7 4429.44 4428.26 4426.3 4425.66
4471.33 4468.24 4464.86 4461.76 4457.01 4446.46 4434.87 4426.16 4424.75 4425.11 4423.29 4416.8 4408.88 4407.85 4408.1 4408.64 4408.89 4409.24 4408.58 4407.85 4407.22 4406.7 4406.67 4407.03 4407.44 4407.96 4407.76 4407.06 4407.42 4407.9 4408.32 4408.64 4408.19 4406.75 4404.39 4405.95 4405.5 4405.57 4403.96 4401.83 4411.17 4424.73 4428.92 4431.62 4436.81 4445.77 4457.58 4468.52 4480.36 4481.6 4480.78 4469.94 4459.69 4450.69 4442.71 4435.2 4428.31 4421.92 4416.75 4417.52 4423.49 4430.3 4431.55 4429.56 4427.35 4425.5 4425.61
4470.76 4467.19 4463.15 4458.44 4453.45 4444.7 4434.69 4425.55 4425.77 4426.31 4420.25 4411.77 4409.18 4408.63 4409.12 4410.1 4410.66 4409.31 4408.62 4407.81 4407.12 4406.48 4406.02 4406.05 4407.39 4408.77 4408.68 4407.98 4408.74 4409.96 4411.33 4412.67 4413.5 4413.03 4409.48 4406.25 4408.46 4405.74 4405.06 4402.26 4417.47 4441.15 4435.6 4433.95 4433.47 4432.93 4436.45 4448.51 4454.93 4455.86 4449.38 4447.11 4444.48 4439.96 4435.09 4429.75 4424.93 4420.72 4418.05 4419.46 4424.24 4429.51 4431.31 4429.91 4427.28 4424.07 4424.85
4471.78 4467.61 4462.41 4457.16 4451.89 4444.37 4436.81 4431.69 4425.44 4420.25 4413.96 4410.05 4409.47 4409.29 4409.93 4410.95 4411.2 4409.49 4408.62 4407.87 4407.16 4406.4 4405.63 4405.37 4407.47 4409.79 4409.72 4408.73 4410.11 4412.15 4414.56 4417.44 4420.35 4423.36 4425.86 4425.36 4424.37 4414.53 4408.13 4406.8 4417.47 4431.89 4433.9 4434.29 4431.3 4425.77 4425.3 4432.94 4437.46 4436.34 4431.98 4430.08 4430.01 4429.71 4427.82 4425.34 4422.72 4420.17 4419.58 4421 4424.53 4429.03 4431.21 4430.75 4429.45 4427.27 4428
4472.43 4468.68 4463.6 4458.52 4452.3 4444.09 4436.47 4432.5 4421.66 4412.81 4409.54 4409.75 4409.53 4409.55 4410.28 4410.96 4410.57 4409.42 4408.69 4408.06 4407.37 4406.8 4406.43 4406.65 4407.87 4408.93 4408.84 4409.15 4411.43 4414.25 4417.5 4421.34 4426.29 4432.78 4443.07 4459.06 4444.19 4429.97 4415.35 4424.38 4443.32 4424.89 4436.23 4438.01 4434.51 4427.06 4423.84 4425.31 4423.88 4419.65 4414.94 4414.6 4419.42 4421.87 4422.45 4422.03 4421.25 4420.03 4418.26 4421.09 4424.32 4427.73 4429.92 4431.93 4433.47 4435.74 4435.07
4473.56 4471.17 4466.91 4462.15 4453.42 4443.04 4432.15 4419.76 4413.87 4411.01 4409.99 4410.27 4409.24 4409.51 4410.47 4411.19 4410.71 4409.49 4408.72 4408.1 4407.63 4407.34 4407.49 4407.81 4408.51 4409.25 4408.72 4409.86 4412.66 4416.42 4420.23 4424.45 4428.83 4435.37 4442.95 4447.1 4442.06 4434.71 4429.9 4450.43 4485.33 4464 4450.29 4446.62 4444.1 4436.62 4430.93 4425.42 4416.91 4408.72 4408.12 4410.26 4413.89 4416.88 4418.62 4419.52 4420.33 4421.59 4422.66 4422.72 4424.03 4426.54 4429.91 4432.81 4436.58 4438.87 4440.16
