real_craters/C101-750m.grd
DSAA
90 90
-33.355 33.355
-33.355 33.355
3422.5390891869 5210.3231744951
[rows 0 to 37 of 90, columns 0 to 83 of 90]
4422 4434 4445 4428 4487 4491 4481 4473 4462 4453 4447 4445 4438 4426 4403 4401 4398 4398 4413 4418 4420 4418 4410 4405 4400 4394 4389 4388 4391 4395 4399 4400 4400 4399 4398 4399 4401 4403 4405 4408 4410 4404 4406 4405 4405 4409 4409 4413 4413 4409 4419 4474 4466 4456 4482 4511 4536 4557 4578 4593 4623 4649 4652 4635 4612 4570 4506 4435 4374 4348 4351 4330 4299 4297 4300 4295 4291 4295 4313 4328 4305 4323 4314 4325
4422 4431 4442 4432 4484 4488 4482 4475 4465 4453 4443 4438 4435 4421 4401 4398 4397 4397 4407 4418 4423 4426 4412 4411 4405 4398 4389 4388 4388 4393 4394 4398 4400 4400 4399 4399 4400 4401 4403 4406 4407 4410 4417 4414 4405 4439 4453 4413 4411 4410 4413 4451 4445 4440 4461 4492 4519 4544 4565 4582 4595 4622 4647 4670 4695 4735 4663 4602 4585 4525 4461 4388 4319 4303 4307 4307 4313 4314 4318 4339 4353 4344 4343 4342
4424 4433 4443 4447 4449 4477 4480 4474 4464 4451 4439 4430 4427 4419 4402 4402 4403 4403 4413 4419 4424 4427 4428 4418 4411 4405 4399 4391 4385 4384 4393 4398 4400 4401 4401 4399 4398 4400 4401 4404 4407 4429 4440 4444 4443 4462 4472 4473 4440 4426 4431 4422 4424 4434 4450 4476 4505 4533 4556 4572 4579 4612 4650 4694 4735 4747 4734 4703 4696 4720 4584 4472 4362 4327 4316 4329 4343 4341 4312 4279 4368 4361 4351 4347
4426 4437 4443 4475 4493 4485 4482 4475 4463 4450 4436 4426 4421 4419 4413 4410 4411 4415 4417 4419 4423 4425 4423 4420 4414 4410 4404 4393 4383 4381 4394 4399 4399 4401 4402 4401 4399 4397 4398 4409 4423 4470 4455 4459 4476 4453 4414 4430 4441 4436 4435 4424 4415 4419 4441 4468 4497 4524 4546 4561 4575 4605 4647 4701 4766 4817 4773 4732 4696 4693 4654 4585 4502 4440 4364 4395 4415 4389 4344 4311 4397 4351 4351 4344
4427 4435 4444 4487 4501 4490 4481 4471 4459 4447 4433 4421 4418 4421 4415 4413 4414 4415 4414 4418 4422 4423 4422 4420 4417 4412 4405 4394 4384 4381 4390 4395 4397 4400 4405 4406 4402 4397 4394 4419 4471 4457 4442 4436 4430 4425 4410 4424 4436 4433 4425 4416 4412 4415 4436 4462 4491 4519 4543 4560 4566 4597 4634 4676 4732 4767 4767 4747 4713 4714 4719 4713 4724 4674 4564 4510 4502 4504 4402 4366 4373 4349 4354 4352
4428 4436 4467 4494 4494 4486 4477 4465 4453 4441 4431 4423 4419 4415 4411 4411 4412 4412 4413 4418 4424 4426 4424 4423 4420 4413 4404 4393 4384 4382 4386 4391 4395 4399 4408 4416 4409 4398 4395 4420 4456 4411 4413 4412 4411 4407 4403 4408 4428 4423 4418 4413 4406 4411 4431 4456 4485 4514 4541 4555 4563 4583 4603 4628 4668 4704 4725 4755 4806 4777 4772 4787 4828 4790 4659 4603 4567 4508 4446 4379 4411 4375 4366 4369
4429 4442 4474 4494 4488 4481 4472 4461 4448 4438 4430 4424 4420 4411 4408 4408 4409 4411 4414 4418 4424 4429 4430 4429 4424 4417 4407 4394 4380 4379 4386 4392 4394 4398 4423 4438 4417 4402 4394 4416 4429 4412 4395 4399 4399 4396 4396 4399 4411 4411 4407 4398 4398 4406 4426 4450 4476 4507 4540 4560 4563 4563 4574 4581 4581 4610 4656 4703 4779 4794 4771 4783 4800 4775 4724 4689 4676 4627 4570 4560 4585 4527 4533 4496
4430 4441 4467 4499 4491 4479 4467 4455 4444 4435 4429 4424 4420 4410 4407 4406 4404 4408 4410 4418 4420 4427 4433 4433 4426 4420 4410 4398 4388 4384 4388 4393 4394 4397 4411 4421 4420 4413 4403 4445 4473 4404 4387 4393 4395 4393 4394 4395 4400 4400 4399 4395 4405 4408 4422 4441 4463 4489 4521 4538 4534 4546 4555 4553 4541 4558 4591 4604 4585 4665 4709 4736 4754 4747 4724 4712 4758 4750 4656 4726 4772 4760 4744 4769
4432 4443 4465 4505 4491 4474 4463 4452 4440 4432 4427 4423 4419 4408 4406 4403 4399 4418 4431 4438 4439 4438 4436 4433 4428 4421 4412 4403 4395 4389 4388 4391 4399 4401 4408 4414 4425 4430 4449 4453 4439 4393 4383 4390 4390 4395 4410 4394 4391 4392 4394 4398 4399 4406 4417 4432 4447 4461 4471 4496 4517 4533 4546 4552 4545 4552 4559 4555 4548 4583 4635 4670 4690 4693 4674 4668 4678 4641 4578 4728 4734 4785 4927 4913
4433 4445 4475 4507 4491 4472 4461 4450 4439 4431 4425 4419 4412 4407 4404 4400 4396 4430 4465 4453 4459 4447 4439 4434 4429 4423 4416 4407 4399 4391 4385 4387 4407 4443 4446 4451 4433 4420 4417 4415 4391 4388 4386 4389 4389 4399 4411 4412 4386 4390 4394 4394 4396 4404 4414 4424 4433 4441 4450 4471 4498 4522 4541 4564 4599 4570 4551 4541 4542 4558 4589 4620 4645 4670 4667 4665 4660 4588 4519 4691 4738 4809 4868 4786
4435 4445 4502 4506 4490 4475 4460 4448 4439 4430 4421 4414 4407 4406 4402 4399 4396 4429 4451 4432 4425 4434 4435 4433 4431 4428 4420 4412 4405 4393 4383 4382 4409 4437 4450 4445 4424 4403 4392 4396 4392 4387 4386 4386 4387 4391 4398 4403 4386 4397 4397 4395 4403 4410 4420 4426 4430 4429 4434 4455 4483 4509 4529 4551 4567 4562 4546 4537 4534 4540 4567 4595 4614 4632 4674 4713 4661 4582 4527 4718 4771 4786 4774 4751
4441 4448 4503 4500 4482 4472 4458 4446 4438 4428 4418 4410 4404 4403 4401 4399 4398 4430 4453 4421 4418 4426 4435 4437 4436 4429 4424 4417 4409 4395 4384 4381 4409 4447 4440 4414 4407 4397 4390 4391 4387 4388 4389 4386 4384 4396 4394 4409 4444 4412 4403 4402 4411 4422 4428 4433 4434 4427 4424 4449 4471 4487 4516 4529 4535 4541 4538 4531 4529 4532 4561 4585 4599 4604 4677 4767 4702 4628 4618 4804 4821 4808 4788 4813
4453 4467 4504 4492 4472 4466 4454 4442 4430 4422 4415 4409 4406 4402 4401 4398 4397 4432 4460 4426 4418 4426 4439 4456 4444 4429 4433 4430 4417 4403 4386 4378 4407 4433 4437 4414 4400 4393 4389 4388 4386 4386 4385 4386 4381 4388 4389 4402 4406 4408 4407 4410 4421 4435 4442 4444 4446 4444 4440 4462 4484 4506 4515 4516 4521 4532 4538 4534 4542 4568 4590 4596 4608 4628 4662 4698 4740 4658 4698 4859 4834 4770 4667 4711
4464 4476 4505 4493 4466 4459 4448 4434 4418 4414 4412 4409 4403 4401 4401 4398 4398 4434 4463 4435 4424 4428 4437 4446 4446 4441 4446 4458 4449 4417 4393 4381 4416 4469 4438 4408 4394 4392 4387 4382 4386 4390 4381 4383 4379 4390 4395 4392 4389 4400 4408 4414 4419 4444 4451 4458 4467 4481 4488 4480 4490 4512 4502 4507 4517 4526 4543 4573 4588 4616 4608 4602 4613 4633 4632 4588 4650 4602 4670 4833 4786 4681 4641 4638
4477 4483 4507 4496 4463 4452 4439 4426 4412 4409 4409 4407 4402 4403 4401 4398 4401 4437 4473 4459 4430 4429 4431 4430 4440 4451 4452 4453 4446 4427 4406 4390 4405 4438 4429 4403 4387 4385 4383 4382 4387 4401 4439 4400 4381 4391 4398 4396 4399 4406 4415 4422 4446 4471 4458 4459 4468 4490 4496 4479 4468 4452 4466 4480 4496 4514 4533 4552 4570 4567 4577 4596 4610 4620 4604 4568 4560 4523 4658 4767 4712 4601 4615 4596
4486 4495 4506 4498 4456 4440 4429 4417 4408 4406 4407 4408 4404 4403 4402 4396 4402 4436 4465 4455 4438 4431 4429 4428 4428 4439 4450 4456 4448 4434 4420 4406 4396 4420 4422 4408 4394 4376 4379 4380 4384 4390 4385 4386 4382 4388 4398 4402 4409 4411 4421 4445 4454 4441 4447 4450 4455 4457 4461 4457 4448 4444 4446 4457 4477 4499 4519 4532 4549 4555 4569 4591 4605 4603 4581 4567 4529 4461 4603 4700 4671 4614 4591 4551
4494 4502 4502 4477 4442 4427 4418 4410 4407 4406 4405 4405 4404 4404 4404 4398 4403 4434 4466 4462 4442 4434 4431 4429 4422 4432 4444 4452 4449 4443 4439 4446 4460 4441 4424 4411 4400 4392 4383 4378 4383 4383 4378 4369 4378 4389 4401 4402 4400 4404 4412 4418 4426 4433 4430 4433 4435 4431 4435 4438 4433 4421 4425 4443 4464 4488 4512 4533 4546 4558 4571 4588 4605 4613 4604 4563 4520 4462 4637 4670 4644 4592 4598 4611
4493 4497 4493 4452 4429 4418 4411 4409 4406 4404 4404 4403 4402 4404 4406 4401 4402 4425 4456 4458 4448 4452 4445 4434 4428 4432 4435 4439 4445 4446 4449 4459 4473 4447 4422 4406 4397 4393 4392 4384 4393 4390 4366 4356 4364 4385 4406 4401 4395 4396 4400 4406 4416 4408 4415 4422 4424 4423 4426 4429 4426 4420 4419 4427 4447 4476 4507 4533 4545 4556 4568 4587 4605 4627 4646 4565 4539 4453 4613 4645 4619 4572 4559 4590
4489 4486 4473 4440 4421 4412 4408 4408 4406 4404 4403 4402 4397 4391 4404 4401 4398 4407 4424 4460 4483 4474 4455 4437 4425 4432 4438 4438 4443 4444 4443 4437 4411 4412 4409 4401 4395 4401 4434 4436 4418 4411 4416 4358 4354 4373 4393 4396 4395 4394 4392 4395 4416 4413 4412 4417 4419 4421 4424 4428 4428 4424 4416 4411 4434 4465 4497 4523 4540 4552 4569 4580 4594 4611 4618 4557 4537 4460 4594 4630 4617 4575 4543 4547
4484 4479 4470 4429 4414 4408 4406 4408 4407 4405 4404 4402 4398 4401 4408 4400 4396 4391 4388 4442 4520 4491 4463 4437 4426 4434 4439 4441 4441 4441 4438 4431 4416 4403 4401 4394 4389 4411 4449 4444 4428 4417 4411 4394 4363 4366 4385 4393 4396 4393 4387 4395 4410 4423 4415 4414 4417 4421 4424 4428 4434 4438 4430 4405 4426 4457 4488 4510 4527 4539 4547 4563 4573 4577 4564 4552 4536 4437 4589 4631 4638 4616 4560 4527
4479 4472 4461 4428 4412 4408 4409 4409 4407 4405 4405 4403 4401 4401 4403 4399 4403 4391 4381 4470 4492 4486 4461 4436 4427 4434 4438 4439 4439 4438 4435 4432 4429 4413 4404 4396 4397 4417 4437 4433 4424 4415 4414 4416 4426 4428 4407 4399 4392 4385 4381 4388 4407 4417 4410 4413 4414 4415 4425 4430 4438 4449 4448 4418 4427 4447 4482 4502 4509 4521 4533 4542 4548 4546 4538 4535 4520 4441 4590 4637 4663 4688 4679 4534
4475 4470 4454 4428 4416 4407 4407 4408 4407 4407 4407 4405 4403 4401 4403 4402 4402 4408 4421 4452 4488 4476 4451 4430 4426 4431 4433 4435 4436 4436 4434 4431 4427 4421 4412 4403 4400 4424 4451 4429 4418 4405 4399 4402 4425 4444 4423 4407 4392 4381 4380 4390 4405 4415 4413 4413 4417 4421 4425 4429 4434 4440 4438 4439 4426 4427 4428 4453 4479 4500 4523 4527 4522 4518 4515 4518 4520 4491 4601 4642 4667 4688 4693 4519
4471 4464 4447 4425 4423 4408 4408 4409 4407 4407 4408 4407 4408 4407 4406 4405 4409 4429 4446 4475 4484 4458 4437 4420 4423 4431 4426 4429 4434 4436 4435 4432 4425 4418 4422 4415 4403 4419 4449 4433 4418 4405 4395 4401 4406 4411 4422 4418 4407 4392 4412 4412 4412 4413 4411 4412 4419 4422 4422 4425 4427 4425 4426 4425 4416 4410 4407 4424 4450 4474 4497 4500 4494 4489 4490 4503 4526 4539 4611 4629 4635 4627 4556 4530
4470 4460 4444 4429 4411 4409 4411 4409 4407 4406 4409 4409 4415 4425 4442 4416 4422 4435 4426 4431 4426 4426 4424 4419 4424 4431 4430 4433 4436 4437 4437 4440 4441 4441 4446 4446 4427 4396 4441 4430 4417 4404 4401 4410 4401 4406 4420 4432 4449 4473 4456 4435 4418 4403 4401 4407 4408 4413 4417 4420 4420 4415 4405 4406 4403 4401 4402 4412 4429 4443 4454 4457 4457 4456 4453 4467 4461 4561 4593 4595 4593 4577 4573 4585
4476 4468 4442 4413 4411 4410 4412 4409 4408 4408 4409 4412 4420 4432 4437 4431 4477 4453 4457 4425 4407 4413 4418 4423 4423 4428 4443 4443 4440 4437 4439 4447 4458 4466 4476 4473 4458 4412 4417 4427 4419 4408 4402 4406 4406 4411 4422 4438 4460 4484 4466 4441 4423 4413 4406 4405 4405 4409 4414 4419 4420 4415 4404 4400 4399 4400 4395 4405 4413 4418 4416 4415 4425 4429 4432 4429 4373 4520 4559 4558 4547 4532 4526 4532
4481 4474 4443 4415 4411 4410 4410 4409 4411 4412 4412 4417 4427 4430 4426 4424 4427 4434 4440 4424 4409 4415 4417 4419 4422 4425 4446 4445 4444 4444 4443 4446 4473 4496 4511 4495 4456 4433 4434 4435 4431 4417 4416 4416 4415 4410 4423 4435 4445 4440 4433 4434 4423 4411 4415 4410 4406 4409 4415 4420 4426 4429 4415 4401 4402 4406 4412 4403 4402 4402 4400 4403 4405 4407 4405 4423 4329 4485 4516 4518 4505 4496 4486 4502
4477 4470 4446 4420 4415 4414 4417 4416 4423 4434 4440 4438 4437 4435 4432 4434 4424 4420 4425 4420 4421 4417 4418 4419 4425 4435 4434 4445 4452 4457 4453 4444 4492 4564 4551 4536 4521 4478 4462 4463 4458 4448 4441 4428 4431 4421 4430 4437 4440 4431 4436 4433 4427 4417 4417 4415 4414 4414 4417 4421 4426 4435 4445 4412 4403 4402 4401 4397 4395 4393 4393 4394 4394 4395 4402 4418 4328 4440 4471 4476 4470 4458 4444 4439
4472 4465 4456 4443 4468 4452 4425 4418 4434 4461 4477 4461 4449 4446 4455 4442 4436 4431 4418 4417 4413 4417 4419 4424 4425 4432 4441 4450 4463 4476 4486 4491 4501 4510 4509 4518 4536 4562 4522 4497 4485 4479 4466 4451 4436 4434 4442 4449 4451 4445 4445 4445 4440 4439 4434 4415 4409 4418 4422 4424 4423 4418 4411 4405 4399 4389 4387 4386 4387 4389 4389 4387 4387 4390 4404 4423 4339 4418 4429 4438 4434 4426 4415 4404
4464 4467 4465 4472 4460 4438 4435 4430 4433 4450 4457 4453 4447 4441 4435 4441 4449 4447 4425 4417 4413 4414 4416 4416 4422 4425 4434 4454 4473 4493 4523 4547 4509 4471 4461 4478 4518 4555 4540 4528 4515 4499 4491 4467 4447 4463 4481 4485 4483 4475 4469 4468 4458 4438 4427 4426 4437 4430 4431 4429 4425 4413 4408 4424 4402 4366 4363 4379 4386 4389 4388 4385 4388 4391 4389 4399 4373 4401 4404 4409 4409 4408 4406 4409
4462 4464 4463 4452 4433 4425 4420 4416 4420 4430 4459 4448 4438 4428 4418 4423 4416 4431 4428 4424 4415 4418 4416 4416 4420 4425 4434 4456 4480 4505 4524 4532 4511 4484 4477 4485 4528 4573 4547 4552 4560 4545 4524 4480 4503 4523 4529 4527 4524 4532 4519 4497 4486 4477 4478 4443 4438 4439 4439 4439 4438 4436 4434 4438 4416 4404 4388 4388 4391 4393 4394 4394 4403 4402 4363 4303 4418 4407 4399 4396 4392 4393 4397 4410
4458 4463 4467 4465 4449 4423 4416 4411 4412 4418 4430 4431 4425 4417 4413 4416 4409 4425 4456 4440 4417 4411 4415 4417 4421 4426 4433 4457 4487 4510 4521 4522 4520 4512 4514 4527 4534 4542 4545 4559 4578 4567 4528 4511 4578 4594 4578 4563 4555 4541 4531 4525 4520 4515 4509 4481 4465 4454 4451 4449 4449 4451 4438 4417 4418 4431 4410 4397 4394 4396 4404 4419 4420 4404 4338 4281 4408 4405 4391 4383 4378 4377 4394 4428
4461 4466 4471 4478 4484 4437 4414 4411 4410 4410 4407 4411 4412 4409 4405 4405 4404 4428 4478 4452 4426 4413 4412 4417 4420 4427 4431 4462 4491 4518 4540 4542 4531 4520 4508 4524 4523 4514 4528 4569 4596 4602 4569 4624 4745 4653 4591 4571 4581 4583 4555 4564 4555 4542 4530 4483 4469 4465 4462 4459 4455 4443 4428 4404 4402 4415 4406 4397 4395 4395 4398 4405 4414 4416 4332 4254 4375 4386 4374 4369 4362 4355 4358 4378
4476 4479 4480 4474 4447 4489 4437 4423 4416 4408 4405 4404 4405 4404 4403 4401 4404 4401 4455 4445 4437 4428 4428 4421 4418 4424 4451 4475 4493 4516 4558 4552 4533 4525 4524 4518 4512 4515 4550 4606 4630 4686 4750 4702 4674 4606 4514 4499 4558 4630 4614 4603 4575 4562 4557 4540 4502 4478 4472 4466 4459 4447 4425 4399 4387 4386 4390 4387 4385 4383 4384 4384 4393 4414 4323 4282 4384 4367 4361 4360 4353 4349 4351 4357
4492 4492 4489 4486 4495 4480 4456 4432 4416 4408 4406 4405 4404 4400 4398 4399 4401 4401 4411 4423 4427 4427 4429 4428 4421 4434 4482 4488 4489 4491 4492 4512 4522 4526 4536 4537 4520 4548 4600 4695 4747 4776 4794 4578 4430 4375 4329 4337 4404 4575 4681 4581 4566 4575 4560 4538 4489 4473 4479 4477 4468 4451 4437 4412 4393 4391 4379 4377 4376 4374 4370 4364 4360 4346 4285 4282 4349 4361 4366 4358 4350 4345 4351 4372
4500 4494 4490 4491 4493 4459 4432 4427 4412 4426 4417 4414 4407 4402 4399 4394 4393 4391 4399 4405 4415 4443 4437 4444 4443 4455 4490 4486 4480 4471 4453 4490 4517 4530 4527 4539 4573 4640 4755 4785 4813 4642 4480 4346 4165 4072 4107 4118 4118 4164 4304 4405 4503 4603 4666 4561 4475 4473 4485 4493 4493 4485 4463 4449 4423 4373 4373 4371 4366 4361 4355 4349 4341 4334 4261 4297 4366 4360 4360 4357 4354 4350 4357 4379
4491 4486 4486 4487 4482 4458 4436 4418 4417 4418 4418 4414 4410 4411 4404 4403 4407 4408 4394 4397 4399 4408 4483 4462 4454 4458 4460 4468 4471 4473 4485 4507 4537 4545 4553 4613 4703 4741 4857 4703 4493 4359 4232 4062 3951 3927 3946 3941 3903 3899 3983 4188 4381 4583 4774 4716 4517 4519 4531 4531 4526 4506 4480 4455 4417 4382 4375 4372 4367 4359 4351 4344 4338 4321 4248 4336 4389 4362 4354 4357 4361 4367 4363 4355
4467 4472 4475 4475 4463 4444 4429 4417 4413 4418 4416 4411 4408 4404 4403 4401 4401 4399 4397 4397 4398 4406 4432 4453 4451 4451 4453 4457 4465 4483 4505 4540 4563 4595 4639 4736 4917 4812 4642 4475 4307 4149 3983 3792 3804 3853 3838 3821 3809 3806 3868 4024 4232 4463 4734 4915 4736 4660 4628 4596 4577 4542 4492 4451 4416 4397 4384 4375 4367 4358 4350 4344 4333 4308 4242 4320 4364 4351 4353 4361 4362 4351 4356 4346
4465 4463 4464 4462 4457 4437 4428 4420 4420 4419 4416 4407 4408 4409 4404 4402 4406 4403 4401 4403 4403 4406 4414 4447 4486 4465 4438 4435 4463 4495 4533 4582 4622 4661 4697 4734 4764 4645 4438 4242 4055 3864 3700 3648 3689 3761 3728 3721 3761 3762 3765 3894 4064 4242 4422 4671 4845 4802 4726 4653 4589 4544 4492 4453 4420 4411 4395 4381 4372 4362 4351 4351 4333 4298 4242 4339 4367 4370 4382 4378 4376 4375 4362 4354
