real_craters/C101-750m.grd
DSAA
90 90
-33.355 33.355
-33.355 33.355
3422.5390891869 5210.3231744951
[rows 38 to 75 of 90, columns 0 to 83 of 90]
4475 4460 4457 4457 4468 4464 4462 4430 4427 4428 4419 4410 4407 4407 4403 4403 4404 4410 4405 4408 4409 4418 4416 4444 4469 4464 4439 4438 4468 4506 4554 4616 4678 4723 4723 4687 4613 4487 4259 4027 3844 3676 3617 3563 3567 3587 3579 3594 3619 3658 3713 3800 3912 4039 4145 4374 4782 4867 4774 4661 4559 4512 4481 4456 4439 4426 4409 4395 4381 4368 4358 4362 4355 4301 4239 4341 4363 4357 4368 4368 4372 4376 4366 4359
4463 4460 4455 4449 4434 4427 4479 4442 4434 4426 4426 4418 4407 4398 4401 4402 4400 4409 4415 4405 4408 4415 4418 4436 4467 4467 4453 4451 4481 4514 4571 4644 4718 4782 4795 4585 4564 4381 4105 3837 3693 3535 3458 3480 3471 3423 3479 3514 3484 3556 3632 3704 3796 3907 4033 4231 4684 4826 4754 4647 4542 4500 4480 4463 4437 4426 4412 4395 4381 4368 4368 4362 4351 4297 4234 4351 4360 4348 4345 4349 4350 4351 4354 4353
4466 4468 4464 4457 4433 4428 4430 4428 4423 4434 4433 4425 4411 4400 4401 4406 4413 4409 4410 4401 4405 4410 4444 4447 4489 4475 4476 4493 4499 4515 4579 4665 4743 4794 4740 4488 4509 4305 4032 3785 3605 3488 3443 3458 3499 3514 3565 3590 3558 3563 3555 3601 3707 3823 3950 4100 4440 4690 4688 4613 4524 4499 4477 4461 4453 4426 4411 4397 4384 4376 4367 4357 4345 4304 4255 4357 4359 4343 4345 4344 4340 4340 4347 4350
4478 4480 4482 4485 4516 4501 4459 4434 4435 4431 4428 4416 4403 4400 4402 4406 4407 4409 4411 4413 4403 4419 4454 4450 4457 4471 4483 4505 4503 4518 4589 4679 4760 4784 4683 4482 4454 4203 3941 3685 3560 3536 3487 3524 3636 3731 3787 3789 3742 3656 3586 3586 3658 3762 3879 3987 4284 4564 4610 4579 4514 4508 4479 4445 4423 4421 4411 4399 4388 4375 4360 4346 4338 4314 4263 4358 4357 4340 4339 4342 4342 4343 4345 4348
4485 4490 4493 4487 4457 4447 4433 4423 4421 4427 4419 4411 4407 4404 4401 4401 4402 4400 4398 4398 4398 4403 4429 4453 4449 4463 4479 4489 4492 4497 4587 4695 4784 4815 4681 4405 4215 4054 3859 3678 3539 3498 3547 3664 3820 3968 4038 4014 3922 3759 3634 3586 3619 3705 3828 3952 4187 4472 4554 4575 4557 4527 4484 4438 4416 4417 4413 4403 4389 4376 4352 4334 4327 4307 4273 4356 4353 4335 4332 4335 4338 4341 4343 4346
4488 4497 4506 4508 4474 4450 4427 4425 4420 4413 4411 4409 4411 4402 4397 4393 4387 4388 4394 4391 4409 4441 4460 4441 4440 4456 4474 4498 4490 4484 4586 4698 4793 4850 4679 4319 4035 3916 3777 3637 3479 3558 3675 3827 3994 4178 4277 4137 3991 3808 3653 3570 3592 3652 3743 3895 4100 4374 4509 4566 4576 4544 4493 4447 4426 4422 4426 4420 4406 4387 4362 4335 4325 4322 4288 4355 4350 4334 4331 4332 4336 4338 4340 4343
4494 4507 4520 4543 4541 4469 4425 4414 4407 4408 4404 4404 4401 4397 4393 4388 4383 4381 4379 4382 4411 4443 4453 4447 4443 4452 4463 4472 4487 4520 4601 4698 4771 4759 4567 4205 3951 3826 3723 3561 3449 3571 3820 3945 4085 4230 4259 4124 3966 3820 3674 3583 3587 3638 3724 3865 4058 4326 4496 4562 4573 4545 4493 4444 4439 4453 4446 4434 4421 4407 4384 4348 4306 4283 4317 4346 4346 4336 4333 4334 4337 4339 4341 4341
4500 4506 4510 4515 4507 4464 4429 4412 4410 4401 4398 4400 4399 4393 4390 4386 4383 4383 4378 4380 4437 4465 4451 4438 4440 4446 4455 4464 4485 4526 4604 4691 4752 4725 4526 4213 3891 3777 3722 3646 3505 3554 3820 3940 4065 4195 4278 4137 3985 3833 3689 3608 3593 3660 3754 3876 4078 4388 4546 4602 4595 4552 4489 4427 4437 4467 4456 4441 4432 4423 4410 4382 4294 4244 4328 4341 4343 4344 4342 4334 4338 4340 4345 4348
4511 4502 4491 4470 4455 4447 4429 4420 4417 4405 4399 4397 4395 4393 4391 4387 4386 4387 4383 4422 4468 4460 4438 4437 4439 4443 4451 4460 4471 4507 4587 4668 4729 4735 4496 4197 3854 3739 3665 3589 3489 3513 3692 3829 3965 4101 4214 4195 4023 3835 3681 3576 3588 3682 3794 3933 4152 4507 4631 4664 4628 4559 4492 4456 4441 4457 4448 4442 4437 4440 4440 4434 4336 4275 4344 4350 4346 4342 4333 4335 4337 4342 4354 4369
4507 4495 4480 4459 4446 4439 4428 4423 4412 4404 4398 4395 4393 4393 4391 4395 4390 4395 4388 4436 4460 4443 4434 4428 4432 4442 4447 4453 4459 4491 4561 4625 4667 4632 4448 4186 3864 3740 3694 3644 3611 3510 3546 3693 3819 3929 4009 4076 3969 3805 3666 3587 3591 3681 3832 4019 4268 4616 4673 4647 4615 4551 4485 4429 4425 4424 4421 4426 4430 4435 4439 4430 4353 4337 4363 4363 4354 4340 4328 4329 4334 4348 4360 4372
4490 4487 4479 4474 4457 4443 4431 4417 4409 4403 4402 4397 4393 4391 4388 4384 4383 4379 4374 4401 4460 4442 4425 4432 4439 4439 4445 4453 4466 4488 4525 4569 4597 4593 4515 4225 3940 3780 3708 3720 3707 3581 3535 3606 3684 3743 3774 3877 3819 3734 3645 3575 3608 3720 3895 4101 4337 4628 4664 4599 4597 4545 4478 4426 4410 4397 4395 4406 4416 4422 4419 4396 4317 4313 4374 4372 4362 4352 4345 4341 4342 4357 4367 4367
4482 4484 4483 4473 4467 4453 4435 4414 4408 4402 4402 4399 4393 4389 4388 4385 4380 4375 4376 4406 4449 4449 4432 4418 4427 4433 4441 4450 4458 4478 4500 4524 4544 4605 4684 4408 4104 3883 3687 3756 3756 3617 3575 3577 3601 3610 3578 3581 3661 3673 3652 3638 3696 3829 3996 4190 4384 4544 4640 4680 4615 4546 4481 4430 4408 4391 4384 4392 4402 4407 4401 4372 4296 4322 4367 4375 4370 4365 4371 4367 4369 4371 4382 4391
4489 4487 4492 4500 4478 4464 4449 4428 4408 4402 4397 4394 4392 4390 4394 4394 4386 4381 4388 4414 4461 4458 4435 4418 4414 4426 4438 4450 4469 4472 4478 4488 4506 4603 4795 4635 4331 4089 3926 3843 3731 3635 3594 3592 3586 3568 3528 3527 3605 3668 3704 3738 3815 3935 4109 4300 4475 4662 4723 4692 4622 4553 4491 4444 4411 4390 4378 4383 4394 4397 4389 4351 4276 4332 4371 4378 4369 4361 4354 4360 4367 4373 4392 4420
4486 4483 4486 4490 4481 4475 4478 4474 4446 4422 4416 4412 4397 4390 4394 4400 4391 4386 4387 4383 4435 4460 4441 4434 4422 4423 4436 4451 4457 4461 4475 4490 4517 4599 4727 4637 4420 4206 4077 3934 3703 3661 3644 3649 3642 3616 3571 3560 3644 3726 3791 3850 3927 4074 4228 4414 4630 4778 4768 4659 4598 4544 4501 4457 4421 4393 4372 4381 4389 4394 4384 4338 4270 4345 4389 4381 4368 4354 4347 4365 4349 4366 4384 4399
4470 4472 4471 4470 4478 4481 4469 4444 4417 4424 4418 4402 4394 4387 4388 4389 4391 4389 4389 4392 4423 4446 4463 4444 4407 4423 4438 4453 4466 4473 4483 4502 4534 4571 4623 4646 4520 4319 4150 4177 3954 3733 3753 3758 3753 3728 3689 3691 3767 3851 3927 3993 4047 4165 4332 4476 4597 4621 4618 4567 4553 4522 4487 4457 4429 4405 4385 4387 4393 4396 4389 4335 4279 4357 4373 4373 4363 4348 4331 4325 4339 4362 4382 4389
4461 4465 4466 4469 4476 4482 4482 4455 4414 4409 4403 4393 4390 4390 4390 4394 4396 4392 4386 4389 4392 4417 4442 4427 4419 4432 4443 4453 4464 4472 4478 4494 4512 4506 4517 4598 4627 4560 4333 4179 4120 3989 3942 3924 3900 3877 3863 3885 3934 4018 4106 4188 4292 4399 4451 4522 4578 4598 4565 4543 4526 4506 4488 4457 4434 4414 4399 4396 4399 4401 4390 4326 4280 4365 4375 4368 4361 4352 4342 4343 4350 4370 4395 4408
4454 4459 4463 4467 4473 4480 4488 4469 4442 4409 4403 4394 4393 4391 4391 4405 4407 4401 4395 4393 4391 4392 4398 4422 4445 4451 4450 4450 4446 4446 4467 4481 4488 4471 4456 4551 4644 4681 4466 4300 4213 4204 4139 4109 4088 4060 4046 4024 4116 4214 4298 4386 4443 4511 4533 4551 4569 4568 4559 4545 4518 4491 4464 4449 4431 4415 4403 4399 4404 4405 4389 4312 4285 4364 4367 4359 4357 4356 4363 4382 4369 4388 4410 4446
4453 4458 4463 4466 4469 4470 4467 4490 4518 4450 4423 4408 4403 4411 4442 4441 4426 4412 4403 4394 4395 4390 4390 4408 4438 4456 4452 4446 4446 4449 4459 4465 4471 4464 4455 4511 4563 4539 4523 4378 4308 4323 4326 4305 4292 4283 4240 4301 4366 4413 4475 4552 4600 4608 4579 4563 4559 4560 4547 4524 4503 4477 4446 4440 4429 4418 4402 4400 4409 4410 4387 4299 4288 4350 4351 4345 4351 4353 4363 4379 4407 4417 4409 4395
4456 4458 4462 4463 4462 4462 4459 4449 4441 4465 4422 4398 4403 4428 4497 4462 4435 4418 4399 4389 4392 4389 4387 4390 4412 4457 4450 4442 4448 4454 4458 4453 4452 4468 4460 4479 4503 4523 4583 4617 4591 4602 4509 4489 4486 4523 4629 4611 4596 4577 4596 4658 4762 4639 4575 4544 4526 4504 4495 4501 4487 4467 4451 4438 4430 4421 4404 4406 4416 4415 4395 4299 4304 4353 4348 4343 4344 4350 4356 4369 4410 4426 4411 4398
4457 4457 4455 4457 4458 4460 4466 4460 4427 4393 4391 4387 4392 4395 4398 4432 4429 4416 4405 4392 4394 4386 4387 4403 4431 4438 4441 4444 4455 4472 4463 4456 4458 4472 4461 4473 4489 4512 4569 4669 4643 4653 4625 4591 4594 4639 4685 4739 4723 4647 4636 4645 4613 4552 4538 4521 4505 4487 4488 4488 4473 4455 4441 4437 4433 4428 4428 4428 4428 4418 4379 4301 4322 4354 4345 4332 4335 4344 4359 4372 4406 4427 4414 4402
4459 4459 4459 4456 4454 4453 4467 4468 4428 4399 4390 4388 4392 4405 4420 4420 4416 4409 4400 4390 4386 4382 4389 4413 4435 4421 4431 4445 4455 4466 4465 4458 4461 4487 4486 4481 4486 4507 4553 4573 4628 4708 4666 4627 4617 4646 4697 4653 4613 4613 4612 4605 4579 4520 4503 4493 4485 4480 4469 4468 4458 4449 4439 4432 4431 4434 4443 4447 4439 4423 4374 4284 4345 4370 4348 4325 4330 4337 4346 4370 4398 4409 4415 4406
4462 4463 4464 4461 4456 4444 4451 4460 4429 4398 4390 4390 4397 4413 4420 4413 4408 4402 4394 4387 4387 4386 4393 4408 4411 4412 4412 4417 4443 4459 4469 4467 4461 4467 4482 4479 4485 4496 4520 4542 4560 4613 4629 4609 4586 4551 4540 4545 4517 4563 4572 4560 4531 4496 4484 4474 4468 4466 4468 4450 4444 4434 4426 4423 4423 4429 4440 4454 4432 4420 4366 4283 4359 4381 4359 4332 4335 4334 4336 4361 4376 4397 4402 4405
4466 4468 4468 4467 4466 4467 4442 4447 4429 4404 4420 4412 4413 4406 4400 4401 4399 4397 4393 4389 4391 4387 4396 4405 4414 4413 4394 4397 4431 4464 4471 4458 4452 4438 4458 4466 4475 4479 4473 4480 4509 4548 4568 4562 4551 4545 4541 4549 4566 4558 4543 4527 4505 4493 4472 4462 4453 4450 4467 4447 4429 4422 4412 4409 4409 4411 4407 4385 4404 4401 4341 4288 4370 4388 4374 4360 4351 4345 4338 4336 4340 4345 4382 4393
4465 4470 4471 4468 4469 4479 4465 4443 4442 4467 4436 4424 4421 4403 4392 4392 4395 4396 4398 4403 4402 4413 4405 4401 4401 4387 4382 4394 4426 4459 4469 4452 4452 4442 4446 4452 4449 4450 4466 4460 4489 4504 4513 4518 4521 4523 4532 4554 4589 4547 4516 4490 4479 4471 4456 4450 4442 4434 4437 4432 4406 4378 4383 4390 4394 4394 4389 4385 4389 4384 4307 4278 4369 4389 4382 4372 4361 4352 4349 4336 4333 4355 4379 4388
4453 4462 4467 4463 4457 4446 4436 4440 4434 4409 4402 4415 4409 4398 4389 4391 4394 4397 4400 4404 4407 4402 4395 4393 4386 4380 4380 4392 4421 4455 4475 4460 4469 4462 4452 4446 4445 4447 4455 4462 4471 4453 4450 4477 4490 4500 4508 4514 4497 4496 4484 4466 4451 4440 4442 4441 4438 4435 4431 4418 4394 4368 4371 4378 4382 4383 4380 4377 4386 4377 4289 4281 4367 4387 4384 4369 4359 4352 4354 4370 4380 4370 4380 4385
4452 4457 4461 4455 4445 4435 4439 4446 4441 4433 4430 4410 4395 4394 4396 4396 4396 4398 4403 4411 4407 4397 4394 4388 4384 4383 4383 4393 4413 4437 4457 4453 4468 4480 4454 4441 4434 4437 4434 4431 4408 4426 4442 4463 4476 4476 4487 4485 4471 4467 4463 4448 4443 4443 4435 4435 4437 4439 4430 4421 4401 4382 4374 4374 4377 4378 4378 4376 4388 4377 4277 4294 4371 4388 4384 4372 4360 4348 4367 4416 4445 4392 4378 4379
4462 4468 4461 4450 4438 4434 4446 4466 4486 4451 4424 4415 4400 4394 4398 4399 4398 4398 4394 4401 4401 4394 4389 4388 4386 4387 4391 4395 4401 4404 4387 4393 4432 4445 4444 4435 4429 4431 4430 4414 4398 4422 4449 4465 4478 4496 4481 4473 4466 4464 4458 4450 4439 4429 4427 4434 4438 4437 4448 4452 4414 4393 4380 4379 4381 4381 4380 4376 4393 4386 4187 4293 4380 4389 4382 4369 4352 4338 4368 4428 4458 4399 4368 4368
4462 4464 4458 4446 4436 4435 4453 4480 4503 4486 4452 4438 4437 4433 4406 4394 4401 4403 4415 4403 4404 4400 4390 4391 4389 4390 4401 4396 4394 4389 4383 4396 4423 4431 4431 4429 4430 4438 4401 4398 4404 4430 4459 4468 4471 4466 4467 4463 4464 4465 4463 4457 4450 4435 4432 4441 4448 4455 4453 4433 4402 4383 4386 4387 4386 4384 4381 4376 4389 4386 4239 4313 4384 4389 4381 4368 4358 4361 4378 4414 4441 4386 4350 4359
4461 4462 4454 4442 4431 4436 4455 4475 4486 4488 4489 4447 4437 4402 4406 4410 4401 4399 4396 4398 4398 4394 4397 4396 4393 4394 4396 4396 4393 4391 4395 4411 4415 4419 4418 4418 4428 4420 4394 4399 4416 4440 4461 4464 4466 4468 4451 4445 4439 4444 4473 4496 4474 4458 4450 4457 4456 4456 4468 4428 4397 4395 4397 4394 4393 4391 4389 4386 4389 4361 4280 4341 4384 4388 4378 4363 4354 4367 4377 4384 4371 4369 4361 4359
4461 4461 4449 4437 4429 4432 4449 4464 4473 4468 4449 4435 4415 4396 4396 4392 4394 4398 4400 4398 4396 4398 4396 4399 4397 4398 4399 4397 4395 4396 4402 4412 4423 4415 4409 4402 4398 4402 4402 4416 4434 4455 4458 4460 4432 4422 4434 4432 4427 4434 4475 4497 4487 4484 4498 4477 4482 4481 4473 4464 4462 4446 4428 4419 4410 4403 4398 4393 4386 4347 4280 4353 4388 4391 4380 4363 4352 4371 4372 4371 4364 4364 4360 4364
4456 4450 4442 4432 4427 4432 4444 4455 4468 4473 4455 4447 4434 4420 4405 4395 4394 4398 4405 4410 4408 4412 4397 4399 4398 4396 4400 4396 4395 4397 4402 4417 4415 4408 4402 4397 4398 4400 4407 4426 4454 4479 4504 4502 4477 4443 4430 4429 4434 4452 4460 4475 4479 4480 4468 4478 4472 4474 4465 4459 4459 4459 4461 4453 4440 4432 4418 4397 4383 4334 4288 4378 4400 4398 4385 4366 4353 4354 4368 4374 4360 4354 4363 4371
4451 4448 4440 4429 4418 4430 4439 4441 4439 4429 4452 4451 4477 4449 4418 4403 4398 4394 4404 4431 4454 4419 4399 4397 4395 4393 4388 4389 4395 4400 4400 4412 4415 4402 4397 4396 4407 4428 4421 4460 4472 4491 4518 4509 4442 4432 4428 4428 4433 4434 4439 4450 4467 4475 4487 4487 4491 4494 4494 4496 4501 4503 4489 4478 4461 4456 4442 4415 4382 4330 4310 4385 4420 4420 4402 4378 4355 4354 4374 4395 4416 4381 4379 4393
4446 4446 4440 4433 4424 4425 4433 4431 4426 4424 4440 4443 4465 4440 4428 4417 4411 4403 4408 4429 4448 4413 4392 4397 4393 4391 4387 4389 4396 4406 4418 4413 4404 4400 4397 4398 4410 4431 4437 4469 4473 4474 4471 4446 4419 4416 4422 4428 4435 4445 4436 4442 4460 4474 4483 4494 4508 4526 4552 4568 4565 4547 4513 4490 4479 4465 4454 4440 4411 4341 4369 4454 4461 4451 4428 4398 4366 4364 4391 4422 4450 4482 4465 4416
4443 4443 4441 4439 4445 4438 4434 4430 4429 4439 4480 4496 4465 4448 4443 4452 4444 4409 4406 4410 4408 4400 4391 4386 4390 4390 4389 4389 4400 4409 4420 4424 4404 4400 4401 4407 4429 4474 4498 4471 4461 4452 4436 4416 4414 4419 4423 4430 4437 4443 4438 4443 4458 4479 4501 4510 4509 4549 4607 4697 4674 4574 4529 4511 4501 4496 4486 4480 4484 4407 4447 4523 4508 4482 4453 4424 4396 4389 4417 4451 4469 4453 4402 4383
4440 4440 4440 4440 4434 4442 4434 4429 4431 4428 4500 4539 4516 4476 4449 4432 4412 4402 4403 4408 4405 4395 4391 4393 4388 4388 4387 4394 4406 4407 4408 4420 4409 4404 4406 4414 4430 4463 4472 4449 4439 4435 4428 4424 4444 4431 4427 4429 4431 4435 4438 4441 4456 4478 4511 4524 4519 4544 4584 4600 4521 4528 4519 4512 4512 4514 4511 4507 4512 4479 4494 4554 4540 4510 4475 4449 4433 4418 4445 4474 4499 4443 4414 4401
4438 4439 4440 4440 4439 4437 4432 4427 4425 4424 4449 4469 4538 4469 4432 4421 4413 4407 4413 4412 4401 4393 4397 4387 4385 4386 4388 4437 4415 4410 4409 4402 4407 4405 4407 4414 4419 4420 4425 4426 4426 4428 4427 4432 4436 4431 4428 4427 4424 4416 4415 4432 4446 4461 4472 4485 4511 4517 4528 4521 4481 4488 4516 4530 4544 4554 4562 4553 4545 4450 4520 4571 4560 4522 4491 4462 4440 4463 4474 4490 4504 4468 4419 4408
4435 4436 4437 4437 4437 4433 4427 4421 4415 4417 4444 4463 4454 4449 4433 4422 4423 4439 4435 4423 4405 4396 4402 4387 4382 4382 4394 4402 4408 4403 4405 4408 4403 4403 4404 4409 4415 4412 4414 4418 4425 4429 4429 4425 4413 4420 4424 4424 4423 4419 4418 4427 4435 4441 4446 4450 4455 4466 4467 4464 4452 4460 4485 4513 4535 4572 4593 4610 4621 4514 4588 4586 4555 4529 4503 4480 4465 4491 4485 4493 4494 4466 4450 4452
4432 4433 4433 4434 4433 4429 4425 4419 4414 4420 4424 4446 4432 4439 4439 4427 4427 4469 4458 4444 4420 4407 4396 4386 4383 4381 4385 4395 4400 4401 4405 4413 4404 4402 4399 4397 4407 4409 4415 4424 4434 4455 4446 4419 4408 4418 4425 4426 4426 4428 4432 4429 4431 4430 4423 4409 4415 4427 4429 4421 4424 4438 4474 4508 4541 4577 4608 4628 4537 4590 4544 4545 4537 4522 4508 4499 4496 4473 4480 4490 4496 4488 4486 4495
