real_craters/C101-500m.grd
DSAA
134 134
-33.355 33.355
-33.355 33.355
3437.699821981 5220.9173374097
[rows 90 to 119 of 134, columns 0 to 66 of 134]
4466.25 4468.21 4470.42 4470.34 4468.18 4467.45 4467.89 4470.72 4475.72 4450.3 4447.16 4442.53 4429.67 4411.93 4425.02 4431.62 4417.73 4416.45 4413.74 4407.75 4399.04 4396.59 4397.9 4397.98 4397.36 4396.56 4395.76 4395.15 4389.63 4393.69 4392.1 4390.9 4389.62 4398.5 4403.03 4407.75 4411.54 4406.32 4394.81 4389.94 4397.13 4409.8 4433.86 4456.46 4468.43 4469.13 4456.98 4447.58 4449.24 4446.66 4441.33 4454.37 4461.53 4464.34 4468.65 4471.26 4463.45 4470.21 4477.81 4484.3 4501.43 4531.91 4550.13 4556.06 4553.57 4548.85 4543.97
4465.51 4468.46 4471.24 4471.63 4469.25 4468.07 4469.84 4475.27 4479.91 4468.08 4448.43 4439.23 4442.04 4469.63 4460.86 4434.52 4425.3 4422.75 4419.11 4407.89 4397.1 4392.69 4392.64 4394.1 4394.98 4395.67 4396.56 4399.39 4403.85 4399.64 4401.32 4409.15 4417.31 4403.84 4401.7 4402.16 4402.28 4393.07 4382.67 4382.89 4388.91 4407.47 4430.63 4453.33 4470.65 4467.51 4454.46 4446.53 4451.42 4447.66 4441.28 4447.17 4451.73 4452.88 4448.57 4447.57 4458.18 4468.59 4461.92 4476.86 4490.36 4504.96 4520.06 4519.17 4521.29 4524.2 4524.85
4461.44 4463.76 4467.96 4469.36 4467.29 4465 4463.65 4463.35 4456.71 4439.8 4441.53 4439.42 4437.45 4425.41 4429.79 4417.75 4419.03 4423.17 4421.94 4405.24 4391.77 4388.4 4388.98 4392.06 4394.25 4395.95 4396.76 4394.22 4395.43 4404.71 4406.26 4414.73 4403.37 4398.67 4396.94 4394.89 4391.23 4385.26 4382.85 4380.17 4386.89 4405.2 4427.41 4449.84 4466.93 4470.08 4459.12 4456.59 4462.82 4467.84 4449.94 4448.22 4448.49 4447.58 4447.18 4447.64 4447.97 4451.94 4461.77 4483.27 4487.39 4476.12 4465.52 4474.59 4488.83 4497.42 4502.82
4449.12 4453.99 4466.03 4466.18 4463.28 4459.24 4454.11 4446.74 4437.43 4436.27 4439.3 4440.21 4433.81 4414.86 4405.31 4406.21 4412.14 4410.89 4404.5 4399.33 4394.64 4390.32 4390.83 4393.36 4395.04 4397.11 4399.68 4404.63 4406.29 4407.57 4406.13 4401.37 4397.34 4394.49 4392.61 4389.12 4383.43 4380.23 4381.09 4380.11 4386.27 4403.49 4423.59 4445.09 4465.96 4471.75 4470.53 4467.8 4474.38 4478.68 4461.04 4451.93 4445.86 4442.99 4443.58 4445.07 4449.83 4456.68 4456.25 4458.14 4454.36 4446.43 4439.33 4449.9 4467.35 4479.25 4486.76
4450.28 4453.19 4458.77 4461.27 4458.51 4453.03 4446.1 4438.55 4435.33 4438.54 4443.25 4445.23 4439.63 4428.59 4432.36 4428.22 4414.58 4405.25 4395.66 4394.76 4395.12 4396.07 4397.23 4395.58 4396 4397.59 4400.52 4404.69 4410.08 4415.2 4406.34 4398.99 4397.14 4393.5 4389.67 4386.58 4383.64 4382.22 4382.67 4382.38 4388.26 4401.68 4417.21 4433.4 4451.02 4458.46 4454.93 4459.4 4473.57 4488.36 4467.14 4452.29 4443.78 4437.85 4435.08 4437.34 4440.52 4435.64 4442.01 4410.04 4415.38 4425.52 4433.31 4445.26 4459.82 4471.96 4477.9
4458.69 4461.86 4460.73 4459.78 4454.47 4447.52 4440.12 4433.81 4435.64 4443.66 4453.3 4459.04 4453.28 4451.27 4438.74 4426.32 4415.96 4406.34 4398.24 4393.69 4394.8 4395.04 4393.79 4396.45 4397 4397.41 4397.61 4398.14 4403.36 4406.77 4402.84 4397.26 4394.7 4390.28 4388.31 4386.43 4385.03 4384.98 4387.14 4388.64 4391.65 4399.07 4407.41 4415.73 4421.11 4416.7 4409.39 4430.04 4449.68 4457.42 4454.54 4448.54 4441.41 4433.62 4430.78 4431.43 4433.15 4431.65 4428.47 4398.74 4401.3 4416.85 4433.46 4448.73 4461.04 4470.71 4479.79
4462.88 4466.51 4467.81 4460.47 4452.62 4444.63 4437.14 4431.08 4435.69 4448.2 4463.25 4480.48 4505.98 4470.97 4440.37 4419.83 4418.63 4414.56 4405.42 4397.49 4396.83 4400.7 4405.15 4399.63 4399.31 4399.78 4399.47 4394.15 4399.24 4397.8 4400.44 4398.31 4394.29 4390.46 4388.93 4387.76 4386.75 4387.07 4390.35 4391.08 4393.94 4396.99 4399.2 4399.05 4392.91 4382.15 4381.96 4408.61 4429.84 4437.61 4441.14 4440.36 4434.42 4430.68 4427.64 4430.69 4430.16 4432.79 4418.3 4394.16 4400.81 4417.71 4437.25 4453.69 4463.22 4470.9 4478.81
4462.66 4463.66 4464.14 4458.57 4450.55 4442.34 4435.54 4432.63 4438.07 4453.07 4471.17 4490.22 4501.46 4492.26 4466.55 4446.13 4437.26 4433.52 4432.04 4431.25 4416.13 4404.79 4391.61 4398.73 4400.66 4402.18 4405.89 4413.64 4403.78 4403.32 4402.79 4400.79 4394.87 4390.78 4390.76 4389.9 4388.76 4388.67 4394.32 4401 4396.55 4395.56 4393.57 4391.03 4385.46 4382.73 4389.45 4406.99 4426.04 4431.18 4432.32 4429.79 4429.64 4429.32 4431.39 4435.99 4435.87 4402.64 4401.04 4396.74 4406.2 4423.81 4443.64 4460.2 4466.74 4470.02 4470.7
4461.61 4461.24 4461.46 4456.02 4447.76 4439.64 4433.29 4432.62 4441.22 4455.27 4471.23 4488.28 4507.82 4507.65 4523.93 4494.93 4458.01 4445.84 4453.81 4446.8 4419.36 4408.24 4411.94 4404.7 4401.86 4401.64 4402.55 4404.62 4402.07 4400.12 4400.46 4397.45 4391.22 4395.6 4394.48 4392.77 4391.37 4390.97 4395.08 4397.8 4397.09 4395.28 4392.34 4389.62 4387.21 4387.81 4403.29 4410.93 4420.56 4422.63 4424.38 4423.16 4423.68 4429.7 4434.57 4432.67 4416.49 4389.54 4393.42 4400.4 4414.12 4431.27 4449.6 4467.62 4466.79 4467.72 4472.07
4461.45 4461.27 4460.96 4453.27 4444.74 4436.64 4429.86 4429.5 4443.56 4454.64 4467.06 4477.57 4477.24 4474.8 4459.32 4450.74 4446.65 4437.2 4425.48 4398.92 4399.44 4402.76 4403.78 4401.35 4399.54 4399.03 4396.23 4394.02 4397.34 4396.9 4399.1 4395.73 4390.64 4396.38 4397.12 4395.59 4394.17 4393.77 4394.83 4396.97 4397.24 4395.28 4393.21 4392.31 4392.73 4398.68 4409.34 4412.88 4410.3 4415.98 4416.84 4415.27 4413.41 4413.17 4416.54 4415.92 4404.57 4395.62 4401.73 4408.37 4423.07 4438.87 4452.38 4463.73 4461.43 4458.5 4458.53
4461.23 4462.04 4457.96 4449.68 4441.52 4434.2 4428.67 4426.64 4438.33 4449.49 4459.9 4468.42 4472.62 4471.23 4459.46 4447.56 4436.35 4429.88 4414 4397.93 4395.78 4395.99 4393.7 4392.87 4394.62 4396.83 4399.51 4399.52 4398.28 4396.79 4395.21 4395.5 4396.05 4396.67 4398.76 4397.23 4396.08 4396.32 4398.49 4398.69 4398.34 4396.19 4395.24 4394.87 4396.98 4403.25 4409.77 4416.33 4422.42 4416.46 4412.29 4408.49 4403.96 4398.52 4399.12 4403.2 4401.29 4404.17 4413.63 4421.28 4435.64 4450.37 4458.99 4454.29 4457.6 4451.54 4424.36
4458.88 4458.41 4450.62 4444.75 4437.64 4431.52 4429.37 4430.4 4434.69 4445.8 4454.64 4463.27 4471.82 4476.48 4464.27 4452.88 4447.13 4435.27 4420.31 4404.12 4403.48 4399.1 4392.81 4390.72 4393.36 4396.74 4401.66 4403.61 4403.78 4401.86 4397.75 4402.92 4402.05 4398.26 4400.59 4398.6 4397.72 4398.75 4404 4404.82 4398.39 4395.96 4395.05 4395.87 4398.33 4401.87 4410.65 4417.54 4417.88 4412.46 4407.6 4402.83 4399.16 4396.88 4396.91 4398.6 4401.83 4403.59 4420.3 4433.44 4449.17 4464.61 4477.5 4484.74 4485.2 4469.61 4442.29
4454.82 4451.88 4447.23 4441.48 4434.56 4427.8 4423.91 4432.16 4439.45 4443.61 4449.11 4455.06 4462.76 4476.37 4462.4 4455.97 4451.87 4446.98 4444.11 4439.83 4422.12 4408.62 4400.95 4399.05 4394.96 4394.8 4399.45 4405.76 4412.92 4416.85 4413.87 4416.22 4408.83 4396.65 4397.91 4397.84 4396.82 4395.48 4393 4395.1 4393.83 4393.94 4395.15 4396.73 4399.62 4404.89 4418.96 4418.03 4411.53 4406.94 4403.19 4399.88 4396.93 4396.35 4400.14 4400.68 4406.22 4409.71 4420.23 4444.05 4462.88 4479.65 4498 4516.13 4514.44 4493.03 4489.38
4451.33 4450.08 4446.22 4440.12 4432.88 4425.02 4418.6 4425.52 4437.29 4439.41 4441.33 4442.53 4440.65 4430.96 4443.85 4452.32 4447.5 4457.89 4475.45 4465.8 4432.39 4416.66 4406.55 4398.59 4396.98 4394.52 4393.73 4405.64 4422.68 4443.02 4449.72 4427.93 4403.4 4398.49 4396.34 4396.68 4395.47 4393.94 4392.52 4387.49 4387.73 4391.69 4395.21 4398.43 4400.16 4401.46 4410.72 4417.7 4410.16 4403.69 4399.9 4396.95 4395.79 4397.43 4408.88 4425.43 4425.01 4422.2 4452.71 4462.85 4473.88 4487.05 4503.18 4526.31 4525.74 4479.59 4437.99
4447.77 4447.23 4445.63 4440.06 4433.58 4426.27 4418.4 4422.32 4430.81 4434.81 4435.64 4433.46 4427.41 4417.64 4430.17 4443.85 4442.53 4457.83 4482.05 4462.57 4429.95 4421.73 4413.27 4405.09 4403.04 4399.62 4397.75 4408.02 4426.25 4452.92 4474.21 4430.86 4400.86 4394.78 4400.1 4396.5 4394.27 4392.77 4391.7 4386.73 4387.81 4391.54 4396.26 4401.27 4405.34 4403.84 4406.15 4414.22 4409.33 4401.69 4398.16 4396.27 4395.95 4399.7 4411.69 4425.93 4428.71 4434.11 4456.64 4472.31 4475.63 4481.16 4488.01 4491.49 4478.73 4447.66 4417.69
4445.04 4444.99 4444.13 4440.59 4436.45 4432.72 4430.15 4430.46 4431.48 4432.89 4432.28 4428.86 4425.39 4425.05 4430.51 4436.59 4441.71 4461.03 4458.24 4447.36 4436.61 4431.31 4427.54 4420.82 4418.71 4410.4 4404.77 4409.36 4418.97 4427.42 4426.91 4416.73 4395.97 4389.89 4394.45 4392.95 4392.19 4391.23 4388.24 4386.81 4387.64 4391.62 4397.42 4404.72 4414.67 4423.13 4417.11 4412.14 4402.53 4400.03 4398.16 4397.5 4398.49 4403.79 4414.38 4428.28 4451.95 4451.96 4466.42 4473.86 4470.17 4467.6 4464.83 4455.3 4436.49 4422.78 4412.33
4443.15 4443.51 4442.62 4440.88 4439.12 4439.46 4443.57 4439.06 4435.9 4433.1 4431.15 4428.43 4428.29 4430.62 4447.94 4473.29 4492.75 4485.64 4462.57 4450.34 4442.96 4441.8 4445.86 4460.98 4439.51 4415.52 4406.76 4406.56 4410.09 4410.1 4410.18 4405.17 4394.39 4390.04 4384.31 4388.84 4390.27 4390.2 4389.49 4387.97 4387.13 4393.3 4400.17 4406.84 4414.27 4421.73 4425.16 4414.3 4403.4 4400.69 4400.1 4400.68 4404.2 4413.55 4432.63 4461.63 4497.94 4488.55 4471.43 4466.82 4461.05 4455.11 4447.33 4433.86 4417.45 4414.75 4413.12
4441.07 4441.46 4441.64 4440.67 4440.06 4439.32 4440.13 4443.06 4439.09 4433.31 4431.38 4430.15 4431.3 4436.97 4457.1 4516.6 4523.76 4517.05 4490.88 4470.56 4456.44 4448.02 4444.78 4442.17 4425.78 4408.06 4398.98 4402.96 4406.34 4407.46 4402.67 4396.14 4393 4389.32 4390.82 4389.83 4388.92 4388.49 4388.5 4387.64 4388.76 4396.61 4402.81 4406.27 4407.27 4412.64 4421.02 4416.18 4404.97 4402.99 4402.73 4404.34 4408.91 4418.88 4438.29 4470.08 4490.04 4489.45 4466.34 4449.51 4446.51 4441.91 4436.21 4427.53 4420.22 4426.73 4430.37
4439.42 4439.72 4438.56 4438.99 4440.07 4440.71 4443.78 4442.45 4438.72 4432.87 4429.49 4428.28 4430.47 4429.11 4438.58 4469 4501.66 4550.13 4520.58 4492.4 4473.07 4444.88 4431.84 4416.31 4408.03 4404.41 4402.5 4404.9 4407.29 4407.23 4403.17 4395.2 4392.41 4389.76 4389.13 4388.41 4387.45 4387.86 4387.89 4389.15 4390.43 4405.66 4408.59 4407.92 4405.99 4408.38 4414.13 4414.96 4408.32 4404.64 4404.3 4406.59 4411.23 4418.71 4429.17 4447.91 4454.6 4457.83 4446.57 4434.08 4433.57 4432.45 4430.22 4427.26 4427.58 4443.69 4446.15
4437.7 4438.46 4439.5 4440.12 4440.11 4440.47 4439.79 4437.94 4435.61 4431.7 4428.05 4424.93 4425.76 4425.89 4428.73 4449.98 4458.59 4503.48 4541.63 4490.22 4445.02 4432.47 4424.36 4416.52 4411.61 4407.39 4409.16 4412.36 4412.22 4407.99 4399.42 4391.54 4395.56 4395 4386.95 4385.68 4385.19 4386.3 4386.76 4392.7 4431.24 4422.86 4414.18 4410.35 4410.67 4408.17 4404.61 4404.01 4406.77 4404.85 4405.41 4408.18 4412.89 4416.85 4419.88 4421.84 4423.05 4426.79 4427.18 4425.04 4426.56 4427.72 4427.54 4428.38 4430.74 4436.5 4436.64
4436.26 4437.32 4438.51 4439.23 4438.69 4438.65 4438.07 4435.62 4432.48 4428.62 4424.74 4420.74 4416.67 4416.44 4424.46 4449.2 4462.41 4456.95 4468.01 4465.38 4442.52 4430.21 4423.43 4418.98 4418.35 4420.3 4424.39 4425.06 4420.88 4414.95 4401.17 4393.17 4399.37 4404.8 4392.64 4384.34 4382.72 4383.34 4384.44 4389.78 4414.09 4416.45 4411.61 4407.74 4406.52 4407.4 4407.48 4405.18 4403.89 4403.49 4404.15 4406.9 4412.64 4415.02 4417.28 4415.76 4416.56 4417.17 4419.27 4422.83 4424.99 4426.3 4426.99 4428.17 4429.98 4421.64 4419.64
4434.73 4435.09 4435.46 4435.59 4436.08 4436.42 4435.15 4433.07 4430.16 4426.45 4422.44 4418.2 4414.91 4415.43 4421.88 4438.55 4454.69 4459.31 4451.82 4448.63 4442.13 4433.64 4425.33 4420.55 4424.97 4447.01 4448.03 4442.02 4434.14 4422.01 4407.55 4397.55 4400.38 4397.96 4390.55 4382.82 4381.29 4380.66 4384.79 4397.91 4397.18 4402.39 4404.82 4402.64 4398.19 4405.56 4411.54 4404.94 4403.57 4403.33 4402.88 4402.41 4404.85 4409.09 4412.87 4409.73 4412.94 4413.86 4416.6 4423.97 4427.64 4432.92 4434.29 4431.57 4423.98 4413.09 4412.21
4431.82 4433.06 4433.19 4432.78 4433.63 4433.54 4432.99 4430.68 4428.37 4425.06 4421.12 4416.88 4414.11 4417.26 4424.92 4424.2 4431.3 4438.91 4434.75 4437.97 4440.14 4437.57 4428.84 4423.27 4428.81 4464.94 4465.34 4455.89 4446.45 4436.51 4417.64 4407.18 4402.89 4394.4 4387.08 4385.1 4382.7 4380.5 4383.39 4385.94 4391.84 4398.31 4400.18 4400.92 4401.27 4406.18 4412.74 4409.95 4403.64 4402.52 4401.52 4398.1 4393.79 4403.44 4406.35 4407.94 4411.53 4415.15 4422.18 4423.76 4437.31 4450.95 4452.9 4441.53 4423.07 4411.37 4410.81
4431.99 4432.07 4431.98 4431.42 4431.88 4431.79 4430.84 4429.36 4427.02 4424.2 4420.96 4417.29 4416.29 4417.35 4421.49 4419.24 4417.94 4415.19 4419.14 4430.81 4438.01 4438.17 4432.33 4427.54 4432.77 4471.39 4473.35 4461.53 4447.78 4434.26 4420.74 4411.16 4405.87 4400.43 4390.1 4386.92 4388.72 4388.33 4389.25 4384.83 4389.26 4394.67 4395.57 4398.36 4402.46 4401.54 4404.88 4404.35 4401.53 4402.5 4404.09 4403.63 4401.35 4405.12 4407.7 4414.76 4420.55 4436.98 4454.19 4451.06 4472.27 4492.27 4486.53 4464.05 4432.26 4407.11 4414
4430.51 4431.13 4431.17 4431.91 4430.94 4429.99 4430.04 4428.75 4426.73 4424.63 4422.61 4419.83 4415.32 4417.23 4417.47 4416.58 4415.53 4418.18 4420.74 4430.38 4437.45 4439.6 4434.95 4432.39 4441.94 4478.51 4472.97 4461.5 4446.45 4431.71 4420.23 4409.43 4403.96 4396.22 4386.22 4381.77 4396.38 4412.38 4401.69 4396.04 4392.18 4389 4390.04 4391.59 4391.89 4391.97 4387.56 4392.95 4397.71 4403.15 4409.52 4416.77 4418.29 4412.31 4411.93 4424.42 4455.65 4492.75 4530.61 4544.81 4563.6 4565.03 4537.75 4502.14 4463.2 4429.78 4433.29
4430.05 4429.92 4429.6 4429.11 4428.78 4428.77 4429.35 4428.28 4426.88 4425.89 4425.02 4425.28 4426.14 4420.77 4417.91 4417.21 4418.5 4414.16 4428.73 4433.5 4438.42 4441.07 4437.69 4433.07 4436.29 4454.81 4463.12 4460.52 4449.16 4436.13 4422.31 4407.29 4397.69 4395.52 4390.53 4381.94 4391.27 4404.05 4404.83 4401.24 4394.89 4387.12 4387.38 4389.49 4389.93 4387.65 4385.86 4384.92 4396.23 4405.63 4414.43 4425.59 4428.66 4422.9 4430.83 4462.25 4528.12 4582.29 4628.29 4693.14 4713.02 4650.02 4592.21 4543.97 4511.65 4496.22 4471.27
4428.72 4428.22 4427.74 4426.85 4427.42 4428.56 4428.8 4427.65 4426.68 4425.88 4425.54 4425.94 4425.32 4421.39 4418.52 4416.81 4417.77 4420.66 4433.51 4433.05 4437.45 4446.53 4438.46 4431.35 4427.53 4436.52 4455.73 4464.26 4464.68 4451.75 4432.45 4408.24 4401.05 4397.84 4386.28 4380.85 4387.32 4395.88 4405.29 4406.96 4402.18 4393.14 4388.1 4389.43 4390.3 4388.44 4386.09 4394.73 4404.61 4411.71 4419.04 4422.47 4433.28 4442.82 4466.74 4521.68 4592.07 4638.16 4680.44 4747.39 4765.72 4689.98 4627.26 4577.04 4533.28 4510.39 4490.89
4425.79 4426.2 4426.25 4426.49 4426.88 4426.8 4426.51 4426.15 4425.45 4424.73 4424.22 4423.68 4421.67 4418.39 4415.98 4417.66 4418.73 4421.4 4419.81 4424.86 4425 4423.86 4422.98 4431.9 4435.98 4441.12 4458.81 4473.66 4482.38 4471.59 4452.63 4431.27 4425.54 4417.53 4388.88 4391.43 4405.22 4407.58 4409.91 4415.17 4417.6 4396.2 4398.22 4397.81 4399.37 4396.35 4392.57 4398.26 4407.2 4421.69 4433.39 4437.03 4454.54 4479.18 4509.9 4559.9 4603.15 4634.7 4667.23 4699.08 4704.34 4672.09 4640.06 4603.02 4558.14 4520.65 4499.43
4424.07 4424.63 4424.81 4424.85 4425.3 4425.68 4424.88 4424.24 4423.39 4422.62 4421.86 4420.85 4418.01 4413.98 4408.83 4401.98 4412.27 4417.16 4425.56 4417.84 4413.77 4409.73 4420.76 4438.22 4454.8 4455.38 4467.31 4483.51 4491.82 4485.2 4472.57 4471.15 4499.75 4457.45 4410.52 4416.41 4417.72 4411.67 4411.82 4414.94 4420.28 4415.97 4427.61 4436.1 4428.67 4411.56 4408.12 4405.03 4414.31 4437.97 4461.51 4482.21 4495.45 4514.62 4536.95 4574.49 4562.9 4597.55 4630.84 4636.96 4610.53 4645.13 4652.02 4634.86 4605.1 4551.3 4518.03
4423.24 4423.08 4423.33 4423.8 4424.54 4424.49 4423.45 4422.22 4420.92 4419.61 4418.74 4418.12 4415.03 4410.18 4405.08 4401.49 4402.85 4399.55 4400.92 4406.71 4409.47 4415.55 4428.26 4446.5 4462.66 4461.32 4472 4487.51 4501.97 4487.54 4476.74 4477.34 4486.92 4473.69 4459.67 4427.61 4405.61 4406.3 4410.08 4412.72 4411.27 4426.12 4461.95 4496.95 4465.36 4425.9 4404.58 4414.16 4432.5 4460.32 4491.71 4520.73 4533.12 4541.89 4554.2 4546.84 4530.04 4574.25 4617.82 4636.32 4629.12 4671.16 4686.87 4676.93 4648.51 4608.74 4574.56
