real_craters/C101-500m.grd
DSAA
134 134
-33.355 33.355
-33.355 33.355
3437.699821981 5220.9173374097
[rows 30 to 59 of 134, columns 67 to 133 of 134]
4428.94 4417.48 4407.14 4401.37 4395.91 4390.15 4385.17 4381.44 4380.43 4385.83 4397.76 4409.93 4416.18 4409.94 4410.89 4412.36 4413.28 4414.4 4413.35 4421.35 4425.86 4429.66 4434.64 4440.17 4447.64 4455.71 4446.46 4422.38 4422.79 4431.08 4443.32 4462.76 4492.11 4500.41 4502.58 4509.87 4518.56 4525.67 4532.44 4539.88 4545.13 4546.8 4544.46 4539.54 4533.67 4533.23 4534.22 4481.82 4432.24 4562.73 4608.87 4637.12 4660.28 4675.4 4690.83 4704.83 4629.06 4534.78 4516.94 4509.82 4513.82 4519.35 4522.8 4524.54 4516.86 4496.61 4476.9
4439.73 4431.19 4418.01 4407.57 4398.56 4389.6 4383.32 4379.82 4379.12 4385.63 4397.34 4406.8 4413.34 4416.75 4412.41 4413.16 4414.92 4417.52 4419.89 4421.99 4425.66 4429.3 4432.66 4437.71 4442.81 4448.86 4449.61 4442.97 4429.95 4427.23 4431.31 4438.41 4444.93 4466 4479.55 4492.38 4504.33 4514.48 4516.19 4529.97 4530.04 4527.25 4525.37 4522.42 4518.85 4521.32 4527.33 4490.52 4469.14 4566.42 4611.57 4641.42 4661.53 4677.88 4699.55 4711.74 4642.45 4528.84 4506.49 4513.35 4518.42 4518.82 4519.02 4519.1 4510.53 4491.12 4472.43
4435.29 4429.86 4420.72 4413.1 4403.82 4391.09 4379.78 4385.35 4387.05 4393.71 4403.11 4409.92 4414.7 4411.72 4410.59 4412.79 4415.59 4419.85 4421.59 4422.99 4424.7 4426.83 4429.53 4432 4433.16 4430.55 4426.83 4432.75 4426.3 4421.13 4418.47 4416.2 4414.24 4434.44 4455.81 4472.07 4488.59 4506.41 4525.56 4520.88 4514.01 4509.97 4506.62 4505.53 4507.56 4512.29 4526.17 4500.42 4489.2 4583.79 4617.38 4635.8 4649.41 4662.59 4665.58 4653.45 4589.56 4511.09 4509.49 4514.6 4516.71 4514.38 4511.26 4508.98 4496.37 4480.66 4465.05
4401.67 4420.39 4421.73 4419.77 4415.86 4407.23 4393.23 4410.34 4419.39 4415.22 4413.32 4412.9 4413 4413.2 4411.1 4411.43 4414.39 4420.45 4422.22 4421.43 4422.46 4424.11 4425.69 4426.07 4424.66 4422.83 4428.58 4424.76 4418.2 4413.46 4409.25 4406.41 4408.26 4420.72 4437.73 4454.19 4469.9 4485.1 4496.76 4496.94 4493.26 4489.61 4486.54 4486.19 4490.14 4499.18 4516.57 4520.42 4533.66 4599.3 4617.84 4626.02 4630.28 4631.82 4622.46 4589.81 4546.18 4538.09 4526.71 4515.21 4516.69 4506.26 4499.1 4492.95 4479.11 4468.12 4455.87
4409.29 4415.59 4422.04 4427.74 4433.6 4443.12 4465.74 4451.67 4443.62 4433.22 4422.78 4413.95 4402.72 4402.08 4406.56 4407.88 4409.45 4410.02 4414.08 4417.42 4419.78 4421.27 4421.34 4422.24 4419.03 4413.82 4407.02 4410.18 4407.55 4405.36 4403.08 4401.92 4403.66 4412.91 4425.82 4438.52 4449.86 4459.88 4466.35 4468.17 4467.41 4466.4 4464.24 4463.11 4460.88 4473.24 4480.5 4486.86 4554.06 4597.2 4606.93 4611.84 4608.58 4604.84 4592.91 4577.6 4580.91 4590.92 4589.67 4539.49 4512.66 4495.59 4485.24 4477.66 4465.92 4453.46 4445.66
4399.22 4412.32 4423.11 4433.25 4445.89 4463.67 4480.88 4474.3 4459.82 4443.48 4429.13 4417.42 4408.26 4401.06 4400.92 4404.81 4406.53 4408.44 4409.8 4413.42 4416.17 4418.19 4419.23 4418.6 4414.83 4407.92 4402.51 4401.09 4401.08 4401.77 4400.08 4399.01 4401.16 4407.83 4416.37 4424.94 4431.48 4435.14 4435.67 4436.62 4440.98 4443.27 4444.73 4443.75 4447.97 4469.51 4427.32 4439.14 4547.9 4576.24 4584.3 4585.56 4579.26 4571.42 4566.27 4555.19 4558.31 4565.15 4576.81 4584.02 4518.41 4485 4468.62 4461.64 4447.19 4438.22 4434.12
4412.42 4414.5 4424.12 4434.9 4447.89 4463.4 4479.52 4472.74 4461.49 4444.3 4430.79 4419.93 4412.9 4409.14 4407.3 4405.86 4404.67 4404.07 4407.76 4411.66 4415.43 4418.23 4419.7 4419.91 4416.98 4410.72 4402.72 4399.72 4398.97 4400.11 4400.3 4397.62 4398.01 4403.95 4408.97 4413.46 4416.72 4416.25 4411.63 4411.92 4419.86 4424.81 4426.5 4427.89 4432.57 4430.58 4385.09 4392.68 4512.91 4547.05 4559.17 4556.57 4547.7 4539.61 4530.06 4524.52 4519.89 4527.94 4557.57 4592.87 4513.96 4477.32 4455.45 4423.64 4422.82 4424.13 4419.63
4406.99 4414.68 4423.86 4433.82 4443.56 4450.65 4451.77 4447.76 4442.85 4437.7 4429.49 4420.46 4412.66 4413.47 4414.02 4408.77 4406.07 4403.68 4407.52 4412.03 4416.05 4419.47 4422.44 4424.91 4425.28 4420.76 4407.04 4401.07 4400.31 4401.46 4403.91 4407.23 4405.6 4403.42 4403.75 4404.89 4405.2 4404.27 4402.75 4404.74 4406.9 4409.98 4411.09 4410.48 4416.23 4427.17 4363.55 4381.38 4494.22 4521.13 4528.85 4527.67 4515.93 4509.5 4504.35 4499.24 4495.16 4508.05 4527.43 4532 4501.2 4466.28 4451.33 4444.93 4423.4 4419.38 4413.54
4414.22 4418.85 4426.29 4433.54 4439.03 4439.98 4435.08 4430.36 4430.68 4432.15 4428.32 4421.15 4413.31 4412.34 4415.68 4413.15 4410.59 4410 4411.44 4414.33 4416.92 4420.28 4423.62 4427.95 4434.6 4445.7 4435.55 4409.31 4403.38 4402.59 4404.98 4409.66 4407.75 4402.4 4399.65 4398.05 4397.61 4397.17 4396.33 4395.19 4398.56 4399.88 4400.63 4400.56 4410.4 4421.27 4349.22 4371.14 4458.01 4484.65 4498.71 4499.67 4493.63 4488.25 4481.01 4473.62 4474.19 4484.29 4488.04 4442.65 4431.08 4433.24 4435.65 4433.95 4423.45 4412 4404.96
4421.19 4426.34 4431.95 4436.99 4440.04 4439.85 4437.18 4438.77 4437.36 4434.47 4430.9 4426 4419.91 4415.72 4416.74 4415.21 4413.26 4414.05 4413.91 4415.73 4418.06 4420.55 4423.27 4426.79 4432.8 4442.08 4435.05 4413.75 4405.01 4401.61 4401.27 4401.11 4399.78 4396.19 4394.55 4394.35 4391.91 4392.54 4392.97 4394.21 4393.41 4393.15 4394.13 4396.95 4410.9 4419.76 4344.96 4384.87 4436.73 4454.43 4463.13 4468.97 4466.77 4461.81 4454.76 4446.13 4435.17 4431.86 4423.02 4408.19 4403.72 4413.76 4427.72 4434.38 4419.04 4405.81 4394.37
4427.99 4433.44 4439.35 4444.57 4446.64 4446.01 4444.21 4444.04 4445.26 4442.61 4439.43 4435.98 4435.03 4440.01 4426.6 4416.11 4410.34 4411.02 4415.82 4418.87 4420.48 4422.95 4423.69 4424.02 4422.53 4418.9 4416.63 4413.28 4403.56 4397.55 4393.96 4396.41 4390.37 4388.86 4388 4388.99 4389.52 4389.32 4389.59 4390.74 4388.81 4388.68 4390.03 4396.06 4412.84 4423.47 4341.72 4392.36 4425.45 4431.49 4441.08 4448.08 4445.01 4441.19 4432.17 4424.82 4415.97 4406.67 4403.33 4394.4 4399.52 4413.4 4411.37 4409.68 4405.14 4396.01 4386.13
4444.07 4449.32 4457.67 4463.11 4463.2 4460.28 4451.26 4442.74 4451.14 4453.09 4451.14 4445.08 4437.31 4426.94 4431.98 4418.01 4417.42 4418.04 4422.44 4424.24 4425.02 4426.25 4424.94 4421.1 4413.83 4404.54 4406.87 4407.47 4405.04 4393.36 4378.45 4370.29 4375.83 4380.55 4384.33 4386.58 4388.25 4387.87 4386.16 4384.18 4384.46 4387.75 4390.1 4394.85 4406.98 4421.22 4349.09 4397.94 4409.48 4412.31 4417.67 4422.42 4424.52 4423.02 4418.44 4411.63 4404.12 4402.71 4398.35 4392.88 4403.67 4404.29 4383.14 4384.18 4387.13 4383.63 4376.73
4463.87 4474.95 4485.91 4489.16 4489.99 4487.15 4483.92 4479.05 4474.93 4472.05 4466.01 4457.51 4444.44 4427.65 4427.86 4426.54 4435.62 4434.5 4430.95 4430.83 4430.52 4429.86 4427.98 4424.08 4415.41 4403.56 4414.74 4426.29 4415.35 4396.27 4370.16 4351.77 4368.34 4377.96 4383.75 4387.11 4388.64 4389.64 4387.17 4385.81 4385.45 4390.59 4392.22 4389.39 4385.3 4389.18 4313.45 4416.45 4402.46 4401.78 4404.52 4406.15 4406.3 4406.39 4405.69 4405.39 4406.55 4408.95 4408.89 4399.49 4373.54 4363.89 4369.2 4372.79 4374.01 4371.54 4368.64
4502.36 4515.7 4519.52 4518.98 4517.77 4514.71 4522.66 4524.4 4505.51 4492.6 4484.18 4475.79 4468 4458.67 4460.3 4440.31 4433.69 4436.95 4437.3 4436.48 4435.79 4435.22 4435.93 4433.92 4430.67 4429.25 4429.14 4435.1 4424.52 4407.69 4393.55 4382.25 4380.84 4383.96 4388.44 4390.82 4390.47 4391.86 4391.72 4384.79 4389.22 4399.15 4400.36 4391.24 4353.95 4322.77 4397.85 4413.94 4407.3 4400.85 4399.82 4398.96 4396.43 4394.87 4396.07 4399.56 4406.32 4412.82 4397.64 4372.93 4356.04 4359.14 4366.32 4366.55 4364.96 4364.88 4362.54
4552.23 4555.95 4556.88 4552.9 4545.89 4540.65 4537.4 4539.64 4521.32 4510.46 4504.24 4500.27 4497.48 4503.64 4504.64 4472.65 4449.51 4448.12 4445.95 4446.42 4446.42 4445.03 4444.79 4443.38 4442.18 4437.7 4434.62 4429.65 4422.12 4417 4410.66 4404.51 4397.01 4392.95 4391.83 4392.31 4394 4397 4402.33 4411.5 4417.3 4412.29 4404.1 4379.61 4327.93 4286.35 4388.03 4415.65 4408.49 4399.96 4395.55 4391.19 4387.7 4385.63 4387.12 4394.52 4404.59 4408.36 4388.18 4358.04 4354.12 4353.57 4355.86 4356.25 4356.92 4356.3 4354.76
4603.77 4591.2 4577.63 4567.47 4561.56 4556.79 4547.6 4528.02 4528.22 4528.04 4524.87 4521.51 4518.79 4514.45 4508.8 4487.27 4482.41 4463.38 4455.6 4452.98 4451.09 4449.57 4449.71 4449.93 4452.95 4449.04 4432.31 4419.18 4415.4 4419.24 4429.54 4421.67 4406.49 4398.17 4393.85 4394.11 4395.53 4400.23 4406.85 4416.21 4418.25 4418.49 4406.04 4369.07 4311.93 4279.67 4370.56 4411.92 4405.12 4394.28 4386.23 4380.4 4376.19 4374.84 4373.96 4378.33 4397.92 4427.51 4415.09 4394.23 4363.91 4348.01 4344.42 4345.63 4345.95 4348.1 4346.83
4659.15 4615.84 4588.9 4575.49 4576.5 4581.16 4576.52 4543.6 4547.01 4553.54 4551.9 4546.17 4538.88 4530.79 4520.57 4485.92 4458.65 4468.08 4465.89 4463.55 4461.65 4458.56 4455.16 4452.88 4448.66 4441.6 4425.85 4411.87 4405.02 4409.84 4420.51 4415.85 4405.85 4398.57 4395.54 4395.09 4396.44 4398.25 4402.45 4408.18 4413.68 4418.01 4413.76 4372.05 4303.64 4259.05 4344.75 4396.28 4393.01 4382.63 4376.4 4371.62 4366.99 4363.01 4358.8 4357.12 4373.22 4392.46 4406.72 4431.88 4419.08 4363.45 4342.74 4336.83 4335.72 4341.04 4340.86
4656.5 4601.67 4564.76 4550.64 4561.26 4588.56 4611.15 4583.36 4578.99 4583.28 4573.89 4562.81 4554.51 4544.45 4541.22 4538.24 4492.9 4482.38 4472.63 4466.94 4464.17 4461.35 4458.27 4453.46 4446.17 4433.89 4418.34 4400.16 4389.25 4394.29 4398.27 4400 4397.22 4393.02 4391.21 4391.06 4390.75 4391.37 4393.24 4395.54 4395.6 4413.3 4425.44 4378.29 4302.97 4263.72 4333.94 4375.7 4373.99 4361.07 4364.98 4364.17 4359.75 4355.47 4350.84 4344.43 4354.84 4359.24 4374.56 4403.78 4425.33 4383.65 4339.36 4331.45 4330.11 4333.07 4337.08
4618.46 4532.66 4487.43 4480.27 4508.85 4568.18 4632.33 4631.01 4629.69 4611.63 4589.98 4577.01 4564.94 4559.03 4554.97 4536.71 4523.53 4493.7 4480.97 4475.47 4470.44 4467.39 4463.26 4457.46 4450.34 4436.27 4419.51 4401.91 4389.37 4385.93 4383.51 4387.28 4388.03 4386.18 4384.63 4382.92 4382.01 4381.74 4381.91 4381.62 4382.03 4394.75 4407.15 4360.11 4294.86 4273.71 4369.55 4375.68 4366.87 4360.34 4361.4 4359.56 4355.26 4350.49 4348.3 4350.72 4352.41 4357.74 4370.91 4391.52 4422.46 4391.71 4338.91 4329.33 4327.48 4330.43 4334.47
4451.41 4399.73 4372.09 4373.31 4403.75 4476.39 4611.9 4707.99 4679.59 4607.17 4579.46 4569.85 4572.84 4567.75 4549.85 4530.65 4508.23 4489.06 4476.26 4472.04 4474.37 4472.88 4469.48 4464 4454.88 4442.28 4428.32 4410.08 4391.84 4390.21 4387.01 4383.65 4380.73 4379.29 4379.07 4378.46 4376.97 4374.5 4372.29 4368.29 4364.07 4367.16 4357.83 4321.61 4275.52 4275.34 4352.16 4354.21 4361.88 4367.39 4363.16 4358.14 4353.1 4348.99 4345.4 4346.33 4355.47 4367.8 4385.15 4406.17 4424.95 4377.21 4341.34 4332.18 4329.94 4332.85 4333.03
4251.72 4229.89 4228.83 4234.46 4254.62 4287.24 4349.27 4487.39 4530.47 4514.78 4523.52 4552.86 4584.24 4600.93 4592.56 4553.14 4491.51 4476.05 4475.41 4474.23 4478.1 4480.91 4479.38 4474 4458.57 4453.7 4443.96 4429.94 4414.32 4398.1 4386.08 4379.06 4376.03 4373.82 4372.99 4370.96 4368.31 4364.9 4361.6 4356.75 4351.27 4349.86 4337.07 4297.24 4256.42 4276.94 4355.86 4348.38 4358.69 4366.47 4362.91 4357.73 4352.91 4348.55 4344.07 4345.9 4359.75 4376.7 4393.42 4410.79 4406.66 4350.07 4339.33 4334.15 4333.26 4333.76 4335.04
4025.71 4063.05 4087.61 4095.69 4092.46 4079.92 4096.28 4197.12 4280.93 4361.03 4435.23 4514.18 4592.26 4655.81 4681.53 4598.45 4493.08 4471.45 4471.96 4481.87 4493.25 4497.15 4498.9 4496.85 4492.79 4474.61 4462.6 4453.64 4449.5 4407.31 4373.04 4373 4371.45 4370.15 4367.35 4363.66 4360.34 4356.63 4352.29 4348.2 4341.03 4343.16 4338.16 4286.06 4248 4293.36 4373.55 4362.58 4360.84 4360.23 4358.72 4357.14 4355.66 4354.21 4351.61 4353.67 4362.77 4377.03 4399.93 4371.82 4350.02 4343.21 4337.79 4335.35 4335.51 4336.95 4337.75
3911.1 3956.08 3974.54 3973.99 3957.42 3924.55 3915.96 3986.27 4072.55 4202.54 4324.74 4442.56 4570.38 4689.65 4774.7 4702.27 4533.4 4494.84 4502.19 4509.18 4521.15 4524.57 4521.8 4514.32 4504.81 4488.01 4473.07 4459.36 4450.81 4411.73 4382.57 4375.16 4373.52 4372.1 4369.36 4366 4361.93 4354.94 4348.67 4343.25 4339.81 4340.35 4327.79 4276.55 4243.29 4319.69 4395.9 4377.39 4363.39 4357.9 4355.3 4356.26 4358.63 4361.32 4363.56 4363.38 4361.97 4360.19 4347.72 4344.05 4343.98 4343.61 4336.81 4337.09 4338.39 4339.65 4340.46
3929.04 3899.29 3891.35 3881.36 3864.94 3842.63 3842.71 3874.26 3948.36 4075.76 4213.6 4355.87 4510.74 4670.89 4835.55 4878.1 4713.9 4594.33 4578.26 4576.08 4575.52 4565.81 4556.46 4535.28 4516.37 4500.09 4475.79 4454.08 4425.87 4393.47 4385.18 4381.51 4377.82 4374.11 4370.04 4366.14 4359.92 4354.38 4347.71 4345.33 4338.9 4335.85 4319.32 4267.88 4240.79 4327.28 4389.94 4372.27 4357.35 4350.24 4349.73 4356.95 4360.49 4364.26 4379.99 4367.8 4358.12 4349.54 4338.8 4338.38 4345.62 4346.14 4343.57 4342.25 4344.24 4344.54 4343.64
3835.4 3835.62 3820.39 3809.44 3803.54 3800.59 3799.98 3812.65 3863.81 3975.97 4108.51 4250.8 4403.13 4569.54 4763.1 4901.42 4864.95 4727.91 4687.07 4660.83 4636.44 4610.86 4592.08 4581.55 4557.01 4512.45 4480.23 4454.98 4433.37 4420.19 4402.04 4390.81 4383.29 4376.82 4370.49 4365.12 4359.32 4353.54 4347.36 4340.94 4338.29 4330.58 4309.81 4260.22 4236.62 4311.79 4361.51 4353.09 4350.64 4353.64 4355.69 4362.4 4363.98 4359.64 4345.41 4355.17 4354.48 4347.36 4338.53 4339.11 4343.77 4353.41 4347.7 4346.62 4350.15 4351.55 4349.3
3770.05 3766.23 3747.22 3739.76 3752.73 3783.59 3778.46 3763.14 3787.45 3889.46 4009.94 4134.42 4266.52 4397.07 4528.87 4688.22 4896.36 4810.31 4782.88 4738.42 4690.17 4647.74 4609.68 4584.11 4560.1 4515.24 4481.01 4456.47 4437.19 4417.85 4410.35 4399.36 4389.37 4380.58 4373.25 4368.28 4361.33 4353.58 4349.23 4350.08 4340.77 4328.59 4303.24 4256.64 4245.53 4328.28 4362.25 4363.59 4364.59 4369.05 4373.75 4374.78 4372.87 4370.7 4360.16 4360.19 4357.11 4352 4347.5 4357.68 4372.5 4359.4 4353.7 4359 4364.89 4365.72 4362.23
3691.63 3680.89 3660.03 3660.92 3678.65 3723.35 3725.59 3723.19 3755.77 3828.44 3918.36 4017.62 4118.15 4210.78 4302 4469.97 4725.96 4894.97 4863.43 4800.58 4735.66 4671.94 4611.24 4558.79 4530.82 4504.84 4478.56 4459.46 4440.84 4427.47 4419.42 4407.52 4395.13 4385.68 4377.05 4369.26 4365.83 4359.41 4362.17 4356.86 4349.5 4335.5 4302.96 4256.28 4259.93 4337.17 4365.06 4369.4 4369.86 4377.64 4391.79 4379.31 4376.75 4385.04 4400.78 4373.92 4362.94 4359.36 4365.01 4381.09 4404.2 4407.4 4400.84 4397.3 4380.1 4380.21 4387.85
3543.93 3541.13 3561.13 3574.07 3582.65 3598.88 3633.68 3668.47 3719.31 3775.04 3840.64 3917.97 3994.76 4069.45 4140.51 4297.34 4555.43 4827.61 4872.44 4822.4 4752.64 4677.35 4601.73 4537.88 4509.71 4493.54 4475.67 4459.24 4444.99 4439.78 4428.74 4416.11 4406.09 4396.2 4386.44 4377.85 4368.98 4362.08 4364.99 4362.79 4358.3 4350.51 4306.94 4250.01 4259.89 4336.73 4361.34 4359.4 4354.94 4360.92 4360.3 4363.2 4366.73 4369.84 4370.47 4367.87 4361.7 4358.53 4358.42 4361.92 4366.42 4382.27 4382.96 4377.36 4379.38 4384.98 4397.72
3437.7 3440.84 3495.6 3518.04 3510.54 3492.13 3555.87 3609.28 3667.26 3714.21 3769.01 3839.83 3908.98 3985.86 4076.96 4209.27 4483.92 4773.59 4840.99 4803.74 4738.71 4664.02 4587.76 4527.44 4502.48 4487.42 4473.14 4462.1 4448.88 4434.95 4427.72 4418.42 4407.99 4396.38 4386.68 4377.17 4369.04 4362.03 4367.17 4363.43 4357.68 4348.62 4304.56 4240.27 4265.13 4345.95 4361.17 4356.64 4349.59 4347.91 4341.65 4349.53 4353.43 4353.46 4354.66 4356.33 4355.4 4354.22 4351.47 4347.77 4352.91 4359.99 4360.32 4363.83 4372.01 4379.5 4382.23
3447.75 3452.94 3507.31 3529.96 3516.54 3502.47 3537.22 3568.69 3592.21 3635.27 3699.26 3771.55 3848.81 3926.13 4016.92 4139.19 4380.85 4683.62 4773.84 4759.76 4708.15 4644.47 4572.59 4513.98 4501.08 4487.18 4474.11 4464.94 4462.6 4442.28 4427.12 4417.69 4408.57 4399.01 4389.44 4380.13 4372.04 4370.38 4366.42 4361.46 4353.87 4347.27 4305.8 4241.77 4279.37 4351.79 4362.57 4355.2 4344.11 4344.88 4348.04 4347.15 4345.17 4342.46 4344.14 4348.28 4350.53 4351.28 4350.99 4353.45 4357.08 4356.58 4353.93 4358.56 4367.65 4377.91 4381.17
