real_craters/C101-500m.grd
DSAA
134 134
-33.355 33.355
-33.355 33.355
3437.699821981 5220.9173374097
[rows 60 to 89 of 134, columns 0 to 66 of 134]
4468.41 4469.43 4469.02 4468.43 4465.93 4457.64 4437.88 4440.49 4446.76 4437.79 4443.31 4439.3 4432.55 4431.78 4440.35 4432.73 4426.45 4423.22 4410.04 4402.2 4399.78 4401.17 4404.07 4408.2 4413.71 4411.76 4408.61 4412.46 4402.58 4403.12 4404.87 4409.12 4435.21 4445.32 4441.8 4467.77 4482.75 4475.91 4475.05 4479.41 4492.07 4496.05 4502.07 4510.18 4537.47 4589.9 4646.81 4703.54 4754.32 4787.17 4786.1 4698.36 4531.4 4495.21 4487.17 4344.71 4164.63 3981.17 3816.5 3675.01 3579.93 3507.11 3458.06 3440.2 3450.42 3489.7 3519.8
4476.82 4477.1 4478.01 4477.61 4480.06 4486.58 4502.16 4496.95 4491.02 4464.76 4445.85 4440.31 4437.65 4437.6 4434.97 4429.26 4421.61 4412.78 4404.36 4399.83 4400.17 4402.04 4404.75 4407.85 4408.94 4409.77 4412.26 4415.04 4414.97 4406.37 4404.12 4412.48 4435.78 4453.07 4451.75 4453.51 4462.8 4470.54 4476.44 4484.65 4494.26 4502.05 4503.92 4512.32 4541.92 4596.07 4657.85 4717.42 4761.86 4786.98 4763.16 4662.32 4520.61 4482.23 4445.2 4279.14 4099.54 3918.88 3742.95 3627.04 3553.24 3523.76 3501.09 3466.91 3488 3556.21 3620.85
4482.46 4484.29 4485.42 4486.27 4487.77 4493.34 4510.51 4485.25 4458.2 4443.47 4429.36 4424.41 4427.85 4429.48 4428.23 4423.48 4416.26 4406.79 4402.72 4401.04 4401.31 4401.79 4403.14 4405.53 4404.14 4403.89 4404.16 4403.17 4402.74 4401.58 4399.97 4400.87 4416.62 4431.75 4455.22 4440.37 4450.51 4463.4 4473.89 4483.13 4490.4 4495.35 4499.14 4510.47 4545.46 4600.72 4664.27 4727.59 4777.19 4797.38 4760.34 4646.14 4494.56 4411.8 4315.94 4180.15 4022.27 3863.34 3708.26 3603.45 3529.99 3495.96 3503.26 3513.62 3563.68 3652.25 3743.84
4485.54 4489.31 4492.8 4494.99 4492.07 4477.98 4451.64 4451.02 4433.76 4432.12 4427.67 4418.31 4419.59 4423.6 4423.1 4417.81 4412.66 4407.21 4407.07 4406.22 4402.21 4400.51 4399.82 4400.09 4399.86 4399.27 4396.45 4397.05 4399.17 4397.54 4398.3 4397.4 4415.61 4437.77 4451.48 4458.55 4449.69 4458.22 4469.08 4479.86 4488.39 4493.96 4489.3 4483.94 4527.22 4598.6 4671.3 4740.66 4797.27 4828.07 4796.61 4651.04 4456.41 4258.31 4161.44 4062.84 3944.38 3821.45 3710.91 3609.28 3522.43 3504.79 3524.23 3576.36 3661.4 3767.49 3878.47
4487.08 4492.92 4499.28 4504.05 4504.58 4490.29 4460.66 4453.11 4435.78 4428.53 4426.72 4423.12 4420.09 4417.55 4411.36 4411.94 4410.34 4409.33 4408.87 4404.43 4400.68 4397.47 4394.82 4391.43 4388.08 4387.45 4390.33 4395.04 4397.02 4396.05 4408.26 4423.24 4438.68 4458.24 4454.23 4432.77 4442.44 4452.88 4464.75 4477.14 4491.57 4500 4487.53 4474.13 4522.44 4597.52 4673.22 4743 4803.64 4845.94 4851.64 4644.95 4410.22 4140.57 4043.69 3961.42 3869.01 3773.27 3685.02 3576.26 3482.4 3530.28 3582.36 3665.4 3769.73 3881.19 3998.01
4490.21 4497.64 4504.41 4513.65 4524.81 4538.73 4528.4 4479.99 4446.37 4425.24 4416.47 4409.88 4415.96 4413.72 4411.34 4408.51 4407.41 4407.61 4406.53 4401.77 4397.84 4394.61 4391.19 4387.8 4384.66 4385.4 4385.48 4386.8 4390.78 4397.08 4415.47 4441.39 4452.98 4459.41 4444.35 4436.87 4441.18 4448.6 4458.27 4470.59 4484.23 4496.52 4490.21 4493.55 4538.01 4604.95 4677.03 4741.79 4792.13 4813.88 4770.75 4581.65 4331.72 4094.49 3966.12 3885.85 3809.15 3722.26 3611.1 3486.04 3451.84 3522.3 3659.45 3790.61 3874.55 3970.4 4080.15
4494.4 4504.05 4512.41 4521.47 4534.33 4550.32 4538.4 4491.48 4449.23 4423.93 4412.69 4409.07 4405.93 4406.59 4404.64 4402.56 4402.96 4402.31 4396.29 4396.57 4394.62 4392.14 4388.87 4385.55 4382.85 4380.38 4380.4 4377.34 4381.23 4388.34 4414.93 4428.81 4452.18 4453.77 4448.41 4442.7 4442.91 4448.35 4455.54 4462.62 4467.51 4467.78 4489.94 4516.28 4555.85 4613.2 4679.26 4736.32 4770.16 4762.82 4683.07 4514.36 4274.53 4053.91 3919.72 3835.53 3771.45 3705.24 3604.57 3484.47 3452.75 3527.75 3699.32 3848.16 3932.31 4017.81 4112.89
4498.1 4503.97 4508.52 4513.35 4519.19 4527.26 4515.86 4482.35 4449.66 4426.57 4410.07 4409.58 4407.21 4403.51 4396.71 4397.92 4399.59 4400.03 4398.09 4394.68 4392.56 4390.45 4387.61 4383.79 4382.45 4382.37 4380.86 4379.88 4377.03 4386.63 4435.93 4464.92 4458.01 4454.39 4442.88 4438.64 4440.6 4445.11 4450.58 4456.24 4461.38 4468.26 4488.59 4515.14 4560.03 4615.93 4674.67 4726.25 4756.68 4741.87 4651.65 4492.44 4283.25 4033.7 3878.95 3800.64 3753.38 3719.39 3661.92 3570.91 3474.84 3520.41 3696.98 3856.56 3928.77 4009.08 4095.58
4505.7 4504.05 4502.29 4499.51 4492.99 4478.22 4474.54 4463.25 4446.35 4430.58 4421.26 4415.85 4412.37 4406.38 4400.83 4398.25 4398.36 4399.6 4397.72 4392.96 4391.47 4389.82 4387.65 4386.36 4383.79 4382.39 4383.22 4377.78 4384.41 4428.89 4457.57 4467.95 4456.27 4437.38 4428.11 4433.94 4439.63 4443.23 4448.42 4453.84 4461.2 4476.09 4485.23 4503.8 4551.84 4608.16 4665.99 4716.05 4747.67 4746.69 4656.68 4483.84 4297.52 4023.88 3840.93 3769.73 3723.3 3689.13 3644.7 3581.38 3489.26 3499.88 3639.6 3775.59 3870.93 3956.01 4045.22
4511.91 4503.96 4496.6 4487.74 4474.36 4457.56 4452.18 4446.98 4439.15 4429.01 4421.45 4423.23 4416.42 4407.88 4402.17 4398.87 4396.75 4395.05 4393.81 4393.12 4392.01 4390.88 4389.47 4385.15 4386.59 4387.22 4394.19 4383.96 4407.03 4455.86 4469.95 4462.69 4449.65 4436.68 4433.56 4441.57 4438.53 4441.94 4446.38 4451.24 4456.38 4459.4 4465.54 4488.69 4538.27 4593.33 4647.5 4693.01 4723.75 4727.3 4633.45 4446.08 4240.05 4019.04 3829.38 3751.71 3700.81 3646.68 3600.56 3528.49 3488.24 3490.03 3581.86 3687.83 3781.62 3873.97 3964.94
4510.12 4501.44 4492.12 4481.76 4467.4 4452.17 4446.37 4442.44 4436.21 4428.51 4422.2 4419.4 4414.36 4406.22 4401.72 4398.19 4395.79 4393.03 4393.63 4394.12 4391.78 4391.3 4393.15 4395.13 4389.9 4393.12 4399.4 4389.79 4416.38 4470.08 4459.24 4446.92 4441.92 4434.6 4433.52 4425.94 4433.99 4440.21 4444.64 4448.28 4452.01 4455.38 4455.5 4474.3 4522.75 4571.27 4622.45 4659.99 4677.92 4664.87 4578.99 4413.26 4227.46 4023.42 3835.48 3752.05 3708.03 3673.43 3637 3601.65 3573.84 3511.31 3508.95 3588.73 3688.83 3778.78 3862.71
4498.89 4489.93 4484.5 4477.41 4468.31 4453.17 4449.66 4443.33 4435.82 4426.77 4420.4 4420.62 4405.18 4403.68 4401.33 4398.72 4396.73 4394.18 4391.98 4390.83 4390.75 4389.93 4388.78 4387.76 4386.03 4383.76 4381.91 4378.57 4388.28 4443.63 4458.55 4443.36 4435.51 4427.6 4423.82 4430.28 4435.88 4439.32 4443.46 4447.5 4452.04 4457.69 4466.47 4483.18 4513.77 4552.63 4588.56 4616.98 4632.12 4616.79 4559.12 4437.03 4248.24 4041.02 3854.31 3770.74 3727.1 3721.15 3696.56 3691.64 3678.45 3580.95 3488.14 3539.31 3621.67 3694.87 3759.36
4488.33 4488.17 4485.26 4481.13 4476.17 4472.45 4458.65 4449.02 4439.71 4431.83 4420.53 4413.61 4407.5 4403.92 4403.3 4403.35 4398.94 4394.52 4392.53 4391.58 4389.77 4387.97 4385.59 4383.39 4381.57 4378.87 4381.3 4372.48 4381.66 4439.65 4458.57 4446.67 4435.66 4423.13 4422.21 4438.76 4437.81 4438.17 4440.77 4445.72 4450.99 4456.58 4461.63 4480.55 4500.92 4524.89 4549.67 4572.29 4590.97 4599.96 4589.23 4520.68 4315.15 4114.44 3938.62 3819.32 3737.44 3704.57 3714.74 3754.97 3698.26 3614.23 3544.23 3549.35 3586.14 3634.96 3676.06
4483.88 4485.81 4484.17 4482.53 4477.08 4469.65 4464.86 4456.45 4445.63 4432.43 4420.62 4408.88 4408.49 4403.69 4402.57 4404.14 4399.92 4396.06 4392.78 4389.67 4389.05 4387.98 4386.08 4383.44 4379.81 4376.07 4373.23 4373.54 4377.9 4441.64 4453.63 4451.11 4440.92 4428.23 4422.24 4426.38 4429.76 4432.66 4437.56 4443.21 4448.56 4454.89 4460.09 4473.64 4491.3 4508.54 4523.98 4539.18 4556.21 4590.35 4643.78 4643.69 4435.23 4235.7 4035.87 3897 3770.72 3677.79 3732.29 3758.58 3739.88 3625.55 3606.01 3567.69 3572.43 3593.86 3611.69
4485.85 4486.82 4487.46 4487.35 4488.81 4483.5 4473.22 4463.31 4453.97 4445.54 4431.49 4420.03 4402.36 4399.84 4399.94 4399.29 4397.53 4399.38 4393.16 4388.56 4389.35 4390.26 4388.45 4385.42 4382.34 4378.53 4377.75 4386.53 4410.71 4455.23 4460.41 4457.72 4447.08 4438.33 4424.3 4414.75 4417.95 4425.36 4432.69 4440.24 4448.21 4456.85 4464.53 4474.7 4480.41 4489.03 4498.42 4509.18 4519.36 4559.98 4688.23 4790.99 4613.11 4387.63 4184.1 4028 3887.61 3797.08 3801.66 3784.79 3693.32 3639.45 3588.52 3580.58 3577.39 3582.27 3586.31
4489.93 4487.48 4487.85 4491.95 4495.94 4493.28 4480.32 4469.44 4461.97 4453.02 4436.17 4423.83 4411.83 4404.35 4403.61 4397.06 4394.09 4392 4391.98 4389.92 4391.26 4395.31 4398.93 4393.12 4386.84 4382.91 4382.53 4387.41 4394.52 4420.95 4463.29 4462.53 4449.34 4429.92 4420.24 4415.11 4415.64 4422.41 4430.62 4439.23 4447.52 4454 4462.29 4469.98 4473.45 4479.38 4486.78 4494.04 4507.81 4564.7 4689.18 4785.6 4715.62 4502.39 4325.08 4162.39 4048.51 3957.61 3874.16 3796.36 3734.49 3652.28 3611.6 3602.57 3595.43 3592.72 3590.39
4488.61 4485.44 4485.08 4487.58 4491.97 4489.17 4482.52 4476.69 4473.92 4476.93 4474.61 4477.37 4437.25 4424.25 4415.25 4410.64 4408.88 4400.43 4395.08 4390.67 4390.96 4395.79 4406.1 4396.63 4389.92 4385.93 4385.35 4385.93 4383.27 4383.78 4443 4463 4452.93 4435.61 4429.1 4425.11 4419.29 4420.5 4428.66 4437.37 4446.87 4455.28 4451.66 4456.12 4467.89 4476.1 4484.64 4499.14 4514.84 4567.07 4670.18 4715.66 4665.38 4541.77 4372.39 4226.37 4133 4055.3 3947.68 3799.6 3679.82 3656.87 3636.98 3636.79 3639.71 3638.01 3623.58
4477.77 4478.4 4477.47 4477.28 4475.56 4478.79 4480.27 4478.95 4477.2 4468.63 4450.47 4439.14 4422.59 4422.53 4422.92 4425.87 4425.19 4410.84 4396.78 4389.89 4388.21 4389.18 4388.88 4391.54 4390.39 4388.46 4387.1 4389.64 4390.61 4410.14 4442.17 4454.35 4456.42 4454.27 4447.04 4434.1 4415.58 4418.81 4428.35 4438.85 4449.34 4458.75 4462.05 4463.43 4472.59 4480.99 4489.73 4508.5 4540.5 4578.42 4641.25 4722.21 4677.01 4572.09 4440.2 4290.59 4140.45 4093.89 4084.22 3953.08 3784.04 3683.37 3675.54 3689.99 3696.34 3702.23 3692.93
4467.77 4470.34 4470.84 4469.49 4467.55 4472.62 4477.19 4481.03 4480.13 4472.79 4451.17 4433.46 4417.19 4428.38 4419.54 4412.93 4402.01 4396.19 4392.51 4388.15 4386.91 4388.32 4389.13 4390.51 4390.57 4389.89 4389.36 4390.46 4390.2 4395.93 4416.89 4434.87 4450.34 4459.39 4447.06 4427.21 4409.47 4421.54 4430.91 4440.3 4449.66 4458.67 4467.92 4472.05 4476.25 4484.15 4496.45 4513.16 4534.21 4552.36 4574.36 4629.74 4653.08 4600.72 4526.08 4409.4 4236.21 4183.64 4203.81 4135.28 3959.95 3808.14 3781.35 3785.75 3787.46 3786.87 3778.79
4461.35 4464.35 4465.84 4466.29 4467 4471.35 4476.03 4480.33 4483.09 4483.51 4468.4 4438.43 4412.5 4410.03 4409.38 4403.44 4395.59 4392.39 4390.38 4389.28 4389.34 4390.14 4392.4 4394.29 4394.4 4392.12 4390.09 4388.6 4388.93 4388.44 4392.11 4412.53 4433.19 4447.94 4434.28 4418.67 4422.59 4427.84 4436.28 4443.61 4450.55 4458.09 4465.44 4472.24 4473.72 4481.2 4492.13 4504.38 4516.71 4515.53 4513.68 4545.06 4597.14 4614.25 4614.56 4571.16 4404.78 4289.62 4196.05 4182.73 4086.87 3990.31 3933.12 3912.6 3902.21 3897.37 3876.67
4456.64 4459.41 4461.74 4464.41 4467.27 4470.62 4474.02 4477.99 4482.95 4478.51 4460.99 4443.91 4418.67 4407.76 4404.49 4400.89 4397.49 4392.57 4391.36 4390.72 4390.85 4391.92 4397 4400.59 4401.01 4397.88 4393.83 4391.64 4391.76 4392.67 4393.99 4398.47 4408.33 4417.62 4423.29 4426.35 4426.49 4437.85 4444.5 4447.75 4449.85 4449.89 4453.63 4454.72 4463.84 4473.58 4484.16 4492.82 4491.79 4487.15 4473 4480.06 4551.7 4611.54 4663.83 4685.25 4539.43 4387.95 4281.05 4185.58 4168.41 4106.29 4066.18 4042.21 4020.64 4004.12 3990.3
4453.36 4457.15 4459.99 4461.89 4464.05 4468.17 4472.09 4476.24 4482.19 4492.61 4487.48 4475.9 4457.4 4419.74 4410.8 4405.54 4396.67 4395.09 4394.43 4392.78 4390.91 4393.72 4404.66 4412.03 4410.08 4405.04 4399.37 4394.36 4395.63 4390.23 4390.28 4388.78 4390.74 4396.51 4413.96 4432.08 4453.01 4455.19 4452.11 4451.12 4450.4 4450.32 4444.94 4440.13 4454.76 4466.15 4475.4 4483.1 4486.83 4473.03 4456.87 4456.96 4521.44 4584 4642.4 4687.75 4594.65 4450.37 4323.11 4304.79 4237.39 4236.38 4200.99 4172.11 4152.93 4136.91 4125
4452.55 4456.53 4459.97 4462.49 4464.16 4467.05 4469.29 4471.22 4472.37 4473.04 4486.94 4501.1 4518.73 4467.81 4431.3 4419.14 4407.87 4403.88 4401.87 4404.28 4402.1 4436.3 4438.03 4431.19 4422.48 4413.63 4405.83 4402.05 4396.07 4393.39 4392.06 4390.27 4388.52 4392.47 4404.81 4426.33 4442.71 4454.3 4455.58 4451.52 4448.13 4446.28 4445.96 4447.98 4453.31 4460.38 4465.78 4470.69 4474.92 4466.75 4457.41 4456.26 4500.8 4548.24 4577.41 4568.48 4558.49 4498.62 4394.21 4286.24 4308.63 4309.76 4308.42 4297.71 4285.29 4271.65 4264.05
4454.76 4456.84 4460.03 4465.52 4466.53 4465.4 4465.58 4465.53 4463.02 4456.73 4456.09 4469.5 4478 4500.15 4451.47 4431.19 4430.66 4409.52 4406.53 4420.87 4462.45 4486.25 4468.36 4447.27 4431.92 4420 4409.97 4399.48 4388.36 4389.75 4397.53 4393.11 4387.59 4388.18 4393.01 4395.2 4423.44 4456.56 4456.4 4450.96 4444.61 4440.93 4445.62 4449.23 4453.93 4457.53 4457.67 4454.63 4456.23 4464.48 4467.23 4462.27 4487.37 4514.2 4525.77 4526.03 4547.15 4565.58 4558.88 4469.09 4465.6 4446.4 4444.81 4419.99 4407.48 4399.44 4402.08
4456.49 4457.08 4458.05 4459.38 4460.97 4461.04 4461.45 4461.6 4461.11 4459.58 4454.57 4446.23 4433.01 4431.33 4433.42 4411.82 4392.43 4392.29 4400.49 4412.29 4429.06 4478.46 4466.03 4447.74 4433.49 4421.81 4411.37 4400.81 4392.37 4390.35 4391.5 4390.55 4387.62 4387.6 4390.26 4393.33 4418.93 4455.01 4452.13 4447.65 4443.22 4442.94 4450.64 4458.42 4461.96 4458.64 4454.21 4449.52 4453.92 4466.17 4470.67 4459.69 4471.64 4484.9 4497.83 4514.18 4542.65 4598.12 4617.38 4604.47 4632.38 4650.95 4580.16 4540.21 4519.37 4513.76 4520.67
4457.03 4456.79 4456.04 4455.32 4456.48 4457.66 4458.38 4459.72 4462.62 4465.49 4461.92 4449.05 4426.6 4400.91 4393.18 4392.22 4386 4388.54 4393.58 4397.12 4394.16 4405.5 4433.05 4435.14 4428.68 4420.4 4411.74 4404.93 4395.27 4393.99 4393.95 4388.78 4384.36 4387.94 4396.65 4408.57 4426.46 4437.78 4441.87 4442.6 4442.99 4446.65 4455.85 4468.59 4469.45 4461.95 4456.04 4452.48 4458.38 4469.87 4467.48 4461.66 4469.87 4479.64 4492.35 4508.22 4535.51 4585.08 4643.26 4614.52 4637.87 4658.62 4637.32 4609.48 4584.93 4578.75 4590.71
4457.71 4457.83 4456.39 4450.66 4455.03 4456.09 4456.04 4456.68 4462.02 4470.28 4469.09 4455.54 4425.89 4402.17 4390.56 4389.42 4388.73 4388.55 4391.66 4395.74 4395.99 4401.72 4419.3 4424.9 4422.23 4416.41 4409.53 4402.48 4394.29 4389.5 4387.21 4383.54 4381.2 4389.89 4404.44 4425.15 4443.24 4428.09 4430.64 4436.6 4442.63 4449.03 4457.25 4463.52 4465.44 4463.42 4458.81 4459 4465.39 4477.65 4481.57 4475.66 4477.22 4480.61 4488.16 4503.03 4527.06 4567.32 4611.69 4645.12 4688.45 4682.18 4671.15 4645.97 4622.19 4610.8 4620.57
4459.64 4460.54 4460.89 4461.02 4458.33 4456.46 4453.66 4450.6 4449.98 4467.01 4472.19 4460.97 4426.64 4403.68 4393.5 4390.24 4388.54 4387.34 4393.01 4403.11 4419.47 4428.19 4419.82 4417.2 4413.92 4409.43 4403.84 4397.4 4388.49 4387.46 4385.26 4382.69 4380.99 4391.5 4406 4422.39 4434.46 4421.4 4420.94 4429.38 4442.34 4448.74 4454.25 4462.94 4469.66 4465.03 4460.39 4452.75 4462.93 4478.08 4493.94 4486.08 4482.07 4482.97 4486.55 4497.59 4530.72 4551.92 4561.95 4574.1 4594.06 4671.21 4688.51 4656.06 4633.18 4617.73 4613.09
4462.12 4462.94 4463.28 4464.08 4461.69 4459.23 4455.4 4448.36 4438.83 4453.47 4463.15 4456.44 4427.8 4403.2 4393.31 4389.62 4389.22 4387.84 4396.3 4407.67 4420.56 4422.1 4417.61 4412.81 4409.58 4405.42 4400.05 4394.39 4391.25 4386.98 4386.71 4385.07 4386.5 4394.22 4404.73 4413.77 4413.13 4410.43 4413.14 4414.64 4420.49 4433.85 4446.64 4457.12 4458.2 4467.76 4466.08 4463.1 4461.03 4465.46 4483.53 4483.23 4480.25 4481.54 4485.36 4488.93 4515.58 4524.46 4539.28 4554.41 4568.15 4610.09 4634.97 4632.99 4618.53 4603.13 4586.36
4464 4465.47 4464.81 4463.27 4464.52 4463.24 4460.96 4455.94 4441.48 4440.75 4450.06 4449.06 4428.13 4405.68 4394.95 4392.69 4398.9 4403.57 4406.33 4408.73 4412.06 4410 4406.82 4404.8 4402.5 4399.59 4396.08 4391.77 4386.76 4388.32 4389.47 4388.65 4388.36 4395.48 4403.76 4409.91 4414.57 4418.41 4411.13 4398.86 4389.94 4414.03 4438.56 4460.18 4482.97 4472.6 4467.59 4466.96 4455.41 4446.51 4468.28 4470.3 4471.88 4476.2 4486.43 4497.22 4485.47 4489.4 4498.71 4529.05 4553.62 4572.41 4592.53 4591.93 4585.02 4574.89 4562.45
