real_craters/C102-500m.grd
DSAA
135 135
-33.46 33.46
-33.46 33.46
3689.2105724718 5498.8916066679
[rows 60 to 89 of 135, columns 67 to 133 of 135]
3692.76 3691.03 3691.69 3692.7 3698.83 3710.43 3725.34 3749.73 3789.43 3841.96 3880.15 3955.8 4043.3 4139.35 4295.2 4498.95 4707.2 4933.68 5124.05 5266.88 5291.62 5256.51 5199.9 5115.88 5047.24 4958.18 4928.99 4939.26 4979.12 5016 5009.25 4978.34 4944.55 4936.68 4935.07 4934.56 4934.2 4928.33 4908.27 4873.78 4841.46 4850.38 4868.43 4884.15 4881.07 4897.21 4921.46 4939.48 4944.09 4939.89 4934.59 4929.76 4925.49 4923.63 4928.28 4940.48 4958.34 4967.63 4946.06 4927.21 4912.29 4896.99 4883.02 4886.54 4886.68 4885.16 4883.7
3693.15 3690.94 3689.21 3689.47 3690.25 3703.33 3722.52 3750.96 3802.99 3829.94 3854.67 3884.75 3926.33 3980.13 4132.82 4372 4609.14 4861.68 5070.29 5225.16 5284.59 5273.64 5224.88 5159.27 5076.47 4981.5 4946 4944.28 4975.84 5003.14 4995.02 4967.82 4940.42 4932.95 4928.86 4924.91 4917.55 4910.57 4905.96 4886.08 4866.51 4867.99 4869.3 4865.78 4884.52 4905.51 4929.25 4944.92 4941.91 4933.24 4924.81 4917.24 4910.7 4905.96 4908.45 4919.26 4938.39 4945.06 4939.57 4926.41 4912.62 4899.39 4885.04 4887.33 4887.63 4886.21 4883.43
3694.27 3693.11 3690.58 3689.86 3693.37 3702.99 3718.47 3734.79 3755.67 3824.03 3824.47 3838.09 3867.57 3913.88 4053.65 4289.73 4533.3 4793.57 5020.95 5199.33 5283.32 5282.49 5237.85 5176.76 5104.66 5007.79 4978.59 4968.89 4980.87 4984.83 4972.53 4956.21 4945.33 4932.01 4922.81 4917.49 4912.28 4909.04 4912.67 4903.03 4901.99 4899.89 4903.02 4908.34 4918.58 4939.09 4947.96 4942.65 4934.26 4925.8 4916.33 4907.06 4898.51 4891.91 4892.29 4920.09 4930.49 4933.46 4933.58 4925.26 4914.67 4904.8 4898.06 4893.32 4891.07 4888.85 4884.67
3698.41 3697.37 3696.51 3695.53 3696.27 3706.29 3718.28 3730.01 3743.37 3775.88 3793.36 3812.96 3847.67 3921.01 4060.35 4248.59 4475.95 4717.23 4977.75 5178.22 5276.56 5277.71 5239.47 5181.96 5120.69 5070.1 5021.47 5016.35 4992.69 4974.55 4951.56 4936.26 4927.98 4922.55 4918.13 4913.46 4909.8 4904.46 4915.09 4911.85 4907.64 4911.84 4927.72 4938.4 4953.4 4975.45 4969.79 4948.81 4931.87 4919.31 4908.59 4899.08 4890.32 4883.22 4886.61 4929.34 4932.33 4934.2 4931.96 4924.43 4913.77 4901.01 4896.67 4895.83 4893.83 4892.51 4891.14
3705.84 3705.74 3705.5 3704.81 3706.5 3714.7 3724.89 3737.56 3751.54 3764.84 3776.07 3798.51 3838 3910.63 4030.29 4207.53 4425.91 4683.49 4925.1 5141.57 5260.74 5262.65 5230.78 5178.03 5118.33 5081.83 5041.42 5043.19 4997.26 4952.65 4914.3 4915.14 4916.92 4916.88 4915.23 4912.23 4908.18 4903.98 4911.23 4915.61 4922.34 4930.85 4941.41 4956.54 4977.05 4992.09 4975.36 4946.46 4925.2 4911.44 4900.35 4891.48 4884.59 4880.59 4884.46 4910.64 4937.25 4939.89 4932.42 4922.93 4912.75 4902.87 4897.79 4896.12 4895.08 4895.39 4897.29
3714.35 3714.95 3716.68 3719.78 3722.9 3727.63 3734.63 3743.27 3751.94 3764.65 3771.78 3794.7 3829.54 3882.98 3984.46 4157.68 4377.98 4632.67 4865.77 5078 5207.55 5212.31 5192.26 5158.08 5108.57 5074.55 5024.96 5029.47 4976.86 4936.5 4903.93 4911.06 4916.39 4918.28 4918.3 4912.95 4906.95 4902.86 4903.08 4917.47 4935.66 4953.28 4959.99 4973.82 4983.69 4977.3 4953.31 4932.59 4916.2 4902.83 4892.99 4885.82 4881.94 4881.11 4888.86 4905.78 4935.25 4938.64 4929.73 4920.36 4910.37 4901.33 4897.69 4896 4894.81 4895.45 4898.47
3722.04 3723.79 3726.76 3732.52 3738 3739.66 3744.48 3750.12 3757.06 3770.82 3784.72 3802.6 3833.94 3871.13 3923.83 4120.88 4344.28 4562 4791.31 4970.04 5078.17 5130.94 5137.12 5120.18 5089.99 5053.81 4985.3 4951.84 4941.32 4928.01 4923.73 4920.17 4926 4935.35 4925.25 4915.15 4905.41 4898.51 4898.42 4920.22 4947.69 4970.41 4987.46 4989.91 4978.12 4958.12 4930.14 4915.47 4903.67 4893.63 4886.62 4881.79 4879.58 4881.27 4889.12 4903.29 4917.61 4926.47 4923.23 4915.83 4906.64 4898.3 4895.85 4893.21 4890.98 4889.68 4890.95
3727.14 3730.86 3735.1 3738.53 3743.43 3749.03 3754.39 3761.16 3767.63 3780.64 3794.06 3825.3 3864.95 3910.19 3988 4147.64 4339.97 4529.94 4732.61 4880.87 4995.55 5057.44 5084.43 5086.48 5067.17 5031.58 4960.5 4938.88 4921.93 4918.24 4918.25 4919.67 4928.11 4936.08 4928.5 4917.16 4904.81 4892.69 4894.46 4925.22 4965.96 5005.51 5024.84 5019.87 5002.42 4963.62 4921.93 4902.77 4890.36 4885.99 4881.39 4877.22 4875.2 4875.48 4881.41 4896.66 4917.54 4916.99 4914.49 4909.96 4903.44 4893.63 4893.4 4890.16 4886.11 4881.3 4875.45
3732.97 3737.31 3743.1 3748.99 3752.47 3756.1 3760.53 3764.06 3769.92 3792.32 3823.44 3863.31 3918.06 3983.33 4078.52 4211.45 4365.33 4524.69 4697.08 4826.68 4931.22 4999.5 5046.21 5058.05 5048.44 5017.29 4950.9 4920 4908.1 4913.55 4906.66 4911.6 4924.97 4931.9 4929.42 4919.27 4908.51 4900.91 4902.52 4934.36 4985.56 5031.82 5051.37 5045.62 5033.07 4976.9 4918.11 4898.67 4888.53 4882.03 4878.04 4874.79 4872.07 4870.24 4871.09 4885 4897.81 4903.91 4904.75 4902.74 4901.71 4901.65 4892.22 4887.16 4882.7 4877.52 4874.79
3738.21 3741.24 3748.04 3759.99 3759.37 3759.35 3762.62 3766.21 3766.16 3800.58 3846.8 3900.56 3969.68 4048.65 4150.47 4274.23 4404.78 4542.89 4696.6 4806.21 4878.48 4975.42 5039.15 5054.9 5043.59 5022.43 4989.66 4945.77 4936.03 4930.74 4917.15 4915.57 4924.32 4940.4 4928.97 4919.89 4914.15 4911.91 4917.58 4948.96 5006.82 5059.36 5068.89 5053.87 5017.82 4981.58 4928.32 4902.34 4888.49 4881.56 4877.66 4873.65 4870.04 4867.62 4874.2 4880.84 4887.05 4893.87 4895.18 4893.15 4888.56 4886.15 4886.31 4884.01 4881.69 4879.52 4878.78
3739.03 3741.75 3745.12 3748.46 3753.9 3756.71 3758.79 3760.74 3767.15 3809.94 3870.17 3941 4019.38 4109.4 4208.51 4326.77 4448.62 4579.5 4713.56 4845.31 4956.71 5033.39 5067.21 5071.61 5058.13 5034.74 5014.49 4993.12 4990.88 4960.88 4940.09 4929.52 4923.07 4915.1 4915.71 4920.86 4923.19 4928.04 4942.55 4968.84 5029.42 5082.94 5097 5065.29 5012.1 4980.56 4944.52 4915.81 4897.77 4888.28 4881.03 4875.32 4870.84 4868.27 4873.69 4883.98 4889.14 4888.59 4888.19 4886.37 4882.5 4879.19 4880.94 4881.55 4882.11 4884.25 4888.19
3739.53 3742.11 3742.88 3742.34 3748.15 3751.3 3751.32 3748.97 3772.01 3834.97 3898.14 3979.76 4066.01 4157.8 4254.9 4368.01 4490.83 4622.28 4772.4 4901.22 5038.82 5102.36 5106.65 5097.54 5080.17 5053.46 5007.05 5010.3 5008.35 4972.75 4950.57 4937.34 4924.14 4917.17 4919.47 4927.41 4934.03 4940.79 4948.51 4988.87 5058.24 5114.75 5138.48 5090.01 5023.88 4986.75 4954.02 4922.75 4908.53 4897.05 4886.41 4878.42 4872.44 4871 4870.17 4876.36 4880.78 4881.83 4881.92 4880.86 4880.34 4878.38 4878.74 4880.25 4882.16 4885.02 4888.9
3745.09 3745.24 3745.04 3747.59 3747.71 3749.99 3749.24 3746.48 3781.48 3851.04 3938.75 4026.15 4120.62 4214.91 4306.7 4409.42 4542.58 4680.11 4813.6 4946.45 5053.28 5110.42 5131.54 5119.54 5093.34 5066.5 5038.61 5002 4985.35 4964.43 4946.94 4931.11 4926.84 4928.93 4935.7 4941.19 4950.38 4962.72 4983.15 5022.38 5097.04 5162.32 5175.65 5112.63 5041.46 5000.44 4965.03 4928.96 4914.46 4902.42 4890.66 4880.33 4871.31 4865.89 4865.75 4872.6 4873.59 4874.49 4875.41 4875.49 4873.68 4874.55 4877.35 4879.99 4882.24 4884.22 4889.24
3754.62 3751.42 3749.12 3747.17 3749.22 3750.73 3752 3750.66 3798.69 3882.17 3984.59 4089.4 4193.49 4295.43 4385.66 4479.6 4618.31 4751.98 4859.58 4990.94 5089.25 5146.01 5151.81 5126.9 5097.05 5070.16 5037.12 4994.82 4969.23 4957.2 4943.11 4932.02 4934.53 4939.96 4946.63 4957.22 4970.47 4988.62 5015.72 5058.7 5134.13 5194.31 5194.61 5108.55 5042.31 5001.87 4967.59 4938.09 4919.68 4906.05 4892.98 4880.12 4868.6 4857.94 4851.22 4856.79 4861.87 4864.69 4868.6 4871.57 4870.45 4873.24 4877.18 4880.81 4884.14 4886.64 4892.94
3764.19 3759.11 3758.13 3757.26 3753.24 3753.46 3755.57 3753.64 3822.19 3931.35 4044.94 4165.58 4291.82 4405.69 4504.29 4598.72 4729.89 4848.87 4929.62 5035.01 5128.2 5210.24 5154.71 5121.08 5090.03 5059.23 5038.2 4996.5 4976.97 4963.34 4954.02 4950.94 4948.88 4953.87 4964.74 4973.86 4989.61 5011.18 5036.52 5086.91 5150.97 5188.66 5115.38 5053.06 5004.23 4965 4946.14 4933.26 4919.05 4909.47 4893.59 4878.46 4864.79 4851.07 4836.43 4832.86 4843.74 4854.54 4863.52 4871.66 4876.82 4877.17 4880.18 4884.14 4888.38 4893.69 4898.29
3778.05 3768.03 3759.89 3758.32 3757.71 3757.59 3761.8 3771.6 3858.38 3984.4 4125.48 4261.55 4401.22 4534.84 4659.21 4771.1 4885.57 4967.78 5004.97 5062.71 5091.36 5052.98 5090.13 5087.25 5074.24 5061.67 5035.27 5003.87 4987.16 4975.14 4968.53 4962.82 4966.17 4969.96 4971.57 4989.96 5007.65 5028.93 5059.21 5104.34 5130.44 5114.08 5009.06 4984.35 4964.37 4944.35 4929.8 4918.83 4910.41 4903.22 4889.81 4875.47 4859.77 4844.33 4831.28 4823.47 4834.86 4847.17 4858.29 4868.61 4876.7 4878.24 4882.02 4886.89 4892.05 4896.67 4901.37
3795.7 3782.1 3769.53 3768.8 3770.85 3770.52 3771.62 3796.72 3910.28 4058.97 4215.72 4362.73 4520.86 4677.74 4830.5 4978.64 5067.34 5077.74 5090.84 5092.31 5068.66 5032.1 5038.11 5048.77 5050.71 5037.57 5028.96 5014.44 4998.45 4991.25 4988.75 4990.4 4990.06 4991.73 4998.78 5008.07 5018.68 5035.68 5058.63 5085.24 5075.02 5035.19 4975.4 4946.45 4937.26 4932.33 4923.25 4905.27 4896.95 4891.29 4882.85 4872.56 4860.84 4847.42 4833.86 4828.11 4833.96 4844.07 4854.24 4862.72 4870.05 4876.82 4883.03 4889.47 4896.22 4902.15 4909.68
3826.76 3806.4 3789.62 3794.58 3803.16 3805.06 3799.54 3847.36 3987.7 4144.68 4306.61 4476.31 4648.47 4821.83 4989.49 5145.27 5232.04 5238.03 5176.14 5134.82 5088.94 5048.36 5039.77 5030.63 5029.48 5027.7 5033.94 5028.35 5020.18 5014.6 5010.13 5006.69 5006.33 5012.58 5020.8 5022 5024.14 5028.83 5035.7 5031.35 5002.84 4975.31 4939.96 4919.66 4914.21 4909.91 4899.86 4887.18 4883.95 4880.59 4875.82 4870.53 4865.15 4853 4838.21 4832.28 4836.03 4842.87 4851.25 4859.55 4869.48 4874.57 4881.76 4889.68 4898.31 4907.36 4914.49
3880.27 3848.76 3827.57 3842.25 3865.35 3884.93 3883.33 3960.63 4099.83 4249.21 4415.42 4580.83 4753.72 4933.85 5120.56 5299.74 5391.71 5320.58 5241.49 5171.07 5112 5067.52 5041.26 5025.49 5022.76 5023.31 5034.28 5035.1 5038.58 5034.11 5033.49 5030.41 5028.67 5030.87 5031.01 5027.59 5022.65 5014.94 4999.97 4965.5 4949.36 4937.11 4913.23 4901.8 4899.82 4897.24 4892.52 4884.13 4877.84 4873.93 4871.32 4868.19 4861.66 4851.43 4843.94 4839.58 4840.25 4843.38 4848.6 4855.35 4865.7 4871.74 4879.83 4888.68 4897.04 4903.71 4908.7
3957.15 3919.27 3887.02 3916.84 3955.45 4010.49 4093.17 4147.4 4243.87 4372.94 4526.05 4681.86 4843.38 5011.59 5191.04 5383.12 5498.89 5366.27 5263.79 5183.11 5119.08 5064.22 5038.05 5032.91 5024.51 5029.32 5035.72 5046.77 5062.25 5059.21 5064.2 5062.86 5056.8 5048.57 5037.13 5026.39 5019.76 5008.79 4989.8 4962.06 4915.07 4908.63 4904.28 4898.97 4893.46 4889.92 4889.74 4883.6 4875.04 4873.96 4872.62 4867.79 4861.95 4856.93 4852.71 4847.67 4844.23 4843.51 4844.31 4847.34 4857.33 4866.32 4875.84 4885.75 4895.59 4901.54 4903.34
4053.46 4012.71 4014.2 4022.95 4058.86 4111.32 4217.69 4294.52 4381.62 4496.51 4623.86 4771.67 4911.52 5050.9 5185.18 5307.65 5367.71 5311.19 5232.85 5169.74 5115.22 5066.68 5038.41 5031.64 5034.85 5043.05 5047.83 5066.63 5092.53 5103.36 5100 5093.74 5082.22 5063.37 5045.11 5029.13 5016.1 5006.7 4995.21 4977.61 4932.15 4908.37 4900.09 4893.74 4889.06 4888.79 4888.75 4879.77 4872.22 4873.62 4871.7 4867 4863.34 4853.5 4854.36 4850.84 4846.81 4844.66 4842.51 4838.56 4850.26 4861.59 4871.2 4880.57 4892.04 4897.1 4893.35
4170.17 4106.64 4095.15 4155.22 4193.43 4198.37 4234.54 4386.61 4507.05 4615.32 4732.42 4844.72 4955.68 5059.51 5142.28 5176.57 5136.58 5189.01 5182.44 5153.2 5104.57 5059.42 5030.78 5026.61 5031.82 5045.83 5067.97 5094.26 5120.6 5132.48 5137.42 5121.65 5093.98 5074.01 5046.82 5020.74 5012.45 5005.34 4997.74 4986.98 4939.41 4917.24 4901.44 4887.24 4887.29 4886.19 4883.76 4876.65 4871.29 4878.2 4875.95 4862.04 4847.6 4846.33 4847.15 4848.12 4847.88 4847.41 4847.19 4848.07 4852.51 4859.82 4866.76 4872.76 4875.97 4883.9 4889.95
4343.56 4284.11 4281.99 4354.74 4402.49 4415.83 4460.29 4559.1 4654.73 4737.04 4828.17 4913.6 4997.13 5073.93 5127.73 5140.52 5117.03 5152 5162.99 5140.11 5092.68 5054.7 5034.39 5021.8 5024.68 5043 5072.74 5101.68 5140.84 5178.03 5173.81 5144.15 5114.21 5085.31 5054.24 5025.54 5013.18 5003.71 4994.42 4981.6 4959.87 4934.16 4911.55 4894.58 4888.81 4886.37 4884.03 4883.1 4886.07 4884.69 4888.34 4852.26 4840.04 4842.37 4843.57 4846.41 4848.81 4850.62 4853.23 4857.9 4857.92 4860.52 4864.1 4867.66 4871.93 4874.76 4881.01
4592.05 4571 4577.51 4623.23 4675.39 4719.8 4766.24 4788.34 4820.23 4864.49 4916.4 4984.07 5043.04 5094.86 5140.78 5178.02 5206.15 5210.71 5178.8 5135.33 5082.8 5039.51 5017.88 5004.68 5010.66 5026.08 5050.34 5085.82 5130.93 5179.81 5174.72 5142.45 5119.4 5093.8 5061.52 5032.27 5014.42 4999.34 4985.21 4972 4962.45 4945.15 4918.63 4901.18 4891.92 4887.05 4885.1 4892.16 4901.32 4878.83 4845.83 4839.99 4839.69 4840.81 4842.65 4847.73 4851.12 4853.88 4856.29 4858.45 4860.35 4861.45 4862.73 4864.18 4864.98 4868.5 4876.43
4865.39 4904.07 4894.78 4895.56 4942.48 5042.51 5059.14 4994.49 4969.79 4971.02 4992.45 5036.74 5074.76 5113.34 5154.62 5210.74 5288.98 5265.02 5185.52 5122.27 5061.44 5015.29 4975.42 4981.14 4989.76 5004.82 5020.74 5045.29 5073.9 5106.56 5109.32 5100.99 5103.27 5086.65 5058.87 5038.64 5013.61 4987.06 4967.68 4959.55 4952.51 4935.76 4917.18 4903.13 4893.93 4889.83 4889.95 4892.11 4899.52 4873.59 4849.87 4843.75 4840.56 4843.33 4849.99 4851.08 4854.07 4856.93 4859.46 4861.58 4862.89 4863.25 4863.01 4862.51 4863.87 4868.81 4880.04
5072.65 5214.05 5132.62 5086.69 5103.8 5151.32 5143.41 5104.27 5058.17 5038.88 5037.1 5058.1 5078.44 5107.77 5141.48 5181.71 5234.92 5217.19 5142.65 5088.35 5042.62 5002.57 4977.97 4971.43 4978.75 4981.95 4992.69 4997.91 5006.15 5011.2 5009.5 5025.33 5043.44 5044.79 5029.86 5020.69 4997.79 4970.09 4946.61 4933.31 4943.68 4918.8 4909.3 4898.91 4892.86 4889.21 4885.32 4879.38 4873.41 4860.52 4846.12 4844.85 4843.79 4845.38 4848.74 4853.71 4856.68 4859.64 4861.91 4865.04 4865.48 4865.87 4865.41 4863.23 4862.94 4870.53 4882.06
5121.46 5117.49 5173.66 5172.16 5173.12 5164.58 5169.54 5151.99 5104.91 5074.13 5057.33 5052.59 5067.16 5075.4 5088.91 5101.01 5097.8 5063.74 5053.93 5036.1 5015.7 4991.06 4971.63 4964.94 4965.32 4962.7 4958.86 4949.8 4948.33 4925.76 4912.15 4940.3 4966.97 4978.83 4977.71 4973.98 4963.29 4948 4928.01 4897.1 4932.28 4911.02 4904.29 4897.62 4892.16 4887.83 4881.86 4872.87 4861.6 4851.24 4843.64 4844.61 4850.97 4853.03 4854.81 4856.85 4858.66 4860.43 4861.59 4865.04 4866.93 4869.14 4870.44 4870 4868.74 4871.7 4879.75
5131.99 5167.13 5176.5 5201.78 5222.25 5244.43 5224.86 5167.36 5121.76 5087.04 5063.53 5055.9 5037.61 5038.66 5035.14 5025 4990.69 4954.63 4978.99 4984.06 4980.52 4977.13 4975.44 4972.66 4956.7 4943.16 4929.39 4918.25 4898.58 4870.98 4853.3 4875.06 4895.34 4905.35 4922.63 4926.9 4926.16 4931.03 4927.87 4927.65 4918.27 4909.27 4902.25 4897.79 4893.63 4887.25 4880.2 4870.42 4856.41 4847.42 4843.41 4846.58 4853.25 4860.17 4860.55 4859.77 4859.67 4859.79 4858.26 4861.61 4866.84 4872.07 4876.53 4879.14 4876.55 4871.41 4874.35
5100.4 5141.79 5158.71 5197.44 5231.8 5244.04 5216.92 5157.24 5114.15 5066.86 5041.22 5027.37 5014.11 5002.85 5000.59 4982.4 4964.95 4947.83 4944.46 4944.56 4947.11 4956.08 4967.63 4969.53 4946.17 4925.22 4903.2 4885.11 4864.95 4844.89 4831.09 4842.31 4853.78 4860.69 4890 4908.77 4919.52 4924.97 4925.13 4924.01 4908.86 4901.72 4897.14 4896.57 4893.93 4883.71 4875.42 4866.7 4855.32 4846.5 4846 4850.55 4856.26 4863.21 4862.32 4860.03 4858.64 4858.06 4856.57 4859.65 4866.08 4874.04 4882.4 4887.34 4880.91 4871.44 4869.93
5008.26 5027.35 5101.2 5163.86 5214.63 5185.38 5150.75 5106.13 5074.56 5049.32 5028.62 5010.5 4991.29 4978.39 4964.16 4948.78 4938.01 4947.11 4916.31 4908.94 4912.17 4923.62 4936.42 4938.02 4917.61 4896.75 4879.71 4860.25 4844.1 4832.85 4830.08 4833.73 4843.76 4857.72 4885.03 4910.16 4928.39 4922.1 4913.71 4903.7 4893.55 4886.5 4885.69 4885.98 4883.4 4874.11 4863.37 4852.52 4847.95 4842.23 4844.15 4847.34 4853.15 4858.72 4858.69 4857.23 4855.94 4854.71 4851.92 4856.55 4864.18 4873.71 4885.04 4896.6 4885.43 4870.98 4868.71
