real_craters/C102-300m.grd
DSAA
224 224
-33.46 33.46
-33.46 33.46
3689.1176123387 5522.8139332124
[rows 90 to 119 of 224, columns 0 to 66 of 224]
4865.68 4855.69 4843.75 4832.71 4825 4835.72 4852.72 4859.12 4859.71 4858.08 4855.26 4850.9 4843.95 4837.41 4830.02 4819.83 4810.06 4805.69 4804.21 4803.44 4802.42 4801.2 4799.85 4797.83 4795.41 4792.71 4789.79 4787.63 4789.62 4787.23 4783.56 4784 4787.43 4792.02 4798.05 4805.34 4814.37 4819.5 4820.3 4820.38 4819.03 4820.48 4823.07 4826.29 4830.17 4833.62 4837.54 4838.85 4833.07 4832.42 4836 4840.69 4845.03 4847.87 4850.53 4853.03 4856.16 4859.36 4859.57 4850.71 4847.91 4853.26 4863.11 4872.81 4879.91 4885.86 4888.45
4873.33 4865.5 4857 4848.32 4841.36 4849.61 4861.11 4865.77 4867.41 4867.66 4867.25 4865.78 4862.22 4856.83 4842.37 4824.77 4809.88 4804.48 4803.07 4802.94 4803 4803.22 4802.89 4802.25 4801.15 4799.24 4796.27 4794.28 4798.53 4794.98 4791.02 4789.81 4789.12 4790.48 4793.62 4797.66 4801.52 4807.62 4812.48 4815.41 4816.02 4817.47 4819.61 4822.98 4826.06 4829.04 4831.25 4830.21 4825.45 4826.98 4831.73 4836.98 4842.57 4844.19 4846.01 4847.66 4849.83 4852.59 4851.53 4840.88 4839.4 4847.59 4860.83 4873.42 4883.07 4890.66 4889.41
4877.1 4871.28 4869.53 4867.99 4864.4 4865.58 4868.76 4870.9 4872.98 4875.05 4876.85 4878.38 4878.21 4870.43 4851.19 4829.93 4813.05 4806.03 4804.2 4804.4 4805.33 4806.16 4806.98 4807.43 4808.07 4807.23 4805.24 4803.65 4809.21 4801.28 4796.22 4793.25 4789.42 4788.68 4789.15 4790.51 4792.61 4798.71 4806.2 4812.95 4818.51 4817.78 4818.25 4820.55 4823.05 4825.18 4825.97 4824.4 4819.06 4823.09 4828.7 4832.96 4835.5 4839.61 4840.7 4841.08 4841.08 4842.24 4843.81 4839.1 4835.99 4847.53 4864.01 4879.15 4891.53 4900.7 4903.33
4867.77 4867.26 4876.71 4886.61 4886.16 4878.57 4873.59 4872.79 4875.56 4879 4882.27 4885.65 4887.28 4878.46 4856.87 4833.03 4814.13 4807.96 4806.22 4806.55 4807.88 4809.32 4810.98 4812.84 4815 4816.37 4817.25 4817.05 4815.39 4802.1 4791.2 4789.46 4787.78 4786.55 4785.82 4785.58 4787.39 4793.29 4801.44 4809.89 4816.25 4817.53 4817.98 4819.16 4820.99 4822.51 4822.93 4822.1 4819.21 4822.62 4827.71 4833.97 4837.46 4836.72 4836.43 4834.85 4831.86 4825.4 4824.36 4831.83 4834.17 4850.96 4871.25 4890.82 4908.63 4924.65 4932.28
4834.08 4843.28 4870.7 4907.34 4911.76 4883.39 4867.39 4870.65 4875.46 4879.25 4882.46 4885.98 4887.9 4879.66 4860.21 4835.73 4816.61 4810.45 4809.02 4809.49 4810.53 4812.63 4815.03 4818.03 4821.51 4825.21 4829.27 4828.54 4820.12 4800.63 4787.09 4787.2 4786.72 4785.72 4784.21 4782.84 4783.54 4789.44 4797.29 4805.63 4811.81 4814.22 4815.5 4817.2 4819.59 4821.33 4821.74 4819.98 4821.15 4823.97 4826.95 4831.97 4834.72 4833.89 4833.04 4831.66 4829.07 4824.76 4823.04 4828.54 4839.99 4859.83 4881.18 4904.97 4928.93 4951.43 4971.15
4772.23 4792.5 4833.82 4896.19 4912.87 4875.39 4861.21 4869.42 4874.27 4876.49 4877.49 4878.76 4880.38 4874.87 4861.5 4838.45 4820.91 4814.08 4811.62 4811.5 4812.82 4815.22 4817.94 4821.66 4825.78 4830.93 4836.1 4833.16 4820.23 4800.28 4789.68 4788.89 4788.8 4787.77 4785.64 4783.16 4782.47 4787.95 4794.16 4800.14 4804.08 4805.43 4810.47 4815.21 4818.95 4821.65 4823.21 4825.59 4828.27 4825.89 4825.03 4825.8 4828.1 4829.91 4830.9 4831.29 4831.47 4833.02 4836.13 4841.7 4852.59 4871.88 4894.22 4920.45 4948.24 4976.01 5005.59
4692.56 4718.12 4756.44 4808.7 4847.43 4856.93 4864.01 4871.92 4873.7 4872.08 4868.73 4865.35 4862.64 4861.56 4857.19 4838.7 4824.07 4817.3 4814.94 4815.06 4816.7 4819.31 4822.2 4825.82 4829.41 4833.22 4837.39 4833.01 4821.26 4801.8 4792.56 4794.62 4794.64 4793.43 4790.83 4787.89 4787.41 4790.39 4794.09 4795.42 4797.63 4798.55 4808.2 4815.49 4820.03 4822.9 4825.06 4826.94 4827.99 4825.79 4822.72 4821.6 4823.89 4827.53 4830.71 4832.99 4835.07 4838.25 4843.37 4849.54 4863.93 4883.31 4906.71 4932.3 4961.95 4992.41 5029.4
4616.53 4638.55 4663.2 4695.29 4772.71 4847.09 4873.65 4876.63 4873.48 4867.2 4858.79 4849.37 4842.42 4844.34 4845.38 4833.66 4823.69 4818.74 4817.27 4817.73 4819.75 4822.77 4826.07 4829.56 4831.89 4832.54 4830.34 4829.58 4823.21 4811.33 4807.09 4806.43 4804.53 4802.31 4799.4 4795.02 4793.42 4796.68 4799.31 4801.86 4806.36 4812.12 4814.68 4818.64 4822.2 4825.24 4827.41 4826.6 4828.06 4824.58 4820.12 4819.9 4822 4827.06 4832.31 4836.67 4839.81 4842.11 4850.15 4858.12 4873.81 4892.49 4915.1 4939.12 4968.42 5001.45 5036.07
4560.66 4575.01 4591.96 4622.69 4728.02 4846.56 4876.22 4877.4 4871.62 4862.26 4850 4836.04 4826.25 4829.18 4830.96 4826.3 4820.86 4818.43 4818.45 4819.8 4822.48 4826 4829.84 4833.08 4835.37 4834.55 4829.3 4832.89 4834.72 4833.58 4829.15 4820.7 4815.12 4812.39 4810.91 4810.38 4807.52 4805.6 4806.53 4811.42 4817.04 4822.72 4821.81 4822.47 4824.57 4827.28 4830.75 4835.21 4830.09 4822.86 4817.36 4812.04 4820.54 4828.35 4835.85 4842.71 4848.76 4852.8 4860.23 4865.95 4880.02 4897.14 4918.14 4942.38 4968.89 4998.13 5030.84
4528.03 4536.68 4555.68 4600.93 4707.63 4812.56 4860.18 4871.31 4867.98 4858.31 4844.65 4829.53 4819.45 4820.99 4821.34 4816.12 4816.33 4817.38 4819.07 4821.33 4824.7 4828.64 4832.68 4836.46 4840.07 4842.55 4842.68 4842.11 4843.75 4848.37 4841.92 4830.4 4823.7 4820.06 4820.24 4824.07 4818.95 4812.29 4810.37 4813.16 4818.76 4823.55 4823.93 4824.22 4825.36 4827.48 4830.39 4832.64 4824.88 4821.51 4819.06 4820.17 4824.02 4832.22 4840.96 4850.19 4860.88 4871.56 4874.31 4880.6 4885.3 4899.24 4917.51 4938.31 4963.19 4988.97 5017.22
4515.17 4521.61 4542.74 4598.1 4702.2 4807.19 4848.99 4865.2 4865.35 4856.11 4842.95 4829.41 4820.46 4819.38 4818.92 4814.67 4814.8 4816.84 4819.65 4822.39 4826.22 4830.57 4834.48 4839.84 4845.02 4850.93 4855.74 4848.93 4843.06 4834.92 4837 4832.78 4827.31 4823.82 4822.29 4821.46 4818.84 4814.1 4810.52 4808.63 4815.96 4821.02 4823.27 4824.09 4824.95 4825.91 4827.13 4828.09 4826.44 4823.91 4821.65 4821.94 4829.13 4837.06 4845.86 4855.6 4865.57 4874.46 4879.14 4883.65 4888.7 4900.25 4914.92 4929.93 4948.52 4968.98 4990.56
4520.31 4527.64 4545.8 4602.05 4707.53 4796.22 4846.04 4864.39 4865.25 4856.19 4843.3 4831.03 4822.79 4821.1 4820.71 4816.95 4815.73 4817.32 4819.96 4823.35 4826.53 4830.3 4835.18 4840.77 4846.32 4852.13 4855.92 4850.84 4844.82 4838.82 4837.56 4834.2 4829.26 4824.66 4820.82 4816.54 4815.57 4813.69 4812.14 4813.01 4816.66 4820.44 4822.43 4823.24 4823.5 4823.77 4823.22 4822.81 4825.41 4826.23 4827.64 4830.33 4835.23 4842.29 4850.68 4859.56 4868.3 4874.78 4879.14 4881.7 4887.93 4899.25 4910.56 4920.2 4930.88 4942.13 4957.67
4547.2 4561.22 4579.19 4638.64 4744.33 4824.38 4859.73 4871.15 4868.68 4858.27 4844.01 4830.22 4823.3 4823.29 4823.28 4819.08 4817.54 4817.71 4819.62 4821.96 4825.73 4829.61 4834.2 4839.46 4844.28 4848.13 4849.45 4850.27 4848.54 4847.87 4840.53 4834.25 4829.54 4823.62 4818.67 4817.94 4814.32 4813.84 4813.97 4815.93 4819.92 4821.77 4822.4 4822.51 4822.3 4821.95 4821.53 4822.18 4825.66 4829.52 4833.35 4837.01 4841.17 4847.05 4854.52 4862.91 4872.37 4879.06 4882.78 4887.51 4893.45 4900.17 4905.61 4908.15 4911.05 4916.15 4926.09
4603.15 4626.71 4651.74 4715.73 4809.76 4867.18 4884.04 4882.73 4874.63 4861.77 4846.75 4831.09 4825.34 4825.87 4826.06 4820.93 4818.05 4817.55 4819.17 4820.59 4824.31 4828.01 4833 4837.76 4843.37 4848.48 4850.03 4849.09 4848.11 4847.3 4839.32 4834.97 4830.03 4823.21 4814.24 4807.68 4813.51 4816.08 4816.19 4817.44 4820.62 4822.31 4822.63 4822.29 4821.86 4821.35 4821.71 4824.45 4829.31 4834.21 4838.13 4841.96 4846.22 4851.28 4857.32 4864.25 4871.55 4878.01 4884.36 4892.59 4899.45 4903.74 4903.4 4898.96 4895.79 4893.32 4893.07
4689.03 4716.12 4751.15 4808.82 4887.47 4915.17 4904.72 4892.14 4878.15 4864.43 4851.41 4839.17 4831.06 4827.63 4823.11 4817.91 4816.47 4816.31 4818 4820.1 4823.16 4826.91 4831.27 4836.15 4841.04 4844.76 4846.89 4846.67 4845.17 4842.29 4838.35 4836.3 4832.79 4827.19 4818.66 4814.33 4819.05 4822.59 4823.77 4823.92 4824.25 4823.74 4823.34 4822.99 4822.36 4821.82 4821.8 4825.79 4832.74 4838.53 4843.88 4846.76 4850.55 4854.95 4859.75 4864.84 4870.87 4876 4878.96 4890 4905.64 4910.01 4902.67 4893.56 4883.91 4874.87 4865.54
4781.45 4799.94 4841.1 4873.29 4915.76 4921.29 4905.68 4890.06 4875.38 4862.67 4852.78 4844.74 4835.27 4828.03 4820.75 4815.66 4815.3 4815.85 4817.39 4818.74 4820.58 4823.37 4827.32 4831.88 4837.53 4842.57 4844.05 4843.66 4842.66 4842.38 4841.73 4839.71 4838.38 4837.09 4832.29 4828.85 4831.37 4832.27 4833.44 4831.35 4828.09 4825.76 4824.17 4823.36 4823.22 4823.43 4824.47 4829.93 4838.21 4844.56 4844.88 4849.83 4854.59 4858.79 4862.36 4865.36 4868.46 4877.51 4887.02 4896.75 4912.55 4916.4 4901.19 4889.35 4877.56 4866.22 4857.64
4832.25 4837.94 4865.31 4875.66 4886.14 4891.19 4886.41 4876.02 4863.78 4853.46 4845.07 4838.55 4832.41 4825.78 4820.51 4816.19 4815.41 4815.68 4815.84 4816.26 4817.53 4819.84 4823.07 4826.22 4831.18 4839.85 4838.89 4839.36 4840.21 4840.01 4841.36 4841.1 4842.76 4847.23 4861.83 4856.69 4844.47 4840.35 4838.24 4834.25 4831.64 4825.73 4824.23 4824.47 4825.16 4826.64 4828.95 4835.47 4844.18 4850.04 4849.27 4855.52 4860.64 4864.4 4867.11 4869.24 4872.91 4882.01 4893.99 4900.96 4903.82 4900.78 4895 4885.78 4875.91 4865.24 4863.41
4821.87 4826.18 4833.76 4841.12 4837.56 4854.04 4859.41 4855.25 4847.19 4838.64 4830.81 4825.4 4823.81 4821.18 4817.79 4818 4818.4 4815.95 4814.36 4814.29 4815.21 4816.19 4816.77 4817.58 4818.89 4823.04 4827.08 4832.14 4839.07 4839.28 4836.76 4840.44 4843.72 4845.98 4844.59 4850.03 4848.21 4844.4 4837.34 4826.18 4819.72 4822.39 4824.64 4826.7 4829.33 4831.85 4834.53 4841.98 4850.65 4859.94 4863.15 4864.85 4868.99 4872.38 4874.15 4875.17 4878.09 4886.19 4894.61 4897.98 4895.78 4888.53 4890.8 4886.21 4877.87 4869 4864.74
4791.54 4799.62 4805.28 4815.01 4822.17 4829.5 4834.24 4833.83 4828.03 4820.25 4813.42 4811.11 4813.87 4816.85 4817.73 4822.01 4819.93 4812.64 4811.5 4811.62 4811.8 4811.39 4810.42 4808.35 4805.07 4804.09 4812.87 4821.31 4828.4 4833.81 4835.57 4840.98 4845.07 4844.84 4840.16 4844.42 4848.04 4847.27 4842.12 4824.66 4817 4821.12 4825.96 4830.34 4834.79 4839.45 4844.03 4850.37 4856.41 4858.81 4866.75 4874.47 4878.9 4881.87 4883.87 4883.97 4884.29 4890.49 4894.99 4897.46 4897.77 4899.31 4894.48 4889.04 4883.82 4879.12 4874.5
4770.21 4777.13 4785.1 4796.08 4806.45 4810.99 4813.56 4812.79 4809.58 4802.74 4795.6 4795.95 4802.58 4811.84 4818.34 4806.25 4798.64 4804.33 4807.53 4808.21 4807.95 4806.95 4805.31 4802.4 4797.69 4794.99 4801.45 4809.28 4822.92 4828.93 4836.04 4844.52 4849.4 4850.93 4848.36 4849.65 4849.53 4847.69 4841.84 4826.93 4821.09 4823.8 4829.6 4835.33 4841.71 4848.22 4855.2 4860.65 4866.75 4873.45 4882.03 4886.54 4890.61 4893.74 4896.5 4899.7 4900.42 4898.19 4896.79 4898.32 4899.66 4902.38 4897.26 4892.03 4891.1 4892.93 4896.99
4758.97 4762.24 4768.93 4779.6 4788.65 4794.47 4796.72 4796.14 4794 4787.86 4781.07 4783.03 4790.23 4796.78 4800.69 4797.46 4791.39 4803.72 4805.75 4805.36 4804.38 4803.07 4801.75 4800.14 4798.58 4795.74 4793.4 4793.53 4798.46 4817.14 4837.65 4848.35 4853.27 4859.25 4864.38 4856.58 4850.56 4844.31 4837.17 4831.04 4825.88 4827.19 4832.98 4840.86 4849.59 4857.81 4864.42 4872.09 4879.38 4888.02 4894.88 4899.48 4903.59 4906.83 4908.79 4910 4910.18 4907.23 4903.77 4900.09 4897.29 4896.49 4892.59 4891.81 4895.34 4903.39 4913.56
4755.12 4756.4 4761.89 4770.72 4778.11 4782.34 4784.15 4783.65 4781.28 4777.53 4773.22 4775.2 4780.46 4784.98 4791.58 4804.21 4821.23 4810.52 4804.81 4802.13 4800.23 4799.06 4798.34 4798.27 4800.08 4795.86 4787.21 4780.39 4780.45 4803.43 4829.14 4843.63 4850.5 4858.4 4863.45 4856.8 4849.47 4840.47 4831.36 4824.98 4825.26 4829.43 4837.2 4847.57 4858.87 4870.32 4879.26 4885.32 4890.84 4896.45 4904.87 4912.29 4917.26 4920.09 4920.25 4916.95 4915.14 4913.27 4908.71 4901.5 4893.8 4883.19 4883.06 4889.38 4895.51 4904.84 4916.82
4754.33 4755.61 4759.81 4766.62 4771.97 4774.89 4776.23 4775.53 4774.08 4772.57 4772.07 4771.9 4774.39 4778.14 4785.5 4796.86 4807.86 4803.07 4799.24 4797.28 4795.81 4794.9 4794.34 4794.31 4794.49 4790.79 4783.5 4776.1 4775.49 4794.9 4815.95 4831.15 4840.28 4847.91 4851.64 4850.11 4845.73 4842.79 4831.38 4821.79 4822.53 4829.66 4840.26 4853.55 4867.91 4881.28 4891.52 4898.91 4903.52 4905.93 4918.53 4926.61 4931.9 4934.5 4934.19 4929.98 4924.23 4916.6 4909.68 4903.19 4896.05 4887.77 4886.86 4890.26 4892.48 4898.19 4908.4
4754.39 4756.25 4759.75 4763.19 4767.6 4770.19 4770.87 4770.24 4768.98 4768.34 4768.68 4768.24 4769.56 4772.85 4777.87 4783.03 4782.31 4788.44 4791.08 4791.41 4790.95 4790.46 4789.99 4789.57 4788.61 4787.12 4783.59 4779.65 4781.4 4792.26 4804.67 4815.49 4826.75 4837.09 4842.05 4841.44 4838.27 4831.94 4822.17 4813.74 4819.36 4829.02 4841.85 4858.01 4876.07 4893.72 4904.64 4912.48 4920.15 4925.2 4933.41 4942.46 4947.65 4948.37 4947.74 4947.75 4933.73 4921.39 4911.95 4905.78 4902.62 4904.54 4905.47 4893.8 4887.95 4885.49 4891.52
4755.73 4757.75 4762.14 4765.57 4767.22 4767.69 4766.99 4765.98 4764.56 4763.34 4762.66 4763.33 4764.45 4766.66 4770.87 4775 4778.37 4782.25 4784.86 4786.4 4786.79 4786.81 4786.42 4786.12 4786.43 4787.67 4788.16 4787.03 4789.22 4795.27 4799.29 4803.4 4814.61 4825.66 4831.57 4833.16 4831.46 4824.76 4816.57 4811.48 4818.26 4829.08 4842.1 4858.46 4878.88 4903.48 4912.02 4920.93 4936.7 4952.57 4951.44 4962.26 4964.73 4960.48 4953.06 4943.03 4931.35 4919.92 4911.05 4906.4 4905.38 4905.77 4901.59 4892.78 4882.29 4872.94 4869.42
4756.86 4759.23 4763.91 4771.18 4767.47 4765.58 4764.25 4762.79 4761.06 4759.33 4758.57 4759.59 4760.31 4761.24 4765.82 4770.46 4775.02 4778.29 4780.34 4782.12 4783.1 4783.68 4783.94 4784.34 4785.67 4791.94 4797.68 4801.66 4804.15 4805.35 4804.92 4804.37 4808.72 4810.37 4819.98 4827.52 4829.87 4826.96 4818.18 4815.02 4819.83 4829.44 4841.07 4854.24 4869.98 4890.83 4901.73 4916.02 4940.18 4973.74 4987.98 4989.31 4981.79 4971.21 4957.1 4939.42 4923.68 4906.35 4904.5 4904.93 4905.25 4904.6 4902.58 4890.78 4879.57 4869.52 4865.61
4755.89 4757.7 4760.02 4762.52 4763.18 4762.77 4761.71 4760.55 4759.04 4757.33 4756.92 4758.22 4758.97 4759.88 4763.78 4767.74 4771.14 4774.09 4776.84 4778.94 4780.42 4781.66 4782.84 4784.81 4789.42 4798.61 4809.29 4820.62 4822.02 4819.54 4817.73 4815.46 4815.4 4812.33 4819.67 4827.76 4832.19 4832.77 4817.92 4815.39 4823.52 4831.08 4839.44 4847.37 4854.23 4861.69 4880.55 4897.97 4917.45 4950.36 4999.83 5004.76 4991.71 4979.23 4965.29 4947.33 4925.27 4907.14 4903.44 4904.94 4906.35 4904.99 4894.4 4891.9 4881.06 4872.41 4875.8
4753.06 4753.87 4755.14 4756.52 4758.72 4759.75 4759.62 4759.01 4758.15 4757.57 4757.97 4759.52 4760.91 4761.91 4764.51 4767.02 4769.66 4772.15 4774.72 4777.18 4779.24 4781.27 4783.34 4786.49 4793.49 4805.6 4818.9 4828.9 4832.54 4832.55 4833.4 4836.15 4832.27 4825.83 4829.01 4834.09 4835.93 4834.09 4832.73 4829.58 4831.73 4835.6 4839.96 4843.3 4845.13 4849.01 4864.47 4879.07 4892.94 4924.46 4975.07 4991.83 4988.06 4982.44 4972.22 4954.22 4931.48 4913.24 4907.59 4907.96 4910.13 4912.28 4915.07 4901.57 4884.97 4874.69 4883.77
4751.42 4752.51 4753.01 4753.91 4756.03 4757.51 4758.11 4758.22 4758.16 4758.26 4759.78 4762.26 4765.28 4766.9 4766.73 4767.48 4769.21 4771.21 4773.67 4776.38 4778.91 4782.08 4785.37 4789.34 4798.1 4812.54 4826.84 4836.6 4840.52 4841.54 4843.87 4848.71 4846.99 4841.29 4840.06 4844.36 4848.29 4848.65 4851.49 4845.47 4841.77 4841.97 4843.31 4844.75 4845.51 4849.41 4858.19 4868.1 4880.26 4905.18 4938.25 4960.29 4973.52 4981.27 4984.16 4967.33 4937.47 4916.96 4912.07 4912.11 4914.26 4917.22 4920.76 4906.47 4887.08 4874.48 4881.81
4750.72 4752.8 4753.46 4754.15 4755.31 4756.35 4757.18 4757.92 4758.73 4759.83 4761.72 4764.6 4768.12 4769.36 4768.35 4767.99 4768.75 4771.01 4772.83 4775.89 4779.48 4784.09 4789.23 4795.55 4806.12 4819.93 4833.38 4842.71 4845.97 4846.2 4846.2 4847.56 4846.37 4846.27 4843.67 4851.93 4866.72 4867.25 4858.87 4851.57 4847.93 4847.69 4849.26 4851.01 4851.69 4853.63 4859.35 4864.89 4872.17 4890.56 4911.23 4932.18 4957.74 4975.17 4985.27 4971.83 4942.08 4922.26 4917.69 4916.45 4916.53 4916.42 4912.31 4901.45 4886.87 4875.74 4880.26
