real_craters/C102-1000m.grd
DSAA
39 39
-19.12 19.12
-19.12 19.12
5099.6196778228 6147.260084477
5929.98 5931.05 5945.82 5952.36 5957.25 5956 5944.87 5958.09 5976.34 5975.59 5964.93 5968.96 5969.93 5973.78 5978.31 5993.31 5986.2 5993.33 6000.57 5984.38 5970.18 5968.99 5965.28 5956.95 5957.31 5966.64 5967.39 5972.13 5973.2 5979.36 5995.69 6001.98 5998.7 6001.24 6009.47 6014.93 6016.79 6013.23 6015.8 
5929.45 5927.17 5935.81 5948.93 5958.69 5959.79 5960.27 5969.47 5973.16 5989.5 6002.05 6011.78 6027.09 6022.01 6004.62 5999.54 5997.11 5994.86 5985.23 5980.58 5980.97 5978.97 5967.03 5960.62 5964.02 5955.89 5964.6 5971.06 5973.73 5979.26 5991.76 5991.84 5990.21 6002.68 6008.53 6022.71 6017.94 6014.21 6016.62 
5923.43 5921.03 5929.3 5944.95 5962.37 5969.13 5971.27 5982.54 5965.86 6024.3 6029.2 6035.11 6047.13 6049.03 6032.45 6043.23 6017.85 5996.02 5978.31 5973.94 5977.1 5970.62 5965.21 5972.98 5980.01 5971.62 5973.42 5973.59 5979.24 5987.75 5983.59 5989.61 5995.91 6006.5 6005.9 5998.57 6007.31 6009.84 6007.71 
5925.98 5925.9 5928.97 5942.52 5958.11 5974.58 5972.93 5972.5 6037.54 6094.78 6115.63 6076.23 6049.87 6041.83 6032.96 6014.32 6016.68 5992.24 5969.87 5961.69 5969 5974.27 5966.07 5996.72 6011.88 6001.53 5987.27 5983.13 5984.11 5980.34 5994.63 5999.98 5996 5992.23 5990.14 5985.32 5992.49 6000.87 6004.38 
5923.24 5947.03 5939.48 5943.04 5948.52 5956.33 5976.59 5988.64 6055.78 6142.36 6088.24 6062.86 6061.3 6029.77 6035.3 6032.33 6004.44 5989.51 5965.31 5961.63 5980.11 5977.43 5986.45 6001.5 6005.66 5998.48 5984.92 6014.7 6001.01 5995.01 5999.47 6001.22 6001.65 5994.17 5986.07 5986.52 5988.94 5988.33 5995.76 
5925.27 5940.31 5942.14 5946.64 5951.6 5958.19 5971.5 6002.38 6080.72 6085.33 6072.71 6040.24 5991.47 6049.04 6045.81 6057.32 6013.22 5985.54 5979.32 5986.61 5995.46 6011.1 6008.53 6008.18 6014.91 5985.2 5985.28 6028.52 6010.5 5993.14 5994.38 6001.38 6011.49 5995.15 5994.76 5976.76 5980.5 5981.8 5978.14 
5923.48 5944.96 5948.93 5952.2 5956.58 5964.07 5973.73 6014.01 6071.46 6085.03 6043.44 6036.92 6041.11 6021.36 6035.33 6040.01 6011.57 5987.85 5990.37 6000.61 5994.38 5982.48 5986 6001.57 6008.44 5983.2 5970.6 5978.41 6001.49 6010.19 6004.33 6001.71 6009.46 6012.79 5983.96 6006.14 6013.42 5980.63 5978.53 
5927.67 5932.62 5950.42 5956.58 5959.42 5962.79 5969.46 5995.42 6054.21 6085.19 6012.99 6021.35 6082.26 6039.71 6034.36 6033.79 6015.16 5986.43 5991.11 5996.64 5986.72 5971.24 5973.61 5968.38 5968.26 5971.53 5960.4 5966.95 5993.25 6020.65 6010.82 5985.49 5996.64 6011.92 5988.64 5985.87 5983.98 5979.79 5974.35 
5920.31 5926.45 5946.41 5960.01 5970.26 5974.92 5972.04 5983.97 6018.82 6041.71 6016.97 6035.31 6028.84 6047.17 6037.66 6025.28 6010.18 5995.16 5984.43 5981.92 5979.44 5966.09 5954.7 5953.16 5958.31 5952.91 5955.03 5961.41 5989.58 6013.89 6021.33 5985.09 5983.69 5981.44 5984.63 5977.09 5982.19 5987.68 5991.99 
5921.65 5941.47 5957.38 5961.01 5967.94 5974.57 5979.1 5989.8 6003.16 6010.48 6043.36 6031.96 6037.02 6036.22 6030.97 6013.14 5991.53 5973.12 5970.93 5972.72 5961.95 5942.67 5932.94 5949.61 5951.21 5963.58 5972.82 5965.96 5988.92 6015.12 6015.28 5994.61 5976.33 5980.28 5993.48 5978.16 5966.72 5975.88 5978.47 
5929.95 5940.48 5949.28 5949.96 5959.53 5960.71 5962.94 5977.83 5998.32 6013.56 6037.72 6032.75 6027.9 6023.04 6013.47 6004.44 6008.28 5981.25 5965.67 5952.27 5939.77 5935.2 5927.57 5942.4 5943.47 5962.06 5967.59 5956.48 5976.32 5996.59 5981.69 5981.76 5979.23 5960.6 5969.42 5976.97 5972.6 5971.25 5943.24 
5926.43 5926.31 5933.29 5932.49 5929.07 5948.64 5960.39 5976.35 5992.89 6008.83 5997.7 6011.87 6006.64 5996.82 5993.34 5990.4 5983.12 5978.09 5970.65 5966.84 5972.93 5970.83 5950.21 5943.88 5936.41 5938.63 5931.9 5945.25 5960.52 5969.02 5971.39 5998.77 6001.91 5991.25 5959.64 5963.38 5974.98 5985.66 5960.52 
5920.75 5931.29 5931.18 5935.46 5929.21 5950.95 5964.16 5968.62 5981.1 5983.75 5961.76 5987.26 5986.18 5975.81 5956.07 5974.91 5993.02 6005.47 6000.45 5977.86 6030.15 5985.24 6006.55 6002.37 5937.03 5932.21 5932.4 5943.23 5948.81 5956.93 5970.06 5990.31 5999.07 5984.88 5961.22 5954.6 5946.25 5965.58 5958.14 
5932.42 5927.68 5934.89 5953.99 5979.04 5960.79 5955.33 5961.42 5965.16 5958.08 5941.53 5953.81 5963.8 5977.01 5983.18 5965.23 5929.03 5927.37 5922.84 5866.29 5927.43 5869.77 5832.77 5888.95 5971.04 5953.61 5948.95 5933.75 5935.49 5945.04 5963.96 5983.39 6004.37 5990.82 5963.68 5949.6 5927.56 5936.61 5940.59 
5934.66 5923.04 5931.64 5944.58 5951.67 5940.27 5935.2 5946.97 5954.94 5954.54 5952 5946.51 5953.73 5969.97 5989.25 5890.54 5810.79 5781.41 5651.02 5593.36 5626.34 5667.09 5757.79 5925.95 6012.04 5978.76 5927.71 5913.35 5916.45 5925.54 5932.46 5961.21 5991.69 5986.59 5954.15 5933.17 5932.71 5946.88 5939.48 
5929.12 5931.46 5925.49 5914.55 5914.23 5924.27 5929.05 5941.83 5951.95 5952.92 5948.18 5953.05 5957.77 5935.13 5868.27 5747.19 5579 5415.13 5278.07 5287.13 5224.87 5421.3 5600.6 5891.37 5995.71 6004.85 5950.84 5911.04 5917.38 5923.81 5930.87 5942.61 5960.68 5971.68 5969.13 5942.15 5947.34 5949.67 5942.24 
5936.37 5937.74 5913.77 5911.99 5914.79 5928.13 5938.32 5942.33 5950.33 5950.5 5940.28 5963.81 5979.47 5897.27 5777.01 5590.79 5388.14 5210.91 5206.21 5212.64 5215.96 5290.91 5412.47 5619.81 5967.68 6035.32 5973.06 5928.96 5923.67 5929.16 5934.92 5943.65 5957.77 5962.3 5952.5 5953.85 5942.86 5937.58 5950.1 
5900.13 5941.62 5933.09 5918.53 5924.6 5929.65 5933.3 5935.26 5941.24 5945.46 5956.31 5990.52 6011.06 5854.21 5555.87 5316.94 5266.91 5284.68 5213.07 5215.91 5204.06 5228.18 5272.81 5460.33 5740.88 5980.62 5986.9 5944.89 5941.84 5937.48 5942.6 5954.22 5967.69 5964.79 5963.71 5947.41 5931.58 5937.02 5942.77 
5902.84 5920.85 5926.47 5923.67 5915.61 5911.16 5918.52 5921.75 5924.72 5939.13 5960.14 5995.95 6098.57 5880.21 5513.73 5237.59 5202.46 5198.65 5216.15 5189.9 5183.89 5199.05 5199.21 5229.97 5610.6 6017.16 6020.24 5959.01 5934.31 5936.83 5960.72 5958.53 5961.16 5965.63 5962.82 5924.06 5940.04 5934.13 5939.69 
5892.41 5908.18 5893.02 5912.11 5915.22 5915.98 5916.44 5913.27 5908.51 5928.48 5963.84 5986.04 6130.42 5952.05 5563.92 5241.6 5179.64 5195.22 5180.67 5099.62 5157.07 5188.9 5194.52 5262.56 5606.54 6022.71 6037.74 5962.08 5935.21 5931.15 5936.07 5938.2 5948.2 5959.02 5962.81 5969.74 5946.85 5958.87 5956.48 
5893.22 5892.31 5891.6 5948.24 5925.33 5926 5930.27 5925.31 5923.16 5931.69 5955.94 5985.01 6093.07 6020.39 5627.94 5286.74 5182.99 5180.85 5172.47 5180.23 5197.76 5196.96 5207.17 5327.71 5588.71 6036.96 6038.07 5968.22 5937.58 5920.49 5931.46 5941.06 5941.78 5956.17 5969.59 5985.25 5951.09 5940.29 5947.77 
5898.17 5902.71 5889.75 5882.78 5926.34 5930.75 5938.21 5937.34 5942.61 5932.55 5924.26 5941.43 6009.63 6026.58 5674.05 5297.56 5202.91 5187.17 5179.97 5210.16 5219.65 5215.25 5257.57 5417.55 5681.07 6027.98 6011.74 5960.32 5935.03 5928.68 5936.72 5942.41 5947.28 5957.44 5968.5 5971.19 5942.04 5937.68 5940.52 
5896.18 5893.35 5893.99 5903.05 5930.26 5956.17 5941.84 5935.75 5935.48 5926.92 5917.66 5921.33 5973.03 5998.31 5744.37 5440.86 5319.58 5240.35 5184.6 5208.1 5278.12 5317.96 5445.04 5611.88 5954.14 6084.31 5976.62 5939.73 5920.97 5931.78 5941.81 5949.73 5946.9 5948.75 5949.52 5948.84 5939.61 5943.63 5955.33 
5887.19 5894.25 5895 5903.6 5935.79 5923.98 5925.7 5922.66 5920.86 5925.39 5919.47 5927.29 5947.15 5969.1 5837.69 5700.35 5555.09 5405.09 5314.19 5427.89 5469.36 5522.4 5669.87 5896.16 6147.26 5989.62 5942.83 5915.47 5913.99 5925.26 5936.37 5946.9 5942.68 5934.58 5931.64 5927.12 5927.39 5942.06 5956.43 
5887.02 5905.61 5910.66 5895.43 5888.22 5906.26 5909.19 5906.98 5910.71 5927.09 5933.02 5910.27 5921.79 5936.99 5903.89 5857.55 5780.71 5661.72 5549.2 5680.71 5728.75 5810.74 5909.84 6006.84 6045.18 5969.33 5925.3 5901.95 5912.12 5923.77 5930.41 5932.35 5934.37 5934.86 5924.66 5921.35 5927.88 5930.32 5936.96 
5888.48 5879.72 5892.99 5908.77 5910.76 5908.55 5899.41 5896.21 5907.6 5927.36 5939.7 5938.99 5914.92 5911.22 5929.83 5990.32 6008.88 5883.65 5858.83 5817.4 5916.19 6045.63 6045.21 6003.48 5976.75 5926.18 5903.88 5905.37 5913.26 5924.1 5929.79 5939.13 5947.2 5943.64 5927.37 5916.98 5912.38 5911.22 5906.58 
5883.63 5875.7 5909.12 5944.74 5916.09 5906.19 5890.57 5874.94 5889.89 5924.16 5939.1 5935.65 5916.84 5894.64 5914.06 5941.42 5941.49 5964.26 5992.63 6008.5 5985.17 5989.38 5987.62 5968.26 5935.76 5910.13 5899.22 5903.77 5916.76 5919.36 5927 5935.23 5936.79 5935.09 5926.57 5928.63 5915.14 5907.11 5898.56 
5883.14 5884.44 5915.71 5921.43 5926.48 5915.32 5891.53 5875.45 5885.29 5913.35 5926.56 5921.24 5920.19 5900.81 5902.51 5916.95 5926.38 5935.94 5923.92 5920.93 5933.67 5941.84 5939.79 5938.77 5921.91 5907.27 5914.27 5922.29 5933.65 5921.24 5922.17 5929.57 5942.02 5935.81 5921.8 5926.25 5946.32 5926.14 5917.97 
5875.45 5880.93 5882.49 5884.32 5872.71 5924.97 5893.2 5860.69 5873.39 5898.93 5909.3 5913.62 5915.75 5902.53 5893.48 5902.88 5915.97 5915.45 5897.37 5892.66 5906.36 5912.29 5941.59 5931.16 5916.01 5906.32 5915.68 5922.4 5922.22 5926.94 5930.06 5936.23 5942.71 5934.03 5920.51 5923.24 5938.12 5930.55 5919.09 
5872.73 5870.28 5872.42 5864.6 5942.29 5932.95 5894.36 5860.62 5869.9 5892.3 5897.22 5898.5 5901.93 5897.32 5888.48 5892.39 5892.73 5899.5 5890.58 5887.02 5905.87 5915.77 5917.24 5919.31 5916.68 5914.85 5916.8 5926.2 5925.39 5923 5935.4 5941.51 5945.34 5929.92 5915.08 5895.29 5894.49 5920.6 5914.51 
5873.85 5861.48 5852.71 5866.23 5898.01 5903.28 5891.67 5878.75 5876.15 5877.27 5886.16 5892.43 5897.05 5891.75 5881.45 5885.27 5887.33 5888.32 5882.36 5889.67 5901.05 5899.13 5911.1 5907.27 5907.77 5904.19 5919.01 5924.61 5918.2 5911.26 5920.3 5929.94 5940.72 5917.73 5897.31 5909.98 5898.93 5901.61 5904.19 
5859.01 5860.11 5862.08 5859.6 5868.85 5873.25 5893.7 5895.6 5888.25 5878 5885.8 5891.12 5888.09 5876.14 5884.65 5885.68 5880.02 5878.49 5876.91 5876.34 5886.08 5891.4 5895.32 5897.97 5907.92 5912.93 5918.66 5912.92 5888.61 5897.74 5914 5909.16 5895.49 5894.93 5905.39 5907.99 5901.31 5900.95 5900.99 
5860.82 5860.44 5852.53 5867.37 5878.71 5884.74 5901.59 5914.91 5903.27 5901.45 5894.93 5896.12 5897.56 5884.46 5896.06 5893.06 5888.06 5879.75 5884.62 5882.05 5892.58 5894.41 5889.21 5896.22 5909.75 5922.12 5921.87 5911.95 5900.76 5899.81 5904.06 5902.98 5892.81 5906.87 5913.1 5907.87 5902.45 5907.3 5901.51 
5842.33 5852.41 5847.59 5857.21 5868.63 5887.41 5865.62 5864.54 5879.43 5886.23 5886.31 5891.32 5902.68 5892.76 5901.22 5895.93 5894 5884.21 5890.19 5903.94 5898.65 5909.63 5900 5895.5 5910.52 5936.24 5934.4 5913.25 5894.73 5916.07 5927.71 5908.16 5907.84 5925.49 5936 5920.81 5906.46 5909.99 5899.25 
5860.45 5850.91 5849.02 5854.79 5857.67 5878.1 5869.59 5857.4 5851.23 5854.86 5868.02 5874.61 5877.68 5874.97 5873.25 5879.09 5890.21 5891.67 5896.75 5913.28 5920.23 5935.77 5926.41 5919.87 5906 5883.62 5894.66 5896.3 5906.5 5901.7 5900.29 5904.22 5915.92 5917.12 5906.1 5905.11 5900.06 5904.59 5912.47 
5856.04 5857 5849.74 5857.51 5848.1 5908.33 5881.65 5859.63 5848.27 5843.08 5848.52 5853.17 5851.5 5846.01 5845.36 5864.24 5879.21 5899.63 5887.35 5893.04 5920.89 5908.51 5927.81 5914.49 5902.96 5888.99 5893.92 5887.94 5905.55 5913.39 5893.06 5899.62 5912.12 5924.17 5904.17 5895.78 5894.46 5893.86 5892.15 
5852.98 5844.61 5848.59 5863.99 5850.49 5852.97 5869.97 5854.38 5837 5833.23 5833.62 5835.63 5836.16 5838.62 5841.21 5855.77 5863.97 5873.88 5874.43 5890.32 5887.98 5899.5 5915.37 5915.48 5901.82 5892.97 5885.55 5877.75 5888.12 5884.12 5895.64 5898.48 5903.67 5909.39 5913.46 5897.4 5892.13 5888.06 5887.36 
5855.2 5871.35 5843.31 5832.14 5846.81 5853.42 5842.33 5836.59 5826.53 5826.23 5830.59 5832.58 5833.7 5836.45 5845.69 5860.73 5853.46 5865.53 5885 5914.16 5888.81 5879.77 5902.17 5906.27 5892.84 5877.19 5885.56 5879.25 5874.8 5888.1 5891.25 5895.61 5897.66 5896.15 5898.94 5894.06 5888.75 5888.61 5884.01 
5847.4 5831.28 5835.99 5835.69 5852.16 5841.66 5832.14 5828.78 5827.02 5828.09 5831.85 5833.57 5835.9 5837.44 5844.92 5857.32 5851.86 5864.01 5897.02 5923.59 5892.58 5892.24 5907.64 5889.93 5879.35 5880.19 5880.77 5882.94 5877.71 5869.72 5886.1 5895.03 5892 5891.59 5890.23 5888.54 5883.98 5874.73 5879.9 
