real_craters/C102-300m.grd
DSAA
224 224
-33.46 33.46
-33.46 33.46
3689.1176123387 5522.8139332124
[rows 90 to 119 of 224, columns 134 to 200 of 224]
5373.19 5316.49 5265.89 5229.05 5189.44 5163.37 5145.03 5140.76 5144.86 5101.44 5056.45 5021.11 4994.06 4967.12 4945.69 4915.56 4897.15 4882.58 4877.82 4865.92 4860.41 4878.99 4908.87 4939.54 4968.62 4983.28 4992.42 4991.7 4985.52 4977.87 4969.82 4965.75 4964.7 4965.4 4966.91 4968.81 4969.95 4967.66 4960.88 4954.12 4943.86 4930.28 4913.72 4894.06 4892.95 4888.9 4881.75 4874.88 4872.66 4876.26 4880.59 4894.13 4911.09 4930.21 4948.01 4959.5 4962.44 4962.01 4960.14 4957.23 4953.82 4950.04 4946.03 4941.7 4936.76 4931.57 4925.84
5315.02 5279.1 5240.08 5196.55 5180.79 5159.96 5144.69 5138.88 5128.45 5105.94 5067.07 5033.32 5007.75 4979.45 4956.27 4927.1 4908.61 4892.17 4883.63 4869.9 4862.11 4878.34 4909.67 4940.53 4969.24 4985.18 4993.67 4990.4 4979.42 4963.35 4950.06 4953.47 4957.16 4960.44 4963.74 4965.9 4966.94 4966.81 4962.04 4955.12 4944.17 4934.33 4926.67 4920.18 4914.05 4901.36 4890.32 4882.28 4878.83 4880.27 4884.43 4896.85 4914.94 4934.93 4952.85 4965.05 4967.56 4966.47 4964.14 4961.09 4957.91 4953.83 4949.81 4945.32 4940.44 4935.64 4930.18
5225.45 5209.72 5187.42 5159.78 5156.64 5140.17 5125.47 5114.23 5107 5087.55 5063.33 5040.68 5022.1 5002.31 4973.67 4941.92 4924.64 4906.39 4891.48 4880.67 4873.06 4886.9 4916.49 4946.37 4976.61 4999.87 5002.59 4994.18 4979.36 4959.14 4941.75 4947.15 4952.35 4957.01 4960.6 4963.52 4964.32 4959.54 4958.23 4951.8 4941.17 4934.51 4934.4 4948.31 4932.15 4909.43 4897.2 4889.85 4886.16 4887.16 4892.68 4904.72 4920.95 4939.36 4955.96 4968.12 4970.41 4969.01 4966.42 4963.29 4959.88 4956.36 4952.86 4949.29 4944.95 4940.7 4935.96
5114.07 5118.15 5113.5 5105.03 5114.23 5107.74 5096.5 5078.91 5049.37 5051.35 5055.98 5049.94 5039.21 5022.4 4997.67 4961.53 4943 4923.17 4906.16 4895.76 4893.41 4905.17 4926.85 4954.49 4984.4 5002.06 5008.6 5002.01 4985.59 4966.16 4951.14 4948.83 4950.94 4954.38 4958.22 4961.69 4965.09 4967.46 4960.47 4942.16 4932.6 4926.97 4923.94 4918.59 4910.58 4904.17 4898.87 4896.65 4896.6 4897.51 4903.4 4914.56 4928.02 4942.26 4956.68 4967.75 4970.52 4969.35 4966.75 4963.76 4960.8 4957.56 4954.87 4951.61 4947.94 4944.73 4941.5
4976.73 5006.78 5023.78 5036.25 5062.58 5071.21 5071.01 5059.99 5036.88 5045.22 5066.39 5070.78 5066.36 5049.1 5024.33 4986.11 4962.59 4941.87 4922.71 4908.31 4907.29 4917.46 4933.45 4960.38 4993.25 5018.04 5026.51 5013.57 4994.56 4975.01 4959.61 4952.05 4950.38 4952.02 4955.26 4959.63 4963.6 4968.04 4956.34 4930.27 4921.85 4915.02 4907.99 4899.51 4894.03 4894.04 4896.16 4901.27 4909.18 4909.74 4911.73 4921.47 4932.7 4943.1 4954.67 4964.28 4967.77 4967.19 4965.42 4963.01 4960.31 4957.46 4955.04 4952.29 4949.24 4947.19 4945.73
4833.67 4888.24 4927.73 4961.32 5007.54 5035.81 5055.94 5066.19 5061.95 5076.32 5107.55 5109.75 5102.28 5082.86 5054.29 5014.16 4986.9 4963.03 4939.74 4916.51 4908.93 4912.24 4932.87 4961.65 4998.36 5026.51 5037.96 5022.33 5001.75 4980.16 4962.29 4951.1 4949.1 4949.75 4952.04 4954.55 4955.73 4951.76 4935.01 4924.25 4914 4904.71 4895.31 4885.94 4880.77 4883.53 4890.18 4899.6 4910.82 4916.07 4916.41 4922.06 4931.14 4939.71 4949.52 4958.45 4962.67 4963 4962.37 4960.94 4959 4956.74 4954.97 4952.78 4950.69 4949.47 4950.74
4701.37 4769.18 4827.31 4881.38 4949.38 5001.24 5048.79 5091.26 5128.78 5164.63 5179.17 5168.42 5145.75 5120.04 5086.83 5043.29 5011.63 4983.95 4955.01 4922.14 4908.89 4906.17 4928.31 4959.52 4995.15 5024.5 5035.67 5025.55 5005.19 4981.84 4958.14 4947.16 4946.87 4947.45 4948.92 4949.89 4949.08 4942.62 4928.19 4917.61 4907.15 4897.37 4886.54 4875.27 4867.26 4873.48 4882.07 4892.75 4903.79 4911.83 4912.36 4916.06 4923.66 4932.61 4941.68 4949.98 4955.11 4957.19 4957.98 4957.81 4956.65 4954.97 4953.58 4951.83 4950.44 4949.77 4950.86
4578.32 4653.02 4727.05 4800.08 4890.86 4965.53 5040.21 5114.99 5192.01 5266.1 5248.26 5222.73 5190.14 5159 5120.91 5071.01 5036.04 5003.17 4970.07 4928.3 4911.12 4905.89 4923.85 4954.97 4988.29 5021.44 5036.88 5026.67 5006.89 4983.81 4961.18 4948.08 4946.19 4945.88 4946.45 4947.22 4946.82 4943.4 4933.88 4915.66 4905.2 4894.37 4881.6 4870.01 4864.7 4865.46 4873.31 4883.88 4893.98 4898.51 4901.71 4907.2 4915.48 4924.11 4932.88 4940.21 4946.17 4950.54 4952.89 4953.35 4952.59 4951.07 4949.73 4948.12 4946.94 4946.88 4948.69
4451.62 4536.13 4625.5 4717.63 4829.38 4925.64 5022.36 5117.39 5206.64 5274.19 5283.36 5262.07 5228.69 5196.72 5152.74 5099.23 5061.02 5024.07 4986.75 4937.26 4916.02 4902.11 4920.35 4951.16 4983.65 5016.59 5033.92 5024.92 5007.06 4985.86 4965.77 4952.26 4946.78 4943.77 4943.08 4944.37 4945.75 4946.99 4944.25 4928.01 4911.63 4895.94 4879.47 4864.58 4854.67 4855.44 4863.83 4875.1 4884.79 4888.08 4893.62 4898.43 4906.24 4915.6 4925.32 4933.32 4939.79 4945.62 4948.06 4948.59 4947.66 4945.11 4944.36 4942.58 4941.25 4941.49 4943.32
4316.73 4416.15 4524.02 4634.96 4746.25 4879.76 4992.68 5099.93 5196.09 5277.25 5295.69 5282.97 5255.39 5223.13 5180.02 5140.24 5085.89 5045.43 5006.56 4970.09 4927.29 4915.13 4925.55 4950.5 4979.33 5009.85 5022.86 5019.39 5003.91 4984.78 4967.74 4956.42 4944.32 4940.3 4939.11 4939.58 4941.23 4944.76 4951.26 4936.28 4920.81 4900.35 4879.72 4860.68 4845.8 4845.82 4855.96 4868.47 4882.34 4893.27 4888.58 4889.06 4896.23 4908.46 4920.99 4931.02 4938.3 4943.67 4944.76 4944.14 4942.37 4939.14 4937.91 4935.61 4933.83 4933.66 4933.72
4190.58 4302.58 4426.88 4553.63 4700.18 4828.39 4951.69 5071.37 5172.46 5256.41 5291.25 5289.94 5273.4 5242.59 5210.03 5168.85 5126.34 5067.67 4989.54 4962.77 4940.46 4929.42 4933.53 4951.48 4976.28 5004.13 5017.56 5014.15 4998.62 4979.11 4958.43 4939.44 4936.17 4935.36 4934.78 4933.81 4933.81 4933.08 4928.7 4925.99 4922.98 4902.87 4882.52 4862.11 4843.02 4842.27 4853.66 4864.05 4873.35 4880.49 4879.64 4882.01 4892.19 4906.33 4921 4933.41 4942.34 4944.59 4942.35 4939.56 4936.33 4932.8 4930.04 4926.93 4924.41 4923.63 4922.39
4080.89 4203.09 4342.4 4481.45 4620.49 4778.88 4910.16 5035.73 5142.85 5229.37 5277.46 5288.66 5280.47 5256.18 5225.36 5185.64 5143.69 5087.68 5002.75 4976.4 4952.98 4936.71 4935.4 4952.59 4974.25 4998.59 5010.47 5007.05 4990.89 4972.52 4952.4 4932.81 4932.11 4931.77 4930.35 4929.1 4927.15 4923.55 4917.56 4915.56 4914.37 4903.06 4887.76 4870.9 4854.88 4852.72 4860.64 4865.28 4865.25 4865.44 4874.17 4882.73 4895.48 4910.2 4925.05 4937.25 4946.02 4944.93 4940.11 4935.52 4931.02 4926.57 4922.57 4918.63 4915.29 4913.33 4911.36
4000.34 4127.07 4274.31 4420.47 4566.42 4729.95 4869 5000.92 5113.73 5207.3 5265.31 5286.3 5284.48 5263.21 5235.42 5197.37 5154.76 5105.1 5064.23 4991.15 4967.91 4948.4 4942.34 4957.33 4974.18 4992.54 4998.13 4993.8 4980.67 4966.1 4952.55 4942.79 4936.52 4930.97 4927.13 4924.19 4921.36 4917.47 4912.67 4908.5 4909.57 4905.16 4895.74 4885.98 4879.86 4879.04 4878.13 4877.32 4872.99 4872.61 4883.66 4894.96 4907.43 4920.43 4932.95 4940.91 4945.32 4942.05 4936.41 4930.89 4925.48 4920.33 4915.42 4910.73 4906.56 4903.67 4901.42
3962.48 4084.84 4227.82 4374.4 4521.29 4687.01 4831.47 4967.84 5089.11 5190.92 5257.49 5286.4 5287.59 5271.81 5241.34 5206.43 5165.49 5120.04 5080.85 5006.46 4987.02 4969.73 4958.9 4970.64 4978.89 4988.43 4983.7 4973.97 4969.35 4958.74 4950.26 4947.87 4937.66 4928.73 4923.67 4919.97 4917.17 4914.11 4911.34 4908.02 4913.12 4910.38 4903.91 4899.14 4900.01 4902.32 4896.76 4897.44 4900.57 4901.89 4907.87 4917.13 4929.44 4940.77 4945.31 4945.34 4941.33 4936.6 4932.17 4926.85 4921.16 4915.57 4910.07 4904.76 4899.82 4895.75 4892.62
3969.61 4076.06 4203.82 4341.3 4484.68 4649.77 4796.27 4938.37 5067.03 5182.27 5262.15 5286.89 5287.47 5273.27 5243.57 5211.19 5171.33 5136.14 5093.79 5022.01 5008.6 4999.41 4998.14 4992.43 4987.5 4982.86 4980.86 4977.02 4959.09 4948.26 4940.46 4932.16 4927.64 4924.4 4920.92 4917.57 4914.05 4911.58 4910.15 4907.53 4914.04 4914.31 4910.08 4906.58 4904.94 4903.83 4907.34 4914.87 4926.46 4928.84 4931.97 4940.14 4953.2 4962.86 4959.78 4951.94 4941.75 4934.3 4928.92 4922.99 4916.94 4910.98 4905.28 4899.69 4894.4 4889.56 4886.14
3988.77 4079.76 4188.21 4315.14 4452.25 4616.56 4763.88 4909.31 5043.47 5162.46 5245.79 5279.24 5282.85 5270.82 5240.22 5210.91 5177.36 5141.19 5101.9 5034.06 5027.05 5023.36 5023.32 5011.54 4995.09 4979.93 4968.8 4952.97 4941.95 4934.58 4929.74 4926.02 4923.6 4920.38 4917.98 4915.71 4912.54 4910.42 4908.85 4906.24 4911.75 4914.82 4912.98 4911.25 4909.09 4907.62 4916.2 4925.2 4934.21 4939.58 4946.68 4959.85 4973.62 4982.01 4972.01 4958.59 4945.85 4935.32 4926.31 4918.93 4912.32 4906.21 4900.5 4895.02 4889.91 4885.1 4882.1
3979.18 4064.71 4167.8 4289.28 4422.73 4584.83 4731.07 4875.86 5015.08 5140 5225.28 5269.32 5274.14 5262 5235.7 5205.67 5171.54 5142.16 5105.89 5040.62 5037.65 5037.66 5035.51 5024.62 4999.91 4974.53 4953.16 4930.24 4922.02 4920.72 4920.3 4919.62 4918.9 4917.12 4915.68 4913.88 4911.92 4909.63 4907.84 4907.09 4909.72 4913.35 4914.28 4915.76 4917.96 4922.11 4927.34 4934 4940.97 4949.83 4960.61 4975.21 4987.33 4990.39 4977.18 4959.83 4944.97 4932.42 4922.34 4914.4 4907.52 4901.37 4895.87 4890.94 4886.52 4882.36 4880.45
3954.62 4037.12 4140.11 4260.13 4393.2 4552.68 4698.2 4843.26 4984.15 5114.61 5227.77 5255.2 5255.19 5242.82 5221.97 5195.98 5168.85 5140.1 5105.34 5039.32 5039.06 5042.52 5053.83 5036.16 4999.01 4965.95 4939.62 4910.87 4906.4 4911.11 4914.26 4915.27 4915.32 4916.02 4915.64 4914.17 4911.65 4908.91 4906.42 4904.19 4906.12 4909.82 4914.06 4919.57 4925.92 4932.55 4938.96 4943.67 4950.45 4961.19 4972.66 4983.82 4991.3 4989.2 4972.91 4954.39 4938.84 4925.4 4916.68 4909.24 4902.54 4896.69 4891.67 4887.28 4883.9 4880.71 4880.49
3931.28 4007.75 4108.72 4231.15 4365.25 4503.83 4665.65 4808.08 4945.09 5072.38 5173.46 5219.06 5221.91 5213.29 5197.56 5177.44 5155.93 5129.8 5098.66 5031.78 5029.02 5029.45 5035.19 5018.4 4983.69 4955.49 4932.45 4907.22 4904.24 4909.99 4913.93 4916.08 4917.09 4918.3 4917.88 4915.6 4911.87 4908.37 4905.44 4903.49 4902.32 4905.37 4913.49 4922.96 4933.65 4945.3 4952.25 4955.71 4961.14 4971.48 4980.58 4984.28 4983.28 4971.94 4957.24 4943.34 4930.8 4920.26 4911.45 4903.97 4897.53 4892.19 4887.91 4884.33 4882.07 4879.78 4881.78
3902.56 3964.56 4075.85 4203.82 4341.4 4478 4635.38 4769.76 4896.81 5014.97 5123.91 5167.02 5173.01 5173.77 5166.15 5152.98 5134.19 5113.39 5088.43 5067.29 5012.62 5002.71 4986.37 4966.28 4958.27 4943.26 4930.47 4920.98 4916.89 4915.76 4918.31 4921.5 4923.61 4924.75 4922.09 4917.86 4912.68 4907.98 4904.07 4901.83 4899.85 4902.87 4913.34 4926.36 4940.16 4952.63 4962.53 4971.01 4977.08 4981.01 4981.94 4978.7 4970.95 4954.05 4939.78 4930.54 4921.88 4914.79 4905.81 4898.5 4892.74 4888.17 4884.61 4881.97 4879.8 4880.06 4882.53
3892.32 3941.14 4060.27 4190.55 4325.52 4456.62 4607.04 4731.31 4846.27 4947.25 5023.65 5074.78 5113.14 5128.93 5131.28 5124.4 5112.18 5097.38 5075.97 5053.08 4992.93 4978.47 4959.54 4942.35 4939.49 4931.98 4927.21 4924.07 4922.54 4920.73 4922.82 4928.33 4935.97 4932.92 4926.29 4920.18 4913.83 4907.64 4901.83 4897.11 4892.72 4900.81 4914.07 4930.78 4948.15 4963.53 4977.61 4989.04 4993.88 4992.61 4984.31 4977.68 4964.87 4945.98 4929.48 4919.73 4911.7 4904.4 4897.9 4892.84 4888.48 4884.95 4882.18 4880.09 4878.52 4879.12 4882.01
3919.51 3973.79 4078.74 4198.3 4322.32 4442.97 4583.23 4697.15 4802.84 4890.84 4960.43 5013.77 5063.2 5086.98 5098.59 5098.25 5094.28 5078.47 5061.07 5039.13 4977.18 4963.11 4949.8 4944.5 4928.6 4923.57 4921.28 4921.04 4921.87 4921.11 4924.29 4930.23 4936.96 4935.12 4928.62 4921.81 4914.58 4907.38 4899.98 4891.83 4886.76 4897.94 4915.31 4936.39 4958.64 4980.4 4999.79 5012.49 5014.95 5010.62 5002.28 4989.44 4970.17 4945.72 4924.44 4912.11 4903.29 4895.26 4890.76 4887.83 4884.74 4882.01 4879.76 4877.85 4875.95 4876.23 4878.36
3967.34 4031.64 4120.4 4221.39 4331.28 4439.94 4570.29 4674.29 4770.72 4853.75 4933.17 5000.68 5028.22 5051.51 5069.55 5075.75 5074.98 5066.18 5048.29 5027.23 4965.82 4952.16 4936.14 4918.12 4915.52 4916.15 4914.63 4914.25 4914.74 4916.89 4922.09 4928.53 4933.83 4933.69 4929.19 4922.83 4915.59 4908.39 4901.44 4895.84 4894.38 4900.61 4918.41 4942.95 4969.71 4996.35 5018.76 5032.63 5034.01 5029.31 5021.21 5005.78 4980.3 4949.46 4921.32 4907.26 4898.71 4892.86 4888.68 4884.47 4881.32 4878.8 4876.73 4875.06 4873.07 4872.74 4873.36
4017.71 4085.65 4166.41 4253.58 4349.64 4446.92 4566.69 4660.78 4747.64 4822.32 4893.01 4953.51 4988.53 5021.56 5046.94 5060.11 5059.4 5054.98 5038.94 5019.94 4960.91 4947.22 4928.74 4909.74 4907.87 4912.77 4912.36 4909.08 4905.67 4911.54 4919.5 4926.83 4931.42 4932.3 4929.61 4923.93 4917.11 4910.5 4904.69 4900.64 4900.54 4904.93 4922.97 4950.98 4981.52 5011.18 5034.56 5048.69 5048.82 5044.04 5037.75 5023.24 4990.42 4953.7 4919.66 4905.25 4896.68 4891.03 4886.3 4882.5 4879.77 4877.66 4875.72 4873.75 4871.79 4870.73 4870.55
4065.67 4131.73 4208.21 4287.02 4373.4 4461.17 4569.03 4657.5 4734.69 4801.51 4855.23 4886.01 4952.38 5003.28 5034.13 5050.62 5052.41 5047.94 5034.74 5017.8 4963.49 4951.72 4934.92 4913.63 4913.86 4920.16 4918.51 4911.6 4903.9 4910.35 4918.64 4926.37 4933.26 4936.53 4931.22 4924.23 4918.05 4912.84 4908.58 4905.01 4901.83 4909.28 4929.15 4959.99 4994.05 5026.86 5053.47 5058.86 5058.45 5051.59 5041.31 5024.72 4992.13 4958.23 4925.78 4907.2 4896.98 4889.59 4884.15 4881.29 4879.12 4876.84 4874.71 4872.55 4870.36 4869.32 4869.02
4106.21 4172.16 4246.97 4320.72 4399.47 4480.77 4579.97 4663.56 4736.13 4800.07 4852.21 4889.57 4951.23 5004.96 5036.5 5052.81 5052.56 5049.79 5037.59 5023.01 4972.13 4964.91 4955.42 4946.09 4942.07 4938.53 4932.3 4923.08 4915.96 4916.63 4920.53 4925.6 4933.24 4940.15 4928.41 4922.71 4919.11 4915.94 4914.12 4913.64 4915.41 4922.29 4939.52 4970.97 5006.63 5040.75 5066.8 5071.47 5067.96 5055.04 5035.03 5009.49 4989.37 4964.51 4930.26 4911.07 4900.46 4891.89 4885.26 4881.97 4879.51 4877.09 4874.64 4872.25 4870.03 4868.46 4867.33
4143.44 4207.81 4281.24 4351.04 4425.88 4503.63 4582.63 4675.17 4744.94 4820.42 4883.7 4935.39 4989.32 5030.7 5053.18 5063.83 5062.99 5059.46 5046.38 5031.52 5018.04 4981.06 4980.49 4983.08 4978.6 4963.59 4949.35 4937.89 4930.18 4925.92 4923.88 4923.18 4921.26 4915.77 4918.32 4919.65 4920.1 4919.99 4920.8 4923.24 4928.51 4937.81 4952.44 4983.61 5019.75 5054.44 5082.86 5089.45 5081.14 5061.8 5033.93 5003.9 4986.24 4967.21 4937.62 4919.34 4907.56 4897.45 4889.35 4885.56 4882.07 4878.71 4875.69 4872.6 4870.32 4868.46 4867.05
4175.84 4236.82 4307.71 4377.46 4450.99 4529.12 4608.57 4699.49 4771.43 4853.87 4930.92 5005.01 5051.33 5069.44 5078.01 5081.79 5076.92 5069.74 5056.65 5042.17 5029.97 4996.03 4999.63 5006.74 5003.69 4982.16 4963.33 4949.73 4940.63 4933.5 4926.88 4921.66 4916.31 4910.87 4914.42 4919.1 4922.58 4924.86 4927.58 4931.45 4938.08 4948.41 4963.89 4996.67 5034.62 5069.2 5095.26 5109.32 5098.97 5073.78 5040.24 5006.49 4987.09 4972.36 4955.51 4935.18 4915.93 4905.05 4898.71 4892.09 4886.24 4881.5 4877.67 4873.74 4871.32 4869.95 4869.33
4204.12 4263.51 4332.03 4402.4 4477.83 4555.71 4635.04 4729.29 4810.13 4886.23 4969.7 5053.02 5098.84 5101.54 5103.5 5102.08 5093.67 5083.67 5068.98 5053.31 5006.87 5005.8 5008.26 5013.68 5012.78 4987.49 4968.82 4955.5 4946.18 4938.01 4928.91 4922.5 4917.91 4915.51 4918.15 4922.78 4927.57 4931.1 4934.98 4939 4943.37 4952.12 4973.76 5011.2 5052.46 5089.26 5115.79 5137.03 5121.37 5089.63 5050.92 5012.22 4990.82 4976.98 4955.84 4932.4 4919.46 4910.47 4904.32 4896.95 4890.13 4884.47 4879.73 4875.31 4872.36 4870.97 4870.57
4234.54 4290.71 4354.48 4427.35 4505.08 4587.02 4667.7 4761.53 4843.31 4915.46 4991.57 5060.42 5101 5115.68 5120.26 5116.84 5106.52 5094.15 5076.48 5061.19 5047.2 5010.19 5007.91 5004.36 4990.98 4980.84 4966.37 4954.93 4945.14 4937 4928.93 4924.55 4922.65 4922.45 4926.06 4930.04 4934.68 4939.83 4944.98 4950.19 4955.03 4963.61 4988.25 5029.01 5074.19 5115.29 5149.6 5169.68 5143.86 5105.52 5062.89 5022.14 4998.92 4985.79 4959.28 4931.69 4921.75 4913.95 4906.56 4899.66 4893.19 4887.04 4881.45 4876.36 4872.31 4869.15 4867.73
