real_craters/C102-500m.grd
DSAA
135 135
-33.46 33.46
-33.46 33.46
3689.2105724718 5498.8916066679
[rows 30 to 59 of 135, columns 67 to 133 of 135]
5096.01 5096.08 5096.96 5096.53 5089.98 5077.42 5068.57 5063.5 5060.11 5044.9 5029.3 5023.65 5027.84 5030.49 5034.64 5036.23 5023 5009.96 5002.54 4997.11 4993.55 4989.56 4984.87 4976.9 4967.27 4961.9 4960.6 4962.74 4965.13 4968.38 4970.75 4971.38 4971.47 4974.01 4969.1 4962.25 4957.13 4950.32 4945.76 4944.83 4940.44 4929.7 4931.02 4934.3 4946.66 4962.62 4978.13 4990.3 4993.59 4993.67 4994.65 4996.88 5000.69 5005.92 5010.99 5016.95 5023.12 5030.65 5036.76 5022.71 5000.92 4982.41 4969.45 4962.15 4958.94 4958.55 4958.5
5126.47 5118.39 5109.73 5102.69 5087.98 5072.17 5058.66 5046.35 5033.24 5023.23 5014.33 5008.9 5007.56 5010.95 5013.17 5011.11 5009.57 5006.48 5002.74 5000.43 4997.61 4992.62 4986 4979.58 4977.54 4977.04 4978.6 4981.79 4983.44 4982.46 4980.24 4978.65 4980.03 4984.79 4974.22 4970.12 4968.06 4962.52 4956.36 4949 4935.82 4930.31 4932.8 4936.55 4945.36 4956.53 4967.16 4975.45 4981.19 4984.19 4986.39 4989.13 4993.03 4996.98 5001.7 5006.5 5010.64 5014.64 5014.77 4998.58 4981.7 4966.81 4957.31 4952.58 4950.95 4950.74 4947.06
5158.28 5137.82 5115.94 5092.1 5077.16 5059.57 5042.39 5027.73 5013.98 5001.36 4991.78 4988.6 4988.4 4984.51 4992.41 4998.84 5000.92 5001.98 5004.23 5005.13 5004.15 5000.29 4992.61 4986.83 4991.78 4997.7 5001.17 5003.13 5001.2 4995.46 4987.88 4981.75 4978.43 4975.55 4976.4 4975.02 4972.2 4968.22 4963.43 4958.82 4945.55 4935.5 4935.38 4940.11 4945.5 4950.96 4955.89 4961.53 4968.42 4973.39 4976.93 4980.74 4983.57 4986.31 4989.16 4992.92 4995.08 4996.29 4991.37 4972.35 4957.08 4946.55 4941.23 4939.87 4940.48 4942.66 4943.03
5189.36 5154.1 5119.89 5089.97 5065.08 5043.89 5024.69 5008.35 4995.98 4984.27 4977.42 4970.44 4962.7 4967 4977.43 4981.72 4986.17 4998.64 5007.25 5013.74 5017.81 5016.18 5009.04 5001.51 5013.32 5025.02 5033.03 5025.27 5015.16 5004.27 4991.41 4980.96 4973.54 4970.73 4976.91 4976.84 4976.55 4973.68 4966.88 4954.86 4945.67 4942.29 4942.16 4943.19 4945.69 4946.02 4947.13 4950.74 4957.42 4962.17 4965.8 4969.09 4971.6 4973.78 4976.59 4977.97 4978.22 4977.58 4968.88 4950.16 4928.88 4921.45 4924.41 4927.22 4930 4931.56 4933.75
5211.94 5163.29 5117.11 5078.62 5051.22 5026.83 5004.8 4987.1 4974.38 4967.95 4963.55 4960.05 4961.31 4966.62 4972.9 4979.02 4987.25 4999.91 5013.85 5027.06 5036.52 5040.48 5038.82 5035.18 5042.89 5053.59 5062.49 5036.32 5020.19 5007.07 4988.81 4975.36 4965.59 4960.05 4963.52 4974.55 4979.91 4979.7 4972.57 4963.1 4954.17 4946.74 4943.41 4942.72 4941.11 4940.23 4941.58 4943.53 4948.02 4951.89 4955.55 4957.88 4960.84 4960.48 4961.3 4961.88 4961.18 4960.24 4949.2 4931.91 4911.06 4906.74 4912.05 4917.1 4921.03 4922.83 4922.49
5216.27 5161.23 5110.05 5069.21 5036.68 5009.54 4986.58 4967.46 4956.57 4954.79 4956.95 4962.38 4964.49 4971.26 4976.19 4981.73 4989.57 5007.78 5025.49 5043.3 5060.49 5074.36 5082.08 5073.97 5081.16 5072.44 5044.82 5026.69 5011.36 4998.18 4980.21 4968.52 4959.36 4950.8 4958.22 4976.15 4985.76 4988.25 4979.35 4969.04 4961.31 4956.98 4950.14 4941.78 4936.17 4933.92 4933.1 4935.7 4939.88 4943.88 4946.17 4947.72 4949.29 4949.65 4949.71 4948.88 4949.26 4945.66 4938.17 4923.74 4907.78 4903.48 4906.02 4909.64 4913.27 4916.18 4913.97
5201.77 5148.81 5096.43 5054.24 5022.99 4994.69 4969.46 4948.95 4938.32 4942.09 4968.46 4994.34 4983.92 4982.49 4984.82 4989.62 5001.21 5017.63 5040.12 5063.7 5088.93 5113.98 5139.12 5160 5149.48 5102.95 5047.03 5018.41 4998.55 4977.49 4969.49 4964.57 4960.24 4957.87 4970.34 4985.84 4992.54 4993.32 4983.85 4970.61 4964.45 4967.14 4951.08 4940.78 4934.25 4929.64 4926.83 4929.01 4932.35 4935 4937.15 4938.23 4939.41 4939.76 4938.87 4937.19 4935.64 4931.65 4925.44 4917.67 4908.96 4904.08 4902.6 4903.63 4905.79 4904.05 4901.81
5179.73 5130.65 5078.63 5041.5 5011.41 4983.71 4955.59 4934.52 4922.25 4918.65 4919.78 4948.14 4988.92 4992.16 4991.83 4996.55 5003.73 5024.71 5052.9 5082.51 5113.18 5146.95 5184.74 5231.06 5207.83 5133.7 5067.26 5025.86 4997.42 4972.21 4967.51 4967.68 4967.81 4972.27 4986.01 4992.27 4994.71 4996.09 4982.82 4969.58 4966.71 4978.73 4952.92 4939.35 4932.72 4927.98 4925.52 4926.01 4927.56 4928.89 4930.13 4931.02 4931.27 4929.65 4928.65 4926.87 4923.87 4918.8 4910.46 4910.88 4911.04 4902.62 4898.42 4896.84 4897.62 4898.33 4891.4
5157.61 5115.88 5063.31 5033.41 5007.95 4978.95 4947.2 4915.19 4905.09 4903.86 4902.52 4916.13 4969.15 4997.84 5003.47 5007.25 5014.27 5035.16 5064.88 5096.67 5129.33 5161.5 5195.86 5218.52 5199.4 5144.42 5084.38 5039.91 5009.42 4989.28 4980.71 4976.94 4975.77 4978.2 4983.89 4990.46 4987.92 4982.27 4972.14 4961.33 4955.58 4960.09 4946.27 4936.89 4929.65 4926.28 4925.21 4924.77 4924.82 4925.25 4925.46 4924.83 4924.75 4924.34 4923.32 4921.49 4917.66 4910.79 4903.11 4902.32 4899.73 4895.35 4891.76 4888.5 4884.92 4882.62 4880.29
5137.41 5109.56 5084.62 5047.27 5015.42 4985.74 4954.86 4919.03 4908.74 4906.74 4909.49 4912.75 4991.26 5011.93 5017.4 5022.64 5034.42 5049.18 5073.93 5104.45 5136.05 5164.75 5188.93 5198.81 5184.16 5142.32 5089.25 5047.23 5021.36 5010.22 4997.64 4987.32 4981.81 4980.86 4985.36 4983.61 4974.36 4966.48 4958.22 4949.7 4940.74 4939.63 4938.45 4933.37 4930.94 4930.8 4926.05 4924.08 4922.35 4921.43 4921.04 4920.97 4920.58 4920.01 4919.28 4917.89 4916.8 4913.73 4909.25 4895.14 4887.55 4886.77 4885.23 4882.55 4877.51 4871.57 4871.58
5120.97 5099.24 5074.24 5056.5 5032.99 5007.34 4980.31 4964.01 4935.24 4923.77 4933.5 4963.1 5006.41 5027.76 5033.51 5036.68 5034.54 5047.75 5082.18 5109.34 5132.68 5153.78 5172.88 5185.49 5178.93 5132.04 5080.59 5039.73 5025.71 5015.77 5004.9 4993.62 4983.29 4976.33 4970.84 4958.37 4957.83 4954.46 4949.14 4941.25 4934.29 4928.59 4925.77 4924.9 4926.18 4929.73 4928.44 4921.15 4918.73 4917.7 4917.07 4916.46 4916.07 4915.97 4915.46 4914.93 4916.02 4915.44 4906.48 4887.01 4878.85 4880.92 4881.23 4879.79 4876.66 4872.16 4867.43
5116.33 5109.22 5074.25 5076.56 5059.5 5035.77 5008.11 4983.59 4953.49 4934.01 4934.28 4982.46 5027.88 5034.12 5042.2 5050.97 5059.56 5078.54 5099.21 5112.55 5123.57 5136.94 5148.12 5154.11 5136.03 5111.43 5072.59 5041.78 5030.16 5024.21 5014.96 4997.13 4981.97 4967 4951.35 4944.16 4945.93 4947.05 4943.96 4936.23 4925.55 4918.07 4913.83 4914 4914.46 4909.79 4911.97 4914.06 4914.99 4914.69 4914.5 4913.74 4913.35 4913.6 4913.1 4912.56 4912.45 4907.36 4902.59 4891.69 4883.08 4881.1 4881.03 4879.13 4875.42 4870.99 4866.3
5122.84 5137.22 5147.64 5113.34 5092.15 5067.13 5034.25 5002.13 4966.11 4936.22 4924.39 4987.93 5010.29 5028.76 5044.75 5066.09 5096.7 5127.04 5112.83 5107.73 5110.09 5114.33 5116.66 5117.69 5112.12 5087.61 5063.83 5042.06 5034.83 5025.57 5013.82 4996.87 4981.22 4963.23 4943.68 4936.01 4940.99 4946.5 4947.42 4935.33 4924.4 4919.75 4920.61 4920.82 4913.1 4903.41 4903.48 4906.29 4909.22 4909.37 4914.3 4912.9 4912.4 4911.7 4910.54 4910.78 4910.85 4910.92 4906.35 4900.84 4891.48 4885.02 4881.73 4880.26 4877.96 4870.8 4867
5138.52 5134.88 5132.6 5139.2 5126.1 5102.55 5064.89 5020.91 4980.97 4938.26 4910.52 4925.44 4968.41 5003.95 5030.33 5054.83 5083.83 5104.21 5094.02 5085.88 5084.99 5085.1 5081.54 5077.62 5066.83 5059.53 5055.16 5054.33 5041.21 5024.89 5007.4 4997.19 4983.11 4966.74 4950.93 4938.95 4946.86 4949.01 4940.92 4936.54 4929.77 4931.07 4944.12 4941.74 4920.89 4907.03 4902.41 4903.44 4906.27 4908.92 4913.84 4913.06 4912.53 4911.64 4910.52 4909.2 4908.89 4909.66 4906.73 4895.99 4892.57 4887.77 4883.5 4880.54 4876.45 4870.64 4867.43
5185.1 5183.24 5176.81 5180.59 5167.49 5147.06 5122.49 5073.93 5010.45 4949.28 4892.19 4878.92 4946.12 4987.48 5013.02 5032.58 5044.73 5037.22 5051.55 5054.67 5053.93 5054.64 5052.64 5044.05 5033.82 5035.59 5043.06 5050.93 5039.97 5029.31 5019.08 5003.02 4988.78 4975.8 4966.18 4971.04 4970.74 4961.99 4953.28 4941.88 4932.89 4931.86 4941.62 4946.7 4922.69 4901.33 4902.61 4905.9 4908.38 4910.23 4915.87 4915.54 4914.55 4912.54 4910.88 4909.44 4906.91 4910.85 4909.68 4901.56 4894.83 4889.01 4883.43 4878.32 4877.35 4870.21 4865.98
5242.26 5269.35 5258.08 5229.91 5210.39 5189.08 5167.51 5117.52 5047.57 4980.22 4919.55 4934.81 4966.87 4981.9 4996.29 5005.14 5008.31 5007.54 5011.49 5016.4 5022.51 5023.48 5023.83 5022.18 5016.89 5024.92 5036.46 5029.01 5034.07 5038.01 5025.58 5010.92 4997.29 4986.48 4980.99 4987.54 4987.86 4971.23 4957.67 4941.56 4933.97 4934.25 4937 4939.92 4915.87 4905.17 4906.71 4908.72 4911.05 4914.82 4915.51 4917.75 4918.03 4916.59 4914.38 4911.78 4908.16 4912.28 4911.9 4905.84 4897.55 4890.2 4883.74 4877 4869.63 4869 4864.84
5264.8 5287.31 5280.2 5255.94 5233.3 5206.89 5179.75 5137.81 5085.16 5026.82 4989.21 4982.79 4971.92 4976.78 4985.94 4981.38 4980.43 4971.63 4973.49 4982.31 4989.54 4995.94 5001.54 5006.03 5014.27 5029.16 5049.51 5069.25 5078.81 5062.53 5039.18 5018.92 5003.12 4993.51 4990.39 4996.82 4993.41 4969.63 4941.71 4929.47 4929.27 4926.11 4919.97 4899.95 4896.54 4904.49 4911.44 4913.27 4914.54 4916.67 4919.02 4919.26 4919.46 4918.39 4916.96 4914.86 4911.04 4909.14 4908.49 4904.61 4896.79 4889.61 4883.4 4880.1 4875.63 4870.56 4865.81
5245.45 5253.98 5253.72 5246.42 5235.03 5212.27 5155.34 5157.74 5128.83 5068.28 5008.51 4987.73 4987.71 4979.63 4972.78 4967.22 4955.52 4942.66 4940.33 4953.63 4966.86 4976.77 4984.1 4992.02 5002.46 5022.67 5063.31 5107.67 5124.42 5083.7 5049.05 5022.49 5003.72 4992.7 4989.47 4993.1 4992.62 4967.59 4934.51 4921.71 4929.31 4934.63 4907.44 4881.23 4880.94 4896.17 4913.44 4917.5 4919.54 4921.72 4922.86 4922.7 4922.65 4921.87 4921.26 4919.6 4914.74 4905.22 4902.35 4898.3 4893.66 4887.69 4881.74 4874.82 4874.91 4872.46 4868.88
5203.65 5197.28 5209.81 5215.64 5239.18 5260.32 5243.14 5240.86 5214 5143.19 5015.26 5001.96 4993.9 4984.69 4975.76 4966.02 4951.94 4929.7 4923.21 4936.34 4952.3 4959.82 4970.88 4980.44 4996.81 5026.13 5061.38 5097.76 5112.69 5083.11 5044.52 5014.8 4999.4 4990.63 4986.35 4987.98 4988.98 4972.87 4944.66 4928.57 4928.29 4937.02 4911.35 4892 4889.61 4899.5 4915.75 4921.91 4925.19 4926.5 4926.43 4926.21 4926.49 4925.93 4924.8 4924.78 4924.8 4909.58 4900.72 4895.46 4891.13 4886.07 4881.08 4876.49 4874.59 4873.66 4872.85
5121.18 5177.26 5128.35 5140.54 5205.28 5322.57 5417.37 5348.78 5317.17 5310.71 5268.28 5143.84 5009.42 5024.55 5011.65 4994.35 4975.04 4955.31 4948.34 4940.57 4939.06 4942.09 4947.36 4962.85 4979.21 5013.08 5039.47 5073.97 5086.59 5074.97 5034.66 5001.47 4991.34 4985.96 4983.82 4985.84 5014.03 4985.25 4945.46 4918.08 4916.27 4916.84 4904.9 4891.23 4887.42 4900.12 4916.92 4924.45 4928.26 4929.92 4929.8 4928.79 4927.57 4925.99 4924.5 4922.95 4919.05 4906.41 4898.86 4893.79 4889.37 4884.68 4879.98 4875.02 4872.86 4872.93 4874.9
4895.17 4932.23 4935.98 4976.06 5069.08 5217.69 5344.15 5318.91 5338.63 5423.02 5496.2 5346.94 5196.99 5132.27 5090.56 5056.64 5014.61 4992.52 4980.16 4951.67 4941.56 4933.38 4928.94 4935.61 4939.53 4935.96 4991.22 5052.25 5114.12 5073.08 5026.21 4991.23 4985.6 4983 4984.48 4998.91 5023.81 4990.72 4940.65 4899.58 4904.58 4912.48 4906.66 4885.42 4880.26 4897.35 4917.66 4927.4 4932.19 4933.5 4933.1 4931.15 4928.46 4925.4 4922.26 4918.12 4911.57 4903.21 4898.53 4892.94 4888.29 4883.93 4878.95 4871.73 4869.34 4871.47 4874.9
4587.18 4611.27 4662.81 4732.65 4828.05 4939.06 5042.86 5123.2 5209.86 5337.63 5490.9 5405.43 5306.18 5227.75 5168.85 5112.44 5063.41 5013.3 4970.24 4950.6 4944.77 4934.09 4922.2 4911.01 4908.05 4907.94 4947.02 5007.84 5047.17 5044.39 5017.7 4992.13 4985.84 4981.23 4980.58 4984.07 5003.85 4986.17 4943.44 4907.45 4899.75 4901.17 4895.69 4876.35 4881.28 4900.19 4921.11 4932.14 4937.07 4938.07 4936.88 4933.33 4929.48 4924.63 4919.1 4913.36 4907.3 4900.71 4894.69 4891.92 4888.18 4884.17 4879.45 4873.57 4868.81 4869.98 4872.85
4290.51 4314.43 4383.8 4460.89 4538.05 4626.25 4732.45 4850.65 4969.44 5088.54 5232.26 5289.37 5263.92 5266.39 5234 5172.13 5114.24 5042.66 4969.76 4965.95 4952.05 4935.2 4914.87 4901.33 4890.82 4880.63 4910.17 4962.85 5002.3 5014.93 5009.81 5001.91 4988.32 4979.89 4975.51 4975.13 4989.79 4978.29 4944.84 4917.94 4896.04 4881.84 4869.03 4875.05 4885.89 4904.98 4926.99 4939.07 4944.73 4945.24 4942.37 4936.52 4930.76 4923.28 4914.96 4906.71 4901.33 4898.21 4894.96 4891.64 4889.37 4886.09 4880.72 4870.97 4868.18 4868.8 4870.04
4042.85 4073.46 4143.25 4204.87 4255.31 4316.06 4423.81 4563.54 4688.79 4820.77 4943.69 5148.71 5307.31 5367.34 5302.06 5220.57 5160.1 5100.87 5064.13 5028.58 4991.35 4952.84 4925.52 4902.63 4879.66 4870.65 4889.11 4935.04 4978.69 4999.61 5000.31 4992.33 4983.37 4975.16 4972.22 4975.99 4979.74 4964.43 4937.52 4907.09 4887.53 4875.46 4866.77 4874.75 4887.49 4910.65 4934.85 4948.82 4952.94 4951.79 4947.45 4941.36 4932.67 4924.09 4914.81 4904.54 4899.16 4895.68 4891.9 4891.46 4891.1 4889.6 4885.62 4874.3 4870.03 4868.84 4868.45
3928.56 3930.75 3964.44 3994.32 4007.51 4027.26 4141.67 4282.17 4417.31 4550.16 4736.64 5015.52 5310.37 5423.7 5330.78 5238.66 5187.75 5147.15 5138.16 5093.05 5025.95 4982.06 4942.38 4899.91 4875.95 4865.06 4873.88 4922.72 4971.33 4991.98 4990.23 4979.31 4968.35 4965.88 4967.65 4970.27 4964.13 4953.38 4933.78 4904.6 4891.11 4882.64 4872.16 4876.34 4889.39 4917.63 4948.1 4961.19 4960.68 4956.6 4950.76 4944.1 4936.15 4927.16 4917.33 4908.05 4903.86 4894.8 4890.44 4891.06 4892.95 4894.31 4892.86 4882.52 4874.51 4870.88 4869.02
3835.04 3831.03 3841.59 3847.03 3832.68 3809.85 3929.68 4066.08 4182.1 4328.73 4544.99 4828.82 5112.59 5264.18 5251.69 5198.31 5171.14 5139.06 5123.56 5095.54 5046.06 5001.73 4965.54 4917.54 4891.6 4873.72 4875.99 4925.92 4974.97 4998.58 4986.91 4957.54 4946.51 4955.61 4961.68 4964.81 4956.13 4953.09 4937.18 4934.39 4925.76 4897.14 4884.42 4883.83 4896.61 4925.2 4955.73 4969.39 4967.08 4962.45 4956.2 4950.26 4943.2 4934.91 4925.06 4908.93 4899.79 4892.75 4888.63 4891.7 4896.41 4900.13 4899.88 4886.66 4879.17 4874.14 4870.41
3759.42 3757.81 3760.67 3761.29 3755.71 3766.51 3821.96 3904.06 3984.87 4108.76 4326.28 4600.93 4875.69 5066.31 5096.76 5095.92 5103.59 5094.06 5061.01 5049.99 5057.41 5038.49 5004.24 4951.28 4919.67 4898.02 4905.84 4940.88 4986.43 5010.11 4997.59 4966.44 4949.03 4951.91 4957.74 4964.35 4970.1 4937.97 4926.13 4918.94 4906.37 4899.33 4898.3 4899.94 4912.81 4934.33 4957.19 4970.08 4968.42 4963.67 4958.49 4954.11 4948.52 4943.56 4939.85 4930.92 4917.95 4894.25 4888.2 4894.15 4900.41 4905.74 4909.02 4892.51 4883.54 4877.23 4871.98
3728.78 3721.27 3720.26 3723.23 3728.21 3745.38 3768.1 3801.96 3833.21 3898.91 4105.97 4371.86 4614.61 4788.38 4896.21 4956.46 5018.05 5055.04 5061.51 5074.77 5109.13 5085.03 5048.24 4990.69 4950.65 4914.65 4911.27 4944.81 5000.91 5038.85 5013.02 4977.96 4953.56 4949.51 4952.73 4956.66 4950.29 4924.26 4908.33 4893.19 4882.75 4889.34 4904.65 4916.28 4919.9 4934.92 4950.95 4962.9 4963.48 4961.19 4957.58 4954.08 4950.72 4948.79 4951.21 4952.84 4935 4907 4898.36 4901.07 4904.64 4908.5 4907.19 4895.99 4887.21 4880.26 4874.55
3710.03 3703.29 3701.29 3705.06 3715.93 3729.96 3739.24 3753.47 3765.24 3786.41 3958.72 4185.94 4391 4561.63 4694.54 4804.42 4909.5 5031.67 5133.09 5221.85 5199.88 5159.21 5102.45 5030.25 4977.22 4923.64 4904.67 4938.52 4993.27 5034.65 5018.42 4980.58 4948.72 4946.24 4947.18 4947.78 4939.16 4912 4897.89 4878.75 4866.63 4874.87 4892.81 4906.28 4909.5 4922.63 4937.49 4948.69 4954.69 4955.26 4953.12 4950.32 4948.2 4949.18 4951.69 4950.42 4939.61 4920.67 4913.4 4910.25 4908.31 4907.95 4909.05 4898.54 4889.78 4883.66 4878.91
3698.56 3693.74 3693.93 3698.55 3707.72 3719.21 3727.19 3742.6 3764.48 3793.67 3902.03 4051.37 4203.87 4353.45 4495.84 4650.46 4811.5 4997.17 5159.02 5279.1 5273.83 5220.72 5160.95 5093.29 5010.99 4937.6 4905.29 4932.55 4985.6 5029.19 5017.38 4984.09 4956.64 4944.85 4942.33 4944.84 4948.92 4929.42 4901.11 4872.73 4852.55 4859.48 4878.3 4889.91 4895.22 4907.95 4924.71 4936.99 4946.2 4948.06 4945.04 4942.98 4940.4 4941.97 4945.1 4957.62 4957.92 4950.07 4933.02 4920.43 4910.42 4902.45 4898.2 4893.65 4888.8 4884.98 4882.25
