real_craters/C102-500m.grd
DSAA
135 135
-33.46 33.46
-33.46 33.46
3689.2105724718 5498.8916066679
[rows 60 to 89 of 135, columns 0 to 66 of 135]
4515.98 4534.37 4629.23 4810.36 4862.73 4863.42 4843.24 4821.71 4819.24 4814.31 4816.09 4820.46 4826 4832.73 4840.87 4849.75 4850.42 4841.51 4837.65 4829.11 4822.78 4822.47 4815.91 4809.82 4815.92 4822.82 4824.43 4826.26 4828.54 4824.98 4821.3 4825.44 4838.27 4854.06 4871.96 4880.07 4888.19 4909.3 4935.48 4969.89 5010.36 5017.87 5071.19 5105.43 5059.61 5086.4 5107.98 5144 5092.26 4942.86 4781.85 4617.83 4446.2 4275.93 4118.15 4036.08 3960.98 3898.55 3831.31 3780.88 3767.66 3747.76 3726.23 3715.42 3710.16 3704.58 3698.97
4531.01 4550.97 4649.56 4807.89 4863.81 4864.04 4843.82 4825.72 4823.46 4816.95 4817.25 4820.98 4826.85 4834.11 4841.88 4849.86 4851.59 4846.01 4839.7 4831.34 4822.81 4816.81 4814.11 4813.45 4818.06 4821.97 4822.85 4822.55 4821.63 4824.21 4830.57 4836.32 4846.71 4860.67 4876.02 4881.4 4889.7 4904.21 4914.75 4928.78 4950.29 4978.87 5067.34 5122.95 5068.3 5091.63 5129.53 5117.97 5041.06 4902.4 4734.92 4559.83 4378.77 4209.38 4074.62 3971.69 3897.03 3834.96 3780.85 3751.01 3736.96 3723.71 3714.69 3708.54 3704.43 3701 3697.74
4616.52 4658.03 4763.28 4876.7 4887.57 4871.42 4847.69 4826.91 4826.67 4821.41 4817.46 4819.32 4823.88 4830.71 4838.87 4847.88 4849.06 4847.24 4839.13 4832.42 4820.99 4806.05 4816.07 4816.62 4820.64 4822.6 4822.22 4821.38 4823.13 4831.34 4838.8 4845.21 4853.29 4863.77 4874.76 4886.3 4899.76 4903.97 4896.33 4889.51 4890.22 4960.22 5064.39 5155.74 5112.99 5126.35 5162.6 5094.61 4994.51 4858.34 4693.16 4511.95 4323.18 4142.13 4007.35 3922.14 3855.6 3808.72 3761.16 3736.21 3726.96 3715.5 3710.06 3706.43 3703.49 3700.35 3697.25
4768.35 4814.52 4881.12 4923.27 4896.53 4872.15 4853.24 4838.06 4825.89 4815.68 4815.79 4818.02 4821.18 4826.8 4834.38 4842.75 4844.47 4842.83 4841.24 4837.96 4834.09 4825.6 4830.16 4832.1 4827.77 4824.55 4823.51 4823.1 4826.26 4839.21 4844.77 4852.16 4859.06 4864.94 4873.6 4885.61 4910.55 4907.3 4886.6 4867.96 4853.61 4910.24 5014.12 5129.6 5181.35 5167.02 5133.97 5072.18 4967.05 4827.66 4662.11 4479.09 4286.13 4094.41 3964.53 3890.66 3830.35 3785.67 3747.95 3726.54 3719.2 3711 3707.74 3707.41 3705.7 3702.85 3700.97
4833.72 4845.91 4858.82 4871.25 4868.46 4853.12 4838.18 4829.69 4822.15 4816.01 4816.04 4814.93 4816.1 4819.44 4822.93 4831.49 4835 4840.73 4837.63 4842.36 4849.9 4858.51 4844.45 4836.24 4828.4 4824.2 4826.12 4828.91 4835.26 4849.51 4855.77 4862.8 4868.77 4872.02 4880.54 4895.34 4898.9 4892.94 4883.03 4867.73 4872.48 4915.31 4940.66 5047.92 5231.63 5183.9 5113.13 5052.62 4958.03 4819.17 4652.61 4470.09 4280.07 4093.64 3966.03 3883.17 3816.17 3766.46 3736.19 3723.75 3717.11 3710.99 3710.67 3710.94 3709.92 3707.88 3705.78
4787.15 4799.62 4814.46 4826.14 4830.27 4822.53 4810.35 4810.72 4817.08 4819.94 4812.41 4810.88 4811.13 4809.94 4806.09 4801.78 4816.11 4827.67 4835.03 4844.47 4844.42 4844.54 4848.14 4837.83 4817.63 4824.21 4832.39 4840.65 4849.49 4858.54 4866.82 4879.19 4884.47 4886.18 4889.49 4895.7 4898.22 4897.51 4888.01 4882.06 4875.76 4901.45 4939.32 4951.2 5103.18 5129.9 5121.69 5108.12 4973.77 4824.57 4659.48 4480.69 4300.74 4139.03 3998.28 3892.66 3812.97 3758.97 3731.09 3726.06 3720.75 3718.48 3717.83 3716.99 3715.95 3715.56 3715.58
4760.12 4767.38 4784.82 4796.75 4798.96 4794.33 4783.15 4789.55 4801.57 4797.48 4799.5 4806.11 4805.1 4802.98 4799.95 4795.53 4795.25 4807.77 4837.42 4851.12 4859.78 4856.01 4847.27 4835.71 4825.33 4830.13 4842.46 4855.44 4867.33 4879.42 4893.33 4899.89 4905.4 4908.79 4907.24 4901.64 4898.02 4895.86 4892.3 4901.45 4909.29 4935.7 5025.46 5014.81 4970.9 5102.72 5129.88 5084.34 4987.52 4844.38 4678.36 4500.67 4321.76 4158.13 4020.34 3904.65 3813.13 3750.95 3730.3 3731.48 3729.57 3729.42 3725.82 3723.85 3722.01 3722.15 3723.09
4754.59 4758.12 4771.21 4778.27 4779.43 4776.5 4771.72 4775.88 4783.12 4802.07 4812.52 4801.85 4798.46 4796.58 4796.77 4793.82 4779.9 4782.06 4821.28 4843.04 4855.82 4854.23 4844.27 4828.58 4823.57 4834.74 4853.96 4874.97 4889.54 4897.85 4910.86 4922.66 4927.37 4923.13 4917.08 4907.69 4894.91 4880.1 4890.45 4901.14 4914.82 4958.51 5027.28 5024.23 4971.51 5111.75 5158.84 5105.65 5012.69 4870.99 4706.88 4530.95 4345.81 4167.33 4039.56 3918.12 3816.05 3746.85 3732.69 3741.1 3738.39 3738.14 3733.84 3730.62 3727.12 3723.44 3723.72
4754.46 4758.63 4764.3 4769.62 4769.75 4767.88 4767.5 4768.04 4773.48 4781.21 4784.62 4790.21 4790.21 4789.46 4788.72 4787.01 4781.68 4784.83 4802.63 4819.9 4837.99 4840.09 4833.32 4817.55 4818.46 4836.71 4863.27 4894.99 4911.24 4925.09 4935.16 4948.94 4950.25 4950.77 4926.41 4910.39 4903.47 4911.28 4892.02 4883.23 4897.11 4948.83 5011.98 5022.26 5023.94 5174.1 5233.3 5181.64 5052.14 4905.54 4744.46 4571.07 4391.75 4222.2 4075.94 3943.56 3829.05 3752.41 3739.59 3745.9 3744.11 3742.82 3741.07 3739.2 3735.63 3726.86 3728.41
4756.81 4761.93 4770.83 4765.99 4763.8 4761.08 4759.14 4760.59 4763.21 4771.02 4778.52 4781.57 4783.76 4784.24 4784.58 4790.81 4797.9 4801.86 4803.42 4806.85 4814.09 4827.89 4828.28 4816.2 4819 4836.26 4859.44 4893.72 4911.72 4949.76 4979.74 4982.15 4966.49 4939.85 4914.95 4905.45 4905.26 4904.03 4888.54 4870.24 4869.09 4923.09 4976.87 4987.29 5055.58 5204.81 5225.56 5180.1 5074.92 4934.99 4779.6 4614.98 4447.59 4278.82 4120.65 3974.83 3857.13 3779.52 3754.08 3751.39 3753.38 3756.76 3754.85 3749.6 3745.92 3758.07 3742.74
4754.66 4756.86 4759.99 4761.18 4760.08 4758.07 4757.14 4759.28 4761.46 4767.08 4772.02 4776.47 4779.95 4782.4 4786.88 4801.69 4821.47 4827.37 4825.6 4825.26 4818.99 4829.94 4833.88 4819.07 4826.67 4836.79 4845.91 4853.13 4881.44 4909.59 4988.53 4995.92 4978.73 4953.26 4917.01 4905.27 4907.8 4906.28 4893.06 4874.43 4888.56 4909.81 4927.81 4927.91 5003.43 5149.19 5230.37 5189.97 5090.95 4958 4806.46 4646.87 4492.82 4331.19 4154.8 4004.24 3889.74 3809.57 3771.82 3761.98 3766.05 3772.56 3770.4 3758.33 3745.02 3732.16 3736.87
4751.34 4752.94 4754.6 4757.34 4758.11 4758.24 4760.01 4764.73 4767.28 4767.56 4770.44 4774.39 4778.92 4784.54 4791.83 4813.09 4835.42 4841.9 4844.59 4850.33 4841.87 4845.63 4850.18 4853.59 4843.12 4843.22 4845.5 4849.18 4863.54 4883.3 4930.86 4965.27 4982.43 4972.13 4923.11 4912.67 4914.61 4918.87 4901.22 4875.2 4889.55 4916.7 4934.67 4899.11 4939.3 5076.32 5213.95 5197.34 5103.84 4976.1 4825.54 4663.22 4495.9 4334.41 4170.44 4019.58 3900.96 3823.21 3786.4 3773.88 3775.12 3780.5 3780.15 3765.7 3746.62 3727.73 3734.33
4750.01 4753.19 4754.51 4755.55 4757.23 4759.67 4762.95 4767.57 4769.28 4768.08 4768.95 4773.26 4780.49 4790.58 4804.86 4825.49 4843.78 4848.78 4844.54 4831.53 4828.38 4850.74 4863.86 4849.75 4850.73 4853.62 4860.75 4864.38 4865.58 4875.38 4902.79 4940.1 4971.68 4968.47 4936.13 4921.49 4917.84 4912.98 4897.54 4878.79 4885.6 4909.15 4930.81 4906.33 4918.71 5038.49 5190.55 5187.98 5114.63 4998.65 4851.8 4681.83 4495.61 4339.73 4189.68 4031.02 3884.79 3821.34 3799.18 3788.94 3788.37 3789.02 3789.46 3774.15 3758.5 3745.95 3744.25
4749.56 4753.26 4753 4753.93 4756.26 4759.23 4762.68 4766.99 4768.53 4768.12 4768.88 4773.31 4783.14 4796.81 4815.61 4836.55 4850.34 4856.9 4848.61 4823.82 4826.35 4849.35 4860.73 4856 4855.27 4861.38 4872.49 4879.55 4875.43 4886.61 4918.39 4952.25 4972.2 4962.88 4942.21 4924.76 4918.69 4917.37 4910.01 4884.09 4883.66 4898.94 4918.58 4914.79 4918.65 5033.88 5164.37 5180.4 5128.74 5032.49 4901.09 4731.24 4529.56 4385.7 4238.17 4075.91 3918.37 3849.22 3817.81 3804.01 3799.05 3791.99 3787.95 3780.75 3773.94 3766.74 3758.45
4752.94 4750.63 4750.12 4751.64 4754.68 4759.3 4761.81 4763.64 4768.42 4771.03 4771.03 4775.45 4786.94 4800.49 4820.91 4849.05 4869.4 4873.23 4869 4865.66 4855.06 4850.42 4849.36 4850.85 4860.77 4868.42 4872.88 4879.72 4886.84 4902.03 4947.72 4984.19 4972.17 4948.67 4923.36 4914.73 4911.8 4912.35 4905.85 4893.77 4888.66 4897.52 4913.7 4917.53 4951.52 5067.16 5171.16 5193.66 5163.85 5095.46 4985.79 4832.49 4638.29 4487.85 4326.14 4160.88 4018.45 3904.29 3843.67 3828.57 3824.81 3792.47 3788.24 3788.1 3787.16 3780.98 3772.24
4758.28 4754.23 4749.79 4748.79 4752.01 4759.59 4763.78 4766.66 4775.37 4781.18 4783.63 4787.13 4794.86 4802.85 4823.17 4858.17 4887.67 4892.13 4889.99 4882.69 4870.2 4854.28 4852.66 4865.68 4876.62 4882.41 4888.73 4894.87 4910.8 4928.67 4948.48 4961.69 4942.7 4920.1 4902.65 4895.2 4894.56 4897.23 4899.47 4865.08 4879.73 4895.74 4911.67 4897.12 4943.95 5095.44 5202.91 5211.09 5200.83 5162.19 5093.73 4985.68 4828.31 4640.82 4436.88 4244.3 4086.49 3944.36 3867.17 3855.8 3854.9 3804.36 3800.45 3802.19 3801.82 3796.03 3787.71
4776.42 4758.34 4749.77 4746.63 4747.79 4755.16 4773.93 4783.69 4793.46 4798.06 4803.1 4807.36 4808.55 4812.28 4828.97 4860.39 4892.99 4910.62 4916.98 4908.62 4898.13 4887.85 4899.24 4908.6 4906.22 4900.04 4895.25 4901.76 4912.87 4924.09 4928.83 4926.89 4907.77 4886.15 4874.16 4870.73 4871.3 4871.06 4861.99 4849.59 4871.09 4898.03 4903.61 4902.58 4943.42 5039.74 5139.75 5202.93 5225.6 5224.83 5204.54 5157.54 5029.02 4800.22 4541.84 4281.32 4079.65 3956.69 3880.77 3874 3869.4 3824.67 3825.2 3824.79 3814.5 3811.06 3806.96
4802.3 4767.7 4750.19 4746.82 4747.66 4757.8 4790.61 4821.81 4813.87 4813.75 4820.4 4830.39 4820.9 4817.84 4832.84 4855.33 4893.23 4937.86 4962.06 4956.57 4950.96 4955.71 4966.66 4954.65 4934.47 4919.31 4903.13 4907.23 4913.27 4910.71 4903.11 4884.84 4864.76 4849.15 4842.41 4843.13 4844.63 4844.83 4840.78 4832.64 4854.01 4897.67 4890.28 4884.6 4912.48 5037.74 5123.02 5188.46 5233.37 5261.46 5283 5296.05 5194.34 4938.56 4656.77 4357.7 4121.26 3984.39 3890.19 3884.98 3880.25 3852.94 3863.7 3871.1 3847.36 3845.7 3843.41
4797.19 4777.19 4752.93 4751.39 4753.98 4766.57 4794.11 4817.03 4818.37 4819.64 4822.94 4822.28 4824.51 4827.11 4839.76 4859.13 4909.95 4976.06 5029.38 5049.03 5017.82 5031.54 5024.2 4967.63 4943.04 4940.52 4928.68 4923.49 4904.01 4898.74 4887.6 4868.74 4850.42 4825.76 4820.99 4824.04 4825.65 4824.45 4821.34 4821.03 4818.93 4836.79 4845.75 4856.56 4926.18 5013.13 5099.93 5166.03 5215.7 5255 5294.33 5323.78 5246.94 5034.51 4785.99 4525.63 4278.77 4065.23 3920.94 3902.02 3891.89 3884.22 3946 4003.05 3941.22 3927.57 3908.39
4779.69 4771.45 4760.81 4762.96 4766.23 4774.13 4788.07 4801.71 4813.43 4819 4822.5 4822.47 4829.3 4839.91 4849.18 4874.83 4934.2 5010.04 5076.86 5090.78 5071.7 4959.77 4907.03 4884.37 4907.26 4961.42 4993.68 4949.77 4910.06 4898.14 4885.95 4866.52 4845.67 4812.86 4810.28 4811.41 4810.99 4808.23 4809.75 4809.82 4795.22 4796.45 4795.48 4820.62 4905.04 5045.91 5080.56 5127.62 5177.4 5216.57 5251.77 5248.62 5206.57 5088.78 4917.62 4698.98 4468.39 4226.2 4043 3946.63 3924.88 3921.84 4000.22 4110.62 4127.41 4055.37 4002.99
4779.54 4779.15 4778.47 4784.79 4785.93 4786.76 4790.65 4799.08 4809.43 4817.71 4824.58 4830.56 4834.78 4842.88 4850.37 4870.38 4941.7 5023.04 5085.22 5030.73 4847.18 4698.74 4647.02 4736 4818.33 4916.42 4985.11 4954.41 4925.84 4913.78 4894.45 4869.56 4845.58 4820.54 4813.05 4809.26 4805.68 4801.07 4789.97 4787.51 4777.64 4772.97 4764.3 4785.74 4850.11 4933.39 5007.59 5063.96 5112.75 5155.1 5191.56 5198.12 5182.74 5136.57 5058.42 4927.46 4704.2 4455.11 4266.93 4146.12 4080.62 4044.88 4087.98 4202.09 4195.36 4157.79 4105.38
4796.39 4810.4 4823.51 4818.89 4808.86 4798.84 4795.85 4798.8 4807.14 4817.12 4826.8 4836.41 4835.59 4831.62 4847.18 4867.35 4939.63 5011.32 5044 4922.07 4678.81 4544.54 4551.55 4630.64 4705.91 4783.65 4868.05 4928 4945.34 4936.78 4909.3 4877.62 4842.34 4832.98 4821.55 4812.23 4806.51 4804.42 4802.42 4792.21 4769.59 4750.55 4737.47 4745.17 4798.83 4866.57 4932.56 4990.25 5037.04 5077.11 5121.86 5164.13 5162.76 5160.65 5173.55 5174.82 4946.42 4703.74 4543.78 4435.92 4321 4227.65 4201.46 4233.57 4235.96 4242.14 4220.11
4862.07 4870.26 4879.45 4854.09 4827.61 4806.87 4792.89 4796.42 4805.35 4816.16 4827.12 4837.71 4843.28 4844.22 4851.88 4872.83 4937.51 4991.53 4981.58 4822.72 4580.48 4541.11 4578.55 4582.53 4606.02 4642.34 4762.39 4916.7 4987.55 4958.77 4915.68 4883.47 4865.05 4848.61 4828.18 4816.31 4808.61 4805.51 4811.9 4809.51 4782.9 4750.53 4741.16 4742.95 4773.2 4822.11 4878.68 4923.05 4960.7 4987.8 5009.19 5047.34 5077.9 5115.68 5164.7 5184.78 5103.27 4959.13 4856.2 4739.13 4584.97 4425.6 4312.74 4321.84 4314.41 4367.23 4373.95
4946.98 4924.19 4909.16 4872.13 4838.4 4812.65 4795.61 4797.75 4806.06 4816.41 4827.75 4839.3 4847.78 4853.07 4856.26 4876.86 4940.01 4987.01 4965.6 4789.04 4575.36 4549.5 4576.03 4555.23 4543.3 4559.33 4706.04 4906.03 4997.55 4959.93 4901.05 4848.87 4827.94 4832.41 4823.37 4816.61 4810.52 4803.63 4806.98 4822.14 4811.39 4771.01 4752.74 4757.45 4776.21 4805.52 4840.35 4870.97 4894.13 4904.76 4899.4 4884.06 4962.94 5018.83 5071.11 5130.66 5184.49 5248.81 5177.83 5058.12 4854.7 4662.23 4521.34 4496.7 4526.38 4569.95 4591.86
5007.08 4946.49 4903.03 4868.89 4840.21 4815.96 4800.68 4801.31 4808.44 4817.37 4827.57 4838.6 4850.32 4855.47 4859.75 4883.82 4938.06 4987.39 4996.83 4790.68 4569.32 4544.71 4559.83 4542.5 4521.56 4534.15 4693.87 4889.41 4970.38 4941.09 4878.51 4815.68 4802.44 4807.77 4811.04 4811.62 4811.62 4809.17 4798.96 4808.6 4817.29 4791.95 4772.32 4773.39 4785.56 4802.27 4816.75 4834.04 4846.24 4850.04 4853.23 4863.74 4888.89 4919.95 4939.65 5006.89 5145.03 5271.99 5311.95 5268.98 5051.62 4898.02 4793.61 4774.23 4822.91 4819.86 4829.77
4967.16 4928.94 4885.63 4854.97 4834.74 4814.54 4805.16 4806.29 4812.61 4819.13 4826.7 4833.89 4838.11 4848.08 4860.62 4886.21 4925.49 4958.7 4942.75 4800.8 4605.9 4547.38 4565.97 4569.69 4548.72 4545.59 4714.42 4898.61 4950.91 4915.97 4857.92 4803.72 4794.56 4795.48 4800.05 4805.25 4812.04 4822.7 4814.12 4797.87 4808.85 4795.62 4781.78 4778.55 4780.33 4791.62 4801.58 4812.91 4819.63 4821.24 4819.2 4823.96 4836.72 4845.34 4848.44 4909.79 5027.69 5118.82 5154.1 5147.67 5101.44 5069.19 5104.31 5114.85 5082.65 5024.16 5018.22
4924.53 4897.66 4865.97 4840.21 4824.87 4813.87 4807.31 4813.71 4817.88 4822.46 4827.27 4832.22 4836.82 4847.27 4860.63 4881.1 4903.95 4918.95 4905.98 4856.82 4779.64 4651.55 4654.92 4657.26 4652.09 4657.81 4770.31 4892.56 4916.22 4885.77 4839.61 4800.72 4789.67 4786.08 4790.33 4797.36 4806.01 4814.91 4813.58 4810.33 4806.51 4794.81 4782.75 4778.55 4776.05 4784.37 4793.49 4801.85 4807.07 4807.16 4804.52 4804.41 4808.17 4807.87 4809.95 4857.15 4924.81 4966.75 4983.53 5016.13 5067.35 5116.04 5187.68 5214.4 5176.31 5128.6 5106.15
4890.03 4869.89 4845.71 4826.93 4822.66 4829.28 4829.79 4826.88 4826.22 4827.48 4829.4 4834.29 4843.38 4849.41 4856.57 4868.16 4877.98 4882.9 4887.45 4902.38 4936.29 4894.85 4793.05 4768.37 4794.45 4832.82 4831.52 4857.63 4869.48 4851.55 4819.08 4790.37 4776.3 4774.52 4781.62 4789.01 4794.38 4794.88 4806.52 4813.59 4813.74 4806.91 4788.02 4781.11 4789.93 4785.94 4788.64 4792.58 4798.04 4803.4 4810.36 4806.6 4800.63 4800.2 4813.73 4839.77 4879.27 4903.42 4914.61 4953.04 5012.84 5066.12 5103.64 5114.66 5192.47 5135.45 5118.83
4858.03 4845.36 4828.35 4814.79 4818.98 4837.6 4843.1 4836.91 4833.2 4831.6 4831.19 4832.65 4837.43 4842.74 4848.2 4851.43 4852.93 4850.67 4856.45 4873.25 4883.9 4880.83 4843.85 4829.24 4852.33 4873.82 4848.42 4834.97 4835.18 4822.9 4800.82 4780.09 4769.45 4771.64 4777.22 4783.49 4789.15 4794.43 4797.24 4810.72 4816.91 4805.37 4788.45 4782.05 4783.56 4780.87 4781 4785.46 4792.38 4802.06 4808.92 4806.69 4800.14 4798.68 4803.5 4822.41 4850.05 4865.84 4882.89 4907.92 4957.01 5004.38 5032.13 5030.62 5037.54 5061.68 5078.66
4837.87 4827.68 4815.79 4806.31 4811.27 4831.23 4840.59 4840.04 4837.69 4835.49 4832.06 4827.75 4823.85 4826.87 4832.26 4834.33 4832.62 4827.75 4830.56 4834.14 4827.67 4823.4 4827.05 4833.34 4841.26 4843.47 4833.91 4822.34 4813.09 4802.3 4786.37 4772.32 4764.66 4771.65 4775.6 4780.31 4785.24 4789.84 4793.49 4798.8 4812.03 4797.98 4788.87 4785.54 4781.75 4771.32 4771.14 4780.09 4789.76 4799.22 4808.89 4804.73 4799.88 4797.71 4800.01 4805 4802.81 4803.41 4797.46 4853.56 4909.55 4966.34 5028.77 5056.96 4989.3 5015.93 5023.53
