real_craters/C102-300m.grd
DSAA
224 224
-33.46 33.46
-33.46 33.46
3689.1176123387 5522.8139332124
[rows 150 to 179 of 224, columns 67 to 133 of 224]
4804.43 4799.28 4794.7 4785.11 4766.46 4764.39 4765.68 4745.26 4744.27 4750.55 4759.07 4767.99 4776.62 4785.03 4792.72 4798.4 4800.47 4802.67 4803.45 4802.32 4800.4 4798.42 4798.6 4798.26 4799.58 4800.9 4805.05 4803.36 4797.6 4800.36 4806.61 4826.98 4852.38 4877.89 4905.12 4937.59 4981.13 5046.21 5080.11 5057.89 5047.27 5024.08 5005.27 4990.06 4974.38 4965.88 4976.68 5005.63 5038.52 5070.68 5104.74 5139.58 5160.88 5106.89 5068.54 5059.26 5038.23 5029.46 5020.97 5012.51 5004 4995.38 4986.56 4977.44 4972.96 4963.37 4953.05
4795.27 4796.54 4795.45 4781.03 4732.23 4672.62 4671.09 4701.32 4723.04 4739.32 4752.57 4763.98 4773.94 4783.42 4792.21 4801.23 4808.43 4805.22 4801.66 4799.78 4799.83 4798.04 4801.95 4802.21 4798.51 4797.41 4795.54 4796.23 4797.1 4797.99 4807.36 4821.04 4838.88 4857.62 4876.97 4894.81 4912.18 4944.87 5002.16 5011.87 5018.92 5007.57 4991.4 4979.08 4970.19 4961.86 4970.14 4985.59 5004.35 5021.68 5036.01 5038.48 5029.68 5021.79 5011.08 5009.66 4996.98 4994.26 4990.57 4985.81 4980.12 4973.61 4966.35 4958.35 4947.82 4945.86 4935.89
4796.76 4793.38 4794.44 4781.29 4719.39 4626.95 4625.36 4680.8 4713.85 4734.94 4750.27 4762.87 4773.04 4781.96 4790.29 4798.68 4805.19 4802.77 4799.87 4797.22 4795.85 4794.45 4793.66 4794.75 4795.03 4795.29 4794.72 4795.7 4796.95 4800.44 4806.32 4816.42 4828.12 4839.73 4850.17 4854.75 4850.84 4857.64 4896.25 4939.41 4971.06 4977.11 4968.88 4964.27 4966.41 4971.95 4966.46 4966.79 4972.06 4974.58 4970.57 4950.86 4919 4919.18 4944.84 4958.21 4954.53 4956.81 4956.67 4954.61 4951.04 4946.22 4940.34 4933.5 4921.81 4922.04 4913.18
4786.94 4787.3 4788.22 4779.63 4752.32 4728.99 4701.21 4708.55 4725.21 4740.91 4754.02 4764.58 4773.65 4781.21 4787.33 4791.56 4795.49 4797.08 4796.86 4795.22 4795.15 4792.44 4786.93 4788.76 4791.33 4794.26 4798.92 4798.19 4798.26 4801.44 4807.1 4814.17 4821.47 4828.62 4832.35 4831.89 4826.34 4821.4 4823.48 4871.79 4925.29 4935.06 4930.27 4935.99 4950.43 4960.21 4951.23 4943.3 4939.93 4937.13 4927.81 4902.26 4868.85 4872.41 4897.79 4917.54 4916.8 4922.53 4925.35 4925.91 4924.62 4921.75 4917.51 4912.03 4901.2 4902.23 4894.19
4783.25 4783.93 4781.43 4779.04 4781.99 4792.2 4766.13 4746.85 4746.33 4753.13 4761.7 4770.01 4777.14 4782.49 4786.06 4787.01 4789.67 4792.82 4796.47 4795.97 4793.42 4791.39 4787.49 4787.73 4788.55 4790.13 4796.36 4798.48 4800.81 4803.17 4809.71 4814.27 4818.24 4821.87 4823.73 4822.25 4818.68 4808.38 4800.35 4821.97 4847.15 4861.85 4876.14 4891.41 4913.76 4934.28 4918.46 4909.42 4905.61 4904.8 4902.44 4904.42 4868.57 4861.47 4876.55 4889.95 4888.63 4894.18 4897.29 4898.37 4897.76 4895.69 4892.34 4887.85 4883.65 4885.25 4878.09
4782.28 4783.46 4780.1 4780.43 4785.86 4787.4 4780 4769.23 4764.96 4766.92 4771.49 4777.08 4782.4 4786.66 4789 4789.34 4790.83 4794.39 4795.04 4794.26 4791.18 4790.95 4791.06 4789 4787.42 4785.47 4784.15 4798.78 4808.88 4814.45 4814.72 4815.97 4817.38 4819.02 4820.97 4821.08 4815.49 4806.81 4795.36 4796.61 4795.67 4800.08 4823.86 4838.21 4848.79 4860.73 4868.59 4871.85 4873.33 4873.43 4873.62 4873.4 4871.78 4863 4866.97 4873.83 4867.34 4871.19 4873.73 4874.88 4874.69 4873.25 4870.68 4867.06 4861.89 4864.93 4859.11
4781.17 4783.17 4781.56 4783.16 4786.11 4786.2 4785.21 4781.3 4778.65 4779.03 4781.58 4785.38 4789.6 4793.14 4795.67 4796.62 4796.59 4797.03 4793.54 4792.1 4791.02 4790.34 4791.72 4789.82 4788.65 4788.23 4793.52 4803.6 4816.17 4821.3 4818.38 4816.57 4816.62 4818.19 4821.7 4826.86 4828.33 4819.38 4809.9 4801.25 4788.39 4784.12 4792.89 4795.2 4788.39 4798.55 4823.07 4837.56 4844.23 4845.42 4843.4 4850.17 4863.22 4859.35 4859.49 4850.57 4851.94 4853.89 4855.56 4856.51 4856.58 4855.71 4853.92 4851.27 4852.23 4854.03 4848.97
4779.69 4783.61 4781.48 4785.01 4790.22 4792.65 4790.52 4789.2 4787.9 4787.92 4790.1 4793.33 4796.9 4800.25 4803.92 4807.52 4804.04 4799.39 4796.17 4793.41 4790.56 4787.88 4787.25 4790.14 4792.37 4792.43 4794.86 4806.35 4820.62 4822.73 4816.63 4814.08 4813.89 4815.21 4818.82 4827.81 4843.26 4828.4 4821.35 4813.32 4796.18 4788.4 4782.83 4776.04 4762.06 4772.08 4796.63 4813.74 4823.11 4826.08 4819.87 4816.39 4841.49 4850.73 4851.65 4842.51 4842.63 4843.69 4844.87 4845.67 4845.82 4845.22 4843.85 4841.74 4850.19 4851.36 4846.48
4778.51 4787.82 4788.72 4791.38 4794.78 4796.94 4796.81 4795.16 4795.18 4794.9 4796.99 4800.32 4804.13 4807.24 4808.91 4809.21 4808.07 4803.75 4799.5 4795.31 4790.91 4787.7 4788.21 4791.75 4797.35 4806.85 4808.04 4804.66 4800.54 4807.86 4809.86 4809.81 4809.82 4809.69 4809.6 4811.09 4816.13 4816.31 4814.93 4808.66 4800.91 4788.46 4785.84 4778.76 4772.68 4776.7 4789.28 4802.84 4813.32 4819.5 4820.58 4828.66 4849.42 4844.97 4845.92 4838.68 4840.36 4842.65 4844.78 4846.32 4847.04 4846.85 4845.76 4843.83 4840.57 4837.2 4835.49
4785.6 4798.34 4798.14 4799.35 4801.04 4801.71 4803.34 4801.41 4801.48 4800.79 4802.88 4807.33 4811.67 4815.66 4816.37 4811.84 4812.88 4808.71 4803.2 4797.3 4791.99 4787.09 4787.95 4792.91 4798.65 4803.43 4805.75 4803.63 4799.84 4801.57 4804.11 4804.5 4804.29 4802.28 4798.5 4790.85 4784.58 4799.2 4807.16 4814.65 4806.65 4804.39 4798.71 4791.48 4786.21 4786.97 4792.71 4801.81 4811.64 4822.19 4834.33 4836.17 4832.53 4829.23 4831.59 4828.18 4830.11 4832.06 4833.7 4834.87 4835.48 4835.48 4834.9 4843.43 4841.3 4838.52 4836.53
4792.24 4805.71 4803.52 4806.87 4809.39 4808.26 4807.1 4806.85 4806.4 4807.89 4810.57 4814.65 4819.79 4825.65 4831.84 4831.91 4823.19 4814.82 4807.17 4800.33 4794.59 4790.34 4790.58 4794.15 4798.65 4802.82 4804.05 4804.54 4806.24 4802.55 4801.23 4800.47 4799.31 4796.91 4792.72 4787.24 4785.44 4790.74 4795.56 4797.29 4804.02 4813.87 4809.93 4802.38 4800.81 4795.9 4796.46 4801.42 4808.93 4819.08 4832.11 4812.99 4799.87 4810.39 4817.45 4820.28 4823.46 4825.7 4827.21 4828.13 4828.56 4828.55 4828.16 4832.3 4831.14 4829.54 4828.69
4798.37 4816.98 4814.24 4814.88 4814.28 4810.85 4807.71 4806.38 4806.76 4808.63 4811.57 4816.4 4822.58 4831.23 4841.26 4842.63 4830.25 4819.09 4810.13 4802.61 4797.01 4794.02 4793.53 4795.32 4798.03 4801.14 4801.34 4801.57 4801.36 4799.66 4797.87 4796.68 4795.5 4793.95 4791.85 4789.34 4787.89 4788.46 4787.84 4780.77 4795.89 4809.97 4807.73 4802.06 4800.52 4797.11 4797.08 4800 4804.02 4806.94 4804.36 4789.41 4787.97 4798.69 4809.33 4813.52 4817.61 4820.31 4822.04 4823.06 4823.54 4823.59 4823.29 4827.93 4826.76 4825.33 4825.11
4799.91 4834.64 4830.74 4819.24 4813.16 4807.57 4804.21 4802.79 4803.31 4804.9 4808.35 4813.04 4819.26 4828.08 4837.68 4838.32 4828.71 4818.96 4810.75 4803.66 4798.27 4794.85 4795.11 4796.48 4797.24 4796.32 4797 4796.54 4795.88 4794.37 4793.63 4793.08 4792.23 4791.85 4791.6 4793.25 4791.71 4789.46 4789.51 4796.04 4793.25 4789.84 4786.73 4788.65 4793.3 4792.27 4794.48 4797.05 4799.62 4799.55 4792.99 4789.32 4792.57 4799.5 4809.32 4816.25 4821.23 4824.67 4826.91 4828.22 4828.81 4828.82 4828.39 4828.52 4827.4 4826.08 4829.13
4789.51 4826.6 4823.49 4808.56 4801.46 4797.58 4796.67 4796.39 4797.38 4799.49 4801.79 4805.71 4810.78 4817.2 4825.64 4826.25 4820.45 4814.85 4809.38 4803.54 4798.5 4796.31 4797.03 4798.66 4799.13 4797.23 4793.75 4790.28 4788.5 4788.5 4788.79 4789.26 4789.75 4790.05 4790.57 4789.5 4790.28 4790.2 4789.78 4786.68 4783.4 4774.6 4767.25 4772.57 4776.79 4786.24 4793.06 4798.3 4801.31 4802.01 4801.07 4797.81 4802.1 4807.58 4814.6 4819.86 4824.06 4827.12 4829.15 4830.32 4830.77 4830.64 4830.04 4829.81 4828.54 4827.11 4830.16
4772.37 4786.29 4788.23 4783.23 4779.25 4783.58 4786.91 4789.48 4791.09 4793.46 4795.49 4797.44 4799.16 4800.48 4801.69 4807.26 4808.97 4808.7 4807.24 4804 4800.08 4796.79 4799.94 4802.06 4802.87 4799.47 4791.17 4784.42 4781.98 4783.2 4785 4786.42 4787.29 4788.39 4790.65 4792.23 4791.68 4790.78 4790.44 4790.71 4788.17 4781.78 4778.93 4771.53 4774.91 4784.98 4794.6 4802.14 4807.55 4811.09 4813.21 4817.71 4818.01 4819.01 4820.31 4825.18 4827.56 4829.31 4830.39 4830.84 4830.76 4830.24 4829.37 4826.93 4825.77 4824.55 4824.62
4755.59 4751.32 4756.47 4762.66 4765.33 4772.91 4778.69 4782.47 4785.59 4787.29 4788.6 4789.22 4788.59 4786.1 4783 4790.79 4798.73 4803.49 4805.82 4806.64 4806.8 4805.91 4805.27 4805.4 4805.49 4800.31 4788.76 4776.67 4775.61 4779.71 4782.77 4784.72 4786.1 4786.8 4788.74 4796.42 4791.47 4790.64 4790.94 4792.31 4791.18 4786.36 4784.27 4776.65 4779.99 4789.83 4799.79 4808.95 4817.01 4824.34 4833.25 4842.19 4833.06 4829.43 4829.92 4829.78 4829.83 4829.76 4829.48 4828.96 4828.23 4827.31 4826.28 4824.17 4823.17 4822.22 4818.44
4746.14 4741.07 4748.62 4756.44 4762.21 4768.66 4773.88 4777.11 4779.94 4781.88 4782.78 4782.56 4781.2 4778.71 4777.99 4784.82 4793.27 4800.28 4805.54 4810 4812.24 4812.23 4809.77 4807.21 4804.22 4798.54 4789.44 4779.08 4777.86 4781.44 4784.28 4786.13 4786.69 4786.35 4783.11 4778.2 4787.04 4790.09 4790.56 4788.47 4784.36 4786.25 4785.91 4790 4791.99 4798.29 4808.16 4818.41 4827.62 4835.96 4840.39 4842.43 4841.45 4838.09 4837.41 4835.4 4833.82 4832.47 4831.21 4829.98 4828.73 4827.45 4826.16 4821.64 4820.59 4819.68 4818.96
4742.42 4740.47 4751.53 4758.24 4763.13 4767.89 4770.85 4774.33 4777.01 4778.55 4779.21 4778.76 4777.81 4777.28 4777.61 4783.26 4791.22 4798.72 4805.7 4812.85 4818.8 4817.1 4812.28 4807.76 4803.05 4798.78 4793.95 4790.65 4786.99 4787.13 4788.06 4789.14 4789.68 4789.26 4788.09 4786.8 4790.06 4792.74 4793.65 4791.42 4786.31 4791.77 4790.73 4794.63 4798.38 4806.6 4817.62 4829.36 4839.66 4848.11 4851.98 4852.84 4850.07 4845.95 4843.88 4840.05 4836.67 4833.77 4831.24 4829.01 4827.01 4825.19 4828.44 4826.7 4825.04 4823.5 4822.12
4745.15 4748.12 4758.13 4762.52 4765.89 4769.36 4772.6 4775.3 4777.24 4778.41 4779.93 4779.82 4778.41 4777.4 4779.2 4783.65 4790.48 4797.45 4804.41 4811.51 4819.66 4817.4 4811.34 4807.03 4803.9 4800.77 4798.14 4795.94 4794.43 4793.42 4793.78 4794.08 4793.84 4794.11 4796.55 4798.24 4796.8 4798.33 4800.39 4802.74 4808.64 4804.4 4804.48 4792.72 4801.63 4814.2 4827.73 4840.96 4853 4861.5 4867.77 4868.37 4861.73 4856.07 4853.63 4848.71 4844.22 4840.2 4836.62 4833.42 4830.56 4827.98 4830.86 4828.57 4826.41 4824.38 4822.5
4752.19 4758.58 4765.85 4766.74 4768.98 4771.77 4774.44 4776.51 4778.51 4780.43 4780.13 4779.53 4778.55 4777.66 4779.18 4784.44 4790.04 4795.92 4801.51 4806.29 4807.55 4809.01 4806.48 4802.64 4802.93 4801.15 4801.75 4801.74 4800.91 4800.08 4799.68 4799.39 4799.02 4798.1 4797.21 4798.92 4801.11 4803.63 4806.77 4811.13 4815.6 4811.35 4800.94 4798.05 4808.5 4822.62 4838 4853.49 4867.51 4877.17 4881.51 4880.82 4872.06 4864.27 4862.14 4856.5 4851.44 4846.88 4842.75 4838.99 4835.56 4832.41 4829.43 4826.74 4823.86 4821.54 4819.39
4758.5 4764.46 4768.04 4770.16 4771.8 4773.61 4775.76 4778.09 4780.01 4780.69 4780.69 4780.84 4780.41 4779.82 4781.52 4785.7 4789.94 4794.47 4798.64 4801.96 4804.37 4803.88 4801.86 4797.65 4791.8 4800.43 4805.47 4808.04 4806.84 4805.91 4805.4 4805.19 4804.94 4803.47 4798.5 4800.97 4805.71 4808.48 4811.04 4814.04 4819.76 4814.51 4808.23 4807.64 4817.65 4831.51 4848.18 4865.57 4882.22 4895.66 4899.31 4891.85 4880.08 4870.63 4867.6 4861.33 4855.76 4850.73 4846.14 4841.94 4838.06 4834.45 4830.82 4827.63 4822.46 4819.7 4817.09
4762.5 4768.05 4770.85 4771.93 4773.91 4776.08 4777.75 4779.22 4780.54 4781.76 4782.64 4783.28 4783.87 4784.85 4785.48 4787.47 4790.07 4793.16 4796.57 4798.62 4798.74 4799.89 4799.18 4799.27 4801.79 4804.09 4808.45 4811.04 4811.62 4811.02 4810.49 4810.75 4811.67 4812.8 4813.83 4812.32 4812.28 4812.75 4813.23 4813.19 4808.53 4808.9 4815.58 4820.58 4824.5 4838.4 4856 4874.75 4892.27 4905.06 4905.28 4895.78 4883.17 4874.21 4870.28 4863.65 4857.66 4852.2 4847.2 4842.6 4838.34 4834.37 4829.33 4824.64 4821.4 4818.31 4815.33
4763.92 4769.55 4772.37 4774.05 4777 4778.85 4780.05 4781.21 4781.96 4783.38 4785.14 4786.6 4787.39 4787.61 4788.72 4789.27 4790.11 4791.67 4794.21 4798.71 4800.75 4797.6 4796.47 4796.9 4800.26 4806.71 4813.54 4816.08 4815.35 4814.58 4814.37 4815.3 4817.26 4821.37 4824.86 4821.65 4818.15 4816.34 4815.19 4813.99 4814.84 4814.32 4807.02 4807.52 4824.19 4841.37 4860.29 4880.06 4897.56 4904.06 4897.41 4892.24 4882.58 4874.28 4870.54 4864.07 4858.03 4852.49 4847.38 4842.64 4838.21 4834.05 4827.95 4824.07 4820.56 4817.17 4813.84
4770.8 4776.31 4781.31 4783.29 4781.91 4781.86 4782.54 4783.42 4784.6 4786.15 4788.34 4790.74 4792.39 4792.24 4792.03 4790.97 4789.84 4789.25 4789.1 4789.79 4792.83 4792.25 4792.93 4794.74 4799.03 4806.77 4816.37 4818.46 4816.84 4816.32 4816.33 4817.35 4819.25 4823.55 4830.92 4824.77 4820.91 4818.53 4816.63 4814.26 4809.89 4803.14 4802.37 4809.58 4824.74 4842.49 4861.49 4881.08 4899.92 4904.77 4890.15 4887.08 4880.06 4872.55 4869.79 4863.84 4858.19 4852.92 4847.97 4843.31 4838.9 4834.7 4828.08 4824.31 4820.6 4816.96 4813.33
4784.12 4786.77 4788.2 4787.56 4785.9 4784.91 4784.99 4785.67 4786.89 4788.66 4790.81 4793.93 4798.29 4801.43 4796.47 4792.37 4789.34 4786.96 4784.15 4779.59 4780.6 4786.18 4788.94 4792.97 4797.64 4803.45 4808.73 4813.72 4815.36 4815.92 4816.5 4817.11 4817.79 4817.99 4818.06 4821 4820.85 4819.84 4818.45 4815.81 4811.17 4805.19 4803.42 4814.16 4826.31 4841.78 4859.29 4877.08 4892.41 4896.82 4888.25 4883.31 4875.49 4871.58 4865.67 4859.71 4854.1 4848.82 4843.87 4839.21 4834.81 4831.14 4827.14 4823.71 4819.86 4816.03 4812.19
4791.86 4794.68 4794.71 4789.71 4787.71 4786.62 4786.27 4787.71 4788.7 4790.13 4791.93 4794.27 4797.94 4800.37 4796.41 4791.9 4788.33 4785.36 4782.58 4781.41 4782.15 4784.79 4787.03 4786.25 4793.78 4800.6 4804.66 4809.68 4813.11 4814.91 4815.98 4816.68 4816.67 4815.42 4814.24 4818.63 4820.19 4820.6 4820.43 4819.39 4817.91 4814.77 4804.77 4814.06 4824.76 4839.08 4855.17 4870.4 4880.61 4885.03 4884.33 4879.56 4874.13 4867.18 4861.48 4855.91 4850.66 4845.71 4841.01 4836.55 4832.3 4826.65 4822.75 4818.97 4815.29 4811.64 4807.99
4795.08 4799.24 4799.71 4793.14 4788.84 4787.97 4787.72 4788.32 4789.57 4790.66 4791.62 4792.44 4793.32 4793.78 4792.65 4790.25 4787.6 4785.03 4782.68 4780.78 4782.97 4786.65 4790.42 4794.39 4797.4 4801.54 4805.65 4808.79 4811.64 4814.06 4815.65 4816.59 4816.74 4818.08 4819.05 4819.15 4820.69 4821.43 4821.98 4822.88 4824.15 4823.81 4809.5 4811.36 4820.42 4834.24 4849.76 4865 4877.2 4879.4 4878.35 4874.39 4869.47 4862.46 4857.16 4850.99 4846.15 4841.55 4837.16 4832.96 4828.93 4825.04 4821.27 4816.95 4813.32 4809.73 4806.12
4800.17 4800.55 4799.63 4791.22 4788.26 4788.43 4789.06 4789.59 4789.56 4790.46 4790.9 4790.5 4787.61 4787.91 4789.67 4789.04 4787.37 4785.4 4784.31 4785.13 4786.38 4789.78 4794.49 4799.55 4800.88 4803.45 4805.73 4808.36 4810.78 4812.94 4814.82 4816.23 4816.82 4817.23 4818.34 4820.05 4821.34 4822.53 4823.23 4824.72 4827.34 4831 4824.35 4814.6 4817.11 4829.61 4844.13 4858.81 4872.91 4879.03 4874.21 4868.32 4862.29 4858.18 4849.9 4844.27 4839.93 4835.72 4831.74 4827.91 4824.2 4820.6 4817.6 4814.12 4810.67 4807.23 4803.8
4797.46 4796.66 4795.9 4789.27 4787.38 4788.69 4789.63 4790.74 4791.13 4791.66 4791.97 4792.04 4789.99 4789.09 4789.65 4789.06 4787.65 4786.17 4784.71 4785.43 4788.3 4792.35 4796.78 4800.05 4801.04 4803.77 4807.64 4806.96 4809.29 4812.22 4815.02 4816.87 4817.27 4817.59 4818.91 4820.71 4821.61 4822.65 4823.15 4824.21 4825.52 4825.41 4827.67 4816.79 4815.35 4826.44 4838.43 4849.56 4859.91 4870.55 4864.7 4857.37 4853.42 4849.35 4842.17 4836.96 4833.16 4829.55 4826.07 4822.68 4819.36 4816.1 4813.46 4810.22 4807.01 4803.81 4800.65
4789.53 4789.34 4787.67 4787.45 4788.66 4790.12 4790.98 4791.53 4792.2 4792.57 4793.48 4795.5 4798.96 4795.74 4791.99 4790.13 4788.63 4787.19 4785.82 4785.73 4789.99 4794.35 4798.3 4800.15 4798.69 4795.49 4796.84 4802.86 4807.15 4811.1 4815.16 4818.53 4820.02 4816.81 4820.56 4822.7 4823 4822.72 4822.36 4822.4 4822.88 4823.89 4826.54 4820.03 4817.8 4827.63 4834.65 4839.1 4841.77 4841.71 4845.47 4843.15 4842 4838.12 4835.37 4829.83 4826.75 4823.67 4820.72 4817.79 4814.86 4811.94 4809.39 4806.45 4803.53 4800.63 4797.77
