real_craters/C102-750m.grd
DSAA
90 90
-33.46 33.46
-33.46 33.46
3689.9619171605 5456.6792048046
[rows 0 to 37 of 90, columns 0 to 83 of 90]
4817 4810 4800 4794 4796 4799 4802 4803 4810 4819 4829 4839 4839 4837 4847 4849 4852 4857 4860 4862 4866 4870 4874 4878 4888 4906 4915 4916 4916 4915 4917 4913 4912 4921 4933 4941 4948 4948 4945 4941 4937 4932 4928 4923 4920 4917 4925 4928 4927 4927 4920 4912 4910 4909 4918 4924 4928 4951 4954 4951 4953 4953 4950 4946 4944 4945 4947 4947 4946 4942 4943 4947 4956 4963 4969 4975 4980 4986 4992 5001 5011 5025 5039 5051
4810 4812 4795 4789 4794 4800 4806 4808 4814 4822 4826 4828 4835 4841 4846 4846 4858 4871 4862 4862 4865 4864 4869 4878 4890 4922 4923 4913 4905 4903 4907 4909 4907 4918 4927 4936 4938 4939 4940 4939 4938 4936 4931 4923 4920 4924 4927 4930 4931 4924 4917 4912 4908 4907 4913 4919 4921 4933 4939 4945 4946 4948 4945 4941 4941 4941 4943 4943 4944 4939 4943 4948 4952 4957 4963 4970 4975 4982 4995 4998 5009 5023 5036 5049
4807 4803 4795 4791 4795 4801 4801 4811 4817 4822 4827 4828 4834 4842 4849 4845 4848 4853 4855 4857 4865 4864 4872 4881 4893 4904 4910 4905 4901 4899 4902 4907 4912 4917 4925 4929 4934 4937 4938 4938 4937 4936 4935 4937 4932 4931 4935 4930 4925 4916 4912 4908 4904 4903 4908 4914 4915 4916 4919 4921 4935 4943 4941 4935 4933 4935 4936 4939 4941 4939 4946 4947 4949 4955 4961 4966 4971 4976 4983 4992 5004 5018 5033 5043
4803 4802 4799 4798 4799 4802 4808 4810 4816 4821 4827 4831 4834 4838 4841 4840 4843 4845 4850 4863 4867 4884 4884 4881 4885 4899 4893 4886 4887 4891 4896 4904 4909 4914 4922 4927 4929 4935 4937 4937 4936 4934 4934 4932 4931 4929 4928 4925 4920 4914 4908 4904 4900 4899 4902 4905 4908 4905 4908 4915 4927 4938 4932 4927 4923 4933 4933 4938 4933 4944 4953 4945 4948 4955 4961 4967 4972 4975 4980 4988 5000 5013 5025 5039
4803 4798 4806 4806 4805 4804 4809 4815 4812 4815 4823 4830 4832 4835 4838 4838 4842 4846 4848 4859 4872 4901 4892 4880 4881 4888 4885 4879 4877 4884 4891 4896 4904 4912 4917 4921 4933 4936 4938 4938 4938 4936 4932 4928 4929 4929 4927 4924 4918 4911 4908 4904 4901 4901 4903 4906 4906 4902 4904 4912 4918 4918 4922 4923 4925 4938 4947 4947 4944 4951 4950 4944 4950 4957 4964 4970 4975 4977 4982 4990 5000 5011 5021 5033
4811 4808 4809 4814 4813 4810 4814 4803 4810 4820 4817 4822 4829 4833 4835 4837 4838 4845 4856 4869 4876 4894 4891 4886 4880 4877 4879 4879 4879 4880 4889 4896 4904 4912 4912 4919 4931 4936 4937 4938 4937 4936 4932 4930 4925 4930 4933 4926 4920 4911 4912 4906 4902 4907 4912 4918 4910 4899 4893 4902 4909 4914 4919 4926 4934 4947 4954 4954 4954 4955 4954 4957 4958 4961 4968 4975 4982 4989 4994 4996 5002 5010 5018 5027
4822 4826 4831 4824 4824 4825 4816 4810 4810 4816 4817 4823 4832 4838 4835 4829 4850 4848 4852 4862 4877 4885 4883 4879 4877 4875 4872 4874 4869 4878 4889 4900 4910 4913 4913 4914 4930 4932 4935 4938 4941 4936 4931 4925 4922 4922 4926 4927 4932 4948 4921 4909 4906 4913 4920 4922 4915 4905 4897 4906 4911 4912 4920 4933 4950 4969 4969 4969 4964 4964 4975 4969 4965 4968 4977 4986 4994 4997 5002 5005 5007 5009 5012 5014
4832 4828 4824 4827 4830 4830 4818 4800 4806 4819 4829 4834 4837 4841 4846 4855 4855 4843 4839 4845 4862 4873 4873 4867 4870 4870 4867 4863 4868 4877 4889 4905 4914 4922 4912 4908 4917 4924 4932 4937 4939 4937 4931 4924 4916 4916 4922 4927 4929 4928 4921 4908 4901 4907 4924 4929 4925 4919 4918 4911 4907 4909 4918 4935 4957 4968 4972 4976 4966 4967 4981 4966 4961 4971 4984 4997 5010 5022 5020 5015 5013 5011 5007 5005
4839 4830 4827 4830 4835 4839 4830 4809 4808 4821 4836 4842 4843 4844 4847 4827 4824 4835 4828 4841 4858 4873 4871 4867 4866 4866 4867 4869 4870 4877 4886 4894 4911 4923 4926 4911 4909 4917 4930 4940 4941 4942 4936 4933 4928 4925 4930 4936 4932 4933 4931 4911 4898 4904 4915 4931 4932 4930 4928 4914 4905 4909 4918 4931 4942 4950 4958 4964 4965 4969 4963 4956 4959 4974 4987 5003 5021 5042 5036 5024 5016 5011 5006 5001
4843 4835 4829 4836 4843 4842 4846 4832 4820 4828 4850 4847 4844 4843 4844 4854 4865 4850 4839 4863 4886 4886 4879 4875 4868 4865 4865 4868 4874 4877 4884 4894 4910 4932 4950 4913 4904 4913 4932 4951 4958 4952 4947 4948 4953 4943 4941 4955 4971 4970 4959 4941 4926 4915 4917 4934 4938 4937 4933 4921 4908 4915 4926 4924 4925 4927 4938 4944 4955 4960 4959 4959 4975 4979 4990 5005 5022 5038 5036 5026 5019 5013 5007 5002
4848 4844 4837 4847 4859 4866 4872 4843 4821 4821 4839 4839 4838 4840 4849 4858 4869 4864 4872 4890 4906 4891 4877 4868 4864 4862 4864 4863 4867 4876 4885 4901 4934 4958 4974 4936 4910 4915 4938 4961 4970 4956 4942 4943 4936 4907 4939 4965 4986 4979 4974 4979 4964 4947 4937 4945 4946 4944 4940 4933 4928 4921 4912 4916 4918 4918 4926 4933 4947 4962 4957 4962 4970 4975 4986 5002 5019 5029 5030 5026 5016 5011 5007 5003
4856 4855 4862 4863 4866 4866 4842 4842 4830 4819 4820 4827 4829 4830 4831 4841 4853 4859 4876 4906 4907 4883 4869 4861 4856 4857 4857 4859 4865 4875 4888 4912 4969 4998 4980 4970 4941 4929 4948 4965 4969 4957 4943 4941 4937 4936 4943 4963 4977 4962 4962 5001 4982 4959 4953 4956 4953 4950 4944 4940 4938 4925 4913 4918 4922 4924 4929 4935 4943 4951 4957 4945 4952 4961 4975 4990 5010 5029 5022 5015 5012 5010 5008 5005
4871 4862 4877 4868 4853 4845 4844 4838 4832 4822 4818 4822 4824 4823 4818 4827 4838 4844 4857 4876 4877 4869 4863 4857 4853 4856 4860 4855 4865 4882 4902 4940 4977 4972 4971 4970 4960 4953 4964 4971 4970 4962 4954 4958 4950 4945 4950 4959 4958 4950 4944 4949 4961 4962 4961 4963 4960 4957 4953 4945 4930 4925 4925 4933 4939 4945 4942 4943 4944 4948 4944 4930 4936 4949 4961 4972 4979 4990 5005 5011 5009 5009 5010 5008
4892 4899 4884 4862 4844 4833 4833 4834 4836 4828 4822 4822 4822 4823 4824 4822 4828 4841 4851 4862 4855 4856 4862 4856 4852 4856 4857 4857 4869 4891 4923 4962 4975 4971 4965 4963 4962 4970 4982 4996 4983 4965 4962 4988 4975 4951 4956 4960 4958 4945 4932 4922 4945 4968 4975 4971 4966 4962 4960 4955 4946 4944 4951 4951 4953 4962 4968 4952 4942 4943 4942 4936 4933 4940 4951 4962 4967 4974 4994 5003 5002 5006 5008 5012
4893 4892 4864 4845 4837 4831 4828 4828 4831 4837 4831 4825 4824 4826 4829 4827 4825 4834 4839 4842 4847 4845 4855 4853 4851 4857 4865 4861 4875 4898 4924 4958 4964 4964 4963 4953 4956 4970 4991 5007 4991 4963 4955 4976 4983 4972 4964 4955 4951 4946 4929 4914 4945 4978 4983 4974 4967 4963 4960 4955 4947 4944 4950 4956 4959 4963 4971 4956 4941 4935 4935 4929 4928 4932 4943 4961 4986 4995 4998 5004 5010 5009 5013 5017
4878 4863 4848 4836 4830 4827 4822 4820 4819 4823 4826 4824 4822 4819 4819 4827 4827 4826 4832 4836 4843 4846 4847 4850 4853 4855 4856 4868 4882 4900 4922 4938 4937 4940 4939 4931 4930 4955 4987 5006 4991 4964 4958 4971 4970 4971 4972 4975 4972 4966 4956 4935 4956 4980 4980 4969 4964 4960 4956 4950 4940 4937 4943 4951 4962 4976 4982 4958 4937 4933 4934 4929 4920 4919 4936 4957 4980 4994 5000 5007 5014 5015 5019 5021
4873 4859 4844 4834 4824 4820 4817 4815 4813 4818 4821 4822 4821 4819 4821 4826 4825 4824 4829 4832 4836 4842 4844 4858 4859 4857 4859 4867 4884 4902 4912 4924 4930 4923 4924 4920 4922 4948 4979 5001 4991 4970 4967 4985 4974 4980 4982 4983 4989 4996 5003 4981 4974 4975 4962 4964 4965 4962 4954 4941 4936 4938 4934 4944 4959 4975 4975 4957 4939 4933 4927 4931 4918 4912 4933 4951 4963 4983 4998 5008 5016 5022 5027 5028
4863 4850 4838 4829 4822 4818 4814 4811 4809 4813 4819 4823 4823 4819 4815 4819 4802 4827 4829 4827 4833 4838 4850 4865 4864 4856 4854 4866 4889 4910 4922 4901 4909 4908 4913 4916 4923 4942 4968 4990 4999 4995 4993 4989 5016 5004 4995 4991 5007 5024 5028 5009 4989 4976 4967 4967 4969 4967 4960 4946 4935 4925 4927 4938 4953 4968 4974 4967 4962 4938 4916 4920 4913 4923 4938 4955 4970 4985 4999 5010 5018 5026 5032 5035
4848 4836 4828 4820 4816 4813 4810 4807 4807 4812 4819 4825 4830 4829 4825 4821 4821 4826 4827 4829 4838 4842 4848 4857 4860 4856 4852 4867 4894 4921 4920 4896 4891 4893 4909 4922 4936 4946 4965 4991 5014 5035 5040 5040 5030 5029 5021 5003 5031 5051 5063 5030 5007 4992 4986 4984 4983 4979 4975 4971 4952 4930 4926 4927 4948 4966 4980 4976 4963 4937 4916 4910 4921 4936 4951 4967 4977 4991 5001 5010 5018 5029 5037 5041
4831 4823 4818 4814 4812 4807 4805 4803 4808 4814 4819 4828 4837 4838 4822 4821 4819 4819 4825 4858 4851 4848 4851 4853 4865 4864 4857 4872 4899 4924 4925 4896 4889 4896 4916 4935 4949 4958 4972 5003 5036 5058 5071 5069 5055 5061 5068 5073 5063 5069 5077 5043 5024 5039 5032 5017 5001 4992 4987 4983 4966 4943 4939 4945 4955 4965 4968 4968 4947 4932 4924 4928 4933 4945 4959 4982 5001 4998 5002 5008 5017 5026 5036 5044
4825 4816 4812 4807 4804 4802 4801 4801 4806 4809 4817 4826 4836 4844 4832 4827 4821 4816 4820 4841 4853 4874 4880 4894 4885 4877 4874 4886 4902 4919 4920 4917 4897 4918 4931 4952 4974 4992 5003 5035 5073 5094 5093 5095 5100 5099 5099 5092 5075 5063 5055 5030 5023 5027 5033 5024 5007 4998 4993 4985 4974 4964 4963 4967 4971 4972 4974 4970 4961 4953 4946 4940 4929 4934 4953 4976 4991 4992 4994 5000 5007 5015 5025 5035
4824 4814 4807 4802 4800 4799 4798 4798 4803 4805 4814 4821 4826 4824 4830 4829 4828 4824 4818 4824 4839 4847 4871 4887 4902 4915 4919 4903 4901 4905 4910 4917 4913 4935 4945 4967 4992 5028 5054 5082 5131 5160 5149 5153 5155 5135 5110 5086 5060 5038 5017 5003 4996 4994 5001 5004 5004 5004 5000 4991 4984 4989 4993 4995 4989 4982 4980 4974 4973 4967 4960 4944 4937 4938 4949 4960 4970 4977 4982 4987 4993 4998 5002 5000
4826 4814 4804 4797 4800 4798 4796 4798 4802 4806 4810 4816 4825 4824 4821 4825 4832 4843 4823 4821 4830 4841 4866 4897 4907 4911 4913 4904 4896 4894 4915 4916 4930 4946 4964 4974 4988 5018 5084 5112 5170 5226 5241 5247 5219 5165 5111 5069 5036 5009 4990 4978 4967 4964 4979 4982 5002 5014 5020 5013 5008 5028 5036 5018 5000 4982 4971 4976 4977 4975 4963 4946 4944 4943 4945 4946 4953 4961 4966 4970 4973 4976 4977 4967
4828 4815 4802 4790 4789 4792 4793 4794 4796 4802 4802 4807 4815 4813 4812 4820 4821 4832 4817 4822 4828 4830 4856 4894 4907 4909 4899 4895 4893 4895 4902 4927 4933 4950 4965 4977 4988 5013 5054 5096 5130 5167 5217 5302 5260 5176 5101 5049 5009 4978 4961 4954 4957 4968 4976 4986 5009 5033 5054 5064 5059 5066 5045 5018 4995 4973 4958 4957 4979 4985 4973 4960 4950 4942 4937 4937 4940 4946 4951 4953 4953 4953 4951 4943
4832 4813 4799 4791 4790 4790 4789 4792 4800 4773 4776 4801 4810 4808 4824 4833 4837 4830 4822 4836 4846 4845 4852 4888 4904 4896 4883 4892 4893 4895 4904 4927 4940 4961 4976 4985 4995 5001 5064 5065 5078 5101 5139 5237 5232 5160 5083 5029 4986 4951 4936 4955 5013 4984 4987 5001 5025 5062 5100 5142 5179 5117 5033 5001 4973 4965 4960 4970 4990 4994 4979 4964 4963 4941 4931 4927 4930 4934 4937 4938 4938 4936 4932 4924
4810 4803 4793 4781 4787 4789 4790 4793 4799 4793 4796 4803 4815 4812 4836 4848 4864 4870 4872 4863 4870 4877 4881 4896 4912 4916 4907 4901 4897 4890 4908 4936 4953 4974 4986 4995 5007 5030 4999 5018 5046 5067 5115 5214 5192 5132 5053 5015 4972 4927 4909 4906 4934 4991 5000 5003 5040 5087 5135 5189 5229 5153 5062 5008 4977 4973 4974 4982 4992 4989 4972 4961 4965 4939 4930 4925 4925 4926 4927 4927 4926 4923 4916 4906
4792 4793 4793 4794 4796 4790 4778 4775 4778 4782 4785 4797 4813 4797 4813 4845 4867 4866 4866 4869 4876 4890 4904 4907 4918 4922 4920 4913 4907 4905 4920 4942 4966 4979 4992 4999 5008 5022 5019 5017 5016 5047 5099 5156 5150 5115 5079 5025 4980 4933 4911 4911 4940 5011 5021 5032 5058 5100 5146 5184 5197 5150 5072 5025 5010 4990 4981 4984 4977 4965 4954 4940 4937 4933 4934 4927 4923 4921 4920 4920 4919 4918 4916 4910
4776 4788 4799 4803 4810 4799 4783 4774 4772 4775 4779 4783 4784 4793 4805 4839 4865 4873 4865 4861 4861 4874 4894 4900 4914 4936 4932 4921 4917 4917 4935 4944 4961 4966 4985 4999 5007 5007 5057 5059 5019 5045 5075 5097 5118 5107 5062 5054 5017 4980 4942 4933 5016 5032 5042 5045 5072 5108 5132 5156 5167 5126 5061 5030 5020 4998 4978 4958 4948 4949 4943 4929 4919 4918 4919 4918 4917 4916 4915 4914 4914 4913 4913 4902
4768 4788 4810 4821 4818 4806 4791 4780 4775 4773 4770 4775 4780 4784 4802 4830 4852 4863 4857 4856 4853 4858 4869 4885 4885 4916 4924 4917 4910 4922 4938 4949 4968 4991 5000 5008 5011 5017 5048 5056 5026 5056 5053 5068 5111 5134 5139 5102 5065 5015 4958 4923 4989 5019 5051 5090 5122 5108 5109 5112 5110 5087 5056 5037 5021 4999 4974 4946 4936 4946 4942 4926 4922 4925 4909 4903 4907 4909 4913 4912 4911 4911 4911 4907
4766 4792 4818 4829 4822 4808 4793 4794 4786 4774 4768 4772 4779 4780 4803 4835 4851 4855 4865 4853 4856 4852 4880 4891 4871 4905 4910 4909 4905 4907 4930 4960 4993 5006 5018 5024 5030 5033 5042 5044 5058 5049 5051 5085 5152 5164 5158 5156 5124 5064 4984 4905 4900 4984 5026 5055 5064 5065 5065 5061 5052 5042 5050 5045 5023 5003 4981 4961 4957 4958 4945 4933 4937 4947 4913 4902 4907 4909 4916 4914 4912 4909 4907 4909
4776 4797 4821 4828 4818 4807 4799 4799 4791 4778 4768 4772 4779 4780 4807 4840 4853 4856 4862 4857 4857 4849 4877 4898 4887 4892 4902 4903 4906 4916 4946 4980 5033 5027 5029 5045 5059 5058 5033 5036 5075 5104 5192 5221 5233 5270 5258 5222 5190 5138 5035 4940 4958 4977 4996 5003 5002 5010 5018 5019 5018 5022 5037 5034 5037 5014 4994 4983 4994 4974 4949 4934 4933 4936 4907 4908 4910 4912 4918 4918 4916 4912 4909 4912
4788 4796 4813 4815 4810 4805 4807 4806 4796 4783 4772 4773 4780 4789 4814 4840 4853 4854 4866 4862 4852 4855 4875 4891 4879 4890 4897 4900 4886 4924 4986 5014 5035 4991 5021 5060 5093 5110 5093 5108 5158 5176 5226 5258 5254 5264 5266 5242 5202 5154 5096 5018 4988 4977 4972 4963 4949 4961 4977 4988 4999 5018 5074 5122 5067 5025 4998 4991 4999 4971 4924 4928 4923 4886 4886 4913 4917 4921 4921 4922 4920 4918 4910 4904
4792 4789 4789 4804 4803 4805 4812 4811 4801 4788 4777 4772 4779 4792 4822 4853 4855 4855 4867 4863 4865 4869 4868 4868 4876 4885 4896 4908 4916 4905 4948 4993 4966 4961 5016 5081 5133 5151 5127 5186 5247 5316 5333 5225 5185 5198 5200 5228 5281 5267 5220 5063 5011 4987 4977 4957 4923 4932 4953 4965 4981 5023 5072 5113 5068 5015 4994 4986 4985 4978 4938 4926 4929 4893 4892 4915 4924 4927 4927 4927 4925 4925 4918 4901
4800 4790 4774 4780 4800 4817 4818 4815 4804 4791 4780 4771 4781 4800 4826 4851 4849 4853 4855 4854 4850 4860 4859 4859 4858 4873 4894 4909 4908 4905 4951 4953 4936 4960 5042 5124 5195 5232 5221 5350 5300 5261 5138 4993 4954 5030 5012 5099 5331 5360 5357 5457 5233 5100 5060 5008 4983 4951 4937 4935 4945 4968 5026 5097 5058 4996 4985 4984 5007 4996 4923 4907 4915 4890 4886 4914 4929 4932 4932 4929 4925 4920 4907 4899
4816 4802 4799 4788 4806 4814 4822 4819 4806 4793 4783 4781 4781 4797 4823 4844 4847 4847 4862 4862 4856 4870 4858 4851 4856 4870 4894 4911 4908 4902 4952 4911 4925 4984 5076 5166 5218 5221 5264 5176 5017 4817 4646 4593 4542 4540 4624 4750 4910 5054 5203 5431 5365 5250 5164 5083 4998 4952 4942 4921 4905 4902 4961 5032 5031 4996 4984 4979 4983 4989 4929 4900 4896 4876 4889 4920 4936 4939 4936 4930 4922 4912 4903 4895
4842 4816 4812 4835 4828 4817 4819 4813 4804 4795 4785 4778 4780 4791 4815 4832 4840 4836 4844 4845 4849 4855 4860 4867 4867 4873 4890 4915 4914 4902 4910 4912 4963 5012 5089 5185 5312 5190 4943 4725 4560 4390 4264 4227 4154 4119 4228 4326 4431 4619 4811 4988 5223 5324 5263 5161 5063 5014 4966 4921 4895 4873 4910 4979 5004 4996 4982 4974 4980 4972 4928 4892 4870 4873 4895 4930 4949 4950 4944 4932 4920 4905 4898 4893
4868 4841 4839 4861 4858 4844 4820 4804 4803 4799 4794 4790 4785 4790 4804 4818 4818 4824 4833 4834 4836 4846 4852 4860 4845 4869 4887 4886 4871 4922 4929 4933 4965 5003 5038 5090 5139 4954 4619 4360 4164 4104 4065 3996 3932 3906 3946 3965 3992 4209 4404 4649 5070 5409 5295 5199 5143 5113 5014 4954 4893 4868 4888 4965 4993 4976 4963 4966 4969 4956 4925 4896 4880 4876 4902 4948 4964 4958 4949 4938 4924 4909 4899 4890
4873 4879 4876 4874 4881 4885 4832 4806 4807 4811 4814 4814 4793 4788 4787 4799 4817 4819 4823 4820 4829 4837 4836 4832 4835 4881 4918 4901 4892 4977 4972 4938 4978 4969 4939 4889 4789 4597 4311 4051 3955 3927 3896 3853 3795 3773 3781 3774 3783 3915 4071 4337 4754 5122 5143 5130 5101 5059 5044 4997 4932 4893 4907 4976 5005 4966 4949 4958 4965 4948 4929 4919 4897 4894 4918 4956 4970 4964 4956 4947 4938 4923 4903 4888
