real_craters/C102-500m.grd
DSAA
135 135
-33.46 33.46
-33.46 33.46
3689.2105724718 5498.8916066679
[rows 0 to 29 of 135, columns 67 to 133 of 135]
4917.81 4917.7 4923.6 4927.89 4927.73 4927.33 4927.03 4926.13 4921.9 4916.08 4911.55 4909.67 4907.49 4910.54 4916.47 4921.64 4923.41 4924.06 4939.01 4952.53 4955.11 4952.2 4951.03 4952.54 4954.05 4953.03 4950.56 4947.62 4945.29 4944.45 4944.6 4945.51 4946.58 4946.89 4946.58 4945.75 4945.3 4941.22 4942.24 4943.97 4948.09 4954.11 4958.77 4963.22 4967.13 4971.16 4974.93 4978.88 4982.21 4985.76 4989.27 4995.52 5001.68 5006.56 5016.06 5025.85 5034.55 5043.2 5051.58 5059.96 5069.47 5078.16 5090.21 5115.08 5154.79 5190.72 5224.74
4916.37 4913.42 4922.82 4927.35 4929.53 4930.75 4929.7 4924.12 4919.25 4915.11 4911.9 4910.1 4907.47 4908.4 4913.07 4918.05 4920.62 4919.11 4929.66 4939.94 4944.34 4946.43 4948.47 4948.8 4950 4949.82 4947.9 4945.33 4942.61 4940.88 4942.33 4943.02 4945.19 4944.95 4944.4 4944.2 4944.51 4941.48 4941.5 4943.02 4946.88 4951.89 4955.43 4960.16 4964.23 4968.08 4971.84 4975.38 4979.26 4984.15 4990.97 4998.69 4999.41 5006.07 5014.2 5024.64 5033.48 5042.73 5049.84 5057.09 5060.94 5065.34 5071.23 5098.82 5138.1 5179.19 5215.14
4927.32 4930.14 4929.57 4930.43 4930.1 4929.56 4927.2 4919.86 4916.05 4912.85 4910.17 4907.96 4904.69 4906.11 4910.11 4915.13 4918.75 4918.95 4922.53 4928.17 4932.02 4935.76 4940.18 4941.37 4944.07 4945.21 4944.51 4941.8 4939.3 4939.15 4938.91 4939 4939.34 4940.07 4941.75 4942.83 4940.18 4938.84 4942.15 4945.55 4948.64 4950.09 4952.87 4956.76 4960.68 4964.04 4967.81 4972.17 4975.88 4980.21 4984.97 4992.07 4996.79 5003.9 5012.14 5021.04 5030.58 5039.5 5047.23 5054.74 5057.6 5061.02 5064.42 5089.48 5121.7 5160.25 5197.12
4930.93 4931.61 4934.11 4931.89 4928.87 4925.86 4920.99 4915.46 4912.81 4910.33 4907.58 4904.75 4902.3 4903.36 4906.55 4910.92 4914.16 4914.63 4915.21 4916.04 4918.44 4921.41 4921.61 4932.28 4939.59 4943.36 4941.87 4938 4934.48 4932.62 4933.4 4935 4936.09 4937.91 4939.08 4940.71 4939.77 4939.97 4945.53 4946.04 4946.71 4948.33 4951.24 4955 4959.13 4963.06 4966.27 4969.78 4973.07 4976.38 4980.15 4986.49 4992.02 4999.88 5009.78 5017.25 5027.68 5036.1 5042.43 5049.08 5056.37 5062.91 5066.68 5069.85 5098.35 5132.45 5169.11
4930.5 4929.66 4929.18 4928.6 4926.3 4922.79 4918.21 4913.36 4910.25 4907.59 4904.73 4902.31 4898.94 4900.27 4902.89 4905.39 4909.5 4910.12 4909.08 4907.6 4908.97 4913.16 4916.99 4926.39 4936.01 4943.67 4937.87 4932.97 4928.77 4925.24 4929.01 4933.21 4932.98 4929.27 4936.83 4938.18 4939.35 4941.93 4945.99 4947.45 4945.75 4946.78 4950.48 4954.77 4959.1 4963.04 4966.61 4969.56 4972.23 4975.25 4977.23 4984.04 4988.94 4996.72 5005.03 5013.39 5022.75 5031.49 5042.51 5051.11 5059.82 5069.45 5079.5 5076.92 5081.24 5106.99 5141.95
4930.03 4928.78 4927.08 4926.25 4923.91 4920.25 4916.52 4912.26 4908.64 4905.89 4903.18 4900.04 4897.75 4898.95 4900.74 4901.82 4904.55 4906.77 4905.58 4903.84 4904.7 4909.81 4916.8 4922.73 4927.45 4929.44 4929.03 4927.12 4924.77 4922.67 4928.48 4935.04 4939.22 4944.99 4940.44 4935.41 4934.3 4947.27 4956.49 4949.1 4943.98 4946.21 4951.05 4955.44 4959.87 4964.97 4968.65 4971.81 4974.09 4974.38 4979.16 4984.39 4989.29 4996.59 5004.33 5012.22 5020.02 5028.13 5037.12 5047.82 5058.88 5069.83 5077.59 5082.28 5078.57 5093.24 5117.42
4929.54 4929.15 4927.33 4926.4 4923.39 4918.97 4914.33 4910.48 4908.29 4906.05 4903.43 4901.18 4899.55 4900.84 4902.52 4903.18 4906.98 4907.14 4904.28 4902.49 4903.85 4906.26 4913.64 4917.5 4918.71 4918.34 4921.22 4922.89 4923.22 4923.78 4930.02 4938.46 4945.15 4949.63 4946.25 4943.33 4945.81 4951.82 4950.58 4948.39 4943.97 4946.88 4952.44 4957.06 4961.6 4966.01 4970.13 4973.51 4976.5 4977.21 4979.6 4986.24 4990.69 4997.27 5004.63 5011.44 5018.06 5025.37 5033.45 5043.56 5055.24 5067.62 5079.37 5082.58 5075.66 5082.45 5096.33
4927.23 4931.3 4933.06 4928.76 4924.71 4919.68 4913.7 4909.68 4910.07 4907.98 4904.3 4902.17 4902.51 4904.84 4907.85 4911.35 4915.96 4910.32 4904.06 4897.77 4892.97 4899.49 4905.69 4910.1 4913.3 4915.73 4918.54 4921.72 4924.72 4927.93 4933.18 4942.52 4949.41 4950.09 4950.78 4950.37 4950.58 4955.3 4952.18 4951.82 4951.55 4953.32 4956.23 4960.08 4964.51 4969.06 4974.09 4978.03 4981.16 4984.05 4985.64 4991.26 4993.6 4998.77 5003.96 5009.27 5016.69 5023.34 5029.92 5037.21 5045.83 5056.74 5076.47 5070.66 5069.76 5072.14 5079.44
4923.26 4930.14 4933 4929.23 4926.4 4923.67 4918.29 4916.3 4916.09 4911.16 4906.09 4902.79 4905.99 4910.31 4913.76 4916.73 4917.27 4913.09 4906.09 4898.07 4893.12 4897.36 4902.87 4907.65 4910.88 4913.2 4916.93 4922.89 4929.21 4936.04 4944.39 4955.32 4958.12 4957.95 4958.31 4957.43 4956.43 4955.7 4956.82 4960.95 4961.29 4960.54 4961.5 4964.64 4969.33 4974.63 4979.51 4984.18 4988.06 4992.87 4998 4996.36 4999.13 5002.66 5006.22 5009.91 5013.37 5018.57 5023 5027.07 5032.98 5039.03 5049.72 5058.45 5053.3 5057.24 5062.39
4921.49 4922.49 4925.34 4926.86 4927.83 4930.69 4938.65 4942.13 4924.76 4914.37 4907.65 4905.4 4909.11 4914.01 4918.65 4923.01 4921.37 4917 4910.82 4903.34 4896.28 4900.59 4906.93 4911.45 4910.68 4911.87 4916.82 4924.79 4934.22 4945.44 4958.4 4968.61 4968.46 4969.25 4968.38 4965.03 4963.14 4964.24 4971.79 4973.22 4967.95 4965.29 4965.24 4968.61 4974.05 4980.37 4986.74 4992.25 4995.86 4996.7 4998.16 5002.18 5004.5 5006.08 5007.64 5009.23 5010.83 5012.63 5014.61 5016.14 5019.15 5022.89 5023.78 5035.93 5041 5041.95 5048.45
4918.03 4917.54 4920.76 4925.03 4927.92 4931.48 4937.36 4935.62 4924.94 4914.8 4907.1 4903.52 4906.04 4912.01 4920.81 4927.56 4925.52 4922.62 4918.03 4913.03 4909.84 4909.22 4909.55 4910.15 4909.23 4911.8 4917.49 4925.55 4937.13 4951.11 4967.06 4969.58 4971.96 4977.25 4976.59 4969.08 4965.12 4970.1 4980.44 4978.4 4969.72 4965.87 4966.12 4971.56 4978.79 4986.74 4994.27 5001.8 5007.71 5010.32 5011.1 5011.63 5011.82 5011.44 5011.03 5010.35 5010.04 5009.62 5008.89 5006.52 5005.63 5003.83 5002.56 5005.58 5010.44 5022.06 5032.56
4915.52 4916.27 4921.4 4926.48 4928.72 4926.89 4924.02 4922.8 4922.34 4915.25 4905.37 4899.53 4900.98 4906.5 4917.4 4929.13 4931.31 4928.47 4925.35 4922.9 4922.06 4917.44 4911.05 4906.47 4906.51 4908.79 4913.61 4924.28 4935.95 4948.74 4962.25 4964.29 4967.16 4971.67 4971.91 4967.73 4962.97 4968.76 4977.07 4969.64 4960.2 4953.62 4963.34 4972.19 4981.03 4990.43 5000.11 5010.2 5020.51 5030.64 5029.84 5022.44 5018.25 5014.9 5012.4 5010.33 5008.44 5006.6 5003.95 5000.12 4994.3 4986.2 4985.06 4987.31 4991.76 5003.29 5015.16
4925.86 4924.75 4927.78 4932.77 4935.94 4933.43 4928.96 4932.2 4931.55 4922.3 4907.44 4897.12 4900.58 4905.02 4911.91 4925.12 4931.97 4932.16 4930.84 4929.2 4927.87 4921.47 4912.56 4905.62 4905.42 4909.3 4914.76 4923.55 4931.92 4939.97 4946.72 4951.22 4956.18 4961.19 4964.49 4964.7 4966.27 4969.4 4966.65 4958.68 4955.39 4956 4965.1 4974.28 4983.54 4993.17 5003.97 5015.93 5028.81 5042.19 5039.58 5029.87 5023.44 5018.21 5014.3 5011.02 5008 5004.65 5000.95 4995.93 4988.54 4980.42 4978.09 4978.87 4979.77 4990.6 5000.04
4941 4933.57 4936.28 4942.09 4949.76 4957.16 4959.32 4958.63 4951.63 4939.29 4924.04 4912.65 4910.1 4906.36 4910.22 4921.13 4932.34 4935.35 4935.33 4933.5 4929.15 4922.98 4915.56 4906.07 4907.17 4913.65 4921.77 4924.37 4926.78 4929.84 4931.93 4935.78 4942.95 4949.03 4955.3 4957.57 4962.55 4965.56 4960.48 4951.14 4957.39 4964.21 4971.95 4978.02 4985.82 4995.06 5006 5017.73 5030.98 5041.61 5039.82 5032.15 5026.11 5021.15 5017.05 5013.74 5009.27 5005.93 5002.06 4996.14 4990.14 4982.55 4976.88 4970.71 4975.08 4980.31 4988.74
4945.16 4945.3 4940.34 4949.23 4962.16 4975.92 4979.03 4975.92 4969.07 4959.75 4950.67 4940.56 4931.1 4923.46 4922.97 4935.3 4938.88 4940.54 4940.18 4938.64 4937.11 4932.85 4923.05 4913.99 4913.36 4918.02 4923.69 4921.66 4921.01 4921.28 4920.76 4922.8 4930.75 4935.48 4937.25 4947.6 4956.3 4959.62 4960.69 4955.27 4962.68 4975.29 4978.07 4980.25 4986.5 4995.59 5006.14 5016.99 5026.78 5032.13 5035.07 5032.68 5025.22 5020.7 5015.47 5011.81 5008.53 5005.42 5002.2 4997.84 4993.63 4986.81 4979.11 4973.81 4968.77 4972.79 4979.73
4921.45 4913.31 4934.44 4951.44 4968.57 4983.68 4983.92 4978.67 4974.92 4975.46 4977.63 4967.59 4953.34 4945.01 4937.03 4941.26 4944.92 4945.91 4945.06 4943.37 4940.87 4936.64 4931.84 4927.76 4925.01 4920.18 4914.4 4913.79 4916.34 4917.33 4917.02 4918.35 4923.56 4929.25 4933.15 4943.04 4953.18 4963.45 4956.07 4959.5 4962.47 4968.3 4971.86 4976.03 4983.1 4991.97 5002.78 5014.31 5024.16 5028.48 5030.24 5029.11 5021.86 5017.84 5014.31 5011.16 5008.32 5005.66 5003.04 4999.41 4995.55 4971.77 4977.44 4982.08 4970.62 4970.31 4973.41
4921.95 4917.97 4935.24 4952.23 4968.91 4984.7 4978.17 4966.4 4963.95 4981.06 4997.66 4985.44 4966.71 4951.99 4943.55 4947.77 4950.95 4950.8 4949.33 4947.08 4944.23 4940.4 4937.96 4938.52 4935.06 4922.46 4912.6 4911.48 4915.9 4918.73 4920 4921.6 4924.92 4930 4936.31 4942.12 4948.36 4951.38 4959.67 4957.08 4952.7 4953.78 4959.53 4967.48 4975.65 4985.01 4996.11 5008.75 5023.55 5031.64 5027.51 5024.81 5017.56 5014.94 5012.04 5009.81 5007.71 5005.63 5003.41 5000.42 4996.72 4977.09 4979.4 4982.08 4978.71 4973.78 4970.66
4944.22 4942.02 4943.77 4953.21 4962.83 4967.74 4964.82 4954.74 4951.82 4970.5 5001.55 4983.4 4968.78 4959.2 4961.07 4962.53 4958.46 4956.3 4954.2 4951.79 4947.81 4942.39 4940.36 4937.12 4931.59 4922.83 4916.48 4916.05 4921.15 4925.24 4926.68 4925.5 4930.49 4933.79 4936.35 4940.32 4946 4950.86 4952.57 4945.12 4939.41 4944.01 4950.59 4958.27 4967.05 4975.99 4985.51 4996.49 5012.1 5021.42 5018.59 5017.78 5016.99 5011.18 5010.55 5009.68 5008.36 5006.95 5005.07 5001.5 4996.7 4994.25 4985.74 4981.65 4980.16 4975.03 4968.69
4946.56 4945.43 4948.56 4954.76 4959.9 4958.06 4956.15 4948.32 4942.79 4947.79 4951.31 4961.11 4962.6 4961.43 4961.48 4963.91 4962.58 4960.27 4958.23 4955.95 4953.3 4949.34 4943.62 4934.11 4922.47 4924.71 4924.93 4926.29 4932.5 4936.59 4940.23 4942.89 4937.81 4943.02 4941.98 4942.46 4945.62 4948.23 4946.64 4936.68 4930.55 4935.17 4940.74 4949.97 4958.46 4966.63 4973.5 4978.71 4982.98 4992.91 5003.08 5008.97 5006.48 5008.38 5009.58 5009.61 5009.87 5009.41 5007.99 5005.44 5001.75 5003.84 4991.1 4983.34 4980.76 4975.81 4967.52
4937.47 4944.95 4951.95 4957 4962.59 4966.43 4953.99 4945.88 4941.98 4932.19 4931.66 4945.25 4957.52 4963.26 4961.92 4966.68 4967.46 4965.23 4962.92 4960.47 4958.79 4956.6 4949.93 4940.62 4932.22 4936.22 4941.33 4949.72 4946.17 4947.57 4953.21 4965.48 4974.29 4957.8 4949.65 4945.92 4944.37 4946.73 4945.94 4939.27 4932.45 4933.03 4937.76 4943.88 4951.3 4958.88 4964.95 4966.49 4960.07 4973.59 4991.23 5000.7 5005.79 5003.13 5005.53 5007.01 5008.35 5009.24 5010.44 5010.53 5009.74 5007.37 4994.71 4986.6 4982.21 4976.67 4968.89
4974.9 4959.87 4958.44 4958.17 4958.04 4957.07 4950.44 4941.9 4929.97 4919.05 4919.28 4938 4958.31 4978.05 4991.27 4978.11 4972.1 4967.82 4964.67 4962.08 4961.12 4961 4954.91 4949.12 4950.82 4946.33 4948.11 4951.32 4952.96 4954.96 4958.12 4960.5 4962.84 4961.16 4950.78 4939.99 4939.91 4940.05 4939.49 4938.4 4931.52 4930.59 4932.72 4938.34 4945.27 4953.7 4962.37 4969.7 4973.63 4980.76 4990.31 4997.41 5002.3 5005.91 5002.84 5005.64 5007.81 5010.18 5013.59 5015.4 5012.29 5003.98 4994.35 4987.79 4984.37 4982.44 4969.44
4979.3 4970.03 4964.59 4960.9 4951.92 4950.24 4950.53 4943.13 4931.98 4915.96 4917.23 4938.13 4961.36 4981.46 4985.03 4979.85 4973.23 4968.64 4965.72 4963.02 4960.92 4958.13 4953.87 4948.45 4944.01 4944.31 4948.22 4956.01 4956.45 4958.27 4961.5 4962.22 4966.6 4966.54 4953.93 4943.2 4937.62 4935.16 4933.96 4934.51 4928.74 4927.69 4929.77 4932.98 4940.11 4950.18 4962.57 4978.32 4994.68 4993.98 4995.52 4999.9 5004.45 5008.83 5005.58 5008.47 5011.83 5014.67 5017.05 5018.69 5010.66 5001.28 4994.37 4986.06 4979.58 4973.66 4963.4
4971 4970.49 4969.15 4968.01 4967.96 4963.86 4959.91 4953.29 4938.6 4922.43 4925.79 4944.45 4964.53 4981.44 4983.99 4976.8 4970.46 4967.07 4963.73 4962.24 4959.31 4957.11 4952.53 4944.53 4939.01 4939.56 4945.01 4951.29 4955.03 4959.67 4965.16 4971.93 4979.76 4973.55 4956.7 4942.99 4936.06 4933.96 4934.4 4935.34 4930.53 4924.71 4921.83 4924.85 4934.02 4946.45 4961.12 4978.78 4996.12 4997.18 4998.7 5002.21 5006.89 5010.66 5014.85 5012.9 5016.57 5019.18 5019.57 5018.68 5007.03 4997.06 4989.15 4979.59 4970.93 4960.57 4955.75
4969.07 4972.36 4974.14 4975.3 4978.42 4977.7 4975.49 4974.4 4973.23 4955.92 4947.92 4957.37 4969.61 4980.85 4981.01 4970.53 4967.08 4964.49 4961.31 4959.03 4955.85 4950.89 4944.71 4939.96 4936.44 4936.25 4938.76 4942.08 4948.14 4957.8 4967.87 4979.31 4987.53 4970.74 4955.57 4940.8 4934.3 4932.54 4931.66 4929.58 4927.52 4922.19 4914.64 4917.48 4929.12 4942.59 4956.12 4968.95 4981.5 4990.61 4997.09 5003.07 5007.89 5012.98 5017.13 5020.71 5019.54 5022.22 5023.82 5019 5004.04 4989.43 4975.85 4971.99 4966 4960.51 4955.69
4974.42 4979.47 4981.08 4981.74 4982.63 4986.67 4991.18 4995.7 4999.83 4993.79 4976.49 4972.69 4974.08 4974.13 4965.15 4962.52 4964.67 4965.21 4964.39 4961.43 4956.07 4948.11 4940.03 4936.8 4935.17 4936.1 4933.19 4936.72 4945.32 4955.53 4966.34 4976.55 4981.31 4967.12 4955.91 4942.88 4935.71 4931.89 4928.15 4927.3 4930.71 4923.48 4911.75 4913.5 4926.93 4940.35 4952.08 4960.32 4970.33 4984.61 4995.06 5002.31 5008.87 5013.51 5018 5021.95 5022.53 5025.66 5027.48 5021.89 5005 4988.96 4976.06 4969.93 4964.49 4960.12 4959.74
4995.09 4992.75 4990.15 4988.04 4989.31 4997.12 5006.74 5014.95 5017.95 5011.16 4996.8 4985.98 4979.09 4976.71 4969.69 4962.54 4965.01 4967.09 4967 4964.34 4959.06 4951.28 4942.68 4936.01 4927.26 4915.22 4926.72 4936.14 4944.87 4952.29 4962.13 4970.37 4970.9 4964.8 4961.34 4953.69 4944.86 4933.89 4922.8 4923.57 4925.38 4917.44 4913.73 4918.19 4929.79 4942.13 4953.08 4962.28 4972.33 4984.06 4994.37 5003 5009.72 5014.38 5019.72 5024.82 5028.46 5029.84 5031.25 5028.1 5010.11 4996.46 4983.02 4972.05 4964.76 4960.74 4960.06
5016.58 5009.08 5002.25 4994.63 4994.45 5007.99 5022.53 5033.79 5039.01 5029.05 5012.63 4997.77 4984.06 4973.07 4970.31 4967.45 4971.07 4972.24 4971.65 4969.57 4965.18 4958.74 4949.61 4941.82 4931.04 4922.86 4923.95 4928.8 4935.74 4946.85 4958.72 4968.97 4977.15 4976.07 4970.41 4967.58 4959.74 4936.86 4918.29 4914.23 4913.96 4910.18 4917.38 4924.83 4936.39 4947.93 4958 4965.61 4976.04 4987.22 4996.74 5004.05 5009.89 5015.93 5021.98 5027.1 5031.54 5035.3 5036.83 5033.05 5015.08 4999.45 4985.4 4973.41 4964.56 4957.57 4957.16
5029.22 5026.54 5020.83 5009.96 5004.47 5024.49 5039.87 5052.29 5060.74 5041.68 5025.31 5009.74 4996.39 4986.62 4985.86 4979.84 4983.23 4983.32 4980.41 4977.84 4974.6 4971.65 4967.96 4955.96 4939.66 4927.3 4925.25 4926.36 4928.72 4943.2 4956.01 4967.21 4977.33 4979.48 4974.53 4967 4955.62 4935.16 4919.1 4911.28 4910.05 4917.69 4925.35 4935.02 4945.57 4956.41 4966.59 4972.33 4981.93 4991.66 4998.3 5004.74 5010.41 5015.76 5020.35 5028.32 5033.84 5038.34 5040.33 5032.74 5014.99 4994.71 4981.6 4972.02 4964.56 4959.23 4957.97
5043.82 5047.53 5048.49 5047.56 5045.61 5048.99 5056.81 5065.98 5072.38 5061.27 5037.33 5021.47 5014.69 5036.35 5020.15 5005.78 5001.34 4995.67 4990.36 4986.51 4984.35 4982.41 4982.69 4968.37 4949.62 4937.11 4932.31 4933.2 4937.51 4947.26 4957.4 4965.65 4971.61 4976.2 4970.41 4957.51 4941.37 4930.8 4920.57 4912.97 4917.91 4927.14 4934.06 4944.94 4953.18 4964.69 4977.79 4989.88 4993.73 4996.55 5000.3 5004.67 5009.8 5015.53 5021.06 5027.94 5034.46 5040.78 5043.5 5033.91 5013.33 4992.03 4978.95 4970.96 4965.69 4964.29 4969.17
5068.08 5072.3 5077.37 5086.91 5082.45 5070.65 5067.91 5071.01 5076.98 5061.11 5038.01 5027.23 5025.7 5045.47 5041.1 5039.06 5021.42 5007.59 4999.64 4993.17 4989.61 4987.24 4983.47 4973.35 4958.1 4945.42 4943.32 4946.43 4951.39 4956.52 4962.11 4966.02 4965.3 4966.02 4966.39 4954.6 4937.13 4934.97 4931.26 4929.73 4935.87 4934.24 4934.87 4941.89 4952.11 4966.93 4984.4 5003.36 5000.2 4998.62 4999.46 5002.55 5006.07 5010.83 5017.18 5024.65 5031.55 5039.75 5043.81 5031.35 5010.34 4989.53 4976.02 4968.01 4963.88 4962.6 4961.85
