real_craters/C102-300m.grd
DSAA
224 224
-33.46 33.46
-33.46 33.46
3689.1176123387 5522.8139332124
[rows 60 to 89 of 224, columns 0 to 66 of 224]
4832.37 4824.12 4816.9 4810.28 4804.39 4799.18 4795.04 4792.14 4792.19 4790.88 4789.69 4789.68 4789.82 4789.9 4789.77 4788.86 4787.79 4789.3 4794.62 4798.72 4800.98 4795.64 4784.06 4763.89 4753.78 4775.8 4789.13 4797.59 4803.62 4807.84 4810.25 4810.7 4808.67 4808.46 4814.82 4822.09 4826.76 4830.43 4832.95 4833.88 4832.63 4831.07 4831.02 4826.11 4820.38 4820.69 4823.89 4830.96 4836.48 4840.86 4844.03 4845.68 4842.93 4841.84 4841.31 4850.1 4870.58 4882.32 4891.78 4898.8 4903.33 4904.32 4900.4 4892.11 4879.14 4881.15 4887.18
4825.65 4819.15 4813.18 4807.27 4801.79 4796.71 4792.13 4788.37 4787.34 4790.52 4794.76 4791.46 4790.09 4789.59 4789.29 4788.48 4787.18 4788.72 4794.03 4797.6 4797.52 4793.37 4784.52 4772.08 4766.76 4782.29 4791.12 4798.11 4803.9 4808.27 4810.67 4811.07 4809.35 4810.86 4825.8 4833.57 4835.21 4838.05 4842.37 4848.1 4855.59 4852.14 4847.52 4841.9 4831.14 4834.43 4838.39 4843.07 4846.9 4850.81 4855.01 4859.95 4865.19 4856.66 4850 4848.15 4861.98 4879.94 4891.72 4899.79 4905.35 4907.7 4905.3 4899.77 4892.92 4890.54 4891.9
4815.09 4812.28 4808.23 4803.73 4798.73 4794.27 4789.5 4784.74 4783.18 4786.12 4789.74 4790.18 4789.57 4789.03 4789.03 4790.07 4792.21 4792.86 4794.5 4797.87 4799.63 4794.93 4791.23 4794.57 4809.91 4796.28 4795.76 4799.92 4805.18 4809.95 4812.5 4812.2 4810.76 4813.19 4831.79 4838.34 4839.77 4843.31 4848.89 4855.86 4862.21 4863.11 4862.72 4863.1 4853.81 4858.78 4859.64 4857.23 4857.76 4860.51 4864.68 4869.97 4873.65 4869.81 4866.16 4868.11 4874.46 4885.07 4894.98 4902.7 4909.13 4914.33 4914.81 4909.79 4906.25 4901.97 4899.41
4807.84 4805.59 4803.13 4799.9 4796.38 4792.57 4788.37 4784.26 4782.58 4784.74 4786.63 4788.69 4788.9 4788.3 4787.83 4788.86 4793.89 4792.4 4791.71 4794.19 4796.05 4793.33 4792 4793.49 4792.69 4794.72 4796.45 4800.35 4805.93 4812.11 4816.85 4816.27 4812.12 4813.36 4827.06 4833.33 4838.24 4844.42 4851.64 4859.08 4864.55 4867.38 4869.08 4871.81 4869.61 4872.54 4871.08 4866.48 4865.47 4867.51 4871.7 4876.64 4879.36 4880.94 4881.8 4884.19 4889.93 4894.46 4900.38 4906.45 4911.97 4917.1 4919.19 4917.61 4913.98 4910.22 4906.75
4801.36 4799.99 4798.45 4796.81 4794.75 4792.41 4789.92 4788.15 4787.68 4789.11 4788.52 4789.66 4789.24 4787.69 4785.44 4783.16 4781.36 4783.26 4784.41 4785.82 4786.96 4787.41 4787.5 4787.61 4787.62 4789.85 4793.74 4798.63 4804.79 4812.3 4820.6 4818.65 4809.62 4806.08 4810.98 4822.53 4832.84 4842.52 4851.97 4860.72 4867.08 4868.8 4868.43 4865.77 4866.02 4868.33 4869.79 4869.25 4869.47 4871.58 4875.9 4882.25 4887.22 4889.42 4893.37 4900.19 4900.13 4901.7 4905.33 4909.72 4913.69 4915.36 4917.97 4919.74 4920.59 4916.12 4912.24
4793.25 4793.59 4793.72 4793.88 4793.47 4792.82 4792.15 4792.66 4793.65 4795.52 4795.11 4793.03 4790.95 4787.86 4783.62 4778.08 4771.79 4774.95 4776.85 4777.48 4778.9 4780.88 4782.02 4782.24 4782.27 4784.97 4789.74 4794.66 4800.38 4807.16 4814.26 4811.63 4802.59 4796.4 4799.23 4812.97 4826.48 4838.87 4850.18 4859.77 4866.45 4868.96 4867.85 4863.03 4862.97 4865.24 4867.11 4868.26 4869.38 4871.7 4875.56 4881.62 4887.4 4892.28 4898.36 4904.05 4903.83 4905.05 4908.03 4912.23 4916.86 4919.83 4921.61 4919.82 4917.79 4919.75 4917.5
4785.12 4787.75 4789.88 4791.77 4793.02 4793.76 4794.1 4794.94 4797.58 4800.25 4798.91 4797.07 4794.11 4789.71 4784.32 4778.07 4772.24 4772.5 4772.52 4771.86 4773.38 4775.99 4777.71 4778.37 4778.77 4781.44 4785.74 4789.91 4793.95 4797.69 4799.49 4799.81 4796.04 4791.97 4795.02 4807.64 4821.72 4835.41 4847.99 4858.84 4866.02 4869.45 4870.18 4868.38 4867.27 4866.23 4866.04 4866.91 4867.68 4868.84 4871.57 4875.46 4881.79 4889.1 4897.59 4903.7 4901.56 4904.56 4908 4912.9 4919.86 4927.77 4930.31 4931.24 4929.1 4926.4 4922.77
4778.68 4782.98 4786.97 4790.7 4793.85 4796.15 4797.24 4797.39 4801.5 4805.78 4803.82 4802.53 4798.5 4792.99 4787.05 4781.59 4777.61 4773.97 4772.24 4770.83 4771.71 4773.58 4775.13 4776.26 4777.62 4779.8 4782.47 4785.08 4787.27 4788.64 4789.15 4791.06 4792.56 4792.16 4794.6 4805.25 4818.41 4832.15 4845.65 4857.41 4865.33 4869.69 4872.86 4877.48 4872.99 4866.27 4864.38 4863.74 4863.45 4864.22 4865.59 4869.32 4874.84 4882.22 4891.43 4900.55 4900.65 4901.6 4904.99 4910.22 4917.83 4926.86 4933.14 4938.97 4937.28 4931.83 4926.58
4774.17 4779.51 4785.17 4790.68 4795.77 4800.08 4803.27 4804.36 4806.15 4810.5 4812.95 4809.86 4803.49 4796.84 4790.36 4784.3 4779.49 4776.35 4774.41 4773.95 4772.95 4773.05 4773.83 4774.9 4776.69 4778.55 4779.59 4780.95 4782.01 4782.24 4781.64 4785.37 4788.8 4790.74 4794.47 4803.8 4815.91 4829.41 4843.18 4855.95 4863.49 4868.3 4871.41 4869.18 4867.18 4863.91 4861.77 4860.63 4859.9 4859.38 4859.09 4860.41 4866.13 4872.92 4879.74 4886.75 4892.76 4895.79 4899.02 4903.45 4909.96 4919.04 4929.1 4937.5 4937.4 4933.23 4927.52
4770.75 4777.14 4784.18 4791.33 4798.38 4805.19 4811.2 4813.47 4810.57 4807.39 4815.23 4814.02 4807.35 4800.33 4793.7 4787.56 4782.63 4778.97 4776.22 4774.8 4773.88 4773.22 4773.17 4773.59 4774.61 4776.07 4776.12 4777.27 4778.58 4779.46 4780.44 4782.45 4784.64 4786.51 4792.46 4802.35 4814.04 4826.53 4839.08 4851.41 4859.23 4865.06 4870.04 4871.85 4857.86 4858.93 4858.93 4858.22 4857.12 4855.82 4854.55 4852.52 4859.27 4864.41 4868.04 4873.34 4883.2 4888.46 4891.79 4894.53 4898.12 4906.32 4920.12 4932.1 4933.35 4930.36 4926.02
4767.9 4775.4 4783.93 4792.51 4801.09 4809.52 4817.94 4821.65 4817.8 4815.78 4817.06 4815.3 4809.55 4802.72 4796.36 4791.2 4786.35 4782.05 4778.21 4775.16 4774.88 4774.18 4773.16 4772.18 4771.08 4770.14 4771.86 4774.12 4776.33 4778.33 4779.84 4781.33 4783.17 4784.79 4791.19 4801.19 4812.75 4824.07 4833.98 4842 4852.49 4859.85 4864.25 4863.27 4856.39 4856.93 4857.55 4856.64 4855.12 4853.76 4853.26 4855.62 4856.51 4860.14 4862.64 4867.61 4876.96 4883.09 4885.75 4886.01 4886.09 4893.27 4908.81 4921.77 4925.78 4925.51 4922.92
4765.94 4774.76 4784.28 4793.78 4803.48 4812.19 4819.54 4823.56 4823.09 4821.86 4820.3 4817.25 4810.6 4803.88 4797.61 4792.79 4788.9 4785.8 4782.8 4779.82 4778.12 4776.19 4773.56 4771.28 4768.92 4767.05 4768.85 4771.8 4774.93 4778.1 4779.96 4780.64 4781.96 4783.01 4790.3 4800.9 4812.5 4823.78 4832.85 4839.75 4849.05 4855.57 4859.45 4861.05 4859.87 4859.8 4858.36 4855.98 4853.87 4852.19 4850.67 4850.88 4854.49 4859.4 4866.32 4872.51 4876.93 4883.21 4883.6 4880.7 4878.61 4884.96 4898.81 4910.33 4917.36 4918.79 4918.4
4765.16 4775.04 4785.48 4796.08 4806.28 4815.19 4820.49 4824.24 4826.3 4824.82 4821.41 4816.24 4810.75 4804.34 4797.87 4792.12 4790.68 4790.2 4789.71 4787.19 4782.79 4778.85 4775.17 4771.74 4768.72 4766.64 4767.83 4770.52 4773.96 4777.64 4779.58 4779.87 4780.36 4782.68 4790.06 4801.08 4813.51 4825.75 4837.34 4846.07 4850.13 4853.43 4855.39 4859.9 4868.74 4866.27 4859.94 4855.78 4852.62 4851.15 4851.62 4850.93 4852.79 4857.77 4868.45 4878.8 4889.31 4891 4885.46 4878.47 4874.54 4881 4895 4905.72 4911.47 4913.47 4913.74
4766.22 4776.44 4787.19 4798.22 4809.41 4819.72 4827.9 4830.34 4830.47 4827.27 4822.14 4816.4 4810.95 4804.82 4798.79 4793.42 4793.38 4794.3 4795.59 4793.04 4787.26 4781.84 4777.05 4772.75 4769.22 4767.46 4767.34 4769.62 4773.05 4776.49 4778.67 4779.34 4779.73 4780.15 4790.04 4802.11 4815.06 4828.12 4840.57 4849.13 4851.49 4852.68 4853.54 4855.82 4860.34 4861.54 4858.53 4855.42 4851.31 4847.53 4850.15 4851.16 4848.66 4852.12 4858.85 4876.7 4896.54 4898.28 4888.3 4877.5 4869.98 4877.02 4891.98 4903.2 4907.11 4909.23 4909.58
4769.56 4779.43 4789.77 4800.52 4811.53 4822.48 4832.75 4832.98 4830.11 4826.37 4821.77 4817.45 4811.08 4805.24 4800.4 4797.53 4796.53 4797.18 4797.94 4795.28 4789.86 4784.24 4779.02 4774.12 4769.74 4766 4765.66 4768.97 4772.57 4775.65 4778.22 4779.49 4779.97 4781.81 4791.09 4803.42 4816.82 4830.02 4841.02 4848.54 4852.01 4852.82 4851.43 4851.57 4850.52 4853.52 4857.05 4855.59 4851.66 4844.66 4826.56 4833.19 4843.57 4847.87 4853.21 4872.94 4891.24 4896.82 4890.97 4879.36 4868 4875.64 4886.89 4896.26 4902.23 4905.04 4906.34
4774.73 4782.75 4791.83 4801.66 4811.65 4821.08 4828.8 4829.69 4826.8 4823.53 4819.19 4814.86 4809.52 4805.11 4801.36 4798.88 4799.02 4799.1 4798.39 4795.9 4791.42 4786.24 4780.89 4775.81 4771.23 4767.49 4766.72 4769.52 4772.95 4776.71 4778.67 4780.21 4780.91 4782.6 4792.84 4805.49 4818.92 4832.43 4844.7 4850.74 4853 4854.39 4855.97 4854.26 4855.18 4859.67 4860.64 4858.37 4854.78 4851.8 4855.37 4847.01 4846.12 4849.62 4857.98 4874.37 4893.1 4902.05 4895.03 4887.61 4882.74 4882.53 4887.91 4894.28 4899.5 4902.05 4902.74
4780.21 4786.01 4793.28 4801.6 4810.2 4817.98 4822.74 4824.9 4824.19 4820.12 4815.33 4809.65 4806.61 4804.98 4803.22 4801.96 4801.87 4801.43 4799.78 4797.17 4792.99 4788.02 4782.77 4777.73 4773.39 4770.54 4769.94 4770.84 4773.28 4776.49 4778.82 4780.68 4781.02 4785.11 4795.58 4807.85 4820.65 4833.24 4846.01 4851.2 4853.1 4854.69 4856.38 4857.31 4861.25 4868.69 4866.25 4861.91 4857.67 4854.82 4855.51 4851.54 4850 4852.66 4860.48 4875.81 4892.12 4900.03 4895.65 4889.57 4888.7 4886.88 4889.73 4893.94 4897.78 4898.73 4900.52
4785.23 4788.67 4793.97 4800.54 4807.85 4815.3 4820.25 4820.3 4819.16 4815.97 4811.92 4807.69 4805.62 4805.47 4805.8 4805.68 4805.1 4804.7 4803.33 4799.57 4794.92 4789.86 4784.63 4779.62 4775.26 4772.12 4771.09 4771.36 4773.53 4775.82 4779.27 4782.3 4784.39 4789.36 4799.11 4810.91 4822.75 4832.92 4837.96 4847.71 4852.19 4853.63 4854.38 4857.31 4862.98 4869.89 4867.88 4863.83 4859.34 4854.04 4847.01 4850.8 4852.41 4855.27 4862.79 4875.04 4888.7 4897.44 4892.21 4883.74 4878.85 4883.94 4888.64 4892.69 4895.52 4897.26 4899.07
4789.09 4790.51 4793.76 4798.15 4803.99 4810.92 4815.62 4815.3 4813.17 4811.99 4809 4806.37 4805.24 4805.75 4807.46 4808.12 4807.88 4807.4 4805.75 4801.82 4796.96 4791.81 4786.62 4781.59 4776.92 4772.71 4769.18 4771.58 4775.15 4778.39 4780.23 4783.17 4786.56 4793.03 4802.86 4814.43 4826.36 4837.34 4847.1 4850.11 4853 4853.81 4853.11 4853.21 4858.76 4863.63 4865.69 4864.61 4861.42 4857.44 4854.61 4854.53 4855.36 4855.74 4861.24 4872.6 4883.11 4890.47 4886.63 4881.39 4879.39 4882.41 4887.15 4890.96 4893.5 4896.22 4898.77
4791.17 4790.98 4792.11 4794.1 4797.69 4802.75 4807.78 4811.3 4812 4808.81 4806.06 4803.44 4802.31 4805.64 4808.32 4809.74 4810.02 4809.56 4807.59 4803.67 4798.85 4793.76 4788.54 4783.46 4778.75 4774.74 4772.43 4772.73 4775.43 4778.3 4780.19 4783.87 4787.79 4795.3 4805.81 4817.77 4830.06 4841.33 4849.34 4853.37 4854.83 4856.59 4858.06 4859.26 4861.41 4866.65 4868.82 4865.97 4863.66 4862.15 4860.62 4859.96 4860.62 4862.15 4865.07 4870.56 4875.53 4877.57 4878.42 4878.48 4878.91 4880.34 4883.73 4888.62 4891.47 4895.14 4898.65
4792.11 4790.73 4790.03 4789.51 4789.78 4790.78 4795.49 4802.79 4805.7 4804.29 4803.26 4802.48 4803.1 4806.42 4810.25 4811.4 4811.73 4811.59 4809.59 4805.32 4800.55 4795.54 4790.28 4785.23 4780.66 4776.68 4774.05 4772.69 4773.01 4775.51 4778.63 4782.95 4786.95 4796.52 4808.08 4820.56 4833.12 4845.19 4853.48 4854.7 4855.3 4855.11 4855.68 4857.37 4861.8 4867.98 4868.34 4864.48 4863.17 4864.68 4865.17 4863.4 4865.23 4869.88 4869.78 4868.88 4868.86 4868.73 4870.1 4873.41 4876.21 4879.05 4882.4 4886.89 4890.27 4895.61 4899.73
4793.85 4791.5 4789.15 4786.34 4783.2 4780.83 4783.8 4790.09 4795.3 4798.58 4801.07 4803.03 4804.14 4808.54 4810.68 4812.75 4813.16 4811.86 4810 4806.52 4802.06 4797.17 4791.86 4786.89 4782.16 4778.21 4774.82 4772.28 4770.69 4772.91 4776.84 4780.96 4786.53 4797.63 4809.96 4822.66 4834.99 4845.44 4852.25 4854.28 4854.44 4855.66 4854.94 4854.29 4857.09 4858.78 4858.45 4858.87 4858.94 4859.77 4860.79 4861.95 4864.99 4869.17 4868.5 4865.77 4863.22 4860.27 4861.37 4866.57 4870.52 4875.83 4880.8 4884.78 4888.79 4893.52 4899.77
4796.81 4793.65 4790.18 4785.85 4780.38 4775.5 4776.17 4779.48 4786.68 4793.84 4799.86 4805.51 4811.78 4813.82 4814.18 4815.53 4815.53 4814.04 4811.49 4807.87 4803.38 4798.11 4792.98 4788.04 4783.59 4779.68 4776.45 4772.88 4769.39 4772.69 4777.64 4780.43 4787.46 4800.15 4812.17 4824.38 4836.36 4846.43 4851.65 4852.63 4851.64 4850.25 4852.47 4854.73 4855.52 4853.98 4851.71 4854.51 4853.7 4852.12 4853.82 4857.35 4860.89 4863.05 4863.67 4862.08 4859.61 4856.24 4855.89 4858.58 4862.28 4866.24 4872.61 4880.27 4887.41 4894.41 4900.44
4801.12 4797.26 4793.22 4788.81 4783.04 4776.21 4775.06 4775.85 4783.32 4791.89 4799.75 4807.19 4815.04 4818 4819.36 4818.93 4818.58 4817.47 4814.15 4809.74 4804.84 4799.39 4794.25 4789.32 4784.87 4780.84 4777.47 4773.82 4771.1 4775.08 4782.21 4792.89 4798.65 4804.32 4814.02 4825.16 4836.64 4847.58 4851.64 4851.02 4849.05 4846.32 4850.51 4854.62 4856.61 4857.47 4858 4857.2 4852.23 4844.41 4848.35 4853.09 4856.06 4860.4 4859.11 4858.77 4857.95 4858.82 4861.47 4857.51 4856.98 4856.45 4864.63 4875.48 4884.06 4892.89 4900.32
4807.03 4802.3 4797.87 4794.54 4792.41 4788.76 4781.12 4779.36 4784.86 4793.3 4801.01 4807.67 4813.02 4817.13 4819.93 4821.07 4820.91 4819.56 4815.94 4811.16 4806.16 4800.42 4795.22 4790.68 4786.11 4782.19 4779.45 4777.4 4774.87 4777.79 4783.1 4791.05 4798.28 4804.86 4814.08 4824.63 4834.97 4843.08 4848.21 4849.05 4848.13 4848.21 4851.09 4855.08 4858.13 4863.25 4868.86 4863.6 4856.51 4850.12 4850.83 4852.81 4851.13 4847 4855.23 4856.71 4855.97 4854.34 4853.03 4859.86 4856.6 4855.31 4862.84 4872.92 4882.98 4892.11 4900.39
4814.39 4808.19 4803.05 4799.9 4799.47 4799.63 4788.09 4781.57 4790.62 4798.55 4804.7 4809.58 4812.57 4816.58 4820.85 4822.29 4822.4 4820.88 4816.62 4811.34 4806.13 4800.97 4796.25 4791.43 4786.93 4783.09 4780.22 4778.82 4780.54 4779.81 4781.2 4784.26 4792.24 4801.81 4812.12 4822.78 4832.97 4841.82 4845.54 4847.08 4846.91 4845.5 4847.13 4850.72 4855.89 4862.35 4867.36 4865.1 4860.78 4858.66 4855.86 4857.07 4861 4861.94 4858.47 4857.41 4855.72 4852.61 4850.75 4855.4 4856.54 4857.89 4864.72 4873.32 4882.66 4892.47 4900.56
4823.59 4815.53 4808.76 4803.64 4799.15 4799.43 4799.25 4798.49 4803.9 4808.43 4811.72 4814.38 4816.38 4819.74 4822.39 4822.62 4822.62 4821.09 4816.14 4810.78 4805.3 4801.19 4796.32 4791.72 4787.43 4783.58 4780.42 4779.16 4781.08 4780.07 4780.09 4779.23 4787.38 4798.27 4809.17 4819.82 4829.87 4838.55 4842.44 4844.81 4846.43 4845.95 4841.75 4844.24 4850.61 4857.25 4863.08 4862.83 4859.68 4857.87 4856.87 4858.61 4863.57 4865.59 4861.66 4859.39 4858 4856.19 4853.25 4853.77 4858.64 4861.73 4867.64 4874.8 4882.99 4892.13 4900.61
4834.85 4825.07 4815.39 4806.55 4799.78 4804.49 4817.71 4823.31 4821.61 4821.1 4820.6 4820.32 4820.76 4824.95 4822.45 4821.13 4820.52 4818.55 4813.98 4809.19 4805.12 4800.79 4796.55 4792.34 4788.29 4784.04 4780.56 4777.88 4778.63 4779.29 4779.57 4779.54 4786.22 4796.08 4806.56 4816.72 4825.43 4832.02 4837.54 4840.94 4843.28 4842.01 4836.77 4839.02 4844.56 4849.73 4853.73 4853.23 4852.61 4853.2 4853.14 4855.07 4856.78 4859.29 4860.31 4860.45 4860.76 4862.04 4865.78 4863.45 4864.77 4867.3 4869.96 4875.05 4881.62 4890.83 4900.22
4847.14 4835.57 4823.45 4812.57 4805.49 4814.56 4834.04 4841.27 4837.71 4834.33 4830.93 4826.57 4820.6 4813.09 4818.22 4818.28 4816.68 4814.05 4810.46 4807.02 4803.77 4800.29 4796.84 4793.07 4789.31 4785.58 4782.45 4779.79 4779.68 4779.6 4779.5 4780.9 4786.15 4794.49 4804.23 4813.92 4822.65 4828.77 4832.67 4835.43 4838.58 4838.14 4836.06 4835.81 4838.93 4841.87 4841.46 4840.92 4841.78 4842.97 4846.62 4849.94 4853.6 4855.66 4857.63 4859.53 4861.68 4864.43 4866.74 4867.14 4867.04 4868.35 4869.78 4874.03 4880.68 4888.28 4896.9
4856.75 4845.64 4832.75 4821.51 4813.37 4824.32 4843.24 4851.02 4849.98 4846.8 4841.89 4836.4 4828.16 4819.53 4819.77 4817.2 4812.64 4809.3 4806.94 4804.93 4802.76 4800.55 4797.67 4794.84 4791.69 4788.34 4785.53 4783.85 4784.12 4781.99 4779.38 4780.33 4786.36 4793.31 4801.48 4810.66 4820.64 4826.49 4827.39 4827.81 4827.35 4827.79 4827.82 4831.04 4834.26 4837.23 4839.22 4839.93 4836.74 4836.92 4840.94 4844.93 4848.2 4851.82 4854.6 4857.16 4860.09 4863.02 4865.25 4863.33 4861.01 4862.98 4867.2 4873.51 4878.74 4885.46 4892.12
