real_craters/C102-750m.grd
DSAA
90 90
-33.46 33.46
-33.46 33.46
3689.9619171605 5456.6792048046
[rows 38 to 75 of 90, columns 0 to 83 of 90]
4756 4850 4872 4872 4876 4876 4838 4813 4814 4821 4832 4827 4789 4789 4784 4791 4802 4813 4822 4831 4825 4828 4831 4836 4857 4914 4983 5075 5053 4995 5004 4988 4989 4919 4804 4664 4502 4313 4087 3914 3880 3828 3793 3770 3736 3716 3717 3723 3745 3782 3819 4013 4400 4708 4877 4973 5060 5081 5124 5069 4985 4920 4917 4988 5034 4984 4950 4951 4953 4924 4899 4878 4892 4915 4925 4947 4962 4960 4956 4951 4951 4952 4923 4901
4574 4619 4853 4876 4852 4831 4828 4818 4822 4831 4833 4831 4823 4811 4805 4804 4816 4821 4827 4834 4817 4825 4842 4853 4880 4933 5006 5076 5093 5092 4987 5070 5042 4877 4677 4458 4247 4105 3974 3852 3815 3758 3735 3723 3708 3697 3696 3707 3723 3739 3770 3879 4135 4385 4595 4812 5057 5266 5245 5153 5044 4938 4906 4980 5034 4989 4949 4944 4946 4925 4889 4858 4871 4886 4904 4926 4944 4949 4946 4942 4946 4957 4946 4927
4515 4563 4802 4866 4843 4820 4815 4818 4827 4838 4852 4846 4836 4826 4820 4812 4816 4824 4825 4827 4822 4835 4858 4877 4890 4923 4965 5013 5081 5072 5093 5136 5060 4824 4571 4310 4090 3966 3868 3780 3753 3728 3712 3705 3698 3691 3691 3695 3712 3744 3808 3865 3958 4079 4317 4643 4984 5238 5286 5220 5099 4970 4931 4972 5018 4980 4935 4934 4932 4923 4895 4846 4858 4875 4885 4920 4945 4939 4930 4922 4921 4934 4964 4946
4585 4649 4854 4877 4845 4827 4820 4818 4825 4836 4849 4849 4840 4826 4811 4815 4821 4822 4821 4826 4837 4848 4865 4882 4899 4903 4899 4941 5084 5111 5127 5123 4983 4757 4487 4211 4004 3883 3803 3745 3726 3713 3706 3701 3697 3693 3690 3691 3707 3735 3794 3833 3857 3910 4137 4505 4887 5179 5287 5242 5144 5045 4957 4976 4982 4963 4950 4925 4917 4906 4906 4896 4892 4892 4916 4941 4941 4928 4915 4902 4894 4917 4931 4935
4799 4870 4916 4880 4852 4831 4816 4816 4820 4828 4842 4842 4842 4840 4835 4835 4829 4824 4824 4836 4846 4858 4866 4886 4914 4892 4864 4885 5010 5184 5167 5090 4940 4714 4438 4146 3944 3843 3774 3729 3716 3708 3708 3704 3702 3699 3698 3697 3711 3729 3752 3784 3817 3902 4108 4420 4802 5137 5281 5246 5167 5082 5027 4999 4959 4932 4924 4918 4911 4908 4914 4911 4922 4941 4970 4975 4942 4918 4902 4889 4881 4924 4933 4932
4799 4816 4835 4836 4818 4817 4824 4813 4812 4811 4809 4829 4836 4845 4845 4844 4816 4828 4838 4852 4867 4878 4881 4893 4897 4890 4875 4884 4925 5089 5134 5105 4945 4710 4441 4175 3967 3833 3752 3726 3718 3717 3715 3714 3712 3712 3714 3717 3726 3740 3754 3771 3804 3875 4044 4346 4720 5064 5233 5208 5150 5083 5037 4994 4923 4909 4916 4917 4910 4905 4909 4931 4950 4968 4986 4963 4928 4906 4891 4882 4883 4905 4948 4932
4757 4772 4791 4792 4778 4791 4799 4806 4804 4800 4796 4789 4838 4857 4857 4839 4826 4839 4862 4880 4898 4909 4911 4908 4896 4890 4906 4923 5045 4965 5116 5103 4968 4739 4473 4207 3999 3837 3742 3732 3732 3729 3725 3722 3723 3725 3730 3739 3743 3751 3763 3784 3816 3868 3974 4299 4639 4914 5073 5123 5105 5054 4968 4937 4925 4921 4932 4928 4912 4896 4905 4949 4989 4997 4975 4929 4906 4892 4883 4879 4884 4901 4923 4921
4754 4762 4771 4771 4770 4772 4786 4793 4792 4791 4787 4778 4808 4836 4843 4830 4821 4850 4892 4913 4931 4945 4942 4914 4901 4895 4890 4933 5027 4978 5170 5208 5017 4784 4527 4257 4039 3854 3743 3743 3743 3739 3736 3728 3728 3734 3743 3749 3756 3764 3773 3809 3866 3948 4097 4325 4574 4816 4978 5050 5065 5024 4942 4908 4912 4912 4929 4930 4914 4900 4909 4976 5038 5041 5007 4922 4894 4883 4877 4872 4871 4887 4905 4907
4757 4766 4765 4761 4758 4760 4770 4778 4782 4784 4794 4808 4807 4810 4827 4822 4821 4848 4884 4925 5001 4978 4939 4902 4905 4894 4869 4902 4962 5009 5205 5196 5056 4835 4594 4353 4100 3896 3778 3754 3759 3760 3750 3751 3741 3741 3750 3760 3760 3765 3774 3840 3929 4046 4205 4389 4593 4792 4916 5036 5056 5028 4967 4952 4933 4919 4927 4927 4918 4916 4930 5006 5075 5058 4999 4934 4898 4883 4876 4870 4868 4881 4890 4893
4752 4753 4758 4758 4759 4765 4767 4773 4779 4787 4812 4838 4842 4840 4842 4847 4840 4843 4850 4877 4951 4981 4960 4912 4914 4914 4874 4906 4926 4917 5120 5220 5081 4870 4629 4387 4137 3931 3811 3773 3774 3781 3760 3730 3735 3741 3743 3747 3753 3752 3785 3874 3994 4127 4278 4456 4653 4863 5072 5099 5090 5054 5005 5015 4963 4939 4920 4916 4927 4936 4958 5044 5114 5089 4999 4958 4914 4897 4882 4872 4869 4879 4884 4883
4750 4754 4755 4758 4763 4769 4768 4771 4782 4801 4830 4850 4843 4808 4851 4851 4852 4861 4871 4872 4907 4962 4963 4928 4918 4905 4879 4899 4920 4908 5066 5195 5100 4910 4656 4391 4166 3926 3818 3796 3792 3792 3773 3754 3748 3747 3745 3748 3750 3748 3806 3931 4068 4213 4352 4535 4741 4936 5081 5137 5114 5071 5008 4984 4955 4930 4929 4940 4949 4968 5013 5100 5187 5122 5022 4973 4925 4905 4886 4871 4861 4875 4872 4873
4751 4750 4752 4757 4762 4766 4770 4770 4786 4810 4848 4869 4864 4855 4851 4848 4860 4870 4879 4887 4949 4977 4950 4921 4914 4912 4895 4892 4915 4928 5080 5188 5145 5005 4767 4501 4271 4038 3877 3823 3809 3788 3786 3780 3767 3758 3758 3753 3753 3753 3843 4001 4180 4357 4500 4675 4859 5008 5159 5166 5112 5075 5026 4976 4957 4948 4946 4959 4976 5004 5049 5143 5183 5075 4995 4953 4928 4910 4887 4867 4844 4837 4852 4864
4762 4752 4748 4754 4765 4774 4786 4789 4798 4810 4862 4895 4896 4877 4858 4869 4885 4890 4899 4932 4946 4942 4909 4890 4889 4891 4861 4890 4902 4927 5115 5205 5207 5148 5010 4749 4423 4151 3928 3859 3847 3806 3807 3802 3790 3774 3760 3759 3759 3770 3907 4118 4332 4549 4747 4919 5025 5064 5073 5066 5071 5052 5029 4991 4976 4971 4974 4979 5001 5029 5076 5118 5055 4972 4950 4932 4912 4901 4882 4860 4839 4827 4839 4857
4798 4755 4746 4749 4789 4813 4811 4825 4819 4822 4857 4915 4950 4943 4941 4951 4928 4905 4906 4913 4907 4882 4853 4848 4850 4847 4840 4891 4895 4895 5058 5172 5237 5264 5264 4994 4572 4140 3950 3879 3870 3848 3853 3834 3831 3804 3783 3793 3792 3812 4011 4255 4501 4757 5006 5186 5176 5130 5069 5036 5035 5031 5028 5017 5008 5004 5005 5018 5021 5030 5049 5018 4970 4926 4917 4905 4888 4883 4874 4865 4845 4831 4839 4852
4790 4758 4754 4760 4793 4816 4820 4823 4826 4838 4868 4957 5052 5050 5043 4977 4939 4944 4928 4897 4884 4856 4818 4818 4821 4818 4817 4812 4826 4890 5040 5144 5217 5275 5309 5116 4775 4406 4056 3913 3892 3932 4026 3967 3928 3877 3844 3881 3928 3983 4181 4407 4664 4926 5208 5429 5314 5190 5097 5037 5026 5024 5038 5046 5041 5040 5038 5034 5025 5013 4980 4930 4919 4900 4896 4892 4881 4874 4870 4861 4850 4842 4842 4847
4779 4774 4779 4783 4790 4805 4818 4827 4834 4847 4872 4987 5088 4964 4737 4736 4848 5000 4953 4915 4890 4855 4817 4810 4805 4794 4791 4775 4770 4825 4974 5060 5133 5194 5194 5150 5003 4722 4358 4125 4032 4037 4199 4156 4072 4000 3989 4027 4115 4262 4386 4575 4796 5017 5235 5421 5292 5189 5099 5045 5033 5038 5050 5086 5095 5089 5072 5046 5024 5008 4988 4935 4904 4896 4889 4890 4876 4874 4870 4865 4854 4851 4845 4842
4813 4838 4830 4808 4795 4802 4817 4832 4835 4841 4873 4980 5021 4744 4533 4587 4678 4792 4928 4953 4910 4854 4835 4817 4807 4808 4795 4753 4736 4764 4863 4954 5021 5080 5159 5149 5197 5073 4738 4558 4371 4238 4251 4268 4248 4163 4155 4240 4242 4395 4580 4732 4897 5046 5146 5111 5167 5155 5086 5035 5026 5044 5081 5125 5153 5133 5094 5052 5018 5006 4994 4949 4914 4892 4887 4887 4871 4881 4873 4844 4845 4847 4848 4849
4930 4912 4870 4823 4796 4801 4817 4834 4848 4853 4881 4971 4956 4660 4556 4567 4553 4636 4928 4981 4899 4840 4837 4819 4809 4804 4822 4776 4749 4766 4813 4869 4908 4918 4905 5023 5103 5167 5192 5041 4760 4502 4444 4517 4548 4519 4530 4610 4660 4734 4803 4887 4990 5079 5149 5184 5194 5144 5068 5027 5008 5027 5069 5125 5205 5150 5108 5064 5024 5002 4982 4962 4933 4901 4889 4882 4897 4882 4844 4838 4841 4847 4852 4856
4998 4920 4865 4827 4803 4806 4818 4833 4848 4856 4888 4964 4982 4659 4547 4552 4522 4616 4905 4952 4865 4801 4803 4808 4812 4808 4803 4803 4776 4781 4802 4822 4837 4841 4853 4887 4908 5070 5241 5304 5050 4906 4893 4897 4906 4999 4975 4992 5131 5053 5003 5006 5055 5106 5168 5266 5232 5127 5041 4978 4979 4994 5017 5050 5080 5080 5088 5055 5033 4986 4957 4948 4924 4903 4892 4890 4891 4872 4845 4842 4845 4852 4857 4860
4931 4886 4842 4819 4806 4815 4821 4830 4836 4854 4884 4920 4908 4789 4618 4637 4627 4701 4909 4907 4838 4795 4788 4796 4809 4819 4808 4799 4781 4776 4786 4801 4809 4806 4807 4812 4817 4920 5000 5018 5084 5173 5208 5130 5102 5138 5171 5163 5161 5154 5088 5055 5062 5076 5104 5124 5087 5050 5013 4976 4966 4967 4968 4961 4931 4951 4988 4989 4979 4954 4919 4931 4909 4899 4891 4883 4869 4853 4843 4849 4852 4856 4859 4862
4879 4850 4823 4828 4837 4830 4829 4832 4844 4852 4864 4871 4879 4921 4912 4800 4833 4847 4853 4850 4809 4777 4774 4785 4793 4799 4815 4810 4785 4786 4785 4788 4798 4809 4806 4799 4818 4862 4897 4927 5005 5066 5104 5126 5113 5168 5183 5226 5299 5194 5106 5060 5036 5035 5021 4987 4961 4971 4973 4974 4968 4939 4916 4890 4851 4858 4880 4906 4915 4928 4930 4917 4904 4899 4891 4880 4864 4847 4844 4854 4863 4860 4859 4858
4841 4824 4807 4823 4841 4838 4835 4830 4826 4832 4837 4833 4835 4832 4831 4832 4844 4842 4823 4810 4787 4765 4772 4779 4787 4793 4801 4805 4787 4783 4773 4777 4792 4807 4804 4798 4800 4808 4810 4846 4930 5011 5032 5006 5030 5026 5127 5210 5188 5125 5075 5040 5012 4985 4966 4945 4942 4916 4923 4942 4939 4905 4878 4849 4832 4834 4848 4881 4919 4924 4913 4898 4888 4888 4882 4866 4853 4843 4848 4854 4861 4858 4856 4855
4817 4811 4801 4821 4839 4840 4838 4833 4817 4811 4817 4811 4806 4804 4797 4818 4823 4818 4803 4788 4777 4780 4773 4776 4783 4791 4791 4799 4780 4763 4738 4763 4786 4804 4803 4799 4800 4801 4798 4819 4877 4948 5058 5026 4982 4970 5033 5101 5075 5028 5009 4991 4975 4952 4918 4882 4842 4859 4868 4871 4860 4855 4845 4830 4819 4828 4859 4892 4910 4911 4895 4880 4869 4867 4862 4852 4845 4836 4840 4842 4847 4851 4850 4844
4809 4809 4807 4819 4835 4840 4838 4834 4825 4813 4804 4791 4781 4774 4801 4827 4831 4808 4788 4774 4766 4774 4770 4774 4777 4781 4783 4787 4776 4685 4725 4761 4782 4796 4797 4792 4790 4797 4799 4812 4831 4830 4841 4947 4944 4957 4945 4913 4884 4920 4930 4926 4914 4899 4873 4842 4814 4819 4824 4819 4806 4818 4819 4814 4810 4825 4860 4889 4897 4889 4870 4864 4855 4846 4826 4840 4838 4836 4847 4846 4844 4847 4849 4845
4814 4805 4807 4826 4837 4838 4836 4832 4826 4822 4801 4781 4779 4782 4808 4831 4833 4802 4780 4768 4762 4769 4769 4776 4773 4773 4770 4784 4782 4784 4770 4778 4789 4792 4795 4791 4789 4786 4814 4816 4819 4821 4796 4786 4823 4848 4863 4867 4863 4860 4867 4867 4867 4857 4844 4827 4813 4806 4803 4804 4805 4807 4805 4803 4803 4819 4853 4885 4867 4850 4843 4844 4843 4841 4844 4843 4847 4846 4848 4848 4844 4847 4847 4843
4808 4800 4805 4824 4834 4833 4832 4832 4829 4810 4797 4787 4793 4786 4802 4816 4801 4795 4784 4769 4755 4751 4773 4782 4778 4770 4769 4785 4791 4797 4793 4798 4807 4809 4798 4788 4792 4810 4805 4811 4811 4820 4815 4791 4775 4786 4816 4819 4847 4842 4847 4849 4844 4837 4831 4818 4801 4799 4800 4807 4811 4807 4800 4795 4791 4801 4815 4831 4829 4826 4827 4827 4831 4838 4843 4848 4853 4851 4851 4850 4847 4849 4850 4842
4816 4808 4810 4830 4833 4831 4827 4824 4833 4822 4796 4783 4786 4779 4800 4821 4810 4806 4790 4771 4747 4746 4769 4787 4788 4770 4783 4806 4810 4808 4808 4814 4830 4830 4807 4793 4795 4803 4805 4799 4795 4786 4792 4811 4803 4797 4809 4810 4807 4819 4824 4825 4824 4823 4824 4818 4807 4807 4808 4810 4810 4802 4794 4787 4778 4767 4772 4769 4792 4812 4808 4815 4826 4838 4846 4848 4845 4848 4847 4853 4846 4846 4849 4842
4801 4821 4815 4823 4830 4829 4822 4813 4814 4810 4796 4784 4788 4775 4802 4827 4820 4804 4797 4781 4756 4750 4769 4781 4784 4775 4772 4817 4809 4798 4799 4805 4821 4824 4809 4797 4799 4795 4790 4790 4790 4790 4790 4779 4774 4792 4801 4797 4808 4823 4830 4831 4830 4830 4825 4823 4829 4832 4817 4809 4792 4790 4795 4786 4774 4767 4759 4754 4770 4788 4797 4808 4823 4838 4845 4845 4842 4841 4838 4837 4834 4834 4836 4827
4798 4819 4827 4837 4841 4839 4831 4812 4812 4811 4799 4792 4781 4779 4802 4831 4840 4837 4812 4788 4756 4755 4763 4766 4766 4767 4762 4747 4760 4775 4784 4787 4782 4794 4806 4810 4806 4792 4776 4785 4786 4789 4791 4787 4782 4800 4823 4845 4833 4829 4827 4825 4824 4818 4816 4822 4825 4827 4821 4818 4815 4815 4805 4790 4776 4767 4760 4756 4766 4781 4790 4804 4818 4834 4835 4835 4839 4832 4819 4816 4816 4815 4812 4807
4803 4816 4830 4843 4861 4860 4848 4825 4796 4789 4796 4798 4789 4786 4796 4814 4845 4847 4825 4793 4781 4771 4767 4760 4752 4754 4749 4745 4763 4770 4778 4780 4778 4788 4806 4821 4807 4798 4793 4793 4794 4796 4800 4804 4793 4823 4854 4867 4854 4844 4835 4828 4828 4823 4808 4809 4812 4815 4816 4825 4843 4849 4817 4792 4772 4757 4751 4759 4768 4773 4787 4802 4817 4829 4822 4823 4829 4824 4812 4804 4797 4796 4786 4791
4812 4809 4826 4877 4873 4851 4859 4849 4808 4793 4789 4792 4792 4783 4790 4805 4841 4851 4838 4828 4799 4787 4772 4759 4755 4751 4750 4765 4771 4776 4780 4782 4781 4789 4798 4802 4798 4805 4809 4807 4806 4807 4812 4814 4816 4847 4891 4897 4870 4857 4844 4834 4826 4813 4806 4798 4792 4793 4796 4810 4832 4831 4809 4787 4766 4748 4744 4761 4770 4771 4788 4799 4805 4803 4815 4824 4825 4823 4813 4790 4781 4784 4781 4778
4818 4810 4824 4902 4822 4764 4809 4872 4838 4809 4795 4793 4777 4778 4794 4816 4842 4841 4837 4829 4833 4804 4781 4756 4765 4766 4763 4773 4782 4782 4785 4789 4791 4790 4790 4793 4795 4813 4817 4817 4825 4822 4816 4805 4813 4857 4904 4889 4875 4860 4847 4836 4823 4814 4803 4790 4773 4761 4773 4789 4796 4788 4787 4777 4763 4749 4746 4756 4762 4764 4789 4799 4801 4800 4811 4822 4818 4821 4822 4792 4775 4778 4773 4768
4817 4815 4861 4706 4584 4583 4612 4760 4896 4843 4804 4796 4785 4789 4800 4817 4828 4837 4835 4825 4829 4814 4800 4792 4797 4784 4765 4796 4791 4787 4790 4793 4797 4789 4782 4784 4790 4804 4813 4816 4817 4820 4821 4819 4815 4849 4880 4879 4868 4850 4838 4828 4817 4807 4797 4785 4773 4757 4766 4777 4779 4775 4773 4767 4760 4753 4751 4753 4753 4768 4797 4800 4799 4799 4797 4799 4804 4803 4804 4788 4775 4769 4763 4760
4810 4819 4898 4576 4389 4436 4521 4737 4926 4868 4807 4806 4813 4809 4799 4783 4792 4827 4843 4837 4819 4819 4817 4815 4827 4824 4806 4797 4789 4789 4791 4792 4789 4788 4785 4791 4800 4808 4810 4816 4819 4822 4824 4826 4814 4836 4864 4862 4850 4835 4826 4817 4810 4802 4794 4786 4781 4782 4782 4775 4772 4769 4764 4760 4757 4755 4760 4754 4755 4774 4798 4794 4784 4775 4784 4791 4797 4781 4768 4766 4762 4755 4751 4755
4799 4805 4842 4583 4398 4430 4487 4720 4912 4866 4803 4812 4833 4829 4812 4788 4783 4824 4849 4841 4825 4828 4829 4830 4834 4828 4790 4786 4792 4794 4794 4793 4794 4791 4791 4796 4800 4795 4806 4820 4833 4826 4822 4819 4835 4837 4820 4825 4822 4817 4811 4806 4800 4794 4789 4786 4785 4787 4785 4774 4766 4761 4757 4753 4752 4753 4755 4754 4763 4783 4797 4788 4778 4767 4778 4796 4795 4795 4758 4751 4751 4748 4748 4753
4800 4807 4809 4696 4601 4596 4572 4829 4920 4849 4809 4833 4841 4843 4849 4838 4826 4842 4860 4857 4845 4842 4840 4828 4837 4842 4803 4800 4808 4808 4801 4790 4789 4795 4806 4800 4796 4792 4802 4813 4821 4823 4821 4820 4847 4844 4814 4806 4805 4803 4804 4799 4793 4788 4784 4782 4779 4776 4772 4766 4759 4754 4750 4748 4747 4748 4747 4745 4743 4752 4747 4772 4781 4779 4760 4777 4776 4768 4753 4743 4748 4747 4748 4752
4794 4804 4808 4816 4882 4817 4902 4853 4860 4822 4795 4825 4842 4845 4849 4850 4854 4858 4863 4863 4858 4856 4856 4850 4854 4845 4832 4851 4840 4829 4822 4805 4802 4800 4792 4798 4791 4790 4800 4811 4817 4821 4826 4833 4834 4831 4805 4797 4794 4795 4793 4788 4784 4780 4777 4774 4771 4765 4762 4756 4751 4745 4743 4743 4745 4745 4741 4738 4732 4739 4760 4775 4786 4796 4755 4768 4765 4755 4749 4740 4745 4746 4745 4748
4785 4787 4781 4812 4833 4839 4805 4810 4812 4817 4817 4824 4835 4839 4834 4840 4855 4856 4851 4851 4856 4864 4871 4857 4859 4884 4889 4896 4879 4864 4844 4839 4825 4818 4810 4808 4805 4803 4806 4809 4812 4818 4823 4834 4834 4825 4797 4793 4786 4782 4779 4775 4772 4769 4766 4765 4762 4756 4750 4750 4745 4738 4735 4742 4748 4751 4750 4749 4744 4745 4766 4774 4776 4774 4775 4766 4766 4754 4750 4759 4750 4744 4743 4744
