real_craters/C103-300m.grd
DSAA
225 225
-33.6525 33.6525
-33.6525 33.6525
8221.4284917713 9784.762795367
[rows 180 to 209 of 225, columns 0 to 66 of 225]
9466.13 9464.49 9464.64 9465.39 9464.73 9463.08 9460.98 9458.81 9454.7 9453.52 9452.97 9452.94 9453.57 9454.19 9454.45 9454.06 9453.34 9453.23 9453.77 9454.66 9454.45 9453.97 9452.41 9449.29 9445.53 9441.11 9436.46 9431.63 9426.41 9421.67 9416.71 9411.74 9407 9401.99 9396.95 9392.09 9386.9 9381.59 9379.25 9373.78 9366.74 9360.52 9354.96 9347.27 9335.73 9323.98 9313.33 9304 9297.53 9301.16 9304.94 9307.09 9304.24 9309.82 9316.08 9321.29 9322.76 9325.35 9326.64 9327.99 9329.66 9329.34 9328.34 9327.25 9326.9 9324.4 9320.61
9464.41 9463.85 9463.79 9464.33 9462.7 9461.4 9459.68 9457.92 9456.66 9455.41 9454.51 9453.93 9453.37 9453.48 9454.21 9453.9 9452.8 9452.28 9453.1 9453.65 9453.2 9452.86 9451.09 9447.22 9443.33 9438.33 9432.84 9427.82 9422.9 9417.83 9412.8 9407.46 9402.56 9397.74 9393.25 9388.5 9383.76 9378.93 9374.16 9370.49 9363.48 9354.61 9345.36 9338.04 9330.27 9322.11 9314.3 9308.29 9307.55 9307.34 9311.4 9314.68 9316.29 9324.64 9332.34 9339.74 9340.57 9343.14 9343.56 9343.14 9344.04 9342.76 9340.59 9338.67 9334.48 9332.26 9329.64
9463.05 9463.08 9462.6 9461.49 9460.57 9459.74 9458.34 9456.98 9455.83 9454.81 9454.16 9453.68 9453.2 9453.97 9454.45 9453.99 9452.39 9451.54 9453.17 9454.61 9454.72 9452.65 9449.75 9444.57 9437.94 9432.43 9426.86 9421.49 9415.98 9410.57 9405.49 9400.37 9395.47 9390.79 9386.18 9382.05 9378.14 9374.57 9370.61 9367.58 9360.82 9351.5 9339.97 9330.71 9327.02 9322.41 9317.55 9313.32 9308.49 9315.52 9322.91 9328.53 9334.12 9347.42 9355.34 9361.34 9361.26 9361.87 9360.7 9358.87 9353.97 9351.85 9349.53 9347.4 9345.21 9343.36 9342.06
9461.97 9462.37 9461.68 9460.14 9458.67 9457.36 9456.18 9455.03 9454.11 9453.2 9453.03 9453.2 9454.12 9455.39 9455.2 9453.99 9453.04 9452.63 9453.58 9455.12 9454.82 9452.18 9447.62 9440.75 9433.77 9427.64 9421.6 9415.3 9409.49 9403.86 9398.59 9393.41 9388.56 9384.37 9380.27 9376.62 9372.35 9369.77 9367.42 9365.8 9361.86 9354.78 9342.82 9332.16 9328.64 9325.51 9322.68 9321.61 9325 9331.06 9339.83 9349.42 9364.57 9379.59 9383.66 9386.47 9384.51 9382.15 9379.03 9375.48 9371.49 9364.12 9360.96 9358.06 9355.91 9354.61 9354.31
9460.18 9461.06 9460.39 9457.7 9455.82 9455.04 9454.01 9452.86 9451.77 9450.83 9450.23 9450.45 9453.09 9457.37 9453.83 9452.44 9452.74 9452.54 9452.65 9454.36 9455.36 9450.99 9444.57 9436.69 9429.86 9423.5 9416.47 9410.3 9404.34 9398.5 9393.07 9389.27 9385.09 9380.09 9376.31 9373.28 9370.62 9368.61 9367.13 9366.54 9365.91 9362.34 9350.73 9338.17 9333.73 9330.21 9327.93 9328.51 9333.63 9342.71 9357.52 9379.69 9413.65 9415.71 9412.4 9407.28 9404.42 9399.19 9393.74 9383.86 9378.71 9373.97 9370.09 9367.53 9365.19 9362.71 9364.53
9456.59 9456.6 9455.75 9454.23 9453.51 9452.68 9451.61 9450.47 9449.26 9447.99 9446.78 9445.45 9443.36 9445.82 9448.51 9448.44 9447.29 9448.07 9449.1 9450.41 9451.41 9446.31 9439.12 9431.72 9425.32 9419.07 9412.68 9406.66 9400.84 9394.84 9389.57 9384.15 9379.53 9375.52 9371.91 9369.18 9366.87 9365.45 9365.19 9365.8 9368.94 9371.59 9360.71 9346.75 9340.59 9335.5 9332.11 9331.57 9335.67 9346.03 9365.99 9400.1 9438.84 9439.03 9433.8 9427.23 9419.83 9412.17 9404.69 9396.44 9389.81 9383.86 9378.55 9374.39 9371.61 9369.36 9372.06
9451.8 9449.58 9448.22 9449.74 9451.02 9450.15 9449.06 9447.92 9446.74 9445.21 9443.35 9441.57 9442.5 9442.26 9443.09 9444.48 9444.5 9444.24 9443.7 9442.53 9439.95 9436.12 9431.36 9425.35 9419.53 9413.54 9407.75 9401.88 9396.18 9390.57 9385.44 9379.44 9374.89 9371.75 9367.98 9364.88 9362.52 9361.56 9361.37 9362.5 9366.47 9373.08 9367.58 9355.81 9347.3 9339.94 9334.22 9330.88 9332.29 9340.66 9358.47 9387.5 9424.51 9444.37 9444.93 9438.42 9429.57 9421.47 9412.58 9404.34 9396.42 9389.69 9383.87 9378.92 9375.22 9373.03 9373.54
9447.4 9444.39 9442.9 9444.66 9446.7 9446.88 9446.37 9445.65 9444.66 9443.17 9440.88 9437.35 9431.69 9434.5 9437.61 9440.79 9443.77 9440.61 9437.54 9434.19 9429.33 9426.02 9423.66 9418.4 9413.08 9407.33 9401.93 9396.19 9390.89 9385.53 9380.39 9374.28 9369.63 9365.33 9361.27 9358.05 9355.66 9354.16 9353.95 9354.83 9358.17 9360.56 9364.39 9361.39 9353.34 9343.96 9335.12 9328.17 9324.21 9325.45 9342.16 9367.86 9419.5 9446.43 9449.51 9443.99 9435.36 9426.67 9417.43 9408.81 9400.02 9393.82 9387.25 9381.17 9376.24 9372.25 9369.09
9443.88 9440.58 9438.79 9440.16 9442.28 9443.33 9443.65 9443.53 9443.1 9442.13 9440.44 9438.01 9431.94 9430.02 9432.38 9434.81 9437.07 9433.8 9430.63 9427.08 9422.92 9419.49 9416.8 9411.49 9405.8 9400.42 9394.5 9388.67 9383.55 9378.15 9373.2 9368.22 9363.51 9359.05 9354.92 9351.39 9348.36 9346.42 9345.74 9346.36 9349.78 9356.29 9370.78 9368.66 9358.24 9346.67 9335.61 9326.08 9318.95 9316.15 9328.08 9354.52 9408.92 9444.03 9449.01 9443.78 9435.66 9427.06 9417.41 9409.02 9401.16 9394.11 9387.25 9380.92 9375.03 9369.02 9363.27
9441.17 9437.57 9435.28 9436.39 9438.52 9440.25 9441.23 9441.72 9441.9 9441.82 9441.47 9441.74 9436.91 9430.67 9428.41 9426.23 9424.74 9424.04 9422.61 9420.71 9418.37 9415.55 9411.21 9405.01 9398.79 9392.92 9386.91 9381.24 9376.45 9371.18 9366.71 9361.82 9357.32 9352.85 9348.65 9344.73 9341.35 9338.45 9336.96 9337.36 9342.63 9358.27 9381.63 9374.44 9361.34 9348.66 9336.64 9326.55 9318.42 9313.91 9319.11 9340.61 9404.47 9443.56 9443.74 9438.51 9431 9423.9 9415.86 9408.69 9401.59 9394.22 9388.17 9381.46 9374.8 9368.13 9360.79
9438.93 9435.27 9433.27 9433.68 9435.89 9437.89 9439.01 9439.95 9440.8 9441.67 9442.54 9443.98 9442.51 9433.96 9426.17 9418.57 9414.28 9414.77 9414.81 9414.53 9414.11 9412.26 9405.85 9398.3 9391.27 9385.29 9379.21 9374.18 9368.91 9363.88 9359.94 9355.58 9351.56 9347.09 9342.89 9338.71 9334.69 9331.11 9328.26 9327.34 9331.79 9351.38 9379.39 9371.31 9359.27 9348.74 9338.15 9329.25 9322.1 9316.92 9319.28 9340.34 9392.26 9428.65 9429.5 9426.09 9422.49 9417.4 9412.23 9405.96 9400.08 9393.94 9387.59 9381.23 9375.04 9367.8 9360.7
9436.9 9432.9 9430.05 9430.24 9433.06 9435.3 9436.72 9437.92 9439.22 9440.82 9442.67 9445.21 9444.51 9436.08 9425.09 9414.03 9408.13 9407.72 9407.54 9407.33 9407.96 9406.44 9399.02 9390.3 9382.9 9376.39 9370.58 9366.31 9361.4 9357.4 9352.71 9348.28 9344.68 9340.35 9336.52 9332.19 9327.92 9323.82 9319.91 9316.92 9316.46 9327.24 9352.51 9356.54 9353.04 9346.81 9339.89 9333.42 9328.21 9325.7 9323.67 9335.68 9370.68 9397.44 9404.85 9408.65 9409.36 9408.55 9406.52 9403.16 9398.44 9393.35 9387.48 9381.23 9374.02 9367.54 9361.25
9435.11 9431.07 9427.62 9427.86 9430.62 9432.87 9434.09 9435.19 9436.63 9438.71 9442.69 9444.88 9445 9436.62 9424.97 9412.74 9405.67 9402.79 9400.64 9398.96 9398.65 9396.58 9389.23 9380.15 9373.46 9367.53 9362.54 9358.07 9353.8 9350.59 9346.54 9343.2 9339.14 9336.66 9332.58 9328.28 9323.9 9319.45 9315.79 9311.07 9307.31 9310.31 9327.84 9342.21 9346.23 9344.99 9341.37 9337.94 9335.2 9334.58 9332.72 9336 9349.54 9361.11 9377.3 9388.89 9395.76 9398.44 9399.47 9399.26 9396.26 9392.34 9387.09 9381.32 9374.36 9368.01 9362.28
9433.44 9429.98 9427.94 9427.82 9429.07 9430.7 9430.9 9431.4 9432.56 9434.67 9439.11 9442.96 9443.95 9435.92 9425.22 9414.23 9405.63 9399.32 9394.22 9389.28 9386.17 9383.51 9375.62 9367.42 9362.31 9358.11 9354.19 9350.63 9347.14 9343.99 9340.54 9338 9334.38 9332.53 9328.63 9324.82 9320.95 9316.83 9314.05 9310.83 9308.82 9312.98 9326.15 9337.38 9342.8 9344.31 9343.23 9341.99 9340.79 9341.27 9341.7 9339.48 9339.71 9342.03 9359.01 9374.13 9384.79 9390.68 9393.33 9394.53 9393.62 9390.64 9386.41 9381.23 9375.01 9369.12 9363.18
9431.65 9428.35 9426.5 9425.83 9425.93 9426.52 9426.29 9426.11 9426.55 9428.11 9431.63 9435.71 9438.8 9433.04 9424.91 9414.45 9405.62 9396.52 9387.64 9379 9371.15 9362.38 9355.55 9352.51 9351.01 9349.03 9346.64 9344.15 9341.46 9338.71 9335.65 9332.7 9329.79 9327.04 9323.77 9321.23 9317.9 9314.95 9314.02 9313.71 9317.63 9327.9 9334.81 9340.56 9344.87 9347.42 9347.5 9346.61 9345.79 9345.07 9343.95 9341.72 9340.83 9342.04 9354.32 9367.29 9377.77 9385.69 9389.51 9390.83 9390.98 9388.81 9386.2 9382 9376.61 9370.23 9363.55
9429.37 9425.62 9422.96 9421.89 9420.98 9421.38 9420.63 9419.3 9418.6 9419.05 9421.66 9425.74 9429.46 9427.31 9423.8 9419.14 9405.81 9393.23 9381.4 9369.62 9357.75 9343.13 9337.54 9339.66 9341.11 9340.8 9339.6 9338.26 9335.95 9333.87 9331.12 9328.68 9326.19 9323.83 9322.33 9319.65 9317.19 9315.28 9315.87 9316.83 9321.32 9336.44 9341.87 9345.09 9348.36 9351.04 9352.42 9353.22 9351.97 9349.2 9346.73 9347.14 9349.4 9352 9359.8 9367.3 9375.9 9381.44 9385.14 9388.76 9388.94 9387.44 9385.51 9381.5 9376.7 9371.08 9364.7
9426.82 9422.23 9417.23 9412.63 9413.73 9416.09 9414.27 9411.54 9409.77 9409.09 9409.41 9410.87 9417.08 9418.28 9417.51 9413.94 9401.64 9388.35 9375.62 9363.01 9350.78 9337.98 9331.91 9333.54 9334.8 9334.88 9333.98 9333.11 9331.59 9330.19 9328.18 9326.61 9324.48 9323.04 9322 9320.09 9318.38 9317.4 9318.61 9319.97 9323.99 9337.48 9343.56 9347.68 9351.36 9354.88 9357.98 9360.33 9360.38 9357.57 9352.7 9358.8 9362.68 9367.11 9370.17 9373.5 9378.23 9383.84 9386.67 9386.37 9388.29 9387.19 9383.64 9382.09 9378.55 9373.72 9368.03
9424.63 9419.96 9414.22 9407.44 9409.05 9408.59 9405.49 9402.58 9400.37 9398.93 9398.34 9400.15 9405.82 9407.54 9406.31 9401.84 9392.77 9381.57 9370.01 9358.66 9348.75 9339.43 9333.5 9332.64 9332.09 9331.29 9329.96 9329.09 9328.02 9327.23 9326.04 9324.89 9324 9322.65 9321.66 9320.67 9320.28 9319.66 9321.48 9323.11 9327.78 9336.43 9343.27 9349.02 9354.43 9359.38 9364.25 9368.43 9372.07 9374.9 9376.4 9379.25 9377.46 9376.26 9377.1 9381.87 9386 9389.51 9391.11 9391.6 9391.84 9390.63 9387.76 9385.51 9382.29 9378.91 9374.58
9422.61 9418.88 9416.2 9415.49 9409.4 9401.46 9396.07 9393.17 9391.16 9389.49 9388.84 9392.62 9396.7 9396.98 9394.6 9389.96 9383.32 9374.39 9364.75 9355.49 9348.21 9342.86 9338.42 9334.72 9331.05 9328.58 9327.11 9325.8 9325.44 9325.01 9324.93 9324.55 9324.51 9323.75 9323.54 9323.06 9323.01 9322.83 9324.33 9325.07 9328.21 9334.65 9343.54 9352.11 9359.39 9365.72 9371.86 9377.02 9384.62 9394.79 9409.83 9403.21 9394.94 9391.18 9390.44 9393.99 9396.92 9398.29 9399.19 9398.29 9396.88 9395.32 9393.22 9391.21 9389.17 9386.46 9383.39
9420.11 9416.96 9415.01 9414.07 9406.21 9395.1 9387.44 9384.63 9382.53 9380.89 9380.55 9384.65 9387.41 9387.21 9385.31 9381.14 9374.96 9367.22 9359.47 9351.58 9345.73 9344.77 9344.22 9336.1 9329.29 9325.98 9324.64 9324.27 9324.61 9324.21 9324.95 9325.82 9326.17 9326.48 9327.34 9327.79 9327.81 9328.2 9328.76 9326.74 9327.37 9334.98 9345.7 9355.5 9363.91 9371.53 9378.71 9386.32 9394.92 9404.65 9416.46 9414.99 9409.63 9408.69 9410.15 9409.23 9410.06 9409.27 9407.63 9405.91 9403.37 9401.04 9398.64 9396.54 9394.98 9393.05 9391.88
9416.77 9412.96 9409.61 9405.89 9398.69 9389.49 9382.67 9377.79 9374.51 9372.63 9372.36 9375.96 9377.24 9377.29 9376.67 9373.02 9367.16 9360.21 9353.19 9346.22 9340.78 9338.91 9337.14 9329.95 9324.46 9321.78 9321.3 9321.75 9323.25 9324.39 9325.84 9327.25 9328.97 9330.78 9332.06 9333.24 9334.11 9336.55 9335.86 9333.69 9332.93 9339.8 9350.57 9360.11 9368.68 9376.4 9384.31 9392.29 9401.21 9409.35 9412.13 9415.89 9420.35 9423.38 9423.86 9426.25 9426.62 9424.01 9420.74 9416.99 9413.02 9405.85 9403.06 9400.48 9399.02 9398.16 9397.82
9412.51 9407.69 9402.59 9396.71 9389.74 9382.92 9376.94 9370.59 9366.39 9363.71 9364.3 9364.98 9366.46 9367.04 9365.27 9363.52 9359.52 9353.41 9346.65 9339.68 9333.01 9327.08 9320.17 9317.95 9317.41 9316.99 9318.19 9319.85 9322.33 9324.47 9327.87 9329.98 9331.87 9334.38 9336.53 9338.7 9340.79 9344.41 9345.25 9346.07 9347.76 9351.83 9359.56 9367.35 9374.8 9382.35 9389.7 9396.86 9404.67 9411.59 9417.61 9424.49 9431.8 9438.93 9444.08 9445.29 9442.34 9436.87 9431.36 9425.74 9418.9 9413.77 9406.1 9402.91 9400.84 9400.25 9401.09
9407.95 9402.09 9395.68 9388.28 9380.72 9374.19 9367.24 9362.8 9358.67 9354.37 9348.89 9351.54 9356.91 9359.25 9358.04 9356.55 9352.83 9347.4 9340.72 9333.39 9325.68 9317.61 9309.75 9308.46 9311.16 9313.44 9316.54 9319.01 9322.65 9325.48 9329.29 9331.95 9334.34 9337.22 9340.28 9343.44 9346.97 9352 9355.09 9357.44 9361.82 9364.85 9369.31 9375.03 9381.49 9387.48 9394.42 9401.38 9408.04 9413.7 9425.22 9435.88 9441.4 9452.36 9465.16 9462.31 9454.27 9446.24 9438.33 9431.14 9426.02 9419.32 9412.95 9406.21 9401.39 9396.97 9395.62
9403.43 9397.09 9390.02 9382.25 9374.65 9368.37 9362.57 9357.43 9352.39 9347.82 9345.56 9346.16 9350.85 9355.5 9356.77 9353.37 9347.9 9342.19 9335.59 9328.33 9320.41 9311.78 9304.12 9303.18 9307.65 9312.08 9316.29 9320.78 9324.07 9327.79 9331.2 9334.03 9337.45 9340.82 9344.17 9348.34 9352.92 9359.01 9363.85 9368.13 9371.94 9374.42 9377.45 9380.94 9385.89 9390.69 9397.08 9404.67 9411.51 9417.02 9427.11 9440.66 9438.56 9453.51 9471.17 9471.05 9463.55 9455.19 9446.93 9438.98 9430.16 9422.27 9413.18 9406.2 9399.23 9389.81 9382.22
9399.58 9393.01 9385.96 9378.12 9370.59 9364.35 9359.09 9353.15 9347.41 9342.25 9338.7 9339.82 9344.64 9352.22 9356.99 9349.8 9342.98 9337.14 9331.2 9324.76 9317.65 9309.57 9303.81 9303.05 9307.04 9313.02 9318.48 9323.6 9326.62 9329.52 9332.62 9335.22 9338.48 9342.04 9346.29 9351.17 9356.89 9363.32 9369.23 9377.38 9377.96 9380.47 9382.69 9385.1 9387.52 9391.54 9397.42 9405.07 9413.17 9418.37 9406.86 9392.49 9418.82 9444.56 9463.82 9469.83 9465.78 9458.99 9451.21 9443.06 9434.51 9425.58 9415.7 9406.32 9395.51 9384.01 9373.66
9396.24 9389.78 9382.82 9375.34 9367.2 9361.5 9354.97 9349.03 9343.6 9338.84 9333.69 9333.14 9335.81 9340.87 9344.64 9341.33 9337.38 9333.87 9329.8 9324.95 9319.03 9311.27 9305.76 9304.35 9309.49 9316.31 9322.61 9327.16 9330.33 9331.4 9333.88 9336.47 9339.4 9342.99 9347.32 9352.99 9358.87 9364.96 9369.88 9375.15 9382.68 9384.54 9384.52 9385.35 9387.02 9390.98 9395.77 9402.33 9408.99 9410.97 9395.79 9376.78 9409.24 9436.63 9456.99 9465.38 9463.54 9458.95 9452.19 9443.95 9435.94 9426.53 9416.74 9406.55 9395.75 9383.48 9372.37
9393.24 9386.85 9380.57 9374.41 9368.56 9361.57 9353.71 9346.82 9341 9337.62 9335.14 9328.75 9324.9 9322.8 9324.91 9329.48 9331.29 9331.41 9330 9327.35 9323.39 9316.96 9311.42 9309.2 9316.16 9322.72 9327.87 9330.73 9332.95 9334.73 9336.05 9336.02 9338.09 9341.05 9345.17 9351.22 9357.81 9365.11 9370.18 9378.58 9389.33 9385.53 9382.46 9381.71 9382.6 9386.17 9391.13 9397.14 9400.69 9401.3 9402.68 9418.74 9419.91 9433.74 9447.56 9455.97 9460.27 9458.65 9452.73 9445.05 9436.07 9426.51 9417.2 9407.16 9396.99 9386.99 9377.05
9390.3 9383.88 9377.77 9372.55 9368.58 9360.44 9351.54 9343.61 9336.68 9332.02 9329.31 9321.54 9315.34 9309.37 9312.24 9321.41 9327.24 9330.51 9331.79 9331.67 9330.39 9328.26 9325.13 9325.21 9329.16 9332.76 9334.62 9336.57 9336.85 9337.15 9335.16 9335.24 9335.04 9336.93 9341.05 9346.12 9353.51 9363.11 9372.75 9382.85 9384.6 9378.58 9374.5 9373.3 9374.9 9378.06 9384 9391.26 9397.76 9400.9 9402.72 9405.5 9415.48 9430.7 9446.04 9456.03 9460.35 9458.95 9453.48 9445.84 9436.85 9426.95 9416.98 9407.33 9398.67 9390.76 9382.72
9387.21 9380.46 9373.91 9367.89 9361.87 9354.87 9347.32 9339.26 9330.73 9320.85 9315.61 9313.38 9310.94 9307.45 9311.78 9321.11 9327.89 9332.71 9335.95 9338.15 9339.6 9340.89 9341.88 9345.85 9345.73 9344.39 9343.55 9342.87 9340.75 9338.92 9336.2 9333 9331.85 9331.78 9333.12 9336.8 9343.53 9354.09 9367.49 9373.35 9367.58 9363.02 9359.76 9359.74 9362.39 9364.93 9372.44 9382.29 9394.1 9400.04 9399.22 9396.61 9410.36 9433.7 9451.07 9461.53 9463.18 9458.89 9454.28 9446.42 9438.48 9428.69 9418.15 9407.7 9398.18 9390.6 9382.64
9383.96 9376.37 9368.96 9362.01 9355.45 9349.57 9343.72 9337.71 9327.79 9313.45 9306.4 9309.76 9313.46 9317.25 9320.62 9326.53 9332.37 9337.43 9341.71 9345.68 9349.31 9353.3 9356.32 9361.67 9359.75 9356.62 9352.37 9348.8 9344.15 9339.23 9335.13 9330.24 9326.69 9322.68 9321.67 9322.53 9326.14 9333.61 9345.73 9347.98 9341.64 9339.47 9337.52 9339.35 9343.67 9351.74 9360.68 9371.1 9380.46 9392.46 9401.25 9407.68 9422.16 9443.02 9459.17 9470.66 9467.97 9462.31 9452.91 9444.21 9438.39 9427.85 9417 9406.01 9395.39 9386.03 9378.54
