real_craters/C103-500m.grd
DSAA
136 136
-33.6525 33.6525
-33.6525 33.6525
8223.9945347092 9780.874587982
[rows 90 to 119 of 136, columns 0 to 66 of 136]
9339.84 9341.23 9347.87 9356.96 9365.74 9373.75 9381.82 9389.27 9395.91 9397.8 9398.03 9404.72 9403.18 9402.54 9402.7 9401.83 9400.63 9400.44 9399.44 9397.25 9396.13 9393.14 9388.12 9386.02 9379.15 9370.42 9364.1 9350.28 9328.79 9335.1 9331.13 9327.95 9323.78 9311.01 9302.23 9326.69 9335.92 9338.28 9337.54 9335.69 9335.75 9334.66 9336.29 9338.22 9344.77 9368.67 9390.82 9411.17 9430.24 9428.22 9430.97 9438.28 9445.29 9446.84 9438.07 9430.38 9422.83 9415.17 9403.35 9396.17 9398.6 9411 9410.64 9418.74 9428.26 9436.39 9441.16
9345.04 9351.5 9354.93 9361.17 9368.38 9376.32 9384.84 9394.2 9405.06 9419.36 9428.15 9414.53 9405.89 9401.06 9399.91 9399.07 9398.68 9398.41 9398.39 9398.63 9395.35 9392.58 9388.53 9384.39 9378.32 9370.48 9362.94 9357.09 9365.59 9349.39 9337.56 9327.33 9316.18 9301.14 9294.87 9308.84 9320.08 9326.38 9329.67 9330.47 9328.06 9329.01 9331.43 9334.45 9343.56 9376.7 9402.36 9416.68 9428.75 9425.83 9425.05 9425.38 9423.95 9422.15 9414.74 9410.68 9404.77 9393.99 9384.44 9374.41 9364.6 9364.32 9382.06 9397.36 9407.11 9415.59 9420.37
9349.5 9355.98 9362.25 9368.09 9375.41 9383.42 9393.28 9402.76 9413.65 9426.01 9431.03 9417.84 9409.15 9403.51 9400.94 9400.47 9399.39 9400.11 9399.09 9397.71 9397.42 9394.6 9390.57 9387.51 9384.91 9379.26 9370.68 9370.67 9399.52 9363.77 9347.08 9334.38 9322.54 9313.7 9309.19 9307.91 9312.47 9316.42 9318.64 9322.31 9318.47 9324.11 9333.82 9342.66 9364.36 9393.15 9411.51 9410.69 9420.61 9425.77 9420.9 9413.45 9400.91 9384.16 9392.56 9393.84 9390.08 9380.21 9373.39 9366.52 9359.85 9349.16 9358.73 9373.93 9387.07 9395.84 9404.05
9355.09 9364.08 9368.18 9374.82 9382.71 9391.27 9400.95 9409.15 9416.13 9419.88 9420.96 9412.32 9409.04 9405.89 9403.11 9401.66 9398.71 9396.61 9391.9 9391.72 9388.88 9383.83 9380.96 9381.76 9383.01 9384.38 9391.24 9411.01 9403.8 9373.87 9355.55 9341.78 9329.64 9319.27 9313.67 9310.73 9310.81 9312.13 9313.97 9317.66 9317.42 9322.53 9331.67 9349.32 9371.25 9390.9 9408.69 9411.45 9418.2 9417.82 9413.7 9405.49 9394.79 9386.96 9384.78 9383.41 9379.25 9373.54 9367.22 9361.03 9362.88 9343.72 9345.81 9357.39 9369.23 9380.3 9391.04
9366.59 9365.21 9373.99 9383.11 9392.24 9401.42 9409.92 9414.94 9419.6 9418.45 9409.72 9408.39 9410.62 9409.89 9407.26 9404.35 9401.04 9394.26 9390.71 9385.56 9380.55 9376.77 9373.87 9376.19 9377.7 9385.27 9397.64 9404.43 9403.43 9375.26 9365.71 9351.17 9337.93 9328.94 9320.04 9315.01 9311.83 9310.67 9312.43 9313.95 9313.18 9315.09 9323.8 9338.08 9349.43 9335.1 9350.7 9381.47 9396.19 9404.2 9402.7 9399.89 9395.06 9392.44 9384.46 9376.69 9370.64 9364.13 9357.33 9348.27 9335.76 9330.31 9336.93 9347.27 9356.52 9366.34 9375.11
9368.79 9369.77 9379.26 9388.84 9398.3 9408.34 9414.86 9421.21 9424.39 9425.98 9417.83 9416.55 9414.05 9419.06 9417.88 9412.28 9406.71 9400.24 9393.99 9388.8 9382.81 9378.14 9374.66 9374.37 9374.9 9380.19 9392.09 9407.95 9415.7 9403.95 9379.78 9361.18 9346.83 9335.81 9327.11 9320.36 9314.59 9310.87 9309.92 9310.74 9310.13 9310.95 9311.25 9317.61 9330.16 9325.02 9332.54 9360.28 9382.48 9392.55 9397.89 9395.58 9391.26 9387.06 9378.89 9372.37 9366.12 9358.8 9351.49 9343.21 9333.09 9333.37 9335.79 9340.23 9345.53 9351.32 9356.4
9371.63 9378.79 9388.38 9397.2 9405.54 9413.93 9420.03 9427.09 9434.04 9437.42 9443.96 9445.09 9438.89 9434.61 9428.8 9421.13 9414.02 9407.21 9400.03 9392.74 9385.76 9379.39 9372.68 9372.44 9370.65 9371.45 9380.02 9395.44 9406.09 9388.88 9375.45 9365.26 9356.31 9344.65 9336.06 9326.57 9317.95 9311.25 9307.06 9305.1 9302.82 9303.84 9301.31 9305.53 9339.23 9326.85 9333.95 9360.44 9377.74 9377.44 9392.02 9391.8 9386.01 9375.67 9370.15 9367.27 9362.2 9356.34 9349.01 9342.27 9338.7 9334.88 9331.83 9332.46 9335.67 9339.67 9342.09
9387.17 9394.76 9398.59 9405.95 9412.63 9419.87 9427.48 9435.58 9445.81 9460.94 9472.73 9473.38 9462.99 9451.49 9440.59 9430.95 9422.2 9413.83 9404.22 9399.48 9391.91 9383.15 9375.61 9368 9356.83 9351.74 9350.24 9351.15 9358.23 9362.23 9363.21 9364.16 9364.51 9362.62 9344.06 9330.74 9321.12 9314.51 9308.45 9303.9 9298.82 9293.93 9290.02 9289.27 9313.48 9314.84 9328.02 9350.96 9364.44 9369.82 9388.78 9389.83 9383.28 9374.8 9368.34 9364.81 9359.96 9354.16 9347.32 9339.96 9333.03 9328.36 9327.56 9327.1 9327.87 9329.86 9330.97
9391.23 9400.63 9410 9416.02 9421.69 9427.19 9432.98 9439.55 9449.09 9460.22 9470.72 9481.46 9480.2 9461.87 9448.81 9437.11 9425.69 9417.06 9405.45 9395.89 9386.08 9375.98 9366.6 9354.81 9344.81 9334.24 9323.54 9315.92 9325.91 9346.55 9357.15 9357.13 9360.29 9359.7 9343.61 9331.17 9322.51 9315.5 9308.99 9303.08 9297.06 9291.13 9286.26 9287.48 9308.69 9304.88 9322.6 9343.23 9358.02 9365.48 9383.12 9386.05 9382.15 9375.57 9368.77 9365.95 9361.49 9355.04 9347.37 9338.66 9328.43 9321 9319.61 9321.6 9322.19 9321.74 9320.61
9408.93 9416.41 9423.07 9430.69 9434.99 9438.26 9441.43 9444.81 9449.13 9451.88 9459.88 9467.78 9469.93 9460.79 9447.93 9437.5 9427.03 9418.95 9408 9398.78 9390.37 9379.49 9367.11 9355.38 9342.17 9324.99 9308.19 9300.85 9315.08 9332.02 9341.94 9342.36 9338.28 9336.08 9331.35 9325.39 9319.25 9312.76 9307.12 9301.83 9296.5 9292 9289.54 9292.6 9304.54 9310.62 9323.38 9341.52 9356.99 9367.12 9377.4 9382.62 9382.5 9379.26 9376.05 9369.43 9362.77 9355.92 9348.69 9340.71 9331.9 9324.52 9322.59 9319.9 9318.8 9316.16 9313.02
9427.9 9434.52 9435.82 9439.09 9437.35 9440.08 9446.03 9448.9 9450.9 9451.78 9457.05 9459.9 9461.15 9455.6 9447.14 9439.52 9432.71 9422.11 9412.88 9401.54 9391.54 9381.7 9370.78 9360.44 9347.09 9328.64 9308.16 9305.76 9311.29 9323.07 9330.97 9326.08 9317.15 9314.2 9317.62 9317.06 9314.6 9311.53 9307.81 9304.33 9300.09 9295.95 9293.35 9295.26 9301.63 9310.25 9324.97 9341.99 9359.64 9365.88 9375.44 9381.93 9383.79 9383.29 9380.45 9373.61 9365.67 9358.17 9351.59 9345.32 9339.28 9332.9 9323.38 9320.01 9315.93 9311.02 9304.69
9441.63 9442.42 9449.09 9449.47 9445.88 9446.86 9443.19 9447.84 9453.67 9457 9458.37 9463.36 9456.65 9453.19 9449.97 9444.08 9436.5 9426.06 9416.3 9403.92 9394.64 9384.16 9371.98 9363.2 9351.26 9338.91 9327.35 9328 9319.14 9318.45 9314.35 9312.92 9308.08 9306.93 9308.06 9309.26 9308.94 9307.27 9305.57 9304.07 9302.47 9301.05 9300.05 9303.12 9308.87 9313.48 9327.39 9342.75 9355.88 9366.99 9377.23 9383.61 9383.5 9382.77 9383.6 9373.6 9366.06 9360.09 9355.13 9350.53 9347.17 9344.83 9331.4 9324.76 9318.21 9310.54 9301.21
9457.21 9463.21 9461.8 9455.06 9452.21 9452.78 9453.75 9455.17 9456.83 9457.87 9448.33 9450.06 9448.61 9450.53 9449.31 9444.07 9438 9430.51 9421.01 9410.52 9400.24 9388.77 9378.9 9369.2 9361.94 9356.48 9352.21 9340.29 9329.58 9322.18 9311.21 9306.71 9303.86 9302.48 9303.09 9303.73 9303.82 9304.4 9305.57 9305.3 9305.66 9307.19 9310.73 9316.5 9323.08 9323.58 9332.16 9345.43 9358.84 9367.99 9377.08 9383.78 9378.3 9374.03 9366.4 9365.33 9363.23 9360.06 9357.32 9355.07 9353.81 9351.47 9345.42 9333.97 9323.01 9311.99 9300.98
9496.45 9494.98 9458.08 9443.21 9445.31 9448.24 9451.99 9453.58 9456.24 9448.93 9427.09 9416.67 9435.97 9443.69 9443.77 9441.52 9439.05 9430.95 9421.9 9412.24 9402.49 9392.55 9383.6 9376.83 9371.95 9371.54 9375.11 9359.08 9351.33 9336.21 9318.13 9309.77 9302.8 9299.62 9298.97 9300.48 9302.27 9303.07 9305.33 9307.32 9311.58 9313.4 9317.65 9327.15 9335.25 9329.83 9338.96 9347.87 9356.81 9362.35 9367.03 9370.92 9367.39 9364.17 9360.28 9360.17 9359.97 9358.99 9357.94 9357.14 9356.49 9357.13 9348.55 9340.61 9327.73 9314.51 9301.92
9353.67 9366.79 9392.32 9425.37 9440.3 9446.24 9450.96 9453.07 9457.6 9442.62 9414.62 9411.15 9439.92 9446.08 9444.54 9444.09 9436.81 9428.65 9419.59 9410.29 9402.19 9392.51 9384.45 9380.09 9376.19 9373.98 9376.79 9368.96 9358.43 9344.48 9334.86 9320.16 9303.78 9297.01 9296.5 9297.98 9300.7 9303.64 9306.12 9309.4 9312.79 9317.84 9323.94 9338.13 9354.34 9348.26 9346.6 9350.66 9353.94 9355.95 9357.52 9350.44 9353.83 9355.93 9358.51 9357.8 9357.23 9357.35 9357.47 9357.56 9356.76 9357.14 9355.34 9345.35 9330.66 9317.22 9305.41
9344.39 9354.88 9393.59 9431.69 9444.25 9448.72 9451.81 9452.64 9450.96 9440.9 9417.64 9429.55 9459.29 9454.69 9448.42 9444.17 9436.17 9427.47 9418.7 9410.56 9401.6 9392.59 9384.47 9379.34 9372.19 9363.62 9356.24 9349.26 9336.03 9327.44 9329.03 9316.36 9295.58 9293.8 9295.31 9297.24 9300.1 9302.99 9306.56 9310.97 9316.42 9323.55 9333.04 9344.56 9357.35 9351.18 9350.24 9354.02 9355.85 9351.96 9349.27 9346.01 9346.74 9349.56 9350.43 9351.6 9353.31 9354.74 9355.9 9356.64 9357.28 9356.96 9352.17 9342.98 9330.11 9318.81 9309.15
9459.92 9478.01 9488 9461.89 9455.54 9453.6 9453.82 9452.69 9453.1 9446.12 9437.34 9448.78 9463.47 9459.55 9454.88 9448.28 9440.56 9432.54 9424.09 9415.2 9406.41 9398.36 9391.6 9381.57 9371.14 9356.21 9342.73 9335.88 9319.37 9311.37 9314.11 9308.38 9295.94 9293.54 9296.2 9299.36 9302.7 9304.68 9307.76 9309.79 9316.75 9325.41 9335.68 9341.68 9343.69 9346.46 9349.31 9356.9 9367.51 9374.49 9343.75 9341.35 9342.84 9344.17 9345.88 9347.6 9349.3 9351.97 9354.03 9354.39 9354.88 9353.93 9348.23 9335.76 9327.3 9320.31 9314.39
9492.78 9492.69 9482.75 9471.18 9464.24 9459.61 9456.55 9454.55 9453.19 9451.66 9451.92 9455.64 9458.39 9457.66 9452.73 9446.05 9438.49 9430.48 9422.49 9414.08 9405.52 9396.79 9387.77 9382.48 9372.37 9362.84 9351.36 9330.9 9310.16 9298.92 9304.66 9302.15 9293.49 9297.52 9300.88 9304.62 9305.38 9307.56 9309.44 9311.38 9315.12 9323.38 9338.38 9338.1 9338.93 9341.29 9345.76 9355.69 9367.29 9373.37 9342.9 9339.28 9340.87 9340.89 9339.95 9338.12 9346.12 9349.63 9350.96 9351.93 9352.2 9350.66 9343.04 9331.7 9323.95 9321.53 9319.23
9469.12 9466.72 9465.07 9466.1 9462.56 9458.8 9454.23 9453.82 9454.19 9453.94 9453.02 9454.74 9456.85 9454.24 9450.1 9443.37 9435.43 9427.33 9419.11 9411.13 9402.78 9394.51 9385.74 9380.36 9370.8 9362.53 9350.44 9328.31 9307.89 9296.25 9301.99 9303.51 9302.66 9311.06 9316.7 9319.94 9320.29 9321.67 9320.5 9320.21 9315.09 9301.7 9302.07 9333.79 9344.89 9341.88 9342.79 9352.29 9355.84 9343.02 9329.24 9332.3 9336.74 9339.82 9343.58 9350.22 9348.64 9349.33 9349.97 9348.82 9347.99 9345.95 9337.71 9317.42 9321.88 9324.58 9324.77
9464.64 9463.88 9464.75 9461.72 9458.77 9456.37 9454.6 9453.45 9454.42 9453.92 9452.46 9453.33 9453.09 9452.05 9446.57 9439.12 9430.35 9422.09 9413.7 9405.1 9397.06 9389.42 9381.48 9373.4 9365.08 9351.03 9338.33 9324.18 9310.93 9306.56 9309.3 9313.91 9322.93 9335.7 9339.93 9342.07 9339.04 9337.65 9335.16 9331.92 9326.71 9320.57 9325.51 9352.75 9362.77 9358.04 9352.82 9356.19 9356.61 9351.24 9337.45 9330.13 9333.2 9342.42 9347.5 9351.28 9349.58 9349.68 9349.66 9348.57 9346.33 9343.53 9343.09 9331.31 9330.45 9332.49 9332.8
9462.52 9462.62 9460.3 9458.54 9456.58 9454.71 9453.82 9453.45 9454.49 9454.07 9451.85 9453.81 9455.65 9450.16 9440.69 9430.73 9421.19 9411.58 9402.73 9393.94 9386.27 9378.42 9372.86 9367.67 9361.88 9346.57 9329.4 9324.56 9318.71 9317.29 9329.46 9341.35 9364.2 9372.79 9375 9368.54 9364.31 9359.32 9354.43 9350.7 9347.7 9348.7 9368.81 9400.77 9400.55 9379.76 9366.49 9364.72 9363.42 9361.22 9349.47 9344.06 9351.54 9349.53 9349.95 9346.47 9348.85 9349.8 9349.16 9347.49 9344.7 9339.03 9327.66 9336.04 9343.76 9343.4 9341.34
9459.72 9460.98 9456.28 9454.63 9452.95 9451.06 9449.69 9450.21 9455 9451.87 9452.79 9452.54 9455.59 9446.67 9434.12 9422.84 9412.63 9402.18 9392.94 9385.95 9378.36 9372.97 9368.75 9367.42 9366.27 9359.74 9338.4 9331.94 9328.64 9335.42 9355.71 9397.1 9421.36 9414.31 9404.76 9395.38 9385.81 9373.82 9367.8 9365.17 9367.58 9375.62 9389.41 9415.19 9407.4 9388.22 9382.17 9369.23 9367.35 9370.15 9362.38 9352.52 9354.16 9359.5 9358.19 9355.56 9353.55 9352.32 9351.51 9349.58 9347.16 9343.11 9340.46 9355.83 9361.28 9352.94 9347.74
9452.55 9449.38 9451.07 9450.67 9448.8 9446.79 9444.08 9442.11 9443.01 9445.01 9444.61 9444.52 9442.37 9435.16 9425.07 9415.1 9405.34 9395.82 9386.89 9377.77 9371.84 9366.15 9362.59 9362.33 9366.39 9377.01 9353.41 9340.71 9331.95 9333.98 9355.42 9407.72 9444.24 9439.34 9424.86 9410.24 9397.29 9386.31 9377.56 9372.95 9375.11 9390.79 9384.69 9374.83 9375.45 9367.25 9355.35 9357.23 9364.1 9370.33 9367.7 9365.26 9375.36 9376.65 9371.19 9363.66 9358.2 9356.91 9355.88 9354.06 9352.16 9351.49 9356.19 9363.03 9361.02 9354.3 9349.7
9445.54 9441.1 9443.08 9445.14 9444.76 9443.43 9440.44 9432.71 9432.44 9437.93 9439.45 9433.27 9426.26 9420.96 9413.44 9403.93 9394.68 9385.76 9376.98 9369.15 9361.76 9355.7 9351.38 9350.31 9352.96 9361.08 9363.71 9346.99 9330.77 9320.28 9330.55 9381.56 9446.46 9446.86 9433.35 9416.41 9404.24 9391.99 9381.47 9371.63 9363.75 9352.67 9354.07 9343.3 9347.59 9344.42 9334.25 9342.89 9357.26 9373.66 9387.57 9386.09 9397.52 9395.04 9385.28 9372.29 9363.5 9362.1 9360.55 9358.42 9356.85 9355.32 9355.12 9352.27 9348.71 9350.3 9348.11
9440.8 9435.41 9436.57 9439.77 9441.21 9441.67 9441.58 9440.51 9430.13 9425.07 9422.77 9420.98 9417.94 9412.54 9402.66 9392.57 9382.8 9374.4 9366.49 9358.47 9351.18 9344.36 9338.78 9335.55 9339.71 9374.02 9372.85 9351.24 9332.25 9318.05 9316.57 9365.42 9443.13 9439.06 9427.21 9414.7 9403.16 9392.18 9381.01 9369.95 9357.43 9345.36 9345.57 9345.71 9340.95 9336.26 9331.84 9337.24 9349.36 9362.89 9375.23 9387.88 9402.5 9411.24 9401.23 9384.36 9371.58 9371.03 9367.33 9363.82 9360.47 9356.96 9352.74 9349.47 9351.46 9348.49 9345.81
9437.26 9431.47 9431.73 9435.87 9438.01 9440.14 9443.92 9444.76 9433.01 9415.31 9408.8 9408.78 9409.36 9404.02 9390.22 9378.62 9369.01 9361.61 9354.37 9347.71 9340.46 9333.76 9326.85 9321.39 9318.63 9350.23 9359.36 9348.83 9336.45 9326.67 9322.62 9352.46 9405.21 9411.62 9411.06 9407.19 9399.61 9390.73 9380.33 9369.25 9358.44 9349.8 9347.58 9347.11 9342.08 9337.72 9334.24 9336.68 9342.92 9344.05 9335.16 9333.38 9394.99 9421.64 9415.85 9402.78 9391.94 9385.09 9377.41 9370.61 9362.89 9358.79 9355.62 9353.72 9351.35 9346.94 9343.67
9434.31 9428.53 9428.44 9431.98 9433.18 9435.46 9441.15 9445.42 9433.56 9413.93 9402.79 9396.77 9393.43 9387.08 9372.75 9363.71 9356.21 9349.72 9344.64 9338.45 9333.44 9327.32 9320.2 9313.78 9307.16 9315.15 9339.93 9344.85 9341.53 9337.96 9337.76 9339.56 9350.02 9377.66 9392.61 9396.96 9395.15 9389.36 9380.69 9370.45 9360.77 9352.86 9348.41 9346.73 9345.11 9344.6 9342.96 9344.25 9345.74 9340.97 9334.43 9342.94 9392.71 9428.49 9423.56 9414.56 9407.67 9393.51 9382.99 9374.76 9368.2 9363.25 9358.46 9353.49 9347.26 9345.03 9341.94
9431.36 9426.56 9425.22 9425.75 9425.37 9425.9 9430.3 9438.35 9430.54 9415.2 9400.04 9384.5 9369.95 9353.83 9350.33 9348.06 9344.38 9340.16 9335.45 9330.81 9326.17 9321.12 9316.38 9314.06 9317.15 9333.53 9341.68 9347.79 9348.58 9346.67 9344.75 9341.32 9343.26 9363.35 9378.96 9388.1 9391.01 9387.75 9381.27 9371.99 9361.31 9353.29 9346.16 9344.56 9349.27 9354.49 9362.6 9366.63 9355.5 9346.67 9342.64 9336.33 9382.78 9427.1 9414.63 9408.46 9405.56 9391.36 9381.31 9374.78 9369.37 9365.23 9361.61 9354.48 9348.6 9343.42 9340.15
9427.34 9419.98 9415.01 9417.31 9414.1 9411.45 9411.89 9418.07 9420.2 9416.49 9394.92 9373.65 9352.93 9332.65 9334.83 9335.94 9334.59 9332.07 9328.92 9326.04 9322.83 9320.2 9317.52 9318.08 9321.65 9341.21 9347.67 9353.33 9357.91 9358.11 9351.15 9357.11 9365.59 9371.06 9380.08 9386.03 9387.81 9385.91 9382.4 9375.15 9364.75 9358.23 9352.72 9350.92 9355 9360.85 9370.15 9372.79 9360.08 9348.8 9344.65 9333.84 9346.81 9368.44 9385.74 9387.53 9379.71 9377.85 9374.46 9370.9 9366.77 9364.2 9364.4 9370.65 9354.34 9343.82 9339.79
9423.62 9416.58 9411.85 9404.97 9399.25 9395.49 9393.79 9399.9 9402.48 9396.64 9382.81 9364.99 9349.47 9336.89 9332.84 9330.04 9327.83 9326.21 9325.42 9324.58 9322.86 9321.7 9320.82 9322.63 9327.21 9339.25 9351.75 9360.51 9369.16 9378.54 9389.43 9388.22 9382.25 9385.65 9391.75 9393.9 9394.25 9391.84 9387.54 9383.03 9376.55 9371.1 9367.36 9361.86 9358.9 9360.09 9363.99 9366.67 9352.35 9341.55 9334.71 9329.36 9336.27 9348.38 9364.51 9369.42 9370.55 9368.68 9367.04 9365.46 9362.62 9360.2 9358.91 9357.64 9349.52 9342.75 9339
