real_craters/C103-750m.grd
DSAA
91 91
-33.6525 33.6525
-33.6525 33.6525
8232.3847897567 9755.709335263
[rows 38 to 75 of 91, columns 0 to 83 of 91]
9280 9283 9286 9289 9293 9301 9306 9308 9308 9306 9310 9308 9317 9326 9331 9332 9339 9340 9343 9349 9356 9366 9394 9399 9399 9401 9405 9413 9427 9467 9391 9393 9447 9642 9683 9607 9492 9320 9064 8962 8854 8740 8606 8483 8496 8522 8541 8539 8596 8661 8709 8766 8891 8972 9143 9340 9505 9508 9561 9537 9443 9401 9379 9385 9363 9350 9341 9331 9322 9316 9310 9321 9330 9316 9295 9282 9271 9265 9259 9257 9259 9273 9276 9263
9282 9286 9289 9291 9297 9301 9304 9305 9307 9314 9313 9311 9320 9329 9338 9348 9340 9337 9341 9349 9363 9381 9394 9396 9394 9392 9395 9426 9467 9510 9436 9466 9562 9737 9686 9524 9350 9139 8918 8799 8700 8596 8479 8378 8363 8381 8370 8345 8415 8488 8549 8623 8745 8793 9026 9293 9495 9515 9581 9541 9430 9395 9380 9379 9372 9365 9357 9348 9342 9335 9326 9341 9338 9311 9287 9278 9272 9268 9265 9263 9266 9279 9283 9270
9282 9288 9294 9297 9303 9307 9306 9303 9301 9304 9323 9339 9332 9334 9337 9334 9323 9331 9337 9346 9360 9384 9390 9389 9391 9397 9425 9450 9476 9503 9501 9512 9586 9572 9519 9399 9235 9034 8822 8674 8591 8505 8418 8343 8307 8295 8288 8290 8322 8375 8430 8494 8595 8673 8935 9246 9564 9584 9583 9488 9406 9389 9382 9375 9384 9373 9362 9354 9352 9353 9350 9352 9336 9308 9284 9277 9273 9271 9269 9270 9273 9281 9290 9274
9284 9294 9302 9309 9320 9316 9309 9301 9295 9293 9310 9315 9327 9330 9334 9334 9329 9329 9332 9339 9345 9354 9371 9377 9385 9396 9435 9457 9459 9453 9450 9531 9573 9490 9389 9279 9140 8978 8706 8595 8523 8452 8387 8329 8290 8270 8257 8247 8262 8302 8346 8407 8497 8607 8837 9125 9419 9600 9591 9552 9406 9389 9399 9397 9385 9372 9366 9362 9360 9363 9359 9340 9322 9303 9285 9276 9274 9273 9274 9276 9282 9286 9292 9267
9291 9304 9316 9322 9329 9325 9315 9305 9300 9319 9327 9315 9319 9324 9329 9338 9332 9327 9330 9333 9333 9330 9350 9364 9377 9404 9446 9458 9425 9413 9528 9600 9590 9506 9313 9174 9042 8896 8749 8592 8487 8422 8372 8336 8305 8271 8254 8237 8241 8263 8286 8320 8408 8520 8736 8957 9179 9423 9536 9567 9427 9420 9432 9431 9376 9369 9367 9366 9362 9361 9351 9333 9324 9308 9287 9280 9277 9276 9277 9278 9279 9282 9282 9258
9301 9314 9330 9346 9343 9334 9321 9312 9309 9351 9342 9319 9318 9315 9313 9308 9308 9324 9336 9338 9336 9340 9351 9360 9367 9385 9434 9446 9399 9395 9603 9620 9591 9372 9210 9081 8956 8826 8682 8539 8445 8389 8355 8338 8324 8281 8269 8263 8262 8255 8248 8263 8375 8494 8667 8827 8967 9227 9440 9553 9459 9460 9447 9438 9381 9371 9370 9368 9364 9347 9329 9348 9342 9320 9298 9284 9280 9281 9279 9279 9281 9274 9265 9247
9307 9315 9333 9351 9342 9332 9322 9315 9313 9324 9338 9330 9313 9305 9299 9295 9302 9340 9350 9354 9355 9364 9365 9367 9373 9393 9423 9427 9397 9397 9649 9657 9625 9333 9128 9003 8884 8761 8603 8451 8396 8357 8328 8302 8272 8271 8281 8290 8285 8264 8232 8237 8324 8484 8629 8781 8911 9125 9358 9541 9538 9448 9427 9399 9381 9366 9359 9357 9368 9372 9343 9406 9393 9360 9310 9289 9287 9284 9283 9280 9280 9276 9259 9244
9306 9305 9313 9327 9325 9324 9322 9319 9320 9329 9318 9310 9304 9297 9293 9298 9336 9363 9368 9374 9382 9385 9384 9383 9374 9390 9425 9449 9412 9404 9529 9666 9624 9322 9098 8970 8847 8718 8572 8415 8368 8336 8307 8273 8253 8262 8288 8315 8337 8281 8240 8250 8336 8461 8634 8790 8910 9080 9292 9462 9454 9427 9414 9402 9379 9366 9356 9354 9382 9441 9331 9387 9463 9414 9342 9305 9292 9288 9287 9285 9279 9266 9256 9243
9302 9287 9275 9279 9301 9315 9317 9318 9322 9331 9305 9298 9297 9292 9289 9289 9299 9362 9369 9380 9392 9397 9403 9411 9412 9420 9434 9440 9427 9428 9461 9644 9665 9393 9126 8985 8844 8696 8531 8420 8366 8330 8301 8275 8249 8263 8283 8306 8317 8278 8243 8264 8344 8508 8657 8793 8876 9051 9243 9393 9461 9432 9422 9421 9428 9373 9332 9293 9268 9243 8987 9533 9516 9447 9369 9319 9311 9297 9285 9278 9265 9250 9247 9240
9305 9283 9254 9253 9285 9306 9311 9312 9310 9305 9300 9296 9294 9292 9290 9285 9288 9316 9357 9377 9395 9400 9417 9447 9483 9468 9450 9444 9443 9458 9472 9491 9567 9409 9196 9035 8876 8710 8548 8445 8384 8350 8321 8295 8283 8273 8278 8287 8293 8270 8256 8292 8378 8566 8676 8786 8890 9053 9229 9374 9459 9443 9427 9437 9478 9387 9302 9200 9082 8923 8799 9278 9454 9442 9383 9330 9318 9305 9288 9276 9261 9248 9235 9231
9315 9294 9276 9272 9285 9298 9307 9311 9305 9301 9307 9301 9297 9296 9294 9294 9298 9328 9360 9376 9368 9385 9419 9454 9497 9480 9456 9447 9449 9464 9477 9514 9516 9412 9259 9104 8936 8765 8600 8464 8414 8387 8357 8320 8285 8270 8271 8274 8269 8266 8275 8321 8416 8555 8688 8781 8944 9099 9249 9367 9424 9402 9411 9436 9455 9413 9287 9123 8969 8829 8794 9091 9364 9425 9390 9338 9329 9313 9290 9265 9259 9249 9235 9240
9325 9312 9307 9300 9298 9297 9313 9320 9318 9304 9307 9303 9303 9305 9306 9311 9327 9364 9385 9395 9398 9392 9420 9444 9448 9458 9449 9434 9441 9469 9506 9504 9495 9444 9348 9190 9022 8849 8689 8548 8490 8454 8408 8358 8305 8280 8282 8282 8271 8289 8338 8397 8530 8692 8771 8853 9048 9182 9297 9387 9433 9415 9405 9420 9431 9448 9296 9106 8921 8857 8894 9078 9359 9415 9393 9351 9328 9311 9291 9274 9252 9243 9236 9236
9329 9327 9319 9320 9318 9327 9335 9340 9327 9300 9289 9301 9308 9313 9318 9323 9337 9372 9409 9423 9407 9411 9433 9456 9469 9454 9439 9428 9430 9447 9474 9465 9478 9457 9399 9271 9116 8950 8786 8686 8612 8542 8481 8418 8355 8319 8320 8332 8339 8362 8408 8496 8685 8887 8898 8988 9201 9290 9364 9415 9446 9407 9424 9431 9441 9447 9325 9148 8938 8943 9194 9275 9466 9429 9392 9351 9326 9305 9283 9271 9256 9244 9244 9242
9326 9325 9312 9327 9326 9337 9349 9368 9363 9325 9308 9317 9324 9330 9336 9341 9346 9378 9437 9466 9463 9447 9447 9457 9464 9442 9426 9413 9408 9402 9395 9396 9427 9460 9421 9355 9217 9067 8924 8817 8720 8640 8570 8498 8427 8378 8392 8416 8434 8464 8502 8625 8823 8967 9007 9172 9362 9416 9428 9426 9405 9435 9444 9442 9445 9440 9371 9271 9196 9237 9445 9425 9434 9410 9377 9348 9322 9301 9280 9265 9244 9242 9246 9270
9324 9323 9319 9323 9324 9322 9343 9382 9376 9363 9354 9345 9346 9351 9358 9368 9381 9416 9485 9505 9505 9474 9449 9433 9427 9420 9411 9396 9377 9369 9346 9383 9430 9491 9568 9443 9314 9190 9062 8930 8824 8749 8684 8613 8540 8499 8507 8536 8549 8582 8666 8832 8955 9057 9135 9383 9519 9521 9489 9454 9426 9438 9424 9442 9467 9457 9412 9370 9403 9383 9347 9349 9344 9365 9358 9338 9315 9292 9273 9254 9239 9246 9255 9294
9327 9336 9341 9333 9327 9319 9334 9369 9369 9378 9379 9372 9370 9374 9382 9399 9429 9474 9496 9515 9510 9470 9437 9411 9401 9404 9403 9399 9390 9371 9353 9343 9380 9456 9475 9454 9388 9305 9208 9080 8954 8894 8831 8762 8688 8633 8655 8700 8731 8778 8910 9035 9102 9153 9299 9610 9626 9575 9517 9466 9428 9429 9411 9434 9461 9444 9426 9392 9353 9348 9336 9334 9350 9345 9338 9322 9303 9286 9265 9251 9266 9254 9262 9310
9332 9346 9351 9343 9336 9336 9344 9348 9361 9391 9399 9395 9395 9399 9409 9423 9445 9469 9489 9486 9469 9444 9421 9398 9392 9394 9398 9406 9414 9383 9342 9347 9369 9424 9464 9473 9454 9423 9392 9329 9148 9088 9013 8938 8869 8816 8837 8896 8936 8999 9056 9148 9236 9310 9519 9695 9629 9567 9501 9456 9420 9420 9418 9421 9428 9447 9414 9391 9373 9349 9332 9328 9341 9336 9326 9312 9296 9282 9268 9254 9260 9274 9266 9308
9336 9350 9355 9349 9345 9341 9340 9346 9369 9395 9405 9407 9409 9412 9419 9430 9442 9449 9450 9419 9412 9410 9404 9394 9392 9393 9396 9402 9407 9396 9381 9369 9376 9417 9470 9493 9499 9510 9537 9581 9449 9318 9210 9131 9081 9067 9063 9096 9122 9196 9190 9268 9358 9481 9604 9536 9538 9507 9469 9439 9411 9404 9399 9403 9408 9404 9382 9379 9380 9349 9329 9322 9320 9325 9320 9309 9296 9282 9262 9246 9267 9261 9265 9289
9341 9354 9355 9351 9348 9344 9341 9361 9385 9403 9406 9408 9412 9416 9421 9424 9426 9422 9390 9367 9367 9382 9388 9399 9390 9385 9383 9383 9387 9390 9402 9388 9385 9415 9461 9496 9516 9550 9591 9600 9586 9486 9377 9297 9260 9281 9252 9263 9259 9218 9290 9410 9448 9469 9493 9465 9445 9446 9428 9416 9398 9390 9388 9391 9397 9401 9358 9363 9355 9317 9308 9313 9326 9321 9316 9310 9301 9286 9267 9265 9271 9267 9265 9281
9342 9336 9346 9351 9354 9357 9367 9388 9388 9390 9403 9410 9415 9418 9419 9415 9408 9397 9381 9366 9359 9367 9376 9374 9380 9376 9368 9356 9338 9354 9390 9376 9397 9416 9438 9460 9506 9546 9592 9660 9666 9581 9473 9404 9378 9362 9361 9376 9413 9468 9623 9586 9489 9429 9382 9400 9401 9401 9390 9389 9382 9377 9379 9385 9390 9380 9373 9357 9339 9312 9297 9297 9300 9308 9307 9307 9305 9286 9264 9257 9240 9240 9261 9282
9344 9346 9349 9354 9360 9368 9375 9370 9384 9394 9400 9405 9407 9407 9405 9402 9393 9381 9363 9340 9342 9357 9382 9391 9379 9366 9357 9345 9335 9339 9363 9389 9405 9421 9437 9464 9485 9508 9535 9560 9603 9562 9495 9459 9453 9489 9518 9504 9508 9529 9548 9522 9462 9403 9368 9370 9384 9384 9383 9380 9377 9378 9381 9393 9395 9390 9376 9358 9331 9305 9287 9280 9277 9288 9295 9295 9289 9275 9254 9234 9234 9250 9289 9287
9345 9348 9354 9363 9373 9380 9382 9383 9396 9402 9403 9404 9404 9400 9397 9389 9381 9367 9342 9314 9328 9346 9373 9393 9367 9356 9348 9338 9340 9350 9366 9411 9434 9425 9444 9458 9466 9466 9460 9434 9399 9436 9459 9459 9472 9518 9539 9520 9530 9530 9474 9445 9418 9381 9352 9358 9365 9366 9368 9368 9369 9369 9383 9403 9401 9391 9375 9372 9342 9290 9275 9269 9269 9279 9284 9283 9279 9260 9239 9230 9230 9248 9276 9279
9340 9344 9357 9370 9382 9393 9398 9404 9403 9403 9402 9400 9399 9396 9393 9389 9379 9367 9350 9335 9331 9326 9311 9317 9336 9338 9336 9334 9336 9340 9369 9401 9430 9428 9438 9449 9438 9427 9415 9398 9399 9408 9419 9431 9441 9436 9417 9462 9489 9495 9409 9399 9385 9367 9365 9363 9358 9361 9363 9365 9366 9371 9384 9406 9402 9395 9365 9362 9335 9290 9274 9265 9264 9273 9277 9273 9262 9250 9241 9232 9229 9238 9245 9261
9348 9356 9364 9375 9387 9404 9426 9425 9408 9400 9400 9399 9398 9397 9395 9389 9380 9370 9362 9370 9342 9324 9307 9304 9315 9321 9325 9326 9332 9339 9385 9412 9426 9424 9419 9406 9402 9399 9386 9373 9360 9359 9385 9401 9411 9412 9405 9431 9428 9406 9405 9379 9366 9359 9367 9359 9358 9361 9365 9366 9369 9375 9386 9405 9393 9359 9344 9343 9320 9294 9275 9266 9259 9269 9276 9269 9256 9245 9246 9235 9236 9238 9241 9257
9355 9366 9375 9387 9401 9413 9420 9416 9409 9405 9402 9398 9392 9391 9384 9380 9383 9387 9411 9389 9356 9336 9319 9312 9311 9313 9318 9320 9332 9362 9391 9407 9418 9417 9405 9389 9385 9382 9374 9364 9363 9343 9357 9375 9391 9412 9462 9418 9387 9394 9394 9357 9357 9357 9350 9349 9357 9360 9363 9366 9370 9376 9388 9414 9392 9358 9341 9316 9298 9281 9273 9267 9270 9287 9291 9285 9268 9256 9255 9246 9246 9247 9255 9266
9371 9372 9386 9401 9413 9420 9422 9409 9414 9413 9409 9400 9391 9384 9377 9376 9378 9389 9406 9401 9373 9349 9330 9320 9313 9310 9313 9315 9318 9335 9321 9353 9389 9399 9398 9393 9383 9371 9361 9350 9334 9333 9344 9355 9364 9373 9358 9357 9351 9347 9326 9334 9352 9368 9369 9363 9363 9364 9365 9368 9373 9376 9387 9403 9387 9352 9329 9323 9300 9283 9268 9262 9272 9287 9312 9310 9290 9278 9271 9265 9275 9267 9271 9271
9372 9384 9397 9410 9420 9431 9437 9447 9439 9432 9421 9411 9400 9389 9379 9371 9371 9375 9395 9397 9375 9361 9345 9331 9318 9308 9305 9303 9301 9321 9327 9346 9378 9385 9392 9381 9370 9365 9356 9345 9339 9332 9332 9337 9342 9341 9329 9328 9326 9327 9331 9341 9357 9366 9363 9371 9367 9365 9366 9369 9374 9384 9393 9397 9381 9342 9308 9290 9300 9282 9256 9240 9255 9343 9369 9349 9312 9276 9278 9289 9306 9290 9263 9265
9391 9401 9409 9419 9430 9443 9466 9479 9475 9452 9435 9420 9406 9393 9377 9364 9350 9339 9327 9347 9361 9362 9366 9338 9322 9312 9303 9295 9287 9297 9305 9336 9360 9378 9388 9379 9369 9363 9354 9343 9330 9324 9324 9325 9326 9326 9332 9330 9317 9330 9343 9357 9367 9366 9367 9372 9366 9361 9361 9365 9373 9383 9388 9392 9377 9330 9288 9278 9286 9275 9246 9214 9187 9186 9383 9369 9326 9280 9283 9297 9320 9279 9257 9264
9409 9420 9431 9437 9441 9447 9452 9464 9470 9453 9437 9424 9408 9394 9379 9361 9342 9316 9301 9324 9342 9341 9336 9329 9319 9310 9302 9294 9290 9298 9311 9332 9357 9372 9383 9381 9376 9366 9356 9345 9332 9323 9320 9318 9313 9308 9306 9307 9316 9346 9357 9365 9368 9372 9350 9359 9350 9348 9351 9357 9363 9376 9391 9375 9366 9329 9289 9279 9291 9279 9246 9204 9155 9138 9346 9375 9336 9296 9295 9304 9309 9317 9278 9275
9438 9441 9438 9439 9443 9449 9455 9460 9459 9452 9442 9427 9412 9398 9384 9368 9346 9323 9316 9316 9327 9316 9310 9313 9312 9310 9304 9300 9296 9301 9312 9334 9357 9372 9383 9384 9383 9370 9359 9351 9343 9333 9322 9314 9302 9288 9270 9271 9317 9337 9341 9340 9342 9335 9316 9316 9324 9334 9340 9343 9347 9347 9337 9360 9371 9334 9298 9276 9314 9294 9262 9229 9207 9241 9405 9380 9341 9314 9307 9300 9310 9337 9313 9294
9457 9465 9455 9452 9454 9454 9458 9447 9449 9450 9444 9434 9421 9405 9389 9373 9362 9354 9340 9326 9311 9305 9302 9304 9304 9306 9305 9306 9311 9320 9324 9339 9359 9372 9384 9376 9366 9365 9360 9356 9354 9349 9334 9317 9301 9283 9264 9261 9303 9334 9315 9294 9306 9299 9303 9311 9317 9325 9330 9332 9332 9332 9337 9340 9354 9329 9308 9298 9325 9315 9291 9271 9271 9312 9348 9357 9334 9306 9315 9320 9311 9338 9328 9301
9428 9440 9434 9444 9451 9458 9443 9409 9435 9444 9445 9434 9421 9407 9393 9382 9376 9379 9368 9351 9326 9309 9298 9298 9302 9305 9308 9313 9321 9340 9343 9346 9355 9359 9360 9360 9361 9359 9358 9358 9356 9334 9343 9322 9303 9287 9275 9275 9300 9315 9306 9291 9300 9305 9308 9319 9327 9322 9320 9319 9318 9318 9317 9324 9312 9316 9313 9320 9345 9336 9322 9311 9310 9323 9342 9339 9321 9308 9325 9335 9294 9289 9303 9292
9344 9357 9432 9447 9452 9455 9441 9411 9459 9452 9444 9432 9419 9406 9393 9383 9372 9360 9349 9328 9329 9304 9294 9296 9300 9305 9311 9320 9333 9352 9351 9352 9356 9352 9346 9348 9350 9353 9355 9356 9357 9354 9343 9324 9309 9298 9291 9299 9305 9308 9306 9304 9301 9304 9309 9316 9320 9317 9313 9308 9305 9302 9296 9310 9310 9314 9324 9334 9357 9353 9345 9338 9333 9333 9339 9328 9317 9322 9337 9340 9287 9273 9281 9280
9491 9511 9470 9457 9453 9452 9449 9451 9461 9457 9448 9437 9425 9412 9399 9388 9372 9349 9333 9306 9309 9298 9294 9299 9303 9308 9310 9320 9335 9340 9343 9352 9371 9363 9340 9342 9342 9345 9350 9353 9354 9353 9332 9323 9317 9311 9306 9305 9315 9316 9306 9296 9295 9302 9305 9307 9310 9307 9304 9301 9297 9295 9302 9316 9319 9321 9332 9353 9364 9361 9355 9346 9338 9329 9319 9323 9322 9321 9302 9298 9284 9273 9273 9274
9469 9466 9466 9461 9454 9454 9454 9453 9457 9453 9443 9431 9419 9407 9395 9385 9371 9359 9328 9300 9302 9299 9311 9318 9320 9321 9320 9310 9302 9342 9342 9348 9356 9336 9332 9338 9344 9349 9349 9350 9348 9343 9317 9324 9325 9323 9320 9317 9314 9312 9303 9291 9293 9300 9302 9301 9299 9299 9298 9294 9290 9288 9291 9309 9317 9327 9348 9369 9374 9365 9357 9348 9339 9330 9323 9323 9323 9316 9299 9301 9290 9278 9273 9274
9463 9463 9461 9457 9454 9453 9454 9452 9454 9448 9434 9420 9407 9395 9383 9374 9362 9338 9323 9310 9317 9331 9352 9357 9355 9347 9341 9337 9357 9385 9369 9359 9360 9351 9336 9344 9348 9348 9349 9349 9345 9338 9333 9338 9337 9335 9333 9333 9319 9309 9301 9296 9298 9301 9300 9298 9298 9294 9291 9287 9283 9280 9279 9289 9305 9326 9356 9373 9371 9368 9360 9350 9341 9334 9328 9323 9323 9309 9303 9303 9317 9278 9277 9277
9460 9459 9455 9452 9450 9456 9452 9452 9456 9440 9423 9408 9393 9382 9373 9368 9366 9346 9332 9330 9356 9423 9414 9400 9386 9370 9365 9371 9389 9419 9388 9374 9367 9371 9353 9358 9358 9354 9352 9351 9347 9341 9356 9357 9348 9343 9341 9338 9317 9311 9301 9295 9298 9302 9299 9297 9295 9291 9286 9281 9277 9276 9277 9288 9306 9333 9358 9376 9381 9371 9362 9353 9345 9338 9331 9329 9322 9310 9317 9304 9317 9292 9286 9282
9449 9445 9448 9446 9442 9436 9442 9441 9433 9423 9410 9396 9383 9370 9360 9356 9360 9363 9344 9328 9343 9434 9445 9423 9402 9384 9374 9369 9368 9355 9354 9343 9361 9375 9373 9388 9378 9362 9359 9357 9354 9355 9358 9353 9349 9345 9342 9341 9328 9317 9302 9288 9287 9300 9298 9294 9290 9287 9281 9276 9273 9271 9274 9287 9313 9340 9359 9375 9374 9369 9363 9357 9351 9344 9336 9331 9326 9322 9329 9301 9303 9310 9298 9289
