real_craters/C103-750m.grd
DSAA
91 91
-33.6525 33.6525
-33.6525 33.6525
8232.3847897567 9755.709335263
[rows 0 to 37 of 91, columns 0 to 83 of 91]
9251 9266 9279 9293 9285 9296 9338 9411 9530 9473 9397 9303 9256 9308 9434 9376 9259 9233 9226 9222 9211 9202 9194 9190 9181 9165 9164 9161 9166 9157 9148 9143 9139 9121 9132 9152 9172 9191 9151 9133 9129 9134 9144 9145 9140 9139 9134 9136 9142 9145 9149 9152 9152 9145 9134 9133 9128 9125 9115 9090 9101 9134 9168 9164 9160 9172 9186 9191 9197 9196 9184 9168 9152 9137 9126 9127 9139 9135 9127 9131 9136 9140 9144 9154
9250 9255 9259 9269 9267 9282 9285 9365 9285 9128 9032 8993 9050 9137 9281 9385 9321 9297 9269 9243 9221 9201 9188 9189 9182 9164 9163 9166 9170 9167 9165 9170 9171 9143 9151 9160 9168 9178 9174 9152 9144 9151 9168 9158 9151 9150 9152 9162 9164 9161 9164 9169 9175 9182 9165 9141 9141 9138 9106 9086 9101 9133 9164 9166 9165 9175 9193 9203 9212 9215 9202 9184 9166 9148 9136 9138 9152 9151 9147 9152 9158 9166 9177 9174
9240 9244 9239 9228 9210 9186 9133 9015 8951 8854 8787 8766 8825 8875 8919 9151 9417 9350 9289 9256 9228 9209 9196 9191 9186 9187 9178 9185 9173 9181 9190 9194 9211 9215 9181 9164 9157 9155 9162 9151 9148 9149 9145 9145 9151 9160 9177 9194 9173 9170 9174 9182 9191 9203 9193 9159 9162 9147 9088 9070 9097 9138 9168 9169 9168 9174 9199 9212 9223 9226 9216 9201 9183 9164 9147 9152 9167 9170 9170 9172 9177 9185 9197 9191
9243 9231 9209 9177 9132 9080 8992 8883 8789 8736 8675 8637 8663 8678 8702 8941 9237 9287 9276 9258 9236 9216 9203 9208 9224 9286 9287 9248 9206 9207 9200 9198 9194 9185 9179 9163 9153 9153 9170 9158 9153 9146 9141 9141 9147 9158 9171 9163 9159 9169 9178 9189 9199 9205 9200 9178 9168 9175 9117 9073 9107 9157 9180 9174 9171 9173 9203 9217 9230 9240 9230 9217 9200 9182 9161 9169 9189 9185 9185 9189 9192 9195 9194 9180
9250 9227 9185 9130 9056 8972 8885 8795 8739 8689 8628 8593 8592 8595 8628 8806 9037 9165 9216 9231 9230 9220 9217 9241 9269 9275 9246 9261 9276 9239 9214 9198 9184 9175 9158 9153 9153 9154 9157 9157 9157 9146 9133 9127 9138 9150 9157 9151 9157 9167 9179 9189 9200 9205 9204 9183 9165 9169 9132 9090 9138 9177 9188 9182 9175 9178 9198 9219 9233 9237 9236 9229 9216 9205 9191 9183 9183 9187 9201 9204 9201 9202 9205 9210
9271 9237 9193 9134 9055 8978 8874 8787 8651 8622 8605 8583 8572 8572 8619 8749 8923 9063 9143 9190 9219 9233 9237 9276 9301 9283 9232 9243 9252 9239 9218 9196 9174 9145 9134 9141 9151 9153 9161 9182 9164 9147 9129 9119 9135 9147 9154 9156 9161 9167 9178 9189 9200 9206 9200 9170 9155 9134 9120 9164 9186 9195 9191 9180 9174 9182 9199 9219 9233 9246 9246 9233 9220 9217 9222 9180 9163 9170 9184 9194 9201 9205 9207 9206
9287 9252 9205 9155 9088 9016 8935 8828 8632 8595 8603 8597 8584 8583 8639 8764 8890 9011 9105 9173 9219 9260 9319 9318 9325 9285 9238 9232 9228 9223 9212 9194 9174 9151 9135 9135 9140 9142 9152 9168 9161 9149 9139 9137 9143 9150 9158 9161 9159 9173 9185 9196 9207 9215 9216 9203 9167 9157 9180 9221 9230 9221 9191 9170 9159 9163 9195 9210 9226 9251 9251 9221 9200 9190 9188 9129 9115 9146 9170 9188 9198 9203 9204 9199
9289 9275 9243 9195 9143 9072 9002 8944 8816 8695 8668 8639 8634 8670 8847 8855 8943 9052 9136 9189 9232 9270 9300 9306 9286 9245 9223 9226 9221 9222 9209 9193 9180 9166 9141 9134 9125 9131 9138 9145 9150 9150 9150 9152 9155 9160 9165 9175 9176 9184 9200 9214 9228 9235 9238 9228 9211 9200 9204 9274 9249 9210 9179 9156 9134 9118 9153 9172 9191 9217 9216 9181 9159 9139 9110 9102 9108 9138 9170 9194 9196 9199 9202 9201
9319 9299 9272 9237 9204 9160 9104 9021 8928 8840 8785 8733 8735 8786 8880 8966 9061 9136 9184 9220 9245 9262 9267 9264 9242 9211 9213 9214 9206 9199 9195 9187 9182 9178 9161 9145 9133 9124 9128 9140 9146 9152 9156 9161 9165 9169 9171 9170 9174 9194 9209 9225 9241 9258 9252 9228 9213 9208 9227 9203 9189 9178 9160 9143 9123 9100 9095 9124 9142 9137 9118 9124 9114 9110 9111 9110 9116 9131 9157 9184 9178 9186 9199 9211
9331 9317 9298 9285 9271 9254 9216 9151 9082 9020 8953 8910 8924 8974 9078 9221 9240 9238 9237 9246 9255 9258 9255 9241 9218 9201 9204 9204 9193 9174 9174 9177 9176 9170 9160 9154 9156 9124 9126 9136 9145 9154 9162 9168 9175 9180 9183 9184 9194 9212 9226 9242 9264 9297 9323 9341 9300 9277 9276 9289 9180 9159 9147 9135 9115 9096 9083 9101 9114 9107 9095 9092 9072 9033 9051 9103 9117 9117 9119 9110 9142 9172 9199 9221
9315 9319 9318 9322 9329 9344 9357 9351 9226 9123 9152 9153 9176 9254 9362 9487 9390 9324 9291 9278 9265 9252 9229 9213 9208 9202 9206 9202 9185 9164 9166 9171 9173 9172 9161 9149 9141 9139 9138 9140 9148 9159 9170 9180 9186 9189 9194 9207 9231 9227 9226 9230 9243 9275 9347 9269 9238 9134 9131 9179 9334 9205 9150 9131 9111 9104 9095 9110 9117 9109 9105 9088 9067 9030 9033 9104 9110 9102 9095 9088 9123 9165 9205 9234
9307 9319 9330 9348 9371 9402 9444 9455 9408 9414 9395 9382 9416 9450 9447 9417 9402 9346 9302 9275 9257 9241 9222 9211 9209 9204 9206 9205 9187 9165 9167 9172 9174 9172 9158 9149 9150 9148 9151 9156 9164 9171 9175 9184 9190 9191 9199 9207 9218 9223 9214 9197 9176 9155 9110 8921 8868 8875 8908 8900 9048 9131 9122 9117 9112 9117 9144 9145 9128 9114 9100 9090 9090 9114 9107 9090 9097 9089 9087 9093 9122 9163 9209 9251
9301 9319 9337 9361 9391 9430 9468 9488 9474 9477 9460 9494 9540 9477 9447 9408 9367 9326 9292 9266 9251 9237 9224 9216 9212 9220 9214 9210 9199 9181 9180 9178 9177 9175 9162 9152 9157 9160 9162 9170 9179 9179 9179 9177 9176 9192 9203 9210 9210 9221 9206 9166 9109 9024 8899 8800 8794 8838 8856 8898 8957 9033 9070 9084 9095 9117 9138 9154 9129 9107 9093 9087 9091 9094 9090 9081 9082 9082 9084 9092 9120 9165 9212 9258
9302 9321 9336 9359 9388 9422 9465 9485 9469 9428 9406 9464 9477 9480 9417 9371 9344 9322 9297 9275 9256 9240 9226 9215 9211 9215 9216 9217 9202 9203 9187 9180 9180 9179 9170 9150 9149 9162 9169 9174 9174 9188 9190 9185 9187 9199 9213 9226 9253 9255 9205 9143 9052 8936 8822 8745 8744 8806 8835 8868 8902 8939 8991 9039 9080 9116 9129 9133 9123 9104 9086 9084 9090 9085 9080 9074 9068 9069 9077 9092 9122 9165 9209 9242
9305 9315 9328 9346 9366 9388 9415 9462 9441 9413 9391 9424 9429 9385 9346 9320 9313 9303 9292 9276 9261 9247 9232 9219 9215 9230 9234 9209 9188 9176 9173 9173 9178 9185 9181 9136 9140 9157 9177 9193 9199 9215 9210 9206 9210 9211 9219 9235 9259 9260 9207 9140 9045 8914 8778 8695 8675 8736 8777 8811 8819 8912 9004 9073 9106 9129 9143 9135 9121 9103 9084 9084 9102 9108 9080 9065 9061 9065 9077 9097 9130 9169 9215 9268
9301 9304 9319 9332 9344 9351 9354 9395 9414 9419 9424 9425 9395 9343 9309 9299 9297 9293 9284 9273 9261 9250 9239 9226 9221 9230 9224 9193 9187 9166 9153 9164 9178 9187 9180 9160 9152 9163 9190 9221 9254 9246 9229 9218 9213 9215 9221 9231 9236 9234 9213 9167 9098 8983 8817 8701 8662 8691 8738 8752 8802 8976 9069 9103 9119 9132 9145 9145 9124 9106 9096 9099 9114 9119 9073 9051 9050 9058 9069 9089 9118 9169 9223 9260
9306 9310 9319 9325 9329 9330 9331 9355 9385 9410 9442 9439 9404 9347 9330 9309 9296 9290 9283 9274 9264 9256 9248 9245 9228 9226 9214 9193 9183 9153 9138 9159 9182 9198 9194 9179 9164 9174 9201 9230 9252 9251 9238 9222 9208 9212 9224 9237 9248 9248 9231 9207 9178 9144 9036 8823 8719 8723 8789 8866 8999 9150 9158 9148 9143 9139 9133 9129 9119 9107 9097 9091 9103 9098 9055 9040 9043 9051 9067 9087 9117 9167 9231 9294
9314 9329 9325 9324 9323 9323 9324 9334 9361 9385 9402 9390 9365 9341 9321 9310 9296 9288 9280 9272 9263 9255 9250 9247 9226 9221 9213 9193 9192 9163 9139 9171 9196 9219 9244 9237 9185 9191 9212 9234 9253 9253 9240 9225 9210 9214 9231 9247 9262 9267 9258 9252 9260 9300 9292 9118 8947 8863 8980 9174 9401 9321 9232 9186 9157 9137 9116 9096 9103 9103 9099 9097 9081 9061 9037 9031 9036 9047 9061 9083 9113 9149 9197 9244
9318 9318 9325 9325 9326 9324 9323 9328 9341 9350 9346 9328 9321 9326 9317 9307 9296 9286 9277 9271 9264 9257 9251 9239 9223 9217 9207 9199 9246 9218 9202 9207 9222 9241 9257 9257 9235 9219 9227 9241 9253 9256 9245 9234 9218 9225 9244 9261 9277 9282 9273 9273 9281 9292 9317 9391 9275 9182 9259 9393 9361 9293 9232 9191 9156 9127 9107 9095 9103 9099 9094 9085 9051 9029 9018 9025 9036 9050 9063 9078 9099 9122 9144 9167
9322 9327 9333 9332 9332 9331 9324 9324 9326 9325 9317 9303 9306 9306 9311 9305 9299 9290 9283 9277 9270 9261 9251 9238 9230 9221 9208 9208 9264 9257 9244 9235 9239 9250 9260 9249 9231 9231 9237 9246 9255 9258 9254 9250 9249 9256 9265 9275 9283 9287 9275 9276 9277 9275 9283 9294 9328 9370 9391 9322 9247 9232 9208 9181 9142 9118 9100 9101 9100 9092 9081 9065 9049 9031 9022 9026 9037 9050 9064 9080 9094 9106 9120 9201
9326 9339 9344 9337 9335 9339 9348 9331 9322 9316 9309 9304 9299 9302 9302 9297 9302 9299 9292 9286 9280 9265 9255 9245 9246 9235 9229 9286 9281 9273 9251 9247 9248 9252 9254 9228 9240 9243 9247 9249 9254 9258 9264 9272 9279 9288 9290 9288 9284 9281 9283 9285 9284 9286 9283 9251 9238 9281 9308 9233 9229 9214 9196 9170 9141 9110 9082 9061 9076 9085 9073 9053 9053 9040 9030 9032 9042 9055 9069 9082 9096 9104 9114 9188
9327 9337 9340 9337 9332 9327 9334 9328 9320 9314 9309 9300 9288 9287 9281 9280 9272 9260 9253 9245 9255 9251 9267 9256 9248 9269 9290 9341 9326 9296 9276 9261 9257 9253 9241 9240 9250 9251 9253 9256 9258 9262 9274 9292 9309 9322 9316 9306 9292 9280 9298 9299 9290 9271 9276 9264 9231 9231 9244 9222 9205 9220 9190 9155 9123 9094 9069 9056 9100 9091 9072 9048 9044 9031 9026 9036 9045 9055 9069 9081 9094 9103 9123 9196
9329 9338 9342 9338 9329 9316 9300 9313 9314 9311 9308 9302 9294 9294 9292 9292 9288 9283 9266 9253 9236 9229 9248 9273 9293 9331 9356 9368 9340 9312 9283 9271 9266 9261 9263 9259 9257 9258 9261 9263 9267 9275 9290 9307 9328 9338 9338 9327 9315 9308 9320 9322 9313 9304 9284 9277 9245 9218 9234 9195 9180 9167 9158 9136 9111 9086 9064 9055 9087 9090 9077 9058 9027 9031 9033 9038 9046 9056 9066 9078 9093 9105 9116 9215
9329 9344 9354 9344 9331 9321 9321 9315 9315 9312 9308 9304 9309 9311 9302 9298 9293 9287 9278 9270 9255 9238 9243 9317 9406 9375 9374 9370 9350 9321 9303 9291 9278 9270 9269 9278 9262 9267 9270 9274 9279 9287 9302 9325 9345 9368 9360 9352 9343 9339 9356 9344 9334 9325 9305 9295 9247 9206 9195 9186 9167 9139 9131 9122 9104 9081 9060 9046 9068 9082 9089 9089 9077 9056 9047 9049 9058 9065 9073 9083 9095 9117 9155 9255
9324 9343 9361 9343 9332 9326 9323 9319 9313 9310 9306 9297 9304 9320 9311 9301 9292 9280 9270 9258 9247 9221 9177 9093 9144 9294 9350 9364 9335 9320 9315 9304 9287 9279 9281 9295 9293 9283 9286 9289 9295 9305 9318 9338 9357 9370 9377 9377 9371 9365 9372 9356 9333 9317 9310 9295 9255 9202 9180 9169 9160 9149 9135 9123 9105 9085 9063 9047 9051 9081 9106 9120 9110 9089 9063 9053 9052 9058 9070 9081 9096 9120 9197 9293
9313 9326 9330 9330 9328 9327 9326 9321 9313 9308 9306 9310 9302 9311 9306 9304 9297 9288 9277 9265 9251 9234 9195 9087 9126 9298 9343 9340 9328 9321 9312 9299 9289 9281 9286 9317 9299 9300 9303 9308 9314 9317 9333 9358 9380 9399 9407 9401 9393 9388 9390 9363 9337 9331 9346 9323 9286 9237 9204 9182 9165 9160 9154 9135 9116 9093 9073 9061 9066 9086 9128 9156 9171 9091 9062 9053 9058 9068 9077 9091 9105 9121 9150 9253
9305 9314 9318 9324 9326 9323 9322 9321 9317 9312 9304 9292 9313 9320 9314 9305 9298 9293 9287 9273 9271 9268 9280 9364 9334 9367 9353 9357 9339 9331 9319 9312 9292 9280 9285 9311 9319 9322 9326 9331 9339 9347 9363 9385 9406 9429 9432 9419 9407 9400 9400 9368 9339 9338 9363 9351 9327 9300 9242 9211 9165 9139 9149 9145 9123 9098 9077 9060 9050 9088 9147 9202 9206 9090 9071 9080 9086 9093 9098 9105 9119 9143 9168 9245
9300 9310 9318 9323 9327 9330 9323 9321 9319 9316 9311 9291 9328 9342 9315 9308 9303 9300 9299 9298 9287 9284 9298 9313 9315 9312 9332 9348 9340 9338 9325 9305 9296 9287 9293 9311 9322 9337 9344 9356 9370 9385 9401 9418 9431 9447 9448 9429 9412 9396 9384 9357 9336 9339 9354 9367 9358 9343 9314 9229 9172 9129 9176 9152 9127 9104 9082 9060 9041 9084 9150 9205 9125 9087 9091 9090 9091 9097 9100 9107 9117 9135 9159 9251
9295 9306 9316 9323 9324 9325 9325 9323 9320 9318 9318 9315 9324 9322 9314 9304 9299 9297 9295 9299 9299 9300 9294 9294 9306 9310 9312 9324 9337 9344 9332 9327 9302 9290 9295 9310 9332 9342 9367 9387 9407 9423 9437 9450 9461 9456 9441 9435 9420 9391 9352 9341 9343 9361 9394 9385 9377 9371 9352 9266 9193 9149 9143 9139 9124 9106 9088 9071 9053 9080 9138 9179 9102 9155 9134 9119 9110 9105 9093 9092 9103 9114 9157 9276
9293 9304 9315 9323 9325 9328 9327 9325 9323 9319 9311 9307 9306 9306 9303 9309 9316 9318 9319 9322 9320 9316 9310 9307 9310 9304 9329 9363 9358 9347 9330 9307 9296 9293 9313 9337 9356 9351 9392 9424 9448 9461 9470 9498 9506 9488 9461 9461 9448 9410 9370 9366 9369 9387 9388 9396 9386 9380 9362 9278 9217 9154 9121 9122 9118 9108 9099 9088 9087 9098 9123 9135 9126 9161 9155 9139 9128 9118 9106 9094 9083 9081 9092 9157
9295 9303 9309 9315 9322 9327 9328 9328 9325 9322 9318 9306 9309 9305 9304 9315 9319 9323 9325 9328 9330 9333 9342 9350 9336 9318 9338 9383 9402 9361 9332 9308 9302 9313 9336 9358 9368 9394 9428 9460 9494 9521 9511 9572 9576 9557 9511 9517 9491 9452 9399 9378 9384 9414 9442 9413 9386 9365 9353 9338 9258 9169 9140 9129 9126 9124 9113 9104 9096 9095 9110 9118 9127 9154 9148 9132 9120 9106 9098 9080 9059 9032 9105 9165
9299 9301 9304 9308 9317 9329 9330 9327 9325 9322 9322 9317 9325 9329 9330 9322 9318 9320 9325 9332 9341 9351 9359 9378 9374 9386 9379 9413 9434 9380 9345 9328 9330 9341 9345 9362 9389 9430 9455 9490 9539 9593 9691 9658 9639 9641 9628 9608 9555 9502 9455 9391 9393 9434 9448 9419 9378 9340 9335 9369 9297 9187 9135 9140 9144 9143 9133 9122 9107 9103 9105 9108 9104 9124 9129 9130 9122 9107 9095 9080 9068 9092 9169 9218
9297 9299 9301 9301 9313 9327 9330 9331 9330 9326 9318 9324 9364 9352 9339 9318 9317 9323 9333 9344 9357 9373 9390 9401 9391 9376 9380 9404 9410 9383 9366 9369 9374 9363 9371 9385 9405 9427 9488 9520 9559 9598 9621 9649 9658 9679 9703 9652 9587 9547 9514 9468 9418 9431 9451 9417 9377 9351 9379 9381 9331 9259 9182 9182 9190 9179 9162 9146 9128 9119 9108 9108 9119 9108 9112 9115 9114 9110 9103 9097 9095 9128 9200 9232
9294 9296 9300 9306 9310 9323 9330 9333 9334 9334 9320 9344 9362 9341 9302 9303 9314 9325 9336 9351 9366 9385 9418 9418 9401 9385 9370 9385 9391 9398 9382 9388 9395 9405 9412 9419 9428 9452 9515 9532 9554 9576 9614 9624 9607 9621 9661 9629 9565 9547 9559 9532 9474 9445 9442 9419 9382 9364 9389 9382 9355 9341 9346 9293 9252 9222 9198 9175 9151 9137 9119 9125 9209 9118 9130 9141 9143 9140 9145 9137 9131 9127 9165 9234
9290 9293 9300 9311 9317 9328 9331 9332 9335 9348 9390 9374 9363 9332 9297 9299 9312 9324 9337 9350 9366 9383 9397 9409 9405 9396 9391 9391 9402 9392 9384 9403 9426 9417 9430 9477 9516 9551 9585 9548 9511 9504 9528 9514 9458 9461 9469 9451 9441 9473 9554 9613 9570 9471 9481 9453 9396 9351 9386 9391 9379 9369 9353 9347 9296 9258 9229 9207 9188 9171 9168 9181 9230 9202 9186 9180 9177 9175 9176 9175 9173 9178 9196 9234
9285 9289 9295 9301 9323 9336 9330 9327 9328 9331 9347 9351 9338 9329 9320 9314 9317 9325 9336 9348 9362 9382 9396 9403 9406 9410 9412 9404 9390 9371 9379 9399 9421 9431 9455 9560 9659 9756 9648 9510 9416 9362 9327 9295 9238 9232 9201 9204 9256 9324 9433 9599 9641 9726 9610 9499 9428 9384 9394 9422 9428 9391 9365 9343 9317 9291 9265 9243 9228 9224 9218 9222 9244 9264 9245 9225 9213 9206 9204 9204 9211 9221 9219 9240
9280 9286 9289 9291 9309 9325 9324 9321 9317 9314 9316 9325 9326 9327 9328 9323 9324 9329 9337 9345 9355 9371 9400 9406 9407 9408 9414 9411 9419 9406 9391 9380 9400 9476 9600 9635 9687 9670 9505 9372 9256 9164 9087 9034 8997 8984 8977 9001 9047 9113 9184 9236 9380 9619 9542 9493 9462 9400 9404 9403 9423 9399 9379 9360 9334 9314 9295 9280 9266 9257 9234 9257 9307 9298 9280 9257 9241 9232 9229 9230 9238 9242 9244 9256
9279 9283 9285 9290 9296 9309 9315 9314 9311 9305 9303 9315 9323 9326 9327 9322 9330 9336 9342 9348 9350 9348 9390 9403 9402 9397 9398 9405 9396 9445 9362 9362 9394 9521 9630 9643 9617 9519 9341 9181 9057 8942 8833 8736 8720 8746 8761 8796 8827 8876 8918 8958 9065 9235 9322 9422 9475 9482 9492 9453 9407 9398 9392 9380 9350 9332 9319 9307 9296 9285 9267 9294 9328 9318 9299 9278 9263 9254 9249 9249 9253 9266 9264 9254
