real_craters/C103-500m.grd
DSAA
136 136
-33.6525 33.6525
-33.6525 33.6525
8223.9945347092 9780.874587982
[rows 60 to 89 of 136, columns 67 to 133 of 136]
8297.48 8291.14 8287.64 8285.46 8297.24 8321.51 8357.12 8392.6 8429.63 8470.64 8530.19 8594.59 8621.22 8753.1 8934.88 9139.18 9352.93 9563.59 9596.93 9586.04 9582.58 9540.18 9434.24 9406.38 9394.55 9384.98 9381.59 9377.37 9378.56 9384.37 9376.79 9368.17 9362.17 9356.87 9352.7 9351.98 9351.7 9355.74 9350.19 9347.94 9355.8 9335.57 9316.76 9298.02 9283.51 9278.97 9275.54 9273 9271.32 9270.23 9268.92 9268.86 9270.58 9272.8 9278.12 9284.86 9290.47 9281.25 9270.15 9266.56 9252.48 9256.7 9272.22 9291.03 9306.76 9321.43 9304.53
8280.37 8274.32 8263.21 8257.72 8263.2 8278.63 8306.39 8338.83 8372.19 8411.85 8471.35 8530.77 8586.11 8702.35 8874.6 9070.94 9278.05 9494.39 9629.56 9607.06 9590.68 9549.22 9452.42 9403.18 9387.22 9387.95 9389.8 9386.03 9381.21 9389.89 9378.2 9371.13 9366.05 9363.21 9360.53 9359.61 9360.09 9359.5 9347.65 9348.79 9334.09 9325.79 9311.87 9296.42 9286.45 9278.75 9275.2 9273.61 9272.08 9271.81 9272.05 9273.26 9275.53 9279.02 9282.82 9286.19 9293.23 9280 9263.03 9261.45 9249.13 9256.57 9274.52 9295.49 9315.95 9322.25 9290.87
8274.79 8259.19 8252.65 8240.93 8233.36 8248.71 8272.76 8298.6 8324.59 8354.85 8401.42 8448.01 8510.33 8640.85 8801.48 8978.15 9158.65 9346.31 9552.34 9566.01 9582.14 9593.25 9508.94 9413.11 9391.22 9400.78 9410.12 9414.11 9390 9378.24 9374.26 9369.6 9366.03 9363.16 9361.76 9360.57 9361.57 9364.02 9372.66 9358.32 9329.05 9319.97 9309.81 9295.76 9281.26 9278.06 9275.76 9275.17 9274.87 9274.06 9274.65 9275.88 9278.65 9283.04 9285.83 9288.48 9288.8 9276.33 9257.29 9253.87 9237.21 9254.82 9275.31 9297.6 9315.26 9317.1 9284.04
8281.59 8262.44 8253.73 8240.27 8232.94 8241.15 8255.25 8270.62 8286.16 8306 8343.2 8408.31 8455.78 8591.13 8736.25 8883.13 9029.72 9178.68 9366.01 9466.43 9536.29 9575.73 9514.79 9426.7 9417.57 9423.1 9432.27 9439.07 9404.38 9375.79 9371.62 9368.1 9367.11 9365.53 9364.15 9362.43 9359.61 9361.83 9351.29 9341.08 9328.87 9323.52 9314.55 9300.81 9287.42 9281.88 9278.46 9277 9276.5 9277.45 9277.42 9277.54 9278.41 9278.78 9280.98 9282.66 9282.05 9269.44 9249.11 9241.77 9242.08 9255.19 9275.68 9297.11 9313.54 9319.78 9308.3
8291.27 8272.77 8264.5 8255.1 8252.22 8252.64 8254.85 8255.08 8258.69 8270.51 8293.24 8374.16 8442.79 8556.63 8685.01 8807.2 8921.47 9049.08 9205.78 9356.02 9472.47 9547.49 9529.45 9439.82 9448.42 9446.16 9446.3 9452.71 9419.32 9380.4 9371.04 9369.94 9370.14 9368.1 9366.61 9361.58 9353.23 9340.15 9330.33 9330.83 9343.24 9334.66 9322.61 9308.92 9298.5 9287.11 9280.46 9280.19 9279.87 9279.13 9279.07 9278.56 9279.31 9278.57 9277.07 9275.88 9271.16 9257.74 9242.3 9235.94 9239.76 9258.88 9280.88 9302.22 9317.72 9321.13 9315.49
8289.11 8275.56 8273.46 8271.41 8275.15 8270.96 8261.31 8249.85 8240.42 8238.82 8262.53 8374.09 8443.26 8542.64 8652.36 8751.87 8842.61 8926.93 9091.78 9265.04 9410.14 9517.81 9546.09 9478.72 9478.65 9455.78 9442.77 9432.71 9403.32 9381.18 9371.67 9368.26 9365.54 9366.71 9366.74 9365.94 9360.53 9347.09 9332.84 9331.8 9363.13 9354.67 9336.4 9317.54 9299.38 9288.46 9283.63 9282.74 9280.8 9281.36 9280.81 9279.37 9277.29 9279.56 9276.58 9272.19 9263.35 9249.52 9243.51 9239.89 9245.61 9264.02 9285.74 9307.93 9327.4 9351.86 9312.45
8270.31 8271.76 8281.49 8287.14 8290.32 8285.06 8275 8253.05 8232.38 8225.17 8259.24 8323.88 8437.63 8525.5 8629.26 8733.99 8827.6 8910.67 9045.98 9206.41 9358.27 9489.54 9572.19 9538.22 9465.89 9440 9426.88 9410.94 9391.6 9380.98 9370.12 9363.08 9359.39 9354.86 9360.31 9368.07 9373.77 9360.48 9343.1 9361.96 9399.33 9392.55 9374.67 9343.81 9309.71 9287.7 9288.47 9287.32 9287.28 9283.27 9283.05 9281.54 9278.31 9279.62 9278.55 9272.56 9259.3 9244.65 9244.5 9246.72 9252.4 9269.17 9290.98 9313.06 9329.86 9351.7 9323.39
8256.44 8270.13 8287.16 8301.85 8321.92 8333.92 8294.67 8261.02 8235.61 8223.99 8266.17 8352.82 8419.99 8519.95 8632 8738.79 8840.83 8923.35 9022.98 9163.67 9311.29 9444.44 9543.43 9502.08 9442.47 9422.23 9415.14 9403.27 9383.78 9373.82 9367.09 9364.28 9354.63 9357.82 9365.54 9385.27 9412.86 9396.03 9348.75 9391.14 9410.91 9440.04 9418.87 9371.25 9328.31 9298.47 9294.19 9289.75 9288.26 9286.96 9286.35 9284.47 9283.69 9280.46 9273.31 9267.98 9255.98 9244.02 9241.73 9237.98 9251.88 9271.69 9294.37 9317.69 9340.67 9347.23 9314.73
8253.99 8268.22 8288.08 8305.54 8324.22 8326.91 8299.28 8265.97 8242.91 8246.07 8271.04 8333.07 8404.66 8523.88 8637.71 8741.92 8828.85 8890.6 9000.99 9137.68 9273.29 9386.82 9450.24 9436.76 9433.23 9422.22 9416.23 9413.32 9415.25 9388.71 9373.62 9362.98 9350.34 9341.54 9341.22 9360.85 9416.07 9402.75 9259.31 9287.26 9458.89 9485 9452.78 9400.54 9352.26 9315.96 9309.6 9297.7 9288.56 9285.46 9288.45 9285.49 9283.99 9274.54 9262.47 9258.53 9254.08 9245.3 9241.13 9246.14 9255.31 9274.02 9294.05 9314.32 9335.15 9328.13 9294.16
8257.23 8269.27 8282.79 8299.61 8311.98 8317.02 8292.15 8264.44 8242.75 8244.14 8286.15 8343.6 8458.85 8557.79 8656.76 8750.51 8822.98 8875.68 8985.63 9116.35 9243.14 9350.82 9423.5 9461.16 9444.21 9425.45 9421.66 9421.04 9419.39 9428.19 9387.44 9359.57 9332.16 9306.03 9281.97 9268.34 9261.07 9174.31 8986.65 9392.82 9535.14 9516.2 9472.13 9421.21 9369 9326.35 9317.14 9310.98 9301.47 9294.71 9284.53 9280.76 9273.92 9264.52 9253.99 9246.9 9247.26 9241.6 9238.9 9241.08 9255.33 9273.64 9291.93 9304.42 9300.86 9293.22 9283.72
8269.63 8271.06 8280.27 8288.87 8296.65 8292.73 8281.84 8263.18 8251.11 8263.95 8308.53 8366.31 8504.07 8593.34 8672.65 8753.54 8832.82 8882.06 8986.24 9109.2 9228.15 9333.63 9418.93 9476.5 9455.99 9436.97 9427.76 9428.92 9435.91 9463.46 9403.72 9359.58 9312.75 9261.3 9206.85 9141.23 9055.86 8939.11 8820.63 9146.66 9465.07 9487.18 9465.1 9424.28 9377.74 9336.87 9325.87 9315.79 9308.5 9298.1 9284.49 9279.34 9272.39 9261.73 9249.91 9241.86 9234.66 9234.44 9233.29 9239.14 9255.85 9275.55 9294.45 9307.32 9305.57 9294.22 9283.23
8276.53 8271.96 8272.98 8279.57 8282.8 8283.88 8273.43 8262.46 8259.79 8281.85 8330.36 8390.84 8525.99 8610.19 8678.78 8745.63 8808.23 8902.94 9006.87 9123 9231.57 9328.89 9404.15 9440.4 9433.73 9425.93 9423.3 9433.29 9453.43 9470.4 9422.99 9366.2 9298.88 9220.23 9135.81 9037.31 8922.97 8828.91 8798.7 9011.92 9307.66 9415.11 9440.14 9423.32 9387.73 9342.86 9327.52 9321.57 9313.08 9302.32 9286.94 9277.85 9268.75 9260.65 9252.81 9246.76 9238.08 9233.66 9232.47 9241.69 9260 9279.56 9298.28 9317.31 9337.56 9310.45 9281.57
8269.19 8269.66 8271.35 8272.15 8272.99 8269.49 8265.08 8267.93 8275.03 8300.7 8346.17 8415.52 8514.82 8607.82 8687.98 8752.44 8823.44 8944.47 9045.68 9151.14 9249.24 9332.35 9396.56 9423.95 9405.29 9396.7 9411.37 9426.56 9446.73 9455.1 9436.1 9377.99 9286.57 9176.64 9071.71 8968.57 8867.15 8802.6 8794.2 8950.82 9223.52 9364.46 9419.68 9417.98 9390.37 9350.53 9332.18 9328.59 9320.46 9306.57 9290.04 9273.27 9263.7 9259.11 9253.32 9245.25 9234.59 9236.48 9246.95 9255.94 9267.99 9284.11 9298.53 9311.58 9321.65 9307.76 9292.05
8274.62 8274.46 8276.47 8275.64 8272.28 8263.42 8266.04 8287.65 8313.39 8344.41 8404.13 8482.97 8570.41 8665.87 8734.15 8789.43 8875.51 9007.08 9102.58 9195.79 9278.07 9348.1 9398.46 9406.82 9409.95 9406.75 9406.96 9418.58 9425.81 9435.68 9455.9 9397.89 9290.57 9168.21 9042.97 8932.9 8874.39 8833.48 8846.31 8959.76 9194.85 9348.88 9407.5 9411.68 9390.26 9361.45 9340.26 9328.11 9316.93 9305.37 9290.54 9274.8 9260.48 9252.3 9246.25 9240.67 9234.48 9235.85 9246.03 9264.5 9278.54 9287.97 9295.29 9298.27 9293.68 9293.28 9286.05
8295.69 8289.12 8291.42 8292.47 8291.76 8288.07 8295.74 8324.55 8361.56 8399 8455.82 8577.93 8715.94 8783.15 8811.64 8854.39 8973.7 9096.22 9179.57 9252.31 9316.79 9373.91 9423.52 9470.75 9444.38 9400.88 9406.23 9418.08 9423.59 9433.76 9460.32 9412.77 9303.9 9176.59 9040.68 8910.18 8841.28 8896.02 8961.51 9055.77 9248.73 9389.66 9418.37 9417.97 9394.09 9364.07 9340.1 9326.99 9312.94 9300.2 9285.92 9276.46 9269.41 9256.44 9245.97 9243.16 9238.35 9234.92 9239.07 9266.61 9285.74 9292.48 9294.09 9291.29 9286.72 9283.79 9280.17
8326.19 8316.73 8320.38 8328.94 8333.52 8339.2 8351.41 8374.89 8408.33 8455.94 8557.67 8685.12 8845.23 8885.01 8897.86 8937.91 9096.99 9200.92 9263.7 9314.53 9364.47 9399.52 9427.91 9445.52 9400.28 9414.37 9424.36 9428.83 9432.99 9440.76 9452.21 9416.04 9324.51 9210.18 9080.92 8937.81 8857.23 9041.52 9194.07 9247.53 9363.43 9466.18 9443.26 9414.81 9392.39 9365.93 9341.59 9326.2 9314.37 9296.79 9283.28 9272.01 9269.19 9256.48 9246.73 9245.93 9243.65 9239.69 9248.47 9273.62 9292.24 9298.72 9295.63 9288.66 9282.32 9278.95 9275.41
8364.53 8355.51 8363.25 8379.37 8389.41 8402.18 8421.93 8436.72 8465.2 8523.41 8639.74 8782.8 8935.43 8977.18 8974.24 9033.22 9223.47 9308.64 9356.76 9386.75 9406.58 9419.4 9418.69 9398.03 9407.34 9438.92 9448.47 9439.19 9441.67 9443.16 9429.29 9421.35 9354.29 9269.39 9178.13 9085.92 9060.38 9242.24 9488.6 9422.89 9475.59 9473.9 9435.95 9407.7 9382.31 9361.08 9341.35 9325.48 9309.36 9294.83 9280.43 9267 9257.07 9244.93 9244.05 9242 9244.55 9250.46 9274.81 9297.42 9309.61 9310.36 9299.64 9287.38 9279.55 9277.32 9274.84
8412.87 8413.32 8426.2 8439.13 8456.89 8465.63 8471.66 8503.84 8547.63 8615.89 8752.21 8863.51 8951.08 8975.82 9046.02 9136.52 9336.33 9417.62 9448.12 9453.87 9451.64 9437.7 9426.42 9415.12 9438.46 9436.62 9429.32 9438 9446.67 9449.16 9441.74 9434.58 9387.12 9334.61 9298.93 9307.38 9317.51 9336.05 9380.76 9402.16 9370.95 9383.31 9395.8 9386.43 9370.35 9352.68 9337.48 9321.89 9304.74 9290.17 9277.23 9269.19 9255.3 9242.89 9241.66 9243.33 9248.45 9262.52 9296.37 9323.17 9344 9318.45 9302.12 9289.2 9281 9277.93 9276.86
8508.47 8495.64 8506.64 8521.87 8541.56 8548.63 8557.21 8611.04 8666.23 8747.13 8874.71 8954.9 9023.61 9078.57 9135.46 9257.54 9462.26 9518.7 9525.06 9508.12 9488.97 9464.65 9443.74 9426.04 9436.65 9431.99 9424.44 9432.71 9450.78 9467.07 9463.71 9447.67 9412.4 9380.11 9369.16 9403.24 9410.9 9362.54 9347.06 9353.98 9342.32 9344.5 9360.21 9364.49 9358.22 9347.83 9329.97 9314.71 9300.09 9285.07 9272.8 9261.72 9248.35 9238.91 9246.26 9243.85 9255 9276.98 9309.55 9321.95 9319.87 9311.42 9298.97 9288.94 9281.83 9278.12 9277.73
8597.23 8584.34 8601.65 8632.02 8649.95 8666.19 8693.75 8757.71 8835.29 8933.9 9016.66 9054.82 9097.15 9138.6 9233.71 9411.44 9585.35 9598.14 9576.31 9547.67 9513.46 9478.5 9449.52 9429.68 9435.49 9426.43 9407.51 9426.31 9448.08 9468.58 9462.02 9443.77 9424.01 9399.59 9379.93 9356.73 9356.64 9352.2 9341.41 9337.78 9334.37 9343.94 9350.32 9349.52 9346.24 9334.16 9319.07 9306.94 9294.63 9280.93 9265.48 9249.06 9251.73 9255 9253.54 9245.31 9260.32 9291.2 9320.03 9320.01 9312.04 9301.22 9292.19 9283.2 9278.35 9276.11 9275.46
8705.04 8691.36 8715.9 8741.27 8773.93 8795.88 8818.34 8891.73 8973.77 9057.58 9129.56 9150.11 9179.31 9220.66 9372.94 9577.41 9679.85 9642.22 9596.65 9548.05 9513.59 9479.76 9451.56 9425.12 9419.53 9421.24 9415.83 9423.42 9437.65 9452.08 9450.58 9445.98 9425.36 9402.85 9381.28 9357.09 9347.13 9338.69 9331.99 9331.39 9334.03 9345.74 9344.56 9339.75 9334.25 9324.35 9310.5 9299.9 9289.7 9278.12 9266.28 9258.24 9260.41 9269.47 9271.86 9255.21 9262.96 9289.9 9324.14 9317.02 9296.81 9292.5 9287.12 9279.04 9274.57 9272.84 9272.41
8830.03 8814.41 8836.71 8870.34 8908.49 8936.49 8975.05 9016.42 9055.6 9117.51 9183.18 9235.77 9280.92 9342.61 9518.53 9690.86 9679.26 9629.45 9589.75 9541.79 9500.97 9469.79 9443.54 9419.84 9414.4 9422.23 9417.71 9418.8 9424.22 9427.96 9436.99 9434.41 9413.6 9397.89 9385.22 9372.92 9356.3 9343 9332.42 9328.25 9329.34 9340.79 9338 9332.9 9325.84 9316.6 9306.47 9295.93 9286.82 9277.15 9267.9 9258.2 9251.39 9260.41 9270.37 9269.3 9265.88 9287.55 9317.6 9318.24 9310.98 9302.33 9287.59 9274.04 9270.14 9269.95 9270.88
8978.09 8961.49 8983.33 9023.29 9042.28 9069.8 9116.31 9164.75 9151.5 9217.32 9257.68 9316.2 9391.9 9507.77 9618.75 9590.47 9591.35 9574.95 9548.69 9513.47 9479.15 9455.28 9432.75 9413.27 9406.88 9410.64 9407.81 9406.98 9410.77 9414 9416.17 9406.69 9393.17 9385.69 9384.22 9383.35 9361.24 9343.66 9332.18 9325.7 9324.56 9327.35 9329.07 9326.54 9321.19 9313.65 9304.81 9295.32 9286.02 9276.02 9266.82 9253.28 9244.17 9263.57 9282.96 9265.87 9266.21 9283.07 9306.08 9317.78 9327.14 9315.6 9288 9270.55 9265.04 9266.55 9271.48
9148.94 9166.75 9138.64 9152.91 9156.52 9167.47 9184.88 9185.09 9193.82 9237.35 9327.22 9389.41 9449.39 9535.22 9541.34 9496.44 9504.82 9501.66 9489.92 9471.68 9453.01 9436.88 9423.37 9407.93 9398.39 9399.76 9394.53 9395.88 9400.6 9402.35 9396.62 9386.77 9366.16 9369.99 9373.08 9368.47 9350.82 9339.17 9324.13 9319.64 9319.57 9320.26 9323.29 9321.9 9318.52 9312.61 9305.45 9296.99 9287.77 9276.46 9262.95 9249.74 9246.72 9268.53 9276.58 9261.45 9264.79 9274.27 9294.96 9311.56 9317.18 9303.99 9280.19 9261.06 9257.88 9260.03 9265.4
9264.55 9289.42 9251.99 9264.43 9261.87 9259.24 9240.06 9204.28 9290.21 9391.6 9427.26 9448.41 9463.43 9471.72 9493.44 9488.01 9451.14 9444.6 9438.22 9441.34 9428.36 9417.18 9410.17 9398.48 9393.61 9386.77 9388.15 9390.9 9393.3 9397.13 9400.25 9389.56 9357.9 9361.82 9363.34 9354.72 9331.38 9305.4 9307.59 9310.35 9315.89 9325.62 9322.89 9318.6 9315.73 9312.05 9307.71 9300.58 9292.29 9279.14 9266.99 9261.51 9268.94 9270.57 9273.14 9262.15 9264.54 9273.1 9290.83 9308.74 9317.95 9310.77 9276.79 9253.4 9252.75 9252.63 9254.24
9336.3 9314.03 9324.25 9355.83 9359.91 9361.06 9368.92 9398.41 9521.74 9595.42 9525.41 9484.54 9454.74 9426.5 9402.89 9418.02 9418.65 9414.2 9417.31 9408.83 9402.93 9397.6 9391.22 9385.88 9377.01 9378.56 9379.67 9381.79 9388.59 9392.89 9398.86 9400.72 9375.1 9362.25 9356.85 9345.95 9321.42 9296.88 9297.98 9300.27 9304.51 9310.09 9314.52 9312.46 9310.7 9309.45 9308.96 9308.89 9295.24 9280.48 9268.81 9267.66 9267.21 9251.15 9240.56 9251.32 9260.87 9272.92 9290.55 9309.08 9325.68 9329.96 9288.58 9262.75 9255.79 9252.09 9251.24
9400.36 9385.19 9401.92 9413.84 9444.02 9453.8 9492.69 9596.91 9619.51 9606.46 9543.04 9488.27 9441.19 9399.38 9373.32 9384.16 9389.68 9393.03 9392.26 9391.95 9386.81 9386.48 9383.72 9380.34 9379.49 9380.75 9380.1 9380.8 9388.27 9390.82 9392.02 9395.2 9372.66 9361.55 9347.61 9333.76 9321.44 9309.16 9295.19 9291.15 9291.17 9294.5 9301.24 9302.44 9303.49 9303.54 9302.86 9299.22 9289.52 9278.29 9268.87 9248.06 9243.32 9234.03 9231.11 9250.66 9263.28 9276.21 9290.73 9304.82 9316.59 9314.77 9302.46 9280.2 9265.54 9258.34 9254.83
9470.36 9510.26 9518.15 9488.77 9500.9 9507.84 9526.54 9533.43 9547.96 9534.6 9502.72 9462.31 9420.26 9388.17 9368 9371.42 9371.34 9383.92 9387.74 9383.87 9382.99 9380.48 9378.71 9377.37 9378.3 9378.09 9380.82 9389.73 9394.3 9394.89 9392.69 9386.43 9376.1 9363.92 9349.99 9331.06 9312 9298.1 9287.35 9282.01 9279.22 9277.46 9282.81 9291.25 9294.65 9295.63 9294.61 9289.48 9281.14 9268.53 9254.22 9239.93 9232.17 9233.52 9239.54 9262.97 9288.66 9284.69 9289.75 9295.77 9301.35 9305.77 9290.11 9279.62 9271.18 9262.48 9259.63
9505.09 9571.05 9571.94 9531.59 9529.15 9532.74 9538.02 9529.11 9509.92 9481.92 9458.54 9430.39 9400.85 9374.28 9359.86 9360.88 9364.76 9367.41 9369.9 9371.92 9372.78 9372.26 9373.38 9372.48 9373.57 9373.33 9380.13 9397.51 9401.32 9399.14 9392.88 9384.73 9374.29 9368.53 9363.2 9337.67 9302.36 9282.5 9278.09 9273.88 9271.03 9270 9276.26 9283.27 9286.74 9287.55 9286.86 9284.83 9274.89 9256.78 9240.83 9231.3 9227.81 9233.08 9241.53 9264.65 9291.89 9286.86 9284.23 9283.76 9281.11 9271.48 9267.59 9273.8 9277.48 9270.87 9272.1
9481.15 9494.8 9494.7 9500.16 9516.96 9522.9 9521.01 9488.34 9443.18 9426.78 9420.04 9403.8 9384.56 9363.7 9350.7 9357.36 9361.21 9360.24 9361.37 9362.75 9363.76 9365.23 9366.26 9366.82 9365.87 9367.51 9385.05 9402.92 9407.13 9403.1 9398.56 9391.92 9371.08 9367.94 9376.19 9343.24 9306.24 9283.48 9274.25 9269.35 9266.52 9267.66 9275.62 9279.73 9281.03 9280.57 9277.55 9272.09 9261.8 9248.02 9239.21 9232.63 9229.15 9230.41 9237.11 9250.44 9262.8 9271.08 9273.37 9272.75 9267.07 9261.16 9268.61 9271.47 9285.93 9314.4 9301.24
