real_craters/C103-1000m.grd
DSAA
39 39
-19.23 19.23
-19.23 19.23
8076.3615001792 9240.222588611
8891.78 8892.49 8903.21 8923.72 8918.61 8903.04 8899.23 8898.54 8897.21 8897.87 8915.13 8926.92 8936.66 8944.11 8953.28 8958.92 8941.69 8917.37 8909.77 8923.55 8940.97 8957.01 8967.82 8970.05 8974.66 8977.41 8977.56 8974.68 8967.33 8968.79 8972.12 8973.95 8971.21 8988.29 9008.97 9006.97 9018.91 9029.98 9024.62 
8879.24 8877.81 8875.08 8908.15 8925.76 8902.7 8896.59 8892.54 8890.37 8894 8920.97 8936.82 8948.89 8960.66 8970.95 8985.51 8973.16 8932.15 8915.38 8934.26 8948.61 8961.75 8970.78 8977.13 8981.71 8983.76 8984.25 8985.35 8973.84 8970.65 8974.82 8972.99 8986.21 8994.73 8999.49 9003.63 9022.12 9034.53 9034.82 
8879.25 8876.98 8876.71 8914.05 8955.98 8899.88 8895.58 8893.54 8893.08 8897.91 8922.26 8947.95 8960.61 8967.84 8971.72 8976.99 8969.35 8955.85 8945.41 8961.08 8970.27 8978.01 8989.79 8996.98 8994.38 8992.63 8989.91 8982.47 8974.94 8976.01 8985.84 9015.96 8990.56 8993.29 9001.88 9014.15 9026.89 9034.46 9035.58 
8875.88 8873.76 8876.01 8908.63 8914.48 8898.11 8895.84 8897.68 8901.29 8900.82 8912.65 8960.22 8972.06 8972.46 8966.88 8952.4 8968.94 8983.35 8995.71 8996.89 8998.15 8998.39 9002.98 9006.44 9002.35 9004.08 8999.33 8984.32 8975.31 8980.23 8989.82 8995.33 9002.35 9005.89 9018.52 9025.75 9032.2 9027.38 9034.05 
8884.16 8877.54 8884.03 8899.26 8920.17 8900.55 8902.54 8908.97 8912.97 8905.55 8902.59 8976.35 8985.43 8984.25 8980.95 8976.62 8985.84 9002.24 9021.23 9019.64 9020.91 9016.02 9013.42 9000.04 9009.37 9018.09 9019.32 8997.8 8970.92 8981.8 8994.69 9003.03 9007.9 9015.58 9051.41 9086.02 9036.31 9026.9 9034.98 
8881.68 8884 8886.06 8887.08 8890.67 8892.73 8906.06 8920.18 8929.87 8928.7 8924.81 8982.62 8996.9 9000.29 9002.51 9008.79 9014.52 9026.29 9028.5 9046.9 9047.31 9040.9 9037.06 9037.42 9035.24 9034.85 9033.88 9004.75 8973.39 8998.81 9004.76 9007.88 9006.75 9014.82 9044.95 9066.96 9041.09 9033.38 9033.69 
8880.05 8893.68 8897.7 8890.66 8889.95 8900.31 8915.5 8933.33 8948.68 8954.21 8948.17 8988.11 9011.67 9025.25 9024.03 9033.56 9055.77 9076.07 9094.9 9095.77 9086.05 9078.89 9065.5 9054.17 9046.95 9049.24 9045.96 9020.71 9001.72 9019.9 9014.12 9009.47 9008.53 9015.28 9029.26 9040.06 9032.82 9033.02 9037.85 
8873.4 8882.78 8897.05 8915.87 8926.2 8912.31 8936.15 8951.36 8960.3 8969.17 8975.47 8994.04 9029.13 9060.01 9062.63 9070.37 9093.13 9108.73 9112.03 9110.57 9107.85 9094.76 9079.79 9063.21 9052.32 9062.37 9053.33 9031.84 9013.67 9021.35 9015.81 9010.4 9008.55 9008.61 9020.81 9030.27 9032.41 9035.47 9035.98 
8871.28 8877.76 8891.83 8934.36 8962.44 8960.42 8963.44 8975.63 8987.86 8995.32 8994.7 9008.24 9059.4 9114.6 9150.39 9153.28 9142.54 9138.73 9127.08 9119.86 9123.36 9098.26 9088.66 9087.17 9091.08 9092.91 9074.49 9053.46 9035.18 9017.63 9017.49 9014.29 9010.23 9011.86 9019.97 9028.33 9033.18 9035.74 9043.54 
8878.55 8875.57 8885.8 8918.83 8967.26 8967.64 8974.5 8993.26 9016.63 9001.65 8991.07 9033.4 9090.14 9147.78 9228.61 9204.38 9143.8 9134.04 9164.35 9183.4 9103.96 9064.1 9063.29 9097.86 9150.93 9122.68 9087.09 9080.08 9068.68 9037.95 9028.56 9024.77 9017.44 9019.24 9021.27 9025.96 9031.53 9036.79 9043.71 
8886.62 8903.89 8915.04 8924.42 8975.25 8970.26 8979.69 9001.2 9018.48 9012.25 9010.57 9033.24 9077.71 9104.9 9139.7 9095.22 9056.31 9023.65 9010.84 8940.65 8953.29 8960.26 8985.75 9025.43 9036.42 9085.95 9127.94 9095.7 9082.38 9059.1 9043.28 9036.21 9020.27 9019.94 9024.81 9028 9035.39 9040.73 9042.88 
8892.42 8929.56 8949.29 8958.65 8972.2 8977.42 8993.02 9015.22 9013.06 9025.28 9048.08 9072.22 9094.85 9040.55 8919.34 8938.74 8901.68 8848.22 8792.28 8691.61 8778.6 8818.46 8858.76 8908.65 8929.25 8997.94 9047.65 9085.54 9104.38 9087.08 9059.25 9035.56 9022.21 9019.03 9030.57 9059.13 9071.08 9038.04 9035.81 
8876.05 8899.97 8958.94 8952.76 8960.15 8983.14 9011.68 9042.58 9064.04 9057.2 9098.55 9155.6 9011.72 8968.55 9000.39 8817.64 8730.78 8687.75 8647.22 8640.26 8626.77 8659.52 8724.43 8803.07 8915.53 8955.86 8989.06 9072.52 9132.1 9118.12 9060.42 9048.68 9036.29 9023.89 9028.89 9044.17 9082.04 9044.86 9033.31 
8876.34 8909.37 8961.3 8946.12 8973.06 8997.99 9030.59 9080.93 9102.5 9087.51 9088.36 9047.1 8905.7 8773.17 8660.89 8597.35 8540.21 8487.84 8427 8351.81 8392.67 8482.88 8579.59 8672.54 8764.25 8874.42 8977.21 9052.98 9139.52 9138.85 9055.73 9046.08 9034.48 9030.35 9048.87 9062.95 9078.3 9054.5 9041.24 
8916.62 8933.12 8942.79 8943.59 8977.72 9022.33 9061.49 9113.62 9130.67 9099.89 9054.85 8976.79 8832.65 8555.04 8383.88 8375.13 8350.52 8308.6 8261.77 8181.54 8227.91 8336.47 8445.63 8541.41 8628.62 8722.52 8854.38 9000.79 9124.38 9164.21 9079.22 9054.26 9028.46 9038.19 9050.31 9058.84 9038.54 9047.37 9057.21 
8936.57 8940.76 8949.11 8959.31 8979.55 9040.89 9108.8 9128.15 9137.51 9103.63 9013.71 8904.29 8612.9 8379.23 8247.02 8224.55 8237.26 8222.66 8184.37 8129.23 8163.9 8274.6 8375.1 8456.74 8519.12 8563.71 8732.51 8941.53 9118.21 9207.95 9083.06 9046.96 9037.34 9042.33 9048.87 9054.28 9059.24 9066.36 9069.04 
8951.4 8952.23 8961.49 8966.61 8983.39 9052.68 9139.69 9147.47 9134.93 9078.43 8941.45 8740.13 8481.81 8269.5 8164.5 8151.82 8160.8 8166.43 8159.22 8145.53 8181.69 8256.82 8344.03 8414.5 8472.46 8529.75 8673.86 8891.37 9096.16 9217.97 9098.32 9086.71 9070.36 9055.5 9063.58 9060.54 9057.26 9070.56 9090.89 
8957.49 8961.58 8970.09 8976.66 8995.74 9056.16 9129.75 9135.16 9172.7 9067.48 8876.84 8649.68 8412.2 8205.76 8116.13 8110.91 8137.03 8161.05 8180.53 8196.42 8225.92 8286.89 8345.38 8399.18 8451.48 8475.87 8663.3 8871.54 9071.1 9218.19 9123.85 9112.63 9101.97 9092.14 9116.08 9077.23 9052.92 9064.66 9069.65 
8971.97 8958.02 8967.49 8979.77 8998.04 9047.32 9099.94 9132.68 9113.77 9013.38 8816.05 8588.98 8348.16 8144.4 8082.78 8100.01 8138.6 8182.51 8229.01 8275.59 8314.19 8352.96 8378.58 8405.56 8451.89 8557.18 8668.71 8843.33 9030.97 9167.76 9132.3 9121.33 9113.32 9100.53 9100.32 9097.13 9082.84 9047.83 9046.43 
8956.19 8948.09 8951.76 8978.15 9011.82 9053.42 9093.34 9121.36 9101.21 8955.96 8766.89 8548 8322.96 8107.04 8076.36 8103.35 8155.59 8210.49 8273.51 8347.33 8469.6 8413.92 8411.86 8414.42 8403.05 8458 8617.53 8800.2 8992.33 9166.04 9131.48 9127.89 9126.22 9114.48 9101.59 9106.29 9105.42 9077.98 9065.6 
8920.71 8950.46 8948.03 8973.92 9011.71 9058.71 9114.66 9129.67 9042.32 8918 8729.99 8519.84 8308.12 8127.16 8097.05 8123.57 8168.46 8226.53 8291.43 8351.96 8387.95 8418.05 8427.77 8434.52 8416.06 8416.88 8547.99 8757.73 8967.02 9113.11 9132.81 9116.48 9122.94 9124.17 9113.95 9108.53 9106.17 9103.76 9077.76 
8929.64 8934.36 8949.82 8967.54 8992.87 9038.34 9132.75 9155.94 9062.2 8914.34 8728.52 8515.07 8282.84 8137.11 8132.57 8162.34 8200.61 8240.48 8284.04 8325.61 8349.11 8374.78 8393.83 8442.3 8526.99 8483.42 8542.17 8790.39 8969.31 9104.26 9124.33 9113.03 9114.32 9109.88 9105.75 9111.37 9095.49 9137.63 9100.99 
8925.03 8929.22 8945.05 8958.05 8981.76 9027.32 9088.39 9207.49 9103.49 8948.58 8756.48 8555.86 8374.72 8210.33 8202.93 8224.87 8254.45 8275.72 8286.32 8284.75 8270.14 8286.97 8360.03 8446.34 8547.59 8685.67 8828.66 8907.95 9006.5 9102.66 9131.91 9126.29 9109.12 9099 9091.21 9089.74 9097.94 9126.33 9106.66 
8926.77 8929.76 8940.91 8950.01 8963.55 8980.47 9076.72 9177.79 9169 8998.47 8817.68 8642.34 8460.7 8336.9 8304.43 8320.49 8336.62 8337.26 8314.94 8239.01 8175.8 8194.07 8352.61 8483.51 8535.65 8780.44 8978.03 8971.41 9035.47 9104.28 9118.73 9109.19 9096.18 9088.5 9081.67 9071.66 9081.71 9113.89 9115.67 
8904 8933.71 8933.15 8938.51 8951.2 8977.93 9022.43 9052.19 9084.14 9007.92 8892.25 8764.51 8590.1 8441.65 8438.3 8448.17 8451.9 8425.94 8383.03 8265.18 8206.1 8230.58 8413 8613.77 8810.47 8841.43 8821.18 8973.62 9042.83 9069.01 9070.16 9073 9077.88 9074.26 9063.04 9068.46 9071.48 9083.2 9117.59 
8885.68 8888.29 8908.58 8927.8 8940.34 8960.67 8974.45 8989.5 9022.76 9003.52 8957.64 8917.35 8924.17 8755.15 8659.87 8634.78 8610.18 8568.48 8521.31 8449.43 8381.44 8434.26 8542.24 8707.62 8900.23 8956.79 9000.73 9062.34 9075.78 9082.2 9072.37 9071.44 9067.31 9068.95 9057.01 9060.57 9063.76 9081.92 9115.07 
8893.18 8897.14 8905.64 8921.83 8936.47 8947.4 8959.41 8985.66 9003.77 9002.42 8997.59 8996.14 8956.63 8939.42 8898.9 8841.81 8783.96 8736.89 8676.21 8634.16 8593.93 8586.69 8688.69 8748.21 8828.68 9003.95 9156.68 9142.79 9105.37 9075.48 9077.99 9061.38 9061.25 9066.56 9060.15 9051.06 9054.11 9081.6 9113.08 
8889.61 8905.66 8907.26 8917.52 8929.52 8944.92 8962.79 9019.2 9001.18 9005.04 9025.52 9050.13 9064.91 9061.82 9075.25 9017.79 8946.48 8889.4 8793.61 8786.17 8784.69 8866.64 8870.27 8892.95 8913.18 9057.72 9139.45 9144.41 9109.14 9079.59 9068.48 9061.56 9060.97 9059.09 9060.22 9054.75 9046.89 9069.56 9101.9 
8885.5 8888.99 8903.85 8912.87 8922.94 8931.93 8940.92 8947.1 8978.68 8998.59 9031.22 9088.93 9190.52 9223.54 9233.77 9149.43 9059.89 8990.81 8943.54 8920.32 8937.14 8901.18 9038.34 9155.48 9190.88 9133.22 9126.28 9115.56 9096.2 9075.23 9059.46 9057.33 9056.84 9053.7 9041.46 9064.37 9071.75 9093.22 9143.1 
8883.95 8889.92 8898.84 8909.81 8918.75 8922.5 8932.11 8942.21 8951.12 8981.43 9009.85 9044.22 9097.06 9187.74 9227.4 9190.71 9126.04 9080.37 9049.22 9043.27 9076.89 9231.24 9240.22 9222.58 9211.66 9164.81 9120.16 9094.03 9077.97 9066.83 9056.03 9047.34 9051.29 9054.89 9052.63 9070.97 9096.74 9084.39 9065.55 
8881.72 8889.85 8896.38 8906.95 8916.97 8926.82 8931.67 8944.11 8955.42 8966.13 8983.88 9005.59 9047.58 9114.76 9169.2 9158.67 9130.67 9109.64 9092.91 9095.86 9123.05 9154.74 9170.09 9181.53 9170.87 9141.68 9113.61 9084.57 9050.36 9030.12 9016.64 9027.09 9045.57 9058.74 9078.46 9087.42 9053.84 9038.1 9031.6 
8879.1 8884.32 8894.35 8906.71 8919.91 8934.88 8930.08 8940.06 8935.33 8950.25 8967.68 8986.79 9018.29 9058.13 9083.3 9113.86 9118.59 9117.97 9116.39 9111.85 9105.43 9090.22 9093.85 9117.41 9122.37 9119.93 9098.23 9068.73 9061.83 9033.98 9013.14 9010.17 9014.76 9034.09 9053.87 9074.38 9060.1 9026.38 9025.83 
8873.78 8880.92 8890.79 8903.35 8917.01 8924.12 8937.21 8938.7 8945.46 8952.5 8961.33 8973.68 8999.94 9034.39 9057.77 9077.91 9088.84 9093.09 9097.67 9101.85 9099.49 9092.16 9096.46 9107.1 9106.45 9099.25 9082.86 9067.13 9063.28 9034.94 9012.37 9016.47 9025.78 9021 9027.94 9049.31 9061.65 9036.72 9027.04 
8887.57 8884.78 8880.47 8895.88 8916.17 8929.95 8922.54 8932.22 8943.33 8954.56 8963.17 8972.7 8988.55 9008.11 9034.64 9057.15 9066.82 9077.11 9081.46 9079.72 9077.58 9076.62 9077.21 9095.53 9097.19 9091.99 9083.82 9074.99 9082.7 9057.48 9036.76 9035.05 9024.06 9020.48 9025.34 9035.17 9057.37 9065.58 9040.06 
8902.23 8880.8 8868.22 8891.29 8915 8944.04 8902.86 8926.76 8947.88 8961.62 8965.9 8973.14 8985.15 8998.82 9020.03 9037.04 9045.42 9053.35 9057.38 9062.69 9068.31 9074.35 9083.72 9093.94 9094.41 9092.04 9091.12 9101.65 9106.43 9068.42 9052.21 9061.75 9028.68 9026.05 9028.98 9025.76 9038.78 9061.43 9057.1 
8878.28 8884.86 8872.87 8892.59 8907.31 8903.85 8927.03 8937.33 8948.88 8959.31 8965.64 8976.61 8985.43 8996.33 9005.55 9016.58 9031.01 9040.41 9047.28 9054.48 9061.75 9069.76 9085.11 9095.17 9091.92 9091.76 9093.17 9096.19 9112.55 9046.98 9039.78 9051.93 9035.98 9023.05 9022.85 9020.62 9023.51 9029.63 9077.94 
8899.73 8881.8 8883.35 8901.51 8927.06 8935.64 8923.69 8936.87 8941.38 8945.92 8958.25 8974.05 8985.71 8997.94 9012.74 9020.21 9025.58 9034.56 9042.22 9048.96 9054.34 9059.6 9059.76 9070.34 9073.11 9075.96 9081.71 9093.38 9080.74 9041.07 9032.78 9038.81 9032.15 9017.84 9018.4 9008.11 9017.88 9031.8 9051.83 
8919.49 8882.56 8892.64 8906.86 8927.17 8937.42 8931.81 8938.32 8941.95 8941.21 8953.11 8966.01 8984.82 8998.93 9010.88 9009.35 9018.25 9026.03 9032.24 9038.25 9046 9051.56 9055.41 9054.15 9059.43 9063.74 9065.35 9068.79 9062.44 9041.21 9037.9 9038.16 9039.22 9017.06 9010.52 9010.28 9020.89 9027.1 9048.02 
8896.85 8892.17 8891.04 8905.09 8920.25 8924.58 8933.62 8947.68 8954.87 8952.11 8962.78 8973.16 8985.85 8997.06 9001.65 9013.92 9023.37 9027.27 9025.77 9027.18 9030.77 9035.25 9041.89 9043.15 9053.65 9049.17 9039.33 9024.99 9018.05 9040.78 9035.82 9034.6 9029.74 9024.23 9014.1 9020.21 9020.76 9021.94 9033.15 
