real_craters/C103-300m.grd
DSAA
225 225
-33.6525 33.6525
-33.6525 33.6525
8221.4284917713 9784.762795367
[rows 0 to 29 of 225, columns 67 to 133 of 225]
9159.6 9164.96 9167.87 9164.56 9161.47 9157.86 9154 9150.36 9147.45 9145.14 9143.48 9141.84 9140.03 9137.55 9129.89 9121.16 9122.04 9126.9 9134.71 9142.99 9151.2 9159.31 9167.52 9175.75 9183.65 9190.24 9179.71 9161.89 9144.33 9136.8 9132.95 9130.36 9129.09 9129.78 9131.48 9134.13 9137.63 9141.96 9144.93 9146.64 9144.89 9142.88 9141.11 9140.16 9138.99 9138.7 9136.89 9135.07 9132.96 9133.04 9136.33 9138.64 9140.73 9142.92 9144.2 9145.45 9146.77 9148.19 9149.47 9151 9152.17 9152.53 9152.59 9151.35 9148.94 9144.74 9137.85
9162.5 9167.04 9169.26 9167.57 9164.67 9161.51 9158.5 9155.34 9152.82 9152.66 9153.2 9152.71 9150.38 9144.71 9135.63 9128.34 9127.08 9132.97 9140.28 9147.64 9154.68 9161.59 9168.64 9176.1 9183.69 9189.5 9185.08 9177.38 9171.72 9158.06 9146.21 9140.03 9137.17 9136.88 9139.08 9143.04 9149.49 9160.41 9172.49 9164.42 9156.12 9150.81 9147.52 9145.48 9144.16 9143.73 9142.27 9140.32 9137.73 9136.67 9142.95 9147.71 9150.33 9151.29 9151.75 9152.35 9153.27 9154.51 9155.47 9157.11 9158.64 9160.13 9161.32 9161.6 9160.64 9158.04 9152.15
9164.27 9167.86 9170.83 9169.01 9167.04 9165.49 9163.89 9162.33 9159.84 9161.85 9164.12 9165.12 9163.99 9157.92 9147.49 9134.72 9133.58 9141.39 9147.72 9152.96 9157.65 9162.29 9167.12 9172.26 9177.88 9183.61 9182.02 9179.94 9178.22 9163.89 9152.31 9146.16 9143.22 9142.93 9144.76 9148.7 9155.36 9166.15 9176.76 9169.08 9160.17 9154.43 9151.15 9149.33 9148.49 9147.78 9147.62 9147.56 9145.33 9142.39 9153.29 9159.04 9160.24 9159.45 9158.84 9158.78 9159.36 9160.5 9161.97 9163.81 9165.88 9168.11 9169.71 9171.78 9173.46 9174.33 9173.01
9165.93 9168.63 9169.44 9169.65 9169.44 9169.78 9170.36 9171.36 9171.5 9173.36 9176.06 9178.84 9181.4 9182.18 9176.88 9159.75 9152.65 9156.2 9157.79 9159.03 9160.42 9162.14 9164.08 9165.98 9167.86 9169.54 9172.77 9172.32 9165.04 9154.94 9151.89 9148.76 9146.07 9146.44 9148.06 9151.06 9155.5 9159.69 9160.85 9159.05 9156.15 9153.58 9151.85 9151.53 9151.77 9152.48 9154.15 9157.03 9158.01 9160.82 9172.42 9172.34 9169.32 9166.27 9164.55 9164.02 9164.47 9165.68 9167.58 9169.93 9172.52 9175.18 9178.13 9181.13 9184.68 9189.24 9193.15
9171.45 9172.37 9172.22 9171.24 9172.6 9175.04 9177.55 9181.06 9183.95 9184.4 9186.67 9190.8 9197.07 9206.24 9211.84 9196.78 9184.39 9175.21 9168.85 9165.55 9163.31 9161.98 9161.01 9159.98 9158.53 9158.98 9164.26 9165.52 9161.08 9153.76 9150.8 9149.96 9147.9 9147.63 9149.53 9150.65 9151.52 9151.61 9149.61 9149.19 9150.1 9150.55 9151.21 9152.31 9154.41 9157.2 9161.1 9165.76 9171.82 9178.1 9188.1 9181.77 9175.03 9170.76 9168.64 9168.14 9168.73 9170.2 9172.01 9174.13 9177.73 9180.8 9184.65 9188.93 9193.76 9199.38 9203.92
9185.18 9181.19 9174.23 9173.14 9176.79 9180.9 9184.65 9188.21 9190.77 9191.57 9193.71 9197.86 9204.58 9214.64 9223.76 9215.94 9206.87 9188.71 9177.26 9169.73 9164.79 9161 9157.93 9155.42 9153.03 9154.29 9160.32 9163 9159.09 9151.55 9150.91 9151.02 9151.19 9148.23 9149.3 9149.06 9147.62 9146.21 9143.46 9142.7 9145.02 9147.49 9149.51 9151.95 9155.64 9160.01 9165.37 9172.58 9182.11 9193.26 9193.76 9182.26 9174.79 9171.1 9169.77 9170.07 9171.08 9173.12 9175.74 9178.71 9182.16 9185.98 9190.21 9193.93 9198.76 9203.4 9205.32
9212.25 9197.46 9181.5 9178.57 9184.38 9188.77 9191.35 9192.84 9194.05 9195.36 9197.11 9199.89 9203.62 9207.74 9209.12 9207.27 9201.83 9190.06 9179.9 9171.51 9165.16 9160.14 9156.06 9152.7 9150.67 9153.25 9160.12 9166.77 9164.03 9153.66 9153.09 9152.98 9152.92 9149.88 9148.52 9147.49 9145.29 9142.97 9139.32 9137.88 9141.78 9145.21 9148.48 9151.76 9155.59 9160.99 9166.99 9174.8 9184.52 9195.77 9193.46 9174.65 9168.9 9167.97 9168.44 9169.93 9172.1 9174.8 9177.71 9181.19 9184.66 9188.18 9192.67 9197.12 9201.11 9204.45 9204.77
9242.38 9219.93 9199.45 9193.59 9198.9 9200.57 9199.83 9197.55 9197.01 9197.64 9198.16 9198.62 9198.44 9196.52 9191.48 9190.56 9187.96 9184.97 9177.88 9170.52 9164.31 9159.18 9154.97 9151.29 9148.88 9152.36 9160.17 9169.24 9169.21 9161.44 9157.05 9155.29 9154.2 9151.66 9148.21 9146.35 9143.88 9141.56 9139.28 9138.06 9141.08 9143.96 9146.81 9150.33 9154.91 9159.87 9165.5 9171.55 9178.04 9181.09 9170.58 9159.32 9160.38 9163.53 9166.27 9169.23 9172.5 9175.95 9179.18 9183.06 9187.48 9191.66 9195.79 9199.29 9202.91 9205.01 9204.93
9260 9242.86 9231.03 9225.3 9220.82 9215.75 9210.06 9204.66 9201.72 9199.78 9198.29 9196.39 9193.31 9188.24 9180.03 9180.73 9184.41 9180.61 9173.67 9167.11 9161.76 9157.54 9154.23 9151.54 9149.06 9152.36 9158.06 9163.4 9164.87 9162.65 9158.95 9156.68 9154.86 9152.23 9148.66 9145.7 9142.98 9141.15 9141.53 9145.08 9141.75 9141.72 9144.34 9148.04 9152.31 9157.01 9161.54 9165.76 9168.81 9167.05 9158.73 9150.36 9154.6 9160.25 9164.34 9168.4 9172.41 9176.48 9180.64 9185.42 9190.37 9194.92 9198.33 9201.52 9204.42 9205.08 9204.16
9263.66 9258.71 9258.05 9255.53 9243.27 9231.13 9220.46 9210.66 9206.16 9202.19 9198.55 9194.61 9189.98 9184.61 9179.09 9178.56 9181.63 9174.63 9166.86 9161.61 9157.98 9155.4 9153.59 9152.96 9154.56 9154.07 9156.05 9157.83 9159.14 9158.31 9157.53 9157.43 9156.41 9153.8 9149.79 9145.37 9142.75 9139.22 9138.5 9140.57 9137.23 9137.08 9140.31 9144.22 9148.7 9153.01 9157.22 9160.17 9161.4 9158.67 9152.67 9151.43 9153.84 9159.14 9163.78 9168.46 9173.13 9177.81 9182.45 9187.03 9191.65 9195.86 9198.7 9201.81 9204.8 9205.05 9203.62
9259.58 9264.15 9271.36 9275.2 9257.73 9242.15 9229.44 9219.69 9211.44 9204.64 9198.87 9193.25 9187.57 9182.39 9178.58 9175.33 9168.55 9160.9 9156.4 9154.13 9152.92 9152.55 9152.64 9153.05 9152.74 9154.02 9154.87 9156.19 9157.01 9155.46 9156.99 9159.78 9158.94 9155.46 9151.06 9146.27 9140.98 9136.11 9130.48 9124.65 9126.59 9130.67 9135.6 9140.45 9145.33 9149.78 9154.21 9156.54 9157.29 9155.04 9150.99 9152.97 9155.38 9159.49 9163.15 9167.5 9172.08 9176.79 9181.96 9186.15 9189.06 9194.57 9198.21 9201.23 9203.46 9204.21 9203.36
9251.97 9260.16 9268.17 9270.29 9258.8 9245.47 9233.63 9224.16 9214.26 9206.12 9198.7 9191.59 9184.6 9177.95 9172.18 9164.56 9149.09 9142.86 9144.65 9146.15 9147.55 9149.19 9151.25 9153.33 9154.6 9154.14 9153.88 9154.92 9158.84 9161.91 9164.79 9165.61 9162.92 9157.77 9152.3 9146.52 9140.03 9133.26 9125.37 9119.34 9120.59 9125.97 9131.96 9137.86 9143.06 9147.82 9152.37 9154.58 9155.32 9155.36 9156.22 9157.87 9158.19 9160.44 9164.04 9168.23 9172.91 9178.33 9181.39 9185.95 9190.3 9194.32 9197.88 9200.85 9203.01 9204.38 9203.64
9244.13 9251.52 9256.96 9257.49 9251.58 9242.6 9233.11 9223.73 9215.06 9206.29 9197.94 9189.75 9181.37 9172.37 9161.32 9147.5 9138.33 9133.7 9136.61 9139.82 9142.77 9145.88 9149.47 9153.28 9155.15 9154.11 9153.71 9155.85 9163.41 9171.97 9176.82 9173.61 9167.5 9160.58 9153.9 9147.04 9140.04 9132.74 9124.81 9117.74 9118.19 9124.75 9131.4 9136.96 9142.27 9146.93 9151.04 9153.43 9154.98 9156.21 9155.7 9159.81 9160.22 9161.29 9164.36 9168.08 9172.57 9177.5 9182.27 9186.92 9190.96 9195.08 9198.77 9201.85 9203.48 9204.79 9204.55
9238.17 9243 9245.48 9244.92 9241.33 9236.48 9230.64 9223.59 9214.4 9205.68 9197.1 9188.47 9179.39 9169.42 9158.08 9146.62 9137.4 9132.76 9133.61 9136.23 9139.43 9142.98 9147.22 9151.65 9153.5 9152.29 9152.89 9157.3 9166.43 9178.88 9187.84 9179.26 9170.22 9162.33 9154.42 9147.53 9140.95 9134.13 9127.47 9121.71 9121.9 9127.28 9133.1 9138.51 9143.34 9147.77 9150.94 9153.72 9155.69 9157.97 9159.51 9161.75 9159.15 9160.7 9164.1 9168.24 9172.73 9177.4 9182.11 9186.53 9191.01 9195.25 9199.12 9202.96 9205.46 9206.78 9206.26
9234.37 9236.01 9235.95 9232.23 9230.67 9229.29 9225.9 9220.3 9212.48 9204.55 9196.41 9187.67 9178.77 9169.22 9159.04 9149.12 9140.15 9134.47 9133.47 9134.62 9136.87 9139.82 9143.43 9147.55 9148.88 9147.76 9148.61 9153.61 9163.25 9175.32 9184.26 9176.67 9168.43 9161.32 9154.86 9148.84 9142.61 9137.06 9132.37 9128.97 9128.67 9132.57 9136.74 9140.83 9144.95 9148.89 9152.21 9154.01 9156.53 9159.38 9159.84 9156.48 9156 9160.19 9164.98 9169.66 9174.35 9179.06 9183.75 9188.88 9193.39 9197.66 9201.34 9204.26 9207.53 9209.5 9211.25
9232.16 9231.63 9230.35 9226.71 9225.16 9223.45 9219.67 9215.31 9209.51 9202.8 9195.46 9187.48 9179.35 9170.8 9161.78 9152.73 9144.1 9137.28 9134.84 9134.21 9134.8 9136.3 9138.18 9140.36 9141.36 9141.15 9141.27 9146.15 9154.95 9162.84 9166.76 9165.44 9162.3 9158.53 9153.88 9149.09 9144.91 9141.27 9138.28 9137.03 9138.11 9139.4 9141.44 9143.96 9147.19 9150.14 9153.3 9155.8 9158.59 9161.34 9160.69 9156.28 9156.57 9162.51 9168.24 9173.42 9178.9 9183.57 9188.49 9192.13 9196.66 9201.92 9206.02 9209.53 9212.65 9216.34 9218.92
9230.2 9228.8 9227.39 9226.46 9225.29 9220.94 9213.93 9211.14 9207.34 9201.46 9194.8 9187.6 9180.5 9173.32 9165.9 9157.99 9149.63 9142.06 9136.95 9134.64 9133.62 9133.13 9132.82 9133.4 9134.27 9135.33 9135.97 9140.15 9146.56 9150.28 9149.35 9153.08 9155.15 9154.61 9152.24 9149.63 9146.48 9144.44 9143.52 9143.6 9144.68 9145.55 9146.47 9148.36 9150.74 9153.45 9156.63 9158.93 9161.7 9164.93 9166.53 9165.56 9164.85 9167.94 9173.51 9179.03 9184.94 9190.97 9197.24 9198.86 9203.73 9208.3 9212.51 9216 9219.76 9222.42 9224.69
9227.25 9225.43 9223.99 9223.09 9221.9 9221.35 9218.62 9212.97 9206.76 9200.49 9194.32 9188.01 9182.56 9176.78 9171.12 9164.97 9156.03 9145.59 9138.83 9135.82 9133.61 9131.23 9128.39 9125.72 9128.28 9131.63 9135.46 9137.91 9141.04 9143.55 9145.11 9148.12 9150.53 9151.37 9150.34 9149.76 9148.9 9148.29 9148.08 9148.51 9149.88 9150.76 9151.47 9152.89 9155.17 9157.47 9160.13 9162.39 9165.44 9169.23 9173.78 9180.5 9176.61 9174.07 9178.94 9183.13 9189.11 9195.33 9201.57 9207.54 9217.57 9214.81 9219.06 9222.37 9225.54 9234.19 9235.61
9223.57 9221.41 9219.43 9218.27 9218.71 9220.03 9223.09 9213.28 9205.18 9198.61 9193.02 9188.02 9184.1 9179.77 9175.62 9170.81 9162.19 9148.22 9141.22 9138.76 9135.78 9132.04 9127.48 9123.78 9125.2 9128.49 9132.8 9134.59 9137.12 9140.34 9144.04 9146.84 9148.57 9149.56 9149.81 9150.24 9150.65 9151.1 9151.78 9152.52 9153.56 9155.02 9156.19 9157.98 9159.82 9161.74 9163.92 9165.72 9168.17 9171.33 9175.38 9180.06 9176.13 9177.07 9181.11 9185.95 9192.05 9198.02 9207.43 9213.82 9220.22 9225.73 9230.04 9236.98 9239.87 9239.53 9240.36
9219.15 9216.62 9213.79 9211.18 9208.98 9210.84 9212.52 9206.37 9200.35 9195.28 9190.93 9187.15 9183.83 9180.98 9178.65 9176.54 9170.63 9157.54 9148.82 9144.48 9140.51 9136.07 9130.52 9125.58 9124.99 9125.36 9126.93 9129.75 9133.37 9137.43 9141.91 9145.24 9147.13 9148.46 9149.81 9151.03 9151.86 9153.29 9154.55 9156.06 9157.4 9159.12 9160.55 9162.06 9164.14 9165.8 9167.43 9168.48 9169.85 9171.22 9171.98 9172.21 9176.71 9179.22 9183.66 9190.95 9197.31 9203.14 9209.17 9218.27 9224.45 9230.24 9235.65 9240.39 9250.08 9251.46 9248.65
9214.26 9211.53 9207.88 9203.61 9198.8 9197.89 9196.65 9195.53 9192.81 9189.97 9187.27 9185.09 9182.88 9180.96 9179.44 9178.43 9175.75 9165.9 9158.02 9150.87 9146.44 9142.75 9137.75 9131.55 9127.77 9124.01 9122.44 9125.65 9130.02 9134.49 9139.26 9143.13 9145.41 9147.42 9149.61 9151.69 9153.51 9155.03 9156.75 9158.83 9161.42 9163.08 9163.77 9165.85 9167.68 9169.36 9170.75 9171.44 9172.16 9172.05 9170.12 9167.3 9170.17 9179.51 9186.64 9194.58 9200.58 9206.21 9211.63 9217.12 9226 9232.55 9238.91 9245.19 9250.91 9259.45 9258.99
9209.48 9206.74 9202.82 9197.93 9193.03 9187.91 9185.02 9184.81 9184.62 9183.98 9182.97 9181.79 9180.51 9179.12 9177.43 9174.81 9170.47 9165.24 9159.86 9154.46 9151.57 9150.39 9150.09 9143.95 9132.89 9124.41 9121.3 9123.64 9127.87 9132.27 9136.36 9139.5 9143.89 9146.65 9149.77 9152.61 9155.07 9157 9159.05 9160.22 9160.28 9161.13 9166.34 9169.74 9171.86 9173.44 9174.82 9175.74 9175.82 9175.29 9172.8 9170.14 9173 9183.98 9191.44 9201.36 9207.68 9212.77 9217.91 9223.29 9229.24 9237.65 9245.08 9253.16 9261.49 9276.51 9278.81
9205.6 9202.73 9198.33 9193.26 9187.77 9178.62 9174 9175.73 9177.25 9178.1 9178.44 9178.31 9177.63 9176.6 9174.67 9171.21 9165.8 9161.91 9155.67 9155.81 9154.13 9154.42 9157.82 9151.01 9136.2 9124.55 9120.4 9123.4 9127.57 9131.69 9135.66 9139.88 9143.4 9146.69 9150.6 9153.6 9157.14 9159.46 9161.99 9163.61 9164.38 9166.91 9171.33 9174.44 9176.29 9177.76 9179.02 9180.13 9180.77 9181.23 9180.18 9179.62 9182.35 9193.18 9200.8 9210.68 9216.17 9220.78 9224.37 9229.54 9236.38 9243.65 9254.7 9264.77 9276.19 9288.3 9296.85
9203.61 9199.58 9194.39 9188.49 9181.86 9172.56 9168.06 9169.42 9171.76 9173.58 9174.99 9175.68 9175.83 9175.11 9173.29 9170.33 9166.24 9163.7 9165.84 9156.73 9153.48 9151.98 9150.47 9146.02 9136.39 9126.68 9123.35 9126.11 9129.35 9132.73 9136.15 9139.65 9143.13 9147.1 9151.66 9154.69 9158.93 9162.16 9165.31 9169.07 9172.81 9177.5 9178.36 9179.6 9180.8 9182.05 9183.32 9184.89 9186.5 9188.27 9190.59 9194.65 9200.53 9210.45 9212.44 9219.02 9221.99 9225.3 9228.99 9235.41 9241.11 9248.22 9258.81 9269.93 9283.77 9300.6 9317.29
9202.86 9197.87 9191.55 9184.57 9177.02 9168.75 9164.63 9165.91 9168.41 9170.7 9172.56 9173.76 9174.27 9174.03 9172.89 9171.15 9168.32 9163.66 9153.95 9153.61 9150.9 9147.44 9143.31 9141.24 9137.52 9131.68 9130.03 9131.45 9133.28 9135.33 9137.39 9139.25 9143.35 9148.28 9153.52 9156.09 9160.86 9164.87 9168.81 9173.35 9178.5 9183.93 9183.67 9183.8 9184.83 9185.96 9187.44 9189.47 9192.19 9195.9 9201.33 9210.92 9225.44 9229.39 9221.81 9225.38 9226.34 9227.86 9230.02 9232.49 9236.56 9243.71 9251.47 9263.12 9277.54 9296.97 9320.61
9202.84 9197.22 9190.11 9182.01 9173.35 9164.76 9162.51 9163.69 9166.85 9169.31 9171.42 9172.86 9173.2 9173.35 9172.97 9171.93 9170.07 9165.35 9160.17 9153.54 9149.08 9145.13 9141.17 9141.92 9143.11 9142.03 9139.95 9138.7 9138.67 9139.59 9140.68 9142.03 9145.75 9151.07 9156.42 9159.32 9163.42 9167.46 9172.09 9176.41 9180.47 9182.76 9185.57 9186.66 9187.78 9188.88 9190.51 9192.88 9196.46 9201.02 9207.22 9217.13 9227.95 9230.34 9226.85 9227.24 9226.3 9225.51 9224.68 9226.37 9228.48 9233.42 9238.24 9246.27 9257.74 9274.59 9297.35
9203.58 9197.66 9190.11 9181.48 9171.88 9163.15 9161.94 9163.35 9165.68 9169.09 9171.08 9172.25 9173.09 9173.35 9173.08 9171.92 9170.49 9165.51 9156.74 9151.21 9148.3 9145.93 9144.47 9145.3 9148.69 9155.06 9149.07 9145.32 9144.53 9145.01 9146 9147.02 9150.41 9155.65 9160.6 9163.29 9166.88 9169.73 9174.13 9178.25 9182.87 9186.9 9188.82 9188.69 9189.28 9190.27 9192.11 9194.86 9198.82 9203.09 9208.27 9214.75 9220.12 9225.69 9225.31 9226.81 9224.81 9222.42 9219.74 9217.26 9215.19 9215.28 9215.4 9218.32 9223.21 9231.77 9244.03
9205.13 9199.2 9191.94 9183.46 9174.14 9165.97 9163.39 9164.91 9167.12 9170.22 9171.38 9172.54 9173.31 9173.51 9173.06 9171.8 9169.34 9163.42 9154.98 9149.69 9148.61 9148.38 9148.07 9148.25 9148.42 9148.91 9149.98 9149.63 9149.84 9151 9152.99 9154.74 9157.83 9162.18 9165.79 9167.57 9170.33 9172.64 9175.52 9179.34 9184.47 9189.92 9190.76 9189.61 9189.68 9190.78 9192.97 9195.78 9199.9 9203.63 9207.67 9211.48 9216.11 9228.5 9225.52 9223.99 9223.33 9218.75 9214.04 9208.33 9202.14 9195.5 9190.12 9185.63 9180.88 9176.41 9171.49
9205.95 9201.12 9194.83 9187.37 9179.12 9169.99 9167.2 9168.59 9171.34 9172.41 9173.43 9174.19 9174.07 9174.13 9173.55 9172.28 9169.72 9163.97 9154.99 9149.28 9149.98 9152.27 9153.27 9151.42 9149.09 9147.47 9151.06 9153.01 9155.18 9157.39 9160.62 9164.94 9168.81 9170.29 9171.64 9171.84 9173.59 9175.26 9177.21 9179.68 9182.81 9186.04 9187.36 9188.19 9189.35 9191.51 9194.4 9197.75 9201.46 9204.55 9207.37 9209.65 9213.01 9218.95 9221.34 9220.58 9219.58 9214.51 9206.82 9198.56 9187.99 9175.07 9162.87 9154.86 9139.06 9120.86 9096.33
9207.07 9204.07 9198.82 9192.72 9186.22 9177.18 9172.86 9173.87 9175.5 9176.02 9176.33 9176.55 9176.63 9176.06 9175.03 9173.55 9171.09 9166.58 9157.45 9151.58 9151.4 9154.23 9155.77 9155.03 9154.1 9153.7 9155.47 9157.33 9159.68 9162.79 9167.01 9173.33 9179.15 9176.9 9176.17 9175.92 9176.85 9177.18 9178.19 9179.01 9180.16 9183.3 9185.84 9184.88 9187.91 9191.76 9195.92 9199.77 9203.31 9206.24 9208.4 9209.54 9211.93 9212.56 9217.04 9218.14 9216.14 9209.82 9199.09 9188.12 9175.95 9158.8 9139.55 9117.35 9094.91 9064.18 9025.86
