real_craters/C103-300m.grd
DSAA
225 225
-33.6525 33.6525
-33.6525 33.6525
8221.4284917713 9784.762795367
[rows 90 to 119 of 225, columns 134 to 200 of 225]
9518.72 9504.51 9487.58 9480.55 9475.34 9468.92 9466.77 9463.58 9414.97 9417.07 9413.6 9397.75 9386.84 9401.03 9415.09 9420.14 9412.5 9404.71 9397.38 9390.77 9384.86 9381.29 9377.29 9362.68 9349.11 9339.55 9331.54 9323.77 9315.68 9307.75 9300.91 9294.37 9288.64 9282.57 9276.96 9271.87 9268.16 9264.44 9260.45 9256.48 9239.9 9226.35 9245.56 9270.76 9297.67 9314.15 9310.03 9305.81 9301.91 9296.19 9285.91 9276.47 9267.16 9258.77 9252.12 9246.1 9241.18 9239.37 9237.13 9234.83 9233.95 9233.39 9233.84 9235.77 9237.77 9240.87 9244.14
9411.78 9434.25 9442.35 9452.15 9463.61 9471.93 9482.43 9501.88 9481.42 9454.93 9445.95 9434.6 9412.81 9407.81 9410.18 9403.43 9404.26 9401.79 9397.57 9393.5 9391.24 9391.24 9390.65 9371.96 9355.67 9345.9 9337.35 9330.31 9322.77 9316.6 9310.03 9304.41 9298.55 9293.26 9288.16 9283.56 9280.41 9276.01 9270.09 9259.62 9246.47 9243.39 9261.5 9285.82 9309.05 9320.75 9320.56 9315.8 9309.76 9302.15 9294.03 9285.13 9276.3 9268.14 9261.08 9255.12 9251.11 9247.16 9245 9243.47 9241.97 9241.13 9241.42 9242.86 9245.32 9248.14 9251.77
9310.32 9358.02 9390.72 9428.34 9453.1 9469.62 9476.36 9474.23 9483.5 9478.91 9484.85 9494.06 9482.11 9445.03 9426.8 9408.02 9405 9401.83 9397.45 9393.78 9392.04 9392.23 9392.12 9376.04 9361.12 9351.85 9343.44 9336.18 9329.47 9323.68 9317.44 9314.5 9309.03 9304.57 9299.55 9295.03 9291.83 9287.71 9281.76 9274.79 9267.48 9265.5 9279.21 9298.94 9319.41 9328.1 9326.19 9321.31 9315.08 9308.02 9299.95 9291.1 9282.38 9275.23 9268.73 9263.06 9258.36 9254.36 9252.43 9250.79 9249.23 9248.66 9248.14 9248.44 9250.09 9252.46 9256.71
9222.34 9288.52 9346.17 9393.79 9438.56 9470.55 9480.89 9459.5 9466.61 9491.73 9516.28 9540.17 9541.59 9491.32 9455.62 9432.95 9416.92 9405.94 9398.39 9392.55 9388.8 9386.9 9384.16 9377.35 9367.12 9357.78 9350.53 9344 9338.3 9332.7 9327.9 9322.98 9319 9314.32 9309.96 9306.99 9302.94 9299.11 9295.6 9291.3 9285.31 9285.32 9295.2 9309.02 9321.47 9327.93 9327.76 9323.59 9318.3 9312.67 9303.78 9294.09 9286.04 9279.46 9272.59 9267.57 9264.11 9260.42 9257.74 9255.59 9252.77 9252.41 9251.93 9252.02 9253.56 9255.13 9258.85
9147.39 9226.57 9297.99 9361.65 9424.69 9477.48 9514 9503.55 9489.23 9510.38 9539.98 9565.06 9565.26 9518 9476.69 9447.17 9426.04 9410.47 9399 9390.35 9383.36 9378 9382.85 9382.26 9371.26 9362.42 9356.09 9350.45 9345.6 9341.46 9337.32 9333.79 9329.81 9325.13 9320.63 9318.49 9314.73 9311.35 9308.77 9304.35 9298.17 9301.34 9308.98 9317.94 9325.35 9328.86 9328.04 9323.57 9317.09 9314.47 9301.84 9292.84 9286.22 9280.31 9274.26 9270.16 9266.48 9263.28 9262.51 9258.6 9256.9 9255.66 9254.93 9255.21 9255.97 9257.11 9260.83
9081.04 9171.22 9255.82 9336.82 9413.81 9483.24 9551.63 9566.48 9520.87 9530.02 9557.35 9581.63 9584.26 9529.97 9483.63 9452.41 9429.39 9411.44 9398.44 9388.53 9380.05 9373.34 9379.49 9382.3 9371.42 9365.33 9360.95 9356.41 9352.24 9348.74 9345.52 9341.41 9336.88 9333.65 9329.54 9326.57 9324.47 9321.6 9320.03 9319.06 9318.37 9317.19 9321.19 9327.31 9330.78 9331.78 9328.27 9321.37 9310.85 9296.71 9291.47 9288.26 9284.05 9279.85 9275.47 9271.97 9267.76 9265.01 9263.83 9262.07 9260.17 9259.05 9258.18 9258.05 9258.59 9259.66 9264.06
9029.15 9128.98 9227.69 9314.83 9403.03 9476.35 9524.89 9528.68 9523.58 9541.71 9567.81 9589.13 9588.19 9521.04 9479.95 9448.63 9425.7 9408.93 9396.3 9387.05 9379.91 9375.28 9375.52 9373.71 9369.39 9367.74 9366.07 9363.35 9359.12 9355.49 9350.98 9347.72 9344.09 9340.53 9337.09 9334.12 9332.21 9329.54 9327.42 9324.02 9325.61 9325.72 9330.22 9337.17 9341.17 9336.42 9329.15 9319.56 9307.24 9294.75 9287.96 9285.01 9281.73 9278.35 9275.13 9272.21 9269 9266.96 9265.78 9263.85 9262.49 9261.43 9260.8 9260.48 9261.43 9262.74 9267.7
8985.82 9095.8 9198.93 9301.38 9397.64 9473.31 9512.74 9488.26 9518.54 9548.16 9573.2 9590.03 9587.81 9529.71 9471.17 9438.58 9418.57 9404.12 9393.58 9386.01 9381.06 9378.53 9377.73 9378.32 9373.76 9372.18 9370.3 9367.59 9364.32 9360.92 9357.24 9353.74 9349.81 9346.91 9344.04 9341.77 9338.25 9335.79 9333.1 9327.49 9327.19 9327.34 9334.98 9342.6 9346.49 9339.35 9330.06 9319.25 9306.71 9295.33 9287.96 9284.14 9280.71 9277.76 9275.07 9272.28 9270.24 9268.93 9266.76 9265.38 9264.84 9263.91 9263.68 9263.53 9264.25 9265.53 9269.87
8947.47 9057.81 9173.19 9289.23 9396.57 9490.31 9535.18 9519.25 9534.64 9558.71 9576.45 9584.6 9575.57 9508.91 9450 9424.97 9410.87 9399.3 9391.04 9385.36 9382.27 9381.93 9380.89 9374.51 9377.14 9376.94 9374.99 9371.99 9368.41 9364.56 9360.77 9356.94 9353.47 9350.46 9347.73 9346.68 9344.67 9342.68 9339.78 9334.4 9328.12 9329.83 9339.64 9346.12 9345.28 9339.66 9329.84 9318.54 9306.17 9297.27 9290.82 9283.79 9279.86 9277.09 9274.8 9273 9271.33 9269.82 9268.36 9267.27 9265.95 9265.4 9265.59 9265.85 9266.83 9267.94 9270.53
8907.66 9027.37 9145.83 9270.8 9396.61 9515.09 9612.68 9571.11 9566.65 9576.02 9581.84 9576.72 9553.51 9485.68 9429.56 9412.59 9403.06 9395.39 9388.57 9384.45 9382.34 9381.92 9380.38 9374.86 9378.92 9381.64 9379.52 9375.24 9370.86 9366.59 9362.64 9359.06 9356.81 9354.67 9352.17 9349.75 9348.76 9348.98 9349.26 9350.58 9347.46 9340.71 9346.2 9353.7 9351.47 9339.51 9328.04 9316.58 9304.75 9295.09 9287.29 9282.08 9279.01 9276.62 9274.56 9273.1 9271.96 9270.91 9269.84 9268.91 9268.14 9267.22 9267.61 9268.29 9269.62 9270.89 9273
8873.16 8990.6 9115.52 9244.87 9379.17 9511.07 9617.89 9607.67 9596.97 9594.06 9588.18 9572.12 9535.65 9471.83 9423.22 9407.71 9403.96 9393.7 9387.24 9384.83 9383.13 9379.91 9374.38 9375.06 9382.84 9387.16 9382.75 9377 9372.97 9368.54 9364.71 9360.94 9360.19 9358.09 9356.17 9354.84 9354.3 9355.52 9356.67 9359.84 9355.26 9349.38 9348.55 9351.02 9346.39 9335.34 9324.95 9314.18 9302.77 9292.44 9281.91 9280.49 9278.22 9276.2 9274.68 9273.52 9272.34 9271.49 9270.97 9270.28 9270.19 9269.74 9270.4 9271.08 9272.49 9274.04 9276.78
8837.78 8952.34 9074.34 9198.13 9331.48 9461.46 9582.09 9628.98 9613.28 9604.01 9593.7 9577.55 9544.63 9487.31 9432.73 9408.36 9395.08 9388.37 9386.94 9387.66 9388.06 9386.1 9380.91 9378.17 9384.81 9391.33 9384.1 9377.84 9372.71 9369.34 9366.78 9364.82 9362.59 9360.81 9358.8 9359.03 9358.56 9359.34 9360.33 9356.9 9348.88 9347.95 9347.49 9339.23 9334.04 9328.09 9320.6 9311.39 9301.39 9292.61 9287.28 9281.55 9278.6 9276.06 9274.77 9273.7 9272.76 9272.09 9271.65 9271.57 9271.68 9271.92 9272.82 9274.39 9275.84 9277.77 9280.38
8795.95 8905.28 9019.27 9141.09 9260.65 9380.16 9514.12 9613.22 9601.16 9596.18 9592.25 9587.04 9574.11 9540.5 9458.09 9415.09 9392.46 9386.02 9389.2 9393.74 9397.59 9400.46 9402.26 9393.78 9388.93 9387.66 9380.95 9375.66 9371.68 9368.48 9365.75 9365.25 9363.39 9362.57 9361.71 9360.56 9360.21 9360.28 9362.63 9360 9357.58 9364.11 9351.98 9335.74 9327.89 9322.8 9316.59 9308.82 9300.24 9292.27 9285.95 9280.66 9277.9 9275.91 9275.18 9274.37 9273.64 9273.37 9273.08 9273.17 9273.33 9274.15 9275.19 9276.73 9278.71 9281.57 9284.39
8760.09 8858.42 8964.77 9070.59 9177.82 9289.23 9440.43 9539.22 9551.02 9563.79 9575.65 9586.87 9593.87 9581.94 9475.93 9425.02 9399.28 9392.43 9397.89 9404.81 9410.59 9414.77 9414.7 9401.61 9386.02 9378.87 9376.05 9373.54 9371.06 9368.65 9366.62 9364.49 9363.28 9362.45 9361.6 9360.27 9360.91 9361.88 9364.49 9364.31 9371.13 9376.41 9355.46 9334.8 9325.9 9320.9 9315.4 9308.77 9300.46 9291.69 9282.58 9278.56 9277.99 9276.44 9275.91 9275.35 9275.17 9274.94 9274.34 9274.38 9274.72 9275.31 9276.21 9277.88 9279.97 9282.69 9284.92
8717.66 8812.92 8908.65 9003.66 9093.97 9192.42 9333.55 9433.36 9474.07 9511.57 9542.65 9568.93 9584.68 9572.3 9486.05 9434.25 9411.72 9407.61 9411.24 9416.99 9424.15 9428.88 9427.69 9413.48 9390.07 9378 9373.2 9371.29 9369.59 9368.21 9366.32 9365.15 9363.73 9363.75 9362.33 9361.51 9360.8 9361.03 9363.51 9362.35 9364.13 9363.4 9347.82 9332.74 9326.25 9321.9 9317.53 9311.6 9303.26 9294.32 9285.53 9280.68 9279.54 9278.23 9277.04 9276.05 9275.85 9275.57 9276.14 9276.09 9275.92 9276.82 9277.07 9278.22 9279.36 9280.65 9281.83
8681.89 8769.09 8851.95 8936.33 9016.09 9098.74 9210.91 9312.43 9389.79 9451.59 9502.5 9542.52 9566.88 9559.61 9484.84 9436.71 9424.72 9426.66 9428.22 9431.33 9436.02 9442 9446.75 9432.57 9396.77 9380.77 9373.67 9370.92 9370.27 9369.43 9367.65 9367.01 9366.23 9366.34 9364.75 9362.46 9359.04 9357.17 9358.71 9359.83 9346.08 9335.94 9334.15 9330.77 9330.19 9327.79 9325.25 9313.89 9306.07 9298.21 9291.59 9286.4 9282.98 9280.05 9278.7 9277.62 9277.43 9277.5 9277.48 9277.91 9277.89 9277.87 9277.84 9278.43 9277.93 9277.05 9278.29
8660.23 8738.51 8814.34 8885.72 8952.78 9025.88 9127.64 9218.72 9309.88 9390.61 9458.36 9512.93 9550.22 9560.08 9487.5 9440.64 9438.55 9444.68 9444.63 9443.7 9444.57 9448.64 9453.33 9442.13 9405.3 9384.67 9374.83 9370.79 9370.83 9370.12 9370.36 9368.81 9368.47 9367.71 9365.3 9362.17 9358.62 9353.25 9348.65 9339.61 9333.29 9327.08 9331.08 9337.43 9337.69 9334.19 9328.22 9320.35 9312.17 9304.15 9298.49 9294.25 9286.41 9282.21 9280.71 9279.53 9279.89 9279.19 9279.15 9279.46 9278.72 9278.44 9278.35 9278.93 9279.4 9277.98 9277.09
8640.33 8709.35 8773.01 8834.56 8892.5 8944.31 9031.19 9138.54 9241.59 9334.31 9414.89 9482.57 9531.85 9554.3 9512.24 9460.79 9457.26 9463.2 9458.35 9451.35 9447.34 9446.48 9445.24 9433.62 9405.38 9384.21 9375.5 9371.04 9370.35 9368.89 9369.09 9368.74 9368.67 9367.46 9365.21 9365.24 9361.16 9353.58 9343.48 9329.22 9329.04 9328.18 9336.29 9350.13 9349.27 9343.43 9335.74 9326.3 9316.47 9307.59 9299.61 9291.22 9286.6 9282.83 9280.71 9280.42 9281.17 9280.52 9280.41 9280.52 9279.46 9279.53 9278.88 9278.83 9279.71 9280.89 9278.47
8623.14 8687.44 8741.32 8801.32 8853.07 8898.55 8980.45 9081.5 9187.54 9286.97 9376.26 9453.52 9513.44 9550.93 9531.97 9484.32 9479.36 9481.12 9465.45 9451.54 9443.56 9437.73 9430.3 9415.99 9391.61 9381.88 9377.04 9371.81 9369.83 9367.27 9365.95 9365.69 9366.12 9365.36 9365.86 9367.05 9364.88 9361.6 9354.2 9345.11 9335.34 9331.5 9339.33 9366 9366.36 9358.02 9351.29 9339.77 9327.36 9315.03 9302.63 9292.74 9287.98 9284.37 9283.06 9283.15 9281.65 9282.43 9281.82 9281.71 9280.84 9280.44 9279.18 9277.79 9276.14 9278.53 9278.72
8608.66 8672.44 8727.7 8787.15 8840.43 8887.45 8961.76 9050.26 9151.2 9250.1 9342.54 9426.27 9497.87 9550.72 9565.65 9534.58 9498.52 9473.13 9454.7 9442.79 9434.35 9426.77 9416.76 9404.4 9395.92 9387.25 9376.69 9370.3 9367.54 9363.91 9361.59 9359.99 9360.98 9359.53 9363.37 9368.05 9369.11 9371.36 9362.41 9351.41 9342.41 9340.86 9359.56 9389.06 9389.83 9388.12 9379.01 9364.52 9348 9330.01 9310.32 9291.55 9286.5 9287.01 9287.13 9285.64 9286.42 9283.22 9282.87 9283.19 9282.13 9281.73 9280.14 9278.28 9275.87 9277.81 9278.79
8608.65 8672.85 8731.54 8788.4 8846.84 8896.45 8958.26 9034.16 9126.84 9220.67 9312.91 9399.69 9478.12 9546.05 9590.27 9565.4 9502.83 9461.27 9439.9 9430.92 9424.26 9416.59 9405.83 9392.1 9384.67 9378.33 9373.47 9368.56 9363.65 9362.11 9359.33 9359.34 9359.65 9361.11 9365.94 9380.53 9386.25 9388.98 9379.39 9363.39 9347.2 9339.17 9353.83 9406.68 9408.84 9413.63 9404.34 9388.77 9368.8 9345.27 9315.04 9296.36 9287.68 9288.68 9289.32 9287.31 9287.73 9287.23 9286.4 9283.99 9284.05 9283.19 9282.04 9280.74 9279.14 9279.84 9279.09
8604.15 8669.47 8730.91 8794.29 8855.6 8907.77 8958.52 9022.53 9107.62 9196.17 9286.2 9371.63 9449.98 9518 9563.26 9527.9 9480.37 9445.16 9426.04 9422.03 9417.52 9411.35 9402.67 9390.45 9380.64 9374.44 9371.63 9367.54 9366.38 9361.82 9358.11 9355.62 9359.1 9356.41 9370.72 9382.57 9396.27 9410.46 9405.81 9379.76 9352.52 9349.29 9400.85 9393.26 9418.96 9437.02 9429.11 9412.58 9381.85 9356.54 9330.74 9306.87 9296.85 9294.67 9292.11 9291.58 9291.9 9288.69 9287.65 9287.46 9286.32 9285.27 9284.2 9283.55 9282.83 9280.75 9277.1
8607.16 8671.9 8735.86 8796.8 8851.03 8894.08 8938.86 9009.27 9091.52 9177.77 9262.16 9343.04 9414.56 9468.68 9491.81 9457.55 9447.91 9434.85 9425.18 9419.33 9415.34 9411.32 9406.55 9399.86 9391.79 9380.78 9375.93 9368.83 9366 9360.9 9357.04 9353.11 9352.69 9355.01 9361.97 9377.04 9399.12 9428.58 9439.15 9384.99 9334.63 9348.48 9415.31 9400.07 9437.34 9463.75 9454.3 9431.11 9404.96 9376.07 9347.15 9321.48 9307.33 9304.29 9299.66 9292.53 9291.5 9289.39 9287.53 9288.26 9287 9286.56 9285.76 9285.44 9284.55 9279.86 9272.92
8615.01 8678.33 8739.46 8794.35 8834.06 8863.64 8919.5 8995.27 9076.86 9158.2 9240.25 9316.26 9381.47 9427.89 9447.46 9437.83 9435.84 9433.33 9426.74 9420.81 9417.36 9415.35 9414.43 9415.98 9410.99 9393.67 9385.76 9374.54 9368.44 9359.54 9351.71 9344.09 9337.32 9335.85 9339.59 9351.55 9374.9 9413.28 9448.72 9338.7 9246.51 9251.03 9332.25 9448.51 9489.83 9491.88 9476.43 9452.42 9424.55 9392.77 9361.9 9333.62 9315.07 9310.73 9307.23 9300.67 9291.63 9290.05 9287.88 9290.03 9288.06 9285.86 9284.46 9283.41 9281.01 9274.07 9266.63
8626.26 8686.46 8744.27 8795.25 8826.86 8853.82 8907.63 8984.15 9063.85 9144.04 9221.7 9294.98 9357.26 9405.04 9433.63 9447.18 9446.5 9438.94 9428.32 9422.63 9420.43 9419.13 9419.28 9420.01 9418.92 9410.9 9399.94 9381.95 9367.18 9355.59 9342 9328.11 9316.43 9307.11 9301.8 9300.19 9309.49 9323.61 9313.11 9204.44 9087.38 9044.8 9360.2 9509.69 9529.6 9517.22 9493.33 9466.31 9436.04 9403.51 9371.78 9343.1 9324.42 9316.47 9313.9 9306.96 9302.9 9294.87 9291.78 9288.08 9285.9 9283.71 9281.46 9278.34 9273.21 9267.2 9260.95
8639.63 8695.27 8750.05 8802.16 8844.43 8855.49 8906.26 8981.12 9058.55 9135.83 9208.35 9279.65 9342.27 9394.4 9435.72 9466.98 9468.56 9449.61 9431.48 9426.27 9424.06 9423.1 9423.26 9423.57 9428.11 9452.81 9425.29 9391.26 9370.3 9352.62 9334.55 9313.85 9293.19 9274.05 9252.39 9235.09 9217.13 9192.61 9142 9042.63 8934.08 8896.26 9380.75 9533 9535.72 9517.62 9495.41 9469.77 9439.38 9408.36 9377.43 9346.02 9318.83 9320.31 9319.93 9314.22 9309.64 9301.13 9296.93 9286.4 9283.53 9281.22 9278.42 9274.9 9270.18 9264.04 9256.76
8650.81 8700.88 8750.87 8802.15 8845.27 8860.94 8913.68 8983.54 9057 9131.09 9203.99 9271.88 9334.3 9388.34 9433.93 9470.02 9476.8 9455.89 9441.72 9432.99 9428.19 9427.08 9428.33 9431.12 9439.49 9460.72 9440.3 9400.6 9374.05 9348.98 9321.47 9292.91 9261.73 9233.09 9199.28 9161.06 9119.97 9066.08 8998.61 8917.96 8839.12 8838.32 9234.11 9450.24 9489.77 9494.25 9482.18 9464.18 9439.29 9411.23 9380.64 9354.91 9333.23 9324.94 9322.33 9315.82 9311 9305.83 9300.39 9288.85 9284.95 9281.41 9278.68 9274.45 9269.8 9262.8 9254.82
8658.73 8702.32 8747.3 8790.24 8826.26 8867.65 8923.52 8991.65 9063.28 9135.37 9205.07 9270.89 9330.06 9381.68 9424.44 9454.07 9459.43 9448.46 9441.41 9433.04 9427.5 9428.69 9432.21 9439.03 9448.73 9473.04 9457.81 9412.44 9380.76 9350.64 9311.9 9272.87 9233.17 9188.1 9146.01 9093.62 9036.88 8970.6 8903.88 8842.52 8800.92 8830.25 9100.67 9317.46 9411.38 9448.84 9459.88 9452.67 9437.49 9414.61 9388.31 9362.24 9337.35 9327.66 9325.4 9319.51 9313.25 9308.82 9302.72 9297.82 9289 9283.21 9278.77 9273.75 9267.75 9261.61 9255.15
8663.04 8703.69 8743.6 8780.7 8822.08 8882.73 8940.55 9007.67 9076.87 9145.78 9211.73 9272.08 9327.95 9377.1 9414.67 9436.45 9433.25 9429.8 9425.11 9421.14 9421.03 9425.78 9432.95 9444.4 9460.33 9468.74 9454.16 9422.36 9389.54 9350.57 9307 9253.34 9201.62 9148.78 9101.77 9041.08 8977.17 8903.64 8846.98 8805.52 8794.18 8852.98 9027.87 9220.75 9340 9402.35 9432.22 9438.51 9432.49 9415.23 9392.92 9364.91 9340.58 9329.31 9328.41 9324.43 9318.85 9314.25 9306.48 9298.47 9291.01 9283.12 9276.72 9270.39 9265.07 9261.09 9256.73
8667.15 8707.53 8745.41 8782.61 8836.95 8905.31 8963.83 9029.87 9095.63 9160.65 9220.93 9278.43 9329.95 9374.13 9408.43 9429.78 9418.26 9411.6 9406.36 9404.91 9411.91 9419.22 9429.73 9442.02 9455.72 9460.27 9450.24 9428.61 9398.71 9355.02 9301.98 9245.34 9184.82 9124.06 9061.23 8997.89 8932.18 8868.2 8821.47 8792.69 8791.08 8847.62 8981.7 9162.56 9290.8 9364.91 9407.19 9424.15 9425.25 9411.75 9392.7 9369.89 9344.7 9332.47 9332.04 9326.17 9323.32 9319.12 9310.38 9301.47 9292.05 9282.13 9272.85 9265.84 9263.37 9260.48 9258.66
