real_craters/C103-500m.grd
DSAA
136 136
-33.6525 33.6525
-33.6525 33.6525
8223.9945347092 9780.874587982
[rows 30 to 59 of 136, columns 67 to 133 of 136]
9285.65 9289.27 9290 9289.31 9287.56 9284.1 9280.38 9281.23 9283.39 9285.18 9285.31 9283.77 9283.13 9287.61 9282.79 9268.52 9243.86 9238.22 9260.01 9300.58 9307.82 9263.6 9224.68 9228.55 9217.72 9208.1 9196.03 9179.25 9161.16 9140.52 9120.17 9100.1 9082.48 9067.32 9060.23 9075.79 9084.99 9082.51 9073.03 9060.46 9045.72 9052.52 9047.12 9034.91 9029.76 9029.72 9033.99 9041.98 9049.91 9059.49 9068.7 9077.93 9086.69 9095.83 9103.63 9104.97 9114.23 9146.96 9240.61 9316.88 9348.21 9355.13 9355.07 9341.84 9323.07 9302.69 9281.51
9315.21 9312.61 9307.55 9302.3 9295.72 9288.04 9277.97 9276.76 9291.34 9293.61 9291.99 9286.7 9279.69 9274.9 9280.51 9279.44 9245.89 9224.87 9217.11 9249.53 9257.96 9234.65 9214.29 9221.21 9222.55 9205.71 9192.55 9172.59 9151.15 9129.78 9109.64 9090.37 9072.78 9058.29 9051.34 9081.16 9090.58 9084.01 9071.48 9055.89 9041.07 9041.49 9037.71 9028.88 9026.26 9031.43 9038.02 9044.78 9052.44 9059.54 9068.79 9077.38 9085.57 9094.83 9102.09 9106.24 9120.54 9148.81 9261.34 9353.25 9361.97 9364.17 9356.02 9327.45 9309.12 9288.8 9270.13
9327.86 9329.24 9323.49 9316.41 9308.21 9298.91 9289.55 9291.42 9304.43 9306.41 9304.15 9296.01 9280.85 9264.64 9273.69 9272.4 9258.15 9239.07 9232.54 9233.03 9242.31 9247.66 9210.64 9200.48 9213 9227.63 9185.93 9159.48 9137.46 9119.14 9099.77 9082.03 9066.37 9057.09 9067.9 9112.44 9098.79 9087.07 9073.77 9058.16 9043.09 9038.75 9032.27 9026.42 9026.94 9032.81 9038.24 9045.95 9050.79 9057.33 9065.12 9073.42 9084.83 9093.85 9101.02 9105.41 9117.34 9152.14 9254.5 9338.46 9364.95 9366.05 9361.35 9313 9291.14 9275.56 9259.37
9336.97 9340.05 9337.99 9331.2 9323.21 9315.23 9308.2 9311.32 9320.26 9322.78 9319.35 9313.34 9306.42 9297.59 9284.37 9277.15 9271.48 9245.45 9221.03 9222.83 9234.2 9205.2 9191.05 9179.99 9169.17 9165.9 9157.99 9143.37 9127.54 9110.66 9094.24 9078.46 9063.73 9055.33 9060.06 9086.81 9092.41 9085.93 9076.95 9065.64 9048.63 9026.56 9030.58 9031.63 9032.72 9035.96 9040.92 9046.01 9053.26 9059.13 9066.08 9073.98 9082.71 9092.98 9102.61 9107.23 9116.31 9160.17 9276.82 9342.11 9363.49 9366.05 9366.59 9315.67 9285.65 9265.61 9250.2
9354.36 9361.03 9353.31 9346.93 9340.26 9333.51 9328.31 9329.29 9342.07 9340.19 9333.99 9328.45 9325.75 9316.38 9305.43 9315.48 9284.66 9247.86 9218.89 9209.92 9207.11 9202.01 9180.45 9167.59 9150.46 9132.96 9134.73 9130.17 9118.41 9104.88 9089.97 9074.37 9060.42 9051.07 9050.96 9070.45 9082.96 9084.61 9084.05 9079.58 9068.1 9051.81 9048.15 9040.48 9042.3 9046.19 9050.71 9054.23 9059.53 9066.01 9071.21 9077.15 9083.47 9093.45 9107.12 9118.36 9134.16 9192.98 9283.47 9338.26 9350.03 9363.09 9347.95 9302.37 9274.94 9258.58 9242.94
9361.37 9365.57 9365.32 9361.63 9356.71 9352.15 9348.35 9354.48 9366.82 9355.91 9344.65 9336.52 9336.52 9323.21 9296.08 9284.31 9275.52 9246.69 9211.7 9193.81 9186.48 9182.04 9173.21 9164.13 9152.31 9136.97 9130.18 9125.26 9115.49 9103.63 9088.8 9074.95 9060.92 9048.62 9039.31 9057.21 9075.76 9086.57 9093.92 9100.16 9107.93 9106.19 9078.06 9061.34 9053 9051.31 9051.98 9054.19 9056.51 9063.84 9070.7 9080.35 9085.65 9094.66 9108.06 9134.49 9186.34 9248.9 9299.67 9339.8 9349.06 9338.45 9330.83 9294.45 9270.05 9252.82 9237.96
9367.02 9373.14 9377.3 9377.74 9374.81 9370.82 9367.41 9365.81 9371.93 9363.38 9348.95 9333.06 9317.25 9316.16 9309.74 9304.34 9284.74 9254.99 9220.41 9187.34 9179.85 9169.86 9167.34 9159.72 9150.2 9142.29 9134.61 9126.45 9116.94 9104.83 9092.26 9077.19 9063.35 9051.37 9043.2 9050.89 9071.54 9090.02 9105.56 9116.69 9122.76 9109.92 9095.22 9081.88 9063.15 9054.09 9050.7 9051.84 9055.56 9061.21 9069.7 9077.38 9086.04 9096.33 9109.47 9137.05 9197.39 9280.34 9310.17 9337.94 9338.85 9331.3 9318 9297.27 9267.47 9246.32 9232.2
9382.1 9386.35 9395.19 9395.26 9390.63 9385.96 9383.7 9382.73 9376.81 9368.44 9352.08 9333.55 9319.14 9322.43 9343.98 9328.62 9302.8 9273.5 9240.44 9208.24 9189.86 9174.56 9171.37 9163.94 9161.89 9155.2 9147.99 9136.84 9125.44 9112.16 9098 9084.93 9071.41 9060.06 9056.75 9060.94 9072.47 9096.52 9119.53 9135.12 9130.18 9125.22 9108.32 9075.42 9063.18 9054.62 9053.59 9051.66 9058.52 9066.77 9072.97 9080.33 9090.01 9100.15 9112.19 9128.16 9158.46 9231.62 9284.56 9324.18 9337.07 9327.97 9310.54 9278.62 9253.56 9238.37 9227.62
9404.65 9421.87 9418.05 9411.59 9405.51 9399.33 9395.63 9393.7 9384.83 9373.31 9355.86 9339.18 9329.38 9338.72 9346.5 9336.77 9322.66 9300.11 9272.72 9235.22 9220.06 9202.73 9183.04 9165.01 9153.94 9158.42 9159.09 9146.57 9133.15 9118.98 9104.23 9088.32 9074.21 9064.64 9061.7 9066.55 9072.63 9102.79 9134.78 9163.32 9190.61 9212.64 9128.57 9070.99 9062.92 9062.53 9067.3 9070.91 9077.96 9080.23 9085.39 9089.84 9097.8 9108.21 9120.49 9133.49 9153.96 9215.26 9275.87 9315.5 9325.78 9319.39 9295.4 9247.58 9236.08 9228.85 9223.25
9422.23 9433.54 9432.02 9423.98 9413.2 9406.78 9402.88 9400.68 9400.15 9380.25 9356.64 9338.78 9335.19 9345.68 9362.53 9359.2 9342.64 9326.99 9309.72 9274.94 9241.68 9227.41 9194.39 9164.86 9142.52 9142.97 9149.41 9149.8 9138.78 9123.42 9107.34 9090.72 9076.7 9064.85 9056.23 9050.3 9069.43 9106.85 9147.38 9186.16 9212.87 9206.12 9124.45 9075.7 9070.96 9075.28 9082.35 9086.32 9091.44 9095.47 9098.04 9103.31 9108.69 9118.92 9133.09 9150.95 9167.95 9217.71 9270.3 9312.26 9314.72 9307.58 9281.5 9232.72 9224.66 9221.05 9218.24
9435.3 9444.54 9443.14 9431.6 9420.83 9411.47 9402.83 9398.01 9398.8 9376.12 9352.81 9335.18 9325.9 9343.86 9354.54 9361.79 9357.56 9348.41 9337.82 9313.28 9289.08 9241.92 9203.97 9168.47 9137.84 9135.62 9158.73 9156.76 9142.6 9126.07 9109.9 9095.1 9080.62 9066.58 9052.45 9039.41 9066.92 9106.99 9151.51 9192.72 9210.84 9143.64 9097.62 9084.89 9085.41 9087.62 9087.55 9090.9 9093.64 9097.19 9100.51 9105.44 9109.98 9120.86 9134.76 9144.38 9161.86 9218.72 9269.86 9302.32 9306.29 9286.06 9250.66 9230.59 9221.24 9216.01 9212.98
9447.77 9454.87 9449.15 9436.75 9425.36 9413.27 9400.19 9382.86 9362.24 9352.05 9345.2 9340.16 9341.29 9357.89 9371.29 9376.8 9371.69 9366.22 9359.09 9352.44 9330.73 9257.85 9216.79 9178.73 9147.4 9136.02 9173.63 9159.63 9142.37 9127.98 9112.62 9098.73 9084.11 9069.59 9055.43 9044.16 9062.02 9102.63 9146.67 9185.12 9202.15 9113.62 9089.03 9104.7 9101.6 9096.57 9092.32 9098.26 9099.83 9100.35 9104.84 9107.06 9111.52 9118.66 9124.85 9133.76 9158.45 9242.79 9287 9301.71 9297.7 9266.68 9234.48 9227.92 9222.06 9215.07 9210.52
9458.93 9450.23 9440.88 9438.7 9431.42 9419.81 9402.9 9377.82 9351.83 9339.35 9342.69 9343.13 9350.61 9373.97 9394.13 9387.63 9382.48 9377.12 9372.98 9365.1 9351.82 9296.38 9238.51 9193.35 9159.8 9142.27 9143.31 9142.02 9134.15 9123.55 9111.8 9100.64 9088.19 9076.3 9065.1 9053.44 9057.09 9100.97 9137.85 9168.98 9172.62 9102.38 9136.03 9149.21 9134.17 9121.89 9112.98 9110.42 9106.21 9095.8 9093.27 9093.05 9096.85 9102.82 9110.69 9121.4 9157.02 9247.78 9278.64 9293.24 9279.71 9254.62 9236.63 9230.71 9221.59 9213.87 9208.32
9480.28 9459.89 9443.5 9448.49 9446.04 9435.9 9414.39 9387.29 9359.58 9353.19 9355.1 9357.75 9364.51 9369.95 9368.47 9389.4 9389.11 9384.3 9380.09 9380.86 9365.56 9305.19 9252.12 9208 9167.02 9139.8 9130 9125.33 9124.49 9119.09 9110.74 9101.72 9093.84 9084.97 9078.87 9078.4 9092.93 9105.23 9127.98 9146.17 9144.42 9111.67 9150.9 9166.43 9151.47 9138.18 9126.25 9119.01 9117.98 9111.22 9105.05 9099.78 9095.65 9092.01 9092.48 9102.94 9113.15 9158.23 9207.62 9232.58 9245.35 9235.1 9228.17 9219.46 9213.72 9210.13 9206
9516.34 9496.66 9482.8 9476.01 9473.52 9458.88 9434.97 9408.07 9379.75 9374.79 9369.63 9371.73 9388.63 9418.52 9424.31 9409.28 9396.97 9386.71 9379 9374.89 9359.14 9314.56 9272.37 9229.38 9181.33 9142.93 9118.91 9119.57 9121.66 9120.11 9114.72 9110.65 9105 9097.46 9092.34 9090.42 9092.56 9103.15 9117.29 9126.31 9127.47 9136.89 9150 9158.52 9154.93 9144.01 9138.16 9128.97 9116.3 9111.87 9109.08 9098.37 9084.72 9074.34 9068.17 9074.09 9084.54 9117.69 9174.93 9209.21 9225.57 9221.05 9213.07 9210.54 9208.99 9207.67 9205.47
9565.19 9544.8 9510.98 9521.02 9510.12 9490.56 9462.51 9435.04 9399.03 9382.6 9376.63 9384.04 9401.56 9425.6 9441.91 9423.2 9403.71 9386.33 9371.03 9360.53 9352.5 9343.72 9316.67 9257.91 9195.87 9148.57 9139.73 9131.8 9127.14 9125.64 9126.2 9121.17 9113.18 9106.71 9100.78 9095.84 9094.4 9099.84 9109.58 9116.5 9120.42 9126.93 9149.15 9153.9 9148.09 9136.03 9127.14 9119.76 9112.32 9101.44 9098.13 9089.05 9073.91 9059.09 9043.52 9045.08 9105.43 9134.47 9192.27 9227.72 9231.52 9221.74 9215.68 9211.39 9210.39 9207.87 9206.15
9615.93 9607.91 9589.8 9585.43 9564.06 9533.81 9502.08 9468.32 9432.69 9384.26 9381.64 9399.4 9415.87 9429.36 9434.75 9427.93 9406 9380.39 9357.1 9337.82 9335.87 9360.19 9349.83 9284.81 9210.98 9141.9 9135.83 9135.7 9136.27 9138.25 9133.82 9130.4 9124.34 9117.33 9109.68 9102.4 9094.91 9100.7 9105.9 9110.7 9110.79 9107.5 9131.74 9137.54 9134.11 9131.73 9126.23 9120.56 9112.31 9104.56 9095.09 9083.45 9073.85 9061.46 9063.29 9108.62 9139.24 9201.2 9216.29 9244.39 9247.69 9244.18 9226.64 9220.23 9214.56 9208.84 9205.92
9660.11 9669.63 9693.28 9663.43 9612.29 9569.61 9533.62 9501.61 9476.73 9435.32 9402.45 9386.99 9416.15 9462.88 9461.67 9433.05 9406.37 9377.73 9351.28 9330.28 9338.64 9366.21 9364.25 9309 9240.67 9172.9 9138.08 9140.87 9151.14 9156.36 9155.71 9151.15 9142.77 9134.83 9124 9114.66 9108.84 9109.95 9105.19 9101.74 9104.77 9104.75 9107.25 9115.82 9118.06 9125.54 9125.32 9119.63 9114.36 9101.93 9092.8 9086.68 9078.37 9077.05 9088.27 9137.11 9184.34 9216.02 9226.08 9232.07 9252.65 9262.23 9240.09 9228.98 9215.7 9207.59 9204.97
9671.43 9687.64 9702.55 9674.7 9628.09 9586.62 9557.44 9537.14 9514.35 9484.45 9449.78 9417.96 9421.53 9444.49 9450.61 9429.84 9403.14 9376.56 9356.46 9352.22 9378.74 9383.81 9372.65 9330.68 9283.17 9235.26 9181.74 9171.82 9188.69 9190.06 9183.53 9173.77 9161.54 9151.9 9139.59 9128.29 9120.27 9116.26 9107.58 9104.38 9115.08 9118.81 9110.28 9106.98 9111.51 9117.17 9115.83 9113.93 9111.6 9107.81 9103.2 9098.82 9094.61 9095.32 9108.74 9166.32 9200.45 9222.14 9239.38 9239.91 9245.8 9254.04 9248.19 9229 9212.81 9205.85 9206.23
9637.45 9656.81 9661.61 9656.46 9619.28 9581.29 9559.16 9548.06 9547.61 9530.34 9502.59 9452.72 9438.38 9441.54 9441.41 9426.59 9402.27 9379.12 9363.1 9368.84 9386.92 9387.99 9368.55 9348.05 9327.06 9320.26 9314.6 9279.21 9249.25 9231.69 9215.82 9199.4 9187.44 9172.99 9158.02 9142.67 9129.48 9133.18 9113.26 9102.28 9140.31 9181 9137.29 9108.65 9119.72 9128.76 9130.16 9133.8 9132.62 9123.54 9120.44 9117.72 9125.39 9120.52 9118.9 9127.63 9165.83 9206.73 9245.65 9242.52 9238.49 9239.12 9251.89 9249.79 9220.2 9205.54 9208.94
9567.92 9588.63 9630.29 9636.24 9567.17 9534.68 9528.2 9536.95 9563.91 9569.46 9541.94 9499.95 9461.77 9450.33 9448.15 9435.44 9412.08 9384.37 9362.95 9379.87 9390.37 9392.07 9370.9 9360.83 9355.14 9352.01 9348.32 9331.47 9300.49 9269.93 9246.58 9225.26 9209.57 9193.44 9176.79 9160.99 9145.66 9145.73 9128.85 9113.84 9169.38 9219.69 9169.18 9130.21 9144.13 9148.11 9153 9153.98 9158.45 9157.99 9154.25 9149.11 9145.58 9143.68 9142.43 9149.98 9170.87 9215.1 9249.85 9246.22 9240.58 9234.52 9258.18 9280.14 9234.12 9206.25 9211.89
9465.73 9462.37 9468.68 9460.08 9442.97 9441.48 9456.7 9493.09 9553.81 9603.39 9607.32 9570.2 9508.82 9460.62 9481.3 9468.28 9435.87 9396.38 9362.08 9362.74 9386.19 9396.56 9382.25 9379.37 9374.54 9362.99 9352.61 9354.76 9329.52 9296.3 9269.81 9247.98 9228.57 9213.27 9199.69 9187.55 9175.51 9170.05 9168.08 9168.62 9200.25 9230.28 9214.26 9193.62 9185.71 9181.97 9179.31 9176.69 9176.17 9173.48 9175.61 9173.78 9173.62 9172.83 9173.01 9184.02 9196.39 9226.75 9243.53 9250.47 9247.58 9239.26 9268.53 9299.18 9252.45 9210.21 9216.73
9318.88 9302.02 9280.35 9258.09 9291.22 9320.39 9359.54 9414.74 9488.45 9585.2 9638.3 9642.64 9636.71 9613.82 9566.68 9512.39 9462.2 9417.29 9384.89 9368.73 9388.73 9405.74 9417.02 9413.19 9394.23 9375.3 9358.73 9355.48 9334.09 9311.91 9290.99 9269.32 9252.06 9237.01 9223.92 9215.03 9211.06 9215.74 9208.61 9207.82 9222.75 9242.55 9250.28 9246.05 9227.63 9214.17 9205.03 9198.69 9197.43 9195.29 9194.08 9194.16 9196.26 9198.42 9203.32 9208.21 9212.76 9231.25 9247.25 9254.03 9252.36 9249.96 9276.04 9300.98 9265.1 9218.65 9223.85
9158.86 9140.45 9125.4 9123.87 9150.17 9187.24 9234.11 9291.27 9360.39 9444.55 9535.56 9590.74 9731.11 9760.17 9621.32 9535.81 9479.38 9437.67 9392.21 9384.7 9400.91 9422.31 9432.32 9429.54 9406.17 9386.03 9372.48 9355.35 9334.76 9323.02 9308.9 9292.65 9276.73 9262.17 9250.21 9242.01 9237.62 9236.32 9223.91 9219.95 9242.54 9256.81 9273.25 9271.88 9258.45 9243.53 9231.93 9223.48 9217.5 9212.71 9211.5 9212.55 9215.68 9220.88 9227.55 9225.93 9226.26 9243.47 9254.85 9256.32 9252.67 9252.08 9278.54 9305.93 9291.59 9245.42 9235.67
8988.54 8979.68 8976.9 8991.33 9012 9046.58 9086.53 9132.72 9183.99 9218.42 9259.34 9379.61 9528.77 9600.66 9542.06 9503.39 9480.92 9461.71 9433.39 9402.62 9404.04 9390.54 9415.66 9423.39 9406.05 9392.21 9378.68 9371.27 9349.04 9334.12 9320.32 9307.3 9295.42 9284.76 9274.91 9266.37 9260.3 9253.27 9233.76 9237.93 9278.24 9307.03 9300.77 9294.58 9280.22 9264.03 9251.17 9240.99 9234.18 9229.48 9228.96 9229.1 9232.05 9237.93 9242.16 9241.93 9244.45 9254.5 9257.1 9255.18 9252.12 9247.9 9275.48 9303.62 9304.11 9273.35 9250.79
8803 8826.83 8830.87 8841.81 8871.08 8900.38 8936.37 8975.18 8997.28 9024.08 9056.62 9154.92 9298.71 9340.1 9398.07 9430.26 9454.99 9473.91 9501.65 9467.35 9454.11 9428.37 9414.15 9402.18 9401.32 9395.15 9391.79 9391.59 9360.93 9344.77 9332.09 9320.29 9310.56 9300.47 9292.37 9286.62 9279.5 9266.49 9249.36 9263.53 9302.53 9323.87 9318.33 9307.34 9294.16 9279.31 9266.09 9255.92 9249.47 9246.17 9243.42 9242.78 9244.94 9249.75 9257.23 9259.57 9260.18 9259.69 9250.46 9249.52 9246.62 9244.47 9269.13 9293.59 9302.01 9296.07 9259.91
8644.82 8676.45 8690.97 8727.13 8739.27 8751.72 8784.17 8813.86 8843.65 8870.93 8916.84 8991 9093.48 9145.94 9256.17 9353.66 9428.34 9475.8 9458.12 9483.42 9522.68 9539.36 9463.24 9425.69 9405.71 9394.52 9388.48 9384.76 9370.52 9354.83 9343.75 9334.18 9326.12 9317.81 9310.89 9304.97 9298.44 9292.06 9283.07 9292.46 9315.8 9328.47 9324.16 9315.39 9301.71 9286.44 9274.88 9267.25 9260.54 9255.19 9253.44 9252.52 9252.6 9255.29 9265.52 9269.82 9268.86 9265.3 9247.89 9244.89 9238.05 9240.94 9263.55 9284.6 9295.45 9265.87 9255.06
8513.93 8536.86 8540.74 8540.44 8552.41 8595.61 8640.05 8680.62 8708.99 8744.3 8787.21 8890.73 8970.04 9013.13 9143.24 9280.77 9398.92 9504.75 9538.19 9515.33 9560.98 9583.13 9495.62 9442.75 9411.67 9392.37 9378.58 9380.6 9375.97 9362.79 9354.38 9346.6 9340.89 9334.9 9328.5 9322.03 9317.91 9314.4 9310.39 9315.48 9325.97 9330.33 9323.32 9308.88 9294.82 9285.97 9277.84 9270.8 9266.59 9262.74 9258.57 9257.34 9256.73 9258.77 9269.95 9273.39 9275.73 9273.51 9256.32 9247.39 9238.76 9242.65 9261.03 9278.13 9280.19 9252.25 9245.92
8411.34 8424.31 8416.21 8391.26 8398.63 8462.18 8516.37 8560.94 8598.26 8636.33 8726 8787.95 8837.88 8905.32 9058.26 9227.83 9378.28 9495.57 9516.95 9536.67 9578.79 9589.19 9491.73 9438.16 9408.13 9389.85 9378.65 9375.55 9371.46 9368.32 9364.93 9358.47 9351.79 9345.83 9340.9 9335.83 9331.07 9325.89 9326.58 9330.85 9342.87 9336.18 9320.97 9300.46 9287.1 9282.11 9276.8 9272.09 9268.23 9264.82 9262.35 9261.69 9261.78 9263.83 9274.69 9278.27 9280.69 9276.91 9263.23 9253.52 9244.41 9248.07 9262.95 9278.86 9288.73 9275.26 9251.49
8338.8 8344.11 8335.19 8322.74 8330.14 8376.87 8422.58 8464.91 8504.87 8546.16 8618.81 8700.26 8714.55 8818.17 8997.78 9184.68 9367.69 9512.49 9516.4 9549.98 9580.75 9576.88 9465.01 9420.78 9399.85 9387.18 9381.69 9380.63 9376.26 9376.14 9371.69 9365.66 9359.38 9353.22 9348.21 9345.6 9342.13 9336.54 9325.22 9337.94 9344.79 9337.9 9320.21 9301.11 9289.18 9280.38 9276.12 9272.95 9270.34 9267.74 9265.68 9265.42 9266.22 9267.97 9274.72 9284.34 9285.6 9279.41 9269.78 9260.9 9248.6 9253.15 9268.1 9284.67 9296.38 9306.29 9284.87
