real_craters/C103-500m.grd
DSAA
136 136
-33.6525 33.6525
-33.6525 33.6525
8223.9945347092 9780.874587982
[rows 0 to 29 of 136, columns 67 to 133 of 136]
9138.78 9137.22 9134.02 9133.57 9138.16 9142.16 9144.35 9146.48 9148.68 9151.13 9152.41 9152.02 9148.66 9139.94 9133.64 9132.68 9132.24 9128.31 9125.84 9125.08 9114.58 9099.09 9089.08 9101.27 9122.33 9148.81 9167.62 9166.16 9162.54 9160.38 9163.3 9179.03 9185.79 9189.22 9191.76 9196.59 9198.06 9192.79 9184.31 9173.69 9163.36 9151.57 9141.54 9131.3 9125.99 9123.99 9130.75 9138.96 9137.83 9131.7 9127.47 9129.71 9132.93 9136.37 9139.5 9142.22 9144.21 9149.01 9154.25 9153.04 9156.34 9157.15 9206.94 9225.86 9202.3 9147.52 9125.08
9147.04 9146.52 9143.87 9140.78 9154.05 9156.82 9156.47 9157.12 9159.01 9161.52 9164.41 9167.26 9168.89 9166.68 9150.46 9139.04 9139.68 9136.81 9135.79 9133.97 9112.15 9099.2 9093.05 9101.77 9121.03 9149.36 9164.01 9165.79 9164.29 9163.39 9168.09 9184.62 9190.81 9196.37 9201.16 9208.14 9211.11 9206.15 9196.16 9185.19 9172.85 9160.27 9149.07 9138.57 9132.53 9130.96 9138.72 9148.69 9148.18 9143.39 9139.47 9142.67 9146.54 9150.98 9155.26 9160.2 9165.77 9166.87 9161.89 9169.88 9188 9208.34 9214.13 9200.24 9167.93 9114.5 9091.14
9153.27 9156.75 9161.45 9167.93 9177.16 9169.53 9165.59 9165.11 9167.23 9171.13 9176.25 9181.68 9188.4 9196.66 9181 9149.14 9143.44 9146.09 9142.19 9136.76 9096.93 9076.6 9082.4 9097.94 9118.54 9147.45 9163.67 9166.02 9165.99 9165.56 9168.27 9179.46 9194.27 9202.65 9209.18 9214.86 9220.05 9216.35 9206.87 9194.65 9182.78 9171.46 9159.23 9148.16 9139.42 9137.95 9146.73 9154.15 9157.16 9156.29 9154.65 9157.29 9160.59 9165.02 9170.85 9177.84 9186.89 9191.91 9181.09 9172.98 9177.19 9185.19 9167.51 9139.5 9111.66 9095.44 9079.04
9156.25 9164.28 9177.24 9194.64 9184.3 9172.91 9169.73 9170.7 9174.17 9178.97 9184.96 9191.19 9199.07 9205.36 9192.55 9164.14 9161.8 9162.45 9153.8 9147.82 9087.76 9067.79 9076.75 9097.15 9122.38 9154.22 9167.86 9168.62 9168.33 9167.51 9169.99 9186.53 9199.32 9208.14 9215.59 9223.33 9226.79 9224.76 9216.37 9205.87 9195.37 9183.34 9170.57 9157.57 9146.82 9147.36 9157.96 9167.47 9169.58 9169.67 9169.78 9170.68 9173.63 9177.5 9182.31 9188.61 9197.21 9210.26 9172.67 9165.15 9157.58 9166.13 9149.97 9107.66 9081.56 9089.32 9096.62
9156.1 9165.11 9177.33 9187.66 9165.89 9164.02 9167.58 9172.12 9177.11 9183.23 9189.98 9196.95 9203.18 9205.47 9198.36 9175.37 9169.45 9171.46 9178.62 9186.2 9124.12 9074.2 9078.83 9102.15 9131.91 9164.43 9175.68 9172.45 9171.08 9169.48 9170.36 9187.31 9202.91 9211.61 9219.78 9228.05 9233.77 9233.8 9226.79 9217.46 9206.6 9194.29 9181.83 9167.68 9154.73 9155.64 9171.24 9184.08 9182.17 9180.52 9179.85 9181.9 9185.03 9187.74 9190.62 9193.85 9193.67 9180.26 9171.41 9167.83 9161.65 9156.7 9153.52 9099.15 9077 9104.6 9146.08
9152.01 9159.62 9165.07 9163.29 9150.19 9156.87 9165.19 9172.63 9180.01 9187.39 9193.58 9201.12 9204.86 9204.78 9195.14 9192.66 9178.48 9164.17 9155.66 9145.37 9108.91 9070.75 9085.88 9114.55 9144.31 9178.64 9183.63 9177.67 9174.99 9172.63 9172.71 9187.95 9202.56 9213.06 9222.57 9231.33 9238.34 9239.89 9232.63 9225.12 9215.87 9206.06 9195.06 9183.44 9170.18 9169.75 9180.48 9189.05 9188.23 9188.52 9191.02 9194.7 9195.09 9195.63 9197.48 9198.85 9197.64 9192.61 9190.28 9184.34 9168.96 9152.15 9126.91 9091.94 9079.95 9123.41 9179.27
9146.32 9153.81 9157.08 9154.56 9152.13 9157.37 9163.65 9171.06 9179.3 9186.61 9192.21 9199.57 9203.6 9204.1 9203.79 9192.23 9174.36 9165.07 9171.37 9159.06 9132.5 9086.47 9110.76 9138.07 9161.84 9185.3 9188.44 9183.8 9177.2 9175.06 9176.12 9182.63 9198.4 9213.16 9223.53 9232.57 9237.13 9236.17 9236.45 9231.63 9224.45 9216.01 9208.43 9200.63 9191.39 9184.95 9182.84 9183.39 9184.96 9190.41 9201.19 9206.68 9201.48 9201.05 9201.54 9203.49 9205.12 9208.35 9205.85 9195.97 9180.26 9168.13 9153.28 9105.97 9086.71 9135.72 9188.41
9143.3 9149.74 9154.18 9155.86 9159.03 9160.54 9164.66 9171.73 9179.35 9186.41 9192.97 9199.09 9202.64 9203.64 9200.13 9177.11 9167.17 9158.98 9146.09 9141.3 9115.94 9127.16 9160.44 9170.28 9181.2 9192.17 9189.6 9184.22 9179.09 9175.62 9177.93 9184.73 9199.11 9213.58 9224.05 9232.88 9239.52 9241.16 9242.32 9236.2 9227.71 9220.21 9215.86 9215.13 9211.86 9194.06 9177.85 9170.84 9173.53 9181.62 9191.43 9197.2 9200.05 9202.61 9204.83 9206.42 9207.69 9210.05 9204.01 9190.58 9171 9169.48 9166.48 9140.26 9100.14 9148.15 9194.04
9143.97 9149.78 9154.5 9158.73 9163.08 9159.22 9164.93 9172.31 9180.05 9188.06 9194.88 9202.25 9206.05 9207.56 9202.52 9185.34 9174.3 9159.87 9137.77 9137.99 9137.43 9175.11 9188.46 9203.53 9201.92 9199.63 9191.61 9183.1 9173.99 9171.91 9175.28 9187.5 9198.24 9211.85 9222.86 9232.64 9243.61 9251.08 9248.92 9238.5 9226.06 9215.64 9212.31 9216.89 9226.5 9186.07 9156.43 9148.9 9155.33 9167.53 9177.97 9185.77 9194.24 9199.95 9203.25 9205.23 9206.1 9205.98 9199.09 9185.62 9174.21 9178.67 9182.36 9167.25 9122.79 9162.07 9201.12
9148.01 9153.04 9157.69 9161.79 9157.05 9158.93 9167.78 9177.09 9184.81 9191.56 9200.65 9207.36 9212.58 9216.84 9216.42 9210.81 9190.72 9166.79 9160.95 9163.28 9179.53 9208.5 9228.9 9230.29 9237.64 9207.63 9190.57 9176.55 9165.59 9159.37 9159.22 9170.54 9195.19 9204.08 9214.82 9226.48 9242.33 9256.28 9251.11 9231.45 9213.03 9199.79 9191.9 9190.25 9188.18 9150.95 9109.57 9115.46 9136.67 9155.36 9170.42 9181.71 9191.95 9198.3 9201.48 9203.52 9204.22 9201.49 9195.85 9192.06 9182.75 9184.3 9188.19 9167.81 9140.61 9168.54 9200.26
9153.61 9158.25 9162.57 9168.08 9173.91 9171.65 9176.73 9186.22 9196.46 9210.17 9211.98 9218.66 9223.42 9227.38 9232.19 9230.83 9211.48 9198.65 9207.64 9194.65 9195.61 9234.87 9248.58 9238.3 9210.71 9202.38 9183.2 9166.81 9153.52 9142.92 9134.39 9129.45 9174.28 9182.69 9193.58 9207.46 9226 9254.84 9240.24 9208.78 9189.23 9174.44 9162.4 9146.12 9126.66 9116.57 9096.97 9105.55 9128.15 9150.33 9169.95 9185.67 9194.6 9197.34 9199.08 9202.06 9201.65 9200.1 9198.36 9201.85 9199.36 9195.91 9192.44 9175.24 9163.14 9179.94 9196.98
9161.36 9164.47 9167.6 9171.99 9177.91 9177.08 9182.53 9192 9202.07 9216.31 9226.54 9234.16 9242.59 9242.3 9241.35 9239.22 9220.98 9215.5 9190.9 9199.76 9210.69 9244.94 9265.46 9244.1 9216.42 9191.53 9171.48 9155.53 9143.44 9130.71 9115.43 9102.21 9123.16 9146.41 9161.99 9174.11 9183.54 9187.35 9177.31 9167.05 9155.66 9144.36 9132.99 9120 9107.24 9104.83 9099.48 9109.97 9125.74 9146.77 9169.6 9194.34 9196.84 9193.61 9194.05 9197.02 9201.05 9203.07 9205.63 9205.44 9205.2 9195.55 9195.57 9184.99 9177.86 9185.27 9226.76
9167.48 9169.97 9171.38 9171.59 9167.92 9174.37 9187.74 9199.29 9208.68 9217.79 9230.78 9241.18 9250.68 9258.44 9252.48 9232.62 9223.73 9213.29 9196.95 9218.8 9226.63 9214.21 9197.88 9188.95 9185.24 9170.76 9159.84 9150.19 9137.7 9123.49 9107.08 9094.17 9094.88 9113.74 9132.15 9142.17 9142.97 9126.62 9118.02 9124.48 9121.68 9113.69 9108.37 9112.85 9111.45 9108.25 9112.05 9115.89 9124.69 9138.7 9156.85 9180.03 9180.73 9178.44 9182.84 9190.07 9199.27 9206.7 9214.46 9214.35 9214.25 9214.05 9210.39 9200.18 9185 9181.46 9206.1
9174.63 9176.96 9178.54 9178.3 9175.25 9182.34 9197.68 9211.75 9221.99 9230.99 9243 9257.95 9278.03 9291.22 9285.71 9261.66 9256.39 9248.76 9251.56 9253.21 9263.97 9274.26 9221.64 9161.88 9152.67 9157.43 9153.73 9141.74 9131.13 9116.12 9101.6 9092.68 9088.04 9095.49 9112.53 9120.87 9117.55 9104.02 9095.48 9099.97 9096.32 9084.21 9070.88 9085.73 9096.59 9099.88 9113.76 9117.92 9122.5 9125.77 9131.29 9135.99 9140.53 9154.41 9169.25 9183.66 9198.76 9211.79 9220.2 9219.31 9222.91 9227.81 9225.65 9204.74 9188.81 9181.98 9204.99
9181.98 9184.23 9186.78 9190.52 9197.5 9210.94 9216.56 9222.21 9226.81 9235.09 9244.93 9261.65 9283.88 9313.17 9357.85 9377.67 9335.02 9358.23 9333.8 9250.52 9261.43 9341.56 9307.12 9234.4 9174.84 9165.26 9151.28 9132.57 9120.67 9110.64 9101.1 9093.37 9086.52 9091.62 9106.29 9110.35 9108.81 9103.38 9098.25 9091.96 9083.02 9064.06 9029.26 8968.47 9012.91 9079.39 9109.72 9115.48 9116.37 9111.81 9107.99 9099.97 9104.87 9132.31 9157.16 9180.29 9200.32 9218.39 9230.61 9231.24 9232.37 9236.94 9234.2 9215.01 9197.17 9193.08 9215.91
9187.62 9189.86 9193.94 9201.39 9214.8 9230.6 9226.05 9226.57 9225.85 9227.47 9234.06 9243.22 9261.87 9294.17 9347.04 9326.61 9249.19 9238.33 9152.67 9126.63 9131.48 9150.85 9224.66 9334.19 9243.97 9181.79 9150.34 9136.86 9125.23 9111.08 9105.43 9102.18 9095.14 9102.82 9114.24 9117.2 9113.5 9107.7 9104.57 9093.63 9081.68 9067.39 9046.42 9005.82 9033.14 9084.95 9109.36 9110.25 9103.99 9099.65 9094.62 9089.85 9095.22 9122.76 9151.25 9178.8 9204.75 9225.42 9240.6 9242.24 9241.47 9246.07 9243.79 9224.88 9206.71 9202.19 9222.84
9189.72 9191.89 9196.78 9203.86 9211.77 9220.78 9225.35 9224.66 9219.75 9213.11 9206.1 9201.42 9201.3 9205.77 9205 9110.85 8974.91 8971.37 8927.34 8960.07 8966.3 8942.4 9009.5 9141.17 9183 9155.36 9136.37 9127.33 9119.28 9115.97 9115.22 9117.56 9130.09 9136.29 9131.48 9124.67 9116.6 9109.04 9103.95 9094.45 9086.62 9084.59 9095.64 9149.18 9100.34 9095.08 9101.56 9101.88 9094.86 9091.54 9088.44 9089.39 9095.43 9121.09 9149.28 9178.82 9208.18 9234.99 9253.18 9257.34 9252.13 9254.44 9253.21 9234.98 9219.76 9214.01 9228.09
9189.45 9194.15 9199.85 9205.87 9209.38 9213.92 9220.1 9219 9209.87 9194.3 9174.13 9149.63 9127.02 9088.06 9022 8918.18 8819.11 8815.25 8813.34 8859.29 8873.43 8871.04 8909.67 9000.77 9077.35 9096.9 9102.03 9102.82 9103.2 9103.73 9112.09 9125.06 9144.06 9160.9 9143.24 9128.17 9117.66 9107.86 9098.12 9091.84 9089.22 9091.97 9102.44 9110.21 9102.89 9088.71 9088.81 9092.25 9086.7 9087.64 9087.08 9091.41 9104.27 9122.01 9148.37 9178.87 9209.62 9241.04 9266.36 9265.66 9258.97 9260.29 9260.6 9251.91 9241.2 9225.34 9238.23
9187.16 9196.28 9203.43 9208.23 9211.14 9210.48 9218.95 9219.4 9205.89 9181.94 9150.88 9109.21 9057.9 8988.01 8898.7 8825.07 8788.7 8793.9 8827.84 8844.09 8855.85 8877.59 8916.05 8957.18 9013.74 9050.82 9069.89 9076.85 9089.85 9094.85 9109.15 9123.79 9137.92 9159.37 9145.26 9128.81 9114 9102.78 9092.59 9087.31 9087.97 9090.76 9093.65 9093.42 9089.97 9082 9082.11 9082.24 9082.83 9081.64 9083.61 9088.55 9097.27 9120.27 9149.44 9180.61 9212.06 9242.33 9273.39 9273.75 9269.37 9268.07 9267.73 9269.51 9272.95 9264.33 9263
9189.66 9201.18 9209.53 9216.53 9223.94 9231.76 9245.49 9231.73 9203.13 9167.33 9123.67 9068.06 8997.16 8914.88 8836.62 8779.16 8761.09 8776.53 8818.23 8834.33 8846.68 8874.04 8904.87 8928.48 8953.82 8977.01 9013.71 9038.56 9061.83 9092.05 9108.33 9123.47 9131.19 9146.68 9136.74 9125.18 9112.42 9098.54 9087.54 9082.84 9086.18 9089.25 9088.26 9084.84 9081.36 9075.6 9076.1 9074.42 9073.02 9074.5 9077.27 9084.62 9096.98 9119.8 9148.89 9179.03 9209.73 9236.74 9259.51 9281.57 9282.68 9278.02 9278.38 9283.03 9287.65 9290.68 9285.66
9199.25 9205.62 9214.5 9225.29 9239.23 9264.35 9284.6 9247.96 9206.53 9163.3 9110.97 9040.84 8965.91 8878.79 8808.91 8743.73 8707.24 8718.5 8757.2 8791.9 8816.83 8837.94 8855.37 8874.5 8903.69 8945.39 8985.64 9027.95 9056.35 9087.38 9107.92 9126.39 9130.82 9125.85 9127.21 9121.09 9109.94 9096.73 9085.49 9081.43 9086.87 9092.73 9091.8 9085.44 9080.35 9076.2 9068.53 9064.5 9064.9 9070.96 9077.87 9087.13 9102.38 9124.77 9151.65 9181 9210.48 9234.99 9249.31 9285.84 9290.13 9285.23 9285.84 9291.18 9294.49 9297.01 9291.99
9209.83 9212.48 9218.88 9229.97 9242.08 9259 9275.24 9244.42 9207.47 9164.3 9112.15 9044.73 8962.3 8866.68 8777.88 8717.27 8680.44 8675.38 8712.2 8750.71 8776.9 8799.31 8824.08 8819.1 8875.67 8943.31 9004.38 9055.71 9086.23 9105.88 9122.97 9134.17 9142.81 9142.82 9129.4 9120.93 9109.69 9097.03 9083.93 9077.41 9090.66 9102.27 9109.25 9099.04 9080.05 9067.36 9062.3 9060.62 9061.77 9067.87 9076.81 9088.49 9107.38 9130.27 9154.42 9184.46 9215.07 9247.64 9285.59 9292.23 9295.05 9298.64 9301.17 9295.79 9289.66 9286.94 9286.56
9214.01 9215.76 9220.47 9227.49 9235.39 9238.98 9231.72 9230.62 9209.17 9172.86 9130.82 9072.09 8997.09 8893.52 8782.67 8720.08 8671.35 8656.49 8684.33 8717.43 8745.71 8762.07 8764.81 8796.2 8898.74 8984.91 9044.59 9079.97 9108.04 9121.17 9124.86 9135.97 9147.09 9150.87 9135.67 9123.43 9111.15 9099.89 9090.92 9089.19 9099.05 9111.79 9122.29 9106.31 9076.42 9057.83 9053.23 9053.8 9056.81 9062.74 9072.24 9084.95 9101.46 9123.61 9152.85 9187.05 9219.6 9249.58 9284.45 9307.58 9307.2 9307.83 9310.11 9302.54 9285.15 9275.69 9280.58
9211.76 9215.82 9221.98 9228.44 9235.16 9238.53 9241.78 9234.78 9216.21 9192.27 9160.02 9123.55 9065.98 8981.78 8872.53 8772.68 8682.94 8670.58 8680.68 8708.29 8740.83 8759.13 8766.95 8836.92 8969.62 9056.8 9090.77 9109.27 9121.04 9128.66 9134.89 9138.29 9142.03 9146.05 9138.38 9123.29 9111.49 9102.9 9098.14 9101 9103.36 9112.94 9120.88 9100.86 9069 9050.38 9046.27 9046.95 9052.06 9059.75 9068.94 9079.78 9093.62 9113.18 9149.81 9188.82 9227.7 9262.44 9292.09 9310.22 9314.31 9319.3 9316.46 9318.19 9313.14 9294.56 9281.95
9208.57 9215.72 9223.8 9232.57 9240.45 9247.6 9251.42 9245.89 9231.12 9215.74 9196.81 9177.53 9155.61 9121.93 9035.76 8894.93 8773.93 8718.86 8714.25 8737.72 8789.25 8837.53 8908.49 8999.25 9122.4 9159.22 9158.27 9150.98 9146.86 9142.84 9141.26 9137.45 9132.76 9128.72 9126.85 9119.02 9110.24 9102.91 9097.03 9089.14 9095.73 9103.45 9106.42 9083.23 9054.85 9041.23 9039.77 9043.29 9047.44 9056.68 9066.62 9079.45 9095.66 9116.97 9149.71 9186.84 9230.52 9276.65 9297.59 9312.44 9329.03 9328.85 9327.33 9332.86 9320.53 9298.68 9283.8
9209.54 9217.31 9227.93 9238.61 9247.63 9256.38 9262.67 9259.59 9249.9 9242.69 9237.17 9238.11 9248.79 9271.95 9218.84 9076.98 8965.54 8849.36 8802.71 8813.09 8900.98 9001.66 9153.19 9263.48 9322.25 9261.45 9214.96 9186.22 9166.12 9153.07 9141.7 9133.2 9120.93 9109.94 9111.38 9109 9106.05 9102.17 9097.53 9089.86 9090.73 9088.63 9079.9 9061.54 9040.65 9032.57 9034.99 9037.64 9043.88 9052.07 9063.27 9077.32 9095.67 9123.24 9143.23 9174.24 9213.72 9262.02 9263.44 9296.43 9338.48 9333.47 9339.74 9344.18 9332.79 9308.2 9288.28
9210.76 9221.96 9234.39 9246.19 9257.05 9267.37 9273.85 9270.53 9264.43 9261.86 9263.47 9272.8 9295.29 9338.83 9328.82 9276.25 9230.95 9050.9 8955.84 8958.31 9071.76 9214.08 9409.66 9468.35 9369.19 9286.97 9240.81 9204.51 9178.39 9160.39 9143.08 9127.55 9111.25 9092.84 9086.23 9099.37 9101.95 9100.12 9099.27 9102.81 9092.56 9071.79 9056.92 9041.49 9029.22 9026.76 9030.45 9036.46 9042.59 9050.43 9061.25 9073.23 9088.87 9102.53 9126.48 9151.23 9177.65 9198.28 9209.54 9270.35 9331.17 9337.55 9348.37 9353.06 9348.87 9323.95 9295.79
9216.85 9231.34 9244.06 9256.13 9266.57 9276.66 9282.83 9278.13 9272.52 9270.88 9274.51 9281.23 9289.04 9292.2 9317.08 9357.58 9404.21 9274.69 9179.94 9198.69 9259.48 9346.36 9400.85 9361.08 9315.95 9271.86 9231.91 9204.72 9178.01 9155.88 9136.17 9120.06 9107.15 9097.72 9099.24 9102.72 9100.57 9096.96 9093.91 9089.93 9075.27 9050.74 9030.68 9024.9 9018.1 9021.32 9028.01 9035.92 9044.79 9054.77 9062.68 9074 9084.22 9098.56 9113.72 9129.61 9144.35 9157.98 9191.21 9264.45 9314.36 9333.38 9349.07 9356.25 9354.88 9328.88 9299.89
9243.97 9249.23 9257.7 9266.45 9274.27 9282.56 9290.3 9279.9 9275.38 9275.62 9277.88 9279.88 9278.55 9267.1 9287.31 9304.26 9315.73 9380.71 9373.86 9379.39 9381.53 9368.87 9318.94 9273.91 9267.54 9242.39 9217.98 9192.22 9174.02 9144.83 9125.68 9114.58 9104.38 9106.03 9122.12 9106.24 9097.8 9091.5 9084.54 9072.48 9056.19 9042.8 9026.65 9022.53 9018.34 9021.33 9028.06 9036.7 9046.09 9055.74 9064.82 9075.43 9085.56 9093.72 9104.93 9114.53 9125.14 9148.42 9205.4 9266.75 9315.13 9337.59 9347.88 9354.14 9345.81 9324 9297.85
9260.3 9267.69 9273.32 9277.79 9280.12 9284 9285.73 9277.77 9276.91 9277.34 9277.1 9277.2 9277.7 9279.88 9281.31 9279.53 9270.63 9277.12 9312.7 9368.91 9367.92 9320.33 9255.88 9239.62 9226.59 9214.74 9205.16 9182.39 9161.78 9139.9 9121 9104.9 9092.92 9086.82 9082.37 9089.8 9090.11 9085.98 9078.12 9069.57 9064.93 9056.84 9045.32 9031.19 9025.32 9025.74 9030.29 9037.88 9048.23 9056.79 9067.6 9077.41 9084.79 9093.53 9102.03 9106.76 9117.09 9152.91 9228.85 9273.58 9321.87 9352.21 9353.64 9349.53 9335.8 9314.97 9291.4
