real_craters/C103-300m.grd
DSAA
225 225
-33.6525 33.6525
-33.6525 33.6525
8221.4284917713 9784.762795367
[rows 60 to 89 of 225, columns 0 to 66 of 225]
9323.59 9330.49 9337.82 9345.03 9352.13 9355.29 9351.32 9344.32 9339.44 9335.25 9331.68 9328.73 9326.43 9326.15 9324.66 9323.68 9322.21 9320.05 9317.32 9315.28 9313.2 9311.55 9310.14 9308.76 9307.45 9306.42 9304.79 9301.8 9295.94 9297.1 9306.02 9314.58 9319.3 9317.55 9311.61 9308.77 9305.34 9302.45 9300.59 9296.31 9289.68 9285.18 9280.61 9276.72 9273.33 9269.18 9265.8 9260.01 9254.73 9252.19 9243.3 9235.12 9225.26 9211.28 9189.34 9164.92 9129.33 9084.72 9041.32 9057.51 9142.04 9215.56 9275.18 9313.43 9336.68 9350.59 9358.92
9319.34 9325.87 9331.8 9336.81 9339.51 9338.42 9339.81 9339.51 9335.39 9332.95 9330.58 9328.28 9326.52 9324.54 9325.75 9324.67 9322.22 9319.63 9317.07 9314.73 9312.72 9310.9 9309.39 9307.96 9307.16 9307.24 9307.7 9309.77 9308.67 9305.8 9309.94 9313.64 9316.34 9314.64 9308.58 9309.4 9306.38 9304.36 9301.71 9298.85 9295.72 9292.89 9286.23 9279.89 9276.38 9270.24 9265.96 9261.71 9257.16 9251.52 9245.33 9235.98 9226.03 9209.62 9189.87 9157.16 9114.9 9053.37 8989.94 9007.73 9100.38 9184.51 9257.49 9303.78 9330.11 9343.54 9347.2
9314.64 9320.59 9325.52 9328.96 9330.9 9331.06 9332.48 9333.24 9330.94 9329.97 9328.72 9327.5 9326.71 9327.68 9328.02 9325.7 9323.5 9321.32 9319.21 9317.17 9312.54 9310.77 9309.11 9307.57 9306.88 9306.51 9307.61 9310.63 9307.34 9302.64 9303.22 9304.72 9311.04 9309.74 9306.47 9310.54 9307.2 9305.38 9302.88 9300.08 9294.11 9291.94 9289.2 9285.97 9280.27 9276.59 9271.4 9267.66 9261.24 9255.12 9249.6 9238.3 9229.79 9219.93 9204 9181.7 9144.21 9086.68 9021.05 9042.43 9133.38 9211.98 9278.83 9315.37 9334.98 9344.02 9345.17
9310.6 9315.8 9320.05 9323.09 9325.04 9326.65 9327.46 9328.39 9327.36 9327.5 9327.1 9326.2 9325.47 9327.12 9327.64 9325.33 9323.58 9321.89 9320.21 9318.5 9317.56 9315.98 9313.96 9310.91 9308.57 9306.6 9303.5 9304.3 9303.19 9301.63 9302.57 9304.56 9312.93 9311.6 9308.1 9307.5 9307.09 9303.9 9301.53 9299.79 9297.39 9293.6 9290.79 9287.94 9284.18 9280.54 9275.38 9271.49 9267.39 9260.3 9258.8 9253.21 9242.32 9235.87 9233.41 9224.49 9209.81 9183.27 9134.04 9150.91 9223.9 9299.36 9332.8 9342 9347.08 9350.43 9352.25
9306.91 9311.77 9315.6 9318.37 9320.05 9320.62 9322.06 9324.54 9324.7 9325.71 9326.02 9325.36 9323.39 9321.12 9322.86 9323.19 9322.87 9321.75 9320.93 9319.48 9317.84 9316.04 9313.44 9311.03 9307.88 9304.25 9300.09 9296.16 9293.24 9299.54 9309.16 9319.3 9317.16 9315.48 9312.62 9311.5 9308.46 9306.01 9303.86 9300.53 9298.39 9295.89 9293.2 9290.28 9288.1 9285.74 9282.12 9279.76 9274.91 9266.45 9262.53 9263.91 9263.04 9260.93 9253.14 9261.12 9278.09 9306.19 9289.41 9276.7 9313.34 9390.73 9376.77 9360.39 9355.07 9354.67 9355.99
9303.8 9308.22 9312.03 9314.92 9317.02 9317.64 9319.26 9322.63 9323.25 9324.75 9325.8 9326.1 9325.31 9322.1 9321.53 9321.95 9322.06 9321.3 9320.21 9318.84 9317.24 9314.81 9312.7 9309.18 9306.14 9303.26 9297.72 9292.63 9293.56 9301.87 9316.07 9326.92 9322.5 9320.59 9316.15 9315.31 9311.88 9308.69 9307.16 9305.73 9304.18 9304.46 9303.55 9301.77 9299.48 9298.31 9296.91 9295.29 9292.82 9273.42 9271.73 9270.58 9262.99 9269.12 9277.19 9287.52 9314.95 9355.39 9371.63 9340.94 9343.13 9361.29 9361.72 9355.82 9352.99 9353.06 9353.88
9301.59 9306.23 9309.9 9312.99 9315.75 9318.53 9321.45 9322.89 9322.97 9324.69 9326.47 9328.04 9328.88 9326.29 9323.54 9322.5 9321.84 9321.1 9320.36 9319.26 9317.98 9316.33 9314.6 9313.27 9308.63 9303.92 9297.73 9292.27 9292.33 9305.35 9323.22 9338.48 9338.9 9329.33 9322.38 9316.58 9312.47 9310.77 9309.31 9308.64 9308.22 9307.42 9306.09 9305.4 9304.79 9304.76 9303.72 9303.04 9300.17 9285.04 9275.9 9276.4 9265.93 9275.89 9285.55 9297.78 9317.12 9328.37 9327.6 9333.95 9331.93 9323.81 9327.67 9337.67 9342.5 9346.2 9349.56
9300.3 9304.48 9308.17 9311.59 9314.78 9318.54 9322.19 9322.35 9322.61 9324.62 9326.85 9329.22 9331.32 9327.28 9324.53 9323.06 9322.29 9321.64 9320.93 9320.09 9319.13 9318.18 9316.89 9315.3 9313.17 9309.65 9301.49 9291.14 9292.21 9309.53 9329.42 9346.8 9348.72 9332.56 9320.61 9315.14 9311.13 9308.38 9306.17 9303.79 9302.23 9300.82 9299.8 9299.24 9298.4 9298.03 9297.34 9296.64 9295.03 9285.58 9286.11 9282.74 9285.46 9283 9291.19 9300.98 9311.14 9316.54 9313.06 9317.81 9316.88 9310.61 9312.28 9321.95 9329.69 9335.58 9341.92
9297.71 9302.63 9306.5 9310.46 9313.46 9315.38 9316.3 9320.18 9323.16 9324.16 9326.26 9328.34 9329.67 9325.16 9324.26 9323.63 9322.44 9321.73 9320.2 9319.23 9318.25 9317.24 9316.41 9315.83 9315.71 9316.4 9317.22 9313.76 9305.24 9316.37 9332.76 9347.21 9339.32 9326.18 9316.22 9313.63 9310 9305.99 9302.68 9299.96 9297.64 9296.04 9294.69 9293.25 9293.39 9293.12 9292.43 9292.05 9287.87 9288.35 9289.45 9291.02 9288.83 9291.88 9295.85 9297.11 9301.6 9305.52 9304.47 9308.72 9308.32 9304.69 9305 9312.41 9318.78 9323.99 9330.03
9295.88 9300.68 9304.76 9308.87 9312.23 9315.05 9317.21 9320.84 9323.15 9323.73 9325.13 9326.16 9326.05 9324.71 9324.23 9323.51 9322.6 9321.74 9320.81 9319.84 9318.88 9317.98 9317.31 9317.07 9317.46 9319.86 9325.84 9329.88 9319.91 9320.39 9330.99 9343.12 9331.02 9321.3 9320.62 9315.11 9308.61 9304.66 9301.28 9299.42 9297.14 9295.18 9293.5 9292.81 9292.13 9291.73 9291.23 9290.99 9293.82 9293.85 9294.84 9296.52 9292.94 9294.12 9296.86 9293.26 9290.17 9292.85 9303.57 9305.75 9305.87 9304.2 9303.71 9309.11 9312.38 9314.84 9316.21
9294.47 9298.89 9303.29 9307.78 9311.93 9316.33 9321.52 9322.68 9323.53 9323.52 9324.18 9324.38 9324.67 9325.41 9325.23 9324.8 9323.99 9323.3 9322.52 9320.9 9319.97 9318.98 9318.22 9317.7 9317.55 9317.23 9316.45 9310.03 9308.62 9314.66 9321.64 9327.05 9322.44 9315.86 9314.17 9310.97 9306.41 9304.14 9301.66 9299.5 9298.87 9297.41 9296.03 9294.93 9293.96 9293.3 9292.92 9292.31 9301.91 9302.4 9302.68 9302.85 9302.61 9298.21 9301.3 9295.6 9291.44 9294.25 9303.22 9305.91 9306.6 9308.13 9313.41 9310.6 9311.34 9312.24 9313.46
9293.43 9297.97 9302.52 9307.05 9311.5 9315.99 9319.62 9322.02 9323.47 9323.54 9324.05 9323.91 9324.69 9326.74 9326.32 9325.68 9325.01 9324.28 9323.88 9323.06 9322.25 9321.19 9319.96 9318.48 9316.62 9313.47 9309.01 9299.68 9300.78 9307.43 9310.68 9308.61 9309.66 9309.73 9307.51 9306.13 9304.63 9306.19 9305.28 9305.08 9305.14 9304.86 9304.78 9304.47 9303.68 9302.83 9302.73 9303.21 9313.42 9313.2 9312.64 9311.39 9309.79 9307.55 9303.44 9301.98 9301.95 9309.37 9309.77 9307.6 9307.24 9307.8 9310.26 9310.54 9313.44 9316.79 9319.46
9292.59 9297.32 9301.63 9306.14 9310.73 9315.39 9319.33 9322.19 9323.34 9323.58 9324.78 9325.94 9327.18 9327.9 9327.08 9326.33 9325.47 9324.59 9324.38 9323.51 9322.69 9321.56 9320.14 9318.2 9315.39 9311.3 9307.22 9305.15 9304.73 9305.8 9306.5 9305.61 9306.08 9306.57 9304.16 9303.63 9304.42 9308.72 9311.58 9314 9316.04 9316.84 9317.2 9318.29 9319.17 9319.95 9320.61 9319.33 9321.05 9320.43 9319.5 9317.65 9315.65 9313 9312.01 9307.27 9302.91 9305.84 9310.39 9309.88 9308.32 9306.29 9304.19 9309.34 9318.53 9330.23 9342.86
9292.47 9297.05 9301.1 9305.51 9309.72 9314.19 9318.97 9321.74 9322.15 9322.85 9325.1 9328.61 9329.25 9328.33 9327.97 9327.1 9326.45 9325.47 9324.41 9323.49 9322.53 9321.45 9320.12 9318.26 9315.4 9310.96 9305.92 9312.26 9308.63 9306.65 9306.45 9307.27 9304.4 9303.21 9300.9 9301.34 9304.22 9310.09 9313.55 9316.62 9319.18 9321.72 9323.42 9324.95 9325.52 9326.42 9325.98 9325.87 9324.17 9323.56 9322.74 9322.22 9321.16 9320 9320.71 9317.42 9312.76 9311.14 9316.24 9316.73 9313.91 9309.09 9305.1 9310.17 9324.07 9343.88 9365.44
9293.64 9297.55 9301.06 9304.54 9308.05 9311.53 9314.9 9317.38 9319.19 9320.75 9323.45 9326.22 9327.56 9327.87 9328.29 9328.39 9328.02 9327.79 9326.3 9325.58 9324.72 9323.65 9322.28 9320.49 9318.02 9314.24 9308.93 9303.95 9307.04 9307.34 9306.11 9303.72 9303.21 9299.08 9299.28 9300.97 9305.75 9311.96 9314.46 9316.78 9318.99 9321.52 9322.47 9323.98 9325.35 9326.58 9326.68 9326.12 9326.9 9326.75 9326.81 9327.24 9327.62 9328.3 9330.01 9332.8 9333.32 9331.71 9331.94 9329.16 9324.68 9317.6 9308.92 9313.35 9328.04 9345.42 9365.54
9295.5 9298.33 9301.35 9304 9306.5 9308.66 9310.62 9312.53 9315.26 9317.9 9320.87 9323.64 9325.27 9327.13 9328.33 9328.55 9328.37 9328.13 9327.53 9326.26 9325.42 9324.43 9323.33 9322.18 9321.03 9319.54 9315.92 9308.04 9308.75 9310.26 9310.94 9310.31 9307.97 9304.58 9305.72 9308.04 9311.72 9315.7 9315.92 9317.18 9318.46 9319.3 9320.66 9320.81 9322.22 9323.32 9324.85 9325.71 9327.24 9328.85 9330.27 9331.95 9333.73 9336.15 9340.01 9347.09 9357.35 9359.16 9350.98 9345.49 9340.3 9334.59 9327.71 9329.05 9336.16 9338.75 9352.58
9296.82 9298.3 9300.55 9302.51 9304.26 9305.73 9306.99 9308.38 9311.77 9315.3 9318.61 9321.63 9325.51 9327.54 9328.6 9328.83 9328.45 9327.96 9327.29 9326.03 9325.2 9324.34 9323.22 9322.93 9322.85 9323.13 9320.49 9314.74 9314.02 9315.55 9317.09 9317.81 9317.23 9317.96 9320.26 9323.1 9321.1 9320.28 9318.76 9317.11 9317.39 9319.35 9320.66 9322.22 9322.39 9324.34 9326.44 9327.13 9328.86 9331.11 9333.8 9336.71 9339.64 9343.12 9347.66 9354.01 9364.12 9370.55 9366.1 9361.21 9357.77 9356.63 9359.67 9362.45 9355.4 9347.66 9358.71
9298.34 9298.51 9300.19 9301.57 9302.87 9303.8 9304.87 9306.38 9309.69 9313.57 9317.63 9321.72 9327.59 9328.88 9329.54 9329.75 9328.41 9327.5 9326.55 9325.68 9324.38 9323.56 9323.06 9322.33 9321.54 9322.45 9320.55 9316.43 9318.49 9322.17 9324.15 9326.12 9327.26 9325.88 9322.99 9329.94 9326.48 9322.97 9320.25 9319.28 9317.38 9318.41 9319.61 9321.29 9323.35 9324.82 9327.52 9330.5 9333.29 9337.3 9341.02 9344.62 9348.44 9351.9 9354.66 9358.08 9367.69 9377.3 9376.22 9373.65 9372.14 9373.97 9381.71 9388.17 9377.55 9376.37 9384.85
9297.87 9299.22 9300.4 9301.5 9302.26 9302.9 9303.82 9305.78 9308.28 9312.36 9317.79 9324.92 9328.77 9330.06 9330.55 9330.96 9329.86 9329.51 9328.93 9328.29 9327.29 9325.64 9324.23 9321.02 9318.68 9315.4 9310.65 9312.62 9322.63 9332 9336.61 9339.2 9339.22 9337.61 9336.61 9332.58 9326.52 9323.43 9320.38 9318.59 9318.44 9319.29 9320.9 9324.08 9326.72 9328.98 9332.44 9336.62 9340.41 9344.43 9348.99 9353.14 9357.35 9361.03 9363.73 9366.71 9372.85 9381.53 9384.03 9382.73 9380.97 9381.51 9385.25 9389.79 9385.25 9391.29 9399.61
9297.21 9298.41 9299.6 9300.36 9301.02 9301.6 9302.3 9303.57 9305.7 9309.86 9315.2 9323.29 9328.18 9329.53 9330.73 9331.46 9332.18 9332.44 9332.34 9331.83 9330.7 9328.54 9326.24 9321.53 9318.09 9312.93 9306.42 9313.95 9329.07 9344.68 9359.7 9355.55 9350.22 9347.61 9348.81 9338.33 9327.07 9320.94 9318.79 9318.4 9318.25 9319.79 9322.1 9324.99 9328.33 9332.03 9336.74 9340.61 9345.33 9350.02 9355.18 9360.33 9365.82 9371.06 9375.37 9378.63 9388.34 9393.27 9392.64 9390.02 9386.53 9383.31 9378.88 9369.2 9378.49 9386.49 9396.9
9296.76 9297.53 9298.69 9299.41 9300.1 9300.74 9301 9300.77 9303.17 9307.5 9311.73 9318.09 9324.23 9327.01 9328.64 9330.39 9331.59 9332.15 9332.1 9331.54 9330.43 9329.31 9327.97 9324.84 9320.49 9320.28 9316.86 9322.76 9336.66 9352.25 9364.35 9361.62 9354.08 9347.83 9342.82 9332.59 9321.58 9316.69 9314.82 9314.93 9316.32 9319.83 9322.89 9326.4 9330.26 9334.22 9338.74 9344.42 9349.56 9354.86 9360.45 9366.65 9373.47 9380.89 9388.78 9398.05 9408.44 9405.14 9400.99 9396.3 9390.61 9385.12 9378.05 9372.45 9374.98 9381.56 9389.98
9294.66 9295.42 9297.28 9298.25 9299.38 9300.36 9301.25 9302.03 9303.96 9307.03 9311.31 9315.63 9320.92 9325.11 9327.67 9330.05 9331.37 9332.8 9333.07 9332.94 9332.32 9331.38 9331.18 9327.67 9322.99 9323.09 9323.39 9330.89 9343.39 9355.42 9362.02 9359.21 9350.93 9340.69 9329.12 9317.56 9311.51 9310.05 9310.81 9312.89 9315.84 9319.27 9323.83 9327.88 9332.16 9337 9341.32 9347.65 9353.06 9358.83 9364.86 9371.78 9379.58 9388.94 9400.37 9410.17 9408.42 9412.01 9407.73 9401.76 9395.27 9388.19 9381.54 9375.32 9374.19 9377.31 9383.37
9293.86 9294.39 9295.38 9296.6 9298.35 9300.23 9302.34 9304.55 9306.59 9308.19 9310.31 9315.38 9320.98 9325.4 9328.41 9330.26 9331.43 9332.19 9332.43 9333.33 9333.46 9333.32 9333.73 9330.96 9325.27 9319.7 9325.33 9338.13 9350.6 9358.99 9361.31 9356.33 9346.1 9332.92 9317.1 9301.71 9300.03 9302.58 9306.4 9310.31 9314.39 9318.86 9323.44 9328.12 9332.24 9337.17 9342.33 9349.02 9354.73 9360.9 9366.66 9374.06 9382.42 9392.36 9405.54 9422.57 9429.01 9419.87 9412.57 9405.51 9398.81 9392.17 9386.14 9381.24 9374.49 9371.34 9378.49
9293.41 9293.65 9294.77 9296.43 9298.2 9300.77 9303.64 9307.21 9310.13 9310.86 9311.43 9318.17 9322.74 9326.57 9329.52 9331.22 9332.31 9333.01 9333.07 9333.66 9334.66 9336.04 9337.72 9338.67 9336.11 9331.42 9338.72 9351.71 9360.13 9364.78 9362.96 9354.18 9341.61 9326.97 9311 9298.23 9293.31 9296.72 9302.62 9307.31 9312.23 9317.17 9322.07 9327.31 9331.55 9336.67 9342.31 9347.97 9353.9 9360.37 9367.47 9374.87 9382.75 9391.13 9401.19 9413.5 9424.71 9420.06 9414.06 9408.26 9402.43 9396.15 9390.43 9385.44 9378.26 9373.83 9379.25
9291.78 9292.17 9293.62 9295.06 9297.49 9300.3 9304.14 9308.99 9313.63 9314.38 9317.2 9321.6 9325.19 9328.27 9330.44 9331.56 9332.07 9332.45 9332.73 9333.37 9335.1 9337.96 9342.65 9349.79 9359.02 9370.53 9377.68 9370.47 9368.87 9370.45 9364.97 9351.9 9338.38 9324.06 9308.64 9293.14 9288.54 9294.98 9302.41 9307.32 9312.15 9317.09 9321.93 9326.78 9331.73 9337.08 9342.45 9348.14 9353.99 9360.54 9367.28 9374.86 9382.08 9388.79 9394.41 9401.4 9411.81 9413.6 9411.67 9408.21 9404.07 9398.81 9393.99 9388.85 9384.5 9384.05 9385.64
9289.48 9290.58 9291.91 9293.88 9296.36 9299.31 9303.15 9307.92 9313.05 9314.14 9316.94 9322.45 9327.72 9330.32 9331.45 9331.75 9331.7 9331.78 9332.14 9333.06 9334.93 9338.71 9344.79 9355.85 9374.3 9392.13 9389.07 9377.04 9368.97 9364.27 9357.71 9346.71 9335.54 9323.77 9311.15 9299.09 9296.24 9300.05 9305.34 9308.98 9314.4 9319.22 9324.01 9328.81 9333.69 9338.72 9343.96 9349.5 9355.34 9361.64 9368.3 9375.23 9382.08 9388.1 9392.41 9396.82 9402.93 9406.82 9407.82 9406.73 9404.55 9401.33 9398.37 9395.85 9395.54 9394.56 9393.29
9287.25 9288.61 9289.89 9292.06 9294.46 9297.15 9300.51 9303.97 9307.19 9310.21 9318.94 9328.76 9332.01 9332.56 9332.11 9331.31 9330.6 9330.22 9330.18 9330.73 9332.46 9335.8 9340.54 9348.9 9362.99 9376.4 9375.56 9368.94 9360.14 9351.1 9346.18 9340.48 9332.92 9324.77 9316.85 9311.58 9310.5 9308.13 9310.14 9311.82 9315.69 9319.75 9324.03 9329.6 9334.2 9338.95 9343.9 9349.12 9354.53 9360.57 9367.13 9374.12 9381.29 9388.26 9392.83 9392.8 9397.68 9402.75 9405.18 9405.79 9405.32 9404.12 9403.64 9402.4 9400.38 9401.32 9400.22
9285.24 9287.04 9288.81 9290.76 9292.87 9295.19 9297.59 9299.87 9302.51 9303.72 9323.99 9338.29 9336.38 9333.99 9331.79 9330.02 9328.63 9327.65 9327.72 9327.68 9328.47 9329.74 9331.44 9333.51 9335.57 9351.95 9357.96 9355.07 9348.71 9341.38 9337.97 9334.89 9330.53 9325.86 9321.65 9318.83 9315.66 9312.71 9314.03 9314.99 9317.12 9320.21 9323.73 9328.31 9332.42 9336.77 9341.37 9346.28 9351.6 9357.46 9363.94 9371.44 9379.79 9388.93 9396.14 9393.71 9397.6 9401.69 9404.41 9405.75 9406.46 9407.65 9409.49 9410.29 9409.27 9410.1 9407.58
9283.14 9284.86 9287.3 9289.14 9290.94 9292.74 9294.39 9295.87 9297.56 9298.29 9325.73 9339.15 9335.95 9332.72 9330.09 9328.45 9326.81 9325.51 9324.54 9323.98 9323.54 9323 9322.36 9320.79 9318.69 9335.01 9339.94 9340.98 9338.22 9334.67 9332.25 9330.27 9328.29 9326.87 9325.01 9323.9 9321.7 9317.53 9318.12 9318.26 9319.74 9322.33 9325.43 9329.2 9333.11 9337.73 9341.93 9346.35 9351.08 9356.27 9362.35 9369.36 9377.96 9388.55 9398.98 9400.27 9401.29 9403.27 9405.13 9406.65 9407.71 9410.04 9412.84 9418.11 9426.05 9420.5 9413.61
9282.13 9283.78 9285.27 9287.02 9289.09 9290.43 9291.59 9292.33 9293.48 9294.62 9316.8 9328.5 9329.18 9328.29 9326.8 9325.33 9323.81 9322.52 9321.31 9320.32 9319.14 9317.62 9316.33 9314.8 9313.99 9320.01 9326.95 9329.65 9329.22 9327.58 9328.13 9328.04 9327.51 9327.14 9326.83 9327.18 9327.01 9322.5 9321.42 9321.25 9322.32 9324.61 9327.36 9330.57 9334.45 9337.98 9341.65 9345.47 9349.49 9353.85 9358.78 9364.91 9373.04 9384.24 9395.86 9401.85 9403.93 9405.35 9406.33 9407 9407.43 9408.44 9410.45 9415.67 9423.89 9420.07 9414.38
