real_craters/C104-500m.grd
DSAA
137 137
-34.0025 34.0025
-34.0025 34.0025
9960.1426296868 11550.531056536
[rows 60 to 89 of 137, columns 67 to 133 of 137]
10245.6 10245.6 10245.9 10246.5 10245.6 10245.1 10250.2 10260.5 10270.9 10284.5 10311.8 10363.7 10438.4 10526.6 10636.8 10770.6 10924.4 11066.5 11175.5 11259.1 11297.8 11306 11294.1 11256.1 11237.2 11227.8 11222.1 11219.8 11224 11222.2 11219 11212.8 11196.2 11173 11157.2 11153.7 11156.7 11161.7 11163.6 11155.5 11149.8 11144.4 11140.3 11136.9 11132.1 11129.1 11127.1 11125.2 11123.3 11121.3 11119.9 11119.1 11110.2 11111.1 11125.1 11129.7 11115.8 11110.5 11111.4 11119.8 11145 11168.7 11199 11242.2 11259.1 11157.4 11072.5
10227.8 10226.8 10227.7 10232.8 10231.1 10231.5 10238.2 10248.9 10259.2 10272.2 10289.5 10328.3 10387.8 10460.7 10557 10704.2 10869.8 11032.1 11180 11270.3 11304.6 11311.7 11290.3 11258 11243.3 11233.9 11227.8 11223.5 11219.2 11219.3 11222.1 11214.9 11199.5 11180.6 11171.4 11163.3 11160.8 11163.9 11165.3 11163.5 11157 11149.7 11145.6 11142.3 11139.8 11136.2 11134.1 11130 11129.9 11130.6 11127.3 11123.4 11120.5 11119.2 11116.8 11118.3 11116.3 11114.3 11120.1 11144.3 11179 11211.6 11231 11247 11211.1 10956.5 10837.9
10211.7 10204.6 10202.1 10206.5 10205.6 10210.6 10222.8 10241.2 10255.6 10265.9 10282.5 10309.2 10351 10407.9 10495.1 10647 10819.5 10994.1 11161.3 11265 11306.3 11323.1 11307.8 11267.8 11252.9 11242.1 11233.9 11226.9 11221.3 11222 11229.9 11224.5 11207.1 11191.7 11181.7 11172.1 11166.4 11166.9 11168.9 11165 11159.3 11152.5 11147.6 11144.3 11141.3 11140.1 11138.2 11137 11136.5 11133.5 11129.3 11126.1 11121.3 11122.1 11113.7 11112.1 11116.1 11119 11129.9 11163.8 11211.8 11261.6 11280 11206.6 11039.4 10788.8 10693.3
10198.5 10176.4 10164.3 10163.5 10168.7 10181 10198.5 10221.5 10252.5 10264.7 10279 10300.3 10325.2 10367.4 10454.5 10602.5 10774.3 10948 11104.7 11224.7 11299.8 11336.5 11323.1 11287.8 11267.7 11251.4 11240.7 11232 11225.7 11222.8 11228.4 11224.1 11212.2 11199.9 11192.2 11185.9 11175.7 11167.8 11159.8 11159 11155.6 11152.3 11149.4 11147.1 11144.1 11141.8 11139.6 11137.2 11136.6 11135.5 11135.6 11134.2 11136.5 11127.6 11120.9 11121.3 11124.3 11127.7 11139.7 11173.2 11222.8 11286.3 11329.4 11147.7 10911.2 10741.2 10625.5
10174.3 10134.4 10112.9 10111.6 10124.7 10146.3 10171 10195.1 10228.7 10255.8 10271.3 10292.1 10306.2 10334.2 10414.3 10567.8 10738.7 10906.9 11058.8 11187.8 11295 11359.9 11341.4 11299.8 11279.3 11259.8 11247.4 11238.3 11232.6 11228.8 11227.6 11222.4 11214.4 11206.7 11201.7 11197.4 11187.1 11171.6 11160.2 11155.3 11152.2 11152.1 11151.2 11149.5 11149.1 11146.2 11143.8 11141.5 11139.6 11138.5 11138.3 11139.7 11138 11139.6 11140.5 11136.9 11138.9 11144.6 11152 11185.5 11219.5 11249.3 11224.2 11054.6 10835.9 10701.6 10583.7
10121.2 10077.1 10050 10050.6 10080.3 10114.1 10148 10179.7 10210.4 10245.4 10263.8 10282.8 10292.1 10316.3 10399.2 10545.8 10713.1 10880.9 11032.7 11170.1 11296.8 11377.9 11355.9 11313.1 11289.2 11270.4 11253.1 11243.2 11236.7 11233.9 11224.1 11219 11215.2 11210.8 11205.8 11201.3 11194.3 11179.1 11166.9 11158.6 11152.6 11155.2 11154.3 11152.4 11149.3 11146.4 11144.3 11141.8 11140.9 11141 11141.7 11145.9 11156 11158 11151 11150.6 11154.4 11166.8 11190 11205.8 11219.5 11196.7 11116.8 10980.4 10800.2 10616.3 10535.6
10055 10018 9995.07 10005.2 10046 10090.9 10133.9 10173.5 10205.1 10236.3 10254 10273.3 10283.2 10304.3 10391.5 10537.7 10704.1 10872.7 11030.5 11173.4 11309.2 11388.3 11349.9 11313.3 11291.5 11275.2 11256.1 11245.6 11236.7 11227.3 11214 11215.5 11215.5 11214.7 11210.8 11193 11186.4 11180.4 11174 11168.3 11165.1 11163.1 11160.3 11157.4 11153.2 11149.5 11146.1 11143.1 11140.9 11140.6 11139.9 11140.7 11148.8 11159.7 11158.2 11160.1 11165 11170.5 11191.8 11220.5 11223.2 11166.7 11060.5 10924.8 10757.7 10579.7 10501.4
9997.43 9975.52 9960.14 9981.96 10030.2 10080.5 10127.6 10172.2 10203 10226.1 10246.7 10268.1 10279.8 10300.5 10393.5 10539.6 10706.9 10878.9 11045.9 11204.9 11335.4 11405.3 11347.8 11314 11294.1 11277.4 11261.2 11247.8 11238.2 11229 11219.1 11216.9 11216.6 11216.6 11215.1 11200.1 11195.6 11188.8 11181.7 11178.2 11175.7 11171.4 11166.6 11161.5 11156 11151.7 11148.8 11145.1 11141.5 11140.2 11139.1 11136 11143.2 11156.3 11165.6 11166.3 11171.8 11185.5 11210.6 11237.1 11236.1 11163.8 11028.2 10868.8 10717 10561.7 10488.1
9979.42 9968.84 9967.06 9989.28 10032 10080.2 10127.2 10171 10204.3 10222.5 10242.9 10265.1 10282.1 10303 10404 10553.2 10725 10899.4 11067.5 11218 11361 11422.2 11357.4 11316.3 11293.9 11277.5 11264.4 11253.9 11244.2 11233.8 11226.3 11220.2 11217.4 11215.8 11213 11209.4 11207.3 11198 11190.3 11187.7 11188.1 11180.3 11171.1 11163.7 11157.2 11151.8 11148.4 11144.8 11142.5 11141.3 11142 11147 11153.1 11160.4 11165.5 11168.4 11171.8 11177.9 11214.1 11255.2 11270.2 11193.6 11049 10883.1 10722.7 10573.3 10493
10018 9990.55 9998.15 10010.7 10045.7 10088 10130.6 10169.8 10202.1 10220.5 10242.8 10265.1 10286.6 10308.4 10419.2 10576.5 10751.6 10931.6 11099.3 11249.7 11395.3 11441.8 11350.6 11313.8 11293.1 11278.2 11266.7 11257.7 11249.3 11242.9 11227.5 11221.5 11217.3 11214.2 11210.9 11206.2 11203.7 11194.5 11195.3 11194.5 11194.3 11186.1 11173.9 11163.7 11156.8 11150.8 11146.6 11143.8 11140.2 11139.4 11141 11151.6 11159.1 11170.5 11172.4 11170.2 11170.5 11174.5 11214.4 11263.3 11292.2 11231.1 11098.6 10936.3 10764.8 10603.1 10504.7
10042.9 10010.7 9998.64 10027 10062.7 10100.9 10138.5 10172.5 10199.6 10223.5 10247.5 10271.5 10287.4 10316.1 10439.7 10605.3 10786.9 10972.2 11147.7 11298.9 11451.2 11465.3 11344.6 11308 11288.9 11275.6 11263.6 11257.4 11252.3 11245.4 11231.9 11223.2 11217.5 11213.8 11211.3 11211.1 11211.7 11212.2 11202.8 11196.4 11191.5 11182.5 11171.1 11162.6 11156.4 11150.8 11145.6 11142.5 11139.5 11137.3 11135.8 11134.5 11151.9 11166 11170.6 11171.4 11170.5 11176.6 11212.9 11257.4 11285 11251.5 11158.4 11017.9 10838.4 10661.7 10528.1
10066.4 10038.8 10028.4 10053.8 10084.7 10117.3 10149.6 10180.5 10204.1 10231 10251 10268.9 10290.8 10333.7 10465.3 10638.8 10825.5 11017.2 11203.1 11369 11503.2 11478.1 11358.7 11308.4 11283.9 11269.4 11260.6 11256.3 11253.2 11249 11233.6 11223.3 11217 11213.1 11211.7 11213.3 11216 11214.2 11204.8 11193.5 11181.9 11172.2 11166.6 11160.3 11154.9 11150.2 11146.4 11143 11140.1 11137.9 11135.3 11135.6 11151.1 11168.6 11172.4 11177.9 11175.3 11173.2 11210.3 11244.8 11263.3 11258.1 11232.6 11116.5 10929 10759.7 10624.6
10100.1 10085.7 10086.4 10092.6 10112.2 10136.4 10162.7 10188.1 10208.5 10229.3 10251.6 10271.6 10300.6 10356.5 10500 10680.6 10872.2 11072.8 11263.4 11430.2 11523.6 11445.6 11345.1 11300.3 11275.9 11262.7 11256.9 11254 11253.3 11248.4 11233.8 11221.9 11215.6 11211.1 11208.3 11207.3 11212.4 11212 11201.4 11188.3 11176 11166.8 11160.4 11157 11153.8 11150.2 11147.4 11144 11142.3 11141.2 11141.5 11143.9 11151.5 11171.7 11191.3 11189.8 11190.4 11195.5 11214.5 11238.1 11252.7 11265.7 11299.1 11244.6 11053.8 10881.9 10724.6
10133.1 10125.4 10125.3 10126.4 10137.9 10155.8 10176.2 10194.7 10208.4 10226.6 10255 10281.2 10322.2 10386 10536.8 10718.8 10915.3 11111.6 11300.5 11463.8 11550.5 11420.8 11323.8 11284.7 11265.6 11255.2 11251.8 11250.8 11252.1 11251.9 11229.6 11219.8 11213.2 11208.5 11206.1 11206.4 11205.5 11204.1 11194.5 11182.1 11167.7 11155 11155.4 11155.1 11153.1 11150 11147.7 11145.7 11144.3 11143.7 11145.5 11147.2 11146.1 11152.7 11193.5 11192.1 11195 11203.1 11215.1 11233.1 11249.7 11269.9 11306.6 11315.2 11209.3 11030.7 10872.2
10149.7 10145.7 10147.3 10150.7 10160.1 10173.6 10189.4 10205.6 10217.1 10234.2 10262.6 10297.3 10345.4 10422.6 10584.6 10764.5 10955.3 11143.1 11319.9 11458.4 11504 11376 11297.4 11270.4 11258.7 11248 11248.6 11245.9 11246.8 11241.8 11233.8 11220.1 11210.3 11205.3 11202.7 11202.4 11206.2 11198.6 11188.7 11179.1 11168 11159 11158 11155.9 11153.2 11150.9 11148.2 11146 11144.3 11143.4 11143.1 11142 11139.4 11145.2 11163.8 11180.6 11188.1 11196.3 11209 11227.5 11248.1 11270.5 11284.5 11321.2 11291.8 11173.3 11039.4
10158 10157.6 10161.9 10167.8 10177.7 10189.6 10202.3 10215.3 10230.6 10246.5 10274.1 10317.9 10376.5 10484.6 10645.6 10820.2 10995.5 11165.8 11320.4 11437.5 11446.7 11339.2 11283.8 11260.8 11251.3 11248.1 11245.7 11243.9 11241.2 11235.1 11221.4 11211.2 11205.2 11201.4 11199 11198.6 11207.7 11195.9 11185.4 11179.3 11174.3 11173.5 11165.8 11159 11154.7 11151.5 11148.1 11146.1 11144.2 11143.9 11141.7 11139.2 11138 11144 11169.8 11173 11169.1 11179 11197.8 11221.4 11243.6 11254.6 11241.3 11257.6 11270 11269 11284.7
10164.2 10163.7 10170.7 10180.5 10192.4 10204.6 10217.1 10233 10248 10265.6 10296.1 10350.1 10424.1 10553.2 10710.2 10862.7 11021.3 11169.3 11302.3 11402.3 11412.3 11322.5 11273.5 11252.2 11244.3 11244.2 11242.6 11241 11236.2 11226.4 11214.1 11204.3 11199.4 11196.7 11195 11196.4 11198.8 11193.9 11184.5 11179.6 11175.5 11172.5 11165.9 11160.4 11156 11152.2 11149.4 11147 11145.9 11144.9 11145.2 11142.6 11143.2 11153.9 11170.3 11163.3 11143.2 11155.8 11187 11216.3 11243.3 11260.8 11249.9 11238.9 11235.1 11268.1 11286
10175.3 10173.4 10183.1 10195.3 10209.9 10223 10233.7 10249.4 10269.8 10293.6 10339.2 10400.7 10512.3 10655.2 10783.7 10915 11051.3 11176.5 11287 11361.6 11351 11284.6 11257.9 11247.2 11243.5 11242.3 11242.4 11240.8 11236.7 11225.9 11211.6 11201.1 11195.6 11192.4 11189.6 11187.2 11187.6 11188.3 11184.5 11179.5 11173.4 11165.6 11162.1 11159.7 11156.2 11153 11150.5 11148.4 11146.6 11145 11142.7 11143.4 11144.9 11153.2 11164 11159 11145.8 11155.5 11182.3 11213.2 11245 11276.8 11281.1 11255.8 11253.5 11243.3 11232.9
10193.2 10190.7 10198.7 10214.2 10231.4 10247.6 10263.3 10282.1 10302.2 10325.7 10394.7 10472.9 10614.3 10741.3 10851.7 10969.9 11079.9 11183.3 11264.2 11319 11303.3 11255.8 11244.6 11242.4 11242.8 11244.9 11246.8 11245.5 11238.7 11227.7 11213.6 11198.6 11194.7 11190.3 11186.5 11183.6 11182.3 11181.3 11184.4 11178.6 11172.8 11168.3 11164 11159.2 11156 11153.4 11151.1 11149 11147.3 11145.9 11146.4 11145.9 11150.1 11159.4 11170.6 11167.3 11147.4 11159.4 11180.7 11207.1 11234.8 11259.8 11264.5 11239.6 11216.1 11233.9 11231.3
10221.6 10216.7 10222.2 10239.3 10258.7 10278.1 10300.7 10324.7 10352.6 10390.5 10458.2 10526.7 10634.9 10773.8 10908.7 11016.3 11113.3 11190.1 11247.6 11275.7 11264 11239.4 11236.6 11236.9 11239.1 11242.6 11248.2 11251.4 11249.1 11236.6 11221.7 11209.4 11198.3 11190.4 11185.2 11180.8 11176.4 11175.7 11178.5 11175.6 11170.6 11165.6 11160.7 11158 11154.8 11152.5 11150.9 11149.3 11148 11146.6 11145.6 11147.2 11150.4 11161.1 11175.4 11177.8 11165.6 11166.6 11180 11197.9 11212.6 11219.3 11216 11203.4 11190.5 11198.7 11202.4
10256.6 10253.3 10258.2 10273.4 10293.3 10313.2 10334 10370.6 10412.7 10464.6 10525.2 10571.9 10676 10849.5 10994.6 11092 11163.8 11211.3 11243.9 11266.1 11257.2 11241.2 11235.8 11235.6 11240.3 11243.7 11250 11256.7 11263.7 11245.7 11224.6 11209 11196 11188.8 11184.1 11180.1 11173.8 11170.2 11173.4 11170.9 11167.7 11164.3 11162.5 11157.6 11154.2 11151.7 11150.2 11149.3 11148.8 11148.3 11147.7 11148.7 11150.6 11159.5 11169.8 11173.1 11166.7 11168 11175.8 11186.7 11194.7 11190.7 11169 11174 11177 11174.4 11170.1
10310.7 10301.4 10309.9 10327.6 10343.5 10361.9 10388.2 10432.7 10482.2 10529.5 10575.6 10657.8 10791.8 10991.8 11114.9 11180.5 11211.4 11234.3 11248 11252.3 11247.3 11236.5 11233.3 11232.5 11234 11237.3 11241.1 11246.7 11249.8 11236.9 11217.3 11198 11190.3 11186.7 11183 11178.2 11171.1 11167.2 11168.6 11167.5 11163.8 11160.4 11157.5 11154.9 11152.9 11150.9 11149.5 11149.4 11149.7 11150.8 11150.7 11149.9 11153.4 11155.3 11159.6 11161.2 11158.9 11162.1 11167.9 11176.6 11184.2 11190.1 11172.3 11157.8 11156.6 11156.8 11152.4
10398.2 10414.3 10395.2 10404.9 10419.2 10431.6 10464.2 10521.7 10580.2 10621 10688.7 10812.2 10969.8 11161.9 11261.2 11270.2 11264 11254.4 11244.7 11244.7 11238 11232.7 11225.9 11224.5 11226.1 11227 11229.5 11229.5 11225.1 11219.5 11208.2 11196.2 11189.1 11185.9 11183.2 11178.7 11173.2 11177.6 11173.8 11164.6 11157.6 11154.4 11152.7 11151.1 11149.7 11149 11148.6 11148.4 11148.9 11149.8 11149 11146.2 11144 11148 11149.8 11150.5 11147.5 11152.3 11158.3 11165.2 11172.4 11177.7 11161.5 11141.8 11137.6 11140.7 11141.1
10538.4 10562 10506.2 10511.2 10521.9 10529.4 10558.1 10650.1 10730.1 10797.4 10881.1 10996.8 11172.9 11387.7 11400.4 11338.3 11285.7 11259.7 11237.6 11220.2 11220.3 11216.8 11216 11215.9 11215.6 11215.5 11215.2 11213.5 11211.3 11205.4 11199.1 11191.8 11186.4 11185 11183.8 11181.5 11171 11165.7 11159.1 11150.8 11147.9 11148 11147.3 11147.6 11145.8 11145.2 11144.7 11144.9 11145 11144.8 11143.9 11141.3 11140.5 11141.8 11143.2 11142.3 11140.6 11144 11149.6 11155 11157.6 11150.7 11131.2 11127 11125.8 11120.7 11135.2
10706.8 10663 10630.1 10635.5 10668.8 10695.2 10738.7 10828 10919 11012.7 11100.9 11201 11325.6 11453 11391.7 11334.8 11287.7 11261 11237.3 11219.5 11223 11215.3 11209.3 11206.5 11205.6 11204.6 11202.4 11196.9 11191.1 11192.2 11190 11188 11186.3 11181.4 11180.4 11184.7 11178.3 11167.3 11147.3 11133.9 11139.2 11142.9 11147 11144.6 11141.3 11139.6 11139.2 11140.2 11140.9 11139.7 11138 11135.7 11135 11136.9 11137.9 11136.8 11134.3 11137.3 11141.4 11145.5 11147.9 11138.8 11132 11128.1 11131.3 11137 11138.6
10729.8 10723.3 10705.6 10770.1 10851.3 10916.7 10966.1 11023.1 11100.4 11215.1 11373.2 11416 11352.9 11320.8 11269.2 11276 11266.1 11254.1 11245.1 11231.7 11212.4 11205.9 11200.1 11198.3 11196.4 11193.8 11192 11190.5 11186.8 11181.9 11179.3 11178.4 11178.5 11170.4 11168.1 11168.5 11168.5 11165.2 11150.3 11136.9 11137.1 11138 11136.7 11136.3 11135.5 11134 11133.9 11134.5 11136.3 11138.2 11135.2 11130.8 11130.5 11134.1 11135.7 11130.5 11127.1 11131.3 11133.9 11136 11139.2 11151 11135.3 11129.4 11139.2 11160.3 11144
10883.4 10886.7 10854.7 10936 11047.3 11166.3 11192.8 11189.9 11223.8 11291.1 11338.7 11315 11291.8 11246.6 11226.8 11235.1 11238.2 11238 11239 11231.4 11214.1 11202.6 11195.6 11190.4 11186 11183.4 11181.2 11179.3 11175.8 11171 11167 11162 11153.5 11152.9 11150.5 11149.3 11154.1 11159.5 11158.9 11144.1 11139.4 11134.3 11131.4 11129.1 11127.8 11126.9 11127.4 11128.2 11129.4 11130.2 11130.2 11130.4 11130.5 11132.6 11137.3 11143 11132.9 11129.6 11126.9 11124.7 11121.5 11112.9 11120.9 11123.6 11124.9 11145.3 11132.2
11096.4 11110.1 11115.2 11129.1 11197.2 11314.1 11312.6 11277.7 11277.4 11293.2 11297.4 11273.1 11255 11235.9 11223.1 11222.1 11221.7 11221.7 11221.2 11220.9 11217.7 11201.8 11191.3 11182.4 11176.7 11172.2 11168.4 11167.8 11163.2 11158.1 11154.1 11150.1 11146.7 11140.7 11133.8 11131.3 11138.7 11142.9 11141.5 11149 11136.9 11129.1 11124.5 11121.8 11118.9 11118.2 11118.7 11120 11121.3 11122.2 11123.3 11126.2 11126.3 11127.5 11131.2 11137.9 11135.4 11125.9 11119.1 11113.7 11108 11104.2 11103.7 11103.1 11101.9 11098.7 11103.2
11258.9 11259.2 11300.1 11255.1 11253.6 11270.7 11295.7 11293.9 11287.7 11279.7 11266.8 11273.5 11250.9 11236.4 11231.7 11219.4 11213.8 11209.5 11203.8 11205.3 11202 11192.9 11178.7 11174.7 11168.5 11161.5 11153.9 11145.8 11145.3 11144.4 11142.4 11139.4 11133.9 11128.5 11123.1 11119.5 11122.7 11127.6 11132 11127.2 11124.4 11120.3 11114.7 11108.9 11108.5 11108.9 11109.8 11110.8 11111.9 11113.1 11113.5 11114.8 11116.1 11118.1 11119 11117 11120.1 11116.3 11110 11103.6 11097.3 11092.6 11091 11090.5 11093.1 11093.6 11092.8
11261.7 11269.6 11260.9 11261.1 11258.3 11257.1 11267.9 11270.9 11262.7 11250.2 11234.4 11222.1 11219.1 11212.7 11203.9 11207.2 11204.6 11199.9 11197.2 11198 11197.6 11187.4 11179.8 11169.5 11160.8 11152.2 11143.1 11132.4 11133.2 11133.8 11133 11130.9 11127.7 11123.6 11118.8 11112.7 11107.3 11106.4 11119.2 11117.3 11116.6 11112.3 11105.3 11099.2 11098.9 11100.2 11101.1 11102.2 11103 11102.7 11102.2 11101.9 11104.9 11107.9 11110.6 11111.6 11108.4 11104.8 11100.1 11094.8 11088.3 11083 11082.3 11081.2 11081 11085.9 11086.4
