real_craters/C104-500m.grd
DSAA
137 137
-34.0025 34.0025
-34.0025 34.0025
9960.1426296868 11550.531056536
[rows 30 to 59 of 137, columns 67 to 133 of 137]
11200.9 11205.4 11211.5 11217.3 11231 11229.6 11223.6 11226 11225.1 11220.4 11215.7 11211.3 11206.2 11195.2 11181.1 11174.9 11171.8 11169.2 11167.5 11160.9 11154.7 11149.7 11145.3 11142.6 11148.5 11141.5 11140.7 11143.4 11141.6 11146 11150 11148.9 11134.8 11125.7 11118.6 11115.7 11115.8 11116.8 11118.1 11119.8 11121.9 11123.5 11121.9 11121.4 11119 11116.2 11113.4 11110.7 11108.4 11107.8 11107.5 11107.6 11108.3 11108.4 11108.7 11108.8 11108.7 11109.7 11108.8 11106.6 11107 11107 11106.3 11107.1 11108.1 11110.4 11112.9
11200.7 11203.8 11207.7 11217 11234.7 11232.9 11229.6 11227.2 11227 11223.8 11221.6 11221.1 11222.6 11214 11198.3 11188 11182.2 11176.8 11170.4 11165.8 11159.8 11153.6 11147.9 11143.4 11138.8 11138 11139 11140.3 11141.4 11140 11139.6 11131.7 11126.9 11121.4 11114.9 11113.5 11113.7 11114.5 11117.1 11119.8 11122.1 11125.5 11130.5 11122.9 11118.8 11115.3 11112.1 11109.2 11107.3 11105.6 11105.1 11105 11105.6 11106 11106.7 11107.9 11107.6 11107 11105.1 11103 11103.6 11102.7 11101.1 11102 11103.6 11106.7 11110.6
11199.1 11203.1 11206.5 11214.1 11232.8 11229.6 11228.1 11228 11225.3 11223.4 11223.1 11223.6 11223.9 11217.9 11208.2 11199.8 11191.9 11186.3 11180.9 11172.5 11165 11157.8 11150.6 11143.5 11137.4 11137.3 11136.4 11137.7 11142 11143.8 11142.2 11132.4 11125.3 11120.9 11117.6 11112.9 11112 11113.2 11115.8 11118.4 11120.7 11121.2 11120.2 11120.4 11117.6 11114.6 11111 11107.4 11103.8 11102.4 11102.8 11103.2 11102.9 11103.7 11104.2 11104 11101.1 11101.8 11102.9 11100 11099.7 11100.1 11100.8 11099.8 11100.7 11103.3 11106.4
11196.5 11198.8 11202.9 11210 11216.5 11219.5 11221.7 11215.7 11217.3 11218.5 11220.6 11221.8 11220.3 11216.7 11211.7 11205.3 11197.3 11192.6 11187.7 11178.8 11170.1 11161.7 11152.7 11144.9 11137.4 11135.6 11136.4 11138.1 11144.4 11153.1 11157.6 11146.2 11131.2 11125 11116.8 11113.9 11112.3 11113.9 11116.3 11118.3 11120 11121.7 11120.6 11119 11116.7 11113.8 11109.9 11106.3 11102.7 11101 11101.1 11101.4 11102 11102 11101.9 11100.5 11097.1 11095.7 11095.3 11097.2 11094.4 11090.8 11093.6 11096.2 11098.4 11101.4 11103.5
11193.7 11198.5 11200.1 11201.5 11208.1 11211.9 11210.2 11203.9 11207 11211.8 11216.3 11219.3 11220.5 11213.6 11206.4 11199.9 11196.1 11195 11190.8 11183.1 11174.1 11165.8 11157.1 11148.5 11141.4 11138.1 11137.4 11140.8 11145.7 11149.8 11152.5 11151.6 11139.4 11134.2 11131.5 11122.4 11118.1 11116.4 11116.6 11118.8 11120.1 11121.1 11120.9 11118.8 11116.4 11113.3 11109.7 11106.3 11103 11100.9 11100.5 11100.4 11100.9 11100.9 11100.2 11099.3 11095 11091.2 11091.4 11092.2 11089.7 11088.6 11090.2 11096 11098.7 11102.7 11104.3
11189 11192.8 11196.4 11203.3 11209.2 11203.3 11194.8 11188.2 11198.2 11206.4 11212.3 11216.2 11216.1 11208.6 11198 11187.9 11191 11194.6 11192.9 11185.4 11177 11168.8 11160.4 11153 11146.8 11142.1 11142.1 11144.7 11148.1 11148.9 11145.8 11151.7 11148 11144.5 11139.2 11129.9 11122.4 11118.7 11118.9 11119.8 11120.7 11120.9 11120.3 11119 11116.7 11114 11110.7 11107.1 11103.4 11100.7 11100.3 11100.6 11100.5 11099.8 11098.4 11097 11095.3 11087.6 11084 11085.5 11085.1 11084.6 11089 11096.2 11099.4 11104.1 11108.1
11184.2 11182.5 11191.6 11199.1 11198.9 11193.9 11188.8 11190.8 11197.5 11204.5 11209.3 11212.1 11211.4 11203.6 11193.1 11182.8 11188.5 11195.1 11193.2 11186.2 11178.5 11170.9 11163.9 11157.4 11152.3 11146.4 11147.3 11150.1 11153.4 11156.3 11158.7 11159.7 11156 11152.4 11148.1 11133.8 11122.7 11119.9 11120.6 11121.9 11122.9 11122.8 11121.8 11120.3 11117.5 11114.6 11111.6 11108.4 11105.1 11101.9 11101.5 11100.9 11100.3 11098.6 11096.1 11092.6 11089.7 11083.7 11081.2 11083.4 11081.6 11080.5 11086.6 11096.4 11102.9 11103.9 11111.4
11187.2 11185.3 11191.1 11196.2 11193.2 11193.1 11188.9 11195.1 11201.5 11205 11207.8 11209.4 11207.8 11200.2 11192.1 11187.1 11187.7 11192 11191.6 11187.1 11181.4 11175.4 11169.1 11163.1 11158 11153.1 11152.9 11155.3 11158.9 11164.1 11173.3 11167.4 11159.4 11153.7 11145.5 11134.4 11122.9 11121.7 11122.4 11125.1 11126.8 11125.1 11125.2 11122.6 11119.5 11116.4 11113.2 11110 11107.2 11105.2 11103.1 11101.4 11100.2 11098.1 11095 11091.4 11088 11082 11081.1 11083.6 11079.2 11077.1 11083.3 11089.3 11092.4 11096.8 11105
11195.7 11194.6 11195.2 11195.8 11192.2 11192.7 11191.5 11201.1 11205.2 11207.1 11207.8 11206.3 11203.1 11199 11192.1 11183.6 11184.9 11194.7 11189.9 11186.7 11182.7 11178 11173.3 11167.7 11162.6 11159.6 11159.2 11159.5 11161.9 11165 11167.6 11165.8 11161.4 11153.3 11144.5 11135.1 11129.2 11124.9 11124.9 11128 11132.3 11135.3 11129.8 11124.5 11120.8 11117 11114 11110.8 11108.2 11106.2 11103.4 11102 11100.1 11098 11095.3 11090.8 11089 11082.5 11079.1 11079 11077 11075.1 11079.8 11083.9 11086.8 11088.4 11081.6
11204.5 11202.4 11200.4 11199.8 11200.6 11197.2 11197.8 11202 11207.3 11209.9 11210 11206.6 11204.2 11201.4 11196.5 11191.5 11188.7 11185.1 11186.4 11185.8 11183.9 11181 11177 11172 11165.7 11162.9 11162.5 11162.8 11163.7 11163.2 11160 11157 11153.4 11148.4 11141.5 11134.1 11125.8 11124.5 11127.4 11129.5 11132 11137 11129.7 11124.6 11120.3 11116.6 11113.4 11110.6 11107.5 11105 11102.6 11100.9 11100.3 11098.7 11096.8 11095.7 11090.7 11079 11075.5 11077.1 11075.6 11075.8 11076.1 11080.3 11085.6 11085.4 11086.6
11211 11208.4 11206 11203.8 11202.6 11206 11204.1 11210.2 11212.3 11212.4 11213.7 11215.8 11211.5 11206.5 11202.4 11202.4 11198.3 11183.5 11185.8 11186.3 11185.4 11183.9 11182 11179.1 11173.4 11167.8 11164.6 11166.6 11165.8 11163.3 11160.2 11160.2 11157 11143.9 11139.3 11136.1 11131.5 11131.5 11132.8 11131 11125.9 11120.9 11125 11123.5 11120.2 11116.5 11112.8 11109.5 11106.2 11103.5 11101.2 11101.1 11100.1 11098.9 11097.6 11095 11089.2 11077.9 11072.9 11072.1 11073.2 11072.9 11073.7 11075.6 11077.4 11079.2 11087.6
11217.5 11214.7 11211.7 11208.7 11207.3 11203.6 11207.6 11206.7 11210.3 11212.8 11216.2 11217.5 11215.8 11210.3 11204.1 11197 11190.6 11193.3 11188.9 11188.1 11187.7 11187.7 11187.7 11188.3 11191.4 11184.1 11177.5 11174.2 11170.5 11166.1 11161.1 11158.7 11155.2 11143.4 11141.4 11141.8 11145 11145.8 11140.8 11136.7 11133.2 11128.3 11126.3 11123.6 11120.2 11116.4 11112.6 11109 11105.7 11103 11101.4 11100.8 11099.6 11098.6 11097.4 11096 11090.5 11075.8 11072.6 11073.3 11072.2 11070.2 11069.7 11069.7 11068.4 11070.4 11078.6
11226 11223.3 11219.2 11214.3 11210.5 11209 11208.5 11207.7 11206.5 11211.5 11218.9 11223.8 11219.7 11213.2 11205 11196.7 11192.5 11190.1 11190.1 11190.2 11190.6 11191.2 11191.9 11193 11193.2 11187.5 11189.7 11182.4 11176.4 11171.2 11165.4 11161.4 11158.5 11149.5 11144.7 11145.7 11150.1 11153.6 11144.5 11141.6 11143.3 11138.6 11130.2 11124.6 11119.6 11115.6 11111.1 11107.7 11104.7 11103.1 11100.5 11099.2 11098.1 11097.2 11095.6 11092.3 11086.9 11076.6 11074.4 11074.1 11071.9 11068.4 11064.2 11065.7 11067.2 11066.4 11068.4
11242.7 11235.1 11227.5 11220.7 11215.3 11221.6 11218.9 11214.7 11204.5 11214.6 11226.5 11229.5 11226 11217.2 11207.4 11198.8 11193.2 11188.6 11189.3 11190.4 11191.6 11192.2 11193.3 11194.1 11192.3 11188.2 11189.2 11185.4 11181 11176.8 11171.9 11164.9 11158.4 11148.7 11146.7 11146.6 11145.7 11142.7 11140.1 11138.9 11140.2 11136.4 11129.2 11123.2 11118.1 11114.1 11110.2 11106.8 11102.8 11099.7 11096.2 11095.2 11095.8 11095.4 11094.2 11090.4 11082.2 11079.2 11076.8 11074.7 11069.9 11066.3 11064.9 11064.6 11064.5 11063.5 11061.9
11260.2 11247.9 11237.6 11228.6 11221.1 11223 11227.7 11228.9 11230.9 11225.8 11234.8 11246.2 11230.9 11220 11209.3 11198.5 11184.5 11187 11189.7 11190.9 11192.2 11193.9 11194.9 11195.4 11193.4 11189.7 11188.1 11187.7 11185.7 11183.2 11180.6 11179.3 11165 11154.5 11151.2 11147.8 11142.7 11136.7 11133.1 11130.7 11128.9 11127 11124 11120.2 11116.1 11112.4 11109.6 11105.9 11101.8 11097.2 11093.4 11092.6 11093.4 11093.2 11091.6 11086.8 11079.7 11079 11078.1 11074.4 11070.9 11067.1 11065.1 11063.4 11063.7 11066.1 11058.9
11264.3 11258.6 11250.3 11240.3 11230.7 11231.5 11238.3 11236.1 11232.3 11226.7 11225.8 11227 11227 11220.3 11210.7 11201.4 11194.6 11193.5 11193.4 11194.2 11195.3 11196.5 11196.7 11196.2 11193.3 11188.3 11190.6 11190.6 11189.9 11188.7 11187.5 11184.3 11178.7 11166 11160 11151.6 11142.4 11131.7 11128 11124.6 11119.7 11119.8 11119.2 11117.2 11115.2 11112.4 11108.9 11105.5 11101.4 11096.8 11091.3 11091.8 11092.6 11091.4 11089.1 11084.4 11078.5 11078.7 11078.2 11074.6 11071.7 11066.8 11061.9 11060.1 11060.7 11061.7 11061.3
11272 11272.9 11268.3 11261.1 11248.2 11235.8 11235.5 11236.9 11232.7 11227.7 11223.9 11223.4 11226.4 11222.4 11214.1 11206.1 11202.2 11199.1 11197 11197.7 11199 11199.4 11199.4 11199.5 11198.8 11199.1 11195.1 11194.2 11193.8 11192.7 11192 11192.3 11187.3 11182.8 11170.3 11157.1 11145.4 11135.3 11127.6 11122 11118.9 11117 11116.9 11115.7 11113.8 11111 11107.9 11105 11102.2 11099.3 11097.1 11095.6 11093.4 11090.2 11086.7 11082.9 11078 11079.4 11078.6 11072.7 11067.8 11066.5 11064.2 11063.8 11065.5 11067.9 11075.3
11295.9 11294.7 11289.9 11284 11274.3 11255.7 11247.3 11248.6 11244.8 11240.7 11242.1 11239.4 11235.8 11229.5 11221.7 11211.6 11200.7 11196 11200.4 11202.8 11203.5 11203.1 11202.6 11202.8 11203.5 11202.5 11200.8 11199.2 11197.3 11195.7 11194.1 11191.4 11186.4 11182.3 11172.7 11161.3 11149.3 11138.5 11129.9 11123.1 11118.1 11117 11116.2 11114.7 11113 11110.7 11107.9 11104.9 11102.6 11101.2 11102.1 11099.5 11094.4 11089.9 11085.5 11084.6 11083.9 11083.6 11079.7 11072.9 11067.9 11069.1 11068.9 11068.7 11069.9 11070 11071
11331.3 11314.1 11304.4 11307.9 11318.8 11313.8 11284.8 11281.3 11271.8 11268.3 11266.3 11257.8 11247.8 11240.7 11233.6 11224.6 11208.6 11202.4 11210.3 11212.1 11210.5 11208.1 11205.3 11204.4 11205.6 11205.4 11204.3 11203.2 11199.7 11196.9 11194.1 11191.3 11186.9 11182.3 11175.3 11165 11152.8 11139.6 11130 11126.6 11123.1 11119.5 11117 11114.9 11112.6 11110 11107.3 11104.8 11102.4 11100.9 11099.2 11096.3 11094.5 11091.7 11086.3 11088.7 11089.1 11085.2 11080.3 11076.6 11074.9 11075.6 11073.8 11071.6 11071.6 11069.7 11072.4
11356.5 11310.8 11293.8 11305.6 11337.2 11381.9 11364 11311.1 11292 11308.8 11296.2 11270.6 11255.2 11248.7 11246.8 11246.2 11241.8 11234 11231.3 11225.2 11218.3 11212.2 11206.4 11201.1 11202.8 11202.6 11201.7 11201.3 11198.9 11196.5 11193.7 11190.9 11188.5 11184.3 11180.4 11169.1 11156.8 11145.2 11137 11131.4 11126.3 11122.5 11119.1 11116 11113.5 11110.4 11107.6 11105 11102 11099.2 11095.7 11094.1 11094.6 11096.1 11096.5 11094.8 11090.5 11085.7 11081.6 11082.7 11085.1 11081.3 11080.7 11081.5 11076.4 11068.7 11067.7
11301.4 11255.7 11242.6 11257.7 11293.2 11297.5 11270.4 11259.6 11246.6 11219.5 11253.7 11245.4 11242.3 11246.3 11254 11262.3 11269.1 11279.1 11254.1 11238.5 11227.8 11216.9 11208.2 11201.3 11192.4 11193.8 11196.7 11197 11197.8 11195.5 11192.8 11189.4 11185.3 11186 11183.1 11171.8 11160.1 11150.3 11143.9 11137.2 11131.7 11125.4 11120.7 11116.9 11113.5 11110.3 11107.1 11105.1 11101.7 11098.2 11094.3 11090.4 11095.3 11100.2 11102.8 11101.3 11100.6 11086.1 11078.4 11085.5 11083 11077.4 11082.5 11090.5 11081.4 11069.3 11070
11161.7 11141.5 11139.6 11159.1 11207.9 11250.1 11240 11200.1 11180.3 11157.7 11163.2 11190.9 11211.2 11229.3 11251.9 11269.3 11276.2 11270.9 11260 11249.5 11236.8 11224.8 11211.3 11198 11185.9 11188.4 11194.7 11200.8 11198.4 11194.3 11191.5 11190.3 11190.4 11189.9 11183 11172.9 11160.9 11149.6 11142.1 11137.9 11132.9 11127 11122.1 11118.1 11115.4 11112 11108.7 11106 11102 11098.9 11096.2 11094.5 11096.4 11099.4 11100.9 11097.7 11094.7 11087.8 11078.6 11086.4 11077 11070.1 11077.8 11087.2 11082.2 11071.6 11078.1
10998.9 10991.3 10990.7 11004.4 11032 11059.4 11081.7 11098.9 11121.3 11137.9 11132 11155.1 11183.3 11214.6 11248 11281.6 11281.5 11263.7 11262.1 11258.2 11247.6 11232.6 11217.9 11205 11192.2 11188.7 11191.9 11197.2 11194.1 11190.3 11189 11189.3 11190.5 11187.7 11183.7 11173.1 11160.4 11147.7 11136.9 11133.1 11130 11126.8 11122.8 11118.8 11114.8 11111.2 11107.8 11104.8 11102 11099.9 11099.2 11098.6 11096.9 11094.7 11093 11090.3 11089.1 11092.1 11094.3 11086 11076.5 11070.4 11073.2 11072.1 11079.7 11100.5 11103.5
10843.7 10835.4 10827.7 10823.4 10822.4 10833.1 10856.4 10928.9 11024.5 11108.3 11103.3 11113.8 11137.8 11172.4 11221.1 11289.7 11283.9 11273.7 11274.9 11272.9 11259.8 11240.3 11218.7 11204.6 11194 11189.3 11186.9 11183.5 11182.8 11185.4 11185.8 11182.7 11181.1 11184.6 11181.4 11171.8 11159.7 11146.4 11132 11128.6 11128.2 11125.5 11122 11118.4 11114.5 11110.5 11107.3 11104.8 11102.2 11101 11100.4 11103.4 11098.1 11093.8 11093.9 11091.9 11092.8 11098 11099.4 11096.8 11085.8 11079.8 11079.4 11076.4 11086.3 11110.2 11112.6
10691.4 10681.5 10667.4 10648.5 10629 10646.8 10690.8 10786.7 10869.4 10961.9 11046.2 11056.9 11070.9 11103.6 11146.2 11195.6 11247.3 11277.7 11296.4 11293.9 11275.6 11248.6 11218.1 11201.4 11196.4 11191 11185.5 11178.1 11177.9 11184.4 11187.7 11185.9 11180.9 11180.6 11177.9 11169.2 11159.2 11149.2 11141.4 11137.1 11129.6 11126.3 11123.2 11121.1 11118.1 11115.2 11111.2 11107.9 11104.4 11101.7 11098.9 11097.7 11093.9 11091.7 11101 11115.8 11114.3 11109.5 11105.4 11097.9 11096.6 11095.8 11095.7 11100.6 11112.7 11116.7 11114.5
10552.5 10544.3 10526.3 10500.1 10478.1 10491.1 10532.9 10602.2 10691.2 10785.7 10926.2 10949.5 10979.3 11020.6 11063.3 11111.1 11207.1 11290.1 11328 11319.1 11293.2 11261.9 11227 11210.3 11202.6 11197.2 11190.1 11185.4 11186.3 11189.4 11195.4 11196.8 11184.3 11173.6 11170.9 11165.6 11159.2 11152.4 11147.2 11136.6 11129.9 11126.6 11123.2 11120.3 11117.5 11114.8 11111.8 11109.5 11106.1 11102.2 11097.4 11091 11091.1 11094.1 11109.9 11121.6 11122.5 11117.3 11115.6 11107.4 11104.7 11107.1 11109.1 11116.4 11121.8 11117.5 11116.2
10434.7 10432.8 10415 10383.6 10357 10371.9 10397.5 10483 10534.1 10581.5 10706.1 10789.9 10857.2 10927.1 11001 11079.5 11183.4 11281.1 11335.8 11334.7 11308.1 11276.4 11248.7 11235.1 11222 11207.2 11196.7 11189.1 11184.9 11194.7 11204.7 11212.5 11192.3 11172.9 11169.9 11165.5 11159.5 11153.6 11146.2 11137.6 11130.9 11127.8 11125.9 11123.5 11121.1 11118.4 11115.6 11112.4 11109.1 11105.2 11101 11096.6 11105.7 11130.6 11122.7 11122.1 11119.1 11116.5 11114.6 11109.1 11107.8 11110.7 11113.8 11119 11121.6 11117.6 11123.6
10351.6 10352.6 10338.6 10314.6 10295.3 10301.1 10313.3 10346.7 10404.1 10445.4 10517.5 10625.1 10723.7 10821.3 10939.8 11053.1 11148.5 11259.9 11344.6 11335.9 11311.7 11282.2 11252.8 11242.6 11228.7 11214.2 11203.5 11195.5 11195.2 11199.9 11209.3 11212.3 11197.3 11179.9 11173.4 11166.6 11159.6 11155.1 11149.3 11136.4 11131.3 11129.5 11127.4 11125.2 11122.7 11120.1 11117.4 11114.7 11112 11109.3 11108.5 11110.7 11121.2 11128.2 11116.7 11109 11110.4 11111.2 11110.5 11108.5 11109.8 11108.5 11117.7 11127.2 11128.6 11131.7 11148.1
10300.9 10300.7 10292.4 10280.4 10272 10270.7 10279.7 10296 10327.4 10359.5 10403.7 10498.7 10602.1 10703.7 10803 10934.4 11073.6 11195.7 11278.7 11309.4 11306.3 11285.2 11254 11236.4 11226.6 11217.4 11209.1 11202.3 11198.5 11205 11212 11210.7 11199.1 11185.5 11177.6 11160.7 11158.1 11157.6 11153.2 11137.8 11135 11132.3 11129.8 11127.1 11124.6 11122.7 11120.3 11118.1 11116.1 11115.8 11112.9 11111.1 11101.1 11100.6 11103.2 11095.7 11103.9 11107.1 11108.8 11117.7 11116 11117 11132.1 11154.5 11166.8 11181.6 11209.1
10268.1 10268.9 10265.1 10259.9 10257.5 10256.1 10262.5 10275.3 10291.1 10308.2 10343.2 10416.8 10506.8 10602.5 10696.3 10834.6 10990.6 11122 11221.5 11276.4 11298.1 11294.8 11273.5 11243.3 11229.4 11221.3 11215.8 11211.8 11209.5 11213.8 11216.8 11214.5 11199.2 11183.2 11161.4 11154.4 11156.3 11160.7 11164.4 11151.1 11141.8 11137.4 11134.2 11130.5 11127.5 11126.5 11123.7 11121.5 11119.7 11117.6 11117 11118.9 11133.1 11108.8 11110.1 11109.1 11108.2 11106.7 11107.4 11112.8 11125.4 11134.7 11158.3 11198.2 11214.4 11211 11224.2
