real_craters/C104-300m.grd
DSAA
228 228
-34.0025 34.0025
-34.0025 34.0025
9959.3897700727 11549.405387762
[rows 90 to 119 of 228, columns 67 to 133 of 228]
11230.7 11234.5 11236.8 11237.2 11236.8 11234.3 11231.6 11232.5 11233.3 11235 11236.3 11237.5 11239.8 11247 11258.8 11277.5 11293.5 11307.4 11319.8 11329.4 11337 11341.1 11348.8 11357.3 11361 11361.4 11360.8 11358.7 11356.5 11352.5 11335.7 11279.2 11201.5 11120.5 11045.2 10982.8 10934.4 10893 10854 10818 10788.2 10751.1 10726.7 10720 10710 10704 10697.1 10689.7 10681.2 10671.2 10659.8 10648.4 10645.4 10657.9 10678.5 10711.3 10768.5 10819.9 10872.8 10930.4 10981.6 11037.7 11057.7 11062 11070.4 11079.5 11098.1
11227.7 11232.3 11235.6 11237.6 11236.6 11233.9 11229 11230.3 11230.7 11231.4 11231.3 11231 11230.9 11239 11255.5 11280.5 11301.2 11319.8 11336.2 11349.2 11356.6 11357.7 11365.3 11371.5 11366.7 11356.4 11341.7 11322.3 11300.5 11270.4 11222.4 11165.5 11100 11025.6 10949.2 10885.5 10839.1 10795.6 10754.5 10715.7 10679.6 10647.8 10629 10622.9 10619.9 10615.4 10611.5 10603.7 10593.1 10579.9 10565.4 10549.8 10545.9 10558.4 10578.1 10611 10661.6 10706.2 10765.5 10824.7 10893.2 10974.8 11001.9 11006.9 11017.2 11027.9 11048.5
11226 11231.6 11236 11237.7 11238 11236.5 11235.9 11231 11230.5 11230.3 11229.9 11229.7 11229.9 11238.6 11259.5 11289 11314 11337 11355.8 11374.1 11385.9 11389.5 11392.5 11390.5 11374 11350.1 11320 11282.8 11241.2 11191.5 11131.7 11068.2 11000.5 10930.6 10861.7 10801.7 10747.9 10701.5 10658.8 10615.7 10571.1 10538.8 10537 10536.6 10537.1 10535.9 10533.1 10525.5 10513.9 10498.9 10481.6 10466.1 10462.8 10472.4 10491.3 10524.3 10575.1 10607.4 10661.1 10712.9 10772.3 10870.7 10913.3 10928.9 10947.8 10968.2 10994.3
11225.6 11232 11237.6 11241.4 11240.7 11238.7 11235.4 11234.1 11232.1 11231.6 11231.8 11233.7 11238.1 11248.6 11269.9 11300.9 11329.6 11357.6 11380 11404.2 11421.3 11432.7 11431.2 11413.8 11381.7 11341.9 11295.6 11241.5 11182.9 11118 11045.3 10973.6 10904.9 10836.7 10770.7 10713.8 10657.4 10612.2 10570.9 10528.8 10485.1 10453.4 10453 10457.5 10463 10464.6 10463.6 10456.8 10445 10428.7 10408.8 10390.3 10389.7 10399.1 10414.3 10440.6 10500 10536.1 10569.3 10603.9 10645.4 10723.8 10794.6 10831.9 10864.5 10898.5 10934.9
11225.4 11232 11238.2 11242.3 11242.5 11241.4 11239.6 11236 11234.7 11234.6 11236.2 11240 11247.9 11260.9 11277.7 11312.4 11343.6 11375.4 11405.6 11433.1 11456.5 11474.5 11469.8 11435.2 11386.7 11330.9 11268.8 11198.9 11125.9 11048.2 10964.6 10885.4 10815.2 10745.3 10676.5 10611.7 10569.5 10531.7 10495 10458.2 10421 10391.9 10382 10391.4 10400.9 10405.5 10405.5 10399.6 10388 10372.4 10353.3 10333.6 10334 10342.1 10351.8 10364 10404.9 10461.4 10484.8 10507.7 10533.1 10597.8 10672.3 10726.3 10774.3 10821.6 10868.8
11224.6 11231.4 11238 11242 11243.5 11243 11242.7 11238.9 11237.3 11238.1 11241.1 11246.6 11254.8 11265.9 11285.3 11320 11354.8 11389.8 11423 11453.8 11481.6 11501.9 11495.5 11448.1 11384.4 11313.8 11237.5 11155.7 11070.2 10981.9 10891.5 10809.5 10731.8 10660.9 10594.2 10535.4 10494.7 10463.1 10433.3 10403.9 10374.8 10352.6 10337.6 10343.5 10352.8 10357.9 10357.6 10355.5 10345.8 10332.2 10316 10300.5 10299.5 10304.1 10310.7 10319.7 10338.7 10374.1 10408.4 10432.6 10457.8 10499.8 10562.5 10626.3 10685.2 10742.1 10798.5
11222.9 11229.6 11237.3 11241.7 11242.7 11243 11240 11238.3 11238.8 11241.1 11246.2 11252.8 11261.9 11274.5 11292.6 11325.2 11363.5 11399.4 11433.5 11464.4 11492 11510.4 11502.2 11446.9 11373.3 11291.1 11203.6 11110.2 11014.6 10917.5 10820.6 10728.4 10651.7 10584.5 10523 10469.7 10432.7 10406.7 10383.8 10361.8 10340.8 10325.9 10314.7 10312.6 10318.9 10322.1 10322 10320.5 10313.5 10303.4 10292.6 10283.1 10280.2 10281.7 10286.1 10293.5 10304.6 10326.1 10353.4 10376.9 10402.7 10436 10475.6 10539.9 10602.4 10668.3 10729.1
11220.2 11226.1 11231.2 11237 11240.5 11241.2 11237 11238.1 11240.7 11245.2 11251.7 11259.6 11269.1 11280.2 11298.3 11331.3 11368.7 11403.5 11435.8 11464.6 11488.1 11501.2 11491.7 11430.8 11350.5 11260.7 11164.4 11064.3 10960.8 10856.4 10752.3 10653.8 10578.1 10516.3 10462 10415.3 10383.1 10362.5 10345.7 10330 10316.7 10306.4 10297.4 10291 10294 10295.6 10295.6 10293.3 10290 10283 10277.1 10271.9 10268.6 10268.1 10271.4 10278.8 10287.6 10300 10318.2 10335.4 10355.4 10385.3 10416.4 10476 10537.7 10598.9 10658.8
11217.8 11222.4 11227.4 11233 11238.7 11241.8 11235.9 11239.6 11243.8 11250.1 11258.4 11267.2 11277.3 11289 11305.1 11336.4 11371.2 11402.8 11431.9 11454.9 11472.2 11476.1 11458.5 11398.6 11316.7 11223.6 11122 11016.9 10908.8 10799.2 10690.6 10589.5 10513.8 10457.9 10411.5 10373.3 10346.9 10328.6 10315.9 10305.2 10296.7 10290.1 10279.1 10272.6 10273.5 10275.8 10276.5 10275.1 10271.8 10268.1 10264.7 10262.1 10259.4 10259.7 10261.9 10268 10276 10285.6 10296.9 10307.3 10322.1 10344.3 10374.8 10426.4 10482.1 10539.3 10597.3
11216.7 11219 11222.3 11228.5 11235.2 11240.8 11238.2 11242.5 11248.2 11256.9 11267.1 11276.9 11287.4 11297.2 11311.2 11341 11372.2 11399 11422.3 11438.5 11447.7 11441.4 11413.2 11356.6 11275.5 11181.6 11077.1 10969.6 10859 10746.4 10636.4 10534.8 10459.2 10409.1 10370.8 10341.2 10319.7 10303.8 10293.8 10285.6 10279.4 10274.3 10266.2 10260 10259.2 10260 10260.2 10259.8 10258.6 10256.4 10254 10253 10251.6 10252.3 10254.9 10259.3 10266.1 10275.3 10283 10289.1 10301.4 10320.6 10346.3 10389 10438 10491.2 10546.2
11217.6 11216.9 11217.4 11224.1 11230.1 11233.2 11236.6 11245.2 11254.1 11265.9 11278.3 11289.8 11300 11309.9 11321.4 11346.8 11373 11393.3 11409.1 11418 11418.9 11406.4 11374.6 11316.6 11232.7 11135.5 11029.2 10921.3 10810.3 10699.2 10590 10489.7 10414.5 10370.4 10338.8 10316.2 10299 10285.5 10276.9 10270.2 10264.8 10259.5 10253.7 10249.2 10248.1 10247.2 10247.4 10247.1 10247.4 10247.4 10247.4 10247 10245.3 10245.9 10248.2 10252.1 10258.3 10265.3 10271.4 10277.2 10288.1 10304.2 10325 10360.4 10402.6 10450.8 10503
11220 11217.6 11217.2 11222.2 11226.4 11227.5 11234.1 11247.9 11261.1 11276.8 11293.2 11305.9 11317.2 11326.3 11334.4 11347.5 11375.3 11386.8 11393.5 11393.9 11386.6 11369.7 11338.2 11278.4 11187.7 11086.3 10979.2 10872.4 10766.1 10657.9 10551.8 10455.5 10381.4 10341.6 10315.5 10297.7 10284.6 10272.6 10265 10258.9 10253.2 10247.4 10241.9 10240 10237.8 10236.3 10235.9 10235.8 10236.9 10238.7 10241.5 10240.7 10238.5 10238.6 10241.1 10245.2 10251.5 10256.2 10262.4 10270.1 10279 10289.9 10305.6 10336.6 10374.3 10417 10464.7
11222.1 11219.4 11219.8 11222.5 11225.1 11227.3 11234.4 11251.6 11269.5 11288.9 11308.9 11325.1 11338.5 11349.8 11356.7 11363.4 11379.6 11381.1 11377.1 11364.9 11348.9 11325.3 11292.3 11230.7 11134.2 11031.8 10926.7 10823 10718.9 10618.8 10519.8 10431.2 10360.5 10322.6 10299.4 10285.1 10274.5 10264.2 10257.5 10251.8 10245.7 10238.1 10231.2 10228.1 10227.3 10225.7 10224.8 10224.4 10225.2 10227.9 10230.7 10230.2 10228.6 10229.1 10232.5 10237.8 10245.1 10250.7 10257.3 10263.8 10272.4 10282.5 10295.3 10319.4 10351.5 10388.3 10429.7
11223.2 11219 11219.1 11223.4 11225.8 11226.4 11237.9 11258.5 11279.3 11302.2 11325.4 11345 11361.9 11377 11390.8 11381.8 11383.9 11374.3 11357.4 11334 11306 11270.4 11226.4 11160.9 11067.2 10969 10869.4 10772.7 10676.2 10583.7 10495.5 10412.8 10348.4 10311.6 10289.9 10277.3 10267.7 10259.2 10253.7 10249 10243.6 10235.3 10224 10219.3 10218.5 10215.8 10212.8 10210.8 10210.6 10212.7 10216.4 10214.9 10214.5 10216.6 10221.5 10228.9 10239.6 10248.6 10255.1 10259.4 10268.1 10278.2 10289.8 10308.5 10334.3 10364.9 10399.9
11224.7 11220.8 11221.4 11225.4 11227.1 11230.6 11243.8 11264.3 11289.2 11314.5 11340.4 11362.6 11384.1 11398.4 11404.2 11395.5 11388.4 11367.2 11337.1 11300 11257.6 11207.2 11146.4 11077.9 10989.7 10899.3 10810.5 10723.1 10636.3 10553.1 10472.8 10399.3 10343.1 10306.1 10284.8 10272.7 10264.1 10257.4 10253.2 10249.4 10245.2 10237.2 10224.6 10217.7 10213.1 10206.8 10199.9 10194.7 10191.9 10191.9 10193.2 10194.4 10196.5 10200.9 10207.7 10217 10229.8 10243 10254.5 10259.2 10267 10276.4 10287.8 10302 10321.8 10345.6 10375.5
11226.9 11223.1 11225 11229 11230.6 11229.5 11249.7 11273.2 11300.8 11329.5 11357.1 11381.8 11405 11420.1 11424.4 11412.8 11394.6 11361 11317.8 11266.1 11208.4 11142.1 11065.1 10987.6 10905.3 10826.2 10748.4 10669.8 10595.5 10522.7 10451.9 10387.2 10338.3 10302.6 10282.1 10271.1 10265.1 10259 10254.6 10251 10246.9 10239.6 10229.1 10220 10210.6 10197.5 10184.9 10174.6 10169 10167.2 10167.7 10170.2 10175 10182.2 10191.6 10202.9 10216.4 10231.1 10249.3 10259.7 10266.1 10274.4 10285 10298.2 10312.7 10330.1 10354.2
11229.5 11229.1 11230 11233 11234.8 11237.8 11257.3 11282.8 11312.4 11343.2 11372.8 11399.7 11424.7 11442.1 11451.9 11433.2 11401.9 11356.7 11300.5 11236.6 11163.2 11080.8 10987.2 10896.5 10822.4 10755.3 10690.2 10622.2 10556.7 10493.7 10430.3 10375.3 10332.9 10298.8 10279.7 10270 10266.5 10261.5 10256.4 10252.4 10247.6 10240.5 10231.2 10224.4 10209.2 10185.3 10165.3 10150 10141.1 10138.7 10139.9 10143.7 10151.2 10161.7 10173.4 10186.5 10200 10214.9 10236.7 10254.4 10262.4 10270.6 10279.8 10295.1 10304.9 10316.8 10335.2
11231.1 11232 11232.6 11235.6 11238.4 11243.9 11263.9 11290.9 11322.4 11355.5 11387.5 11417.8 11442.1 11460.1 11463.7 11444.3 11409.4 11354.7 11288.1 11210.2 11122.8 11029.7 10924.1 10825.7 10752.4 10694.2 10637.8 10579.8 10522.6 10467 10412.4 10362.9 10325.6 10293.5 10276.7 10268.4 10265.7 10262.3 10257.1 10253.2 10247.9 10239.7 10229.7 10218.9 10196.3 10164.8 10139.2 10119.9 10107.6 10103.1 10105.8 10114.2 10126 10140.3 10155 10170.4 10185.1 10200.4 10221.6 10243.8 10256.2 10265.8 10274.6 10289.1 10298 10305.7 10320.2
11229.6 11229.3 11231.7 11234.9 11237.4 11244 11267.4 11296.5 11330.5 11365.4 11399.1 11431.6 11457.9 11477.1 11483.3 11464.7 11413.3 11353.9 11277.8 11189.7 11093 10990.4 10878.5 10775.4 10700.9 10648.2 10596.8 10544.9 10493.3 10442.8 10395.5 10352.4 10319.9 10289.4 10273.1 10265.5 10263.3 10260.2 10255.4 10251.6 10246.3 10233.9 10220.5 10203.5 10168.2 10134 10106.4 10085.1 10070.4 10063.5 10069.6 10084 10101.2 10119.8 10138.5 10156.7 10174.3 10189.9 10210.6 10235.2 10250 10261.1 10271.7 10285.2 10291.7 10296.8 10309.4
11225.2 11226 11229.2 11231.4 11231.8 11243.9 11269 11300.7 11336.5 11372.1 11407.8 11441.6 11469.3 11491.6 11502.4 11489.3 11425.4 11356.3 11269 11173.1 11070.2 10964.5 10851.5 10750.4 10673 10619.9 10568.9 10519.9 10471.2 10424.9 10382.7 10342.7 10314.4 10284.1 10269.4 10262.4 10260 10257.5 10250.9 10244.5 10237.7 10217.7 10196.8 10170.2 10126.8 10096 10069.7 10048.8 10033.6 10026 10037.3 10057.2 10079.8 10102.7 10125 10146.3 10166.8 10187.3 10204.3 10229.2 10244.4 10255.8 10266.1 10277.3 10285.2 10289.8 10301
11220.5 11224.1 11227 11227.7 11228.8 11242.3 11269.4 11302.9 11339.2 11375.8 11413.3 11446.7 11475.9 11500.1 11508.9 11489 11433.3 11355.9 11261.3 11160.3 11054.4 10947.9 10836.5 10743.5 10665.1 10604.4 10551.1 10502.4 10456.2 10411.5 10371.2 10335 10305.3 10281.9 10266.2 10258.8 10255.8 10252 10243.8 10231.7 10215.1 10193.1 10164 10128.1 10087.9 10056.7 10033.2 10014.8 10001.2 9996.76 10012.1 10035.9 10062.1 10088.6 10114.1 10138.6 10162 10183.3 10201.1 10225.1 10239 10249.8 10259.7 10271.4 10280.9 10284.5 10294.5
11214.2 11221.1 11225.2 11226.5 11225.6 11242.8 11269.8 11303.4 11340.2 11376.3 11410.9 11446.1 11475 11499.3 11512.8 11512 11438.5 11350.2 11251.9 11147.3 11043.7 10937.5 10829.8 10741.5 10663.5 10596.7 10539 10488.7 10443.7 10400.9 10363.1 10329.4 10302.2 10279.4 10263.5 10255.6 10251.5 10247.8 10237.2 10221.2 10198.5 10171.3 10133.9 10089.3 10046.2 10019.5 10000.9 9986.3 9975.93 9976.17 9994.52 10021.2 10050.1 10078.8 10106.3 10133.8 10159.8 10183.3 10200.7 10218.9 10232.8 10244.4 10254.7 10266.2 10277.6 10281.3 10290.8
11212.9 11219.6 11223.8 11226.7 11230.1 11245.9 11271.1 11303.5 11338 11373.3 11405.2 11438.8 11465.6 11486.8 11497.2 11495.6 11422.1 11333.9 11236.8 11134.8 11032.4 10928.1 10822.2 10737.4 10661.6 10590 10528.3 10476.6 10431.3 10391.5 10356.5 10324.7 10300.2 10279.4 10262 10252.8 10246.9 10241.3 10232.7 10219.3 10194.7 10159.2 10114.2 10062 10014.5 9990.39 9977.98 9968.1 9959.39 9960.73 9985.53 10014.4 10044.3 10074.7 10103.5 10131.7 10158.5 10183.7 10200.6 10213.5 10227.4 10239.9 10252.1 10265.2 10275.9 10280.2 10289.6
11220.6 11220.6 11221.9 11223 11227.3 11246.6 11271.2 11302.4 11334.2 11366.2 11396.4 11426.8 11449.7 11463.6 11462.7 11435.7 11380.8 11308 11218.1 11119.9 11019.4 10917.2 10810.5 10726.5 10651.4 10576.3 10516 10465.1 10421.3 10382.8 10350.1 10320.5 10298.8 10280.2 10262 10250.9 10243.1 10236.5 10230.9 10223.9 10198.4 10155.8 10107.4 10055.6 10001.9 9976.08 9969.24 9964.04 9960.48 9966.11 9988.29 10015.6 10044.4 10073.9 10102.7 10130.7 10157.5 10182.7 10200.7 10213 10224.8 10237.3 10249.9 10263.8 10275.8 10281.3 10290.3
11213.9 11217.9 11219.4 11220.9 11227 11246 11269.6 11299.7 11329.6 11359.1 11385.9 11412.4 11430 11439.2 11430.8 11397.2 11347.9 11284.7 11200.3 11105.3 11006.7 10904.7 10796.7 10707.4 10621.9 10555.5 10501.6 10453.5 10412 10375.3 10344.1 10317.4 10297.5 10283.2 10263.3 10248.9 10239.9 10233.9 10229.7 10224.9 10198.4 10155.7 10108.8 10061.3 10012.5 9984.3 9976.17 9972.79 9974.46 9982.2 9999.19 10022.5 10048.8 10076.8 10104.6 10131.5 10157.6 10182.3 10202.2 10213.7 10223.6 10235.8 10248.2 10260.7 10279.5 10283.6 10291.8
11214.3 11215.5 11216.5 11218.7 11226.5 11244.9 11267.6 11296.1 11323.5 11350.4 11375 11398.5 11412.1 11418.3 11410.2 11385.5 11338.7 11266.6 11186.6 11092.2 10994 10892.6 10794.2 10692.5 10607.9 10541 10488.8 10443.6 10404.3 10370 10339.7 10314 10294.4 10280.1 10259.7 10245.2 10236.1 10230 10225.6 10221 10195.2 10156.3 10113.2 10069.7 10033 10009.4 9992.33 9986.81 9993.02 9999.23 10011.9 10032.2 10056.2 10082.4 10108.3 10134.1 10158.2 10180.7 10199.6 10212 10222.5 10235.7 10248.8 10262 10281.2 10286.5 10294.1
11212.3 11213.7 11212.9 11212.8 11222.6 11242.3 11265 11293.3 11319.4 11344.3 11365.4 11385.7 11397.4 11400.4 11395.9 11378.2 11335.8 11258.4 11175.3 11082 10984.2 10883.5 10775.4 10683 10600.3 10530.7 10478.5 10436 10398.7 10365.7 10336.4 10310.9 10290.9 10275 10253 10240 10231.6 10225.5 10220 10215.3 10191.1 10157.1 10119.3 10081.5 10048.9 10026.4 10007.5 9997.17 9996.64 10006.1 10021.7 10042.5 10065.3 10089.5 10113.6 10137.3 10159.7 10179.9 10201.1 10210.4 10223.1 10237.5 10251.6 10266.4 10284.6 10288.6 10296
11215 11212.1 11210.5 11210.5 11220.7 11241.5 11263 11290.6 11314.3 11337.3 11358.9 11374.1 11383.5 11386.7 11381 11364.5 11326.3 11247.5 11164.9 11073.6 10976.1 10878.2 10770 10677.5 10591.5 10521.3 10472.1 10431 10394.6 10362.7 10334 10308.5 10287.3 10267.3 10248 10235.8 10227.5 10221.3 10216.1 10208.8 10187.1 10158.4 10126.9 10094.9 10066.2 10041.7 10020.9 10006.1 9998.62 10012.1 10032.1 10053.4 10075.5 10098.3 10121 10142.7 10163.1 10181.7 10197 10210.4 10226.6 10240.9 10254.3 10268.6 10281.6 10288.1 10298.9
11206.8 11208.6 11209.4 11210.1 11221.1 11240.4 11262.3 11288.7 11310.4 11333.1 11349.9 11364.4 11371.3 11373.3 11364.7 11342.8 11299.6 11231.5 11154.2 11067.5 10973.2 10877.5 10769.5 10677.6 10593.8 10522.7 10470.4 10428.7 10392.8 10361.5 10333.2 10308.4 10285.4 10267.2 10248.5 10234.3 10224.6 10216.7 10208.5 10201.6 10184.2 10160.7 10134.5 10108.4 10084.1 10055.3 10035.9 10021.6 10014.4 10027.8 10047.2 10067 10087.4 10108.1 10128.7 10149 10168.4 10185.7 10199.9 10213.4 10231.3 10244.2 10255.7 10267.4 10279.8 10290.1 10304.1
11200.2 11204.1 11207.6 11211.4 11222.8 11241.1 11261.1 11282.6 11309.3 11330.4 11345.4 11357 11363.3 11362.1 11350.1 11323.5 11281.3 11217.2 11146.8 11064.9 10975 10865.9 10773.8 10683.1 10600.6 10528.8 10472.1 10429.2 10393.6 10362.1 10334.8 10309.9 10287 10268.8 10251.7 10233.9 10221.8 10213.8 10204 10198.5 10183.1 10163.4 10141.8 10119.3 10096.1 10069.4 10055.7 10047 10043.1 10052.8 10067.3 10083.2 10100.8 10119.2 10137.8 10156.4 10174.2 10190.9 10203.6 10217.2 10234.1 10246.1 10256.5 10267.1 10279.4 10294.7 10311.9
