real_craters/C104-300m.grd
DSAA
228 228
-34.0025 34.0025
-34.0025 34.0025
9959.3897700727 11549.405387762
[rows 120 to 149 of 228, columns 0 to 66 of 228]
11149.4 11149.7 11149.1 11151.6 11156.1 11154.5 11153.3 11152.1 11151.2 11150.3 11149.4 11148.5 11147.9 11147.1 11146.5 11145.8 11145.5 11145.6 11147.9 11149.3 11149.8 11150.9 11152.3 11154.2 11156.8 11160.1 11164.2 11159.4 11150.3 11150 11148.2 11144.6 11140.4 11139 11140.6 11142.5 11144.6 11146.7 11149 11151.8 11155 11158.6 11161.8 11164.7 11168.9 11172.2 11176.4 11184.6 11194.2 11198.1 11201.4 11204.3 11206.6 11207.8 11205.7 11201.2 11195.5 11191 11188.8 11190.1 11192.4 11192.9 11193.1 11193.5 11193.4 11191.5 11192.3
11147.7 11147.3 11146.5 11146.8 11150.1 11151.3 11151 11150.4 11149.7 11149 11148.3 11147.8 11147.5 11147.2 11146.2 11145 11144.8 11146.6 11149.1 11151.4 11150.2 11150.2 11150.8 11152.1 11153.9 11156.6 11160.5 11159.9 11154.4 11153.2 11149.7 11146 11143.7 11141.5 11141.2 11142.2 11143.9 11145.8 11147.9 11150.2 11153 11156.5 11161.8 11164.7 11167.2 11171.1 11175.7 11181.9 11195.3 11199.1 11201.9 11204.1 11205.2 11203.6 11201.6 11201.1 11196.5 11192.7 11190 11189.1 11190.1 11190.5 11190.7 11190.9 11191.1 11190.5 11190.9
11147.3 11146.7 11146.7 11148 11148.1 11148.6 11148.8 11148.6 11148.2 11147.7 11147.2 11146.8 11146.6 11146.6 11145.1 11143 11141.8 11142.7 11146 11147.5 11148.2 11148.4 11148.8 11149.5 11150.1 11150.4 11150 11154.8 11163.2 11156.1 11151.1 11147.1 11143.4 11142.3 11142.1 11142.4 11143.4 11145 11146.7 11148.6 11151 11153.3 11155.7 11160 11164.8 11169.7 11175.1 11181.9 11192.7 11198 11201.3 11203.7 11205.2 11205.6 11206.7 11205.7 11202.7 11196.6 11190.1 11187.7 11189.4 11188.4 11188 11188.5 11190.2 11193.2 11192.2
11147.2 11146.6 11146.5 11147 11146.5 11146.3 11146.7 11146.8 11146.5 11146.3 11145.8 11145.3 11144.9 11144.2 11142.5 11140.1 11138 11138.2 11142.7 11145 11145.2 11145.7 11146.2 11146.5 11146.5 11145.8 11145.7 11150.2 11150.3 11153.1 11150.9 11148.2 11146.2 11143.3 11142.1 11142.2 11142.9 11144.3 11145.9 11147.7 11149.5 11150.9 11152 11156.9 11162.6 11168.4 11174.7 11182.6 11190.1 11196.1 11200.1 11203 11205.3 11207.6 11209.6 11210.2 11208.5 11200.9 11193.1 11187.5 11184.9 11184.7 11184.8 11185.7 11187.3 11190.7 11193.3
11147.3 11146.6 11145.9 11144.6 11142.2 11144.7 11145.6 11145.7 11145.3 11144.9 11144.3 11143.5 11142.7 11141.6 11140 11137.6 11135 11134.5 11136.5 11139.9 11141.9 11143 11143.7 11144.1 11144.1 11143.9 11144.4 11148.8 11157.2 11154.8 11148.1 11145.2 11145.5 11142.3 11141.1 11141.4 11142.5 11144.1 11145.6 11147.1 11148.4 11149.9 11152.8 11155.9 11160.8 11166.7 11173.3 11181.1 11188.6 11194.5 11198.2 11201.2 11204 11206.2 11207.8 11211.2 11210.9 11202.8 11195.5 11189 11181.2 11182 11182.1 11182 11182.5 11183.3 11186.9
11147.7 11146.5 11145.8 11146.3 11146.1 11145.4 11145 11144.6 11144 11143.4 11142.6 11141.7 11140.6 11139.3 11137.7 11136.1 11134.7 11134.4 11135.8 11137.9 11139.8 11141 11141.8 11142.4 11142.7 11143.3 11144.3 11145.7 11145.3 11143.5 11142 11137.6 11134.8 11137.7 11139.4 11140.8 11142.2 11143.9 11145.5 11147 11148.1 11148.2 11150.5 11154.5 11159.3 11164.4 11170.4 11178.9 11189.2 11192.6 11195.1 11198.1 11201.2 11204.9 11208.9 11209.1 11206.3 11201 11196 11193.6 11186.7 11182.2 11180.5 11179.4 11178.1 11176.3 11178.4
11147.7 11146.1 11145 11144.4 11146 11145.5 11144.4 11143.6 11142.8 11142.1 11141.1 11140.1 11138.9 11137.5 11136.2 11135.6 11135 11135.2 11136.1 11137.2 11138.4 11139.4 11140.2 11140.8 11141.4 11142.1 11142.8 11142.7 11141.7 11140.4 11138.6 11135.4 11133.5 11135.9 11138.1 11140.1 11141.8 11143.9 11145.7 11147.8 11149.7 11150.3 11149.1 11154.8 11158.2 11161.6 11165.1 11169.7 11178.5 11185.4 11189.9 11193.9 11197.3 11200.9 11203.8 11201.8 11199.1 11196.5 11193.3 11190 11186 11182.6 11180.6 11178.9 11176.5 11173.7 11175.7
11146.3 11145.1 11144 11142.8 11142.8 11143.8 11143.5 11142.7 11142.1 11141.3 11140.3 11139.1 11137.7 11136.4 11135.5 11135.6 11136.2 11136.3 11136.5 11136.8 11137.5 11138.1 11138.7 11139.2 11139.9 11140.7 11141.1 11141.2 11140.5 11139.6 11138.4 11137.6 11136.7 11136.5 11137.7 11139.6 11141.4 11143.4 11145.9 11148.7 11152.5 11157.9 11161.1 11157.8 11158.2 11159.4 11160.6 11161.2 11165.1 11176 11184.2 11188.8 11192.4 11194.6 11195 11193.1 11192 11191.8 11190.9 11188.9 11184.4 11182.7 11181.1 11179.9 11177.8 11174.5 11174.4
11144.7 11144.2 11143.5 11142.9 11143.2 11143.3 11142.5 11141.8 11141 11140.1 11139.1 11138.1 11137 11135.7 11134.6 11135.5 11136.9 11136.8 11136.6 11136.5 11136.8 11137 11137.2 11137.4 11138 11139.2 11139.9 11140.2 11140.4 11139.3 11139.3 11137.7 11137.1 11137.3 11137.7 11139.3 11141.2 11144.1 11146.9 11149.9 11153.1 11155.7 11157.5 11158 11157.9 11158 11158.2 11158.2 11161.1 11172.8 11180.2 11185.2 11188.2 11189.2 11188.7 11188.4 11187.7 11187.9 11188.3 11188 11185.3 11183.1 11182.1 11181.8 11182.1 11183.7 11180.9
11143.8 11143.5 11143.2 11143 11142.8 11141.9 11141.4 11140.8 11140.1 11139.3 11138.5 11137.6 11136.6 11135.7 11135.2 11136 11137 11136.7 11136.3 11136.2 11136.1 11136.1 11136.1 11136 11135.7 11135.7 11137.2 11139.2 11141.4 11144 11141.4 11138.3 11137.2 11137.3 11138.1 11139.6 11141.5 11143.4 11145.9 11148.9 11152.3 11156.6 11157.4 11157.2 11157.2 11157.5 11158.1 11159.6 11163.1 11174.9 11179.3 11183 11185 11185.1 11182.8 11180.3 11182.9 11184 11184.3 11187.2 11184.1 11183.2 11183 11183.6 11185.5 11188.4 11189.2
11143.4 11143.1 11142.8 11142.7 11142.9 11140.9 11140.5 11139.9 11139.2 11138.6 11137.8 11137.2 11136.6 11136.1 11136.4 11136.8 11137 11136.7 11136.3 11135.9 11135.6 11135.3 11135.2 11134.8 11134 11133 11135 11137.5 11140.3 11144.2 11140.5 11139.1 11137.1 11136.7 11137.4 11138.8 11140.5 11143.2 11146.4 11148.8 11151.2 11152.6 11154.8 11155.7 11156.3 11157.3 11159 11162.4 11169.4 11173 11177.7 11181.5 11183.8 11184.4 11182.7 11180.1 11182.6 11182.2 11179 11175.6 11182.1 11183.1 11183 11183.9 11186.4 11190.2 11194.5
11143 11142.6 11142.3 11141.8 11140.3 11140.9 11140 11139.2 11138.5 11137.9 11137.3 11136.8 11136.4 11136.2 11136.4 11136.8 11136.8 11136.2 11135.7 11135.3 11135.2 11135 11134.8 11134.4 11134.1 11133.8 11134.5 11135.6 11136.4 11135.1 11134.1 11132.6 11134.2 11135.6 11137.1 11138.2 11140.8 11143.3 11145.7 11148 11150.2 11151.7 11153.3 11154.4 11155.5 11156.9 11159.2 11162.8 11166.4 11171.4 11177.7 11181.2 11183.7 11186.3 11188.7 11189.9 11188.1 11184.5 11180.4 11180.6 11186 11183.3 11181.9 11182 11184.4 11189.8 11196.2
11142.5 11142.1 11141.9 11141.6 11141.8 11140.9 11139.1 11138.5 11138 11137.4 11137 11136.5 11136.1 11136 11136 11135.9 11135.3 11134.9 11134.8 11134.8 11134.8 11134.7 11134.5 11134.4 11134.2 11134.2 11134.1 11134.1 11133.5 11131.8 11130.8 11131 11132.6 11134.5 11136.1 11137.8 11140 11142.5 11144.8 11147.3 11149.6 11151.1 11152.4 11153.3 11154.4 11155.8 11158.3 11162.1 11169.4 11177 11179.1 11181.2 11184 11187.4 11192.9 11197.5 11192.9 11188.6 11185.7 11185 11183.3 11181.1 11179.7 11178.3 11178.3 11182.4 11190.2
11141.5 11141.4 11141.4 11141.3 11140.7 11137.5 11138 11137.8 11137.4 11137 11136.5 11136 11135.6 11135.2 11135 11133.9 11133 11133.3 11134.1 11134.4 11134.4 11134.4 11134.3 11134.4 11134.5 11134 11133.7 11133.3 11132.5 11131.5 11131.1 11131.3 11132.7 11134 11135.7 11137.4 11139.3 11141.6 11144.2 11146.9 11148.9 11150.9 11151.4 11151.9 11152.7 11154.1 11156.3 11159.3 11163.6 11171.7 11177.2 11179.4 11181.9 11185 11189.6 11194.1 11193.6 11191 11188.8 11184.9 11180.1 11180.1 11178.1 11175.2 11172.5 11175.9 11185.1
11140.2 11140.7 11141 11141.1 11141 11140 11138.5 11137.8 11137.2 11136.8 11136.3 11135.8 11135.2 11134.4 11133 11130.3 11132 11134 11134.2 11134.3 11134.4 11134.2 11134.2 11134.4 11134.8 11134.8 11133.5 11132.6 11132.2 11132.2 11133.3 11133.8 11133.5 11134.4 11135.7 11137.4 11139.2 11141.2 11143.2 11145.8 11148.5 11149.8 11150.3 11150.6 11151.1 11152.2 11153.7 11155.5 11158.9 11167.9 11173.8 11175.8 11178.2 11180.2 11181.6 11188.2 11191.4 11191.2 11190.5 11188.4 11185.6 11182.2 11178.8 11175 11171.3 11174.8 11183.5
11139.5 11140.1 11140.6 11141 11141.2 11140 11138.6 11137.8 11137.2 11136.7 11136.2 11135.7 11135.2 11134.4 11133.4 11133 11133 11134.1 11134.4 11134.3 11134.3 11134.1 11133.9 11133.7 11133.7 11133.4 11132.9 11132.3 11131.9 11131.9 11131.8 11132.5 11133.6 11134.1 11135.2 11136.3 11137.6 11139.1 11140.9 11143.8 11148.3 11150 11148.6 11148.5 11148.9 11149.4 11150.5 11151.9 11153.9 11160 11166.3 11170.8 11174.4 11176.6 11176.4 11180.1 11185.2 11190.2 11192.5 11192.5 11189.4 11185.4 11181.5 11178.3 11176.4 11179.6 11186.1
11139.4 11139.9 11140.3 11140.6 11140.5 11140 11138.8 11137.7 11137.2 11136.8 11136.3 11135.9 11135.3 11134.8 11134.6 11134.5 11133.9 11134.2 11134.4 11134.4 11134.4 11134.2 11133.8 11133.2 11132.7 11132.4 11132.3 11132 11131.6 11131.3 11131.5 11133 11133.6 11134.4 11135 11135 11135.8 11136.6 11138.2 11139.6 11143 11144.6 11144.6 11145.1 11146.1 11146.7 11148.3 11149.7 11150.2 11150.3 11158.3 11166.8 11172 11175.9 11178.8 11179.4 11184.2 11190 11194.6 11192.8 11191.1 11187 11184.1 11182.9 11183.6 11186.5 11192.1
11139.7 11139.9 11140.1 11140.2 11139.9 11138.7 11137.5 11137.5 11137.2 11136.9 11136.5 11136 11135.6 11135 11134.4 11134.1 11134.2 11134.5 11134.8 11134.9 11134.9 11134.3 11134 11132.8 11131.7 11132 11132.2 11132.1 11131.9 11131.5 11131.9 11132.7 11134.1 11134.6 11134.9 11135.3 11135.6 11135.5 11135.4 11134.8 11132 11135.8 11139.7 11141.9 11143.7 11145.4 11146.9 11148.8 11151.2 11154.5 11160.5 11167 11170.8 11174.4 11181.9 11182.2 11184.8 11187.7 11191.3 11189.3 11186.4 11185.4 11185.9 11186.7 11188.7 11191.8 11196.6
11140 11140 11140 11139.9 11139.8 11139.7 11138.4 11137.7 11137.3 11137 11136.7 11136.3 11135.9 11135.3 11134.1 11133.5 11134.6 11135.1 11135.1 11135.2 11135.3 11135 11134.7 11134.2 11133 11133 11133.1 11132.9 11132.6 11132.6 11130.7 11133.3 11134.7 11135 11135.6 11135.7 11135.7 11135.4 11134.5 11133.4 11132.2 11133.9 11136.7 11139.7 11141.6 11143.7 11145.2 11148.1 11153.4 11163.3 11169.1 11169.7 11169.5 11168.8 11168.2 11172.8 11175.5 11182.1 11185.2 11185.2 11184.6 11186.1 11187.5 11189 11191.7 11194.5 11198.3
11140.3 11140.2 11140 11139.8 11139.4 11138.4 11138.1 11137.9 11137.6 11137.4 11137.1 11136.9 11136.6 11136.4 11136.2 11135.1 11134.8 11135.2 11135.6 11136 11136.1 11136.4 11136.2 11135.9 11136.3 11135.2 11134.7 11134.2 11133.7 11134.3 11138 11134.8 11136.1 11136.9 11137 11136.7 11136.1 11135.5 11134.7 11134 11134.1 11134.4 11135.7 11137.1 11139.1 11140.9 11143.5 11146.5 11150.8 11158.7 11170.8 11170 11168.6 11166.5 11164.2 11171.4 11175.7 11178.5 11179.1 11182.3 11186.9 11188.9 11188.4 11189.4 11191.6 11195.2 11198.1
11140.6 11140.4 11140.1 11139.9 11139.4 11138.9 11138.8 11138.3 11137.8 11137.5 11137.2 11137 11137 11137.2 11137.7 11136.6 11135.3 11135.3 11135.8 11136.3 11136.9 11137.5 11137.7 11137.2 11136.3 11137 11136.7 11135.9 11134.5 11132.5 11131.5 11136.3 11138.9 11139.2 11138.5 11137.8 11136.7 11135.8 11134.9 11135 11135.1 11134.8 11135.1 11136.3 11137.4 11139.3 11141.5 11143.3 11145.9 11148.6 11159.9 11165.6 11167.4 11169.7 11172.9 11175.5 11180.1 11178.1 11176.4 11179.3 11182.3 11184.6 11187.1 11189.4 11191.9 11195.4 11198.4
11141.2 11140.9 11140.5 11140.1 11139.8 11139.8 11139.1 11138.6 11138.2 11137.9 11137.6 11137.4 11137.3 11137.3 11137.3 11136.3 11135.1 11135.6 11136.4 11137.1 11137.9 11138.9 11139.8 11140.3 11140.1 11139.8 11139.3 11138.7 11137.3 11134.3 11136.9 11145.2 11143.1 11141.9 11140.6 11139.2 11137.8 11136.5 11134.9 11134.4 11135.7 11134.5 11134.7 11135.5 11136.7 11138 11139.2 11140.5 11142.4 11144.3 11152.9 11160.1 11164.5 11167.8 11171.2 11175.8 11180 11177.9 11175.6 11177 11178.6 11180.4 11185.3 11190.1 11193.2 11195.2 11197.9
11141.9 11141.4 11140.9 11140.4 11139.9 11139.5 11139 11138.7 11138.3 11138 11137.7 11137.5 11137.2 11136.7 11136.2 11135.8 11136 11136.3 11136.9 11138 11138.9 11140.1 11141.8 11144.1 11144 11142.5 11141.9 11141.9 11142.6 11144.4 11146.5 11147.2 11145.8 11143.8 11142.1 11140.7 11139.3 11137.4 11135.1 11131.3 11130.1 11133.2 11134.8 11135.5 11136.3 11136.9 11138.1 11139 11140.7 11143.6 11149.5 11155.2 11159.8 11166.3 11169 11171 11174.8 11174.4 11173.7 11175.3 11177.6 11179.7 11183.3 11186.7 11190.1 11193.2 11196.5
11142.6 11142 11141.4 11140.8 11140.1 11139.4 11139 11138.7 11138.6 11138.3 11138 11137.8 11137.4 11136.6 11135.1 11134.9 11136 11136.9 11137.6 11138.2 11139.1 11140.2 11141.6 11144 11144.5 11143.5 11143.4 11144.4 11146.6 11150.7 11150.7 11148.4 11146.3 11144.8 11143.4 11142.1 11140.9 11139.5 11137.8 11134.9 11133.6 11135.3 11135.9 11136.3 11136.3 11136.4 11137.3 11138.1 11139.1 11141 11145.4 11149 11151.4 11155.2 11158.7 11161.3 11163.8 11169.7 11171 11172.9 11176.9 11182.5 11179.3 11177.7 11182.5 11189.4 11195.3
11143 11142.4 11141.8 11141.2 11140.5 11139.7 11138.9 11138.9 11138.8 11138.5 11138.3 11138.1 11137.9 11137.9 11137.4 11135 11136.1 11137.5 11137.9 11138.4 11139.1 11140 11140.5 11139.2 11141 11142.5 11143.3 11144.7 11146.9 11148.5 11148.5 11145.6 11145.8 11144.9 11143.9 11142.8 11142 11141.7 11142.3 11144.2 11142 11139 11137.6 11137 11136.9 11136 11136.2 11136.8 11137.7 11138.1 11138.7 11140.2 11141.8 11141.5 11147 11151.4 11154 11158.9 11164.7 11168.4 11171.4 11174.4 11171.1 11168.5 11175.4 11184.9 11193.2
11143.6 11143 11142.5 11141.9 11141.4 11140.7 11140 11139.5 11139.2 11138.8 11138.6 11138.3 11138.1 11137.8 11137.3 11136.7 11137.3 11137.7 11137.9 11138.1 11138.4 11139.2 11140.6 11141.8 11141.2 11141.1 11141.7 11143.1 11145.4 11147.8 11147.4 11146.8 11145.8 11144.7 11143.7 11142.8 11142.3 11142.3 11143.6 11147.4 11144.4 11140.6 11138.6 11137.5 11137 11136 11135.9 11136 11136.6 11137.8 11138.3 11137.5 11136.9 11135.3 11139.9 11145.4 11150.1 11155.3 11160.8 11163.7 11164.1 11163 11162.9 11164.6 11171 11179.6 11186.8
11144.1 11143.6 11143.1 11142.8 11142.4 11142 11141.5 11139.9 11139.6 11139.2 11138.8 11138.4 11138.2 11137.9 11137.9 11137.5 11137.9 11137.9 11137.7 11137.3 11137.1 11137.4 11138.7 11141.5 11139.4 11138.6 11138.7 11139.6 11141.5 11145.6 11145.2 11145.4 11145.2 11143.9 11142.7 11142 11141.9 11141.8 11140.9 11138.3 11140.4 11139.7 11138.4 11137.2 11136.4 11136.2 11135.9 11135.6 11136.3 11137.6 11140.3 11142.6 11136 11132.4 11136.8 11143.1 11150.5 11159.2 11160.2 11160 11159.4 11157.1 11158.2 11162.1 11166.6 11172.9 11179.3
11144.8 11144.4 11143.9 11143.6 11143.4 11143.2 11142.7 11141.5 11140.4 11139.5 11138.8 11138.3 11138.1 11138 11138.4 11140 11139 11137.9 11136.8 11135.9 11135.1 11134.3 11133.5 11132.9 11134.2 11134.6 11134.8 11134.9 11134.4 11133.7 11139.7 11144.6 11143.7 11141.3 11140.4 11140.3 11140.8 11141.4 11140.5 11135.3 11139.1 11138.9 11137.6 11136.9 11136.1 11135.9 11135.5 11135.4 11135.4 11136.1 11138.2 11140.1 11133.6 11131.9 11135.8 11142.3 11150.8 11159 11159.6 11158.4 11157.5 11156.5 11156.6 11157.7 11160.2 11163.9 11167.4
11145.4 11144.9 11144.7 11144.4 11144 11144 11143.9 11142.8 11140.9 11139.6 11138.7 11138 11137.6 11137.3 11136.5 11136.1 11135.9 11135.4 11135.4 11134.5 11133 11131.3 11129.3 11128.4 11129.7 11130.5 11131 11130.9 11130.9 11131.6 11133.8 11136.4 11136.7 11136.5 11136.8 11137.6 11139 11141.3 11144.9 11147.6 11142.1 11139.2 11137.3 11136.4 11135.2 11134.7 11134.3 11133.8 11133.3 11133.1 11132.5 11128.8 11128.6 11130 11135.3 11141.6 11148.6 11154.6 11159.2 11158.5 11156.4 11154.4 11153.2 11152.4 11152.9 11153.1 11154.3
11146 11145.5 11145.1 11144.7 11144.5 11144.2 11143.6 11142.3 11140.6 11139.3 11138.3 11137.3 11136.4 11136.1 11133.6 11132.8 11134.3 11135.6 11135 11133.5 11131.5 11129.3 11126.8 11125.8 11126.7 11127.5 11127.8 11127.7 11127.6 11127.9 11128.3 11127.6 11128.2 11131 11132.6 11133.9 11135.7 11138 11143.1 11146.8 11140.9 11138 11136.4 11135.4 11134.9 11134.1 11133.4 11132.6 11131.5 11130 11127.4 11126.5 11127.1 11130.4 11135.9 11141.9 11147.7 11157.1 11162.4 11159.4 11154.9 11150.3 11148.2 11149.3 11147.6 11144 11141.5
