real_craters/C104-300m.grd
DSAA
228 228
-34.0025 34.0025
-34.0025 34.0025
9959.3897700727 11549.405387762
[rows 180 to 209 of 228, columns 134 to 200 of 228]
11114.7 11113.8 11108.3 11102.6 11092 11084 11083.1 11084.3 11088.6 11091.6 11092.4 11091.8 11090.5 11088.5 11086.5 11085 11084.2 11084.4 11086.5 11091.8 11087.9 11085.2 11082.8 11080.3 11077.8 11075.1 11072 11068.6 11064.9 11061.3 11057.7 11054.4 11052.1 11050.9 11049.8 11049.4 11049.4 11048 11046.1 11044.5 11043.3 11042.1 11041.5 11042.6 11046 11047.3 11047.6 11045.8 11043.5 11042.7 11042.6 11042.1 11041.6 11041.2 11041 11040.9 11042.3 11043.2 11043.5 11043 11043.6 11044 11043.6 11042.8 11041.6 11039.4 11038.9
11115.8 11115.7 11109.9 11107.3 11104.7 11086.9 11087.9 11085.1 11086.3 11088.1 11088.5 11088.9 11087.6 11086.2 11085.8 11084.7 11084 11084 11084.5 11086.4 11084.8 11082.7 11080.7 11078.6 11076.2 11073.5 11071.2 11067.9 11064.5 11060.9 11057.4 11054.6 11052.5 11051.3 11050.3 11049.6 11048.7 11047.5 11046.2 11045.1 11044.2 11043.6 11043.5 11044.1 11045.1 11047.1 11047.7 11046.1 11042.3 11042.7 11042.4 11041.7 11041 11040.4 11040.1 11039.7 11040.4 11041.1 11041.8 11042.6 11042.5 11042.6 11042.7 11042.7 11043.1 11045.3 11042.3
11110.9 11106.7 11105 11104.6 11103.7 11101.6 11096.3 11090 11085.8 11086.8 11087 11086.4 11086.4 11084.6 11083.7 11082.7 11082.1 11081.7 11081.2 11080.2 11080.2 11080.2 11079 11077.5 11075.5 11072.9 11070.2 11067.4 11064.3 11061 11057.7 11054.5 11052.9 11052 11051.1 11049.8 11048.3 11046.8 11046.3 11046 11045.6 11045.2 11045.2 11045.6 11046.4 11050.9 11053.7 11049.9 11047.2 11044.7 11043.2 11041.9 11040.8 11039.4 11037.8 11038.4 11039.2 11039.7 11040.2 11040.5 11041 11041.5 11041.9 11042.2 11042.5 11042 11042
11105.5 11101.5 11100.8 11100.8 11100.7 11103.2 11094.1 11085.6 11085.6 11085.2 11086.4 11085.8 11085 11083.8 11082.8 11081.9 11081.1 11080.1 11078.8 11075.4 11076.2 11077.8 11077.9 11076.9 11075.3 11073.3 11070.8 11067.5 11064.7 11061.7 11058.6 11055.4 11054.1 11053.2 11052.2 11050.8 11048.8 11047 11047.4 11047.4 11047.1 11046.8 11046.7 11047.4 11049.7 11051.6 11053.3 11050 11047.8 11046.1 11044.3 11042.7 11041.3 11039.9 11038.8 11038.8 11039 11039 11038.9 11039.2 11039.8 11040.5 11041.1 11041.4 11041.6 11041.9 11041.3
11099.8 11098.6 11099.9 11102.3 11102.1 11098.6 11091.7 11089.7 11087.1 11085.7 11084.1 11082.7 11081.6 11081.6 11080.6 11079.6 11078.9 11079 11079.6 11076.2 11075.9 11077.5 11077.4 11076.4 11074.8 11072.9 11070.7 11068.3 11065.8 11063.4 11060.7 11057.6 11056.4 11055.2 11054.1 11052.8 11051.7 11050.7 11050.3 11049.6 11048.9 11048.4 11048 11047.8 11047.2 11047.2 11046 11047.1 11047.8 11046.5 11044.5 11043.1 11042.1 11041.2 11041.5 11040.4 11039.7 11039.2 11038.3 11038.2 11039.2 11040.1 11040.6 11040.9 11040.7 11040.2 11040.7
11092.5 11090.2 11095 11104.8 11105.4 11099.6 11094.1 11094.5 11089.7 11085.9 11083.7 11082.4 11081.1 11079.9 11078.8 11077.7 11076.7 11076.2 11077.5 11078.6 11079.7 11079.8 11078.8 11077.5 11075.9 11074 11071.7 11069.5 11067.3 11065.2 11063.4 11061.7 11059.3 11057.8 11056.6 11055.6 11055.1 11055 11053.7 11052.2 11050.9 11049.7 11048.8 11048.2 11047.6 11046.7 11045 11045.3 11045.7 11044.8 11044.1 11043.5 11043 11042.1 11040.8 11040.9 11041 11040.4 11039.6 11039.2 11039.5 11040 11040.5 11040.7 11040.8 11040.8 11040.5
11086 11085.1 11088.8 11096.1 11098 11093.4 11091.2 11091.4 11089.4 11087.3 11085.5 11083.9 11081.9 11080.7 11079.2 11077.7 11075.8 11073.5 11071.9 11080.2 11084.4 11081.6 11079.6 11077.9 11076.3 11074.4 11072.5 11070.5 11068.6 11066.8 11065.2 11063.4 11061.6 11060 11058.7 11058 11057.9 11058.1 11056.6 11054.3 11052.4 11051.1 11049.9 11049 11048.5 11047.9 11046.5 11046.9 11045.8 11044.3 11044 11044.2 11044.4 11044.2 11043.7 11044 11043.3 11042 11040.8 11040.3 11040.2 11040.5 11040.7 11040.8 11040.7 11040.7 11040.6
11084.8 11082.2 11081.8 11086.5 11090.8 11092.7 11092 11089.4 11088.5 11087.1 11085.5 11084 11083.1 11081.8 11080.5 11079 11076.9 11073.3 11070.1 11077 11080.8 11081 11080 11078.5 11076.8 11075 11073.1 11071.4 11069.8 11068.2 11066.3 11064.6 11063.3 11061.7 11060.4 11059.6 11059.3 11059.4 11057.7 11055.5 11053.5 11051.9 11050.5 11049.4 11048.2 11048.1 11051.8 11051.4 11047.2 11044.2 11044.1 11045.2 11046.5 11047.4 11048.4 11048.8 11046.4 11043.7 11041.7 11040.7 11040.7 11041 11041.4 11041.6 11040.4 11040.5 11040.9
11084.5 11082.1 11081.2 11081.7 11086.8 11093.2 11099.7 11090.6 11088.3 11087.2 11085.9 11084.7 11083.5 11082.7 11081.4 11080.5 11079.6 11077.9 11072.9 11077 11078.8 11080.9 11080.4 11078.9 11077.1 11075.6 11074 11072.5 11071 11069.6 11068.1 11066.4 11064.8 11063.1 11061.9 11060.7 11059.8 11058.6 11057.2 11055.7 11054 11052.5 11051.3 11050.2 11049.4 11049.6 11052.1 11051.4 11047.7 11044.5 11044.5 11046 11048.6 11051.4 11053.4 11053.3 11048.3 11044.5 11041.7 11041.1 11041.1 11041.5 11042.1 11043 11044.9 11043.4 11041.8
11084.3 11082.7 11082.2 11081.4 11084 11087 11086.9 11088.5 11087.6 11086.2 11085.1 11084 11083.1 11082.4 11081.8 11081.7 11083 11086.2 11090.6 11085.9 11085.4 11082.9 11080.8 11079 11077.2 11075.5 11074.1 11072.6 11071.5 11070.7 11070.1 11068.2 11066.1 11064.4 11062.7 11061.3 11060 11058.9 11057.6 11055.6 11054.3 11053.1 11052.3 11052 11051.5 11051.5 11052.2 11051.2 11048.6 11045.1 11044.2 11046.4 11049.7 11053.5 11053.6 11049.9 11047.4 11045.2 11042.5 11041.8 11041.6 11041.7 11042.2 11043.2 11044.1 11043.6 11042
11086.2 11085.5 11084.2 11082 11082.6 11082.7 11083.6 11086.2 11085.3 11083.6 11082.2 11081.7 11081 11080.6 11080.5 11081.5 11083.8 11087.6 11089.9 11087.8 11085.9 11082.9 11080.5 11078.6 11076.9 11075.3 11073.9 11072.6 11071.6 11070.9 11070.1 11068.6 11066.9 11065.1 11063.4 11061.7 11060.1 11058.1 11055.9 11055.3 11054.6 11054.3 11053.7 11053.8 11053.6 11054.2 11055.7 11056.1 11050.1 11043.9 11043.1 11045.8 11049.2 11051.7 11050.4 11046.7 11045.5 11045.1 11045.7 11042.7 11041.6 11041.2 11041.4 11042.1 11043.1 11042.1 11041
11086.4 11086.5 11085.4 11083.8 11082.7 11081.4 11081 11083.6 11083.1 11081.9 11080.8 11080.3 11079.7 11079.5 11079.5 11080.1 11081.4 11083.7 11085.2 11083.9 11082.2 11080.6 11079.1 11077.6 11076.2 11074.9 11073.5 11072.3 11071.1 11070.1 11069.8 11068.3 11067 11065.4 11063.9 11062.4 11060.6 11058.5 11056.6 11055.8 11055.4 11055.6 11055.1 11054.9 11054.7 11055 11056.2 11056.4 11050.1 11044.4 11042.9 11045.3 11048.5 11049.8 11048.7 11045.9 11043.8 11042.1 11040.9 11041 11040.6 11040.5 11040.4 11040.1 11039.4 11040 11039.7
11083.9 11082.1 11085.8 11085.8 11082.5 11081.1 11081.7 11081.7 11081 11080.1 11079.3 11078.8 11078.4 11078.1 11077.9 11077.7 11077.4 11076.3 11077.2 11078.6 11078.3 11077.9 11077.2 11076.2 11075.2 11074 11073 11071.7 11070.4 11068.8 11067 11067.4 11067 11066.2 11064.9 11063.4 11061.5 11059.5 11058.5 11056.6 11056.7 11056.9 11056.4 11055.5 11054.1 11053.4 11052.6 11051.5 11047.3 11043 11041.6 11044.6 11048.8 11051.7 11048.9 11045.2 11042.6 11040.5 11039.2 11039.6 11039.8 11039.6 11039.2 11038.8 11038.5 11038.6 11038.7
11082.5 11080.9 11080.6 11080.1 11080.1 11079.9 11081.1 11080.9 11077.7 11077.2 11077 11076.8 11076.4 11076.1 11075.7 11075.1 11074 11072.9 11073.3 11074.7 11075.3 11075.2 11075 11074.6 11073.9 11073.2 11072.2 11071.1 11070 11068.6 11067.2 11067.5 11067.3 11066.8 11066 11064.7 11063 11060.7 11057.1 11057.2 11058.6 11058.6 11057.6 11055.9 11053.2 11049.9 11047.6 11046.2 11044.8 11042.4 11041.2 11044.1 11047.6 11050.1 11048 11044.6 11042.3 11040.9 11039.9 11039.5 11039.4 11038.9 11038.5 11038.3 11038 11037.9 11037.9
11081.7 11080.2 11078.3 11077.9 11077.4 11077.5 11077.5 11074.1 11073.2 11074.2 11074.7 11074.7 11074.5 11074.1 11073.7 11073.2 11072.3 11069.8 11071.2 11072.2 11072.3 11072.5 11073 11072.9 11072.4 11072 11071.3 11070.5 11069.6 11069.1 11068.8 11067.8 11067.6 11067.4 11066.8 11066.1 11065 11063.6 11062.3 11061.7 11061.6 11061.1 11059.2 11056.8 11053.4 11049.6 11047.2 11047.7 11046.6 11043.9 11042.6 11043.8 11046.2 11047.3 11046.5 11044.9 11043.4 11041.8 11040.6 11039.8 11039.2 11038.5 11038.1 11037.9 11037.7 11037.4 11037.3
11080.8 11080 11076.8 11076 11074.5 11072.3 11071.8 11070.4 11071.1 11072.2 11072.8 11073.1 11073 11072.8 11072.3 11071.9 11072 11073.7 11071.5 11071 11071 11071.2 11071.5 11071.3 11071 11070.7 11070.3 11069.9 11069.2 11067.9 11067.2 11067.7 11067.7 11067.5 11067.6 11067.4 11067.2 11066.8 11066.1 11065.6 11065.7 11064.2 11061.5 11058.5 11055.3 11052.1 11049.8 11050.5 11048.5 11045.4 11043.2 11043.2 11044.4 11045.7 11045.3 11044.5 11043.5 11042.9 11041.6 11040.4 11039.5 11038.7 11038 11036.9 11036.7 11036.9 11036.8
11079.6 11078.2 11076.8 11075.6 11072.6 11069.1 11068.7 11067.9 11070.7 11071.4 11071.6 11071.6 11071.5 11071.2 11070.8 11070.4 11070.3 11070.2 11070 11069.9 11070.2 11070.6 11070.2 11069.8 11069.6 11069.5 11069.3 11069.4 11070.1 11070.1 11068.9 11068.1 11067.5 11067.3 11067.6 11068.1 11069.1 11070 11070.6 11070.7 11070.2 11067.4 11064.2 11060.8 11057.4 11054.9 11055.4 11050.6 11048.6 11047.3 11044.8 11043.2 11042.2 11042.6 11044.1 11044.5 11044.2 11044 11042.3 11040.7 11039.5 11038.6 11038 11038.4 11037.2 11036.3 11035.9
11078 11075.6 11073.6 11072.9 11072 11071.5 11069.9 11069.9 11071.2 11071.3 11071.3 11071 11070.5 11070.3 11069.5 11068.8 11068 11067.3 11067.9 11068.2 11068.4 11068.6 11068.4 11068.2 11068.2 11068.2 11068.1 11068.5 11070.3 11071.5 11069.6 11067.9 11066.8 11066.4 11066.6 11067.8 11070.1 11072.5 11074.7 11076.8 11074.3 11070.7 11066.5 11062.1 11058.2 11054.7 11050.4 11052.9 11054.4 11050.4 11046.2 11043.3 11042.1 11042.6 11044.1 11045.7 11046.5 11043.4 11041.8 11040.6 11039.5 11038.4 11037.3 11036.6 11036.2 11035.7 11035.3
11076.9 11074.1 11072.2 11072.4 11071.5 11071.2 11070.2 11069 11070.7 11070.7 11070.6 11070.2 11069.6 11069.1 11068.4 11067.7 11066.7 11066.1 11066.4 11066.5 11066.5 11066 11066.6 11066.6 11066.5 11066.6 11066.6 11067.1 11068.9 11068.2 11067.4 11066.1 11064.8 11064 11064.3 11066 11068.8 11072.8 11076.4 11077.2 11077 11072.9 11067.1 11061.9 11058.1 11055.1 11052.2 11055.4 11057.5 11051.4 11046.6 11044.1 11043.1 11043.2 11044.4 11045.8 11046 11041.8 11041.3 11040.7 11039.6 11038.2 11036.4 11034.4 11034.8 11035 11034.9
11076.7 11075.2 11073.7 11072.1 11071.3 11070.9 11070.3 11069.9 11070 11070.5 11070.4 11069.8 11069.3 11068.6 11067.7 11067 11066.3 11065.7 11065.3 11065.2 11065.2 11065.7 11065.2 11064.9 11064.7 11064.5 11066 11066.4 11067.2 11066.4 11064.9 11063.2 11061.3 11060.1 11059.9 11061.3 11064.8 11070.5 11077.2 11081.6 11080.3 11073.3 11064.8 11058.7 11055.8 11055.6 11058.2 11056.6 11051.6 11049.6 11048.1 11046.4 11043.7 11043.8 11044.5 11044.8 11043.7 11042.4 11042.1 11041.3 11040.3 11038.9 11036.9 11034.7 11034.9 11034.9 11034.4
11076.5 11074.8 11073 11073 11072.1 11070.4 11070.8 11070.9 11070.6 11070.9 11070.5 11069.7 11068.8 11067.8 11067 11066.3 11066.1 11065.2 11064.2 11063.5 11063.3 11063.5 11062.8 11062.6 11062.5 11062.7 11062.8 11064.8 11066 11064.8 11062.5 11059.7 11056.9 11054.6 11053.3 11053.7 11056.9 11063.2 11074.2 11084.8 11083.6 11068.4 11055.9 11050.2 11049.6 11052.3 11055.6 11054.6 11049.6 11048 11047.8 11047.1 11045.2 11045 11044.9 11044.6 11044.9 11045.9 11043.2 11041.9 11041.2 11040.3 11039.3 11037.8 11036.7 11035.5 11034.3
11076.2 11074.6 11073.1 11071.9 11071.4 11071.9 11071.5 11072.4 11073 11071.5 11070 11069 11068.1 11067.1 11065.9 11064.8 11064.3 11063.3 11062.3 11061.6 11061 11060.1 11059.9 11060.2 11060.2 11059.9 11061.8 11063.7 11064.5 11064.3 11059.4 11055.3 11051.3 11047.6 11044.7 11042.6 11042.7 11046.6 11058.3 11083.7 11078 11048 11036.2 11034.8 11039.1 11045.6 11052 11053.3 11049.1 11046.9 11046.8 11047.6 11049.3 11046.8 11045.2 11044.3 11043.4 11042.7 11042.9 11042.5 11042 11042 11042.2 11041.2 11038.3 11036.1 11034.3
11076.1 11074.6 11073.1 11071.4 11071.5 11071.5 11070.2 11070.6 11070.5 11069.6 11068.8 11068.1 11067.3 11066 11064.6 11062.9 11060.8 11060.6 11060.2 11059.7 11059.1 11058.8 11058.5 11057.9 11057.6 11059 11060.7 11061 11059.4 11057.8 11054.6 11050.2 11045.2 11039.8 11034.2 11029 11024 11019.7 11018.5 11019.6 11010.9 11001.5 11004.3 11013.6 11025.4 11037.4 11047.8 11052.5 11048.7 11046 11045.6 11046.2 11047.6 11046.2 11044.7 11043.9 11043 11041.9 11042.9 11042.9 11042.5 11042.4 11042.8 11041.8 11038.5 11036 11033.9
11076.2 11075.2 11072.5 11069.7 11067.5 11066.7 11066.7 11064.6 11061.3 11065 11067.3 11067.5 11066.5 11065.1 11063.5 11061.6 11060.1 11059 11058.3 11057.7 11057.2 11057 11056.5 11056.3 11056.4 11058.2 11059.1 11058.2 11055.1 11052.8 11050.1 11045.5 11039.5 11032.5 11024.6 11015.1 11003.8 10989.8 10971.1 10944.5 10922.8 10944.8 10968.9 10991.7 11011.8 11029.1 11043 11050.2 11048 11044.9 11044.2 11043.8 11043.5 11044.1 11043.5 11042.8 11044.4 11045.1 11043.7 11042.7 11042.1 11041.6 11040.1 11038.9 11037.1 11034.5 11032.2
11075.7 11074.9 11073.4 11070.9 11068.5 11067.1 11065.8 11062.6 11058.3 11065.9 11068.2 11067.3 11065.9 11064.4 11062.7 11060.7 11059 11057.8 11056.8 11055.9 11055.1 11054.3 11053.8 11053.7 11055.2 11056.8 11057.5 11055.7 11055.3 11051.8 11047.2 11041.6 11034.7 11026.6 11016.8 11004.6 10989 10968.2 10939 10901.5 10874.5 10906.3 10944.7 10977 11002.7 11023.2 11039.3 11049.8 11047.5 11043.9 11043 11042.1 11043 11043 11042.1 11040.6 11038.7 11043.3 11042.8 11042.2 11041.5 11040.6 11039.2 11037.5 11035.8 11033.6 11031.3
11075.4 11073.1 11072.8 11072.1 11072.2 11070.4 11067.9 11066.7 11069.5 11074.4 11069.4 11067 11065.3 11063.7 11062.3 11060.3 11058 11057.2 11055.7 11054.4 11053.1 11051.9 11051.5 11051.8 11053.8 11055.6 11055.9 11054.4 11054.3 11050.5 11045.2 11038.8 11031.4 11023 11012.7 10999.6 10983 10961 10931.8 10895.8 10865.8 10899.7 10941.9 10975.8 11001.4 11021.1 11036.4 11046.1 11046.7 11044.4 11042.3 11041.6 11043.7 11042.2 11041.1 11040.2 11038 11038.9 11040.5 11041.1 11040.7 11039.8 11038.6 11036.7 11034.5 11032.4 11030.2
11076.3 11075.4 11073.5 11072.6 11074.2 11072 11069.7 11068.8 11068.3 11067.7 11067.3 11065.9 11064.4 11063 11062 11061.5 11060.1 11057.1 11054.9 11053 11051.2 11049.3 11047 11049.4 11052 11053.6 11054.1 11052.8 11051.4 11048.3 11043.4 11037.1 11030 11021.7 11011.9 11000.4 10986.3 10969.2 10948.2 10924.5 10906.2 10930.7 10964 10989.1 11008.1 11022.8 11034.6 11042.4 11043.4 11041.9 11040.6 11040.7 11040.5 11039.6 11039.6 11040.8 11042.5 11038.5 11040 11040.7 11039.9 11038.7 11037.4 11035.3 11033.1 11030.9 11028.6
11076.8 11075.7 11074.9 11074.8 11072.9 11071 11070.3 11069.5 11068.1 11065.1 11065 11064.1 11062.9 11061.7 11060.8 11060.2 11058.7 11056.1 11053.7 11051.6 11049.6 11048 11046.9 11048 11050.2 11051.7 11051.7 11051.3 11049.9 11046.6 11042.1 11036 11029.5 11022.5 11014.6 11005.9 10996.5 10987.2 10979.2 10975.4 10978.5 10993.4 11004.3 11012.2 11020 11027.2 11033.6 11036.9 11037.7 11036.7 11036.9 11036.7 11035.3 11035.8 11036.3 11037.7 11041.1 11043.6 11043.7 11041 11038.8 11036.7 11034.8 11033.2 11031.3 11029.2 11027.1
11077.5 11076.4 11075.4 11074 11072.7 11071.4 11070.8 11070.3 11069.3 11066.1 11064 11062.7 11061.5 11060.1 11058.8 11057.8 11056.2 11053.9 11051.9 11050.1 11048.5 11047.1 11046.2 11046.7 11048 11048.5 11048.4 11049.5 11048.6 11045.1 11040.9 11035.4 11030.1 11024.6 11018.9 11013.6 11009.3 11007.5 11011.1 11025.1 11057.4 11067.1 11044.6 11035 11032.1 11032.3 11033.5 11033.4 11033.2 11033.7 11032.3 11031.5 11032.2 11032 11031.8 11031.6 11034.4 11042.7 11042.5 11039.3 11037 11034.4 11031.8 11031.3 11029.8 11028 11025.7
11078.5 11077.2 11075.5 11074.1 11072.7 11072 11070.7 11070.3 11069.6 11064.9 11062.7 11061.6 11060.1 11058.4 11056.4 11054.3 11053 11051.7 11050.2 11048.6 11047.3 11046 11045.3 11045 11045 11044.6 11045.4 11046.5 11046.2 11042.8 11039.1 11035.2 11031.3 11027.4 11023.5 11021.1 11020.6 11023.7 11032.3 11049.7 11073.9 11078.2 11061.1 11047.9 11040 11035.6 11033.3 11030.8 11028.9 11027.7 11026.5 11026.3 11027.6 11027.7 11027.5 11027.6 11029.6 11032.7 11034.4 11034.9 11034.6 11033.8 11032.4 11030.6 11028.7 11026.6 11024.4
