real_craters/C104-500m.grd
DSAA
137 137
-34.0025 34.0025
-34.0025 34.0025
9960.1426296868 11550.531056536
[rows 90 to 119 of 137, columns 0 to 66 of 137]
11146.7 11145.7 11145 11144.2 11142.1 11139.3 11138.1 11135.6 11131.2 11130.1 11135.5 11133.8 11130.5 11126.7 11125 11125.3 11125 11124.2 11124.2 11124.1 11127.4 11129.3 11129.8 11128.2 11132.8 11133.2 11133.3 11133.1 11132.6 11130.2 11125.4 11128.3 11134.7 11145.4 11162.5 11162.9 11152.5 11144.7 11146.7 11143 11144.3 11159.6 11162.4 11164 11172.7 11181 11188.4 11193.5 11198.9 11203.7 11207.5 11209.6 11211.2 11211.8 11210.7 11210.3 11210.1 11209.9 11212.9 11219.2 11224.3 11230.6 11249.7 11263 11269.1 11262 11252.5
11147.2 11146.4 11145.3 11144.2 11142.1 11141.1 11139.1 11136.9 11135.1 11133.8 11133.3 11132.4 11130.4 11127.9 11126 11124.8 11123.4 11121.9 11122.6 11124.1 11124.2 11124.4 11123 11121.7 11125.2 11128.4 11130.5 11131.3 11131.4 11131.2 11132.1 11132.1 11132.2 11141.1 11152.2 11151.4 11149 11146.3 11146.6 11145.5 11146.2 11156.1 11161.3 11164.7 11173.3 11180.8 11186.1 11190 11194 11196.8 11197.9 11197.5 11195.2 11197.5 11199.6 11201.5 11202.6 11203.7 11206.4 11211.5 11217.5 11228.8 11248.7 11270.6 11264.9 11251.9 11242.1
11148.1 11147.1 11146.2 11145 11144.4 11143.9 11140.6 11137.8 11136.8 11136.1 11134.1 11132.6 11130.8 11129.9 11127.5 11126 11124.7 11123.4 11122.7 11121.5 11122.1 11122 11121 11121.2 11123.8 11127.3 11129.9 11130.8 11131.7 11132.5 11132.3 11128.8 11128.1 11128.9 11134.1 11141.2 11144 11147.9 11149.6 11148.1 11148.2 11153.6 11161.7 11170.8 11178.3 11181.5 11184.1 11186.3 11189.8 11191.2 11191.5 11190 11188 11189.6 11191.8 11195.2 11198.1 11201.3 11204.6 11206.4 11209.6 11220.6 11238.5 11256.5 11249.5 11234.8 11224.3
11148.2 11147.3 11146.5 11145.6 11144.4 11143.6 11141.5 11139.3 11138.2 11137.3 11135.9 11134 11131.1 11127.9 11127.9 11127.8 11127.6 11126.2 11124.9 11124 11123 11121.8 11120.6 11120.8 11123.6 11126.6 11127.8 11129.7 11130.9 11132.2 11133 11128.9 11126.3 11126.4 11128.7 11131.1 11138.2 11143.6 11153.4 11155 11152 11152.8 11161.6 11181.9 11182.2 11180.6 11182.1 11183.9 11185.3 11186.5 11186.5 11184.9 11182 11182.3 11187.4 11191.4 11194.4 11198.6 11203.6 11200.8 11201.7 11208.6 11221.1 11228.2 11230.2 11225.3 11220.2
11148.3 11147.5 11146.8 11145.9 11144.6 11143.7 11142.2 11140 11139.2 11137.6 11136.4 11134.5 11131.6 11129.8 11129.1 11129.2 11130.5 11129.8 11126.6 11124.7 11123.6 11122.9 11121.7 11122 11124.2 11126.2 11128.7 11130.4 11131.7 11133.1 11131.3 11127.6 11130.1 11132.2 11134.4 11138.9 11138.8 11145.6 11161.8 11160.1 11156 11155.9 11160.9 11171 11173.6 11175.3 11177.5 11179.5 11180.3 11182.2 11183.9 11184.7 11184 11186.1 11188.2 11190 11191 11190.7 11189.5 11193.3 11197.4 11201 11205.8 11212.1 11215.2 11217.7 11217.1
11147.9 11147.4 11146.9 11146.6 11146.6 11144.6 11142.8 11141.5 11137.9 11136.4 11134.3 11132.4 11131.3 11130.5 11129.9 11129.5 11128.3 11127.8 11126.8 11125.5 11125.4 11125.5 11125.3 11125.5 11126.6 11127.7 11129.3 11131.3 11133.2 11135 11135.9 11137.4 11140.2 11142.9 11138.2 11136.9 11138.3 11146.9 11155.2 11159.6 11157.7 11158.5 11162.6 11161.6 11164.5 11168.3 11171.3 11174.8 11178 11181.9 11184.7 11187.1 11190.9 11194.2 11192.9 11190 11188.4 11187.4 11189.2 11187.4 11186.7 11188.5 11189.9 11189.5 11193.1 11205.3 11201.5
11147.9 11147.3 11146.9 11146.5 11147.3 11144.7 11141.5 11139.6 11138.6 11135.1 11132 11130.2 11130.8 11130.9 11130.3 11129.7 11129.7 11127.8 11126.4 11125.9 11126.7 11127.5 11132.4 11130.2 11128.2 11128.3 11129.6 11132.1 11135 11138 11140.9 11153.9 11146.9 11132.8 11130.6 11125.5 11130.6 11142.4 11162.6 11165.8 11156.7 11155 11160.8 11157.8 11159.8 11162.1 11165.9 11169.8 11174.1 11178.7 11183.8 11189.6 11193.5 11193 11195.3 11190.5 11186 11182 11180 11178.4 11177.6 11179.4 11178.1 11174.9 11176.5 11186.8 11186.9
11147.7 11147 11146.3 11145.6 11143.9 11141.1 11138.7 11136.6 11136.1 11132.7 11130 11128.5 11130.8 11131.3 11129.9 11128.9 11128.2 11126.6 11124.8 11123.6 11123 11124.1 11126.2 11127.5 11127.2 11128 11129.7 11132.1 11135.5 11140.3 11147.3 11155.4 11143.5 11134.1 11126.3 11124.2 11129.6 11142 11155.8 11147.6 11146.8 11145.2 11142.3 11149.6 11155.7 11154.7 11159.4 11164.8 11170.3 11176 11182.4 11189.4 11195.8 11202.5 11199.2 11190.6 11183.2 11175.1 11165.5 11169 11180 11175.6 11172.6 11169.3 11169.5 11178.8 11183.1
11147.3 11146.7 11145.7 11144.1 11141.7 11139 11135.1 11132.6 11130.8 11129.4 11128.1 11127.9 11129.1 11129.5 11128.6 11127.2 11125.7 11124.1 11122.4 11120.8 11120.2 11119.3 11117 11121.5 11124.4 11126.2 11128.2 11130.7 11134.3 11138.8 11145.1 11143.3 11128.3 11120.4 11120.6 11124.4 11125.4 11134.4 11148.3 11138.8 11137.2 11135.8 11136.3 11135.3 11136.1 11143.6 11150.9 11158 11163.8 11171.9 11179.2 11187 11195.2 11203 11199.8 11189.7 11181.5 11173.3 11165.5 11163.4 11164.7 11171.9 11173.2 11172.4 11171.3 11181.4 11180.3
11146.9 11146.1 11144.9 11143.4 11141.1 11136 11132.6 11129.6 11127.4 11126.9 11126.3 11126 11126.6 11127.1 11127 11126 11123.8 11122.3 11119.9 11117.4 11115.5 11116.5 11119.8 11119.8 11121.7 11123.8 11125.9 11127.9 11130.1 11132.1 11131.4 11129.8 11118.9 11115 11116 11116 11120.6 11123.7 11128.5 11134.4 11131.6 11129.1 11123.5 11124.9 11127.6 11134.5 11142 11150.7 11158.3 11167 11174.6 11182.1 11188.5 11192.4 11191.8 11186 11180.6 11175.5 11170.7 11167.1 11167.3 11173.6 11178.3 11181.6 11185.5 11190.8 11188.3
11146.5 11145.6 11144.5 11142.8 11141.7 11139.7 11135.3 11130.4 11126.5 11125.9 11125.2 11124.7 11124.1 11125 11125.7 11126.1 11125.2 11121.4 11117.8 11114.3 11112.1 11112.8 11116 11117 11119.3 11121.6 11123.6 11125 11125.7 11124.8 11121.9 11119.8 11115.9 11116.8 11115.7 11114.5 11120.7 11119.9 11116.2 11129.3 11126.4 11125.3 11129.1 11128 11123.9 11129 11137.1 11145.1 11152.2 11160.5 11167.2 11174.2 11179.6 11182.7 11183.6 11181.3 11179.6 11178.9 11180.8 11182.8 11178.5 11180.3 11184.7 11190.9 11197.3 11196.7 11185.7
11146.8 11145.7 11144.7 11143.3 11142 11139.7 11138 11134.1 11129.4 11126.9 11125.2 11123.2 11121.9 11123.7 11124.5 11124.6 11123.8 11120.1 11116.3 11112.2 11107.8 11106.3 11108.2 11113.7 11117 11119.4 11121.4 11122.5 11122 11120.2 11117.8 11118.1 11118.1 11119.4 11117.7 11116.6 11115.3 11121.1 11134 11122.4 11121.9 11120.7 11117.9 11114.7 11118.1 11126 11134.3 11141.5 11147.7 11154.1 11159.7 11165.4 11170.2 11173.5 11175.5 11175.9 11177.1 11179.6 11183 11185.4 11185.7 11184.6 11187.8 11195 11203.4 11185.2 11185.4
11146.9 11145.9 11144.5 11144.3 11142.4 11139.4 11137.6 11132.8 11130.3 11127.7 11126 11125 11124.4 11123.8 11123.6 11122 11120.5 11118.6 11115.8 11112.2 11108.3 11107.5 11109.9 11113.5 11116.7 11119.4 11121 11121.3 11121.3 11120.4 11120.4 11120.2 11119.2 11120.8 11119.5 11120.1 11117.8 11117.4 11123.9 11117.1 11120.4 11119.5 11114.4 11112.3 11120 11128.6 11134.2 11138.7 11143.3 11148.2 11152.8 11156.3 11160.3 11164.1 11167 11168.3 11172.7 11177.3 11181.8 11187.1 11185.1 11182.9 11184 11187.8 11190.4 11180.3 11178.3
11148 11146.9 11146.3 11145.3 11143.3 11141.9 11140.8 11137.9 11133.1 11130 11127.8 11126 11125.4 11124.8 11122.9 11121.8 11120.2 11118.6 11116.6 11114.5 11112.8 11113 11113.8 11115.7 11117.7 11119.4 11120.6 11120.8 11121.6 11122.2 11122.5 11123.9 11130.1 11118.6 11119.7 11120 11116.8 11116.1 11125.3 11125.1 11127.6 11125.4 11121 11120 11129.8 11133.8 11134.8 11136.1 11139.1 11142.2 11145.1 11147.5 11149.3 11150 11150.7 11159.3 11167.1 11174.5 11179.1 11177.4 11176.8 11176.5 11175.4 11174.6 11171.2 11165.9 11164.3
11150.1 11152.3 11149.5 11148.5 11148 11148.4 11155.2 11151.2 11137.4 11132.9 11130.2 11127.7 11126.3 11124.8 11122.2 11120 11118.9 11118.3 11117.2 11116.6 11116.3 11116.2 11117.8 11119 11120 11120.4 11120.9 11121.2 11121.6 11122.9 11122.6 11119.6 11118.5 11118.8 11119.4 11119.1 11117.6 11114.8 11131.5 11142.6 11138.9 11135.4 11132.4 11129.1 11132.2 11133.3 11134.3 11133.4 11134 11135.6 11137.5 11139.9 11140.3 11141.1 11145 11151.5 11161.7 11171.7 11179.1 11181.2 11171.7 11169.3 11166 11162.4 11157.1 11156.5 11151.1
11152.9 11152.1 11153.3 11151.1 11150.9 11151.7 11155.9 11130.8 11136.9 11135.5 11133 11129 11126 11125 11122.6 11118.1 11119 11119.2 11119.2 11120 11121 11122.4 11123 11122.6 11122.4 11122.1 11122.2 11121.8 11121.2 11119.6 11119.3 11117.4 11117 11118.5 11120.1 11124.8 11126.3 11117 11128.2 11143.5 11147.4 11144.2 11141.9 11139.4 11139.3 11137 11133 11130.7 11130.4 11130.5 11131.6 11133.3 11133.9 11134.2 11135.4 11144.7 11157.1 11169.1 11179.4 11179.9 11168.9 11161.8 11157.3 11151.4 11149.9 11149.8 11140.7
11155.6 11154.5 11153.4 11155.1 11153.7 11153.5 11155.2 11150.4 11142.5 11139.2 11137.1 11136.2 11130.3 11126.8 11126.4 11126.8 11121.8 11120.7 11121.6 11123.6 11126.8 11132 11128.4 11126.5 11125.5 11124.9 11124.3 11123.4 11122.2 11121.1 11120.3 11120.2 11119.5 11119.6 11119 11119.3 11121.4 11123.3 11131.9 11149.7 11149.4 11147.5 11146.9 11146.2 11141.1 11134.4 11128.9 11126.4 11125.8 11125.6 11126.9 11128.5 11129.9 11130.5 11130.6 11141 11153.4 11164.8 11174.9 11176.1 11162.3 11154.4 11147.1 11140.5 11134.9 11140.8 11132.4
11159 11158.6 11156.9 11155.8 11155.9 11155.3 11155 11149.7 11145.6 11142.3 11139.8 11137.9 11134.8 11127 11121.4 11123.8 11119.5 11120.6 11122.9 11125.4 11128.1 11128.7 11129.3 11128.6 11127.6 11126.7 11125.8 11124.9 11123.6 11121.9 11121.9 11122.9 11124.5 11120.2 11117 11112.8 11121.1 11126.4 11128.9 11134.7 11140.5 11144.8 11148.3 11150.3 11142 11126.9 11123.5 11121.7 11121.5 11122 11123.8 11126.4 11128.7 11131.9 11137.7 11144.2 11150.5 11158.4 11164.8 11164.2 11155.5 11147.1 11138.8 11131.4 11125.6 11123.1 11123.6
11161.4 11160 11159.3 11158.2 11157.2 11157 11155.8 11152 11149.2 11145.3 11142 11138.5 11137.4 11126.5 11102.5 11093.2 11112.9 11120.9 11124.7 11127.1 11128.5 11129.5 11130 11129.9 11129.2 11128.2 11127.5 11126.8 11126.3 11128 11123.8 11122.4 11122.5 11121 11117.8 11116.2 11119.8 11124.2 11122.6 11125.3 11131.5 11138.9 11145.8 11150 11143.3 11127.4 11119.6 11118.1 11118.5 11119.2 11121.6 11124.4 11127.6 11132.7 11139.5 11143.4 11145.1 11148.9 11155.6 11156.9 11151.3 11138.7 11130.5 11124.4 11120.3 11119.8 11119.6
11163.5 11161.6 11160.2 11158.9 11157.5 11157.5 11155.5 11155.1 11151.9 11147.9 11143.7 11140.5 11137.3 11133.8 11130.5 11120.1 11123 11126.1 11128.1 11129.4 11130.4 11131.5 11131.7 11131.1 11130.2 11129.4 11128.9 11128.2 11127.6 11125.5 11124.6 11123.4 11122.7 11120.8 11118.7 11115.7 11115.8 11117.1 11117.1 11118.6 11122.9 11130.4 11139.2 11147.5 11143.3 11123 11113.8 11113.5 11114.8 11116.4 11119.3 11122.3 11125.6 11130.7 11136 11138.5 11136.4 11134.8 11132.5 11132.8 11129.6 11125.9 11121.5 11117.3 11115.4 11116.7 11118.3
11165 11163.4 11161.7 11159.9 11158.3 11157.4 11158.3 11158.1 11155.8 11151.3 11145.4 11139.2 11137.1 11140.4 11156.5 11153.7 11138.5 11133.7 11132.5 11132.5 11132.6 11133.1 11133.1 11132 11131.1 11130.5 11129.9 11129.4 11128.8 11127.3 11124.2 11122.3 11122.8 11122 11119.1 11116 11112.9 11110.4 11111.1 11110.3 11112.1 11120.5 11128.2 11134 11131.6 11113.4 11107.4 11109.2 11111.4 11114.2 11117.1 11119.5 11123.8 11126.8 11128.6 11127.9 11126.8 11121.8 11113.7 11112.5 11111.7 11114.6 11113.7 11111.9 11111.7 11115.2 11117.6
11166.3 11164.4 11162.6 11161.3 11160.7 11161 11162.7 11161.7 11161.4 11157.2 11151.1 11145.5 11141 11140.6 11141.1 11144.2 11141.5 11138.1 11136.1 11135.1 11134.6 11134.5 11133.4 11132.1 11131.5 11131.1 11130.6 11130 11129 11126.8 11123.3 11120.8 11119.7 11121.5 11116.5 11111.3 11111.6 11111.9 11109.4 11106.9 11107 11112.1 11116.2 11117 11112.3 11107.8 11105.8 11107.2 11109.5 11112.3 11114.1 11116.2 11118.4 11121.6 11124.2 11125.7 11120.7 11115.2 11109.9 11108.2 11109.9 11109.5 11108.8 11108.2 11109.3 11112.5 11114
11167.3 11165.4 11163.7 11162.3 11161.5 11162.2 11166.8 11172.7 11171.2 11164.8 11157.1 11150.5 11145.5 11141.7 11140.5 11141.7 11141.5 11139.9 11138.4 11137.2 11135.3 11133.3 11131.3 11131.6 11131.6 11131.5 11131 11130.3 11129.3 11126.4 11122.5 11119.3 11116.8 11114 11112.2 11110.2 11110.1 11110.9 11108.2 11106 11105.4 11106.2 11106.6 11104.5 11100.5 11102.3 11104.4 11104.7 11106.3 11108.7 11111.1 11113.5 11115.5 11117.3 11118.6 11117.7 11114.2 11110.9 11111.7 11107.6 11106.9 11106.7 11105.6 11104.7 11105.6 11108 11109.4
11168.4 11166.4 11164.4 11163.1 11162 11161.6 11169.6 11187.9 11177.9 11170.8 11163.6 11156.1 11150.8 11151.4 11150.3 11143.8 11142.3 11141.2 11139.9 11139.1 11139.7 11134.6 11131.2 11132.2 11132.5 11132.3 11131.7 11130.7 11128.5 11125.8 11121.9 11118.9 11115.2 11111.8 11110.1 11108.7 11106.7 11105.9 11106.4 11104.8 11103 11102 11100.6 11097.9 11095.2 11097.9 11100.9 11102.1 11103.6 11105.4 11108 11110 11111.2 11111.6 11111.3 11107.9 11105.7 11099.7 11094.6 11102 11105 11105.1 11103.6 11102.9 11103.6 11105.4 11107
11169.7 11167.4 11165.8 11164.4 11164.5 11162.5 11169.6 11180 11179.3 11173.6 11167.4 11158.7 11150.4 11141.9 11139.1 11142.3 11143 11142.1 11140.7 11139.1 11137.8 11136 11134.4 11134.2 11134.1 11133.3 11132.1 11130.8 11129.9 11126.1 11122.2 11118.5 11114 11110.2 11109.8 11108.7 11105.6 11104.5 11105.7 11103.7 11100.7 11099.3 11097.4 11094.9 11092.9 11094.3 11097 11099.6 11100.8 11102.3 11105.1 11106.3 11107 11106.8 11105.2 11102.3 11101.5 11101.8 11101 11101.2 11104.1 11104.2 11101.9 11099.5 11101.7 11104.1 11105.9
11170.8 11168.4 11166.2 11164.2 11162.7 11162.1 11164.2 11171.2 11180 11170.6 11164.3 11157.3 11150.5 11144.9 11145.3 11143.6 11143.2 11142 11140.5 11138.5 11137.1 11137.9 11137.9 11137.4 11135.9 11134.3 11132.5 11130.1 11126.8 11125 11121.8 11116.2 11112.4 11110.6 11108.8 11107.5 11105.6 11103.3 11104.6 11103 11101 11098.6 11096 11093.6 11092.4 11093.5 11096.5 11097.5 11099.7 11101 11102.5 11102.4 11102.8 11103.2 11101.7 11099.6 11100.8 11103.3 11105 11104 11103.7 11103.1 11101.5 11100 11101.3 11103.2 11105.1
11171.7 11169.4 11166.8 11164 11161.6 11160.9 11161.4 11163.7 11163.7 11163.6 11157.5 11155.5 11152.2 11149.6 11148.5 11146.8 11145.1 11143.4 11141.6 11140.4 11139.7 11140.3 11141.2 11139.8 11137.7 11135.6 11133.3 11130.6 11127.6 11125 11120 11112.1 11110.6 11108.7 11105.1 11105.2 11101 11101.5 11103.5 11102.3 11100.7 11098.2 11095.6 11093.6 11091.5 11092 11095.3 11095.1 11097 11098.7 11099.6 11100.6 11100.2 11100.9 11100.9 11100.6 11101 11101.6 11102.5 11103.2 11102.6 11101.7 11101.7 11102.4 11101.5 11102.1 11102.3
11172 11170.1 11168.4 11166 11162.3 11159.9 11160.5 11161.2 11162.3 11161.5 11159.5 11156 11153.4 11151.6 11150.3 11148.9 11146.9 11144.8 11142.7 11142 11141.7 11141.5 11141.8 11140.9 11138.6 11136.2 11134 11132.2 11130.1 11127 11122.6 11113.9 11112.1 11110.5 11108.8 11106.6 11104 11102.4 11103.1 11101.6 11098.3 11096 11095.7 11094.6 11093.4 11092.4 11090 11092 11094.3 11095.9 11096.4 11097.3 11100.5 11100.8 11100.5 11100.7 11101.5 11102.8 11103 11102.9 11102.7 11102.4 11100.9 11099.4 11100.8 11100.9 11100.5
11171.5 11170.3 11169.7 11169.7 11167.7 11162.2 11161.9 11162.5 11161.8 11161.2 11159.4 11157.1 11154.6 11153.2 11152.2 11150.9 11149 11146.8 11144 11140 11140.4 11142.3 11143 11141.9 11139.4 11136.8 11134.3 11132.6 11130.9 11128 11125.4 11119.1 11115.8 11113.9 11111.8 11108.4 11105.5 11104 11103.8 11102.3 11100.1 11098.9 11097.7 11096.3 11095.2 11094 11091.9 11091.9 11093.2 11094.6 11095.8 11097.1 11098.2 11099.1 11099.5 11100.5 11101 11100.2 11102.4 11103.3 11103.3 11103 11102.5 11101.8 11100.7 11100.2 11099.4
11171.4 11170.3 11169.7 11169.5 11168.6 11166.8 11165.4 11165.3 11163.7 11162.7 11161 11157.9 11155.3 11153.2 11153.2 11153.3 11151.6 11149.4 11146.8 11144.8 11143.6 11143.7 11143.6 11142.4 11139.6 11136.7 11133.8 11130.7 11129 11128.2 11124.1 11122.7 11119.7 11116.8 11114.6 11110.2 11106 11104.7 11104.3 11103.6 11103.2 11102.5 11099.8 11097.7 11096.2 11095 11093.3 11092.8 11092.9 11093.7 11094.8 11096 11097.4 11098.7 11100.2 11101.6 11103.5 11104.5 11105 11104.1 11103.7 11103.1 11101.7 11101 11100.6 11100 11098.6
