real_craters/C104-300m.grd
DSAA
228 228
-34.0025 34.0025
-34.0025 34.0025
9959.3897700727 11549.405387762
[rows 150 to 179 of 228, columns 0 to 66 of 228]
11146.5 11145.9 11145.5 11145.1 11144.7 11144.2 11143.4 11141.1 11139.6 11139 11138.1 11136.8 11134.8 11131.7 11130.5 11130.7 11134 11136.3 11134.7 11132.8 11130.7 11128.3 11126 11125 11125.3 11125.6 11125.6 11125.3 11124.8 11124.6 11124.7 11124.2 11124.8 11127.2 11128.9 11130 11130.9 11131.2 11131.3 11132.7 11134.3 11134.1 11133.8 11133.8 11133.5 11133.1 11132.7 11132.1 11130.8 11128.8 11125.5 11123.5 11128.8 11132.7 11137.5 11144.2 11152.2 11165.6 11166.1 11159.4 11153.3 11147.6 11144.3 11147.7 11145.7 11143 11140.9
11147 11146.4 11145.8 11145.3 11145 11144 11142.6 11140 11139.4 11139.3 11138.4 11137.1 11135.8 11134 11130.6 11129.9 11132.9 11134.3 11133.6 11132.1 11130.4 11128.5 11126.6 11125.5 11125.1 11124.9 11124.4 11123.8 11123.3 11123.1 11123.2 11123.8 11124.9 11125.5 11126.2 11126.7 11126.4 11125.2 11122.2 11123.6 11127.9 11130 11131 11131.4 11131.6 11132 11131.8 11131.7 11130.9 11129.7 11128.6 11129.8 11132.4 11133.4 11137.5 11145 11156.5 11163.3 11160.9 11156 11151.5 11147.2 11144.7 11146 11145.6 11144.3 11141.6
11147.3 11146.8 11146.2 11145.6 11145.2 11144.3 11143.1 11142.2 11141.7 11140.6 11139.2 11137.8 11136.6 11135.6 11135.1 11134.1 11133.4 11133 11132.5 11131.7 11130.4 11129.1 11127.6 11126.5 11125.6 11124.9 11124.1 11123 11121.8 11122 11122.5 11123.2 11124.2 11123.9 11124.2 11124.2 11123.5 11122.4 11121.7 11122.3 11124.8 11127 11128.5 11129.8 11130.5 11131.2 11131.5 11131.4 11131.3 11131.2 11132.1 11135.4 11128.7 11130.4 11134.2 11139.6 11149.1 11150 11150 11150.4 11148.9 11147.5 11146.7 11146.7 11146.8 11146 11144.3
11147.9 11147.1 11146.6 11145.9 11145.4 11144.8 11144.1 11144.3 11144.4 11142.1 11140.2 11138.4 11136.7 11136.1 11136.3 11135.5 11134.3 11132.9 11132.4 11131.7 11130.8 11129.9 11129.2 11127.6 11126.5 11125.6 11124.7 11123.6 11122.3 11122.3 11122.4 11122.3 11121.6 11122.3 11122.6 11122.5 11122.1 11121.4 11121 11122 11123.8 11126 11128.1 11129.7 11130.3 11131 11131.5 11132 11132.2 11132.3 11132 11128.9 11127 11128.2 11130 11131.3 11130.5 11139.9 11144.8 11145.1 11145.9 11147.3 11148.9 11148.7 11148.8 11148.8 11146.4
11148.2 11147.6 11146.9 11146.5 11145.9 11145.3 11144.7 11144.9 11144.1 11142.6 11140.9 11139.3 11138 11137.3 11137.2 11136.5 11135.4 11134.5 11133.5 11132.2 11130.9 11129.8 11129.4 11128 11127.1 11126.5 11125.9 11125.3 11124.9 11123.9 11123.2 11122.6 11121.8 11122 11122.1 11121.7 11121.1 11120.7 11121 11121.8 11123.5 11125.6 11127.4 11129 11130.1 11131.1 11131 11131.6 11132.2 11132.8 11133 11134.3 11132.3 11128 11127.5 11128.2 11131.3 11133.4 11136.9 11139.2 11142.1 11145.5 11148.4 11149.9 11150.8 11149.1 11147.5
11148.2 11147.7 11147.1 11146.6 11146.2 11145.6 11145 11144.3 11143.8 11142.8 11141.4 11140 11139 11138.3 11138 11137.2 11136.4 11135.5 11134.3 11132.8 11131.1 11129.1 11127.4 11127.8 11127.7 11127.5 11127.4 11126.9 11125.9 11125.5 11124.6 11123.9 11123.5 11123.1 11122.5 11121.9 11121.1 11120.3 11120.2 11121.6 11123.3 11125.1 11126.8 11128 11129.3 11130.4 11131.4 11132.1 11132 11132.7 11133.3 11134.6 11127 11126.5 11126.5 11126.7 11129 11128.8 11128.2 11134.6 11138.5 11141.6 11147.2 11152.2 11154.1 11154.2 11151.5
11148.3 11147.8 11147.3 11146.7 11146.3 11145.7 11145 11144.1 11143.9 11143 11141.8 11140.4 11139 11138.7 11138.1 11137.6 11136.9 11136.3 11135.3 11133.3 11131.4 11129.9 11128.8 11128.4 11128.5 11128.6 11129 11129.7 11129.2 11127.4 11126 11125 11124.8 11124 11123 11122.2 11121.5 11120.8 11121 11122.1 11123.5 11125 11126.4 11127.7 11128.9 11129.9 11131 11131.7 11132.2 11132.5 11131.6 11128.7 11125 11126.4 11127.5 11127.2 11128 11130.4 11132.2 11135.4 11137.3 11138.1 11143 11151.7 11158.4 11158.9 11155.7
11148.3 11147.8 11147.3 11146.9 11146.5 11146 11145.3 11144.3 11143.9 11143.2 11142.3 11141.1 11139.8 11139.3 11138.7 11137.6 11136.7 11136.2 11135 11133.2 11131.6 11130.4 11129.6 11129.2 11129.1 11129.3 11129.7 11130.9 11130.7 11128.4 11126.7 11125.5 11124.3 11123.5 11123.6 11123.1 11122.5 11121.6 11121.5 11122.9 11124.2 11125.4 11126.5 11128.3 11129.3 11130.3 11131.2 11131.9 11133.1 11133.2 11131.5 11129.1 11128.4 11129.6 11131.9 11133.2 11133.2 11135.6 11139 11138.7 11138.9 11141.3 11149.5 11162 11162.7 11160.3 11157
11148 11147.7 11147.4 11147 11146.7 11146.5 11146.2 11145.6 11144.3 11143.5 11142.7 11142 11141.1 11139.3 11138.2 11136.9 11135.8 11134.6 11133.4 11132.4 11131.4 11130.5 11130 11129.7 11129.6 11129.5 11129.3 11128.8 11128.6 11127.9 11126.9 11125.8 11124.8 11124.5 11124.7 11124.5 11124.2 11124.2 11124.2 11124.7 11125.7 11126.6 11127.8 11128.9 11130 11131 11133 11133.6 11133.6 11133.9 11133.9 11133.9 11132.4 11135.1 11138.1 11141.7 11140.8 11138.5 11139.8 11138.8 11139.4 11143.6 11151 11160 11161.6 11159.2 11157.4
11148 11147.6 11147.3 11146.9 11146.8 11146.8 11147 11147 11146 11144.1 11142.7 11141.7 11140.5 11138.6 11137 11136 11134.7 11133.2 11132 11131.4 11131.2 11131 11130.6 11130.2 11129.9 11129.6 11129 11127.9 11127.6 11127.4 11126.8 11126.1 11125.8 11125.8 11126 11126.3 11126.6 11125.8 11126.2 11126.8 11127 11127.5 11128.1 11129.1 11130.2 11131.4 11132.7 11134.7 11136.2 11136.9 11137.7 11139.4 11141.6 11143.5 11142.2 11142.2 11139.5 11135.8 11133.7 11133.3 11136.4 11142.1 11146.9 11147.3 11157.7 11159.7 11159
11147.9 11147.7 11147.2 11146.9 11146.5 11146.6 11147.1 11147.6 11146.6 11143.5 11141.8 11140.5 11139.7 11139.1 11137.3 11135.3 11133.5 11131.9 11130.6 11130.5 11130.8 11131 11130.8 11130.4 11130 11129.7 11129.5 11129.3 11128.2 11127.2 11126.5 11126.1 11126.1 11126.8 11126.7 11127.4 11129.6 11131.8 11130.3 11128.9 11128.2 11128.2 11128.7 11129.7 11130.9 11132.2 11133.7 11135.5 11137.2 11138.6 11140.3 11144.6 11153.9 11150.5 11142.5 11135 11133.1 11130.7 11126.5 11126.9 11131.3 11136.8 11145.5 11156.2 11167.1 11165 11159.8
11147.5 11147.2 11147 11146.7 11146.7 11146.4 11146.1 11146 11144.9 11142.4 11140.4 11138.6 11138.2 11138 11136.4 11134.2 11132.3 11130.6 11129.2 11129.6 11130.7 11131.1 11131 11130.4 11129.9 11129.6 11129.5 11129.4 11128.1 11126.8 11125.9 11125.3 11125 11125 11125.5 11126.7 11130 11136.1 11132.1 11129.3 11128.3 11128.2 11128.7 11129.5 11130.6 11132.2 11133.9 11135.8 11137.9 11140.5 11142.4 11145.6 11156.6 11148 11141.6 11134.3 11130.2 11127.9 11127.3 11128.3 11129.2 11132.9 11144.6 11156.6 11171.3 11164.6 11156
11147.7 11147.3 11146.8 11146.4 11145.9 11145.5 11144.6 11143.1 11140.8 11140.3 11138.5 11137.2 11136.2 11136.3 11134.4 11132.6 11130.9 11129.5 11128.5 11129.3 11130.7 11131.8 11131 11130.1 11129.4 11128.8 11128.3 11127.8 11126.8 11125.7 11124.8 11124 11123.3 11122.7 11123.2 11123.7 11124.5 11125.5 11127.1 11127.1 11127 11127.4 11128.1 11129.2 11130.4 11132 11133.8 11136.3 11139.2 11142.6 11147.4 11152.6 11155 11146.9 11138.7 11133.9 11128 11125.7 11124.7 11124.6 11129.1 11135.5 11144.2 11153.7 11151 11145.5 11146.6
11147.4 11147.2 11146.8 11146.2 11145.4 11144.5 11143.3 11141.5 11139.7 11138.2 11136.2 11134.2 11133.4 11131.8 11131.6 11130.6 11129.5 11128.6 11128.5 11128.9 11130 11130.8 11130.2 11129.4 11128.7 11127.8 11127 11126.2 11125.3 11124.3 11123.3 11122.4 11121.6 11121.1 11120.8 11120.5 11118.9 11117.1 11121.7 11124 11125.3 11126.2 11127.2 11128.3 11129.6 11131.2 11133.1 11135.8 11138.8 11142.6 11147.6 11150.4 11146.6 11139 11130.1 11123.6 11122.8 11122.7 11124.3 11127.6 11127.4 11131.4 11140.5 11151.7 11152.6 11135.9 11139.4
11147.3 11146.9 11146.4 11145.7 11145 11143.9 11142.6 11140.9 11139.1 11136.5 11134.5 11132.8 11131.6 11130.6 11129.5 11128.7 11128 11127.5 11127.2 11127.4 11128.3 11128.9 11128.8 11128.3 11127.7 11126.8 11125.6 11124.6 11123.9 11122.9 11121.8 11120.7 11119.8 11119.6 11119.1 11118.7 11118.6 11119 11120.2 11122.1 11123.6 11124.8 11125.9 11127.1 11128.4 11129.9 11131.8 11133.8 11136.1 11139 11142 11142.7 11139.1 11125.9 11121.5 11118.3 11118.3 11119.4 11121.3 11124.2 11122.4 11125.9 11132.9 11139.2 11141.2 11139.2 11136.6
11147 11146.4 11146.1 11145.4 11144.4 11143.4 11142.2 11140.6 11137.6 11134.1 11133 11132 11129.6 11128.7 11127.6 11127.2 11126.8 11126.4 11126.1 11126.2 11126.8 11127.2 11127.4 11127.3 11126.9 11126.1 11124.7 11123.6 11122.9 11121.7 11120.3 11118.9 11117.6 11116.7 11116.3 11117 11118.8 11120 11119.8 11120.8 11122 11123.3 11124.5 11125.8 11127.1 11128.2 11129.6 11131 11132.5 11133.8 11133.4 11133.4 11131.3 11123.5 11116.6 11115.1 11115.8 11116.6 11116.9 11116.1 11119 11122.1 11125.4 11128.3 11136.1 11135.6 11134
11146.5 11146.1 11145.6 11145 11144.2 11143.3 11142.1 11140.9 11139.1 11134.2 11132 11130.6 11127.1 11125.1 11126 11126.1 11125.9 11125.6 11125.7 11126 11125.9 11125.9 11126.1 11126.3 11126.4 11126.1 11125.5 11124.1 11122.5 11120.8 11119 11117.1 11115.3 11113.2 11112.2 11114.6 11116.4 11117.8 11118.4 11119.3 11120.5 11121.8 11123.1 11124.3 11125.4 11126.5 11127.5 11128.1 11128.6 11128.9 11129.9 11127 11122.7 11117.1 11115.4 11115.6 11115.3 11115.3 11114.8 11115.3 11122.4 11123.2 11120.5 11117.9 11128.3 11131.7 11130.4
11146.5 11146 11145.4 11144.7 11143.7 11142.8 11142 11141.4 11140.4 11137 11135.6 11133.3 11129.5 11127 11126.3 11125.9 11125.4 11124.9 11124.6 11124.2 11123.9 11124.4 11125 11125.5 11125.8 11126.1 11126.2 11124.5 11122.2 11119.9 11117.8 11115.6 11113.6 11112.3 11112.5 11112.5 11115.1 11115.7 11116.4 11117.7 11119.1 11120.5 11121.8 11123 11124.1 11124.8 11125.3 11125.8 11124.9 11123.5 11120.9 11120.9 11118.9 11116.4 11116 11117 11116.4 11115.6 11114.8 11114.7 11119.4 11120.9 11119.4 11116.4 11127.3 11129.3 11127.3
11147.1 11146.4 11145.3 11144.6 11143.8 11142.9 11142.4 11141.5 11140.2 11138.2 11138.4 11135.9 11132.1 11129.2 11127.5 11126.4 11125.6 11124.6 11123.5 11122 11122 11123.3 11124.2 11124.7 11125.1 11125.6 11126 11124 11121.5 11119.1 11116.6 11114.3 11112.2 11110.5 11108.9 11108.4 11108.1 11111.4 11114 11115.7 11117.5 11119 11120.3 11122.2 11123.1 11123.6 11123.9 11123.5 11122.3 11119.9 11117.6 11117.7 11117.9 11117.6 11118 11119.4 11117.9 11116.9 11116 11115.7 11115.3 11118.4 11122 11128.3 11131.1 11126.2 11123.7
11147.1 11146.7 11145.8 11145.2 11144.5 11143.6 11142.7 11141.8 11140.3 11138.6 11138 11136.3 11133.6 11130.8 11128.8 11127.4 11126.3 11125 11123.9 11122.9 11122 11122.9 11123.8 11124.2 11124 11123.7 11123.3 11122.2 11120.3 11118.2 11116.2 11113.9 11111.2 11108.5 11105.9 11105.7 11105.9 11109 11112.3 11114.7 11116.5 11118.1 11119.6 11120.7 11121.4 11121.8 11121.7 11121.4 11120.7 11119.1 11117.9 11118.1 11118.2 11118.3 11118.5 11119.3 11118.6 11118.1 11117.5 11116.6 11115.4 11117.5 11122.1 11129.7 11126.1 11119.5 11120.4
11147 11146.5 11146 11144.7 11143.9 11143.1 11143.4 11142 11140.1 11138.4 11137.9 11135.2 11134.4 11131.2 11129.4 11128.1 11126.8 11125.5 11124.8 11124.6 11123.4 11123.7 11123.6 11123.8 11123.3 11122.2 11120.8 11120.4 11119.4 11117.7 11115.9 11113.7 11111.4 11108.9 11106.7 11106.9 11108.2 11110 11112.5 11114.7 11116.5 11118.2 11119.5 11120.4 11121.1 11121.5 11121.4 11121.3 11120.7 11120 11119.9 11119.6 11119.5 11118.5 11119.3 11120.3 11119.7 11119.2 11119.4 11119.5 11116.3 11116.6 11118.7 11122 11122.7 11116.9 11119
11146.9 11146.2 11145.5 11144.9 11144.6 11143.9 11143.5 11142 11140.2 11138.5 11137.4 11134.5 11128 11130.5 11130 11128.7 11127.5 11126.5 11125.7 11125.8 11127.1 11125 11124.1 11123.4 11122.7 11122.1 11121.1 11120 11118.9 11117.5 11116 11114.5 11112.7 11110.8 11109.5 11109.8 11110.7 11112.1 11113.8 11115.6 11117.1 11118.5 11119.5 11120.5 11121 11121.4 11121.4 11121.3 11121.3 11121.1 11121.3 11121.8 11123.1 11126 11130.8 11121.5 11119.9 11119.8 11120.3 11121.7 11116.9 11116 11116.4 11118.7 11120.4 11118.5 11121.5
11147.8 11147.1 11146.5 11146.2 11145.6 11146.6 11145.7 11144.7 11142.8 11140.8 11141.2 11140.9 11137.2 11134.1 11132 11130.2 11128.8 11127.6 11126.5 11125 11125.6 11125.7 11124.5 11123.2 11122.3 11121.8 11121 11119.8 11118.8 11117.9 11116.7 11115.5 11114.3 11113.4 11113.1 11113.2 11113.3 11114.2 11115.4 11116.6 11117.7 11118.8 11119.7 11120.4 11120.7 11120.8 11121.3 11121.7 11122.1 11122.3 11122.5 11122.9 11124.6 11129.1 11114.1 11118.3 11119.3 11119.8 11119.9 11119.3 11117 11115.4 11116.9 11123.9 11125.8 11125.5 11128.1
11149.4 11148.8 11148.1 11149.1 11148.5 11147.3 11146.8 11146.2 11145.9 11146.3 11149.3 11150.2 11144.7 11138.2 11134.4 11132 11130.3 11128.9 11127.8 11128.2 11128.3 11126.1 11124.5 11123.1 11121.7 11120.9 11120 11119.2 11118.6 11117.8 11117.2 11116.1 11115.6 11115.2 11115.4 11115.5 11115.7 11116.6 11117.4 11118.3 11119 11119.7 11120.2 11120.6 11120.8 11121.2 11121.5 11121.7 11122.6 11124.1 11123.4 11122 11121.4 11121.2 11125.6 11119.3 11119.1 11119.6 11119.5 11119.1 11116.6 11115.1 11114.8 11125.4 11134.3 11139.9 11136.8
11151.3 11153 11152.5 11151.5 11150.9 11149.1 11148.8 11148.5 11149.1 11152 11158.9 11154 11145.3 11138.5 11135.6 11133.5 11131.8 11130.2 11128.4 11126.5 11126.2 11125.7 11124.3 11122.8 11120.8 11119.3 11118.7 11118.6 11118.5 11117.9 11117.7 11117.5 11117.5 11117.3 11116.9 11116.8 11118.1 11119 11119.7 11120.2 11120.5 11120.8 11120.8 11121 11121.1 11121.1 11121.2 11121.4 11121.8 11122.4 11121.8 11120 11117.9 11115.5 11117.1 11118.1 11118.9 11119.7 11119.6 11118.4 11118.9 11117.1 11115.4 11126.8 11136.1 11142.2 11142.6
11152.8 11152.1 11151.4 11150.8 11152.2 11150.7 11150.5 11150.5 11151 11152 11156.8 11134.2 11132.2 11136.5 11136.3 11134.9 11133.4 11131.9 11129.5 11126.3 11126.2 11125.6 11124.6 11123.1 11120.8 11118.3 11118.3 11118.7 11119 11118.9 11119 11119.2 11119.6 11120 11120.2 11120.8 11121.7 11122.1 11122 11121.9 11121.7 11121.6 11121.5 11121.8 11121.7 11121.5 11121.3 11121 11120.4 11119.1 11119.5 11118.6 11116.7 11115.1 11117.9 11118.1 11119 11120.3 11122.1 11122.1 11124.8 11121.3 11115.1 11122.3 11135 11142.2 11146.6
11153.9 11153.2 11152.6 11152.4 11154 11153.5 11152.5 11152.5 11152.3 11153.8 11156.4 11156.4 11143.5 11140 11138.4 11137 11135.7 11134.3 11132.5 11129.7 11127.3 11126.4 11125.5 11124.5 11123 11120.1 11120.1 11120.1 11119.7 11119.8 11120.2 11121 11122.1 11123.4 11124.8 11125.6 11126.1 11125.5 11124.9 11124.5 11124.2 11123.9 11123.6 11123.1 11122.8 11122.5 11122 11121.4 11120.6 11119.6 11119.4 11118.8 11117.8 11117.2 11120.1 11119.5 11119.4 11120.5 11123.7 11130.3 11126.8 11123.2 11119.9 11124.6 11137.4 11150.9 11152.1
11155.8 11155.1 11154.2 11153.2 11153.1 11155 11154.7 11154.4 11153.7 11153.2 11155 11153.3 11148.6 11143.9 11141 11139.2 11137.9 11136.9 11136.4 11135.8 11130.6 11128 11126.5 11126.2 11127.5 11127.8 11123.8 11121.4 11120.7 11120.9 11121.7 11122.7 11124.1 11126.1 11129 11132.4 11130.4 11128.2 11127 11126.1 11125.7 11125.3 11124.9 11124.5 11124.1 11123.5 11122.8 11122.1 11121.4 11120.9 11120.4 11120.2 11120.4 11120.1 11120.8 11119.7 11119 11118.9 11119 11119.4 11121.2 11121.1 11124 11128.2 11137.9 11148.4 11150.5
11157.1 11156.3 11155.6 11155.5 11154.8 11154.8 11154.5 11154.6 11155.5 11155.6 11154.7 11152.8 11149 11145.8 11143.2 11141.3 11139.5 11138.6 11138 11136.5 11133.2 11129.7 11126.4 11125 11127.4 11129.5 11123.8 11121 11120.7 11121.2 11122.4 11123.7 11125.4 11127.2 11129.5 11131.8 11130.8 11129.4 11128.5 11127.7 11127 11126.4 11125.9 11125.4 11125 11124.3 11123.7 11122.8 11121.9 11121.4 11121.4 11121.6 11122.8 11125.3 11122 11118.9 11118.3 11116.9 11115.2 11116 11120.6 11126 11129 11129.3 11134.2 11139.2 11142.4
11159.5 11158.8 11158.4 11158.1 11157.3 11156.8 11156.4 11156.2 11155.8 11155.5 11155 11150.4 11148.6 11147.4 11145.4 11142.9 11141.4 11139.9 11138.5 11137.3 11135.5 11131.1 11124.6 11118.7 11117.5 11118.6 11117 11118 11119.7 11121.4 11123 11124.6 11126.2 11127.7 11128.6 11128.2 11128.7 11129.3 11129.1 11128.6 11128.1 11127.5 11127 11126.4 11125.9 11125.3 11124.7 11123.9 11122.2 11121.7 11122.2 11122.5 11123.3 11124 11123.1 11121.4 11118.8 11116.5 11114.3 11115 11120.4 11124.2 11123.1 11125.6 11129.1 11131.9 11135.1
