real_craters/C104-1000m.grd
DSAA
40 40
-19.43 19.43
-19.43 19.43
4563.1841173403 6277.8548608222
5659.71 5637.65 5644.66 5656.89 5664.12 5681.27 5714.86 5736.48 5765.73 5779.38 5776.65 5795.54 5813.36 5804.58 5834.92 5845.87 5850.49 5839.34 5830.73 5814.67 5803.02 5842.49 5897.41 5870.56 5946.97 6049.35 6185.68 6213.48 6141.84 6002.57 5847.42 5818.06 5765.38 5749.73 5737.06 5707.56 5701.86 5691.96 5689.27 5699.23 
5650.16 5637.81 5644.37 5651.67 5662.55 5683.93 5722.36 5751.13 5756.87 5766.58 5772.5 5800.58 5845.33 5844.52 5821.34 5844.68 5837.71 5819.05 5794.49 5777.62 5766.53 5822.32 5869.49 5884.52 5970.45 6077.65 6211.85 6153.17 5985.21 5909.81 5869.36 5813.51 5745.24 5735.72 5729.84 5719.57 5702.44 5690.05 5679.26 5672.99 
5645.37 5642.32 5648.79 5661.61 5669.96 5699.59 5729.65 5746.11 5758.48 5765.99 5777.57 5815.37 5892.53 5891.13 5803.39 5794.12 5785.96 5788.46 5795.82 5797.12 5763.21 5811.26 5844.33 5915.63 5984.54 6046.37 6078.55 6008.86 5909.17 5860.48 5817.83 5775.08 5782.11 5756.56 5742.62 5726.08 5705.46 5687.02 5675.37 5671.39 
5641.18 5642.53 5653.27 5665.79 5684.66 5706.8 5726.95 5758.51 5774.82 5767.41 5773.49 5808.25 5864.52 5828.76 5769.73 5758.01 5752.15 5767.77 5792.85 5819.07 5812.76 5843.99 5908.65 5948.03 5998.85 6023.59 5956.57 5904.9 5883.12 5846.81 5814.66 5794.71 5782.01 5767.03 5753.71 5733.24 5709 5692.46 5683.53 5685.76 
5639.11 5641.46 5657.73 5677 5695.98 5704.5 5710.88 5746.64 5775.5 5773.96 5785.29 5789.89 5807.29 5789.15 5754.68 5757.61 5745.2 5763.44 5813.24 5824.08 5832.45 5852.14 5919.14 5963.31 6002.82 6050.76 6094.57 5917.92 5860.44 5843.24 5804.79 5770.2 5761.88 5756.68 5746.82 5729.96 5710.76 5694.67 5707.12 5711.27 
5653.03 5651.76 5664.31 5683.25 5707.28 5705.73 5690.75 5721.77 5750.59 5755.66 5755.61 5756.64 5779.1 5791.08 5820.04 5818.59 5804.39 5813.7 5817.82 5815.1 5825.04 5859.76 5899.89 5936.39 5972.17 6014.32 6023.85 5943.1 5871.28 5802.55 5793.42 5771.94 5765.49 5752.66 5724.67 5723.8 5719.61 5723.21 5738.15 5735.27 
5650.93 5658.97 5673.84 5693.61 5711.61 5717.65 5707.1 5717.47 5735.18 5752.64 5747.37 5758.95 5797.09 5853.3 5890.78 5918 5893.5 5873.2 5865.17 5890.52 5916.17 5875.92 5852.89 5881.74 5924.01 5939.15 5941.55 5937.55 5895.53 5877.41 5814.07 5791.44 5778.56 5766.2 5752.92 5741.65 5724.23 5702.03 5743.92 5753.66 
5666.97 5670.55 5684.4 5711.72 5720.96 5715.65 5729.74 5733 5748.45 5765.26 5774.83 5814.37 5823.75 5859.12 5863.13 5938.09 5919.19 5907.49 5922.49 5903.2 5954.37 5907.99 5860.39 5883.72 5922.45 5900.35 5879.95 5897.34 5881.5 5820.95 5815.53 5815.57 5797.75 5780.53 5763.42 5763.18 5736.37 5701.49 5728.84 5770.92 
5677.83 5680.99 5688.41 5710.07 5724.18 5711.85 5730.01 5755.25 5777.15 5775.91 5803.5 5824.2 5814.82 5827.81 5826.36 5874.84 5929.57 5949.21 6016.74 6009.47 5972.66 6094.96 5993.49 6043.53 6012.57 6011.46 5991.78 5986.82 5891.39 5820.5 5802.66 5812.24 5820.38 5805.98 5793.67 5801.53 5803.35 5740.85 5746.13 5784.06 
5679.04 5683.34 5691.8 5706.88 5728.56 5736.88 5737.89 5766.41 5787.47 5797.84 5828.68 5842 5817.82 5845.84 5867.17 5884.26 5966.79 6087.63 6124.4 6258.17 6142.99 6058.68 6053.16 6114.92 6097.19 6103.37 6088.08 6039.1 5885.52 5807.07 5788.01 5772.56 5786.9 5804.42 5817.96 5809.66 5814.13 5796.85 5756.87 5776.96 
5672.36 5684.7 5698.7 5730.02 5740.85 5740.37 5747.97 5761.22 5776.38 5835.5 5875.91 5860.9 5875.1 5943.1 5990.25 6120.4 5877.45 5859.06 5782.57 5647.56 5524.72 5512.28 5705.12 5859.47 5956.5 6117.31 6174.5 6141.88 5926.24 5813.83 5806.04 5798.73 5762.93 5779.79 5787.17 5780.6 5785.05 5790.75 5768.77 5766.46 
5680.08 5694.67 5711.21 5740.63 5747.8 5748.4 5748.16 5765.98 5802.17 5884.99 5878.32 5825.6 5916.97 6022.58 5892.19 5625.24 5521.1 5303.31 5187.88 5068.19 5034.51 5155.95 5292.34 5415.66 5602.5 5803.62 6039.01 6236.49 6012.94 5904.06 5858.41 5808.75 5768.01 5767.79 5772.37 5762.65 5758.77 5775.12 5779.92 5767.18 
5700.69 5706.01 5710.37 5722.36 5758.13 5761.45 5755.57 5775.9 5797.69 5841.5 5870.44 5868.73 6082.82 5765.22 5531.37 5405.57 5294.25 5101.94 4929.52 4856.7 4813.88 4850.14 5005.76 5133.04 5250.04 5393.11 5660.37 5999.5 6179.56 6022.79 5920.12 5843.77 5767.83 5771.85 5769.3 5759.27 5736.39 5756.97 5772.65 5767.04 
5706.6 5707.33 5707.68 5709.06 5728.81 5757.76 5757.35 5772.32 5783 5875.27 5948.93 6013.47 5972.93 5466.04 5334.18 5288.77 5161.94 4961.21 4839.75 4771.64 4737.48 4772 4844.8 4925.36 5001.23 5109.56 5254.28 5543.01 6012.85 5988.85 5907.47 5848.85 5812.1 5813.19 5787.64 5754.15 5739.37 5746.53 5756.44 5758.97 
5704.91 5697.86 5699.33 5701.76 5695.81 5722.01 5744.26 5772.32 5797.27 5919.26 6027.04 6058.43 5636.86 5235.07 5246.51 5131.86 4999.67 4868.26 4684.59 4669.71 4666.1 4692.84 4746.89 4803.61 4853.91 4921.33 5031.19 5258.58 5571.82 5815.29 5880.84 5866.98 5820.29 5806.89 5794.89 5775.01 5772.12 5738.86 5741.49 5751.25 
5695.49 5702.88 5704.76 5684.31 5669.16 5715.31 5745.63 5774.21 5846.26 6007.24 6075.89 5783.95 5389.27 5125.63 5031.79 4876.57 4724.06 4659.58 4621.02 4604.71 4613.27 4638.04 4678.74 4709.55 4757.12 4830.62 4911.55 5054.1 5361.03 5750.64 6019.5 6006.65 5851.15 5791.09 5774.31 5778.76 5775.61 5761.62 5751.59 5749.65 
5712.13 5717.82 5718.51 5692.58 5677.19 5715.39 5759.58 5784.8 5884.48 6025.64 6156.41 5537.65 5259.73 4998.13 4841.55 4674.7 4579.29 4613.64 4595.18 4569.91 4563.18 4612.43 4644.15 4655.52 4664.48 4745.09 4852.26 4960.86 5234.16 5763.84 6178.94 6132.81 5883.06 5731.63 5753.19 5768.86 5803.45 5774.62 5761.73 5750.85 
5729.15 5730.42 5736.16 5719.67 5709.47 5726.94 5753.7 5771.72 5860.07 6051.09 5927.58 5368.87 5038.28 4875.22 4620.84 4592.7 4592.58 4648.3 4715.16 4674.42 4664.91 4668.35 4693.91 4677.6 4666.94 4711.98 4829 4918.35 5216.4 5790.69 6277.85 6183.37 5915.52 5725.16 5746.63 5764.97 5757.81 5793 5762.43 5747.2 
5755.09 5762.14 5781.08 5760.79 5748.92 5740.32 5743.11 5787.66 5848.4 6018.97 5671.27 5203.47 4954.02 4759.03 4634.55 4602.62 4612.85 4703.32 4801.2 4955.2 5003.26 4884.63 4796.62 4713.94 4653.9 4685.5 4763.62 4894.16 5206.26 5759.48 6196.59 6147.54 5912.87 5726.71 5744.75 5735.03 5711.34 5725.64 5744.49 5745.21 
5788.77 5859.13 5806.19 5786.71 5738.79 5732.13 5740.76 5784.37 5866.73 6002.17 5588.54 5157.23 4895.79 4724.46 4654.82 4646.72 4653.86 4817.96 5077.26 5340.83 5433.1 5144.09 4915.51 4755.44 4674.5 4679.52 4743.76 4962.98 5221.38 5687.63 6103.31 6069.74 5887.32 5758.36 5733.7 5714.16 5704.26 5715.37 5733.57 5737.67 
5756.85 5770.72 5768.94 5741.48 5712.05 5720.84 5739.17 5799 5866.13 5954.49 5653.4 5167.88 4922.09 4700.19 4659.13 4690.03 4744.84 4844.75 5073.8 5351.89 5510.33 5246.83 4964.38 4749.58 4644.52 4697.19 4783.88 4923.82 5168.46 5581.31 5974.59 6004.75 5880.81 5756.01 5709.07 5717.88 5738.03 5744.76 5737.51 5738.47 
5734.19 5734.83 5727.94 5722.97 5704.87 5727.92 5767.69 5839.79 5928.13 6032.36 5811.27 5272.2 4968.43 4656.99 4658.26 4723.57 4796.91 4827.52 4870.11 4994.99 5121.88 5059.37 4880.93 4716.89 4642.88 4714.77 4824.14 4960.18 5233.83 5668.55 6015.89 5982.43 5860.19 5764.11 5698.27 5708.96 5724.73 5733.72 5736.01 5742.08 
5704.16 5698.56 5699.97 5707.91 5721.58 5723.74 5760.75 5867.91 5970.76 6062.58 6024.79 5349.44 4831.59 4659.86 4650.01 4731.35 4809.91 4848.44 4870.56 4859.25 4814.63 4799.55 4758.07 4676.54 4655.84 4715.08 4853.92 5091.78 5355.74 5751.57 6026.68 5968.94 5854.11 5764.62 5687.75 5673.69 5689.15 5709.45 5725.68 5736.63 
5687.54 5679.74 5684.91 5694.39 5701.42 5716.49 5746.6 5875.24 5934.9 6043.27 6039.2 5400.52 4849.81 4613.89 4619.6 4703.56 4769.07 4832.66 4878.13 4827.26 4782.49 4725.8 4684.03 4659.24 4674.86 4731.01 4889.76 5160.05 5481.71 5797.31 5979.91 5936.31 5834.74 5741.34 5695.52 5721.5 5699.43 5706.67 5719.65 5731.67 
5694.05 5693.01 5696.06 5693.78 5694.57 5724.36 5758.73 5789.59 5880.74 6007.62 6041.59 5645.56 5082.33 4680.2 4616.8 4676.75 4748.99 4811.56 4810.76 4831.79 4766.59 4692.82 4641.95 4639.93 4688.33 4795.38 4992.47 5275.44 5653.4 5954.35 5996.59 5897.41 5812.86 5749.49 5717.95 5707.85 5711.63 5711.08 5713.99 5721.33 
5741.49 5721.45 5712.33 5703.67 5704.78 5730 5745.68 5747.31 5798.5 5930.46 5990.52 6056.85 5441.79 4984.33 4758.84 4665.04 4673.8 4768.28 4723.38 4732.02 4694.34 4632.47 4625.08 4620.64 4752.05 4980 5142.72 5429.84 5834.13 6070.98 5895.88 5845.87 5792.47 5744.65 5716.14 5701.83 5696.4 5705.35 5711.09 5716.74 
5755.85 5732.85 5720.03 5699.05 5706.31 5723.03 5719.05 5724.42 5760.08 5806.03 5943.3 6171.72 5916.33 5481.29 5092.01 4795.17 4686.06 4620.71 4606.59 4619.59 4643.22 4674.99 4666.82 4718.02 4901.41 5177.74 5393.35 5660.75 5928 6004.37 5870.74 5812.56 5768.36 5734.46 5706.33 5703.57 5703.54 5707.08 5706.23 5706.77 
5693.24 5715.75 5720.31 5695.05 5701.39 5721.85 5706.33 5710.54 5733.29 5759.54 5847.31 5998.46 6143.55 5931.35 5515.02 5229 4980.14 4732.14 4623.45 4592 4665.79 4754.5 4777.62 4797.63 5117.23 5436.12 5781.73 5906.33 5991.14 5997.65 5866.3 5823.43 5772.04 5726.31 5714.88 5723.86 5722.93 5705 5698.89 5698.92 
5714.19 5732.89 5734.81 5698.3 5701.4 5707.55 5727.8 5703.77 5733.45 5755.76 5801.2 5888.01 6018.34 6041.56 5923.59 5814.6 5483.85 5179.7 5040.16 4896.46 4917.18 5012.12 5110.86 5246.37 5534.62 5872.35 6082.32 6000.96 5955.08 5899.51 5831.03 5811.07 5765.33 5722.69 5714.09 5699.67 5695.37 5690.27 5685.52 5684.18 
5762 5749.59 5721.54 5709.69 5701.89 5706.96 5727.81 5724.59 5731.4 5731.24 5754.76 5795.94 5912.17 6044.72 6077.46 6003.78 5923.24 5807.76 5728.4 5523.4 5515.29 5569.07 5702.69 5801.21 5912.5 6073.14 5888.18 5902.96 5909.81 5862.33 5801.01 5751.01 5744.16 5726.22 5694.44 5668.9 5666.65 5669.45 5670.37 5671.86 
5702.16 5704.81 5706.1 5716.32 5699.29 5703.09 5747.9 5709.77 5738.1 5726.3 5733.27 5748.72 5752.02 5862.09 5868.83 5872.59 5900.44 5923.97 6047.97 6017.98 6006.76 5927.68 5973.05 5992.04 5970.45 5944.87 5848.1 5827.86 5839.92 5816.33 5764.86 5730.7 5726.77 5731.14 5666.41 5654.35 5651.14 5654.96 5658.41 5660.43 
5680.23 5679.03 5682.91 5693.4 5696.8 5705.74 5721.67 5727.05 5772.13 5751.55 5734.56 5747 5798.34 5804.45 5824.25 5860.04 5857.08 5869.96 5875.47 5895.34 5890.35 5876.98 5859.24 5899.36 5970.53 5878.65 5781.36 5778.56 5780.23 5760.21 5730.41 5709.15 5697.43 5674.74 5657.88 5639.49 5637.32 5638.89 5642.14 5645.13 
5675.52 5660.87 5667.53 5680.76 5695.95 5708.57 5723.68 5761.82 5777.27 5745.07 5744.23 5791.29 5800.64 5793.26 5789.19 5817.96 5838.09 5831.07 5828.8 5817.44 5796.28 5797.69 5791.08 5810.2 5816.81 5794.54 5768.24 5752.91 5743.52 5729.44 5709.65 5699.06 5682.46 5666.81 5654.86 5636.38 5630.62 5632.03 5632.97 5632.66 
5652.4 5638.11 5640.57 5668.03 5702.32 5707.57 5728.12 5742.54 5717.52 5720.84 5744.67 5783.18 5779.57 5778.49 5803.03 5811.49 5842.18 5803.21 5786.05 5774.58 5770.15 5756.72 5748.08 5752.41 5743.81 5770.4 5751.93 5723.29 5705.06 5712.62 5713.14 5700.16 5670.45 5657.61 5651.19 5628.24 5629.42 5626.58 5624.59 5623.24 
5656.18 5639.05 5636.41 5660.54 5687.43 5698.2 5704.51 5712.04 5697.62 5699.21 5718.31 5745.79 5733.62 5744.02 5756.9 5778.96 5790.98 5778.16 5760.04 5748.25 5737.34 5724.88 5717.75 5723.2 5732.03 5742 5715.54 5705.81 5696.41 5713.66 5723.05 5676.51 5655.66 5652.11 5653 5643.27 5634.1 5627.58 5623.59 5619.65 
5670.53 5662 5651.48 5666.49 5673.19 5730.05 5756.86 5716.68 5682.68 5678 5707.28 5716.2 5715.77 5722.74 5739.61 5763.68 5779.91 5762.58 5738.1 5729.34 5705.7 5691.89 5698.23 5699.98 5704.58 5724.87 5724.69 5713.34 5712.54 5715.56 5731.41 5685.86 5646.28 5646.1 5654.74 5646.59 5638.7 5629.65 5622.17 5616.47 
5657.14 5645.83 5635.37 5651.91 5667.68 5695.83 5720.6 5697.12 5649.48 5646.89 5673.07 5678.19 5693.92 5716.77 5739.55 5767.29 5810.57 5779.12 5724.85 5728.4 5694.09 5680.01 5684.61 5675.22 5676.89 5685.19 5695.9 5678.11 5675.65 5696.03 5696.15 5667.57 5649.23 5650.36 5657.36 5652.37 5640.37 5628.5 5621.06 5615.71 
5651.76 5643.62 5641.55 5640.04 5655.26 5684.03 5700.68 5676.08 5638.35 5634.2 5653.15 5666.57 5696.77 5713.91 5731.65 5747.86 5790.82 5795.17 5732.77 5718.7 5690.49 5685.24 5684.08 5672.31 5677.21 5677.44 5660.27 5654.2 5666.07 5682.98 5688.17 5662.54 5650.3 5666.93 5649.66 5641.38 5632.73 5622.56 5615.27 5610.88 
5653.22 5658.27 5658.21 5638.23 5653.31 5674.15 5686.25 5677.68 5650.69 5669.14 5678.37 5672.91 5697.37 5724.67 5736.54 5713.27 5711.12 5732.86 5704.84 5664.67 5668.97 5673.74 5683.5 5673.65 5682.85 5685.18 5658.47 5654.35 5661.31 5671.29 5675.76 5656.44 5649.33 5673.03 5651.67 5631.87 5620.23 5613.91 5610.54 5608.14 
5657.17 5665.29 5679.4 5675.57 5688.1 5695.01 5696.82 5698.64 5692.47 5671.91 5688.26 5678.24 5691.53 5712.31 5724.16 5705.22 5707.94 5702.71 5679.27 5649.18 5656.81 5681.1 5688.9 5690.22 5682.45 5664.07 5657.49 5652 5656.08 5657.5 5651.83 5644.98 5653.33 5668.95 5636.68 5620.04 5611.09 5608.55 5607.28 5605.23 
