real_craters/C105-300m.grd
DSAA
230 230
-34.3525 34.3525
-34.3525 34.3525
9384.5315258729 11282.001306475
[rows 150 to 179 of 230, columns 134 to 200 of 230]
10466.8 10434.2 10400.2 10377.8 10360.9 10346 10336.4 10333.6 10334.7 10338.6 10342 10342.8 10344.3 10346 10347.8 10350.1 10354.1 10356.6 10361.6 10367.5 10373.5 10378.9 10383.5 10380.8 10374.9 10367.8 10360.1 10352.2 10343.8 10335.4 10328.9 10331.2 10335.5 10340.7 10345.1 10341.4 10315.6 10295.6 10274.9 10263.6 10262 10257.5 10250 10244.6 10243.6 10241.7 10238.8 10236.5 10234.3 10232.5 10230.7 10229.9 10234.1 10236.9 10235.6 10231.5 10228 10225 10222.5 10221.2 10226.4 10233.4 10239.9 10246 10251.7 10254.6 10255
10411.7 10381.1 10362.9 10353 10344.8 10335.9 10332.1 10331.5 10332.8 10335.8 10339.4 10341.3 10343.8 10346.4 10348.7 10350.9 10352.4 10357.8 10362.8 10367.9 10372.7 10376 10376.1 10376 10372.3 10366.8 10360.6 10354.2 10348 10341.6 10336.3 10335.5 10336.2 10338.4 10340.7 10335.5 10310.7 10286.4 10264.5 10253.7 10251.2 10247.3 10241.3 10236.9 10237.1 10236.1 10234.4 10232.1 10229.5 10226.8 10224.1 10222.5 10227.8 10235.3 10234.4 10232.4 10231.1 10230.8 10231.8 10234.4 10238.5 10242.2 10246.1 10249.8 10254.2 10256.4 10257.9
10382 10358.6 10352.5 10346.7 10340.1 10333.1 10332.1 10332.7 10333.7 10334.7 10337.9 10341.7 10345.2 10348.4 10350.9 10353.3 10355.9 10359.5 10364.1 10368.2 10371.6 10373.7 10374.9 10372.7 10369.3 10364.8 10359.8 10355 10350.8 10347.9 10343.5 10337.4 10333.5 10331.2 10329 10320.4 10298.9 10278.7 10262.4 10252.5 10247.5 10243.2 10238.8 10235.5 10234.2 10232.8 10230.8 10228.5 10225.6 10222.3 10219.2 10219 10222.9 10229.3 10230.8 10231.7 10233.3 10236 10240.3 10246.4 10250.4 10251.3 10252.5 10253.7 10253.2 10258.6 10261.5
10372.3 10359.5 10357.4 10351.5 10345.6 10341.2 10338.4 10337.7 10338.1 10339.3 10341.7 10345.1 10348.5 10351.7 10354.4 10356.4 10358.5 10361.8 10365.4 10368.6 10371 10371.4 10369.8 10369.3 10366.1 10361.9 10357.4 10353.4 10350.6 10348.5 10343.1 10334.6 10326.9 10319.5 10311.4 10300.1 10282.9 10270.6 10262 10253.7 10247.3 10242.5 10238.7 10235.8 10233.6 10231.4 10229.1 10226.4 10223.1 10219.4 10215.5 10213.5 10217.5 10221.4 10226.2 10230.2 10234.1 10239.1 10245.7 10254.1 10259.3 10258.8 10258.1 10258.6 10263.4 10263.2 10266.3
10372.3 10372.4 10368.3 10359.3 10354.5 10351.5 10347.2 10345.1 10344.6 10345.5 10347.3 10350.2 10353.3 10356.2 10358.9 10360.6 10361.8 10364.2 10366.4 10368.7 10370.9 10371.8 10369.6 10367 10362.5 10357.5 10353 10349 10346.1 10344.5 10337.7 10328 10317.9 10306.7 10293.3 10280.6 10269.6 10263.7 10261 10254.1 10247.8 10243 10239.6 10237 10234.2 10231.1 10228.6 10225.6 10222.5 10218.8 10214.9 10212.8 10215.8 10220.5 10224.9 10229.6 10235 10241 10248.6 10256.8 10262.8 10263.4 10263.1 10259.9 10258.3 10267.8 10272.5
10371 10369.5 10366.1 10362.9 10360.3 10358.7 10354.8 10352.5 10351.5 10352 10353.5 10355.9 10358.5 10361.2 10363.7 10367.1 10367.4 10366.1 10366.3 10367.5 10369.8 10373.1 10371.8 10364.3 10357.9 10352.4 10347 10342.1 10337.7 10333.6 10327.5 10319.6 10309.5 10297.1 10282.1 10270.3 10262.2 10258.8 10258.8 10252.9 10247.5 10243.2 10240.1 10238.4 10234.8 10231.8 10229.4 10227 10223.8 10220.9 10217.9 10216.1 10217.5 10220.2 10224.1 10229.6 10235.6 10241.8 10248.4 10254.5 10260 10265.2 10270.9 10273 10272.7 10278.4 10280.9
10369.8 10367.1 10364.9 10364.7 10363.5 10362.2 10360.6 10359.1 10358 10357.8 10359.5 10361.7 10364.1 10366.2 10367.3 10367.4 10367.4 10366.1 10364.7 10363.7 10364.2 10366.7 10364.5 10357.1 10350.9 10345.6 10340.5 10334.5 10328.1 10319.5 10317.2 10312.1 10303.8 10292.4 10278.1 10267 10258.5 10253.7 10252.9 10250 10246.2 10242.8 10239.9 10236.6 10234.8 10232.7 10230.7 10228.8 10227.7 10225.8 10223.6 10221.8 10221.9 10222.4 10224.9 10230.8 10236.8 10242.3 10247.2 10251.1 10255.6 10264.3 10277.7 10299 10301.4 10291.4 10289
10372.9 10373.4 10370.3 10368.4 10368.2 10367.2 10366.3 10365.5 10364.6 10364.6 10365.8 10367.7 10369.7 10371.6 10371.9 10367.3 10367.5 10365.4 10361.6 10357.5 10353.9 10350.5 10348.6 10345.8 10342 10337.7 10333.2 10327.8 10321.7 10314.7 10311.7 10307.7 10301.6 10293.3 10282 10269.8 10258.3 10250.6 10249.4 10247.3 10244.8 10242.5 10240.4 10238.4 10236.8 10235.6 10234.1 10232.8 10232.3 10232 10232.9 10231.1 10228.5 10227.3 10228.8 10233.7 10239.4 10244 10247 10248.5 10250.5 10259.6 10273.4 10289 10296.3 10294.2 10293.6
10376.2 10377.2 10373.4 10371.9 10371.5 10371.9 10371.9 10372 10371.8 10371.7 10371.9 10373 10374.6 10376.7 10379.1 10381.8 10372.9 10365.4 10357.9 10350.4 10342.7 10335.4 10334.2 10334.2 10332.7 10329.8 10326.5 10322.5 10318 10313.8 10309.2 10305.3 10301.2 10296.7 10289.7 10275.1 10261.1 10251.9 10248.8 10246 10244 10242.6 10241.7 10241.2 10240.5 10239.2 10238 10236.7 10236.2 10236.4 10240.2 10238.8 10235.6 10233.6 10233.4 10238.7 10244.4 10248 10249.2 10248.8 10248.1 10255 10264.6 10270.9 10282.6 10290.4 10294.7
10379.5 10378.9 10376.5 10376.7 10375.1 10376.6 10377.8 10378 10377.7 10377.6 10376.8 10376.9 10377.8 10379.4 10381.8 10382.9 10373.9 10363.8 10353.9 10343.9 10333.8 10324.7 10324.1 10325 10324.7 10322.9 10320.4 10317.4 10314.2 10310.7 10306.7 10303.2 10300.3 10297.6 10292.1 10277.2 10262.7 10252.9 10247.9 10244.8 10243.1 10242.5 10243 10244.8 10246.1 10242.5 10241.1 10240.2 10239.3 10238 10237 10240.4 10242.8 10242.5 10239.7 10247.3 10253 10254.6 10254.1 10253.1 10252.3 10256.6 10262.6 10266.7 10278 10288.1 10295.4
10384.8 10382.6 10386 10387 10383.9 10384.7 10384.8 10384 10381.4 10380.4 10379.7 10379.1 10378.9 10379.3 10379.1 10376.2 10369.7 10360.1 10349.8 10339 10328.3 10319.6 10318.5 10319.1 10318.9 10317.4 10315.1 10312.3 10310 10307.2 10303.2 10300.3 10297.7 10294.4 10288.1 10275.6 10262 10250 10245.7 10243.4 10242.2 10241.6 10242.1 10244.3 10246.5 10242.8 10242.7 10243.2 10243.4 10242.1 10239.6 10246.3 10253.2 10257.7 10257.5 10264 10265.7 10262.3 10259.6 10259.4 10261.4 10265.3 10268.6 10273.4 10280.8 10289.6 10297.6
10394.9 10397.3 10402.3 10402.9 10401.3 10395.1 10391.7 10390.1 10388.9 10384.9 10381.3 10379.2 10377.9 10376.9 10375.3 10371.7 10364.6 10355.9 10346.2 10335.8 10325.6 10318.2 10316.3 10316.1 10315.5 10313.9 10311.1 10307.1 10302.8 10300.5 10299 10296.9 10293.9 10289.3 10282.6 10273.3 10261.9 10250.3 10244.6 10242.9 10241.6 10240.3 10239.3 10238.4 10236.4 10238.9 10243.1 10246.6 10249.8 10251.8 10252.3 10256.8 10264.5 10277.1 10289.2 10293.2 10278.1 10265.6 10261.6 10263.8 10269.9 10275.5 10276.4 10280.1 10285.7 10293.3 10301.2
10405.3 10411.4 10414 10409.3 10406.1 10400 10394.6 10391.4 10390.5 10385 10380.3 10377.1 10374.8 10373 10370.6 10366.5 10359.7 10351.9 10343.3 10334.3 10324.8 10318.3 10316.4 10315.5 10314.3 10312.4 10309.1 10304.3 10297.1 10296.1 10296.1 10294.1 10290.9 10286.2 10280.1 10273 10264.5 10253.6 10247.4 10244.7 10242.1 10239.5 10237 10234.6 10232.1 10236.7 10243.8 10250.6 10256.9 10263.2 10266.5 10263.1 10266.1 10280.9 10320.9 10313.4 10270.9 10255.5 10255.2 10262.8 10273.2 10280.9 10281.6 10284.1 10290.1 10297.6 10305.5
10405.9 10409.9 10403.6 10404.7 10403.9 10398.3 10392.3 10387 10381.6 10379.3 10375.8 10372.2 10369.8 10367.6 10365.2 10361 10354.5 10347.8 10340.9 10334.1 10327.1 10321.4 10318.5 10316.4 10314.6 10312.8 10310.2 10306.1 10301 10298.1 10296.1 10292.9 10288.7 10284 10279.1 10273.9 10269.6 10264.8 10254.9 10248.9 10243.9 10240.3 10236.7 10233.9 10232.8 10237.4 10245.7 10254.6 10262.7 10269.3 10268.4 10259.2 10250.7 10247.1 10245.7 10233.2 10225.6 10228.7 10240.8 10257.5 10274.2 10285.1 10286 10287.9 10294.6 10302.1 10310.1
10393.5 10395.9 10397 10401.3 10400.4 10392.1 10385.6 10381.4 10377.2 10372.9 10369 10365.7 10363 10360.7 10359.2 10354.6 10348.8 10343.3 10338.2 10334.1 10331.2 10326.3 10321 10317.8 10315.9 10314.5 10313.4 10311.3 10307.6 10302.9 10298 10293 10287.5 10281.3 10277.5 10274.1 10270.6 10267.4 10261.5 10253 10246.2 10241.3 10237.4 10235 10234.7 10239 10247.9 10258.2 10267.5 10273 10266.8 10248.9 10226.4 10199.8 10166.1 10143 10167.5 10194.9 10223 10250.9 10276 10293.8 10294 10295 10300 10306.7 10314.1
10386.4 10388.4 10393.7 10395.1 10387.8 10379.4 10373.6 10370.8 10368.7 10363.8 10360.4 10357.6 10354.9 10351.7 10348.2 10345.5 10342.2 10338.2 10334.4 10331.6 10330.4 10326.2 10321.4 10318.6 10317.2 10316.6 10316.6 10316.6 10315.9 10307.3 10299.9 10293.7 10288.2 10282.9 10278.7 10274.6 10269.6 10265.1 10261.1 10253.8 10247.7 10243.2 10239.2 10236.4 10234.4 10239.1 10249.7 10261.6 10271.9 10276.7 10265.2 10239.3 10206.1 10166.2 10121 10092 10126.2 10168 10208.4 10245.9 10279 10303.7 10305.2 10305 10306.3 10311.4 10317.2
10382.4 10381.9 10384.2 10378.3 10365.7 10361 10357.1 10353.3 10352 10351.7 10350.5 10349.2 10347 10343.7 10337.6 10337.7 10335.9 10332.8 10329.3 10326 10323.4 10321.3 10319.4 10318.1 10317.5 10317.4 10317.9 10318.4 10315.9 10308.2 10300.2 10293.6 10288.7 10285.7 10281 10276.6 10271 10264.6 10258.3 10253.5 10249.3 10245.7 10242.1 10238.9 10236.2 10240.6 10251.8 10264.9 10276.4 10281.9 10265.6 10234.6 10196.5 10153 10108.3 10078.4 10110.2 10156.2 10201.8 10244.3 10281.9 10310 10315 10314.1 10312 10315.5 10320.6
10374.4 10366.6 10357.5 10344.2 10341.7 10342.5 10341.2 10337.9 10338.2 10340.7 10341.5 10341.4 10340.4 10339.2 10338.9 10334.1 10331.2 10327.9 10324.1 10319.8 10315.7 10315.9 10316.4 10316.6 10316.7 10316.8 10316.8 10316.9 10314.1 10306 10298.4 10291.8 10286.6 10283.5 10282.4 10280.2 10274.9 10267.2 10257.9 10254.6 10252 10249.3 10246.5 10243.4 10239.9 10242.8 10254.9 10268.5 10279.7 10284.7 10266.4 10235.2 10198.2 10158 10119.2 10094.6 10118 10160.7 10205.2 10247.1 10284.7 10315.5 10319.4 10319.7 10322.3 10318 10322.2
10347.7 10344.4 10335.3 10324 10326 10328.9 10329.8 10329.3 10330.3 10332.2 10333.5 10334.2 10334 10333.6 10332.3 10330.2 10327.4 10324.1 10320 10315.3 10311.6 10312.4 10313.9 10314.8 10315.3 10315.2 10314.4 10311.4 10307.1 10301.5 10294.5 10288.3 10284.2 10282.5 10284.6 10286.2 10284.2 10274.9 10263.9 10258.4 10256.6 10254.9 10253 10250.7 10248.1 10247.9 10260.9 10273.6 10282.2 10283 10266.9 10240.7 10209.4 10176.1 10145.5 10126.6 10142.9 10179 10217.8 10254.4 10286.3 10311.2 10319.6 10320.4 10323.4 10318.6 10322.3
10326.8 10327.3 10324 10320.1 10318.7 10320.8 10322.5 10323.8 10324.8 10325.9 10326.7 10327.9 10328.5 10328.4 10327.5 10326.3 10324.1 10321.4 10317.9 10313.4 10309.5 10311.2 10312.6 10313.5 10313.6 10313.3 10312.5 10310.9 10304.8 10296.9 10289.2 10282.8 10280.1 10281.7 10286.3 10292.9 10294.8 10285 10269.9 10264.5 10263.3 10262 10261.2 10261.1 10261.4 10262.6 10273.1 10281.2 10285.6 10284.3 10270.6 10250.4 10226.9 10202.9 10181.3 10167.4 10179.3 10208.5 10238.6 10266.1 10289.6 10307.9 10315.3 10318.2 10321.4 10318.1 10321.7
10321.3 10320.1 10319.3 10315.8 10315.2 10316.4 10317.8 10318.9 10320 10320.7 10321.9 10322.8 10323.4 10324.2 10324 10322.9 10321.6 10320 10317.8 10315.3 10313 10312.4 10312.5 10312.4 10311.8 10310.9 10309.5 10308.1 10300.8 10291.7 10282.9 10275.2 10270.3 10273.4 10283.7 10297.1 10306.8 10294.7 10282.7 10275.5 10271.3 10269.2 10269.4 10271.9 10277.1 10284.9 10288.9 10290.3 10290.3 10286.7 10277 10263.1 10248.3 10234.8 10223.9 10217 10226.2 10247.8 10265.7 10281.5 10295.8 10307.6 10310.2 10312.6 10317.5 10317 10320.7
10320.3 10316.7 10314.9 10314.9 10313.5 10313.6 10314.9 10316 10316.5 10317 10317.5 10317.9 10318 10318.6 10319.1 10319.5 10319.8 10319.5 10318.4 10317.2 10316 10314 10313 10311.7 10310 10307.8 10304.5 10301.4 10294.3 10285.9 10276.8 10267.6 10260.2 10263.9 10275.8 10290.8 10301.9 10294.4 10288.4 10283.1 10276.5 10273.7 10274.8 10279.4 10287.8 10298.8 10300.6 10297.3 10294.6 10291.3 10284.5 10276.8 10269.5 10266.6 10270.5 10278.2 10289.1 10295 10294.6 10297.5 10302.7 10308.1 10308.5 10310.2 10313.4 10316.1 10320
10317.9 10313.3 10309.3 10308.5 10309.5 10310.9 10312.9 10314 10314 10313.9 10313.5 10313.1 10312.4 10310.8 10313.3 10316.2 10318.5 10320.1 10319.8 10316.4 10315.6 10315.3 10313.5 10311.1 10308.2 10304.7 10299.5 10291.8 10288 10281.1 10272.3 10262.9 10254.9 10257 10264.6 10272.2 10278.4 10281.1 10282.4 10281.7 10274.9 10273.3 10275.5 10281.1 10289.8 10300.5 10302.6 10298.9 10295.6 10293.2 10290.7 10287.6 10287.8 10292.5 10306.2 10335.8 10372 10331.6 10315.3 10309.3 10307.6 10307 10306.2 10309 10312.8 10315.6 10319.3
10316.3 10310.4 10305 10303.4 10304.9 10307.4 10310.4 10312.2 10311.6 10310.9 10310 10308.9 10308.4 10309.7 10310.3 10313.5 10317.4 10321.4 10324 10322.4 10320.7 10317.6 10313.5 10309.6 10306.2 10302.7 10298.3 10292.2 10285.8 10278.4 10270.2 10261.5 10254.7 10253.9 10255.4 10255.6 10258.5 10264.5 10266.4 10265 10266.2 10268.3 10272 10277.7 10284.6 10291.5 10294.4 10295.5 10296.3 10296.3 10295 10296.1 10298.9 10306.5 10318.4 10333.1 10333.9 10330 10320.7 10314.5 10310.8 10308.8 10306.1 10309 10311.6 10316.9 10320.1
10317 10308.3 10301.4 10299.1 10300.3 10303.8 10307.1 10308.5 10308.6 10308.1 10306.9 10305.4 10303.8 10303.5 10306.3 10310.4 10315.3 10321.7 10329.7 10335.1 10328.2 10319.2 10312.1 10306.8 10303.1 10300.3 10298.2 10294 10285 10276.9 10269.5 10262.8 10257.1 10253.9 10251.6 10249.2 10249.9 10252.8 10253.2 10251.6 10256.5 10261.5 10266.3 10271.4 10276.4 10280.1 10283.4 10288.9 10294.7 10296.7 10297.1 10300.1 10304.5 10309.8 10315.9 10318.1 10311.7 10317.2 10317.5 10315.1 10312.4 10310 10309.7 10312.8 10317.2 10319.8 10322.3
10316 10305.7 10297.9 10296.1 10297.3 10300.6 10304.5 10306 10306 10305.6 10304.6 10302.7 10300.1 10298.2 10302.1 10306.3 10310.9 10317.1 10327.1 10343.3 10326.9 10315.2 10307.3 10301.6 10297.8 10295.2 10293.9 10290 10281.9 10274.8 10268.8 10264.3 10261.2 10255.6 10251.8 10249.1 10248 10247.4 10246.5 10245.7 10250 10255.3 10260.3 10264.9 10268.5 10271.5 10275.3 10280.1 10287.3 10292.4 10296.3 10300.8 10305.4 10309.2 10311.9 10312 10309.9 10311.6 10314.3 10314.8 10314 10314.2 10316.6 10320.6 10323.4 10322.9 10323.2
10310.4 10302.2 10295.5 10294.3 10295.6 10297.5 10299.6 10301.8 10303.5 10304 10303.8 10302.1 10299.7 10298.5 10300 10302.2 10304.2 10306.2 10308.6 10310.2 10309.1 10304 10298.7 10294 10290.1 10287.1 10284.9 10281.4 10276.3 10271.4 10267 10263 10260 10256.2 10253.3 10251.3 10248.5 10245.9 10244 10243.5 10246.3 10251 10255.8 10259.7 10262.4 10263.6 10264.6 10270.8 10277.3 10286.7 10293.8 10299.6 10304.9 10308.2 10310.1 10310.5 10308.2 10310.6 10314.2 10315.7 10316.3 10318.3 10325.2 10330.9 10330.7 10327.1 10325.6
10304.1 10299.1 10294.6 10293.5 10293.2 10295.2 10296.9 10299.2 10301.7 10303.7 10304.4 10303.6 10301 10299.2 10299.7 10299.1 10297.3 10293.9 10288.3 10284.4 10289.5 10290.3 10288.4 10285.2 10281.2 10277.4 10273.8 10271.8 10269.9 10267.5 10264.6 10260.9 10258.3 10256.4 10254.5 10252.7 10249.4 10246.2 10243.7 10242.2 10244.6 10248.9 10253.3 10257 10259.5 10260.4 10260 10267.6 10275.3 10284.3 10292.3 10298.7 10303.9 10307.7 10310 10311.8 10313.4 10315.2 10317.1 10318.2 10319.3 10323 10331.5 10338.4 10336 10331.4 10329.3
10299.5 10296.9 10294.5 10293.6 10294.5 10293.6 10293.8 10296.7 10300.6 10304.2 10306.9 10307.7 10306.4 10304.1 10301.6 10297.8 10292.5 10285.4 10276.8 10272.7 10277 10279.5 10279.1 10276.8 10273.1 10268.6 10263.8 10263.8 10264.3 10264.3 10263.3 10261.1 10259.2 10257.7 10255.6 10253.4 10250.3 10247.3 10244.9 10243.7 10245.1 10248.6 10252.7 10256.7 10260 10262.9 10266.2 10271.6 10278.1 10285.3 10292.8 10299.2 10304.3 10308.2 10311.5 10314.9 10319.2 10321.4 10320.9 10321.3 10322.3 10325.7 10331.9 10336.1 10337.6 10334.5 10332.9
10295.2 10294.1 10293.1 10292.6 10292.9 10290.9 10289.5 10294.6 10300.3 10305.7 10310.5 10313.6 10313.5 10310.4 10305.1 10298.2 10290.4 10282 10273.3 10269.5 10271.3 10272.8 10272.8 10270.9 10267.3 10262.6 10257.9 10259.1 10261 10262.5 10264 10264.6 10262.7 10260 10257 10253.5 10251.7 10249.1 10246.9 10245.5 10246.4 10250 10254 10258.2 10262.6 10267.4 10272.4 10277.2 10281.8 10287.5 10294.2 10299.5 10304.7 10308.9 10312.4 10316.7 10321.1 10323.2 10323.7 10324.3 10325.5 10328.3 10332.8 10337.2 10337.7 10337.1 10336.5
