real_craters/C105-300m.grd
DSAA
230 230
-34.3525 34.3525
-34.3525 34.3525
9384.5315258729 11282.001306475
[rows 0 to 29 of 230, columns 0 to 66 of 230]
10396.8 10394.9 10391.8 10389.8 10388.5 10387.3 10386.2 10385.4 10384.4 10383.4 10382.2 10381 10380.5 10380.9 10380.9 10380.6 10379.9 10379.4 10379.1 10377.3 10374.3 10370.6 10366.6 10364 10367.7 10366.2 10364.9 10364.7 10364.8 10364.8 10367.9 10368.8 10368 10367 10365.9 10364.9 10363.9 10362.9 10361.7 10360.3 10359.1 10357 10355 10353.1 10351.4 10349.3 10346.1 10342.7 10339.3 10337.1 10336.5 10339.7 10343.1 10345.7 10347.4 10348.5 10350 10351 10351.6 10352 10352.1 10352.1 10351.2 10350.3 10349.8 10350 10350.8
10396 10392.9 10390.6 10388.7 10387.5 10386.6 10385.6 10384.6 10383.5 10382.6 10381.9 10380.9 10381.9 10382.4 10380.7 10382.3 10382.4 10381.8 10380.8 10378.7 10375.7 10371.7 10367 10363.9 10366.3 10364.8 10364.7 10365.5 10366.7 10368.5 10373 10372.6 10370.3 10368.1 10366.2 10364.8 10364 10363 10361.6 10360.5 10359.1 10357 10354.1 10352.7 10351.6 10349.5 10346.5 10342.6 10338.4 10334.4 10332.3 10336.4 10339.3 10341.7 10343.6 10345.3 10346.4 10347.8 10349.4 10349.6 10349.6 10349.2 10348.1 10346.5 10345.7 10346.7 10348.2
10395.3 10392.1 10387.8 10387 10386.4 10385.7 10384.6 10383.8 10382.9 10382.1 10381.8 10384.2 10385.2 10389.6 10386.3 10386.5 10386.9 10385.6 10383.5 10381.3 10378.5 10374.8 10369.8 10364.7 10363.1 10362.4 10364.5 10366.6 10368.8 10371.6 10374.6 10373.6 10370.8 10368.1 10365.8 10364.3 10363.4 10362.4 10361.5 10360.6 10359.6 10358.4 10356.7 10354.5 10353 10352.3 10350.5 10344.8 10338.3 10333.2 10332.1 10335 10337.1 10339.2 10340.7 10342.2 10343.5 10344.4 10346.8 10347 10347 10346.7 10345.6 10342.4 10342.5 10344.4 10346.2
10395.4 10392.7 10388.2 10386.8 10386.2 10385.5 10384.5 10383.3 10382.2 10381.3 10380.4 10378.9 10382.3 10383.5 10391.4 10389.9 10389.8 10388.2 10386.3 10384.3 10382.1 10379.4 10376.1 10370.6 10363.3 10362.9 10365.8 10368.3 10370.4 10372 10373.4 10372.3 10369.5 10367.4 10365.5 10364.2 10363.3 10362.5 10361.6 10360.9 10360.2 10359.5 10359.5 10356.4 10353.4 10351.7 10351.3 10345.6 10337.8 10332.3 10331.5 10333.9 10335.7 10337.5 10339.3 10340.7 10341.8 10342.5 10344.7 10344.9 10345 10345 10344.9 10343.2 10342.9 10343.7 10345
10395.5 10393 10390.9 10388.2 10386.7 10385.4 10384.1 10382.9 10381.8 10380.7 10379.9 10379.8 10381 10385.3 10388.3 10389.4 10388.2 10389.4 10388.8 10387.5 10385.9 10384.4 10382.7 10376.4 10369.5 10367.9 10369.1 10370.6 10372 10372.7 10371.2 10368.1 10367.1 10365.8 10364.9 10364 10363.3 10362.6 10361.8 10361.1 10360.4 10359.2 10357.4 10354.9 10351.5 10348.6 10346.3 10341.7 10335.9 10331.8 10332.4 10333.8 10335.4 10336.9 10338.2 10339.2 10340.3 10341.8 10343 10343 10343 10343 10343.6 10343.5 10343.7 10343.5 10344.3
10395.8 10393.9 10393.1 10389.7 10387.4 10385.7 10384.3 10382.9 10381.6 10380.5 10379.9 10379.9 10379.7 10380.3 10384.2 10389.1 10391.9 10391.8 10391.2 10390.4 10389.3 10388.1 10386.2 10381.1 10378.3 10375 10373.5 10373.5 10374 10374.5 10372.2 10365.6 10364.4 10363.5 10363 10362.4 10361.9 10361.4 10360.8 10360.3 10359.7 10358.8 10357.2 10353.2 10348.6 10343.8 10339.1 10336.5 10333.2 10330.7 10332.4 10334.2 10335.4 10336.8 10337.9 10338.9 10339.6 10341.1 10341.3 10341.1 10340.8 10340.5 10341.1 10341.6 10342.2 10342.9 10343.8
10395.9 10393.5 10391.7 10389.6 10388.1 10386.4 10384.8 10383.2 10381.8 10380.5 10379.3 10378.3 10378.6 10379.8 10384.2 10389.3 10393.9 10393.4 10393.1 10392.8 10392.2 10391.1 10389.1 10385.4 10382.9 10379.5 10377.1 10376 10375.5 10375.7 10374.3 10365.8 10363 10362.4 10362.1 10361.8 10361.6 10360.9 10360.2 10359.5 10358.8 10357.7 10355.4 10350.9 10345.6 10340.3 10336.2 10333.4 10331.5 10330.8 10333.3 10335 10336.3 10337.3 10338.3 10339 10339.7 10340 10339.5 10339.4 10338.7 10337.8 10337.7 10339.4 10340.7 10342.3 10343.6
10396.3 10393.5 10391.5 10390.1 10388.9 10387 10385.2 10383.5 10381.9 10380.6 10379.8 10379.3 10378.9 10379 10382.3 10387.4 10391.2 10393 10393.9 10394.4 10394.4 10393.6 10391.4 10388.3 10384.5 10381.7 10379.2 10377.3 10375.6 10374.2 10371.4 10364.3 10361.7 10361.6 10361.7 10361.5 10361 10360.1 10359.1 10358 10356.9 10355.9 10353.1 10348.2 10342.7 10337.3 10333.1 10331.9 10331.4 10331 10334.8 10336.7 10337.9 10338.9 10339.2 10338.8 10339.1 10339 10338.9 10338.6 10338 10336.8 10336.7 10338.7 10341.1 10341.8 10343.5
10396.9 10393.6 10392.3 10392.7 10390.2 10387.8 10385.8 10383.8 10382.2 10381 10379.9 10379.5 10380.3 10381.9 10383.4 10385.9 10389.1 10392.3 10394.3 10395.9 10396.8 10396.7 10394.5 10390.7 10386.1 10383.4 10380.6 10377.7 10374.8 10371.5 10367.1 10361.6 10360.4 10361.5 10361.9 10361.6 10360.8 10359.5 10357.9 10356.1 10354.2 10352.5 10349.7 10345.2 10340.4 10335.7 10332.5 10332.7 10333.8 10334.7 10338.3 10339.3 10339.8 10339.8 10339.6 10339.3 10339.2 10338.8 10338.6 10338.4 10338.3 10338.4 10338.2 10338.4 10338.8 10341 10343.6
10398.3 10395.8 10394.2 10393.2 10390.6 10388.1 10386 10384.2 10382.6 10381.5 10381.4 10380.8 10380.9 10382.4 10383.6 10386.8 10389.4 10392.2 10394.8 10397 10398.8 10400.3 10401.1 10394.4 10388.9 10385.7 10382.1 10378.2 10374.1 10369.6 10365.5 10360.4 10360.6 10362.8 10363 10362.1 10360.7 10358.9 10356.8 10354.3 10351.4 10347.8 10345.1 10342.7 10339.4 10335.9 10333.8 10334.2 10337.4 10343.9 10343.7 10342.1 10341.3 10340.5 10340 10339.4 10338.9 10338.6 10338.5 10338.4 10338.6 10339.5 10339.5 10339.1 10339.4 10341.5 10344.5
10399.5 10397.7 10395.1 10392.2 10390.2 10388.2 10386.2 10384.3 10382.6 10381.3 10380.4 10380.4 10380.7 10382.5 10386.9 10387.6 10389.6 10392.3 10395 10397.5 10399.5 10401.2 10400.3 10397 10393.4 10388.8 10384 10379.2 10374.1 10368.5 10363.2 10361.3 10365.4 10366.8 10365.4 10363.4 10361.2 10358.8 10356.2 10353.2 10349.9 10346.2 10343.7 10341.7 10339.3 10337.1 10334.2 10333.4 10337.1 10344 10345.1 10343.3 10342 10340.9 10339.9 10339.2 10338.5 10338.2 10338 10338 10338.5 10338.7 10339.8 10340.3 10341.1 10343 10346.4
10399.3 10396.6 10394.6 10392 10390.1 10388.2 10386.2 10384.3 10382.5 10381 10380 10380.3 10381.1 10383.4 10386.7 10387.1 10389.4 10392.4 10395.2 10397.9 10399.8 10400.5 10399 10400 10397.3 10391.6 10386.1 10380.8 10375.5 10369.6 10363 10366.3 10375.9 10371.8 10367.7 10364.5 10361.7 10359 10356 10353 10349.5 10346.4 10343.8 10341.8 10339.9 10337.7 10334.4 10332.3 10334.1 10338.5 10341.9 10342.3 10341.7 10340.8 10339.9 10339.1 10338 10337.4 10337.1 10337.4 10338.5 10340.4 10341.4 10342.6 10343.2 10345.7 10350
10400.2 10396.9 10394.3 10392.5 10390.5 10388.2 10386.1 10384.1 10382.4 10381.1 10380 10381 10382.2 10384.3 10387.2 10388 10389.6 10392.6 10395.6 10398.3 10400.1 10400.6 10399.3 10400.8 10398.3 10393.2 10388 10382.8 10378 10374.1 10372.5 10378.9 10379.6 10372.9 10368.2 10364.9 10362.1 10359.3 10356.6 10353.4 10350.1 10346.6 10344.4 10342.6 10341 10339.1 10335.8 10333.3 10333.2 10336.1 10339.5 10340.9 10340.9 10340.3 10339.2 10338.2 10337.4 10336.6 10336.2 10336.3 10337.4 10339.6 10342.4 10346 10350.5 10354.5 10355.4
10401.8 10399.2 10396.3 10394 10390.8 10388.3 10386.1 10383.9 10382.2 10381.3 10381.7 10382 10383.8 10385.4 10386.6 10386.5 10389.6 10392.7 10395.9 10399 10401.3 10402.3 10400.1 10399.4 10397.6 10393.8 10389.1 10384.3 10380.1 10377.4 10378.3 10380.9 10372.2 10369.2 10366.7 10364.4 10362.2 10360 10357.5 10354.7 10351.6 10348.5 10346.1 10344.3 10342.4 10340.7 10337.8 10335.4 10334.6 10337.8 10339.5 10340 10340 10339.3 10338.4 10337.5 10336.5 10335.7 10335.1 10334.9 10335.4 10337.5 10342.2 10348 10355.3 10361.3 10359.1
10400.8 10399.1 10398.8 10395.1 10390.8 10388.5 10386.1 10383.8 10381.8 10380.2 10379.8 10381.6 10384.2 10385.3 10386 10386.8 10390 10393.3 10396.5 10399.7 10402.6 10404.6 10400.7 10399.5 10397.9 10394.4 10390.1 10385.6 10381.2 10377.4 10373.6 10367.5 10364.4 10364.8 10364.6 10363.8 10362.4 10360.9 10359 10356.7 10353.8 10350.9 10348.4 10345.8 10343.5 10341.5 10339.5 10337.8 10337 10340.5 10340.4 10340 10339.8 10338.9 10338 10336.8 10335.5 10334.7 10334 10333.7 10333.6 10336.3 10341.7 10347.7 10353.7 10358.1 10358.6
10400.1 10398.1 10396.8 10394.4 10391.9 10389.1 10386.2 10383.6 10381.4 10379.6 10378.9 10379.6 10381.4 10383.2 10384.7 10387.8 10390.7 10393.8 10396.9 10400 10402.9 10405.2 10405.2 10402.5 10399.5 10395.5 10391.1 10386.5 10381.7 10376.9 10371.3 10365.2 10361.7 10362.8 10363.6 10363.6 10363.2 10362.3 10361 10359.4 10357 10353.8 10350.9 10347.7 10344.7 10342.4 10341.1 10340.5 10339.3 10341.2 10340.4 10340.1 10339.4 10338.6 10337.7 10336.5 10335.1 10334.3 10333.3 10333.2 10334 10336.5 10341.4 10346.4 10350.7 10353.6 10356.4
10399.8 10397.6 10396.1 10395 10393.4 10389.8 10386.6 10383.7 10381.2 10379.4 10378.7 10378.2 10378.1 10381.3 10384.7 10389.4 10391.7 10394.3 10397 10399.8 10402.3 10404.8 10405.8 10405.1 10400.9 10396.3 10391.6 10386.9 10382.1 10377 10371.7 10366.9 10363.5 10363.4 10363.8 10364.2 10364.1 10363.8 10363.3 10362.4 10361.3 10358.3 10353.6 10349.5 10346.1 10343.6 10342.2 10342.1 10341.8 10341 10339.8 10339.5 10338.7 10337.3 10336.3 10334.7 10334.2 10333.6 10333.9 10333.8 10334.8 10337.6 10341.8 10346.1 10349.4 10351.2 10355.6
10400 10397.9 10396.1 10394.4 10392.6 10390 10387 10383.9 10381.1 10379.3 10379.1 10379.7 10380.1 10381.7 10383.6 10389 10391.5 10394.4 10397.3 10399.8 10401.3 10402.4 10405.6 10405 10401.2 10396.8 10392.2 10387.7 10383 10378.1 10373.5 10369.4 10366.4 10365.1 10365 10365.3 10365.4 10365.5 10365.3 10365 10363.9 10360.5 10355.5 10350.5 10346.3 10343.5 10342 10341.4 10340.4 10340.5 10339.3 10338.9 10337.6 10336.5 10335.6 10334 10333.5 10334.3 10334.2 10334 10334.7 10338.3 10342.9 10347.2 10351 10354.4 10357.9
10402.5 10399.2 10396.9 10394.7 10392.8 10390.8 10387.9 10384.4 10381.1 10379.1 10380 10382.9 10384.3 10383.2 10384.4 10385.9 10390.6 10394.6 10397.9 10400.4 10401.7 10403.6 10404.8 10403.8 10400.4 10396.6 10392.5 10388.3 10384.1 10379.8 10375.7 10371.9 10368.4 10366.8 10366.6 10366.9 10367 10367 10366.9 10366.7 10366.1 10362.2 10356.6 10350.9 10345.5 10342.4 10341.1 10339.8 10339 10340 10338.9 10338.2 10337.2 10335.4 10334.5 10335.5 10335.1 10335.4 10335.4 10335.3 10336.3 10340.3 10345 10349.6 10353.7 10357.6 10361
10403.5 10400.4 10398.4 10397 10395.1 10392.9 10389.6 10385.5 10381.2 10378.2 10380 10383.5 10385.1 10383.3 10382.2 10386.2 10391.1 10395.5 10398.9 10401.5 10403.2 10399.1 10400.7 10401.2 10399 10396 10392.7 10389.1 10385.4 10381.6 10378 10374.5 10370.7 10368.8 10368.8 10368.9 10368.7 10368.5 10368 10367.4 10365.8 10362.4 10357.4 10351.8 10346.4 10343 10341.5 10340.1 10340.4 10340.3 10338.7 10337.5 10336.3 10336.7 10336 10336.2 10336.1 10336 10336.9 10338.1 10340.1 10343.6 10348 10352.8 10357.3 10360.5 10363.8
10403.3 10401 10399.6 10398.9 10397.8 10396.2 10392.7 10387.9 10382.5 10378 10380.1 10382.3 10383.2 10383.1 10384.1 10388.5 10393.2 10397 10400 10402.6 10404.3 10400.3 10400.2 10399.6 10398.1 10395.8 10392.9 10389.8 10386.8 10383.7 10380.8 10378 10374.9 10372.1 10371.4 10370.9 10370.4 10369.7 10368.7 10367.5 10366.5 10362.7 10358.4 10353.5 10348.7 10345.3 10343.2 10341.9 10340.8 10340.6 10338.4 10338.5 10337.6 10337.5 10336.9 10336.6 10335.9 10336.6 10337.8 10341.2 10344.4 10346.7 10350.8 10356.2 10362.2 10367.2 10370.9
10403.3 10401.3 10400.3 10400.3 10402.5 10401.5 10396.6 10391.4 10386.4 10382.8 10382.3 10382.7 10382.8 10383.2 10385.7 10391.1 10395.8 10398.7 10401.1 10403.3 10405.8 10412 10402.3 10399.4 10397.8 10395.8 10393.5 10390.9 10388.3 10385.8 10383.5 10382 10379.9 10375.8 10374.4 10373.2 10372.1 10370.8 10369.3 10366.9 10364 10362.7 10360 10356.2 10351.7 10347.9 10345 10343.3 10342.7 10340.8 10338.4 10338.8 10338.4 10337.9 10336.8 10336.4 10334.8 10335.5 10337.6 10341.6 10345.2 10347.7 10352.1 10358.2 10366.6 10378.1 10387.4
10402.9 10401.5 10400.7 10400.6 10404.4 10404.5 10399.4 10394.8 10391 10388.2 10386 10383.9 10382.9 10382.7 10385.7 10392 10397.3 10400.1 10401.8 10403.5 10405.2 10408 10402.9 10400.1 10398.2 10396.2 10393.9 10391.7 10389.4 10387.3 10385.5 10384.1 10382.7 10380.1 10378 10376.2 10374.4 10372.7 10370.9 10368.5 10365.6 10364.5 10362.5 10359.6 10355.7 10350.7 10346.1 10342.7 10341.1 10340.1 10339.5 10339.2 10338.8 10338.3 10336 10335.5 10335.3 10335.2 10335.6 10336.9 10341.1 10346.2 10351.5 10357.5 10364.9 10377 10395.8
10404 10402.4 10401.3 10400.5 10402.1 10402.9 10399.8 10396.7 10394.3 10392.3 10390.6 10388.3 10384.9 10382 10384.4 10393 10400 10400.3 10401.4 10403.2 10405.4 10405.7 10403.4 10400.6 10398.6 10396.5 10394.3 10392.3 10390.5 10388.6 10386.8 10385 10383.5 10382.7 10380.7 10378.5 10376.4 10374.4 10372.6 10371.3 10369.9 10367.2 10365.3 10363.1 10359.5 10352.8 10346.4 10341.6 10340.1 10339.4 10339.3 10338.4 10337.8 10337.5 10336.8 10336 10335.3 10334.8 10334.1 10333.3 10338.1 10344.6 10350.3 10355 10357.7 10355.7 10343.3
10406.7 10404.3 10402.4 10401 10400.6 10400.4 10398.7 10396.7 10395.8 10394.6 10393.6 10392.8 10387.1 10383.2 10384.4 10390.4 10396.1 10397.5 10399.4 10401.7 10404.3 10404.9 10402.4 10400.7 10398.7 10396.6 10395.1 10393.2 10391.3 10389.6 10387.8 10386.2 10384.4 10384.2 10382.4 10380 10377.7 10375.6 10373.4 10371.6 10370.2 10368.8 10367.5 10365.7 10361.6 10354.1 10346.2 10340.2 10339.2 10339.3 10339.9 10339.1 10338.9 10338.6 10337.9 10337.3 10336.4 10335.5 10334.9 10335.2 10339.3 10345.1 10350.5 10354.4 10355 10348.6 10333.6
10410.7 10406.8 10404 10401.9 10400.5 10398.6 10397 10395.5 10393.8 10394.1 10394 10391.9 10387.8 10383.1 10383.5 10386.3 10388.1 10392.9 10396.5 10399.5 10401.9 10404.6 10403.4 10400.9 10398.8 10397 10395.4 10393.7 10391.7 10390.1 10388.7 10387.1 10385.7 10384.9 10382.7 10380.6 10378.5 10376.4 10373.8 10371.2 10369.8 10369.4 10368.9 10368.1 10363.7 10355.1 10346.4 10340.6 10339.9 10340.3 10340.8 10340.2 10339.9 10339.6 10339.3 10339 10338.2 10337.6 10337.3 10338.4 10342.3 10347.6 10353.1 10357.8 10361.1 10362.6 10362.7
10413.3 10409 10405.4 10402.2 10399.2 10396.7 10395.8 10394.7 10393.1 10394 10395.2 10393.8 10389.5 10385.2 10384.4 10385 10385.9 10390.1 10394.4 10398 10403.1 10402.9 10401.4 10400.2 10398.8 10397.4 10395.4 10393.8 10392.7 10391.2 10389.6 10388 10386.3 10383.8 10382.1 10380.8 10379.2 10377.3 10375 10372.1 10370.4 10369.3 10368.6 10368.7 10364.5 10355.6 10347.2 10341.5 10341.7 10342.3 10343 10342.4 10342.1 10341.7 10341.4 10341.2 10340.7 10340.5 10340.3 10341.4 10345.9 10351.2 10357.1 10363.1 10370.2 10380.5 10401.1
10415.3 10411.1 10407 10403.1 10399.5 10397.2 10396.1 10395.6 10394.7 10394.6 10395 10394.1 10391.2 10389.5 10386.9 10386.1 10386.7 10389.7 10393.6 10397 10399.6 10398.8 10398.9 10399.2 10398.6 10397.3 10396.1 10394.9 10393.4 10391.9 10390.3 10388.7 10387.1 10384.7 10382.5 10381.2 10379.8 10378.3 10376.7 10374.7 10371.6 10368.5 10365.7 10363 10359.6 10354.5 10350.1 10346.9 10346.1 10346.7 10346.3 10345.5 10345 10344.6 10343.6 10343.7 10343.7 10344.1 10344.6 10346.4 10350.3 10355.4 10361.1 10367.6 10375.6 10385.7 10396
10418 10413.5 10408.9 10404.5 10401.1 10397.9 10397.1 10397.5 10397.3 10395.5 10393.4 10392.5 10391.6 10389.9 10388.7 10387.9 10388.3 10390.4 10393.9 10397.3 10399 10398.5 10398.5 10398.9 10398.2 10397.4 10396.3 10395.1 10393.7 10392.3 10390.8 10389.4 10387.9 10386 10383.2 10381.6 10380.4 10379.1 10378 10377 10372.2 10367.3 10362.2 10356.6 10354.1 10352.6 10350.9 10350.2 10349.9 10350.5 10349.2 10347.8 10347.2 10346.9 10346.9 10347.3 10347.9 10348.3 10349.3 10351.3 10354.8 10359.2 10364.2 10370.1 10376.7 10383.5 10388.4
10421.2 10415.9 10410.7 10405.9 10401.2 10398.9 10399 10399.1 10398.9 10396.1 10394.3 10393.6 10393 10391.5 10390.5 10389.4 10388.9 10390.5 10394.2 10398.4 10399 10398.4 10399.1 10399 10398.3 10396.9 10395.9 10395 10393.7 10392.5 10391.2 10389.6 10388.1 10386.2 10383.5 10381.9 10380.7 10379.3 10377.7 10375.5 10371.3 10366.2 10360.4 10354.7 10352.3 10351.3 10350.8 10350.3 10351.1 10352.7 10350.8 10348.9 10348.7 10348.6 10348.9 10350 10351.3 10352.9 10354.9 10356.7 10359.1 10362.4 10366.3 10370.8 10375.6 10379.9 10382.9
