real_craters/C105-500m.grd
DSAA
138 138
-34.3525 34.3525
-34.3525 34.3525
9383.7937732235 11275.047245908
[rows 60 to 89 of 138, columns 67 to 133 of 138]
9474.43 9460.85 9444.51 9424.7 9403.01 9393.84 9398.23 9441.68 9524.2 9588.2 9678.68 9822.94 9964.1 10108.3 10256.1 10404.4 10553.5 10697.3 10821.1 10773.2 10609.7 10533.6 10497.5 10470.2 10449.6 10430.7 10418.8 10410.8 10404.3 10402.1 10401.7 10407.1 10411.7 10419.7 10431.8 10442.9 10446.5 10450.5 10447.4 10386.6 10334.4 10322 10324.1 10330.6 10337.6 10343.7 10357.7 10373.2 10385.5 10384.6 10383.3 10380.9 10385.4 10402.3 10421.2 10442.9 10472.9 10503.6 10517.2 10530.5 10541.5 10522.6 10497.9 10459.8 10417 10516.9 10602.2
9449.61 9437.37 9420.91 9407.12 9394.25 9383.79 9388.19 9422.94 9491.43 9552.12 9644.97 9769.7 9909.64 10054.3 10202.1 10349.6 10491.1 10618.5 10717.4 10688.4 10572.1 10528.4 10501.6 10477.1 10448.3 10425 10410.5 10399.5 10391.6 10386.1 10381.2 10382.1 10394.8 10406.1 10416.6 10423.7 10425.6 10427.7 10415.6 10374.6 10333.3 10320.1 10316.7 10317.6 10318.1 10320.9 10336.5 10346.6 10356.7 10366.1 10368.8 10370.5 10376.3 10389.1 10400 10418.4 10446 10477.8 10491.1 10494.7 10516.1 10526.1 10535.2 10557.3 10627.5 10643.8 10659.2
9443.37 9435.08 9426.16 9411.45 9393.21 9387.42 9392.35 9419.95 9481.57 9531.66 9607.14 9727.13 9858.58 9997.07 10139.9 10278.4 10408.6 10513.2 10564.1 10600.9 10572.9 10534.5 10498.8 10470.4 10441.7 10418.7 10399.4 10388.3 10382 10376.3 10370.3 10375.1 10383.3 10391.6 10396.4 10391.4 10401.4 10401.4 10386.9 10362.8 10338.3 10322 10313 10310.3 10311.8 10317.9 10329.5 10336.4 10344.6 10354.5 10358 10359.2 10359.3 10359.1 10367.8 10387.8 10412.3 10445.3 10477.1 10506.2 10511.1 10543.3 10575.9 10622.7 10688.5 10699.7 10697.5
9438.21 9431.45 9420.66 9412.12 9405.97 9402.72 9408.89 9437.03 9483.24 9524.47 9597.4 9688.94 9803.77 9934.12 10066.6 10200.6 10328.5 10436.5 10516.9 10563.7 10593.6 10534.1 10488 10459.2 10438.5 10414.6 10391.3 10380.9 10377.1 10374.4 10372.7 10373.2 10374.5 10378.3 10384.1 10385.8 10387.2 10390.3 10375.7 10347.8 10323.8 10311.6 10306.6 10305.5 10308.5 10317.2 10328.3 10347.9 10351.1 10350.1 10350.9 10348 10341 10345.1 10349.2 10364.7 10379 10398 10455.8 10539.8 10550.9 10580.9 10608.4 10638.4 10664.5 10685.6 10708.8
9445.99 9438.62 9432.02 9422.73 9416.51 9417.55 9426.2 9453.46 9482.8 9509.66 9556.67 9642.93 9751.71 9874.55 10004.2 10128.9 10246.6 10360.2 10466.2 10484.8 10503.6 10510.2 10490.1 10467.5 10444.2 10416.7 10390.6 10380 10376.6 10375.6 10373.4 10366.5 10365.6 10364.7 10362.8 10360.9 10376.4 10396.2 10376.1 10333.2 10307.4 10303.8 10302.4 10301.1 10302.5 10305 10317.3 10334 10342.2 10344.8 10348.1 10351.7 10355.3 10353.7 10346.9 10340.5 10356.2 10375 10444.6 10571.8 10605.4 10621.9 10633.4 10647.6 10660.4 10678.8 10711.8
9451.08 9444.45 9438.55 9432.03 9428.34 9429.64 9434.94 9446.47 9474.77 9490.79 9517.26 9592.41 9698.57 9816.72 9941.15 10058.8 10164.9 10254.7 10332.7 10402 10453.3 10495.9 10513.5 10488.7 10455.1 10423.1 10396.9 10382.5 10377.4 10377.8 10376 10370.5 10362.2 10353.8 10349 10348.5 10371.6 10396.9 10371.3 10320.7 10296 10296.1 10298.4 10298.1 10299.6 10301.7 10308.9 10315.6 10328.2 10338.2 10346.6 10357.1 10372.7 10369.8 10365.3 10359 10355.6 10365.4 10425 10555.6 10603.8 10646.1 10652.8 10661.7 10670.2 10686 10716.2
9460.33 9453.63 9446.32 9442.05 9437.18 9438.27 9444.78 9462.16 9476.5 9477.63 9491.6 9555.45 9655.61 9770.19 9888.55 10001.9 10103.3 10185.7 10270.5 10366.3 10442.7 10497.7 10520.4 10502.2 10467 10427.9 10395.6 10382.9 10375.6 10372.5 10368 10359.4 10351.2 10345 10343.3 10353.5 10374.3 10386.6 10358.4 10312.7 10291 10290.7 10294.6 10295.7 10299 10304.5 10308.3 10311 10320.9 10332.1 10342.5 10353.2 10363 10373.2 10387.5 10382.3 10362.1 10362.1 10405.4 10515.5 10605.9 10650.2 10658.8 10670.4 10684.3 10702.6 10727.5
9468 9461.33 9455.42 9447.83 9444.36 9444.89 9450.31 9463.07 9471.91 9466.94 9478.65 9532.56 9625.86 9738.48 9857.12 9974.66 10080.7 10166.5 10268.5 10382.1 10461.6 10511.8 10533 10511.4 10473.8 10431.5 10399 10382.3 10371.7 10363.4 10355.9 10350 10344.6 10339.2 10337.6 10358.6 10383.1 10388.8 10349.1 10302 10286.4 10287.3 10291.4 10293.7 10297.6 10303 10306.5 10308.4 10315.7 10326.5 10337.8 10347.4 10351.6 10366.3 10385.9 10381.4 10362 10354.7 10384.3 10496.6 10582.9 10623.5 10647.7 10667.7 10693 10725.3 10737.7
9473.35 9467.62 9463.02 9457.36 9452.97 9449.37 9450.87 9456.13 9462.92 9455.34 9460.91 9505.77 9603.48 9718.43 9842.67 9968.06 10091.7 10207.3 10311.2 10417.1 10484.7 10528.7 10543.7 10520.9 10479.4 10431.7 10396.9 10381.6 10369.4 10359.4 10349.9 10342.4 10336.8 10339.9 10344.7 10364.2 10384.6 10382.9 10340.2 10295.2 10285.5 10287.3 10292 10292.2 10294.7 10298 10299.3 10300.5 10309.1 10320.2 10332.5 10345.2 10357.7 10370 10375.5 10368.8 10353.3 10347.4 10365.6 10461.3 10552.6 10594.3 10623.7 10652.3 10686.1 10717.3 10737.3
9477.54 9474.37 9468.86 9463.88 9456.57 9451.53 9447.49 9445.49 9445.65 9444.03 9454.3 9498.49 9591.97 9707.04 9832.04 9963.24 10102.7 10259.5 10350.7 10412 10495.2 10545.7 10558.5 10530.5 10483.7 10431.8 10399.5 10383 10370.7 10357.7 10348.1 10339.2 10333.6 10347.9 10358.9 10357.6 10355.6 10359.4 10332.8 10301.1 10292.6 10290.4 10288.9 10290 10290.9 10291.7 10290.1 10293.3 10302 10312.5 10324.7 10339.7 10360.3 10371.3 10353.5 10352.6 10342.2 10337 10353.1 10416.7 10491.9 10547.3 10583.1 10625 10668.7 10706.4 10732.9
9480.46 9475.8 9471.41 9470.86 9463.36 9454.2 9443 9433.81 9429.51 9436.93 9455.28 9500.57 9590.4 9704.63 9828.02 9952.77 10080.2 10198.3 10328 10435.1 10502 10556.1 10569.5 10537.9 10488 10432.6 10402.7 10387 10374.7 10367.8 10351.4 10342.1 10342.3 10353.1 10362.5 10345.6 10332.1 10336 10330.7 10318.8 10302.7 10294.8 10294.4 10289.1 10286.2 10287.3 10291.7 10289.1 10295.3 10304.7 10315.4 10326.8 10337.3 10336.1 10330.6 10334.7 10329.9 10327 10333.5 10359.6 10387.1 10452.8 10532.6 10592.2 10646.3 10696.4 10724.4
9486.27 9482.17 9482.26 9474.84 9470.43 9460.82 9448.71 9437.79 9433.76 9447.64 9466.99 9503.25 9597.27 9712.86 9828.92 9943.2 10055.7 10165.2 10277.8 10392.1 10492.4 10563.3 10578.5 10546.3 10492.8 10439.5 10410.4 10393.8 10380 10363.9 10354.1 10344.8 10340.2 10338.1 10337.7 10332.4 10326.2 10321.1 10326.9 10321.9 10305.3 10293.1 10285.5 10279.4 10277.1 10277.7 10278.1 10279.4 10287.2 10295.8 10304.2 10311.1 10314.8 10313.2 10314.9 10324.7 10320.7 10317.9 10321.2 10335.1 10360.3 10421.3 10496.6 10560.7 10619.9 10668.5 10708.1
9495.45 9492.75 9488.89 9494.22 9484.69 9474.63 9463.74 9455.87 9464.08 9474.37 9500.12 9541.25 9632.63 9738.45 9841.14 9942.07 10039.7 10137.6 10218.2 10329.3 10479.4 10592.9 10599.3 10553.3 10495 10441 10415.5 10401.7 10392.3 10378.4 10361.2 10345.4 10332.6 10325.1 10322.8 10321.8 10315.8 10316.2 10320.2 10314.6 10299.3 10285.6 10273.5 10266.7 10266.3 10266.6 10265.6 10272.2 10280.1 10287.4 10293.7 10298.1 10299.3 10298.4 10303 10312.3 10314.3 10313.9 10316.6 10327.9 10351.4 10403.2 10470.5 10534.5 10598.6 10657.4 10704.8
9514.41 9512.2 9519.02 9512.76 9504.5 9495.51 9484.92 9479.29 9483.99 9509.31 9553.73 9620.35 9699.32 9781.88 9869.13 9954.13 10032.6 10112.6 10199.4 10321.7 10477.3 10585.2 10599.5 10552.9 10489.8 10427.5 10414.5 10406.2 10405.5 10395.6 10367 10345 10327.4 10313 10313.6 10318.1 10321.1 10316.8 10303.9 10296.7 10288.7 10278.4 10267.3 10260.3 10257.9 10258.4 10263.5 10269.7 10274.2 10279.6 10283.9 10287.7 10289.4 10290.6 10294.5 10304.3 10306.9 10308.5 10310.7 10320 10349.1 10386.4 10445.9 10508.3 10578.8 10650.4 10714.9
9539.71 9541.32 9547.71 9540.44 9534.98 9526.14 9514.79 9510.32 9515.63 9549.48 9608.55 9686.39 9761.59 9829.32 9904.24 9981 10055.6 10134.4 10232.7 10356.4 10497.9 10598.6 10596.5 10545.2 10480.2 10428 10410.5 10402.1 10397.6 10386 10363.9 10342.3 10323.8 10314.8 10313.4 10316 10320 10311.7 10294 10285.3 10280.1 10272.3 10263.1 10256.2 10252.7 10251.8 10254.6 10263.6 10267.8 10271.6 10275.7 10279.7 10282.3 10284.3 10287.5 10297.3 10302.1 10306.9 10312.3 10322 10360 10379.9 10413.8 10478.9 10555.4 10630.8 10688.4
9577.51 9581.59 9587.8 9582.54 9576.82 9567.15 9559.34 9553.4 9559.54 9592.87 9657.53 9732.7 9806.45 9875.29 9944.75 10015.5 10098.3 10176.3 10248.4 10377.9 10515.1 10608.3 10589.8 10532.4 10464.2 10412.9 10403 10394.8 10385.1 10372.7 10357.6 10339.7 10323.1 10313 10310.4 10308.9 10305.6 10293.7 10289.4 10281.6 10275.7 10269.9 10261.9 10253.3 10252.1 10249.6 10249.7 10256.8 10262.7 10266.9 10270.6 10274.3 10277.9 10282.5 10286.7 10290.9 10298.7 10308.8 10323 10345.9 10364.7 10364 10380.2 10451.9 10533.9 10615.5 10690.5
9633.71 9644.62 9641.99 9636.71 9629.42 9620.43 9613.43 9608.5 9611.26 9645.03 9714.44 9784.79 9855.63 9931.67 9993.3 10051.2 10111 10193.2 10286.8 10403.2 10520.2 10584.1 10568.2 10516.8 10452.7 10411 10400.1 10392.1 10381.6 10368.4 10354 10337.9 10323 10312.2 10305 10299.5 10293.7 10283.9 10274.4 10276.1 10275.3 10273.2 10270 10263.5 10262.9 10254.4 10250.7 10257 10261.4 10265.1 10268.7 10272.1 10275.6 10279.8 10288.4 10288.1 10296 10310.4 10328.3 10350.3 10359.7 10353.3 10362.4 10433.6 10516.2 10599.7 10675.7
9702.22 9709.01 9706.2 9701.46 9695.23 9685.99 9677.96 9674.45 9682.75 9719.63 9787.38 9872.17 9955.02 10011.3 10052.3 10093.1 10151.8 10238.6 10327.8 10441.2 10531.1 10568 10545.1 10500.9 10449.1 10415.4 10402.2 10393.9 10385.9 10369.6 10353.1 10337 10321.1 10309.4 10299.1 10290.9 10285.6 10284.3 10278.6 10278.7 10279.6 10280.5 10283.6 10293.7 10282.8 10269.6 10261.6 10262.4 10261.9 10264.4 10267.1 10270.1 10273.9 10279.2 10289.6 10288.5 10295.8 10310.4 10327 10341.6 10356.3 10365 10371.1 10428.7 10502.5 10580.4 10650.1
9771.27 9783.87 9781.61 9777.14 9769.26 9762.52 9755.29 9751.03 9753.71 9780.53 9860.58 9966.99 10081.7 10098.5 10118.2 10145.5 10192.8 10324.7 10432 10500.3 10539.1 10544.8 10518.2 10480.8 10448.5 10420 10402.2 10394.3 10389.5 10370.6 10352.8 10336.2 10318.9 10303.5 10296.7 10288.6 10287.5 10295.8 10288.5 10285.1 10284.8 10286.1 10288.3 10290.7 10293.1 10296 10283.9 10267.6 10263.6 10264.2 10265.3 10268 10271.9 10276.5 10281.7 10286.7 10295.7 10309.1 10324.8 10340.6 10358.8 10378.8 10391 10426.7 10491 10563.5 10629.2
9847.32 9862.96 9862.69 9859.31 9854.74 9850.56 9846.13 9841.12 9838.82 9849.54 9935.05 10031.1 10111.5 10153.7 10187.3 10222.7 10286.5 10464.3 10572.7 10569.6 10537.5 10514.3 10491.1 10453.8 10415.3 10401.6 10395.5 10390.3 10379.8 10367.8 10351.7 10335.9 10322.6 10309.8 10300.2 10295.9 10296.3 10300.3 10293.3 10290.1 10288.4 10287.9 10288.1 10288.3 10295.1 10307.3 10294.6 10273.3 10265.9 10264.3 10263.7 10264.5 10268.3 10275.6 10271.6 10280.9 10291.6 10304.6 10319.7 10340.4 10359.2 10365.5 10364.1 10409.5 10478.7 10553.4 10620.5
9930.4 9953.14 9950.29 9946.86 9940.48 9936.75 9938.85 9942.09 9956.28 9978.07 10038 10092.3 10138.2 10200.1 10269.1 10335.7 10430.6 10624.6 10706.9 10620.9 10536.4 10494.7 10466.1 10431 10396.1 10387.6 10387.3 10388.7 10385.1 10366.2 10349.6 10334.6 10322.5 10307.7 10304.1 10306.7 10307 10305.3 10299.2 10293.9 10290.1 10287.8 10286.2 10285.8 10289.1 10292.9 10288.1 10276.4 10270.2 10265.3 10261.4 10259.5 10259.2 10262 10271.2 10277.1 10289.2 10295.6 10306.8 10320 10329.2 10335.9 10342.1 10392.3 10469.4 10550.3 10625.8
10025.5 10048 10044.9 10037.7 10033.3 10025.4 10029.5 10040.5 10078.5 10152.3 10160.3 10158.1 10179.2 10247.9 10364.8 10476.4 10569.3 10674.8 10698.2 10619.4 10538.4 10489.3 10454.8 10418.9 10388 10380.4 10380.3 10380.9 10374.9 10361.1 10345.8 10331.7 10320.1 10315.7 10315.1 10315.5 10313 10309.9 10301.4 10294.6 10288.9 10284.6 10282.6 10281.8 10282.3 10279.7 10277.5 10279.5 10273.6 10262.7 10258.3 10255.4 10249.6 10247.4 10253.8 10261.7 10269.8 10281 10291 10298 10303.2 10319.5 10336.6 10384.9 10464 10551.2 10635.2
10152.2 10147.1 10133.8 10123.2 10116.6 10109.4 10111 10126.5 10157.9 10218.9 10222.3 10211.1 10209.9 10295.9 10469.3 10623.9 10675.4 10634.5 10613.7 10578 10525 10482.9 10445.2 10414.7 10393.2 10377.2 10373.1 10373.9 10366.8 10354.1 10342 10330.1 10318.8 10320.9 10322.4 10319.4 10315.2 10310.5 10300.8 10293.1 10285.1 10278.8 10274.5 10273.5 10273.2 10263.4 10258.5 10255.7 10252 10252.3 10254.2 10255.5 10252.3 10248 10249.3 10253.2 10260 10270.8 10281.2 10289.4 10298.7 10313 10332.6 10382 10462.8 10551.9 10636.7
10266 10246 10224.6 10210.7 10203.7 10196.6 10195.6 10199.6 10201.5 10195.1 10209.7 10270.7 10318.2 10413.3 10571.1 10717.1 10709.5 10577.5 10545 10534.5 10508.1 10469.1 10432.2 10404.6 10385 10371.1 10362.7 10357.8 10352.5 10345.5 10338 10330.5 10324.2 10322.3 10320.3 10318.1 10314.6 10308.2 10302.2 10291.1 10281.1 10272.3 10263.7 10255.1 10240.8 10235.6 10236.6 10233 10232.5 10241.4 10250.3 10259 10268.6 10266.4 10257.8 10255.5 10259.2 10267.3 10277.7 10287.8 10298.6 10314.7 10337 10384.9 10466.6 10554.9 10632.2
10344.4 10324.4 10303.6 10289.2 10280.3 10274.2 10271 10265.7 10254.9 10224.2 10241.5 10365.3 10480.7 10606.4 10648.2 10673.6 10647 10560 10515.5 10496.6 10476.3 10445.8 10417.1 10392.3 10374.7 10364.6 10354.4 10340.6 10339.6 10338.9 10334.5 10330.8 10329.2 10324.6 10326 10324.6 10313.4 10304.8 10297.9 10285.9 10275.7 10266.3 10255 10242 10228.9 10222.8 10222.9 10222.5 10223.8 10235.9 10246.7 10257.9 10272 10270.7 10261 10255.9 10259.1 10267.2 10279.1 10290.3 10302.1 10317.2 10336.7 10386.2 10472.5 10562.9 10640.3
10365.7 10375.8 10362.5 10351.6 10342.3 10338.3 10337.9 10342.5 10345.2 10345.4 10375.7 10483.3 10587.5 10674 10667.5 10655.8 10594.9 10530.4 10480.9 10457 10440.1 10419.5 10399.5 10382.9 10370.5 10363.4 10357.3 10348.9 10343.1 10338.3 10332.3 10326.4 10323.4 10320.4 10316.1 10316.2 10306.3 10295.2 10284.1 10277.4 10268.9 10259.2 10248.1 10233.9 10220.3 10215.2 10217.9 10223.5 10229.6 10238 10243.1 10249.1 10256.7 10262.8 10264.6 10267.4 10270.5 10277.1 10285.8 10294.9 10306.9 10318.1 10331.4 10385.4 10480.7 10575 10654.1
10403.1 10417.7 10405.7 10394 10385 10382.4 10397.9 10416 10445.6 10507.8 10607.9 10599.3 10609.4 10603.6 10620.8 10610.5 10527.3 10446.7 10425.4 10414.4 10404.8 10393.6 10382.1 10371 10366.5 10365.4 10365.6 10365.1 10352.6 10341.9 10331.6 10321.4 10316.4 10317 10315.5 10306.4 10297.6 10287.4 10279.9 10273.5 10265.7 10256.1 10245.1 10232.2 10216.7 10210.7 10216.4 10228.1 10247.2 10241.6 10237.5 10236.8 10237.9 10252 10267.3 10283.6 10288.1 10292.7 10291.4 10298 10309.3 10321.8 10342 10398.8 10492.1 10587.4 10672.3
10491.6 10467 10451.3 10440.9 10431.5 10429.8 10440.5 10469.5 10508.8 10573.6 10641 10631.3 10614.7 10575.5 10577.5 10539.4 10456.4 10389.7 10379.6 10375.4 10374.5 10371.5 10366.9 10366.1 10364.8 10368 10371.1 10368.4 10358.7 10345.6 10333 10323.1 10318.9 10317.6 10311.6 10303.9 10296.3 10287.5 10281 10272.6 10263.3 10254.3 10246 10237.3 10223.9 10210.7 10216.2 10223.6 10229.8 10230.2 10229.9 10229.7 10230.4 10246.6 10264.2 10280.6 10282.1 10282.8 10288.1 10297.7 10309.9 10325 10348.3 10396.4 10485.3 10592.2 10688.9
10493.1 10492.8 10483.5 10481.3 10474.2 10476.2 10479.4 10493.6 10524.7 10563.1 10592.6 10607.8 10611.6 10621.9 10565.4 10479.8 10404.2 10356.8 10352.9 10357.5 10357.2 10355.4 10353.7 10349.1 10361 10370.3 10378.2 10377.1 10364.6 10349.9 10335.1 10323.4 10322.8 10325.9 10321.1 10312.2 10306.3 10293.9 10282.9 10272.1 10259.3 10250.8 10245.6 10244.4 10243.9 10221 10220.6 10218.9 10214.3 10217.8 10226.5 10232.3 10236.2 10247.1 10256.7 10262.4 10264.4 10266.5 10280.9 10296.4 10312.6 10329.9 10348.5 10367.7 10460.5 10584.4 10694.6
10477.5 10507.7 10504.7 10500 10495.4 10495.5 10498.8 10510.6 10523.4 10541 10562.5 10563.9 10563.1 10556.6 10499.1 10423.8 10369.6 10342.4 10339.6 10343.3 10347.3 10348.3 10348.6 10350.2 10360.3 10372.1 10382.6 10381.9 10368.9 10354 10338.6 10325 10328.9 10337.9 10344.4 10317.2 10299.5 10285.4 10272.6 10261.5 10250.6 10243.9 10240.3 10240 10241.8 10241 10228.7 10221.3 10213.9 10217 10230.3 10242 10250.4 10251.6 10253.5 10253 10255.7 10263.5 10277.9 10295.6 10315.2 10336.4 10351.6 10364.8 10438 10569.8 10681.5
