real_craters/C105-500m.grd
DSAA
138 138
-34.3525 34.3525
-34.3525 34.3525
9383.7937732235 11275.047245908
[rows 60 to 89 of 138, columns 0 to 66 of 138]
10398.6 10403.6 10409.1 10412 10411.9 10411.1 10413.9 10411 10401.9 10399.7 10400.1 10401.4 10402.1 10404.1 10406.1 10408.7 10405.1 10399.1 10397.5 10403.6 10410.3 10414.9 10412 10417.9 10425.8 10430 10424 10424.4 10426.2 10429.7 10434 10437.7 10441.7 10446.3 10450.4 10453.1 10459.3 10463.1 10467.1 10472.1 10479.7 10488.5 10496.9 10501.7 10502.3 10497.3 10511.4 10548.7 10590 10631.8 10680.8 10659.6 10584.5 10472.5 10346.4 10217.7 10087.3 9965.38 9856.59 9783.92 9716.71 9633.04 9584.48 9541.87 9519.95 9500.54 9488.17
10404.4 10390.9 10402.2 10406.6 10406.1 10405 10407.7 10404.2 10402.1 10400.5 10399.9 10401.8 10403.7 10405.1 10405.5 10404.8 10402.2 10399.3 10398.5 10402.9 10408.8 10413.2 10413.2 10415.6 10421 10424.9 10425.2 10421.6 10425.3 10428.4 10434.5 10439.4 10444.5 10450.5 10458.3 10467.7 10466.8 10465.4 10468.4 10471.8 10477.5 10486.4 10493.7 10497.1 10495.1 10489.9 10502 10537.1 10578.1 10624.7 10707.1 10706.8 10580.2 10451.3 10319.6 10183.4 10047.9 9917.26 9791.57 9701.14 9632.03 9564.74 9516.65 9459.21 9463.22 9465.52 9462.57
10399 10383.9 10396.9 10401.7 10400.2 10399.4 10404.5 10400.8 10398.4 10397.1 10399.1 10401.5 10403.7 10404.5 10404.5 10404.5 10403.2 10397 10398.4 10402.8 10408.5 10412.9 10412 10413.9 10418.4 10417.2 10410.7 10416.1 10425.1 10433.4 10434.5 10440.2 10446.2 10451.9 10455.4 10454.4 10458.5 10466.9 10470.8 10473.5 10478.2 10488 10495.9 10498.7 10497.6 10495.6 10502.2 10529.9 10561.8 10594.1 10659.9 10646.4 10531.2 10413.1 10282.8 10147.9 10008.8 9874.01 9743.5 9621.85 9552.43 9515.43 9486.05 9443.53 9447.05 9448.4 9447.24
10395.7 10380.5 10390.9 10396.3 10395.7 10393.2 10398.9 10395.4 10395 10393 10398.9 10403.4 10405.4 10405.7 10404.5 10399.8 10391.1 10394.1 10397.3 10403.3 10407.5 10410.5 10406.2 10412.2 10419.9 10427.9 10416.8 10410.2 10411.6 10420.2 10430.4 10439 10447.2 10453.6 10456.2 10446.4 10466.9 10473.3 10473.3 10476.2 10483.6 10492.2 10503.9 10515.2 10517.4 10510.8 10511.2 10529.9 10545.9 10551.7 10572.1 10505 10453.7 10366.7 10250.8 10118.8 9979.9 9837.51 9705.67 9588.04 9524.81 9495.56 9486.98 9467.89 9459.28 9450.45 9444.01
10389.9 10382 10390.6 10393.9 10394.1 10393.2 10394.6 10389.5 10392.8 10397.6 10405.1 10407.6 10408.5 10408.4 10407.5 10405.8 10407.2 10402.5 10405.2 10408.3 10408.2 10403.3 10401.9 10412.8 10422.1 10427.5 10419 10411.7 10408 10415.6 10429.5 10439.6 10449.8 10459.8 10472.6 10494.8 10492.8 10482.2 10476.6 10470.5 10479.5 10495.9 10511.7 10532.3 10538.7 10536 10539.5 10544.6 10543.3 10565.3 10534.5 10471.6 10420.1 10342.6 10230.3 10098.4 9956.8 9814.72 9683.06 9573.01 9516.3 9492.25 9482.58 9490.38 9475.2 9459.06 9451.39
10394.4 10388.9 10395.2 10395.7 10395 10394 10395.2 10388.8 10381.3 10393 10412 10412.2 10412.7 10412.7 10412.9 10414.7 10419.2 10421.3 10418.6 10417.4 10415.7 10409.5 10412 10419.4 10425.3 10429.8 10433.8 10422.5 10416.8 10421.6 10432.6 10443.1 10453 10463.4 10475.1 10486 10488.9 10485.9 10484.3 10480.7 10489 10502.9 10513.5 10523.6 10543.1 10559.9 10574.6 10571.4 10556.6 10536.7 10547.9 10497.3 10440 10352 10230.6 10092.1 9944.4 9799.71 9666.98 9563.03 9512.23 9491.38 9501.16 9494.9 9482.92 9466.95 9460.69
10387.4 10387.3 10392.3 10396.5 10394.5 10394.6 10396.1 10394.8 10397.5 10407.8 10411.2 10415.9 10416.9 10416.6 10416.3 10416.9 10419.9 10429 10427.2 10426.5 10428.8 10436.9 10432 10429 10430.3 10431.2 10429.8 10437.1 10429.5 10433.6 10440.2 10448.3 10456.5 10464.5 10472.3 10476.9 10480.2 10484.2 10489.5 10506.2 10505.3 10511.3 10524.3 10520.8 10551.1 10576.2 10601.6 10591.5 10574.2 10595.3 10589.4 10572.2 10504.6 10385.1 10247.8 10098.3 9942.77 9790.32 9654.62 9554.27 9511.07 9493.34 9490.16 9497.48 9485.51 9474.93 9466.7
10381.4 10385.1 10384.6 10390.6 10391 10390.4 10391.8 10396.8 10405.7 10419.3 10418.8 10419.9 10420 10418.9 10417.5 10416.7 10416.5 10421.4 10428 10430.9 10434.5 10437.5 10437.6 10435.5 10435.5 10436.3 10438.2 10447.3 10450.2 10447.9 10449.6 10455 10460 10465.5 10470.5 10474.8 10478.1 10480.4 10482.8 10486.4 10498.8 10512.4 10536.6 10577.1 10567.8 10575.7 10582.1 10583.5 10584.7 10616 10625.1 10625 10555.3 10420 10271.3 10114.2 9951.2 9790.81 9647.78 9547.15 9510.33 9497.86 9495.28 9495.07 9490.37 9479.53 9473.46
10376.9 10379.2 10379.6 10390 10388.4 10384.5 10387.5 10394.7 10405.4 10414.2 10419.8 10424.6 10423.5 10420.7 10418 10416 10416.1 10423.1 10427.6 10431.2 10433.3 10434.7 10436.6 10438.7 10439.9 10440.8 10443.3 10451.5 10460.1 10457.7 10457.9 10461.2 10463.7 10467.5 10470 10473.2 10476.6 10475.4 10474.9 10478.6 10488 10500.9 10515.6 10527.9 10553 10566.8 10575 10583.3 10594.3 10633.1 10644.7 10622.6 10551.1 10442.5 10298.5 10136.8 9968.29 9803.18 9654.48 9556.33 9519.58 9506.77 9503.98 9514.22 9501.07 9489.1 9479.2
10373.4 10375.4 10375.4 10387.4 10388 10386 10385.2 10392.8 10402.5 10413.4 10433.4 10432.4 10426.6 10421.7 10417.6 10414.7 10414.2 10420.8 10426.4 10431.1 10432.7 10429.1 10435.4 10438.6 10441.1 10443.8 10444.4 10451.8 10457.9 10464.3 10464.4 10465.4 10466.7 10467.6 10469 10469.8 10470.1 10470.6 10469.6 10470.4 10478.7 10485.9 10497.4 10516.3 10538.6 10559.8 10576.5 10590.1 10624.5 10648.8 10661 10646.7 10588.7 10476.6 10326.8 10160.3 9990.39 9825.29 9673.09 9578.29 9541.48 9523.04 9516.03 9528.21 9515.45 9497.61 9485.15
10372.1 10369.6 10369.1 10381.5 10387.4 10388 10386.5 10393.3 10402.1 10413.7 10440.8 10430.6 10423.3 10418.4 10414.6 10411.9 10410.1 10417.2 10425.4 10433.2 10440.5 10443.2 10441 10442.1 10445 10450.9 10459.3 10460.4 10470 10480.9 10483.2 10483.1 10479.2 10475.7 10471.9 10467.5 10464.4 10468.1 10475.4 10476.9 10474.1 10473.9 10476.4 10496 10530.5 10561.6 10586.7 10605.6 10626 10663.7 10683.7 10686.9 10651 10517.7 10354.7 10183.6 10013.2 9855.72 9727.18 9628.19 9573.82 9544.69 9530.16 9525.06 9522.43 9500.81 9488.82
10373.7 10371.8 10370.6 10382.3 10387.3 10386.4 10388.4 10394.5 10401.9 10409 10412.2 10417.7 10416.5 10414.8 10413.3 10411.7 10409.9 10415.7 10425.4 10434.6 10445.2 10446.4 10444.4 10444.5 10447.7 10455.8 10476 10510.7 10498.2 10495.2 10491.3 10485.8 10481 10476.5 10471.1 10466 10461.4 10465 10475.3 10478.4 10472.2 10468.3 10467.6 10490 10527.8 10568.8 10612.7 10653.9 10649.7 10677.2 10691.2 10695.7 10668.6 10537.1 10373.1 10200.4 10030.3 9877.01 9752.27 9660.74 9602.14 9565.78 9542.84 9530.42 9513.46 9498.87 9492.58
10375 10375 10374.4 10381.1 10389.6 10387.7 10392.3 10397.5 10402.4 10408.5 10408 10406.3 10408.2 10409.5 10411.1 10413.9 10416.8 10419.5 10427 10433.6 10438.2 10442.9 10443.3 10445 10448.8 10452.9 10452 10474.4 10514.7 10506.2 10497.1 10490 10484.1 10479 10473.3 10468.1 10463 10463.3 10463.5 10468.2 10469.9 10470.3 10474.3 10496.7 10530.3 10569.1 10612 10659 10641.1 10664.3 10676.6 10678.6 10645.9 10534.3 10373.3 10203.2 10037.9 9886.23 9761.16 9681.62 9628.41 9589.99 9563.02 9543.33 9521.4 9506.94 9499.13
10375.8 10378.5 10381.7 10390.1 10400.7 10398.8 10401.4 10402 10402.3 10401.9 10398.2 10399.5 10403 10406.3 10409.9 10416.1 10428.4 10428.4 10430.3 10432.9 10431.9 10434.7 10439.7 10444.4 10450.1 10456.1 10467.6 10513.1 10519.4 10506.1 10497.1 10490.9 10486.9 10481.9 10477.6 10473.3 10470.4 10468.9 10466.3 10468.9 10472.9 10476.7 10487.5 10507.3 10534.1 10562.8 10586.4 10585.4 10602.1 10632.6 10641.9 10640.3 10622.9 10508.2 10349.7 10192.8 10039.6 9897.57 9773.79 9707.34 9659.69 9621.76 9589.71 9565.97 9548.92 9528.75 9516.26
10378.3 10386 10399.6 10410.2 10417.6 10414.5 10411.7 10407.4 10403.2 10398.4 10394.7 10396.7 10400.8 10404.8 10408.3 10412.4 10418.3 10428.1 10436.6 10435.9 10431.7 10431.9 10437.3 10443.4 10449.8 10458 10472.9 10489.9 10493.7 10498.1 10499 10496.9 10493.4 10488.8 10481.4 10477.9 10475.2 10473.8 10478.3 10477.8 10480.2 10484.5 10490.2 10515.4 10538.8 10562.1 10577.2 10582.7 10594.3 10603.6 10597.7 10576.2 10531.6 10433.1 10304.9 10171.4 10039.9 9914.38 9808.95 9743.97 9696.47 9657.55 9622.55 9592.1 9570.66 9547.36 9538.94
10389.1 10394.8 10405.8 10418.6 10427.5 10426.1 10419.8 10413.1 10406.9 10400.8 10395.9 10397 10401.5 10405.3 10407.9 10410.2 10420.4 10447 10452.5 10442.9 10431.2 10433.5 10439.2 10445.7 10451.7 10458.6 10466.2 10467.9 10475.2 10487.3 10493.5 10495.7 10494.5 10492.7 10489.3 10484.6 10480.8 10478.7 10479.6 10483.8 10490.5 10500.8 10513.4 10528.3 10546 10565.6 10581.8 10594 10595.7 10580.2 10553.2 10507.1 10430.4 10341.4 10259 10158.7 10047.6 9937.15 9849.25 9790.61 9747.68 9711.57 9674.98 9636.79 9599.4 9565.33 9576.1
10402.3 10402.1 10403.8 10410.7 10419.7 10426 10421.9 10416.6 10411.3 10406 10402.2 10403.2 10406.2 10410 10413.1 10413.9 10424.4 10456.8 10462.5 10448.8 10439.5 10439.2 10447.3 10455.5 10462 10466 10466.6 10467.7 10476.2 10487.6 10494.7 10497.7 10497.6 10495.7 10493.3 10489.9 10488 10486.6 10484.6 10488.9 10496 10506.4 10520.3 10533 10549.3 10567.2 10583 10599.4 10593 10560.9 10522.5 10464.4 10378.3 10295.2 10239.8 10165.6 10072.9 9968.9 9890.75 9849.99 9815.54 9776.33 9738.79 9698.86 9661.61 9633.35 9630.84
10413.2 10409.7 10404.3 10406.2 10415.9 10419.3 10420.4 10418.4 10416.1 10413.3 10409.7 10410.4 10413.5 10417.5 10423.7 10432.6 10441.8 10453.7 10455.6 10449.5 10443.5 10445.2 10451.9 10459.7 10467.5 10473.1 10476 10485.5 10493.4 10500.3 10503 10504.1 10503.1 10500.9 10499.1 10496.2 10493.9 10490.6 10492.2 10493.4 10496.5 10500.8 10512.6 10531.2 10549.7 10566 10576 10574.1 10559.5 10545.3 10513.5 10460.2 10382.7 10302.3 10265.2 10205.8 10126.9 10035.2 9965.28 9924.51 9887.61 9849.03 9810.43 9771.59 9746.48 9730.39 9712.95
10437.1 10418.8 10407.1 10404.8 10410.9 10416.8 10419 10421 10421.9 10422.8 10423.6 10424.4 10421.6 10423.9 10431.2 10446.6 10453.9 10453 10453.2 10449.2 10443 10448.8 10456.6 10464.4 10474.4 10485.8 10494 10511.5 10519.4 10520.7 10518.7 10514.7 10511 10507.3 10504.6 10502.8 10502.1 10502.5 10499.4 10497.5 10494.7 10494.7 10504.9 10524.7 10543.8 10561.7 10571.5 10563.9 10544.1 10550.6 10530.4 10491.3 10435.3 10384.4 10331.3 10274.9 10209.8 10134.5 10066.9 10014.7 9969.11 9926.34 9888.87 9851.33 9826.21 9806.79 9783.45
10431.8 10420.9 10409.4 10403.8 10410 10412.5 10418.7 10423.3 10427.8 10431.8 10434.7 10429.9 10426.5 10427.3 10430.1 10434.3 10443 10452.4 10463 10457.8 10453.9 10453.1 10457.6 10466.6 10479.9 10500.6 10530.6 10547.9 10549.7 10543.5 10535.4 10526.9 10517.7 10513.2 10509.8 10508.4 10509.8 10513.5 10511.1 10503.1 10493.4 10485 10495.5 10517.5 10538.9 10556.6 10572.9 10588.3 10604.4 10587.8 10567.7 10544 10508.5 10456.6 10425.2 10371.6 10311.9 10233.8 10170.2 10110.1 10056.1 10007.5 9965.48 9928.04 9895.68 9862.94 9849.8
10429.9 10425.4 10412.2 10405.1 10411.6 10414.2 10420 10426.5 10433 10439.2 10443.2 10436.4 10431.6 10431.1 10428.3 10423.8 10430.6 10437.2 10439.3 10450.6 10456.3 10452.9 10457.1 10464.5 10478.1 10499.2 10533.9 10564.6 10579 10562.2 10546.7 10533.3 10524.8 10515.7 10512.3 10511.3 10512.4 10514.5 10522.4 10509.8 10495 10484 10492.1 10509.2 10526.5 10550.1 10575.3 10600.5 10621.3 10617.1 10609.5 10605.3 10596.8 10571.6 10538.2 10472.5 10412.9 10395 10274.7 10195.8 10138.6 10091.7 10051.1 10012.4 9975.51 9943.09 9930.56
10431.4 10428.7 10417 10407.8 10413.9 10416.4 10422.5 10429.7 10437.3 10445.1 10452.3 10451 10442.8 10440.1 10433.9 10426 10427.1 10426.9 10421.8 10424.5 10434.3 10443.3 10449.6 10457.7 10468.5 10482.3 10500.2 10549.8 10581.1 10566.9 10548 10532.9 10523.3 10514.9 10511.9 10510.6 10513.2 10516.8 10528.1 10513.6 10498.2 10492.3 10489.8 10500.7 10517.1 10537.4 10564.1 10591.8 10617.6 10624.4 10631.9 10650.1 10676.3 10717.8 10663.2 10550.5 10445.7 10362.9 10315.8 10264.1 10218.7 10175.7 10136.4 10102.7 10068.3 10043.3 10025.2
10418.8 10424.6 10421.5 10419.7 10419.8 10420.2 10426.3 10432.9 10440.1 10448 10456 10460.8 10456.9 10453.8 10448.5 10439.5 10435.5 10428.8 10422.2 10420.8 10426.6 10434.4 10440.8 10448.9 10457.2 10469.1 10489.9 10526.5 10559.4 10549.5 10533.8 10522.7 10515.8 10511.2 10509.3 10510.2 10513.1 10520 10524.6 10511.5 10497.9 10488.1 10487.6 10492.3 10506 10523.6 10547 10573.2 10594 10612.7 10632.2 10664.3 10708.4 10751.7 10708.9 10597.3 10465.6 10356.4 10352.2 10329.3 10296.2 10259.5 10227.8 10196.8 10172.5 10136.2 10114.8
10392.6 10412 10419.3 10422.1 10425 10427.3 10429.6 10434.1 10439.8 10446.5 10452.2 10461.8 10468 10467.3 10470.5 10466.1 10451.5 10436.7 10425 10420.8 10422.1 10426.7 10434.1 10440.1 10446 10451.8 10467.7 10492.7 10510.5 10509.4 10508.6 10506.3 10504.2 10501.1 10502.8 10505.6 10508.8 10512.6 10516 10502.7 10490.9 10484.7 10481.2 10483.4 10490.5 10503.6 10522.7 10545.4 10570.1 10589.5 10612.1 10644.6 10683.2 10716.7 10701.9 10631.7 10546.8 10468.7 10439.6 10409.4 10374.2 10340.9 10313.1 10291.2 10283 10283.6 10289.3
10378.3 10394.7 10411.6 10422.2 10421.3 10426.8 10429.2 10433.4 10438.9 10443.6 10444 10443.3 10453.9 10469.1 10489.3 10491.5 10464.3 10441.2 10424 10418.5 10419.6 10422.9 10428 10433.1 10437.5 10440.7 10447.1 10462.1 10466 10467.1 10478.8 10486.2 10489.5 10488.3 10492.1 10496.7 10501.7 10501.6 10493.6 10491.4 10476.9 10468.7 10471.2 10475.3 10478.3 10488.6 10499.6 10510.9 10525.3 10541.9 10570.7 10604 10633.4 10653 10649.6 10647.5 10651.8 10618.4 10539.1 10486.6 10447.7 10417.2 10396.9 10379.9 10377.3 10394 10428.5
10339.8 10374.2 10407.5 10418.7 10415.3 10419.8 10426 10431.9 10437.7 10441.3 10442.4 10438.8 10441.4 10457.9 10479.9 10483.3 10461.3 10439.1 10420.3 10413 10416.8 10421 10426.1 10430.7 10434.5 10438.5 10443.4 10446.1 10445 10446.5 10459.5 10468.1 10470.1 10474.4 10479.3 10485.5 10494.3 10498.5 10506 10479 10467.6 10461 10456.9 10457.7 10463.6 10470.4 10476.1 10481.2 10482.8 10494.4 10527.3 10557.8 10580.6 10591.7 10598.7 10634.3 10657.5 10646.1 10599 10554.4 10514.9 10485.9 10460.6 10446 10434.2 10410.5 10365
10339.8 10366.3 10406.4 10427.6 10413.8 10417.7 10424.6 10431.3 10437.2 10442.1 10446.5 10452.4 10427.9 10445.6 10451.4 10454.9 10447.8 10432.2 10415.7 10408.9 10414.8 10421 10427.2 10432 10435.1 10435.3 10438.3 10440.5 10440.1 10441.8 10450.7 10453.2 10456.4 10459.4 10462.5 10466.4 10471.6 10471.3 10457.9 10446.6 10428.2 10432.4 10439.8 10444.3 10449.5 10454.7 10459.4 10460.9 10463.2 10471.3 10497 10520.2 10538.5 10553 10571.4 10621.3 10650 10654.2 10631.2 10593.4 10558.9 10528.3 10507.9 10491.6 10471.2 10437.2 10381.9
10342.1 10361.4 10395.9 10413.5 10410.2 10416.3 10424.5 10431.2 10436.9 10440.4 10445.9 10452.3 10456.4 10449.7 10454.4 10447.4 10437.8 10424.7 10412.3 10409.8 10416.7 10423 10428.5 10434.4 10439.4 10444.1 10442.4 10441.1 10441.1 10449.1 10447.2 10445.5 10444.8 10445.9 10446.4 10445.2 10438.7 10432.5 10420.8 10422.3 10433 10425.9 10425.9 10429.2 10434.9 10439 10443 10447 10454.9 10467.1 10477.8 10491 10504.9 10523.3 10555.8 10621.7 10681.5 10681.3 10652.8 10617.7 10590.2 10562.4 10542 10523.1 10508.7 10501.8 10515
10343.5 10355.8 10381 10396.7 10409.1 10416.4 10425.4 10433.3 10437.7 10440.5 10440.5 10438.3 10431.4 10437.6 10440.5 10438.4 10428.1 10418.7 10410.6 10412.8 10420 10425.5 10430 10435 10440.3 10444.1 10443.4 10441.7 10443.1 10444.9 10436.1 10432.8 10432.4 10431.8 10430.8 10427.6 10423.1 10416.1 10410.1 10409.2 10409.8 10410.4 10409.9 10413.3 10415.9 10419.5 10426 10434.8 10443.8 10456.5 10462.9 10469.6 10480.3 10494.4 10515.5 10605.4 10734.4 10690.2 10654.1 10623.9 10599 10575.9 10557.6 10541.8 10529.6 10522.3 10508
10345.7 10353.2 10377.9 10384.3 10400.5 10418.2 10431 10438.3 10441 10441 10437 10432.5 10427.6 10422.8 10418.4 10421.9 10420.1 10415 10411.7 10419.5 10423 10426.5 10430.3 10434.5 10437.7 10439 10439.6 10438 10436.1 10430.3 10420.6 10419.9 10419.6 10419 10416.6 10412.7 10408.7 10404.1 10403.3 10397.9 10382.7 10387.3 10390 10394.4 10400.3 10408.9 10414.2 10420.4 10428.3 10437.7 10445.3 10450.9 10460.7 10474.9 10499.9 10554.6 10608.9 10631.7 10623.5 10608.6 10592.5 10577.2 10563.4 10551.6 10540.8 10525.5 10483.7
