real_craters/C105-500m.grd
DSAA
138 138
-34.3525 34.3525
-34.3525 34.3525
9383.7937732235 11275.047245908
[rows 90 to 119 of 138, columns 67 to 133 of 138]
10530.3 10529.3 10515.9 10503.3 10497.1 10492.1 10494.7 10497.9 10502.2 10504.9 10499.4 10494.4 10484.3 10449 10396.9 10363.6 10344.2 10333 10334.1 10341.2 10342.5 10346.1 10349.9 10355.2 10362.7 10372 10378.9 10378.2 10369 10357.1 10344.6 10332.6 10334.4 10341 10343.9 10302.5 10265.6 10256.7 10249.1 10240.1 10239.3 10235.6 10231.8 10227.9 10227.5 10236.4 10232.4 10228.4 10226.4 10230.8 10240.3 10249.1 10255.3 10256.5 10256.9 10255.8 10257.7 10264 10278.5 10296.7 10315.9 10335.3 10352.2 10358.7 10416.7 10559 10686.1
10593.8 10539.5 10517.9 10504.9 10493.9 10489.8 10483.4 10480 10474.2 10465 10443.4 10428.5 10419 10387.7 10355.1 10346.4 10334.9 10332.7 10334.1 10337.2 10343.7 10348.9 10353.1 10357.5 10364.8 10370.9 10373.8 10372 10365.5 10357.2 10350.3 10345.4 10334.9 10329.7 10321.3 10287 10260.2 10248.1 10240.8 10235.2 10232.8 10229.4 10224.6 10219.1 10220 10229.2 10231.4 10234.9 10242.4 10251.4 10252.6 10254.4 10258.7 10263.2 10265.1 10266.4 10268.6 10271.1 10283.7 10299.8 10315.2 10329.4 10347.4 10357.5 10404.5 10536.4 10658.6
10517.3 10501.6 10495 10488.5 10484.5 10481.2 10476.9 10467.8 10452.7 10434 10406.4 10387.9 10384.3 10374.2 10370 10357.3 10350.5 10344.4 10343.3 10345.4 10350.2 10355.4 10359.2 10362.1 10366.5 10370.5 10370.1 10367 10359.7 10352.2 10347.3 10341 10325 10307.5 10285.8 10267.1 10260.2 10248.6 10240.9 10236 10231.6 10227.1 10221.8 10215.1 10214 10221.7 10228.9 10238.1 10249.9 10262.9 10262.2 10258.3 10266.1 10272.8 10276.1 10278.6 10280.8 10287.7 10296.1 10305.8 10316.5 10327.8 10342.2 10357.1 10386.3 10497.5 10608.6
10434.4 10449.1 10457.7 10460.8 10460.7 10458.7 10454.2 10445.1 10431.5 10412.8 10391.3 10372.1 10372.8 10371.3 10365.1 10363.5 10361.7 10356.6 10354.4 10355.7 10359.6 10363.6 10367.3 10367.2 10365.8 10367.4 10372.7 10360.8 10350.3 10341.5 10332.3 10323.5 10311.7 10292.1 10269.6 10257.4 10256 10247.7 10241.5 10236.4 10232.7 10229 10224.7 10220.5 10218.6 10221.3 10229.1 10239.2 10249 10257.3 10270.5 10286.4 10284.9 10285.3 10288 10291.7 10296.7 10302.5 10307.6 10312.3 10318.8 10328.2 10337.5 10346.8 10377.2 10466.4 10560.2
10412.4 10419.7 10432 10438.8 10440.4 10437.8 10432 10425.6 10414.5 10400.6 10387.3 10377 10374 10373.8 10374.7 10368.8 10368.4 10366.7 10365.4 10366.2 10369.2 10372.4 10370 10367.3 10360.7 10353.3 10347.4 10343.8 10337.6 10330.1 10320.2 10311.9 10304.8 10292.3 10272.6 10253.6 10248.9 10245.1 10241.5 10238.3 10235.8 10233.8 10232.7 10234.1 10230.6 10228.3 10233.6 10242.5 10247.5 10249.6 10266.2 10289 10294 10294.2 10298 10303.4 10310.8 10313.4 10316.6 10316.2 10318.9 10324.3 10331 10342.4 10376.9 10460.9 10551.2
10404.7 10408.4 10417.5 10422.5 10423.4 10420.7 10416.8 10410.3 10401.4 10392.9 10386.6 10380.6 10378.9 10379.1 10377.1 10375.3 10374.8 10376.7 10377.2 10376 10376.7 10379.4 10383.6 10369.9 10353.8 10337.5 10325.3 10326.7 10324.8 10320.2 10314.5 10308 10302.2 10297.3 10279.9 10257 10247.5 10243.5 10242.5 10244.6 10242.4 10239.7 10238.5 10237.3 10240.8 10239.8 10244.1 10252.5 10252.9 10251 10259.6 10269 10287.5 10298.3 10305.6 10310.9 10311.5 10316.3 10318.1 10315.2 10316.6 10320.4 10326.4 10337.6 10379.2 10456.1 10544.9
10408.5 10409.4 10410.4 10409.4 10407.6 10404.3 10399.7 10394.8 10390.8 10387.2 10386.9 10381.4 10386.1 10388.8 10389.6 10394 10389.9 10387.8 10384.3 10381.2 10379.1 10378.3 10374.9 10363.6 10346.9 10329 10317.5 10317.3 10315.9 10311.6 10306.5 10301.8 10297.3 10291.2 10276.5 10255.8 10244.6 10242 10240.8 10241.8 10240.7 10243.8 10246.2 10244.7 10255.2 10268.2 10275.3 10268 10261.3 10265.6 10271.4 10278 10290.5 10303.4 10314 10321.2 10323.8 10320.4 10312 10312.4 10314.1 10317.9 10326.3 10341 10379.7 10480 10567.6
10419.2 10420.8 10408.3 10400.6 10396.7 10393.1 10389.7 10386.4 10384.1 10383.7 10388.3 10392.4 10396.5 10403.9 10412.2 10408.5 10401.6 10392.9 10388.8 10380.7 10375.5 10372.1 10366.9 10355.7 10342 10327.1 10317.5 10315.4 10312.8 10307.1 10296.4 10296.1 10292.4 10285.3 10274.4 10260.3 10247.6 10242.8 10238.2 10233.8 10235.3 10247.7 10259 10267.3 10263 10283.8 10314.8 10256.4 10254.9 10272.3 10282.1 10285.8 10297.6 10310.8 10323.6 10335 10341.5 10335.6 10319.5 10313.8 10313.1 10315.8 10324 10342.6 10397.3 10543.8 10604.9
10412.9 10412 10400.3 10394 10390.3 10387.1 10384.2 10381.8 10380.4 10381.1 10384.3 10387.6 10392.1 10395.9 10399 10402.3 10395.8 10385.2 10377.6 10371.3 10365.9 10362 10357.4 10347.3 10338.3 10331.4 10323.1 10317.2 10314.6 10311.7 10305.6 10298.4 10290.4 10280.6 10274.7 10269.5 10259.2 10246.9 10238.9 10234.4 10237.7 10252.8 10268.1 10268.9 10240.5 10202.7 10156.4 10190.5 10232.3 10273.5 10293.5 10295.4 10305.3 10318.3 10331.9 10347.1 10361.9 10357.9 10332.5 10319.2 10315.2 10315 10322.8 10345.7 10414.4 10568.3 10620.5
10391.1 10381.9 10384.5 10383.1 10380.6 10378 10376.5 10374.8 10374 10374.6 10375.2 10379.6 10383.2 10384.9 10387.8 10389.6 10372.6 10364.4 10360.5 10356.3 10352.6 10347 10341.9 10337.5 10331.6 10327.6 10322.4 10318.3 10317.1 10317.6 10315.2 10301.8 10291.2 10284.6 10276.2 10266.8 10258.6 10249 10242.1 10236.9 10238.4 10257.4 10275.9 10268.2 10217.6 10147.4 10084.8 10140.1 10213.6 10276.9 10310.7 10310.4 10313.1 10323.1 10335.7 10350.1 10367.5 10368.3 10343.3 10329.6 10321.2 10318.2 10325.2 10357.4 10436.1 10566.6 10612.5
10382.4 10375.1 10376 10374.3 10372.3 10370.1 10367.6 10365.9 10365.5 10364.9 10364.9 10369.2 10372.8 10371.6 10359.8 10339.3 10339.8 10338.2 10336.9 10340.1 10340 10338.6 10334.5 10329.2 10322.9 10315.7 10315.6 10316.3 10316.6 10316.2 10312 10299.3 10288.7 10282.9 10281.4 10272 10257.8 10252.9 10248.7 10243.8 10242.1 10262.8 10281.7 10269.8 10216.7 10151.7 10100.2 10143.3 10216.1 10281.4 10322.1 10320 10318 10324.9 10334.6 10344.5 10351.7 10350.9 10346.6 10340.7 10334.8 10333.6 10340 10393.7 10486.5 10563.3 10605.5
10379.1 10377.7 10372.1 10369.3 10367.2 10365.3 10363.2 10359.8 10357.6 10356.5 10354 10349.3 10338.3 10330.1 10328.4 10320.7 10321.3 10324.1 10325.8 10327.6 10329.2 10329.1 10327.3 10323.5 10317.6 10309.3 10311.9 10313.7 10313.7 10312.4 10304.2 10291.6 10282.1 10282.9 10290.9 10289.3 10265.6 10262.2 10260.2 10259 10258 10275.7 10285.4 10272.3 10235.2 10192.4 10160.7 10188.4 10241.3 10286.4 10314.2 10319.4 10318.3 10324.6 10330.8 10335.9 10335.4 10328.5 10336.9 10344.6 10357.7 10370.2 10379.7 10450.8 10590.6 10596.8 10608.3
10374.5 10369.7 10366.2 10366 10363.9 10361.3 10358.6 10355.6 10352.7 10350 10344.3 10335.6 10326.3 10321.7 10317.8 10316.7 10314.7 10316.9 10318.3 10319.5 10320.2 10321.7 10321.3 10320.3 10317.9 10315.5 10313 10312 10309.7 10306.5 10296.6 10281.4 10267.7 10270.1 10292.8 10302.9 10285.6 10275.2 10271.9 10277.3 10291.6 10295 10292.5 10282 10263.8 10249.5 10245.9 10264.9 10282.5 10298.4 10310.1 10313.6 10316.4 10322.8 10328.8 10332.5 10332.8 10332.1 10343.6 10363.4 10390.2 10431.5 10482.5 10553.8 10610.5 10615.6 10614.7
10371.2 10367.3 10363.5 10361.8 10358.6 10355.4 10351.8 10348 10344 10341 10336.7 10330 10321.4 10318.5 10310.9 10307.7 10309.8 10313.5 10313.6 10312.9 10312.1 10309.6 10315.1 10319.2 10320.1 10315.7 10314.8 10310.6 10305.1 10295.7 10286.6 10273.5 10258.3 10257.2 10267.9 10276.9 10280.5 10274.4 10273.6 10282.2 10298 10300.2 10295 10292 10290.1 10298.6 10334.7 10347.2 10315.2 10308.5 10305.9 10309.2 10315.4 10321.5 10327.3 10332.2 10338.6 10349.9 10352.5 10366.5 10419.4 10492.2 10583.7 10664.2 10643 10622.3 10618.1
10369.4 10367.9 10361.9 10357.8 10354 10350.2 10346.3 10342.1 10337.5 10335 10331.1 10328.2 10327.6 10319.1 10305.7 10299.7 10303.4 10307.8 10309 10307.6 10305.2 10304.9 10309.9 10318.3 10329.7 10328.9 10315.9 10307 10301.2 10297.4 10284.1 10271 10259.4 10253.4 10250.1 10252.6 10254.7 10257.2 10265 10273.5 10281.3 10287.7 10296.6 10296.9 10301.7 10311.2 10320.2 10317.2 10317.5 10312.5 10309 10313.4 10319.1 10323.6 10327.7 10333 10341 10353.5 10358.3 10374.2 10441.6 10529.2 10622.1 10682.5 10658.2 10624.7 10623.6
10367 10361.3 10354.3 10351.9 10347.9 10344.1 10339.5 10334.7 10331 10326.5 10321.9 10320.9 10324.2 10316.4 10300.5 10295 10298.2 10302.6 10304.7 10304.2 10301.1 10298 10303.4 10309.4 10319.9 10321.3 10306.7 10297.4 10291.8 10288.5 10278.4 10268.9 10262.8 10255.4 10250.4 10247 10244.7 10247.1 10255.4 10262.7 10266.9 10272.1 10283.1 10294.3 10302.9 10308.9 10310.7 10309 10314.3 10315.1 10318.6 10326.4 10325.6 10325.2 10326.7 10329.2 10336.2 10347.6 10361 10390.6 10460.1 10549.5 10634.2 10691.9 10686 10634.8 10635.3
10364.8 10358.2 10350.7 10347.3 10342.8 10337.8 10332.1 10327 10322 10316.7 10312.1 10308.4 10305.3 10304 10296.8 10293.5 10294.6 10297.4 10301.7 10304.6 10303.4 10299.7 10299.1 10294.6 10284.6 10285.8 10287.6 10283.1 10276.5 10270.7 10268.6 10264.8 10259.2 10256.3 10253.2 10247.8 10243.5 10243.9 10251 10257.4 10260.4 10264.3 10277.3 10291.2 10301.8 10308.6 10311.9 10315.5 10318.1 10319.8 10327.9 10337.8 10332.2 10329.2 10327.8 10329.1 10333.6 10344.3 10365.5 10400.3 10476.7 10563.8 10638.8 10691 10688.6 10656.1 10658.7
10361.5 10356.7 10350 10342.3 10337.8 10332.4 10326.8 10321.1 10314.9 10308.7 10302.5 10295.6 10289.6 10296 10294.2 10292.9 10292 10291.7 10300.7 10308.9 10313 10309.1 10299.8 10287.2 10272.7 10271.3 10273.7 10271.1 10264.3 10258.6 10261.6 10263.6 10262.9 10259.2 10253.9 10250.1 10246.2 10245.6 10251.7 10258.6 10265.8 10274.2 10282.5 10293 10302.1 10309.7 10315.9 10322.5 10323.5 10324.8 10330.6 10337.9 10336.7 10335.7 10334.9 10334.6 10336.1 10344 10371.4 10428.1 10509.4 10586.3 10640.7 10674.7 10675 10679.9 10685.6
10359.9 10353.8 10343.9 10338.3 10335.2 10330.3 10324.3 10317.9 10311.6 10304 10296.3 10287.6 10280.1 10286.2 10288.8 10288.4 10287.7 10291.8 10301.5 10313 10325.7 10319.5 10301.3 10286.3 10276.1 10270.1 10269 10266.5 10261.1 10257.9 10260 10262.1 10264 10262.2 10261.2 10253.7 10250.2 10251.5 10255.4 10262.8 10272.8 10282.6 10288.3 10296.6 10304.1 10311.4 10317.8 10323.1 10327.3 10330.9 10334.5 10338.4 10341.7 10344.1 10346.2 10348 10348.2 10351.1 10383.3 10486.1 10579.4 10624.3 10646.3 10654.2 10658.9 10665 10694
10358.1 10352.5 10342.7 10336.9 10333.8 10328.6 10323.1 10316.4 10308.9 10301.3 10293.1 10284.6 10278.9 10280.8 10285.5 10284.2 10284.1 10294.7 10299.6 10307.5 10320.4 10312.8 10296.1 10283.1 10273.8 10270.2 10269.1 10268.5 10265.6 10262.9 10262.1 10259.6 10257.2 10258.4 10257.9 10253.4 10251.2 10253 10257.4 10265.8 10277 10289.1 10293.9 10299.3 10306.3 10314.4 10321.4 10326.2 10331.7 10337.3 10339.4 10343.8 10349 10356.3 10363.6 10370.7 10376.4 10381.2 10411.9 10557.3 10663.6 10661.9 10654 10648.1 10653.6 10666.3 10677.4
10357.8 10350.6 10344.5 10337.4 10333.5 10327.5 10321.4 10314.7 10307.2 10299.9 10292.7 10285.9 10280.2 10280.1 10284 10283.6 10285.1 10290.1 10293 10293.3 10287 10289.1 10284 10274.3 10267 10268 10270.3 10273.6 10276.2 10272.3 10266.3 10262 10257.6 10252.5 10250.1 10249.6 10249.4 10251.5 10256.8 10265.7 10276.9 10288.2 10296.8 10303.1 10310.7 10318.5 10325.6 10332.4 10336.7 10338.7 10342.4 10349.3 10357.7 10370.8 10386.1 10403.8 10423.6 10444.4 10470.8 10600.8 10682.4 10670.7 10650.4 10633.5 10639 10650.8 10651.3
10358.2 10351.8 10346.2 10338.7 10333.7 10327.5 10321.1 10314.8 10308.1 10301.2 10294.8 10289.6 10284.1 10280.8 10282.5 10283.1 10284.7 10286.5 10287.3 10285.2 10281.8 10278.6 10274.7 10267.4 10262.1 10266.3 10271.3 10277.1 10283.7 10277.3 10268 10260.8 10254.8 10249.1 10246.6 10246.6 10246.9 10248.5 10253.9 10263.1 10273.8 10283.5 10297.6 10304.5 10312.9 10321.6 10330 10337.1 10340.8 10342.3 10345.6 10354.3 10366.2 10385.9 10410.2 10440.5 10478.9 10531.2 10611.7 10654.1 10662 10651.4 10634.9 10618.9 10617.8 10624.9 10626.6
10360.7 10355.1 10349.5 10341.7 10336 10329.5 10323.1 10316.7 10310.4 10303.9 10297.8 10293 10286.7 10278.4 10278.2 10282.9 10286.7 10285.8 10284.8 10282.3 10277.3 10275.7 10271.7 10267.5 10265.3 10267.2 10271.8 10277.2 10279.8 10275 10266 10257.3 10252 10248.2 10246.5 10246.3 10246 10246 10250.5 10259.9 10270.7 10283.8 10291.8 10302.9 10313.5 10323.9 10333.6 10342.4 10346.9 10345.2 10348 10357.7 10373.8 10398.6 10430.7 10470.5 10521.3 10586.6 10660.8 10669.8 10631.8 10623 10615.8 10606.6 10603.2 10602.6 10602.9
10363.6 10359 10353.5 10345.1 10338.7 10332.5 10326.5 10320.4 10314.3 10308.1 10301.7 10294.8 10287.4 10281.2 10281.5 10284.6 10283.4 10284.4 10283.8 10283.9 10282.4 10275.6 10270.7 10267.1 10266.1 10267.9 10271 10274 10274.9 10271 10263.7 10255.4 10252.3 10250.1 10249.3 10248.5 10247.2 10246.4 10249.1 10257.6 10267.4 10276.5 10288.6 10301.9 10313.5 10325 10335.9 10346 10352.8 10350.9 10351.7 10360.2 10377.8 10410.3 10447.2 10492.5 10544.2 10600.3 10651.8 10652.4 10611.4 10601.6 10600.1 10595.5 10590.2 10591.4 10594.6
10375.2 10365.8 10355.6 10345.2 10340 10337.2 10331.9 10326.2 10320.1 10313.6 10307 10300 10293.1 10289.4 10290.3 10294.2 10291.8 10283.5 10285.1 10284.4 10281.4 10275.9 10270.2 10267 10265.9 10267.4 10269.7 10270.8 10270.1 10268.1 10263.5 10258.7 10258.2 10256 10255.8 10253.9 10251.5 10249.9 10251.2 10257.3 10265.4 10277.2 10289.9 10302.1 10314.5 10326.6 10338 10347.1 10352.7 10355.2 10356.9 10364.7 10383.2 10419.7 10462.7 10506.9 10553.7 10596.4 10624.1 10621.7 10599.8 10590.1 10591.1 10592.3 10590.4 10590.2 10591.9
10383.2 10371.6 10360.8 10350.1 10343.8 10341.3 10336.3 10330.8 10325.2 10319 10312.9 10307.4 10300.3 10294.8 10295.7 10302.9 10306 10296.2 10292.9 10287.5 10282.2 10276.7 10271 10265.1 10265 10266.8 10269 10270.5 10270.1 10268.6 10266.1 10264.1 10267.8 10273.1 10266.2 10261.1 10257.7 10255.6 10256.2 10258.6 10262.5 10272.4 10289.8 10302.1 10315.2 10328.1 10339.9 10349.1 10355 10359.5 10365 10374.4 10394.7 10431.5 10476.5 10520.3 10560.1 10592.3 10609.7 10607.2 10592.6 10582.3 10585.5 10589.9 10587.7 10591.9 10599.2
10393.4 10380.5 10367.9 10356.8 10347.8 10345 10339.6 10333.8 10327.5 10322 10317 10311.6 10305.4 10297.7 10296.1 10304.6 10312.7 10314.9 10306.6 10290.6 10283.3 10280.9 10275.5 10269 10267.3 10267.7 10268.9 10272.2 10273.1 10271.1 10270.6 10272.2 10273.6 10274.7 10272.7 10268 10263.6 10260.4 10259 10261 10265.3 10273.6 10286.1 10300.5 10315.3 10329.3 10341 10351.9 10360 10370.1 10378.2 10388.3 10400.9 10447 10495.1 10534.9 10567.6 10592.1 10610.9 10626.3 10591.4 10576.8 10579.5 10583.6 10585.4 10589.9 10598.5
10406.1 10390.9 10375.4 10360.7 10351.6 10348.9 10343.1 10336.1 10329.3 10323.2 10319 10317.8 10311.3 10305.5 10297.4 10314.2 10328.6 10340.7 10327.7 10305.5 10295.8 10290.9 10284.5 10278.2 10272.5 10269.3 10268.2 10269.6 10271 10272.8 10274.7 10277.7 10282.5 10281.3 10279.5 10274.1 10268.4 10263.8 10261.7 10263.2 10269.5 10277 10285.8 10300.5 10314.4 10328.2 10338.5 10352.4 10364.5 10379.2 10395.6 10417 10435.9 10480.9 10523.7 10554.1 10575.4 10590.5 10600.2 10595.2 10584.4 10574.5 10573.1 10575.9 10579.1 10581.3 10583.8
10422.9 10405 10385.8 10367.2 10356.5 10356.1 10349.7 10341.3 10333.1 10325.4 10319.5 10316 10314.4 10308.2 10304.6 10308.8 10328.4 10348 10347.9 10334.4 10318.3 10303.6 10292.8 10286 10276.6 10271 10267.2 10264.6 10267.5 10273.8 10282.8 10290.4 10298.2 10298.1 10287.8 10279.2 10272.1 10266.6 10262.4 10264 10269.5 10279.7 10291.5 10304.5 10313.4 10322.6 10337.1 10355 10369.8 10380.7 10418.5 10463 10501.5 10540.8 10561.6 10573.7 10583.6 10589.6 10590.4 10584.9 10577 10571.7 10568.5 10570.7 10578.4 10585.8 10570.9
10441.7 10421.9 10401.7 10380.9 10367.9 10368.4 10359.8 10348.7 10337.1 10327.2 10321.4 10324.2 10332.8 10328.2 10318.5 10309.9 10325 10345.1 10357.2 10366.9 10335.2 10311.1 10294.3 10283.8 10277.7 10272.7 10268.3 10265.2 10267.4 10272.9 10279.6 10288.4 10299.1 10300 10289.7 10281.4 10274.7 10269.5 10266.5 10268.2 10273.2 10283.7 10299.2 10308.7 10310.9 10319.4 10333.8 10355.4 10371 10381.3 10444 10511 10583.4 10607.2 10591.9 10585.4 10585.7 10587 10583.3 10576.4 10569.9 10563.7 10564.5 10565.5 10566 10561.7 10563.9
