real_craters/C105-300m.grd
DSAA
230 230
-34.3525 34.3525
-34.3525 34.3525
9384.5315258729 11282.001306475
[rows 30 to 59 of 230, columns 134 to 200 of 230]
10472.7 10474.1 10475 10476.9 10478.9 10479.6 10481.1 10483.2 10483.6 10485.6 10488.1 10490.4 10494.5 10494.1 10494 10490.7 10483.5 10471.6 10460.7 10462.5 10461.3 10469.9 10478.7 10486.1 10491.4 10495.8 10501.9 10506.7 10509.2 10511.7 10515.2 10520.9 10530.7 10543.1 10557.4 10568.4 10582.7 10597.5 10616.5 10657.1 10705.4 10755.9 10808 10856.1 10878.8 10879.3 10886.1 10901.7 10924.3 10954.4 10991.7 11042.3 11098.7 11151.1 11194.1 11228.2 11240.2 11242.9 11219.2 11171.5 11120.4 11068 11014.3 10960.9 10911.6 10893.3 10891.6
10474.6 10476 10477.3 10478.4 10479.5 10480.9 10482.5 10484.6 10486.6 10488.7 10491.4 10493 10494.4 10499.7 10502.2 10503.6 10501.9 10495.9 10488.6 10487.8 10480.2 10481.7 10493.6 10498.3 10500.4 10501.4 10504.7 10508.8 10511.8 10515.7 10520.6 10527.9 10539.1 10553.7 10569.5 10586.2 10599.8 10619.7 10638.3 10675.2 10717.9 10763.9 10809.5 10850.6 10872 10872.6 10877.6 10898.5 10929.4 10963.4 11000.7 11053.7 11110.5 11163.3 11201.3 11208.6 11208.7 11190.2 11155.3 11125.2 11085.7 11040 10990.3 10940.2 10895.5 10877.6 10877.9
10478.4 10477.5 10478.8 10480 10481.4 10483 10483.2 10485.4 10487.5 10490.8 10493.4 10496.8 10500.9 10506.2 10511.4 10518.5 10525.8 10532.8 10532.9 10529.5 10527.8 10525.2 10520 10514.7 10511.3 10511.1 10508.8 10510.9 10514.9 10520.6 10527.8 10536.8 10550.2 10566.2 10583.2 10600.8 10616.3 10640.7 10663.6 10693 10729.8 10770 10806.9 10833.4 10846 10860.6 10870.5 10897.9 10934.8 10974.1 11019.6 11067.4 11120.9 11172.5 11205.5 11199.9 11190.2 11161.1 11120.7 11091.4 11058.2 11018.1 10973.7 10928.8 10889.1 10869 10867.2
10480.9 10479.1 10480.4 10481.7 10484.4 10486 10486.3 10488 10490.4 10494.9 10497.2 10500.9 10505 10511.7 10520.2 10530.9 10545 10564.3 10569.9 10564.9 10571.1 10565.6 10545.8 10530.1 10519 10513.3 10510.6 10511.6 10518.6 10528.8 10538.9 10548.5 10563.9 10581.1 10597.8 10614.4 10627.9 10645.4 10673.2 10705.1 10740.3 10777.3 10810 10833.8 10847.7 10862.2 10873.6 10904.5 10943.8 10985.3 11024.3 11076.7 11125.9 11173.9 11207.8 11214 11195.3 11155.1 11108.5 11073 11041.3 11006.3 10966.2 10925.7 10888.4 10865.3 10858.9
10481.9 10482.3 10483.4 10484.7 10485.8 10487.5 10489.2 10491.3 10493.4 10496 10498.8 10502.9 10506.4 10514.7 10523.9 10534.6 10549.9 10568.3 10575.4 10576 10581 10578.4 10560.9 10540.8 10522.8 10511.9 10513.4 10517.1 10527.1 10541.9 10556.8 10570.7 10584.7 10599.5 10614.8 10630.2 10641.1 10650.9 10677.1 10715.1 10751.5 10787 10820.4 10850.8 10875.2 10881.8 10888.1 10916.8 10954.7 10999.6 11048 11083.5 11124.5 11165.6 11202.9 11225.3 11209 11160.5 11103.1 11066.6 11038 11004.7 10968 10931 10896.1 10870.8 10861.6
10481.7 10481.5 10482.7 10487.6 10488.4 10489.7 10491.4 10493.8 10494.3 10496.9 10499 10503.2 10506.4 10513.3 10521 10530.4 10542.7 10556.2 10564.1 10568.6 10574.9 10583.3 10569 10547.8 10528.2 10518.8 10521.6 10528.9 10541.4 10559 10578 10596.9 10607.1 10618.8 10632.9 10649 10664 10680.1 10696.5 10731.4 10766.2 10798.7 10832.2 10867.3 10905.3 10907.3 10910.2 10930.1 10961.3 11001.6 11044.6 11081.5 11118 11152.2 11193.8 11230.5 11223.6 11174.1 11116.9 11078.1 11047 11012.3 10977.1 10943.1 10913.9 10892.3 10876.3
10485.9 10481.5 10482.4 10486.8 10487.4 10491.2 10492 10494.4 10492.5 10494 10496.8 10500.7 10503.7 10508.7 10516.4 10522.4 10529.8 10538 10547.2 10554.7 10562.3 10580.7 10572.8 10553.1 10533.7 10527.7 10535 10547.3 10562.7 10578.9 10596.1 10612.6 10624.6 10636.2 10649.7 10666.7 10689.1 10717.2 10728.9 10757.1 10784.5 10810.7 10839.6 10869.5 10897 10913.5 10924.1 10936.8 10960.7 10992.9 11032.4 11074.3 11113.1 11145.6 11187.8 11224.2 11223.9 11187.6 11147.2 11106.2 11062.9 11024.2 10988.4 10957 10932.1 10916.7 10902.3
10487.4 10485.9 10486.5 10487.6 10488.4 10489.2 10490.2 10491.9 10490.4 10492.3 10494.2 10496.9 10499.5 10502 10510.4 10513.6 10516.9 10521 10532.1 10543.6 10558.1 10578.1 10576.8 10559.9 10540.7 10539.7 10552.5 10568.5 10584.2 10601.6 10614.9 10626.1 10640.5 10652.4 10664 10678.1 10698.8 10731.8 10768.1 10786.2 10801.5 10821.2 10843.1 10864 10880.3 10897.9 10917.1 10933.8 10955.5 10982.1 11021.5 11068.6 11114.5 11155.1 11189.5 11212.7 11211.6 11190.9 11159.7 11119.2 11074.5 11035.1 10999 10968.1 10942.5 10923.1 10907.4
10489.3 10489.7 10491 10491.3 10489.4 10489.8 10491.2 10492.2 10492.4 10494 10497.7 10499.1 10500.6 10501.4 10505.3 10508.1 10508.2 10511.2 10521.5 10534.9 10556.5 10583.5 10587 10571 10553.1 10557.3 10574.1 10594.1 10614.1 10628.5 10640.2 10650.2 10659.6 10669 10677.6 10684.9 10693.4 10721.5 10774.5 10795.8 10809.7 10827.9 10846.4 10861.5 10870.7 10882.5 10906.7 10929.7 10952.1 10977.3 11016.9 11065.2 11115.3 11163.2 11189.5 11207.8 11212.2 11188.2 11152.8 11112.8 11077.5 11042.3 11007.2 10975.7 10947.8 10923.7 10907.5
10493.6 10493.9 10494.1 10494.4 10491.9 10492.5 10493 10493.8 10496 10497.1 10498.4 10502.3 10502.5 10501.9 10504.7 10505.6 10503.4 10504.8 10515 10527.5 10552.3 10589.4 10599.4 10585.6 10571.7 10579 10597.4 10620.5 10644.9 10654.6 10662.1 10670.3 10678.3 10686.9 10694 10697.1 10695.1 10713.4 10753.4 10784.8 10811 10833.6 10853 10867.8 10876.7 10887.7 10912.2 10934.2 10954.8 10978.7 11016.5 11061.5 11108.4 11151.7 11178.6 11197.2 11200.9 11180.1 11146.8 11110.3 11079.2 11046.8 11013.2 10980.2 10950.4 10927.8 10902.7
10498.8 10499 10498.9 10499 10497.3 10496.2 10496.5 10497 10496.7 10500.5 10500.4 10504.1 10504.2 10503.7 10505.8 10504.4 10503.6 10505.5 10513 10524.8 10551.8 10591.7 10608.9 10598 10590.5 10599.9 10617.7 10640.1 10662 10673 10677.7 10685.3 10695.3 10705.8 10716.2 10723.9 10724 10735.9 10758.7 10785.5 10815.9 10842.5 10864.6 10883.1 10898.4 10913.7 10934.1 10949.5 10965 10983.4 11020 11059.1 11096 11132.2 11161.7 11180.8 11185.5 11171.4 11144.8 11112.8 11084 11052.9 11018.2 10982.1 10948.1 10918.1 10891.8
10503.9 10504.1 10503.1 10503.1 10501.6 10500.2 10501.2 10500.3 10500.2 10503.8 10503.1 10502.6 10503 10502.6 10505.1 10504.1 10505.5 10508 10512.9 10522.8 10546.2 10578.3 10597.3 10600.9 10605.9 10615.5 10631.6 10652.3 10674.5 10687.2 10693.4 10699.9 10709.8 10723.5 10740.4 10761.3 10784.6 10786.7 10787.3 10801 10829.5 10856.5 10880.3 10903.6 10928.1 10954.3 10964.7 10973.1 10983.5 10999.4 11032 11064.8 11090.5 11116.9 11150.6 11169 11171.3 11164.3 11148.2 11122.2 11095.2 11062 11023.9 10983.8 10944.3 10905.7 10879.6
10508.3 10508.5 10506.9 10506.8 10505.8 10506.7 10507.7 10507.2 10504.8 10504.5 10502.2 10501.7 10501.9 10501.1 10504.2 10504 10505 10507.9 10512.9 10521.2 10537.6 10556.4 10573.1 10595.3 10612.3 10623.3 10637.3 10655.2 10676.5 10690.5 10699.8 10706.2 10717.3 10734.5 10757.7 10788.1 10823.1 10825.5 10819.7 10827.1 10850.8 10873.4 10896.6 10922.2 10951.3 10979.5 10991.4 10999.7 11009.3 11023.9 11053.5 11083 11109.1 11131.8 11154 11167.5 11170.6 11168.8 11159.3 11143.3 11113.8 11074 11030.9 10986.9 10944.3 10906 10873.6
10515.8 10515.7 10514.6 10514.2 10513.7 10510.7 10509.9 10508.7 10507.9 10504.9 10502.2 10500.5 10501.7 10500 10503 10504.5 10507.7 10509.9 10513.7 10519.6 10531.9 10544.3 10558.8 10589.2 10611.8 10623.1 10634.6 10647.7 10661.2 10673.7 10687.5 10700 10715.7 10736.1 10761.6 10792.5 10822.5 10837.2 10848.5 10866.4 10875.4 10889 10908.6 10933.7 10963.1 10994.7 11010.5 11021.9 11038.7 11059.5 11078.5 11105.3 11136.3 11154.7 11164.9 11173.4 11176.7 11175 11170.1 11160.7 11130 11084.7 11037.8 10990.5 10944.8 10904.4 10868.2
10520 10519.8 10516.8 10516.1 10516 10512.2 10511.1 10509.9 10508.6 10501.7 10501 10499.8 10500.8 10499.2 10502.3 10504.3 10508.7 10511.2 10515.6 10523.2 10532.7 10543.7 10558 10586.4 10607 10617.5 10626.6 10635.2 10642.1 10651.9 10667.9 10687.3 10707.5 10729.5 10754.4 10782.5 10810.1 10832.1 10855 10879 10884.7 10895.5 10913 10936.1 10964.2 10996.5 11018.8 11034.3 11052.5 11073.7 11095.4 11120.5 11146.7 11164 11174 11180.3 11181.1 11179.3 11174.9 11164.6 11135.2 11090.3 11043.6 10994.8 10944.1 10894.2 10854.8
10524.2 10523.6 10519.5 10517.9 10517.3 10511.8 10510.5 10508.3 10507.1 10503.5 10501.6 10500.1 10500.8 10500.3 10503.1 10503.9 10505.4 10511.7 10517.9 10525.3 10537.1 10550.6 10567.8 10586.9 10600.2 10609.4 10617.2 10623.3 10627.6 10636.2 10653.1 10674.9 10696.8 10718.8 10741.3 10764.9 10790.4 10815.6 10839.6 10860 10875.5 10891.6 10909.9 10931.4 10957 10990.6 11019.6 11039.6 11056.6 11079.6 11105 11129.4 11150.7 11168.9 11181 11188.1 11189.2 11185.8 11177.9 11157.5 11125.4 11092.3 11050.4 11002.1 10949.8 10896.4 10852.5
10526 10522.6 10519.8 10518.1 10517.2 10515.4 10511.9 10509.3 10507.9 10504.3 10502.8 10502.2 10502.5 10502.5 10505.4 10506.9 10508.8 10515.6 10522.7 10531.5 10543.2 10557.7 10574.8 10582 10591.9 10601.7 10609.1 10614.4 10617.8 10625.3 10643 10665.9 10687.8 10708.3 10727.1 10745 10767.7 10796.2 10820.9 10841.3 10861.7 10883.2 10903.7 10924 10947.8 10987.7 11023.3 11043.5 11062.7 11087.8 11114 11137.4 11158.4 11175.1 11188.2 11196.5 11199.1 11196.6 11186.2 11162.9 11132.4 11101.9 11060.6 11013.2 10964.3 10912.4 10861
10526.1 10524.8 10520.9 10519.4 10518 10516.4 10514.9 10512.1 10510.6 10506.1 10505.5 10505.1 10504.6 10505.6 10508.7 10513.5 10518.1 10522.2 10528.8 10538 10549.4 10561.8 10573 10576.9 10587.4 10597.9 10605.6 10610.8 10613.4 10619.9 10639.5 10663.2 10683.5 10702.1 10718.4 10731.8 10753.2 10783.5 10808.4 10827.5 10851.2 10878.5 10900.4 10919.5 10942.2 10980.9 11016.6 11046.4 11072.8 11098.7 11124.8 11147.5 11163.7 11182.3 11195.2 11204 11209.8 11211.2 11201.6 11184.6 11160.5 11120.5 11073.7 11024.3 10975.1 10922 10868
10527.3 10525.7 10523.9 10522.2 10520.7 10519.1 10517 10514.9 10513.4 10509 10508.5 10508.5 10507.9 10508.9 10512 10517.6 10523.7 10528.4 10535.5 10545.7 10557.2 10567.5 10573.3 10577.5 10590.4 10600.7 10607.5 10612.4 10616.8 10627.1 10646.8 10667.7 10684.6 10700.9 10718.1 10735.8 10755.8 10781.1 10806.6 10830.1 10856.3 10882.3 10903.4 10922.2 10944.1 10981.1 11017 11050.7 11081.4 11108.2 11134.6 11160.3 11181.7 11190.7 11200.4 11209.1 11216.2 11219.7 11213.2 11199.5 11176.9 11135.2 11084.2 11031.1 10978 10923.9 10872.9
10530.8 10529.5 10527.2 10524.9 10523.5 10522 10521.3 10519.7 10518.1 10514.1 10513.2 10512.8 10511.5 10511.2 10513.4 10518.2 10526 10534.8 10543.4 10556.1 10569.1 10579.7 10585.7 10591.3 10603.3 10610.1 10614.2 10617.9 10624.1 10638.7 10662.4 10677.9 10689.5 10701.9 10718.4 10744.5 10761.1 10782.1 10810.5 10842.7 10872.4 10892.1 10912 10933.3 10958.9 10991.3 11024.6 11057.8 11086.7 11114.4 11139.7 11163.3 11181.8 11191.9 11200.6 11208.8 11215.5 11219.8 11215.4 11204.1 11186.1 11143.6 11088.6 11032.9 10978.8 10925.1 10873.9
10533.3 10532.4 10531.9 10531.1 10529.5 10528.1 10528.2 10526.6 10525.2 10522.7 10518.5 10516.9 10514.3 10513.4 10513.9 10518.2 10529.3 10544.3 10557.8 10572.7 10586.5 10599.2 10609.4 10621.1 10625.2 10624.8 10624.5 10626.2 10630.9 10649.7 10679.9 10688.5 10696.2 10703 10710.7 10720.5 10749.3 10779.4 10811.3 10846.1 10877.8 10898.3 10920.5 10945.2 10973.1 11005 11036.8 11068.7 11096.1 11117.9 11139.2 11158.5 11174.8 11186.8 11195.9 11203.2 11207.7 11209 11204.1 11194.8 11180.6 11138.8 11083.3 11028.9 10978 10928.9 10882.5
10537.2 10535.8 10537.3 10536.2 10535 10533.8 10534.3 10532.8 10530.9 10529.4 10525 10522.6 10519.9 10517.5 10515.8 10517.5 10533.8 10555.9 10580.1 10591.7 10605.1 10621.2 10637.9 10648.8 10646 10641.1 10636.1 10634 10635.8 10653.8 10689 10698.4 10704.4 10708.6 10710.2 10714.5 10743.4 10777.2 10808.8 10840.3 10869.8 10896.3 10925.3 10956.8 10986.4 11016.8 11049.1 11078.1 11100.1 11116.1 11133.5 11150.4 11165.5 11177.9 11187.6 11194.5 11196 11189.9 11180.9 11173.3 11154.8 11116.8 11067.7 11018.9 10972.5 10934.1 10900.6
10539.9 10540.5 10540.2 10539.4 10539.8 10539 10538.8 10537.7 10536.6 10534.7 10531.3 10530.1 10527.7 10525.2 10522.8 10523.4 10542.6 10565.6 10587 10603.4 10619.3 10638.2 10658.7 10666.1 10663.3 10655.9 10648.3 10642.1 10642.2 10658.8 10693.1 10706.2 10713.8 10719.9 10724.2 10731.3 10754.9 10781.5 10807.9 10833.4 10859 10889 10923.8 10962.9 10992.2 11020.2 11052.3 11078.1 11093.3 11105.2 11120 11139.2 11153.4 11166.1 11177.7 11185.9 11187.8 11181.2 11169.9 11153.4 11122.4 11083.4 11046.8 11007.4 10968.9 10938.4 10913.3
10545.3 10545.5 10545 10544.4 10543.5 10543.1 10543.4 10542.8 10541.3 10540.8 10538.5 10538.4 10537.3 10537.1 10536.8 10540.1 10556.6 10576.2 10594.8 10610.6 10626.6 10645.4 10667.1 10679.5 10677.2 10668.5 10659.2 10652 10650.3 10666.1 10697.8 10712.8 10723.7 10735.2 10748.7 10762.1 10773.8 10791.2 10810.7 10829.9 10849.6 10879.1 10915 10952.2 10982.8 11010.6 11038.5 11061 11073.5 11084.3 11097.4 11117.4 11134.1 11151.3 11167.2 11179 11185.1 11184 11173.3 11144.5 11101.8 11060.2 11031.1 10999.6 10968 10940.4 10915.5
10549.5 10549.2 10548.1 10547.9 10546 10546 10546.7 10546.8 10546.1 10546.7 10546.6 10548 10549.3 10551.8 10554.9 10561.8 10572.6 10587.9 10601.8 10614.7 10627.9 10642.8 10659.1 10679.8 10684.5 10677.4 10669 10662 10660.4 10674.4 10701.7 10718.4 10732.4 10747.1 10766 10782.5 10790.5 10803.3 10818.4 10832.8 10846.8 10873.5 10906.2 10934.9 10967.9 10995 11016 11028.4 11043.9 11058.9 11069.7 11082.5 11111.2 11137 11158 11174.2 11184.6 11187.9 11178.4 11144.9 11098.6 11054.2 11024.9 10997.3 10968.2 10940.5 10912.5
10551.2 10551.1 10551 10550.2 10549.6 10550 10551.6 10552.2 10553.7 10555.1 10556.3 10559.4 10562.7 10567.2 10572 10576.4 10585.3 10597.9 10608.6 10615 10624.9 10636.4 10649.1 10673.5 10684.7 10682.4 10676.6 10672.2 10672.9 10684.4 10703.7 10722.9 10740.4 10755.6 10769.1 10785.2 10800.9 10815.8 10830.6 10844.8 10859.2 10881.8 10908.8 10932.8 10961 10983.5 10997.8 11005 11023.3 11040.8 11051.6 11066 11097.9 11127.5 11152 11171.2 11184.8 11191.6 11186.1 11150.5 11100.8 11053.8 11025.4 11002.3 10973.8 10940.3 10907.5
10553.6 10553.8 10554.2 10553.8 10556.3 10557 10559.1 10560.1 10560.9 10562.8 10565.1 10569.3 10574.2 10581 10589.9 10592.4 10591.1 10595.6 10602.4 10609.7 10619.3 10631.1 10647.2 10671.4 10686.9 10684.2 10681.6 10681.4 10685.3 10696.6 10710.6 10732.1 10752.6 10766.9 10776.8 10793.1 10812.6 10830 10846.6 10863.1 10881.2 10901.4 10922.8 10945.3 10964.7 10982.5 10994 11000 11020.3 11038.1 11049.3 11066.8 11097.4 11126.3 11150.8 11170.2 11184.3 11192.3 11189.6 11154.3 11103.6 11057.2 11026.1 11004.4 10975.3 10938.5 10901.7
10562.2 10562.9 10563.7 10563.3 10563.1 10564 10565.2 10566.5 10567.8 10570 10572.9 10576.7 10582.4 10589.4 10598.2 10597.3 10590 10584.3 10591.1 10601.9 10612.2 10624.3 10641.2 10661.8 10676.4 10679.3 10683.3 10689.8 10699.1 10715.6 10734 10755.4 10773 10785.5 10796.3 10811.2 10828.8 10846.4 10864.1 10882.8 10903.5 10922.9 10936.5 10953.5 10974.1 10992.2 11006.6 11017.4 11034.9 11051.4 11062.6 11080.3 11107.8 11133.1 11154.7 11171.7 11183.5 11188.5 11182.1 11149.8 11101 11051.4 11021 11001.5 10972.2 10935.1 10895.8
10568.6 10569.1 10570.3 10570.8 10571.9 10573 10574.2 10574.8 10575.7 10577.8 10580.2 10582.9 10587.6 10592.1 10595.5 10594.7 10588.4 10580.5 10587.4 10597.6 10606 10613.9 10626.2 10642.7 10656.3 10669.1 10681.9 10697.4 10716 10737.7 10767.3 10789.7 10796.2 10806.8 10818.8 10832.2 10847.1 10863.5 10881.3 10900.5 10921.1 10939.3 10950.4 10967 10989 11009.8 11029.4 11046.6 11061.2 11077.2 11090.5 11106.7 11126.9 11146.3 11162.4 11175.8 11183.7 11184.3 11172.7 11144.1 11099.8 11048.5 11018.7 11000.1 10971.2 10933.6 10891.6
10575.2 10577.2 10578.7 10579.6 10580.8 10580.9 10582.1 10582.6 10583.2 10584.7 10586.5 10588.7 10591.7 10593.4 10594.7 10594.8 10592.7 10588.7 10593.6 10599.6 10604.7 10607.5 10615.9 10630.2 10644.2 10659.5 10678.2 10699.9 10725.7 10748.5 10777.1 10797.9 10808.8 10823.6 10840 10850.4 10862.9 10879 10896.4 10915.9 10934.9 10950.8 10965.4 10985.2 11008.5 11031.4 11052.9 11073.1 11090.1 11108.2 11125.8 11138.5 11150.2 11162.3 11173.2 11181.8 11185.4 11183.5 11171.6 11147.3 11107.6 11063.2 11032.6 11007.7 10977.8 10936.9 10891.6
