real_craters/C105-1000m.grd
DSAA
40 40
-19.63 19.63
-19.63 19.63
10412.747240022 11904.369578625
11481.3 11474.8 11466.7 11465.6 11472.5 11483 11496.9 11491.2 11472.3 11455.6 11467.2 11470.4 11469.3 11465.1 11463.5 11459.2 11452.6 11455.3 11457 11459.9 11462.6 11466.5 11460.8 11456 11455.5 11449 11429.5 11425.1 11422.2 11433.4 11432.5 11425.4 11411.6 11397 11385 11396.8 11414.9 11427.4 11444.5 11417.8 
11486.6 11482.5 11478.9 11494.1 11505 11492.1 11505.3 11501 11481.4 11466.8 11478.3 11479.7 11479.3 11476.7 11472.5 11486.6 11496.7 11481.3 11468.8 11463.3 11465.2 11466.4 11464.7 11463.8 11460.4 11445.1 11423 11429.4 11432.6 11434.4 11431.2 11422.4 11410 11396.6 11390.2 11391.1 11389.9 11401.5 11413.3 11422.7 
11498.7 11483.4 11494.2 11516.7 11503 11477.6 11490.2 11494.1 11488.5 11481.5 11486.2 11489 11494.8 11498.9 11499.8 11495.3 11489.8 11488.2 11480.9 11476.3 11469.8 11465.1 11469.1 11474.7 11467.1 11467.2 11445.3 11451.3 11456.8 11445.5 11438.6 11423.9 11409.3 11396.4 11391 11391.6 11395.7 11395.8 11398.2 11408.4 
11530.9 11496.7 11496.8 11509.7 11501.2 11486.1 11498.4 11502 11502.4 11496.3 11488.7 11498.6 11507.6 11518.1 11523.3 11508.8 11501.3 11494.3 11492.2 11483 11478.4 11474.8 11474.2 11465.2 11456.6 11447.3 11446.7 11449.8 11452.2 11449.4 11440 11425.1 11408.5 11391 11382.9 11391.5 11391.4 11397.2 11404.8 11410.8 
11532.7 11511.4 11504.4 11503.2 11496 11521.1 11527.2 11534.3 11520.3 11511.3 11508.6 11513.3 11518.8 11521.9 11516 11508.9 11510.6 11512.9 11503.6 11491 11490.6 11499.1 11492.5 11476.8 11463.9 11443.1 11441.4 11431.9 11432.2 11444.3 11441.7 11428.7 11419.2 11404.7 11391.9 11400.2 11409.1 11400.3 11398.4 11423.3 
11537.3 11524.4 11515.1 11515.3 11514.7 11512.4 11518.3 11523.3 11525.5 11529.6 11533.2 11527.8 11530.6 11528.1 11526.7 11523.9 11531 11540.6 11537.4 11510.4 11504.1 11516.2 11512.1 11491.7 11483 11483.8 11465.4 11434.4 11419 11409.9 11417.4 11425.3 11429.2 11435.9 11418.8 11389 11398.7 11395.3 11392 11396.2 
11534.9 11516.5 11511.1 11526.3 11519.2 11504.8 11507.7 11513.7 11528.9 11539.7 11540.1 11539.6 11542.9 11548 11536.1 11534.2 11551.7 11571.3 11584.9 11554.1 11535.4 11550.9 11545.7 11527 11500.6 11474 11468.3 11448.3 11425.1 11403.6 11413.1 11425.3 11432.3 11436.5 11416.8 11391.3 11410.7 11406.7 11405.5 11399.6 
11520.6 11512.2 11512.5 11522.1 11519.8 11514.7 11519.4 11530.9 11547.2 11553.7 11554.6 11550.3 11551.7 11556.6 11556.7 11561.9 11594 11624.7 11612.2 11578 11598.1 11620.6 11619.4 11574.5 11509.3 11500.9 11479.4 11457 11441.3 11426.9 11431.3 11434.2 11434.2 11432.4 11413.8 11396.7 11412.1 11431.8 11442 11429.4 
11524.6 11519.1 11503.6 11521.3 11531.7 11526 11540.9 11571.4 11573.8 11571.3 11574.6 11570.2 11572.6 11571.1 11596 11604.5 11629.5 11665 11674.3 11690 11711.4 11742 11717.6 11671 11576 11496.1 11480.8 11464.7 11465.1 11476.7 11458.9 11449.2 11439 11418 11416.2 11408 11422.4 11448.3 11473.4 11467.5 
11527.6 11526.5 11524.3 11531.5 11539.5 11544 11572.5 11572.9 11575.6 11580.9 11587.6 11609.4 11616.9 11643.7 11683.3 11703.6 11705.7 11715.2 11715.6 11745.1 11849.7 11850.7 11781.8 11747.6 11609.1 11541.5 11516.4 11497.6 11491.9 11490.1 11483.5 11466.9 11452.6 11444.7 11432.3 11426.4 11431.5 11438.5 11479.7 11480.3 
11545.1 11550.1 11546.4 11545.1 11548.2 11571.1 11575.6 11577.6 11581.3 11588.2 11606.2 11633 11661.6 11690.3 11741.4 11847.1 11718.8 11729 11609 11605.9 11760.4 11766.5 11904 11801.6 11678.2 11613.9 11557.7 11525.1 11539.6 11541.1 11511.5 11484 11463 11451 11444.7 11451.8 11456.6 11455.2 11477.9 11515.4 
11563.5 11574.4 11561.1 11560.7 11572.1 11575.7 11578.8 11584.9 11595.9 11608.5 11620 11680.1 11795.4 11760.5 11676.6 11614.7 11497.7 11401.1 11269.1 11179.2 11272.4 11421.6 11557.6 11608 11747.1 11728.3 11608.9 11576 11567.3 11565.9 11552.1 11509.8 11468.9 11449.1 11446.9 11452.3 11462 11475.3 11499.9 11348.3 
11567.6 11580.1 11584.1 11579 11578.2 11585.5 11583.2 11589 11602.2 11649.9 11713.3 11867.8 11904.4 11753 11546 11362.7 11192 11035.9 10957.3 10903.5 10881.3 11021.2 11098.7 11195 11272.8 11393.1 11545.8 11613.2 11631 11641.1 11619.6 11556.9 11484.6 11456.9 11454.4 11457.9 11458.5 11471.3 11506.3 11486.3 
11575.8 11578.7 11592.5 11590.9 11585.1 11584.1 11590.8 11602.3 11612.5 11696.5 11799.3 11888.4 11773.8 11567.6 11369.2 11142.4 10872.9 10751.4 10736.9 10723.7 10730.8 10786.7 10836.4 10909.4 11025.3 11197.4 11252.7 11538.6 11825.2 11810.5 11701.7 11608.1 11514 11473.1 11464.2 11463.8 11474.2 11491.8 11485.1 11520.8 
11580.6 11587.9 11594.5 11596.7 11592.7 11583.6 11605.2 11639.2 11676 11724.2 11791.8 11792.1 11574.2 11349.9 11109.8 10844.5 10651.5 10638.4 10594.7 10602.1 10610.1 10658.8 10711.8 10771.7 10896.7 11084.6 11194.2 11491.4 11873.9 11854.5 11734.4 11624.3 11530.2 11506.9 11492.7 11495.3 11502 11517.3 11497.9 11510.2 
11584.8 11586.6 11592 11591.9 11599.5 11604.4 11625.1 11666.9 11674.8 11693.5 11704.2 11657.4 11379.4 11163.7 10901.2 10677.7 10551.5 10528.8 10530.2 10545.1 10557.9 10593.4 10636.7 10689.7 10778.8 10954.9 11131.4 11369.5 11587 11687.5 11663.7 11605.6 11533.5 11525.5 11515.1 11509 11511.6 11526.2 11525.9 11514.6 
11597.7 11595.4 11589 11595.4 11599.3 11598.5 11636.6 11689.4 11672.8 11649.8 11589.2 11467.9 11343.5 11007.8 10728 10566.6 10503.6 10490.6 10509.3 10524.5 10547.8 10567.2 10604.5 10645 10698.5 10831 11089.4 11226.2 11385.8 11519.2 11578.4 11596.9 11592.2 11562.3 11536.8 11525 11523.6 11516.3 11529.9 11527.4 
11591.1 11595.6 11593.7 11591.6 11597 11597.1 11640.5 11668.3 11684.4 11644.4 11525.8 11326.3 11060.1 10839.3 10609.9 10506.3 10476.5 10478.7 10475.3 10497.5 10529.8 10556.2 10585.6 10624.1 10652.1 10745.2 10914.7 11093.1 11236.9 11412.8 11519 11585 11622.1 11593.3 11564.1 11565.3 11571.3 11560.7 11546.4 11540.4 
11601.3 11602.9 11598.2 11601.8 11595.2 11589.4 11605.8 11663.7 11748 11756.2 11579.3 11299.7 11004.4 10747 10559.5 10481.5 10469.1 10464.4 10454.3 10462.4 10498.1 10539.1 10559.1 10567.2 10600.5 10719.9 10866.6 11076.6 11245.8 11398.2 11500.8 11566.6 11602.2 11611 11612.5 11608.8 11624.5 11608.9 11588.7 11568.6 
11608.7 11597.2 11594.4 11588.8 11590.2 11599.6 11625.8 11629.5 11777.2 11847.6 11665.3 11415.3 10957.6 10715.6 10543.5 10479.3 10477.9 10464 10433.5 10422 10462.2 10521.5 10538.7 10541.8 10560.2 10654 10860.6 11174.4 11360.3 11425.6 11503.4 11556.8 11615.8 11620.6 11631.8 11631.1 11636.6 11627.9 11615.5 11597.2 
11616.4 11606.8 11601 11589.6 11590.8 11612.9 11609.1 11625.4 11745.7 11841.6 11717.1 11455.4 10996.1 10725.4 10533 10485.8 10480.7 10468.3 10427.3 10412.7 10462.3 10510 10522.4 10513.8 10528 10581.7 10797 11078.3 11297.2 11418 11504.3 11557.8 11608.7 11617.4 11633.9 11647.9 11655.6 11657.2 11632.6 11614.1 
11614.8 11598.8 11599.6 11589.4 11589 11604 11594 11609 11718.4 11829.9 11742.5 11517 11137.2 10796 10568.5 10519.5 10497 10483.6 10473.7 10464.4 10488 10503.2 10511.7 10497.3 10516.5 10570.8 10752.3 10982.9 11231.1 11416 11519.8 11582 11619.8 11621.8 11646.3 11639.7 11652.5 11657.8 11641.3 11624.5 
11618.6 11609.2 11597.5 11590.7 11593 11604.6 11617.5 11629.3 11711 11802.5 11774.8 11590.3 11201.2 10922.9 10713.3 10604 10529 10491.4 10501.9 10503.3 10508.1 10518.4 10515.1 10502 10518.4 10565.7 10811.2 11087.6 11304.1 11455.6 11556.6 11612.6 11634.5 11629.4 11637.8 11651.9 11657.5 11657.7 11641.9 11630.2 
11622.3 11617.3 11609.2 11603.5 11604.4 11614.2 11633.8 11646.8 11709.5 11803.2 11838.1 11738.7 11451.1 11106.6 10899.8 10732.5 10586.3 10497.6 10507.5 10509.7 10512.5 10516.7 10514.3 10516.1 10567.2 10678.8 10979 11329.8 11447.5 11536.6 11617.7 11682.5 11652.2 11629.6 11633.8 11644.6 11640.4 11639.4 11634.2 11629.5 
11615.7 11618.8 11617.4 11607.4 11607.7 11616.2 11627 11618.1 11648.1 11715.3 11859.3 11901.4 11566.6 11323.7 11111.1 10896 10683.7 10524.2 10522.2 10508.4 10521.6 10525.6 10529.8 10563.9 10732.4 10962.9 11405.5 11462.4 11551.9 11604.4 11656.2 11700.4 11662.3 11630.3 11627.6 11605.9 11620.4 11622.1 11621.4 11617.5 
11608.4 11600.7 11600.3 11605.4 11601.7 11610.8 11618.5 11634.4 11624.6 11632.4 11746.5 11837.6 11666.9 11472.5 11328.1 11104.3 10862.8 10663.2 10611 10574.3 10592.3 10582.7 10616.2 10734.6 10976.5 11216.9 11489.6 11627.1 11625.5 11637.7 11649.6 11664.1 11647.6 11633.7 11619.8 11611.9 11637.4 11620.6 11607.3 11595.6 
11614.1 11610.7 11621.2 11616 11610.4 11612.5 11614.4 11627.7 11606.8 11617.9 11666.4 11748.1 11814.6 11716.8 11566.1 11343.8 11118.7 10934.1 10841.4 10783.3 10801.8 10842 10901.1 11025.6 11340.8 11512.2 11630.2 11676 11657.7 11637.3 11631.6 11629.9 11622 11619.2 11629.2 11614.3 11605 11603.7 11589.2 11573.9 
11618.4 11611.1 11614.4 11600.6 11599.5 11608.6 11620.1 11607.6 11620.1 11617 11627.3 11703.4 11805.7 11903.6 11748.6 11552.5 11394.8 11252.1 11178.4 11092.9 11105 11156.9 11202.6 11408.3 11716.2 11748.1 11720.3 11704.1 11665.6 11634.2 11612.1 11601.3 11602.1 11604.3 11607.7 11596.2 11585.8 11578.5 11571.3 11564.2 
11625.4 11616.9 11614.2 11614.3 11611.2 11607.4 11603.2 11593.2 11598.8 11617.1 11629.7 11662.2 11690 11728.1 11731.9 11674.3 11652.3 11687.4 11615.6 11484.9 11446 11541.4 11700.3 11748.3 11781.2 11734.7 11705.5 11662.2 11645.3 11621.5 11594 11581.7 11585.9 11583.7 11579.7 11566.1 11562.9 11561 11557.9 11555.1 
11629 11629.3 11624.6 11620 11616.7 11607.1 11601.3 11594.3 11609.4 11626.2 11635.1 11642.3 11640.1 11633.9 11662.9 11701.4 11765.5 11898.1 11873.9 11836.3 11808.6 11812.1 11890.7 11817.7 11732.5 11686.6 11658.4 11651.7 11637.1 11618.6 11596.5 11580.2 11569.5 11566.5 11553.6 11543 11542.7 11549.8 11547.8 11543.1 
11629.7 11639.9 11631.5 11619.8 11626.3 11618.2 11616.6 11600.2 11602.4 11617.5 11640.2 11641.9 11642 11600 11620.6 11671.5 11730.3 11746 11749.7 11761.4 11728.6 11754.5 11729.9 11711.4 11687.9 11666.3 11650.8 11640.6 11635.6 11624.2 11612.4 11588.7 11565.2 11569 11542.9 11539.1 11539.4 11546.5 11543.8 11538.9 
11642.9 11653.9 11646.6 11611.6 11642.7 11626.8 11627.9 11625.5 11616.9 11611.2 11606.4 11628.9 11649.5 11622 11614.8 11648 11684.5 11719.2 11701.4 11666.4 11784.4 11710.7 11719.3 11699.6 11668.9 11648.6 11638.6 11647.8 11638.5 11625.7 11615.7 11593.8 11570.6 11554.7 11552.6 11546.8 11559 11547.6 11541.2 11530.7 
11646.4 11667.4 11668.3 11638.5 11661.8 11653.9 11649 11628.8 11619.9 11602.8 11609.6 11618.5 11622 11607.1 11608.8 11609.7 11617.2 11627.5 11556.6 11359.3 11375 11461.3 11736.2 11662.7 11644.4 11632.8 11638.4 11648.1 11641.5 11624.6 11601.6 11592.8 11585.6 11560.9 11552.4 11544.3 11541.8 11546.1 11543.5 11540.9 
11647.2 11654.5 11653.1 11661 11675 11688.8 11683.7 11687.6 11619.9 11616.9 11613.1 11613.7 11617.3 11598.6 11589.4 11581.3 11547 11455.2 11326.5 11279.4 11278 11359.8 11571.2 11659.2 11633.9 11645.8 11644.6 11648.3 11645.1 11629.3 11611.8 11594.9 11576.8 11567.1 11556.6 11555.1 11550.3 11548.8 11546.6 11547.7 
11665.8 11666.2 11665.3 11683.3 11702.4 11595 11615.3 11678.6 11659.8 11646.3 11618.8 11616.6 11606.7 11596.9 11597.1 11570.4 11517.2 11431.8 11337.1 11295.8 11291.7 11346.8 11479.2 11624.2 11622.7 11641.4 11650.5 11660.1 11654.4 11637.1 11621.6 11605.3 11594.6 11565 11551 11567.7 11561.3 11551.4 11543.7 11535.6 
11671.4 11671.4 11665.8 11673 11584.9 11478.1 11540.8 11688.5 11670.5 11641.7 11629.7 11624 11618.2 11601.4 11589.7 11572.4 11533 11482.6 11432.5 11399.5 11388.6 11456.6 11521.3 11590.5 11608.7 11636.4 11655.5 11667 11661.8 11637.3 11619.9 11613.8 11607.1 11575 11573.5 11563.8 11560.4 11550.2 11541.7 11535.2 
11634.8 11632.8 11635.5 11657.7 11651.7 11576.9 11568.2 11679.4 11666.7 11641.3 11640.4 11629.7 11621.7 11612.1 11608.4 11592.9 11570.5 11557.7 11562.1 11549.7 11564.4 11600.1 11582.3 11578 11603.3 11643.4 11651.2 11657.3 11654.5 11653.6 11638.4 11621.4 11611.2 11617.6 11563.7 11547.6 11546 11545.1 11543.4 11540 
11635.2 11637.5 11637.4 11657.8 11690.7 11672.8 11658.7 11659.1 11649.9 11654.4 11641 11636.5 11629.3 11621.5 11618.2 11602.3 11591.7 11597 11609.2 11622.5 11632.7 11632.3 11598.4 11576.1 11598 11614.9 11646.8 11658.8 11662.1 11656.4 11645.3 11634.9 11634.3 11606.2 11544.2 11536 11538.4 11539.1 11541.6 11539.4 
11644.2 11646.3 11637.4 11646.6 11654.8 11642.6 11654.2 11651.8 11654.4 11658.6 11643.2 11630.5 11626.2 11626 11622.4 11605.6 11603.6 11611.2 11626.3 11643.6 11657.6 11646.6 11601 11565.7 11595.8 11620.1 11649.8 11657.5 11664.1 11641.1 11646.7 11644.6 11658.1 11567.2 11540.1 11524.6 11530.8 11534.6 11536.1 11533.4 
11646.4 11650.7 11644.8 11645.2 11632.8 11658.7 11667.7 11652.6 11636.2 11634.5 11643.7 11639.3 11631.2 11627 11618.9 11600.4 11604.9 11614.2 11628.6 11642.8 11653.9 11641.4 11606.3 11572.2 11588.5 11619.1 11628.9 11649.3 11646.8 11645.6 11660.5 11679.7 11657.9 11562.9 11537.8 11535.7 11533.2 11533.1 11533.1 11529.6 
