real_craters/C105-500m.grd
DSAA
138 138
-34.3525 34.3525
-34.3525 34.3525
9383.7937732235 11275.047245908
[rows 0 to 29 of 138, columns 0 to 66 of 138]
10396.8 10392.5 10389.3 10387.3 10385.5 10384 10382.2 10380.7 10380.7 10380.6 10379.1 10378.6 10374.2 10367.7 10365.5 10366.1 10364.7 10364.8 10368.2 10368.3 10366.5 10364.8 10363.1 10361.1 10358.9 10355.4 10352.4 10348.9 10343.4 10338.1 10336.7 10342.6 10346.5 10348.7 10350.6 10351.9 10352.2 10351.3 10349.9 10350.2 10351.8 10354 10357.1 10361.3 10366.1 10372 10378.4 10384.4 10391 10398.5 10406 10412.7 10418.6 10423.4 10428.2 10431 10433.8 10435.6 10438.2 10440.8 10444.3 10447.5 10450.9 10454 10457.3 10460.2 10467.3
10395.2 10388.9 10387.2 10385.9 10384.2 10382.7 10382 10384 10385.3 10384.9 10384.8 10381.8 10377.2 10370 10364.7 10363 10365.8 10369.2 10374.8 10371.4 10367.1 10364.4 10362.5 10361.2 10359.2 10355.6 10353.1 10351.7 10344.8 10335.7 10333.6 10337.2 10340.5 10343.1 10344.9 10347.7 10347.8 10346.4 10341.7 10345.3 10348.1 10350.4 10352.9 10356.4 10362.9 10370.8 10379.2 10387 10393.9 10400.7 10407.3 10413.6 10419.3 10424.2 10427.6 10430 10430.2 10431.7 10434 10436.8 10440.2 10443.9 10448.1 10452.3 10456.7 10461.6 10470.8
10395.3 10389.6 10386.8 10385.5 10383.7 10381.7 10380 10380.4 10388.5 10389.9 10389 10386.5 10383.2 10379.3 10368.9 10364.2 10368.5 10371.6 10372.8 10369.1 10366.3 10363.8 10362.5 10361.2 10360.2 10358.6 10354.5 10350.9 10346.5 10334.5 10332.3 10335.1 10338 10340.2 10342 10343 10344.4 10344.5 10343.4 10343.8 10345.8 10347.9 10349.7 10351.7 10360.1 10370.1 10380.3 10390.6 10397.7 10402.5 10408.1 10414.2 10419.8 10424.5 10426.7 10424.3 10425.4 10427.8 10430.5 10433.3 10436.8 10440.9 10445.3 10450.1 10455.7 10462 10467.9
10395.8 10393.9 10388.8 10385.7 10383.4 10381.2 10379.8 10379.6 10381.1 10389.3 10391.9 10391 10389.3 10386.9 10379.8 10374.9 10373.5 10374.3 10371.7 10364.5 10363.3 10362.4 10361.5 10360.5 10359.6 10357.8 10351 10343.1 10337 10331.8 10332.8 10335.2 10337.4 10339 10341.1 10341.2 10340.7 10340.9 10341.9 10343 10344.9 10347.3 10349.7 10352.5 10360.8 10370.5 10380.1 10389.8 10397.2 10402.3 10407.9 10413.7 10419.4 10423.8 10424.7 10422.4 10422.1 10424.2 10427.1 10430.6 10434.4 10438.5 10442.5 10447.8 10453.7 10460.5 10468.2
10396.2 10392.4 10389.4 10386.8 10383.8 10381.3 10379.6 10378.6 10379.1 10388.3 10393.1 10394 10393.8 10391.4 10386.1 10380.9 10377.3 10375.4 10373.1 10362.3 10361.8 10361.6 10360.5 10359.1 10357.5 10354.6 10346.5 10337.5 10332.4 10330.9 10334.5 10337.5 10338.7 10339.3 10339.9 10339 10337.9 10336.4 10340.2 10342.3 10345 10348.4 10352.4 10358.4 10364.4 10371.1 10378.7 10386.5 10393.9 10400.4 10406.5 10412 10417.7 10422 10421.8 10418.4 10417.7 10420.7 10424.7 10429.1 10432.4 10436.8 10441.2 10445.5 10449.2 10454.9 10460.3
10397.3 10392.2 10392.4 10388 10384.5 10381.9 10380.3 10380.4 10382.8 10386.1 10391.4 10395.2 10397.5 10397.2 10389.3 10383.8 10378.7 10373 10365.9 10360 10362.1 10361.7 10359.7 10356.7 10352.8 10348.3 10342.2 10335 10333.2 10336.3 10340.2 10340.6 10339.7 10339.5 10338.9 10338.4 10338.6 10339.2 10338.5 10341.5 10346.1 10350.3 10354.7 10360.1 10365.6 10370.7 10376.6 10383.2 10390.4 10397.6 10403.7 10409.5 10414.7 10420.2 10418.2 10414.9 10414.7 10417.3 10422 10425.9 10431.2 10435.8 10438.9 10442.9 10445.3 10447.5 10448.1
10399.5 10396 10391.5 10388.2 10384.8 10382.1 10380.3 10380.6 10384 10387.7 10391.5 10396 10399.7 10401.3 10395.9 10388.5 10380.5 10371.8 10362.7 10364.9 10366.5 10363.2 10359.4 10354.9 10349.4 10344.1 10340.6 10336.9 10333.1 10339.7 10344.7 10342.2 10340.4 10339.1 10338.2 10338 10338.5 10339.6 10340.6 10343.6 10349 10352.6 10356 10360.6 10365.2 10368.4 10374 10380.9 10387.4 10394.5 10401.3 10406.4 10410.2 10411 10413 10410.5 10408.7 10414.4 10420.1 10425.4 10430.9 10435.8 10440.8 10443.8 10444.3 10440.9 10431.3
10399.5 10395.3 10391.7 10388.2 10384.7 10381.9 10380 10381.4 10385.2 10387.9 10391.7 10396.6 10400.1 10399.6 10401.2 10392.5 10383.5 10375.2 10368.4 10382.9 10370.9 10364.5 10359.8 10354.9 10349.4 10344.5 10341.5 10338 10333 10334.1 10340.2 10341.2 10340 10338.2 10337 10336.5 10338.3 10342 10346.6 10352.2 10354.3 10355.5 10357 10357.5 10358.6 10364 10370 10376.9 10384.1 10391.4 10399.2 10405.2 10408.7 10410.6 10411.9 10411.4 10409.9 10415 10419 10423.8 10428.6 10434 10438.4 10442.7 10442.8 10440.4 10431.3
10401.5 10398.4 10392.9 10388.3 10384.5 10381.5 10381.3 10383.5 10385.9 10386.7 10392.1 10397.4 10402 10401.4 10398.7 10393.7 10386 10379.1 10376.8 10369.5 10366.8 10363.9 10360.7 10356.9 10352 10347.4 10344 10340.7 10336.6 10338.1 10339.9 10339.9 10338.8 10337.1 10335.5 10334.5 10335 10341.2 10351.6 10360.4 10358.6 10358.8 10358.9 10357.5 10356.1 10362 10366 10371.4 10380.3 10389.2 10398 10405.4 10409.9 10411.3 10413.4 10415.1 10421 10416.3 10417.8 10420.8 10426.1 10431.4 10436.6 10440.7 10443.2 10442.4 10435.8
10400.1 10397.3 10393.6 10389.1 10384.4 10380.6 10378.9 10380.5 10383.6 10387.9 10393 10398.1 10403.1 10405.8 10401.5 10395.3 10387.7 10379.7 10370.8 10362.1 10363.2 10363.6 10362.6 10360.5 10356.9 10351.7 10346.4 10342.2 10340.7 10340.3 10340.4 10339.6 10338.1 10335.9 10334.4 10333.2 10334.3 10340.6 10348.8 10353.9 10358.5 10361 10361.6 10362.8 10365.8 10365.3 10365.3 10369 10377.9 10386.9 10396 10406.2 10415.8 10416.9 10413.5 10412.3 10414.6 10411.9 10413.8 10417.8 10422.1 10428.3 10434 10439.9 10444.7 10445.9 10440.6
10399.3 10396.6 10394.5 10390 10384.8 10380.4 10378.9 10378.6 10382.3 10389.4 10393.6 10398.2 10401.7 10405.1 10403.6 10396.4 10388.7 10380.7 10372.5 10366.2 10364.5 10364.9 10365 10364.6 10362.8 10356.1 10348.3 10343.5 10341.8 10341 10339.3 10337.8 10336.1 10334.3 10334.5 10333.9 10335 10341.8 10348.7 10354 10360 10363.8 10365.7 10367.4 10368.9 10368.6 10368.6 10370.9 10375.9 10383.1 10392.3 10403.2 10416.2 10415.3 10408.4 10402.8 10394.7 10397.7 10406.9 10413.7 10419.9 10426 10432.7 10438.4 10444.8 10448.3 10444.7
10403.3 10398.2 10395 10391.4 10385.9 10380 10380.2 10386 10383.3 10386.1 10393.7 10399.3 10402.1 10402.7 10401.7 10396.2 10389.7 10382.9 10376.3 10370.1 10367.4 10367.6 10367.6 10367.3 10365.6 10358.1 10348.5 10342.1 10340.1 10340.2 10339 10336.8 10336.4 10335.4 10335.6 10336 10338 10345.4 10353 10359.1 10365 10368.4 10369.6 10370.7 10372.6 10371.7 10370 10371.2 10374 10379 10384.7 10391.7 10400.5 10401.8 10398.7 10394.5 10387.3 10393 10403.1 10410.6 10417.4 10423.4 10429.1 10435 10440.6 10446.7 10450.3
10403.3 10400 10398.8 10396.5 10389.7 10380.7 10380.2 10383 10383.2 10388.9 10396.1 10401.1 10404.4 10400.6 10399.2 10395.6 10390.7 10385.6 10380.7 10376 10372 10371 10369.9 10368.2 10366 10359.4 10351.4 10345.1 10342.2 10340.9 10338.3 10337.8 10337.2 10335.9 10336.5 10339.5 10344.9 10350.2 10359.5 10368.4 10375 10373.5 10372.3 10372.2 10372.5 10372.4 10371.3 10371.2 10372.2 10373.3 10374.8 10375.4 10377.2 10384.6 10388.2 10391 10398.8 10405.1 10403.1 10408.8 10415.7 10422.2 10427.3 10430.6 10432.6 10434.4 10429.6
10402.8 10400.8 10400.9 10404.1 10395.4 10388.6 10384.8 10382.9 10383.6 10392 10399.1 10402.4 10405.5 10403.9 10399.1 10395.9 10392.1 10388.2 10384.9 10382.7 10377.9 10375.3 10372.7 10369.4 10364.7 10362.3 10356.9 10349.4 10343.4 10340.8 10339.4 10339.1 10337.7 10335.1 10335.3 10337.1 10343.2 10350.9 10361.9 10384.1 10383.2 10373 10372.4 10372 10371.4 10372.6 10376.1 10371.8 10369.3 10367.9 10366.3 10364 10364.1 10373 10379.9 10384.4 10386.6 10387.4 10398.3 10407.9 10416.3 10423.2 10426.5 10427 10424.1 10417.1 10405.7
10404.8 10402.1 10400.4 10401.8 10397.7 10394.6 10392.3 10387.6 10381.8 10392.7 10399.3 10401.5 10405.7 10402.8 10399.8 10396.5 10393.3 10390.1 10387.2 10384 10382.5 10378.9 10375.3 10372.3 10370 10366.7 10363.1 10352.5 10341.9 10339.3 10339.7 10338.4 10337.4 10336.3 10334.9 10333.7 10339.3 10349.4 10355.5 10347.8 10345.6 10366.8 10371.7 10371.2 10368.8 10367.1 10367.5 10367.4 10365.2 10363.3 10361.3 10359.7 10362.1 10369.2 10376.2 10380.2 10380.1 10382.2 10397.5 10410.7 10420.6 10426.7 10429 10427.3 10420.4 10407.6 10395.5
10411 10404.9 10401.4 10398.4 10395.9 10393.4 10394 10389.3 10382.1 10386.2 10391.4 10397.6 10402.1 10404.2 10400 10396.9 10394.2 10391.1 10388.6 10386 10383.8 10380.4 10376.9 10372.7 10369.8 10369 10367.1 10354 10341.1 10340.1 10341 10340.1 10339.7 10339 10337.8 10337.7 10343.4 10352.5 10360.1 10364.5 10373.6 10377.1 10375.1 10371.6 10367.4 10364 10362.7 10362.5 10361 10359.1 10357.6 10359.1 10363.2 10370.1 10378 10384.5 10387.3 10389.2 10406.8 10419.9 10428.1 10432.8 10434.6 10433 10426.4 10413.5 10406.5
10414.8 10407.8 10401.5 10396.5 10395.5 10394.1 10395.6 10391.9 10387.4 10385.7 10388.5 10395.1 10400.3 10398.9 10399.1 10397.3 10395 10392.4 10389.9 10387.2 10383.2 10381 10378.5 10375.3 10371 10367 10364.6 10354.1 10345.2 10345.3 10345.2 10343.7 10343 10343 10343.1 10344 10349.9 10359.1 10370.6 10387.9 10400.4 10387.5 10378.3 10372 10367.2 10362.8 10361 10358.3 10356.9 10356 10355.9 10358 10364.4 10373.4 10383.8 10394.7 10405.5 10417.7 10426.9 10432.8 10437.1 10440.6 10442.6 10442.1 10441 10436.3 10432.5
10419.3 10411.1 10403.6 10397.5 10398.1 10397.3 10393.9 10392.4 10390 10388.5 10389.7 10395.6 10398.9 10398.4 10398.8 10397.1 10395.1 10393.2 10390.9 10388.4 10384.9 10381.7 10379.5 10377.5 10371.3 10362.5 10353.6 10351.8 10350.1 10351.3 10349.8 10347.8 10347.9 10348.7 10350.2 10352.3 10357.3 10364.5 10373.5 10383 10386.6 10383.2 10376.5 10370.3 10365.5 10363.5 10356.8 10354.8 10353.8 10354.3 10355.3 10357.7 10366 10376.9 10389.7 10404.6 10421.5 10443.6 10445.7 10444.5 10445.6 10447.6 10451.5 10456.3 10460.9 10467.3 10461.3
10424.7 10414.8 10407.1 10403.5 10400.6 10396.2 10395 10395.7 10394.4 10390.8 10390.2 10394.7 10398.5 10400.9 10399 10397.2 10395 10392.9 10390.8 10388.3 10384.1 10381.9 10379.8 10375.9 10370.2 10361.7 10354.2 10350.6 10349.8 10350.5 10350.1 10349.6 10350.2 10351.9 10356.1 10360.5 10362.8 10366.9 10372.3 10376.7 10378.1 10375.9 10372 10366.9 10360.7 10353.5 10352 10351.9 10352.1 10353.6 10356.9 10359.8 10369.2 10380.4 10393.8 10409.6 10425.4 10444.3 10449.1 10448.3 10448.7 10452.1 10458.3 10464.7 10474.6 10482.5 10476.5
10427.1 10416.8 10409.5 10412.1 10406.5 10400.1 10393.8 10393.3 10393 10391.6 10393 10392.2 10396 10399.7 10398.4 10396.4 10395 10393.4 10391.4 10389.6 10388.6 10380.6 10380.1 10378.2 10371.4 10362.7 10355.3 10351.1 10350 10349.9 10350.2 10350.7 10352.2 10354.6 10358.6 10362 10364.7 10367.4 10370.3 10371.5 10370.9 10370.2 10368.4 10364.2 10358.4 10353 10351.6 10351.5 10353.1 10355.2 10359.4 10366.7 10372.8 10383.9 10396.2 10407.1 10422.4 10437.4 10444.1 10445.4 10447.7 10453.5 10458.3 10469.5 10481.6 10489.7 10482.7
10426.7 10417.2 10406.6 10393.8 10404.6 10401.6 10394.4 10391.7 10390.9 10390.5 10388.8 10398.9 10395.1 10397.1 10397.7 10397.1 10395.6 10393.9 10390.8 10389 10385 10380.7 10380.7 10380.1 10372.7 10364.1 10356.6 10352.3 10351.4 10349.8 10349.6 10352 10353.5 10355.3 10358.8 10362.6 10364.2 10366.6 10368.1 10369.2 10367.2 10367.5 10367.4 10364.7 10359.1 10352.5 10352.4 10353.4 10356.1 10359.1 10361.8 10366.1 10376.1 10386.2 10396.3 10404.5 10414.5 10426.7 10433.6 10436.1 10441.7 10448.8 10456.4 10467.5 10480.8 10491.6 10482.2
10427.2 10419 10411.7 10411.2 10407 10398.3 10393.7 10392.7 10391.4 10391.6 10395 10397.7 10395.1 10397 10398.4 10399.5 10397.3 10396.2 10393.6 10388.2 10384 10380.7 10379.8 10378.1 10373.3 10367.4 10358.9 10350.7 10351.4 10352.1 10353.6 10354.4 10355.4 10355.4 10353.9 10357.5 10363 10366.1 10368.4 10368.7 10369.3 10369.6 10369.8 10369.1 10365.1 10358.3 10356.5 10357.4 10361.4 10366.2 10370 10375 10380.7 10387.7 10394.7 10399.9 10404.5 10408.5 10412.1 10421.7 10431.1 10438.1 10449.1 10460.6 10471 10476.4 10474.5
10428.8 10421.3 10414.7 10409 10401.6 10396.2 10391.5 10389.4 10390.6 10392.6 10394.2 10393 10398 10398.9 10400.2 10401.7 10402.3 10399.1 10396.8 10392.1 10385.9 10381.2 10380.5 10377.1 10373.3 10368.4 10361.6 10356.4 10354.3 10355 10356.9 10357.4 10358.8 10359.2 10356.5 10360.2 10365.6 10368.5 10369.2 10368.8 10369.1 10370.2 10373.4 10376.5 10377.4 10372.1 10363.2 10363.5 10367 10373.8 10384 10384 10385.8 10389.8 10393.5 10397 10397.5 10395.5 10396.5 10408.4 10421.3 10430.6 10441 10450.9 10460.1 10466.3 10467.4
10431 10424.3 10418.5 10412.6 10407.2 10398.9 10392.3 10389.2 10390.8 10393.7 10396.8 10396.2 10395.9 10398.6 10399.4 10400.6 10402.8 10406.1 10405.1 10400.8 10393.2 10386.3 10388.2 10381.1 10372.1 10364.9 10361.8 10360 10357.7 10356.7 10357.9 10359.8 10364.5 10369 10372.6 10371.1 10371.5 10370.9 10370.6 10370 10369.9 10372.4 10376.9 10383.8 10390.4 10389.5 10375.3 10370.8 10371.7 10374 10382.7 10385.6 10388.4 10391.9 10395.7 10395.7 10394.7 10391.9 10391.8 10402.6 10415.3 10424.8 10433.5 10440.1 10447 10454.3 10460.3
10433.8 10427.9 10421.9 10416.3 10410.9 10403.4 10395.9 10391.5 10392 10394.5 10397.8 10399.1 10396.8 10399.8 10402.9 10405.5 10408 10404.8 10406.9 10407.1 10405.8 10404.4 10382.4 10375.5 10366.4 10365.1 10363.6 10363.4 10360.7 10358.2 10354.7 10361.8 10371.6 10380.1 10385.2 10382.5 10378.3 10375.6 10373.4 10371.1 10368.8 10370 10378.1 10388.5 10397.2 10393.9 10379.9 10377.4 10377.4 10372.9 10367.7 10382 10390.9 10395.3 10398.8 10399.5 10397.6 10394.4 10392.2 10401.7 10413.9 10423.2 10428.9 10431.1 10430.6 10439.3 10452
10435.7 10430.9 10425.8 10420.4 10416.7 10410.2 10400.9 10394.9 10393.2 10394.3 10397.3 10401 10400 10400.1 10402 10404.5 10406.9 10409.9 10408.8 10410.5 10405.2 10335.6 10302.9 10332.3 10357.9 10367.8 10366 10364.5 10363.9 10363.6 10364.4 10370.7 10379.5 10387.8 10395 10389.3 10383.9 10379.8 10376.3 10373.3 10368.9 10366.2 10378.8 10392 10402.4 10399.6 10385.4 10385.6 10389.5 10391 10387.1 10392.9 10396.9 10400 10402.8 10405.4 10406.3 10405.3 10401 10412 10421.3 10427.3 10430 10430.1 10426.9 10435.6 10447.8
10437 10433.4 10429.7 10425.7 10420.7 10412.1 10403.1 10396.7 10393.9 10392.8 10393.3 10399 10399 10400.4 10402.9 10406.4 10408.2 10410.6 10412.5 10409.6 10405.1 10366.2 10327.8 10346.7 10362.9 10370.5 10367.6 10365 10367.1 10370.6 10376.7 10382.2 10386.2 10390.4 10391.7 10391.1 10387.1 10383.2 10380 10377.4 10374.5 10374.7 10383.9 10394.8 10403.7 10401.5 10396.3 10394.1 10400.4 10417.5 10421.9 10408 10404.7 10406.7 10409.6 10413.7 10418.4 10424.5 10431.5 10438.6 10436.3 10435.5 10435.5 10437.1 10443.2 10444.3 10450.2
10437.1 10435.2 10433.3 10430.7 10424 10415.9 10405.6 10398.6 10395.1 10392.3 10390 10392.4 10396.7 10400.4 10402.7 10404.6 10406.1 10409.5 10409.9 10408.4 10402.7 10390.2 10400.3 10381.7 10376.6 10375.4 10371.6 10368.4 10370.3 10375.1 10381.5 10386 10389.2 10394 10395.5 10391.8 10388.8 10385.8 10383.1 10382.2 10382.8 10386.5 10391 10395.8 10400.6 10398.9 10393 10393.5 10399.6 10410.1 10414.7 10411 10410 10411.8 10415.5 10421.1 10428.9 10440.7 10459.1 10461.3 10448.8 10443.6 10442.2 10443.4 10446 10450.8 10455.3
10437.5 10438.1 10437.6 10435.2 10431.8 10421.9 10411.1 10403.1 10397.8 10394 10391.4 10390.2 10397.6 10402.3 10405.2 10407.9 10409.7 10410 10408.5 10403.2 10394.3 10381.3 10392.4 10392.3 10387.4 10380.3 10372.4 10370.7 10372.7 10377.1 10382.2 10386.1 10387.9 10388.3 10390.1 10390 10388.2 10386.6 10385.5 10385.8 10388 10392.3 10394.3 10394 10393.3 10394.2 10392.8 10393.7 10393.8 10391.4 10400.4 10407.1 10411.3 10415.3 10420.7 10426.7 10435.5 10444.8 10454 10456.8 10451.5 10448.2 10447.1 10448.3 10453.1 10455.5 10460.5
10439.2 10440.2 10440.8 10441.4 10434.7 10424.3 10416 10407.3 10401 10397 10396 10393.8 10402.4 10402.7 10403.8 10405.3 10406.5 10400.9 10400.1 10395.5 10392.3 10389.5 10390 10394 10395.4 10387.8 10372.2 10371.2 10374.5 10378.8 10383 10386.1 10387.1 10386.2 10386.8 10386.9 10386.3 10385.3 10385.2 10386.3 10389 10393.6 10394.1 10389.9 10390.1 10392.5 10398.1 10400.6 10395 10390.7 10397.4 10405.3 10412.5 10418.4 10425 10431.9 10439 10444.7 10448 10448.8 10450 10450.6 10450.9 10450.8 10453.2 10460.2 10466.8
