real_craters/C105-750m.grd
DSAA
93 93
-34.3525 34.3525
-34.3525 34.3525
9387.9284439243 11278.109319907
[rows 0 to 25 of 93, columns 0 to 57 of 93]
1.04e+004 1.039e+004 1.039e+004 1.038e+004 1.038e+004 1.038e+004 1.038e+004 1.038e+004 1.037e+004 1.037e+004 1.037e+004 1.036e+004 1.037e+004 1.037e+004 1.037e+004 1.036e+004 1.036e+004 1.035e+004 1.035e+004 1.034e+004 1.034e+004 1.034e+004 1.035e+004 1.035e+004 1.035e+004 1.035e+004 1.035e+004 1.035e+004 1.036e+004 1.036e+004 1.037e+004 1.038e+004 1.039e+004 1.04e+004 1.041e+004 1.042e+004 1.043e+004 1.043e+004 1.043e+004 1.044e+004 1.044e+004 1.045e+004 1.045e+004 1.046e+004 1.046e+004 1.048e+004 1.049e+004 1.048e+004 1.048e+004 1.047e+004 1.047e+004 1.047e+004 1.046e+004 1.046e+004 1.045e+004 1.045e+004 1.045e+004 1.046e+004
1.04e+004 1.039e+004 1.039e+004 1.038e+004 1.038e+004 1.039e+004 1.039e+004 1.039e+004 1.038e+004 1.037e+004 1.036e+004 1.037e+004 1.037e+004 1.037e+004 1.036e+004 1.036e+004 1.036e+004 1.036e+004 1.035e+004 1.034e+004 1.033e+004 1.034e+004 1.034e+004 1.034e+004 1.035e+004 1.034e+004 1.034e+004 1.035e+004 1.035e+004 1.036e+004 1.037e+004 1.038e+004 1.039e+004 1.04e+004 1.041e+004 1.042e+004 1.043e+004 1.043e+004 1.043e+004 1.043e+004 1.044e+004 1.044e+004 1.045e+004 1.046e+004 1.047e+004 1.048e+004 1.048e+004 1.048e+004 1.047e+004 1.046e+004 1.046e+004 1.046e+004 1.045e+004 1.045e+004 1.045e+004 1.044e+004 1.044e+004 1.044e+004
1.04e+004 1.039e+004 1.039e+004 1.038e+004 1.038e+004 1.038e+004 1.039e+004 1.039e+004 1.039e+004 1.038e+004 1.038e+004 1.037e+004 1.037e+004 1.036e+004 1.036e+004 1.036e+004 1.036e+004 1.036e+004 1.034e+004 1.034e+004 1.033e+004 1.034e+004 1.034e+004 1.034e+004 1.034e+004 1.034e+004 1.034e+004 1.035e+004 1.035e+004 1.035e+004 1.037e+004 1.038e+004 1.04e+004 1.04e+004 1.041e+004 1.042e+004 1.043e+004 1.042e+004 1.042e+004 1.043e+004 1.043e+004 1.044e+004 1.045e+004 1.045e+004 1.046e+004 1.047e+004 1.046e+004 1.046e+004 1.046e+004 1.045e+004 1.045e+004 1.045e+004 1.045e+004 1.045e+004 1.044e+004 1.044e+004 1.043e+004 1.043e+004
1.04e+004 1.039e+004 1.039e+004 1.038e+004 1.038e+004 1.038e+004 1.039e+004 1.039e+004 1.04e+004 1.039e+004 1.038e+004 1.038e+004 1.037e+004 1.036e+004 1.036e+004 1.036e+004 1.036e+004 1.035e+004 1.034e+004 1.033e+004 1.034e+004 1.034e+004 1.034e+004 1.034e+004 1.034e+004 1.034e+004 1.034e+004 1.035e+004 1.035e+004 1.036e+004 1.037e+004 1.038e+004 1.039e+004 1.04e+004 1.041e+004 1.042e+004 1.042e+004 1.042e+004 1.042e+004 1.042e+004 1.043e+004 1.044e+004 1.044e+004 1.045e+004 1.045e+004 1.045e+004 1.045e+004 1.045e+004 1.045e+004 1.044e+004 1.044e+004 1.045e+004 1.045e+004 1.044e+004 1.044e+004 1.044e+004 1.043e+004 1.043e+004
1.04e+004 1.039e+004 1.039e+004 1.038e+004 1.038e+004 1.038e+004 1.039e+004 1.039e+004 1.04e+004 1.04e+004 1.039e+004 1.038e+004 1.036e+004 1.037e+004 1.036e+004 1.036e+004 1.035e+004 1.034e+004 1.034e+004 1.033e+004 1.035e+004 1.034e+004 1.034e+004 1.034e+004 1.034e+004 1.034e+004 1.034e+004 1.035e+004 1.035e+004 1.036e+004 1.037e+004 1.038e+004 1.039e+004 1.04e+004 1.04e+004 1.041e+004 1.041e+004 1.041e+004 1.041e+004 1.042e+004 1.043e+004 1.044e+004 1.044e+004 1.044e+004 1.044e+004 1.042e+004 1.043e+004 1.043e+004 1.043e+004 1.043e+004 1.043e+004 1.044e+004 1.044e+004 1.044e+004 1.044e+004 1.044e+004 1.043e+004 1.043e+004
1.04e+004 1.039e+004 1.039e+004 1.038e+004 1.038e+004 1.038e+004 1.039e+004 1.039e+004 1.04e+004 1.04e+004 1.039e+004 1.038e+004 1.038e+004 1.037e+004 1.037e+004 1.036e+004 1.035e+004 1.034e+004 1.034e+004 1.033e+004 1.034e+004 1.034e+004 1.034e+004 1.034e+004 1.034e+004 1.034e+004 1.036e+004 1.036e+004 1.036e+004 1.036e+004 1.036e+004 1.037e+004 1.038e+004 1.039e+004 1.04e+004 1.041e+004 1.041e+004 1.041e+004 1.042e+004 1.042e+004 1.042e+004 1.043e+004 1.044e+004 1.044e+004 1.044e+004 1.042e+004 1.04e+004 1.039e+004 1.04e+004 1.042e+004 1.043e+004 1.043e+004 1.043e+004 1.044e+004 1.044e+004 1.044e+004 1.044e+004 1.044e+004
1.04e+004 1.04e+004 1.039e+004 1.038e+004 1.038e+004 1.038e+004 1.039e+004 1.04e+004 1.04e+004 1.04e+004 1.04e+004 1.038e+004 1.037e+004 1.036e+004 1.036e+004 1.036e+004 1.036e+004 1.035e+004 1.034e+004 1.034e+004 1.034e+004 1.034e+004 1.034e+004 1.033e+004 1.033e+004 1.034e+004 1.035e+004 1.036e+004 1.036e+004 1.036e+004 1.037e+004 1.037e+004 1.037e+004 1.039e+004 1.04e+004 1.042e+004 1.041e+004 1.041e+004 1.041e+004 1.041e+004 1.042e+004 1.043e+004 1.044e+004 1.044e+004 1.044e+004 1.042e+004 1.04e+004 1.039e+004 1.04e+004 1.042e+004 1.043e+004 1.043e+004 1.043e+004 1.044e+004 1.044e+004 1.044e+004 1.045e+004 1.045e+004
1.04e+004 1.04e+004 1.039e+004 1.038e+004 1.038e+004 1.038e+004 1.039e+004 1.04e+004 1.04e+004 1.041e+004 1.04e+004 1.039e+004 1.037e+004 1.037e+004 1.037e+004 1.037e+004 1.037e+004 1.035e+004 1.034e+004 1.034e+004 1.034e+004 1.034e+004 1.033e+004 1.033e+004 1.033e+004 1.034e+004 1.035e+004 1.036e+004 1.037e+004 1.037e+004 1.037e+004 1.037e+004 1.037e+004 1.038e+004 1.04e+004 1.041e+004 1.041e+004 1.04e+004 1.039e+004 1.041e+004 1.042e+004 1.043e+004 1.043e+004 1.044e+004 1.045e+004 1.042e+004 1.04e+004 1.041e+004 1.042e+004 1.042e+004 1.043e+004 1.044e+004 1.044e+004 1.045e+004 1.045e+004 1.045e+004 1.045e+004 1.045e+004
1.04e+004 1.04e+004 1.04e+004 1.039e+004 1.038e+004 1.038e+004 1.039e+004 1.04e+004 1.04e+004 1.04e+004 1.04e+004 1.039e+004 1.038e+004 1.037e+004 1.037e+004 1.037e+004 1.037e+004 1.036e+004 1.035e+004 1.034e+004 1.034e+004 1.034e+004 1.034e+004 1.034e+004 1.034e+004 1.035e+004 1.037e+004 1.037e+004 1.037e+004 1.037e+004 1.037e+004 1.037e+004 1.037e+004 1.037e+004 1.038e+004 1.038e+004 1.039e+004 1.039e+004 1.041e+004 1.04e+004 1.041e+004 1.042e+004 1.043e+004 1.043e+004 1.044e+004 1.04e+004 1.04e+004 1.042e+004 1.043e+004 1.043e+004 1.044e+004 1.044e+004 1.045e+004 1.045e+004 1.045e+004 1.045e+004 1.045e+004 1.045e+004
1.04e+004 1.04e+004 1.04e+004 1.039e+004 1.039e+004 1.038e+004 1.039e+004 1.04e+004 1.04e+004 1.04e+004 1.04e+004 1.039e+004 1.039e+004 1.038e+004 1.038e+004 1.037e+004 1.037e+004 1.036e+004 1.035e+004 1.034e+004 1.034e+004 1.034e+004 1.034e+004 1.033e+004 1.034e+004 1.035e+004 1.037e+004 1.037e+004 1.037e+004 1.037e+004 1.037e+004 1.037e+004 1.037e+004 1.037e+004 1.036e+004 1.036e+004 1.038e+004 1.038e+004 1.038e+004 1.04e+004 1.041e+004 1.042e+004 1.043e+004 1.042e+004 1.04e+004 1.039e+004 1.04e+004 1.042e+004 1.044e+004 1.044e+004 1.044e+004 1.045e+004 1.045e+004 1.046e+004 1.046e+004 1.047e+004 1.046e+004 1.046e+004
1.041e+004 1.04e+004 1.04e+004 1.039e+004 1.039e+004 1.039e+004 1.039e+004 1.039e+004 1.04e+004 1.04e+004 1.04e+004 1.039e+004 1.039e+004 1.039e+004 1.038e+004 1.038e+004 1.037e+004 1.037e+004 1.036e+004 1.034e+004 1.034e+004 1.034e+004 1.034e+004 1.034e+004 1.034e+004 1.035e+004 1.036e+004 1.037e+004 1.038e+004 1.037e+004 1.036e+004 1.036e+004 1.036e+004 1.036e+004 1.036e+004 1.036e+004 1.037e+004 1.038e+004 1.039e+004 1.041e+004 1.042e+004 1.043e+004 1.043e+004 1.042e+004 1.041e+004 1.041e+004 1.042e+004 1.044e+004 1.045e+004 1.045e+004 1.045e+004 1.046e+004 1.046e+004 1.046e+004 1.047e+004 1.047e+004 1.048e+004 1.047e+004
1.042e+004 1.041e+004 1.04e+004 1.04e+004 1.039e+004 1.039e+004 1.039e+004 1.039e+004 1.04e+004 1.04e+004 1.04e+004 1.039e+004 1.039e+004 1.039e+004 1.038e+004 1.038e+004 1.037e+004 1.036e+004 1.035e+004 1.035e+004 1.035e+004 1.035e+004 1.035e+004 1.035e+004 1.035e+004 1.036e+004 1.038e+004 1.039e+004 1.038e+004 1.037e+004 1.037e+004 1.036e+004 1.036e+004 1.036e+004 1.036e+004 1.037e+004 1.038e+004 1.04e+004 1.042e+004 1.044e+004 1.044e+004 1.044e+004 1.045e+004 1.045e+004 1.045e+004 1.044e+004 1.045e+004 1.045e+004 1.045e+004 1.046e+004 1.046e+004 1.046e+004 1.047e+004 1.047e+004 1.047e+004 1.048e+004 1.048e+004 1.049e+004
1.042e+004 1.041e+004 1.04e+004 1.04e+004 1.039e+004 1.04e+004 1.039e+004 1.039e+004 1.04e+004 1.04e+004 1.04e+004 1.039e+004 1.039e+004 1.039e+004 1.038e+004 1.038e+004 1.037e+004 1.036e+004 1.035e+004 1.035e+004 1.035e+004 1.035e+004 1.035e+004 1.036e+004 1.036e+004 1.037e+004 1.038e+004 1.038e+004 1.037e+004 1.037e+004 1.036e+004 1.035e+004 1.035e+004 1.035e+004 1.036e+004 1.037e+004 1.039e+004 1.041e+004 1.044e+004 1.045e+004 1.045e+004 1.045e+004 1.046e+004 1.047e+004 1.048e+004 1.046e+004 1.045e+004 1.046e+004 1.046e+004 1.046e+004 1.046e+004 1.047e+004 1.047e+004 1.047e+004 1.047e+004 1.048e+004 1.048e+004 1.048e+004
1.043e+004 1.041e+004 1.04e+004 1.041e+004 1.039e+004 1.039e+004 1.039e+004 1.039e+004 1.04e+004 1.04e+004 1.04e+004 1.039e+004 1.039e+004 1.039e+004 1.038e+004 1.038e+004 1.037e+004 1.036e+004 1.035e+004 1.035e+004 1.035e+004 1.035e+004 1.035e+004 1.036e+004 1.036e+004 1.037e+004 1.037e+004 1.037e+004 1.037e+004 1.036e+004 1.035e+004 1.035e+004 1.035e+004 1.036e+004 1.036e+004 1.038e+004 1.039e+004 1.041e+004 1.043e+004 1.044e+004 1.044e+004 1.045e+004 1.046e+004 1.048e+004 1.049e+004 1.047e+004 1.046e+004 1.046e+004 1.046e+004 1.046e+004 1.046e+004 1.047e+004 1.048e+004 1.048e+004 1.048e+004 1.048e+004 1.048e+004 1.049e+004
1.043e+004 1.041e+004 1.041e+004 1.04e+004 1.039e+004 1.039e+004 1.039e+004 1.04e+004 1.039e+004 1.04e+004 1.04e+004 1.04e+004 1.039e+004 1.039e+004 1.038e+004 1.038e+004 1.037e+004 1.036e+004 1.035e+004 1.035e+004 1.035e+004 1.035e+004 1.036e+004 1.035e+004 1.036e+004 1.037e+004 1.037e+004 1.037e+004 1.037e+004 1.037e+004 1.036e+004 1.036e+004 1.036e+004 1.037e+004 1.037e+004 1.038e+004 1.039e+004 1.04e+004 1.041e+004 1.042e+004 1.043e+004 1.044e+004 1.046e+004 1.047e+004 1.048e+004 1.047e+004 1.045e+004 1.046e+004 1.045e+004 1.047e+004 1.048e+004 1.048e+004 1.048e+004 1.048e+004 1.048e+004 1.048e+004 1.049e+004 1.049e+004
1.043e+004 1.042e+004 1.041e+004 1.04e+004 1.039e+004 1.039e+004 1.039e+004 1.04e+004 1.04e+004 1.04e+004 1.04e+004 1.04e+004 1.04e+004 1.039e+004 1.038e+004 1.038e+004 1.037e+004 1.037e+004 1.036e+004 1.036e+004 1.036e+004 1.036e+004 1.036e+004 1.036e+004 1.037e+004 1.037e+004 1.037e+004 1.037e+004 1.037e+004 1.038e+004 1.038e+004 1.037e+004 1.037e+004 1.038e+004 1.039e+004 1.039e+004 1.039e+004 1.04e+004 1.039e+004 1.04e+004 1.041e+004 1.043e+004 1.044e+004 1.046e+004 1.046e+004 1.047e+004 1.048e+004 1.048e+004 1.049e+004 1.049e+004 1.048e+004 1.049e+004 1.049e+004 1.049e+004 1.049e+004 1.049e+004 1.049e+004 1.049e+004
1.043e+004 1.042e+004 1.042e+004 1.041e+004 1.04e+004 1.039e+004 1.039e+004 1.04e+004 1.04e+004 1.04e+004 1.04e+004 1.04e+004 1.041e+004 1.041e+004 1.04e+004 1.04e+004 1.037e+004 1.036e+004 1.036e+004 1.036e+004 1.036e+004 1.036e+004 1.038e+004 1.038e+004 1.038e+004 1.037e+004 1.037e+004 1.037e+004 1.038e+004 1.039e+004 1.04e+004 1.038e+004 1.038e+004 1.037e+004 1.038e+004 1.039e+004 1.04e+004 1.04e+004 1.039e+004 1.039e+004 1.041e+004 1.042e+004 1.043e+004 1.043e+004 1.045e+004 1.046e+004 1.048e+004 1.048e+004 1.048e+004 1.048e+004 1.049e+004 1.05e+004 1.05e+004 1.05e+004 1.05e+004 1.05e+004 1.05e+004 1.05e+004
1.044e+004 1.043e+004 1.042e+004 1.042e+004 1.04e+004 1.039e+004 1.039e+004 1.04e+004 1.04e+004 1.04e+004 1.04e+004 1.041e+004 1.041e+004 1.041e+004 1.035e+004 1.03e+004 1.035e+004 1.037e+004 1.036e+004 1.037e+004 1.037e+004 1.038e+004 1.039e+004 1.039e+004 1.039e+004 1.038e+004 1.038e+004 1.037e+004 1.038e+004 1.04e+004 1.04e+004 1.039e+004 1.039e+004 1.04e+004 1.04e+004 1.04e+004 1.04e+004 1.041e+004 1.041e+004 1.041e+004 1.042e+004 1.043e+004 1.043e+004 1.043e+004 1.044e+004 1.046e+004 1.046e+004 1.047e+004 1.047e+004 1.048e+004 1.05e+004 1.051e+004 1.051e+004 1.051e+004 1.051e+004 1.051e+004 1.051e+004 1.051e+004
1.044e+004 1.043e+004 1.043e+004 1.042e+004 1.041e+004 1.04e+004 1.039e+004 1.039e+004 1.04e+004 1.04e+004 1.04e+004 1.041e+004 1.041e+004 1.041e+004 1.04e+004 1.039e+004 1.037e+004 1.037e+004 1.037e+004 1.037e+004 1.038e+004 1.039e+004 1.039e+004 1.039e+004 1.039e+004 1.038e+004 1.038e+004 1.038e+004 1.039e+004 1.04e+004 1.04e+004 1.039e+004 1.04e+004 1.042e+004 1.041e+004 1.041e+004 1.041e+004 1.042e+004 1.043e+004 1.046e+004 1.045e+004 1.044e+004 1.044e+004 1.045e+004 1.045e+004 1.046e+004 1.047e+004 1.048e+004 1.05e+004 1.051e+004 1.052e+004 1.052e+004 1.052e+004 1.052e+004 1.052e+004 1.052e+004 1.052e+004 1.051e+004
1.044e+004 1.044e+004 1.044e+004 1.043e+004 1.041e+004 1.04e+004 1.04e+004 1.039e+004 1.04e+004 1.04e+004 1.041e+004 1.041e+004 1.04e+004 1.04e+004 1.039e+004 1.039e+004 1.039e+004 1.038e+004 1.037e+004 1.037e+004 1.038e+004 1.039e+004 1.039e+004 1.039e+004 1.039e+004 1.039e+004 1.039e+004 1.039e+004 1.039e+004 1.039e+004 1.039e+004 1.039e+004 1.039e+004 1.039e+004 1.04e+004 1.041e+004 1.042e+004 1.043e+004 1.044e+004 1.045e+004 1.045e+004 1.045e+004 1.045e+004 1.045e+004 1.046e+004 1.047e+004 1.048e+004 1.05e+004 1.052e+004 1.053e+004 1.054e+004 1.053e+004 1.053e+004 1.053e+004 1.053e+004 1.052e+004 1.052e+004 1.051e+004
1.044e+004 1.044e+004 1.044e+004 1.043e+004 1.042e+004 1.041e+004 1.04e+004 1.04e+004 1.04e+004 1.04e+004 1.04e+004 1.04e+004 1.04e+004 1.04e+004 1.039e+004 1.039e+004 1.04e+004 1.039e+004 1.037e+004 1.038e+004 1.038e+004 1.039e+004 1.039e+004 1.039e+004 1.039e+004 1.038e+004 1.038e+004 1.039e+004 1.039e+004 1.038e+004 1.039e+004 1.04e+004 1.04e+004 1.039e+004 1.041e+004 1.042e+004 1.043e+004 1.044e+004 1.044e+004 1.045e+004 1.045e+004 1.045e+004 1.046e+004 1.046e+004 1.047e+004 1.048e+004 1.049e+004 1.05e+004 1.053e+004 1.055e+004 1.055e+004 1.054e+004 1.054e+004 1.054e+004 1.053e+004 1.053e+004 1.053e+004 1.052e+004
1.044e+004 1.044e+004 1.044e+004 1.042e+004 1.041e+004 1.041e+004 1.04e+004 1.04e+004 1.04e+004 1.04e+004 1.04e+004 1.04e+004 1.04e+004 1.04e+004 1.04e+004 1.039e+004 1.04e+004 1.038e+004 1.037e+004 1.038e+004 1.039e+004 1.039e+004 1.039e+004 1.038e+004 1.038e+004 1.038e+004 1.038e+004 1.038e+004 1.037e+004 1.036e+004 1.037e+004 1.04e+004 1.041e+004 1.041e+004 1.042e+004 1.043e+004 1.044e+004 1.044e+004 1.045e+004 1.045e+004 1.046e+004 1.046e+004 1.047e+004 1.048e+004 1.048e+004 1.05e+004 1.051e+004 1.052e+004 1.054e+004 1.055e+004 1.056e+004 1.055e+004 1.055e+004 1.054e+004 1.054e+004 1.054e+004 1.054e+004 1.054e+004
1.044e+004 1.044e+004 1.044e+004 1.043e+004 1.041e+004 1.041e+004 1.041e+004 1.04e+004 1.04e+004 1.04e+004 1.04e+004 1.04e+004 1.041e+004 1.041e+004 1.04e+004 1.039e+004 1.039e+004 1.038e+004 1.037e+004 1.038e+004 1.038e+004 1.039e+004 1.038e+004 1.037e+004 1.037e+004 1.038e+004 1.037e+004 1.037e+004 1.037e+004 1.035e+004 1.036e+004 1.039e+004 1.041e+004 1.042e+004 1.043e+004 1.044e+004 1.045e+004 1.045e+004 1.046e+004 1.046e+004 1.047e+004 1.047e+004 1.047e+004 1.048e+004 1.05e+004 1.051e+004 1.053e+004 1.055e+004 1.055e+004 1.057e+004 1.056e+004 1.056e+004 1.055e+004 1.055e+004 1.055e+004 1.055e+004 1.055e+004 1.055e+004
1.044e+004 1.044e+004 1.044e+004 1.042e+004 1.041e+004 1.041e+004 1.041e+004 1.041e+004 1.041e+004 1.041e+004 1.04e+004 1.04e+004 1.041e+004 1.041e+004 1.041e+004 1.039e+004 1.039e+004 1.038e+004 1.037e+004 1.037e+004 1.037e+004 1.036e+004 1.036e+004 1.037e+004 1.037e+004 1.037e+004 1.037e+004 1.037e+004 1.037e+004 1.035e+004 1.037e+004 1.039e+004 1.043e+004 1.044e+004 1.044e+004 1.045e+004 1.045e+004 1.046e+004 1.047e+004 1.048e+004 1.048e+004 1.048e+004 1.049e+004 1.05e+004 1.051e+004 1.053e+004 1.055e+004 1.056e+004 1.056e+004 1.055e+004 1.056e+004 1.056e+004 1.056e+004 1.056e+004 1.056e+004 1.056e+004 1.057e+004 1.057e+004
1.043e+004 1.043e+004 1.042e+004 1.041e+004 1.041e+004 1.04e+004 1.04e+004 1.04e+004 1.04e+004 1.04e+004 1.04e+004 1.04e+004 1.04e+004 1.04e+004 1.039e+004 1.038e+004 1.038e+004 1.039e+004 1.038e+004 1.038e+004 1.037e+004 1.036e+004 1.036e+004 1.036e+004 1.037e+004 1.037e+004 1.037e+004 1.037e+004 1.037e+004 1.036e+004 1.038e+004 1.04e+004 1.043e+004 1.045e+004 1.046e+004 1.046e+004 1.047e+004 1.048e+004 1.049e+004 1.049e+004 1.05e+004 1.051e+004 1.051e+004 1.052e+004 1.053e+004 1.054e+004 1.055e+004 1.056e+004 1.056e+004 1.055e+004 1.055e+004 1.056e+004 1.057e+004 1.058e+004 1.058e+004 1.058e+004 1.058e+004 1.059e+004
1.042e+004 1.042e+004 1.041e+004 1.04e+004 1.04e+004 1.04e+004 1.039e+004 1.039e+004 1.04e+004 1.04e+004 1.04e+004 1.04e+004 1.04e+004 1.04e+004 1.039e+004 1.038e+004 1.039e+004 1.038e+004 1.038e+004 1.038e+004 1.037e+004 1.036e+004 1.036e+004 1.036e+004 1.037e+004 1.037e+004 1.038e+004 1.038e+004 1.038e+004 1.039e+004 1.039e+004 1.041e+004 1.042e+004 1.045e+004 1.046e+004 1.048e+004 1.049e+004 1.05e+004 1.05e+004 1.051e+004 1.052e+004 1.054e+004 1.056e+004 1.055e+004 1.055e+004 1.056e+004 1.056e+004 1.056e+004 1.056e+004 1.055e+004 1.056e+004 1.057e+004 1.058e+004 1.059e+004 1.06e+004 1.061e+004 1.061e+004 1.061e+004
