real_craters/C105-300m.grd
DSAA
230 230
-34.3525 34.3525
-34.3525 34.3525
9384.5315258729 11282.001306475
[rows 0 to 29 of 230, columns 134 to 200 of 230]
10453.8 10452.3 10450.8 10450 10451.3 10450.6 10457.1 10457.5 10459.7 10455.1 10450.6 10445.4 10441.6 10435.5 10429.9 10424.2 10421.7 10429.1 10445.4 10465.2 10487.2 10510.2 10529.7 10534.1 10517.3 10498.3 10490.6 10487.9 10489.4 10494 10511.9 10528.4 10543 10553.3 10554.5 10549.7 10545.3 10545.5 10548.9 10552.2 10550.5 10547.1 10548.8 10559.3 10572.8 10589.7 10608 10628.8 10653.8 10683.9 10724.6 10795.6 10822.5 10850.1 10855.7 10853.2 10855.6 10859.2 10856.5 10844.2 10833.5 10833.3 10837.4 10840.1 10849 10850.9 10849.3
10450.4 10447.8 10447.5 10446 10444.6 10443.2 10445.7 10445 10452.7 10450.9 10445.9 10440.6 10433.6 10427.6 10422 10418.3 10417.4 10425.5 10443.8 10466.2 10490.3 10513.4 10529.8 10535.1 10532.4 10520.7 10504.7 10492.4 10482.5 10477.7 10498.5 10521.7 10541.8 10557.8 10564.5 10564.1 10560.7 10556.6 10554.8 10553.4 10550.4 10544.8 10548.1 10559.6 10574.9 10592.5 10611.5 10632.4 10655.2 10679.4 10706.9 10763.7 10818.2 10857.9 10880.2 10882.7 10888.7 10896.9 10898.1 10877.4 10861.6 10854.2 10855 10862.6 10862.5 10861.7 10864.8
10450.1 10446.3 10444.8 10443.6 10442.2 10440.4 10440.4 10438.8 10442.7 10439.6 10439.7 10434.8 10429.8 10424.4 10419.6 10415.9 10415.4 10423.6 10443 10466.4 10490.9 10513.9 10530.3 10537.4 10540.6 10532.1 10515.2 10498.4 10483.2 10475.3 10496.2 10519.9 10541.6 10559.7 10569.3 10569.9 10568.1 10564.2 10559.5 10554.4 10549.5 10543.5 10549.2 10563 10579.3 10597.4 10616.9 10637.4 10657.3 10678.3 10699.6 10744.1 10802.3 10848.9 10879.1 10898.4 10910.4 10917 10913.3 10897.5 10879.4 10869.3 10869.8 10876.8 10875.4 10877.9 10888.5
10445.7 10445.8 10444.7 10441.7 10439.7 10438.3 10437.5 10435.3 10434.6 10431.9 10429.7 10428.2 10424.4 10419.9 10417.4 10415.7 10416.4 10424 10443.5 10467.1 10490.8 10511.5 10528.2 10539.8 10545.7 10538.3 10523.2 10507.2 10493.2 10487.9 10504.5 10524.8 10544 10559.2 10569.5 10575.9 10575.7 10571.1 10564.1 10555.3 10547.6 10544.2 10553 10569.4 10588.1 10606.3 10626.5 10646.9 10667.5 10689.1 10711.8 10744.9 10797.4 10846.5 10881.4 10910 10927 10935.8 10929.8 10913.2 10894.2 10882.2 10881 10884.1 10897.5 10917.5 10922.2
10444.4 10443.5 10441.4 10442 10440.5 10436.6 10435.5 10432.7 10430.6 10430.9 10425.5 10423.6 10422.3 10420.5 10419.2 10418.9 10419.9 10426 10446.2 10469.6 10492.3 10512.7 10527.5 10538 10545.1 10540.8 10529.5 10517.8 10510.1 10510 10519.2 10534.5 10550.3 10564.3 10577.3 10587 10585.3 10579.3 10570.1 10560 10549.4 10549.2 10561.8 10579.2 10598 10617.7 10637.4 10659.3 10682.5 10708.6 10735.4 10766 10811.4 10862.4 10899.9 10923.6 10941.4 10951.9 10946.4 10928 10908.3 10895.6 10896.2 10899.5 10918.3 10948.5 10954.6
10442.8 10439.7 10438.8 10437.9 10435.2 10434.5 10433.7 10430.1 10426.9 10427.3 10426.2 10425.2 10423.1 10423.3 10424.5 10426.5 10428.8 10433.9 10453.8 10474.1 10493.8 10512.4 10524.8 10535.1 10542.7 10540.3 10533.3 10526.8 10524.3 10526.7 10534.3 10546.4 10560.1 10572.5 10584.6 10596.2 10594.9 10589 10579.8 10570.1 10562 10562.6 10576 10593.4 10612.5 10631.6 10651.5 10672.1 10695.6 10727.5 10775.9 10798.1 10836.7 10881.8 10915.3 10936.2 10952.8 10961.3 10957.2 10942.6 10924.4 10912.1 10922.8 10937.5 10956.7 10973.8 10984.5
10438.3 10437.9 10437.2 10434.3 10433.6 10433.6 10431 10431.4 10428.6 10426 10426 10426.4 10424.2 10426.7 10431.7 10437.4 10444.6 10456.4 10467.7 10479.9 10493.1 10506.3 10517.9 10528.3 10537.8 10537.4 10535.1 10533.2 10533.5 10538.5 10547.9 10559.7 10572.4 10582.6 10590.2 10601.2 10605.2 10602 10593.8 10585.3 10578.2 10581.9 10595.1 10612.1 10630 10649.2 10666.3 10683.8 10703.1 10726.1 10757.8 10811.4 10858.4 10890.5 10920 10943.4 10961.7 10972.7 10970.7 10960.8 10947.5 10937.8 10960.2 10991.8 11020 11026.3 11020.7
10437.9 10437.6 10437.2 10434.1 10433.6 10434.6 10431.7 10431.3 10429 10424.3 10425.6 10427.4 10426.7 10431 10438.7 10446.8 10457.5 10471.9 10478.6 10484 10491.4 10499.5 10509.6 10517.5 10523.1 10532 10536.2 10538.6 10540.5 10548.9 10560.9 10573.8 10587.4 10598.8 10604.6 10614.1 10621.1 10617.7 10610.8 10603.2 10596.4 10602.7 10618.7 10634.8 10652.3 10667.3 10683.5 10698.4 10712.5 10723.9 10748 10805.4 10853.2 10880.6 10915.8 10947.6 10965.7 10981.8 10984.9 10982.5 10978.9 10978.5 11002.8 11035.5 11066.1 11066.3 11051.7
10441 10440.8 10436 10435.7 10435.4 10430.4 10430.6 10429.9 10426.3 10423.2 10426.1 10426.1 10430.2 10435.4 10444.5 10453.2 10463.3 10474.2 10480.5 10484.4 10489.2 10495.4 10502.8 10511.6 10522.7 10530 10537.6 10544.5 10551.1 10560.9 10573.1 10586.8 10601.4 10620.5 10640.9 10648.3 10644.2 10636.2 10628.8 10622.8 10619.4 10630.3 10646.4 10661.3 10675.4 10688.5 10702.6 10716.6 10729.9 10739.8 10760.5 10801 10835.1 10867.4 10898.9 10929.5 10959.7 10983.7 10996.6 11004.4 11012.5 11027.2 11041.8 11057.5 11064.2 11063.5 11064.3
10441.4 10436.4 10436.1 10436.1 10431.4 10431.7 10432.4 10431.8 10428.1 10425.1 10428.7 10429.8 10434 10439.3 10445.4 10456.2 10464.2 10472 10477.9 10481.8 10484.4 10489.1 10495.6 10503.8 10514.7 10525.9 10538.5 10551.1 10562 10572.3 10583 10595.8 10610 10631.9 10666.1 10678.8 10662 10651 10644.8 10641.7 10641.7 10661 10677.2 10687.2 10697.7 10708.6 10721.6 10736.3 10755.8 10775.1 10792.6 10810.7 10826.9 10847.1 10883.8 10914.4 10955.1 10986.5 11007.2 11023.4 11039.1 11055.8 11068.3 11073.7 11076 11072.7 11071.5
10437.5 10437.7 10436.4 10434.1 10434.4 10434.4 10434.9 10432 10431.4 10430.1 10430.3 10433.5 10436.7 10441.6 10447.3 10456.9 10463 10470.5 10476.8 10478.9 10481.3 10484.3 10488.9 10492.5 10502.5 10519.9 10538.1 10556.4 10572.9 10580.1 10588.4 10599.3 10609.2 10623.9 10642.3 10663.2 10660.1 10656.7 10656.7 10659.8 10665.2 10701.6 10708.4 10709.1 10716.3 10723.4 10734.9 10750.7 10776 10814.9 10825.9 10829.3 10839.7 10859.8 10891.7 10922 10961.3 10993.3 11017.2 11038.2 11058 11078.7 11088.9 11085.1 11081 11077.9 11072.8
10438.6 10439 10439.5 10438 10438.5 10437.4 10435.9 10434.8 10434.7 10433.6 10434 10436.8 10440.2 10444.1 10448.5 10456.2 10460.3 10465.9 10470.2 10473.5 10479.6 10482.3 10485.1 10490.3 10502.2 10517.3 10534.4 10555.1 10573.7 10580.5 10587.9 10597.2 10604.3 10611.9 10613.7 10635.3 10645.9 10653.1 10662.7 10676.8 10696.1 10735.3 10731.1 10725.2 10726.2 10730.2 10740.1 10755.6 10777.6 10804.9 10828.8 10844.6 10860.6 10883.3 10916.7 10956.2 10979.2 11001.4 11026.6 11049.5 11070.3 11087.7 11094.3 11089.4 11078.4 11075.2 11069.8
10439.6 10440.3 10439 10439.6 10440.2 10437.5 10438.1 10438.4 10439 10436.1 10440.3 10442.3 10444.6 10447 10449.7 10455.1 10456.6 10458.5 10459 10463.9 10468.5 10473.9 10480.1 10487.8 10493.7 10504.9 10525.3 10547.2 10563 10574.2 10581.8 10590.4 10598.4 10611.2 10619.1 10619 10629.1 10642.3 10659.4 10683.6 10718 10733.7 10732.4 10727 10727.2 10731.2 10739.6 10752.2 10768.6 10789.7 10826.3 10859.2 10885.8 10910.7 10940.9 10970.7 10991.7 11012.5 11036.2 11058.7 11079.5 11095.7 11101.3 11093.2 11077.9 11071.7 11067.5
10439.2 10440.3 10441.3 10442.1 10442.9 10440.5 10441.1 10441.3 10442.2 10438.4 10444.4 10445.7 10447.1 10448.4 10449.9 10454.3 10454.2 10454.1 10455.5 10456.5 10457.9 10464.9 10472.5 10479.5 10480.1 10487.5 10511.8 10541.7 10559.3 10563.9 10570.6 10577.5 10587 10601.5 10613.9 10603 10609.3 10625.3 10645.6 10669.2 10691.6 10711.7 10715.7 10717.3 10721.1 10727.5 10736.9 10748.5 10762.8 10785.5 10832.4 10879.4 10921.2 10945.1 10961.6 10977.9 10996.5 11021.2 11046.1 11068.1 11087.4 11103.4 11112.6 11097.2 11077.3 11065.6 11062
10438.4 10440.3 10441.2 10442.1 10442.7 10443.4 10443.8 10444.2 10443.3 10441.8 10447.4 10448.1 10449.2 10450.3 10453.1 10454 10451.3 10450.3 10450.5 10451.5 10453.7 10458.9 10464.5 10468.8 10470 10475.9 10496.8 10516.8 10536 10548.6 10556.4 10561.4 10566.9 10571.6 10574.2 10573.5 10585.2 10604.1 10625.2 10647.2 10666.9 10675.9 10688.4 10701 10711.7 10722.1 10733.6 10746.5 10763.1 10794 10844.2 10899.6 10952.1 10967.2 10981.7 10993.6 11007.3 11033.8 11057.6 11076.5 11091.9 11103.4 11110.1 11094.7 11075.2 11059.4 11053.1
10441.4 10442.9 10444 10442.8 10443.7 10444.9 10445.5 10447.7 10447.3 10445.7 10453.3 10453.2 10455.3 10454.9 10453.3 10453.1 10448.7 10446.5 10445.1 10447.2 10451.5 10455.6 10459.9 10463.7 10467.7 10473.9 10490.8 10502.1 10520.8 10534.8 10541.9 10544.9 10545.8 10543.8 10543.7 10548.7 10563.5 10583.3 10603.4 10622.2 10639.3 10654 10669.4 10685.4 10700.1 10715 10730.1 10746.7 10766.1 10801.4 10857 10914.8 10963.1 10985.3 11005.4 11021.7 11035.8 11056 11073 11085.9 11094.9 11098.3 11093.7 11085.2 11073.7 11061.2 11046.2
10445.9 10445.1 10446.2 10445.2 10446.1 10447.3 10449.9 10450.7 10450.3 10448.2 10449.5 10458.8 10457.4 10455.5 10452.9 10450.6 10446.6 10444 10441.5 10443.5 10449.4 10454.9 10460.2 10466.4 10473.6 10482.3 10499.8 10515.4 10522 10527.1 10530.2 10530.6 10529.4 10526.7 10527.7 10534.4 10548.1 10566.6 10585 10601.5 10617.9 10637.5 10655.8 10671.6 10689.6 10708.4 10728.1 10750 10775.6 10814.6 10868.4 10926.7 10983.2 11011.5 11029 11052.1 11074.8 11081.9 11089.4 11094.9 11097.7 11095.2 11084.8 11076.2 11068.1 11060.6 11029.3
10449.9 10449.6 10450.7 10448.7 10449.8 10450.9 10451.7 10452.2 10451.8 10449.9 10452.4 10457.5 10454.5 10454.7 10453 10451 10448.1 10445.2 10442.3 10444.6 10451.4 10457.7 10463.4 10472.3 10484.5 10499.4 10513.5 10530.5 10523.6 10521.5 10520.9 10520.2 10518.7 10517 10519.3 10526.2 10538.5 10555 10572.3 10589.8 10605.1 10620.8 10637.3 10658.6 10681 10703.4 10727.6 10754.7 10787.2 10826.4 10874.1 10926.9 10985 11012.2 11036.5 11064.9 11089.7 11099.2 11103.8 11104.9 11102.9 11096.2 11085.3 11070.1 11051 11028.8 10995.6
10452.9 10452.6 10453.6 10451.2 10451.9 10452.6 10453.3 10453.5 10453 10452.6 10453.5 10456.1 10455.3 10455 10452.7 10452.2 10451.2 10449.7 10448.3 10451 10458.6 10464.8 10470 10480 10494.2 10510.7 10515.8 10513.5 10515.9 10514.6 10513.9 10513.2 10512.1 10511.8 10515.3 10522.4 10533.4 10548.5 10564.4 10580.2 10595.6 10610.1 10623.5 10650.6 10675.9 10701.3 10728 10758.7 10792.1 10831.5 10873.9 10914.8 10950.6 10995.7 11029.9 11061.9 11093.9 11109.3 11114.6 11114.2 11109.1 11099.3 11085.4 11062.9 11028.6 10990.6 10963.2
10452.7 10452.9 10453.6 10451.1 10451.9 10451.3 10452 10452.2 10452.1 10452.1 10454.2 10457.3 10455.5 10456 10455.9 10454.4 10455.6 10456.1 10457.9 10462.9 10469.2 10475.5 10481.7 10489.3 10498.6 10507.4 10507.9 10504.7 10506.6 10507.6 10508 10508 10508.3 10509.8 10514.3 10521.5 10532 10546.4 10561.5 10576.8 10592.6 10609.9 10631 10651.2 10674.7 10700.9 10728.6 10761.1 10799.5 10834.8 10873.8 10912 10950.8 10991.1 11024.6 11053.3 11091.6 11115.1 11123.7 11123.5 11116.3 11102.5 11081.9 11052.9 11009.3 10965.4 10938.2
10455 10452.9 10453.5 10451.6 10452.2 10454.1 10450.4 10448.9 10448.6 10449.2 10451.2 10455.1 10453.1 10456.2 10456.9 10458.1 10460.7 10462.7 10466.7 10473.4 10478.4 10485.3 10493.7 10496.4 10499.3 10501.7 10500.1 10498.2 10500 10501.9 10503.2 10504.5 10506.3 10509.8 10515.6 10523.7 10534.7 10548.9 10563.8 10578.8 10595.4 10613.1 10634.1 10653.9 10676.3 10701.2 10729.3 10760.3 10795.5 10836 10876.4 10915.2 10954.9 10994.7 11024.8 11047.6 11086 11118.1 11133.1 11135.2 11127 11109.2 11079.5 11037.2 11000.7 10955.8 10925.4
10457.1 10456.1 10456.9 10453.6 10454.9 10455.8 10449.6 10449.3 10449 10447.7 10451 10453.1 10454.1 10455.3 10456.3 10458.7 10463.9 10467 10471.5 10476.7 10481.6 10488.5 10496.7 10497.1 10497.4 10497.6 10495.1 10492.9 10495.2 10497.9 10500.6 10503 10506 10510.3 10518.3 10527.9 10540.3 10555.1 10571.4 10587.6 10602.5 10618.3 10636.2 10656.1 10678.9 10704.1 10731.4 10761 10796.7 10839.9 10883.5 10923 10962.9 11002 11029.7 11050.4 11089.8 11128.2 11148.5 11151.3 11142.3 11124.5 11096 11052.7 11016.5 10965.5 10926.4
10461 10462.1 10462.8 10463.4 10465 10463.4 10457.6 10457.3 10452.8 10452 10454.7 10452 10453.6 10455.2 10457.5 10460.5 10465.3 10469.6 10474.3 10476.3 10480.6 10485.6 10489.3 10492.6 10493.7 10493.7 10490.9 10490 10492.7 10496.3 10500 10503.9 10508.5 10514.3 10523 10533.5 10545.8 10564.4 10583 10597.7 10613.6 10626.7 10641.4 10660.5 10684.2 10710.3 10737.5 10765.9 10802.7 10849.3 10895.9 10943.7 10981.4 11014.4 11040.5 11062.6 11115.8 11161.9 11173.6 11172.6 11162.1 11146.6 11126.3 11109 11050.6 10991.5 10946.3
10466.3 10466.4 10468.4 10469 10470.4 10470.7 10464.8 10463.7 10459.6 10460.4 10460.6 10460 10461 10457.1 10458.4 10461.9 10467.7 10472.1 10477 10481.1 10481.7 10482.7 10484.9 10487.9 10489.8 10490.8 10489.9 10489.6 10491.8 10496 10500.6 10505.9 10511.9 10519.7 10528.9 10540.9 10556.3 10578.8 10604.2 10621.5 10629.4 10638.4 10650.9 10668.9 10693.2 10720.6 10749.7 10779.4 10817.5 10864 10909.6 10953.6 10994.8 11029.9 11057 11084.3 11144.6 11192.1 11198.3 11192.7 11180.9 11164.7 11146.2 11120.6 11071.5 11012.5 10962.1
10463.8 10467.2 10471 10471.8 10472.4 10473.9 10468.3 10468.8 10469.1 10469.5 10464 10466.7 10471.1 10464.1 10464.8 10466.8 10468.7 10472.2 10476.3 10478.9 10479.4 10480.3 10481.7 10484.2 10486.1 10487.9 10491.8 10489 10492 10496.7 10502.3 10508.1 10514.3 10523 10534.1 10548 10567.2 10591.7 10621.2 10639.5 10644.3 10651.4 10662.8 10680 10705.5 10734.8 10766.8 10802.7 10840.6 10883 10927.6 10964.6 11012.7 11051.6 11081.9 11113.7 11166.8 11206 11215.4 11209 11194.3 11175.2 11153.5 11128.2 11080.1 11020.5 10967.6
10466.1 10467.1 10470.4 10474 10474.8 10475.9 10472.7 10471.9 10474.3 10475.9 10475.1 10477.6 10484.5 10481.8 10474 10473.6 10471.2 10472.5 10474.4 10475.1 10476.9 10478.9 10480.1 10481.3 10482.9 10483.9 10483.1 10487.5 10492.7 10498.2 10504.2 10511.2 10518.8 10527.5 10537.9 10551.3 10569.5 10592.9 10621.4 10641.8 10653.4 10664.8 10677.3 10693.3 10722.4 10752.4 10783.2 10820.8 10858 10901.1 10951 11007.9 11040.7 11079.6 11118.4 11152.4 11192.8 11221.4 11230.4 11221.3 11201.5 11176.5 11148.2 11116 11070.7 11015.5 10970.1
10469.9 10471.1 10473.9 10475.8 10477.7 10478.5 10476.7 10477.9 10480.7 10482.4 10484 10484.8 10493.6 10489.4 10485.6 10480.7 10475.6 10471.7 10474.1 10477.7 10480.4 10478.6 10478.1 10479.2 10480.9 10483.1 10486.6 10491.3 10494.8 10500.1 10506.5 10514 10523.5 10531.1 10540.1 10551.2 10565 10584.2 10611.1 10637 10660.1 10681.7 10701 10715.8 10749.7 10775.5 10797.2 10824.6 10865.8 10912.8 10963.6 11014.4 11059 11102.7 11149.9 11188.4 11221.4 11245.9 11248.1 11230.3 11201.8 11168.6 11132.4 11096 11052.4 10997.1 10949
10472.8 10474.2 10476 10477.6 10479.4 10479.5 10479.3 10482.5 10484.8 10486.6 10487.9 10488.5 10497 10492.7 10487.8 10480.6 10474.2 10467.8 10469.1 10475.4 10482 10476.3 10475.2 10477.5 10480.4 10484.5 10488.6 10491.6 10497.4 10502.2 10507.7 10514.4 10523.7 10532 10541.1 10550.7 10560.9 10575.4 10598.3 10632.4 10668.4 10703.8 10739 10769.4 10794.6 10807.6 10815.9 10830.1 10874.4 10921.9 10970 11019.8 11069.5 11115.9 11157.7 11202.2 11244.3 11271.8 11265.4 11235.1 11195.7 11152.9 11108.1 11063.6 11017.2 10971.3 10931.7
10475.1 10476.6 10478.9 10480.1 10481.6 10482 10483.5 10485.9 10487 10487.7 10488.5 10485.8 10492 10488.7 10485.7 10478.8 10471.2 10463.5 10459.8 10464.6 10468.3 10467.2 10471.5 10476.7 10481.4 10484.7 10490 10497.8 10501.6 10504.8 10508.6 10513.1 10520.4 10531.9 10543.2 10552.5 10562 10573.2 10592.4 10633.4 10679.3 10726.7 10778.2 10836.2 10845 10844.1 10848.1 10859.6 10893.3 10932.7 10976.2 11025.3 11078.1 11128 11173.4 11221.6 11258.9 11282 11270.6 11230.1 11180.1 11128.6 11077.6 11026.9 10979.3 10943.7 10916.2
10475.6 10477.2 10480.2 10481.7 10483.2 10483.1 10485.2 10487.1 10483.1 10484.1 10486.6 10488.2 10492.2 10492.2 10488.3 10482.3 10473.8 10463.1 10456.1 10457 10458.4 10463.6 10472 10479.2 10485.2 10491.8 10498.9 10506.3 10506.5 10508.1 10510.9 10515.4 10522.6 10535.6 10548.7 10558 10569.7 10581.6 10599.4 10642.2 10691.9 10744 10799 10845.4 10866 10870.3 10879.2 10894.2 10913.4 10944.6 10983.8 11033 11087.9 11140.3 11189.5 11232.1 11259.6 11279.6 11265.1 11210.5 11154.8 11099.6 11044.4 10991.5 10944 10917 10903.6
