real_craters/C105-750m.grd
DSAA
93 93
-34.3525 34.3525
-34.3525 34.3525
9387.9284439243 11278.109319907
[rows 26 to 51 of 93, columns 0 to 57 of 93]
1.041e+004 1.041e+004 1.04e+004 1.04e+004 1.041e+004 1.04e+004 1.039e+004 1.039e+004 1.04e+004 1.04e+004 1.04e+004 1.04e+004 1.04e+004 1.039e+004 1.039e+004 1.038e+004 1.038e+004 1.039e+004 1.038e+004 1.038e+004 1.038e+004 1.038e+004 1.036e+004 1.037e+004 1.037e+004 1.037e+004 1.038e+004 1.038e+004 1.039e+004 1.04e+004 1.04e+004 1.041e+004 1.043e+004 1.046e+004 1.047e+004 1.048e+004 1.049e+004 1.051e+004 1.052e+004 1.053e+004 1.054e+004 1.055e+004 1.056e+004 1.057e+004 1.057e+004 1.057e+004 1.057e+004 1.057e+004 1.057e+004 1.058e+004 1.058e+004 1.059e+004 1.06e+004 1.061e+004 1.062e+004 1.062e+004 1.063e+004 1.063e+004
1.04e+004 1.039e+004 1.039e+004 1.039e+004 1.039e+004 1.04e+004 1.039e+004 1.04e+004 1.04e+004 1.041e+004 1.04e+004 1.04e+004 1.04e+004 1.039e+004 1.039e+004 1.038e+004 1.038e+004 1.038e+004 1.038e+004 1.038e+004 1.038e+004 1.037e+004 1.037e+004 1.037e+004 1.037e+004 1.037e+004 1.038e+004 1.039e+004 1.039e+004 1.041e+004 1.04e+004 1.039e+004 1.044e+004 1.047e+004 1.048e+004 1.049e+004 1.051e+004 1.052e+004 1.054e+004 1.055e+004 1.056e+004 1.056e+004 1.056e+004 1.057e+004 1.058e+004 1.058e+004 1.059e+004 1.059e+004 1.059e+004 1.059e+004 1.058e+004 1.06e+004 1.061e+004 1.062e+004 1.064e+004 1.065e+004 1.065e+004 1.065e+004
1.04e+004 1.04e+004 1.04e+004 1.04e+004 1.04e+004 1.04e+004 1.04e+004 1.04e+004 1.04e+004 1.041e+004 1.04e+004 1.04e+004 1.04e+004 1.039e+004 1.039e+004 1.039e+004 1.038e+004 1.038e+004 1.038e+004 1.038e+004 1.038e+004 1.037e+004 1.037e+004 1.037e+004 1.037e+004 1.038e+004 1.038e+004 1.039e+004 1.04e+004 1.041e+004 1.041e+004 1.04e+004 1.042e+004 1.046e+004 1.048e+004 1.05e+004 1.052e+004 1.054e+004 1.055e+004 1.057e+004 1.058e+004 1.058e+004 1.057e+004 1.059e+004 1.06e+004 1.06e+004 1.06e+004 1.06e+004 1.06e+004 1.06e+004 1.06e+004 1.062e+004 1.063e+004 1.064e+004 1.065e+004 1.066e+004 1.067e+004 1.068e+004
1.04e+004 1.041e+004 1.042e+004 1.042e+004 1.041e+004 1.041e+004 1.04e+004 1.041e+004 1.04e+004 1.04e+004 1.04e+004 1.04e+004 1.04e+004 1.039e+004 1.039e+004 1.039e+004 1.038e+004 1.039e+004 1.039e+004 1.039e+004 1.039e+004 1.038e+004 1.037e+004 1.037e+004 1.037e+004 1.037e+004 1.038e+004 1.039e+004 1.04e+004 1.041e+004 1.042e+004 1.044e+004 1.044e+004 1.046e+004 1.048e+004 1.051e+004 1.053e+004 1.056e+004 1.058e+004 1.059e+004 1.059e+004 1.059e+004 1.06e+004 1.062e+004 1.063e+004 1.063e+004 1.062e+004 1.061e+004 1.061e+004 1.062e+004 1.063e+004 1.063e+004 1.063e+004 1.065e+004 1.066e+004 1.068e+004 1.07e+004 1.071e+004
1.04e+004 1.041e+004 1.042e+004 1.042e+004 1.042e+004 1.042e+004 1.042e+004 1.042e+004 1.041e+004 1.041e+004 1.041e+004 1.041e+004 1.04e+004 1.04e+004 1.04e+004 1.04e+004 1.039e+004 1.039e+004 1.04e+004 1.04e+004 1.04e+004 1.039e+004 1.037e+004 1.037e+004 1.037e+004 1.037e+004 1.038e+004 1.039e+004 1.041e+004 1.042e+004 1.044e+004 1.046e+004 1.045e+004 1.046e+004 1.049e+004 1.052e+004 1.056e+004 1.058e+004 1.061e+004 1.063e+004 1.064e+004 1.064e+004 1.066e+004 1.067e+004 1.067e+004 1.066e+004 1.065e+004 1.064e+004 1.062e+004 1.063e+004 1.062e+004 1.063e+004 1.064e+004 1.065e+004 1.067e+004 1.069e+004 1.071e+004 1.074e+004
1.04e+004 1.041e+004 1.041e+004 1.042e+004 1.043e+004 1.043e+004 1.042e+004 1.043e+004 1.043e+004 1.045e+004 1.043e+004 1.041e+004 1.04e+004 1.04e+004 1.04e+004 1.04e+004 1.042e+004 1.042e+004 1.041e+004 1.04e+004 1.04e+004 1.039e+004 1.037e+004 1.037e+004 1.037e+004 1.037e+004 1.038e+004 1.039e+004 1.04e+004 1.044e+004 1.044e+004 1.044e+004 1.045e+004 1.047e+004 1.051e+004 1.054e+004 1.057e+004 1.061e+004 1.064e+004 1.068e+004 1.072e+004 1.077e+004 1.077e+004 1.073e+004 1.07e+004 1.068e+004 1.066e+004 1.066e+004 1.065e+004 1.065e+004 1.063e+004 1.063e+004 1.064e+004 1.065e+004 1.066e+004 1.069e+004 1.072e+004 1.075e+004
1.041e+004 1.041e+004 1.042e+004 1.042e+004 1.043e+004 1.045e+004 1.044e+004 1.043e+004 1.043e+004 1.043e+004 1.043e+004 1.042e+004 1.04e+004 1.039e+004 1.04e+004 1.04e+004 1.043e+004 1.042e+004 1.041e+004 1.04e+004 1.039e+004 1.038e+004 1.037e+004 1.037e+004 1.037e+004 1.037e+004 1.038e+004 1.038e+004 1.038e+004 1.042e+004 1.043e+004 1.044e+004 1.046e+004 1.051e+004 1.052e+004 1.055e+004 1.059e+004 1.062e+004 1.066e+004 1.071e+004 1.079e+004 1.084e+004 1.082e+004 1.075e+004 1.07e+004 1.066e+004 1.065e+004 1.066e+004 1.068e+004 1.069e+004 1.066e+004 1.065e+004 1.064e+004 1.062e+004 1.064e+004 1.066e+004 1.069e+004 1.074e+004
1.04e+004 1.041e+004 1.041e+004 1.042e+004 1.044e+004 1.044e+004 1.044e+004 1.043e+004 1.043e+004 1.043e+004 1.042e+004 1.042e+004 1.042e+004 1.041e+004 1.042e+004 1.043e+004 1.042e+004 1.04e+004 1.039e+004 1.039e+004 1.038e+004 1.037e+004 1.036e+004 1.036e+004 1.037e+004 1.038e+004 1.038e+004 1.039e+004 1.039e+004 1.041e+004 1.041e+004 1.043e+004 1.048e+004 1.052e+004 1.054e+004 1.056e+004 1.058e+004 1.061e+004 1.066e+004 1.072e+004 1.08e+004 1.089e+004 1.079e+004 1.068e+004 1.061e+004 1.058e+004 1.058e+004 1.062e+004 1.07e+004 1.074e+004 1.07e+004 1.067e+004 1.064e+004 1.061e+004 1.06e+004 1.062e+004 1.066e+004 1.07e+004
1.041e+004 1.042e+004 1.042e+004 1.043e+004 1.044e+004 1.044e+004 1.043e+004 1.043e+004 1.043e+004 1.042e+004 1.042e+004 1.043e+004 1.043e+004 1.043e+004 1.043e+004 1.042e+004 1.04e+004 1.039e+004 1.038e+004 1.038e+004 1.037e+004 1.037e+004 1.036e+004 1.037e+004 1.038e+004 1.038e+004 1.039e+004 1.04e+004 1.041e+004 1.041e+004 1.041e+004 1.044e+004 1.049e+004 1.054e+004 1.055e+004 1.056e+004 1.057e+004 1.058e+004 1.061e+004 1.066e+004 1.071e+004 1.069e+004 1.067e+004 1.056e+004 1.049e+004 1.045e+004 1.045e+004 1.05e+004 1.062e+004 1.067e+004 1.066e+004 1.067e+004 1.058e+004 1.055e+004 1.056e+004 1.058e+004 1.062e+004 1.066e+004
1.041e+004 1.042e+004 1.042e+004 1.043e+004 1.044e+004 1.045e+004 1.044e+004 1.043e+004 1.043e+004 1.043e+004 1.043e+004 1.044e+004 1.045e+004 1.045e+004 1.043e+004 1.04e+004 1.04e+004 1.038e+004 1.038e+004 1.038e+004 1.038e+004 1.037e+004 1.037e+004 1.038e+004 1.038e+004 1.04e+004 1.041e+004 1.043e+004 1.044e+004 1.044e+004 1.046e+004 1.047e+004 1.05e+004 1.052e+004 1.054e+004 1.056e+004 1.055e+004 1.054e+004 1.053e+004 1.054e+004 1.058e+004 1.063e+004 1.048e+004 1.036e+004 1.03e+004 1.026e+004 1.025e+004 1.026e+004 1.027e+004 1.028e+004 1.035e+004 1.038e+004 1.04e+004 1.043e+004 1.048e+004 1.054e+004 1.059e+004 1.06e+004
1.043e+004 1.043e+004 1.043e+004 1.042e+004 1.042e+004 1.044e+004 1.043e+004 1.043e+004 1.042e+004 1.043e+004 1.043e+004 1.044e+004 1.045e+004 1.045e+004 1.043e+004 1.041e+004 1.04e+004 1.038e+004 1.039e+004 1.038e+004 1.038e+004 1.038e+004 1.037e+004 1.037e+004 1.039e+004 1.041e+004 1.042e+004 1.043e+004 1.045e+004 1.046e+004 1.048e+004 1.05e+004 1.053e+004 1.057e+004 1.058e+004 1.056e+004 1.052e+004 1.047e+004 1.042e+004 1.036e+004 1.03e+004 1.021e+004 1.013e+004 1.011e+004 1.009e+004 1.006e+004 1.002e+004 9984 9924 9886 9973 1.004e+004 1.017e+004 1.03e+004 1.041e+004 1.05e+004 1.057e+004 1.06e+004
1.042e+004 1.044e+004 1.043e+004 1.042e+004 1.041e+004 1.041e+004 1.042e+004 1.042e+004 1.042e+004 1.042e+004 1.042e+004 1.043e+004 1.044e+004 1.044e+004 1.044e+004 1.044e+004 1.042e+004 1.041e+004 1.04e+004 1.04e+004 1.039e+004 1.039e+004 1.038e+004 1.038e+004 1.04e+004 1.042e+004 1.044e+004 1.045e+004 1.046e+004 1.047e+004 1.049e+004 1.053e+004 1.057e+004 1.062e+004 1.062e+004 1.056e+004 1.048e+004 1.039e+004 1.028e+004 1.017e+004 1.004e+004 9917 9847 9870 9881 9869 9829 9766 9688 9639 9734 9819 1.001e+004 1.019e+004 1.035e+004 1.048e+004 1.058e+004 1.064e+004
1.042e+004 1.043e+004 1.043e+004 1.042e+004 1.041e+004 1.041e+004 1.041e+004 1.041e+004 1.041e+004 1.041e+004 1.041e+004 1.042e+004 1.043e+004 1.043e+004 1.044e+004 1.044e+004 1.044e+004 1.043e+004 1.042e+004 1.042e+004 1.042e+004 1.041e+004 1.041e+004 1.042e+004 1.043e+004 1.044e+004 1.046e+004 1.047e+004 1.049e+004 1.05e+004 1.052e+004 1.056e+004 1.059e+004 1.064e+004 1.064e+004 1.056e+004 1.045e+004 1.032e+004 1.018e+004 1.002e+004 9859 9741 9683 9702 9711 9701 9671 9616 9560 9548 9628 9759 9928 1.012e+004 1.03e+004 1.047e+004 1.06e+004 1.067e+004
1.04e+004 1.042e+004 1.043e+004 1.042e+004 1.041e+004 1.041e+004 1.04e+004 1.041e+004 1.041e+004 1.041e+004 1.041e+004 1.041e+004 1.042e+004 1.042e+004 1.042e+004 1.042e+004 1.044e+004 1.043e+004 1.043e+004 1.043e+004 1.043e+004 1.043e+004 1.043e+004 1.044e+004 1.045e+004 1.045e+004 1.047e+004 1.049e+004 1.05e+004 1.052e+004 1.055e+004 1.055e+004 1.059e+004 1.066e+004 1.067e+004 1.057e+004 1.043e+004 1.027e+004 1.009e+004 9919 9743 9664 9640 9615 9595 9572 9542 9504 9470 9470 9565 9727 9887 1.006e+004 1.025e+004 1.045e+004 1.063e+004 1.075e+004
1.04e+004 1.041e+004 1.041e+004 1.041e+004 1.042e+004 1.041e+004 1.04e+004 1.04e+004 1.04e+004 1.041e+004 1.041e+004 1.04e+004 1.04e+004 1.041e+004 1.042e+004 1.042e+004 1.043e+004 1.043e+004 1.042e+004 1.043e+004 1.043e+004 1.044e+004 1.044e+004 1.045e+004 1.046e+004 1.046e+004 1.047e+004 1.048e+004 1.05e+004 1.051e+004 1.051e+004 1.053e+004 1.058e+004 1.064e+004 1.066e+004 1.057e+004 1.041e+004 1.022e+004 1.003e+004 9867 9748 9644 9609 9547 9513 9494 9467 9439 9409 9407 9497 9622 9778 9979 1.019e+004 1.041e+004 1.063e+004 1.082e+004
1.04e+004 1.04e+004 1.041e+004 1.041e+004 1.041e+004 1.04e+004 1.04e+004 1.04e+004 1.04e+004 1.041e+004 1.04e+004 1.04e+004 1.04e+004 1.041e+004 1.041e+004 1.041e+004 1.042e+004 1.043e+004 1.042e+004 1.043e+004 1.043e+004 1.044e+004 1.045e+004 1.046e+004 1.047e+004 1.047e+004 1.047e+004 1.048e+004 1.049e+004 1.05e+004 1.049e+004 1.051e+004 1.056e+004 1.063e+004 1.073e+004 1.057e+004 1.037e+004 1.017e+004 9966 9781 9649 9558 9478 9461 9464 9448 9430 9407 9389 9388 9452 9546 9694 9896 1.011e+004 1.033e+004 1.054e+004 1.07e+004
1.04e+004 1.039e+004 1.04e+004 1.04e+004 1.04e+004 1.04e+004 1.039e+004 1.04e+004 1.04e+004 1.041e+004 1.04e+004 1.04e+004 1.04e+004 1.04e+004 1.041e+004 1.041e+004 1.042e+004 1.042e+004 1.041e+004 1.042e+004 1.043e+004 1.044e+004 1.045e+004 1.045e+004 1.045e+004 1.047e+004 1.047e+004 1.048e+004 1.05e+004 1.051e+004 1.05e+004 1.051e+004 1.054e+004 1.057e+004 1.059e+004 1.048e+004 1.031e+004 1.012e+004 9909 9712 9552 9500 9466 9451 9448 9439 9427 9410 9393 9399 9450 9524 9645 9820 1.002e+004 1.022e+004 1.041e+004 1.053e+004
1.039e+004 1.039e+004 1.039e+004 1.039e+004 1.039e+004 1.039e+004 1.04e+004 1.041e+004 1.041e+004 1.041e+004 1.041e+004 1.041e+004 1.041e+004 1.041e+004 1.04e+004 1.041e+004 1.042e+004 1.043e+004 1.041e+004 1.041e+004 1.043e+004 1.044e+004 1.046e+004 1.048e+004 1.05e+004 1.048e+004 1.047e+004 1.048e+004 1.051e+004 1.054e+004 1.054e+004 1.054e+004 1.055e+004 1.056e+004 1.05e+004 1.041e+004 1.028e+004 1.008e+004 9873 9673 9535 9491 9493 9475 9456 9444 9435 9423 9417 9426 9465 9507 9589 9741 9924 1.011e+004 1.029e+004 1.046e+004
1.039e+004 1.039e+004 1.04e+004 1.039e+004 1.04e+004 1.039e+004 1.04e+004 1.041e+004 1.042e+004 1.041e+004 1.042e+004 1.042e+004 1.042e+004 1.042e+004 1.042e+004 1.042e+004 1.043e+004 1.043e+004 1.043e+004 1.042e+004 1.043e+004 1.045e+004 1.046e+004 1.048e+004 1.048e+004 1.049e+004 1.05e+004 1.05e+004 1.051e+004 1.05e+004 1.056e+004 1.06e+004 1.057e+004 1.058e+004 1.055e+004 1.046e+004 1.029e+004 1.008e+004 9854 9651 9527 9491 9501 9484 9468 9457 9447 9437 9432 9439 9462 9482 9519 9667 9843 1.002e+004 1.016e+004 1.027e+004
1.038e+004 1.038e+004 1.039e+004 1.039e+004 1.039e+004 1.04e+004 1.042e+004 1.042e+004 1.042e+004 1.042e+004 1.042e+004 1.042e+004 1.043e+004 1.043e+004 1.044e+004 1.044e+004 1.044e+004 1.044e+004 1.045e+004 1.045e+004 1.045e+004 1.046e+004 1.046e+004 1.047e+004 1.048e+004 1.048e+004 1.048e+004 1.05e+004 1.053e+004 1.058e+004 1.057e+004 1.058e+004 1.059e+004 1.062e+004 1.063e+004 1.054e+004 1.033e+004 1.01e+004 9857 9638 9523 9498 9495 9490 9476 9468 9458 9448 9445 9450 9468 9467 9496 9617 9787 9963 1.012e+004 1.025e+004
1.037e+004 1.038e+004 1.039e+004 1.039e+004 1.038e+004 1.04e+004 1.041e+004 1.043e+004 1.043e+004 1.042e+004 1.042e+004 1.042e+004 1.043e+004 1.043e+004 1.043e+004 1.044e+004 1.044e+004 1.044e+004 1.045e+004 1.046e+004 1.046e+004 1.046e+004 1.046e+004 1.047e+004 1.047e+004 1.047e+004 1.047e+004 1.048e+004 1.05e+004 1.053e+004 1.056e+004 1.058e+004 1.06e+004 1.064e+004 1.064e+004 1.055e+004 1.037e+004 1.013e+004 9881 9652 9542 9514 9526 9508 9488 9477 9469 9461 9453 9449 9457 9450 9470 9589 9763 9953 1.015e+004 1.033e+004
1.037e+004 1.037e+004 1.038e+004 1.039e+004 1.039e+004 1.04e+004 1.041e+004 1.044e+004 1.042e+004 1.042e+004 1.041e+004 1.041e+004 1.042e+004 1.044e+004 1.044e+004 1.044e+004 1.044e+004 1.045e+004 1.046e+004 1.047e+004 1.048e+004 1.048e+004 1.048e+004 1.047e+004 1.046e+004 1.047e+004 1.048e+004 1.047e+004 1.048e+004 1.05e+004 1.055e+004 1.059e+004 1.062e+004 1.067e+004 1.069e+004 1.064e+004 1.042e+004 1.017e+004 9918 9719 9593 9543 9525 9522 9492 9480 9474 9471 9459 9443 9430 9436 9470 9582 9755 9940 1.013e+004 1.031e+004
1.037e+004 1.037e+004 1.038e+004 1.039e+004 1.039e+004 1.04e+004 1.041e+004 1.041e+004 1.041e+004 1.041e+004 1.041e+004 1.041e+004 1.042e+004 1.044e+004 1.045e+004 1.044e+004 1.045e+004 1.046e+004 1.049e+004 1.051e+004 1.05e+004 1.049e+004 1.048e+004 1.047e+004 1.046e+004 1.046e+004 1.047e+004 1.047e+004 1.047e+004 1.05e+004 1.056e+004 1.063e+004 1.066e+004 1.068e+004 1.069e+004 1.064e+004 1.044e+004 1.019e+004 9944 9751 9636 9575 9543 9515 9497 9490 9485 9487 9472 9456 9444 9458 9491 9601 9769 9931 1.009e+004 1.024e+004
1.038e+004 1.038e+004 1.039e+004 1.04e+004 1.04e+004 1.04e+004 1.04e+004 1.04e+004 1.04e+004 1.041e+004 1.042e+004 1.043e+004 1.043e+004 1.043e+004 1.043e+004 1.044e+004 1.045e+004 1.046e+004 1.05e+004 1.052e+004 1.05e+004 1.049e+004 1.048e+004 1.048e+004 1.047e+004 1.047e+004 1.047e+004 1.047e+004 1.048e+004 1.051e+004 1.055e+004 1.059e+004 1.06e+004 1.064e+004 1.064e+004 1.062e+004 1.041e+004 1.018e+004 9953 9766 9678 9620 9580 9548 9522 9514 9512 9515 9502 9486 9479 9506 9577 9691 9816 9945 1.006e+004 1.019e+004
1.038e+004 1.04e+004 1.042e+004 1.042e+004 1.042e+004 1.041e+004 1.04e+004 1.039e+004 1.04e+004 1.041e+004 1.041e+004 1.042e+004 1.044e+004 1.044e+004 1.043e+004 1.044e+004 1.045e+004 1.046e+004 1.048e+004 1.049e+004 1.05e+004 1.05e+004 1.049e+004 1.048e+004 1.048e+004 1.048e+004 1.048e+004 1.049e+004 1.049e+004 1.052e+004 1.056e+004 1.058e+004 1.058e+004 1.059e+004 1.056e+004 1.047e+004 1.033e+004 1.015e+004 9972 9821 9738 9678 9627 9581 9554 9556 9568 9562 9548 9535 9529 9568 9663 9779 9880 9989 1.011e+004 1.023e+004
1.04e+004 1.04e+004 1.041e+004 1.042e+004 1.042e+004 1.041e+004 1.041e+004 1.04e+004 1.041e+004 1.041e+004 1.041e+004 1.044e+004 1.046e+004 1.044e+004 1.044e+004 1.045e+004 1.046e+004 1.047e+004 1.047e+004 1.048e+004 1.049e+004 1.05e+004 1.05e+004 1.049e+004 1.049e+004 1.049e+004 1.049e+004 1.05e+004 1.052e+004 1.054e+004 1.056e+004 1.059e+004 1.06e+004 1.056e+004 1.049e+004 1.037e+004 1.026e+004 1.016e+004 1.001e+004 9884 9829 9771 9715 9656 9625 9630 9641 9634 9622 9611 9605 9638 9742 9846 9955 1.004e+004 1.014e+004 1.027e+004
