real_craters/C105-750m.grd
DSAA
93 93
-34.3525 34.3525
-34.3525 34.3525
9387.9284439243 11278.109319907
[rows 52 to 77 of 93, columns 0 to 57 of 93]
1.043e+004 1.041e+004 1.041e+004 1.042e+004 1.042e+004 1.042e+004 1.042e+004 1.041e+004 1.042e+004 1.042e+004 1.044e+004 1.045e+004 1.045e+004 1.045e+004 1.045e+004 1.046e+004 1.047e+004 1.048e+004 1.049e+004 1.051e+004 1.051e+004 1.051e+004 1.05e+004 1.05e+004 1.05e+004 1.049e+004 1.05e+004 1.05e+004 1.051e+004 1.053e+004 1.056e+004 1.057e+004 1.054e+004 1.054e+004 1.049e+004 1.039e+004 1.031e+004 1.023e+004 1.011e+004 1e+004 9940 9881 9823 9782 9756 9731 9738 9732 9722 9709 9708 9748 9860 1.001e+004 1.006e+004 1.011e+004 1.021e+004 1.035e+004
1.043e+004 1.042e+004 1.04e+004 1.041e+004 1.042e+004 1.043e+004 1.043e+004 1.043e+004 1.043e+004 1.043e+004 1.043e+004 1.045e+004 1.046e+004 1.045e+004 1.045e+004 1.046e+004 1.048e+004 1.051e+004 1.054e+004 1.055e+004 1.054e+004 1.052e+004 1.051e+004 1.051e+004 1.051e+004 1.051e+004 1.051e+004 1.049e+004 1.049e+004 1.052e+004 1.055e+004 1.057e+004 1.06e+004 1.058e+004 1.055e+004 1.05e+004 1.043e+004 1.036e+004 1.026e+004 1.016e+004 1.007e+004 9998 9938 9890 9847 9842 9855 9852 9846 9839 9832 9840 9973 1.011e+004 1.016e+004 1.021e+004 1.034e+004 1.056e+004
1.043e+004 1.042e+004 1.041e+004 1.041e+004 1.042e+004 1.043e+004 1.044e+004 1.045e+004 1.044e+004 1.043e+004 1.042e+004 1.043e+004 1.043e+004 1.044e+004 1.045e+004 1.046e+004 1.047e+004 1.05e+004 1.055e+004 1.058e+004 1.055e+004 1.053e+004 1.052e+004 1.051e+004 1.051e+004 1.052e+004 1.052e+004 1.049e+004 1.049e+004 1.051e+004 1.054e+004 1.058e+004 1.062e+004 1.062e+004 1.062e+004 1.063e+004 1.061e+004 1.05e+004 1.041e+004 1.029e+004 1.019e+004 1.012e+004 1.006e+004 1.001e+004 9979 9974 9992 9986 9976 9975 9996 1.005e+004 1.01e+004 1.016e+004 1.026e+004 1.038e+004 1.055e+004 1.073e+004
1.042e+004 1.042e+004 1.042e+004 1.042e+004 1.043e+004 1.044e+004 1.045e+004 1.046e+004 1.046e+004 1.045e+004 1.044e+004 1.043e+004 1.042e+004 1.042e+004 1.043e+004 1.044e+004 1.046e+004 1.048e+004 1.052e+004 1.056e+004 1.054e+004 1.052e+004 1.051e+004 1.051e+004 1.051e+004 1.052e+004 1.052e+004 1.05e+004 1.049e+004 1.05e+004 1.052e+004 1.056e+004 1.059e+004 1.062e+004 1.065e+004 1.071e+004 1.075e+004 1.058e+004 1.038e+004 1.034e+004 1.03e+004 1.025e+004 1.02e+004 1.016e+004 1.01e+004 1.012e+004 1.013e+004 1.011e+004 1.01e+004 1.01e+004 1.013e+004 1.021e+004 1.021e+004 1.02e+004 1.036e+004 1.06e+004 1.066e+004 1.062e+004
1.039e+004 1.041e+004 1.042e+004 1.043e+004 1.043e+004 1.044e+004 1.045e+004 1.045e+004 1.047e+004 1.047e+004 1.048e+004 1.045e+004 1.043e+004 1.042e+004 1.042e+004 1.043e+004 1.044e+004 1.044e+004 1.048e+004 1.049e+004 1.05e+004 1.05e+004 1.05e+004 1.05e+004 1.051e+004 1.051e+004 1.05e+004 1.048e+004 1.048e+004 1.048e+004 1.049e+004 1.051e+004 1.055e+004 1.058e+004 1.062e+004 1.067e+004 1.07e+004 1.064e+004 1.056e+004 1.048e+004 1.042e+004 1.037e+004 1.034e+004 1.033e+004 1.036e+004 1.03e+004 1.027e+004 1.024e+004 1.023e+004 1.022e+004 1.022e+004 1.02e+004 1.025e+004 1.037e+004 1.053e+004 1.07e+004 1.064e+004 1.053e+004
1.034e+004 1.039e+004 1.042e+004 1.042e+004 1.043e+004 1.043e+004 1.044e+004 1.044e+004 1.044e+004 1.047e+004 1.049e+004 1.045e+004 1.042e+004 1.041e+004 1.042e+004 1.043e+004 1.043e+004 1.044e+004 1.045e+004 1.045e+004 1.046e+004 1.047e+004 1.048e+004 1.048e+004 1.049e+004 1.05e+004 1.049e+004 1.047e+004 1.046e+004 1.046e+004 1.047e+004 1.048e+004 1.049e+004 1.05e+004 1.055e+004 1.059e+004 1.06e+004 1.064e+004 1.066e+004 1.059e+004 1.052e+004 1.047e+004 1.044e+004 1.042e+004 1.039e+004 1.036e+004 1.036e+004 1.034e+004 1.033e+004 1.033e+004 1.033e+004 1.033e+004 1.041e+004 1.057e+004 1.068e+004 1.066e+004 1.058e+004 1.049e+004
1.034e+004 1.038e+004 1.042e+004 1.041e+004 1.042e+004 1.043e+004 1.044e+004 1.045e+004 1.044e+004 1.045e+004 1.045e+004 1.044e+004 1.042e+004 1.041e+004 1.042e+004 1.043e+004 1.044e+004 1.044e+004 1.044e+004 1.044e+004 1.045e+004 1.045e+004 1.045e+004 1.046e+004 1.046e+004 1.045e+004 1.044e+004 1.042e+004 1.043e+004 1.044e+004 1.045e+004 1.045e+004 1.046e+004 1.047e+004 1.05e+004 1.053e+004 1.055e+004 1.063e+004 1.066e+004 1.064e+004 1.059e+004 1.054e+004 1.051e+004 1.049e+004 1.044e+004 1.044e+004 1.043e+004 1.041e+004 1.04e+004 1.042e+004 1.045e+004 1.054e+004 1.064e+004 1.061e+004 1.059e+004 1.059e+004 1.046e+004 1.041e+004
1.034e+004 1.037e+004 1.04e+004 1.041e+004 1.042e+004 1.043e+004 1.044e+004 1.044e+004 1.043e+004 1.044e+004 1.044e+004 1.043e+004 1.041e+004 1.042e+004 1.042e+004 1.043e+004 1.044e+004 1.045e+004 1.044e+004 1.044e+004 1.044e+004 1.043e+004 1.043e+004 1.043e+004 1.043e+004 1.042e+004 1.041e+004 1.042e+004 1.041e+004 1.042e+004 1.042e+004 1.043e+004 1.044e+004 1.046e+004 1.047e+004 1.049e+004 1.051e+004 1.062e+004 1.071e+004 1.065e+004 1.061e+004 1.057e+004 1.055e+004 1.053e+004 1.051e+004 1.05e+004 1.049e+004 1.048e+004 1.047e+004 1.048e+004 1.051e+004 1.056e+004 1.06e+004 1.061e+004 1.062e+004 1.05e+004 1.038e+004 1.036e+004
1.035e+004 1.036e+004 1.038e+004 1.041e+004 1.044e+004 1.044e+004 1.044e+004 1.043e+004 1.043e+004 1.042e+004 1.042e+004 1.042e+004 1.041e+004 1.042e+004 1.043e+004 1.043e+004 1.044e+004 1.044e+004 1.044e+004 1.043e+004 1.041e+004 1.042e+004 1.042e+004 1.041e+004 1.04e+004 1.04e+004 1.04e+004 1.038e+004 1.038e+004 1.039e+004 1.04e+004 1.041e+004 1.042e+004 1.043e+004 1.044e+004 1.046e+004 1.048e+004 1.054e+004 1.06e+004 1.061e+004 1.059e+004 1.057e+004 1.056e+004 1.054e+004 1.05e+004 1.049e+004 1.051e+004 1.05e+004 1.05e+004 1.05e+004 1.051e+004 1.053e+004 1.054e+004 1.054e+004 1.05e+004 1.041e+004 1.034e+004 1.034e+004
1.037e+004 1.037e+004 1.037e+004 1.043e+004 1.044e+004 1.045e+004 1.044e+004 1.043e+004 1.042e+004 1.042e+004 1.042e+004 1.042e+004 1.042e+004 1.042e+004 1.042e+004 1.043e+004 1.044e+004 1.044e+004 1.043e+004 1.041e+004 1.04e+004 1.04e+004 1.04e+004 1.04e+004 1.04e+004 1.038e+004 1.036e+004 1.036e+004 1.036e+004 1.037e+004 1.038e+004 1.039e+004 1.04e+004 1.041e+004 1.042e+004 1.043e+004 1.045e+004 1.047e+004 1.051e+004 1.054e+004 1.055e+004 1.055e+004 1.054e+004 1.054e+004 1.056e+004 1.059e+004 1.053e+004 1.05e+004 1.049e+004 1.049e+004 1.048e+004 1.047e+004 1.045e+004 1.043e+004 1.037e+004 1.035e+004 1.033e+004 1.033e+004
1.04e+004 1.039e+004 1.038e+004 1.042e+004 1.046e+004 1.046e+004 1.045e+004 1.043e+004 1.042e+004 1.042e+004 1.042e+004 1.041e+004 1.042e+004 1.041e+004 1.041e+004 1.042e+004 1.042e+004 1.042e+004 1.042e+004 1.041e+004 1.039e+004 1.039e+004 1.039e+004 1.039e+004 1.04e+004 1.037e+004 1.035e+004 1.034e+004 1.034e+004 1.036e+004 1.037e+004 1.038e+004 1.039e+004 1.039e+004 1.041e+004 1.042e+004 1.043e+004 1.045e+004 1.048e+004 1.049e+004 1.05e+004 1.051e+004 1.05e+004 1.05e+004 1.05e+004 1.048e+004 1.048e+004 1.048e+004 1.047e+004 1.047e+004 1.045e+004 1.043e+004 1.039e+004 1.038e+004 1.037e+004 1.036e+004 1.035e+004 1.035e+004
1.041e+004 1.042e+004 1.039e+004 1.041e+004 1.043e+004 1.045e+004 1.044e+004 1.043e+004 1.042e+004 1.042e+004 1.041e+004 1.041e+004 1.04e+004 1.041e+004 1.041e+004 1.041e+004 1.042e+004 1.041e+004 1.041e+004 1.04e+004 1.039e+004 1.038e+004 1.038e+004 1.038e+004 1.038e+004 1.035e+004 1.033e+004 1.032e+004 1.034e+004 1.035e+004 1.036e+004 1.038e+004 1.038e+004 1.039e+004 1.04e+004 1.041e+004 1.042e+004 1.044e+004 1.044e+004 1.045e+004 1.046e+004 1.047e+004 1.047e+004 1.046e+004 1.045e+004 1.042e+004 1.043e+004 1.044e+004 1.044e+004 1.044e+004 1.042e+004 1.04e+004 1.038e+004 1.037e+004 1.037e+004 1.037e+004 1.037e+004 1.036e+004
1.043e+004 1.042e+004 1.041e+004 1.04e+004 1.042e+004 1.044e+004 1.044e+004 1.043e+004 1.042e+004 1.041e+004 1.041e+004 1.04e+004 1.04e+004 1.04e+004 1.04e+004 1.041e+004 1.041e+004 1.041e+004 1.04e+004 1.04e+004 1.038e+004 1.036e+004 1.036e+004 1.036e+004 1.035e+004 1.033e+004 1.032e+004 1.032e+004 1.033e+004 1.035e+004 1.037e+004 1.038e+004 1.039e+004 1.039e+004 1.04e+004 1.04e+004 1.041e+004 1.04e+004 1.042e+004 1.042e+004 1.043e+004 1.044e+004 1.044e+004 1.043e+004 1.042e+004 1.04e+004 1.041e+004 1.042e+004 1.042e+004 1.041e+004 1.04e+004 1.039e+004 1.038e+004 1.038e+004 1.038e+004 1.038e+004 1.038e+004 1.038e+004
1.045e+004 1.044e+004 1.042e+004 1.041e+004 1.042e+004 1.044e+004 1.044e+004 1.043e+004 1.042e+004 1.041e+004 1.041e+004 1.04e+004 1.04e+004 1.04e+004 1.04e+004 1.04e+004 1.04e+004 1.039e+004 1.04e+004 1.039e+004 1.038e+004 1.036e+004 1.035e+004 1.033e+004 1.032e+004 1.031e+004 1.03e+004 1.031e+004 1.034e+004 1.036e+004 1.038e+004 1.039e+004 1.039e+004 1.04e+004 1.04e+004 1.04e+004 1.04e+004 1.039e+004 1.039e+004 1.04e+004 1.041e+004 1.041e+004 1.041e+004 1.041e+004 1.041e+004 1.042e+004 1.041e+004 1.04e+004 1.04e+004 1.039e+004 1.039e+004 1.038e+004 1.039e+004 1.039e+004 1.041e+004 1.041e+004 1.04e+004 1.039e+004
1.046e+004 1.047e+004 1.045e+004 1.043e+004 1.044e+004 1.045e+004 1.045e+004 1.044e+004 1.043e+004 1.041e+004 1.04e+004 1.04e+004 1.04e+004 1.04e+004 1.039e+004 1.038e+004 1.037e+004 1.038e+004 1.039e+004 1.039e+004 1.039e+004 1.037e+004 1.035e+004 1.033e+004 1.032e+004 1.032e+004 1.031e+004 1.034e+004 1.036e+004 1.038e+004 1.039e+004 1.04e+004 1.04e+004 1.04e+004 1.041e+004 1.041e+004 1.041e+004 1.039e+004 1.039e+004 1.04e+004 1.04e+004 1.041e+004 1.041e+004 1.04e+004 1.04e+004 1.041e+004 1.04e+004 1.039e+004 1.039e+004 1.038e+004 1.038e+004 1.038e+004 1.038e+004 1.039e+004 1.039e+004 1.04e+004 1.039e+004 1.038e+004
1.045e+004 1.046e+004 1.046e+004 1.044e+004 1.043e+004 1.044e+004 1.044e+004 1.044e+004 1.044e+004 1.041e+004 1.04e+004 1.039e+004 1.038e+004 1.038e+004 1.037e+004 1.037e+004 1.036e+004 1.037e+004 1.038e+004 1.038e+004 1.038e+004 1.037e+004 1.035e+004 1.035e+004 1.034e+004 1.035e+004 1.036e+004 1.038e+004 1.04e+004 1.04e+004 1.04e+004 1.041e+004 1.041e+004 1.041e+004 1.042e+004 1.042e+004 1.043e+004 1.042e+004 1.041e+004 1.041e+004 1.041e+004 1.04e+004 1.04e+004 1.04e+004 1.039e+004 1.038e+004 1.038e+004 1.038e+004 1.037e+004 1.037e+004 1.037e+004 1.037e+004 1.037e+004 1.038e+004 1.037e+004 1.035e+004 1.035e+004 1.034e+004
1.043e+004 1.044e+004 1.045e+004 1.042e+004 1.04e+004 1.042e+004 1.043e+004 1.043e+004 1.043e+004 1.04e+004 1.039e+004 1.039e+004 1.038e+004 1.037e+004 1.037e+004 1.037e+004 1.036e+004 1.036e+004 1.036e+004 1.037e+004 1.037e+004 1.036e+004 1.035e+004 1.035e+004 1.036e+004 1.038e+004 1.041e+004 1.043e+004 1.043e+004 1.043e+004 1.042e+004 1.042e+004 1.042e+004 1.042e+004 1.042e+004 1.042e+004 1.043e+004 1.043e+004 1.042e+004 1.041e+004 1.041e+004 1.041e+004 1.04e+004 1.039e+004 1.039e+004 1.038e+004 1.037e+004 1.037e+004 1.037e+004 1.036e+004 1.036e+004 1.036e+004 1.035e+004 1.033e+004 1.032e+004 1.032e+004 1.032e+004 1.032e+004
1.041e+004 1.042e+004 1.043e+004 1.04e+004 1.039e+004 1.039e+004 1.04e+004 1.041e+004 1.04e+004 1.04e+004 1.039e+004 1.039e+004 1.038e+004 1.037e+004 1.036e+004 1.036e+004 1.035e+004 1.035e+004 1.035e+004 1.035e+004 1.034e+004 1.033e+004 1.034e+004 1.036e+004 1.038e+004 1.04e+004 1.043e+004 1.047e+004 1.046e+004 1.045e+004 1.044e+004 1.043e+004 1.043e+004 1.042e+004 1.041e+004 1.041e+004 1.043e+004 1.043e+004 1.043e+004 1.043e+004 1.042e+004 1.041e+004 1.04e+004 1.039e+004 1.038e+004 1.037e+004 1.036e+004 1.036e+004 1.036e+004 1.035e+004 1.035e+004 1.034e+004 1.033e+004 1.032e+004 1.032e+004 1.031e+004 1.031e+004 1.031e+004
1.042e+004 1.04e+004 1.04e+004 1.038e+004 1.036e+004 1.037e+004 1.038e+004 1.038e+004 1.039e+004 1.039e+004 1.039e+004 1.038e+004 1.037e+004 1.036e+004 1.035e+004 1.034e+004 1.034e+004 1.034e+004 1.034e+004 1.034e+004 1.032e+004 1.032e+004 1.034e+004 1.037e+004 1.038e+004 1.04e+004 1.042e+004 1.045e+004 1.046e+004 1.045e+004 1.045e+004 1.045e+004 1.044e+004 1.043e+004 1.041e+004 1.042e+004 1.044e+004 1.045e+004 1.045e+004 1.044e+004 1.043e+004 1.041e+004 1.04e+004 1.039e+004 1.038e+004 1.037e+004 1.036e+004 1.036e+004 1.035e+004 1.034e+004 1.034e+004 1.033e+004 1.033e+004 1.033e+004 1.031e+004 1.03e+004 1.03e+004 1.031e+004
1.043e+004 1.041e+004 1.039e+004 1.037e+004 1.036e+004 1.036e+004 1.036e+004 1.035e+004 1.035e+004 1.038e+004 1.038e+004 1.037e+004 1.037e+004 1.036e+004 1.035e+004 1.034e+004 1.034e+004 1.034e+004 1.034e+004 1.033e+004 1.032e+004 1.032e+004 1.033e+004 1.035e+004 1.037e+004 1.039e+004 1.041e+004 1.043e+004 1.045e+004 1.046e+004 1.046e+004 1.047e+004 1.047e+004 1.046e+004 1.046e+004 1.046e+004 1.048e+004 1.048e+004 1.047e+004 1.045e+004 1.043e+004 1.042e+004 1.04e+004 1.039e+004 1.038e+004 1.037e+004 1.035e+004 1.035e+004 1.034e+004 1.033e+004 1.033e+004 1.032e+004 1.031e+004 1.031e+004 1.03e+004 1.029e+004 1.03e+004 1.03e+004
1.045e+004 1.042e+004 1.039e+004 1.037e+004 1.035e+004 1.035e+004 1.035e+004 1.034e+004 1.034e+004 1.037e+004 1.038e+004 1.037e+004 1.037e+004 1.036e+004 1.035e+004 1.034e+004 1.034e+004 1.034e+004 1.034e+004 1.034e+004 1.033e+004 1.032e+004 1.033e+004 1.034e+004 1.035e+004 1.037e+004 1.039e+004 1.042e+004 1.044e+004 1.046e+004 1.048e+004 1.049e+004 1.05e+004 1.051e+004 1.052e+004 1.053e+004 1.05e+004 1.049e+004 1.05e+004 1.046e+004 1.043e+004 1.041e+004 1.04e+004 1.039e+004 1.037e+004 1.036e+004 1.035e+004 1.034e+004 1.033e+004 1.033e+004 1.032e+004 1.031e+004 1.03e+004 1.029e+004 1.029e+004 1.029e+004 1.029e+004 1.03e+004
1.041e+004 1.04e+004 1.037e+004 1.036e+004 1.034e+004 1.034e+004 1.034e+004 1.034e+004 1.034e+004 1.035e+004 1.036e+004 1.037e+004 1.037e+004 1.037e+004 1.037e+004 1.035e+004 1.036e+004 1.036e+004 1.036e+004 1.036e+004 1.035e+004 1.036e+004 1.033e+004 1.033e+004 1.034e+004 1.037e+004 1.039e+004 1.041e+004 1.043e+004 1.048e+004 1.051e+004 1.053e+004 1.054e+004 1.055e+004 1.055e+004 1.053e+004 1.05e+004 1.048e+004 1.045e+004 1.043e+004 1.042e+004 1.041e+004 1.039e+004 1.038e+004 1.037e+004 1.036e+004 1.035e+004 1.034e+004 1.033e+004 1.032e+004 1.031e+004 1.03e+004 1.029e+004 1.028e+004 1.028e+004 1.029e+004 1.029e+004 1.03e+004
1.038e+004 1.038e+004 1.036e+004 1.035e+004 1.034e+004 1.033e+004 1.033e+004 1.033e+004 1.033e+004 1.033e+004 1.033e+004 1.035e+004 1.037e+004 1.038e+004 1.039e+004 1.038e+004 1.038e+004 1.038e+004 1.038e+004 1.039e+004 1.039e+004 1.039e+004 1.038e+004 1.036e+004 1.034e+004 1.034e+004 1.038e+004 1.043e+004 1.048e+004 1.052e+004 1.055e+004 1.057e+004 1.058e+004 1.059e+004 1.06e+004 1.06e+004 1.051e+004 1.047e+004 1.043e+004 1.041e+004 1.041e+004 1.04e+004 1.039e+004 1.038e+004 1.037e+004 1.036e+004 1.035e+004 1.034e+004 1.033e+004 1.032e+004 1.031e+004 1.03e+004 1.029e+004 1.028e+004 1.028e+004 1.028e+004 1.029e+004 1.029e+004
1.037e+004 1.036e+004 1.035e+004 1.034e+004 1.033e+004 1.032e+004 1.033e+004 1.033e+004 1.034e+004 1.034e+004 1.035e+004 1.037e+004 1.038e+004 1.039e+004 1.041e+004 1.042e+004 1.04e+004 1.04e+004 1.041e+004 1.041e+004 1.042e+004 1.041e+004 1.04e+004 1.039e+004 1.036e+004 1.035e+004 1.041e+004 1.048e+004 1.055e+004 1.057e+004 1.059e+004 1.061e+004 1.062e+004 1.063e+004 1.063e+004 1.062e+004 1.053e+004 1.049e+004 1.045e+004 1.042e+004 1.04e+004 1.039e+004 1.039e+004 1.038e+004 1.037e+004 1.036e+004 1.035e+004 1.034e+004 1.033e+004 1.032e+004 1.031e+004 1.03e+004 1.029e+004 1.029e+004 1.028e+004 1.028e+004 1.028e+004 1.029e+004
1.036e+004 1.035e+004 1.034e+004 1.034e+004 1.032e+004 1.031e+004 1.033e+004 1.034e+004 1.035e+004 1.036e+004 1.036e+004 1.039e+004 1.039e+004 1.04e+004 1.04e+004 1.04e+004 1.041e+004 1.042e+004 1.043e+004 1.043e+004 1.045e+004 1.048e+004 1.05e+004 1.044e+004 1.041e+004 1.041e+004 1.044e+004 1.051e+004 1.057e+004 1.061e+004 1.063e+004 1.064e+004 1.066e+004 1.067e+004 1.066e+004 1.062e+004 1.057e+004 1.051e+004 1.046e+004 1.042e+004 1.04e+004 1.04e+004 1.039e+004 1.038e+004 1.038e+004 1.037e+004 1.036e+004 1.035e+004 1.034e+004 1.033e+004 1.032e+004 1.031e+004 1.03e+004 1.029e+004 1.028e+004 1.029e+004 1.028e+004 1.028e+004
1.034e+004 1.034e+004 1.034e+004 1.033e+004 1.034e+004 1.034e+004 1.035e+004 1.035e+004 1.037e+004 1.038e+004 1.04e+004 1.04e+004 1.04e+004 1.04e+004 1.04e+004 1.041e+004 1.042e+004 1.043e+004 1.044e+004 1.045e+004 1.046e+004 1.049e+004 1.048e+004 1.045e+004 1.042e+004 1.043e+004 1.047e+004 1.054e+004 1.061e+004 1.063e+004 1.066e+004 1.068e+004 1.069e+004 1.071e+004 1.07e+004 1.07e+004 1.063e+004 1.055e+004 1.048e+004 1.043e+004 1.041e+004 1.04e+004 1.04e+004 1.04e+004 1.039e+004 1.038e+004 1.036e+004 1.035e+004 1.034e+004 1.034e+004 1.033e+004 1.032e+004 1.031e+004 1.03e+004 1.029e+004 1.03e+004 1.03e+004 1.029e+004
