real_craters/C106-1000m.grd
DSAA
40 40
-19.63 19.63
-19.63 19.63
9821.3178222587 11114.635467609
10663.6 10656.6 10647.6 10644.7 10649.3 10651.9 10647.8 10646.6 10651.4 10655.9 10658.8 10661.8 10665.4 10667.7 10672 10681 10716.2 10731.5 10722.9 10710.9 10707.1 10707.9 10711.6 10712.5 10711 10709.7 10699.5 10684.8 10671.5 10663.9 10648.1 10640.2 10630.2 10599.3 10571.5 10559.4 10545 10531.9 10522.1 10517.3 
10674.8 10663.8 10652.1 10644.2 10654.2 10652.5 10651.6 10650.6 10657.2 10663.2 10663.8 10665.8 10671.3 10688.2 10717.7 10762.4 10754.9 10746.6 10729.9 10718.5 10713.8 10718.7 10719.3 10720.3 10741.5 10733.1 10714.3 10694.7 10676.2 10658.5 10654.7 10665.6 10651.9 10628.8 10599.6 10573.7 10552.3 10532.8 10520.2 10515.3 
10696.3 10680.5 10664.1 10653.2 10655.6 10658.4 10658 10662.5 10671.5 10677.8 10676.4 10678.5 10682 10731.2 10772.7 10771.4 10762.8 10753.6 10739.9 10726.9 10720.7 10729.8 10735.4 10743.1 10760.5 10750.4 10725.4 10702 10681.2 10662.7 10657.1 10649.4 10640.5 10619.8 10607.5 10587.9 10564.2 10535.8 10521.5 10515.3 
10723.2 10701 10676.7 10659.9 10656.9 10657.8 10665.5 10682.3 10689.4 10699.4 10722.5 10736.5 10756.1 10801.7 10798.1 10760.7 10745.9 10749.6 10746 10737.4 10728.4 10735.9 10741 10744 10768.3 10751.5 10726.3 10704.8 10686.2 10674.6 10664.7 10652.1 10632 10620.3 10614.9 10601.7 10585 10570.9 10543 10522.9 
10754.3 10722.5 10688.7 10667 10661.5 10661.6 10674.6 10693.1 10701.1 10710.8 10730.1 10760.9 10807.1 10836.1 10792.4 10748.1 10730 10735.2 10737.8 10737.1 10739.6 10742.4 10749.8 10734.5 10732.3 10726.6 10716.6 10701.9 10686.1 10669.8 10655.9 10641.1 10631.7 10635.5 10626.5 10612.8 10600.9 10586.5 10558.5 10530.1 
10756.6 10718.6 10701.5 10686.4 10671.6 10668.6 10702.6 10713 10710.1 10712.5 10716.5 10745.3 10775.6 10782.3 10763.8 10738.3 10724.5 10727.7 10727.8 10733.8 10743.5 10751.6 10740.4 10722.7 10713.3 10710.2 10710.6 10701.6 10686.4 10669.4 10659.4 10641 10629.3 10635.7 10627 10613.9 10602.8 10592.3 10561.2 10531.2 
10736.9 10719.5 10712.8 10704.3 10695 10703.4 10724.6 10718.4 10717.2 10717.6 10720.4 10734.7 10744.8 10738 10742.6 10735.1 10721.5 10715.2 10728 10742.9 10763.8 10754.4 10752.1 10737.6 10724.9 10720.4 10715.3 10705.3 10688.6 10670.1 10655.2 10645.3 10636.4 10626.7 10620 10607.4 10591.4 10573.7 10554.2 10532 
10724.7 10720.8 10721.8 10712.7 10702.4 10704.9 10707.3 10711.9 10720 10726.4 10729.4 10740.2 10745.5 10749.9 10749.9 10748.9 10741.5 10739.9 10755.2 10764.5 10785.8 10794.6 10797.1 10775.7 10758.1 10748.7 10732.1 10717.8 10702.3 10682.1 10662.5 10647.8 10636.8 10631 10617.9 10601.1 10580.5 10561 10549.2 10532.1 
10721.1 10731.8 10738.4 10734.6 10710.9 10698.1 10698 10711 10726.3 10739.1 10749 10755.8 10759.3 10763.5 10770.1 10774.7 10780.5 10803.8 10801.2 10790.5 10831.5 10848.8 10835.2 10816.5 10794.1 10764.2 10762.2 10751.8 10730.4 10700.2 10669.4 10656.1 10642.4 10636.1 10619.8 10599.5 10577.6 10560.1 10550.9 10540.7 
10741.8 10746.1 10754.8 10752.1 10721.5 10707.2 10703.4 10720.5 10739 10755.9 10768 10774 10781.6 10791.8 10805.7 10817.9 10826.9 10866 10864.3 10963.2 10912 10923.5 10903.7 10884.2 10854 10812.3 10801.3 10790.9 10762.5 10727.2 10690 10671.3 10656.8 10640.5 10621.1 10601.6 10582.9 10565.9 10555.5 10544.6 
10762.9 10753.7 10753.4 10746.8 10732.7 10724.5 10724.4 10735.8 10752.8 10772.6 10786.4 10792 10800 10830.3 10854.4 10867.4 10894.6 10884 10866.5 10862.1 10914.3 11020.4 11059.4 10942.6 10903.3 10906.4 10894.2 10824.3 10780.9 10745.1 10708.7 10687.9 10664.5 10639.3 10624.7 10606.3 10583.9 10571.7 10562.5 10547.4 
10747.7 10751 10749.4 10743.3 10733.8 10731.9 10740.4 10747.3 10763.1 10783.7 10804.5 10819 10822.1 10861.8 10884.8 10875.8 10857.6 10798.3 10706.8 10659.4 10675.8 10567.6 10588.2 10731.4 10846.7 11031.3 10942.2 10823.4 10779.1 10760.5 10726.2 10696.9 10665.9 10643.4 10630.9 10617.9 10607.8 10588.1 10574.6 10565.4 
10750.7 10748.7 10747.7 10739.6 10733.3 10726.7 10728.8 10750.3 10768.3 10785.9 10820.7 10863.6 10896.2 10902 10875 10771.8 10642.4 10542.8 10436.8 10388.1 10382 10313 10299.4 10480.5 10637.6 10732.6 10761.6 10769.6 10768.2 10771.2 10752 10713.5 10680.1 10657.9 10640.1 10626.7 10610.7 10599.1 10583.7 10566.4 
10756.8 10747.5 10747.1 10739.4 10739.4 10734.7 10737.1 10762.5 10780.3 10804.9 10843.3 10892.4 10908.6 10866.8 10763.7 10559.3 10355.7 10275.6 10161.1 10123.6 10100.4 10105.5 10157.7 10281.5 10395.5 10448.6 10526.7 10639.6 10725.7 10788.6 10782.5 10736.7 10707.2 10667.1 10648.2 10634.2 10623.9 10607 10596.3 10585.1 
10733.3 10747.2 10754.7 10751.7 10751.2 10758.3 10756 10774.7 10799.5 10826.1 10859.7 10884.7 10862.2 10728.5 10514 10325.7 10147.1 10071 10002.1 9956.04 9943.35 9957.6 10037.8 10132.5 10214.9 10240.6 10342 10534 10690.4 10806.5 10809.9 10754.9 10725.5 10686.9 10657.1 10637 10621.9 10606 10596.9 10587.9 
10727.7 10751.3 10781 10767.4 10754.9 10750.6 10764 10789.9 10815.6 10831.7 10871 10872.4 10791.8 10604 10355.2 10160.1 10008.9 9968.08 9941.87 9927.38 9923.89 9926.41 9951.79 10026.5 10054.4 10126.3 10256.8 10437.2 10668.7 10850.4 10844.7 10765.4 10735.6 10690.3 10663.2 10637.4 10615.1 10600.9 10588.9 10586.2 
10736.2 10753.9 10767.6 10766.7 10754.9 10756.6 10772.2 10805.4 10852 10875.8 10902.7 10894.5 10768.2 10531.1 10297.5 10051.9 9936.92 9921.64 9917.71 9921.12 9917.79 9915.11 9923.19 9957.58 9956.26 9998.49 10091.3 10343.8 10634.7 10877.5 10868 10774.4 10734.1 10698.6 10671 10646.4 10623.4 10602.8 10583.5 10583.8 
10744.7 10766.1 10777.7 10767.5 10753.7 10752.5 10782.5 10829.3 10881.6 10910.8 10937.7 10922.5 10757.7 10448.8 10122.1 9952.94 9920.33 9924.11 9919.19 9924.3 9925.11 9910.68 9898.93 9888.55 9891.08 9908.85 9988.56 10256.8 10563.8 10788.1 10846.5 10793.1 10746 10711.1 10683.4 10658.8 10633.7 10611.4 10596.8 10587.1 
10737.8 10772.4 10785.1 10770.6 10754.9 10747 10767 10806.3 10904.9 10931.2 10945.2 10914.3 10716.2 10392.1 10069.6 9927.16 9924.59 9945.19 9926.68 9909.5 9883.15 9933.57 9880.58 9859.16 9852.28 9861.9 9934.48 10188.3 10504.4 10755.5 10829.6 10811.1 10751 10725.8 10696.9 10666.5 10638.7 10615.6 10600.8 10583.1 
10715.4 10750.5 10776.9 10768.8 10760.2 10754 10772.6 10831 10916.2 10941.1 10938.2 10845.1 10656.5 10373.4 10079.5 9934.99 9930.3 9920.12 9894.68 9834.82 9821.32 10001.9 9897.28 9849.95 9836.45 9837.43 9904.86 10144.7 10461.2 10707.5 10848.6 10835.8 10752.5 10726.6 10701.7 10672.6 10637.8 10606.8 10578.3 10571.5 
10700.9 10719.8 10748.4 10757.3 10762.7 10764.6 10771.5 10806.4 10870.3 10922.5 10960.5 10895.6 10685.9 10396 10097.4 9953.24 9947.26 9942.66 9927.05 9898.66 9871.95 9917.81 9886.73 9853.18 9833.52 9829.48 9883.64 10123.8 10488.2 10772 10938.1 10895.7 10754.5 10720.5 10690.8 10657.7 10629.7 10604.4 10580 10568 
10702.2 10714.2 10730.9 10743.1 10754.1 10760.3 10767.8 10798.9 10847 10925.1 11037 11036.9 10769.4 10443.3 10121.9 9972.44 9968.5 9976.16 9979.95 9906.54 9929.68 9913.43 9898.53 9882.85 9860.74 9852.74 9888.34 10121 10542.4 10850.1 10975.5 10840.8 10762.6 10718.7 10681.3 10642.5 10625.1 10606.5 10588 10573.8 
10706.4 10721.1 10729.4 10739.3 10748 10756.7 10770.9 10794.6 10840.4 10931.7 11091.2 11114.3 10830.6 10490.5 10164.6 10008.2 9987 9983.88 9988.84 9965.67 9955.83 9959.02 9936.5 9923.28 9911.58 9912.33 9951.25 10153.1 10531.6 10814.9 10912 10827.6 10771.5 10725.5 10691 10657.2 10634 10613.5 10595 10581.7 
10711.8 10721 10731.3 10738.6 10746.7 10753.1 10761.4 10780.7 10826.5 10911.4 11044.5 11044 10818.9 10531.6 10243.8 10093.7 10027.4 9999.42 10004.5 9996.66 9991.24 9981.34 9962.61 9960.07 9979.71 10022.6 10100.2 10290.9 10632.7 10850.2 10932.6 10853.7 10772.4 10725 10696.7 10669.7 10649.5 10626.5 10608.8 10596.5 
10719.9 10724 10731.7 10739.5 10741.5 10746.3 10751.3 10771.4 10811.9 10873.7 10951.4 10920.9 10790.4 10589.5 10366.7 10226.8 10115.8 10037.4 10021.4 10008.9 10004 10012.6 9979.02 9984.56 10065.1 10170.7 10303.5 10497 10822.1 10932.1 10945.3 10858 10757.5 10716.4 10694.1 10683.3 10672.4 10655.4 10633.9 10617.3 
10729.4 10727.3 10734.8 10746.9 10756.8 10750.4 10748.2 10766.7 10796.5 10847.4 10896.4 10879.5 10788.3 10671.4 10554.1 10443.8 10293.2 10135.3 10069.9 10046.2 10043.2 10057.1 10028.7 10044.8 10176.8 10334.8 10512.5 10759.5 10932.1 10963.7 10928.5 10818.3 10748.5 10716 10709.5 10705.9 10700.2 10693 10659.4 10625.9 
10742.4 10735.9 10740.7 10751.8 10764.3 10753.6 10745.4 10758.2 10783.5 10818.3 10849.4 10846.2 10802.2 10739.3 10697.9 10627.1 10511.2 10403.9 10277.3 10203.6 10139.3 10126.6 10144 10156.4 10335.6 10517.2 10686 10853.1 10960.7 10931.2 10843.9 10787.6 10749.6 10720.3 10704.5 10710.6 10717.4 10710.1 10673.1 10624.8 
10745.6 10740 10744.7 10750.6 10755 10752 10748.6 10748.1 10771 10797.1 10821.7 10832.4 10822.9 10805.4 10723 10688.9 10598.2 10514.9 10496.2 10458.8 10338 10327.2 10395 10455.2 10581.3 10694.6 10810.8 10922 10942.4 10889 10829.2 10788.2 10755.6 10727.7 10705.7 10706 10714.1 10723.1 10672.4 10623.4 
10742.5 10745.4 10751.4 10751.2 10751.4 10752.1 10750.8 10758.4 10769.4 10781.8 10800.2 10823.4 10841.5 10863.3 10893.1 10834.7 10763.5 10660.7 10642 10658.4 10663.1 10700.1 10793.1 10863.6 10879.9 10860.2 10879.1 10908.3 10902.3 10860.9 10806 10788.2 10764.2 10739 10713 10698.9 10692 10677.7 10656.6 10621.8 
10748.9 10751.1 10756 10760.8 10758.8 10755.4 10754.2 10752.5 10757.7 10770.3 10789.5 10819.9 10848.9 10873.1 10891.7 10961.6 11058.8 10985 10831.7 10820.2 10869.8 10958 11022.6 11045.2 10997.4 10931.4 10903.7 10896.9 10866.8 10844.1 10808.4 10781.9 10763.2 10746.8 10726.6 10703.7 10686.6 10667.8 10651.1 10627.7 
10733.9 10751.8 10766.5 10767.4 10760.6 10755.4 10754.6 10754.6 10759.9 10770.7 10788.5 10818.9 10847.9 10877.7 10910.5 10964 11015.8 11053 11090.9 11114.6 11071.3 11006.1 10981.7 10966.6 10942.6 10921.1 10893.8 10877.4 10823 10678.3 10721.9 10761.7 10762.2 10754 10734.2 10717.7 10695.5 10676.6 10657.6 10644.5 
10723.1 10746.9 10768.8 10754.4 10748.1 10752.6 10758 10764.2 10777.3 10799.7 10808.2 10826 10848.7 10871.2 10895.8 10936.1 10972.5 10987.8 10985.3 10989.3 11013.4 10970.3 10931.6 10924.9 10914.2 10896.6 10875.9 10854.3 10824.1 10830.6 10783 10769.6 10765.6 10750.9 10738.7 10735.8 10714.4 10689.9 10665.1 10630.4 
10716 10739.5 10751 10742.9 10738.2 10746.3 10761.1 10777.5 10803 10823 10818.4 10830.3 10849 10867.5 10889.1 10921.7 10950.8 10958.1 10947.1 10938.9 10941.9 10925.4 10897.9 10893.2 10885 10872 10854.9 10836.9 10818.9 10821.6 10826.1 10799.4 10776.9 10753.1 10743.1 10746.5 10762.4 10729.5 10676.7 10637.2 
10735.9 10730.6 10738.3 10734.4 10727.9 10738.7 10752.4 10769 10801.4 10822.5 10817.4 10827.5 10846.4 10869.1 10885.5 10908.1 10928 10927.9 10918.8 10906.8 10905.3 10898.1 10885.8 10876.4 10865.5 10855.7 10841.7 10830 10829.6 10820.5 10824.7 10804.5 10779.6 10761.2 10750.8 10744 10759.1 10732.6 10682.4 10635.9 
10686.9 10707.1 10720.2 10701.9 10718.6 10732.4 10743.1 10760.3 10784.3 10798.7 10802 10816.5 10836.1 10856.9 10870.7 10888.4 10900.1 10902 10895.2 10891.9 10890.5 10885.8 10876.6 10869 10859 10847 10833.7 10820.8 10824.1 10823.6 10819.3 10802.6 10779.8 10757.6 10748.5 10750.6 10752.6 10721.4 10682.2 10644 
10644.2 10682.8 10713.1 10720.8 10721.3 10732.8 10742.2 10748.7 10761.7 10775.3 10780.2 10795.4 10814.5 10827 10844.3 10866 10881.4 10891.9 10886.7 10882 10880.6 10881.6 10881.3 10873.8 10860 10845.6 10834 10830.8 10827.4 10829.9 10825.2 10808.5 10781.7 10751.3 10735.5 10727.7 10716.4 10709.1 10685 10656 
10635.4 10682.8 10707.6 10713.4 10723.1 10737.6 10751.7 10749 10752 10755.5 10754.4 10770.1 10787.1 10796.2 10818.7 10845.5 10872.3 10877.4 10897.8 10900.8 10880.2 10879.2 10882 10874.9 10858.7 10843.2 10827.7 10817.4 10809 10843 10837.2 10815.3 10792.9 10760.4 10736.9 10736.2 10740.9 10713 10696.7 10677.2 
10662.8 10694.4 10709.6 10711.1 10719 10731.3 10745.5 10747.2 10746.9 10736.7 10729.5 10747.3 10765.7 10777.5 10799.3 10825.8 10852 10878.4 10892.5 10883.4 10873.1 10875.9 10874.1 10865.7 10851 10836.5 10825.9 10824.6 10833.7 10842.5 10834 10815.5 10797.6 10773.4 10741.9 10735.2 10724.9 10717.9 10709.4 10692.3 
10661.6 10695.8 10702.7 10710 10711.1 10717.2 10727.4 10733.8 10732.6 10726.6 10714.5 10731.4 10748.9 10761.6 10783.4 10810.3 10839.5 10866.3 10875.6 10878.5 10884.4 10875.4 10866.9 10854.1 10845.6 10833 10821.6 10834 10858 10831.1 10816.4 10803.9 10795.4 10783.1 10756.1 10739.5 10726.1 10723.9 10718.7 10703.6 
10655.6 10688.2 10717.3 10705.2 10698.3 10697.6 10701.6 10722.5 10733.1 10718.2 10718.1 10723.4 10732.1 10741.6 10768.8 10797.2 10827.7 10854.3 10861.8 10869.6 10879.1 10872.9 10865.5 10865.7 10852.7 10847.4 10830.8 10842.5 10862.3 10814.1 10793.8 10783.6 10777.9 10773.5 10765.6 10747.8 10739 10738.5 10729.5 10711.8 
