real_craters/C106-750m.grd
DSAA
93 93
-34.3525 34.3525
-34.3525 34.3525
3768.0255188175 6213.1465277585
[rows 38 to 75 of 93, columns 0 to 83 of 93]
5720 5722 5735 5776 5755 5736 5734 5729 5724 5723 5726 5732 5740 5751 5762 5773 5781 5752 5733 5734 5746 5748 5747 5753 5760 5755 5750 5743 5742 5738 5734 5734 5740 5762 5881 5830 5758 5658 5550 5444 5330 5202 5086 5022 4921 4831 4827 4887 4956 4997 5031 5145 5261 5345 5474 5722 5840 5907 5952 5992 6005 5827 5785 5778 5778 5782 5788 5791 5781 5770 5775 5784 5768 5750 5733 5717 5704 5705 5707 5708 5709 5710 5718 5725
5723 5726 5723 5735 5749 5751 5741 5728 5718 5720 5724 5729 5737 5749 5759 5769 5768 5749 5731 5729 5736 5744 5743 5745 5743 5750 5750 5746 5743 5743 5743 5746 5751 5766 5890 5872 5743 5586 5421 5266 5144 5030 4911 4843 4760 4691 4693 4716 4764 4939 4989 5044 5128 5215 5301 5463 5668 5816 5926 5933 5884 5825 5800 5792 5794 5795 5791 5789 5783 5765 5757 5776 5765 5749 5731 5719 5720 5708 5706 5707 5711 5717 5718 5723
5722 5726 5727 5733 5744 5755 5742 5727 5720 5719 5725 5724 5733 5746 5755 5760 5754 5737 5725 5722 5731 5732 5732 5730 5737 5745 5750 5756 5757 5763 5767 5771 5788 5853 5978 5907 5721 5510 5295 5104 4971 4862 4784 4688 4601 4584 4601 4602 4646 4754 4855 4940 5034 5145 5280 5365 5553 5746 5893 5942 5841 5812 5805 5805 5806 5802 5791 5779 5770 5760 5758 5765 5761 5746 5727 5708 5699 5701 5702 5704 5708 5713 5716 5722
5720 5725 5732 5728 5730 5733 5723 5720 5715 5711 5692 5714 5729 5741 5749 5750 5731 5718 5711 5711 5715 5721 5724 5729 5740 5744 5753 5765 5775 5786 5796 5801 5813 5853 5944 5873 5673 5430 5180 4956 4884 4793 4666 4588 4572 4545 4575 4621 4596 4646 4694 4812 4936 5060 5171 5298 5506 5707 5869 5921 5858 5820 5806 5804 5807 5806 5793 5778 5758 5764 5768 5776 5767 5749 5727 5702 5694 5693 5696 5700 5704 5707 5712 5716
5721 5723 5723 5721 5715 5691 5696 5718 5724 5714 5719 5719 5727 5738 5747 5747 5724 5707 5699 5700 5711 5715 5720 5724 5731 5746 5762 5779 5797 5818 5839 5851 5849 5862 5907 5828 5611 5351 5089 4877 4812 4739 4639 4571 4621 4559 4576 4590 4572 4581 4585 4716 4846 4970 5100 5275 5507 5734 5903 5897 5881 5828 5808 5806 5804 5799 5793 5795 5817 5796 5786 5791 5772 5752 5730 5705 5688 5689 5693 5698 5704 5708 5710 5711
5715 5715 5715 5724 5720 5719 5723 5717 5717 5714 5717 5718 5724 5735 5746 5751 5734 5711 5699 5700 5705 5710 5716 5725 5735 5748 5770 5797 5829 5864 5895 5916 5906 5895 5901 5798 5548 5283 5028 4832 4759 4706 4670 4659 4743 4631 4655 4601 4570 4579 4588 4665 4767 4874 5006 5246 5514 5785 6010 5978 5855 5844 5828 5812 5801 5797 5790 5796 5804 5802 5816 5796 5772 5751 5734 5719 5696 5686 5691 5697 5704 5708 5711 5715
5713 5726 5750 5742 5729 5726 5720 5710 5705 5703 5698 5703 5714 5726 5740 5750 5740 5722 5705 5696 5696 5707 5717 5724 5726 5747 5777 5816 5867 5913 5958 5995 6013 5958 5859 5701 5471 5216 4972 4804 4733 4685 4687 4747 4651 4782 4777 4845 4762 4657 4607 4634 4709 4804 4936 5204 5515 5816 6063 6050 5890 5866 5841 5814 5799 5774 5783 5784 5773 5763 5784 5779 5764 5746 5731 5728 5702 5686 5693 5699 5704 5709 5713 5717
5710 5737 5738 5727 5722 5717 5708 5700 5696 5692 5693 5697 5702 5711 5726 5748 5743 5735 5714 5703 5698 5707 5715 5718 5722 5751 5792 5837 5886 5933 5983 6039 6079 5989 5821 5630 5408 5163 4936 4788 4717 4628 4552 4519 4261 4615 4706 4889 4959 4733 4581 4606 4673 4770 4907 5198 5496 5785 6008 6029 5954 5893 5846 5816 5805 5803 5789 5774 5755 5752 5756 5759 5748 5735 5716 5695 5695 5700 5702 5704 5705 5710 5717 5724
5735 5719 5707 5711 5710 5704 5695 5690 5687 5685 5683 5682 5686 5690 5696 5710 5731 5736 5726 5713 5709 5713 5715 5714 5732 5763 5803 5846 5897 5945 5989 6027 6041 5930 5771 5592 5368 5133 4914 4795 4731 4539 4330 4114 3998 4279 4421 4546 4835 4866 4605 4599 4675 4785 4942 5225 5494 5737 5939 6100 6016 5904 5846 5803 5803 5796 5789 5778 5759 5744 5747 5747 5741 5727 5708 5688 5703 5717 5710 5707 5710 5708 5712 5721
5716 5714 5713 5705 5703 5698 5690 5682 5681 5679 5676 5673 5673 5671 5667 5673 5720 5759 5744 5733 5725 5723 5720 5726 5751 5781 5814 5852 5892 5933 5964 5973 5939 5851 5718 5554 5347 5131 4933 4838 4710 4465 4170 3910 3892 4011 4116 4222 4554 4863 4608 4625 4717 4851 5047 5278 5526 5739 5951 6114 5948 5863 5808 5793 5798 5796 5791 5780 5759 5743 5741 5738 5733 5727 5720 5698 5714 5714 5715 5705 5700 5698 5701 5709
5705 5689 5692 5700 5701 5700 5697 5685 5679 5676 5673 5672 5664 5660 5659 5676 5715 5752 5749 5740 5738 5736 5742 5753 5772 5790 5805 5851 5884 5919 5931 5914 5857 5785 5672 5514 5335 5146 4988 4923 4780 4428 4104 3965 3909 3901 3904 3939 4276 4607 4675 4675 4769 4915 5110 5340 5581 5829 6080 6038 5856 5818 5794 5787 5791 5796 5786 5755 5744 5735 5737 5737 5736 5735 5741 5757 5748 5754 5724 5700 5686 5690 5696 5708
5700 5707 5700 5701 5701 5701 5699 5685 5680 5675 5670 5664 5660 5657 5657 5674 5708 5741 5751 5749 5748 5742 5753 5773 5779 5786 5807 5851 5878 5899 5909 5888 5833 5761 5661 5530 5362 5172 4981 4892 4707 4382 4055 3938 3954 3857 3789 3786 4133 4506 4701 4744 4842 4945 5121 5335 5636 5950 6139 6000 5851 5805 5785 5781 5783 5780 5765 5743 5735 5737 5742 5741 5738 5737 5740 5745 5749 5741 5718 5694 5682 5688 5698 5709
5704 5692 5701 5702 5701 5699 5697 5691 5681 5675 5672 5669 5664 5659 5661 5676 5701 5731 5747 5756 5758 5747 5753 5773 5790 5808 5813 5818 5863 5883 5893 5887 5850 5776 5690 5566 5417 5251 5067 4971 4725 4370 4040 3991 3909 3840 3768 3774 4188 4547 4820 4841 4939 5070 5228 5414 5715 6053 6061 5929 5816 5791 5786 5784 5780 5769 5758 5742 5737 5749 5749 5745 5740 5734 5727 5724 5730 5728 5707 5686 5679 5689 5704 5713
5706 5694 5702 5702 5699 5695 5687 5682 5679 5676 5673 5673 5668 5663 5661 5675 5695 5709 5717 5743 5765 5755 5755 5769 5791 5814 5808 5808 5850 5867 5880 5892 5866 5806 5747 5677 5562 5382 5216 5075 4779 4394 4066 4007 3939 3892 3858 3921 4328 4646 4832 4912 5063 5221 5385 5561 5810 6066 5958 5847 5780 5782 5801 5802 5775 5764 5755 5751 5745 5745 5755 5748 5738 5729 5726 5721 5720 5712 5701 5683 5681 5694 5706 5717
5710 5710 5709 5705 5699 5694 5689 5683 5680 5678 5675 5670 5670 5673 5672 5684 5697 5705 5702 5729 5756 5759 5756 5762 5771 5771 5781 5792 5803 5836 5844 5865 5858 5827 5804 5779 5703 5483 5296 5154 4853 4484 4163 4267 4014 4064 4104 4262 4548 4851 4992 5112 5211 5335 5538 5748 5944 6039 5949 5821 5777 5778 5781 5767 5767 5762 5754 5752 5750 5748 5760 5749 5735 5722 5712 5712 5714 5713 5703 5693 5693 5704 5721 5725
5724 5718 5714 5709 5701 5694 5685 5681 5681 5682 5681 5681 5682 5683 5692 5697 5709 5721 5736 5741 5747 5763 5748 5753 5755 5747 5762 5779 5790 5809 5809 5778 5814 5837 5842 5815 5716 5551 5396 5237 4991 4705 4515 4664 4375 4411 4478 4663 4911 5080 5150 5268 5377 5503 5689 5915 6113 6073 5928 5825 5774 5772 5774 5767 5765 5759 5758 5747 5735 5743 5754 5744 5730 5712 5696 5698 5707 5708 5704 5698 5703 5714 5724 5731
5727 5722 5721 5714 5705 5697 5691 5685 5687 5687 5686 5688 5689 5685 5684 5703 5720 5738 5744 5744 5748 5735 5754 5753 5754 5758 5767 5775 5784 5793 5803 5791 5818 5850 5871 5855 5740 5578 5442 5338 5169 5003 5005 4973 4816 4822 4897 5045 5154 5163 5302 5440 5534 5668 5790 5930 6007 6048 5900 5823 5777 5771 5775 5791 5765 5750 5739 5733 5727 5740 5747 5739 5727 5710 5691 5697 5708 5720 5725 5707 5714 5723 5733 5736
5725 5741 5731 5723 5714 5703 5697 5702 5698 5694 5691 5689 5686 5690 5696 5711 5731 5749 5751 5740 5736 5729 5741 5746 5751 5757 5763 5769 5777 5789 5809 5840 5838 5865 5905 5947 5979 5739 5587 5501 5368 5240 5214 5081 5146 5131 5150 5228 5281 5339 5414 5504 5645 5759 5852 5919 5966 6004 5852 5791 5773 5770 5762 5748 5744 5740 5732 5734 5738 5732 5735 5734 5729 5722 5708 5712 5715 5719 5723 5739 5731 5731 5732 5735
5718 5729 5735 5729 5721 5712 5705 5705 5701 5696 5694 5694 5698 5694 5700 5715 5734 5750 5745 5731 5718 5704 5726 5737 5742 5744 5749 5759 5769 5780 5783 5802 5832 5861 5906 5964 6048 5957 5832 5718 5578 5453 5473 5261 5303 5306 5296 5351 5425 5425 5547 5685 5829 5887 5901 5908 5900 5842 5775 5764 5751 5753 5753 5746 5734 5732 5738 5731 5737 5735 5734 5733 5733 5736 5744 5728 5722 5719 5723 5740 5742 5736 5733 5735
5712 5737 5736 5734 5730 5723 5714 5706 5700 5696 5695 5694 5694 5691 5698 5716 5734 5747 5738 5726 5726 5715 5726 5729 5730 5733 5737 5747 5759 5770 5774 5787 5816 5838 5865 5881 5886 6016 6040 5934 5781 5663 5680 5477 5443 5438 5419 5446 5516 5614 5783 6006 6113 6037 5943 5885 5828 5777 5780 5767 5756 5752 5751 5742 5734 5727 5721 5726 5737 5737 5732 5731 5732 5734 5732 5732 5727 5724 5726 5753 5753 5747 5739 5734
5711 5719 5728 5730 5734 5741 5735 5716 5703 5694 5693 5694 5695 5695 5699 5713 5731 5747 5741 5731 5719 5713 5721 5724 5722 5723 5727 5735 5749 5764 5778 5788 5797 5811 5815 5801 5799 5905 6020 6009 5931 5879 5952 5650 5631 5609 5561 5652 5776 5929 6052 6213 6095 5996 5917 5844 5779 5759 5764 5765 5763 5760 5764 5759 5751 5736 5724 5723 5735 5731 5730 5727 5727 5730 5735 5734 5735 5738 5748 5765 5759 5755 5748 5739
5709 5703 5716 5727 5734 5735 5727 5703 5683 5690 5691 5692 5694 5693 5696 5705 5720 5743 5743 5737 5721 5698 5710 5714 5712 5711 5710 5725 5741 5758 5779 5790 5783 5782 5773 5759 5759 5802 5952 5987 5994 6034 6029 5854 5787 5783 5839 5940 6036 6192 6174 6065 5991 5915 5853 5800 5761 5750 5755 5764 5774 5784 5788 5776 5761 5750 5738 5738 5721 5719 5717 5716 5719 5720 5725 5734 5740 5749 5763 5765 5754 5749 5756 5762
5712 5710 5714 5724 5732 5735 5726 5710 5697 5691 5689 5689 5687 5685 5690 5697 5703 5708 5738 5731 5728 5708 5709 5709 5707 5706 5707 5719 5734 5748 5756 5769 5772 5768 5769 5760 5759 5771 5804 5894 5952 6022 5963 5961 5916 5946 6009 6066 6078 6056 6008 5902 5830 5827 5801 5774 5743 5735 5751 5762 5777 5803 5800 5781 5772 5760 5745 5725 5721 5715 5705 5708 5716 5725 5729 5733 5739 5747 5755 5749 5740 5739 5757 5768
5704 5707 5712 5722 5731 5732 5726 5710 5696 5691 5689 5687 5687 5685 5687 5692 5697 5701 5725 5719 5726 5713 5707 5705 5705 5706 5708 5717 5728 5739 5754 5761 5767 5771 5773 5773 5775 5782 5797 5829 5854 5841 5819 5886 5902 5938 5914 5886 5924 5919 5865 5768 5721 5750 5760 5753 5753 5742 5748 5754 5764 5776 5787 5773 5763 5754 5742 5730 5725 5718 5708 5709 5721 5728 5731 5732 5731 5732 5730 5717 5728 5735 5747 5753
5699 5702 5708 5719 5731 5742 5729 5713 5700 5695 5691 5691 5689 5683 5685 5691 5701 5721 5723 5714 5712 5704 5702 5703 5704 5706 5712 5719 5726 5733 5737 5750 5759 5765 5771 5778 5785 5777 5777 5784 5783 5764 5787 5808 5812 5767 5780 5801 5804 5775 5730 5713 5708 5720 5733 5735 5738 5752 5739 5741 5747 5754 5762 5751 5742 5742 5740 5729 5738 5724 5716 5718 5731 5740 5733 5727 5720 5713 5704 5711 5729 5744 5746 5743
5701 5702 5708 5714 5724 5733 5727 5717 5706 5702 5703 5702 5692 5683 5685 5690 5698 5707 5711 5714 5705 5707 5701 5701 5704 5707 5710 5715 5726 5735 5741 5747 5752 5759 5766 5774 5786 5774 5756 5756 5750 5750 5761 5769 5766 5749 5755 5787 5762 5716 5683 5687 5698 5708 5712 5717 5721 5723 5723 5726 5727 5724 5724 5731 5728 5737 5750 5764 5728 5727 5733 5743 5742 5739 5729 5719 5711 5705 5703 5718 5736 5750 5762 5752
5699 5696 5698 5706 5712 5715 5723 5720 5712 5715 5721 5717 5702 5687 5689 5693 5695 5692 5698 5700 5703 5704 5699 5699 5703 5709 5716 5725 5729 5734 5741 5742 5746 5752 5757 5762 5759 5768 5759 5745 5737 5744 5748 5752 5759 5773 5768 5770 5749 5715 5686 5700 5691 5698 5705 5708 5705 5718 5714 5714 5715 5717 5720 5729 5733 5731 5739 5755 5724 5720 5733 5749 5729 5727 5714 5707 5702 5701 5708 5720 5750 5761 5754 5749
5686 5690 5692 5703 5709 5714 5723 5728 5726 5735 5747 5739 5718 5699 5698 5698 5699 5697 5695 5690 5690 5692 5688 5693 5701 5710 5721 5727 5730 5727 5726 5733 5737 5741 5746 5749 5753 5755 5748 5737 5726 5737 5730 5734 5745 5758 5760 5761 5744 5728 5721 5711 5685 5695 5700 5698 5695 5703 5703 5702 5704 5706 5719 5736 5750 5737 5713 5680 5687 5698 5708 5709 5695 5685 5695 5695 5693 5694 5701 5716 5740 5756 5769 5756
5686 5691 5697 5707 5719 5719 5717 5728 5753 5775 5767 5761 5750 5729 5717 5712 5712 5707 5702 5693 5676 5676 5677 5684 5694 5706 5720 5739 5730 5724 5723 5725 5729 5732 5735 5739 5742 5743 5742 5730 5721 5735 5717 5720 5724 5721 5737 5741 5732 5729 5746 5727 5694 5691 5694 5700 5681 5692 5690 5692 5694 5699 5704 5740 5761 5758 5709 5678 5669 5682 5691 5688 5688 5687 5690 5690 5689 5689 5699 5717 5741 5748 5751 5760
5684 5697 5711 5719 5720 5709 5691 5692 5746 5802 5718 5748 5822 5777 5739 5729 5716 5713 5710 5703 5680 5672 5669 5675 5685 5698 5711 5718 5725 5725 5722 5721 5720 5721 5724 5727 5732 5737 5730 5724 5718 5726 5710 5710 5711 5708 5695 5704 5712 5712 5699 5698 5692 5677 5680 5691 5674 5670 5677 5680 5687 5697 5709 5736 5751 5737 5699 5669 5674 5684 5686 5688 5701 5702 5695 5691 5687 5683 5696 5716 5744 5741 5739 5771
5681 5698 5725 5724 5717 5691 5643 5597 5544 5481 5528 5617 5761 5775 5770 5747 5713 5712 5707 5714 5701 5674 5665 5670 5678 5689 5701 5718 5722 5725 5722 5715 5714 5713 5713 5712 5714 5716 5719 5719 5728 5735 5703 5698 5701 5703 5689 5694 5698 5697 5692 5684 5668 5656 5661 5652 5642 5644 5654 5666 5679 5695 5713 5730 5727 5712 5667 5655 5687 5689 5686 5684 5699 5704 5697 5692 5690 5694 5701 5718 5734 5736 5738 5748
5677 5686 5692 5704 5722 5678 5601 5503 5379 5265 5338 5413 5499 5696 5800 5766 5719 5703 5691 5685 5684 5670 5661 5663 5668 5674 5681 5687 5692 5707 5706 5703 5702 5703 5703 5702 5704 5713 5715 5708 5708 5722 5688 5687 5692 5697 5703 5699 5691 5687 5688 5679 5656 5645 5654 5662 5633 5630 5642 5650 5666 5685 5703 5722 5702 5672 5655 5661 5674 5683 5687 5693 5709 5702 5696 5691 5691 5698 5704 5716 5730 5733 5737 5746
5670 5675 5679 5694 5712 5658 5570 5461 5341 5265 5262 5294 5374 5641 5811 5768 5700 5689 5682 5674 5671 5665 5661 5657 5657 5659 5660 5657 5659 5662 5678 5687 5692 5696 5698 5699 5702 5705 5708 5702 5707 5677 5668 5684 5695 5704 5714 5693 5680 5673 5673 5664 5651 5650 5659 5658 5671 5645 5624 5633 5650 5669 5691 5690 5681 5679 5670 5669 5674 5681 5685 5685 5681 5685 5686 5686 5686 5685 5699 5710 5721 5729 5733 5738
5666 5668 5671 5680 5683 5638 5554 5453 5346 5274 5265 5302 5399 5628 5781 5756 5698 5684 5683 5679 5672 5668 5655 5651 5651 5650 5647 5645 5646 5654 5665 5677 5686 5690 5693 5698 5697 5700 5701 5698 5703 5698 5684 5689 5699 5694 5678 5673 5662 5650 5634 5624 5638 5655 5664 5666 5665 5641 5618 5621 5630 5643 5659 5653 5651 5673 5653 5661 5677 5690 5678 5674 5668 5672 5677 5682 5687 5692 5698 5706 5709 5716 5724 5734
5663 5663 5664 5667 5672 5622 5554 5476 5390 5299 5335 5440 5535 5661 5741 5738 5698 5682 5677 5677 5678 5668 5652 5648 5648 5646 5641 5635 5631 5646 5660 5671 5679 5683 5686 5686 5684 5684 5685 5686 5692 5683 5684 5693 5700 5690 5675 5659 5646 5631 5611 5597 5621 5648 5641 5629 5637 5618 5610 5613 5616 5619 5614 5632 5675 5643 5633 5644 5650 5647 5664 5675 5666 5664 5668 5674 5682 5693 5699 5702 5710 5718 5721 5731
5662 5661 5661 5664 5660 5626 5582 5535 5489 5451 5532 5700 5740 5726 5728 5720 5690 5678 5668 5664 5666 5663 5659 5651 5647 5644 5640 5638 5642 5646 5659 5668 5676 5681 5681 5673 5675 5679 5684 5687 5702 5673 5681 5695 5701 5693 5670 5647 5635 5621 5607 5587 5587 5609 5602 5583 5566 5580 5601 5599 5597 5603 5607 5605 5623 5618 5618 5631 5632 5633 5652 5666 5665 5662 5664 5668 5674 5687 5704 5713 5722 5728 5731 5739
5661 5659 5658 5661 5654 5634 5612 5594 5602 5672 5766 5792 5796 5752 5716 5706 5693 5682 5671 5662 5672 5681 5666 5652 5649 5645 5643 5643 5643 5666 5668 5672 5677 5683 5690 5694 5701 5694 5698 5701 5713 5686 5678 5683 5696 5674 5661 5645 5628 5614 5600 5584 5564 5548 5544 5544 5549 5549 5544 5549 5570 5590 5614 5645 5616 5603 5611 5622 5631 5645 5649 5649 5655 5659 5662 5666 5671 5689 5716 5740 5744 5752 5760 5754
5660 5658 5655 5650 5654 5642 5635 5634 5659 5709 5738 5728 5738 5732 5707 5698 5698 5690 5683 5671 5687 5706 5683 5667 5655 5649 5648 5653 5669 5674 5671 5671 5673 5678 5689 5693 5694 5680 5684 5707 5700 5684 5670 5657 5641 5636 5638 5645 5625 5607 5591 5580 5569 5543 5533 5549 5549 5536 5524 5527 5549 5571 5589 5586 5583 5584 5589 5604 5621 5642 5642 5643 5647 5653 5663 5671 5677 5695 5719 5738 5733 5732 5735 5745
