real_craters/C106-300m.grd
DSAA
230 230
-34.3525 34.3525
-34.3525 34.3525
3746.5844046954 6247.3316676934
[rows 150 to 179 of 230, columns 67 to 133 of 230]
5717.71 5723.06 5728.58 5733.57 5739.14 5744.52 5749.49 5753.5 5756.29 5759.26 5765.22 5765.61 5767.34 5768.06 5769.08 5769.07 5768.86 5764.96 5764.7 5764.15 5762.48 5761.46 5761.87 5763 5762.74 5769.01 5780.48 5791.68 5810.81 5841.7 5871.68 5896.59 5917.85 5937.17 5959.23 5984.23 5955.54 5910.71 5951.64 5978.95 5954.26 5933.76 5923.55 5926.22 5933.89 5949.46 5966.77 5974.05 5994.44 6012.34 6042.31 6063.19 6050.92 6042.86 6034.25 6019 5999.01 5995.7 5952.43 5904.64 5851.52 5793.46 5775.11 5791.13 5801.82 5802.84 5798.67
5716.58 5721.3 5725.87 5730.94 5736.01 5741.08 5746.25 5751.86 5758.94 5761.47 5762.9 5764.14 5765.78 5767.5 5768.28 5769.19 5769.34 5769.91 5768.55 5769.75 5770.03 5769.94 5769.72 5768.91 5771.04 5775.48 5782.18 5790.75 5805.45 5825.22 5846.15 5864.75 5881.24 5892.45 5899.28 5893.14 5876.59 5842.63 5879.13 5921.13 5921.38 5917.55 5917.44 5926.12 5946.92 5963.17 5960.61 5956.73 5953.42 5955.19 5960.1 5972.87 5980.05 5981.67 5977.18 5966.98 5957.16 5929.75 5892.45 5846.45 5796.76 5746.92 5736.61 5749.9 5763.12 5772.77 5775.05
5715.56 5720.09 5724.5 5728.95 5733.42 5737.92 5742.63 5747.99 5755.24 5758.04 5759.46 5762.42 5765.25 5767.58 5769.64 5771.28 5770.82 5772.39 5770.03 5771.6 5772.84 5773.94 5774.56 5775.21 5778.7 5782.29 5786.13 5792.81 5801.3 5812.64 5825.29 5837.05 5845.74 5850.25 5849.2 5838.7 5827.07 5818.03 5823.62 5861.17 5878.71 5889.9 5892.3 5902.41 5920.64 5926.86 5921.58 5912.07 5897.86 5887.93 5873.92 5884.66 5905.58 5916.39 5915.59 5908.76 5899.52 5870.67 5839.03 5801.72 5761.33 5725.28 5714.39 5725.93 5738.97 5747.64 5753.18
5716.71 5719.97 5723.76 5727.61 5731.47 5735.2 5738.74 5742.02 5744.67 5750.31 5754.37 5758.13 5761.59 5764.61 5767.12 5768.25 5768.55 5770.48 5771.9 5772.66 5774.58 5776.68 5778.29 5778.41 5778.17 5780.85 5785 5793.61 5796.46 5799.19 5804.45 5810.51 5814.54 5814.91 5811.92 5806.78 5797.3 5796.17 5802.35 5826.14 5843.87 5854.17 5859.53 5861.99 5861.53 5850.54 5833.56 5831.02 5837.96 5834.54 5823.53 5832.87 5848.68 5857.13 5855.7 5846.18 5833.19 5819.73 5792.68 5763.35 5736.7 5715.61 5709.84 5713.54 5723.87 5732.69 5740.34
5718.6 5720.23 5723.29 5726.72 5730.16 5733.26 5735.82 5737.19 5739.32 5744.79 5750.07 5754.66 5757.97 5761.11 5763.64 5765.57 5767.72 5769.89 5772.37 5773.31 5776.38 5779.4 5782.33 5784.76 5782.79 5777.85 5777.4 5781.18 5783.57 5785.53 5787.61 5790.07 5790.58 5787.74 5779.61 5771.18 5770.69 5772.22 5800.47 5807.27 5815.15 5822.37 5823.96 5819.47 5807.25 5784.76 5773.22 5780.52 5796.27 5803.66 5803.2 5808.43 5811.85 5811.97 5806.03 5789.72 5763.69 5745.96 5744.02 5730.03 5717.39 5709.82 5707.49 5708.72 5715.84 5721.49 5725.85
5717.83 5719.83 5722.88 5726.3 5729.63 5732.5 5733.94 5735.08 5736.47 5742.06 5747.27 5751.95 5755.66 5758.24 5761.06 5763.4 5765.4 5768.13 5770.92 5773.79 5776.29 5780.38 5784.64 5787.44 5784.14 5776.92 5771.02 5765.9 5769.97 5773.61 5774.89 5774.73 5773.32 5770.41 5768.36 5764.25 5762.12 5763.33 5777.53 5788.01 5793.53 5798.22 5796.9 5788.81 5775.1 5754.39 5748.38 5758.72 5776.01 5792.55 5802.88 5798.33 5791.16 5781.33 5769.22 5748.38 5720.05 5700.85 5704.85 5704.6 5702.31 5702.23 5705.87 5709.67 5712.04 5715.25 5718.21
5715.61 5718.86 5722.54 5726.29 5729.83 5733.01 5735.07 5736.43 5738.08 5742.37 5746.32 5749.85 5752.52 5755.11 5758.51 5760.79 5763.3 5765.89 5768.79 5772.02 5775.6 5780 5785.01 5788.8 5784.02 5774.86 5766.28 5763.71 5761.86 5763.44 5763.82 5763.18 5760.24 5757.34 5756.76 5759.57 5763.55 5763.19 5760.08 5771.01 5777.33 5779.31 5778.08 5771.1 5759.88 5748.19 5740.08 5749.24 5766.81 5786.88 5800.8 5790.97 5776.75 5762.36 5747.64 5725.29 5702.49 5687.86 5688.16 5690.23 5691.7 5693.29 5699.12 5706.86 5708.92 5710.67 5711.84
5713.35 5718.17 5722.98 5727.02 5730.78 5734.55 5737.77 5741.09 5742.68 5744.83 5746.34 5748.41 5750.47 5752.7 5755.3 5757.6 5760.64 5763.07 5766.39 5768.79 5772.81 5777.56 5782.75 5785.28 5781.8 5774.55 5765.07 5754.4 5755.61 5755.9 5755.81 5753.88 5750.49 5747 5741.55 5748.15 5760.53 5765.23 5760.59 5763.32 5766.33 5767.89 5766.76 5763.33 5755 5748.61 5744.06 5748.82 5762.98 5776.38 5782.96 5779.35 5766.88 5751.54 5734.01 5714.63 5695.6 5684.12 5683.01 5684.74 5687.13 5688.17 5694.42 5702.11 5705.38 5707.08 5709.07
5713.6 5719.51 5724.36 5728.03 5731.54 5735.43 5740.04 5748.08 5749.85 5746.31 5745.73 5746.6 5748.68 5750.53 5753.03 5755.42 5758.52 5759.99 5763.13 5766.07 5769.14 5772 5776.6 5784.04 5777.17 5771.86 5765.02 5759.84 5755.63 5752.55 5750.2 5747.29 5744.4 5742.89 5744.15 5747.34 5755.03 5760.06 5758.13 5758.07 5759.42 5760.73 5760.67 5760.8 5755.69 5749.62 5743.03 5752.83 5763.99 5772.64 5774.33 5769.89 5759.12 5746.08 5728.89 5711.66 5694.53 5683.54 5682.2 5685.37 5689.58 5692.07 5696.43 5702.54 5702.76 5703.15 5704.79
5721.44 5723.96 5726.48 5728.9 5731.38 5734.23 5737.43 5742.04 5744.52 5743.73 5743.41 5744.28 5746.22 5748.14 5750.46 5753.22 5754.66 5757.2 5758.66 5761.07 5763.34 5764.94 5764.58 5761.93 5767.76 5768.34 5768.09 5763.38 5756.45 5750.95 5746.56 5742.69 5739.52 5738.24 5740.81 5745.1 5749.35 5751.14 5750.21 5751.41 5753.14 5755.69 5758.18 5760.47 5762.55 5766.4 5766.15 5764.62 5768.22 5772.3 5771.8 5765.25 5754.98 5742.72 5729.23 5714.25 5699.13 5686.76 5684.23 5691.03 5697.7 5702.41 5696.34 5698.51 5698.55 5699.8 5702.39
5728.92 5728.02 5728.52 5729.55 5730.61 5731.65 5732.12 5732.49 5735.71 5738.26 5739.58 5740.89 5742.28 5744.12 5746.35 5748.5 5750.27 5752.54 5755.24 5756.65 5757.98 5758.59 5758.06 5758.48 5761.22 5764.44 5768.5 5763.16 5754.62 5748.17 5743.14 5738.51 5734.72 5732.33 5732.97 5739.64 5744.21 5739.72 5740.68 5744.25 5747.19 5750.72 5754.78 5759.67 5766.62 5778.52 5779.5 5771.34 5770.35 5770.4 5767.83 5761.34 5752.13 5741.08 5730.25 5719.15 5707.8 5698.7 5696.68 5702.5 5706.95 5710.26 5699.11 5691.53 5690.55 5695.34 5699.48
5727.71 5729.07 5729.76 5729.89 5729.61 5729 5727.85 5727.51 5729.99 5733.28 5735.9 5738.06 5740.03 5741.08 5743.04 5743.93 5745.85 5748.25 5750.23 5751.26 5752.6 5753.65 5753.75 5754.59 5756.76 5757.8 5756.06 5754.48 5750.4 5745.13 5739.78 5735.02 5730.69 5727.42 5728.76 5736.8 5740.79 5732.67 5733.68 5736.85 5739.95 5743.29 5747.73 5754.16 5760.59 5767.13 5764.86 5766.07 5767.83 5770.61 5765.71 5757.81 5749.66 5740.92 5732.1 5724.64 5717.54 5714.65 5720.53 5717.11 5711.49 5707.62 5698.18 5683.98 5684.72 5692.1 5696.32
5725.91 5730.25 5731.03 5730.2 5728.75 5727 5724.91 5723.64 5726.3 5729.38 5732.05 5734.09 5735.9 5737.31 5739.3 5740.17 5742.1 5743.56 5745.53 5746.55 5747.74 5749.23 5751.01 5752.11 5752.95 5754.03 5751.99 5749.33 5745.98 5741.7 5736.65 5731.83 5727.72 5724.82 5727.58 5736.85 5740.55 5732.58 5729.01 5730.37 5733.02 5736.52 5741.01 5745.17 5748.97 5754.51 5754.02 5756.53 5760.34 5761.65 5759.39 5753.7 5746.52 5739.62 5733.43 5728.16 5724.83 5721.69 5722.39 5720.59 5709.61 5699.77 5692.02 5683.15 5691.22 5696.62 5698
5735.26 5735.52 5733.05 5730.44 5728.17 5725.6 5723.53 5722.27 5724.12 5726.34 5728.84 5730.18 5732.02 5733.52 5735.19 5736.93 5738.44 5739.84 5741.34 5742.3 5744.11 5744.86 5745.15 5747.06 5748.76 5750.59 5753.23 5747.31 5743.3 5738.79 5733.93 5729.3 5725.8 5724.79 5729.27 5738.2 5738.45 5724.39 5723.66 5725.29 5727.8 5730.46 5732.62 5734.73 5734.77 5734.48 5738.31 5745.44 5752.46 5755.41 5751.87 5746.86 5740.93 5736.19 5732.11 5730.11 5729.96 5729.82 5726.12 5718.11 5710.31 5700.8 5701.59 5710.77 5713.13 5702.41 5697.83
5740.21 5737.37 5732.94 5729.89 5727.56 5725.01 5723.17 5722.61 5723.03 5724.23 5725.71 5726.93 5728.72 5730.13 5731.41 5732.82 5734.14 5734.92 5736.41 5738.44 5740.07 5741.29 5741.93 5743.39 5744.57 5744.33 5743.02 5743.9 5740.93 5736.37 5731.38 5726.91 5723.47 5722.45 5727.76 5736.05 5732.08 5718.4 5718.33 5719.92 5721.75 5723.76 5725.26 5725.79 5724.48 5721.36 5725.98 5735.25 5744.25 5748.98 5743.69 5739.37 5735.46 5732.1 5729.57 5729.45 5731.88 5739.05 5749.33 5727.57 5723.76 5714.4 5703.21 5704.41 5707.19 5696.21 5693.77
5728.23 5728.91 5729.23 5728.05 5726.62 5724.42 5722.17 5721.32 5722.25 5723.03 5723.96 5724.92 5725.98 5726.97 5727.82 5728.96 5729.65 5730.88 5732.4 5734.01 5736.23 5737.84 5741.17 5740.85 5741.32 5741.45 5742.07 5742.97 5738.18 5733.21 5728.71 5724.42 5720.84 5718.68 5723.98 5730.02 5727.66 5718.63 5715.35 5715.45 5716.91 5718.34 5719.45 5720.18 5720.11 5721.47 5726.19 5728.21 5730.25 5733.32 5730.82 5728.95 5727.44 5726.16 5725.37 5724.9 5726.68 5730.53 5732.51 5730.23 5728.01 5716.34 5693.33 5666.07 5666.15 5680.99 5686.44
5718.65 5721.44 5725.2 5726.01 5725.74 5724.41 5722.56 5721.74 5722.05 5722.15 5722.56 5722.97 5723.38 5723.2 5723.04 5723.91 5725.05 5725.99 5727.66 5729.07 5731.23 5733.22 5734.21 5736.44 5737.93 5739.78 5740.39 5738.82 5733.82 5729.64 5725.82 5722.27 5719.42 5719.11 5723.17 5727.81 5721.9 5715.08 5712.46 5712.14 5712.86 5713.74 5714.85 5715.73 5716.82 5717.97 5714.21 5709.9 5706.95 5709.11 5714.42 5716.95 5718.24 5718.74 5718.47 5717.98 5716.45 5712.29 5701.81 5703.39 5714.32 5708.21 5693.46 5682.02 5675.71 5677.51 5680.36
5716.96 5720.13 5723.56 5725.02 5725.47 5724.92 5723.66 5722.81 5722.21 5721.58 5721.1 5720.85 5719.77 5719.17 5719.74 5720.28 5721.65 5722.11 5723.01 5724.16 5725.85 5728.18 5730.62 5731 5732.58 5735.12 5733.82 5728.65 5727.47 5725.68 5723.5 5721.13 5718.59 5716.83 5723.05 5725.51 5713.4 5709.76 5708.9 5708.72 5708.51 5709.32 5710.22 5710.49 5709.41 5705.7 5699.89 5694.04 5690.32 5693.33 5701.52 5706.94 5709.87 5710.54 5710.41 5709.97 5706.72 5701.48 5694.3 5690.65 5694.52 5696.14 5691.9 5690.22 5683.6 5675.45 5674.9
5716.55 5720.5 5723.47 5724.49 5725.26 5725.64 5724.39 5723.65 5722.15 5720.33 5718.52 5717.54 5717.54 5717.61 5717.44 5718.45 5718.63 5718.86 5718.96 5719.23 5719.92 5721.37 5722.83 5723.88 5724.8 5725.7 5725 5722.87 5722.63 5722.19 5721.37 5720.93 5721.09 5722.38 5726.5 5725.57 5716.84 5707.87 5704.77 5703.45 5703.33 5704.07 5705.2 5705.83 5702.7 5698.72 5694.77 5689.45 5686.11 5688.88 5695.18 5700.12 5703.32 5705.15 5704.73 5703.22 5700.36 5696.7 5693.23 5691.87 5690.42 5687.22 5683.21 5677.4 5669.56 5667.83 5667.87
5716.48 5722.86 5723.18 5723.04 5723.52 5725.56 5728.54 5724.51 5720.73 5718.18 5716.38 5715.1 5714.36 5714.8 5714.65 5714.45 5714.39 5714.25 5714.11 5713.95 5713.35 5713.68 5714.78 5716.35 5717.1 5716.73 5718.29 5719.99 5719.65 5719.2 5719.26 5720.57 5723.92 5729.3 5733.11 5731.92 5711.47 5705.38 5701.45 5699.4 5698.94 5699.77 5701.28 5703.57 5708.9 5703.33 5695.35 5690.25 5687.86 5689.64 5693.82 5697.08 5699.45 5699.93 5699.78 5698.51 5696.45 5693.31 5689.94 5686.98 5684.82 5680.08 5673.98 5668.33 5663.65 5659.45 5660.12
5712.15 5720.05 5718.23 5717.07 5718.49 5721.69 5721.82 5721.32 5717.73 5714.77 5713.21 5711.55 5710.73 5710.24 5710.03 5709.9 5709.91 5709.75 5709.44 5708.81 5707.44 5706.66 5707.95 5710.45 5711.91 5712.43 5714.43 5715.33 5716.08 5716.19 5715.87 5716.82 5720.57 5727.42 5734.25 5734.58 5712.71 5703.8 5698.67 5695.87 5695.54 5695.86 5697.31 5698.5 5700.84 5700.4 5695.49 5691.64 5691.33 5692.84 5694.69 5695.82 5696.58 5696.86 5696.3 5694.88 5693.22 5690.94 5690.12 5687 5681.18 5674.05 5665.15 5654.04 5644.58 5647.81 5652.76
5699.87 5705.32 5704.68 5705.42 5709.1 5715.67 5721.19 5715.72 5712.09 5709.49 5707.84 5706.86 5706.13 5705.79 5705.7 5705.72 5705.55 5705.32 5705.25 5704.65 5703.31 5702.38 5704.04 5707.05 5709.9 5711.42 5713.27 5715.11 5715.4 5713.17 5711.43 5710.5 5711.78 5719.37 5727.38 5727.37 5717.12 5700.3 5693.21 5691.02 5691.21 5691.58 5693.07 5693.5 5692.24 5696.05 5696.21 5694.09 5696.51 5697.56 5696.89 5695.67 5693.8 5693.46 5692.43 5690.61 5689.82 5689.05 5688.03 5682.41 5678.43 5670.47 5660.7 5650.28 5642.98 5644.53 5649.03
5682.68 5681.73 5684.23 5689.14 5694.42 5701.33 5706.62 5704.77 5703.1 5702.07 5701.55 5701.21 5701.22 5701.05 5701.96 5702.22 5702.17 5702.29 5702.33 5701.89 5701.13 5702.01 5702.5 5704.81 5708.23 5712.16 5711.98 5713.06 5712.56 5709.78 5706.9 5704.12 5702.88 5713.03 5724.52 5720.17 5699.88 5686.23 5683.88 5684.26 5686.4 5688.72 5691.06 5692.79 5695.36 5697.77 5701.14 5703.67 5708.28 5703.99 5699.05 5694.98 5691.42 5689.08 5687.38 5686.36 5686.13 5686.77 5687.43 5686.43 5678.32 5668.95 5659.52 5651.53 5647.12 5644.38 5647.31
5668.25 5664.02 5666.9 5673.21 5677.67 5680.61 5684.6 5689.68 5692.23 5693.69 5694.76 5695.97 5696.81 5697.58 5697.99 5698.49 5699.1 5699.69 5700.14 5700.31 5699.74 5698.27 5701.06 5702.87 5704.03 5705.61 5708.49 5709.2 5708.24 5706.66 5703.61 5700.26 5698.73 5711.64 5723.39 5669.94 5651.38 5666.15 5674.11 5679.2 5683.63 5687.17 5690.81 5693.4 5697.16 5701.91 5707.35 5715.52 5716.82 5706.83 5699.07 5693.1 5688.78 5685.95 5683.84 5681.77 5681.9 5682.92 5685.48 5689.42 5678.79 5666.59 5657.68 5650.72 5645.41 5642.63 5648.37
5659.12 5656.79 5658.17 5661.92 5663.98 5665.04 5669.38 5676.69 5682.1 5685.72 5688.35 5690.36 5692.02 5693.43 5694.8 5695.68 5696.59 5697.84 5698.31 5698.81 5699.63 5701.57 5701.06 5702.25 5703.3 5704.5 5706.58 5707.6 5707.47 5705.17 5702.07 5699.54 5701.2 5712.54 5720.78 5674.21 5651.81 5662.03 5670.86 5677.92 5683.5 5688.47 5692.42 5695.71 5702.05 5704.33 5707.95 5714.4 5712.13 5702.51 5694.9 5688.76 5683.96 5680.15 5677.51 5675.17 5673.98 5674.61 5676.64 5677.25 5667.8 5660.13 5653.78 5649.08 5645.82 5648.17 5653.17
5653.5 5653.81 5655.08 5655.14 5655.39 5654.98 5660.23 5667.83 5673.94 5678.42 5681.97 5684.84 5687.37 5689.31 5691.38 5693.44 5694.65 5695.82 5697.1 5697.77 5697.78 5697.9 5700.28 5702.09 5704.45 5705.26 5705.61 5706.57 5706.88 5704.42 5701.15 5699 5700.65 5711.05 5716.9 5711.42 5681.41 5672.93 5674.53 5679.65 5684.44 5689.55 5694.14 5699.2 5703.6 5702.14 5701 5699.31 5692.5 5690.27 5686.35 5681.57 5676.64 5672.33 5668.87 5665.83 5663.67 5662.69 5662.83 5660.29 5654.27 5652.37 5648.66 5646.91 5648.6 5655.35 5659.8
5648.63 5649.32 5650.24 5649.99 5651.17 5653.85 5657.51 5662.85 5668.55 5673.49 5677.56 5681.46 5684.99 5687.35 5689.5 5691.9 5693.18 5694.04 5695.31 5696.56 5697.27 5697.88 5699.05 5700.68 5703.41 5703.42 5703 5703.86 5705.68 5702.69 5699.78 5698.35 5700.11 5708.45 5714.98 5703.76 5691.26 5682.41 5680.13 5682.98 5687.04 5691.48 5695.65 5699.08 5700.7 5697.42 5691.88 5683.84 5677.47 5679.53 5677.69 5673.87 5669.47 5664.77 5661.04 5656.83 5651.89 5648.78 5645.95 5647.05 5640.7 5641.13 5641.77 5643.34 5646.24 5657.41 5664.11
5643.41 5642.9 5643.44 5644.48 5647.74 5652.6 5656.2 5660.29 5665.37 5670.62 5675 5678.92 5682.97 5685.56 5687.75 5689.43 5690.9 5691.62 5693.18 5695.09 5697.35 5697.68 5696.57 5696.38 5698.56 5698.17 5697.86 5698.24 5698.04 5697.58 5697.11 5697.82 5700.15 5703.77 5704.22 5696.85 5689.53 5685.65 5684.75 5686.18 5690.19 5693.88 5698.03 5700.4 5699.28 5693.25 5686.06 5678.55 5680.92 5674.98 5671.28 5667 5662.43 5657.77 5652.66 5647.14 5640.68 5633.35 5624.13 5614.22 5617.25 5627.01 5634.01 5639.55 5644.96 5656.56 5663.56
5638.61 5636.66 5635.57 5638.21 5643.41 5649.3 5653.73 5658.41 5663.45 5668.95 5673.43 5677.48 5680.79 5683.56 5684.4 5686.15 5687.44 5688.91 5690.38 5692.09 5694.77 5694.26 5691.93 5689.64 5688.12 5690.15 5691.32 5691.79 5692.43 5692.39 5692.74 5695.45 5697.99 5697.81 5694.81 5688.09 5685.6 5684.79 5685.44 5687.93 5691.63 5695.28 5699.12 5699.65 5694.88 5690.53 5684.16 5678.25 5671.27 5669.12 5665.59 5660.69 5655.6 5650.15 5644.86 5638.38 5630.56 5621.57 5610.55 5599.42 5601 5617.67 5626.89 5636.11 5646.79 5657.18 5657.95
5635.49 5632.48 5629.43 5633.12 5639.24 5645.26 5651.09 5656.57 5661.89 5666.87 5670.7 5674.48 5677.68 5680.14 5682.2 5683.88 5685.19 5686.09 5687.08 5687.62 5686.73 5687.31 5686.15 5684.26 5683.45 5684.49 5685.62 5686.03 5685.22 5685.11 5687.07 5688.04 5691.29 5692.55 5687.99 5683.37 5682.45 5683.21 5685.2 5688.69 5692.41 5696.76 5699.78 5700.08 5693.87 5690.15 5683.86 5676.01 5673.27 5666.63 5660.35 5655.46 5650.17 5644.86 5638.84 5631.9 5624.3 5615.52 5606.02 5597.84 5598 5608.82 5619 5629.34 5641.57 5650.9 5646.71
