real_craters/C106-300m.grd
DSAA
230 230
-34.3525 34.3525
-34.3525 34.3525
3746.5844046954 6247.3316676934
[rows 90 to 119 of 230, columns 67 to 133 of 230]
5743.03 5742.99 5742.79 5742.89 5742.43 5742.45 5742.65 5743.2 5745.12 5745.94 5743.04 5744.73 5747.27 5750.24 5752.1 5753.67 5751.66 5743.87 5745.39 5749.84 5757.91 5763.28 5760.15 5763.1 5760.59 5756.11 5752.42 5746.83 5740.58 5738.72 5736.31 5730.28 5716.6 5673.29 5624.52 5560.62 5498.09 5458.33 5444.04 5439.74 5434.71 5425.17 5406.77 5360.74 5249.54 5170.21 5288.68 5367.86 5411.68 5435.33 5417.73 5419.58 5433 5452.65 5497.11 5526.43 5531.07 5538.47 5558.76 5575.41 5589.56 5612.56 5645.34 5687.16 5735.46 5783.71 5821.59
5744.37 5744.16 5744.12 5744.39 5744.72 5742.96 5743.19 5744.43 5744.21 5744.96 5740.69 5742.69 5745.77 5750.24 5755.54 5763.71 5768.46 5750.46 5751.2 5759.62 5767.96 5768.78 5765.2 5758.63 5749.63 5739.09 5725.34 5713.41 5700.44 5685.52 5668.99 5648.68 5625.39 5585.07 5538.82 5481.63 5420.8 5374.08 5353.63 5343.36 5334.33 5320.73 5298.4 5246.49 5127.4 5050.39 5218.66 5266.99 5272.25 5297.14 5304.63 5316.34 5334.36 5357.72 5401.65 5417.83 5422.48 5427.85 5445.01 5463.87 5487.21 5519.22 5552.64 5592.66 5632.08 5671.47 5717.91
5748.55 5746.36 5746.08 5745.46 5745.24 5745.29 5739.73 5739.73 5740.26 5740.64 5741.36 5739.28 5742.31 5748.35 5756.14 5768.57 5779.47 5759.69 5763.98 5774.25 5779.91 5775.99 5767.04 5756.43 5740.48 5720.37 5702.73 5679.1 5655.62 5629.48 5597.51 5556.68 5524.04 5496.12 5458.73 5408.96 5345.95 5290.1 5265.81 5251.58 5237.12 5218.96 5188.35 5125.44 5014.03 4950.61 5092 5125.36 5111.69 5132.97 5169.53 5200.6 5231.09 5264.54 5308.98 5317.27 5308.81 5304.22 5312.74 5339.04 5378.91 5419.62 5458.92 5497.09 5531.68 5564.75 5599.2
5749.31 5748.35 5742.94 5742.46 5741.12 5740.89 5740.82 5734.59 5734.75 5735.3 5736.31 5737.01 5740.42 5745.32 5753.54 5766.16 5779.66 5781.4 5794.27 5801.42 5799.3 5788.12 5772.19 5751.17 5726.98 5700.26 5672.29 5642.46 5611.78 5573.15 5532.9 5484.91 5447.95 5417.62 5381.88 5336.05 5272.51 5214.63 5185.81 5166.69 5147.85 5123.05 5086.65 5023.41 4928.91 4875.49 4966.64 4986.36 4975.41 4990.01 5039.91 5083.42 5121.12 5158.82 5205.25 5206.96 5191.96 5180.66 5179.96 5220.02 5273.86 5322.84 5365.37 5405.32 5438.5 5470.76 5507.7
5745.99 5746.12 5745.47 5738.54 5739.09 5738.28 5737.65 5733.56 5733.36 5734.09 5734.26 5735.79 5737.91 5742.19 5749.02 5760.04 5782.67 5827.38 5847.41 5834.79 5821.27 5801.26 5775.56 5746.94 5712.81 5677.24 5639.51 5600.8 5560.94 5519.98 5478.3 5435.35 5391.49 5348.01 5304.52 5255.44 5198.58 5147.15 5113.02 5088.63 5066.08 5037.92 4997.13 4940.16 4877.78 4841.82 4866.29 4877.34 4869.68 4880.89 4934 4976.61 5008.88 5035.54 5048.17 5073.09 5079.78 5076.81 5074.47 5126.86 5187.13 5240.12 5284.68 5323.73 5358.19 5391.01 5429.98
5744.92 5745.04 5743.9 5743.55 5739.83 5738.85 5737.66 5737.17 5735.02 5734.66 5735.05 5736.15 5737.97 5741.33 5746.79 5759.67 5792.75 5847.43 5872.05 5857.9 5840.26 5813.22 5778.85 5739.97 5696.08 5651.68 5604.97 5556.24 5508.93 5463.95 5422.05 5390.2 5334.3 5279.47 5228.35 5172.16 5124.17 5078.16 5042.13 5015.57 4993.11 4968.26 4931.11 4875.29 4828.16 4810.17 4799.79 4803.04 4799.95 4815.57 4861.82 4888.62 4906.89 4920.28 4922.35 4956.02 4997.27 5011.47 5022.11 5070.87 5124.62 5173.84 5217.3 5254.49 5288.92 5321 5357.23
5747.69 5744.17 5743.1 5741.34 5740.82 5738.29 5737.94 5737.73 5736.95 5737.54 5738.21 5739.25 5741.64 5744.04 5747.62 5757.56 5793.78 5841.04 5867.62 5872.81 5856.31 5822.99 5781.29 5729.82 5677.46 5622.84 5566.78 5508.82 5453.03 5401.26 5352.04 5308.14 5258.99 5207.4 5158.16 5105.29 5052.93 5003.65 4967.19 4943.39 4922.24 4903.75 4885.78 4817.48 4742.9 4749.77 4763.33 4751.61 4747.56 4770.96 4805.08 4813.95 4822.51 4829.1 4862.59 4915.19 4962.86 4987.39 5009.39 5040.78 5080.81 5121.28 5160.73 5196.79 5231.44 5264.25 5299.45
5747.46 5746.98 5742.93 5742.36 5742.25 5741.26 5742.06 5742.22 5742.42 5744.87 5745.61 5746.95 5749.18 5751.95 5755.16 5763.12 5806.69 5861.44 5896.51 5899.68 5875.12 5832.31 5779.65 5720.56 5658.42 5594.24 5528.68 5462.6 5398.33 5336.73 5276.19 5220.59 5175.99 5130.74 5087.44 5038.2 4985.75 4937.25 4901.14 4875.14 4849.83 4824.09 4797.86 4731.09 4656.3 4692.66 4718.79 4703.69 4691.3 4691.03 4723.55 4742.39 4759.51 4777.92 4849.6 4942.14 4953.14 4977.47 5003.53 5020.73 5048.21 5081.35 5115.45 5150.12 5185.47 5220.31 5256.18
5749.01 5749.55 5749.71 5748.6 5747.46 5747.52 5750.54 5750.92 5751.49 5752.98 5754.02 5756.47 5760.02 5766.21 5774.14 5784.22 5838.02 5902.69 5950.29 5937.1 5896.48 5841.64 5778.58 5709.42 5637.59 5564.06 5490.22 5416.98 5345.27 5275.13 5206.28 5145.34 5100.68 5054.17 5010.97 4965.79 4921.94 4882.12 4846.77 4813.62 4780.1 4742.21 4690.93 4645.06 4602.21 4635.59 4660.81 4655.59 4644.04 4631.39 4645.78 4680.22 4711.82 4750.72 4822.67 4884.7 4914.52 4952.26 4979.53 4990.99 5012.68 5042.95 5077.53 5114.58 5151.33 5189.87 5228.99
5752.4 5752.1 5752.81 5755.28 5756.32 5758.42 5759.33 5759.58 5760 5761.53 5763.88 5767.55 5773.47 5784.17 5801.63 5832.86 5877.24 5936.86 5984.43 5964.24 5910.9 5846.45 5773.66 5697.26 5617.36 5535.43 5452.6 5370.97 5291.33 5214.57 5146.24 5088.17 5034.14 4983.76 4933.6 4895.09 4862.27 4829.4 4796.89 4757.29 4719.52 4682.4 4642.89 4599.77 4572.09 4596.89 4614.13 4616.69 4613.03 4609.86 4611.14 4636.71 4665.29 4708.1 4743.82 4791.91 4845.17 4892.67 4924.43 4942.36 4969.63 5001.22 5037.84 5077.96 5119.07 5163.85 5210.13
5754.32 5758.7 5758.72 5760.19 5763.45 5764.44 5765.6 5769.99 5771.35 5773.03 5774.77 5779.16 5786.27 5799.15 5820.26 5852.78 5897.87 5949.77 5989.41 5970.96 5913.49 5843.19 5764.81 5681.38 5594.52 5505.04 5414.79 5325.58 5238.19 5154.64 5078.53 5021.18 4976.11 4928.94 4877.82 4843.37 4811.52 4777.87 4743.18 4703.1 4666.97 4633.99 4604.3 4574.34 4555.96 4573.82 4584.72 4591.18 4594.39 4595.53 4598.51 4610.62 4617.98 4621.32 4660.35 4732.41 4775 4801.94 4841.36 4879.24 4918.48 4955.55 4996.94 5041.14 5086.74 5136.15 5188.48
5757.54 5760.85 5764.38 5766.83 5767.95 5772.13 5774.19 5778.02 5779.94 5783.87 5787.19 5791.38 5797.52 5808.27 5825.97 5852.9 5898.26 5944.63 5978.41 5961.22 5902.83 5830.77 5749.06 5660.93 5568.53 5473.55 5377.58 5281.91 5188.32 5098.25 5019.51 4965.71 4929.95 4894.36 4852.67 4813.08 4772.85 4730.16 4687 4651.98 4622.45 4595.7 4576.08 4564.49 4553.87 4556.41 4566.37 4577.33 4586.32 4595.88 4603.46 4604.78 4595.81 4580.92 4620.25 4678.82 4711.59 4731.01 4772.08 4818.3 4861.98 4905.85 4952.41 5001.06 5050.84 5100.14 5153.9
5764.27 5767.89 5773.37 5777.12 5779.65 5785.37 5788.5 5791.33 5796.24 5798.37 5799.51 5804.5 5809.3 5816.62 5826.23 5847.02 5889.81 5927.93 5950.64 5934.3 5881.72 5811.44 5729.1 5637.6 5541.03 5441.88 5340.86 5240.54 5141.67 5047.97 4964.53 4920.59 4896.06 4875.36 4845.01 4796.3 4745.29 4694.81 4645.31 4613.23 4590.27 4571.73 4567.99 4572.33 4561.17 4545.72 4553.46 4567.76 4583.83 4602.4 4620.05 4612.68 4599.47 4594.64 4610.87 4648.14 4669.05 4681.76 4718 4765.18 4814.94 4865.47 4915.95 4965.94 5016.93 5065.5 5116.65
5766.91 5772.85 5777.81 5784.78 5789.67 5794.32 5801.09 5805.01 5811.93 5814.63 5816.84 5823.2 5824.25 5825.69 5830.42 5847.76 5882.72 5911.18 5922.62 5905.27 5859.21 5790.41 5707.14 5613.2 5514.45 5411.15 5306.51 5202.62 5100.79 5007.32 4929.64 4886.93 4867.15 4856.46 4837.67 4779.11 4725.16 4673.66 4626.15 4593.87 4573.35 4562.62 4575.37 4597.54 4571.32 4537.68 4546.67 4563.73 4581.57 4601.44 4619.62 4613.56 4599.88 4587.63 4597.07 4621.86 4619.52 4634.31 4670.53 4720.24 4773.52 4825.83 4878.4 4927.89 4978.88 5030.04 5079.87
5770.82 5778.32 5784.42 5792.55 5798.82 5805.48 5814.83 5820.04 5824.56 5835.31 5837.22 5840.88 5840.1 5838.59 5838.58 5853.11 5881.06 5902.35 5909.67 5891.39 5842.28 5771.8 5684.79 5587.65 5485.9 5379.99 5272.56 5167.62 5065.93 4972.42 4896.56 4857.81 4837.39 4822.19 4796.04 4754.18 4708.2 4662.7 4622.4 4590.73 4569.3 4563.2 4590.68 4628.09 4589.89 4546.53 4553.83 4566.81 4580.14 4591.43 4602.19 4600.17 4588.34 4586.75 4582.69 4570.76 4560.96 4575.02 4625.8 4682.39 4736.55 4787.66 4840.32 4889.77 4940.76 4992.34 5044.16
5777.58 5786.32 5794.37 5802.21 5812.76 5820.63 5834.46 5841.37 5847.32 5856.61 5858.95 5862.15 5859.45 5856.04 5855.01 5865.07 5885.71 5900.76 5905.9 5887.47 5832.07 5754.13 5661.79 5560.93 5458.16 5349.44 5242.83 5136.76 5035.17 4942.29 4869.21 4832.37 4809.21 4790.39 4764.87 4731.86 4695.02 4657.84 4622.71 4594.22 4577.9 4571.88 4609.12 4640.57 4608.09 4574.15 4574.83 4581.91 4586.72 4584.18 4576.61 4574.78 4566.15 4565.14 4575.52 4589.72 4580.3 4565.57 4604.25 4654.93 4706.29 4757.94 4808.7 4858.82 4906.17 4956.58 5009.31
5787.22 5793.5 5805.15 5814.71 5831.71 5841.69 5851.27 5863.67 5871.42 5882.05 5885.2 5885.19 5883.27 5877.03 5869.25 5877.61 5892.92 5902.24 5904.64 5886.06 5823.85 5736.62 5638.48 5536.26 5429.37 5320.49 5214.78 5109.66 5010.43 4918.39 4847.66 4811.81 4787 4763.64 4740.13 4716.22 4689.24 4662.7 4634.71 4613.84 4609.58 4615.2 4654.37 4668.45 4628.11 4603.84 4604.67 4610.72 4608.12 4592.91 4561.27 4548.9 4552.19 4560.78 4573.07 4580.04 4569.62 4570.23 4599.48 4639.98 4684.55 4730.44 4777.07 4823.98 4871.33 4918.2 4970.2
5794.34 5805.39 5816.53 5832.22 5843.94 5861.03 5872.75 5888.92 5897.3 5909.39 5914.32 5915.18 5912.02 5902.29 5887.81 5893.18 5901.45 5902.07 5898.63 5881.16 5809.91 5714.07 5612.36 5507.89 5400.06 5292.39 5187.41 5084.88 4990.94 4903.15 4835.8 4798.69 4771.71 4748.49 4726.48 4707.63 4690.04 4676.22 4662.73 4654.4 4657.59 4676.68 4721.25 4738.25 4634.06 4630.16 4643.68 4653.05 4650.67 4632.2 4598.05 4559.09 4563.93 4577.1 4586.64 4577.77 4562.15 4575.4 4600.82 4631.19 4667.24 4706.62 4749.38 4792.13 4835.92 4878.82 4927.84
5800.29 5818.95 5832.17 5850.3 5862.63 5881.64 5895.44 5913.03 5925.37 5935.27 5946.57 5949.74 5947.37 5934.58 5916.87 5914.58 5908.07 5897.45 5878.79 5843.84 5772.21 5680.85 5581.33 5478.14 5371.96 5265.95 5161.38 5062.7 4973.22 4896.72 4834.08 4790.22 4762.33 4742.67 4718.62 4702.49 4692.17 4690.11 4694.38 4708.16 4701.51 4708.75 4761.67 4799.28 4680.53 4682.71 4695.41 4702.91 4707.36 4703.27 4688.64 4655.97 4648.66 4639.38 4627.34 4617.94 4612.26 4600.17 4605.61 4628.47 4655.48 4688.74 4725.3 4762.85 4805.06 4845.17 4889.71
5810.72 5829.23 5843.25 5863.27 5878.85 5894.57 5915.01 5930.56 5949.96 5962.86 5977.83 5986.34 5988.94 5978.75 5953.67 5943.54 5919.42 5890.82 5852.73 5796.86 5727.58 5644.05 5548.77 5447.62 5343.41 5238.91 5136.87 5038.18 4951.3 4875.37 4818.96 4778.56 4751.07 4726.68 4707.26 4693.63 4688.14 4690.87 4705.63 4731.64 4733.71 4716.51 4720.37 4783.89 4784.7 4755.87 4748.7 4753.79 4765.26 4780.62 4794.26 4775.83 4732.87 4709.8 4676.18 4646.98 4632.05 4614.19 4606.85 4618.81 4639.9 4666.6 4702.85 4740.09 4777.77 4818.01 4861.47
5814.38 5834.17 5854.12 5870.46 5892.33 5908.87 5930.54 5948.14 5969.92 5986.97 6004.15 6019.47 6032.59 6040.29 6021.82 5978.08 5931.24 5884.82 5831.97 5768.87 5695.36 5610.65 5518.46 5419.66 5317.99 5215.69 5114.39 5016.33 4927.1 4841.37 4796.1 4766.13 4741.44 4718.5 4695.91 4680.25 4670.52 4669.09 4681.25 4705.64 4756.21 4704.88 4589.55 4651.99 4811.77 4782.97 4766.16 4774.15 4798.11 4837.02 4882.15 4883.14 4810.43 4774.86 4723.03 4664.3 4611.13 4603.58 4601.32 4611.48 4626.8 4655.28 4685.38 4718.98 4755.67 4797.57 4842.23
5821.61 5842.11 5863.6 5880.08 5902.5 5920.49 5944.05 5962.07 5983.27 6003.02 6023.94 6043.38 6063.53 6081.1 6058.7 5998.63 5936.25 5876.44 5813.45 5743.87 5666.8 5581.08 5490.4 5393.76 5294.43 5193 5093.48 4999.08 4911.86 4834.08 4787.9 4760.32 4735.09 4708.1 4682.07 4658.18 4639.62 4626.94 4628.17 4649.78 4700.05 4602.9 4427.87 4514.42 4712.17 4729.24 4732.92 4751.59 4790.47 4847.91 4925.34 4980.36 4912.64 4851.46 4775.26 4691.34 4607.88 4599.08 4594.55 4598.82 4620.56 4645.27 4672.82 4704.15 4743.62 4782.95 4827.77
5827.44 5850.93 5868.51 5891.22 5905.54 5929.43 5948.65 5969.14 5989.46 6012.81 6033.66 6054.73 6071.59 6078.74 6052.16 5997.02 5930.23 5864.12 5794.4 5719.69 5639.87 5554.73 5465.26 5371.14 5273.64 5173.97 5076.45 4984.84 4903.4 4838.84 4790.81 4763.22 4736.78 4703.44 4667.54 4630.72 4595.89 4565.76 4547.21 4538.54 4523.1 4405.21 4257.83 4376.62 4558 4616.24 4647.84 4683.1 4733.3 4800.69 4890.99 4989.44 5000.29 4913.18 4825.27 4728.77 4618.13 4585.53 4580.76 4587.36 4607.24 4632.11 4659.3 4693.04 4733.08 4773.32 4820.51
5835.21 5856.07 5873.96 5896.53 5913.92 5935.34 5954.43 5976.81 5993.27 6016.1 6035.47 6053.42 6065.42 6056.65 6030.22 5980.81 5914.45 5846.75 5774.5 5696.71 5612.65 5532.23 5444.57 5352.03 5255.7 5158.43 5062.9 4973.16 4892.38 4827.01 4791.96 4769.98 4746.66 4705.87 4653.34 4599.19 4545.63 4491.45 4443.14 4394.61 4340 4220.4 4105.82 4252.81 4406.73 4480.86 4531.1 4581.85 4637.82 4699.66 4775.16 4859.3 4952.15 4921.55 4861.6 4775.23 4644.03 4576.06 4575.3 4582 4599.7 4625.02 4656.05 4691.95 4730.42 4772.98 4824.63
5840.98 5858.3 5879.61 5900.04 5918.11 5938.26 5956.64 5978.23 5994.7 6013.89 6029.8 6044.55 6052.97 6049.74 6010.42 5958.5 5892.14 5825.44 5755.34 5679.98 5600.44 5519.03 5430.15 5337.75 5242.3 5147.25 5053.21 4964.46 4885.24 4825.68 4794.83 4776.1 4756.32 4703.64 4634.52 4562.62 4489.84 4413.8 4339.08 4263.65 4185.9 4074.9 3992.25 4137.72 4264.14 4344 4402.04 4458.77 4511.9 4567.1 4625.11 4693.58 4875.68 4893.14 4884.18 4833.12 4701.32 4605.1 4585.47 4584.2 4600.28 4626.29 4658.93 4694 4735.37 4781.18 4833.06
5845.63 5862.69 5879.72 5898.96 5918.67 5935.52 5955.48 5973.51 5988.92 6004.81 6016.26 6025.28 6028.14 6017.67 5980.39 5929.55 5865.4 5802.16 5736.02 5666.83 5594.89 5510.65 5419.5 5327.42 5232.44 5140.17 5048.18 4960.38 4883.1 4829.18 4799.85 4778.02 4753.73 4690.12 4610.96 4524.63 4433.5 4338.38 4244.54 4148.53 4051.93 3967.89 3917.99 4027.16 4130.23 4212 4275.32 4331.76 4377.85 4423.78 4474.23 4537.05 4714.05 4827.18 4885.21 4887.56 4757.66 4634.3 4596.7 4588.54 4604.29 4631.57 4663.5 4704.5 4748.91 4798.43 4852.28
5848.45 5864.77 5881.16 5899.85 5918.03 5933.95 5950.54 5963.82 5979.25 5990.15 5996.15 5998.22 5992.94 5975 5941.61 5890.27 5837.09 5778.57 5715.5 5649.75 5577.76 5496.88 5409.41 5319.28 5227.49 5137.05 5049.01 4963.23 4882.01 4835.24 4811.62 4782.39 4734.87 4673.1 4590.05 4492.35 4386.42 4280.36 4168.46 4057.88 3958.66 3910.42 3893.67 3950.62 4028.74 4098.67 4162.1 4208.36 4249.6 4291.11 4343.74 4413.15 4583.78 4741.48 4856.81 4909.89 4779.95 4633.9 4596.3 4594.09 4613.43 4642.98 4677.18 4721.35 4769.96 4826.62 4890.85
5848.69 5866.02 5882.02 5896.84 5917.02 5930.53 5945.45 5956.32 5966.5 5971.14 5973.08 5967.77 5954.58 5931.27 5902.07 5856.85 5808.69 5754.67 5695.05 5631.15 5562.65 5486.07 5399.85 5312.29 5225.51 5139.14 5056.71 4977.19 4901 4861.33 4840.23 4808.73 4748.78 4675.75 4581.23 4471.15 4353.5 4238.17 4112.21 3993.93 3911.5 3898.48 3894.81 3906.6 3957.48 4009.55 4059.4 4095.68 4135.48 4170.84 4221.15 4300.66 4459.91 4641.48 4784.14 4861.56 4762.55 4633.6 4599.15 4603.19 4626.24 4655.86 4696.3 4740.4 4795.01 4856.57 4931.91
5849.77 5863.82 5880.78 5894.4 5908.03 5925.7 5937.93 5947.29 5952.89 5953.21 5948.73 5937.57 5920.24 5896.41 5866.76 5826.51 5781.98 5731.7 5674.82 5612.67 5545.61 5470.48 5389.56 5307.27 5225.04 5144.28 5068.3 5000.25 4947.42 4905.87 4883.69 4862.35 4803.83 4699.89 4580.28 4456.25 4327.61 4205.72 4085.86 3978.24 3910.62 3922.52 3920.74 3895.07 3920.03 3953.31 3984.99 4004.95 4031.77 4055.55 4097.5 4175.82 4350.29 4533.17 4674.75 4754.86 4725.65 4656.97 4616.37 4619.77 4643.26 4676.7 4718.71 4763.95 4821.44 4885.73 4959.88
5850.79 5864.66 5877.68 5890.75 5902.14 5919.16 5927.91 5935.4 5938.08 5934.92 5926.27 5910.3 5887.65 5863.76 5837.29 5800.49 5759.49 5712.34 5657.77 5596.51 5527.85 5453.67 5380.9 5304.78 5226.86 5150.16 5078.47 5015.96 4964.2 4933.84 4917.4 4910.51 4857.75 4719.39 4579.78 4441.56 4305.91 4180.6 4069.06 3992.82 3952.45 3954.72 3934.06 3898.42 3903.02 3914.54 3924.16 3933.12 3943.48 3958.63 3987.64 4069.02 4238.22 4416.77 4558.18 4653.56 4687.85 4682.24 4638.84 4640.89 4665.94 4699.48 4738.67 4789.08 4844.2 4912.13 4991.6
