real_craters/C106-750m.grd
DSAA
93 93
-34.3525 34.3525
-34.3525 34.3525
3768.0255188175 6213.1465277585
[rows 0 to 37 of 93, columns 0 to 83 of 93]
5728 5723 5714 5703 5692 5673 5638 5592 5547 5524 5491 5447 5413 5381 5402 5431 5467 5507 5552 5592 5631 5665 5674 5679 5682 5687 5705 5715 5716 5715 5717 5722 5730 5737 5743 5748 5749 5751 5774 5770 5764 5758 5752 5752 5747 5752 5752 5753 5759 5767 5764 5745 5744 5746 5744 5743 5743 5744 5746 5749 5761 5776 5785 5790 5792 5791 5800 5821 5845 5868 5889 5901 5899 5899 5895 5874 5874 5879 5878 5876 5873 5867 5860 5861
5721 5720 5712 5701 5689 5676 5633 5603 5588 5559 5522 5493 5436 5378 5384 5413 5450 5492 5536 5581 5622 5655 5667 5675 5682 5692 5699 5709 5712 5712 5714 5719 5725 5730 5735 5740 5742 5750 5761 5766 5762 5756 5751 5748 5747 5746 5746 5748 5750 5760 5756 5744 5745 5747 5750 5749 5740 5745 5750 5752 5762 5772 5782 5797 5806 5781 5787 5806 5828 5851 5870 5883 5883 5876 5890 5896 5867 5878 5883 5886 5884 5875 5870 5862
5725 5719 5709 5698 5686 5675 5617 5470 5603 5580 5532 5476 5433 5395 5374 5393 5430 5475 5523 5568 5608 5639 5657 5668 5677 5689 5700 5707 5709 5706 5711 5716 5721 5726 5730 5735 5739 5743 5758 5761 5757 5752 5747 5747 5749 5745 5743 5746 5748 5755 5756 5748 5752 5757 5752 5745 5744 5753 5759 5763 5769 5770 5774 5774 5772 5767 5778 5797 5818 5836 5853 5869 5874 5880 5907 5923 5894 5894 5893 5895 5894 5896 5881 5868
5720 5718 5709 5697 5685 5670 5639 5620 5600 5577 5534 5483 5428 5367 5347 5372 5409 5454 5501 5546 5591 5624 5643 5658 5670 5687 5700 5710 5709 5709 5713 5715 5719 5723 5727 5733 5740 5750 5760 5759 5755 5747 5739 5742 5743 5742 5743 5749 5756 5773 5766 5759 5756 5748 5751 5750 5750 5759 5764 5772 5767 5763 5762 5757 5761 5760 5776 5794 5809 5823 5835 5844 5869 5901 5933 5952 5937 5917 5902 5890 5894 5901 5888 5876
5720 5719 5710 5700 5688 5673 5647 5621 5594 5562 5526 5494 5432 5356 5326 5351 5389 5432 5479 5529 5568 5604 5628 5648 5664 5681 5697 5709 5708 5706 5709 5711 5715 5721 5726 5733 5741 5752 5758 5755 5751 5745 5742 5740 5738 5737 5745 5758 5771 5783 5800 5770 5755 5744 5753 5757 5768 5758 5761 5765 5751 5753 5760 5769 5774 5784 5783 5793 5808 5819 5828 5839 5869 5910 5950 5974 5961 5936 5912 5895 5891 5893 5890 5881
5722 5718 5711 5704 5694 5676 5648 5629 5591 5547 5504 5455 5404 5351 5316 5332 5366 5406 5451 5502 5550 5587 5615 5638 5656 5676 5697 5714 5711 5708 5706 5709 5713 5718 5723 5729 5735 5742 5751 5752 5750 5747 5746 5744 5749 5748 5752 5766 5781 5769 5771 5763 5753 5745 5744 5746 5751 5753 5751 5745 5739 5744 5753 5763 5766 5776 5793 5804 5813 5820 5829 5839 5874 5919 5953 5982 5975 5946 5920 5900 5893 5892 5889 5882
5723 5715 5712 5707 5700 5684 5658 5634 5589 5541 5489 5434 5404 5365 5316 5320 5344 5379 5421 5478 5535 5570 5600 5627 5647 5672 5703 5720 5734 5720 5708 5708 5711 5715 5721 5727 5731 5732 5744 5750 5750 5748 5739 5742 5748 5751 5755 5764 5774 5757 5750 5753 5750 5750 5745 5749 5750 5752 5749 5742 5738 5746 5750 5744 5763 5802 5809 5816 5818 5827 5838 5855 5883 5919 5952 5997 5975 5947 5921 5898 5889 5891 5886 5880
5727 5717 5715 5713 5706 5691 5671 5637 5593 5544 5490 5438 5411 5378 5315 5310 5324 5347 5380 5430 5505 5539 5579 5619 5644 5671 5714 5758 5734 5718 5704 5706 5711 5715 5719 5724 5731 5739 5743 5748 5752 5757 5771 5785 5775 5760 5759 5756 5755 5763 5749 5747 5747 5750 5754 5762 5764 5769 5754 5746 5757 5761 5762 5771 5791 5810 5813 5816 5824 5834 5847 5865 5889 5914 5942 5955 5955 5939 5919 5900 5884 5882 5880 5874
5731 5722 5719 5718 5713 5696 5676 5657 5608 5558 5506 5456 5415 5372 5317 5299 5301 5312 5328 5348 5418 5483 5547 5609 5665 5679 5709 5727 5716 5710 5704 5708 5710 5713 5717 5722 5731 5747 5752 5751 5751 5757 5771 5793 5796 5784 5770 5754 5746 5760 5755 5748 5744 5746 5751 5758 5760 5752 5750 5756 5768 5771 5767 5774 5786 5799 5808 5819 5828 5838 5852 5870 5888 5902 5921 5931 5933 5926 5915 5902 5887 5884 5876 5866
5735 5727 5724 5723 5722 5708 5684 5673 5627 5579 5530 5482 5429 5363 5307 5286 5283 5285 5290 5297 5334 5422 5505 5583 5638 5673 5699 5710 5699 5706 5716 5714 5714 5715 5718 5719 5720 5724 5746 5747 5746 5748 5747 5752 5769 5798 5771 5755 5766 5766 5753 5754 5748 5750 5748 5756 5768 5755 5745 5745 5760 5764 5759 5753 5768 5789 5798 5810 5822 5835 5849 5866 5877 5880 5884 5908 5913 5914 5913 5911 5919 5900 5885 5870
5736 5734 5728 5726 5725 5718 5709 5673 5642 5599 5553 5503 5433 5359 5297 5275 5272 5272 5272 5274 5307 5377 5459 5546 5625 5660 5682 5693 5695 5704 5712 5714 5716 5717 5718 5717 5715 5715 5726 5733 5737 5739 5739 5738 5739 5738 5745 5748 5768 5763 5765 5768 5776 5763 5751 5758 5768 5770 5760 5751 5750 5748 5752 5759 5747 5768 5787 5802 5815 5830 5846 5860 5871 5866 5866 5885 5895 5903 5910 5916 5916 5908 5901 5892
5733 5721 5726 5726 5722 5720 5713 5689 5655 5616 5571 5519 5431 5369 5304 5278 5278 5274 5270 5264 5283 5341 5411 5492 5590 5642 5672 5688 5697 5702 5708 5711 5715 5718 5719 5720 5718 5716 5715 5721 5730 5735 5738 5739 5736 5737 5736 5744 5750 5776 5763 5772 5783 5765 5748 5748 5753 5764 5769 5759 5750 5748 5746 5746 5742 5758 5778 5795 5810 5824 5838 5850 5865 5859 5854 5863 5878 5892 5905 5914 5913 5910 5918 5931
5732 5739 5736 5730 5719 5721 5726 5704 5672 5634 5590 5537 5453 5390 5333 5303 5295 5288 5281 5273 5274 5320 5375 5428 5544 5624 5677 5690 5693 5700 5704 5709 5715 5719 5720 5723 5729 5727 5718 5719 5727 5734 5739 5740 5735 5731 5727 5735 5742 5736 5762 5766 5759 5761 5752 5733 5743 5760 5771 5763 5750 5742 5741 5745 5746 5761 5774 5784 5796 5808 5821 5834 5839 5846 5836 5843 5864 5882 5898 5911 5910 5906 5921 5945
5735 5743 5743 5734 5732 5728 5716 5712 5685 5648 5606 5557 5483 5418 5375 5343 5326 5315 5304 5295 5286 5325 5372 5420 5517 5613 5682 5691 5693 5701 5709 5716 5720 5722 5722 5725 5725 5725 5722 5722 5728 5734 5739 5742 5740 5727 5720 5731 5743 5725 5746 5748 5745 5743 5736 5728 5735 5750 5764 5759 5747 5737 5740 5754 5770 5768 5772 5781 5792 5803 5813 5820 5828 5832 5828 5835 5852 5870 5888 5904 5901 5892 5905 5919
5737 5746 5743 5729 5725 5750 5768 5735 5695 5657 5619 5573 5511 5460 5416 5382 5365 5354 5338 5326 5337 5363 5408 5461 5549 5623 5674 5684 5698 5708 5713 5715 5723 5728 5729 5727 5725 5724 5726 5731 5729 5735 5741 5742 5726 5721 5716 5739 5754 5729 5745 5743 5740 5736 5730 5727 5737 5748 5753 5751 5745 5743 5747 5766 5767 5768 5770 5778 5787 5798 5808 5821 5839 5842 5823 5834 5845 5857 5872 5889 5886 5877 5884 5885
5738 5743 5741 5728 5723 5737 5764 5730 5697 5667 5634 5596 5546 5497 5460 5420 5414 5403 5390 5377 5379 5414 5467 5525 5597 5654 5695 5708 5717 5721 5722 5718 5727 5729 5731 5726 5721 5720 5718 5714 5724 5737 5749 5755 5752 5728 5719 5735 5746 5741 5764 5801 5773 5750 5735 5730 5741 5758 5747 5745 5745 5743 5754 5776 5759 5759 5765 5773 5781 5791 5801 5816 5840 5830 5833 5834 5838 5844 5852 5859 5866 5870 5874 5869
5738 5743 5743 5738 5731 5738 5771 5719 5699 5676 5650 5620 5584 5551 5522 5500 5474 5462 5456 5453 5445 5476 5534 5606 5652 5687 5719 5742 5737 5737 5742 5762 5745 5735 5728 5726 5719 5716 5713 5708 5720 5736 5750 5755 5751 5746 5739 5748 5732 5732 5753 5774 5777 5747 5742 5739 5755 5751 5752 5744 5747 5754 5764 5774 5756 5754 5761 5769 5777 5784 5790 5791 5796 5800 5823 5825 5829 5833 5835 5833 5853 5865 5881 5877
5738 5744 5749 5752 5743 5732 5759 5732 5706 5685 5664 5642 5616 5595 5575 5549 5528 5515 5511 5509 5506 5532 5588 5648 5678 5702 5723 5735 5740 5740 5753 5764 5750 5731 5722 5734 5741 5722 5712 5714 5726 5741 5757 5770 5775 5765 5752 5741 5722 5721 5729 5738 5765 5769 5753 5748 5760 5737 5729 5747 5759 5755 5750 5756 5757 5757 5760 5768 5776 5782 5789 5793 5793 5801 5811 5818 5821 5824 5829 5838 5860 5904 5896 5900
5738 5744 5748 5741 5733 5745 5779 5740 5713 5693 5677 5657 5641 5626 5610 5589 5571 5558 5552 5549 5551 5573 5622 5651 5681 5710 5724 5729 5736 5753 5753 5755 5742 5717 5688 5674 5708 5695 5707 5720 5740 5752 5759 5782 5788 5768 5743 5752 5730 5720 5721 5731 5753 5756 5757 5755 5751 5757 5778 5788 5787 5776 5749 5758 5757 5750 5757 5764 5773 5779 5783 5789 5789 5800 5805 5808 5811 5813 5820 5835 5847 5859 5879 5897
5739 5742 5746 5745 5731 5731 5754 5729 5712 5699 5690 5678 5661 5648 5638 5625 5607 5591 5582 5585 5598 5623 5646 5650 5683 5713 5722 5723 5729 5743 5752 5747 5736 5707 5659 5571 5543 5649 5706 5746 5764 5766 5769 5774 5775 5769 5762 5780 5748 5728 5719 5717 5727 5737 5756 5774 5803 5810 5819 5821 5821 5833 5841 5806 5774 5764 5760 5763 5770 5778 5782 5775 5789 5796 5797 5795 5797 5799 5804 5813 5826 5836 5862 5885
5736 5734 5729 5730 5739 5756 5741 5722 5710 5702 5697 5689 5677 5669 5662 5649 5632 5616 5607 5614 5634 5653 5654 5657 5690 5726 5721 5717 5718 5724 5739 5741 5732 5712 5690 5661 5643 5679 5720 5754 5770 5774 5773 5771 5774 5771 5775 5781 5758 5739 5725 5718 5730 5745 5765 5784 5804 5808 5819 5829 5833 5841 5846 5832 5796 5768 5763 5768 5774 5781 5796 5821 5824 5807 5788 5785 5786 5788 5791 5800 5814 5831 5853 5879
5735 5728 5721 5719 5728 5738 5728 5714 5705 5701 5697 5692 5687 5684 5679 5660 5643 5635 5632 5636 5648 5658 5645 5656 5696 5729 5721 5714 5715 5716 5721 5730 5732 5726 5733 5775 5761 5733 5740 5757 5770 5773 5774 5769 5763 5767 5774 5774 5758 5751 5746 5754 5768 5770 5776 5785 5795 5796 5807 5828 5824 5822 5832 5834 5809 5779 5776 5779 5779 5781 5784 5799 5818 5786 5778 5776 5775 5778 5783 5793 5806 5821 5841 5865
5734 5726 5717 5715 5718 5714 5716 5708 5703 5701 5698 5694 5691 5689 5683 5668 5654 5649 5645 5645 5648 5649 5650 5672 5701 5731 5712 5711 5710 5712 5713 5717 5723 5727 5738 5746 5753 5750 5751 5758 5764 5769 5775 5778 5763 5763 5772 5771 5759 5766 5776 5786 5778 5783 5784 5783 5778 5784 5792 5804 5810 5804 5795 5819 5813 5810 5805 5797 5791 5782 5771 5778 5807 5783 5772 5770 5770 5771 5774 5785 5801 5817 5830 5835
5732 5725 5718 5716 5718 5721 5714 5709 5705 5702 5701 5696 5692 5689 5684 5679 5672 5665 5655 5648 5643 5639 5640 5661 5690 5710 5715 5706 5703 5706 5708 5711 5718 5724 5732 5740 5748 5751 5752 5752 5750 5758 5766 5772 5772 5767 5763 5762 5764 5777 5797 5814 5815 5800 5792 5786 5780 5779 5790 5810 5807 5806 5803 5792 5808 5823 5823 5806 5797 5792 5787 5779 5773 5760 5767 5766 5766 5767 5769 5780 5796 5813 5826 5815
5733 5727 5718 5710 5709 5714 5710 5705 5700 5699 5697 5696 5692 5689 5688 5689 5702 5683 5667 5652 5638 5623 5619 5638 5667 5686 5686 5693 5697 5700 5704 5706 5711 5717 5724 5731 5743 5750 5755 5756 5759 5763 5763 5767 5773 5768 5776 5764 5772 5785 5802 5818 5826 5813 5802 5795 5789 5791 5785 5793 5800 5802 5800 5795 5798 5807 5806 5800 5797 5798 5806 5787 5752 5755 5761 5763 5763 5763 5768 5777 5790 5802 5807 5808
5740 5729 5719 5709 5703 5704 5705 5703 5698 5697 5693 5693 5692 5690 5687 5689 5687 5685 5674 5656 5638 5617 5610 5623 5649 5670 5676 5684 5693 5698 5701 5703 5703 5714 5721 5725 5737 5747 5756 5762 5768 5791 5775 5765 5780 5778 5788 5789 5787 5791 5796 5825 5833 5818 5811 5804 5799 5796 5783 5781 5795 5805 5790 5792 5790 5787 5781 5785 5787 5788 5790 5787 5772 5750 5766 5761 5759 5758 5760 5773 5787 5798 5801 5805
5742 5729 5717 5711 5708 5703 5706 5706 5704 5700 5696 5694 5692 5690 5688 5689 5690 5681 5670 5659 5644 5632 5610 5616 5626 5647 5670 5682 5691 5696 5700 5703 5710 5717 5728 5739 5741 5746 5753 5759 5767 5802 5819 5812 5798 5796 5783 5791 5793 5799 5812 5838 5843 5825 5819 5811 5806 5794 5770 5778 5790 5799 5793 5785 5782 5776 5768 5773 5775 5771 5761 5761 5750 5744 5755 5756 5753 5753 5759 5770 5786 5800 5808 5810
5741 5724 5714 5710 5709 5709 5709 5710 5707 5707 5702 5695 5693 5694 5692 5691 5685 5679 5674 5665 5654 5638 5628 5627 5620 5635 5667 5684 5693 5697 5701 5703 5704 5712 5727 5739 5741 5747 5753 5763 5780 5793 5818 5817 5801 5782 5792 5774 5794 5811 5835 5848 5852 5847 5830 5817 5804 5797 5768 5776 5785 5791 5797 5772 5777 5775 5772 5769 5766 5762 5752 5740 5734 5737 5741 5746 5746 5748 5755 5768 5786 5807 5833 5836
5735 5717 5703 5707 5703 5706 5711 5717 5724 5708 5696 5696 5696 5697 5702 5699 5686 5682 5680 5676 5670 5667 5668 5660 5659 5679 5688 5692 5697 5700 5702 5705 5708 5714 5716 5726 5735 5744 5752 5760 5773 5797 5809 5810 5800 5783 5790 5777 5799 5822 5858 5855 5851 5846 5836 5826 5815 5795 5778 5781 5798 5795 5799 5794 5785 5784 5780 5773 5761 5751 5746 5732 5727 5731 5735 5739 5740 5743 5751 5766 5782 5800 5822 5828
5728 5714 5702 5711 5703 5707 5713 5718 5720 5700 5692 5700 5704 5708 5702 5694 5692 5677 5689 5686 5686 5688 5702 5697 5685 5695 5702 5703 5704 5706 5707 5708 5710 5714 5709 5718 5731 5740 5749 5760 5767 5777 5794 5803 5806 5801 5807 5776 5795 5824 5846 5870 5860 5838 5835 5830 5829 5816 5778 5784 5785 5796 5801 5801 5799 5797 5793 5780 5759 5735 5723 5729 5722 5728 5732 5734 5737 5741 5749 5761 5773 5784 5788 5796
5724 5722 5721 5730 5724 5715 5714 5715 5714 5702 5706 5712 5714 5716 5719 5729 5729 5738 5708 5699 5700 5705 5714 5716 5725 5707 5705 5706 5708 5708 5710 5712 5713 5717 5721 5724 5732 5742 5752 5761 5768 5789 5782 5798 5812 5861 5805 5786 5795 5823 5843 5874 5871 5857 5836 5828 5816 5777 5811 5795 5780 5807 5813 5809 5811 5809 5805 5791 5765 5738 5732 5743 5737 5738 5731 5729 5736 5740 5748 5757 5765 5771 5774 5764
5724 5732 5742 5728 5719 5718 5716 5714 5710 5734 5734 5728 5728 5729 5736 5749 5752 5713 5707 5706 5706 5709 5709 5710 5706 5711 5708 5710 5711 5713 5716 5718 5718 5718 5714 5724 5736 5749 5759 5769 5785 5803 5804 5808 5795 5797 5802 5796 5806 5870 5888 5894 5869 5836 5829 5820 5811 5794 5807 5805 5794 5797 5820 5825 5819 5812 5812 5801 5777 5754 5757 5787 5789 5761 5739 5729 5741 5752 5753 5755 5758 5760 5759 5764
5719 5720 5733 5739 5724 5718 5717 5718 5723 5737 5744 5739 5737 5739 5741 5742 5750 5744 5717 5711 5707 5703 5711 5713 5705 5699 5708 5712 5716 5717 5720 5723 5724 5720 5718 5729 5744 5762 5780 5788 5800 5834 5853 5874 5869 5925 5945 5874 5828 5932 5965 5869 5872 5850 5825 5821 5817 5808 5817 5818 5818 5805 5809 5803 5798 5803 5805 5800 5784 5776 5777 5789 5794 5775 5753 5737 5746 5756 5752 5752 5754 5753 5753 5761
5718 5729 5745 5753 5721 5716 5717 5721 5729 5745 5744 5745 5745 5746 5745 5737 5737 5738 5728 5716 5710 5708 5714 5717 5712 5709 5715 5720 5724 5729 5732 5733 5734 5735 5723 5733 5745 5765 5791 5814 5823 5900 5923 5936 6004 5969 6077 5937 5917 5896 5955 5993 5897 5830 5819 5826 5834 5842 5815 5822 5833 5806 5798 5792 5789 5790 5793 5788 5781 5771 5776 5785 5789 5780 5773 5772 5750 5730 5740 5746 5751 5756 5755 5758
5713 5718 5740 5745 5721 5719 5724 5726 5726 5722 5733 5741 5746 5749 5751 5750 5740 5736 5730 5720 5711 5708 5716 5719 5727 5728 5726 5730 5735 5739 5742 5745 5746 5747 5735 5740 5755 5787 5828 5884 5922 5974 5944 5897 5891 5737 5730 5785 5793 5845 5884 5911 5893 5856 5869 5846 5845 5867 5856 5823 5818 5811 5796 5785 5776 5781 5783 5780 5778 5775 5771 5770 5774 5775 5775 5782 5751 5733 5730 5737 5748 5766 5780 5766
5711 5710 5727 5729 5727 5733 5732 5729 5727 5725 5730 5737 5743 5751 5757 5762 5751 5736 5728 5725 5725 5733 5732 5732 5734 5735 5736 5739 5739 5743 5744 5748 5745 5746 5743 5751 5764 5785 5821 5892 5976 5860 5759 5727 5723 5492 5540 5593 5661 5716 5745 5782 5850 5979 6032 5953 5924 5893 5825 5820 5806 5810 5797 5785 5777 5776 5779 5781 5781 5777 5767 5766 5768 5764 5755 5737 5725 5718 5721 5727 5737 5752 5772 5796
5711 5714 5735 5759 5761 5759 5738 5730 5728 5729 5731 5735 5744 5753 5762 5770 5765 5739 5724 5732 5742 5745 5747 5759 5746 5742 5742 5742 5741 5741 5743 5743 5748 5750 5742 5757 5761 5759 5755 5761 5722 5592 5485 5475 5428 5216 5416 5451 5479 5569 5583 5625 5697 5825 5953 6091 6037 5956 5929 5932 5831 5806 5786 5774 5766 5773 5781 5792 5784 5775 5768 5772 5766 5756 5740 5719 5712 5712 5713 5718 5722 5727 5746 5774
5714 5719 5750 5789 5761 5735 5734 5730 5725 5724 5727 5734 5742 5752 5763 5771 5774 5746 5725 5736 5753 5748 5749 5747 5764 5756 5750 5745 5744 5738 5738 5736 5745 5771 5761 5781 5762 5718 5661 5588 5502 5399 5266 5228 5152 4945 5105 5156 5236 5308 5294 5366 5467 5553 5704 6005 6010 5971 5980 6025 6028 5826 5774 5769 5778 5779 5785 5792 5784 5772 5767 5772 5766 5752 5735 5718 5708 5706 5708 5711 5713 5716 5728 5741
