real_craters/C106-300m.grd
DSAA
230 230
-34.3525 34.3525
-34.3525 34.3525
3746.5844046954 6247.3316676934
[rows 60 to 89 of 230, columns 134 to 200 of 230]
5804.44 5800.29 5798.27 5795.53 5792.71 5789.79 5786.21 5788.4 5789.84 5785.04 5783.1 5786.87 5790.41 5795.11 5796.19 5798.58 5801.43 5802.98 5801.59 5801.44 5800.88 5800.07 5796.5 5795.26 5795.99 5797.35 5799.7 5802.08 5805.17 5804.39 5803.54 5802.27 5800.28 5798.35 5796.97 5796.08 5795.94 5796.95 5798.47 5801.7 5806.1 5807.35 5796.73 5783.79 5768.81 5752.33 5752.63 5753.79 5754.84 5757.28 5759.93 5761.79 5762.78 5762.84 5762.66 5762.45 5762.31 5762.31 5762.91 5764.03 5766.57 5770.06 5774.05 5778.77 5783.84 5789.23 5793.97
5807.58 5804.86 5801.28 5797.57 5795.61 5792.83 5787.43 5781.75 5787.24 5786.15 5784.71 5784.9 5786.51 5788.5 5790.7 5795.61 5800.38 5804.18 5805.03 5801.64 5797.73 5794.21 5796.48 5795.29 5794.6 5794.93 5795.77 5796.11 5796.39 5796.33 5796.63 5793.38 5793.02 5793.12 5792.68 5792.63 5792.95 5794.15 5795.69 5798.7 5802.35 5803.34 5795.87 5786.93 5777.64 5767.37 5756.24 5752.47 5753.41 5756.25 5758.86 5762.19 5762.48 5762.36 5761.63 5761.11 5760.84 5760.66 5760.56 5760.74 5762.3 5766.54 5771.91 5777.26 5782.53 5787.67 5792.34
5812.26 5809.2 5806.05 5802.52 5799.61 5797.6 5796.18 5797.39 5793.06 5788.66 5785.76 5781.88 5781.17 5781.2 5784.81 5792.73 5800.17 5804.88 5804.84 5800.62 5793.2 5789.53 5792.18 5792.56 5792.72 5791.24 5790.45 5789.55 5788.08 5785.19 5780.54 5784.46 5786.33 5786.51 5787.81 5788.33 5788.8 5789.2 5790.29 5791.92 5792.74 5792.22 5790.12 5786.85 5784.24 5776.05 5756.81 5749.46 5751.74 5756.9 5763.52 5763.77 5762.34 5761.3 5760.36 5759.6 5759.09 5758.65 5758.5 5758.23 5759.75 5764.21 5769.99 5775.7 5781.39 5786.77 5791.54
5814.44 5811.32 5806.51 5804.97 5803.63 5801.78 5800.71 5802.53 5793.75 5784.68 5778.23 5776.71 5777.41 5779.16 5783.12 5791.55 5800.22 5806.93 5803.59 5798.02 5794.43 5791.31 5789.88 5789.65 5789.1 5787.59 5785.97 5784.31 5781.76 5779.23 5779.09 5777.69 5779.77 5781.6 5781.72 5782.55 5783.32 5783.42 5783.35 5783.29 5783.77 5782.97 5781.81 5781.14 5780.22 5770.95 5752.56 5746.28 5749.43 5755.16 5760.68 5761.8 5761.34 5759.91 5758.62 5757.79 5757.05 5756.75 5756.42 5756.44 5758.32 5763.06 5768.86 5774.6 5780.47 5785.89 5791.27
5818.51 5815.83 5811.76 5809.85 5806.69 5804.34 5801.79 5796.52 5788.75 5780.68 5771.9 5772.11 5774.78 5778.86 5784.8 5790.59 5798.42 5807.39 5800.68 5795.89 5792.7 5788.92 5789.51 5787.34 5785.77 5784.4 5782.46 5780.1 5777.33 5774.18 5771.53 5772.05 5774.26 5776.5 5777.93 5778.54 5777.51 5776.93 5775.61 5773.56 5771.39 5770.9 5770.74 5770.55 5770.39 5761.61 5747.48 5743.69 5746.68 5751.53 5755.68 5758.26 5758.56 5757.27 5756.26 5755.23 5754.67 5754.46 5754.77 5755.76 5757.92 5762.39 5767.69 5773.41 5779.15 5785.5 5791.15
5822.45 5817.62 5814.23 5810.97 5808.97 5806.94 5804.65 5800.42 5797.18 5781.68 5771.06 5770.11 5773.21 5778.13 5783.03 5786.91 5792.45 5797.62 5797.18 5797.38 5798.63 5792.31 5786.3 5784.06 5783.39 5781.64 5779.51 5777.23 5774.27 5770.69 5767.09 5768.16 5770.67 5772.26 5773.23 5774.1 5773.62 5772.11 5769.42 5764.85 5759.04 5758.56 5758.98 5757.05 5752.84 5747.7 5740.79 5740.67 5743.93 5748.49 5753.46 5755.73 5755.23 5754.12 5753.24 5752.72 5752.05 5751.92 5753.01 5755.29 5758.5 5761.96 5766.69 5772.23 5778.57 5784.72 5791.03
5827 5821.55 5817.42 5813.47 5810.69 5807.06 5804.66 5802.54 5794.23 5780.9 5770.93 5769.21 5771.92 5775.89 5778.03 5782.89 5786.2 5786.7 5794.96 5797.3 5805.29 5797.48 5792.41 5787.76 5781.48 5779.03 5777.65 5775.64 5773.33 5770.45 5767.81 5767.93 5769.05 5769.95 5770.07 5769.55 5768.99 5767.41 5764.73 5760.26 5755.5 5752.45 5750.08 5745.73 5739.76 5738.16 5737.49 5738.63 5741.25 5744.8 5748.81 5750.96 5750.82 5751.28 5749.63 5749.57 5749.27 5749.58 5750.77 5752.86 5755.97 5760.57 5765.73 5771.51 5778.27 5784.8 5791.84
5831.25 5825.89 5820.72 5815.89 5811.7 5806.25 5801.34 5800.68 5792.12 5778.3 5770.04 5768.74 5771.86 5776.38 5782.1 5784.35 5785.59 5785.94 5791.06 5793.2 5800.09 5794.41 5786.65 5778.03 5775.87 5776.73 5776.76 5776.04 5774.57 5772.55 5771.07 5770.22 5769.53 5768.97 5768.01 5766.81 5765.36 5763.71 5761.67 5758.48 5753.62 5749.9 5745.01 5739.24 5733.22 5734.37 5736.86 5737.02 5738.51 5740.6 5742.02 5742.89 5745.74 5747.4 5746.78 5746.38 5746.61 5747.36 5748.86 5751.07 5754.26 5759.33 5764.76 5770.71 5777.25 5784.92 5792.77
5834.82 5828.6 5823.37 5818.35 5812.67 5805.72 5797.47 5797.08 5790.93 5777.13 5768.76 5768.79 5773.17 5778.05 5782.2 5786.43 5790.08 5792.14 5795.09 5794.71 5794.77 5788.6 5774.67 5766.03 5773.19 5777.18 5778.04 5777.82 5776.99 5775.53 5773.92 5772.61 5770.94 5769.07 5767.05 5764.81 5762.83 5760.91 5759.83 5759.83 5757.35 5749.34 5742.08 5736.36 5733.5 5732.88 5733.98 5734.71 5735.69 5737.24 5738.85 5741.21 5742.6 5744.15 5743.5 5743.33 5744.16 5745.13 5747.15 5749.81 5753.37 5758.1 5763.83 5770.11 5776.95 5784.16 5792.46
5836.71 5831.48 5826.71 5822.39 5817.12 5811.35 5804.88 5798.8 5789.02 5779.94 5772.17 5772.05 5775.67 5780.64 5787.33 5793.72 5797.07 5796.03 5793.52 5796.07 5795.42 5791.33 5784.48 5781.61 5780.28 5781.18 5781.57 5781.36 5780.44 5779.4 5777.42 5775.46 5773.16 5770.3 5766.78 5763.19 5759.47 5756.59 5755.42 5757.3 5756.75 5746.5 5738.49 5732.61 5729.05 5730.47 5731.84 5731.96 5732.98 5734.65 5736.98 5739.42 5740.08 5741.27 5742.68 5740.77 5742.36 5743.18 5744.96 5747.3 5751.4 5756.67 5762.43 5768.82 5775.44 5782.75 5790.03
5836.13 5833.71 5830.57 5826.66 5822.51 5817.79 5812.74 5806.34 5798.12 5788.92 5781.67 5777.44 5778.23 5782.46 5789.35 5796.06 5803.38 5802.26 5796.39 5800.3 5802.61 5797.19 5794.33 5793.11 5788.81 5787.14 5786.31 5785.7 5785.25 5784.04 5782.14 5779.34 5776.42 5772.25 5767.16 5761.89 5757 5751.85 5747.24 5743.92 5742.14 5738.13 5733.6 5729.6 5726.57 5725.77 5726.99 5728.82 5730.58 5732.34 5733.86 5734.52 5736.91 5738.95 5740.45 5739.42 5740.24 5741.34 5742.98 5745.28 5749.59 5755.12 5760.87 5767.21 5773.55 5779.97 5786.76
5837 5834.96 5832.72 5828.05 5825.84 5823.94 5819.36 5814.78 5809.8 5798.12 5784.21 5778.86 5780.04 5782.13 5784.3 5789.47 5800.5 5801.82 5796.28 5797.85 5800.89 5799.88 5797.82 5795.25 5793.77 5792.59 5791.61 5790.79 5790.05 5789.42 5787.68 5786.08 5780.4 5774.52 5768.08 5761.42 5754.06 5746.35 5738.27 5729.51 5727.62 5729.58 5729.39 5727.99 5725.6 5723.72 5724.46 5726.61 5728.86 5730.86 5732.51 5734.73 5735.78 5737.09 5738.42 5738 5739.21 5740.1 5741.61 5743.63 5748.3 5753.77 5759.45 5765 5770.78 5776.78 5782.59
5836 5833.78 5831.48 5830 5828.47 5828.67 5824.67 5817.65 5817.73 5801 5779.78 5780.18 5783.61 5782.96 5780.49 5781.71 5794.16 5795.73 5796.29 5797.92 5800.66 5801.49 5800.94 5799.64 5798.58 5797.79 5797.23 5796.26 5795.58 5794.26 5792.52 5788.16 5784.67 5777.92 5769.95 5761.24 5751.68 5742.42 5732.92 5724.28 5722.82 5725.97 5728.17 5728.5 5725.77 5722.63 5723.7 5726.29 5728.45 5730.19 5731.69 5733.51 5733.97 5734.96 5736.68 5736.58 5738.31 5739.51 5741.5 5743.76 5747.9 5752.84 5757.8 5762.97 5768.05 5773.11 5778.12
5837.71 5835.02 5832.35 5830.15 5828.16 5825.58 5818.77 5807.16 5794.3 5767.69 5782.88 5794.12 5792.04 5787.06 5782.76 5784.19 5789.83 5797.3 5798.09 5799.88 5801.74 5804.03 5804.36 5804 5802.93 5802.49 5802.25 5801.57 5800.92 5799.69 5798.2 5796.35 5790.62 5781.94 5772.6 5762.52 5752 5741.38 5731.86 5725.07 5724.07 5727.13 5730.67 5732.7 5729.32 5724.3 5725.95 5728.41 5729.9 5730.69 5730.9 5731.13 5731.52 5732.74 5734.64 5735.48 5737.3 5739.5 5741.89 5744.68 5747.87 5752.02 5756.5 5760.78 5765.17 5769.62 5773.35
5838.83 5834.9 5831.57 5828.56 5825.7 5821.27 5810.99 5794.75 5768.19 5739.61 5792.6 5811.33 5801.26 5792.05 5785.1 5782.48 5791.5 5800.65 5801.23 5799.44 5805.94 5808.62 5808.24 5805.82 5804.63 5806.65 5806.88 5806.77 5805.71 5804.65 5803.09 5801.22 5795.22 5786.19 5776.44 5765.54 5754.24 5742.92 5733.11 5725.82 5727.29 5731.49 5735.97 5739.24 5735.37 5731.68 5732.35 5733.65 5733.72 5732.63 5731.07 5729.45 5728.89 5730.73 5732.51 5734.75 5736.96 5739.3 5740.86 5743.73 5747.67 5751.47 5755.33 5759.41 5762.81 5766.16 5769.47
5837.16 5832.74 5829.09 5825.87 5822.49 5817.56 5807.27 5794.05 5783.24 5795.68 5805.67 5811.79 5803.69 5794.72 5785.83 5779.11 5784 5799.53 5811.03 5821.33 5816.54 5815.28 5813.92 5810.9 5810.36 5812.53 5811.86 5810.81 5809.94 5808.84 5807.16 5802.75 5798.15 5790.98 5780.67 5769.62 5757.8 5746.66 5737.17 5731.8 5733.65 5738.72 5743.34 5745.78 5743.65 5740.25 5742.82 5742.36 5739.93 5736.44 5732.64 5729.02 5727.4 5729.47 5732.14 5735.32 5737.98 5740.21 5740.85 5743.63 5748.01 5751.45 5754.48 5757.79 5760.64 5763.27 5765.67
5833.7 5830.13 5826.08 5822.73 5819.25 5812.43 5805.08 5797.31 5795.37 5803 5804.88 5802.76 5803.12 5797.47 5789.98 5782.28 5781.61 5789.99 5809.52 5821.73 5821.47 5820.07 5820.19 5822.16 5823.63 5819.46 5815.74 5813.42 5812.07 5811.31 5810.99 5811.46 5808.73 5796.43 5785.08 5773.99 5762.84 5751.95 5742.21 5738.3 5742.46 5749.23 5755.01 5757.73 5763.99 5762.56 5759.28 5754.02 5748.01 5741.65 5735.65 5730.42 5727.6 5729.08 5732.57 5736.98 5740.68 5742.97 5743.76 5746.57 5749.76 5752.5 5754.58 5756.59 5758.7 5761.12 5762.72
5831.11 5826.9 5822.82 5820.03 5817.85 5813.83 5805.26 5798.21 5793.82 5794.4 5804.56 5806.8 5806.48 5803.03 5797.96 5793.86 5789.12 5786.24 5800.41 5815.56 5819.52 5820.52 5822.2 5826.14 5828.79 5821.11 5815.85 5812.92 5811.98 5811.65 5811.97 5812.01 5808.17 5799.03 5788.77 5778.66 5768.77 5759.51 5749.37 5745.49 5753.26 5762.11 5772.91 5784.3 5792.96 5789.85 5776.48 5765.82 5756.53 5747.88 5739.9 5732.91 5728.3 5730.1 5734.35 5739.5 5744.96 5749.16 5750.37 5752.07 5752.79 5753.37 5754.54 5755.65 5756.89 5758.07 5759.74
5830.66 5826.37 5823.21 5820.27 5816.68 5812.4 5806.36 5799.55 5792.94 5791.37 5812.68 5814.14 5811.96 5810.13 5807.52 5804.18 5795.77 5790.88 5798.99 5811.04 5815.63 5817.36 5817.98 5818.56 5817.51 5813.89 5811.11 5809.93 5809.73 5809.69 5809.98 5809.83 5805.74 5799.54 5791.17 5782.59 5774.74 5769.07 5766.88 5764.62 5766.11 5773.03 5784.17 5796.66 5804.31 5799.5 5786.5 5774.53 5763.76 5754.13 5745 5736.88 5731.76 5732.3 5736.71 5742.5 5749.3 5757.3 5762.73 5758.87 5755.48 5754.01 5754.03 5754.48 5755.29 5756.08 5757.09
5828.98 5824.24 5822.97 5821.01 5817.44 5814.14 5810.15 5805.21 5798.73 5792.69 5804.49 5813.46 5815.47 5816.13 5816.27 5812.8 5803.44 5797.48 5801.57 5809.62 5811.8 5811.88 5810.6 5807.4 5802.38 5802.82 5803.98 5804.93 5805.69 5806.68 5807.25 5807.1 5805.83 5799.45 5792.26 5784.9 5779.11 5775.53 5776.45 5775.96 5774.86 5778.71 5785.19 5792.64 5797.55 5796.75 5789.3 5779.52 5769.53 5760.02 5750.78 5741.9 5734.62 5734.86 5739.52 5744.69 5750.69 5758.69 5765.48 5759.44 5755.04 5753.12 5752.67 5753 5753.69 5754.41 5754.95
5824.85 5822.22 5821.61 5822.22 5820.32 5819.3 5818.06 5815.78 5813.49 5815.4 5827.9 5818.02 5816.7 5819.87 5824.02 5824.51 5810.5 5807.78 5808.72 5808.45 5808.12 5806.48 5803.49 5799.22 5793.49 5794.66 5797.73 5799.78 5801.35 5802.67 5803.59 5804.18 5802.52 5798.63 5791.97 5785.5 5780.11 5776.32 5774.3 5775.2 5777.08 5780.39 5784.85 5791.07 5793.92 5794.78 5789.77 5782.25 5774.04 5765.87 5757.67 5749.24 5740.43 5740.32 5744.2 5746.23 5747.86 5750.1 5752.24 5751.9 5750.81 5750.43 5750.77 5751.41 5752.5 5753.45 5754.11
5819.23 5819.96 5822.03 5824.87 5830.56 5829.52 5827.12 5827.02 5828.75 5832.91 5836.84 5814.69 5815.93 5822.56 5830.59 5835.01 5817.4 5813.14 5812.95 5808 5803.96 5801.32 5798.45 5795.21 5792.63 5792.61 5793.21 5794.88 5796.51 5797.95 5799.16 5800.31 5802.58 5796.84 5789.87 5784.22 5779.32 5775.04 5772.34 5773.52 5776.48 5780.17 5785.21 5792.43 5800.42 5795.6 5789.48 5783.51 5777.26 5771.15 5765.37 5760.12 5755.9 5754.17 5752.07 5748.41 5743.87 5739.5 5739.5 5742.7 5745.09 5746.84 5748.43 5750.14 5750.6 5752.21 5753.52
5817.75 5820.4 5823.44 5826.43 5833.09 5835.02 5834.29 5837.16 5841.23 5843.27 5821.8 5812.24 5814.97 5823.84 5833.38 5837.11 5823.76 5812.75 5805.27 5801.52 5798.99 5796.82 5794.01 5792.02 5791.75 5790.58 5788.66 5789.6 5791.11 5792.5 5793.86 5793.8 5792.29 5788.89 5785.8 5781.96 5777.97 5773.98 5771.07 5772.58 5775.21 5778.31 5782.08 5787.76 5791.92 5790.97 5786.91 5782.92 5778.77 5775.23 5772.45 5771 5770.94 5768.49 5760.98 5751.64 5742.13 5732.72 5731.42 5736.01 5739.83 5742.08 5744.62 5747.1 5748.32 5750.58 5753.1
5823.11 5827.94 5828.69 5825.42 5824.13 5831.6 5838.6 5845.86 5852.44 5855.09 5836.99 5812.06 5814.71 5823.28 5832.02 5834.21 5818.93 5809.12 5796.78 5796.86 5795.96 5794.14 5791.05 5787.61 5783.29 5780.25 5782.15 5784.32 5786.24 5787.84 5788.46 5787.81 5784.62 5782.57 5782.55 5780.21 5777.46 5774.7 5772.6 5772.69 5773.9 5775.75 5778.13 5780.39 5783.33 5784.08 5782.55 5780.57 5778.4 5776.99 5776.59 5777.95 5780.44 5779.02 5767.81 5754.95 5743.37 5733.26 5730.4 5732.43 5735.3 5737.21 5740.01 5742.88 5746.19 5749.9 5754.03
5841.04 5847.8 5844.46 5832.15 5821.88 5832.55 5844.91 5855.06 5862.77 5868.14 5862.82 5821.77 5819.18 5823.4 5827.44 5827.88 5823.34 5812.15 5802.17 5799.67 5796.79 5793.07 5788.93 5784.04 5777.64 5774 5777.81 5780.51 5782.34 5783.74 5784.41 5784.32 5785 5785.18 5780.98 5778.94 5777.07 5776.03 5775.25 5772.9 5772.4 5772.62 5772.75 5772.3 5773.7 5777.11 5777.45 5777.1 5776.4 5775.72 5776.54 5779.14 5782.98 5782.71 5769.75 5755.4 5744.5 5737.64 5731.92 5730.41 5731.61 5733.81 5736.7 5740.03 5744 5748.78 5754.14
5882.48 5886.85 5874.52 5854.24 5843 5847.53 5858.12 5865.7 5869.94 5873.23 5868.26 5846.45 5830.76 5823.74 5821.81 5819.75 5814.45 5810.97 5811.58 5804.31 5798.85 5793.35 5789.5 5784.49 5780.22 5778.14 5778.48 5779.29 5780.32 5780.93 5781.61 5781.46 5780.46 5777.43 5779 5778.22 5776.43 5773.69 5772.19 5771.65 5770.82 5770.36 5769.89 5769.25 5770.27 5772.68 5773.46 5773.53 5772.83 5772.36 5772.79 5774.24 5777.21 5777.84 5764.08 5750.01 5739.7 5734.18 5729.34 5727.57 5728.41 5730.56 5733.46 5737.02 5741.07 5746.43 5752.84
5953.53 5944.58 5918.83 5882.49 5860.88 5872.71 5880.48 5881.4 5876.82 5870.73 5860.63 5852.93 5835.06 5821.51 5814.63 5816.74 5816.51 5808.46 5813.72 5807.27 5799.39 5793.55 5788.27 5784.75 5782.95 5783.44 5779.56 5777.72 5778.52 5779.08 5780.08 5780.34 5779.99 5780.34 5779.51 5778.82 5777.25 5774.05 5771.67 5770.82 5769.37 5768.43 5768.4 5768.54 5769.19 5769.77 5770.22 5769.84 5768.49 5767.28 5765.97 5764.53 5763.42 5760.51 5749.67 5739.16 5729.95 5723.04 5722.93 5723.36 5724.56 5726.74 5729.52 5732.99 5737.08 5742.29 5748.72
6037.6 6005.93 5975.2 5940.01 5916.23 5917.92 5914.81 5904.84 5888.67 5869.17 5839.06 5826.79 5825.84 5817.92 5808.15 5806.11 5808.84 5803.52 5811.57 5807 5799.3 5793.2 5788.77 5784.53 5781.48 5779.56 5776.27 5775.07 5776.03 5777.05 5778.56 5779.85 5780.84 5781.49 5780.69 5780.7 5780.32 5778.79 5775.45 5771.63 5768.25 5765.79 5765.58 5766.29 5767.65 5767.95 5767.39 5765.99 5764 5761.19 5757.6 5752.57 5745.77 5735.77 5730.23 5726.84 5722.41 5718.75 5718.72 5719.73 5720.79 5722.96 5725.47 5728.38 5732.53 5737.11 5742.74
6073.39 6039.04 6025.51 6018.9 6001.42 5978.48 5957.55 5935.2 5909.54 5881.27 5841.93 5825.95 5836.14 5829.61 5804.34 5801.04 5806.14 5808.3 5807.44 5805.83 5800.04 5790.76 5784.67 5781.41 5776.52 5771.29 5769.76 5771.57 5773.88 5776.44 5778.75 5780.73 5781.67 5780.42 5782.31 5783.08 5783.26 5784.07 5778.54 5772.38 5767.51 5763.72 5764.34 5768.2 5768.01 5766.89 5765.16 5762.58 5759.58 5755.29 5749.67 5742.38 5732.56 5719.8 5716.36 5717.81 5717.49 5716.64 5715.99 5716.49 5717.45 5719.19 5721.71 5724.31 5727.6 5731.15 5735.31
5994.97 6020.96 6049.93 6068.91 6060.77 6030.08 5996.84 5966.14 5940.48 5911.51 5886.55 5892.56 5898.35 5878.93 5832.5 5806.9 5814.89 5823.52 5808.01 5799.94 5794.09 5787.64 5780.36 5775.99 5771.57 5767.18 5766.89 5769.42 5772.67 5776.04 5778.87 5781.97 5785 5787.37 5787.91 5785.08 5782.79 5781.16 5777.06 5772 5767.68 5764.24 5765.64 5768.58 5768.29 5766.43 5763.63 5760.17 5756.27 5750.79 5743.95 5735.78 5726.33 5717.86 5713.95 5713.33 5714.24 5714.19 5713.4 5713.69 5714.73 5716.23 5718.05 5720.32 5722.66 5725.11 5727.86
