real_craters/C106-500m.grd
DSAA
138 138
-34.3525 34.3525
-34.3525 34.3525
3750.5751642843 6233.9447358106
[rows 0 to 29 of 138, columns 67 to 133 of 138]
5752.01 5752.43 5751.77 5752.77 5756.46 5761.23 5767.29 5773.99 5752.09 5745.15 5743.6 5744.64 5746.18 5744.09 5744.59 5742.48 5740.24 5743.33 5743.7 5745.16 5746.89 5749.74 5757.4 5767.62 5776.96 5783.12 5785.86 5790.77 5792.79 5785.61 5793.58 5797.61 5809.42 5824.56 5840.8 5856.78 5872.13 5886.3 5897.74 5901.2 5899.68 5898.49 5900.61 5897.78 5884.74 5870.97 5872.37 5878.45 5879.6 5878.6 5877.22 5875.37 5872.88 5869.41 5864.53 5859.8 5860.71 5861.99 5864.63 5866.15 5871.24 5878.3 5883.92 5888.96 5894.79 5901.32 5908.41
5746.92 5748.39 5748.96 5749.87 5751.35 5752.72 5761.64 5773.27 5747.92 5743.8 5743.89 5745.15 5746.36 5748.08 5749.07 5749.58 5740.81 5741.76 5744.81 5747.39 5749.62 5753.23 5763.54 5767.27 5773.83 5779.36 5781.69 5793.44 5800.82 5786.8 5782.29 5786.21 5799.86 5813.3 5828.41 5844.24 5859.84 5873.61 5884.38 5889.52 5888.25 5882.9 5878.37 5886.36 5888.55 5874.04 5867.76 5873.15 5877.8 5880.65 5881.76 5881.45 5879.86 5875.21 5868.41 5864.77 5862.93 5859.51 5856.33 5859.18 5864.75 5872.62 5879.28 5886.34 5894.35 5904.1 5916.62
5744.97 5744.28 5745.32 5746.13 5747.62 5749.25 5753.52 5771.77 5746.58 5744.04 5745.88 5748.06 5748.2 5751.56 5749.91 5744.29 5739.68 5741.83 5747.68 5751.68 5753.87 5754.43 5759.19 5767.52 5772.72 5779.03 5790.92 5798.52 5806.87 5787.01 5779.33 5781.38 5791.78 5804.13 5818.3 5832.81 5848.21 5861.06 5872.42 5879.22 5879.24 5877.11 5877.28 5891.6 5907.47 5896.78 5869.34 5877.4 5883.31 5885.86 5889.08 5891.1 5888.44 5885.47 5880.19 5877.14 5868.5 5860.21 5853.61 5854.47 5859.29 5865.25 5874.27 5884.04 5893.69 5903.55 5917.36
5745.08 5742.82 5743.46 5745.77 5747.24 5748.44 5755.38 5771.96 5748.81 5747.73 5750.15 5754.21 5756.94 5753.5 5749.25 5744.58 5743.24 5749.35 5753.48 5757.63 5760.65 5763.32 5768.65 5768.87 5770.24 5772.65 5774.52 5774.68 5772.22 5769.76 5767.22 5775.22 5786.51 5800.38 5814.05 5827.23 5839.22 5849.98 5861.09 5870.45 5873.32 5875.92 5883.51 5903.46 5920.57 5914.57 5894.8 5893.97 5893.93 5893.13 5893.96 5895.57 5894.17 5896 5892.98 5882.28 5873.32 5863.94 5855.65 5854.47 5856.84 5861.77 5871.2 5882.54 5894.33 5905.15 5912.11
5743.43 5741.91 5744.47 5747.46 5750.31 5753.55 5762.1 5782.38 5756.02 5755.13 5755.47 5757.42 5773.29 5754.08 5749.29 5748.02 5745.59 5754.66 5758.39 5761.65 5766.12 5770.99 5769.57 5766.39 5765.23 5764.78 5761.82 5759.13 5760.41 5759.89 5762.68 5772.24 5785.2 5796.27 5808.33 5819.05 5829.52 5838.73 5846.87 5857.03 5867.42 5881.41 5900.52 5920.12 5934.66 5938.9 5928.21 5916.06 5906.76 5900.31 5894.55 5889.77 5893.69 5899.44 5897.27 5887.42 5878.2 5869.85 5862.86 5859.25 5858.19 5861.33 5869.84 5880.95 5894.74 5908.06 5914.34
5740.17 5742.4 5746.34 5752.09 5758.38 5766.43 5786.81 5792.65 5773.38 5764.25 5758.45 5753.27 5743.07 5748.73 5753.23 5752.93 5756.64 5757.55 5759.91 5762.83 5767.64 5773.58 5767.39 5760.19 5759.61 5760.59 5760.82 5760.97 5761.69 5765.72 5764.6 5774.37 5784.82 5794.71 5805.06 5814.31 5823.11 5829.74 5834.73 5839.82 5862.66 5885.85 5912.02 5936.37 5959.4 5960.36 5949.06 5934.43 5920.05 5908.03 5897.08 5887.9 5891.57 5898.71 5897.92 5892.76 5884.48 5875.23 5868.97 5863.91 5861.01 5863.03 5870.19 5880.79 5893.25 5906.78 5921.63
5737.44 5740.48 5749.46 5758.6 5767.1 5774.54 5782.86 5811.3 5786.78 5769.79 5759.26 5751.06 5743.27 5747.81 5755.35 5757.08 5765.57 5757.01 5757.93 5759.67 5762.09 5764.79 5754.88 5750.25 5753.33 5757.69 5763.59 5770.07 5771.6 5777.36 5782.48 5781.08 5786.97 5794.69 5805.38 5814.06 5820.41 5825.98 5831.6 5843.27 5863.28 5890.62 5918.57 5945.25 5968.72 5974.85 5963.63 5947.62 5930.05 5914.82 5901.61 5892.43 5890.86 5892.45 5893.4 5890.4 5884.5 5878.21 5871.81 5866.71 5863.39 5864.45 5870.67 5879.39 5891.63 5907.89 5929.17
5743.41 5745.48 5753.71 5763.89 5774.15 5778.71 5770.23 5786.81 5777.96 5766.36 5757.49 5749.78 5743.67 5745.06 5743.96 5749.12 5754.01 5753.8 5754.78 5754.02 5752.48 5747.87 5741.96 5741.83 5746.65 5752.91 5761.04 5772.18 5773.95 5772.46 5779.33 5789.01 5796.16 5803.41 5808.06 5814.47 5820.31 5826.12 5831.96 5839.43 5864.5 5896.42 5924.83 5948.07 5968.14 5983.08 5974.39 5956.22 5937.63 5920.44 5905.94 5895.72 5892.25 5892.42 5891.73 5889.55 5885.43 5879.85 5875.11 5872.7 5867.57 5867.31 5871.1 5877.24 5884.24 5898.12 5918.67
5750.85 5751.8 5757.37 5766.5 5778.52 5783.7 5763.76 5755.55 5760.51 5758.63 5754.22 5749.16 5746.95 5744.3 5743.93 5746 5749.05 5750.65 5749.6 5749.97 5746.48 5739.49 5736.68 5738.33 5744.21 5749.28 5752.03 5751.02 5754.86 5763.75 5783.72 5796.4 5804.99 5809.65 5815.02 5817.73 5823.83 5830.44 5837.6 5848.43 5871.36 5902.46 5927.68 5949.46 5973.06 5989.41 5979.42 5961.25 5941.09 5923.13 5907.66 5896.51 5892.33 5893.38 5891.53 5888.67 5885.09 5879.6 5874.36 5867.45 5868.84 5869.8 5871.74 5876 5883.64 5894.43 5906.63
5751.37 5753.7 5757.68 5763.27 5769.8 5772.21 5756.38 5747.23 5751.78 5752.93 5751.06 5748.75 5749.87 5746.66 5744.29 5749.84 5750.84 5750.8 5752.94 5750.93 5745.73 5741.62 5738.04 5739.92 5746.72 5750.02 5748.49 5743.11 5754.25 5785.35 5804.3 5808.12 5811.37 5816.16 5817.8 5823.62 5829.89 5836.91 5846.2 5859.76 5879.24 5901.49 5925.44 5947.37 5973.12 5993.49 5977.18 5959.3 5940.37 5923.12 5907.16 5892.9 5887.46 5894.3 5889.52 5886.42 5882.16 5878.4 5873.16 5870.3 5872.46 5872.52 5873.74 5877.16 5882.27 5892.37 5903.62
5758.82 5756.96 5757.16 5757.23 5757.51 5762.41 5760.94 5747.46 5748.81 5748.07 5747.3 5748.56 5750.64 5750.74 5755.62 5758.93 5758.5 5759.45 5764.3 5756.04 5747.95 5742.14 5747.74 5753.78 5756.32 5756.73 5757.88 5759.12 5777.81 5806.78 5812.72 5813.08 5813.35 5818.56 5821.52 5827.66 5834.21 5842.86 5853.59 5866.18 5882.3 5900.82 5921.63 5942.66 5960 5969.37 5963.69 5950.82 5936.64 5921.8 5907.39 5894.01 5883.28 5883.23 5883.86 5882.43 5881.71 5875.75 5871.89 5870.38 5869.89 5872.48 5875.41 5879.3 5884.77 5896.03 5911.65
5760.73 5762.35 5760.56 5754.56 5748.83 5756.73 5756.63 5749.82 5750.21 5747.11 5745.76 5745.36 5747.58 5752.76 5758.74 5763.86 5767.26 5777.87 5768.16 5756.46 5751.85 5752.63 5759.96 5768.08 5766.43 5765.48 5770.19 5787.34 5792.58 5795.61 5807.1 5810.21 5812.26 5817.27 5823.03 5830.89 5836.86 5846.57 5857.77 5872.6 5888.33 5900.55 5915.31 5932.03 5939.82 5945.01 5946.36 5940.16 5930.64 5919.46 5908.12 5898.84 5897.06 5881.7 5880.6 5877.26 5871.37 5868.85 5868.53 5869.17 5869.93 5872.36 5877.21 5882.76 5889.64 5901.4 5918.95
5787.33 5776.54 5765.02 5754.59 5746.07 5759.87 5760.45 5754.39 5752.03 5748.09 5744.6 5743.25 5745.88 5749.3 5752.18 5758.09 5760.72 5752.01 5749.43 5749.38 5750.83 5756.09 5764.14 5775.47 5770.59 5766.7 5767.13 5773.43 5784.39 5790.51 5800.44 5806.79 5813.01 5819.76 5825.05 5833 5841.31 5849.7 5860.53 5873.05 5885.04 5894.98 5903.13 5915.67 5925.89 5930.35 5931.69 5929 5923.41 5916.44 5908.46 5898.72 5886.57 5885.89 5883.05 5876.8 5868.6 5866.25 5866.71 5867.04 5867.84 5872.54 5879.1 5886.99 5894.24 5903.84 5916.53
5807.37 5786.93 5766.25 5756.29 5761.55 5773.42 5766.38 5754.92 5751.87 5750.75 5746.68 5745.27 5748.19 5747.26 5749.59 5755.55 5761.38 5761.7 5747.78 5745.14 5743.64 5748.78 5759.18 5764.28 5766.27 5762.29 5758.09 5753.26 5769.9 5790.71 5794.75 5799.63 5807.18 5814.01 5821.96 5830.44 5839.49 5848.96 5859.99 5869.91 5879.31 5882.92 5886.09 5889.47 5907.77 5916.13 5918.58 5918.61 5917 5914.33 5910.81 5906.5 5902.29 5900 5891.48 5882.44 5873.43 5868.6 5869.31 5869.64 5872.02 5873.97 5879.35 5889.46 5899.02 5902.45 5911.2
5772.51 5764.89 5756.76 5749.96 5748.36 5769.28 5760.73 5758.73 5760.03 5759.22 5755.77 5753.76 5754.49 5750.45 5749.76 5756.92 5768.24 5780.6 5762 5751.72 5744.88 5746.6 5753.22 5758.18 5757.55 5756.14 5754.97 5758.15 5755.02 5770.45 5780.9 5790.82 5799.1 5807.43 5816.57 5825.23 5834.77 5844.7 5856.57 5865.69 5872.41 5876.46 5872.66 5873.72 5889.9 5900.39 5905.28 5908.22 5910.36 5911.4 5912.93 5916.64 5924.81 5912.42 5900.75 5891.78 5883.13 5878.72 5876.84 5873.38 5873.15 5873.13 5877.67 5883.37 5889.81 5894.86 5899.32
5736.07 5739.29 5745.57 5748.32 5752.76 5792.6 5765.78 5764.47 5764.98 5769.39 5777.03 5775.57 5762.79 5754.08 5748.66 5759.02 5764.92 5768.98 5769.27 5765.14 5755.57 5751.23 5750.21 5747.06 5748 5750.46 5752.77 5759.28 5747.83 5753.62 5771.13 5782.83 5793.43 5802.84 5812.46 5821.72 5831.35 5841.07 5853.13 5861.72 5869.25 5868.59 5863.17 5861.2 5879.93 5886.36 5892.39 5898.93 5904.2 5908.94 5913.38 5916.46 5915.31 5911.65 5906.78 5902.84 5898.46 5891.2 5889.64 5880.48 5870.16 5873.26 5877.09 5878.51 5882.33 5887.01 5891.52
5736.69 5735.16 5739.86 5747.97 5760.06 5762.73 5782.93 5767.45 5762.79 5772.89 5785.32 5778.8 5764.59 5751.53 5750.37 5755.17 5754.96 5755.05 5765.9 5770.36 5761.14 5755.75 5751.09 5748 5747.05 5746.82 5747.32 5749.09 5744.96 5749.29 5762.74 5776 5788.58 5801.03 5811.02 5820.5 5829.77 5837.96 5846.52 5855.81 5864.41 5864.1 5858.73 5857.32 5864.25 5871.83 5880.43 5889.63 5897.68 5904.95 5911.21 5914.75 5911.96 5909.64 5910.73 5913.85 5917.64 5919.27 5910.99 5894.8 5883.88 5883.42 5885.23 5881.78 5884.75 5884.74 5880.03
5735.06 5732.64 5734.52 5739.61 5742.96 5742.4 5756.73 5761.97 5765.28 5770.82 5774.28 5771.91 5762.7 5749.32 5745.42 5739.23 5745.26 5755.97 5765.74 5770.27 5772.41 5760.33 5752.65 5747.08 5743.29 5743.55 5745.28 5744.96 5739.97 5749.7 5759.99 5770.56 5782.68 5792.62 5802.67 5811.78 5820.56 5830.58 5837.99 5844.72 5851.85 5856.02 5854.34 5847.19 5845.73 5857.43 5869.43 5880.92 5891.38 5901.42 5909.49 5915.16 5914.22 5907.11 5911.75 5920.95 5934.44 5948.81 5934.42 5918.2 5899.81 5893.37 5902.02 5912.77 5905.14 5893.71 5880.9
5730.35 5724.74 5729 5735.3 5740.91 5735.45 5734.87 5752.64 5771.25 5764.16 5753.41 5760.2 5760.47 5762.22 5741.41 5731.78 5737.59 5748.73 5761.16 5771.52 5769.9 5761.76 5752.45 5744.89 5740.09 5740.05 5742.83 5745.65 5746.32 5753.04 5763.17 5772.32 5780.67 5785.75 5793.36 5801.8 5809.81 5819.25 5827 5832.77 5835.7 5843.26 5843.55 5836.28 5834.15 5846.62 5860.21 5872.93 5885.12 5895.92 5905.82 5912.6 5910.75 5904.38 5907.95 5918.96 5934.1 5948.21 5940.3 5926.47 5902.71 5895.63 5909.26 5925.72 5920.39 5911.92 5905.68
5729.14 5721.64 5724.36 5733.62 5743.09 5733.24 5727.42 5742.43 5752.28 5750.55 5748.61 5750.23 5746.62 5741.2 5734.75 5728.14 5732.25 5742.62 5755.37 5768.1 5769.03 5760.01 5750.85 5742.37 5735.55 5738.26 5743.3 5752.26 5764.79 5763.38 5766.75 5771.72 5777.4 5783.81 5791.12 5798.46 5806.59 5812.72 5818.96 5824.87 5829.68 5829.68 5835.3 5827.75 5828.95 5840.01 5852.67 5865.1 5877.31 5889.02 5900.21 5908.74 5905.16 5893.8 5899.14 5909.32 5920.45 5928.87 5925.14 5917.96 5904.67 5903.33 5909.27 5912.97 5924.84 5917.21 5903.57
5722.65 5713.91 5720.82 5731.33 5745.69 5728.62 5725.2 5738.11 5748.44 5742.53 5728.94 5738.43 5737.86 5733.87 5729.72 5728.04 5731.92 5739.16 5748.04 5755.68 5757.21 5754.61 5749.18 5743.64 5743.67 5742.03 5746.54 5757.05 5770.94 5770.67 5769.11 5769.85 5773.77 5780.62 5786.85 5795.13 5802.66 5808.63 5815.1 5817.44 5820.58 5823.97 5831.05 5829.24 5829.69 5836.89 5846.33 5857.13 5868.36 5880.12 5891.43 5900.02 5896.39 5886.7 5888.4 5895.03 5901.43 5904.95 5899.32 5892.31 5897.68 5905.85 5912.93 5929.27 5943.74 5947.08 5928.18
5721.77 5716.13 5722.03 5739.85 5754.54 5731.64 5730.99 5741.78 5747.28 5744.65 5740.71 5740.45 5735.36 5731.01 5728.21 5727.62 5733.77 5742.46 5748.79 5750.08 5751.77 5749.9 5746.52 5743.45 5742.92 5745.05 5758.94 5767.82 5764.01 5767.9 5766.53 5769.45 5772.41 5778.42 5784.76 5791.68 5798.03 5805.69 5815.05 5826.04 5839.32 5863.04 5835.25 5824.95 5829.9 5836.14 5842.73 5850.58 5859.5 5869.33 5879.69 5890.43 5885.6 5874.23 5877.18 5882.16 5883.42 5881 5877.16 5878.24 5883.43 5893 5903.4 5927.22 5963.72 6004.15 5967.04
5725.88 5716.26 5722.86 5734.88 5748.68 5743.53 5739.88 5751.59 5769.89 5785.1 5769.69 5756.03 5743.25 5735.13 5730.7 5729.46 5735.07 5747.9 5755 5750.16 5747.41 5746.32 5744.94 5743.41 5738.96 5746.59 5762.68 5776.6 5761.95 5759.62 5760.8 5765.29 5769.43 5775.39 5781.52 5786.7 5793.62 5801 5811.24 5829.98 5849.15 5861.94 5831.82 5833.81 5833 5835.55 5839.13 5843.95 5848.72 5855.72 5862.65 5869.76 5871.06 5869.65 5871.88 5874.74 5873.43 5866.9 5862.57 5865.92 5869.65 5874.64 5887.36 5917.95 5960.13 5987.6 5959.86
5734.2 5722.17 5728.33 5740.12 5745.78 5732.8 5739.15 5754.8 5780.67 5808.64 5801.14 5770.71 5755.26 5742.67 5736.03 5732.8 5737.7 5752.39 5757.52 5742.59 5743.81 5744.25 5744.48 5746.88 5753.33 5761.52 5768.43 5775.52 5757.97 5753.77 5756.34 5762.08 5767.61 5771.74 5777.89 5783.67 5788.61 5794.12 5798.65 5800.4 5812.21 5815.14 5814.28 5830.17 5830.99 5831.24 5832.33 5835.93 5839.83 5843.05 5844.57 5846.52 5856.81 5864.77 5870.48 5874.43 5873.02 5865.62 5857.9 5859.47 5861.54 5864.4 5875.95 5906.71 5946.53 5967.3 5941.59
5749.09 5745.27 5743.26 5747.57 5739.38 5726.06 5731.29 5743.56 5757.67 5764.74 5775.46 5766.56 5744.51 5744.07 5741.52 5741.2 5755.71 5756.86 5747.97 5745.25 5744.96 5743.78 5747.12 5750.16 5754.9 5760.12 5768.01 5772.53 5758.93 5753.16 5753.92 5759.02 5764.29 5769.44 5774.69 5779.95 5783.28 5788.03 5790.03 5790.43 5793.95 5795.33 5802.26 5819.28 5823.22 5825.61 5827.12 5830.22 5832.41 5833.88 5832.79 5834.1 5851.36 5862.73 5872.14 5882.12 5882.23 5876.73 5862.16 5862.5 5860.54 5862.54 5870.9 5897.15 5932.11 5957.85 5938.64
5762.63 5760.7 5744.19 5739.46 5737.26 5719.46 5722.55 5729.88 5735.98 5738.04 5760.98 5766.9 5761 5753.09 5748.42 5748.58 5768.47 5754.84 5737.77 5732.39 5734.45 5746.75 5754.69 5756.26 5752.98 5751.39 5756.66 5758.36 5757.32 5754.53 5755.59 5759.43 5764.38 5769.46 5774.62 5779.25 5783.62 5787.53 5790.58 5791.5 5792.09 5793.36 5800.4 5809.72 5816.41 5819.73 5822.46 5824.75 5826.97 5829.09 5832.21 5839.55 5856.11 5878.89 5899.03 5894.78 5894.34 5897.36 5898.79 5875.62 5862.36 5857.33 5863.47 5885.23 5910.53 5927.44 5932.03
5767.89 5756.44 5745.12 5747.82 5744.12 5717.36 5717.75 5721.2 5727.35 5741.71 5759.59 5767.95 5774.19 5760.67 5753.51 5747.73 5737.78 5743.08 5735.84 5734.75 5739.45 5761.98 5768.67 5767.23 5758.14 5747.13 5751.71 5758.17 5757.15 5756.3 5756.05 5758.02 5763.22 5770.06 5774.64 5780.13 5782.79 5786.27 5791.19 5798.56 5792.83 5794.48 5803.21 5808.38 5811.91 5814.99 5817.45 5818.92 5821.02 5825.4 5833.49 5843.36 5854.9 5876.23 5895.5 5892.68 5897.42 5904.92 5900.97 5873.55 5862.26 5855.88 5856.38 5875.12 5895.04 5909.84 5918.43
5767.82 5750.68 5732.13 5754.94 5750.25 5725.06 5719.91 5719.61 5721.6 5731.37 5748.59 5749.76 5752.24 5756.61 5757.31 5757.12 5758.21 5764.5 5767.15 5780.23 5800.73 5794.24 5792.7 5789.41 5780.23 5753.79 5756.76 5757.38 5758.26 5754.26 5751.16 5756.37 5759.99 5764.13 5769.05 5772.91 5778.84 5781.57 5783.01 5785.99 5788.06 5791.12 5802.9 5804.07 5805.42 5807.17 5808.43 5809.76 5812.39 5817.44 5825.82 5834.99 5842.57 5850.65 5853.11 5873.5 5889.38 5898.03 5885.51 5866.96 5863 5861.2 5859.5 5874.45 5891.1 5902.02 5908.02
5768.21 5757.7 5754.65 5774.69 5761.28 5736.24 5725.87 5719.91 5717.54 5719.55 5730.27 5731.88 5738.68 5751.49 5762.51 5771.71 5786.35 5801.48 5807.82 5816.52 5818.31 5817.41 5814.9 5817.16 5825.78 5829.32 5821.3 5778.84 5772 5764.16 5759.22 5759.33 5760.77 5763.48 5768.78 5773.27 5777.98 5780.59 5778.19 5777.01 5786.05 5787.68 5800.28 5799.19 5796.36 5796.23 5796.62 5799.29 5802.27 5806.37 5812.39 5820.63 5828.54 5834.2 5838.68 5860.82 5880.06 5889.83 5880.37 5866.6 5867.67 5871.97 5871.45 5883.81 5898.36 5904.5 5903.04
5771.47 5773.14 5777.5 5784.77 5763.46 5745.03 5732.34 5723.11 5716.55 5715.31 5717.64 5729.29 5740.68 5753.97 5767.58 5782.05 5800.76 5814.16 5812.54 5818.9 5827.26 5826.97 5827.75 5832.91 5845.26 5853.98 5852.96 5821.53 5793.27 5776.81 5770.25 5763.07 5762.73 5765.91 5769.71 5774.83 5780.59 5787.4 5794.36 5798.01 5803.18 5799.52 5794.45 5793.31 5791.37 5790.63 5790.99 5791.75 5793.35 5795.88 5798.55 5808.02 5818.68 5828.28 5842.94 5857.47 5873.7 5885.32 5878.67 5867.72 5873.15 5883.68 5892.99 5899.3 5903.93 5904.68 5901.99
