real_craters/C106-500m.grd
DSAA
138 138
-34.3525 34.3525
-34.3525 34.3525
3750.5751642843 6233.9447358106
[rows 0 to 29 of 138, columns 0 to 66 of 138]
5728.49 5725.8 5720.36 5714.07 5706.85 5699.82 5691.58 5680.18 5661.76 5635.96 5605.08 5574.45 5545.46 5530.77 5512.49 5487.98 5455.52 5437.74 5409.09 5383 5389.58 5404.53 5424.17 5446.24 5471.4 5498.62 5526.72 5558.09 5584.31 5611.15 5637.49 5661.86 5670.52 5675.11 5678.21 5680.69 5682.87 5685.42 5693.4 5708.27 5714.45 5715.47 5716.07 5715.7 5716.37 5718.19 5721.75 5725.83 5731.3 5735.94 5741.01 5744.61 5747.49 5748.81 5748.99 5749.63 5765.19 5774.98 5770.71 5766.11 5761.93 5757.84 5752.28 5753.13 5751.73 5749.06 5748.71
5728.05 5723.5 5718.5 5712.3 5705.09 5698.13 5690.26 5680.77 5667.86 5635.62 5609.59 5600.46 5566.95 5554.51 5533.37 5510.47 5493.7 5460.53 5419.77 5382.8 5375.74 5390.53 5411.28 5434.65 5460.59 5488.01 5517.23 5546.57 5576.03 5605.42 5632.99 5658.67 5666.45 5671.55 5675.36 5678.93 5684.02 5690.77 5694.57 5702.47 5709.16 5712.66 5715.38 5720.62 5716.48 5716.52 5719.61 5723.32 5727.79 5731.6 5735.41 5739.37 5741.46 5743.75 5744.97 5749.08 5760.42 5769.23 5768.24 5764.9 5760.95 5757.05 5756.61 5752.2 5749.12 5745 5744.52
5722.4 5721.75 5717.15 5710.76 5703.85 5695.97 5687.73 5678.95 5670.57 5620.05 5557.3 5538.18 5607.92 5581.33 5552.07 5524.89 5501.24 5468.36 5438.72 5403.5 5377.46 5383.47 5400.47 5422.08 5449.25 5476.81 5507.13 5538.3 5568.76 5595.21 5621.91 5643.56 5657.36 5665.31 5670.93 5676.41 5682.6 5689.32 5693.53 5700.69 5706.57 5710.28 5709.53 5704.61 5708.42 5713.27 5716.92 5720.6 5724.27 5727.96 5731.34 5734.47 5736.83 5739.22 5741.79 5746.85 5754.53 5761.73 5763.88 5761.94 5758.67 5755.07 5752.38 5750.36 5747.87 5746.18 5745.12
5724.56 5720.93 5715.74 5709.12 5702.07 5693.98 5685.26 5678.11 5673.72 5612.5 5519.86 5484.74 5604.94 5591.28 5561.05 5528.21 5491.22 5455.72 5429.51 5403.58 5380.02 5373.92 5386.12 5408.01 5434.5 5464.58 5496.36 5528.81 5559.59 5587.15 5613.16 5634.83 5648.76 5658.56 5665.98 5672.47 5678.98 5687.17 5695.02 5701.38 5706.52 5708.54 5708.2 5706.49 5708.12 5712.41 5716.01 5718.64 5722.09 5724.6 5727.75 5730.92 5734.1 5737.14 5739.92 5742.29 5751.65 5760.07 5761.11 5758.76 5755.49 5751.95 5748.04 5746.4 5746.49 5747.91 5747.95
5720.72 5719.48 5714.63 5708.03 5701.11 5693.13 5684.31 5675.03 5664.36 5629.79 5605.5 5599.77 5603.22 5587.71 5560.99 5528.39 5490.41 5451.91 5421.85 5389.43 5358.67 5356.89 5370.79 5394.04 5421.27 5450.24 5482.3 5515.34 5547.18 5575.14 5603.58 5625.58 5639.07 5650.11 5659.18 5667.38 5674.56 5686.27 5696.02 5702.31 5708.03 5711.43 5708.14 5708.43 5711.21 5713.28 5715.15 5717.57 5719.96 5723.05 5726.17 5729.15 5732.68 5736.63 5740.94 5746.14 5755.72 5760.02 5759.68 5757.26 5753.52 5748.54 5743.44 5741.44 5743.48 5745.75 5747.6
5719 5719.86 5714.91 5708.67 5701.46 5693.52 5685.17 5676.26 5664.41 5642.21 5622.72 5603.92 5595.81 5584 5560.92 5532.18 5503.93 5474.04 5421.53 5378.98 5337.52 5339.98 5356.49 5380.15 5407.33 5436.84 5467.68 5498.41 5527.1 5560.46 5588.78 5611.63 5628.02 5640.85 5651.84 5661.83 5670.29 5679.93 5691.92 5701.48 5709.24 5712.99 5707.16 5707.23 5711.8 5712.71 5714.35 5715.5 5718.19 5722.51 5725.82 5728.92 5732.86 5737.56 5743.29 5752.49 5760.81 5760.31 5758.04 5754.94 5751.05 5746.26 5741.01 5738.32 5740.43 5739.74 5739.3
5720.19 5720.82 5715.7 5710.01 5703.01 5695.76 5687.88 5679.35 5663.95 5645.95 5628.4 5610.7 5592.53 5571.42 5547.56 5523.13 5501.49 5478.19 5425.44 5376.34 5328.31 5326.84 5343.21 5366.13 5392.99 5422.19 5452.77 5485.02 5520.73 5546.72 5572.23 5597.49 5616.36 5631.12 5644.31 5656.23 5667 5678.36 5689.18 5699.96 5707.92 5710.69 5705.98 5705.62 5708.13 5709.07 5710.89 5713.5 5716.36 5720.39 5723.85 5727.6 5732.66 5737.23 5743.3 5750.9 5758.73 5757.3 5755.29 5752.77 5749.75 5745.53 5742.51 5741.17 5740.19 5739.4 5738.36
5720.8 5720.56 5716.18 5711.01 5705.83 5699.64 5691.92 5681.82 5660.96 5646.27 5632.67 5615.25 5588.14 5561.1 5533.61 5506.49 5478.62 5446.03 5407.84 5371.37 5324.56 5318.57 5330.66 5350.98 5378.01 5405.19 5434.99 5467.02 5498.52 5531.62 5563.06 5586.38 5606.22 5622.68 5637.28 5650.26 5662.93 5673.73 5687.47 5700.02 5709.18 5710.63 5705.67 5705.42 5703.32 5706.82 5709.27 5711.49 5714.36 5717.89 5722.11 5725.7 5730.26 5734.33 5738.96 5744.16 5751.88 5753.37 5753.01 5751.27 5749.47 5746.88 5744.86 5745.18 5743.37 5744.63 5746.57
5722.34 5719.09 5715.25 5711.7 5707.29 5702.32 5695.99 5685.45 5661.73 5650.5 5639.68 5614.63 5587.04 5556.96 5525.42 5493.69 5458.31 5418.4 5397.43 5369.54 5328.9 5315.54 5322.26 5338.77 5360.41 5386.34 5415.5 5447.15 5481.37 5516.5 5548.24 5575.21 5595.92 5614.05 5629.68 5643.46 5655.35 5670.72 5687.2 5702.5 5713.58 5719.63 5716.73 5713.76 5711.72 5709.04 5708.57 5710.18 5712.62 5715.73 5719.62 5723.37 5727.18 5730.95 5734.47 5736.77 5745.25 5750 5751.4 5751.46 5749.85 5747.94 5744.73 5743.2 5743.31 5748.05 5750.23
5723.47 5716.74 5714.48 5712.13 5709.17 5705.5 5700.35 5692.79 5670.71 5658.04 5647.85 5615.47 5586.06 5554.37 5520.86 5484.96 5447.8 5413.33 5404.92 5383.14 5336.76 5314.21 5315.89 5328.27 5346.68 5369.26 5395.52 5425.98 5463.78 5504.3 5540.17 5562.81 5583.77 5603.68 5622.01 5637.15 5650.35 5667.07 5688.79 5709.16 5719.9 5729 5735.34 5722.37 5711.59 5707.35 5707.46 5709.45 5711.75 5715.1 5718.87 5722.39 5726.1 5729.45 5731.4 5731.6 5738.42 5746.07 5749.47 5750.64 5750.85 5748.84 5744.61 5732.48 5742.61 5744.92 5751.15
5725.71 5718.46 5715.3 5713.4 5711.71 5709.31 5704.55 5694.95 5679.96 5666.2 5649.33 5616.75 5587.73 5555.9 5521.2 5484.49 5447.76 5416.56 5413.89 5396.56 5341.34 5312.22 5311.36 5318.83 5332.51 5350.39 5372.33 5399.44 5434.88 5481.25 5521.48 5543.83 5566.62 5591.26 5615.01 5634.24 5645.42 5664.3 5691.99 5719.81 5745.63 5743.46 5732.27 5721.86 5711.27 5706.44 5706.29 5709.08 5711.98 5714.74 5716.64 5720.22 5724.28 5728.52 5732.4 5735.42 5738.36 5744.64 5748.58 5751.06 5752.37 5754.46 5757.59 5760.91 5766.83 5763.91 5761.32
5728.39 5721.18 5717.44 5716 5714.66 5712.95 5708.9 5700.66 5683.4 5673.38 5657.87 5622.92 5594.89 5562.61 5527.35 5491.13 5455.71 5424.38 5411.81 5393.44 5346.13 5315.18 5306.59 5308.36 5316.44 5328.46 5344.89 5364.48 5391.25 5438.9 5487.29 5512.49 5542.8 5575.5 5608.35 5638.16 5653.25 5667.6 5694.45 5722.03 5745.98 5742.6 5729.78 5717.32 5706.45 5702.02 5705.18 5708.03 5710.72 5713.21 5715.49 5718.12 5722.31 5727.29 5734.71 5743.35 5746.72 5749.52 5749.58 5751.22 5753.36 5758.94 5768.87 5791.19 5802.83 5800.61 5779.86
5731.15 5724.38 5720.54 5719.17 5718.69 5717.38 5713.68 5704.75 5685.32 5676.56 5670.73 5639.14 5606.22 5572.51 5537.64 5503.18 5469.38 5436.97 5413.22 5384.64 5344.38 5313.19 5299.67 5296.44 5300.3 5307.74 5316.77 5327.67 5339.46 5365.91 5421.94 5467.62 5511.5 5554.9 5597.19 5638.99 5666.1 5675.1 5694.22 5713.58 5723.43 5720.13 5713.4 5710.72 5706.17 5704.67 5707.43 5709.37 5711.19 5712.52 5715.49 5718.04 5721.51 5726.12 5733.9 5745.87 5748.81 5749.76 5750.36 5749.88 5751.24 5756.63 5764.12 5773.61 5789.66 5798.16 5793.06
5733.96 5727.49 5723.96 5722.97 5722.45 5721.41 5719.28 5711.56 5693.98 5680.93 5679.11 5652.66 5619.13 5585.97 5552.48 5519.16 5486.85 5454.49 5421.02 5380.23 5338.72 5305.96 5291.76 5286.44 5286.41 5289.86 5294.55 5299.11 5303.96 5312.95 5361.79 5421.66 5476.43 5528.35 5578.82 5622.1 5650.74 5671.59 5690.02 5706.07 5713.06 5704.42 5701.71 5706.02 5709.31 5713.96 5712.61 5712.32 5713.39 5714.62 5715.54 5717.61 5719.73 5721.91 5725.28 5732.46 5740.84 5747.58 5748.33 5747.55 5748.41 5749.44 5751.51 5752.74 5760.58 5775.45 5784.2
5735.46 5730.1 5726.46 5726.11 5724.94 5724.83 5724.69 5718.96 5705.72 5690.49 5679.56 5658.47 5630.42 5600.04 5568.37 5536.92 5504.54 5470.09 5424.87 5375.53 5334.15 5301.57 5283.29 5278.24 5277.37 5277.49 5279.68 5281.25 5284.42 5293.56 5331.77 5386.9 5443.61 5500.15 5556.68 5610.7 5642.02 5663.45 5682.37 5697.99 5706.81 5698.05 5698.34 5704.12 5710.9 5717.85 5715.65 5714.98 5714.86 5715.77 5716.73 5717.56 5718.48 5717.23 5715.49 5714.32 5731.94 5746.33 5742.88 5742.54 5743.24 5743.97 5742.94 5742.18 5741.8 5748.52 5755.42
5735.7 5734.81 5735.83 5727.97 5726.5 5725.91 5725.05 5720.94 5714.77 5709.73 5680.29 5663.66 5640.42 5612.44 5583.33 5551.41 5517.68 5480.11 5423.39 5373.33 5332.02 5291.6 5276.1 5272.92 5271.19 5271.21 5271.19 5270.57 5270.5 5280.4 5313.58 5360.34 5413.43 5469.58 5527.86 5585.56 5632.59 5654.36 5671.78 5683.63 5691.14 5693.94 5697.32 5702.69 5708.63 5712.38 5714.3 5715.63 5716.16 5717.31 5717.61 5717.24 5717.46 5715.8 5713.91 5715.02 5720.94 5725.14 5730.9 5734.76 5736.62 5738.16 5738.86 5738.25 5738.12 5737.18 5738.67
5733.64 5729.07 5717.72 5726.09 5726.72 5725.16 5722.95 5721.17 5717.86 5710.9 5693.46 5672.67 5649.19 5622.98 5595.19 5564.45 5529.52 5486.19 5419.03 5379.19 5337.13 5295.71 5276.57 5274.99 5275.56 5274.69 5272.85 5269.33 5265.73 5269.15 5296.6 5336.85 5384.52 5435.85 5492.2 5554.2 5606.22 5640.74 5662.49 5674.81 5684.82 5696.04 5698.14 5701.5 5705.86 5710.4 5712.22 5714.48 5716.52 5717.11 5718.42 5718.76 5718.79 5717.93 5715.57 5714.1 5715.41 5716.74 5722.17 5728.52 5733.19 5734.87 5736.81 5738.05 5738.18 5735.75 5735.47
5732.02 5730.97 5733.94 5730.94 5728.42 5725.32 5720.69 5719.97 5719.21 5712.64 5703.76 5682.65 5658.84 5633.25 5605.56 5575.87 5541.35 5498.91 5429 5386.91 5348.84 5306.81 5286.47 5282.99 5281.59 5279.3 5276.05 5271.82 5266.93 5264.66 5281.98 5318.08 5359.64 5403.48 5450.93 5515.65 5591.45 5627.7 5657.24 5676.78 5686.71 5691.73 5696.34 5699.8 5703.06 5705.65 5708.67 5712.61 5715.73 5717.54 5718.81 5719.85 5720.69 5722.09 5722.82 5720.82 5717.3 5716.1 5719.52 5724.59 5729.65 5733.59 5736.6 5738.3 5736.61 5735.63 5736.35
5732.54 5736.75 5740.1 5736.68 5732.4 5727.45 5718.33 5720.36 5720.91 5724.15 5712.81 5693.22 5671.58 5646.29 5618.28 5588.19 5553.97 5510.8 5447.24 5402.72 5367.93 5331.79 5309.56 5300.97 5296.09 5291.55 5286.31 5281.16 5276.06 5270.7 5279.04 5309.6 5345.91 5381.51 5414.98 5467.15 5555.8 5611.88 5654.93 5685.03 5691.34 5689.65 5694.72 5699.12 5702.66 5704.92 5708.68 5713.33 5716.71 5718.22 5719.8 5721.24 5722.76 5727.11 5731.31 5727.99 5721.37 5717.22 5718.26 5723.5 5728.81 5733.3 5736.73 5739.87 5740.7 5736.51 5732.9
5734.32 5739.51 5741.23 5741.12 5736.02 5731.3 5728.36 5725.81 5721.38 5716.25 5712.76 5701.1 5680.18 5655.7 5628.78 5599.12 5566.66 5528.59 5468.79 5420.74 5390.33 5360.91 5338.37 5324.56 5316.06 5309.39 5302.73 5296.19 5290.61 5282.23 5284.82 5312.65 5345.15 5376.22 5406.82 5455.88 5534.65 5601.17 5653.4 5694.12 5694.23 5690.36 5694.53 5699.76 5704.63 5710.41 5715.51 5717.85 5719.18 5719.25 5720.48 5722.7 5724.46 5726.82 5727.39 5726.67 5723.18 5718.2 5719.22 5725.08 5729.53 5733.85 5737.33 5739.17 5739.65 5741.18 5737.74
5736.43 5742.85 5749.37 5746.39 5736.34 5729.97 5730.55 5735.32 5741.07 5731.72 5723.68 5710.41 5688.59 5664.36 5636.85 5608.38 5576.32 5536.96 5487.89 5445.53 5417.12 5388.86 5365.52 5350.53 5340.4 5332.43 5324.08 5315.98 5309.85 5302.74 5304.64 5330.79 5360.26 5391.12 5424.83 5480.94 5545.38 5603.1 5650.72 5679.74 5686.82 5688.11 5696.02 5702.45 5707.47 5711.97 5714.49 5719.09 5722.98 5725.11 5725.24 5725.4 5724.77 5724.99 5721.46 5723.34 5724.79 5725.91 5728.65 5728.38 5730.9 5734.52 5737.81 5740.79 5743.11 5738.66 5729.04
5737.09 5743.02 5746.34 5742.25 5733.04 5724.89 5725.43 5740.47 5764.92 5770.41 5750.46 5719.51 5693.27 5668.39 5644.15 5617.77 5587.83 5552.01 5509.11 5471.07 5446.48 5416.09 5391.79 5376.26 5368.23 5360.31 5351.44 5340.65 5330.73 5331.1 5348.06 5361.19 5388.57 5420.59 5456.4 5510.25 5566.64 5615.55 5653.97 5678.45 5683.68 5691.49 5701.51 5707.89 5711.61 5713.5 5714.88 5718.99 5723.66 5728.5 5730.03 5729.2 5727.78 5725.77 5724.9 5724.45 5724.24 5727.36 5730.05 5728.05 5730.59 5735.4 5740.21 5741.95 5742.52 5734.39 5726
5738.06 5741.69 5743.16 5739.94 5732.16 5722.47 5723 5735.47 5751 5765.96 5747.77 5719.56 5695.38 5673.33 5650.93 5627.58 5601.83 5570.32 5533.18 5499.25 5473.81 5443.63 5411.84 5405.26 5400.53 5393.48 5385.09 5374.16 5363.05 5362.71 5369.84 5393.07 5425.06 5460.58 5499.91 5548.18 5596.12 5637.66 5669.69 5687.39 5694.55 5705.68 5713.03 5716.61 5719.4 5718.73 5717.48 5722.24 5725.62 5729.28 5731.54 5730.22 5726.49 5724.23 5726.09 5722.87 5720.48 5718.7 5717.08 5722.08 5728.45 5735.71 5743.7 5751.08 5752.95 5755.89 5741.43
5737.31 5741.36 5744.24 5743.93 5735.22 5726.28 5725.3 5730.7 5737.1 5773.29 5731.4 5713.61 5696.62 5678.26 5659.46 5639.05 5617.49 5590.43 5558.66 5528.01 5506.7 5482.36 5459.22 5447.34 5438.88 5431.37 5424.34 5418.07 5410.53 5406.31 5408.09 5431.19 5467.09 5507.21 5550.19 5596.71 5631.76 5664.04 5697.52 5725.38 5740.71 5732.24 5728 5728.09 5729.9 5730.12 5723.05 5732.83 5733.96 5731.31 5731.61 5730.24 5725.98 5719.54 5715.44 5717.44 5715.34 5712.66 5709.62 5716.63 5727.06 5736.98 5745.65 5754.61 5754.7 5750.88 5745.74
5738.1 5741.88 5743.93 5742.82 5741.51 5736.17 5732.6 5732.8 5749 5766.11 5729.15 5712.35 5698.92 5683.62 5666.86 5649.86 5631.2 5608.71 5584.67 5564.3 5546.77 5526.2 5510.5 5492.81 5479.02 5470.26 5464.97 5463.75 5464.37 5454.21 5455.29 5475.14 5509.57 5551.6 5599 5640.57 5662.27 5684.01 5706.4 5725.7 5738.76 5740.4 5737.91 5737.88 5740.69 5746.28 5758.35 5753.05 5743.36 5735.04 5730.03 5728.12 5727.52 5722.17 5718.72 5717.16 5713.78 5711.3 5708.56 5715.44 5724.05 5735.32 5745.69 5751.77 5755.87 5752.9 5752.65
5738.26 5742.39 5745.18 5747.29 5749.12 5759.49 5742.4 5731.65 5739.74 5757.15 5737.71 5718.6 5703.06 5688.78 5674.17 5659.53 5645.15 5626.24 5607.75 5592.6 5582.9 5562.51 5545.17 5529.08 5515.71 5506.8 5501.6 5501.46 5501.16 5494.23 5496.44 5513.8 5547.3 5588.53 5631.22 5662.97 5679.36 5696.22 5712.33 5725.89 5733.84 5738.68 5740.5 5739.34 5744.18 5754.55 5762.42 5759.06 5745.78 5734.25 5726.66 5725.66 5731.94 5735.1 5730.11 5722.54 5714.71 5712.32 5713.5 5719.38 5728.07 5737.56 5749.71 5759.48 5765.66 5769.61 5767.01
5737.77 5741.9 5746.04 5747.24 5746.79 5742.57 5738.51 5733.99 5754.62 5766.8 5747.46 5725.71 5708.5 5694.51 5681.36 5668.35 5654.98 5640.33 5626.42 5614.26 5605.32 5589.97 5574.26 5559.45 5546.99 5537.82 5532.24 5529.06 5528.96 5525.85 5528.96 5545.25 5577.44 5615.07 5645.12 5664.77 5685.32 5703.13 5719.56 5727.18 5732.71 5736.26 5739.2 5742.68 5748.15 5756.39 5759.51 5753.86 5742.33 5727.81 5715.41 5708.67 5722.31 5776.6 5754.57 5719.16 5710.38 5710.58 5713.49 5722.11 5735.97 5745.37 5753.21 5764.12 5777.58 5788.23 5781.48
5737.49 5741.79 5746.09 5749.28 5745.77 5736.11 5731.83 5735.17 5775.12 5777.38 5750.5 5728.09 5711.71 5699.21 5687.77 5677.04 5663.19 5653.19 5642.33 5632.58 5623.01 5612.1 5598.98 5585.72 5574.63 5565.33 5559.18 5560.06 5557.05 5554.85 5558.29 5570.89 5601.54 5632.57 5649.45 5663.94 5686.61 5706.82 5724.19 5724.57 5726.29 5731.47 5735.6 5752.27 5754.14 5753.72 5754.53 5748.51 5735.97 5717.48 5696.23 5673.83 5656.67 5657.56 5678.69 5685.97 5698.03 5711.35 5723.49 5736.47 5747.26 5753.62 5754.2 5763.39 5780.63 5792.77 5781.65
5738.51 5741.47 5744.5 5750.09 5747.5 5739.98 5730.16 5724.58 5752.8 5759.77 5740.92 5721.51 5711.25 5702.44 5694.44 5687.03 5679.31 5666.71 5656.16 5647.38 5641.33 5632.19 5622.39 5612.74 5598.75 5587.73 5580.26 5577.74 5578.92 5582.72 5590.79 5604.53 5626.75 5644.04 5645.57 5664.31 5688.26 5708.79 5722.08 5723.17 5723.56 5727.24 5738.58 5748.13 5750.91 5751.53 5748.78 5745.1 5731.63 5711.49 5683.26 5644.44 5587.33 5519.46 5586.17 5648.46 5687.2 5715.58 5740.09 5754.98 5761.2 5763.33 5764.6 5768.83 5774.41 5776.49 5776.07
5737.37 5738.69 5738.51 5736.38 5733.59 5734.02 5734.85 5733 5742.51 5744.32 5732.22 5718.02 5709.62 5703.59 5698.39 5694.36 5688.05 5677.43 5668.06 5659.97 5650.96 5648.34 5640.2 5629.2 5618.12 5606.29 5597.08 5590.27 5595.81 5606.92 5621.94 5641.89 5648.57 5657.48 5659.62 5670.06 5692.15 5712.86 5719.73 5719.6 5719.45 5722.48 5724.55 5728.05 5743.35 5747.24 5744.75 5744.16 5729.74 5711.33 5686.32 5652.54 5597.88 5538.21 5592.01 5649.88 5691.03 5723.49 5753.58 5779.62 5770.77 5771.46 5771.9 5771.97 5772.43 5773.3 5773.28
