real_craters/C106-300m.grd
DSAA
230 230
-34.3525 34.3525
-34.3525 34.3525
3746.5844046954 6247.3316676934
[rows 150 to 179 of 230, columns 134 to 200 of 230]
5791.97 5787.24 5778.13 5768.19 5758.16 5746.74 5736.91 5732.36 5735.49 5741.84 5749.01 5753.46 5757.18 5761.8 5766.77 5772.48 5779.61 5787.87 5795.6 5805.2 5800.06 5793.29 5785.89 5778.6 5771.82 5767.55 5764.62 5761.3 5758.85 5753.4 5747.11 5738.9 5730.62 5722.21 5720.06 5723.88 5721.24 5717.71 5713.94 5709.86 5705.91 5703.58 5704.8 5708.41 5711.57 5715.51 5719.52 5722.88 5725.53 5728.19 5729.32 5730.45 5731.96 5733.42 5735.82 5737.69 5739.75 5742.36 5745.4 5749.06 5752.25 5751.7 5744.37 5739.57 5737.52 5736.13 5734.84
5773.81 5771.55 5766.1 5759.75 5753.69 5749.42 5744.35 5737.7 5738.62 5746.53 5749.65 5752.18 5754.73 5758.35 5762.72 5767.39 5772.94 5777.97 5780.76 5792.39 5793.91 5789.11 5782.39 5775.45 5767.75 5758.45 5760.21 5758.75 5757.64 5755.02 5746.08 5737.99 5730.81 5724.94 5724.27 5724.48 5722.7 5719.51 5715.37 5711.04 5707.05 5704.54 5705.12 5708.78 5712.59 5716.95 5721.57 5724.46 5725.37 5728.03 5730.21 5731.23 5732.25 5733.06 5733.77 5734.18 5735.84 5737.2 5739.18 5742.16 5746.34 5736.45 5724.76 5726.94 5729.02 5730.38 5731.27
5755.11 5756.17 5753.91 5750.54 5747.09 5746.69 5755.38 5746.76 5743.06 5746.71 5747.53 5748.61 5750.69 5753.75 5757.3 5761.36 5765.87 5770.65 5776.05 5785.61 5786.5 5782.55 5776.73 5771.04 5767.03 5767.68 5758.2 5754.97 5752.75 5749.14 5743.11 5736.21 5730.83 5731.31 5727.63 5725.38 5724.48 5721.08 5716.86 5712.81 5708.83 5706.01 5706.53 5710.59 5714.85 5720.33 5724.67 5728.17 5729.78 5730.83 5731.68 5731.81 5731.52 5731.61 5730.97 5730.75 5730.51 5730.67 5730.72 5730.18 5727.58 5718.85 5712.82 5717.66 5722.92 5727.09 5730.16
5743.75 5744.25 5743.25 5743.3 5741.3 5736.45 5738.81 5742.46 5743.46 5743.17 5744.3 5745.56 5747.08 5749.01 5751.41 5754.78 5758.78 5763.52 5769.72 5773.66 5778.76 5774.5 5768.9 5764.06 5760.78 5757.94 5753.03 5749.66 5746.72 5743.26 5740.29 5734.65 5727.41 5719.52 5729.72 5731.96 5728.35 5723.76 5719.22 5715 5711.44 5708.88 5709.1 5713.05 5718.48 5724.14 5728.92 5733.34 5736.05 5734.96 5733.16 5731.68 5730.24 5728.87 5728.14 5726.52 5725.18 5723.7 5721.47 5718.09 5711.87 5707.64 5707.22 5713.36 5720.12 5726.41 5731.89
5734.61 5736.01 5736.27 5736.77 5737.28 5739.63 5743.65 5742.21 5750.89 5745.96 5741.69 5741.64 5742.26 5743.17 5745.79 5748.07 5750.3 5754.16 5759.99 5767.17 5770.25 5763.32 5758.34 5754.13 5750.26 5746.14 5744.11 5743.64 5744.34 5743.18 5740.12 5736.1 5729.81 5724.06 5739.91 5738.83 5731.9 5726.4 5722.02 5718.22 5714.87 5711.91 5711.84 5717.13 5723.33 5728.71 5733.04 5737.11 5739.44 5737.15 5734.26 5731.48 5729.06 5726.86 5724.42 5722.1 5719.89 5717.11 5714.16 5710.25 5705.56 5704.49 5707.4 5712.87 5720.19 5727.6 5734.96
5720.02 5725.37 5727.74 5729.34 5731.75 5732.88 5728.74 5738.05 5751.71 5738.05 5734.75 5734.44 5735.23 5736.42 5738.18 5739.73 5741.23 5742.56 5743.84 5743.88 5748.45 5748.39 5746.78 5744.01 5740.25 5736 5736.02 5737.3 5738.37 5740.84 5742.35 5742.15 5739.95 5737.99 5740.62 5738.06 5732.42 5728.12 5724.24 5722.65 5720.6 5718.68 5718.77 5724.03 5729.3 5733.61 5736.61 5738.4 5738.81 5736.9 5733.81 5730.26 5727.06 5723.99 5721.21 5718.09 5715.35 5712.34 5708.81 5705.65 5703.86 5704.01 5706.92 5714.35 5721.78 5729.36 5736.95
5714.3 5717.87 5720.23 5723.31 5724.61 5727 5727.91 5728.97 5724.68 5725.47 5727.52 5728.66 5729.85 5730.59 5731.36 5732.29 5732.64 5731.85 5728.58 5725.04 5728.51 5734.2 5736.25 5735.7 5733.07 5728.61 5728.31 5733.1 5735.25 5740.27 5745.44 5749.69 5752.11 5748.94 5739.73 5733.13 5730.05 5728.14 5726.58 5726.59 5727.2 5727.89 5729.41 5733.99 5737 5738.59 5739.73 5739.43 5737.84 5735.73 5732.05 5728.02 5724.19 5720.54 5717.46 5714.41 5711.43 5708.56 5705.38 5702.75 5700.9 5705.05 5710.89 5717.68 5724.88 5731.92 5738.04
5710.65 5711.95 5714.27 5716.89 5719.2 5719.49 5725.01 5725.79 5724.46 5720.79 5722.08 5723.29 5724.62 5724.87 5725.68 5726.07 5725.62 5724.52 5722.76 5722.91 5722.5 5726.22 5729.38 5730.83 5730.38 5728.98 5729.1 5733.4 5738.75 5741.86 5747.88 5755.66 5764.29 5765.81 5741.62 5727.63 5726.35 5726.38 5727.45 5729.53 5733.38 5738.36 5743.34 5745.03 5744.23 5742.91 5742.72 5741.49 5738.41 5734.66 5729.73 5725 5720.97 5717.23 5713.97 5710.95 5707.96 5705.76 5703.6 5702.37 5702.79 5707.51 5714.69 5721.47 5728.76 5735.77 5740.36
5706.43 5708.51 5711.31 5712.93 5713.41 5712.86 5715.02 5719.65 5719.58 5716.91 5717.7 5717.22 5718.07 5719.51 5719.15 5718.72 5719.1 5719.21 5718.86 5717.2 5719.67 5722.31 5726.18 5728.69 5730.3 5732.05 5736.27 5733.46 5734.33 5740.02 5746.64 5755.6 5765.88 5768.26 5745.76 5726.03 5724.05 5724.76 5726.89 5730.41 5736.91 5745.7 5755.29 5754.65 5747.45 5743.03 5743.25 5747.92 5741.5 5732.09 5725.44 5720.57 5716.72 5713.2 5710.09 5707.65 5705.1 5703.76 5703.18 5703.92 5705.69 5709.87 5716.42 5723.8 5732.53 5741.61 5748.56
5704.91 5706.85 5708.12 5709.09 5709.76 5706.19 5706.44 5714.02 5715.62 5713.48 5714.72 5715.18 5715.21 5715.55 5716.02 5715.96 5716.3 5716.89 5718.54 5723.82 5714.97 5721.69 5725.97 5729.35 5731.75 5732.9 5730.55 5727.99 5733.67 5735.88 5740.88 5747.89 5756.85 5757.03 5740.29 5725.59 5721.63 5720.71 5722.5 5726.8 5733.58 5743.35 5756.67 5752.15 5740.99 5734.66 5732.61 5736.96 5731.72 5723.56 5718.12 5714.49 5711.27 5708.48 5705.95 5704.03 5702.56 5701.27 5702.12 5705.59 5708.48 5710.65 5715.69 5723.85 5734.8 5747.35 5760.51
5702.11 5703.83 5704.9 5704.77 5706.95 5705.28 5703.84 5708.59 5714.24 5712.94 5711.5 5711.06 5710.98 5711.17 5711.22 5711.87 5712.35 5713.08 5714.1 5716.77 5721.4 5723.65 5727.52 5731.54 5734.58 5735.24 5729.7 5724.68 5725.38 5729.45 5730.89 5732.02 5734.25 5732.6 5727.81 5724.38 5716.42 5714.32 5716.01 5719.92 5725.28 5730.72 5732.71 5729.93 5725.68 5719.4 5711.91 5704.57 5708.39 5709.31 5708.31 5706.8 5704.55 5702.77 5700.61 5699.13 5698.29 5698.08 5698.77 5700.55 5704.6 5709.13 5715.25 5723.45 5733.96 5746.54 5763.7
5698.96 5701.14 5702.07 5701.08 5698.96 5696.91 5700.96 5703.14 5707.83 5709.49 5708.18 5706.6 5705.69 5705.71 5705.53 5706.32 5707.1 5708.05 5707.95 5706.08 5706.27 5722.11 5729.52 5734.95 5739.42 5742.64 5744.43 5733.75 5729.27 5726.43 5721.41 5713.69 5703.37 5697.24 5702.3 5706.92 5703.75 5704.02 5706.76 5710.66 5714.75 5717.23 5715.24 5712.31 5711.14 5704.56 5695.22 5687.31 5691.97 5697.08 5699.29 5699.89 5698.66 5697.74 5696.71 5695.43 5694.96 5694.95 5695.67 5697.29 5701.5 5706.85 5713 5720.34 5730.89 5739.71 5741.81
5699.37 5700.19 5700.53 5697.87 5692.98 5690.54 5696.48 5698.12 5703.16 5703.11 5702.61 5701.83 5701.98 5702.05 5702.51 5703.06 5703.63 5704.61 5705.4 5707.14 5712.96 5725.82 5731.63 5737.96 5744.08 5749.47 5752.81 5744.04 5737.22 5727.86 5715.64 5701.07 5684.96 5677.93 5679.55 5680.26 5687.11 5692.37 5697.13 5701.59 5705.15 5707.56 5708.81 5708.05 5702.31 5694.96 5686.64 5682.34 5685.45 5690.05 5693.21 5694.47 5694.92 5694.48 5693.5 5692.89 5692.28 5692.56 5693.56 5696.04 5700.09 5705.62 5711.92 5719.32 5729.36 5738.67 5747.11
5697.49 5698.63 5699.69 5699.38 5694.37 5686.75 5690.58 5692.44 5699.03 5696.71 5696.72 5696.19 5697.24 5697.48 5698.22 5698.53 5699.81 5701.36 5703.86 5709.39 5716.56 5722.87 5731.77 5739.9 5747.47 5754.11 5758.59 5758.19 5747.88 5731.27 5714 5696.5 5681.36 5679.56 5673.82 5670.47 5676.47 5683.37 5689.28 5694.07 5697.5 5699.82 5701.84 5702.33 5695.52 5689.42 5683 5680.08 5683.71 5687.46 5690.25 5691.85 5692.11 5691.72 5691.25 5690.38 5690.27 5691 5691.8 5694.63 5699.04 5705.16 5711.97 5720.06 5729.51 5738.86 5745.9
5694.13 5696.37 5698.85 5700.72 5699.18 5683.12 5685.62 5698.04 5692.3 5690.62 5690.81 5691.36 5692.43 5693.04 5694.09 5694.76 5696.36 5698.53 5700.3 5700.3 5699.42 5718.67 5731.24 5740.87 5749.52 5757.4 5764.69 5767.96 5753.3 5733.15 5713.93 5696.79 5683.57 5678.91 5672.57 5669.03 5672.06 5678.04 5683.97 5688.49 5691.39 5692.6 5692.29 5689.58 5689.09 5687.76 5685 5683.98 5686.22 5688.33 5689.93 5690.58 5690.29 5689.68 5689.07 5689.15 5688.85 5689.17 5690.32 5692.74 5698.12 5704.7 5711.91 5720.08 5730.15 5739.74 5745.91
5689.18 5692.07 5695.7 5698.03 5694.58 5680.19 5681.22 5686.01 5687.42 5683.77 5685.95 5687.14 5688.01 5689.33 5690.88 5692.76 5694.83 5696.93 5699.26 5702.45 5708.29 5720.18 5731.03 5740.8 5749.78 5758.06 5766.75 5770.37 5750.46 5731.18 5712.96 5697.19 5684.99 5676.53 5670.1 5666.11 5669.69 5676.47 5682.18 5685.64 5687.78 5687.9 5686.45 5683.8 5686.56 5690.15 5691.3 5691.54 5691.69 5691.2 5690.9 5690.43 5690.6 5689.77 5688.71 5688.2 5687.67 5687.83 5689.43 5692.82 5697.36 5704.17 5711.81 5720.98 5731.07 5740.58 5745.53
5683.65 5687.09 5691.08 5694.91 5688.54 5676.23 5677.46 5679.02 5680.09 5683.01 5682.84 5681.78 5682.07 5683.91 5685.67 5688.22 5691.11 5694.4 5698.04 5701.86 5705.29 5718.79 5729.46 5739.29 5747.63 5754.55 5759.64 5754.15 5740.35 5725.17 5709.07 5695.5 5683.88 5674.42 5669.02 5666.7 5671.36 5678.56 5682.92 5685 5685.98 5686 5685.21 5684.03 5689.02 5696.01 5703.13 5701.53 5697.68 5695.25 5693.45 5691.89 5690.62 5689.92 5688.58 5687.49 5686.26 5685.66 5686.86 5690.81 5696.13 5703.27 5711.12 5720.34 5731.21 5742.19 5745.69
5677.28 5680 5683.09 5687.88 5689.88 5675.02 5675.53 5669.85 5667.9 5673.55 5674.19 5674.26 5676.1 5678.75 5681.69 5685.08 5688.67 5692.82 5697.44 5702.56 5708.9 5712.1 5727.96 5737.13 5743.82 5748.86 5751.28 5742.91 5732.95 5716.93 5700.84 5688.09 5675.3 5665.73 5668.98 5674.88 5680.98 5684.29 5685.54 5686.03 5686.13 5686.26 5686.7 5689.94 5693.92 5699.27 5707.33 5705.86 5701.55 5698.6 5696.07 5693.96 5691.97 5689.99 5688.6 5687.27 5685.75 5683.82 5681.12 5685.72 5694.78 5702.88 5710.7 5718.58 5730.06 5743.13 5745.02
5669.22 5670.72 5670.48 5666.88 5662.76 5663.59 5666.17 5658.29 5655.65 5656.69 5660.16 5665.84 5670 5674.12 5678.17 5682.68 5687.21 5692.09 5697.4 5702.93 5707.37 5716.14 5729.66 5735.37 5739.29 5742.13 5745.39 5742.37 5726.41 5706.63 5688.09 5671.71 5659.52 5658.55 5669.84 5684.6 5694.03 5690.63 5688.38 5686.97 5686.09 5685.83 5686.89 5689.99 5693.46 5696.49 5698.74 5702.94 5702.36 5699.92 5697.18 5694.74 5692.38 5690.56 5688.91 5688.17 5687.02 5685.74 5683.34 5687.88 5695.93 5703.7 5711.54 5719.49 5729.76 5741.48 5742.17
5661.84 5663.15 5661.26 5651.6 5643.12 5643.89 5646.5 5645.2 5646.26 5648.63 5652.91 5658.65 5663 5667.81 5672.53 5678.23 5683.72 5689.73 5696.44 5703.47 5711.21 5712.87 5728 5731.67 5732.3 5731.21 5730.52 5728.12 5713.3 5693.72 5675.01 5657.98 5651.25 5657.33 5669.83 5684.8 5694.15 5691.69 5689.26 5687.71 5686.42 5685.92 5685.49 5685.04 5687.52 5695.7 5701.04 5703.58 5703.08 5700.66 5697.84 5695.17 5693.48 5691.63 5690.18 5689.49 5689.47 5690.33 5694.85 5695.24 5699.23 5705.5 5712.75 5720.84 5729.21 5735.52 5737.5
5656.87 5660 5660.5 5654.14 5638.91 5633.78 5635.91 5636.73 5638.85 5643.96 5649.45 5653.01 5656.72 5661.53 5666.75 5672.92 5679.2 5686.88 5694.31 5702.7 5711.79 5715.94 5726.1 5728.46 5725.21 5718.98 5708.89 5703.79 5694.51 5679.98 5665.18 5653.48 5651.94 5658.47 5668.46 5678.75 5684.85 5687.18 5687.07 5687.12 5686.67 5686.51 5685.63 5683.51 5685.32 5700.12 5709.12 5707.12 5704.4 5701.23 5698.28 5695.63 5693.73 5692 5690.89 5690.58 5691.55 5693.81 5694.15 5698.79 5702.23 5707.32 5713.24 5720.15 5725.66 5728.55 5733.27
5653.68 5658.13 5662.59 5670.14 5651.27 5634 5622.82 5626.42 5632.69 5639.13 5644.7 5648.02 5651.21 5655.96 5661.37 5667.63 5674.49 5682.11 5689.95 5698.35 5707.24 5716.03 5728.53 5725.24 5718.68 5710.11 5699.77 5690.03 5678.53 5668.98 5658.65 5651.02 5655.09 5660.73 5667.49 5674.24 5678.37 5682.63 5684.63 5685.98 5686.53 5687.18 5687.98 5689.8 5694.84 5705.44 5710.68 5707.56 5703.78 5700.41 5697.43 5694.91 5693.73 5692.3 5691.49 5691.53 5692.73 5696.24 5701.56 5701.12 5703.6 5707.72 5713 5718.96 5723.76 5728.39 5731.5
5651.78 5656.13 5658.84 5660.5 5662.79 5644.35 5622.32 5624.31 5630.63 5635.09 5639.09 5640.96 5644.38 5649.32 5655.32 5661.98 5669.45 5677.03 5684.96 5692.63 5699.36 5708.39 5724.58 5718.63 5711.35 5703.71 5694.04 5681.2 5668.14 5664.67 5657.27 5651.32 5657.66 5662.63 5667.67 5672.66 5677.19 5680.46 5683.21 5684.94 5686.32 5687.89 5690.43 5695.78 5704.12 5708.62 5708.2 5703.79 5700.34 5697.31 5695.26 5693.02 5691.56 5690.16 5689.81 5690.01 5691.24 5694.3 5698.07 5699.96 5702.72 5706.87 5711.97 5718.07 5723.9 5729.73 5731.12
5652.72 5655.96 5655.35 5651.77 5661.14 5657.36 5645.64 5637.62 5635.04 5632.46 5630.06 5632.48 5637.32 5642.66 5649.06 5655.97 5663.62 5671.38 5679.71 5687.28 5693.84 5700.43 5709.83 5705.83 5700.88 5696.02 5692.33 5680.82 5674.97 5668.89 5661.74 5656.37 5658.05 5664.3 5668.98 5672.83 5675.98 5679.34 5682.3 5684.42 5685.94 5687.56 5690.08 5694.94 5702.13 5700.23 5698.18 5696.06 5694.2 5692.23 5690.78 5689.84 5689.05 5688.45 5687.86 5687.83 5688.14 5689.25 5692.01 5696.35 5700.58 5705.23 5710.23 5715.78 5724.3 5728.65 5729.41
5656.75 5658.74 5658.63 5653.73 5652.35 5665.24 5673.95 5655.27 5641.92 5632.67 5626.15 5626.38 5630.48 5635.76 5642.16 5648.85 5656.54 5664.57 5672.61 5680.92 5689.41 5695.3 5689.42 5692.08 5688.76 5684.82 5680.85 5679.25 5679.04 5674.15 5668.65 5666.57 5666.64 5668.41 5671.01 5673.63 5677.47 5679.76 5681.7 5683.67 5684.68 5685.4 5686.18 5686.9 5687.35 5684.58 5685.22 5686.45 5687.12 5687.03 5686.88 5686.71 5686.67 5686.58 5686.39 5686.18 5685.48 5684.84 5687.57 5693.21 5698.48 5703.33 5708.21 5711.88 5711.7 5721.78 5724.8
5661.21 5662.34 5664.1 5661.04 5652.96 5663.31 5669.69 5659.55 5645 5633.3 5624.92 5623.17 5625.46 5629.91 5635.4 5641.82 5648.47 5655.7 5663.75 5672.74 5683.15 5691.87 5693.17 5682.55 5676.14 5672.47 5672.76 5674.03 5676.21 5673.88 5669.52 5673.79 5675.45 5671.42 5671.92 5673.81 5674.19 5675.87 5681.61 5683.39 5683.38 5682.72 5681.32 5678.01 5671.39 5669.24 5674.71 5677.78 5680.18 5681.77 5682.78 5683.55 5684.01 5684.64 5685.16 5685.23 5684.35 5683.38 5686.45 5692.09 5697.25 5702.22 5706.56 5710.81 5716.53 5716.47 5719.95
5664.16 5664.36 5664.46 5663.17 5661.86 5665.58 5664.95 5656.17 5643.19 5631.85 5623.8 5620.57 5622.05 5624.72 5629.22 5634.28 5640.09 5646.46 5653.67 5661.46 5671.13 5682.55 5681.89 5667.39 5662.97 5656.71 5658.14 5668.14 5672.75 5671.33 5661.56 5659.8 5666.16 5667.84 5670.76 5674.92 5679.01 5682.67 5684.85 5683.02 5681.05 5679.45 5677.41 5673.95 5668.21 5666.16 5669.98 5672.73 5675.68 5677.92 5680.01 5681.51 5681.46 5683.34 5684.16 5685.47 5685.97 5684.56 5688.5 5693.38 5697.42 5701.39 5704.99 5708.69 5711.41 5711.72 5714.88
5663.33 5662.84 5663.36 5666 5667.06 5665.67 5659.39 5649.91 5638.5 5627.91 5618.99 5615.21 5617.49 5620.15 5624.36 5628.8 5632.1 5638.44 5642.19 5645.91 5651.22 5653.45 5645.23 5649.02 5655.47 5654.24 5657.55 5666.37 5673.65 5669.28 5652.49 5647.35 5653.06 5660.01 5666.32 5674.24 5687.16 5700.12 5687.47 5680.54 5677.61 5676.39 5675.41 5673.83 5671.21 5669.59 5669.35 5669.97 5671.96 5674.2 5675.61 5677.38 5679.36 5681.03 5683.48 5686.62 5690.51 5694.86 5694.62 5696.31 5698.3 5700.84 5703.24 5705.84 5707.62 5707.74 5711.17
5656.74 5656.17 5656.03 5653.51 5655.14 5656.07 5651.91 5640.87 5630.69 5621.93 5614.93 5611.42 5613.81 5616.75 5620.02 5623.35 5626.27 5629.87 5632.54 5632.27 5632.52 5629.17 5623 5640.52 5657.14 5671.57 5669.03 5664.11 5661.49 5654.47 5640.19 5639.05 5645.74 5652.38 5658.82 5666.19 5675.67 5682.77 5675.98 5672.55 5672.1 5673.08 5674.45 5675.2 5675.46 5672.16 5667.43 5666.9 5668.34 5670.39 5672.23 5673.6 5675.75 5678.23 5681.48 5685.83 5691.99 5702.19 5698.08 5697.73 5698.79 5700.32 5701.78 5703.22 5704.87 5707.15 5710.62
5644.69 5643.83 5643.45 5632.24 5635.42 5643.22 5635.76 5626.69 5619.89 5615.22 5611.51 5609.83 5612.13 5613.96 5615.42 5617.02 5618.45 5620.38 5620.47 5620.05 5617.93 5615.07 5617.65 5638.56 5656.45 5675.89 5669.05 5655.94 5643.64 5634.01 5632.85 5636.99 5641.63 5645.74 5649.6 5652.42 5652.74 5647.4 5653.61 5659.39 5664.13 5668.35 5672.41 5675.9 5677.5 5667.69 5663.91 5663.65 5664.95 5666.76 5668.57 5670.72 5672.54 5675.1 5678.46 5682.24 5686.76 5691.42 5694.96 5696.77 5698.52 5700.1 5701.19 5702.19 5704.83 5710.58 5712.23
