real_craters/C106-500m.grd
DSAA
138 138
-34.3525 34.3525
-34.3525 34.3525
3750.5751642843 6233.9447358106
[rows 60 to 89 of 138, columns 0 to 66 of 138]
5720.91 5725.26 5726.1 5726.6 5729.23 5734.43 5741.5 5750.59 5752.57 5739.04 5728.43 5722.18 5719.29 5716.86 5718.05 5726.33 5719.51 5725.59 5733.46 5741.12 5748.51 5754.1 5756.52 5754.98 5746.92 5735.2 5726.03 5721.1 5718.89 5721.12 5724.9 5727.97 5729.09 5729.06 5730.1 5731.95 5739.82 5744.13 5747.42 5749.72 5756.03 5758.33 5764.34 5767.06 5771.27 5774.17 5777.92 5785.46 5806.01 5850.88 5928.26 5991.24 5916.58 5794.02 5652.67 5501.9 5348.98 5198.39 5063.46 4977.65 4906.8 4833.85 4776.24 4714.03 4653.53 4601.99 4562.88
5719.63 5722.28 5727.77 5731.3 5726.84 5728.84 5730.31 5732.91 5732.98 5723.73 5721.09 5717.89 5714.84 5713.09 5704.58 5692.65 5708.89 5720.84 5730.45 5738.56 5745.03 5750.01 5751.44 5745.84 5727.82 5720.5 5714.66 5710.75 5710.8 5714.5 5715.55 5720.1 5722.85 5723.76 5726.32 5736.84 5740.38 5743.25 5749.26 5754.29 5763.57 5769.86 5776.55 5784.65 5789.7 5796.32 5798.75 5806.21 5818.22 5843.5 5912.83 5952.94 5887.63 5764.94 5613.51 5449.6 5281.31 5116.71 4970.28 4906.29 4868.78 4798.6 4714.36 4634.25 4591.64 4567.28 4570.79
5721.65 5724.24 5728.23 5734.24 5730.14 5723.91 5717.92 5705.9 5688.44 5702.55 5714.47 5721.73 5720.33 5713.81 5707.17 5701.34 5712.16 5720.69 5728.86 5736.02 5743.01 5747.83 5748.93 5741.75 5720.14 5710.06 5705.53 5701.22 5702.32 5707.12 5711.37 5715.61 5719 5722.22 5725.8 5729.32 5736.4 5743.8 5751.09 5761.09 5770.91 5779.59 5791.96 5802.07 5813.48 5827.6 5831.82 5834.74 5834.26 5847.84 5895.39 5911.1 5852.15 5728.55 5569.85 5396.93 5220.19 5051.03 4912.47 4855.06 4830.18 4765.66 4683.02 4611.59 4569.99 4574.22 4627.89
5721.03 5720.64 5719.68 5713.08 5714.93 5718.71 5713.9 5701.22 5682.14 5699.65 5713.73 5722.37 5722.22 5717.78 5715.48 5718.97 5720.09 5722.42 5727.4 5734.56 5741.7 5747.62 5749.88 5744.01 5722.5 5708.93 5702.45 5696.83 5697.49 5703.56 5710.8 5712.88 5715.66 5718.99 5722.32 5724.91 5737.97 5744.34 5753.65 5766.11 5781.21 5794.87 5811.4 5830.94 5844.42 5860.35 5869.56 5867.59 5861.57 5867.57 5895.28 5904.05 5835.45 5693.24 5525.27 5348.61 5168.91 5000.5 4864.28 4809.59 4774.88 4727.37 4670.74 4613.99 4584.94 4602.84 4639.65
5714.68 5714.97 5713.13 5714.47 5721.47 5723.4 5719.95 5717.05 5725.27 5721.47 5717.73 5717.15 5716.75 5714.1 5714.12 5718.55 5718.17 5719.48 5725.11 5732.25 5740.07 5746.78 5750.84 5747.37 5730.55 5714.99 5704.99 5698.3 5698.59 5702.79 5705.98 5709.31 5712.99 5716.89 5722.91 5732.86 5736.2 5745.14 5758.06 5773.97 5792.79 5811.19 5834.33 5859.31 5878.61 5898.84 5913.41 5914.45 5898.47 5892.08 5901.05 5896.7 5817.66 5655.22 5480.44 5300 5125.16 4966.47 4838.32 4781.25 4741.54 4708.45 4681.24 4658.63 4656.37 4703.24 4711.15
5706.39 5716.27 5722.69 5741.05 5745.68 5733.55 5727.29 5727.07 5731.93 5725.05 5716.99 5713.24 5710.25 5707.76 5705.97 5701.59 5704.22 5711.96 5719.14 5726.62 5735.22 5743.62 5749.25 5746.76 5736.24 5723.74 5710.51 5700.82 5698.5 5700.32 5699.58 5706.09 5711.91 5716.24 5721.84 5725.04 5728.98 5743.02 5759.93 5780.17 5801.17 5834.34 5863.87 5894.14 5918.97 5946.76 5967.43 5975.74 5955.74 5933.3 5903.04 5850.91 5746.9 5600.31 5430.11 5254.4 5084 4937 4828.69 4764.31 4725.72 4698.28 4689.82 4713.05 4723.75 4731.5 4789.64
5711.93 5724.1 5740.82 5751.06 5745.42 5734.38 5727.83 5725 5724.12 5720.06 5710.42 5702.43 5702.38 5699.91 5697.95 5696.33 5699.08 5704.59 5711.44 5719.19 5728.04 5738.22 5745.98 5746.36 5738.55 5725.89 5716.36 5705.18 5695.92 5693.24 5697.14 5704.67 5712.48 5720.46 5724.35 5725.92 5726.89 5742.25 5765.32 5789.36 5813.45 5848.35 5880.84 5913.57 5948.18 5977.38 6009.37 6037.97 6058.11 5992.05 5904.55 5810.67 5692.28 5547.51 5385.02 5214.17 5048.14 4895.56 4792.45 4747.08 4707.28 4673.78 4656.25 4672.81 4756.22 4584 4726.46
5709.98 5727.69 5747.08 5737.32 5728.19 5725.53 5721.85 5718.52 5714.25 5708.1 5702.4 5698.78 5695.46 5693.49 5692.25 5693.51 5696.12 5698.21 5702.69 5708.05 5716.97 5728.6 5743.82 5746.5 5742.22 5741.13 5724.51 5711.21 5703.33 5697 5699.44 5705.17 5711.02 5715.82 5717.92 5721.17 5724.16 5745.41 5772.11 5799.65 5825.15 5860.26 5891.2 5927.05 5961.81 5996.62 6031.36 6064.79 6076.31 6002.7 5892.35 5776.34 5646.71 5502.98 5345.95 5180.53 5020.22 4883.54 4792.7 4747.36 4692.56 4632.24 4575.62 4544.72 4525.46 4301.73 4461.45
5726.55 5725.07 5721.13 5712.08 5713.52 5715.13 5713.65 5709.86 5703.17 5696.17 5694.18 5691.55 5689.61 5687.82 5686.75 5688.04 5689.93 5689.57 5692.54 5695.73 5701.39 5709.27 5722.29 5731.63 5737.25 5740.6 5730.99 5718.08 5704.65 5703.67 5705.64 5708.94 5711.31 5710.47 5713.45 5721.02 5731.68 5752.51 5779.09 5806.58 5838.44 5866.69 5903.46 5937.3 5970.6 6000.14 6031.66 6054.79 6046.04 5971.52 5861.5 5742.74 5606.81 5470.9 5317.08 5156.16 5001.08 4866.43 4795.04 4763.5 4686.84 4577.22 4465.62 4352.4 4244.15 4044.99 4233.55
5732.54 5721.52 5712.86 5708.91 5707.87 5708.41 5707 5703.6 5698.4 5693.92 5689.12 5686.48 5685.02 5683.67 5681.4 5679.15 5675.49 5679.44 5680.89 5682.42 5683.18 5685.01 5690.42 5709.19 5728.27 5736.54 5737.13 5730.6 5722.93 5715.6 5714.74 5715.77 5718.79 5719.18 5714.28 5726.54 5740.2 5758.26 5787.4 5814.4 5844.66 5872.66 5904.49 5935.64 5964.18 5990.7 6010.33 6018.09 5997.34 5924.34 5821.28 5713.02 5596.5 5452.94 5299.65 5144.03 4994.21 4863.26 4803.44 4760.15 4661.68 4516.52 4353.9 4184.25 4012.61 3909.59 4031.95
5715.99 5713.45 5713.23 5712.85 5706.62 5703.99 5702.44 5699.96 5696.03 5689.31 5684.19 5681.54 5680.81 5679.89 5677.96 5675.59 5673.13 5673.5 5672.53 5671.17 5669.19 5666.51 5664.2 5694.4 5724.99 5751.96 5754.19 5742.44 5735.72 5727.17 5724.32 5723.06 5721.41 5721.51 5723.47 5739.74 5755.85 5776.48 5797.99 5821.83 5846.6 5874.92 5900.02 5928.87 5951.43 5967.7 5973.12 5961.19 5925.45 5860.31 5777.54 5679.38 5568.22 5434.58 5289.46 5144.7 5008.19 4883.34 4841.68 4774.84 4650.89 4475.2 4275.33 4076.49 3912.24 3897.95 3922.28
5707 5698.47 5694.67 5700.31 5702.12 5702.46 5701.61 5700.18 5697.36 5692.85 5686.23 5680.92 5679.06 5677.1 5675.73 5674.04 5675.13 5670.49 5666.61 5663.86 5661.35 5661.22 5671.06 5692.4 5722.56 5751.53 5759.49 5749.26 5740.57 5734.78 5733.17 5731.76 5733 5735.34 5742.92 5756.29 5773 5788.12 5796.61 5825.07 5848.15 5871.23 5894.62 5920.79 5936.57 5942.51 5933.63 5907.87 5868.04 5811.68 5738.47 5647.83 5537.9 5414.08 5284.4 5153.62 5036.09 4951.98 4909.93 4887.31 4676.61 4451.69 4230.1 4044.87 3937.36 3974.1 3896.67
5701.95 5695.34 5690.34 5690.92 5697.8 5700.22 5700.72 5700.68 5700.38 5700.11 5688.78 5681.65 5678.59 5676.03 5673.4 5671.1 5666.51 5664.07 5661.55 5658.85 5657.22 5657.94 5667.85 5690.44 5717.2 5740.45 5749.16 5748.07 5745.21 5746.46 5741.44 5739.03 5742.27 5748.87 5756.6 5768.05 5777.64 5788.59 5798.51 5808.4 5845.96 5865.71 5886.63 5907.72 5918.13 5919.98 5905.59 5868.06 5828.4 5777.77 5713.86 5630.34 5525.75 5409.24 5290.93 5164.33 5044.72 4961.1 4920.04 4864.13 4660.76 4424.88 4195.53 4000.86 3947.24 3970.31 3911.59
5699.72 5702.21 5706.81 5700.81 5700.17 5700.88 5701.11 5701.09 5701.16 5699.08 5687.37 5682.91 5679.36 5676.09 5673.01 5669.57 5665.07 5662.55 5659.91 5657.74 5656.5 5658.1 5667.33 5688.3 5712.19 5734.96 5750.24 5752.32 5749.96 5749.62 5746.89 5742.63 5741.75 5757.85 5772.28 5776.23 5779.63 5783.42 5798.04 5810.01 5846.63 5864.57 5881.52 5896.34 5905.34 5906.87 5892.56 5858.29 5819.99 5768.35 5707.86 5632.53 5542.71 5441.24 5313.45 5185.61 5054.81 4953.28 4898.12 4792.13 4620.86 4394.09 4163.65 3984.44 3938.33 3978.87 3917.54
5698.22 5696.28 5701.91 5705.07 5702.25 5701.79 5701.25 5700.44 5699.72 5699.36 5699.35 5686.49 5680.59 5676.7 5673.5 5670.4 5667.42 5664.86 5661.81 5658.6 5658.41 5662.64 5672.12 5687.31 5707.27 5728.8 5744.73 5752.11 5754.32 5755.55 5753.2 5746.48 5740.85 5756.91 5771.39 5780.66 5786.12 5786.7 5804.56 5812.28 5818.25 5857.84 5872.43 5884.06 5898.38 5898.57 5889.88 5867.29 5828.93 5777.04 5719.84 5650.06 5560.16 5447.77 5350.03 5231.57 5101.87 5004.99 4940.86 4819.33 4617.51 4379.86 4149.83 3960.62 3961.79 3935.87 3892.69
5703.83 5695.04 5692.14 5698.49 5701.35 5700.92 5699.28 5697.95 5695.62 5691.92 5688.14 5684.64 5680.57 5676.96 5674.41 5672.42 5671.85 5671.46 5665.44 5661.24 5659.7 5660.16 5670.07 5685.15 5701.91 5718.3 5732.38 5741.28 5750.36 5763.77 5760.26 5753.73 5751.27 5755.11 5768.1 5782.31 5796.6 5819.11 5816.98 5813.06 5814.03 5818 5863.89 5877.54 5886.16 5889.78 5890.81 5872.47 5843.04 5793.17 5744.03 5684.68 5610.71 5520.12 5422.61 5307.79 5185.52 5090.87 5019.97 4873.17 4639.58 4389.2 4157.36 3998.1 4014.96 3938.9 3890.75
5706 5698.3 5697.96 5701.93 5702.66 5701.62 5699.25 5696.16 5692.04 5685.89 5682.43 5681.49 5679.22 5676.88 5674.67 5673.1 5672.55 5671.93 5667 5664.28 5662.04 5662.07 5670.47 5684.22 5697.07 5706.46 5712.3 5716.93 5733.56 5762.66 5763.74 5756.73 5751.68 5756.21 5765.6 5779.28 5795.05 5809.89 5810.54 5806.21 5807.15 5810.72 5853.14 5864.16 5872.09 5882.58 5891.03 5888.33 5854.78 5812.1 5774.85 5733.93 5687.63 5625.12 5521.68 5398.07 5281.97 5180.44 5085.49 4915.79 4670.89 4410.29 4172.73 4015.45 4008.44 3981.83 3921.14
5704.69 5701.54 5708.09 5706.84 5705.48 5702.98 5699.65 5695.76 5691.69 5686.95 5683.32 5680.84 5679.01 5677.69 5676.02 5674.28 5670.79 5665.57 5667.91 5668.88 5668.39 5666.02 5675.93 5687.11 5696.27 5702.81 5704.86 5699.92 5718.94 5750.62 5759.97 5759.67 5758.35 5761.47 5764.04 5771.24 5779.41 5782.99 5786.62 5790.51 5796.37 5802.49 5809.24 5844.1 5848.4 5859.64 5877.18 5881.19 5856.69 5826.7 5805.15 5781.66 5758.55 5724.06 5616.01 5472.84 5337.48 5240.49 5146.64 4959.25 4717.71 4457.65 4211.25 4084.45 4155.42 3954.6 3982.13
5717.3 5715.07 5713.66 5710.86 5707.22 5703.15 5699.63 5695.84 5691.5 5688.72 5683.58 5680.99 5680.22 5679.52 5678.5 5676.97 5674.47 5672.91 5673.98 5676.19 5679.28 5685.79 5686.97 5693.92 5701.17 5707.92 5709.52 5710.3 5729.36 5744.09 5754.04 5758.15 5755.25 5749.82 5756.07 5761.3 5763.04 5757.09 5760.76 5773.82 5784.16 5792.97 5800.12 5821.79 5827.79 5832.14 5833.98 5842.97 5835.81 5832.79 5825.8 5816.99 5801.79 5776.75 5671.67 5528.48 5384.14 5292.01 5180.93 5014.99 4800.48 4565.92 4344.15 4307.77 4428.43 4108.11 4149.53
5724.72 5719.67 5716.45 5714.47 5711.36 5705.9 5701.16 5696.21 5691.26 5684.99 5681.69 5680.76 5681.58 5682.11 5681.93 5681.21 5681.04 5682.53 5682.71 5682.73 5686.41 5693.24 5695.82 5702.31 5710.91 5719.18 5727.38 5737.67 5740.11 5743.5 5748.89 5757.72 5754.38 5747.09 5751.66 5754.75 5754.36 5748.31 5751.24 5765.34 5776.52 5784.67 5792.12 5807.7 5808.67 5805.35 5782.06 5785.53 5817.6 5835.93 5844.67 5840.48 5820.06 5768.17 5671.9 5561.3 5473.43 5358.57 5256.44 5101.54 4918.77 4729.59 4567.39 4625.26 4695.07 4378.23 4408.01
5727.87 5719.59 5718.57 5718.11 5713.72 5709.51 5703.67 5698.41 5693.26 5688.68 5683.12 5683.15 5685.03 5685.36 5685.25 5685.35 5686.13 5688.91 5687.95 5685.15 5684.65 5688.48 5698.21 5708.25 5718.83 5730.38 5740.62 5742.56 5742.9 5745.98 5746.87 5741.62 5748.52 5754.74 5751.87 5752.32 5753.02 5752.24 5755.17 5766.27 5774.05 5781.09 5787.51 5793.41 5805.34 5799.95 5777.77 5788.06 5818.66 5842.85 5858.82 5860.97 5841.79 5777.01 5675.79 5572.9 5462.07 5401.3 5339.62 5199.27 5055.04 4926.93 4855.07 4944.79 4954.51 4681 4693.77
5730.18 5733.93 5732.05 5724.98 5719.07 5713.54 5707.64 5701.74 5696.52 5692.47 5691.31 5691.74 5691.65 5690.3 5689.27 5688.36 5688.06 5687.17 5685.97 5685.94 5685 5688.98 5701.09 5713.39 5725.67 5739.16 5751.61 5746.55 5742.49 5744.36 5742.42 5731.64 5741.58 5750.86 5751.11 5752.31 5754.99 5760.08 5773.82 5769.89 5772.17 5777.69 5783.6 5790.1 5806.52 5811.01 5817.39 5822.03 5835.2 5855.8 5877.22 5891.58 5892.35 5865.56 5786.25 5633.65 5504.68 5454.97 5383.2 5302.95 5197.85 5108.03 5068.73 5108.27 5060.97 4979.93 4987.18
5724.82 5736.61 5736.9 5730.69 5725.6 5720.53 5714.03 5707.03 5700.22 5697.15 5701.09 5703.28 5698.52 5694.72 5692.71 5691.11 5689.88 5687.77 5687.14 5689.54 5692.51 5697.57 5707.25 5719.87 5733.23 5745.83 5754.11 5748.98 5740.97 5738.14 5734.45 5726.88 5734.11 5741.8 5745.11 5748.08 5751.89 5754.65 5758.29 5763.4 5767.35 5772.85 5779.1 5786.8 5797.65 5807.63 5833.92 5836.79 5843.04 5862.95 5887.08 5917.42 5948.39 5982.5 5975.69 5775 5634.13 5582.32 5521.45 5434.05 5341.56 5258.03 5206.74 5262.01 5086.92 5109.77 5160.72
5717.16 5727.04 5732.57 5734.08 5730 5724.62 5718.9 5712.13 5705.18 5701.27 5705.41 5705.6 5701.07 5697.49 5695.09 5693.54 5692.97 5693.31 5694.95 5693.42 5695.79 5701.65 5710.72 5722.75 5735.34 5746.59 5751.68 5744.49 5735.89 5729.84 5726.65 5727.6 5718.79 5730.8 5738.16 5742.22 5743.93 5746.86 5750.7 5754.65 5760.38 5766.67 5773.46 5781.63 5790.37 5792.45 5803.56 5822.2 5844.12 5862.97 5889.58 5922.4 5966.6 6026.46 6072.37 5918.84 5805.64 5739.51 5665.87 5575.46 5482.84 5403.76 5377.31 5456.55 5208.95 5211.56 5276.18
5718.43 5726.33 5735.36 5736.02 5733.05 5727.97 5724.71 5718.78 5711.18 5706.96 5706.05 5704.01 5700.58 5697.86 5695.41 5694.22 5694.02 5694.95 5695.5 5693.02 5692.94 5700.14 5711.57 5723.85 5736.11 5746.82 5753.54 5731.67 5728.42 5721.84 5695.05 5682.46 5717.19 5727.81 5732.63 5736.02 5738.66 5738.83 5741.01 5746.03 5752.67 5759.67 5767.59 5774.77 5782.01 5782.65 5794.23 5811.79 5833.57 5851.49 5875.86 5903.76 5931.53 5967.32 5991.63 6027.94 5971.59 5895.36 5815.12 5722.66 5625.93 5541.46 5505.8 5567.79 5377.04 5342.08 5377.58
5711.77 5723.52 5739.64 5736.21 5733.53 5733.06 5729.88 5726.8 5721.06 5714.92 5709.91 5700.89 5699.97 5697.28 5695.24 5694.31 5694.28 5694.17 5693.28 5691.76 5690.68 5699.35 5711.42 5724.2 5736.21 5744.72 5746.03 5734.86 5726.57 5724.41 5725.67 5718.03 5721.84 5726.67 5728.3 5730.32 5729.98 5731.57 5733.24 5737.99 5744.86 5752.31 5761.03 5769.05 5775.39 5777.66 5784.88 5803.56 5820.95 5833.76 5851.06 5871.14 5873.51 5881.35 5873.72 5998.54 6042.79 6052.95 5957.42 5849.04 5757.75 5682.25 5670.86 5693.75 5491.77 5454.47 5455.27
5710.86 5716.13 5731.3 5730.7 5730.47 5731.36 5733.3 5736.17 5738.24 5729.3 5717.53 5709.02 5702.17 5696.12 5694.01 5693.28 5693.51 5694.02 5694.31 5693.84 5694.21 5700.36 5709.88 5721.44 5733.33 5744.31 5744.79 5736.69 5728.01 5725.23 5719.82 5716.39 5722.09 5722.85 5723.24 5721.71 5722.3 5724.22 5726.68 5731.89 5737.08 5745.12 5754.3 5763.41 5772.35 5777.89 5784.93 5796.12 5805.39 5810.29 5818.68 5832.03 5822.85 5813.65 5823.48 5938.5 6012.07 6039.85 6009.64 5938.11 5874.9 5820.61 5828.72 5850.37 5605.3 5575.73 5589.47
5709.47 5706.12 5712.25 5721.26 5726.63 5731.17 5734.95 5739.13 5745.85 5733.91 5717.31 5707.13 5693.84 5692.07 5691.68 5691.99 5692.62 5693.86 5696.38 5696.28 5696.9 5700.05 5707.28 5717.66 5729.71 5742.37 5746.15 5742.76 5739.63 5727.78 5712.12 5702.49 5711.27 5715.93 5718.29 5719.54 5717.01 5717.33 5716.5 5719.01 5728.23 5737.97 5748.64 5759.83 5771.93 5785.47 5791.81 5789.35 5788.91 5789.09 5796.91 5785.41 5782.01 5772.59 5778.59 5816.98 5947.77 6037.94 6014.77 5985.24 5969.11 5987.86 6029.03 6014.56 5732.49 5700.21 5699.09
5708.91 5704.98 5705.36 5715.77 5723.67 5729.83 5734.06 5735.7 5729.23 5725.34 5711.62 5688.38 5685.73 5689.72 5690.24 5690.69 5690.91 5691.81 5693.08 5691.61 5691.71 5696.18 5702.1 5710.08 5721.07 5736.79 5745.57 5743.27 5739.03 5731.02 5719.21 5696.6 5704.79 5710.31 5712.73 5712.25 5711.6 5710.55 5709.68 5712.49 5721.72 5732.85 5743.81 5755.12 5767.21 5783.17 5789.54 5783.12 5781.19 5781.21 5776.83 5767.24 5757.9 5755.57 5762.4 5792.9 5877.34 5962.06 5978.46 5985.7 6001.51 6023.57 6042.61 5991.55 5876.31 5818.57 5790.71
5711.32 5709.29 5711.6 5714.68 5721.63 5728.01 5732.79 5735.02 5733.78 5724.93 5713.56 5706.08 5698.71 5691.52 5689.63 5689.26 5689.38 5689.02 5687.75 5685.92 5687.23 5691.55 5696.69 5702.46 5708.38 5717.95 5745.7 5741.51 5734.96 5731.86 5725.25 5703.71 5708.52 5709.43 5708.8 5707.9 5707.87 5706.51 5706.66 5707.88 5717.85 5728.51 5738.28 5748.35 5756.81 5759.69 5770.7 5772.39 5773.32 5771.68 5770.49 5764.03 5761.8 5756.16 5762.3 5774.13 5803.34 5840.95 5909.43 5950 5983.3 6010.87 5991.91 6008.34 5957.14 5905.37 5904.44
