real_craters/C106-500m.grd
DSAA
138 138
-34.3525 34.3525
-34.3525 34.3525
3750.5751642843 6233.9447358106
[rows 90 to 119 of 138, columns 67 to 133 of 138]
5953.1 5966.29 5981.82 6012.39 6026.02 6016.49 5996.49 5978.77 5909.44 5822.17 5752.95 5775.35 5788.82 5785.84 5775.52 5763.34 5749.08 5735.42 5736.78 5748.49 5754.51 5761.15 5769.62 5779.6 5790.22 5798.63 5788.45 5776.12 5764.1 5761.57 5758.05 5748.24 5734.6 5721.65 5726.59 5720.14 5713.56 5706.78 5703.9 5709.28 5715.93 5722 5725.62 5729.49 5731.73 5733.8 5736.29 5739.27 5743.77 5750.07 5739.02 5733.78 5733.41 5732.55 5738.68 5751.36 5761.45 5759.66 5751.45 5756.64 5765.05 5770.13 5771.86 5780.16 5785.45 5787.34 5790.81
5918.9 5908.89 5888.16 5866.26 5893.16 5909.82 5901.94 5875.21 5820.51 5756.9 5713.41 5728.83 5745.86 5753.13 5753.97 5749.36 5744.67 5751.34 5743.27 5747.01 5749.12 5753.57 5759.81 5767.04 5776.19 5785.96 5779.26 5769.86 5767.47 5756.06 5751.6 5743.93 5732.93 5732.76 5726.09 5723.39 5716.41 5709.69 5705.95 5711.56 5720 5727.16 5730.73 5731.8 5731.68 5731.35 5730.54 5730.24 5729.41 5725.93 5711.55 5718.28 5726.42 5731.51 5738.72 5745.74 5747.47 5751.48 5753.67 5752.19 5754.79 5756.97 5759.38 5767.57 5776.38 5782.24 5781.81
5797.76 5781.22 5806.29 5805.46 5816.26 5820.03 5801.51 5764.32 5747.61 5720.78 5708.3 5712.11 5723.08 5736.45 5737.91 5738.26 5739.26 5742.46 5749.69 5742.86 5742.85 5744.89 5748.37 5753.89 5763.46 5774.92 5763.89 5756.18 5749.61 5745.62 5744.95 5740.59 5732.44 5719.74 5738.66 5728.54 5720.75 5714.46 5709.65 5717.12 5726.97 5734.49 5738.84 5734.63 5730.42 5727 5723.24 5719.46 5714.83 5706.96 5705.67 5714.39 5726.61 5738.38 5743.49 5745.4 5744.46 5742.47 5740.93 5745.28 5749.05 5751.73 5754.06 5763.51 5773.29 5781.11 5789.1
5749.59 5747.2 5777.43 5805.98 5787.97 5767.21 5735.36 5695.53 5696.12 5697.13 5700.65 5709.75 5713.14 5717.13 5723.16 5727.75 5730.22 5727.43 5736.57 5731.05 5731.73 5733.84 5735.96 5737.2 5735.68 5736.8 5741.64 5739.58 5732.94 5733.45 5736.55 5742.97 5745.58 5741.75 5736.29 5729.58 5725.29 5723.41 5722.22 5728.95 5735.52 5738.72 5737.81 5733.44 5727.47 5721.93 5716.7 5711.92 5706.26 5702.49 5706.37 5717.47 5729.75 5741.46 5748.85 5752.34 5748.18 5744.33 5742.72 5743.06 5748.08 5753.42 5759.01 5766.58 5774.75 5781.65 5787.27
5748.54 5744.78 5767.51 5780.3 5769.79 5744.26 5713.35 5686.11 5683.27 5687.1 5691.38 5703.74 5706.71 5709.94 5712.4 5716.46 5718.87 5725.51 5723.66 5721.07 5723.27 5724.29 5725.31 5724.53 5722.09 5721.96 5727.23 5730.36 5729.47 5731.64 5739.57 5746.54 5760.43 5765.58 5727.93 5725.92 5727.77 5733.23 5742.42 5746.44 5743.37 5742.89 5737.94 5729.93 5722.16 5715.81 5710.72 5706.34 5703.5 5702.78 5711.7 5723.58 5735.85 5743.32 5754.09 5761.9 5762.36 5747.02 5741.5 5745.26 5751.35 5758.6 5767 5774.14 5778.42 5782.61 5786.08
5761.38 5760.47 5769.45 5772.88 5759.5 5737.65 5712.15 5688.18 5685.28 5696 5697.95 5700.46 5700.94 5705.17 5708.34 5709.69 5707.42 5710.39 5713.59 5713.85 5715.13 5714.8 5715.3 5715.75 5718.78 5717.17 5723.2 5728.94 5732.37 5728.28 5734.12 5741.32 5754.63 5758.01 5726.95 5721.56 5723.99 5733.31 5751.63 5752.28 5737.57 5738.23 5733.17 5720.47 5713.78 5708.87 5704.94 5702.05 5702.65 5708.28 5713.49 5726.36 5745.4 5760.72 5759.24 5756.1 5752.47 5746.77 5744.39 5748.7 5755.61 5763.94 5773.14 5779.37 5781.93 5784.09 5785.49
5773.61 5770.87 5770.15 5766.89 5754.01 5737.18 5721.38 5707.42 5708.15 5710.01 5704.07 5685.98 5693.31 5700.26 5702.39 5703.05 5701.8 5703.98 5711.69 5710.46 5709.36 5708.76 5709.49 5710.37 5711.13 5712.58 5725.38 5733.51 5738.22 5731.08 5726.2 5726.71 5721.57 5715.47 5720.99 5709.96 5712.13 5719.46 5724.18 5719.77 5713.15 5696.33 5700.16 5703.96 5702.51 5699.75 5697.57 5696.52 5697.43 5702.3 5711.59 5724.48 5742.35 5757.38 5760.31 5756.92 5753.24 5749.35 5749.02 5753.74 5760.49 5768.34 5776.18 5782.23 5783.9 5785.13 5786.34
5751.77 5753.66 5759.95 5758.2 5748.41 5737.2 5728.85 5722.85 5724.6 5708.81 5695.15 5687.9 5697.58 5698.65 5699.95 5697.68 5688.75 5696.46 5703.24 5701.9 5701.3 5701.48 5702.36 5703.59 5705.4 5712.54 5728.43 5739.28 5749.31 5751.38 5737.31 5717.68 5692.06 5677.15 5676.19 5688.13 5696.64 5703.4 5707.21 5706.88 5695.14 5682.69 5685.76 5692.33 5694.24 5693.95 5692.41 5692.13 5693.74 5699.43 5709.15 5721.74 5737.91 5749.74 5757.91 5769.48 5761.21 5755.56 5755.5 5759.36 5764.57 5770.38 5777.07 5782.65 5783.26 5785.05 5787.63
5722.08 5733.44 5748.69 5745.58 5738.1 5731.86 5729.79 5735.66 5736.64 5720.86 5705.7 5721.62 5698.46 5694.92 5697.92 5700.62 5686.28 5690.44 5693.02 5691.68 5692.42 5693.39 5695.49 5698.47 5701.33 5699.02 5725.04 5741.67 5755.33 5765.02 5750.14 5717.41 5689.03 5679.84 5669.33 5675.65 5685.73 5692.11 5694.09 5690.88 5688.22 5682.64 5686 5689.56 5690.57 5689.97 5689.49 5689.23 5690.98 5697.69 5708.66 5722.3 5738.81 5747.8 5750.69 5752.48 5757.76 5755.84 5761.03 5764.39 5767.5 5771.61 5774.88 5778.24 5780.68 5783.52 5786.79
5721.72 5724.01 5721.21 5722.97 5723.02 5722.38 5721.92 5721.8 5717.15 5722.87 5698.77 5660.9 5677.88 5685.61 5691.06 5695.68 5679.43 5681.5 5684.58 5684.61 5685.01 5687.25 5690.58 5694.56 5699.28 5705.99 5724.79 5741.35 5755.32 5765.95 5743.56 5714.73 5690.01 5675.23 5666 5673.48 5682.75 5686.65 5686.03 5682.22 5692.03 5695.94 5694.18 5691.84 5690.94 5689.21 5687.99 5686.67 5689.44 5696.44 5707.82 5723.27 5740.57 5745.7 5742.78 5742.18 5758.87 5776.51 5771.1 5769.19 5770.11 5771.49 5772.65 5773.43 5777.78 5782 5785.28
5703.88 5694.04 5688.42 5700.04 5707.89 5709.8 5708.18 5702.23 5693.63 5692.75 5691.93 5683.64 5674.06 5675.1 5679.74 5685.46 5677.32 5675.23 5666.26 5671.96 5673.68 5678.16 5683.69 5690.06 5697.79 5707.27 5720.89 5737.55 5746.91 5748.55 5729.95 5701.95 5680.89 5664.56 5675.19 5684.42 5686.11 5686.19 5686.4 5691.29 5698.29 5707.34 5701.04 5696.66 5693.06 5689.82 5687.45 5684.72 5680.29 5693.81 5707.33 5720.56 5741.97 5743.35 5737.56 5736.74 5754.25 5772.1 5771.27 5770.07 5770.37 5771.31 5771.99 5773.4 5777.39 5782.45 5786.35
5703.04 5691.45 5687.45 5694.17 5699.31 5700.94 5699.24 5694.82 5689 5685.84 5677.35 5670.79 5661.42 5662.42 5664.55 5652.18 5645.3 5647.72 5647.88 5652.01 5661.64 5669.82 5677.72 5686.77 5697.1 5709 5724.61 5733 5733.75 5733.69 5713.34 5680.6 5652.75 5658.94 5682.72 5693.71 5689.01 5686.55 5685.78 5686.22 5694.45 5701.44 5702.57 5698.2 5694.39 5691.12 5689.41 5689.33 5693.75 5697.96 5709.2 5722.89 5736.25 5738.3 5735.79 5737.06 5745.18 5753.65 5763.17 5767.19 5770.44 5772.24 5773.69 5774.72 5779.44 5784.93 5789.21
5697.53 5693.36 5694.11 5695.37 5695.07 5694.31 5692.3 5690.3 5689.05 5678.36 5665.6 5646.46 5645.35 5653.88 5660.38 5662.93 5633.16 5629.6 5635.94 5645.81 5651.75 5659.14 5669.04 5680.07 5693.69 5708.12 5722.45 5726.57 5716.01 5698.4 5684.51 5663.82 5651.39 5660.71 5674.73 5683.16 5685.87 5686.58 5686.62 5686.17 5700.99 5709.62 5703.65 5698.65 5694.44 5691.65 5690.96 5694.09 5698.4 5702.87 5710.71 5720.83 5727.75 5733.25 5734.45 5736.94 5743.07 5750.52 5758.18 5764.63 5769.89 5773.91 5777.25 5779.67 5784.45 5790.23 5794.02
5698.37 5704.48 5708.96 5699.46 5692.75 5688.55 5686.77 5686.29 5687.47 5677.39 5662.07 5649.65 5643.87 5650.76 5656.93 5660.01 5652.4 5621.44 5631.23 5636.68 5640.95 5648.71 5659.31 5671.75 5684.85 5696.94 5714.59 5715.97 5703.93 5688 5667.94 5659.23 5654.21 5663.67 5671.86 5678.83 5683.33 5685.99 5689.09 5697.65 5708.01 5704.63 5698.78 5694.71 5691.92 5689.93 5689.6 5692.26 5697.62 5702.07 5709.44 5719.42 5729.71 5731.52 5733.65 5736.31 5741.18 5747.44 5754.69 5762.48 5769.81 5776.27 5782.39 5787.99 5794.05 5797.49 5799.82
5704.23 5713 5710.3 5695.82 5686.87 5679.99 5676.39 5675.79 5679.32 5669.98 5656.31 5647.59 5647.28 5655.38 5658.08 5651.21 5661.51 5663.9 5640.05 5627.81 5629.08 5637.56 5648.78 5661.7 5675.17 5688.67 5695.97 5693.66 5687.47 5681.49 5678.82 5668.47 5663.84 5668.08 5672.99 5679.11 5682.19 5684.76 5686.41 5688.82 5687.85 5687.45 5688.17 5687.36 5687 5686.82 5686.31 5685.58 5689.41 5698.29 5706.58 5712.88 5722.44 5727.2 5732.52 5734.1 5735.62 5742.23 5751.26 5760.63 5769.58 5778.95 5787.51 5796.32 5803.06 5803.92 5805.27
5699.75 5692.82 5683.6 5681.59 5674.1 5667.23 5661.53 5656.5 5654.61 5648.65 5645.78 5645.99 5658.91 5663.25 5664.32 5661.3 5662.36 5664.85 5643.94 5626.33 5622.11 5627.31 5636.55 5647.12 5659.5 5675.48 5691.45 5674.81 5665.04 5667.75 5674.33 5666.75 5675.96 5670.41 5673.8 5674.07 5682.96 5682.52 5680.22 5674.33 5665.64 5673.69 5677.73 5680.37 5682.22 5683.94 5685.22 5684.12 5688.21 5696.76 5704.22 5711.01 5713.95 5719.02 5725.6 5728.09 5728.86 5738.03 5748.99 5759.95 5770.56 5781.27 5791.88 5799.47 5802.76 5809.38 5809.62
5692.63 5680.13 5679.15 5670.12 5662.48 5654.95 5645.67 5633.6 5616.08 5613.61 5630.6 5641.33 5656.9 5662.68 5661.97 5665.78 5664.77 5654.76 5636.29 5620.16 5615.12 5619.7 5626.58 5634.06 5640.52 5646.51 5645.41 5647.85 5656.94 5662.79 5673.45 5652.93 5647.78 5659.45 5671.69 5697.37 5685.02 5676.93 5675.49 5673.79 5671.19 5669.12 5671.78 5674.95 5678 5681.22 5686.18 5694.41 5695.71 5698.28 5702.13 5705.79 5707.16 5712.39 5714.97 5721.71 5729.42 5737.49 5748.2 5759.8 5771.44 5783.47 5795.72 5808.47 5819.8 5817.77 5812.09
5690.06 5678.4 5670.81 5660.91 5652.81 5643.71 5632.64 5619.05 5602.7 5598.6 5617.39 5635 5652.99 5647.13 5646.08 5634.4 5644.56 5634.39 5620.92 5613.02 5610.63 5614.61 5617.54 5620.71 5622.42 5619.78 5617.42 5641.55 5672.78 5663.98 5644.49 5633.93 5639.48 5647.33 5653.92 5654.85 5657.64 5664.62 5671.05 5676.39 5668.11 5663.96 5665.73 5669.23 5672.31 5676.55 5682.31 5690.77 5695.95 5698.41 5700.74 5702.55 5710.07 5713.5 5716.94 5720.31 5724.44 5736.19 5747.84 5759.7 5771.85 5784.07 5796.99 5811.01 5822.64 5818.26 5810.92
5693.48 5687.43 5664.8 5652.56 5644.02 5635.24 5625.14 5614.4 5603.92 5594.78 5601.64 5613.93 5623.19 5621.46 5614.4 5614.5 5597.65 5592.81 5598.44 5605.27 5613.01 5608.21 5606.05 5607.49 5609.74 5607.39 5599.78 5619.52 5644.64 5641.28 5624.06 5619.34 5635.05 5637.18 5636.94 5630.06 5636.46 5652.97 5664.6 5673.88 5667.24 5661.08 5662.53 5664.96 5667.92 5671.97 5676.31 5680.65 5691.04 5699.15 5703.68 5704.69 5710.85 5719.31 5725.86 5724.99 5728.1 5738.32 5749.9 5761 5771.73 5783.06 5794.03 5804.06 5810.12 5810.32 5806.93
5692.09 5676.64 5652.86 5646.02 5638 5629.07 5619.56 5610.2 5600.16 5587.38 5575.79 5586.2 5598.04 5595.3 5589.06 5569.38 5563.09 5563.7 5574.65 5586.24 5600.18 5590.25 5589.76 5594.18 5600.67 5607.1 5613.79 5612.05 5615.36 5619.88 5614.76 5617.93 5626.67 5630.36 5631.27 5631.59 5638.25 5648.86 5657.37 5664.2 5665.92 5661.45 5661.49 5662.87 5665.21 5668.69 5672.67 5680.28 5691.53 5704.35 5714.6 5720.57 5726.03 5729.89 5733.27 5734.86 5736.33 5744.65 5752.7 5761.61 5771.17 5780.59 5789.01 5795.87 5800.17 5801.35 5800.96
5679.36 5670.87 5664.91 5647.05 5633.72 5623.92 5614.33 5605.18 5595.49 5583.86 5567.38 5562.8 5550.18 5546.22 5543.66 5547.33 5552.87 5549.87 5552.75 5552.79 5542.12 5556.51 5569.12 5582.08 5594.26 5609.71 5631.23 5641.76 5620.72 5609.46 5605.5 5608.78 5621.22 5624.36 5629.66 5637.4 5645.33 5648.5 5650.79 5649.22 5653.62 5659.31 5660.17 5661.91 5663.6 5666.87 5670.59 5676.91 5694.2 5711.43 5728.63 5738.56 5741.91 5745.83 5749.29 5754.67 5754.24 5752.44 5755.32 5761.15 5768.87 5776.61 5783.75 5788.95 5790.98 5794.33 5797.29
5648.34 5640.38 5631.36 5631.94 5630.27 5620.81 5609.96 5599.5 5589.77 5579.08 5572.54 5557.31 5539.17 5541.71 5533.34 5544.15 5542.82 5544.77 5539.38 5532.08 5524.04 5535.49 5552.31 5567.71 5582.97 5598.12 5611.21 5614.11 5602.43 5595.63 5590.4 5589.4 5603.51 5614.34 5624.59 5636.47 5647.03 5646.74 5646.48 5648.63 5652.52 5656.11 5657.55 5661.38 5665.72 5669.36 5674.59 5683.79 5698.21 5716.43 5735.59 5746.79 5742.88 5744.73 5749.56 5757.34 5757.43 5752.48 5753.84 5758.64 5765.34 5772.74 5779.87 5785.45 5789.93 5793.99 5796.73
5636.04 5634.61 5646.29 5646.03 5629.96 5617.77 5606.01 5593.67 5585.08 5579.93 5573.91 5558.9 5543.24 5532.9 5533.52 5552.18 5555.02 5544.02 5533.91 5525.03 5519.96 5526.85 5541.06 5556.44 5571.52 5581.15 5586.15 5580.77 5577.78 5583 5581.54 5586.35 5592.07 5602.58 5614.68 5628.32 5636.53 5639.63 5639.14 5640.19 5642.24 5645.12 5653.3 5661.98 5668.99 5674.08 5676.66 5685.65 5700.61 5715.76 5729.85 5734.58 5728.34 5723.57 5727.21 5725.84 5735.61 5742.52 5747.6 5754.14 5761.66 5769.22 5776.41 5783.4 5790.42 5796.3 5797.9
5644.86 5640.89 5637.62 5632.09 5624.83 5615.44 5604.73 5593.27 5585.6 5580.24 5572.85 5559.27 5543.77 5530.31 5529.9 5545.98 5549.12 5540.07 5530.68 5522.4 5518.64 5523.71 5535.83 5549.09 5561.76 5572.13 5577.4 5584.84 5588.11 5578.89 5575.47 5572.52 5578.15 5590.03 5603.39 5616.72 5627.43 5629.78 5629.25 5628.53 5630.99 5636.13 5651.23 5665.59 5676.39 5682.85 5684.85 5691.66 5701.57 5710.5 5719.21 5719.75 5712.41 5704.67 5709.93 5715.03 5722.36 5731.38 5739.85 5747.67 5756.08 5764.43 5773.11 5781.21 5788.98 5793.39 5798.7
5640.47 5637.42 5630.91 5623.57 5621.81 5615.74 5606.64 5594.17 5590.44 5585.2 5573.96 5559.8 5539.64 5522.31 5518.94 5526.77 5534.1 5530.15 5524.04 5519.02 5516.05 5519.44 5531.32 5544.85 5556.62 5567.3 5577.65 5584.72 5581.12 5568.79 5564.37 5560.24 5564.75 5578.38 5592.03 5604.58 5615.75 5619.27 5620.33 5623.86 5629.39 5635.14 5657.35 5673.85 5686.76 5696.98 5701.83 5703.2 5703.11 5702.37 5701.25 5702.19 5700.71 5697.63 5701.4 5703.29 5713.39 5723.67 5733.84 5743.91 5752.86 5762.55 5771.47 5780.37 5788.01 5796.24 5799.63
5638.89 5630.6 5629.49 5629.16 5623.41 5618.41 5613.51 5609.47 5601.39 5597.37 5594 5569.74 5541.98 5517.49 5512.93 5517.37 5520.61 5520.18 5518 5515.91 5515.93 5519.12 5528.37 5537.92 5550.05 5563.64 5577.7 5587.57 5559.41 5550.49 5547.29 5543.3 5555.79 5569.88 5582.51 5593.11 5598.31 5606.58 5612.72 5621.35 5640.71 5662.25 5675.68 5684.87 5695.84 5710.23 5721.76 5714.13 5703.14 5694.31 5685.99 5689.15 5693.38 5699.33 5698.32 5697.95 5706.93 5718.42 5729.67 5733.49 5743.45 5754.05 5763.41 5774.61 5784.44 5794.98 5797.49
5624.42 5626.11 5627.77 5626.84 5623.72 5620.45 5617.44 5614.1 5607.03 5600.64 5595.74 5578.68 5545.35 5519.35 5513.05 5510.45 5512.06 5512.9 5511.64 5511.86 5517.41 5527.14 5525.66 5533.42 5544.78 5557.07 5569.93 5576.75 5537.75 5533.88 5534.11 5543.65 5555.57 5565.58 5576.15 5585.9 5596.78 5605.68 5611.11 5623.39 5652.06 5682.99 5687.09 5689.57 5695.77 5708.33 5728.22 5710.18 5695.81 5687.2 5686.99 5681.76 5683.93 5690.24 5691.48 5691.91 5693.67 5697.87 5707.02 5717.39 5730.81 5743.32 5756.16 5768.82 5781.05 5790.17 5790.27
5634.51 5629.16 5626.52 5623.58 5622.42 5620.61 5616.78 5610.31 5604.77 5595.48 5581.91 5569.73 5545.73 5521.94 5511.25 5506.06 5505.86 5506.72 5505.36 5505.24 5505.52 5500.91 5513.55 5523.83 5533.73 5543.37 5548.45 5539.56 5527.83 5527.1 5531.48 5544.45 5553.86 5563.11 5572.27 5580.9 5590.18 5602.56 5622.88 5639.61 5656 5672.82 5682.03 5684.07 5683.5 5682.12 5681.03 5684.88 5679.98 5673.45 5669.54 5674.92 5676.83 5675.82 5681.23 5683.09 5683.51 5689.59 5698.92 5710.85 5725.4 5739.09 5752.03 5764.81 5776.5 5787.02 5787.73
5627.44 5626.46 5625.31 5624.21 5622.57 5620.25 5618.65 5613.28 5602.61 5590.4 5575.54 5555 5541.92 5531.41 5512 5506.94 5504.85 5502.99 5501.77 5498.82 5495.57 5493.8 5501.86 5513.16 5523.34 5530.18 5530.02 5525.38 5521.9 5527.12 5531.83 5545.66 5554.24 5562.21 5569.76 5576.93 5584.26 5596.51 5619.94 5638.97 5652.4 5670.42 5678.32 5673.44 5667.79 5659.47 5654.74 5662.57 5664.7 5662.09 5662.71 5670.02 5675.75 5677.52 5687.47 5677.51 5669.33 5675.26 5687.69 5701.1 5716.23 5731.27 5745.52 5758.92 5770.44 5777.66 5781.05
5623.51 5624.65 5623.76 5622.43 5619.65 5617.43 5615.2 5609.96 5599.28 5586.56 5571.1 5549.79 5536.46 5524.16 5517.91 5508.18 5504.53 5501.41 5499.11 5495.32 5490.91 5486.75 5494.77 5506.03 5516.11 5521.7 5522.06 5518.49 5525.72 5532.58 5543.57 5551.69 5557.03 5562.99 5568.68 5574.77 5580.55 5587.29 5597.22 5618.06 5637.96 5654.6 5661.11 5658.58 5654.66 5648.14 5646.82 5652.34 5656.34 5656.76 5661.18 5668.2 5672.17 5672.35 5644.57 5627.98 5640.54 5658.02 5675.95 5692.64 5709.93 5726.65 5741.06 5755 5766.61 5775.95 5781
