real_craters/C107-300m.grd
DSAA
230 230
-34.37 34.37
-34.37 34.37
8084.6962893987 9415.7478977628
[rows 120 to 149 of 230, columns 134 to 200 of 230]
8319.78 8377.99 8459.39 8549.42 8642.24 8735.43 8824.62 8912.81 8998.38 9083.47 9175.19 9252.19 9319 9337.04 9303.55 9252.93 9198.75 9151.95 9106.15 9070.02 9047.78 9030.89 9025.06 9022.86 9022.08 9021.77 9021.41 9020.17 9018.77 9016.09 9014.73 9016.41 9016.8 9018.78 9020.22 9023.06 9026.2 9029.87 9034.44 9037.37 9036.53 9037.02 9037.92 9039.14 9039.67 9038.64 9040.18 9045.03 9048.52 9051.54 9053.85 9054.86 9054.55 9054.73 9050.02 9045.45 9042.09 9044.89 9049.65 9055.88 9063.65 9072.48 9082.91 9088.2 9088.45 9086.83 9082.99
8329.08 8386.11 8470.77 8566.69 8664.44 8762.19 8856.28 8950.01 9041.09 9126.75 9203.45 9283.38 9341.37 9355.24 9327.23 9276.01 9221.45 9172.83 9119.69 9065.63 9035.17 9011.95 9008.98 9011.62 9014.15 9015.92 9017.31 9018.2 9018.22 9017.67 9016.9 9016.03 9014.34 9007.54 9016.45 9021.13 9024.67 9028.3 9032.27 9034.72 9033.76 9036.04 9038.82 9042.54 9046.08 9049.35 9051.61 9053.37 9054.38 9053.93 9052.97 9051.47 9049.9 9050.36 9044.24 9036.61 9036.12 9041.66 9048.06 9055.08 9063.31 9073.42 9085.71 9092.59 9091.85 9088.1 9082.14
8348.42 8404.84 8491.34 8591.79 8693.96 8794.83 8891.81 8988.76 9083.18 9171.14 9252.36 9324.8 9373.56 9383.94 9345.64 9287.41 9228.52 9176 9127.68 9070.21 9033.75 9005.16 9002.17 9006.63 9010.41 9013.23 9015.76 9018.13 9020.03 9020.64 9019.99 9018.85 9018.97 9021.4 9019.19 9021.01 9023.46 9025.22 9027.15 9027.2 9028.57 9034.59 9040.46 9046.05 9052.4 9058.36 9061.89 9065.17 9060.11 9056.15 9052.92 9049.68 9046.88 9045.42 9039.49 9032.63 9034.61 9040.42 9046.78 9053.34 9060.53 9068.97 9078.77 9089.18 9093.15 9085.92 9078.39
8379.37 8431.58 8524.28 8628.44 8731.96 8830.76 8929.35 9026.34 9120.38 9213.43 9302.95 9366.34 9398.7 9409.32 9346.43 9279.52 9219.35 9160.07 9098.35 9067.73 9043.43 9016.85 9008.23 9007.92 9009.15 9011.46 9014.58 9018.13 9022.68 9026.22 9024.21 9021.59 9021.29 9022.41 9021.05 9021.38 9022.64 9023.18 9023.5 9020.35 9025.82 9033.99 9041.3 9048.58 9056.5 9064.12 9065.4 9062.55 9060.92 9056.79 9052.62 9048.65 9043.19 9037.96 9038.15 9037.39 9039.73 9042.19 9046.11 9050.69 9055.73 9060.89 9066.68 9075.84 9083.64 9078.47 9072.04
8431.59 8483.24 8576.08 8679.26 8779.39 8873.61 8967.31 9059.88 9149.88 9239.61 9325.3 9376.71 9382.3 9377.66 9307.43 9248.76 9196.74 9145.76 9099.57 9080.82 9060.88 9037.97 9022.92 9015.27 9012.81 9013.42 9015.89 9019.22 9023.58 9027.39 9025.5 9022.52 9020.28 9019.01 9020.63 9021.28 9022.12 9022.84 9024.63 9028.63 9031.2 9036.28 9042.42 9048.94 9056.59 9065.18 9065.42 9064.31 9060.03 9055.98 9051.66 9047.83 9044.72 9041.26 9040.57 9043.29 9046.98 9043.95 9046.2 9048.45 9050.47 9052.1 9053.72 9057.04 9065.83 9065.81 9062.14
8504.91 8562.06 8649.97 8744.06 8834.43 8919.63 9003.63 9086.65 9167.09 9247.27 9319.95 9358.47 9324.9 9260.34 9232.61 9204.72 9171.39 9135.67 9103.3 9085.91 9069.78 9050.15 9032.92 9021.6 9016.9 9015.83 9016.86 9019.19 9023.3 9026.26 9024.62 9022.49 9021.99 9021.38 9021 9021.26 9021.82 9022.7 9025.38 9030.37 9034.56 9038.94 9043.27 9047.29 9051.14 9055.65 9059.16 9059.43 9057.84 9054.37 9050.07 9044.82 9041.76 9041.37 9041.32 9044.12 9044.98 9045.3 9047.24 9046.88 9045.82 9043.95 9042.88 9044.25 9050.46 9053.11 9051.65
8588.12 8662.68 8741.88 8817.8 8893.03 8965.9 9037.79 9105.75 9172.16 9233.5 9284.02 9305.93 9262.83 9198.47 9175.83 9166.35 9148.73 9126.71 9105.05 9090.65 9076.77 9053.49 9034.31 9025.85 9021.98 9019.99 9018.65 9018.07 9019.08 9022.2 9021.03 9021.25 9022.17 9022.25 9021.76 9021.61 9021.73 9022.22 9024.25 9028.67 9036.25 9041.61 9044.52 9045.75 9044.75 9044.67 9053.18 9057.19 9054.95 9052.54 9049.34 9044.73 9037.79 9036.75 9040.23 9043.46 9049.23 9052.35 9049.42 9045.2 9040.63 9035.95 9032.52 9031.64 9039.6 9044.03 9044.3
8664.73 8756.18 8831.36 8889.95 8951.12 9011.33 9069.09 9121.12 9169.28 9208.76 9231.55 9225.58 9210.28 9173.79 9153.46 9143.42 9132.14 9120.89 9112.19 9104.04 9086.09 9056.41 9035.01 9029.68 9027.28 9024.43 9020.95 9016.61 9011.06 9010.47 9015.51 9019.58 9022.54 9022.94 9022.52 9022.17 9022.01 9022.16 9023.23 9029.91 9041.82 9045.69 9047.15 9046.99 9045.3 9044.57 9046.78 9049.77 9051.63 9050.74 9049.22 9047.21 9040.83 9038.86 9041.1 9043.52 9047.69 9055 9050.2 9042.64 9035.26 9029.16 9025.96 9028.26 9035.95 9038.62 9038.43
8724.8 8818.52 8896.41 8950.85 9004.44 9054.51 9098.59 9134.92 9164.63 9183.57 9193.41 9197.01 9176.39 9158.1 9143.57 9126.33 9119.66 9116.28 9115.37 9105.95 9086.71 9061.53 9041.09 9039.11 9036.13 9031.53 9026.17 9019.56 9011.65 9009.48 9014.94 9019.13 9023.17 9023.49 9023.26 9023.15 9023.22 9023.65 9024.35 9032.3 9047.12 9049.95 9050.41 9050.48 9050.32 9049.92 9051.48 9050.62 9049.7 9049.17 9048.48 9047.1 9042.33 9041.86 9044.05 9046.74 9048.43 9055.02 9049.29 9038.97 9030.09 9023.38 9020.28 9025.42 9033 9033.26 9033.95
8773.25 8859.92 8935.47 9000.96 9055.9 9097.88 9129.03 9148.94 9161.52 9164.4 9159.12 9146.01 9129.44 9114.69 9104.16 9104.48 9107.4 9110.87 9115.21 9105.68 9085.61 9073.47 9062.32 9056.63 9048.68 9040.29 9032.44 9025.76 9021.44 9018.16 9017.81 9019.79 9022.07 9023.41 9024.01 9024.59 9025.44 9026.85 9030.83 9039.9 9051.35 9051.99 9052.54 9053.51 9054.7 9052.84 9049.08 9048.59 9048.15 9047.61 9046.72 9046.41 9046.1 9045.32 9046.89 9050.41 9051.59 9054.81 9042.76 9032.45 9024.02 9016.88 9012.47 9015.23 9022.41 9026.9 9029.56
8825.99 8908.32 8975.07 9061.83 9113.45 9144.62 9161.06 9167.29 9163.96 9150.67 9128.53 9096.76 9082.6 9076.03 9069.56 9086.34 9096.82 9104.87 9112.53 9115.17 9094.1 9089.01 9091.78 9077.94 9061.34 9048.66 9038.86 9031.68 9027.19 9023.05 9020.88 9020.99 9022.51 9023.76 9025.16 9026.62 9028.14 9030.02 9033.21 9039.84 9046.37 9050.54 9052.69 9054.38 9056.13 9053.03 9047.08 9046.66 9047.12 9046.77 9045.37 9043.75 9044.87 9046.36 9047.63 9049.05 9046.38 9033.5 9027.92 9024.14 9017.92 9010.9 9003.66 9003.36 9012.29 9023.39 9027.86
8892.14 8997.29 9093.8 9148.32 9181.09 9196.11 9197.93 9189.59 9172.5 9147.05 9114.71 9080.01 9064.6 9065.58 9075.1 9083.14 9092.23 9099.65 9104.91 9101.78 9089.79 9095.05 9098.57 9084.95 9067.59 9053.99 9043.22 9035.01 9029.44 9025.13 9022.65 9021.82 9022.74 9024.48 9026.78 9029.31 9031.56 9033.5 9034.33 9039.85 9045.18 9049.68 9051.85 9052.7 9053.51 9051.57 9050.02 9048.01 9047.98 9047.88 9047.3 9046.77 9047.32 9047.88 9047.1 9044.77 9039.97 9028.84 9022.5 9019.34 9014.29 9008.72 9005.23 9009.52 9022.42 9026.2 9028.56
8960.66 9082.61 9185.28 9235.81 9251.45 9249.65 9236.6 9215.48 9187.29 9153.54 9114.58 9078.38 9061.04 9066.03 9079.35 9085.84 9091.42 9095.82 9099.4 9100.54 9102.15 9098.01 9089.09 9078.42 9066.63 9054.72 9044.48 9035.8 9029.27 9025.5 9023.46 9022.59 9023.23 9025.62 9028.6 9032.08 9035.97 9039.8 9042.51 9045.92 9049.35 9051.39 9051.81 9050.21 9047.13 9047.84 9047.57 9049.1 9050.12 9050.68 9051.34 9052.78 9053.24 9050.14 9046.99 9043.7 9038.67 9032.36 9025.52 9019.16 9013.95 9009.65 9007.79 9013.99 9026.71 9027.34 9028.61
9022.42 9155.45 9272.04 9312.84 9312.52 9295.23 9270.74 9239.93 9204.49 9165.51 9122.57 9081.6 9057.91 9069.83 9082.97 9091.04 9094.05 9094.67 9094.85 9094.42 9097.22 9092.21 9082.47 9072.68 9063.3 9053.26 9043.99 9035.74 9028.79 9025.87 9024.49 9024.47 9025.41 9027.26 9030.53 9034.78 9040.18 9046.9 9054.35 9053.94 9054.18 9054.46 9053.92 9051.42 9047.67 9048.11 9049.04 9051.09 9053.19 9054.63 9055.4 9057.03 9056.18 9050.82 9045.68 9042.8 9036.62 9031.04 9025.6 9019.91 9015.34 9011.9 9010.36 9014.36 9019.96 9024.73 9027.61
9069.46 9206.48 9323.3 9367.58 9355.35 9327.06 9295.13 9258.96 9221.09 9180.45 9139.07 9098.42 9074.17 9083.75 9096.35 9100.66 9099.04 9096.33 9093.16 9091.67 9092.11 9086.8 9078.47 9068.9 9060.03 9050.86 9042.52 9035.89 9030.59 9026.17 9024.58 9026.02 9027.1 9028.35 9031.76 9036.34 9042.11 9049.41 9056.42 9057.77 9057.87 9058.07 9057.88 9056.75 9055 9052.49 9052.15 9054.32 9057.03 9059.65 9061.08 9062.37 9058.67 9049.26 9039.86 9033.4 9028.2 9024.25 9023.46 9019.8 9017.27 9015.35 9014.77 9017.97 9020.43 9024.34 9026.51
9098.98 9230.74 9351.84 9392.34 9370.19 9339.48 9306.89 9270.77 9234.19 9195.92 9159.72 9125.43 9106.3 9106.09 9110.6 9109.87 9104.16 9098.5 9093.02 9087.31 9084.84 9083.15 9075.65 9067.16 9056.8 9047.65 9039.46 9033.31 9029.01 9024.65 9022.92 9023.58 9025.31 9027.91 9031.85 9036.75 9042.2 9047.94 9053.21 9058.5 9061.74 9062.93 9061.76 9060.38 9058.7 9056.04 9055.76 9057.06 9060.92 9065.46 9068.85 9069.54 9061.72 9047.02 9030.68 9020.9 9018.77 9015.61 9016.63 9019.83 9019.9 9019.19 9019.97 9021.67 9025.78 9026.56 9025.56
9113.88 9225.77 9314.94 9355.63 9354.8 9335.43 9306.49 9276.46 9242.22 9209.72 9178.67 9151.05 9136.8 9128.83 9122.28 9115.57 9108.75 9100.87 9093.74 9088.47 9084.27 9079.72 9070.9 9061.36 9052.57 9044.93 9036.62 9027.91 9023.49 9022.63 9021.17 9019.41 9022.74 9026.89 9031.38 9036.58 9041.98 9047.18 9052.46 9059.21 9064.75 9067.46 9063.63 9059.16 9055.56 9053.02 9053.65 9057.34 9063.01 9070.35 9077 9079.33 9066.58 9046.82 9025.69 9013.76 9016.4 9018.98 9021.96 9022.95 9023.3 9022.76 9021.48 9022.7 9023.84 9023.55 9022.88
9122.59 9212.25 9277.52 9312.86 9325.8 9318.72 9297.29 9272.04 9242.94 9217.07 9190.84 9167.76 9155.63 9144.67 9134.25 9125.43 9112.68 9102.37 9094.27 9089.15 9085.82 9074.93 9063.93 9053.41 9048.4 9044.48 9038.54 9028.8 9024.58 9024.19 9022.3 9021.1 9022.8 9026.4 9031.06 9036.16 9041.76 9048.3 9054.3 9059.73 9065.03 9067.11 9063.62 9057.65 9052.8 9049.43 9050.65 9055.43 9061.61 9070.94 9081.83 9083.21 9068.67 9048.84 9030.5 9021.12 9019.74 9023.01 9025.84 9026.53 9027.11 9027.25 9026.25 9022.64 9019.29 9017.4 9017.95
9132.98 9203.9 9254.4 9280.9 9301.73 9298.13 9280.27 9260.91 9237.04 9215.81 9194.42 9173.82 9160.63 9148.97 9137.62 9125.83 9112.58 9101.18 9091.85 9084.31 9074.92 9067.05 9058.72 9049.39 9047.51 9048.03 9046.92 9044.1 9037.18 9030.57 9025.6 9023.71 9023.72 9026.67 9030.87 9035.63 9040.7 9045.87 9052.32 9058.72 9064.16 9067.37 9063.17 9056.35 9051.96 9050.44 9049.81 9052.05 9056.12 9062.52 9073.55 9077.17 9067.32 9050.17 9033.1 9025.11 9022.67 9023.06 9026.04 9028.69 9029.45 9030.99 9028.31 9021.15 9014.47 9010.68 9012.77
9148.61 9204.61 9249.19 9280.92 9287.24 9276.82 9260.14 9243.95 9224.9 9208.19 9191.21 9174.25 9158.98 9146.2 9134.56 9121.55 9107.62 9097.23 9088.52 9080.13 9069.31 9062.55 9058.13 9052.51 9052.45 9055.01 9057.56 9058.31 9049.17 9037.93 9028.49 9023.53 9024.2 9027.1 9030.95 9035.4 9039.89 9043.93 9050.06 9056.82 9062.3 9064.6 9062.47 9058.1 9051.51 9047.19 9047 9047.77 9048.81 9049.28 9056.53 9073.46 9065.48 9051.14 9035.38 9028.03 9025.61 9023.15 9024.43 9028.3 9027.31 9029.1 9026.62 9018.14 9010.79 9005.24 9009.89
9166.07 9204.57 9240.6 9273.32 9264.43 9251.04 9236.14 9221.25 9208.88 9195.44 9184.86 9170.13 9157.8 9145.59 9129.85 9110.43 9098.97 9092.1 9086.52 9080.34 9073.52 9065.09 9063.47 9061.36 9060.23 9062.54 9067.13 9068.21 9058.14 9044.47 9031.4 9024.27 9025.58 9028.14 9031.38 9035.43 9040.07 9044.72 9049.63 9054.63 9059.56 9063.9 9058.78 9051.03 9047.36 9045.45 9044.04 9044.13 9044.41 9044.6 9052.28 9066.25 9062.9 9054.13 9042.4 9036.22 9031.87 9026.63 9021.71 9022.18 9019.89 9017.92 9016.12 9012.75 9010.01 9009.06 9010.98
9179.16 9197.97 9215.22 9227.63 9222.21 9214.89 9206.23 9196.34 9186.34 9178.04 9172.43 9163.78 9158.39 9152.63 9126.36 9101.09 9090.78 9088.19 9086.42 9084.37 9083.3 9079.17 9075.87 9069.17 9064.75 9067.31 9072.38 9076.83 9063.88 9050.78 9037.62 9029.71 9029.53 9030.07 9031.8 9034.9 9039.93 9045.67 9048.23 9051.22 9054.4 9055.45 9050.73 9042.89 9041.63 9040.41 9041.04 9041.68 9042.95 9045.85 9052.91 9059.13 9059.73 9057.49 9056.76 9047.92 9040.34 9034.41 9026.54 9016.15 9014.21 9008.11 9005.28 9008.3 9009.64 9013.03 9012.23
9185.65 9184.7 9181.89 9170.45 9171.22 9174.28 9172.58 9169.95 9163.32 9159.33 9154.1 9150.14 9146.81 9140.5 9117.96 9096.17 9087.11 9087.4 9088.62 9089.83 9091.57 9098.29 9094.49 9079.88 9070.39 9069.71 9070.54 9069.29 9064.38 9056.23 9049.16 9041.27 9035.14 9032.39 9031.62 9032.59 9036.34 9043.04 9043.43 9045.85 9048.41 9048.34 9046.06 9042.8 9040.77 9039.49 9038.84 9039.42 9041.59 9045.21 9052.62 9056.46 9054.76 9053.75 9055.11 9051.26 9046.13 9042.86 9039.58 9021.4 9016.92 9013.13 9009.28 9007.95 9007.19 9008.6 9007.56
9183.84 9169.24 9153.52 9137.83 9133.46 9135.47 9140.42 9141.81 9141.55 9140.75 9136 9133.47 9126.32 9116.07 9106.77 9094.85 9088.33 9089.37 9092.61 9096.29 9100.58 9107.98 9106.37 9089.02 9075.39 9071.45 9070.34 9067.71 9064.72 9058.85 9053.62 9045.99 9038.77 9033.86 9030.65 9028.62 9026.63 9026.88 9033.93 9039.01 9043.04 9045.64 9046.65 9044.14 9040.48 9038.65 9036.41 9035.94 9037.62 9043.33 9045.59 9046.56 9046.57 9045.04 9043.76 9046.88 9046.75 9046.21 9045.25 9033.4 9022.5 9018.79 9014.73 9010.16 9005.3 8996.77 8999.02
9175.93 9153.28 9129.22 9100.51 9091.39 9102.16 9112.79 9117.16 9120.44 9119.31 9119.44 9117.36 9113.83 9112.14 9104.14 9095.8 9091.82 9092.4 9095.94 9100.97 9107.4 9114.27 9110.63 9091.24 9074.75 9071.89 9074.11 9072.56 9066 9059.32 9051.02 9045.72 9039.93 9034.59 9029.92 9025.98 9022.34 9021.66 9027 9032.92 9038.11 9042.38 9043.18 9038.66 9035.96 9033.9 9032.35 9030.64 9029.55 9028.01 9027.29 9032.65 9037.98 9040.29 9040.67 9043.37 9044.1 9043.71 9040.6 9024.71 9023.97 9026.32 9020.66 9014.38 9008.95 9005.75 9007.56
9164.28 9140.21 9113.69 9081.16 9065.15 9083.45 9094.3 9099.47 9103.07 9103.35 9103.78 9103 9102.17 9102.05 9096.66 9093.66 9093.52 9093.86 9097.13 9102.36 9107.63 9108.6 9104.64 9088.77 9073.66 9071.27 9073.47 9071.61 9065.69 9059.78 9053.96 9046.94 9040.44 9034.75 9029.61 9025.03 9021.37 9021.09 9023.58 9027.84 9032.53 9037.43 9039.96 9033.46 9032.71 9031.05 9028.47 9025 9021.7 9019 9019.07 9023.24 9030.73 9039.49 9042.33 9040.09 9038.96 9038.27 9037.02 9028.53 9026.6 9027.32 9023.2 9018.39 9014.93 9011.84 9010.74
9151.76 9130.82 9109.42 9088.66 9086.81 9083.22 9084.82 9088.16 9090.27 9089.81 9089.72 9088.71 9087 9083.81 9082.82 9085.98 9090.71 9091.69 9094.56 9100.78 9107.03 9109.8 9099.81 9087.81 9075.01 9071.09 9070.65 9068.14 9063.24 9058.04 9054.13 9046.41 9039.75 9034.19 9029.3 9024.78 9020.85 9019.62 9020.83 9022.91 9025.48 9028.72 9035.49 9028.53 9032.93 9030.57 9024.99 9019.78 9014.56 9010.15 9009.64 9012.89 9020.72 9032.09 9035.7 9032.05 9030.65 9030.33 9029.08 9028.77 9028.38 9027.09 9023.09 9020.92 9021.04 9024.66 9032.35
9138.1 9122.54 9108.8 9093.67 9086.68 9085.65 9082.83 9082.11 9082.38 9081.73 9080.27 9077.51 9073.6 9068.8 9067.2 9073.8 9082.42 9084.34 9088.59 9095.36 9103.83 9112.41 9102.36 9087.64 9076.76 9071.13 9069.27 9064.6 9059.66 9053.89 9047.39 9043.72 9038.71 9033.6 9029.18 9025.45 9022.32 9020.12 9018.97 9018.32 9017.41 9015.06 9010.45 9015.36 9023.83 9024.41 9020.37 9015.3 9009.03 9001.52 8995.06 9002.29 9007.02 9011.01 9016.16 9019.09 9020.25 9020.7 9020.49 9019.8 9018.85 9018.85 9019.59 9020.73 9023.55 9029.47 9036.73
9124.87 9115.29 9105.73 9096.03 9095.13 9088.46 9083.64 9080.21 9079.15 9076.75 9073.69 9069.8 9064.72 9057.71 9054.54 9060.43 9065.43 9071.04 9078.78 9087.03 9094.28 9097.08 9086.87 9081.26 9075.81 9069.5 9061.34 9060.07 9056.56 9051.77 9046.76 9041.96 9037.33 9033.02 9029 9026.04 9024.13 9020.69 9017.54 9015.1 9011.99 9006.59 9001.28 9007.75 9012.56 9016.4 9015.81 9012.73 9008.25 9003.69 9000.05 8999.53 8997.46 8991.4 8998.77 9007.19 9010.94 9012.04 9011.15 9009.29 9008.63 9012.42 9014.46 9017.53 9021.47 9025.88 9030.12
9114.71 9106.63 9100.95 9094.47 9091.61 9087.07 9083.03 9079.15 9076.59 9073.01 9069.09 9064.89 9060.66 9056.75 9054.89 9052.66 9049.72 9057.6 9069.16 9078.28 9084.48 9086.12 9074.39 9076.28 9071.54 9066.09 9062.24 9058.42 9054.58 9050.05 9045.25 9040.37 9035.73 9031.64 9027.94 9025.01 9022.58 9019.29 9016.14 9013.44 9010.69 9007.52 9005.06 9008.35 9012.2 9012.93 9013.45 9012.53 9010.79 9010.87 9009.79 9003.11 8998.13 8993.36 8996.41 9002.16 9005.52 9005.66 9003.56 8998.32 8999.14 9003.95 9009.56 9013.68 9017.11 9019.68 9020.66
