real_craters/C107-500m.grd
DSAA
138 138
-34.37 34.37
-34.37 34.37
8083.54627328 9400.2281071357
[rows 0 to 29 of 138, columns 0 to 66 of 138]
8485.32 8454.01 8440.78 8446.4 8532.66 8694.08 8922.01 8974.74 8986.54 8995.63 9002.84 9000.29 8994.73 8983.41 8962.38 8947.94 8938.44 8931.9 8933.29 8937.49 8944.36 8951.56 8957.92 8964.5 8972.18 8984.62 8975.21 8967.21 8961.26 8965.16 8982.65 8990 8995.64 8995.5 8995.18 8993.25 8988.69 8986.27 8985.98 8986.85 8988.37 8991.15 8997.92 9008.2 9020.24 9033.45 9046.84 9057.12 9053.35 9050.09 9048.96 9048.3 9047.83 9046.78 9044.72 9040.09 9034.25 9027.78 9024.58 9022.66 9021.55 9020.88 9020.54 9020.21 9018.25 9016.65 9014.1
8508.81 8454.62 8467.71 8520.91 8675.05 8878.73 9053.14 9024.77 9008.33 9004.84 8999.53 8995.07 8991.33 8988.09 8959.87 8950.65 8943.26 8931.47 8933.11 8936.95 8941.1 8945.57 8949.74 8952.55 8953.21 8948.34 8967.94 8958.73 8954.99 8961.67 8980.37 8986.39 8995.59 8995.58 8997.59 8994.9 8988.34 8985.2 8985.59 8985.68 8986.39 8988.24 8993.66 9004.2 9016.78 9030.14 9043.42 9053.32 9051.74 9049.95 9049.11 9048.53 9048.25 9047.21 9045.35 9042.58 9037.26 9030.38 9025.27 9024.1 9022.64 9021.35 9019.99 9019.29 9018.75 9017.45 9015
8575.94 8534.43 8592.12 8700.26 8865.42 9058.88 9038.07 9033.15 9019.77 9006.82 8997.18 8988.63 8982.87 8975.52 8957.02 8955.83 8949.15 8935.19 8935.98 8938.8 8940.39 8942.07 8943.58 8944.42 8942.76 8940.66 8944.5 8947.75 8947.38 8955.03 8975.14 8979 8989.71 8991.01 8994.97 8996.59 8991.39 8987.54 8987.14 8985.71 8984.63 8985.27 8989.88 8999.62 9011.51 9024.15 9035.99 9046.07 9046.58 9048.09 9048.93 9049.07 9048.79 9047.81 9047.08 9045.48 9042.36 9036.36 9031.87 9025.6 9022.36 9020.42 9019.01 9017.76 9016.68 9013.23 9011.12
8696.35 8676.42 8810.15 8941.27 9004.63 9056.1 9037.24 9028.26 9014.65 9002.75 8991.79 8982.38 8969.86 8960.34 8959.87 8962.95 8957.83 8940.82 8939.5 8940.09 8940.13 8940.81 8941.6 8942.19 8941.71 8942.29 8943.43 8941.98 8940.68 8943.15 8972.83 8965.75 8981.31 8984.22 8999.12 8998.22 8996.43 8995.51 8991.09 8986.1 8983.67 8982.81 8986.88 8993.91 9004.74 9016.61 9026.8 9032.31 9041.3 9048.14 9051.06 9052.19 9050.99 9049.77 9048.12 9046.64 9045.63 9038.95 9030.44 9025.14 9022.55 9020.62 9018.45 9016.3 9013.39 9011.46 9009.33
8859.1 8913.48 9029.85 9082.3 9063.77 9051.48 9033.21 9019.6 9005.23 8994.01 8979.7 8971.91 8965.14 8957.83 8956.24 8964.16 8968.35 8947.21 8941.03 8940.16 8941.03 8941.15 8941.45 8941.25 8941.87 8941.19 8940.31 8940.67 8940.01 8941.13 8945.46 8941.05 8961.53 8976.67 8989.04 8992.82 8996.76 9001.94 8993.13 8985.38 8981.09 8979.1 8979.57 8988.17 8998.99 9011.08 9023.73 9033.12 9046.06 9051.07 9053.38 9054.32 9053.87 9051.68 9049.24 9044.27 9035.79 9033.18 9022.3 9023.37 9022 9019.71 9017.03 9014.71 9012.3 9009.29 9007.95
8974.89 9036.87 9055.22 9058.06 9047.47 9028.23 9016.28 9005.52 8993.38 8982.52 8972.82 8964.02 8957.78 8952.7 8950.2 8953.6 8947.71 8943.86 8942.6 8942.59 8942.39 8942.5 8942.72 8942.23 8940.56 8941.17 8942.72 8942.92 8943.4 8946.13 8943.13 8941.95 8949.92 8957.95 8969.75 8981.47 8987.99 8989.49 8987.38 8982.57 8978.05 8975.41 8976.35 8982.96 8993.14 9005.96 9022.27 9045.13 9053.75 9054.79 9056.04 9055.95 9054.88 9052.88 9050.4 9048.27 9047.42 9037.93 9030.11 9026.58 9023.32 9019.71 9016.04 9012.67 9010.45 9009.45 9004.3
8982.62 9004.4 9020.59 9030.5 9003.92 8993.65 8995.31 8990.13 8980.03 8971.1 8962.45 8953.77 8945.31 8943.59 8944 8943.32 8936.78 8940 8942.09 8944.79 8945.35 8945.07 8945.32 8945.53 8945.48 8947.39 8947.12 8946.54 8946.57 8946.59 8947.23 8947.05 8948.41 8954.85 8964.35 8973.09 8978.37 8980.22 8980.88 8977.24 8974.75 8972.71 8972.06 8978.36 8987.49 8998.62 9012.85 9030.85 9046.44 9055.58 9057.77 9057.6 9055.72 9053.45 9051.21 9048.08 9042.29 9038.99 9036.9 9031.22 9025.61 9020.25 9014.89 9009.74 9004.37 8998.5 8998.31
8966.97 8975.91 8988.76 8993.12 8970.44 8963.94 8967.59 8967.11 8963.44 8958.19 8952.24 8945.6 8939.18 8938.57 8938.66 8936.7 8935.47 8942.37 8948.3 8949.24 8949.3 8949.03 8949.07 8949.75 8951.25 8950.63 8950.44 8950.38 8950.52 8950.11 8950.72 8948.25 8952.94 8958.91 8963.93 8969.27 8973.38 8976.23 8977.36 8974.85 8972.85 8971.5 8973.49 8976.72 8982.72 8990.21 8999.8 9017.54 9046.64 9057 9058.79 9057.83 9055.52 9052.97 9051.22 9048.63 9043.17 9038.97 9038.84 9034.07 9026.74 9020.28 9014.26 9007.95 9001.06 8993.15 8993.87
8953.5 8960.76 8966.66 8964.28 8953.65 8943.73 8946.06 8946.17 8948.32 8947.52 8944.55 8940.54 8936.45 8936.07 8936.03 8935.77 8938.52 8946.7 8955.04 8953.52 8952.51 8951.79 8951.28 8951.38 8952.48 8951.83 8951.88 8952.22 8953.02 8954.32 8954.56 8951.98 8956.19 8959.47 8963.23 8967.58 8971.3 8975.2 8976.76 8973.97 8972.47 8971.83 8973.44 8975.94 8979.46 8984.16 8991.32 9012.25 9048.33 9056.55 9057.35 9056.37 9053.66 9050.23 9048.23 9046.16 9041.68 9037.02 9038.71 9033.05 9026.06 9020.05 9014.39 9008.05 9000.25 8993.9 8994.2
8946.38 8945.73 8959 8956.95 8952.08 8940.14 8938.49 8937.69 8939.48 8941.2 8940.52 8937.86 8935.75 8935.41 8935.65 8936.75 8941.19 8947.51 8952.48 8954.24 8953.71 8952.88 8952.1 8951.33 8950.4 8952.33 8953.15 8953.64 8954.3 8955.64 8955.08 8953.97 8956.07 8960.58 8963.48 8966.93 8970.53 8974.25 8976.42 8974.17 8972.94 8972.65 8974.5 8976.21 8978.2 8981.49 8987.96 9008.62 9038.92 9050.86 9053.13 9053.17 9050.44 9047.58 9043.7 9039.69 9035.13 9031.81 9029.06 9026.26 9022.98 9019.1 9014.86 9010.64 9006.53 9000.92 9000.23
8949.17 8939.46 8943.71 8945.79 8947 8949.11 8940.47 8932.91 8937.58 8940.17 8939.51 8936.91 8933.94 8934.07 8935.97 8938.91 8942.1 8948.87 8953.11 8954.24 8954.01 8953.28 8952.63 8952.13 8951.85 8954.07 8954.15 8954.05 8954.06 8954.27 8956.52 8954.49 8957.39 8961.11 8963.35 8966.1 8969.67 8973.29 8975.58 8973.81 8972.9 8973.1 8975.13 8976.95 8978.49 8981.82 8988.94 9006.73 9030.25 9042.79 9047.94 9048.77 9047.4 9044.07 9039.71 9034.78 9030.76 9026.94 9023.68 9022 9020.87 9018.71 9015.97 9013.5 9011.63 9010.56 9008.64
8950.77 8951.5 8955.46 8947.4 8949.86 8952.94 8948.25 8943.02 8944.99 8944.14 8941.63 8938.03 8933.94 8932.8 8936.35 8939.18 8942.06 8950.51 8954.07 8953.61 8953.51 8953.21 8952.76 8952.74 8954.71 8955.04 8954.3 8953.44 8952.63 8951.91 8952.79 8953.8 8958.15 8959.21 8961.2 8964.38 8968.05 8972.01 8975.04 8972.68 8972.2 8972.81 8974.92 8978.28 8979.17 8983.43 8991.9 9006.11 9022.11 9034.58 9041.8 9044.01 9043.06 9039.73 9035.23 9029.87 9026.41 9023.69 9021.47 9020.22 9019.86 9018.49 9016.7 9015.17 9014.22 9013.03 9011.22
8949.03 8946.21 8943.58 8947.1 8948.97 8954.96 8957.23 8961.42 8956.77 8950.33 8944.95 8940.38 8936.11 8934.12 8936.87 8938.27 8940.74 8942.95 8948.73 8951.55 8952.62 8953.02 8953.07 8952.54 8953.04 8955.17 8953.85 8952.51 8951.86 8952.52 8953.72 8956.51 8958.16 8954.2 8959.56 8963.59 8966.9 8969.77 8972.35 8971.48 8972.12 8972.88 8973.49 8974.31 8978.99 8984.9 8993.15 9006.71 9020.52 9031.91 9039.37 9041.72 9040.12 9036.43 9031.42 9026.96 9023.95 9023.4 9020.13 9020.29 9020 9018.77 9017.14 9015.39 9015.67 9014 9013.38
8956.32 8945.22 8935.17 8941.81 8951.35 8958.04 8961.95 8964.88 8961.34 8953.26 8947.64 8942.37 8936 8936.76 8938.14 8937.44 8939.97 8943.87 8946.99 8949.9 8951.72 8952.86 8953.77 8955.3 8955.17 8954.53 8953.39 8951.65 8950.28 8950.49 8954.73 8957.05 8959.48 8960.97 8961.89 8964.9 8967.33 8968.66 8970.86 8971.33 8974.26 8975.16 8974.71 8977.12 8979.93 8986.8 8996.42 9009.55 9023.71 9034.77 9040.22 9041.1 9038.43 9033.92 9027.89 9021.06 9014.54 9004.15 9015.01 9021 9020.09 9019.43 9017.98 9014.2 9009.88 9012.2 9012.51
8960.29 8949.72 8939.02 8941.5 8959.66 8962.71 8962.05 8960.9 8956.09 8950.87 8948.81 8948.69 8944.83 8943.5 8943.09 8941.54 8940.97 8945.27 8947.57 8949.84 8951.76 8953.16 8954.33 8954.94 8955.79 8954.89 8953.39 8951.28 8948.76 8946.58 8951.53 8955.6 8959.44 8962.02 8964.32 8967.57 8970.79 8971.92 8970.39 8976.44 8981.05 8981.08 8979.33 8978.4 8982.13 8988.58 8998.62 9012.91 9028.65 9040.2 9044.45 9043.19 9038.86 9033 9026.37 9018.85 9011.95 9007.99 9012.87 9017.72 9018.61 9020.08 9021.48 9020.28 9013.42 9015 9013.2
8954.81 8942.87 8940.62 8951.59 8966.2 8964.72 8958.74 8949.89 8942.96 8945.13 8947.04 8949.98 8950.63 8949.92 8949.94 8943.79 8943.36 8944.52 8948.44 8951.07 8952.85 8954.13 8955.02 8956.31 8955.69 8955.61 8954.35 8952.38 8949.74 8947.02 8949.41 8954.92 8958.14 8963.13 8966.21 8971.06 8977.02 8983.51 8988.71 8995.01 8993.15 8989.35 8986.19 8984.64 8985.79 8989.56 8998.75 9015 9033.26 9047.95 9049.74 9046.6 9041.03 9033.78 9027.09 9022.24 9016.86 9013.29 9012.96 9011.99 9016.57 9020.96 9025.67 9033.21 9035.23 9021.71 9014.74
8947.84 8949.19 8949.54 8958.75 8967.73 8963.85 8956.26 8946.82 8940.62 8942.6 8944.87 8946.76 8950.53 8952.86 8953.67 8949.98 8950.4 8951.94 8952.02 8953.17 8954.34 8955.37 8956.13 8957.79 8957.36 8957 8955.91 8954.75 8953.8 8953.11 8953.16 8956.76 8962.23 8962.83 8966.3 8973.45 8982.89 8995.68 9016.21 9018.25 9003.7 8996.35 8992.73 8992.33 8990.11 8989.7 8997.89 9014.68 9034.6 9051.15 9053.67 9050.39 9044.36 9035.49 9023.92 9016.82 9017.76 9017.99 9014.87 9012.5 9017.51 9021.76 9025.61 9029.37 9029.56 9020.87 9010.71
8952.63 8950.18 8954.44 8961.19 8966.12 8961.68 8955.35 8948.75 8941.69 8944.71 8945.3 8946.37 8951.33 8954.29 8955.53 8953.22 8954.27 8955.02 8955.42 8955.58 8956.23 8956.96 8957.52 8957.73 8958.97 8958.29 8957.72 8957.42 8958.3 8960.1 8958.36 8956.68 8959.13 8960.91 8965.83 8973.98 8984.02 8996.28 9009.82 9011.41 9002.8 8997.86 8995.87 8996.52 8992.16 8983.2 8991.75 9012.11 9032.89 9050.52 9054.68 9054.17 9050.06 9042.35 9030.84 9022.91 9022.77 9019.22 9018.22 9021.23 9021.39 9022.56 9023.34 9021.55 9019.95 9017.98 9015.65
8943.25 8948.13 8958.63 8965.15 8960 8957.17 8954.67 8952.9 8953.84 8950.9 8948.57 8947.34 8954.82 8955.9 8954.51 8955.32 8957.58 8958.09 8956.91 8957.07 8957.76 8958.65 8959.41 8959.65 8959.48 8959.54 8959.64 8959.59 8959.43 8960.72 8958.41 8959.21 8959.4 8960.99 8965.47 8973.18 8981.69 8989.39 8993.31 8993.29 8994.5 8994.42 8994.17 8994.78 8990.66 8983.61 8991.6 9011.17 9030.72 9046.12 9054.61 9057.35 9056.93 9054.04 9047.65 9041.4 9038.23 9034.59 9031.98 9027.91 9024.41 9023.13 9022.97 9022.22 9019.11 9016.07 9013.82
8937.76 8937.85 8953.08 8952.3 8950.2 8952.01 8952.95 8954.08 8955.27 8954.43 8953.79 8954.58 8956.52 8957.51 8958.84 8955.32 8954.06 8955.81 8957.08 8957.94 8959 8960.13 8961.21 8960.81 8959.57 8959.86 8960.37 8960.87 8960.46 8957.98 8957.69 8954.22 8962.36 8962.01 8965.62 8972.87 8979.71 8984.22 8984.97 8984.49 8987.76 8989.68 8990.17 8988.59 8985.27 8986.03 8996.09 9013.35 9030.95 9045.9 9055.58 9061.51 9064.69 9067.62 9069.69 9063.58 9054.38 9050.75 9045.38 9029.87 9025.84 9023.18 9021.94 9022.7 9017.97 9013.14 9009
8937.27 8940.21 8942.16 8942.8 8945.13 8948.62 8951.13 8952.94 8953.8 8955.5 8957.49 8958.49 8957.26 8956.61 8953.2 8953.91 8954.69 8955.2 8956.78 8958.49 8959.97 8961.33 8962.44 8961.77 8960.49 8960.52 8961.15 8962.36 8964.13 8963.96 8960.81 8963.69 8963.07 8962.75 8966.85 8975.11 8981.04 8983.5 8983.62 8983.72 8984.27 8985.67 8986.93 8988.14 8991.96 8999.58 9005.12 9017.62 9032.81 9046.8 9057.22 9064.3 9069.99 9076.32 9083.63 9074.79 9060.56 9049.37 9039.31 9033.57 9026.32 9021.29 9017.8 9014.48 9012.11 9008.92 9007.14
8938.49 8937.72 8942.81 8942.41 8944.36 8946.94 8949.38 8951.49 8953.87 8955.92 8957.65 8958.11 8955.77 8954.84 8956.94 8955.37 8954.68 8955.44 8956.77 8958.39 8960.12 8961.6 8962.69 8962.65 8960.81 8960.31 8960.73 8962.3 8964.97 8965 8961.83 8960.65 8963.16 8965.89 8974.22 8981.36 8984.55 8984.52 8983.22 8981.45 8980.78 8981.96 8983.92 8987.03 8992.61 9001.97 9007.98 9020.1 9035.02 9050.31 9061.01 9065.5 9069.86 9074.72 9078.61 9070.51 9056.73 9043.27 9030.99 9026.32 9021.93 9018.39 9013.35 9007.86 9006.92 9004.56 9000.7
8939.97 8938.65 8937.6 8942.21 8944.68 8946.09 8947.79 8949.56 8951.39 8953.15 8954.98 8954.23 8952.91 8950.71 8954.73 8955.86 8954.5 8955.34 8956.66 8958.24 8959.93 8961.47 8961.02 8957.9 8959.14 8959.42 8959.49 8959.84 8963.68 8964.84 8965.38 8968.23 8966.21 8970.05 8983.69 8993.02 8992.97 8989.33 8984.46 8980.05 8978.64 8979.55 8981.33 8983.79 8986.31 8993.06 9005.67 9021.98 9037.26 9050.27 9058.47 9063.96 9065.64 9064.77 9063.55 9057.38 9047.67 9037 9028.37 9023.46 9020.68 9017.41 9012.98 9007.96 9005.68 9002.46 8998.17
8941.22 8940.1 8940.79 8946.46 8946.46 8946.56 8947.1 8948.31 8950.4 8953.25 8955.44 8952.23 8952.52 8951.46 8957.31 8957.17 8954.34 8956.21 8957.46 8958.7 8960.07 8961.9 8965.11 8961.3 8959.06 8958.58 8958.21 8956.26 8949.34 8958.04 8966 8968.32 8967.47 8976.75 9006.09 9007.81 9001.57 8994.11 8986.1 8977.72 8976.54 8978 8979.71 8981.42 8982.22 8988.71 9006.87 9025.27 9041.55 9053.59 9057.91 9065.01 9062.19 9054.48 9044.05 9043.39 9038.18 9030.43 9023.91 9023.38 9021.84 9018.17 9015.11 9012.04 9007.11 9003.56 9000.01
8941.92 8942.4 8942.45 8945.17 8946.46 8947.48 8947.83 8948 8948.73 8949.68 8956.11 8955.19 8956.31 8959.39 8959.66 8958.72 8959.31 8957.86 8958.13 8958.66 8959.11 8959.44 8959.03 8960.33 8959.44 8958.64 8958.43 8958.78 8962.9 8962.4 8967.67 8970.28 8969.26 8975.59 9008.33 9012.28 9005.85 8997.35 8987.69 8977.75 8975.57 8977.47 8979.73 8981.96 8984.17 8992.84 9011.83 9030.4 9048.44 9064.54 9078.04 9072.93 9061.87 9049.44 9041.47 9036.01 9032 9026.28 9017.67 9020.66 9021.52 9018.69 9016.29 9012.79 9008.7 9005.88 9003.93
8939.74 8945.01 8945.49 8944.33 8947.15 8947.94 8948.21 8948 8947.59 8949.48 8955.5 8956.97 8958.33 8961.06 8954.23 8956.01 8956.91 8958.49 8958.83 8958.88 8958.42 8956.86 8956.78 8960.15 8958.68 8958.48 8959.27 8961.71 8965 8966.47 8968.65 8969.96 8967.03 8967.95 8994.64 9008.53 9006.58 8998.99 8989.84 8979.98 8976.4 8979.59 8981.86 8984.51 8988.61 9002.65 9019.69 9037.58 9054.9 9071.32 9084.03 9076.82 9062.77 9044.22 9032.22 9032.9 9030.93 9027.55 9024.08 9021.69 9020.67 9018.98 9015.76 9012.18 9008.78 9007.03 9006.97
8942.7 8947.84 8952.02 8949.26 8949.69 8949.87 8949.38 8948.62 8947.45 8944.89 8950.99 8953.2 8955.5 8956.35 8956.25 8957.83 8959.08 8959.68 8959.62 8959.3 8958.83 8957.55 8954.1 8956.12 8957.11 8957.44 8958.35 8961.04 8965.98 8966.6 8969.17 8972.05 8971.52 8973.5 8996.09 9008.18 9005.56 8999.34 8991.57 8982.83 8979.9 8983.74 8987.24 8989.88 8992.6 9014.73 9027.62 9041.85 9057.68 9072.08 9078.83 9077.62 9066.81 9051.92 9040.69 9037.27 9035.3 9033.05 9030.22 9027.99 9027.46 9022.77 9013.1 9008.82 9008.13 9007.94 9008.67
8943.51 8946.69 8952.45 8954.01 8952.97 8952.23 8951.51 8950.43 8949.27 8948.07 8947.99 8951.6 8952.84 8951.7 8956.95 8960.65 8961.71 8961.09 8960.33 8959.78 8959.79 8960.91 8959.07 8954.91 8956.24 8956.6 8956.3 8955.12 8955.83 8964.5 8969.69 8971.65 8969.14 8972.17 8988.45 9001.38 9002.64 8997.99 8991.95 8984.56 8983.92 8988.22 8993.5 8998.9 9005.27 9022.95 9030.15 9042.98 9058.23 9073.13 9084.22 9083.06 9072.75 9063.32 9052.13 9043.93 9040.93 9041.03 9040.19 9043.38 9049.47 9034.96 9012.2 9009.8 9009.76 9009.2 9009.36
8944.59 8949.66 8957.56 8957.07 8955.83 8954.51 8953.37 8952.58 8952.25 8954 8957.53 8955.27 8954.59 8954.41 8957.68 8963.44 8963.5 8962.04 8960.8 8959.73 8959.04 8959.79 8960.62 8958.39 8957.05 8956.57 8956.15 8955.14 8956.25 8962.35 8968.02 8970.34 8969.41 8970.13 8985.4 9000.52 8999.18 8995.01 8990.41 8983.84 8984.2 8991.19 9000.11 9009.18 9013.89 9014.86 9025.14 9039.42 9055.65 9072.52 9085.3 9086.35 9073.69 9060.76 9051.52 9046 9045.36 9049.71 9060.39 9077.7 9074.17 9050.98 9035.98 9019.37 9012.76 9009.65 9007.82
8944.54 8949.69 8954.85 8958.33 8957.8 8956.91 8955.3 8954.39 8953.96 8954.2 8954.44 8955.19 8955.6 8955.44 8957.56 8962.96 8962.84 8961.68 8960.39 8958.92 8957.17 8954.99 8957.88 8958.47 8957.22 8956.66 8957.29 8959.2 8960.26 8960.59 8961.47 8964.13 8969.91 8970.27 8981.05 8993.82 8992.42 8989.92 8987.4 8981.78 8982.44 8992.22 9004.67 9017.9 9024.53 9011.43 9018.38 9033 9049.5 9066.43 9083.68 9086.25 9065.46 9050.67 9043.44 9042.11 9044.1 9050.03 9062.5 9079.02 9069.98 9046.99 9032.82 9021.47 9014.22 9010.02 9006.19
