real_craters/C107-300m.grd
DSAA
230 230
-34.37 34.37
-34.37 34.37
8084.6962893987 9415.7478977628
[rows 90 to 119 of 230, columns 67 to 133 of 230]
9035.36 9041.13 9044.93 9046.2 9048.48 9052.99 9041.16 9027.79 9018.29 9010.86 9005.65 9003.2 9004.18 9007.34 9016.44 9029.76 9044.24 9058.18 9068.12 9072.82 9075.42 9073.11 9065.22 9061.96 9096.37 9124.58 9142.45 9156.79 9169.23 9178.73 9182.48 9171.97 9151.52 9120.26 9078.36 9038 8996.78 8944.04 8894.85 8857.85 8832.02 8807.25 8788.44 8773.83 8760.06 8745.54 8732.23 8735.39 8766.89 8815.85 8811.25 8781.43 8752.72 8744.78 8754.66 8778.34 8803.16 8828.07 8859 8891.34 8930.07 8969.63 9004.5 9036.36 9070.35 9107.35 9147.83
9027.3 9032.64 9038.23 9042.74 9047.31 9050.84 9041.32 9029.8 9020.5 9013.69 9008.52 9005.25 9004.28 9005.37 9012.87 9024.39 9037.27 9055.2 9073 9088.24 9101.16 9111.16 9117.72 9124.12 9143.57 9155.73 9159.14 9160.71 9161.74 9162.71 9162.41 9151.8 9109.41 9056.13 8999.98 8944.17 8884.08 8823.24 8774.81 8738.96 8711.57 8689.37 8667.3 8657.89 8653.44 8653.13 8660.22 8675.46 8705.61 8734.05 8714.31 8694.68 8690.88 8682.27 8692.52 8716.57 8741.92 8769.79 8793.75 8825.19 8859.31 8891.04 8920.64 8952.05 8990.65 9050.8 9120.61
9022.02 9026.15 9032.36 9036.6 9038.68 9038.01 9035.03 9026.74 9020.03 9014.57 9010.07 9007.18 9005.42 9006.37 9011.75 9021.09 9034.2 9057 9081.38 9106.02 9129.87 9153.45 9180.48 9207.89 9199.59 9186.53 9171.51 9156.27 9143.48 9132.13 9122.89 9115.11 9047.84 8980.57 8911.68 8841.95 8767.73 8697.16 8652.45 8619.61 8591.72 8568.58 8549.33 8545.29 8546.98 8554.89 8575.88 8617.36 8616.84 8628.16 8619.37 8605.26 8609.31 8616.68 8629.17 8650.86 8673.82 8700 8727.49 8756.52 8786.46 8816.19 8843.02 8868.45 8899.51 8992.63 9091.06
9022.69 9025.68 9029.3 9031.1 9031.03 9030.86 9026.61 9021.4 9018.39 9015.52 9012.69 9010.04 9008.29 9008.02 9011.68 9020.6 9033.32 9061.63 9091.72 9122.45 9153.57 9185.87 9221.85 9257.99 9234.76 9202.26 9171.65 9141.72 9113.96 9085.83 9056.84 9010.02 8959.64 8891.16 8816.58 8739.02 8659.74 8595.33 8537.42 8508.56 8483.21 8457.61 8438.38 8442.89 8445.06 8447.64 8456.03 8474.03 8491.99 8523.46 8559.76 8523.04 8521.2 8551.45 8563.19 8583.9 8604.12 8630.6 8658.16 8687.38 8715.46 8744.14 8774.75 8809.37 8862.84 8954.6 9062.2
9026.99 9028.74 9029.29 9027.68 9023.28 9014.93 9010.98 9014.43 9016.46 9016.29 9016.37 9015.07 9014.05 9014.07 9017.99 9025.64 9039.99 9070.58 9103.1 9136.57 9169.48 9202.06 9230.52 9243.37 9227.62 9195.64 9156.4 9113.14 9069.69 9027.25 8987.74 8938.71 8868.22 8795.54 8719.1 8638.13 8553.79 8474.18 8431.45 8412.73 8402.03 8383.81 8367.39 8358.39 8353.28 8344.91 8331.83 8330.44 8355.37 8378.97 8407.51 8428.19 8450.27 8481.8 8496.15 8515.81 8538.33 8562.54 8589.98 8619.25 8647.72 8677.62 8713.64 8759.09 8821.27 8914.3 9027.98
9034.92 9034.53 9031.85 9027.48 9020.65 9011.44 9008.24 9012.88 9016.66 9018.7 9021.58 9022.03 9022.38 9024.66 9029.82 9035.16 9050.42 9083.79 9115.4 9148.42 9179.32 9207.41 9226.05 9222.81 9208.22 9177.83 9130.35 9074.26 9014.74 8954.03 8897.54 8840.19 8769.23 8698.03 8624.78 8546.81 8465.7 8390.69 8352.53 8334.6 8326.25 8307.09 8296.93 8288.68 8277.88 8262.47 8241.86 8236.39 8253.61 8274.45 8317 8349.3 8384.78 8411.5 8426.02 8448.43 8471.54 8496.94 8525.1 8552.73 8581.62 8613.32 8651.89 8700.63 8767.26 8864.41 8984.57
9042.7 9041.15 9036.39 9030.41 9023.59 9017.1 9014.27 9016.76 9020.36 9026.39 9029.83 9032.34 9033.53 9032.85 9034.51 9048.53 9070.25 9100.46 9129.16 9158.37 9184.71 9207.86 9223.15 9225.59 9207.02 9158.29 9097.19 9027.12 8952.27 8871.71 8782.69 8718.92 8667.85 8606.28 8537.96 8465.96 8395.56 8334.47 8298.07 8275.3 8265.5 8251.19 8240.74 8232.65 8220.71 8204.5 8185.58 8180.97 8192.53 8216.49 8238.77 8268.98 8299.78 8329.41 8353.45 8381.04 8408.72 8436.32 8463.58 8491.39 8520.46 8553.59 8591.65 8636.72 8695.39 8791.31 8928.38
9048.68 9047.07 9041.7 9035.08 9028.05 9022.49 9020.61 9021.2 9025.42 9034.13 9040.6 9046.37 9050.11 9051.48 9053.13 9070.96 9093.18 9119.88 9142.29 9164.46 9184.94 9202.91 9214.89 9216.39 9189.33 9132.34 9058.5 8976.53 8890.84 8802.03 8699.59 8634.67 8584.13 8524.82 8461.28 8395.23 8332.77 8283.49 8249.82 8230.3 8216.51 8206.44 8198.76 8191.61 8181.45 8168.21 8153.25 8150.34 8157.3 8177.74 8193.89 8199.69 8216.16 8252.76 8286.28 8320.52 8351 8380.2 8407.29 8436.05 8464.85 8497.67 8532.77 8574.39 8625.5 8720.94 8866.2
9054.43 9053.05 9047.61 9040.45 9032.6 9025.85 9018.74 9023.05 9030.18 9042.76 9053.01 9063.57 9073.4 9082.37 9092.91 9109.05 9126.5 9142.1 9154.31 9166.58 9177.54 9188.31 9195.84 9194.83 9167.38 9097.35 9010.07 8919.67 8829.46 8745.24 8672.59 8588.87 8518.96 8456.1 8394.71 8334.04 8273.94 8219.88 8188.89 8182.66 8176.69 8169.7 8167.9 8163.78 8157.07 8148.24 8140.88 8137.31 8140.43 8147.41 8156.88 8160.03 8169.7 8194.55 8229.71 8267.26 8300.16 8331.26 8358.3 8385.77 8414.1 8445.98 8480.27 8522.23 8579.24 8672.54 8805.27
9062.45 9060.95 9055.36 9047.27 9038.18 9028.88 9019.94 9025.34 9035.6 9053.05 9068.12 9084.31 9100.89 9117.43 9133.16 9160.15 9166.51 9162.59 9160.89 9159.84 9160.41 9160.95 9160.31 9158.94 9141.5 9046.79 8947.31 8851.31 8760.53 8678.38 8601.82 8528.32 8459.47 8397.63 8338.31 8281.49 8225.68 8173.87 8142.97 8146.35 8150.51 8151.81 8148.86 8145.71 8141.35 8135.94 8133.23 8130.07 8130.98 8134.66 8137.8 8142.26 8146.8 8157.4 8190.98 8226.19 8258.35 8288.42 8315.91 8342.47 8369.31 8396.64 8429.62 8471.62 8529.53 8616.63 8734.47
9073.19 9070.84 9063.98 9054.29 9043.53 9033.63 9025.91 9028.34 9039.96 9062.02 9082.02 9103.95 9127.82 9153.37 9177.43 9202.75 9188.74 9171.72 9157.94 9145.38 9133.45 9118.94 9103.52 9082.63 9041.9 8958.45 8864.5 8771.87 8682.86 8601.48 8526.62 8459.74 8398.32 8342.79 8289.72 8239.88 8191.74 8148.57 8120.03 8127.59 8135.49 8138.96 8136.86 8134.03 8130.73 8126.78 8123.72 8123.78 8122.89 8119.37 8125.62 8129.1 8133.53 8145.23 8168.92 8198.14 8226.9 8253.09 8278.23 8302.77 8326.06 8352.85 8383.3 8420.4 8468.65 8540.31 8642.98
9087.14 9082.83 9074 9062.45 9049.23 9035.53 9019.03 9021.89 9046.19 9068.55 9092.42 9118.26 9147.16 9180.26 9216.09 9200.66 9188.91 9167.8 9144.98 9122.1 9096.96 9068.9 9032.95 8985.63 8914.21 8848.09 8771.05 8685.71 8599.47 8519.83 8451.76 8390.97 8339.33 8292.54 8248.67 8207.56 8169.86 8140.39 8121.57 8122.16 8128.28 8129.95 8128.01 8125.56 8122.92 8120.64 8120.39 8119.39 8119.46 8115.48 8120.69 8120 8127.22 8138.55 8157.2 8180.56 8203.59 8226.05 8248.05 8269.73 8290.5 8313.62 8339.27 8369.39 8405.03 8454.91 8541.33
9102.34 9095.71 9084.6 9071.19 9056.11 9039.43 9016.43 9020.24 9044.8 9075.28 9100.95 9127.82 9156.53 9188.18 9225.71 9219.56 9183.53 9153.33 9123.47 9091.43 9056.8 9015.52 8964.75 8902.75 8827.84 8756.94 8683.02 8601.4 8516.73 8434.19 8368.79 8323.53 8284.14 8247.68 8213.26 8181.5 8154.32 8136.41 8129.56 8124.13 8123.9 8123.35 8121.91 8119.8 8117.31 8114.69 8113.9 8115.38 8116.5 8120.53 8121.43 8125.05 8128.75 8138.69 8152.41 8167.83 8187.94 8206.2 8225.01 8244.39 8259.46 8278.54 8299.59 8323.63 8351.66 8390.92 8456.68
9118.71 9107.95 9095.11 9080.79 9065.72 9050.02 9029.58 9032.25 9053.59 9084.14 9109.09 9133.82 9157.53 9178.49 9198.45 9189.02 9164.79 9132.6 9098.97 9059.37 9015.8 8964.64 8905.31 8835.42 8755.41 8680.32 8607.17 8527.58 8443.8 8358.4 8298.26 8266.87 8238.45 8211.17 8184.42 8160.58 8140.62 8128.34 8117.26 8118.35 8120.01 8118.67 8117.3 8115.62 8113.53 8111.45 8111.77 8113.52 8114.88 8114.06 8120.78 8126.01 8131.52 8138.5 8149.3 8161.05 8175.08 8190 8207.41 8219.47 8234.85 8250.2 8267.24 8286.11 8308.17 8343.07 8389.8
9126.55 9116.68 9103.82 9089.51 9075.42 9062.42 9045.48 9047.73 9069.05 9090.33 9112.43 9137.86 9155.72 9165.52 9166.14 9146.7 9138.23 9108.96 9071.96 9026.62 8975.78 8918.21 8854.21 8780.23 8699.24 8622.42 8547.82 8471.06 8389.75 8307.15 8253.99 8227.81 8204.29 8182.49 8161.96 8144.81 8130.1 8120.58 8114.38 8112.53 8112.67 8113.37 8113.47 8112.55 8111.5 8110.77 8112.19 8113.7 8114.63 8118.11 8125.27 8132.18 8134.49 8138.78 8146.83 8156.15 8167.4 8179.66 8192.77 8201.94 8214.57 8228.2 8241.17 8252.93 8269.81 8292.39 8324.49
9131.28 9123.13 9110.99 9097.33 9084.16 9072.92 9060.5 9061.81 9076.51 9096.58 9117.43 9137.27 9152.48 9158.8 9155.89 9141.35 9126.83 9090.51 9047.67 8998.36 8941.16 8879.91 8812.68 8737.49 8655.34 8575.75 8505.04 8431.94 8358.18 8288.27 8237.4 8206.26 8182.11 8162.74 8146.91 8133.34 8122.38 8115.38 8112.6 8109.37 8108.82 8110.17 8111.24 8111.17 8110.76 8109.91 8112.49 8115.29 8117.21 8124.74 8129.97 8134.18 8135.69 8138.04 8144.95 8152.48 8161.65 8172.26 8179.29 8189.72 8200.02 8210.44 8220.55 8228.39 8239.56 8250.39 8270.69
9139.24 9129.24 9116.76 9103.21 9089.7 9078.03 9064.13 9062.73 9075.36 9095.55 9116.9 9137.18 9155.27 9164.08 9168.15 9158.09 9125.99 9077.43 9027.25 8971.15 8910.95 8846.92 8778.37 8705.56 8628.49 8553.7 8479.12 8407.12 8340.75 8279.55 8229.71 8193.22 8167.96 8149.6 8135.7 8124.48 8116.89 8112.06 8109.67 8107.18 8108.81 8109.72 8110.57 8111.4 8111.75 8113.22 8114.92 8117.5 8119.38 8127.74 8131.84 8133.94 8134.65 8136.31 8142.05 8148.77 8157.23 8163.36 8172.3 8181.47 8190.39 8198.9 8207.01 8211.5 8221.23 8230.67 8247.14
9145.73 9134.22 9121.1 9107.22 9093.06 9079.1 9057.73 9049.38 9061.66 9092.47 9116.85 9139.19 9158.7 9170.95 9176.75 9162.14 9119.03 9067.23 9004.3 8942.63 8879.72 8815.88 8749.28 8680.56 8610.11 8539.9 8459.7 8385.19 8323.39 8283.45 8219.8 8179.89 8155.92 8139.25 8127.65 8119.2 8113.22 8109.94 8109.86 8108.89 8110.75 8111.2 8111.44 8111.73 8112.8 8116.19 8116.53 8118.73 8120.9 8129.79 8133.62 8133.44 8132.3 8133.07 8137.67 8144.12 8150.32 8158.62 8167.54 8175.33 8183.36 8190.98 8198.28 8201.4 8211.78 8222.86 8240.89
9147.39 9136.2 9123.24 9109.11 9094.6 9079.55 9055.07 9043.21 9056.03 9089.69 9116.12 9139.95 9160.53 9173.39 9176.16 9147.32 9106.74 9047.49 8977.58 8911.61 8847.98 8786.01 8723 8658.91 8589.68 8512.68 8438.86 8362.06 8289.99 8229.49 8191.26 8161.95 8142.15 8128.73 8119.79 8115.22 8111.26 8109.62 8111.12 8110.68 8112.93 8113.94 8114.33 8113.97 8112.78 8113.96 8117.06 8118.43 8123.32 8133.62 8135.81 8130.98 8128.61 8129.08 8130.81 8138.53 8147.15 8156.02 8164.88 8172.7 8180.32 8187.34 8189.41 8197.37 8207.94 8221.47 8240.09
9144.16 9134.63 9122.48 9108.43 9094.49 9080.43 9058.03 9049.35 9058.29 9087.86 9112.72 9136.1 9157.18 9170.48 9163.31 9156.95 9102.9 9020.06 8942.06 8874.93 8814.66 8756.3 8698.71 8641.23 8577.37 8508.17 8430.13 8343.09 8257.41 8192.02 8162.81 8143.72 8129.88 8120.99 8114.8 8111.31 8109.67 8110.02 8113.79 8114.65 8116.64 8117.53 8118.15 8117.84 8116.07 8115.97 8122.53 8126.35 8141.58 8137.24 8118.49 8120.07 8124.29 8127.51 8129.91 8137.59 8146.74 8155.26 8163.63 8171.29 8178.34 8184.59 8187.5 8195.42 8205.66 8217.93 8233.94
9139.24 9130.53 9119.32 9106.65 9093.84 9081.34 9067.64 9059.38 9065.74 9086.36 9107.49 9128.21 9146.28 9161.72 9163.41 9120.22 9052.6 8964.28 8890.68 8829.17 8776.65 8725.1 8675.44 8625.63 8571.49 8512.95 8431.95 8334.95 8238.11 8171.03 8147.12 8133.31 8123.78 8116.65 8112.5 8110.4 8110.09 8111.46 8116.83 8118.95 8119.83 8121.04 8122.48 8123.33 8123.21 8124.41 8129.52 8139.19 8134.31 8122.78 8101.43 8115.91 8125.07 8130.45 8133.71 8141.03 8149.3 8157.04 8163.1 8169.74 8176.26 8179.74 8186.49 8193.87 8202.73 8211.8 8226.22
9133.77 9126.74 9116.92 9105.69 9093.61 9082.5 9073.66 9063.28 9064.46 9082.88 9100.56 9116.48 9126.87 9127.2 9099.17 9024.01 8939.17 8881.7 8825.93 8776.48 8733.2 8690.12 8648.8 8608.11 8563.74 8514.55 8438.2 8338.35 8237.89 8170.81 8145.83 8130.69 8121.38 8116.08 8113.9 8112.41 8111.88 8113.28 8118.32 8120.64 8121.05 8123.68 8127.73 8131.05 8129.92 8125.2 8125.18 8131.5 8133.83 8129.84 8123.77 8130.19 8134.1 8137.87 8143.52 8150.28 8153.89 8159.29 8165.86 8170.98 8174.21 8180 8186.24 8192.92 8200.8 8208.31 8222.11
9128.78 9123.18 9114.51 9104.6 9094.12 9085.92 9074.46 9063.17 9060.62 9078.2 9093.28 9103.58 9103.51 9084 9029.66 8938.3 8847.67 8798 8759.87 8724.97 8689.47 8655.41 8621.01 8587.72 8551.15 8512.4 8443.48 8345.17 8261.53 8194.42 8155.52 8135.9 8125.5 8119.89 8117 8116.58 8116.38 8116.79 8120.01 8119.65 8120.65 8125.96 8131.57 8137.56 8147.06 8131.96 8109.31 8107.29 8116.59 8144.69 8164.57 8149.71 8145.24 8145.66 8148.63 8152.93 8157.94 8162.34 8167.54 8171.61 8176.87 8182.25 8188.27 8194.76 8202.87 8210.13 8227.13
9125.02 9118.89 9111.05 9102.59 9093.43 9087.17 9076.8 9065 9059.28 9074.56 9086.99 9092.94 9085.35 9054.19 8983.59 8876.12 8759.61 8730.99 8703.5 8675.65 8647.07 8619.02 8590.19 8561.9 8530.79 8494.42 8431.8 8336.59 8255.5 8196.85 8161.75 8142.13 8131.37 8125.53 8123.25 8123.12 8122.51 8121.95 8121.86 8120.38 8121.58 8129 8135.08 8137.81 8131.23 8117.89 8095.71 8094.96 8115.15 8140.81 8157.83 8153.99 8151.26 8151.56 8153.93 8157.28 8162.69 8166.55 8170.42 8174.58 8178.4 8183.24 8188.91 8196.67 8206.93 8219.02 8242.63
9117.62 9112.7 9106.71 9100.45 9093.14 9088.61 9079.18 9068.18 9060.73 9073.2 9084.52 9088.64 9076.63 9041.95 8961.82 8852.41 8752.42 8695.58 8663.13 8636.81 8611.56 8586.39 8560.97 8533.55 8502.76 8463.47 8402.29 8314.93 8223.99 8186.31 8164.56 8149.26 8139.56 8133.84 8132.37 8130.94 8128.85 8128.2 8126.23 8121.02 8125.9 8136.79 8140.82 8140.18 8136.39 8116.48 8099.12 8098.37 8116.15 8130.42 8141.6 8149.06 8152.73 8156.13 8160.52 8166.26 8169 8171.9 8174.35 8177.16 8180.11 8184.29 8190.26 8198.66 8210.38 8225.1 8252.88
9105.37 9104.69 9101.68 9098.01 9094.38 9088.62 9082.12 9071.71 9060.86 9072.67 9088.16 9091.54 9076.72 9031.93 8950.14 8842.86 8738.09 8672.17 8634.24 8605.06 8579.97 8555.94 8531.57 8504.78 8474.13 8435.75 8383.08 8304.09 8230.32 8191.19 8171.71 8157.8 8148.06 8141.69 8138.71 8137.29 8137.94 8139.3 8140.32 8140.73 8149.22 8152.45 8148.85 8143.42 8138.46 8121.34 8113.53 8118.81 8128.96 8128.31 8134.74 8144.07 8151.68 8158.52 8166.06 8172.85 8175.49 8176.52 8178.1 8179.6 8181.61 8185.18 8190.65 8198.68 8211.11 8231.22 8260.06
9092.37 9095.89 9096.69 9095.86 9092.99 9092.36 9088.44 9080.29 9065.25 9082.89 9100.89 9103.84 9088.58 9045.63 8953.29 8840.87 8728.43 8656.01 8613.47 8581.55 8555.57 8530.1 8505.73 8478.57 8448.18 8413.03 8368.68 8302.21 8237.1 8206.16 8184.85 8169.43 8158.32 8150.76 8146.28 8145.68 8147.08 8151.23 8159.81 8167.83 8180.64 8165.04 8155.81 8145.79 8130.92 8124.52 8113.8 8113.7 8126.46 8122.33 8130.05 8142.23 8152.52 8161.2 8170.06 8177.07 8180.65 8181.71 8182.23 8182.77 8183.97 8186.06 8190.23 8196.82 8206.76 8222.65 8251.09
9084.62 9089.94 9093.34 9092.16 9091.93 9093.09 9093.97 9098.11 9099.64 9112.74 9121.41 9121.48 9107.01 9064.24 8963.55 8845.19 8732.03 8648.5 8598.71 8566.14 8539.78 8513.56 8487.11 8458.6 8425.5 8391.1 8355.68 8307.3 8260.44 8226.16 8200.91 8182.34 8168.86 8160.18 8154.89 8151.93 8152.21 8156.42 8165.26 8167.96 8163.41 8161.18 8160.33 8156.2 8146.03 8136.77 8126.92 8117.76 8122.3 8120.73 8131.08 8143.65 8154.66 8164.76 8173.59 8181.47 8185.71 8186.09 8185.85 8185.84 8185.08 8186.63 8190 8195.25 8203.43 8216.74 8249.4
9081.79 9087.78 9089.75 9089.53 9089.55 9092.47 9096.94 9107.93 9127.57 9137.1 9136.24 9137.52 9125.63 9078.27 8976.35 8851.91 8725.27 8632.96 8589.73 8559.41 8533.28 8505.23 8476.38 8444.97 8408.42 8369.59 8330.2 8304.7 8281.06 8243.43 8215.05 8193.94 8178.3 8168 8160.08 8155.12 8153.27 8154.5 8155.63 8152.17 8139.44 8156.66 8163.87 8170.36 8167.8 8152.88 8144.62 8132.03 8131.33 8130.19 8140.41 8149.84 8159.08 8168.46 8177.65 8186.56 8191.28 8191.24 8189.4 8188.48 8187.83 8189.03 8192.43 8198.15 8206.44 8221.81 8261.56
9082.65 9088.84 9087.36 9086.47 9086.95 9086.81 9090.37 9097.01 9107.72 9113.98 9132.88 9148.97 9146.32 9098.79 8996.47 8868.45 8732.63 8630.22 8592.6 8566.85 8539.97 8508.37 8475.82 8441.26 8399.68 8355.07 8308.55 8291.14 8279.51 8250.63 8224.14 8202.76 8185.99 8173 8164.61 8157.37 8152.56 8148.67 8146.18 8145.79 8157.44 8162.43 8162.71 8164.16 8164 8158.69 8152.74 8156.95 8154.57 8157.7 8154.73 8157.83 8163.59 8171.62 8181.19 8192.68 8198.74 8196.56 8193.59 8191.51 8192.5 8194.78 8197.46 8204.57 8216.2 8236.21 8273.41
