real_craters/C107-1000m.grd
DSAA
40 40
-19.64 19.64
-19.64 19.64
8975.0876518442 11167.093400415
10271.5 10265.7 10262.3 10258.9 10256.1 10253 10249.4 10272.9 10282.7 10255.7 10268.9 10267.8 10271.1 10276.3 10275.6 10283.2 10288.3 10289 10299.4 10297.7 10281.7 10291.6 10297.3 10304.4 10302 10313.5 10369.6 10507.1 10624 10708.4 10800.5 10764.6 10794.8 10885 10963.1 11020.8 11062.3 10916.5 11002.9 11167.1 
10265.8 10259.1 10256.9 10254.2 10252.4 10254.3 10269.1 10304.3 10302.4 10256.4 10263.4 10264.5 10270.1 10271.6 10270.9 10282.4 10289.4 10293.4 10311.1 10301.7 10277.7 10274.8 10266.3 10280 10285.4 10293 10320 10397.3 10537.3 10588.1 10601.4 10603.4 10631.8 10675.5 10671.9 10689.2 10704.9 10645 10818.6 11030.3 
10265 10257.9 10253.9 10248.7 10245.9 10248.4 10259.3 10274.2 10268.5 10246.4 10250.8 10266.6 10275.7 10279.1 10281 10281.7 10278.8 10303 10307.1 10306.7 10288.1 10272.8 10274.6 10272.1 10268 10292.9 10315.1 10406.2 10468.3 10459.6 10456.5 10424.4 10490.9 10546.9 10583.2 10589 10591.1 10573.2 10669.7 10785.9 
10267 10257.8 10252.4 10247.9 10242.4 10239.3 10256.2 10310.7 10286.1 10262.4 10289 10283.3 10289.7 10295 10293.3 10287.7 10273.5 10293.1 10297.3 10297.8 10297 10275 10269.8 10282 10291.7 10316.1 10324.5 10299.9 10334.3 10332.8 10318.4 10338.3 10398.2 10455.5 10506.9 10532.6 10551.1 10554.7 10563.8 10573.4 
10272.3 10265 10257.2 10250.3 10241.7 10236.4 10257.1 10319.7 10318 10244.5 10253.9 10292.6 10305.5 10312.3 10311 10301.3 10303.6 10284.6 10293.3 10290.7 10301.9 10266.7 10265 10280.2 10313.1 10311.7 10295 10281.2 10268.9 10267.1 10259.4 10297.7 10337.4 10367.8 10379.6 10412.9 10513.5 10487.8 10514.8 10535.3 
10276.9 10270.9 10265.2 10257.8 10247.4 10243.4 10266.8 10321.7 10343.6 10273.7 10270.7 10309.2 10322.4 10320.9 10320.7 10312.8 10296.8 10305.9 10308.3 10314.6 10324.1 10279.4 10290.3 10312.1 10326.8 10305.2 10265.8 10283.5 10291 10263.3 10256.1 10276 10300.8 10313.3 10315 10333.6 10410 10439.1 10494.4 10567.5 
10277.5 10276.8 10278.2 10264 10255.9 10257.8 10274.9 10309.9 10340.2 10289.3 10315.9 10334.8 10335.4 10348.8 10347.4 10341.4 10340.4 10342.4 10344.3 10347.1 10381.7 10344.1 10320.2 10361.1 10363.6 10351.1 10330.5 10303.4 10309 10282.9 10272 10285.5 10294.4 10294.8 10285.6 10282.5 10337.4 10395.7 10469.8 10523.4 
10272.7 10270.3 10264.7 10264.1 10261.7 10264.1 10273.4 10288.8 10329.8 10322.6 10300.3 10307 10330.7 10361.4 10371.5 10377.4 10383.7 10395.1 10409.6 10399.7 10427 10454.5 10429.5 10401 10379.9 10375.7 10425.3 10373.8 10331.2 10297 10301.3 10302.2 10305 10297.2 10279.2 10272.8 10308.1 10375.7 10450.7 10511.2 
10265.6 10263.7 10261.3 10261.1 10259.6 10265.2 10270.1 10282.5 10331.6 10330 10302.5 10288.8 10317.3 10353.9 10391.9 10418.8 10430.8 10484.3 10534 10528.8 10577.7 10596.3 10535 10437.5 10397.9 10367.7 10365.5 10366.6 10345 10305.1 10313.6 10333.7 10334.9 10313.2 10284.2 10258.9 10275.2 10334.5 10389.1 10440.9 
10259.2 10258.1 10256.6 10254.9 10253.6 10258.8 10272.6 10287.4 10314.3 10344.8 10317.4 10304.6 10322.4 10370.5 10436.4 10518.2 10579.8 10762.9 10623 10623.1 10652.2 10689.2 10637.8 10625.9 10462.9 10417.5 10410 10394.5 10375.3 10353 10330.6 10350.2 10357.6 10331.1 10301.9 10267.1 10283.7 10280.9 10315.9 10365.3 
10253.8 10253.1 10253.3 10250.4 10248.5 10257 10275.9 10309 10316.2 10328.5 10332.9 10334.9 10359.9 10397.9 10471.2 10593.7 10725.4 10635.7 10469.2 10326.1 10258.2 10239.7 10277.9 10312.1 10428.5 10542.8 10504.7 10479.1 10418.1 10349.1 10335 10340.9 10337.5 10336 10334.8 10337.7 10297.9 10286.8 10288.3 10323.8 
10250.9 10249.8 10247.8 10245.2 10241.9 10250.4 10279.6 10292 10303.6 10328.8 10355.7 10385 10435.8 10450.1 10427.6 10444 10464.8 10267 10085.8 9986.37 9970.86 9986.22 10061.9 10149.3 10281.4 10404.9 10505.8 10529.6 10417.7 10374.1 10364.3 10337.7 10318.1 10336.3 10354.4 10346.1 10300.3 10299.5 10336 10335.4 
10247.8 10247.1 10244.9 10242.9 10241.9 10255.4 10294.8 10313.7 10252.1 10373.9 10380.7 10423.8 10493.4 10448.5 10291.8 10125.4 9991.01 9822.47 9755.84 9677.13 9681.46 9795.15 9787.39 9873.12 10022.4 10160.5 10371.8 10544.8 10480.3 10398.2 10370.2 10350.2 10328.2 10336.8 10350.8 10327.5 10310.5 10311.3 10317.4 10321.5 
10247.1 10246.9 10245.4 10247.3 10259.5 10275.9 10301.1 10311.4 10259.6 10334.7 10409.4 10448 10541.3 10408.5 10122.6 9844.49 9678.36 9652.73 9516.6 9434.92 9439.63 9496.32 9521.56 9576.39 9745.85 9976.36 10178.7 10378.5 10495.8 10520.9 10427.4 10389.6 10358.5 10342.5 10337.7 10322.9 10313.7 10278.8 10277.5 10290.2 
10251.4 10252.9 10255.3 10264.1 10287.2 10295 10293.8 10280.9 10304.2 10342.5 10397.7 10470.8 10556 10261.7 9908.46 9589.83 9397.23 9262.83 9234.94 9254.48 9281.31 9346.3 9329.22 9420.15 9565.38 9734.22 9942.03 10129.4 10326.1 10476.4 10503 10444.8 10392.5 10361.6 10339.3 10317 10315.9 10301.6 10270.3 10279.9 
10256.5 10266 10272.6 10269 10301.7 10300.4 10283.1 10271.7 10291.9 10331 10369 10389.9 10200.7 9982.8 9662.27 9368.41 9190.53 9096.78 9090.27 9129.41 9149.77 9169.73 9112.7 9251.71 9425.23 9553.24 9768.62 10039.4 10199.2 10526.4 10571 10500.3 10424.3 10385 10360.2 10334.6 10310.8 10282.3 10282.7 10288.4 
10264 10280.7 10304.8 10349.1 10315.2 10291 10273.7 10281.6 10300 10318.2 10407.7 10313.1 10076.4 9775.51 9444.37 9137.73 9054.35 9041.6 9044.36 9048.04 9035.85 9044.42 9041.5 9081.56 9209.36 9410.26 9646.97 9873.09 10102 10532.8 10605.9 10527.3 10453.1 10412.1 10390.5 10337.9 10301.2 10288.3 10294.2 10300.7 
10266.1 10287.6 10311.6 10329.4 10305 10283.8 10270 10274.4 10310.7 10330.7 10455.6 10331.9 10008.8 9646.99 9309.32 9036.8 8989.23 9012.32 9040.23 9052.37 9048.06 9024.46 9022.64 9026.99 9075.71 9297.9 9562.03 9807.03 10006.3 10355.7 10581.9 10539.1 10441.7 10373.8 10375.8 10305.6 10303.1 10317.6 10337.4 10324.3 
10270.2 10285.1 10296.1 10302.6 10287.3 10275.3 10275.5 10281.2 10331.2 10389.5 10429.1 10291.1 9930.55 9559.12 9237.79 9019.04 8975.09 9001.25 9042.19 9147.32 9200.86 9080.51 9012.48 9019.73 9058.44 9207.17 9443.37 9754.06 9963.7 10319.6 10601.3 10547.1 10428.1 10329.8 10312.8 10292.3 10294.2 10308.7 10333.8 10325.6 
10281.9 10281.7 10278.5 10258.2 10244.5 10269.6 10286.7 10305.3 10339.4 10394.6 10398.7 10251.7 9850.84 9497.26 9200.21 9017.44 8997.48 9056.72 9237.13 9252.28 9178.08 9115.38 9019.59 9021.49 9017.45 9153.38 9387.75 9732.84 9958.6 10274.8 10601.1 10548.7 10430.7 10343.9 10329.7 10304.1 10288.5 10308.8 10312.3 10310.6 
10279.5 10277.2 10274.8 10267.9 10268.3 10274 10278.9 10304.8 10331.6 10431.9 10409.1 10185.8 9863.98 9532.87 9215.85 9040.25 9032.62 9094.33 9197.19 9142.45 9044.07 9070.75 9030.02 9025.85 9015.09 9135.36 9385.07 9695.63 9940.29 10230.7 10537.5 10510.1 10419.8 10331.5 10312.5 10314.3 10313.1 10337.4 10297.4 10280.2 
10270 10276.9 10282.6 10293.2 10286.2 10277.2 10281.6 10299.5 10358.5 10479.4 10467.4 10190.9 9944.82 9630.53 9331.15 9146.77 9100.72 9084.32 9069.4 9086.09 9083.28 9050.33 9035.13 9029.21 9025.36 9130.69 9354.19 9658.71 9956.75 10219.4 10417 10454.4 10395.5 10339 10317.3 10322.2 10319.4 10320.6 10277 10271.8 
10273.4 10281.9 10288.4 10292 10301.3 10283.1 10285.1 10302.8 10350.2 10444.2 10499.2 10387.8 10098.1 9759.03 9477.36 9285.06 9173.96 9098.93 9059.74 9067.93 9065.03 9038.19 9028.32 9030.34 9079.28 9213.08 9394.47 9725.09 10068 10316.3 10448.6 10422.4 10377.5 10331.9 10332.1 10312.9 10297.5 10253 10246.5 10267 
10285.8 10291.9 10294.7 10302.5 10309.5 10304.7 10323.1 10320.3 10337.8 10375.6 10415.6 10700 10346.8 9949.38 9653.44 9439.57 9286.56 9159.09 9088.09 9077.74 9064.92 9050.6 9050.38 9072.92 9202.25 9371.9 9558.64 9826.08 10173.4 10390.4 10391.4 10389.9 10368 10345.1 10301.3 10292.7 10282.3 10280.9 10282.7 10287 
10316 10302.6 10299.2 10301.7 10322.8 10321 10341.6 10351.6 10352.7 10376.3 10508 10792.1 10519.6 10149.3 9847.12 9617.01 9440.31 9257.23 9143.27 9111.58 9098.44 9101.18 9169.86 9234.54 9408.2 9596.12 9842.05 10077.1 10313 10446.8 10415.9 10370.7 10351 10331.9 10294.6 10287 10266.3 10273.9 10297.6 10295.9 
10309.6 10307.8 10306.4 10311.3 10315.4 10315.4 10345.6 10365.3 10366.7 10380 10435.9 10576.4 10556.6 10390.2 10025.1 9834.95 9657.88 9478.21 9327.69 9248.25 9263.56 9339.13 9413.65 9534.19 9731.51 9922.5 10118.4 10350.3 10381.9 10382.2 10336 10321.4 10326.7 10311.4 10313.9 10303.4 10309.6 10301.8 10288.2 10301.5 
10310.1 10311.8 10312.3 10306.6 10302 10319.2 10330.3 10358.2 10358.4 10366.9 10393.1 10464.4 10572.7 10614.4 10330.4 10116.3 9931.16 9753.01 9621.39 9561.06 9528.59 9576.77 9712.91 9873.2 10038.7 10200.9 10332.4 10425.7 10370.9 10291.3 10273.9 10308.5 10332.2 10326.5 10302.7 10301.6 10299.8 10286.6 10296.4 10336 
10317.2 10316.4 10319.4 10313.1 10292.8 10315.6 10327.4 10321.5 10340.1 10347.4 10357.8 10398.4 10525.9 10729.9 10602.3 10356.5 10198.8 10075.1 9960.87 9847.67 9882.57 9937.53 10049.4 10193.1 10303.3 10468.7 10493.6 10368.8 10300.4 10281.3 10306.1 10330.1 10344.9 10325.9 10286.1 10293.4 10313.6 10294 10311.1 10372.8 
10311.8 10319.6 10324.4 10314 10293.8 10294.9 10314.8 10311.2 10321.1 10330 10336.6 10339.9 10409.3 10536.5 10531.6 10452.6 10423.5 10404.2 10325.6 10283.6 10319.3 10338.8 10360 10422.1 10499.6 10546.8 10445.9 10308.6 10281.4 10280.4 10326.2 10329.3 10327.5 10299 10260.3 10281.3 10308.5 10307.9 10334.2 10396.6 
10332 10336.8 10339.8 10327 10305.2 10309.9 10315.9 10307.5 10306.8 10311.8 10327.5 10305.8 10311.9 10342.9 10411.8 10437.5 10507.1 10604.2 10561 10527.1 10560.4 10569.9 10547.8 10526.3 10480.4 10406.9 10356.7 10308.4 10285.9 10279 10306.6 10293.4 10315.6 10304.2 10288.3 10287.1 10301.3 10294.8 10327.1 10419.7 
10335.9 10341.4 10330.1 10324.6 10312.9 10308.1 10300.8 10295.5 10294.5 10289.6 10280.1 10289.6 10269.3 10263.6 10298.6 10369.6 10428.5 10468.3 10564.4 10629.4 10561.5 10600.5 10561.4 10448.4 10365.7 10376.2 10376.9 10301.6 10286.5 10287.7 10290.9 10278.8 10291.8 10310.2 10300.6 10276 10259.2 10266.5 10308.1 10437.7 
10334.2 10343.6 10340.5 10325.8 10315.1 10293.7 10294.3 10290.4 10285.8 10279.7 10278.3 10279.6 10289.9 10257.1 10255.2 10314.7 10367.6 10397.5 10384.8 10398.9 10396.3 10415 10378.6 10367.8 10355.8 10367 10343.8 10298 10279.4 10280.8 10269.7 10251.4 10248.4 10259.7 10283.9 10250.9 10220.5 10240.2 10287 10409.3 
10314.7 10322 10327.8 10320.1 10313.8 10299.9 10300.3 10294.8 10287.1 10276.9 10269.6 10273.7 10273.1 10262.4 10256.1 10287.8 10323.8 10334.8 10320 10320 10315.1 10317.4 10303.8 10319 10329.4 10309.2 10297.2 10288.7 10281.5 10257.5 10267.8 10274.2 10250.6 10316.4 10296.1 10245.1 10205.3 10226.2 10272.7 10343.6 
10282.2 10277 10297 10302.8 10308.4 10290.3 10294 10290.3 10289.4 10284.5 10277.3 10258.6 10258.1 10254.9 10260.3 10271.8 10290.9 10306.6 10310.1 10309.8 10325.2 10311.5 10294.6 10299.2 10295.8 10305.2 10314.2 10295.5 10278.2 10267.5 10268.3 10239.2 10260.4 10315.9 10305.6 10266.3 10223 10225.8 10261.5 10352.2 
10267.7 10263 10266.5 10277.9 10283.3 10284.2 10280.9 10287.8 10295.5 10301.2 10287.9 10268.4 10264.8 10275.8 10270 10278.4 10277.6 10300.5 10330.6 10314.8 10325.7 10312.2 10296.5 10304.3 10313 10303.6 10300.4 10285.1 10284.8 10259.9 10250.2 10262.8 10276 10295.1 10284.8 10265.4 10239.3 10226 10236.1 10319.1 
10263.5 10256.4 10265 10259.6 10256.4 10277.6 10261.8 10273.4 10293.6 10316.3 10308.6 10279.1 10267 10283.3 10305.5 10302.4 10305.9 10310.7 10323.7 10315 10306.8 10320.8 10333.1 10325.5 10316.1 10297.1 10279.4 10286.1 10285.5 10260 10240 10269.5 10263.3 10255.6 10249.8 10242.3 10229.7 10223.4 10228.8 10264.8 
10264.9 10266.2 10260 10252.4 10239.1 10238.1 10232.5 10254.1 10276.4 10291.2 10296.6 10287 10280 10291.3 10297.1 10304.8 10303 10302.7 10313.3 10334.7 10340.7 10367.8 10357.8 10351.1 10318.8 10296.6 10301.6 10305.3 10285.6 10270.4 10279.3 10281.7 10261.6 10231.5 10216 10209.3 10216.6 10220.7 10223 10231.1 
10262 10260.1 10260.2 10255.9 10241.9 10226.1 10221.7 10232.3 10247.9 10275.8 10280.6 10292.4 10301.1 10298.6 10315.4 10320.1 10315.5 10305.1 10318.6 10347.6 10359.3 10305.3 10372.7 10370.6 10311.1 10289.2 10298.8 10302.5 10294.2 10281.3 10276 10274.4 10229.4 10205.1 10202.9 10195.9 10209.2 10224.1 10237.5 10259.5 
10260.8 10260 10259.5 10256.1 10235.4 10219.3 10222.5 10219.6 10218.3 10211.7 10243.8 10270.7 10282.7 10276.5 10303.3 10315.8 10303.7 10301 10330.6 10385.8 10171.1 10009.5 10092 10166.2 10262.7 10322.5 10297.9 10291.7 10283.2 10276.7 10276.1 10245 10199.8 10194.7 10213.6 10226.7 10226.8 10226.1 10229.4 10237.2 
10259.1 10259.2 10252.5 10245.9 10232.3 10224.3 10218.5 10211.9 10210.9 10213.9 10224.4 10240.9 10252.3 10249.9 10271.1 10292 10298.6 10298 10326.8 10340.2 10178.1 9903.97 9962.22 10055 10208.5 10261.3 10245.1 10253.7 10271.9 10277.8 10242.6 10215.6 10205 10204.6 10224.2 10243.2 10239.6 10221.8 10210.5 10203.4 
