real_craters/C107-750m.grd
DSAA
93 93
-34.37 34.37
-34.37 34.37
8088.1250042833 9406.2739293929
[rows 38 to 75 of 93, columns 0 to 83 of 93]
8972 8967 8966 8969 8974 8978 8991 8989 9008 9057 9049 9029 9020 9018 9002 8986 8979 8991 8995 8993 8998 9008 9018 9030 9037 9035 9025 9031 9028 9008 9015 9019 9020 9032 9097 9180 9233 9181 9059 8935 8770 8578 8390 8349 8320 8293 8280 8348 8429 8475 8536 8608 8696 8876 9164 9255 9206 9186 9191 9128 9048 9012 9013 9023 9037 9051 9064 9070 9058 9053 9061 9063 9050 9037 9032 9018 9021 9021 9013 9021 9029 9039 9045 9048
8971 8963 8962 8966 8965 8974 8986 9001 9024 9052 9049 9035 9028 9021 9004 8986 8972 8978 8986 8991 8999 9009 9020 9028 9031 9033 9029 9049 9038 9022 9024 9043 9053 9076 9135 9187 9217 9123 8922 8688 8545 8387 8261 8213 8193 8167 8151 8191 8229 8314 8391 8460 8546 8707 9054 9165 9180 9201 9216 9194 9086 9022 9013 9018 9031 9049 9066 9081 9074 9069 9073 9074 9058 9043 9038 9021 9038 9035 9022 9031 9036 9031 9036 9044
8946 8948 8954 8958 8959 8966 8978 8998 9023 9042 9042 9031 9023 9016 9002 8986 8977 8977 8964 8985 8998 9010 9022 9032 9040 9049 9055 9068 9054 9030 9035 9079 9130 9190 9164 9145 9125 8992 8754 8554 8391 8253 8137 8141 8140 8131 8126 8130 8142 8208 8280 8343 8419 8569 8857 9001 9111 9210 9244 9251 9199 9069 9020 9020 9033 9049 9064 9076 9085 9079 9078 9072 9058 9041 9035 9033 9060 9055 9043 9040 9042 9036 9034 9041
8935 8940 8947 8955 8959 8966 8974 9008 9023 9026 9022 9019 9022 9011 8999 8985 8974 8969 8975 8985 8997 9010 9024 9040 9061 9063 9073 9102 9076 9037 9037 9106 9177 9213 9134 9049 8925 8746 8547 8361 8261 8179 8131 8124 8120 8114 8116 8121 8132 8167 8214 8257 8307 8385 8567 8802 8982 9101 9269 9288 9237 9095 9038 9038 9043 9051 9063 9075 9086 9080 9069 9062 9058 9047 9054 9045 9046 9047 9044 9040 9040 9040 9041 9043
8928 8931 8939 8949 8963 8997 9002 9028 9015 8996 8988 8996 9002 9001 8994 8987 8980 8975 8978 8986 8997 9009 9022 9038 9053 9072 9123 9127 9098 9067 9063 9117 9160 9140 9075 8951 8787 8589 8402 8240 8180 8138 8116 8110 8112 8111 8116 8128 8136 8154 8179 8207 8233 8266 8382 8667 8935 9184 9363 9317 9168 9089 9075 9066 9059 9056 9055 9060 9070 9072 9066 9059 9059 9069 9073 9060 9049 9039 9039 9035 9028 9038 9045 9047
8919 8922 8931 8943 8970 9031 9009 8993 8985 8969 8960 8973 8983 8987 8986 8987 8983 8981 8984 8988 8996 9009 9022 9037 9055 9099 9148 9144 9112 9077 9055 9121 9168 9157 9026 8871 8707 8532 8346 8216 8145 8119 8111 8111 8112 8116 8120 8134 8132 8144 8162 8183 8196 8222 8326 8606 8921 9219 9380 9333 9190 9124 9124 9095 9075 9062 9056 9056 9061 9068 9074 9064 9055 9055 9066 9063 9055 9046 9038 9037 9034 9039 9041 9048
8911 8915 8925 8944 8976 9022 8983 8964 8964 8957 8954 8961 8971 8976 8974 8970 8967 8968 8978 8987 8996 9008 9021 9036 9058 9093 9136 9140 9113 9070 9058 9115 9164 9142 8944 8790 8655 8506 8282 8152 8122 8112 8114 8119 8120 8123 8138 8109 8126 8138 8159 8176 8189 8213 8320 8580 8884 9170 9330 9322 9220 9105 9110 9098 9076 9056 9040 9048 9061 9068 9028 9043 9053 9054 9059 9057 9052 9064 9057 9051 9052 9048 9047 9053
8909 8913 8919 8928 8958 8990 8989 8968 8958 8955 8955 8970 8972 8969 8965 8959 8956 8963 8974 8983 8993 9004 9016 9031 9049 9075 9118 9128 9108 9084 9060 9095 9094 8923 8772 8685 8600 8507 8292 8154 8122 8117 8117 8121 8135 8132 8113 8165 8145 8153 8165 8177 8191 8209 8313 8554 8834 9111 9307 9298 9143 9069 9111 9088 9068 9048 9034 9041 9053 9060 9060 9053 9054 9055 9058 9062 9064 9079 9060 9051 9058 9059 9059 9062
8909 8912 8916 8924 8939 8947 8953 8957 8956 8957 8966 8971 8965 8964 8963 8959 8948 8957 8972 8982 8994 9006 9018 9032 9048 9070 9090 9111 9101 9087 9063 9087 9053 8831 8657 8592 8530 8444 8257 8167 8140 8134 8133 8135 8144 8119 8115 8137 8155 8169 8175 8181 8194 8228 8319 8528 8771 9001 9171 9222 9125 9073 9073 9071 9057 9043 9033 9033 9038 9036 9039 9043 9048 9053 9061 9065 9064 9063 9052 9049 9062 9071 9076 9074
8910 8910 8913 8920 8937 8947 8940 8943 8949 8954 8957 8949 8955 8960 8961 8960 8960 8965 8972 8983 8996 9009 9020 9031 9042 9055 9080 9086 9093 9093 9101 9122 9083 8828 8613 8537 8470 8388 8279 8199 8164 8152 8161 8163 8159 8136 8121 8131 8160 8181 8186 8185 8192 8215 8318 8517 8730 8903 9062 9230 9150 9069 9075 9055 9041 9033 9030 9025 9028 9033 9035 9037 9034 9040 9059 9070 9049 9051 9057 9064 9070 9079 9088 9078
8911 8909 8912 8919 8942 8951 8943 8945 8947 8949 8952 8953 8958 8963 8963 8956 8955 8959 8970 8983 8996 9010 9024 9034 9044 9050 9075 9087 9088 9085 9088 9133 9136 8863 8616 8544 8456 8349 8283 8225 8182 8159 8145 8153 8161 8157 8163 8161 8168 8195 8195 8195 8204 8242 8342 8534 8757 8967 9175 9323 9218 9091 9054 9030 9024 9021 9017 9021 9025 9033 9038 9037 9037 9045 9055 9059 9047 9048 9064 9082 9085 9078 9071 9063
8912 8912 8913 8919 8944 8953 8949 8949 8947 8944 8939 8945 8959 8971 8979 8974 8957 8960 8969 8979 8992 9004 9016 9032 9049 9070 9082 9105 9089 9068 9050 9128 9206 8982 8757 8647 8518 8382 8287 8235 8195 8160 8139 8131 8147 8167 8164 8165 8165 8163 8182 8211 8234 8279 8368 8581 8831 9071 9279 9385 9266 9138 9023 9006 9014 9020 9020 9021 9022 9027 9030 9044 9059 9061 9052 9046 9032 9045 9062 9086 9085 9068 9052 9046
8913 8912 8912 8916 8935 8950 8956 8955 8949 8942 8935 8937 8961 8980 8996 8989 8967 8964 8971 8981 8992 9004 9016 9030 9048 9072 9087 9107 9094 9072 9058 9118 9218 9116 8981 8828 8624 8417 8283 8259 8220 8169 8110 8123 8137 8150 8137 8144 8164 8184 8217 8253 8302 8378 8483 8698 8931 9150 9351 9330 9214 9108 9059 9020 9015 9023 9024 9020 9021 9025 9034 9047 9063 9060 9050 9044 9045 9046 9048 9050 9059 9049 9037 9030
8913 8908 8914 8919 8927 8942 8968 8959 8952 8946 8943 8954 8974 8988 8997 8996 8981 8971 8975 8982 8992 9003 9015 9028 9042 9057 9087 9094 9096 9088 9089 9105 9125 9229 9270 9044 8751 8475 8336 8306 8264 8207 8145 8102 8110 8098 8105 8140 8182 8221 8264 8306 8375 8510 8697 8880 9032 9164 9237 9180 9141 9114 9076 9030 9023 9012 9017 9023 9022 9023 9043 9047 9045 9052 9049 9039 9044 9052 9035 9027 9039 9035 9017 9000
8915 8917 8916 8915 8920 8928 8946 8953 8951 8949 8956 8984 8993 8996 8992 8992 8988 8979 8978 8982 8990 8999 9009 9020 9032 9045 9067 9077 9083 9088 9093 9078 9111 9285 9406 9188 8858 8562 8460 8389 8329 8280 8223 8150 8119 8088 8122 8173 8222 8272 8328 8355 8420 8596 8830 9017 9129 9161 9137 9097 9098 9114 9086 9068 9041 9025 9019 9023 9026 9031 9050 9054 9052 9048 9045 9046 9051 9039 9020 9009 9026 9031 9035 9054
8915 8917 8916 8914 8917 8924 8939 8946 8947 8949 8954 8981 9011 9010 8995 8988 8984 8978 8978 8982 8988 8997 9004 9013 9026 9044 9051 9062 9061 9074 9081 9090 9126 9256 9370 9202 8925 8669 8552 8463 8392 8330 8285 8238 8193 8147 8185 8246 8291 8330 8374 8399 8469 8692 9007 9226 9242 9190 9100 9065 9088 9099 9102 9081 9051 9030 9023 9025 9033 9041 9050 9051 9048 9050 9051 9051 9043 9028 9013 9010 9027 9032 9039 9045
8914 8916 8913 8916 8918 8926 8938 8941 8943 8948 8959 9005 9031 9032 9020 8990 8976 8974 8973 8980 8986 8993 9002 9009 9016 9022 9051 9044 9048 9058 9061 9046 9095 9164 9161 9090 8974 8784 8627 8530 8473 8397 8364 8368 8294 8270 8332 8362 8375 8384 8400 8450 8543 8799 9141 9386 9322 9231 9132 9091 9104 9094 9089 9069 9047 9032 9024 9028 9038 9054 9060 9059 9054 9058 9064 9052 9027 9020 9018 9019 9026 9028 9033 9039
8915 8918 8919 8921 8923 8927 8932 8935 8939 8944 8953 8977 9008 9041 9050 8993 8966 8966 8970 8979 8986 8995 9002 9008 9014 9021 9030 9050 9069 9060 9056 9050 9076 9109 9090 9079 9083 9018 8787 8650 8610 8596 8561 8560 8539 8521 8510 8490 8477 8473 8488 8548 8642 8895 9161 9315 9313 9246 9181 9145 9120 9096 9082 9055 9043 9023 9022 9026 9038 9053 9066 9059 9049 9060 9083 9055 9020 9026 9027 9024 9018 9022 9028 9034
8914 8917 8920 8923 8921 8916 8925 8931 8934 8936 8935 8946 8977 9031 9042 8981 8965 8961 8967 8978 8987 8994 9001 9007 9011 9017 9030 9047 9046 9050 9064 9062 9086 9132 9156 9170 9183 9175 8975 8835 8762 8706 8683 8677 8668 8669 8657 8623 8613 8605 8606 8726 8872 9037 9178 9278 9262 9221 9183 9147 9113 9089 9067 9057 9059 9055 9027 9027 9037 9048 9062 9059 9046 9047 9058 9056 9030 9022 9025 9019 9007 9016 9027 9036
8909 8912 8915 8920 8922 8923 8924 8927 8930 8932 8932 8938 8960 9006 9013 8972 8960 8960 8966 8973 8982 8992 9000 9009 9016 9023 9027 9010 9001 9034 9062 9104 9133 9193 9255 9298 9237 9160 9123 9061 8909 8778 8761 8743 8672 8679 8726 8759 8767 8778 8807 8994 9202 9188 9186 9177 9179 9168 9158 9146 9091 9088 9091 9081 9070 9066 9047 9033 9034 9044 9049 9044 9039 9041 9055 9055 9050 9040 9016 9008 9011 9014 9028 9042
8908 8913 8914 8914 8916 8921 8921 8924 8927 8930 8931 8935 8947 8987 8984 8953 8953 8957 8963 8970 8979 8989 9000 9012 9025 9033 9036 9022 9028 9033 9051 9117 9204 9226 9281 9331 9245 9186 9159 9116 9048 8981 8928 8852 8821 8849 8899 8906 8917 8953 9067 9206 9286 9223 9162 9093 9097 9112 9114 9113 9094 9096 9110 9094 9072 9068 9050 9036 9025 9024 9037 9035 9032 9027 9024 9039 9042 9041 9025 9018 9008 9019 9031 9040
8906 8912 8914 8920 8918 8914 8917 8921 8924 8927 8934 8946 8964 9001 9000 8971 8957 8957 8961 8966 8974 8982 8995 9010 9026 9034 9038 9046 9028 9045 9066 9121 9179 9187 9191 9159 9174 9170 9139 9100 9130 9181 9110 9138 9128 9195 9096 9034 9025 9054 9118 9156 9158 9167 9134 9095 9085 9083 9081 9072 9079 9089 9108 9091 9070 9061 9047 9035 9024 9019 9018 9015 9025 9012 8997 9012 9021 9022 9020 9020 9030 9033 9037 9047
8905 8908 8910 8917 8915 8912 8915 8919 8923 8927 8936 8959 8992 9012 9009 8987 8965 8959 8958 8964 8970 8978 8988 9002 9016 9026 9039 9055 9087 9102 9093 9094 9092 9118 9113 9081 9121 9138 9132 9118 9113 9102 9108 9110 9110 9158 9136 9098 9074 9088 9119 9128 9124 9120 9107 9093 9085 9075 9067 9057 9050 9065 9083 9076 9064 9055 9043 9032 9024 9016 9011 9009 9012 9012 9009 8997 9003 9004 8998 9011 9018 9026 9039 9052
8901 8898 8908 8919 8914 8910 8913 8918 8922 8926 8937 8961 8988 9015 9006 8980 8964 8957 8957 8960 8964 8969 8976 8988 9016 9011 9021 9060 9126 9127 9122 9098 9086 9082 9078 9090 9114 9125 9130 9136 9102 9075 9071 9069 9063 9083 9109 9120 9114 9106 9106 9099 9086 9089 9088 9083 9077 9070 9064 9060 9058 9061 9067 9064 9058 9049 9038 9027 9017 9012 9011 9011 9011 9014 9011 9013 9007 9008 9011 9011 9013 9021 9037 9057
8894 8900 8904 8906 8900 8905 8911 8917 8923 8924 8937 8959 8978 8974 8989 8961 8955 8953 8954 8956 8958 8963 8965 8963 8954 8981 8997 9032 9098 9088 9054 9057 9066 9058 9058 9064 9083 9103 9113 9113 9091 9073 9072 9074 9081 9072 9080 9092 9100 9099 9090 9073 9079 9078 9079 9078 9073 9074 9069 9063 9056 9052 9059 9053 9043 9036 9029 9021 9012 9009 9005 9004 9006 9003 9003 9002 9008 9011 9013 9012 9012 9016 9035 9051
8890 8889 8898 8899 8899 8902 8909 8916 8924 8932 8943 8961 8979 8986 8966 8953 8952 8954 8956 8960 8962 8964 8962 8957 8959 8967 8982 9003 9023 9017 9003 9014 9019 9030 9042 9054 9062 9083 9094 9096 9079 9075 9088 9087 9079 9070 9073 9078 9084 9086 9084 9085 9086 9083 9084 9086 9094 9082 9076 9069 9063 9057 9054 9045 9037 9025 9021 9019 9015 9009 9004 9004 9002 9003 9002 9000 9006 9010 9014 9014 9018 9030 9033 9039
8889 8890 8900 8899 8898 8902 8909 8916 8922 8933 8949 8965 8980 8991 8966 8957 8954 8956 8958 8964 8966 8968 8967 8961 8958 8966 8973 8980 8972 8968 8998 8998 8999 9011 9027 9047 9056 9063 9075 9087 9084 9082 9099 9097 9088 9079 9073 9075 9079 9083 9086 9085 9086 9086 9087 9085 9077 9081 9081 9079 9073 9072 9055 9043 9035 9035 9027 9018 9013 9009 9007 9003 9001 9007 9007 9004 9007 9010 9006 9008 9013 9020 9025 9029
8888 8891 8899 8899 8899 8904 8916 8924 8927 8941 8958 8968 8971 8967 8960 8956 8960 8963 8966 8968 8970 8974 8977 8980 8978 8972 8969 8958 8944 8954 8979 8991 8999 9006 9009 9017 9023 9035 9052 9066 9070 9075 9094 9097 9096 9080 9072 9072 9078 9083 9089 9093 9089 9092 9090 9087 9081 9083 9087 9089 9091 9077 9054 9041 9028 9039 9031 9014 9008 9010 9006 9000 9002 9007 9007 8998 9007 9012 9000 8995 9000 9004 9015 9021
8892 8895 8895 8898 8896 8911 8930 8946 8953 8976 8978 8976 8977 8974 8968 8968 8970 8970 8973 8976 8977 8978 8982 8990 8988 8977 8971 8964 8952 8960 8974 8982 8994 8999 8987 8980 8978 9011 9033 9045 9044 9059 9055 9067 9093 9075 9068 9073 9078 9089 9094 9096 9102 9098 9093 9088 9090 9088 9087 9089 9088 9056 9041 9029 9017 9025 9024 9014 9010 9014 9024 9014 9011 9011 9012 9009 9010 9010 9013 8986 8990 9003 9012 9016
8900 8897 8903 8906 8910 8925 8947 8975 9011 9011 8997 8985 8983 9002 9002 8990 8984 8981 8981 8980 8981 8982 8981 8979 8980 8977 8973 8970 8959 8952 8951 8964 8969 8966 8966 8959 8977 9005 9029 9051 9072 9069 9064 9042 9039 9063 9070 9076 9086 9095 9108 9114 9118 9104 9089 9083 9086 9085 9079 9082 9077 9053 9030 9019 9018 9021 9017 9010 9012 9020 9028 9043 9019 9011 9013 9012 9011 9014 9014 8977 8986 8999 9007 9012
8903 8904 8912 8916 8926 8938 8957 8989 9029 9025 9004 8981 8968 8981 9002 9000 8991 8986 8984 8984 8984 8984 8982 8975 8976 8974 8972 8971 8967 8954 8952 8954 8957 8957 8959 8971 8990 9008 9029 9060 9091 9079 9047 9016 9026 9046 9060 9067 9082 9099 9122 9134 9126 9095 9076 9066 9062 9058 9058 9067 9069 9045 9022 9014 9011 9015 9013 9010 9017 9031 9039 9028 8989 8992 9001 9005 9003 9002 8993 8985 8990 8995 9001 9008
8908 8917 8927 8927 8935 8944 8955 8970 9015 9025 9000 8972 8950 8961 8984 8992 8992 8989 8987 8986 8987 8987 8988 8991 8981 8974 8967 8956 8948 8949 8952 8952 8951 8954 8959 8971 8990 9005 9018 9041 9085 9068 9032 9016 9024 9021 9029 9045 9059 9076 9104 9100 9070 9059 9051 9041 9024 9016 9037 9051 9054 9040 9020 9016 9018 9017 9013 9009 9018 9031 9029 9009 9000 8996 8996 8997 8994 8985 8988 8999 9000 8998 9001 9006
8919 8926 8938 8939 8943 8949 8953 8952 8966 9002 8992 8971 8957 8968 8979 8986 8991 8993 8992 8991 8993 8994 8989 8980 8980 8972 8963 8953 8950 8955 8956 8953 8952 8950 8961 8977 8983 8988 8994 8995 9020 9032 9017 9000 8980 8999 9013 9026 9035 9040 9029 9032 9017 9026 9031 9027 9020 9022 9030 9039 9048 9042 9023 9018 9026 9021 9014 9008 9010 9019 9001 8997 9000 8996 8998 8996 8994 8990 8994 9003 9004 8998 8995 9005
8924 8934 8944 8951 8953 8956 8959 8963 8982 8996 8989 8978 8972 8978 8979 8983 8986 8988 8989 8990 8990 8993 8997 8996 8983 8972 8961 8952 8943 8941 8951 8953 8956 8961 8964 8969 8971 8975 8978 8978 8984 9009 9020 8980 8971 8986 9002 9014 9014 9013 9010 9009 9014 9018 9022 9021 9019 9014 9026 9032 9030 9016 9007 9002 9014 9010 9013 9005 8977 9005 9028 9013 9001 8999 8999 8998 8999 8998 9000 9003 8999 8997 9001 9009
8929 8936 8944 8953 8961 8964 8969 8978 8982 8990 8990 8986 8981 8982 8983 8984 8985 8985 8984 8984 8985 8990 8992 8991 8979 8968 8959 8952 8951 8950 8944 8951 8959 8965 8965 8962 8969 8974 8973 8975 8979 8988 8993 8965 8981 8986 8996 9000 9000 8995 8990 9000 9011 9018 9021 9023 9024 9028 9029 9030 9028 9025 9020 9000 8986 8996 9009 9003 8932 8807 8863 8973 9014 9009 9005 9003 9002 9001 9002 8996 8992 9000 9008 9014
8925 8934 8945 8955 8964 8969 8975 8980 8984 8989 8993 8997 8995 8989 8987 8988 8988 8986 8984 8982 8980 8978 8975 8973 8970 8964 8957 8953 8951 8946 8944 8950 8959 8970 8973 8969 8963 8961 8970 8978 8975 8974 8992 8988 8986 8986 8990 8990 8990 8989 8992 8999 9013 9020 9021 9023 9027 9031 9033 9034 9033 9031 9039 9009 9012 9009 9013 9007 8969 8941 8993 8995 9006 9003 9006 9004 9003 9004 9003 9003 9000 9001 9005 9014
8923 8933 8942 8954 8963 8970 8976 8984 8982 8987 8993 9000 9000 8997 8999 8997 8992 8989 8984 8980 8975 8970 8965 8962 8962 8958 8953 8949 8947 8946 8939 8944 8956 8968 8969 8967 8967 8970 8972 8970 8982 8991 8992 8993 8989 8985 8982 8983 8987 8990 8992 9002 9013 9021 9020 9023 9026 9030 9036 9041 9048 9053 9057 9031 9020 9021 9024 9018 9014 9024 9020 9014 9000 9004 9004 9002 9002 9003 9003 9005 9005 9002 9004 9013
8911 8934 8943 8959 8965 8970 8974 8976 8979 8982 8987 8994 8997 8999 9001 9000 8996 8991 8984 8978 8971 8964 8961 8956 8955 8952 8948 8943 8937 8933 8930 8940 8953 8962 8967 8967 8971 8972 8978 8984 8991 8993 8995 8996 8994 8989 8982 8982 8986 8991 8997 9000 9007 9013 9015 9019 9022 9027 9036 9049 9064 9080 9078 9046 9021 9022 9021 9021 9018 9016 9014 9010 9005 9005 9001 8998 8994 8997 9000 9001 8998 9002 9007 9015
