real_craters/C107-500m.grd
DSAA
138 138
-34.37 34.37
-34.37 34.37
8083.54627328 9400.2281071357
[rows 60 to 89 of 138, columns 0 to 66 of 138]
8940.65 8941.29 8947.47 8952.18 8955.95 8957.34 8958.03 8962.45 8967.69 8976.56 8991.17 9002.67 9022.85 9036.03 9046.19 9037.8 9030.83 9025.68 9021.24 9017.55 9009.42 8999.39 8989.19 8980.85 8975.28 8972.36 8973.92 8974.73 8982.25 8990.52 8998.34 9007.8 9016.68 9024.79 9033.02 9040.75 9047.73 9052.24 9052.89 9062.71 9076.69 9070.6 9054.16 9035.6 9026.82 9049.06 9082.91 9122.83 9169.59 9202.87 9178.91 9151.16 9124.89 9092.94 9044.35 8931.86 8782.68 8636.51 8508.65 8402.41 8312.31 8231.3 8158.3 8118.97 8132.71 8134.93 8130.34
8935.1 8937.75 8942.25 8947.36 8952.62 8958.87 8958.91 8964.09 8968.56 8973.97 8992.08 9017.01 9023.53 9026.6 9027.25 9022.55 9019.96 9021.07 9021.35 9014.27 9006.07 8997.26 8987.91 8978.53 8973.39 8969.7 8969.61 8977.49 8982.48 8989.94 8998.38 9007.5 9016.2 9026.17 9036.72 9049.35 9065.25 9063.27 9062.98 9080.33 9101.95 9089.74 9067.93 9041.35 9014.08 9049.88 9097.87 9143.51 9196.45 9224.25 9166.27 9116.68 9061.28 8988.53 8886.26 8764.56 8637.08 8496.28 8374.22 8300.69 8238.59 8183.44 8140.25 8128.86 8124.07 8122.77 8119.32
8933.23 8936.27 8937.52 8942.77 8947.99 8953.3 8960.12 8975.54 8979.09 8987.48 9013.47 9034.95 9021.11 9010.83 9002.12 9000.43 9003.62 9008.96 9013.96 9007.64 9001.27 8994.56 8987.82 8979.92 8975.86 8974.06 8972.65 8974.28 8982.62 8990.79 8999.09 9007.72 9016.18 9025.95 9036.25 9049.01 9063.52 9065.12 9081.95 9112.47 9126.48 9106.87 9083.36 9059.48 9037.55 9070.53 9108.85 9145.71 9169.67 9158.14 9130.62 9073.71 8996.38 8900.1 8778.1 8645.49 8520.82 8383.68 8268.72 8224.66 8185.55 8151.16 8125.73 8113.95 8115.71 8115.01 8113.13
8924.42 8922.95 8930.91 8935.76 8942.77 8952.64 8967.01 8998.77 9024.53 9011.94 9012.01 9015.93 9005.11 8991.97 8979.95 8978.63 8985.56 8992.24 8995.81 8996.91 8994.68 8991.22 8989.31 8987.68 8981.32 8976.5 8978.41 8980.58 8984.45 8990.53 8997.75 9005.55 9014.4 9023.98 9033.97 9044.68 9051.85 9073.34 9109.69 9141.64 9134.29 9118.81 9096.49 9076.08 9062.28 9082.38 9115.52 9146.85 9160.32 9146.58 9107.52 9029.6 8937.05 8830.62 8706.03 8568.39 8451.56 8333.14 8236.77 8185.96 8154.11 8131.29 8116.01 8110.13 8108.4 8110.68 8111.1
8919.39 8920.65 8924.61 8931.44 8939.25 8947.18 8971.5 9014.22 9037.92 9007.63 8994.12 8991.54 8985.24 8974.74 8962.95 8961.07 8969.77 8979.02 8983.73 8986.75 8986.98 8985.92 8986.05 8989.03 8982.24 8980.73 8984.08 8983.83 8986.26 8990.54 8997.7 9006.36 9015.46 9024.66 9034.57 9045.41 9058.74 9088.66 9127.89 9153.62 9146.86 9127.35 9104.29 9080.79 9052.15 9072.67 9114.28 9151.33 9173.14 9164.54 9090.37 8989.65 8885.45 8777.4 8663.24 8545.23 8414.18 8310.04 8222.87 8163.12 8135.71 8119.62 8110.85 8109.26 8110.68 8111.31 8111.89
8913.87 8914.5 8919.83 8927.29 8938.47 8950.79 8976.25 9015.17 9027.46 8986.74 8971.89 8972.5 8969.19 8963.26 8955.99 8955.32 8960.07 8965.09 8973.93 8978.54 8979.28 8978.36 8976.56 8975.27 8972.97 8972.94 8976.82 8980.75 8986.6 8992.76 8999.66 9006.26 9014.82 9024.01 9034.48 9047.03 9066.63 9094.56 9125.19 9150.74 9147.06 9128.25 9105.61 9081.17 9048.84 9063.15 9111.43 9149.97 9172.45 9158.3 9061.43 8939.48 8831.82 8732.56 8631.02 8509.36 8381.14 8247.24 8173.05 8139.42 8121.55 8112.95 8109.94 8112.71 8115.01 8116.26 8115.62
8909.64 8910.28 8916.53 8922.63 8931.66 8950.24 8974.9 9006.69 9014.73 8979.53 8963.08 8961.92 8960.46 8956.86 8953.48 8953.4 8959.65 8966.27 8971.65 8973.43 8972.75 8970.57 8966.39 8963.11 8963.54 8964.63 8970.46 8977.1 8982.52 8989.57 8996.72 9005.15 9013.46 9022.71 9032.65 9043.77 9057.57 9076.89 9106.72 9136.73 9138.34 9124.07 9103.99 9083.48 9063.17 9069.19 9103.48 9134.58 9154.5 9097.59 8970.91 8856.93 8766.04 8687.7 8607.38 8517.55 8374.08 8211.16 8146.18 8126.2 8115.49 8111.58 8112.37 8118.11 8120.51 8123.47 8125.55
8908.64 8910.69 8914.35 8918.75 8923.94 8936.17 8959 8979.92 8992.42 8988.61 8972.31 8962.53 8958.29 8955.54 8954.01 8955.27 8966.2 8973.24 8971.59 8969.79 8967.8 8964.96 8960.5 8956.36 8957.06 8962.14 8967.69 8975.04 8981.49 8987.71 8994.89 9002.14 9009.21 9018.17 9027.79 9039.61 9052.79 9068.02 9096.49 9123.99 9129.08 9118.82 9102.48 9087.18 9067.73 9063.91 9091.83 9105.4 9075.45 8948.4 8816.64 8751.23 8692.61 8635.25 8578.74 8515.46 8384.08 8243.97 8156.85 8128.69 8118.81 8116.58 8116.35 8120.79 8120.54 8129.56 8139.73
8908.8 8911.61 8914.02 8916.55 8921.52 8930.52 8943.02 8948.35 8959.63 8973.09 8970.29 8960.61 8956.67 8956.18 8957.29 8960.47 8969.86 8970.86 8967.88 8966.28 8964.73 8962.81 8959.55 8953.67 8943.88 8950.66 8965.73 8973.51 8980.68 8988.01 8995.57 9002.69 9010.88 9019.24 9028.93 9039.38 9052.63 9071.49 9085.16 9103.44 9121.35 9111.82 9099.48 9089.38 9072.54 9060.75 9083.7 9085.63 9032.15 8868.49 8722.08 8668.78 8625.09 8581.35 8535.26 8477.2 8359.46 8218.53 8164.64 8140.1 8132.26 8128.88 8127.33 8123.55 8122.75 8137.14 8137.59
8909.83 8910.15 8911.56 8914.64 8919.47 8927.72 8937.98 8945.68 8947.65 8947.09 8947.71 8952.49 8954.31 8955.85 8958.67 8964.64 8965.3 8963.72 8962.07 8962.44 8962.6 8962.23 8962.49 8957.71 8953.56 8957.55 8966.61 8973.21 8980.56 8987.87 8996.8 9003.88 9013.68 9021.99 9029.21 9038.02 9048.19 9060.12 9077.13 9090.92 9100.44 9101.04 9096.7 9090.47 9078.56 9058.52 9089.89 9088.82 9017.49 8851.87 8689.49 8618.1 8572.66 8532.3 8487.45 8430.65 8334.41 8219.71 8176.23 8154.58 8143.78 8140.25 8143.01 8147.76 8163.15 8153.78 8140.76
8910.35 8909.83 8910.7 8912.97 8917.39 8925.31 8937.76 8946.86 8944.59 8939.78 8941.13 8946.37 8949.69 8952.48 8955.41 8957.07 8952.72 8948.25 8956 8959.65 8961.25 8961.07 8960.32 8959.06 8960.2 8963.5 8967.94 8973.07 8980.76 8988.99 8997.76 9006.47 9014.8 9021.49 9029.29 9036.34 9044.03 9052.04 9070.66 9080.72 9083.78 9092.01 9092.15 9094.48 9096.45 9100.97 9121.05 9115.84 9043.84 8856.56 8680.46 8589.8 8541.72 8498.09 8450.32 8393.14 8327.55 8249.51 8202.14 8173.53 8158.16 8152.02 8154.37 8168.23 8163.49 8160.89 8153.72
8910.98 8909.96 8910.15 8911.77 8914.79 8925.73 8940.75 8949.74 8945.7 8942.2 8942.68 8945.08 8947.99 8949.61 8952.26 8956.77 8956.2 8952.34 8956.72 8960.53 8962.32 8960.71 8957.01 8956.7 8957.62 8958.56 8965.03 8972.48 8980.84 8989.45 8998.23 9007.13 9015.86 9024.18 9031.65 9038.22 9043.2 9045.65 9057.81 9075.85 9080.24 9087.27 9089.64 9089 9097.86 9123.66 9134.53 9145.18 9070.57 8874.13 8659.67 8582.32 8536.31 8487.74 8430.44 8360.75 8294.64 8272.86 8223.28 8189.69 8169.95 8157.46 8151.57 8148.02 8151.94 8162.7 8169.75
8911.5 8909.87 8908.64 8912.49 8918.1 8928.11 8944.6 8954.95 8947.58 8944.37 8945.38 8946.92 8947.69 8947.4 8947.05 8946.57 8948.5 8959.91 8960.44 8964.03 8967.25 8966.55 8959.79 8958.4 8956.38 8956.87 8963.12 8970.69 8979.58 8988.55 8998 9006.82 9015.45 9024.05 9032.31 9040.45 9047.04 9055.07 9067.35 9082.2 9094.16 9091.94 9084.02 9077.21 9070.57 9059.29 9114.03 9180.26 9122.32 8928.7 8722.83 8629.55 8577.49 8516.08 8441.21 8364.49 8296.64 8264.39 8230.77 8201.42 8177.66 8159.56 8146.8 8139.15 8144.22 8151.7 8158.68
8912.23 8911.97 8912.15 8913.28 8915.29 8926.96 8944.5 8955.11 8949.77 8949.11 8949.4 8948.99 8946.72 8944.66 8941.57 8938.22 8938.47 8951.82 8960.23 8968.06 8975.31 8979.85 8978.87 8965.67 8956.99 8958.85 8963.42 8969.98 8976.86 8985.46 8993.76 9001.87 9008.68 9018.1 9027.91 9038.67 9051.89 9066.18 9076.07 9087.52 9103.77 9097.92 9083.8 9070.96 9056.23 9049.96 9109.34 9207.66 9171.2 9010.74 8836.91 8731.33 8660.65 8578.2 8484.66 8392.14 8324.26 8270.62 8237.91 8209.67 8184.57 8160.26 8142.98 8134.93 8131.16 8139.47 8153.8
8912.61 8913.03 8915.82 8911.81 8910.43 8923.38 8938.78 8949.03 8950.68 8952.86 8954.06 8952.03 8948.44 8944.81 8940.03 8934.91 8935.23 8944.19 8960.23 8972.94 8983.73 8991.38 8988.44 8973.95 8962.1 8960.42 8964.7 8970.4 8977.34 8985.38 8993.33 9000.75 9009.37 9017.98 9027.91 9038.48 9052.11 9068.46 9079.54 9092.61 9107.91 9103.52 9087.51 9071.38 9057.28 9052.54 9106.55 9223.79 9201.98 9093.83 8971.11 8872.29 8780.05 8664.88 8539.22 8416.8 8314.3 8274.89 8253.02 8227.85 8199.6 8166.24 8132.92 8117.46 8125.7 8134.46 8141.8
8912.71 8911.24 8909.4 8913.06 8917.35 8922.41 8932.03 8943.33 8956.39 8963.33 8959.98 8954.81 8950.3 8944.78 8939.84 8936.67 8938.87 8950.65 8966.45 8979.51 8990.62 9000.72 8999.05 8981.83 8969.18 8966.62 8968.58 8973.03 8978.94 8986.6 8992.95 9000.9 9008.64 9017.98 9027.32 9037.76 9049.8 9064.15 9078.17 9089.19 9100.48 9102.75 9090.15 9078.02 9070.23 9069.91 9095.9 9151.96 9179.29 9164.7 9124.45 9051.27 8925.8 8770.41 8606.09 8449.63 8335.94 8289.69 8274.44 8250.99 8219.77 8181.64 8138.8 8114 8116.47 8125.99 8134.57
8913.12 8910.44 8901.51 8914.47 8918.38 8920.97 8927.37 8936.78 8949.88 8967.61 8961.46 8956.05 8951.42 8947.62 8944.63 8943.83 8950.56 8964.96 8975.98 8984.96 8992.44 8997.48 8998.05 8991.41 8978.94 8971.6 8972.9 8976.12 8981.3 8986.93 8993.54 9000.07 9008.12 9016.45 9025 9034.07 9043.42 9053.53 9083.22 9087.33 9092.14 9095.31 9091.01 9088.67 9084.3 9095.2 9111.09 9088.89 9151.95 9223.78 9273.69 9242.88 9074.38 8876.87 8678.31 8494.98 8360.41 8330.9 8310.38 8284.71 8250.92 8212.02 8167.32 8131.82 8102.61 8092.5 8106.37
8914.1 8914.3 8918.17 8919.68 8916.33 8917.81 8921.94 8928.37 8939.41 8952.64 8955.52 8953.82 8951.23 8949.32 8948.98 8953.3 8970.94 8985.08 8988.94 8992.04 8993.09 8992.58 8993.28 8992.67 8987.95 8979.93 8977.14 8978.58 8981.97 8985.72 8991.41 8998.46 9005.44 9012.86 9020.54 9027.92 9036.27 9043.44 9063.3 9074.34 9079.81 9083.63 9087.2 9086.01 9087.81 9096.68 9090.08 9057.39 9149.21 9261.8 9359.86 9364.27 9182.41 8965.93 8747.47 8554.16 8433.58 8397.22 8364.15 8327.5 8292.03 8258.03 8216.22 8171.52 8127.79 8106.21 8094.66
8915.23 8916.48 8918.11 8915.88 8912.53 8914.91 8917.63 8922.08 8929.73 8942.21 8948.57 8950.22 8949.18 8948.83 8951.17 8958.56 8970.74 8990.51 8999.6 9001.35 8996.9 8988.65 8988.66 8987.62 8981.8 8979.05 8978.02 8978.51 8980.85 8984.94 8990.08 8995.69 9001.99 9009.04 9016.18 9022.68 9031.97 9042.29 9051.69 9064.24 9072.48 9075.48 9077.77 9082.22 9087.77 9091.59 9083.98 9065.64 9155.49 9268 9372.02 9400.23 9233.77 9019.67 8808.15 8612.23 8499.91 8484.17 8425.21 8376.01 8337.7 8308.97 8305.66 8233.32 8181.85 8149.6 8128.54
8914.87 8916.41 8916.65 8915.8 8913.75 8914.46 8917.18 8921.45 8930.27 8939.37 8944.52 8946.53 8946.88 8948 8950.37 8954.81 8971 9000.01 9012.89 9013.07 9005.78 8994.96 8989.12 8986.48 8983.77 8978.8 8977.04 8977.94 8980.49 8984.94 8989.75 8993.98 8999.67 9004.83 9011.02 9018.72 9028.05 9040.54 9043.84 9055.06 9061.02 9057.44 9062.29 9071.71 9078.15 9081.21 9086.14 9092.2 9152.4 9239.95 9324.9 9375.86 9220.48 9038.6 8857.35 8690.13 8583.38 8532.63 8470.56 8421.26 8376.86 8333.91 8297.26 8273.42 8243.46 8214.02 8178.68
8914.54 8916.06 8915.96 8914.1 8913.92 8915.37 8917.62 8921.98 8932.21 8938.63 8941.17 8943.48 8944.58 8946.91 8951.13 8956.85 8983.48 9023.36 9028.1 9026.95 9022.04 9007.64 8993.89 8977.76 8980.24 8976.38 8974.9 8976.01 8979.26 8983.43 8988.14 8992.9 8998.13 9002.71 9009.21 9014.23 9020.34 9025.53 9041.17 9054.71 9053.04 9035.36 9051.7 9062.18 9066.18 9064.09 9049.23 9058.6 9124.14 9181.93 9221.87 9212.08 9136.02 9032.3 8905.71 8767.51 8654.95 8564.9 8511.43 8469.38 8424.49 8370.01 8320.94 8330.57 8326.66 8292.52 8244.95
8914.37 8916.06 8916.65 8914.46 8916.37 8918.89 8921.03 8924.73 8934.37 8936.57 8937.68 8939.49 8941.59 8945.56 8952.28 8961.7 8986.39 9025.13 9029.19 9036.01 9042.69 9035.25 9004.18 8980.38 8970.36 8969.78 8970.25 8971.82 8978.01 8982.26 8987.1 8990.55 8995.64 9000.64 9006.45 9011.11 9014.83 9017.74 9034.2 9043.53 9039.94 9051.86 9058.2 9059.57 9058.74 9054.87 9051.21 9055 9099.27 9130.45 9131.11 9073.36 9060.21 9040.76 8977.08 8864.85 8747.83 8628.91 8570.72 8539.07 8507.88 8466.12 8429.89 8436.58 8440.87 8406.82 8378.49
8914.91 8917.19 8919.57 8919.25 8920.2 8922.5 8922.75 8923.7 8928.43 8931.82 8933.74 8935.78 8938.66 8942.03 8946.96 8952.25 8966.86 8984.74 9008.21 9033 9051.37 9044.67 9005.43 8975.18 8964.43 8963.97 8966.98 8971.22 8978.82 8982.81 8987.12 8993.7 8998.61 9002.96 9007.2 9010.42 9015.04 9020.23 9024.94 9031.43 9046.26 9068.21 9065.29 9060.16 9058.82 9055.88 9053.3 9055.24 9085.74 9107.53 9107.3 9082.14 9082.64 9092.46 9087.28 9050.52 8899.86 8738.9 8663.54 8632.62 8612.77 8609.39 8594.81 8564.7 8570.94 8579.87 8576.55
8915.1 8916.8 8919.94 8921.11 8922.37 8923.42 8920.99 8915.2 8920.67 8927.18 8930.29 8933.24 8935.54 8937.09 8938.68 8938.31 8946.68 8954.71 8986.78 9023.46 9049.2 9039.15 8997.15 8969.13 8961.23 8961.45 8963.87 8971.41 8976.53 8982.25 8987.77 8992.49 8997.65 9002.28 9006.81 9010.02 9013.31 9019.05 9022.11 9028.6 9046.74 9050.5 9051.97 9053.95 9058.66 9062.7 9057.97 9064.21 9090.59 9116.43 9130.43 9134.16 9143.46 9158.17 9173.23 9191.44 9029.93 8868.83 8783.54 8743.06 8709.12 8698.3 8683.67 8655.28 8653.47 8660.28 8664.42
8911.57 8913.97 8915.75 8918.45 8921.41 8924.34 8922.21 8920.43 8921.23 8924.62 8928.18 8930.59 8932.24 8933.62 8933.87 8933.79 8938.81 8950.6 8976.42 9011.09 9042 9029.89 8991.07 8972.78 8966.03 8962.13 8962.92 8966.94 8974.76 8980.18 8984.83 8990.63 8996.19 9002.04 9007.18 9010.28 9011.9 9014.3 9025.33 9037.44 9033.48 9028.63 9032.17 9040.81 9053.91 9072.2 9097.09 9080.69 9114.39 9151.44 9179.64 9199.92 9210.31 9213.97 9189 9123.31 9087.54 9008.51 8936.98 8862.37 8790.55 8723.4 8706.11 8711.4 8717.34 8690.94 8679.13
8909.29 8911.54 8912.35 8915.17 8918.39 8921.5 8921.36 8922.93 8922.97 8923.7 8925.81 8927.88 8929.45 8931.36 8932.45 8931.19 8934.6 8942.17 8962.27 8992.99 9015.97 9005.17 8976.09 8960.33 8958.16 8958.53 8961.87 8965.83 8971.09 8976.57 8983.14 8990.25 8996.46 9002.08 9008.44 9014.09 9018.42 9023.14 9027.65 9025.15 9014.12 9005.42 9010.1 9030.65 9047.6 9069.41 9098.65 9115.15 9151.7 9191.95 9233.13 9281.86 9312.36 9272.94 9221.32 9174.59 9141.64 9126.96 9082.04 8974.36 8880.88 8792.37 8771.74 8768.76 8744.54 8704.38 8665.74
8908.9 8911.37 8915.38 8914.33 8914.54 8913.58 8916.75 8919.02 8921.43 8922.17 8923.75 8925.84 8927.72 8929.59 8931.23 8930.25 8932.8 8937.11 8952.15 8979.92 8991.28 8982.58 8956.78 8953.03 8953.44 8956.46 8960.07 8964.95 8969.35 8974.94 8981.7 8987.85 8994.44 9002.44 9009.89 9018.7 9027.32 9032.34 9033.58 9036.86 9021.66 9016.01 9023.15 9030.49 9041.93 9057.09 9098.49 9224.78 9197.34 9218.52 9256.09 9314.1 9362.72 9291.74 9230.89 9190.64 9169.48 9154.86 9119.96 9050.53 8986.87 8911.06 8889.53 8862.91 8811.16 8777.47 8758.05
8904.84 8910.25 8913.13 8914.24 8916.04 8916.35 8917.21 8917.28 8918.32 8919.97 8921.81 8923.75 8925.84 8927.54 8928.9 8931.55 8936.02 8941.79 8955.38 8983.29 9001.4 8984.74 8957.7 8953.34 8954.3 8956.15 8959.25 8963.47 8967.91 8973.23 8978.05 8983.84 8991.19 9000.34 9008.28 9018.74 9028.22 9033.46 9035.29 9033.48 9035.99 9035.77 9032.35 9034.77 9045.57 9060.78 9109.27 9205.88 9215.81 9216.79 9233.7 9256.06 9261.09 9238.31 9214.15 9187.42 9165.23 9139.66 9107.65 9095.87 9101.83 9117.36 9044 8999.28 8952.99 8943.24 8951.65
8906.39 8909.61 8914.3 8913.78 8916.19 8920.72 8917.92 8914.87 8914.96 8917.32 8919.52 8922.12 8924.28 8926.11 8929.52 8935.42 8943.3 8954.11 8968.9 8994.5 9009.42 8999.78 8982.63 8960.35 8957.48 8956.6 8958.1 8961.43 8964.67 8968.96 8974.5 8979.77 8988.2 8996.74 9006.57 9017.2 9028.81 9032.98 9035.42 9039.44 9044.89 9041.43 9024.51 9043.82 9060.05 9072.83 9108.18 9153.57 9172.64 9179.39 9183.82 9176.07 9146.61 9157.95 9166.74 9165.3 9150.37 9127.08 9105.24 9116.46 9146.82 9178.3 9130.74 9122.46 9164.51 9140.11 9175.7
8905.42 8907.77 8907.03 8910.41 8913.41 8917.04 8915.03 8911.21 8912.91 8915.31 8918.03 8920.77 8923.34 8925.46 8929.21 8937.3 8950.34 8967.8 8991.07 9006.82 9013.26 9007.85 8993.29 8971.33 8962.72 8958.95 8958.2 8959.34 8962.26 8967.18 8972.39 8976.99 8983.67 8991.57 9001.24 9012.04 9015.72 9026.48 9032.83 9040.81 9048.44 9051.51 9063.08 9083.31 9086.25 9087.62 9096.35 9098.5 9112.23 9130.91 9133.81 9119.44 9092.39 9108.13 9128.21 9138.29 9137.82 9126.49 9105.82 9116.52 9119.85 9123.6 9122.56 9128.11 9186.39 9138.41 9147.81
