real_craters/C107-500m.grd
DSAA
138 138
-34.37 34.37
-34.37 34.37
8083.54627328 9400.2281071357
[rows 60 to 89 of 138, columns 67 to 133 of 138]
8125.04 8122.17 8120.29 8123.24 8128.65 8149.12 8192.63 8236.2 8277.37 8315.57 8360.71 8419.33 8518.45 8694.15 8846.39 8950.64 9038.37 9114.19 9170.5 9226.21 9258.66 9261.34 9233.07 9165.56 9071.59 9028.99 9023.13 9026.16 9034.38 9042.25 9051.89 9061.69 9071.51 9078.38 9086.23 9081.97 9078.67 9078.04 9080.09 9071.38 9060.5 9049.14 9041.22 9039.35 9036.17 9037.98 9049.13 9057.7 9056.18 9045.49 9040.93 9040.91 9042.08 9038.84 9030.65 9033.97 9037.92 9042.05 9045.96 9049.29 9051.76 9054.88 9057.7 9058.77 9062.15 9066.98 9074.42
8114.93 8115.18 8117.69 8121.43 8126.83 8143.63 8168.52 8201.08 8232.71 8261.24 8294.56 8334.85 8395.26 8514.74 8672.25 8822.04 8945.48 9036.24 9116.76 9234.68 9292.78 9283.63 9252.45 9198.63 9079.55 9041.01 9035.76 9037.32 9041.15 9045.96 9052.43 9060.74 9070.5 9076.12 9083.88 9084.44 9078.03 9071.59 9062.49 9063.49 9059.34 9053.61 9049.3 9053.68 9049.04 9043.32 9045.62 9048.54 9046.15 9043.71 9041.35 9039.23 9039.96 9041.54 9039.86 9040.5 9041.58 9043.59 9046.29 9049.22 9052.63 9056.13 9059.16 9059.22 9062.22 9066.9 9071.22
8110.75 8112.96 8114.41 8123.22 8132.29 8141.94 8158.12 8177.51 8199.68 8223.89 8243.73 8271.19 8312.61 8386.54 8543.83 8723.51 8885.57 9024.25 9148.67 9301.4 9344.72 9297.78 9218.6 9108.6 9081.97 9063.8 9058.78 9053.78 9051.88 9052.25 9053.78 9056.32 9059.31 9066.45 9072.41 9078.04 9074.15 9066.87 9056.71 9056.49 9058.53 9062.4 9070.68 9070.9 9062.2 9058.66 9056.31 9046.65 9038.85 9040.74 9039.31 9034.99 9030.1 9032.46 9041.62 9044.62 9045.06 9046.06 9049 9051.58 9054.41 9057.12 9057.45 9060.62 9063.79 9067.35 9070.76
8110.31 8115.02 8119.57 8130.82 8135.03 8139.94 8151.31 8166.16 8179.39 8195.75 8211.84 8225.98 8242.17 8287.49 8460.42 8660.43 8857.21 9049.43 9242.8 9358.85 9385.18 9312.4 9211.34 9110.85 9096.2 9090.17 9082.26 9073.1 9064.21 9059.68 9056.97 9056.64 9058.49 9059.69 9065.75 9068.34 9070.37 9068.27 9064.11 9059.62 9057.83 9059.34 9069.7 9074.13 9066.08 9055.77 9051.9 9045.66 9037.1 9038.61 9036.77 9033.68 9030.74 9033.21 9040.68 9045.24 9045.84 9047.67 9050.38 9052.94 9055.91 9058.68 9060.93 9061.34 9063.16 9066.59 9072.47
8116.28 8117.78 8123.74 8133.58 8132.6 8134.16 8144.43 8156.1 8170.9 8183.86 8196.39 8205.74 8223.88 8269.55 8427.96 8627.47 8838.07 9049.22 9240.3 9358.39 9384.04 9321.33 9226.55 9128.71 9126.27 9131.8 9107.65 9091.33 9078.13 9067 9060.58 9056.67 9056.58 9056.52 9060.9 9065.28 9068.35 9072.22 9069.18 9061.49 9055.71 9052.3 9059.27 9066.46 9065.39 9060.84 9054.96 9050.25 9043.73 9039.42 9036.64 9037.02 9034.63 9037.19 9039.81 9041.15 9045.23 9048.86 9052.51 9055.94 9058.03 9060.42 9060.05 9061.32 9062.41 9063.49 9065.19
8114.18 8121.05 8140.17 8125.31 8124.88 8127.93 8137.62 8153.2 8164.74 8176.62 8187.2 8200.42 8219.87 8273.96 8418.95 8609.67 8817.85 9024.32 9210.88 9325.21 9355.54 9317.93 9245.43 9168.43 9118.32 9126.53 9111.29 9094.99 9080.22 9067.07 9057.04 9049.78 9049.62 9051.94 9057.59 9066.58 9065.4 9050.09 9044.02 9052.54 9053.47 9054.79 9057.78 9060.97 9062.34 9067.44 9058.32 9056.94 9057.17 9050.49 9045.82 9045.94 9047.95 9045.66 9042.73 9043.47 9047.75 9052.48 9055.96 9057.5 9058.96 9058.28 9059.08 9059.68 9060.13 9060.14 9058.88
8123.34 8136.55 8123.89 8107.87 8125.04 8133.97 8144.01 8155.32 8165.41 8176.4 8183.88 8196.08 8210.31 8260.06 8407.86 8591.13 8790.92 8990.58 9165.95 9291.22 9344.17 9306.76 9224.3 9121 9087.97 9100.94 9104.9 9093.34 9078.92 9064.57 9051.63 9040.07 9038.62 9048.46 9058.47 9065.99 9065 9052.97 9039.59 9047.71 9052.37 9053.38 9050.69 9055.91 9058.94 9057.26 9054.06 9064.51 9072.26 9062.34 9055.67 9053.6 9057.73 9054.22 9049.92 9047.42 9052.14 9056.67 9058.98 9060.63 9060.62 9058.61 9058.48 9058.53 9058.22 9057.26 9056.98
8132.2 8103.68 8124.95 8164.31 8145.85 8146.56 8153.07 8160.66 8168.65 8177.05 8186.43 8197.71 8202.63 8261.7 8399.76 8572.27 8759.99 8950.54 9132.38 9273.62 9347.02 9285.53 9182.99 9076.34 9076.25 9113.92 9099.83 9085.63 9071.72 9059.31 9046.06 9035.65 9034.7 9042.37 9050.7 9057.58 9060.16 9060.51 9058.6 9051.74 9053.23 9056.49 9053.75 9057.35 9060.46 9061.47 9062.27 9072.19 9077.32 9062.49 9050.76 9052.32 9056.78 9059.66 9058.9 9058.55 9061.27 9062.54 9062.78 9062.44 9060.02 9058.44 9057.66 9057.79 9057.32 9056.79 9056.52
8114.85 8091.81 8121.77 8146.34 8151.77 8155.8 8163.27 8169.14 8174.7 8180.52 8188.64 8201.89 8223 8270.83 8394.57 8552.33 8724.11 8897.98 9069.33 9207.4 9258.51 9238.63 9158.36 9077.01 9069.34 9083.68 9082.63 9074.74 9065.14 9053.67 9043.22 9034.68 9032.69 9037.25 9041.84 9045.73 9047.53 9043.35 9044.59 9047.17 9051.01 9058.26 9062.01 9060.96 9062.6 9059.67 9066.95 9070.94 9069.32 9055.92 9040.99 9051.11 9060.54 9064.62 9068.53 9071.35 9071.17 9069.48 9065.94 9063.42 9061.86 9059.65 9057.8 9055.68 9055.65 9055.71 9055.75
8122.09 8116.29 8128.69 8133.06 8148.91 8162 8174.45 8177.87 8179.9 8182.71 8188.77 8202.16 8231.09 8282.33 8389.06 8536.68 8691.52 8839.91 8964.42 9060 9180.19 9208.97 9154.56 9084.33 9082.35 9070.67 9068.26 9064.86 9056.29 9046.79 9038.75 9033 9029.84 9029.01 9032.21 9034.29 9033.79 9036.86 9038.54 9040.37 9041.39 9040.95 9047.61 9058.84 9067.64 9064.34 9062.44 9058.15 9057.81 9053.72 9049.37 9055.15 9063 9070.06 9076.22 9079.08 9079.12 9074.3 9069.88 9063.88 9060.7 9058.43 9058.1 9056.09 9056.42 9055.69 9056.35
8136.95 8118.42 8122.04 8131.22 8151.27 8167.95 8181.64 8186.27 8185.75 8185.15 8188.85 8197.53 8217.76 8279 8392.57 8530.88 8675.57 8809.03 8913.92 8998.78 9166.69 9229.83 9177.81 9094.91 9070.75 9075.09 9065.93 9053.21 9043.27 9036.67 9032.45 9030.65 9026.8 9023.82 9026.39 9030.19 9033.42 9034.16 9036.1 9035.75 9034.17 9034.73 9043.55 9056.73 9068.35 9068.28 9049.35 9049.22 9051.91 9055.89 9061.56 9064.18 9069.35 9075.63 9080.93 9087.12 9084.21 9073.82 9065.65 9061.21 9058.56 9058.28 9056.01 9056.93 9056.27 9056.51 9057.42
8158.51 8149.1 8147.8 8150.23 8160.02 8173.84 8190.65 8195.89 8191.95 8190.49 8195.3 8205.7 8233.18 8308.74 8408.46 8540.12 8685.72 8825.58 8949.69 9067.43 9226.97 9290.66 9224.88 9126.2 9057.79 9065.3 9054.67 9037.17 9030.87 9026.68 9024.03 9024.5 9022.3 9025.15 9025.71 9028.75 9031.25 9037.07 9036.46 9036.4 9035.22 9036.51 9043.84 9055.13 9064.88 9060.9 9047.95 9043.83 9050.06 9059.93 9068.01 9075.39 9080.06 9080.07 9079.59 9079.71 9076 9066.44 9060.33 9057 9054.37 9053.74 9053.95 9054.43 9055.48 9058.55 9059.51
8156.43 8150.99 8167.7 8165.98 8165.75 8172.9 8191.57 8195.44 8192.97 8199.04 8206.35 8223.14 8258.56 8310.28 8410.05 8561.44 8719.41 8874.36 9019.54 9167.41 9293.75 9342.74 9275.21 9186.66 9107.34 9048.06 9019.33 9018.8 9019.72 9019.98 9018.08 9015.52 9015.76 9015.64 9021.62 9027.35 9034.96 9035.56 9037.7 9040.56 9041.58 9045.85 9050.89 9053.37 9052.38 9052.11 9042.81 9042.93 9050.65 9062.9 9079.93 9091.06 9088.1 9080.09 9072.43 9063.16 9055.87 9054.63 9051.79 9049.71 9049.65 9050.15 9052.09 9054.1 9056.21 9058.65 9062.87
8167.29 8163.16 8168.63 8165.22 8163.89 8165.1 8162.02 8170.66 8195.14 8212.21 8227.78 8246.14 8282.88 8336.82 8436.43 8599.13 8769.26 8932.5 9091.5 9234.11 9350.28 9382.49 9301.59 9203.83 9119.51 9041.12 9001.02 9007.13 9012.85 9016.9 9020.3 9020.28 9018.77 9020.67 9020.63 9024.63 9027.21 9027.65 9037.62 9047.25 9057.72 9063.62 9059.28 9053.34 9047.91 9044.17 9033.42 9038.28 9048.18 9059.65 9074.18 9091.74 9086.5 9074.16 9063.59 9053.1 9045.25 9045.49 9044.04 9044.44 9044.78 9047.15 9048.77 9050.49 9053.75 9059.72 9064.9
8155.06 8155.41 8150.95 8151.45 8157.92 8165.16 8172.33 8192.78 8214.47 8238.87 8264.53 8291.53 8334.26 8401.3 8496.88 8669.39 8835.58 8993.46 9150.48 9300.82 9386.36 9386.23 9274.74 9178.71 9092.92 9061.42 9024.14 9012.61 9012.51 9016.71 9024.11 9026.11 9021.47 9020.03 9021.2 9022.14 9024.4 9028.21 9038.81 9050.42 9064.48 9064.79 9059.6 9052.63 9047.26 9039.72 9041.58 9043.98 9046.8 9051.77 9056.31 9064.72 9070.18 9061.89 9052.51 9044.86 9046.71 9036.68 9036.03 9039.68 9043.49 9046.55 9050.4 9053.37 9056.92 9061.45 9065.09
8137.45 8137.09 8113.72 8137.85 8158.81 8177.22 8198.08 8226.41 8246.9 8273.55 8311.36 8372.28 8444.06 8519.38 8628.99 8775.96 8915.92 9048.74 9177.48 9294.77 9330.83 9229.31 9194.69 9149.34 9100.58 9074.76 9043.75 9022.34 9017.06 9017.76 9023.27 9024.19 9022.16 9021.7 9021.29 9022.15 9025.59 9033.67 9041.78 9046.94 9050.41 9057.5 9056.31 9050.25 9040.91 9039.26 9043.38 9046.04 9047.68 9043.94 9039.72 9039.32 9049.39 9047.46 9040.02 9027.76 9016.18 9018.87 9027.96 9035.71 9041.61 9046.24 9050.27 9052.6 9056.99 9060.48 9064.29
8096.94 8097.91 8114.87 8141.04 8169.96 8196.92 8223.13 8253.17 8278.8 8309.98 8352.33 8419.94 8521.74 8643.62 8794.51 8896.8 8998.24 9092.28 9172.46 9226.26 9219.21 9169.89 9145.1 9126.72 9111.3 9092.44 9044.46 9029.63 9025.26 9019.24 9010.14 9014.93 9021.15 9022.93 9022.26 9022.04 9023.55 9040.89 9046.79 9046.9 9044.52 9046.27 9051.47 9049.41 9044.11 9039.28 9043.34 9052.42 9048.59 9035.78 9026.71 9030.6 9038.22 9037.53 9032.02 9019.52 8997.13 9012.19 9029.92 9039.16 9045.02 9049.68 9053.6 9056.75 9060.78 9063.82 9067.67
8083.55 8105.87 8128.47 8159.53 8191.97 8223.84 8255.51 8286.73 8316.7 8343.23 8383.29 8455.04 8581.8 8733.35 8885.64 8990.58 9074.92 9130.66 9162.66 9170.56 9158.6 9127.9 9112.02 9111.48 9114.98 9087.39 9060.97 9050.08 9039.37 9027.37 9018.61 9016.36 9020.93 9023.47 9024.09 9025.12 9029.68 9051.39 9051.95 9052.94 9052.73 9050.67 9048.54 9047.43 9046.4 9044.71 9049.37 9052.6 9042.77 9026.37 9015.81 9020.96 9028.75 9031.45 9031.2 9029.76 9036.85 9040.3 9040.1 9044.28 9048.07 9050.99 9055.48 9058.16 9062.33 9066.19 9070.28
8101.55 8120.36 8154.86 8195.49 8229.55 8261.51 8296.76 8345.98 8357.98 8373.67 8409.91 8481.06 8640.52 8822.31 8971.85 9097.37 9159.33 9177.28 9165.86 9128.49 9072.07 9068.72 9080.31 9098.1 9110.35 9096.6 9095.52 9080.56 9053.45 9036.84 9027.8 9021.94 9021.85 9024.23 9027.26 9030.32 9034.01 9044.54 9051.38 9054.3 9053.51 9046.84 9047.22 9045.88 9044.58 9046.94 9047.6 9037.07 9024.14 9016.84 9005.67 9006.42 9023.57 9029.48 9032.66 9037.77 9046.87 9048.69 9046.53 9047.75 9050.85 9054.11 9058.13 9061.18 9065.44 9069.49 9074.26
8151.97 8174.93 8214.99 8251.52 8282.51 8308.42 8333.12 8365.42 8381.72 8402.76 8444.94 8518.9 8713.39 8928.28 9131.38 9241.82 9254.13 9230.42 9185.49 9124.43 9067.35 9066.93 9084.75 9093.51 9099.45 9100.73 9094.06 9076.7 9056.99 9040.17 9028.54 9023.79 9022.46 9026.13 9031.59 9038.2 9043.47 9049.14 9051.93 9049.58 9047.6 9048.45 9050.43 9051.45 9053.93 9049.5 9044.15 9035.22 9023.95 9014.49 9008.12 9016.9 9027.25 9029.55 9033.14 9038.03 9043.1 9046.43 9047.78 9049.71 9052.22 9055.62 9061.37 9065.09 9068.14 9072.69 9076.06
8224.99 8273.08 8306.03 8327.57 8346.18 8357.89 8366.82 8380.05 8401.19 8435.87 8489.15 8594.86 8789.42 9019.28 9244.26 9354.79 9328.08 9276.32 9213.76 9144.38 9077.13 9080.13 9097.5 9097.18 9093.89 9094.2 9084.41 9068.85 9053.47 9039.38 9029.62 9024.78 9026.82 9028.51 9035.21 9045.34 9057.21 9056.93 9057.02 9054.75 9051.3 9052.22 9056.45 9059.16 9060.87 9048.04 9037.81 9028.24 9023.38 9016.95 9013.66 9017.55 9023.55 9027.53 9030.64 9034.83 9040.53 9045.73 9046.09 9049.65 9053.68 9057.7 9062.32 9065.45 9070.27 9075.39 9079.53
8355.1 8377.3 8401.52 8410.09 8412.92 8413.05 8415.41 8420.05 8442.04 8482.73 8541.47 8651.61 8851.79 9070.14 9276.73 9380.84 9347.77 9295.14 9234.12 9175.58 9126.92 9115.36 9113.64 9103.2 9092.69 9083.87 9078.54 9065.32 9048.08 9034.58 9026.21 9022.24 9022.66 9028.08 9035.82 9044.83 9053.55 9062.57 9064.06 9060.18 9055.76 9056.17 9063.09 9071.56 9069.75 9042.56 9016.55 9016.7 9018.93 9021.16 9020.18 9022.9 9026.08 9024.62 9026.58 9029.95 9033.42 9034.64 9042.73 9048.92 9054.36 9058.44 9063.28 9067.04 9072 9076.48 9081.23
8540.44 8530.66 8516.07 8499.42 8489.89 8484.35 8480.36 8485.61 8513.01 8559.89 8620.05 8729.59 8916.49 9095.85 9240.21 9311.59 9321.24 9285.79 9240.67 9197.47 9162.47 9144.18 9129.35 9107.97 9093.42 9086.5 9069.62 9052.24 9045.43 9035.07 9025.24 9022.86 9021.73 9027.05 9035.23 9044.8 9055.17 9064.27 9065.86 9056.55 9049.83 9052.88 9062.92 9080.61 9076.59 9044.79 9022.34 9021.26 9026.1 9027.28 9027.13 9021.68 9016.99 9018.67 9022.96 9027.56 9031.46 9035.88 9042.38 9048.7 9054.45 9060.18 9064.77 9068.23 9073.17 9077.82 9082.1
8667.7 8679.33 8617.97 8590.61 8579.71 8570.77 8563.95 8565.53 8594.5 8675.57 8759.71 8864.87 9003.86 9126.54 9224.02 9282.2 9285.36 9260.34 9229 9198.63 9167.6 9146.12 9126.02 9104.19 9088.34 9072.57 9061.2 9049.22 9052.58 9055.24 9044.84 9029.13 9023.44 9027.52 9034.6 9042.11 9051.62 9062.1 9064.41 9055.74 9048.82 9048.32 9050.97 9055.77 9071.4 9047.29 9027.22 9023.54 9026.95 9028.35 9030.27 9017.2 9005.95 9012.8 9019.46 9025.9 9031.58 9036.91 9044.16 9051.25 9055.84 9060.92 9065.72 9070.06 9074.27 9078.11 9082.21
8673.04 8651.5 8673.86 8672.5 8675.65 8672.57 8671.43 8668.71 8688.47 8833.23 8977.68 9056.51 9109.6 9163.38 9214.32 9256.76 9241.3 9218.62 9198.28 9181.23 9161.93 9145.98 9111.23 9092.87 9085.9 9078.41 9068.39 9063.98 9064.09 9072.82 9059.17 9035.69 9025.97 9029.23 9034.61 9042.77 9049.91 9057.04 9059.5 9044.32 9044.01 9042.91 9043.78 9051.31 9063.08 9054.57 9042.06 9031.94 9022.04 9016.99 9007.05 9010.36 9010.9 9012.46 9017.78 9025.59 9033.58 9041.16 9048.3 9053.58 9059.13 9063.98 9068.87 9071.06 9074.94 9078.59 9082.51
8686.92 8716.38 8749.23 8770.81 8778.35 8782.99 8794.46 8815.67 8860.48 9028.62 9194.17 9218.87 9194.87 9186.2 9182.4 9166.5 9170.72 9169.24 9161.3 9153.66 9146.04 9136.66 9100.53 9086.99 9089.03 9091.81 9101.23 9079.1 9069.84 9069.85 9063.36 9050.83 9038.33 9032.33 9032.01 9039.39 9043.11 9047.52 9046.53 9042.42 9039.76 9038.87 9042.12 9051.31 9055.07 9053.06 9051.68 9044.52 9037.41 9017.82 9011.03 9007.74 9007.3 9008.16 9017.07 9026.49 9035.96 9048.23 9054.15 9055.27 9059.18 9062.53 9065.46 9072.29 9075.73 9078.94 9081.36
8790.07 8832.64 8859.88 8875 8875.56 8890.47 8918.31 8975.69 9094.88 9190.65 9309.88 9280.39 9224.17 9184.03 9148.65 9107.8 9107.22 9121.49 9126.43 9123.59 9121.18 9109.33 9097.38 9090.98 9095.18 9104.71 9113.86 9088.78 9071.92 9074.51 9064.89 9052.88 9042.96 9033.91 9027.22 9020.27 9029.33 9038.6 9044.79 9040.25 9035.52 9032.64 9031.57 9031.19 9038.39 9040.56 9043.81 9044.94 9039.82 9023.68 9022.47 9011.93 9003.61 9008.18 9019.88 9029.42 9037.45 9041.42 9045.5 9053.68 9059 9059.57 9061.09 9065.32 9066.88 9068.57 9071.57
8984.99 9000.99 8980.51 8965.04 8965.44 8977.27 9006.19 9066.02 9139.6 9185.52 9198.53 9221.75 9199.93 9164.5 9125.71 9081.49 9079.71 9091.64 9096.28 9098.27 9097.8 9091.86 9090.62 9093.03 9096.64 9106.46 9105.94 9085.91 9070.95 9071.83 9064.1 9055.77 9043.72 9033.99 9025.52 9019.19 9022.87 9029.14 9037.23 9032.32 9031.32 9024.77 9017.92 9015.44 9022.99 9040.38 9037.86 9035.52 9033.21 9028.16 9025.86 9019.16 9017.15 9022.24 9027.45 9033.38 9039.28 9044.11 9051.39 9057.26 9059.86 9060.66 9061.74 9063.96 9063.57 9063.92 9064.58
9218.62 9152.73 9079.37 9046.52 9031.94 9036.27 9061.41 9099.68 9138.84 9154.66 9146.02 9163.93 9160.97 9141.06 9117.54 9093.55 9086.61 9082.35 9081.8 9079.88 9075.45 9066.75 9070.64 9082.3 9088.43 9100.94 9108.92 9085.71 9071.96 9066.81 9058.61 9048.06 9041.15 9032.83 9026.15 9021.21 9018.7 9016.97 9011.57 9015.95 9023.94 9017.4 9007.35 8994.9 9004.1 9009.64 9017.48 9019.71 9019.53 9017.57 9018.8 9021.19 9028.8 9034.72 9032.98 9036.93 9043.6 9051.46 9059.4 9061.9 9062.02 9062.12 9061.78 9060.99 9059.11 9058.26 9057.65
9194.15 9169.4 9117.86 9090.76 9070.74 9070.41 9084.94 9109.86 9137.77 9141.09 9129.67 9129.39 9127.61 9118.93 9105.28 9095.07 9089.24 9080.88 9075.85 9071.03 9063.81 9055.79 9053.83 9054.39 9072.04 9085.36 9084.28 9076.58 9068.79 9060.35 9054.35 9046.51 9038.57 9031.45 9025.88 9021.96 9015.96 9011.23 9003.95 9008.44 9013.26 9013.13 9009.65 9009.55 8999.59 8990.63 9002.2 9006.88 9003.85 9000.41 9008.47 9015.43 9020.84 9024.01 9030.81 9038.05 9046.4 9054.05 9059.36 9065.2 9065.57 9065.25 9063.8 9059.6 9057.05 9054.77 9052.26
