real_craters/C107-300m.grd
DSAA
230 230
-34.37 34.37
-34.37 34.37
8084.6962893987 9415.7478977628
[rows 90 to 119 of 230, columns 0 to 66 of 230]
8959.44 8959.67 8960.47 8961.36 8962 8962.71 8962.45 8962.36 8962.28 8961.98 8962.45 8962.67 8963.17 8965.56 8968.52 8971.05 8972.28 8972.58 8975.62 8983.91 8999.76 9020.77 9035.87 9035.42 9028.96 9020.55 9010.72 8999.79 8989.31 8979.69 8973.95 8983.12 8996.12 8994.54 8990.78 8986.74 8982.61 8978.29 8974.72 8972.42 8973.31 8983.1 9002.97 9024.43 9036.12 9015.54 8994.12 8988.77 8988.98 8991.24 8994.1 8998.17 9001.73 9005.54 9011.46 9016.76 9022.35 9028.05 9033.65 9038.17 9040.02 9037.69 9025.79 9018.17 9015.59 9019.92 9027.58
8960.3 8961.07 8961.78 8962.51 8963.34 8963.88 8963.77 8963.81 8963.94 8964.14 8964.75 8963.81 8965.66 8968.49 8970.96 8972.01 8971.4 8969.77 8970.78 8976.27 8993.44 9017.67 9038.22 9038.22 9033.55 9025.86 9016.33 9006.02 8995.79 8986.61 8981.98 8996.41 9008.89 9003.9 8997.68 8991.86 8986.34 8981.23 8977.11 8974.76 8975.81 8986.39 9006.29 9028.19 9040.57 9017.76 8998.31 8992.14 8991.87 8993.85 8997.03 9000.26 9004.04 9007.6 9013.29 9018.4 9024.02 9029.14 9032.79 9034.47 9034.11 9026.27 9020.42 9010.86 9009.18 9015.3 9021.71
8963.18 8963.32 8963.66 8964.03 8964.39 8964.4 8964.9 8965.03 8965.27 8965.77 8966.35 8966.29 8968.55 8972.01 8975.15 8976.23 8974.27 8970.63 8969.8 8973.07 8990.78 9014.55 9032.43 9038.64 9037.43 9031.48 9022.82 9013.15 9003.58 8995.05 8990.02 9000.58 9009.97 9007.8 9002.25 8995.84 8989.32 8983.76 8979.37 8977.02 8978.06 8987.71 9003.81 9018.56 9022.72 9011.35 8998.9 8994.01 8993.5 8994.33 8997.23 9000.82 9004.97 9008.78 9013.87 9018.92 9023.79 9028.78 9032.94 9036.92 9035.14 9030.85 9022.12 9011.16 9008.56 9013.65 9018.59
8967.21 8966.37 8965.64 8965.35 8965.39 8965.04 8965.63 8966.2 8966.92 8967.31 8967.12 8968.08 8971.52 8975.95 8980.35 8983.5 8980.7 8976.26 8974.74 8977.18 8994.66 9016.29 9032.04 9041.76 9042.93 9037.95 9029.77 9020.82 9012.42 9005.6 9002.06 9006.85 9011.54 9010.13 9004.9 8998.37 8991.77 8985.73 8981.18 8978.93 8980.08 8987.29 8998.59 9008.38 9009.6 9000.75 8994.63 8993.05 8993.34 8995.29 8997.99 9001.36 9005.69 9009.81 9014.54 9019.08 9024.11 9028.6 9032.52 9035.74 9036.51 9035.49 9028.54 9018.86 9014.43 9016.55 9019.94
8971.55 8969.17 8967.58 8966.6 8965.51 8965.65 8966.38 8967.31 8968.83 8970.03 8968.73 8969.47 8974.46 8979.42 8984.69 8988.32 8987.37 8985.5 8984.02 8988.05 9003.91 9024.34 9042.6 9052.06 9050.99 9044.73 9036.45 9028.02 9020.7 9015.74 9015.06 9017.51 9016.65 9012.79 9006.92 9000.09 8993.35 8987.05 8982.15 8979.55 8980.38 8985.19 8992.6 8998.72 8999.89 8994.58 8992.16 8992.88 8994.11 8996.23 8999.07 9002.06 9006.13 9010.25 9014.9 9019.61 9024.01 9028.46 9032.22 9034.76 9037.5 9040 9035.06 9025.97 9021.21 9021.89 9024.65
8972.4 8970.24 8968.31 8966.97 8965.54 8965.48 8966.39 8968.09 8970.52 8974.03 8977.2 8975.97 8977.43 8981.46 8987.08 8992.05 8992.43 8992.48 8992.84 8998.32 9013.69 9033.73 9054.91 9064.28 9058.14 9049.88 9041.62 9033.74 9026.94 9022.24 9021.48 9024.16 9021.23 9015.43 9008.76 9001.58 8994.69 8987.89 8982.34 8978.57 8977.56 8981.41 8986.58 8991.91 8994.55 8995.39 8993.65 8993.66 8993.88 8995.83 8998.62 9002.55 9006.61 9010.48 9015.04 9019.68 9024.22 9028.32 9032.1 9035.67 9038.17 9039.76 9036.41 9029.72 9026.63 9027.45 9031.09
8972.55 8970.25 8967.11 8965.23 8964.37 8964.66 8965.66 8967.5 8970.1 8974 8978.54 8977.81 8977.22 8980.64 8985.92 8990.89 8994.12 8997.64 8999.55 9006.21 9020.84 9038.57 9057.31 9066.76 9059.49 9051.64 9043.89 9036.7 9030.55 9026.19 9024.79 9026.74 9023.27 9017.1 9010.15 9002.81 8995.47 8988.42 8982.11 8977.13 8975.61 8977.8 8980.9 8983.44 8988.5 8992.81 8992.5 8992.31 8993.65 8996 8998.89 9002.67 9006.89 9010.86 9015.37 9019.96 9024.86 9028.24 9031.42 9034.65 9035.8 9034.45 9031.8 9029.98 9029.45 9031.08 9036.98
8971.82 8968.13 8964.19 8962.48 8961.97 8962.55 8963.64 8965.36 8967.05 8968.28 8965.45 8967.7 8972.62 8976.95 8981.86 8987.16 8992.06 8997.82 9004.87 9013.16 9025.02 9037.96 9049.88 9056.02 9053.55 9049.23 9043.41 9037.39 9031.9 9028.23 9027.88 9027.84 9023.43 9017.32 9010.46 9003.26 8995.86 8988.54 8981.71 8975.5 8972.75 8975.53 8977.65 8978.29 8983.11 8987.02 8988.5 8990.09 8992.41 8995.5 8999.58 9003.87 9008.36 9012.25 9016.73 9020.92 9025.02 9027.71 9030.43 9031.31 9031.47 9032.96 9032.25 9029.85 9024.46 9031.72 9041.87
8963.45 8960.39 8958.29 8957.96 8958.45 8959.57 8960.95 8962.42 8963.57 8964.27 8962.8 8963.68 8968.03 8972.45 8976.65 8982.27 8988.96 8997.49 9009.1 9018.42 9026.42 9035.18 9041.2 9040.48 9045.96 9045.43 9041.31 9036.18 9031.09 9026.94 9025.63 9025.55 9021.83 9016.06 9009.55 9002.61 8995.36 8988.5 8982.04 8976.38 8973.85 8975.5 8978.15 8980.26 8979.11 8981.25 8983.67 8986.87 8990.35 8994.12 8999.02 9003.73 9008.21 9012.89 9016.69 9021.51 9026.26 9028.79 9030.12 9030.41 9030.65 9037.08 9041.92 9036.23 9031.5 9038.82 9048.55
8952.09 8949.56 8950.7 8952.54 8954.45 8956.35 8958 8959.46 8960.29 8960.72 8961.33 8962.35 8965.21 8968.98 8973.34 8979.37 8986.39 8995.22 9007.07 9016.72 9025.13 9033.02 9039.07 9042.21 9044.39 9042.69 9038.78 9034.1 9029.48 9025.33 9023.4 9022.3 9019.4 9014.12 9008.04 9001.67 8994.77 8988.3 8982.91 8978.55 8975.97 8975.74 8977.89 8978.71 8971.28 8970.46 8978.26 8983.96 8989.19 8992.68 8997.58 9002.13 9006.95 9014.15 9017.59 9023.02 9026.78 9030.04 9032.37 9034.2 9035.69 9042.01 9046.44 9045.18 9046.52 9050.98 9057.81
8942.63 8940.5 8943.96 8947.47 8950.42 8953 8955.27 8957.04 8957.87 8957.3 8958.2 8960.78 8963.53 8966.78 8970.55 8976.99 8986.56 8993.47 8999.44 9011.71 9022.74 9031.27 9038.73 9046.34 9044.74 9039.64 9035.16 9031.08 9027.44 9024.15 9021.81 9019.96 9016.97 9012.24 9006.52 9000.36 8994.09 8988.12 8982.84 8978.99 8975.95 8974.07 8973.97 8974.49 8971.02 8970.5 8977.42 8983.22 8988.33 8992.77 8998.55 9003.51 9009.03 9014.01 9018.94 9023.6 9028.22 9032.44 9036.7 9040.87 9044.67 9048.55 9050.68 9051.03 9053.05 9059.13 9068.11
8937.13 8936.11 8939.91 8943.73 8947.04 8950.14 8952.99 8955.37 8957.37 8957.77 8958.95 8960.62 8963.33 8966.34 8969.75 8974.41 8981.67 8991.95 8998.75 9012.47 9022.11 9028.96 9034.72 9040.07 9038.47 9033.16 9029.32 9026.53 9024.69 9023.39 9021.11 9018.54 9014.71 9010.47 9005.06 8998.98 8993.22 8987.23 8982.06 8978.03 8974.61 8971.66 8968.1 8970.3 8980.81 8981.31 8980.19 8983.38 8987.73 8992.62 8997.75 9002.77 9008.7 9014 9019.22 9024.4 9029.67 9035.38 9041.68 9048.1 9054.18 9057.33 9057.02 9056.24 9056.01 9064.03 9080.79
8935.1 8935.26 8938.71 8941.34 8944.21 8947.29 8950.53 8953.64 8957.3 8961.13 8958.82 8961.87 8965.06 8967.44 8971.1 8973.87 8977.73 8998.63 9014.7 9020.64 9023.47 9025.32 9026.57 9027.09 9025.28 9022.29 9020.3 9019.58 9020.24 9021.65 9021.6 9017.78 9013 9007.9 9003.05 8997.75 8992.13 8986.61 8980.94 8975.73 8973.61 8971.55 8969.45 8968.2 8972.51 8976.8 8979.43 8983.46 8987.58 8992.55 8997.63 9002.88 9008.47 9013.56 9019.05 9025.27 9031.48 9037.92 9045.3 9053.85 9063.81 9065.55 9063.22 9062.5 9065.02 9077 9096.64
8934.73 8938.94 8938.37 8938.96 8941.27 8944.34 8947.8 8951.01 8954.63 8957.03 8958.94 8965.42 8970.68 8971.81 8972.29 8979.69 8989.59 9013.6 9032.28 9028.54 9023.59 9019.77 9016.31 9012.86 9009.93 9009.2 9009.41 9010.73 9013.25 9016.74 9019.19 9014.81 9009.87 9005.21 9000.51 8996.04 8991.41 8986.47 8981.04 8975.85 8974.48 8973.37 8972.63 8969 8961.27 8969.75 8977.6 8983.1 8988.22 8992.62 8997.57 9002.71 9008.23 9013.43 9019 9025.21 9031.6 9038.35 9045.82 9055.21 9064.47 9067.2 9064.2 9068.04 9080.16 9097.21 9120.48
8931.52 8933.82 8933.76 8935.01 8937.61 8941.15 8944.49 8947.8 8951.51 8953.81 8960.87 8972.5 8982.71 8987.31 8988.07 8992.62 8999.76 9022.93 9037.62 9028.05 9018.97 9011.65 9005.09 8999.01 8994.82 8995.41 8997.52 9000.36 9003.77 9007.07 9009.33 9007.75 9004.98 9001.59 8998.2 8994.35 8990.99 8987.41 8983.25 8979.09 8977.2 8975.56 8974.59 8974.4 8976.7 8975.97 8979.48 8983.85 8988.34 8992.5 8997.21 9002.27 9007.23 9012.15 9018.39 9023.92 9030.17 9036.9 9044.1 9051.81 9058.92 9063.46 9066.34 9076.92 9097.24 9116.18 9127.04
8926.01 8923.6 8926.11 8929.97 8933.59 8937.43 8940.95 8945.24 8950.88 8955.71 8965.4 8982.07 8999.58 9013.84 9014.74 9008.64 9009.14 9017.05 9022.33 9017.11 9009.16 9001.13 8993.4 8986.05 8980.57 8982.29 8985.73 8989.8 8993.68 8996.43 8998.08 8999.38 8998.76 8996.99 8994.93 8992.19 8990.41 8988.8 8987.16 8984.21 8980.77 8977.75 8976.05 8977.16 8978.84 8979.66 8981.86 8984.81 8988.59 8992.15 8996.55 9001.7 9006.45 9011.67 9017.28 9023.17 9028.8 9035.26 9041.96 9048.04 9051.63 9057.39 9073.02 9091.58 9115.71 9135.04 9133.71
8921.99 8920.13 8921.97 8926.07 8930 8934.12 8937.98 8942.42 8946.39 8950.84 8968.01 8990.66 9013.88 9034.27 9030.44 9015.42 9007.39 9004.48 9004.9 9002.68 8997.12 8989.97 8982.32 8974.83 8969.83 8970.57 8974.82 8979.88 8984.89 8988.58 8990.59 8991.98 8992.41 8991.91 8990.92 8989.91 8988.8 8989.15 8990.52 8988.46 8983.3 8979.74 8978.1 8980.02 8981.32 8982.09 8983.26 8985.37 8988.71 8992.09 8996.83 9001.22 9006.26 9011.47 9017 9022.79 9028.57 9034.9 9041.41 9046.95 9052.41 9062.15 9084.12 9109.75 9129.72 9145.52 9145.53
8919.33 8919.25 8920.47 8923.33 8926.93 8931.32 8935.87 8940.85 8945.72 8950.99 8970.86 8996.46 9021.42 9037.84 9029.22 9008.24 8995.73 8993.51 8992.07 8989.55 8985.29 8979.34 8972.65 8965.51 8959.06 8960.55 8965.67 8970.9 8976.37 8980.71 8983.37 8985.47 8986.83 8986.99 8986.66 8985.85 8985.7 8986.26 8988.22 8986.43 8982.53 8980.7 8980.79 8982.52 8984.2 8983.75 8984.66 8986.82 8989.64 8992.41 8997.09 9001.19 9007.24 9012.9 9018.2 9023.74 9029.58 9035.61 9042.05 9048.88 9057.26 9069.07 9092.69 9118.67 9136.33 9151.96 9154.48
8916.04 8915.61 8916.38 8920.33 8924.25 8928.99 8934.15 8940.85 8946.65 8952.97 8974 8999.23 9023.17 9040.43 9022.07 8995.48 8981.94 8982.58 8980.31 8978.22 8975.19 8970.8 8965.36 8959.65 8954.5 8955.52 8959.7 8963.73 8967.15 8971.93 8976.61 8979.95 8981.71 8982.04 8981.94 8981.53 8981.11 8980.7 8980.42 8979.43 8977.72 8977.3 8978.24 8979.48 8981.28 8982.58 8984.54 8987.52 8990.37 8994.03 8998.7 9003.11 9007.73 9012.68 9017.91 9023.16 9029.71 9035.87 9042.7 9051.32 9062.87 9079.63 9097.11 9114.91 9135.65 9153.04 9155.51
8912.8 8912.94 8914.55 8917.61 8921.63 8926.37 8932.27 8940.89 8951.81 8956.89 8976.17 8998.95 9019.28 9026.72 9011.15 8984.38 8970.52 8966.59 8968.82 8968.79 8966.81 8963.87 8960.39 8956.75 8954.38 8955.05 8957.05 8959.99 8962.51 8967.49 8972.43 8975.75 8977.27 8977.63 8977.6 8976.77 8975.57 8973.96 8973.06 8971.87 8970.66 8968.94 8970.04 8972.98 8976.46 8979.15 8982.53 8985.96 8989.47 8993.3 8997.52 9002.01 9007.3 9012.25 9017.11 9022.69 9028.62 9034.93 9042.45 9051.45 9063.41 9080.35 9094.77 9113.67 9129.96 9144.38 9149.81
8910.16 8910.57 8911.79 8915.21 8919.18 8923.14 8928.7 8936.16 8946.71 8959.81 8975.59 8995.34 9014.22 9021.49 9004.71 8980.47 8967.34 8961.36 8962.66 8962.68 8961.6 8959.43 8957.39 8954.71 8953.02 8953.85 8956.6 8959.99 8963.34 8967.94 8971.37 8973.48 8974.16 8974.04 8973.4 8972.08 8970.17 8967.52 8964.71 8964.98 8964.87 8963.88 8965.39 8968.54 8973.04 8977.41 8980.14 8984.18 8987.86 8992.12 8996.24 9000.63 9006.33 9011.27 9016.34 9022.07 9027.82 9034.08 9040.35 9048.68 9057.95 9068.51 9083.24 9100.49 9119.27 9135.91 9143.07
8908.75 8909.37 8909.85 8913.63 8916.94 8920.57 8924.76 8929.12 8938.94 8955.08 8969.48 8986.34 9004.45 9012.72 9001.2 8987.6 8973.43 8964.88 8962.39 8960.49 8958.71 8956.83 8955.69 8953.77 8952.16 8952.77 8957.93 8962.99 8967.25 8971.26 8971.82 8971.97 8971.65 8971.13 8970 8968.17 8965.85 8962.81 8960.6 8960.14 8961.15 8963.22 8965.05 8968.65 8971.9 8975.66 8979.4 8982.58 8986.29 8989.79 8993.91 8998.14 9003.47 9008.34 9014.39 9019.81 9025.37 9031.67 9038.2 9045.21 9053.12 9060.38 9073.6 9091.96 9111.49 9129.94 9135.42
8908.65 8909.83 8911.64 8913.7 8915.83 8918.65 8921.58 8925.18 8932.04 8945.22 8958.54 8971.06 8983.74 8992.2 8991.81 8988.86 8979.55 8970.34 8964.29 8960.47 8958.24 8956.48 8955.27 8954.29 8953.69 8954.99 8961 8968.01 8972.6 8973.33 8971.71 8970.58 8969.54 8968.61 8967.01 8965.15 8962.85 8959.78 8956.95 8955.89 8956.68 8961.04 8962.41 8965.57 8970.14 8974.43 8978.49 8981.78 8985.78 8989.86 8994.25 8998.61 9002.98 9007.37 9011.83 9017.26 9022.44 9028.89 9035.84 9043.36 9051.15 9058.81 9070.72 9087.86 9105.25 9121.92 9128.43
8908.65 8910.3 8912.33 8913.96 8915.3 8917.16 8919.88 8923.73 8928.75 8937.94 8947.82 8954.65 8956 8965.1 8976.73 8982.16 8980.24 8973.07 8964.53 8960.11 8957.74 8956.45 8955.75 8955.53 8956.32 8958.33 8964.27 8971.45 8974.65 8971.12 8969.72 8968.6 8967.41 8966.45 8965.1 8963.59 8961.51 8958.76 8955.51 8952.14 8948.58 8948.63 8956.21 8962.94 8968.91 8973.84 8977.76 8982.1 8986.19 8990.62 8995.49 9000.12 9003.36 9007.09 9012.1 9018.42 9023.97 9029.91 9035.75 9042.89 9051.66 9061.52 9073.57 9085.08 9097.41 9108.58 9124.68
8909 8910.23 8912.2 8913.39 8914.35 8916.15 8918.62 8922.41 8928.26 8934.54 8941.08 8945.43 8946.58 8952.56 8960.04 8964.81 8967.04 8964.33 8960.39 8957.68 8956.33 8955.98 8956.2 8957.22 8959.42 8962.62 8967.43 8970.48 8971 8968.96 8967.07 8966.09 8965.22 8964.44 8963.72 8962.67 8961.37 8959.36 8955.97 8951.23 8944.78 8941.6 8953.19 8963.03 8968.61 8973.06 8977.66 8982.1 8985.87 8990.72 8995.38 8999.43 9004.22 9008.86 9014.47 9019.61 9024.87 9030.41 9036.18 9042.69 9050.79 9060.53 9071.49 9078.81 9085.52 9097.21 9116
8909.23 8909.82 8910.8 8911.78 8913.21 8915.08 8917.5 8921.16 8926.26 8932.3 8938.14 8942.94 8946.49 8948.19 8949.17 8948.87 8947.87 8951.77 8953.76 8954.13 8954.64 8955.26 8956.16 8957.82 8960.79 8966.71 8967.73 8968.34 8967.56 8964.96 8963.6 8963.24 8963.16 8962.98 8962.71 8962.27 8962.11 8961.59 8958.58 8954.28 8950.77 8950.67 8956.66 8963.3 8968.92 8972.85 8977.13 8981.56 8986.19 8990.5 8995.19 8999.94 9006.19 9010.11 9016.47 9021.41 9025.57 9030.65 9035.97 9041.9 9048.01 9055.56 9064.01 9073.21 9081.45 9091.1 9102.15
8909.99 8909.77 8909.31 8909.87 8911.96 8913.91 8916.35 8919.77 8924.74 8930.92 8937.37 8943.07 8947.34 8946.51 8945.03 8943.57 8943.53 8945.16 8948.54 8950.62 8952.4 8953.65 8954.76 8956.55 8958.56 8959.63 8959.09 8958.55 8956.41 8957.12 8959.01 8960.49 8961.36 8961.7 8961.77 8961.81 8962.08 8962.88 8960.55 8957.87 8957.87 8959.54 8962.5 8966.12 8969.53 8972.94 8977.36 8981.93 8986.69 8992.03 8997.01 9002 9007.36 9012.08 9016.92 9021.98 9026.7 9031.34 9035.01 9040.01 9045.47 9050.57 9056.81 9069.1 9082.52 9085.88 9088.75
8910.35 8909.94 8909.82 8910.41 8911.4 8912.95 8915.2 8918.36 8922.74 8930.18 8937.55 8943.78 8947.38 8945.73 8942.38 8939.86 8938.41 8942.13 8945.4 8947.75 8949.61 8951.22 8952.98 8954.63 8956.45 8957.17 8955.64 8950.74 8947.42 8951.43 8955.72 8958.5 8959.98 8960.78 8961.35 8961.11 8960.66 8960.24 8959.46 8958.9 8959.97 8961.67 8964.27 8966.7 8969.64 8972.56 8977.05 8981.71 8986.73 8991.9 8997.02 9002.14 9007.4 9012.39 9017.31 9020.73 9025.46 9030.05 9034.13 9038.48 9043.29 9047.3 9053.3 9063.61 9078.12 9080.59 9081.28
8910.7 8910.25 8910.2 8910.83 8911.04 8912.16 8913.83 8916.62 8922.25 8930.6 8938.88 8945.33 8947.91 8946.17 8942.97 8941.15 8941.24 8942.51 8944.9 8946.36 8948.15 8949.69 8951.35 8953.25 8955.31 8958.36 8960.05 8955.57 8950.53 8951.91 8955.22 8958 8960.08 8961.27 8961.32 8960.49 8959.16 8957.93 8957.64 8957.83 8958.78 8959.73 8960.99 8964.44 8968.32 8972.46 8977.02 8982 8987.25 8992.61 8997.98 9001.88 9006.51 9013.13 9018.19 9021.46 9026.18 9030.68 9035.23 9038.89 9042.2 9044.86 9047.33 9055.4 9066.67 9075.71 9078.57
8911.07 8910.27 8909.69 8909.6 8910.32 8911.73 8913.31 8916.06 8922.97 8932.08 8941.3 8948.58 8950.77 8947.6 8943.81 8942.61 8942.83 8943.37 8944.69 8946.37 8947.75 8948.9 8949.52 8950.87 8952.46 8954.98 8956.7 8954.29 8952.75 8954.95 8957.48 8959.87 8961.94 8962.89 8963.02 8961.33 8958.34 8956 8956.27 8956.44 8956.53 8957.17 8958.24 8962.32 8967.19 8971.49 8976.51 8981.65 8987.18 8992.8 8998.24 9003.41 9008.25 9014.35 9019.41 9023.66 9028.79 9033.02 9036.63 9040.2 9043.19 9045.25 9046.52 9052.94 9063.8 9075.67 9079.42
