real_craters/C107-500m.grd
DSAA
138 138
-34.37 34.37
-34.37 34.37
8083.54627328 9400.2281071357
[rows 0 to 29 of 138, columns 67 to 133 of 138]
9013.36 9013 9012.71 9012.15 9010.11 9013.83 9016.14 9015.68 9015.46 9014.85 9014.97 9013.54 9015.35 9020.36 9024.63 9031.1 9033.25 9034.86 9035.01 9035.39 9035.89 9036.87 9038.73 9041.36 9044.19 9046.98 9049.96 9052.65 9055.6 9059.01 9062.91 9066.33 9068.85 9070.99 9069.28 9065.86 9059.21 9055.42 9054.84 9054.08 9056.68 9064.72 9071.07 9087.5 9104.05 9124.4 9137.26 9143.84 9149.47 9144.79 9122.18 9091.61 9072.43 9068.83 9069.33 9070.79 9091.99 9130.43 9146.02 9114.32 9077.8 9073.58 9080 9087.85 9094.49 9101.66 9116.43
9012.6 9011.79 9011.41 9011.25 9011.68 9013.09 9014.51 9014.43 9013.71 9015.05 9014.14 9010.74 9017.14 9021.3 9025.23 9028.34 9032.87 9035.63 9036.19 9038.14 9040.61 9042.94 9043.86 9045.38 9047.06 9048.76 9050.07 9051.43 9053.98 9057.96 9061.57 9065.38 9068.1 9068.87 9068.84 9066 9060.52 9052.89 9051.78 9051.7 9050.8 9050.03 9056.26 9068.89 9082.66 9099.3 9119.61 9133.44 9141 9142.84 9118.58 9077.31 9064.66 9070.17 9074.45 9085.45 9107.09 9118.85 9125.61 9102.72 9079.82 9078.58 9086.37 9098.14 9112.93 9128.57 9145.86
9010.86 9010.66 9010.89 9011.63 9013.02 9014.36 9014.28 9014.61 9015.13 9014.88 9011.19 9005.42 9016.55 9021.48 9024.57 9026.01 9029.66 9032.92 9035.86 9039.96 9043.17 9045.65 9047.85 9048.91 9049.68 9050.35 9050.7 9049.46 9053.19 9057.23 9061.19 9064.98 9067.89 9069.62 9070.63 9069.61 9067.94 9064.1 9058.43 9054.96 9051.86 9050.97 9052.28 9056.42 9062.18 9068.8 9094.33 9116.16 9124.73 9135.05 9112.15 9080.6 9066.42 9067.83 9076.7 9097.37 9109.66 9101.72 9080.42 9076.6 9079.29 9083.47 9093.54 9108.2 9124.63 9140.41 9154.64
9008.83 9009.03 9009.92 9011.19 9013.03 9014.03 9013.8 9014.18 9014.86 9013.55 9013.63 9013.69 9018.85 9021.47 9023.83 9024.67 9024.81 9027.82 9034.72 9042.42 9048.87 9051.43 9052.14 9052.34 9052.56 9052.94 9053.01 9053.47 9055.2 9057.66 9061.34 9064.74 9068.01 9070.94 9073.87 9076.16 9078.22 9080.98 9072.95 9066.88 9059.21 9050.09 9046.58 9050.12 9051.74 9048.18 9062.3 9077.82 9093.14 9104.06 9091.47 9072.75 9065.87 9066.15 9072.16 9078.21 9086.57 9088.57 9084.17 9081.25 9080.02 9088.46 9100.74 9114.31 9132.37 9144.6 9158.51
9007.43 9007.97 9009.11 9010.49 9011.68 9012.48 9012.25 9011.79 9012.06 9012.3 9014.4 9015.39 9018.47 9020.82 9022.7 9023.96 9021.03 9025.16 9033.84 9043.88 9056.31 9057.84 9055.37 9054.69 9054.9 9055.5 9055.64 9053.08 9054.91 9060.23 9063.14 9066.54 9070.11 9073.29 9077.27 9081.58 9085.56 9088.59 9085.19 9084.76 9075.26 9058.64 9050.3 9055.93 9054.66 9053.67 9051.53 9054.02 9067.07 9063.34 9067.82 9062.94 9063.49 9068.08 9071.41 9075.64 9080.69 9083.25 9085.42 9086.98 9086.5 9094.74 9106.49 9118.42 9132.86 9145.3 9156.08
9004.14 9005.52 9007.51 9009.5 9010.51 9011.28 9010.93 9009.85 9010.39 9011.03 9013.77 9016.27 9017.05 9019.38 9021.67 9021.94 9022.75 9026.76 9032.6 9040.42 9050.72 9054.13 9054.91 9055.85 9057.17 9058.41 9059.58 9061.01 9064.66 9064.49 9065.66 9067.54 9071.5 9075.16 9079.4 9084.71 9090.18 9094.64 9098.18 9098.28 9096.04 9095.31 9087.1 9074.82 9063.78 9057.6 9056.93 9062.24 9061.82 9063.79 9063.48 9062.75 9064.16 9072.99 9071.05 9074.72 9077.25 9080.7 9082.77 9083.17 9085.57 9095.67 9109.07 9123.09 9136.63 9148.64 9156.86
9000.6 9003.45 9006.24 9008.77 9010.53 9011.59 9010.07 9008.29 9009.8 9011.49 9013.97 9017.11 9017.1 9018.4 9022.1 9026.2 9026.06 9027.57 9030.63 9033.73 9036.55 9045.8 9052.27 9056.31 9058.9 9060.77 9062.42 9063.67 9066.4 9065.75 9066.9 9068.37 9071.84 9075.43 9080.12 9085.17 9091.61 9098.43 9103.71 9107.71 9109.68 9112.01 9111.57 9095.07 9079.5 9058.01 9065.68 9065.57 9061.92 9060.07 9065.33 9067.13 9067.16 9071.33 9067.97 9056.02 9078.27 9086.1 9082.83 9078.48 9081.57 9097.88 9113.48 9127.41 9140.18 9151.09 9159.31
8998.14 9002.15 9005.58 9008.55 9010.76 9010.27 9008.76 9007.75 9008.89 9012.02 9016.42 9016.75 9014.24 9017.33 9024.89 9027.07 9025.56 9028.94 9029.35 9030 9033.3 9042.37 9050.23 9055.68 9058.91 9060.87 9062.14 9060.36 9058.35 9064.26 9066.68 9069.03 9071.52 9074.89 9079.47 9083.97 9089.48 9096.63 9104.54 9105.96 9114.65 9119.12 9109.33 9107.2 9110.33 9107.43 9083.87 9068.86 9063.55 9065.9 9067.43 9068.95 9067.54 9077.97 9090.4 9097.73 9102.64 9105.52 9098.94 9071.37 9089.76 9108.11 9121.69 9133.76 9144.5 9153.73 9160.63
8998.69 9002.48 9005.62 9008.18 9009.65 9007.88 9006.85 9007.15 9006.29 9012.54 9025.4 9033.28 9030.05 9032.44 9035.36 9030.94 9024.7 9026.85 9028.69 9031.21 9034.3 9045.9 9052.81 9056.51 9058.56 9059.85 9060.84 9059.63 9063.83 9063.54 9065.12 9066.54 9068.99 9071.53 9075.38 9080.4 9085.24 9090.2 9096.46 9103.17 9110.46 9113.78 9104.88 9115.65 9126.62 9123.72 9098.54 9073.3 9062.83 9069.46 9069.52 9081.65 9079.61 9101.87 9124.26 9141.49 9134.45 9132.8 9135.8 9144.28 9126.1 9125.76 9131.94 9140.02 9148.48 9156.52 9161.85
9002.38 9004.5 9006.37 9007.85 9008.29 9007.63 9006.42 9004.19 9005.19 9015.53 9025.73 9042.75 9052.48 9057.79 9051.09 9049.52 9038.18 9031.17 9032.14 9048.17 9053.68 9058.65 9059.7 9059.84 9058.59 9058.24 9058.45 9057.81 9061.32 9059.87 9061.99 9064.34 9067.58 9071.28 9074.34 9078.64 9082.02 9084.53 9090.31 9097.28 9101.96 9107.19 9119.39 9124.15 9129.48 9126.86 9112.7 9095.2 9092.94 9099.6 9118.12 9122.31 9138.54 9139.74 9143.35 9149.63 9151.85 9152.28 9157 9159.3 9146.45 9139.76 9140.67 9145.57 9152.33 9159.71 9167.19
9006.95 9007.24 9007.99 9008.18 9008.1 9007.47 9006.76 9006.7 9008.72 9019.32 9017.69 9023.55 9037.7 9050.92 9056.47 9070.02 9083.58 9068.47 9064.63 9083.53 9087.62 9075.71 9066.7 9062.02 9058.74 9056.55 9055.06 9053.47 9049.91 9051.47 9056.91 9061.08 9065.57 9070.42 9074.88 9078.81 9081.58 9081.88 9083.01 9096.34 9101.12 9106.78 9112.26 9121.4 9130.28 9131.03 9126.87 9127.58 9129.25 9126.92 9133.43 9137.73 9145.48 9150.77 9154.38 9158.15 9160.39 9161.45 9162.26 9157.69 9150.79 9147.5 9146.42 9149.58 9155 9161.47 9168.9
9009.91 9009.37 9009.28 9009.4 9008.47 9007.03 9005.9 9006.54 9010.59 9020.1 9014.17 9008.42 9014.35 9024.87 9047.63 9070.9 9092.63 9103.22 9107.13 9104.89 9099.18 9080.95 9068.76 9061.4 9056.72 9053.21 9050.21 9047.41 9042.89 9044.57 9048.97 9056.59 9062.35 9069.09 9074.34 9079.46 9084.31 9084.3 9084.29 9090.66 9100.34 9106.89 9112.55 9121.75 9131.26 9133.02 9131.53 9131.8 9132.38 9128.46 9130.15 9135.58 9142.05 9151.54 9156.95 9160.51 9162.71 9164.32 9164.36 9156.74 9148.98 9150.53 9153.13 9156.87 9160.97 9164.98 9167.9
9011.75 9010.67 9010.38 9010.46 9009.23 9006.96 9004.06 9006.23 9013.72 9011.07 9004.77 9006.59 9009.32 9015.09 9035.64 9058.71 9081.81 9093.17 9089.5 9084.29 9079.66 9071.57 9063.6 9057.34 9053.14 9049.34 9045.18 9042.1 9038.29 9039.13 9045.53 9051.91 9058.63 9065.4 9071.59 9078.2 9082.71 9088.35 9089 9082.93 9095.3 9101.91 9110.73 9121.52 9128.78 9130.2 9128.6 9125.45 9120.01 9121.56 9123.14 9132.75 9142.23 9151.92 9158.98 9161.85 9163.93 9165.53 9166.72 9159.33 9148.85 9151.8 9154.94 9158.42 9162.18 9165.77 9168.99
9012.37 9012.29 9011.92 9011.69 9010.29 9008.43 9009.13 9006.61 9010.49 9008.54 9007.17 9009.13 9012.12 9015.62 9026.03 9041.19 9055.71 9059.12 9049.91 9055.53 9055.29 9053.02 9049.75 9046.7 9045.86 9042.96 9038.88 9036.35 9032.72 9032.85 9040.07 9047.17 9054.3 9061.65 9068.42 9076.16 9085.35 9092.51 9095.42 9059.57 9052.08 9082.11 9102.36 9117.83 9123.4 9125.14 9123.7 9121.05 9122.92 9120.59 9125.11 9133 9140.9 9151.48 9161.38 9162.37 9162.84 9163.6 9163.25 9160.19 9155.92 9155.72 9156.94 9158.23 9161.82 9166.27 9170.85
9012.96 9013.17 9013.55 9012.84 9011.23 9009.51 9006.84 9007.58 9010.05 9008.39 9009.77 9011.39 9012.52 9011.09 9017.64 9025.65 9029.45 9032.47 9017.12 9017.75 9030.03 9037.01 9038.75 9037.87 9037.17 9035.62 9034 9032.18 9028.61 9028.4 9037.17 9044.15 9051.65 9058.94 9066.45 9073.69 9081.42 9089.62 9096.94 9074.16 9056.63 9074.2 9094.82 9109.06 9118.17 9118.81 9117.96 9118.21 9120 9122.92 9127.57 9134.2 9138.71 9148.42 9156.05 9157.29 9158.2 9159.54 9159.08 9160.05 9160.95 9157.86 9157.23 9159.42 9163.01 9167.48 9171.91
9012.27 9013.76 9015.92 9015.31 9014.5 9012.17 9018.93 9021.06 9013.6 9010.22 9011.19 9012.74 9014.18 9013.27 9014.64 9015.8 9014.37 9017.31 9007.74 9007.79 9016.92 9025.94 9031.19 9032.93 9032.97 9031.77 9030.96 9029.91 9028.04 9033.15 9035.5 9040.46 9047.08 9054.08 9060.93 9067.7 9073.12 9076.33 9077.2 9081.01 9082.71 9081.97 9091.63 9104.59 9108.87 9110.45 9110.55 9111.62 9114.63 9118.95 9124.69 9133.47 9141.31 9141.92 9146.19 9147.89 9150.98 9154.42 9163.79 9157.4 9155.56 9154.57 9155.83 9157.92 9161.87 9167 9171.7
9010.39 9015.7 9022.39 9026.16 9020.74 9018.02 9027.6 9039.78 9018.47 9012.69 9012.09 9013.26 9015.24 9015.25 9014.54 9013.09 9008.52 9002.3 9008.82 9013.36 9015.36 9019.93 9024.09 9027.29 9028.69 9029.01 9028.27 9027.93 9026.67 9029.55 9032.24 9037.19 9043.45 9050.18 9056.56 9061.97 9066.14 9067.89 9069.49 9074.41 9084.45 9083.39 9085.39 9092.55 9098.79 9100.27 9102.26 9103.61 9112.14 9111.21 9115.61 9120.04 9121.96 9123.45 9129.02 9135.05 9140.98 9146.48 9147.68 9148.75 9146.17 9148.69 9151.84 9155.95 9160.17 9166.59 9171.5
9014.16 9014.53 9018.96 9028.49 9018.5 9017.61 9030.63 9031.18 9017.13 9009.94 9009.59 9012.33 9015.31 9016.24 9015.6 9014.77 9013.81 9014.27 9013.33 9015.71 9014.71 9016.32 9019.98 9022.45 9023.61 9024.99 9025.61 9025.58 9023.14 9021.32 9027.91 9036.19 9040.7 9045.94 9051.55 9060.84 9064.48 9065.93 9069.3 9077.89 9081.49 9075.83 9073.99 9072.35 9079.16 9089.46 9095.8 9099.83 9102.74 9098.35 9105.73 9111.09 9106.35 9106.16 9109.04 9122.37 9132.41 9139.77 9150.13 9143.6 9142.52 9144.25 9148.76 9153.82 9158.81 9163.76 9169.46
9011.73 9009.4 9005.73 9002.07 9006.39 9004.47 9003.49 9012.23 9006.6 8998.14 9005.03 9010.24 9015.42 9016.32 9016.72 9017.02 9017.05 9014.4 9013.98 9014.13 9013.72 9014 9014.17 9016.81 9017.93 9020.25 9021.3 9020.24 9021.64 9024.28 9028.02 9032.59 9038.61 9045.37 9051.43 9056.12 9061.14 9064.89 9069.16 9077.55 9069.7 9063.03 9065.36 9067.11 9072.3 9083.54 9091.61 9096.51 9091.62 9090.44 9097.72 9097.81 9096.58 9103.64 9108.74 9116.03 9124.76 9133.58 9146.72 9138.52 9138.16 9141.39 9145.54 9150.64 9156.29 9162.28 9168.98
9005.3 9005.71 9004.12 9002.64 9001.78 8999.78 8999.38 9000.08 8996.68 9007.96 9007.8 9008.93 9007.89 9010.4 9016.52 9017.37 9017.09 9015.44 9012.98 9011.26 9011.84 9012.96 9013.28 9015.02 9016.39 9017.42 9018.79 9020.93 9020.78 9022.89 9026.4 9031.81 9037.5 9043.85 9049.9 9055.69 9060.99 9065.91 9064.15 9040.79 9022.29 9045.73 9060.47 9073.56 9078.57 9082.77 9087.85 9092.22 9089.7 9090.24 9094.11 9103.2 9102.08 9099.04 9105.46 9111.45 9117.14 9121.98 9125.18 9131.32 9136.66 9141.47 9141.42 9145.71 9151.39 9158.37 9166.52
9009.19 9004.35 9005.03 9004.64 9003.05 9002.84 9004.36 9009.37 9013.94 9016.93 9013.03 9010.16 9008.57 9011.13 9014.87 9016.06 9015.94 9014.34 9011.53 9008.72 9010.45 9011.74 9013.59 9014.59 9016.69 9017.32 9017.42 9018.67 9019.91 9021.96 9025.54 9029.68 9035.64 9042.05 9048.32 9054.4 9059.76 9063.46 9063.48 9067.61 9041.53 9042.29 9056.64 9075 9081.05 9081.42 9082.48 9082.16 9083.56 9086.01 9092.31 9099.49 9097.66 9091.62 9099.78 9106.23 9111.85 9118.81 9122.65 9123.12 9124.18 9122.27 9132.79 9140.32 9146.52 9153.97 9161.81
8990.74 8998.96 9003.06 9003.62 9003.58 9007.11 9011.61 9015.84 9016.55 9018.14 9014.33 9011.4 9010.92 9012.51 9014.01 9013.77 9013.79 9013.48 9010.56 9008.51 9010.3 9012.04 9013.62 9015.1 9016.55 9018.15 9018.88 9018.47 9019.61 9020.72 9023.67 9029.91 9036.97 9043.94 9050.61 9056.23 9059.5 9060.09 9059.32 9052.08 9039.77 9041.33 9050.06 9062.61 9074.03 9074.47 9076.24 9079.47 9080.81 9086.85 9087.33 9083.64 9091.38 9096.24 9098.97 9103.41 9109.14 9113 9117 9116.54 9116.93 9120.55 9127.22 9134.92 9142.81 9150.55 9157.96
8996.05 8995.92 8999.85 9000.65 9000.54 9002.13 9007.14 9013.76 9014.87 9013.83 9010.08 9008.31 9009.75 9013.14 9010.67 9011.27 9010.56 9008.26 9002.85 9009.09 9011.2 9012.69 9014.23 9015.86 9017.33 9018.6 9017.82 9018.84 9020.24 9021.98 9026.43 9030.62 9036.1 9042.23 9049.7 9055.27 9058.39 9060.46 9057.69 9052.38 9042.63 9039.11 9043.16 9047.88 9056.31 9063.72 9068.6 9072.88 9077.9 9078.51 9079.89 9084.46 9091.01 9096.02 9098.61 9101.75 9104.35 9105.37 9108 9110.89 9113.91 9119.51 9123.54 9129.72 9137.29 9145.45 9153.55
8996.22 8996.26 8993.01 8997.76 8998.63 8995.65 9000.58 9006.45 9007.83 9005.08 9002.94 9001.68 9000.36 9000.15 9006.05 9009.73 9008.27 9004.87 9006.55 9010.35 9011.98 9013.57 9015.02 9016.57 9018.31 9017.91 9018.72 9019.88 9021.54 9024.15 9026.65 9031.56 9036.98 9042.87 9048.89 9054.65 9059.39 9060.94 9057.36 9052.51 9045.32 9039.08 9039.82 9044.68 9048.65 9053.98 9058.73 9064.87 9069.14 9067.65 9079.64 9089.71 9091.86 9093.4 9096.6 9098.37 9101.27 9105.85 9105.84 9106.21 9108.39 9112.7 9117.21 9124.18 9132.51 9141.15 9149.86
9003.65 9004.19 9006.05 9002.64 9001.09 9000.83 9000.65 8999.38 8991.31 8992.91 8996.79 8996.64 8993.11 8987.95 8999.99 9006.65 9006.94 9008.1 9009.08 9010.28 9012.06 9013.95 9015.63 9017.49 9019.22 9019.77 9020.94 9021.23 9022.74 9025.15 9031.64 9032.62 9037.28 9042.99 9048.43 9054.02 9059.06 9060.32 9056.62 9052.69 9043.98 9038.27 9036.88 9037.71 9043.74 9046.27 9047.55 9054.66 9064.39 9068.92 9078.12 9084.78 9090.47 9094.69 9093.12 9094.22 9096.39 9099.67 9101.2 9101.71 9102.64 9102.7 9110.02 9119.49 9128.57 9137.23 9146.35
9008 9009.05 9008.88 9007.14 9004.92 9001.4 8999.29 8999.33 8996.06 8994.75 8995.98 8996.53 8996.77 8997.58 9000.79 9001.82 9005.66 9007.38 9007.71 9009.26 9011.45 9013.73 9015.62 9017.64 9019.1 9020.48 9022.2 9022.81 9024.14 9024.84 9026.28 9030.66 9036.49 9042.45 9047.51 9051.77 9056.26 9056.38 9050.22 9046.8 9044.32 9041.89 9037.44 9037.26 9039.03 9041.65 9043.66 9048.88 9058.13 9067.96 9075.37 9081.08 9079.67 9080.88 9085.22 9088.09 9090.56 9092.92 9095.59 9097.84 9099.43 9102.15 9108.2 9116.84 9125.59 9134.57 9143.25
9010.62 9010.83 9009.06 9008.68 9009.28 9010.04 9002.08 9001.64 9002.27 9000.01 8999.24 8999.65 9001.19 9006.05 9005.14 9005.44 9006.59 9007.04 9008.09 9009.42 9011.53 9013.63 9015.41 9017.61 9019.83 9021.73 9023.27 9024.58 9024.73 9023.99 9022.71 9028.08 9036.75 9043.74 9047.79 9049.06 9049.09 9047.84 9044.67 9043.68 9046.13 9041.36 9038.47 9037.98 9041.27 9042.9 9043.51 9048.56 9057.02 9066.48 9074.26 9076.79 9072.68 9072.68 9077.78 9082.76 9086.91 9089.54 9093.35 9095.49 9098.67 9104.54 9111.71 9115.95 9123.93 9132.52 9141.43
9010.54 9010.11 9006.72 9007.95 9009.89 9009.23 9007.34 9003.83 9003.67 9003.45 9002.21 9001.72 9002.29 9001.91 9004.77 9008.22 9007.5 9008.07 9008.44 9007.22 9011.38 9012.91 9014.63 9017.01 9017.17 9020.55 9024 9026.06 9025.99 9026.29 9024.98 9031.63 9041.85 9049.51 9052.8 9050.31 9043 9044.61 9044.36 9045.91 9047.13 9040.73 9039.7 9038.69 9037.67 9039.06 9045.66 9056.89 9064 9069.93 9075.34 9071.98 9067.92 9066.87 9072.04 9079.14 9086.07 9092.47 9092.86 9094.42 9097.28 9100.49 9104.07 9112.78 9121.93 9131.06 9139.63
9006.52 9006.14 9004.88 9005.13 9007.45 9009.92 9010.68 9007.74 9009.14 9006.87 9004.83 9003.65 9003.47 9006.62 9009.21 9006.04 9007.62 9007.52 9007.44 9010.79 9011 9011.72 9010.83 9011.77 9013.59 9015.87 9021.4 9027.05 9030.88 9034.65 9037.86 9044.74 9053.91 9060.52 9064.68 9064.58 9054.83 9062.14 9062.66 9061.35 9055.44 9044.47 9039.38 9037.35 9035.36 9036.02 9043.74 9055.9 9064.74 9070.93 9070.35 9065.23 9056.46 9058.67 9068.37 9077.47 9084.93 9090.05 9091.64 9094.02 9096.21 9097.44 9099.6 9111.2 9120.59 9129.71 9138.33
9001.12 8998.68 8999.12 9001.62 9003.05 9006 9010.46 9009.62 9009.87 9007.75 9005.7 9003.97 9002.38 8997.88 8990.77 9007.71 9008.56 9007.02 9007.43 9010.89 9007.47 9009.52 9012.56 9012.36 9015.54 9017.22 9024.02 9029.83 9036.86 9046.1 9056.92 9067.95 9070.01 9072.73 9079.78 9092.16 9107.84 9107.14 9107.83 9095.12 9075.53 9051.85 9041.83 9042.29 9037.8 9034.38 9042.26 9051.62 9058.22 9062.88 9066.6 9061.64 9053.03 9058.32 9069.06 9079.34 9087.24 9092.32 9093.67 9095.49 9097.95 9101.16 9106.79 9113.43 9121.77 9130.33 9138.47
