real_craters/C107-300m.grd
DSAA
230 230
-34.37 34.37
-34.37 34.37
8084.6962893987 9415.7478977628
[rows 150 to 179 of 230, columns 0 to 66 of 230]
8903.81 8904.74 8905.81 8905.51 8906.43 8909.7 8913.62 8917.59 8918.94 8916.74 8913.85 8912.77 8912.09 8911.99 8912.89 8914.42 8916.06 8917.6 8919.42 8921.05 8922.62 8924.11 8924.88 8927.07 8930.72 8937.53 8946.09 8956.25 8968.02 8981.51 8996.43 9007.81 9014.11 9016.11 9014.07 9007.79 8999.11 8991.09 8983.72 8972.47 8965.44 8961.14 8958.73 8958.06 8956.46 8959.23 8961.27 8962.95 8964.03 8966.23 8968.69 8972.03 8974.81 8978.24 8982.25 8986.32 8991.39 8997.45 9005.24 9012.65 9017.9 9020.21 9022.79 9026.01 9031.37 9040.01 9055.15
8901.94 8902.28 8902.95 8901.07 8903.88 8908.95 8914.53 8920.41 8919.98 8916.54 8912.86 8910.7 8910.86 8911.11 8912.07 8913.59 8915.3 8917.06 8918.85 8920.62 8922.25 8923.7 8924.62 8926.65 8930.63 8937.84 8946.85 8957.39 8968.84 8981.38 8994.32 9005.99 9016.24 9020.72 9014.54 9006.27 8995.61 8987.73 8979.31 8971.39 8965.47 8961.01 8958.85 8957.74 8957.01 8958.5 8959.57 8960.66 8962.09 8964.13 8966.26 8969.34 8971.88 8974.61 8977.86 8981.67 8986.78 8992.71 9001.68 9011.4 9017.4 9017.64 9017.48 9019.66 9024.42 9032.07 9041.88
8900.25 8900.23 8898.49 8898.06 8902.7 8907.77 8912.78 8916.97 8917.05 8914.54 8913.14 8910.84 8909.58 8909.93 8911.07 8912.52 8914.35 8916.62 8918.61 8920.5 8922.22 8923.59 8924.8 8926.52 8930.6 8937.81 8947.02 8957.16 8967.89 8978.74 8988.56 8997.58 9008.01 9013.87 9010.01 9004.79 8995.41 8983.28 8972.82 8967.13 8962.87 8959.62 8958.12 8957 8955.86 8956.47 8957.49 8958.78 8960.16 8962.24 8964.07 8964.92 8967.16 8969.96 8972.6 8975.62 8979.88 8984.64 8992.93 9004.78 9014.55 9010.1 9008.56 9010.4 9014.69 9020.83 9029.75
8898.15 8899.05 8899.42 8901.44 8903.35 8906.5 8909.61 8911.05 8911.61 8909.76 8908.16 8907.33 8907.37 8908.3 8909.71 8911.57 8913.72 8916.18 8918.38 8920.51 8922.39 8923.66 8925.14 8925.42 8929.79 8937.56 8946.78 8956.61 8966.33 8975.51 8982.82 8987.66 8990.39 8995.33 9000.1 9001.72 8995.55 8978.01 8966.37 8961.84 8959.06 8956.68 8955.53 8954.73 8955.41 8953.64 8954.37 8956.25 8957.79 8958.58 8960.77 8962.22 8964.18 8966.23 8968.6 8970.37 8972.78 8976.41 8979.19 8984.22 8991.97 8993.06 8995.67 8999.47 9004.26 9010.42 9020.07
8895.14 8896 8900.45 8902.25 8902.72 8904.86 8907.29 8908.08 8906.62 8904.33 8901.61 8902.57 8904.65 8906.54 8908.81 8910.87 8913.23 8915.84 8918.37 8920.8 8922.94 8924.06 8924.58 8924.7 8929.67 8937.68 8946.77 8955.83 8965.15 8973.42 8979.57 8982.27 8977.73 8981.72 8989.53 8992.84 8986.02 8969.08 8959.22 8956.94 8955.8 8954.19 8953.86 8953.84 8954.23 8953.38 8954.55 8955.62 8955.63 8958.08 8959.76 8960.38 8962.24 8963.3 8965.22 8965.71 8966 8966.73 8964.29 8958.93 8960.64 8974 8982.33 8988.71 8994.8 9001.36 9010.16
8891.97 8891.54 8896.74 8897.1 8899.78 8902.35 8904.69 8905.06 8903.11 8900.92 8898.82 8900.42 8902.88 8905.28 8907.7 8910.24 8913.02 8915.6 8918.28 8921.07 8923.79 8925.69 8926.9 8924.99 8931 8938.99 8947.62 8956.11 8964.74 8971.86 8977.54 8979.37 8975.84 8978.07 8982.12 8982.44 8974.79 8961.78 8954.48 8953.49 8953.66 8953.12 8952.08 8952.98 8953.24 8954.08 8955.1 8956.15 8957.45 8958.56 8960.35 8961.75 8962.75 8963.14 8962.39 8961.99 8961.25 8959.47 8956.79 8951.46 8953.59 8963.87 8972.88 8980.24 8987.05 8994.25 9003.5
8890.04 8888.83 8891.45 8893.34 8896.86 8899.84 8901.65 8902.17 8900.97 8899.46 8898.7 8899.71 8901.92 8904.4 8906.97 8909.65 8912.42 8915.25 8918.21 8921.34 8924.69 8927.76 8930.27 8930.49 8934.24 8940.79 8949.3 8957.14 8965.08 8972.1 8977.81 8980.58 8982.45 8980.03 8977.42 8975.6 8966.62 8955.53 8951.77 8951.71 8952.63 8952.52 8953.9 8953.3 8954.59 8955.51 8956.71 8957.77 8958.76 8960.38 8961.52 8962.3 8962.62 8962.56 8962.53 8961.44 8960.19 8957.73 8955.8 8955.19 8956.48 8961.39 8967.85 8974.3 8980.97 8988.29 8997.65
8889.45 8888.85 8889.15 8891.28 8895.2 8898.33 8899.84 8899.39 8898.76 8898.73 8898.94 8899.83 8901.68 8903.75 8906.5 8909.25 8911.8 8914.7 8917.76 8921.07 8924.62 8929.09 8932.66 8933.6 8937.37 8943.07 8950.94 8958.39 8966.02 8973.14 8979.82 8985.31 8987.87 8981.94 8973.35 8962 8958.8 8953.96 8951.51 8951.74 8952.65 8953.18 8953.59 8954.83 8954.8 8955.9 8956.99 8959.65 8960.57 8961.68 8962.28 8963.21 8963.32 8963.25 8962.43 8961.46 8959.78 8957.66 8956.83 8959.29 8959.22 8961.23 8965.46 8970.73 8976.34 8982.82 8990.2
8889.53 8890.19 8890.44 8891.68 8895.04 8898.29 8900.1 8899.16 8897.98 8898.38 8898.6 8899.54 8901.59 8902.68 8905.1 8907.67 8910.5 8913.6 8916.64 8919.95 8923.56 8927.31 8931.43 8935.06 8939.46 8945.88 8952.97 8960.46 8967.63 8974.83 8981.99 8988.59 8990.84 8983.27 8972.71 8962.41 8958.38 8955.99 8953.2 8952.58 8952.54 8953.34 8952.52 8954.46 8955.58 8957.35 8958.47 8960.48 8960.99 8962.78 8963.47 8964.26 8964.91 8964.19 8963.99 8962.6 8960.64 8958.19 8956.46 8956.69 8958.43 8961.07 8964.46 8968.87 8973.47 8978.53 8983.87
8889.11 8889.4 8888.75 8891.71 8895.69 8899.23 8901.03 8899.72 8897.81 8897.78 8898.13 8898.83 8900.48 8903.17 8906.07 8908.92 8911.79 8914.47 8917.1 8919.63 8922.56 8926.33 8930.56 8936.08 8941.85 8948.43 8955.03 8962.39 8968.85 8975.09 8981.64 8988.95 8992.97 8984.52 8973.87 8964.34 8960.69 8958.43 8955.02 8953.62 8953.26 8954.73 8955.36 8955.83 8957.64 8958.85 8960.58 8962.56 8962.88 8964.3 8965.26 8966 8966.15 8966.89 8966.82 8965.56 8963.33 8960.27 8956.9 8955.07 8958.51 8961.84 8964.44 8967.94 8971.21 8974.67 8978.35
8888.47 8887.24 8889.37 8892.73 8896.61 8900.8 8903.49 8900.65 8897.41 8897.84 8897.78 8898.81 8900.82 8903.93 8907.39 8910.65 8913.71 8916.34 8918.63 8920.59 8922.72 8926.51 8931.86 8937.92 8944.48 8951.24 8957.77 8963.85 8969.2 8973.68 8977.95 8982.32 8989.19 8982.34 8973.42 8966.9 8960.75 8957.84 8955.77 8955.42 8955.09 8956.29 8957.6 8958.7 8959.93 8961.16 8962.3 8963.83 8965.12 8966.68 8967.97 8969.61 8969.31 8969.83 8969.61 8968.73 8967.8 8965.35 8961.51 8959.49 8962.18 8963.95 8965.96 8968.02 8969.67 8971.23 8972.68
8888.47 8890.41 8892.39 8893.44 8896.69 8900.92 8904.39 8901.18 8898.16 8898.87 8898.2 8898.82 8901.29 8905.08 8909.12 8913.06 8916.61 8919.42 8921.4 8922.7 8923.94 8925.64 8931.9 8940.74 8948.62 8955.21 8960.39 8965.07 8968.79 8971.31 8972.6 8971.44 8976.11 8973.77 8967.67 8962.08 8958.29 8956.57 8956.28 8957.15 8957.93 8958.49 8960.55 8961.84 8963.07 8963.26 8964.3 8965.8 8967.96 8967.93 8970.56 8971.76 8972.05 8973.05 8973.16 8973.16 8973.54 8973 8971.06 8969.46 8969.85 8968.97 8968.95 8969.57 8969.36 8968.83 8967.47
8887.66 8887.28 8889.54 8892.56 8895.51 8898.19 8900.11 8899.45 8898.72 8898.8 8898.37 8898.05 8901.77 8906.94 8912.17 8917.02 8921.17 8924.35 8926.36 8927.2 8927.97 8929.92 8939.41 8948.12 8955.1 8960.28 8964.33 8967.46 8969.8 8970.85 8970.62 8967.47 8965.77 8965.05 8962.3 8958.77 8955.21 8955.9 8957.7 8959.41 8960.81 8962.09 8962.77 8964.16 8965.21 8966.75 8967 8967.9 8969.76 8970.61 8972.84 8973.46 8974.01 8975.46 8976.6 8977.69 8979.65 8981.31 8983.81 8982.92 8978.43 8974.71 8972.56 8971.66 8970.11 8967.98 8964.53
8888.2 8888.89 8891.65 8892.76 8894.36 8895.15 8895.82 8897.23 8898.48 8904.02 8888.91 8895.83 8902.83 8909.62 8916.05 8922.03 8927.18 8931.38 8934.05 8935.16 8935.69 8939.82 8951.72 8959.18 8963.88 8966.89 8969.11 8970.73 8971.91 8972.43 8972.63 8971.39 8966.39 8963.24 8960.7 8959.23 8958.52 8959.41 8961.64 8962.8 8964.51 8965.76 8965.84 8965.54 8966.28 8967.01 8969.34 8970.2 8972.24 8974.16 8974.98 8975.65 8976.62 8977.37 8979.24 8980.99 8983.92 8987.46 8992.18 8990.91 8984.61 8979.04 8975.73 8973.08 8970.95 8968.14 8964.57
8891.06 8892.82 8894.14 8894.3 8894.68 8894.44 8894.96 8896.85 8898.3 8898.74 8891.42 8898.21 8905.95 8913.74 8921.36 8928.49 8934.94 8940.67 8945.05 8947.54 8947.86 8953.19 8967.56 8973.33 8975.01 8975.51 8975.2 8975.33 8975.28 8975.56 8976.03 8975.9 8972.73 8969.55 8966.18 8965.24 8965.08 8965.6 8966.88 8967.09 8967.68 8968.13 8969.2 8969.64 8971.43 8972.24 8973.04 8974.36 8975.71 8975.9 8976.69 8977.54 8977.62 8978.98 8980.29 8982.47 8985.57 8989.39 8992.35 8991.21 8986.5 8980.9 8977.42 8974.43 8972.1 8969.57 8966.61
8894.12 8895.9 8896.23 8896.33 8896.63 8896.97 8897.6 8898.78 8899.33 8899.91 8901.5 8904.74 8911.15 8918.88 8926.93 8935.15 8943.35 8951.36 8958.76 8965 8969.07 8977.86 8990.77 8989.26 8986.79 8984.29 8981.13 8979.6 8978.96 8979.13 8980.08 8981.04 8984.11 8984.71 8980.07 8976.39 8973.72 8973.38 8974 8973.76 8973.81 8973.44 8973.48 8973.23 8973.34 8974.91 8975.52 8976.22 8976.89 8977.59 8977.82 8978.49 8978.88 8979.87 8981.03 8982.66 8984.92 8988.04 8990.8 8989.31 8985.37 8980.89 8977.86 8975.14 8972.96 8970.99 8968.71
8896.87 8897.68 8897.98 8897.85 8898.7 8901.44 8902.27 8902.26 8901.67 8900.62 8905.04 8910.64 8917.28 8924.89 8933.32 8942.48 8952.24 8962.57 8973.39 8984.72 8996.63 9005.38 9007.62 9002.2 8996.94 8992.27 8987.53 8984.35 8982.51 8982.14 8983.8 8989.06 8994.88 9000 8998.1 8989.79 8982.92 8982.72 8981.81 8980.45 8979.24 8978.47 8977.98 8977.17 8976.94 8976.69 8979.58 8978.86 8978.84 8979.3 8979.87 8980.94 8981.18 8981.46 8981.71 8981.74 8982.42 8984 8985.87 8984.81 8982.53 8979.62 8977.46 8975.4 8973.72 8972.22 8970.6
8901.33 8900.45 8897.65 8896.8 8899.26 8902.13 8904.78 8906.57 8908.54 8909.83 8912.22 8917.12 8923.37 8930.78 8939.32 8948.92 8959.81 8971.94 8985.35 8999.86 9015.15 9017.73 9013.68 9009.02 9003.28 8997.37 8991.89 8987 8983.34 8981.95 8982.82 8988.6 8999.02 9008.31 9008.47 9004.04 8997.84 8993.1 8989.6 8986.51 8984.46 8982.9 8981.46 8980.71 8979.65 8979.29 8980.6 8980.99 8980.56 8980.85 8981.28 8981.74 8981.66 8981.98 8981.6 8980.48 8978.91 8977.73 8977.28 8978.54 8978.87 8977.75 8976.67 8975.37 8973.74 8972.67 8971.86
8902.96 8900.86 8898.89 8898 8901.79 8904.1 8907.72 8910.83 8914.18 8917.47 8919.48 8923.2 8928.76 8935.72 8944.04 8953.85 8965.05 8978.43 8993.35 9008.23 9019.22 9018.28 9016.66 9013.83 9007.75 9000.65 8993.11 8986.54 8981.51 8978.77 8979.86 8985.77 8996.28 9010.52 9013.62 9013.53 9009.54 9000.92 8995.08 8990.57 8987.68 8985.59 8984.09 8983.01 8982.41 8981.87 8981.5 8983.06 8983.03 8983.01 8982.86 8983.04 8982.74 8982.31 8981.32 8979.77 8977.04 8972.41 8969.18 8973.7 8976.12 8976.22 8975.76 8974.87 8973.73 8972.82 8972.2
8903.3 8904.54 8902.91 8903.59 8907.2 8911.85 8912.95 8914.42 8916.85 8921.01 8924.9 8928.67 8933.72 8939.96 8947.58 8956.94 8968.31 8982.08 8998.44 9014.79 9025.56 9026.77 9024.47 9019.33 9011.49 9001.91 8992.9 8984.55 8977.51 8972.53 8970.99 8975.48 8983.38 8994.13 9001.57 9007.31 9007.74 9002.4 8997.37 8993.1 8989.99 8987.73 8986.09 8984.84 8983.92 8983.34 8982.87 8984.31 8984.38 8984.3 8984.23 8984.14 8983.93 8983.28 8983.04 8981.62 8978.93 8974.12 8970.36 8973.92 8975.05 8975.35 8974.71 8973.72 8972.74 8971.98 8971.22
8902.25 8904.92 8906.59 8908.48 8912.49 8915.63 8917.39 8917.95 8918.75 8924.41 8928.98 8933.11 8937.97 8943.69 8950.47 8958.69 8968.7 8981.38 8997.96 9019.04 9038.8 9042.73 9033.69 9023.36 9012.8 9002.41 8991.85 8982 8972.63 8964.77 8960.05 8963.2 8967.43 8968.01 8978.85 8992.59 8998.6 8998.61 8996.09 8993.99 8991.36 8989.47 8986.76 8986.17 8985.23 8984.07 8983.61 8984.04 8985.2 8984.7 8984.73 8985.12 8984.38 8984.8 8985.11 8984.61 8983.69 8984.09 8981.61 8978.58 8977.07 8975.62 8974.16 8973.04 8971.39 8969.31 8968.51
8905.9 8907.53 8910.9 8914.55 8918.72 8921.86 8922.75 8922.68 8923.58 8928.78 8932.6 8936.47 8940.65 8945.41 8950.91 8957.28 8964.94 8974.67 8988.52 9010.44 9036.4 9044.58 9035.13 9023.35 9011.89 9000.55 8989.3 8978.27 8967.8 8958.71 8952.05 8955.08 8959.55 8963.43 8973.87 8986.43 8992.38 8994.53 8993.69 8992.51 8990.99 8990.17 8987.9 8986.93 8986.18 8985.58 8985.18 8984.92 8985.36 8985.62 8985.3 8985.26 8985.97 8986.64 8986.41 8986.75 8987.7 8989.98 8987.32 8982.25 8979.39 8977.08 8974.53 8971.85 8969.58 8967.18 8964.98
8908.84 8911.85 8915.72 8920.5 8926.24 8928.9 8928.82 8928.39 8929.69 8933.13 8936.25 8939.27 8942.67 8946.4 8950.44 8954.72 8959.29 8964.08 8969.7 8979.97 9005.51 9028.57 9025.91 9017.97 9008.41 8997.84 8986.87 8975.64 8964.64 8954.82 8949.39 8952.25 8958.82 8967.32 8977.19 8985.09 8988.99 8990.67 8991.97 8992 8991.75 8991.29 8988.9 8988.24 8988.13 8987.7 8987.1 8986.88 8986.76 8986.56 8986.61 8987.37 8987.27 8988.2 8987.87 8987.75 8988.21 8989.63 8986.97 8982.71 8980.05 8977.23 8974.65 8971.96 8968.99 8965.59 8961.25
8914.24 8916.68 8920.12 8924.72 8931.97 8935.49 8934.3 8933.39 8933.64 8936.44 8939.38 8942.1 8944.94 8947.86 8950.65 8953.11 8954.84 8955.13 8952.21 8945.08 8962.67 8999.72 9011.4 9009.64 9003.13 8994.34 8984.45 8974.04 8963.63 8953.76 8947.7 8953.25 8960.79 8968.63 8976.25 8980.67 8985.38 8988.07 8989.55 8990.3 8990.65 8990.44 8990.25 8989.98 8989.7 8988.28 8988.03 8987.86 8987.77 8988.87 8990.02 8990.85 8990.57 8989.89 8989.5 8987.68 8985.8 8984.22 8983.39 8981.62 8979.71 8976.94 8973.98 8970.8 8967.33 8963.52 8959.26
8919.19 8920.84 8923.68 8927.03 8932.52 8937.21 8938.14 8938 8937.97 8939.85 8942.34 8944.79 8947.17 8949.39 8951.3 8952.67 8953.09 8952.47 8950.12 8945.6 8962.08 8990.6 9002.2 9003.01 8998.72 8991.7 8983.33 8974.32 8965.43 8957.98 8954.91 8958.57 8964.74 8970.97 8975.78 8979 8982.49 8985.85 8988.88 8990.5 8991.59 8992.03 8992.93 8992.68 8992.47 8990.56 8990.36 8990.18 8990.71 8990.92 8993.37 8993.15 8992.96 8992.49 8990.83 8988.44 8984.59 8979.65 8981.06 8980.91 8979.42 8976.61 8973 8969.52 8965.76 8961.93 8957.78
8919.4 8923.19 8926.89 8931.06 8937.1 8940.67 8941.65 8941.6 8941.85 8943.47 8945.4 8947.68 8949.69 8951.44 8952.86 8953.75 8954.48 8955.33 8959.15 8972.88 8988.72 8997.55 8999.74 8999.16 8995.64 8989.99 8983.11 8975.72 8968.63 8963.06 8961.57 8964.98 8970.12 8974.53 8976.65 8978.73 8981.18 8983.86 8987.66 8990.25 8991.76 8992.76 8992.96 8993.81 8993.85 8993.74 8991.87 8991.78 8991.61 8991.51 8991.47 8991.9 8994.48 8993.94 8992.53 8991.06 8987.35 8982.52 8982.86 8982.28 8979.97 8976.77 8973.16 8969.31 8965.36 8961.45 8957.81
8921.3 8925.52 8929.8 8934.46 8940.62 8943.6 8945.12 8946.08 8947.19 8948.26 8949.32 8951.1 8952.58 8953.89 8955.09 8956.23 8957.7 8959.16 8961.89 8972.46 8989.73 8997.71 8998.18 8996.76 8993.7 8989.23 8983.73 8977.82 8972.45 8968.27 8967.29 8970.59 8975.17 8978.18 8976.96 8978.42 8980.74 8982.63 8986.02 8987.72 8988.96 8989.79 8991.26 8991.65 8991.83 8991.86 8990.65 8990.61 8990.6 8990.57 8989.93 8990.38 8993.81 8994.49 8995.06 8995.08 8994.47 8992.06 8988.21 8984.61 8980.74 8976.7 8972.56 8968.46 8964.41 8960.77 8957.07
8924.6 8928.22 8932.27 8936.56 8940.73 8944.73 8947.93 8951.32 8952.87 8953.44 8954.49 8955.37 8956.39 8957.52 8958.79 8960.24 8962.3 8964.49 8965.98 8962.84 8985.25 8993.48 8994.82 8994.1 8991.86 8988.56 8984.6 8980.22 8976.37 8974.06 8973 8974.58 8976.75 8978.58 8978.98 8979.78 8981.26 8982.63 8983.99 8985.58 8985.97 8987.2 8987.66 8988.8 8988.95 8989 8988.97 8989.66 8989.68 8989.57 8989.57 8990.13 8992.55 8993.43 8996.42 8998.3 9001.03 8999.23 8992.62 8986.68 8981.43 8976.92 8972.32 8968.25 8964.16 8959.73 8956.22
8928.08 8930.39 8934.02 8938.44 8941.28 8944.77 8948.96 8953.21 8955.53 8956.94 8958.58 8959.2 8960.02 8961.09 8962.45 8964.44 8967.17 8971.05 8977.69 8987.35 8984.95 8989.32 8991.5 8991.96 8990.96 8988.94 8986.17 8982.88 8979.51 8976.96 8976.72 8977.39 8977.56 8978.99 8980.73 8981.46 8981.94 8982.55 8983.21 8984.53 8985.13 8985.52 8985.8 8985.87 8985.87 8985.76 8985.71 8986.74 8986.66 8986.84 8987.86 8988.46 8989.79 8992 8994.78 8998.09 9002.98 9001.21 8993.2 8986.49 8980.83 8975.85 8971.22 8967.01 8963.05 8959.17 8955.58
8928.97 8931.07 8934.46 8938.67 8940.51 8944.1 8948.63 8952.29 8955.31 8958.39 8960.6 8962.19 8963.25 8964.4 8965.93 8968.11 8971.12 8975.53 8981.16 8983.67 8982.39 8986.18 8989.18 8990.61 8990.78 8989.99 8988.4 8986.24 8983.35 8980.06 8980.35 8980.73 8981.12 8981.13 8981.83 8982.6 8982.71 8983.39 8983.93 8984.52 8984.86 8984.77 8984.81 8984.66 8984.71 8984.5 8984.29 8984.4 8984.74 8984.76 8985.51 8985.94 8986.74 8990.13 8992.04 8993.72 8994.22 8993.38 8989.12 8983.61 8978.54 8973.84 8969.57 8965.62 8961.88 8958.46 8955.11
