real_craters/C107-750m.grd
DSAA
93 93
-34.37 34.37
-34.37 34.37
8088.1250042833 9406.2739293929
[rows 0 to 37 of 93, columns 0 to 83 of 93]
8485 8449 8446 8604 8918 8977 8995 9002 8996 8974 8949 8935 8933 8939 8950 8960 8971 8984 8969 8961 8980 8993 8995 8995 8990 8986 8987 8989 8995 9010 9029 9049 9055 9050 9049 9048 9046 9039 9030 9024 9022 9021 9021 9018 9016 9013 9013 9012 9009 9016 9015 9015 9015 9015 9022 9031 9034 9035 9036 9037 9040 9044 9048 9052 9057 9062 9067 9071 9069 9061 9055 9055 9059 9066 9091 9118 9138 9148 9142 9102 9071 9070 9071 9118
8537 8491 8585 8883 9047 9026 9006 8995 8989 8970 8953 8939 8934 8939 8943 8947 8947 8944 8953 8952 8974 8988 8994 9001 8991 8986 8986 8986 8988 9004 9023 9042 9052 9049 9049 9048 9047 9043 9035 9028 9023 9021 9019 9018 9015 9012 9011 9011 9013 9014 9014 9015 9009 9016 9023 9027 9033 9036 9040 9045 9046 9048 9050 9050 9055 9061 9065 9070 9069 9065 9056 9053 9050 9055 9064 9079 9112 9132 9138 9091 9065 9073 9101 9112
8693 8731 8935 9039 9038 9024 9004 8988 8971 8959 8962 8946 8939 8940 8941 8942 8942 8943 8942 8941 8966 8971 8983 9000 8997 8995 8988 8983 8985 8996 9013 9028 9038 9049 9052 9051 9049 9047 9045 9030 9023 9020 9017 9013 9011 9009 9009 9011 9014 9014 9015 9014 9014 9019 9023 9025 9025 9034 9045 9051 9052 9052 9053 9053 9056 9060 9066 9070 9074 9077 9080 9068 9057 9047 9051 9050 9066 9089 9107 9079 9066 9069 9079 9089
8928 9044 9067 9055 9025 9007 8990 8974 8963 8952 8959 8954 8943 8941 8942 8942 8941 8942 8941 8942 8944 8944 8962 8982 8992 8999 8986 8979 8976 8987 9005 9026 9049 9054 9055 9054 9051 9046 9042 9025 9023 9020 9015 9012 9008 9006 9007 9010 9011 9012 9011 9011 9016 9018 9021 9022 9022 9032 9047 9058 9056 9056 9057 9056 9060 9064 9068 9073 9080 9087 9093 9092 9083 9066 9063 9056 9053 9062 9066 9062 9065 9071 9077 9081
8984 9012 9032 8997 8996 8986 8972 8959 8947 8944 8944 8938 8942 8945 8945 8945 8945 8948 8946 8946 8947 8947 8953 8967 8978 8981 8978 8974 8972 8980 8995 9016 9042 9056 9058 9055 9052 9048 9040 9037 9028 9020 9012 9004 8998 9001 9005 9009 9011 9010 9009 9012 9016 9017 9020 9026 9026 9030 9035 9045 9054 9059 9061 9063 9066 9067 9070 9075 9081 9090 9100 9107 9110 9113 9091 9061 9065 9063 9061 9068 9067 9070 9059 9084
8961 8976 8975 8956 8957 8957 8953 8946 8938 8937 8936 8939 8951 8951 8951 8950 8952 8951 8951 8952 8953 8950 8958 8965 8971 8975 8975 8972 8973 8977 8985 8997 9040 9058 9058 9055 9051 9048 9039 9040 9030 9020 9010 9001 8991 8998 9004 9008 9010 9008 9007 9012 9023 9018 9025 9028 9028 9029 9031 9042 9053 9058 9061 9059 9059 9066 9069 9074 9079 9087 9096 9103 9116 9106 9112 9125 9087 9062 9066 9071 9072 9099 9127 9118
8946 8953 8958 8943 8939 8939 8942 8940 8936 8935 8936 8943 8952 8954 8953 8952 8950 8953 8953 8955 8956 8954 8960 8964 8970 8976 8975 8973 8973 8976 8980 8990 9030 9052 9053 9050 9045 9040 9033 9029 9025 9019 9012 9006 8998 9002 9005 9008 9008 9006 9005 9015 9033 9051 9053 9048 9034 9030 9048 9057 9059 9059 9058 9060 9062 9060 9065 9071 9076 9081 9086 9096 9103 9115 9125 9129 9109 9087 9099 9118 9138 9140 9150 9151
8954 8946 8946 8954 8944 8937 8941 8939 8933 8934 8939 8945 8954 8954 8954 8953 8954 8954 8954 8953 8953 8955 8960 8963 8968 8974 8974 8973 8974 8978 8981 8992 9020 9040 9047 9045 9040 9032 9026 9023 9021 9018 9015 9013 9011 9008 9009 9009 9008 9007 9008 9022 9015 9025 9045 9071 9097 9086 9102 9082 9066 9059 9055 9051 9046 9052 9060 9069 9076 9082 9082 9093 9103 9110 9123 9133 9130 9133 9130 9136 9146 9155 9160 9163
8948 8945 8947 8953 8957 8960 8950 8943 8937 8935 8938 8942 8949 8952 8953 8953 8951 8955 8953 8952 8953 8957 8955 8961 8966 8971 8972 8972 8973 8975 8983 8995 9016 9033 9041 9040 9034 9027 9024 9020 9020 9019 9016 9016 9014 9012 9010 9010 9008 9004 9009 9012 9006 9009 9023 9058 9091 9093 9085 9074 9062 9054 9049 9044 9039 9042 9054 9064 9073 9083 9089 9086 9098 9108 9123 9130 9129 9123 9122 9130 9144 9157 9162 9165
8958 8938 8940 8957 8962 8968 8954 8947 8939 8940 8937 8942 8947 8951 8953 8954 8955 8954 8952 8949 8952 8958 8962 8964 8968 8969 8971 8977 8977 8976 8985 9000 9021 9038 9042 9038 9030 9016 9003 9014 9020 9020 9018 9008 9013 9012 9012 9012 9010 9007 9009 9008 9009 9013 9016 9033 9044 9036 9045 9045 9045 9042 9039 9035 9031 9037 9048 9059 9070 9082 9094 9070 9048 9093 9117 9123 9121 9119 9121 9131 9139 9157 9161 9162
8956 8936 8950 8966 8959 8946 8946 8948 8951 8949 8943 8943 8948 8952 8954 8955 8956 8955 8953 8949 8948 8956 8962 8967 8975 8983 8991 8991 8986 8984 8988 9001 9027 9048 9048 9040 9030 9021 9015 9013 9015 9021 9029 9033 9017 9012 9015 9015 9013 9015 9020 9010 9012 9014 9013 9016 9014 9010 9010 9026 9033 9033 9031 9030 9028 9034 9043 9053 9063 9073 9078 9081 9080 9088 9107 9111 9111 9114 9120 9131 9143 9146 9149 9154
8949 8951 8960 8966 8956 8944 8943 8945 8950 8955 8952 8955 8954 8954 8956 8957 8958 8957 8956 8956 8956 8961 8962 8968 8981 9001 9024 9003 8995 8994 8989 8999 9027 9053 9053 9045 9030 9013 9018 9016 9017 9022 9025 9024 9015 9011 9019 9036 9020 9038 9032 9013 9012 9015 9015 9013 9008 9010 9016 9019 9024 9027 9028 9027 9025 9029 9038 9047 9056 9063 9066 9072 9084 9082 9085 9094 9100 9106 9106 9118 9118 9110 9130 9142
8945 8952 8965 8960 8955 8952 8950 8947 8954 8955 8955 8959 8957 8957 8958 8959 8960 8959 8959 8960 8959 8960 8960 8967 8980 8992 8995 8996 8995 8996 8985 8994 9024 9048 9056 9056 9049 9038 9034 9029 9025 9023 9023 9019 9015 9012 9009 9002 9007 9007 9013 9001 9008 9015 9017 9017 9017 9014 9015 9014 9016 9018 9021 9023 9022 9027 9035 9044 9052 9060 9066 9075 9069 9066 9067 9081 9093 9095 9092 9099 9097 9106 9118 9131
8937 8944 8944 8949 8952 8954 8955 8956 8957 8957 8955 8951 8957 8959 8961 8962 8960 8960 8961 8962 8959 8958 8962 8968 8978 8984 8984 8987 8989 8987 8988 9002 9026 9048 9061 9068 9075 9068 9054 9043 9029 9023 9020 9016 9010 9004 9005 9004 9001 9000 9002 9011 9010 9006 9013 9017 9016 9013 9011 9012 9014 9015 9017 9018 9021 9025 9032 9041 9050 9059 9066 9052 9022 9054 9079 9083 9087 9088 9089 9098 9101 9099 9110 9119
8938 8940 8943 8946 8949 8953 8956 8958 8956 8956 8955 8955 8957 8959 8961 8963 8961 8960 8962 8965 8962 8961 8964 8975 8983 8984 8982 8982 8984 8988 9001 9010 9029 9052 9064 9071 9079 9071 9050 9032 9025 9019 9011 9008 9003 8996 9002 9004 9005 9011 9016 9019 9013 9011 9013 9014 9014 9011 9009 9012 9014 9016 9019 9019 9020 9023 9032 9041 9050 9059 9061 9056 9042 9048 9068 9076 9078 9081 9088 9086 9092 9097 9104 9113
8940 8938 8944 8946 8947 8950 8953 8953 8952 8951 8956 8954 8957 8959 8962 8960 8958 8959 8958 8965 8965 8969 8969 8993 8997 8990 8980 8978 8980 8983 8989 9009 9033 9052 9062 9064 9056 9051 9039 9026 9024 9017 9012 9006 9000 8995 8996 8999 8999 9004 9012 9012 9007 9007 9011 9011 9009 9000 9011 9013 9015 9018 9017 9019 9021 9029 9033 9041 9051 9058 9060 9054 9043 9041 9048 9058 9067 9073 9074 9081 9092 9097 9101 9105
8942 8942 8946 8947 8948 8948 8951 8956 8955 8958 8959 8958 8958 8959 8960 8961 8960 8959 8958 8958 8966 8971 8972 9016 9007 8995 8980 8976 8979 8982 8986 9014 9041 9064 9074 9061 9045 9037 9029 9018 9023 9018 9014 9008 9004 9002 9003 9002 9000 9000 8999 8994 8998 8994 8991 9007 9007 9010 9011 9014 9016 9019 9019 9021 9023 9028 9034 9042 9050 9058 9060 9054 9041 9037 9039 9047 9050 9063 9070 9083 9092 9094 9095 9100
8941 8949 8945 8948 8948 8948 8949 8956 8958 8957 8956 8958 8959 8959 8957 8958 8958 8958 8961 8966 8967 8970 8968 9001 9008 8997 8984 8979 8983 8986 9000 9025 9050 9073 9080 9062 9033 9034 9030 9026 9022 9019 9012 9009 9007 9009 9010 9008 9005 8999 8999 8997 8997 8998 9006 9002 9007 9007 9010 9014 9017 9019 9022 9023 9024 9025 9031 9041 9048 9053 9052 9044 9046 9039 9038 9041 9043 9054 9068 9079 9076 9081 9086 9090
8943 8949 8953 8952 8951 8949 8948 8947 8953 8955 8960 8961 8960 8960 8960 8954 8956 8957 8956 8961 8968 8971 8971 8995 9004 8997 8988 8984 8990 8998 9021 9032 9053 9075 9085 9070 9056 9042 9039 9037 9044 9031 9009 9009 9009 9010 9008 9008 9008 9006 9003 9003 9001 9002 8999 9008 9008 9009 9010 9013 9015 9017 9021 9025 9025 9024 9033 9046 9051 9045 9045 9044 9046 9039 9039 9039 9047 9060 9070 9075 9070 9071 9080 9092
8945 8954 8957 8956 8954 8953 8954 8957 8955 8955 8963 8963 8961 8959 8959 8960 8958 8957 8956 8959 8965 8968 8970 8991 8998 8992 8984 8985 8998 9013 9014 9026 9048 9074 9091 9071 9052 9045 9048 9066 9086 9052 9028 9013 9008 9004 8998 9004 9007 9011 9008 9008 9004 9003 9011 9007 9008 9008 9011 9011 9014 9013 9017 9026 9034 9042 9053 9064 9071 9068 9075 9071 9057 9040 9037 9035 9045 9060 9070 9067 9053 9064 9079 9089
8945 8954 8960 8958 8956 8955 8954 8953 8955 8953 8959 8961 8960 8958 8954 8958 8957 8957 8960 8962 8965 8968 8970 8977 8984 8985 8982 8984 9001 9020 9010 9015 9037 9058 9073 9050 9034 9036 9041 9046 9038 9028 9019 9013 9008 9001 9001 9001 9003 9006 9007 9006 9005 9002 9004 9008 9008 9007 9006 9008 9011 9015 9019 9028 9043 9064 9083 9076 9089 9127 9135 9127 9096 9074 9056 9038 9044 9053 9054 9062 9060 9068 9083 9095
8947 8959 8960 8959 8958 8956 8955 8952 8953 8953 8957 8959 8960 8959 8956 8957 8956 8954 8953 8959 8964 8967 8968 8967 8971 8979 8982 8984 8998 9016 9010 9013 9024 9032 9030 9031 9026 9023 9023 9020 9006 9003 9006 9011 9014 9013 9007 9007 9009 9007 9011 9007 9005 9004 9003 9007 9008 9007 9003 9005 9013 9020 9023 9029 9038 9051 9054 9061 9072 9090 9111 9116 9110 9113 9090 9061 9049 9052 9052 9062 9071 9073 9079 9086
8952 8955 8958 8958 8957 8957 8955 8954 8957 8956 8959 8960 8961 8961 8961 8956 8956 8955 8953 8960 8965 8965 8968 8966 8972 8985 8987 8986 8992 8994 9009 9012 9013 9016 9012 9010 9010 9010 9010 9007 8999 9000 9008 9015 9023 9032 9024 9014 9010 9008 9011 9009 9007 9005 9004 9006 9005 9005 9005 9010 9015 9021 9026 9028 9031 9032 9026 9040 9044 9037 9045 9064 9090 9123 9107 9103 9080 9060 9061 9050 9062 9067 9071 9079
8953 8954 8956 8957 8956 8956 8956 8952 8958 8958 8960 8961 8962 8963 8965 8959 8958 8958 8959 8962 8958 8962 8960 8965 9002 9003 9000 8994 8992 8988 8991 8996 9007 9009 9007 8999 8995 9001 9004 9005 9008 9011 9013 9018 9025 9030 9030 9019 9012 9012 9010 9009 9008 9007 9005 9005 9005 9004 9006 9011 9016 9020 9025 9030 9032 9032 9035 9035 9036 9033 9030 9041 9059 9073 9095 9102 9089 9062 9051 9071 9067 9060 9051 9058
8959 8957 8957 8956 8955 8954 8953 8954 8958 8957 8959 8961 8962 8963 8961 8960 8961 8961 8961 8961 8962 8969 8987 9018 9029 9016 9011 9005 8999 8993 9002 9012 9011 9006 8998 8981 8989 8996 9001 9008 9018 9018 9020 9022 9023 9021 9025 9019 9015 9022 9016 9012 9013 9012 9009 9007 9003 9004 9005 9013 9016 9020 9025 9029 9032 9033 9033 9033 9034 9032 9026 9027 9036 9047 9074 9097 9074 9063 9066 9066 9064 9059 9051 9059
8964 8963 8959 8957 8955 8952 8952 8956 8951 8959 8960 8962 8964 8966 8968 8968 8965 8962 8962 8962 8963 8976 8994 8999 9000 9007 9013 9023 9015 8991 9011 9023 9020 9009 8994 8985 8988 8994 9001 9009 9017 9023 9024 9025 9024 9024 9033 9032 9037 9046 9039 9029 9024 9020 9016 9011 9009 9006 9001 9006 9013 9019 9025 9032 9035 9035 9033 9032 9027 9017 9017 9013 9021 9036 9052 9072 9060 9082 9078 9063 9060 9061 9065 9070
8964 8963 8961 8958 8957 8955 8955 8956 8954 8956 8960 8965 8968 8966 8976 8974 8969 8962 8958 8964 8966 8980 8993 8996 8994 8998 9005 9010 9015 9018 9027 9039 9030 9015 8999 8988 8991 8995 9001 9007 9013 9022 9026 9028 9031 9028 9042 9046 9046 9036 9045 9046 9037 9030 9025 9018 9007 9008 9010 9008 9012 9024 9033 9037 9041 9042 9042 9039 9030 9012 8996 9003 9011 9014 9033 9046 9064 9080 9069 9054 9051 9059 9067 9073
8964 8962 8961 8959 8958 8957 8956 8957 8954 8952 8963 8972 8977 8979 8975 8980 8975 8972 8967 8961 8966 8988 9011 9015 9001 8998 8996 8992 8996 9021 9035 9044 9040 9023 9005 8993 8994 8997 9001 9005 9011 9020 9025 9031 9040 9056 9052 9054 9057 9043 9051 9047 9043 9040 9031 9016 9008 9017 9014 9013 9019 9027 9034 9039 9044 9047 9047 9045 9041 9016 8997 9003 9013 9018 9030 9041 9044 9055 9054 9057 9049 9055 9056 9068
8959 8961 8960 8959 8958 8958 8956 8956 8958 8962 8977 8982 8988 9000 9007 8988 8978 8971 8966 8962 8971 8996 9028 9039 9021 9010 8997 8989 8992 9009 9032 9052 9045 9030 9012 9000 8998 8999 9002 9004 9006 9016 9023 9031 9036 9045 9050 9060 9071 9072 9069 9061 9061 9064 9053 9031 9040 9042 9033 9054 9044 9041 9043 9046 9051 9054 9054 9050 9044 9016 8999 9012 9027 9034 9030 9039 9042 9053 9052 9057 9052 9055 9063 9064
8962 8960 8958 8958 8957 8958 8955 8952 8990 9012 8994 8988 8989 8992 8988 8983 8975 8966 8964 8963 8973 8996 9019 9028 9025 9013 9001 8992 8982 8999 9022 9040 9044 9035 9023 9009 9005 9005 9006 9006 9006 9016 9026 9035 9039 9041 9052 9064 9064 9082 9086 9095 9103 9096 9088 9060 9043 9047 9042 9047 9048 9048 9047 9048 9053 9060 9072 9084 9055 9028 9016 9026 9036 9035 9034 9043 9042 9046 9046 9043 9053 9049 9045 9056
8955 8957 8957 8957 8956 8958 8954 8955 8961 8988 8989 8986 8983 8979 8981 8978 8973 8967 8966 8962 8974 8994 9011 9017 9007 9004 9000 8994 8986 8991 9012 9035 9042 9037 9028 9021 9013 9010 9010 9012 9014 9019 9033 9051 9061 9066 9067 9065 9064 9068 9085 9105 9120 9113 9121 9133 9051 9045 9052 9068 9061 9055 9053 9053 9056 9060 9068 9071 9066 9040 9032 9039 9042 9029 9038 9047 9039 9036 9041 9050 9048 9043 9043 9051
8955 8957 8957 8958 8957 8956 8955 8958 8954 8961 8976 8981 8980 8972 8973 8976 8975 8973 8973 8968 8977 8993 9009 9017 9006 9000 9000 8998 8990 8982 8998 9014 9024 9033 9041 9027 9015 9015 9018 9019 9022 9029 9054 9079 9094 9100 9104 9098 9062 9074 9082 9081 9076 9095 9123 9140 9059 9050 9042 9047 9044 9047 9046 9050 9053 9057 9058 9052 9071 9057 9047 9048 9047 9030 9026 9035 9033 9033 9029 9031 9032 9033 9037 9048
8959 8958 8958 8958 8958 8956 8956 8956 8957 8966 8976 8980 8983 8987 8978 8980 8983 8980 8975 8977 8983 8994 9008 9023 9017 9004 9006 9005 8995 8981 8989 8994 9000 9018 9040 9020 9011 9018 9024 9029 9037 9040 9087 9126 9162 9153 9116 9109 9096 9096 9083 9065 9043 9073 9096 9091 9064 9051 9042 9035 9035 9039 9042 9046 9050 9051 9054 9059 9061 9062 9058 9056 9047 9025 9016 9013 9015 9018 9015 9017 9028 9039 9043 9046
8961 8960 8960 8959 8958 8953 8954 8956 8966 8983 8982 8978 8975 8978 8980 8981 8986 8991 8998 8990 8988 8995 9002 9002 9027 9017 9015 9014 9008 8998 8989 8987 8990 9004 9008 9014 9018 9032 9049 9058 9063 9123 9157 9174 9178 9190 9221 9169 9143 9122 9095 9083 9061 9091 9091 9069 9082 9064 9053 9037 9032 9032 9036 9042 9046 9048 9051 9053 9053 9060 9058 9056 9045 9017 8999 9000 9000 9011 9009 9012 9017 9023 9034 9043
8961 8960 8960 8960 8958 8954 8956 8973 9021 9011 8995 8981 8969 8967 8974 8978 8984 8988 8985 8985 8989 8995 9003 9012 9018 9026 9027 9030 9019 9001 8992 8987 8988 9012 9023 9020 9022 9052 9092 9131 9155 9180 9182 9191 9204 9150 9102 9041 8999 9037 9071 9119 9175 9182 9127 9097 9077 9108 9069 9037 9029 9026 9032 9038 9042 9048 9051 9051 9047 9044 9049 9046 9035 9014 8999 8996 8995 8998 9005 9010 9014 9018 9029 9040
8959 8960 8960 8959 8959 8958 8965 8984 9024 9011 9005 8985 8966 8968 8974 8974 8974 8989 8989 8982 8989 8999 9008 9017 9026 9019 9026 9050 9038 9008 9001 8996 9000 9036 9058 9035 9023 9076 9138 9206 9222 9179 9141 9112 9149 9014 8949 8920 8935 8945 8997 9093 9254 9240 9141 9103 9148 9112 9073 9050 9038 9030 9029 9034 9042 9049 9053 9053 9048 9042 9045 9041 9032 9018 9007 8992 8994 8998 9007 9013 9014 9017 9031 9043
8959 8961 8962 8962 8961 8963 8971 8975 8999 9036 9019 8994 8971 8989 8985 8976 8972 9007 9018 8987 8992 9002 9015 9029 9042 9025 9020 9040 9047 9044 9019 9004 9006 9034 9065 9066 9047 9116 9162 9189 9154 9070 8960 8876 8827 8781 8757 8838 8767 8801 8864 8956 9051 9126 9192 9211 9200 9129 9093 9060 9035 9024 9024 9032 9041 9050 9058 9062 9053 9045 9048 9056 9040 9021 9007 9001 9000 9003 9018 9017 9023 9029 9043 9049
8964 8964 8965 8965 8966 8970 8977 8970 8989 9036 9033 9010 8991 9010 8997 8982 8978 9008 9013 8994 8997 9005 9018 9030 9036 9020 9012 9022 9035 9039 9022 9010 9006 9022 9073 9135 9204 9187 9146 9116 9002 8828 8658 8580 8535 8545 8604 8613 8602 8642 8707 8779 8847 8980 9217 9279 9229 9194 9149 9090 9045 9015 9018 9029 9039 9052 9061 9066 9060 9050 9051 9047 9041 9029 9024 9023 9003 9003 9008 9018 9032 9064 9053 9052
