real_craters/C108-300m.grd
DSAA
233 233
-34.7375 34.7375
-34.7375 34.7375
10822.531883828 12283.564308891
[rows 60 to 89 of 233, columns 67 to 133 of 233]
11997 11999.4 11999.8 11998.8 11997.5 11997 11996.4 11993.6 11990.2 11987.2 11983.4 11979.6 11976.1 11971.9 11968.8 11964.7 11961.7 11958.6 11955.2 11952.3 11948.8 11945.8 11942.6 11939.9 11938.2 11935.6 11933 11930.8 11929.1 11928.1 11927.5 11925.5 11924.5 11921.7 11919.7 11917.8 11915.5 11913.2 11910.6 11907.2 11903.1 11901.7 11899.5 11896.8 11895 11895.2 11895 11894.2 11892.9 11891.1 11890 11895.1 11900.1 11900.7 11901.8 11902 11901.8 11900 11889.4 11879.7 11870.5 11862.2 11857.6 11855.9 11850.4 11845.1 11844.6
12003 12004 12002.4 11999.8 11997.6 11995.1 11992.7 11990.2 11987 11984.3 11981.2 11977.5 11974.3 11970.5 11967.7 11964.6 11961.7 11958.5 11955.4 11952 11948.7 11945.5 11943 11940.9 11939.2 11936.8 11934.4 11932.1 11930 11928 11925.7 11923.1 11920.5 11919 11918.2 11916.9 11915.2 11913 11910.5 11907.5 11904.6 11902.6 11900.9 11899.5 11898.9 11898.4 11897.9 11897.4 11896.5 11894.6 11892.1 11895.5 11898.3 11899 11902 11903.1 11902.7 11899 11890.9 11881.5 11872.1 11864 11859.4 11857.6 11852 11847.2 11844.7
12009 12008.6 12004.1 11999.7 11995.8 11991.8 11988.9 11986 11983.6 11980.5 11978.4 11975 11972.2 11969.9 11967.2 11964.5 11961.9 11959 11955.8 11952.7 11949.3 11946.3 11943.9 11942.6 11940.4 11938 11935.6 11933.2 11930.6 11927.9 11924.5 11921.4 11918.9 11918.3 11917.9 11917.1 11915.7 11913.9 11911.7 11909.1 11906.7 11904.5 11903 11902.3 11902.4 11901.6 11901.5 11901.9 11902.3 11901.6 11898.3 11896.1 11894.9 11900.4 11903.5 11903.8 11902.2 11896.7 11891.8 11883 11873.8 11865.7 11860.1 11859 11854 11849 11845.5
12007.5 12006.7 12003.7 11998.4 11993.2 11987.6 11983.1 11981.6 11979.8 11977.2 11975.6 11973.5 11971.3 11969.3 11966.9 11964.6 11961.8 11959.3 11956.5 11953.6 11950.7 11947.9 11945.6 11944.1 11941.8 11939.4 11936.9 11934.5 11931.8 11928.8 11925.4 11921.8 11919.4 11919 11918.9 11918.3 11917.2 11915.7 11913.8 11911.5 11908.7 11906.7 11905.2 11904.1 11903.5 11903.5 11904.6 11906.5 11908.7 11910.4 11908.7 11896 11894 11904.1 11905.2 11903.8 11902.8 11902.9 11894.1 11883.9 11874.8 11867.1 11861.9 11860.2 11855.3 11849.7 11846.5
12007.7 12007.9 12002.8 11996.3 11990.2 11984.1 11979.8 11977.9 11976.5 11975.5 11974 11972.4 11970.7 11968.8 11966.6 11964.6 11962.3 11960.2 11957.9 11955.3 11952.3 11949.7 11947.6 11946.1 11943.6 11941.2 11938.6 11936.1 11933.5 11930.7 11927.5 11923.9 11921.6 11921.1 11920.9 11920.4 11919.6 11918.5 11916.9 11914.9 11912.7 11910.3 11907.8 11905.6 11904.2 11904.5 11906.8 11910.2 11913.8 11916.2 11913.3 11900.8 11895.2 11903.8 11903.3 11901 11899.6 11897.9 11891.2 11882.7 11874.8 11868.4 11863.9 11862.8 11856.7 11851.8 11847.7
12006.3 12007.9 12000 11993 11986.7 11981 11977.2 11975.1 11973.9 11973.3 11972.2 11971 11969.4 11968 11966.2 11964.7 11963.1 11961.7 11959.9 11957.7 11955 11952.5 11950.3 11948.3 11945.9 11943.2 11940.8 11938.2 11935.7 11933.3 11930.9 11927.5 11925.1 11924.3 11924 11923.4 11922.8 11921.9 11920.6 11918.9 11916.9 11914.2 11910.9 11907.4 11904.4 11904.5 11908.1 11912.9 11917.8 11920.7 11917.4 11907.9 11896.3 11896.5 11896.3 11895.1 11893.4 11889.9 11885.1 11879.8 11873.8 11868.6 11865.4 11863.2 11856.9 11851.2 11848
11999.8 11996.4 11994 11988.7 11982.9 11977.4 11974.2 11972.7 11971.6 11970.5 11970.5 11969.6 11968.3 11967.3 11966.3 11965.2 11964 11962.9 11961.7 11960.8 11959.7 11956.4 11953.3 11950.8 11948.1 11945.5 11942.9 11940.4 11937.8 11935.3 11934.1 11931.7 11929.3 11927.9 11927.2 11926.7 11926.2 11925.7 11924.9 11923.6 11921.6 11918.3 11915.3 11910.6 11905.5 11904.6 11909.2 11914.6 11920.1 11924.7 11920.7 11908.4 11897 11890.3 11888.8 11888.9 11887.6 11884.8 11881.2 11877.3 11872.7 11867.3 11862.8 11859.4 11856.1 11851.9 11849.5
11994.6 11992.5 11989.3 11984.6 11979.4 11974.1 11971.7 11970.7 11969.9 11968.9 11969.1 11968.5 11967.9 11967.1 11966.2 11965.4 11964.5 11963.8 11963 11962.9 11962.6 11959 11955.6 11952.9 11950.2 11947.5 11945 11942.5 11940 11937.2 11935.6 11933.7 11932.4 11931.2 11930.5 11930.1 11929.8 11929.7 11929.4 11929.1 11928.4 11926.2 11922.1 11915.8 11909.8 11907.6 11911.1 11915.2 11919.3 11922.3 11915.5 11903.4 11892.8 11886.5 11884.7 11884.9 11884 11882.2 11879.6 11876.8 11872.7 11867.7 11862.2 11859.2 11857.4 11855.5 11854
11990.9 11989.7 11985.9 11981.4 11977.1 11972.7 11970.7 11969.5 11968.7 11968 11967.6 11968 11967.3 11966.6 11965.9 11965.3 11964.7 11964.2 11963.6 11962.8 11961.7 11959.4 11956.9 11954.4 11951.9 11949.5 11947.1 11944.6 11942.2 11938.6 11937 11935 11934 11933.7 11933.5 11933.4 11933.4 11933.6 11933.8 11934.3 11935.1 11936.9 11929 11922 11916.6 11913.7 11914 11915 11915.6 11914.6 11907.4 11898.8 11891.2 11886.2 11884.1 11883.4 11883.1 11882.1 11880.4 11878.2 11874.8 11870.9 11866.6 11863.8 11861.5 11860.8 11860.5
11987 11984.8 11981.8 11978.6 11975.5 11972.9 11970.5 11969.2 11968.3 11967.7 11967 11967.6 11967.2 11966.8 11966.2 11965.6 11965.4 11964.4 11963.4 11962.1 11960.7 11959.4 11957.6 11955.6 11953.6 11951.5 11949.3 11947.1 11944.7 11940.9 11939.1 11936.5 11935.5 11936.1 11936.3 11936.6 11936.9 11937.2 11937.6 11938.2 11938.5 11936.6 11933.1 11927 11922.5 11919.9 11916.8 11914.5 11912.1 11908.4 11901.8 11896.7 11891.6 11887.1 11884.3 11884.1 11884.1 11884.2 11884.7 11881.2 11878.2 11875.9 11873.7 11869.2 11865.6 11865.1 11865.1
11983.7 11980.5 11978.1 11976.5 11974.2 11971.8 11970.2 11969 11968.1 11967.5 11967 11966.6 11967.7 11967.9 11967.4 11966.5 11965.7 11964.7 11963.5 11962.3 11961 11960 11958.7 11957.1 11955.4 11953.7 11951.8 11949.8 11947.7 11944.6 11942.6 11939.1 11937.7 11938.2 11939.7 11940.2 11940.7 11941 11941.4 11941.2 11940.8 11941.4 11935.5 11929.9 11925.8 11922.5 11918.4 11914.4 11910.3 11906.2 11904.1 11899 11893.4 11889 11887.9 11887.1 11886.6 11886.4 11886 11883.5 11881.7 11880.3 11878 11871.5 11868.4 11868.2 11867.6
11981.8 11979.7 11977.8 11975.5 11973.5 11971.6 11970 11968.9 11968.2 11967.6 11967.2 11967.5 11968.6 11968.3 11967.9 11967.1 11966.2 11965.1 11963.9 11962.9 11961.9 11961.1 11960 11959 11957.9 11956.5 11955 11953.4 11951.6 11948.7 11947.4 11944.6 11942.1 11942 11943.4 11944.1 11944.5 11944.9 11944.7 11943.9 11941.9 11936.3 11933.4 11931.8 11928.1 11923.9 11919.6 11915.3 11911.3 11908.2 11908.5 11903.5 11898.6 11893.9 11893.3 11891.4 11891.1 11889.6 11886.4 11885.9 11886.6 11885.2 11881.6 11876 11874.4 11873.4 11870
11980.7 11978.8 11976.9 11975 11973.1 11971.4 11969.9 11969.2 11968.7 11968.4 11968.2 11969.3 11969.3 11969.1 11968.8 11968.2 11967.4 11966.1 11964.6 11963.3 11962.6 11962.4 11961.6 11961.2 11960.4 11959.8 11958.7 11957.4 11956.1 11953.4 11953.4 11951.6 11947.8 11946.9 11947.5 11947.8 11948.2 11948.3 11948.1 11947.5 11945.6 11943.2 11940.5 11935.9 11931.2 11926.4 11921.8 11917.3 11913.8 11911.7 11909.9 11909.2 11907.4 11904.1 11898 11897.9 11899.8 11898.2 11892.3 11893.3 11896.7 11894.7 11891.5 11890.8 11890.7 11883.3 11877.6
11979.9 11978.5 11976.8 11974.8 11972.7 11971 11969.7 11969 11968.8 11968.7 11968.7 11970 11970 11970 11969.8 11970 11969.1 11967.7 11965.7 11963.8 11963.7 11964.3 11963.8 11963.5 11963.3 11962.7 11962.2 11961.3 11960.3 11958.3 11958.7 11957.6 11954.1 11951.9 11951.8 11951.9 11952.5 11952.8 11953 11952.1 11950.6 11949.4 11947 11940.7 11935.4 11930.5 11925.7 11920.8 11916.9 11914.8 11915.2 11917 11918.7 11920.8 11911.1 11911.6 11915.4 11915.5 11913.3 11914.4 11915.8 11913 11909.1 11909 11898.9 11893.1 11892.4
11979.3 11978.4 11977.8 11974.6 11971.7 11970.1 11969.3 11968.9 11969.1 11969.2 11969.3 11970.7 11971.4 11971.5 11971.6 11972 11971.6 11970.5 11968.8 11966.6 11966.9 11967.4 11966.7 11966.7 11966.4 11966 11965.5 11964.9 11964.1 11962.5 11962.2 11960.8 11958.8 11956.7 11957.1 11958.1 11958.9 11959 11959 11958.2 11956.3 11953.3 11949.4 11945 11941 11936.8 11931.9 11926.5 11922.4 11921.3 11923.7 11927.7 11931 11931.7 11933.5 11936.3 11936.5 11937.2 11942.7 11946.4 11938.4 11933.6 11926.3 11914.6 11899.6 11903.1 11909.2
11978.4 11977.4 11975.8 11973.3 11970.6 11969.3 11968.9 11968.9 11969.6 11969.9 11970.4 11972.3 11973.2 11973.6 11973.9 11974.2 11974.5 11974.2 11974.3 11973.3 11972.7 11972.3 11971 11970.6 11970.6 11969.4 11969 11968.7 11968.2 11966.1 11964.5 11963.3 11961.3 11961.2 11962.9 11965.3 11967.6 11968.7 11968.9 11967.8 11964.7 11959.7 11953.3 11951.7 11949.3 11945.7 11940.8 11935.4 11931.4 11930.7 11936 11942.3 11946.3 11951.4 11960.2 11962.5 11954.2 11953.4 11957.1 11957.8 11954.1 11948.9 11939.7 11928.9 11920.8 11916.8 11919.7
11977.5 11976.1 11974 11971.8 11970 11968.9 11969 11969.6 11970.5 11971.2 11971.9 11973.9 11974.6 11975.4 11976.1 11976.7 11977.6 11978.8 11980.2 11980.7 11979 11977.1 11976.3 11975.8 11975.9 11975 11973.4 11972.9 11972.6 11971.2 11970.6 11967.7 11963.9 11965.8 11969.3 11974.1 11978.3 11980.9 11981.9 11980.9 11977.4 11971.7 11965.7 11963.7 11963 11959.3 11953.1 11949.9 11947.9 11951.3 11959 11963.5 11963.3 11961 11961.4 11963.1 11961.6 11961.9 11963 11964.1 11963 11961.8 11950.8 11938.5 11929.1 11928.1 11928.4
11977.1 11975.7 11973.8 11971.2 11968.1 11968.7 11969.4 11970.4 11971.3 11972.3 11973.2 11975.5 11976.5 11977.5 11978.8 11979.8 11980.9 11982.3 11983.9 11985.2 11983.8 11982.1 11981.6 11981.2 11980.8 11980.1 11978 11977.1 11977.6 11976.4 11978 11972.5 11967.2 11970.7 11977 11983.4 11990.8 11995.6 11998.3 11998.3 11995.7 11989.8 11981.9 11982.4 11985.5 11982.9 11975.2 11975.6 11976.4 11992.1 11994.9 11991.9 11985.4 11975.2 11965.8 11963.8 11967.4 11968.7 11968 11966.9 11964.3 11964.4 11955.3 11944.5 11938.2 11938.7 11938.6
11977 11975.8 11974.5 11972.3 11969.9 11970.1 11970.4 11971.7 11972.8 11974.2 11975.3 11977.8 11978.9 11980 11981.8 11982.6 11983.6 11984.4 11985.3 11986.8 11987.2 11986.4 11987.1 11986.8 11986.6 11985.2 11981.8 11980.3 11980.2 11979.5 11982.2 11975.5 11970.5 11976.9 11986.6 11996.7 12006 12012.5 12016.3 12018.7 12018.5 12015.6 12008.9 12012.3 12019.4 12020.5 12017.6 12018.7 12018.6 12037.7 12033.7 12024.8 12014.8 12002.1 11988.4 11980 11982.2 11980.4 11974.6 11963.2 11960.7 11958.7 11957.6 11953 11949.1 11948.7 11948.1
11977 11976.2 11975.1 11973.3 11971.8 11971.9 11972 11973.4 11974.6 11976 11977.4 11980.6 11982.1 11983.4 11984.8 11985.7 11985.1 11985.4 11985.3 11987.3 11990.5 11991.6 11993.1 11993 11993.2 11992.4 11988.7 11985.1 11983.8 11979.4 11979.8 11979.5 11978.9 11988.7 12004.9 12014.5 12024.2 12030.4 12036.3 12041.3 12045.5 12049.6 12053 12057 12060.7 12064.1 12071 12071 12070.7 12079.2 12065.5 12056.9 12049.1 12039.1 12026.8 12018.3 12007.7 11999.7 11991.2 11981.1 11972.8 11967.1 11968.5 11965.6 11960.5 11962 11961.4
11977 11976.7 11976.6 11975.8 11973.8 11974 11973.9 11975.3 11976.6 11978.2 11979.8 11981.4 11985.5 11987 11986.8 11988 11987.4 11987.6 11987.2 11990.1 11995.1 11997.5 12000.2 12002 11999.9 11999.4 11997.6 11993.9 11990.2 11981.3 11983.3 11992.2 11998.7 12010.9 12027.3 12036.9 12044.4 12052.1 12059.2 12066.1 12074.6 12083.6 12094.8 12101 12099.6 12098.4 12100.6 12097.1 12092.4 12078.3 12084.5 12085.4 12084.8 12081.9 12070.5 12052.2 12034.6 12025.7 12016.3 12006.3 11996.8 11991.9 11990.5 11987.7 11983.7 11983.9 11981.2
11976.8 11976.9 11977.4 11977.4 11975.7 11975.8 11975.8 11977.2 11978.8 11980.6 11982.4 11984.6 11988.8 11990.6 11989 11990.5 11991.3 11992.1 11992.6 11996.3 12002.1 12005.7 12007.9 12010.8 12012 12012.9 12011.9 12011.5 12004.1 11995.4 12001.2 12017.6 12032.9 12046.6 12055.9 12062 12068.1 12074.2 12081 12088.7 12099.2 12111.1 12126.4 12135.6 12130.5 12121.6 12105.4 12091.6 12087.6 12089.9 12104.2 12111 12116.6 12122.8 12131.5 12089.2 12063.1 12056.3 12047.4 12033.5 12023.3 12024.1 12021.3 12016.9 12011.4 12008.6 12003.8
11976.1 11976.1 11976.7 11977.2 11976.8 11977.3 11977.9 11979.5 11981.6 11983.5 11985.7 11988 11990.2 11992.3 11991.8 11993.9 11996.4 11998.3 12000.7 12004.9 12010.6 12014.3 12018.6 12022.4 12026.6 12027.1 12028.5 12031.1 12031 12030.9 12039.3 12051.5 12067.2 12079.3 12082.4 12085.7 12089.1 12092.7 12096.8 12105.1 12115.1 12128.5 12145.5 12156 12153.2 12143.3 12127.7 12115.2 12122.1 12127 12127.9 12130.3 12137.2 12146.8 12149.1 12122 12096.4 12090.9 12086.2 12077.5 12072.8 12071.9 12060 12048.2 12036.8 12030.2 12023.7
11974.8 11974.5 11974.8 11975.2 11976.6 11978.1 11979.6 11981.7 11984.1 11986.3 11988.9 11991.6 11991.6 11994 11995.3 11997.9 12001.3 12004.3 12009.3 12014.9 12020.1 12026.7 12031.8 12038 12042.7 12044.6 12048.2 12055.3 12059 12070.5 12078.8 12085 12092.9 12096.7 12104 12104.8 12105.6 12103.8 12103.5 12110.5 12118.5 12131.9 12149.2 12171.2 12163.2 12161.1 12163 12162.3 12173 12162.2 12142.9 12135.5 12138.8 12153.3 12170.2 12158.8 12133.3 12124.7 12123.1 12130.3 12145.8 12121.8 12098.5 12078.8 12061.1 12049.6 12042.4
11973.3 11972.9 11972.6 11972.1 11975.9 11978.8 11981 11983.6 11986 11989.2 11992.4 11995.6 11995.1 11996.4 11999.3 12002.9 12007 12010.8 12018.1 12024.8 12031.3 12040 12049.5 12053.8 12061 12065.2 12070 12078.9 12082.3 12091 12106.1 12116.1 12123.9 12127.5 12129 12122.1 12115 12105.4 12099.6 12099.1 12108.1 12118.2 12132.2 12137.8 12151.6 12161.4 12179 12196.3 12192.9 12160.3 12128.7 12114.8 12115.5 12131.8 12159.8 12173.5 12161.2 12138.7 12137.7 12148 12152.8 12143.1 12127.5 12106.9 12086.4 12070.7 12071.3
11971.9 11971.6 11971.6 11972.4 11976.7 11979.5 11982 11985.1 11988.3 11992.1 11996.1 11999.9 11999.5 11998.3 12004.7 12005.6 12010.4 12016.6 12025.6 12034.3 12042.9 12054.8 12067.1 12076.1 12082.5 12088.5 12094.5 12103.5 12106.8 12108.3 12130.1 12146.8 12159.3 12165.7 12156.3 12136.4 12115.4 12095.7 12080.8 12074.9 12080.3 12089.6 12105.2 12121.8 12130.5 12135.2 12148.1 12158.3 12137.6 12104.4 12076.4 12061.9 12062.7 12075.7 12096.1 12110.6 12118.4 12110.9 12119.6 12137.1 12149.5 12156.6 12148.3 12131.8 12113.4 12099.9 12108.1
11970.5 11970.7 11971.5 11973.8 11977.2 11979.9 11982.6 11986.2 11990.3 11994.8 11999.4 12004.2 12002.9 12003.3 12005.6 12010 12014.4 12020.9 12030.1 12042.7 12057 12067.8 12083.6 12099.2 12102.2 12115 12127.6 12138.8 12142.4 12142.6 12160.6 12175.8 12189.6 12195.2 12177.5 12139.4 12101.4 12068.8 12046.1 12032.8 12034 12040.9 12060.2 12082.9 12088.8 12076 12068 12055.4 12026.8 12005.2 11991.3 11982.8 11984.8 11994.9 12011.2 12026.5 12027.7 12048.2 12069.1 12105.4 12155.3 12168.7 12159.2 12148.4 12143.1 12143.7 12151.7
11969.1 11969.9 11971.1 11973.1 11976.1 11979.3 11983.1 11987.7 11992.9 11998.4 12004.1 12009.6 12006.4 12006.9 12012.4 12015.8 12019.7 12025.2 12035.8 12051.6 12068.5 12081.4 12098.7 12107.8 12125.3 12141.2 12158.7 12175.4 12186.7 12187.1 12189.9 12194.3 12205.1 12220.7 12190.5 12124.1 12066.1 12022.4 11993.5 11974.2 11966.1 11968.1 11985.2 12013.5 12015.4 11977.4 11957.1 11940.4 11904.7 11887.9 11883.8 11883.2 11886 11894.5 11910.1 11934.4 11955.3 11965.7 11985.3 12028.8 12113.5 12154.8 12145.1 12143.6 12155.4 12176.5 12180.4
11967.4 11968.5 11970.7 11972.4 11974.1 11977.9 11982.9 11988.2 11994.4 12001 12007.7 12004.3 12010.2 12013.1 12018.3 12024.7 12029 12034.3 12045.6 12062.4 12079.9 12092.3 12111 12120 12140.8 12160.6 12194.6 12217.3 12229.4 12226.7 12209.2 12191.4 12184.6 12188 12147.7 12069.3 12004.6 11956.1 11920.1 11895.3 11880.5 11874.7 11873.6 11870.9 11854.8 11837.6 11817.4 11795.9 11762.4 11760.7 11766.5 11772.7 11776.7 11782.8 11791.6 11800.1 11837.8 11852.2 11868.4 11905.9 11998.3 12076.1 12088.1 12105 12133.1 12168.4 12179.7
11965.2 11966.2 11968.8 11970.1 11971.2 11975.9 11982 11987.8 11994.9 12002.5 12010.3 12006.7 12013.6 12020.7 12028.1 12038.6 12046.1 12052.9 12062.1 12075.3 12090.3 12099.5 12117.9 12139.2 12147.5 12174.3 12225.2 12251.2 12267.7 12251.7 12205.3 12158 12120.5 12084 12032.9 11972.3 11917.7 11873.3 11835.2 11810.5 11785.6 11766.6 11747.8 11723.2 11696.5 11687.5 11670.9 11641.8 11622.7 11634.7 11648.7 11659.8 11666.5 11670.7 11672.3 11676.9 11689.8 11710.5 11736.2 11771.9 11856.4 11947.7 11991.1 12028.8 12073.2 12121.9 12152.5
