real_craters/C108-500m.grd
DSAA
140 140
-34.7375 34.7375
-34.7375 34.7375
10824.071110081 12280.821449916
[rows 0 to 29 of 140, columns 0 to 66 of 140]
11916 11908.6 11908.7 11910.9 11913.2 11913.7 11914.4 11913.7 11911.2 11911.5 11912.8 11912.3 11912.3 11912.4 11912.7 11913 11913.2 11912.4 11914.6 11915.6 11913.8 11916 11918.8 11920 11920.7 11919.9 11917.8 11914.9 11911.8 11911.6 11912.9 11914 11914.9 11914.9 11915.3 11916 11913.8 11909 11905.4 11902.4 11899.7 11897.2 11894.9 11892.6 11890.3 11887.7 11884.7 11882 11880.2 11878.8 11877.9 11875.6 11872 11867 11869.1 11874.6 11878.8 11880.2 11872.9 11860.1 11853.5 11852.2 11848.1 11838.4 11831.5 11834.2 11842.2
11925.1 11913.3 11914.1 11917.8 11915.3 11914.1 11914.1 11913.6 11912.8 11912.9 11913.4 11914.7 11915 11914.5 11914.1 11914.7 11915.7 11917.9 11917.4 11918.7 11917.1 11917.9 11920.1 11922.4 11922.8 11922.5 11919.6 11915.7 11911.7 11911.4 11914.3 11916 11915.8 11915.1 11914 11912.9 11910.3 11907.4 11904.7 11901.9 11899.7 11897.5 11895.4 11892.8 11890.4 11887.2 11883.9 11881.7 11879.1 11878.3 11879.4 11878.6 11876.3 11872.5 11872.7 11876.3 11877.2 11876.3 11869.1 11859.2 11852.9 11849.1 11843.9 11837.8 11833 11835 11838.3
11934.2 11920.7 11917.7 11917.1 11914.7 11913.1 11913.8 11913.9 11913.3 11911.6 11916.4 11919.3 11918.6 11916.7 11915 11916.2 11917.5 11916.2 11918.5 11918.5 11917.4 11920.2 11924.6 11926.7 11926.4 11924.5 11921.4 11917.5 11913.7 11913.1 11915.1 11916.7 11917 11916.2 11914 11910.9 11907.2 11905.4 11903.4 11901.2 11899.3 11897 11894.5 11892.6 11889.2 11885.9 11884.1 11882.8 11881.2 11880.9 11882.6 11883.5 11884.2 11883.4 11883.1 11882.2 11876 11867.6 11863.7 11859.3 11854.4 11848 11842.8 11839 11837 11837 11838.3
11938.7 11925.5 11920.9 11917.9 11914.6 11912.8 11912 11914.8 11917.5 11920.2 11922.8 11924.4 11922.7 11920.4 11918.1 11919.1 11920.5 11922.4 11920.6 11918.3 11919.2 11921.7 11923.7 11924.9 11925.5 11924.4 11922.5 11920 11918.1 11917.6 11917 11918.1 11919 11918.2 11914.9 11910.7 11906.6 11904.3 11902.5 11900.6 11898.5 11896.3 11893.9 11891.9 11887.2 11885.8 11885 11884.7 11884.3 11884.3 11885.9 11888 11892.1 11900.2 11905.6 11889.4 11877 11867 11861.6 11857.2 11852.2 11847.6 11843.3 11841.3 11841.4 11840 11840.6
11939 11928.5 11923.5 11919.8 11916.5 11914.7 11915.5 11918.5 11922.7 11926.4 11928.3 11929 11926.6 11924.6 11923.7 11923 11923.4 11923.3 11922.3 11920.5 11922.2 11923.4 11924.4 11925.7 11925.2 11924.9 11923.6 11922.1 11920.9 11920.4 11920.3 11921.1 11922.1 11921.8 11917.1 11911.8 11906.5 11904.3 11902.5 11900.9 11898.9 11896.5 11894.1 11887.4 11886.3 11885 11884.9 11885.1 11887 11886 11887.2 11889.5 11893.4 11898.8 11899.2 11887.9 11876.7 11867.8 11861.9 11857.1 11852.5 11848.7 11845.1 11842.7 11842.6 11842.8 11843.8
11936.4 11928.2 11924.1 11920.4 11919.9 11920.6 11921.9 11923.3 11926.9 11931.2 11932.4 11931.7 11929.2 11926.7 11925.6 11926.1 11926.6 11926.9 11927.8 11928.9 11927.6 11926.2 11924.2 11924.1 11926.3 11926.1 11925.4 11924.1 11922.9 11922 11922.8 11923.8 11924.8 11923.8 11919.3 11913.9 11908.6 11905.7 11903.8 11901.7 11899.3 11896.8 11890.8 11887.7 11885.8 11883.7 11882.1 11882.1 11882.6 11883.7 11885.7 11887.7 11889.6 11889.7 11885.4 11881.2 11874.5 11867.9 11863 11858.9 11855 11851.8 11848.3 11844.5 11843.7 11845.8 11848
11933.3 11928.2 11925.2 11923 11922.7 11923.1 11924.3 11925.8 11929.1 11934.1 11934 11932.7 11931.5 11929.5 11928.3 11929.5 11930.7 11932.3 11933.4 11933.9 11931.4 11929.8 11929.1 11929.1 11929 11929 11927.6 11926.4 11925.1 11924.1 11924.1 11926.1 11927.4 11926.1 11921.7 11916.3 11911.5 11908.3 11906.1 11903.6 11900.8 11897.5 11894.3 11889.2 11886.1 11882.9 11879.5 11877.5 11877.2 11879.1 11882.1 11884.1 11885 11883.7 11879.3 11877 11873 11868.5 11864.5 11861.2 11858.5 11855.7 11853.5 11848.6 11847.5 11849.9 11852.8
11931.6 11928.3 11924.6 11924.4 11926.2 11924.6 11924 11925.9 11928.6 11931.7 11935.2 11935.6 11935.1 11933.4 11932.7 11933 11934 11935.4 11936.1 11933.6 11933.1 11932.9 11934 11935.1 11931.7 11929.6 11929.8 11929 11927.8 11927.2 11926.8 11928.5 11930.2 11929.1 11924.2 11919.4 11915.6 11912 11909.1 11906.1 11902.8 11899.1 11895 11889.7 11885.5 11881.1 11876.8 11872.5 11871.6 11875.6 11878.8 11881 11882 11881.2 11879.3 11876.4 11873.4 11869.8 11866.2 11863.4 11861.2 11859.1 11857.7 11854.7 11853.1 11854.6 11856.4
11932.1 11929.7 11928 11926.2 11928.7 11923.1 11922.6 11926 11929.2 11933.4 11938 11941 11939.1 11936 11935.8 11936.2 11936.7 11937.3 11938 11936.9 11935.2 11934.6 11934.5 11937.9 11936.7 11934.4 11933 11932 11930.8 11930 11930.4 11930.3 11930 11928.9 11926.1 11922.4 11919.1 11915.7 11912.7 11909.4 11905.6 11901.1 11895.9 11890.8 11885.5 11880.3 11875 11870.4 11869.1 11873.1 11876.3 11878.8 11880.1 11880.4 11879.4 11876.6 11872 11869.7 11867.8 11865.7 11863.6 11861.5 11859.4 11857.8 11858.6 11859.1 11859.8
11934.2 11932.5 11929.9 11930.2 11928.8 11927.2 11926.2 11927.9 11929.7 11933.5 11938.1 11940.2 11941.1 11941.9 11940.3 11939.2 11938.6 11938.1 11937.5 11937.3 11936.8 11936.2 11936 11939.5 11938.4 11936.8 11935.5 11934.6 11933.5 11932.2 11931.9 11931.6 11931 11930.1 11928.3 11925.7 11923.3 11919.8 11917.3 11913.4 11908.6 11903.4 11897.8 11891.7 11885.9 11880.2 11874.8 11871.1 11869.8 11872.7 11875.3 11877.8 11879.5 11880.5 11880.6 11878.5 11875.9 11872 11869.8 11867.9 11865.5 11863.7 11862.9 11864.1 11863.8 11863.7 11863.6
11937 11936.2 11935.2 11934.5 11932.4 11930.4 11930.6 11931.7 11933.2 11933.5 11934.1 11938.1 11941.9 11944.8 11943.2 11941.8 11940.2 11938.8 11937.4 11938.1 11938.5 11938.5 11938.6 11941.1 11938.6 11937.8 11937.6 11937.3 11936.9 11934.9 11933.2 11933 11933 11932.1 11931 11929.8 11929.1 11925.7 11923.5 11918 11911.8 11905.5 11899.3 11893.4 11886.9 11880.9 11875.1 11871.3 11870.4 11873.2 11875.7 11878 11880 11881.4 11881.9 11879.8 11875.3 11873.5 11872.1 11870.9 11870.2 11869.6 11868.4 11866.9 11867.1 11867.6 11866.6
11939.7 11938.6 11937.6 11936.1 11932.9 11934.3 11935.1 11936.1 11937.5 11936.3 11935.7 11939.5 11943.8 11946.5 11945.2 11943.3 11941.3 11939.4 11939.2 11939.6 11940.7 11941.6 11942.3 11941.8 11940.8 11940.1 11940 11940.1 11940.3 11940.5 11935.3 11933.6 11935 11933.9 11933.2 11933.5 11935.9 11936.8 11930.4 11922.6 11915.2 11908.2 11901.6 11895.3 11888.7 11882.6 11876.4 11870.4 11871 11875 11877.6 11879.8 11881.5 11882.7 11883.4 11881.9 11876.8 11875.9 11874.6 11873.6 11873.7 11873.7 11871.4 11869.7 11873 11871.2 11868.6
11942.3 11942.8 11942.6 11940 11940.1 11939.8 11939.6 11939.8 11939.5 11938.6 11938.1 11942.7 11946.7 11946.6 11946.9 11944.9 11942.3 11939.7 11938.1 11942 11943.4 11944.6 11946 11944.9 11943 11942.9 11942.9 11942.6 11941.7 11939.7 11930.5 11932 11932.4 11933.2 11933.6 11934.7 11938.1 11940.2 11933.4 11924.6 11916.9 11910 11903.6 11897.4 11891.1 11885.4 11880.2 11876.6 11875.4 11878.4 11880.5 11882.3 11883.7 11884.5 11884.3 11884.6 11883.8 11880 11877.5 11875.5 11873.5 11871.4 11872.2 11877.2 11877.4 11874.1 11870.4
11944.3 11942.5 11940.7 11943.5 11943.8 11944.5 11943.8 11943.3 11943.9 11941.5 11940.5 11944.1 11949.7 11950.7 11949.5 11946.7 11943.7 11941.3 11940.9 11943.6 11945.2 11946.3 11947.1 11946.9 11945.3 11945.6 11945.8 11945.4 11943.2 11937.3 11935.2 11933 11931.9 11932.2 11932.6 11933.3 11935.4 11935.5 11930.1 11923 11916.6 11910.7 11905 11899.5 11894.3 11889.1 11884.8 11881.4 11880.4 11882.9 11884.1 11885.4 11886.4 11886.9 11886.2 11885 11885.7 11883.3 11880.4 11877.7 11874.7 11871.7 11873.3 11876.6 11877.8 11876.4 11873
11946.2 11945.2 11943.8 11946.1 11947.3 11947.9 11947.2 11946.3 11945.3 11944.8 11944.7 11944 11941.5 11955.3 11951.5 11948 11944.9 11942.7 11945.5 11946.4 11946.1 11946.5 11947.6 11948.8 11948.4 11948.1 11948.6 11949.2 11948.1 11944.3 11941.1 11937 11932.6 11931.8 11931.4 11930.6 11929.3 11927.2 11923.4 11919.1 11914.9 11910.5 11906.2 11901.6 11897.2 11893.2 11889.6 11887.5 11885.8 11887.3 11888.1 11889 11889.7 11890.3 11890.1 11890 11888.5 11885.9 11883.3 11880.8 11878.3 11876.8 11876.3 11878.3 11880.8 11880.7 11876.4
11948.7 11946.9 11946.1 11948 11949 11949.9 11949.9 11949.3 11948.5 11948.4 11948.4 11949.4 11953.2 11953.2 11951.2 11948.2 11945.4 11943.2 11943.1 11945.7 11945.1 11944.5 11944.9 11946.2 11947.9 11948.9 11950.3 11952.8 11956.4 11957.3 11956.4 11943.4 11934.9 11932.4 11930.2 11927.8 11924.6 11920.2 11916.7 11915.5 11913.3 11910.4 11907.2 11903.9 11900.3 11896.9 11893.8 11891.5 11891.9 11891.9 11892.2 11893 11893.7 11894.4 11894.7 11894.2 11890.7 11888.6 11886.6 11884.8 11882.8 11881.7 11881.2 11886.9 11891.2 11887.3 11880.2
11950.6 11949.2 11947.8 11948 11950.4 11952.3 11952.8 11952.3 11951.8 11951.9 11952.9 11953.4 11952.2 11951.3 11950.1 11948.1 11945.6 11943.7 11943 11943.1 11943 11942.3 11942 11943 11946.1 11948 11950.6 11952.9 11955.7 11955.1 11946.6 11942.4 11937.8 11933.1 11929.3 11925.9 11922.4 11918.8 11915.9 11914.4 11912.7 11910.9 11908.6 11905.9 11903.5 11900.6 11898.9 11897.2 11896.3 11896.3 11896.2 11896.5 11896.9 11897.9 11898.7 11900 11893.4 11891.8 11890.8 11889.6 11888.4 11886.9 11887.9 11897.6 11904 11894.3 11884.5
11951.8 11949.9 11949 11949.8 11951.6 11955.3 11955.9 11955 11954.3 11954.6 11954.5 11953.5 11951.8 11951.2 11949.5 11947.1 11945.1 11943.5 11942.1 11942 11941.9 11940.7 11939.7 11940 11941.7 11947.6 11950.9 11950.8 11947.4 11943.3 11937.6 11936.8 11936.1 11932.2 11928.7 11925.8 11922.4 11919.5 11917 11914.9 11913.2 11911.5 11909.8 11908.5 11906.3 11903.6 11901.6 11900.7 11900.6 11900.6 11900.4 11900.4 11900.2 11900.5 11900.9 11901.3 11896.4 11895.8 11895.1 11894.4 11894 11893.7 11896 11900.6 11902.4 11895.3 11886.8
11951.9 11949.4 11950.9 11952.4 11955.9 11958.2 11959 11959.8 11958.7 11956.8 11955.1 11953 11952.1 11950.7 11949.1 11947.6 11945.5 11943.9 11942 11943.7 11941.8 11940.1 11939 11939.5 11943.5 11953.4 11955.1 11951.3 11945.7 11938.8 11932.6 11933.5 11933 11930.4 11927.3 11924.6 11921.8 11919.6 11917.3 11915.8 11913.9 11912.6 11911.6 11910.9 11909.4 11907.5 11904.4 11904.4 11905.1 11904.7 11904.3 11903.9 11903.5 11903.1 11902.3 11900.9 11901.1 11900.1 11899.4 11898.9 11898.8 11899.6 11899.5 11899.4 11896.7 11893.9 11889.1
11952.9 11951.4 11953 11955.2 11957.9 11959.7 11960.1 11961.1 11960.4 11958.3 11956.4 11954.6 11952.4 11951.1 11949.8 11948.6 11947 11944.2 11943.7 11942 11939.5 11939.9 11941.9 11946.2 11966.5 11970.1 11963.8 11954.1 11944.2 11937.1 11931.6 11929.2 11930.1 11928.8 11926.2 11923.4 11920.8 11919.4 11918.2 11916.1 11914.9 11914.5 11914.4 11914.1 11913.9 11913.7 11912 11911.2 11910.7 11909.8 11908.5 11907.9 11907.1 11906.2 11905.2 11904.1 11904.2 11905.2 11904.4 11903.9 11903.2 11903.6 11903.6 11899 11895.3 11894.4 11893.1
11955.6 11952.7 11955 11958.7 11961 11959.5 11959.4 11960 11959.8 11958.7 11957.2 11955.5 11953.3 11952.1 11950.7 11950.8 11951.8 11951.2 11952.3 11943.8 11938 11939.8 11952.1 11966.1 11985.5 11985.1 11972.5 11958.7 11942.5 11938.6 11934.4 11931.7 11929.2 11928.3 11926.5 11924 11921.4 11918.9 11916.3 11915.9 11916 11916.1 11916.7 11917.2 11918.2 11920.5 11924 11919 11916.4 11914.2 11913 11912 11911.1 11910.1 11909.3 11910.1 11913.2 11911.1 11909.3 11907.6 11905.4 11902 11899 11897.9 11897.1 11897.7 11898.3
11957.9 11956.3 11957.6 11962.2 11964.6 11960.7 11959.2 11960.7 11959.4 11958.4 11957.5 11955.9 11954 11950.9 11952.1 11952.6 11955 11966.5 11958 11946.8 11941.6 11948.5 11967.7 11983.7 11992.1 11987.9 11975.5 11966.8 11958.9 11946.9 11938.7 11933.9 11930.3 11928.4 11926.7 11924.3 11921.8 11919.4 11917.5 11917 11917.3 11917.8 11918.6 11919.8 11920.9 11922.8 11924.2 11922.7 11920.8 11919.3 11917.3 11916.2 11915.3 11914.4 11913.4 11913.8 11916 11915 11913.3 11911.5 11908.6 11903.7 11897.9 11896.5 11898.8 11900.8 11903.7
11962.1 11962.2 11963.9 11966.9 11965.8 11962.3 11959.7 11958.6 11958.5 11957.4 11957 11958.3 11957.3 11953.8 11952.8 11949.8 11948 11944.7 11950.2 11949.4 11950.9 11958 11978.8 11989.7 11984.6 11975.9 11968.4 11964.5 11962.5 11950.3 11942.2 11935 11931.1 11928.1 11927.1 11924.9 11922.6 11920.8 11919.7 11919.3 11919 11919.7 11921.2 11922 11922.6 11923 11923.3 11924.4 11924.4 11923.7 11922.6 11920.3 11919.5 11918.9 11918.3 11918.2 11917.9 11917.7 11916.5 11915.1 11913.1 11908.8 11898.9 11896 11897.7 11901.1 11906.4
11965.9 11967.8 11969.3 11968.5 11967 11963.9 11962.1 11960.9 11958.6 11957.7 11957 11956.7 11962.4 11964.3 11952.1 11943.7 11943.3 11942.5 11944.9 11949 11953.8 11962 11979.9 11983.9 11972.5 11960.4 11954.9 11949.5 11945.4 11944.7 11942.8 11938 11933.2 11930.3 11927.8 11925.6 11923.4 11922 11920.9 11920.5 11921 11922.2 11923.5 11925.2 11926.3 11925.6 11925.6 11927.7 11928.3 11928.1 11927.3 11924.9 11924.1 11923.6 11923.4 11922.5 11922.1 11920.4 11918.6 11917.7 11917.1 11915.7 11903.2 11897.6 11899.2 11903 11907.8
11970.4 11969.5 11970.4 11966.9 11965.1 11964 11963.1 11963 11959.7 11957.4 11955.9 11957.7 11961.2 11944.7 11925.5 11932 11942.4 11945.3 11946.5 11946.5 11950.4 11962.2 11976.5 11976.3 11962.2 11946.6 11943 11939.7 11937.7 11938.2 11938.1 11937.8 11934.8 11931.4 11929 11926.9 11924.7 11922.8 11921.6 11921.6 11922.9 11925 11927.2 11928.8 11930.5 11933.2 11933.4 11933.2 11933.5 11933.2 11932.4 11929.4 11928.3 11927.2 11926.3 11924.6 11922.7 11920.6 11919.2 11918.7 11918.3 11916.2 11905.5 11899.7 11902.5 11907 11907.9
11966 11967.2 11968 11966.5 11965.2 11963.9 11963.9 11962.3 11959 11956.1 11954.2 11959.7 11962.2 11883.5 11892.2 11923.6 11941.8 11944.6 11945.3 11943.9 11945.9 11960.3 11982.3 11973.8 11956.6 11940.9 11937.4 11935.7 11934.5 11933.9 11933.2 11933.1 11932.7 11931.5 11929.9 11927.9 11925.7 11924 11922.8 11922.4 11925.1 11928.6 11931.6 11933.9 11936 11937.9 11938.7 11939.1 11939.1 11938.5 11937.3 11935.6 11932.5 11930.4 11926.9 11925 11921.7 11919 11918.8 11918.1 11916.8 11914.7 11907.3 11902.6 11903.4 11904.1 11905.9
11962.8 11966.4 11967.5 11965.2 11964.3 11963.6 11962.5 11960.9 11958.8 11955.7 11952.4 11958.3 11968.1 11931.3 11925.5 11934.1 11944.3 11945.5 11944.7 11943.1 11945.5 11956.2 11972.3 11965.9 11953 11941 11936.4 11935.2 11933.1 11931.7 11931 11931.7 11932.4 11932.1 11930.2 11928.7 11927.6 11926.4 11925.4 11924.7 11929.3 11933.5 11937.5 11940.7 11942.4 11937.7 11943 11945.7 11945.6 11944.2 11942.2 11939.3 11937.7 11935.6 11931.7 11928.3 11923.7 11920 11919.3 11918.1 11916.1 11914 11910.5 11906.9 11905.9 11904.1 11905.2
11967.2 11968.6 11968.1 11966.2 11965.9 11964.8 11962 11960.7 11958.1 11955.1 11952 11952.7 11956.3 11963.7 11956.8 11946.7 11946.8 11945.4 11943.6 11944 11945.8 11949.8 11956.2 11955.4 11948.7 11941.7 11936.3 11933 11931.6 11930.7 11930.7 11932.1 11933.4 11933.3 11931.4 11930.6 11930 11929.8 11930.4 11933.3 11935.6 11939.2 11944.1 11949.8 11956.1 11958.3 11956.7 11954.9 11952.7 11950.5 11947.7 11945.9 11942.8 11941.5 11938.8 11933.4 11927.7 11922.7 11921.2 11919.4 11917.2 11916.5 11916.1 11915.3 11911.1 11907.7 11906.9
11967.6 11968.6 11968.1 11967.6 11969.6 11969.4 11966.4 11964.3 11959.2 11954.8 11952.2 11951.2 11951 11952.2 11949.7 11948 11945.2 11943.9 11944.2 11944.8 11945.8 11946 11946.5 11947.5 11944.5 11939.8 11935.4 11932 11931.3 11931.3 11931.4 11933.2 11935 11934.8 11933.3 11932.6 11932.4 11932.8 11934 11937.3 11939.5 11943.9 11950 11957.9 11968.9 11979.4 11970.3 11964 11959.4 11955.8 11952.9 11950.2 11948 11946 11943.4 11937.3 11932 11928.2 11924.5 11921.9 11921.1 11921.5 11921 11919.4 11916.3 11911.8 11909.2
11965 11962.7 11964.3 11969.2 11975.7 11977.8 11974.4 11967.5 11959.4 11954.3 11951.5 11950 11949.8 11950.2 11950.3 11948.7 11944.8 11944.4 11945 11945 11945.6 11945.3 11944.3 11944.5 11942.5 11939 11935.6 11933.3 11932.2 11932.8 11934 11934.3 11934.5 11936.2 11935.4 11934.7 11934.3 11934.8 11935.4 11936.2 11940.4 11946.7 11954.1 11962 11970.5 11975.2 11974.1 11969.4 11964.6 11960.3 11956.7 11953.2 11949.2 11947.1 11943.6 11938.1 11933.7 11930.6 11926.1 11923.8 11923.8 11924.2 11924.8 11924.9 11920.3 11914.7 11910
