real_craters/C108-500m.grd
DSAA
140 140
-34.7375 34.7375
-34.7375 34.7375
10824.071110081 12280.821449916
[rows 60 to 89 of 140, columns 67 to 133 of 140]
11086.9 11078.8 11076.3 11080.6 11088.9 11100.1 11113.3 11127.2 11140.3 11154.4 11184.9 11243.4 11313.7 11386.4 11513.8 11682.4 11789.7 11872.6 11949 12020.3 12075.8 12088.5 12059.8 12015.2 11968.9 11921.8 11901.8 11890.9 11882.7 11878 11872.2 11867.1 11863.1 11860.2 11855.7 11848.2 11843.2 11841.2 11838.4 11838.2 11836.9 11834.1 11829.9 11825.2 11820.4 11815.4 11811.4 11807.4 11803.7 11799.1 11791.2 11784.8 11781.6 11779.1 11778.9 11781.7 11782.4 11781 11785.3 11796.9 11797.5 11799.9 11804.7 11800.7 11791.3 11782.3 11778.1
11049.4 11042.5 11041.2 11046.6 11056.5 11069.9 11084.6 11099.2 11113.2 11129.7 11154.7 11196.7 11243.6 11292.6 11398.9 11552.4 11680.9 11790.6 11895.1 11993.1 12083.4 12104.1 12073.4 12031.5 11987.1 11944.9 11914.1 11906.3 11894.5 11882.9 11873.2 11864.4 11857.3 11854.5 11851.1 11846.7 11842.7 11839.2 11838.7 11838 11837.4 11835.8 11832.6 11828.5 11823.7 11818.6 11813 11811.5 11810.7 11809.2 11803 11796.6 11790 11784.7 11783.8 11784.6 11786.2 11785.6 11785.5 11784.9 11784.8 11785.2 11791.9 11793.2 11788.8 11782.8 11780.4
11004.5 11001.2 11004.1 11011.1 11023.7 11038.4 11053.8 11068.9 11082.8 11104.4 11130.9 11165.8 11195.3 11229.1 11304.5 11438.8 11577.6 11709 11832.9 11944.2 12029.1 12072.6 12065.3 12035.7 11997.2 11951.6 11920.7 11914.8 11901.3 11885.6 11873.4 11863.1 11854.3 11850.2 11845.2 11845.2 11843.8 11841.4 11839.4 11838 11840.4 11838.9 11836.2 11832.2 11827.8 11823.4 11818.6 11817.3 11816.5 11816.9 11810.8 11805.1 11798.6 11793.1 11791 11790.7 11789.9 11783.1 11777.2 11774.9 11773.6 11773.9 11782.1 11789 11793.3 11790.3 11783.6
10964.6 10965 10971 10978 10993.5 11009 11023.2 11035.9 11054.1 11077.2 11104.5 11135.7 11163 11193.8 11248.8 11357.7 11492.4 11636.4 11775 11894.9 11979.7 12035.8 12049.7 12032.8 11998.6 11959.8 11913.4 11914.3 11898.2 11883.2 11871.3 11862.6 11856.1 11849.3 11846.5 11845.8 11846.2 11846.3 11843.3 11843 11848.1 11845.7 11840.4 11835.7 11831.5 11828.3 11827.1 11823.3 11820.9 11817.3 11815.6 11811.9 11806.5 11802 11799 11796.4 11791.7 11777.2 11770 11767.7 11767.6 11770 11778.1 11785 11791.9 11790.4 11784.2
10937.2 10940.5 10947.4 10955.9 10969.7 10984.4 10996.8 11008.2 11032.6 11052.6 11077.7 11106.1 11138.3 11170.4 11212.6 11302.7 11427.2 11572.9 11725.6 11864.1 11971.4 12026.4 12043.7 12032.9 11999.4 11953.2 11900.2 11889.8 11886.1 11876.4 11865.6 11857 11851 11847.2 11846.1 11846.2 11848 11851.1 11848.4 11845.8 11849.4 11847.9 11842.2 11837.6 11833.8 11830.4 11827.9 11827.1 11826.1 11824.8 11820.6 11816.7 11813.6 11809 11804.5 11801.4 11794.1 11776.3 11770.7 11768.7 11768.8 11774.3 11777.5 11779.6 11779.2 11781.6 11781.1
10918.2 10923.7 10930.1 10938.4 10951.2 10965.1 10977.9 10990.4 11013.3 11032 11056.1 11083.5 11116.2 11148.3 11185.9 11249.8 11356.9 11517.5 11684.8 11841.6 11963.6 12021.7 12043.9 12038.5 12005.1 11949.9 11895.7 11885.6 11875.9 11868.8 11860.5 11849.7 11844.1 11843.9 11845 11844.1 11845.5 11848 11846.2 11844.3 11841.7 11842 11840.6 11838.6 11836.1 11833 11831 11831.4 11829.1 11826.1 11824.2 11822.8 11818.1 11814.1 11804.9 11797.6 11788.2 11776.4 11776.4 11774.6 11773.7 11774.5 11776 11776.3 11776 11777.5 11778.6
10902.5 10909.7 10912.5 10922.6 10935.1 10948.7 10964.1 10979.3 10996.5 11014.3 11039.7 11068.5 11101.2 11132.9 11168.2 11219.3 11317 11479.8 11656.5 11820.7 11946.2 12015.4 12048.2 12057.6 12035.7 11977.6 11903 11884.4 11872.9 11866 11859.9 11851.2 11845.4 11843 11839.4 11837.9 11839.5 11840.1 11837.8 11837.5 11837 11837.8 11839.1 11840 11839.7 11838.1 11837.6 11838.4 11836.7 11832.2 11826.4 11817.4 11811.2 11805.9 11797.6 11790.6 11784.7 11781.3 11783.9 11779 11775.4 11773.1 11773.6 11774.2 11776.9 11776 11777.3
10882 10880.3 10884.6 10898.2 10913.6 10931.9 10952.6 10971.5 10983 11000.1 11027.5 11059.6 11089.8 11117.8 11151.9 11204 11301.6 11460 11635.7 11804.6 11933.8 12010.5 12057 12080.9 12084.3 12027 11919.8 11884 11871.7 11866.8 11863.1 11860.7 11853.1 11847.3 11841.7 11838 11835.6 11833.1 11832.2 11833.8 11835.6 11837.2 11839.5 11842.6 11844.6 11845.6 11845.4 11846.3 11848.1 11841.6 11830.2 11817.3 11804.1 11795.7 11789.8 11786.1 11783.9 11780.3 11780.8 11780 11776.6 11772.8 11772.8 11771.5 11770.4 11773.4 11775.8
10852.4 10846.6 10853 10866.8 10886.8 10914.1 10940.8 10961.6 10971.7 10988.6 11015.1 11047.1 11078.1 11103.7 11137.2 11194.9 11305.3 11450.2 11617.1 11785.7 11916.4 12004.3 12062.6 12094.6 12094.5 12032.4 11925.8 11884 11873.6 11869.4 11869.5 11868.3 11860.8 11854.2 11849.3 11844.9 11836.9 11833.2 11832.7 11834 11836.2 11838.6 11842 11846.1 11848.6 11851.9 11850.1 11848.4 11851.5 11844.2 11834 11823.3 11807.2 11793.5 11788.1 11785.6 11783.8 11781.9 11781.7 11781.6 11781 11778 11774.7 11772.3 11771.4 11773.2 11774.6
10839.4 10829.4 10832.3 10847 10868.7 10898.5 10929 10950.9 10960.1 10976.6 11002.8 11029.8 11062.8 11093.7 11128.3 11186.5 11291.3 11430.6 11593.6 11758.1 11891.8 11989.7 12062.8 12105.9 12099.3 12025.3 11917.1 11891.2 11877.5 11874.1 11877.6 11877 11868.6 11860.7 11853.7 11846.6 11840 11837 11836.4 11837.2 11841 11846.3 11851.3 11850.1 11849.5 11848.3 11846.4 11842.2 11835.9 11836.9 11835.3 11832.8 11822.1 11801.3 11789.6 11786.3 11783.8 11783.5 11783.7 11783.1 11782.2 11778.9 11777.3 11776.6 11776 11775.6 11775.2
10839 10825.2 10824.1 10838.5 10858.5 10886.5 10914.5 10935.9 10948.7 10967.7 10994.1 11025.2 11060.3 11090.7 11124.7 11180.5 11271.3 11408.1 11570.1 11720 11858.6 11971.3 12056.4 12118.9 12139.4 12042.2 11925 11893.2 11880.6 11880.6 11883 11882.9 11875.7 11867.5 11858.9 11850 11851.7 11846.4 11839.5 11837 11841.6 11848.1 11852.4 11851.1 11849.6 11846 11843.2 11837.3 11830.8 11831.7 11833.2 11833.5 11827 11804.8 11790.3 11787.5 11783.9 11782.8 11784.4 11784.5 11782.7 11781.1 11780.6 11780.5 11780.2 11779.4 11778.7
10850.4 10834.7 10830.4 10843.2 10859.6 10879.6 10901.3 10920.7 10938.3 10959 10985.3 11020.3 11057.3 11087.5 11123.7 11182.7 11270.9 11403.7 11565.1 11709.8 11843.2 11954.2 12039.8 12109.7 12144.8 12038.1 11915.2 11886.4 11883.4 11885 11888.4 11888 11881.8 11875.2 11868.6 11865.9 11865.3 11855.9 11846.4 11840.2 11841.9 11846 11847.2 11850.3 11851 11848.6 11843.9 11837.3 11831.8 11829.8 11829.3 11826.5 11816.1 11804.3 11794.3 11788.7 11786.7 11785.6 11786.1 11786.6 11787.6 11785.2 11784 11782.8 11783 11783.9 11785.2
10865.6 10855.7 10853.7 10856.8 10864.6 10876.7 10892.3 10910.9 10930.1 10947.3 10977.1 11016.3 11054.2 11086.2 11124.2 11183.8 11289.9 11431.1 11586.5 11726.9 11847.9 11942.9 12013.6 12061 12070 12010.9 11926.9 11898.4 11891.3 11892 11894 11893 11888.1 11882.6 11877.4 11873.6 11870 11860.3 11851.1 11847.1 11846.8 11848.2 11848.6 11851.7 11853.6 11852.6 11845.9 11839.1 11833.1 11828.8 11825 11820.2 11812.3 11801.6 11795.8 11790.8 11791 11790.2 11789.1 11788.4 11785.8 11789.1 11787.2 11786.2 11786.4 11788.1 11791.4
10879.9 10875 10875.1 10870.6 10871.8 10877.7 10887.8 10907.5 10928.2 10949.5 10986.6 11020.1 11053.4 11088.6 11129.5 11198.2 11302.4 11445.1 11626.6 11778.1 11862.5 11933 11987.7 12010.8 12003.7 11993.8 11953.7 11917.5 11903.8 11901.6 11900.6 11898.1 11893.5 11888.8 11884.3 11878.7 11873.9 11864.8 11857.1 11858.7 11855.1 11853.8 11854.3 11855.4 11855.2 11852.7 11847.1 11840.3 11833.5 11827.3 11820.9 11814.4 11806.3 11797.6 11793.7 11791.7 11789.4 11790.3 11790.4 11790.9 11790.9 11788.6 11788.1 11788.6 11788.4 11789.9 11792.9
10894 10889.2 10885.8 10882.7 10882.4 10886.3 10894.9 10915.1 10941.8 10976 11008.7 11030.3 11056.4 11091.9 11136.6 11198.4 11327.8 11494.8 11664 11794.3 11860.2 11923.2 11975.2 12002.6 12004.4 11995.6 11970 11933 11916.7 11912.1 11911.7 11906.3 11899.1 11894.2 11890.5 11889 11884.5 11875 11866.1 11860.6 11858.3 11858.1 11859.6 11859.6 11857.3 11854 11848.9 11841 11833.8 11827.1 11818.9 11809.4 11800 11796.2 11793 11791.3 11787.4 11789.5 11789.4 11790.1 11787.8 11787 11786.8 11786.1 11787.5 11789.2 11791.8
10913.1 10905.5 10898.2 10896.1 10901.4 10902.7 10906.2 10929.5 10958.6 10991.8 11025.8 11042.1 11063.4 11105.7 11164.2 11238.1 11402.6 11601.8 11670.9 11737 11829.2 11908.9 11972 12015.4 12017.7 11985 11958.5 11938.8 11925.5 11919.5 11916.4 11910.5 11902.6 11897.2 11893.3 11891.2 11887.3 11881.3 11871.8 11861.2 11859.7 11860.1 11861.4 11862.5 11863.9 11860.3 11853.3 11844.4 11836.9 11829.7 11821 11810.3 11802.4 11799.9 11798.5 11794.6 11787.9 11787 11786.9 11785.3 11781.7 11785.1 11785.5 11785 11785 11786.6 11789.2
10941.8 10929.4 10915.4 10913.1 10916.6 10917.1 10925.4 10951.4 10977.5 11002.9 11042 11057.9 11080.1 11140 11228 11336.9 11506.6 11635.1 11648.6 11692.1 11799 11895.2 11970.3 12020.9 12016.4 11974.8 11948.4 11936.9 11928.5 11920.5 11917.9 11910.2 11903.4 11897.4 11892.1 11887.1 11883.4 11881 11873.6 11864.1 11861.9 11861.9 11861.3 11862.3 11866.1 11864.1 11858.8 11852.7 11843.3 11834.3 11825.9 11818.2 11809.3 11802.4 11801.1 11797.3 11792.5 11788.8 11786.3 11783.2 11780.7 11783.7 11783 11781 11780.9 11782.2 11784.3
10978.5 10963.5 10949.7 10944.6 10946.2 10951.6 10965.2 10985.5 11006.8 11029.5 11059.8 11082.5 11110.3 11187.2 11321.1 11464.9 11615 11635.3 11629.5 11685.6 11789.8 11892.1 11975.2 12020.6 12007.5 11957.7 11934.9 11926.7 11920.2 11914.8 11910.5 11907.2 11902.4 11897.1 11891.1 11884.2 11880.5 11881.4 11875.6 11868.7 11866.9 11866.5 11865 11864.1 11864.9 11865.9 11863 11855.1 11847.7 11838.4 11829.8 11823.4 11816 11814.1 11816.4 11803.6 11798.5 11794.1 11787.6 11782.4 11781 11783.2 11779.3 11775.4 11776.3 11777.3 11778.5
11019.2 11005.4 10994.1 10988.4 10989.2 10999 11015.3 11026.6 11043.8 11066.7 11091.3 11126.3 11177 11270.1 11425.1 11590.8 11708.1 11654.5 11642.3 11712 11807 11902.7 11985.7 12052.7 12007.2 11947.9 11923.4 11916.4 11914.5 11909.8 11906.1 11904.8 11901.7 11897.8 11893.1 11885.7 11885.2 11891 11882.5 11876.3 11875.5 11873.9 11871.7 11868.6 11869.3 11869.5 11869.5 11863.6 11851.5 11839 11829.6 11826.7 11820.6 11827 11819.5 11802.3 11798.3 11795.3 11788.7 11782.4 11780.5 11780.3 11775.4 11772.6 11773.7 11774.5 11774.6
11065.1 11052.9 11041.5 11034.5 11033.1 11042.3 11056.8 11069.9 11085.3 11104.9 11132 11190.9 11273.6 11381.2 11507.3 11644.7 11701.8 11686.9 11703.6 11776.5 11855 11923.5 11982.6 12017 11980.1 11921.9 11909.2 11905.7 11905.6 11909.2 11910.3 11904.5 11901.2 11899.1 11898.8 11900.3 11893.7 11899.2 11892.7 11886.6 11884.2 11881.7 11880.5 11880.3 11871.6 11870.3 11871.7 11872.4 11850.3 11833.7 11821.4 11812.7 11809.6 11806.6 11807 11796.6 11793.6 11793.2 11789.7 11785 11782.1 11778.9 11775.8 11774.3 11774.1 11774.5 11775.6
11121.9 11108.4 11090.6 11077.4 11075.9 11084.3 11098.4 11117.1 11137.8 11159.6 11197.9 11274.5 11365.5 11466.9 11559.3 11649.7 11689.9 11753.8 11816.5 11873.3 11916.1 11948.3 11971.3 11974.6 11944.9 11908.7 11899 11897.5 11898.3 11901.4 11903.7 11901.4 11899.8 11899.6 11901.4 11905.4 11907.6 11910.3 11895.7 11892.2 11890.5 11885.3 11884.8 11886.2 11877.5 11864.4 11854.8 11846.9 11835.2 11822.3 11809.9 11799.5 11796.7 11794.3 11794.5 11792.2 11794 11793.1 11791.4 11788.9 11784.9 11781.1 11778 11776.7 11776.2 11776.8 11779.2
11199.9 11179.8 11153 11127.9 11128.3 11133.2 11146.9 11178.6 11208.3 11237.6 11284.9 11371.4 11448 11518.3 11617.8 11685.6 11727 11864.2 11962.3 11988.1 11977 11968.4 11960.1 11945.4 11919.7 11897.4 11892.4 11893.1 11895.2 11892.4 11894.5 11897 11897.4 11897.9 11899.4 11903.2 11911.7 11911.7 11898.8 11892.6 11887 11881.6 11880.9 11877.6 11870.6 11851.3 11831.4 11819.7 11816.2 11810.4 11803 11794.8 11792.6 11791.3 11789.9 11785.5 11791.8 11793.1 11792.8 11791.2 11787.5 11784.4 11781.2 11779.5 11778.8 11779.4 11782.6
11306.2 11277.7 11240 11203.7 11204.6 11210.7 11221.8 11263.2 11299.1 11337 11391 11469.6 11553.8 11643.1 11732 11800.1 11862.7 12014.8 12148.8 12072.3 12014.8 11976.4 11945.9 11922 11901 11889.4 11889.2 11892.8 11895.6 11892.7 11894.3 11895.7 11895.8 11895.6 11896.5 11900.9 11909.9 11911.3 11906 11890.9 11876.7 11874.1 11873.7 11869.8 11858.2 11836.5 11814 11803.5 11802.7 11801.9 11801.2 11798.9 11793 11791.2 11788.4 11784.4 11790.1 11792.4 11793 11791.2 11789 11786.8 11785 11782.4 11781.6 11781.5 11782.9
11439.1 11399 11353.2 11312.6 11313.2 11323.8 11331.5 11371.8 11413.4 11451.8 11496 11564.8 11668 11777.8 11859.7 11942.9 12062.2 12125.5 12099 12058.2 12009.1 11964.5 11931 11906.7 11890.6 11885.1 11889.1 11896.5 11905.3 11909.6 11901.4 11897.1 11894.2 11892.2 11892.2 11896 11903.2 11907.6 11902 11888.3 11874.9 11869.6 11866.8 11862.7 11845.5 11824.9 11802.9 11795 11795.6 11796.3 11796 11794.7 11791.7 11790.8 11788.9 11786.4 11789.4 11792.3 11793.3 11790.5 11791.1 11789.3 11787.3 11785.3 11784.3 11783.5 11782.9
11586 11538.2 11493.6 11452.3 11452.5 11465.2 11470.8 11514.7 11558.9 11591.6 11623.1 11688.8 11789.9 11870.3 11951.5 12034.6 12112.4 12095.4 12046.1 12009 11977.7 11945.9 11922.1 11901.7 11888.1 11886 11891.6 11899.6 11907.7 11907.7 11903.6 11897.5 11892.2 11888.1 11884.9 11886.4 11892.5 11900 11896.3 11885.1 11872.3 11865.9 11859.9 11848.3 11835.3 11821.7 11804.6 11797.1 11794.8 11793.6 11792.6 11791.3 11790.6 11789.9 11789 11787.4 11790.5 11794.2 11796.8 11800.2 11795.5 11791 11788.8 11788.6 11786.8 11784.8 11780.9
11728.4 11687.3 11651.1 11623.2 11623 11633.9 11643.6 11683.4 11722.3 11761.9 11806.4 11878.7 11939.2 12005.3 12060.1 12080.4 12071.4 12025.2 11992 11963.8 11946.8 11928 11910.3 11897.5 11889.9 11889.3 11894.5 11902 11908.5 11910.9 11903.4 11896.3 11889.9 11884.5 11879.5 11877.8 11877.6 11880.4 11885.8 11881.1 11875.1 11866.3 11857 11849.2 11836.8 11826.9 11818.4 11804.4 11797.3 11793.6 11791.9 11790.7 11790.9 11791.2 11793.2 11793.2 11794.5 11797.3 11799.9 11803.3 11798.3 11794.3 11793 11791.8 11788.7 11786.5 11784.1
11861 11831.9 11811.4 11809.3 11817.9 11834.6 11836 11871.1 11896 11933.7 11992.2 12024.1 12067.4 12130.3 12163.2 12107.6 12041.9 11988.5 11961 11937.8 11926.4 11913.7 11900.2 11895.3 11893.7 11893 11896.4 11903.1 11911.6 11911 11901.1 11893.5 11887 11881.6 11878.1 11873.5 11870.5 11874.9 11879.1 11877.5 11871.4 11863.4 11855.5 11848.6 11846.5 11832.4 11819.3 11806.9 11799.1 11794.3 11790.8 11790.1 11790.7 11794.1 11796.7 11797.5 11798.4 11800.4 11802.2 11799.2 11798 11795.6 11794 11792 11789.5 11786.6 11785.6
11973.3 11953.2 11956.4 11990.1 12044.9 12060.8 12073 12057.8 12050.4 12067.1 12113.8 12144.3 12161.7 12180.3 12177.7 12104.6 12027.6 11971.1 11946.6 11926.3 11916.6 11908.5 11898.7 11894.3 11895.5 11892.4 11895.2 11900.4 11904.9 11900.4 11895 11889.9 11884.3 11878.7 11875.3 11872.1 11871.4 11880.7 11881 11876.3 11869.1 11861.4 11855.3 11852.5 11849.6 11831.4 11813 11805.4 11799.5 11795 11792.7 11790.8 11791 11793.4 11795.8 11797.9 11799.1 11800.7 11802.5 11800 11798.1 11795.6 11793.4 11791.6 11790.4 11789.6 11788.5
12064.3 12040.1 12051.1 12102.1 12184.5 12192.9 12212.4 12173.9 12139.5 12138.4 12178.2 12229.8 12193.6 12155.6 12121.7 12066.9 12010.4 11963.3 11938.8 11920.3 11911.2 11908 11905.1 11891 11883.9 11887.2 11891.6 11895.5 11897 11892.5 11890.5 11887.3 11882.6 11876.8 11871 11873.9 11876.4 11883.2 11881.9 11877.1 11870.3 11863.4 11857 11852.2 11852.8 11831.5 11810.6 11806.1 11800.5 11795.1 11791.5 11791.6 11793 11795.1 11796.4 11798.4 11798.5 11798.6 11798.7 11799.7 11798.9 11797.3 11794.8 11792 11791.7 11790.4 11788.5
12098.8 12076.2 12080.2 12108.7 12143 12178 12212.3 12187 12152.3 12136 12129.7 12113.9 12098.5 12076.8 12030.4 12012.4 11990.6 11962.3 11929.7 11910 11904.2 11902 11898.3 11885.9 11879.4 11883.7 11888.4 11892.3 11893.8 11893 11890.4 11886.9 11883.3 11879.8 11877.9 11880.9 11886.2 11884.7 11883.1 11878.2 11873.6 11869.5 11862.3 11856.7 11850.2 11839 11825 11812.6 11803.3 11796 11792.8 11792.6 11795.9 11796.9 11796.6 11798.4 11797.2 11797.1 11797.1 11798.8 11799.7 11800.2 11797.8 11796.8 11794.5 11792.6 11789.8
