real_craters/C108-500m.grd
DSAA
140 140
-34.7375 34.7375
-34.7375 34.7375
10824.071110081 12280.821449916
[rows 30 to 59 of 140, columns 0 to 66 of 140]
11966.2 11965.6 11962.7 11970 11983.3 11987.8 11973.2 11962.4 11956.7 11952.8 11950.2 11948.7 11948.7 11950.5 11953 11951.1 11949.1 11947 11946.8 11946.3 11946.1 11946 11945.3 11945 11943 11940.1 11936.8 11934.2 11933.3 11932.8 11933.8 11936 11938.3 11939 11938.3 11937.8 11936.9 11936.5 11936.7 11938.4 11942.3 11949.1 11957.3 11965 11970.5 11972.9 11975.1 11973 11969 11964.2 11959.5 11954.9 11949.4 11946.6 11942.5 11936.8 11932.4 11927.8 11925.4 11924.4 11924.5 11925.5 11925.5 11923.9 11917.4 11911.9 11906.7
11966.3 11963.9 11961.5 11969.1 11980.5 11982.4 11964.6 11956.6 11953.5 11951.5 11949.7 11947.9 11947.1 11949.1 11951.9 11951 11947.9 11948.4 11950 11952.2 11953.9 11953 11950.7 11947.7 11944.7 11942.1 11939 11936.2 11935.3 11935 11935.9 11938.2 11940.5 11941.6 11941.3 11940.9 11940.3 11939.7 11939.1 11939.1 11942.2 11951.6 11961.6 11971.2 11977.5 11979.4 11978.9 11976.4 11972.1 11966.8 11961.3 11955.8 11948.8 11944.1 11939.5 11934.7 11930.1 11926 11924.1 11924.3 11925.8 11926.5 11925.4 11924.9 11919.7 11910.1 11903.8
11967.2 11963.8 11963.4 11967.8 11974.1 11974.9 11967.8 11956.1 11952.7 11951.2 11950.4 11948.1 11946.6 11948.4 11951.8 11950.8 11948.9 11949.3 11952.1 11958.8 11962.5 11968.2 11957.2 11950.1 11946.5 11944.1 11942.5 11940.7 11938.6 11936.8 11938.1 11940.5 11943.2 11944.2 11944.4 11944.9 11945.1 11944.6 11944 11942.6 11945.4 11956.4 11967.7 11978.4 11985.9 11986.7 11983.4 11978.9 11974.2 11968.4 11962.1 11955.9 11948.1 11942 11937.2 11932.3 11927.6 11922.1 11920.6 11924.2 11929.3 11927.2 11924.6 11921.2 11915.7 11910.2 11904.4
11971.5 11968.9 11963.8 11966.4 11969.4 11970.2 11970.6 11958.3 11954.6 11952.5 11949.2 11948.9 11947.4 11949.5 11957.3 11954.2 11950.1 11949 11949.4 11951.1 11957.8 11959.3 11951.9 11948.3 11946.4 11945.5 11945.9 11944.1 11942.1 11941.4 11941.7 11942.8 11943.7 11945 11947.5 11949.5 11951.1 11952.2 11952.4 11951.4 11952 11965.2 11976.3 11985.8 11991.3 11990.8 11986.6 11981.4 11975.1 11968.6 11962.1 11955.5 11948.7 11942.6 11936.9 11931.5 11926.4 11920.7 11918.7 11922.6 11926 11925.1 11922.2 11918.3 11914.2 11911.2 11909.4
11973.8 11971.9 11967.3 11966.8 11968.2 11969.9 11969.6 11961.6 11958.5 11956.7 11954.4 11951.8 11949.7 11951 11957.6 11954.7 11949.9 11947.5 11945.5 11944.6 11950.5 11957.1 11945.3 11945.1 11945.4 11945.6 11945.8 11944.8 11944.4 11945.2 11945.1 11945.8 11945.7 11947 11952.1 11955.4 11958.3 11960.8 11963.9 11967.3 11971.4 11980.1 11986.5 11993.1 11996.2 11993.5 11988.1 11982.1 11975.5 11969.2 11962.3 11955.7 11950 11944.8 11937.9 11933 11927.2 11921.5 11918.8 11922 11922.9 11922 11919.3 11915.9 11912.9 11908.2 11905.1
11972.3 11969.8 11967.7 11967 11967.8 11968.7 11968.2 11965.9 11963.6 11961.8 11959.6 11955.9 11952.5 11951.1 11953.4 11954 11950.6 11946.4 11942.8 11941.2 11942.9 11943.2 11941.9 11943.1 11944.2 11944.8 11946 11945.4 11945.5 11946.3 11948.3 11950.5 11953.2 11956.8 11959.2 11962.3 11966 11970.5 11976 11984 11996.5 11994.7 11994.8 11997.2 11997.7 11993.2 11987.2 11980.4 11973.8 11967.2 11961.2 11954.8 11949.2 11943.2 11938.4 11934.3 11929.5 11925.7 11924.5 11925.1 11922.7 11919.8 11916.5 11912.5 11908.2 11902.9 11896.8
11973.4 11969.3 11966 11966.5 11967.2 11967.4 11967.5 11967 11967 11966.9 11964.5 11960.4 11955.2 11951.3 11950.7 11951.9 11950.5 11945.9 11941 11937.9 11938.5 11939.7 11942.8 11943.3 11943.8 11943.7 11942.9 11945 11947.6 11950 11953.2 11955.1 11959.3 11963.2 11965.3 11968.6 11973 11978.6 11985.3 11992.9 11997.3 12000.1 11998.7 11997.2 11995.3 11989.5 11984 11977.4 11970.6 11965.2 11960.2 11954.8 11949.5 11944.3 11940.5 11936.2 11932.1 11929 11927.9 11924.8 11921.1 11918 11914.4 11910.1 11903.8 11900.7 11896.6
11974.9 11970.6 11967.2 11966.6 11966.9 11967.8 11967.4 11964.9 11968 11976.4 11973.5 11964.7 11957.6 11952 11950.6 11953.4 11951 11945.9 11940.5 11937.4 11937.6 11940 11943.4 11945.1 11945.7 11945.4 11945.1 11947.2 11951.8 11955.5 11958.1 11959.3 11961.8 11964.5 11968.2 11972.7 11978.1 11983.9 11991.2 11998.9 12006.8 12006.1 11999.4 11993.5 11988.7 11984.1 11979.6 11974.9 11969.7 11965.2 11960.4 11955.2 11949.7 11944.9 11941.3 11938.2 11934.2 11930.1 11925.3 11920.4 11918.3 11917.2 11914.6 11910.9 11906.6 11903.1 11901.7
11974.3 11970.7 11967.9 11966.7 11966.1 11965.3 11963 11960.9 11963.5 11974.5 11972.9 11965 11958.6 11954.1 11951.3 11955.9 11952 11946.2 11940.8 11938.1 11938.1 11941.3 11945.2 11948.5 11949.5 11949.5 11950 11952.4 11957.1 11960.5 11962.6 11963.1 11964.5 11967.2 11970.2 11975.6 11981.1 11987.5 11994.3 12001.3 12007 12005.8 11997 11987.4 11980.8 11978 11975.3 11972.1 11968.6 11964.9 11961 11956.7 11951.9 11947.6 11944.5 11940.7 11936.5 11932 11926.8 11921.1 11919.8 11919.2 11917.5 11914.7 11910.7 11907.2 11904.6
11973.6 11970.3 11968.1 11966.9 11965.6 11963.7 11961.6 11958.8 11957.9 11960.3 11963.1 11961.5 11958.1 11954.9 11952 11953.6 11952.5 11946.6 11940.5 11939.8 11943.2 11946.2 11951.7 11954 11955.5 11955.4 11956.8 11961 11962.1 11964.8 11967.2 11967 11967.9 11968.7 11972.3 11976.9 11982.6 11988.4 11994.1 11999.8 12005.1 12003.8 11991.9 11981.9 11975.9 11973.5 11972.3 11970.1 11967.8 11965.1 11962.7 11959.9 11956 11951.7 11948.2 11944 11939.7 11935.5 11931.6 11926.2 11924.6 11923.8 11922.7 11920.8 11917.6 11913 11907.1
11971.8 11970 11968.6 11967.6 11966.2 11964.1 11961.5 11961.2 11959.8 11956.2 11957.9 11959 11957.8 11955.9 11953 11953.4 11951.2 11947 11944.2 11943.7 11945.8 11948.9 11951.5 11955.6 11962 11971.7 11973.2 11971.6 11971.2 11972.1 11972.5 11971.6 11971.3 11972.5 11974.8 11978.5 11982.7 11986.8 11991.5 11995.1 11996 11992 11985 11975.9 11971.6 11970.1 11968.7 11968.3 11966.8 11965.7 11964.1 11962.7 11962.6 11956.8 11951.9 11947.4 11943.2 11939.2 11935.5 11933 11930.3 11929.3 11928.9 11928.3 11926.8 11922.6 11913.5
11969.9 11968.6 11968.7 11969.2 11968.1 11966.1 11964.8 11966.4 11966.7 11957.8 11958.1 11958.8 11958.5 11956.9 11953.6 11950.8 11948.5 11947.5 11946.4 11947.2 11949.2 11950.5 11952.5 11957 11964.1 11972.7 11980.6 11988.4 11992.4 11981.4 11977.3 11975.4 11974.5 11974.2 11975.8 11979.2 11982.5 11985.3 11987.9 11990 11989.5 11986.6 11979.8 11973.6 11970 11968.5 11968.4 11967.5 11966.7 11965.7 11964.9 11963.4 11961.1 11958.5 11954.7 11950.9 11947.1 11943 11938.1 11935.1 11934.8 11934.8 11935.2 11935.8 11936.7 11933.9 11923.5
11968.9 11969.3 11971.6 11972.5 11973.4 11969.8 11966.4 11970.8 11977.4 11965.6 11961.9 11960.3 11959.9 11960.7 11963.6 11954.6 11948.7 11949.8 11951 11950.6 11951.1 11952 11953.7 11956.6 11961.9 11970.3 11977.2 11980.6 11980.5 11981.2 11979.9 11979.3 11977.9 11977.2 11978.4 11979.7 11981.7 11983.7 11984.7 11985.1 11984 11978.4 11976.1 11972.2 11969.6 11968 11967.1 11967.9 11968 11966.9 11965.2 11963.4 11961.4 11959.6 11957 11954.3 11951.2 11947.7 11943.3 11938.1 11939.4 11940.6 11941.3 11941.7 11941 11939.5 11929.4
11969.4 11970.8 11976.3 11979.1 11980.7 11975.9 11969.3 11972.1 11980.5 11973.4 11964.7 11960.6 11958.5 11958.6 11963.5 11955.7 11952.9 11954.1 11955.6 11954.6 11955 11954.4 11954.1 11954.1 11957.8 11962.5 11970.1 11976.1 11975.9 11979.4 11981.7 11981.1 11980.3 11979.1 11978.4 11979.4 11980.6 11982 11982.2 11982.3 11981.2 11978.3 11975 11971.8 11969.5 11968.2 11968.1 11967.8 11968.7 11967.9 11966.4 11964.2 11962.6 11961.8 11960.8 11959.2 11957.1 11954.9 11952.1 11948 11945.9 11947.1 11947.5 11947.3 11945.1 11940.3 11934.1
11970.3 11973.6 11980.1 11984 11981.7 11979.5 11973.3 11970 11971.5 11967.5 11962.1 11958.2 11955.5 11953.2 11951.8 11955.8 11958.9 11958.7 11957.9 11957.6 11958 11958.7 11958.2 11956.1 11956.8 11958.5 11965 11970.6 11974.4 11981.4 11984.6 11983.8 11982.3 11980.2 11978 11979 11980.1 11981 11981.1 11981.2 11979.9 11978 11974.5 11971 11969.4 11969 11969.3 11970.6 11971 11970.8 11969.7 11966.6 11964.5 11965.6 11964.8 11964.3 11963.4 11961.3 11960.6 11957.8 11953.8 11954.2 11955.2 11955.6 11953.4 11950.2 11941.7
11969.5 11972.7 11981 11992.3 11988.6 11990.2 11979.5 11968.8 11963.8 11960.2 11957.8 11955.2 11952.8 11951.1 11951.7 11960.3 11965.4 11964.2 11962.7 11961.7 11963.3 11966.4 11967 11964.5 11962.3 11961.1 11965.9 11970 11979.2 11988.4 11990 11987.5 11984.4 11981.2 11978.2 11977.7 11978.5 11978.7 11979.9 11979.6 11978.6 11976.6 11972.8 11969.4 11968.9 11969.7 11970.4 11972.7 11973.9 11974.4 11974.9 11974.9 11973.5 11971.8 11971 11969.9 11969.3 11968 11965.5 11962.6 11961.6 11965.6 11968.9 11970 11966.5 11957.6 11952.3
11970.3 11965.2 11966.2 11996.9 12043.2 12010.5 11991.3 11981.5 11968.2 11959.2 11955.2 11953.4 11952.6 11951.1 11953.3 11963.4 11973 11969.9 11970.2 11972.6 11974.9 11977.3 11979.6 11982 11975.9 11970.6 11975.3 11980.2 11999.1 12001.6 11997.3 11992.5 11987.2 11982.5 11979.1 11977.4 11976.6 11976.9 11978.8 11978.8 11977.6 11975 11970.9 11968.6 11969.5 11971.2 11972.7 11975.4 11977.1 11979 11981 11983.8 11983.1 11980.4 11980.1 11978.6 11977.3 11976.3 11976.7 11968.6 11969.9 11980.6 11990.1 11994.5 11991.5 11981.4 11977.9
11970.6 11943.6 11914.4 11919.3 11990.8 11968.9 11987.4 12003.7 11982.8 11959.5 11954.8 11954.3 11954.7 11957.3 11958.2 11966.8 11973 11974 11978 11989.3 11987.8 11987.3 11990.2 11994.8 11993.4 11987.9 11989 12002.4 12022.7 12012.5 12002.3 11994.4 11988.2 11982.6 11977.4 11975.8 11975.6 11975.5 11975.8 11977.9 11977.1 11975.5 11972.5 11970.8 11971.7 11974.1 11977.3 11979.7 11981.6 11983.7 11984.9 11985.5 11987.9 11989.1 11990.2 11988.2 11983.8 11981.3 11980.8 11974.7 11983.3 12002 12016.8 12026.2 12030.6 12029 12032.2
11971 11915.4 11839.2 11754.8 11735.5 11861.5 11962.8 12023.1 11982.4 11962 11956.7 11956.1 11957.4 11959.9 11962.1 11967.1 11971.8 11974.6 11977.9 11981.8 11988.1 11991.7 11995.4 11998.6 11991.1 11989 11994.1 12003.9 12020.2 12009 12001.2 11993.8 11987.9 11982.8 11978 11976.2 11975.7 11975.3 11975.4 11975 11977.1 11976.7 11975.8 11974.1 11974.8 11977.1 11979.8 11982.5 11987.6 11988 11987.8 11987.8 11994.8 11999.8 12003.3 12000.9 11997.5 11989.9 11982.6 11998.4 12017 12037.2 12050.8 12062.7 12076.1 12092.6 12105
11964.1 11900.3 11804.9 11679.7 11654.6 11810.1 11941.1 12022.4 11974.3 11963.2 11959.4 11959 11960.3 11961.9 11962.2 11964.5 11970.2 11973.6 11975.1 11977.6 11985.9 11992.9 11997.8 12000.2 11997 11992.7 11992.9 11996.2 11993.6 11996.1 11994.6 11990.2 11986 11982.4 11980.4 11978.6 11975.8 11974.8 11975 11976.2 11976.3 11976.6 11977.3 11976.9 11978.1 11981.3 11984.5 11988.1 11990.2 11993.2 11996 11999.1 12007.7 12014.7 12021.3 12024.4 12023.9 12024.6 12028.1 12051.6 12074.3 12079.5 12087.5 12095.7 12109.9 12134 12152.1
11962.4 11915.3 11849.6 11765 11752.8 11849.3 11942 11997.7 11968.8 11963 11962.3 11962.9 11964 11963.8 11964.3 11964.7 11969.9 11973.1 11975.1 11978.7 11987.4 11994.9 12000.3 12003.1 12002.4 11996.1 11989.8 11985.3 11985.3 11987.3 11987.9 11986.5 11983.1 11980.2 11977.7 11975 11974.3 11973.8 11973.4 11973.5 11974.1 11973.7 11974.8 11978.1 11981.4 11985.2 11990 11992.3 11996.6 12000 12006.1 12013.6 12024.3 12034 12045.6 12054.6 12059.2 12071.7 12090.9 12103 12106.2 12114.1 12105.3 12103.8 12115.2 12135.7 12158.2
11967 11947.7 11936.7 11965.6 11939.5 11930.5 11961.9 11989.1 11980 11970.1 11967.3 11967.8 11970 11971.9 11971.1 11971 11972.4 11975.5 11979.5 11984.6 11992.7 11998.3 12002.4 12005.1 12006.6 11996.5 11987.7 11981.9 11981.7 11982.3 11982.9 11981.7 11979.8 11977.2 11974.5 11972.3 11971.9 11971.5 11971.2 11971 11971.6 11971.5 11973.2 11979 11983.5 11989.2 11995.7 11998.1 11999.2 12005.5 12013.2 12027.2 12041.8 12062.1 12079.8 12092.7 12105.1 12111.1 12131.1 12157.2 12169.3 12142.1 12104.2 12077 12076 12092.8 12121.6
11971.7 11970 11980.4 12010.9 12002.1 11978 11980.1 11990.9 11988 11976.4 11971.1 11972.7 11976.3 11980 11977.7 11975.9 11975.6 11981.1 11992.3 11999 12002.3 12002.9 12002.8 12002.9 12001.5 11993.4 11986.5 11981.4 11979.5 11979.2 11979.1 11978.1 11976.5 11974.5 11972.6 11971.4 11969.8 11968.9 11968.2 11968.9 11969.2 11970.5 11973.6 11978.7 11985 11993.1 12002.1 12010.9 12007 12013.4 12020.5 12035.9 12061.8 12084.9 12103.8 12131.8 12161.9 12177.1 12184.3 12197.5 12216.2 12141.6 12055.8 12003.8 11982.1 11994.3 12039.2
11973.3 11975.7 11978.4 11975.6 11985.1 11984.2 11983.9 11988.9 11996.7 11981.9 11975.3 11977.9 11981.2 11983.2 11981.8 11978.8 11978.1 11986.5 12010.7 12017.6 12012.6 12007.4 12001.8 11995.1 11990.2 11987.3 11985.4 11983 11980.4 11979.2 11977.8 11975.9 11973.5 11971.5 11969.8 11968.3 11966.9 11965.6 11964.8 11965 11966.2 11968.6 11971.7 11975.9 11984.7 11995.7 12007.7 12009.7 12017.8 12028.5 12039.1 12054.3 12080.9 12104.5 12124.2 12168.3 12220.8 12248.7 12217.2 12169.3 12143.1 12041.4 11942.4 11878.5 11840.4 11820.5 11797.2
11973.5 11975.6 11973.1 11968.4 11975.4 11980.2 11980.3 11982.5 11992.3 11983 11978.7 11984.2 11988.8 11987.4 11987.2 11985.7 11989.7 12001.7 12023.5 12025.7 12018 12010.1 12001.9 11990.8 11980.8 11980.2 11980.9 11980.7 11980.2 11978.8 11976.7 11973.7 11970.8 11968 11966.1 11965.6 11963.5 11961.5 11961.2 11961.3 11962.2 11962.5 11965.6 11972.5 11983.7 11997.5 12012.6 12015.6 12034.3 12052.7 12072.2 12081.8 12095.4 12109.3 12140.9 12191.4 12249.8 12280.8 12177.3 12054.3 11937.5 11846.3 11780.5 11725.3 11680.3 11633.2 11576.3
11975.7 11975.7 11972.7 11969.1 11972.6 11975.6 11975.3 11974 11979.8 11981.8 11983.7 11992.5 11999.5 11996.6 11995.9 11998.7 12007.8 12016 12024 12024 12018.1 12010.8 12003.8 11997.8 11986.6 11978.8 11977 11978.4 11979.3 11979.2 11975.5 11971.4 11967.7 11964 11960.8 11959.1 11956.6 11956.5 11957.6 11958.8 11959.5 11957.9 11960.6 11968.6 11983.3 11999.3 12017.4 12025.8 12055.1 12073.5 12091.7 12095.1 12096.1 12102.6 12111.8 12159.7 12202.6 12164.8 12043.2 11897.4 11749.2 11651.2 11604.1 11561.8 11518.9 11466.7 11405.8
11979.8 11977.4 11975 11974.6 11973.1 11973.2 11973.7 11974.2 11977.4 11985.1 11992.4 11999.7 12008.9 12004.9 12001.9 12004.7 12011.5 12015.4 12017.6 12017.8 12014.5 12008.9 12003.5 11999 11991.3 11984.5 11980 11978.6 11977.7 11975.7 11973.2 11968.7 11964.5 11959.9 11954.9 11949.4 11948.3 11951.7 11954.7 11957.8 11960.1 11961.1 11963.6 11970.9 11983.9 12000.9 12021.1 12043.4 12075.9 12097.5 12107.8 12098.2 12082.4 12057.8 12053.1 12086 12090 12010.4 11868.2 11728.5 11584.3 11486.8 11446.7 11417.7 11381.3 11339.1 11284.5
11983 11979.7 11976.5 11974.5 11973.2 11973 11972.5 11975.3 11983.2 11988.2 11994.7 11999.4 12004.2 12001.9 12002.1 12001.7 11998.9 12011 12014.7 12012.3 12008.1 12002.9 11998.3 11995.1 11988.1 11982.5 11980.8 11978.5 11976.6 11975 11971.6 11966.5 11961.4 11956.3 11951.3 11946.8 11945.9 11949 11953.3 11957.9 11963 11970 11967.6 11971.5 11982.8 12001.4 12024 12070.4 12099.4 12115.4 12119.2 12090.6 12053.7 12016.1 11979.2 11938.2 11906.3 11803.5 11691.6 11572.1 11446.3 11352 11323.6 11303.2 11275.9 11245.6 11208.6
11987 11983 11980.4 11978.2 11976.5 11975 11973.2 11974.7 11982.4 11987.5 11990.6 11993.5 11993.5 11996.9 12002.4 12005.1 12004 12009.7 12011 12007.5 12002.6 11997 11989.9 11980.3 11978.8 11975.2 11977.7 11976.7 11975.2 11973.1 11969.3 11964.3 11959 11953.9 11948.9 11945.2 11944.9 11947.6 11952.7 11958.2 11963.3 11966.5 11965.2 11964.6 11979 12000.6 12052.9 12081 12108.9 12120.7 12113.5 12071 12015.8 11953.5 11887.1 11815.5 11754.4 11625.1 11538.2 11442.5 11342.7 11262.1 11232.3 11216.7 11199.2 11179.1 11157.5
11990.9 11986.6 11984.4 11982.5 11980.9 11980.7 11981.8 11983 11985.1 11987.5 11989 11989.1 11988.1 11994.6 12005.6 12015.6 12013.4 12010.4 12008.3 12003 11998.3 11992.6 11986.2 11981.3 11976 11974.8 11975.5 11974.6 11973.1 11970.1 11967.1 11962.4 11957.1 11951.4 11946.8 11943.1 11942.2 11946.5 11952.9 11959.1 11964.2 11967.1 11964.7 11963.4 11978 12000.2 12048.9 12086.2 12111.6 12119.8 12096.7 12045.7 11974 11891.3 11802.6 11704.4 11613.7 11492.6 11421.6 11344.1 11266.6 11202.8 11171.4 11155.8 11143.8 11130.5 11118.3
