real_craters/C108-300m.grd
DSAA
233 233
-34.7375 34.7375
-34.7375 34.7375
10822.531883828 12283.564308891
[rows 60 to 89 of 233, columns 0 to 66 of 233]
11973.4 11971.6 11968 11966 11966.2 11966.5 11966.9 11967.3 11967.3 11967.2 11967.4 11967.2 11967 11966.9 11967 11966.6 11964.6 11963.7 11961.2 11958.1 11955.1 11952.6 11951 11950.7 11950.8 11951.8 11951.7 11949.7 11946.9 11944 11941.2 11938.8 11938.1 11938.5 11938.8 11939.6 11941.4 11942.7 11943 11943.5 11943.8 11943.8 11943.6 11943.1 11943 11944.9 11946.4 11947.8 11949.1 11950.9 11952.9 11953.7 11955.7 11957.9 11960.9 11963.1 11964.1 11965.5 11967.1 11969.5 11972.3 11975.5 11979 11983 11987.5 11992.1 11995.8
11974 11972.2 11968.9 11966.8 11966.3 11966.5 11966.7 11967.2 11967.7 11968.8 11968.1 11966.7 11966 11967.1 11969.6 11971.6 11970.8 11968.3 11964.5 11960.4 11956.7 11953.4 11951.1 11950.4 11950.8 11952.4 11952.3 11949.9 11946.9 11943.8 11940.8 11938.4 11937.4 11937.6 11938.5 11939.8 11941.4 11942.8 11943.8 11944.4 11944.5 11944.4 11943.9 11942.5 11943.8 11945.8 11948 11950.3 11952.3 11954 11955.8 11956.5 11958.1 11959.8 11962.3 11964.3 11965.6 11967.7 11970 11972.7 11975.4 11978.8 11982.8 11987 11991.5 11996 12000.1
11975 11973 11969.8 11967.8 11966.8 11966.5 11966.7 11966.9 11967.3 11968 11966.8 11965.1 11964.4 11966.3 11971.1 11977.5 11978.9 11972.6 11966.9 11962.1 11957.9 11954.4 11951.4 11950.6 11951 11953.4 11952.9 11950.3 11947.2 11943.8 11940.7 11938.2 11937.3 11937.3 11938.3 11940 11942.2 11944.5 11945.2 11945.9 11946.1 11946.2 11946 11946.1 11945.9 11947.6 11950.3 11953.2 11955.5 11957.2 11958.7 11959 11960.2 11961.7 11963.3 11964.1 11966.3 11969.2 11972 11975 11978.3 11982 11985.6 11989.9 11994.5 11999.2 12003.8
11974.8 11972.9 11970.3 11968.2 11967.2 11966.6 11966.4 11966.3 11966 11965.1 11963.9 11962.7 11961.7 11963.3 11969.3 11977.4 11979.1 11972.8 11967.2 11962.5 11958.6 11955.4 11953.1 11951.4 11951.2 11953.5 11953.4 11950.9 11947.5 11944 11940.7 11938 11937.6 11937.6 11938 11940.5 11943.2 11945.1 11947 11948 11948.3 11948.4 11948.5 11949 11948.5 11950.3 11953.4 11956.5 11958.7 11960 11961.4 11961.3 11962.4 11963.4 11964.5 11966.1 11967.9 11970.5 11973.7 11976.7 11980.3 11983.9 11987.9 11992.1 11996.1 12000.8 12005
11973.9 11972.1 11969.2 11968.2 11967.3 11966.7 11966.2 11965.7 11965.1 11964.1 11962.9 11961 11959.3 11959.6 11964.1 11968.2 11970.3 11968.5 11965.2 11961.8 11958.6 11955.9 11953.8 11951.9 11951.3 11953.2 11954.2 11951.3 11947.7 11944.1 11941 11939.6 11938.7 11939.1 11939.8 11942.6 11945.4 11947.7 11949.9 11950.9 11951.3 11951.2 11950.9 11951.3 11953 11955.2 11957.2 11959.4 11961.4 11962.8 11964.1 11963.8 11964.5 11965.2 11966 11967 11968.7 11971.5 11974.8 11978 11981.7 11985.1 11988.9 11992.9 11996.9 12001 12004.7
11973.7 11971.7 11969.7 11968.4 11967.6 11966.9 11966.2 11965.3 11964.2 11963.2 11961.9 11960 11958.3 11957.2 11959.5 11960.8 11962.8 11963.5 11962.3 11960.5 11958.2 11956.2 11954.2 11952.4 11951.5 11953.5 11954.5 11951.5 11947.9 11944.3 11940.6 11938.5 11940.1 11942.1 11944 11945.8 11948.6 11952.6 11953.6 11954.2 11955.1 11955.5 11954.4 11954.6 11958.3 11960.5 11961.2 11962.1 11963.7 11965.6 11966.9 11966.5 11966.9 11967.5 11967.9 11968.5 11970.1 11972.9 11975.6 11979 11982.3 11985.8 11989.2 11992.7 11996.2 11999.7 12003.1
11972.6 11971.2 11969.7 11968.7 11967.9 11967.2 11966.4 11965.3 11964.1 11962.5 11960.8 11960.1 11959.2 11958.1 11958 11958.2 11958.9 11959.9 11960.1 11959.3 11958.1 11956.7 11955.6 11954.2 11950.9 11952.6 11954 11951.1 11947.9 11944.9 11942.1 11940.9 11942.2 11944.5 11947.1 11948.1 11950.3 11953 11954.7 11956.6 11959.1 11961.7 11962.9 11963.6 11965.3 11965.6 11966.4 11965.9 11967.4 11969.1 11970 11970.4 11969.4 11969.7 11970.1 11971 11972.6 11974.5 11976.8 11979.4 11982.3 11985.6 11988.7 11991.8 11994.8 11997.3 11999.3
11971.6 11970.5 11969.5 11968.7 11968.1 11967.7 11967.1 11965.9 11964.9 11963.2 11962 11961.8 11961.8 11961.3 11958.6 11955.5 11956.8 11957.9 11958.4 11958.7 11957.9 11956.8 11955.3 11953.4 11952.5 11953 11952.5 11950 11947.8 11945.9 11944.8 11944.2 11944.5 11945.7 11947.2 11949 11950.5 11951.7 11954.1 11958.1 11962.4 11967.9 11976.4 11976.7 11974.4 11973.6 11974.7 11973 11973.4 11973.6 11973.3 11973.1 11972.2 11971.7 11972 11972.7 11974 11975.6 11977.7 11980 11982.4 11984.8 11987.9 11990.1 11992.6 11994.3 11995.3
11970.4 11969.4 11968.9 11968.6 11968.8 11968.6 11968.2 11967 11965.9 11964.7 11964 11964.4 11965.3 11965.5 11961.4 11956.4 11956.8 11957.8 11958.5 11958.5 11958.1 11957.2 11955.4 11953 11953.2 11951.2 11949.8 11948.7 11947.7 11946.7 11946 11946.1 11946.7 11947.8 11948.8 11949.9 11951.1 11952.3 11954.8 11959 11963.8 11969.4 11975.1 11979.2 11981.4 11984.2 11986.1 11985.7 11981.1 11978.1 11976.4 11975.5 11974.2 11973.7 11973.9 11973.7 11974.1 11976.1 11978.1 11980.3 11982.5 11984.4 11986.1 11988 11990.3 11991.2 11991.5
11969.5 11968.5 11968.5 11969.1 11969.4 11969.7 11969.9 11968.9 11967.5 11966.2 11965.6 11966.5 11968.9 11970.5 11966.4 11960.2 11959.2 11959.2 11959.2 11959.3 11959 11958.5 11958 11956.8 11954.9 11951.5 11948.5 11948.1 11948.1 11947.7 11947.1 11947.8 11948.6 11949.7 11950.4 11951 11952.1 11953.9 11956.7 11959.5 11963.5 11968.3 11972.7 11978.2 11983.4 11990.8 11990 11989.6 11984.1 11980.4 11978.3 11977.2 11976.7 11976 11975.7 11975.1 11975.2 11976.9 11978.7 11980.3 11982 11983.7 11985.2 11986.9 11987.8 11988.2 11988.3
11969 11968.7 11969.4 11971 11972.4 11972.2 11972.5 11972.2 11970.2 11968.1 11966.3 11967.7 11972.1 11976.2 11973 11965.2 11962.8 11961.3 11960.5 11959.9 11959.9 11960 11961.1 11963.1 11961.9 11954.7 11948.9 11948.7 11949.4 11949.9 11950.6 11950.4 11950.5 11950.8 11951.3 11951.9 11952.8 11954.2 11956 11958.4 11961.9 11966.5 11972.1 11975.9 11979.9 11981.3 11981.8 11981.4 11981.3 11980.6 11979.7 11979.2 11978.6 11977.9 11977.5 11977 11977.7 11978.4 11979.2 11980.4 11981.6 11982.8 11984.2 11984.5 11985.2 11985.3 11985.1
11968.7 11967.2 11970.4 11973.3 11975.5 11976.1 11976.2 11977.1 11974.5 11970.8 11967.7 11968.7 11973.8 11979.4 11979.2 11971.1 11966.3 11963.3 11961.4 11960.1 11959.7 11959.9 11961.5 11963.9 11964 11956.3 11950.7 11950.7 11951.6 11952.5 11952.8 11952.9 11952.6 11951.9 11952.6 11953 11953.4 11953.6 11953.8 11956.3 11959.5 11963.2 11967.8 11971.9 11975.8 11979.2 11978.5 11977.1 11978.9 11980.4 11981 11980.9 11979.9 11979.4 11978.9 11978.4 11978.4 11978.6 11979.5 11980.2 11981.1 11981.8 11982.9 11983 11983.4 11983.2 11982.6
11969.8 11969.9 11972.5 11975.8 11978.6 11979.8 11980.1 11981.6 11978.3 11973.7 11969.8 11969.5 11973.6 11978.5 11980.4 11973.7 11967.7 11963.9 11961.3 11959.6 11958.3 11957.8 11958.2 11960.5 11957.4 11955.5 11953.8 11953.8 11954.5 11955.4 11956.4 11955.4 11955.1 11956 11955 11954.9 11954.7 11954.3 11954.1 11955.3 11957.3 11959.4 11962.6 11967.4 11971.5 11974.9 11975.6 11976 11978.4 11980.7 11982.1 11982.5 11981.5 11981 11980.2 11979.3 11978.7 11978.5 11979.3 11979.7 11980.4 11981.4 11981.7 11982.3 11982.4 11982 11981.4
11970.6 11971.4 11974.5 11978.1 11981.3 11982.7 11982.4 11982.1 11979.7 11976.2 11972.2 11970.2 11971.5 11974 11975.8 11970.3 11965.8 11962.4 11960 11958.2 11956.2 11955 11953.9 11951.7 11952.3 11955.2 11956.7 11957.4 11957.5 11957.4 11957.2 11957.1 11956.7 11956.6 11957.2 11957.4 11957.2 11956.5 11955.7 11955.7 11956.4 11957.4 11959.8 11964.1 11968.1 11971.1 11972.5 11975.4 11979.1 11982.1 11983.9 11984.1 11983.4 11982.1 11981.1 11980 11978.9 11978.1 11978.8 11979.5 11980.4 11981 11981.3 11981.4 11981.6 11981.2 11981
11969.7 11971.1 11975 11979.5 11983.7 11986 11984.3 11979.6 11981.4 11979.7 11974.9 11970.4 11968.7 11968.1 11964.6 11964.1 11962.2 11959.9 11957.9 11956 11954.8 11953.3 11951.9 11951.4 11953.3 11957 11960.1 11961 11960.7 11960 11959.4 11958.9 11958.7 11959.3 11960.1 11960.9 11960.9 11960.3 11958.9 11958.1 11957.8 11957.9 11959.7 11963.2 11966.6 11970 11973.7 11976.8 11981.8 11984.8 11986.2 11985.7 11985.2 11983.7 11982.3 11980.6 11979 11977.9 11978.3 11979.1 11979.7 11980.3 11980.5 11980.6 11980.6 11980.3 11980.1
11969.4 11971 11973.9 11979 11985.5 11991.5 11991.6 11986.4 11989.3 11986.4 11979 11970.7 11967.7 11965.2 11961.4 11960.5 11959.2 11957.6 11956.1 11954.7 11953.2 11951.9 11951.1 11951.4 11956.1 11959.9 11963.4 11965 11964.3 11963 11962.4 11961.9 11961 11961.8 11964.2 11965.7 11966.4 11966.1 11964.6 11962.9 11961.8 11960.1 11961.4 11964.5 11967.3 11969.8 11974 11980.6 11986.4 11989.1 11989.8 11988.2 11987.1 11985.1 11983.2 11981.4 11979.4 11977.9 11977.5 11977.7 11978.5 11978.6 11979.9 11980 11979.9 11979.7 11979.2
11970.3 11970.4 11970.5 11973.9 11983.2 11998.1 12008.9 12006.7 12005.2 11995.9 11986.1 11976.9 11972.2 11967.2 11962.7 11959.6 11957.2 11955.4 11954.5 11953.4 11952.4 11951.4 11950.9 11951 11955.5 11961.9 11967.7 11969.9 11968.1 11966 11966.2 11966.7 11966.1 11967.5 11970.1 11971.9 11973 11973.7 11973.7 11972.6 11968.9 11965 11965.8 11968.7 11971.1 11972.7 11978.2 11989.1 11994.3 11995.3 11994.5 11991.6 11989.5 11986.9 11984.4 11982 11980 11978.6 11977.6 11977.2 11977.2 11977.2 11977.4 11979.5 11979.4 11979.1 11978.5
11970.2 11966.7 11961.6 11960.7 11969.4 11993.8 12034.1 12048.6 12018.3 12000.6 11992.3 11987.2 11981.6 11972.9 11964.2 11959.2 11956 11954.6 11953.5 11953.2 11952.8 11952.1 11951.1 11952.5 11956.7 11963.5 11970.1 11973.1 11971.3 11969.6 11971.3 11973.9 11974.8 11976.3 11977.6 11978.8 11980.1 11981.7 11983.5 11983.6 11978.7 11970.8 11973.4 11976 11979.1 11983 11994.5 12004.3 12004.3 12002.2 11999.1 11995.3 11992.2 11988.6 11985.6 11982.8 11980.4 11978.7 11977.4 11976.5 11976.4 11976.6 11976.8 11978.7 11978.6 11978.8 11978.2
11970.5 11960.2 11946 11934.5 11933.5 11953.8 12006.4 12026.1 11995.7 11986.9 11990.9 11996.3 11994.8 11983.3 11968.8 11958.9 11955.6 11954.4 11953.7 11953.8 11954.2 11954.4 11955.1 11954.3 11959.4 11965.6 11970.9 11973.9 11973.4 11973.6 11976.4 11981.6 11987.4 11986 11984.7 11985 11986.3 11988.5 11991.1 11992.5 11990.2 11989 11983.8 11984.5 11988.8 11996.8 12013.2 12018.9 12013.2 12007.2 12002.3 11997.5 11993.5 11989.4 11986.1 11982.9 11980 11977.4 11976.2 11975.9 11975.4 11975.7 11976 11976.9 11976.9 11978.2 11977.7
11972.1 11951.7 11925.2 11897.8 11875.7 11865.8 11875.5 11903.4 11926.1 11952.1 11980.6 12005.7 12010.9 11993.7 11974.1 11960.7 11956.5 11954.9 11954.4 11954.8 11955.7 11957.1 11959.5 11960 11963.6 11967.7 11970.8 11973.1 11974.1 11975.3 11978.6 11984.4 11992.8 11990 11988.7 11989.3 11990.8 11993.2 11996.1 11998.4 11995 11992.1 11989.2 11990.4 11995.4 12005 12018.2 12022.6 12016.1 12008.8 12003.2 11998.3 11993.7 11989.9 11986.4 11983 11979.6 11976.4 11975.3 11975.8 11975.9 11975.6 11975.8 11975.5 11975.4 11977.8 11977.5
11971.4 11942.1 11903.3 11859.5 11812.3 11765.2 11729.3 11771.9 11845.1 11908.9 11964.1 12008.3 12020.4 11992.9 11972.9 11962 11957.9 11956.2 11955.8 11956.2 11957.3 11958.7 11959.9 11961.1 11964.2 11967.2 11970.1 11972.7 11974.1 11975.6 11977.9 11980.9 11983.3 11987.5 11989.5 11991.1 11993.3 11995.8 11998 11998.3 11992 11986.9 11989.7 11992.5 11997 12004 12014.9 12019.4 12012.2 12006.4 12001.7 11997.5 11993 11989.5 11986.1 11983 11980.1 11977.2 11976 11976.1 11976 11975.4 11975.3 11975.4 11974.8 11977.4 11977.2
11967.9 11933.5 11888 11833 11768.1 11696.5 11641.3 11696.5 11791.4 11876.8 11948 12003.1 12021.6 11989 11970 11963.8 11959.6 11957.9 11957.5 11957.9 11958.9 11960.3 11961.7 11962.1 11963.2 11965.5 11968.7 11971.5 11973.8 11975.3 11976.3 11977.6 11980 11984.9 11988.9 11992 11994.8 11997.3 11998.9 11998 11993 11989.3 11990.8 11992.8 11995.7 11999.1 12002.4 12002.4 12002.9 12001 11998.1 11995 11991.3 11988.3 11985.4 11983 11980.8 11979.2 11978.3 11977 11975.9 11975.3 11975 11975 11974.2 11976.9 11976.8
11963.5 11929.9 11884.3 11827.9 11759.6 11682.1 11627.2 11685.9 11779.1 11865.7 11938.9 11996.3 12019.2 11980 11966.3 11963.1 11960.6 11959.5 11959.3 11959.9 11960.6 11961.5 11962.1 11962.1 11962.5 11964.1 11967.6 11971.1 11972.9 11974 11974.8 11975.8 11978.6 11983.9 11988.8 11992.9 11995.9 11998.7 12000.4 12000.3 11998.4 11995 11993.1 11992.5 11992.7 11994 11993.1 11991.9 11994.1 11994.7 11993.7 11991.9 11989.1 11986.7 11984.4 11982.4 11981 11980.2 11979.6 11977.3 11975.8 11975.1 11974.6 11974.9 11974.8 11976 11976
11961.8 11933.2 11894.8 11848.3 11791.9 11727.1 11684.3 11733.3 11806.3 11876.8 11938.5 11986.7 12006.4 11973.8 11963.6 11962.1 11961.6 11961.3 11961.4 11962.1 11962.8 11963.1 11963 11963 11963.2 11964 11967.4 11970.7 11972.6 11973.6 11974.6 11975.7 11979 11984.6 11989.7 11993.9 11997.4 12000.2 12001.9 12002.6 12002 11998.6 11994.7 11991.7 11989.1 11986.7 11986.8 11986.4 11988.5 11989.7 11989.6 11988.7 11986.7 11984.9 11983 11981.1 11979.6 11978.4 11977.2 11975.8 11974.8 11974.5 11974.1 11974.1 11974 11974.9 11974.9
11963.8 11942.4 11916.4 11887.9 11857.5 11824.4 11799.5 11822.3 11860.4 11904.3 11946.6 11979.9 11992.3 11974.9 11966.7 11964.9 11964.2 11963.8 11964.1 11965 11965.8 11966.1 11966.3 11966.4 11966.1 11966.6 11968.7 11971 11972.7 11974.3 11976 11978.1 11981.8 11986.9 11991.8 11995.9 11999.3 12001.8 12003.4 12004.1 12002.4 11999.8 11995.2 11990.7 11986.7 11984 11983.8 11984.9 11985.3 11985.9 11986.1 11985.1 11984.1 11982.7 11981.2 11979.4 11977.7 11975.9 11974 11973.8 11973.6 11973.3 11973.1 11972.9 11972.8 11972.8 11973.5
11966.6 11954.1 11941.4 11932.1 11933.4 11951 11949.2 11921.4 11920.7 11937.2 11960 11980.4 11989.9 11981.1 11972.9 11969.5 11967.8 11966.8 11967 11968.1 11969.5 11970.9 11971.1 11970.8 11970.2 11970.5 11971.3 11972.5 11974.3 11976.7 11978.9 11980.8 11985.6 11990.5 11994.6 11998 12000.6 12002.8 12004.5 12006 12006.3 12000.8 11995 11989.7 11985.1 11982.1 11981.7 11982.1 11982.5 11982.9 11983.2 11982.4 11981.6 11980.5 11979.1 11977.6 11976 11974.2 11972.6 11972.3 11972.2 11971.9 11971.6 11971.4 11971.2 11971.1 11971.8
11970 11964.3 11960.7 11964.3 11981.4 12018.2 12024.8 11983 11964.3 11964 11973.1 11983.9 11990.8 11987.4 11979.2 11974.3 11971.2 11969.5 11970 11971.4 11973.5 11975.8 11976.7 11975.3 11974.2 11973.9 11973.9 11974.8 11977.3 11981 11984.7 11986.5 11992.1 11996.1 11998.8 12000.5 12001.9 12003.2 12004.3 12005.7 12005.1 11999.7 11993.9 11988.7 11984.1 11981.2 11980.3 11979.6 11979.8 11980.6 11980.8 11980.1 11979.4 11978.4 11977.1 11975.9 11974.5 11973.2 11972.2 11971.5 11970.9 11970.4 11970 11969.8 11969.6 11969.6 11970.4
11972 11970.9 11972.1 11977.8 11990.3 12005 12009.2 11995.6 11982.9 11978.7 11981.5 11986.6 11991.8 11991.6 11984.6 11977.1 11971.7 11971.6 11972.7 11974.6 11976.8 11979.2 11980.9 11979 11977.3 11976.4 11975.7 11976.2 11979.7 11986.6 11994.4 11999.2 12002.2 12003.5 12003.8 12003.7 12003.2 12002.6 12002.1 12002.4 12001 11995.9 11991.7 11987.9 11984.4 11981.8 11980.3 11979.3 11979 11979.3 11979 11978.3 11977.6 11976.6 11975.5 11974.2 11973.1 11972.1 11971.3 11970.5 11969.5 11968.9 11968.4 11967.9 11967.6 11967.9 11968.6
11973 11973.7 11975.7 11979.7 11982.7 11981.8 11986.8 11989.7 11986 11983.8 11984.2 11986.9 11991.3 11996 11989.3 11980.6 11974.4 11974.1 11975.6 11977.8 11979.8 11981.4 11982.6 11981.3 11979.6 11978.1 11977.1 11977 11980.8 11992.7 12005.9 12015.1 12013 12010.8 12008.6 12006.4 12003.9 12001.4 11998.5 11995.9 11993.7 11991.1 11988.6 11986.6 11985.4 11983.1 11981 11979.7 11979 11978.9 11978.2 11977.1 11976.2 11975.1 11973.7 11972.5 11971.4 11970.4 11969.5 11968.7 11967.9 11967.1 11966.4 11965.9 11965.8 11966 11966.8
11973.3 11975.1 11976.2 11976.9 11975.4 11972.5 11977 11982.2 11983.6 11983.8 11983.3 11985.2 11990.8 11998.8 11991.7 11983.3 11977.8 11976.9 11978.8 11981.3 11983.2 11984 11984.3 11983.6 11982.2 11980.4 11979.8 11981.4 11985.8 11999.6 12014.6 12022.2 12020.3 12016.4 12012.5 12008.6 12004.6 12000.1 11994.8 11988.7 11986.1 11985.4 11984.6 11984.2 11984.1 11982.7 11981.2 11980.6 11980.3 11978.7 11977.5 11976 11974.7 11973.2 11971.7 11970.6 11969.5 11968.5 11967.7 11966.8 11966 11965 11964.2 11963.7 11963.6 11963.7 11964
