real_craters/C108-1000m.grd
DSAA
41 41
-19.85 19.85
-19.85 19.85
8788.0810166598 9966.288466954
9493.56 9490.94 9494.75 9497.09 9497.61 9499.49 9511.29 9519.81 9515.7 9516.69 9519.12 9532.23 9525.08 9516.9 9510.95 9528.16 9533.4 9531.67 9529.97 9529.86 9538.32 9543.62 9554.81 9567.89 9581.19 9595.08 9577.58 9597.49 9591.38 9568.13 9547.79 9538.62 9533.47 9533.36 9531.37 9531.31 9530.55 9525.13 9526.48 9525.79 9524.22 
9495.88 9487.24 9493.71 9494.13 9495.74 9495.43 9534.84 9525.03 9512.08 9510.13 9515.31 9509.22 9508.45 9513.72 9511.87 9514.77 9525.11 9525.27 9527.21 9536.73 9536.47 9540.11 9551.74 9567.34 9579.04 9587.98 9582.8 9592.93 9590.98 9572.84 9553.77 9540.34 9533.26 9531.44 9532 9531.24 9526.91 9523.5 9524.25 9525.1 9524.2 
9487.52 9491.38 9505.23 9517.9 9516.44 9497.58 9533.46 9524.49 9530.06 9537.29 9518.27 9502.17 9500.14 9506.15 9510.66 9524.06 9525.32 9524.94 9528.42 9534.52 9533.25 9537.81 9547.59 9558.62 9569.87 9582.17 9597.68 9596.29 9594.91 9588.41 9572.85 9542.54 9537.15 9533.62 9533.67 9532.5 9526.97 9525.7 9525.63 9525.44 9524.23 
9478.59 9489.96 9522.35 9555.11 9558.37 9514.48 9568.33 9552.03 9539.16 9539.62 9527.95 9512.74 9511.71 9530.23 9534.29 9530.83 9528.01 9528.15 9531.71 9530.19 9531.15 9537.06 9543.02 9549.27 9561.03 9593.32 9601.04 9602.16 9602.57 9598.79 9584.83 9542.26 9541.66 9534.08 9533.83 9532.98 9527.9 9524.75 9525.16 9526.41 9525.83 
9492 9519.2 9533.89 9546.94 9546.16 9552.72 9537.4 9542.37 9533.93 9537.05 9541.59 9543.5 9552.64 9557.17 9551.4 9543.93 9529.02 9534.14 9540.36 9542.05 9531.68 9534.69 9537.71 9539.15 9539.45 9536.16 9643.66 9618.92 9612.11 9604.86 9584.32 9544.03 9536.83 9532.84 9532.88 9531.74 9527.77 9528.16 9530.03 9530.24 9532.82 
9500.87 9535.63 9532.09 9528.8 9520.1 9535.55 9529.96 9515.6 9542.14 9553.81 9557.98 9566.16 9572.55 9569.45 9579.53 9562.86 9544.03 9541.49 9549.4 9546.37 9547.95 9541.85 9540.24 9536.9 9532.95 9530.81 9645.81 9633.06 9620.4 9612.26 9597.69 9546.16 9536.69 9534.01 9533.98 9534.06 9526.78 9528.99 9528.06 9526.91 9542.32 
9489.04 9506.64 9516.37 9523.59 9527.35 9530.31 9527.03 9499.54 9550.28 9564.31 9567.58 9572.33 9577.94 9580.39 9601.88 9584.22 9560.86 9551.73 9567.72 9569.08 9552.65 9551.41 9547.83 9545.98 9548.78 9572.78 9607.89 9626 9624.87 9620.04 9606.31 9575.9 9552.09 9538.29 9539.22 9535.6 9528.67 9533.31 9526.16 9502.61 9513.01 
9483.48 9485.18 9508.24 9524.98 9531.91 9529.23 9532.38 9520.3 9547.94 9560.95 9566.49 9572.12 9581.66 9587.89 9583.7 9583.25 9593.82 9613.67 9592.36 9599.02 9586.87 9568.65 9559.48 9557.55 9558.4 9566.74 9585.2 9617.16 9629.79 9627.74 9620.82 9609.9 9591.14 9546.22 9552.74 9568.64 9559.25 9541.43 9530.26 9508.83 9488.03 
9490.66 9513.07 9520.75 9526.33 9531.04 9527.43 9533.86 9540.82 9547.28 9551.97 9561.07 9569.99 9576.73 9587.91 9579.56 9587.21 9599.31 9612.53 9609.08 9623.08 9621.33 9592.11 9580.51 9577.99 9573.69 9576.48 9586.51 9628.5 9637.9 9636.42 9636.07 9648.02 9616.35 9581.77 9569.58 9568.16 9592.32 9549.06 9547.54 9549.81 9563.81 
9496.09 9509 9516.99 9522.97 9525.9 9525.64 9538.18 9541.05 9528.94 9542.53 9557.13 9569.75 9580.8 9569.57 9563.43 9565.19 9573.19 9627.86 9636.84 9650.78 9651.71 9636.78 9621.2 9617.72 9602.42 9605.2 9620.69 9645.22 9649.85 9645.91 9639.97 9654.79 9643.05 9612.3 9584.89 9571.85 9586.88 9579.86 9574.15 9568.08 9562.4 
9497.44 9502.14 9508.8 9519.73 9525.84 9524.02 9538.51 9531.53 9528.82 9540.32 9555.6 9569.7 9579.63 9577.64 9571.98 9578.51 9600.43 9638.41 9711.46 9718.76 9710.12 9707.2 9699.3 9677.11 9644.88 9633.75 9633.77 9652.75 9656.57 9654.74 9654.26 9660.35 9655.03 9632.92 9604.95 9578.57 9594.13 9598.04 9593.52 9592.19 9583.95 
9501.75 9509.48 9516.96 9519.21 9517.72 9519.15 9522.39 9519.48 9529.49 9539.39 9554.69 9568.97 9581.86 9587.04 9597.29 9633.45 9713.45 9811.17 9781.79 9732.51 9717.71 9751.47 9790.35 9724.34 9675.61 9678.76 9671.3 9659.08 9657.98 9659.06 9668.44 9682.54 9692.35 9667.53 9634.31 9601.6 9597.97 9600.95 9602.68 9603.82 9611.13 
9507.06 9517.21 9524.14 9521.54 9517.36 9509.11 9541.96 9525.76 9521.07 9538.02 9555.08 9571.08 9590.27 9596.55 9604.33 9707.06 9742.87 9639.19 9373.43 9361.4 9409.98 9452.03 9561.44 9667.82 9759.45 9708.85 9689.31 9672.81 9662.32 9655.03 9653.73 9667.15 9722.34 9693.94 9666.11 9633.72 9605.93 9609.05 9608.95 9608.78 9643.44 
9513.67 9522.38 9525.22 9523.64 9520.41 9530.54 9540.4 9538.81 9533.7 9538.7 9547.52 9560.07 9570.77 9604.29 9674.67 9786.98 9607.51 9348.7 9272.08 9230.07 9155.91 9167.87 9221.24 9467.17 9760.64 9808.91 9742.63 9708.65 9675.4 9652.02 9653.96 9662.64 9679.74 9694.4 9695.03 9692.61 9661.32 9648.68 9623.31 9630.8 9641.16 
9532.53 9527.79 9519.6 9523.3 9529.87 9529.89 9557.96 9571.5 9562.39 9550.01 9555.54 9572.06 9614.06 9770.92 9896.12 9606.09 9358.06 9214.67 9067.96 8913.93 8968.43 9026.3 9077.78 9198.89 9420.75 9757.77 9815.33 9760.39 9705.85 9652.83 9636.75 9670.63 9673.05 9690.11 9698.3 9705.45 9702.43 9677.37 9626.03 9619.39 9627.29 
9551.68 9532.09 9519.92 9524.13 9539.18 9548.06 9547.77 9573.91 9565.68 9561.81 9566.9 9602.62 9729.14 9966.29 9763.76 9294.6 9137.95 9003.55 8863.74 8827.42 8860.94 8903.57 8980.5 9029.92 9179.37 9543.15 9768.21 9798.63 9794.98 9705.19 9676.32 9673.84 9685.59 9696.72 9699.73 9695.12 9689.55 9659.9 9612.31 9615.3 9618.98 
9551.49 9531.86 9519.83 9525.39 9540.2 9556.83 9559.58 9576.44 9575.85 9573.4 9590.57 9641.1 9869.33 9857.23 9477.88 9142.57 9032.99 8933.03 8843.2 8818.36 8825.02 8850.01 8902.35 8951.56 9036.31 9315.03 9594.09 9777 9889.13 9736.35 9676.6 9689.61 9698.68 9710.94 9718.46 9692.77 9658.13 9638.26 9623.96 9619.19 9621.27 
9533.39 9528.04 9519.72 9525.7 9539.65 9542.17 9569.55 9581.38 9575.49 9581.11 9607.82 9663.74 9808.33 9670.15 9339.76 9100.34 8989.02 8901.19 8830.27 8807.8 8808.67 8820.5 8865.21 8922.84 8973.56 9134.98 9417.34 9702.32 9877.65 9752.86 9728.76 9735.34 9724.6 9728.57 9714.77 9670.38 9641.76 9637.46 9627.75 9626.9 9629.08 
9528.44 9529.41 9527.46 9532.44 9544.11 9560.91 9574.37 9574.95 9570.71 9584.62 9616.41 9678.21 9822.9 9560.23 9262.95 9049.6 8957.8 8885.1 8814.54 8796.8 8800.61 8817.38 8854.03 8903.85 8957.64 9069.69 9313.43 9623.56 9834.9 9774.73 9753.41 9759.44 9791.11 9753.44 9691.39 9645.52 9642.83 9634.06 9640.67 9660.43 9642.42 
9537.56 9536.22 9534.19 9537.71 9549.09 9555.83 9560.75 9565.33 9564.63 9581.42 9617.61 9684.11 9870.48 9506.04 9196.34 9003.54 8934.73 8873.21 8793.91 8788.08 8792.87 8803.51 8823.54 8881.21 8958.62 9025.01 9273.62 9586.94 9823.15 9796.51 9724.29 9765.82 9849.99 9774.8 9677.02 9666.52 9650 9635.38 9641.7 9648.16 9639.34 
9549.07 9546.08 9545.8 9551.94 9553.47 9557.37 9550.54 9581.08 9556.03 9576.68 9615.91 9695.62 9905.07 9445 9144 8990.86 8921.57 8875.11 8805.03 8788.69 8790.62 8795.19 8810.13 8867.48 8946.4 9021.27 9276.38 9591.95 9856.64 9831.02 9728.67 9766.15 9843.05 9776.09 9684.26 9652.79 9645.28 9649.13 9639.95 9640.66 9633.95 
9549.96 9550.13 9545.91 9543.6 9547.01 9554.62 9563.56 9578.23 9572.4 9595.42 9611.18 9681.48 9868.66 9391.09 9151.68 8990.6 8905.35 8839.19 8799.35 8792.04 8793.62 8801.53 8822.6 8869.78 8940.59 9041 9312.25 9628.96 9891.46 9960.37 9732.66 9766.94 9787.23 9748.54 9684.25 9647.88 9656.88 9642.91 9639.43 9639.92 9635.32 
9558.85 9555.2 9543.05 9528.05 9536.03 9551.4 9561.95 9580.79 9594.16 9587.91 9595.84 9668.38 9798.65 9456.74 9195.6 9028.39 8904.26 8816.35 8794.01 8791.41 8802.02 8815.63 8833.52 8868.02 8935.03 9066.9 9356.25 9661.78 9910.38 9894.28 9777.31 9827.37 9774.13 9730.42 9691.37 9659.66 9649.53 9642.62 9635.9 9649.36 9636.28 
9571.06 9560.91 9547.31 9535.85 9532.15 9541.97 9551.74 9615.15 9580.22 9574.31 9578.78 9624.05 9789.82 9613.86 9251.79 9078.7 8940.24 8832.54 8796.05 8795.23 8812.31 8831.11 8850.12 8890.69 8968.4 9142.35 9415.67 9691.9 9918.52 9790.63 9769.35 9816 9778.05 9725.02 9681.1 9659.89 9650.77 9645.56 9649.49 9634.31 9633.54 
9563.46 9561.57 9550.37 9544.31 9533.99 9539.38 9564.17 9589.95 9576.54 9571.44 9579.27 9593.35 9714.25 9756.48 9402.17 9170.56 9020.63 8891.02 8834.73 8822.68 8833.81 8864.19 8889.43 8963.4 9100.16 9296.64 9500.33 9694.1 9840 9721.72 9736.01 9781.57 9771.62 9729.5 9680.49 9656.25 9648.09 9650.5 9651.71 9634.6 9636.23 
9567.48 9555.26 9550.24 9549.89 9539.47 9548.55 9583.14 9594.94 9596.2 9567.54 9592.46 9604.4 9629.45 9706.53 9589.66 9325.8 9199.7 9069.41 8963.32 8862 8889.75 8944.35 8981.78 9090.42 9297.63 9493.78 9607.02 9690.39 9723.92 9702.55 9724.85 9746.33 9768.1 9750.16 9679.2 9656.02 9649.47 9648.12 9651.68 9653.99 9647.21 
9516.37 9529.61 9544.48 9559.44 9557.34 9563.18 9572.45 9589.74 9600.26 9609.63 9620.13 9622.9 9610.96 9668.54 9669.38 9494.19 9391.86 9334.04 9179.82 9049.91 9039.42 9082.11 9162.2 9265 9539.86 9707.1 9708.8 9703.14 9702.82 9705.72 9694.5 9721.93 9749.87 9744.99 9667.18 9658.62 9654.64 9650.6 9647.07 9653.9 9654.36 
9502.24 9514.1 9534.41 9553.84 9565.22 9543.13 9560.65 9566.88 9570.47 9618.72 9645.35 9634.13 9618.45 9641.98 9682.53 9623.86 9510.36 9463.1 9381.57 9316.55 9248.95 9239.21 9268.96 9458.38 9819.06 9835.42 9757.37 9708.75 9675.33 9678.83 9699.88 9715.9 9727.8 9698.93 9668.81 9663.33 9662.01 9659.34 9658.22 9658.07 9659.52 
9502.83 9511.41 9524.7 9531.35 9525.9 9540.09 9555.62 9582.42 9560.11 9608.57 9633.61 9617.21 9622.03 9629.63 9656.01 9673.44 9618.18 9492.93 9514.13 9509.98 9436.7 9418.78 9445.41 9668.41 9788.89 9788 9746.66 9698.87 9671.77 9672.41 9698.76 9711.98 9722.44 9709.87 9676.73 9680.58 9673.03 9666.41 9673.84 9678.05 9673.69 
9518.55 9521.85 9523.45 9523.24 9520.14 9556.22 9548.67 9552.47 9582.22 9582.53 9601.43 9612.03 9634.39 9627.89 9647.27 9680.63 9696.79 9652.35 9635.37 9627.8 9613.3 9600.86 9667.4 9699.59 9741.13 9717.62 9700.49 9670.94 9649.69 9661.31 9690.69 9709.52 9718.82 9694.71 9676.6 9685.5 9685.66 9681.74 9695 9683.39 9679.87 
9527.09 9526.93 9526.86 9525.39 9539.36 9546.67 9546.61 9536.21 9563.1 9548.52 9592.36 9600.46 9620.54 9619.57 9626.76 9631.6 9718.43 9752.18 9707.82 9718.67 9695.12 9665.17 9647.52 9654.82 9679.94 9684.24 9667.36 9651.75 9647.66 9667.3 9689.18 9712.69 9724.72 9710.73 9692.06 9698.71 9700.47 9710.61 9702 9704.32 9710.02 
9534.07 9535.75 9537.21 9536.17 9537.81 9564.94 9558.76 9556.05 9517.11 9568.31 9582.11 9588.6 9597.73 9612.16 9601.48 9604.2 9654.2 9686.22 9679.66 9671.3 9685.24 9645.22 9623.27 9626.97 9641.58 9651.09 9652.27 9652.23 9662.19 9689.08 9702.48 9721.87 9733.5 9725.71 9713.38 9727.69 9714.42 9714.47 9712.8 9706.02 9699.59 
9537.33 9539.68 9549.41 9554.79 9555.8 9571.88 9573.23 9575.48 9539.57 9581.32 9583.46 9581.16 9585.35 9595.04 9580.91 9573.34 9583.44 9608.2 9617.33 9605.8 9616.86 9608.83 9620.39 9608.24 9611.52 9625.93 9638.3 9648.95 9659.12 9688.33 9728.07 9731.55 9729.23 9720.82 9733.69 9740.08 9725.98 9712.57 9706.49 9696.81 9690.47 
9535.9 9535.1 9556.94 9584.67 9562.21 9584.29 9581 9575.16 9540.17 9500.4 9602.08 9576.77 9566.67 9552.21 9553.65 9548.54 9548.03 9566.33 9580.24 9582.28 9579.7 9570.75 9579.61 9621.33 9633.13 9632.01 9629.85 9634.82 9652.55 9684.59 9721.86 9726.54 9723.23 9722.2 9752.43 9745.07 9729.56 9718.55 9714.13 9710.22 9700.27 
9537.7 9539.51 9554.13 9559.23 9538 9591.26 9579.78 9565.55 9550.96 9533.9 9532.97 9532.5 9531.6 9534.62 9538.07 9535.82 9541 9553.64 9570.28 9582.7 9579.11 9565.57 9571.11 9575.3 9604.3 9623.97 9619.63 9612.27 9630.82 9666.99 9679.43 9699.49 9708.29 9690.25 9724.7 9722.27 9724.31 9724.16 9730.74 9804.36 9796.19 
9538.36 9542.88 9547.69 9554.9 9525.43 9563.73 9559.07 9538.5 9528.51 9527.36 9526.66 9527.7 9528.79 9532.29 9533.98 9536.44 9535.52 9551.15 9569.93 9587.54 9592.74 9573.08 9562.11 9570.42 9590.06 9616.63 9609.69 9599.7 9605.47 9627.59 9648.3 9682.63 9715.78 9682 9712.35 9723.6 9730.36 9755.69 9635.7 9428.87 9428.15 
9533.67 9530.49 9529.36 9524.75 9524.73 9532.43 9537.42 9530.26 9526.08 9528.24 9525.91 9528.79 9531.87 9532.76 9534.46 9535.36 9538.84 9551.68 9568.36 9584.36 9593.68 9590.98 9576.03 9587.75 9587.37 9603.16 9601.59 9595.35 9605.34 9622.12 9643.18 9670.79 9704.32 9709.31 9725.56 9733.37 9769.92 9813.88 9587.88 9322.87 9337.43 
9527.73 9520.96 9518.71 9520.35 9521.71 9523.93 9526.84 9526.12 9526.76 9526.33 9530.58 9530.4 9531.76 9534.41 9535.32 9536.42 9539.62 9552.25 9566.3 9577.04 9579.99 9595 9614.65 9598.81 9604 9602.41 9599.15 9603.28 9609.6 9630.22 9639.24 9656.66 9691.86 9728.34 9731.13 9740.13 9774.14 9806.71 9613.15 9422.79 9396.75 
9524.57 9519.69 9515.98 9515.52 9520.93 9523.94 9525.06 9525.22 9526.83 9531.22 9535.99 9537.72 9534.93 9534.91 9534.79 9536.53 9542.03 9554.64 9568.4 9581.37 9594.3 9589.07 9593.26 9600.21 9600.84 9595.31 9601.73 9610.55 9622.68 9634.55 9649.58 9665.46 9677.74 9713.08 9747.42 9755.74 9759.72 9772.94 9656.9 9519.39 9488.61 
9523.06 9516.92 9511.92 9513.79 9518.98 9523.64 9525.88 9526.2 9526.62 9529.93 9534.65 9535.79 9536.1 9534.63 9534.79 9537.04 9544.25 9557.04 9571.03 9584.95 9596.38 9597.24 9607.08 9618.12 9608.91 9597.36 9605.95 9617.55 9629.41 9641.78 9663.13 9682.53 9699.29 9712.6 9737.03 9750.76 9772.87 9768.55 9719.34 9671.52 9714.09 
9522.84 9516.26 9513.77 9515.77 9520.9 9525.63 9526.37 9528.11 9529.95 9529.9 9533.19 9539.43 9535.95 9536.06 9537.18 9541 9549.92 9560.72 9573.79 9585.57 9595.51 9606.94 9640.4 9644.84 9625.67 9614.13 9619.45 9633.16 9650.68 9658.49 9676.69 9698.08 9705.83 9736.97 9747.86 9739.17 9771.02 9783.87 9768.87 9796.74 9848.62 
