real_craters/C108-500m.grd
DSAA
140 140
-34.7375 34.7375
-34.7375 34.7375
10824.071110081 12280.821449916
[rows 30 to 59 of 140, columns 67 to 133 of 140]
11904.2 11902.7 11901.3 11899.3 11904.3 11913.1 11918.3 11913.3 11903.4 11895 11888.2 11878.5 11877.2 11873.1 11867.8 11861.9 11856.6 11852.1 11846.2 11840.8 11835.6 11831.5 11826.5 11821.4 11816.7 11813.7 11812.8 11813 11814 11814.8 11813.4 11809.3 11810.8 11814.2 11809.1 11804.3 11801.4 11805.3 11805.1 11803.4 11799.9 11795.5 11785.6 11775.5 11769.4 11767.4 11766.2 11765.5 11765.1 11762.4 11758.1 11753.9 11749.8 11745 11744.9 11744.2 11744.8 11745.2 11743.9 11742.4 11741.3 11737.9 11736.5 11739.6 11742.6 11742.2 11741.8
11901.6 11898.9 11895.7 11893.5 11902.5 11907.9 11910.5 11907.2 11899.8 11891.6 11884.3 11872.2 11869.1 11866.1 11862.5 11858.3 11853.8 11849.8 11845.2 11840.7 11836.2 11831.8 11827 11822.5 11818.2 11814.7 11812.6 11811.6 11811.2 11811.1 11805.9 11806.3 11807.8 11808 11805.9 11801.7 11802.3 11807 11806.5 11805.3 11802.6 11796.2 11781.6 11770.4 11768 11769.6 11772.2 11772.4 11772 11767.3 11762.3 11756.2 11751.8 11750.1 11746.7 11745.6 11743.6 11739.9 11740.4 11740 11741.8 11741.2 11742.3 11743.2 11743.4 11742.4 11742.7
11901 11896.9 11893 11891.7 11898.3 11903.6 11906.6 11904.2 11894 11881.5 11869.5 11863.8 11860.6 11859.5 11857.6 11854.5 11851 11847.4 11843.9 11840.3 11836.6 11831.7 11826 11822.8 11818.6 11813.9 11810.7 11808.7 11806.7 11803 11797.6 11804.8 11804.8 11805 11802.3 11799 11799.1 11805.1 11806.3 11807 11806 11799.6 11781 11772.6 11774.3 11779.3 11786.9 11791.1 11782.3 11771.4 11762.1 11756.8 11752.4 11749.4 11748.1 11747.2 11745.2 11742.8 11741.5 11742.2 11743.6 11744.6 11746.9 11747.2 11746 11748.3 11746.7
11901.5 11895.2 11891.2 11890.1 11893.6 11900.5 11903.8 11900.7 11887.9 11874.4 11863 11856 11854.3 11853.9 11852.4 11850.4 11848.4 11845.7 11843.1 11840 11837.2 11834.2 11831.7 11823.4 11815 11811.2 11808 11805.2 11802.5 11798.2 11792.1 11796.9 11797.5 11796 11795.5 11797.6 11800.1 11801.4 11804.8 11808.5 11810.9 11811.2 11806 11795.6 11792.1 11793.4 11799.5 11803.7 11789.9 11774 11762.5 11757 11753.1 11750 11749.1 11748.7 11747.5 11745.9 11743.7 11744.3 11748.8 11748.6 11753.5 11749.4 11745.4 11743.7 11746
11898.4 11893.5 11890.2 11889.1 11898.2 11901.9 11899.6 11892.2 11882.2 11869.5 11858.1 11853.9 11852.6 11850.3 11848.7 11847 11845.3 11843 11841.1 11838.9 11836.9 11835.3 11832.9 11824.1 11814.9 11809.1 11805 11802 11798.2 11793.2 11786.9 11789.8 11790.4 11786.5 11785.6 11793.7 11797.3 11796.3 11804.1 11809.3 11812.7 11814.9 11814.2 11805.9 11800.8 11800 11802.9 11803.8 11790.6 11773.9 11762.4 11757.7 11754.9 11752.5 11750.6 11749.9 11748.7 11746.7 11745.3 11746.1 11750 11746 11751.5 11748.4 11743.6 11741.1 11744.9
11894.4 11892.8 11890.4 11890.3 11901.1 11903.9 11899.2 11889.3 11882.1 11869.2 11858 11854.3 11850.6 11847.2 11845.4 11844.2 11842.6 11840.6 11839 11837.2 11835.3 11833.4 11830.1 11822.3 11813.6 11808.2 11803.7 11799.4 11794.7 11791.2 11789.5 11791 11789.5 11785.5 11784.8 11792.2 11798.2 11803.4 11807.7 11809.9 11811.1 11810.1 11806.8 11802.3 11796.5 11799.3 11800.6 11797.7 11788.6 11774.7 11764 11758.8 11755.7 11753.5 11751.2 11750.7 11749.9 11748.7 11747.8 11748.1 11746.1 11741.7 11746.8 11746.6 11744.7 11744.6 11745.9
11895.4 11894.8 11892.8 11890.1 11898 11900.8 11902.1 11902.4 11887.9 11872 11858.9 11855.2 11845 11844.5 11843.1 11841.9 11840.6 11838.9 11836.9 11834.8 11832.4 11829.6 11825.7 11818.2 11811.1 11806.6 11803 11798.9 11794.2 11791.7 11796.6 11797.1 11792.8 11789.9 11789.5 11791.3 11799 11808.9 11809.8 11808.6 11808.4 11805.8 11799.9 11799.3 11798.8 11798.8 11798.4 11793.7 11788.8 11784.2 11771.1 11759.6 11751.7 11749.9 11750.8 11751.6 11751.7 11750.3 11749.6 11748.4 11743.7 11738.8 11742.7 11746.8 11747.3 11747.8 11748.1
11901 11900.7 11900.5 11896.3 11894.7 11900.5 11903.7 11900.1 11890 11874.8 11862.2 11858.2 11849.3 11844.4 11842.5 11841.4 11839.7 11837.8 11835.7 11832.9 11829.5 11825.3 11820 11813 11808 11806.2 11804 11800.9 11797.3 11794.3 11792.1 11800.6 11797.6 11793.7 11790.4 11792.7 11798.4 11803.8 11805.1 11804.3 11803.3 11799.6 11795.6 11797.9 11799.3 11798.5 11797.5 11798.6 11793.3 11780 11770 11759.8 11750.4 11749.6 11751.7 11753 11752.1 11749.7 11749.1 11746.9 11740.9 11740.2 11746.3 11751.7 11754 11754.7 11752.5
11903.9 11906.8 11911.4 11912.6 11894.6 11905.9 11903.3 11902.1 11891.8 11876.1 11864.6 11860.4 11851.3 11845.9 11844 11842.7 11841 11839 11836.4 11833.4 11828.9 11823.4 11816.5 11811.1 11808.7 11807.7 11806.8 11805.4 11802.8 11799.4 11796.8 11802.1 11801.3 11799.3 11797.1 11797.3 11799.5 11799.2 11798.5 11798.8 11797.5 11795 11793.1 11797.6 11799.3 11796.5 11793.2 11789.5 11781.1 11772.4 11766.3 11761.4 11757.8 11754.5 11754.4 11755.6 11755.6 11751.1 11747.1 11746.6 11742.7 11743.4 11750.5 11758.9 11768.1 11766.9 11759
11904 11910.6 11918.8 11919 11901.5 11896 11894.7 11891.3 11883.8 11874.6 11866.4 11862.1 11852 11847.6 11846.8 11845.3 11844.1 11842.4 11839.8 11835.5 11830.1 11823.5 11816.8 11812.6 11810.9 11810.3 11810.9 11811.5 11810.9 11806.8 11803.2 11801.6 11805.2 11806.2 11807.5 11807.6 11803.5 11798 11794.1 11795.5 11795.6 11793 11793.2 11796.3 11797.2 11793.7 11787.4 11777.7 11768.3 11764.8 11764.7 11763.2 11761 11758.2 11756.7 11756.9 11759.4 11753.6 11749 11745.6 11745.3 11745.2 11751.5 11760.7 11773.4 11770.8 11761.7
11906 11912.8 11920.5 11919.6 11899 11886.3 11885.6 11883.8 11879.3 11873.1 11864.6 11858.6 11854.8 11852.4 11852.1 11851.5 11850.4 11847.6 11844.5 11840 11834.2 11826.9 11818.4 11812.8 11813 11813.3 11814.6 11817 11818.6 11814 11810.3 11812.3 11811.2 11811.9 11812.9 11813.1 11808.4 11803 11799.2 11795.9 11791 11789.6 11791.2 11795.6 11796.5 11792.7 11785.1 11775 11767.1 11769.6 11766.9 11765 11763.2 11760 11757.8 11756.1 11755.8 11756.1 11750.7 11751.1 11748.7 11751.3 11751.9 11754.5 11756.1 11759 11757.1
11917.3 11915 11913.8 11905.9 11894.3 11885.9 11883.5 11883.1 11881.6 11876.7 11871.3 11866 11863 11861.6 11860.4 11859 11855.8 11853.4 11849.9 11845.1 11840 11833 11824.6 11818 11815.6 11815.5 11817 11820 11822.3 11817.9 11814.8 11814.4 11814.1 11815.7 11817.1 11817.1 11812.3 11808 11806.2 11798.1 11794 11792.7 11796.4 11801.9 11801 11795.8 11787.7 11778.7 11772.6 11771.9 11769.1 11766.7 11763.8 11761.5 11758.3 11755.4 11756.3 11758.7 11755 11753.9 11750.3 11752.4 11750.4 11748.8 11747.2 11750.5 11751.1
11923.3 11916.4 11909.6 11904.8 11896.6 11889.1 11887.6 11886.8 11885.8 11882.3 11879.8 11870.7 11868.7 11867.1 11867.7 11868 11866.7 11863.4 11858.8 11853.5 11847.4 11841.1 11834.5 11823.2 11817.8 11816.9 11817.5 11818.7 11820.3 11818.7 11816.2 11813.8 11815.2 11819 11822.7 11821.3 11813.1 11805.8 11798.9 11796.7 11797.2 11800.2 11806.3 11812.2 11808 11800.5 11791.6 11782.9 11776.4 11770.8 11770.3 11770.4 11768.6 11763.8 11759.3 11754.5 11754 11757.2 11756.5 11756.3 11752 11749.8 11748.3 11746.7 11747 11748 11748
11926.5 11918.9 11912.8 11909.6 11906.5 11900.3 11895.7 11896.9 11889.3 11893.5 11890 11885.3 11881.6 11874.8 11878.1 11879.1 11876.1 11871.7 11866.5 11860.9 11854.5 11848.2 11842.7 11831.6 11820.5 11818.2 11818 11817.4 11817.6 11820.4 11819.6 11816 11816.8 11820.6 11824.1 11818.9 11810.3 11802.6 11795.7 11796.5 11800.3 11806.1 11813.7 11817.4 11814.1 11806.9 11798.4 11788.3 11777.1 11772.3 11772.3 11772 11769.6 11765.8 11761.8 11756.9 11753.8 11755 11758.7 11762 11751.6 11748.4 11746.9 11746.3 11749.4 11748.1 11746.4
11933.8 11925.6 11918.5 11918.2 11922.7 11923.5 11920 11924.9 11926.3 11926.4 11921.5 11911.7 11896.7 11901.2 11898.3 11895 11890.3 11884.6 11877.2 11869.5 11862 11853.9 11845.9 11831.8 11821.4 11820.3 11820.8 11821.5 11822.3 11823.7 11822.8 11820.4 11819.5 11820 11819.9 11811.2 11806.6 11801.5 11798.5 11800.7 11807.8 11813.7 11822 11825 11819.6 11812.9 11805.7 11798 11785.6 11778.1 11776.5 11774.1 11770.6 11767.5 11766.4 11766.5 11766.1 11764.9 11767 11760.2 11751.3 11748.6 11747.3 11745.9 11747.2 11747.9 11746.6
11947.6 11939.1 11932.3 11936.4 11946.3 11954.2 11965.1 11954.3 11958.2 11955.9 11946.2 11929.7 11918.2 11921.6 11917.4 11911.2 11905.2 11897.1 11889 11878.3 11868.3 11858.8 11847.8 11833.1 11824.6 11824.5 11825.3 11826.3 11826.6 11825.2 11824.2 11821.2 11818.6 11819.4 11815.9 11810.1 11805.6 11802.7 11800.8 11809.2 11821.1 11828.9 11827.5 11826.4 11821.4 11817.2 11813.6 11809.6 11806.1 11795.8 11782.9 11772 11768.8 11768.8 11771.1 11777 11782.2 11786.2 11772.8 11756.7 11750.7 11749.6 11748.6 11748 11747 11748.2 11750
11977.4 11968.3 11969.4 11985.9 11982.9 11969.2 11962 11966.5 11966.8 11964.9 11961.1 11940.7 11936.1 11937.1 11933.7 11926.8 11920.1 11911.5 11901.4 11889.6 11876.9 11864.6 11853.9 11841.8 11834.1 11831.7 11830.7 11830.3 11831.6 11832.3 11829.8 11826.2 11823.6 11822.1 11819.5 11811.4 11807.3 11806.5 11808.5 11819.3 11826.2 11828.2 11820.9 11818 11819 11818.9 11818.7 11817.9 11815.5 11810.9 11787.7 11770.7 11768.2 11769.6 11772.4 11777.7 11791 11799.5 11776.7 11756.5 11751.8 11751.9 11751.2 11750.6 11748.9 11748.3 11749.2
12039.8 12043.4 12046.2 12050.9 12034.6 12015.3 11998.1 11990.6 11978.4 11963.7 11960.8 11956.7 11952.7 11951.5 11948.6 11944.7 11937.5 11926.6 11914.2 11900.3 11885.3 11870.7 11857.6 11851.4 11846.2 11840.8 11836.9 11835 11835.9 11838.7 11835.8 11832.1 11828.6 11824.6 11820 11813.7 11811.1 11810.8 11812.3 11814.7 11814.6 11813.3 11811.1 11811.8 11815.1 11817.6 11820.3 11822.5 11820.3 11802.6 11787.2 11775.3 11771.1 11770.7 11772.9 11776.5 11794.3 11810.7 11793.4 11765 11757.5 11757.2 11754.3 11751.4 11749.3 11747.8 11745.8
12101.6 12099.9 12087.6 12085.9 12088.9 12086.3 12060.9 12032.6 12017.8 12000.8 11994.5 11990 11987 11981.4 11975.6 11968.2 11959 11947.2 11932 11914.6 11896.5 11879.1 11862.9 11859 11856.3 11849.7 11843.6 11839.6 11839.1 11839 11840.3 11838.1 11832.9 11827.3 11822.4 11821.3 11818.5 11814 11810.6 11807.2 11803.1 11801.8 11804.9 11808 11811.7 11814.9 11818 11820.3 11815 11793.2 11784.9 11781.5 11773.7 11771.9 11774.1 11783.4 11792.3 11799.5 11784.5 11770.1 11774.3 11766.8 11757.7 11750.6 11749.1 11748 11746.7
12140.8 12110 12113.3 12122.9 12130.3 12144.4 12121.4 12085.9 12075.2 12058.7 12056.3 12038.6 12027 12016.6 12004.8 11995.1 11984.9 11969.2 11950.1 11929.5 11908.5 11890.5 11876.7 11869.5 11866.1 11858 11850.6 11846.8 11847.4 11847.1 11849.1 11847.3 11841.9 11835.8 11828.9 11825.3 11821.8 11816.1 11810 11802.5 11799.5 11800.2 11803.5 11806.2 11808.4 11810.2 11811.1 11810.9 11803.3 11785.1 11777.4 11775.3 11772.3 11771.2 11772 11775.8 11781.4 11782.6 11777.8 11783.9 11784.4 11773.5 11762.5 11751.3 11752 11751.3 11749.9
12163 12179.5 12187.6 12144.4 12129.8 12151.6 12175.8 12142.2 12134.2 12162.3 12122.3 12088.2 12060.1 12050.3 12030.8 12031 12014.3 11992.1 11967.8 11943.6 11920.8 11902 11888.4 11877.9 11872.2 11865.8 11860.5 11858 11863.8 11864.6 11862.2 11858.3 11855.1 11841.6 11831.2 11825.9 11821.3 11817.8 11814 11808.6 11805.1 11805.4 11805.8 11806 11806 11805 11803.1 11799.5 11790.2 11776 11769.5 11768.6 11770 11771.9 11771.4 11771.9 11774.1 11772 11772.3 11776.1 11774.2 11773 11771.2 11769.9 11762.3 11757.4 11751.3
12129.3 12145.1 12122.1 12071 12051.9 12070.1 12098.4 12105 12118.3 12149.4 12155.3 12131.2 12104.8 12112.3 12106.2 12082.3 12053.1 12021.6 11989.7 11958.7 11933.1 11908.6 11893.2 11882.1 11876.6 11871.2 11871.3 11876.5 11882.6 11883.1 11873.2 11865.5 11858.3 11842.6 11830.9 11826.2 11823.1 11819.3 11817.5 11814.9 11818.5 11816 11809.5 11807.8 11804.9 11801.2 11796.2 11789.4 11782.1 11773.4 11769 11768.4 11769.8 11771.7 11773.1 11773.8 11779.6 11777.8 11768.7 11765.2 11767.3 11770.9 11774.1 11777.8 11772.1 11766.1 11760.6
12006.5 11977.2 11927.7 11908.5 11906 11919.1 11952.1 11980.6 12011.4 12112.6 12155.3 12147.3 12168.5 12173.9 12158.9 12138 12098.4 12057.1 12016.7 11978.2 11942.4 11910 11891.4 11880.2 11875.7 11870.3 11868 11874.3 11885.6 11885.8 11875.8 11866.7 11858 11842.6 11831.8 11826.1 11821.1 11818.3 11817.9 11820.5 11822.6 11821.5 11817.4 11810.2 11804.2 11798 11791.2 11784.7 11780.4 11777.9 11772.4 11770 11770.9 11772.6 11774.9 11772.9 11773.8 11775.4 11786.1 11767.1 11767.8 11772.7 11777 11781 11777.9 11770.6 11765
11769.9 11738 11695.7 11709.6 11721.8 11731.8 11741.7 11779.7 11812.8 11913.4 12037.3 12079.8 12144.5 12176.5 12208.1 12181.6 12132.3 12083.6 12037.1 11997.5 11952.8 11908 11887.4 11877.5 11871.6 11868.6 11868.5 11871.7 11877.9 11877.3 11871.3 11863.3 11852.5 11839.9 11833.5 11826.6 11819.4 11817.8 11816.8 11820.2 11823.8 11822 11816.8 11811.3 11804 11796.5 11788.5 11780.9 11780.8 11782.6 11779.5 11773.9 11772.7 11772.8 11770.4 11762.5 11720.8 11653.6 11766 11771.7 11768.5 11777.5 11785 11794.5 11784.1 11767.2 11756.5
11537.9 11514.7 11497.4 11525.8 11544 11551.2 11549.8 11553.2 11604.1 11698 11832.1 11926.5 12019.3 12099.8 12163.6 12184.2 12154.4 12108 12057.8 12009.2 11963.2 11914 11891.4 11879.6 11872.1 11868.4 11872.5 11869.8 11866.4 11867.4 11865.2 11859.4 11852.6 11846.5 11837.2 11830.3 11824.9 11822.6 11821.8 11824.9 11828.2 11825.1 11819.5 11812.3 11804.7 11796.8 11788.5 11781.3 11781.7 11785.1 11781.1 11775.9 11774.2 11773.2 11772.4 11772.2 11781.6 11778 11775.1 11770.2 11771.4 11783.4 11799.3 11812.3 11791 11766.2 11753.1
11361.2 11348.4 11352.1 11373.5 11395.8 11405.6 11402.9 11408 11444 11521.4 11639 11745.4 11834 11957.7 12098.5 12174.5 12157.4 12112.9 12070 12022 11974.7 11929.6 11904.5 11888.1 11874.5 11865.5 11864.3 11863.9 11861.8 11862.3 11861.3 11857.3 11851.5 11844.8 11840.4 11835.5 11832.3 11830.7 11830.9 11829.1 11826.5 11825.4 11821.1 11814.3 11806.8 11798.9 11791.3 11785.2 11782.7 11782.4 11780.6 11775.8 11774.4 11774.4 11774.4 11774.6 11772.5 11772.3 11768.9 11767.9 11775.5 11789 11804.5 11814.7 11794.7 11771.4 11758.3
11244.2 11227.9 11226.1 11260.2 11286.2 11298.6 11302.1 11311.5 11335.1 11396.3 11492 11593.8 11684.9 11798.4 12014.2 12141.2 12129.3 12100.9 12066.6 12028.7 11987.3 11942.8 11922.7 11903.3 11884.5 11866.7 11863.4 11865.1 11862.6 11863 11861.3 11857.8 11853.3 11848.2 11843.9 11840.1 11838.1 11837 11835.8 11832.7 11829 11826.9 11822 11815.9 11809.1 11801.9 11794.6 11788.1 11783.2 11777.9 11773.2 11772.7 11772.2 11773.1 11774.3 11773.3 11772 11772.2 11767.9 11773.2 11782.6 11796 11811.8 11813.4 11795.4 11774.7 11763.1
11183.7 11173.6 11167.3 11188.9 11211.1 11224.6 11228.6 11234 11253.4 11304.6 11391.1 11480.4 11578.7 11692.9 11883.7 12031 12065.6 12064.7 12052.3 12032.5 12004 11970.5 11949.9 11925.8 11901.9 11881 11880.1 11875.4 11872.4 11867.5 11864 11860.2 11855.4 11851.6 11846.8 11843.1 11841.1 11840.6 11840 11836.8 11834 11829.6 11823.9 11817.9 11811.6 11805.2 11798.4 11791.6 11785.3 11777.9 11771.2 11770.6 11771.2 11772.1 11773.1 11772.5 11774.1 11776.2 11778 11781.3 11790.9 11802 11815.6 11812.2 11794.7 11775.3 11766.1
11145.7 11135.2 11133.6 11144.6 11158.9 11170.5 11177.3 11184.4 11199.9 11233.5 11287.3 11383.7 11494.2 11623.1 11766 11921.5 11984.6 12013.7 12028.9 12034.5 12026.2 12004.2 11985.5 11955.8 11924.5 11896.7 11890.6 11883.5 11877.3 11871.8 11867.8 11864.6 11861.1 11853.1 11848.1 11844.8 11840.8 11838.2 11839.8 11840.2 11836.5 11828.1 11824.8 11820.1 11814.6 11809 11803.5 11797.3 11790.3 11783.3 11775.9 11772.4 11772 11771.8 11772.1 11772.5 11774.5 11780.7 11780.5 11788.9 11798.1 11809.5 11818.7 11810.6 11794.1 11775.6 11770
11114.6 11107.5 11106.3 11112.3 11122.1 11132.2 11142 11153 11166.6 11185.3 11220.9 11304.6 11401.8 11515.4 11641.6 11800.7 11892.5 11946.2 11991.6 12028.6 12055.8 12053.8 12027.6 11988.8 11946.5 11908.2 11897.2 11886.4 11878.8 11874.5 11870.6 11867.9 11866.6 11860.5 11853.5 11847 11841.9 11838.4 11839.1 11840.7 11838.2 11831.9 11827 11822.4 11817.5 11812.5 11807.7 11802.5 11796.6 11789.8 11782.2 11777.4 11775.3 11773.6 11774.2 11778.2 11780.2 11781.1 11782.4 11791.2 11800.9 11810.8 11817.8 11808 11795 11784.2 11775.1
