real_craters/C108-300m.grd
DSAA
233 233
-34.7375 34.7375
-34.7375 34.7375
10822.531883828 12283.564308891
[rows 90 to 119 of 233, columns 0 to 66 of 233]
11973.5 11975.4 11975.6 11974.3 11971.3 11968.8 11972.3 11977.4 11980.2 11981.3 11981 11981.3 11985.5 11993.6 11989.7 11983.3 11978.4 11979.2 11982.4 11985.7 11988 11988 11986.9 11986.8 11986.2 11984.9 11985.2 11990 11996.4 12008.8 12022.4 12027.7 12024.2 12019.6 12014.9 12010.2 12005.4 12000.2 11993.7 11984.7 11981 11980.3 11980.7 11981.1 11981.3 11981 11980.5 11980.1 11979.2 11978.3 11976.9 11975.1 11973.5 11971.8 11969.9 11968.4 11967.3 11966.3 11965.9 11965.4 11964 11962.6 11961.7 11961.4 11961.3 11961.5 11961.8
11974.3 11975.3 11975 11973 11969.8 11967.5 11970.6 11974.6 11977 11978 11977.8 11977.1 11979.2 11985.2 11984.9 11982 11979.2 11981.8 11986.7 11991 11993.9 11993.2 11991 11991.4 11991.7 11992.5 11995.4 12000.9 12009 12017.4 12025.3 12027.8 12024.8 12020.5 12015.8 12011.2 12006.4 12001.6 11996.4 11991.1 11983.5 11978.7 11978.4 11978.5 11978.8 11979.2 11979.6 11979.6 11979 11978 11976.3 11974 11972.1 11970.1 11968 11966.1 11964.4 11963.4 11963.3 11963.5 11961 11959.5 11959.1 11959.1 11959.4 11959.8 11960
11976.1 11976.5 11975.4 11973.7 11971.4 11970 11971.3 11973.4 11974.8 11975.6 11975 11973.5 11973.9 11977.7 11980.5 11981.9 11982.7 11986.3 11991.6 11996.9 12001 12000.7 11997.7 11996.8 11997.4 11999.8 12004.6 12011.8 12015.1 12019 12023.2 12024.5 12022.7 12019.3 12015.3 12011 12006.9 12003 11999.5 11996.4 11987.8 11980.6 11979 11978 11977 11978.2 11978.8 11979.3 11979.8 11977.8 11975.4 11972.8 11970.5 11968.2 11966 11963.7 11961.6 11959.6 11958 11956.6 11955.3 11955.4 11956 11956.9 11957.7 11958.6 11959.1
11978.7 11977.7 11976 11974.9 11974.3 11973.6 11972.3 11973 11973.4 11974.2 11973.7 11973 11973.1 11975.6 11979.6 11983.7 11987.2 11991.5 11996.3 12001.9 12007.4 12007.3 12003 12001.1 12001.4 12004 12009.6 12013.8 12015.6 12017.6 12018.9 12020.2 12019.3 12016.8 12013.6 12010 12006.5 12003.1 12000.2 11996 11990.8 11985.6 11982.1 11980 11978.9 11978.5 11978.3 11978.2 11977.8 11976 11974 11971.4 11968.9 11966.5 11963.9 11961.3 11958.5 11955.7 11952.5 11948.9 11949.7 11951.5 11953.2 11954.8 11956.3 11957.8 11958.8
11980.6 11979.1 11977.6 11975.8 11975.2 11974.5 11972.8 11972.6 11972.4 11973.3 11973.3 11974.6 11976 11978.9 11983 11986.6 11991.1 11995.6 11999 12003.7 12008.5 12007.4 12004.1 12002.6 12002.5 12003.9 12006.4 12007.6 12012.3 12016.1 12016 12016.8 12015.8 12013.6 12010.5 12007.2 12004.2 12001.6 11999.8 11997.5 11991.8 11987.7 11983.8 11981.5 11979.9 11978.8 11977.9 11976.9 11974.8 11973.6 11972.6 11969.9 11967.2 11964.7 11961.8 11958.9 11955.8 11952.7 11949.5 11946.9 11947.1 11949 11951.1 11953.2 11955.4 11957.5 11959.5
11982.6 11980.7 11978.8 11976.8 11975.2 11974.4 11973.7 11972.7 11972 11972.6 11972.5 11973.9 11976.7 11981.6 11985.5 11988.1 11992 11995.8 11998.7 12002 12004.8 12003.1 12002.3 12002.1 12002.2 12001.9 12000.3 12001.2 12008.7 12014.8 12014.9 12014.1 12012.2 12009.7 12007.5 12004.1 12000.9 11998.2 11996.4 11993.9 11989 11984.9 11982.3 11981.4 11980.1 11978.6 11977.4 11976.4 11975.2 11973.9 11971.8 11968.8 11966 11963.2 11960 11956.9 11953.8 11950.8 11948 11946 11945.9 11947.5 11949.7 11952.2 11954.9 11957.6 11960.5
11984.8 11982.4 11980.5 11978.8 11977.3 11976.2 11975.3 11974.4 11973.2 11972.5 11972.3 11971.7 11975.6 11980.1 11983.8 11987.7 11990.8 11993.4 11995.8 11997.7 11999 11998.3 11999.7 12001.3 12002.5 12002.3 12000.4 12001.3 12007.4 12012.6 12012.9 12011.5 12008.9 12006.5 12003.5 12000.1 11996.4 11992.8 11989.8 11987 11983.5 11980.4 11978.7 11978.7 11978.5 11977.7 11976.8 11975.9 11975.6 11974.6 11971.1 11967.6 11964.5 11961.5 11958.5 11955.4 11952.3 11949.3 11946.9 11945.6 11945.6 11946.7 11948.8 11951.6 11954.7 11957.8 11960.9
11987.5 11984.8 11982.8 11981.3 11980.1 11978.8 11977.7 11976.9 11975.7 11975 11973.9 11973 11976.8 11981.2 11985 11987.4 11989.3 11990.4 11992.4 11993.2 11992.7 11993.9 11997.6 12001.4 12004.5 12006.1 12006.1 12006.2 12008.4 12011.3 12010.6 12008.7 12006 12003.4 12000.3 11996.7 11992.6 11987.6 11980.7 11978.4 11978.1 11975.8 11975 11977.2 11977.2 11976.5 11975.7 11974.7 11973.1 11970.8 11969.1 11966.2 11963.3 11960.2 11957.1 11953.9 11951 11948 11945.7 11944.4 11944.3 11945.6 11948.1 11951.2 11954.6 11957.9 11961.1
11989.9 11987.2 11985.1 11983.7 11982.9 11981.5 11980.3 11979.7 11979 11978.9 11979.1 11979.6 11980.9 11983.4 11986 11987.4 11988.6 11989.8 11990.1 11989.9 11989.6 11991.2 11996.6 12002.5 12007.9 12012.1 12013.5 12010.8 12010 12009.6 12008.6 12006.3 12003.5 12000.6 11997.4 11993.8 11989.8 11985.4 11981.4 11977.7 11976.1 11974.5 11974.3 11975.9 11975.9 11975.3 11974.4 11973.2 11971.1 11968.2 11967.5 11965 11962.2 11959.1 11955.6 11952.5 11949.3 11946.6 11944.4 11942.6 11942.2 11944.3 11947.5 11951.1 11954.8 11958.3 11961.6
11991.9 11989.3 11986.9 11985.2 11984.6 11983.6 11983 11982.8 11982.5 11983 11984.2 11985.6 11985.3 11985.8 11986.5 11987.8 11988.6 11988.4 11988.7 11988.3 11987.3 11990.4 11996.8 12003.9 12011.4 12018.8 12023.5 12015.8 12012.3 12009.9 12007.6 12003.7 12001.1 11998.2 11995.2 11991.7 11988.1 11984.8 11982.4 11978.8 11976.1 11974.9 11974.7 11975 11974.2 11974 11973.3 11972.3 11971.3 11970.4 11967.6 11964.1 11961 11957.5 11954.4 11951.3 11948.3 11945.8 11943.4 11941.6 11941.3 11943.4 11947.3 11951.5 11955.6 11959.4 11962.6
11994.2 11991.6 11989 11986.2 11984.5 11985.5 11985.9 11986.1 11986 11986.7 11987.5 11988.2 11988.6 11988.7 11988.7 11989.5 11989.9 11989.7 11989.6 11989.5 11989.6 11992.2 11997.5 12004.5 12013 12022.7 12029.5 12022.1 12015.5 12010.7 12002.9 12001.2 11999.3 11997.2 11994.3 11991 11987.2 11983.5 11979.8 11978 11976.3 11975 11973.8 11972.5 11972.9 11972.9 11972.2 11971.3 11970.9 11971.1 11967.2 11963 11959.4 11956.4 11953.5 11950.7 11948.2 11945.6 11943.3 11941.2 11940 11943.2 11947.9 11952.6 11956.9 11960.9 11964
11997 11994.6 11992.3 11989.9 11988.2 11988.7 11989.1 11989.4 11989.6 11990 11990.6 11991.2 11991.8 11992.3 11992.5 11992.8 11992.4 11992.2 11991.9 11991.9 11992.7 11993.9 11997.4 12002.8 12010.4 12020.3 12029 12024.1 12017.5 12009.2 12000.8 12000.9 11999.7 11997.5 11994.6 11991.1 11987.1 11983 11979.4 11977.7 11976.5 11975.6 11974.7 11973.7 11972.7 11972.1 11970.9 11969.6 11968.3 11966.4 11963.8 11961.1 11958.2 11955.4 11952.9 11950.4 11948.1 11945.9 11944.2 11942.8 11942.1 11945.3 11949.7 11954.2 11958.7 11963 11966.4
12000.2 11998.1 11996.3 11995.4 11994.4 11993.1 11992.9 11993 11993.2 11993.6 11993.8 11994.3 11995 11995.8 11996.9 11996.4 11994.6 11992.8 11991.7 11992.7 11992.6 11993.1 11995.2 11998.5 12003.4 12009.4 12016.1 12021.2 12019.3 12012 12004.8 12005 12002.3 11999.4 11995.6 11991.8 11987.8 11983.8 11980.1 11978.3 11977 11976.4 11976.4 11975.1 11973 11971.5 11969.7 11967.8 11965.4 11962.7 11960.4 11958.7 11956.8 11954.8 11952.6 11950.5 11948.5 11946.8 11945.8 11945.5 11946.9 11949 11952 11955.8 11960.3 11965.4 11970.3
12003.5 12001.7 12000.2 11998.6 11998 11997.3 11997 11996.8 11996.9 11997.2 11997.3 11997.5 11998 11998.5 11998.7 11998 11996.4 11994.5 11993.5 11993.5 11991.4 11991.2 11991.7 11992.8 11994.4 11996.9 12003.4 12014.6 12019.5 12019.3 12019.9 12011.6 12006 12001.3 11997 11993 11989.2 11985.8 11982.5 11979.4 11977.3 11976.3 11977.1 11976 11972.9 11970.7 11968.6 11966.4 11963.4 11959.8 11957.5 11957 11955.9 11954.2 11952.4 11950.5 11948.8 11947.6 11947 11947.6 11949.7 11951.6 11953.4 11956.6 11961.2 11966.9 11973.9
12006.6 12005.5 12004.6 12003.4 12002.5 12001.4 12000.7 12000.4 12000.3 12000.5 12000.9 12000.6 12000.4 12000.4 12000.3 11999.6 11997.9 11996.2 11995.7 11994.6 11991 11989.2 11988.1 11987.2 11986.2 11986.1 11993.1 12006.2 12015.4 12019 12018.3 12013.5 12008 12002.8 11998.2 11994.2 11990.4 11987.2 11983.8 11979.8 11976.7 11974.5 11973.4 11973.5 11971.6 11969.8 11967.6 11965.5 11962.9 11959.6 11957.3 11956.8 11955.8 11954.4 11952.6 11950.6 11948.9 11947.9 11947.4 11947.9 11949.5 11951.1 11952.9 11956.1 11960.4 11966 11973.1
12009.1 12009.1 12009.2 12008.9 12007.3 12005.5 12004.3 12003.4 12003.1 12003.1 12002.9 12002.4 12001.9 12001.6 12001.4 12000.8 11998.4 11996 11993.8 11992.3 11989.8 11987.3 11985.1 11982.9 11980.8 11979.6 11986.8 12000.2 12011.5 12016.1 12014.8 12012.2 12008 12003.1 11998.5 11994.3 11990.3 11987.1 11983.4 11979.4 11975.9 11972.8 11970.1 11970.8 11970.1 11968.9 11967.1 11965.5 11963.5 11961.8 11960.5 11958.3 11956.4 11954.5 11952.6 11951 11949.2 11947.9 11947.2 11947.1 11947.4 11948.4 11951 11954 11957.8 11962.6 11968
12011.2 12012 12013.1 12013.5 12011.1 12008.7 12007 12005.9 12005.1 12004.7 12004.3 12003.2 12002.2 12001.5 12001.2 12000.5 11997.5 11994.5 11991.8 11990.5 11987.9 11985 11982.6 11980.3 11978.5 11978.4 11984.9 11996.1 12006.8 12011.1 12012 12010.1 12006.1 12001.7 11997.5 11993.5 11989.2 11984.7 11981.8 11978.7 11975.4 11972.3 11970.3 11970.7 11969.5 11968.1 11967.1 11965.7 11964.3 11963.6 11963.3 11959.6 11956.9 11954.9 11952.9 11951.1 11949.3 11947.9 11946.7 11946.1 11946.2 11947.1 11948.6 11951 11954 11957.5 11961.1
12012.8 12013.9 12015.1 12016.2 12013.2 12010.8 12008.8 12006.9 12005.8 12005.1 12004.3 12002.7 12001.4 12000.3 11999.3 11998.1 11995.3 11992.5 11990.2 11988.9 11985.8 11983.1 11980.8 11978.9 11977.8 11978.8 11983.3 11991 11998.8 12003 12006.1 12005.8 12002.2 11998.8 11995.7 11992.5 11988.8 11984 11981.5 11978.6 11975.3 11972.5 11970.8 11970.3 11968.4 11967.6 11967.1 11966.1 11964.8 11963.3 11960.5 11959.3 11957.4 11955.3 11953.1 11951.2 11949.2 11947.5 11945.8 11944.6 11944.2 11944.7 11945.5 11947.5 11949.9 11952.4 11954.5
12014.2 12015.2 12015 12014.3 12013.6 12011.6 12009.4 12007.2 12005.6 12004.4 12002.9 12001.1 11999.6 11998.2 11996.7 11994.4 11992.5 11990.1 11987.2 11985.3 11983.3 11981 11979.2 11977.8 11977.3 11978.4 11980.6 11983.9 11986.2 11992.6 11997 11998.3 11995.8 11993.9 11992.6 11991.7 11990.4 11987.2 11983.4 11979.1 11975.1 11972.1 11969.6 11966.6 11966.5 11967.4 11967.6 11966.9 11965.7 11964 11962.1 11960.5 11958.6 11955.9 11953.5 11951 11948.7 11946.8 11944.7 11943 11941.5 11940.7 11941.9 11944.2 11946.6 11948.6 11950
12015.6 12017.1 12016.9 12015.8 12014.7 12012.3 12009.5 12006.5 12004 12002.1 12000.4 11998.5 11997 11995.6 11994.3 11993.1 11990.9 11988 11985.5 11983.4 11981.3 11979.4 11977.8 11976.7 11976.1 11976.3 11977.3 11977.9 11977.4 11982.2 11985.3 11986.9 11986.7 11987.4 11988.4 11989.9 11992.3 11992.7 11985.5 11979.5 11974.3 11970.3 11968.1 11966.1 11967.3 11968.9 11969.1 11968.3 11967 11965.7 11964.8 11962.5 11959.8 11957.1 11954.7 11952.1 11949.1 11946.6 11944.1 11941.8 11939.5 11937.7 11939.1 11941.9 11944.6 11946.9 11948.9
12017.1 12019.5 12021.3 12020 12016.6 12013 12009 12005 12001.3 11998.2 11996.4 11995.1 11993.9 11992.7 11991.5 11990.4 11988.3 11985.6 11983.4 11981.1 11979.3 11977.8 11976.6 11975.7 11974.8 11974.5 11975.2 11975.4 11975.3 11974.5 11973.9 11972 11976.8 11980.1 11983 11985.7 11988.3 11988.8 11984.2 11978.8 11973.5 11968.4 11968.2 11970.7 11972.3 11972.1 11971.6 11970.2 11968.6 11966.9 11965.2 11963 11960.7 11958.3 11955.9 11952.9 11950.1 11947.3 11944.6 11941.6 11939.1 11937.4 11938.4 11941.1 11944.2 11947.2 11950.1
12018.4 12021.8 12022.8 12021.6 12017.9 12013.2 12008.3 12003.2 11998.2 11994 11992.4 11991.6 11990.7 11989.7 11988.4 11986.5 11984.4 11982.7 11981.2 11979.7 11977.3 11976.1 11975.3 11974.8 11974.6 11974.5 11974.5 11974 11971.8 11969.3 11967.4 11967.1 11969.8 11973.6 11977.4 11980.5 11981.6 11981.9 11981.3 11977.9 11973.6 11970.7 11971.9 11976.2 11978.3 11976.1 11974.3 11972.3 11970.2 11967.9 11965.4 11963.1 11961.4 11959.4 11957.2 11954.3 11951.4 11948.3 11945.2 11942.5 11940.1 11938.7 11939.4 11941.9 11944.9 11948.5 11952.2
12019.1 12023.7 12026.8 12023.7 12018.5 12012.9 12007.1 12001.3 11995.6 11990.8 11989.4 11988.7 11987.9 11987 11985.8 11984.2 11982.6 11979.7 11976.7 11975 11974.7 11974.2 11973.9 11973.7 11973.8 11974.1 11974.3 11974.3 11971.1 11966.2 11963.3 11962.1 11964.1 11967.9 11972.2 11976.5 11980.1 11980.7 11979.9 11978.1 11975.2 11970.8 11974.9 11979.7 11981.6 11978.6 11976.3 11974.1 11971.9 11969.6 11966.5 11963.7 11963.1 11961.2 11958.7 11955.8 11953 11949.6 11946.7 11944.1 11941.9 11941 11941.4 11943.3 11946.3 11950.1 11954.3
12018.5 12023.9 12027.9 12023.7 12017.8 12011.7 12005.6 11999.6 11993.8 11989.4 11987.5 11986.5 11985.6 11984.7 11983.4 11981.7 11979.4 11977.8 11975.8 11973.3 11972.5 11972.3 11972.3 11972.4 11972.5 11972.8 11973.2 11973.4 11969.6 11963.6 11959.7 11957.5 11959.3 11962.9 11967.1 11971.9 11977.6 11979 11978.8 11979.1 11979.5 11980 11979.8 11980.9 11981 11978.8 11977.1 11975.4 11973.7 11972.1 11970.5 11969.7 11966.4 11963.5 11960.6 11957.6 11954.5 11951.2 11948.6 11946 11943.9 11943.3 11943.8 11944.9 11947.4 11951.5 11957.4
12016.1 12021 12024.6 12020.6 12015.4 12009.7 12003.8 11998 11992.3 11988 11986 11984.7 11983.6 11982.6 11981.6 11980.2 11978.1 11976.8 11974.9 11972.2 11970.9 11970.7 11970.8 11971 11971.4 11971.5 11971.3 11969.5 11965.4 11960.1 11956.9 11955.3 11956.2 11958.6 11961.4 11965 11969.4 11973 11976 11979.1 11982.6 11985.5 11982.8 11980.8 11978.8 11977.6 11977.3 11976.5 11975.5 11974.3 11973.3 11971.5 11968.7 11965.7 11962.5 11959.2 11956.1 11952.9 11950.1 11947.5 11945.6 11944.7 11945.1 11945.5 11947.5 11951.1 11955.9
12012.7 12015.5 12016.4 12015.5 12011.9 12007.2 12001.8 11996.5 11991.3 11987.2 11985 11983.3 11982 11981.1 11980.2 11979.4 11978.9 11975.9 11973.1 11970.8 11969.5 11969 11969 11969.3 11969.9 11969.9 11969.4 11967.6 11962.5 11956.9 11954.7 11954.4 11954.6 11954.9 11956 11957.4 11959.7 11966.1 11972.2 11977.6 11982.2 11984.3 11983.2 11980.2 11976.6 11976.6 11977.8 11977.8 11977.1 11976.2 11974.9 11972.5 11970.7 11967.8 11964.4 11961.1 11957.9 11954.9 11952 11949.3 11947 11945.1 11944.5 11945 11947 11949.8 11952.8
12009.8 12010.8 12011.3 12011.1 12008.6 12004.7 11999.9 11994.9 11990.6 11986.9 11983.8 11981.8 11980.4 11979.4 11978.6 11978.1 11977.2 11974.4 11971.7 11969.5 11968 11967.4 11967.1 11967.1 11967.5 11967.8 11967.7 11966.1 11961.4 11955.7 11953.7 11952.6 11951.8 11951.4 11951.8 11952.5 11954.8 11961.5 11968.7 11975.4 11981.3 11984 11983.2 11981.1 11978.7 11978.8 11979.5 11979.2 11978.6 11977.9 11977.3 11977.1 11973.9 11969.6 11965.9 11962.6 11959.8 11957 11954.2 11951.4 11948.6 11945.6 11943.1 11944.6 11947.6 11950.3 11952.7
12009.1 12008.5 12008.5 12009 12006.6 12002.6 11997.6 11992.6 11988.1 11984.7 11982 11979.9 11978.5 11977.5 11976.9 11976.5 11975.7 11973.8 11970.8 11968.9 11967.2 11965.7 11964.9 11964.2 11964.1 11965.3 11966.1 11965.7 11961.6 11957.9 11954.1 11950.8 11948.3 11948.6 11949.2 11950.1 11953 11959.2 11966.1 11972.7 11978.9 11982.2 11982.8 11982.8 11983.3 11982.6 11981.4 11980.9 11979.8 11978.7 11977.9 11977.6 11974.1 11970 11966.8 11964 11961.6 11959.1 11956.7 11954.1 11951.5 11948.4 11945.4 11946.9 11949.9 11953.7 11957.5
12011.9 12012.5 12011.9 12009.9 12006 12001 11995.4 11989.8 11984.5 11981.6 11979.5 11977.7 11976.4 11975.5 11974.9 11974.5 11974.6 11973.3 11972 11967.6 11964.8 11963.8 11963 11962.4 11962.1 11963 11963.7 11963.1 11960.7 11957.8 11954.1 11950.3 11947.9 11947.3 11948.1 11949.6 11952.7 11958.2 11964.2 11970 11974.7 11978.9 11981.7 11983.3 11984.3 11984.2 11983.3 11982.3 11980.8 11978.9 11976.6 11973.4 11970.4 11969.2 11967.3 11965.3 11963.3 11961.4 11959.6 11957.6 11955.5 11953.5 11952.4 11952.1 11953.1 11955.6 11958
12016.6 12022.3 12018.5 12012.2 12005.9 11999.5 11993.2 11987.3 11982.2 11979.2 11977.1 11975.5 11974.5 11973.6 11972.7 11971.7 11970.7 11968.9 11966.4 11964.5 11963.1 11961.9 11961.3 11961.4 11961.1 11960.7 11961 11960.6 11958.7 11956.8 11953.8 11949.9 11947.2 11946.7 11947.8 11950.7 11953.8 11957.9 11962.9 11968.3 11973.2 11977.5 11980.9 11983.4 11984.8 11985 11984.8 11983.7 11981.6 11978.9 11975.7 11971.7 11969.1 11968.9 11968.1 11966.9 11965.7 11964.2 11963 11961.7 11960.6 11959.5 11958.5 11957.6 11956.7 11955.8 11956.2
