real_craters/C108-300m.grd
DSAA
233 233
-34.7375 34.7375
-34.7375 34.7375
10822.531883828 12283.564308891
[rows 30 to 59 of 233, columns 0 to 66 of 233]
11951.9 11950 11949.6 11950.5 11951.4 11952.3 11954.1 11956.3 11957.8 11958.6 11958.9 11959.3 11960 11959.2 11957.8 11956.7 11955.8 11954.7 11953.1 11952.6 11952.1 11951.6 11950.5 11949.4 11948.6 11947.6 11946.4 11945.1 11944.2 11943.2 11942 11942.8 11944.2 11942.6 11940.9 11940.2 11939.4 11938.8 11939 11940.7 11943 11949.3 11954 11955.2 11954 11951.4 11948.3 11944.6 11940.4 11936.5 11932.8 11931 11934.2 11933.7 11932.2 11930.6 11928.7 11926.9 11925.4 11923.7 11922 11920.6 11919.4 11917.8 11916.9 11915.8 11914.6
11952.2 11950.4 11950.5 11951.7 11953.3 11953.8 11955.4 11957.6 11958.8 11959.5 11959.9 11960.6 11961.6 11960.9 11959.2 11957.8 11956.6 11955.4 11954.2 11953.4 11952.6 11951.2 11950.6 11949.8 11949 11948.1 11947 11945.8 11944.3 11943 11942.8 11942.7 11942.1 11940.8 11940 11939.9 11939.9 11940.1 11941 11946.7 11954 11960.3 11962.1 11960.7 11957.5 11953.1 11948.6 11944.8 11939.8 11935.4 11932 11930.1 11931.6 11931.5 11930.6 11929.2 11927.5 11926.3 11924.5 11923 11921.5 11920.1 11919.5 11919 11917.7 11916.3 11915
11953.3 11951.5 11951.3 11952.7 11954.5 11955.7 11957.2 11958.7 11959.4 11959.8 11960 11960.5 11960.9 11960.6 11959.6 11958.4 11957.3 11956.2 11955.2 11953.9 11952.5 11951.5 11951.3 11950.2 11949.6 11949 11948.1 11946.9 11945.4 11943.9 11944.4 11943.6 11941.4 11939.6 11938.8 11939.6 11941.5 11943.8 11946.6 11956.8 11969.9 11975 11972.3 11967.6 11961.8 11955.1 11948 11942.1 11938.2 11935 11931.9 11928.8 11928.9 11929.8 11929.5 11928.6 11926.8 11925.5 11923.9 11922.3 11920.9 11919.8 11919.1 11918.3 11917.1 11916.1 11915.4
11954.9 11952.8 11952.2 11953.7 11955.6 11957.8 11960 11960.2 11959.7 11959.1 11959.5 11960 11960 11960.1 11959.5 11958.7 11957.7 11956.8 11955.7 11954.2 11953 11952.6 11951.8 11950.7 11950.3 11950.2 11950.9 11950.3 11948.5 11949.8 11949.6 11946.2 11942.3 11939.3 11937.8 11939.2 11944.7 11950.8 11957.4 11968.9 11981.6 11986.1 11980.9 11973.8 11966.2 11957.9 11948.4 11940.2 11938.3 11936.1 11933.5 11930.5 11929.8 11929.5 11929.2 11928.3 11926.7 11925.6 11924.1 11922.6 11921.1 11919.6 11918.8 11917.2 11915.9 11915.8 11915.7
11956.4 11954.2 11953.9 11955.3 11957.4 11959.9 11961.6 11961.8 11960.4 11959 11959.2 11959.8 11960 11959.9 11959.4 11958.8 11958 11957.2 11956.3 11955.4 11953.7 11952.1 11951.5 11951.1 11951.8 11952.2 11952.9 11954.6 11956.8 11962.2 11956.5 11949.3 11942.9 11938.2 11938.4 11941.2 11950.5 11960.2 11969.4 11979.5 11989.1 11992.3 11985.8 11977.7 11969.9 11962.1 11953.3 11945.1 11942.3 11939.3 11936.5 11934.9 11932.1 11930.2 11929.1 11928.1 11927.2 11926.1 11924.6 11923.1 11921.6 11920 11918.6 11917.2 11916.1 11916.2 11916.3
11957.8 11956 11956.4 11957.2 11958.8 11962 11965.1 11963.8 11961.5 11959.4 11959.2 11959.7 11960.7 11959.7 11959 11958.5 11958 11957.4 11956.4 11955.2 11954 11951.5 11950.9 11951.7 11952.6 11953 11953.8 11956.3 11963.6 11966.3 11958.4 11951.1 11945.2 11941.5 11942.4 11947.7 11958.5 11970.6 11980.5 11986.8 11991.9 11993 11985.9 11978.3 11971.8 11966.9 11962.8 11956.2 11949 11943.5 11938.9 11934.7 11933.3 11930.9 11929.3 11928.5 11927.3 11926.3 11924.9 11923.4 11922 11920.4 11919 11917.9 11917.1 11917 11917.2
11960.6 11960.5 11960.1 11960.5 11961.7 11964.8 11966.3 11964.8 11962.5 11960.3 11959.3 11958.9 11958.5 11958.8 11958.7 11958 11957.5 11957.4 11957.8 11958.4 11955.7 11953 11951.9 11952.3 11952.6 11951.4 11951.2 11951.7 11952.7 11955.8 11954.1 11950.7 11947.7 11945.8 11947.9 11954.4 11965.9 11979.1 11988.4 11989.6 11989.2 11986.9 11980.7 11974.7 11970.2 11967.9 11968.7 11963.5 11953.3 11946.3 11941.1 11936.7 11933.5 11931.5 11929.7 11928.5 11927.1 11926.8 11925.4 11923.9 11922.5 11921.1 11919.9 11919 11918.2 11918.3 11918.3
11962.5 11962.3 11963.4 11964.5 11965.9 11967.6 11967.5 11965.5 11963.3 11961 11960 11959.4 11958.8 11958.6 11958 11957.4 11958 11957.7 11957.9 11958.7 11958.1 11956.4 11954.7 11953.6 11951.1 11949 11947.5 11946.4 11944.5 11946.1 11949 11949.4 11949.8 11951.7 11952.2 11958.4 11970.4 11983 11989.5 11987.5 11982.9 11976.6 11971.9 11967.8 11964.4 11962.3 11961.8 11958.1 11951.9 11946.9 11942.9 11939.2 11933.9 11932.1 11930.2 11928.4 11928.4 11927.2 11925.7 11924.2 11922.9 11921.7 11920.8 11920.2 11920.1 11919.7 11919.5
11964.7 11965.8 11966.8 11967.9 11968.4 11968.4 11968.1 11966.2 11964.2 11962.7 11961.6 11961 11960.1 11958.9 11958.6 11957.8 11957.8 11957.3 11956.9 11957.7 11961.1 11962.6 11960.6 11955.6 11948.9 11945.5 11944.2 11943.8 11943.2 11943.8 11946.2 11948 11950 11952.9 11954.1 11960.8 11972.2 11983.2 11986.9 11982.8 11975.7 11967.4 11962.6 11959.3 11956.3 11953.1 11949.4 11948.6 11947.1 11945 11943.3 11941 11936.2 11933.4 11931.6 11929.4 11929 11927.5 11926 11924.6 11923.5 11922.5 11921.6 11921 11920.8 11920.5 11920.5
11969.2 11969.3 11969.4 11970.3 11969.7 11968.5 11967.2 11965.8 11964.5 11963.4 11962.7 11962.2 11960.9 11959.9 11959 11958 11957.3 11956.6 11956.4 11958.2 11963.5 11971.1 11975.4 11953.4 11942.5 11940.1 11941.4 11943.1 11943 11943.5 11945.9 11946.8 11949 11952 11955.3 11962.2 11971.9 11979.9 11981.8 11977.1 11968.9 11959.9 11954 11951 11948.4 11945.2 11941.4 11941.8 11942.2 11942 11941.7 11940.7 11937.6 11935 11932.9 11931.1 11929.4 11927.9 11926.6 11925.3 11924.1 11923.3 11922.1 11921.3 11920.5 11920.5 11921.2
11970.5 11969.3 11969.8 11970.6 11969.4 11967 11965.8 11965 11964.3 11963.5 11963.1 11963.6 11962.4 11960.4 11959 11957.6 11956.6 11955.9 11956.7 11961.1 11961.6 11955 11943.6 11928.7 11927.6 11932.2 11938.3 11943.9 11945.5 11944.9 11946.1 11945.6 11947.1 11949.4 11953.3 11961.7 11971.6 11977.3 11977.8 11972.4 11963.1 11952.4 11946 11944 11942.2 11940.1 11938.2 11938 11938.3 11938.5 11938.4 11938.1 11937.9 11935.9 11933.5 11931.5 11930 11928.6 11927.4 11926.2 11924.8 11923.8 11922.7 11921.8 11921.3 11921.5 11922.2
11968.1 11967.6 11968.6 11969.2 11968.4 11967 11965.9 11965.4 11964.3 11963.6 11963.2 11963.2 11962.4 11960.1 11958.5 11956.6 11955.5 11955 11957.1 11966.6 11960.1 11925.5 11885.9 11893.8 11911 11925 11935.8 11944.4 11946.4 11945.3 11946.4 11944.4 11945.1 11946.3 11948.9 11960.5 11973.1 11981.6 11978.1 11969.6 11959.1 11948 11941.1 11939.5 11938.3 11937 11935.6 11935.4 11935.5 11935.4 11935 11934.9 11934.9 11934.1 11933 11931.6 11930.4 11929.1 11927.9 11926.5 11925.3 11924.2 11923.2 11922.6 11922.4 11922.8 11923.2
11965.6 11965.9 11967.3 11967.9 11967.3 11966.2 11965.3 11964.5 11964 11963.7 11963.8 11963 11961.7 11960.3 11957.5 11955.5 11954.4 11954.1 11956.4 11970.7 11965.3 11920.7 11874.6 11883.8 11906.9 11923.6 11935.6 11943.6 11944.4 11944.9 11945.3 11944 11943.9 11944.8 11947.8 11959.2 11972.2 11981.8 11976.3 11966.9 11956.6 11946.5 11939.6 11937.5 11936.4 11935.6 11934.7 11933.9 11933.6 11933.2 11932.7 11932.6 11932.5 11932.4 11932.4 11931.6 11930.6 11929.5 11928.4 11927.3 11926.2 11925.1 11924.1 11923.3 11922.5 11922.1 11924
11963.5 11965 11966.9 11967.8 11966.7 11965.1 11964.7 11963.9 11963.7 11963.3 11962.9 11962.1 11960.7 11959.6 11957.9 11956 11954.2 11952.8 11955.1 11969.4 11970.1 11937.1 11907.3 11908.7 11919.9 11930 11938.7 11944.7 11945.4 11945.3 11944.5 11943.3 11943.6 11944.6 11947.6 11956.9 11968.1 11973.9 11970.8 11963.1 11954.3 11945.8 11939.5 11937 11935.8 11935.3 11934.4 11933.1 11932.3 11931.8 11931.3 11931.4 11931.8 11932.1 11932.4 11931.9 11930.7 11929.6 11929.2 11928.3 11927.4 11926.3 11925.5 11924.7 11923.7 11922.4 11925.9
11963.6 11965.6 11967 11967.6 11967 11966.1 11965.2 11964.6 11964 11963.1 11962 11961.1 11960.3 11959 11957.5 11955.6 11953.6 11952.1 11952.9 11962.2 11964.7 11955.2 11953 11947.8 11939.9 11939.9 11943.1 11946.3 11945.9 11945.3 11943.9 11943.1 11943.9 11945.1 11946.6 11953.5 11962.6 11967.8 11964.2 11958.5 11951.9 11945.4 11940.2 11937.3 11935.5 11934.8 11933.7 11932.3 11931.5 11931 11931 11931.3 11932 11932.9 11932.9 11932.5 11931 11930.1 11929.2 11929.2 11928.7 11927.8 11927.5 11927.1 11927.1 11927.7 11929.8
11967 11967.6 11968.7 11968.3 11967 11966.2 11966.1 11965.7 11965 11963.8 11961.9 11961.1 11960.3 11958.7 11956.8 11955.1 11953.1 11951.6 11951.4 11955.5 11956.8 11960 11966.2 11961.7 11950.7 11946.5 11946.2 11946.7 11945.7 11944.6 11943.6 11943.7 11944.2 11945.3 11946.4 11949.8 11954.4 11957.3 11956.8 11953.6 11949.1 11944.6 11941 11937.4 11934.9 11933.2 11932.2 11931.5 11930.9 11930.5 11930.6 11931.3 11932.4 11933 11933.6 11933.3 11931.9 11931 11930.8 11930.5 11930 11929.7 11929.6 11930 11931 11932.8 11934.3
11968.5 11968.7 11970.7 11970 11967.5 11966.9 11967.5 11967.8 11967.4 11965.9 11964 11963 11961.7 11959.4 11957 11954.8 11953.2 11951.7 11951.1 11952.2 11953.2 11955.6 11956.3 11953.5 11950.8 11948.2 11946.8 11946.2 11945.2 11943.9 11944.1 11944.3 11944.7 11945 11945.7 11946.9 11948.1 11949.8 11950.6 11949.2 11946.4 11943 11939.6 11936.7 11934.2 11932.2 11931.4 11931.1 11930.9 11930.5 11930.3 11931.6 11933.1 11934.5 11934.6 11934.2 11933.2 11932.4 11931.7 11931.6 11931.2 11931.4 11931.6 11932.3 11934 11936.7 11937.9
11966.9 11967 11968.1 11967.9 11967.1 11967.9 11969.4 11970.6 11970.6 11969.6 11967.4 11966.9 11964 11960.5 11957.4 11954.8 11953 11952.1 11951.4 11950.8 11950.4 11951.3 11950.7 11948.9 11949.1 11948 11945.9 11944.3 11944 11944 11944.2 11944.5 11945.1 11945.9 11945.9 11945.9 11945.6 11946.2 11946.8 11946 11944.2 11941.6 11938.8 11936.3 11934.1 11932.2 11931.5 11931.4 11931.5 11931.7 11932 11932.6 11933.7 11934.8 11935 11935 11934.3 11933.5 11933 11932.7 11932.9 11932.7 11933.3 11933.8 11935.1 11936.9 11938.4
11965 11964.5 11963.7 11964.7 11966 11968.8 11972.1 11974.2 11974.9 11974.6 11972.7 11971.5 11965.7 11960.9 11957.3 11954.6 11952.6 11951.5 11950.6 11950 11949.9 11950.1 11949.8 11949.3 11949.3 11948.2 11945.8 11943 11943.7 11944.4 11944.6 11944.8 11945.2 11945.9 11945.9 11945.7 11944.7 11944.7 11945 11944.3 11942.9 11940.8 11938.4 11936.2 11934.4 11933 11932.2 11932 11932.3 11933.1 11933.7 11933.7 11934.1 11934.2 11935 11935.7 11935.4 11934.9 11934.5 11934.1 11933.8 11933.6 11934.1 11934.8 11935.5 11936 11937.5
11965.4 11964.3 11962.4 11963.2 11965.2 11969.7 11975.4 11980.8 11983.4 11980.1 11976 11970.8 11964.7 11960 11956.5 11953.9 11952 11950.6 11949.7 11949.4 11949.6 11950.1 11950.7 11951.4 11950.9 11949.7 11948.3 11946.7 11945.5 11945.4 11945.4 11945.3 11945.1 11945 11945.4 11945 11944.3 11944.3 11944.4 11943.8 11942.6 11940.7 11938.6 11936.5 11935 11933.8 11932.9 11932.6 11932.7 11933.5 11934.1 11934.4 11935 11935.6 11936.4 11937.1 11936.7 11936.4 11935.9 11935.6 11935.1 11934.9 11935 11935.6 11936 11936.9 11938.7
11966.2 11965.5 11965.4 11963 11964 11969.9 11977.6 11985.8 11989.9 11982 11973.8 11966.4 11961.3 11957.9 11955.1 11952.9 11951.2 11950.1 11949 11948.6 11948.8 11949.5 11951 11952.7 11952.4 11951.1 11950.1 11948.5 11947.1 11946.8 11946.7 11946.6 11945.9 11945.5 11946.3 11945.9 11945.2 11945.2 11945.1 11944.3 11943.1 11941.4 11939.5 11937.6 11935.6 11934.2 11933.5 11933.2 11932.9 11932.6 11933.7 11935.1 11936.2 11937.6 11938.6 11938.8 11938.4 11938.1 11937.8 11937.4 11936.8 11936.4 11936.3 11936.5 11936.9 11938.2 11940.3
11966.4 11965.3 11964.1 11961.9 11962.6 11969.5 11977.4 11985.1 11987.7 11978.8 11967.8 11960.4 11957.5 11955.4 11953.6 11952 11950.4 11948.3 11948.1 11947.8 11947.7 11948.5 11950.5 11952.8 11952.6 11951.4 11950 11947.9 11947.7 11948 11948.6 11949 11948.8 11949 11949.8 11948.9 11947.4 11947.3 11946.6 11945.3 11943.9 11942.2 11940.7 11938.8 11936.3 11934.9 11934.5 11934.2 11933.9 11933.8 11934.6 11936.1 11937.5 11939 11940 11940.5 11940.1 11940 11939.7 11939.3 11939 11938.4 11938.1 11937.9 11938 11938.8 11941
11966.3 11964.6 11963 11961.8 11963.2 11968.9 11975.5 11981.3 11983.2 11975.2 11964.7 11958.8 11955.4 11953.7 11952.4 11951.3 11950.4 11949.8 11948.3 11947.4 11946.9 11947.3 11949.6 11951.5 11951.9 11950.8 11949.2 11947.8 11948.2 11949.1 11950.4 11952.1 11953.9 11955.1 11956.1 11955.2 11953.5 11951.6 11949.2 11947.1 11945.2 11943.5 11942 11940.3 11938.1 11936.8 11936.2 11935.6 11935.3 11935.6 11936.2 11937.4 11938.9 11940.4 11941.7 11941.9 11941.9 11941.8 11941.7 11941.4 11941.3 11940.9 11940.6 11939.8 11939.4 11939.3 11939
11966.7 11964.5 11962.9 11962.9 11964.5 11968.2 11972.8 11976.7 11977.8 11973.7 11966.3 11958.8 11954.7 11953 11951.9 11951.2 11950.7 11949.8 11948.5 11947.3 11946.6 11947 11949.1 11951.2 11951.8 11950.6 11948.7 11948.4 11948.8 11949.9 11951.8 11954.9 11959 11960.9 11962.6 11965.5 11962 11955.2 11951.1 11948.3 11946.3 11944.7 11943.4 11942.3 11940.8 11939.5 11938.5 11937.5 11936.5 11936.1 11937.4 11938.8 11940.3 11942 11943.5 11943.7 11943.6 11943.7 11943.9 11943.8 11943.9 11943.7 11943.3 11942.6 11941.9 11941.3 11941.5
11968.4 11966.6 11964.5 11962.6 11964 11967.1 11970.3 11972.6 11973.2 11973.7 11969.7 11961.4 11955.9 11953.6 11952.4 11951.4 11950.9 11950.3 11948.7 11947.6 11946.7 11946.9 11949.5 11952.4 11953.4 11951.9 11950.2 11949.5 11949.3 11950 11951.6 11954.6 11960.3 11961.8 11964 11966.7 11960.1 11954.8 11951 11948.5 11946.8 11945.5 11944.6 11943.7 11944.2 11942.3 11940.8 11939.7 11938.8 11938.4 11939.2 11940.4 11941.6 11943 11944.6 11944.8 11945 11945.6 11946.2 11946.6 11947 11946.9 11947.1 11946.6 11946 11945.1 11945.2
11971.2 11970.5 11967.4 11964.1 11964.3 11966.4 11968.5 11969.8 11970.2 11972.7 11970.8 11962.9 11957 11955 11953.7 11952.4 11950.6 11949.4 11949.1 11948.2 11947.3 11947.5 11950.7 11955.5 11958 11954.2 11951.2 11949.8 11949.1 11949.1 11949.6 11950.7 11951.8 11956.8 11959.9 11960.1 11955 11951.5 11949.2 11947.5 11946.5 11945.8 11945.4 11945.6 11945.9 11944 11942.7 11941.8 11941.3 11941.2 11941.5 11942.2 11942.9 11943.6 11944.1 11944.9 11946.2 11947.5 11948.7 11949.9 11950.7 11951.5 11951.8 11951.8 11951.6 11950.9 11950
11973.5 11974 11970 11966 11965.6 11966.4 11967.7 11968.6 11969.1 11971.4 11970.1 11964.2 11959.2 11957 11955.8 11954.5 11953.1 11951.7 11950.6 11949.5 11948.5 11948.5 11951.6 11957 11960.4 11955.4 11951.1 11949.6 11948.5 11947.7 11947.1 11946.7 11947.2 11951.9 11955.7 11954.9 11948.9 11947.5 11946.7 11946.2 11945.8 11945.6 11945.7 11945.5 11945 11944.6 11943.9 11943.5 11943.7 11943.7 11943.7 11944.2 11944.4 11944.4 11943.9 11945.2 11947.8 11950.1 11952 11953.5 11954.8 11956.1 11957.2 11958.1 11958.9 11959.4 11959.3
11973.6 11973.2 11970.8 11968.6 11967 11966.8 11967.6 11968.4 11969.5 11971.3 11969.5 11965.2 11961 11959.6 11958.5 11957.5 11956.2 11954.7 11953 11951.4 11950.2 11950 11952.1 11955.8 11958 11954.6 11951 11949.5 11947.9 11946.4 11945 11944 11944.5 11947.9 11951.8 11954.6 11946.3 11944.5 11944.6 11945 11945.1 11945.3 11945.6 11945.8 11945.1 11945 11944.7 11944.6 11945.1 11945.5 11945.8 11946.3 11946.5 11946.7 11946.2 11947.5 11950.9 11953.6 11955.7 11957.5 11959.3 11961 11962.8 11964.8 11967.2 11970 11973.1
11972.5 11970.8 11969.9 11968.7 11967.4 11967.1 11967.5 11968.2 11969.1 11970.2 11968.7 11966.4 11964.3 11962.8 11961.6 11960.6 11959.8 11957.7 11955.6 11953.5 11951.9 11951 11951.6 11953.8 11955.4 11954.3 11952.4 11949.8 11947.5 11945.2 11943.4 11942.1 11942.3 11944 11945.6 11945.3 11943 11942.6 11943.2 11943.9 11944.4 11944.8 11945.3 11945.7 11945.9 11945.4 11945.1 11945.3 11945.6 11946.7 11947.9 11948.6 11949.5 11950.6 11951.7 11953.6 11955.8 11957.9 11959.7 11961.6 11963.9 11966.3 11968.9 11971.8 11975.4 11980.1 11986.9
11972.5 11970.7 11968.6 11967.1 11966.7 11966.8 11967.1 11967.6 11967.7 11967.2 11967.5 11967.2 11967 11965.5 11964.5 11963.4 11962.2 11960.5 11958.3 11955.8 11953.5 11951.8 11951.1 11951.8 11952.2 11952.8 11952.2 11949.8 11947.1 11944.5 11942.1 11940.4 11940 11940.6 11941.1 11941.2 11941.1 11941.8 11942.7 11943.3 11943.8 11944.2 11944.5 11945.2 11945.7 11945.3 11945.7 11946.2 11947 11948.5 11950.2 11951.3 11952.6 11954.8 11957.8 11961 11960.9 11962.1 11963.7 11966 11968.4 11971.1 11974.3 11978 11982.2 11987.2 11992.6
