real_craters/C109-500m.grd
DSAA
140 140
-34.8075 34.8075
-34.8075 34.8075
8223.2094341063 10414.658420158
[rows 90 to 119 of 140, columns 67 to 133 of 140]
9918.77 9918.15 9908.8 9900.36 9900.28 9903.64 9878.69 9866.38 9879.11 9898.46 9899.67 9884.72 9848.37 9853.12 9869.39 9877.33 9877.57 9864.39 9862.24 9860.87 9847.34 9835.91 9827 9825.94 9837.33 9849.85 9859.45 9862.84 9862.9 9862.86 9861.68 9855.67 9849.19 9860.48 9877.55 9893.02 9904.81 9907.78 9898.74 9885.15 9877.23 9860.42 9843.17 9812.15 9783.65 9779.82 9782.73 9787.69 9793.75 9798.69 9800.58 9798.02 9788.35 9774.55 9766.81 9788.86 9822.4 9857.65 9890.24 9927.41 9953.75 9953.42 9949.26 9943.81 9937.97 9922.73 9915.06
9865.52 9873.27 9878.56 9868.2 9836.16 9824.1 9841.34 9844.46 9850.66 9857.34 9859.53 9857.19 9840.04 9828.65 9837.24 9844.22 9842.89 9846.34 9845.84 9842.64 9841.2 9840.8 9838.6 9838.32 9853.67 9873.59 9883.86 9878.34 9874.65 9873.73 9876.25 9870.73 9854.34 9863.04 9882.03 9901.66 9913.33 9914.59 9893.75 9875.57 9867.75 9856.01 9839.33 9803.76 9778.15 9777.71 9782.63 9790.34 9798.95 9805.64 9811.16 9811.89 9804.65 9786.24 9774.96 9791.18 9819.52 9846.44 9868.53 9899.38 9933.6 9935.6 9937.68 9939.26 9921.55 9909.25 9923.87
9825.98 9844.65 9856.44 9859.76 9843.23 9837.01 9862.52 9847.27 9838.26 9834.79 9829.67 9813.08 9798.72 9808.47 9820.43 9830.09 9835.52 9840.1 9834.43 9830.59 9837.42 9841.87 9844.6 9852.37 9865.49 9881.7 9891.47 9884.25 9881.84 9880.5 9875.98 9872.1 9863.48 9869.69 9891.41 9910.6 9925.37 9935.81 9934.31 9886.61 9864.49 9852.58 9838.62 9811.47 9776.91 9776.27 9785.61 9798.55 9808.97 9818.55 9825.86 9830.5 9829.6 9806.44 9785.41 9790.53 9804.65 9820.91 9833.85 9847.19 9874.38 9892.1 9918.46 9942.21 9935.95 9934.91 9947.77
9815.3 9834.83 9851.8 9866.31 9879.67 9884.63 9874.36 9839.83 9831.42 9826.97 9818.81 9804.05 9791.04 9801.95 9818.48 9834.39 9851.45 9850.97 9845.52 9836.5 9842.01 9851.41 9861.43 9872.2 9869.33 9871.03 9872.14 9879.34 9886.06 9890.06 9886.68 9886.88 9888.71 9890.26 9910.51 9925.14 9936.99 9947.15 9932.1 9868.3 9865.37 9850.52 9828.66 9798.9 9777.54 9781.93 9796.85 9811.57 9823.82 9833.94 9841.65 9847.25 9848.92 9818.33 9793.87 9790.94 9795.08 9800.61 9806.22 9809.33 9838.27 9870.97 9904.62 9930.25 9959.03 9983.67 9983.11
9824.6 9839.74 9852.79 9862.17 9855.7 9861.19 9857.89 9836.97 9829.7 9828.08 9822.57 9806.46 9795.02 9806.28 9823.2 9840.95 9854.02 9862.04 9865.11 9851.3 9853.24 9862.85 9868.85 9866.56 9862.24 9860.46 9861.68 9877 9892.58 9905.21 9916.37 9912.9 9909 9920.57 9937.63 9954.49 9965.35 9957.66 9944.32 9923.7 9884.61 9850.39 9824.68 9807.64 9798.9 9795.64 9814.73 9830.11 9842.3 9851.64 9857.89 9858.97 9856.05 9832.91 9810.93 9796.45 9785.68 9790.95 9798.46 9808.32 9827.41 9870.31 9910.23 9945.28 9980.48 10006 10013.5
9844.89 9849.12 9856.94 9859.74 9854.57 9873.83 9859.63 9836.25 9828.78 9828.3 9835.37 9828.21 9806.98 9814.17 9829.96 9847.77 9864.43 9872.15 9871.08 9861.71 9863.35 9877.12 9886.85 9866.08 9857.17 9859.61 9863.47 9883.07 9902.63 9920.13 9933.91 9936.46 9933.51 9955.87 9959.89 9969.77 9983.97 9955.73 9935.55 9932.08 9885.31 9845.86 9823.16 9809.67 9810.61 9830.96 9844.38 9854.57 9864.67 9871.87 9874.27 9870.73 9859.08 9864.62 9839.71 9812.61 9790.28 9796.07 9805.47 9822.4 9851.15 9885.03 9925.15 9966.21 10001 10027.9 10040.4
9850.78 9855.46 9863.66 9866.82 9845.32 9862.28 9854 9835.42 9824.87 9820.86 9820.13 9815.68 9811.13 9821.84 9836.4 9853.41 9870.29 9880.51 9880.76 9868.42 9871.4 9890.71 9907.07 9879.41 9862.63 9867.91 9881.71 9899 9916.16 9934.52 9951.06 9963.47 9975.99 9987.87 9964.13 9939.07 9909.22 9929.28 9954.52 9913.42 9849.55 9829.22 9816.98 9813.78 9826.16 9864.43 9869.23 9878.77 9887.3 9893.46 9895.01 9889.9 9880.21 9875.65 9857.64 9838.87 9825.53 9822.31 9823.62 9835.35 9864.75 9886.45 9930.61 9977.15 10016.7 10054.9 10064.2
9849.09 9857.37 9867.32 9874.41 9847.87 9855.35 9840.68 9825.6 9817.91 9812.89 9804.43 9811.1 9820.55 9828.79 9839.29 9853.51 9871.57 9882.94 9882.51 9883.3 9888.48 9897.61 9901.14 9882.87 9867.93 9876.58 9895.52 9912.12 9928.49 9946.78 9965.41 9982.34 9991.43 9973.57 9956.15 9922.57 9876.85 9904.96 9930.49 9880.75 9823.66 9817.28 9811.96 9815.35 9831.02 9842.98 9880.98 9898.22 9908.15 9914.53 9919.11 9916.99 9897.8 9871.82 9868.3 9862.91 9859.81 9855.16 9855.09 9850.11 9858.67 9885.55 9927.01 9973.98 10017.5 10057.5 10071
9859.98 9858.23 9862.61 9864.93 9848.35 9859.27 9822.51 9809.08 9811.45 9812.16 9811.83 9823.55 9829.2 9833.45 9839.4 9847.34 9855.05 9861.1 9874.16 9885.96 9895.33 9897.22 9895.74 9880.64 9869.5 9881.41 9903.02 9921.02 9937.44 9956.78 9976.41 9992.46 9994.57 9979.17 9965.19 9941.9 9924.63 9908.91 9891.71 9880.88 9835.82 9819.18 9809 9804.93 9833.59 9893.35 9910.5 9916.74 9923.72 9932.7 9941.53 9949.82 9937.03 9902.73 9884.66 9878.19 9876.76 9878.7 9890.19 9877.34 9872.89 9900.35 9934.29 9969.29 10006.3 10038 10055.5
9860.22 9849.22 9850.1 9847.81 9838.55 9847.49 9819.62 9808.25 9812.16 9818.63 9825.52 9831.48 9834.82 9836.32 9838.39 9839.96 9841.22 9846.9 9867.56 9892.26 9894.3 9892.13 9887.74 9879.88 9875.36 9888.14 9900.15 9915.44 9946.22 9965.91 9983.44 10000.3 10008.4 10011.3 9985.63 9957.68 9946.17 9906.25 9859.41 9887.18 9860.37 9829.11 9813.42 9810.98 9843.22 9897.79 9919.7 9925.43 9931.43 9941.2 9954.46 9966.72 9951.52 9915.98 9896.98 9884.24 9880.98 9884.85 9892.6 9882.59 9887.23 9909.6 9930.6 9962.55 9993.87 10015.6 10034.3
9848.63 9833.13 9834.97 9827.51 9819.31 9827.69 9811.14 9809.68 9815.96 9826.24 9839.11 9840.56 9838.88 9838.35 9839 9837.44 9835.07 9837.19 9861.64 9882.77 9891.76 9878.02 9880.17 9883.95 9883.92 9903.52 9926.44 9949.3 9961.06 9978.86 9991.76 9999.59 10003.6 9997.21 9978.41 9952.75 9921.3 9901.33 9886.68 9860.23 9854.7 9836.46 9825.19 9827.77 9864.03 9913.63 9918.36 9923.58 9928.77 9938.32 9952.18 9965.81 9955.76 9928.8 9907.61 9885.13 9878.5 9881.62 9884.79 9891.95 9903.15 9922.88 9938.12 9959.42 9987.52 10015.4 10042.6
9836.5 9824.79 9825.41 9817.02 9815.18 9823.66 9815.19 9814.18 9819.33 9827.02 9835.99 9838.21 9840.27 9840.63 9840.35 9838.65 9835.16 9832.18 9861.01 9889.48 9843.9 9853.07 9859.72 9865.58 9895.03 9924.48 9950.68 9966.09 9965.83 9960.98 9978.23 10002.3 9993.26 9976.15 9958.05 9942.89 9931.89 9929.35 9926.73 9882.93 9849 9844 9835.71 9834.03 9863.79 9930.76 9918.74 9909.77 9912.63 9921.52 9935.4 9950.05 9958.84 9945.5 9921.42 9898.04 9887.12 9882.13 9878.3 9892.99 9911.28 9933.16 9946.55 9960.98 9982.05 10010.2 10041.6
9815.96 9804.6 9818.9 9810.4 9825.93 9833.06 9819.01 9820.61 9823.14 9825.4 9830.17 9839.65 9841.91 9844.25 9846.25 9847.43 9848.24 9855.42 9872.84 9884.36 9853.38 9849.16 9861.56 9885.56 9917.54 9943.39 9964.42 9991.62 9959.94 9941.21 9952.82 9969.22 9964.93 9940.82 9922.7 9930.66 9940.82 9950.7 9938.78 9917.36 9884.04 9866.26 9846.95 9836 9850.38 9911.83 9881.62 9878.72 9884.6 9894.85 9908.14 9925.58 9943.94 9943.8 9931.99 9917.44 9902.51 9889.58 9886.73 9892.07 9907.05 9934.49 9957.58 9955.63 9967.18 9984.2 10000.9
9797.49 9796.79 9816.81 9812.22 9834.55 9842.32 9833.79 9830.04 9828.53 9829.27 9834.95 9841.15 9842.49 9847.15 9853.02 9859.96 9865.93 9872.49 9886.93 9902.65 9880.03 9859.7 9871.9 9898.51 9933.23 9947.26 9949.8 9943.69 9933.27 9923.65 9937.99 9945.4 9944.23 9928.28 9917.11 9919.25 9927.17 9932.29 9925.42 9930.43 9935.16 9886.48 9851.92 9833.61 9831.93 9843.82 9834.29 9844.51 9856 9865.55 9874.83 9891.7 9921.98 9929.81 9932.87 9938.27 9913.83 9892.78 9870.18 9862.37 9889.51 9916.32 9926.39 9935.59 9947.28 9957.08 9964.69
9790.74 9789.55 9814 9812.52 9841.9 9848.34 9842.45 9838.37 9834.07 9829.71 9827.32 9832.45 9840.29 9850.71 9861.77 9873.39 9884.89 9894 9902.11 9903.51 9876.97 9862.93 9875.8 9893.35 9914.82 9926.48 9927.41 9920.99 9918.46 9916.78 9935.49 9947.75 9937.75 9923.91 9912.47 9906.75 9901.2 9890.01 9894.93 9893.41 9885.94 9865.06 9841.55 9824.81 9816.21 9813.47 9808.96 9822.79 9837.05 9845.12 9846.87 9854.77 9887.31 9904.68 9910.02 9914.75 9904.54 9902.76 9890.01 9863.68 9875.18 9892.12 9910.05 9920.42 9930.39 9939.9 9946.9
9793.34 9798.82 9815.87 9807.08 9855.03 9857.63 9851.73 9846.86 9840.94 9831.51 9818.21 9825.03 9839.71 9854.44 9869.4 9885.33 9902.65 9921.14 9925.92 9893.53 9865.57 9872.11 9881.92 9889 9895.53 9903.22 9910.75 9916.72 9923.74 9930.68 9942.2 9942.96 9933.47 9917.71 9901.06 9896.26 9887.3 9868.84 9868.25 9855.22 9839.81 9833.93 9824.17 9814.74 9809.04 9807.94 9806.76 9818.82 9834.57 9843.75 9842.29 9845.29 9879.98 9886.14 9876.69 9869.44 9876.91 9884.06 9900.05 9892.37 9863.8 9851.6 9871.99 9899.13 9916.47 9929.53 9947.03
9799.33 9802.72 9823.53 9822.58 9858.31 9862.62 9859.18 9855.83 9850.95 9843.68 9823.94 9829.64 9843.72 9859.52 9875.4 9892.33 9911.58 9930.87 9932.52 9901.96 9883.47 9901.25 9895.71 9883.91 9879.18 9885.26 9898.99 9913.68 9937.85 9952.85 9950.41 9947.22 9929.13 9915.57 9902.51 9898.73 9892.77 9878.58 9852.04 9832.74 9821.35 9811.73 9808.96 9807.1 9803.76 9806.42 9815.05 9830.91 9849.2 9863.57 9872.83 9878.9 9889.37 9889.53 9871.77 9856.7 9862.46 9847.07 9851.68 9860.51 9847.95 9834.74 9855.32 9885.85 9910.46 9917.75 9921.3
9809 9816.23 9836.67 9829.78 9863.82 9865.35 9865.08 9864.45 9862.52 9854.78 9839.94 9843.22 9853.3 9865.23 9878.78 9893.71 9911.01 9926.81 9933.2 9908.9 9900.76 9923.76 9908.95 9899.68 9892.18 9882.32 9894.83 9905.77 9919.86 9930.76 9921.91 9918.6 9917.14 9914.32 9913.48 9906.57 9896.43 9886.12 9835.24 9813.08 9792.25 9790.44 9799.95 9807.7 9811.4 9821.69 9841.54 9855.83 9870.52 9890.22 9916.73 9926.25 9918.69 9913.83 9907.03 9896.48 9884.12 9867.05 9843.89 9843.4 9844.26 9848.39 9880.49 9927.66 9915.01 9906.89 9901.68
9816.5 9818.88 9833.91 9843.68 9872.34 9872.28 9872.57 9873.58 9874.77 9875.78 9861.88 9857.88 9862.63 9870.98 9880.72 9891.21 9901.11 9909.49 9914.29 9897.36 9890.1 9900.33 9907.13 9912.87 9915.86 9904.96 9898.45 9897.95 9893.31 9894.16 9894.33 9895.56 9900.09 9904.05 9911.67 9902.38 9882.13 9861.14 9834.22 9810.02 9788.53 9787.72 9805.26 9821.44 9835.76 9848.75 9860.32 9875.89 9883.58 9905.34 9927.94 9941.53 9941.67 9941.19 9939.24 9930.32 9919.46 9903.03 9874.76 9864.23 9859.74 9852.89 9882.97 9903.89 9901.4 9896.02 9892.72
9825.71 9828.61 9840.98 9867.08 9892.65 9883.97 9881.16 9879.57 9877.42 9874.87 9870.82 9869.47 9871.43 9875.21 9879.98 9884.43 9886.9 9884.83 9873.4 9872.64 9878.59 9892.19 9896.31 9894.19 9889.89 9904.92 9900.05 9893.43 9892.17 9881.94 9876.32 9878.7 9883.58 9886.65 9882.82 9873.31 9862.75 9844.6 9841.24 9826.73 9805.55 9808.85 9823.28 9842.95 9863.51 9875.23 9867.21 9861.37 9880.35 9909.03 9946.53 9956.64 9949.74 9949.77 9979.4 9950.15 9939.12 9958.96 9924.54 9906.83 9894.14 9881.93 9882.35 9875.68 9882.4 9886.45 9887.46
9839.63 9845.49 9842.75 9894.86 9913.28 9896.72 9889.52 9884.95 9879.23 9874.7 9879.2 9879.25 9878.13 9878.17 9878.68 9878.69 9875.77 9869.16 9858.21 9859.75 9867.74 9881.67 9884.41 9875.77 9875.12 9889.02 9888.15 9878.66 9869.77 9867.49 9861.71 9866.87 9873.18 9875.2 9870.5 9867.3 9871.6 9869.68 9877.32 9863.05 9839.39 9832.25 9847.09 9863.84 9882.15 9896.31 9868.57 9850.27 9870.65 9895.26 9924.8 9936.65 9929.77 9911.5 9894.53 9891.66 9893.04 9926.72 9961.75 9944.93 9931.17 9923.13 9895.82 9882.56 9881.31 9885.59 9888.28
9852.56 9872.42 9869.07 9918.99 9922.08 9905.25 9891.44 9889 9892.02 9896.16 9893.73 9888.59 9884.46 9881.54 9879.4 9876.69 9873.13 9867.94 9863.25 9864.92 9873.54 9881.79 9875.12 9861.33 9848.06 9864.99 9872.2 9861.77 9848.52 9855.01 9857.58 9862.69 9867.84 9871.42 9876.69 9888.9 9901.13 9922.12 9936.17 9906.28 9881.31 9874.56 9876.83 9880.72 9885.53 9882.49 9874.56 9859.97 9870.36 9877.74 9876.61 9902.1 9902.68 9875.8 9815.14 9827.02 9812.43 9843 9958.4 9958.16 9939.09 9921.42 9904.58 9889.46 9888.23 9897.02 9900.79
9865.84 9894.37 9889.28 9910.13 9896.95 9881.53 9882.77 9885.23 9896.92 9909.54 9903.14 9893.42 9888.16 9884.35 9880.8 9877.4 9873.15 9870.75 9874.36 9875.95 9868.01 9867.52 9864.36 9854.65 9847.33 9863.67 9868.65 9855.01 9847.2 9855.92 9860.34 9862.82 9866.53 9869.91 9874.99 9881 9898.07 9921.18 9935.7 9925.77 9918.44 9915.16 9903.38 9895.9 9890.98 9878.89 9874.64 9879.22 9890.28 9895.97 9885.13 9901.13 9901.21 9894.8 9884.09 9834.1 9798.04 9840.6 9954.72 9953.5 9933.21 9920.21 9915.14 9910.21 9914.78 9928.48 9935.88
9877.52 9908.96 9902.22 9910.93 9887.78 9873.93 9874.04 9874.06 9872.21 9878.34 9890.02 9892.03 9890.53 9887.64 9884.18 9879.81 9875.32 9870.78 9866.36 9859.36 9855.93 9853.68 9854.32 9852.63 9855.74 9852.42 9846.92 9853.62 9864.42 9866.2 9862.2 9864.05 9866.4 9868.06 9870.41 9872.55 9882.23 9897.93 9912.97 9919.61 9923.39 9922.79 9914.7 9907.55 9904.45 9900.74 9901.06 9909.34 9925.09 9942.68 9947.42 9920.93 9905.93 9900.71 9892.21 9866.65 9854.51 9888.67 9943.91 9943.05 9924.86 9925.92 9940.39 9951.32 9962.68 9980.29 9992.93
9877.2 9907.4 9898.4 9901.82 9890 9877.94 9873.26 9869.41 9866.33 9878.75 9888.69 9893.83 9894.88 9893.17 9889.57 9884.19 9878.36 9870.87 9860.86 9851.88 9851.05 9851 9850.8 9848.62 9844.23 9836.28 9832.67 9846.58 9865.95 9874.15 9866.61 9864.97 9865.14 9866.44 9868.31 9871.27 9869.02 9877.83 9890.05 9904.64 9916.66 9917.81 9912.18 9914.11 9918.23 9929.41 9947.43 9957.83 9956.93 9962.15 9952.02 9917.37 9901.63 9889.37 9883.11 9886.57 9905.58 9923.33 9938.61 9942.67 9935.03 9951.01 9982.08 10006.2 10022.3 10048.8 10060.8
9853.56 9888.53 9869.68 9898.58 9891.45 9886.39 9882.33 9876.83 9872.33 9885.23 9894.9 9900.1 9901.46 9900.11 9895.87 9890.53 9884.5 9876.32 9866.12 9855.03 9855.29 9854.01 9852.8 9845.63 9839.35 9836.47 9839.84 9841.4 9851.85 9864.32 9866.07 9864.39 9864.02 9864.08 9865.44 9866.68 9856.5 9862.1 9875.77 9893.36 9912.27 9925.8 9916.6 9918.53 9924.19 9937.27 9955.52 9962.96 9956.13 9959.81 9946.48 9918.63 9896.76 9881.35 9879.31 9891.47 9915.11 9947.53 9958.04 9957.99 9961.28 9989.57 10032.3 10079.4 10122.2 10132 10121.8
9860.54 9875.86 9884.9 9902.91 9900.67 9901.38 9899.81 9895.42 9890.58 9893.39 9906.75 9912.71 9913.16 9910.86 9906.28 9900.32 9893.26 9885.82 9877.71 9871.99 9864.44 9859.95 9851.02 9842.82 9834.62 9832.58 9843.23 9840.24 9845.79 9854.1 9859.45 9861.84 9862.9 9862.83 9862.94 9861.83 9854.22 9853.57 9862.64 9878.81 9903.14 9925.75 9924.75 9918.28 9919.64 9921.97 9924.17 9931.72 9934.42 9942.9 9935.34 9913.73 9892.34 9876.45 9878.2 9891.27 9908.32 9958.47 9972.3 9977.72 9986.12 10025.6 10075.5 10137.3 10207.5 10193.6 10159.7
9905.18 9898.27 9890.63 9906.16 9922.34 9924.61 9923.94 9923.6 9924.52 9926.31 9931.22 9932.09 9929.71 9925.79 9920.22 9913.57 9905.58 9897.17 9888.68 9880.71 9870.93 9859.07 9850.16 9843.44 9834.01 9830.15 9839.97 9833.77 9842.28 9855.38 9856.56 9859.39 9860.87 9861.87 9860.71 9855.63 9848.46 9847.95 9847.84 9858.49 9888.28 9912.2 9908.84 9910.11 9912.56 9914.14 9917.18 9926.7 9929.32 9927.81 9913.08 9900.91 9890.07 9879.56 9884.13 9898.33 9914.68 9936.52 9971.7 10000.9 10022 10056.6 10098.4 10149.3 10198.5 10199.3 10175.8
9997.99 9964.24 9936.34 9920.38 9945.79 9949.86 9949.72 9951.76 9962.08 9966.77 9958.38 9951.53 9946.93 9939.8 9931.91 9923.89 9914.93 9906.76 9899.11 9893.27 9877.2 9856.6 9853.9 9848.58 9839.16 9832.77 9837.18 9837.29 9844.69 9845.23 9853.42 9858.57 9861.96 9863.39 9862.96 9860.03 9857.62 9849.64 9845.09 9849.4 9877.84 9898.72 9901.32 9902.23 9907.3 9914.79 9925.22 9928.46 9931.09 9932.78 9916.48 9904.06 9896.68 9893.55 9897.25 9910.82 9933.73 9955.36 9977.79 10018.3 10060.6 10071.6 10099.8 10134.2 10161 10172.7 10179.4
10052.3 10013.4 10008.8 9975.17 9979.48 9983.48 9978.43 9975.31 9984.89 9991.43 9981.34 9971.24 9960.19 9950.38 9939.73 9930.42 9921.05 9912.22 9902.98 9892.04 9874.56 9856 9850.32 9852.7 9848.32 9843.15 9847.08 9850.99 9856.73 9862.11 9856.5 9859.65 9862.96 9865.41 9865.21 9864.3 9861.63 9853.05 9851.45 9859.98 9874.23 9890.59 9892.69 9892.79 9902.11 9913.52 9925.48 9926.08 9932.3 9932.99 9920.72 9912.45 9907.43 9907.26 9909.83 9918.93 9930.72 9947.7 9967.17 9990.2 10022.6 10056.6 10087.8 10114.8 10131.2 10146.7 10178.3
