real_craters/C109-750m.grd
DSAA
94 94
-34.8075 34.8075
-34.8075 34.8075
8223.2550249255 10418.380961882
[rows 36 to 71 of 94, columns 0 to 79 of 94]
9825 9937 1e+004 9868 9725 9577 9500 9488 9489 9570 9761 9835 9791 9750 9736 9733 9730 9726 9727 9726 9725 9730 9736 9742 9747 9752 9763 9770 9776 9781 9767 9744 9726 9726 9756 9790 9797 9799 9776 9744 9621 9418 9406 9410 9392 9386 9406 9455 9508 9560 9625 9656 9805 9985 1.008e+004 1.014e+004 1.024e+004 1.005e+004 9911 9805 9765 9768 9786 9797 9785 9774 9749 9728 9727 9731 9723 9716 9718 9720 9724 9732 9741 9742 9739 9734
9566 9679 9784 9794 9768 9664 9548 9509 9484 9587 9755 9818 9788 9759 9777 9772 9761 9749 9737 9724 9737 9744 9750 9756 9761 9776 9778 9778 9780 9778 9768 9752 9735 9727 9789 9840 9818 9759 9673 9547 9409 9362 9325 9300 9215 9219 9254 9284 9309 9331 9327 9296 9514 9811 1.002e+004 1.008e+004 1.017e+004 1.018e+004 9997 9823 9776 9779 9797 9807 9799 9776 9751 9729 9710 9719 9735 9725 9718 9726 9731 9736 9739 9741 9740 9738
9285 9331 9486 9664 9817 9844 9699 9658 9641 9770 9804 9800 9802 9810 9824 9810 9792 9774 9757 9749 9746 9759 9767 9774 9781 9787 9795 9788 9780 9777 9778 9777 9770 9763 9870 9929 9830 9712 9576 9432 9313 9248 9166 9125 9067 9076 9101 9116 9127 9138 9150 9251 9416 9679 1.002e+004 1.009e+004 1.012e+004 1.022e+004 1.007e+004 9849 9793 9796 9818 9840 9822 9781 9747 9725 9712 9732 9744 9743 9732 9741 9745 9745 9743 9743 9741 9739
9028 9063 9266 9500 9763 9923 9874 9862 9906 9925 9858 9814 9826 9840 9855 9836 9813 9792 9775 9764 9761 9774 9783 9793 9802 9809 9811 9802 9791 9776 9803 9820 9832 9853 9922 9926 9828 9678 9505 9330 9180 9064 8968 8937 8946 8978 8996 9004 8994 8953 8931 9011 9166 9440 9759 1.001e+004 1.01e+004 1.022e+004 1.01e+004 9885 9807 9808 9835 9860 9846 9795 9750 9724 9733 9764 9764 9765 9763 9757 9760 9753 9749 9746 9743 9741
8909 8961 9099 9293 9527 9836 9956 9985 9958 9894 9872 9858 9858 9858 9876 9854 9830 9807 9787 9772 9772 9788 9801 9813 9824 9835 9828 9837 9848 9855 9846 9858 9895 9961 1e+004 9966 9834 9660 9455 9246 9047 8969 8888 8895 8936 8927 8922 8906 8887 8852 8809 8794 8943 9179 9472 9820 1.006e+004 1.014e+004 1.009e+004 9900 9816 9818 9845 9877 9870 9815 9767 9745 9761 9790 9798 9790 9781 9766 9759 9757 9754 9751 9751 9747
8803 8806 8917 9074 9253 9529 9763 9902 9931 9903 9893 9901 9899 9893 9886 9863 9842 9820 9799 9773 9781 9805 9819 9832 9845 9858 9857 9875 9882 9892 9890 9895 9917 9970 1.001e+004 9988 9854 9648 9418 9188 8981 8891 8870 8875 8886 8886 8871 8854 8829 8794 8770 8760 8875 9026 9235 9517 9817 1.01e+004 1.014e+004 9929 9821 9832 9857 9882 9879 9826 9781 9765 9771 9781 9805 9809 9784 9775 9763 9758 9755 9755 9757 9759
8717 8785 8805 8881 8982 9195 9448 9716 9955 9938 9928 9900 9900 9884 9871 9857 9847 9834 9819 9808 9809 9825 9837 9849 9862 9877 9884 9914 9932 9938 9931 9924 9938 1.004e+004 1.024e+004 1.01e+004 9873 9630 9379 9139 8926 8833 8816 8834 8856 8850 8829 8803 8767 8740 8713 8747 8813 8975 9141 9294 9581 9952 1.016e+004 9970 9845 9848 9866 9880 9883 9828 9784 9780 9784 9773 9813 9841 9811 9789 9771 9760 9758 9759 9762 9766
8615 8646 8706 8735 8780 8910 9156 9430 9739 9882 9937 9887 9849 9861 9845 9852 9849 9844 9839 9830 9834 9844 9856 9863 9872 9885 9894 9931 1.002e+004 1e+004 9966 9957 9960 1.007e+004 1.028e+004 1.011e+004 9850 9587 9338 9101 8898 8803 8785 8805 8825 8826 8811 8783 8745 8710 8679 8712 8782 8963 9133 9286 9467 9763 1.011e+004 1.001e+004 9891 9882 9887 9879 9858 9828 9802 9790 9798 9797 9821 9838 9830 9780 9758 9754 9754 9756 9762 9768
8512 8557 8600 8623 8666 8736 8938 9171 9422 9654 9808 9865 9899 9885 9883 9863 9856 9858 9861 9857 9862 9874 9873 9873 9876 9882 9873 9886 9900 9954 9986 1e+004 1e+004 1.006e+004 1.012e+004 9984 9757 9509 9270 9054 8873 8794 8803 8806 8818 8822 8806 8780 8741 8693 8690 8716 8765 8936 9119 9278 9431 9668 1.005e+004 1.004e+004 9948 9929 9916 9889 9857 9832 9812 9813 9815 9815 9826 9829 9806 9765 9753 9750 9749 9748 9752 9758
8440 8455 8483 8509 8543 8654 8788 8934 9144 9353 9549 9801 9936 9908 9866 9855 9862 9869 9882 9904 9927 9895 9885 9880 9878 9856 9846 9841 9839 9919 1e+004 1.006e+004 1.009e+004 1.006e+004 1e+004 9834 9640 9422 9200 8992 8822 8749 8792 8849 8847 8834 8814 8785 8757 8714 8621 8727 8775 8899 9076 9198 9395 9595 9970 1.006e+004 9988 9990 9951 9906 9865 9839 9836 9843 9825 9828 9829 9821 9792 9783 9760 9752 9748 9744 9745 9750
8371 8375 8384 8406 8443 8604 8673 8766 8930 9111 9305 9641 9925 9905 9850 9856 9880 9890 9894 9902 9895 9893 9883 9877 9873 9842 9833 9822 9826 9929 1.003e+004 1.012e+004 1.015e+004 9952 9782 9679 9529 9345 9141 8946 8768 8674 8750 8859 8871 8851 8828 8806 8788 8783 8752 8754 8779 8878 9078 9271 9363 9564 9961 1.014e+004 1.015e+004 1.006e+004 9975 9912 9861 9838 9838 9837 9835 9834 9829 9826 9799 9767 9760 9752 9748 9740 9737 9733
8322 8306 8297 8293 8316 8470 8554 8703 8825 8954 9115 9390 9780 9857 9875 9895 9913 9915 9902 9890 9874 9871 9873 9872 9870 9843 9835 9835 9864 9954 1.005e+004 1.013e+004 1.011e+004 9858 9682 9599 9467 9298 9101 8909 8740 8635 8707 8865 8877 8859 8833 8813 8795 8782 8738 8737 8782 8870 9043 9196 9297 9522 9942 1.019e+004 1.017e+004 1.004e+004 9960 9903 9860 9836 9832 9834 9828 9820 9819 9809 9782 9764 9760 9754 9749 9742 9732 9723
8298 8279 8262 8251 8269 8341 8421 8533 8700 8846 9008 9205 9561 9758 9862 9921 9943 9938 9916 9885 9855 9857 9862 9867 9869 9850 9847 9850 9887 9972 1.006e+004 1.013e+004 1.01e+004 9855 9717 9621 9480 9301 9109 8918 8747 8641 8703 8816 8854 8848 8830 8813 8789 8760 8733 8755 8797 8880 9002 9155 9333 9555 9979 1.02e+004 1e+004 9932 9910 9882 9853 9835 9831 9833 9827 9809 9813 9815 9797 9764 9764 9760 9753 9743 9731 9718
8278 8264 8250 8246 8244 8292 8367 8441 8613 8777 8904 9063 9402 9658 9826 9926 9973 9967 9933 9890 9844 9841 9856 9864 9870 9854 9861 9881 9917 9995 1.008e+004 1.016e+004 1.018e+004 1.008e+004 9916 9730 9543 9338 9143 8958 8797 8670 8702 8802 8810 8809 8800 8786 8770 8754 8755 8765 8808 8894 9012 9171 9357 9600 9965 1.017e+004 1e+004 9889 9869 9857 9846 9838 9830 9831 9834 9825 9814 9808 9799 9791 9781 9768 9756 9743 9730 9716
8286 8275 8262 8244 8241 8285 8358 8453 8608 8774 8924 9046 9309 9588 9825 9992 1.001e+004 9992 9952 9902 9844 9842 9856 9867 9876 9854 9875 9918 9959 1.001e+004 1.008e+004 1.014e+004 1.025e+004 1.042e+004 1.013e+004 9869 9635 9426 9224 9030 8857 8720 8701 8733 8757 8760 8764 8760 8753 8741 8762 8726 8808 8907 8984 9142 9327 9657 1e+004 1.013e+004 9989 9881 9856 9841 9831 9825 9823 9837 9844 9820 9817 9814 9808 9810 9790 9766 9751 9738 9726 9718
8320 8287 8275 8249 8253 8291 8367 8503 8643 8802 8974 9082 9303 9579 9802 9963 1.002e+004 1e+004 9966 9917 9856 9847 9862 9873 9882 9870 9873 9885 9940 1.001e+004 1.007e+004 1.012e+004 1.018e+004 1.025e+004 1.014e+004 9924 9707 9495 9296 9105 8934 8861 8810 8762 8733 8752 8761 8754 8748 8758 8787 8767 8868 8978 9050 9195 9367 9733 1.006e+004 1.012e+004 1.002e+004 9920 9857 9832 9819 9815 9816 9827 9835 9836 9830 9840 9835 9809 9786 9768 9757 9745 9735 9729
8281 8271 8257 8254 8256 8296 8367 8512 8672 8811 8936 9050 9346 9621 9799 9937 1.002e+004 1.003e+004 9990 9939 9883 9862 9875 9884 9894 9880 9882 9889 9940 1.001e+004 1.007e+004 1.013e+004 1.017e+004 1.015e+004 1.008e+004 9934 9751 9562 9365 9169 8980 8784 8740 8710 8740 8778 8784 8777 8758 8758 8850 8843 8988 9145 9244 9249 9435 9840 1.021e+004 1.013e+004 9983 9885 9848 9826 9816 9816 9820 9820 9825 9832 9845 9865 9894 9804 9777 9766 9759 9750 9739 9733
8268 8253 8247 8248 8245 8312 8426 8577 8706 8827 8930 9075 9366 9629 9814 9999 1.007e+004 1.006e+004 1.002e+004 9965 9911 9886 9889 9899 9896 9902 9911 9923 9969 1.003e+004 1.008e+004 1.013e+004 1.016e+004 1.014e+004 1.006e+004 9949 9800 9626 9443 9256 9085 8950 8826 8829 8839 8858 8855 8835 8806 8804 8921 8950 9129 9297 9296 9362 9574 9922 1.018e+004 9984 9911 9871 9836 9820 9813 9813 9826 9826 9820 9818 9835 9862 9862 9809 9780 9771 9761 9752 9742 9736
8275 8249 8236 8228 8250 8322 8455 8626 8733 8861 8991 9188 9393 9602 9807 9992 1.008e+004 1.009e+004 1.005e+004 9992 9927 9874 9895 9913 9929 9934 9955 9993 1e+004 1.004e+004 1.008e+004 1.015e+004 1.012e+004 1.008e+004 1.003e+004 9948 9849 9725 9575 9395 9199 9031 8933 8978 8987 8978 8966 8949 8909 8889 9026 9109 9262 9423 9397 9479 9783 1.001e+004 1.003e+004 9950 9889 9834 9820 9815 9814 9814 9822 9830 9819 9816 9833 9853 9864 9848 9806 9784 9768 9757 9747 9737
8295 8256 8229 8225 8248 8310 8419 8581 8733 8901 9093 9289 9426 9588 9806 1.001e+004 1.012e+004 1.013e+004 1.008e+004 1.002e+004 9940 9888 9892 9928 9942 9958 9977 9994 1.001e+004 1.003e+004 1.005e+004 1.005e+004 1.005e+004 1.003e+004 9993 9939 9862 9779 9678 9556 9378 9196 9087 9119 9106 9106 9112 9104 9105 9120 9213 9274 9363 9446 9468 9657 1.007e+004 1.006e+004 9941 9914 9889 9839 9825 9820 9819 9822 9823 9829 9824 9831 9840 9840 9833 9810 9810 9790 9776 9765 9756 9745
8318 8263 8234 8236 8248 8270 8334 8507 8711 8911 9106 9295 9439 9609 9830 1.005e+004 1.018e+004 1.017e+004 1.011e+004 1.005e+004 9969 9901 9913 9948 9962 9978 9992 1e+004 1.001e+004 1.001e+004 1.001e+004 1.002e+004 1.001e+004 1e+004 9976 9939 9884 9841 9797 9750 9664 9510 9374 9281 9214 9281 9293 9268 9264 9281 9275 9367 9490 9561 9682 9822 9933 9922 9902 9883 9875 9855 9835 9827 9827 9834 9842 9835 9833 9842 9854 9838 9808 9793 9793 9791 9784 9775 9767 9760
8304 8256 8236 8265 8253 8246 8263 8462 8690 8911 9101 9253 9431 9634 9862 1.008e+004 1.02e+004 1.018e+004 1.013e+004 1.007e+004 1e+004 9962 9950 9969 9981 9993 1e+004 1.001e+004 1.001e+004 1e+004 9992 9983 9998 9989 9968 9941 9910 9894 9895 9929 9995 9899 9734 9624 9547 9546 9511 9449 9347 9354 9382 9539 9732 9878 9968 1.004e+004 9901 9875 9876 9879 9861 9842 9832 9830 9831 9838 9846 9846 9848 9855 9866 9864 9829 9785 9787 9787 9785 9780 9776 9774
8246 8237 8223 8260 8255 8253 8295 8467 8690 8916 9122 9227 9413 9675 9892 1.006e+004 1.016e+004 1.016e+004 1.012e+004 1.006e+004 1.002e+004 9985 9974 9980 9989 1e+004 1.002e+004 1.002e+004 1.001e+004 9998 9991 9986 9983 9972 9956 9942 9930 9934 9951 1.001e+004 1.013e+004 1.016e+004 1.012e+004 1.003e+004 9974 9867 9754 9670 9564 9681 9698 9799 9992 1.015e+004 1.004e+004 9884 9877 9854 9851 9841 9834 9828 9827 9830 9835 9839 9851 9867 9881 9880 9880 9881 9852 9790 9779 9782 9781 9782 9782 9782
8225 8230 8230 8243 8243 8244 8310 8504 8719 8921 9114 9218 9405 9683 9900 1.004e+004 1.012e+004 1.011e+004 1.008e+004 1.003e+004 9997 9974 9965 9972 9986 1e+004 1.002e+004 1.001e+004 1.001e+004 9992 9979 9974 9971 9959 9949 9938 9929 9933 9943 9967 1.001e+004 1.016e+004 1.02e+004 1.017e+004 1.02e+004 1.002e+004 9903 9891 9927 9999 1.004e+004 9955 1e+004 1.005e+004 9981 9911 9883 9860 9847 9827 9817 9819 9825 9838 9843 9842 9845 9868 9884 9894 9890 9890 9865 9819 9786 9784 9784 9787 9788 9786
8227 8232 8236 8233 8250 8256 8382 8587 8783 8948 9121 9293 9510 9795 9974 1.001e+004 1.002e+004 1.004e+004 1.003e+004 1e+004 9972 9934 9924 9953 9978 9999 1.002e+004 1.001e+004 1e+004 9991 9973 9964 9959 9947 9935 9922 9919 9912 9906 9896 9884 9958 1.001e+004 1e+004 9972 9939 9919 9910 9909 9897 9889 9916 9906 9849 9881 9887 9873 9869 9853 9832 9819 9834 9848 9858 9859 9856 9849 9862 9887 9904 9907 9892 9869 9837 9796 9781 9786 9793 9798 9795
8228 8231 8238 8258 8330 8427 8559 8717 8869 9036 9228 9480 9721 9880 9936 9958 9978 9990 9987 9976 9956 9932 9927 9949 9971 9990 1e+004 1e+004 1e+004 9992 9980 9958 9942 9930 9920 9911 9906 9893 9878 9859 9834 9825 9863 9873 9865 9861 9872 9857 9811 9845 9846 9853 9851 9829 9831 9840 9843 9842 9840 9841 9836 9859 9888 9879 9875 9878 9860 9866 9896 9916 9909 9873 9860 9836 9780 9778 9788 9801 9812 9815
8231 8240 8271 8351 8473 8602 8708 8857 9025 9178 9395 9701 9998 9963 9874 9909 9932 9950 9957 9954 9948 9942 9938 9954 9966 9973 9989 9990 9994 9992 9978 9947 9922 9914 9906 9898 9881 9869 9857 9847 9834 9813 9814 9806 9809 9821 9849 9870 9869 9868 9836 9827 9810 9793 9813 9835 9848 9838 9837 9849 9864 9870 9880 9882 9886 9880 9882 9885 9914 9935 9944 9863 9857 9831 9783 9781 9801 9820 9833 9842
8261 8270 8401 8478 8584 8711 8827 8985 9156 9323 9555 9836 1.007e+004 1.002e+004 9906 9883 9908 9928 9938 9949 9956 9965 9974 9976 9966 9952 9946 9972 9989 9996 9985 9949 9916 9899 9890 9885 9879 9872 9857 9840 9822 9812 9813 9817 9821 9831 9850 9864 9858 9853 9830 9828 9814 9799 9819 9845 9862 9864 9854 9867 9868 9861 9860 9880 9903 9920 9914 9929 9953 9971 9949 9929 9863 9823 9804 9802 9828 9847 9859 9861
8353 8378 8503 8599 8664 8730 8923 9124 9312 9464 9685 9896 1.004e+004 9992 9868 9845 9869 9895 9921 9942 9964 9988 1.002e+004 1e+004 9976 9953 9949 9970 9989 1e+004 9996 9937 9898 9879 9870 9868 9865 9863 9858 9846 9833 9829 9830 9834 9843 9850 9860 9861 9860 9851 9828 9824 9832 9810 9829 9855 9874 9876 9862 9890 9886 9860 9870 9896 9923 9947 9959 9977 9956 9936 9944 9912 9844 9818 9814 9863 9867 9880 9888 9882
8514 8563 8693 8729 8754 8845 9055 9294 9521 9715 9853 9934 9973 9914 9806 9807 9844 9873 9905 9931 9957 9987 1.002e+004 1.001e+004 9983 9965 9963 9979 9994 9994 9960 9897 9866 9856 9852 9851 9855 9859 9865 9867 9860 9854 9849 9851 9854 9850 9865 9872 9855 9833 9818 9811 9808 9824 9836 9856 9880 9882 9890 9899 9891 9869 9889 9916 9942 9970 9991 9968 9938 9879 9918 9864 9819 9811 9823 9850 9895 9911 9921 9921
8683 8807 8836 8866 8904 9010 9215 9476 9747 1.001e+004 1.001e+004 9948 9892 9834 9804 9810 9838 9867 9897 9921 9945 9967 9985 9988 9984 9985 9988 9997 1e+004 9994 9942 9865 9841 9835 9836 9837 9843 9854 9871 9894 9874 9859 9860 9866 9867 9861 9854 9850 9862 9815 9810 9817 9826 9834 9838 9843 9845 9872 9890 9894 9883 9874 9895 9921 9956 9984 1.001e+004 1e+004 9963 9953 9884 9885 9834 9810 9815 9900 9922 9931 9947 9964
8801 8856 8934 9011 9067 9165 9381 9630 9905 1.01e+004 1.003e+004 9920 9826 9774 9784 9815 9848 9884 9892 9906 9921 9934 9939 9948 9967 9985 9999 1.001e+004 1.001e+004 1e+004 9930 9840 9825 9825 9830 9833 9838 9844 9855 9874 9867 9859 9861 9866 9861 9842 9833 9820 9827 9810 9814 9830 9841 9839 9838 9836 9833 9866 9889 9874 9882 9888 9922 9955 9972 9993 1e+004 9992 9961 9918 9901 9857 9842 9826 9845 9918 9921 9928 9945 9965
8965 9010 9096 9182 9276 9379 9550 9730 9921 9993 9930 9852 9768 9723 9786 9838 9853 9866 9876 9892 9906 9912 9907 9916 9956 9984 1.001e+004 1.002e+004 1.002e+004 1.001e+004 9930 9845 9829 9827 9828 9829 9829 9829 9827 9827 9851 9850 9849 9853 9851 9825 9819 9805 9831 9815 9821 9826 9835 9842 9844 9844 9844 9873 9861 9849 9863 9915 9953 9981 9950 9965 9982 9949 9935 9941 9943 9901 9861 9841 9841 9923 9893 9897 9913 9934
9227 9294 9322 9395 9479 9628 9678 9751 9830 9847 9821 9789 9751 9745 9804 9852 9856 9843 9858 9880 9896 9907 9914 9931 9966 1e+004 1.001e+004 1.002e+004 1.002e+004 1e+004 9937 9872 9848 9838 9833 9830 9826 9818 9805 9794 9807 9825 9829 9824 9805 9794 9811 9811 9844 9834 9830 9830 9840 9844 9853 9863 9873 9892 9898 9861 9889 9938 9946 9934 9923 9940 9946 9926 9917 9925 9923 9930 9905 9849 9829 9837 9835 9854 9867 9888
9428 9463 9497 9598 9780 9813 9744 9730 9731 9733 9743 9747 9755 9782 9832 9877 9876 9861 9868 9886 9903 9920 9939 9959 9991 9995 1.002e+004 1.002e+004 1.002e+004 1e+004 9952 9901 9870 9850 9840 9837 9834 9824 9813 9801 9804 9812 9814 9807 9794 9792 9808 9815 9855 9847 9840 9827 9823 9842 9862 9884 9907 9914 9868 9869 9886 9904 9915 9923 9919 9939 9939 9918 9901 9887 9877 9865 9845 9829 9814 9810 9813 9835 9842 9847
9552 9520 9565 9642 9755 9713 9684 9674 9672 9682 9705 9729 9759 9801 9858 9905 9904 9890 9892 9905 9920 9936 9963 1.001e+004 1.004e+004 1.006e+004 1.003e+004 1.002e+004 1.001e+004 9987 9960 9921 9893 9873 9862 9852 9845 9836 9831 9834 9827 9813 9807 9803 9798 9801 9819 9833 9864 9859 9854 9842 9827 9848 9871 9897 9926 9929 9886 9905 9889 9879 9893 9917 9957 9950 9933 9914 9901 9893 9861 9828 9811 9807 9805 9809 9825 9853 9874 9885
