real_craters/C109-500m.grd
DSAA
140 140
-34.8075 34.8075
-34.8075 34.8075
8223.2094341063 10414.658420158
[rows 0 to 29 of 140, columns 67 to 133 of 140]
9546.57 9549.77 9550.61 9550.15 9546.94 9543.76 9527.96 9526.32 9511.17 9502.68 9499.31 9503.68 9504.76 9505.82 9515.4 9541.32 9548.26 9564.55 9568.25 9557.16 9561.05 9564.2 9566.24 9568.14 9564.48 9555.8 9546.53 9535.81 9528.16 9521.18 9514.1 9512.06 9518.44 9520.99 9522.58 9524.44 9526.93 9527.66 9529.11 9529.62 9530.29 9529.31 9525.8 9529.44 9531.13 9534.67 9537.38 9536.66 9535.89 9535.68 9535.49 9537.04 9539.65 9540.47 9539.97 9537.66 9533.81 9527.29 9522.38 9517.53 9514.68 9507.05 9501.45 9495.76 9492.71 9492.55 9494.24
9545.28 9547.81 9549.5 9550.69 9550.93 9546.66 9535.32 9520.55 9512.99 9506.61 9503.27 9506.83 9506.15 9503.96 9510.4 9529.32 9531.27 9556.82 9559.84 9552.48 9553.03 9556.64 9561.51 9565.48 9567.17 9560.43 9552.58 9544.75 9535.32 9527.86 9521.63 9518.88 9520.71 9520.01 9524.62 9528.42 9528.25 9529.01 9529.45 9529.49 9528.84 9528.26 9528.4 9532.09 9536.59 9538.29 9537.74 9534.89 9534.28 9535.09 9535.08 9536.6 9540.98 9543.7 9541.98 9539.38 9536.14 9532.07 9527.66 9523.4 9519.81 9512.6 9508.17 9507.96 9501.16 9495.77 9496.58
9541.29 9542.64 9545.17 9549.61 9556.63 9551.12 9538.9 9524.91 9520.08 9515.02 9511.05 9512.95 9510.01 9506.35 9509.21 9525.3 9517.54 9543.14 9550.92 9548.73 9548.4 9551.96 9557.76 9562.05 9565.13 9561.21 9556.49 9548.12 9541.53 9536.77 9532.81 9529.41 9523.26 9525.06 9528.82 9530.83 9531.4 9531.82 9531.86 9531.4 9530.71 9530.17 9531.65 9540.1 9546.76 9546.74 9543.41 9539 9536.72 9537.62 9537.41 9538.45 9542.33 9544.19 9542.7 9540.55 9538.62 9536.82 9532.62 9526.32 9517.86 9514.3 9511.02 9507.48 9503.86 9500.51 9500.61
9536.82 9537.66 9538.85 9543.69 9550.93 9552.13 9546.48 9541.01 9536.07 9527.33 9518.32 9515.53 9513.11 9511.1 9514.31 9530.58 9516.74 9540.93 9542.49 9542.1 9544.99 9551.34 9556.88 9559.86 9561.17 9559.08 9555.04 9549.32 9547.39 9547.57 9547.87 9544.37 9541.75 9544.51 9540.27 9538.83 9537.57 9536.71 9536.32 9535.27 9534.93 9535.52 9539.71 9550.94 9559.35 9556.99 9552.02 9546.27 9542.8 9543.37 9544.04 9543.46 9543.2 9543.9 9541.61 9540.32 9539.93 9538.93 9536.08 9531.58 9525.14 9520 9513.4 9505.73 9500.62 9501.02 9503.46
9530.42 9532.36 9534.81 9537.29 9546.58 9556.16 9562.36 9568.46 9557.32 9540.28 9524.7 9518.89 9517.43 9515.17 9518.85 9537.32 9531.51 9544.87 9531.9 9529.79 9541.95 9553.4 9560.86 9561.46 9559.65 9556.96 9553.76 9551.08 9552.59 9559.1 9567.96 9579.37 9577.68 9561.83 9551.64 9547.07 9544.24 9542.21 9541.13 9540.42 9540.53 9542.14 9548.38 9560.65 9569.15 9566.55 9561.9 9556.78 9552.77 9550.75 9548.54 9545.63 9542.34 9538.96 9538.16 9539.39 9540.92 9541.86 9541.41 9539.41 9536.89 9529.29 9517.98 9506.59 9501.79 9504.59 9507.91
9528.01 9530.2 9531.99 9532.67 9542.99 9561.22 9576.02 9585.18 9576.29 9551.36 9527.24 9518.26 9517.36 9517.29 9524.44 9545.9 9535.21 9552.09 9530.81 9528.53 9542.44 9556.56 9565.89 9564.5 9558.85 9556.6 9555.76 9552.57 9557.06 9569.35 9581.97 9596.47 9610.79 9581.92 9562.52 9555.6 9551.39 9548.3 9546.24 9545.52 9546.13 9548.22 9555.27 9566.89 9574.03 9574.06 9571.23 9567.62 9563.74 9559.49 9553.45 9548.28 9542.61 9535.43 9535.69 9539.92 9542.93 9545 9546.2 9547.31 9546.9 9540.69 9526.11 9510.04 9508 9511.32 9512.07
9531.15 9534.09 9535.69 9534.14 9551.4 9591.47 9594.53 9585.01 9585.98 9557.31 9532.04 9520.42 9520.07 9516.95 9519.78 9543.29 9542.18 9555.44 9536.64 9534.67 9546.05 9558.95 9565.47 9566.65 9560.69 9558.4 9559.09 9560.49 9569.31 9579.55 9587.88 9593.97 9598.76 9584.61 9570.61 9563.12 9557.99 9554.84 9552.65 9552.22 9553.12 9555.75 9562.88 9572.82 9578.98 9580.24 9579.09 9577.17 9574.79 9569.26 9561.91 9554.07 9546.99 9540.85 9540.66 9543.47 9546.38 9548.69 9550.24 9554.86 9558.46 9554.37 9537.36 9518.97 9513.03 9514.53 9515.18
9534.18 9538.91 9546.54 9559.75 9573.31 9600.17 9604.17 9591.6 9579.69 9554.49 9532.72 9519.79 9515.61 9516.68 9519.3 9537.65 9550.77 9559.14 9542.52 9542.34 9550.99 9559.75 9562.08 9566.09 9562.62 9561.39 9564.84 9572.04 9587.27 9589.51 9592.38 9593.79 9588.76 9580.94 9575.44 9569.81 9564.94 9561.3 9558.68 9558.06 9559.52 9564.18 9571.86 9581.28 9585.11 9585.09 9584.26 9583.74 9584.01 9577.37 9568.96 9559.16 9552.52 9550.05 9549.75 9548.39 9550.97 9554.1 9556.71 9562.39 9565.47 9561.71 9551.04 9537.81 9526.08 9522.29 9521.15
9537.89 9542.84 9552.27 9571.29 9574.35 9572.01 9586.11 9595.38 9566.5 9547.51 9531.79 9520.48 9514.86 9521.47 9533.34 9535.36 9561.27 9564.14 9549.28 9551.8 9557.96 9562.87 9564.68 9568.21 9563.95 9564.57 9573.66 9586.28 9594.19 9593.61 9594.26 9595.23 9592.32 9585.08 9582.03 9575.13 9570.12 9566.16 9563.28 9562.27 9563.31 9568.2 9576.39 9586.07 9588.66 9587.26 9585.73 9584.84 9584.26 9576.77 9566.88 9560.52 9555.46 9551.43 9549.06 9552.16 9555.71 9560.37 9566.61 9571.09 9573.84 9573.81 9565.23 9554.83 9549.82 9541.25 9533.17
9542.79 9545.2 9546.13 9542.41 9548.47 9548.54 9563.48 9575.22 9556.51 9539.58 9529.91 9523.32 9518.85 9527.32 9540.18 9534.88 9565.13 9572.58 9563.69 9565.86 9567.81 9568.69 9568.2 9568.98 9567.24 9568.73 9581.11 9593.61 9591.42 9592.79 9593.81 9594.44 9590.85 9584.48 9583.49 9578.83 9574.88 9571.8 9568.51 9567.08 9565.42 9566.72 9576.27 9587.87 9588.06 9586.01 9583.41 9580.48 9576.97 9570.86 9563.5 9559.94 9557.34 9555.64 9555.76 9556.87 9558.84 9563.17 9571.34 9574.6 9578.37 9583.12 9576.49 9567.09 9560.66 9557.32 9552.44
9549.02 9549.86 9546.85 9541.8 9540.16 9541.08 9546.08 9547.37 9536.35 9528.53 9525.71 9524.72 9521.4 9530.59 9544.75 9536.08 9567.08 9585.33 9590.73 9580.39 9577.79 9577.52 9577.01 9575.66 9576.34 9578.15 9586.58 9591.66 9589.9 9589.35 9591.8 9592.49 9589.73 9584.84 9581.41 9580.74 9579.13 9576.85 9574.83 9572.32 9569.84 9568.38 9575.94 9582.52 9584.41 9582.56 9578.77 9573.74 9567.23 9561.62 9560.43 9558.96 9558.83 9560.08 9562.74 9560.44 9559.68 9560.28 9560.83 9565.47 9576.02 9584.03 9582.83 9576.72 9569.95 9571.86 9572.27
9556.3 9557.56 9553.71 9546.35 9542 9536.31 9535.92 9537.69 9528.76 9521.25 9520.07 9520.54 9519.34 9530.13 9546.71 9529.14 9560.67 9574.97 9581.65 9581.3 9581.92 9582.67 9579.29 9582.08 9587.63 9598.49 9590.98 9582.6 9579.26 9584.61 9590.52 9594.2 9593.7 9594.43 9587.39 9585.29 9584.1 9582.48 9580.71 9578.84 9577.43 9577.24 9579.31 9580.73 9581.13 9578.52 9574.11 9568.09 9559.79 9552.16 9555.7 9558.23 9559.42 9560.48 9560.62 9560.06 9559.27 9557.65 9555.29 9559.59 9572.78 9583.4 9585.51 9581.73 9578.55 9580.21 9580.47
9563.06 9566.17 9565.67 9561.11 9551.25 9538 9531.19 9534.97 9529.73 9518.58 9515.15 9513.14 9513.73 9525.06 9541.51 9522.55 9554.32 9558.6 9563.76 9571.77 9578.43 9586.28 9576.72 9577.98 9585.17 9594.09 9585.48 9576.91 9574.91 9582.1 9591.85 9601.28 9608.38 9608.96 9595.62 9592.63 9590.64 9588.25 9585.92 9584.58 9584.31 9584.51 9584.36 9582.96 9579.36 9575.36 9570.95 9565.96 9561.14 9559.68 9558.93 9559.89 9560.6 9561.15 9560.59 9561.11 9559.81 9558.27 9557.67 9561.88 9571.83 9581.35 9587.09 9587.34 9583.85 9584.28 9584.17
9567.47 9574.08 9580.95 9578.81 9565.02 9547.18 9532.6 9531.93 9526.72 9517.65 9513.42 9510.49 9509.53 9517.95 9532.16 9517.32 9543.17 9548.94 9553.65 9559.48 9565.28 9572.26 9566.33 9569.24 9573.02 9570.61 9572.47 9574.07 9574.52 9582.37 9595.55 9609.42 9623.59 9621.94 9610.59 9603.39 9598.02 9593.03 9589.24 9587.6 9587.93 9587.02 9585.08 9582.39 9576.35 9572.19 9568.58 9565.43 9563.68 9564.47 9563.5 9562.17 9562.21 9562.93 9566.26 9564.53 9561.11 9560.24 9561.21 9565.29 9573.22 9580.44 9588.34 9594.11 9592.7 9591.84 9592.99
9569.12 9578.69 9588.79 9587.97 9573.57 9553.58 9535.41 9532.84 9529.76 9520.54 9514.93 9511.8 9509.76 9516.95 9533.59 9530.54 9531.35 9538.43 9542.76 9545.84 9547.9 9546.36 9557.33 9563.78 9565.36 9564.29 9567.37 9574.11 9582.15 9586.56 9597.89 9611.69 9624.92 9625.7 9620.36 9613.31 9603.78 9596.04 9590.28 9586.9 9586.04 9581.58 9574.41 9571.79 9570.13 9568.08 9565.72 9563.93 9563.21 9565.08 9564.23 9563.06 9562.67 9562.54 9561.65 9560.47 9560.74 9561.76 9564.85 9570.86 9575.89 9583.61 9593.32 9599.03 9601.93 9602.94 9604.97
9566.56 9574.38 9580.25 9579.45 9570.29 9554.72 9540.46 9536.78 9532.92 9522.94 9518.12 9515.91 9512.49 9511.5 9529.55 9538.49 9529.56 9527.16 9532.9 9535.59 9536.18 9536.57 9546.94 9561.78 9562.05 9561.05 9564.5 9572.25 9579.34 9588.78 9595.27 9608.28 9621.27 9625.57 9624.06 9617.33 9605.77 9596.68 9588.98 9582.37 9577.21 9571.71 9563.67 9562.83 9564.94 9564.94 9563.98 9562.48 9561.3 9560.91 9562.67 9563.51 9563.24 9562.05 9559.02 9557.78 9561.02 9563.04 9565.74 9569.45 9575.46 9584.26 9596.1 9606.83 9611.72 9613.32 9616.47
9561.7 9566.84 9570.14 9568.63 9562.82 9552.47 9542.89 9541.5 9544.09 9530.6 9526.26 9521.77 9515.45 9512.85 9531.5 9555.1 9526.41 9530.69 9529.47 9529.43 9531.09 9537.75 9552.41 9559.29 9558.65 9562.42 9568.04 9569.98 9573.24 9573.01 9585.74 9601.4 9614.67 9620.87 9619.06 9611.96 9604.13 9596.37 9587.17 9577.41 9566.13 9564.04 9562.92 9562.7 9563.73 9564.04 9563.47 9562.26 9560.42 9560.31 9563.43 9564.63 9564.91 9564.37 9563.73 9564.66 9564.34 9565.09 9565.9 9567.52 9572.93 9581.33 9590.82 9609.38 9617.19 9621.17 9622.83
9556.38 9559.39 9562.41 9562.08 9553.57 9554.76 9544.61 9548.56 9552.06 9547.05 9540.79 9534 9526.67 9530.06 9555.28 9590.53 9533.92 9529.68 9529.08 9527.66 9527.48 9536.71 9547.92 9545.63 9550.41 9556.03 9561.03 9563.66 9568.55 9561.04 9577.83 9595.41 9608.94 9614.02 9608.36 9602.38 9600.53 9594.9 9586.76 9576.98 9568.13 9565.33 9567.25 9565.42 9565.25 9565.33 9565 9563.92 9562.94 9563.26 9564.79 9566.81 9567.63 9568.05 9568.49 9568.37 9568.58 9568.48 9567.7 9566.84 9571.5 9580 9588.67 9599.36 9611.37 9621.1 9624.57
9553.26 9555.17 9555.58 9569.8 9576.08 9575.34 9575.43 9573.44 9562.55 9559.43 9563.31 9559.05 9552.6 9585.72 9588.96 9600.21 9545.65 9534.6 9531.45 9529.58 9527.88 9534.36 9540.38 9537.25 9542.74 9544.17 9543.04 9554.51 9562.6 9564.02 9579.33 9597.63 9610.3 9611.98 9607.62 9602.53 9604.15 9598.86 9589.42 9579.82 9572.21 9567.67 9562.85 9567.36 9568.4 9568.84 9568.49 9567.42 9566.14 9566.81 9569.74 9570.48 9571.73 9572.89 9573.64 9573.93 9574.52 9574.02 9572.52 9571.54 9575.07 9582.37 9589.82 9595.55 9604.17 9611.74 9613.75
9554 9557.98 9566.48 9583.7 9600.26 9594.78 9599.59 9597.33 9587.63 9593.7 9596.84 9592.2 9597.71 9605.51 9581.85 9594.76 9557.06 9543.43 9538.8 9537.57 9535.05 9538.33 9540.83 9540.45 9543.41 9544.58 9546.52 9553 9558.94 9569 9587.54 9607.42 9622.43 9626.66 9610.73 9627.55 9617.97 9605.46 9594.48 9583.82 9576.47 9573.61 9572.52 9572.68 9573.28 9573.68 9573.87 9572.57 9570.38 9570.71 9571.73 9574.33 9576.21 9578.43 9580.52 9582.9 9582.57 9581.26 9579.69 9579.39 9581.61 9586.04 9590.9 9594.4 9598.94 9601.54 9604.43
9552.73 9557 9568.5 9580.64 9590.38 9593.54 9595.33 9599.57 9610.56 9625.22 9619.99 9607.6 9609.63 9586.51 9558.71 9573.42 9556.71 9548.21 9547.07 9549.76 9548.83 9542.23 9543.36 9548.88 9550.67 9552.72 9554.53 9560.98 9566.36 9577.22 9598.98 9621.13 9641.95 9659.79 9660.73 9643.45 9626.26 9613.05 9600.93 9588.87 9581.76 9582.56 9582.32 9579.71 9578.93 9579.26 9580.29 9580.09 9577.62 9577.2 9578.01 9578.57 9580.55 9583.76 9587.25 9589.7 9590.26 9589.06 9586.58 9584.96 9585.34 9588.75 9592.28 9594.23 9597.28 9596.49 9599.16
9551.71 9551.72 9558.75 9576.48 9584.56 9583.59 9581.71 9586.5 9610.68 9629.15 9620.38 9599.44 9571.34 9563.63 9547.83 9562.64 9553.26 9547.17 9552.09 9561.86 9571.52 9550.43 9547.37 9554.56 9560.23 9566.19 9572.86 9578.4 9582.1 9592.13 9613.23 9632.78 9653.21 9673.74 9655.16 9629.83 9625.82 9619.92 9609.96 9597.42 9589.16 9589.93 9588.71 9584.11 9582.89 9583.86 9586.17 9589.2 9593.18 9586.68 9582.44 9581.21 9583.59 9587.96 9593.77 9598.89 9600.64 9596.89 9592.63 9589.98 9590.25 9592.62 9599.42 9604.41 9601.16 9598.06 9598
9554.99 9552.81 9556.33 9568.64 9574.76 9573.48 9569.83 9571.31 9593.69 9609.38 9611.66 9592.3 9562.91 9568.57 9547.71 9560.18 9550.3 9546.33 9553.79 9565.37 9574 9554 9553.04 9561.3 9569.47 9580.11 9592.46 9596.68 9598.73 9612.16 9626.9 9639.45 9651.29 9654.83 9639.27 9629.24 9633.81 9630.63 9621.99 9610.7 9599.18 9589.8 9585.64 9584.29 9584.76 9587.24 9591.2 9595.34 9594.79 9590.77 9582.9 9581.79 9585.25 9590.45 9597.5 9607.82 9610.07 9601.29 9595.94 9592.79 9591.33 9594.78 9599.48 9603.97 9605.07 9605.69 9603.6
9566.93 9567.42 9564.61 9557.57 9564.68 9568.57 9566.31 9564.82 9584.74 9603.15 9608.89 9597.53 9577.77 9569.47 9550.31 9558.59 9548.11 9544.85 9553.17 9562.4 9563.31 9556.35 9562.03 9566.16 9578.33 9592 9599.32 9602.5 9606.37 9607.05 9630.9 9640.65 9647.83 9648.42 9641.29 9644.82 9650.22 9643 9635 9624.32 9607.34 9591.39 9583.28 9582.44 9584.41 9588.19 9593.67 9599.45 9603.15 9594.19 9585.81 9583.55 9586.53 9590.31 9595.23 9601.01 9602.33 9598.46 9596.05 9595.01 9594.44 9599.43 9600.23 9603.85 9607.27 9608.86 9605.74
9578.66 9599.01 9590.58 9575.66 9574.61 9575.05 9573.44 9573.21 9586.67 9602.28 9616.32 9609.2 9599.37 9572.51 9584.69 9564.84 9550.56 9543.26 9556.05 9566.24 9565.72 9569.54 9583.99 9594.3 9605.03 9609.18 9610.75 9612.87 9615.46 9624.54 9630.84 9638.45 9650.53 9656.26 9655.57 9661.76 9663.91 9654.43 9646.89 9642.12 9613.56 9586.68 9579.26 9579.76 9583.13 9587.39 9592.66 9599.22 9599.64 9595 9590.4 9588.71 9587.16 9588.25 9589.77 9589.56 9587.72 9592.35 9595.16 9597.39 9600.41 9602.36 9601.07 9606.36 9609.08 9610.47 9610.79
9573.88 9584.62 9595.33 9605.98 9593.16 9587.42 9587.4 9591.77 9595.53 9599.46 9610.06 9614.62 9604.08 9574.82 9593 9562.79 9552.66 9550.53 9568.14 9590.11 9604.41 9608.65 9613.71 9628.75 9634.49 9624.51 9622.21 9623.34 9616.72 9616.83 9612.96 9635.29 9657.01 9676.94 9689.21 9672.78 9667.35 9660.27 9647.4 9632.79 9607.2 9581.68 9577.12 9578.79 9581.69 9584.61 9588.76 9594.28 9596.49 9591.64 9588.83 9586.02 9585.4 9585.53 9585.66 9585.06 9585.72 9589.46 9594.61 9599.43 9603.7 9606.14 9605.7 9605.89 9609.93 9612.61 9614.01
9563.21 9556.4 9580.97 9599.59 9595.89 9594.45 9597.77 9604.24 9603.78 9598.17 9621.03 9624.14 9596.58 9575.15 9585.3 9561.18 9558.15 9562.56 9584.19 9610.7 9633.11 9633.78 9630.52 9633.94 9633.56 9627.65 9619.4 9609.63 9609.86 9607.88 9621.64 9638.8 9664.75 9691.47 9706.29 9687.1 9678.65 9671.47 9649.67 9617.59 9604.02 9586.48 9581.9 9581.1 9582 9583.1 9583.56 9582.79 9583.03 9584.86 9583.39 9581.65 9582.31 9583.12 9583.54 9583.59 9584.9 9588.92 9594.77 9600.8 9607.03 9611.18 9609.27 9608.57 9612.95 9617.57 9616.29
9568.09 9562.02 9570.31 9579.77 9587.81 9594.01 9601.4 9610.09 9611.02 9605.12 9624.27 9626.61 9599.51 9572.24 9592.18 9566.91 9572.48 9589.98 9601.18 9612.46 9619.99 9627.38 9632.52 9634.13 9632.16 9627.75 9618.5 9609.48 9609.45 9611.78 9618.32 9639.73 9668.09 9695.75 9713.68 9693.58 9704.16 9694.4 9673.88 9644.72 9622.3 9603.27 9591.74 9586.96 9585.29 9584.34 9582.5 9579.2 9579.08 9581.4 9581.37 9580.19 9582.13 9583.07 9583.92 9584.47 9585.26 9589.56 9595.67 9601.56 9606.96 9611.37 9610.31 9612.1 9617.68 9622.44 9621.59
9583.68 9583.49 9568.75 9567.66 9579.43 9589.86 9599.47 9608.5 9611.28 9608.83 9614.7 9618.46 9602.13 9572.56 9600.14 9590.36 9602.5 9609.51 9608.26 9605.54 9611.23 9622.79 9631.59 9636 9637.14 9629.93 9621.43 9614.89 9613.85 9617.17 9625.8 9642.76 9668.23 9695.17 9714.35 9718.04 9724.12 9715.66 9706.79 9685.29 9644.16 9615.97 9601.83 9594.37 9590.75 9589.05 9587.71 9583.8 9583.33 9583.56 9583.18 9583.22 9583.93 9585.31 9586.67 9587.63 9588.19 9592.24 9597.69 9601.99 9605 9608.51 9608.14 9613.41 9620.7 9626.55 9628.45
9585.34 9584.78 9569.04 9566.5 9576.17 9586.28 9595.82 9603.74 9609.89 9611.35 9618.71 9624.38 9606.17 9590.52 9626.28 9643.99 9634.94 9617.54 9610.79 9611.68 9615.56 9625.76 9632.73 9637.17 9637.12 9631.7 9623.55 9618.2 9616.73 9619.81 9625.93 9642.04 9665.03 9691.42 9719.31 9733.59 9725.81 9722.37 9723.52 9701.84 9656.97 9625.64 9611.01 9602.56 9598.03 9595.34 9595.52 9600.31 9592.44 9588.52 9586.9 9586.52 9587.81 9590.02 9592.13 9593.9 9596.29 9599.04 9601.03 9603.38 9604.81 9605.26 9607.68 9613.2 9619.91 9625.84 9629.24
