real_craters/C109-300m.grd
DSAA
233 233
-34.8075 34.8075
-34.8075 34.8075
8219.8115599089 10425.010515135
[rows 60 to 89 of 233, columns 134 to 200 of 233]
9667.18 9663.86 9661.75 9661.98 9663.84 9660.07 9654.44 9647.23 9638.02 9631.65 9627.58 9631.53 9636.99 9643.15 9649.28 9655.65 9661.79 9667.99 9673.6 9678.24 9680.12 9680.41 9680.32 9680.31 9680.05 9679.33 9682.72 9687.45 9694.61 9701.43 9697.7 9693.63 9692.3 9692.56 9694.26 9697.11 9701.16 9703.94 9701.75 9701.47 9700.63 9696.01 9695.36 9697.09 9698.17 9686.26 9675.99 9666.24 9658.48 9651.77 9644.78 9637.72 9630.88 9624.09 9618.45 9614.39 9613.54 9614.68 9616.75 9618.81 9620.94 9622.73 9624.16 9626.31 9625.82 9626.59 9626.35
9669.67 9665.74 9661.37 9665.23 9668.17 9662.21 9653.62 9644.78 9636.25 9633.44 9631.05 9633.92 9638.72 9644.7 9650.46 9656.52 9662.17 9667.68 9672.34 9676.2 9677.81 9678.63 9678.63 9678.18 9677.54 9678.13 9681.49 9686.8 9692.26 9694.68 9689.15 9686.41 9688.21 9689.68 9691.54 9694.16 9696.51 9697.61 9697.27 9697.27 9695.87 9694.13 9690.74 9688.56 9686.54 9680.72 9674.69 9667.98 9661.96 9656.14 9650.14 9644.27 9637.84 9631.13 9624.61 9620.29 9619.52 9620.32 9621.27 9622.36 9623.1 9624.59 9625.17 9626.57 9627.06 9628.22 9627.93
9672.57 9666.91 9667.21 9667.7 9666.94 9661.03 9653.56 9646.16 9639.76 9639.18 9636.74 9638.2 9641.65 9646.56 9651.52 9657.11 9662.44 9667.37 9671.45 9675.08 9676.37 9677.05 9676.83 9675.96 9674.91 9674.68 9678.36 9683.88 9688.62 9690.17 9686.17 9683.7 9684.98 9686.88 9688.75 9690.48 9690.6 9690.05 9691.59 9692.78 9694.63 9691.74 9684.04 9676 9671.94 9672.71 9671.71 9668.28 9664.48 9660.25 9655.71 9650.96 9645.63 9639.89 9632.59 9627.76 9627.23 9627.09 9626.67 9626.28 9626.18 9626.62 9626.23 9626.52 9626.76 9628.2 9627.58
9679.51 9673.1 9672.75 9669.48 9662.71 9657.48 9654.38 9650.81 9646.62 9643.61 9640.96 9642.65 9645.87 9649.27 9653.98 9658.73 9663.16 9667.59 9671.14 9674.25 9675.92 9676.18 9675.56 9674.3 9672.69 9671.81 9675.22 9680.91 9685.82 9688.26 9687.28 9684.51 9682.17 9683.85 9686.41 9687.86 9687.26 9686.32 9690.73 9695.49 9702.29 9691.02 9677.58 9667.33 9664.49 9668.51 9670.64 9669.81 9667.56 9664.56 9662.08 9657.83 9653.93 9650.6 9645.78 9640.14 9637.46 9634.89 9632.42 9630.46 9629.7 9628.69 9627.05 9625.73 9624.68 9624.02 9623.19
9688.7 9685.39 9677.62 9671.62 9663.11 9657.23 9657.14 9658.23 9656.17 9648.51 9646.57 9647.92 9650.7 9653.53 9657.29 9661.21 9665.21 9668.73 9671.91 9674.62 9676.03 9676.24 9675.38 9673.95 9672.1 9670.84 9673.38 9678.54 9683.62 9687.03 9684.14 9675.08 9677.38 9680.77 9684.45 9687.17 9688.39 9688.5 9694.5 9702.13 9699.71 9679.61 9671.33 9664.28 9664.53 9669.61 9672.44 9672.68 9671.34 9669.17 9667.07 9663.87 9661.24 9659.2 9662.23 9658 9647.38 9642.08 9638.29 9635.43 9632.86 9630.59 9627.75 9624.92 9622.4 9619.79 9618.04
9692.3 9691.43 9690.34 9681.24 9665.48 9657.05 9661.34 9666.77 9666.08 9656.75 9653.81 9654.33 9656.34 9658.69 9661.61 9664.56 9667.9 9670.96 9673.53 9675.89 9677.53 9677.64 9676.12 9674.44 9672.5 9671.06 9672.49 9676.72 9681.13 9685.55 9684 9672.61 9674.43 9679.05 9684.09 9688.85 9693.06 9697.67 9699.11 9696.47 9680.95 9667.22 9670.91 9671.15 9673.86 9677.65 9678.96 9678.43 9676.98 9675.05 9672.25 9669.31 9666.94 9663.85 9655.58 9654.76 9652.44 9647.61 9643.3 9639.42 9635.64 9632.09 9628.42 9625.04 9621.73 9618.24 9616.25
9689.46 9684.82 9688.09 9683.24 9669.11 9659.44 9667.91 9676.08 9677.33 9669.35 9663.08 9661.5 9662.17 9663.36 9665.41 9667.79 9670.39 9672.99 9675.41 9677.46 9679.43 9679.26 9677.43 9675.85 9674.1 9673.07 9673.82 9675.29 9676.88 9678.28 9677.36 9673.42 9674.44 9679.63 9686 9691.96 9697.07 9700.93 9696.73 9683.61 9672.39 9671.54 9681.99 9690.92 9691.15 9689.67 9687.84 9685.69 9683.6 9681.27 9677.99 9675.06 9671.91 9669.17 9670.56 9662.44 9657.16 9652.55 9647.64 9643.49 9637.93 9633.79 9629.98 9625.85 9622.62 9618.49 9616.21
9686.06 9679.39 9683.78 9684.06 9676.86 9672.59 9678.31 9685.19 9689.62 9684.1 9672.15 9668.53 9667.78 9667.78 9669.02 9670.78 9672.79 9675.09 9677.07 9678.86 9679.96 9679.87 9678.87 9677.32 9676.04 9675.13 9674.81 9673.78 9672.47 9668.96 9663.67 9667.27 9673.28 9680.61 9688.43 9695.73 9701.29 9701.96 9696.79 9687.83 9682.1 9684.48 9699.1 9712.14 9707.83 9701.94 9697.02 9693.44 9690.89 9687.25 9683.77 9679.94 9675.89 9671.81 9667.05 9664.43 9660.9 9656.52 9652.09 9647.44 9641.82 9637.33 9633.01 9628.4 9625.28 9620.47 9617.07
9686.51 9680.33 9682.31 9684 9684.69 9690.25 9688.44 9689.95 9698.39 9698.4 9681.38 9674.57 9672.11 9671.77 9672.17 9673.58 9675.13 9676.97 9678.88 9680.44 9681.54 9681.8 9680.39 9678.83 9677.59 9676.5 9674.2 9674.31 9670.6 9665.76 9660.85 9664.83 9673.35 9682.38 9691.7 9700.74 9708.83 9715.19 9718.34 9712.55 9712.23 9710.4 9715.52 9720.13 9718.16 9712.95 9707.13 9702.14 9696.98 9693.99 9689.7 9685.44 9680.78 9674.79 9667.83 9666.75 9664.42 9659.99 9655.68 9650.59 9645.95 9641.49 9637.74 9633.49 9630.2 9625.57 9621.47
9688.33 9686.21 9681.52 9679.26 9686.65 9693.15 9691.87 9688.6 9697.94 9699.41 9684.14 9677.75 9675.39 9674.75 9675.43 9676.21 9677.53 9678.76 9680.3 9681.8 9683.15 9683.14 9681.48 9679.5 9678.38 9679.55 9683.45 9675.9 9670.11 9667.39 9667.95 9671.83 9676.64 9685.36 9695.81 9706.04 9716.42 9727.35 9735.57 9732.64 9731.33 9728.17 9729.23 9729.63 9726.17 9720.33 9714.26 9708.43 9702.89 9699.64 9694.89 9690.82 9686.26 9681.22 9674.9 9672.68 9668.71 9663.67 9659.14 9653.93 9649.85 9645.84 9642.23 9638.87 9636.6 9632.9 9633.09
9685.21 9684 9682.26 9681.03 9688.18 9695.19 9693.53 9689.19 9691.24 9690.24 9682.31 9678.64 9677.42 9676.71 9677.09 9677.66 9678.7 9680.23 9681.37 9682.5 9683.62 9683.82 9681.07 9678.27 9676.29 9675.28 9674.09 9669.82 9667.05 9667.06 9671.64 9670.67 9674.61 9688.85 9700.12 9710.01 9719.53 9728.39 9733.76 9729.13 9725.85 9731.37 9737.1 9738.34 9731.81 9724.9 9718.59 9712.49 9706.76 9703.33 9698.65 9694.91 9691.66 9689.75 9686.37 9679.7 9673.54 9668.6 9663.39 9658.98 9654.7 9650.9 9647.73 9644.74 9643.4 9640.13 9637.53
9684.76 9684.65 9686.13 9689.84 9691.27 9693 9692.16 9688.96 9685.83 9683.52 9681.17 9679.29 9678.26 9678.04 9678.29 9678.84 9679.96 9681.11 9681.76 9682.35 9682.85 9683.18 9679.27 9675.94 9672.66 9668.98 9663.31 9662.19 9662.18 9662.58 9663.64 9670.39 9685.04 9696.11 9704.57 9712.24 9718.98 9724.69 9727.28 9724.38 9724.13 9728.02 9733.38 9735.76 9732.45 9726.77 9720.9 9714.92 9710.12 9705.42 9701.49 9698.05 9695.44 9694.15 9690.63 9683.65 9677.37 9672.41 9667.69 9663.63 9660.72 9657.25 9654.35 9651.39 9650.46 9647.75 9644.82
9692.54 9692.09 9690.76 9690 9689.92 9692.27 9693.33 9689.77 9685.12 9682.68 9680.87 9680.94 9680.24 9680.69 9681.92 9682.38 9682.94 9683.2 9682.91 9682.21 9680.62 9678.12 9675.2 9672.84 9669.74 9665.66 9661.43 9659.15 9658.91 9659.43 9661.6 9675.04 9698.26 9703.28 9707.92 9712.78 9717.1 9720.13 9720.27 9718.68 9718.81 9719.86 9725.37 9730.21 9730.72 9726.67 9723.76 9718.29 9712.67 9707.2 9702.53 9698.68 9696 9695.02 9691.56 9685.08 9679.01 9674.44 9671.37 9668.45 9666.64 9663.56 9661.11 9660.35 9658.45 9657.96 9658.53
9709.87 9705.96 9697 9687.78 9686.04 9692.79 9697.53 9694.96 9687.62 9685.43 9687.27 9683.9 9682.64 9683.96 9685.11 9685.78 9686.28 9685.86 9684.75 9682.55 9679.27 9675.04 9672.49 9670.97 9668.45 9664.58 9659.45 9656.79 9658.75 9659.27 9660.12 9670.32 9695.57 9704.79 9708.69 9711.94 9714.41 9716.28 9717.79 9712.9 9717.83 9719.83 9726.45 9729.47 9729.62 9727.71 9724.08 9719.17 9713.87 9707.92 9704.19 9697.69 9693.52 9690.26 9687.52 9683.94 9680.3 9677.75 9675.9 9674.16 9671.68 9669.1 9667.19 9666.97 9665.99 9666.16 9669.33
9727.84 9720.34 9707.56 9692.53 9687.45 9698.32 9706.97 9708.65 9697.05 9691.84 9684.01 9682.86 9686.32 9689.47 9690.45 9691.17 9690.58 9689.05 9687.25 9684.78 9680.79 9676.08 9672.88 9671.43 9669.07 9666.88 9664.99 9664.5 9663.8 9662.82 9664.74 9673.25 9693.82 9704.04 9707.99 9710.02 9711.33 9712.18 9714.05 9719.15 9720.31 9722.6 9725.18 9728.68 9729.87 9729.11 9726.63 9722.34 9716.42 9709.81 9703.2 9696.97 9690.58 9685.56 9684.08 9683.1 9682.2 9680.85 9680.48 9678.65 9676.43 9674.51 9672.38 9671.69 9670.69 9670.55 9671.78
9735.05 9735.85 9726.15 9711.96 9703.48 9713.35 9723.9 9724.52 9720.53 9707.56 9694.02 9690.59 9694.02 9695.98 9697.2 9698.21 9697.49 9694.99 9692.5 9689.09 9685.04 9680.34 9676.68 9674.05 9671.55 9669.87 9672.53 9677.23 9667.19 9666.22 9672.1 9684.61 9696.43 9703.16 9706.35 9707.51 9707.15 9707 9706.07 9710.52 9719.81 9723.78 9724.51 9729.18 9732.04 9731.24 9728.66 9723.63 9718.11 9711.58 9703.93 9696.52 9688.41 9684.99 9682.44 9683.24 9683.89 9683.88 9683.56 9682.21 9680.4 9678.77 9676.92 9675.66 9673.65 9671.76 9669.14
9776.53 9762.36 9752.69 9746.77 9747.78 9732.14 9716.91 9727.36 9736.26 9723.22 9713.8 9709.97 9705.54 9705.81 9706.12 9705.61 9704.05 9701.52 9699.53 9695.53 9691.47 9687.97 9684.16 9678.72 9673.58 9669.24 9664.64 9659.91 9660.21 9665.54 9674.09 9685.99 9695.17 9701.08 9703.77 9704.6 9704.34 9703.36 9702.59 9705.93 9716.71 9723.83 9727.56 9732.64 9734.69 9734.3 9731.8 9727.21 9721.82 9714.95 9706.02 9697.12 9686.26 9679.24 9681.59 9684.92 9686.96 9688.39 9688.14 9687.16 9685.84 9683.44 9681.34 9678.85 9676.22 9672.43 9667.84
9798.63 9787.01 9776.78 9770.93 9766.23 9751.14 9729.65 9729.85 9735.82 9729.18 9720.85 9714.37 9715.86 9717.06 9716.85 9715.38 9712.8 9709.62 9706.31 9702.12 9697.84 9694.64 9690.92 9683.28 9676.47 9669.45 9659.21 9646.78 9654.77 9664.47 9672.55 9679.61 9689.26 9698.38 9702.4 9702.67 9701.79 9700.41 9700.2 9705.85 9715.68 9723.86 9733.23 9738.28 9738.32 9737.43 9734.82 9731.31 9726.49 9720.27 9711.69 9701.43 9687.93 9680.31 9685.13 9690.94 9693.23 9694.7 9694.75 9693.58 9691.35 9689.38 9686.48 9683.81 9680.91 9676.37 9670.76
9817.17 9810.43 9795.81 9781.57 9771.27 9764.44 9759.4 9738.19 9734.2 9731.89 9727.65 9721.81 9729.03 9730.04 9727.77 9725.1 9721.43 9717.49 9713.55 9709.03 9704.07 9697.7 9689.94 9687.04 9682.33 9675.29 9666.59 9658.79 9662.31 9668.98 9674.16 9678.93 9691.15 9701.27 9700.9 9699.99 9699.04 9698.72 9699.65 9706.6 9714.68 9723.24 9735.23 9741.59 9741.71 9739.38 9736.97 9733.64 9731.36 9727.11 9720.9 9712.37 9697.77 9688.18 9696.57 9701.32 9702.9 9702.31 9701.7 9700.01 9697.39 9695.01 9692.95 9689.9 9686.29 9682.29 9677.51
9867.6 9837.2 9808.48 9781.14 9759.59 9753.4 9749.72 9728.12 9728.02 9734.64 9742.99 9751.53 9750.78 9745.4 9739.89 9733.94 9729.3 9725.27 9720.97 9716.29 9711.49 9705.45 9698.88 9696.39 9692.01 9686.88 9682.47 9679.81 9679.8 9678.45 9678.62 9682.83 9691.06 9696.52 9697.1 9695.81 9694.89 9695.65 9702.5 9705.48 9711.9 9721.14 9736.06 9743.31 9742.23 9739.83 9738.79 9737.12 9736.08 9735.06 9733.67 9732.16 9726.01 9718.99 9718.46 9716.6 9714.56 9712.75 9709.53 9707.66 9704.72 9701.62 9699.22 9695.93 9692.8 9688.76 9686.22
9892.04 9859.84 9819.93 9778.11 9736.55 9722.55 9722.07 9713.27 9719.89 9735.15 9754.19 9778.85 9767.61 9755.52 9748.66 9742.18 9737.27 9732.29 9728.23 9724.18 9720.79 9717.75 9717.08 9710.25 9703.18 9698.85 9697.77 9701.86 9698.29 9687.07 9680.9 9678.34 9681.01 9689.63 9692.49 9691.82 9689.98 9688.44 9688.69 9698.58 9707.17 9716.45 9730.12 9738.55 9739.19 9738.65 9738.94 9739.62 9741.07 9743.64 9747.35 9753.85 9764.34 9757.36 9742.18 9733.02 9726.95 9721.95 9718.41 9714.36 9711.62 9708.61 9705.45 9702.72 9698.81 9696.76 9695.38
9925.67 9878.87 9831.5 9783.44 9736.16 9707.99 9702.92 9706.13 9714.04 9730.52 9748.92 9760.5 9761.56 9756.06 9749.79 9744.88 9740.74 9739.3 9735.86 9732.38 9728.78 9726.03 9723.19 9717.2 9711.71 9707.6 9705.89 9706.25 9700.66 9688.87 9680.88 9675.47 9675.55 9686.18 9689.51 9688.68 9686.3 9682.46 9680.35 9689.79 9698.8 9706.99 9718.3 9727.98 9732.58 9735.09 9737.71 9740.95 9745.13 9750.48 9757.18 9765.53 9772.1 9768.34 9756.84 9746.66 9737.93 9731.14 9726.71 9722.16 9719.02 9715.13 9712.19 9709.34 9705.69 9704.38 9704.29
9921.17 9882.97 9846.61 9804.43 9753.9 9709.5 9696.68 9702.24 9710.47 9725.22 9741.06 9751.18 9754.26 9752.82 9749.36 9745.93 9743.55 9741.01 9739.17 9738.68 9734.17 9731.89 9726.12 9721.85 9718.76 9713.99 9708.93 9701.65 9692.17 9686.6 9680.07 9676.46 9679.67 9687.15 9688.23 9687.8 9685.91 9682.07 9679.24 9684.98 9693.41 9704.28 9712.03 9720.27 9725.45 9729.61 9734.4 9739.81 9746.12 9753.44 9761.78 9770.58 9773.38 9771.4 9763.63 9754.33 9745.22 9737.92 9732.69 9727.71 9723.78 9721.8 9715.4 9712.98 9711.34 9710.44 9710.73
9875.96 9887.59 9877.85 9847.48 9800.69 9743.22 9711.46 9703.33 9711.71 9724.09 9737.71 9747.57 9750.23 9746.31 9742.83 9744.63 9743.11 9742.49 9742.41 9741.49 9740.26 9738.23 9735.54 9732.3 9726.4 9720.43 9713.25 9704.27 9694.52 9687.09 9679.41 9672.93 9673.8 9676.81 9685.08 9689.64 9690.75 9688.68 9686.76 9689.49 9694.07 9699.74 9706.59 9713.41 9717.49 9722.8 9729.71 9736.75 9744.52 9752.97 9762.17 9772.21 9782.24 9774.08 9765.74 9757.53 9749.65 9743.34 9738.04 9732.87 9728.77 9725.45 9723.1 9717.16 9715.6 9714.7 9715.3
9957.59 9947.72 9937.1 9914.49 9880.83 9835.29 9766.34 9727.05 9726.85 9733.83 9740.42 9744.71 9744.76 9740.92 9739.32 9738.87 9739.63 9740.01 9743.79 9743.17 9744.96 9744.44 9742.81 9740.31 9733.88 9728.03 9720.69 9711.64 9701.6 9692.35 9682 9668.92 9651.59 9669.01 9686.92 9695.38 9700.41 9701.47 9699.32 9697.14 9695.14 9695.84 9698.64 9702.41 9707.97 9715.84 9724.13 9732.2 9740.39 9748.98 9758.67 9767.42 9771.1 9769.82 9764.02 9757.41 9750.89 9745.86 9740.6 9736.42 9732.51 9728.8 9726.15 9723.61 9718.73 9717.71 9717.1
10064.6 10038.4 10015.7 9991.66 9967.54 9930.49 9850.27 9782.31 9760.12 9756.32 9752.12 9745.03 9738.24 9737.3 9737.37 9740.97 9741.38 9743.22 9746.97 9749.29 9751.18 9752.06 9748.51 9744.73 9741.64 9737.38 9730.27 9721.39 9712.37 9702.28 9691.85 9681.34 9673.5 9681.27 9693.75 9704.47 9712.94 9719.41 9716.28 9706.93 9701.06 9700.61 9694.47 9690.99 9699.01 9709.42 9718.75 9727.81 9735.56 9743.08 9751.15 9759.2 9765.63 9762.31 9758.94 9754.8 9750.08 9745.99 9741.53 9737.84 9734.84 9731.51 9727.64 9725.08 9721.29 9719.67 9718.28
10156.7 10126.4 10086.5 10060.4 10042.5 10020.8 9934.87 9850.97 9810.45 9793.48 9776.03 9754.96 9733.35 9735.68 9738.13 9739.87 9742.79 9745.67 9748.66 9755.89 9758.61 9761.01 9758.85 9754.92 9754.14 9749.95 9742.05 9732.48 9722.6 9713.64 9706.8 9701.66 9700.89 9702.94 9707.1 9715.24 9725.03 9732.08 9727.66 9715.72 9706.18 9701.49 9690.9 9688.82 9696.9 9707.37 9716.02 9723.56 9729.91 9735.46 9741.24 9745.58 9749.25 9751.76 9751.81 9750.26 9747.83 9744.74 9741.56 9738.89 9735.92 9733.33 9730.68 9727.12 9724.76 9721.36 9719.8
10185.8 10158.8 10125.9 10106.4 10091.9 10071.4 10022.5 9942.86 9883.57 9848.4 9814.76 9782.71 9759.18 9747.94 9746.24 9746.07 9747.03 9749.95 9754.08 9761.02 9765.79 9772.54 9774.96 9778.99 9773.97 9764.6 9755.3 9745.09 9733.72 9727.74 9723.84 9720.58 9721.25 9720.61 9717.44 9723.28 9733.53 9743.62 9735.64 9721.47 9707.86 9701.41 9697.64 9698.48 9703.85 9709.85 9715.48 9720.58 9725.21 9728.76 9732.06 9733.03 9736.24 9741.76 9744.97 9745.79 9745.09 9744.08 9742.13 9739.98 9737.51 9734.62 9732.28 9728.52 9726.3 9724.01 9721.03
10158.6 10135.1 10132.3 10132.7 10131.8 10121.4 10110.8 10049.9 9977.13 9912.02 9862.38 9820.02 9781.23 9766.78 9760.04 9755.46 9753.48 9755.59 9759.77 9765.85 9772.2 9780.52 9788.07 9797.89 9790.01 9778 9768.65 9760.75 9755.25 9749.32 9740.8 9734.62 9731.73 9727.3 9719.8 9726.46 9735.81 9742.58 9737.21 9725.8 9712.9 9703.39 9703.54 9708.45 9712.5 9714.05 9716.2 9719.03 9721.75 9723.91 9726.01 9725.49 9729.01 9735.53 9739.88 9742.34 9743.3 9743.14 9742.46 9740.57 9738.76 9735.08 9733 9730.23 9727.89 9725.5 9722.87
10112.4 10104.6 10120.7 10143 10173.7 10195 10183 10116.6 10033 9966.68 9911.48 9862.75 9824.38 9794.52 9773.87 9762.11 9759.61 9760.03 9763.68 9772.3 9778.84 9786.12 9792.96 9797.71 9793.33 9785.55 9778.4 9773.12 9771.67 9766.25 9752.64 9742.85 9736.07 9730.26 9725.59 9727.69 9733.53 9739.05 9735.04 9728.73 9720.07 9709.4 9708.4 9713 9717.42 9717.09 9717.19 9718.55 9719.95 9721.44 9723.59 9724.9 9727.76 9732.54 9737.27 9740.44 9742.28 9742.84 9742.11 9741.1 9738.82 9737.16 9734.52 9732.41 9729.76 9727.24 9724.37
