real_craters/C109-300m.grd
DSAA
233 233
-34.8075 34.8075
-34.8075 34.8075
8219.8115599089 10425.010515135
[rows 150 to 179 of 233, columns 134 to 200 of 233]
9864.01 9873.34 9878.2 9881.74 9887.27 9875.61 9867.69 9863.54 9864.9 9866.35 9858.29 9849.52 9842.09 9834.47 9828.22 9823.18 9822.39 9828.98 9835.93 9842.95 9849.39 9855.09 9858.9 9860.7 9860.97 9861.32 9861.26 9860.93 9859.49 9855.88 9852.86 9848.57 9852.46 9860.94 9871.04 9881.57 9890.33 9898.18 9904.35 9907.14 9907.48 9904.08 9891.65 9887.51 9883.36 9874.82 9863.6 9851.95 9840.91 9825.1 9804.66 9787.65 9780.75 9780.13 9781.77 9783.57 9786.49 9789.71 9793.38 9796.4 9797.94 9799.75 9799.17 9796.68 9791.88 9784.46 9776.83
9843.07 9851.09 9857.16 9861.36 9862.91 9859.61 9856.42 9854.87 9855.25 9855.41 9850.59 9845.68 9841.52 9838.16 9835.29 9832.84 9835.51 9838.5 9846.5 9856.4 9866.27 9871.5 9871.56 9870.74 9869.59 9868.87 9868.43 9868.8 9869.83 9868.62 9859.86 9852.88 9855 9862.72 9872.86 9884.13 9895.08 9904.1 9908.78 9910.34 9906.75 9895.16 9883.63 9879.26 9875.2 9869.19 9861.03 9852.12 9843.36 9826.25 9795.49 9780.58 9779.63 9778.72 9780.91 9783.64 9787.4 9791.44 9795.88 9799.83 9802.39 9804.48 9804.95 9803.44 9798.09 9791.15 9781.49
9828.89 9834.51 9839.97 9842.32 9841.3 9842.37 9845.02 9845.57 9844.22 9842 9841.13 9840.76 9840.57 9841.04 9840.88 9837.71 9836.75 9845.46 9855.91 9867.84 9880.29 9885.6 9882.21 9878.83 9876.47 9874.81 9874.13 9874.86 9877.09 9877.92 9865.9 9856.01 9855.61 9864.13 9875.61 9887.61 9899.38 9909.08 9914.55 9916.94 9913.27 9897.48 9885.74 9874.66 9870.46 9864.83 9857.65 9849.56 9837.96 9817.9 9793.42 9778.06 9778.05 9777.45 9780.45 9784.49 9789.3 9794.34 9799.75 9804.88 9809.35 9811.47 9813.13 9813.04 9809.36 9803.36 9791.54
9817.07 9823.66 9829.16 9832.35 9830.57 9833.92 9839.33 9838.97 9835.59 9832.51 9834.04 9837.23 9839.67 9841.13 9841.11 9842.02 9843.67 9853.06 9863.25 9874.6 9886.79 9892.7 9887.45 9883.12 9880.62 9879.66 9878.76 9877.85 9876.34 9874.08 9868.42 9859.99 9856.75 9867.13 9880.03 9892.61 9904.07 9912.9 9921.67 9927.06 9929.52 9928.88 9902.27 9885.33 9870.91 9862.57 9855.25 9847.25 9838.26 9825.14 9799.15 9780.88 9774.71 9776.43 9780.83 9786.23 9792.92 9799.03 9806.18 9811.5 9815.83 9819.92 9823.33 9824.77 9823.19 9819.53 9805.71
9809.33 9817.75 9825.34 9831.98 9838.47 9842.78 9842.42 9839.62 9834.68 9831.59 9832.71 9836.97 9840.96 9843.96 9846.27 9851.61 9857.82 9863.04 9868.34 9875.49 9883.93 9889.17 9885.66 9883.66 9882.92 9883.05 9882.66 9880.6 9876.73 9874.22 9874.03 9871.79 9867.33 9875.07 9888.1 9900.51 9911.48 9922.71 9929.2 9936.63 9942.06 9943.49 9905.96 9874.63 9866.94 9860.86 9853.83 9845.49 9836.37 9825.73 9798.73 9777.46 9774.39 9778.38 9784.52 9791.47 9798.79 9805.86 9812.96 9818.7 9824.73 9828.97 9832.92 9835.91 9836.74 9834.38 9817.44
9806.73 9816.54 9826.22 9835.07 9845.71 9851.51 9849.68 9846.79 9842.1 9837.42 9835.78 9839.86 9845.15 9850.61 9856.64 9862.04 9869.02 9870.28 9869.61 9871.51 9873.87 9875.13 9877.68 9880.68 9883.68 9886.53 9888.37 9887.7 9883.38 9882.52 9884.69 9886.5 9881.21 9887.88 9900.32 9912.05 9920.85 9925.13 9935.7 9943.71 9946.3 9938.66 9898.52 9864.62 9865.59 9861.86 9853.85 9842.74 9829.57 9813.72 9793.22 9777.07 9778.41 9781.44 9788.92 9798.9 9806.82 9814.54 9821.73 9828.31 9833.99 9838.44 9842.3 9845.63 9847.64 9846.41 9825.24
9807.72 9817.91 9828.47 9838.74 9849.39 9856.67 9856.65 9856.85 9856.93 9847.84 9841.3 9845.52 9851.26 9857.36 9863.38 9867.35 9870.63 9869.7 9866.66 9865.5 9864.15 9862.97 9870.13 9877.93 9884.93 9890.99 9895.8 9899.44 9901.93 9899.95 9898.16 9896.82 9896.13 9904.06 9916.07 9927.16 9935.98 9940.77 9948.4 9952.09 9948.93 9936.68 9912.62 9889.29 9879.6 9867.67 9854.51 9840.01 9824.22 9805 9793.92 9787.28 9781.86 9786.36 9796.84 9807.67 9816.71 9824.84 9831.68 9837.98 9843.09 9848.28 9851.08 9853.26 9853.99 9849.32 9829.32
9811.11 9821.49 9832.2 9842.68 9851.45 9855.15 9862.2 9864.29 9864.82 9857.08 9851.41 9853.18 9858.4 9864.32 9868.41 9869.38 9866.96 9863.21 9861.51 9860.59 9859.78 9860.72 9868.19 9878.14 9888.02 9896.64 9904.58 9911.75 9918.11 9916.78 9912.9 9911.01 9913.73 9924.14 9933.91 9943.66 9953.71 9963.49 9968.25 9963.16 9954.56 9946.37 9940.2 9926.13 9901.17 9876.12 9855.16 9838.13 9823.82 9813.02 9804.96 9801.29 9794.72 9797.9 9809.42 9820.1 9828.63 9836.87 9843.9 9849.96 9854.46 9857.93 9859.37 9859.53 9857.86 9853.87 9839.67
9815.6 9825.29 9835.93 9846.93 9856.49 9866.49 9868.81 9869.32 9866.89 9862.67 9859.15 9859.77 9865.69 9872.85 9877.6 9876.26 9866.55 9857.75 9857.68 9858.39 9859.23 9861.35 9869.46 9881.34 9892.68 9903.29 9913.09 9921.95 9928.69 9929.55 9927.2 9926.45 9937.23 9946.03 9951.07 9956.64 9966.81 9983.59 9986.1 9967.76 9954.4 9942.42 9931.94 9941.08 9909.87 9877.74 9854.26 9836.72 9823.71 9814.93 9809.64 9808.52 9809.6 9817.19 9828.58 9836.98 9844.3 9850.46 9857.02 9862.84 9866.36 9868.26 9868.14 9865.95 9860.54 9856.13 9854.7
9819.87 9829.7 9840.1 9851.03 9860.79 9869.47 9873.52 9874.75 9873.17 9867.14 9859.47 9863.18 9872.32 9882.23 9890.38 9888.79 9873.15 9859.36 9857.96 9859.63 9862.33 9865.77 9875.06 9887.78 9899.33 9910.63 9921.4 9931.09 9938.76 9942.49 9943.45 9943.27 9956.02 9964.88 9964.14 9962.32 9963.63 9970.88 9970.59 9954.8 9947.75 9939.4 9923.3 9924.38 9896.4 9867.33 9846.74 9831.11 9820.45 9813.05 9808.84 9810.51 9824.29 9844.56 9850.3 9854.76 9860.26 9865.76 9871.06 9875.54 9878.44 9879.74 9878.36 9874.74 9867.78 9864.82 9871.52
9824.74 9833.78 9843.92 9854.44 9864.52 9871.77 9877.99 9880.2 9879.21 9873.46 9861.92 9867.39 9878.9 9890.59 9901.04 9902.21 9882.38 9865.24 9861.58 9863.88 9869.09 9876.55 9886.73 9897.6 9908.24 9919.07 9930.05 9940.46 9949.42 9956.52 9962.31 9969.22 9980.33 9983.85 9971.59 9959.48 9947.14 9932.78 9918.37 9927.05 9938.26 9948.44 9944.11 9911.09 9868.81 9848.43 9834.46 9824.39 9817.37 9813.34 9813.62 9820.48 9840.52 9865.36 9865.7 9868.73 9874.44 9879.64 9884.83 9888.51 9891.38 9892.44 9890.87 9886.87 9880.59 9876.28 9876.42
9828.27 9836.48 9845.45 9855.67 9867.05 9880.27 9885.87 9883.96 9882.94 9879.45 9872 9876.69 9886.28 9895.91 9903.98 9903.41 9886.26 9870.19 9865.65 9868.8 9876.53 9888.84 9901.67 9907.88 9916.85 9927.12 9938.12 9949.55 9960.33 9969.1 9978.16 9986.02 9990.38 9988.17 9970.03 9953.22 9932.25 9906.09 9882.57 9902.04 9926.01 9950.86 9977.72 9895.53 9839.59 9829.9 9823.4 9818.02 9814.39 9813.84 9818.13 9826.27 9840.07 9856.17 9866.81 9877.57 9886.16 9892.79 9898.31 9901.1 9904 9905.67 9904.86 9901.14 9893.08 9883.65 9872.86
9831.66 9838.12 9845.79 9854.59 9864.86 9876.21 9882.18 9881.85 9882.43 9883.37 9885.3 9888.72 9893.09 9898.14 9901.69 9898.73 9886.26 9872.08 9868.15 9872.46 9881.31 9892.84 9902.17 9913.66 9923.47 9933.94 9944.85 9955.61 9967 9977.74 9986.79 9992.32 9984.55 9971.45 9962.97 9949.63 9929.59 9902.08 9876.26 9892.35 9911.85 9925.11 9921.52 9873.24 9828.85 9821.58 9817.86 9814.27 9811.58 9811.83 9818.43 9828.02 9840.33 9845.27 9869.72 9887.2 9897.32 9904.06 9909.63 9913.22 9916.81 9920.12 9920.9 9918.7 9908.58 9894.54 9875.41
9834.23 9839.01 9844.85 9851.13 9857.98 9865.35 9871.22 9873.76 9878.91 9885.59 9891.29 9895.23 9896.37 9898.16 9899.4 9897.47 9885.16 9872.06 9869.21 9874.96 9884.53 9896.81 9911.33 9919.73 9928.86 9939.65 9951.07 9962.32 9973.63 9984.13 9990.5 9990.89 9983.42 9966.93 9964.01 9953.95 9937.77 9918.25 9900.11 9902.87 9904.56 9901.18 9893.06 9871.08 9837.53 9825.69 9818.71 9813.15 9808.99 9807.32 9810.85 9826.9 9853.25 9873.8 9893.49 9902.82 9909.66 9915.08 9920.34 9924.13 9928.68 9933.61 9937.38 9939.35 9935.65 9917.04 9898.3
9835.61 9838.67 9842.19 9845.85 9849.11 9850.8 9850.68 9862.99 9872.18 9878.24 9887.11 9893.55 9895.84 9896.14 9894.99 9890.91 9882.04 9872.26 9870.73 9877.54 9887.12 9899.05 9912.28 9920.68 9932.28 9944.77 9956.47 9967.55 9979.47 9990.55 9998.95 10000.2 9995.24 9987.42 9978.2 9965.11 9951.16 9940.86 9940.03 9925.62 9903.24 9888.34 9889.81 9884.79 9852.08 9835.89 9824.31 9815.25 9809.04 9804.85 9804.49 9825.13 9859.94 9900.38 9914.7 9916.14 9919.58 9923.96 9927.57 9932.08 9937.78 9944.43 9950.92 9956.35 9955.4 9934.09 9912.49
9836.67 9838.24 9839.75 9841.19 9842.23 9843.1 9845.11 9856.93 9869.38 9880.82 9890.43 9893.12 9894.39 9892.83 9890.54 9886.2 9880.52 9875.15 9874.72 9881.52 9890.55 9898.22 9900.96 9917.22 9936.08 9950.46 9962.08 9971.71 9983.56 9994.82 10005 10008.5 10007.5 10007.8 9995.34 9975.63 9959.93 9950.57 9951.06 9930.24 9896.39 9870.03 9873.14 9888.39 9866.96 9848.67 9831.75 9819.7 9811.99 9808.19 9810.86 9831.32 9867.58 9898.18 9915.09 9921.14 9924.11 9927.78 9931.17 9936.45 9943.63 9951.35 9959.21 9965.88 9963.03 9941.34 9919.04
9837.25 9837.4 9838.12 9838.04 9837.81 9838.93 9844.78 9853.44 9867.96 9885.72 9895.25 9897.7 9892.19 9887.2 9885.83 9887.11 9886.25 9878.84 9878.17 9887.88 9898.48 9907.79 9915.13 9930.09 9945.43 9958.18 9969.26 9978.29 9988.33 9996.27 10000.3 10005.6 10009.3 10012.9 9998.8 9978.21 9961.09 9945.25 9925.38 9904.75 9889.87 9865.91 9862.05 9872.43 9876.63 9855.33 9836.98 9824.99 9818.19 9816.64 9823.25 9844.39 9877.26 9903.08 9914.98 9920.94 9924.92 9928.3 9931.88 9937.35 9944.7 9953.03 9961.58 9968.57 9965.63 9944.22 9923.8
9838.48 9838.26 9838.44 9837.18 9835.57 9834.36 9835.19 9846.35 9863.46 9877.74 9886.83 9891.37 9881.43 9876.4 9876.96 9881.8 9883.95 9880.73 9885.66 9897.2 9910.7 9924.8 9940.65 9951.69 9957.39 9965.25 9976.12 9988.69 9992.44 9998.04 10000.3 10002.8 10002.2 9994.99 9984.13 9971.47 9956.08 9939.69 9919.62 9904.19 9900.83 9893.87 9876.71 9858.28 9858.04 9849.27 9838.94 9830.81 9825.43 9824.96 9833.35 9855.82 9892.98 9915.53 9914.8 9920.14 9922.68 9924.88 9928.47 9933.82 9940.7 9949.02 9958.45 9965.68 9964.31 9949.48 9933.35
9839.42 9839 9838.05 9836.48 9834.73 9831.91 9829.3 9841.14 9862.01 9879.15 9883.86 9867.19 9859.44 9861.3 9864.12 9865.9 9868.06 9878.66 9891.13 9908.07 9924.16 9940.02 9954.52 9962.51 9964.97 9966.32 9970.28 9979.46 9987.53 9997.74 10005.2 10000.4 9992.67 9985.24 9976.13 9961.38 9949.26 9937.78 9926.62 9919.75 9920.55 9920.61 9898.42 9869.94 9852.3 9844.81 9841.31 9836.34 9831.92 9830.51 9836.06 9855.25 9900.01 9929.38 9925.88 9919.4 9916.44 9916.75 9919.78 9924.89 9931.38 9939.78 9949.43 9958.18 9962.04 9959.16 9946.47
9841.13 9841.84 9841.21 9840.32 9838.75 9836.85 9835.9 9846.25 9865.69 9882.1 9882.87 9850.21 9842.76 9850.06 9855.7 9858.29 9861.86 9882.2 9903.9 9921.08 9936.91 9952.47 9965.77 9972.62 9969.92 9961.92 9954.03 9956.58 9972.86 9988.93 10000.1 9990.24 9978.2 9966.09 9955.44 9945.83 9940.68 9937.19 9935.22 9933.4 9937.26 9934.58 9915.07 9889.73 9865.25 9852.53 9849.2 9843.89 9838.15 9834.56 9836.51 9851.01 9896.54 9931.21 9921.18 9908.96 9903.64 9903.49 9906.77 9911.9 9918.49 9926.6 9935.1 9943.77 9952.36 9956.82 9950.05
9843.91 9844.95 9845.6 9845.83 9845.94 9846.68 9850.53 9860.49 9872.57 9882.85 9879.5 9855.01 9843.92 9848.94 9855.87 9863.43 9874.56 9895.79 9916.31 9933.48 9946.9 9960.47 9976.26 9987.55 9971.68 9955.27 9943.83 9944.3 9957.42 9970.24 9977.29 9971.81 9959.84 9943.34 9926.28 9928.29 9931.65 9935.37 9941.62 9951.76 9947.73 9941.31 9927.39 9911.24 9889.75 9872.38 9864.85 9854.69 9844.82 9837.79 9836.11 9844.45 9883 9917.47 9897.75 9886.09 9883.85 9885.4 9889.86 9895.36 9902.15 9910.28 9919.16 9928.6 9940.41 9949.38 9946.85
9846.96 9848.33 9850.51 9852.51 9854.5 9857.77 9861.72 9869.07 9880.49 9889.2 9887.46 9869.75 9855.11 9854.54 9861.25 9873.29 9892.1 9910.46 9931.55 9944.66 9951.25 9959.03 9969.18 9975.08 9959.09 9944.07 9934.67 9936.4 9945.19 9951.56 9954.38 9954.34 9945.24 9930.42 9914.58 9918.23 9923.78 9929.87 9938.03 9947.07 9943.5 9936.58 9931.86 9929.06 9920.68 9904.18 9884.51 9865.08 9850.14 9839.65 9834.78 9838.89 9860.43 9879.01 9865.42 9858.59 9861.53 9866.24 9871.86 9877.74 9884.03 9891.29 9900.89 9915.16 9927.59 9937.45 9939.53
9849.26 9852.73 9857.16 9861.19 9864.91 9868.64 9872.62 9878.57 9889.13 9899.65 9905.23 9886.94 9864.4 9860.16 9866.2 9878.32 9894.66 9914.03 9935.42 9946.2 9947.07 9948.32 9947.48 9939.63 9934.7 9928.9 9922.88 9928.13 9938.68 9945.84 9947.25 9945.16 9937.34 9927.18 9919.34 9916.81 9917.99 9921.78 9926.36 9930.89 9928.69 9924.44 9925.22 9930.17 9934.61 9927.19 9893.77 9868.6 9850.69 9838.36 9830.95 9829.84 9836.31 9840.93 9835.18 9833.77 9841 9848.04 9855.13 9860.95 9866.24 9871.48 9878.11 9890.04 9908.83 9925.67 9928.49
9852.03 9857.62 9863.69 9869.62 9875.28 9880.55 9884.72 9887.58 9897.35 9905.28 9910.9 9890.12 9864.95 9862.7 9869.13 9879.9 9893.19 9908.74 9924.45 9933.45 9935.57 9934.84 9930.53 9921.18 9920.11 9918.86 9916.5 9924.61 9937 9949.14 9949.33 9941.73 9933.42 9925.2 9920.32 9914.41 9911.37 9911.03 9910.27 9909.88 9907.4 9906.35 9907.86 9909.64 9909.13 9901.4 9881.83 9861.81 9845.83 9833.74 9825.22 9819.88 9818.96 9818.49 9815.17 9816.44 9825.77 9834.93 9842.49 9848.31 9852.13 9854.14 9856.4 9864 9886.72 9905.16 9912.64
9854.62 9861.82 9869.39 9877.46 9885.34 9893.1 9899.9 9904.31 9907.47 9903.9 9892.92 9874.77 9861.88 9864.47 9871.91 9880.57 9889.31 9899.61 9910.52 9917.92 9921.73 9922.85 9922.19 9921.96 9920.99 9917.64 9916.2 9926.09 9936.78 9943.54 9944.01 9938.28 9930.07 9921.51 9913.36 9907.22 9903.81 9900.63 9894.66 9884.46 9880.59 9886.86 9886.15 9881.46 9872.48 9868.79 9859.13 9848.03 9836.69 9826.99 9819.6 9815.28 9813.13 9811.86 9809.43 9809.65 9818.24 9827.18 9835.23 9840.88 9843.54 9843.3 9842.32 9850.38 9869.91 9886.66 9896.89
9857.53 9866.09 9875.79 9885.22 9895.1 9905.41 9915.63 9925.42 9920.93 9904.58 9882.45 9865.52 9863.77 9870.42 9877.24 9882.83 9887.81 9893.64 9898.72 9903.87 9908.46 9912.32 9915.51 9918.97 9921.24 9923.29 9925.34 9933.72 9940.74 9942.1 9941.36 9935.73 9927.22 9917.32 9907.48 9900.53 9897.88 9894.17 9886.79 9874.88 9866.91 9871.98 9867.39 9858.74 9846.82 9840.3 9838.45 9833.43 9826.47 9819.79 9814.4 9810.71 9808.6 9808.89 9808.15 9808.55 9816.07 9825.48 9834.15 9840.22 9842.9 9841.75 9837.49 9844.82 9867.76 9882.4 9887.53
9861.11 9870.66 9880.89 9891.29 9902.33 9914.07 9925.87 9937.01 9930.63 9908.92 9885.39 9871.4 9876.54 9883.8 9886.85 9887.27 9886.54 9886.35 9887.5 9891.05 9896.95 9903.31 9909.35 9914.42 9922.48 9934.39 9941.26 9944.82 9949.1 9949.68 9943.18 9934.26 9924.81 9915.13 9904.34 9896.53 9896.28 9893.59 9888 9880.44 9875.35 9862.89 9853.36 9843.75 9835.73 9831.82 9826.83 9821.13 9816.78 9813 9809.47 9806.97 9806.36 9805.27 9805.15 9808.41 9819.11 9830.2 9840.01 9847.38 9851.78 9852.43 9849.62 9856.42 9872.75 9883.33 9885.2
9864.05 9873.7 9883.41 9894.02 9905.36 9917.33 9928.85 9936.31 9931.08 9913.64 9893.23 9883.26 9896.28 9902.84 9899.44 9893.74 9886.02 9877.59 9879.2 9881.59 9888.15 9896.69 9905.27 9914.79 9928.68 9946.37 9954.54 9949.63 9950.25 9954.3 9940.91 9930.67 9922.54 9914.95 9907.3 9901.37 9899.97 9896.98 9892.89 9886.58 9869.26 9854.98 9841.59 9830.89 9823.77 9817.26 9811.56 9808.99 9808.25 9807.55 9806.26 9804.32 9802.09 9807.25 9813.04 9818.37 9828.56 9840.2 9850.71 9859.87 9867.66 9873.65 9877.05 9881.39 9887.43 9891.75 9891.49
9866.91 9875.83 9885.21 9895.21 9905.78 9916.79 9927.43 9935.52 9934.23 9917.36 9901.25 9896.52 9912.84 9919.09 9910.34 9901.76 9893.38 9884.12 9882.55 9879.2 9884.09 9893.28 9901.93 9911 9923.11 9940.15 9946.92 9939.34 9933.91 9930.81 9927.8 9923.37 9919.11 9915.23 9912.15 9910.07 9905.66 9900.81 9896.55 9892.21 9871.78 9845.64 9830.43 9818 9806.96 9797.46 9794.17 9798.25 9801.97 9804.95 9806.71 9806.89 9806.97 9816.12 9829.58 9834.05 9842.98 9853.59 9863.8 9874.43 9885.98 9898.71 9909.3 9909.84 9906.1 9906.97 9905.18
9870.38 9877.16 9886.59 9895.25 9904 9913.15 9921.95 9929.17 9929.2 9915.61 9902.6 9898.91 9912.84 9920.62 9913.57 9908.08 9905.74 9906.01 9899.67 9888 9887.83 9894 9899.32 9903.37 9906.9 9913.18 9919.03 9918.41 9913.12 9910.36 9912.63 9913.23 9912.83 9912.73 9913.92 9914.85 9909.17 9901.04 9894.23 9888.41 9862.57 9835.58 9822.72 9809.03 9794.94 9785.8 9787.06 9793.03 9800.19 9806.72 9812.06 9815.39 9817.75 9827.74 9840.76 9851.66 9861.11 9867.1 9875.25 9886.45 9900.88 9917.72 9937.19 9934.04 9931.21 9925.42 9921.8
