real_craters/C109-1000m.grd
DSAA
41 41
-19.89 19.89
-19.89 19.89
8033.1869132578 9316.9788597302
9125.66 9058.4 8941.5 8888.13 8840.34 8822.13 8811.89 8804.59 8833.97 8864.06 8832.8 8810.64 8774.7 8745.52 8732.98 8723.22 8712.99 8705.5 8685.15 8658.72 8650.07 8641.84 8631.91 8631.56 8627.3 8611 8606.16 8607.87 8601.89 8625.82 8622.18 8621.48 8615.48 8612.84 8609.45 8612.51 8630.38 8663.46 8688.66 8706.15 8688.09 
9022.82 9036.1 8888.57 8833.1 8799.08 8785.53 8769.93 8763.39 8788.13 8830.23 8798.07 8785.09 8750.87 8735.58 8730.89 8725.65 8720.59 8717.43 8687.16 8667.76 8660.76 8651.57 8643.27 8632.88 8617.92 8602.49 8604.28 8591.24 8595.12 8595.86 8612.68 8610.27 8616.34 8615.86 8615.41 8617.19 8646.73 8686.66 8719.42 8734.37 8709.49 
8906.62 8878.89 8804.25 8763.11 8765.04 8767.16 8755.35 8747.3 8748.77 8764.07 8765.04 8756.43 8742.72 8737.87 8738.54 8740.01 8732.16 8751.8 8729.73 8698.68 8676.94 8660.06 8647.34 8632.04 8613.64 8598.83 8596.59 8584.19 8582.33 8595.64 8602.69 8612.49 8611.59 8617.24 8615.65 8625.91 8657.23 8706.65 8695.31 8753.06 8740.79 
8793.57 8755.23 8726.81 8749.41 8770.75 8763.16 8750.52 8740.65 8726.35 8721.88 8732.19 8721.48 8734.46 8741.71 8746.15 8754.14 8770.24 8754.45 8752.17 8719.58 8688.46 8667.3 8649.26 8632.02 8614.21 8604.91 8598.99 8585.12 8584.22 8589.24 8606.6 8620.56 8627.43 8617.42 8618.45 8628.84 8641.81 8746.79 8642.98 8544.38 8550.43 
8721.92 8701.47 8696.22 8715.69 8755.84 8753.26 8739.96 8725.84 8717.2 8702.26 8706.25 8710.16 8726.21 8739.97 8749.05 8751.2 8741.47 8719.48 8707.45 8699.48 8685.82 8668.93 8648.68 8626.63 8616.6 8604.38 8597.11 8585.8 8586.49 8591.26 8603.78 8611.83 8629.02 8647.28 8662.34 8650.48 8642.56 8776.46 8611.92 8544.53 8530.63 
8692.26 8687.68 8693.12 8691.3 8711.09 8727.78 8723.43 8717.29 8711.61 8701.42 8700.8 8707.5 8729.47 8746.79 8752.38 8749.4 8734.52 8709.66 8696.34 8693.76 8684.84 8672.74 8657.69 8642.45 8625.7 8621.18 8624.74 8602.75 8592.18 8614.28 8605.12 8602.53 8627.27 8644.85 8681.4 8678.16 8663.97 8706.77 8586.83 8529.97 8520.29 
8682.14 8677.24 8686.15 8679.53 8691.09 8702.97 8704.46 8702.02 8697.57 8694.88 8707.05 8707.56 8733.42 8761.66 8753.05 8745.57 8735.06 8717.5 8713.36 8699.03 8689.41 8678.49 8667.94 8654.46 8632.31 8614.01 8620.12 8610.91 8606.43 8594.39 8601.02 8596.12 8604.33 8625.69 8657.4 8686.19 8694.59 8683.44 8701.36 8585.62 8551.35 
8669.36 8686.39 8681.12 8670.71 8666.13 8677.98 8688.51 8693.54 8693.39 8689.33 8691.43 8696.62 8724.96 8745.14 8742.72 8735 8736.06 8730.56 8730.05 8710.72 8699.24 8685.97 8670.63 8655.18 8641.37 8635.23 8637.46 8617.69 8605.98 8601.49 8599.22 8601.85 8597.84 8607.59 8638.65 8674.6 8696.39 8678.19 8696.35 8751.33 8714.78 
8662.99 8685.22 8689.61 8672.53 8669.19 8666.85 8678.46 8691.57 8688.4 8678.82 8688 8692.07 8709.93 8720.87 8725 8722.3 8730.87 8728.21 8725.72 8726.66 8711.1 8695.14 8677.67 8667.8 8656.61 8642.1 8645.23 8626.53 8612.89 8604.72 8603.37 8608.38 8608.95 8611.9 8626.5 8652.16 8687.53 8702.08 8685.7 8707.64 8732.2 
8654 8642.14 8669.95 8668.16 8658.16 8660.69 8669.18 8678.29 8675.18 8673.35 8680.48 8687.34 8701.98 8711.93 8713.99 8710.34 8716.2 8725.62 8730.47 8730.84 8719.88 8708.4 8692.89 8682.02 8672.35 8664.57 8645.26 8632.44 8617.33 8608.8 8604.57 8611.58 8611.01 8616.91 8626.33 8636.76 8656.55 8692.65 8689.88 8721.71 8751.91 
8646.1 8644.76 8671.09 8672.73 8656.99 8649.9 8660.26 8670.09 8672.87 8670.01 8672.64 8690.37 8700.86 8708.53 8708.79 8709.96 8712.67 8721.35 8727.48 8720.08 8731.64 8732.44 8728.88 8714.2 8705.89 8693.35 8680.88 8648.04 8626.05 8618.07 8616.66 8621.39 8623.53 8626.29 8632.97 8638.58 8660.68 8678.22 8684.44 8736.67 8803.52 
8638.02 8640.78 8663.16 8661.06 8649.76 8644.81 8653.39 8662.22 8670.1 8680.71 8687.45 8696.89 8701.69 8704.64 8705.94 8702.34 8710.49 8720.18 8743.54 8761.74 8784.48 8787.16 8755.71 8745.2 8724.9 8699.8 8690.97 8695.52 8654.63 8639.86 8635.76 8637.03 8632.79 8634.2 8639.02 8640 8662.24 8685.89 8710.26 8790.2 8898.38 
8639.96 8664.86 8655.49 8656 8644.56 8644.48 8648.17 8652.81 8656.86 8671.79 8694.13 8694.49 8701.12 8712.97 8720.44 8712.17 8707.22 8731.59 8793.37 8831.58 8879.79 8883.62 8808.87 8797.96 8753.5 8724.06 8711.67 8722.83 8696.14 8665.4 8660.21 8656.72 8647.76 8643.64 8656.18 8665.07 8679.95 8698.72 8756.66 8876.84 9032.36 
8630.69 8647.9 8640.33 8642.9 8641.17 8639.27 8642.92 8648.88 8655.7 8673.92 8690.69 8692.19 8696.9 8701.48 8709.39 8724.57 8742.85 8803.97 8866.89 8976.84 9007.15 8959.36 9015.01 8881.7 8805.02 8767.15 8731.81 8706.84 8694.7 8673.93 8667.05 8673.72 8678.9 8658.09 8676.66 8725.48 8716.4 8744.6 8819.67 8972.31 9157.77 
8640.93 8642.7 8652.47 8653.43 8642.74 8636.5 8640.87 8653.53 8666.94 8678.97 8682.54 8695.5 8694.49 8698.81 8711.71 8758.74 8848.79 8977.71 8840.75 8782.42 8724.45 8721.32 8776.28 8838.99 8984.16 8853.22 8752.8 8693.36 8682.51 8683.67 8678.25 8688.15 8690.31 8682.79 8687.15 8727.96 8754.75 8813.65 8899.65 9039.68 9228.76 
8636.12 8645.73 8657.88 8648.41 8639.02 8640.71 8646.57 8651.05 8668.78 8681.77 8686.19 8685.54 8697.18 8723.18 8752.96 8864.83 8816.06 8741.55 8628.85 8493.65 8389.47 8385.87 8450.62 8602.93 8797.3 8968.52 8828.35 8736.51 8690.41 8684.64 8686.98 8701.38 8704.6 8695.39 8699.94 8718.18 8764.74 8847.06 8944.16 9060.33 9140.26 
8630.65 8664.05 8652.36 8644.92 8632.68 8624.71 8631.53 8644.49 8666.18 8678 8679.35 8671.72 8719.96 8799.57 8864.84 8814.34 8589.44 8410.26 8370.07 8285.54 8203.5 8208.41 8272.41 8381.8 8552.93 8817.96 8843.15 8748.01 8689.05 8678.83 8692.6 8710.15 8705.86 8693.85 8715.02 8739.53 8791.1 8879.32 8965.95 9053.27 9114.28 
8641.47 8642.49 8632.42 8639.32 8630.6 8626.59 8634.26 8655.56 8668.01 8679.88 8677.29 8669.56 8744.71 8871.06 8946.14 8609.44 8383.55 8247.54 8200.57 8168.05 8150.49 8151.37 8196.47 8284.6 8444.29 8697.24 8857.2 8800.78 8709.65 8689.14 8697.03 8717.8 8715.91 8715.88 8756.42 8786.65 8828.34 8866.72 8930.83 8991.38 9038.43 
8641.04 8631.77 8629.58 8625.9 8631.77 8649.39 8659.58 8672.56 8669.46 8671.47 8667.31 8662.67 8740.74 8864.2 8845.98 8481.63 8285.66 8178.57 8134.21 8103.61 8088.26 8101.98 8149.79 8211.5 8336.95 8563.24 8916.15 8797.27 8735.46 8685.88 8690.29 8704.29 8719.17 8730.79 8762.86 8791.13 8814.21 8866.33 8899.99 8937.79 8973.64 
8635.35 8629.8 8625 8625.61 8632.98 8654.44 8668.59 8664.74 8662.09 8657.81 8653.76 8664.22 8729.05 8817.76 8746.91 8407.17 8239.87 8154.69 8112.9 8076.45 8033.19 8085.59 8127.44 8165.92 8287.17 8508.35 8902.39 8850.9 8754.95 8747.28 8706.99 8689.66 8713.42 8737.36 8748.56 8767.31 8796.37 8835.46 8872.39 8903.8 8932.26 
8630.37 8629.34 8628.64 8628.76 8631.14 8640.12 8670.38 8674.5 8660.07 8649.44 8668.5 8666.57 8712.15 8768.48 8641.84 8344.68 8235.32 8172.83 8138.03 8107.02 8091.95 8118.56 8135.79 8161.65 8263.05 8466.52 8747.8 8923.64 8753.02 8741.73 8718.56 8702.95 8708.59 8728 8759.31 8754.52 8800.28 8801.1 8811.8 8849.66 8885.67 
8628.46 8626.12 8625.88 8630.1 8634.19 8633.79 8664.3 8680.32 8665.48 8663.78 8665.92 8663.53 8701.09 8731.44 8566.37 8313.41 8259.53 8208.8 8175.2 8152.88 8153.4 8162.15 8159.03 8179.74 8248.9 8422.75 8740.55 8910.63 8739.96 8722.6 8701.58 8690.66 8706.7 8722.88 8773.69 8745.87 8769.34 8797.34 8791.77 8813.18 8845.31 
8628.81 8624.11 8620.9 8619.03 8619.8 8638.84 8668.64 8680 8672.3 8662.06 8648.51 8654.99 8690.31 8751.31 8586.48 8377.82 8293.94 8259.87 8228.62 8196.5 8176.08 8178.76 8174.51 8190.84 8294.05 8517.82 8819.72 8858.67 8725.34 8699.37 8684.35 8685.96 8706.72 8724.73 8719.18 8727.27 8762.54 8785.98 8774.39 8777.51 8813.19 
8639.57 8620.14 8611.47 8617.88 8638.55 8655.9 8664.02 8668.63 8668.79 8658.49 8653.8 8664.07 8684.88 8772.71 8743.81 8516.37 8377.47 8343.2 8303.76 8250.38 8191.14 8183.99 8205.78 8259.15 8396.48 8718.29 8865.12 8784.3 8711.77 8692.48 8679.68 8685.6 8703.05 8710.15 8714.03 8724.37 8768.97 8783.34 8774.05 8779.9 8825.35 
8625.56 8617.72 8619.39 8641.45 8665.57 8657.65 8654.21 8663.44 8658.62 8654.4 8653.58 8661.6 8684.35 8729.73 8861.91 8717.85 8554.48 8486.81 8421.16 8344.65 8266.27 8246.42 8292.51 8385.53 8579.86 8815.94 8809.55 8750.5 8723.57 8697.12 8681.14 8679.89 8689.68 8701.64 8705.03 8713.43 8746.63 8788.54 8781.41 8797.97 8818.37 
8613.06 8611.47 8640.7 8668.67 8643.54 8648.68 8655.16 8657.66 8653.21 8656.06 8669.45 8673.21 8685.73 8721.66 8785.97 8915.49 8787.71 8646.92 8560.14 8490.77 8408.48 8393.01 8465.76 8601.52 8829.19 8842.16 8777.11 8734.36 8711.82 8697.46 8684.24 8677.11 8680.68 8694.78 8708.4 8725.81 8743.97 8780.46 8777.1 8785.55 8798.65 
8608.03 8607.44 8674.83 8667.67 8645.99 8645.95 8651.36 8661.4 8658.31 8656.66 8658.44 8670.57 8683.05 8711.62 8754.15 8835.04 8822.27 8741.06 8696.74 8687.68 8659.21 8655.7 8660.72 8736.82 8860.47 8823.11 8750.89 8722.08 8706.77 8696.42 8685.76 8682.6 8687.62 8698.63 8707.69 8729.21 8745.99 8785.95 8756.77 8765.44 8808.11 
8605.09 8611.44 8662.2 8670.27 8645.65 8648.29 8656.36 8656.75 8665 8657.83 8656.53 8667.55 8683.96 8715.6 8742.63 8761.57 8786.35 8775.67 8781.76 8824.67 8936.28 8886.27 8840.81 8849.59 8804.72 8748.81 8716.28 8699.5 8684.25 8676.79 8680.29 8684.51 8689.06 8696.61 8709.12 8720.71 8746.42 8788.1 8757.54 8792.6 8824.1 
8612.02 8610.6 8627.92 8665.39 8648.17 8639.11 8642.88 8651.08 8655.72 8654.67 8655.12 8659.63 8677.3 8701.19 8726.43 8725.14 8742.51 8761.65 8778.89 8795.21 8807.03 8814.16 8818.67 8799.01 8757.66 8718.61 8696.98 8685.08 8678.71 8681.49 8679.74 8684.48 8693.39 8688.88 8706.04 8726.16 8755.55 8751.58 8731.63 8788.47 8856.62 
8603.49 8600.49 8612.04 8646.86 8659.75 8641.22 8636.7 8638.77 8647.38 8649.83 8650.3 8658.78 8665.53 8698.44 8711.09 8711.01 8726.58 8746.31 8758.94 8759.57 8756.27 8759.73 8744.95 8736.94 8719.78 8703.59 8693.47 8684.73 8682.36 8681.27 8678.02 8681.75 8682.81 8682.39 8712.64 8759.06 8744.87 8733.28 8736.64 8792.59 8878.14 
8605.86 8603.64 8602.97 8616.55 8655.41 8660.52 8645.49 8637.75 8640.98 8647.93 8651.24 8656.67 8669.32 8700.87 8709.3 8712.62 8723.16 8734.47 8745.52 8752.48 8748.59 8744.4 8729.25 8714.6 8705.65 8699.19 8696.95 8687.37 8683.96 8682.32 8682.15 8682.77 8679.75 8677.46 8703.38 8752.01 8711.58 8728.43 8759.77 8823.68 8879.93 
8611.11 8612.46 8609.42 8607.91 8634.57 8650.1 8645.96 8642.42 8642.65 8652.5 8665.06 8676.18 8682.56 8703.02 8708.28 8711.3 8718.17 8726.57 8736.89 8746.91 8746.36 8740.33 8737.68 8721.05 8709.19 8702.92 8702.29 8704.11 8695.83 8690.87 8690.33 8687.28 8681.97 8684.29 8705.02 8739.67 8704.53 8724.97 8775.75 8854.33 8904.67 
8609.94 8610.87 8609.55 8597.38 8606.33 8637.19 8640.09 8644.9 8649.07 8658.1 8671.2 8683.8 8695.73 8706.95 8709.45 8708.61 8713.96 8719.51 8727.47 8729.9 8735.46 8733.2 8725.81 8723.33 8715.17 8715.12 8703.75 8691.63 8698 8701.51 8698.95 8694.06 8692.43 8701.51 8716.3 8734.72 8701.54 8708.93 8747.5 8815.44 8875.62 
8607.48 8602.52 8596.63 8594.67 8608.14 8640.15 8635.99 8648.82 8653.37 8661.01 8669.71 8681.75 8693.83 8710.52 8708.89 8706.59 8703.78 8712.52 8721.94 8733.2 8734.8 8734.18 8726.87 8719.9 8718.68 8722.75 8714.2 8705.33 8699.33 8692.39 8692.75 8699.46 8706.82 8715.75 8740.39 8762.91 8724.72 8724.44 8756.41 8803.64 8873.34 
8602.66 8597.61 8592.71 8599.44 8608.76 8661.86 8658.29 8647.57 8656.04 8662.74 8671.2 8676.37 8689.95 8688.51 8698.14 8699.94 8704.73 8708.29 8716.2 8726.92 8737.96 8746.44 8743.69 8728.91 8729.01 8730.06 8726.43 8723.36 8705.1 8681.78 8688.53 8707.1 8721.88 8753.56 8737.25 8705.56 8706.35 8741.07 8772.78 8829.42 8900.96 
8605.99 8600.47 8600.91 8597.24 8599.43 8608.62 8655.17 8673.31 8659.32 8664.97 8679.19 8689.4 8682.28 8683.53 8685.7 8690.39 8690.71 8701.16 8716.05 8725.29 8739.28 8754.19 8756.56 8751.46 8746.06 8741.66 8726.74 8713.99 8704.02 8702.34 8706.4 8719.8 8735 8734.56 8708.3 8699.07 8713.95 8764.73 8808.99 8863.96 8934.39 
8614.9 8605.11 8607.07 8602.85 8597.56 8595.69 8614.61 8655.83 8651.78 8665.87 8689.53 8708.04 8692.48 8685.31 8692.94 8695.07 8695.98 8707.59 8729.38 8734.56 8730.62 8741.24 8751.35 8755.87 8767.03 8750.29 8720.26 8702.65 8685.43 8684.73 8721.4 8723.43 8715.67 8696.07 8728.68 8725.64 8749.56 8809.43 8853.23 8918.33 9010.19 
8634.19 8613.62 8608.91 8601.39 8600.03 8599.31 8633.49 8660.13 8660.94 8671.08 8695.27 8723.47 8719.67 8706.63 8711.91 8712.4 8714.18 8722.78 8737.35 8729.2 8711.06 8694.87 8702.55 8729.81 8713.24 8725.51 8724.37 8697.01 8671.74 8657.81 8682.82 8708.75 8724.35 8707.81 8757.39 8761.85 8819.03 8857.56 8896.78 8983.49 9094.21 
8664.03 8630.73 8619.32 8614 8622.64 8635.86 8671.99 8668.05 8659.93 8659.41 8688.27 8730.12 8755.69 8739.08 8733.95 8716.04 8721.84 8729.28 8699.58 8703 8696.53 8689.8 8693.01 8705.56 8707.81 8717.51 8718.88 8709.4 8683.23 8664.34 8671.99 8699.57 8729.19 8731.03 8765.56 8804.06 8861.83 8916.2 8958.62 9061.41 9207.36 
8680.32 8641.52 8618.48 8613.11 8644.07 8661.15 8650.27 8636.64 8631.44 8639.58 8665.69 8689.56 8735.8 8716.56 8681.39 8693.82 8694.91 8685.1 8681.72 8686.65 8689.87 8689.27 8690.17 8706.02 8709.13 8724.34 8725.46 8714.36 8690.41 8674.91 8678.36 8707.37 8761.69 8783.6 8827.85 8889.96 8934.95 8979.94 9043.74 9144.25 9289.5 
8701.67 8651.38 8622.92 8619.37 8638.69 8656.46 8638.23 8629.33 8631.21 8632.47 8651.73 8673.57 8696.39 8673.62 8669.62 8680.29 8683.94 8679.35 8680.59 8686.09 8691.04 8693.14 8696.48 8707.97 8717.6 8747.83 8766.11 8738.25 8709.81 8700.19 8700.63 8741.87 8818.84 8842.65 8896.3 8979.03 9047.93 9063.73 9131.53 9211.19 9316.98 
