real_craters/C109-750m.grd
DSAA
94 94
-34.8075 34.8075
-34.8075 34.8075
8223.2550249255 10418.380961882
[rows 0 to 35 of 94, columns 0 to 79 of 94]
9518 9520 9522 9532 9542 9546 9548 9559 9592 9605 9579 9561 9558 9564 9575 9573 9565 9556 9557 9561 9563 9563 9564 9564 9559 9558 9558 9557 9557 9553 9553 9552 9550 9547 9548 9549 9541 9537 9532 9534 9536 9538 9539 9540 9542 9547 9550 9549 9547 9528 9514 9501 9502 9505 9509 9546 9551 9566 9559 9565 9568 9563 9550 9534 9524 9513 9516 9521 9524 9527 9529 9530 9530 9525 9531 9535 9537 9536 9535 9537
9535 9539 9542 9547 9552 9560 9566 9569 9578 9580 9572 9564 9556 9553 9559 9561 9556 9547 9546 9553 9559 9563 9565 9567 9558 9558 9558 9557 9555 9551 9549 9547 9542 9538 9534 9536 9538 9537 9527 9527 9528 9531 9534 9536 9540 9543 9548 9552 9551 9533 9516 9509 9509 9507 9506 9528 9539 9554 9550 9555 9562 9565 9557 9546 9534 9526 9522 9522 9528 9529 9530 9530 9529 9529 9540 9542 9538 9535 9536 9538
9554 9560 9562 9562 9567 9575 9579 9579 9569 9566 9561 9543 9549 9551 9552 9555 9553 9549 9545 9550 9556 9560 9563 9553 9555 9556 9556 9555 9550 9546 9545 9542 9538 9535 9532 9527 9530 9534 9528 9523 9522 9524 9527 9530 9533 9537 9539 9546 9553 9544 9538 9525 9516 9512 9512 9532 9535 9542 9544 9552 9559 9561 9557 9549 9547 9547 9543 9543 9539 9537 9537 9535 9535 9541 9557 9556 9549 9543 9544 9543
9565 9556 9566 9574 9580 9591 9596 9589 9588 9596 9572 9564 9552 9549 9553 9561 9560 9547 9546 9552 9558 9561 9563 9553 9554 9554 9553 9552 9544 9543 9542 9539 9537 9534 9530 9525 9524 9525 9526 9515 9515 9517 9521 9524 9526 9528 9533 9536 9554 9576 9572 9541 9519 9517 9519 9544 9550 9527 9537 9557 9564 9558 9555 9551 9561 9578 9599 9568 9553 9547 9544 9543 9544 9553 9570 9570 9564 9558 9552 9546
9581 9585 9579 9585 9591 9600 9606 9582 9580 9572 9565 9553 9543 9552 9573 9583 9577 9568 9561 9561 9561 9561 9560 9553 9551 9553 9552 9550 9544 9541 9541 9539 9537 9534 9531 9530 9528 9525 9521 9510 9512 9516 9520 9523 9527 9532 9535 9533 9582 9590 9592 9551 9522 9519 9518 9541 9558 9534 9542 9561 9567 9560 9559 9561 9576 9589 9598 9582 9565 9557 9553 9552 9554 9564 9577 9580 9578 9574 9565 9553
9597 9599 9597 9596 9597 9596 9586 9575 9574 9569 9563 9562 9549 9557 9579 9589 9589 9589 9582 9574 9571 9569 9568 9557 9556 9556 9553 9550 9543 9543 9541 9540 9539 9538 9535 9533 9530 9524 9520 9514 9514 9518 9522 9527 9531 9537 9548 9581 9585 9597 9577 9547 9522 9514 9523 9535 9565 9544 9551 9562 9567 9562 9566 9580 9592 9594 9590 9582 9574 9567 9562 9560 9564 9576 9588 9586 9585 9586 9573 9560
9604 9610 9604 9602 9601 9595 9583 9574 9574 9572 9567 9562 9558 9559 9567 9574 9584 9598 9594 9580 9575 9571 9568 9559 9557 9555 9553 9552 9545 9544 9542 9542 9541 9538 9535 9530 9527 9527 9524 9519 9519 9522 9527 9533 9538 9543 9546 9542 9549 9568 9564 9537 9525 9519 9537 9536 9573 9563 9567 9568 9569 9567 9576 9595 9593 9594 9593 9585 9580 9574 9569 9567 9566 9578 9589 9586 9582 9577 9566 9560
9605 9604 9604 9603 9602 9599 9587 9579 9573 9570 9567 9566 9568 9564 9559 9562 9575 9585 9593 9589 9576 9572 9569 9562 9559 9557 9556 9558 9548 9548 9546 9544 9543 9537 9535 9530 9528 9534 9524 9519 9523 9528 9535 9542 9549 9553 9551 9542 9538 9541 9534 9524 9524 9522 9543 9535 9579 9590 9581 9581 9580 9583 9589 9588 9586 9591 9591 9588 9583 9581 9578 9575 9572 9578 9583 9580 9573 9562 9557 9558
9607 9603 9602 9601 9597 9593 9588 9584 9579 9567 9573 9578 9572 9565 9554 9551 9579 9587 9591 9590 9579 9577 9575 9567 9565 9562 9561 9562 9552 9551 9548 9547 9546 9542 9537 9531 9526 9527 9518 9519 9524 9530 9538 9547 9556 9564 9565 9558 9541 9532 9534 9518 9514 9515 9539 9524 9559 9566 9577 9587 9577 9587 9590 9576 9579 9593 9606 9607 9593 9590 9587 9584 9584 9584 9581 9575 9568 9561 9558 9560
9607 9605 9601 9597 9592 9583 9589 9591 9589 9576 9576 9588 9594 9570 9554 9556 9592 9597 9588 9585 9584 9577 9569 9569 9567 9565 9563 9562 9557 9555 9552 9550 9546 9541 9538 9534 9531 9523 9521 9521 9525 9532 9541 9551 9561 9571 9584 9582 9556 9533 9529 9517 9511 9509 9530 9531 9543 9550 9556 9560 9564 9569 9567 9575 9580 9599 9620 9624 9612 9600 9592 9588 9587 9582 9575 9570 9566 9564 9565 9563
9605 9603 9599 9594 9592 9593 9589 9587 9575 9590 9576 9583 9576 9566 9551 9541 9557 9569 9572 9573 9573 9572 9564 9565 9564 9561 9559 9559 9559 9558 9557 9554 9548 9542 9539 9535 9530 9523 9515 9515 9523 9531 9540 9549 9559 9569 9580 9578 9559 9539 9535 9521 9516 9511 9532 9547 9527 9534 9537 9538 9560 9562 9562 9574 9588 9597 9617 9625 9622 9604 9592 9582 9575 9563 9565 9565 9563 9561 9562 9563
9614 9607 9598 9591 9585 9583 9587 9587 9568 9568 9589 9581 9576 9566 9552 9538 9532 9547 9557 9559 9558 9558 9560 9558 9559 9556 9557 9566 9559 9564 9563 9560 9556 9549 9542 9535 9529 9522 9508 9510 9519 9527 9535 9544 9552 9560 9566 9563 9554 9541 9548 9538 9528 9517 9539 9565 9529 9529 9528 9541 9555 9556 9570 9568 9566 9584 9608 9619 9611 9602 9590 9575 9564 9564 9564 9565 9563 9561 9563 9566
9605 9602 9594 9585 9578 9575 9580 9583 9574 9572 9582 9578 9571 9568 9561 9555 9541 9541 9546 9551 9559 9559 9561 9562 9563 9564 9565 9565 9565 9570 9569 9567 9564 9556 9546 9536 9525 9517 9507 9512 9520 9528 9537 9543 9549 9554 9556 9571 9574 9573 9565 9558 9559 9555 9594 9591 9538 9531 9528 9537 9537 9544 9542 9557 9564 9582 9606 9611 9602 9604 9593 9579 9569 9564 9568 9569 9568 9566 9569 9570
9608 9597 9589 9581 9572 9570 9579 9607 9625 9586 9580 9583 9579 9574 9568 9563 9551 9542 9540 9541 9544 9545 9558 9565 9566 9570 9570 9577 9575 9582 9578 9572 9564 9558 9549 9538 9528 9522 9518 9518 9525 9532 9540 9546 9551 9555 9567 9589 9597 9600 9598 9610 9603 9613 9571 9580 9550 9543 9541 9540 9543 9546 9548 9556 9566 9595 9625 9637 9638 9621 9601 9585 9578 9576 9576 9576 9576 9572 9574 9576
9591 9591 9587 9581 9574 9577 9588 9585 9569 9570 9582 9589 9587 9582 9573 9558 9545 9545 9542 9549 9555 9556 9567 9566 9570 9572 9573 9578 9577 9586 9583 9580 9577 9566 9555 9544 9533 9528 9523 9526 9532 9538 9544 9548 9550 9552 9555 9581 9585 9583 9604 9630 9607 9567 9546 9562 9547 9553 9568 9547 9552 9560 9569 9577 9585 9615 9645 9677 9636 9625 9613 9595 9589 9588 9583 9584 9587 9593 9583 9581
9585 9587 9588 9586 9585 9586 9588 9586 9600 9593 9585 9588 9595 9592 9584 9568 9548 9558 9564 9566 9568 9571 9572 9575 9576 9577 9577 9586 9584 9590 9587 9585 9583 9574 9563 9554 9544 9537 9538 9539 9540 9542 9546 9551 9556 9559 9555 9566 9571 9567 9583 9607 9599 9563 9546 9557 9545 9556 9571 9553 9560 9575 9593 9601 9607 9631 9647 9649 9631 9640 9631 9614 9595 9584 9584 9588 9596 9599 9587 9583
9584 9588 9591 9593 9593 9591 9588 9595 9609 9601 9593 9601 9611 9610 9604 9601 9582 9582 9580 9582 9584 9585 9588 9588 9588 9590 9590 9590 9597 9594 9591 9586 9582 9579 9574 9566 9556 9549 9547 9545 9547 9549 9554 9558 9566 9582 9593 9571 9574 9572 9582 9606 9611 9596 9584 9561 9543 9558 9565 9570 9588 9603 9609 9612 9619 9632 9646 9655 9657 9662 9649 9640 9596 9580 9582 9588 9597 9599 9592 9588
9586 9593 9598 9602 9604 9599 9594 9593 9598 9603 9611 9633 9638 9631 9622 9612 9617 9606 9599 9599 9603 9603 9601 9600 9599 9598 9598 9596 9596 9599 9595 9586 9584 9588 9588 9582 9568 9556 9553 9553 9555 9558 9562 9565 9568 9569 9585 9603 9592 9593 9600 9600 9619 9598 9590 9559 9553 9580 9624 9622 9629 9634 9623 9617 9613 9619 9652 9688 9688 9669 9654 9620 9590 9578 9580 9584 9588 9590 9588 9584
9592 9602 9609 9614 9611 9610 9606 9610 9622 9622 9627 9662 9656 9645 9637 9627 9617 9620 9620 9620 9616 9609 9608 9608 9605 9605 9605 9612 9605 9606 9603 9594 9591 9603 9608 9608 9596 9566 9559 9560 9561 9565 9568 9571 9571 9565 9568 9584 9593 9603 9612 9605 9633 9593 9597 9565 9582 9602 9621 9629 9634 9632 9622 9608 9610 9620 9658 9699 9702 9702 9680 9638 9608 9590 9585 9584 9581 9579 9582 9580
9607 9619 9627 9630 9627 9624 9620 9627 9641 9640 9629 9635 9649 9653 9650 9642 9633 9634 9636 9636 9632 9626 9621 9617 9617 9615 9617 9619 9608 9607 9615 9629 9630 9627 9629 9627 9613 9579 9564 9563 9567 9573 9576 9577 9580 9590 9573 9569 9586 9600 9609 9610 9619 9594 9609 9624 9614 9608 9610 9625 9635 9637 9625 9616 9617 9629 9658 9698 9725 9727 9717 9689 9627 9604 9595 9592 9591 9587 9585 9583
9633 9639 9649 9656 9654 9641 9626 9615 9625 9633 9635 9628 9647 9660 9664 9665 9655 9653 9648 9643 9645 9639 9635 9631 9629 9627 9626 9623 9614 9615 9619 9623 9636 9643 9647 9644 9622 9594 9574 9574 9583 9589 9589 9585 9581 9578 9571 9571 9582 9594 9602 9614 9634 9615 9627 9641 9631 9619 9624 9632 9637 9638 9626 9616 9619 9633 9651 9688 9726 9734 9727 9698 9640 9617 9604 9598 9598 9595 9592 9591
9649 9660 9672 9680 9678 9665 9646 9631 9636 9643 9646 9654 9665 9672 9676 9669 9673 9670 9655 9654 9652 9644 9639 9637 9634 9632 9631 9631 9618 9612 9619 9622 9636 9652 9664 9670 9644 9602 9591 9589 9608 9612 9603 9592 9580 9571 9573 9577 9584 9593 9601 9619 9649 9692 9664 9653 9640 9622 9632 9638 9640 9635 9631 9620 9620 9621 9629 9675 9708 9735 9731 9699 9656 9628 9611 9601 9595 9598 9604 9606
9663 9683 9699 9714 9708 9692 9682 9683 9677 9671 9678 9690 9693 9691 9691 9688 9670 9656 9656 9659 9662 9651 9645 9641 9640 9636 9635 9634 9607 9609 9618 9628 9640 9656 9674 9683 9661 9625 9605 9643 9670 9643 9619 9598 9580 9569 9576 9583 9591 9600 9609 9624 9643 9673 9675 9673 9653 9636 9632 9641 9648 9653 9653 9647 9636 9613 9638 9677 9710 9731 9718 9688 9658 9637 9620 9606 9601 9604 9618 9642
9692 9707 9719 9731 9723 9705 9692 9687 9695 9687 9677 9695 9704 9705 9703 9689 9671 9655 9660 9666 9668 9656 9652 9650 9645 9640 9639 9636 9620 9608 9617 9623 9635 9651 9671 9692 9666 9624 9607 9668 9678 9655 9630 9606 9585 9572 9579 9590 9602 9614 9624 9633 9643 9651 9665 9658 9658 9656 9641 9644 9657 9671 9675 9674 9668 9655 9683 9689 9699 9715 9710 9690 9669 9647 9628 9612 9602 9610 9622 9635
9736 9737 9736 9720 9718 9705 9685 9673 9684 9724 9711 9711 9718 9716 9710 9701 9687 9668 9678 9680 9681 9667 9663 9654 9649 9645 9642 9636 9612 9613 9614 9615 9625 9636 9649 9662 9663 9647 9625 9658 9656 9648 9634 9614 9602 9593 9587 9603 9617 9630 9643 9649 9655 9657 9664 9662 9656 9638 9630 9644 9660 9675 9681 9681 9682 9696 9695 9693 9700 9702 9697 9698 9679 9656 9639 9622 9613 9616 9622 9626
9764 9766 9773 9773 9744 9716 9690 9669 9713 9734 9740 9747 9746 9721 9711 9713 9711 9723 9705 9698 9681 9675 9671 9664 9657 9650 9647 9639 9631 9619 9610 9608 9614 9620 9622 9627 9651 9666 9686 9671 9656 9644 9634 9624 9612 9610 9614 9623 9634 9646 9658 9670 9669 9667 9670 9668 9655 9641 9639 9649 9661 9672 9676 9675 9675 9688 9684 9686 9689 9691 9695 9671 9671 9666 9655 9643 9631 9629 9627 9626
9766 9778 9799 9827 9775 9732 9692 9683 9700 9746 9749 9741 9725 9714 9704 9711 9715 9715 9713 9707 9692 9687 9676 9669 9663 9658 9652 9643 9639 9625 9616 9610 9613 9613 9610 9614 9645 9668 9678 9669 9652 9646 9642 9638 9636 9635 9641 9647 9652 9659 9665 9673 9684 9688 9691 9677 9659 9663 9653 9659 9667 9674 9677 9674 9671 9682 9675 9680 9691 9699 9669 9669 9678 9676 9669 9663 9653 9642 9633 9625
9753 9773 9789 9785 9782 9752 9706 9681 9690 9718 9740 9733 9723 9702 9692 9697 9709 9715 9717 9711 9700 9691 9684 9676 9670 9665 9657 9650 9645 9632 9628 9624 9620 9619 9620 9629 9645 9668 9675 9673 9660 9659 9657 9655 9653 9661 9666 9672 9675 9676 9676 9679 9704 9705 9679 9684 9681 9694 9672 9670 9673 9678 9680 9678 9673 9671 9663 9682 9702 9701 9687 9718 9703 9693 9683 9672 9663 9653 9641 9631
9740 9767 9799 9810 9795 9781 9757 9706 9721 9727 9721 9730 9722 9691 9674 9690 9706 9716 9720 9718 9708 9698 9691 9683 9677 9671 9665 9660 9653 9641 9634 9632 9632 9633 9637 9647 9659 9679 9692 9696 9696 9682 9673 9671 9677 9690 9699 9703 9703 9702 9700 9705 9710 9700 9685 9681 9695 9693 9680 9676 9678 9681 9684 9678 9676 9667 9675 9690 9716 9734 9729 9737 9721 9707 9696 9688 9675 9662 9652 9645
9736 9759 9795 9810 9798 9792 9771 9738 9764 9780 9770 9739 9705 9692 9674 9690 9706 9718 9723 9720 9708 9701 9697 9687 9683 9679 9677 9672 9664 9655 9642 9646 9649 9651 9653 9665 9685 9699 9710 9711 9703 9698 9688 9681 9690 9712 9732 9741 9744 9742 9728 9730 9725 9701 9697 9689 9695 9685 9683 9682 9684 9683 9678 9672 9662 9658 9666 9705 9715 9718 9718 9729 9725 9713 9700 9694 9682 9672 9667 9662
9753 9757 9764 9776 9783 9781 9773 9784 9782 9742 9752 9744 9742 9726 9708 9706 9708 9712 9714 9706 9700 9701 9694 9692 9691 9689 9687 9684 9679 9678 9674 9671 9672 9675 9678 9687 9701 9720 9736 9736 9731 9725 9719 9701 9695 9738 9777 9791 9797 9793 9772 9749 9734 9738 9733 9704 9718 9714 9687 9695 9697 9691 9681 9673 9671 9667 9678 9704 9708 9707 9724 9729 9730 9717 9699 9685 9683 9682 9679 9675
9781 9774 9779 9776 9775 9775 9778 9806 9795 9776 9762 9739 9744 9759 9748 9728 9712 9697 9683 9685 9691 9695 9697 9698 9699 9699 9696 9696 9698 9704 9709 9697 9693 9696 9712 9707 9716 9740 9767 9797 9769 9771 9784 9771 9767 9817 9836 9840 9843 9845 9834 9807 9764 9814 9797 9774 9748 9735 9716 9721 9717 9708 9697 9684 9664 9657 9676 9699 9701 9700 9721 9740 9737 9728 9708 9682 9695 9697 9692 9686
9806 9817 9804 9785 9772 9793 9843 9844 9821 9820 9751 9713 9705 9746 9766 9735 9711 9690 9668 9675 9682 9695 9700 9703 9706 9709 9709 9709 9711 9716 9718 9710 9705 9705 9710 9725 9738 9756 9779 9805 9814 9849 9896 9917 9904 9888 9875 9875 9886 9910 9922 9894 9871 9897 9866 9770 9730 9724 9769 9753 9738 9726 9717 9707 9695 9694 9679 9691 9691 9692 9714 9740 9739 9741 9748 9750 9727 9716 9709 9701
9937 9887 9848 9803 9750 9708 9731 9801 9802 9835 9698 9710 9722 9739 9739 9723 9706 9692 9695 9688 9686 9699 9705 9711 9715 9719 9722 9724 9724 9720 9712 9715 9710 9706 9709 9720 9748 9779 9800 9793 9902 9983 9956 1.002e+004 1.004e+004 9956 9866 9851 9869 9937 1.002e+004 1.008e+004 1.007e+004 9916 9889 9806 9699 9713 9747 9750 9742 9738 9735 9724 9712 9691 9677 9688 9688 9681 9700 9719 9731 9747 9768 9772 9751 9734 9725 9717
9903 9934 9913 9833 9728 9635 9627 9649 9685 9732 9786 9785 9750 9698 9697 9703 9701 9693 9684 9688 9699 9706 9713 9719 9724 9733 9737 9741 9744 9744 9734 9723 9713 9707 9712 9734 9767 9807 9858 9938 1e+004 9968 9814 9716 9717 9739 9743 9759 9803 9897 1.002e+004 1.016e+004 1.013e+004 1.01e+004 1.003e+004 9973 9859 9752 9746 9738 9740 9746 9750 9743 9731 9709 9682 9681 9708 9712 9700 9693 9717 9737 9758 9764 9752 9741 9732 9724
9885 9969 9989 9868 9719 9585 9549 9554 9578 9652 9814 9841 9776 9705 9699 9708 9709 9706 9697 9701 9713 9717 9724 9730 9736 9741 9752 9757 9763 9772 9759 9736 9720 9713 9722 9747 9781 9813 9862 9948 9901 9683 9566 9473 9453 9494 9566 9617 9673 9753 9853 9989 1.007e+004 1.014e+004 1.017e+004 1.011e+004 1.007e+004 9903 9804 9752 9749 9755 9771 9790 9763 9739 9727 9722 9731 9735 9704 9703 9714 9724 9730 9740 9744 9742 9736 9729
