real_craters/C109-500m.grd
DSAA
140 140
-34.8075 34.8075
-34.8075 34.8075
8223.2094341063 10414.658420158
[rows 60 to 89 of 140, columns 0 to 66 of 140]
8894.19 8907.23 8971.33 9073.43 9195.64 9336.15 9491.97 9694.98 9893.36 9949.67 9967.07 10030.8 9971.98 9901.2 9883.2 9874.06 9867.58 9867.5 9864.33 9854.08 9879.89 9880.01 9863.25 9846.89 9829.96 9814.9 9800.57 9787.29 9775.95 9770.35 9773.33 9786.96 9795.59 9804.07 9812.33 9820.38 9828.21 9835.74 9842.73 9833.37 9838.41 9848.32 9859.25 9881.96 9858.3 9853.44 9859.74 9877.21 9907.25 9953.91 9976.08 10010.3 9987.79 9914.18 9815.51 9697.56 9562.33 9422.66 9278.55 9138.55 9025.52 8965.34 8915.2 8878.92 8883.97 8923.54 8933.97
8823.78 8848.46 8850.95 8947.6 9057.49 9173.29 9307.26 9493.39 9694.4 9820.92 9896.96 9944.9 9929.76 9907.16 9891.19 9888.81 9894.23 9897.25 9895.37 9888.82 9893.56 9886.24 9869.39 9853.21 9838.36 9822.98 9809.09 9795.07 9777.74 9769.54 9778.6 9797.4 9807.32 9816.41 9825.02 9833.48 9842.02 9850.84 9859.94 9852.97 9864.76 9870.86 9880.04 9891.87 9887.94 9883.16 9886.87 9898 9921.25 9971.03 9999.76 9996.95 9990.61 9931.06 9824.21 9692.37 9547.96 9394.06 9241.88 9094.07 8970.03 8913.01 8882.78 8876.32 8881.58 8891.43 8902.04
8755.75 8742.46 8769.79 8854 8934.66 9018.16 9120.3 9285.25 9456.26 9617.01 9763.22 9899.14 9936.75 9930.24 9902.18 9907.38 9903.71 9897.43 9903.55 9896.74 9889.99 9881.41 9867.29 9855.52 9843.93 9832.13 9819.98 9806.84 9792.45 9788.57 9794.04 9801.62 9820 9828.83 9837.24 9845.65 9854.54 9864.38 9875.53 9874.74 9886.01 9897.3 9898.51 9900.73 9910.46 9910.52 9909.51 9913.3 9925.46 9946.79 10050.6 10076 10055 9966.55 9837.92 9689.27 9529.1 9368.35 9207.02 9052.44 8928.08 8868.88 8859.9 8844.19 8847.28 8857.11 8866.94
8706.15 8756.44 8778 8792.59 8834.09 8882.91 8947.12 9084.38 9222.26 9407.07 9591.65 9780.14 9953.49 9943.36 9943.43 9932.73 9911.08 9892.96 9893.5 9882.92 9873.24 9862.79 9857.57 9853 9846.26 9838.16 9830.56 9821.87 9811.76 9813.15 9813.88 9817.29 9833.36 9841.13 9848.6 9856.32 9864.89 9875.03 9873.2 9889.23 9911.86 9933.73 9944.57 9947.91 9944.3 9935.14 9928.94 9929.31 9946.74 10015.3 10169.6 10299.6 10161 10004.3 9842.36 9675.37 9508.08 9340.41 9178.97 9025.89 8895.5 8833.59 8822.27 8803.69 8819.23 8850.44 8851.01
8635.28 8668.05 8698.89 8724.68 8746.39 8771.2 8812.06 8901.02 9030.76 9211.78 9396.91 9590.61 9798.94 9878.7 9934.51 9939.81 9907.83 9874.75 9853.86 9862.49 9855.51 9842.85 9850.64 9851.4 9847.87 9844.97 9840.1 9835.31 9826.21 9826.08 9829.37 9836.97 9847.24 9853.1 9858.61 9864.55 9871.62 9880.57 9881.44 9896.66 9920.17 9959.32 10019.6 10011.1 9977.62 9962.83 9953.85 9950.18 9957.59 10018.2 10198.9 10320.5 10176.7 10000.5 9823.32 9648.75 9476.04 9310.58 9152.56 9005.14 8880.92 8813.61 8799.98 8784.14 8800.78 8823.76 8830.16
8558.92 8565.49 8641.13 8656.72 8670.44 8689.25 8715.72 8767.43 8870.57 9043.78 9214.14 9379.01 9578.24 9732.89 9857.52 9895.83 9883 9866.52 9866.45 9869.92 9867.35 9863.01 9858.62 9855.67 9852.75 9851.66 9850.52 9849.38 9840.2 9839 9845.86 9853.64 9862.44 9865.24 9867.84 9871.15 9875.67 9881.88 9878.36 9891.26 9905.9 9937.44 9982.82 9993.05 9983.36 9978.64 9977.35 9977.68 9979 10028 10133.2 10167 10094.6 9946.2 9779.56 9611.08 9438.98 9274.03 9119.32 8979.2 8867.21 8806.55 8800.79 8797.61 8795.98 8800.61 8816.58
8499.36 8515.28 8564.92 8581.43 8596.15 8618.05 8647.22 8691.61 8781.13 8915.87 9063.8 9223.52 9385.87 9540.68 9683.34 9775.75 9834.33 9889.55 9908.09 9895.19 9886.72 9885.65 9867.88 9859.13 9857.07 9859.05 9861.82 9865.05 9868.22 9862.23 9871.82 9874.08 9877.21 9875.33 9874.51 9874.96 9876.6 9879.34 9871.04 9870.46 9874.62 9882.36 9883.39 9929.41 9965.42 9990.31 10006.9 10015.7 10015.4 10041.3 10111.5 10102.3 10002.8 9866.47 9709.92 9545.13 9383.17 9234.91 9088.38 8955.62 8848.46 8794.04 8795.88 8804.61 8811.89 8815.09 8824.07
8451.37 8462.27 8478 8501.82 8520.18 8538.31 8564.07 8626.43 8719.71 8816.79 8921.92 9050.19 9199.4 9342.37 9472.99 9602.05 9753.01 9889.97 9932.35 9914.87 9892.12 9871.64 9859.66 9858.02 9860.3 9865.04 9871.6 9879.83 9893.49 9914.63 9916.29 9895.86 9889.77 9883.72 9880.3 9878.56 9877.77 9877.26 9855.81 9851.36 9848.42 9843.02 9849.78 9900.34 9957.55 10005.5 10042 10066.4 10076.8 10060.7 10073.5 10021 9901.39 9774 9630.41 9481.94 9326.62 9181.89 9039.72 8919.72 8817.05 8763.49 8773.58 8804.49 8837.79 8847.7 8841.36
8405.98 8419.17 8421.33 8432.61 8448.04 8468.3 8497.26 8587.36 8665.33 8730.86 8796.3 8882.75 9027.34 9164.35 9288.47 9432.59 9641.43 9855.7 9940.6 9924.39 9888.94 9850.12 9846.02 9860.58 9870.57 9874.9 9882.54 9891.15 9903.95 9918.07 9916.3 9902.23 9892.96 9886.01 9881.63 9878.74 9876.41 9848.62 9844.04 9833.49 9828.41 9825.41 9838.91 9894.38 9967.77 10027.8 10078.9 10114.1 10110.5 10032.4 9941.48 9870.93 9788.31 9677.87 9554.97 9420.5 9281.08 9136.68 9004.03 8882.47 8774.77 8712.12 8735.97 8786.87 8843.85 8867.75 8860.51
8360.65 8358.01 8363.62 8367.2 8377.68 8401.64 8423.06 8547.39 8608.72 8656.34 8717.8 8794.25 8911.84 9028.76 9142.25 9279.5 9496.26 9738.66 9918.81 9913.32 9882.86 9849.25 9850.28 9873.25 9887.35 9889.87 9889.26 9894.5 9899.07 9896.84 9893.84 9892.4 9886.51 9881.58 9877.98 9875.2 9872.52 9843.63 9838.24 9831.78 9825.27 9819.09 9836.2 9907.08 9980.84 10048.5 10106.1 10148.6 10151.5 9994.53 9818.55 9745.77 9683.78 9602.63 9493.28 9373.03 9236.86 9104.54 8972.59 8850.06 8739.65 8668.02 8697.09 8763.05 8839.13 8875.3 8870.86
8327.62 8317.89 8307.42 8307.45 8309.72 8305.73 8336.72 8468.61 8523.42 8578.34 8653.13 8774.78 8845.94 8932.62 9031.29 9149.33 9338.41 9547.64 9823.26 9867.21 9868.5 9871.47 9882.37 9895.9 9908.48 9908.06 9903.96 9901.58 9895.95 9888.79 9880.83 9874.93 9876.25 9874.7 9873.19 9871.69 9869.87 9867.24 9839.4 9831.61 9830.91 9835.71 9864.42 9924.71 9995.18 10059.3 10115.3 10147.2 10113.5 9938.82 9752.44 9680.76 9625.17 9548.44 9450.87 9335.33 9207.06 9075.81 8948.57 8827.08 8721.58 8646.29 8662.98 8735.06 8844.7 8876.96 8873.41
8308.36 8297.08 8284.97 8277.13 8268.82 8264.16 8277.47 8347.77 8426.79 8487.09 8567.92 8694.48 8768.65 8852.5 8948.38 9059.85 9213.45 9404.21 9673.44 9786.2 9835.13 9875.75 9903.02 9917.46 9928.7 9926.18 9918.69 9907.78 9891.43 9876.07 9851.69 9859.97 9865.76 9867.72 9868.94 9869.61 9869.67 9848.82 9845.31 9840.67 9841.08 9851.08 9883.9 9944.76 10005.3 10068.2 10116.5 10136.8 10076.7 9900.73 9721.24 9669.98 9617.26 9541.6 9443.53 9326.93 9205 9069.9 8942.03 8821.59 8720.26 8636.91 8639.53 8713.8 8821.09 8864.59 8868.31
8294.07 8282.43 8268.77 8257.27 8248.72 8246.1 8266.45 8305.92 8357.74 8404.75 8446.9 8571.06 8682.45 8784.88 8884.94 8997.16 9115.98 9281.87 9542.08 9695.52 9786.09 9859.84 9910.44 9935.78 9946.65 9944.9 9929.94 9914.9 9894.21 9859.69 9851 9850.72 9857.4 9861.59 9865.09 9867.81 9869.87 9850.6 9851.4 9846.41 9851.33 9860.09 9897.38 9955.21 10015.7 10076.4 10124.1 10142.9 10086.6 9935.28 9783.12 9728.83 9660.93 9571.34 9461.82 9339.89 9203.91 9079.07 8962.24 8841.66 8734 8657.53 8663.94 8720.91 8798.03 8837.75 8847.78
8279.69 8269.83 8259.48 8249.43 8244.74 8241.84 8244.73 8272.9 8322.61 8371.33 8417.76 8499.39 8623.81 8737.24 8835.04 8922.32 9023.22 9186.84 9438.35 9616.06 9736.29 9836.3 9898.22 9949.42 9972.8 9970.79 9953.42 9928.84 9901.49 9872 9847.9 9841.97 9850.59 9856.71 9861.92 9866.3 9870.18 9850.6 9849.15 9857.58 9870.26 9880.26 9917.98 9972.61 10029.3 10085.5 10138 10172.9 10151.6 10068.7 9953.9 9855.95 9744.12 9624.59 9507.25 9376.11 9242.93 9111.99 8982.97 8864.02 8768.06 8681.06 8663.78 8717.79 8790.25 8816.89 8821.02
8276.68 8269.51 8263.51 8256.64 8250.31 8248.01 8244.7 8264.93 8309.74 8360.75 8412.62 8493.85 8607.74 8721.45 8820.81 8896.4 8982.33 9125.98 9366.33 9553.53 9698.92 9830.39 9921.78 9977.79 9996.58 9988.35 9968.85 9941.93 9908.89 9875.03 9832.82 9833.78 9844.11 9855.68 9861.98 9867.51 9846.7 9850.19 9858.83 9873.78 9895.67 9926.13 9951.12 9987.95 10035.8 10086.7 10140.8 10207.5 10251.4 10274.4 10184 10011.2 9852.18 9705.59 9561.2 9423.35 9287.9 9157.54 9023.12 8906.93 8800.8 8703.66 8667.4 8706.74 8760.32 8780.08 8779.79
8292.26 8282.14 8274.36 8264.52 8248.8 8243.59 8247.7 8269.25 8308.91 8361.54 8422.6 8511.61 8618.38 8728.44 8838.22 8944.21 9035.85 9121.85 9310.55 9503.5 9675.02 9836.26 9975.95 10015.4 10014.7 10002.4 9980.1 9951.31 9918.4 9884.15 9848.7 9844.87 9851.58 9858.2 9865.22 9871.81 9878 9857.46 9864.9 9876.35 9902.1 9943.08 9963.37 9997.27 10038.5 10082.8 10122.9 10162.6 10264 10414.7 10330 10117.7 9935.54 9773.44 9626.74 9482.07 9347.87 9210.62 9080.67 8954.77 8846.5 8757.15 8709.02 8706.37 8716.12 8741.29 8752.83
8315.15 8294.33 8281.15 8276.51 8254.07 8245.59 8256.04 8275.36 8312.46 8370.69 8456.12 8543.45 8642.53 8750.41 8859.4 8973.04 9068.53 9139.43 9308.37 9497.08 9669.37 9816.52 9947.03 10004 10017.9 10011.1 9990.28 9960.31 9927.76 9893.25 9854.88 9847.41 9854.33 9861.53 9868.69 9875.51 9881.82 9868.18 9868.94 9874.43 9885.23 9905.73 9950.21 9992.5 10034.7 10077 10110.8 10126.7 10208.7 10288.5 10257.7 10122.9 9967.6 9819.1 9671.04 9526.79 9390.83 9258.27 9131.79 9009.51 8904.85 8844.76 8842.48 8772.77 8748.32 8734.49 8735.16
8305.55 8288.54 8274.92 8264.1 8258.76 8250.86 8250.77 8276.28 8313.19 8360.61 8477.78 8565.67 8664.24 8765.68 8866.59 8966.48 9058.65 9153.88 9342.85 9538.37 9682.45 9815.77 9908.1 9977.27 10015.7 10018.9 10003.1 9974.26 9941.12 9905.12 9866.34 9847.59 9858.12 9868.35 9875.17 9881.74 9868.47 9872.15 9874.81 9876.21 9877.24 9896.41 9942.08 9991.4 10035.9 10078.5 10119 10162.9 10176.4 10157.3 10155.7 10085.4 9968.92 9837.44 9705.91 9568.8 9438.51 9300.68 9177.8 9052.71 8934.35 8839.28 8840.46 8792.34 8730.24 8704.23 8733.54
8275.71 8270.06 8261.41 8253.31 8250.98 8249.35 8253.39 8279.93 8321.59 8377.59 8465.15 8579.77 8681.04 8771.68 8858.37 8932.21 8989.58 9147.2 9363.68 9565.31 9696.79 9809.53 9914.38 9987.45 10031 10036.3 10019.4 9988.71 9956.98 9923.03 9876.79 9870.48 9870.02 9878.86 9884.47 9890.95 9879.17 9882.94 9885.16 9885.84 9890.26 9910.76 9951.33 9995.94 10040.1 10083 10119.7 10147.5 10164.5 10154.7 10122.6 10062.7 9971.25 9862.19 9740.17 9618.27 9483.58 9350.4 9222.98 9093.64 8967.48 8827.19 8753.99 8729.76 8726.29 8720.02 8759.89
8268.26 8258.76 8251.83 8247.72 8251.58 8239.08 8244.65 8285.53 8340.19 8407.88 8519.2 8615.09 8704.49 8788.98 8864.93 8928.63 8994.1 9168.08 9376.33 9570.28 9702.18 9821.58 9947.48 10031.2 10060.8 10058.3 10039.8 10010.2 9974.88 9939.86 9906.29 9890.37 9881.32 9888.56 9894.06 9901.36 9908.93 9897.79 9902.42 9906.65 9913.26 9933.96 9970.02 10009.6 10050.3 10088.6 10121.8 10136.4 10163.9 10157.6 10111.2 10051 9975.54 9877.03 9776.55 9652.13 9528.75 9406.82 9279.27 9151.82 9039.86 8952.6 8852.84 8785.8 8799.91 8811.93 8828.63
8270.6 8255.46 8244.5 8237.91 8237.57 8244.4 8251.98 8292.99 8356.59 8456.84 8581.85 8651.46 8727.07 8807.78 8884.65 8960.07 9083.75 9228.39 9391.23 9557.17 9693.08 9823.05 9963.32 10066.4 10082.1 10081 10061.6 10031 9995.88 9955.32 9914.52 9891.52 9880.9 9894.27 9902.77 9912.26 9906.09 9914.46 9925.3 9937.33 9953.09 9968.95 9992.58 10022 10056.7 10095.2 10135.7 10152.2 10151.6 10145.4 10090 10036.1 9969.88 9896 9799.98 9705.86 9598.62 9479.27 9363.12 9240.18 9123.47 9026.41 8942.15 8884.69 8894.44 8912.95 8919.72
8278.55 8258.45 8243.49 8230.54 8223.85 8223.21 8248.86 8294.26 8359.1 8473.62 8596.85 8661.77 8740.46 8829.35 8920.79 9015.9 9152.14 9274.5 9406.53 9537.45 9676.82 9814.86 9949.02 10025.5 10089 10101.2 10084.1 10054.6 10013.3 9970.86 9925.32 9876.33 9875.89 9898.05 9910.8 9922.9 9919.39 9934.04 9946.86 9962.61 9987.54 9995.82 10006.7 10026.7 10052.3 10082 10117.8 10124.4 10092.2 10069.9 10049.9 10012.8 9962.57 9911.07 9847.8 9767.52 9680.1 9570.48 9459.31 9331.16 9196.41 9070.54 9001.92 8966.05 8997.14 9036.83 9012.78
8290.89 8265.73 8245.28 8233.42 8226.45 8224.18 8248.56 8288.58 8349.13 8439.31 8547.19 8642.13 8737.99 8844.64 8960.4 9090.79 9243.69 9328.22 9427.61 9534.61 9669.23 9814.72 9957.92 10063.4 10115.9 10127.4 10110.5 10076.8 10032.7 9986.5 9930.91 9889.92 9882.8 9891.07 9920.09 9933.89 9940.87 9951.21 9963.63 9976.51 9983.89 10001.3 10011.5 10024.7 10040 10054.5 10056.4 10057.2 10048.8 10034.9 10018.4 9990.19 9952.5 9904.61 9853.55 9792.36 9728.41 9656.31 9562.14 9453.89 9320.79 9191.88 9100.45 9067.33 9094.33 9121.87 9090.2
8308.66 8274.45 8247.58 8226.53 8228.75 8240.6 8249.7 8273.3 8311.47 8383.09 8486.35 8605.05 8727.44 8852.38 8980.92 9121.26 9264.81 9369.46 9445.42 9544.64 9677.11 9827.78 9979.7 10092.9 10151 10156.9 10135.5 10098.5 10054.8 10005.8 9949.61 9902.02 9888.37 9904.9 9932.69 9942.61 9953.88 9966.89 9976.63 9988.21 10002.7 10006.1 10010.7 10017.5 10024.6 10030.3 10036 10029.4 10022.2 10015.5 10000.8 9978.37 9947.87 9906.7 9864.88 9817.57 9778.56 9738.08 9679.58 9598.86 9497.28 9378.07 9271.7 9221.72 9195.57 9146.37 9148.65
8318.86 8279.01 8251.63 8238.06 8233.25 8240.14 8248.32 8256.08 8269.7 8309.18 8430.33 8569.99 8709.48 8850 8984.37 9108.52 9228.31 9336.57 9443.83 9558.47 9694.29 9847.13 10005.9 10132.7 10189.1 10183.2 10155 10116.2 10070.5 10024.6 9971.41 9924.01 9917.41 9922.58 9948.4 9958.95 9967.89 9978.23 9987.12 9993 9998.37 10004.9 10008.7 10010.7 10010 10007.6 10005.5 10008 10010.9 10003 9988.66 9967.96 9943.04 9912.28 9890.06 9856.82 9834.09 9811.08 9790.98 9767.35 9715.4 9619.65 9497.79 9433.11 9360.99 9273.78 9278.14
8309.65 8272.28 8248.17 8239.19 8255.02 8256.98 8251.91 8247.5 8241.29 8266.95 8396.13 8546.72 8697.47 8845.64 8985.01 9106.2 9204.66 9326.38 9440.09 9570.2 9713.41 9868.95 10014.2 10150.3 10205.6 10193.4 10163.3 10125.2 10080.5 10031.8 9993.34 9964.98 9955.65 9947.68 9964.05 9970.97 9979.95 9988.93 9996.14 10001.8 10002.3 10006.9 10007.8 10005.6 10000.7 9991.71 9983.43 9991.61 10004 9992.76 9983.86 9968.28 9950.39 9930.47 9905.23 9885.99 9882.77 9879.89 9897.51 9929.27 9954.33 9883.83 9748.5 9669.09 9594.75 9515.52 9499.66
8271.19 8253.66 8237.53 8227.15 8243.64 8267.33 8256.5 8250.55 8257.56 8282.55 8394.53 8539.56 8693.36 8845.87 8988.81 9116.22 9196.59 9298.85 9432.43 9588.51 9749.18 9890.53 10024.2 10128.8 10178.8 10181.5 10157.4 10120.9 10085 10040.3 10008.2 9980.72 9965.8 9963.45 9975.61 9980.53 9987.47 9996.29 10005.6 10018.1 10019.6 10011.4 10007.3 10001.9 9995.92 9988.08 9979.59 9984.45 9990.15 9979.77 9970.24 9956.83 9942.8 9934.08 9922.21 9922.08 9919.84 9937.85 9974.04 10044.1 10149.7 10110.4 10015.7 9940.76 9871.37 9791.5 9771.97
8237.36 8236.79 8229.71 8224.53 8236.83 8263.98 8253.53 8249.47 8258.96 8299.77 8409.25 8549.56 8700.62 8850.54 8995.42 9124.32 9191.68 9275.52 9421.15 9599.39 9778.41 9903.13 10013.7 10109.1 10156.4 10159 10135.5 10109.9 10078.3 10041 10013 9984.18 9985.31 9974.67 9979.39 9982.07 9989.16 10000.2 10010.1 10017.2 10018 10012.6 10006.7 9999.17 9992.95 9990.51 9990.81 9981.2 9979.11 9969.27 9963.81 9951.62 9944.8 9933.91 9932.58 9934.71 9938.46 9959.53 9995.94 10049.4 10123.4 10167.9 10185.3 10173.3 10125.3 10059.7 10075.1
8225.44 8229.29 8229.73 8229.79 8235.9 8249.75 8244.54 8242.34 8249.69 8308.88 8432.42 8573.4 8719.13 8861.16 8993.12 9123.03 9186.15 9267.52 9416.41 9604.86 9763.1 9906.34 10006.3 10083.6 10126.6 10123.7 10104.9 10081.7 10048.2 10022.6 9998.1 9985.47 9984.34 9968.45 9966.98 9978.79 9989.02 9999.69 10009.3 10016.7 10017 10011.7 10006.6 9995.91 9987.63 9980.21 9977.28 9974.58 9970.91 9961.56 9958.14 9947.77 9942.73 9936.43 9931.96 9931.79 9935.36 9946.04 9968.1 9994.91 10033.2 10133.9 10192.4 10206.6 10189 10183 10206.1
8225.91 8229.66 8232.8 8233.32 8232.95 8237.69 8240.65 8241.33 8256.94 8341.28 8476.48 8616.31 8751.65 8874.92 8987.64 9107.81 9201.32 9290.45 9450.53 9653.54 9817 9939.11 10001.4 10045.6 10064.7 10073.1 10067.8 10050.1 10025.4 10004.1 9980.84 9959.34 9935.17 9939.25 9956.43 9971.26 9984.18 9997.02 10008.2 10014.7 10015.2 10010 10004.8 9993.34 9983.26 9970.56 9964.93 9968.89 9967.35 9955.19 9948.99 9941.25 9932.82 9925.58 9925.93 9922.17 9922.09 9924.14 9922.24 9926.83 9949.41 10045 10123.2 10106 10083.2 10079.6 10033.2
