real_craters/C109-300m.grd
DSAA
233 233
-34.8075 34.8075
-34.8075 34.8075
8219.8115599089 10425.010515135
[rows 180 to 209 of 233, columns 134 to 200 of 233]
9873.22 9879.71 9885.21 9893.05 9899.88 9906.26 9912.04 9916.84 9918.39 9906.49 9896.24 9892.02 9899.18 9906.23 9908.12 9908.73 9912 9920.12 9913.92 9902.83 9898.9 9897.76 9898.49 9898.39 9896.76 9893.09 9896.49 9899.36 9897.4 9897.14 9899.97 9902.33 9904.19 9906.54 9910.42 9915.5 9907.82 9895.1 9884.51 9874.19 9855.93 9836.12 9822.17 9807.84 9793.89 9784.75 9784.99 9794.01 9803.99 9813.46 9821.64 9829.17 9836.37 9843.97 9850.28 9866.12 9875.35 9876.08 9883.04 9894.8 9909.84 9924.39 9936.88 9941.1 9940.23 9938.9 9937.84
9875.11 9879.61 9884.44 9888.72 9893.07 9896.42 9898.36 9899.08 9897.57 9889.88 9885.26 9884.34 9888.38 9893.49 9900.64 9903.55 9905.93 9909.37 9907.33 9903.65 9901.36 9900.42 9898.1 9896.24 9894.18 9888.64 9887.12 9886.82 9885.89 9886.62 9889.17 9891.51 9894.31 9896.79 9899.72 9903.62 9895.11 9882.68 9871.15 9858.64 9851.5 9842.95 9827.73 9814.16 9801.02 9791.99 9792.13 9801.85 9812.76 9823.85 9834.84 9845.68 9856.57 9862.75 9863.89 9868.5 9872.39 9875.42 9884.64 9898.47 9915.11 9930.03 9936.32 9946.01 9945.62 9946.53 9948.25
9876.63 9879.42 9882.66 9884.46 9886.03 9886.48 9884.61 9880.04 9870.13 9869.98 9872.91 9876.68 9883.42 9892.9 9895.65 9895.62 9893.78 9889.8 9889.4 9899.53 9906.85 9901.2 9896.02 9892.82 9892.4 9890.21 9882.88 9877.92 9875.49 9876.72 9879.41 9882.44 9884.76 9886.02 9884.62 9878.14 9872.14 9869.73 9861.39 9848.44 9844.13 9842.29 9837.4 9826.8 9813.85 9803.12 9807.85 9814.73 9824.83 9836.9 9849.04 9861.34 9872.66 9876.95 9872.56 9863.61 9859.04 9867.57 9880.77 9897.13 9916.85 9939.97 9956.67 9957.28 9954.51 9948.02 9947.56
9877.5 9878.58 9880.6 9880.17 9879.98 9878.28 9874.32 9867.7 9859.23 9858.96 9864.22 9868.53 9875.62 9887.6 9889.42 9887.1 9882.62 9877.2 9878.15 9891.26 9901.56 9895.93 9889.58 9884.65 9882.33 9882.8 9875.5 9869.39 9865.84 9868.3 9872.03 9875.57 9877.76 9878.04 9875.06 9867.68 9863.34 9866.53 9863.36 9854.45 9855.37 9857.48 9856.69 9846.84 9833.33 9822.18 9821.59 9828.41 9838.48 9849.89 9861.44 9874.05 9887.91 9897.25 9878.55 9860.47 9849.97 9859.99 9874.67 9891.03 9909.9 9932.35 9947.7 9950.57 9946.79 9937.13 9930.4
9878.85 9878.5 9878.95 9877.47 9876.28 9873.45 9869.29 9863.5 9857.3 9856.82 9862.31 9867.49 9873.89 9881.93 9883.77 9879.6 9873.44 9868.22 9868.98 9876.37 9883.82 9884.33 9879.72 9873.25 9866.61 9864.28 9863.72 9861.32 9859.23 9862.76 9867.04 9870.28 9873.15 9873.33 9872.77 9870.25 9870.2 9875.76 9879.02 9880.64 9887.23 9892.8 9886.68 9872.77 9857.35 9844.28 9840.69 9846.42 9854.63 9863.03 9871.42 9881.12 9890.41 9894.23 9880.31 9863.89 9851.66 9857.98 9869.91 9882.33 9894.9 9908.85 9921.05 9925.76 9925.7 9917.86 9904.24
9880.71 9879.47 9878.53 9876.67 9874.69 9871.8 9868.49 9864.68 9861.19 9860.99 9865.63 9871.36 9878.64 9882.94 9880.42 9873.24 9865.12 9856.85 9851.88 9861.16 9871.18 9874.29 9870.67 9863.04 9854.34 9851.44 9855.33 9857 9856.46 9860.61 9864.52 9867.7 9870 9871.94 9873.84 9877.89 9884.88 9889.45 9898.49 9911.14 9920.33 9932.57 9917.48 9898.92 9882.69 9869.2 9866.67 9869.84 9872.39 9875.83 9879.8 9884.38 9886.69 9885.2 9878.12 9871.04 9859.39 9861.43 9869.77 9876.71 9879.85 9881.09 9893.59 9906 9908.23 9902.16 9885.05
9882.34 9880.55 9878.86 9876.57 9874.34 9871.92 9869.65 9868.33 9868.59 9869.25 9870.5 9872.3 9876.52 9876.9 9873.86 9867.21 9859.11 9850.31 9843.82 9854.25 9866.16 9869.86 9865.04 9856.48 9847.4 9848.37 9853.46 9857.62 9860.36 9861.18 9863.68 9866.29 9868.45 9871.11 9874.42 9881 9891.35 9894.8 9906.42 9922.81 9933.46 9945.93 9934 9917.69 9905.49 9897.98 9894.55 9891.59 9889.28 9887.95 9887.49 9886.63 9883.74 9875.91 9873.22 9870.6 9866.12 9869.95 9876.67 9880.51 9876.96 9866.58 9881.68 9896.98 9900.73 9896.86 9884.45
9883.41 9881.28 9879.42 9877.11 9874.34 9872.25 9870.93 9871.51 9875.27 9881.5 9872.54 9868.05 9866.23 9867.02 9866.18 9861.64 9855.8 9850.35 9847.78 9856.13 9870.33 9870.76 9861.58 9854.18 9847.67 9850.14 9855.19 9858.64 9860.39 9861.73 9863.59 9865.53 9867.77 9870.05 9872.77 9876.38 9879.22 9887.21 9898.34 9911.9 9925.6 9934.36 9932.63 9925.32 9920.09 9919.92 9918.94 9910.23 9903.65 9898.68 9895.54 9892.04 9887.06 9878.86 9875.73 9874.67 9878.22 9884.73 9891.85 9897.12 9896.41 9887.05 9895.79 9902.04 9902.91 9900.08 9896.42
9885.94 9883.73 9881.32 9879.01 9876.41 9873.72 9871.44 9870.55 9871.46 9871.25 9865.5 9860.87 9857.9 9858.36 9859.07 9856.66 9853.95 9852.55 9854.6 9858.15 9860.36 9858.26 9855.02 9854.44 9855.73 9857.14 9860.46 9861.39 9861.44 9862.84 9864.16 9865.63 9867.55 9869.32 9870.29 9871.67 9871.65 9878.52 9886.9 9897.14 9910.99 9920.47 9923.9 9923.74 9923.83 9925.53 9925.47 9922.02 9912.7 9906.64 9902.87 9899.66 9896.06 9891.79 9889.24 9887.36 9893.22 9902.44 9912.35 9921.45 9930.19 9935.24 9923.55 9916.78 9908.62 9903.98 9902.59
9888.67 9886.42 9883.81 9881.23 9878.06 9874.58 9870.78 9867.44 9863.13 9854.72 9854.82 9854.23 9852.07 9851.65 9852.31 9852.61 9851.87 9851.8 9854.05 9851.72 9843.31 9839.29 9845.94 9853.32 9863.25 9871.24 9871.83 9865.12 9863.13 9863.92 9864.77 9865.63 9866.64 9867.76 9868.59 9870.14 9872.4 9876.12 9880.94 9887.89 9897.26 9905.51 9911.62 9916.64 9920.34 9922.2 9920.81 9918.79 9914.01 9910.67 9909.04 9907.75 9907.39 9906.91 9908.42 9913.36 9918.81 9925.03 9934.29 9943.95 9955.22 9958.76 9936.54 9919.31 9909.83 9903.43 9899.07
9891.41 9889.14 9886.38 9883.58 9879.77 9875.61 9871.2 9866.22 9859.83 9853.41 9851.14 9851.14 9850.34 9850.31 9851.01 9850.65 9849.6 9848.03 9845.25 9840.35 9834.31 9831.33 9839.84 9848.9 9859.94 9874.8 9876.88 9869.06 9865.88 9864.94 9864.87 9865.11 9865.9 9866.78 9867.79 9869.4 9872.04 9872.89 9872.64 9877.25 9884.39 9891.81 9899.24 9907.78 9914.8 9918.79 9918.57 9913.64 9912.24 9912.7 9913.44 9915.32 9919.26 9924.98 9933.02 9943.41 9949.33 9950.91 9953.15 9957.63 9963.53 9959.37 9936.23 9917.22 9907.73 9899.66 9892.99
9895.14 9892.84 9889.97 9885.89 9882.25 9877.98 9873.2 9867.69 9861.21 9854.52 9851.7 9852.01 9852.42 9852.68 9851.97 9850.43 9847.71 9844.74 9841.31 9837.83 9834.7 9834.75 9838.89 9844.33 9852.25 9863.81 9869.4 9869.24 9867.23 9865.52 9864.9 9864.87 9865.73 9865.45 9866.36 9867.36 9867.38 9864.18 9859.81 9864.65 9872.9 9880.32 9887.6 9899.82 9909.83 9917.3 9920.37 9915.3 9913.12 9914.93 9917.43 9921.11 9927.54 9939.31 9957.76 9965.56 9974.02 9968.79 9961.92 9961.57 9960.92 9952.54 9933.75 9916.78 9905.57 9895.94 9887.42
9899.54 9896.66 9893.72 9890.22 9886.32 9882.57 9877.67 9871.98 9865.52 9858.47 9855.26 9855.58 9854.97 9854.01 9854.02 9850.96 9846.47 9842.31 9838.86 9837.04 9836.76 9839.72 9840.38 9841.51 9846.31 9855.49 9862.74 9867.04 9865.82 9864.82 9864.22 9864.28 9864.5 9864.08 9864.85 9866.03 9866.68 9864.53 9856.18 9857.92 9864.8 9873.09 9883.15 9893.87 9905.32 9916.53 9925.3 9921.34 9916.91 9917.76 9919.39 9922.94 9928.65 9937.49 9948.39 9958.56 9962.94 9957.16 9955.5 9958.4 9958.91 9950.28 9934.6 9917.94 9904.27 9892.64 9883.28
9905.91 9902.95 9899.69 9896.05 9891.95 9888.4 9883.36 9878.11 9872.45 9867.56 9864.98 9861.56 9859.11 9856.54 9854.67 9850.15 9844.86 9839.93 9835.58 9833.03 9836.21 9841.06 9841.74 9840.38 9843.18 9850.87 9857.03 9859.91 9861.8 9862.69 9863.18 9862.83 9863.2 9863.15 9863.82 9864.72 9865.51 9867.89 9857.35 9855.02 9858.81 9866.09 9877.07 9886.54 9899.2 9913.29 9925.54 9926.97 9922.33 9919.69 9919.47 9921.26 9924.24 9927.84 9931.3 9938.16 9941.28 9937.5 9941.89 9949.39 9958.16 9948.72 9935.24 9917.03 9902.04 9889.73 9880.08
9913.73 9910.64 9907.54 9903.26 9898.95 9894.64 9889.56 9884.87 9879.93 9875.91 9872.97 9867.22 9863.16 9859.64 9853.11 9847.43 9843.4 9838.44 9833.33 9830.12 9834.83 9843.62 9843.3 9839.67 9841.56 9848.04 9853.43 9855.14 9858.62 9860.19 9860.93 9861.68 9862.13 9862.8 9862.37 9861.93 9859.65 9854.32 9849.89 9850.41 9852.94 9857.19 9863.74 9874.81 9890.16 9906.57 9920.82 9926.16 9922.66 9917.72 9916.89 9917.61 9918.93 9918.93 9917.1 9923.08 9927.63 9927.67 9931.84 9936.27 9934.23 9930.25 9920.62 9909.5 9897.85 9887.24 9878.26
9922.45 9919 9915.55 9911.08 9906.51 9901.7 9896.55 9891.5 9886.53 9881.82 9876.35 9871.19 9865.22 9858.38 9851.95 9847.21 9843.92 9838.64 9833.09 9829.14 9832.9 9840.49 9840.15 9835.34 9838.59 9846.47 9854.6 9856.31 9857.16 9858.86 9860.46 9860.97 9861.53 9861.87 9861.77 9860.14 9856.72 9850.44 9846.89 9847.85 9848.5 9849.27 9850.62 9862.31 9880.2 9897.77 9912.17 9916.91 9911.04 9911.17 9912.18 9913.36 9914.64 9914.84 9915.56 9919.46 9925.01 9927.15 9929.23 9929.91 9923.67 9917.48 9906.2 9901.6 9894.87 9886.82 9879.76
9930.96 9927.11 9922.79 9918.36 9913.5 9908.09 9902.74 9897.68 9892.88 9888.66 9884.09 9875.83 9866.1 9857.15 9852.9 9852.16 9846.92 9840.85 9834.93 9830.25 9831.25 9835.64 9835.73 9833.09 9837.56 9844.88 9850.25 9852.55 9855.06 9857.89 9859.55 9861.37 9862.25 9862.64 9862.44 9860.7 9858 9855.71 9853.45 9849.58 9847.18 9845.44 9845.68 9854.85 9872.26 9889.64 9903.31 9908.89 9902.97 9904.95 9907.19 9909.6 9912.13 9914.1 9916.42 9920.56 9926.49 9929 9930.46 9931.48 9929.5 9917.75 9907.32 9900.55 9895.39 9890.05 9885.19
9938.06 9933.26 9928.37 9923.51 9918.03 9912.93 9908.05 9903.2 9898.35 9894.73 9892.67 9880.35 9866.7 9855.32 9851.93 9854.58 9849.98 9844.2 9838.82 9834.44 9834.43 9837.08 9837.73 9837.61 9841.83 9846.9 9846.73 9848.99 9853.8 9857.05 9859.59 9861.57 9863.18 9863.63 9862.89 9862.27 9860.6 9859.4 9857.27 9852.15 9848.25 9845.69 9844.25 9850.88 9868.12 9883.82 9896.16 9901.73 9901.05 9900.79 9903.04 9906.12 9910.67 9915.19 9921.56 9926.85 9928.21 9929.38 9931.25 9932.86 9930.43 9919.62 9910.1 9903.99 9899.32 9895.83 9894.16
9942.84 9937.29 9931.37 9926.29 9920.69 9915.5 9910.46 9905.83 9901.12 9896.26 9891.61 9879.68 9866.06 9855.27 9850.99 9854.06 9851.8 9848.13 9844.23 9841.66 9841.43 9842.94 9845.24 9844.02 9848.88 9854.54 9858.76 9853.51 9855.05 9857.74 9860.19 9862.34 9863.6 9864.8 9864.76 9864.2 9862.89 9860.88 9859.03 9854.43 9850.65 9848.96 9850.49 9857.51 9868.22 9880.3 9891.49 9899.88 9897.13 9895.44 9898 9902.63 9908.78 9915.3 9923.61 9930.5 9928 9928.51 9931.8 9933.21 9929.67 9921.27 9913.54 9908.76 9904.83 9902.63 9903.29
9946.84 9940.64 9933.94 9928.43 9923.02 9917.58 9912.37 9907.53 9901.73 9895.14 9886.25 9875.51 9865.14 9854.64 9848.36 9851.18 9854.17 9853.66 9850.35 9846.42 9844.6 9847.65 9852.05 9855.07 9856.88 9861.02 9866.11 9858.63 9857.36 9858.41 9860.38 9862.38 9864.31 9865.08 9865.47 9865.96 9865.62 9864.61 9861.78 9855.49 9852.48 9852.26 9855.37 9861.84 9868.53 9876.9 9885.63 9892.73 9888.7 9887.65 9892.41 9898.75 9905.97 9913.03 9919.95 9924.25 9924.82 9926.85 9932.71 9934.98 9931.75 9924.03 9918.64 9915.2 9912.16 9909.42 9907.8
9951.76 9945 9937.7 9931.71 9925.69 9920.47 9915.08 9909.8 9903.88 9896.26 9887.51 9877.8 9868.17 9858.1 9850.56 9857.33 9863.36 9862.91 9858.14 9852.11 9847.92 9851.22 9856.99 9860.83 9860.72 9861.88 9861.85 9859.27 9858.12 9859.05 9860.97 9862.73 9865.11 9866.55 9867.9 9868.46 9867.84 9865.03 9857.59 9854.14 9852.73 9853.68 9857.25 9862.49 9867.1 9872.11 9877.29 9880.45 9879.21 9880.7 9887.11 9895.08 9903.04 9910.28 9916.4 9919.11 9922.69 9925.73 9933.17 9936.85 9934.93 9931.18 9927.6 9924.93 9921.67 9918.88 9917.81
9956.07 9948.87 9942.2 9935.94 9929.5 9923.77 9918.47 9912.82 9906.9 9900.17 9892.47 9884.12 9876.85 9869.85 9865.03 9875.78 9881.22 9876.11 9868.06 9859.64 9853.5 9855.7 9860.45 9861.14 9860.38 9859.45 9858.59 9855.02 9856.81 9859.31 9861.86 9863.9 9866.23 9868.23 9869.98 9871.08 9870.61 9866.03 9855.91 9852.48 9852.1 9853.49 9856.64 9861.52 9863.74 9866.49 9869.1 9870.49 9872.05 9876.3 9883.58 9891.85 9900.61 9908.71 9915.92 9922.03 9925.31 9928.73 9934.16 9937.05 9937.95 9937.66 9939.26 9938.73 9934.83 9930.1 9928
9958.7 9951.62 9944.69 9938.16 9932.13 9926.28 9920.95 9915.69 9910.45 9905.14 9900.05 9894.29 9890 9886.96 9885.96 9896.07 9899.35 9889.42 9877.76 9867.24 9860.82 9858.24 9859.9 9860.23 9858.74 9855.65 9853.1 9853.83 9857.68 9860.68 9863.25 9865.7 9867.99 9870.17 9872.06 9873.39 9873.43 9868.95 9856.12 9851.88 9851.44 9852.41 9854.41 9856.16 9859.18 9861.01 9862.65 9864.09 9866.83 9872.28 9880.72 9890.03 9899.62 9908.83 9917.69 9925.67 9929.8 9933.12 9935.96 9940.29 9948.15 9951.6 9958.59 9958.28 9951.4 9942.74 9938.45
9961.47 9954.14 9946.94 9940.16 9933.68 9928.19 9922.49 9918.05 9913.93 9910.31 9908.85 9908.88 9904.42 9903.57 9906.41 9912.09 9911.4 9899.52 9885 9871.49 9860.54 9857.29 9858.71 9859.5 9858.36 9856.41 9856.54 9859.6 9861.97 9863.64 9865.35 9867.36 9869.46 9871.57 9873.37 9874.77 9874.56 9869.49 9858.59 9852.81 9851.19 9851.15 9851.95 9855 9855.24 9856.18 9858.3 9859.53 9862.25 9870.17 9879.53 9889.58 9900.48 9911.34 9921.29 9929.53 9935.21 9939.37 9945.27 9954.7 9979.52 9988.26 9994.23 9987.29 9974.01 9959.25 9953.22
9964.7 9957.15 9949.76 9942.78 9935.71 9929.79 9924.2 9920.06 9916.38 9913.8 9913.51 9917 9912.77 9912.27 9917.53 9921.34 9919.69 9905.13 9888.67 9873.59 9861.84 9856.8 9858.17 9859.28 9859.47 9858.72 9860.59 9864.41 9865.88 9866.5 9867.49 9869.04 9870.74 9872.79 9874.19 9875.02 9874.05 9868.74 9859.74 9853.73 9851.64 9851.01 9849.85 9846.08 9846.66 9853.41 9857.2 9859.4 9863.8 9870.84 9879.3 9890.57 9903.61 9916.79 9928.83 9938.47 9947.45 9956.88 9969.01 9990.98 10042.6 10066.5 10042.8 10020.8 10001 9982.8 9976.84
9966 9959 9951.48 9944.34 9936.79 9931.1 9925.33 9921.01 9916.68 9913.86 9911.6 9911.07 9910.85 9912.59 9916.1 9918.44 9917.97 9904.42 9888.65 9873.19 9860.63 9854.47 9855.44 9858.81 9861.63 9863.54 9865.25 9866.59 9867.45 9868.12 9869.17 9870.52 9871.9 9873.3 9874.38 9874.81 9873.36 9867.77 9859.21 9853.89 9853.31 9853.42 9852.79 9850.22 9850.82 9857.27 9860.35 9861.7 9863.45 9868.37 9878.73 9892.15 9907.22 9923.36 9939.67 9956.4 9973.44 9988.18 10010.7 10044.8 10092.7 10107.5 10074.2 10046.5 10027.2 10015.6 10010.2
9965.29 9958.67 9951.06 9943.83 9936.51 9931.96 9925.13 9919.74 9915.4 9911.32 9907.05 9904.67 9905.24 9908.89 9912.47 9913.04 9909.24 9900.33 9886.01 9870.81 9857.03 9847.85 9849.19 9857.17 9862.48 9869.44 9868.99 9867.81 9867.99 9868.69 9870 9871.28 9872.4 9873.43 9874.01 9874.45 9874.01 9868.4 9860.55 9856.08 9856.82 9858.77 9860.83 9863.64 9867.5 9867.5 9867.27 9866.32 9865.33 9870.09 9879.71 9893.96 9910.71 9929.78 9950.62 9972.39 9993.06 10022.8 10055.2 10093.3 10092.5 10091.1 10074.6 10055.4 10042.8 10039.1 10036.8
9965.01 9956.79 9950.43 9942.63 9935.31 9930.81 9923.44 9917.67 9912.8 9908.09 9903.12 9899.2 9899.42 9905.03 9911.28 9913.6 9909.33 9896.36 9881.97 9868.12 9854.36 9842.36 9841.56 9848.01 9858.68 9867.9 9868.16 9867.43 9867.68 9868.44 9869.89 9871.15 9872.31 9872.89 9873.34 9872.9 9871.72 9868.49 9863.14 9859.15 9862.78 9865.96 9869.79 9875.24 9880.88 9878.12 9875.96 9874.31 9872.58 9873.66 9880.93 9895.46 9913.22 9933.9 9957.87 9985.68 10019.4 10036.5 10055.8 10061 10069.7 10066.8 10058.3 10049 10043.3 10044.6 10048.3
9964.9 9956.64 9949.42 9941.45 9935.2 9929.43 9923.08 9916.38 9910.76 9905.37 9901.25 9896.8 9895.99 9901.69 9907.43 9909.12 9898.81 9887.93 9877.17 9866.76 9857.61 9851.73 9848.3 9848.55 9855.41 9861.32 9863.74 9864.68 9865.95 9867.52 9869.08 9870.47 9871.84 9872.83 9872.92 9871.98 9869.43 9869.84 9869.59 9870.56 9871.11 9873.41 9876.96 9881.83 9886.83 9885.16 9883.68 9883.33 9883.06 9881.15 9883.64 9897 9914.35 9933.96 9957.34 9984.32 10011.5 10019.8 10022.2 10019.9 10023.1 10032.9 10035.7 10034.2 10031.5 10034.6 10047.8
9962.07 9954.53 9946.13 9936.12 9931.1 9925.42 9919.32 9913.37 9908.62 9903.68 9901.49 9898.62 9898.18 9899.56 9900.39 9895.98 9888.23 9879.49 9872.13 9865.36 9860.04 9857.57 9855.13 9852.63 9852.89 9856.08 9857.46 9860.67 9864.08 9866.03 9867.69 9869.61 9871.45 9872.81 9873.83 9874.1 9873.82 9874.61 9876.05 9877.87 9878.5 9879.42 9881.57 9884.52 9887.56 9888.05 9888.88 9890.9 9893.48 9890.86 9887.78 9898.81 9913.51 9930.37 9950.21 9970.61 9986.31 9990.25 9985.36 9986.48 9987.44 10003.8 10015.4 10019.9 10018.1 10022 10044
