real_craters/C109-300m.grd
DSAA
233 233
-34.8075 34.8075
-34.8075 34.8075
8219.8115599089 10425.010515135
[rows 30 to 59 of 233, columns 67 to 133 of 233]
9560.33 9565.34 9564.98 9564.6 9564.2 9570.51 9569.65 9570.09 9568.76 9567.73 9566.65 9566.13 9564.65 9563.23 9560.91 9557.32 9553.1 9549.39 9545.37 9541.33 9537.3 9533.19 9528.63 9524.2 9520.3 9517.66 9514.22 9510.19 9506.22 9507.4 9510.8 9513.92 9517.26 9520.72 9524.1 9527.44 9530.75 9534.12 9537.57 9539.43 9542.12 9545.11 9547.51 9549.51 9551.68 9553.62 9554.97 9555.73 9555.52 9562.63 9570.39 9574.71 9574.98 9574.7 9574.24 9574.45 9574.45 9570.13 9563.57 9557.1 9558.86 9561.9 9562.11 9559.07 9554.36 9553.28 9572.52
9559.24 9571.64 9570.81 9569.96 9569.1 9568.24 9576.06 9574.55 9572.98 9570.54 9569.24 9568.18 9565.9 9563.17 9560.35 9557.28 9553.68 9549.68 9546.18 9542.02 9537.73 9533.6 9529.67 9526.37 9524.21 9520.46 9516.71 9513.72 9511.75 9511.5 9513 9516.23 9519.29 9522.63 9525.57 9528.74 9531.63 9534.55 9537.63 9540.87 9543.28 9545.91 9547.9 9549.77 9551.83 9553.57 9555.54 9557.38 9559.33 9569.01 9581.28 9593.82 9592.34 9589.09 9589.88 9595.3 9595.3 9585.55 9577.51 9573.28 9578.93 9582.67 9581.38 9578.9 9576.83 9577.94 9596.42
9574.48 9573.7 9572.9 9572.09 9581.12 9579.77 9579.01 9577.49 9575.88 9573.67 9571.67 9569.88 9566.99 9563.83 9560.88 9558.03 9554.86 9551.14 9547.32 9543.06 9538.81 9534.58 9530.84 9527.25 9524.64 9521.64 9519.41 9516.86 9515.58 9515.48 9516.15 9518.63 9521.21 9524.26 9527.18 9530.05 9533.32 9536.01 9538.59 9542.13 9544.35 9546.65 9548.59 9551.26 9552.61 9554.34 9556.83 9560.96 9567.6 9574.96 9586.5 9598.66 9598.46 9596.05 9596.86 9600.72 9601.38 9596.16 9592.46 9591.55 9600.94 9604.16 9599.88 9596.9 9598.27 9605.88 9605.99
9578.99 9578 9576.98 9575.96 9585.37 9583.79 9582.22 9580.54 9579.29 9577.34 9574.1 9571.87 9568.7 9563.72 9561.47 9559.37 9556.61 9553.07 9549.04 9544.63 9540.46 9536.02 9531.9 9527.26 9523.76 9523.12 9522.35 9522.2 9519.43 9517.59 9518.82 9521.39 9524.01 9527.07 9529.79 9532.43 9535.68 9538.2 9540.58 9544.35 9546.28 9548.11 9549.63 9551.66 9552.7 9554.03 9556.56 9561.27 9569.74 9575.38 9583.63 9590.64 9594.55 9595.09 9595.81 9597.66 9599.35 9601.14 9605.16 9610.58 9618.47 9618.58 9612.59 9607.36 9607.7 9615.68 9603.22
9577.83 9577.23 9576.6 9575.96 9586.28 9585.02 9584.09 9582.65 9580.89 9580.06 9577.68 9575.39 9572.53 9568.38 9565.64 9562.83 9559.68 9555.83 9551.7 9547.57 9543.14 9538.53 9533.63 9529.01 9526.02 9526.46 9524.63 9522.76 9520.04 9519.65 9521.75 9524.18 9526.94 9529.7 9532.18 9534.62 9538.29 9540.72 9543.03 9545.6 9547.57 9548.99 9550.43 9551.1 9551.95 9552.75 9554.08 9556.27 9562.12 9571.32 9579.44 9584.46 9588.89 9590.1 9590.32 9591.08 9593.64 9600.17 9612.13 9629.95 9633.94 9629.62 9617.82 9607.85 9600.64 9595.03 9584.91
9578.18 9577.8 9577.4 9588.33 9587.31 9586.23 9585.17 9584.03 9583.76 9582.41 9580.55 9579.1 9577.89 9577.27 9572.13 9567.42 9563.43 9559.1 9554.84 9550.23 9545.79 9541.55 9536.79 9533.06 9530.41 9528.98 9526.47 9524.04 9522.76 9523.89 9525.72 9527.4 9530.23 9532.73 9534.95 9537.8 9540.08 9542.33 9544.57 9545.4 9547.46 9549.35 9549.45 9550.6 9551.39 9551.69 9551.79 9552.09 9557.3 9567.49 9578.25 9584.4 9584.69 9584.08 9583.02 9582.07 9583.07 9592.91 9608.19 9623.9 9629.64 9624.8 9615.41 9602.45 9587.48 9569.43 9562.71
9581.42 9580.96 9580.48 9589.48 9588.52 9587.51 9587.61 9586.4 9584.57 9584.11 9582.69 9582.11 9581.46 9580.02 9576.22 9571.12 9566.61 9562.17 9557.88 9553.57 9549.22 9544.99 9540.67 9537.01 9533.37 9530.11 9529.25 9528.32 9528.66 9529.59 9530.87 9531.15 9533.97 9535.88 9538.17 9539.46 9541.35 9543.47 9545.37 9545.48 9547.93 9549.62 9550.8 9552.15 9552.98 9552.78 9551.9 9551.1 9555.4 9564.34 9574.8 9580.34 9579.4 9577.87 9575.88 9573.85 9573.67 9583.17 9598.23 9611.29 9618.52 9618.88 9610.69 9596.94 9579.54 9559.48 9556.07
9582.95 9582.6 9582.21 9592.16 9591.13 9590.04 9588.57 9587.51 9586.57 9585.42 9584.77 9584.32 9583.45 9581.89 9578.52 9574.13 9569.97 9565.48 9561.61 9557.41 9553.41 9549.38 9545.01 9541.33 9537.38 9534.35 9534.38 9534.93 9535.21 9535.85 9536.41 9535.65 9537.77 9538.82 9540.38 9540.81 9542.48 9544.05 9545.61 9547.31 9549.51 9551.5 9552.84 9554.57 9556 9556.33 9555.05 9552.98 9555.58 9561.22 9567.9 9571.83 9572.83 9572.22 9570.45 9568.34 9567.9 9575.77 9589.04 9600.33 9607.69 9612.03 9606.47 9594.69 9578.91 9562.05 9560.66
9587.04 9586.52 9585.96 9593.51 9592.49 9591.4 9590.47 9589.27 9588.03 9586.59 9585.7 9585.17 9584.55 9583.64 9580.02 9576.3 9572.48 9568.86 9565.15 9561.07 9557.41 9553.69 9549.83 9547.03 9543.17 9540.58 9540.45 9540.85 9540.34 9541.6 9540.82 9540.09 9540.98 9541.77 9542.79 9543.83 9545.36 9546.85 9548.28 9549.83 9551.17 9553.42 9556 9558.64 9561.33 9563.49 9563.27 9556.66 9559.93 9560.5 9559.1 9563.27 9567.74 9568.88 9567.97 9566.07 9565.3 9570.99 9583.48 9595.31 9604.13 9607.22 9605.65 9597.19 9584.65 9571.08 9563.02
9589.05 9588.6 9588.1 9594.86 9593.87 9593.53 9592.22 9590.83 9589.32 9587.5 9586.39 9585.23 9583.49 9582.42 9580.42 9577.94 9575.19 9572.28 9569.14 9565.78 9562.47 9558.48 9554.53 9550.62 9547.74 9545.8 9546.01 9545.81 9543.95 9543.16 9543.29 9543.43 9544.01 9544.79 9545.86 9546.84 9548.09 9549.19 9551.43 9553.22 9554.67 9556.91 9560.31 9563.68 9567.8 9573.11 9578.78 9581.94 9575.29 9567.25 9557.97 9562.24 9567.77 9569.5 9569.03 9567.33 9565.72 9570.02 9582.15 9594.39 9605.66 9611.66 9611.19 9603.83 9594.53 9584.91 9577.62
9589.9 9589.69 9589.41 9596.76 9595.85 9595.03 9593.73 9592.25 9590.8 9588.88 9586.98 9584.79 9582.44 9581.57 9580.96 9579.89 9578.27 9576.27 9573.83 9570.98 9567.86 9564.04 9560.41 9556.25 9552.2 9549.58 9549.44 9549.03 9546.73 9545.12 9545.44 9546.04 9546.78 9547.56 9548.47 9549.69 9550.86 9552.21 9554.46 9556.21 9558.08 9560.34 9564.08 9567.53 9572.49 9580.13 9591.55 9602.54 9591.57 9581.96 9573.4 9573.26 9574.46 9574.74 9574.01 9572.86 9572.24 9575.33 9584.66 9594.53 9603.77 9612.86 9615.44 9609.91 9603.72 9597.94 9587.6
9592.77 9592.58 9592.31 9597.93 9597.09 9597.1 9595.69 9594.19 9592.05 9589.82 9587.6 9584.36 9583.07 9582.44 9582.2 9582.08 9581.53 9580.51 9578.88 9576.82 9573.77 9569.93 9566.45 9562.89 9556.75 9551.55 9549.45 9549.99 9549.02 9547.56 9548.18 9548.63 9549.68 9550.56 9551.5 9552.82 9553.92 9555.28 9557.89 9559.28 9561.13 9563.07 9565.55 9568.49 9572.89 9579.49 9590 9599.46 9597.38 9596.91 9597.22 9589.11 9584.56 9582.46 9581.39 9581.18 9582.07 9585.01 9590.4 9595.61 9601.04 9609.47 9614.72 9613.22 9609.05 9603.37 9586.16
9601.49 9594.63 9594.53 9599.59 9598.91 9598.55 9597.26 9596.5 9594.25 9590.92 9588.12 9584.85 9583.65 9583.7 9584.42 9585.44 9585.95 9586.14 9585.25 9583.41 9580.35 9575.9 9571.09 9566 9560.39 9555.4 9553.96 9552.58 9551.75 9551.51 9551.54 9551.47 9552.69 9553.73 9554.85 9556.25 9557.58 9559.1 9560.97 9562.01 9563.15 9565.01 9566.91 9568.37 9570.03 9572.38 9576.26 9583.46 9592.11 9600.45 9604.86 9598.04 9592.24 9589.51 9588.78 9589.79 9592.44 9596.36 9596.93 9597.55 9599.83 9606.6 9613.22 9616.09 9610.82 9602.05 9585.6
9604.63 9597.79 9603.28 9602.85 9602.26 9601.99 9600.71 9595.42 9596.01 9591.43 9588.04 9584.79 9583.48 9584.97 9587.46 9589.61 9591.25 9592.08 9591.96 9590.77 9588.03 9583.26 9576.22 9569.54 9564.66 9559.4 9554.8 9554.29 9554.32 9554.88 9555.52 9554.87 9555.8 9556.88 9557.81 9559.34 9560.75 9562.45 9563.75 9565.09 9565.88 9566.96 9567.65 9567.73 9566.78 9564.26 9560.62 9566.86 9582.17 9595.42 9601.61 9598.52 9595.21 9593.71 9594.27 9596.49 9599.99 9603.61 9602.44 9599.67 9598.03 9607.73 9624.04 9622.9 9611.58 9595.58 9580.28
9609.19 9599.31 9604.48 9604.39 9604.16 9604.5 9603.65 9599.02 9597.04 9594.69 9590.63 9585.3 9583.11 9587.24 9591.75 9595.41 9597.88 9599.4 9599.55 9599.27 9597.76 9593.92 9585.75 9577.8 9571.71 9564.25 9558.63 9556.47 9556.63 9557.45 9557.39 9557.22 9557.91 9559.43 9560.5 9562.17 9563.6 9564.63 9566.41 9567.64 9568.08 9568.87 9569.2 9568.62 9566.43 9561.66 9554.77 9560.08 9573.94 9586.54 9593.49 9593.75 9593.71 9594.56 9596.92 9600.44 9604.78 9608.68 9607.22 9602.81 9599.44 9610.36 9638.36 9630.01 9613.42 9594.22 9578.06
9613.39 9601.93 9604.89 9605.15 9605.36 9606.14 9606.02 9603.07 9602.93 9600.82 9596.69 9589.11 9586.49 9593.18 9599.12 9602.99 9605.73 9607.68 9608.5 9609 9608.95 9608.2 9606.43 9595.45 9581.87 9569.41 9561.37 9558.98 9558.86 9559.77 9560.18 9559.69 9559.95 9561.55 9562.84 9564.36 9565.49 9567.42 9568.7 9569.7 9570.71 9571.48 9571.9 9571.68 9570.29 9566.85 9561.74 9563.61 9569.57 9575.31 9581.63 9586.33 9589.89 9593.35 9597.47 9602.17 9607.26 9612.07 9611.61 9606.9 9604.95 9614.16 9633.51 9629.44 9614.32 9596.81 9578.13
9614.86 9604.38 9599.38 9600.38 9601.45 9605.21 9606.13 9607.3 9608.39 9609.37 9607.84 9601.44 9599 9605.56 9609.66 9612.57 9614.48 9616.2 9617.33 9617.86 9618.58 9619.92 9621.65 9609.23 9590.74 9574.53 9564.3 9561.45 9560.73 9561.85 9562.07 9561.65 9561.94 9563.39 9564.66 9566.55 9568.21 9570.6 9571.77 9573.21 9574.06 9574.66 9575.34 9576.04 9576.8 9577.22 9577.37 9572.64 9568.99 9567.17 9572.34 9579.35 9585.35 9590.71 9596.04 9601.68 9607.22 9612.79 9613.24 9609.41 9607.78 9611.54 9623.87 9623.44 9613.1 9598.21 9578.22
9616.6 9605.97 9601.44 9602.74 9604.19 9605.81 9607.63 9610.58 9614.45 9618.19 9622.41 9626.54 9625.93 9622.79 9622.12 9622.75 9623.88 9624.9 9625.75 9625.78 9625.43 9624.34 9621.5 9610.98 9595.84 9580.44 9569.11 9564.12 9562.48 9562.7 9563.04 9562.98 9563.84 9566.17 9567.97 9569.25 9572.44 9573.63 9574.35 9575.68 9576.31 9576.96 9577.93 9579.52 9582.32 9586.51 9589.94 9580.11 9570.27 9564.64 9568.12 9574.99 9581.83 9588.08 9593.92 9599.79 9605.13 9609.24 9610.61 9609.81 9609.18 9610.46 9616.99 9618.43 9612.48 9599.4 9577.99
9618.74 9607.17 9608.41 9609.76 9607.22 9609.23 9611.52 9614.11 9618.16 9623.37 9631.58 9645.65 9645.02 9635.9 9632.29 9631.58 9632.11 9632.92 9633.44 9632.82 9630.73 9626.01 9618.58 9610.74 9599.67 9587.44 9575.06 9567.45 9564.88 9564.07 9563.72 9565.88 9567.57 9570.98 9573.4 9575.35 9578.29 9579.39 9579.78 9580.15 9580.16 9580.24 9580.82 9581.92 9584.28 9588.68 9594.19 9581.35 9570.6 9564.31 9567.11 9573.23 9579.86 9585.98 9591.78 9597.36 9602.44 9606.39 9609.26 9610.01 9611.22 9614.94 9619.63 9621.76 9616.15 9600.55 9581.49
9621.14 9608.89 9610.26 9611.76 9610.76 9612.79 9615.31 9615.92 9620.59 9623.4 9629.07 9636.65 9640.49 9638.89 9637.98 9638.36 9639.21 9640.32 9640.88 9640.18 9637.29 9630.82 9621.49 9613.87 9603.92 9592.61 9580.62 9572.17 9569.02 9568.04 9568.36 9570.94 9573.26 9576.17 9580.17 9582.67 9583.76 9584.43 9584.5 9584.02 9583.3 9582.6 9582.01 9581.98 9582.11 9580.17 9576.98 9576.15 9570.06 9566.02 9568.15 9573.11 9578.81 9584.42 9589.69 9595.09 9599.61 9603.78 9608.05 9609.32 9612.14 9616.57 9623.79 9629.84 9627.23 9609.43 9583.4
9623.89 9627.5 9613.56 9614.83 9612.69 9614.54 9612.12 9615.09 9619.31 9621.59 9622.45 9621.82 9630.16 9636.41 9639.84 9642.85 9644.94 9647.05 9648.35 9648.32 9646.28 9640.88 9631.99 9621.08 9609.05 9597.89 9586.07 9577.8 9574.61 9573.8 9574.69 9576.31 9579.94 9584.23 9587.23 9589.71 9590.35 9590.33 9589.4 9587.29 9585.62 9583.93 9582.29 9581.06 9579.99 9578.51 9576.39 9573.34 9570.21 9568.5 9570.33 9574.2 9578.89 9583.75 9588.19 9592.66 9596.67 9599.8 9602.73 9607.13 9612.45 9618.37 9627.89 9639.16 9647.82 9626.76 9596.33
9627.49 9628.05 9615.98 9617.07 9611.83 9613.76 9613.56 9616.05 9619.2 9619.86 9620.42 9621.33 9627.78 9635.56 9641.46 9645.94 9649.86 9653.43 9655.92 9657.16 9656.69 9652.98 9643.9 9629.52 9614.05 9600.19 9590.88 9584.35 9581.21 9580.16 9581.74 9582.8 9587.23 9592.89 9596.53 9598.08 9598.17 9596.6 9594.57 9591.23 9588.38 9585.48 9582.49 9580.05 9578 9576.72 9575.42 9572.9 9570.89 9570.4 9572.62 9575.72 9579.65 9583.76 9587.85 9591.4 9594.86 9597.78 9600.46 9606.48 9613.79 9622.39 9634.48 9653.71 9682.94 9665.07 9633.96
9629.38 9629.01 9616.9 9617.98 9612.97 9614.83 9614.33 9616.18 9619.79 9620.39 9621.41 9622.51 9629.53 9636.94 9643.3 9649.06 9654.18 9658.49 9662.4 9665.03 9666.35 9665.43 9655.38 9637.58 9619.02 9603.65 9596.2 9592.07 9588.16 9586.35 9586.61 9588.51 9596.26 9604.43 9608.33 9608.44 9606.48 9603.52 9599.99 9595.62 9591.45 9587.24 9583.03 9579.22 9575.78 9572.91 9572.35 9572.62 9572.54 9573.04 9575.05 9577.74 9580.93 9584.81 9588.5 9591.56 9594.83 9597.96 9601.92 9607.89 9616.08 9625.75 9637.46 9654.47 9692.77 9690.82 9681.69
9630.73 9630.64 9617.73 9606.4 9608.42 9607.88 9613.72 9614.99 9619.41 9621.71 9625.53 9628.17 9633.09 9639.1 9645.4 9651.65 9657.44 9662.82 9668.05 9671.31 9673.02 9672.08 9662.34 9644.89 9625.29 9607.62 9601.89 9597.97 9594.85 9593.84 9593.51 9595.03 9611.25 9621.44 9623.37 9621.04 9616.54 9611.21 9605.98 9600.38 9594.43 9588.94 9583.56 9578.47 9573.99 9571.16 9570.96 9573.03 9575.27 9576.38 9577.85 9580.08 9582.86 9586.28 9589.73 9592.71 9595.9 9599.53 9603.59 9609.78 9618.7 9629.33 9640.85 9651.33 9685.6 9694.83 9695.65
9631.72 9634.06 9618.9 9619.66 9609.25 9606.72 9610.96 9614.13 9618.93 9623.25 9629.39 9633.59 9636.1 9640.96 9646.97 9653.47 9659.95 9666.38 9672.22 9676.6 9677.77 9673.03 9665.32 9652.4 9636.93 9621.41 9609.06 9602.21 9601.29 9605.27 9610.7 9620.69 9641.58 9645.13 9641.52 9634.5 9627.59 9619.26 9612.54 9605.4 9597.69 9590.97 9584.39 9578.15 9572.52 9568.81 9569.93 9573.33 9577.42 9578.99 9580.41 9582.72 9585.59 9588.75 9592.02 9595.36 9598.74 9602.74 9606.95 9612.92 9620.87 9630.8 9641.36 9649.24 9676.42 9685.75 9690.82
9633.56 9634.08 9619.18 9607.65 9609.33 9608.47 9610.25 9613.52 9618.22 9622.4 9626.29 9630.91 9635.97 9641.31 9647.45 9653.92 9660.77 9668.08 9675.21 9681.37 9684.76 9681.54 9672.37 9659.49 9646.41 9630.79 9614.2 9604.62 9606.76 9619.48 9639.55 9670.96 9682.35 9669.98 9658.04 9646.73 9637.05 9626.37 9618.19 9608.43 9600.65 9592.66 9585.26 9578.3 9572.3 9568.77 9569.7 9572.62 9576.35 9579.75 9582.47 9585.48 9588.78 9592.27 9595.86 9599.76 9603.13 9606.52 9610.39 9615.28 9622.24 9630.15 9636.58 9644.69 9666.93 9671.76 9682.52
9635.21 9632.81 9619.18 9604.21 9605.2 9608.31 9610.57 9614.32 9618.02 9621.71 9625.09 9628.97 9634.37 9640.04 9646.23 9652.9 9660.32 9668.26 9676.56 9684.66 9692.08 9693.94 9679.96 9662.86 9647.31 9630.93 9615.03 9605.02 9609.41 9629.5 9658.91 9695.6 9702.18 9683.17 9667.94 9655.02 9643.64 9632.04 9622.92 9611.71 9603.34 9595.16 9587.12 9579.49 9573.09 9569.82 9570.52 9573.16 9577.01 9580.81 9584.91 9588.98 9592.97 9596.92 9600.91 9604.44 9608.07 9611.33 9614.27 9617.57 9624.65 9631.2 9638.21 9642.09 9657.36 9659.27 9675.02
9635.81 9633.19 9619.92 9602.98 9605.85 9606.68 9610.02 9614.24 9617.85 9620.96 9622.85 9627.26 9632.32 9637.75 9643.78 9650.11 9657.5 9665.58 9674.47 9683.8 9692.39 9694.45 9681.12 9662.27 9639.63 9626.62 9614.84 9605.13 9609.54 9632.41 9661.71 9688.33 9688.76 9680.02 9668.43 9658.04 9647.65 9636.52 9627.13 9614.98 9606.56 9598.4 9590.16 9581.82 9574.38 9570.75 9572.4 9575.39 9579.37 9583.69 9588.02 9592.62 9597.2 9601.62 9605.99 9610.5 9614.44 9618.39 9621.97 9625.86 9629.82 9633.54 9637.89 9643.8 9644.65 9652.39 9668.21
9637.23 9633.7 9631 9605.38 9609.46 9608.86 9610.38 9613.94 9616.64 9620.18 9623.88 9625.68 9629.57 9634.37 9639.92 9646.02 9652.89 9660.51 9668.84 9677.9 9686.59 9687.76 9677.62 9663.3 9646.77 9631.58 9618.95 9608.28 9610.07 9631.78 9657.42 9677.1 9673.99 9670.4 9663.52 9656.23 9648.79 9638.97 9630.04 9617.87 9609.85 9601.96 9594.3 9586.43 9578.14 9574.19 9576.27 9579.53 9583.45 9587.03 9591.4 9596.27 9601.85 9606.85 9611.84 9616.95 9621.88 9626.43 9630.69 9634.69 9636.28 9636.84 9637.89 9649.87 9637.15 9642.31 9662.94
9637.86 9633.3 9630.87 9607.5 9611.65 9610.95 9611.5 9613.37 9614.85 9616.87 9618.23 9621.8 9625.68 9630.1 9635.1 9640.36 9646.22 9652.62 9659.61 9667.27 9675.71 9678.35 9672.11 9664.7 9656.21 9641.92 9628.31 9616.24 9613.26 9633.4 9654.24 9668.57 9663.83 9661.27 9657.76 9652.09 9646.51 9640.01 9631.95 9620.63 9613.37 9606.52 9600.04 9594.05 9588.85 9584.47 9582.64 9582.91 9586.18 9590.93 9596.07 9601.45 9606.92 9612.18 9617.45 9622.9 9628.18 9633.39 9638.58 9642.94 9643.66 9641.87 9641.56 9654.96 9642.22 9644.68 9662.66
