real_craters/C109-500m.grd
DSAA
140 140
-34.8075 34.8075
-34.8075 34.8075
8223.2094341063 10414.658420158
[rows 30 to 59 of 140, columns 67 to 133 of 140]
9578.7 9574.81 9569.82 9569.97 9576.63 9584.58 9591.86 9598.28 9602.99 9611.65 9622.63 9643.16 9634.43 9613.06 9632.25 9640.02 9637.64 9628.81 9621.13 9619.01 9627.62 9631.76 9635.12 9637.33 9637.26 9631.26 9623.83 9616.7 9615.61 9621.87 9632.34 9643.36 9657.2 9682.65 9708.49 9736.56 9739.51 9726.61 9724.99 9702.18 9661.29 9633.41 9619.36 9609.28 9602.56 9597.92 9596.8 9596.79 9595.3 9593.46 9592.6 9591.69 9592.9 9596.51 9598.98 9600.21 9601.51 9602.37 9602.93 9605.24 9607.81 9608.45 9609.44 9613.63 9619.03 9623.23 9625.63
9574.2 9572.77 9571.86 9573.91 9578.71 9584.95 9590.72 9596.27 9602.53 9614.15 9630.6 9661.48 9691.54 9690.56 9648.24 9639.37 9642.64 9635.09 9626.91 9621.89 9633.12 9636.28 9637.87 9638.02 9634.75 9631.18 9626.38 9617.93 9615.35 9621.97 9629.22 9617.89 9643.68 9672.81 9698.08 9721.34 9735.87 9734.24 9726.79 9702.53 9669.63 9643.67 9627.28 9615.66 9605.74 9600.09 9596.54 9594.94 9596.45 9598.78 9600.68 9600.44 9601.99 9607.23 9607.88 9606.05 9603.65 9602.5 9603.77 9606.68 9610.29 9611.24 9611.4 9613.99 9617.97 9621.17 9623.74
9570.67 9571.53 9576.9 9578.55 9582.49 9587.57 9593.24 9598.83 9605.46 9618.3 9636.59 9655.29 9692.29 9695.22 9661.46 9666.49 9657.66 9638.22 9619.43 9626.92 9635.78 9638.71 9641.03 9642.41 9640.48 9638.87 9636.6 9629.53 9623.53 9622.02 9613.29 9608.93 9638.55 9669.96 9697.46 9722.75 9731.89 9732.89 9723.03 9699.4 9673.01 9650.39 9633.07 9620.12 9610.31 9603.59 9599.13 9597.45 9600.26 9605.93 9612.87 9619.16 9623.11 9624.71 9618.81 9612.36 9606.52 9602.25 9604.84 9608.18 9611.69 9615.02 9613.33 9615.03 9616.49 9620.86 9624.13
9569.13 9571.13 9576.74 9582.15 9587.36 9593.19 9599.64 9605.2 9611.28 9621.22 9633.7 9646.42 9670.77 9686.74 9669.42 9672.18 9665.01 9650.07 9641.08 9630.03 9633.66 9640.46 9645.63 9650.33 9654.49 9657.08 9653.75 9650.14 9646.18 9633.43 9617.36 9623.1 9650.21 9674.69 9696.64 9717.27 9731.64 9727.17 9709.36 9690.55 9666.51 9652.36 9638.51 9626.44 9616.15 9607.91 9602.07 9601.02 9604.41 9612.4 9624.38 9641.91 9662.08 9641.82 9627.6 9617.97 9610.21 9605.11 9607.53 9611.49 9614.97 9615.01 9617.95 9618.97 9620.77 9623.21 9624.29
9570.65 9573.05 9579.59 9586.46 9593.9 9600.94 9608.08 9614.52 9620.3 9627.56 9635.55 9645.15 9653.62 9674.04 9665.84 9662.55 9661.74 9657.19 9652.74 9645.33 9640.34 9642.77 9649.42 9657.71 9667.42 9673.5 9670.47 9668.72 9665.48 9655.51 9644.8 9657.96 9674.52 9684.85 9695.46 9704.22 9724.28 9720.09 9706.52 9690.43 9672.7 9659.97 9645.37 9632.52 9621.65 9611.25 9602.75 9601.6 9607.76 9616.15 9626.98 9639.28 9644.68 9637.35 9628.84 9621.33 9615.04 9610.95 9612.83 9616.89 9619.48 9619.7 9622.33 9623.89 9627.42 9626.86 9625.07
9577.39 9579.62 9585.76 9592.71 9601.44 9609.47 9618.02 9626.87 9634.68 9639.09 9638.58 9653.54 9640.3 9666.09 9658.84 9656.34 9657.4 9656.53 9655.57 9640.81 9635.83 9642.55 9651.45 9661.75 9672.42 9680.24 9679.59 9680.11 9684.39 9677.09 9678.89 9698.94 9695.3 9692.6 9696.48 9701.83 9704.68 9714.94 9700.14 9695.07 9684.35 9668.6 9651.66 9639.26 9627.02 9616.5 9608.26 9606.58 9611.37 9617.76 9624.18 9628.78 9622.57 9626.09 9626.83 9623.77 9620.54 9618.25 9620.31 9623.87 9625.94 9626.9 9625.56 9627.33 9628.93 9629.64 9628.61
9597.93 9588.99 9591.02 9601.71 9611.21 9620.33 9629.25 9638.35 9646.88 9650.79 9648.12 9672.18 9653.95 9668.1 9663.77 9662.16 9662.76 9652.94 9638.61 9628.39 9632.66 9642.33 9652.79 9663.01 9672.99 9679.19 9680.3 9680.18 9679.21 9683.65 9693.81 9699.63 9692.6 9692.26 9695.49 9702.15 9701.67 9701.57 9695.61 9696.45 9691.16 9672.9 9659.18 9647.82 9636.74 9624.98 9616.12 9614.23 9616.98 9620.36 9623.28 9626.35 9626.27 9626.53 9626.89 9627.26 9627.77 9627.49 9632.25 9634.1 9631.11 9629.29 9630.06 9631.11 9632.46 9631.49 9631.56
9605.88 9604.72 9607.6 9615.05 9623.76 9632.04 9640.36 9648.39 9657.16 9661.95 9661.7 9664.78 9660.83 9672.79 9665.17 9666.87 9665.28 9651.91 9639.35 9636.67 9637.64 9645.2 9653.87 9663.24 9671.07 9676.23 9677.51 9676.5 9675.31 9680.41 9689.08 9688.92 9684.2 9687.39 9690.45 9691.59 9692.59 9693.65 9690.58 9679.44 9674.97 9670.99 9664.4 9656.14 9647.25 9637.61 9626.83 9625.1 9625.24 9625.13 9624.67 9626.7 9627.87 9627.47 9627.57 9630.66 9635.91 9644.95 9654.2 9658.87 9655.76 9643.76 9633.28 9631.27 9632.2 9632.73 9635.42
9616.5 9625.06 9627.76 9631.28 9636.81 9642.98 9649.89 9657.18 9665.99 9677.96 9680.06 9668.77 9668.37 9685.16 9677.56 9670.88 9658.28 9655.06 9651.12 9643.26 9645.26 9651.19 9657.85 9665.02 9671.21 9675.46 9675.8 9674.22 9671.51 9675.51 9684.42 9687.22 9681.19 9682.27 9686.53 9686.95 9691.26 9702.18 9683.85 9665.9 9666.48 9670.95 9669.31 9664.82 9659.61 9654.89 9653.19 9640.76 9635.12 9631.58 9629.25 9625.63 9622.85 9621 9625.26 9631.01 9639.55 9648.87 9657.78 9669.83 9669.19 9653.34 9633.97 9632.34 9633.86 9634.81 9639.5
9638.27 9640.27 9643.55 9647.73 9651.56 9655.05 9659.06 9662.68 9666.26 9669.22 9682.53 9672.43 9675.33 9693.69 9691.1 9684.47 9658.73 9663.08 9667.89 9654.95 9655.49 9658.78 9663.61 9668.77 9673.37 9677.16 9677.45 9674.73 9671.7 9673.36 9680.39 9686.6 9672.4 9678.55 9687.14 9694.34 9699.75 9687.15 9668.18 9672.4 9677.52 9679.74 9677.68 9674.12 9669.59 9664.59 9653.26 9651.53 9643.81 9637.5 9631.31 9625.35 9619.34 9616.6 9622.86 9630.91 9639.29 9646.24 9650.53 9655.61 9645.09 9639.31 9636.15 9637.42 9638.52 9640.19 9646.52
9654.77 9655.58 9660.44 9664.28 9667.74 9670.11 9672 9673.15 9670.94 9667.63 9693.59 9688.95 9698.81 9690.74 9680.47 9684.42 9670.36 9677.17 9686.84 9673.31 9666.6 9666.74 9669.21 9672.88 9676.49 9679.41 9679.6 9677.19 9675.09 9675.2 9673.5 9667.47 9670.02 9679.67 9691.77 9700.79 9695.99 9678.46 9684.16 9706.93 9701.03 9694.01 9688.61 9683.27 9677.97 9671.76 9665.95 9658.98 9651.44 9643.79 9635.39 9629.18 9621.57 9616.84 9623.49 9631.5 9640.01 9648.69 9657.76 9645.01 9635.43 9636.43 9642.26 9642.59 9644.13 9648.36 9653.46
9670.69 9678.47 9680.93 9683.37 9685.28 9686.27 9686.74 9687.11 9687.38 9695.85 9717.3 9701.97 9718.55 9690.46 9683.39 9682.52 9689.75 9690.11 9697.94 9690.49 9675.57 9672.9 9674.04 9676.73 9679.46 9681.92 9682.41 9679.28 9678.15 9680.36 9670.96 9663.69 9668.05 9682.69 9699.16 9714.78 9732.44 9726.02 9721.6 9722.14 9718.7 9709.17 9701.61 9694.16 9686.41 9677.49 9669.46 9664.92 9656.8 9649.39 9642.4 9637.3 9630.03 9627.89 9630.52 9636.36 9641.55 9645.33 9644.22 9639.99 9637.03 9640.7 9646.75 9649.94 9651.15 9653.7 9657.62
9690.15 9698.54 9703.87 9707.21 9707.57 9707.4 9704.68 9703.31 9701.73 9704.14 9719.55 9700.29 9709.46 9685.99 9683.64 9681.39 9692.28 9692.5 9690.23 9685.23 9678.39 9676.95 9677.64 9679.16 9681.33 9683.2 9683.43 9678.35 9675.17 9671.76 9666.73 9668.34 9668.56 9688.11 9706.2 9721.82 9733.19 9725.06 9733 9739.3 9728.07 9717.3 9707.42 9700.99 9694.44 9690.47 9682.82 9672.52 9664.08 9656.81 9650.69 9645.52 9642.19 9637.31 9640.18 9643.51 9644.82 9644.34 9639.8 9640.46 9642.74 9649.3 9654.64 9657.88 9659.73 9659.83 9663.78
9704.72 9717.95 9725.1 9731.73 9734.66 9735.17 9733.83 9726.26 9720.76 9720.87 9734.44 9718.06 9708.99 9691.2 9689.8 9690.4 9691.33 9692.11 9685.4 9681.6 9680.24 9680.16 9681.42 9682.42 9682.62 9681.67 9679.06 9673.85 9668.14 9661.71 9659.44 9660.75 9680.69 9701.74 9710.43 9718.6 9721.76 9719.71 9722.39 9731.07 9729.09 9721.3 9712.56 9704.8 9697.57 9695.32 9687.82 9677.31 9670.74 9665.42 9663.4 9659.03 9656.07 9655.51 9655.9 9652.75 9651.69 9650.31 9648.1 9651.94 9659.66 9664.59 9664.24 9663.63 9672.88 9681.65 9689.03
9714 9736.13 9751.3 9760.77 9765.11 9765.73 9757.64 9753.51 9748.18 9745.03 9742.36 9728.1 9710.31 9713.86 9710.51 9690.21 9690.01 9701.33 9690.79 9686.7 9683.43 9686.04 9687.77 9687.31 9686.28 9681.32 9674.35 9671.12 9666.65 9658.71 9660.25 9660.72 9674.92 9703.78 9709.98 9713.48 9717.42 9717.67 9722.85 9729.6 9728.91 9724 9715.82 9705.87 9695.84 9688.2 9684.71 9680.02 9677.53 9675.01 9671.26 9669.2 9667.93 9672.63 9669.29 9660.65 9657.92 9659.31 9667.14 9681.53 9688.59 9685 9681.25 9676.62 9693.81 9711.73 9712.99
9740.6 9768.21 9786.84 9797.23 9803.56 9803.32 9799.85 9784.38 9769.74 9758.15 9738.06 9739.91 9746.37 9741.84 9737.01 9717.29 9711.87 9724.99 9725.27 9702.09 9692.89 9696.76 9699.03 9697.4 9693.38 9687.5 9679.88 9674.73 9670.46 9673.68 9667.4 9669.13 9688.34 9702.61 9706.73 9706.71 9705.53 9715.13 9723.6 9729.24 9732.06 9728.26 9718.85 9707.32 9694.26 9684.51 9682.93 9684.41 9684.06 9681.62 9678.72 9676.23 9673.01 9667.75 9662.44 9662.43 9663.39 9664.16 9666.4 9683.3 9700.28 9700.19 9707.84 9709.34 9721.11 9730.91 9734.18
9805.63 9820.82 9824.3 9828.6 9833.49 9832.66 9828.29 9825.33 9811.7 9796.96 9720.12 9770.13 9793.6 9802.64 9779.95 9767.45 9755.84 9721.28 9736.24 9723.58 9713.82 9714.69 9713.95 9710.4 9705.25 9698.29 9693.01 9683.14 9672.12 9656.41 9653.84 9669.19 9683.22 9698.24 9703.24 9702.14 9700.52 9711.56 9725.22 9736.88 9737.68 9733.77 9726.2 9714.15 9696.57 9679.86 9687.32 9692.03 9692.77 9690.94 9687.24 9683.07 9677.46 9668.01 9662.23 9666.49 9668.24 9668.49 9668.71 9666.41 9687.09 9702.14 9717.22 9738.74 9756.08 9759.14 9752.03
9857.68 9859.67 9857.82 9858.42 9863.72 9871.92 9875.45 9876.56 9867.7 9848.65 9806.19 9832.9 9904.93 9859.4 9818.94 9784.7 9764.35 9757.66 9731.77 9733.82 9734.43 9737.23 9731.43 9724.2 9717.29 9709.33 9698.22 9690.21 9682.94 9671.34 9668.54 9674.64 9684.66 9702.11 9698.78 9697.08 9700.79 9710.56 9725.53 9741.94 9741.18 9737.41 9733.28 9728.4 9717.75 9699.65 9707.35 9707.7 9705.08 9702.52 9697.64 9693.23 9686.72 9679.9 9675.2 9675.91 9676.72 9674.6 9673.13 9669.31 9685.54 9701.34 9720.99 9762.02 9789.04 9800.22 9781.26
9881.75 9883.3 9875.98 9872.64 9882.61 9890.87 9912.91 9930.34 9936.35 9926.44 9873.42 9904.65 9902.07 9901.54 9854.54 9784.41 9718.12 9717.31 9717.39 9744.85 9783.81 9757.36 9745.54 9737.07 9729.58 9723.47 9718.76 9712.55 9701.76 9699.58 9700.8 9683.23 9677.55 9688.76 9692 9688.96 9687.29 9703.63 9717.33 9737.05 9738.42 9739.29 9741.63 9747.08 9757.95 9761.48 9738.49 9727.33 9720.39 9714.49 9709.09 9703.92 9699.49 9696.43 9696.11 9691.7 9688.5 9683.54 9680.6 9692.13 9696.32 9703.69 9718.95 9757.06 9797.38 9814.39 9791.45
9947.53 9897.21 9867.52 9855.41 9866.6 9892.57 9928.56 9974.85 10015 10048.6 10027 10034.7 9937.51 9924.39 9874.99 9804.81 9723.68 9697.62 9709.4 9734.78 9753.24 9753.83 9746.65 9741.8 9738.09 9735.37 9729.5 9720.56 9714.69 9707.21 9693 9683.04 9675.81 9686.01 9688.23 9684.8 9678.91 9688.88 9705.83 9721.14 9729.17 9736.64 9745.8 9757.81 9771.3 9771.07 9756.83 9741.84 9731.84 9724.27 9719.83 9712.03 9709.59 9709.73 9711.7 9705.63 9698.13 9692.92 9693.79 9702.26 9704.18 9708.2 9721.32 9759.3 9807.5 9833.41 9796.75
9957.6 9855.2 9819.12 9814.97 9834.12 9865.31 9901.82 9967.99 10056.3 10128.1 10127 10110.8 9997.74 9913.26 9907.8 9880.14 9804.57 9724.21 9715.06 9732.94 9747.44 9744.15 9741.96 9740.81 9741.56 9741.66 9740.2 9738.41 9726.7 9714.25 9698.07 9683.84 9666.7 9667.47 9689.35 9694.73 9691.89 9694.12 9697.86 9709.62 9716.78 9728.96 9742.32 9757 9772.93 9773.39 9760.65 9749.05 9739.82 9732.17 9727.17 9721.98 9716.61 9716.24 9716.1 9708.87 9702.87 9698.29 9697.7 9702.59 9706.69 9712.71 9730.67 9761.8 9801.74 9832.98 9810.55
9686.52 9713.58 9723.08 9738.65 9762.27 9805.33 9861.84 9948.31 10040.3 10150.4 10150.4 10115.8 10121.6 10093.7 10045.3 10004.1 9961.16 9844.82 9766.77 9757.57 9743.58 9736.2 9739.88 9743.86 9747.46 9751.15 9752.65 9745.75 9741.07 9729.66 9714.61 9697.74 9681.52 9682.35 9701.43 9716.4 9718.97 9703.67 9699.39 9689.83 9704.74 9720.52 9734.31 9746.58 9760.05 9761.34 9755.97 9748.83 9741.93 9735.97 9730.85 9725.26 9722.07 9718.52 9712.46 9708.7 9704.55 9699.72 9698.97 9702.3 9706.09 9710.09 9725.82 9757.03 9789.68 9819.03 9805.92
9505.09 9569.72 9608.85 9640.64 9668.57 9716.43 9772.74 9841.1 9929.71 10030.4 10074.5 10110.9 10154.1 10191.9 10149.1 10101.4 10076.3 9981.92 9870.87 9819.37 9769.48 9745.28 9743.71 9745.91 9752.19 9761.86 9770.57 9772.1 9765.2 9750.19 9731.45 9722 9716.73 9718.78 9718.78 9734.81 9735.48 9712.29 9699.61 9695.54 9706.2 9717.03 9725.69 9731.93 9735.54 9743.37 9746.59 9745.32 9742.4 9738.29 9733.64 9728.27 9724.55 9720.32 9718.05 9713.4 9705.09 9700.24 9701.1 9705.27 9702.74 9705.48 9720.57 9749.9 9779.31 9809.99 9811.71
9444.74 9462.97 9494.69 9531.19 9565.18 9609.88 9661.2 9710.16 9748.61 9773.05 9899.01 10002.7 10055.1 10141.6 10121.7 10138.3 10155.8 10135.2 10020 9908.85 9830.28 9780.12 9760.85 9754.58 9759.33 9771.84 9784.42 9798.54 9786.76 9772.15 9764.64 9751.95 9737.75 9730.03 9724 9737.17 9737.22 9721.22 9704.76 9710.44 9715.51 9717.23 9720.6 9724.24 9724.87 9733.4 9740.29 9742.95 9742.5 9739.92 9735.88 9731.12 9727.23 9723.31 9716.11 9707.76 9705.19 9700.35 9698.01 9698.28 9698.59 9701.5 9713.54 9735.94 9763.31 9779.43 9808.57
9367.31 9370.25 9392.09 9416.85 9455.87 9486.85 9528.57 9558.45 9612.8 9666.44 9633.06 9830.24 9945.07 10024.1 10077.6 10123 10190.2 10228.6 10074 9991.8 9895.26 9818.79 9778.57 9766.97 9769.31 9780.81 9793.43 9797.93 9792.62 9783.82 9775.82 9761.82 9744 9728.92 9724.35 9726.11 9728.75 9729.74 9723.14 9715.25 9718.94 9718.16 9719.95 9722.19 9726.72 9731.35 9737.42 9741.67 9741.71 9740.25 9737.7 9734.84 9731.24 9726.66 9720.77 9714.88 9709.5 9703.73 9700.16 9698.72 9697.5 9695.51 9704 9717.93 9733.57 9751.03 9785.33
9250.39 9270.17 9292.49 9315.92 9340.36 9355.15 9370.99 9380.29 9375.73 9309.96 9413.06 9625.93 9824.15 9957.7 10035.8 10080.3 10129 10219.8 10185.6 10072.2 9941.57 9833.94 9785.64 9771.41 9775.11 9787.45 9797.97 9803.55 9799.18 9791.64 9778.03 9761.33 9744.77 9728.43 9714.09 9711.21 9718.67 9723.13 9735.09 9723.1 9716.67 9719.26 9723.14 9726 9726.92 9733.07 9737.15 9739.72 9741.69 9741.21 9739.63 9737.34 9734.43 9731.06 9727.62 9725.36 9715.77 9706.55 9703.18 9701.16 9699.15 9693.08 9699.45 9707.07 9712.75 9731.59 9757.48
9143.02 9164.58 9185.67 9198.46 9214.29 9217.9 9227.75 9234.98 9237.13 9249.13 9342.79 9496.07 9671.55 9919.83 10026.6 10066.2 10091.6 10141.3 10186.9 10126.2 9981.13 9833.09 9789.95 9779.4 9784.6 9796.18 9810.27 9823.25 9822.31 9802.9 9781.95 9761.83 9744.11 9731.32 9706.72 9711.28 9721.38 9730.02 9740.75 9732.08 9716.26 9724.02 9731.22 9736.38 9740.12 9740.04 9740.49 9741.18 9740.93 9741.55 9740.67 9739.42 9737.08 9734.9 9732.58 9729.72 9721.44 9711.31 9707.22 9704.96 9701.49 9700.59 9705.1 9710.17 9717.25 9729.98 9735.59
9054.74 9075.99 9090.77 9101.78 9110.32 9114.69 9108.77 9110.11 9135.27 9221.61 9299.29 9452.06 9618.73 9873.21 10032.2 10075.8 10120.9 10126.1 10213.9 10179.5 10026.9 9881.8 9813.68 9793.39 9796.24 9810.04 9826 9840.51 9840.61 9815.99 9786.91 9757.81 9740.36 9726.19 9713.36 9717.64 9733.26 9741.2 9745.59 9747.98 9734.27 9738.23 9742.9 9747.57 9748.18 9746.66 9745.26 9744.27 9742.73 9741.81 9740.8 9739.65 9738.24 9736.37 9735.12 9733.26 9726.76 9720.06 9712.8 9712.27 9713.42 9719.57 9717.53 9716.83 9719.02 9721.23 9723.59
8987.47 9005.48 9016.34 9024.18 9025.73 9020.21 9006.27 8990.3 8969.53 9056.85 9159.44 9277.13 9462.81 9676.07 9888.62 10016.3 10064.7 10138.7 10218.1 10198.8 10054.3 9912.33 9828.07 9801.74 9805.19 9817.98 9837.55 9854.31 9854.16 9830.44 9796.31 9765.26 9741.7 9723.89 9713.87 9737.28 9754.83 9761.54 9753.62 9760.19 9764.29 9756.32 9754.58 9758.98 9757.69 9752.41 9749.19 9747.24 9745.35 9744.57 9742.35 9740.21 9739.38 9738.18 9737.23 9733.92 9729.07 9722.62 9718.16 9722.14 9730.62 9734.78 9727.89 9719.54 9711.23 9713.67 9724.58
8949.69 8951.05 8951.53 8946.56 8935.31 8922.79 8906.47 8880.63 8843.54 8849.03 8926.73 9055.63 9240.69 9453.92 9678.14 9931.9 10054.5 10108.1 10168.8 10166.8 10053.5 9906.88 9824.75 9807.27 9811.15 9825.51 9847.09 9867.16 9876.34 9847.35 9810.47 9777.21 9751.82 9735.9 9738.7 9754.43 9778.09 9788.72 9778.02 9777.04 9772.04 9767.74 9762.01 9754.8 9754.99 9754.52 9752.58 9750.99 9748.56 9748.01 9746.38 9742.8 9741.25 9740 9739.25 9736.75 9733.74 9729.52 9725.49 9728.85 9734.6 9737.33 9734.24 9727.67 9713.12 9710.08 9729.85
