real_craters/C110-750m.grd
DSAA
94 94
-34.8425 34.8425
-34.8425 34.8425
9819.1628422695 11130.41271775
[rows 50 to 74 of 94, columns 0 to 57 of 94]
1.069e+004 1.068e+004 1.068e+004 1.068e+004 1.069e+004 1.07e+004 1.07e+004 1.069e+004 1.069e+004 1.069e+004 1.069e+004 1.069e+004 1.069e+004 1.069e+004 1.068e+004 1.068e+004 1.068e+004 1.068e+004 1.069e+004 1.069e+004 1.07e+004 1.071e+004 1.072e+004 1.073e+004 1.074e+004 1.074e+004 1.075e+004 1.076e+004 1.077e+004 1.078e+004 1.08e+004 1.083e+004 1.09e+004 1.098e+004 1.111e+004 1.113e+004 1.093e+004 1.069e+004 1.044e+004 1.019e+004 1.004e+004 9998 9989 9985 9987 9985 9968 9961 9962 9953 9939 9930 9919 9917 9923 9952 1.003e+004 1.028e+004
1.069e+004 1.069e+004 1.069e+004 1.07e+004 1.069e+004 1.069e+004 1.07e+004 1.07e+004 1.07e+004 1.07e+004 1.069e+004 1.069e+004 1.069e+004 1.069e+004 1.07e+004 1.069e+004 1.069e+004 1.07e+004 1.07e+004 1.07e+004 1.071e+004 1.072e+004 1.073e+004 1.073e+004 1.074e+004 1.074e+004 1.075e+004 1.075e+004 1.076e+004 1.077e+004 1.079e+004 1.083e+004 1.089e+004 1.096e+004 1.108e+004 1.107e+004 1.091e+004 1.07e+004 1.047e+004 1.025e+004 1.012e+004 1.004e+004 1.002e+004 9998 9995 1e+004 9993 9990 9982 9972 9957 9955 9961 9980 1.001e+004 1.006e+004 1.014e+004 1.037e+004
1.069e+004 1.069e+004 1.069e+004 1.07e+004 1.07e+004 1.07e+004 1.07e+004 1.07e+004 1.07e+004 1.07e+004 1.069e+004 1.069e+004 1.069e+004 1.069e+004 1.069e+004 1.069e+004 1.069e+004 1.071e+004 1.071e+004 1.071e+004 1.071e+004 1.072e+004 1.073e+004 1.073e+004 1.074e+004 1.074e+004 1.074e+004 1.075e+004 1.075e+004 1.076e+004 1.078e+004 1.081e+004 1.087e+004 1.095e+004 1.099e+004 1.096e+004 1.086e+004 1.071e+004 1.052e+004 1.033e+004 1.022e+004 1.011e+004 1.006e+004 1.002e+004 1.001e+004 1.001e+004 1e+004 1e+004 9999 9990 9971 9971 1e+004 1.005e+004 1.011e+004 1.02e+004 1.033e+004 1.053e+004
1.069e+004 1.069e+004 1.069e+004 1.07e+004 1.071e+004 1.072e+004 1.072e+004 1.071e+004 1.07e+004 1.069e+004 1.069e+004 1.069e+004 1.069e+004 1.069e+004 1.07e+004 1.07e+004 1.071e+004 1.072e+004 1.072e+004 1.072e+004 1.072e+004 1.072e+004 1.073e+004 1.073e+004 1.074e+004 1.074e+004 1.075e+004 1.075e+004 1.075e+004 1.076e+004 1.078e+004 1.08e+004 1.084e+004 1.09e+004 1.094e+004 1.091e+004 1.083e+004 1.072e+004 1.058e+004 1.044e+004 1.034e+004 1.023e+004 1.015e+004 1.007e+004 1.004e+004 1.002e+004 1.001e+004 1.001e+004 1.002e+004 1.001e+004 9987 9988 1.005e+004 1.014e+004 1.023e+004 1.034e+004 1.047e+004 1.067e+004
1.069e+004 1.07e+004 1.07e+004 1.07e+004 1.071e+004 1.072e+004 1.072e+004 1.071e+004 1.07e+004 1.07e+004 1.07e+004 1.07e+004 1.07e+004 1.07e+004 1.07e+004 1.07e+004 1.07e+004 1.072e+004 1.073e+004 1.073e+004 1.073e+004 1.073e+004 1.073e+004 1.074e+004 1.074e+004 1.075e+004 1.076e+004 1.075e+004 1.075e+004 1.075e+004 1.077e+004 1.079e+004 1.082e+004 1.087e+004 1.09e+004 1.088e+004 1.082e+004 1.075e+004 1.066e+004 1.058e+004 1.052e+004 1.039e+004 1.029e+004 1.016e+004 1.01e+004 1.006e+004 1.005e+004 1.005e+004 1.006e+004 1.006e+004 1.003e+004 1.004e+004 1.013e+004 1.024e+004 1.036e+004 1.049e+004 1.065e+004 1.083e+004
1.07e+004 1.07e+004 1.07e+004 1.071e+004 1.071e+004 1.072e+004 1.071e+004 1.071e+004 1.07e+004 1.071e+004 1.07e+004 1.07e+004 1.07e+004 1.069e+004 1.069e+004 1.069e+004 1.07e+004 1.072e+004 1.074e+004 1.076e+004 1.074e+004 1.073e+004 1.074e+004 1.074e+004 1.075e+004 1.076e+004 1.076e+004 1.075e+004 1.075e+004 1.075e+004 1.077e+004 1.079e+004 1.081e+004 1.084e+004 1.086e+004 1.085e+004 1.082e+004 1.077e+004 1.072e+004 1.07e+004 1.063e+004 1.059e+004 1.046e+004 1.036e+004 1.029e+004 1.017e+004 1.016e+004 1.012e+004 1.011e+004 1.011e+004 1.011e+004 1.013e+004 1.023e+004 1.036e+004 1.05e+004 1.063e+004 1.076e+004 1.088e+004
1.07e+004 1.071e+004 1.072e+004 1.071e+004 1.071e+004 1.071e+004 1.07e+004 1.07e+004 1.07e+004 1.069e+004 1.07e+004 1.07e+004 1.069e+004 1.069e+004 1.069e+004 1.069e+004 1.07e+004 1.072e+004 1.075e+004 1.077e+004 1.075e+004 1.074e+004 1.074e+004 1.074e+004 1.075e+004 1.075e+004 1.076e+004 1.075e+004 1.075e+004 1.075e+004 1.076e+004 1.078e+004 1.079e+004 1.082e+004 1.084e+004 1.084e+004 1.082e+004 1.08e+004 1.076e+004 1.07e+004 1.067e+004 1.062e+004 1.054e+004 1.047e+004 1.045e+004 1.04e+004 1.036e+004 1.026e+004 1.022e+004 1.022e+004 1.026e+004 1.028e+004 1.039e+004 1.052e+004 1.063e+004 1.074e+004 1.085e+004 1.095e+004
1.071e+004 1.071e+004 1.072e+004 1.071e+004 1.07e+004 1.069e+004 1.068e+004 1.068e+004 1.069e+004 1.069e+004 1.069e+004 1.069e+004 1.068e+004 1.069e+004 1.068e+004 1.069e+004 1.07e+004 1.072e+004 1.075e+004 1.076e+004 1.075e+004 1.074e+004 1.074e+004 1.075e+004 1.075e+004 1.075e+004 1.075e+004 1.075e+004 1.075e+004 1.075e+004 1.075e+004 1.077e+004 1.078e+004 1.08e+004 1.082e+004 1.083e+004 1.083e+004 1.083e+004 1.083e+004 1.079e+004 1.075e+004 1.069e+004 1.062e+004 1.057e+004 1.056e+004 1.054e+004 1.053e+004 1.043e+004 1.042e+004 1.044e+004 1.052e+004 1.057e+004 1.064e+004 1.07e+004 1.076e+004 1.082e+004 1.089e+004 1.093e+004
1.071e+004 1.071e+004 1.072e+004 1.071e+004 1.069e+004 1.068e+004 1.067e+004 1.067e+004 1.068e+004 1.068e+004 1.067e+004 1.067e+004 1.067e+004 1.066e+004 1.067e+004 1.069e+004 1.071e+004 1.073e+004 1.074e+004 1.074e+004 1.074e+004 1.074e+004 1.075e+004 1.075e+004 1.075e+004 1.075e+004 1.075e+004 1.075e+004 1.075e+004 1.075e+004 1.076e+004 1.077e+004 1.078e+004 1.079e+004 1.08e+004 1.082e+004 1.084e+004 1.085e+004 1.087e+004 1.089e+004 1.086e+004 1.082e+004 1.077e+004 1.067e+004 1.065e+004 1.064e+004 1.067e+004 1.068e+004 1.069e+004 1.076e+004 1.082e+004 1.087e+004 1.091e+004 1.088e+004 1.087e+004 1.088e+004 1.09e+004 1.091e+004
1.07e+004 1.07e+004 1.07e+004 1.07e+004 1.069e+004 1.068e+004 1.067e+004 1.067e+004 1.067e+004 1.066e+004 1.066e+004 1.065e+004 1.066e+004 1.065e+004 1.067e+004 1.069e+004 1.071e+004 1.073e+004 1.073e+004 1.073e+004 1.075e+004 1.075e+004 1.075e+004 1.076e+004 1.076e+004 1.076e+004 1.076e+004 1.075e+004 1.075e+004 1.076e+004 1.076e+004 1.076e+004 1.077e+004 1.078e+004 1.08e+004 1.082e+004 1.084e+004 1.086e+004 1.087e+004 1.088e+004 1.092e+004 1.098e+004 1.102e+004 1.092e+004 1.079e+004 1.076e+004 1.076e+004 1.079e+004 1.088e+004 1.099e+004 1.101e+004 1.104e+004 1.106e+004 1.097e+004 1.092e+004 1.09e+004 1.09e+004 1.089e+004
1.07e+004 1.069e+004 1.069e+004 1.069e+004 1.069e+004 1.068e+004 1.067e+004 1.067e+004 1.067e+004 1.067e+004 1.067e+004 1.066e+004 1.066e+004 1.066e+004 1.067e+004 1.069e+004 1.07e+004 1.071e+004 1.072e+004 1.073e+004 1.074e+004 1.075e+004 1.076e+004 1.076e+004 1.077e+004 1.077e+004 1.076e+004 1.076e+004 1.075e+004 1.075e+004 1.075e+004 1.076e+004 1.076e+004 1.077e+004 1.079e+004 1.082e+004 1.084e+004 1.086e+004 1.088e+004 1.091e+004 1.095e+004 1.101e+004 1.105e+004 1.107e+004 1.107e+004 1.103e+004 1.107e+004 1.106e+004 1.1e+004 1.1e+004 1.1e+004 1.1e+004 1.097e+004 1.095e+004 1.093e+004 1.091e+004 1.089e+004 1.087e+004
1.068e+004 1.069e+004 1.069e+004 1.069e+004 1.068e+004 1.069e+004 1.069e+004 1.069e+004 1.069e+004 1.068e+004 1.068e+004 1.067e+004 1.067e+004 1.067e+004 1.068e+004 1.069e+004 1.069e+004 1.069e+004 1.071e+004 1.072e+004 1.073e+004 1.074e+004 1.076e+004 1.077e+004 1.077e+004 1.076e+004 1.076e+004 1.075e+004 1.075e+004 1.076e+004 1.076e+004 1.076e+004 1.077e+004 1.078e+004 1.08e+004 1.082e+004 1.084e+004 1.086e+004 1.088e+004 1.09e+004 1.094e+004 1.097e+004 1.102e+004 1.104e+004 1.107e+004 1.105e+004 1.106e+004 1.107e+004 1.102e+004 1.098e+004 1.096e+004 1.096e+004 1.094e+004 1.093e+004 1.091e+004 1.089e+004 1.088e+004 1.086e+004
1.066e+004 1.066e+004 1.066e+004 1.067e+004 1.068e+004 1.069e+004 1.071e+004 1.071e+004 1.07e+004 1.069e+004 1.068e+004 1.068e+004 1.069e+004 1.069e+004 1.069e+004 1.069e+004 1.07e+004 1.07e+004 1.071e+004 1.072e+004 1.072e+004 1.073e+004 1.075e+004 1.077e+004 1.076e+004 1.075e+004 1.075e+004 1.075e+004 1.076e+004 1.076e+004 1.077e+004 1.078e+004 1.08e+004 1.08e+004 1.081e+004 1.082e+004 1.084e+004 1.086e+004 1.087e+004 1.089e+004 1.092e+004 1.095e+004 1.098e+004 1.099e+004 1.098e+004 1.098e+004 1.1e+004 1.101e+004 1.099e+004 1.095e+004 1.093e+004 1.092e+004 1.092e+004 1.091e+004 1.089e+004 1.088e+004 1.086e+004 1.084e+004
1.064e+004 1.063e+004 1.064e+004 1.065e+004 1.067e+004 1.068e+004 1.07e+004 1.07e+004 1.07e+004 1.07e+004 1.069e+004 1.07e+004 1.07e+004 1.069e+004 1.069e+004 1.07e+004 1.07e+004 1.071e+004 1.071e+004 1.071e+004 1.071e+004 1.073e+004 1.075e+004 1.076e+004 1.075e+004 1.074e+004 1.074e+004 1.075e+004 1.076e+004 1.077e+004 1.078e+004 1.08e+004 1.082e+004 1.082e+004 1.082e+004 1.083e+004 1.084e+004 1.086e+004 1.087e+004 1.089e+004 1.091e+004 1.094e+004 1.096e+004 1.096e+004 1.096e+004 1.095e+004 1.095e+004 1.096e+004 1.094e+004 1.092e+004 1.09e+004 1.09e+004 1.089e+004 1.089e+004 1.088e+004 1.086e+004 1.085e+004 1.083e+004
1.063e+004 1.063e+004 1.063e+004 1.064e+004 1.065e+004 1.067e+004 1.068e+004 1.069e+004 1.07e+004 1.071e+004 1.072e+004 1.072e+004 1.07e+004 1.069e+004 1.069e+004 1.07e+004 1.07e+004 1.071e+004 1.071e+004 1.069e+004 1.071e+004 1.073e+004 1.074e+004 1.074e+004 1.074e+004 1.073e+004 1.073e+004 1.074e+004 1.075e+004 1.077e+004 1.078e+004 1.081e+004 1.083e+004 1.082e+004 1.082e+004 1.083e+004 1.084e+004 1.086e+004 1.087e+004 1.089e+004 1.091e+004 1.093e+004 1.094e+004 1.094e+004 1.094e+004 1.093e+004 1.092e+004 1.092e+004 1.091e+004 1.09e+004 1.089e+004 1.088e+004 1.088e+004 1.087e+004 1.086e+004 1.085e+004 1.084e+004 1.083e+004
1.063e+004 1.062e+004 1.063e+004 1.063e+004 1.064e+004 1.065e+004 1.066e+004 1.067e+004 1.07e+004 1.072e+004 1.074e+004 1.074e+004 1.071e+004 1.07e+004 1.07e+004 1.07e+004 1.07e+004 1.071e+004 1.072e+004 1.07e+004 1.071e+004 1.072e+004 1.073e+004 1.073e+004 1.073e+004 1.072e+004 1.073e+004 1.074e+004 1.075e+004 1.075e+004 1.077e+004 1.08e+004 1.081e+004 1.081e+004 1.082e+004 1.082e+004 1.084e+004 1.085e+004 1.086e+004 1.088e+004 1.09e+004 1.091e+004 1.093e+004 1.092e+004 1.091e+004 1.09e+004 1.09e+004 1.09e+004 1.09e+004 1.089e+004 1.088e+004 1.088e+004 1.087e+004 1.086e+004 1.085e+004 1.084e+004 1.083e+004 1.083e+004
1.063e+004 1.062e+004 1.063e+004 1.063e+004 1.063e+004 1.064e+004 1.064e+004 1.064e+004 1.067e+004 1.069e+004 1.071e+004 1.071e+004 1.071e+004 1.07e+004 1.07e+004 1.069e+004 1.069e+004 1.069e+004 1.069e+004 1.067e+004 1.068e+004 1.07e+004 1.071e+004 1.072e+004 1.071e+004 1.071e+004 1.072e+004 1.073e+004 1.074e+004 1.075e+004 1.077e+004 1.078e+004 1.08e+004 1.08e+004 1.08e+004 1.082e+004 1.083e+004 1.085e+004 1.086e+004 1.087e+004 1.088e+004 1.09e+004 1.09e+004 1.09e+004 1.09e+004 1.089e+004 1.089e+004 1.089e+004 1.089e+004 1.088e+004 1.088e+004 1.087e+004 1.086e+004 1.086e+004 1.085e+004 1.084e+004 1.083e+004 1.082e+004
1.063e+004 1.063e+004 1.063e+004 1.063e+004 1.063e+004 1.063e+004 1.063e+004 1.063e+004 1.064e+004 1.065e+004 1.065e+004 1.064e+004 1.065e+004 1.067e+004 1.069e+004 1.068e+004 1.067e+004 1.066e+004 1.064e+004 1.063e+004 1.064e+004 1.067e+004 1.07e+004 1.071e+004 1.073e+004 1.072e+004 1.072e+004 1.073e+004 1.074e+004 1.075e+004 1.075e+004 1.077e+004 1.078e+004 1.078e+004 1.079e+004 1.08e+004 1.081e+004 1.083e+004 1.084e+004 1.085e+004 1.086e+004 1.088e+004 1.089e+004 1.089e+004 1.089e+004 1.089e+004 1.088e+004 1.088e+004 1.088e+004 1.088e+004 1.088e+004 1.087e+004 1.086e+004 1.086e+004 1.084e+004 1.084e+004 1.083e+004 1.083e+004
1.064e+004 1.064e+004 1.064e+004 1.064e+004 1.063e+004 1.063e+004 1.063e+004 1.063e+004 1.064e+004 1.064e+004 1.063e+004 1.063e+004 1.063e+004 1.064e+004 1.064e+004 1.065e+004 1.064e+004 1.063e+004 1.061e+004 1.061e+004 1.062e+004 1.065e+004 1.069e+004 1.071e+004 1.072e+004 1.072e+004 1.073e+004 1.073e+004 1.075e+004 1.075e+004 1.074e+004 1.075e+004 1.077e+004 1.077e+004 1.077e+004 1.078e+004 1.08e+004 1.081e+004 1.081e+004 1.083e+004 1.085e+004 1.086e+004 1.087e+004 1.088e+004 1.089e+004 1.089e+004 1.089e+004 1.088e+004 1.088e+004 1.088e+004 1.088e+004 1.088e+004 1.087e+004 1.085e+004 1.084e+004 1.083e+004 1.082e+004 1.082e+004
1.064e+004 1.064e+004 1.064e+004 1.064e+004 1.064e+004 1.064e+004 1.064e+004 1.064e+004 1.064e+004 1.063e+004 1.063e+004 1.063e+004 1.063e+004 1.063e+004 1.063e+004 1.063e+004 1.063e+004 1.062e+004 1.061e+004 1.061e+004 1.063e+004 1.067e+004 1.069e+004 1.071e+004 1.071e+004 1.072e+004 1.073e+004 1.074e+004 1.075e+004 1.075e+004 1.075e+004 1.075e+004 1.075e+004 1.074e+004 1.075e+004 1.076e+004 1.078e+004 1.079e+004 1.079e+004 1.081e+004 1.083e+004 1.085e+004 1.088e+004 1.088e+004 1.089e+004 1.09e+004 1.089e+004 1.088e+004 1.088e+004 1.088e+004 1.088e+004 1.088e+004 1.086e+004 1.085e+004 1.084e+004 1.083e+004 1.082e+004 1.082e+004
1.065e+004 1.065e+004 1.065e+004 1.064e+004 1.064e+004 1.064e+004 1.064e+004 1.064e+004 1.064e+004 1.063e+004 1.063e+004 1.063e+004 1.062e+004 1.062e+004 1.062e+004 1.063e+004 1.063e+004 1.063e+004 1.064e+004 1.065e+004 1.066e+004 1.068e+004 1.07e+004 1.071e+004 1.071e+004 1.071e+004 1.072e+004 1.073e+004 1.074e+004 1.075e+004 1.075e+004 1.075e+004 1.074e+004 1.073e+004 1.073e+004 1.075e+004 1.076e+004 1.077e+004 1.078e+004 1.08e+004 1.082e+004 1.084e+004 1.086e+004 1.088e+004 1.089e+004 1.089e+004 1.088e+004 1.087e+004 1.088e+004 1.088e+004 1.087e+004 1.087e+004 1.086e+004 1.085e+004 1.084e+004 1.083e+004 1.082e+004 1.083e+004
1.065e+004 1.065e+004 1.065e+004 1.064e+004 1.064e+004 1.064e+004 1.064e+004 1.064e+004 1.064e+004 1.064e+004 1.063e+004 1.062e+004 1.062e+004 1.062e+004 1.062e+004 1.062e+004 1.063e+004 1.064e+004 1.064e+004 1.065e+004 1.066e+004 1.069e+004 1.07e+004 1.07e+004 1.071e+004 1.071e+004 1.072e+004 1.072e+004 1.073e+004 1.073e+004 1.074e+004 1.074e+004 1.073e+004 1.072e+004 1.072e+004 1.073e+004 1.075e+004 1.076e+004 1.077e+004 1.079e+004 1.08e+004 1.083e+004 1.085e+004 1.087e+004 1.088e+004 1.088e+004 1.088e+004 1.088e+004 1.088e+004 1.087e+004 1.087e+004 1.086e+004 1.085e+004 1.084e+004 1.083e+004 1.082e+004 1.082e+004 1.084e+004
1.065e+004 1.065e+004 1.065e+004 1.064e+004 1.064e+004 1.064e+004 1.064e+004 1.064e+004 1.064e+004 1.064e+004 1.063e+004 1.063e+004 1.062e+004 1.062e+004 1.062e+004 1.062e+004 1.063e+004 1.064e+004 1.065e+004 1.065e+004 1.065e+004 1.068e+004 1.07e+004 1.071e+004 1.071e+004 1.07e+004 1.071e+004 1.071e+004 1.071e+004 1.072e+004 1.073e+004 1.073e+004 1.072e+004 1.072e+004 1.072e+004 1.073e+004 1.074e+004 1.075e+004 1.076e+004 1.077e+004 1.079e+004 1.082e+004 1.084e+004 1.086e+004 1.087e+004 1.087e+004 1.088e+004 1.088e+004 1.088e+004 1.087e+004 1.087e+004 1.086e+004 1.085e+004 1.084e+004 1.084e+004 1.083e+004 1.082e+004 1.085e+004
1.065e+004 1.065e+004 1.064e+004 1.064e+004 1.064e+004 1.064e+004 1.065e+004 1.066e+004 1.066e+004 1.064e+004 1.063e+004 1.062e+004 1.062e+004 1.062e+004 1.062e+004 1.062e+004 1.063e+004 1.064e+004 1.064e+004 1.064e+004 1.065e+004 1.067e+004 1.07e+004 1.073e+004 1.072e+004 1.07e+004 1.07e+004 1.07e+004 1.069e+004 1.071e+004 1.072e+004 1.073e+004 1.072e+004 1.072e+004 1.072e+004 1.072e+004 1.073e+004 1.073e+004 1.074e+004 1.076e+004 1.078e+004 1.081e+004 1.083e+004 1.085e+004 1.086e+004 1.086e+004 1.087e+004 1.088e+004 1.088e+004 1.087e+004 1.086e+004 1.087e+004 1.086e+004 1.085e+004 1.085e+004 1.083e+004 1.084e+004 1.085e+004
1.065e+004 1.064e+004 1.064e+004 1.064e+004 1.064e+004 1.064e+004 1.064e+004 1.064e+004 1.065e+004 1.065e+004 1.063e+004 1.062e+004 1.062e+004 1.062e+004 1.061e+004 1.061e+004 1.062e+004 1.063e+004 1.064e+004 1.064e+004 1.065e+004 1.066e+004 1.069e+004 1.073e+004 1.072e+004 1.07e+004 1.07e+004 1.069e+004 1.069e+004 1.071e+004 1.072e+004 1.073e+004 1.072e+004 1.072e+004 1.072e+004 1.072e+004 1.072e+004 1.072e+004 1.074e+004 1.076e+004 1.077e+004 1.079e+004 1.082e+004 1.084e+004 1.085e+004 1.085e+004 1.086e+004 1.086e+004 1.086e+004 1.086e+004 1.085e+004 1.084e+004 1.084e+004 1.084e+004 1.084e+004 1.084e+004 1.084e+004 1.085e+004
