real_craters/C110-300m.grd
DSAA
233 233
-34.8425 34.8425
-34.8425 34.8425
9819.9211627995 11150.638860156
[rows 30 to 59 of 233, columns 134 to 200 of 233]
10624.5 10621.7 10619.4 10617.3 10615 10612.6 10610.4 10608 10606 10604.2 10602.7 10601 10597 10593.1 10589.3 10586.2 10582.8 10580.1 10577.3 10571.6 10567 10562.7 10558 10553.5 10552.6 10551.4 10549.3 10546.8 10544 10540.5 10536 10531.8 10528.1 10527.3 10526.5 10526.5 10526.1 10525.6 10525.3 10525 10524.8 10524.5 10524.1 10523.5 10522.6 10521.5 10520.9 10520.8 10520.1 10517.8 10512.3 10507 10506.5 10505.5 10504.6 10503.5 10502.3 10501.1 10500 10498.3 10496.6 10495.5 10493.7 10491.2 10488.5 10486.9 10485.6
10627.3 10624.3 10621.5 10619 10616.9 10614.9 10612.9 10610.9 10609.1 10607.6 10606.1 10603.6 10600.3 10596 10591.6 10587.7 10583.3 10578.6 10573.2 10570.3 10567.3 10564.3 10561.4 10558.5 10555.7 10553.6 10551.5 10549.2 10546.6 10543.5 10539.2 10535.5 10533.3 10530.5 10528.6 10528 10527.3 10527.1 10526.8 10526.6 10526.6 10526.5 10526.4 10526 10525.1 10523.8 10522.5 10521 10518.9 10515.4 10510.8 10506.9 10505.4 10504.8 10504.4 10503.3 10502 10501 10500.3 10499.2 10497.2 10496.8 10494.5 10491.6 10488.3 10486.9 10485.6
10629.8 10626.7 10623.8 10621.2 10618.8 10617.4 10615.6 10613.9 10612.1 10610.4 10609 10607.4 10603 10598 10593.8 10589 10584 10578.8 10573.7 10570.5 10568 10565.9 10564.3 10562.2 10558.6 10556.1 10553.9 10551.8 10549.6 10547.2 10545.2 10540.2 10535.5 10532.9 10530.7 10529.5 10528.6 10528 10528.3 10528.1 10528.1 10528.3 10528.6 10528.9 10528.3 10525 10524.4 10522.1 10518.9 10515.1 10511.1 10508 10505.6 10504.2 10503.6 10502.3 10501.4 10500.9 10500.9 10501.4 10503.6 10498.9 10495.7 10492.9 10490 10487.9 10485.9
10632.5 10629.8 10627 10624.6 10622.3 10620.1 10618.3 10616.5 10614.8 10612.8 10611 10608.2 10604.4 10599.7 10595.3 10590.2 10585.1 10580 10575 10571.7 10569.1 10567 10565.2 10563.1 10560.5 10558.2 10556.3 10554.5 10552.6 10550.3 10546.8 10542.1 10537.7 10534.8 10533 10531.7 10530.8 10530.1 10529.7 10528.6 10528.6 10528.9 10529.6 10531.3 10533.3 10535.2 10528.7 10523.6 10519.1 10514.9 10511.3 10508 10505.3 10503.3 10501.1 10500.4 10500.5 10500.4 10500.5 10500.8 10500.3 10498.3 10495.9 10494.1 10492.3 10488.9 10486.3
10635.6 10633.3 10630.8 10628.4 10626.1 10623.9 10621.6 10619.8 10617.2 10614.9 10612.7 10609.7 10605.9 10601 10596.5 10591.5 10586.5 10581.6 10577.1 10573.4 10570.4 10567.9 10566.1 10563.9 10561.7 10559.9 10558.2 10556.7 10555.2 10553.3 10549.7 10543.4 10538.3 10536.2 10534.7 10533.5 10532.5 10531.8 10531.4 10530.4 10530.2 10530.3 10530.8 10531.4 10533.7 10535.6 10529.3 10523.6 10518.9 10514.7 10511 10507.5 10505.1 10503.2 10500.8 10500.1 10499.8 10499.6 10499.4 10498.9 10497.6 10496.3 10494.7 10493.3 10491.8 10488.8 10486.3
10639.3 10637.3 10635.1 10632.9 10630.5 10628 10625.4 10622.5 10619.8 10616.9 10613.7 10610.9 10606.9 10601.6 10597.6 10592.9 10588.2 10583.5 10579 10575.3 10572.1 10568.9 10564.5 10563.6 10562.8 10561.4 10559.9 10558.5 10557.3 10556.2 10554.1 10545.9 10540.5 10537.9 10536.2 10534.8 10533.7 10532.8 10532.1 10531.5 10531.1 10530.7 10530.3 10529.6 10527.9 10525.9 10525.1 10521.7 10517.9 10514.2 10510.9 10508.4 10506 10503.8 10502.7 10500.4 10499.2 10498.6 10498 10497.2 10496.3 10494.7 10492.7 10490.5 10488.7 10487.4 10485.8
10642.9 10641.2 10638.3 10636.1 10633.5 10631.1 10628.3 10625.4 10622.2 10618.5 10614.8 10610 10605.2 10601.7 10598.7 10594.5 10590 10585.6 10581.3 10577.7 10574.7 10571.8 10568.8 10566.5 10564.7 10562.9 10561.3 10559.8 10558.4 10557 10553.9 10547.5 10542.5 10539.7 10537.7 10536.2 10534.9 10533.8 10532.8 10531.9 10531.1 10530.2 10529.2 10527.9 10525.9 10523.8 10522 10519.7 10516.6 10513.4 10510.4 10507.8 10505 10502.7 10500.7 10498.9 10498.3 10497.6 10496.8 10495.7 10494.2 10492.6 10491 10488.9 10487.4 10486.3 10485
10646.8 10645.3 10643.2 10640.8 10638 10635 10631.8 10628.5 10624.9 10620.9 10616.5 10611.5 10606.6 10603.2 10600.5 10596.4 10592.2 10587.9 10583.8 10580.2 10577.6 10575.7 10574.4 10570.3 10567.1 10564.5 10562.1 10560 10558.3 10556.7 10553.4 10547.9 10543.9 10541.2 10539.3 10537.6 10536 10534.7 10533.5 10532.4 10531.2 10529.8 10528.4 10526.6 10524.7 10522.8 10520.4 10518 10515.2 10512.4 10509.4 10506.7 10504.2 10501 10498.7 10498.2 10497.6 10496.8 10495.8 10494.5 10493 10491.4 10490 10488.5 10486.9 10485.4 10483.9
10652.8 10650.7 10648.3 10645.4 10642.3 10638.8 10635.2 10631.5 10627.3 10623.2 10618.9 10614.5 10610.1 10606 10602.1 10598.7 10594.6 10590.4 10586.4 10583 10580.1 10578.1 10576.5 10572.6 10568.9 10565.7 10562.7 10559.8 10557.2 10555.4 10552.4 10547.5 10544.8 10542.7 10540.7 10538.9 10537.3 10535.7 10534.2 10532.6 10531.1 10529.5 10527.7 10525.6 10523.1 10521.1 10519 10516.7 10514.1 10511.3 10508.3 10505.3 10501.9 10499.7 10498.6 10498.2 10497.3 10496.3 10495 10493.6 10492.2 10490.7 10489.3 10488.2 10486.4 10484.6 10482.9
10660.8 10657.3 10653.9 10650.2 10646.3 10642.4 10638.6 10634.3 10630.2 10626 10621.6 10617.8 10614.3 10608.7 10604.1 10601.4 10597.3 10593.1 10589 10585.3 10581.6 10578.8 10576.4 10573.5 10570.3 10566.9 10563.4 10559.6 10555.7 10551.3 10549.5 10548.2 10546.1 10544 10542.1 10540.2 10538.3 10536.5 10534.7 10532.8 10531 10529.1 10527.1 10525.1 10523.1 10520.6 10518.1 10515.7 10513 10510.4 10507.7 10504.5 10501.6 10499.2 10498.2 10498.3 10497.3 10495.9 10494.5 10493 10491.4 10489.9 10488.6 10487.1 10485.6 10483.9 10482.1
10669.8 10664.7 10660.2 10655.7 10651 10646.7 10642.3 10637.8 10633.4 10629.1 10624.6 10620.1 10615.1 10610.4 10606.4 10604.4 10600.5 10596.2 10591.6 10586.9 10583 10579.3 10576.4 10574.8 10572.1 10568.5 10564.4 10559.9 10555.2 10550.8 10549.5 10549.5 10547.3 10545.4 10543.3 10541.2 10539.1 10537.2 10535.3 10533.2 10531.1 10528.9 10526.8 10524.7 10522.5 10520 10517.4 10515 10512.5 10509.8 10507.3 10504.3 10501.7 10499.5 10498.7 10498.4 10497.2 10495.7 10494.1 10492.4 10490.7 10489.1 10487.7 10486.8 10485 10483.3 10481.6
10677.8 10671 10665.7 10660.8 10655.9 10651 10646.4 10642.1 10637.6 10632.9 10627.8 10622.7 10617 10612.7 10609.5 10608.1 10604.6 10600.3 10595.3 10590.1 10586 10582.2 10579.3 10578.1 10575.1 10571 10566.4 10561.4 10556.3 10551.5 10550.8 10550.2 10548.7 10546.8 10544.7 10542.5 10540.3 10538.1 10535.9 10533.5 10531.3 10528.9 10526.5 10524.1 10521.9 10519.4 10517 10514.6 10512.1 10509.7 10507.4 10504.5 10502.2 10499.6 10498.6 10498.4 10497.1 10495.5 10493.8 10492.1 10490.1 10487.5 10486.7 10485.8 10484.3 10482.7 10481.1
10683.8 10677 10671.2 10665.7 10660.5 10655.6 10650.9 10646.3 10641.5 10636.7 10631.6 10626.5 10620.7 10616.4 10614 10612.9 10609.8 10605.8 10600.9 10595 10592.1 10591.1 10588 10584.2 10579.6 10574.4 10569.1 10563.7 10558.8 10555.7 10554 10552.7 10550.3 10548.3 10546 10543.6 10541.2 10538.8 10536.5 10534.1 10531.5 10528.9 10526.3 10523.5 10520.9 10518.8 10516.7 10514.4 10512 10509.7 10507.5 10504.8 10502.3 10499.5 10498.5 10497.7 10496.5 10495.3 10493.9 10492.3 10490.4 10488.4 10486.8 10485.4 10483.8 10482.2 10480.6
10687.7 10681 10674.8 10669.9 10664.6 10660 10655.3 10650.7 10645.9 10641.2 10636.3 10631.4 10625.8 10621.8 10619.9 10618.8 10616.1 10612.8 10609 10604.9 10602.9 10604.5 10598.7 10591.1 10584.6 10578.3 10572.2 10566.4 10561.3 10557.7 10556.8 10554.8 10551.8 10549.6 10547.2 10544.7 10542.1 10539.7 10537.1 10534.6 10532 10529.3 10526.5 10523.3 10520.4 10518.6 10516.8 10514.5 10512.2 10509.9 10507.8 10505.2 10502.4 10500.2 10498.9 10497.3 10496.3 10495.4 10494.2 10493 10491.4 10489.6 10487.5 10485.4 10483.6 10481.8 10480
10690 10684.2 10678.8 10674.4 10669.4 10664.8 10660.1 10655.6 10651.1 10646.6 10642.1 10637.7 10633.4 10630 10627 10625.7 10623 10620.3 10618.1 10617.1 10615.2 10607.9 10603.1 10596.6 10589.4 10582.3 10575.5 10569.2 10563.8 10560.2 10558.8 10556.2 10553 10550.5 10547.9 10545.2 10542.7 10540.1 10537.5 10535 10532.4 10529.7 10527.3 10524.5 10521.7 10519.4 10517.2 10515 10512.8 10510.5 10508.4 10506.2 10503.8 10502 10500.1 10498.3 10496.7 10495.6 10494.8 10493.9 10492.9 10491 10488.8 10486.2 10483.5 10481.6 10479.6
10692.5 10687.7 10683 10679 10674.1 10669.4 10665 10660.3 10656.4 10652.2 10648.2 10644.8 10641.1 10636.5 10634.9 10631.8 10629.8 10627.3 10625.5 10625.1 10623.3 10614.9 10608.6 10601.7 10594 10586.4 10579 10572.1 10566 10561.9 10560.3 10557.5 10554.2 10551.6 10548.6 10546 10543.2 10540.6 10538 10535.3 10532.7 10530.4 10528.1 10525.7 10523.1 10520.3 10517.9 10515.5 10513.4 10511.7 10509.5 10507.5 10505.4 10503.8 10501.5 10498.8 10496.9 10495.9 10495.3 10494.8 10494.5 10494.4 10489.5 10485.1 10483.4 10481.4 10479.3
10694.9 10691.1 10686.8 10683.1 10678.6 10674.1 10669.7 10665.3 10662.1 10658.2 10654.6 10651.6 10649.2 10649 10642.5 10638.1 10635.8 10632.8 10630.6 10629 10626.6 10625.3 10615.5 10607 10598.9 10590.9 10582.9 10575.4 10568.6 10563.8 10560.8 10558.2 10555.2 10552.6 10549.6 10546.8 10543.8 10541 10538.6 10535.9 10533.3 10530.9 10528.8 10526.4 10523.8 10521.1 10518.6 10516.3 10514.4 10512.4 10510.7 10508.9 10506.8 10505.3 10502.6 10499.5 10497.1 10496.2 10495.7 10495.4 10495.2 10494.7 10492 10487.1 10483.8 10481.4 10479.1
10697.9 10694.9 10693 10688.9 10683.8 10679.9 10675 10670.7 10667.1 10663.6 10660 10656.7 10654.2 10650.6 10646.9 10643.1 10640.6 10637.1 10634 10631.9 10631.5 10625.7 10618.7 10611.2 10603.5 10595.4 10587 10578.9 10571.8 10566.3 10562.1 10559.3 10556.4 10553.8 10551 10547.9 10544.8 10541.6 10538.9 10536.3 10533.7 10531.1 10528.9 10527.1 10524.2 10521.3 10519.1 10517 10515 10513.3 10511.8 10510.3 10508.4 10506.1 10503.2 10500 10497.3 10496.5 10495.9 10495.3 10494.8 10494.3 10492.2 10487.4 10483.8 10481.1 10478.9
10700.2 10699.4 10697.1 10693 10688.9 10684.5 10679.4 10675.4 10671 10667.2 10664.1 10660.7 10657.4 10653.4 10650.5 10647.4 10644.6 10640.4 10636 10631.5 10626.7 10622.8 10620.2 10615.5 10608.8 10600.8 10591.8 10582.5 10574.3 10568.6 10564.5 10561.2 10558.1 10555.3 10552.2 10549.2 10545.9 10542.7 10539.4 10536.7 10533.6 10531 10528.4 10526.2 10523.7 10521.3 10519.2 10517.3 10515.5 10514.6 10513 10511.4 10509.6 10506.7 10504 10501.5 10499.1 10497.5 10495.9 10494.5 10493.4 10492.4 10489.4 10485.5 10482.5 10480.4 10478.3
10703.5 10701.5 10698.5 10695.4 10691.6 10688 10683.6 10679.3 10675.6 10671.7 10668.1 10664.8 10661.8 10659.2 10655.8 10651.6 10648.2 10643.4 10638.2 10632.4 10625.8 10623.5 10624.2 10621.3 10615.4 10607.4 10597.9 10587.1 10575.9 10570.7 10566.9 10563.6 10560.9 10557.7 10554.5 10551.1 10547.6 10543.9 10540.3 10536.7 10533.4 10530.5 10527.5 10524.4 10522.7 10520.8 10518.9 10517.4 10516.5 10515.2 10514 10512.4 10510 10507.4 10505.1 10503 10501.4 10498.4 10495.4 10493 10491.1 10489.5 10486.2 10482.8 10481 10479.4 10477.4
10707.5 10705.4 10702.8 10699.4 10695.4 10691.3 10687.9 10683.4 10678.8 10674.8 10671.1 10668.3 10666 10664.2 10660.7 10655.2 10651.5 10646.7 10642 10637.3 10632.7 10631.3 10632.7 10629.6 10623.5 10615.5 10605.9 10594.8 10581.9 10574.6 10569.8 10567 10564.3 10560.9 10557.2 10553.3 10549.3 10545.2 10541.3 10537.6 10534.1 10530.5 10527.2 10524.1 10522.1 10520.4 10518.7 10517.2 10516.6 10515.6 10514.8 10513.6 10511.6 10508.9 10505.9 10503 10501 10497.3 10493.6 10490.7 10488.2 10485.9 10483.2 10481.3 10479.7 10478.4 10476.6
10712.2 10710.1 10707.1 10703.9 10700.6 10696.8 10692 10687.4 10683.2 10678.7 10674.8 10671.3 10668.7 10666.6 10663.4 10657.3 10654.1 10650.1 10646.8 10644.8 10645.4 10646.7 10645.3 10639.9 10632.7 10624.4 10615.5 10606.3 10595.9 10582.5 10575.5 10572.5 10569 10564.9 10560.5 10555.9 10551.5 10546.8 10542.4 10538.4 10534.6 10530.9 10527.7 10524.6 10522.1 10520 10518.7 10517.2 10516.6 10515.7 10515.2 10514.5 10512.8 10508.8 10504.5 10500.8 10497.5 10494 10490.6 10487.8 10485.3 10482.7 10481.5 10480.8 10478.9 10477.2 10475.6
10719.1 10716.2 10712.6 10709.3 10704.7 10700.1 10695.2 10690.5 10686.1 10681.4 10677.1 10673.2 10669.2 10665.2 10661 10656.9 10653.4 10652.4 10650.7 10651.2 10656.4 10663.6 10658.2 10650 10641.4 10632.9 10624.7 10617.5 10609.5 10595.3 10586.2 10580.5 10575.2 10569.9 10564.6 10559.3 10554.4 10549.1 10544.4 10539.5 10535.2 10531.2 10527.8 10524.5 10521.7 10519.4 10518.2 10516.9 10516.2 10515.3 10514.9 10514.5 10512.3 10507.2 10501.9 10497.5 10493.1 10489.3 10486.8 10484.8 10483 10481.4 10480.2 10479.1 10478.1 10476.5 10474.7
10726.8 10723.5 10719.1 10714.1 10708.5 10703.6 10698.2 10692.5 10687.8 10682.6 10677.9 10673.5 10668.6 10663.5 10657.8 10655.6 10653.6 10653.8 10653.2 10653.8 10656.3 10671.3 10666.1 10657 10648 10639.7 10631.9 10623.6 10615.6 10609.1 10598 10589 10581.8 10575.2 10568.9 10562.9 10557.5 10551.6 10546.2 10540.7 10535.8 10531.3 10527.4 10524 10521.1 10518.7 10517.4 10516 10515.4 10514.2 10513.5 10512.8 10510.9 10505.3 10499.9 10494.4 10488.8 10484.8 10483.5 10482.3 10481.1 10480.2 10479.6 10478.9 10477.9 10476 10474
10735.1 10730.4 10725.1 10719.3 10713 10707.5 10701.5 10695.3 10689.8 10684.2 10678.9 10673.7 10668.5 10663 10657.9 10655.2 10653.9 10654.8 10654.6 10655.8 10660.2 10669.6 10667.1 10659.3 10651.1 10643.8 10637.6 10630.8 10622.9 10614.8 10605.3 10596 10587.9 10580.4 10573.4 10566.7 10560.6 10554.2 10548.1 10542 10536.2 10531.1 10527 10523.3 10520.3 10517.8 10516.5 10514.9 10514.2 10512.5 10510.8 10508.9 10506.1 10502 10497.3 10491.9 10486.5 10482.6 10481.4 10480.6 10479.6 10479.1 10479.6 10480.5 10478 10475.6 10473.3
10742.4 10736.8 10730.4 10723.8 10717 10710.5 10704.3 10698.2 10692 10686.1 10680.2 10674.4 10669 10663.3 10657.9 10655.5 10654.4 10655.3 10655 10656.1 10660.7 10666.6 10664.6 10657.9 10650.9 10644.9 10640.7 10639.5 10631.9 10619.7 10610.8 10601.3 10593 10585.2 10577.9 10571.2 10564.4 10557.4 10550.4 10543.5 10536.8 10530.6 10525.4 10522 10519.2 10517.2 10515.6 10515.4 10513.1 10510.7 10508 10505 10501.9 10498.5 10494.5 10490.2 10486 10482.6 10481.4 10480.3 10478.9 10477.2 10478.6 10479.3 10477.1 10474.6 10472.4
10747.8 10741.2 10734.7 10727.6 10720.5 10713.3 10706.3 10699.8 10693.5 10687.2 10681.2 10675.4 10669.7 10664.4 10660.1 10657 10655.3 10655.8 10654.7 10653.7 10654.2 10660.2 10658.2 10653 10647.3 10641.9 10637.7 10635.2 10632.4 10626.8 10614.2 10604.6 10596.9 10589.4 10582.3 10575.4 10568.3 10561 10553.5 10545.8 10537.9 10530.4 10524.1 10521.4 10519.1 10517.4 10515.6 10515.3 10512.5 10509.4 10505.7 10501.9 10498.8 10495.9 10492.4 10489.6 10487 10484.8 10482.9 10481.2 10479.5 10478.6 10477.4 10476.6 10475.1 10473 10471
10751.9 10745.1 10737.7 10730.2 10722.8 10715.7 10708.8 10702 10695.5 10689.2 10683.3 10677.5 10671.7 10666.2 10661.6 10658.3 10656.6 10656.9 10654.9 10652.5 10650.9 10650.2 10649.2 10646.6 10641.9 10636.3 10630.3 10624.5 10622 10618.7 10612.3 10606.1 10599.5 10592.9 10586.3 10579.5 10572.6 10565.2 10557.3 10549.3 10540.4 10531.9 10525.2 10522.4 10520.6 10518.5 10516.6 10516 10512.7 10509.1 10504.8 10500.1 10497.4 10495 10492.3 10490.4 10489.1 10487.5 10485.4 10482.9 10480.1 10477.7 10476.1 10474.7 10473 10471.4 10469.9
10755.1 10748 10740 10732.3 10724.6 10717.4 10710.6 10703.9 10697.5 10691.2 10685.2 10679.4 10673.8 10668.6 10663.2 10659.8 10658.8 10658.9 10656.5 10652.8 10649.4 10647 10644.4 10641.5 10636.8 10630.6 10623.3 10616 10610.7 10608.9 10609.1 10606.2 10601.5 10595.9 10590 10583.7 10577.3 10570 10562.6 10554.3 10545 10535.2 10528.2 10525.8 10523.9 10521.6 10518.9 10517.7 10513.9 10509.9 10505.7 10501.6 10498.4 10495.9 10493.8 10492.6 10492 10491.4 10489 10485.1 10481.1 10477.7 10474.9 10472.4 10470.9 10470.1 10469.3
10757 10749.2 10741.3 10733.4 10725.7 10718.5 10711.6 10704.9 10698.5 10692.4 10686.6 10681.3 10676.2 10671.6 10667.3 10664.2 10662.5 10661.8 10659.5 10656.3 10652.1 10647.5 10643 10638.7 10633.3 10626.8 10619.4 10612.8 10610.2 10609.6 10609.4 10607.7 10603.9 10599.1 10594.1 10588.5 10582.3 10575.9 10569.1 10561.6 10552.6 10541.6 10534 10531.9 10529.2 10526.1 10522.3 10520 10515.6 10511.4 10507.5 10504.1 10500.3 10497.4 10495.3 10494.6 10495.1 10495.3 10492.8 10487.9 10482.1 10478 10475 10471.8 10470 10470.1 10469.4
