real_craters/C110-300m.grd
DSAA
233 233
-34.8425 34.8425
-34.8425 34.8425
9819.9211627995 11150.638860156
[rows 180 to 209 of 233, columns 134 to 200 of 233]
10841.7 10837.9 10833.3 10828.6 10824 10822.7 10828.5 10837.7 10847.7 10857.6 10866.4 10871 10858.8 10842.6 10827.4 10816.1 10808.9 10803.3 10799.1 10795.6 10793.4 10790.7 10788.8 10787.3 10786.5 10785.7 10784.1 10782.2 10780.5 10781 10785.6 10780.5 10764.9 10753.4 10744.5 10737.3 10734 10734.4 10734.9 10733.5 10732.4 10732.3 10730.5 10727.4 10723.1 10717.3 10713.8 10709.5 10704.1 10698.1 10691.7 10685.2 10678.8 10672 10665.3 10658.9 10652.9 10647.6 10643.3 10637.8 10633.9 10630.3 10627.8 10623.9 10619.4 10615.3 10611
10848.8 10842.3 10836.8 10832.1 10828.4 10828.1 10833 10840.4 10849 10857.1 10863.7 10867.1 10847.4 10828.1 10817.3 10808.1 10801.8 10796.8 10792.9 10789.5 10786.8 10784.6 10782.8 10781.2 10780.1 10778.8 10776.4 10776.1 10775.3 10775.2 10774.3 10769.2 10760.9 10753.4 10746.7 10740.4 10737.9 10738 10737.7 10737.7 10737.3 10737.1 10735.1 10731.9 10727.6 10722.6 10717.6 10712.7 10707 10700.6 10694.2 10687.6 10680.9 10674.2 10667.6 10661 10654.6 10647.4 10641.9 10639.4 10636.4 10633.4 10631.2 10627.6 10623.6 10618.9 10614.4
10850.9 10844.6 10839.2 10835.2 10833.1 10833.9 10837.3 10843 10849.3 10854.5 10856.5 10850.4 10831 10813.2 10804.7 10798.7 10793.7 10790 10786 10783.1 10781.6 10779.4 10776.6 10775.7 10774 10773.1 10771.6 10769.5 10768.2 10766.1 10761.2 10755.4 10754.3 10752.5 10749.7 10746.1 10744.6 10743.3 10741.7 10743.2 10743.4 10742.8 10740.5 10737.1 10733 10728 10722.2 10716.3 10710 10703.7 10697 10690.4 10683.7 10676.8 10670.3 10663.8 10657.4 10650.4 10644.8 10642 10639.4 10636.4 10634.3 10630.8 10626.8 10622.2 10617.7
10848.9 10844 10839.9 10836.8 10835 10836.3 10840.2 10844.9 10849.3 10851.7 10850.2 10842.6 10820.9 10804.3 10795.6 10790.5 10786.5 10782.8 10780.5 10777.8 10775.9 10774.1 10771.9 10769.8 10767.7 10765.7 10763.9 10762.9 10761.4 10758.7 10753.7 10748.9 10750.6 10752.9 10754.6 10755 10754.3 10753 10751.5 10752.1 10751.1 10749.2 10745.9 10742 10738 10733.3 10726.2 10719.4 10712.8 10706.2 10699.6 10693.1 10686.7 10680.2 10673.6 10667.2 10661.2 10655 10649.9 10646.1 10642.8 10640.9 10637.3 10633.5 10629.4 10625.1 10620.7
10844 10841.2 10839 10837.6 10837 10838.8 10842.5 10846.6 10849.7 10850.2 10845.9 10835.7 10819.9 10803 10790.6 10785.4 10781.4 10778.3 10776.4 10773.9 10771.6 10770.6 10768.1 10765.3 10762.5 10760 10758 10757.4 10756.6 10754.7 10751.4 10748.4 10750.6 10754.1 10759 10764.8 10764 10764.1 10765 10764 10759.9 10755.6 10750.6 10745.6 10740.7 10735.1 10728.6 10721.8 10715 10708.4 10702.1 10695.7 10689.3 10683 10676.6 10670.6 10665.3 10659.5 10654.4 10650.3 10646.6 10644.3 10640.4 10636.1 10632 10628 10623.8
10838.7 10837.4 10836.9 10837.1 10839.2 10841.2 10844.2 10848.2 10851.4 10851.5 10846.4 10836.5 10824.9 10806.7 10792.1 10782.7 10778.1 10775.3 10773.4 10771.6 10769.4 10767.4 10764.7 10761.7 10758.5 10755.8 10754.4 10754.1 10753.9 10753.2 10752.3 10752.3 10752.8 10754.3 10757.8 10763.5 10767 10772.2 10778.1 10775.7 10767.4 10760.2 10753.6 10747.8 10742.5 10736.6 10729.9 10723.3 10716.8 10710.5 10704.4 10698.1 10692 10685.7 10679.8 10673.9 10668.6 10664.1 10658.8 10654.4 10650.5 10648 10643.8 10639 10635 10631.2 10627.1
10833.9 10833.9 10834 10834.2 10836.2 10839.6 10844.1 10849.4 10854 10856.2 10853 10842.9 10828.2 10807.1 10787.4 10779.8 10775.9 10773.8 10771.9 10769.8 10767.7 10765.4 10762.5 10759.3 10755.8 10752.3 10751.8 10752.2 10752.7 10753 10753.3 10754.2 10753.5 10752.8 10752.6 10755.5 10764.1 10773.5 10783.5 10781.1 10769.8 10761.4 10754.2 10748.1 10742.3 10736.5 10730.4 10724.3 10718.1 10712 10706 10699.9 10694.3 10688.3 10682.8 10677.3 10671.8 10666.5 10662.3 10658.3 10654.4 10651.8 10647.8 10643.3 10638.9 10634.6 10630.4
10834 10832.7 10831.3 10829.6 10829.3 10835.1 10842.3 10849.5 10856.4 10861.8 10863.7 10851.4 10829.7 10806.3 10786.1 10778.7 10775.4 10773.2 10771.2 10769.4 10767 10765 10762.2 10759 10755.2 10751.8 10751.6 10752.2 10752.7 10753.4 10754 10753.9 10753.2 10751.6 10749.4 10751.2 10759.6 10767.7 10774.1 10772.2 10765 10758.8 10752.5 10746.6 10741.7 10735.7 10730.1 10724.6 10719 10713.2 10707.6 10701.7 10696.4 10690.9 10685.8 10680.9 10675.7 10670.4 10666.1 10662.2 10658.3 10655.5 10651.5 10647.6 10642.7 10638.1 10633.8
10834.7 10832.3 10829.2 10826.1 10824.8 10831.6 10840 10848.4 10856.3 10863.2 10867.6 10849.8 10825.2 10804.4 10788.7 10780.5 10776.6 10774 10771.8 10770 10767.9 10765.5 10763 10760.2 10756.9 10754.6 10753.7 10753.5 10753.9 10754.2 10754.9 10755.2 10754.5 10752.2 10750.3 10751.3 10755.9 10759.7 10759.8 10757.6 10756.8 10754.1 10749.2 10743.6 10737.5 10733.5 10729.3 10724.5 10719.6 10714 10709 10703.9 10698.7 10693.8 10689.2 10684.6 10680.7 10676.2 10670.7 10666.2 10662.2 10658.7 10654.4 10650.5 10645.7 10641.4 10637.1
10833.2 10830.9 10827.5 10824.6 10824.4 10830.1 10837.6 10845.6 10852.8 10858.2 10856.6 10836.3 10813.6 10800.8 10790.2 10783.5 10779.2 10775.9 10773.4 10771 10768.8 10766.8 10764.7 10762.5 10759.8 10757.7 10756.7 10755.7 10755.4 10755.4 10755.7 10755.9 10755.2 10753.3 10752.1 10752.3 10753.6 10754.6 10753.3 10751.3 10751.5 10750.1 10746.2 10741.1 10735.8 10732.2 10728.8 10724.5 10720.1 10715.5 10710.5 10705.8 10701.2 10696.6 10692.7 10688 10684 10679.6 10674.4 10669.8 10665.7 10661.8 10656.8 10651.8 10648.4 10644.4 10640.3
10830.6 10828.4 10825.9 10824.1 10824.6 10829.2 10835.4 10841.6 10847.1 10850.1 10847.3 10824.9 10806.9 10798.7 10792.8 10787.6 10782.5 10778.5 10775.2 10772.4 10770.1 10768.4 10766.7 10765.5 10764 10762.3 10759.8 10758.1 10757.1 10756.6 10756.4 10756 10755.1 10754 10752.9 10752.3 10752.4 10752.5 10752 10751.3 10749.9 10748.2 10744.8 10740 10734.7 10732.1 10728.9 10725 10720.9 10716.7 10712.4 10708.1 10704.4 10699.9 10695.3 10690.7 10685.8 10681.3 10677.1 10673 10669.6 10665.1 10660.5 10655.9 10651.6 10647.5 10643.4
10829 10827.2 10825 10823.7 10824.7 10828.4 10833.1 10837.4 10840.3 10840.5 10834.8 10817.1 10804.2 10798.4 10794.5 10790.5 10785.9 10781.4 10777.6 10774.4 10771.7 10769.9 10768.7 10768.2 10768.1 10766.5 10762.8 10760.1 10758.5 10757.5 10757 10756.7 10756.3 10754 10752.7 10751.6 10751.6 10751.8 10751.7 10750.5 10749.8 10747.9 10744.8 10741.1 10737 10733.3 10729.7 10726 10722.1 10718.3 10714.2 10710.1 10706.5 10702.3 10698.1 10693.4 10688.4 10684 10680 10676 10671.9 10668.2 10664 10659.6 10654.9 10650.6 10646.5
10828.3 10826.3 10824.7 10823.3 10824.4 10827.8 10831.1 10833.4 10833.8 10831.2 10823.8 10811.4 10802.8 10798.7 10796.6 10794.4 10788.8 10783.9 10779.7 10776.2 10773.3 10771.1 10769.7 10769.5 10770.8 10768.5 10764 10761.1 10759 10757.7 10757 10756.5 10756 10752.4 10749.1 10749.8 10750.8 10751.6 10752.4 10753.2 10751.6 10748.2 10745 10742.2 10738.9 10734.6 10730.8 10727.2 10723.5 10720.6 10716.8 10712.8 10709.1 10704.8 10700.6 10696.5 10692.8 10687.8 10683.3 10679 10675.4 10670.8 10666.1 10661.8 10657.7 10653.7 10649.7
10829.1 10827 10826.2 10825 10826 10828.6 10830.4 10830.9 10829.2 10824.4 10816.4 10807.3 10801.8 10798.8 10797.2 10795.5 10790.3 10785.6 10781.3 10777.5 10774.2 10771.5 10769.4 10767.8 10767.1 10765.7 10763 10760.7 10759.1 10757.7 10756.7 10755.8 10753.9 10751.4 10749.2 10749.5 10750.4 10751.2 10752.3 10753.9 10751.1 10747.4 10744.4 10741.5 10738.5 10735.2 10731.8 10728.8 10725.5 10722 10718.9 10715 10711.2 10707.2 10703 10698.8 10694.5 10690.4 10686.2 10681.9 10678.2 10673.5 10668.6 10664.5 10660.5 10656.6 10652.6
10832.4 10832.1 10830.8 10829.6 10830.1 10831.2 10831.4 10830.2 10827.3 10822 10814.2 10805.9 10801.5 10798.8 10796.5 10792.5 10790.6 10786.8 10782.6 10778.6 10774.7 10771.4 10768.3 10765.3 10762.4 10761.6 10760.7 10759.6 10758.5 10757.4 10756.4 10755.5 10754.3 10751.8 10750.1 10750.4 10750.5 10750.4 10750.1 10748.6 10746.9 10745.4 10743.2 10740.9 10738.2 10735.7 10732.8 10730.1 10727 10723.7 10720.4 10717 10713.4 10709.5 10705.5 10701.1 10696.4 10692.7 10689.1 10684.9 10681.2 10676.4 10671.8 10667.5 10663.7 10659.8 10656
10836.9 10837.3 10837.4 10835.7 10836.2 10835.8 10833.9 10831 10827.4 10822.5 10814.7 10806.9 10802 10799.1 10797.3 10796.5 10792.2 10787.8 10783.6 10779.6 10775.4 10771.4 10767.6 10763.8 10760.4 10759.5 10759.1 10758.3 10757.6 10756.8 10756.1 10755.5 10754.5 10753.9 10753.2 10752.2 10751 10749.8 10748.3 10746.3 10744.5 10743.5 10742.2 10740.4 10738.2 10736 10733.6 10731 10728.2 10725.3 10722.2 10718.9 10715.6 10712.1 10708.2 10704.1 10699.9 10696 10692.4 10688.3 10684.5 10679.5 10674.4 10670.8 10667.1 10663.3 10659.5
10842 10845.9 10848.5 10846.3 10845.5 10841.7 10836.9 10832.1 10827.4 10823.2 10814.6 10806.2 10802.2 10799.4 10797.4 10795.8 10792.1 10788.2 10784.5 10780.4 10775.9 10771.6 10767.2 10763.3 10760.4 10758.8 10758.1 10757.7 10757.1 10756.5 10756 10755.9 10756.1 10758.1 10757.9 10754 10751.5 10749.5 10747.5 10745.2 10743.4 10742.5 10741.4 10740.1 10738.2 10736.4 10734.3 10732 10729.5 10726.8 10724 10721.1 10718.1 10714.8 10711.2 10707.5 10703.4 10699.8 10696.1 10692.2 10688.1 10683.3 10678.7 10674.6 10670.8 10666.9 10663
10846.2 10852.3 10859.3 10865.9 10855.8 10847.4 10839.4 10832.1 10825.3 10819.8 10812.5 10806.3 10802.1 10799.4 10796.8 10792.8 10790.6 10788.8 10785.4 10781.3 10776.7 10772 10767.3 10763 10759.9 10758.6 10757.9 10757.4 10757.1 10756.5 10756 10756.1 10756.1 10756.7 10756 10753.6 10751.5 10749.4 10747.3 10745.1 10743 10742.3 10741.2 10739.9 10738.4 10736.9 10735.1 10733 10730.7 10728.3 10725.9 10723.2 10720.5 10717.5 10714.6 10711.6 10707.9 10703.9 10700 10696.1 10692.1 10687.4 10682.6 10678.8 10674.8 10670.8 10666.7
10848.3 10853.7 10861.3 10867.4 10860 10850.2 10840.3 10831.2 10821.9 10811.5 10808.4 10804.6 10801.7 10799.6 10797.8 10795.9 10793.9 10790.9 10787.1 10782.8 10777.8 10772.9 10767.9 10763.4 10760.3 10759.1 10758.5 10758.1 10757.6 10757.1 10756.3 10755.9 10755.2 10753 10752.7 10752.4 10751.1 10749.4 10747.7 10745.9 10744.3 10743.2 10741.8 10740 10739 10737.7 10736.1 10734.2 10732.1 10729.9 10727.4 10725 10722.6 10720.1 10717.7 10715.2 10711.8 10707.8 10703.8 10699.9 10696 10692 10687.9 10683.1 10678.8 10674.8 10670.7
10849.5 10855.9 10862.7 10864.9 10859 10849.8 10839.4 10829.9 10820.5 10811.2 10806.2 10802.8 10800.9 10799.9 10799.3 10799 10797.5 10793.5 10789.1 10784.4 10779.3 10774.2 10769.1 10764.3 10761.5 10760.3 10759.7 10759.2 10758.7 10757.9 10757.1 10756.1 10755.3 10753.3 10752.5 10752 10751.1 10749.8 10748.3 10747.1 10746.2 10744.5 10743.3 10742.2 10740.2 10738.8 10737.2 10735.3 10733.4 10731.4 10729.3 10727.4 10725.2 10722.8 10720.3 10717.3 10714.3 10711 10707.4 10703.6 10699.8 10695 10690.8 10687 10682.9 10678.8 10674.6
10849.6 10856.2 10863 10863 10855.5 10846.9 10837.8 10828.3 10820.3 10812.4 10803.8 10800.4 10799.9 10799.9 10800.3 10800.5 10799.3 10795.7 10791.1 10786.2 10781.3 10776.1 10770.9 10765.3 10762.8 10762.2 10761.5 10760.7 10760 10759.2 10758.2 10757.1 10756.5 10754.7 10753.6 10752.8 10751.9 10750.6 10749.1 10747.7 10746.3 10745.1 10743.8 10742.6 10741.3 10739.9 10738.3 10736.6 10734.8 10733.2 10731.3 10729.3 10727.4 10725.3 10723 10720 10717.1 10714.2 10710.8 10707.2 10703.6 10699.6 10695.2 10691.1 10686.9 10682.7 10678.5
10848.6 10853.3 10856.7 10855.1 10849.6 10842.2 10834.1 10825.5 10818.3 10809.8 10801.1 10798.5 10799 10799.8 10800.6 10801.2 10800.7 10797.1 10792.6 10787.8 10783.1 10778.5 10774.4 10771 10767.3 10765.3 10764 10762.8 10761.7 10760.8 10759.9 10758.8 10758.2 10756.7 10754.9 10754.2 10753.2 10751.7 10750 10748.2 10746.5 10745.4 10744.5 10743.5 10742.4 10741.3 10739.8 10738.2 10736.7 10735 10733.2 10731.3 10729.5 10727.5 10725.8 10724.1 10720.3 10717.2 10714 10710.7 10707.2 10703.3 10699.2 10695.1 10690.9 10686.7 10682.5
10847.5 10849.5 10848 10846.5 10842.8 10836.6 10829.4 10821.5 10815.5 10807.8 10799.5 10798.1 10798.7 10799.6 10800.5 10801.2 10801.1 10797.7 10793.3 10788.9 10784.5 10780.6 10777.6 10775.5 10771.8 10768.7 10766.7 10765.2 10764 10762.9 10761.8 10760.7 10759.9 10757.9 10756.8 10756.4 10755.2 10753.3 10751.2 10749 10746.8 10745.8 10745.9 10745 10743.7 10742.6 10741.2 10739.8 10738.2 10736.6 10734.9 10733.1 10731.3 10729.4 10727.4 10725.4 10722.5 10719.8 10716.9 10714.1 10710.7 10707.5 10703.1 10698.8 10694.6 10690.4 10686.2
10848.3 10848.4 10844.7 10841.7 10837.3 10831.3 10824.4 10817.1 10809.5 10804.1 10800.1 10798.8 10798.9 10799.4 10799.9 10800.2 10800.3 10796.9 10793 10789.1 10785.5 10782.1 10779.1 10776 10773.6 10771.1 10769.1 10767.6 10766.3 10765.2 10764 10762.9 10762 10761.3 10760.9 10759.9 10757.9 10755.4 10752.7 10750 10747.3 10746 10746.8 10746 10744.8 10743.8 10742.5 10741.2 10739.7 10738.2 10736.6 10734.9 10733.1 10731 10728.5 10725.8 10723.9 10722 10719.5 10716.9 10713.6 10710.1 10706.3 10702.3 10698.2 10694.1 10690
10851.6 10851.6 10847.1 10840.3 10833.9 10826.8 10819.4 10812.3 10807 10803.1 10800.5 10799.9 10799.5 10799.2 10799 10798.2 10796 10794.3 10792.1 10789.2 10786.1 10783.2 10780.4 10777.4 10775.3 10773.3 10771.5 10769.9 10768.6 10767.6 10766.6 10765.4 10764.2 10764.9 10766.1 10763.9 10760.8 10757.6 10754.4 10751.4 10748.5 10746.8 10747 10746.4 10745.8 10745.1 10744.1 10742.7 10741.4 10740.1 10738.5 10736.7 10734.9 10732.9 10730.5 10728 10726 10724.4 10722.1 10719.5 10716.5 10713.1 10709.3 10705.5 10701.5 10697.6 10693.7
10856.5 10857.3 10853.7 10841 10831.3 10822.7 10815 10808.3 10803.7 10803.8 10803.2 10801.4 10800.1 10799.2 10798.2 10797 10795.4 10793.7 10791.5 10789.1 10786.6 10784.2 10781.9 10779.5 10777.2 10775.2 10773.5 10772.1 10771 10770.1 10769.5 10768.9 10767.8 10769.2 10770.8 10767.2 10763.3 10759.7 10756.1 10753 10750.4 10748.6 10747 10747.3 10747.3 10746.9 10746 10745 10743.7 10742.1 10740.5 10738.9 10737.1 10735.1 10733.3 10731.1 10728.6 10726.8 10724.5 10722.1 10719.1 10716 10712.2 10708.3 10704.4 10700.5 10696.7
10861.2 10860.7 10854.4 10839.5 10828.1 10818.6 10810.7 10804.4 10801.3 10803.6 10803.9 10802 10800.2 10798.7 10797.5 10796.2 10795 10793.3 10791 10788.9 10786.8 10784.8 10782.8 10780.8 10778.7 10776.8 10775.2 10774 10773 10772.6 10772.6 10773 10773.5 10773 10771.8 10768.7 10764.9 10761.2 10757.7 10754.7 10752.1 10749.9 10748.1 10748.8 10749 10748.5 10747.7 10746.5 10745.1 10743.9 10742.3 10740.6 10739 10737.1 10735.3 10733.3 10730.8 10729 10726.8 10724.5 10721.4 10718 10714.8 10711.2 10707.4 10703.5 10699.8
10864.2 10861.2 10851.2 10836.1 10823.2 10813.7 10806.5 10801 10798.7 10802.4 10802.9 10801.1 10799.5 10797.9 10796.4 10795.1 10793.9 10792.4 10790.1 10788.3 10786.7 10785 10783.4 10781.6 10779.8 10778 10776.5 10775.4 10774.5 10774.1 10774.3 10775.6 10777.8 10775.4 10772.2 10769.7 10765.9 10762.3 10759.1 10756.3 10753.8 10752 10752.3 10751.7 10751.2 10750.5 10749.5 10748.5 10747.2 10745.7 10744.1 10742.4 10740.6 10738.6 10736.3 10734.4 10732.5 10730.9 10728.8 10726.9 10724.5 10721.2 10717.5 10713.7 10710 10706.4 10703
10864.6 10860.4 10847.1 10828 10815.5 10807.8 10802.5 10798.4 10797 10800.6 10801 10799.7 10798.4 10796.9 10795.2 10793.5 10791.9 10790.2 10788.4 10787.4 10786.2 10785 10783.5 10782 10780.4 10778.8 10777.4 10776.2 10775.3 10774.7 10774.3 10774.5 10775.5 10774.2 10773.8 10769.7 10765.8 10762.6 10759.9 10757.6 10756 10755.7 10755.8 10754.5 10753.7 10752.7 10751.5 10750.4 10749 10747.5 10746 10744.2 10742.4 10740.3 10738 10736 10734.1 10732.1 10730.5 10728.7 10727.1 10723.7 10719.7 10716 10712.5 10708.8 10705.5
10861.8 10856.4 10839 10815.9 10806.1 10802.1 10799.5 10798 10797.7 10798.4 10798.7 10798.1 10797.1 10795.5 10793.8 10791.8 10789.5 10786.6 10786.6 10786.3 10785.8 10785 10783.3 10782.3 10780.9 10779.3 10777.9 10776.8 10775.7 10774.6 10773.4 10771.7 10769.7 10770.1 10768.4 10766.5 10764.6 10762.5 10760.4 10758.6 10757.4 10756.8 10756.6 10756.4 10755.6 10754.5 10753.3 10751.9 10750.7 10749.2 10747.6 10746 10744.3 10742.2 10739.7 10737.8 10735.8 10733.6 10732 10729.8 10726.2 10724.1 10721.2 10717.9 10714.7 10711.4 10708.2
