real_craters/C110-1000m.grd
DSAA
41 41
-19.91 19.91
-19.91 19.91
9984.6052149239 11561.439421359
11071.2 11068.3 11059.6 11054.4 11063.7 11062.6 11056.4 11051.1 11058.1 11076.3 11102.4 11129.4 11148.1 11156.7 11139.2 11126 11131.7 11141 11155.3 11177.3 11163.5 11143.6 11155.5 11211.1 11227 11221.3 11222.8 11225 11227.7 11224.4 11208.6 11191.1 11191.6 11193.2 11182.8 11174.5 11175.7 11178.4 11186.8 11187 11185 
11097.8 11082.2 11080.5 11077.7 11072.4 11076.1 11072.2 11061.5 11057.4 11085.7 11123 11147.3 11169 11154.9 11147.1 11140.8 11138 11134 11167.2 11181.4 11184.8 11202.4 11222.6 11247.9 11237.5 11219.8 11207.1 11212.4 11213.1 11209.5 11204.4 11186.1 11198.9 11198.2 11185.6 11177.6 11179.7 11185.1 11196 11191.3 11193.7 
11063.3 11073.3 11082.6 11083.9 11084.8 11092.2 11111.3 11109.2 11091.5 11138.4 11146.5 11153.4 11161.5 11151 11153.6 11158.7 11149.8 11153.3 11158 11158.4 11188.2 11223.9 11242.4 11251.6 11233.2 11213.6 11196.6 11201.1 11203.7 11202.3 11217.8 11233.9 11220.5 11217.3 11201.6 11176.7 11179.4 11188.2 11196 11203.1 11218.1 
11050 11057.6 11051.2 11067.6 11082.9 11094.8 11106.4 11126.2 11141.6 11162.7 11150.7 11144.9 11138.2 11142.7 11144 11144.3 11142.8 11141.8 11137.1 11139.2 11188.8 11229.2 11232.7 11227.6 11217.8 11207.9 11197.9 11191.2 11202.3 11215.7 11216.8 11222 11225.9 11233.7 11214.5 11174.6 11179.6 11187.7 11193.5 11196.7 11219 
11047.9 11050.6 11052.7 11063.8 11078.3 11090.5 11097.6 11108.7 11121.1 11119.4 11135.9 11134.1 11125.3 11123.3 11115 11119.5 11124.5 11124.1 11131.7 11178.7 11200.5 11204.2 11204.7 11195.7 11202.6 11201.4 11199 11200.2 11202.5 11201.7 11205.5 11208.5 11214.8 11208.1 11184.8 11175.1 11177.5 11182 11182.4 11190.7 11213.1 
11057.7 11051.8 11058.2 11066 11080.8 11095.9 11108.3 11111.6 11116 11131.3 11139.3 11133.1 11119.8 11112.6 11104.1 11110.4 11126.3 11135.8 11160.1 11202.2 11211.9 11199.2 11199.6 11200.9 11198.3 11197.5 11197.5 11198.5 11205.6 11205.5 11194.1 11196.7 11207.2 11213.1 11208.3 11181.5 11182.2 11182.7 11176.6 11182.8 11204 
11061.4 11049 11045.6 11065.4 11084.9 11100.5 11110.3 11107.4 11107.9 11131.1 11146 11139.4 11127.6 11109.5 11099.6 11118.8 11161.2 11191.3 11209.6 11214.6 11230.3 11226.4 11208.1 11203 11203 11198 11193.9 11214.1 11218.3 11208.8 11189.8 11194.2 11211.1 11229.2 11250.9 11230.5 11196.4 11177.7 11175.9 11177.3 11186.7 
11054.4 11050.8 11054.5 11071.9 11097.9 11118.3 11127.7 11125.3 11118.5 11144 11150.6 11154.9 11161.3 11161.1 11144.2 11175.2 11220.2 11240.5 11242.3 11236.1 11257.5 11259.4 11227.7 11220.4 11220.3 11211.2 11204.6 11212.3 11225.5 11221.1 11199 11202.2 11217.4 11231.5 11231.7 11232.1 11193.9 11186.6 11184.8 11174.7 11191.1 
11060.3 11049.2 11052.8 11075.9 11106.2 11141 11151.3 11138.4 11134.9 11120.3 11133.7 11170.8 11210.1 11277.9 11302.9 11307.5 11295.4 11284.6 11274.9 11276.4 11271.5 11265.2 11277.5 11266.8 11249.3 11236.7 11230.3 11223.5 11225.9 11226.7 11210.6 11212.9 11223.2 11233.7 11238.7 11207.3 11175.6 11173.7 11183.5 11189.7 11205.3 
11073.9 11043.8 11047.8 11074.4 11105.5 11134.2 11137.6 11133.1 11151 11148.9 11152.9 11187.8 11231.5 11259.2 11293.8 11364.7 11345.7 11323.9 11294.6 11299.5 11268 11266.1 11327.1 11305.8 11288 11262.1 11278 11252.1 11243 11239 11223.9 11224.5 11230.8 11238.2 11244.7 11234 11229.4 11184.1 11195.5 11221.9 11227.5 
11030.5 11036.5 11047.9 11069.3 11094 11114.3 11121.3 11143.1 11174.6 11215.8 11202.8 11247.6 11274.8 11285.4 11331.3 11366.8 11372.3 11379.3 11430.3 11321.3 11173.3 11252.3 11313.8 11342.4 11337.6 11327.9 11325.9 11273.9 11271.1 11257.2 11245.7 11234.7 11236.6 11238.6 11238.4 11240.3 11249.6 11237 11217.2 11213.1 11219.4 
11013 11026.3 11042.9 11064.5 11085.3 11100.4 11118.1 11137.6 11170.4 11190.4 11288.2 11341.9 11348.1 11343.2 11348.4 11393.3 11347.5 11276.8 11278 11154.2 11065.3 11146.1 11354.3 11318.1 11350.7 11385.5 11393.1 11369.1 11285.3 11261.4 11242.1 11238.6 11234.6 11233.8 11234.6 11242.4 11252.3 11252.4 11201.6 11202.5 11212.2 
11009.1 11015.8 11039.1 11064.1 11086.6 11107.5 11126.9 11158.5 11163.5 11189.7 11345.2 11404 11406.2 11462.9 11454.1 11407.4 11160.1 10967.2 10868.7 10810.5 10789 10840.4 10953.1 11142.1 11303.1 11488.9 11484.5 11402.4 11317.5 11280.3 11254.7 11250.9 11246.8 11238.9 11232 11232.8 11244.7 11229.2 11196.3 11207.9 11218.6 
11013.1 11019.6 11045.2 11070.5 11094.1 11112.1 11135.3 11176.2 11186.9 11193.9 11334.1 11397 11393 11358.7 11178.1 11047.8 10791.7 10649.9 10597.4 10633.4 10616.3 10670 10763 10920.4 11110.4 11383.5 11561.4 11406.5 11337.9 11320.2 11299.3 11276.8 11261.3 11245.9 11225.7 11216 11242.1 11231.6 11183.8 11201.2 11216.7 
11012.2 11036.5 11058.5 11082.2 11107.3 11129.8 11152.9 11198.9 11236 11311.3 11323.6 11351.4 11313.8 11208.5 10890.4 10739.9 10544.2 10514.8 10501.6 10470.4 10432 10471.5 10559.2 10684.7 10803.1 10927.3 11177.8 11260.3 11450.1 11341.8 11328.8 11300.5 11272.4 11247.6 11230.8 11227.3 11250.4 11247.2 11223.5 11224.7 11222.4 
11017.2 11053.2 11067.8 11090.5 11121 11151.1 11181.2 11230.4 11272.6 11313.4 11433.2 11352.5 11156 10899.2 10619 10523.8 10456.6 10443.1 10387.3 10322.7 10259 10296.2 10408.5 10488 10573.4 10699.6 10832.6 10874.7 11028.8 11427 11364.1 11300.6 11269.6 11245.9 11234.1 11228.9 11234.1 11223.4 11214 11208.5 11213.6 
11013.6 11044.9 11066.1 11090.1 11122.3 11160 11216.9 11250 11291.7 11357.4 11421.3 11270.7 11039.5 10833.7 10425.7 10322.4 10261.4 10203.3 10173.1 10071.4 10090 10143.5 10251.2 10336.1 10394.9 10508.5 10657.3 10769.9 10860 11079.9 11214.6 11212.4 11208.4 11222.2 11220.4 11222.3 11181.4 11181 11185.9 11197 11217 
11021.6 11039 11055.5 11075.3 11104.8 11140.3 11178.1 11228.5 11264 11301.1 11308.8 11153.7 10938.9 10649.6 10308.4 10206.9 10149.2 10126.1 10086 10039.9 10067.1 10107.4 10177.9 10231.3 10293.9 10384.5 10486.2 10579.7 10726.8 10894.2 11040.3 11125.1 11163.1 11186.2 11203.6 11192.8 11170.6 11184.4 11206 11222.6 11213.8 
11045.2 11042 11047 11056.4 11071 11106.7 11176.2 11223.2 11255.6 11258.1 11277.5 11117.3 10799.9 10513.7 10252.6 10167 10124.8 10111.8 10086.3 10083.4 10124.1 10143 10148.1 10152.9 10169.9 10295.6 10354.5 10394.3 10582.3 10800.7 10914.1 11012.7 11092.5 11142.9 11182.6 11200.2 11195 11196.7 11212.2 11244.7 11241.2 
11058.9 11044.7 11042.7 11043.5 11050.2 11075.9 11163.8 11227.4 11266 11261.5 11155.7 11063 10811.4 10512.8 10232 10128.1 10124.6 10112.8 10078.3 10093.5 10194.4 10205.5 10147.5 10107.6 10092.6 10175.8 10286.4 10364.2 10420.8 10665.4 10872.1 10981.5 11061.8 11126.7 11178.4 11209 11218 11199.8 11209.2 11243.4 11243.2 
11055.7 11048 11049.2 11041.5 11040.3 11073.4 11180.9 11248 11304.3 11357.2 11382.7 11070.7 10806.2 10521.4 10230.7 10107.6 10100.6 10083.7 10030.8 10001.9 10153.9 10221.3 10162.2 10106.8 10067.3 10154.7 10290 10385.5 10426.2 10673.9 10865.2 10986.5 11084.2 11146.7 11190.3 11210.4 11209.8 11223.7 11246.4 11260.2 11241 
11058.1 11077.5 11064.3 11051.2 11062 11103 11194.1 11271.4 11338.5 11394.4 11350.9 11105.3 10793 10504.3 10236.7 10093.7 10077.8 10056 10011.8 9984.61 10099.6 10211.5 10199.9 10158.7 10128.1 10267.7 10363.3 10435.3 10509.6 10798 10936.9 11070.6 11135.3 11173.2 11199.3 11209.8 11212.9 11250.8 11281 11227.4 11197.1 
11072.4 11081.5 11073 11055.7 11052.1 11093.4 11189.7 11273.8 11357.3 11401.9 11382.8 11190.4 10820.5 10512.4 10250.5 10080.3 10059.5 10049.1 10042.9 10070.1 10190.2 10318.7 10274.6 10244.7 10280.7 10310 10449.5 10557.8 10582.3 10852.7 11107.8 11163.6 11184.6 11196.1 11205.3 11209.3 11233.3 11258.8 11279.1 11242 11198.5 
11076.7 11079.6 11076.8 11069.8 11059.3 11071.1 11153.7 11246.8 11332.7 11398.9 11419.4 11252.6 10909 10593.4 10301.7 10102.9 10099.5 10083.4 10090.9 10142.7 10254.9 10321 10295.1 10251.5 10271.8 10365.1 10484.8 10600.3 10745.8 11207.6 11297.7 11255.2 11236.7 11229.8 11236 11239.6 11248.5 11260.3 11270.7 11279.5 11250.8 
11086.6 11085.1 11085.7 11087.3 11072 11063.7 11135.1 11227.2 11316.1 11392.6 11441.4 11314.8 11040.2 10714.7 10395.1 10162.5 10128.5 10113.9 10136.2 10170.2 10193.1 10223.2 10223.1 10237.2 10317.9 10435 10536.2 10710.1 10953.5 11356 11298.4 11281.2 11258.9 11244.9 11242.1 11254.7 11267.9 11272.5 11274.4 11305.8 11272.1 
11088.3 11088.6 11086.7 11083.3 11078.2 11064.4 11132.7 11217.3 11296.3 11362.8 11394.4 11301.3 11143.3 10847.6 10526.9 10248 10204.2 10214.8 10216.3 10242.9 10275 10244.3 10238.4 10316.4 10460.7 10513.2 10597.5 10881.5 11191.6 11317 11292.3 11277.1 11266.5 11255 11244.3 11252.4 11267.3 11278.6 11272.3 11283.2 11264.7 
11093 11093.8 11087 11085 11088.4 11098.5 11136 11196.6 11268.8 11328.2 11365.1 11324.2 11216.8 10979.2 10697 10438.8 10363.1 10378.6 10379.8 10382.2 10387.7 10347.7 10342.6 10424.8 10493.2 10637.4 10749.6 11090.7 11336 11259.6 11277.8 11283 11275.2 11264.7 11263.7 11258.9 11240.9 11241.6 11282 11304.7 11272.1 
11113.6 11118.5 11105.3 11089.9 11090.7 11100.7 11125 11156.1 11195.4 11244.9 11299.7 11377.5 11273.8 11129.5 10910 10686.4 10515.3 10476.8 10476.3 10466.8 10444.1 10403.8 10422.3 10578.9 10658.5 10899.7 11114.7 11257.6 11334.9 11280 11286.1 11285.6 11274.2 11260.9 11252.9 11242.2 11223 11214.7 11250 11280.2 11237.5 
11123.9 11139.8 11128.1 11114.7 11095.3 11106.6 11118.5 11132.1 11147.2 11164.7 11182.5 11195 11320.2 11236.9 11129.7 11060.3 10944 10743.7 10693.8 10600.6 10508 10545 10577.4 10745.3 10864.8 11167.4 11457.2 11340.7 11299.8 11306.8 11314 11292.7 11275.3 11258.3 11253.5 11254.4 11212 11207.1 11226.7 11247 11254.6 
11117.8 11139.9 11139.7 11107.6 11093.4 11103 11110.1 11116.5 11115.1 11104.4 11098.6 11110.1 11232.3 11249.8 11247.4 11301.4 11269.9 11131.3 10971 10993.2 10986.3 11035 11058 11170.4 11210.1 11279.6 11347.5 11346.2 11307.7 11283.2 11284.4 11288.1 11274.1 11260.9 11256.2 11239.6 11214.7 11233.6 11232.8 11244 11256.4 
11142.9 11139.4 11135.1 11106.7 11089.2 11093.7 11098.7 11100 11096.2 11090 11077.9 11074 11136.5 11216.2 11252.4 11290.6 11375.5 11393.9 11351.6 11425.3 11460.9 11475.2 11444.8 11532.6 11436.3 11335.9 11299.8 11285.4 11282.6 11274.8 11289.6 11294.8 11266.6 11241.3 11228.8 11220.4 11217.8 11230.5 11240.8 11268.8 11232.1 
11137.3 11138.7 11127.1 11104.9 11086.8 11087.9 11094.2 11095.5 11096.7 11093.8 11087.3 11085.5 11096.6 11169.4 11195.2 11210 11240.5 11282.2 11323.7 11314.9 11374.6 11374.8 11411.9 11457 11395.6 11331.3 11288.5 11264.9 11266.8 11275.1 11287.6 11278.4 11245.2 11222.2 11221.4 11220.7 11222.1 11247.3 11250.9 11248.7 11205.2 
11092.5 11127.9 11126.4 11101 11083.1 11084.8 11089.9 11097 11101.4 11106.3 11113.1 11101 11103 11118.1 11152.2 11179.7 11204.1 11217.1 11221.2 11268.5 11309.4 11349.7 11355.9 11346.1 11328.2 11299 11277.7 11271.5 11260.5 11263.2 11263.9 11225.6 11217.9 11213.1 11226.1 11225 11220 11222.8 11240.5 11194.6 11181.2 
11050.1 11074.9 11118.4 11098.7 11077.9 11086 11094 11101.7 11109.6 11118.4 11123.5 11119.1 11084.7 11093.8 11130.1 11167.7 11195.5 11220.7 11237.2 11242.5 11279.5 11308.6 11263.6 11233.3 11251.4 11259.7 11253.1 11257.1 11239.1 11229.5 11212.5 11186.8 11198.2 11212.6 11223.2 11222.9 11226.4 11225.1 11188.6 11161.5 11172.1 
11051.7 11065.5 11117.1 11101.9 11094.2 11096.2 11102.2 11108 11114.9 11125.7 11130.9 11119.7 11080.5 11086.8 11120.3 11154.8 11185.3 11213.9 11221.7 11241.3 11236.4 11221.5 11211.8 11207.7 11209.4 11209.8 11207.5 11197.2 11206.2 11195.9 11168.7 11167.6 11184.7 11201.3 11200.5 11204.9 11210.3 11213.7 11196.6 11153 11158.7 
11046.7 11053.7 11131 11110 11111.8 11109.2 11109.9 11112.4 11115.9 11125.5 11134.1 11118.2 11077.9 11094 11105.5 11129 11153.2 11157.7 11176.1 11190.2 11197.4 11193.5 11184.4 11186.3 11177.9 11171 11185.7 11190.7 11192.5 11185.9 11171.6 11165.6 11182.3 11193.5 11208.1 11207.7 11208.8 11215.6 11222.9 11157.1 11159.8 
11054.2 11058.3 11124 11134.7 11126.7 11118.5 11113.4 11111 11110.9 11112.1 11112 11109.7 11085.4 11057 11083.1 11116 11136.7 11148.2 11168.3 11167.7 11169 11161.7 11153.7 11164.6 11163.1 11158.5 11180 11193.6 11194.8 11193.5 11192.8 11183.8 11196.9 11203.7 11198.5 11213 11174 11170.3 11178 11163.2 11166.7 
11074.3 11050.8 11081.9 11151.9 11140.6 11127.3 11120 11110.9 11107.1 11101.9 11094.5 11103 11108.8 11056.1 11058.4 11089.5 11127.5 11152.7 11149.5 11146.4 11148.2 11151.9 11157.9 11173 11168 11167.4 11187.2 11197.7 11200.4 11200 11199.8 11195.4 11209.1 11214.2 11198.3 11181.8 11155.7 11151 11153.6 11174.3 11162.2 
11093.9 11047.5 11052.1 11095.2 11127.4 11123.3 11117.9 11112.7 11104.4 11096.6 11090.1 11099.9 11110.9 11096.6 11047.5 11068.4 11102.7 11116.3 11120.3 11122.5 11135.6 11145.8 11157.2 11176.6 11186.3 11192 11202.2 11205.8 11204.4 11203.1 11202.2 11213.5 11219.4 11197.1 11170.7 11148.5 11161.4 11166.3 11155.2 11157.1 11157.3 
11087.8 11054.2 11044.1 11057.1 11090.8 11105.2 11109.4 11109.7 11105.9 11094.9 11088.5 11099.1 11111.1 11117.7 11068.2 11067.4 11091.5 11107.7 11122.8 11121.7 11133.6 11146.9 11167.2 11186.4 11195.8 11204.2 11209.1 11207.2 11200.3 11194.4 11195.7 11198 11155.9 11153.5 11156.4 11151.1 11154.9 11160.1 11154.8 11152.7 11158.3 
11060 11048.5 11054.1 11085.6 11075 11087 11098.4 11105.8 11112.2 11107.5 11096.1 11107.2 11111.8 11124.2 11105.2 11080.7 11082.7 11122.6 11151.7 11142.3 11142.1 11151.2 11163.2 11190.8 11209.3 11212.6 11212.3 11201.8 11190.4 11179.8 11170 11152.8 11137.9 11139.3 11155.9 11154.6 11152.7 11153.4 11156.1 11157.6 11164.7 
