real_craters/C110-500m.grd
DSAA
140 140
-34.8425 34.8425
-34.8425 34.8425
9821.2217845954 11155.470601983
[rows 60 to 89 of 140, columns 0 to 66 of 140]
10678.6 10679.8 10681 10682.2 10682.4 10680.9 10677.8 10674.1 10669.7 10665.4 10661.5 10659.2 10657.1 10657.9 10658.2 10657.1 10654.2 10654.4 10662.7 10672.3 10683.7 10699.3 10723.9 10752 10727.9 10709.1 10701 10705.4 10713 10719 10727 10733.8 10745.5 10763.3 10781.5 10776.4 10767.4 10759 10755.6 10753.5 10751.2 10753.3 10759.5 10768.6 10780.1 10793.7 10807 10817.4 10827.5 10844.7 10861.6 10874.3 10875.3 10863 10828.8 10760.2 10672.3 10561.2 10429.4 10316.1 10231.9 10141.9 10056.7 10016.7 9994.78 9975.86 9960.37
10680.8 10681.9 10683.2 10684.5 10685.2 10685 10680.9 10676.9 10672 10667 10661.9 10657.1 10657.6 10658 10658.5 10658.6 10656.6 10655.3 10664.1 10674.5 10685.9 10698.5 10716.2 10744 10730.8 10714.9 10704.7 10706.4 10712.8 10718.9 10725 10729.5 10744.5 10762 10776.2 10775.4 10769.9 10760.7 10756 10752.5 10750.1 10750.7 10760.3 10772.4 10788.8 10803.6 10817.4 10825.9 10829 10850.5 10872 10884 10883.6 10861.9 10816.2 10734.2 10633.5 10521.8 10404.3 10294 10182.4 10076.9 10002.1 9971.63 9957.61 9946.13 9935.55
10682.5 10683.5 10684.7 10686.3 10687.6 10689.2 10688.8 10680.3 10674.2 10669.3 10664.6 10661.1 10659 10659 10660.7 10663 10663.2 10662.3 10669.4 10678.2 10688 10700.4 10723.3 10738.9 10731.6 10718.1 10707.5 10706.7 10713.5 10721.1 10729.4 10735 10746.6 10759.5 10766 10770.5 10768.8 10762.9 10756 10753.2 10751.4 10752.2 10764.7 10778 10795.3 10814.3 10833.5 10847.8 10844 10871.5 10891 10901 10896.8 10867.5 10803.8 10714.3 10602.4 10484 10377 10287.2 10136.1 10024.1 9960.58 9940.41 9932.38 9925.96 9921.07
10684.5 10685.3 10686.3 10687.1 10687.9 10688.5 10686 10681 10675.9 10671.5 10668 10664.1 10661.3 10660.4 10664.5 10668.3 10669.4 10671.7 10676.7 10682.5 10689.6 10698.2 10708.4 10727.3 10728.5 10716.9 10701.8 10703.5 10711.7 10723.3 10736.4 10748.8 10754 10763.3 10768.4 10769.5 10767.2 10762.8 10755.8 10753.9 10757.3 10767.8 10772 10779.8 10797.5 10824.4 10852.2 10880.9 10902.8 10903.9 10912.5 10918.8 10912.6 10886 10816.9 10702.2 10571.3 10436 10301 10172 10063 9977.81 9935.82 9922.79 9918.42 9915.6 9917.12
10685.8 10686.3 10687 10687.5 10687.5 10686.2 10682.5 10680.3 10677.1 10674.1 10671.9 10670.7 10667.1 10665.8 10671 10676 10679.7 10685.2 10686.5 10688.3 10691.2 10695.8 10703.4 10711.4 10716.8 10709.3 10698.1 10699.7 10710 10723.9 10739.5 10752.9 10759.7 10771.6 10775.7 10772.5 10768.3 10763.3 10755.6 10752.7 10753.2 10765.3 10776.3 10792.3 10811 10837 10866 10894.6 10911.5 10920.9 10929.9 10933.4 10927.3 10897.4 10816.5 10687.2 10538.3 10382.3 10222.9 10072.5 9993.41 9946.46 9923.77 9919.74 9919.64 9918.31 9919.1
10686.2 10686.6 10687 10687.2 10687.1 10686.2 10683.4 10680 10677.9 10675.8 10674.4 10674.1 10673.5 10673.8 10679.9 10685.5 10692.3 10698.3 10695.1 10693.5 10692.7 10692.4 10691.9 10694.7 10697.1 10693.9 10688.5 10694.3 10707 10721.9 10738.8 10754.4 10763.6 10776.1 10780.4 10776.7 10770.7 10763.8 10754.6 10749.7 10746.9 10755.5 10772.4 10792.4 10819.8 10847.6 10875.3 10898.5 10910.9 10930.7 10942.5 10944.5 10936.6 10903.3 10809.6 10666.4 10505.5 10339.2 10172 10025 9954.21 9930 9920.5 9923.62 9928.85 9931.97 9926.67
10686.9 10686.8 10687.1 10687.1 10687 10686.9 10684.8 10680.9 10678.9 10677.3 10675.8 10674.5 10677.3 10686.8 10687.9 10691.3 10699.7 10701.5 10698.8 10696.6 10694.6 10690.5 10685 10683.5 10681 10678.3 10680.1 10688.9 10702.4 10718.5 10735 10753.7 10766.8 10780.4 10783.5 10779.4 10772.2 10765.1 10757.6 10749.5 10744.9 10751.3 10764.7 10779.3 10804.9 10842.2 10882.5 10914.7 10925.7 10942.4 10947.1 10944.5 10933.5 10907.3 10796.9 10644.2 10480.3 10310 10147.9 10007.9 9938.38 9925.1 9921.35 9927.28 9937.79 9947.31 9935.23
10687.1 10686.9 10686.7 10686.3 10686.1 10685.6 10683.5 10681.1 10680.1 10678.9 10677.7 10676.9 10679.7 10687.1 10687.7 10691.3 10695.5 10697.7 10698 10698 10696.4 10692.5 10684.4 10677.2 10672.3 10669.6 10676.1 10686 10697.5 10711.4 10727 10744.5 10763.4 10787.3 10789.1 10782.2 10774 10766.4 10759 10752.2 10748.4 10753.1 10761.8 10771.4 10785.7 10829.1 10890.5 10938.9 10944.8 10951.6 10945.3 10932.2 10905.7 10855 10756 10614.7 10456.2 10293.5 10135.7 10003.7 9935.94 9922.83 9923.51 9929.25 9937.87 9952.25 9927.44
10685.9 10685.4 10685.2 10684.7 10684.8 10684.4 10684.1 10683.9 10681.9 10680.6 10679.8 10680.2 10680.8 10676.2 10679.1 10686.9 10693.7 10693.2 10696.5 10699.2 10699.8 10697.7 10691.3 10678.3 10671.3 10669.1 10674.6 10683.7 10692.7 10703.7 10716.7 10730.6 10747.3 10784.6 10785.2 10779.3 10772.5 10766.3 10761 10755.4 10751.4 10755.4 10764.5 10780.2 10804.5 10847.5 10896.7 10947 10950.9 10956.9 10945 10922.5 10876.6 10798.8 10713.2 10589.5 10442.6 10285.9 10136.6 10010.2 9938.71 9928.31 9927.52 9928.82 9928.2 9918.56 9904.74
10685.4 10684.2 10683.7 10683.4 10683.8 10685 10684.8 10683.8 10682.2 10681.5 10681 10680.4 10677.8 10671.4 10671.6 10676.1 10681.6 10687.3 10695.5 10700.5 10702.5 10702.5 10696.4 10681.9 10673.6 10669.5 10672.7 10679.8 10686.8 10696.4 10706.5 10717.2 10729.8 10761.1 10768.9 10769.4 10767.5 10765 10762 10759.9 10757.2 10757.4 10766.5 10788.8 10818.1 10837.2 10885.5 10933.1 10940.9 10928 10946.1 10924.1 10875.6 10803.6 10707.5 10585.5 10443.7 10292.7 10146.2 10018 9946.68 9936.46 9933.79 9931.65 9925.74 9911.37 9900.31
10684.3 10683.5 10682.5 10682 10681.8 10682.2 10681.5 10679.3 10681.6 10682.2 10681.9 10680.5 10677.8 10671.9 10669.9 10672.8 10680.7 10690.6 10699.7 10703 10703.4 10703 10697.8 10686 10676.8 10671.8 10670.8 10671.3 10682.5 10691.9 10700.5 10706.8 10712.3 10740.8 10752.9 10758 10760.4 10761.6 10762.3 10764.7 10767.6 10761.8 10767.3 10785.5 10806.4 10817.8 10862.5 10904.7 10923.6 10925.2 10955 10940.2 10898.2 10826 10724.3 10598.2 10454.7 10303.4 10159.4 10030.3 9956.44 9945.44 9942.68 9940.61 9935.67 9925.23 9914.06
10683.4 10682.3 10681 10680 10679.3 10680.1 10680.6 10681.9 10683.6 10684.3 10683.8 10682.1 10678.9 10674.3 10672.1 10675.5 10688.4 10703.9 10709.2 10706.2 10701.3 10696.3 10690.6 10684.7 10677.9 10675.7 10674.5 10675.7 10682.9 10689.7 10696.9 10703.5 10711.3 10727 10739.4 10747.2 10752.5 10756.8 10760.4 10765.4 10767.1 10761.7 10763.4 10779.7 10797.8 10810.7 10845.6 10883.4 10911.6 10928.7 10974.6 10974.9 10941.4 10869.3 10760.2 10625.5 10474.5 10320.1 10173.3 10041.6 9964.56 9954.13 9952.46 9952.72 9953.56 9956.63 9958.81
10682.4 10681.4 10680.2 10678.7 10677.2 10675.9 10681.6 10685.7 10687.8 10687.6 10686.3 10684.2 10681.1 10678.9 10677.9 10678.3 10694.9 10717.6 10717.2 10706.9 10697.2 10687.9 10682.1 10677.4 10676.2 10677.2 10678.5 10681.5 10685.6 10691.4 10698.3 10704.9 10711.5 10720.5 10730.9 10738 10744.4 10750.2 10754.8 10761.1 10763.8 10760.5 10761.9 10776.4 10792.5 10811.6 10838.1 10871.6 10908.2 10939.9 10965.1 11025.9 11010 10933.9 10810.4 10662.7 10502.7 10342.6 10188.7 10051.4 9970.67 9964.61 9963.57 9964.74 9968.69 9975.65 9976.38
10683 10682.1 10680.8 10679.3 10677.8 10679 10684.5 10690.9 10692 10691.1 10689.4 10687.4 10685.1 10682.6 10681.1 10682.7 10696.4 10711.5 10711.7 10702.6 10692.3 10682.3 10678.1 10675.2 10675.5 10678.2 10680.1 10681 10686.8 10693.4 10700.2 10707.5 10714.5 10719 10726.6 10733.4 10739.3 10744.8 10749.5 10753.1 10756.9 10760.6 10765.7 10777.7 10792.3 10814.6 10837.8 10867.6 10909.5 10953.3 11037.6 11079.4 11094.7 11008.9 10860.6 10697.2 10531.9 10363.3 10194.2 10064 9985.28 9974.11 9972.36 9972.93 9976.26 9981.26 9984.25
10684.4 10684.2 10683.1 10681.2 10679.1 10681.1 10687 10692.6 10695 10694 10692.6 10691.2 10689 10686.3 10683.9 10689.3 10695.1 10699.4 10699.4 10696.2 10689.3 10680.5 10679.2 10678.9 10679.6 10680 10681.1 10685.1 10690.2 10696.1 10702.6 10710.4 10718.5 10722.2 10726.9 10731.9 10737.4 10742.4 10746.5 10748.4 10753.8 10761.2 10770.9 10778.4 10790.8 10813.4 10839.5 10867.8 10911.5 10962.7 11059.4 11114.5 11129.2 11043.9 10894.7 10728.3 10557.5 10386.8 10226.8 10081.8 10007.9 9988.38 9982.76 9980.85 9980.85 9983.46 9987.08
10686.9 10686.5 10685.8 10685.3 10683.5 10684.7 10689.9 10695 10696.6 10695.5 10695.5 10695.5 10694.9 10692.9 10690.4 10694.3 10693.5 10692 10691.2 10692.6 10691.4 10685.8 10685.3 10684.8 10685.7 10687.1 10688.5 10691 10691.6 10697.8 10705.1 10712.2 10719.3 10724.4 10728.5 10732.7 10737.1 10742.1 10747.3 10753.2 10755.7 10759.8 10765.4 10774.1 10785.5 10802.2 10823 10858.8 10907.4 10962.1 11059.7 11123.2 11155.5 11050.1 10902.7 10738.5 10572.9 10409 10253.4 10114.6 10039.2 10006.9 9997.36 9991.81 9987.48 9985.82 9989.84
10688.3 10688.1 10688.4 10690.2 10693.9 10693.6 10692.8 10692.6 10692.8 10695.4 10697.9 10699.8 10701.5 10700.5 10693.5 10692.3 10692.2 10690.7 10690.3 10692.5 10696 10699.2 10691.7 10688.8 10690.8 10696.2 10702.7 10698 10697.4 10701.4 10707.8 10713.6 10717.4 10726.4 10729.7 10733.1 10737.1 10741.6 10746.7 10753.6 10755 10757 10762.3 10769.3 10779.6 10796.3 10818.8 10852.2 10897.9 10949 11042.5 11094.3 11107 11019.8 10889.8 10742.9 10588.7 10434.9 10277 10156.8 10092.2 10039.3 10019.9 10006.6 9996.76 9991.42 9996.1
10688.6 10688.7 10690.4 10693.1 10698.1 10697.6 10695.4 10692.3 10690.3 10696.9 10700.4 10702.5 10705.2 10708.3 10696.8 10693 10691.7 10691.1 10692.6 10692.1 10693.7 10694.1 10692.9 10689.7 10688.7 10701.8 10714 10709.2 10704.3 10707.2 10711.9 10716.8 10719.8 10726.6 10730 10733.5 10736.9 10740 10743 10746.5 10749.6 10752.7 10756.2 10762.7 10772.7 10784.9 10809.8 10843.9 10885.4 10928.7 11004 11034.1 11033.6 10966.1 10866 10741.7 10604.8 10468.6 10325 10213.5 10155.1 10087 10053.2 10031.1 10012.3 10001.5 10003.4
10689.9 10690.9 10691.8 10692.8 10693.1 10697.2 10699.4 10700.4 10701.1 10704.4 10704.7 10703.4 10700.6 10695.3 10691.9 10691.9 10691.5 10690.7 10690 10691 10692.5 10693.6 10694.4 10694.3 10695.2 10707.3 10716.2 10714.8 10711.5 10713.5 10716.5 10720.4 10724.1 10725.7 10729.8 10734 10737.5 10740 10740.7 10741.2 10745.7 10749 10752.8 10759.1 10768 10780.6 10802.4 10833.9 10868.9 10925.9 10963.1 10972.1 10955.3 10915.6 10839 10737.7 10623.5 10503.7 10378.7 10285.7 10225.4 10143.8 10099.9 10068 10036.7 10013.9 10014.6
10692.3 10692.6 10693.2 10693.8 10694.9 10699.5 10704.6 10711 10719.7 10714.2 10708.9 10703.8 10697.4 10689 10687.9 10691.9 10692.2 10691.5 10690 10691.8 10693.4 10694.9 10697.5 10702.2 10711.8 10715.7 10717.6 10718.7 10718.8 10720 10721.4 10722.7 10722.9 10726.9 10730.5 10735.1 10739.2 10742.3 10743.6 10744.7 10746.1 10747.2 10748.5 10752.4 10765.1 10779.8 10798.5 10823.7 10853.3 10905.2 10930 10941.4 10926.5 10885.4 10823.8 10742.5 10652.2 10551.2 10444.8 10356.4 10309.2 10222.2 10171.1 10123.1 10074.4 10037.6 10030.6
10693.4 10694.7 10695.6 10696.1 10698 10702.9 10708.8 10715.1 10718.9 10716.8 10711.5 10705.5 10698.8 10692.3 10694.2 10694.8 10695.1 10694.3 10694.4 10694.7 10697.1 10697.2 10698.7 10703.8 10713.6 10716.9 10720.3 10724.2 10725.7 10726.8 10726.8 10725.9 10725.3 10728.4 10732.1 10737.3 10742.4 10747.4 10751.1 10751.7 10749.6 10748 10748.1 10752.9 10763.1 10778.6 10795.3 10814.2 10837.7 10875.2 10902.2 10921.2 10908.4 10865.5 10815.2 10753.7 10682.7 10608.1 10527.4 10472.5 10420.5 10344.8 10268.9 10201.1 10130.9 10078.5 10059.7
10695.3 10697 10698.2 10699.4 10701 10705.5 10710.7 10715.6 10718.9 10717.2 10712.1 10706.6 10702.3 10700.2 10698.8 10699.9 10698.5 10697 10696 10695.2 10696 10695.2 10696.1 10698.6 10700 10708.6 10722.7 10732.3 10734.7 10735.8 10733.4 10728.9 10727.8 10729.3 10733.8 10739.9 10746.2 10752.6 10758.4 10758.2 10753.5 10749.2 10746.8 10748.6 10758.9 10772.7 10786.2 10803.1 10828.8 10853.4 10876.4 10889.2 10880.2 10851.1 10811.8 10764.5 10713.8 10666.6 10612.9 10579.6 10530.2 10446.2 10378.4 10303.2 10216.5 10146.9 10115.4
10698.1 10700.7 10703 10703.9 10705 10707.9 10711.2 10714.8 10717.6 10715.7 10710.6 10706.2 10704.2 10705.3 10705.5 10702.8 10701.1 10698.6 10696.4 10693.1 10688.5 10690.8 10692.8 10694.7 10697.4 10708.1 10725.9 10740.9 10750.8 10750.2 10741.5 10732.1 10731.3 10735 10737.2 10742.4 10748.8 10756.1 10764.5 10762.2 10755.7 10750.3 10746.1 10744.6 10754.6 10769.6 10783.7 10795.7 10811.7 10838.3 10855.4 10860.1 10857.2 10841 10812.5 10780.8 10741.8 10706.4 10686.4 10668.9 10614.1 10578.8 10513.1 10416 10344.3 10298.4 10238.6
10701.6 10705.7 10709.2 10710.7 10710.7 10710.2 10710.1 10711 10712.6 10711 10705.1 10701.4 10700.1 10701.7 10703.3 10703.5 10702.1 10698 10693.6 10689.2 10689.1 10688.7 10690.5 10693.4 10699.5 10711.6 10729 10746.8 10759.3 10759.2 10748.7 10740.6 10737.7 10739.3 10741.5 10744.8 10749.5 10755.2 10759.9 10759.6 10755.2 10750.6 10747.2 10746.7 10752.7 10763.6 10776.1 10788 10801.9 10824.2 10838.2 10850.6 10845.7 10835 10815.6 10791.1 10764.1 10737.4 10705.7 10661.8 10649.1 10627.4 10572.3 10495 10444 10427.2 10381.9
10705.5 10709.9 10714.6 10719.3 10716.1 10711 10707.1 10703.9 10701.4 10697.9 10694.8 10693.9 10693.6 10692.6 10693.3 10701.3 10700.6 10695.3 10691.4 10689.6 10687.6 10687.6 10689 10692.1 10697.4 10708.2 10730 10752.4 10765.3 10765.7 10750.8 10737.6 10738.7 10741.6 10743.4 10746.2 10749.8 10753 10754.9 10755.5 10753.7 10750.7 10748.8 10749.8 10750.7 10753.7 10770.9 10782.5 10794.2 10812.2 10825.2 10836.5 10835.7 10832.9 10822.9 10808.8 10793.1 10767.4 10725.9 10679.3 10674.6 10643.9 10593 10543.1 10493.1 10473.8 10469.2
10709.1 10712.6 10716 10718 10715 10709.2 10702.7 10695.3 10686.9 10679.7 10682.4 10684.9 10687.4 10688.4 10683.5 10692 10691.8 10688 10686 10685.8 10686.4 10685.2 10687.3 10691.6 10696.8 10705.4 10730.4 10754.8 10762.3 10759.6 10749.4 10739.8 10739.8 10742.3 10745 10747.1 10749.7 10751.8 10754.1 10753.5 10752.4 10750.8 10749.2 10747.7 10747.2 10749.6 10761.7 10777.8 10787.6 10800.1 10812 10820.6 10828 10830.5 10829.6 10826.2 10820.2 10816 10785.9 10753.5 10731.1 10690.5 10643 10598.3 10561.8 10544.5 10540.5
10709.1 10712.7 10715.3 10714.9 10711.5 10705.4 10697.4 10688.7 10679.3 10672.4 10674 10677.1 10681 10687.3 10686.8 10681.4 10679 10676.7 10676.1 10679.4 10677.5 10679.7 10685.6 10693.3 10702.2 10713.3 10731.3 10745.9 10750.2 10748.3 10745.2 10740.8 10742.3 10745.6 10747.4 10749.4 10750.4 10750.5 10751.1 10752.1 10752.2 10751.2 10749.9 10748.7 10751.2 10758.3 10764.7 10774.5 10782.1 10790.5 10800.6 10810.6 10821.5 10830 10835.9 10841.5 10847.7 10861.9 10902.9 10869.9 10809.6 10759.9 10691.4 10674.2 10639 10620.7 10614.5
10706.9 10709.5 10712.5 10713.7 10707.4 10700.6 10692.9 10684.3 10675.9 10671.1 10669.5 10671.2 10672.7 10671.9 10673.1 10668.9 10665.1 10664.2 10662.8 10657 10662 10672.9 10683.8 10695.5 10709.4 10726 10734.1 10736.2 10739 10742 10743.3 10743 10745.7 10749.6 10752.8 10752.8 10752.7 10751.6 10751 10752.8 10752.9 10752.6 10752.1 10752.5 10756.2 10762.6 10766.3 10770.5 10776 10783.6 10792.6 10803.9 10816.9 10828.6 10839.3 10850.1 10861.3 10875.1 10880.1 10884.8 10874.5 10864.1 10853.1 10807.9 10720.2 10682.3 10660.8
10702.7 10703.2 10704 10704.5 10701 10695.7 10689 10681.6 10673.6 10667.1 10666.3 10668 10668.4 10666.8 10662.1 10657.3 10652.6 10655.8 10655.7 10653.2 10658 10669.5 10682.2 10695.7 10711.2 10729.3 10733 10730.5 10732 10735.8 10746.1 10748.9 10749.4 10752.2 10754.7 10756.1 10757.2 10757.7 10757.1 10755.9 10754.9 10754.1 10753.7 10754.6 10757.4 10757.3 10760 10764.1 10770.5 10777.7 10787.6 10799.4 10814.2 10828.1 10841.4 10854.2 10866.2 10873.9 10876.3 10897.9 10923.9 10957.2 11007.5 10982.9 10910.2 10811.6 10747.2
10699.1 10697.5 10692.2 10689.7 10693.3 10691.4 10686.7 10680.3 10673.2 10666.3 10665.9 10668.8 10670.2 10668.6 10665.3 10661 10656.8 10656.1 10656.4 10656.4 10660.2 10670.5 10682.2 10693.9 10706.1 10717.2 10722.4 10724.2 10728.4 10737.1 10744.2 10747.3 10750.3 10754.2 10757.3 10760.9 10762.9 10763.4 10761.4 10758.6 10756.4 10754.8 10754.3 10754.1 10753.3 10753.2 10755.4 10758.6 10765.1 10772.9 10782.3 10796 10812.2 10827.5 10842.4 10856.5 10870.2 10881.1 10887.7 10916.3 10951.8 10996.5 11053.3 11079.7 11086 11007.4 10932.2
