real_craters/C110-300m.grd
DSAA
233 233
-34.8425 34.8425
-34.8425 34.8425
9819.9211627995 11150.638860156
[rows 150 to 179 of 233, columns 0 to 66 of 233]
10694.1 10694.1 10693.4 10691 10687.1 10687.7 10688.3 10690 10689 10687.5 10685.5 10683 10680.2 10676.9 10672.8 10668.6 10666.8 10669.6 10672.5 10674.7 10676 10677.1 10676.4 10675.3 10674.6 10670.6 10665.9 10662.5 10660.8 10660.3 10660.4 10661.3 10662.4 10664.4 10668.6 10673.7 10679.2 10684.3 10689.6 10694.7 10699.4 10703.8 10707.3 10710.6 10713.7 10717.6 10721.9 10726.4 10730.6 10733.8 10736.5 10739.3 10743.8 10747.9 10752 10755.7 10759.6 10763.9 10766.8 10766.9 10767 10767.5 10768 10765.7 10762.2 10759.5 10757.5
10690.1 10690.8 10692.2 10693.6 10694.4 10691 10688.4 10688.8 10687.5 10686.3 10685 10683.8 10682.2 10680.1 10677.3 10673.4 10671 10675.5 10678.5 10680 10680.6 10680.8 10680.3 10679.5 10678.4 10675.1 10670.3 10666.5 10664.5 10663.8 10663.8 10664.5 10665.7 10668.1 10672.8 10677.3 10681.5 10685.4 10689.3 10692.9 10695.8 10698.1 10699.7 10701.9 10707.2 10713.4 10719.6 10724.5 10727.6 10729.6 10732.4 10736.1 10742 10747 10751.5 10756.2 10761.1 10765.1 10767.8 10768.6 10768.2 10767.6 10768 10764.7 10761.3 10758.8 10756.9
10684.5 10685.7 10689.1 10694.6 10697.6 10692.4 10687.4 10686.9 10685.4 10684.8 10684.6 10684.3 10684.5 10684.6 10684.2 10683.5 10683.2 10686.3 10687.1 10686.4 10685 10683.8 10682.9 10682.3 10681.8 10678.7 10673.4 10669.6 10667.9 10667.7 10668.1 10668.6 10671.2 10674.5 10678.8 10681.7 10684.4 10687.2 10689.8 10692.1 10693.6 10694.3 10694 10694.8 10701.8 10709.9 10717.4 10722.8 10726 10728.4 10733.4 10737.1 10741.2 10746.2 10751 10756.3 10761.9 10767 10771.8 10769.9 10767.6 10764.8 10763 10760.6 10758.4 10756.8 10755.6
10676.7 10677.4 10681.6 10690.2 10695.6 10687.9 10684.6 10682.5 10681.8 10682.3 10683.4 10684.8 10686.8 10689.2 10692.3 10696.4 10701.2 10700.7 10697.1 10693.5 10689.5 10684.9 10685 10684.2 10682.6 10679.4 10675.1 10671.4 10670.9 10672.4 10673.8 10675.4 10679.5 10685 10685.7 10686.4 10687.6 10689.1 10690.9 10692.5 10693.5 10693.3 10692.3 10691.4 10699.6 10708.4 10715.5 10720.7 10724.7 10729.7 10738.2 10737.9 10739.9 10744.3 10749.8 10756 10762.1 10767.7 10771.6 10770.3 10765.5 10760.1 10756 10755 10754.2 10753.7 10753.6
10666.6 10666.1 10668.1 10672.8 10677.1 10675 10675.5 10675.8 10676.9 10678.8 10681.1 10684 10687.6 10692.2 10698 10706 10714.3 10712.4 10705.7 10699.5 10694.9 10691.7 10688.4 10686.1 10683.6 10680.7 10677.6 10674.3 10676 10678.5 10680.7 10683 10686.4 10690.1 10689.9 10689.7 10690.1 10690.8 10692 10693.7 10694.7 10695.3 10695.6 10695.9 10702.7 10709.7 10715.5 10719.7 10721.9 10723.8 10726.3 10730.7 10735.5 10741.9 10748.3 10754.8 10761.3 10767.9 10774.1 10770.7 10762.6 10755 10750.4 10749.7 10750.1 10750.8 10751.6
10656 10654.4 10651.4 10647.5 10651.1 10658.8 10664.2 10667.6 10670.7 10673.9 10677.4 10681.7 10686.5 10692.3 10699.5 10708.3 10717.8 10716.4 10709.2 10703.2 10698.9 10695 10691.7 10688.4 10685.5 10683.2 10681.7 10682.9 10684 10685.6 10687.8 10689.7 10691 10691.7 10691.6 10691.6 10691.5 10692.1 10693.3 10694.8 10696.6 10698.7 10701.6 10705.9 10709.7 10712.5 10715.9 10719.9 10717.8 10715.8 10714.1 10722.7 10730.6 10738.6 10746.3 10753.2 10759.6 10765.4 10769.5 10767.9 10758.8 10749.7 10744.8 10745.2 10746.5 10748 10749.5
10647 10644.2 10639.4 10633.2 10636.8 10646.6 10654.4 10659.5 10664.2 10668.6 10673.1 10678 10683.5 10689.7 10696.8 10703.6 10708.3 10708.6 10707.2 10704.2 10701.4 10698.5 10694.6 10690.9 10687.2 10684.5 10684.9 10687.3 10689.8 10692.2 10694.6 10695.9 10694.5 10693.7 10692.8 10692.2 10692.4 10693.3 10694.8 10696.6 10698.8 10701.9 10706.3 10713.1 10714.9 10713.5 10713.8 10713.6 10712.9 10711 10711.5 10719 10727.7 10736.3 10743.5 10749.8 10755.7 10760.9 10764.5 10764 10754.8 10745.6 10741.3 10741.8 10743.1 10744.9 10747
10640.7 10637.6 10634.6 10632.8 10634.4 10640.7 10647.4 10653.2 10658.5 10663.3 10668.3 10673.6 10679.3 10685.4 10691.4 10696.8 10699.5 10701.9 10704.2 10703.9 10700.8 10699.1 10697.9 10694.7 10690.1 10685.3 10688.6 10693.9 10697.1 10698 10698.6 10698.4 10695.3 10693.3 10691.8 10691.8 10692.7 10694.2 10696.2 10698.3 10700.9 10703.8 10707.1 10711.1 10711.8 10710.4 10710.2 10710.3 10709.3 10709 10710.9 10718.3 10726.3 10733.6 10740.5 10746.4 10751.4 10755.4 10758.5 10758.4 10750.5 10743.2 10739.6 10739.5 10740.6 10742.2 10744.5
10636.4 10634 10632.5 10632.6 10633.6 10637.5 10642.3 10647.6 10652.6 10657.8 10663 10668.3 10673.8 10679.9 10685.6 10691.2 10696.1 10700.4 10702.5 10703.9 10705.9 10704.4 10702.7 10700.8 10697.8 10694.2 10698.2 10703.5 10705.8 10702.5 10699 10696.5 10693.8 10690.8 10689.2 10690.8 10692.7 10694.9 10697.4 10699.8 10702.3 10705 10706.7 10705.5 10703.7 10706.7 10706.2 10705.9 10704.5 10706.5 10712.1 10719.1 10726.8 10733.3 10739.3 10744.3 10747.9 10750 10750.2 10749.9 10745.7 10741.6 10738.1 10737.2 10737.9 10739.7 10741.8
10633 10631.1 10630.9 10630.6 10631.8 10634.8 10638.8 10643.3 10648.2 10653.1 10658 10663.4 10668.8 10674.2 10679.6 10685.4 10691.2 10696.7 10699.7 10702.2 10703.5 10706.3 10707.6 10708.4 10709.4 10711.6 10713.3 10713.2 10711.2 10706.5 10699.5 10695.6 10693.4 10690.1 10688.1 10690.5 10693.4 10696 10698.2 10700.9 10703.6 10706.3 10708 10708.7 10709.2 10706.7 10702.8 10697 10696.7 10700.8 10708.6 10721.5 10728.9 10733.8 10737.6 10741.5 10744.1 10745.7 10745.3 10745.5 10741.8 10735.7 10734.9 10734.4 10735.1 10736.7 10738.8
10630.2 10628.8 10628.7 10629.3 10630 10632.3 10635.7 10639.8 10644.3 10648.8 10653.4 10658.1 10662.8 10667.6 10672.6 10678.3 10684 10689.5 10695.2 10700.1 10703.7 10708 10711.6 10715.3 10719.5 10724.2 10725.8 10723.6 10717.5 10713.8 10707.3 10700.7 10696.3 10692.3 10689.2 10692.5 10694.8 10697.1 10699.3 10701.9 10704.4 10707.2 10709.9 10711.8 10713.2 10708.4 10703.3 10696.7 10698.5 10707.7 10721.5 10730.9 10732.3 10733.4 10735.9 10738.1 10740.3 10742.2 10743.3 10743.8 10740.7 10736.6 10732.8 10731.3 10732 10733.6 10735.9
10627.6 10626.1 10625.2 10625.3 10627 10629.8 10633 10636.6 10640.5 10644.5 10648.6 10652.8 10656.7 10660.7 10665 10670 10675.6 10683 10689.3 10696.7 10706.1 10709.2 10713.9 10719.8 10726.4 10732 10734.9 10735.2 10732.4 10722.2 10712.8 10705.1 10700.1 10697.8 10698.4 10697.4 10697.5 10698.5 10700.2 10702.2 10704.8 10708.1 10711.4 10713.7 10711 10711.9 10706.7 10703.4 10709 10727.1 10733 10735.9 10731.4 10730.9 10732.2 10734.2 10736.4 10738.8 10741.1 10742.9 10738.3 10734.8 10729.4 10727.9 10729.1 10731.2 10733.9
10626.3 10623.9 10622.2 10622.1 10624.4 10627.3 10630.3 10634 10637.5 10640.9 10644.2 10647.6 10650.6 10653.6 10656.9 10660.5 10664.6 10670.9 10678.5 10688.4 10697.8 10705.7 10712.5 10720.5 10730.1 10740.1 10746.4 10743.3 10737 10723.1 10709.1 10704.5 10701.9 10700.5 10701.1 10699.5 10698.6 10698.7 10699.4 10701 10703.4 10706.5 10710.7 10716.3 10725.4 10716.7 10707.3 10702 10700.5 10700.9 10713.1 10718.2 10722.3 10724.5 10726 10728.4 10731.1 10733.5 10735.5 10736.4 10730.2 10724 10722.4 10722.9 10724.9 10728.6 10732
10625.9 10623.1 10620.7 10620.8 10622.9 10625.9 10628.6 10631.5 10634.3 10636.9 10640.1 10643 10645.2 10647 10648.7 10650.6 10651.9 10654.6 10664.2 10679 10690.7 10699 10706.7 10715.8 10727.4 10741.8 10752.4 10742.7 10730.5 10719.6 10709 10704.9 10702 10700.1 10698 10698 10698.8 10698.6 10698.9 10698.7 10700.2 10702.6 10706.5 10711.5 10714.6 10710.3 10701.5 10693.9 10689 10686.3 10696.3 10705.4 10711.6 10715.7 10719.2 10722.1 10725.4 10727.7 10728.7 10727.5 10720.6 10712.9 10714.6 10718.1 10721.9 10726 10729.8
10626.5 10623.4 10619.9 10620.6 10623.1 10625.5 10628 10630.3 10632.5 10634.7 10636.6 10638.2 10640.1 10641.5 10641.8 10641.6 10641.1 10641 10650.2 10671 10684.6 10689.3 10696.2 10704.7 10715 10727.4 10737 10727.8 10719.8 10716.7 10712.2 10704.4 10700.1 10698.6 10697.3 10697.7 10698.2 10697.2 10696.1 10695.5 10695.6 10697 10698.8 10701.8 10703.8 10699.8 10690.5 10682.5 10676.9 10677.6 10686 10695.3 10701.9 10707.4 10712.1 10716.3 10720.1 10722.5 10723.2 10721.3 10713.2 10704.4 10709.3 10714.7 10719.7 10724.2 10728.3
10628 10625.9 10624.5 10623.9 10624.7 10626.2 10628 10629.7 10631.1 10633.3 10634.3 10635.4 10636.1 10636.1 10636.1 10635.2 10633.9 10632.8 10638.4 10653.1 10666.1 10674.4 10681.8 10688.8 10695 10700 10700.8 10696.9 10695.1 10698.5 10701 10696.2 10694.2 10695.6 10698.4 10699.4 10696.7 10693.5 10690.1 10688.3 10687.1 10686.4 10686.7 10687.6 10689.3 10685.2 10674.6 10668.3 10668.4 10670.2 10676.4 10686.4 10692.3 10698.4 10704.3 10709.6 10714.5 10718 10719.9 10717.3 10707.7 10704.4 10709.2 10714 10718.5 10722.6 10726.7
10630 10628.4 10627 10627.3 10626.9 10627.1 10628 10629.4 10630.7 10631.7 10632.9 10633.4 10633.6 10633.6 10632.9 10631.9 10631.1 10630.5 10632.3 10635 10646.9 10658.2 10666.1 10671.2 10673.5 10671.6 10664.3 10662.9 10662.3 10662.5 10673.2 10679.4 10683.4 10689 10696 10698.8 10693.3 10687.5 10683.4 10680 10677.5 10675.3 10673.1 10670.2 10665.5 10658.2 10653.8 10649.6 10648.9 10655.5 10663.2 10672.8 10680.7 10688.4 10696 10703.4 10709.6 10714.8 10719.2 10723.2 10726.9 10715.1 10713.5 10715.5 10718.8 10722.5 10726.4
10632.1 10631.4 10630.8 10630.2 10629.4 10629.2 10629.6 10630.4 10630.9 10631.4 10631.8 10631.9 10632.1 10631.8 10631.2 10630.6 10630.5 10630.8 10631.4 10630.9 10637.9 10646.6 10652.9 10656.1 10655.8 10651.5 10643.8 10640.7 10639.6 10637.9 10650.2 10661.8 10669.8 10677.7 10685.9 10690.3 10684.1 10678.5 10674.3 10670.7 10667.6 10664.3 10660 10654.1 10646.5 10637.1 10635.4 10631 10626.7 10635.2 10648.2 10658.5 10668.7 10679.1 10688.6 10697.6 10705.5 10712.7 10718.2 10722.4 10724.6 10720.1 10717.4 10717.8 10720.1 10723.4 10727
10634.1 10633.8 10633.5 10633 10632 10631.9 10631.4 10632 10632.1 10632.3 10632.4 10632.3 10631.6 10631.3 10631.2 10630.8 10630.9 10631.3 10631.7 10631.8 10635.2 10640.1 10643.8 10645.2 10643.9 10639.8 10634.1 10631 10630.2 10630.5 10637.5 10647.9 10656.2 10663.2 10668.7 10671.4 10668.4 10665.5 10663 10660.3 10657.2 10653.1 10648 10641.6 10635 10629.2 10623.4 10618.8 10617.6 10627.1 10637.2 10647.4 10658.5 10670.8 10682.5 10693.6 10702.8 10710.6 10716.9 10721 10722.2 10720 10718.8 10719.4 10721.2 10724.2 10727.7
10635.9 10635.6 10635.2 10635.4 10634.7 10634.9 10634.4 10633.7 10633.5 10633.5 10633.4 10632.8 10632.9 10632.6 10632.2 10632.3 10632.4 10632.4 10632.9 10632.9 10634.7 10636.9 10638.3 10638.3 10636.6 10633.5 10630.3 10628.4 10628.3 10631.4 10632.2 10638.6 10644.8 10649.1 10650.2 10648.7 10650.6 10652.2 10652 10650.6 10648 10644 10638.1 10631.9 10625.3 10621.2 10613.4 10610.4 10612.3 10622.9 10629.2 10637.8 10649.3 10664.6 10678.6 10690.7 10700.6 10708.6 10714.8 10719.8 10720.2 10718.1 10718.1 10719.3 10721.2 10724.3 10728.3
10638.2 10638.1 10637.8 10638 10637.5 10637.2 10636.7 10636.4 10635.9 10635.6 10635.2 10634.9 10634.9 10634.6 10634.4 10634.4 10634.4 10634.5 10635.1 10635.4 10636 10636.1 10635.9 10634.6 10632.7 10630.3 10627.9 10626.5 10626.9 10626.1 10626.5 10631.6 10635.9 10638.1 10636.9 10633.2 10637.4 10641.3 10642.9 10642.1 10641.1 10637.2 10631.9 10624.7 10615.8 10605.2 10603.4 10604 10605.1 10613.1 10623.4 10633 10645 10663.7 10678.4 10689.7 10699.1 10706.9 10712.7 10716.4 10713.8 10714.9 10717.3 10719.9 10722.8 10725.5 10729.3
10640.8 10641.2 10641 10641.1 10640.5 10640 10639.7 10639.4 10639.5 10637.8 10637.3 10636.9 10636.6 10636.4 10636.4 10636.6 10636.3 10637.4 10639.6 10639.7 10638.1 10636.5 10635.4 10633.7 10631.6 10629.2 10627 10625.7 10625.5 10624.2 10624.4 10627.8 10630.2 10631.4 10630.6 10629.4 10631.7 10634.6 10636.3 10636.3 10634.6 10631.5 10626.9 10620.6 10612 10603.2 10601.1 10603.2 10604.4 10609.4 10622.8 10639.6 10658 10670.1 10681.3 10691 10699.1 10705.7 10710.4 10712.5 10712.3 10713.8 10716.4 10719.7 10723.2 10727.7 10731.7
10643.4 10644.6 10644.3 10643.7 10643.4 10642.6 10642.2 10641.9 10640.6 10640.5 10640.1 10639.6 10639.4 10639.3 10639.3 10639.5 10638.6 10640 10643.1 10642.5 10639.3 10636.8 10635.1 10633.2 10630.9 10629 10627 10626.5 10625.4 10625 10625.1 10626.2 10627.2 10627.7 10627.7 10627.9 10629.1 10630.6 10631.5 10631.5 10630.6 10628.5 10625.2 10621 10615 10608.1 10607.3 10609.9 10609.1 10610.9 10626.6 10647.5 10666.6 10677.5 10686.1 10693.7 10700.6 10706.1 10710.5 10712 10714.2 10713.8 10715.7 10718.9 10721.9 10725.8 10730.1
10645.6 10646.8 10646.6 10645.7 10645 10644.5 10644.2 10644 10643.7 10643.3 10643 10642.6 10642.4 10641.7 10641.6 10641.7 10641.2 10641.6 10642.1 10640.8 10638.9 10636.8 10634.9 10632.9 10631.2 10629 10627 10626.1 10625.9 10625.8 10625.8 10625.6 10625.4 10625.7 10626 10626.4 10627.4 10628.2 10628.8 10629 10628.8 10628 10626.8 10625.4 10623.5 10623.1 10624.9 10626.2 10623.1 10620.5 10635.2 10655.5 10674.6 10683.5 10690.2 10696.4 10702.1 10707.3 10711.8 10716.3 10713.7 10712.9 10714.7 10717.6 10721.1 10725 10728.4
10647.1 10648.4 10648.1 10647.2 10646.8 10646.2 10645.5 10645 10644.6 10644.2 10643.8 10643.4 10642.7 10642.6 10642.1 10642.2 10642.5 10642.2 10642.6 10640 10638.7 10637.1 10635.2 10633.3 10631.5 10629.7 10627.5 10626.7 10626.6 10626.3 10625.5 10624.8 10624.1 10624.3 10624.6 10625.5 10626.4 10626.6 10627 10627.6 10628.3 10628.8 10629.5 10630.6 10632.7 10638.1 10644.2 10645.6 10641.9 10642.2 10650.2 10663.2 10677.3 10686.8 10693.1 10698.6 10703.5 10708 10711.7 10712 10712.1 10711.3 10713.6 10716.5 10719.7 10723.3 10727.3
10648.3 10649.6 10649 10648.3 10647.7 10647 10646.3 10645.7 10644.4 10643.9 10643.4 10642.5 10642.3 10642.1 10642.1 10642.3 10642.5 10642.4 10643 10641 10638.9 10637 10635.2 10633.8 10632 10630.2 10628.6 10627.4 10625.7 10624.4 10623.8 10623.4 10622.7 10622.8 10623.2 10624.1 10624.6 10625.4 10625.8 10626.8 10628.1 10629.7 10631.8 10634.6 10638.7 10645 10651.7 10649.7 10649.5 10652 10658.2 10668.1 10679.9 10688.6 10694.5 10699.6 10703.8 10707.6 10711.9 10718.3 10713.1 10711.1 10712.8 10715.4 10718.3 10721.3 10724.7
10648.4 10649.4 10649 10648.6 10647.3 10646.7 10645.7 10644.9 10644.4 10643.9 10643.5 10643.2 10642.5 10642.4 10643 10642.9 10642.7 10642 10641.5 10641 10639.1 10637.5 10635.4 10633.7 10631.9 10630.1 10628.4 10626.5 10623.1 10622.3 10622.7 10622 10621.3 10621.3 10621.6 10622.8 10624.7 10623.6 10624.6 10626.2 10628 10630.4 10633.3 10637.1 10641 10645.3 10648 10651.5 10651.8 10654.2 10659.9 10669.7 10680.1 10689.1 10695.3 10699.7 10702.8 10705.3 10706.9 10707.7 10711.1 10710.6 10712.4 10714.3 10716.3 10718.9 10721.7
10646.9 10647.5 10648 10647.7 10647.3 10646.8 10646.1 10645.5 10644.9 10643.8 10643.5 10643.3 10643 10642.9 10642.7 10642.5 10642.1 10641.5 10641.5 10639.8 10638.5 10637.2 10635.8 10634.1 10632.3 10630.4 10628.3 10625.6 10622.5 10621.9 10621.1 10620.7 10620.2 10620 10619.7 10619.9 10618.7 10620.8 10623.2 10625.6 10628.1 10630.9 10634.3 10638 10641.6 10645.2 10647.8 10650.8 10652.2 10654 10659.2 10669.1 10681.6 10691.6 10696.1 10699.6 10702 10703.3 10703.5 10704.9 10709.4 10713.8 10712.4 10712.7 10714.1 10715.8 10717.7
10646.1 10646.4 10647.3 10647.3 10647.1 10646.6 10645.7 10645.2 10644.7 10644.2 10643.6 10643.4 10643.1 10643 10642.9 10642.1 10641.5 10640.6 10639.5 10638.6 10638.2 10637.6 10636.6 10635 10632.9 10630.8 10628.7 10626.8 10625.7 10623.1 10621 10620 10619.6 10619.2 10618.7 10618.5 10617.6 10619.8 10622.4 10625.1 10628.1 10631.3 10634.8 10638.4 10642.2 10645.7 10649.9 10655.2 10652.7 10651.8 10654.5 10666.1 10679.5 10689.9 10695.8 10699.4 10701.9 10702.8 10702.5 10703.8 10707.6 10711.2 10710 10710 10711 10712.3 10714.1
10646.7 10646.8 10647.2 10646.9 10646.6 10646.2 10645.5 10644.8 10644.4 10644 10643.7 10642.4 10642.4 10642.6 10642.7 10642.7 10642 10640.5 10639.3 10639 10638.7 10638.8 10638 10636.2 10634 10631.5 10629.3 10627.4 10626.2 10623.5 10621 10619.9 10619.5 10619 10618.7 10618.7 10619.7 10620.9 10623.1 10625.7 10628.8 10632.1 10635.4 10638.9 10642.8 10646.1 10649.7 10653.2 10651.4 10649.7 10651.7 10662.8 10676.5 10688.4 10694.7 10699.3 10702.4 10703.6 10703.6 10704.2 10705.5 10704.5 10705.2 10706.2 10707.4 10708.2 10709.6
