real_craters/C110-750m.grd
DSAA
94 94
-34.8425 34.8425
-34.8425 34.8425
9819.1628422695 11130.41271775
[rows 25 to 49 of 94, columns 0 to 57 of 94]
1.062e+004 1.062e+004 1.062e+004 1.062e+004 1.062e+004 1.062e+004 1.062e+004 1.062e+004 1.062e+004 1.062e+004 1.062e+004 1.062e+004 1.062e+004 1.062e+004 1.062e+004 1.062e+004 1.063e+004 1.065e+004 1.07e+004 1.075e+004 1.075e+004 1.073e+004 1.07e+004 1.069e+004 1.067e+004 1.066e+004 1.066e+004 1.066e+004 1.066e+004 1.068e+004 1.069e+004 1.07e+004 1.07e+004 1.072e+004 1.074e+004 1.076e+004 1.078e+004 1.083e+004 1.083e+004 1.08e+004 1.077e+004 1.074e+004 1.074e+004 1.074e+004 1.074e+004 1.074e+004 1.074e+004 1.074e+004 1.074e+004 1.074e+004 1.074e+004 1.074e+004 1.075e+004 1.076e+004 1.074e+004 1.073e+004 1.071e+004 1.07e+004
1.063e+004 1.063e+004 1.063e+004 1.063e+004 1.063e+004 1.063e+004 1.063e+004 1.062e+004 1.062e+004 1.062e+004 1.062e+004 1.062e+004 1.062e+004 1.062e+004 1.062e+004 1.062e+004 1.063e+004 1.064e+004 1.071e+004 1.078e+004 1.076e+004 1.074e+004 1.072e+004 1.069e+004 1.067e+004 1.066e+004 1.066e+004 1.066e+004 1.067e+004 1.069e+004 1.07e+004 1.07e+004 1.071e+004 1.072e+004 1.073e+004 1.076e+004 1.079e+004 1.082e+004 1.082e+004 1.079e+004 1.076e+004 1.073e+004 1.073e+004 1.073e+004 1.073e+004 1.074e+004 1.074e+004 1.074e+004 1.074e+004 1.075e+004 1.075e+004 1.073e+004 1.073e+004 1.072e+004 1.072e+004 1.072e+004 1.071e+004 1.07e+004
1.063e+004 1.063e+004 1.064e+004 1.064e+004 1.063e+004 1.063e+004 1.063e+004 1.063e+004 1.063e+004 1.063e+004 1.063e+004 1.063e+004 1.063e+004 1.063e+004 1.063e+004 1.063e+004 1.063e+004 1.064e+004 1.07e+004 1.077e+004 1.076e+004 1.074e+004 1.071e+004 1.07e+004 1.069e+004 1.068e+004 1.067e+004 1.067e+004 1.07e+004 1.071e+004 1.071e+004 1.071e+004 1.071e+004 1.071e+004 1.072e+004 1.074e+004 1.077e+004 1.078e+004 1.078e+004 1.077e+004 1.075e+004 1.073e+004 1.072e+004 1.073e+004 1.073e+004 1.073e+004 1.074e+004 1.074e+004 1.075e+004 1.075e+004 1.074e+004 1.072e+004 1.072e+004 1.071e+004 1.071e+004 1.071e+004 1.071e+004 1.07e+004
1.064e+004 1.064e+004 1.064e+004 1.064e+004 1.064e+004 1.064e+004 1.063e+004 1.063e+004 1.063e+004 1.064e+004 1.064e+004 1.064e+004 1.064e+004 1.063e+004 1.064e+004 1.063e+004 1.063e+004 1.064e+004 1.069e+004 1.073e+004 1.074e+004 1.074e+004 1.072e+004 1.071e+004 1.07e+004 1.069e+004 1.069e+004 1.069e+004 1.072e+004 1.072e+004 1.072e+004 1.072e+004 1.072e+004 1.072e+004 1.072e+004 1.073e+004 1.075e+004 1.075e+004 1.074e+004 1.075e+004 1.074e+004 1.073e+004 1.072e+004 1.072e+004 1.072e+004 1.073e+004 1.074e+004 1.076e+004 1.075e+004 1.075e+004 1.075e+004 1.073e+004 1.072e+004 1.072e+004 1.071e+004 1.071e+004 1.071e+004 1.07e+004
1.064e+004 1.064e+004 1.064e+004 1.064e+004 1.064e+004 1.064e+004 1.064e+004 1.064e+004 1.064e+004 1.064e+004 1.064e+004 1.064e+004 1.064e+004 1.064e+004 1.064e+004 1.064e+004 1.064e+004 1.064e+004 1.068e+004 1.072e+004 1.073e+004 1.073e+004 1.072e+004 1.072e+004 1.071e+004 1.071e+004 1.07e+004 1.072e+004 1.072e+004 1.071e+004 1.072e+004 1.072e+004 1.072e+004 1.072e+004 1.073e+004 1.073e+004 1.074e+004 1.074e+004 1.074e+004 1.074e+004 1.074e+004 1.074e+004 1.072e+004 1.072e+004 1.073e+004 1.074e+004 1.075e+004 1.077e+004 1.077e+004 1.077e+004 1.077e+004 1.076e+004 1.074e+004 1.074e+004 1.073e+004 1.072e+004 1.072e+004 1.07e+004
1.065e+004 1.065e+004 1.065e+004 1.065e+004 1.065e+004 1.065e+004 1.065e+004 1.064e+004 1.064e+004 1.064e+004 1.064e+004 1.064e+004 1.065e+004 1.065e+004 1.065e+004 1.064e+004 1.064e+004 1.065e+004 1.068e+004 1.071e+004 1.072e+004 1.072e+004 1.072e+004 1.072e+004 1.072e+004 1.071e+004 1.07e+004 1.07e+004 1.07e+004 1.071e+004 1.071e+004 1.072e+004 1.073e+004 1.073e+004 1.074e+004 1.074e+004 1.075e+004 1.075e+004 1.075e+004 1.075e+004 1.075e+004 1.075e+004 1.075e+004 1.075e+004 1.076e+004 1.077e+004 1.077e+004 1.08e+004 1.081e+004 1.081e+004 1.08e+004 1.079e+004 1.077e+004 1.076e+004 1.075e+004 1.074e+004 1.073e+004 1.072e+004
1.065e+004 1.065e+004 1.065e+004 1.065e+004 1.065e+004 1.065e+004 1.065e+004 1.065e+004 1.065e+004 1.065e+004 1.065e+004 1.065e+004 1.065e+004 1.065e+004 1.065e+004 1.065e+004 1.065e+004 1.066e+004 1.069e+004 1.071e+004 1.072e+004 1.073e+004 1.073e+004 1.074e+004 1.074e+004 1.072e+004 1.071e+004 1.07e+004 1.07e+004 1.07e+004 1.071e+004 1.073e+004 1.074e+004 1.074e+004 1.075e+004 1.075e+004 1.076e+004 1.076e+004 1.076e+004 1.077e+004 1.077e+004 1.077e+004 1.078e+004 1.08e+004 1.08e+004 1.08e+004 1.079e+004 1.083e+004 1.085e+004 1.085e+004 1.083e+004 1.082e+004 1.08e+004 1.078e+004 1.076e+004 1.076e+004 1.076e+004 1.074e+004
1.065e+004 1.065e+004 1.065e+004 1.066e+004 1.065e+004 1.066e+004 1.065e+004 1.065e+004 1.065e+004 1.065e+004 1.065e+004 1.065e+004 1.064e+004 1.064e+004 1.065e+004 1.065e+004 1.065e+004 1.067e+004 1.07e+004 1.072e+004 1.073e+004 1.074e+004 1.074e+004 1.075e+004 1.075e+004 1.073e+004 1.071e+004 1.07e+004 1.07e+004 1.071e+004 1.072e+004 1.073e+004 1.075e+004 1.076e+004 1.076e+004 1.077e+004 1.077e+004 1.078e+004 1.078e+004 1.079e+004 1.08e+004 1.08e+004 1.081e+004 1.085e+004 1.085e+004 1.085e+004 1.087e+004 1.087e+004 1.089e+004 1.089e+004 1.087e+004 1.086e+004 1.085e+004 1.082e+004 1.081e+004 1.079e+004 1.079e+004 1.077e+004
1.066e+004 1.066e+004 1.066e+004 1.066e+004 1.066e+004 1.065e+004 1.066e+004 1.066e+004 1.065e+004 1.065e+004 1.065e+004 1.065e+004 1.065e+004 1.065e+004 1.065e+004 1.065e+004 1.068e+004 1.07e+004 1.072e+004 1.075e+004 1.076e+004 1.075e+004 1.075e+004 1.076e+004 1.075e+004 1.074e+004 1.072e+004 1.072e+004 1.071e+004 1.072e+004 1.073e+004 1.074e+004 1.076e+004 1.077e+004 1.078e+004 1.078e+004 1.079e+004 1.08e+004 1.081e+004 1.083e+004 1.083e+004 1.085e+004 1.088e+004 1.089e+004 1.088e+004 1.089e+004 1.096e+004 1.097e+004 1.098e+004 1.099e+004 1.098e+004 1.094e+004 1.09e+004 1.086e+004 1.083e+004 1.084e+004 1.082e+004 1.079e+004
1.066e+004 1.066e+004 1.066e+004 1.066e+004 1.065e+004 1.065e+004 1.066e+004 1.066e+004 1.065e+004 1.065e+004 1.065e+004 1.065e+004 1.065e+004 1.065e+004 1.065e+004 1.068e+004 1.072e+004 1.072e+004 1.073e+004 1.076e+004 1.077e+004 1.076e+004 1.075e+004 1.075e+004 1.075e+004 1.074e+004 1.073e+004 1.073e+004 1.073e+004 1.073e+004 1.074e+004 1.075e+004 1.077e+004 1.078e+004 1.079e+004 1.08e+004 1.08e+004 1.081e+004 1.085e+004 1.086e+004 1.087e+004 1.088e+004 1.09e+004 1.088e+004 1.085e+004 1.086e+004 1.084e+004 1.086e+004 1.092e+004 1.091e+004 1.101e+004 1.094e+004 1.09e+004 1.092e+004 1.094e+004 1.093e+004 1.086e+004 1.081e+004
1.066e+004 1.066e+004 1.066e+004 1.066e+004 1.066e+004 1.066e+004 1.066e+004 1.066e+004 1.066e+004 1.065e+004 1.065e+004 1.066e+004 1.067e+004 1.066e+004 1.067e+004 1.072e+004 1.074e+004 1.072e+004 1.073e+004 1.074e+004 1.075e+004 1.075e+004 1.075e+004 1.075e+004 1.075e+004 1.074e+004 1.073e+004 1.073e+004 1.074e+004 1.074e+004 1.075e+004 1.076e+004 1.078e+004 1.08e+004 1.081e+004 1.082e+004 1.082e+004 1.083e+004 1.087e+004 1.088e+004 1.088e+004 1.088e+004 1.085e+004 1.082e+004 1.074e+004 1.071e+004 1.068e+004 1.07e+004 1.064e+004 1.055e+004 1.063e+004 1.073e+004 1.081e+004 1.091e+004 1.105e+004 1.097e+004 1.087e+004 1.081e+004
1.066e+004 1.066e+004 1.066e+004 1.066e+004 1.066e+004 1.066e+004 1.066e+004 1.066e+004 1.066e+004 1.065e+004 1.066e+004 1.067e+004 1.068e+004 1.068e+004 1.069e+004 1.071e+004 1.072e+004 1.071e+004 1.072e+004 1.073e+004 1.074e+004 1.075e+004 1.075e+004 1.075e+004 1.074e+004 1.074e+004 1.073e+004 1.073e+004 1.073e+004 1.074e+004 1.075e+004 1.077e+004 1.078e+004 1.079e+004 1.082e+004 1.085e+004 1.086e+004 1.087e+004 1.089e+004 1.089e+004 1.084e+004 1.08e+004 1.072e+004 1.065e+004 1.056e+004 1.048e+004 1.044e+004 1.043e+004 1.04e+004 1.033e+004 1.036e+004 1.052e+004 1.065e+004 1.076e+004 1.084e+004 1.084e+004 1.081e+004 1.079e+004
1.067e+004 1.067e+004 1.067e+004 1.066e+004 1.066e+004 1.066e+004 1.066e+004 1.066e+004 1.066e+004 1.066e+004 1.066e+004 1.066e+004 1.067e+004 1.068e+004 1.07e+004 1.07e+004 1.07e+004 1.07e+004 1.072e+004 1.073e+004 1.075e+004 1.075e+004 1.075e+004 1.075e+004 1.074e+004 1.074e+004 1.073e+004 1.073e+004 1.073e+004 1.074e+004 1.076e+004 1.077e+004 1.079e+004 1.081e+004 1.084e+004 1.088e+004 1.092e+004 1.093e+004 1.09e+004 1.086e+004 1.074e+004 1.063e+004 1.048e+004 1.044e+004 1.036e+004 1.03e+004 1.032e+004 1.028e+004 1.025e+004 1.026e+004 1.028e+004 1.037e+004 1.048e+004 1.057e+004 1.061e+004 1.065e+004 1.07e+004 1.073e+004
1.067e+004 1.067e+004 1.067e+004 1.067e+004 1.067e+004 1.066e+004 1.066e+004 1.067e+004 1.067e+004 1.066e+004 1.066e+004 1.066e+004 1.067e+004 1.068e+004 1.069e+004 1.07e+004 1.07e+004 1.07e+004 1.071e+004 1.073e+004 1.075e+004 1.075e+004 1.075e+004 1.075e+004 1.074e+004 1.074e+004 1.074e+004 1.074e+004 1.074e+004 1.076e+004 1.077e+004 1.078e+004 1.08e+004 1.082e+004 1.085e+004 1.089e+004 1.091e+004 1.089e+004 1.084e+004 1.076e+004 1.06e+004 1.043e+004 1.03e+004 1.024e+004 1.017e+004 1.008e+004 1.008e+004 1.006e+004 1.007e+004 1.009e+004 1.014e+004 1.024e+004 1.032e+004 1.036e+004 1.041e+004 1.046e+004 1.057e+004 1.064e+004
1.068e+004 1.068e+004 1.068e+004 1.068e+004 1.067e+004 1.067e+004 1.066e+004 1.066e+004 1.066e+004 1.066e+004 1.066e+004 1.066e+004 1.066e+004 1.068e+004 1.069e+004 1.071e+004 1.071e+004 1.07e+004 1.071e+004 1.072e+004 1.073e+004 1.074e+004 1.075e+004 1.075e+004 1.075e+004 1.075e+004 1.075e+004 1.076e+004 1.075e+004 1.076e+004 1.078e+004 1.08e+004 1.082e+004 1.084e+004 1.087e+004 1.089e+004 1.089e+004 1.083e+004 1.071e+004 1.056e+004 1.041e+004 1.026e+004 1.015e+004 1.009e+004 1.004e+004 9980 9953 9944 9957 1e+004 1.006e+004 1.013e+004 1.02e+004 1.025e+004 1.026e+004 1.032e+004 1.046e+004 1.058e+004
1.068e+004 1.068e+004 1.068e+004 1.068e+004 1.068e+004 1.067e+004 1.067e+004 1.066e+004 1.066e+004 1.066e+004 1.066e+004 1.065e+004 1.066e+004 1.068e+004 1.07e+004 1.074e+004 1.073e+004 1.07e+004 1.07e+004 1.072e+004 1.073e+004 1.074e+004 1.076e+004 1.078e+004 1.077e+004 1.076e+004 1.075e+004 1.075e+004 1.076e+004 1.077e+004 1.079e+004 1.081e+004 1.083e+004 1.085e+004 1.087e+004 1.087e+004 1.084e+004 1.074e+004 1.06e+004 1.04e+004 1.026e+004 1.013e+004 1.004e+004 9998 9971 9948 9936 9930 9928 9932 9977 1.005e+004 1.011e+004 1.012e+004 1.017e+004 1.027e+004 1.039e+004 1.053e+004
1.068e+004 1.068e+004 1.068e+004 1.069e+004 1.068e+004 1.068e+004 1.067e+004 1.066e+004 1.066e+004 1.066e+004 1.066e+004 1.066e+004 1.066e+004 1.068e+004 1.07e+004 1.073e+004 1.073e+004 1.071e+004 1.071e+004 1.072e+004 1.073e+004 1.074e+004 1.076e+004 1.077e+004 1.077e+004 1.076e+004 1.075e+004 1.075e+004 1.076e+004 1.078e+004 1.08e+004 1.083e+004 1.083e+004 1.086e+004 1.089e+004 1.088e+004 1.082e+004 1.07e+004 1.054e+004 1.037e+004 1.02e+004 1.003e+004 9966 9947 9932 9921 9920 9919 9922 9923 9943 9986 1.003e+004 1.003e+004 1.008e+004 1.016e+004 1.03e+004 1.048e+004
1.068e+004 1.069e+004 1.069e+004 1.069e+004 1.069e+004 1.068e+004 1.067e+004 1.067e+004 1.066e+004 1.066e+004 1.067e+004 1.067e+004 1.067e+004 1.068e+004 1.07e+004 1.072e+004 1.073e+004 1.071e+004 1.07e+004 1.072e+004 1.073e+004 1.075e+004 1.076e+004 1.077e+004 1.077e+004 1.076e+004 1.075e+004 1.076e+004 1.077e+004 1.078e+004 1.082e+004 1.086e+004 1.089e+004 1.09e+004 1.091e+004 1.09e+004 1.083e+004 1.067e+004 1.047e+004 1.029e+004 1.01e+004 9969 9928 9919 9917 9919 9921 9918 9916 9913 9922 9946 9939 9956 9986 1.004e+004 1.021e+004 1.042e+004
1.069e+004 1.069e+004 1.069e+004 1.069e+004 1.068e+004 1.068e+004 1.067e+004 1.067e+004 1.067e+004 1.067e+004 1.068e+004 1.069e+004 1.069e+004 1.069e+004 1.069e+004 1.07e+004 1.071e+004 1.07e+004 1.07e+004 1.071e+004 1.074e+004 1.075e+004 1.077e+004 1.078e+004 1.077e+004 1.076e+004 1.075e+004 1.075e+004 1.077e+004 1.081e+004 1.084e+004 1.088e+004 1.091e+004 1.093e+004 1.094e+004 1.092e+004 1.084e+004 1.064e+004 1.04e+004 1.016e+004 9991 9934 9919 9922 9921 9920 9925 9925 9914 9909 9903 9895 9894 9903 9919 9971 1.014e+004 1.036e+004
1.069e+004 1.069e+004 1.069e+004 1.069e+004 1.068e+004 1.068e+004 1.068e+004 1.067e+004 1.068e+004 1.069e+004 1.069e+004 1.07e+004 1.07e+004 1.069e+004 1.069e+004 1.069e+004 1.068e+004 1.068e+004 1.069e+004 1.071e+004 1.073e+004 1.076e+004 1.078e+004 1.078e+004 1.077e+004 1.076e+004 1.075e+004 1.074e+004 1.076e+004 1.079e+004 1.084e+004 1.089e+004 1.092e+004 1.094e+004 1.094e+004 1.093e+004 1.083e+004 1.06e+004 1.035e+004 1.011e+004 9948 9923 9925 9939 9938 9924 9925 9910 9905 9913 9884 9868 9863 9862 9877 9926 1.008e+004 1.031e+004
1.069e+004 1.069e+004 1.069e+004 1.069e+004 1.068e+004 1.068e+004 1.068e+004 1.068e+004 1.068e+004 1.068e+004 1.069e+004 1.07e+004 1.07e+004 1.07e+004 1.069e+004 1.068e+004 1.067e+004 1.067e+004 1.068e+004 1.07e+004 1.072e+004 1.075e+004 1.078e+004 1.079e+004 1.077e+004 1.076e+004 1.075e+004 1.075e+004 1.076e+004 1.078e+004 1.082e+004 1.091e+004 1.095e+004 1.095e+004 1.093e+004 1.088e+004 1.076e+004 1.056e+004 1.032e+004 1.009e+004 9943 9923 9928 9938 9927 9901 9872 9853 9902 9952 9878 9857 9848 9844 9852 9900 1.004e+004 1.027e+004
1.069e+004 1.068e+004 1.068e+004 1.068e+004 1.069e+004 1.068e+004 1.068e+004 1.068e+004 1.068e+004 1.067e+004 1.068e+004 1.069e+004 1.07e+004 1.07e+004 1.07e+004 1.069e+004 1.067e+004 1.067e+004 1.068e+004 1.069e+004 1.071e+004 1.073e+004 1.076e+004 1.077e+004 1.077e+004 1.076e+004 1.076e+004 1.076e+004 1.076e+004 1.08e+004 1.083e+004 1.091e+004 1.095e+004 1.095e+004 1.093e+004 1.085e+004 1.073e+004 1.054e+004 1.032e+004 1.01e+004 9952 9933 9931 9922 9901 9877 9827 9819 9901 9974 9890 9855 9839 9831 9838 9881 1.002e+004 1.024e+004
1.068e+004 1.068e+004 1.068e+004 1.068e+004 1.068e+004 1.068e+004 1.068e+004 1.068e+004 1.068e+004 1.067e+004 1.067e+004 1.069e+004 1.07e+004 1.07e+004 1.07e+004 1.069e+004 1.068e+004 1.067e+004 1.067e+004 1.069e+004 1.07e+004 1.071e+004 1.074e+004 1.075e+004 1.076e+004 1.076e+004 1.076e+004 1.076e+004 1.077e+004 1.079e+004 1.081e+004 1.087e+004 1.092e+004 1.092e+004 1.095e+004 1.089e+004 1.075e+004 1.056e+004 1.034e+004 1.012e+004 9968 9947 9944 9938 9924 9904 9885 9858 9917 9922 9883 9873 9839 9828 9833 9868 9994 1.024e+004
1.068e+004 1.068e+004 1.068e+004 1.068e+004 1.068e+004 1.069e+004 1.069e+004 1.068e+004 1.068e+004 1.068e+004 1.068e+004 1.07e+004 1.072e+004 1.07e+004 1.069e+004 1.068e+004 1.068e+004 1.068e+004 1.068e+004 1.069e+004 1.07e+004 1.071e+004 1.072e+004 1.074e+004 1.075e+004 1.075e+004 1.076e+004 1.076e+004 1.076e+004 1.078e+004 1.081e+004 1.085e+004 1.09e+004 1.094e+004 1.101e+004 1.097e+004 1.082e+004 1.061e+004 1.037e+004 1.013e+004 9981 9961 9961 9967 9976 9937 9904 9914 9911 9903 9885 9885 9852 9841 9840 9866 9973 1.024e+004
1.068e+004 1.068e+004 1.068e+004 1.068e+004 1.068e+004 1.069e+004 1.069e+004 1.069e+004 1.069e+004 1.068e+004 1.068e+004 1.07e+004 1.071e+004 1.07e+004 1.068e+004 1.068e+004 1.068e+004 1.068e+004 1.068e+004 1.069e+004 1.07e+004 1.071e+004 1.072e+004 1.073e+004 1.074e+004 1.075e+004 1.075e+004 1.076e+004 1.077e+004 1.078e+004 1.081e+004 1.085e+004 1.09e+004 1.097e+004 1.108e+004 1.11e+004 1.09e+004 1.066e+004 1.04e+004 1.017e+004 9996 9977 9975 9979 9984 9962 9926 9939 9943 9923 9911 9900 9885 9872 9869 9891 9985 1.025e+004
