real_craters/C110-500m.grd
DSAA
140 140
-34.8425 34.8425
-34.8425 34.8425
9821.2217845954 11155.470601983
[rows 0 to 29 of 140, columns 67 to 133 of 140]
10595.6 10597.5 10599.6 10603.5 10607.2 10610.2 10611.8 10600 10585.1 10578.3 10580.4 10580.4 10575 10570.5 10566.6 10563.5 10560.4 10557.3 10553.9 10550.4 10546.9 10543.2 10540.7 10540.2 10538.8 10537.4 10535 10533.2 10531.5 10530 10537.2 10545.5 10554.4 10562.7 10556.8 10511.1 10501.8 10497.9 10494.5 10491 10487.8 10485.3 10486.3 10490.1 10492.2 10493.9 10495.5 10494.6 10489.3 10487.2 10486.6 10485.7 10483.3 10481.6 10482.5 10480.3 10478.4 10476.7 10474.9 10473.4 10471.9 10470.7 10472.2 10475.5 10471.6 10465.6 10462.8
10596.8 10599.1 10603.3 10606.7 10607.7 10607.5 10604.4 10594.2 10584.3 10580.5 10580.8 10580.2 10576 10571.6 10567.9 10565.1 10562.3 10559.5 10556.6 10554.1 10552.1 10549.9 10547.5 10545.8 10542.7 10539.3 10536.4 10533.6 10530 10530.3 10536.4 10545.2 10555.4 10564.1 10553.5 10518.1 10511.5 10505.4 10499.6 10494.1 10489.2 10485.4 10485.3 10488.4 10491.3 10493.1 10493.4 10491.1 10486.7 10485.7 10486 10486.2 10484.1 10480.5 10478.4 10478.5 10477.1 10475.5 10473.7 10472.3 10470.8 10470.1 10470.7 10474.5 10469.9 10463.9 10461.1
10598.5 10600 10603.6 10606.4 10606.7 10604.7 10600.2 10592.4 10585.5 10583.3 10582.6 10580.8 10577.4 10573.8 10571.3 10567.8 10564.8 10561.4 10558.5 10557.7 10557.5 10558.1 10562.2 10552.4 10546.6 10542.3 10538.8 10535.7 10532.3 10530.3 10535.8 10542.3 10550.2 10558.9 10559.3 10543.6 10527.5 10516 10506.8 10498.9 10492.2 10487.1 10487.1 10489.9 10491.8 10493 10491.8 10488.8 10486.1 10485.4 10485.8 10486.3 10485.3 10481.2 10479.1 10478 10476.9 10475.5 10473.5 10472 10470.7 10470.4 10475.1 10475.9 10469.9 10464.1 10461.2
10600.1 10600.6 10601.8 10605.8 10606.6 10604.4 10599.1 10592.1 10586.6 10584.9 10584 10582.5 10579.9 10576.6 10573.6 10570.8 10568.2 10565.2 10562.4 10561.9 10561.7 10561.6 10559.7 10554.9 10549.5 10545 10541.2 10539 10537.6 10536.2 10535.9 10538.2 10541.5 10546.2 10562.8 10558.6 10538.5 10523.7 10512.2 10502.3 10494.8 10489.7 10487.5 10490.7 10494.1 10494.6 10492.7 10489.4 10486.4 10485.7 10485.6 10485.4 10484.7 10481.4 10479.1 10478.2 10477 10475.8 10474.5 10473 10471.9 10472.2 10476.6 10476.3 10469.2 10463.7 10461.3
10603.6 10602.9 10603.9 10608.9 10609.3 10607 10604.3 10597.7 10591.8 10587.4 10584.7 10584.8 10584.2 10580.4 10576 10574.2 10572.5 10570.5 10568 10566.4 10564.5 10562.5 10560.3 10555.1 10550.1 10546.1 10543.3 10541.1 10540.7 10538.4 10535.5 10533.5 10531.9 10532 10539.7 10548 10538.8 10526.3 10514.9 10505.3 10497.4 10492.1 10488.4 10493.3 10499.1 10497.6 10494.6 10491.4 10487.5 10486.6 10486.1 10484.9 10483 10482.7 10480.5 10479.4 10478.2 10476.9 10475.3 10473.8 10472.7 10473.3 10476.2 10473.3 10467.3 10463.1 10461.6
10609.3 10610.6 10614.1 10617.1 10614.1 10609.7 10604 10600.3 10595.3 10591.5 10588.7 10588.2 10586.9 10583.6 10579.2 10578.6 10577.5 10576.2 10574.4 10571.5 10566.9 10562 10556.8 10552.2 10549.4 10546.8 10544.3 10542.7 10542.3 10538.4 10533.8 10529.2 10525.3 10522.4 10531.5 10539.9 10535.4 10526.1 10516.4 10508.2 10500.1 10493.8 10489.3 10497.3 10503 10499.6 10496 10492.7 10489.7 10488.7 10487.5 10485.8 10484.1 10484.4 10483 10481.3 10479.7 10478.1 10476.6 10474.8 10473.2 10472 10473.2 10469.3 10466.3 10464.2 10462.3
10614.7 10623.9 10634.2 10625.4 10618.8 10613.2 10607.4 10604.4 10601.4 10599.7 10596.6 10592.8 10590.1 10588.4 10586.2 10583.9 10582.1 10581.2 10581.6 10576 10568.7 10561.5 10553.4 10549.4 10548.9 10546.9 10544.5 10542.5 10541.7 10537.5 10531.7 10527 10523 10523.4 10543.7 10539.7 10533.5 10525.5 10517.3 10509.2 10501.9 10495.9 10494 10497.7 10499 10499.2 10497.2 10494.9 10492.9 10491.8 10490 10488 10485.6 10485.2 10484.6 10483.2 10481.7 10480.2 10478.5 10476.6 10474.2 10471.9 10471.1 10468 10465.4 10463.8 10462.6
10619.9 10628 10627 10625.6 10621 10616.7 10613.5 10608.8 10607.5 10608.4 10607.3 10596.5 10590.2 10591.8 10592 10587.8 10585 10582.8 10580.7 10575.2 10568.9 10562.8 10556.9 10553.1 10550.4 10547.8 10544.6 10540.6 10536.1 10533.1 10529.7 10525.9 10523.2 10524.1 10529.6 10532.4 10528.5 10522.8 10516.5 10509.8 10503.4 10498.5 10496.8 10497.9 10499.2 10500.5 10498.2 10496.2 10497.8 10495 10492.9 10490.9 10489.6 10488 10486.4 10484.9 10483.3 10481.9 10480.6 10479.2 10477.2 10474.5 10472.3 10468 10464.8 10463.7 10462.9
10624.4 10626.2 10625.8 10624.5 10620.8 10616.1 10611.9 10609 10606.7 10606.8 10603.9 10597 10591.1 10591.4 10591.2 10589.5 10586.5 10582.3 10577.1 10572 10568.2 10563.9 10560.6 10557.3 10553 10549.6 10545.6 10539.9 10534.4 10531.4 10529.1 10526 10523.6 10521.7 10519.6 10522.6 10522.1 10518.5 10513.8 10508.6 10503.3 10499.4 10497.3 10499.8 10506.3 10505.4 10499.8 10494.5 10497.1 10496.1 10495 10493.4 10492.7 10491.9 10488.4 10486.5 10484.8 10483.6 10482.7 10481.9 10481.3 10478.8 10475 10471.9 10468.6 10465.2 10463.4
10625 10628.7 10628.7 10625.3 10620.6 10614.8 10610 10607.9 10606.4 10603.1 10601.2 10598.6 10595.9 10595.4 10594.4 10592.2 10588.4 10583.3 10577 10571.6 10568.8 10565.5 10562.3 10559.5 10555.2 10552 10548.8 10543.5 10532.1 10533.8 10531 10526.8 10523.3 10519.7 10517 10517.9 10517.3 10514.9 10510.9 10506.6 10502.8 10499.3 10497.5 10502.9 10515.5 10511.9 10502.4 10494.9 10496.6 10497.4 10496.9 10495.3 10493.4 10492 10490 10486.8 10485.1 10483.8 10483.1 10483.1 10483.7 10481.1 10476.1 10472.6 10467.9 10465.1 10463
10630.7 10633.5 10632.4 10627.4 10621.7 10615.7 10610.8 10607.7 10606.2 10605.6 10604.7 10603.6 10602 10602.8 10599.8 10596 10591 10585.3 10579.3 10574.4 10570.3 10567 10563.3 10557.3 10556.6 10554.5 10553.1 10556.5 10568.2 10543.5 10534.2 10527.9 10522.5 10519 10517.5 10516.3 10514.8 10512.5 10509.4 10505.8 10502.9 10501.3 10500.3 10503.6 10512.3 10510.6 10504.2 10500.2 10500.5 10499.4 10498.7 10496.7 10494 10490.9 10487.6 10485.6 10484.1 10483.1 10482.6 10482.1 10481.6 10479 10474.6 10469.7 10466.9 10464.1 10461.4
10639.3 10637 10634.9 10630.5 10624.7 10618 10613 10609.6 10607.6 10607.5 10611.6 10618.2 10615 10606.2 10605 10600.7 10594.7 10588 10581.4 10575.2 10571.7 10569.2 10566.3 10563.4 10560.1 10556.6 10553.1 10549.3 10542.5 10542.3 10535.6 10529.7 10523.3 10520.3 10518.9 10516.7 10514.7 10512.5 10509.3 10506.4 10503.7 10502.1 10503 10505.5 10507.4 10506.2 10503.7 10501.6 10500.4 10501.2 10500.5 10498.1 10494.1 10488.7 10485.2 10483.7 10482.6 10481.6 10480.8 10480 10477.9 10475.9 10472.4 10468.9 10466 10463.1 10459.8
10635 10634.8 10636.7 10633.7 10629.1 10622.8 10618 10614.2 10610.8 10608.8 10615.9 10629.9 10633.2 10622 10615 10606.7 10598.4 10590.5 10583.7 10578.5 10574 10570.3 10569.8 10568.7 10564.1 10558.2 10551.7 10544 10538.4 10537.5 10534.9 10531.7 10529.3 10523.5 10519.3 10516.9 10514.5 10512.1 10509.7 10507.2 10504.9 10503.5 10506.7 10509.8 10509 10505.5 10502.8 10502.4 10504.2 10505.9 10503.8 10500 10496.1 10488.3 10483.8 10482.2 10481.2 10480 10478.9 10477.8 10476.5 10473.1 10469.8 10467.1 10465.5 10461.1 10457.4
10637.7 10641 10640.1 10637.7 10635.1 10631.5 10626.4 10620.9 10616.5 10614 10615.4 10617.7 10632.1 10643.3 10623.6 10610.8 10601.1 10592.6 10585 10577.7 10574.6 10573.1 10572 10571.7 10566.6 10559.6 10551.9 10544.4 10539.1 10536.6 10534.6 10532.7 10531.2 10523.5 10520.3 10518.1 10515.6 10513.3 10509.5 10507.6 10506.3 10505.9 10510 10515.4 10510.4 10506.1 10503.3 10505.1 10515.7 10514.7 10506.2 10500 10494.9 10486 10482.2 10481 10479.7 10478.2 10476.3 10474.5 10473.1 10469.3 10466 10463.7 10461 10456.7 10454.4
10642.8 10645.4 10643.5 10641.6 10640.2 10642.9 10635.1 10628.1 10623.7 10620.1 10617.9 10615.1 10620 10623.5 10619.5 10611.1 10602.7 10594.6 10586.5 10579.2 10575.6 10574.7 10574 10572.7 10568 10561.3 10553.3 10544.9 10539.8 10537.2 10534.5 10531.7 10529.8 10527.1 10522.3 10518.6 10516.8 10514.6 10513.3 10511.6 10510.4 10510.5 10511.8 10512 10509.6 10507.3 10511.7 10512.7 10514.4 10510.6 10503.7 10497.2 10490.7 10484 10481.5 10480.4 10478.7 10476.5 10473.9 10470.5 10466.7 10464.7 10461.6 10458.1 10455.1 10453.6 10451.7
10645 10646.3 10644.6 10643.6 10641.7 10637.5 10639.2 10637.8 10632.1 10629.1 10626 10618.7 10614.7 10613.6 10614.1 10610.1 10603.8 10596.7 10588.7 10581.3 10577.5 10577.1 10576.4 10574.6 10570.2 10563.3 10556.2 10548.2 10543 10539.5 10535.6 10530.9 10525.1 10523.8 10522.3 10520.6 10518.4 10517.2 10515.7 10514.6 10514.1 10514.9 10516.1 10513.3 10515.1 10520.3 10521.4 10517.3 10507.3 10500.7 10499 10494.5 10488 10484.4 10482.4 10480.4 10478.1 10475.4 10472.4 10468.8 10465.1 10462.2 10458.8 10455 10453.8 10453 10450.3
10648 10642.3 10644.5 10646.3 10645.7 10643.5 10645 10646.1 10642 10641.3 10636.9 10629.5 10619.2 10614.9 10613.5 10610.6 10606.1 10600.6 10593.9 10586.7 10582.7 10581.6 10579.4 10575.7 10569.9 10565.4 10560.6 10557.5 10549.3 10542.8 10538.2 10533.5 10529.4 10528.3 10524.5 10522.6 10521.1 10519.6 10518.4 10517.4 10517.2 10518.8 10524.1 10534.7 10535.5 10517.1 10507.3 10506 10503.3 10499.6 10496.6 10493.6 10490.5 10485.7 10482.7 10480.8 10478 10474.9 10471.8 10468.8 10465.4 10461.7 10458 10455.1 10456.1 10453.5 10449.2
10645.6 10644.5 10647.9 10651.2 10654.5 10656 10651.6 10648.4 10648.7 10645 10641.3 10637.2 10625.7 10619.9 10617.1 10614.1 10609.9 10605.2 10600.2 10595.2 10591.6 10587.8 10583.5 10578.8 10572.9 10567.6 10561.7 10557.4 10551.6 10546.1 10541.2 10536.7 10532.1 10526.7 10525.4 10524.1 10523.1 10522.2 10521.2 10520.2 10518.9 10519.9 10525 10531 10523.5 10509.2 10504.3 10502.8 10500.9 10498.3 10495.4 10492.5 10489.7 10485.9 10483.4 10481.1 10477.6 10474.4 10471.4 10468.8 10465.7 10462.2 10458.9 10456.2 10458.2 10449.9 10447.4
10650.6 10652.4 10654.6 10656.8 10659.2 10661.3 10656.7 10653.9 10653.2 10650.6 10644.1 10636.3 10633.6 10626.3 10621.4 10617.7 10613.9 10610 10606.4 10603.4 10600.3 10593.7 10587.9 10582.1 10577.5 10569 10561.8 10553.8 10552.1 10548.9 10544.4 10538.2 10531.1 10527.4 10526.8 10526 10525.4 10524.9 10524.5 10523.6 10522 10520.9 10520.1 10514.7 10506.7 10505.5 10504 10502 10500.1 10497.2 10495.1 10491.3 10487.4 10485.2 10482.8 10480.5 10476.6 10473.7 10470.6 10467.3 10465.1 10463 10461.1 10459.9 10457.1 10449.2 10446.9
10652.3 10655.2 10661.9 10663.5 10660.2 10660 10663.6 10662.2 10661.7 10655.9 10647.1 10640 10633.7 10630.5 10625.4 10620.9 10617.3 10614.5 10611.5 10608.9 10606.1 10598.1 10590.4 10582.7 10574.1 10568.9 10565.1 10561.7 10556.4 10552.8 10549 10544.7 10537.8 10532.5 10529.5 10528.1 10527.2 10527.7 10527.8 10528 10525.8 10523.2 10518.9 10512.6 10506.9 10504.4 10503.6 10501.4 10500.7 10501.5 10497.5 10492.6 10488.2 10485.3 10482.2 10477.8 10475.7 10473.2 10470.4 10467.2 10465.3 10464 10462.9 10461.3 10458.2 10453.9 10449.3
10658.7 10680.3 10683.5 10673.1 10668.7 10670.4 10678.3 10675.3 10664.8 10663.5 10656.7 10648.6 10642.7 10635.3 10630.4 10626 10622.2 10619.1 10616 10612.6 10608 10600.9 10593 10584.5 10576.4 10570.8 10566.9 10563.6 10559.8 10556.7 10553.8 10549.5 10541 10535.6 10532.9 10531.4 10530.7 10529.9 10530.2 10531.8 10537.2 10528.1 10519.5 10512.6 10506.9 10503.2 10499.8 10500.2 10500.1 10499.7 10497 10494.1 10490.3 10485.6 10481.6 10478.5 10476 10473.3 10470.7 10468.2 10466.4 10464.9 10464 10462.6 10459.8 10456.3 10451.1
10667.2 10664.9 10667.3 10679.5 10685.7 10686.6 10687.9 10684.4 10675.9 10677.3 10674.2 10656.8 10647.1 10640.7 10637.1 10633.4 10629.4 10625.2 10620.3 10615.2 10610.4 10602 10595.1 10587.2 10579.6 10573.6 10568.1 10563.7 10562.1 10559.6 10557.5 10555.6 10544.3 10538.2 10535.4 10533.4 10532 10531.2 10530.5 10529.5 10525.2 10524.2 10518.1 10512.2 10507.9 10503.9 10501.2 10499 10498 10496.6 10494 10490.5 10487.9 10485.4 10484 10480.7 10476.5 10473.3 10470.6 10468.3 10466.5 10465.1 10463.8 10462.6 10461.7 10458.4 10450.9
10661.7 10665.6 10673.2 10687.7 10700.7 10697.2 10689.8 10693.3 10697.3 10691.1 10680 10660.1 10647.1 10645.9 10643.7 10639.8 10635.3 10630.2 10624.6 10618 10609.7 10603 10597.7 10590.6 10583.6 10577.8 10574.3 10569.7 10565.1 10561.4 10558.6 10555.4 10546.7 10541 10537.9 10535.5 10533.5 10531.6 10529.6 10527.1 10524.5 10520.2 10515.8 10510.9 10506.1 10501.6 10498.1 10497.5 10496.1 10493.8 10491.3 10488.7 10486.1 10483.8 10481.2 10478.4 10475.7 10473 10469.9 10467.4 10465.9 10464.8 10463.6 10461.7 10459.4 10454.5 10451
10664.7 10676.8 10686.4 10696.7 10702.6 10697.7 10689.6 10698.2 10704.8 10701.3 10696.8 10672 10658.5 10656.7 10652.9 10647.8 10642.2 10635.6 10629.3 10622 10614.9 10607.8 10601.6 10594.7 10587.9 10582.2 10578.1 10573.4 10567.6 10562.2 10556.9 10552.8 10547 10543.4 10540.1 10537.1 10534.4 10531.7 10528.9 10525.5 10521.6 10518 10513.8 10509.2 10503.8 10499.4 10498.1 10497 10494.9 10492.4 10490 10487.8 10485 10482.1 10479.1 10476.6 10475.3 10472.9 10469.5 10466.6 10465.4 10464.3 10463 10460.1 10456.6 10453.5 10452.8
10681.1 10695 10706.6 10703.3 10699.9 10696.1 10694 10697.5 10702.4 10703.2 10704.6 10700.4 10684.7 10673.1 10664.2 10656.6 10649 10641.7 10634.2 10626.8 10619.3 10611.1 10606.2 10599.8 10592.3 10584.8 10578.5 10575.1 10570.3 10563.5 10555.7 10549.6 10549 10545.7 10542.1 10538.8 10535.4 10532 10528.4 10524.8 10521 10516.8 10512.7 10508.2 10503.7 10499.6 10498.6 10496.8 10494.2 10491.3 10488.6 10486.9 10483.9 10481.1 10478.6 10477.6 10477.1 10473.8 10470 10467 10465.3 10463.6 10461.9 10458.1 10454.4 10452.5 10452.9
10706.1 10709.8 10711.7 10704.4 10694.8 10693 10693.1 10693.6 10698.1 10702.8 10705.4 10716.7 10703.7 10686.2 10674.6 10665 10656.7 10649.1 10641.3 10632.9 10624.4 10615.7 10611.3 10607.4 10599.8 10590.3 10587.3 10582.7 10575.6 10567 10558.6 10553.4 10551.5 10548.2 10544.3 10540.4 10536.5 10532.5 10528.2 10523.9 10519.9 10516.1 10512.3 10508.1 10504.1 10499.6 10498.4 10496.3 10494 10491 10487.6 10485.6 10482.9 10480.3 10478.5 10478.4 10478.1 10474.2 10470.9 10467.6 10465.2 10462.9 10459.9 10456.3 10452.3 10449.1 10451.3
10722 10717.7 10714.2 10702.1 10692.1 10689.6 10690.7 10692.2 10698.1 10704.2 10706.7 10706.1 10701.6 10691.7 10681.2 10672.2 10663.6 10656 10648.5 10640.7 10632.9 10625.3 10621.3 10618.2 10613 10608.6 10606.9 10594.2 10582.7 10571.9 10562.8 10558 10554.7 10550.2 10545.7 10541.5 10537.3 10533.1 10528.8 10523.8 10519.6 10516.3 10512.6 10508.7 10504.8 10500.8 10498.4 10496.3 10494.5 10492.5 10489.5 10485.9 10482.5 10479.4 10476.6 10474.7 10473.6 10473.3 10470.6 10467.7 10464.7 10462.2 10459.5 10455.2 10451.2 10448.5 10451.6
10725.6 10716.6 10705 10696.5 10690.3 10687.8 10690.6 10698.3 10702.2 10705.4 10706 10703.2 10700.5 10695.3 10686.9 10680.2 10671.8 10664.4 10657.2 10650.4 10644.7 10637.4 10633.7 10629.6 10626.1 10625.1 10613.8 10602.8 10590 10577.6 10566.7 10561 10556.8 10551.9 10547 10542.6 10538.3 10533.8 10529.9 10526 10521.5 10517.4 10513.6 10510.4 10507 10504.2 10499.9 10496.6 10495.4 10494.7 10494.6 10485.2 10482.2 10478.7 10475.2 10472.1 10476 10472.8 10468.6 10465.6 10463.1 10461.2 10458.4 10454.6 10451 10448.7 10451.5
10723.5 10713.2 10701 10695.9 10695 10691.5 10696.4 10706.5 10707.1 10704.8 10703.3 10702.1 10701.8 10698.8 10693.9 10687.6 10680.3 10673.6 10667 10660.4 10655.2 10650.6 10643.7 10638.6 10633.5 10631.8 10624.6 10611.1 10597.8 10584 10571.6 10563.2 10558.2 10554 10549.2 10543.9 10539.2 10534.7 10530.5 10527.1 10522.5 10518.4 10515 10511.9 10509.4 10506.1 10501.1 10496.8 10495.9 10495.1 10494.1 10487.8 10482.3 10478.4 10475.5 10474.7 10475.5 10471.5 10466.6 10463 10460.6 10459.1 10457.2 10453.7 10451.2 10450 10452.1
10719.9 10711.2 10701.8 10696.9 10697.1 10696.1 10701.1 10708.9 10710.6 10710.9 10708.1 10707.4 10704.6 10702.2 10700.3 10694.4 10688 10680.7 10673.2 10667 10661.9 10656.1 10650.6 10645.2 10637.3 10628.6 10622.1 10618.1 10606.9 10591.8 10575.8 10567.2 10561.4 10556.3 10551.1 10545.5 10540 10534.8 10530 10525.7 10522 10518.7 10515.9 10513.9 10511.4 10507 10503.1 10499.5 10495.9 10493.1 10490.7 10484.5 10480.4 10477.5 10474.8 10473.4 10472.4 10468.3 10463.7 10460.1 10457.6 10454.8 10453.3 10452.3 10451.3 10451 10452.3
