real_craters/C110-300m.grd
DSAA
233 233
-34.8425 34.8425
-34.8425 34.8425
9819.9211627995 11150.638860156
[rows 180 to 209 of 233, columns 0 to 66 of 233]
10647.7 10647.8 10647.6 10647.1 10646.5 10646 10645.4 10643.7 10643.1 10642.7 10642.4 10642 10642.1 10642.6 10643.3 10644.3 10644 10642.5 10641.9 10640.5 10640 10641.6 10640.4 10637.9 10635 10631.9 10629.1 10626.5 10624.9 10623 10621.6 10620.8 10620.1 10619.2 10618.8 10619 10620.1 10621.3 10623 10625.3 10628.4 10631.9 10635.5 10639.3 10642.9 10646.1 10648.6 10650.2 10649.2 10648.5 10650.6 10660.4 10673.2 10685.6 10692.8 10699.3 10704.3 10706.6 10706.4 10706.2 10705.6 10704.1 10703.8 10702.9 10703.5 10703.8 10705.1
10651 10649.4 10648.3 10647.3 10645.8 10644.9 10644.1 10643.3 10642.4 10641.9 10641.6 10641.5 10642.6 10643.2 10644.3 10646.2 10647.9 10645.9 10648.1 10649.9 10650.7 10647.6 10643.8 10639.9 10636 10632.1 10628.4 10624.9 10622.2 10621.8 10622.3 10622.2 10620.9 10619.5 10618.7 10618.6 10619.1 10620.1 10621.8 10624.4 10627.5 10631.1 10634.8 10638.5 10642.2 10645.9 10649.4 10648.4 10647.4 10647.9 10650.6 10658.8 10669.1 10678.4 10689.3 10699.7 10708.3 10713 10711.2 10711.3 10708.2 10703.3 10700.8 10699.9 10699.3 10698.6 10700
10651.8 10650 10648.2 10646.7 10645.4 10644.3 10643.4 10642.7 10642.9 10642.3 10641.9 10641.7 10642.1 10642.7 10644.2 10647.2 10653 10663.6 10658.7 10658.5 10658.9 10651.7 10646.3 10641.5 10636.7 10632 10627.6 10623.9 10621.2 10621.6 10623.2 10624.2 10621 10619 10617.8 10617.2 10617.2 10618.1 10620.1 10622.9 10626.3 10629.7 10633.6 10637.5 10641.2 10644.3 10646.8 10645.3 10645.3 10647.8 10652.7 10659.2 10666.4 10674.4 10686.6 10700.7 10714.2 10725.3 10728.3 10722.8 10713.1 10703.4 10698.2 10697.6 10696.9 10695.9 10695.3
10649.8 10648.7 10647.2 10645.9 10644.8 10643.9 10643.8 10643.1 10642.4 10642.4 10641.9 10641.4 10641.6 10641.6 10642.3 10644.4 10648.4 10653.2 10655.7 10654.8 10652.7 10650.6 10647.2 10642.6 10637.3 10631.9 10626.8 10623 10622.7 10623.1 10622.5 10620.9 10619.4 10617.6 10616.3 10615.4 10615.1 10615.7 10618 10621.1 10624.5 10628.5 10632.6 10636.6 10639.9 10642.1 10643.3 10638.6 10643.3 10648 10653.8 10659.6 10665.5 10672.4 10685.1 10700.9 10718.2 10737.4 10752.3 10734.5 10718 10704.6 10696.8 10696.6 10696 10695.1 10694.1
10647.2 10646.4 10645.7 10645.3 10644.4 10643.7 10643.5 10642.9 10642.3 10642.1 10641.4 10640.8 10640.1 10639.8 10639.3 10639.1 10639.2 10641 10646.8 10649.9 10648.8 10650.4 10648.4 10643.6 10637.8 10631.8 10626.3 10622 10623.8 10624.2 10621.5 10619 10617.2 10615.8 10614.5 10613.6 10613 10613.2 10616.2 10619.3 10623.1 10627.5 10631.9 10636.2 10639.7 10641.5 10640.2 10640.9 10643.9 10648.9 10654.4 10659.4 10664.4 10673.2 10684.1 10697.1 10715.2 10733.5 10743.1 10733.9 10719 10705.9 10696.4 10697.7 10697.2 10695.9 10694.3
10644.3 10644.3 10644 10643.9 10643.4 10642.8 10642.8 10642.2 10641.6 10641.6 10640.9 10640 10639.4 10638.1 10636.4 10634.4 10631.9 10633.4 10642.2 10650.3 10655.6 10656.1 10651 10644.5 10637.8 10631.6 10626.2 10622.9 10623.1 10622.8 10619.8 10616.6 10615.2 10613.9 10612.5 10611.5 10611.3 10613.1 10614.3 10617.3 10621.7 10626.6 10631.5 10636.2 10640.3 10643.6 10646.2 10643.1 10646.2 10650.5 10655 10658.6 10660.5 10662.4 10669.8 10688.1 10706.7 10722.4 10729.7 10726.3 10716.9 10707.3 10699.7 10701.8 10699.9 10698.2 10695.9
10642.1 10642.8 10642.9 10643.1 10642.9 10642.6 10642.6 10642.2 10641.7 10641.6 10640.8 10640 10639 10637.4 10635.2 10632.4 10628.7 10630.3 10640.7 10652.2 10664.1 10661.4 10652 10644 10637.1 10631 10625.7 10621.7 10620.8 10619.6 10617.9 10615.8 10614.3 10612.3 10610.5 10609 10608.2 10608.2 10610.7 10614.9 10620 10625.5 10630.8 10636.1 10640.8 10645 10647.9 10648.3 10649.7 10652.5 10655.6 10657.9 10657.1 10655.9 10661.8 10679.1 10697.4 10712.4 10719.7 10718.9 10713.7 10708.4 10704.5 10704.8 10703.8 10701.9 10700.2
10641.7 10642.2 10642.5 10642.6 10642.8 10642.7 10642.5 10642.6 10642.2 10642 10641.4 10640.5 10639.5 10637.8 10635.9 10633.6 10632.3 10634 10640.4 10648.9 10656.6 10654.7 10647.8 10641.2 10635.3 10629.9 10625.2 10621.4 10619.3 10617.6 10616.2 10615.7 10614 10610.7 10608.2 10606.4 10605.2 10604.4 10607.2 10612.4 10618.4 10624.6 10630.5 10636.2 10641.2 10645.1 10647.8 10649.9 10652 10654.1 10656.1 10657.1 10655.6 10654.6 10658.8 10672.3 10689 10704.6 10711.5 10711.9 10710.4 10708.7 10706 10708.9 10709.4 10707.4 10704.4
10642.3 10642.1 10641.9 10642 10642.2 10642.1 10642 10642 10641.8 10642.2 10642 10641.4 10640.4 10639.2 10637.6 10635.9 10635.4 10636.5 10639.3 10642.6 10643.5 10642.2 10640.2 10636.5 10632.4 10628.3 10624.7 10621.1 10617.9 10615.5 10613.4 10612.6 10611.1 10608.1 10606.1 10604.5 10603.1 10602.5 10605.2 10611 10617.6 10624.2 10631.3 10637.5 10642.6 10645.5 10647.2 10650.6 10653.5 10655.7 10656.8 10657 10655.4 10654 10655.8 10665.5 10678.9 10695.4 10701.1 10703.4 10706.2 10710.1 10714.4 10720.4 10716.7 10711.8 10707.7
10642.8 10642.2 10642.1 10642 10642.1 10642.3 10642.4 10642.4 10642.6 10642.5 10642.2 10641.9 10641.6 10640.9 10639.8 10638.2 10636.2 10636.8 10637.8 10637.8 10636 10634 10633.3 10631.6 10629.2 10626.5 10623.7 10620.3 10616.5 10612.2 10610.4 10608.2 10605.4 10605.6 10604.6 10603.4 10602.4 10602.3 10604.9 10610.5 10617.3 10624.8 10632.1 10639 10645.2 10649.6 10650.5 10653.8 10656.8 10657.6 10657.7 10657.2 10655.7 10654.1 10654.9 10658.5 10664.5 10671.8 10683.5 10692.6 10700.8 10709.8 10718.6 10723.8 10720.4 10714.5 10710.5
10642.4 10642 10641.9 10642 10642.2 10642.3 10642.6 10642.8 10642.9 10643.1 10643.3 10643.3 10643.5 10643.7 10643.4 10642.2 10640.1 10639 10637.8 10635.4 10631.9 10629 10628.3 10627.4 10626.2 10624.6 10623.1 10620.3 10617 10613.4 10611.2 10608.5 10606 10605.3 10604.4 10603.4 10602.8 10603.3 10605.9 10611.3 10618.2 10625.8 10633.2 10640.9 10648.3 10655.5 10655.2 10657.3 10660.9 10658.6 10658.1 10657.9 10656.4 10654 10652.2 10652.2 10652.2 10653.5 10668.3 10682.5 10695.3 10706.5 10716.5 10721.8 10721 10716.8 10713.2
10641.7 10641.5 10641.3 10641.3 10641.4 10641.6 10642.1 10642.4 10642.8 10643.1 10643.7 10644.5 10645.7 10646.7 10647.8 10647.8 10645.8 10643.1 10639.3 10634.9 10629.9 10626 10625.1 10624.7 10624 10622.7 10621.1 10619.8 10618.5 10617.7 10615.2 10611.3 10609 10606.7 10605.3 10604.3 10603.9 10604.4 10606.7 10612.4 10619.2 10626.8 10634.7 10642.3 10649.5 10654.6 10656.1 10656 10654.7 10657.1 10657.6 10657.7 10656.4 10654 10652.1 10649.7 10647.5 10649.8 10661.5 10675.7 10689.7 10701.8 10712.4 10720.2 10719.4 10717.7 10715.7
10641.2 10641.1 10640.9 10641 10641.1 10641.4 10641.7 10641.9 10642.4 10642.9 10643.9 10644.9 10646.6 10648.5 10651 10654 10654.3 10647.7 10641.3 10635.4 10629.6 10624.8 10623.6 10623.3 10622.9 10621.9 10620.3 10619.7 10619.2 10619.1 10616.8 10613 10610.3 10608.3 10606.6 10605.6 10605.3 10606 10608.3 10613.6 10620.1 10627.4 10635.3 10642.9 10649.7 10655 10655.8 10655.1 10655.9 10656.1 10656.8 10657.2 10656.3 10653.8 10651.2 10648.3 10646.4 10649.3 10659.4 10672.1 10685.3 10697 10706.5 10711.5 10716.2 10717.9 10717.3
10640.1 10640.7 10641 10641 10641.3 10641.5 10641.8 10642.3 10642 10642.9 10643.9 10644.8 10646.4 10648.5 10651.6 10655.8 10656.5 10649.1 10642.3 10636 10630.3 10625.4 10623.8 10623.2 10622.7 10622.4 10621.5 10620 10618.7 10617.2 10615.1 10613.3 10611.5 10609.6 10608.1 10607 10606.8 10607.7 10610.5 10614.5 10620.4 10627.6 10635.3 10642.8 10649.4 10653.5 10654.5 10653.9 10654.3 10654.9 10655.8 10656.4 10655.9 10653.2 10650.8 10648.5 10646.4 10649.5 10658.8 10669.1 10681.5 10692.8 10702.2 10708.6 10715.1 10719.2 10720.6
10639.1 10640 10640.5 10641.2 10641.5 10641.5 10641.7 10642.1 10642.6 10642.7 10643.5 10644.5 10645.7 10647.3 10649 10650.4 10650.1 10646.3 10641.3 10636.2 10631.6 10627.8 10625.5 10623.9 10622.6 10622.1 10622.3 10619.5 10617.9 10616.5 10615 10613.6 10612.3 10610.7 10609.6 10608.8 10608.4 10608.9 10610.4 10614.5 10620.4 10627.2 10634.7 10642.2 10649 10652.2 10652.7 10651.9 10652.1 10653.3 10654.5 10654.8 10653.8 10652 10650 10647.9 10646.6 10650.3 10658.2 10668 10679.5 10689.9 10700.5 10710.1 10716.1 10720.4 10724.3
10639.2 10640 10640.2 10640.3 10640.7 10640.8 10640.7 10641.1 10641.5 10641.9 10642.4 10643.1 10643.8 10644.6 10644.8 10643.7 10643.2 10642.1 10639.3 10635.8 10632.6 10629.9 10627.5 10624.9 10622.3 10619.3 10617.6 10617.6 10617 10616.3 10615.6 10613.9 10612.2 10611.3 10611.1 10610.6 10610.3 10610.2 10610.9 10614.2 10620.2 10626.5 10632.8 10640.1 10648.1 10650.8 10650 10649.9 10650.9 10652.8 10654.1 10653.7 10652.3 10650.8 10649 10647.9 10648.4 10652.2 10658.3 10666.9 10676.5 10687.5 10698.3 10709.5 10715.2 10720.3 10725.3
10640 10640.2 10640.2 10640.2 10640.2 10640.3 10640.5 10640.6 10640.7 10640.8 10640.9 10641.2 10641.4 10641.6 10641.5 10640.7 10639.8 10638.8 10637 10634.9 10632.7 10631.3 10629.2 10626 10622.9 10619.2 10617 10616.8 10616.1 10615.3 10614.8 10613.8 10613.5 10613.6 10613 10612.6 10612.4 10612.2 10612.1 10615 10620.6 10625.2 10629.7 10634.7 10642 10642.7 10644.3 10647.4 10652 10654.9 10654.6 10653.4 10651.6 10650.1 10648.8 10648 10650.1 10653.4 10658.8 10665.8 10674.2 10683.7 10693.7 10704 10710.2 10715.8 10724.4
10640.9 10640.8 10640.5 10640.3 10640.1 10640 10639.8 10639.7 10639.5 10639.4 10639.3 10639.2 10638.9 10638.6 10638.5 10638.8 10637.4 10636 10634.7 10633.4 10631.9 10630.8 10629.1 10626.6 10624.3 10622.4 10619.8 10617.3 10615.4 10613.8 10613.1 10612.4 10613.4 10614.8 10614.4 10614.4 10614.7 10615.6 10617.5 10620.4 10622.4 10624.7 10626.2 10626.6 10625.2 10628.2 10637.1 10644.4 10651.4 10655.5 10655 10653.3 10651 10649.8 10649.2 10649.4 10651 10653.7 10658.5 10664.3 10671.2 10679.5 10687.9 10696.7 10702.3 10709.6 10719.2
10641.7 10641.2 10640.7 10640.1 10639.9 10639.4 10639.1 10638.7 10638.5 10638.1 10637.6 10637 10636.3 10635.4 10634.4 10633.7 10633.5 10633 10632.3 10631.5 10630.6 10629.3 10627.8 10626.7 10625.4 10623.3 10621 10618 10615 10612 10609.2 10609.4 10612 10614.2 10615.1 10616 10617.1 10618.7 10620.8 10622.8 10624.6 10625.7 10625.1 10622.5 10617 10622.4 10633.3 10642.5 10650.2 10655.3 10654.9 10653.5 10651.9 10650.7 10649.8 10648.7 10649.3 10652.9 10657.4 10662.3 10667.8 10674 10680.9 10688 10693.9 10701.1 10711.3
10642.4 10641.8 10641.1 10640.4 10639.8 10639 10638.5 10637.8 10637.5 10636.7 10635.9 10634.9 10633.8 10632.4 10630.3 10628.6 10629.6 10630.1 10629.9 10629.6 10629.2 10628.3 10627.6 10626.8 10626.2 10625.9 10622.3 10618.6 10615.2 10611.7 10607.9 10608.7 10611.6 10613.9 10615.7 10617.2 10618.8 10621 10623.7 10626.4 10627.2 10627.7 10627.6 10626.2 10622.2 10626.7 10634.6 10642.2 10648.9 10653.3 10653.9 10653 10652.3 10651.4 10650.2 10649.3 10649.2 10652 10655.5 10659.4 10663.5 10668.4 10673.1 10678.5 10683.6 10692.2 10702.9
10643.1 10642.4 10641.7 10640.8 10640 10639 10638.2 10637.2 10636.4 10635.4 10634.2 10633 10632 10630.5 10628.4 10626.9 10627.6 10628.2 10628.3 10628.2 10628 10627.4 10626.7 10626.3 10625.9 10624.8 10622.2 10619 10615.8 10613.1 10611.8 10611.8 10612.7 10614.6 10616.6 10618.5 10620.6 10622.6 10625.4 10628.8 10629.5 10630.5 10631.9 10634.5 10639.3 10635.8 10638.3 10642.9 10647.9 10651.9 10652.3 10651.5 10650.6 10649.9 10649.9 10650.6 10651.3 10651.8 10654 10656.7 10659.4 10662.9 10666 10669.9 10676.3 10684.3 10695.9
10643.8 10642.9 10642.1 10641.1 10640.2 10639.2 10638 10636.4 10635.2 10634 10632.7 10631.6 10630.4 10629.3 10628.6 10627.7 10626.9 10627.1 10627.1 10627 10626.8 10626.5 10626.1 10625.8 10625.3 10623.9 10621.9 10619.2 10616.5 10614.2 10612.8 10612.5 10613.8 10615.5 10617.5 10619.4 10621.2 10623.4 10625.8 10627.8 10630.2 10632.3 10634.8 10637.8 10640.1 10640 10641 10643.6 10646.7 10649.7 10650 10649.5 10648.4 10647.2 10649 10649.8 10650.9 10651 10652 10653.6 10655 10657.3 10659.4 10661.9 10665.9 10675.9 10690.8
10644.4 10643.5 10642.4 10641.3 10639.7 10638.5 10637.1 10636 10634.5 10633.2 10631.7 10630.3 10629 10628.1 10627.8 10627.2 10626 10626 10625.9 10625.9 10625.8 10625.7 10625.7 10625.5 10625.2 10624.2 10621.8 10619.3 10616.9 10615 10613.8 10613.7 10614.9 10616.9 10618.5 10619.8 10621.5 10623.3 10625.3 10627.8 10630.2 10632.9 10636.2 10638.1 10638.4 10640.7 10641.8 10643.4 10645 10645.6 10647.1 10648.5 10648.6 10648.5 10649.4 10650.1 10650.1 10649.5 10649.7 10650.4 10651.5 10652.8 10654.2 10655.9 10659.2 10670.3 10687.7
10644.8 10643.9 10642.7 10641.4 10639.8 10638.4 10636.8 10635.4 10633.9 10632.4 10630.7 10629.2 10627.7 10626.3 10624.9 10624.6 10624.4 10624.7 10624.7 10624.7 10624.8 10624.8 10625 10625 10624.6 10623.5 10621.6 10619.3 10617.1 10615.4 10614.5 10614.8 10615.3 10616.9 10618.5 10619.7 10621.4 10622.9 10624.4 10625.6 10628.4 10632.1 10636.6 10641.8 10642.9 10641.3 10641.5 10642.8 10644.1 10644.9 10646.9 10649.4 10650.6 10651.2 10650.5 10648.8 10648 10647.4 10647.3 10647.7 10648.3 10649.2 10650.5 10652.7 10657.4 10668.2 10685.9
10645.7 10644.6 10643.3 10641.8 10640.3 10638.6 10637.1 10635.4 10633.5 10631.7 10630.1 10628.3 10626.5 10624.6 10622.6 10622.5 10622.9 10623.5 10623.7 10623.8 10623.8 10623.8 10623.9 10624 10624.3 10623.4 10621.3 10619.1 10617 10615.3 10614.2 10613.8 10614.5 10616.1 10617.8 10619.6 10621.2 10622.6 10623.8 10625 10627.1 10629.9 10633.7 10638.7 10639.4 10638.7 10639.9 10641.9 10644.3 10647.3 10650 10651.6 10652.9 10653.3 10651.9 10649.2 10645.8 10645.7 10645.5 10645.6 10646.1 10646.9 10648.1 10650.6 10655.4 10665.5 10683.9
10646.9 10645.5 10644 10642.3 10640.5 10638.8 10636.9 10635.1 10633.4 10631.5 10629.6 10627.6 10625.6 10623.6 10622.1 10621.7 10622 10622.6 10622.8 10622.9 10622.9 10622.8 10622.6 10622.9 10624.5 10623.2 10620.7 10618.6 10616.7 10615 10613.6 10612.8 10613.6 10615.6 10618.1 10619.6 10621.6 10623 10623.9 10624.6 10625.6 10627 10627.4 10627.3 10629.6 10633.2 10636.7 10640.2 10644.2 10648 10651.1 10653.6 10655.2 10656 10653.4 10648.8 10646.1 10645.3 10644.8 10644.5 10644.6 10645.1 10646.6 10649.2 10653.9 10663.1 10680.5
10647.7 10645.9 10644 10642.1 10640.3 10638.4 10636.7 10634.9 10632.9 10631.1 10629.1 10627.2 10625.1 10623.3 10622 10621.6 10621.6 10622.2 10622.4 10622.4 10622.3 10622.1 10621.9 10622.2 10622.8 10621.4 10619.5 10617.9 10616.4 10615 10613.5 10612.3 10613.3 10615.3 10616.4 10620.3 10622.7 10623.9 10624.4 10624.5 10624.6 10623.5 10621.8 10620.6 10622.8 10627.9 10633.2 10638.2 10643.2 10648.3 10653.1 10654.6 10656.2 10657 10654 10648.9 10646.9 10645.6 10644.4 10643.9 10643.9 10644.2 10645.7 10648.3 10653.3 10662.7 10676.5
10648.6 10646.6 10644.7 10642.7 10640.8 10638.8 10636.8 10635 10633.5 10631.3 10629.1 10627 10625 10623 10621.9 10621.5 10621.9 10622.1 10622.2 10622.1 10621.9 10621.5 10620.7 10619.2 10619.6 10618 10617.7 10617.2 10616.5 10615.7 10614.8 10614 10615.5 10618.2 10620.5 10623.4 10625.2 10625.6 10625.1 10623.9 10621.9 10620.1 10617.6 10616.6 10618.7 10624 10629.8 10635.6 10641.2 10646.3 10650.6 10653 10655.4 10656.9 10654.2 10648.1 10645.8 10644.2 10643.2 10642.6 10642.7 10643 10644.5 10647.1 10651.1 10657.4 10668.6
10648.4 10646.2 10644.1 10642.2 10640.5 10638.7 10637 10635.1 10633.1 10631 10629 10627 10625 10623.1 10621.8 10621.7 10622 10622.1 10622 10621.9 10621.6 10621.2 10620.3 10617.4 10608.7 10614.8 10616.5 10616.9 10616.9 10617.1 10617.3 10618.1 10620.3 10623.5 10626.9 10628.7 10629.3 10628.5 10626.7 10624.1 10621.1 10617.8 10614.1 10612.4 10615.5 10621.2 10627.5 10633.6 10639.2 10643.8 10645.5 10650.3 10652.6 10654.2 10652.8 10646.4 10643.4 10642.6 10641.3 10640.7 10641.1 10641.4 10643.3 10645.7 10648.8 10654.9 10661.7
10647.8 10645.5 10643.4 10641.7 10639.7 10637.8 10635.8 10634.1 10632.4 10630.7 10628.9 10627.2 10625.5 10623.5 10622.4 10622.4 10622.8 10622.8 10622.7 10622.5 10622.2 10621.7 10621.2 10620.6 10620.8 10617.4 10617 10617.3 10618 10618.7 10620 10622.1 10625.4 10629.6 10633 10635.1 10634.4 10632 10628.9 10625.2 10620.9 10617.1 10612.1 10609 10613.7 10619.4 10625.6 10631.7 10637.7 10643.1 10648.3 10648.8 10647.6 10646.1 10643.6 10638.3 10636.4 10635.6 10637.8 10638 10638.1 10639.5 10641.8 10644.2 10646.6 10649.6 10655.6
