real_craters/C110-500m.grd
DSAA
140 140
-34.8425 34.8425
-34.8425 34.8425
9821.2217845954 11155.470601983
[rows 0 to 29 of 140, columns 0 to 66 of 140]
10556.4 10562.2 10563.7 10566 10568.9 10577.8 10600.3 10626.7 10648.9 10655 10657.5 10660.6 10663.3 10663.4 10656.6 10632.6 10613.1 10604 10602.7 10600.3 10597.7 10595.8 10594.6 10593.9 10595.6 10599.9 10605.5 10612.1 10618.7 10625 10629.3 10628 10620.4 10611.1 10606.7 10607.4 10608.6 10604.2 10602.4 10602 10602.2 10601.3 10591.1 10588.8 10586.6 10583.7 10580.8 10577.9 10575.6 10574.9 10576.5 10579.1 10579.9 10580.2 10580.5 10580.9 10581.6 10584.2 10587.5 10589.7 10590.4 10588.5 10587.8 10593.5 10595.3 10595.2 10594.7
10557.2 10566.1 10569.2 10568.9 10569 10574 10589 10605.8 10618.1 10630.8 10643.1 10655.7 10665.4 10671.7 10671.8 10648.6 10621.5 10608.9 10608.1 10604.3 10600.6 10597.6 10595 10593.5 10595.5 10598.6 10604.6 10611 10617.3 10623.4 10628.4 10628.2 10613.1 10601.8 10601.2 10602.2 10602.3 10600.2 10600.5 10601.7 10604 10610.6 10617.1 10598.1 10590 10585.4 10582 10578.9 10576.4 10575.1 10577.9 10579.2 10581.8 10582.3 10582.7 10584.1 10586.1 10589.8 10592.2 10595.2 10598.1 10599.4 10597.4 10600.7 10600.1 10597.5 10595.4
10556.8 10566.7 10570.2 10567.1 10566.1 10569.6 10579.2 10588.7 10595.4 10610 10629.2 10647.9 10663.4 10674.5 10676.2 10654.4 10633.3 10619.4 10613.9 10607.9 10603.7 10600.7 10597.6 10595.1 10596.9 10599.8 10604.1 10609.8 10615.5 10620.5 10623.5 10620.8 10609.7 10599.1 10597.6 10595.6 10592.6 10594.7 10597.6 10599.2 10600.3 10600.4 10596.2 10595.5 10590.5 10586.4 10583.3 10580.7 10578.5 10578 10580.7 10585 10584.7 10584.3 10584.5 10585.8 10589.1 10592 10596.7 10600.1 10604.8 10615.6 10622.8 10613.9 10604.3 10600.2 10598.8
10554 10559.1 10563.9 10564.6 10565 10568.8 10573.6 10579 10586.6 10600.1 10618.8 10639.5 10658.9 10674.7 10677.9 10663.2 10650.5 10638.2 10621.5 10612.5 10609 10605.4 10601.9 10599.8 10595.1 10598.1 10603.4 10608.5 10613.2 10616.9 10618.2 10615.2 10608.4 10602.9 10597.8 10595 10593.1 10594.2 10596.3 10596.4 10595.1 10592.9 10592.5 10591.4 10589.5 10587.1 10584.7 10582.6 10581.7 10582.3 10583.4 10585.3 10586.4 10586.1 10585.7 10586.1 10590.4 10597.7 10602 10602.5 10603.7 10606.2 10608.4 10604.6 10603.1 10601.3 10599.9
10551.8 10557 10564.8 10565.9 10565.1 10568.2 10570.3 10573.7 10579.2 10589.8 10610 10631.3 10652.3 10670.8 10683.3 10669.2 10663.3 10658.6 10639.3 10625.2 10617.8 10612.1 10607.1 10602.2 10599.8 10599.9 10603.2 10607 10610.7 10613.4 10615.6 10612.8 10606.7 10601.3 10598.1 10596.8 10597.7 10599.4 10597.7 10595.2 10592.3 10588.7 10589.8 10589.4 10588.9 10587.8 10586.4 10584.9 10582.2 10582.8 10585.9 10588.4 10589 10588.5 10587.9 10587.6 10594.3 10608.8 10605.9 10602.3 10599.3 10595.1 10595.8 10598.1 10600.8 10602.4 10603.3
10549.8 10555.1 10564 10571.5 10573.9 10569.1 10569.6 10571.6 10574.3 10583.2 10603.5 10625.6 10644.9 10660 10663.6 10657.4 10666.7 10670.3 10655.8 10637.6 10627.6 10620.6 10613.7 10606.8 10601.9 10602.1 10604.2 10606.8 10608.9 10610 10609.1 10607.9 10604.6 10600.5 10598.4 10597.3 10599.4 10604 10598 10594.8 10591.8 10587.4 10586.1 10588.6 10589.1 10588.9 10588.5 10588.7 10589.2 10588.4 10589.2 10590 10590.3 10591.3 10591.9 10592.6 10596.6 10601.3 10602.4 10600.6 10597.4 10594.1 10594.7 10597.4 10601.9 10605.1 10607.3
10547.1 10551.8 10574.4 10574.2 10576.5 10574.1 10573.3 10573.1 10575 10582.5 10601.4 10622.6 10641.6 10652.6 10651.6 10649.2 10665.1 10679.8 10664.6 10644.9 10638.2 10629.9 10621.3 10612.6 10607.3 10604.9 10606.2 10607.9 10608.9 10608.3 10606.1 10605.5 10604.2 10602.4 10600.7 10599 10597.6 10594 10594.9 10594.1 10593.1 10592.9 10590.8 10590.2 10590.3 10590.2 10590.4 10591.4 10594.6 10594.1 10592.6 10592.6 10593.6 10594.7 10596.5 10599.8 10600.1 10598.8 10599.7 10599.8 10598.3 10597.2 10599.4 10602.8 10607 10609.5 10611.2
10547.1 10549.8 10560 10569.3 10573.4 10575.5 10577 10576.2 10577.6 10584.7 10601.9 10623.2 10643.9 10658.9 10656.3 10644.8 10662.5 10677.1 10673.5 10662.1 10651.7 10641.3 10630.5 10620.2 10609.2 10608.8 10610 10610.7 10610.7 10609.6 10608.1 10606.6 10605.3 10604.1 10602.3 10600.9 10599.5 10594.7 10594.6 10594.8 10595.3 10594.9 10594.6 10593 10592.3 10592 10591.7 10591.2 10589.8 10593 10594.8 10595.8 10596.9 10598.1 10599.6 10600.9 10602 10602.5 10602.7 10601.4 10600.7 10602.2 10605.9 10612.2 10614.5 10615.2 10616.3
10549.8 10549.8 10556.7 10565.7 10570.8 10577.7 10581.1 10578.4 10578.8 10585.3 10601 10624.1 10648.3 10666.9 10668.2 10659.8 10669.9 10683.1 10684.9 10676.9 10666.4 10653.1 10639.9 10628.4 10618.5 10616 10615.2 10615 10614.4 10613.1 10611 10609.5 10607.8 10605.7 10604 10602.8 10601.2 10597.2 10595.7 10595.1 10595.7 10598.3 10595.1 10593.9 10593.2 10593.1 10593.2 10593.1 10593.2 10595.3 10597.8 10599.3 10599.8 10601.5 10602.1 10602.5 10603.8 10605.2 10605.3 10604.2 10602.4 10602.3 10610.6 10617.5 10620.4 10620.9 10621.9
10556.2 10555 10558.8 10566.8 10575.8 10579.7 10580.3 10577.4 10576.2 10579.4 10596.1 10622 10652.2 10678.7 10679.7 10676.9 10678.9 10687.5 10692.2 10689.2 10677.8 10662.4 10647.2 10633.9 10625.4 10622.6 10621.1 10620.2 10619.4 10618.5 10616.5 10613.9 10611.5 10609.2 10606.9 10605.3 10602.6 10599.6 10596.6 10594.6 10592.4 10590.2 10592.3 10593.3 10593.7 10594.3 10595.1 10595.6 10597 10599.2 10601.8 10604.4 10606.4 10605.8 10604.5 10605.4 10605.1 10606.8 10608 10608.2 10608.7 10610.5 10616 10622.3 10625.6 10625.6 10625.4
10560.4 10560.9 10563.9 10568.5 10572.3 10575.1 10577.8 10574.7 10572.3 10573.7 10588.2 10614.7 10645.8 10681.4 10679 10671.7 10674.1 10683.7 10691.1 10692.6 10684.2 10668.3 10652 10638.2 10628.8 10627.7 10627.1 10625.6 10624.3 10623.7 10622.2 10618.2 10615.5 10613.5 10611.9 10608.5 10605.9 10601.2 10597.7 10595.3 10592.2 10590.9 10591.5 10593 10594.1 10595.5 10597.1 10599 10600.2 10602.7 10605.7 10609.3 10613.6 10610.2 10605.6 10603.3 10605.7 10608.4 10611.1 10611.6 10614.2 10617.9 10621 10625.8 10628.9 10629.3 10630.4
10568.3 10570.1 10570.3 10570.7 10571.5 10572.7 10573.5 10572.2 10569.6 10568.4 10579.7 10603.6 10628.1 10643.9 10657.8 10659.8 10664.3 10673.1 10680.8 10693 10686.3 10669.6 10655 10643.5 10638.9 10637.4 10633.7 10630.7 10628.1 10625.7 10623.5 10621.1 10618.9 10616.9 10614.6 10611.1 10606.2 10602.6 10601.5 10597.5 10593.6 10591.8 10591.5 10592.3 10594.3 10596 10598.6 10602.5 10604.9 10605.7 10607.8 10611.1 10614.3 10611.5 10606.9 10605.2 10607.2 10609.1 10610 10613.7 10616.8 10620.1 10623.8 10626.3 10628.1 10631.2 10634.4
10567 10572 10572.9 10572.8 10572.8 10573 10573.8 10572.3 10570.3 10569.7 10576.9 10593.7 10613.7 10635.6 10642.4 10649.8 10657.7 10667.2 10671.8 10681.5 10677.7 10666.2 10655.5 10646.4 10643.7 10642.4 10638.9 10634.7 10630.5 10626.2 10624.3 10623.3 10621.6 10620 10618.9 10614.4 10610.3 10607.7 10606 10599.9 10594.8 10592.3 10591.8 10592.4 10594 10595.4 10597.6 10601.6 10604.3 10605.2 10607.4 10609.9 10611.5 10611.2 10609.1 10608.8 10610.6 10612.3 10614.5 10618.5 10622 10625 10627.3 10628.3 10627.9 10633.1 10635.3
10570.1 10571.2 10573.9 10575 10575.1 10574.5 10575.4 10575 10573.8 10573.9 10577.8 10585.6 10593.4 10605.5 10627.5 10644.7 10659.9 10670.9 10678.4 10673 10664.4 10661 10655 10649.8 10646.5 10646.7 10642.6 10638.2 10633.5 10628.7 10626.6 10625.9 10624.8 10622.8 10619.5 10618 10617 10615.5 10608.2 10601.8 10594.6 10593.3 10592.5 10592.3 10593.6 10594.1 10594.8 10595.5 10598.7 10602.7 10605.8 10608.2 10610 10611.8 10613.3 10614.4 10615.4 10616.8 10619.8 10623.5 10629.4 10630.8 10631.9 10633.8 10637.6 10637.7 10637.9
10573.7 10575.2 10576.5 10578 10579.1 10580.2 10580.4 10579.9 10578.6 10579.2 10582.1 10582.8 10583.8 10594.5 10618.5 10641.4 10662.1 10673.2 10682.6 10672.6 10661.8 10660.4 10655.8 10649.1 10647.7 10647.9 10644.9 10641.2 10637.5 10635.3 10631.4 10629.6 10628.3 10626.9 10625.2 10623.3 10620.6 10617 10610.2 10603.9 10598.9 10595 10593.5 10593.4 10593.3 10593.3 10592.7 10592 10595.8 10600.6 10604.4 10607.1 10608.9 10613 10622.4 10621.9 10620.3 10620.5 10621.2 10625.3 10632.6 10633.5 10635.3 10637.8 10640.7 10641.1 10641.6
10575.3 10577.8 10579.8 10581.3 10582.8 10584.7 10584.9 10584.1 10582 10582.3 10585.7 10583.6 10585.5 10596.4 10616.7 10638 10653.8 10669.5 10677.2 10674.5 10666.9 10669.4 10661.3 10653.4 10649.2 10647.9 10646.3 10643.7 10640.6 10637 10635 10633 10631.7 10630.8 10630.8 10628 10621.9 10614.9 10610.2 10604.8 10599.5 10596.1 10594.7 10594.2 10594.1 10593.9 10593.7 10594.4 10596.9 10600.9 10604.6 10607.7 10609.9 10612.6 10618.1 10622 10623.2 10624.3 10625.7 10627.3 10628.4 10633.9 10637 10639.5 10641.1 10643.1 10644.3
10576 10581.6 10583.1 10583.8 10584.6 10585.1 10585.1 10583.8 10582.7 10581.6 10581.3 10583.3 10588.7 10599.8 10617.4 10638.2 10658.2 10666.8 10666.4 10679.6 10704.1 10685.8 10665.7 10654.6 10651.3 10649.9 10649.2 10646.7 10643.7 10641.1 10638 10635.7 10634 10632.7 10631.7 10628.6 10622.3 10616.1 10611.4 10605.6 10599.5 10597.4 10596.1 10595.6 10595.3 10595.2 10595.8 10597.6 10599.4 10602.5 10606.3 10609.9 10613.6 10618.1 10618.1 10622.2 10625.6 10627.9 10630 10632.4 10635 10635.9 10638.2 10640.9 10644.1 10645.6 10646.2
10582.4 10586.4 10585.7 10585.6 10585.6 10584.8 10585 10585.2 10581.8 10580.1 10580.5 10582.2 10588.4 10598.8 10614.4 10634.9 10659.2 10664.9 10663 10677.3 10693.6 10683.6 10664.8 10654.7 10653.9 10654.6 10653.2 10650.4 10646.5 10642.9 10640.3 10637.8 10635.1 10632.6 10630.2 10626.4 10621.4 10617.3 10613.5 10607 10602.7 10598.7 10597.5 10597 10596.8 10597.1 10598.1 10599.1 10601.8 10605 10608.7 10612.5 10616.8 10620.8 10622 10625.4 10628.5 10631.5 10634.5 10636.7 10637.3 10637.4 10639.2 10641.4 10643.3 10645.2 10646.4
10585.1 10586.5 10586.5 10586.5 10586.5 10586.9 10585.2 10580 10579.3 10578.6 10578.1 10580.1 10585.5 10594.6 10606.7 10621.2 10637.2 10647 10658.8 10673.5 10676.8 10676 10662.9 10657.1 10658.4 10657.9 10658.1 10655.3 10650.4 10645.9 10643.3 10639.9 10636.2 10632.2 10628 10624.3 10618.8 10614.5 10610.6 10605 10600.2 10599.5 10598.8 10599 10599.1 10599.3 10599.7 10601.4 10604.2 10607.3 10610.7 10614.3 10618.1 10622.9 10628.3 10629.2 10631.9 10634.8 10637.4 10638.2 10635.7 10637.4 10639.6 10641.5 10643.2 10644.9 10647.3
10585.7 10584.7 10586.2 10586.4 10586.1 10585.1 10582 10578.2 10578.1 10578.6 10578.8 10579.7 10583.1 10589.5 10597 10604 10609.2 10621.1 10643.2 10664 10684.1 10682.9 10665.8 10664.3 10665.6 10668.2 10666 10660.8 10655.6 10651.2 10647 10642.8 10638 10632.4 10625.6 10618.5 10616.3 10614.8 10612.6 10605.9 10600.8 10600.5 10601.2 10601.4 10602.4 10602.9 10602.3 10603.5 10607.6 10610.9 10614.1 10616.8 10619.5 10622 10626.6 10631.1 10634.4 10637.2 10638.8 10636.4 10635 10638.2 10640.9 10643 10644.4 10646 10649.7
10587.7 10587.4 10587.1 10586.4 10585.3 10583.4 10581.1 10579.2 10579.7 10580.8 10582.1 10582.9 10582.4 10585.7 10589 10591 10591.5 10601.1 10628.7 10655.9 10668.5 10677.7 10692 10676.4 10671.4 10670.7 10668.1 10664.2 10660.9 10655.8 10650.8 10645.6 10639.9 10633.9 10626.6 10618.5 10617.3 10616.4 10612.4 10604.9 10602.5 10603.5 10604.7 10606.1 10606.7 10608 10610.6 10611.6 10613 10615.4 10618.2 10620.5 10623 10625.2 10627.9 10633.2 10636.8 10639.3 10641 10641.7 10639.3 10641.2 10644.1 10646.6 10649 10652.1 10655.5
10588.6 10589.6 10588 10586.9 10585.5 10583.8 10582.5 10582.6 10583 10583.5 10585 10585.4 10584.6 10584.1 10584.4 10584.5 10584.6 10592.1 10613.3 10633.9 10646.4 10658.9 10674 10674.9 10671.1 10667.3 10664.3 10664.7 10663.7 10659.5 10653.8 10648.5 10643.4 10637.8 10632 10626.3 10623.4 10621 10616.6 10609.7 10607.1 10607.8 10609.2 10610 10611.6 10613.2 10616.2 10617.2 10618.3 10620.2 10622 10624.4 10627.1 10631.4 10634.6 10638.2 10640.5 10642.2 10643.9 10644.6 10643.4 10645.1 10647.9 10650.9 10654 10657.4 10661.7
10590.7 10588.9 10588.3 10587.3 10586.7 10585.3 10584 10584.2 10584.8 10585.6 10585.8 10585.9 10585.6 10583.6 10582.8 10583 10584.6 10589.5 10600.9 10611.7 10628.1 10644.7 10657.4 10666.8 10668.6 10667 10665.8 10666.8 10666 10661.5 10656.5 10651.6 10646.7 10642.7 10639.4 10637.9 10634 10627.1 10621.2 10615.9 10614 10614.1 10614.5 10614.8 10616 10616.9 10617.9 10620.4 10622.9 10624.9 10627.2 10629.3 10631 10633.7 10644.5 10644 10644.3 10644.8 10645.5 10646.9 10646.7 10649.3 10652.5 10655.9 10659.2 10662.2 10661.4
10592.4 10588.9 10588.8 10588.6 10588.2 10587.9 10588.5 10589.2 10589.4 10587.4 10585.4 10584.4 10582.9 10582.5 10582.6 10584 10587.7 10594 10594.9 10598.3 10617 10640 10656.3 10664.5 10668.4 10669.9 10670.8 10669.7 10667.5 10663 10658.7 10654.6 10650.6 10647 10644.6 10643.8 10639 10631.5 10626.4 10620.1 10619.9 10619.7 10620 10621 10620.8 10621.9 10619 10625 10627.7 10630 10632.6 10635.2 10637 10638.3 10645.7 10647.5 10647.5 10646.8 10645.5 10645.1 10650 10653.3 10656.7 10660.3 10663.5 10664.5 10660.3
10594.3 10592.3 10591.5 10591.2 10590.8 10590.7 10591.2 10592.1 10591.7 10588.6 10584.7 10582.3 10581.5 10582.1 10582.8 10584.6 10587.8 10591.4 10589.3 10588.6 10609.1 10644 10657.5 10663.6 10668.4 10672 10676.1 10670.4 10666.6 10663.1 10659.4 10655.6 10652 10648.4 10645.6 10641.7 10637 10632.8 10628.6 10630.1 10626 10625.2 10625.3 10625.1 10626.1 10628.6 10634.3 10631.8 10633.3 10635.8 10638.9 10642.1 10645.7 10649.1 10649.6 10650.9 10650.6 10649.7 10648.8 10649.9 10655.3 10658 10661.7 10665.9 10669.9 10671.8 10669.1
10604.2 10597.7 10595.4 10594 10592.9 10592.4 10592.6 10593.5 10594.2 10589.4 10584.9 10580.8 10581.6 10583 10584.5 10585.6 10586.5 10586.3 10585.8 10587.2 10603 10629.5 10650.8 10661.9 10667 10669.8 10668.1 10666.6 10664.5 10662.4 10659.3 10656 10652.6 10649.4 10646.2 10642.7 10639.1 10634.5 10630.2 10628.2 10628.4 10628.8 10629.8 10629.6 10630.2 10630.5 10631.1 10635.2 10638.2 10641 10644.2 10647.7 10652 10656.1 10656.9 10655.3 10654.1 10653.1 10653.1 10655.6 10658.1 10661.2 10666.2 10672.3 10678.9 10686 10694.3
10608.7 10603.1 10598.7 10596.1 10594.5 10593.2 10592.1 10591.4 10590 10589.5 10586.8 10583.5 10583 10584.9 10586 10586.8 10586.8 10587 10587.7 10591.4 10602.1 10622.7 10650.8 10660 10664.7 10666.8 10669.2 10668.4 10665.1 10661.9 10658.6 10655.3 10652.1 10648.7 10646.1 10643.5 10639.9 10637.1 10634.4 10630.9 10631.2 10632.5 10634.1 10634.2 10634.9 10634.6 10635.8 10639.4 10642.5 10645.6 10648.6 10651.9 10655.1 10657.5 10658.5 10658.1 10657.1 10656.1 10654.8 10654.9 10657.2 10662.6 10670 10678.9 10688.2 10698.2 10715.7
10600.5 10600.4 10598.9 10597.6 10596.1 10594.6 10591.9 10590.5 10594.9 10592 10590.5 10588.7 10587.2 10588.5 10589 10588.9 10588.9 10589.6 10591 10594.4 10600.2 10609.8 10645.5 10655.6 10660.3 10662.7 10663.9 10666.5 10664.7 10661.5 10658.5 10655.6 10652.5 10649.5 10646.5 10644.1 10642.8 10639.3 10637 10633.5 10633.5 10635.7 10638 10639.2 10641.6 10641.9 10642.6 10645.5 10647.6 10649.7 10652 10655 10657.7 10659.6 10660.7 10660.2 10659.5 10659.3 10659.6 10657.8 10657.4 10664 10674.2 10686.3 10698.3 10710.9 10725.5
10601.2 10601 10600.3 10598.6 10597.8 10597.2 10597.7 10599.8 10595.4 10594.1 10593 10594.2 10594.3 10593.3 10592.8 10592.1 10591.4 10591.6 10592.7 10593.8 10593 10595.5 10635.3 10649.1 10654.8 10658 10659.1 10658.5 10661.1 10661.1 10659.9 10657.5 10654.2 10650.5 10646.9 10643.5 10640.4 10640.4 10639.6 10640 10639.8 10640.1 10641.9 10643.7 10648 10656.3 10655.2 10651.5 10651.4 10652.7 10654.9 10657.4 10661.9 10662.3 10660.9 10661 10661.2 10661.7 10662.7 10660.1 10658.1 10666.7 10680.1 10694.1 10707.9 10720.6 10729
10602 10600.2 10598.2 10599.2 10599 10598.9 10599.4 10599.4 10597.8 10596.6 10595.6 10595.6 10597.9 10597.6 10596.4 10594.8 10593.2 10592.3 10592.6 10593.5 10592.9 10597.1 10633.8 10642.4 10649.8 10655.7 10658.3 10659.3 10660.3 10661.1 10659.8 10656.8 10653.8 10649.4 10646.3 10642.9 10640.3 10642.6 10647.9 10644.8 10643.1 10644.1 10644.8 10646.3 10648.8 10651.4 10654.2 10653.5 10653.6 10654.6 10656.5 10658.4 10659.1 10661.8 10663.3 10664.1 10663.2 10663.6 10665.7 10663.5 10664.5 10673.3 10688.8 10703.9 10717.4 10728.1 10728.4
