real_craters/C110-500m.grd
DSAA
140 140
-34.8425 34.8425
-34.8425 34.8425
9821.2217845954 11155.470601983
[rows 90 to 119 of 140, columns 67 to 133 of 140]
11061.8 11105.8 11099.4 11098.3 11035.8 11010.3 11000.4 10991.7 10998.3 10993.2 10970.7 10955.2 10950 10936.4 10920.5 10906.9 10893.6 10882.5 10873.3 10852.7 10816.3 10774.6 10770.7 10825.6 10793.2 10773.9 10768.7 10764.9 10760 10753.5 10746 10735.5 10727.4 10718.3 10708.6 10699 10691.3 10684.9 10671.6 10661.3 10653 10645.8 10642.1 10630.7 10613.8 10601.4 10591.3 10582.2 10573.5 10566.5 10557.9 10549.7 10542 10535.1 10528.7 10524.5 10524 10523.2 10521.5 10519.1 10516.4 10513.5 10510.8 10507.4 10504.3 10504.6 10504.3
11067.4 11064.8 11080.1 11073.5 11047.9 11016.8 10992.3 10972.9 10969.2 10963.7 10949.6 10939.8 10933.4 10922.9 10910.8 10898.2 10886.2 10882.8 10863 10842.1 10795.2 10715.8 10581.6 10598.7 10705.1 10748.3 10760.7 10763.1 10761.7 10759.8 10752 10742.5 10733.2 10725.2 10715.8 10704.5 10692 10681.6 10673.7 10664.5 10655 10646.2 10640.3 10630.4 10615.7 10603.9 10593.9 10584.9 10576.9 10569.8 10560.4 10553.5 10546.9 10541.9 10534.9 10531.5 10528.7 10526.1 10523.2 10520.6 10517.9 10515.3 10512.9 10510.9 10505 10506.1 10506.6
11008.7 10991.9 11028.5 11041.8 11025.4 11001.1 10971.7 10949.5 10942.5 10939 10934 10929 10918.9 10909.8 10898.7 10888.3 10876.4 10863.3 10854 10840.1 10804.7 10760 10701.6 10668.1 10721.6 10752.1 10763 10764.8 10762.6 10757.9 10750.5 10742.7 10736.8 10731.4 10724 10713.9 10696.2 10683.2 10679.1 10670 10657.4 10643.1 10627 10618.5 10611.4 10603.2 10594.7 10586.7 10580.9 10572.9 10566.3 10557.4 10550.6 10543.8 10537.9 10536.2 10532.9 10529.1 10525.2 10520.9 10519.3 10517.3 10515.1 10512.2 10506.9 10509.9 10508.7
10969.5 10966.4 10985.3 10999 10988.6 10971.2 10950.5 10931.1 10921.7 10919.1 10915.7 10910.4 10904.1 10895.9 10886.8 10877.2 10866.4 10854.7 10843.3 10831.1 10819.2 10825 10880.7 10864.6 10798.2 10780.6 10775.2 10770.6 10764.6 10757.7 10747.6 10740.3 10738.9 10739.4 10740.3 10732.1 10719.5 10705.5 10693.7 10677.9 10661.3 10643.1 10624.3 10615 10608.9 10601.7 10594.8 10587.3 10580.2 10574.7 10566.8 10560.3 10553.9 10547.8 10541.5 10540 10536.5 10532.1 10527.8 10524.2 10521.8 10519.6 10517 10514.2 10509.3 10510.1 10510.1
10950 10947.2 10955.3 10960.4 10955.1 10943.4 10930.1 10913.8 10904.5 10902.4 10899.5 10894.3 10889.5 10882.6 10874.7 10866.4 10856.7 10846.5 10836.7 10823.7 10819.6 10823.3 10825.8 10832.2 10819.2 10799.3 10786.7 10780.7 10770.2 10759.3 10748.4 10741.3 10741.5 10743.3 10745.5 10750.4 10757.5 10738.9 10711.8 10687.9 10665.8 10646.8 10630.5 10617.5 10608.8 10601.7 10593.1 10587 10581 10576.3 10568.6 10562.8 10557.7 10552.4 10548.6 10543.8 10539.2 10534.9 10531.1 10527.8 10524.8 10521.9 10519.2 10515.4 10510 10511.7 10511.3
10938.4 10932.3 10928.1 10932.6 10930.8 10923.6 10913 10900.3 10892.1 10890.2 10887.7 10884 10878.7 10872.2 10864.7 10856.4 10847.9 10839.5 10831.2 10824.6 10821.3 10819.7 10823.5 10829.7 10823.4 10810.6 10797.2 10785.4 10773.7 10761.7 10752.7 10744.9 10744 10744.5 10747.7 10755.8 10764.9 10750 10722.4 10695.1 10670.9 10648.8 10630.6 10618.9 10609.7 10601.5 10595.2 10589.7 10586.5 10578.8 10571.5 10565.6 10561 10556.8 10552.6 10546.5 10541.3 10537.5 10533.9 10530.7 10527.3 10524 10521.3 10517.9 10512.2 10512.6 10512.6
10925.6 10919.3 10912.5 10914.1 10912.6 10908.2 10900.6 10892.5 10886.4 10882.3 10878.9 10875.7 10869.6 10863.5 10857 10849.7 10841.8 10834.9 10830.2 10829.4 10827.6 10819.7 10823.7 10829.4 10822.2 10812.5 10799.7 10785.3 10774.6 10764.5 10752.3 10747.7 10746.8 10744.6 10741.9 10752.5 10762.5 10748.9 10724.7 10697.8 10673.1 10649.1 10629.8 10619 10610.3 10603.5 10598.5 10592.5 10589.1 10581.3 10574.3 10568.6 10563.7 10558.8 10553.6 10549.1 10544.3 10540.2 10536.4 10532.5 10529.2 10526.1 10522.9 10520 10516.3 10515.4 10514
10908.9 10904.3 10901.7 10902.1 10900.8 10897.4 10892.4 10886.9 10882 10876.9 10872 10866.1 10860.8 10856.4 10850.7 10843.8 10836.2 10829.5 10826.4 10826.4 10824.3 10819.7 10826.3 10827.6 10822.2 10810.2 10799.2 10789.4 10778.7 10770.1 10762.8 10757.2 10751.2 10747.3 10745.3 10753.1 10759.1 10745.2 10722.7 10697.7 10674.1 10650.8 10632.3 10621.8 10614.1 10607.8 10602.3 10596.1 10592.2 10584.9 10578 10571.9 10566.3 10559.5 10556.5 10552.1 10547.4 10543.2 10539.1 10535 10531.4 10528.3 10524.6 10518.9 10519.5 10517.8 10515.2
10897.2 10895.5 10898 10895.8 10892.7 10890.7 10886.8 10882.1 10876.5 10872.4 10867.8 10861.8 10856.4 10851.9 10846 10839.1 10831.8 10823.5 10820.4 10822.4 10822.7 10821.3 10822.8 10823.1 10817.8 10809.2 10799.8 10788.4 10777.7 10769.7 10773.4 10761.8 10751.4 10749.1 10752.6 10757.7 10755 10738.7 10718.3 10697 10674.6 10653.5 10637.3 10627.1 10618.9 10612.2 10607 10600.5 10595.8 10588.5 10581.9 10575.9 10570.5 10564.5 10559.8 10555.2 10550.8 10546.3 10542 10537.8 10534.3 10531.3 10528.1 10522.3 10520.4 10518.4 10516.3
10890.9 10887.7 10888.1 10888.1 10887.3 10885.7 10883.2 10879.1 10873 10870.6 10867 10862.1 10856.7 10849.9 10843.1 10836.4 10830.4 10823.7 10821.3 10822.4 10824.4 10824.1 10824 10821.7 10816.2 10807.9 10798.5 10786.5 10775.3 10761.4 10745.5 10743.9 10744.2 10744.9 10750.7 10753.7 10741.8 10728.3 10712.2 10693.6 10675.3 10656.5 10642 10633 10625.1 10617.8 10612.3 10605.1 10599.6 10592.3 10586 10580.3 10575 10569.1 10563.3 10558.5 10553.6 10549.5 10545.3 10541.1 10537.4 10534.7 10531.6 10524.8 10522.3 10521 10518.8
10887 10882.1 10879.3 10880.8 10882.5 10882.7 10881.9 10880.1 10877.7 10874.2 10869 10863 10856.5 10849.1 10843 10836.8 10832.3 10829.8 10825.8 10823.9 10821.1 10824.2 10824.5 10824 10820.1 10812.9 10802.2 10789.4 10774.7 10758.2 10742.8 10736.8 10736.9 10735.5 10731 10722 10722 10717.7 10706.8 10692.1 10677.1 10659.8 10647.7 10640.1 10632.3 10624.5 10618.6 10610.8 10603.8 10596.2 10590.4 10585.1 10579.6 10573.2 10567.7 10562.1 10557.8 10553 10548.4 10544.6 10541.4 10538.1 10534.3 10527 10525.4 10525.3 10522.3
10885 10885.8 10883 10880.8 10880.7 10881.1 10881.6 10882.1 10882.4 10878.5 10871.4 10864 10856.7 10849.5 10842.9 10836.6 10831.9 10832.1 10826.7 10826.6 10834.7 10842.3 10832.4 10829.6 10824 10815.2 10804.2 10791.1 10776.5 10759.2 10745.9 10737.8 10734.2 10730.9 10723.4 10713.4 10715.9 10713.4 10705.1 10695 10681.4 10667.1 10656.5 10647.7 10640.5 10632 10624.4 10616.6 10608.3 10600.5 10594.9 10590 10586.7 10579.6 10571.3 10564.6 10559.9 10555.2 10551 10547.3 10543.1 10540.5 10536.3 10527.8 10527.7 10527.6 10523.8
10894.4 10899.7 10891.3 10882.9 10880 10879.8 10880.9 10882.4 10883.9 10880.8 10872.2 10863.9 10855.9 10848.4 10840.9 10833.8 10826.1 10818.9 10819.7 10821.1 10834.1 10850 10846.1 10838.8 10829.7 10819.1 10808.1 10796 10781.9 10764.1 10747.8 10740.1 10734.6 10732.3 10731.1 10726.6 10722.7 10716.2 10707.4 10699.1 10689 10678.4 10667.1 10657.3 10647.5 10638.3 10629.7 10621 10613.4 10606 10599.4 10594.7 10588.5 10582.8 10576.7 10570.6 10563.8 10558 10553.6 10549.9 10546.6 10543.2 10539.5 10531.2 10530.5 10530.4 10527.5
10902.2 10901.9 10891.7 10881.7 10878.3 10878.1 10879.1 10880.3 10880.8 10877.5 10870 10862.2 10855.2 10847.4 10838.1 10830.6 10824.1 10819.5 10816.6 10812 10795.5 10809.4 10851.5 10845.2 10834.5 10823.3 10812.4 10801.7 10792.1 10782.4 10762.9 10742.3 10736.1 10735.4 10740.3 10753.3 10734.3 10720.6 10711.1 10704.4 10696.3 10686.8 10676.9 10666 10655.4 10645.8 10635.7 10626.5 10617.5 10609.7 10603.5 10598.5 10592.3 10586.5 10581.3 10575.4 10567.3 10560 10556.6 10552.9 10549.2 10545.3 10541.1 10535.9 10533.8 10532.4 10531.3
10899 10891.4 10884.2 10876.6 10875.4 10876.3 10877.2 10877.3 10875.9 10872.2 10865.7 10858.5 10851.7 10843.3 10835.3 10828.7 10823.6 10819.9 10820.5 10820.2 10822.7 10842.6 10852.5 10844.3 10833.9 10822.7 10812.8 10803.7 10796.6 10796.8 10775.3 10747.5 10738.1 10736.4 10736.5 10733.5 10727.6 10721.6 10714.7 10709.9 10703 10694.1 10684.3 10672.5 10662.2 10652 10642 10631.9 10621.9 10614.1 10608 10602.8 10595.7 10590.4 10585.2 10579.4 10572.1 10565.8 10560.9 10556.7 10552.2 10548.1 10543.1 10539.7 10537.2 10535.9 10534.9
10888.8 10883.4 10879.1 10873 10874.1 10875.3 10875.2 10873.8 10871.2 10868.3 10860.4 10853.3 10845.2 10838.5 10832.8 10828.2 10826.1 10827 10828.6 10834.1 10843 10841.5 10840 10835.8 10827.9 10819.2 10811.1 10802.2 10791.7 10775.2 10764.3 10750 10740.7 10737.1 10733.4 10727.6 10723.1 10720.9 10717.1 10714.7 10709.5 10701.6 10691.1 10679.9 10669.3 10658.6 10648.1 10637.6 10627.6 10619.8 10613.4 10607.9 10600.9 10595 10589.2 10582.9 10576.7 10570.7 10565.9 10561.4 10556.8 10552.3 10546.2 10540.9 10540.3 10540.2 10538.9
10881.9 10879.4 10878.6 10877.2 10877.5 10876.3 10874 10870.8 10866 10858.8 10854.7 10849.5 10842.2 10835.5 10830.5 10825.9 10823.1 10827.3 10835.9 10845.6 10848.8 10837.8 10832.2 10827.8 10821.9 10815.8 10808.8 10801.5 10792.7 10777.7 10767.5 10752.1 10744.9 10741.1 10734.2 10727.5 10723.1 10722.3 10721.5 10718.7 10715.4 10708.3 10697.2 10686.4 10675.2 10664.2 10653.4 10643.3 10634.2 10626 10619.1 10613.6 10606.8 10600 10593.8 10587.6 10581.6 10575.6 10571.4 10567.1 10562.7 10557.9 10550.4 10545.2 10543.4 10541.9 10540.6
10874.4 10877.3 10878.7 10882.5 10881.4 10877.3 10873.6 10869.2 10863.7 10856.5 10853.4 10849.5 10842.9 10836.3 10831.9 10825.6 10818.9 10826.2 10842.4 10857.6 10865.5 10840.1 10826.9 10817.8 10810.5 10804.8 10799.5 10795.6 10793.2 10797.5 10780.3 10771.2 10763.5 10749.4 10737.1 10729.5 10727.6 10727 10726.1 10723 10717.7 10710.5 10701.5 10691.1 10680.3 10669.2 10658.2 10648.1 10639 10631.4 10624.8 10619 10611.8 10605.3 10598.6 10592.2 10586.7 10582.1 10577.7 10572.9 10568 10562.8 10554 10550.7 10547.1 10543.8 10541.1
10866.4 10870.3 10875.5 10879.1 10879.6 10876.6 10872.4 10868.3 10864.6 10861.3 10858.1 10853 10848.7 10845 10838.2 10830.1 10824 10831.3 10846.9 10862.6 10869.4 10840.9 10818.5 10805.6 10797.5 10792.1 10788 10785.8 10784.4 10782.1 10779.6 10782.1 10775.2 10754.6 10740.7 10734.8 10736.4 10734 10733.1 10728.8 10721 10713.5 10705.2 10695 10684.2 10673.2 10662.2 10651.7 10644.4 10636 10631.4 10625 10617.9 10610.7 10603.7 10597.2 10591.8 10588.8 10584 10578.5 10573 10566.7 10563.4 10556.1 10551 10547.3 10544.3
10860.2 10864.6 10871 10876.9 10879.1 10874.3 10869.6 10865.8 10863.8 10866.1 10862.1 10854.2 10852.5 10853.2 10843.4 10835.5 10832.9 10838 10848.4 10856.4 10848.4 10815.4 10802.3 10793.8 10788 10783.4 10779.4 10776.1 10774 10771.3 10768.9 10764.5 10755.7 10752.8 10747.2 10743.8 10741.2 10743 10741.8 10737.1 10729.7 10720.4 10710.3 10699.4 10688.4 10677.3 10666.1 10655.2 10644.5 10640.2 10636.5 10630.8 10623.8 10616.1 10608.9 10602.1 10596.7 10592.5 10588.3 10583.5 10578.5 10571.7 10561.9 10559 10555.1 10551 10547.4
10854.6 10859.7 10865.2 10870.4 10872.5 10867.8 10863.9 10860.4 10857.2 10852.2 10847 10848.2 10848.2 10847.6 10842.2 10837.6 10836.2 10842.6 10849.1 10849.4 10834.3 10804.2 10789 10782.3 10778.1 10774.6 10770.9 10767.2 10763 10759.8 10758.6 10753.7 10747.6 10753.3 10760.6 10760.3 10759.1 10757.8 10752.2 10744.7 10736.8 10726 10714.7 10703.7 10693 10682.3 10671.8 10661.7 10652.8 10646.4 10640.8 10635.2 10628.4 10621.3 10614.3 10607.7 10602 10597.2 10593.2 10588.4 10583.7 10578.4 10568.2 10563.7 10559.5 10555.1 10550.9
10853 10856.1 10858.6 10859.8 10858.1 10858.3 10856.8 10854.2 10850.6 10844.7 10841.1 10843.1 10841.7 10838.3 10836.5 10836.5 10840.9 10845.2 10851.7 10850.6 10835.7 10809.5 10785.3 10777.1 10773.6 10770.2 10766.3 10761.3 10756.1 10753.5 10753.5 10752.8 10753.4 10753.9 10758.9 10768.1 10780.3 10772.6 10759.2 10748.5 10739.2 10728.5 10717.7 10707.3 10697.1 10686.9 10677.3 10668.2 10660.1 10653.1 10647.8 10640.4 10633.6 10626.7 10619.7 10612.7 10605.5 10602.1 10596.7 10594 10588.5 10583.5 10576 10570.3 10564.8 10559.5 10554.3
10849.8 10851.9 10852.3 10851.6 10849.1 10850.5 10850.1 10848.2 10846.2 10845 10844.6 10840.2 10837.5 10834.6 10832.5 10830.2 10832.2 10843.8 10855.5 10863.1 10846.7 10809.2 10781 10774.8 10771.4 10768.5 10764.2 10759.3 10753.1 10751.6 10752.6 10753.8 10753.6 10751.8 10749 10762 10774.7 10768.7 10757.4 10747.2 10738.4 10728.8 10719.4 10709.7 10700.2 10691 10682.6 10673.9 10666.1 10659.5 10654.1 10647.6 10639.6 10632.4 10625.5 10619.2 10614.3 10609.9 10604.8 10598.6 10592.3 10585.9 10582.7 10576.4 10570.1 10564.4 10559.6
10845.6 10846.7 10846.9 10846.7 10846.5 10846.2 10845 10843.4 10841.5 10839.3 10836.4 10836 10834.8 10834 10830.9 10825.4 10827 10840.2 10853.5 10862.3 10836 10804 10784.9 10777.5 10772.9 10769.2 10765.7 10761.6 10757.3 10755 10754.8 10755.2 10755.8 10753.1 10751.8 10755 10755.2 10753.2 10750.5 10742.4 10734 10727.8 10720.1 10712.1 10703.7 10695.9 10688.4 10682 10673.4 10666 10659.3 10651.1 10644.8 10637.8 10631.2 10625.1 10619.6 10613.5 10607.3 10601.3 10595.4 10587.9 10586.5 10581.2 10575.2 10569.3 10563.9
10837.8 10839.9 10840.8 10841.1 10842.7 10841.3 10839.9 10838.6 10837.2 10835.5 10834.9 10833.1 10832.2 10830.7 10827.4 10824.1 10826.6 10836 10844.7 10846.7 10817.9 10799.3 10791 10782.5 10776.2 10771.5 10768.4 10766.5 10764.7 10760.2 10757.6 10756.7 10756.1 10754.3 10752.7 10752.2 10752 10750.5 10747.3 10740.5 10733.5 10728.2 10721.5 10714.6 10707.5 10700.9 10693.3 10684.9 10678.1 10671.2 10664.8 10657.3 10649.9 10643.1 10636.4 10630 10623.9 10617.2 10611.1 10604.2 10598 10593.3 10589.2 10585.2 10579.8 10573.8 10568
10829.7 10833.1 10834.4 10834.5 10833.5 10833.1 10834 10833.8 10833.2 10832.2 10830.5 10830.7 10830.7 10829.1 10826 10823.5 10826.2 10831.8 10834.3 10828.6 10809.1 10799.1 10795.7 10787.6 10780.1 10774.4 10770.6 10769.4 10770.4 10763.2 10759.1 10757.3 10756.5 10752.9 10749.4 10751 10752.3 10752.5 10747.4 10742.4 10736.1 10729.8 10723.7 10717.4 10711.6 10704.7 10697.9 10691.3 10683.3 10676.2 10669.4 10661.9 10655 10648.3 10641.6 10634.8 10627.6 10620.5 10613.9 10607.5 10601.1 10593.7 10593.8 10589.5 10584.4 10578.5 10572.4
10825 10827.7 10828.6 10828.8 10827.9 10828.5 10829.5 10830.1 10830.1 10830.1 10829.6 10831 10832 10831.4 10829.3 10827.7 10829.2 10830.8 10828.1 10818.4 10804.3 10799 10795.3 10789.7 10782.8 10776 10770.8 10766.5 10763.1 10761.3 10758.9 10757 10755.2 10752 10749.6 10750.5 10751 10748.7 10745.6 10741.3 10736.6 10731.8 10726.4 10721.2 10715.3 10708.9 10701.9 10694.1 10688.2 10681.2 10673.9 10666.5 10660.1 10653.5 10646.9 10640.3 10633.7 10626.7 10618.9 10612.1 10606.7 10598.7 10597.1 10594.2 10589.2 10583.7 10577.9
10820.6 10822.8 10824.3 10825 10826.2 10827.6 10826.5 10827 10827.6 10829.1 10831.8 10834.3 10835 10837.5 10838.4 10838.6 10838.1 10834.2 10828 10819 10805.4 10799.5 10797 10791.5 10784.3 10777.5 10770.5 10764 10759.5 10758.6 10757.5 10756.4 10755.4 10755.3 10753.7 10750.8 10748.2 10744.6 10742.9 10740.4 10736.9 10733.1 10728.8 10724 10718.7 10713 10706.6 10699.8 10693.6 10687.3 10679.1 10672 10665.7 10659.3 10652.7 10646.1 10639.8 10632.8 10624.6 10617.7 10611.2 10604.4 10602.9 10599.5 10594.6 10589.5 10584.8
10816.3 10819.2 10820.9 10821.6 10821.4 10820.2 10822.7 10823.7 10824.8 10826.4 10828.8 10832 10836.6 10843.3 10853.4 10865.8 10851 10837.9 10826.3 10816.2 10805.3 10799.7 10795 10790.4 10785.8 10778.7 10770.9 10763.4 10759.1 10757.8 10757.1 10756.2 10756 10756.8 10754.7 10750.9 10747.5 10743.8 10742.1 10740 10737.5 10734.5 10730.8 10726.8 10722.4 10717.6 10712.6 10706.6 10700 10693.2 10685.7 10678.8 10672.1 10665.4 10658.7 10651.8 10644.8 10637.9 10629.4 10622.8 10616.6 10608.4 10607.9 10604.7 10600.3 10596.2 10593.3
10811.8 10816.1 10818.4 10819 10818.6 10819.6 10819.1 10820.2 10821.7 10823.3 10824.9 10828.2 10836.1 10846.3 10855.8 10865.8 10854.8 10838.6 10822 10808.6 10802.9 10799.9 10798.3 10795.6 10788.8 10781 10772.5 10764.4 10760.2 10759 10758.2 10757.1 10755.5 10753.2 10752.2 10750.7 10748.3 10746.2 10743.8 10741.5 10738.9 10736.3 10733.1 10729.5 10725.8 10722 10717.7 10712.2 10706.3 10700 10692.5 10685.7 10678.8 10671.9 10664.9 10657.7 10649.8 10640.5 10634.1 10627.4 10622.3 10614.6 10611.6 10608.9 10605.7 10602.5 10599.7
