real_craters/C111-300m.grd
DSAA
235 235
-35.14 35.14
-35.14 35.14
7985.6671402473 9691.8037038671
[rows 30 to 59 of 235, columns 134 to 200 of 235]
9151.68 9151.76 9151.4 9150.94 9150.38 9149.75 9149.06 9148.07 9147.44 9146.7 9145.92 9145.23 9144.45 9143.63 9142.7 9143.97 9145.83 9145.54 9145.01 9144.08 9142.12 9138.44 9134.06 9129.42 9125.8 9122.62 9120.33 9120.11 9122.51 9123.94 9124.99 9126 9126.73 9127.46 9127.81 9127.43 9126.05 9125.94 9125.44 9124.08 9123.48 9126.78 9126.54 9128.03 9130.18 9131.8 9131.82 9130.05 9131.51 9131.55 9132.27 9133.57 9132.47 9131.45 9131.17 9131.39 9131.95 9132.7 9134.53 9140.55 9143.41 9140.96 9137.46 9133.96 9130.69 9127.53 9123.05
9154.54 9153.7 9153.27 9152.49 9151.68 9150.88 9150.06 9149.25 9148.53 9147.69 9146.84 9146.11 9145.18 9144.66 9144.24 9145.28 9145.69 9145.75 9145.83 9145.83 9144.49 9140.3 9135.77 9131.58 9127.79 9124.63 9122.58 9122.66 9123.75 9124.9 9125.3 9126 9126.35 9126.48 9126.47 9125.89 9124.81 9125.03 9126.95 9117.24 9100.66 9100.52 9114.62 9122.33 9127.45 9131.33 9133.94 9133.1 9129.28 9129.65 9130.18 9130.92 9130.74 9130.18 9130.02 9130.22 9130.69 9131.45 9133.07 9135.69 9137.15 9138.05 9137.28 9135.8 9134.24 9132.55 9129.73
9157.29 9156.02 9154.83 9153.76 9152.73 9151.76 9150.85 9149.99 9149.16 9148.72 9147.86 9146.93 9146.13 9145.61 9144.74 9144.37 9144.5 9145.36 9145.67 9145.76 9144.83 9140.84 9136.84 9133.18 9129.7 9126.43 9124.39 9127.14 9127.13 9125.79 9125.63 9125.68 9125.77 9125.66 9125.32 9124.09 9121.99 9122.16 9123.63 9117.09 9108.29 9105.41 9113.01 9119.86 9125.39 9130.73 9135.78 9135.12 9129.31 9128.19 9127.43 9127 9127.72 9128.18 9128.53 9129.08 9129.68 9130.31 9131.37 9133.24 9134.99 9136 9136.48 9136.39 9135.81 9134.23 9130.71
9160.04 9158.28 9156.73 9155.34 9154.29 9153.18 9152.17 9151.23 9150.36 9149.61 9148.79 9147.84 9147.23 9146.52 9145.32 9144.89 9144.98 9145.24 9144.77 9143.87 9142.22 9139.46 9136.9 9134.7 9131.47 9127.89 9125.69 9127.4 9126.74 9125.38 9125.44 9125.44 9125.57 9125.34 9124.44 9122.52 9119.21 9117.77 9115.64 9116.98 9123.48 9119.48 9116.65 9119.35 9123.66 9128.7 9133.49 9134.63 9130.12 9127.39 9125.38 9124.3 9125.59 9126.56 9127.19 9128.03 9128.92 9129.92 9130.79 9131.6 9132.53 9133.87 9135.35 9136.18 9136.1 9134.47 9130.79
9162.36 9160.23 9158.4 9156.81 9155.42 9154.19 9153.1 9152.12 9151.23 9150.51 9149.8 9149.02 9148.25 9147.65 9146.63 9146.82 9147.05 9145.36 9143.66 9141.55 9138.8 9137.47 9136.15 9134.3 9131.56 9128.62 9126.91 9127.56 9124.38 9124.48 9125.09 9125.55 9125.7 9125.55 9124.55 9121.95 9116.87 9114.98 9113.31 9113.65 9115.76 9116.52 9116.16 9117.76 9120.94 9124.61 9128.2 9129.92 9128.15 9126.28 9125.58 9124.74 9124.56 9125.03 9125.77 9126.83 9128.05 9129.24 9130.02 9130.11 9130.11 9132.04 9134.59 9136.14 9136.3 9134.59 9131.06
9162.24 9159.84 9157.82 9156.13 9154.66 9153.46 9152.49 9151.65 9150.94 9150.35 9149.82 9149.37 9149.08 9148.65 9148.26 9147.63 9146.99 9144.68 9142.56 9140.19 9137.71 9136.28 9135.42 9134.44 9132.51 9128.7 9126.51 9128.86 9126.25 9124.72 9124.74 9125.28 9125.58 9125.8 9125.57 9123.79 9118.51 9114.16 9111.58 9109.19 9106.38 9109.96 9112.99 9115.1 9117.42 9119.61 9121.68 9123.84 9124.1 9123.49 9124.25 9124.4 9123.02 9123.14 9124.01 9125.31 9126.93 9128.56 9129.33 9129.38 9129.57 9131.55 9134.53 9136.63 9137.21 9135.73 9132.22
9163.08 9160.7 9158.77 9157.08 9155.64 9154.42 9153.42 9152.54 9151.81 9151.21 9150.71 9150.3 9149.97 9149.52 9148.33 9147.12 9144.73 9143.49 9141.67 9139.44 9137.17 9135.78 9134.76 9133.81 9131.91 9128.32 9126.54 9128.4 9125.9 9124.26 9124.48 9125.06 9125.53 9125.82 9125.95 9125.74 9117.36 9113.02 9110.22 9108.35 9106.84 9108.39 9110.53 9112.17 9113.77 9114.9 9115.67 9118.56 9119.77 9119.11 9118.12 9118.68 9119.54 9120.46 9121.66 9123.3 9125.29 9127.71 9128.64 9129.04 9130.09 9132.43 9135.51 9138.07 9139.25 9138.45 9134.48
9163.08 9160.98 9159.17 9157.72 9156.36 9155.16 9154.12 9153.27 9152.52 9151.91 9151.43 9150.93 9150.6 9150.25 9149.22 9147.36 9145.01 9143.21 9141.2 9139.02 9137.07 9135.33 9133.91 9132.5 9130.15 9127.35 9126.2 9127.28 9124.73 9123.79 9124.34 9124.81 9125.09 9125.17 9124.46 9121.5 9114.98 9111.58 9108.66 9107.12 9108.88 9109.11 9109.6 9110.14 9110.77 9111.51 9112.99 9117.47 9116.67 9115.48 9113.53 9114.31 9116.26 9117.66 9119.1 9120.79 9122.73 9124.63 9126.69 9128.41 9130.49 9133.39 9136.89 9140.3 9142.35 9141.39 9137.35
9161.89 9160.23 9158.74 9157.4 9156.22 9155.14 9154.19 9153.15 9152.44 9151.87 9151.48 9151.2 9151.01 9150.83 9149.63 9147.89 9145.81 9143.33 9140.97 9138.68 9136.19 9134.1 9133.1 9131.76 9130.17 9126.53 9125.6 9127.33 9125.9 9124.84 9124.55 9124.51 9124.42 9124.03 9122.79 9120.8 9115.21 9111.09 9108.1 9107.19 9109.59 9109.1 9108.61 9108.56 9108.69 9109.13 9110.41 9112.78 9113.85 9113.83 9113.46 9113.49 9114.3 9115.25 9116.42 9118.11 9120.39 9122.39 9124.8 9127.34 9130.05 9133.22 9137.98 9142.61 9146.7 9148.2 9143.81
9160.8 9159.63 9158.45 9157.32 9156.02 9155 9154.05 9153.2 9152.31 9151.7 9151.26 9151.06 9151.02 9151.31 9150.3 9147.87 9145.16 9142.85 9140.85 9138.82 9136.61 9134.59 9133.1 9131.12 9128.71 9125.54 9125.8 9127.68 9126.75 9125.6 9124.7 9124.25 9123.75 9122.76 9120.92 9117.65 9114.07 9110.95 9108.19 9107.27 9109.06 9108.03 9107.25 9107.23 9107.31 9107.5 9108.4 9110.23 9111.92 9112.98 9113.71 9113.13 9112.78 9112.9 9113.53 9114.92 9117.62 9120.85 9122.81 9125.89 9129.84 9134.21 9138.73 9143.41 9149.54 9156.12 9150.78
9159.56 9158.5 9157.61 9156.7 9155.74 9154.59 9153.65 9152.76 9151.93 9151.18 9150.56 9150.12 9149.94 9150.66 9149.71 9146.97 9144.46 9142.42 9140.8 9139.35 9137.91 9136.39 9133.66 9130.64 9127.44 9124.86 9125.88 9127.36 9126.39 9125.1 9124.32 9123.75 9123.01 9121.77 9119.49 9115.18 9112.92 9111 9108.83 9106.44 9107.29 9106.38 9105.64 9105.44 9105.72 9106.4 9107.7 9109.49 9110.86 9112.17 9112.86 9111.97 9111.04 9110.36 9110.15 9110.62 9112.38 9115.52 9118.86 9123.32 9128.95 9134.89 9137.9 9140.71 9144.91 9149.71 9150.99
9157.93 9157.56 9156.75 9155.99 9155.13 9154.03 9153.14 9152.2 9151.14 9150.26 9149.41 9148.55 9147.63 9146.66 9146.14 9145.05 9143.29 9141.73 9140.71 9139.85 9138.82 9137.18 9134.32 9130.62 9126.74 9124.25 9126.23 9126.94 9125.82 9124.53 9123.63 9123.01 9122.39 9121.36 9119.27 9115.75 9113.48 9112.11 9110.82 9108.98 9105.87 9104.7 9104.18 9104.18 9104.55 9105.34 9107.26 9109.01 9109.91 9110.77 9111.28 9110.14 9108.84 9107.57 9106.51 9105.68 9105.48 9107.97 9113.5 9119.4 9125.67 9131.94 9133.92 9134.81 9136.76 9141.02 9148.97
9156.27 9156.14 9155.74 9154.98 9154.23 9153.37 9152.21 9151.27 9150.29 9149.2 9148.16 9146.83 9145.44 9143.95 9143.52 9143.45 9142.27 9140.99 9140.76 9140.41 9139.67 9138.41 9135.03 9131 9127.51 9124.26 9125.85 9126.4 9124.87 9123.08 9122.39 9122.19 9121.92 9121.31 9120.29 9116.89 9114.4 9113.52 9112.96 9110.73 9104.56 9103.2 9103.02 9103.32 9103.85 9104.77 9107.47 9108.24 9108.72 9108.96 9108.79 9108.11 9106.81 9105.23 9103.46 9101.71 9100.35 9102.72 9108.88 9115.02 9120.54 9124.66 9126.61 9127.74 9129.07 9135.95 9149.47
9154.45 9154.4 9154.09 9153.36 9152.67 9151.88 9150.89 9149.98 9149.04 9148.24 9147.15 9145.66 9144.2 9142.69 9142.89 9143.18 9142.56 9141.13 9141.6 9141.05 9140.05 9138.6 9135.15 9130.81 9127.38 9124.31 9126.03 9126 9124.14 9121.73 9121.3 9121.37 9121.28 9120.82 9119.43 9115 9114.2 9114.38 9114.43 9111.39 9103.67 9102.33 9102.39 9102.78 9103.47 9104.38 9105.13 9106.87 9107.61 9107.8 9107.44 9106.62 9105.23 9103.45 9101.45 9099.51 9098.46 9100.79 9106.06 9111.56 9116.25 9119.14 9121.36 9122.58 9123.41 9132.45 9150.6
9151.11 9152.65 9152.38 9151.85 9151 9150.25 9149.56 9148.7 9147.83 9147.04 9146.13 9145 9143.87 9143.27 9143.61 9144.17 9144.51 9144.89 9143.52 9141.77 9139.76 9137.7 9133.9 9129.55 9126.27 9124.27 9127.09 9126.28 9124.14 9121.93 9120.95 9120.83 9120.83 9120.32 9118.04 9113.52 9113.74 9114.78 9115.49 9112.71 9104.27 9102.42 9102.2 9102.63 9103.36 9104.46 9105.62 9106.26 9107 9107.3 9106.86 9105.81 9104.31 9102.48 9100.51 9098.64 9097.8 9100.28 9104.8 9109.72 9114.3 9118.21 9120.34 9120.76 9122.41 9132.48 9149.54
9149.33 9148.89 9148.48 9149.14 9148.57 9147.9 9147.21 9146.47 9145.85 9145.3 9144.9 9144.36 9144.08 9144.32 9144.81 9145.5 9146.29 9146.72 9145.09 9142.31 9138.83 9134.8 9130.75 9127.76 9125.5 9125.75 9128.24 9126.77 9124.23 9121.8 9120.52 9120.35 9120.49 9120.26 9118.91 9113.4 9113.59 9114.69 9115.26 9112.84 9105.86 9103.4 9102.69 9102.71 9103.18 9103.82 9104.86 9105.84 9106.77 9107.59 9106.92 9105.5 9104.01 9102.36 9100.65 9099.05 9098.43 9100.77 9104.81 9109.23 9113.54 9117.78 9120.33 9120.51 9122.56 9131.94 9145.28
9150.49 9149.79 9149.14 9150.05 9149.06 9146.67 9145.94 9145.26 9144.74 9144.27 9144.01 9143.68 9144.19 9144.95 9145.54 9146.44 9147.45 9147.78 9146.31 9142.89 9138.35 9132.87 9128.31 9126.89 9125.51 9125.74 9129 9126.94 9124.13 9121.29 9119.73 9119.8 9119.99 9119.78 9118.58 9113.4 9113.7 9114.52 9114.29 9111.73 9107.84 9104.69 9103.26 9102.93 9103.26 9103.99 9104.72 9105.47 9106.31 9107.18 9106.57 9105.3 9104.15 9102.91 9101.66 9100.5 9100.04 9102.35 9105.59 9109.26 9113.11 9117.11 9119.96 9119.67 9121.65 9129.3 9140.11
9153.46 9152.39 9151.21 9150.15 9148.97 9147.81 9146.87 9144.78 9143.85 9143.3 9143.03 9142.84 9143.71 9144.69 9145.4 9146.49 9147.9 9149.06 9147.72 9143.82 9139.22 9134.05 9129.64 9128.49 9127.38 9127.16 9128.65 9126.55 9123.96 9121.22 9119.56 9119.58 9119.44 9118.7 9116.43 9113.71 9114.17 9114.96 9114.89 9112.24 9108.04 9105.07 9103.63 9103.16 9103.27 9103.92 9104.41 9105.17 9105.68 9105.8 9105.82 9105.22 9104.46 9103.78 9103.36 9103.24 9103.29 9104.83 9106.95 9109.61 9112.46 9115.22 9116.97 9117.06 9118.5 9124.82 9133.7
9153.68 9152.53 9152.81 9151.33 9149.85 9148.39 9146.78 9145.43 9144.2 9143.18 9142.1 9141.52 9141.86 9142.87 9144.23 9145.6 9147.23 9148.65 9147.87 9144.4 9140.8 9137.41 9134.67 9131.98 9129.72 9128.85 9127.22 9125.69 9123.86 9122.27 9121.11 9119.95 9118.98 9117.8 9115.84 9114.6 9114.78 9115.48 9116.25 9113.02 9107.69 9104.86 9103.88 9103.46 9103.11 9103.75 9104.68 9105.06 9105.72 9105.98 9105.75 9105.28 9104.81 9104.61 9104.99 9106.57 9107.82 9107.52 9108.36 9110.02 9112.01 9113.54 9114.26 9114.74 9115.9 9120.49 9126.4
9157.11 9155.27 9153.54 9151.91 9149.73 9148.02 9145.83 9144.49 9143.09 9141.8 9140.42 9139.78 9140.21 9141.04 9142.44 9143.99 9145.59 9146.54 9146 9144.17 9141.9 9140.03 9138.6 9134.86 9131.7 9129.81 9126.32 9125.12 9123.78 9122.56 9121.45 9119.99 9118.72 9117.38 9116.36 9115.46 9115.16 9114.91 9113.96 9111.45 9107.09 9104.78 9104.6 9104.47 9103.9 9103.51 9104.01 9104.84 9105.73 9106.5 9105.89 9105.45 9105.13 9105.07 9105.56 9107.16 9108.66 9108.54 9109.28 9110.51 9112.08 9113.21 9114.08 9113.91 9114.47 9118.05 9123.74
9159.87 9157.86 9154.4 9152.35 9150.22 9148.23 9146.27 9144.22 9142.41 9140.61 9139.05 9137.71 9137.41 9138.7 9140.47 9142.18 9143.74 9144.68 9144.8 9143.38 9141.95 9140.77 9139.44 9135.77 9131.89 9129.38 9126.66 9125.27 9123.84 9122.43 9121.08 9119.73 9118.52 9117.41 9116.36 9115.75 9115.41 9114.93 9113.16 9110.94 9107.82 9106.04 9106.38 9106.52 9106.16 9102.51 9104.05 9104.94 9105.29 9105.51 9105.73 9105.67 9105.5 9105.27 9105.1 9105.27 9106.5 9108.18 9109.74 9111.17 9112.52 9113.55 9114.17 9114.07 9114.24 9116.58 9120.46
9163.05 9159.7 9157.17 9154.05 9151.68 9149.16 9146.64 9144.45 9141.9 9140.06 9138.21 9136.35 9135.08 9136.76 9138.9 9140.82 9142.29 9142.99 9142.75 9142.14 9141.15 9139.82 9138.68 9134.26 9129.84 9130.39 9128.45 9126.07 9124.08 9122.16 9120.47 9119.11 9118.34 9117.53 9116.15 9115.8 9115.67 9115.64 9115.66 9113.22 9110.99 9109.88 9109.16 9108.97 9109.39 9109.39 9106.71 9105.83 9105.56 9105.65 9105.95 9106.16 9106.12 9105.77 9105 9104.08 9105.51 9108.26 9110.48 9112.18 9113.51 9114.52 9115.35 9116.28 9116.23 9115.85 9118.59
9164.5 9162.05 9158.69 9156.01 9153.25 9150.49 9147.34 9144.75 9142.3 9139.94 9138 9136.33 9135.61 9136.64 9138.38 9140.22 9141.66 9142.3 9141.38 9141.54 9140.18 9137.84 9134.31 9131.37 9130.33 9132.5 9129.09 9126.76 9124.55 9122.18 9119.54 9118.74 9118.42 9117.66 9116.48 9115.94 9115.81 9115.62 9115.05 9114.35 9113.63 9112.95 9111.47 9110.54 9110.31 9110.53 9107.89 9106.48 9106.11 9106.2 9106.58 9107.07 9107.33 9107.24 9106.53 9105.31 9107.02 9109.8 9111.99 9113.66 9114.98 9115.96 9117.24 9118.71 9117.54 9114.7 9115.33
9166.35 9163.82 9161.18 9157.62 9154.68 9151.4 9148.12 9145.18 9142.46 9140.15 9138.18 9136.81 9136.63 9137.15 9138.47 9140.19 9141.81 9142.99 9144.2 9142.43 9139.81 9136.72 9133.46 9130.88 9130.91 9133.15 9130.24 9127.69 9125.32 9122.96 9120.91 9119.78 9119.21 9117.99 9116.36 9116.14 9116.02 9115.85 9115.48 9115.05 9114.68 9114.19 9112.48 9110.98 9109.46 9108.07 9107.15 9106.17 9106.05 9106.55 9107.44 9108.54 9109.42 9110.08 9110.49 9110.58 9111.39 9112.98 9114.49 9115.71 9116.58 9117.28 9117.6 9117.8 9117.06 9114.21 9114.85
9169.16 9166.46 9163.49 9160.1 9156.84 9153 9149.72 9146.75 9143.35 9140.7 9138.41 9136.75 9136.57 9137.23 9138.73 9140.6 9142.48 9143.76 9143.9 9142.61 9140.11 9136.54 9132.57 9129.68 9130.87 9133.14 9131.16 9128.71 9126.2 9123.94 9122.14 9121.07 9120.52 9120.03 9117.29 9116.55 9116.37 9116.23 9115.9 9115.41 9114.73 9113.63 9112.39 9111.03 9109.39 9107.44 9106.24 9105.48 9105.28 9106.63 9108.56 9110.58 9112.35 9113.81 9115.05 9116.44 9116.4 9116.68 9117.28 9117.85 9118.45 9118.87 9119.01 9118.17 9117.05 9115.45 9117.31
9170.87 9167.81 9164.95 9161.38 9158 9155.04 9151.58 9147.86 9144.44 9141.54 9138.77 9135.97 9135.3 9137.02 9139.12 9141.4 9143.5 9145.13 9145.24 9144.26 9141.71 9137.46 9133.08 9130.33 9131.13 9133.13 9132.03 9129.55 9126.92 9124.77 9123.15 9122.06 9121.11 9120.07 9117.6 9116.9 9116.72 9116.77 9116.43 9115.67 9114.71 9113.4 9112.22 9110.99 9109.43 9106.94 9105.66 9105.09 9105.55 9107.38 9110.04 9112.81 9115.46 9117.64 9119.14 9119.83 9120.44 9120.47 9120.32 9120.13 9120.02 9120.22 9120.79 9121.83 9119.16 9117.95 9125.17
9172.55 9169.91 9166.8 9163.4 9160.39 9156.73 9153.23 9149.95 9146.11 9142.84 9139.84 9137.08 9136.17 9137.98 9140.27 9142.63 9144.76 9147.23 9149.53 9149.32 9144.26 9138.95 9133.88 9130.56 9132.93 9133.7 9132.1 9129.46 9127.1 9125.26 9123.4 9121.57 9120.88 9118.5 9117.28 9117.19 9117.13 9116.95 9116.61 9115.91 9115.04 9114.09 9112.35 9110.15 9108.72 9106.75 9105.59 9104.9 9105.8 9108.56 9112.23 9115.91 9119.31 9122.25 9124.37 9124.98 9124.88 9124.04 9123.07 9122.06 9121.35 9120.86 9120.55 9121.19 9119.69 9118.9 9124.14
9172.14 9169.64 9167.29 9164.88 9161.87 9159.44 9155.79 9152.23 9147.95 9144.42 9141.46 9139.62 9138.59 9139.38 9141.5 9143.91 9146.38 9148.98 9151.53 9151.68 9146.04 9140.67 9135.75 9132.23 9135.33 9135.29 9131.63 9128.42 9127.43 9126.05 9124.57 9123.27 9121.48 9118.67 9118.08 9118.1 9118 9117.5 9117.02 9116.34 9115.33 9114.49 9112.34 9108.99 9106.47 9107.11 9107.01 9105.6 9105.89 9110.55 9115.18 9119.44 9123.39 9127.12 9130.29 9131.11 9129.19 9126.99 9125.1 9123.38 9121.99 9120.81 9119.58 9118.52 9119.3 9120.34 9122.77
9174.69 9172.24 9170.2 9167.96 9165.53 9162.17 9158.52 9154.9 9150.54 9146.25 9142.82 9140.96 9139.86 9140.18 9142.29 9144.34 9146.45 9148.62 9150.19 9149.47 9145.94 9142.24 9139.19 9137.2 9140.32 9138.92 9134.26 9130.4 9128.74 9127.24 9125.76 9124.4 9123.01 9121.5 9120.12 9119.66 9119.45 9119.36 9118.43 9117.23 9115.58 9113.05 9110.51 9110.19 9108.78 9111.58 9112 9110.58 9110.44 9115.15 9119.35 9123.24 9127.07 9131.08 9135.1 9135.38 9132.37 9129.32 9126.73 9124.47 9122.72 9121.2 9119.79 9119.73 9120.96 9121.84 9123.04
9176.77 9175 9174.2 9171.82 9169.96 9166.96 9163.85 9159.96 9154.88 9148.89 9143.98 9140.49 9140.16 9141.52 9143.92 9145.63 9147.08 9147.98 9148.33 9147.95 9144.83 9142.66 9142.59 9145.39 9147.07 9144.03 9138.92 9134.37 9131.01 9128.49 9126.54 9125.51 9122.84 9122.69 9122.04 9121.4 9120.91 9120.51 9119.8 9118.75 9117.27 9115.15 9114.1 9115.46 9122.28 9119.9 9120.16 9120.6 9120.96 9122.24 9124.41 9127.01 9129.93 9133.24 9136.68 9136.58 9133.7 9130.83 9128.11 9125.62 9123.31 9121.87 9121.23 9122.43 9124.73 9124.65 9126.2
