real_craters/C111-500m.grd
DSAA
142 142
-35.14 35.14
-35.14 35.14
7986.4063672612 9672.7842428626
[rows 30 to 59 of 142, columns 67 to 133 of 142]
9138.89 9140.45 9138.99 9137.83 9155.85 9147.19 9142.86 9145.25 9161.58 9168.54 9167.4 9166.74 9164.75 9161.68 9158.54 9154.11 9150.48 9147.21 9144.26 9141.52 9138.98 9138.26 9140.37 9143.17 9145.08 9144.09 9141.55 9139.14 9133.17 9128.26 9125.18 9122.97 9120.76 9118.61 9116.76 9115.61 9114.82 9111.11 9106.59 9105.88 9105.85 9101.94 9104.77 9105.37 9105.75 9105.44 9105.19 9105.87 9108.06 9110.38 9112.59 9114.11 9113.54 9117.31 9126.96 9133.84 9144.57 9149.65 9152.02 9152.27 9147.67 9136.18 9119.08 9116.13 9111.56 9107.45 9101.74
9153.21 9153.19 9150.23 9146.09 9151.86 9146.98 9142.44 9150.05 9153.28 9163.35 9171.07 9171.42 9169.74 9167.07 9162.01 9157.19 9153.05 9148.73 9144.16 9140.59 9137.33 9134.68 9137.93 9141.11 9142.5 9141.79 9140.15 9136.18 9130.54 9131.13 9126.44 9122.89 9119.13 9118.34 9116.51 9115.82 9115.64 9114.45 9112.26 9110.41 9109.92 9109.62 9106.31 9105.73 9106.25 9106.54 9105.86 9103.94 9108.31 9111.97 9114.21 9116.22 9117.83 9115.29 9122.77 9131.8 9142.82 9153.12 9160.77 9164.59 9162.1 9149.62 9134.69 9124.4 9118.89 9113.49 9107.7
9175.37 9172.95 9168.12 9163.28 9177.47 9158.85 9148.36 9157.96 9161.12 9173.07 9177.48 9178.02 9176.13 9170.29 9165.58 9161.14 9155.67 9150.34 9145.1 9140.83 9137.6 9136.69 9138.01 9140.84 9143.1 9143.32 9138.81 9133.32 9130.29 9132.46 9127.85 9123.91 9120.6 9119.36 9116.4 9116.16 9115.9 9115.28 9114.65 9112.67 9110.14 9107.79 9106.17 9106.21 9107.79 9109.59 9110.7 9111.47 9113.16 9115.41 9116.86 9117.69 9117.73 9113.94 9120.4 9130.86 9144.29 9158.66 9170.93 9178.46 9178.46 9165.88 9142.85 9129.95 9123.51 9116.44 9111.56
9194.28 9193.92 9198.68 9220 9205.35 9186.6 9177.51 9183.2 9195.17 9189.57 9185.72 9181.04 9177.29 9173.33 9169.13 9163.32 9158.28 9151.97 9146.92 9141.85 9137.66 9135.71 9138.49 9141.93 9144.72 9143.73 9139.92 9132.94 9129.51 9132.89 9129.43 9125.36 9122.83 9121.12 9118.37 9116.72 9116.64 9115.91 9114.37 9112.3 9110.21 9106.66 9105.18 9106.25 9110.14 9114.34 9117.52 9119.1 9119.59 9119.62 9119.66 9120.5 9119.89 9117.64 9126.09 9129.13 9145.37 9162.48 9178.72 9194.07 9205.72 9191.72 9157.45 9135.23 9125.24 9118.39 9116.47
9202.44 9207.22 9217.95 9228.49 9217.9 9211.87 9211.32 9208.42 9211.63 9199.51 9192.03 9186.57 9180.89 9176.33 9170.97 9166.36 9161.87 9156.12 9150.32 9144.29 9139.57 9137.39 9140.13 9144.08 9148.01 9151.62 9143.24 9134.42 9132.71 9133.66 9129.11 9126.13 9123.32 9121.03 9117.36 9117.48 9116.93 9116.35 9115.01 9112.65 9107.87 9106.48 9105.04 9107.44 9114.22 9120.57 9125.8 9127.65 9125.52 9123.42 9121.64 9120.37 9119.28 9119.58 9122.96 9130.5 9147.48 9165.71 9184.18 9202.64 9219.24 9207.4 9167.94 9139.67 9126.87 9119.34 9119.1
9203.51 9210.62 9217.6 9217.3 9218.82 9219.63 9221.43 9216.52 9210.31 9200.77 9194.58 9188.49 9183.21 9178.02 9173.93 9170.63 9167.14 9161.13 9155.06 9147.72 9142.13 9139.91 9141.82 9145.26 9148.64 9149.91 9144.69 9139.5 9139.99 9138.02 9130.8 9127.85 9125.47 9123.14 9120.65 9119.73 9119.52 9117.83 9115.11 9110.3 9110.1 9112.49 9111.53 9113.7 9120.58 9126.86 9133.6 9135.11 9129.91 9125.63 9122.49 9120.24 9120.52 9122.12 9125.3 9133.86 9149.03 9166.04 9183.74 9200.41 9212.02 9203.28 9170.74 9143 9128.2 9120.68 9116.03
9203.78 9210.72 9217.34 9221.52 9220.39 9219.08 9213.77 9215.93 9204 9198.68 9196.03 9190.72 9187.66 9184.29 9181.31 9178.83 9175.76 9171.18 9163.56 9153.95 9143.11 9141.05 9145.23 9147.37 9147.56 9146.07 9142.84 9141.98 9150.38 9145.45 9136.85 9130.33 9126.05 9124.21 9123.52 9122.72 9121.18 9120.73 9119.31 9119.59 9119.96 9125.04 9127.9 9127.47 9128.09 9131.02 9134.73 9135.05 9131.45 9127.3 9123.82 9122.33 9127.54 9128.18 9130.46 9136.59 9149.19 9163.86 9179.15 9191.15 9196.95 9187.21 9170.57 9149.17 9134.01 9121.35 9112.68
9203.91 9210.59 9216.33 9220 9220.45 9220.02 9218.39 9215.55 9208.6 9199 9196.13 9194.26 9192.67 9190.07 9187.83 9186.29 9184.91 9181.93 9177.6 9168.92 9152.1 9151.65 9154.37 9152.68 9148.62 9142.97 9142.32 9145.31 9156.47 9147.74 9139.31 9131.47 9126.96 9124.81 9125.29 9126.83 9126.38 9125.33 9123.74 9123.34 9128.18 9134.03 9137.47 9135.09 9132.8 9132.57 9132.71 9132.37 9130.68 9127.85 9124.78 9122.96 9131.27 9130.85 9131.37 9136.85 9148.44 9160.65 9172.85 9182.56 9186.87 9183.62 9170.23 9154.15 9137.82 9125.3 9111.61
9205.78 9210.64 9211.75 9216.63 9219.99 9221.73 9221.46 9217.71 9204.95 9198.96 9197.15 9196.11 9194.7 9194.67 9193.83 9193.03 9193.35 9194.08 9194.96 9195.56 9192.22 9180.45 9169.89 9160.5 9152.41 9147.34 9147.6 9155.47 9155.04 9143.66 9134.44 9131.54 9130.03 9127.3 9128.92 9131.84 9133.47 9130.15 9127.59 9127.38 9135.92 9137.58 9135.43 9134.7 9133.48 9132.47 9131.5 9130.94 9129.99 9128.12 9126.04 9125.16 9131.18 9128.35 9127.8 9135.12 9145.22 9155.73 9166.12 9174.21 9178.73 9179.91 9169.21 9157.5 9146.92 9130.87 9111.86
9209.96 9214.71 9217.43 9216.67 9222.02 9225.67 9227.39 9220.92 9209.98 9203.43 9200.95 9200.06 9198.98 9197.24 9199.05 9198.65 9200.16 9202.86 9208.45 9218.91 9230.58 9206.33 9184.71 9169.12 9157.32 9148.6 9144.61 9145.13 9146.53 9141.63 9136.75 9136.01 9136.93 9135.58 9133.72 9135.71 9136.47 9134.37 9132.37 9132.57 9139.19 9137.23 9134.16 9132.83 9132.72 9132.54 9130.92 9130.72 9129.53 9128.32 9128.11 9127.41 9125.11 9123 9127.48 9134.16 9142.32 9150.86 9159.19 9165.41 9170.4 9173.9 9166.55 9157.4 9151.87 9132.29 9111.64
9217.55 9222.25 9225.74 9224.72 9227.9 9229.55 9229.41 9224.62 9218.17 9212.3 9208.66 9206.64 9204.49 9202.83 9204.14 9203.89 9204.37 9206.64 9211.17 9220.09 9227.42 9208.41 9188.4 9171.89 9159.08 9148.62 9142.43 9145.06 9148.63 9144.61 9142.05 9142.24 9144.51 9138.8 9137.59 9138.83 9139.71 9138.84 9137.22 9136.91 9138.88 9134.24 9129.51 9130.03 9131.09 9132.66 9134.49 9131.43 9129.4 9128.32 9127.97 9128.01 9126.55 9126.99 9129.74 9133.6 9139.66 9145.72 9151.73 9156.82 9160.58 9161.73 9159.42 9155.6 9150.75 9130.37 9110.85
9225.36 9230.55 9233.09 9238.24 9233.15 9233.1 9235.09 9238.24 9229.25 9221.72 9215.79 9213.53 9211.2 9209.69 9207.83 9209.41 9208.37 9207.4 9206.3 9204.83 9201.11 9196 9184.79 9172.12 9160.66 9151.31 9146.54 9148.94 9153.34 9149.5 9147.25 9148.36 9148.45 9142.96 9140.71 9142 9143.78 9143.73 9142 9139.03 9137.17 9132.02 9128.06 9128.31 9129.35 9130.72 9131.76 9130.22 9128.59 9127.31 9126.18 9125.47 9126.75 9126.65 9128.92 9132.97 9137.58 9142.49 9146.48 9149.8 9151.28 9150.28 9151.04 9152.5 9145.58 9127.55 9109.57
9233.34 9238.28 9240.67 9234.88 9233.7 9234.39 9235.53 9238.25 9231.04 9224.03 9222.17 9220.94 9218.79 9216.63 9213.73 9210.84 9210.99 9207.19 9201.04 9191.67 9185.67 9184.98 9179.53 9171.07 9161.9 9154.13 9150.05 9152.38 9150.36 9147.15 9148.38 9149.37 9147.83 9138.83 9139.94 9150.84 9151.59 9149.18 9146.86 9143.33 9137.28 9130.45 9127.92 9127.25 9127.51 9127.63 9127.52 9127.96 9127.25 9126.07 9124.32 9124.81 9126.46 9128.2 9129.51 9133.01 9136.74 9139.94 9143.04 9144.87 9145.47 9143.84 9146.56 9154.07 9155.11 9125.81 9109.38
9238.67 9241.36 9235.54 9230.78 9232.46 9233.52 9232.77 9233.85 9234.36 9234.41 9230.73 9228.85 9226.54 9223.65 9219.89 9219.01 9214.7 9208.48 9200.06 9188.02 9181.27 9180.68 9176.63 9169.76 9161.88 9154.78 9150.9 9149.07 9146.93 9143.23 9146.99 9148.3 9145.34 9138.82 9143.22 9154.07 9156.5 9152.56 9148.19 9143.87 9127.76 9127.29 9127.15 9126.6 9126.5 9126.27 9126.13 9126.08 9125.67 9124.62 9123.8 9125.33 9129.77 9128.99 9131.62 9133.91 9136.88 9139.04 9140.99 9142.24 9143.04 9143.02 9145.4 9149.65 9149.15 9131.34 9114.96
9240.51 9240.65 9233.58 9230.11 9232.8 9234.32 9236.96 9235.65 9236.46 9240.62 9238.05 9236.67 9233.67 9229.88 9225.39 9220.96 9218.79 9212.69 9203.98 9195.18 9189.23 9186.14 9182.09 9175.83 9166.43 9157.27 9147.71 9148.58 9147.89 9146.16 9148.98 9151.87 9144.7 9141.18 9148.09 9162.6 9161.25 9153.77 9143.69 9132.47 9126.74 9124.95 9125.76 9126.24 9126.22 9125.93 9125.73 9125.62 9125.34 9125.03 9125.65 9126.54 9126.46 9133.68 9135.48 9135.51 9137.06 9139.15 9140 9140.7 9141.41 9141.77 9142.25 9139.67 9138.33 9137.33 9123.88
9243.1 9240.48 9235.03 9234.93 9237.51 9239.56 9240.58 9236.33 9238.03 9243.37 9244.17 9243.7 9240.92 9237.99 9233.36 9227.87 9222.28 9219.88 9211.96 9202.7 9197.96 9194.75 9190.71 9184.61 9176.21 9165.37 9156.27 9162.36 9149.47 9134.7 9147.03 9153.65 9147.01 9144.27 9154.39 9168.86 9165.61 9154.87 9142.92 9138.29 9128.41 9125.94 9127.23 9127.72 9127.32 9127.1 9126.28 9125.77 9125.59 9125.32 9124.92 9126.37 9134.41 9135.31 9136.03 9137.8 9138.8 9139.09 9139.85 9139.59 9139.6 9139.2 9137.82 9133.25 9127.77 9130.74 9119.53
9248.24 9251.98 9243.45 9243.88 9246.46 9247.19 9244.25 9240.09 9244.53 9250 9253.08 9251.78 9248.34 9244.02 9239.52 9234.55 9234.22 9227.2 9220.27 9212.67 9209.2 9206.83 9202.78 9197.48 9190.14 9178.77 9159.42 9150.85 9149.82 9151.8 9148.11 9147.44 9141.31 9145.09 9162.14 9179.66 9170.12 9156.49 9142.05 9133.74 9129.87 9130.49 9131.53 9130.85 9129.19 9127.22 9126.81 9126.36 9126.26 9126.47 9126.98 9127.49 9129.4 9132.22 9136.93 9139.03 9139.09 9139.51 9139.58 9139.26 9138.47 9137.39 9134.91 9129.25 9121.83 9121.32 9118.7
9253.2 9259.37 9255.13 9258.52 9262.78 9262.48 9253.89 9262.08 9268.55 9267.4 9267.41 9259.75 9254.55 9249.82 9244.85 9240.12 9237.03 9233.65 9231.63 9229.13 9221.3 9216.39 9211.86 9208.07 9204.26 9199.93 9192.36 9161.99 9153.85 9148.22 9145.01 9142.98 9137.23 9146.33 9160.96 9177.25 9170.88 9158.91 9144.48 9136.76 9139.84 9141.25 9137.67 9134.3 9131.91 9129.58 9128.53 9127.87 9127.47 9127.76 9129.26 9128.89 9130.29 9134.63 9139.4 9138.9 9139.18 9139.32 9138.82 9138.51 9137.47 9135.52 9132.29 9125.66 9117.19 9114.85 9114.32
9261.71 9257.35 9272.64 9279.15 9280.92 9283.59 9290.13 9278.55 9272.44 9276.03 9275.85 9269.71 9261.11 9256.38 9251.62 9248.16 9243.23 9238.43 9238.71 9238.2 9229.51 9223.9 9219.91 9217.97 9217.56 9219.69 9217.7 9180.72 9163.94 9149.61 9141.42 9139.61 9138.45 9150.76 9165.59 9170.88 9169.39 9163.18 9156.65 9150.86 9149.5 9149.35 9141.66 9137.27 9134.59 9132.13 9131.03 9129.75 9128.92 9128.38 9128.37 9129.24 9132.23 9138.15 9138.25 9138.46 9138.4 9138.65 9138 9137.39 9136.06 9133.96 9130.29 9121.27 9117.21 9113.99 9110.1
9291.58 9301.36 9316.36 9310.39 9308.89 9304.5 9300.79 9287.16 9273.94 9275.42 9273.45 9271.33 9264.79 9262.41 9257.8 9252.64 9247.19 9241.73 9239.59 9235.98 9232.27 9228.1 9225.5 9224.07 9225.93 9230.52 9231.8 9209.43 9182.18 9156.09 9140.5 9140.41 9145.5 9157.48 9167.93 9169.85 9168.63 9165.07 9161.15 9155.78 9148.4 9143.04 9140.5 9138.03 9136.42 9135.38 9133.14 9131.49 9130.12 9129.14 9128.77 9129.21 9131.76 9134.77 9135.85 9136.74 9137.12 9137.25 9137.05 9136.18 9135.44 9133.1 9129.76 9123.54 9117.5 9113.02 9109.01
9327.75 9324.19 9326.13 9339.24 9343.91 9333.29 9318.96 9316.51 9301.57 9284.75 9270.56 9279.88 9277.62 9274.74 9264.92 9258.1 9249.64 9243.14 9237.1 9232.33 9233.68 9233.08 9231.7 9229.57 9229.14 9232.04 9241.15 9234.6 9203.22 9167.76 9144.45 9144.27 9156.61 9167.54 9179.22 9171.44 9168.36 9164.76 9160.19 9153.7 9146.77 9139.87 9138.5 9137.56 9136.87 9136.16 9134.39 9133.01 9131.84 9130.35 9129.2 9129.22 9129.02 9131.21 9133.96 9135.2 9136.36 9136.26 9136.06 9135.11 9133.8 9131.97 9128.67 9124.37 9116.05 9110.4 9108.94
9355.43 9320.32 9336.32 9363.72 9383.67 9388.16 9371.66 9368.28 9326.57 9309.02 9297.47 9297.32 9298.22 9294.79 9280.03 9270.96 9255.52 9246.33 9237.32 9230.77 9231.12 9238.7 9236.45 9233.18 9228.73 9222.82 9231.14 9240.2 9223.75 9189.54 9160.65 9169.98 9168.99 9175.29 9181.32 9174 9167.55 9162.79 9160.33 9152.41 9145.72 9139.84 9139.22 9138.25 9136.71 9135.73 9135.81 9135.25 9134.29 9132.55 9130.91 9130.28 9129.14 9130.85 9133.31 9134.77 9135.37 9135.06 9134.25 9133.22 9131.8 9130.3 9127.95 9122.84 9115.13 9110.1 9110.75
9394.82 9385.98 9367.73 9364.01 9396.16 9476.4 9500.87 9428.14 9372.93 9352.5 9326.49 9325.57 9324.14 9314.82 9300.74 9287.89 9271.66 9255.71 9249.09 9241.08 9236.66 9244.95 9241.72 9235.71 9228.34 9216.79 9218.16 9247.89 9243.73 9224.74 9219.45 9214.59 9191.63 9183.53 9178.57 9171.01 9165.01 9160.06 9153.75 9150.29 9145.65 9143.23 9142.3 9141.29 9139.25 9138.28 9138.65 9138.37 9137.63 9137.15 9135.27 9133.12 9129.82 9131.47 9134.41 9135.33 9135.27 9134.43 9132.94 9131.11 9129.55 9127.8 9127 9120.51 9111.94 9106.77 9102.98
9398.59 9438.92 9333.46 9293.54 9313.03 9398.86 9426.9 9415.69 9426.36 9419.21 9372.17 9365.31 9349.03 9325.73 9307.3 9291.77 9274.71 9263.3 9252.98 9246.35 9238.3 9235.73 9247.53 9241.61 9231.94 9224.22 9223.1 9241.73 9247.53 9245.49 9250.77 9243.53 9224.78 9201.08 9172.94 9172.46 9167.14 9162.69 9155.83 9154.64 9150.84 9148.36 9147.8 9147.11 9145.92 9144.32 9142.86 9141.5 9140.29 9139.77 9137.4 9134.19 9132.89 9133.32 9135.58 9136.02 9135.1 9133.25 9130.82 9128.09 9125.31 9122.29 9120.1 9115.47 9103.17 9093.8 9084.28
9191.33 9174.95 9166.58 9137.1 9129.22 9149.09 9210.6 9289.35 9389.42 9424.25 9430.57 9407.01 9353.3 9316.48 9296.21 9281.68 9274.23 9266.84 9258.88 9255.27 9246.59 9246.93 9252.09 9244.64 9238.21 9239.15 9239.89 9244.43 9246.71 9245.49 9248.15 9262.15 9252.3 9227.51 9199.08 9179.84 9175.38 9175.68 9172.06 9169.06 9165.02 9160.01 9155.48 9153.46 9152.92 9150.73 9147.39 9144.52 9142.02 9139.22 9136.97 9133.77 9133.55 9135.11 9137.28 9137.3 9135.21 9132.19 9128.73 9124.55 9120.68 9115.04 9107.18 9096.22 9092.83 9089.55 9084.76
8970.51 8938.26 8966.35 8963.08 8918.55 8900.11 8980.4 9091.85 9174.89 9250.95 9364.63 9361.52 9303.36 9275.92 9267.91 9264.22 9267.53 9269.68 9270.3 9265.62 9268.02 9265.63 9258.07 9250.6 9241.89 9240.81 9246.24 9243.72 9241.34 9235.86 9235 9262.23 9264.89 9251.76 9224.07 9191.18 9185.99 9188.39 9190.47 9182.88 9178.94 9166.94 9158.54 9157.47 9158.07 9154.84 9151.02 9147.48 9144.07 9140.39 9138.59 9137.29 9135.43 9136.79 9138.29 9137.79 9134.96 9131.26 9126.99 9122.12 9116.38 9109.67 9102 9094.12 9088.68 9085.79 9084.83
8841.67 8812.61 8815.35 8786.17 8742.8 8700.46 8798.14 8910.07 8991.79 9068.16 9145.6 9174.94 9187.63 9198.67 9217.14 9233.74 9255.78 9271.88 9277.75 9281.94 9281.91 9276.12 9265.04 9251 9240.3 9236 9242.2 9236.05 9226.62 9226.82 9231.32 9240.61 9255.17 9259.61 9245.1 9219.15 9199.49 9183.71 9177.45 9185.3 9188.62 9171.16 9160.78 9159.77 9158.93 9157.15 9153.44 9150.02 9146.95 9144.65 9141.74 9139.22 9138.09 9138.46 9138.62 9137.36 9134.67 9130.65 9125.72 9120.15 9113.8 9106.54 9099.52 9091.43 9086.31 9084.21 9085.3
8786.92 8750.21 8710.24 8678.03 8634.04 8613 8686.75 8779.29 8864.47 8933.69 8963.41 8988.42 9052.09 9102.27 9150.51 9191.43 9238.24 9274.38 9295.36 9294.08 9284.98 9278.16 9265.9 9248.6 9236.48 9240.96 9246.33 9234.21 9222.67 9222.46 9225.67 9233.96 9242.08 9245.29 9238.73 9227.72 9211.81 9187.9 9176.67 9182.49 9181.89 9171.91 9163.74 9161.82 9162.23 9158.92 9155.78 9152.53 9149.73 9148.17 9144.77 9141.53 9140 9139.96 9139.63 9137.86 9134.63 9130.2 9124.96 9118.87 9112.32 9104.88 9097.04 9091.54 9086.96 9083.54 9086.68
8716.29 8666.87 8616.58 8587.12 8567.42 8582.07 8614.68 8680.61 8756.01 8825.62 8833.78 8862.93 8933.47 9008.88 9078.92 9138.32 9210.18 9273.93 9298.39 9295.42 9280.31 9269.9 9257.92 9243.41 9229.87 9227.13 9239.68 9233.81 9229.24 9223.19 9219.28 9224 9229.58 9228.56 9227.92 9227.8 9226.78 9222.68 9200.62 9186.51 9177.35 9170.54 9164.21 9160.96 9160.98 9160.12 9157.98 9155.04 9151.72 9148.36 9146.48 9143.55 9142.04 9141.66 9140.69 9139.32 9134.61 9129.74 9124.33 9118.43 9111.98 9105.52 9098.96 9095.36 9092.43 9089.85 9096.42
8523.41 8531.48 8517.98 8499.99 8475.35 8482.4 8536.36 8593.14 8654.09 8709.85 8727.15 8739.01 8840.58 8922.61 8998.15 9067.27 9149.62 9252.31 9293.43 9266.88 9254.14 9246.85 9242.94 9240.63 9231.75 9226.76 9228.57 9231.98 9230.44 9224.31 9218.21 9222.29 9219.23 9212.9 9219.98 9229.17 9235.85 9238.33 9218.6 9196.03 9182.37 9172.88 9161.17 9159.8 9162.13 9163.59 9162.36 9159.19 9154.97 9151.62 9149.9 9147.08 9145.75 9144.18 9141.82 9137.44 9134.82 9130.29 9124.72 9118.76 9112.93 9107.84 9103.43 9098.02 9093.5 9094.63 9113.57
