real_craters/C111-500m.grd
DSAA
142 142
-35.14 35.14
-35.14 35.14
7986.4063672612 9672.7842428626
[rows 30 to 59 of 142, columns 0 to 66 of 142]
9090.98 9090.58 9088.66 9083.3 9074.47 9065.66 9048.17 9015.95 8977.97 8943.51 8915.21 8896.06 8894.33 8903.51 8913.9 8912.86 8915.88 8920.2 8925.34 8933.74 8942.19 8945.38 8938 8926.09 8914.45 8907.66 8913.1 8921.84 8932.81 8945.88 8961.17 8976.64 8993.18 9028.21 9074.46 9086.11 9089.21 9106.87 9120.32 9117.01 9114.65 9111.79 9084.57 9081.32 9087.38 9075.84 9087.89 9085.58 9077.65 9079.65 9087.59 9095.74 9102.9 9107.08 9107.52 9105.63 9112.14 9116.35 9117.2 9115.55 9112.43 9113.14 9121.29 9128.42 9129.38 9127.83 9132.94
9095.39 9094.94 9094.41 9090.93 9083.37 9073.96 9054.16 9025.07 8988.69 8952.18 8923.67 8904.17 8898.34 8899.67 8902.5 8906.49 8911.75 8917.3 8922.93 8917.68 8914.38 8916.23 8910.88 8905.16 8897.95 8888.58 8899.96 8917.63 8933.71 8953.28 8971.53 8985.21 8991.94 9035.15 9075.68 9091.28 9098.51 9105.96 9113.26 9119.77 9124.61 9126.52 9092 9083.99 9091.66 9077.49 9100.3 9097.82 9088.32 9080.23 9092.3 9103.29 9111.92 9118.19 9121.4 9124.33 9125.51 9127 9127.4 9125.28 9120.04 9117.57 9133.23 9142.92 9145.66 9136.85 9146.94
9099.49 9100.5 9101.67 9100.99 9097.91 9093.56 9070.97 9031.93 8995.46 8956.74 8925.69 8907.62 8899.62 8897.65 8897.38 8901.41 8907.52 8911.41 8909.13 8899.37 8881.51 8876.08 8884.05 8885.95 8889.31 8900.73 8901.77 8916.83 8936.15 8957.8 8983.26 9014.45 9047.61 9057.39 9074.2 9094.26 9103.25 9113.22 9117.27 9118.03 9115.35 9108.08 9104.04 9114.73 9111.95 9080.95 9101.67 9098.62 9094.48 9092.42 9105.22 9115.25 9122.96 9131.56 9139.46 9141.94 9141.67 9140.57 9140.14 9139.69 9141.31 9144.54 9156.4 9165.36 9177.39 9191.55 9179.58
9107.58 9108.6 9109.64 9110.38 9110.94 9105.23 9083.72 9045.9 9006.05 8959.68 8922.33 8905.43 8897.91 8896.09 8897.14 8900.61 8904.89 8907.84 8905.52 8892.01 8869.6 8861.41 8863.06 8868.06 8876.5 8884.84 8897.06 8912.35 8933.53 8960.02 8991.79 9031.77 9068.96 9084.63 9099.19 9112.25 9120.76 9124.52 9124.47 9117.78 9105.69 9089.2 9098.71 9110.39 9100.13 9075.87 9094.33 9116.45 9119.68 9124.42 9122.84 9127.01 9134.42 9144.38 9156.76 9160.95 9155.17 9152.36 9151.79 9155.43 9164.67 9178.36 9178.72 9182.07 9195.45 9212.45 9200.16
9114.8 9117.12 9116.46 9116.62 9116.32 9110.8 9099.38 9078.09 9027.29 8962.4 8914.5 8899.99 8893.71 8894.51 8898.58 8900.42 8903.19 8905.29 8907.22 8892.61 8873.28 8860.14 8850.56 8850.57 8861.06 8877.57 8885.42 8902.59 8927.5 8957.18 8990.05 9029.17 9064.14 9102.88 9130.61 9135.58 9139.89 9146.61 9138.94 9123.48 9102.87 9088.49 9082.08 9086.68 9066.31 9073.58 9110.4 9134.46 9128.39 9134.35 9135.11 9137.65 9142.17 9149.79 9158.17 9163.01 9160.31 9158.46 9160.27 9164.75 9172.97 9183.48 9183.74 9183.75 9186.79 9193.26 9198.97
9122.49 9126.52 9122.81 9119.81 9118.97 9118.55 9114.18 9098.2 9045.31 8965.51 8907.38 8892.98 8888.97 8890.25 8898.05 8899.64 8897.18 8897.81 8894.93 8887.43 8873.64 8854.89 8835.57 8826.29 8822.02 8837.37 8862.02 8889.24 8917.4 8948.7 8980.13 9011.76 9051.08 9104.45 9139.48 9147.16 9157.73 9162.7 9153.77 9133.7 9107.41 9065.27 9061.09 9074.91 9068.39 9079.68 9118.52 9127.5 9132.63 9139.6 9142.8 9143.39 9147.09 9152.04 9155.46 9160.03 9161.7 9162.44 9164.54 9167.67 9172.14 9175.46 9176.57 9178.27 9178.73 9182.81 9194.9
9130.71 9132.97 9128.12 9123.09 9122.74 9125.78 9123.6 9111.22 9058.18 8970 8908.34 8888.07 8882.16 8882.98 8883.81 8881.04 8884.88 8885.41 8887.44 8880.82 8863.56 8837.94 8814.01 8801.15 8796.58 8804.29 8840.19 8876.23 8910.95 8943.65 8973.29 8998.01 9038.38 9098.62 9136.56 9157.61 9171.52 9183.39 9168.87 9149.94 9131.09 9118.74 9107.49 9084.7 9068.61 9088.6 9126.89 9138.41 9140.08 9146.98 9146.36 9147.5 9147.81 9152.86 9159.59 9161.33 9162.74 9164.88 9167.38 9169.78 9170.43 9167.47 9169.82 9176.81 9181.32 9186.99 9195.23
9131.65 9129.22 9128.62 9125.84 9125.48 9123.53 9126.03 9116.3 9067.29 8969.44 8909.33 8885.38 8877.07 8875.75 8876.83 8876.9 8871.76 8864.82 8859.4 8844.86 8821.91 8799.89 8786.1 8777.92 8781.85 8802.21 8830.94 8869.33 8908.45 8947.19 8982.36 9011.63 9054.83 9102.52 9134.57 9153.05 9175.29 9186.56 9178.63 9165.35 9154.3 9148.96 9141.31 9116.5 9092.51 9136.87 9157.43 9155.23 9138.93 9143.08 9144.22 9146.42 9146.24 9147.58 9157.95 9157.36 9161.41 9167.03 9171.22 9174.6 9175.43 9174.01 9176.15 9181.63 9185.96 9190.84 9196.9
9100.07 9107.76 9122.71 9130.63 9133.12 9128.56 9124.39 9108.26 9058.58 8964.3 8905.59 8882.59 8873.53 8870.15 8871.42 8878.99 8855.28 8833.98 8816.87 8791.09 8756.33 8765.93 8759.74 8755.45 8755.32 8781.29 8822.88 8866.8 8912.34 8956.73 9000.23 9050.25 9084.93 9112.89 9139.79 9157.07 9175.13 9185.87 9181.48 9174.37 9168.5 9165.8 9164.44 9170.53 9184.88 9193.94 9201.11 9188.1 9153.84 9143.5 9142.35 9145.94 9144.7 9138.23 9126.77 9147.73 9158.63 9166.48 9173.45 9178.86 9183.63 9188.75 9192.65 9190.59 9188.69 9193.49 9199.5
9006.78 9065.24 9110.68 9142.33 9144.95 9136.46 9120.53 9094.03 9039.71 8958.61 8905.37 8882.85 8868.61 8858.13 8850.21 8843.13 8816.92 8796.84 8774.4 8742.39 8737.79 8743.98 8745.21 8743.24 8747.83 8778.04 8822.38 8869.69 8917.79 8965.58 9011.11 9053.41 9093.51 9125.86 9143.96 9158.7 9167.43 9175.67 9178.24 9178.31 9177.52 9176.35 9175.8 9192.88 9208.98 9210.51 9226.71 9202.23 9174.68 9146.48 9144.59 9151.92 9150.95 9151.13 9155.85 9152.56 9159.77 9167.3 9174.76 9183.2 9190.96 9199.44 9205 9198.82 9194.05 9197.46 9203.84
8941.97 9029.07 9099.15 9147.09 9148.23 9136.29 9116.69 9086.02 9042.05 8975.64 8919.43 8889.56 8866.94 8846.14 8821.19 8790.77 8775.52 8765.73 8753.52 8746.79 8748.19 8746.79 8748.32 8748.65 8742.27 8787.9 8834.8 8882.7 8929.56 8977.39 9023.09 9059.7 9095.86 9116.44 9130.79 9142.1 9155.53 9164.82 9170.91 9174.22 9178.19 9184.57 9194.82 9185.98 9194.49 9214.24 9224.41 9193.32 9165.95 9164.31 9167.92 9165.55 9159.74 9156.9 9158.87 9157.51 9161.43 9167.88 9176.25 9185.76 9195.08 9204.54 9211.07 9205.25 9198.42 9204.11 9211.08
8948.79 9011.56 9085.17 9145.46 9154.32 9136.96 9109.13 9077.93 9040.16 8988.82 8938.79 8900.12 8869.9 8840.69 8807.82 8770.5 8753.07 8751.13 8746.92 8746.13 8756.13 8754.49 8763.13 8777.24 8791.84 8819.32 8854.47 8895.54 8939.35 8984.58 9032.44 9080.32 9104.27 9115.1 9123.25 9131.98 9143.84 9155.34 9163.25 9169.29 9175.61 9183.31 9189.22 9167.8 9179.72 9218.74 9223.01 9179.15 9177.86 9185.13 9190.76 9179.8 9168.84 9155.29 9150.95 9155.86 9160.64 9167.67 9175.41 9184.48 9195.02 9205.36 9211.52 9209.94 9207.29 9213.25 9219.41
8903.79 8984.5 9064.76 9120 9138.81 9122.03 9092.43 9061.33 9023.43 8980.87 8941.04 8904.71 8873.67 8843.72 8812.94 8777.53 8758.94 8754.47 8748 8746.75 8751.69 8757.55 8775.67 8804.6 8836.36 8846.09 8871.92 8906.93 8947.08 8987.57 9025.95 9065.73 9107.05 9132.82 9123.7 9125.63 9136.55 9147.12 9156.67 9164.34 9171.6 9176.18 9174.69 9154.76 9164.84 9202.48 9204.69 9172.73 9177.42 9192.26 9199.84 9187.44 9174.48 9161.69 9155.46 9155.85 9159.59 9165.04 9173.56 9183.59 9194.21 9204.7 9209.35 9216.52 9220.44 9223.63 9228.18
8858.56 8962.01 9064.76 9116.55 9130.21 9087.45 9060.93 9039.24 9011.54 8974.12 8934.96 8907.34 8881.53 8857.28 8832.26 8814.52 8799.19 8769.41 8752.55 8740.62 8741.75 8753.64 8774.2 8809.85 8839.99 8849.84 8874.46 8909.59 8948.86 8986.86 9017.66 9044.37 9070.3 9099.62 9111.7 9117.66 9128.8 9141.27 9152.24 9160.16 9166.73 9169.15 9164.3 9148.04 9172.98 9198.15 9197.84 9179.25 9201.45 9213.16 9200.33 9190.42 9174.84 9163.07 9154.87 9153.84 9155.59 9162.19 9170.64 9181.16 9192.63 9205.48 9220.48 9227.98 9230.55 9232.64 9235.25
8849.65 8936.37 9053.61 9059.05 8997.63 9004.32 9015.81 9019.25 8996.82 8942.58 8934.37 8920.94 8901.26 8878.02 8853.19 8826.46 8795.39 8781.85 8762.14 8743.78 8742.61 8747.56 8755.35 8769.45 8799.47 8830.39 8865.4 8903.03 8945.45 8989.3 9024.26 9043.54 9056.17 9087.44 9106.24 9112.94 9123.16 9136.68 9147.77 9156.84 9163.55 9166.65 9170.59 9173.67 9187.67 9209.1 9221.42 9214.63 9231.66 9237.14 9215.94 9192.52 9172.49 9155.66 9150.17 9148.71 9151.68 9158.65 9167.86 9179.2 9190.04 9201.47 9212.07 9226.49 9236.48 9237 9238.68
8870.46 8895.25 8886.35 8852.56 8826.37 8911.2 8972.65 9014.4 9032.91 8974.4 8960.08 8943.3 8921.79 8899.76 8876.34 8852.42 8829.72 8804.18 8777.91 8758.28 8750.01 8742.08 8736.58 8733.5 8760.75 8806.28 8848.8 8891.93 8938.22 8989.28 9036.37 9050.71 9048.84 9074.4 9091.83 9112.84 9120.44 9137.41 9149.92 9159.58 9164.21 9168.46 9171.87 9179.4 9189.6 9217.14 9239.83 9245.43 9244.48 9237.16 9207.45 9186.07 9166.14 9156.07 9143.1 9141.15 9145.2 9153.39 9163.37 9174.79 9185.44 9195.83 9206.07 9221.29 9232.74 9237.23 9240.64
8963.06 8885.75 8801.59 8780.58 8808.67 8878.1 8952.01 9019.97 9074.58 9046.61 9005.26 8970.74 8942.9 8920.87 8899.14 8884.52 8877.05 8827.04 8788.04 8766.75 8758.82 8746.29 8735.24 8730.89 8755.42 8796.04 8837.2 8877.54 8923.19 8979.11 9044.51 9053.58 9047.67 9085.78 9117.72 9123.73 9134.11 9145.15 9156.36 9164.55 9170.68 9173.64 9171.85 9168.46 9199.06 9220.73 9247.72 9248.62 9240.81 9226.85 9206.08 9173.75 9137.99 9119.65 9124.95 9131.45 9140.82 9150.93 9161.88 9173.1 9183.47 9192.9 9201.58 9210.02 9226.41 9236.77 9243.47
8937.18 8877.72 8798.52 8781.53 8813.5 8876.74 8951.99 9022.68 9084.92 9101.03 9040.13 8996.38 8962.29 8934.24 8911.13 8891.29 8866.03 8829.4 8789.83 8767.69 8766.02 8754.08 8747.26 8747.42 8767.5 8797.68 8830.97 8864.3 8896.72 8933.78 8984.37 9024.98 9054.6 9085.38 9111.95 9130.66 9144.9 9156.05 9167.9 9176.76 9186.31 9190.84 9193.22 9202.54 9212.31 9231.64 9249.15 9241.49 9223.33 9206.66 9181.02 9153.09 9117.05 9087.23 9109.73 9126.02 9139.8 9147.35 9158.64 9170.51 9180.8 9190.87 9201.19 9202.12 9225.22 9239.42 9248.07
8944.79 8894.28 8794.06 8786.31 8823.89 8888.57 8962.88 9031.76 9080.99 9081.69 9046.01 9010.53 8975.51 8944.33 8915.75 8889.87 8868.97 8827.76 8794.73 8774.65 8764.84 8760.42 8760.1 8774.15 8785.29 8806.75 8832.11 8855.4 8872.14 8876.76 8888.94 8977.87 9050.92 9087.41 9106.65 9125.27 9146.65 9164 9177.59 9188.75 9202.01 9212.65 9224.37 9248.56 9239.27 9231.59 9239.94 9218.93 9190.44 9159.78 9145.29 9131.32 9118.54 9116.49 9112.48 9123.64 9135.53 9147.11 9151.43 9160.72 9171.16 9185 9209.75 9235.31 9239.25 9250.27 9258.65
9003.39 8966.24 8846.95 8806.83 8845.87 8913.76 8983.65 9058.41 9125.57 9078.56 9043.09 9013.83 8982.92 8949.84 8917.91 8883.99 8846.1 8810.26 8786.74 8772.33 8764.81 8767.27 8769.64 8780.98 8799.83 8821.32 8842.82 8861.84 8874.05 8870.56 8872.02 8969.09 9046.48 9098.29 9130.85 9148.08 9165.24 9179.05 9190.47 9200.26 9215.18 9234.32 9255.73 9284.99 9266.26 9236.37 9225.01 9195.08 9162.32 9131.66 9112.77 9107.61 9098.45 9102.57 9115.59 9124.37 9134.27 9143.86 9153.36 9162.67 9172.87 9195.81 9211.69 9233.59 9249.07 9273.76 9287.85
8889.79 8958.88 8976.84 8857.61 8896.86 8947.34 9000.08 9055.29 9080.15 9063.56 9038.31 9010.34 8980.82 8951.71 8919.61 8882.1 8835.02 8800.82 8773.94 8776.15 8778.83 8786.11 8791.28 8797.37 8822.75 8842.94 8861.68 8882.02 8905.84 8938.92 8974.15 9022.55 9071.6 9107.25 9154.15 9187.13 9191.41 9193.86 9201.02 9209.24 9225.05 9246.41 9282.87 9309.28 9280.64 9240.77 9213.72 9189.71 9161.93 9113.81 9081.5 9077.35 9109.41 9120.51 9125.74 9133.45 9143.5 9152.7 9183.25 9193.08 9199.11 9206.01 9201.13 9206.62 9263.92 9309.86 9326.89
8737.48 8832.65 8996.93 9014.39 8984.05 8986.9 9000.31 9015 9015.11 9029.48 9019.77 8999.23 8975.99 8951.05 8924.57 8895.27 8866.55 8841.97 8818.89 8808.78 8808.16 8818.11 8840.44 8854.74 8857.43 8869.46 8884.87 8905.82 8935.46 8983.02 9033.03 9055.97 9088.84 9121.57 9166.29 9205.83 9201.14 9196.79 9201.18 9210.17 9222.95 9237.57 9258.97 9276.46 9237.56 9192.32 9173.19 9185.93 9180.34 9105.36 9066.63 9078.99 9106.23 9125.37 9141.49 9154.63 9168.01 9189.7 9203.75 9216.59 9232.01 9231.88 9225.07 9255.83 9337.25 9371.89 9372.46
8701.49 8746.05 8913.12 9038.62 9032.03 9010.5 8993.61 8977.36 8990.31 8998.36 8996.4 8986.89 8970.64 8953.3 8933.55 8914.52 8899.45 8883.35 8863.34 8855.52 8850.38 8857.56 8873.1 8884.19 8886.75 8893.97 8907.07 8926.59 8951.3 8979.52 9019.51 9063.21 9092.19 9118.23 9156.87 9184.91 9181.35 9184.88 9192.89 9205.39 9218.29 9226.38 9227.72 9269.69 9213.84 9157.37 9148.77 9156.76 9144.49 9094.68 9069.03 9084.61 9106.06 9135.88 9159.5 9173.44 9194.04 9210.8 9228.2 9250.23 9267.48 9281.41 9294.69 9403.08 9475.32 9434.67 9405.73
8705.99 8725.3 8887.3 9031.03 9035.16 9012 8985.67 8968.15 8992.27 8995.22 8990.94 8980.75 8970.44 8958.04 8945.63 8933.51 8925.43 8926.6 8915.68 8900.59 8895.61 8897.15 8899.31 8904.53 8909.49 8917.29 8930.32 8945.46 8964.53 8986.88 9025.78 9066.89 9087.17 9093.89 9108.75 9115.22 9140.23 9160.56 9177.66 9196.12 9214.87 9231.76 9249.79 9276.5 9199.76 9138.59 9114.69 9108.04 9094.92 9088.14 9093.57 9108.21 9144.62 9159.43 9172.86 9191.69 9212.7 9233.68 9254.09 9274.94 9303.84 9341.58 9378.45 9498.73 9534.76 9416.37 9369.24
8733.24 8749.07 8916.66 9022.56 9024.14 9007.16 8985.37 8961.45 8989.52 8990.22 8982.57 8973.79 8968.18 8961.88 8955.07 8948.15 8939.04 8923.56 8932.61 8931.11 8929.64 8930.04 8923.01 8924.2 8930.35 8939.17 8949.27 8962.76 8977.43 9004.55 9038.82 9067.1 9084.36 9082.91 9074.67 9079.75 9109.03 9137.52 9162.25 9185.98 9207.89 9230.48 9255.35 9251.67 9175.08 9092 9048.05 9048.21 9069.86 9097.11 9109.06 9142.7 9172.94 9183.88 9196.91 9206.41 9226.61 9239.58 9257.39 9280.67 9317.81 9372.87 9442.95 9411.28 9333.82 9265.56 9219.22
8815.71 8880.6 8942.82 8984.5 8993.25 8991.68 8988 8992.98 8992.62 8980.91 8968.61 8965.43 8964.42 8963.35 8961.02 8961 8961.32 8967.09 8965.31 8955.11 8943.58 8931.07 8933.29 8939.33 8947.68 8957.39 8968.36 8980.47 8991.97 9002.63 9061.61 9107.13 9099.13 9079.09 9059.16 9058.79 9089.36 9119.23 9146.56 9172.26 9197.11 9214.33 9224.95 9227.63 9136.92 9063.17 9014.86 9027.67 9097.96 9156.24 9198.56 9202.72 9207.84 9212.06 9219.46 9229.77 9232.84 9239.08 9256.54 9275.53 9295.63 9326.71 9343.17 9225.16 9081.96 9061.74 9030.82
8920 9005.83 8933.94 8935.38 8949.72 8964.01 8977.61 8999.49 8996.27 8975.74 8950.32 8961.69 8966.89 8968.77 8969.85 8972.89 8980.77 8989.48 8988.42 8975.34 8961.25 8950.93 8945.37 8953.62 8962.93 8972.77 8984.97 9000.1 9018.61 9042.07 9081.41 9116.05 9110.58 9079.67 9040.94 9054.91 9084.91 9115.47 9141.4 9165.72 9187.22 9201.61 9211.43 9193.18 9128.91 9080.79 9039.46 9065.31 9153.68 9210.72 9244.47 9216.03 9213.53 9243.39 9253.53 9256.65 9248.14 9245.88 9245.54 9242.6 9236.38 9219.9 9166.41 9060.9 8924.28 8913.02 8891.36
8921.85 8927.74 8890.25 8897.85 8913.79 8927.88 8946.06 8982.97 8996.34 8986.3 8978.59 8972.69 8973.1 8973.93 8975.25 8978.41 8986.03 9002.07 9000.17 8989.3 8979.37 8964.81 8961.4 8972.9 8980.62 8988.73 9000.6 9016.57 9040.53 9065.98 9071.72 9080.98 9084.59 9068.03 9050.62 9074.56 9095.55 9119.36 9142.6 9161.37 9178.06 9190.81 9202.14 9188.59 9159.07 9128.13 9104.2 9122.16 9184.58 9227.93 9226.4 9225.13 9258.65 9298.17 9311.26 9297.14 9275.89 9246.62 9220.93 9197.19 9167.09 9123.2 9063.2 8974.11 8885.81 8839.3 8808.3
8859.46 8857.07 8862.12 8868.91 8880.27 8897.41 8921.42 8972.29 8998.96 8996.8 8989.21 8981.66 8979.72 8978.69 8978.22 8978.74 8980.57 8981.26 8990.41 8998.2 9001.51 9006.97 9003.37 8997.91 8998.27 9002.05 9009.54 9023.52 9044.57 9064.41 9069.57 9075.21 9081.79 9071.31 9067.85 9085.31 9109.68 9132.63 9150.97 9165.26 9174.07 9182.05 9199.05 9192.66 9165.66 9152.47 9147.21 9159.36 9215.87 9257.54 9261.47 9280.38 9367.45 9386.43 9374.06 9340.23 9293.42 9241.7 9184.94 9136.95 9088.62 9034.47 8966.13 8894.64 8845.35 8754.04 8708.09
8835.74 8834.39 8835.6 8850.98 8864.2 8879.71 8909.51 8986.38 9011.4 9007.54 8993.36 8988.74 8986.46 8983.57 8980.67 8978.48 8977.72 8981.8 8994.75 9006.91 9017.82 9027.99 9028.7 9019.17 9013.75 9012.27 9013.72 9018.62 9027.11 9043.83 9064.37 9069.95 9067.8 9067.36 9080.33 9099.77 9128.87 9152.14 9165.88 9172.71 9175.37 9177.83 9199.45 9195.77 9177.45 9169.95 9163.63 9186.47 9251.95 9304.04 9302.17 9308.35 9453.04 9469.38 9425.88 9358.52 9283.7 9211.16 9133.17 9061.79 8998.15 8945.27 8869.8 8772.13 8664.88 8601.38 8556.57
