real_craters/C111-300m.grd
DSAA
235 235
-35.14 35.14
-35.14 35.14
7985.6671402473 9691.8037038671
[rows 30 to 59 of 235, columns 67 to 133 of 235]
9104.62 9109.44 9109.3 9108.76 9108.28 9110.81 9120.27 9137.74 9153.49 9161.13 9153.99 9142.36 9131.32 9122.82 9120.08 9119.92 9123.17 9127.8 9133.54 9139.72 9146.47 9153.48 9160.84 9168.91 9177.43 9186.92 9196.51 9196.98 9177.66 9155.42 9136.04 9121.33 9115.67 9116.4 9120.04 9125.22 9131.14 9137.67 9144.7 9152.63 9161.7 9172.44 9185.11 9200.64 9211.45 9193.08 9173.34 9155.72 9141.44 9129.66 9120.72 9117.73 9122.45 9132.25 9151.44 9158.38 9157.57 9154.62 9151.09 9147.71 9146.12 9146.82 9146.83 9149.22 9150.47 9151.3 9151.66
9105.66 9111.36 9112.04 9112.1 9110.35 9110.91 9120.32 9144.93 9168.67 9176.7 9164.97 9143.78 9129.65 9120.34 9115.89 9115.11 9119.11 9124.72 9130.22 9136.32 9142.47 9148.84 9155.01 9162.02 9169.6 9178 9186.54 9185.96 9168.88 9149.34 9132.12 9118.26 9112.91 9113.75 9117.39 9122.67 9128.86 9135.5 9142.62 9150.96 9159.5 9168.7 9178.24 9186.82 9190.21 9182.17 9169.12 9154.89 9142.02 9131.37 9123.65 9122.75 9131.21 9152.65 9175.06 9172.55 9167.07 9162.52 9158.7 9154.75 9150.3 9149.77 9153.56 9155.16 9155.56 9155.51 9155.13
9102.58 9106.71 9109.41 9111.01 9111.22 9113.97 9125.91 9152.86 9182.17 9192.23 9169.31 9144.27 9129.45 9117.91 9111.27 9115.17 9118.18 9122.59 9127.14 9131.99 9136.99 9142.27 9147.35 9152.73 9157.74 9162.57 9167 9164.9 9153.74 9139.68 9125.73 9114.63 9109.7 9111.07 9115.01 9120.32 9126.39 9132.84 9139.72 9146.8 9154.26 9161.32 9166.74 9169.43 9170.63 9167.75 9160.48 9150.92 9140.98 9132.89 9127.14 9128.95 9142.4 9167.06 9182.2 9176.85 9171.12 9167.71 9165.45 9163.26 9160.33 9160.5 9162.23 9162.21 9161.15 9159.96 9158.61
9098.66 9102.62 9105.93 9108.85 9110.68 9116.02 9129.3 9155.86 9184.89 9196.8 9174.07 9145.16 9131.02 9119.67 9114.07 9116.72 9118.31 9120.41 9123.48 9127.51 9131.59 9135.69 9139.11 9142.16 9144 9144.13 9142.2 9140.65 9136.56 9128.73 9118.83 9110.12 9106.25 9108.81 9113.02 9118.14 9123.87 9130.02 9136 9142.26 9148.4 9153.1 9156.01 9155.51 9155.77 9155.97 9152.15 9145.7 9138.72 9132.28 9128.23 9130.13 9145.12 9165.77 9170.1 9169.06 9168.52 9169.47 9171.39 9173.36 9174.81 9174.98 9171.02 9169.65 9166.88 9164.34 9162.04
9096.06 9100.93 9102.93 9102.73 9106.86 9116.26 9129.53 9154.9 9178.64 9188.16 9169.32 9144.31 9131.37 9123.18 9119.22 9118.28 9117.05 9117.91 9120.09 9122.89 9125.61 9128.51 9130.99 9132.31 9131.65 9128.34 9122.49 9122 9122.59 9119.36 9113.87 9108.27 9106.08 9108.23 9111.95 9116.54 9121.58 9126.63 9132.44 9137.19 9142.07 9145.78 9148.2 9149.61 9149.71 9148.59 9146.32 9142.28 9137.33 9132.82 9129.65 9130.92 9142.53 9155.41 9153.85 9156.16 9161.99 9168.44 9175.49 9182.51 9187.53 9186.44 9181.81 9175.98 9171.53 9167.85 9164.81
9094.48 9098.44 9099.28 9097.72 9103.72 9118 9136.1 9155.35 9170.36 9176.01 9164.5 9139.68 9126.67 9118.99 9114.81 9112.51 9113.32 9114.44 9116.13 9118.26 9120.4 9122.25 9123.69 9124.16 9122.63 9118.92 9113.5 9113.52 9114.44 9113.15 9110.52 9107.59 9106.83 9108.24 9111.48 9115.78 9119.94 9124.47 9129 9133.11 9137.07 9139.91 9142.23 9144.6 9144.38 9143.48 9142.18 9140.07 9137.02 9134.17 9132.37 9133.67 9141.29 9148.49 9143.05 9145.43 9155.41 9165.94 9177.16 9189.05 9197.89 9194.49 9187.86 9178.94 9173.36 9168.84 9165.2
9093.45 9095.96 9096.11 9094.98 9101.21 9118.28 9139.2 9153.49 9161.42 9164.65 9154.77 9136.95 9120.12 9110.1 9108.6 9109.12 9109.1 9110.57 9112.09 9113.97 9115.57 9116.85 9117.98 9118.32 9117.34 9115.24 9112.29 9111.3 9110.83 9109.99 9108.79 9107.3 9106.43 9109.21 9111.88 9115.23 9118.78 9122.55 9126.2 9129.95 9132.54 9134.81 9136.35 9137.48 9139.26 9140.09 9139.97 9139.42 9138.36 9137.16 9136.27 9137.68 9147.56 9154.38 9142.53 9141.01 9149.91 9161.13 9173.78 9188.56 9202.27 9195.45 9187.94 9179 9173.66 9169.43 9165.95
9092.99 9094.76 9094.92 9093.57 9099 9114.98 9133.35 9145.23 9149.7 9149.78 9139.66 9127.31 9112.98 9104.04 9103.45 9105.18 9105.17 9106.49 9107.88 9109.49 9110.97 9112.24 9113.33 9113.74 9113.78 9113.97 9113.97 9111.38 9109.55 9108.81 9108.46 9108.31 9110.32 9110.54 9112.49 9115.25 9118.24 9121.37 9124.83 9127.19 9129.56 9130.73 9131.88 9133.58 9135.66 9138.1 9139.58 9140.16 9141.2 9140.57 9140.21 9143.65 9155.73 9157.87 9145.38 9140.51 9146.08 9155.24 9165.77 9176.36 9184.56 9185.66 9182.31 9177.92 9171.66 9168.33 9165.52
9092.54 9093.93 9094.51 9092.48 9095.87 9109.75 9124.68 9134 9136.06 9132.54 9123.1 9113.78 9103.87 9097.8 9097.48 9098.64 9100.51 9102.04 9103.89 9105.5 9107.07 9108.5 9109.49 9110.22 9110.6 9111.08 9111.43 9109.98 9108.75 9108.38 9108.3 9108.53 9108.14 9110.65 9113.08 9115.19 9117.52 9120.16 9122.81 9125.03 9126.75 9128.15 9129.34 9129.33 9133.99 9138.21 9141 9142.75 9144.81 9145.55 9144.91 9145.2 9154.01 9153.85 9144.69 9139.16 9142.68 9149.09 9156.15 9162.47 9167.21 9171.94 9173.29 9172.13 9167.65 9165.6 9163.62
9092.3 9092.8 9092.14 9091.38 9094.14 9105.36 9116.94 9123.49 9122.92 9118.97 9109.7 9103.86 9099 9097.6 9094.35 9094.54 9096.35 9098.09 9100.02 9102.03 9103.56 9104.89 9106.54 9107.12 9107.65 9107.01 9106.95 9107.82 9107.74 9107.98 9108.52 9109.43 9111.17 9112.55 9113.51 9114.57 9116.64 9119 9120.72 9122.71 9125.08 9127.09 9130.49 9134.01 9135.61 9139.42 9143.04 9146.38 9148.69 9151.1 9151.52 9151.63 9154.79 9151.72 9144.08 9138.79 9140.42 9144.28 9148.41 9151.46 9155.09 9161.39 9165.16 9165.99 9163.69 9163.01 9161.97
9093.69 9091.64 9090.85 9091.27 9095.35 9102.66 9110.69 9114.69 9110.9 9104.05 9100.26 9097.1 9095.09 9094.63 9093.23 9092.81 9093.83 9095.5 9097.3 9098.83 9100.82 9102.25 9103.55 9104.6 9105.53 9106.48 9106.43 9106.66 9106.93 9107.73 9108.61 9109.99 9111.55 9113.31 9113.92 9114.5 9115.68 9117.14 9119.88 9121.5 9124.26 9126.57 9129.4 9132.92 9136.35 9140.77 9145.38 9149.67 9153.91 9157.72 9159.43 9158.66 9157.67 9151.72 9144.66 9140.31 9139.53 9141.31 9143.78 9146.23 9149.92 9154.86 9159.46 9161.04 9162.02 9160.29 9160.09
9089.7 9089.34 9088.78 9090.05 9093.5 9098.97 9105.35 9108.15 9102.88 9096.62 9095.87 9091.83 9089.1 9089.14 9090.89 9090.96 9091.88 9093.19 9095.38 9096.72 9098.86 9100.37 9101.76 9102.68 9103.56 9105.12 9105.89 9105.8 9106.35 9107.3 9108.46 9110.03 9111.65 9113.38 9113.69 9114.23 9115.24 9116.24 9118.71 9120.87 9123.76 9126.31 9128.62 9132.32 9136.79 9141.51 9146.7 9152.49 9158.57 9164.05 9169.56 9169.54 9165.32 9151.83 9144.12 9139.5 9138.85 9140.18 9141.78 9144.31 9147.16 9150.38 9153.75 9156.89 9158.91 9159.2 9157.98
9086.59 9088 9088.51 9088.7 9089.61 9094.13 9100.35 9103.81 9098.59 9095.82 9090.57 9086.9 9085.91 9088.73 9087.87 9088.32 9089.86 9091.62 9093.56 9095.42 9097.39 9099.11 9100.54 9101.47 9101.53 9100.72 9102.6 9104.51 9105.67 9106.7 9107.87 9109.44 9110.74 9112.41 9112.7 9113.75 9114.41 9115.86 9117.94 9120.59 9123.07 9126.08 9130.42 9133.66 9136.98 9141.74 9147.02 9153.32 9160.82 9168.65 9178.43 9180.12 9162.35 9149.22 9143.55 9138.98 9140.4 9141.64 9141.31 9141.48 9144.28 9147.66 9150.59 9153.46 9154.95 9155.43 9156.19
9089.02 9088.43 9087.71 9087.04 9086.75 9089.75 9095.21 9097.94 9093.27 9088.13 9085.37 9083.46 9081.94 9083.46 9084.35 9085.84 9087.94 9090 9092.43 9094.16 9096.18 9097.92 9099.8 9101.01 9101.73 9101.5 9102.87 9104.36 9105.51 9106.41 9107.38 9108.64 9109.7 9111.31 9111.55 9112.89 9114.01 9115.68 9117.62 9119.8 9122.24 9124.62 9126.91 9131.72 9136.05 9140.35 9145.2 9151.04 9158.24 9166.49 9175.98 9173.74 9152.34 9144.63 9145.97 9148.28 9149.63 9146.59 9142.87 9141.22 9143.47 9146.59 9149.33 9151.58 9152.52 9151.7 9152.47
9089.92 9088.12 9087.6 9087.22 9085.11 9086.61 9091.14 9092.65 9086.38 9082.39 9082.94 9081.47 9079.57 9079.61 9080.96 9084.15 9087.01 9089.02 9091.33 9093.57 9095.68 9097.6 9099.54 9101.57 9103.6 9105.14 9105.11 9105.33 9105.76 9106.37 9107.04 9107.92 9108.28 9109.53 9110.3 9112.02 9113.63 9115.42 9117.57 9119.65 9121.56 9124 9127.29 9130.64 9134.44 9138.66 9143.05 9147.41 9152.63 9157.55 9161.15 9154.61 9140.58 9140.57 9149.87 9160.54 9160.65 9152.29 9145.36 9142.82 9145.07 9147.65 9149.87 9149.88 9150.29 9150.31 9150.85
9086.28 9085.83 9085.64 9085.4 9085.1 9086.96 9089.03 9089.34 9083.03 9077.4 9077.59 9080.46 9080.62 9080.36 9081.25 9084.05 9086.79 9088.92 9091.03 9092.87 9095.2 9097.37 9099.47 9102.04 9105.22 9107.48 9106.7 9106.23 9106.31 9106.59 9107.07 9107.43 9107.42 9107.79 9109.47 9111.78 9113.59 9115.55 9117.65 9119.75 9121.5 9123.8 9126.55 9129.96 9133.37 9136.7 9140.19 9143.47 9146.21 9147.19 9146.24 9140.67 9136.63 9142.64 9153.24 9161.67 9162.39 9155.37 9148.16 9145.27 9148.17 9149.39 9150.66 9149.49 9149.06 9150.36 9149.52
9086.38 9084.32 9083 9082.52 9083.51 9085.58 9087.06 9087.82 9082.46 9077.29 9076.75 9082.27 9083.92 9084.43 9084.5 9085.41 9087.48 9089.71 9091.82 9093.43 9095.19 9097.35 9099.26 9101.46 9104.58 9107.06 9106.67 9106.78 9107.1 9107.42 9107.45 9107.59 9107.66 9108.27 9109.94 9112.06 9114.06 9116.34 9118.21 9120.49 9122.37 9124.71 9126.4 9129.91 9132.86 9135.51 9137.92 9139.52 9140.32 9139.4 9137.18 9135.31 9142.81 9152.7 9157.1 9160.37 9160.79 9156.77 9153.12 9152.65 9153.58 9153.15 9152.01 9151.71 9150.9 9151.49 9151.35
9086.82 9082.92 9080.94 9079.63 9080.2 9081.72 9084.58 9085.56 9080.88 9077.66 9078.26 9083.72 9086.83 9088.56 9087.57 9087.13 9088.17 9090.24 9091.89 9094.31 9096.46 9098.14 9099.44 9100.4 9101.05 9103.13 9105.4 9107.06 9107.96 9108.65 9108.39 9108.37 9108.8 9110.03 9111.32 9112.99 9115.14 9117.67 9119.73 9121.78 9123.57 9126.78 9129.53 9130.53 9132.36 9134.14 9136.67 9137.34 9137.27 9135.66 9134.38 9136.99 9149.43 9160.49 9158.51 9156.19 9155.25 9156.31 9159.45 9160.77 9159.26 9156.79 9155.45 9154.09 9153.51 9152.35 9152.28
9088.9 9082.95 9081.57 9078.83 9079.41 9081.85 9084.23 9084.61 9082.57 9080.78 9081.27 9084.16 9088.38 9089.86 9087.42 9085.84 9087.47 9089.76 9092.78 9095.3 9098.03 9099.53 9100.55 9100.61 9099.93 9101.76 9105.84 9108.69 9110.12 9110.99 9111.01 9109.23 9110.15 9111.06 9112.33 9114.1 9116.69 9119.51 9121.79 9123.57 9124.85 9127.34 9129.39 9131.33 9133.08 9134.83 9135.61 9135.98 9135.21 9134.6 9136.27 9141.46 9152.19 9159.83 9154.97 9149.75 9146.48 9155.51 9164.86 9166.54 9164.06 9160.86 9159.11 9157.27 9156.55 9155 9155.64
9099.98 9092.9 9087.89 9080.93 9079.99 9085.68 9086.11 9082.76 9080.16 9083.01 9085.1 9084.42 9084.69 9082.37 9082.41 9083.95 9086.97 9090.96 9095.46 9098.7 9101.44 9103.05 9103.65 9102.9 9102.75 9105.04 9108.79 9111.74 9113.1 9113.85 9113.44 9112.75 9111.36 9111.66 9112.79 9115.25 9119.09 9122.54 9124.73 9125.9 9126.71 9127.38 9129.59 9132.52 9134.96 9136.67 9137.4 9136.98 9136.07 9135.96 9140.99 9151.73 9152.1 9150.69 9147.92 9145.96 9147.33 9156.17 9167.71 9169.67 9167.44 9164.93 9162.97 9161.83 9161.93 9160.52 9158.89
9118.01 9116.35 9098.09 9080.34 9077.18 9088.27 9087.79 9078.23 9076.54 9087.16 9091.59 9087.99 9082.88 9076 9077.85 9082.62 9087.94 9093.28 9097.94 9102.19 9106.21 9108.21 9109.2 9108.23 9107.34 9110.23 9113.75 9116.22 9117.73 9118.33 9117.73 9116.38 9113.77 9112.39 9112.51 9117.45 9122.71 9127.41 9131.15 9131.67 9129.27 9128.1 9131.09 9136.07 9139.64 9141.53 9141.56 9140.46 9139.12 9138.21 9144.8 9156.52 9150.47 9142.36 9141.79 9143.63 9146.28 9155.32 9167.32 9167.7 9168.14 9167.2 9166.38 9166.75 9165.46 9163.47 9162.05
9127.03 9128.08 9105.79 9082.68 9076.07 9089.18 9089.47 9078.94 9076.42 9093.93 9100.21 9100.41 9092.8 9080.72 9077.79 9083.26 9090.61 9097.03 9102.49 9107.61 9111.63 9114.34 9116.4 9117.33 9118.31 9119.54 9121.26 9123.39 9124.26 9124.4 9123.65 9121.69 9119.45 9116.22 9116.67 9121.85 9129.78 9136.24 9139.31 9139.95 9136.68 9129.96 9136.64 9144.07 9147.96 9149.02 9148.93 9147.27 9145.39 9142.61 9145.53 9152.79 9149.21 9141.67 9140.97 9144.39 9149.75 9153.53 9155.07 9162.71 9167.64 9169.84 9170.36 9169.9 9168.38 9166.82 9165.15
9124.21 9124.37 9108.22 9091.97 9086.73 9099.71 9098.37 9082.78 9083.23 9098.94 9102.09 9096.76 9093.24 9083.56 9080.44 9087.73 9096.05 9103.11 9108.64 9114.01 9117.85 9121.96 9125.36 9127.77 9129.62 9130.1 9130.85 9131.25 9131.26 9131.27 9130.79 9128.89 9127.06 9123.29 9118.43 9130.21 9139.85 9146.88 9151.95 9155.02 9154.52 9146.15 9153.46 9158.09 9159.88 9160.39 9159.31 9157.17 9154.62 9155.1 9155.47 9156.43 9153.09 9146.48 9143.76 9147.15 9152.82 9155.04 9156.7 9163.97 9170.23 9172.61 9173.66 9173.46 9171.69 9170.04 9167.1
9114.43 9110.04 9104.6 9104.62 9113.24 9116.37 9111.5 9087.64 9082.7 9098.91 9102.57 9097.69 9097.46 9089.73 9088.22 9096.74 9104.22 9110.6 9116.56 9120.92 9125.96 9131.09 9135.45 9139.22 9140.24 9140.78 9140.59 9139.96 9139.55 9139.38 9139.3 9138.62 9139.19 9139.66 9138.98 9149.05 9155.13 9160.62 9166.55 9173.77 9181.67 9187.37 9179.46 9175.93 9174.14 9172.87 9171.26 9168.79 9164.25 9163.54 9174.53 9173.78 9163.6 9151.38 9147.01 9152.73 9157.72 9159.89 9163.43 9171.19 9175.56 9177.09 9177.58 9177.17 9175.93 9171.77 9169.45
9104.41 9094.86 9096.16 9105.24 9114.36 9117.86 9111.22 9083.72 9078.33 9091.24 9102.77 9108.46 9111.7 9108.56 9109.28 9111.41 9114.97 9119.52 9123.06 9128.31 9133.97 9139.63 9145.85 9152.01 9154.28 9151.45 9149.53 9147.93 9147.28 9147 9147.95 9148.91 9152.5 9159.09 9172.46 9172.4 9170.72 9173.42 9179.23 9188.58 9201.89 9211.15 9198.85 9191.17 9187.27 9185.49 9184.26 9183.7 9180.68 9166.96 9186.63 9191.45 9178.97 9164.57 9158.58 9165.35 9170.6 9175.9 9181.65 9182.68 9183.09 9182.54 9180.76 9179.32 9177.37 9173.88 9171.55
9099.39 9090 9091.76 9099.9 9107.52 9104.55 9094.58 9080.64 9075.3 9087.7 9107.55 9118.01 9120.96 9123.63 9128.03 9125.05 9125.17 9127.52 9130 9134.4 9139.85 9145.83 9153.21 9161.47 9163.59 9159.11 9156.5 9154.33 9153.69 9153.11 9154.51 9157.56 9162.63 9170.23 9178.47 9181.3 9180.25 9181.16 9185.54 9193.45 9204.78 9210.93 9204.43 9199.25 9196.32 9195.66 9196.88 9200.32 9207.15 9222.01 9216.37 9206.81 9195.87 9186.91 9183.37 9184.8 9188.19 9194.63 9197.82 9192.56 9188.81 9186.5 9183.13 9180.69 9178.31 9176 9173.41
9097.03 9093.45 9092.15 9089.73 9094.03 9087.07 9072.79 9068.8 9075.79 9094.14 9119.75 9131.46 9124.72 9128.74 9132.78 9132.98 9133.11 9133.93 9135.71 9139.16 9143.64 9149.61 9155.44 9162.45 9164.86 9162.22 9159.45 9157.24 9157.58 9158.18 9160.26 9163.36 9168.29 9174.99 9182.57 9185.42 9183.63 9183.44 9185.46 9189.49 9195.18 9200.01 9200.62 9200.56 9200.83 9202.46 9205.68 9211.61 9220.77 9229.52 9222.39 9215.48 9209.17 9206 9206.26 9203.28 9203.72 9206.77 9205.62 9198.68 9193.46 9190.23 9186.59 9183.26 9180.45 9177.78 9175.19
9092.66 9076.83 9067.86 9072.18 9079.48 9075.48 9064.67 9066.03 9083.49 9113.37 9129.52 9136.35 9127.69 9131.1 9135.5 9137.49 9138.66 9139.38 9141.09 9143.74 9147.07 9150.9 9154.27 9156.7 9160.39 9162.07 9160.5 9160.2 9160.17 9161.11 9163.91 9166.67 9170.74 9175.45 9180.4 9182.8 9182.11 9181.74 9182.34 9182.65 9180.99 9186.69 9194.51 9198.98 9202.12 9205.64 9210.38 9215.61 9222.22 9227.02 9222.08 9218.64 9216.59 9216.39 9217.26 9214.62 9213.16 9213.96 9209.02 9201.89 9196.12 9192.2 9187.97 9184.37 9180.68 9177.79 9175.09
9093.93 9065.32 9035.64 9065.48 9074.28 9072.18 9068.14 9071.43 9085.98 9114.99 9124.86 9127.9 9126.16 9134.15 9138.5 9141.01 9142.68 9144.18 9144.13 9146.15 9149.07 9152.07 9154.47 9155.76 9159.04 9161.44 9161.68 9161.94 9162.6 9163.97 9165.67 9167.9 9170.86 9173.24 9175.5 9177.18 9177.14 9177.94 9178.89 9178.92 9178.72 9183.64 9191.42 9197.72 9202.59 9206.64 9211.25 9215.92 9218.62 9217.93 9217.66 9219 9219.3 9220.03 9221.75 9218.79 9215.94 9212.41 9207.08 9201.66 9196.58 9193.62 9189.85 9186.52 9183.29 9179.57 9177.17
9110.09 9097.49 9101.25 9086.54 9080.12 9072.75 9067.51 9072.2 9085.08 9108.98 9121.29 9129.17 9138.83 9139.35 9142.13 9144.67 9145.48 9145.55 9145.53 9147.52 9149.82 9152.76 9155.94 9158.55 9160.46 9161.83 9162.74 9163.27 9164.43 9165.62 9167.2 9168.67 9170 9170.69 9169.79 9167.83 9171.97 9175.25 9177.52 9179.22 9180.87 9185.42 9191.56 9197.22 9202.56 9207.14 9211.67 9215.55 9218.12 9218.98 9218.67 9219.47 9219.73 9219.25 9217.79 9216.78 9216.19 9211.71 9202.97 9200.11 9197.7 9193.59 9190.27 9187.39 9184.74 9182.16 9179.83
