real_craters/C111-1000m.grd
DSAA
41 41
-20.08 20.08
-20.08 20.08
7814.2273230828 9971.0906240523
9279.91 9296.6 9312.24 9315.48 9317.69 9301.97 9281.06 9275.96 9282.26 9287.42 9288.96 9294.97 9302.07 9309.28 9315.52 9306.38 9302.8 9306.63 9314.85 9317.88 9312.89 9307.09 9311.73 9324.28 9291.93 9266.46 9248.02 9226.18 9229.27 9230.34 9231.87 9200.19 9174.28 9152.64 9163.92 9166.51 9165.8 9168.15 9171.8 9177.08 9187.71 
9277.63 9301.47 9318.95 9326.17 9322.89 9306.51 9291.08 9278.04 9277.42 9284.86 9289.89 9295.07 9302.52 9306.9 9310.42 9313.87 9320.47 9328.86 9331.45 9338.83 9341.5 9328.43 9325.21 9326.02 9301.65 9280.81 9264.55 9249.97 9236.91 9231.54 9206.92 9186.77 9166.32 9164.59 9160.29 9158.22 9156.67 9155.86 9165.27 9183.74 9200.7 
9281.45 9308.42 9332.4 9325.69 9312.91 9295.71 9281.01 9279.25 9273.97 9272.34 9283.65 9295.94 9304.97 9310.83 9312.64 9319.09 9326.06 9332.74 9350.17 9362.31 9362.66 9361.53 9345.93 9329.79 9321.07 9307.13 9279.24 9259.56 9260.4 9237.58 9206.99 9179.84 9162.31 9159.26 9156.58 9153.74 9152.22 9157.41 9167.49 9178.18 9187.79 
9301.91 9305.91 9311.31 9317.62 9302.5 9288.45 9287.8 9284.04 9283.55 9282.32 9286.56 9302.16 9312.52 9318.49 9320.28 9328.56 9334.56 9343.63 9374.74 9398.27 9402.66 9384.35 9362.09 9336.18 9326.97 9312.9 9287.37 9266.29 9266.24 9241.99 9196.71 9167.86 9158.87 9154.62 9156.8 9157.39 9154.23 9158.3 9166.28 9175.58 9189.19 
9302.77 9294.61 9296.52 9304.19 9301.39 9290.23 9290.18 9292.68 9284.96 9292.36 9305.18 9316.63 9321.78 9326.34 9323.6 9335.57 9353.15 9368.9 9411.73 9446.95 9452.81 9417.75 9384.81 9355.56 9337.03 9316.62 9294.09 9270.51 9281.8 9256.52 9207.43 9173.96 9163.47 9168.74 9171.1 9163.59 9160.56 9157.69 9155.85 9171.22 9186.92 
9279.3 9282.37 9285.67 9291.94 9292.17 9297.67 9297.33 9296.75 9308.5 9319.78 9337.41 9331.45 9330.23 9330.56 9331.78 9364.32 9404.5 9444.33 9463.04 9478.76 9481.62 9452.6 9410.73 9373.12 9337.92 9318.97 9296.12 9295.45 9305.68 9282.46 9233.65 9195.05 9189.63 9180.91 9169.9 9167.93 9162.5 9157.61 9157.57 9168.33 9182.55 
9271.89 9278.74 9284.87 9289.55 9295 9296.78 9301.42 9305.77 9323.93 9329.97 9335.21 9338.77 9339.81 9344.46 9366.67 9422.48 9471.75 9509.28 9508.05 9483.16 9465.17 9456.86 9446.93 9398.75 9336.08 9312.24 9301.53 9312.01 9333.14 9326.24 9281.52 9241.56 9214.11 9194.73 9187.28 9175.33 9160.56 9157.95 9161.69 9168.01 9177.12 
9268.47 9279.15 9285.49 9289.46 9291.8 9302.2 9312.18 9326.4 9324.31 9330.92 9339.41 9345.68 9355.84 9367.92 9408.74 9457.61 9512.8 9569.31 9571.61 9512.33 9486.32 9488.08 9541.29 9553.01 9533.22 9416.07 9374.46 9353.91 9403.64 9379 9327.51 9267.98 9237.24 9210.91 9211.81 9183.02 9170.54 9163.17 9160.41 9170.24 9175.67 
9291.99 9287.45 9288.48 9293.25 9295.81 9308.18 9319.48 9331.8 9330.13 9333.3 9337.65 9349.06 9377.29 9424.96 9476.14 9542.21 9602.84 9706.33 9733.02 9667.44 9667.4 9668.86 9687.99 9734.05 9753.96 9702.95 9601.37 9471.38 9453.43 9423.7 9369.42 9310.81 9267.68 9227.11 9204.41 9183.91 9170.79 9170.79 9173.46 9174.45 9178.23 
9321.7 9295.53 9291.19 9300.28 9314.5 9326 9325.46 9327.33 9342.51 9343.14 9343.34 9365.27 9403.31 9494.7 9618.62 9685.48 9759.47 9831.88 9869.24 9833.84 9840.89 9801.34 9749.69 9808.57 9929.8 9838.71 9786.6 9734.19 9595.44 9487.5 9416.87 9353.48 9309.81 9278.85 9217.58 9202.61 9189.38 9180.31 9180.91 9186.21 9186.56 
9293.65 9285.93 9294.08 9305.88 9319.59 9327.27 9331.33 9340.96 9355.69 9369.33 9391.39 9454.59 9561.2 9762.1 9805.08 9742.86 9737.86 9621.52 9527.03 9543.92 9624.86 9627.11 9603.1 9651.43 9752.37 9771.02 9763.62 9701.23 9611.77 9500 9437.57 9413.05 9348.92 9262.57 9218.02 9209.3 9198.12 9192.08 9196.49 9201.67 9194.77 
9283.54 9291.85 9300.09 9313.02 9322.56 9329.1 9335.83 9347.53 9367.06 9398.12 9463.71 9570.8 9703.19 9971.09 9843.43 9615.84 9407.85 9342.02 9317.32 9307.96 9283.08 9302.34 9316.44 9342.98 9377.45 9501.76 9675.32 9685.66 9544.45 9448.35 9426.14 9407.69 9354.18 9277.32 9233.68 9209.1 9216.16 9216.48 9206.23 9200.65 9199.43 
9280.22 9291.86 9304.8 9318.55 9331.44 9328.96 9339.17 9364.92 9385.7 9426.49 9481.78 9547.3 9704.21 9853.33 9669 9405.49 9198.87 9082.61 9044.95 8976.67 8954.76 8972.65 8971.47 8973.79 8989.87 9090.14 9288.33 9495.67 9451.54 9405 9412.71 9397.58 9355.87 9290.68 9262.56 9268.18 9248.16 9233.93 9220.56 9211.37 9206.22 
9286.37 9297.12 9305.08 9318.08 9333.38 9341.21 9342.99 9360.55 9389.23 9459.81 9544.83 9655.53 9842.33 9572.56 9371.49 9131.25 8896.15 8761.49 8692.76 8635.34 8643.84 8650.28 8655.37 8649.44 8635.89 8733.52 8971.35 9288.9 9358.7 9412.39 9444.02 9421.17 9373.53 9321.36 9301.37 9307.08 9280.01 9248.42 9238.69 9217.72 9215.57 
9273.98 9284.51 9300.18 9312.24 9326.59 9340.83 9336.88 9360.06 9382.95 9481.68 9610.1 9728.58 9663.05 9303.23 9091.36 8856 8622.97 8466.78 8371.72 8309.75 8326.49 8366.18 8394.06 8397.31 8390.01 8488.05 8719.71 8948.17 9263.38 9491.86 9507.77 9457.7 9388.39 9359.09 9327.69 9319.66 9293.65 9298.84 9266.37 9238.34 9230.47 
9274.12 9286.03 9296.45 9305.84 9312.43 9323.01 9332.17 9346.33 9377.6 9479.12 9595.66 9674.99 9386.18 9135.29 8870.85 8612.94 8363.19 8197.21 8133.51 8072.54 8079.93 8153.48 8197.52 8211.86 8213.15 8288.82 8495.08 8758.96 9180.78 9538.08 9549.26 9498 9441.78 9410.4 9380.4 9335.68 9292.56 9232.54 9259.08 9264.68 9257.27 
9271.24 9287.21 9295.84 9303.57 9313.55 9321.47 9329.1 9353.91 9394.04 9471.45 9537.98 9516.07 9262.97 8991.67 8713.46 8426.47 8137.93 7945.02 7936.86 7926.06 7957.28 8025.64 8066.21 8087.14 8095.23 8164.68 8335.37 8655.58 9057.84 9376.59 9494.88 9502.58 9479.01 9452.24 9394.1 9345.22 9311.17 9291.72 9267.58 9275.82 9275.8 
9271.97 9284.32 9296.48 9301.71 9306.45 9320.87 9331.5 9358.18 9400.12 9444.99 9474.63 9425.73 9140.25 8856.27 8584.77 8293.97 7996.42 7814.23 7826.61 7889.82 7931.1 7966.93 8004.26 8026.48 8025.82 8059.22 8254.05 8577.34 8930.46 9256.82 9416.57 9482.3 9516.92 9478.53 9386.44 9348.63 9327.28 9314.85 9299.05 9293.67 9289.63 
9245.06 9292.5 9296.36 9298.38 9307.83 9326.42 9359.17 9382.94 9414.34 9440.94 9450.9 9383.29 9072.97 8767.91 8505.45 8235.61 7976.42 7826.42 7832.1 7867.08 7908.39 7945.74 7968.44 7989.97 8000.86 8047.23 8222.22 8488.68 8807.09 9090.78 9294.32 9436.07 9505.45 9480.88 9339.11 9329.05 9325.7 9324.71 9318.92 9307.97 9302.47 
9243.13 9281.02 9288.92 9288.95 9303.27 9335.26 9373.86 9399.73 9452.86 9481.02 9441.31 9345.49 8991.25 8696.35 8452.47 8218.05 7998.76 7854.21 7838.69 7830.13 7877.41 7913.21 7945.93 7966.14 8003.15 8069.47 8240.96 8461.45 8738.42 8973.1 9191.99 9383.61 9506.3 9514.77 9363.16 9325.58 9315.2 9312.28 9300.45 9298.14 9286.13 
9259.26 9273.22 9284.81 9287.96 9304.55 9336.82 9368.83 9400.35 9415.96 9393.92 9429.68 9334.67 8985.6 8681.02 8455.47 8230.2 8031.53 7879.34 7856.39 7866.85 7880.89 7904.22 7939.48 7973.72 8019.53 8105.3 8252.02 8534.15 8751.43 8969.89 9180.4 9373.79 9486.4 9486.54 9424.48 9352.27 9314.15 9319.56 9299.89 9288.44 9278.3 
9273.28 9284.96 9291.19 9292 9308.22 9335.83 9366.1 9389.98 9416.55 9441.86 9456.73 9345.37 9007.2 8715.59 8485.7 8265.82 8050.43 7894.19 7858.78 7849.48 7878.26 7908.44 7940.08 7978.36 8025.37 8124.92 8326.03 8539.56 8793.49 9051.31 9266.98 9426.53 9483.55 9456.45 9359.58 9349.79 9327.3 9318.35 9300.54 9281.81 9266.76 
9262.69 9282.92 9291.08 9289.9 9307.72 9332.43 9353.92 9368.34 9395.26 9426.03 9517.77 9466.68 9035.47 8775.44 8522.53 8288.93 8063.64 7894.85 7856.51 7855.81 7886.29 7923.67 7960.9 7980.12 8039.18 8179.76 8436.08 8574.88 8876.74 9230.09 9487.19 9567.24 9510.99 9398.61 9345.9 9339.76 9322.18 9313.73 9301.04 9272.05 9251.42 
9242.79 9250.95 9261.58 9288.94 9303.73 9328.1 9353.88 9363.34 9380.85 9400.72 9532.69 9473.87 9086.68 8832.32 8566 8320.77 8085.19 7891.81 7858.42 7870.4 7918.16 7968.72 8007.84 8035.46 8082.14 8256.11 8498.52 8671.43 9012.48 9433.13 9802.74 9706.65 9555.24 9402.57 9400.15 9353.33 9331.6 9324.17 9278.73 9253.46 9241.39 
9217.64 9214.35 9217.76 9246.1 9283.6 9319.23 9346 9358.83 9378.49 9410.29 9484.04 9475.23 9185.46 8872.03 8618.99 8387.79 8152.7 7945.56 7881.25 7904.75 7984.06 8062.73 8121.16 8159.34 8201.77 8361.28 8660.83 8933.82 9234.06 9548.42 9739.02 9733.17 9602.37 9476.18 9433.83 9365.24 9318.05 9304.39 9273.15 9246.57 9230.39 
9200.45 9204.33 9207.48 9221.78 9260.72 9304.94 9345.64 9362.31 9376.29 9408.03 9432.56 9468.72 9220.16 8871.75 8708.55 8520.57 8296.28 8071.72 7980.28 8017.03 8137.9 8208.39 8287.82 8351.43 8419.22 8604.98 8869.3 9165.25 9433.85 9641.94 9788.07 9723.02 9599.68 9493.56 9423.1 9332.71 9302.29 9305.02 9268.97 9237.78 9217.41 
9189.78 9202.77 9226.27 9223.29 9238.6 9261.06 9312.42 9349.99 9356.46 9376.49 9387.19 9416.66 9260.96 9025.19 8909.93 8727.77 8526.97 8339.77 8221.28 8224.57 8359.25 8432.68 8550.2 8625.77 8718.81 8931.67 9175.67 9469 9681.03 9684.5 9630.83 9576.65 9529.52 9488.37 9369.4 9301.64 9289.89 9283.78 9252.12 9224.23 9211.39 
9182.73 9190.56 9191 9205.53 9214.3 9242.69 9286.43 9333.16 9320.23 9328.66 9340.23 9354.97 9383.39 9426.89 9192.43 8976.68 8769.24 8611.97 8491.58 8521.79 8649.3 8742.84 8843.99 8935.37 9069.38 9268.75 9513.43 9688.94 9766.19 9647.92 9530.89 9458.96 9428.96 9368.92 9300.68 9284.74 9266.44 9250.01 9239.92 9226.35 9210.77 
9175.19 9178.02 9176.81 9180.36 9188.29 9191.52 9244.64 9288.09 9287 9293.5 9298.96 9340.68 9413.05 9441.51 9340.98 9190.32 9017.88 8873.19 8806.85 8896.07 9009.97 9087.94 9157.21 9242.67 9365.56 9564.08 9654.15 9678.73 9620 9537.38 9438.2 9374.07 9364.41 9349.54 9302.68 9276.64 9255.18 9236.33 9231.29 9229.52 9212.19 
9174.05 9175.79 9177.37 9180.19 9182.28 9180.49 9234.49 9275.87 9273.59 9277.34 9294.68 9336.8 9384.33 9425.66 9405.58 9379.78 9426.78 9398.47 9357.18 9364.04 9394.92 9418.06 9433.44 9500.41 9629.11 9699.23 9578.09 9500.67 9467.88 9416.56 9361.2 9319.07 9312.36 9309.33 9296.9 9276.42 9263.02 9228.94 9227.86 9226.56 9220.95 
9178.01 9179.22 9179.34 9187.12 9184.13 9194.5 9239.38 9273.49 9269.93 9265.92 9273.29 9310.57 9354.54 9384.58 9411.59 9449.64 9518.83 9580.67 9654.98 9641.51 9644.05 9599.83 9552.71 9577.51 9599.51 9472.85 9452.86 9410.98 9357.31 9329.01 9303.23 9274.7 9278.74 9274.52 9271.73 9260.65 9255.54 9233.17 9225.06 9226.5 9208.18 
9182.69 9185 9188.4 9188.38 9187.66 9203.32 9252.58 9303.54 9271.04 9255.78 9268.08 9307.23 9335.46 9355.57 9383.46 9426.15 9480.38 9520.34 9554.36 9574.23 9571.8 9548.59 9519.48 9484.2 9432 9379.04 9366.92 9346.8 9304.48 9284.45 9277.29 9271.68 9271.5 9267.42 9251.13 9246.82 9239.39 9217.5 9217.45 9211.77 9208.92 
9186.81 9189.01 9191.73 9186.67 9186.93 9204 9254.97 9294.15 9259.28 9250.56 9287.07 9326.35 9336.43 9343.68 9360.14 9386.68 9395.63 9442.62 9467.99 9478.26 9477.1 9459 9435.27 9390.05 9346.09 9331.71 9325.67 9305.97 9287.7 9273.57 9266.96 9263.26 9262.38 9258.76 9255.37 9237.68 9218.75 9216.82 9214.74 9211.37 9208.32 
9189.03 9189.41 9190.09 9190.39 9192.75 9210.79 9248.44 9289.97 9270.04 9246.49 9257.77 9323.5 9332.67 9340.14 9354.28 9370.98 9383.14 9404.48 9423.7 9429.46 9418.67 9399.38 9374.63 9345.23 9333.86 9325.63 9311.08 9295.1 9279.14 9267.59 9264.54 9261.96 9259.66 9255.06 9246.13 9233.19 9223.31 9219.01 9218.74 9220.43 9224.39 
9190.98 9189.71 9189.8 9194.58 9198.41 9211.7 9236.21 9251.48 9253.27 9254.63 9233.25 9296.44 9314.4 9329.61 9345.01 9366.73 9387.33 9396.37 9393.42 9385.13 9375.5 9360.56 9338.97 9316.93 9329.15 9321.82 9301.47 9282.99 9269.77 9267.53 9260.99 9259.97 9256.31 9253.12 9245.07 9235 9228.22 9224.07 9224.93 9233.3 9238.56 
9192.68 9193.4 9195.19 9200.2 9201.28 9212.62 9229.94 9240.99 9263.69 9253 9237.52 9264.04 9291.34 9313.48 9334.91 9354.97 9371.6 9375.47 9365.71 9347.35 9337.39 9328.82 9316.13 9303.37 9306.83 9306.08 9292.36 9271.34 9263.28 9261.41 9253.91 9251.18 9252.49 9251.08 9244.41 9235.32 9224.83 9224.68 9238.84 9251.27 9234.11 
9195.78 9198.47 9199.88 9201.63 9212.42 9216.66 9230.28 9247.78 9265.11 9249.08 9245.35 9253.1 9275.96 9298.82 9315.75 9340.96 9354.99 9360.01 9341.93 9315.56 9309.5 9308.79 9301.22 9293.2 9293.02 9292.5 9286.97 9282.49 9271.99 9251.11 9248.28 9245.62 9249.15 9248.68 9243.54 9230.68 9221.84 9225.37 9240.27 9262.07 9221.49 
9199.38 9199.56 9202.51 9206.13 9208.88 9223.9 9237.55 9247.62 9244.05 9245.8 9247.64 9249.83 9265.75 9287.72 9313.64 9324.18 9336.41 9344.58 9326.5 9307.73 9302.19 9299.72 9293.92 9287.79 9288.64 9286.08 9281.46 9274.27 9263.96 9258.21 9249.54 9246.3 9245.81 9247.55 9248.1 9241.46 9228.65 9227.14 9251.03 9245.5 9197.57 
9201.82 9202.12 9206.18 9211.41 9226.42 9233.7 9240.33 9245.08 9245.1 9234.51 9240.89 9243.42 9257.42 9271.06 9286.59 9303.02 9308.33 9313.78 9315.06 9311.55 9306.15 9297.44 9289.52 9287.32 9284.81 9282.79 9277.54 9270.18 9261.76 9253.63 9250.47 9249.78 9249.11 9247.25 9247.92 9252.16 9241.27 9237.3 9238.24 9220.33 9187.34 
9203.99 9208.65 9211.9 9218.57 9230.52 9235.27 9239.17 9244.2 9245.11 9233.05 9237.9 9244.43 9251.1 9253.29 9248.6 9255.8 9285.11 9300.38 9304.92 9305.01 9300.03 9291.47 9281.57 9277.94 9286.4 9280.55 9274.5 9266.67 9259.76 9256.04 9254.85 9254.06 9243.3 9246.79 9243.35 9237.07 9244.63 9240.03 9217.85 9206.36 9184.6 
9207.4 9212.31 9213.31 9215.08 9224.23 9234.1 9242.85 9248.67 9246.49 9235.33 9240.58 9244.93 9248.18 9244.83 9240.93 9243.16 9272.78 9291.97 9293.59 9291.38 9287.44 9280.99 9280.03 9282.27 9281.67 9277.91 9272.2 9266.96 9259.63 9260.3 9257.77 9255.49 9268.61 9254.07 9240.15 9236.57 9242.13 9239.58 9199.94 9186.36 9183.63 
