real_craters/C111-750m.grd
DSAA
95 95
-35.14 35.14
-35.14 35.14
7991.2942852298 9700.3391231047
[rows 38 to 75 of 95, columns 0 to 83 of 95]
8922 8904 8898 8920 8946 8996 8986 8975 8973 8974 8978 8992 9000 8985 8965 8968 8981 8994 9017 9055 9072 9087 9068 9055 9096 9130 9161 9185 9202 9173 9128 9107 9185 9232 9225 9282 9311 9286 9247 9212 9167 9096 8974 8861 8808 8770 8710 8652 8613 8733 8864 8953 8988 9077 9151 9216 9274 9294 9285 9272 9249 9236 9246 9228 9222 9229 9242 9243 9228 9201 9177 9184 9172 9162 9162 9157 9153 9149 9145 9140 9140 9139 9135 9128
8844 8840 8857 8876 8914 8998 9002 8984 8983 8981 8979 8979 8989 9007 9017 9014 9006 9009 9022 9052 9068 9075 9070 9083 9118 9150 9168 9176 9199 9183 9163 9163 9237 9286 9301 9430 9404 9324 9227 9134 9048 8962 8837 8709 8630 8602 8567 8536 8552 8605 8704 8771 8798 8924 9039 9145 9274 9297 9270 9255 9244 9225 9233 9232 9224 9220 9224 9219 9230 9236 9213 9184 9171 9160 9161 9161 9157 9151 9148 9144 9143 9140 9135 9127
8836 8843 8852 8870 8909 9024 9021 9007 8994 8986 8980 8977 9002 9021 9044 9038 9025 9017 9013 9018 9039 9060 9064 9102 9163 9184 9188 9182 9196 9186 9175 9192 9266 9329 9372 9556 9438 9282 9140 9002 8875 8760 8635 8513 8448 8438 8422 8408 8401 8480 8561 8627 8721 8807 8907 9002 9110 9178 9199 9216 9231 9234 9228 9235 9229 9211 9217 9215 9218 9219 9225 9215 9187 9162 9170 9171 9165 9158 9156 9151 9148 9143 9138 9129
8860 8859 8870 8889 8935 9034 9030 9018 9002 8994 8988 8987 8994 9025 9046 9048 9034 9024 9012 9007 9038 9053 9070 9140 9225 9220 9217 9213 9218 9239 9165 9190 9258 9362 9489 9578 9381 9195 9016 8846 8686 8540 8458 8351 8304 8286 8293 8283 8296 8361 8438 8548 8614 8689 8751 8819 8885 9005 9101 9171 9218 9236 9236 9236 9228 9215 9227 9228 9221 9221 9241 9261 9225 9212 9204 9189 9174 9166 9161 9157 9152 9148 9142 9132
8896 8903 8908 8922 8967 9024 9026 9008 9008 9007 9002 8998 9008 9033 9043 9038 9038 9035 9032 9034 9050 9075 9078 9136 9193 9229 9241 9242 9240 9266 9170 9227 9303 9400 9520 9353 9215 9055 8881 8703 8536 8411 8325 8273 8238 8207 8193 8178 8194 8243 8284 8307 8453 8539 8597 8658 8721 8880 9022 9136 9208 9250 9244 9237 9233 9226 9236 9235 9234 9221 9233 9235 9238 9244 9236 9206 9179 9159 9159 9158 9155 9150 9141 9134
8947 8930 8935 8945 8988 9020 9030 9021 9030 9032 9023 9018 9048 9051 9052 9043 9048 9054 9056 9055 9063 9080 9087 9130 9200 9220 9250 9274 9256 9261 9219 9283 9346 9476 9382 9168 9067 8918 8744 8559 8382 8265 8219 8189 8153 8129 8127 8130 8140 8161 8176 8185 8263 8363 8457 8546 8655 8816 8984 9127 9222 9271 9254 9241 9231 9237 9246 9253 9255 9246 9229 9221 9225 9236 9227 9206 9186 9173 9165 9161 9156 9151 9148 9135
8926 8950 8983 8967 8960 9025 9051 9067 9070 9063 9055 9055 9064 9064 9054 9052 9063 9077 9086 9074 9066 9073 9078 9111 9140 9190 9231 9259 9255 9259 9260 9285 9333 9488 9210 9105 8980 8808 8627 8443 8266 8170 8139 8124 8081 8064 8075 8086 8098 8111 8123 8140 8172 8249 8355 8466 8611 8786 8974 9141 9258 9278 9272 9259 9240 9254 9264 9264 9263 9258 9241 9222 9203 9189 9196 9196 9196 9200 9192 9171 9161 9153 9143 9135
8937 8989 9049 9040 9063 9059 9074 9094 9099 9089 9080 9077 9075 9079 9076 9065 9080 9100 9120 9098 9083 9082 9084 9106 9132 9173 9205 9218 9223 9226 9278 9311 9429 9390 9160 8985 8891 8742 8559 8369 8195 8110 8082 8062 8014 8027 8045 8056 8072 8089 8105 8126 8151 8206 8291 8386 8540 8778 8992 9179 9315 9341 9313 9292 9286 9291 9287 9259 9251 9255 9238 9214 9185 9163 9170 9183 9189 9192 9175 9180 9172 9159 9145 9137
8943 8985 9020 9063 9083 9083 9088 9103 9109 9102 9101 9101 9099 9092 9084 9086 9094 9112 9130 9124 9121 9115 9101 9117 9142 9171 9198 9201 9206 9221 9250 9362 9486 9343 9221 9092 8899 8724 8528 8334 8176 8092 8060 8052 8031 8024 8028 8036 8054 8075 8097 8119 8142 8183 8282 8402 8576 8810 9037 9241 9408 9408 9361 9320 9302 9311 9301 9260 9240 9246 9243 9210 9179 9157 9163 9177 9200 9213 9218 9203 9183 9168 9155 9145
8992 9007 8982 9065 9087 9083 9077 9083 9098 9096 9107 9118 9119 9106 9089 9085 9097 9116 9130 9137 9140 9137 9131 9132 9143 9172 9214 9231 9225 9225 9225 9345 9488 9293 9233 9191 8943 8730 8517 8315 8152 8084 8062 8062 8044 8026 8011 8009 8037 8066 8093 8118 8142 8188 8311 8472 8660 8877 9099 9302 9454 9460 9398 9334 9287 9285 9284 9252 9232 9226 9234 9208 9186 9164 9166 9173 9183 9224 9242 9212 9192 9176 9166 9158
9024 9072 9096 9112 9092 9075 9049 9016 9001 9077 9144 9146 9130 9109 9095 9085 9099 9122 9137 9142 9150 9141 9138 9147 9161 9187 9222 9237 9249 9231 9161 9217 9440 9314 9169 9160 8976 8722 8498 8301 8152 8098 8081 8080 8058 8027 8000 7991 8032 8068 8100 8128 8160 8210 8354 8535 8736 8945 9158 9353 9497 9494 9416 9342 9287 9262 9254 9244 9227 9231 9230 9228 9214 9196 9173 9176 9188 9196 9196 9199 9192 9181 9172 9171
8917 8983 9121 9128 9100 9066 9035 8996 8969 9080 9172 9165 9140 9112 9103 9104 9115 9132 9147 9150 9151 9141 9146 9163 9183 9203 9221 9231 9240 9228 9170 9188 9392 9439 9142 8993 8867 8677 8483 8304 8178 8128 8115 8109 8077 8040 8008 8001 8047 8088 8123 8155 8190 8258 8409 8594 8795 9002 9209 9398 9520 9483 9416 9350 9308 9299 9291 9284 9286 9276 9282 9259 9237 9211 9187 9190 9193 9194 9200 9199 9196 9192 9184 9188
8970 9092 9124 9113 9091 9072 9055 9047 9073 9115 9156 9160 9142 9115 9105 9107 9116 9136 9154 9161 9168 9158 9162 9181 9209 9234 9231 9231 9245 9252 9247 9291 9408 9484 9214 8942 8770 8643 8482 8318 8201 8165 8161 8158 8121 8068 8031 8029 8080 8123 8163 8205 8241 8324 8463 8657 8838 9038 9241 9418 9492 9456 9406 9353 9317 9309 9327 9326 9311 9304 9294 9283 9279 9266 9250 9226 9197 9196 9200 9207 9209 9211 9211 9224
8972 9119 9084 9084 9079 9075 9074 9089 9127 9138 9154 9149 9140 9126 9109 9106 9110 9128 9151 9171 9177 9164 9169 9192 9225 9266 9284 9283 9298 9292 9310 9377 9417 9529 9406 9095 8857 8695 8523 8356 8247 8209 8201 8197 8146 8098 8081 8081 8114 8168 8215 8267 8329 8385 8489 8647 8851 9058 9257 9428 9473 9431 9399 9367 9346 9331 9328 9322 9316 9314 9293 9291 9295 9300 9309 9270 9242 9212 9208 9220 9230 9239 9248 9260
9048 9099 9060 9047 9076 9086 9097 9109 9116 9128 9133 9135 9127 9123 9120 9109 9104 9116 9146 9174 9177 9151 9165 9190 9220 9251 9277 9284 9293 9295 9312 9345 9423 9522 9561 9260 9009 8808 8604 8413 8300 8255 8233 8214 8154 8110 8102 8126 8167 8217 8275 8331 8402 8469 8547 8663 8874 9082 9269 9411 9434 9414 9397 9382 9364 9340 9327 9316 9314 9323 9305 9292 9288 9302 9311 9285 9257 9260 9242 9242 9253 9269 9292 9320
9049 9057 9001 9040 9069 9090 9106 9120 9135 9137 9133 9129 9119 9128 9132 9115 9106 9107 9150 9169 9159 9148 9161 9183 9207 9224 9236 9249 9255 9273 9290 9312 9335 9476 9601 9367 9123 8931 8715 8516 8385 8311 8257 8223 8167 8126 8126 8167 8223 8276 8338 8397 8451 8544 8658 8752 8931 9115 9283 9411 9430 9408 9396 9382 9370 9350 9330 9321 9323 9318 9303 9297 9290 9300 9304 9298 9278 9249 9254 9261 9274 9292 9318 9348
9007 8932 8924 9012 9056 9080 9102 9122 9136 9144 9139 9131 9131 9134 9129 9116 9106 9109 9137 9138 9133 9142 9158 9178 9199 9215 9219 9229 9244 9256 9272 9292 9304 9440 9580 9446 9225 9065 8849 8640 8500 8396 8297 8240 8203 8172 8175 8228 8294 8357 8424 8481 8540 8639 8758 8865 9010 9163 9308 9418 9410 9401 9398 9396 9374 9360 9336 9338 9340 9338 9321 9313 9308 9309 9303 9293 9291 9273 9270 9282 9293 9308 9322 9334
8998 8941 9003 9032 9054 9075 9101 9125 9145 9137 9132 9129 9126 9130 9128 9113 9102 9093 9109 9112 9122 9140 9155 9174 9191 9208 9207 9217 9229 9245 9261 9277 9303 9393 9558 9559 9367 9189 9003 8827 8661 8521 8392 8314 8274 8242 8251 8314 8387 8456 8525 8588 8658 8743 8859 8985 9107 9226 9338 9412 9402 9395 9389 9379 9356 9337 9344 9361 9354 9348 9337 9332 9332 9325 9321 9315 9308 9291 9291 9297 9306 9315 9322 9325
8999 8988 9023 9033 9042 9064 9092 9120 9147 9150 9135 9129 9124 9125 9120 9107 9091 9099 9100 9090 9109 9131 9150 9167 9182 9192 9201 9206 9217 9235 9252 9273 9293 9364 9499 9581 9506 9294 9157 8980 8839 8686 8546 8460 8396 8340 8362 8435 8512 8592 8666 8733 8784 8840 8971 9094 9207 9297 9371 9427 9408 9389 9374 9353 9336 9333 9355 9370 9366 9352 9351 9349 9346 9338 9336 9341 9320 9316 9313 9315 9317 9320 9321 9324
8972 8998 9026 9009 9031 9061 9089 9113 9135 9146 9136 9131 9122 9130 9128 9109 9083 9074 9074 9079 9102 9124 9144 9161 9174 9183 9190 9201 9212 9226 9245 9273 9322 9367 9406 9529 9633 9500 9352 9190 9027 8887 8748 8647 8570 8520 8527 8585 8660 8747 8824 8903 8979 9056 9145 9255 9310 9352 9394 9416 9393 9379 9361 9344 9335 9340 9355 9367 9367 9360 9362 9364 9355 9343 9333 9319 9325 9329 9328 9324 9325 9324 9324 9314
8962 9005 9030 9024 9042 9067 9085 9103 9117 9127 9137 9142 9141 9146 9140 9120 9091 9079 9080 9093 9101 9122 9142 9158 9172 9181 9186 9195 9208 9219 9236 9261 9310 9408 9423 9471 9581 9690 9483 9322 9207 9099 8974 8865 8777 8692 8706 8778 8852 8936 9014 9104 9195 9275 9320 9411 9394 9393 9402 9405 9390 9377 9361 9349 9338 9347 9370 9369 9374 9371 9364 9361 9356 9342 9331 9331 9328 9330 9333 9332 9330 9329 9329 9317
8981 9014 9034 9055 9071 9076 9082 9090 9103 9124 9134 9150 9165 9164 9162 9139 9107 9098 9095 9096 9112 9127 9141 9155 9168 9176 9177 9193 9202 9212 9226 9243 9267 9342 9425 9443 9499 9507 9491 9419 9363 9318 9242 9133 9026 8920 8942 9007 9060 9113 9173 9258 9371 9520 9534 9479 9438 9420 9413 9402 9391 9380 9371 9355 9352 9355 9363 9380 9376 9363 9361 9362 9356 9337 9322 9317 9335 9334 9333 9334 9334 9335 9335 9329
9021 9037 9043 9083 9093 9076 9070 9073 9086 9104 9119 9129 9147 9164 9177 9152 9113 9088 9096 9107 9126 9132 9142 9152 9162 9170 9178 9186 9197 9208 9220 9234 9253 9294 9328 9346 9363 9384 9433 9455 9464 9512 9527 9410 9301 9229 9245 9234 9237 9258 9308 9367 9435 9497 9460 9441 9430 9425 9421 9408 9399 9388 9370 9361 9355 9360 9370 9376 9362 9357 9363 9368 9352 9331 9312 9305 9310 9321 9328 9331 9334 9338 9338 9336
9070 9084 9106 9089 9070 9069 9061 9054 9052 9084 9108 9105 9124 9160 9172 9156 9117 9106 9103 9109 9120 9131 9141 9149 9155 9163 9174 9186 9195 9204 9214 9225 9237 9271 9303 9324 9342 9356 9359 9409 9476 9578 9700 9566 9504 9553 9513 9405 9366 9366 9387 9418 9449 9444 9417 9406 9411 9413 9418 9421 9409 9400 9394 9381 9369 9365 9369 9373 9356 9350 9357 9361 9341 9324 9308 9301 9302 9308 9320 9328 9338 9341 9343 9344
9090 9099 9109 9090 9081 9067 9053 9040 9035 9070 9110 9127 9149 9173 9184 9171 9136 9103 9094 9104 9119 9131 9140 9148 9155 9166 9180 9189 9194 9201 9209 9218 9230 9260 9295 9319 9338 9344 9335 9373 9422 9450 9481 9526 9519 9517 9502 9462 9436 9428 9427 9443 9444 9439 9405 9409 9404 9405 9406 9422 9414 9406 9399 9390 9374 9363 9356 9354 9345 9345 9346 9343 9339 9317 9295 9291 9291 9301 9314 9329 9341 9349 9352 9347
9090 9091 9069 9064 9082 9064 9047 9034 9030 9065 9118 9177 9190 9192 9190 9177 9147 9106 9100 9110 9126 9134 9142 9148 9155 9165 9176 9187 9196 9202 9207 9213 9221 9247 9286 9310 9334 9345 9337 9354 9376 9392 9425 9450 9450 9453 9444 9456 9446 9444 9436 9430 9428 9434 9419 9403 9398 9400 9404 9414 9412 9406 9402 9391 9380 9361 9345 9351 9357 9353 9346 9347 9337 9308 9289 9286 9289 9298 9315 9331 9349 9363 9371 9369
9076 9090 9057 9045 9062 9056 9044 9035 9035 9053 9104 9192 9202 9201 9198 9187 9158 9119 9112 9119 9129 9139 9147 9153 9158 9167 9173 9193 9204 9205 9205 9211 9215 9236 9283 9306 9324 9337 9343 9342 9356 9379 9399 9401 9390 9384 9405 9416 9422 9421 9420 9418 9408 9398 9406 9387 9394 9404 9418 9417 9413 9405 9399 9384 9368 9358 9349 9350 9357 9363 9353 9329 9304 9294 9288 9286 9281 9293 9313 9332 9356 9382 9404 9410
9051 9052 9054 9052 9049 9049 9043 9038 9043 9056 9092 9145 9183 9198 9208 9216 9193 9146 9142 9136 9138 9146 9155 9162 9164 9174 9174 9211 9210 9206 9201 9201 9213 9232 9255 9293 9319 9312 9316 9330 9341 9351 9374 9379 9381 9382 9388 9393 9397 9400 9399 9399 9395 9386 9404 9405 9403 9408 9413 9419 9411 9402 9394 9378 9365 9357 9346 9344 9351 9357 9313 9287 9281 9283 9281 9284 9277 9290 9313 9340 9368 9397 9428 9442
9035 9047 9045 9046 9052 9049 9042 9041 9046 9059 9082 9121 9161 9188 9206 9227 9199 9162 9166 9143 9146 9156 9165 9173 9170 9167 9173 9211 9209 9202 9199 9201 9214 9231 9242 9270 9308 9301 9310 9322 9332 9343 9354 9361 9366 9366 9370 9373 9376 9379 9381 9383 9387 9391 9398 9403 9404 9408 9419 9415 9404 9390 9382 9376 9368 9360 9351 9332 9347 9355 9314 9287 9279 9279 9284 9285 9283 9294 9319 9346 9371 9397 9419 9419
9028 9036 9041 9043 9043 9040 9039 9042 9050 9065 9089 9124 9152 9173 9188 9201 9163 9142 9157 9169 9160 9167 9178 9186 9180 9171 9170 9191 9199 9197 9194 9200 9215 9233 9254 9278 9299 9314 9316 9320 9325 9331 9335 9343 9346 9348 9351 9355 9361 9366 9371 9375 9376 9383 9408 9403 9393 9397 9417 9411 9395 9376 9367 9368 9369 9367 9351 9345 9357 9360 9313 9287 9276 9274 9277 9276 9281 9304 9328 9347 9366 9383 9400 9400
9025 9033 9037 9040 9028 9026 9038 9049 9061 9078 9098 9130 9148 9160 9164 9152 9145 9142 9150 9139 9157 9173 9189 9201 9197 9183 9185 9189 9192 9192 9190 9199 9218 9237 9256 9280 9301 9314 9319 9321 9319 9328 9332 9334 9332 9334 9339 9345 9355 9363 9368 9370 9370 9373 9377 9366 9358 9378 9406 9402 9389 9373 9371 9365 9371 9374 9376 9373 9374 9367 9310 9282 9278 9272 9270 9270 9296 9324 9337 9350 9358 9366 9368 9377
9023 9027 9029 9030 9026 9031 9043 9064 9079 9096 9118 9141 9152 9156 9154 9144 9148 9148 9159 9145 9169 9193 9207 9217 9213 9195 9183 9191 9196 9195 9194 9204 9222 9241 9263 9283 9287 9309 9320 9324 9320 9326 9332 9329 9330 9330 9335 9341 9350 9361 9367 9372 9374 9371 9366 9357 9357 9362 9382 9390 9385 9383 9382 9380 9379 9376 9379 9405 9365 9306 9291 9282 9276 9269 9271 9279 9305 9335 9343 9348 9351 9351 9350 9369
9018 9022 9027 9026 9029 9035 9046 9058 9083 9108 9136 9154 9159 9160 9161 9161 9168 9176 9180 9173 9191 9197 9206 9217 9231 9203 9187 9202 9208 9202 9201 9210 9228 9247 9260 9274 9294 9307 9328 9327 9315 9336 9332 9329 9322 9330 9335 9342 9350 9357 9365 9373 9376 9375 9366 9358 9354 9359 9377 9381 9382 9380 9385 9399 9389 9387 9387 9386 9324 9293 9288 9285 9280 9274 9272 9269 9305 9340 9343 9346 9345 9345 9345 9365
9028 9028 9031 9035 9036 9040 9054 9068 9090 9115 9139 9159 9164 9166 9169 9174 9165 9208 9006 9214 9210 9213 9201 9184 9199 9195 9193 9208 9215 9209 9202 9217 9233 9248 9264 9283 9294 9314 9321 9324 9313 9317 9328 9332 9337 9337 9342 9353 9355 9356 9361 9373 9381 9380 9370 9362 9347 9359 9373 9375 9375 9375 9380 9383 9384 9379 9368 9333 9314 9292 9286 9284 9280 9277 9274 9275 9299 9327 9339 9342 9343 9343 9345 9358
9037 9035 9037 9041 9044 9046 9060 9086 9099 9119 9144 9162 9167 9170 9173 9173 9177 9225 9004 9152 9216 9215 9192 9163 9158 9163 9180 9199 9212 9213 9219 9228 9241 9258 9276 9280 9294 9309 9323 9327 9322 9321 9328 9327 9330 9340 9353 9357 9357 9353 9347 9349 9413 9376 9361 9361 9350 9358 9368 9367 9364 9363 9369 9371 9370 9364 9336 9317 9324 9294 9282 9281 9279 9276 9275 9272 9295 9324 9336 9341 9343 9342 9345 9349
9026 9034 9041 9049 9050 9043 9049 9066 9094 9119 9142 9162 9170 9173 9173 9173 9174 9166 8996 9186 9226 9218 9198 9166 9155 9141 9152 9162 9170 9198 9231 9228 9241 9260 9272 9298 9314 9319 9322 9335 9335 9340 9338 9338 9339 9347 9359 9361 9359 9350 9333 9294 9213 9297 9338 9356 9359 9362 9363 9361 9356 9351 9359 9360 9352 9338 9310 9298 9298 9289 9282 9283 9278 9278 9277 9276 9294 9323 9335 9343 9345 9343 9340 9344
9028 9036 9043 9047 9045 9040 9040 9057 9091 9123 9150 9165 9176 9179 9173 9168 9172 9148 8985 9240 9236 9217 9196 9162 9157 9136 9137 9143 9150 9163 9178 9210 9234 9259 9285 9308 9322 9329 9329 9331 9349 9342 9344 9345 9348 9353 9363 9369 9366 9353 9341 9324 9302 9311 9335 9353 9362 9357 9361 9359 9353 9352 9355 9352 9338 9308 9296 9290 9294 9284 9281 9275 9275 9277 9276 9275 9295 9317 9336 9347 9353 9355 9352 9346
9044 9043 9045 9047 9045 9037 9039 9061 9095 9131 9160 9181 9188 9194 9190 9175 9190 9162 9082 9190 9208 9206 9193 9172 9151 9138 9135 9141 9152 9155 9170 9197 9225 9255 9292 9322 9342 9340 9329 9329 9334 9338 9345 9354 9355 9355 9358 9367 9363 9358 9357 9365 9373 9353 9346 9347 9347 9339 9355 9361 9361 9350 9356 9349 9338 9319 9298 9291 9284 9282 9280 9280 9278 9278 9277 9281 9305 9332 9348 9354 9361 9370 9372 9367
