real_craters/C111-500m.grd
DSAA
142 142
-35.14 35.14
-35.14 35.14
7986.4063672612 9672.7842428626
[rows 90 to 119 of 142, columns 0 to 66 of 142]
9021.14 9032.99 9039.04 9042.64 9070.7 9095.9 9092.61 9079.96 9073.87 9070.39 9071.62 9075.53 9086.39 9099.26 9109.24 9119.32 9125.41 9134.04 9146.68 9158.55 9169.48 9177.23 9164.7 9138.45 9112.91 9090.49 9089.66 9095.81 9102.66 9112.77 9126.26 9129.86 9135.57 9142.4 9148.95 9155.46 9162.37 9169.58 9169.9 9178.13 9183.57 9189.35 9197.25 9204.92 9212.1 9219.95 9228.63 9239.99 9253.07 9276.89 9314.2 9328.38 9341.76 9354.78 9363.22 9375.73 9397.57 9432.9 9452.23 9454.5 9464.41 9492.91 9529.26 9526.8 9453.68 9369.43 9300.97
9055.86 9063.69 9071.69 9085.52 9089.65 9084.87 9078.32 9073.88 9068.92 9064.24 9060.91 9060.36 9066.4 9083.62 9104.39 9110.3 9110.76 9104.52 9125.71 9150.86 9166.78 9171.57 9162.2 9142.03 9116.59 9102.11 9098.46 9100.64 9105.91 9112.56 9119.02 9128.68 9135.37 9141.22 9146.9 9152.24 9156.96 9160.31 9166.85 9173.41 9183.2 9189.53 9195.53 9202.06 9208.32 9215.59 9223.81 9232.65 9241.25 9261.57 9286.49 9307.07 9322.6 9337.85 9348.83 9360.47 9371.47 9381.6 9407.21 9444.65 9484.43 9539.9 9630.03 9672.78 9583.94 9499.3 9453.71
9079.97 9087.77 9103.64 9116.08 9102.8 9078.04 9066.67 9069.14 9064.99 9058.62 9051.62 9045.18 9040.08 9056.66 9089.71 9107.15 9109.32 9106.36 9127.55 9153.41 9169.61 9175.77 9169.99 9149.89 9126.56 9110.57 9106.96 9100.56 9104.06 9111.01 9120.25 9127.63 9134.45 9140.1 9145.52 9150.56 9154.89 9159.88 9169.56 9177.28 9183.2 9189.17 9194.37 9200.02 9205.93 9211.9 9218.31 9225.34 9234.79 9254.45 9284.2 9300.49 9312.09 9321.22 9337.25 9344.97 9349.17 9344.04 9372.99 9418.03 9462.27 9514.21 9581.8 9646.84 9597.1 9546.41 9527.67
9089.53 9095 9103.19 9108.77 9097.28 9084.55 9080.64 9071.98 9062.48 9053.14 9043.95 9036.34 9034.82 9053.46 9083.96 9110.45 9124.41 9129.54 9148.61 9166.59 9178.25 9183.99 9179.04 9159.65 9135.78 9113.21 9101.2 9093.81 9096.6 9109.31 9119.15 9128.11 9134.49 9140.43 9145.26 9149.92 9154.6 9159.48 9171.19 9179.95 9186.61 9190.37 9194.31 9198.65 9203.67 9208.89 9214.77 9221.4 9229.55 9246.18 9273 9294.73 9310.93 9327.43 9337.53 9345.68 9341.09 9335.26 9356.58 9390.59 9422.29 9445.63 9448.8 9480.78 9524.04 9523.15 9519.42
9091.06 9092.66 9088.61 9079.35 9070.81 9079.51 9086.23 9072.97 9059.93 9048.65 9039.37 9031.5 9031.28 9051.41 9086.57 9117.65 9149.04 9175.14 9178.29 9183.45 9187.71 9189.19 9183.54 9166.6 9145.42 9117.37 9100.78 9097.64 9102.84 9117.09 9126.21 9130.67 9136.06 9140.88 9145.16 9149.75 9154.64 9163.17 9172.3 9178.65 9185.93 9190.99 9195.34 9199.48 9202.96 9207.6 9211.55 9216.59 9223.63 9237.57 9265 9289.52 9305.65 9319.02 9336.13 9349.87 9342.63 9336.86 9349.5 9369.1 9387.75 9399.24 9402.22 9438.04 9465.97 9474.38 9475.95
9086.7 9091.53 9090.28 9061.88 9046.93 9062.49 9072.43 9066.9 9056.26 9046.01 9036.95 9030.56 9031.28 9047.26 9075.93 9115.21 9162.92 9195 9198.13 9197.03 9195.91 9191.89 9181.27 9171.26 9151.24 9119.78 9102.7 9100.71 9107.48 9115.25 9125.18 9132.44 9138.2 9143.57 9148.09 9151.67 9155.2 9161.2 9169.19 9173.42 9181.93 9192.35 9198.57 9202.02 9204.34 9206.97 9210.1 9214.21 9218.96 9231.1 9256.73 9282.33 9302.58 9317.11 9330.85 9335.12 9341.69 9343.1 9346.27 9355.8 9367.98 9380.8 9396.59 9414.58 9426.81 9430.74 9424.29
9075.59 9085.22 9086.4 9056.59 9039.08 9051.8 9062.18 9059.51 9051.98 9044.44 9037.5 9033.21 9034.8 9045.25 9062.36 9104.42 9164.9 9201.44 9202.45 9201.46 9200.97 9197.95 9192.93 9179.95 9157.88 9128.41 9118.14 9112.21 9116.59 9121.95 9128.84 9135.51 9141.76 9146.57 9151.26 9154.76 9158.23 9164.71 9169.73 9172.87 9185.1 9198.08 9203.64 9204.39 9204.62 9205.47 9208.17 9211.49 9215.24 9224 9252.23 9282.75 9297.82 9312.02 9323.58 9334.46 9338.38 9343.37 9340.97 9345.76 9355.61 9369.95 9388.11 9398.78 9400.3 9399.77 9389.91
9058.77 9064 9065.85 9055.73 9051.65 9050.57 9053.16 9052.64 9048.45 9043.42 9038.96 9037.65 9041.19 9047.88 9063.34 9096.71 9142.57 9177.65 9191.7 9198.65 9203.02 9205.22 9204.92 9201.95 9178.52 9146.28 9134.65 9131.44 9130.33 9132.7 9135.41 9140.34 9146.18 9151.71 9156.79 9160.21 9158.39 9168.09 9173.01 9173.97 9196.67 9207.48 9208.48 9206.75 9204.56 9202.69 9201.98 9206.73 9213.53 9224.82 9244.16 9265.37 9288.25 9306.38 9318.6 9318.52 9318.51 9324.16 9331.09 9337.94 9345.78 9356.62 9374.28 9382.24 9385.27 9384.31 9382.85
9043.25 9042.04 9047.47 9050.53 9050.83 9049.48 9049.83 9050.19 9047.14 9042.77 9039.83 9039.91 9042.89 9050.79 9064.83 9088.8 9119.61 9150.37 9173.99 9189.72 9200.11 9209.22 9216.91 9230.3 9203.39 9158.91 9154.24 9152.11 9142.34 9138.15 9140.63 9145.94 9152.2 9158.34 9163.88 9168.99 9172.06 9167.44 9169.63 9172.69 9203.83 9213.86 9211.16 9207 9203.3 9200.39 9200.04 9204.6 9212.64 9221.18 9234.36 9249.43 9272.34 9301.17 9319.29 9313.14 9305.57 9309.87 9321.27 9330.17 9337.09 9342.19 9355.21 9368.34 9371.63 9373.26 9374.95
9034.94 9041.29 9046.24 9045.42 9046.14 9047.39 9052.21 9051.55 9046.15 9042.3 9040.42 9041.64 9046.15 9053.41 9064.91 9082.45 9106.62 9136.41 9161.43 9179.85 9194.41 9206.22 9217.21 9223.85 9199.06 9166.8 9162.53 9165.7 9150.39 9140.28 9146.41 9153.17 9158.99 9165.42 9170.77 9174.39 9169.56 9167.75 9166.09 9172.57 9200.74 9211.86 9208.86 9204.67 9200.92 9198.54 9196.91 9204.95 9213.56 9225 9235.11 9241.59 9257.66 9288.18 9308.15 9305.11 9301.94 9309.56 9317.86 9325.36 9331.7 9338.4 9347 9354.21 9358.44 9362.54 9365.96
9030.48 9036.47 9041.81 9042.37 9042 9044.32 9047.26 9046.52 9042.2 9040.58 9040.58 9042.49 9048.2 9056.79 9068.06 9084.95 9111.31 9133.53 9153.72 9171.41 9184.59 9195.82 9202.67 9205.6 9177.1 9154.13 9161.2 9166.43 9160.09 9154.42 9155.43 9159.71 9166.32 9173.11 9179.04 9181.92 9176.11 9167.55 9166.35 9168.01 9187.97 9200.5 9202.43 9199.98 9197.21 9195.96 9198.92 9205.31 9214.92 9226.43 9238.1 9254.79 9267.48 9284.25 9296.66 9306.46 9311.06 9314.14 9318.28 9322.52 9327.5 9333.73 9330.77 9339.05 9346.17 9350.76 9355.63
9027.51 9034.2 9037.21 9039.89 9042.49 9041.59 9037.89 9035.25 9036.04 9038.38 9041.39 9044.16 9052.12 9062.82 9074.34 9089.74 9114.56 9133.59 9150.05 9162.8 9171.94 9179.52 9186.9 9189.08 9152.19 9126.58 9138.77 9148.99 9162.58 9165.7 9161.08 9165.82 9173.85 9182.28 9189.27 9192.44 9185.93 9176.43 9173.3 9174.7 9185.84 9194.78 9196.24 9195.26 9193.12 9192.02 9195.65 9204.57 9215.8 9227.79 9240 9252.96 9270.9 9288.15 9300.7 9310.47 9317.94 9318.26 9319.79 9321.09 9322.7 9324.32 9324.34 9331.92 9336.98 9339.22 9337.19
9025.45 9028.78 9034.01 9036.52 9039.03 9035.93 9028.23 9025.74 9030.15 9038.27 9045.97 9051.96 9061.4 9072.52 9083.95 9098.33 9122.99 9136.47 9148.25 9157.7 9163.44 9164.45 9159.16 9143.99 9144.54 9139.93 9146.31 9150.41 9141.13 9145.83 9156.56 9167.58 9178.4 9189 9197.89 9203.89 9197.43 9185.43 9182.62 9185.02 9185.77 9189.8 9191.92 9192.26 9191.01 9189.65 9192.98 9204.84 9217.65 9230.54 9243.44 9256.31 9271.39 9287.36 9301.25 9310.97 9315.2 9318.77 9320.2 9320.28 9319.22 9320.8 9332.07 9332.17 9332.96 9333.48 9332.29
9024.71 9029.95 9029.97 9031.59 9032.18 9029.8 9023.84 9027.23 9030.92 9040.91 9053.11 9068.91 9074.67 9083.98 9096.39 9110.57 9130.21 9142.58 9150.58 9155.16 9157.76 9154.96 9147.44 9140.22 9145.6 9147.83 9150.89 9154.3 9139.37 9143.15 9162.39 9179.67 9191.1 9201.58 9211.23 9214.35 9206.62 9194.59 9187.61 9181.45 9184.21 9188.44 9193.2 9193.48 9192.2 9191.96 9196.63 9207.43 9220.09 9233.65 9247.69 9260.87 9275.64 9287.68 9296.4 9306.2 9314.77 9319.55 9322.84 9321.37 9319.03 9319.12 9332.12 9332.65 9331.24 9330.59 9333.19
9020.37 9023.3 9025.72 9027.5 9027.73 9026.47 9026.5 9028.48 9034.82 9043.81 9056.41 9072.73 9081.65 9093.29 9107.84 9124.45 9142.1 9149.34 9153.52 9156.11 9156.61 9153.64 9147.75 9151.53 9155.14 9154.31 9149.16 9169.66 9153.02 9160.66 9179.52 9190.7 9199.08 9207.51 9215.56 9222.06 9220.31 9207.61 9190.66 9183.36 9190.64 9200.1 9199.91 9198.49 9196.42 9196.06 9201.42 9211.47 9224.21 9237.53 9253.46 9263.43 9273.77 9281.44 9288.66 9301.61 9314.08 9324.19 9328.58 9323.07 9319.95 9323.83 9329.98 9331.81 9329.42 9325.3 9324.29
9017.88 9020.14 9024.13 9026.65 9026.95 9026.32 9028.57 9032.6 9037.55 9045.55 9053.81 9064.56 9082.75 9099.44 9116.99 9136.38 9151.83 9155.95 9158.63 9159.88 9160.21 9160.59 9160.66 9161.95 9168.41 9176.83 9167.36 9179.79 9163.25 9180.72 9190.72 9194.46 9198.93 9206.05 9212.83 9219.45 9231.34 9215.72 9191.27 9186.54 9196.62 9204.34 9207.69 9204.18 9200.76 9200.76 9206.02 9215.7 9227.7 9240.31 9252.44 9260.06 9264.46 9282.27 9293.65 9303.39 9316.43 9327.94 9330.14 9322.35 9315.38 9325.75 9334.8 9331.92 9329.95 9326.53 9321.63
9024.13 9025.14 9026.78 9029.13 9030.88 9032.75 9033.12 9034.25 9041.15 9050.03 9057.78 9067.8 9086.44 9104.32 9121.39 9138.53 9155.07 9159.94 9162.04 9163.62 9165.18 9167.63 9173.21 9173.11 9160.06 9198.4 9178.06 9017.68 9172.99 9203.78 9201.14 9206.43 9205.67 9201.3 9202.72 9201.14 9216.9 9208 9190.19 9190.75 9201.73 9213.72 9213.81 9209.5 9204.32 9201.41 9209.06 9220 9231.37 9241.97 9250.78 9262.02 9277.77 9285.53 9293.78 9304.72 9317.13 9324.77 9327.94 9320.6 9310.92 9313.26 9327.07 9330.02 9331.43 9334.08 9336.26
9029.49 9030.9 9031.43 9033.13 9035.41 9038.71 9038.12 9041.5 9047.75 9057.44 9071.79 9083.65 9094.37 9108.64 9124.19 9140.12 9156.11 9162.44 9165.52 9166.52 9168.3 9169.93 9170.75 9173.96 9171.83 9207.23 9150.58 9001.87 9216.36 9215.1 9216.08 9214.42 9206.34 9198.35 9185.18 9167.11 9174.66 9184.83 9193.92 9193.5 9201.49 9213.71 9216.68 9212.83 9209.23 9205.75 9215.22 9225.48 9235.99 9246.26 9255.48 9265.86 9274.5 9283.55 9293.22 9304.69 9313.06 9321.4 9323.18 9321.3 9313.64 9315.28 9321.18 9326.97 9329.56 9332.18 9336.56
9036.9 9035.3 9035.12 9037.31 9040.2 9041.38 9044.12 9044.73 9049.09 9060.02 9078.07 9090.58 9098.73 9111.3 9126.13 9144.03 9157.85 9164.22 9167.34 9169.61 9171.01 9172.86 9171.71 9173.01 9177.04 9224.8 9156.63 9004.05 9090.65 9187.08 9215.91 9219.72 9208.07 9192.47 9176.06 9161.44 9158.28 9161.76 9167.78 9180.03 9191.43 9208.34 9211.92 9210.99 9215.38 9219.18 9224.72 9231.47 9240.52 9251.97 9265.44 9275.64 9278.07 9282.7 9293.95 9304.6 9313.49 9322.52 9327.84 9325.51 9321.7 9318.18 9324.07 9327.97 9328.74 9323.94 9329.77
9031.65 9033.52 9036.44 9040.34 9045.69 9054.09 9050.95 9044.76 9045.44 9053.88 9066.81 9082.43 9096.28 9111.39 9126.48 9142.07 9158.4 9165.36 9169.3 9171.63 9172.91 9174.07 9177.38 9171.95 9176.19 9206.42 9130.89 9002.48 9078.17 9187.46 9225.13 9222.36 9208.7 9199.58 9174.51 9167.17 9160.04 9149.8 9151.06 9161.16 9170.94 9177.41 9183.98 9197.83 9217.21 9233.25 9229.63 9233.57 9242.5 9254.25 9267.91 9279.5 9288.63 9299.55 9307.8 9311.11 9316.23 9322.38 9325.74 9330.73 9332.89 9335.4 9334.18 9334.29 9334.1 9333.24 9335.15
9023.92 9031.09 9037.18 9042.13 9046.52 9049.25 9047.29 9043.41 9042.48 9045.56 9052.18 9070.86 9091.59 9110.7 9127.79 9142.37 9156.31 9166.05 9171.57 9174 9173.76 9170.96 9169.16 9172.49 9170.92 9185.56 9088.85 8981.92 9216.7 9232.34 9236.32 9225.15 9212.53 9191.42 9173.74 9164.97 9157.62 9141.61 9134.09 9144.47 9151.59 9153.95 9160.85 9177.06 9194.95 9213.14 9218.79 9227.39 9239.2 9252.3 9265.12 9276.76 9292.88 9306.52 9317.66 9325.08 9323.23 9322.05 9331.48 9337.28 9339.93 9345.4 9340.95 9339.68 9339.86 9341.03 9342.75
9027.94 9033.33 9038.77 9042.95 9045.95 9046.79 9045.01 9041.55 9040 9040.41 9048.76 9067.64 9090.65 9112.95 9133.15 9149.56 9160.34 9170.02 9176.31 9178.94 9177.78 9172.69 9167.67 9167.77 9172.2 9185.13 9080.1 8985.35 9215.2 9247.43 9236.03 9225.96 9213.84 9196.27 9170.19 9161.96 9157.22 9140.16 9134.54 9136.93 9141.56 9145.16 9150.1 9159.87 9165.4 9178.47 9200.91 9217.7 9233.79 9250.64 9267.89 9285.45 9300.83 9313.89 9322.35 9326.88 9329.02 9328.87 9328.72 9336.56 9348.99 9343.08 9342.38 9343.61 9345.43 9345.13 9348.32
9037.07 9039.3 9041.77 9043.86 9046.14 9047.75 9046.58 9039.36 9033.81 9038.17 9049.24 9069.24 9093.16 9117.12 9139.51 9156.35 9167.79 9177.91 9184.11 9187.57 9187.13 9181.35 9173.62 9170.1 9186.24 9192.49 9104.7 9018.89 9177.03 9216.84 9218.83 9216.7 9207.1 9194.48 9176.75 9159.5 9148.24 9139.18 9134.91 9135.41 9138.65 9143.82 9149.97 9153.85 9159.85 9172.16 9190.92 9209.76 9228.69 9247.71 9268.39 9288.81 9309.82 9323.77 9331.07 9336.52 9334.12 9325.37 9326.64 9333.13 9340.15 9336.46 9340.68 9344.93 9350.36 9354.73 9353.53
9051.92 9046.36 9045.24 9045.9 9046.71 9046.45 9043.68 9040.05 9038.39 9040.84 9052.76 9075.2 9098.56 9122.18 9145.29 9162.4 9175.55 9184.05 9192.71 9198.78 9201.57 9199.65 9188.81 9177.35 9180.13 9174.49 9162.88 9162.06 9158.27 9187.45 9198.69 9203.17 9202.17 9195.38 9185.51 9172.82 9155.05 9142.8 9137.72 9135.66 9138.64 9143.87 9151.4 9151.45 9157.03 9168.37 9184.73 9202.66 9220.96 9240.46 9263.25 9297.11 9314.56 9339 9363.33 9350.01 9335.48 9327.59 9327.95 9333.88 9333.02 9335.15 9339.98 9344.3 9349.31 9354.46 9354.22
9052.39 9045.75 9044.84 9046.06 9047.53 9048.52 9049.3 9046.4 9046.17 9052.85 9066.11 9086.8 9106.96 9127.32 9146.64 9164.72 9179.7 9192.85 9201.12 9209.9 9218.2 9220.71 9209.29 9192.08 9198.68 9202.08 9193.29 9190.04 9154.2 9160.94 9180.51 9190.86 9196.34 9197.24 9192.71 9180.04 9157.88 9138.28 9135.15 9136.04 9138.6 9142.43 9145.08 9148.29 9152.27 9164.37 9180.01 9196.73 9213.52 9230.26 9245.79 9256.11 9281.31 9319.67 9346 9346.42 9333.95 9330.26 9330.09 9333.36 9335.89 9338.52 9340.63 9341.92 9342.96 9346.98 9350.78
9029.81 9040.51 9041.56 9045.72 9049.38 9052.36 9055.21 9056.29 9059.37 9075.46 9091.64 9102.66 9117.04 9132.83 9150.65 9167.8 9183.12 9195.72 9208.42 9218.38 9230.24 9242.54 9232.81 9223.6 9221.01 9215.38 9191.79 9165.09 9149.52 9151.19 9166.22 9179.07 9185.7 9190.6 9197.21 9178.38 9155.1 9138.58 9134.43 9136.83 9140.2 9143.57 9147.16 9148.31 9151.64 9163.09 9177.24 9192.18 9206.98 9220.23 9230.36 9235.94 9249.69 9263.01 9282.65 9316.16 9336.37 9336.09 9333.82 9336.94 9343.62 9345.9 9345 9343.6 9339.64 9341.93 9349.05
9013.18 9028.35 9036.54 9044.79 9051.35 9056.2 9058.98 9068.21 9080.56 9094.76 9106.51 9116.24 9127.47 9138.75 9148.78 9172.19 9191.67 9207.42 9214.18 9220.42 9229.45 9243 9241.14 9232.19 9220.04 9198.09 9189.22 9174.72 9157.99 9155.75 9162.82 9168.37 9172.29 9170.99 9168.18 9159.67 9148.34 9138.96 9137.94 9140.14 9143.16 9146.52 9147.58 9149.62 9154.35 9164.46 9177.6 9191.46 9204.84 9216.64 9226.34 9234.53 9242.36 9249.49 9260.61 9305.11 9345.15 9343.71 9340.5 9348.56 9356.39 9353.68 9349.96 9347.15 9343.49 9346.41 9349.62
9010.46 9021.98 9032.52 9043.86 9054.23 9063.98 9073.45 9085.4 9097.31 9106.49 9116.63 9126.38 9136.76 9147.87 9159.67 9178.75 9198.75 9215.62 9214.41 9214.63 9216.58 9226.03 9249.36 9248.04 9227.38 9199.43 9179.63 9168.39 9163.51 9163.29 9166.54 9165.51 9161.32 9155.47 9147.22 9146.27 9143.95 9143.4 9143.74 9145.9 9148.52 9150.84 9151.64 9153.05 9157.23 9166.63 9178.63 9192.38 9205.65 9218.27 9230.11 9238.4 9245.02 9248.93 9257.14 9298.99 9338.96 9354.99 9359.04 9367.38 9366.53 9358.36 9354.13 9353.4 9354.12 9353.09 9351.85
8998.93 9015.16 9030.2 9044.51 9058.62 9072.75 9087.47 9100.42 9111.78 9122.1 9126.81 9133.17 9143.15 9159.58 9174.03 9182.26 9194.71 9204.53 9206.79 9205.63 9204.29 9218.33 9261.68 9263.62 9234.15 9205.92 9177.1 9168.07 9179.46 9187.03 9176.68 9166.3 9155.84 9144.41 9139.09 9141.1 9144.59 9147.43 9149.68 9151.53 9153.72 9155.47 9158.36 9159.61 9161.26 9170.97 9182.7 9195.69 9209.33 9222.88 9236.59 9250.4 9264.88 9266.08 9270.27 9291.86 9345.31 9366.63 9382.5 9383.61 9356.68 9355.73 9353.3 9355.4 9363.19 9356.82 9351.91
8989.31 9009.02 9027.57 9045.08 9062.18 9079.6 9096.56 9110.8 9120.7 9130.97 9131.68 9134.43 9140.94 9152.47 9167.24 9176.85 9187.18 9193.29 9198.91 9198.04 9196.04 9208.32 9237.73 9240.88 9221.3 9211.66 9170.75 9168.76 9186.62 9192.85 9183.89 9170.59 9157.98 9145.52 9142.66 9144.11 9150.52 9157.56 9155.48 9156.18 9157.6 9159.3 9160.64 9160.97 9165.9 9176.11 9188.39 9202.18 9215.12 9229.42 9243.66 9256.21 9265.44 9278.44 9286.66 9290.9 9321.77 9341.97 9366.03 9385.09 9363.49 9356.37 9351 9346.24 9346.11 9346.74 9346.9
