real_craters/C111-300m.grd
DSAA
235 235
-35.14 35.14
-35.14 35.14
7985.6671402473 9691.8037038671
[rows 60 to 89 of 235, columns 67 to 133 of 235]
9129.5 9124.42 9121.76 9107.9 9092.61 9078.35 9069.9 9078.3 9100.99 9126.03 9138.35 9141.51 9140.52 9140.74 9145.6 9147.49 9146.3 9146.77 9146.37 9146.92 9149.17 9152.84 9157.32 9161.15 9161.28 9161.89 9162.82 9164.62 9166.41 9168.24 9168.94 9170.31 9170.95 9170.3 9168.3 9165.74 9170.48 9175.19 9178.61 9181.39 9184.8 9188.11 9192.52 9197.51 9202.46 9206.94 9211.35 9215.45 9219.02 9220.88 9221.5 9220.48 9219.61 9218.19 9214.78 9214.95 9215.65 9211.23 9201.72 9199.18 9197.32 9194 9191.77 9189.36 9188.13 9186.22 9184.67
9145.9 9142.5 9137.75 9127.92 9110.72 9088.13 9076.91 9093.86 9131.99 9146.64 9150.98 9150.56 9141.36 9139.39 9143.76 9145.74 9145.23 9146.23 9147.24 9146.62 9147.45 9149.99 9155.49 9160.8 9159.31 9160.03 9162.17 9164.6 9167.61 9170.05 9171.44 9172.97 9173.82 9173.29 9171.74 9170.11 9173.9 9178.31 9181.25 9184.16 9186.98 9190.44 9194.13 9198.5 9202.89 9206.96 9211.32 9215.25 9219.42 9220.47 9220.52 9220.61 9219.99 9219.06 9218.45 9217.37 9214.85 9210.72 9203.76 9199.46 9196.67 9195.64 9193.32 9192.43 9190.89 9189.48 9187.94
9158.28 9157.04 9158.61 9150.76 9141.63 9140.61 9135.04 9138.34 9169.72 9172.94 9170.48 9165.64 9149.58 9141.22 9141.17 9141.27 9143 9144.82 9145.97 9145.23 9144.59 9143.19 9144.05 9148.9 9152.21 9156.43 9160.51 9164.13 9167.9 9171.03 9174.01 9176.71 9177.92 9178.39 9178.88 9179.28 9181.78 9183.86 9185.14 9187.04 9189.98 9192.4 9195.95 9200.27 9204.28 9207.6 9210.69 9213.18 9215.75 9218.48 9219.77 9220.14 9220.26 9220 9218.71 9216.81 9215.74 9211.74 9204.23 9199.23 9197.22 9196.37 9195.33 9193.96 9192.88 9192.49 9191.37
9166.99 9165.5 9164.77 9163.84 9166.66 9174.14 9182.48 9182.7 9197.08 9199.73 9195.14 9186.91 9165.59 9149.76 9144.27 9142.02 9142.34 9144.69 9146.25 9144.87 9143.21 9137.96 9128.56 9132.21 9145.32 9153.2 9158.97 9163.87 9168.41 9172.59 9175.87 9178.91 9181.75 9184.42 9187.5 9191.12 9191.97 9190.64 9189.46 9188.76 9189.96 9193.92 9197.36 9201.35 9205.02 9208.2 9210.84 9211.87 9211.44 9216.04 9218.66 9220.23 9221.27 9221.73 9221.45 9219.46 9216.76 9209.98 9200.23 9199.02 9198.26 9196.81 9196.36 9195.59 9194.64 9195.14 9194.31
9173.81 9171.53 9166.53 9168.97 9181.93 9196.41 9203.93 9203.06 9206.67 9218.56 9218.92 9200.84 9179.25 9161.4 9149.03 9142.86 9142.74 9146.68 9149.09 9147.34 9146.48 9143.11 9136.29 9137.81 9146.85 9153.54 9158.94 9164.11 9168.66 9173.26 9177.57 9181.57 9186.08 9190.3 9194.52 9198.36 9199.39 9196.86 9193.95 9192.42 9193.08 9195.86 9199.56 9203.43 9207.01 9210.22 9212.61 9213.66 9213.39 9215.34 9218.45 9221.07 9223.1 9224.66 9225.76 9225.86 9218.65 9211.51 9204.65 9201.42 9200.23 9199.04 9197.85 9196.99 9196.02 9195.63 9196.59
9178.1 9178.3 9178.41 9182.13 9190.27 9200.78 9209.43 9208.8 9215.32 9225.91 9222.2 9201.93 9182.76 9166.97 9151.44 9141.5 9146.65 9152.06 9154.34 9154.95 9152.38 9153.81 9160.57 9156.24 9153.86 9156.19 9160.2 9165 9169.59 9173.86 9178.57 9183.95 9188.93 9194.17 9199.45 9204.33 9206.21 9202.12 9197.97 9194.52 9195.45 9198.87 9202.87 9206.86 9210.4 9213.6 9216.19 9218.1 9218.65 9217.2 9220.17 9223.15 9225.56 9227.1 9227.72 9226.78 9219.64 9213.7 9207.7 9204.57 9203.21 9202.31 9201.06 9200.42 9199.48 9198.62 9197.78
9179.89 9183.53 9189.23 9195.08 9190.5 9192.19 9200.47 9207.14 9217.61 9226.66 9215.25 9196.37 9177.02 9159.9 9158.58 9157.52 9160.63 9162.02 9161.56 9160.35 9156.76 9157.36 9161.5 9159.32 9157.48 9158.11 9161.2 9164.97 9169.34 9174.16 9180.22 9185.35 9190.94 9196.41 9202.39 9207.16 9208.21 9206.43 9201.46 9196.62 9198.56 9202.82 9207.12 9211.24 9214.94 9218.21 9220.93 9222.97 9223.2 9221.59 9224.27 9226.57 9228.2 9229.05 9228.93 9226.35 9222.63 9218.02 9211.33 9209.41 9208.09 9206.94 9205.48 9204.44 9203.49 9202.2 9201.3
9180.54 9185.46 9190.83 9192.32 9182.37 9171.82 9183.5 9205.5 9220.25 9223.53 9208.38 9187.65 9175.86 9168.97 9172.23 9178.55 9178.15 9173.94 9169.65 9165.66 9159.24 9154.79 9153.72 9155.31 9156.53 9158.45 9160.84 9164.76 9169.63 9174.66 9179.88 9186.16 9191.65 9197.84 9204.18 9210.49 9216.48 9210.23 9205.88 9204.45 9204.55 9207.87 9211.93 9215.94 9219.62 9222.88 9225.42 9227.63 9231.11 9231.56 9230.28 9229.97 9230.7 9231.18 9231.49 9229.83 9227.7 9225.15 9221.84 9217.85 9213.89 9211.16 9209.97 9208.47 9207.26 9205.97 9204.95
9178.45 9183.31 9188.07 9189.03 9174.2 9160.85 9179.55 9205.19 9222.32 9225.6 9197.3 9179.3 9176.02 9180.42 9182.89 9189.55 9190.2 9183.81 9177.05 9170.56 9161.96 9154.82 9148.31 9152.5 9155.28 9157.76 9161.14 9165.25 9169.16 9174.12 9178.81 9185.23 9191.51 9197.92 9204.17 9209.41 9211.58 9211.22 9208.8 9206.56 9210 9213.48 9217.22 9220.91 9224.57 9227.93 9230.65 9232.01 9237.27 9239.08 9234.83 9232.88 9232.44 9233.55 9234.74 9236.76 9237.31 9231.39 9227.1 9222.47 9218.27 9215.21 9214.06 9212.56 9211.18 9210.52 9209.01
9176.24 9179.05 9182.62 9182.12 9166.95 9156.11 9168.84 9196.78 9215.13 9219.28 9191.45 9175.51 9174.2 9176.72 9185.78 9196.15 9197.89 9190.31 9182.25 9174.62 9165.34 9159.99 9156.75 9153.89 9155.45 9157.57 9160.17 9163.86 9167.66 9173.11 9178.34 9184.57 9190.9 9197.29 9203.5 9207.69 9210.59 9212.23 9213.4 9214.1 9216.57 9219.63 9222.88 9226.13 9229.53 9232.91 9236.13 9239.34 9239.09 9237.59 9235.31 9233.9 9233.53 9234.73 9236.01 9238.38 9238.79 9233.35 9226.89 9222.01 9220.86 9219.11 9218.77 9217.27 9215.78 9214.74 9213.31
9172.52 9174.54 9174.87 9169.37 9156.58 9146.55 9163.09 9187.18 9203.98 9207.68 9184.39 9171.62 9175.88 9181.27 9190.91 9199.17 9199.27 9192.84 9185.31 9177.37 9167.87 9161.78 9157.45 9155.03 9155.47 9156.95 9159.52 9163.18 9166.67 9171.89 9177.64 9183.9 9190.21 9196.82 9203.41 9208.06 9209.76 9215.57 9220 9222.53 9223.83 9225.86 9228.36 9231.1 9234 9236.96 9239.68 9242.18 9236.5 9233.93 9233.61 9233.4 9233.48 9233.76 9234.73 9235.81 9236.31 9233.37 9229.06 9225.49 9224.75 9223.47 9222.88 9222.01 9220.71 9219.15 9217.76
9169.95 9170.49 9169.12 9161.69 9150.34 9142.91 9167.41 9190.25 9199.23 9198.61 9184.03 9173.84 9186.07 9197.84 9205.72 9205.21 9198.86 9194.06 9187 9178.82 9168.89 9162.44 9157.54 9154.57 9154.3 9155.38 9156.36 9159.83 9163.97 9169.25 9175.21 9181.79 9188.59 9195.68 9202.92 9210.67 9219.39 9224.83 9226.27 9227.95 9229.84 9231.27 9233.02 9235.11 9237.35 9239.64 9240.86 9238.29 9232.66 9231.25 9231.95 9232.73 9233.21 9233.45 9233.2 9231.66 9235.11 9234.11 9232.81 9231.2 9230.46 9228.36 9227.97 9226.39 9225.22 9223.51 9221.74
9165.85 9167.44 9167.26 9165.45 9160.79 9162.36 9183.95 9196.51 9202.94 9205.63 9201.47 9191.85 9204.33 9220.21 9227.33 9217.63 9205.91 9197.62 9188.2 9178.59 9168.1 9161.62 9156.34 9152.64 9151.81 9152.13 9154.04 9157.79 9162.38 9167.58 9173.63 9180.39 9187.32 9194.71 9202.25 9210.75 9222.13 9229.43 9232.37 9234.51 9234.61 9235.27 9236.43 9237.96 9239.67 9241.24 9242.35 9241.89 9231.86 9230.09 9231.16 9232.52 9233.26 9233.88 9233.51 9232.45 9234.65 9235.15 9236.73 9239 9236.55 9234.07 9233.67 9232.11 9230.74 9228.94 9226.83
9163.74 9166.54 9168.62 9171.35 9173.1 9177.26 9187.39 9200.03 9212.4 9220.44 9220.11 9214.21 9223.17 9235.45 9240.21 9228.27 9215.6 9200.87 9188.21 9177.09 9165.15 9155.38 9151.31 9149.68 9149.18 9149.75 9151.95 9155.89 9160.77 9166.38 9172.47 9179.79 9186.34 9192.96 9199.91 9206.83 9212.8 9219.14 9231.83 9236.43 9236.58 9237.05 9238.01 9239.25 9240.32 9240.91 9240.92 9239.17 9230.49 9229.9 9231.39 9233.02 9234.23 9234.92 9236.54 9238.16 9234.85 9235.47 9238.06 9240.51 9239.41 9237.77 9237.37 9235.54 9233.79 9231.92 9229.24
9164.87 9167.76 9169.51 9175.29 9183.05 9182.91 9190 9205.29 9221.23 9230.45 9234.49 9232.43 9237.71 9243.28 9244.17 9229.72 9213.3 9197.86 9185.14 9173.98 9162.89 9152.22 9148.2 9145.48 9144.78 9146.66 9149.14 9153.61 9158.89 9164.81 9171.18 9177.62 9184.13 9190.55 9196.58 9202.91 9208.31 9215.72 9227.22 9233.81 9235.91 9237.29 9238.71 9240.25 9241.19 9240.94 9237.73 9232.51 9230.99 9232.13 9233.51 9235.15 9236.62 9237.99 9238.71 9238.42 9235.28 9235.73 9238.53 9240.08 9241.28 9242.03 9241.18 9240.07 9238.85 9236.29 9233.87
9166.22 9168.99 9170.63 9171.56 9173.01 9178.19 9189.63 9208.81 9221.44 9237.14 9247.65 9250.69 9246.11 9243.85 9238.71 9225.14 9207 9192.95 9179.09 9165.89 9160.75 9158.03 9145.87 9139.96 9138.88 9140.91 9144.38 9150.34 9156.01 9162.15 9169.15 9175.7 9181.71 9188.06 9193.71 9199.86 9206.23 9214.71 9226.29 9231.07 9234.75 9237.84 9240.44 9242.4 9243.8 9244.06 9241.93 9238.36 9236.53 9236.12 9237.25 9238.74 9240.13 9241.24 9241.85 9240.61 9236.76 9237.22 9240.45 9243.48 9244.48 9245.77 9245.72 9244.28 9242.74 9241.09 9238.72
9170.32 9171.72 9172.51 9169.69 9167.36 9176.88 9194.3 9212.66 9223.05 9243.71 9251.35 9248.9 9245.79 9239.96 9229.47 9220.45 9207.87 9190.56 9169.8 9150.71 9139.73 9143.04 9131.25 9130.16 9132.71 9137.1 9142.51 9148.2 9154.53 9161.52 9168.47 9175.04 9181.4 9187.53 9192.93 9198.15 9202.92 9207.26 9216.32 9226.4 9232.89 9237.9 9241.81 9244.73 9247.11 9248.98 9250.37 9245.67 9241.78 9241.53 9243.04 9244.25 9245.37 9244.96 9244.23 9242.93 9238.98 9240.22 9244.84 9246.32 9248.21 9251.55 9250.38 9249.03 9246.96 9244.58 9242.19
9178.1 9179.36 9179.76 9176.77 9177.34 9188.21 9206.25 9216.51 9227.38 9244.3 9250.53 9248.15 9241.28 9233.67 9227.96 9213.97 9198.45 9180.32 9157.28 9131.78 9102.23 9088.51 9108.06 9119.18 9127.23 9132.66 9139.42 9146.26 9152.74 9159.6 9166.77 9173.39 9179.78 9186.85 9192.22 9196.67 9201.24 9204.47 9215 9223.25 9231.62 9238.37 9243.38 9247.15 9250.19 9252.46 9255.17 9248.13 9246.04 9248.55 9250.53 9252.26 9252.25 9250.24 9245.46 9242.96 9244.55 9248.04 9254.65 9257.56 9259.47 9258.93 9258.74 9254.31 9251.89 9247.48 9244.51
9188.46 9190.75 9193.14 9193.12 9197.96 9206.75 9212.12 9222.26 9237.24 9248.3 9247.78 9241.49 9231.1 9219.54 9209.6 9195.74 9180.71 9164.95 9145.79 9123.74 9098.97 9087.82 9102.22 9113.9 9123.54 9132.12 9140.31 9142.92 9150.14 9156.93 9163.8 9171.04 9177.27 9183.39 9189.5 9195.1 9201.37 9201.26 9208.1 9222.78 9232.95 9240.25 9245.79 9249.98 9252.74 9255.17 9260.5 9256.41 9255.79 9258.13 9261.09 9262.94 9263.06 9261.2 9254.94 9255.99 9264.08 9271.64 9267.12 9267.28 9267.75 9267.12 9264.06 9257.74 9254.88 9252.07 9249.14
9199.63 9203.94 9208.76 9213.94 9228.13 9233.26 9226.17 9228.14 9232.84 9245.57 9240.74 9229.25 9214.74 9198.68 9182.2 9168.62 9159.8 9149.92 9135.62 9123.41 9120.47 9113.09 9109.17 9113.98 9122.05 9130.35 9139.37 9147.19 9155.64 9153.79 9159.89 9165.91 9171.84 9178.45 9186.67 9194.9 9206.82 9211.43 9217.59 9229.86 9238.51 9245.67 9251.4 9254.56 9256.38 9256.78 9254.89 9263.93 9267.59 9269.65 9272.65 9273.94 9274.96 9276.51 9280.97 9278.68 9275.26 9276.06 9272.86 9274.02 9276.3 9273.17 9268.32 9262.5 9258.39 9255.07 9252.04
9209.4 9216.81 9224.54 9233.23 9248.23 9256.63 9245.06 9234 9231.77 9235.84 9229.23 9213.38 9195.22 9177.34 9158.35 9143.7 9137.99 9131.54 9123.02 9115.22 9115.69 9114.15 9112.11 9115.82 9123.19 9130.48 9138.39 9145.59 9152.36 9158.71 9156.89 9162.54 9169.15 9175.86 9183.88 9195.09 9213.89 9236.61 9247.51 9242.18 9246.9 9254.4 9260.75 9264.06 9265.75 9265.48 9261.61 9274.14 9282.31 9284.45 9284.62 9285.68 9286.31 9290.53 9290.51 9286.7 9278.05 9270.96 9271.96 9275.39 9279.27 9274.85 9271.94 9264.23 9261.57 9258.76 9256.06
9217.97 9228.82 9241.34 9253.1 9270.35 9278 9259.81 9241 9231.13 9226.88 9217.96 9198.59 9177.12 9160.36 9141.87 9126.39 9118.69 9115.12 9109.72 9102.72 9093.61 9103.34 9112.79 9119.53 9124.33 9130.93 9137.89 9144.35 9150.23 9156.05 9161.55 9164.82 9169.37 9175.22 9182.56 9193.37 9212.08 9234.58 9242.16 9246.31 9256.28 9269.85 9278.1 9283.65 9285.12 9285.65 9296.5 9309.97 9306.16 9303.53 9302.54 9301.67 9300.32 9300.68 9299.59 9292.93 9282.52 9270.96 9272.75 9274.57 9272.8 9273.24 9272.29 9266.22 9264.72 9262.43 9259.91
9228.02 9241.09 9257.19 9273.35 9293.08 9300.23 9279.83 9258.22 9245.41 9230.93 9210.9 9190.45 9167.7 9151.46 9129.98 9109.74 9099.22 9096.74 9096.32 9100.22 9102.17 9109.12 9116.44 9122.09 9128.06 9133.19 9139.07 9144.78 9150.57 9156.23 9162.99 9168.68 9173.66 9178.7 9196.95 9201.87 9205 9209.73 9220.76 9245.89 9268.59 9287.87 9298.86 9304.6 9306.16 9304.9 9311.3 9326.9 9323.61 9322.79 9322.43 9321.29 9317.01 9310.15 9300.25 9300.08 9295 9286.72 9281.86 9278.16 9275.72 9272.16 9273.76 9269.7 9268.39 9266.52 9264.14
9231.78 9245.73 9265.46 9291.42 9309.29 9306.88 9281.06 9253.65 9233.63 9220.55 9202.29 9189.74 9175.13 9153.48 9123.53 9094.42 9080.99 9073.36 9083.91 9103.24 9122.47 9120.47 9123.31 9127.66 9132.11 9138.33 9143.96 9149.25 9155.22 9181.71 9188.43 9193.67 9197.67 9200.16 9201.52 9205.78 9199.67 9198.01 9219.04 9256.37 9290.01 9312.6 9324.56 9328.55 9328.34 9328.13 9322.18 9320.48 9331.44 9338.42 9342.97 9344.2 9338.13 9328.34 9320.24 9320.13 9315.71 9306.84 9296.56 9286.32 9273.8 9273.22 9278.75 9277.94 9277.85 9276.58 9274.26
9231.38 9242.23 9259.9 9285.72 9298.18 9283.68 9257.01 9226.62 9202.58 9191.31 9185.9 9189.79 9192.29 9162.45 9121.19 9085.07 9070.42 9069.82 9082.35 9101.86 9119.33 9124.84 9129.06 9133.26 9138.96 9144.24 9150.08 9173.64 9181.24 9188.89 9196.12 9203.74 9217.48 9219.19 9218.08 9216.93 9210.22 9212.29 9232.86 9288.18 9327.4 9346.94 9354.01 9353.68 9347.29 9337.56 9322.96 9323.58 9339.62 9352.98 9363.45 9370.25 9366.87 9352.9 9345.18 9351.43 9343.22 9328.74 9312.72 9300.32 9294.86 9292.35 9289.7 9291.35 9292.83 9286.94 9284.2
9226.63 9233.32 9239.91 9250.6 9270.55 9255.49 9230.08 9201.09 9178.36 9168.22 9167.19 9181.8 9195.29 9163.95 9116.89 9077.26 9065.35 9072.12 9085.56 9100.33 9115.97 9127.37 9134.02 9147.85 9155.88 9163.54 9172.78 9180.38 9197.11 9206 9214.61 9224.39 9230.88 9240.68 9241.24 9240.84 9236.61 9254.82 9307.25 9357.03 9381.95 9387.68 9384.92 9378.11 9365.44 9341.2 9319.7 9330.12 9350.01 9365.92 9378.6 9395.18 9405.25 9400.89 9397.03 9394.01 9377.35 9345.39 9321.44 9316.29 9306.75 9299.08 9301.21 9306.43 9306.42 9301.06 9297.25
9223.11 9227.39 9227.43 9230.66 9261.76 9267.06 9217.09 9182.7 9157.03 9152.18 9153.79 9163.43 9166.35 9143.65 9107.47 9075.56 9066.76 9075.93 9088.72 9100.64 9116.33 9134.38 9147.79 9157.83 9169.43 9178.23 9187.2 9196.97 9213.69 9223.98 9234.34 9244.54 9254.13 9264.93 9271.02 9276.04 9281.17 9326.09 9415.29 9451.02 9442.49 9424.22 9408.18 9398.32 9390.3 9372.85 9359.39 9358.74 9362.93 9367.71 9379.94 9403.4 9443.26 9487.77 9491.23 9452.19 9412.65 9376.34 9351.15 9343.22 9328.41 9313.09 9318.72 9322.37 9321.08 9315.37 9309.48
9221.12 9226.94 9229.42 9235.96 9263.09 9257.95 9210.71 9165.17 9140.79 9137.03 9145.41 9138.99 9128.49 9113.47 9096.81 9081.67 9078.06 9084.35 9095.25 9111.22 9126.56 9144.12 9156.93 9167.33 9177.92 9191.68 9201.06 9210.42 9222.81 9235.02 9247.1 9261.64 9275.12 9290.49 9304.02 9317.22 9334.67 9400.25 9505.38 9529.56 9482.05 9437.49 9410.34 9401.95 9411.03 9426.87 9435.89 9389.48 9359.1 9347.36 9353.73 9381.21 9438.6 9515.49 9511.65 9466.45 9430.86 9408.27 9393.67 9382.88 9364.45 9351.09 9342.91 9342.17 9336.49 9327.73 9318.68
9221.57 9231.51 9242.4 9255.06 9271.86 9253.85 9200.07 9160.61 9129.55 9113.77 9116.41 9106.44 9098.04 9092.45 9088.82 9088.75 9093.49 9097.98 9116.44 9139.06 9151.07 9160.46 9168.59 9176.03 9189.69 9198.96 9213.47 9227.96 9238.06 9249.19 9262.91 9276.65 9293.58 9313.23 9335.52 9358.97 9383.44 9446.51 9542.23 9552.15 9468.27 9407.85 9374.46 9366.18 9387.68 9435.58 9427.91 9357.12 9319.31 9291.49 9295.13 9315.58 9363.97 9422.41 9425.91 9419.43 9413.88 9421.69 9430.13 9423.37 9397.98 9367.3 9368 9363.77 9350.95 9336.02 9322.86
9218.11 9232.56 9249.94 9264.19 9264.78 9235.62 9184.3 9144.4 9104.02 9076.64 9066.73 9067.64 9072.41 9078.39 9086.63 9087.79 9084.69 9112.45 9130.38 9159.07 9171.09 9176.27 9182.84 9187.77 9201.13 9207.93 9216.95 9232.89 9242.52 9253.55 9268.85 9284.18 9302.77 9327.24 9358.99 9394.32 9431.47 9451.67 9469.77 9444.65 9380.66 9328.92 9296.13 9280.56 9280.49 9283.76 9269.77 9250.14 9231.03 9204.13 9195.57 9206.9 9234.43 9263.36 9286.36 9324.43 9355.54 9400.74 9463.35 9445.72 9423.45 9410.79 9401.74 9383.01 9358.73 9336.73 9319.76
