real_craters/C111-300m.grd
DSAA
235 235
-35.14 35.14
-35.14 35.14
7985.6671402473 9691.8037038671
[rows 60 to 89 of 235, columns 134 to 200 of 235]
9183.33 9181.4 9179.74 9178.24 9176.35 9173.26 9170.25 9166.19 9160.65 9153.87 9146.32 9140.87 9141.75 9144.82 9146.76 9147.61 9147.88 9147.43 9146.4 9144.76 9142.89 9141.52 9140.7 9147.78 9150.99 9147.98 9142.53 9137.43 9133.07 9129.54 9126.81 9124.47 9124.75 9124.18 9123.65 9123.34 9122.86 9122 9121.72 9121.04 9120.28 9120.24 9120.9 9119.53 9121.84 9126.07 9128.22 9130.35 9130.07 9128.87 9128.93 9129.96 9131.62 9133.39 9134.89 9134.83 9133.24 9131.05 9128.59 9126.36 9124.27 9122.8 9122.73 9125.25 9128.12 9129.21 9129.76
9186.76 9185.25 9184.21 9183.24 9182.08 9179.77 9177.12 9173.66 9169.16 9161.99 9152.42 9144.32 9147.33 9150.62 9151.67 9151.32 9150.03 9148 9145.33 9142.3 9141.57 9142.04 9140.03 9132.44 9153.56 9149.8 9143.98 9139.11 9134.05 9130.27 9127.4 9125 9124.96 9124.47 9125.02 9125.56 9125.65 9125.2 9124.58 9123.77 9123.01 9122.9 9123.17 9122.36 9129 9131.67 9134.05 9136.76 9135.59 9133.25 9132.17 9131.95 9132.46 9132.97 9133.14 9133.01 9132.21 9130.65 9128.77 9126.74 9124.86 9123.29 9123.1 9126.46 9129.81 9129.07 9129.96
9190.67 9189.57 9188.47 9188.69 9187.67 9186.22 9185.55 9183.73 9180.91 9175.73 9167.61 9159.45 9160.36 9160.5 9158.79 9156.18 9153.05 9149.75 9146.12 9142.19 9142.76 9146.45 9152.88 9161.79 9155.11 9148.6 9142.48 9136.85 9132.93 9130.43 9128.36 9126.58 9125.11 9125.23 9126.83 9128.29 9129.58 9129.19 9127.95 9126.52 9125.28 9124.14 9123.26 9127.44 9134.83 9135.84 9136.62 9137.55 9136.47 9134.76 9133.6 9132.94 9132.58 9132.45 9131.92 9131.73 9131.18 9130.15 9128.72 9126.91 9125.32 9123.92 9123.64 9129.39 9137.99 9136.54 9130.67
9193.48 9193.23 9192.84 9192.8 9192.53 9193.24 9193.2 9194.04 9194.51 9194.14 9192.02 9186.33 9179.49 9173.4 9167.53 9162.04 9156.91 9152.29 9148.61 9147.09 9147.34 9149.37 9155.55 9159.93 9150.95 9145.47 9140.05 9134.36 9131.9 9131.22 9130.18 9128.66 9127.09 9127.81 9129.36 9131.16 9133.13 9133.28 9131.13 9129.28 9127.87 9126.73 9127.21 9133.73 9137.24 9137.7 9136.76 9135.37 9135.11 9134.38 9133.64 9132.99 9132.39 9131.77 9131.3 9131.04 9130.62 9129.74 9128.66 9127.32 9126.13 9125.11 9125.19 9128.95 9133.66 9129.65 9127.26
9196.05 9196.14 9195.79 9195.86 9197.05 9198.59 9200.07 9203.12 9207.01 9211.98 9216.64 9211.26 9197.68 9186.42 9176.9 9168.84 9161.91 9155.92 9151.15 9147.95 9146.57 9147.68 9151.37 9154.81 9147.99 9143.17 9139.11 9134.91 9133.27 9133.64 9133.65 9132.67 9131.1 9131.26 9132.17 9133.65 9134.72 9134.64 9133.52 9132.01 9130.57 9129.92 9130.99 9135.87 9139.48 9138.19 9136.31 9134.5 9133.98 9133.69 9133.34 9132.94 9132.37 9131.51 9130.85 9130.65 9130.24 9129.5 9128.69 9127.85 9127.3 9126.75 9126.25 9126.47 9124.53 9123.59 9125.93
9199.42 9198.7 9198.86 9199.58 9201.43 9203.19 9205.37 9209.45 9215.29 9223.6 9232.8 9225.96 9209.18 9194 9182.91 9173.15 9164.93 9156.78 9151.17 9146.73 9144.05 9143.87 9143.51 9145.62 9144.63 9142.62 9140.15 9137.64 9136.85 9137.37 9138.11 9138.39 9136.57 9134.36 9134.7 9135.94 9137.24 9136.97 9135.81 9134.42 9133.31 9132.74 9133.48 9137.15 9139.19 9137.44 9135.07 9133.44 9132.55 9132.39 9132.47 9132.61 9132.6 9132.15 9131.38 9130.93 9130.22 9129.36 9128.65 9128.26 9128.24 9128.84 9128.7 9126.64 9123.78 9122.96 9125.77
9202.46 9202.62 9202.43 9202.43 9203.83 9205.18 9207.61 9211.37 9216.86 9224.36 9232.35 9225.74 9210.47 9196.72 9184.79 9174.64 9166.01 9158.51 9152.12 9146.64 9142.67 9142.58 9142.93 9146.97 9146.42 9144.2 9142.44 9141 9140.56 9141.42 9142.75 9142.77 9137.4 9136.53 9136.91 9137.84 9138.84 9138.88 9138.43 9137.49 9136.42 9135.95 9136.18 9139.71 9138.58 9135.78 9132.58 9130.68 9130.55 9130.82 9131.33 9132.04 9132.87 9133.83 9133.46 9131.66 9130.33 9129.35 9128.56 9128.19 9128.25 9129.1 9130.26 9127.52 9126.14 9126.7 9128.11
9203.94 9205.68 9206.06 9205.73 9206.45 9206.98 9208.02 9209.74 9212.57 9215.8 9217.04 9213.56 9204.43 9194.49 9184.51 9175.34 9167.06 9159.9 9153.34 9147.53 9143.02 9144.15 9147.9 9152.22 9149.6 9147.19 9145.39 9143.77 9143.06 9144.88 9146.45 9147.28 9141.23 9139.32 9139 9139.47 9140.33 9140.93 9140.98 9140.5 9139.3 9138.48 9137.88 9138.76 9137.19 9134.04 9130.22 9128.3 9128.91 9129.6 9130.39 9131.28 9132.44 9133.82 9133.51 9131.52 9130.13 9129.11 9128.24 9128.05 9127.49 9126.77 9126.16 9126.59 9126.04 9126.03 9127.86
9208.18 9209.99 9209.38 9208.65 9208.09 9207.65 9207.19 9206.51 9205.79 9204.78 9202.1 9200.56 9196.59 9190.11 9182.67 9175.08 9167.54 9160.76 9154.76 9149.75 9146.76 9146.48 9148.84 9153.58 9152.99 9150.58 9147.86 9147.11 9147.8 9148.28 9148.56 9147.23 9142.93 9141.18 9140.82 9141.68 9142.07 9143.67 9143.96 9143.26 9142.25 9140.82 9138.76 9138.34 9136.14 9132.86 9129.6 9128.02 9128.07 9128.58 9129.24 9130.01 9130.93 9131.83 9131.53 9130.5 9129.41 9128.48 9127.69 9126.98 9126.35 9125.65 9125.55 9126.3 9127.2 9126.91 9127.46
9212.11 9210.62 9213.29 9211.81 9209.81 9208.22 9206 9203.11 9199.34 9195.42 9192.11 9191.02 9189.27 9185.47 9180.24 9174.36 9168.15 9162.08 9156.58 9152.02 9149.17 9148.76 9149.72 9153.17 9151.17 9148.77 9148.29 9148.99 9150.57 9149.87 9149.07 9147.91 9141.47 9139.46 9141.9 9145.9 9148.26 9148.35 9147.71 9146.51 9145.2 9143.54 9140.79 9139.04 9135.79 9132.02 9129.19 9127.93 9127.6 9127.69 9128.05 9128.53 9128.93 9129.24 9129.34 9129.05 9128.44 9126.93 9126.18 9125.47 9125.02 9124.82 9125.28 9126.08 9126.75 9126.21 9128
9216.01 9214.08 9215.44 9213.35 9211.07 9208.63 9205.19 9200.59 9194.73 9188.3 9183.97 9184.01 9183.57 9181.18 9177.32 9172.47 9167.15 9161.83 9156.98 9153.14 9150.85 9150.8 9152.62 9151.2 9148.78 9146.57 9147.01 9148.07 9148.78 9148.78 9147.79 9144.71 9137.7 9135.7 9142.69 9149.77 9154.09 9152.62 9150.88 9149.24 9147.89 9146.88 9145.09 9140.87 9133.44 9130.39 9128.85 9127.85 9127.21 9127.15 9127.27 9127.33 9127.21 9126.85 9127.19 9127.24 9127.43 9126.97 9126.36 9125.58 9124.8 9124.3 9125.11 9126.33 9126.74 9128.98 9128.41
9219.65 9217.29 9214.83 9215.59 9212.49 9209.69 9205.45 9199.99 9193.13 9185.51 9181.02 9181.16 9180.93 9178.98 9175.65 9171.05 9166.31 9161.64 9156.99 9153.45 9151.55 9150.38 9149.59 9149.29 9146.68 9145.08 9145.24 9147.06 9147.94 9147.95 9146.47 9142.91 9138.15 9138.21 9144.8 9151.67 9155.55 9155.44 9153.58 9151.17 9148.95 9147.79 9145.77 9133.36 9128.56 9128.02 9128.1 9127.39 9126.88 9126.74 9126.7 9126.61 9126.57 9126.24 9126.27 9126.23 9126.03 9125.6 9125.08 9124.47 9123.92 9123.82 9125.6 9127.79 9128.11 9127.49 9129.31
9224.67 9220.15 9217.45 9217.69 9214.36 9211.02 9206.86 9201.63 9194.85 9188.31 9184.21 9183.1 9182.52 9180.59 9175.83 9171.84 9167.32 9162.47 9157.83 9153.45 9149.89 9147.7 9148.35 9147.94 9145.18 9140.63 9144.42 9147.56 9149.34 9148.97 9146.03 9142.15 9139.82 9141.82 9148.14 9155.33 9158.71 9158.13 9155.36 9151.62 9147.59 9143.68 9139.21 9129.86 9125.85 9125.9 9126.56 9126.46 9126.47 9126.35 9126.29 9126.18 9126.09 9125.97 9125.89 9125.83 9125.62 9125.38 9125.01 9124.71 9124.52 9124.26 9126.56 9131.03 9135.64 9132.38 9132
9226.46 9223.72 9221.15 9217.93 9217.61 9214.49 9209.77 9204.25 9199.04 9194.04 9190.44 9187.57 9186.14 9183.98 9181.07 9177.32 9171.6 9166.57 9161.12 9155.6 9149.79 9144.97 9148.53 9148.88 9147.23 9145.76 9147.47 9149 9151.36 9151.03 9146.42 9142.14 9141.14 9142.1 9151.85 9160.87 9163.28 9160.98 9156.79 9151.51 9145.44 9138.22 9132.4 9128.87 9125.8 9125.02 9124.95 9125.82 9126.14 9126.26 9126.23 9126.1 9125.88 9125.82 9125.72 9125.63 9125.49 9125.31 9125.09 9125.02 9125.47 9126.71 9126.56 9126.75 9125.75 9132.64 9135.94
9231.79 9228.61 9225.54 9222.21 9222.5 9218.36 9213.44 9208.85 9203.16 9198.15 9195.1 9192.66 9190.98 9188.52 9185.47 9181.7 9177.29 9171.82 9165.93 9159.73 9154.56 9155.53 9155.44 9151.99 9148.81 9151.22 9147.62 9148.58 9152.24 9153.1 9148.4 9143.53 9143.3 9147.47 9156.08 9165.35 9166.94 9163.56 9158.17 9151.52 9144.49 9137.3 9132.54 9130.06 9126.64 9125.56 9125.93 9126.4 9126.87 9127.03 9126.74 9126.52 9126.38 9125.95 9125.85 9125.7 9125.54 9125.39 9125.26 9125.15 9125.3 9125.82 9126.1 9124.98 9124.57 9134.51 9136
9235.25 9232.36 9229.92 9226.64 9227.02 9223.18 9218.91 9213.97 9208.09 9203.52 9200.83 9199.03 9197.75 9194.79 9191.83 9187.98 9183.56 9178.85 9172.49 9165.06 9157.64 9154.73 9159.16 9153.15 9147.05 9136.69 9138.4 9146.72 9150.65 9151.41 9148.08 9143.56 9144.7 9149.74 9159.27 9168 9169.67 9166.02 9159.71 9152.2 9144.66 9139.49 9141.05 9132.25 9127.07 9126.34 9127.02 9127.87 9128.23 9128.13 9127.73 9127.24 9127.14 9126.73 9126.16 9125.91 9125.76 9125.6 9125.52 9125.34 9124.88 9125.06 9126.88 9130.36 9134.12 9134.5 9134.18
9239.37 9236.44 9233.34 9230.25 9227.69 9228.24 9223.12 9219.1 9213.72 9209.96 9207.7 9206.62 9204.63 9202.34 9199.61 9196.06 9192.06 9187.05 9180.82 9172.62 9161.13 9148.55 9151.18 9151.12 9148.62 9148.87 9150.36 9147.94 9148.34 9147.4 9144.72 9141.3 9145.25 9152.62 9165.18 9173.32 9174.16 9168.81 9161.12 9152.75 9144.25 9136.81 9134.54 9131.78 9127.99 9128.84 9130.03 9130.49 9130.39 9129.81 9128.97 9127.92 9126.77 9126.59 9126.37 9126.19 9126.06 9126.1 9126.08 9126.09 9125.95 9125.88 9127.33 9128.66 9130.97 9132.57 9134.89
9243.9 9241.1 9238.15 9235.19 9235.64 9231.19 9228.53 9225.32 9221.36 9217.49 9215.17 9213.56 9211.04 9208.48 9205.84 9203 9200.26 9196.09 9190.99 9184.2 9173.53 9156.59 9152.31 9151.64 9150.46 9149.97 9148.8 9147.22 9146.33 9145.17 9139.2 9138.66 9145.7 9156.05 9171.44 9186.09 9178.29 9170.64 9162.35 9153.49 9144.5 9136.83 9134.15 9133.61 9132.81 9133.86 9134.32 9133.87 9132.87 9131.7 9130.4 9129.09 9127.79 9127.26 9127.41 9127.35 9127.32 9127.37 9127.38 9127.77 9128.69 9128.69 9128.21 9128.71 9130.91 9132.24 9135.73
9246.14 9243.19 9240.35 9237.65 9237.71 9234.45 9233.22 9232.1 9230.45 9228.13 9223.36 9219.89 9216.53 9213.65 9211.14 9208.86 9206.78 9204.31 9201.74 9198.74 9194.08 9181.94 9161.99 9156.41 9152.68 9149.32 9146.23 9144.98 9143.97 9142.32 9138.25 9139.05 9146.7 9155.99 9166.85 9176.42 9175.92 9170.47 9163.49 9155.63 9146.85 9138.04 9136.94 9138.73 9140.47 9141.31 9139.75 9137.43 9135.35 9133.6 9132.23 9130.86 9129.39 9128.76 9128.35 9127.93 9127.67 9127.47 9127.58 9128.01 9129.06 9129.21 9128.88 9129.3 9131.74 9134.03 9139.51
9250.84 9247.88 9244.95 9242 9239.61 9237.3 9236.24 9236.46 9237.01 9235.32 9229.45 9224.87 9221.05 9217.81 9215.54 9214.29 9213.2 9213.03 9212.67 9212.76 9212 9201.28 9175.21 9163.84 9156.79 9150.54 9145.79 9142.65 9141.41 9140.47 9139.46 9141.19 9149.11 9158.67 9167.61 9172.26 9172.75 9169.67 9164.57 9159 9152.6 9146.37 9144.79 9145.35 9147.11 9148 9144.11 9140.35 9137.55 9135.46 9133.9 9132.66 9131.75 9130.52 9129.79 9129.15 9128.72 9128.4 9128.25 9128.14 9128.13 9128.6 9129.25 9130.36 9132.64 9136.57 9138.18
9254.89 9251.97 9248.92 9245.95 9243.56 9240.36 9239.01 9239.03 9239.22 9237.32 9232.66 9228.61 9225.24 9222.67 9220.82 9219.84 9219.65 9220.26 9221.19 9222.87 9222.91 9210.98 9183.45 9173.32 9163.55 9153.69 9144.36 9140.9 9139.68 9139.15 9138.15 9143.52 9152.31 9161.64 9168.39 9170.04 9170.74 9169.09 9166.02 9162.37 9159.42 9157.92 9152.97 9150.18 9150.35 9150.09 9145.22 9141.49 9138.78 9136.82 9135.35 9134.21 9132.74 9131.98 9131.06 9130.31 9129.69 9129.1 9128.64 9128.34 9128.38 9128.65 9129.43 9131.14 9134.63 9138.05 9137.95
9258.33 9255.22 9251.99 9248.72 9246.39 9242.85 9240.53 9239.96 9238.13 9236.35 9233.04 9230.17 9227.57 9225.68 9224.39 9223.86 9223.26 9224.67 9227.21 9229.96 9230.73 9223.49 9203.54 9187.51 9173.24 9158.79 9146.94 9140.56 9139.25 9140.26 9141.98 9148.03 9156.31 9164.25 9170.94 9170.26 9169.98 9168.77 9166.4 9163.92 9161.81 9160.61 9155.57 9151.11 9147.31 9145.02 9142.93 9140.81 9138.93 9137.4 9136.38 9135.87 9134.91 9133.42 9132.32 9131.34 9130.53 9129.89 9129.2 9128.74 9128.57 9128.76 9129.34 9130.48 9133.66 9135.83 9136.37
9261.35 9257.61 9253.91 9250.16 9247.02 9244.21 9241.11 9238.96 9235.67 9233.96 9232.54 9231.08 9229.66 9228.34 9227.39 9225.56 9225.93 9227.36 9230.02 9234.08 9237.4 9232.09 9219.94 9203.2 9184.37 9165.68 9148.51 9140.59 9140.17 9142.83 9148.54 9154.53 9162.02 9168.24 9168 9169.47 9169.68 9168.57 9166.57 9163.72 9160.78 9157.55 9154.45 9150.1 9145.48 9141.39 9140.25 9139.46 9138.43 9137.42 9136.85 9136.59 9135.69 9134.39 9133.19 9132.14 9131.33 9130.58 9129.85 9129.26 9129.04 9128.94 9129.33 9129.97 9130.93 9132.3 9133.79
9266.67 9262.71 9258.54 9254.25 9249.88 9244.44 9240.38 9237.31 9233.33 9231.97 9232.83 9233.6 9233.1 9231.59 9230.6 9229.09 9228.61 9228.84 9229.81 9233.47 9241.18 9237.48 9234.9 9217.28 9196.24 9174.68 9154.8 9144.49 9143.83 9144.47 9154.69 9161.01 9167.96 9174.88 9180.51 9172.28 9169.94 9168.23 9166.11 9163.51 9160.94 9157.04 9153.35 9149.18 9144.97 9140.49 9139.04 9138.44 9137.87 9137.33 9136.95 9136.76 9136 9134.91 9133.98 9133.17 9132.36 9131.73 9130.81 9129.92 9129.24 9129.21 9129.24 9129.12 9129.5 9130.93 9132.64
9280.42 9275.91 9266.4 9257.32 9252.1 9246.63 9241.54 9236.66 9229.8 9230.57 9231.5 9231.67 9237.43 9236.71 9235.22 9233.51 9231.36 9229.49 9226.08 9226.51 9226.32 9236.04 9235.78 9226.33 9208.52 9186.76 9164.55 9152.46 9154.88 9158.22 9162.71 9166.93 9172.76 9178.26 9179.86 9173.62 9170.54 9167.7 9165.09 9163 9161.12 9157.64 9152.63 9148.33 9144.55 9140.72 9139.03 9138.54 9138.09 9137.63 9136.81 9136.22 9135.74 9135.46 9135.04 9134.68 9134.01 9133.18 9132.14 9131.01 9130.31 9129.91 9129.35 9128.46 9129.55 9130.91 9132.02
9292.2 9286.4 9274.33 9265.83 9256.97 9251.39 9244.63 9239.66 9232.63 9232.47 9231.85 9232.89 9241.31 9240 9238.25 9235.73 9232.61 9228.9 9222.58 9220.62 9223.57 9238.3 9244.22 9239.23 9222.75 9203.11 9182.07 9167.92 9176.47 9179.4 9175.01 9173.9 9177.06 9180.44 9181.21 9176.12 9171 9167 9163.7 9161.22 9159.82 9155.94 9151.5 9147.55 9144.13 9141.09 9140.09 9139.56 9139.18 9138.33 9137.17 9135.92 9135.95 9136.28 9136.26 9136.01 9135.51 9134.89 9133.95 9132.58 9131.61 9131.39 9130.76 9129.92 9129.22 9130.54 9132.27
9302.61 9295.32 9284.45 9273.63 9265.66 9256.84 9250.65 9247.67 9243.28 9238.09 9235.28 9235.36 9244.89 9242.47 9240.59 9237.41 9233.57 9228.68 9220.24 9216.45 9217.52 9231.3 9248.34 9250.2 9236.43 9222.49 9212.07 9210.08 9206.88 9206.9 9191.65 9183.34 9181.73 9180.75 9181.34 9178.59 9169.12 9165.43 9162.21 9159.02 9155.17 9152.56 9150.16 9147.47 9144.11 9142.94 9142.11 9141.54 9140.97 9140.08 9138.88 9137.26 9137.58 9137.96 9138.02 9137.78 9137.43 9136.95 9136.47 9135.81 9134.61 9133.47 9132.69 9130.38 9129.29 9130.82 9132.82
9309.62 9300.99 9291.33 9278.37 9270.75 9262.75 9254.59 9251.79 9248.31 9242.47 9237.43 9236.54 9234.97 9246.43 9243.65 9240.39 9235.39 9230.22 9221.55 9215.95 9213.17 9226.37 9244.46 9250.56 9244.46 9237.95 9235.49 9237.61 9231.04 9221.34 9207.66 9197.08 9188.61 9178.32 9168.54 9157.29 9165.01 9164.73 9162.22 9158.84 9154.97 9152.36 9150.88 9148.48 9145.78 9144.91 9144.5 9144.22 9143.83 9143.11 9141.94 9140.79 9140.51 9140.43 9140.19 9139.79 9139.35 9138.95 9138.78 9139.03 9137.23 9135 9133.27 9130.95 9131.48 9132.35 9133.71
9311.5 9301.92 9292.37 9280.64 9273.05 9265.84 9258.95 9253.42 9249.44 9245 9239.65 9238.03 9235.95 9249.97 9246.6 9243.28 9238.6 9232.23 9226.61 9223.84 9222.58 9230.76 9241.7 9247.05 9247.13 9245.72 9246.88 9251.25 9248.41 9239.24 9228.65 9217.46 9200.98 9182.35 9172.69 9175.66 9169.46 9167.19 9164.8 9161.23 9157.19 9155.2 9154.8 9152.96 9149.78 9148.82 9148.08 9147.95 9147.53 9147.09 9146.39 9145.01 9144.4 9143.45 9142.58 9141.75 9140.91 9140.26 9139.85 9139.6 9137.79 9135.57 9134.03 9133.76 9132.73 9133.51 9134.66
9307.02 9297.61 9290.11 9278.98 9273.36 9267.86 9262.36 9258.01 9255.48 9249.79 9245.36 9242.52 9237.85 9253.14 9248.96 9245.05 9241.77 9236.76 9233.51 9236.04 9236.98 9238.52 9242.94 9245.88 9247.1 9247.01 9248.28 9251.9 9255.92 9253.65 9247.95 9236.43 9217.02 9198.02 9185.85 9179.78 9174.48 9171.98 9170.64 9167.7 9162.24 9162.84 9162.69 9160.6 9157.67 9155.54 9153.79 9152.5 9151.54 9151.17 9151.34 9151.14 9148.49 9146.61 9145.12 9143.76 9142.4 9141.18 9140.02 9138.91 9137.37 9135.46 9133.56 9133.29 9133.1 9134.3 9135.62
