real_craters/C111-500m.grd
DSAA
142 142
-35.14 35.14
-35.14 35.14
7986.4063672612 9672.7842428626
[rows 90 to 119 of 142, columns 67 to 133 of 142]
9249.04 9223.16 9244.58 9238.85 9232.36 9237.13 9246.84 9276.59 9308.1 9342.7 9388.53 9434.64 9485.79 9492.42 9460.46 9444.73 9437.86 9430.45 9425.48 9423.29 9420.85 9413.2 9405.22 9399.15 9391.52 9382.9 9370.18 9361.82 9359.56 9355.22 9357.91 9363.08 9370.01 9379.04 9372.02 9361.79 9354.7 9361.74 9362.92 9366.59 9364.63 9351.91 9337.79 9324.13 9311.84 9305.47 9306.91 9310.36 9319.49 9323.21 9327.64 9329.56 9331.98 9333.79 9336.23 9338.23 9338.06 9337.86 9329.79 9321.06 9306.97 9297.61 9313.91 9311.17 9295.06 9278.36 9252.66
9453.04 9474.97 9451.31 9381.92 9345.17 9332.92 9332.6 9342.91 9364.78 9394.09 9415.76 9442.93 9457.7 9452.58 9431.39 9414.45 9414.48 9417.12 9417.38 9417.86 9420.03 9421.41 9413.36 9406.13 9399.58 9392.36 9384.36 9378.09 9369.94 9364.16 9362.44 9365.78 9372.63 9375.32 9368.36 9356.2 9350.33 9357.36 9360.51 9364.98 9355.44 9344.38 9332.52 9319.86 9309.51 9302.52 9301.27 9302.49 9306.44 9314.79 9321.03 9329.37 9333.87 9336.65 9338.78 9340.42 9341.39 9341.81 9339.79 9328.53 9319.18 9314.51 9332.45 9332.33 9312.15 9288.83 9268.13
9553.69 9571.58 9521.3 9459.45 9416.88 9388.74 9380.71 9386.89 9396.74 9414.18 9434.65 9443.16 9443.6 9417.58 9404.21 9401.7 9405.27 9407.38 9408.88 9410.39 9415.1 9423.09 9419.93 9412.43 9405.97 9401.56 9400.18 9392.91 9379.58 9370.32 9365.64 9364.04 9364.22 9363.43 9361.67 9352.43 9346.22 9349.1 9353.56 9356.15 9347.83 9339 9327.71 9314.72 9303.5 9299.68 9298.07 9300.95 9302.41 9308.86 9318.03 9325.48 9331.58 9337.03 9342.68 9345.4 9345.65 9345.25 9344.84 9341.65 9340.91 9345.93 9367.57 9355.63 9332.64 9304.55 9279.07
9517.8 9524.94 9502.23 9474.56 9450.56 9435.9 9429.24 9427.7 9426.98 9441.3 9442.46 9444.45 9442.23 9426.02 9404.56 9407.33 9406.57 9404.47 9404.31 9404.91 9406.22 9421.61 9420.43 9414.17 9408.62 9403.46 9398.58 9393.9 9384.94 9373.88 9366.83 9360.19 9356.31 9352.57 9353.24 9345 9343.36 9344.71 9345.95 9343.95 9346.24 9338.8 9324.28 9309.17 9294.51 9288.57 9292.87 9291.08 9295.63 9305.07 9313.59 9322.87 9333.39 9341.12 9346.68 9350.62 9351.75 9349.44 9349.09 9355.51 9363.77 9380.48 9397.55 9372.36 9343.13 9312.37 9280.22
9483.27 9482.18 9465.54 9464.58 9460.6 9444.42 9440.66 9438.88 9439.7 9433.54 9430.64 9429.08 9438.32 9443.04 9417.39 9409.07 9403.87 9400.61 9400.88 9401.48 9403.97 9412.88 9415.83 9412.89 9408.74 9403.51 9401.72 9394.39 9389.4 9382.52 9367.37 9356.48 9346.82 9348.58 9353.38 9357.53 9350.75 9346.97 9344.02 9342.44 9351.57 9339.86 9320.41 9303.73 9291.37 9286.61 9287.56 9289.66 9294.54 9303.88 9314.47 9325.04 9335.07 9345.69 9354.17 9360.9 9363.15 9361.07 9362.75 9370.8 9376.86 9381.95 9393.61 9368.79 9340 9311.91 9285.03
9412.02 9431.69 9437.32 9439.98 9442.59 9443.77 9435.57 9433.82 9431.83 9426.29 9422.66 9422.14 9422.57 9425.39 9412.85 9400.49 9393.67 9395.74 9399.03 9401.96 9400.82 9411.14 9414.04 9412.15 9407.68 9402.64 9398.61 9393.59 9383.34 9373.32 9364.48 9354.89 9346.89 9347.6 9353.56 9356.36 9360.71 9354.27 9350.11 9349.95 9344.25 9328.67 9311.06 9297.19 9285.78 9283.82 9286.42 9289.06 9292.53 9300.85 9313.88 9325.99 9339.47 9351.74 9363.82 9373.97 9381.43 9382.72 9383.58 9386.76 9386.85 9372.44 9358.9 9350.73 9332.06 9309.78 9286.9
9374.61 9397.49 9404.97 9413.25 9418.04 9421.78 9421.05 9422.03 9420.47 9417.71 9413.96 9408.03 9401.97 9398.03 9405.73 9395.29 9386.03 9393.99 9400.51 9407.44 9417.79 9418.36 9415.72 9412.7 9408.04 9402.94 9399.36 9389.62 9377.33 9367.91 9361.24 9354.08 9348.56 9349.07 9351.19 9357.29 9364.89 9360.45 9352.73 9340.73 9317.88 9304.33 9297.28 9290.68 9288.35 9285.35 9286.12 9281.39 9288.39 9299.27 9312.53 9324.34 9339.3 9355.98 9373.66 9390.88 9404.49 9410.81 9407.51 9399.29 9391.82 9374.95 9349.67 9339.03 9324.65 9307.24 9288.92
9381.79 9387.44 9388.84 9396.71 9401.21 9404.61 9406.07 9406.07 9404.63 9402.14 9400.14 9396.74 9389.05 9388.25 9408.48 9402.76 9400.51 9399.63 9403.79 9409.53 9418.3 9423.19 9417.09 9410.75 9406.5 9400.65 9394.27 9385.39 9374.49 9365.8 9359.59 9353.09 9346.49 9342.73 9344.79 9352.76 9366.95 9350.43 9321.22 9295.61 9289.5 9284.83 9285.84 9284.39 9280.66 9284.17 9285.6 9275.62 9283.82 9297.25 9311.8 9328.08 9345.36 9364.75 9383.9 9403.02 9423.8 9444.23 9427.9 9405.24 9389.78 9372.79 9351.6 9333.36 9319.24 9305.14 9290.58
9378.61 9381.37 9383.13 9385.64 9387.87 9389.83 9391.06 9391.67 9396.36 9395.85 9394.87 9393.65 9394.75 9398.5 9406.53 9406 9407.32 9404.12 9406.71 9411.68 9417.81 9419.68 9415.31 9409.13 9401.69 9397.27 9391.48 9381.95 9370.03 9365.09 9360.15 9353.88 9344.97 9338.37 9338.44 9350.56 9362.53 9343.56 9313.55 9291.14 9281.9 9278.49 9280.25 9283.07 9286.47 9285.73 9286.33 9282.61 9285.14 9298.24 9314.49 9333.12 9351.09 9369.7 9388.95 9408.67 9427.27 9437.24 9424.16 9396.8 9368.61 9345.2 9335.23 9326.08 9315.32 9304.18 9292.62
9367.33 9369.43 9370.12 9371.73 9373.66 9375.66 9377.64 9380.3 9380.79 9382.65 9383.72 9386.61 9390.56 9396.98 9397.86 9401.74 9401.29 9404.18 9405.86 9411.06 9418.93 9417.27 9411.31 9403.51 9395.28 9384.42 9381.51 9377.8 9374.57 9368.49 9362.87 9356.66 9351 9337.16 9332.92 9347.02 9360.93 9342.96 9314.23 9293.4 9282.4 9279.36 9277.64 9280.51 9284.42 9284.74 9284.75 9283.38 9286.88 9302.3 9318.67 9337.15 9354.62 9371.24 9387.09 9404.74 9419.2 9422.71 9410.15 9384.15 9357.72 9337.76 9329.48 9322.89 9314.92 9305.77 9296.1
9357.68 9355.53 9356.05 9357.45 9361.23 9364.38 9368.59 9371.89 9374.51 9376.38 9377.88 9379.9 9384.27 9391.68 9400.99 9407.05 9408.59 9401.04 9399.35 9404.6 9415.31 9415.37 9407.83 9397.56 9387.24 9380.85 9370.36 9371.33 9371.53 9369.39 9366.19 9361.2 9350.54 9341.88 9338.1 9351.15 9363.89 9344.38 9308.24 9291.39 9281.18 9274.38 9274.99 9276.8 9277.92 9278.49 9276.39 9277.85 9291.21 9307.39 9323.84 9338.94 9353.29 9367.7 9381.7 9395.55 9408.47 9414.96 9398.64 9374.82 9350.61 9336 9328.94 9322.83 9316.34 9308.59 9300.12
9340.52 9342.63 9345.94 9348.21 9353.11 9358.85 9362.09 9365.6 9368.85 9370.96 9372.36 9372.31 9373.29 9383.96 9398.49 9395.67 9383.74 9379.29 9385.74 9397.88 9415.41 9412.88 9403.73 9392.62 9379.65 9366.88 9367 9368.8 9368.35 9369.87 9370.17 9369.83 9364.59 9355.26 9355.74 9364.16 9369.33 9350.13 9317.46 9293.58 9281.35 9276.48 9273.93 9272.09 9272.31 9273.61 9273.45 9284.3 9302.08 9317.73 9330.81 9343.19 9354 9363.84 9373.54 9381.74 9387.9 9391.54 9385.44 9371.21 9350.53 9340.5 9331.7 9325.07 9319.45 9312.2 9304.08
9333.79 9335.5 9339.06 9341.85 9348.17 9355.42 9360.88 9364.06 9367.86 9369.5 9370.44 9369.69 9372.45 9374.89 9376.96 9371.63 9357.96 9357.94 9370.64 9385.88 9406.07 9405.5 9398.58 9388.68 9377.5 9369.54 9370.63 9368.02 9367.3 9371.48 9373.25 9376.39 9375.82 9374.14 9371.55 9374.08 9371.37 9347.83 9309.68 9284.76 9279.96 9278.46 9273.94 9270.65 9270.15 9270.09 9274.06 9296.12 9317.68 9327.85 9336.74 9345.7 9352.8 9358.44 9363.42 9366.84 9367.61 9372.17 9379.11 9379.98 9367.57 9346.44 9337.35 9330.53 9324.18 9317.13 9309.14
9331.57 9332.23 9335.9 9340.79 9345.41 9352.82 9359.12 9364.34 9367.86 9370.59 9371.57 9370.81 9365.17 9370.24 9368.88 9363.72 9352.01 9350.44 9361.5 9371.24 9386.81 9393.82 9392.05 9386.97 9379.66 9383.05 9378.16 9374.09 9372.58 9375.01 9375.42 9373.28 9377.17 9392.4 9402.36 9373 9343.69 9315.45 9294.87 9283.51 9279.49 9276.03 9271.87 9269.59 9271.26 9276.24 9276.34 9302.55 9325.1 9335.36 9341.58 9346.63 9350.46 9353.69 9354.99 9355.22 9356.44 9365.55 9377.98 9391.21 9390.53 9363.16 9347.21 9337.48 9330.05 9322.84 9314.94
9327.73 9330.45 9333.28 9333.25 9342.08 9349.08 9354.94 9360.28 9366.09 9370.28 9373.41 9376.78 9382.78 9371.75 9365.08 9358.6 9359.63 9364.13 9359.61 9364.84 9380.97 9386.53 9385.67 9383.86 9381.3 9378.89 9383.57 9389.07 9388.14 9383.24 9380.37 9376.96 9381.93 9396.89 9389.94 9351.99 9315.07 9289.5 9289.24 9286.34 9281.4 9277.92 9273.27 9267.75 9271.42 9278.2 9279.22 9304.92 9331.84 9340.7 9343.96 9346.91 9348.08 9349.07 9349.14 9347.4 9345.29 9358.16 9376.91 9393.58 9398.95 9378.82 9355.01 9344.25 9335.86 9328.77 9322.22
9328.1 9332.04 9334.97 9339.9 9343.91 9349.59 9354.27 9359.16 9364.65 9370.09 9374.38 9376.09 9376.32 9372.46 9366.34 9358.7 9357.09 9353.82 9355.65 9364.12 9376.69 9381.45 9381.7 9381.8 9382.37 9373.88 9384.7 9396.18 9395.32 9388.78 9386.57 9389.22 9387.42 9389.15 9361.85 9324.31 9302.47 9287.5 9288.24 9285.96 9283.33 9280.49 9276.36 9271.64 9272.26 9273.83 9274.29 9304.59 9335.53 9341.44 9343.25 9344.75 9346.35 9345.11 9344.98 9344.48 9345.42 9357.09 9373.84 9389.15 9390.64 9372.52 9359.65 9349.86 9340.88 9333.66 9327.23
9334.43 9336.59 9339.93 9342.45 9348.66 9352.61 9355.39 9358.78 9363.21 9369.8 9376.6 9375.92 9375.01 9374.66 9369.62 9364.65 9354.92 9348.2 9352.59 9361.41 9372.37 9376.31 9377.28 9377.69 9378.56 9379.43 9382.46 9387.66 9389.01 9387.05 9385.44 9385.73 9380.69 9363.38 9336.04 9312.21 9298.54 9287.11 9288.06 9287.83 9283.6 9280.29 9277.06 9274.17 9273.78 9276.47 9278.67 9301.12 9322.66 9335.05 9340.82 9342.4 9342.76 9343.09 9342.7 9343.87 9350.49 9356.35 9367.53 9381.04 9384.05 9378.62 9366.25 9353.91 9343.99 9334.94 9327.25
9336.67 9340.47 9344.94 9354.42 9358.49 9355.7 9355.37 9355.06 9357.39 9363.49 9379.47 9397.13 9391.83 9378.45 9369.48 9363.79 9354.77 9346.66 9354.46 9369.51 9372.44 9372.95 9371.97 9372.04 9374.05 9375.21 9376.25 9376.46 9379.55 9379.84 9376.98 9367.86 9355.12 9331.25 9322.27 9318.6 9301.16 9286.86 9284.02 9281.58 9281.15 9279.73 9278.95 9277.24 9274.6 9273.44 9277.49 9296.89 9316.35 9330.33 9337.48 9340.49 9341.95 9342.11 9342.01 9343.09 9344.55 9351.35 9357.49 9362.27 9367.18 9367.3 9361.98 9355.35 9344.59 9333.08 9322.14
9337.17 9348.5 9353.31 9356.2 9356.63 9356.53 9354.04 9351.07 9347.05 9345.71 9358.59 9413.13 9394.13 9366.55 9360.83 9360.92 9356.25 9349.67 9353.07 9362.8 9367.55 9367.76 9366.54 9364.45 9361.55 9365.57 9369.09 9371.32 9371.14 9369.8 9366.71 9357.11 9335.81 9319.43 9322.34 9324.21 9303.18 9286.41 9282.14 9281.28 9280.04 9278.82 9277 9275.33 9275.25 9274.05 9277.8 9295.43 9315.71 9329.32 9335.99 9340.14 9341.79 9342.54 9342.49 9342.13 9344.63 9347.28 9350.92 9352.41 9353.48 9364.44 9367.36 9356.46 9343.48 9330.35 9317.83
9341.22 9347.11 9357.4 9358.41 9359.89 9357.54 9353.14 9346.07 9335.9 9319.58 9295.04 9266.11 9304.69 9331.23 9345.24 9353.35 9355.62 9355.5 9355.78 9361.04 9363.6 9363.39 9361.24 9357.59 9352.01 9356.96 9362.35 9365.14 9362.26 9358.1 9352.02 9335.62 9318.2 9306.65 9310.63 9313.26 9298.27 9286.47 9281.8 9280.95 9280.11 9278.19 9276.91 9276.64 9275.28 9274.44 9278.62 9294.76 9314.19 9328.71 9335.94 9340.85 9343.82 9343.89 9342.99 9340.66 9340.18 9343.76 9347.86 9356.49 9362.48 9367.49 9366.71 9355.12 9340.58 9327.56 9316
9346.3 9352.25 9361.14 9360.22 9361.25 9360.33 9354.64 9345.66 9332.31 9310.25 9266.28 9198.76 9260.1 9308.47 9334.26 9350.39 9358.47 9359.99 9361.04 9360.22 9361.41 9360.7 9358.36 9354.9 9352.44 9353.32 9356.78 9356.48 9353.86 9346 9334.46 9317.77 9303.59 9293.61 9294.13 9291.8 9290.25 9283.76 9282.52 9281.06 9278.96 9276.99 9275.71 9276.58 9277.98 9276.81 9279.57 9293.98 9310.73 9323.54 9334.82 9341.79 9345.94 9347 9346.82 9343.35 9341.42 9343.25 9343.21 9350.8 9363.2 9363.93 9362.14 9346.07 9334.22 9323.6 9314.05
9350.87 9353.1 9362.52 9368.11 9370.89 9365.75 9357.62 9349.38 9340.58 9330 9318.54 9301.91 9302.99 9319.69 9335.41 9348.2 9356.83 9361.74 9358.53 9359.07 9360.66 9360.75 9358.21 9352.99 9349.08 9352.87 9354.87 9353.6 9348.9 9338.24 9319.29 9301.85 9295.64 9290.87 9290.46 9293.68 9286.67 9282.47 9281.46 9277.47 9273.93 9275.09 9276 9276.9 9275.84 9274.69 9280.08 9294.98 9310.23 9322.75 9335.68 9344.38 9349.41 9353.39 9354.95 9353.67 9351.92 9348.93 9341.29 9342.92 9353.35 9347.93 9331.01 9330.28 9326.32 9319.76 9312.38
9354.31 9356.27 9360.61 9368.42 9375.73 9366.74 9359.67 9354.91 9352.68 9355.16 9371.23 9397.14 9353.02 9341.05 9342.58 9347.16 9351.46 9353.43 9345.88 9353.81 9356.89 9359.51 9359.76 9357.68 9351.38 9352.61 9355.61 9353.29 9346.49 9337.45 9321.71 9301.07 9295.78 9291.35 9288.51 9284.52 9283.02 9280.93 9279.91 9277.93 9277.04 9276.21 9273.94 9276.29 9275.94 9275.2 9284.63 9300.95 9316.98 9329.6 9342.96 9349.46 9353.97 9358.7 9364.13 9371.97 9368.05 9361.42 9354.67 9351.46 9350.14 9340.98 9331.95 9326.74 9321.27 9316.18 9312.3
9354.79 9356.11 9358.46 9360.84 9359.35 9360.01 9358.82 9358.25 9359.33 9363.76 9369 9368.67 9362.56 9352.6 9347.67 9345.99 9342.95 9341.05 9334.3 9346.05 9353.81 9358.51 9360.77 9361.75 9350.58 9345.64 9354.65 9350.01 9341.18 9337.49 9337.05 9310.4 9300.22 9295.8 9289.68 9285.19 9284.25 9281.5 9278.89 9279.36 9283.34 9279.94 9279.32 9278.81 9277.99 9287.7 9294.7 9310.16 9328.67 9348.46 9353.78 9355.59 9358.55 9362.54 9366.45 9369.66 9370.95 9369.44 9374.8 9363.56 9347.26 9335.29 9333.27 9324.04 9315.5 9310.03 9305.11
9353.15 9355.15 9355.94 9356.07 9357.75 9356.31 9356.86 9358.65 9360.31 9364.15 9367.93 9367.54 9361.99 9355.44 9349.97 9345.97 9341.57 9338.22 9341.85 9349.01 9352.31 9357.13 9358.82 9354.75 9327.22 9322.93 9327.27 9328.31 9325.67 9323.86 9321.73 9305.36 9299.51 9295.82 9291.63 9287.68 9288.02 9286.59 9278.73 9278.42 9278.79 9280.53 9284.85 9290.95 9292.91 9299.79 9308.43 9319.37 9334.56 9349.93 9356.25 9360.42 9363.62 9364.67 9364.69 9362.81 9366.31 9364.62 9353.32 9335.11 9323.64 9318.64 9312.39 9308.83 9307.32 9303.65 9299.9
9352.63 9354.14 9354.23 9352.89 9350.27 9350.03 9354.43 9357.02 9358.36 9359.99 9361.79 9361.16 9356.7 9353.15 9350.08 9347.43 9346.42 9341.56 9341.11 9347.88 9349.77 9351.09 9350.07 9337.92 9298.93 9296.24 9291.91 9302.54 9306.05 9303.3 9292.09 9293.62 9295.9 9295.02 9292.19 9291.18 9291.15 9289.8 9279.74 9279.94 9281.13 9280.51 9279.84 9287.35 9302.32 9309.26 9311.51 9323.31 9336.14 9346.41 9355.59 9363.95 9366.78 9364.66 9362.32 9369.59 9363.47 9360.76 9349.22 9314.79 9303.16 9304.56 9303.69 9302.87 9302.3 9299.65 9296.76
9352.2 9353.41 9353.68 9353.11 9350.03 9349.97 9354.98 9356.1 9355.29 9352.88 9350.71 9350.64 9349.55 9347.48 9346.27 9345.12 9346.68 9342.46 9343.78 9344.4 9343.22 9339.29 9333.7 9325.61 9284.93 9283.9 9287.45 9289.99 9292.56 9291.56 9289.05 9290 9291.88 9291.94 9290.61 9288.95 9283.79 9280.38 9283.5 9283.42 9283.26 9281.61 9280.05 9279.14 9279.96 9284.75 9306 9325.12 9341.79 9351.82 9364.32 9373.86 9372.16 9364.5 9353.87 9347.88 9356.78 9360.71 9354.65 9314.18 9300.76 9300.7 9302.09 9302.55 9301.29 9298.9 9296.45
9352.2 9353.69 9354.7 9356.22 9358.66 9362.16 9358.62 9356.55 9352.83 9347.36 9340.58 9342.53 9345.15 9344.2 9341.21 9339.98 9338.07 9337.58 9346.14 9344.65 9335.44 9324.3 9309.49 9287.21 9281.36 9280.29 9282.85 9283.86 9284.61 9285.35 9289.88 9288.39 9287.74 9288.46 9288.78 9287.74 9285.16 9281.34 9281.53 9281.57 9281.48 9279.38 9277.87 9280.13 9281.56 9285.47 9303.64 9327.55 9353.22 9379.52 9396.53 9390.44 9380.5 9368.65 9353.84 9346.27 9355.95 9358.59 9345.49 9314.04 9305.26 9304 9303.89 9304.88 9301.97 9299.85 9298.12
9351.02 9352.53 9355.04 9357.97 9361.92 9363.77 9361.67 9357.65 9352.27 9345.58 9340 9338.71 9339.82 9340.35 9339.13 9337.06 9335.61 9337.57 9349.34 9339.81 9324.96 9311.17 9294.51 9277.95 9275.11 9277.43 9280.15 9279.79 9280.18 9281.67 9284.68 9285.94 9285.15 9286.23 9287.42 9287.16 9285.42 9282.19 9279.53 9278.31 9279.43 9279.53 9278.25 9278.4 9282.43 9283.58 9303.91 9329.39 9359.45 9393.97 9415.88 9400.4 9386.06 9374.83 9367.64 9363.87 9364.45 9363.88 9353.42 9326.24 9319.59 9312.35 9306.37 9301.94 9303.73 9309.43 9303.14
9348.03 9349.47 9352.51 9357.29 9362.67 9363.94 9364.48 9357.91 9351.36 9345.28 9339.62 9337.04 9333.76 9331.99 9331.82 9333.32 9330.86 9327.79 9329.9 9319.52 9313.26 9302.33 9289.88 9277.93 9274.42 9275.23 9276.17 9276.53 9277.85 9280.17 9285.97 9285.15 9282.24 9285.92 9288 9288.3 9285.36 9284.19 9280.58 9278.29 9277.76 9277.43 9277.69 9278.28 9283.51 9286.41 9302.03 9324.78 9351.2 9378.53 9393.27 9387.94 9380.81 9375.29 9374.94 9374.11 9372.9 9376.05 9376.77 9369.1 9340.08 9322.35 9310.8 9303.39 9303.58 9306.36 9304.5
