real_craters/C111-750m.grd
DSAA
95 95
-35.14 35.14
-35.14 35.14
7991.2942852298 9700.3391231047
[rows 0 to 37 of 95, columns 0 to 83 of 95]
8993 9079 9130 8915 8861 8834 8811 8880 8872 8847 8865 8895 8925 8950 8978 9004 9028 9045 9053 9067 9062 9051 9047 9046 9050 9071 9072 9073 9082 9087 9090 9093 9097 9097 9098 9102 9105 9108 9110 9112 9112 9113 9113 9110 9110 9112 9115 9124 9126 9123 9116 9114 9119 9124 9127 9131 9134 9136 9136 9126 9112 9115 9130 9149 9151 9142 9135 9136 9128 9126 9120 9112 9104 9097 9091 9087 9084 9081 9078 9069 9054 9039 9027 9024
8997 9074 9150 9111 8998 8949 8955 8962 8884 8857 8871 8901 8928 8955 8982 9006 9026 9042 9050 9049 9044 9042 9041 9043 9050 9067 9068 9070 9075 9082 9086 9089 9092 9094 9096 9098 9102 9106 9109 9115 9114 9113 9114 9112 9112 9112 9113 9122 9122 9116 9115 9119 9123 9125 9129 9132 9134 9135 9133 9127 9119 9120 9122 9145 9152 9141 9134 9134 9127 9126 9120 9115 9109 9101 9095 9092 9088 9084 9079 9069 9056 9044 9034 9028
8996 9050 9076 9091 9081 9103 9063 8896 8839 8849 8890 8906 8930 8957 8984 9010 9028 9041 9044 9045 9032 9032 9034 9037 9043 9057 9067 9068 9072 9078 9083 9085 9086 9090 9090 9094 9100 9105 9109 9111 9113 9114 9114 9113 9113 9112 9116 9120 9119 9115 9117 9123 9131 9136 9132 9133 9134 9134 9133 9128 9124 9120 9124 9145 9154 9143 9138 9137 9129 9125 9120 9117 9112 9104 9099 9097 9093 9085 9076 9066 9056 9046 9041 9018
8989 9029 9051 9068 9100 9120 9066 8866 8798 8834 8872 8905 8933 8961 8986 9013 9044 9040 9035 9023 9018 9023 9030 9036 9040 9052 9068 9070 9071 9074 9078 9082 9084 9086 9088 9093 9099 9104 9110 9112 9112 9113 9114 9115 9115 9116 9112 9118 9116 9112 9117 9124 9133 9132 9132 9132 9133 9134 9133 9131 9125 9126 9122 9139 9149 9147 9146 9143 9131 9126 9121 9118 9113 9106 9101 9101 9098 9088 9075 9065 9057 9048 9042 9041
8943 9011 9063 9060 9082 9122 9112 8868 8786 8835 8865 8908 8939 8963 8983 9002 9013 9027 9028 9011 9009 9017 9029 9043 9050 9052 9073 9075 9072 9072 9080 9083 9082 9082 9086 9093 9098 9103 9107 9108 9111 9113 9115 9116 9117 9118 9115 9117 9115 9112 9117 9122 9124 9127 9129 9131 9133 9135 9136 9135 9130 9128 9122 9136 9149 9152 9159 9156 9160 9132 9124 9119 9114 9107 9102 9100 9096 9087 9081 9070 9059 9049 9043 9038
8918 9003 9076 9078 9048 8997 8983 8846 8792 8840 8888 8921 8943 8962 8978 8990 8999 9016 9032 9035 9009 9013 9027 9044 9051 9058 9069 9072 9076 9077 9082 9082 9080 9082 9086 9094 9101 9104 9106 9110 9112 9114 9115 9116 9117 9120 9117 9115 9113 9111 9117 9120 9123 9125 9128 9131 9134 9136 9137 9136 9132 9127 9127 9134 9145 9153 9164 9161 9152 9163 9133 9130 9120 9112 9105 9100 9094 9088 9082 9074 9063 9054 9047 9042
8896 9000 9078 9084 9042 8973 8890 8820 8803 8838 8905 8934 8949 8962 8974 8985 8996 9008 9020 9017 8998 9010 9022 9037 9048 9064 9076 9078 9076 9079 9077 9079 9082 9086 9090 9105 9107 9106 9104 9109 9114 9118 9119 9118 9116 9112 9110 9113 9113 9112 9116 9119 9121 9124 9128 9132 9135 9138 9139 9137 9136 9128 9124 9125 9130 9141 9159 9162 9163 9160 9148 9134 9128 9124 9118 9105 9098 9092 9087 9078 9067 9059 9052 9046
8903 9004 9079 9070 9034 8942 8836 8800 8805 8862 8909 8939 8952 8962 8971 8980 8989 8996 8998 8999 9006 9012 9017 9027 9050 9066 9080 9084 9082 9082 9080 9084 9088 9119 9137 9127 9121 9114 9106 9111 9118 9121 9120 9119 9115 9111 9109 9111 9109 9107 9114 9120 9123 9126 9129 9133 9137 9140 9143 9146 9143 9135 9124 9119 9114 9128 9149 9157 9163 9166 9154 9145 9132 9122 9121 9120 9104 9095 9093 9085 9071 9059 9054 9050
8895 9014 9084 9069 9011 8913 8832 8803 8814 8871 8912 8938 8950 8959 8965 8972 8980 8986 8992 9008 9024 9018 9012 9017 9051 9078 9088 9090 9092 9088 9090 9105 9151 9177 9164 9150 9140 9132 9116 9115 9133 9133 9129 9123 9117 9112 9110 9111 9112 9111 9115 9122 9127 9130 9132 9135 9138 9142 9145 9148 9144 9132 9126 9121 9120 9118 9137 9149 9156 9158 9153 9146 9135 9128 9124 9120 9109 9092 9104 9093 9076 9062 9058 9053
8920 9033 9081 9041 8980 8896 8838 8820 8830 8875 8911 8934 8945 8951 8956 8960 8969 8980 8992 9015 9033 9020 9005 9014 9062 9084 9089 9091 9096 9079 9096 9150 9201 9181 9167 9160 9159 9162 9173 9187 9160 9144 9136 9130 9121 9114 9112 9112 9112 9116 9119 9126 9131 9133 9135 9137 9140 9142 9144 9145 9144 9138 9132 9127 9119 9117 9131 9142 9150 9155 9148 9141 9136 9130 9126 9122 9120 9126 9122 9104 9082 9066 9062 9058
8940 9054 9085 9020 8966 8887 8849 8838 8850 8880 8908 8930 8940 8946 8951 8954 8963 8975 8989 9018 9046 9015 8988 8994 9039 9074 9086 9096 9103 9103 9132 9178 9176 9158 9158 9162 9169 9178 9184 9173 9154 9142 9139 9137 9129 9118 9117 9114 9113 9118 9124 9129 9135 9137 9139 9141 9142 9143 9144 9143 9143 9141 9136 9126 9116 9117 9128 9137 9144 9144 9143 9141 9138 9137 9128 9125 9129 9135 9134 9114 9089 9071 9065 9061
8946 9056 9074 9018 8960 8892 8860 8848 8857 8884 8906 8923 8934 8943 8950 8954 8962 8971 8987 9011 9029 9002 8965 8965 9028 9069 9089 9096 9101 9110 9151 9166 9134 9127 9142 9157 9172 9184 9174 9141 9128 9133 9141 9152 9160 9146 9133 9117 9115 9130 9133 9128 9135 9142 9144 9145 9146 9145 9144 9143 9143 9143 9137 9126 9117 9115 9125 9131 9135 9133 9135 9136 9136 9136 9129 9130 9133 9139 9138 9125 9102 9078 9070 9065
8957 9052 9063 9015 8956 8908 8872 8854 8853 8889 8904 8914 8930 8942 8952 8961 8963 8967 8979 9002 9018 8994 8956 8967 9032 9055 9089 9105 9108 9112 9148 9152 9125 9121 9132 9148 9166 9189 9187 9135 9116 9126 9142 9162 9194 9193 9148 9120 9126 9156 9152 9145 9147 9151 9151 9151 9149 9148 9146 9144 9146 9145 9141 9130 9122 9122 9125 9127 9128 9126 9128 9128 9132 9132 9133 9132 9132 9134 9144 9135 9126 9101 9076 9070
8976 9051 9051 9013 8969 8915 8880 8858 8858 8894 8909 8919 8932 8942 8952 8960 8961 8963 8971 8997 9014 8991 8958 8973 9019 9049 9085 9102 9110 9117 9175 9166 9122 9118 9124 9136 9147 9156 9152 9122 9109 9120 9135 9152 9163 9163 9144 9128 9156 9175 9168 9166 9166 9162 9158 9154 9152 9150 9148 9146 9144 9145 9143 9134 9126 9129 9126 9126 9123 9121 9118 9118 9131 9131 9126 9127 9129 9130 9135 9136 9134 9117 9083 9074
9022 9054 9042 9010 8970 8920 8886 8860 8865 8902 8918 8933 8937 8941 8946 8953 8955 8961 8972 8991 9011 8989 8939 8967 9025 9057 9082 9096 9098 9121 9167 9161 9122 9114 9116 9122 9125 9119 9115 9111 9107 9116 9127 9138 9144 9144 9139 9132 9146 9146 9171 9196 9185 9169 9161 9156 9153 9151 9150 9149 9148 9143 9137 9135 9128 9127 9125 9126 9122 9112 9107 9115 9121 9125 9125 9123 9126 9129 9130 9136 9135 9122 9091 9081
9068 9057 9039 9006 8975 8933 8893 8865 8865 8905 8922 8933 8939 8938 8935 8938 8946 8957 8967 8978 8989 8981 8959 8971 9026 9064 9081 9093 9094 9117 9145 9132 9104 9103 9106 9110 9112 9113 9110 9108 9109 9115 9122 9129 9131 9138 9142 9142 9162 9140 9157 9178 9178 9168 9162 9158 9155 9153 9151 9151 9147 9141 9136 9132 9126 9126 9125 9125 9118 9109 9109 9109 9111 9116 9113 9116 9120 9125 9131 9140 9142 9128 9110 9092
9085 9060 9038 9006 8981 8945 8901 8867 8869 8901 8921 8935 8941 8938 8931 8931 8936 8944 8951 8956 8960 8963 8975 8981 9030 9070 9091 9093 9091 9105 9114 9101 9096 9093 9097 9101 9105 9106 9107 9109 9113 9115 9119 9124 9131 9141 9151 9158 9155 9140 9143 9150 9162 9161 9160 9157 9155 9152 9151 9151 9146 9141 9137 9131 9124 9127 9124 9122 9115 9109 9107 9106 9107 9111 9113 9111 9112 9119 9130 9140 9153 9146 9130 9103
9086 9068 9046 9017 8989 8952 8905 8865 8869 8900 8918 8932 8940 8943 8942 8936 8928 8913 8923 8936 8941 8954 9003 9006 9020 9061 9088 9087 9088 9094 9099 9088 9087 9088 9092 9097 9101 9100 9105 9108 9112 9113 9117 9123 9132 9141 9156 9179 9152 9141 9142 9143 9151 9155 9154 9154 9152 9150 9147 9144 9143 9141 9139 9132 9124 9125 9122 9121 9116 9114 9104 9103 9105 9108 9108 9105 9100 9106 9120 9125 9136 9150 9133 9112
9087 9077 9060 9036 8998 8962 8915 8874 8874 8897 8914 8924 8936 8951 8952 8947 8932 8921 8922 8930 8943 8966 9002 9053 9045 9068 9086 9086 9086 9087 9086 9079 9080 9084 9090 9096 9101 9107 9106 9107 9108 9112 9117 9122 9128 9137 9146 9149 9135 9162 9151 9147 9149 9151 9149 9149 9148 9146 9144 9144 9146 9145 9138 9129 9127 9125 9120 9120 9113 9115 9105 9103 9104 9107 9107 9103 9099 9103 9114 9120 9134 9144 9136 9123
9090 9085 9073 9056 9024 8976 8928 8890 8883 8898 8912 8921 8933 8957 8988 8954 8931 8913 8924 8934 8951 8977 9022 9055 9080 9090 9096 9086 9080 9082 9084 9080 9089 9087 9091 9097 9100 9102 9108 9109 9110 9113 9119 9124 9130 9134 9137 9135 9158 9154 9158 9161 9155 9154 9154 9151 9148 9145 9143 9144 9147 9148 9138 9130 9127 9124 9120 9119 9114 9115 9107 9103 9104 9105 9106 9104 9104 9107 9113 9116 9124 9147 9146 9139
9091 9090 9083 9069 9048 8997 8944 8904 8894 8909 8913 8918 8925 8938 8945 8932 8914 8910 8922 8940 8961 8986 9028 9084 9089 9116 9117 9115 9085 9090 9076 9089 9078 9083 9096 9105 9108 9109 9116 9117 9112 9117 9128 9128 9133 9140 9139 9144 9147 9144 9162 9168 9167 9163 9159 9152 9147 9143 9139 9139 9143 9145 9142 9136 9128 9124 9121 9118 9116 9113 9107 9106 9102 9105 9106 9105 9106 9109 9113 9114 9117 9132 9145 9151
9097 9098 9096 9088 9063 9010 8955 8910 8899 8900 8903 8912 8917 8902 8893 8896 8893 8894 8917 8946 8977 9005 9045 9085 9099 9110 9119 9122 9099 9106 9081 9102 9087 9091 9109 9121 9130 9133 9134 9133 9129 9135 9154 9161 9162 9163 9159 9161 9151 9148 9156 9171 9174 9172 9164 9157 9150 9143 9137 9137 9141 9142 9139 9132 9132 9125 9119 9118 9116 9115 9114 9111 9109 9106 9107 9108 9106 9112 9116 9118 9114 9128 9144 9161
9108 9109 9110 9109 9084 9026 8960 8912 8898 8896 8901 8907 8906 8881 8861 8865 8877 8891 8912 8947 8992 9052 9085 9106 9121 9124 9118 9098 9099 9108 9076 9108 9120 9122 9127 9139 9157 9157 9152 9153 9165 9180 9182 9206 9200 9194 9199 9211 9187 9180 9195 9187 9181 9175 9169 9161 9152 9145 9138 9137 9142 9145 9140 9131 9133 9127 9123 9121 9117 9116 9114 9111 9107 9105 9110 9116 9119 9120 9120 9121 9118 9124 9145 9170
9119 9122 9118 9117 9107 9069 8964 8904 8891 8895 8901 8902 8901 8882 8858 8840 8847 8871 8896 8937 8985 9044 9106 9140 9149 9152 9128 9088 9064 9072 9078 9132 9130 9139 9141 9148 9155 9162 9160 9164 9173 9182 9181 9179 9196 9206 9219 9222 9218 9216 9212 9197 9186 9179 9172 9165 9158 9149 9141 9139 9144 9151 9144 9134 9135 9128 9124 9120 9118 9118 9115 9110 9108 9105 9117 9127 9132 9126 9122 9119 9121 9128 9148 9175
9131 9132 9123 9125 9124 9094 8970 8895 8882 8884 8881 8885 8887 8872 8838 8807 8797 8822 8876 8928 8973 9011 9099 9148 9172 9177 9150 9123 9107 9074 9089 9135 9140 9147 9147 9150 9160 9162 9165 9169 9170 9166 9177 9184 9195 9208 9217 9222 9219 9215 9204 9197 9191 9186 9181 9177 9171 9159 9143 9143 9147 9147 9143 9149 9145 9133 9126 9124 9123 9121 9119 9119 9125 9128 9128 9133 9135 9129 9124 9124 9128 9132 9149 9172
9123 9124 9127 9124 9126 9100 8967 8894 8875 8873 8875 8857 8839 8802 8784 8768 8763 8807 8868 8931 8991 9049 9107 9146 9176 9186 9171 9160 9158 9149 9170 9176 9144 9141 9145 9144 9141 9156 9167 9174 9180 9182 9186 9190 9198 9208 9214 9220 9220 9217 9207 9197 9195 9193 9191 9189 9188 9184 9169 9164 9156 9147 9145 9162 9146 9133 9128 9125 9129 9129 9125 9128 9137 9137 9134 9132 9131 9129 9125 9127 9135 9132 9147 9164
9007 9089 9142 9142 9121 9071 8959 8893 8869 8853 8843 8806 8774 8738 8744 8745 8748 8800 8870 8942 9011 9074 9126 9155 9167 9178 9178 9177 9176 9203 9211 9219 9175 9139 9152 9151 9156 9156 9167 9179 9191 9203 9199 9195 9204 9213 9217 9219 9226 9227 9210 9202 9200 9198 9199 9199 9203 9213 9231 9195 9169 9153 9145 9147 9142 9136 9137 9134 9136 9135 9132 9135 9137 9133 9133 9132 9131 9129 9128 9127 9123 9130 9142 9156
8942 9058 9149 9149 9114 9066 8991 8912 8869 8828 8780 8759 8749 8749 8751 8758 8772 8823 8889 8958 9029 9088 9113 9130 9151 9164 9172 9181 9192 9166 9218 9202 9173 9182 9173 9159 9153 9159 9167 9181 9195 9211 9208 9206 9215 9224 9230 9232 9231 9231 9225 9215 9210 9207 9207 9206 9207 9211 9213 9195 9172 9154 9144 9152 9147 9143 9147 9140 9140 9142 9140 9138 9133 9129 9130 9133 9131 9129 9127 9126 9127 9131 9138 9147
8904 9027 9120 9134 9092 9044 8981 8922 8874 8829 8778 8757 8748 8751 8758 8789 8836 8858 8907 8967 9026 9086 9133 9122 9137 9152 9164 9174 9175 9151 9202 9183 9177 9199 9187 9166 9155 9157 9165 9178 9194 9208 9217 9222 9228 9236 9241 9234 9234 9237 9231 9223 9221 9218 9214 9213 9207 9196 9186 9183 9171 9158 9150 9152 9147 9149 9148 9135 9151 9150 9147 9143 9130 9127 9128 9127 9128 9127 9124 9126 9128 9131 9137 9142
8852 9012 9112 9071 9039 9017 8957 8923 8892 8855 8824 8788 8757 8736 8751 8779 8829 8855 8906 8968 9018 9051 9089 9110 9125 9144 9159 9166 9167 9169 9202 9203 9218 9218 9192 9167 9153 9153 9161 9175 9192 9211 9230 9235 9237 9241 9236 9231 9234 9233 9236 9237 9234 9230 9223 9219 9211 9196 9185 9181 9172 9160 9148 9148 9142 9149 9145 9141 9158 9157 9146 9131 9126 9126 9126 9126 9126 9125 9125 9129 9133 9134 9136 9140
8870 8896 8853 8871 8973 9029 8974 8953 8922 8888 8852 8818 8778 8752 8742 8735 8761 8828 8892 8963 9036 9049 9074 9107 9120 9144 9160 9166 9172 9182 9217 9245 9244 9224 9186 9162 9143 9142 9153 9169 9185 9201 9221 9235 9241 9243 9235 9236 9240 9238 9238 9244 9244 9239 9233 9225 9220 9207 9198 9193 9185 9171 9156 9155 9135 9151 9147 9148 9169 9161 9143 9133 9126 9128 9127 9127 9126 9125 9125 9128 9135 9137 9139 9140
8970 8838 8780 8840 8950 9056 9080 9004 8953 8916 8891 8854 8789 8766 8750 8737 8761 8814 8871 8934 9042 9047 9088 9123 9139 9156 9169 9179 9180 9194 9225 9250 9235 9209 9164 9094 9114 9134 9152 9169 9179 9194 9211 9232 9244 9253 9246 9252 9253 9244 9255 9261 9257 9248 9242 9236 9231 9223 9215 9210 9203 9193 9172 9152 9149 9146 9137 9154 9183 9165 9142 9134 9135 9134 9130 9128 9127 9128 9129 9129 9133 9139 9139 9139
8945 8840 8786 8854 8963 9057 9082 9028 8976 8930 8890 8851 8795 8769 8760 8765 8785 8819 8855 8876 8889 9020 9087 9118 9147 9171 9189 9207 9224 9248 9232 9231 9190 9150 9131 9123 9112 9129 9147 9156 9171 9194 9235 9244 9259 9261 9273 9280 9284 9285 9272 9280 9270 9259 9252 9246 9238 9239 9230 9222 9218 9218 9218 9171 9150 9140 9138 9159 9171 9167 9157 9149 9149 9139 9135 9132 9130 9129 9128 9130 9138 9138 9138 9138
8969 8958 8812 8898 8995 9097 9075 9028 8983 8936 8882 8814 8781 8770 8774 8777 8809 8841 8871 8894 8909 9017 9103 9158 9179 9191 9207 9233 9271 9300 9251 9207 9157 9105 9092 9107 9121 9135 9149 9165 9177 9201 9210 9272 9306 9308 9326 9327 9317 9302 9286 9275 9274 9266 9259 9250 9242 9236 9232 9229 9226 9230 9238 9209 9161 9140 9151 9168 9170 9167 9160 9151 9141 9139 9137 9135 9132 9130 9129 9130 9132 9135 9137 9137
8737 8947 9014 8983 9000 9021 9029 9010 8976 8938 8895 8858 8819 8808 8818 8855 8857 8876 8906 8957 9033 9071 9122 9190 9201 9198 9210 9230 9259 9256 9192 9175 9180 9076 9079 9118 9141 9162 9190 9210 9232 9230 9256 9361 9372 9338 9336 9376 9388 9380 9327 9303 9297 9297 9280 9264 9246 9229 9231 9238 9233 9225 9231 9236 9190 9166 9169 9179 9174 9165 9160 9149 9140 9139 9137 9136 9135 9134 9131 9130 9131 9134 9135 9135
8702 8779 9033 9026 8989 8980 8994 8989 8971 8948 8925 8911 8902 8875 8877 8891 8898 8913 8936 8970 9022 9081 9111 9143 9161 9180 9201 9222 9233 9249 9145 9142 9114 9082 9092 9132 9164 9193 9219 9249 9286 9324 9468 9482 9401 9432 9368 9349 9469 9465 9405 9370 9344 9330 9306 9281 9261 9249 9236 9248 9239 9222 9216 9250 9238 9235 9206 9181 9161 9163 9154 9150 9145 9144 9142 9141 9140 9139 9137 9131 9133 9136 9135 9133
8733 8818 9023 9017 8985 8978 8990 8978 8968 8958 8948 8932 8933 8929 8930 8923 8930 8944 8963 8988 9039 9079 9083 9072 9109 9150 9186 9219 9255 9218 9092 9042 9070 9102 9143 9181 9197 9212 9240 9268 9318 9407 9411 9298 9219 9181 9167 9125 9149 9250 9389 9422 9407 9333 9296 9277 9267 9257 9247 9255 9245 9238 9240 9246 9245 9255 9252 9213 9180 9175 9172 9167 9160 9154 9153 9149 9145 9141 9137 9133 9135 9138 9135 9130
8872 8967 8958 8976 8985 9002 8977 8960 8965 8966 8967 8977 8979 8959 8944 8942 8956 8971 8990 9012 9076 9116 9082 9050 9086 9131 9167 9200 9217 9169 9067 9018 9130 9213 9217 9217 9238 9244 9243 9256 9270 9271 9134 8977 8953 8867 8883 8846 8789 8941 9073 9209 9274 9245 9244 9256 9271 9274 9278 9264 9251 9238 9243 9235 9231 9233 9261 9255 9206 9189 9183 9187 9169 9159 9159 9154 9149 9144 9140 9138 9138 9138 9135 9129
