real_craters/C112-750m.grd
DSAA
95 95
-35.2275 35.2275
-35.2275 35.2275
10697.80164832 12193.64720181
[rows 50 to 74 of 95, columns 0 to 56 of 95]
1.191e+004 1.185e+004 1.185e+004 1.186e+004 1.186e+004 1.187e+004 1.189e+004 1.189e+004 1.188e+004 1.187e+004 1.185e+004 1.184e+004 1.182e+004 1.18e+004 1.179e+004 1.178e+004 1.178e+004 1.178e+004 1.178e+004 1.177e+004 1.177e+004 1.177e+004 1.176e+004 1.176e+004 1.177e+004 1.179e+004 1.18e+004 1.181e+004 1.183e+004 1.185e+004 1.187e+004 1.187e+004 1.196e+004 1.199e+004 1.199e+004 1.197e+004 1.186e+004 1.162e+004 1.134e+004 1.108e+004 1.091e+004 1.084e+004 1.079e+004 1.075e+004 1.071e+004 1.07e+004 1.075e+004 1.079e+004 1.088e+004 1.089e+004 1.085e+004 1.082e+004 1.083e+004 1.088e+004 1.095e+004 1.102e+004 1.108e+004
1.19e+004 1.186e+004 1.186e+004 1.187e+004 1.187e+004 1.188e+004 1.188e+004 1.188e+004 1.188e+004 1.187e+004 1.185e+004 1.184e+004 1.182e+004 1.181e+004 1.18e+004 1.179e+004 1.179e+004 1.179e+004 1.178e+004 1.178e+004 1.177e+004 1.177e+004 1.176e+004 1.175e+004 1.177e+004 1.179e+004 1.181e+004 1.182e+004 1.184e+004 1.186e+004 1.189e+004 1.188e+004 1.196e+004 1.2e+004 1.201e+004 1.199e+004 1.187e+004 1.169e+004 1.143e+004 1.118e+004 1.1e+004 1.091e+004 1.086e+004 1.081e+004 1.076e+004 1.073e+004 1.072e+004 1.073e+004 1.08e+004 1.084e+004 1.083e+004 1.082e+004 1.086e+004 1.092e+004 1.1e+004 1.105e+004 1.113e+004
1.185e+004 1.186e+004 1.187e+004 1.187e+004 1.188e+004 1.188e+004 1.189e+004 1.188e+004 1.188e+004 1.187e+004 1.186e+004 1.185e+004 1.183e+004 1.182e+004 1.181e+004 1.181e+004 1.18e+004 1.18e+004 1.179e+004 1.178e+004 1.178e+004 1.177e+004 1.177e+004 1.178e+004 1.178e+004 1.179e+004 1.181e+004 1.183e+004 1.185e+004 1.187e+004 1.188e+004 1.189e+004 1.193e+004 1.199e+004 1.203e+004 1.204e+004 1.199e+004 1.182e+004 1.156e+004 1.128e+004 1.107e+004 1.098e+004 1.093e+004 1.089e+004 1.086e+004 1.083e+004 1.079e+004 1.077e+004 1.082e+004 1.086e+004 1.088e+004 1.088e+004 1.092e+004 1.099e+004 1.104e+004 1.11e+004 1.12e+004
1.184e+004 1.186e+004 1.188e+004 1.188e+004 1.188e+004 1.188e+004 1.188e+004 1.188e+004 1.188e+004 1.187e+004 1.186e+004 1.185e+004 1.184e+004 1.184e+004 1.183e+004 1.182e+004 1.181e+004 1.181e+004 1.18e+004 1.179e+004 1.179e+004 1.178e+004 1.177e+004 1.177e+004 1.178e+004 1.179e+004 1.181e+004 1.183e+004 1.185e+004 1.187e+004 1.188e+004 1.188e+004 1.192e+004 1.199e+004 1.204e+004 1.208e+004 1.208e+004 1.195e+004 1.173e+004 1.148e+004 1.119e+004 1.106e+004 1.098e+004 1.096e+004 1.098e+004 1.095e+004 1.091e+004 1.089e+004 1.091e+004 1.094e+004 1.097e+004 1.101e+004 1.101e+004 1.105e+004 1.109e+004 1.116e+004 1.136e+004
1.185e+004 1.188e+004 1.191e+004 1.191e+004 1.19e+004 1.189e+004 1.188e+004 1.188e+004 1.188e+004 1.188e+004 1.187e+004 1.186e+004 1.186e+004 1.185e+004 1.184e+004 1.183e+004 1.183e+004 1.182e+004 1.181e+004 1.18e+004 1.179e+004 1.179e+004 1.178e+004 1.177e+004 1.178e+004 1.179e+004 1.181e+004 1.183e+004 1.185e+004 1.187e+004 1.188e+004 1.188e+004 1.193e+004 1.199e+004 1.204e+004 1.209e+004 1.211e+004 1.204e+004 1.189e+004 1.168e+004 1.14e+004 1.118e+004 1.103e+004 1.103e+004 1.106e+004 1.104e+004 1.102e+004 1.101e+004 1.101e+004 1.103e+004 1.106e+004 1.11e+004 1.111e+004 1.113e+004 1.121e+004 1.136e+004 1.163e+004
1.19e+004 1.191e+004 1.193e+004 1.193e+004 1.192e+004 1.191e+004 1.19e+004 1.189e+004 1.189e+004 1.188e+004 1.188e+004 1.187e+004 1.187e+004 1.186e+004 1.185e+004 1.185e+004 1.184e+004 1.183e+004 1.182e+004 1.181e+004 1.18e+004 1.179e+004 1.178e+004 1.177e+004 1.177e+004 1.179e+004 1.181e+004 1.183e+004 1.185e+004 1.187e+004 1.19e+004 1.193e+004 1.194e+004 1.199e+004 1.203e+004 1.208e+004 1.214e+004 1.212e+004 1.199e+004 1.183e+004 1.154e+004 1.135e+004 1.119e+004 1.113e+004 1.11e+004 1.109e+004 1.109e+004 1.109e+004 1.109e+004 1.11e+004 1.112e+004 1.117e+004 1.123e+004 1.132e+004 1.146e+004 1.164e+004 1.182e+004
1.193e+004 1.193e+004 1.193e+004 1.193e+004 1.192e+004 1.191e+004 1.19e+004 1.189e+004 1.189e+004 1.189e+004 1.189e+004 1.189e+004 1.189e+004 1.188e+004 1.187e+004 1.186e+004 1.185e+004 1.184e+004 1.183e+004 1.182e+004 1.181e+004 1.18e+004 1.179e+004 1.178e+004 1.178e+004 1.179e+004 1.18e+004 1.182e+004 1.184e+004 1.186e+004 1.189e+004 1.193e+004 1.194e+004 1.194e+004 1.199e+004 1.205e+004 1.208e+004 1.208e+004 1.205e+004 1.195e+004 1.178e+004 1.158e+004 1.145e+004 1.132e+004 1.12e+004 1.118e+004 1.117e+004 1.118e+004 1.119e+004 1.12e+004 1.119e+004 1.127e+004 1.139e+004 1.151e+004 1.175e+004 1.175e+004 1.174e+004
1.195e+004 1.194e+004 1.193e+004 1.193e+004 1.192e+004 1.19e+004 1.19e+004 1.19e+004 1.19e+004 1.19e+004 1.19e+004 1.19e+004 1.19e+004 1.19e+004 1.189e+004 1.188e+004 1.186e+004 1.185e+004 1.184e+004 1.182e+004 1.181e+004 1.18e+004 1.179e+004 1.178e+004 1.178e+004 1.178e+004 1.18e+004 1.181e+004 1.183e+004 1.185e+004 1.187e+004 1.189e+004 1.192e+004 1.192e+004 1.196e+004 1.199e+004 1.202e+004 1.207e+004 1.211e+004 1.208e+004 1.189e+004 1.175e+004 1.166e+004 1.154e+004 1.142e+004 1.134e+004 1.127e+004 1.131e+004 1.134e+004 1.135e+004 1.138e+004 1.152e+004 1.165e+004 1.177e+004 1.195e+004 1.193e+004 1.187e+004
1.196e+004 1.194e+004 1.194e+004 1.195e+004 1.193e+004 1.192e+004 1.191e+004 1.191e+004 1.191e+004 1.191e+004 1.191e+004 1.192e+004 1.192e+004 1.193e+004 1.191e+004 1.189e+004 1.188e+004 1.186e+004 1.185e+004 1.183e+004 1.182e+004 1.18e+004 1.179e+004 1.178e+004 1.177e+004 1.178e+004 1.179e+004 1.18e+004 1.182e+004 1.183e+004 1.184e+004 1.185e+004 1.189e+004 1.191e+004 1.192e+004 1.194e+004 1.195e+004 1.195e+004 1.198e+004 1.203e+004 1.204e+004 1.195e+004 1.184e+004 1.174e+004 1.165e+004 1.159e+004 1.151e+004 1.152e+004 1.155e+004 1.157e+004 1.162e+004 1.177e+004 1.193e+004 1.201e+004 1.206e+004 1.209e+004 1.201e+004
1.196e+004 1.194e+004 1.194e+004 1.195e+004 1.194e+004 1.192e+004 1.192e+004 1.192e+004 1.192e+004 1.192e+004 1.192e+004 1.193e+004 1.193e+004 1.194e+004 1.192e+004 1.19e+004 1.188e+004 1.187e+004 1.185e+004 1.184e+004 1.182e+004 1.181e+004 1.18e+004 1.179e+004 1.177e+004 1.178e+004 1.179e+004 1.18e+004 1.18e+004 1.181e+004 1.182e+004 1.183e+004 1.184e+004 1.187e+004 1.188e+004 1.189e+004 1.189e+004 1.187e+004 1.188e+004 1.189e+004 1.19e+004 1.198e+004 1.2e+004 1.202e+004 1.193e+004 1.187e+004 1.184e+004 1.179e+004 1.177e+004 1.18e+004 1.183e+004 1.196e+004 1.205e+004 1.207e+004 1.211e+004 1.198e+004 1.188e+004
1.196e+004 1.193e+004 1.193e+004 1.193e+004 1.193e+004 1.193e+004 1.193e+004 1.192e+004 1.192e+004 1.192e+004 1.193e+004 1.193e+004 1.193e+004 1.193e+004 1.192e+004 1.19e+004 1.189e+004 1.187e+004 1.186e+004 1.184e+004 1.183e+004 1.182e+004 1.181e+004 1.18e+004 1.179e+004 1.179e+004 1.179e+004 1.179e+004 1.18e+004 1.18e+004 1.18e+004 1.181e+004 1.182e+004 1.184e+004 1.185e+004 1.186e+004 1.186e+004 1.187e+004 1.187e+004 1.185e+004 1.185e+004 1.191e+004 1.196e+004 1.195e+004 1.199e+004 1.203e+004 1.209e+004 1.197e+004 1.194e+004 1.2e+004 1.21e+004 1.207e+004 1.206e+004 1.198e+004 1.194e+004 1.189e+004 1.186e+004
1.197e+004 1.194e+004 1.193e+004 1.193e+004 1.193e+004 1.193e+004 1.193e+004 1.193e+004 1.193e+004 1.193e+004 1.193e+004 1.193e+004 1.193e+004 1.192e+004 1.191e+004 1.19e+004 1.189e+004 1.188e+004 1.186e+004 1.185e+004 1.184e+004 1.182e+004 1.181e+004 1.18e+004 1.18e+004 1.179e+004 1.179e+004 1.179e+004 1.179e+004 1.179e+004 1.179e+004 1.179e+004 1.18e+004 1.181e+004 1.183e+004 1.184e+004 1.184e+004 1.185e+004 1.185e+004 1.184e+004 1.184e+004 1.185e+004 1.189e+004 1.192e+004 1.194e+004 1.197e+004 1.199e+004 1.199e+004 1.2e+004 1.204e+004 1.205e+004 1.201e+004 1.193e+004 1.188e+004 1.184e+004 1.184e+004 1.184e+004
1.198e+004 1.195e+004 1.194e+004 1.194e+004 1.194e+004 1.193e+004 1.193e+004 1.193e+004 1.194e+004 1.194e+004 1.193e+004 1.193e+004 1.192e+004 1.192e+004 1.191e+004 1.19e+004 1.189e+004 1.188e+004 1.187e+004 1.186e+004 1.185e+004 1.183e+004 1.182e+004 1.181e+004 1.18e+004 1.179e+004 1.179e+004 1.179e+004 1.179e+004 1.179e+004 1.179e+004 1.179e+004 1.179e+004 1.18e+004 1.181e+004 1.182e+004 1.183e+004 1.184e+004 1.187e+004 1.184e+004 1.181e+004 1.184e+004 1.185e+004 1.185e+004 1.187e+004 1.189e+004 1.192e+004 1.195e+004 1.197e+004 1.199e+004 1.2e+004 1.196e+004 1.189e+004 1.186e+004 1.185e+004 1.185e+004 1.182e+004
1.2e+004 1.197e+004 1.196e+004 1.195e+004 1.195e+004 1.194e+004 1.194e+004 1.194e+004 1.194e+004 1.194e+004 1.194e+004 1.194e+004 1.194e+004 1.193e+004 1.192e+004 1.191e+004 1.19e+004 1.188e+004 1.187e+004 1.186e+004 1.185e+004 1.185e+004 1.184e+004 1.182e+004 1.18e+004 1.179e+004 1.179e+004 1.179e+004 1.179e+004 1.179e+004 1.178e+004 1.178e+004 1.178e+004 1.179e+004 1.179e+004 1.181e+004 1.182e+004 1.183e+004 1.184e+004 1.183e+004 1.181e+004 1.18e+004 1.181e+004 1.184e+004 1.184e+004 1.184e+004 1.186e+004 1.189e+004 1.192e+004 1.194e+004 1.195e+004 1.19e+004 1.185e+004 1.184e+004 1.184e+004 1.185e+004 1.182e+004
1.203e+004 1.2e+004 1.198e+004 1.196e+004 1.196e+004 1.195e+004 1.195e+004 1.195e+004 1.195e+004 1.195e+004 1.195e+004 1.195e+004 1.196e+004 1.195e+004 1.193e+004 1.191e+004 1.19e+004 1.189e+004 1.187e+004 1.186e+004 1.185e+004 1.185e+004 1.184e+004 1.182e+004 1.181e+004 1.18e+004 1.18e+004 1.179e+004 1.179e+004 1.179e+004 1.179e+004 1.179e+004 1.178e+004 1.179e+004 1.179e+004 1.18e+004 1.181e+004 1.182e+004 1.183e+004 1.183e+004 1.184e+004 1.181e+004 1.18e+004 1.18e+004 1.182e+004 1.182e+004 1.184e+004 1.185e+004 1.186e+004 1.185e+004 1.184e+004 1.184e+004 1.183e+004 1.183e+004 1.186e+004 1.187e+004 1.183e+004
1.207e+004 1.204e+004 1.202e+004 1.2e+004 1.198e+004 1.197e+004 1.196e+004 1.196e+004 1.196e+004 1.196e+004 1.196e+004 1.197e+004 1.197e+004 1.195e+004 1.194e+004 1.192e+004 1.19e+004 1.189e+004 1.187e+004 1.185e+004 1.184e+004 1.182e+004 1.182e+004 1.182e+004 1.181e+004 1.181e+004 1.18e+004 1.18e+004 1.18e+004 1.18e+004 1.179e+004 1.179e+004 1.179e+004 1.178e+004 1.178e+004 1.179e+004 1.18e+004 1.181e+004 1.181e+004 1.183e+004 1.185e+004 1.185e+004 1.182e+004 1.182e+004 1.182e+004 1.184e+004 1.184e+004 1.184e+004 1.184e+004 1.183e+004 1.183e+004 1.183e+004 1.184e+004 1.185e+004 1.189e+004 1.189e+004 1.186e+004
1.211e+004 1.207e+004 1.205e+004 1.202e+004 1.2e+004 1.198e+004 1.197e+004 1.197e+004 1.197e+004 1.197e+004 1.197e+004 1.198e+004 1.197e+004 1.196e+004 1.194e+004 1.192e+004 1.19e+004 1.189e+004 1.187e+004 1.185e+004 1.183e+004 1.181e+004 1.181e+004 1.181e+004 1.181e+004 1.181e+004 1.181e+004 1.181e+004 1.181e+004 1.181e+004 1.18e+004 1.18e+004 1.179e+004 1.178e+004 1.179e+004 1.179e+004 1.18e+004 1.18e+004 1.18e+004 1.182e+004 1.183e+004 1.184e+004 1.184e+004 1.184e+004 1.183e+004 1.183e+004 1.184e+004 1.184e+004 1.184e+004 1.182e+004 1.183e+004 1.183e+004 1.185e+004 1.189e+004 1.191e+004 1.19e+004 1.187e+004
1.214e+004 1.206e+004 1.205e+004 1.202e+004 1.2e+004 1.199e+004 1.198e+004 1.198e+004 1.198e+004 1.198e+004 1.198e+004 1.199e+004 1.199e+004 1.197e+004 1.195e+004 1.193e+004 1.191e+004 1.189e+004 1.186e+004 1.185e+004 1.183e+004 1.182e+004 1.181e+004 1.181e+004 1.181e+004 1.18e+004 1.181e+004 1.181e+004 1.181e+004 1.181e+004 1.181e+004 1.181e+004 1.181e+004 1.18e+004 1.179e+004 1.18e+004 1.18e+004 1.181e+004 1.181e+004 1.182e+004 1.182e+004 1.182e+004 1.183e+004 1.184e+004 1.183e+004 1.183e+004 1.184e+004 1.185e+004 1.187e+004 1.187e+004 1.186e+004 1.187e+004 1.188e+004 1.19e+004 1.191e+004 1.189e+004 1.187e+004
1.217e+004 1.208e+004 1.202e+004 1.201e+004 1.2e+004 1.199e+004 1.199e+004 1.198e+004 1.198e+004 1.198e+004 1.199e+004 1.2e+004 1.199e+004 1.197e+004 1.195e+004 1.193e+004 1.191e+004 1.188e+004 1.186e+004 1.184e+004 1.183e+004 1.181e+004 1.181e+004 1.181e+004 1.182e+004 1.183e+004 1.182e+004 1.182e+004 1.182e+004 1.182e+004 1.182e+004 1.182e+004 1.183e+004 1.181e+004 1.18e+004 1.179e+004 1.18e+004 1.181e+004 1.182e+004 1.183e+004 1.182e+004 1.182e+004 1.183e+004 1.183e+004 1.183e+004 1.183e+004 1.184e+004 1.186e+004 1.188e+004 1.189e+004 1.187e+004 1.187e+004 1.188e+004 1.189e+004 1.189e+004 1.187e+004 1.185e+004
1.216e+004 1.215e+004 1.204e+004 1.201e+004 1.201e+004 1.199e+004 1.199e+004 1.199e+004 1.199e+004 1.199e+004 1.199e+004 1.199e+004 1.198e+004 1.197e+004 1.195e+004 1.193e+004 1.191e+004 1.188e+004 1.186e+004 1.184e+004 1.182e+004 1.181e+004 1.181e+004 1.182e+004 1.182e+004 1.182e+004 1.182e+004 1.182e+004 1.182e+004 1.182e+004 1.182e+004 1.182e+004 1.182e+004 1.182e+004 1.18e+004 1.178e+004 1.179e+004 1.179e+004 1.181e+004 1.182e+004 1.183e+004 1.183e+004 1.183e+004 1.183e+004 1.183e+004 1.183e+004 1.184e+004 1.186e+004 1.187e+004 1.188e+004 1.187e+004 1.186e+004 1.187e+004 1.188e+004 1.186e+004 1.184e+004 1.182e+004
1.211e+004 1.214e+004 1.208e+004 1.203e+004 1.201e+004 1.2e+004 1.2e+004 1.2e+004 1.199e+004 1.199e+004 1.199e+004 1.199e+004 1.198e+004 1.196e+004 1.195e+004 1.193e+004 1.191e+004 1.189e+004 1.187e+004 1.184e+004 1.182e+004 1.181e+004 1.181e+004 1.182e+004 1.182e+004 1.182e+004 1.182e+004 1.182e+004 1.182e+004 1.182e+004 1.182e+004 1.182e+004 1.181e+004 1.18e+004 1.179e+004 1.178e+004 1.178e+004 1.178e+004 1.18e+004 1.181e+004 1.182e+004 1.183e+004 1.183e+004 1.184e+004 1.183e+004 1.183e+004 1.184e+004 1.184e+004 1.185e+004 1.185e+004 1.185e+004 1.185e+004 1.185e+004 1.183e+004 1.181e+004 1.181e+004 1.181e+004
1.207e+004 1.213e+004 1.208e+004 1.204e+004 1.201e+004 1.201e+004 1.201e+004 1.201e+004 1.2e+004 1.199e+004 1.198e+004 1.198e+004 1.197e+004 1.196e+004 1.194e+004 1.193e+004 1.191e+004 1.189e+004 1.187e+004 1.185e+004 1.183e+004 1.182e+004 1.182e+004 1.182e+004 1.182e+004 1.182e+004 1.182e+004 1.182e+004 1.182e+004 1.182e+004 1.182e+004 1.181e+004 1.18e+004 1.179e+004 1.179e+004 1.178e+004 1.178e+004 1.178e+004 1.179e+004 1.18e+004 1.181e+004 1.183e+004 1.184e+004 1.184e+004 1.183e+004 1.183e+004 1.183e+004 1.183e+004 1.183e+004 1.183e+004 1.183e+004 1.182e+004 1.182e+004 1.18e+004 1.178e+004 1.18e+004 1.181e+004
1.215e+004 1.214e+004 1.206e+004 1.204e+004 1.206e+004 1.203e+004 1.203e+004 1.202e+004 1.2e+004 1.199e+004 1.198e+004 1.196e+004 1.196e+004 1.195e+004 1.194e+004 1.193e+004 1.192e+004 1.19e+004 1.189e+004 1.187e+004 1.184e+004 1.183e+004 1.184e+004 1.184e+004 1.183e+004 1.183e+004 1.183e+004 1.183e+004 1.183e+004 1.183e+004 1.182e+004 1.181e+004 1.18e+004 1.179e+004 1.179e+004 1.178e+004 1.178e+004 1.178e+004 1.178e+004 1.179e+004 1.18e+004 1.181e+004 1.182e+004 1.182e+004 1.182e+004 1.181e+004 1.181e+004 1.181e+004 1.181e+004 1.181e+004 1.181e+004 1.18e+004 1.179e+004 1.177e+004 1.177e+004 1.179e+004 1.181e+004
1.219e+004 1.215e+004 1.207e+004 1.203e+004 1.204e+004 1.207e+004 1.204e+004 1.203e+004 1.201e+004 1.199e+004 1.198e+004 1.196e+004 1.196e+004 1.195e+004 1.195e+004 1.194e+004 1.193e+004 1.192e+004 1.19e+004 1.189e+004 1.187e+004 1.186e+004 1.186e+004 1.186e+004 1.185e+004 1.184e+004 1.184e+004 1.184e+004 1.183e+004 1.183e+004 1.183e+004 1.182e+004 1.181e+004 1.181e+004 1.179e+004 1.179e+004 1.178e+004 1.178e+004 1.178e+004 1.178e+004 1.179e+004 1.179e+004 1.178e+004 1.18e+004 1.18e+004 1.18e+004 1.18e+004 1.18e+004 1.18e+004 1.181e+004 1.181e+004 1.18e+004 1.178e+004 1.177e+004 1.178e+004 1.179e+004 1.18e+004
1.211e+004 1.214e+004 1.208e+004 1.204e+004 1.203e+004 1.205e+004 1.204e+004 1.203e+004 1.201e+004 1.199e+004 1.198e+004 1.197e+004 1.196e+004 1.196e+004 1.195e+004 1.194e+004 1.194e+004 1.193e+004 1.192e+004 1.192e+004 1.192e+004 1.19e+004 1.189e+004 1.187e+004 1.187e+004 1.186e+004 1.185e+004 1.185e+004 1.184e+004 1.184e+004 1.183e+004 1.183e+004 1.182e+004 1.182e+004 1.18e+004 1.179e+004 1.178e+004 1.178e+004 1.178e+004 1.178e+004 1.179e+004 1.179e+004 1.178e+004 1.178e+004 1.179e+004 1.179e+004 1.179e+004 1.179e+004 1.178e+004 1.18e+004 1.181e+004 1.18e+004 1.177e+004 1.178e+004 1.178e+004 1.178e+004 1.179e+004
