real_craters/C112-300m.grd
DSAA
236 236
-35.2275 35.2275
-35.2275 35.2275
10689.131652295 12205.045495818
[rows 90 to 119 of 236, columns 67 to 133 of 236]
11772.4 11776.5 11781.5 11787.4 11795 11806.3 11813.7 11815.2 11813.3 11810.4 11807.4 11801.4 11796.6 11792.3 11788 11785 11783.1 11783.3 11785.5 11793.9 11808.9 11827 11846.7 11866.2 11883.6 11894.1 11907.3 11919.4 11948.2 11975.3 11996.7 12019.6 12051.7 11988.4 11905.1 11828.1 11751.4 11714 11686.6 11649.5 11613.2 11574.9 11542.2 11511 11480.3 11453.8 11429.7 11407.3 11386.8 11364.5 11354.2 11358.3 11363.4 11365.1 11357.6 11354.3 11397.5 11449 11496.9 11546.1 11592.2 11639.1 11688.7 11748.3 11815.2 11888.2 11938
11776 11781.2 11787.1 11794.9 11804.1 11811.4 11814.7 11816.7 11815.6 11813 11810.4 11803.7 11798.3 11793.5 11790.8 11787.8 11786.1 11784.7 11786 11796 11816.3 11839.9 11865.6 11891 11914.2 11932 11954.6 11978 11993 11997.7 12001.2 12005.9 12000.9 11942.6 11860.7 11776.8 11685.3 11649.5 11619.2 11583.1 11547.2 11509.8 11474.9 11441.5 11407.5 11377 11347.9 11320.2 11295.9 11277.3 11261.2 11254.6 11253.2 11254.7 11249 11252.1 11299.1 11348.9 11399.8 11448.5 11496.6 11544.9 11597 11655.3 11720.4 11794.8 11870
11778.3 11783.9 11790.3 11799 11809.8 11816.1 11817.6 11818 11818.5 11819.5 11813.8 11806.1 11800.5 11797.1 11794.2 11792.1 11790.5 11790.6 11791.5 11802.2 11826.5 11855.3 11886.7 11918.8 11951.1 11982.6 12011.5 12036.7 12031.8 12006.3 11987.9 11965 11922.2 11866.1 11807.5 11740.1 11670.3 11610.1 11563 11521.5 11483.5 11444.7 11408.8 11373.7 11336.2 11302.6 11269.9 11237.4 11207.3 11180.8 11166.4 11159.7 11154.8 11156.4 11157.1 11177.4 11215.9 11261.5 11308.6 11356.1 11402.8 11449.2 11498.5 11548.5 11602 11661.8 11719.2
11778.7 11783.7 11790.4 11797.8 11806.1 11811.8 11814.3 11814.7 11816.1 11819.9 11812.8 11806.2 11802.2 11799.8 11798.4 11798.3 11797.7 11798.3 11800.6 11811.3 11839.4 11872.6 11908.1 11945.9 11984.6 12023.2 12047.6 12041.7 12018.2 11990.9 11964.5 11928.6 11872.3 11811 11758.9 11696.9 11641.1 11561.9 11504.4 11457.8 11416.8 11379.2 11340.2 11303.4 11267.1 11230.3 11195.3 11160.3 11126.9 11099.7 11083.7 11075.8 11068.8 11067.9 11068.6 11095.3 11138.5 11183.3 11226.6 11270.8 11311.7 11353.3 11394.4 11437.3 11484.4 11551.8 11615.6
11777.1 11781.8 11787 11792.4 11796.3 11799.6 11803.8 11805.5 11806.1 11807.4 11804.5 11802.2 11801.7 11802.8 11804.4 11806 11808.8 11810.8 11816.2 11827.6 11856.8 11892.3 11928.9 11967.8 12006.3 12046.5 12076.2 12022.2 11976.3 11963 11939.1 11905 11858.1 11797.5 11719.9 11629.7 11549.8 11491.5 11439.8 11393.9 11351.9 11312.4 11272.6 11234.7 11196.2 11156.6 11121.6 11087.7 11061.4 11035.2 11014.2 11002.6 10994.3 10991.4 10987.3 11017.8 11068.5 11111.2 11153.1 11193.2 11230.4 11263.2 11295.4 11326.6 11361.4 11417.3 11470.4
11775.3 11779.6 11783.3 11786.9 11787.9 11788.4 11792.2 11793.5 11793 11791.4 11793.4 11797.4 11801.8 11806.8 11812 11818 11823.8 11828.7 11836.9 11851.6 11879.1 11913 11947.8 11981.9 12013 12036.7 12032.3 12002 11959.7 11942.4 11915.3 11882.1 11851 11810.9 11681.3 11560.4 11469.9 11418.2 11371.9 11327.2 11286.1 11246.3 11203.4 11165.8 11127.8 11090.1 11055.7 11021.9 10995.2 10974.8 10951.2 10938.2 10931.9 10931.6 10936.2 10966.1 11010.8 11051.9 11089.4 11124.2 11155.8 11183.3 11206.1 11224.3 11242.3 11271 11343.3
11773 11777 11780.2 11783 11784.2 11784.1 11783.7 11783 11782.7 11782.1 11786.5 11795.1 11803.8 11812.2 11820.9 11830.9 11840.5 11850.3 11862.2 11878.2 11903 11935 11966.2 11994.1 12015.5 12025.3 12016.7 11996.5 11966.9 11931.2 11888 11839.9 11792.1 11727.9 11609.6 11494.1 11408 11351.2 11306 11261.3 11220.8 11182.3 11143.9 11109 11069.3 11030.2 10993.8 10956 10923.5 10902.5 10888.9 10881.7 10879.5 10882.7 10893.1 10927.4 10969.4 11002 11035.1 11063.9 11090.7 11113.1 11130.2 11141.8 11147.4 11165 11239.8
11770.5 11774.2 11777.3 11780.2 11782.7 11785 11780 11776 11777.5 11780.4 11786.8 11796.3 11807.8 11819.5 11832.2 11845.5 11859.2 11873.1 11888.4 11905.3 11928.4 11957.1 11983.5 12005.2 12019.5 12023.9 12015.8 12000.1 11971 11920.9 11853.1 11777.7 11696.8 11602 11508.7 11420 11345.3 11287.2 11243.7 11204.9 11166.4 11129.1 11090.8 11055.3 11016.5 10976.6 10936.6 10896.7 10861.1 10842.2 10836 10836.5 10839.9 10841.4 10849.9 10886.5 10923.9 10954.1 10985.6 11013.9 11038.3 11059.3 11074.1 11083.6 11090.6 11113.8 11171.7
11767.7 11771.7 11774.6 11777.3 11779.9 11783 11776.8 11771.8 11776.9 11783.3 11792.1 11800.6 11814.3 11829.8 11844 11862.3 11880.1 11897.8 11916.5 11934.7 11955.8 11980.4 12000.8 12016.7 12025.6 12026.6 12017 12003.3 11978.3 11907.6 11807.9 11705 11600.8 11495.9 11408.6 11331.7 11273.8 11223.9 11179.6 11148.3 11114.6 11078.4 11041.4 11003.7 10968.1 10928.7 10888.4 10848.4 10813.4 10797.9 10795.8 10800.4 10807.4 10812.5 10820.2 10845 10872.7 10913.4 10946.5 10973.2 10995.9 11015.7 11031.9 11046.4 11061.7 11095.4 11154.7
11764.8 11768.2 11770.7 11772.8 11774.3 11775.6 11776.1 11779.1 11780 11783.4 11791.5 11802.8 11820.6 11839.9 11858.5 11881.5 11901.1 11922.9 11944.9 11965.4 11984.7 12002.9 12016.9 12026.6 12030.7 12028.5 12012.7 11992.7 11971.5 11872.9 11743.9 11624.6 11509.8 11399.1 11318.1 11259.3 11209.5 11165 11134.1 11098.6 11063.6 11030.8 10997.3 10961.3 10924.4 10887.3 10849.4 10812.5 10781.3 10768.1 10768.2 10774.7 10784.8 10796.7 10816.2 10833.5 10860.7 10891.2 10918.2 10941.6 10962.6 10981.9 11000.7 11020.4 11041.8 11064.3 11131.8
11761.4 11764.5 11767 11768.3 11768.2 11766.6 11770.9 11781.3 11778.8 11780.5 11786 11803.1 11826 11849.4 11871.7 11898.9 11923 11948 11969.4 11993.1 12012 12022.3 12029.1 12031.8 12031.1 12027 12011.4 11971.9 11888.2 11773.2 11654.4 11537.7 11425 11319.9 11246 11198.6 11152.5 11110.3 11085.5 11053 11020.6 10989.5 10956.6 10923.2 10887.5 10853.6 10819.7 10787.5 10761.4 10750.7 10750.9 10757.5 10768.6 10781.1 10799.6 10827 10857.7 10877.8 10896.2 10914.7 10933.8 10953.1 10973.3 10996 11020.1 11039.4 11089.5
11759.7 11762.9 11765.3 11766.5 11766.2 11763.1 11763 11766.8 11773.7 11779.9 11788.4 11806.1 11831.9 11859.7 11886.4 11916.1 11943.1 11970.1 11991.7 12015 12029 12035.3 12035 12029.4 12021.6 12012 11998.2 11948.8 11803.2 11661.7 11556.4 11449.6 11346.7 11254.2 11188.3 11146 11099 11060.2 11039.4 11009.7 10980.3 10949.9 10919.8 10888.8 10856.2 10826.1 10797.1 10772.1 10752.5 10742 10741.2 10746.8 10757.1 10771 10790.6 10815.3 10845.9 10861.1 10874.2 10889.4 10906.5 10925.3 10946 10969.7 10994.9 11021.6 11039.9
11759.3 11762.7 11766.2 11768.3 11769.6 11769.8 11770 11771.4 11778.7 11786.9 11793.4 11813.7 11841.8 11872.7 11901.3 11932.5 11961.2 11989.3 12015.4 12031.3 12042.8 12044.8 12034.1 12017.4 11997.3 11974.7 11946.3 11881.6 11728 11578.4 11464.8 11364.8 11272 11189.1 11125.5 11085.6 11046.4 11012 10995.9 10968.4 10942 10913.9 10886.8 10859.4 10830.2 10804 10779.5 10761.7 10749.2 10738.1 10736.1 10740.3 10748.1 10758.5 10775.6 10796.9 10820.3 10836.4 10851.4 10866.9 10883.1 10901 10920.3 10943.3 10970.6 10998.3 11008.5
11761 11765.1 11769.3 11773.4 11777.7 11782.7 11787.2 11788.2 11795.5 11805.9 11813.9 11830.9 11855.8 11887 11916.9 11948.6 11977.6 12006 12027.9 12049.3 12064.3 12052.2 12026.5 11994.9 11957.9 11916.7 11863.2 11784.3 11633.7 11481.5 11376.2 11285.1 11202.1 11128.6 11072.7 11032.2 10997.8 10967.3 10954.5 10929.6 10906.2 10881.6 10862.8 10838.2 10811.3 10788.2 10766.4 10749.9 10740.4 10735.4 10735.2 10738.5 10743 10748.4 10761.9 10778.6 10794.4 10810.2 10828.1 10844.6 10860.8 10877.7 10895.5 10915.8 10944.2 10973.7 10986.3
11763 11768.4 11773.5 11779.4 11786.4 11795.8 11807.4 11814.7 11825.5 11835.5 11843.7 11855 11873.4 11901.6 11930.9 11962.3 11991.3 12019 12039 12058.1 12066.7 12046.7 12010 11963.9 11909.3 11845.1 11766.3 11661.7 11528 11390.8 11294.1 11212.6 11137.6 11071 11018.5 10981.9 10951.8 10929 10908.7 10900.7 10881 10858.2 10837.1 10817.1 10795.5 10775.3 10755.9 10741.4 10736 10737.2 10741.7 10744 10745.9 10746.8 10757.5 10769.6 10779.2 10791.5 10810.6 10827.8 10842.8 10857.9 10873.4 10891.3 10918.7 10948.4 10968
11765.9 11771.9 11777.1 11784.2 11792.9 11805 11823.6 11848.3 11867.9 11866.8 11866.4 11871.7 11884.6 11915.4 11944.6 11973.9 12001.7 12027.5 12044.5 12057.7 12054.5 12032.1 11988 11929.1 11858.4 11775 11676.2 11558.4 11435.3 11312.2 11226.1 11151.9 11081.2 11016.2 10965.3 10932.3 10911.6 10895.4 10878.9 10875.5 10859.3 10838.7 10820.4 10797.4 10784.7 10766.9 10750.3 10738.3 10738.4 10746.7 10756.4 10760.3 10760.2 10760.1 10767.4 10774.9 10778.7 10785.4 10802.5 10817.3 10830 10841.9 10855.2 10872.1 10900 10927.1 10949.3
11769.2 11775.2 11781 11788.4 11798.1 11809.2 11826.7 11865.9 11896.9 11887.4 11875.1 11871.5 11892.2 11925.6 11956.4 11984.4 12009.5 12033 12047.3 12056.2 12049.3 12021.4 11966.1 11895 11810.5 11713.4 11603.7 11484.5 11369.4 11264.2 11180 11106.1 11035.7 10970.8 10915.3 10888 10875.7 10863.4 10856.2 10860.1 10843.7 10829.1 10808.5 10792.3 10776.6 10760 10749.3 10742 10749.9 10765.6 10781.2 10790.3 10789.4 10784.1 10793.7 10797.4 10796.4 10796.8 10807.1 10816.3 10824.6 10831.4 10840.3 10852.1 10873.8 10897.9 10924.2
11774.2 11779.9 11786.4 11793.4 11801.5 11811.9 11828.5 11864.7 11899.1 11894.9 11882.3 11877.1 11901.1 11935.8 11966.8 11992.5 12019.5 12038 12050.3 12053.5 12043.1 12009.6 11945.6 11864.5 11769.5 11662.6 11546.4 11426 11318.3 11231.6 11150.6 11072.7 11001.1 10936.8 10888.2 10860.9 10852 10842.1 10835.7 10837.8 10821.5 10812.5 10795.6 10783.1 10770.9 10759.4 10754.3 10755.1 10771.8 10796.1 10818.7 10835.1 10839.9 10840.8 10840.1 10836.7 10829 10821.9 10822.9 10824.7 10826.2 10826.5 10827.4 10829 10834.8 10860.6 10891.6
11778.6 11784.1 11790.9 11797.7 11805.6 11814.6 11828.7 11856.7 11888.9 11893.8 11892.2 11892.8 11915.4 11947.2 11975.9 12000.9 12026 12041.8 12052.8 12050.2 12032.6 11993.7 11928 11840.1 11737 11623.2 11501 11378.3 11273.4 11198.3 11123.7 11045.3 10974.8 10911.8 10861.3 10847.1 10838.4 10828.6 10821.9 10822.7 10808.4 10798.2 10789.4 10779.3 10770.6 10765.1 10764.8 10772.5 10800.8 10836.6 10868.9 10894.2 10903.9 10907.4 10902.2 10889.9 10872.5 10856.2 10847.4 10842.5 10837 10829.1 10819.5 10809.9 10806.6 10828.5 10856.1
11782.9 11788.1 11795.3 11802.7 11810.5 11818.4 11829.3 11847 11868.8 11890 11904.8 11916.6 11934.3 11958.2 11983.3 12006.9 12029.2 12044.1 12053.2 12048 12028.9 11987.7 11916.9 11822.9 11712.4 11592.9 11465.1 11340.6 11233.4 11159.1 11088.7 11020 10956.1 10899.4 10857.2 10843.8 10832 10820.5 10811.3 10808.2 10802 10793.6 10786.3 10779.6 10774.8 10773.2 10778.1 10794.3 10836.6 10885.3 10930.8 10967.1 10980.7 10984.2 10976.4 10954.7 10924.6 10893.2 10875.8 10869.1 10857.9 10841.9 10822.1 10802.6 10794.4 10806.4 10824.8
11786.7 11793.4 11801.4 11809.2 11817.4 11824.9 11832.8 11845.8 11869.7 11896.9 11918.8 11938.3 11951.2 11966.6 11987.9 12009.5 12030.2 12044.9 12053.1 12048.4 12029.3 11986.8 11912.3 11812.1 11695.9 11569.6 11438.5 11312.5 11206.6 11126.4 11061.6 10997 10942.2 10897.3 10864.6 10844.2 10830.7 10815.2 10804.1 10804.9 10797.5 10791.5 10786.3 10783.5 10782.8 10786 10795.8 10820.8 10877.4 10940.9 11002.3 11054.9 11079.5 11082.2 11064.2 11030.4 10987.7 10940.4 10917.1 10907.8 10890.5 10866 10837.1 10809.1 10792.1 10793.8 10801.4
11789.8 11797.7 11807.5 11815.5 11825.6 11835.2 11845 11858.8 11888.3 11910.9 11928.2 11945.9 11956.5 11969.5 11988.6 12008.1 12028.4 12043.2 12051.1 12049 12031.7 11990.9 11914.6 11807.8 11684.7 11552.1 11416 11285.1 11171.4 11090.5 11027.5 10973.2 10928.2 10893.1 10865.9 10845.8 10829.6 10814.1 10802.6 10798.3 10796.2 10792.8 10790 10791.3 10794.6 10804.3 10821.1 10855.4 10923 10998.4 11076.2 11150.2 11201.5 11195.1 11157.4 11112.1 11063.1 11013.2 10981 10961.5 10934.1 10901 10861.7 10823.8 10800 10790.1 10787
11793.7 11802.3 11813.1 11822.3 11834.4 11848.7 11864.1 11882.5 11903.3 11918 11928.4 11937.4 11947 11962.8 11983.6 12003.4 12023.4 12039.1 12047.8 12048.2 12034.2 11999.3 11920.7 11807.9 11677.4 11539 11397.5 11259.6 11137.5 11054 10997.5 10947.9 10911.4 10885 10862.8 10845.1 10827.1 10810.8 10799.3 10792.3 10793.7 10793.2 10794.1 10799.7 10809.3 10826.1 10853 10899.1 10967.6 11049.7 11139.1 11231.2 11299.4 11285.8 11237.1 11187.1 11140.3 11098.1 11060.8 11024.3 10983.9 10943 10904.1 10854.9 10813.7 10791.5 10779.4
11798.4 11807.6 11818.3 11829.9 11843.3 11859.6 11879.4 11902.5 11911.6 11916.7 11921.3 11926.8 11935.6 11950.9 11974.7 11994.6 12016.5 12032.8 12042 12043.3 12032.2 12000.7 11924.3 11807.5 11672.5 11530.2 11384.3 11241.1 11112.7 11021.8 10960.9 10920.3 10893 10870.6 10852.7 10838.1 10819.4 10802.8 10793.4 10788.2 10789.9 10792.5 10797.6 10807.7 10822.8 10844.9 10877.5 10930.2 11002.3 11086 11177.6 11275.8 11359.9 11333.3 11286.4 11242 11203.5 11170.6 11134.5 11082.9 11028.8 10978.1 10929.4 10876.6 10826 10793.6 10775.4
11801.8 11811.4 11822.5 11834.4 11848.2 11865 11883.6 11901 11906.8 11906.4 11908 11913 11920.9 11938.7 11963.7 11985.1 12006.4 12022.2 12033.3 12034.6 12023.7 11993.8 11919.9 11803.8 11668.7 11524.1 11377.1 11231.9 11099.4 11000.6 10935.2 10897.8 10878.4 10863.3 10841.4 10821.7 10804.1 10791.3 10784.6 10782.2 10784.7 10790.4 10800.4 10815 10834.6 10860.8 10895.3 10951.8 11024.8 11104.8 11187.2 11266.7 11320.4 11325.2 11300.4 11270.1 11242 11217.5 11186.1 11123.8 11058.5 11000.2 10945.9 10876.7 10825.1 10792.6 10773
11805.8 11814.9 11825 11836.1 11848.8 11863.1 11879 11892.8 11893.2 11886.4 11889.2 11897.8 11908.6 11925.7 11950.8 11973.5 11993.8 12009.9 12020.3 12020.3 12009.5 11977.6 11909 11798.1 11664 11521.1 11374.9 11232.2 11101.1 10997.2 10926.6 10886.1 10868.4 10856.4 10828.5 10802.7 10786 10776.5 10773.8 10774.4 10780 10788 10801.7 10821.4 10844.6 10874.9 10913.2 10969.8 11038.7 11110.8 11179.5 11234.9 11271.2 11293.8 11290.4 11273.9 11253.6 11233.1 11203.8 11137.9 11065.1 10998.8 10941.1 10859.7 10817.2 10790.6 10772.3
11806.3 11814.7 11823.9 11834 11844.2 11855.9 11867.8 11877.6 11874.6 11862.4 11871.4 11882.6 11891.3 11912.8 11938.8 11961.8 11982 11996.9 12005.3 12004.3 11991.1 11963.7 11904.4 11789.1 11657.4 11518.4 11378.5 11239.9 11113 11007.3 10928.3 10880.8 10860 10845.9 10814.2 10786.4 10768.2 10762.7 10763.1 10766.4 10772.9 10782.6 10799.1 10823.3 10853.4 10888.3 10925.7 10983.3 11046.6 11110.7 11169.2 11213 11244.9 11266.7 11270.6 11260.5 11242.8 11219.8 11188.5 11123.7 11050.1 10975.9 10904.1 10849.7 10816.1 10792.9 10775.5
11806.6 11814.1 11822.3 11830.6 11838.9 11846.6 11854.7 11858.9 11858 11855.4 11862.8 11873.9 11882.4 11904.7 11930.3 11952.7 11971.4 11984.5 11990.2 11985.2 11966.9 11932.3 11872.3 11767 11646.9 11518.3 11385.9 11252.5 11127.3 11016.4 10934.1 10878.8 10850.4 10829.3 10800.2 10771.8 10754.8 10753 10754.3 10757.4 10764.4 10777.2 10795.2 10822.6 10857.9 10901.8 10945.8 10994.3 11049.3 11106.4 11160.2 11203.2 11231.7 11245.6 11246.3 11235.8 11216.1 11187.3 11144.6 11090 11025.3 10954.5 10891.4 10851.1 10823.3 10801 10783.4
11807.7 11813.8 11820.4 11826.9 11833.5 11838.5 11842.9 11844.4 11845.6 11849.4 11860 11874.3 11888.2 11906.5 11927.9 11947.6 11964.5 11974.4 11977.1 11967.3 11942.2 11895.6 11823.1 11740.8 11638.5 11521.7 11398 11271.4 11147.7 11034.1 10944.2 10876.7 10842.9 10818.3 10791.1 10766.4 10751.1 10748.4 10748.5 10751.4 10757.3 10769.8 10786.8 10814 10851.8 10904.2 10958.3 10993.6 11041.9 11095.9 11148.4 11191.3 11215.7 11222.9 11219.6 11206.2 11183.5 11151.5 11107.1 11057.3 11001.7 10940.8 10892.7 10865.9 10836.3 10813.6 10796.4
11808.8 11814.5 11819.4 11824.3 11828.9 11832.4 11834.3 11834 11836.3 11845.9 11862 11879.9 11895.4 11912.5 11930.1 11946.8 11961.2 11968.5 11968.8 11955.1 11926.3 11876.8 11806.4 11730.6 11639.7 11533 11416.1 11295.5 11177.5 11067 10964.4 10882.3 10840.2 10813.5 10788.5 10767.7 10754.6 10748.8 10746.6 10747.6 10751.4 10760.6 10773.3 10794.1 10826.8 10876.2 10927.2 10967.8 11020.1 11077.3 11130.1 11170.4 11192.3 11196.3 11188.1 11171 11147.2 11116.2 11076.4 11031.6 10982 10932.1 10899.4 10877.3 10847.4 10826.6 10812.3
