real_craters/C112-1000m.grd
DSAA
41 41
-20.13 20.13
-20.13 20.13
10692.371986591 12152.024339065
11679.1 11677.9 11677.1 11676.2 11677.8 11678.4 11676.1 11668.7 11658.7 11652.5 11657.5 11656.5 11653.3 11651.5 11658.8 11665.4 11672 11680.4 11659.6 11633.1 11625.1 11638.4 11643.2 11637.1 11631.7 11624.9 11614.8 11605.5 11601.4 11593.3 11582.4 11578.7 11573.4 11575 11583.8 11584.9 11576.4 11561.2 11542.8 11523.1 11502.8 
11684.4 11680.5 11677.7 11676.3 11676.4 11674.8 11683.3 11676.9 11672.9 11675.7 11672.9 11668.2 11665.6 11672.9 11677 11680.1 11683 11683.2 11670.9 11653.4 11644.4 11647.4 11655.3 11658.9 11648 11641 11629.7 11606.3 11593.4 11586.5 11587 11582.2 11576.7 11575.4 11582.3 11581.8 11572.3 11559.4 11543.2 11525.7 11507.5 
11689.6 11684.6 11680.1 11674.8 11669.1 11665.3 11666.6 11673.1 11679.7 11685.9 11682.5 11674.8 11667 11683.8 11689.1 11691.5 11692.7 11687.3 11681.6 11670.4 11667.2 11668.3 11665.1 11662.5 11658.7 11655.2 11649.8 11636.5 11617.9 11617.4 11623.9 11611.7 11599.4 11592.5 11590.7 11591 11573.4 11558.9 11543.7 11528.5 11512.4 
11697.4 11689.9 11680 11669.3 11660.3 11658.2 11664.3 11672.9 11679.9 11686 11685.6 11687 11676.8 11688.2 11696.4 11700.5 11703.9 11702.4 11697.2 11687.6 11675.4 11677.1 11676.3 11673.1 11667.5 11661.1 11669.6 11651.8 11649.1 11633.4 11639.6 11638 11621.1 11607.8 11602.7 11594.8 11575.9 11560.4 11545.8 11531.4 11517.3 
11713.3 11697.5 11685.9 11674.9 11663.2 11677.4 11694.9 11684.2 11678.8 11678.3 11678 11682 11698 11705.9 11709.8 11711.7 11717 11718.8 11719.7 11715.5 11706.7 11706.8 11693.5 11683.3 11675.5 11671.1 11674.9 11675.8 11655.6 11642.7 11637.8 11642.8 11629.3 11610.4 11597.9 11589.7 11572.6 11557.8 11543.8 11531.2 11518.9 
11703.6 11699.5 11692.1 11685.5 11682.6 11684.7 11698.4 11684.3 11679.1 11670.9 11669.1 11682.9 11716.1 11731.6 11734.2 11735.5 11735.5 11741.5 11751.8 11762.9 11765.9 11750.2 11722.7 11701.4 11688.3 11679.9 11683.8 11678.7 11660.6 11646.6 11643.7 11646.6 11636.1 11618.6 11598.7 11583.2 11563.6 11546.3 11533.3 11520.7 11512.4 
11707.2 11701.8 11698.9 11698.3 11701.4 11702.3 11709.7 11693.5 11693.1 11689.8 11691.6 11711.6 11729.2 11760.7 11779.3 11769.3 11753.5 11767.7 11804.2 11827.1 11848.2 11818.1 11754.8 11723.8 11708.8 11718 11703.6 11673.3 11652.9 11651.8 11648.6 11651.3 11643 11632.7 11614 11575.1 11551.4 11532.6 11523.6 11513.9 11506 
11703.7 11702.4 11702.4 11705.2 11709.7 11710.5 11710.2 11710.8 11720.5 11736.2 11761.7 11768.2 11782.7 11798 11808.1 11817.7 11809.7 11833.9 11870.2 11892.4 11872.7 11826 11786.7 11755.7 11745.7 11741.9 11719.1 11704.1 11690.5 11669.3 11662.4 11654.3 11642.2 11632.2 11626.4 11566.9 11538.1 11523.3 11514.4 11503.6 11496.8 
11700.7 11700.9 11702 11704.6 11707.9 11714.7 11718.1 11724.5 11742.7 11772.3 11805.5 11818.4 11834.8 11839.4 11805.6 11877.7 11970.9 11956.7 11945.9 11964.1 12043.5 11935.9 11810.9 11793.8 11762 11722.4 11719.7 11707.8 11699.3 11690.7 11674.7 11653.7 11635.9 11611.3 11566.4 11528 11512.9 11509.9 11507.2 11501.7 11493.1 
11703.2 11699.7 11702 11704 11708.3 11719.3 11730.5 11738.6 11757.9 11781.7 11808.2 11825.8 11861.3 11882.7 11889.2 11928.5 12011.8 11989.8 11954.6 11952.8 11938.5 11966.1 11903.8 11888.5 11849.6 11813.9 11751.2 11709.4 11705.4 11654.5 11642.5 11642.7 11634 11607.9 11570.9 11516.6 11517.5 11514.7 11508.8 11500.4 11495.6 
11701 11698.7 11704.3 11710.9 11710.7 11732.7 11751.6 11760.6 11774.3 11781 11790.6 11802.8 11822.6 11919.9 11879.2 11913.1 11949.3 11905.4 11870.4 11892.8 11995.9 12006.1 11978.6 11956 11999.7 11850.5 11794 11723.8 11691.4 11664.3 11649.6 11654.9 11645.9 11621.9 11596.8 11573.8 11544.1 11529.5 11524.3 11516.2 11507.2 
11706.5 11704.9 11715.4 11732.7 11747.9 11756.5 11772.7 11803.1 11796 11785.4 11781.7 11797.9 11823.8 11875.9 11950 11947.7 11916.3 11766.8 11689.6 11666.6 11707.8 11728.3 11772.3 11839.2 11947.1 11971.2 11871 11778.1 11731.6 11735.6 11720.2 11701.7 11683.9 11648.4 11597.8 11553.4 11550.2 11541.7 11534.5 11526.9 11522 
11712.6 11712.2 11725.8 11745.4 11764.6 11775.5 11796.5 11816 11807.9 11791.2 11784.2 11819.4 11895.6 11956 12006.5 11904.1 11666.6 11556 11442.9 11347.6 11291.6 11285.8 11395.2 11557.8 11751.9 11896.8 11892.1 11773.1 11801.7 11894.8 11868.1 11805.8 11770.3 11701.5 11617.4 11572.5 11576.5 11560.2 11552.7 11545.9 11541.2 
11719.4 11713.8 11730.7 11748.6 11763.8 11777.6 11794.4 11805.4 11803.8 11803.7 11810.6 11867 11992.3 12022.3 11928.2 11744.8 11487.1 11334.6 11204 11083.1 11008.1 10987.6 11119.7 11248.2 11357.7 11545.6 11617.7 11576.1 11738.4 11841.3 11889.1 11972.7 11885.3 11771.7 11663.1 11586.7 11581 11570.7 11567.9 11562.4 11563.7 
11731.6 11728.9 11737.2 11743.5 11756.3 11770.3 11780.5 11773.5 11790.6 11830.4 11881.8 11945.9 12018.6 12002.1 11808.4 11496 11261 11129.7 11005.7 10872.3 10820.2 10835.1 10944.5 11033.1 11077.5 11259.4 11451.9 11533.6 11550.5 11657.8 11817.4 11966.6 11958 11845.8 11719.5 11615.4 11592.5 11576.9 11579.1 11581.3 11584.7 
11745.2 11750.3 11744.5 11737.4 11746.6 11760.2 11766.4 11767.9 11790.3 11872.1 11959.8 12028.6 12028.1 11955.6 11544.8 11219.9 11072.8 10978.2 10870.9 10772.1 10745.8 10789.6 10870 10922.6 11000.1 11085.8 11232.3 11580.7 11550.1 11605.7 11675.5 11910.1 11975 11893.3 11783 11671.2 11611.2 11593.5 11599.4 11599.8 11598.4 
11747.6 11747.5 11744.1 11741.4 11749.6 11763.8 11783.2 11816.4 11848.3 11918.8 12017.6 12063.4 11926.6 11652.8 11258.8 11027.1 10924.6 10870.9 10799 10739.7 10743.7 10755.9 10794.1 10850 10914.5 10994.3 11105.8 11287.1 11580.5 11556.5 11586.5 11831 11972 11930.5 11842.1 11770.6 11659.3 11633.1 11629.4 11624 11614.1 
11746.9 11741.8 11743 11748.7 11758.9 11776.4 11799.2 11855.3 11884.5 11957.7 12040.5 12031 11792.4 11402.9 11110.7 10887.4 10837.8 10815.2 10769.7 10764.1 10849.2 10866.3 10834.9 10827.7 10821.4 10915.9 10976 11143.4 11492.7 11500.6 11523.7 11784.7 11962.3 11954.1 11880.3 11791.5 11746.2 11702.3 11662.1 11632.4 11613.3 
11750.2 11747.7 11748.1 11753.8 11768.8 11789.8 11818.3 11850.9 11930.8 11981 12043 12022.2 11732 11291.6 11014.2 10873.5 10813.7 10794.7 10790.6 10855.1 11096.3 11144.2 10985.5 10907.3 10798.9 10795.3 10874.2 11030.5 11304.7 11541.6 11520 11804.8 11998.4 11968.3 11903.1 11841.1 11804 11738.3 11669.1 11627.2 11601.6 
11756.3 11754.7 11753.5 11758.4 11777.7 11803.4 11841.3 11898.1 11906.6 11950.9 12019.5 12015.7 11718.5 11231.6 10914.6 10846.5 10788.5 10786.8 10831.4 10964.4 11224.6 11303.8 11216.9 11026.4 10827.2 10762.3 10829.9 10973.1 11240.3 11518.7 11554.1 11812.8 11966.9 11952.7 11897 11856.5 11801.6 11702.6 11643.1 11611.6 11594 
11762.9 11764.5 11768.9 11773.7 11787.9 11807.8 11831.5 11850.8 11863.6 11917.9 11978.9 11944.5 11683.9 11262.6 10913.6 10802.9 10749.4 10766.2 10847.1 11003 11176.9 11234.2 11160.4 10975.4 10831.2 10775.8 10841.5 10988.1 11269.5 11619.5 11618 11870.3 11934.5 11897.6 11863 11825.1 11743.4 11621.5 11590.9 11575.3 11567 
11768.1 11770.6 11779.1 11783 11794.7 11810.9 11822.7 11826.5 11880.9 11933.9 11968.4 11919.8 11710.8 11349.9 10968.5 10803.3 10757.9 10738.6 10740 10880.7 11127.3 11119.4 11043 10913.6 10849.8 10852.9 10906.7 11043.6 11255.5 11507.1 11718.9 11840 11835.6 11833.8 11816.5 11779.1 11705.8 11576.3 11548.3 11545.1 11546.9 
11768.2 11764.7 11766.1 11780.5 11796.9 11815.6 11829.5 11847.9 11874.3 11959.7 11988.9 11969.2 11811 11435.2 11055.8 10866.8 10792.9 10741.6 10692.4 10746.8 10855.7 10927.7 10893.1 10828 10843.5 10913.1 11003.7 11092.9 11301 11508.7 11788.5 11914 11835.9 11808.6 11784.5 11753.2 11685.8 11573.4 11533.5 11530.8 11532.4 
11772.4 11764 11754.2 11775.4 11798 11820.4 11841.7 11874.6 11882.3 11978.5 12008 11993 11837.4 11544 11195.5 10971 10886.8 10813.4 10753 10728.8 10729.8 10817.8 10834.7 10816.9 10881.8 10977.4 11053.1 11185.6 11458 11663.9 11825.7 11993.5 11782.1 11768.4 11767 11748.3 11699.7 11590.8 11538.1 11525.9 11524 
11779.8 11772.8 11772.4 11784 11804 11830.3 11854.9 11879.2 11888.2 11939.2 12014.7 12053.2 11991.3 11725.5 11357.7 11065.3 10972.2 10915.6 10905 10843 10806.5 10865.4 10907 10931.1 10974 11043.2 11124.5 11319.1 11553 11754.8 11906.3 11856.5 11726.6 11747.5 11759.5 11756.8 11732 11640.7 11560.5 11535.2 11528.7 
11788.5 11780.5 11774 11778.1 11799.5 11827.1 11852.4 11874.6 11875.8 11940.9 12020.7 12088.5 12095.4 11923.7 11655.4 11287.6 11050.9 11005 11069.3 11001.4 10984.4 10988.8 11028.5 11078.1 11079.8 11144.2 11299.6 11600.5 11686.7 11803.6 11871.9 11803.2 11737.3 11743.4 11754.4 11764.1 11757.7 11673.8 11575.8 11551.9 11544.3 
11798.1 11787.2 11775.6 11776.1 11796.8 11822.5 11851.5 11883.7 11933.9 11953.3 12006 12075.9 12152 12048.6 11851.3 11483.9 11259.1 11142.3 11095.6 11094.1 11096.2 11101.1 11118.2 11181.6 11266 11431.4 11668.2 11824 11902.7 11902 11873 11825.3 11719.4 11727.8 11750.9 11761.2 11758.9 11692.4 11595.5 11574.7 11564.6 
11806.6 11791.8 11782.1 11780.2 11791.6 11812.9 11839.2 11871.6 11912.3 11938.9 11957.2 12021 12058.7 12081.8 12016 11789.3 11584 11417.2 11264.4 11215.8 11224.1 11249.2 11249 11353.3 11509.7 11784.9 11794.7 11845.6 12050.9 11949.1 11822.9 11782.8 11726 11737.5 11744.4 11749.6 11736.1 11688.8 11633.4 11598.9 11585.8 
11813.2 11794.8 11781.4 11775.9 11786.2 11802.5 11820.4 11839.5 11855.2 11899.8 11923.7 11950.1 11974.1 12010 12071.2 11970.1 11831.7 11689.9 11570.6 11456.6 11458.8 11493.8 11535.2 11724.7 11917.9 12021.4 12086.7 11970.6 12011.8 11917.4 11823.9 11740.6 11700.7 11720.8 11732.8 11737.6 11729.6 11695.2 11658.7 11627.7 11616.6 
11822.3 11807 11790.8 11775.8 11785.8 11795.6 11804.7 11812.2 11822.2 11846.1 11872.7 11885.1 11881.8 11869.2 11881.5 11921.6 11986.4 12040.3 11918.3 11885.2 11807.9 11796.2 11841.5 11975.4 12072.2 12092.4 11968.5 11866.1 11825.3 11827.1 11774.3 11723.7 11701 11703.3 11722.4 11731.1 11735.4 11745.5 11670.2 11651.1 11646 
11831.2 11811 11801.3 11798 11789.7 11790.7 11794 11796.8 11799.9 11814.8 11834.9 11847.9 11850.6 11850.8 11848.1 11851.1 11909.1 11940.5 11983.2 12041.2 11992.9 11989.8 12097.9 12053.2 11953 11878.4 11843.9 11844.9 11815.9 11789.2 11770.6 11750.4 11711.9 11702.6 11719.4 11733.6 11735.9 11709.6 11684.1 11671.8 11667.1 
11842.1 11821.2 11810.2 11795 11789.2 11788.6 11789.6 11789.1 11787.1 11793.5 11810 11822.4 11834.8 11865.5 11843.1 11809.5 11849.9 11854.8 11893.3 11916.9 11959.7 11990.1 11996.8 11966.3 11886.8 11854.7 11847.4 11806.5 11779.4 11775.6 11765.7 11742 11713 11705.9 11725.3 11746.7 11760.2 11757.6 11735 11706.6 11698.3 
11853.7 11859.7 11825.3 11800.2 11792.5 11789.3 11786.9 11786.3 11782.8 11781.4 11790.2 11803.8 11818.1 11832.6 11831.5 11807.9 11803 11837.1 11834 11845.7 11888.7 11914.5 11939.2 11890.1 11838 11841 11849 11805.1 11777.8 11776.3 11769.8 11753.6 11738.2 11732.1 11743.6 11762 11791.5 11825.6 11799.6 11744.1 11724.4 
11842.8 11830.8 11822.1 11808.1 11799.9 11796.5 11794.2 11790.5 11789.5 11787.7 11783.2 11792.6 11804.6 11816.3 11830.3 11850 11812.2 11806.7 11822.1 11835.1 11845.8 11845.3 11835.1 11835 11826.1 11867.3 11876.8 11825.2 11798.9 11791.6 11785.4 11777.1 11770.4 11742.3 11740 11764.9 11803.5 11848.1 11849.2 11786.2 11752.3 
11829.7 11811.7 11813.9 11810.7 11806.9 11806.3 11805 11804.7 11800.6 11789.5 11785.9 11793.3 11798.7 11799.6 11821.1 11840.1 11834.7 11833.1 11832.8 11839.2 11843.2 11835.9 11821.2 11829.2 11862.1 11901.2 11896.6 11860.7 11822.9 11804.8 11799.7 11801.2 11771.6 11740.8 11731.4 11757.8 11791.1 11814.1 11803.5 11796.7 11771.4 
11825.1 11812.3 11813.4 11811.7 11810.2 11813.9 11813.4 11813.4 11814.8 11815.2 11794.7 11795.8 11801.5 11814.3 11822.5 11820.6 11818.4 11836.3 11831.3 11837.6 11855.2 11875.3 11863 11869.7 11887.4 11907 11889.5 11860.4 11818.3 11805.6 11798.9 11792.1 11738.7 11735.4 11740.3 11751.7 11771.9 11786.4 11790.8 11801.3 11784.1 
11824.2 11812.3 11814.6 11820.8 11827.3 11819.4 11817.6 11818.9 11822.1 11830 11810.1 11788.9 11792.7 11811.8 11826.5 11826.9 11832.2 11834.6 11827.9 11837.9 11858.5 11882.3 11877.4 11867.5 11887.9 11887.9 11855.8 11816.9 11795.3 11797.5 11788.8 11769.5 11735.5 11725.6 11727.6 11743.8 11763.2 11782.1 11796.6 11804.8 11793.5 
11819.6 11810 11816.5 11817.9 11815.7 11820.2 11819.7 11819.6 11817.7 11809 11793.3 11780.6 11777.1 11791.2 11813.4 11826.4 11834.2 11834.5 11831.7 11837 11847.2 11857 11855.3 11851.6 11847.3 11817.6 11815.5 11809 11809.2 11796.8 11782.8 11766.3 11743 11719.5 11721.9 11736 11756.1 11781.8 11814.3 11798 11790.4 
11828.8 11823.4 11826.2 11825.8 11825.5 11825.1 11822.9 11820.6 11813.8 11800.1 11791.2 11775 11777.2 11785.3 11800 11814 11832.7 11835.7 11832.3 11825.7 11827.5 11827.4 11823.5 11817.4 11812.7 11777.2 11796.2 11812.3 11813.9 11797.1 11777.9 11754.2 11725.1 11717 11717.7 11729.2 11749.3 11769 11778.2 11785.3 11792 
11850 11848.7 11846.4 11840.9 11835.1 11832.3 11830.5 11825.1 11816.9 11805.7 11792.3 11789.5 11780.9 11780.3 11785.9 11793.3 11800.7 11809.5 11805.3 11806.5 11808.2 11804.9 11807.7 11798.6 11776.2 11772.2 11789.4 11804.9 11808.8 11798 11777 11751.4 11728 11721.2 11719.6 11727.7 11744.2 11758.3 11764.7 11785.2 11797.6 
11915.7 11889.1 11873.1 11861.4 11851.7 11847.7 11841.4 11833.4 11825.8 11818.5 11807.3 11788.9 11782.3 11782.4 11780.3 11786 11777.1 11781.3 11790.8 11792.7 11790.9 11791.6 11803.9 11795.6 11775 11778.9 11785.4 11797.5 11807.6 11798.5 11779.5 11757.4 11738.9 11733.8 11725.5 11732.2 11744.6 11758 11773.4 11791.4 11800.4 
