real_craters/C112-500m.grd
DSAA
142 142
-35.2275 35.2275
-35.2275 35.2275
10687.284577754 12190.901711624
[rows 0 to 29 of 142, columns 67 to 133 of 142]
11651.6 11638.7 11633.9 11636.9 11647 11655.7 11657.2 11651.5 11644.2 11633.7 11620.5 11612.3 11600.1 11584.6 11558.5 11545.7 11530.9 11523.3 11518.7 11518.1 11506.8 11504.7 11505.3 11506.2 11505.1 11505 11505.3 11503.4 11504 11502.4 11499.9 11498.2 11498.3 11500 11499.6 11500.8 11501.8 11502.1 11502.8 11504.3 11505.7 11508.1 11510.8 11513.7 11518.9 11529.1 11527.9 11517.1 11510 11505.2 11501.2 11497 11491.6 11485.8 11483.7 11484.6 11483.3 11486.2 11485.1 11483.4 11481.3 11478.9 11476.4 11473.4 11469.9 11464.6 11460.4
11635.9 11631.7 11632.1 11632.9 11640.9 11653.6 11657.1 11653.5 11655.1 11656.2 11648.2 11635.5 11618.7 11596.6 11567.8 11539.5 11529.4 11525.7 11522 11518.9 11509.1 11506 11506.1 11506 11504.7 11504.2 11506.8 11507.1 11506 11503.6 11497.4 11496.5 11497.2 11497.9 11498.6 11498.9 11499.4 11500 11500.5 11501.2 11502.3 11503.8 11505.6 11507.6 11510.1 11508.9 11501.6 11499.3 11500.2 11498.3 11495.3 11491.8 11488.1 11485.1 11483.7 11483.4 11484.1 11483.4 11482.3 11480.5 11478.5 11475.9 11472.8 11469.8 11466.7 11462.7 11458.7
11617.3 11614.5 11614.6 11620.9 11626.9 11632 11635.7 11644.2 11656.8 11675.9 11676.8 11654 11635.2 11617.4 11588.9 11548.6 11535.5 11532.4 11527.7 11516.8 11510.3 11507.4 11506.8 11505.8 11503.9 11503.5 11508 11514.2 11516 11514.4 11502.8 11501.1 11501.2 11500.5 11499.6 11499.1 11499.3 11499.2 11499.1 11499.3 11499.5 11499.9 11500.7 11500.8 11500.6 11497.4 11492.8 11492.3 11493.6 11492.8 11491 11488.7 11486.2 11485.1 11484 11483.2 11483.4 11483.4 11481.4 11479.4 11476.5 11473.5 11470.2 11466.7 11462.8 11458.7 11454.1
11612.2 11604.8 11603.7 11609.4 11613.1 11612.8 11615.7 11628.9 11642.9 11658.6 11664.7 11657.4 11646.7 11632.6 11610.4 11574.6 11552.3 11539.6 11528.9 11514.8 11510.1 11508.1 11508.2 11506.8 11504.1 11504.3 11513 11532.4 11548.4 11531.8 11521.3 11511.1 11505.4 11502.2 11500.5 11499.5 11497.5 11496.8 11496.5 11496 11495.4 11495.2 11494.8 11493.6 11493.1 11489.8 11486.1 11490 11489.8 11488.1 11487 11486 11484.6 11484.2 11482.4 11483.5 11484.2 11483.2 11480.4 11477.7 11474.4 11470.9 11467.2 11463.6 11459.9 11457.3 11456.8
11609.9 11605.3 11604 11605 11606 11606.1 11607.9 11614.3 11621.6 11628.2 11641 11651.3 11654.7 11647.1 11624.9 11596.3 11569.9 11549.1 11533.3 11521.5 11512.6 11510.5 11508.4 11507.6 11506.8 11506.9 11510.6 11529.4 11539.9 11532.2 11526.9 11514.4 11507 11502.5 11499.9 11498 11498.1 11497.4 11496.7 11496.3 11496.4 11496 11494.6 11492.5 11490.2 11486.7 11486.2 11489.8 11485 11483.5 11483.7 11484.6 11485.6 11486 11484.4 11486.8 11487.6 11484 11480.8 11477.3 11473.3 11469.1 11464.7 11460.6 11457.3 11455.7 11454
11614.1 11608.4 11606.8 11605.5 11604.5 11603.2 11603.3 11602.8 11603.1 11606.6 11623.8 11644.7 11661 11659.8 11641.3 11611.5 11585.3 11567.6 11551.1 11537.1 11525.6 11520.5 11512.5 11513.5 11515.3 11514.9 11518.5 11523.8 11522.8 11520.1 11511.9 11509 11504.4 11500.6 11495.9 11494.3 11493 11492.2 11492.4 11491.6 11490.6 11490.7 11488.6 11486.8 11485.5 11483.8 11482.3 11477.2 11475.9 11477.8 11480.4 11483.5 11487 11492.1 11494.8 11496.4 11493 11487.7 11481.1 11476.2 11471.2 11466.3 11461.4 11456.6 11452.1 11447.6 11441.3
11620.3 11620.3 11614.1 11609.8 11606.7 11603.6 11598.2 11596.9 11592.3 11589.8 11612 11638.5 11661.4 11666.9 11650.5 11633 11609 11597.6 11583.2 11563.7 11555.1 11543.5 11529.9 11528 11530.9 11534.6 11535.6 11528.7 11519.7 11514.8 11510.9 11504.6 11500.7 11499.6 11497.2 11495.4 11492.6 11490.9 11489.2 11487.6 11486.2 11484.6 11483 11481.5 11480.1 11479 11475.7 11465.7 11468.3 11472.7 11477.1 11482.2 11488.4 11496.7 11509 11506.5 11497.5 11490.5 11481.1 11475.2 11469.5 11464.3 11458.7 11452.9 11446.6 11437.4 11431.7
11627.8 11622.8 11617.4 11613.6 11610.7 11608.2 11605.1 11599.5 11592.1 11589.8 11606.8 11630.3 11657 11669.4 11682.2 11666.8 11649.6 11632.7 11619.2 11611.6 11596.4 11577.3 11557.8 11546.7 11539.2 11538.1 11538.4 11525.7 11515.1 11506.2 11501.9 11501.5 11499.5 11498 11496.2 11493.4 11491.2 11489.1 11487.3 11485.2 11483.2 11481.2 11479.1 11476.9 11475.2 11474 11472.7 11468.4 11466.5 11469.9 11475.2 11481.3 11488.3 11496.1 11505.1 11504.1 11497.3 11491 11481.5 11475 11468.8 11462.5 11456.6 11450.5 11444.6 11439.7 11436.6
11629.7 11618.1 11618.4 11617.1 11615.7 11614.7 11614.4 11608.3 11598.6 11595.6 11604.2 11617.7 11628.4 11648.8 11664.8 11667.2 11669.6 11653.7 11652.2 11642.5 11624.7 11609.1 11592.5 11563.2 11540.8 11532.8 11533.2 11525.8 11512.6 11502.2 11498.7 11498 11498.6 11497.6 11494.8 11492.4 11490.1 11487.7 11484.3 11481.9 11479.4 11477.1 11475 11472.4 11470.3 11467.9 11464.3 11461.4 11462.1 11466.3 11471.9 11478.2 11484.7 11490.6 11494.1 11493.4 11493.2 11489.6 11483.2 11473.9 11467.6 11461.1 11454.9 11448.8 11443.2 11438.6 11436.1
11631.2 11627.1 11622.5 11620 11618.6 11618.2 11619.1 11612.9 11603.4 11599.5 11601.6 11607.5 11613.8 11622.1 11622.5 11629.1 11641 11640.8 11643.6 11649.3 11636.2 11627.2 11606.2 11573.5 11543 11531.6 11530.5 11527.7 11516.1 11505.2 11501 11497.9 11496.6 11496.1 11495.3 11493.9 11490.5 11487.7 11485.1 11482.4 11479.5 11475.9 11472.9 11470.1 11466.7 11463.2 11459.2 11457.6 11458.4 11462.6 11468.1 11474.3 11480.5 11486.1 11491.2 11492.7 11491.6 11487.8 11478.4 11472.2 11466 11459.5 11453.4 11447.5 11441.9 11437.4 11434.3
11628.7 11629.3 11624.3 11621.2 11619.2 11617.9 11616.8 11612.6 11601.4 11597.3 11599.2 11602.3 11604.5 11606.3 11603.2 11603.5 11607.2 11616.9 11628.4 11650.5 11657.8 11641.4 11614.8 11583 11551.9 11537 11531 11528.1 11517.6 11509.3 11504.9 11499.6 11496.8 11493.3 11492.1 11489.2 11486.8 11487.7 11485.6 11482.5 11479.1 11475.4 11471.9 11467.7 11463.5 11458.7 11454.9 11453.5 11454.6 11459 11464.3 11470.3 11476.7 11483.1 11491.3 11495.4 11490.9 11486 11479.7 11469.7 11463.5 11457.6 11451.7 11446.2 11440.7 11436.2 11433.2
11627.8 11625.6 11622.7 11620.1 11617.7 11615.3 11611.6 11604.6 11598.7 11596.3 11598.2 11600.8 11603.1 11601.4 11599.5 11599.4 11602.6 11609.2 11618.8 11651.2 11673.9 11650.1 11623.8 11595.4 11566.6 11549.3 11535.8 11526.5 11517.4 11509.3 11505.8 11499.5 11496.7 11494.4 11492.6 11490.1 11487.3 11484.4 11483.1 11479.1 11475.7 11471.8 11467.7 11464 11459.9 11454 11450.1 11448.2 11452.6 11455.9 11460.4 11466 11472.4 11479.3 11488 11490.1 11489.6 11484.1 11477.1 11466.9 11461.1 11455.5 11450.2 11445.1 11440 11434.9 11432.2
11626.4 11622.7 11620.5 11618.5 11616.1 11612.8 11608.2 11603.3 11599.8 11598.7 11598.7 11599.5 11600 11600.3 11602.8 11608.3 11607.4 11609.8 11610.9 11629.7 11651.6 11648.8 11633.1 11609.5 11585.5 11567.5 11550.6 11533.1 11521 11512.9 11506.9 11500.8 11497.6 11495.1 11494 11490.4 11488.9 11485.4 11482 11478.9 11474.9 11470.7 11466.3 11461.6 11457.5 11451.3 11447.4 11448.4 11451.2 11451.8 11456.6 11462.1 11468.4 11475.4 11484.7 11492.1 11487.5 11480.7 11475.1 11465.7 11460.8 11456 11451.3 11446.6 11442 11437.5 11435.4
11626.9 11620.5 11618.9 11617.5 11615.3 11612.2 11608.5 11605.8 11604.9 11602.7 11600.2 11598.1 11597.9 11599.1 11601.9 11605.8 11607.7 11611.1 11605 11606.8 11634.5 11653 11644.1 11624.2 11603 11588.1 11573 11551.7 11534.9 11516.5 11509 11504.7 11500.7 11498.9 11495.5 11491 11488 11484.4 11482.1 11478 11473.8 11470 11465.7 11460.3 11455.5 11452.1 11444.6 11441.4 11441 11446.3 11452.3 11458.1 11464.1 11469.9 11475.7 11480.3 11478.6 11474.7 11470.5 11463 11459.4 11455.8 11452 11448.1 11444.5 11441.6 11441.1
11625.9 11620.1 11619.5 11618 11615.7 11612.7 11609.6 11608.1 11610.9 11606.2 11602.4 11598.4 11597.5 11597.4 11596.2 11594.4 11598.5 11603.8 11600.9 11592.2 11610.4 11649.5 11648 11636.5 11620.6 11605.4 11594 11579.4 11559 11525.7 11515.5 11515.3 11507.7 11505.1 11498.8 11494.7 11489.4 11487.1 11482.6 11477.7 11472.7 11467.7 11463.2 11459.3 11454.5 11451.1 11443.8 11442.5 11443 11443.9 11448.8 11454.3 11459.3 11463.3 11466.5 11469.8 11469.1 11467.4 11465.9 11460.2 11457.9 11455.4 11452.7 11449.8 11447 11444.7 11442.8
11628.3 11626.2 11622.9 11620.5 11617.6 11614.3 11610.7 11607.7 11608.2 11606 11603.6 11604.1 11600.1 11596.8 11593.4 11587.2 11589.8 11592.4 11598.5 11589.2 11609.4 11627.9 11637.6 11637.2 11624.9 11600.9 11600.8 11587.1 11575.5 11546.8 11529.4 11525.9 11515.2 11509.8 11503.8 11499.3 11495.4 11491.8 11487.6 11481.8 11477.4 11471.7 11466 11460.5 11455.1 11451.5 11444.2 11446.8 11442.7 11441.1 11446.3 11451.5 11455.4 11457.6 11458.1 11458.9 11458 11459.6 11461.2 11457.2 11456.4 11454.7 11452.7 11450.6 11448.9 11447.5 11445.6
11630 11629.6 11627 11623.8 11620.7 11617.4 11614 11609.1 11605.8 11605.4 11602.4 11596.7 11597.2 11596.5 11596 11596.3 11592.4 11582.2 11584.4 11585.6 11602.6 11613.4 11623 11626.7 11617.3 11591.1 11546.6 11580.7 11583.9 11561.1 11544.8 11535.3 11523.5 11516.9 11511.1 11506.8 11502.6 11496.7 11493 11487 11481.1 11476.3 11469.9 11463.1 11457 11453 11442.4 11440.3 11436.4 11438.6 11446.6 11451.9 11454.6 11455.3 11452.9 11449 11446.6 11453.2 11458.7 11460.6 11456.6 11455.4 11453.7 11452 11450.7 11450 11449.3
11631.1 11631.2 11629.4 11626.7 11623.9 11621.3 11619.2 11614.4 11610.4 11608.7 11603.9 11599.4 11596.9 11596.5 11597.7 11601.2 11595.5 11583.4 11575.6 11579.4 11591.9 11600.9 11608.4 11615.1 11614.9 11611.8 11609.7 11594.8 11584.1 11571.1 11558.3 11545.7 11532.7 11523.9 11519 11512.7 11509.2 11503.9 11498.9 11493.7 11488.2 11482 11476 11468.9 11462.1 11456.5 11443.2 11438.1 11437.2 11444.8 11453 11456.5 11458.2 11458 11454.8 11448.1 11442.5 11454.4 11460 11463 11461.9 11456.5 11454.8 11452.9 11451.3 11450.6 11451.1
11633.3 11632.7 11631.2 11628.7 11626.7 11625.5 11626.1 11627.8 11625.3 11614.7 11605.4 11599.2 11596.2 11595.4 11594.9 11593.4 11587.1 11577 11570.7 11571.7 11575.4 11579.8 11589.6 11603 11606.4 11613.3 11616.3 11605.2 11589.1 11576.1 11564.2 11554.3 11541.6 11533.5 11525.7 11518.9 11514.3 11508 11500.5 11493.9 11487 11481.9 11474.9 11468.6 11461.9 11458.5 11444.4 11443.1 11450.5 11466.6 11462.1 11462.1 11462.9 11463.5 11463.3 11463.4 11463.8 11468 11468.1 11466 11461.6 11458.7 11456.2 11453.6 11451.2 11448.6 11445
11632.7 11632.8 11631.8 11629.8 11628.1 11627.4 11629.5 11632.9 11630.4 11617 11604.8 11596.1 11594 11592.1 11590.1 11586.4 11578.9 11570.1 11570.5 11568.7 11569.6 11568 11570.6 11573.5 11587.9 11594.9 11604 11612.6 11612.9 11587.8 11566.3 11561.1 11551.8 11546.1 11539 11530.9 11523.5 11516.1 11510.2 11504.8 11495.7 11487 11481.1 11473.3 11466.6 11463.4 11455.4 11448.2 11452.7 11462 11465 11466.4 11467.7 11469.8 11473.6 11481.5 11492.4 11483.8 11476 11469.5 11464.2 11458.9 11455 11452.1 11449.6 11446.6 11442.7
11629.7 11631.5 11631.4 11629 11627 11626.5 11626.8 11626.7 11621.6 11615.4 11604.6 11596.7 11592.8 11589.6 11586.3 11581.7 11576.1 11567.8 11566.5 11563.6 11561.7 11558.4 11561.8 11565.4 11578.9 11587.5 11598.2 11613.7 11626.3 11600.9 11571.6 11568.6 11562.7 11556.9 11549.7 11544.3 11536 11527.8 11519.7 11511 11504.2 11496.2 11488.3 11480.7 11473.7 11468.8 11462.2 11452.9 11452.6 11457.5 11466.7 11470 11471.5 11473.9 11479.3 11490 11499 11492.1 11479 11469.6 11464.4 11458.2 11454.7 11451.7 11448.9 11446.5 11444.1
11628 11629.3 11628.5 11625.7 11623.5 11622.7 11621.7 11620.6 11624.3 11614.8 11603.8 11596.6 11592.5 11588.4 11583 11576.5 11566.4 11559.4 11557.6 11557.2 11555.7 11553.3 11563.9 11576.6 11578.8 11586.2 11590.7 11597 11613.2 11610.2 11586.3 11582.5 11583.2 11570.9 11561.5 11552.1 11543.9 11535 11523.6 11515.3 11506.6 11497.1 11490.1 11482.7 11476.5 11473.6 11469.6 11461.7 11463.9 11472.9 11475.8 11473.8 11472.7 11473.9 11477.7 11484.7 11495.4 11486.4 11474.4 11465.4 11460.2 11457.3 11454.2 11451.6 11449.1 11446.1 11444.8
11630.6 11626.3 11623.1 11620.2 11619.1 11618.6 11617.6 11616 11616.2 11612.1 11606 11600 11594.4 11588.4 11582.4 11575.5 11566.7 11559.7 11554 11552.5 11550.2 11547.7 11563 11574.9 11574.3 11576.5 11580.5 11579.1 11589 11610.6 11607.7 11601.7 11597.6 11582.6 11572.7 11562.7 11552.7 11542 11531.5 11522 11510.2 11501.6 11492.8 11485.7 11479.8 11478 11475.8 11471.9 11489 11495.5 11483 11473.2 11469.8 11469.2 11469.8 11470.3 11467.4 11464.3 11462.3 11459.2 11456.4 11454.9 11453.1 11451.1 11449.1 11447.2 11445.3
11630.9 11622 11614.9 11614.4 11615 11615.6 11616 11614.9 11609.6 11611.3 11613.9 11605.8 11596.5 11588.5 11581.6 11576.6 11576.1 11568 11556.2 11550.8 11548.1 11547.9 11561.5 11569.6 11565 11563.9 11579.5 11588.6 11599.5 11614.8 11616.6 11614.8 11610.7 11594.4 11583.3 11572.2 11560 11547.8 11537 11526.7 11517.5 11509.2 11501.1 11493.9 11486.9 11482.4 11479.1 11472.3 11479.3 11474.4 11466.6 11464.7 11463.3 11462.2 11460.6 11456.9 11450.3 11447.2 11451 11452.9 11454.6 11453.8 11453.7 11452.5 11451.1 11449.2 11447
11627.3 11619.6 11612.8 11611.8 11612.2 11612.6 11613.9 11616.2 11616.7 11617.9 11613.5 11606.1 11597.3 11588.6 11580.7 11573.8 11567.9 11563.5 11554.9 11551.3 11547.4 11549.6 11552.1 11556.9 11557.6 11565.2 11588.8 11620.7 11623.6 11614 11620.9 11623.4 11620.2 11603.8 11590.9 11578.1 11566 11554.9 11543.3 11534 11525.4 11515.7 11506.7 11497.5 11490.6 11483.4 11477.8 11465 11463 11454.6 11452.1 11455.6 11456.3 11455.3 11452.9 11448.6 11443.4 11441.1 11445 11449.4 11452.1 11453.1 11454.2 11455.5 11455.2 11453.9 11451.3
11624.4 11619.4 11614.4 11612.4 11611.4 11609.7 11608.8 11611.8 11621.8 11622.6 11610.9 11605.1 11598 11589.7 11580.5 11571.3 11563 11568.6 11568.8 11561.7 11553.2 11548 11547.3 11550.3 11551.7 11561.6 11589 11622.2 11625.8 11616.2 11624.3 11628.7 11627.3 11610.4 11596.7 11583.4 11571.3 11559.5 11550.1 11539.2 11528.9 11519.5 11510.3 11500.9 11492.7 11482.8 11475.1 11458.2 11452.9 11448.3 11450.9 11451.2 11451.3 11450.3 11448 11444.7 11441.8 11440.4 11443.7 11447.5 11451 11452.5 11455.4 11458.1 11459.4 11459.6 11458.4
11625.3 11621.5 11619 11616.6 11613 11609.4 11603.6 11603.6 11604 11599.5 11604.1 11604.3 11600.5 11593.1 11585 11575.5 11569.6 11581.8 11587.1 11576 11559.4 11552.6 11554.8 11554.2 11553 11560.7 11579.3 11592.5 11607.3 11619 11625.5 11635 11628.7 11612.3 11599.8 11588.5 11577.4 11566.4 11556.1 11545.3 11535.9 11524.8 11514.8 11504.8 11494.8 11484.9 11474.9 11463.7 11451.3 11449.1 11447.8 11449.2 11448.7 11447.3 11445.4 11443.1 11442 11442.5 11443.4 11447.2 11451.4 11456 11459.9 11462.4 11465.5 11467.9 11469.1
11627.5 11623.5 11621.3 11618.6 11615.8 11615.1 11611.7 11609.3 11605 11599.4 11606.6 11607.7 11604.6 11599.4 11592.3 11584.5 11578.5 11583.9 11590.8 11588.2 11574.4 11562.8 11562.7 11564.8 11566.9 11570 11575.6 11580 11589.3 11595.9 11608.5 11617.7 11620.4 11608.9 11598.5 11588.4 11578 11568.4 11558.8 11548.6 11539.8 11529.7 11519.9 11512.5 11501.7 11489.7 11476.8 11465.5 11451.9 11448.8 11452 11450.5 11448.9 11447.2 11445 11442.6 11440.8 11440.9 11442 11446.9 11452.5 11457.9 11462.3 11467.6 11472.5 11477.2 11482.2
11632.1 11624.8 11617.7 11613.7 11616.9 11624.3 11633.5 11628.2 11624 11626.6 11620.6 11615.5 11610.9 11606.7 11602.2 11598.4 11591.9 11588.2 11592.5 11595.7 11586.8 11571.8 11568.6 11576.5 11589 11583.6 11577.4 11578.3 11579.7 11584.7 11593.8 11604.5 11608.1 11600.7 11594.2 11586.4 11578.2 11568.9 11561.1 11551.4 11541.3 11530.6 11520.1 11508.5 11498 11488 11475.1 11465.5 11454.7 11454 11453.1 11452 11450.1 11448.2 11445.8 11443 11439.5 11436.1 11439.5 11447.8 11454.6 11461 11466 11471.9 11477.9 11484.9 11492.5
11640.4 11628.6 11615.7 11607.5 11618.7 11630.2 11639 11638.6 11635.8 11634.2 11628.8 11623.4 11619.2 11615.6 11612 11609.7 11603.8 11600 11601.9 11605.8 11595.8 11581.3 11577.2 11583.5 11587.3 11583.9 11578 11573.9 11574.6 11575.9 11581.3 11587.8 11595.2 11601 11590.1 11583.4 11576.9 11568.2 11560 11550.2 11540.6 11530.6 11518.8 11508.1 11498 11488 11475.3 11467.2 11456.8 11456.8 11456.4 11454.3 11452.4 11450.8 11448.9 11446.5 11442.4 11437.3 11443.3 11452.9 11459.3 11464.8 11470.3 11475.3 11480.9 11487.3 11494.8
