real_craters/C112-300m.grd
DSAA
236 236
-35.2275 35.2275
-35.2275 35.2275
10689.131652295 12205.045495818
[rows 150 to 179 of 236, columns 0 to 66 of 236]
11957.5 11943.5 11932.6 11930.2 11931.4 11934.9 11935.7 11935.4 11933.8 11934.5 11934.9 11934.9 11934.7 11932.8 11929.2 11926.4 11924.6 11923.3 11922.4 11922.3 11922.2 11922.9 11923.2 11923.9 11924.4 11925 11926.2 11927.1 11928.7 11930.1 11934.8 11935.5 11934.8 11931.3 11925.8 11920.5 11913.6 11907.3 11901 11894.6 11888.2 11882.1 11875.6 11869.6 11863.7 11858.1 11852.3 11847.1 11841.2 11836.1 11830.4 11825.1 11819.9 11814.7 11810.6 11807.2 11802.6 11799.4 11795.8 11792 11790.2 11789.3 11788.5 11788.6 11789.1 11790.5 11791.9
11960.9 11946.6 11934.8 11930.2 11929.1 11930 11932.4 11933.2 11928.2 11932.1 11934 11934.8 11934.5 11933.1 11930.9 11928.8 11927.7 11926.7 11925.7 11925.2 11925 11925.2 11925.3 11925.7 11926.5 11926.7 11927.4 11927.6 11927.8 11928.2 11931.7 11930.6 11928.9 11926.5 11922.3 11917.7 11912.5 11907.1 11901.4 11895.6 11889.6 11883.3 11877.4 11871.8 11866 11860.7 11855 11849.8 11844.2 11838.7 11832.9 11827 11821.5 11815.2 11809.3 11804.5 11802.4 11801.3 11799 11796.7 11796.8 11794.9 11791.5 11790.1 11789.7 11790.4 11791.2
11965.5 11951.1 11939 11932 11928.2 11927 11930.2 11932.1 11932.7 11933.8 11934.4 11934.5 11934.2 11932.8 11931.3 11930.1 11929.5 11928.5 11927.6 11927.3 11927 11927 11926.9 11927.5 11927.4 11927.2 11927.7 11927.2 11926.6 11926.4 11928.1 11926.3 11923.9 11922.3 11918.9 11915.1 11910.9 11906 11900.9 11895.6 11890.1 11884.2 11878.6 11873.3 11867.7 11862.8 11857.3 11852.1 11846.6 11841 11835.4 11829.4 11823.5 11816.5 11809.6 11805.1 11803.3 11803.2 11801.4 11799 11797.9 11795.8 11792.5 11790.8 11789.8 11790.1 11790.2
11970.8 11956.2 11943.5 11935.4 11930.7 11928.6 11931.6 11934.7 11937.5 11937.2 11935.4 11934.1 11933.1 11932.1 11931.5 11930.7 11930.8 11930.4 11930 11929.8 11929.7 11929.8 11929.7 11929.5 11929.7 11929.1 11928.3 11927.5 11926.1 11924.7 11924.9 11922.7 11920.9 11919.2 11916.4 11913.3 11909.8 11905.7 11901.1 11895.8 11890.5 11885.1 11880.2 11874.7 11869.7 11864.4 11859.5 11854.3 11849.1 11843.8 11838.7 11832.7 11826.6 11819.3 11812 11807.5 11805.8 11805.5 11803.3 11800.1 11797.1 11794.4 11792 11790.4 11789.3 11789.5 11789.4
11976.2 11961.8 11948.8 11940.3 11936.6 11935.4 11936.1 11937.9 11940.8 11939.4 11935.9 11933.2 11931.1 11930.9 11931.2 11931.5 11932.2 11932.5 11932.9 11933 11933 11932.8 11933.2 11932.8 11932.6 11931.7 11930.4 11928.5 11926.3 11923.9 11923.2 11919.2 11917.6 11917.2 11915.2 11912.3 11909.3 11905.5 11901.2 11896.4 11891.6 11886.4 11881.5 11876.5 11871.4 11866.3 11861.3 11856.6 11851.9 11847 11842.1 11837 11830.9 11823.8 11817.2 11812.7 11810 11808.8 11805.5 11801.2 11796.7 11792.8 11791.5 11790 11789.1 11788.4 11789.1
11982 11968.2 11955.1 11946.1 11943.6 11942.3 11941.7 11941.9 11941.3 11939 11935.9 11932.5 11930 11930.4 11931.6 11932.6 11934.1 11934.8 11935.1 11936.2 11936.3 11936.1 11935.8 11935.4 11935.1 11933.7 11932.3 11930.3 11927.8 11924.7 11923.6 11919.3 11917.9 11917.4 11915.4 11912.5 11909.6 11905.9 11902.1 11897.5 11892.7 11887.5 11882.9 11877.8 11872.6 11867.6 11863 11858.4 11854.5 11850.2 11845.9 11841.7 11836.5 11830 11822.6 11818.7 11815.6 11813 11808.4 11803.2 11797.9 11793.7 11791.9 11790.4 11789.1 11788.5 11788.2
11989.2 11976.3 11964.2 11955.4 11951 11948.5 11947.4 11947.3 11944.6 11940.4 11937.4 11932.9 11929.9 11931.1 11933.1 11934.5 11935.8 11937.1 11937.5 11938.1 11938.8 11938.5 11938.4 11938 11937.4 11936.5 11935.2 11933.4 11930.9 11930.2 11926.2 11921.5 11920.3 11919.6 11917.1 11914.2 11911.2 11907.5 11903.4 11899.1 11894.3 11889.3 11884.4 11879.3 11874.3 11869.4 11864.8 11860.6 11856.5 11852.8 11849.5 11846.9 11843.5 11838.8 11832.6 11827.6 11822.5 11818 11811.9 11805.7 11800.1 11796 11792.9 11791.1 11790.2 11789.6 11788.4
11998.3 11985.5 11973.9 11965.8 11959.5 11955.3 11952.3 11951 11949.2 11946.3 11942 11935.8 11932.5 11933.8 11935.8 11937.3 11938.7 11940.3 11940.8 11941.5 11942 11942.2 11941.9 11941.7 11941.1 11940.4 11939.4 11937.9 11935.9 11936.3 11931.3 11926.4 11925.4 11922.8 11920.7 11917.2 11914 11910.1 11905.7 11901 11896.2 11891.2 11886.1 11881.1 11876.1 11871.4 11866.7 11862.3 11858.6 11855.2 11852.8 11851.2 11850.6 11849.5 11845.1 11838.1 11831.1 11823 11815.4 11808.3 11801.9 11796.7 11793.6 11792.1 11791.2 11790.7 11789.9
12009.3 11996 11983.2 11972 11966.8 11961.5 11956.6 11952.5 11951.2 11954.4 11948.7 11941.9 11938.3 11938.2 11939.6 11940.7 11942 11943 11943.9 11944.5 11945 11945.4 11945.4 11945.4 11945.2 11944.7 11944.1 11943.3 11942.2 11944 11940.1 11935.8 11933.2 11928.8 11925.4 11920.8 11916.6 11912.4 11907.6 11902.7 11897.5 11892.3 11887.1 11881.9 11877.1 11872 11867.5 11862.9 11859.2 11856.1 11854.2 11853.4 11854.9 11858.4 11860.2 11846.2 11836.1 11826.5 11818 11810.4 11803.4 11796.9 11794.1 11793.3 11792.7 11792.3 11791.1
12020.9 12007.4 11993.6 11981 11974.2 11968.5 11962.3 11955.6 11952.4 11959 11954 11951.5 11946.9 11944 11943.9 11944.5 11945.6 11946.5 11947.4 11948.3 11948.7 11949 11949.3 11949.2 11949.3 11949.1 11949 11948.9 11949 11952.7 11950.8 11947.6 11942.4 11935.8 11930.5 11924.7 11919.6 11914.4 11909.4 11904.1 11898.7 11893.3 11887.9 11882.5 11877.2 11872.1 11867 11862.5 11858.6 11855.3 11853.2 11852.3 11853.3 11856.4 11857.2 11845.5 11836.5 11827.4 11819.3 11812 11805.5 11799.6 11796.6 11795.3 11794.7 11793.9 11793.3
12033.5 12020.5 12006.6 11991.2 11983.9 11978.6 11971.5 11963.1 11955.7 11957.9 11955.1 11950.2 11949.2 11948.6 11948.7 11949.1 11949.8 11950.4 11951.3 11951.8 11952.5 11952.9 11953.1 11953.3 11953.5 11953.4 11954 11954.6 11955.6 11960.8 11960.6 11957 11950.3 11942.1 11934.8 11928.6 11922.7 11916.9 11911.1 11905.8 11900.1 11894.3 11888.7 11883 11876.9 11871.6 11866.3 11861.6 11856.9 11853.1 11850.1 11847.5 11846.2 11844.4 11841.8 11837.7 11832.8 11825.9 11819.3 11813.1 11807.8 11803.2 11800.2 11798.1 11797.1 11796.2 11795.3
12047.8 12035.8 12023.3 12011 12001.6 11993.3 11984.8 11976.5 11968.3 11963.4 11958.1 11951 11952.2 11953.4 11953.7 11953.9 11954.3 11954.6 11954.9 11955.4 11955.8 11956.1 11956.7 11957 11957.5 11957.9 11958.2 11959.1 11961.1 11966.6 11968 11964 11956.1 11947 11938.9 11932.2 11925.7 11919.3 11913.1 11906.8 11901.4 11895.2 11888.8 11883 11877.1 11870.9 11865 11859.7 11854.7 11850 11845.4 11841 11837.3 11834.1 11831.5 11828.8 11827.3 11822.9 11818.2 11813.5 11809.5 11805.9 11803.1 11800.9 11799.4 11798.1 11797.2
12063.6 12052.1 12040.8 12029.5 12019.2 12009.4 12000.2 11992.8 11985.7 11976.8 11968.9 11961.3 11960.6 11960.2 11959.4 11958.9 11958.5 11958.7 11958.8 11959 11959.3 11959.8 11960.2 11960.5 11961.1 11961.9 11962.6 11963.3 11964.7 11968.8 11968.1 11964.5 11958.5 11950.3 11942.3 11935.3 11928.5 11921.7 11915 11908.3 11901.7 11895.8 11889.3 11883 11876.4 11869.6 11863.6 11857.8 11852 11846.4 11840.2 11834.7 11828.7 11822.6 11821 11821 11821.9 11819.6 11816.6 11813.4 11810.5 11807.8 11806.1 11803.1 11801.5 11800.2 11799.3
12079.4 12067.3 12057 12046.8 12035.5 12024.9 12015.1 12007.4 12000.4 11993 11985.5 11978.1 11972 11968.2 11965.5 11963.9 11962.7 11962 11962.2 11962.3 11962.4 11962.9 11963.8 11964.3 11965.1 11966.1 11966.8 11967.2 11967.7 11969.5 11964.4 11962.7 11959.6 11952.8 11945.2 11938.2 11931.1 11923.9 11916.8 11909.8 11902.8 11895.9 11889.2 11882.5 11875.6 11868.6 11862.2 11855.5 11849 11843 11836.1 11829.6 11822.4 11815.3 11814.5 11815.2 11817.7 11816.7 11815 11812.9 11810.9 11808.6 11806 11804.8 11803.4 11802.8 11802.1
12092.5 12080.3 12070.1 12059.5 12048.7 12038.9 12027.8 12018 12009.9 12003 11997.5 11990.1 11981.4 11975.6 11971.3 11968.8 11967.3 11965.9 11965.5 11965.5 11966.1 11966.6 11967.4 11968.8 11969.2 11970.5 11971.6 11971.9 11975.8 11973.1 11968.3 11965.2 11962 11955.3 11948.1 11941 11933.6 11926.2 11918.7 11911.2 11903.9 11896.5 11889.4 11881.7 11874.6 11867.5 11860.6 11853.7 11846.9 11840.3 11833.2 11826.4 11819.1 11814.1 11812.1 11812.1 11815 11814.6 11813.7 11812.3 11810.9 11809.7 11808.6 11806.8 11805.9 11805.1 11804.7
12105.2 12091.7 12079.9 12069.9 12065.3 12050.8 12037 12025.9 12015.8 12007.6 12000.6 11993.4 11986.5 11980.9 11976 11973.3 11971.6 11970.1 11969.5 11969.4 11969.9 11970.4 11971.2 11972.2 11973.5 11974.9 11976 11976.7 11980.9 11978.4 11974.8 11969.9 11964.4 11958.4 11950.9 11943.5 11935.8 11928.1 11920.3 11912.5 11904.8 11897.1 11889.5 11881.7 11874.2 11866.9 11859.2 11852.1 11845.1 11838.6 11831.2 11824.5 11817.7 11811.9 11811.1 11813.3 11813.6 11813.5 11812.9 11812 11810.9 11810.4 11810 11808.3 11807.2 11806.9 11807.2
12117.8 12099.9 12083.5 12077.4 12071.3 12055.7 12041.2 12029.3 12018.2 12007.9 11999.4 11993 11987.5 11983.1 11979.4 11976.9 11974.9 11973.9 11972.5 11972.4 11972.5 11973.2 11974.8 11975.5 11976.9 11978.5 11980.3 11981.8 11986.6 11984 11979.6 11974.9 11968.7 11961.7 11953.6 11945.7 11937.7 11929.6 11921.4 11913.4 11905.3 11897.4 11889.5 11881.8 11873.2 11865.6 11858.2 11851.2 11844 11837 11829.3 11823.3 11818.2 11814.2 11811.6 11813.3 11813.2 11813 11812.5 11811.8 11810.7 11809.9 11809.2 11807.8 11807.9 11808.4 11809.1
12131.2 12105.3 12077.8 12061.2 12060.2 12052.9 12040.5 12029.2 12019.3 12009.2 11997.2 11991.7 11987.2 11983.6 11980.3 11978.6 11977.4 11976.5 11976 11976 11976.4 11977 11977.9 11979.1 11980.7 11982.4 11984.5 11986.9 11993.2 11992.9 11988 11980.9 11972.6 11964.7 11956.1 11947.7 11939.3 11930.9 11922.5 11914.2 11906 11897.8 11888.8 11880.8 11872.7 11864.9 11857.2 11850.1 11843 11836 11828.5 11822.9 11818.6 11815.4 11812.2 11813.6 11813.3 11813.1 11812.8 11812.2 11811 11809.2 11805.6 11805.1 11808.2 11810.4 11811.3
12145.4 12111.4 12073 12050.3 12055.5 12048 12035.2 12025.9 12019.3 12012.3 11997.6 11990.8 11987.2 11984.3 11981.9 11980.1 11978.8 11978.5 11978.1 11978.1 11978.4 11979.1 11980.4 11981.7 11983.2 11985.2 11987.4 11990.3 11997.8 12001.5 11997.6 11985.5 11975.7 11966.7 11957.8 11949.1 11940.4 11931.7 11923.2 11914.6 11906.1 11897.7 11888.6 11880.3 11872.2 11864.1 11856.3 11849.1 11841.8 11834.2 11826.9 11821.8 11817.3 11813.8 11811.9 11813.7 11813.5 11813.5 11813.5 11813.3 11812.7 11811.2 11807.2 11806.7 11811.7 11813.6 11814.3
12158.3 12121.9 12079.4 12051.2 12044.9 12035.2 12025.7 12019.8 12015.8 12010.3 11997.9 11990.8 11987.8 11985.4 11983.7 11982.5 11981.6 11981 11980 11979.9 11980.9 11981.5 11982.4 11983.6 11985.1 11987.1 11989.2 11991.7 11997.6 11997.6 11993.9 11985.3 11976.4 11967.7 11958.8 11950 11941.2 11932.4 11923.7 11915 11906.3 11897.7 11889.2 11880.3 11871.9 11864.1 11856.1 11848.3 11840 11832.2 11826.2 11821.3 11816 11812.7 11811.4 11813.7 11813.7 11814 11814.4 11815 11815.7 11816.7 11817.5 11819.4 11819.5 11818.3 11817.5
12168.4 12136.7 12099.9 12066.8 12038.4 12019.4 12015.8 12013.7 12011.1 12005.8 11998.8 11992.1 11989 11986.5 11985.9 11985.3 11984.8 11984.5 11984.3 11983.1 11983.3 11983.7 11984.3 11985.3 11986.5 11988 11989.5 11995.7 11995.6 11992 11989 11983.2 11975.4 11967.5 11958.9 11950.2 11941.5 11932.7 11924 11915.2 11906.5 11897.7 11889 11881 11872.3 11863.9 11855.8 11846.8 11838.6 11831.8 11825.9 11821.3 11816.3 11813.1 11811.5 11813.8 11813.9 11814.4 11815.2 11816.5 11818.5 11821.7 11827.6 11833.2 11827 11822.3 11819.9
12170.9 12151.6 12125.6 12088.7 12046.2 12016 12012.3 12011.2 12009.9 12007.3 12002.1 11993 11990.4 11989.1 11988.8 11988.4 11988.1 11988.1 11987.8 11987.3 11986.6 11986.6 11986.9 11987.5 11988.1 11988.9 11989.6 11995 11995 11992.7 11987.8 11981.2 11973.7 11966.4 11958.2 11949.8 11941.3 11932.7 11924 11915.3 11906.6 11897.8 11889.1 11880.4 11872.3 11861.7 11854.1 11846.1 11838 11831.8 11826 11821.5 11818.3 11814.1 11811.8 11814 11814.1 11814.8 11815.8 11817.4 11819.7 11823 11828.4 11832.7 11827.3 11822.9 11820.8
12165.6 12162.8 12150.6 12112.6 12064.5 12028 12017.2 12013.9 12012 12010.6 12005.3 11995.3 11993.1 11992 11991.5 11990.9 11990.3 11989.7 11989.5 11989.4 11989.1 11988.8 11988.6 11988.8 11988.8 11989.3 11989.3 11993.3 11992.4 11993.4 11985.7 11978.3 11971.3 11964.6 11956.9 11948.9 11940.6 11932.3 11923.8 11915.2 11906.5 11897.8 11889 11880.3 11870.4 11860.2 11852.2 11844.1 11837.6 11830.5 11825 11820.6 11818 11813.7 11811.5 11813.9 11814.2 11814.9 11816 11817.4 11819.2 11821.1 11822.5 11820.9 11821.2 11820.7 11820.3
12153.9 12166.9 12169.6 12131.6 12082.8 12041.6 12027.1 12020.2 12015.9 12012.5 12006.6 11999 11996.9 11995.3 11994.7 11993.8 11992.8 11991.9 11991 11992.1 11991.3 11990.5 11989.8 11989.7 11989.1 11988.5 11987.7 11990.3 11986 11980.5 11979.9 11975.1 11968.9 11962.8 11955.5 11947.9 11940.1 11932 11923.8 11915.4 11906.9 11898.3 11889.6 11880.8 11872 11861.4 11852.7 11844 11837.1 11829.6 11823.1 11817.6 11813.8 11811.7 11813.5 11813.7 11814.4 11815.3 11816.3 11817.3 11818.3 11818.7 11818 11815.1 11816.5 11818.5 11819.4
12133.9 12157.7 12172.5 12138.9 12097 12058.1 12040.5 12028.9 12020.8 12016.1 12013.2 12005.2 12001.9 11999.3 11998.2 11996.9 11995.6 11994.6 11994.3 11993.1 11991.9 11990.7 11990.1 11989.1 11988.1 11987.3 11986.2 11988.4 11983.4 11979.3 11976.7 11972.5 11966.8 11960.8 11954 11946.8 11939.4 11931.6 11923.7 11915.7 11907.4 11899 11890.4 11881.7 11873 11864.3 11855.4 11846 11837.4 11829.4 11821.8 11814.9 11810 11809.8 11812.8 11813.9 11814.9 11815.9 11816.8 11817.5 11817.8 11817.6 11816.9 11816.1 11816.1 11817.4 11818.9
12110.2 12137 12148.9 12134.8 12106.9 12079.2 12056 12037.7 12024.3 12016.8 12014.9 12010.4 12006.7 12003.2 12001.3 11999.4 11997.7 11997.2 11995.5 11993.9 11992.3 11990.9 11989.4 11988.3 11987 11985.8 11984.9 11987.5 11983.5 11979.8 11975.6 11970.7 11965 11959 11952.5 11945.8 11938.7 11931.4 11923.8 11916.1 11908.1 11899.9 11891.6 11883 11874.3 11865.5 11857.4 11848.2 11839.2 11830.6 11822.3 11815.1 11810.8 11810.2 11813.5 11814.9 11816.1 11817.1 11817.9 11818.4 11818.5 11818 11817.4 11815.7 11815.5 11817.7 11819.5
12087.1 12119.3 12135 12129.8 12110.9 12091.3 12066.5 12043.1 12025.5 12012.9 12011.7 12013.5 12010.8 12007 12004.4 12003.8 12002 12000.2 11998.8 11996.7 11994.5 11991.9 11989.7 11988.1 11986.2 11984.7 11983.4 11986.8 11984.6 11980.7 11974.9 11969.2 11963.2 11957.3 11951.3 11944.9 11938.3 11931.5 11924.3 11917 11909.4 11901.5 11893.4 11885.1 11876.5 11867.7 11859.3 11850.3 11841.2 11832.4 11824.1 11816.8 11812.8 11812.3 11815.7 11817.1 11818.4 11819.3 11820 11820.3 11820.2 11819.8 11819.5 11818.6 11818.6 11819.5 11820.8
12072.3 12118.3 12137.6 12127.7 12108.4 12087.3 12064.4 12043.9 12027.6 12013.8 12011.6 12014 12013.4 12011.2 12009.7 12008.2 12006.3 12004.3 12001.8 11999 11997.2 11993.9 11991 11988 11985.3 11983.1 11981.5 11983.9 11983.9 11979.4 11972.6 11967.1 11961.3 11955.8 11950.2 11944.4 11938.2 11931.8 11925.1 11918.2 11910.9 11903.4 11895.6 11887.5 11879.2 11870.5 11862.8 11853.7 11844.2 11835.4 11827.2 11820.5 11816.7 11815.9 11819.1 11820.4 11821.5 11822.3 11822.8 11822.9 11822.8 11822.4 11822.6 11822 11821.6 11822 11822.8
12078.9 12126.2 12140.3 12125.4 12101.6 12074.5 12052.6 12042.3 12035.2 12027 12019.2 12016.5 12015.8 12016.2 12015.6 12014.2 12012.1 12008.4 12005.2 12003.1 11999.7 11995.8 11991.8 11987.9 11984.2 11980.8 11981.4 11978.4 11976.6 11973.1 11968 11963.9 11959.1 11954.4 11949.4 11944.2 11938.6 11932.7 11926.5 11920 11913.2 11906.1 11898.7 11891 11883 11874.6 11865.9 11857.6 11848.3 11839.6 11831.6 11824.9 11821.5 11820.9 11824 11825 11825.9 11826.5 11826.7 11826.6 11826.2 11825.7 11826.1 11825.6 11825.7 11824.4 11824.9
12111.3 12137.4 12140.7 12123.1 12095.2 12064.6 12042.7 12039.8 12046 12049.2 12039 12028.9 12021.9 12022.8 12022.5 12020.9 12018 12013.9 12010 12005.5 12001.6 11996.9 11992.1 11987.3 11982.5 11977.8 11976 11970.7 11966.7 11965 11962.6 11960.4 11956.8 11952.9 11948.7 11944 11939 11933.6 11928 11922 11915.7 11909.1 11902.2 11895 11887.4 11879.5 11871.1 11863 11853.7 11844.9 11836.8 11830.9 11827.5 11826.9 11830 11830.8 11831.4 11831.6 11831.5 11831 11830.3 11829.5 11829.5 11828.5 11827.7 11826.3 11827
