real_craters/C112-300m.grd
DSAA
236 236
-35.2275 35.2275
-35.2275 35.2275
10689.131652295 12205.045495818
[rows 60 to 89 of 236, columns 134 to 200 of 236]
11661.3 11660.3 11661.6 11668.7 11668 11661.9 11654.7 11647.7 11645.2 11647.3 11648.6 11644.2 11637.7 11633.7 11633 11637.2 11642.8 11639.3 11637.7 11636.9 11636.4 11634.6 11629 11623.3 11618.1 11613.6 11609.9 11607.3 11606.1 11604.5 11603 11602.1 11600.1 11597.7 11594.3 11586.2 11581.4 11576.4 11572.2 11567.6 11563.1 11558.6 11554.1 11549.6 11544.8 11540.8 11536.5 11532.4 11528 11523.8 11519.3 11514.6 11510.3 11506.5 11502.9 11498.7 11496.1 11493.3 11490.9 11483.8 11484 11483.5 11481.7 11480.3 11479.4 11479 11479.1
11662.3 11660.1 11659.3 11668 11669.6 11666.2 11661.4 11656.8 11654.2 11653 11651.6 11647.3 11640.9 11636.3 11633.2 11634.6 11638.6 11638.5 11638.9 11639.4 11639.5 11638 11632.9 11627.3 11621.9 11616.9 11612.4 11608.8 11606 11603.6 11602.4 11602.5 11601.3 11597.6 11594 11586.3 11581.4 11576.9 11572.4 11567.7 11563.2 11558.6 11554.1 11549.7 11545.4 11541.7 11537.4 11532.7 11528.5 11524.4 11519.9 11517 11513.2 11509.2 11505.8 11502.2 11499.8 11497.3 11494.8 11487.5 11486.9 11484.8 11483.7 11482.4 11481.3 11481 11481.3
11664.6 11662.5 11662 11669.6 11671.4 11670.1 11667.5 11664.3 11660.1 11657.9 11654.7 11649.7 11643.4 11638.6 11634.8 11632.8 11631.8 11635.2 11638.5 11640.6 11641.2 11639.2 11635.3 11630.1 11624.6 11619.2 11614.1 11609.1 11604.3 11600.4 11600.1 11600 11598 11595.6 11592.6 11585.3 11580.4 11575.8 11572 11567.6 11563.2 11558.6 11555.1 11550.8 11547.1 11542.6 11538.5 11534 11529.4 11525.4 11521.1 11516.6 11513.2 11509.5 11506.5 11503.6 11501.6 11499.4 11497.5 11490.8 11491.1 11491.4 11489.5 11485 11482.6 11482.1 11482.6
11668 11667.4 11668.3 11671.1 11673.4 11673.7 11672.9 11671.5 11668.3 11662.4 11657 11651.2 11644.4 11641.2 11638.8 11635.4 11631.9 11635.4 11638.8 11641.4 11643.4 11641.8 11637 11632.1 11626.7 11621.2 11615.6 11609.9 11604.1 11599.2 11598.6 11598 11596.1 11593.3 11590.7 11584.1 11579.4 11574.7 11570.8 11566.7 11562.4 11558.1 11554.1 11549.8 11545.6 11541.4 11537.4 11533.6 11529.1 11525.4 11521.2 11517.5 11514.2 11511 11508.1 11505.5 11503.2 11501.5 11500.1 11493.7 11495.1 11496.2 11493.8 11486.9 11482.9 11482.3 11483.2
11671.9 11672.5 11673.3 11674.3 11676.2 11677.2 11677.3 11676.6 11672.3 11664.3 11657.7 11651.7 11647.3 11644.4 11643.2 11641.7 11638.2 11638.5 11640 11641.5 11642.3 11641.1 11637.7 11633.3 11628.5 11623.1 11617.5 11611.6 11605.9 11600.9 11598.6 11597.1 11595.4 11591.5 11588.5 11582.6 11577.6 11573.4 11569.2 11564.6 11560.2 11555.9 11551.9 11547.6 11543.5 11539.9 11535.9 11532.3 11528.3 11524.7 11521.2 11517.9 11514.7 11510.7 11508.1 11505.7 11504.4 11503.1 11501.7 11500.1 11497.1 11498.3 11496.2 11486.7 11481.7 11481.8 11483.4
11675.5 11676.6 11678.3 11679.2 11679.6 11680.2 11680.5 11679.7 11671.6 11663.1 11657.6 11652.3 11648.6 11646.8 11645.7 11645.4 11642.8 11641.4 11641.4 11641.7 11640.6 11640.3 11638.3 11634.7 11630.4 11625.2 11619.8 11613.9 11608.3 11603.5 11599.5 11596.4 11592.7 11589.3 11586.1 11580.5 11575.2 11570.8 11566.9 11562.2 11557.7 11553.4 11549.3 11545.1 11541 11537.4 11533.5 11529.9 11526.2 11522.6 11519.3 11515.5 11512.6 11509.5 11507 11505 11504.3 11503.8 11502.4 11500.7 11497 11497.8 11497.1 11486.4 11481.2 11481.5 11483.4
11678.2 11679.6 11680.8 11681.7 11681.8 11681.9 11681.7 11680.1 11670 11661.8 11659 11656.2 11653.3 11648.7 11645.2 11641.9 11641.5 11641.4 11642.9 11643.1 11642.4 11641.9 11640 11636.9 11632.6 11627.6 11622.2 11616.3 11610.4 11604.7 11599.7 11596 11591.9 11588 11584.1 11580.8 11572.3 11567.7 11562.9 11557.9 11553.4 11549 11546.5 11542.7 11538.7 11534.8 11531.1 11527.3 11522.8 11519.5 11516.4 11514.1 11511.3 11508.8 11506.4 11504.2 11502.9 11502.3 11500.9 11499.2 11494.2 11493.8 11489.7 11485.1 11481.4 11481.5 11483.8
11680.1 11679.1 11680.5 11682.7 11683.4 11682.7 11681.2 11678.9 11672.1 11665.8 11661.6 11659 11655.3 11650 11645.1 11641.2 11641.2 11643.2 11645.4 11646.6 11645.5 11645.1 11642.6 11639.3 11634.9 11630.1 11624.8 11618.9 11612.7 11605.1 11599.9 11596.7 11592.5 11587.8 11582.6 11578.5 11570.1 11565.1 11559.6 11554 11549.3 11544.8 11540.5 11537.3 11533.5 11529 11525.4 11521.9 11520.5 11517.4 11512.3 11511.9 11509.3 11505.2 11505.7 11503.5 11501.8 11501.3 11498.7 11497 11491 11490.3 11489.1 11483.5 11479.5 11481.8 11484.6
11683.2 11680 11686.4 11687.7 11686.2 11683.5 11679.6 11674.9 11672.5 11669.5 11662.7 11657.5 11654.6 11650.9 11645.9 11642.4 11642.9 11645.9 11648.5 11651.7 11653.3 11649.3 11645.2 11641.3 11637.1 11632.7 11627.9 11622.4 11616.5 11609.6 11603.8 11598.9 11593.4 11587.4 11581.2 11576.7 11568.3 11563 11557.4 11552.2 11548.2 11539.7 11535.1 11531.1 11527.2 11523.6 11520.1 11516.2 11515.5 11512.6 11508.1 11508.7 11506.2 11503.9 11502.4 11500.4 11498.7 11499.6 11496.3 11494.5 11487.9 11487 11484.4 11482.3 11482.6 11483.4 11485.7
11691.3 11685 11689.7 11692.2 11690.2 11685.6 11679.3 11673.1 11668.5 11664 11660.8 11660.9 11658.5 11652.5 11647.5 11644.5 11646 11647.7 11649.9 11653 11655.1 11651.2 11647.3 11643.4 11639.6 11635.6 11631.4 11626.6 11621.5 11615.5 11609.3 11602.1 11594.3 11586.4 11578.9 11573.5 11565 11558.8 11553.7 11547.6 11542.6 11537.9 11531.5 11527.4 11523.4 11519 11515.6 11513.1 11510.2 11511.5 11508.2 11507.2 11504.7 11502.4 11499.9 11497.9 11496 11497.8 11494.9 11491.9 11485.8 11485.1 11482.2 11481.9 11483 11484.7 11487
11707.2 11704.8 11702.5 11701.4 11696.8 11689.7 11680.9 11672.2 11665.3 11657.2 11655.9 11657.9 11657.7 11653.2 11649.9 11648.9 11649.7 11648.9 11649.4 11650.5 11651.2 11650.8 11648.3 11645 11641.6 11638 11634.5 11630.8 11626.7 11621.5 11614.4 11606.2 11595.4 11582.7 11575.3 11570 11561.6 11554.5 11548.4 11542.3 11538.5 11533.8 11529.1 11525.1 11522.2 11518.7 11517.5 11514.8 11511.9 11509.8 11507.2 11504.1 11501.8 11499.6 11497.3 11495.3 11493.4 11496.3 11493.8 11490.3 11484.5 11485.1 11486.3 11486.9 11485.3 11486.5 11488.5
11725.7 11731.2 11724.3 11714.1 11705.1 11696.2 11686.3 11676.7 11668.9 11659.7 11655 11647.8 11651 11652.9 11652.7 11652.2 11652 11648.6 11648 11650.8 11651.7 11651 11649.1 11646.4 11643.5 11640.4 11637.4 11634.9 11632.5 11629.1 11622.7 11613.5 11598.8 11582.7 11573.5 11566.7 11557.8 11550.2 11543.4 11537.3 11536 11531.8 11528.1 11524.5 11521.6 11521.1 11518.1 11515.1 11512.3 11507.8 11506.7 11505.3 11501.4 11499 11496.5 11494.3 11492.1 11494 11491.5 11489 11487.2 11484.5 11487 11488.4 11488 11488.6 11489.9
11734.4 11737.3 11734.3 11722.4 11712.4 11703.8 11695.9 11687.2 11679.4 11673.5 11667.1 11660.1 11654.5 11657.6 11658.5 11658.5 11658.4 11651.5 11648.9 11651.6 11652 11651.1 11649.3 11646.9 11644.3 11641.5 11639.2 11637.3 11636.5 11636.6 11636.3 11622.6 11603.4 11586.2 11573.4 11564.2 11554.7 11547.4 11540.6 11535.2 11532.9 11529.2 11526.1 11523 11520.8 11518.4 11515.6 11512.8 11509.7 11507 11505.4 11502.7 11499.6 11497 11495 11492.5 11490 11490.7 11488.8 11486.9 11484.1 11481.9 11485 11488.9 11488.8 11489.9 11490.7
11739.7 11737.7 11731.9 11724.1 11716.6 11710.7 11706 11698.2 11690.1 11684.7 11681.5 11677.8 11672.2 11667.8 11668.5 11667.4 11663.8 11659.5 11658.3 11654.2 11653 11651.6 11649.2 11646.3 11643.7 11640.7 11638.2 11636.5 11636 11637 11639 11624.7 11602.9 11585 11570.8 11560.6 11553.9 11544.1 11537.7 11533 11528.9 11525 11521.8 11518.9 11517.2 11514.5 11511.9 11509.3 11506.4 11503.9 11501.7 11498.9 11496.6 11494 11491.5 11489.7 11487.3 11488.1 11485.8 11483.6 11480.6 11477.4 11479.1 11480.4 11485 11488.3 11490.3
11742.6 11735.6 11727.5 11722.1 11717.4 11713.8 11711.7 11704.5 11696.5 11691.6 11691.6 11686.6 11675.1 11667.2 11670.3 11668.4 11660.9 11662.6 11663.4 11659.3 11655.9 11652.7 11648.9 11645.1 11641.2 11637.6 11634.3 11631.5 11629.5 11627.7 11625.9 11612.7 11593.3 11577 11564.1 11554.5 11547.9 11538.6 11533 11528.7 11525.6 11521.7 11519 11516.4 11513.9 11509.8 11507.2 11504.7 11501.4 11499.6 11498.2 11495.6 11493.8 11491.3 11488.7 11486.1 11483.7 11481.8 11482.3 11479.3 11477.3 11472.1 11472.7 11473.6 11481.9 11489.3 11488.6
11740.8 11731 11723.2 11719.3 11716.2 11712.8 11709.5 11704.9 11698.2 11691.9 11689.3 11683.1 11664.3 11659.1 11655.8 11661.7 11663.6 11667.9 11670.2 11666 11658.6 11653.5 11647.9 11643.2 11638.6 11634.4 11629.9 11625.1 11619.5 11612.5 11601.8 11588.5 11577 11565.5 11555.2 11546 11539.9 11531.3 11526.6 11523.5 11520.7 11517.8 11515.3 11512.9 11510.9 11508 11505.6 11503.1 11500.1 11498.3 11495 11492.5 11490.2 11487.7 11485.2 11483.4 11480.8 11479.4 11479.9 11476.4 11473.4 11467.9 11467.8 11469 11475.5 11481 11482.8
11730.1 11719.6 11717.2 11717.2 11715.6 11712.2 11706.9 11704 11699.4 11692.4 11684.6 11683 11677.8 11675.9 11672.4 11670.4 11673.6 11675.7 11674.9 11667 11658.9 11652.6 11647.3 11642 11637.1 11631.7 11625.5 11618.6 11610.4 11599.1 11583.2 11567.7 11561 11552.9 11545.3 11535.8 11530 11522.9 11520 11516.9 11514.7 11514.2 11512.2 11510 11507.8 11507.5 11505.2 11502.9 11499.7 11497.4 11495.5 11492.5 11489.9 11487.3 11484.6 11482 11479.3 11477.2 11477.2 11473.4 11469.7 11463.8 11463.5 11464.8 11466.7 11469.3 11474.8
11724.4 11715.4 11717.7 11719.1 11717.8 11715.2 11711.5 11706.9 11703.3 11700.2 11695.6 11695.5 11696.3 11694.4 11691.4 11680.5 11677.9 11676.7 11674.7 11662.3 11655.9 11651.1 11645.9 11640.5 11634.9 11628.7 11621.9 11613.7 11603.4 11590.6 11575.1 11560.3 11549.7 11539.6 11530.4 11522.8 11519 11514.6 11514.6 11513 11511.5 11509.8 11508 11509.3 11507.4 11505.6 11503.5 11503.1 11499.6 11497.2 11494.3 11491.7 11489.5 11486.4 11483.6 11480.8 11477.9 11476.6 11475.8 11471.8 11467.4 11460.8 11459.6 11459.2 11459.6 11462 11468.4
11740.8 11729.1 11729.7 11727.6 11723.2 11718.9 11714.6 11709.7 11707.7 11710 11718.6 11707.2 11697.7 11687.1 11676.4 11672.1 11669 11666.7 11663.5 11656.5 11651.4 11648 11643.1 11638.7 11632.7 11626.1 11618.5 11609.8 11599.2 11586.8 11572.7 11556.6 11543.5 11528 11513.4 11508.3 11509.1 11508.4 11509.2 11508.4 11510.5 11509.6 11508.2 11506.6 11507.2 11504.8 11502.7 11500.5 11499.8 11497.4 11495.1 11492.6 11489.9 11487.3 11484.5 11481.5 11478.2 11476.9 11475.9 11471.4 11466.7 11461.7 11457 11455.1 11454.9 11458.1 11465.1
11768.3 11762.3 11752.2 11741.4 11731 11721.1 11713.4 11709.8 11707.8 11708.4 11709.3 11704.7 11691.9 11674.6 11662.1 11660.1 11658.6 11656.6 11653.1 11649.8 11647 11645.1 11641.1 11637.4 11631.7 11625 11617.2 11608.7 11598.3 11586.8 11574.6 11562.4 11543.7 11522.2 11501.3 11497.4 11504.4 11506.9 11509.6 11509.3 11507.9 11506.9 11505.2 11503.6 11505.8 11504.2 11502.3 11500.2 11499.8 11497.4 11494.9 11493 11490.3 11488.4 11485.6 11482.4 11479.6 11477.8 11475.5 11471.2 11466.3 11460.7 11456 11453.6 11452.9 11457.4 11464.9
11797.5 11797.6 11775.8 11756.3 11739.8 11727.4 11716.6 11709.9 11705.7 11703.3 11703 11701.4 11688.2 11669.6 11655.5 11651.5 11648.5 11645.5 11645.2 11644.5 11643.8 11644.2 11641 11636.9 11631.4 11624.8 11618.1 11609 11598.8 11587.8 11576.5 11565.9 11546.9 11525.2 11502.8 11498.8 11509.6 11511.8 11513.8 11513.4 11512.3 11509.8 11509.2 11507.7 11507.2 11503.2 11501.4 11499.4 11500.1 11497.7 11495.3 11493.6 11491 11488 11486.5 11483.4 11479.7 11477.1 11474.2 11472.3 11467.6 11462.4 11457.4 11456.1 11457.2 11462.2 11469.5
11818.3 11817.2 11793.2 11769.3 11747.1 11728.7 11716.8 11709 11702.8 11699.3 11702.8 11701.1 11687.4 11671.1 11653.8 11647.2 11642.4 11639.3 11638.2 11642.5 11642.8 11643.5 11641.4 11637.5 11632 11626.5 11618.8 11610 11600.1 11589.6 11577.3 11563.5 11549.4 11537.9 11527.8 11525.9 11527.2 11527.3 11521.3 11519.4 11517.7 11515.8 11514.5 11513 11513.3 11509.3 11507.5 11505.5 11501.7 11499.6 11497.4 11493.5 11491 11488.4 11486.4 11483.5 11482.2 11477.1 11474.1 11474.1 11469.8 11465.6 11460.6 11460.4 11462.1 11467.9 11474.7
11835.6 11827.2 11804.3 11781.2 11756.1 11729 11716.9 11709.5 11701.6 11693.9 11692.8 11693.1 11683.2 11671.2 11657.1 11647.6 11639.8 11632.1 11633.8 11643.8 11644.5 11645.4 11643.4 11639.8 11634.4 11628.9 11621.5 11613 11603.5 11593.3 11580.8 11565.5 11555 11555.3 11559.1 11561 11547.4 11539.4 11529.3 11526 11523.5 11521.5 11519.9 11518.4 11516.7 11515.5 11513.7 11511.7 11506.8 11504.6 11502.2 11498.1 11495.5 11492.8 11490 11487.1 11483.3 11482.1 11477.9 11476.5 11472.8 11469.3 11464.8 11465.3 11467.3 11472.5 11479.1
11838.5 11828.7 11814.7 11793.8 11772.1 11751.6 11730.5 11715.8 11705 11696.3 11691.1 11687.2 11678 11667.9 11659.1 11651.8 11644.3 11638.1 11638.8 11646.2 11648.3 11649.3 11647.3 11644.1 11640.2 11633.9 11626.4 11617.5 11608.6 11599.5 11589.3 11578.2 11570.3 11570.7 11572.6 11570.3 11555.2 11545.5 11534.4 11530.4 11527.5 11526 11524.4 11522.7 11521 11518.9 11517 11514.9 11512.5 11508.6 11506.1 11502.8 11500.2 11497.4 11495.9 11492.8 11489.8 11485.9 11484.3 11481.5 11477.5 11475 11470.3 11470.8 11472.1 11478.3 11486.3
11858.9 11848.7 11833.8 11810.1 11786.8 11767.8 11743.5 11724.2 11710.3 11701.8 11693.8 11686.9 11675.9 11666.3 11664 11660.4 11655.3 11650.7 11649.7 11653.2 11654.8 11654.6 11653.7 11648.5 11646.3 11639.8 11631.9 11623.6 11615.3 11607.2 11600.4 11595.7 11591 11582.9 11572 11560.9 11550.7 11544.9 11536.2 11533.8 11530.9 11529.4 11527.4 11525.5 11523.6 11521.5 11519.1 11516.9 11514.2 11511.2 11508.7 11506 11504.5 11501.7 11499.5 11496.5 11493.6 11490.2 11488.7 11486 11482.6 11481.1 11476.7 11477.4 11479.1 11484.5 11491
11918.4 11892.7 11863.4 11830.8 11797.1 11767.6 11750.8 11733 11715.5 11699 11693.6 11689.6 11679.4 11673.9 11676.5 11675.4 11672 11667.8 11665.3 11665.8 11665.8 11664.4 11662.6 11658.2 11652.2 11645.7 11637.5 11628.8 11619.8 11613.2 11607.9 11607.6 11617.7 11587.5 11565.7 11547.9 11541.2 11541.6 11537.2 11536 11533.7 11531.7 11529.8 11527.6 11525.5 11523.6 11521.7 11519.5 11517.1 11515.8 11513.3 11510.4 11508.5 11505.8 11503.3 11501 11498.1 11495.3 11493.3 11490.8 11488 11486.7 11485.3 11484.3 11487.7 11491.9 11494.9
11987.5 11937 11896.1 11857.5 11816.2 11782.6 11766 11747.5 11727 11704.5 11701.3 11696.6 11690.5 11689.1 11696.2 11697.2 11694.8 11691.6 11688 11684.6 11681.4 11676.7 11673.3 11667.7 11660.7 11655.9 11646.4 11636.6 11626.7 11617 11608.5 11601.4 11591.4 11575 11556.7 11538.6 11535.4 11540.4 11539.6 11539.2 11537.3 11535.2 11532.7 11530.5 11528.1 11526.5 11523.8 11522.6 11520.3 11518 11515.5 11513.1 11510.5 11508.1 11506.7 11504.1 11501.6 11499.3 11496.6 11495.9 11493.7 11493.1 11491.4 11490.3 11493 11496.1 11498.8
11979.3 11954 11921.7 11886 11847.5 11814.9 11792.6 11769.8 11748.7 11734.5 11724.7 11722.5 11719.9 11720.6 11725 11728.8 11723.5 11713.4 11708.9 11703.9 11698.4 11693.3 11689.7 11684 11677.5 11668.8 11658 11647.1 11633.6 11621 11606.9 11591.1 11572.6 11561 11552.8 11544.9 11543.5 11546.8 11544.9 11543.9 11541.1 11538.6 11536.3 11534.4 11532 11532.6 11529.8 11527.8 11525.5 11522.5 11520.3 11517.9 11515.1 11512.8 11511.5 11508.6 11506.4 11504.6 11502.3 11502.3 11500.1 11499.5 11497.4 11495.2 11496.2 11497.3 11501.4
11965.3 11956.6 11938.5 11916.2 11882.1 11851 11822.3 11794 11770.1 11753.9 11751.3 11752 11760.7 11771.2 11777.5 11775.9 11761 11741.3 11736.1 11726.7 11717.2 11713 11708.8 11703.6 11694.6 11685.1 11671.9 11657.2 11641.9 11624.9 11607.2 11586.6 11565.4 11555.3 11555.3 11557.6 11558.7 11557.2 11556.6 11550.8 11547.2 11545.9 11543.2 11541.1 11538.5 11536.1 11533.4 11531.3 11528.9 11528.3 11526.5 11524.4 11521.5 11519.4 11518.6 11516.5 11514.3 11512.4 11509.6 11510.3 11508.3 11507.1 11504.6 11501.1 11501.4 11502.5 11507.6
11956.8 11951.1 11943 11942.2 11943 11898.7 11846.5 11810 11790.8 11783.9 11777.3 11781 11794.3 11820.8 11841.3 11831.3 11807.6 11779.9 11774.8 11759.9 11741.9 11739.7 11735.1 11727.4 11716.4 11703.5 11690.4 11672.5 11653.7 11633.2 11611.9 11589.5 11568.2 11557.9 11561 11567.3 11570.5 11567.5 11564.9 11558 11554 11550.6 11548.1 11544.9 11543.6 11541.2 11538.2 11536.9 11534.7 11532.8 11530.4 11528.4 11526.9 11525.1 11523.2 11521.7 11520 11518.4 11517.1 11517.7 11516.3 11514.2 11512.1 11509.1 11508.9 11510.6 11514.3
