real_craters/C112-300m.grd
DSAA
236 236
-35.2275 35.2275
-35.2275 35.2275
10689.131652295 12205.045495818
[rows 150 to 179 of 236, columns 134 to 200 of 236]
11950 11940.4 11925.8 11901.6 11881.6 11867.1 11856.9 11849.2 11844 11843 11831.5 11817 11807.7 11800.5 11793.6 11786.1 11779.8 11770.6 11762 11752.6 11743.5 11734.7 11723.7 11715.1 11706.9 11701 11699.5 11704.5 11711.3 11714.4 11717.8 11722 11726.3 11729.6 11731.9 11734.8 11735.4 11734.5 11731.5 11725.3 11714.8 11702.4 11693.5 11686.5 11680.1 11674.9 11671.4 11666.3 11663.4 11663.6 11662.5 11663 11661.3 11659.5 11658.3 11657.8 11655.5 11653.4 11653.2 11649.3 11647.3 11647.3 11644.1 11643.6 11642.2 11641.1 11640
11890.2 11873.1 11867.2 11850.1 11847.9 11852.5 11855.6 11845.4 11836.4 11831.8 11821.1 11809.8 11800.8 11794 11786.4 11781.1 11775.4 11770.1 11766.1 11760.4 11753.6 11743.1 11732.7 11720.7 11709.4 11701.1 11696.5 11701.8 11709.6 11712.9 11717 11721.6 11726 11730.7 11733.8 11736.6 11737.3 11736.1 11732.5 11726 11715.7 11704.4 11695.5 11689.4 11683.5 11678.9 11677 11672.4 11670.3 11669.5 11668 11665.8 11667.6 11665.8 11664.2 11664.7 11662.4 11660.2 11657.7 11656.5 11654.4 11653.1 11650.1 11648.4 11647.2 11646 11644.7
11859.5 11846.6 11842.6 11832.2 11835.7 11842 11844.6 11835 11820.6 11807.3 11802.4 11798.3 11792.7 11786.8 11781.8 11777.3 11773.3 11769.9 11768.4 11767.8 11763.1 11747.9 11736.9 11723.2 11710.5 11701.5 11695.7 11698.3 11703.8 11710.2 11716.6 11722.2 11727.1 11732.6 11736.3 11739.3 11740.5 11739.9 11736.9 11731.3 11721.8 11710.1 11701.2 11696.5 11689.1 11684.5 11684.3 11680.2 11676.4 11677.3 11676.2 11673.7 11672.1 11670 11670.1 11673.1 11669 11666.9 11664.7 11660.7 11658.7 11657.8 11655.7 11652.2 11651.6 11650 11647.8
11851.5 11844 11844 11843.6 11839 11836.5 11832.9 11822 11806.7 11792.8 11788.8 11787.5 11784.4 11781.4 11778.2 11774.3 11771.3 11768.6 11766.2 11764 11757.6 11744.1 11730.1 11718.2 11710.2 11703.2 11698.6 11699.5 11703.4 11710 11717.3 11724 11729.6 11735.9 11740.3 11744.2 11746.4 11746.8 11745.2 11741.2 11734 11724.7 11716.9 11711.4 11702.9 11696.9 11696 11691.6 11686.5 11687.3 11685.4 11681.3 11679.7 11677.5 11676.1 11674.2 11673.1 11671.1 11669.1 11670.6 11668.4 11669.1 11664.7 11659.5 11659.8 11657.2 11654.6
11856.8 11851.2 11851.8 11855.2 11843.2 11833.3 11823 11810.3 11797.2 11786.7 11781.4 11780.7 11779.5 11776.4 11774.3 11771.6 11769.1 11766.3 11762.7 11757.4 11747.6 11738.3 11727.3 11717.6 11711 11706.2 11704.4 11705.3 11707.4 11712.6 11720 11727 11733.5 11739.8 11744.9 11750.1 11753.5 11755.5 11756 11754.6 11751.2 11746.7 11741.7 11733 11724.6 11718.1 11711.1 11704.5 11697.3 11697.1 11693.8 11693.9 11692.6 11690.4 11687 11683.8 11682.8 11680.3 11677.9 11676.9 11672.9 11670.4 11671.2 11667.1 11665.5 11662.2 11658.5
11847.1 11848.8 11851.9 11851.7 11842.6 11830.4 11816.6 11802.3 11789.5 11780.4 11776.5 11776.9 11776.3 11775.4 11774.2 11772.3 11768 11765 11760.8 11754.9 11745.5 11737.3 11727.5 11718.4 11713.7 11710 11706.2 11704.2 11710.6 11716.6 11724.3 11731.2 11737.8 11744.4 11750.1 11756 11760.7 11764.7 11767.7 11769.6 11770.1 11768.1 11763.2 11755.2 11746 11737.8 11727 11716.7 11708 11706.2 11702.4 11697.9 11696.9 11695.8 11692.8 11687.4 11688.6 11685.8 11682.8 11680.8 11677.2 11674.2 11676.3 11672.9 11669.3 11665.2 11660.6
11836.3 11842.7 11849.7 11850.1 11841.4 11828.8 11813.4 11797.2 11784 11775.8 11773.9 11775.1 11775.3 11775.1 11774.1 11772.6 11770.2 11766.9 11762.5 11757 11750.6 11741.9 11731.5 11722 11719.4 11716.9 11715 11717 11719 11723.5 11730.4 11736.5 11742.6 11749 11755.3 11761.6 11768.1 11774.1 11779.7 11784.8 11788.4 11789.8 11785.3 11778 11764.3 11749 11737.3 11728 11718.4 11714.9 11709.8 11704.1 11699.1 11697.3 11693.6 11688 11692.8 11689.4 11685.9 11683.8 11679.3 11675.7 11677.8 11673.9 11669.5 11665.8 11660.3
11832.5 11842.3 11848.9 11849 11842.4 11830.2 11815.1 11798.5 11784.6 11776.3 11774.4 11775.2 11775.5 11775.2 11774.7 11773.3 11771.1 11768.1 11764.3 11759.8 11755.6 11747.6 11739 11732.8 11728.9 11726.6 11725.3 11725.3 11729.4 11734 11737.9 11741.9 11746.9 11753.3 11760 11767.2 11774.6 11782.7 11790.9 11799.3 11807.2 11814.1 11817.9 11805.9 11782.7 11758.5 11745.8 11740.2 11730 11725.9 11720.3 11713.9 11705.9 11703.6 11699.3 11693.1 11688.7 11688.2 11684.5 11680.8 11682.1 11674.4 11675.6 11671.1 11664 11661.4 11655.9
11840.2 11847.8 11857.5 11855.4 11846.5 11834.5 11820.7 11807 11792 11782.3 11778.2 11778.1 11778 11777.5 11776.6 11775.6 11773.5 11770.6 11767 11762.7 11757.4 11752 11747.5 11742.5 11740.1 11737.2 11734.5 11733.8 11738.5 11743.3 11743.5 11745.6 11750.2 11756.8 11764 11772.2 11781.4 11791.1 11801.2 11811.9 11822.6 11833.4 11842.1 11828.5 11801 11774.5 11759.3 11751.6 11741.1 11735.9 11729.8 11722.9 11717.3 11713.1 11708.2 11701.5 11693.5 11690 11685.6 11681.2 11676.5 11673 11671.2 11666.9 11662.8 11657.4 11652.1
11841.6 11853.4 11860.6 11860.2 11852.3 11840.6 11826.9 11813.8 11797 11787.8 11784.8 11783 11782.5 11781.8 11780.6 11779.2 11777 11774.3 11770.9 11766.9 11762 11758.2 11757.4 11757.2 11753.8 11747.9 11743.1 11741.5 11742.2 11743.6 11745.2 11747.3 11752.1 11758.4 11766.2 11776 11786.5 11797.2 11808.8 11820.9 11832.8 11843.2 11848.1 11837.7 11815.6 11791.8 11774.2 11764 11752.7 11745.6 11738.9 11731.8 11724.7 11719 11713.4 11706.6 11701.1 11697.7 11692.8 11687.9 11677.4 11676.2 11671.2 11666.2 11663.5 11656 11650.8
11851.5 11863.3 11868.1 11868.6 11860.5 11847.9 11832.7 11815.5 11799.9 11793.5 11791.2 11788.6 11788.4 11786.8 11785.1 11783.6 11781.7 11779.3 11776.3 11772.7 11768.1 11765 11767.1 11770.8 11766 11756 11748.3 11743.2 11742.1 11743.6 11744.4 11746.5 11751.3 11758.3 11766.7 11777.8 11789.1 11800.6 11813 11825.9 11838.4 11848.6 11850.8 11842.8 11828.5 11805.6 11786.1 11775.6 11763.7 11754.7 11746.9 11739.1 11731.2 11726.6 11720.5 11713.9 11708.1 11701.8 11696.3 11690.8 11683.2 11679.3 11673.9 11668.6 11663.4 11658.8 11653.3
11860.7 11878 11888.6 11881.8 11870.7 11856.8 11840.9 11823.4 11810.4 11803.6 11799.2 11795.2 11794.6 11792.1 11789.9 11788.2 11786.3 11784.5 11782.3 11779.7 11776.9 11774.5 11774.7 11774.4 11768.7 11759.4 11750.6 11743.2 11739.5 11739.2 11739.6 11743.1 11749.2 11757 11766.3 11778 11789 11800.9 11813.5 11826.8 11840.2 11853.1 11863 11864.8 11845 11819.3 11798.2 11787.2 11774.2 11764.8 11756.3 11748.4 11740.8 11732.5 11726.3 11719.9 11713.2 11706.1 11700.2 11694.3 11687.3 11681.7 11678.1 11672.1 11666.7 11662.1 11656.6
11870.9 11890.7 11902 11892.7 11880.3 11866.5 11851.8 11836.6 11825.7 11815.7 11808.1 11805.4 11801 11797.6 11794.9 11793.1 11791.4 11790.2 11788.9 11787.6 11786.4 11784 11781.5 11776.1 11768.1 11760.1 11751.2 11743 11736.2 11730.6 11731.8 11738.4 11746.5 11755.9 11765.8 11777.3 11787.6 11799.6 11811.8 11824.5 11837.6 11851.4 11868.3 11878.7 11852.5 11828.3 11811.2 11798.5 11783.4 11773.1 11764.2 11755.9 11748.2 11738.9 11731.6 11724.9 11718.3 11711.2 11705 11698.9 11692.1 11685 11680.3 11671.7 11666.3 11661.2 11656
11882.7 11897.9 11904.2 11898.6 11887.7 11875.2 11862.4 11850.9 11840 11825.6 11815.7 11811.8 11806.4 11802.2 11799.1 11797.3 11795.7 11794.8 11794.5 11794.7 11795.4 11795.5 11789.6 11779.9 11770.6 11760.3 11751.1 11742.8 11734.9 11726.8 11726.9 11734.8 11743.3 11753.2 11763.2 11775 11785.2 11796.5 11807.2 11818.3 11829.2 11839.7 11848.3 11849.6 11837.1 11825.5 11817.3 11804.6 11789.6 11779 11770.4 11762.2 11754.7 11745 11737.7 11730.9 11723.9 11716.2 11708.3 11702 11695.8 11689.3 11683.3 11675 11669.7 11664.6 11659.4
11893.4 11904.4 11907.2 11901.5 11891.9 11880.6 11869.2 11858.2 11841.9 11830.4 11820.9 11816.4 11810.4 11805.7 11802 11800.2 11798.8 11798.2 11798.4 11799.2 11800.7 11802.4 11793.5 11781.2 11769.1 11759.2 11749.9 11742.3 11735.7 11728.3 11727.5 11734 11741.5 11750.7 11760 11769.7 11780.9 11791.8 11801.4 11810.3 11817.9 11823.2 11822.7 11814.3 11812.8 11812 11808.7 11801.4 11794.5 11782 11774.5 11766.8 11759.5 11752.1 11744.2 11737.1 11730.1 11722.3 11714.5 11708 11701.6 11695.2 11689.2 11683.5 11678 11672.7 11667.4
11903.2 11908.1 11907.9 11902.4 11893.6 11882.9 11871.5 11859.7 11844.8 11833.3 11824.3 11819.1 11812.9 11807.9 11804.4 11802 11801.2 11800.6 11800.7 11801.2 11801.1 11798 11790.6 11779.6 11769.1 11756 11746.7 11740.4 11735.5 11731.3 11730.7 11734.6 11740.9 11749.1 11757.6 11766.4 11776.7 11786.1 11793.9 11800.9 11805.9 11807.8 11805.5 11798.4 11797.3 11798.6 11796.2 11794.3 11793.2 11784.1 11777.9 11770.9 11763.5 11757 11749.7 11742.6 11734.5 11727.4 11722.2 11715.6 11709.1 11703 11696.9 11692 11685.6 11680.1 11674.7
11908.9 11909.5 11907.5 11901.6 11893 11882.8 11871 11857.2 11845.4 11834.9 11825.7 11819.7 11813.5 11808.7 11805.3 11802.9 11801.8 11801 11801 11800.8 11800.5 11798.1 11789.5 11774.2 11759.3 11747.2 11740.9 11737.6 11734.5 11732.7 11731.6 11735.6 11741.3 11748.2 11756.3 11764.1 11771.7 11780.3 11787.1 11792.6 11796.2 11797.2 11795.6 11791.6 11790.5 11791.8 11790.4 11791.3 11793.4 11786.9 11781.5 11774.7 11767.9 11761.3 11754.5 11747.4 11740.2 11733.2 11726.5 11719.8 11715.2 11707.4 11701.3 11695.4 11689.7 11684.2 11680.3
11909.1 11911 11906.2 11899.2 11890.4 11881.1 11870.6 11858.1 11847.2 11835.1 11824.6 11818.3 11812.6 11808.4 11805.3 11803 11801.1 11800 11799.2 11798.5 11797.8 11796.3 11787.2 11765.5 11743.2 11733.7 11733.8 11736 11738.9 11737.7 11734.5 11737.8 11742.3 11747.2 11754.3 11761.1 11767.9 11775.5 11781.4 11786.2 11789.4 11790.7 11790.8 11789.8 11789.9 11791.3 11792.4 11794.6 11796.9 11791.2 11785.8 11779.3 11772.6 11765.5 11757.3 11750.3 11743.3 11736.4 11730 11723.4 11717.7 11711.6 11707.7 11701.5 11695.7 11690 11687.2
11905 11908.5 11901.9 11893.9 11885.5 11877.2 11869.7 11860.8 11846 11831.5 11820.4 11814.6 11810 11806.7 11804.6 11802.4 11800.4 11798.7 11796.9 11794.6 11792.1 11788.5 11778.9 11755.5 11733 11724.3 11728.3 11734.1 11741.9 11742.9 11740.9 11741.1 11742.9 11746.9 11752.3 11758.1 11764.2 11770.2 11776.8 11781.4 11784.7 11786.7 11788.2 11789.1 11790.7 11794 11798.1 11801.5 11802.9 11796.1 11789.1 11782 11775 11767.8 11762.6 11755.7 11749.2 11742.4 11737.1 11730.6 11724.2 11718.5 11716.3 11710 11704.2 11698.1 11692.3
11898.3 11898.4 11893.5 11885.9 11877.6 11869.8 11863 11854.4 11836.7 11821.5 11812.3 11808.8 11806.2 11804.2 11802.2 11800.5 11798.6 11796.3 11793.4 11789.5 11784.2 11775.8 11761.9 11746.6 11731.2 11723.6 11725.7 11730.3 11735 11737.8 11741.6 11741.4 11742.1 11745.6 11750.3 11755.6 11761.4 11767 11772.8 11777.5 11781.4 11784.3 11787.1 11788.3 11790 11797.1 11806.2 11814.4 11811.3 11801 11792.8 11785.5 11778.5 11771.7 11768.4 11761.8 11755.7 11749.2 11743.8 11737.4 11731.1 11724.9 11722.2 11716 11709.7 11703.7 11697.7
11892.5 11889 11883.9 11876 11867.2 11858.4 11849.8 11837.7 11818.3 11804.1 11801.8 11802.2 11801.9 11801.2 11800 11798.2 11796 11793.1 11789.4 11784.3 11777.4 11767.6 11753.7 11742.9 11732.5 11726.2 11724.8 11726.7 11728.3 11730.5 11734 11735.5 11738.7 11742.9 11747.9 11753.3 11758.9 11764.5 11770.4 11775.4 11779.8 11783.6 11786.8 11789.4 11792.1 11799.6 11809.1 11817.5 11813.3 11803.3 11796 11789.2 11782.9 11776.5 11770.1 11763.9 11758.4 11752.2 11747.5 11741.4 11735.3 11729.2 11725.5 11719.5 11713.6 11707.1 11701.2
11889.9 11882.7 11874.4 11864.9 11855.1 11844.7 11833.4 11820.5 11804 11792.2 11794.9 11797.6 11798.7 11798.6 11797.5 11795.7 11793.3 11790 11785.8 11780.2 11773.3 11764.9 11755.4 11744.1 11733 11725.1 11724.1 11725.4 11727.5 11729.2 11728.1 11729.5 11734.8 11739.7 11745.1 11750.7 11756.4 11762.4 11768.2 11773.8 11779.1 11784 11788.7 11792.3 11796.1 11801.2 11805.6 11805.8 11807.4 11802.4 11797.2 11791.7 11786.1 11780.8 11772.8 11766.8 11761 11754.7 11749 11743.2 11737.4 11731.5 11726.8 11720.6 11714.8 11709 11703.8
11885.3 11875.8 11862.5 11852.2 11842.2 11831.6 11819.3 11808.6 11799.1 11791.6 11794.5 11797 11797.7 11797.3 11796 11793.7 11790.8 11787.1 11782.7 11777.1 11770.6 11763.4 11755.9 11744.6 11734 11725.9 11724.3 11725.1 11727.9 11731 11728.6 11728.8 11732.1 11736.9 11742.5 11748 11753.8 11760 11766.1 11772.5 11778.8 11784.9 11790.8 11796 11800.1 11803.7 11805.3 11804.1 11804.3 11804.3 11796.1 11791.5 11786.6 11781.8 11776.3 11771.3 11765.9 11760 11754.9 11745.8 11740.1 11734.4 11727.4 11721.1 11715.5 11710.9 11706.1
11856.6 11851.9 11845.2 11837.9 11830.2 11821.7 11812.5 11806.1 11802.5 11801.8 11800.2 11799.8 11799.3 11797.9 11795.8 11792.9 11789.5 11785.3 11780.6 11775.4 11769.4 11762.4 11752.5 11743.6 11736.2 11729.9 11724.9 11723.9 11725.4 11727.2 11726.4 11727 11729.9 11734.4 11739.7 11745.6 11751.5 11757.9 11764.5 11771.4 11778.6 11785.9 11793.4 11800.6 11806.4 11809.3 11808 11804.8 11802.1 11801 11794.2 11790.7 11786.6 11781.7 11777.1 11772.5 11767.4 11762 11756.5 11749.7 11744 11738.3 11732.5 11727 11721.2 11715.5 11710.4
11830.8 11828.6 11826.9 11824 11819.7 11814.9 11810 11807.6 11807.6 11808.1 11806.6 11804.2 11801.9 11799.1 11795.9 11792 11788 11784 11779.1 11774.1 11768.8 11763.5 11757.8 11750.1 11739 11728.5 11722.7 11721.2 11721.4 11721.5 11722.2 11723.3 11727.8 11732.3 11737.3 11743.3 11749.2 11755.7 11762.5 11769.9 11777.7 11785.9 11794.8 11804.3 11813.3 11816.7 11810.7 11802.5 11797.3 11797.5 11792.4 11789.6 11785.9 11781.5 11777.1 11773.3 11768.5 11763.4 11758 11752.5 11746.9 11741.2 11734.6 11729.5 11723.8 11718.4 11712.8
11810 11809.8 11811.2 11811.9 11811.6 11810.6 11809.2 11810.1 11812.3 11814.5 11812.6 11808.5 11804.4 11800.1 11795.6 11791.2 11786.6 11782.4 11777.2 11772.2 11767.4 11763.6 11762 11756.6 11739.4 11725.4 11719.2 11718.5 11718.7 11719.5 11721 11723.4 11727.3 11731.3 11736.2 11741.1 11746.9 11753.3 11760.2 11768 11775.9 11784.4 11794 11804.8 11815.6 11820.5 11812.3 11800.6 11793.9 11795.2 11791.5 11789.5 11786.4 11782.5 11778.4 11773.9 11769.1 11764.1 11758.3 11752.9 11747.4 11742.3 11736.9 11731.3 11725.8 11720.8 11715.4
11794.6 11795.3 11799 11802.6 11805.7 11808.3 11810.5 11812.6 11815.8 11818.9 11817.1 11811.7 11806.1 11801 11795.7 11790.6 11785.4 11780.6 11775.2 11769.8 11764.3 11759.8 11755.4 11748 11735.1 11724 11718.2 11717 11717.4 11718.7 11720.7 11724.1 11726.7 11729.9 11734.7 11740.1 11746.1 11752.5 11759.3 11765.5 11772.9 11781 11789.8 11799.5 11811.6 11822.1 11809.3 11798.9 11794.1 11794.6 11791.6 11789.5 11786.3 11782.9 11779 11774.6 11769.6 11764.5 11759.5 11754.2 11748.8 11743.8 11738 11732.6 11726.9 11721.6 11716.8
11782.6 11785.2 11790.6 11796.1 11801.6 11806.5 11810.8 11813.5 11816.7 11820 11818.6 11812.6 11806.8 11801.4 11795.9 11790.7 11785.1 11779.1 11773.1 11767 11760.6 11754 11746.3 11736.9 11728.8 11721.9 11717.6 11716.7 11716.7 11717.3 11718.8 11721.8 11724.1 11727.4 11732.3 11737.9 11744.1 11750.4 11756.9 11763.2 11769.8 11776.5 11783.2 11789.4 11795.9 11801.5 11794.8 11792.1 11792.4 11794 11791.9 11789.9 11786.8 11783.7 11779.8 11775.5 11770.2 11765.2 11760.6 11755.4 11750.1 11745.1 11739.8 11734.4 11728.5 11723.3 11718.2
11776.9 11779.4 11785.3 11791.9 11798.4 11804.3 11808.7 11812.2 11814.7 11816.4 11815.1 11810.8 11806.1 11801.1 11796 11790.3 11784.3 11778.2 11771.7 11764.7 11757.3 11749.1 11739.5 11728.7 11724.1 11720.9 11718.9 11717.2 11716.8 11717.1 11717.5 11717.5 11719.6 11724.3 11729.9 11735.7 11741.8 11747.9 11754 11760 11765.7 11770.9 11775.2 11777.8 11776.9 11769.4 11775.1 11783.1 11789 11793.7 11792.8 11791.2 11788.3 11785 11781.1 11776.9 11770.9 11766.2 11761.5 11756.3 11751 11746.5 11741.9 11736.6 11731.4 11725.3 11720.5
11772.6 11776.1 11782.1 11788.9 11796.1 11803.1 11807.8 11810.2 11811.5 11811 11808.5 11807.9 11805.1 11801 11795.9 11790.1 11783.6 11777.4 11770.5 11763 11755.1 11746.4 11737 11728 11723.2 11720.8 11719 11717.8 11717.5 11717.7 11717.5 11715.2 11716.5 11722.5 11728.4 11734.3 11740.1 11745.9 11751.6 11756.9 11761.6 11765.6 11768.2 11768.7 11766.3 11762.2 11767.2 11778.3 11788 11794 11797.3 11792.1 11788.8 11785 11781 11776.5 11772.2 11767.7 11762.9 11757.9 11752.7 11747.5 11742.9 11738 11732.8 11727 11722.4
