real_craters/C112-500m.grd
DSAA
142 142
-35.2275 35.2275
-35.2275 35.2275
10687.284577754 12190.901711624
[rows 90 to 119 of 142, columns 0 to 66 of 142]
11957.5 11935.5 11930.3 11934.9 11935.7 11933.9 11934.9 11934.7 11931.5 11926.4 11923.6 11922.5 11922.2 11923.1 11924.1 11925 11926.8 11929.1 11934.8 11935.4 11929.6 11920.5 11909.4 11898.8 11888.2 11878 11867.6 11858.1 11849 11839.3 11830.4 11821.7 11813.2 11807.2 11799.6 11793.9 11790.2 11788.8 11788.7 11790.5 11791.8 11794.5 11797.1 11798.9 11800.5 11801.4 11804.4 11807.6 11817.8 11831.2 11844.1 11852 11855.7 11858.1 11857.8 11860.5 11874.1 11868.2 11859.1 11847.9 11854.9 11894 11927.8 11955.8 11944.5 11959.3 11985.9
11963.8 11941 11930 11927.5 11932.4 11931.6 11934.1 11934.5 11932.4 11930 11928.4 11926.8 11926.2 11926.2 11926.8 11926.8 11927.3 11926.9 11929.3 11924.9 11922.6 11915.8 11907.8 11899.1 11889.9 11879.7 11870.7 11861.7 11852.9 11843.9 11834.4 11824.8 11813.6 11804.8 11801.8 11800.1 11797.9 11793.3 11790.5 11789.9 11790 11791.1 11792.7 11793.7 11794.5 11794.6 11795.5 11798.5 11804.7 11815 11824.3 11833.6 11840.8 11844.9 11847.5 11848.7 11841.2 11849.2 11849 11840.9 11840.5 11849.1 11879.6 11908.9 11931.2 11948.7 11961.3
11972.6 11949 11935.1 11930.8 11934.8 11939.3 11935.6 11932.9 11931.6 11931.1 11930.8 11931.3 11930.7 11931.2 11930.7 11930.2 11928.4 11925.3 11924.1 11919.6 11917.8 11913 11906.8 11899.3 11890.9 11882.2 11873.6 11865.2 11856.6 11848.5 11839.6 11830.1 11818.1 11809.1 11807.2 11802.9 11796.8 11792.5 11789.9 11788.6 11788.3 11789.3 11790.4 11790.9 11790.7 11790.1 11789.3 11789.7 11793.6 11802.8 11811.7 11820.1 11827.1 11832.6 11838.1 11844.6 11860.6 11870 11852.9 11834.3 11823.9 11831.6 11854.6 11872.6 11882.9 11891.9 11916.3
11982 11959.2 11945 11942.3 11941.8 11940.5 11935.9 11930.5 11930.7 11932.6 11934.6 11935.3 11936.3 11936 11935.2 11933.7 11931.1 11926.8 11923.6 11918 11916.1 11912.5 11907.3 11900.6 11892.7 11884.5 11876.1 11867.6 11859.9 11853.1 11845.9 11838.4 11827.5 11818.7 11814.4 11806.8 11797.9 11792.4 11790.1 11788.5 11788 11788.8 11789.3 11789.5 11788.4 11786.9 11785.3 11786.2 11790.3 11797.3 11804.6 11810.7 11816.6 11822.7 11829.2 11836.5 11844.7 11866.4 11850.6 11827.7 11808.6 11820.5 11842 11845.1 11846.3 11849.8 11872.2
11995 11974.4 11960.3 11953.1 11950.2 11946.4 11940.1 11931.8 11933 11936.3 11938.4 11940.2 11940.6 11940.7 11940.3 11939.1 11936.7 11933 11929.3 11923.6 11920.4 11916 11910.4 11903.2 11895.4 11886.9 11878.5 11870.5 11863.1 11856.6 11851.7 11848.8 11844.5 11834.6 11823.9 11812 11801.3 11794.3 11791.3 11789.9 11787.9 11787.3 11788.1 11787.2 11787.6 11785.1 11783.4 11781.8 11782.2 11789 11794.7 11799.6 11806.8 11813.8 11820.5 11826.7 11832.1 11841.5 11838.8 11823.8 11806.3 11805.3 11817.3 11823.5 11832 11837.4 11846
12012.9 11990.8 11972.6 11963.6 11954.9 11953.3 11950.9 11941.8 11940.2 11941.8 11943.8 11945.3 11946.3 11947.1 11946.9 11946.5 11945.5 11944.3 11943.7 11937.6 11929.8 11922.2 11914.8 11906.7 11898 11889.2 11880.6 11872.1 11864.3 11858.1 11854.1 11854.4 11860.9 11847 11830.1 11816 11804 11795 11793.7 11792.6 11791.3 11789.8 11788.2 11788.6 11787.7 11785.3 11783.6 11780.5 11779.8 11785.3 11788 11792.2 11798.8 11806.2 11813.2 11820.5 11829.8 11836 11834.1 11827.4 11819.2 11808.3 11792.5 11805.9 11819.4 11828.5 11827.8
12033.5 12011.4 11986.4 11978.6 11965.7 11956.2 11955.1 11949.4 11948.4 11949.1 11950.2 11951.5 11952.5 11953 11953.4 11953.4 11954.3 11956.3 11960.6 11952.8 11939.9 11928.6 11918.9 11909.2 11900.1 11890.5 11881.2 11871.6 11863 11855.6 11850.1 11846.6 11843.1 11837.7 11828.2 11817.2 11807.8 11801.2 11797.7 11796.2 11794.5 11792.5 11790.8 11789 11788.3 11786.9 11785.5 11784.1 11783 11787 11784.9 11786.2 11792.8 11800 11807 11814.2 11824 11833 11831.8 11833.9 11836.8 11829.5 11801.5 11802.4 11802.8 11805.4 11816.4
12058.1 12038.9 12020.4 12004.2 11990.4 11977.3 11964.4 11956.9 11957.4 11956.9 11956.7 11957.4 11957.9 11958.6 11959.3 11960.3 11961.6 11968.1 11969.3 11960.5 11947 11934.4 11923.2 11912.6 11901.9 11890.9 11880.5 11870.7 11860.5 11851.3 11842.3 11833.2 11825 11823.5 11821.8 11816 11810.3 11805.9 11801.8 11799.8 11797.9 11796.7 11795.5 11793.4 11792.5 11790.6 11791.7 11788.9 11788.8 11784.9 11783.1 11783.6 11789.8 11795.7 11801 11806 11811 11815.4 11824.5 11835.3 11848.1 11856.2 11825.2 11816 11813.7 11809.3 11818.8
12084.4 12064.9 12048.1 12029.7 12014.5 12002.2 11990.3 11977.5 11969.4 11965.3 11963 11962.5 11962.7 11964.2 11965.6 11967.4 11968.5 11972.5 11965.2 11961.4 11951.6 11939.1 11927.1 11915 11903.1 11891.3 11879.9 11868.2 11857 11846.2 11835 11823.6 11813.5 11813.9 11816.2 11813.9 11810.8 11807.3 11805 11803.4 11803.2 11802.7 11802.3 11800.5 11799.9 11800.6 11797.7 11793.4 11790.2 11785.5 11783.9 11787.1 11791 11795 11798.6 11800.9 11801.2 11804.4 11817.8 11832.1 11844.8 11849.9 11840.2 11830.6 11830.2 11825.2 11828.3
12105.2 12082.8 12067.9 12050.8 12029.6 12013 12000.6 11988.5 11979.4 11973.3 11970.8 11969.4 11969.9 11970.9 11972.6 11974.9 11976.5 11980.3 11974.8 11966.7 11955.6 11943.5 11930.7 11917.7 11904.8 11892 11879.2 11866.9 11854.5 11843 11831.2 11819.8 11811.6 11813.3 11813.6 11812.6 11810.9 11810.1 11807.7 11806.9 11807.2 11806.9 11806.2 11805.7 11804.8 11805 11803.4 11800.3 11794.2 11786.3 11785.1 11789.9 11792.8 11795.2 11797.8 11799.5 11800.9 11802.6 11815.3 11826.7 11834.3 11838 11836.2 11837 11836 11837.1 11834.6
12127.3 12087.2 12065.7 12054.2 12033.1 12015.3 11998.2 11988.6 11982 11977.8 11975.8 11975.1 11974.9 11976.6 11978.6 11981.2 11984.5 11990.8 11984 11973.7 11960.7 11947.1 11933.2 11919.4 11905.8 11892.3 11878.2 11865 11852.9 11840.9 11828.6 11820.1 11814 11813.5 11813.1 11812.4 11810.8 11807.7 11806.6 11809.7 11810.8 11810.5 11810.7 11810.4 11809.9 11809.8 11809.4 11808.5 11805.8 11797.1 11789.7 11791.7 11794.1 11796 11798.8 11802.1 11803.4 11810.6 11817.8 11823.3 11824.8 11820.4 11826.7 11836.3 11846 11839.5 11833.9
12149.8 12086.3 12049.5 12044.6 12026.5 12016.9 11999.3 11988 11984 11980.8 11979.1 11978.5 11978.8 11980.8 11982.9 11986.2 11990.2 11999.2 11997.1 11979.3 11964.2 11949.4 11934.8 11920.3 11906 11891.9 11877.9 11863.9 11850.1 11837.5 11826.7 11818.4 11812.6 11813.5 11813.4 11813.6 11813.5 11810.9 11811.6 11815.1 11815.3 11814.9 11814.4 11814.4 11814.7 11815.3 11816.4 11817.8 11818.5 11811.7 11797.6 11796.5 11796.4 11796.4 11799.5 11806.7 11816.9 11819.2 11823.1 11823.9 11822.2 11818.6 11816.1 11820.8 11830.1 11833.1 11830.8
12168.4 12111.8 12057.2 12019.4 12014.3 12009.7 11998.8 11989.5 11986.2 11985.3 11984.6 11984.3 11983.3 11984.1 11985.6 11988 11990.7 11994.7 11989 11978.1 11964.7 11950.2 11935.6 11921 11906.5 11891.9 11878.2 11863.9 11850.5 11836.3 11825.9 11817.9 11812.5 11813.8 11814.2 11815.6 11818.5 11825.2 11831.2 11822.3 11818.9 11817.3 11817 11816.8 11817.5 11818.7 11820.6 11823.2 11826.4 11823.8 11807.1 11800.8 11795.8 11793.5 11796.2 11803.1 11813.7 11824.8 11828.8 11826.3 11824.5 11823.1 11822.9 11828.1 11833.7 11832.8 11830.4
12168.3 12149.7 12089.2 12023.7 12013 12010.6 12004.3 11992.6 11991 11990.5 11989.6 11989.3 11989.1 11988.9 11989.2 11989.9 11990.3 11994.4 11987.1 11974.6 11962.8 11949.3 11935.3 11921.1 11906.6 11892 11877.3 11861.8 11846.9 11835.4 11825.5 11819.2 11813 11813.9 11814.5 11816.3 11819.4 11823.7 11824.8 11821.8 11819.7 11818.9 11818.6 11818.1 11818.5 11820 11821.1 11823.3 11826.3 11828.1 11818.4 11799.1 11787.4 11786.9 11789.1 11793.7 11803.2 11817.3 11824.6 11825.3 11826.8 11829.5 11833.3 11835.3 11836.2 11832.4 11828.8
12148.2 12172.6 12119.8 12047.7 12025.2 12016.3 12008.2 11999.2 11996.4 11996 11994.5 11991.3 11992.1 11989.2 11988.6 11987.9 11990.5 11982.6 11978.4 11970.3 11959.7 11947.4 11934.3 11920.8 11906.8 11892.5 11877.9 11863.3 11847.3 11834.7 11822.5 11813.4 11810.5 11813.6 11815 11816.6 11817.9 11817.7 11814.5 11817.9 11819.5 11820.2 11819 11819.1 11819.4 11819.7 11819.5 11819.1 11816.8 11810 11806.2 11793.5 11783.9 11781.4 11781.6 11784.4 11793.1 11804.2 11813.2 11821.1 11826.3 11831 11833.6 11831.3 11833.7 11832.1 11828.6
12110.2 12147.6 12126.2 12079.2 12043.2 12021.3 12014.9 12008.1 12002.6 11999.4 11996.6 11995 11992.3 11989.9 11987.9 11985.8 11988.1 11982.2 11975.6 11967 11956.9 11945.8 11933.8 11921.3 11908.1 11894.4 11880.2 11865.5 11851.4 11836.3 11822.3 11811.7 11810.3 11814.9 11816.8 11818.1 11818.5 11817.7 11814.8 11817.7 11820.3 11821 11820.1 11820.4 11819.8 11818.8 11817.9 11814.9 11809.7 11803.4 11794 11787.9 11781.5 11777.8 11776.4 11775.8 11784.3 11797.7 11809 11816.5 11822.6 11829.1 11834.3 11834.8 11835.5 11834.4 11832.9
12075.7 12134.5 12122.8 12089.9 12050.9 12021.3 12011 12013.5 12009.6 12006.9 12003.7 12000.1 11995.8 11992.1 11987.5 11983.9 11985.4 11984.7 11973.6 11964 11954.5 11944.6 11934 11922.5 11910.4 11897.5 11883.9 11869.5 11855.1 11840.1 11826.1 11816.1 11814.8 11819.1 11820.9 11821.8 11821.8 11821.2 11820.9 11821.1 11822.6 11823.4 11821.7 11821 11820.6 11818.5 11816 11811.1 11805.1 11798.2 11793.4 11786.6 11780 11775.7 11775.4 11777.4 11783.2 11793.5 11804 11810.3 11817 11824.5 11831.7 11835.5 11837.4 11836.2 11835.5
12086.8 12140.9 12116.6 12070.7 12043.4 12038 12023.9 12017.4 12018.3 12017.2 12012.3 12006 12000.6 11993.2 11986.2 11979.7 11976.7 11972.5 11966.2 11959.8 11952.4 11944.2 11935 11925 11914.1 11902.4 11889.8 11876.2 11861.7 11847.2 11833.2 11824.1 11825 11827 11828.1 11828.3 11827.6 11826.6 11826.8 11825.1 11825.6 11824.4 11823.9 11823.1 11822.6 11819.7 11815.7 11809.4 11802.2 11794.8 11790.8 11785.7 11777.1 11776.1 11777.1 11779 11782.7 11788.4 11795.2 11801.3 11808.4 11816.6 11826.1 11837.4 11836.1 11833.1 11832.3
12147.3 12153.7 12113.9 12058.4 12032.5 12047.7 12056.7 12035.2 12032.5 12028.3 12021.2 12011.9 12002.8 11993.9 11984.6 11975.1 11966.6 11958.1 11958.8 11955.6 11950.6 11944.1 11936.5 11927.9 11918.5 11908.3 11897.3 11885.2 11872 11857.4 11842.9 11834.7 11836.7 11837.7 11837.7 11836.7 11834.9 11832.6 11830.2 11828.1 11829.8 11829.1 11828.3 11826.7 11824.3 11821 11816.6 11811 11804.3 11795.8 11788.5 11785.6 11783.5 11781.6 11780.3 11780.8 11781.4 11783.6 11785.5 11792 11798.6 11805 11812 11818.3 11823.4 11822.1 11820
12190.9 12174.1 12120.3 12061.4 12028 12031.6 12051 12059.5 12051.5 12039.7 12029.1 12018.6 12008.1 11997.1 11985.7 11974.4 11963.7 11956.2 11956.2 11954.3 11950.6 11945.4 11939.1 11931.9 11924 11915.5 11906.4 11896.7 11885.9 11873.4 11857.1 11849.9 11852.6 11851.9 11849.8 11847.1 11843.8 11840.1 11837.2 11833.9 11834.3 11833.8 11832.2 11830 11827.1 11823.5 11819.6 11814.6 11809.2 11803.9 11797.8 11791.1 11790.9 11787.9 11781.8 11779.7 11779.7 11780.6 11782.5 11785.4 11789.6 11792.7 11794.2 11796 11804.3 11806.2 11805
12171.6 12179.6 12127.1 12074.7 12039.4 12031.3 12039.1 12060.7 12059.1 12045.9 12032.7 12021.5 12010.4 11999.2 11988 11976.9 11967 11960.3 11958.5 11956 11952.5 11948 11942.7 11936.7 11930.2 11923.4 11916.6 11909.7 11903.1 11895.8 11887.3 11878.1 11874.1 11869 11864 11859.2 11854.5 11849.6 11844.7 11839.7 11838.4 11840.1 11837.8 11834.7 11831.4 11827.6 11823.9 11819.8 11815.6 11812.2 11806.7 11797.6 11792.3 11787 11781.5 11778.5 11779.5 11779.7 11778.7 11780.7 11784.6 11784.6 11778.5 11776.5 11785.3 11792 11794.4
12112.9 12147.4 12124.5 12084.9 12048.1 12029 12029.1 12041 12050.4 12044 12033 12021.8 12011 12000.4 11990.3 11981.1 11974 11966.8 11963.5 11959.8 11956 11951.8 11947.1 11942.1 11936.9 11931.7 11926.8 11922.7 11920.1 11920.7 11923 11908.2 11895.6 11885.5 11877.6 11870.9 11865 11859.8 11855.8 11851.7 11847.6 11847.3 11843.7 11839.9 11835.6 11831.5 11827.5 11824.1 11820.7 11817.7 11812.7 11799.3 11791.6 11785.8 11782.8 11782.3 11783.2 11783.6 11782.6 11783.9 11786.5 11786.5 11783 11779.5 11777.6 11784.8 11789.8
12097.5 12137.3 12126.9 12095.4 12057 12028.5 12029.9 12036.1 12042.8 12040.1 12032.5 12022.1 12011.6 12001.9 11993.3 11986 11979.3 11972.9 11969.3 11964.9 11960.7 11956.6 11952.3 11948 11943.6 11939.5 11935.8 11933.2 11932.2 11934.9 11937.6 11923.9 11910.3 11898.5 11889 11881.1 11874.6 11869.4 11866.4 11864.4 11855.5 11853.6 11848.9 11844.2 11839.3 11834.9 11831 11827.2 11824.1 11820.6 11815.2 11803 11794.5 11788.8 11788.9 11789.1 11790 11790.6 11792 11793.6 11791.7 11792.2 11797.4 11793.9 11778.1 11783.7 11791
12092.6 12158.3 12138.7 12110.4 12075.9 12050.1 12042.6 12041 12042.6 12039 12032.4 12023.2 12014.2 12005.2 11997.2 11992.1 11989 11979.5 11974.8 11970.1 11966 11962.1 11958.1 11954.2 11950.4 11946.9 11943.8 11941.3 11940.5 11937.9 11935.5 11927.4 11918.6 11908.3 11898.9 11890.6 11883.5 11877.4 11872.3 11865.2 11860.2 11858.8 11853.7 11848.4 11843.3 11838.5 11834 11829.8 11826 11822.3 11816 11808.2 11801.7 11796.5 11799.7 11799.5 11797.8 11796.9 11796.5 11796 11793.1 11792.5 11794.4 11793.3 11783.7 11782 11786.5
12099.1 12158.6 12149.3 12128.2 12101.3 12074.2 12058.6 12054.7 12048.7 12038.2 12031 12024.3 12016.5 12007.8 11999.1 11991.4 11987.8 11981.1 11978.7 11975.6 11972.1 11968.5 11964.8 11961.2 11957.6 11954.3 11951.3 11948.5 11946.7 11940.1 11930.1 11929.2 11924.1 11915.3 11906.3 11897.8 11890.2 11883.4 11877.2 11871.4 11864.3 11862.8 11857.6 11852.1 11846.9 11841.6 11836.6 11831.5 11827.4 11823.1 11820.3 11817.7 11810.9 11807.1 11808.1 11807.6 11804.7 11801.8 11798.5 11792.3 11792.3 11789.4 11786 11788.9 11785.6 11782.8 11787.2
12122.9 12148.6 12154.2 12143.5 12116.8 12081.6 12066.1 12055.8 12041.7 12034.7 12029.7 12025.6 12018.3 12009.9 12000.3 11989.1 11979 11979.9 11982.2 11980.1 11977.2 11973.9 11970.4 11967 11963.5 11960.2 11957.2 11954.6 11953.9 11952.8 11947.3 11938 11929.6 11920.8 11911.9 11903.4 11895.5 11888.2 11881.2 11874.1 11867.2 11866.2 11860.7 11855.1 11849.2 11843.5 11837.8 11832.5 11827.8 11823 11819 11815.5 11813 11813.9 11819.6 11814.2 11809.4 11806 11803.3 11800.6 11795.6 11788.9 11785.4 11791.3 11787.5 11785 11788.8
12142.3 12145.5 12159.5 12157.7 12137 12084.5 12066.7 12061 12041 12035.1 12030.8 12027.2 12020.6 12012.9 12004.1 11994.4 11987.2 11985 11983.5 11985.1 11982.4 11979.3 11976 11972.7 11969.3 11966.1 11962.9 11960 11958.6 11957.8 11952.6 11943.7 11934.2 11925.2 11916.1 11907.4 11899.2 11891.7 11884.8 11878.1 11871.2 11868.5 11862 11855.4 11849.5 11843.7 11837.8 11832.5 11827.3 11821.1 11814.9 11810.4 11811.1 11813.8 11818 11814.5 11811 11808.7 11807.9 11808.3 11801 11790.5 11786.3 11791.5 11789.2 11787.3 11789.9
12145.4 12154.5 12162.2 12165.2 12143.7 12079.9 12058.9 12052.3 12046.9 12039.8 12034.6 12031 12025 12018.3 12011.2 12004.1 11997.6 11992.8 11990.2 11990.9 11987.8 11984.6 11981.2 11977.9 11974.5 11971.1 11967.6 11963.9 11960.4 11955.6 11950.3 11945.2 11937.1 11928.2 11919 11909.9 11901.3 11893.5 11887 11882.3 11875.4 11869.7 11862.1 11855.5 11849.4 11843.9 11838.6 11833.6 11827.8 11821.3 11814.5 11809.5 11811.1 11810.8 11807.9 11809.6 11809.5 11808.4 11807.2 11806.2 11799.7 11792.6 11789.7 11791.5 11790.7 11792 11794.1
12111 12130.5 12150.2 12155.8 12133.7 12062.6 12046.1 12041.1 12042.7 12043.3 12039.4 12034.8 12029.3 12023.7 12018 12012.8 12006.8 12000.3 11996.1 11996.2 11992.6 11989 11985.6 11982.3 11979.1 11975.7 11972 11967.7 11962.8 11957.3 11951.1 11946.9 11939.5 11930.7 11921.2 11911.5 11902.1 11893.5 11886.3 11881 11874.4 11867.6 11860.3 11854.3 11849.2 11844.6 11840.1 11835.3 11830.8 11825.2 11820 11815.4 11810.9 11808.9 11805.3 11807.1 11807.3 11806.1 11803.8 11798.5 11795.3 11795.3 11795.7 11796.9 11798.4 11802.8 11801.7
12077.1 12119 12140.1 12130.8 12093.5 12048.5 12039.4 12038.4 12042.6 12046.3 12043.8 12039.2 12034 12029.1 12024.1 12018.3 12012 12006 12000.3 11995.5 11995.9 11992.1 11988.6 11985.5 11982.5 11979.5 11976 11971.8 11968.9 11961 11954.9 11949.5 11941.5 11932.1 11921.9 11911.3 11900.8 11890.7 11881.4 11874.1 11868.1 11856.5 11855.3 11851.8 11848.8 11845.6 11842.2 11838.5 11834.6 11830.8 11827.6 11825.5 11824 11816 11810.6 11808.3 11807.1 11805.4 11802.7 11799.4 11797.5 11797.8 11800.3 11804.4 11807.5 11808.7 11808.7
