real_craters/C112-500m.grd
DSAA
142 142
-35.2275 35.2275
-35.2275 35.2275
10687.284577754 12190.901711624
[rows 30 to 59 of 142, columns 67 to 133 of 142]
11650.1 11636.8 11625.2 11620.8 11625.6 11634.1 11640.1 11642.7 11641.2 11637.8 11633.6 11631.8 11628.5 11624.8 11620.6 11615.4 11611.7 11607.6 11605 11605.5 11599.3 11593.7 11593.1 11586.4 11580.5 11580.4 11578.5 11576.2 11573 11573 11576.1 11580.7 11587.3 11593.6 11585.1 11580.9 11574.9 11567.3 11558.9 11550.1 11540.4 11530.4 11520.3 11510.1 11500.1 11490.2 11478.4 11470.2 11459.3 11458.5 11456 11455.4 11455 11453.9 11452.9 11452.3 11452.8 11456.6 11460.2 11461.5 11464.9 11469.4 11474.7 11478.8 11483.7 11488.2 11491.1
11657.7 11646.1 11637.2 11633.2 11634.5 11639.4 11645 11647 11647.4 11644.6 11641.4 11640.1 11637.1 11633.8 11629.4 11623.8 11617.3 11609.5 11601.9 11598.7 11595.9 11591.6 11584.4 11584.7 11586.4 11580.5 11575.2 11572.6 11572.1 11571.3 11571.9 11577.7 11584.1 11590.4 11582.5 11579.2 11573.4 11566.9 11558.2 11549.2 11540.3 11530.8 11521.5 11511.5 11501.9 11492.6 11481.2 11473.1 11461.7 11462.6 11462.6 11461.3 11459.3 11458.4 11458.1 11458.8 11461.5 11467.8 11470.5 11468.7 11470.8 11474.1 11478.1 11482.6 11485.1 11487.9 11488.8
11663.9 11654.9 11647.7 11642.6 11643.2 11645.2 11647.8 11652.2 11655.1 11656.8 11653.3 11648.7 11644.4 11641.2 11637.7 11633.2 11623.5 11612.7 11600.5 11593.7 11592.6 11587.7 11583.8 11584.7 11586.8 11584.1 11578.5 11575.4 11575 11574.1 11574.7 11578.5 11583.5 11587.5 11580.6 11576.3 11571.6 11565.1 11557.5 11550 11541.3 11532.6 11523.9 11514.6 11505.3 11496.4 11484.9 11477 11464.2 11462.2 11461.8 11463 11462.9 11462.7 11463 11464 11465.9 11468.4 11469.6 11471.2 11474 11476.7 11480.2 11482.8 11485.3 11486.7 11486.7
11670.1 11663.4 11658 11655.3 11654.7 11654.7 11655.6 11658.2 11660.8 11662.6 11660.7 11655.1 11651.4 11648.3 11645.7 11641.4 11632.1 11624.1 11612.4 11599.8 11596.9 11595.5 11598.5 11598.3 11596.9 11593.8 11586.8 11584.2 11583.1 11581.2 11579.5 11581.5 11583 11587.6 11581.1 11576.5 11571.2 11564 11556.6 11548.9 11540.8 11533 11524.5 11516.1 11507.5 11498.9 11489.7 11480.9 11473.6 11463.7 11460.5 11464.6 11465.9 11466.6 11467.4 11468.3 11468.6 11468.2 11468 11471.6 11476.4 11480.3 11482.9 11484.1 11485 11485 11484.7
11677.1 11671.7 11666.9 11665.8 11665.1 11665.6 11665.1 11664.2 11664.2 11663.4 11660.6 11659 11656.5 11654.4 11653.1 11650.1 11643.3 11637.5 11630.2 11617.6 11610.7 11606.9 11617.7 11622.4 11616.3 11610.5 11604.1 11598.6 11594.8 11591.4 11588.7 11589 11588.7 11590.4 11583.2 11577.8 11570.8 11564.4 11557.6 11549.8 11541.6 11534.4 11526.4 11518.5 11510.3 11502.5 11494 11486.2 11479.9 11472.7 11474.4 11469.5 11470.1 11470.8 11471.8 11472.9 11472.9 11471.2 11468.9 11475.1 11480.6 11484.1 11485.3 11485.2 11483.5 11482 11480.1
11684.5 11679.4 11673.7 11670.5 11668.9 11669.8 11670.5 11669.2 11667 11665.2 11664.7 11663 11660.8 11659.1 11659 11661.6 11657.5 11645.3 11634.4 11636.4 11630.9 11623.1 11631 11637.5 11631.9 11626.7 11622.7 11614.6 11607.3 11602.4 11600.3 11598.6 11597.8 11595.4 11586.4 11579.9 11572.9 11565.9 11558.4 11550.9 11543.2 11535.3 11527.6 11520 11513.4 11506.4 11498.8 11492 11486.6 11479.4 11478.7 11477 11475.2 11475.3 11476.6 11478.2 11479.7 11480.8 11479.1 11485.5 11488.8 11489 11487.8 11485.1 11481.6 11478.1 11473.6
11692.7 11687.7 11680.3 11675 11672.3 11674.1 11675.7 11675.3 11673.2 11671 11670 11668.3 11665.3 11662.2 11660.3 11666.2 11666.2 11654.7 11644.9 11648 11644.2 11634.7 11633.8 11642.8 11638.2 11636.7 11634.6 11625.2 11616.5 11609.9 11606.4 11603.9 11602.1 11598.6 11589 11581.4 11573.5 11566.1 11558.6 11551.1 11543.8 11536.5 11529.5 11522.3 11514.6 11507.7 11501.5 11496.1 11491.6 11484.4 11483.5 11480.7 11479.2 11479.1 11481 11484.6 11489 11495.6 11502.8 11503 11499.5 11496 11491.8 11486.5 11481.8 11476.4 11469.7
11702.7 11698.1 11692.3 11684.9 11680.9 11683.4 11685 11683.4 11681.6 11679.3 11678.9 11673.1 11668.6 11664.8 11661.3 11666.7 11670.4 11665.5 11659.4 11655.5 11648.9 11639.4 11632.6 11633.6 11638 11640.5 11638.5 11631.2 11622 11613.6 11606.2 11601 11601 11597.1 11591.9 11580.5 11573.4 11565.9 11558.4 11551.9 11545.4 11537.8 11531 11523.4 11516.2 11510.4 11504.9 11500.9 11497.3 11489.8 11489.1 11485.2 11482 11482.2 11485.3 11490.2 11497.1 11506.3 11517 11517.5 11509.7 11502.4 11496 11490.3 11483 11476.2 11468.6
11715.2 11712.3 11708.2 11702.4 11697.3 11703.3 11699.4 11693.9 11687 11683.5 11679.5 11676 11672.6 11669.8 11669.2 11671 11674.6 11674.5 11672.1 11661.3 11651.6 11643.2 11639.5 11632.9 11638.2 11642.2 11641.7 11634.2 11625.6 11616.2 11606.5 11599 11597.6 11593.8 11588.5 11579 11571.6 11563.9 11556.9 11549.8 11543.2 11536.6 11529.5 11523.7 11517.4 11512.2 11506.8 11503.8 11501.3 11494.9 11497.1 11489.6 11482.2 11483.3 11487.6 11493.7 11501.5 11511 11523.6 11523.3 11514 11506.6 11497.8 11491.3 11484.7 11477.6 11469.8
11730.2 11730.7 11729.9 11728.7 11726.8 11724.1 11716.8 11708 11699.6 11692.1 11686.7 11681.9 11677.8 11675.6 11676.6 11679 11679.8 11680.5 11675.5 11661.2 11652.3 11647.4 11645.7 11642.8 11641.2 11641.5 11640.3 11636.1 11628.7 11619.8 11610.1 11602.1 11596.4 11590.4 11584.9 11575.2 11567.4 11560.7 11553.4 11546.5 11539.7 11533.5 11527.4 11521.5 11515.5 11510.4 11506.3 11504.3 11503 11495.8 11497.8 11489.7 11481.1 11483.4 11488.4 11494.6 11501.9 11509.4 11516.1 11515.9 11512.8 11508 11498.5 11492.1 11486.5 11480.3 11473
11748.7 11753.1 11756.8 11758.7 11750.1 11741.8 11737.8 11725.2 11711.1 11702.3 11696 11690.1 11684 11680.1 11679.4 11680.2 11682.8 11681.6 11674.6 11662.9 11658.7 11651.4 11643.6 11641.1 11643.8 11644.9 11643.8 11639.6 11632.7 11623.8 11613.8 11601.7 11596.3 11589.3 11581.4 11571 11562.3 11553.5 11547.1 11540.1 11534.5 11528.7 11522.8 11516.9 11512 11507.9 11505.1 11501.3 11499.9 11497.2 11491.3 11486 11480.5 11484.4 11489.6 11495.8 11501.4 11506.9 11512.6 11512.2 11511.3 11508.2 11502.8 11493.3 11487.1 11480.6 11474.7
11773.4 11781.1 11786.9 11796 11798.9 11787.3 11767.1 11745.4 11727 11713.5 11703.4 11695.8 11692.3 11688.1 11681 11689 11686.4 11679.2 11672.1 11666.3 11658.1 11653 11644.8 11643.7 11648.2 11654.1 11650.4 11643.3 11636.6 11629 11619.9 11609.6 11599.9 11589.5 11578.9 11568.1 11559.3 11547.2 11539.3 11532 11523.4 11517.2 11513.1 11508.3 11506.2 11504 11501.5 11497.8 11497.3 11493.2 11486 11481.9 11483.9 11486.1 11490.7 11496.1 11501.4 11506 11511.3 11512.2 11511.7 11509.8 11505 11494.2 11488.2 11482.3 11477.4
11803.3 11814.1 11822.9 11836.8 11846 11830.5 11794.4 11764.3 11740.5 11726.7 11713 11703.8 11705 11707.4 11704.8 11702.2 11694.6 11680.9 11667.8 11656.4 11657.9 11654.6 11649.2 11649.7 11649 11650.4 11650.8 11646.3 11640.4 11634.5 11628.2 11619.3 11606.2 11586.8 11573.4 11561.6 11550.7 11540.5 11533.8 11526.4 11521 11517.5 11512.9 11508.9 11504.1 11500.3 11496.6 11493.4 11494.6 11489.5 11485.1 11487.9 11485.5 11488.5 11492.5 11497.2 11502.1 11507.1 11513.5 11515.3 11515.4 11512.8 11508 11498.2 11492.4 11486.4 11480.8
11830.2 11842.3 11850.1 11859.4 11859.2 11843.8 11811.6 11787 11763.7 11743.9 11729.7 11720.2 11723.1 11729 11737.7 11724.4 11707.2 11692.4 11678.1 11666.1 11654.9 11654.1 11655.9 11655.9 11647.2 11651.8 11651.1 11647.7 11642.8 11638.8 11635.8 11634.2 11619.9 11590.3 11570.6 11555 11545.1 11535.6 11528.6 11525.7 11521.4 11516.6 11512.1 11507.1 11503.7 11499.1 11494.9 11491.3 11490.6 11486.8 11483 11488.3 11488.8 11490.6 11493.8 11498.2 11503.6 11509.6 11517.6 11522.2 11522 11517.6 11512.5 11502 11495.6 11489.1 11482.4
11864.5 11875.3 11880.4 11877.6 11853.2 11837.4 11815.7 11798.7 11779.9 11758.3 11747.8 11745.9 11739.5 11740.4 11737.2 11726 11715.3 11708.8 11695.2 11686.3 11681.7 11672.2 11673.2 11662.5 11661.6 11654.9 11652.1 11647.2 11641.9 11636.8 11634.3 11635.6 11622.4 11588.4 11565 11552.2 11538 11530 11524.3 11518.5 11514 11509.3 11505.9 11501.6 11498.3 11493.5 11490.9 11486.3 11485.3 11481.2 11475.6 11477.4 11484.7 11490.1 11492.9 11497.9 11504.3 11511.6 11519.4 11528.1 11527.9 11522.6 11516.8 11504.9 11497.7 11490.4 11483.4
11904.9 11917.2 11924.5 11919.5 11874.1 11844.5 11826.1 11789.2 11773.3 11768 11762.9 11757.2 11748.8 11741.9 11731 11720.5 11715.1 11709.5 11700.4 11690.2 11683.1 11658.8 11656.5 11663.6 11670 11663.4 11653.5 11644.7 11637.1 11629.9 11621.5 11609.5 11588.5 11569.2 11552 11539.9 11528.4 11522.5 11517.8 11513.7 11510.1 11505.6 11501 11497.5 11492.5 11488.5 11484.3 11480.8 11481 11475.1 11467.9 11468.5 11478 11482.8 11488.5 11495.9 11504.2 11512.8 11521.4 11530.8 11531.5 11526.8 11520.7 11511.1 11499.4 11491.1 11482.4
11939.6 11948.9 11970.6 11998.5 12004.6 11927.2 11877.2 11814.4 11792.3 11787.8 11780.7 11775.7 11754 11734 11714.8 11717.7 11716.1 11708.8 11703.1 11694.8 11690.7 11694.6 11688.8 11678.4 11676.2 11661.7 11651.5 11642.8 11633.5 11623.2 11608.8 11587.9 11562.4 11546.9 11533.1 11522.4 11515.7 11513.5 11510.7 11510.4 11507 11503.7 11500.5 11496.4 11491.8 11487.4 11482.8 11478.1 11475.6 11470.9 11461.7 11460.9 11462.3 11470.3 11482.3 11493.3 11503.4 11512.9 11521.7 11532.1 11533.3 11528.9 11522.7 11515.2 11506.5 11490.9 11481.3
11958.8 11965.2 11984.3 12021.8 12055.4 12043 11951.9 11865.6 11834.7 11824 11809.6 11779.5 11760.7 11754.1 11739.4 11733.3 11723.4 11714.3 11708.2 11713.4 11707.8 11687.7 11669.2 11665.7 11661.1 11652.8 11647.4 11639.4 11629.9 11618 11602.2 11582.2 11558.3 11531.3 11504.6 11506.7 11507.9 11507.8 11509.4 11506.9 11506.4 11503.1 11500.7 11496.8 11492.4 11488.1 11484.6 11479.5 11475.9 11469.6 11461.1 11454.9 11454.8 11464.7 11479.2 11492.5 11503.6 11513.3 11521.3 11529.6 11530.2 11529.4 11525 11518 11501.7 11491.8 11481.3
11955.7 11957.6 11963.2 11965.7 11985.4 12014.8 11963.1 11906.1 11882.1 11872.5 11861.8 11836.1 11809.1 11794.1 11797.6 11762.5 11735.2 11716.6 11706.8 11702.9 11701.4 11676.1 11653.7 11648.5 11645.2 11644.2 11644.2 11638.3 11629.4 11618.1 11602.3 11584 11565.9 11532.5 11497.2 11509.6 11513.2 11513 11509.8 11508.2 11504.9 11501.4 11501.3 11496.9 11493.6 11489.1 11485.5 11479.7 11474.6 11470.7 11462.4 11456.4 11458.5 11469.5 11482.2 11494.9 11506 11515.8 11523.2 11530.3 11530.1 11531.6 11528.4 11520.9 11503.3 11493 11481.6
11934.1 11935.1 11939 11923.1 11930 11937.9 11936.4 11928.4 11925.7 11922.6 11926.3 11938.1 11918.4 11831.4 11825.5 11785.4 11743.9 11715.6 11703.7 11693.6 11696.5 11676.7 11652.9 11639.9 11633.2 11643.9 11644.2 11639.5 11632 11620 11605.7 11587.6 11563.9 11550.1 11551.9 11541.4 11527.3 11522.2 11520.5 11516.7 11514 11509.7 11505.6 11503.1 11499 11492.8 11486.9 11482.9 11477.1 11474 11467.9 11463.4 11467 11477.4 11488.7 11499.9 11510.4 11520.4 11528.7 11537.3 11536.3 11539.1 11533.3 11523.9 11512.1 11493.9 11481.6
11889.7 11896.9 11925.6 11973.7 11969.3 11968.8 11991.2 11987 11958.7 11950 11962.7 11993.2 11983.9 11864.4 11832.3 11806.4 11772.2 11735.9 11710.3 11696 11686.7 11669.5 11658.4 11647.3 11641.2 11649 11650.7 11646.1 11638.8 11627.1 11614.5 11599.3 11583.8 11575.7 11572.2 11554.7 11536.5 11530.1 11527.2 11524.3 11520.5 11517.9 11512.6 11508.5 11504.2 11499.8 11496.4 11490.9 11485.6 11481.8 11476.8 11472.9 11475.2 11489.3 11496.4 11505.9 11515.8 11525.6 11535.6 11549.5 11558.9 11551.2 11538.9 11526.1 11513.1 11494.6 11482.4
11816 11825.8 11865.3 11926.1 11938.3 11967 12019.2 11993.9 11942 11933.1 11951.6 11979.7 11980.2 11942.2 11892.7 11841.7 11785.7 11750.8 11721.2 11696.2 11689.6 11674.3 11676.5 11672 11665.5 11665.7 11664.4 11659.8 11650.1 11637.5 11623 11611.1 11607.6 11596.4 11559.2 11541.2 11537.2 11534.8 11531.7 11528.3 11525.1 11521.7 11517.9 11515 11510.4 11506.7 11502.3 11498.1 11493.8 11489.4 11486.7 11483.4 11489.5 11494.9 11502.8 11511.7 11520.7 11530.1 11540 11554.5 11565.4 11555.6 11540.6 11526.7 11508.4 11495.5 11483.5
11721.2 11718.2 11736.5 11763.5 11781.7 11806.3 11843.9 11853.1 11839 11858.8 11894.8 11940.8 11980.7 11986.6 11950.6 11889.4 11822.8 11782.8 11747.7 11721.4 11711.5 11704.7 11715.3 11713 11703.3 11696 11686.6 11678 11669.9 11653.6 11635.4 11615.5 11594 11568.7 11549.2 11539 11545.8 11541.2 11536.8 11533.1 11532.5 11528.9 11524.2 11520.3 11516.5 11512.7 11509.1 11505.4 11501.4 11499.4 11497.4 11493.2 11495.6 11500.3 11508.8 11516.9 11524.3 11532 11539.6 11547.2 11554.2 11547.5 11536.6 11524.9 11512.5 11496.5 11485.2
11595.9 11573 11560.5 11553.8 11570.8 11579 11566.3 11617.6 11673.8 11730.5 11795.5 11866.9 11934.5 11959 11955.4 11931.8 11878.9 11832 11784.9 11761.6 11761.2 11782.6 11801.8 11775.8 11747.6 11731.4 11721.2 11713.2 11698 11676 11650.8 11620.7 11586.3 11556.3 11558.2 11563.1 11559.7 11552.1 11546.6 11543 11539.1 11535.8 11531.9 11528.6 11524.7 11521.3 11518 11517.1 11514.2 11512.9 11509.9 11504.5 11504.1 11510.3 11517.1 11522.7 11527.6 11532.3 11536.5 11539.3 11539.9 11535.5 11529.9 11521.6 11511.1 11496.8 11486.6
11462.4 11421.2 11386.8 11354.7 11360 11365.1 11353 11414.8 11496.9 11576.7 11655.8 11748.3 11864.9 11947.9 11923.8 11922.9 11949.4 11838.2 11787.1 11786.1 11812 11858.2 11886.9 11856 11832.4 11797.2 11775.1 11762.5 11741.8 11711.7 11676.1 11636.6 11597.9 11568.7 11570 11577.8 11572.5 11563.8 11555.5 11550.9 11547.6 11543.8 11541 11537.3 11534.4 11531.7 11529 11527 11525.4 11525.3 11522.1 11519.1 11516.2 11520.3 11526.3 11528.4 11529.9 11531.3 11532.7 11533.2 11534.9 11530.9 11523.5 11515.6 11508 11496.6 11487.8
11339.3 11285.8 11237.6 11200.7 11188.6 11187.7 11193.7 11258.1 11337.9 11418.1 11497.9 11585.3 11682.8 11777.9 11799.5 11791 11773.8 11739.2 11704.8 11744.9 11832.4 11882.2 11889.9 11901.2 11888.7 11850.5 11837.8 11826.1 11794.9 11754.1 11708.9 11661.9 11617.7 11585.6 11577.6 11578.5 11577.6 11570 11565 11560.9 11558.9 11555.5 11554.1 11550.5 11548.2 11545 11543.4 11541.2 11538.1 11537 11533.9 11532.3 11530.9 11534.7 11536.3 11533.2 11531.8 11530.9 11529.4 11528 11527.9 11522.6 11517.7 11511.9 11505 11497.3 11490.1
11217.9 11157.6 11105 11064.5 11047 11040.9 11053.3 11128.7 11202.5 11271.9 11336.9 11400.3 11486.9 11586.7 11638.1 11652.3 11636.1 11630.3 11605.5 11681.7 11833.8 11874.1 11847.9 11882 11897.8 11917.7 11939.6 11895.4 11847.4 11795.5 11740.7 11687.8 11637.7 11596.7 11582.9 11585.2 11580.7 11574.7 11568.7 11566 11562.5 11563.1 11560.2 11560.8 11558.8 11557.5 11555.1 11554.8 11553.4 11549.8 11548.2 11546.5 11545.1 11546 11539.8 11535.5 11533 11530.3 11527.2 11523.7 11521.9 11517.7 11511.6 11506.6 11501.9 11496.3 11490.8
11102.6 11043.8 10995.2 10957.6 10936.5 10931.6 10952.7 11025.3 11089.4 11145.7 11191.5 11224.3 11257.8 11376.1 11493.5 11595.5 11614.9 11569.7 11524.8 11597.3 11697.4 11762.6 11843.5 11882.9 11888.7 11929.4 11982.1 11948.7 11894 11834.7 11777.1 11718.4 11662.2 11614.7 11590 11583.2 11579.2 11575.7 11572 11569.3 11571.3 11569.2 11571.4 11570.8 11571.6 11569 11566.7 11565.3 11562.5 11561.3 11560.9 11559.8 11558.4 11554.7 11540 11537.2 11533.5 11529 11524.6 11519.6 11515.9 11508.9 11505.8 11502.1 11500 11495.7 11491.5
11008.6 10941.8 10880.1 10853.7 10848.9 10854.2 10887.5 10951.7 11001.1 11047.2 11082.2 11100.7 11113.1 11215.1 11357.8 11477.6 11540.6 11539.2 11535.2 11552.2 11564.1 11611.9 11756.4 11837.8 11857.6 11909.2 11995.8 11977.1 11931.5 11873.4 11810.2 11748.3 11688.5 11634.8 11601.2 11592.5 11586.2 11580.4 11574.4 11576.2 11575.8 11580.6 11580.6 11582 11580.4 11579.3 11579 11576.7 11574.4 11572.4 11573.3 11571.6 11569.5 11574 11551.9 11543.3 11534.7 11527.4 11521.8 11516.3 11512.3 11506 11503.9 11499.5 11497.1 11495.3 11491.7
10927.3 10861.1 10801.2 10784.6 10792.3 10806.3 10831.6 10879.4 10934.9 10976 11008.8 11036.3 11072.3 11172.6 11243.8 11311.2 11421.3 11524.4 11566.9 11562.9 11555.2 11558.8 11651.9 11721.3 11796.9 11882.6 11974.8 11982.4 11952.8 11902.6 11843.2 11781.7 11719.9 11662.4 11622.5 11606.5 11595 11587 11582.4 11581.9 11582.2 11582.1 11585.5 11585 11589.3 11587.8 11584.9 11582.7 11580.4 11577.7 11580.2 11577.3 11570.3 11572 11568.3 11548.5 11534.3 11525.6 11519.2 11514 11509.7 11508 11504.3 11500.1 11496.6 11496.5 11494.1
