real_craters/C112-500m.grd
DSAA
142 142
-35.2275 35.2275
-35.2275 35.2275
10687.284577754 12190.901711624
[rows 90 to 119 of 142, columns 67 to 133 of 142]
12008.1 12065.2 12086.6 11995.3 11952.4 11940.2 11971.1 12038 12104.2 12073.3 12080.4 12061.9 11997.5 11965 11940.4 11909.7 11876.1 11856.9 11845.2 11841.4 11817 11802.8 11791.2 11779.8 11764.4 11749.3 11734.7 11717.9 11704.5 11699.5 11709.4 11715.4 11722 11728.6 11733.2 11735.4 11732.8 11722.2 11702.4 11688.9 11678.5 11671.4 11663.6 11663 11663 11660.1 11657.1 11655.5 11651.5 11648.6 11647.3 11643 11641.8 11640 11642.3 11644.7 11644.4 11635.4 11565.9 11533.9 11531 11532.3 11534.9 11537.5 11537.3 11541.3 11548.5
11984.5 12006.5 12018.5 12005.5 11984.8 11991.3 12020.9 12075.3 12075.8 12047.3 12017.2 11949.2 11919.6 11885.5 11852.3 11839 11840.2 11848.2 11830.3 11813.3 11801.8 11791 11781.9 11774.5 11768.9 11767.1 11747.2 11728.1 11707 11695.5 11703.6 11712.9 11721.6 11730.2 11736 11738.9 11736.2 11726.1 11707.7 11695.3 11684.4 11681.5 11674.5 11673.7 11669.9 11668.1 11664.5 11665.8 11660.2 11658.4 11653 11651 11648 11646.1 11647.7 11648 11644.7 11635.7 11579.7 11538.6 11534.5 11537 11541.7 11546.5 11549.7 11552.7 11560.5
11933 11944.9 11961.9 11973.8 11981.5 11997.3 12018.3 12036.4 12033.1 12007.3 11968.5 11923.2 11886.7 11861.5 11846.1 11848.9 11838.8 11829.4 11808.2 11788.3 11785 11780.4 11774.9 11770.3 11765.9 11759.8 11741.8 11719.8 11708 11700.3 11703.6 11713 11725.1 11735.4 11743.4 11748.4 11749 11743.6 11731.6 11720.5 11706.7 11700.9 11691.6 11689.9 11683.9 11681.4 11677.9 11675.3 11670.8 11671.6 11665.6 11661.5 11657.4 11655.2 11650.5 11646.9 11634.3 11614.3 11576 11547.1 11543.3 11545.3 11550.9 11557.7 11565.2 11574.5 11582.5
11886.8 11897 11917.4 11937.3 11954.9 11969.6 11984.1 11983.7 12001.1 11978.6 11934 11893.8 11867 11849.5 11848.8 11852.8 11838.7 11816.6 11793.6 11778.6 11776.9 11775.9 11773.6 11768 11762.4 11752.1 11737.3 11720.9 11712.4 11706.2 11708.8 11719 11731.2 11742.4 11751.9 11760.7 11766.8 11769.8 11768.1 11758.1 11743 11727 11710.6 11704.9 11697.9 11696.8 11689.7 11688.6 11683.8 11679.8 11674.2 11674.1 11667.9 11660.6 11651.9 11642.7 11622 11589.6 11564.6 11559.6 11556.2 11558.8 11564 11571.3 11580.8 11592.8 11600.5
11851.3 11854.4 11879.2 11902.1 11921.1 11937.9 11951.5 11969.6 11995.1 11944.6 11898.9 11864.8 11846.9 11834.1 11841.5 11848.9 11838 11814.1 11788.1 11774.5 11774.9 11775.1 11773.9 11770.7 11765.1 11757.5 11746.1 11730.9 11724.6 11722.3 11724.9 11731.7 11739.9 11749.7 11760.5 11772 11784.5 11796.7 11806 11800.8 11769.2 11742.8 11728.7 11720.5 11712.4 11701.9 11694.7 11691.6 11685.4 11679.9 11682.9 11677.3 11669.6 11660.5 11649.2 11637.8 11617.5 11589.8 11573.8 11573 11570.9 11573.2 11577.6 11584.8 11592.4 11601 11606.3
11828.7 11831 11850.7 11869.4 11884.6 11897.5 11901.3 11901.6 11900.5 11889.5 11863.5 11838.1 11831.3 11834.6 11849.6 11859.1 11844.6 11822.9 11799.3 11782.8 11779.8 11779 11777.5 11774.4 11769.7 11762.4 11754 11748.3 11743.4 11737.6 11738.7 11743.8 11746.5 11755.1 11768 11783.3 11800.5 11819.1 11837.5 11840.7 11797.5 11764.9 11747.3 11736.5 11725.5 11715.5 11706.6 11696.1 11688.5 11682.6 11674.3 11669.9 11661.5 11652.6 11642.6 11638.1 11622.1 11601 11590.1 11583.7 11585.9 11589.1 11592.2 11596.1 11600.6 11603.7 11607.9
11821.8 11825.7 11839.3 11850.8 11857.1 11859 11857 11838.8 11835.9 11846.7 11839.5 11827.5 11828.1 11843.7 11863.3 11869.5 11856.7 11832.7 11804.3 11792.5 11788.6 11787.3 11784.6 11781.7 11777.4 11771.4 11765 11769.4 11762.4 11748.3 11741.8 11744 11746.5 11755.8 11769.8 11789.1 11808.8 11830.2 11848.6 11845.7 11821.3 11786.1 11766.2 11752.7 11739.1 11727.6 11718.5 11708.1 11698.1 11689 11679.3 11670.3 11661.6 11653.3 11644.9 11638.3 11629.6 11615.8 11613.5 11604.1 11605.7 11605.9 11606.4 11607.5 11608.9 11606.7 11596.9
11830.6 11838.1 11839.5 11842.6 11844.4 11842.1 11837.6 11831.1 11831.5 11831.8 11835.1 11830.7 11834.8 11853.7 11887.1 11893.2 11873 11848.1 11823.1 11809.4 11799.9 11796.8 11792.6 11789.8 11787.4 11784.5 11780.4 11776.9 11765.6 11751.1 11738.9 11732 11739.9 11753.3 11770.5 11788 11808.4 11830 11853 11883.5 11843 11805.9 11788.6 11767.9 11753.6 11740.1 11727.7 11716.9 11706.3 11696.4 11684.5 11675.9 11667.3 11658.6 11650.1 11642.9 11638.8 11634.4 11632.6 11633.3 11625 11619.8 11618.6 11618.3 11617.9 11618.5 11622.7
11837.4 11843.9 11841.5 11841.9 11841.3 11838.3 11832.1 11827.2 11825.1 11827.5 11832.8 11840 11851.9 11876.3 11900.1 11902.3 11885.5 11865.2 11846 11823.9 11813.6 11804.8 11799.4 11796.8 11796.2 11796.9 11799.4 11784.4 11767 11750.9 11737.8 11725 11734.3 11749.4 11765.9 11783 11801.8 11819.1 11834.2 11837.8 11826.3 11816 11797.5 11777.3 11763.7 11751.2 11737 11725.6 11712.1 11701.5 11691 11678.6 11669.6 11661.2 11653.7 11648.8 11646.7 11643.1 11639.5 11637.8 11633.5 11629.8 11627.8 11627 11627.2 11628.8 11631.6
11830.9 11834.3 11840.2 11843.6 11845.1 11842.7 11830.9 11820.9 11826.9 11831.4 11832.1 11854.6 11883.2 11899 11908.1 11904.7 11890.1 11871.5 11850.3 11830.3 11819.1 11809.5 11803.5 11801.2 11800.6 11801.2 11798 11783.5 11764.7 11746.7 11737.2 11730.6 11734.6 11746 11760.6 11776.7 11791.3 11802.8 11807.8 11800.9 11798.1 11796.2 11793.8 11782 11770.9 11758.7 11747.3 11734.5 11724.4 11713.4 11703 11693.1 11683.8 11674.7 11666.6 11660.1 11655.3 11649.8 11643.2 11641 11638.3 11636.2 11634.6 11634.3 11634.6 11635.8 11638
11827.6 11831.5 11840.3 11847.7 11853.7 11857 11855.5 11844.9 11845.1 11849.9 11857.9 11873.7 11896.3 11907.4 11910.7 11902.6 11888.4 11870.6 11849.9 11831.8 11819.1 11810.2 11804.5 11801.4 11800.1 11799.6 11797.4 11775.5 11743.7 11736.1 11736.6 11734.4 11736.7 11745.1 11756.6 11769 11781.1 11789.1 11792.4 11790.8 11790.1 11791.2 11794.9 11788.2 11778.1 11766.7 11753.6 11741.6 11730 11721 11712.9 11702.7 11693.1 11684.9 11676.2 11668.2 11661.3 11654.8 11646.4 11644.8 11643.1 11641 11640.1 11640.1 11640.1 11640.7 11641.3
11833.6 11835 11842 11851.2 11861.2 11873.3 11887.4 11875.2 11865.4 11868.3 11878.9 11883.2 11889.4 11899.2 11905.1 11894 11880.5 11868.4 11849.8 11824.8 11813 11806.9 11803.1 11800.1 11796.7 11792.1 11784.2 11759.3 11725.6 11727.1 11738.1 11742.1 11741.9 11745.2 11753.7 11763.4 11774 11781.6 11786 11788.3 11791.6 11800.6 11806 11795.3 11782.9 11771 11761.1 11749.9 11740.2 11729.4 11719 11712.5 11703.1 11693.5 11684.2 11675.3 11668.1 11660.4 11650.9 11648.6 11645.1 11644.7 11644.9 11645 11645.1 11644.9 11644
11825.8 11833.6 11842.8 11853.4 11865.7 11879.2 11891.4 11882.2 11874.2 11873 11877.9 11883.9 11889.1 11893.1 11889 11878.8 11864.2 11849.8 11825.1 11803 11802.2 11801.5 11799.4 11796 11790.7 11782.3 11767.6 11746.6 11729.8 11724.8 11728 11731.8 11735.5 11741.4 11749.7 11758.9 11768.6 11776.9 11783.6 11788.7 11794.1 11809.1 11815 11800.9 11789.2 11778.5 11768 11758.4 11748.1 11739.4 11729.2 11721.5 11711 11701.2 11691.5 11682.2 11672.5 11665.2 11655.1 11653 11647.6 11648.8 11649.8 11650.7 11650.8 11650.1 11648.5
11828.2 11834.1 11842.7 11852.5 11863.4 11873.9 11883.7 11880.7 11872.7 11867.6 11868.1 11877.4 11893.6 11890.1 11879.6 11859.9 11843 11823.1 11803.9 11791.4 11796.6 11797.8 11795.7 11791.3 11785 11776 11763.9 11749.5 11730.4 11724.1 11726.9 11730 11728.9 11736.2 11745.1 11754.9 11765.1 11775.2 11784.4 11793.2 11799.6 11805 11804.2 11799.2 11791.7 11783.1 11774.3 11762.1 11753.7 11743.1 11732.4 11722.9 11713.6 11704.7 11696.3 11686.6 11677.2 11670.5 11658.9 11655.5 11652.7 11655.1 11656.7 11657.7 11657.9 11657.6 11655.6
11830.6 11835.4 11841.6 11849 11856.5 11863.3 11866.2 11867.8 11863.7 11859.9 11859.6 11861.1 11853.8 11852.4 11843.5 11835 11824.1 11811.3 11804.8 11803.9 11801.3 11798.7 11794.8 11789.1 11781.9 11773.1 11762.5 11747.3 11734.5 11724.6 11723.6 11724.7 11725.4 11732.2 11741 11751 11761.8 11773.6 11786.2 11799.2 11810.8 11809 11801.6 11795.6 11790.4 11783.3 11775.3 11767.7 11758.7 11748.2 11738.8 11729.2 11719.9 11711.1 11702.1 11693.3 11684.4 11676.5 11669.4 11662.9 11662.8 11664.6 11665.8 11666.7 11666.8 11666.6 11667.2
11834.1 11835 11837.8 11842.5 11847.4 11852.5 11854.7 11853.1 11850.3 11848.3 11847.9 11847.7 11839.2 11815.3 11809.8 11811.8 11811.4 11809.2 11811.5 11814.5 11808.5 11801.6 11794.2 11786.6 11778.8 11770.5 11763.6 11761.3 11734.4 11719.2 11718.6 11719.9 11723.4 11730 11738 11746.9 11757.8 11770.5 11784.4 11800.8 11818.5 11812.3 11794.7 11795.9 11789.5 11783.8 11776.9 11769.1 11760.1 11751 11742.3 11733.2 11724 11715.4 11706.7 11699 11690.8 11683.8 11679.3 11678 11676.7 11676 11676.3 11675.4 11674.6 11674.7 11676.7
11834.1 11831.5 11831.5 11834 11836.6 11838.9 11840 11837.7 11834.5 11833.1 11832.5 11833.8 11828 11793.1 11788.2 11796.6 11804.5 11811.8 11815.5 11820.5 11812.7 11803.2 11794.3 11785.6 11775.8 11766.2 11756.1 11743.6 11727.9 11717.8 11716.7 11718.3 11723 11727.1 11734.9 11745 11755.4 11766.6 11777.7 11790.7 11805.4 11801 11793.7 11795.1 11789.9 11784.2 11777.8 11770.7 11762.3 11753.4 11744.6 11735.6 11727.1 11718.5 11710.5 11702.5 11695.7 11690.1 11687.6 11688.6 11689.3 11688.8 11686.9 11684.1 11681.6 11680.3 11680.1
11828.3 11824.5 11823.4 11824 11825.7 11826.1 11821.8 11820.9 11818 11811.9 11812.5 11810.1 11799.5 11778.6 11778.1 11788.6 11799.9 11808.5 11813.1 11814.4 11809.9 11802.7 11793.9 11784 11773.4 11761.6 11748 11731.3 11722.5 11719.3 11717.1 11717.5 11716.3 11721.7 11731.2 11741 11751.2 11760.7 11769 11774 11770.4 11771.2 11786.2 11795 11791.6 11786.6 11780.1 11772.7 11763.4 11754.9 11746.9 11738.8 11730.1 11721.1 11713.6 11706.3 11700 11694 11691.8 11691.6 11699.2 11701.3 11695.5 11690.8 11687 11684.1 11681.3
11814.8 11814.2 11814.5 11814.8 11815.5 11814.2 11808.4 11809.3 11808.1 11800.5 11797.8 11789.8 11779.6 11770 11774.6 11784.7 11796.2 11805.1 11808.9 11807.9 11806.7 11802.4 11794.3 11783.9 11772.5 11759.6 11745.8 11731.9 11723.6 11719.8 11718.5 11718.1 11716.7 11720.9 11729.7 11739.2 11748.2 11756.1 11762 11764.4 11762.7 11767.2 11785.5 11797.1 11793.9 11787.6 11780.6 11772.9 11765.1 11756.8 11748.2 11740.6 11732.1 11724.5 11716.6 11709.2 11702.7 11696.4 11693.1 11690.6 11698.3 11703.3 11698.8 11694.3 11690.2 11686.5 11682.6
11800.8 11803.5 11805.1 11805.6 11805.5 11804.4 11803.7 11806.8 11808.2 11805.2 11793.7 11781.5 11773.3 11770.6 11775.4 11783.8 11792.3 11799.6 11806.7 11810.3 11809.9 11803.7 11794.8 11784.7 11773 11760.3 11747.4 11735 11726.9 11723.8 11721.3 11720.2 11720.3 11723.6 11730.1 11737.9 11746.2 11753.1 11758.8 11763.2 11766.6 11774.1 11790.1 11801 11796.7 11790.3 11783.6 11776.8 11769 11760 11753.1 11744.5 11735.8 11727.8 11719.8 11712.2 11706.4 11699.5 11694.2 11689.5 11693.8 11697.7 11697.6 11695.1 11691.7 11688.3 11684.4
11793.5 11795.6 11797.1 11797.4 11796.5 11799.5 11807.3 11806 11807.9 11805.5 11792.4 11782.4 11776.7 11774.5 11777.5 11783.7 11792 11798 11804.9 11811.6 11812.1 11804 11795 11785.4 11774.1 11762.2 11750.7 11739.8 11732.6 11728.5 11725.9 11722.9 11722 11726.1 11731.7 11738.6 11745.6 11752.3 11758.8 11765 11772 11781.2 11792.6 11800.5 11797.8 11792.4 11786.5 11779.6 11774.7 11766.8 11759 11750.5 11741.8 11734.1 11725.6 11717.4 11709.4 11701.9 11694.9 11687.8 11689.7 11695.3 11695.9 11694.4 11692.2 11689.7 11686.8
11790.9 11791.5 11792 11790.8 11787.9 11784.1 11791.1 11799.3 11805.1 11801.5 11788.4 11774.2 11775.4 11778.3 11778.5 11781.5 11786.7 11793 11800.6 11805.4 11805.3 11802.3 11795.5 11786.2 11775.8 11764.9 11754.8 11745.3 11738.9 11737.5 11733.4 11728.2 11726.8 11729.7 11734.2 11739.9 11746.5 11753.5 11760.2 11767.6 11776.4 11787.3 11792.1 11795.1 11796.8 11794.6 11790.2 11784.7 11777.9 11770.9 11762.7 11754.2 11745.9 11737.9 11729.2 11720.4 11711.6 11702.8 11695.6 11687.2 11689 11693 11694.7 11694.2 11692.8 11690.9 11688.9
11788.6 11790.3 11789.8 11787.5 11784 11779.3 11779.1 11791 11802 11799.2 11784.4 11773.4 11772.4 11774.4 11776.3 11778.3 11781.1 11787.9 11796.8 11802.2 11803.2 11802.6 11796.6 11788 11778.5 11768.6 11759.6 11751.9 11746.8 11742.4 11737.7 11733.4 11730.7 11732.8 11737.5 11742.6 11748.6 11754.8 11761.5 11769.2 11777.7 11786.3 11790.5 11793.2 11799.5 11795.8 11792.3 11787.2 11781.2 11773.6 11765.9 11757.5 11748.9 11738.6 11730.5 11721 11712.9 11704.5 11697 11691.9 11689.7 11693.3 11693.7 11693.5 11692.9 11692.1 11691.2
11792.1 11792.9 11789.9 11785.8 11782.2 11779.4 11777.9 11783.5 11787.3 11786.6 11778.9 11771.2 11771.9 11773.4 11774.7 11776.5 11778.9 11785.2 11794.8 11803.3 11812.5 11805.1 11798.3 11789.9 11780.8 11771.9 11763.6 11756.6 11751.8 11746.6 11742.4 11738.8 11737.3 11738.4 11741.6 11745.9 11751.1 11756.9 11763.4 11770.3 11777.4 11783.9 11789.6 11795.1 11801.4 11798.5 11794.7 11789.4 11783.3 11776 11766.9 11758.5 11749.2 11740.8 11731.9 11723.6 11715.2 11707.2 11699.4 11694.4 11690 11691.1 11692.5 11693.3 11693.6 11693.4 11693
11797.4 11795.9 11790.8 11786.2 11780.8 11779 11780.2 11779.9 11777.9 11777.8 11776 11773.1 11772.9 11774.8 11777.1 11776.9 11778.8 11784.5 11793.8 11802.2 11806.8 11805.7 11799.3 11791.5 11783.3 11774.9 11766.8 11759.3 11752.5 11749.2 11746.5 11744.2 11742.6 11743.7 11746.6 11749.5 11753.8 11759.1 11764.9 11771 11777.2 11783.2 11790.8 11799.9 11805.6 11802.4 11797.4 11791.1 11784.3 11775.4 11767.5 11758.6 11750.1 11741.1 11732.4 11724.4 11716.7 11709.3 11701.8 11697.4 11693.4 11692.3 11692.6 11694.2 11695 11695.5 11695.6
11792.5 11792.7 11790.6 11787.5 11784.4 11784.3 11783.4 11781.2 11778.1 11778.7 11777.9 11775.9 11776 11776.6 11777.6 11777 11778.8 11783.8 11790.6 11800.7 11808.4 11805.4 11799.1 11792.3 11784.8 11777.2 11769.5 11762.3 11756 11753.2 11751.9 11749.9 11748.7 11749.8 11750.2 11752 11756 11761 11766 11771.8 11777.8 11783.2 11790.4 11802.7 11808.9 11804.6 11799.1 11792.5 11784.5 11776.5 11767.2 11758.8 11750 11741.9 11733.6 11725.9 11718.3 11711.5 11703.8 11699.7 11696.5 11697 11696.3 11696.4 11697.1 11697.9 11698.7
11789.9 11789.7 11790.7 11790.2 11788.9 11786 11786 11786.1 11786.3 11785.2 11783.5 11780.8 11778.8 11777.7 11777.1 11776.9 11778.4 11783.4 11789.1 11797.4 11800.6 11800.8 11798 11792.6 11786.1 11779.4 11772.7 11766.1 11760.4 11758 11756.3 11756.1 11754.2 11751.5 11750.7 11753.1 11757.2 11762.6 11768.1 11773.8 11779.6 11785.2 11792 11803.2 11809.6 11806.2 11799.8 11792 11783.9 11775.4 11767.2 11759.3 11751.1 11743.7 11735.6 11727.8 11720.4 11713.5 11706.6 11701.3 11696.3 11697 11697.9 11698 11698.7 11700 11701.8
11792.7 11791.9 11792.8 11793.3 11793.3 11787.5 11788.6 11790.4 11792.2 11792.1 11793.2 11786.9 11780.1 11779.4 11779.6 11779.7 11780.8 11784.1 11788.7 11795.5 11798.7 11799.2 11797.2 11793.6 11788.4 11782.5 11776.4 11770.7 11765.6 11764.1 11765.5 11762.7 11758.6 11753.4 11750.5 11753.7 11758.4 11763.6 11769.5 11775.4 11781.6 11788.8 11798.7 11807 11813.1 11807.8 11800 11791.9 11783.6 11775.6 11767.7 11760.2 11752.7 11745.1 11737.7 11730.3 11723.2 11716.3 11708.6 11702.7 11696.6 11696.8 11697.3 11698.5 11699.7 11701.5 11703.8
11798.6 11796.5 11797 11797.1 11795.8 11793.4 11792.7 11793.1 11793.8 11794 11795.1 11789.7 11783.1 11782.2 11782.3 11780.8 11782.1 11785.5 11789.5 11795.4 11798.5 11799.1 11798.4 11795.7 11791.6 11786.5 11780.5 11775.4 11771.2 11770.9 11771.8 11769.5 11762 11754.4 11752 11754.9 11759.5 11764.9 11770.5 11776.4 11782.9 11789.8 11796.6 11808.2 11815.9 11807.1 11797.6 11789.8 11782.1 11774.7 11767.4 11761 11753.9 11747 11740.2 11733 11726.1 11719.1 11712 11704.8 11697.1 11695.7 11697.1 11698.9 11700.3 11702.5 11704.4
11806.4 11803.7 11804.3 11802.8 11800.2 11798.6 11797 11796.2 11795.3 11794 11789.6 11788.4 11786.5 11785.6 11785.3 11783.4 11784.5 11788.2 11792 11795.7 11801.1 11802.6 11801.7 11799.3 11795.4 11790.5 11785.2 11780.3 11775.8 11775 11780 11777.3 11765.4 11755.3 11755 11757.1 11761.3 11766.6 11771.9 11777.4 11783.5 11789.9 11797.1 11803.8 11806.8 11799.3 11791.9 11785.3 11779.1 11772.7 11766.6 11760.1 11753.7 11747.3 11741.1 11734.7 11728.4 11721.9 11715.1 11709.8 11702.4 11697.4 11699.3 11699.9 11700.2 11702.2 11703.3
