real_craters/C112-750m.grd
DSAA
95 95
-35.2275 35.2275
-35.2275 35.2275
10697.80164832 12193.64720181
[rows 0 to 24 of 95, columns 0 to 56 of 95]
1.172e+004 1.172e+004 1.171e+004 1.171e+004 1.17e+004 1.17e+004 1.169e+004 1.169e+004 1.169e+004 1.168e+004 1.168e+004 1.168e+004 1.168e+004 1.168e+004 1.168e+004 1.168e+004 1.167e+004 1.168e+004 1.169e+004 1.17e+004 1.171e+004 1.17e+004 1.167e+004 1.165e+004 1.165e+004 1.168e+004 1.168e+004 1.168e+004 1.168e+004 1.167e+004 1.165e+004 1.165e+004 1.165e+004 1.164e+004 1.164e+004 1.164e+004 1.164e+004 1.164e+004 1.165e+004 1.165e+004 1.165e+004 1.165e+004 1.165e+004 1.166e+004 1.167e+004 1.164e+004 1.163e+004 1.164e+004 1.166e+004 1.165e+004 1.164e+004 1.163e+004 1.161e+004 1.159e+004 1.156e+004 1.154e+004 1.152e+004
1.173e+004 1.172e+004 1.171e+004 1.171e+004 1.17e+004 1.17e+004 1.17e+004 1.169e+004 1.169e+004 1.168e+004 1.167e+004 1.168e+004 1.168e+004 1.168e+004 1.169e+004 1.169e+004 1.17e+004 1.17e+004 1.171e+004 1.171e+004 1.172e+004 1.172e+004 1.168e+004 1.166e+004 1.165e+004 1.167e+004 1.166e+004 1.167e+004 1.167e+004 1.167e+004 1.166e+004 1.165e+004 1.165e+004 1.165e+004 1.165e+004 1.165e+004 1.165e+004 1.165e+004 1.165e+004 1.165e+004 1.165e+004 1.165e+004 1.165e+004 1.164e+004 1.163e+004 1.162e+004 1.163e+004 1.163e+004 1.165e+004 1.165e+004 1.166e+004 1.167e+004 1.165e+004 1.162e+004 1.158e+004 1.153e+004 1.153e+004
1.173e+004 1.172e+004 1.171e+004 1.17e+004 1.17e+004 1.17e+004 1.17e+004 1.169e+004 1.169e+004 1.168e+004 1.167e+004 1.167e+004 1.168e+004 1.168e+004 1.169e+004 1.171e+004 1.173e+004 1.174e+004 1.173e+004 1.171e+004 1.169e+004 1.169e+004 1.168e+004 1.167e+004 1.167e+004 1.166e+004 1.165e+004 1.166e+004 1.167e+004 1.168e+004 1.166e+004 1.165e+004 1.165e+004 1.165e+004 1.165e+004 1.165e+004 1.165e+004 1.165e+004 1.165e+004 1.165e+004 1.164e+004 1.164e+004 1.164e+004 1.163e+004 1.162e+004 1.161e+004 1.16e+004 1.161e+004 1.161e+004 1.162e+004 1.164e+004 1.166e+004 1.166e+004 1.164e+004 1.161e+004 1.156e+004 1.154e+004
1.174e+004 1.173e+004 1.172e+004 1.171e+004 1.171e+004 1.17e+004 1.17e+004 1.17e+004 1.169e+004 1.169e+004 1.168e+004 1.168e+004 1.168e+004 1.169e+004 1.17e+004 1.172e+004 1.174e+004 1.174e+004 1.173e+004 1.171e+004 1.169e+004 1.168e+004 1.168e+004 1.169e+004 1.169e+004 1.166e+004 1.165e+004 1.166e+004 1.167e+004 1.168e+004 1.167e+004 1.166e+004 1.167e+004 1.167e+004 1.166e+004 1.165e+004 1.165e+004 1.165e+004 1.165e+004 1.165e+004 1.165e+004 1.164e+004 1.164e+004 1.163e+004 1.162e+004 1.161e+004 1.16e+004 1.16e+004 1.16e+004 1.161e+004 1.161e+004 1.162e+004 1.165e+004 1.166e+004 1.163e+004 1.159e+004 1.156e+004
1.174e+004 1.173e+004 1.172e+004 1.171e+004 1.171e+004 1.171e+004 1.171e+004 1.171e+004 1.171e+004 1.17e+004 1.169e+004 1.169e+004 1.169e+004 1.169e+004 1.17e+004 1.172e+004 1.173e+004 1.173e+004 1.172e+004 1.17e+004 1.169e+004 1.168e+004 1.168e+004 1.169e+004 1.169e+004 1.169e+004 1.167e+004 1.167e+004 1.167e+004 1.167e+004 1.167e+004 1.166e+004 1.166e+004 1.165e+004 1.165e+004 1.165e+004 1.166e+004 1.165e+004 1.165e+004 1.165e+004 1.164e+004 1.164e+004 1.164e+004 1.163e+004 1.162e+004 1.162e+004 1.161e+004 1.161e+004 1.16e+004 1.16e+004 1.159e+004 1.16e+004 1.164e+004 1.167e+004 1.165e+004 1.162e+004 1.16e+004
1.174e+004 1.173e+004 1.172e+004 1.171e+004 1.171e+004 1.171e+004 1.171e+004 1.171e+004 1.172e+004 1.172e+004 1.172e+004 1.171e+004 1.17e+004 1.17e+004 1.171e+004 1.172e+004 1.172e+004 1.172e+004 1.171e+004 1.171e+004 1.17e+004 1.169e+004 1.168e+004 1.168e+004 1.169e+004 1.168e+004 1.168e+004 1.168e+004 1.167e+004 1.167e+004 1.167e+004 1.166e+004 1.165e+004 1.164e+004 1.165e+004 1.166e+004 1.166e+004 1.165e+004 1.165e+004 1.165e+004 1.164e+004 1.164e+004 1.163e+004 1.163e+004 1.163e+004 1.162e+004 1.162e+004 1.161e+004 1.161e+004 1.161e+004 1.16e+004 1.16e+004 1.162e+004 1.165e+004 1.168e+004 1.167e+004 1.165e+004
1.174e+004 1.173e+004 1.171e+004 1.17e+004 1.171e+004 1.171e+004 1.171e+004 1.172e+004 1.172e+004 1.173e+004 1.173e+004 1.171e+004 1.171e+004 1.171e+004 1.171e+004 1.171e+004 1.171e+004 1.171e+004 1.171e+004 1.171e+004 1.171e+004 1.169e+004 1.168e+004 1.168e+004 1.167e+004 1.168e+004 1.168e+004 1.168e+004 1.168e+004 1.168e+004 1.167e+004 1.166e+004 1.166e+004 1.167e+004 1.167e+004 1.166e+004 1.166e+004 1.165e+004 1.165e+004 1.165e+004 1.164e+004 1.164e+004 1.164e+004 1.163e+004 1.163e+004 1.163e+004 1.162e+004 1.162e+004 1.162e+004 1.162e+004 1.16e+004 1.16e+004 1.161e+004 1.162e+004 1.162e+004 1.164e+004 1.164e+004
1.174e+004 1.173e+004 1.171e+004 1.171e+004 1.171e+004 1.171e+004 1.171e+004 1.171e+004 1.172e+004 1.172e+004 1.172e+004 1.171e+004 1.17e+004 1.171e+004 1.171e+004 1.171e+004 1.171e+004 1.171e+004 1.17e+004 1.169e+004 1.168e+004 1.168e+004 1.168e+004 1.167e+004 1.167e+004 1.167e+004 1.168e+004 1.167e+004 1.167e+004 1.167e+004 1.166e+004 1.166e+004 1.166e+004 1.166e+004 1.166e+004 1.166e+004 1.165e+004 1.165e+004 1.165e+004 1.165e+004 1.164e+004 1.164e+004 1.164e+004 1.163e+004 1.163e+004 1.163e+004 1.162e+004 1.162e+004 1.162e+004 1.162e+004 1.16e+004 1.16e+004 1.16e+004 1.16e+004 1.16e+004 1.16e+004 1.161e+004
1.175e+004 1.173e+004 1.172e+004 1.171e+004 1.171e+004 1.171e+004 1.171e+004 1.171e+004 1.171e+004 1.171e+004 1.171e+004 1.171e+004 1.171e+004 1.171e+004 1.171e+004 1.171e+004 1.171e+004 1.17e+004 1.169e+004 1.168e+004 1.167e+004 1.167e+004 1.167e+004 1.167e+004 1.167e+004 1.167e+004 1.168e+004 1.167e+004 1.167e+004 1.167e+004 1.166e+004 1.166e+004 1.166e+004 1.166e+004 1.166e+004 1.165e+004 1.165e+004 1.165e+004 1.165e+004 1.164e+004 1.164e+004 1.164e+004 1.164e+004 1.163e+004 1.163e+004 1.162e+004 1.162e+004 1.162e+004 1.161e+004 1.161e+004 1.16e+004 1.16e+004 1.16e+004 1.16e+004 1.16e+004 1.161e+004 1.161e+004
1.175e+004 1.174e+004 1.173e+004 1.172e+004 1.172e+004 1.171e+004 1.171e+004 1.171e+004 1.171e+004 1.17e+004 1.171e+004 1.172e+004 1.172e+004 1.172e+004 1.172e+004 1.171e+004 1.171e+004 1.171e+004 1.17e+004 1.169e+004 1.168e+004 1.167e+004 1.167e+004 1.167e+004 1.167e+004 1.167e+004 1.167e+004 1.167e+004 1.167e+004 1.166e+004 1.166e+004 1.165e+004 1.165e+004 1.165e+004 1.165e+004 1.165e+004 1.165e+004 1.165e+004 1.164e+004 1.164e+004 1.164e+004 1.164e+004 1.163e+004 1.163e+004 1.163e+004 1.162e+004 1.162e+004 1.162e+004 1.161e+004 1.161e+004 1.161e+004 1.16e+004 1.16e+004 1.16e+004 1.16e+004 1.16e+004 1.161e+004
1.176e+004 1.174e+004 1.173e+004 1.173e+004 1.172e+004 1.172e+004 1.171e+004 1.171e+004 1.171e+004 1.171e+004 1.171e+004 1.172e+004 1.173e+004 1.172e+004 1.172e+004 1.171e+004 1.171e+004 1.171e+004 1.17e+004 1.169e+004 1.168e+004 1.167e+004 1.167e+004 1.167e+004 1.167e+004 1.167e+004 1.167e+004 1.168e+004 1.167e+004 1.166e+004 1.165e+004 1.165e+004 1.165e+004 1.165e+004 1.166e+004 1.166e+004 1.165e+004 1.165e+004 1.164e+004 1.164e+004 1.164e+004 1.164e+004 1.163e+004 1.163e+004 1.163e+004 1.163e+004 1.162e+004 1.162e+004 1.161e+004 1.161e+004 1.161e+004 1.16e+004 1.16e+004 1.16e+004 1.159e+004 1.159e+004 1.159e+004
1.176e+004 1.175e+004 1.175e+004 1.174e+004 1.173e+004 1.172e+004 1.172e+004 1.171e+004 1.171e+004 1.171e+004 1.171e+004 1.171e+004 1.171e+004 1.171e+004 1.171e+004 1.171e+004 1.171e+004 1.17e+004 1.17e+004 1.168e+004 1.168e+004 1.167e+004 1.167e+004 1.167e+004 1.167e+004 1.167e+004 1.167e+004 1.167e+004 1.166e+004 1.165e+004 1.165e+004 1.165e+004 1.165e+004 1.165e+004 1.165e+004 1.165e+004 1.164e+004 1.164e+004 1.164e+004 1.164e+004 1.164e+004 1.164e+004 1.163e+004 1.163e+004 1.163e+004 1.163e+004 1.163e+004 1.162e+004 1.162e+004 1.161e+004 1.161e+004 1.16e+004 1.16e+004 1.16e+004 1.16e+004 1.16e+004 1.158e+004
1.176e+004 1.176e+004 1.176e+004 1.175e+004 1.174e+004 1.173e+004 1.172e+004 1.171e+004 1.171e+004 1.171e+004 1.171e+004 1.171e+004 1.171e+004 1.171e+004 1.171e+004 1.17e+004 1.17e+004 1.169e+004 1.168e+004 1.168e+004 1.168e+004 1.168e+004 1.168e+004 1.167e+004 1.167e+004 1.167e+004 1.167e+004 1.167e+004 1.165e+004 1.165e+004 1.165e+004 1.165e+004 1.165e+004 1.164e+004 1.164e+004 1.164e+004 1.164e+004 1.164e+004 1.164e+004 1.163e+004 1.163e+004 1.163e+004 1.163e+004 1.163e+004 1.163e+004 1.163e+004 1.163e+004 1.163e+004 1.163e+004 1.163e+004 1.163e+004 1.161e+004 1.16e+004 1.16e+004 1.159e+004 1.159e+004 1.158e+004
1.177e+004 1.177e+004 1.176e+004 1.175e+004 1.174e+004 1.173e+004 1.172e+004 1.172e+004 1.171e+004 1.171e+004 1.171e+004 1.171e+004 1.171e+004 1.171e+004 1.171e+004 1.17e+004 1.169e+004 1.168e+004 1.168e+004 1.168e+004 1.168e+004 1.168e+004 1.168e+004 1.168e+004 1.167e+004 1.167e+004 1.166e+004 1.166e+004 1.166e+004 1.165e+004 1.165e+004 1.165e+004 1.165e+004 1.164e+004 1.164e+004 1.164e+004 1.164e+004 1.163e+004 1.163e+004 1.163e+004 1.163e+004 1.163e+004 1.163e+004 1.163e+004 1.163e+004 1.163e+004 1.163e+004 1.163e+004 1.163e+004 1.163e+004 1.163e+004 1.161e+004 1.16e+004 1.159e+004 1.159e+004 1.158e+004 1.157e+004
1.178e+004 1.178e+004 1.177e+004 1.176e+004 1.175e+004 1.174e+004 1.173e+004 1.172e+004 1.172e+004 1.172e+004 1.172e+004 1.173e+004 1.172e+004 1.172e+004 1.171e+004 1.17e+004 1.169e+004 1.168e+004 1.167e+004 1.169e+004 1.169e+004 1.169e+004 1.168e+004 1.168e+004 1.167e+004 1.167e+004 1.166e+004 1.165e+004 1.165e+004 1.165e+004 1.166e+004 1.166e+004 1.166e+004 1.164e+004 1.164e+004 1.165e+004 1.164e+004 1.163e+004 1.163e+004 1.163e+004 1.163e+004 1.163e+004 1.163e+004 1.163e+004 1.163e+004 1.163e+004 1.163e+004 1.162e+004 1.162e+004 1.162e+004 1.162e+004 1.161e+004 1.16e+004 1.159e+004 1.158e+004 1.157e+004 1.156e+004
1.179e+004 1.179e+004 1.178e+004 1.177e+004 1.176e+004 1.174e+004 1.173e+004 1.172e+004 1.171e+004 1.173e+004 1.174e+004 1.174e+004 1.174e+004 1.173e+004 1.171e+004 1.17e+004 1.169e+004 1.168e+004 1.167e+004 1.169e+004 1.169e+004 1.169e+004 1.168e+004 1.168e+004 1.167e+004 1.166e+004 1.166e+004 1.165e+004 1.165e+004 1.165e+004 1.166e+004 1.167e+004 1.166e+004 1.165e+004 1.163e+004 1.163e+004 1.164e+004 1.164e+004 1.163e+004 1.163e+004 1.163e+004 1.163e+004 1.163e+004 1.164e+004 1.164e+004 1.163e+004 1.162e+004 1.162e+004 1.162e+004 1.162e+004 1.161e+004 1.161e+004 1.16e+004 1.159e+004 1.158e+004 1.157e+004 1.157e+004
1.181e+004 1.18e+004 1.179e+004 1.178e+004 1.177e+004 1.175e+004 1.173e+004 1.172e+004 1.172e+004 1.173e+004 1.175e+004 1.176e+004 1.175e+004 1.173e+004 1.172e+004 1.171e+004 1.17e+004 1.169e+004 1.169e+004 1.169e+004 1.169e+004 1.169e+004 1.168e+004 1.168e+004 1.167e+004 1.166e+004 1.166e+004 1.165e+004 1.165e+004 1.165e+004 1.166e+004 1.166e+004 1.166e+004 1.165e+004 1.164e+004 1.163e+004 1.163e+004 1.162e+004 1.162e+004 1.163e+004 1.163e+004 1.163e+004 1.163e+004 1.164e+004 1.163e+004 1.162e+004 1.161e+004 1.161e+004 1.161e+004 1.162e+004 1.162e+004 1.162e+004 1.161e+004 1.159e+004 1.158e+004 1.157e+004 1.156e+004
1.184e+004 1.184e+004 1.182e+004 1.18e+004 1.177e+004 1.175e+004 1.174e+004 1.173e+004 1.172e+004 1.173e+004 1.175e+004 1.175e+004 1.174e+004 1.173e+004 1.172e+004 1.171e+004 1.17e+004 1.17e+004 1.171e+004 1.17e+004 1.169e+004 1.169e+004 1.168e+004 1.168e+004 1.167e+004 1.167e+004 1.166e+004 1.165e+004 1.164e+004 1.165e+004 1.165e+004 1.165e+004 1.165e+004 1.165e+004 1.165e+004 1.164e+004 1.163e+004 1.162e+004 1.162e+004 1.163e+004 1.163e+004 1.164e+004 1.164e+004 1.164e+004 1.163e+004 1.162e+004 1.162e+004 1.161e+004 1.161e+004 1.161e+004 1.161e+004 1.161e+004 1.16e+004 1.16e+004 1.158e+004 1.157e+004 1.158e+004
1.186e+004 1.187e+004 1.184e+004 1.18e+004 1.178e+004 1.176e+004 1.174e+004 1.173e+004 1.172e+004 1.173e+004 1.174e+004 1.174e+004 1.174e+004 1.173e+004 1.172e+004 1.171e+004 1.171e+004 1.17e+004 1.169e+004 1.169e+004 1.168e+004 1.168e+004 1.168e+004 1.168e+004 1.167e+004 1.167e+004 1.166e+004 1.165e+004 1.165e+004 1.165e+004 1.165e+004 1.165e+004 1.164e+004 1.165e+004 1.165e+004 1.165e+004 1.164e+004 1.163e+004 1.163e+004 1.163e+004 1.164e+004 1.164e+004 1.165e+004 1.164e+004 1.163e+004 1.163e+004 1.162e+004 1.162e+004 1.162e+004 1.161e+004 1.161e+004 1.16e+004 1.161e+004 1.16e+004 1.159e+004 1.158e+004 1.158e+004
1.185e+004 1.183e+004 1.182e+004 1.18e+004 1.178e+004 1.176e+004 1.174e+004 1.173e+004 1.172e+004 1.172e+004 1.173e+004 1.173e+004 1.173e+004 1.173e+004 1.172e+004 1.172e+004 1.171e+004 1.17e+004 1.168e+004 1.167e+004 1.168e+004 1.168e+004 1.168e+004 1.168e+004 1.167e+004 1.167e+004 1.167e+004 1.166e+004 1.166e+004 1.166e+004 1.165e+004 1.165e+004 1.164e+004 1.165e+004 1.165e+004 1.166e+004 1.165e+004 1.164e+004 1.164e+004 1.164e+004 1.165e+004 1.166e+004 1.166e+004 1.165e+004 1.164e+004 1.163e+004 1.162e+004 1.161e+004 1.163e+004 1.164e+004 1.163e+004 1.163e+004 1.162e+004 1.161e+004 1.161e+004 1.161e+004 1.159e+004
1.184e+004 1.181e+004 1.18e+004 1.179e+004 1.178e+004 1.176e+004 1.174e+004 1.172e+004 1.171e+004 1.172e+004 1.172e+004 1.173e+004 1.173e+004 1.172e+004 1.172e+004 1.172e+004 1.171e+004 1.17e+004 1.17e+004 1.168e+004 1.168e+004 1.168e+004 1.168e+004 1.168e+004 1.168e+004 1.168e+004 1.168e+004 1.168e+004 1.168e+004 1.167e+004 1.166e+004 1.166e+004 1.165e+004 1.165e+004 1.166e+004 1.166e+004 1.165e+004 1.165e+004 1.165e+004 1.166e+004 1.166e+004 1.167e+004 1.167e+004 1.168e+004 1.167e+004 1.164e+004 1.163e+004 1.162e+004 1.163e+004 1.164e+004 1.164e+004 1.164e+004 1.163e+004 1.163e+004 1.162e+004 1.161e+004 1.161e+004
1.183e+004 1.182e+004 1.18e+004 1.179e+004 1.178e+004 1.176e+004 1.175e+004 1.173e+004 1.172e+004 1.172e+004 1.172e+004 1.172e+004 1.172e+004 1.172e+004 1.172e+004 1.171e+004 1.171e+004 1.17e+004 1.17e+004 1.169e+004 1.168e+004 1.168e+004 1.168e+004 1.168e+004 1.168e+004 1.168e+004 1.168e+004 1.168e+004 1.168e+004 1.168e+004 1.167e+004 1.167e+004 1.166e+004 1.167e+004 1.167e+004 1.167e+004 1.166e+004 1.166e+004 1.167e+004 1.167e+004 1.167e+004 1.168e+004 1.168e+004 1.168e+004 1.167e+004 1.166e+004 1.164e+004 1.164e+004 1.164e+004 1.165e+004 1.165e+004 1.165e+004 1.164e+004 1.164e+004 1.163e+004 1.162e+004 1.161e+004
1.183e+004 1.182e+004 1.181e+004 1.179e+004 1.178e+004 1.177e+004 1.175e+004 1.174e+004 1.173e+004 1.173e+004 1.173e+004 1.172e+004 1.172e+004 1.172e+004 1.172e+004 1.171e+004 1.171e+004 1.171e+004 1.17e+004 1.17e+004 1.169e+004 1.168e+004 1.168e+004 1.168e+004 1.168e+004 1.167e+004 1.167e+004 1.167e+004 1.168e+004 1.168e+004 1.168e+004 1.168e+004 1.168e+004 1.168e+004 1.168e+004 1.167e+004 1.167e+004 1.167e+004 1.168e+004 1.168e+004 1.168e+004 1.169e+004 1.169e+004 1.168e+004 1.168e+004 1.167e+004 1.166e+004 1.166e+004 1.165e+004 1.166e+004 1.166e+004 1.166e+004 1.166e+004 1.165e+004 1.165e+004 1.164e+004 1.162e+004
1.183e+004 1.182e+004 1.181e+004 1.18e+004 1.178e+004 1.177e+004 1.176e+004 1.175e+004 1.174e+004 1.173e+004 1.173e+004 1.172e+004 1.172e+004 1.172e+004 1.172e+004 1.171e+004 1.171e+004 1.171e+004 1.17e+004 1.17e+004 1.169e+004 1.169e+004 1.168e+004 1.168e+004 1.167e+004 1.167e+004 1.167e+004 1.167e+004 1.167e+004 1.167e+004 1.168e+004 1.168e+004 1.168e+004 1.168e+004 1.168e+004 1.168e+004 1.167e+004 1.168e+004 1.169e+004 1.169e+004 1.169e+004 1.169e+004 1.169e+004 1.169e+004 1.169e+004 1.168e+004 1.167e+004 1.167e+004 1.167e+004 1.167e+004 1.167e+004 1.166e+004 1.166e+004 1.166e+004 1.166e+004 1.166e+004 1.164e+004
1.182e+004 1.182e+004 1.181e+004 1.18e+004 1.179e+004 1.178e+004 1.176e+004 1.175e+004 1.174e+004 1.173e+004 1.173e+004 1.172e+004 1.172e+004 1.172e+004 1.172e+004 1.172e+004 1.171e+004 1.171e+004 1.171e+004 1.17e+004 1.17e+004 1.169e+004 1.169e+004 1.168e+004 1.167e+004 1.166e+004 1.166e+004 1.166e+004 1.166e+004 1.167e+004 1.168e+004 1.168e+004 1.168e+004 1.169e+004 1.169e+004 1.169e+004 1.168e+004 1.168e+004 1.169e+004 1.17e+004 1.17e+004 1.17e+004 1.17e+004 1.17e+004 1.17e+004 1.169e+004 1.168e+004 1.167e+004 1.167e+004 1.168e+004 1.167e+004 1.167e+004 1.167e+004 1.166e+004 1.166e+004 1.167e+004 1.165e+004
