real_craters/C113-500m.grd
DSAA
143 143
-35.56 35.56
-35.56 35.56
9971.1344469539 11622.685652351
[rows 60 to 89 of 143, columns 0 to 66 of 143]
10961.9 10964 10965.4 10968 10972.7 10975.4 10972.4 10971.2 10970.3 10970 10973.6 10977.2 10980.7 10986.9 10998.9 11008.3 11007.6 10999.7 10989.8 10992.7 10994 10993.6 10991.3 10988.2 10991.4 10995.5 11003.3 10995.9 10982.1 10988.1 10999.2 11011.5 11027.2 11044.3 11053.1 11061.9 11072.5 11083.8 11097.6 11111.3 11124.7 11136.5 11149.5 11168 11196.1 11213.2 11232 11252.9 11278.4 11308 11320.2 11323.2 11362 11352.1 11310.7 11253.5 11189.3 11080.2 10912.3 10789.5 10735.2 10649.3 10542 10493.6 10484 10477.6 10466.2
10960.7 10963 10965.6 10968 10969.6 10972.6 10974.6 10974.6 10974.3 10974.2 10976.7 10979.5 10983 10995.8 11012.4 11017.3 11016.6 11006.1 11003 11001.9 10999.7 10997.4 10994.2 10990.7 10994.1 10994.2 10996.4 10991.7 10983.9 10988.5 10999.1 11013 11032.3 11051.4 11057.7 11065.5 11075.5 11087.4 11101.2 11117.2 11134.3 11148.6 11159.2 11174.9 11207.5 11226.5 11246.1 11268.4 11290.9 11310.5 11329.2 11418.4 11428.3 11362.9 11273.8 11173.3 11055.9 10920.8 10771.4 10634.5 10605.9 10535.1 10490.5 10460.9 10438.9 10444.8 10437
10962.7 10963.4 10965.3 10967.6 10970.4 10974.5 10976.8 10979.2 10980.6 10981.4 10982.8 10984.7 10987.7 11001.6 11018.7 11015.7 11012.6 11014.1 11020.1 11011.5 11006 11002.6 11000.7 11004.4 10998.2 10989.6 10979.1 10983.6 10989.6 10990.8 10999 11012.6 11030 11049.1 11057.6 11065.7 11076.2 11088.3 11103.1 11120 11138.8 11154.6 11168.8 11185 11212.6 11236.6 11257.2 11280.4 11306.4 11334.2 11370.1 11491.4 11455.4 11349.6 11230.2 11102.3 10958.7 10857.7 10685.9 10507.1 10442.3 10425.6 10413.5 10392.9 10355.2 10339.9 10329.6
10960.9 10962.5 10964.4 10966.8 10969.2 10974.6 10978.3 10982.7 10988.5 10990.4 10989.6 10991.1 10995.3 11001.8 11008 11007.9 11007.9 11012.5 11012 11012.4 11010 11005.7 10999.6 10997.1 10996.2 10990.1 10984.5 10989.6 10993.3 10991.4 10999.9 11010.5 11026.1 11043.3 11053.1 11063.7 11074.6 11087.3 11101.8 11118.5 11137 11156.2 11177.4 11208.2 11230.7 11246.4 11264.8 11289.5 11315.9 11351.2 11409.8 11428.6 11376.5 11286 11177.9 11055.6 10924.7 10851.5 10637.4 10440.5 10367.7 10329.7 10297.9 10267.5 10248.8 10209.8 10191
10959.2 10961.5 10963.4 10965.5 10967.9 10973.2 10977.6 10982.8 10990.3 10993.6 10992.1 10993.8 10997.8 10997.2 10993.5 10998.2 11003.8 11006.8 11012.2 11014.4 11013.8 11011.8 11004.7 10998.6 10996.2 10995 10998.8 11007.9 11013.5 11004.7 11005.2 11010.7 11015.1 11036.2 11049.1 11059.7 11069.9 11081.7 11096 11112.9 11131.6 11151.1 11174.8 11212.5 11227.4 11239.1 11257.3 11278.4 11300.6 11331.2 11360.9 11358.7 11308.4 11217 11119.2 11013 10900.5 10746.1 10563.8 10387.3 10325.8 10259.5 10215.2 10188.6 10176.3 10155.4 10134.7
10960.3 10961.4 10962.5 10963.8 10966.3 10970.6 10974.6 10978.7 10982.6 10986.8 10989.3 10990.9 10993.2 10992.9 10991.6 10992.9 10992.7 10998.9 11004.6 11012.4 11017.3 11021.6 11023.4 11011.8 11001 11000.4 11006.2 11025 11043.4 11013.9 11016.1 11020.2 11025.6 11037 11045.8 11054.1 11063.1 11073.2 11085.8 11101.5 11121.2 11137.5 11156.8 11174.6 11204.8 11225.9 11242.4 11262.1 11281.4 11300.7 11302.1 11306.6 11264.2 11164.5 11065.8 10953.9 10841.3 10670.4 10488.9 10322.1 10246.8 10211.1 10177.1 10151.3 10137.5 10127.6 10109.2
10960.9 10961.5 10962.2 10962.8 10962.9 10966.9 10971.8 10975.1 10976.2 10981.8 10986.2 10987.1 10985.9 10991.2 10992.6 10993.9 10996.2 11001.1 11012.2 11011.2 11017.2 11028.7 11038.2 11020.9 11002.3 11004.5 11015.7 11029.5 11042.8 11039.6 11035.6 11034.6 11035.3 11037.3 11043.2 11049.4 11056.1 11064.6 11073.4 11085.5 11099.9 11118.2 11135.9 11160.7 11193.2 11218 11238.4 11253.7 11268.6 11279 11289.8 11303.3 11252.7 11149 11018.4 10875.2 10721.5 10579.6 10427.8 10285.2 10204.1 10183.1 10163 10131 10116.8 10106 10096.2
10960 10961.5 10962.4 10963.1 10964.5 10966.6 10971.7 10976.7 10977.9 10983.3 10986.6 10988.9 10991.4 10994 11000.5 10998.9 10990.2 10992.1 10994.6 10994.1 11011.2 11027.5 11035.7 11020.7 11001 11003 11012.9 11025.6 11037 11051.5 11051.5 11045.9 11043.4 11041.7 11043.1 11046.2 11050.2 11055.3 11061.6 11069.4 11082 11102.3 11130.9 11171.6 11195 11219.6 11237.3 11254.6 11262.3 11259.5 11258.5 11276.5 11260.2 11134.5 10984.4 10819.8 10655.7 10526.7 10390.9 10262.3 10182.5 10167.6 10157.7 10126.4 10118.7 10111.6 10100.4
10960.2 10961.8 10963.1 10964.3 10965.7 10968 10974.2 10984.2 10992 10989.6 10988.7 10988.6 10990.4 10993.2 10995.1 10990.9 10984.6 10984.2 10990.2 10989.5 11006.5 11023.9 11030.8 11019.1 11003 11002.9 11010.4 11022 11031.4 11046.7 11055.6 11051 11046.9 11047.3 11044.3 11044.5 11045.9 11048.4 11052.2 11058.3 11068.3 11086.1 11114 11161.6 11193.8 11218.5 11239.7 11252.4 11256.3 11241.4 11198.3 11139.8 11193.6 11107.4 10964.1 10806.8 10660.2 10521.9 10378 10250.3 10168.4 10148.6 10143.2 10135.6 10132.1 10128.7 10105.1
10960.8 10962.5 10964.2 10965.9 10966.9 10970.2 10976 10986.4 10996.7 10991.6 10989 10988.8 10989.9 10991.3 10989.1 10985.5 10985.9 10985.6 10990.8 10993 11006.4 11021.5 11029.4 11019.1 11010.5 11002.9 11009 11023.4 11036.5 11048.5 11057.6 11059.4 11053.4 11046.2 11042.6 11042.6 11043 11043.4 11044.6 11048.8 11057.8 11072.1 11101.8 11156.2 11193.7 11222.9 11245.6 11264 11271.3 11263.9 11229 11158.7 11191.9 11078.8 10956.3 10825.2 10680.9 10527.4 10376.4 10242 10147.7 10129 10121.4 10124.6 10123.8 10113.8 10095.3
10960.2 10963.2 10965.7 10968.2 10971.3 10972.5 10975.6 10979.7 10983.4 10986.4 10986.7 10986 10989.2 10992.7 10996.1 10998.9 10997.5 10997.3 10998.7 11004.8 11006.9 11013.4 11018.1 11012.6 11007.1 11001.2 11010.6 11029.1 11049.7 11064.8 11064.4 11065.8 11056.6 11041.2 11041.9 11043.1 11042 11040.1 11039.6 11040.9 11049.3 11065.6 11101.2 11162.7 11200.6 11232.2 11259.1 11283.7 11301.2 11312.5 11326.4 11351 11210 11094.9 10961.7 10824.6 10684.9 10533 10378.6 10238.8 10137.4 10116.9 10109.6 10111.5 10110.6 10097.5 10077.5
10961.3 10964 10966.7 10969.5 10971.4 10974.2 10975.5 10974.5 10976.7 10981.5 10984.5 10987.2 10989.8 10994.2 11001.1 11006.8 11006.3 11004.8 11005.9 11004.7 11004.4 11000.8 11001.3 11003.9 11001 11003.3 11015.6 11034.4 11055.9 11074.2 11061.8 11056.5 11055 11049.4 11051.4 11050 11046.2 11042.4 11038.9 11039 11048.6 11068 11115.2 11173 11210.1 11242.7 11272.6 11300.1 11329.8 11353.2 11383.5 11389.2 11216.5 11083.7 10961.3 10821.5 10693.8 10536.7 10381 10241.2 10135.6 10107.9 10099.1 10100.3 10101.4 10084.8 10059
10962.4 10964.5 10966.8 10970.3 10973.9 10975 10976.5 10974.1 10975 10979.5 10983 10986.4 10988.8 10992.1 10997.4 11005 11008 11014.9 11017.3 11011.1 11008.2 11004.8 11002.7 11003.2 11001 11005.8 11019.6 11036.3 11051.5 11055.4 11049.6 11053.6 11060.6 11071.2 11068.9 11059.8 11052.5 11047 11043.6 11041.1 11055.5 11077.6 11128.2 11181 11219.1 11254.6 11288.5 11320.7 11347.7 11377.2 11392.5 11365.7 11217.4 11086.8 10966.1 10828 10689.9 10531.6 10380.7 10245.2 10141.3 10102.2 10090.2 10089.7 10090.3 10070 10043.8
10962.3 10964.4 10965.9 10966.6 10969 10972.7 10975 10976.9 10977.5 10979.5 10982.4 10984.3 10986.6 10988.3 10989.9 10991.5 11002.4 11014.7 11024 11025.3 11025.3 11020 11013 11008.8 11008.3 11011.6 11022.2 11037.3 11051.2 11060.6 11055.5 11055.9 11066 11075.8 11075.5 11066.6 11058.1 11052 11052 11063.3 11067.1 11094.3 11141 11186.4 11225.7 11265.1 11301.7 11333.4 11367.1 11392.5 11398.3 11360.6 11253.9 11121.3 10979.7 10810.6 10659.5 10518.2 10376.3 10246.6 10144.3 10094.9 10081.9 10077.8 10075.6 10056.6 10035.5
10963 10964.7 10966 10966.7 10968.2 10970.6 10971.5 10973.4 10977.2 10980 10983.2 10986 10985.5 10985.1 10984.7 10985.6 11002.5 11023.8 11043 11049.8 11036 11025 11017.2 11013.2 11013.1 11013.1 11022.6 11037.2 11051.3 11063.3 11063.2 11063.1 11070.4 11076.9 11077.2 11071 11062.6 11055.3 11051.6 11053.9 11066.8 11091 11147.7 11188.8 11230.2 11271.5 11310.5 11345.2 11379.4 11400.9 11399.9 11365 11291.4 11172.5 11010 10823.5 10651.3 10513.1 10378.2 10250.8 10144.2 10084.5 10073.2 10066.4 10056.1 10048.9 10037.1
10963.6 10965.2 10967 10969.2 10970.5 10971.5 10972.9 10977 10978 10980.1 10983.1 10984.3 10983.9 10983.4 10984 10988.7 11008.7 11045.2 11061.9 11052.8 11030.7 11017.3 11015.7 11014.1 11012.6 11011.2 11022.7 11036.2 11049.8 11062.5 11067.8 11071.6 11075.9 11080.5 11081.7 11075.1 11066.3 11057.6 11050.1 11050.3 11061.8 11085 11142.7 11181.2 11223.6 11266.5 11307.8 11351.6 11382.4 11399.9 11405.3 11387.8 11338.4 11210.8 11036.2 10843.7 10665.9 10526.5 10390.4 10261.1 10151.2 10082.8 10065.1 10060 10051.5 10049.2 10046.2
10963.3 10965.5 10967.4 10969 10971 10972.7 10975.1 10976.5 10978.2 10979.8 10982.4 10983.2 10982.6 10982.4 10983.7 10989.7 11004.7 11026.2 11040.5 11045.2 11033.7 11025.3 11016 11013.3 11013.5 11015.6 11023.8 11034.5 11046.1 11057.5 11068.5 11075.5 11079 11082.6 11083.9 11077.3 11070.5 11062.2 11053.1 11050.7 11058.9 11076.1 11116.4 11163.5 11209.5 11253.5 11295.4 11335.4 11372.6 11398.6 11413.5 11413 11380.7 11251 11068.1 10874.4 10701.9 10556.7 10417.2 10281.8 10163.2 10087.1 10077.1 10071.7 10064.2 10060.7 10062.8
10963.1 10965.4 10967.8 10970.6 10971.5 10972.8 10975.3 10976.6 10978.2 10979.4 10980.5 10981.5 10982 10981.9 10982.7 10984.8 10991.2 11002.4 11009.6 11012.8 11013.5 11016.8 11014.3 11010.1 11008.4 11015.5 11022.4 11031.9 11043 11050.3 11062.3 11075.5 11079 11079.9 11076.4 11077.1 11075.1 11071.2 11065.2 11060.1 11059.9 11067.7 11096.8 11144.7 11192.2 11238.5 11281.7 11326.2 11362.2 11394.9 11419.2 11421.6 11383.1 11270.2 11125.1 10932.6 10761.8 10607.9 10458.6 10314.6 10187.3 10105.5 10112.7 10101.2 10093.3 10084.6 10084.2
10963 10964.8 10966.6 10968.8 10969.6 10970.6 10973.3 10977.1 10979 10980.1 10979.7 10981.4 10981.8 10982.1 10982.2 10982.9 10985.4 10987.9 10989.2 10995.4 11007.3 11018.3 11009.8 11003.7 11000.7 11003.7 11013.3 11029.1 11045.6 11058.3 11065.7 11076.1 11080.3 11080.6 11079.2 11080.7 11081.1 11081.7 11083.1 11071.7 11061.1 11065.3 11090.5 11133 11179 11227.6 11273.8 11316.8 11356 11392.8 11419.3 11433.2 11407 11294 11161.7 11008.1 10836.7 10670.7 10511.7 10359.1 10225.1 10132.6 10132.5 10120 10108.8 10105 10104.5
10962.6 10963.8 10965.1 10966.1 10967.4 10968.7 10970.7 10975.7 10981.2 10983.7 10983.2 10984.4 10984.3 10983.6 10982.2 10982.9 10984.7 10982.7 10983.6 10986.9 10991.9 11000.8 11000.7 10996.5 10991.7 10992.4 11004.5 11026.9 11051.8 11077.5 11095.9 11088.4 11085.2 11085.1 11086.5 11086.1 11085.8 11086.7 11088.3 11075.5 11060.5 11060 11086.1 11126.2 11173.6 11220.2 11264.3 11307.9 11349.7 11386.7 11418.1 11439.5 11448.3 11334.4 11188.9 11055.4 10904.8 10734.8 10569.1 10410.2 10269.6 10168.4 10147.9 10130.3 10116.6 10114.2 10124.5
10961.5 10962.6 10964.3 10966 10965.9 10967 10970.2 10978.9 10985.8 10990.2 10991.8 10989.5 10987.1 10985.2 10983.8 10982.7 10980.4 10980.9 10981.6 10986.1 10990.1 10990.7 10993.2 10992.4 10989.9 10989.8 11001 11025.7 11054.6 11086.6 11109.1 11090.5 11087.6 11087.8 11088.5 11088 11086.8 11085.9 11083.9 11075.6 11063.1 11063.4 11084.2 11124.4 11166 11211.6 11255.1 11297.6 11339.5 11375.2 11403.7 11415.9 11400.4 11310.7 11227 11116.6 10963.1 10800.6 10633.4 10472.8 10323.7 10204.3 10163.2 10151.8 10144.3 10145.1 10160.3
10959.5 10960.9 10962.6 10964 10964.5 10966.1 10971.3 10982.6 10992.7 10996.2 10997.2 10992.3 10989.2 10987.2 10985.4 10983.8 10982.7 10982.5 10984.2 10985.1 10985 10986.8 10989.6 10992 10993.2 10992.2 11001.8 11024.8 11052.6 11079.2 11093.9 11088.5 11089.1 11088.8 11088.3 11087.1 11085.4 11083.8 11081.2 11079.5 11073.7 11062.7 11087.5 11125.8 11167 11210.1 11250.4 11291.8 11327.9 11357.9 11385.9 11393.6 11380 11313.1 11247 11159.3 11019.1 10866.4 10705 10544.7 10391.3 10260.2 10205.1 10208.1 10215.7 10221.4 10229.2
10957.3 10958.6 10960.5 10962.4 10963.5 10966 10973.5 11005.1 11007.5 10997.9 10991.8 10991.7 10990.2 10988.5 10987.2 10986.1 10984.5 10984.5 10983.8 10984.1 10984.8 10987.3 10989.7 10992.8 10995 10994.4 11001.4 11023.9 11048.8 11069 11081.5 11092.3 11091.9 11090.3 11087.1 11084.1 11084.2 11083.4 11083.6 11085.7 11090.4 11078.4 11097.5 11131.6 11166.7 11202.8 11240.7 11277.9 11310.1 11346.7 11371.6 11384.5 11372 11318.5 11243.3 11160.8 11064.8 10929.2 10780.8 10624.8 10475.3 10346.4 10278.8 10285.3 10309.3 10330.7 10316.5
10955.3 10957.4 10958 10960.3 10963.6 10967.3 10978.3 10996.9 11006 11001.2 10993.9 10991.3 10990.2 10989 10988.5 10988.2 10988.9 10988.7 10987.1 10986.5 10986.2 10988.5 10991.6 10994.7 10997.6 10999.1 11004.5 11027.6 11050.2 11068.6 11084.6 11092.5 11094.8 11094.9 11091.5 11087.9 11087.1 11085.7 11085.1 11087.7 11091.3 11099.5 11108.1 11129.5 11156.3 11185.1 11215.9 11254.9 11290 11316.6 11342.4 11357.3 11366.9 11334.3 11266 11234.3 11129.3 10997.7 10856.2 10715.7 10573.6 10454.9 10381.1 10369.4 10372.9 10380.8 10380.4
10953.5 10955.4 10958.2 10961.6 10965.9 10969.9 10977.5 10999.6 11004.5 10998 10993.5 10989.9 10989.3 10989.1 10989.4 10990 10990.7 10991 10991.4 10993.1 10995.2 10995.6 10996.5 10998.2 11003.7 11011.8 11019.8 11041.9 11059.2 11072.8 11086.9 11097 11103.2 11105.4 11103.7 11099.9 11093.9 11089.4 11087.9 11088.8 11091.9 11098.4 11112.1 11128 11149.4 11171.5 11196.1 11221.8 11250.8 11277.4 11304 11330.9 11357.4 11358.3 11292.1 11292.8 11191.2 11072.6 10947.8 10818.3 10688.2 10572.5 10480.9 10444 10428.8 10417.3 10423.9
10952.2 10954.7 10957.5 10963.3 10969.9 10978.8 10986.1 10989.7 10988.2 10982.7 10983.3 10985.8 10987.3 10988.3 10988.4 10990.4 10992.1 10993.6 10997 11002.2 11012.8 11013.1 11003.4 10998.8 11010.7 11030.1 11059 11063.5 11070.7 11086 11101.7 11113.7 11120 11120.8 11115.8 11106 11102.1 11092.7 11089.9 11090.7 11092.9 11099.6 11110.3 11123.2 11137.7 11152.6 11171.9 11190.9 11215.2 11239.5 11262.7 11292.7 11326 11370.7 11358.5 11288.1 11238.2 11147.6 11038.2 10928 10822 10706.7 10603.3 10529 10491.9 10485.6 10482.8
10951.1 10955.4 10959.1 10965.4 10972 10978.4 10982.8 10979.2 10975.9 10977.8 10980 10981.8 10983.9 10987.7 10990.1 10992.7 10995.9 10999.3 11003.1 11006.4 11004.1 11003.8 11010.2 11016.6 11022.1 11036.3 11053.3 11059.7 11067.3 11086.6 11109.8 11138.3 11142 11134.8 11127.8 11120.8 11114.1 11107.6 11098.6 11094.2 11096.7 11103 11110.5 11117.9 11129.9 11139.1 11149.4 11164.6 11178.2 11193.5 11208.9 11231.9 11253.2 11271.9 11307.2 11343.5 11293.1 11210.8 11126.4 11042.7 10966.7 10884.1 10807.4 10734 10646 10611 10595.9
10949.9 10955.8 10966.4 10968.3 10973.3 10977.7 10979.5 10979.4 10978.7 10978.1 10979.3 10981.3 10983.3 10985.9 10988.3 10992.1 10997.8 11004.6 11003 11003.8 11005.1 11011.8 11015.2 11023.5 11026.1 11032.3 11038 11044.6 11050.9 11056.2 11082.7 11110.8 11141.4 11140.8 11137 11131 11124 11116.6 11103.6 11095.7 11100.4 11105.7 11109.7 11115 11123.8 11131 11138.4 11142 11150.3 11156.5 11164.8 11173 11179.9 11184.7 11248.4 11314.5 11301.1 11246 11191.3 11141.6 11102.6 11080.8 11064.7 10976.1 10835.2 10762.7 10710.4
10946.7 10950.3 10955.5 10964.9 10973.6 10979.1 10981.6 10980.6 10979.3 10979.7 10979.3 10979.9 10981.8 10984.9 10987.9 10991 10994.7 10997.1 10997.9 10997.2 11002.8 11006 11009.8 11011.3 11021.7 11029.5 11035.3 11039.7 11041.8 11046.3 11066.9 11080.4 11122.1 11138.1 11141.7 11142 11130.2 11111.5 11101.7 11094.8 11100.9 11105.5 11108.1 11113.5 11117.9 11122 11126.3 11127.4 11131.4 11134.6 11134.5 11128.9 11130.1 11151.3 11215.5 11272.6 11277.9 11255.1 11229.6 11212.7 11208.8 11228.8 11272.2 11188.6 11079.8 10965 10842.2
10943 10944.7 10948.8 10959.4 10971.5 10985.1 10982.1 10979.8 10982.6 10979.5 10977.5 10979.1 10981.4 10984.2 10986.7 10989.4 10991.8 10992.8 10995.8 11000 11005.8 11007.9 11008.3 11013.3 11020.5 11028.9 11037.5 11042.2 11041.8 11050.7 11081.4 11117.3 11131 11138.9 11142.7 11141.2 11128.4 11109.3 11098.9 11093.3 11103.3 11102.3 11104.9 11107.7 11112.1 11114.8 11117.5 11113.9 11113.7 11103.2 11099.5 11096.4 11092.7 11101.9 11165.4 11224.1 11242.4 11248.3 11247.3 11249.6 11272 11302.9 11323.9 11282.5 11232.1 11155.6 11046
