real_craters/C113-300m.grd
DSAA
238 238
-35.56 35.56
-35.56 35.56
9969.1830086419 11650.991487447
[rows 60 to 89 of 238, columns 67 to 133 of 238]
11089.6 11092.6 11096.6 11101.3 11106.7 11114.2 11122.4 11123.3 11123.1 11125.3 11130.2 11128 11132.5 11148.2 11164.3 11170.5 11162.6 11156.7 11153.2 11151.7 11151.3 11151.5 11152.1 11152.7 11153.2 11153.1 11151.5 11150.9 11151.4 11152.6 11154.1 11155.8 11158.7 11161.9 11166.1 11161 11155.9 11152.6 11150.6 11150.2 11149.8 11152 11155.3 11155.3 11153 11150.8 11149 11146.6 11145.6 11154.3 11167 11180.3 11193.9 11206.2 11218.1 11228 11235.3 11239.2 11240.9 11241.6 11241.6 11241.2 11242.2 11237.6 11232.5 11227.2 11222
11089.9 11093.1 11097 11101.4 11105.7 11111 11116.3 11121.6 11126 11131.5 11138 11140 11148.2 11163.3 11174.7 11179.2 11167.7 11159.9 11155 11152 11150.5 11149.6 11149 11148.2 11147.2 11145.6 11143.9 11145.7 11148.8 11151.7 11153.5 11153.2 11153.4 11154.6 11156.8 11154.9 11151.6 11149.6 11148.1 11147.4 11147.4 11148.4 11150 11148.9 11146.6 11144.2 11142.5 11140.7 11138.7 11150.2 11165.3 11179.5 11194.3 11207.1 11219.6 11229.4 11235.7 11237.9 11238.1 11237.4 11235.9 11233.9 11233.6 11230.8 11226.9 11222.8 11218.4
11088.6 11092.2 11095.9 11099.4 11102.9 11106.5 11110.6 11117.4 11124.2 11130.7 11136.8 11138.9 11145.2 11156.4 11163.9 11164.5 11160.7 11155.8 11152.1 11149.4 11147.6 11146.3 11145.1 11143.3 11141.2 11138.8 11136.8 11138.1 11141.7 11147.7 11150.3 11147 11143.6 11142 11144 11145.2 11144.9 11144.3 11143.5 11143.3 11143.1 11142.6 11142.4 11141.2 11139.2 11137.6 11136.8 11137.3 11137 11151.2 11167 11181.7 11195.2 11207.8 11220.1 11230.8 11235.6 11235.2 11233.6 11232.1 11230.9 11229.7 11226.7 11223.6 11220.5 11217.8 11214.6
11086.9 11090.5 11094.1 11097.2 11100.1 11103.4 11107.4 11113.3 11119.9 11126.2 11133.2 11138.1 11139.7 11144.8 11148.6 11149.3 11148.2 11147.6 11146.3 11145 11144.3 11142.8 11140.7 11138.6 11136.1 11133.1 11130 11131.1 11134 11140 11142 11138.4 11134.3 11133.3 11135 11136.6 11137.7 11138.1 11137.8 11137.6 11136.8 11135.9 11134.3 11133.2 11132.5 11132 11132 11133.2 11143.6 11158 11172.4 11185.4 11196.9 11207.7 11218.8 11228.8 11231.8 11229.7 11226.9 11224.5 11223.4 11221.8 11218.4 11215.9 11214.2 11212.7 11210.8
11085.8 11089.9 11093.1 11095.5 11097.9 11100.8 11104.5 11109.4 11114.6 11119.6 11126.3 11133 11134.4 11136.6 11134.7 11131.7 11135.2 11138.7 11140.8 11141.3 11140.2 11139 11137 11134.9 11132.1 11129.1 11127.1 11127.3 11129.2 11132.4 11133.4 11129.1 11124.4 11124.8 11127.2 11128.9 11130.6 11131.6 11131.9 11131.7 11131 11129.4 11127.7 11127.1 11128.4 11129.1 11130.5 11133.8 11151.8 11168.8 11180.8 11190.6 11199 11206.4 11214.6 11222.8 11223.8 11221.2 11218.2 11215.1 11212.6 11208.3 11208 11208.6 11208.5 11208.1 11207
11085.1 11089.1 11092.2 11094.5 11096.5 11098.4 11101.5 11105.8 11109.4 11112.7 11118 11123.3 11124.4 11123.5 11122.8 11121 11126.5 11133.1 11136.4 11137.8 11137.2 11135.9 11134 11131.7 11128.9 11126.3 11124.7 11124.3 11125.2 11125.7 11124.4 11120.5 11116.6 11117.8 11120 11121.8 11123.6 11124.9 11126.5 11126.6 11126.4 11125.5 11124.6 11124.8 11127.8 11130.4 11134.5 11141 11164.4 11183 11191.5 11196.6 11200.7 11203.8 11207 11210.3 11211.9 11211 11208.8 11205.2 11200.8 11197 11199.9 11202.6 11204.2 11204.1 11203.9
11084 11088 11091.5 11094.8 11096.5 11096.5 11099.7 11103.8 11106 11107.4 11111.7 11116.6 11118 11118.2 11119.1 11119.6 11125.3 11131.3 11134.7 11135.7 11135.5 11134.2 11132.1 11129.5 11126.6 11123.9 11121.6 11120.6 11120.6 11119.6 11116.8 11113.6 11110.4 11110.5 11113.1 11115.8 11118.5 11120.7 11122.5 11122.8 11124.1 11124.2 11124.3 11125.9 11130.5 11135.8 11144.2 11156.6 11189.4 11201.2 11202.1 11202.4 11202.5 11201.3 11199.4 11197.6 11200.9 11202.3 11201.5 11198.3 11194 11192.4 11196 11199.4 11200.1 11200.9 11201.1
11085.5 11089.4 11093.1 11097 11099.5 11101.6 11102.7 11104.7 11105.6 11105.8 11109.6 11113.8 11115.2 11118 11121.3 11126.6 11131.2 11133.7 11135.4 11135.8 11135.1 11133.6 11131.2 11128.1 11125.3 11122 11118.9 11117.3 11117.1 11115.9 11113.4 11109.7 11106 11105 11108.1 11112 11115.6 11118.4 11121.2 11122.7 11124.4 11124.8 11125.5 11127.8 11133.8 11143.7 11157.8 11175.8 11202.1 11210 11208.6 11207.2 11204.7 11201.2 11196.1 11192.6 11195.4 11197.7 11197.9 11196.2 11193.8 11194.4 11196.2 11198.3 11198.4 11199 11199.2
11087.1 11091.4 11095.3 11099.9 11103.1 11106.1 11107 11107.5 11108.3 11109 11111.7 11114.4 11117 11118.9 11123.1 11130.8 11136.1 11136.8 11137.2 11137.2 11136 11134 11131.3 11128 11124.1 11120.3 11116.6 11113.7 11114.6 11113.8 11110.5 11106.9 11104 11102.9 11105.9 11110.5 11114.9 11118.8 11122.3 11125.3 11127.9 11129.2 11129 11127.8 11137.8 11153.2 11171 11190.1 11201.6 11208 11210.7 11210.1 11207.7 11203.8 11198.1 11194.5 11196 11197.7 11198.3 11198.3 11198.6 11198 11198.3 11198.6 11199 11199.1 11197.8
11088.7 11093.1 11097.3 11102.2 11105.8 11109 11109.7 11110.5 11112 11113.8 11115.7 11115.7 11116 11117.9 11123 11131.1 11136.8 11139.7 11140 11139.2 11137.8 11135.5 11132.5 11128.8 11124.1 11119.9 11115.7 11112.1 11112.2 11110.9 11107.7 11104.8 11103.1 11102.6 11105.9 11111 11116.3 11121.8 11126.3 11131.2 11135.4 11138.2 11139.5 11140.2 11150.8 11165.6 11180.8 11194.8 11202 11207.7 11212.4 11213.4 11212.2 11209 11204.8 11201.3 11200.7 11200.5 11200.2 11200.8 11203.9 11202.9 11200.5 11199.1 11199.2 11199 11197.7
11090.1 11094.6 11098.8 11103.7 11106.9 11109.8 11110.9 11112.1 11114.7 11118.3 11119.1 11115.6 11113.6 11115.7 11122.9 11132.7 11141 11143.2 11143.1 11142.1 11140.5 11137.8 11134.7 11129.9 11125.6 11121.1 11116.3 11112.6 11112 11111.8 11107 11104.5 11102.9 11103.8 11107.5 11112.9 11119.6 11126.2 11133.2 11141 11146.7 11152.1 11157.5 11163.7 11174.4 11181.2 11188.8 11197.4 11205.7 11212.1 11216 11217.7 11217.7 11216.6 11216.1 11212.5 11207.9 11204.7 11202.5 11201.3 11202.1 11202.6 11201.4 11199.8 11199.5 11199.1 11198.4
11091.4 11095.9 11100.1 11104.5 11107.4 11109.6 11110.7 11111.4 11113.3 11116.3 11116.5 11112.6 11110.9 11113.4 11121.5 11133.4 11145.4 11145.6 11145.2 11143.7 11141.9 11139 11135.8 11131.7 11128.7 11123.8 11118.1 11114.2 11111.6 11108.5 11105 11102.5 11101.8 11104.4 11109.2 11115.4 11125.6 11135 11144.2 11153.8 11161.1 11168.7 11177 11187.5 11196.9 11196 11196.3 11200.7 11209.4 11216.5 11220.4 11222.8 11223.9 11223.7 11222.9 11219.8 11214.5 11209.4 11205 11201.6 11200.5 11201.7 11201.8 11201.3 11200.8 11200.1 11199.2
11093 11097.4 11101.3 11105 11108.4 11110.3 11110.2 11109.7 11108.6 11106.8 11106.3 11107.4 11108.3 11111.4 11119.7 11130.9 11139.5 11145 11146.3 11145.2 11143.5 11141 11138.2 11134.7 11132.4 11127.2 11120.6 11115.9 11111 11107.2 11103.4 11100.2 11099.9 11103.4 11110.1 11119.6 11133.2 11146.1 11157.7 11167.5 11176.1 11185.8 11194 11203.5 11210.1 11207.6 11203.6 11205.5 11213 11219.8 11224.9 11228.5 11230.9 11231.1 11228.1 11225.6 11221 11214.9 11208.8 11203.4 11201.9 11202.7 11203.5 11203.6 11203.1 11202.6 11201.3
11096.1 11100.5 11103.9 11105.7 11106 11108.7 11110.5 11109.6 11105.8 11100.7 11100.2 11104.9 11108.3 11112.7 11119.9 11130.6 11139.9 11145.9 11147.9 11147.5 11146.3 11144.9 11143 11140.3 11137 11131.9 11124.8 11116.4 11110.1 11108.4 11105.9 11102.8 11101.1 11102.7 11110.1 11124.9 11142.1 11157.7 11170.8 11182.1 11191.6 11200.8 11209.5 11217.3 11222.4 11218.9 11211.7 11212 11217.9 11224.3 11230 11234.9 11238.9 11241.1 11241.4 11235.6 11228.8 11221.3 11213.8 11207.9 11205.3 11205.7 11206.3 11206.5 11206.2 11205.7 11204.2
11100.2 11105.5 11108.7 11109.8 11107.6 11111.1 11114.9 11114.5 11109.5 11104.7 11104.7 11107.8 11110.9 11115.1 11123 11134.4 11145 11149.6 11150.1 11149.5 11149 11148.3 11148.2 11147 11144.9 11141 11135.2 11125.6 11118.3 11117.6 11116.6 11112.7 11108.8 11108.2 11114.9 11136.1 11157.7 11174.7 11188.5 11199 11208.3 11216.1 11223.5 11229.4 11232.8 11228.7 11220.8 11220.1 11224.2 11229.5 11235.9 11242.2 11247.6 11250.5 11250.2 11245.1 11236.9 11228.1 11219.5 11213.5 11210.7 11210.4 11211.1 11211.8 11211.6 11210.9 11208.8
11106.2 11112 11116.9 11119.2 11120.1 11122.3 11125 11125.3 11121.4 11117.1 11114.9 11114.9 11116.2 11118.8 11129 11141 11149.6 11152.4 11151 11150.4 11151 11152.2 11153.5 11154.5 11155.3 11154.9 11152.8 11147.6 11143.2 11146.5 11147.8 11138.3 11128.9 11130.1 11134.3 11161.5 11183.7 11198.2 11209.5 11218.3 11225.7 11231.9 11237.2 11240.9 11242 11237.7 11230.2 11229.2 11232.1 11236.1 11242.7 11250.4 11257.1 11260.8 11259.2 11254.2 11245.8 11236 11226.2 11218.3 11214.7 11216.8 11217.7 11218 11217.3 11218 11215.7
11112.2 11119.4 11125.7 11130.9 11134.8 11135.8 11137.4 11139.9 11140.4 11132.7 11126.1 11123.5 11123.7 11126.2 11137.8 11148.3 11150.6 11151 11149.2 11149.7 11151.7 11155.3 11159.2 11163.3 11168.1 11172.7 11177.3 11182.2 11188.3 11207.5 11215.6 11198.8 11177.7 11183.1 11194.3 11211.6 11221.4 11228.4 11234.1 11240.1 11244.4 11248.3 11251.2 11252.8 11252.7 11247.9 11239.1 11239.2 11242 11244.9 11251.3 11259.5 11266.4 11273.5 11274.3 11264.3 11254.9 11245.4 11235.3 11225.9 11225 11227.3 11227.2 11227.9 11226 11224.5 11221.7
11117.6 11126.1 11134.2 11141.3 11145.7 11145.8 11146.5 11150.2 11154.8 11142.8 11134.1 11130.5 11130.7 11135.8 11142.5 11146.5 11144 11144 11142.8 11146.7 11151.7 11157.7 11164.9 11172.6 11180.8 11190 11202.1 11219.3 11246.5 11269.6 11286.5 11265 11242.8 11249.4 11272.7 11268.7 11261.1 11259.7 11260 11261.1 11262.8 11263.8 11264.6 11264.5 11263.2 11258.9 11250.7 11250.9 11254.6 11258.4 11263.5 11268.5 11271.8 11276.4 11276.9 11269.2 11262.1 11255.9 11249.5 11244.4 11245.5 11243.4 11240.8 11238.5 11235 11231.7 11228.8
11120.9 11130.8 11140.6 11148.6 11152.7 11150.8 11148.8 11148.6 11149.5 11142.6 11136.4 11134 11133.8 11134.9 11133.9 11129.7 11128 11126.6 11133.5 11143.1 11151.7 11160.5 11170.2 11180.1 11190.8 11203.1 11219.8 11242 11269.7 11292.8 11307.3 11298.8 11287.5 11290.7 11304.3 11299.5 11290.8 11285.6 11282.6 11280.7 11279.4 11277.9 11276.5 11274.9 11273.3 11268.8 11260.8 11262.1 11267.8 11276.3 11281.5 11275.6 11271.3 11270.4 11269.6 11268.1 11266.6 11266.1 11267.4 11276 11270.7 11260.6 11255.2 11250.4 11246 11241.3 11237.6
11122.6 11133.4 11144.5 11153 11155.5 11151.5 11145.5 11139.7 11134.7 11134.2 11134.2 11134.9 11135.4 11133.6 11127.3 11119.6 11118.2 11117.9 11128.6 11141.2 11152.4 11163.4 11174.2 11185.7 11198.2 11212.6 11229.4 11249.5 11270.6 11288.2 11299.4 11301.8 11304.3 11307 11309.1 11310.4 11310.5 11307 11302.9 11299 11295 11291.1 11287.1 11283 11281 11273.8 11267.9 11270.9 11276.9 11285 11287.2 11275.5 11265.1 11258.9 11259.9 11264.5 11269.3 11273.7 11278.8 11283.9 11279.6 11273 11266.1 11261.6 11256.5 11251.4 11246.9
11123.3 11134.2 11145.4 11156.4 11156.9 11149.2 11140.5 11131.6 11124.6 11125.5 11132.2 11136.8 11139.5 11140.5 11138 11128.5 11123.4 11122.7 11131.9 11144 11154.6 11166.1 11177.5 11189.8 11203.1 11218.5 11232.4 11249.3 11264.3 11276.6 11283.3 11290.5 11303.8 11314.4 11320.7 11325.9 11328.5 11326 11321.7 11316.5 11311.5 11305.8 11299.1 11292.1 11287.1 11276.3 11274.4 11277.4 11281 11282.4 11277.2 11269.1 11256.3 11244.4 11249.8 11261.2 11271.7 11279.5 11282.6 11277.6 11282 11282.2 11276.3 11270.5 11265.1 11259.8 11255.2
11122.1 11132.1 11141.2 11148.8 11149.9 11143.8 11136 11127.5 11123.9 11127.9 11135.1 11141.1 11145.6 11148.9 11149.9 11140.4 11134.7 11137.4 11141.7 11149.6 11159.8 11170.9 11182.4 11195.6 11208.4 11223.4 11235.7 11248.9 11258.9 11268 11274.9 11283.4 11299.9 11320.7 11339.5 11351.7 11346.3 11339.9 11333.3 11326.7 11320 11313.1 11305.1 11297 11292.9 11282.1 11284.3 11287.5 11288.6 11285.1 11276.6 11268.3 11253.6 11239.7 11248.1 11263.3 11278.1 11290.6 11295.5 11284.7 11292.9 11293.2 11289 11282.1 11276.5 11270.7 11265.2
11120.2 11129 11135.4 11136.1 11139.2 11138 11132.6 11128.5 11130.6 11136.3 11141.7 11147.4 11152.3 11155.5 11157.1 11149 11144.9 11145.4 11149.9 11158.2 11169.1 11180.2 11191.5 11206.4 11219.6 11231.7 11242.4 11251.1 11257.1 11264.6 11275.1 11284.7 11301.7 11325.5 11349.1 11364.7 11358.9 11352.8 11345.9 11341.1 11334.9 11327.9 11320.7 11311.4 11306.7 11293.9 11300.6 11302.6 11300.3 11295.2 11289.3 11276.2 11260.2 11247.4 11255.1 11268.5 11285.2 11304.1 11324.3 11327.1 11314 11307.9 11303.7 11298.5 11292.8 11286.5 11279
11117.2 11126 11134.5 11140.5 11137.7 11134.3 11130.8 11132 11140.2 11145.4 11149.4 11154.6 11159.4 11161.7 11160.1 11159.5 11159.2 11157.1 11161 11170.6 11181.9 11195.6 11208.1 11222.1 11232.5 11241.7 11250.1 11255.6 11259.4 11267 11282.6 11294.2 11308.2 11329.1 11346.9 11357.7 11363 11363 11359.8 11355.8 11353.2 11350.3 11344.6 11337.9 11330.8 11322.1 11326.4 11321.9 11311.9 11300.2 11294.7 11276 11267.4 11271.9 11263.3 11272.1 11288.8 11308.3 11329.5 11337.8 11327.2 11320.2 11318.9 11314.1 11308.6 11302.2 11294.5
11112.6 11121 11130.5 11139.3 11134.8 11130 11127.2 11130.6 11144.5 11150.4 11155.3 11161.4 11167.5 11172.4 11173.2 11182.5 11187.8 11181.3 11181.3 11188.1 11198.8 11214.1 11227.4 11237.9 11247.2 11253.8 11260.4 11263.9 11267.7 11273.8 11292.7 11306.5 11320.2 11336.6 11350.3 11362.1 11368.4 11369.3 11367.9 11365.7 11364.2 11365.1 11363.5 11362.4 11361.9 11352.1 11355 11348.6 11323.7 11292.1 11262.1 11234.2 11223.9 11236.7 11249.2 11267.6 11287.3 11304 11313.4 11326.9 11331.6 11333.1 11331.6 11328 11323.7 11318.3 11311.5
11106.6 11113 11119.3 11123.9 11124.9 11123.5 11121.9 11124.9 11139.6 11150 11157.9 11166.5 11175.7 11186.1 11199.2 11211 11213.1 11201.5 11200.7 11204.6 11216.5 11232.2 11245.7 11256.4 11263.5 11269.7 11274.7 11276.9 11279.6 11285.7 11306.7 11321.4 11332.1 11342.5 11353.6 11367.8 11373.8 11374.4 11373.4 11371.9 11371.6 11374.3 11380.6 11390 11401.3 11406.7 11417.8 11384.8 11332.6 11277 11218 11182.2 11170.6 11181.8 11226.3 11259.5 11285.3 11302.5 11310.6 11324.6 11334 11339.7 11341.4 11340.1 11337.3 11334.2 11329.9
11101.1 11105.2 11107.9 11111 11115.7 11117.7 11118 11122.9 11137.3 11148.1 11158 11168.4 11180.2 11194.2 11210 11217.9 11210.5 11198.9 11197 11214.6 11235.4 11254.5 11268.6 11278.4 11285.5 11288.9 11292.3 11293 11294.1 11301.7 11320.8 11335.7 11333.1 11337.7 11351.6 11365.8 11373.7 11375.8 11373.4 11370.8 11370.4 11374.3 11386.8 11409.1 11440 11482.1 11493 11405.2 11328.9 11264.8 11211.6 11185.1 11186.2 11194.2 11221 11252.6 11286.4 11310.3 11318.9 11331.1 11340.7 11340 11345.9 11345.4 11346.2 11345.7 11345.2
11096.6 11099.9 11102 11105.4 11111.2 11115.3 11117.9 11123.4 11134.7 11146 11157.2 11167.7 11179.9 11193.9 11208.5 11211.6 11193.9 11189.8 11194.8 11230.3 11261.2 11281.9 11294.9 11303.3 11308.7 11312.1 11312.4 11312.1 11309.6 11310.7 11321 11327.8 11328.1 11332 11350.6 11364.6 11373.3 11376.8 11370.9 11363.4 11357 11359.2 11370.5 11400.1 11452.6 11481 11451.1 11365.1 11294.3 11239.6 11214.9 11221.3 11230.1 11213.9 11211.8 11238.1 11283 11330.3 11342.3 11345 11342.9 11343.9 11342.9 11343.8 11348.6 11352.4 11356.7
11093.7 11097.6 11100.8 11105.3 11110.9 11115.6 11121 11125.7 11133.1 11144.4 11155.1 11165.7 11176.5 11187.7 11198.2 11200.3 11185.2 11199.5 11223.5 11270.2 11300 11314.7 11322.9 11328.7 11332.8 11335.3 11334.9 11333.4 11330.1 11324 11325 11329.4 11334.5 11339.3 11360.9 11376.7 11381.7 11378.6 11363 11343.7 11327.8 11320.2 11322.3 11338.8 11371.2 11372.4 11319.6 11276.3 11222.5 11179.7 11160.5 11162.8 11165.9 11161 11165.9 11197 11251.8 11324 11363.1 11351.4 11336.6 11332.3 11331.6 11335.7 11343.1 11354.6 11364
11093.2 11097.6 11102.2 11107.2 11113 11118.9 11126.3 11129.9 11134.6 11144.7 11154.2 11163.2 11171.5 11179.1 11185.2 11187 11188.6 11233.8 11305.8 11343.7 11350.9 11351.8 11352.7 11353.8 11355 11356.6 11358.2 11358.5 11355.3 11348 11347 11355.2 11363.1 11365.8 11389.8 11408 11407 11386.1 11349.1 11312.1 11281.9 11259.3 11246.2 11237.1 11226.9 11227.8 11216.5 11171.8 11127.3 11088 11055.9 11026.4 11025.1 11054.7 11084.8 11124 11178.5 11251.6 11345.9 11320.8 11303.7 11305.7 11310.6 11321.4 11336.2 11355 11370.7
