real_craters/C113-300m.grd
DSAA
238 238
-35.56 35.56
-35.56 35.56
9969.1830086419 11650.991487447
[rows 180 to 209 of 238, columns 134 to 200 of 238]
11202.1 11202.3 11203.6 11206.1 11210.3 11214.2 11211.9 11209.8 11208.1 11206.8 11205.8 11204 11202.9 11201.6 11201.4 11200.6 11200.7 11201.6 11202.9 11205.4 11210.3 11220.4 11222.5 11209.6 11192.2 11175.2 11169 11173.3 11177.4 11178.8 11170.1 11162.9 11157.2 11152.4 11148.5 11147.6 11147.7 11149.2 11155.1 11160.9 11166.5 11172 11167.9 11156.8 11152.2 11150 11149.8 11150.2 11153.7 11156.5 11156.1 11154.6 11154.7 11154.7 11153.8 11154.7 11156.6 11158.3 11160.5 11163 11165.1 11166.9 11168.2 11169.3 11170.1 11170.6 11170.7
11201.2 11203.6 11205.7 11207.6 11209.9 11211.6 11211.1 11209.6 11207.6 11205.8 11204.1 11201.6 11200.4 11198.4 11197.6 11196.5 11196.6 11198.3 11199.9 11203.1 11208.2 11208.3 11198.7 11181.1 11168 11155.3 11151.9 11157.3 11161.6 11163.9 11162.1 11158.5 11155.2 11152.5 11150.4 11149.9 11151.2 11153.3 11155.5 11158.9 11162.4 11165.2 11163 11157.3 11153.8 11151.8 11151.1 11150.8 11152.9 11155 11156.3 11156.6 11156.6 11157.9 11158.3 11158.6 11159.1 11160.5 11162.5 11164.6 11166.2 11167.6 11169 11170.2 11171.1 11171.8 11172.4
11200.5 11204.2 11206.7 11208.4 11208.4 11208.5 11209.2 11208.3 11206.4 11204.2 11201.5 11199.4 11197.9 11195.5 11193.5 11192.2 11192.1 11192.3 11193.5 11195.6 11196.8 11188.3 11170.5 11160.6 11153.4 11147 11144.5 11146.7 11149.6 11153.1 11154.6 11154.4 11153.7 11152.1 11151.6 11151.7 11153.2 11154.6 11155.3 11156.5 11157.3 11157 11157.7 11157.3 11156.1 11156.1 11154.7 11152.9 11154.8 11156.8 11159.4 11160.3 11159.8 11160.6 11162.9 11162.9 11163 11163.8 11165.2 11166.8 11167.8 11169 11170.2 11171.4 11172.3 11173.3 11174.3
11202.3 11206.1 11208.3 11210 11210.1 11209.5 11208.7 11207.1 11204.6 11202.1 11198.9 11196.3 11194.6 11191.8 11189.7 11188.1 11186.8 11185.6 11185.2 11184.3 11180.8 11169 11151.7 11148.5 11145.9 11143.3 11140.1 11140.2 11141.9 11146.4 11150.1 11152.3 11152.8 11151.5 11151 11152.1 11154.5 11154.9 11154.5 11154.5 11154 11153.2 11154.3 11155.7 11157 11158.9 11158.3 11156.7 11158.2 11162.3 11165.6 11165.5 11164.4 11164.3 11165.3 11166.7 11167.5 11167.9 11168.6 11169.4 11170.3 11171.1 11172 11172.9 11173.9 11174.6 11175.9
11207.4 11209.4 11210.7 11211.9 11212 11210.8 11208.5 11205.7 11202.4 11199.4 11195.8 11192.7 11190 11187 11184.7 11182.3 11180.1 11178.5 11176.5 11173.6 11168.3 11158.6 11144.6 11143.1 11140.4 11132.6 11134.9 11136.9 11138.1 11143.5 11149.2 11152.9 11154.1 11152.7 11151.8 11151.7 11151.9 11152.8 11153.4 11153.6 11153.1 11152.2 11153.1 11154.5 11156.5 11158.9 11159.2 11158 11159.5 11163.3 11166.5 11167.2 11167.8 11168.6 11169.4 11170.2 11171 11171.3 11171.6 11171.9 11172.3 11172.7 11173.3 11174 11174.8 11175.8 11177
11213.5 11213.1 11212.9 11213.3 11213 11210.9 11207.8 11204.3 11200.7 11197.1 11193.7 11190.2 11187.1 11183.1 11180.3 11177.1 11173.8 11171.1 11167.5 11163.8 11158.5 11151.9 11146.7 11145.5 11141.1 11135.2 11136.1 11138.5 11140.9 11145.5 11151.8 11156.9 11159.2 11158.2 11156.1 11153.1 11149.6 11151.4 11153.7 11154.7 11154.6 11153.6 11153.2 11154.1 11155.7 11156.5 11155.9 11156.6 11158.2 11159.6 11161.6 11164.5 11166.6 11169.3 11172 11173 11174 11174.2 11174.2 11173.6 11173.7 11173.9 11174.4 11175 11175.8 11176.7 11177.8
11217.5 11215.7 11214.8 11213.4 11211.8 11209.4 11206.7 11202.6 11198.9 11195.2 11191.5 11187.8 11184.4 11181.9 11177 11173.1 11169.2 11164.9 11160.1 11155.7 11150.6 11148.1 11154.4 11155.5 11149.9 11144.7 11142.7 11143.5 11145.9 11150.2 11156.9 11163.5 11168.5 11169.4 11165.5 11158.5 11152.1 11153.9 11156.9 11158.4 11158.3 11156.7 11154.8 11154.9 11156.2 11156.7 11156 11155.9 11157.6 11158.6 11159.6 11162.1 11163.9 11167.1 11170.6 11174.4 11176.6 11176.3 11175.7 11175.1 11175 11175.1 11175.4 11175.9 11176.7 11177.5 11178.4
11218.7 11216.8 11215.2 11212.6 11209.6 11207.4 11205.1 11201.6 11197.7 11194 11190.3 11186.6 11183 11179.1 11174.9 11171.1 11164.4 11159.4 11154.6 11148.8 11143.1 11141.8 11152.6 11159.1 11157.7 11152.7 11148.7 11148.7 11150.6 11155.2 11162.4 11170.6 11179.6 11185.3 11178.1 11167.2 11159 11160.8 11163.4 11164.8 11164.4 11161.9 11158.4 11158.2 11159.1 11159.4 11158.8 11158.3 11159.5 11160.2 11161.1 11163.6 11164.6 11166.1 11169.1 11173.1 11176 11176.6 11176.3 11175.6 11175.5 11175.6 11176 11176.6 11177.4 11178.2 11178.8
11218.7 11216.9 11214.9 11211.6 11207.9 11205.4 11203.3 11200 11196.7 11193.4 11189.5 11186.2 11180.8 11176.9 11172.9 11168.6 11161.1 11154.5 11148.7 11141.9 11136.7 11135.7 11144.4 11153.3 11154.5 11152.6 11151.3 11152.4 11154.6 11159.3 11166 11174.5 11185.2 11195.4 11186.6 11177.2 11171 11170.8 11172.3 11173.4 11172.6 11169.4 11164.9 11163.9 11163.9 11163.8 11163.9 11163.5 11163.9 11163.6 11164.5 11168.5 11168.5 11167.3 11169 11171.1 11173.6 11175.3 11175.8 11175.7 11175.8 11176.1 11176.7 11177.3 11178.3 11178.9 11179.4
11218.5 11216.3 11214.1 11210.6 11207.1 11203.7 11200.6 11197.2 11193.9 11190.5 11187.1 11183.7 11179.7 11175.6 11171.1 11163.6 11158.6 11152.9 11145.4 11137.9 11132.7 11130.6 11138.5 11150.6 11148.8 11148.4 11151.1 11154.5 11157.4 11161.4 11166.8 11173.6 11181.1 11187.2 11185.9 11184.1 11182.2 11180.2 11181.5 11183.6 11183.4 11179.8 11174.5 11172 11170.3 11168.9 11167.7 11170.5 11169.9 11168.6 11168.8 11172.3 11172.6 11171.3 11171.9 11172.9 11173.7 11174.4 11175.3 11175.6 11176.1 11177.1 11177.4 11178.3 11179.4 11179.6 11180.1
11217.9 11215 11212.4 11209.3 11205.7 11201.1 11196.7 11192.9 11190.1 11186 11182.6 11179.2 11175.8 11171.8 11168.4 11163.1 11158.4 11152.5 11146.1 11138.1 11131.8 11127.1 11130.7 11140.5 11143.5 11146.6 11151 11155.8 11159 11161.7 11165.5 11169.7 11173.2 11175.3 11179.4 11183 11184.5 11184.5 11188.1 11193.6 11197.2 11192.4 11185.3 11180.5 11177.4 11175.2 11175.2 11179.2 11175.7 11174 11173.7 11174.5 11175.8 11176 11175.5 11176.1 11175 11174.7 11174.7 11175 11176 11177.1 11177 11178.1 11178.8 11179 11179.8
11215.6 11212.2 11209.4 11206.6 11202.6 11197.9 11192.4 11188 11183.9 11179.8 11176.3 11172.9 11169.2 11166 11164.6 11160.9 11157.2 11153 11147.8 11143.3 11136.6 11129.6 11128.3 11136.4 11144.6 11148 11152.7 11155.8 11158.8 11161.4 11163.9 11166.2 11168.5 11169.9 11171.1 11172.4 11176.8 11182.4 11189.5 11198.6 11206.3 11200.2 11192.5 11186.5 11183.4 11182.1 11183.4 11182.9 11177.6 11175.4 11174.6 11174.2 11175.8 11177.8 11175.5 11174.6 11173.7 11173.2 11173.3 11174 11174.8 11176.2 11179.3 11178.4 11179.6 11180.5 11181.4
11210.8 11207.1 11204.5 11202.4 11198.1 11192.8 11187.3 11183.1 11179 11175.4 11171.9 11168 11165.8 11162.3 11160.5 11158.8 11156.4 11154.8 11151.7 11151.2 11146.3 11141.1 11139.8 11149 11159.2 11156.7 11158.1 11158.4 11159.3 11160.7 11161.9 11162.7 11164.1 11164.7 11164 11163 11168.9 11177.3 11185.4 11194.4 11202.1 11197.1 11191.7 11187.7 11186 11186.3 11184.4 11177.4 11174.7 11172.3 11171.7 11170.9 11172.4 11173.7 11172.8 11171.4 11171.4 11171.2 11172 11174.1 11176.2 11178.3 11180.1 11181.6 11182.8 11183.7 11184.3
11203 11199.2 11196.9 11195.2 11191.7 11187.3 11182.6 11178.2 11174.7 11171.4 11169 11166.5 11163.8 11161.5 11159.8 11159 11157.9 11158.2 11158.2 11159.7 11159.9 11160.2 11162.4 11170.6 11177.7 11170.5 11167.1 11164.4 11161.7 11160.9 11160.5 11160.1 11158.6 11159.9 11161.2 11161.3 11166.4 11172.9 11178.2 11182.2 11185.3 11185.9 11185 11184.3 11184.2 11185 11180.7 11171.9 11171.4 11171.2 11170.6 11169.2 11169.9 11171.3 11171.6 11171.3 11171.1 11170.3 11171.2 11174.3 11177.4 11180.3 11182.5 11184 11185.1 11186 11186.5
11191.8 11187.6 11186.6 11187.5 11183.2 11179.7 11176.5 11173.9 11171.4 11168.2 11166 11163.9 11162.1 11160.7 11159.7 11159.1 11159.2 11161.3 11163.4 11168.1 11173.9 11182.4 11191.3 11195.1 11196.8 11186.9 11176.9 11168.4 11163.1 11161.4 11161.3 11161.1 11160.2 11162.7 11164.9 11165.2 11168.4 11171.1 11172.1 11171.1 11171.1 11174.3 11177.2 11179.2 11179.5 11177.6 11173.7 11169.4 11170.1 11172.3 11172.5 11170.8 11170.2 11172.1 11173.5 11174.1 11174.2 11172.2 11171.7 11175.2 11178.5 11181.2 11182.9 11186.7 11184.7 11185.4 11185.9
11178.3 11174.5 11172.2 11171.1 11171.4 11171.1 11169.6 11168.3 11166.9 11166.4 11164 11162.1 11161 11161.4 11159.6 11159.7 11162.4 11164.9 11168.4 11174.5 11184.3 11199.3 11219.6 11219 11214.7 11202.9 11185.8 11169.8 11163.3 11161.7 11163 11165.6 11167.7 11172.1 11174.9 11174.8 11174.6 11172.4 11169.2 11165.9 11165.8 11168.7 11172.7 11175.6 11176.1 11174 11171.3 11169 11169.4 11171.5 11174.2 11174.4 11173 11177.4 11182.3 11183.7 11182.6 11177.7 11175.3 11180.2 11183.9 11185.1 11187.3 11186.6 11188.3 11188.7 11188.9
11164.4 11162.1 11159.1 11157.1 11160.8 11163 11163.9 11164 11163.8 11163.4 11163.2 11162.8 11162.3 11162.8 11162.1 11163.3 11164.6 11167.6 11170.8 11176.3 11185.3 11199 11216.1 11213.8 11219.7 11216.2 11193.1 11169.3 11162.2 11161.4 11164.9 11170.9 11178.3 11182.7 11188.7 11190.9 11182.7 11175.4 11168.9 11163.9 11164.6 11169 11172.4 11174.8 11175.6 11174.8 11173 11171.2 11169.2 11168.9 11173.5 11177 11177.4 11187.4 11205.5 11203.6 11195 11189 11185.7 11189.5 11191.4 11191.7 11191.4 11191 11190.8 11190.7 11190.7
11152 11152.4 11153 11153.6 11155 11156.8 11158.3 11159.2 11160 11160.8 11160.8 11161 11161.2 11161.6 11162.2 11163.7 11165.1 11167.1 11169.6 11175.1 11179.6 11184.4 11186.2 11181.5 11206.9 11216.5 11192.4 11165.7 11159.3 11160.1 11164.3 11172 11181.8 11186.6 11194.1 11196.1 11186.5 11177.4 11169.7 11164.3 11165.8 11170.6 11173.9 11176.3 11177.6 11176.6 11176.2 11174.6 11170.1 11167.2 11170.1 11174 11181 11187.3 11201.8 11205.4 11202.6 11202.8 11203.6 11203.6 11200.3 11197.5 11195.4 11194 11193.2 11192.7 11192.6
11142.2 11144.5 11148 11150.2 11150.9 11152.5 11154.3 11155.8 11158 11159.2 11160.2 11159.9 11159.8 11161.5 11162.3 11163.3 11164.9 11167.7 11168.7 11169.8 11171.5 11168.3 11160.2 11153.6 11177.6 11190.3 11173.3 11156.3 11154.8 11156.7 11160.9 11166.3 11174 11181.6 11188 11189.5 11184.4 11177.3 11170.9 11166.4 11168.7 11173 11176 11178.9 11181.7 11182.5 11180.2 11177.2 11171.7 11167.2 11166.7 11169.7 11176.2 11178.1 11171.6 11190.7 11203.9 11212.6 11222.3 11214.8 11206.7 11201.5 11198.3 11196.2 11194.8 11194.2 11193.9
11134.9 11137.4 11140.1 11143.4 11146.2 11148 11150.3 11152.3 11154.8 11156.6 11158 11159.5 11162.8 11164.8 11165.8 11166.7 11167.6 11168.3 11168.7 11167.7 11165.7 11158.4 11148.8 11142.7 11152 11160.1 11154.5 11150.2 11151 11153.7 11157 11160.2 11165.9 11174.5 11180.7 11182.4 11180.1 11176 11172.1 11169.9 11171.7 11175 11177.6 11180.7 11185 11188.2 11182.9 11178.4 11173.4 11169.8 11168 11170 11175.7 11188.6 11195.3 11199.6 11206.2 11212.6 11217.9 11213.7 11207 11202.2 11199 11196.8 11195.6 11195.1 11195
11131.3 11132.8 11134 11137.5 11141.7 11144.4 11147.4 11149.8 11152.2 11154.4 11156.5 11158.8 11161.6 11162.5 11166.5 11167.4 11170.9 11170.2 11170 11167.4 11165 11156 11147.4 11143 11146.2 11148.7 11147.3 11147.9 11149.5 11152.2 11154.9 11158 11162.8 11169.2 11175 11176.8 11175.9 11174 11172.5 11172.4 11173.8 11175.9 11178 11180.1 11182.5 11183.8 11181.9 11178.7 11175.7 11175.1 11174.9 11175.1 11180.2 11196.8 11216.5 11208.3 11205.9 11206.9 11207 11204.9 11202.4 11199.9 11197.9 11196.5 11195.6 11195.4 11195.6
11131.7 11132 11132.9 11135.5 11139.6 11142.8 11146.2 11149.2 11152 11154.6 11157.1 11160.4 11163.2 11164.9 11166.7 11168.7 11170.6 11170 11168.9 11167.9 11163.9 11158.5 11152.5 11150 11149.3 11148.1 11146.9 11147.6 11149.6 11152.7 11155.2 11156 11160 11165 11169.1 11171.1 11171.6 11171.5 11171.7 11173.2 11175.5 11177.2 11177.9 11178.2 11177.8 11178.1 11179.2 11179.3 11179.6 11180.7 11182 11179.2 11180.9 11187.1 11192.7 11199.3 11200 11199.5 11197.1 11195.9 11196.4 11196.1 11195.5 11194.9 11194.9 11194.8 11195.3
11134.4 11133.8 11134.4 11135.5 11138.7 11142 11145.3 11148.2 11151.4 11154.7 11157 11160.7 11163.1 11165.6 11167 11168.3 11166 11166.3 11166.2 11166 11163.5 11161.8 11160.1 11157.9 11152.3 11148.6 11147.4 11147.6 11150.7 11154.9 11159 11160.5 11162 11162.7 11163.3 11166 11168 11169.1 11169.9 11172.3 11176.5 11177.9 11177.5 11176.6 11175.5 11175.6 11177.2 11178.9 11180.7 11182.5 11183.4 11179.7 11179.4 11182.8 11187.2 11191.5 11193 11192.9 11191.4 11190.8 11191.6 11192.4 11192.7 11192.9 11193.6 11194.2 11194.9
11138.1 11136 11135.1 11135.7 11137.9 11140.6 11143.9 11146.8 11150.2 11153.3 11156.1 11158 11160.3 11162.7 11164 11165.5 11163.1 11163.3 11164.4 11165.3 11165.8 11165.4 11164.7 11161.4 11154.2 11148.1 11144.3 11146.4 11151.2 11157 11163.6 11171.3 11166.2 11162.3 11160.5 11163 11165.7 11167.7 11169.2 11172.7 11177.3 11178.4 11177.3 11175.4 11173.7 11174 11175.5 11177.2 11179.2 11180.6 11180.8 11179 11178.3 11180.4 11183.3 11186.2 11187.5 11187.7 11187.5 11187.9 11188.6 11189 11190 11191 11191.6 11192.8 11194.1
11141.9 11137.4 11135 11135.7 11137.4 11140.2 11143.1 11146.2 11147.9 11150.9 11153.4 11153.5 11155.5 11157.4 11159.2 11158.6 11160.3 11162 11163.9 11165.9 11168 11169 11167.2 11161.7 11154.8 11148.5 11143.7 11145.6 11151.2 11157.9 11164.3 11167.9 11166.1 11162.1 11160.2 11162.1 11165 11167.9 11170.6 11175.2 11179.2 11179.4 11177.2 11174.4 11171.8 11172.3 11174 11175.6 11176.5 11177.6 11179.6 11179.1 11179 11179.3 11180.7 11182.6 11183.3 11183.6 11183.5 11183.7 11185.1 11186.8 11188.6 11190.3 11192 11193.6 11195.1
11143 11137.2 11134.4 11135.5 11137.2 11140 11142.2 11144.5 11145.7 11147.7 11149.8 11150.5 11151.8 11153.7 11155.6 11156.8 11158.8 11161 11163.2 11166.3 11169.9 11173.4 11175 11165.8 11155 11148.3 11144.5 11146.2 11151.5 11158 11164.3 11167.1 11165.2 11161.7 11160.2 11162.3 11165.4 11169 11173.5 11179.3 11183.4 11180.7 11177.1 11173.8 11171.2 11171.6 11173.2 11174.9 11175.6 11175.3 11176.6 11177.9 11179 11179.1 11179.4 11180 11180.2 11180.4 11180.2 11181.1 11181.8 11183.3 11185.3 11187.2 11190.7 11192.7 11194.6
11141.1 11136.8 11134.9 11136.2 11137.4 11139.3 11141.2 11142.8 11144.3 11145.9 11147.6 11149.5 11151.4 11152.4 11154.3 11155.5 11157.6 11159.6 11162.2 11165.6 11169.2 11173.8 11179.5 11168.2 11154.5 11148.7 11146.2 11147.6 11151.9 11157.3 11163.4 11166.9 11164.1 11161.6 11160.9 11162.8 11165.6 11169.2 11174.5 11178.7 11182.3 11178.9 11175.7 11173.3 11171.8 11171.6 11172.6 11174.1 11175.1 11175.2 11175.7 11177 11179.3 11179.6 11178.9 11178.6 11178.1 11177.9 11177.2 11177.3 11179 11181.6 11184.5 11186.9 11189.3 11191.5 11193.6
11139 11139.3 11138.1 11137.6 11138.1 11139.1 11140.5 11141.9 11142.9 11144.6 11146.5 11148.6 11150.2 11151.7 11153.6 11154.5 11156.8 11158 11159.8 11161.9 11164.1 11165.5 11166.2 11159.4 11150.8 11146.5 11146.6 11149 11151.5 11155.2 11158.9 11161.5 11161.9 11161.7 11161.8 11163.2 11165.3 11167.6 11169.5 11171.7 11173.3 11173.9 11173 11172 11171.3 11171.3 11171.8 11172.6 11174 11175.7 11176.1 11177.1 11179 11179.4 11178.2 11177.4 11176.7 11176.2 11175.2 11174.9 11176.9 11180.3 11183.6 11186.6 11189.1 11191.5 11193.6
11136.1 11141.1 11140.3 11138.7 11138.3 11138.9 11140 11141.4 11142.1 11143.9 11145.7 11147.5 11150 11151.8 11153.4 11154.2 11156.1 11156.2 11157.1 11157 11157 11154.6 11150.2 11148.7 11145.5 11141.9 11143.6 11147.1 11149.9 11153 11154.9 11157.4 11159.7 11160.7 11161.7 11163.1 11164.9 11166.4 11166.9 11166.5 11167.2 11169.4 11170 11170.1 11170.3 11170.6 11171.2 11171.7 11173.2 11174.8 11175.5 11177 11177.5 11177.1 11176.8 11176.4 11176.1 11175.6 11174.9 11175 11176.8 11180.2 11183.6 11186.8 11189.5 11192 11193.6
11130.8 11136.4 11137.3 11137 11137.5 11138.2 11139.7 11140.3 11142 11143.8 11145.6 11147.4 11149.2 11151.2 11152.7 11154 11154.9 11155 11154.9 11153.3 11151.7 11148.3 11144.1 11143.4 11142.5 11139.8 11139.7 11143 11148 11152.7 11155.6 11157.8 11159.2 11159.9 11161.1 11162.8 11164.7 11166.5 11166.9 11165.7 11165.7 11166.9 11167.6 11167.8 11168.5 11169.8 11171.1 11172.2 11173 11173.7 11174.5 11174.6 11174.8 11175.1 11175.5 11175.8 11175.9 11176.1 11176.1 11176.9 11178.8 11181.8 11185.2 11188.1 11190.7 11193 11195
