real_craters/C113-300m.grd
DSAA
238 238
-35.56 35.56
-35.56 35.56
9969.1830086419 11650.991487447
[rows 0 to 29 of 238, columns 0 to 66 of 238]
10993.8 10994.2 10994.3 10994.5 10994.2 10995.1 10996.2 10997.4 10998.5 10999.3 10998.6 10998.5 10998.5 10997.6 10998.6 11001.1 11002.7 11003.8 11003.1 11002.7 11002.3 11002.8 11004 11005.4 11006.5 11007.1 11007.3 11007.9 11008.5 11009.7 11011.7 11013.9 11015.8 11017.6 11019.5 11021.2 11022.4 11023.5 11024.9 11026.1 11027.3 11028.6 11030.1 11031.2 11032.5 11033.5 11034.9 11036.5 11038 11039.7 11042 11044.6 11046.9 11047.1 11048 11049.2 11050.3 11051.4 11052.5 11053.5 11054.5 11055.4 11056.3 11057.2 11058.2 11059.1 11059.9
10993.6 10994.1 10994.6 10995 10995 10995.3 10996 10996.7 10997.2 10997.4 10996.5 10997 10998.4 10997.6 10998.3 11000.6 11002.2 11002.3 11002.8 11004 11003.8 11003.9 11004.5 11005.4 11006.4 11007.2 11007.8 11008.4 11009 11010.4 11012 11013.7 11015.3 11016.6 11017.7 11019.8 11021.6 11022.6 11023.7 11024.8 11026.2 11027.7 11028.5 11029.5 11030.9 11032.2 11033.6 11034.7 11036.1 11037.7 11039.8 11042.7 11045.2 11045.6 11046.7 11048.2 11049.9 11051.4 11052.6 11053.6 11054.4 11055.3 11056.1 11057 11057.9 11058.7 11059.6
10993.1 10993.9 10994.6 10995.1 10995.1 10995.3 10995.7 10996.1 10996.5 10996.6 10996.4 10997.1 10997.9 10997.5 10997.7 11000 10999.9 10999.6 11001.5 11003.9 11003.9 11004.2 11004.8 11005.7 11006.8 11007.8 11009 11010.1 11010.9 11011.6 11012.7 11014.1 11015.4 11016.5 11017.6 11019.7 11021 11021.7 11022.4 11023.3 11024.3 11025.4 11026.2 11027.6 11029 11030.5 11031.8 11033.1 11034.2 11035.4 11036.6 11037.9 11040.2 11042.5 11044.6 11046.8 11049 11051.5 11052.6 11053.3 11054.1 11055 11056 11056.8 11057.8 11058.5 11059.3
10992.2 10993.1 10994.2 10994.8 10994.9 10995 10995.2 10995.5 10995.8 10996.2 10997.1 10997.6 10996.7 10997.2 10997.8 10999.2 10999.5 10999.8 11000.8 11002.5 11003.1 11003.8 11004.8 11006 11007.2 11008.5 11009.9 11010.9 11012 11012.5 11013.4 11014.7 11015.9 11016.9 11017.1 11019 11020.1 11020.8 11021.3 11021.7 11021.7 11021.6 11023.7 11025.7 11027.5 11029 11030.4 11031.6 11032.6 11033.4 11033.8 11033.1 11035.6 11039.5 11042.5 11045 11047.3 11049.8 11051.3 11052.4 11053.5 11054.6 11055.7 11056.8 11057.7 11058.5 11059.3
10990.9 10991.9 10993 10993.9 10994.2 10994.3 10994.4 10994.6 10994.8 10995.1 10995.3 10995.2 10995.2 10996.3 10997.1 10997.5 10998 10998.5 10999.8 11000.4 11001.9 11003.2 11004.6 11006 11007.6 11009 11010 11010.8 11012 11012.6 11013.7 11015.2 11016.7 11018.3 11019.1 11018.9 11019.5 11020.1 11020.6 11020.9 11021 11021.3 11023 11024.7 11026.3 11027.7 11029.4 11030.6 11031.5 11032.2 11032.7 11034.1 11035.3 11037.9 11040.6 11043 11045.3 11047.5 11049.3 11051 11052.5 11054 11055.4 11056.7 11057.9 11058.7 11059.5
10989.5 10990.2 10991 10993 10993.6 10993.4 10993.3 10993.5 10993.7 10993.8 10993.8 10993.3 10993.3 10994.3 10995 10996.3 10997.2 10997.4 10999.2 10999.4 11000.8 11002.6 11004.4 11006 11007.7 11009.5 11010.9 11011.5 11010.7 11012.4 11013.9 11015.4 11017.2 11019.2 11020 11019.1 11019.2 11019.8 11020.3 11020.7 11021.1 11022.1 11023.2 11024.3 11025.8 11027.1 11028.3 11029.5 11030.6 11031.4 11032 11033 11034.8 11036.8 11039 11041.2 11043.1 11045 11047.4 11049.7 11051.4 11053.4 11055.1 11056.6 11057.8 11058.8 11059.5
10988.1 10988.7 10988.9 10990.8 10991.5 10991.7 10992.1 10992.3 10992.5 10992.6 10992.6 10992.2 10992 10992.7 10993.4 10996.2 10997.6 10997 10997.6 10998.4 11000 11001.9 11003.9 11005.9 11007.8 11009.6 11011.3 11012.4 11012.1 11012.7 11013.9 11015.4 11017 11018.5 11018.9 11018.9 11019.2 11019.7 11020.3 11020.8 11021.4 11022.2 11023.1 11024.2 11025.4 11026.6 11027.8 11028.9 11029.9 11030.8 11031.6 11032.1 11034 11035.7 11037.6 11039.7 11042 11043.7 11046 11048.2 11050.5 11052.7 11054.8 11056.9 11058.5 11059.8 11060.2
10986.8 10987.6 10988.4 10987.1 10988.9 10990.1 10990.8 10991.3 10991.6 10991.8 10991.7 10991.6 10992 10992.7 10993.4 10996 10998 10997.1 10996.5 10997.5 10999.5 11001.6 11003.6 11005.6 11007.5 11009.4 11011 11012.6 11012.7 11012.9 11013.8 11015.1 11016.4 11017.5 11018 11018.6 11019.2 11020 11020.5 11021.1 11021.7 11022.1 11023 11024.3 11025.3 11026.2 11027.2 11028.3 11029.4 11030.7 11032 11033 11033.8 11034.8 11036.1 11038 11041.1 11043.8 11044.9 11047 11049.7 11052.5 11054.9 11057.8 11060.3 11062.1 11062.8
10985.6 10986.4 10986.7 10986.9 10987.8 10989 10989.8 10990.4 10990.8 10991.1 10991.3 10991.7 10991.9 10992.5 10993.3 10995.5 10997.8 10996.4 10996.1 10997.7 10999.6 11001.7 11003.5 11005.3 11006.8 11008.5 11010 11011.2 11011.6 11012.2 11013.3 11014.6 11015.8 11016.8 11017.7 11018.9 11020.2 11020.4 11020.9 11021.5 11022.3 11023.2 11024.1 11024.8 11025.2 11025.6 11026.4 11027.4 11028.8 11030.5 11032.4 11033.8 11033.6 11033.9 11034.4 11035.6 11037.3 11039.8 11042.6 11045.5 11048.8 11052.1 11055.2 11058.4 11062 11065.4 11068.2
10984.6 10985.6 10986.1 10986.3 10987.4 10988.4 10989 10989.7 10990.1 10990.6 10991 10991.4 10991.7 10992.2 10993.4 10994.8 10995.4 10996.6 10996.7 10998.5 11000 11001.4 11003.2 11004.8 11006.6 11007.7 11008.7 11009.1 11010.2 11011.4 11012.6 11014 11015.3 11016.6 11017.6 11018.8 11019.9 11020.3 11020.9 11021.7 11022.8 11024.2 11025.5 11025.2 11024.9 11024.9 11025.3 11026.3 11027.8 11030 11031.9 11032.8 11033 11032.7 11032.6 11032.7 11033.2 11035.9 11040 11044 11047.6 11051 11054.6 11058.4 11062.8 11067.8 11074
10983.8 10985 10986.2 10987 10987.4 10988 10988.5 10989.1 10989.7 10990.1 10990.6 10991.5 10992.5 10993.1 10993.7 10994.8 10996.6 10997.3 10998 10999.5 11000.6 11002.1 11003.6 11005 11006.1 11007 11007.9 11009.8 11009.7 11010.6 11012.1 11013.5 11014.9 11015.9 11017.5 11018.6 11019 11019.8 11020.6 11021.5 11022.6 11023.9 11024.9 11024.5 11024.1 11024 11024.1 11024.4 11025.7 11028.3 11032.3 11033 11031.8 11031.1 11031 11030.8 11030.8 11034 11038.3 11042.3 11046 11049.8 11053.3 11056.9 11061.4 11066.6 11073.8
10982.9 10984.1 10985.5 10986.5 10987.1 10987.6 10988.2 10988.8 10989.4 10989.8 10990.2 10991.4 10993 10993.6 10994 10994.6 10996.4 10997 10998.4 11000 11001.3 11002.4 11003.8 11005.1 11006.2 11006.9 11006.9 11006.2 11008.5 11010.1 11011.6 11013.2 11014.7 11016 11017.4 11018.5 11018.8 11019.5 11020.4 11021.4 11022.2 11022.7 11022.6 11023.2 11023.2 11022.8 11022.4 11022 11022.1 11023.7 11028.7 11029.2 11028.5 11029.2 11030.2 11030.7 11030.6 11034.3 11038.3 11041.8 11045 11048 11051 11054.1 11057.5 11060.9 11064.9
10981.7 10982.8 10985.2 10986.4 10986.8 10987.3 10987.8 10988.5 10989.2 10989.9 10990.6 10991.3 10992.6 10994.6 10994.7 10995.3 10996.7 10997.7 11000.5 11001.7 11002 11003 11004.2 11005.6 11006.8 11007.8 11008 11007.2 11008.3 11010.2 11011.7 11013.1 11014.6 11016 11015.6 11015.4 11017.3 11018.6 11019.8 11020.9 11021.9 11022.4 11022.4 11022.9 11022.6 11021.9 11021 11019.5 11017.6 11015.5 11014.3 11019.2 11023.6 11027.3 11030.5 11033.4 11035.1 11037.3 11039.5 11042 11044.4 11046.7 11048.8 11051 11052.6 11053.7 11053.6
10980.8 10980.9 10984.4 10985.6 10985.9 10986.5 10987.3 10988 10988.8 10989.8 10991.2 10991.8 10992.3 10993.7 10995 10996.1 10998.3 11000.7 11004.9 11001.9 11001.6 11003.1 11004.7 11006.3 11007.8 11009.3 11011.1 11012 11010.9 11011.6 11012.2 11012.7 11013.6 11014.8 11014.6 11014.3 11016.2 11017.8 11019.5 11020.9 11022 11022.9 11023.7 11023.6 11022.9 11021.9 11020.5 11018.4 11015 11009.6 11004.3 11012.3 11020.3 11026.4 11031.4 11036.6 11040.9 11040.5 11040.9 11042.2 11043.7 11045.4 11046.9 11048 11048.5 11048.2 11047.1
10980.5 10981 10980.9 10983.1 10984.6 10985.7 10986.7 10987.6 10988.5 10989.2 10990 10991.2 10992.7 10993.8 10995.2 10997.2 10999.9 11001.2 10996.8 10997.5 11000.9 11003.2 11005.2 11007 11008.7 11010.5 11012.2 11013.5 11013.8 11013.5 11013 11012.5 11011.7 11012.5 11015.1 11017.1 11017.5 11018.1 11019.8 11021.3 11022.3 11023.3 11024.4 11024.1 11023.1 11022.2 11021.2 11019.7 11017 11012.1 11005.1 11014.2 11021.4 11027.1 11031.9 11036.3 11040 11040.8 11041.2 11042.1 11043.2 11044.3 11045.1 11045.8 11045.9 11045.4 11044.7
10980.2 10981.7 10980.2 10982 10983.6 10984.9 10986.1 10987.2 10988.1 10988.9 10989.4 10990.6 10991.9 10993.5 10994.8 10996.9 10999 11001.1 11000.5 11001.1 11002.1 11003.7 11005.7 11007.7 11009.6 11011.3 11012.7 11014.4 11015.7 11015 11014 11013.2 11012.3 11013.3 11016.6 11020.6 11019.8 11019.5 11021.1 11022.2 11022.7 11023.1 11023.4 11023.2 11023 11022.9 11022.7 11022.5 11022.5 11024.6 11027.4 11023.5 11025.6 11029.2 11032.8 11035.6 11037.5 11039.8 11041.1 11041.8 11042.6 11043.4 11044 11044.3 11044.6 11044.4 11044
10978.9 10980.1 10981.7 10981.8 10983 10984.3 10985.6 10986.8 10988 10989.1 10990.1 10990.7 10991.5 10992.6 10993.7 10994.4 10995.4 10997.3 10999.8 11001.6 11002.9 11004.4 11006.3 11008.3 11010.3 11012.1 11014.1 11015.2 11016.2 11015.5 11014.9 11014.6 11014.7 11015.3 11016.8 11020.2 11020.5 11022.5 11023.7 11023.5 11023.1 11022.8 11022.3 11022.2 11022.9 11023.4 11024.3 11025.3 11026.9 11029.2 11030.6 11029.7 11029.8 11031.4 11033.8 11036.9 11038.8 11039.4 11040.4 11041.3 11042.2 11043 11043.8 11043.9 11044 11044.1 11044
10977.2 10978.1 10979.4 10980.9 10982.3 10983.6 10985.1 10986.5 10987.8 10989.1 10990.2 10990.7 10991.3 10992.5 10993.1 10993.1 10993.7 10996.2 10999.3 11001.3 11003.1 11004.9 11006.9 11009.1 11011.2 11012.9 11012.4 11014.7 11015 11015.2 11015.3 11015.6 11016.7 11016.6 11016.4 11013 11019 11027.4 11026.3 11024.4 11023.4 11022.7 11022.3 11022.4 11023.2 11024.4 11025.6 11027.3 11029.4 11031.5 11032.3 11032.2 11032.1 11032.7 11034 11035.7 11037.4 11038.6 11039.7 11040.7 11042 11042.6 11043.3 11043.5 11043.7 11044.2 11044.1
10975.4 10976.3 10978 10979.9 10981.5 10983 10984.6 10986.1 10987.5 10988.8 10989.9 10990.5 10992.1 10993.1 10993.2 10993.7 10995 10997.6 11000.1 11001.5 11003.2 11005.4 11007.7 11010.1 11012.5 11015.1 11018.6 11016.6 11015.9 11015.8 11015.6 11015.7 11016 11017.3 11018.8 11022.7 11026.1 11026.8 11024.9 11023.7 11023.1 11022.7 11022.4 11022.8 11023.6 11025.1 11026.7 11028.7 11031 11033.3 11034.1 11033.6 11033.3 11033.3 11033.7 11034.5 11035.9 11037.6 11039.1 11040.3 11041.4 11042.2 11042.6 11042.9 11042.7 11043.5 11043.8
10974.2 10975.8 10977.8 10979.3 10980.9 10982.5 10984.2 10985.8 10987.2 10988.5 10989.3 10989.7 10990.3 10991.8 10993.4 10994.7 10996.6 10999.5 11001.3 11002.4 11003.8 11006.1 11008.6 11010.8 11013.1 11015.4 11017.2 11017.2 11016.8 11016.3 11015.9 11015.7 11016.1 11017.8 11020.3 11023.4 11024 11020.8 11021.1 11022.2 11022.6 11022.7 11022.6 11022.6 11024.2 11025.8 11027.5 11029.5 11031.8 11034.4 11034.6 11034 11033.7 11033.3 11033.3 11033.6 11035.1 11036.9 11038.5 11039.8 11040.8 11041.7 11041.8 11042.3 11042.3 11041.4 11042.4
10974.3 10976.2 10977.5 10978.6 10980.2 10981.9 10983.7 10985.5 10987.1 10988.5 10989.4 10989.8 10990.8 10992.7 10994.2 10995.5 10997.2 10999.9 11002.3 11003.8 11004.6 11006.9 11009.4 11011.7 11013.4 11014.6 11015.6 11016.6 11016.6 11016.3 11016.1 11015.8 11016.3 11017.9 11020.1 11022.4 11023.2 11020.4 11020.5 11021.8 11022.6 11023.1 11023.7 11024.7 11025.5 11026.5 11028 11029.7 11031.3 11032.5 11033.6 11033.8 11033.6 11033.5 11033.3 11033.4 11034.8 11036.4 11038 11038.7 11039.9 11041.1 11042.3 11043.1 11043.3 11042.9 11043.5
10973 10974.6 10976.2 10977.7 10979.4 10981.3 10983.3 10985.2 10987 10988.6 10989.8 10990.7 10992.2 10994.3 10995.3 10996.5 10997.8 11000.2 11002.6 11004.1 11005.4 11008 11010.4 11012.8 11014.6 11015.1 11015.7 11017.1 11017.4 11017.2 11016.6 11016.1 11016.4 11018 11019.6 11020.6 11020.3 11021.4 11022.1 11022.7 11023.2 11023.6 11024.2 11025.6 11025.7 11026.6 11028.1 11029.7 11031.1 11032 11033.1 11033.7 11033.8 11033.7 11033.7 11034.1 11034.9 11036.1 11037.3 11038.7 11040.1 11041.3 11042.8 11044.2 11045.6 11046.4 11046
10973 10973 10974.8 10976.7 10978.6 10980.8 10983 10985.1 10987.2 10989.2 10990.9 10992.1 10993.8 10995.3 10996.5 10997.5 10998.8 11000.9 11003 11004.1 11006.2 11009.2 11011.9 11014.5 11016.6 11018 11018.6 11018.8 11018.6 11018.2 11017.5 11017 11017.3 11018.4 11019.5 11020.3 11021 11022.4 11023.6 11024 11024.3 11024.3 11024.1 11023.4 11024.4 11026.4 11028.2 11030 11031.6 11032.9 11033.4 11033.8 11034 11033.9 11033.8 11034.2 11035.1 11036.3 11037.5 11038.7 11040.1 11041.4 11043.1 11045 11047.8 11049.1 11048
10972.9 10973 10973.8 10975.8 10978 10980.4 10982.8 10985.2 10987.5 10989.8 10992.1 10994.7 10996 10997.1 10998.1 10998.7 10999.1 11001.3 11003.7 11004.8 11007.8 11010.8 11013.7 11016.7 11019.5 11020.9 11021.5 11021.1 11019.9 11018.7 11018.2 11018.6 11018.8 11019.2 11020.1 11021.1 11021.9 11023.7 11025 11025.7 11025.8 11025.5 11024.9 11024.2 11024.8 11026.9 11028.9 11030.5 11032 11033.2 11033.7 11034.1 11034.3 11034.4 11034.3 11034.6 11035.4 11036.6 11037.6 11038.9 11040.2 11041.4 11042.7 11044.2 11046.8 11050.9 11048
10971.7 10971.2 10972.8 10975 10977.5 10980 10982.7 10985.3 10988 10990 10992.4 10995.5 10997.2 10998.9 11000 11000.5 11000.7 11002.1 11004.5 11006.3 11009.2 11011.9 11015.1 11018.8 11022.7 11026.6 11025.5 11023.6 11021.6 11019.1 11019 11019.7 11019.7 11020.1 11021.1 11022.4 11024.2 11025.7 11026.9 11027.6 11027.7 11027.4 11026.7 11025.9 11026.2 11028.3 11030.2 11031.5 11032.1 11032.9 11034.1 11034.7 11035 11035.2 11035.5 11035.7 11036.2 11037 11037.9 11039.1 11040.1 11041.2 11041.9 11042.1 11040.9 11041.3 11045.2
10971.7 10970.4 10972.3 10974.8 10977.5 10980.2 10982.9 10985.6 10988.7 10991.4 10992.2 10993.4 10997.6 11000.7 11002.4 11002.7 11003 11003.8 11005.9 11008 11009.6 11012.5 11016.3 11020 11024.1 11027 11027.3 11025.9 11024.3 11022.6 11021 11019.2 11019.9 11021 11022.1 11023.6 11025.3 11027.2 11029.1 11030 11030 11029.6 11029.3 11028.9 11029.2 11030.9 11032.4 11033.5 11034.1 11034.6 11035.2 11035.5 11035.7 11036.1 11036.8 11036.9 11036.9 11037.5 11038.3 11039.3 11040 11041 11041.4 11041.1 11041.1 11042 11044.3
10971.6 10971 10972.6 10975.1 10977.9 10980.7 10983.4 10985.7 10987.7 10990.5 10992.6 10994.9 10998.6 11002.6 11004.2 11003.8 11004.1 11005 11007.5 11010.2 11011.7 11013.8 11017.1 11020.4 11024.1 11027.9 11027.6 11027.2 11027 11026.7 11024.5 11020.8 11021.1 11022.1 11023.2 11024.5 11026 11028.5 11031.8 11032.5 11032.2 11032.1 11032.2 11032.6 11033.2 11034.3 11035.2 11036.1 11037.1 11037 11036.7 11036.6 11036.6 11036.6 11037 11037.3 11037.6 11038.3 11038.8 11039.5 11040.2 11040.7 11041.3 11041.3 11043 11043.9 11045.5
10971.6 10971.6 10973.5 10976.1 10978.9 10981.9 10984.6 10986.8 10987.5 10990.3 10994.4 10997.2 10999.7 11001.6 11002.5 11003.5 11004.6 11006.5 11009.5 11012.4 11014.1 11016.2 11018.5 11019.4 11021.4 11024.8 11026.1 11027.4 11028.4 11029.2 11027.2 11024.2 11023.4 11023.8 11024.7 11025.8 11027 11029.2 11032.6 11033.5 11033.6 11034 11034.8 11036.2 11037.8 11037.8 11037.5 11037.9 11038.7 11038.3 11037.7 11037.5 11037.3 11037.3 11037.3 11037.8 11038.3 11039.2 11039.5 11040.1 11040.4 11040.6 11041.5 11042.3 11044.6 11045.6 11046.8
10973.5 10973.2 10975 10977.6 10980.4 10983.4 10986.7 10990 10993.2 10995.7 10998.3 11000.1 11001.1 11001.7 11002.1 11002.7 11004.6 11007.7 11012.4 11016.6 11020 11022.4 11020.6 11017.6 11016.3 11017.7 11023.7 11027.2 11029.2 11029.2 11027.2 11025.7 11025.6 11025.9 11026.3 11027.2 11028.4 11030.3 11031.9 11033.3 11034.2 11035.1 11036.2 11038 11040.4 11039.5 11038.6 11038.2 11038.3 11038.3 11038.1 11038 11038 11038.1 11038.3 11038.7 11039.2 11040.1 11040.2 11040.8 11040.6 11040.2 11041.2 11043.5 11045 11046.6 11048.3
10976.4 10975.6 10977.3 10979.7 10982.4 10985.3 10988.7 10992.8 10998 11000.2 11002.2 11003 11002.7 11002.3 11002 11002.6 11005 11009.2 11015.5 11023.4 11031.4 11038.9 11017 11014.1 11015.9 11019.2 11024.1 11028 11030.8 11032.5 11031.4 11028.3 11028 11027.9 11028.1 11028.6 11029.4 11031.1 11032.3 11033.5 11034.4 11035.3 11036.4 11037.7 11038.5 11038.7 11038.4 11037.9 11037.3 11038 11038.2 11038.3 11038.5 11038.9 11039.4 11039.7 11040.2 11041.1 11040.7 11041.2 11040.2 11040.9 11042 11044.3 11045.9 11047.6 11049.8
