real_craters/C113-500m.grd
DSAA
143 143
-35.56 35.56
-35.56 35.56
9971.1344469539 11622.685652351
[rows 90 to 119 of 143, columns 67 to 133 of 143]
11250.3 11231.4 11281.9 11320.6 11307.9 11367.3 11367.1 11324.7 11380.7 11445.7 11500.1 11482 11387.6 11337.2 11315.9 11306.8 11315.8 11320.5 11322.6 11315.7 11295.6 11283.1 11275.6 11272.9 11279.9 11284.4 11287.1 11279.5 11268.9 11258.8 11251.7 11246.3 11241.1 11233.5 11225.5 11216.9 11211.2 11220.5 11228 11234.6 11241 11257.3 11261.8 11259 11252.8 11241.6 11243.5 11203.8 11196.7 11191.5 11192 11194.9 11196.8 11193.5 11185.3 11180 11178.9 11179 11179.5 11180.1 11180.8 11181.7 11183 11185.9 11189.9 11195.2 11201.6
11353.9 11353 11429 11533.1 11469.4 11486.8 11473.9 11427.5 11442.3 11477.6 11521.3 11499.3 11433.7 11376.4 11335.8 11304.8 11298.2 11291.8 11280.6 11279.9 11280.4 11277.1 11274.6 11277.5 11293.2 11305.1 11293.7 11278.4 11263.5 11249.7 11237.7 11229.9 11226.6 11220.8 11219.6 11217.7 11219.1 11224 11234.8 11239.9 11242.5 11268.7 11265.5 11246.7 11220.1 11205.8 11208.4 11198.3 11198.6 11197.7 11201.9 11202.2 11198.7 11192.9 11185.4 11180.5 11179.1 11178.8 11179 11179.1 11179.1 11178.5 11177 11179.6 11184.9 11190.9 11198.7
11344.6 11358.1 11383 11425.8 11443.2 11425.1 11396.9 11412.3 11411.1 11421 11447.2 11438.3 11416.7 11376 11341.1 11318.2 11293.7 11278 11265.9 11265.8 11271.1 11274 11275.4 11277.3 11292.3 11308.4 11291.1 11271.1 11254.1 11239.3 11225.5 11218.4 11221.2 11220 11219 11218.8 11222.1 11233.4 11246.5 11249.2 11250.1 11267.4 11256.9 11231.5 11206.6 11192.2 11184.9 11172.6 11172.7 11216.6 11216.9 11208.5 11200.2 11192.3 11185.5 11181.4 11180 11179.9 11179.9 11179.8 11179.5 11179.3 11178.5 11180.1 11184.2 11188.9 11192.6
11316.5 11315.2 11308.1 11319.5 11366.4 11373.5 11373.8 11391.9 11411.9 11442.9 11455 11423.9 11391.9 11358.6 11327.5 11300.8 11286.7 11273.1 11264.6 11263.3 11266.7 11270.9 11275.8 11281.7 11288.4 11290 11272.1 11255.5 11241.3 11229.6 11220.4 11218.3 11222.3 11222.4 11221 11220.4 11222.8 11231.2 11250.7 11252.7 11251.1 11258.8 11241.2 11217.7 11201.6 11190.4 11187.4 11180.4 11182.4 11224.7 11221.5 11210.4 11200 11190.3 11185 11182 11181.4 11181.3 11181.4 11181.5 11181.5 11181.4 11181.7 11182.7 11185.1 11187.9 11189.6
11249.4 11269.2 11283 11299.4 11326.5 11344.5 11357.1 11375.4 11396.2 11430.1 11421.9 11397.2 11361.4 11334.7 11309.8 11288.2 11280.1 11273.6 11268.1 11264.1 11263.9 11266.8 11272.2 11279.8 11281.1 11257.8 11243.5 11236 11228.1 11221.1 11216.6 11219 11225.6 11225.5 11223.1 11220.9 11220.1 11220.6 11230.6 11238.8 11248.4 11252.1 11218.1 11195.7 11194.8 11205.3 11197.9 11190.1 11193.2 11211.9 11212.2 11206.4 11197.6 11189.9 11184.8 11182.7 11182.5 11183 11183.2 11183.4 11183.6 11184.1 11184.6 11184.9 11185.1 11186.9 11187.6
11218.2 11241.3 11263.8 11281.6 11307.7 11330.2 11349.6 11355.5 11347.5 11329.7 11330.3 11332.7 11321.1 11307.4 11295.6 11286.2 11276.3 11273.1 11270.6 11263.2 11259.4 11259 11261.5 11265.3 11256.9 11231.9 11221.6 11217.9 11215.7 11213.9 11212.7 11219.3 11227.4 11227.6 11224.7 11221.1 11220.5 11220.2 11223.8 11232.4 11238.2 11208.2 11185.1 11170.4 11185.4 11198.2 11196.7 11194.5 11196.6 11192.5 11204.8 11202 11194.9 11185.8 11183.3 11182.7 11184.8 11185.3 11184.6 11184.6 11185.4 11186.9 11188.4 11188.5 11187.7 11190.4 11193.5
11224.9 11232.8 11238.7 11263.8 11293.1 11322.5 11353.6 11332 11295.8 11264.1 11255.7 11271.6 11278.8 11278.1 11272 11266.9 11266.4 11267.7 11265.8 11256.4 11250.2 11246.8 11245.5 11243 11231.5 11208.4 11201.8 11202.7 11205.7 11209.1 11212.5 11219.6 11226.9 11227 11225.5 11225.2 11225.8 11227.6 11230.1 11233.4 11212.6 11172.8 11163.7 11163.8 11182.9 11215.7 11201.8 11193.2 11211.1 11218.1 11204.4 11198.2 11192 11189.6 11190 11192.1 11192.1 11187.3 11185 11184.5 11185.7 11188.3 11191 11191.9 11194.8 11196.3 11199.9
11238.3 11239.4 11243.5 11260 11275.7 11290.9 11296 11277.6 11257.4 11239.6 11230.4 11238.6 11248 11253.1 11256.7 11253.4 11249.6 11252.7 11252.7 11242 11235.8 11230.7 11225.6 11218.5 11205.9 11187.2 11184.4 11190.2 11198.1 11206.5 11213.7 11217.1 11222 11221.7 11222.2 11225 11226.2 11226.5 11222.4 11207.9 11178.6 11164.5 11161.1 11161.8 11174.4 11186.4 11196.9 11194.5 11199.2 11204.5 11198.9 11192 11186.2 11181.9 11181.9 11192 11190.4 11184.8 11182.8 11182.6 11183.9 11186.8 11189.6 11191.2 11194.2 11197.7 11202.2
11241.8 11242 11248.6 11252 11254.5 11253.9 11241 11231 11228.5 11224.9 11217.2 11219.9 11225.1 11229 11230.8 11230.2 11225.7 11219.2 11218.6 11220.4 11218.8 11214.7 11207.5 11196 11181.5 11169.5 11171.8 11181 11191.4 11202.6 11212.1 11209.4 11208.8 11211.8 11214.1 11218.1 11218.6 11218.5 11211.9 11193.4 11175.4 11166 11159.2 11159.6 11165.8 11177.9 11198.6 11186.8 11184.8 11189.4 11188.9 11185.6 11180.7 11174.7 11171.3 11173.1 11174.1 11177.3 11178.4 11179 11179.9 11181.9 11184.4 11187.1 11190.7 11195.6 11200.5
11216 11222.2 11237.1 11236.5 11233 11227.7 11217.7 11209.8 11208.7 11208 11204.9 11205 11206.6 11208.9 11206.6 11208.4 11203.9 11193.6 11195.3 11202.6 11204.4 11200.8 11192.4 11180.6 11164.9 11161.4 11168 11175.2 11185.3 11194.3 11200.2 11200.7 11200.1 11203.8 11203 11203.8 11209.7 11213.6 11213.9 11208.5 11197.7 11168.3 11151.6 11152.6 11159.9 11171 11196.6 11187 11180.7 11182.3 11182.9 11181 11177.1 11172.7 11169.1 11167.9 11167.7 11171.8 11174.1 11175.1 11175.2 11174.5 11176.9 11181.6 11186.8 11192.1 11198.1
11187.8 11194.7 11206.7 11213 11212.4 11208.9 11203.3 11198.7 11194.7 11193.9 11193.6 11191.7 11190.4 11190.7 11195 11192.1 11191.5 11188.1 11189.8 11194 11194.7 11192.4 11185.9 11175.8 11163.7 11159.1 11163.2 11172.3 11181.9 11188.6 11195.1 11202.4 11203.5 11203.3 11199.7 11198.3 11206.8 11213.2 11219.8 11226.2 11214.3 11175.4 11154.5 11159.3 11158.3 11162.2 11175.8 11184.5 11185.6 11180.6 11178.2 11176.9 11175.3 11173.6 11173.3 11170.1 11169.6 11170 11171.2 11172.1 11172.5 11171.3 11172.6 11176 11180.5 11186.2 11191.5
11174.7 11180.8 11188.6 11193.6 11194.5 11192.9 11190.5 11189.7 11180.8 11182.6 11182.3 11178.4 11175.2 11170.5 11167.7 11176.8 11185.3 11189.9 11191.2 11192.3 11192.3 11190.2 11185.5 11179.5 11173 11168.2 11167.5 11175.5 11184.2 11189.9 11195.2 11203.7 11207 11208.2 11210 11209.2 11209.8 11209.9 11215.3 11226.4 11216.9 11179.7 11157.9 11161.2 11160 11159.2 11161.1 11170.1 11174 11174.9 11174.9 11173.6 11172.9 11172.3 11171.6 11169.5 11168.5 11168.8 11170 11171.4 11172.9 11174.6 11173.2 11172 11174.9 11181 11186.5
11171.8 11175.9 11180.7 11180.5 11179.8 11177.5 11172.4 11163.7 11159.8 11160.1 11164.2 11168.3 11165.6 11159.8 11158.6 11170.4 11182.4 11193.9 11193.4 11193.3 11192.9 11191.1 11188.9 11186.8 11185.2 11181.3 11178.3 11183.7 11191.2 11198 11198.1 11193.8 11201 11210 11216.6 11210.4 11207.2 11194.3 11192.8 11197.5 11196.3 11176.4 11160.5 11162 11164.2 11162.5 11158.9 11159.7 11163.5 11168.3 11170.6 11171.6 11171.9 11171.3 11169.4 11168.4 11167.9 11168 11169.1 11170.9 11173.3 11175.7 11174.2 11171.8 11173.9 11179.6 11185.9
11167.2 11164.5 11164.4 11166.1 11166.6 11164.4 11160 11154 11153.5 11156.7 11166.2 11167.5 11162.9 11157.9 11159.1 11169.3 11180.5 11189.1 11193.7 11194.8 11194.9 11194.8 11194.4 11194.5 11194.4 11192.1 11185.5 11190.9 11199.7 11206.5 11204.6 11196.8 11200.6 11207.9 11212 11192.2 11164.8 11166.8 11165.1 11166.1 11174.4 11169.2 11162.3 11165 11167.3 11163.1 11158.6 11159.6 11161.5 11165.9 11168.6 11170.4 11171.6 11172.3 11172 11171.1 11168.6 11167.6 11168.5 11170.2 11172.5 11175.3 11176 11175.4 11176.6 11178.4 11182
11158.6 11153.4 11152 11154.5 11155.9 11155.9 11154.6 11153.5 11155.2 11163.4 11171.1 11170.5 11164.8 11160.5 11163.1 11172.1 11182.5 11189.6 11195 11197.5 11198.4 11198.3 11197.7 11198.9 11199.1 11198.8 11192.2 11197.3 11206.9 11216.5 11213.3 11209.2 11201.8 11199.3 11198.1 11176.4 11153.7 11152.5 11151.3 11151.6 11162.3 11165.5 11167.5 11171.2 11164.5 11160 11161.3 11164.3 11164.8 11165.7 11167.7 11169.6 11171.4 11173.8 11177.7 11177.5 11169.8 11167.4 11167.8 11169 11170.7 11173.4 11177.7 11183 11181.4 11179.8 11180.2
11146.5 11151.5 11144.5 11144.6 11147.1 11148.8 11151.4 11155 11158.8 11167.4 11173.1 11172.7 11168.8 11164.9 11169.4 11178.9 11189.5 11196 11198.7 11200.7 11200.4 11199.8 11199.3 11199.7 11200.2 11200 11195.9 11199.8 11211.6 11214.3 11212.5 11207.4 11193.5 11182 11173.4 11165.1 11155.8 11153.2 11151.5 11150.6 11155.2 11163.8 11176.5 11172.4 11157.4 11152.4 11155.3 11159.9 11163 11164.5 11166.2 11168.3 11170.1 11171.8 11173.4 11171.9 11168.8 11167.4 11167.3 11167.9 11169 11171.3 11176.1 11182.3 11183.1 11182.2 11180.8
11126.3 11125.2 11129.7 11135.3 11140 11143.6 11148 11153.6 11159.8 11168.7 11171.8 11174.1 11176.6 11175.5 11180.6 11188.4 11195.7 11200.4 11202.9 11203.4 11203.3 11202.5 11202 11201 11200.7 11199.7 11203.4 11207.5 11220.5 11223.2 11203.5 11188.3 11178.3 11164.1 11152.2 11160.7 11163.5 11160 11158.7 11159.5 11155.6 11157.6 11162.4 11164.5 11158.7 11150.5 11151.7 11153.5 11158.3 11162.5 11165.2 11167.3 11168.7 11168.8 11166.8 11163.8 11165.5 11166.5 11166.6 11167.2 11168.2 11169.6 11171.6 11174.9 11181.8 11186.7 11182.8
11120.3 11118.9 11121 11128 11134.4 11140.1 11145.4 11150.3 11157.1 11169.6 11179 11185.2 11189.1 11194.6 11195.2 11199.3 11205.1 11206.6 11206.4 11205.5 11204.7 11203.4 11203 11202.3 11202.6 11204.4 11219.5 11230.4 11214 11206.3 11191.5 11177.4 11167.1 11155 11147.7 11151.9 11159.3 11164.5 11169 11162.2 11152.3 11152.5 11157.8 11159.7 11155.1 11152.1 11152.3 11154.5 11158.4 11162.5 11165.6 11167.6 11168.9 11168.5 11166.1 11162.6 11164.5 11165.6 11167.2 11167.7 11167.7 11168.7 11169.4 11171.4 11178.8 11185.5 11183.2
11120.2 11118 11118.4 11125.7 11132.8 11139.5 11145.7 11151.9 11166.1 11180.6 11186.6 11193.5 11196 11201.4 11203 11206.4 11213.2 11211.5 11208.4 11206.4 11203.5 11201.5 11200.6 11200.3 11202.1 11207.8 11220.3 11204.1 11176.3 11164.6 11173 11171.4 11160.6 11152.6 11148.2 11148.7 11154.6 11163.5 11171.5 11157.2 11151 11149.9 11152.9 11156.2 11154.9 11155.8 11154.9 11157.6 11160.8 11164.6 11167.5 11169.5 11170.7 11171.1 11170.6 11169.3 11170.6 11170.2 11170.8 11170.3 11169.8 11172.3 11173.8 11174 11176.4 11177.2 11181.8
11125.3 11127.9 11123.8 11128.9 11134.6 11140.6 11146.8 11155.8 11166.1 11177.4 11186.2 11191.7 11195.9 11198.4 11204.7 11208.2 11208 11209.2 11206.7 11203.1 11199.1 11195.8 11192.8 11192.4 11193.9 11197.3 11186.1 11162.9 11150.3 11145.2 11150.1 11154.7 11154.4 11152.3 11151.3 11153.5 11155.3 11157.3 11157.4 11157.5 11155.7 11153.8 11154.4 11157.9 11159.9 11160.3 11162.7 11162.7 11164.8 11167.3 11169.3 11171.2 11172.9 11174.5 11177 11181.2 11180.4 11179.9 11176.3 11174.6 11175.4 11181.2 11189.1 11188.1 11181.7 11178.5 11183
11141.3 11143.8 11134.6 11135.1 11138.4 11142.9 11148.6 11155 11164.4 11174.6 11187 11195.3 11200.8 11203.2 11208.3 11211.1 11211.2 11207.9 11203.4 11198.1 11193.1 11188.9 11185.2 11182.6 11180.7 11175.5 11158.1 11144.3 11139.5 11137.1 11138.6 11147.2 11152.8 11152.1 11151.5 11153.9 11153.8 11153.6 11152.3 11154.5 11158.2 11158.7 11159.2 11167.7 11167 11167.1 11168.4 11170 11170.3 11171.4 11172.2 11173.3 11174.8 11176.9 11179.7 11182.9 11182.3 11180.6 11177.8 11177.9 11179.8 11187.8 11198.5 11197 11187.7 11184.3 11185.5
11153.6 11153.7 11145 11142.2 11143.4 11147.2 11152.1 11156.6 11164.7 11179.4 11193 11203.8 11212.3 11215.5 11213.8 11213.6 11212.1 11207.1 11201.1 11194.6 11188.7 11183.2 11177.8 11172.2 11166.4 11158.6 11150.1 11147.7 11140.2 11138.1 11141.8 11150.2 11159.3 11160.8 11156 11149.3 11154 11155.5 11154 11153.9 11156.1 11155.5 11157.7 11159.6 11164.2 11168.6 11172.8 11175 11174.7 11174.1 11174.3 11175.3 11176.5 11178.2 11180 11181.1 11179.2 11174.8 11176 11180.5 11186.2 11190 11192.4 11192.1 11186.8 11184.6 11186.8
11157.7 11155.7 11149.6 11143.9 11145.3 11150.1 11157 11164.2 11172.7 11191.1 11202 11210.8 11217.7 11219.4 11216.4 11213.1 11208.5 11204.3 11198.3 11192.2 11186 11178.5 11173.5 11163.8 11155.1 11145.4 11143.5 11159.3 11154.8 11148.1 11150.1 11158.8 11172.4 11184.2 11171.1 11158.4 11162.6 11164.3 11160.6 11157.8 11159.1 11157.7 11159.2 11160.4 11163.8 11165.9 11171.6 11176.4 11176.2 11175.5 11175.6 11176.4 11177.8 11179 11179.8 11179.3 11177.1 11174.1 11176.3 11182.1 11187.8 11191.2 11192.9 11191.9 11188.8 11187.1 11187.7
11137.1 11138.1 11132.9 11138.3 11146.2 11153.7 11161.9 11173 11184.9 11201.3 11210.3 11218.7 11220.9 11219.1 11216.1 11211.5 11205.7 11200.8 11195.5 11189.8 11183.4 11177.2 11167.4 11158.3 11147.1 11136.2 11133.1 11150.1 11148.7 11151.8 11156 11164 11176.5 11191.3 11184 11177.6 11177.8 11179.4 11174 11168.6 11167.1 11167 11167.3 11166 11172.3 11169.6 11171.2 11173.7 11175.4 11175.7 11176.8 11177.9 11179.1 11179.9 11180.2 11179.1 11177 11177 11179.5 11184.7 11189.6 11193.6 11193.8 11194.1 11193.4 11189.9 11187.9
11107.5 11123.6 11127.5 11137.7 11149.3 11157.9 11165.5 11175.5 11193.1 11207.6 11214.4 11218.2 11221.4 11218.9 11213.9 11209.2 11202.6 11195.3 11188.4 11183.5 11178 11171.1 11165.3 11157.8 11147.6 11135 11126 11136.4 11144.5 11152.3 11158.9 11163.5 11169.6 11173.3 11179.1 11183.2 11188.5 11199.3 11193.4 11182.8 11177.8 11182 11177 11175.3 11175.1 11176.7 11176.2 11174.7 11174.5 11175.5 11176.3 11178.1 11179.3 11180.3 11182.2 11182 11182.7 11183.2 11185.3 11190.4 11195.3 11199.6 11201.2 11197 11192.1 11189.4 11186.9
11085.4 11122.6 11136.4 11148.1 11158.1 11165 11171.7 11182.5 11201.1 11213.7 11215.5 11213.9 11216.8 11213.3 11207.3 11203 11195.8 11186.7 11179.8 11173.7 11167.5 11162.7 11160.1 11155.7 11151.7 11147.7 11139.1 11146.6 11156.6 11157.9 11159.1 11161.5 11163.2 11165.3 11163.7 11171.4 11185 11200.7 11196.1 11188 11186 11182.5 11175.1 11171.9 11171.3 11173.9 11171.9 11171.5 11172 11175.3 11178.8 11181.4 11183.3 11184.4 11185.3 11186.7 11189.3 11190.6 11192.8 11193.8 11198.6 11204.4 11206.4 11199.6 11191.6 11188.8 11185.6
11083.2 11124.3 11147.1 11162.2 11169.5 11174.7 11179.3 11188.2 11203 11212.9 11211.7 11209.1 11207.8 11198.8 11191.9 11190.6 11184.7 11178.5 11173.1 11168.4 11164.5 11161.3 11159.3 11159 11161.6 11166.4 11175 11184.7 11184.1 11171.6 11163 11160.8 11160 11160.4 11162.8 11168.3 11174 11173.9 11179 11181.1 11181.2 11174.4 11170.4 11172 11169 11171.2 11172.4 11172.2 11171.4 11177.4 11182.6 11185.4 11186.7 11187.5 11188.2 11189.2 11192.1 11193.7 11196.2 11196.8 11201.1 11205.6 11205.6 11200.7 11195.4 11189.6 11185.2
11090.4 11121.1 11150.2 11170.5 11178.4 11183.1 11186.7 11193.7 11203.3 11208.7 11203.5 11196.8 11185.2 11176 11170.4 11165.2 11168.5 11167.6 11166.5 11163.7 11161 11161 11159.4 11162.8 11168.6 11180.3 11205.7 11222.9 11212.5 11183.2 11163.6 11162.6 11168 11174.7 11178.9 11176 11169.4 11164.4 11169.4 11175 11174.9 11170.9 11169.2 11172.7 11175.6 11179.4 11187.3 11184.5 11177.4 11184.6 11188 11188.8 11189.3 11188.2 11188.9 11190.6 11190.5 11195.5 11202.4 11209.8 11209.4 11206.9 11203.5 11199 11194.4 11190.5 11187.2
11105.4 11119.8 11147.6 11173.2 11182.1 11187.6 11193.2 11196.6 11191.9 11198.8 11182.6 11181.2 11163.7 11152.8 11152.9 11153.5 11156.4 11158.8 11160.3 11161.1 11161.1 11161.7 11163.4 11165.5 11169.4 11178.1 11186.1 11183.7 11215.5 11185 11159.7 11161.9 11174.5 11186 11197.6 11184.1 11170.2 11164.1 11171.5 11176 11177.1 11175.7 11170.5 11168.7 11175.6 11187.2 11209.1 11202.1 11202 11201 11196.6 11193.9 11192.6 11192.4 11192.1 11192.6 11192.8 11200.1 11213.7 11220.5 11215.9 11210.5 11204.2 11197.1 11193.2 11192.5 11191.5
11123.7 11126.8 11144.4 11169.4 11180 11184.2 11181.2 11156.5 11150 11140.6 11152.8 11162.2 11144.8 11136.4 11140.6 11145.9 11149 11152.6 11155.8 11158.2 11160.8 11165.3 11166.9 11168.4 11170.5 11168.3 11159.5 11144.1 11167.7 11156.8 11152.1 11156.7 11163 11176.3 11184.6 11180.6 11172.1 11169.3 11175.1 11180 11186.2 11181.2 11173.1 11167.3 11170.8 11181.6 11185.8 11207.5 11220.5 11210.4 11201.2 11196.9 11194.9 11194.6 11195.3 11197.1 11200.5 11207.7 11215 11217.3 11216 11212.3 11205.2 11196.5 11194.3 11196.9 11199.3
