real_craters/C113-1000m.grd
DSAA
42 42
-20.32 20.32
-20.32 20.32
9960.1074344992 11550.552301882
11162.3 11160.2 11160.2 11166.4 11173.6 11179.4 11190.2 11191 11195.7 11192 11186 11213.5 11212.2 11208.4 11206.4 11201 11200 11202.4 11192.8 11190.9 11193.2 11200 11203 11200 11202.7 11191.8 11173.6 11159 11153.9 11149.4 11145.3 11142.4 11138.4 11138.5 11135.9 11140 11136.6 11126.6 11120.6 11121.6 11122.8 11123.1 
11163.9 11170.3 11182.9 11191.3 11176.3 11180 11182.7 11185 11192.2 11191.7 11189.2 11199.2 11208.5 11209.1 11206.5 11205.9 11207.6 11207.1 11193.7 11195 11200.2 11211.1 11228.5 11223.7 11221.9 11210.5 11194.3 11172.1 11165.6 11162.8 11152 11144.2 11134.6 11138.7 11138.1 11146 11140.7 11123.7 11116.9 11118.7 11121.5 11122.2 
11177.4 11184.6 11181.8 11180.3 11182.6 11181.1 11176.7 11175.3 11189.1 11193.8 11178.4 11191.5 11202.5 11207.2 11208.3 11210.9 11208.5 11201.3 11195.4 11195.8 11200.3 11207.5 11236.4 11228.8 11227.4 11222.7 11224.1 11203.1 11186.3 11172.2 11162.7 11149.8 11139.1 11138.8 11141.1 11137.4 11126.3 11116.7 11113 11115.9 11121.1 11128.6 
11181.5 11182.1 11185.1 11180.2 11185.6 11187.1 11185.6 11179.5 11186.6 11191.5 11184.5 11193.5 11203.3 11209 11212.4 11207.4 11197.4 11188.8 11190 11191.1 11195.7 11201.8 11213.1 11219.2 11214.4 11219.2 11219.7 11211.2 11198.3 11189.2 11172.9 11155.8 11140 11137.1 11143.4 11156.5 11135.3 11122.6 11113.6 11116 11119.5 11126 
11183.1 11186.1 11184.2 11182.1 11189.6 11191.4 11185 11177.5 11193.2 11196.2 11185.4 11198.8 11209.2 11210.5 11204.8 11199.3 11196.3 11190.4 11184.9 11187.9 11187.2 11194.9 11206.2 11192.6 11196.5 11210.9 11216 11197.3 11188.9 11193.4 11179 11163.1 11149.5 11143 11148.5 11148.2 11147.6 11146.3 11124.5 11118.6 11120.9 11120.6 
11188 11188.2 11181.6 11184.1 11192.1 11199.5 11195.5 11191.4 11205.2 11218.5 11197.9 11209.6 11218.9 11218.4 11216.3 11215.4 11213.7 11206.2 11202.5 11195.9 11189.6 11192 11193.8 11189.7 11202.3 11207.4 11207.9 11192.8 11186.4 11191.1 11182.9 11171.7 11160.2 11154.6 11159.2 11170.8 11162.9 11147.8 11127.2 11122.9 11127.6 11127.3 
11196.3 11195.7 11189.2 11189.2 11196.4 11203.6 11199.8 11195.9 11216.7 11213.8 11220.9 11222 11218.8 11228.6 11231.6 11232.4 11228.1 11224.7 11219.2 11211.7 11206.4 11201.7 11202 11199.8 11208.7 11211 11205.8 11198.8 11192.5 11185.5 11184.9 11179.2 11168.5 11162.7 11164 11160.5 11155.4 11142.6 11128.6 11127.5 11129.9 11129.8 
11195.7 11199.6 11192.8 11193 11198.3 11208.3 11228.8 11230.8 11244 11248.9 11249.6 11247.1 11255 11244.5 11243.2 11243 11242.7 11242 11241.3 11227.7 11219.4 11213.5 11207.9 11206.3 11209.8 11216.3 11217 11204.9 11187.5 11189.8 11188.5 11188.7 11192.8 11182.1 11173 11163.3 11158.2 11142.7 11145.5 11144.1 11137.1 11128.5 
11191.6 11187.5 11183.5 11200.7 11217.5 11207.9 11241.7 11247.9 11244.7 11259.3 11270 11262.4 11251.3 11252 11254.1 11248.6 11244.9 11252.8 11255.2 11249.4 11246.4 11229.6 11216.5 11221.5 11208.8 11228.3 11228.5 11209 11192.8 11189.3 11191.6 11193.5 11193.5 11187.7 11183 11175 11163.8 11147.5 11145.6 11139.5 11137.8 11130.4 
11201 11209.6 11224.1 11224 11221.3 11238.2 11265.9 11261.8 11261.2 11275.9 11284.6 11272.7 11264 11266.2 11270.1 11274.1 11264.4 11274.9 11287.3 11276 11264.6 11254 11233.3 11240.1 11231.8 11224.5 11226 11212.4 11196.2 11194.2 11196.1 11197.3 11193.3 11190.8 11190.8 11189 11182.3 11164.6 11145.9 11128.9 11121.1 11118.7 
11209.3 11224.1 11247.5 11242.2 11240.1 11247.5 11278.1 11271.5 11274.9 11274.1 11274.8 11280.5 11289.1 11289.5 11287.3 11294.7 11306.7 11320 11316.1 11309.2 11301.5 11293.7 11280.1 11252.4 11248 11246.6 11237.8 11225 11202 11200.8 11205.2 11203.2 11203.6 11202.1 11198.5 11194.5 11187.1 11175.2 11153.6 11134 11121.5 11116.7 
11217.7 11224.6 11233.1 11236.4 11235.5 11229.3 11253.5 11261.3 11253.3 11259.9 11274.2 11286.5 11298.2 11303.6 11302.6 11288.9 11314.1 11345.7 11385 11391.8 11354 11290.3 11332.9 11359.8 11289.9 11299.2 11255.7 11248.4 11248.3 11236.5 11220.8 11207.8 11200.8 11200.9 11198.9 11194.3 11188.8 11183.3 11161.2 11140.5 11128.7 11120.8 
11214.5 11224.9 11230 11229 11225.3 11222 11241.2 11255.1 11250.5 11253 11285.5 11286.5 11289.1 11302.5 11338.8 11375.3 11418.6 11402.9 11279.7 11180.1 11137.9 11118 11185.9 11233.2 11173.8 11154.6 11203.7 11249.2 11275.6 11261.2 11239.9 11214.3 11188.1 11193 11199.5 11191.9 11190.9 11185.5 11164.8 11143.9 11134.6 11123.9 
11204.4 11220.6 11229.8 11227.4 11222.7 11230.2 11231.5 11240.7 11237.2 11240.2 11253.6 11278.9 11305.9 11329.2 11366.5 11411.6 11346.3 11102.9 10977 10857.8 10823.9 10807 10797.1 10832.8 11001.3 11097.7 11129.9 11207.3 11283.5 11276.8 11264.3 11222.4 11195.5 11187.1 11180.5 11185.8 11178.6 11183.3 11163.4 11136.8 11128.6 11123.3 
11216.5 11230 11232.7 11227.1 11218.1 11222.9 11217.6 11235.4 11236.1 11230.3 11229.7 11290.6 11363.5 11391.2 11350.4 11228 11028.5 10807.3 10650.2 10537.4 10537.1 10512.6 10463.4 10515 10666.4 10898.7 10961.6 11051.2 11191.5 11328.5 11299.8 11234.6 11205.5 11192.4 11187.7 11194.9 11190 11171.4 11161.3 11148.7 11131.8 11124.6 
11220.3 11233.3 11237.1 11231 11206.3 11205.6 11216.4 11237.1 11243 11238 11254.6 11327.3 11437 11509.3 11308.2 11026.5 10736.8 10519.1 10410.8 10336.3 10345.3 10333.5 10292.1 10308 10391.6 10494.7 10702.3 10915.4 11128.7 11340.5 11315.5 11256 11232.1 11205.8 11194.6 11207.3 11202.8 11175.8 11161.1 11151.7 11132.3 11128.6 
11212.3 11215.6 11216.1 11217.2 11211.5 11206.3 11210.9 11223.5 11241.6 11249.7 11280.4 11331.6 11434.1 11441.1 11198.5 10844.1 10504.4 10355.3 10299 10276.3 10266.1 10263.4 10256.3 10260.9 10288.5 10335.9 10491.6 10679.2 10965.1 11203.9 11296.2 11281.7 11232 11217.5 11210.8 11216.6 11203.6 11166.7 11154.9 11163.9 11144.6 11135.4 
11199.6 11197.6 11200.3 11211.2 11202.6 11208.8 11226.7 11219.7 11226.5 11277.7 11333.5 11361.7 11374.7 11308.5 11037.1 10692.9 10385.7 10287.1 10256.4 10234.7 10226.7 10226.6 10229.9 10237 10258.1 10287.1 10379 10538.6 10844.3 11158.9 11301.2 11294.9 11246.1 11229 11220.3 11222.3 11204.8 11173.4 11160.8 11165.6 11159.7 11147.3 
11172.9 11190.7 11203.9 11211.4 11204.6 11201.5 11229 11225.5 11233.9 11316 11403.5 11416 11294.4 11071.1 10810.8 10565.1 10355.8 10271.3 10254.2 10234.5 10197.6 10162.5 10166.7 10196.4 10249.5 10277.4 10321.2 10438.7 10748.9 11081 11289 11330.4 11271.6 11243.2 11227.2 11227.6 11215.7 11193.8 11178.7 11160.9 11156.4 11150.7 
11177.3 11190.6 11196.2 11211.4 11199.8 11206.6 11226.2 11229.9 11246.9 11348.9 11457.1 11476.7 11240.1 10896.1 10631.8 10467.8 10331.1 10264.2 10252.3 10217.5 10119.2 10048.7 10078.4 10146.1 10208.3 10262.6 10291.2 10385.1 10690.1 11011.9 11277.7 11365.1 11293.6 11255.9 11238 11225.8 11216.3 11207.3 11197.3 11170.8 11152.7 11154.8 
11167.3 11189.5 11203.9 11203.7 11203.9 11208.6 11211 11223.4 11248.2 11353.5 11460.5 11500.3 11201.4 10861.4 10591.8 10421 10310.4 10253.7 10230.7 10138 9996.91 9960.11 10028.8 10125.5 10201.6 10245.2 10279.3 10379 10684.2 11021.9 11316.1 11360.7 11297.6 11263.9 11240.4 11221.3 11216.7 11216.2 11196.4 11183.4 11176.5 11168.4 
11183.2 11192.4 11199.4 11206.2 11207 11201.6 11208.6 11215.8 11247.1 11335 11407.1 11382.2 11150 10823.8 10539.9 10392.3 10300.1 10245.4 10224.3 10134 10017.2 9997.6 10044.5 10128.7 10200.6 10241 10286 10403 10727.5 11074.3 11371.4 11363.9 11296.5 11268.9 11251 11230.1 11218.4 11212.1 11204.1 11195 11194.3 11178.1 
11175.6 11194.2 11208 11202.1 11192.1 11196.5 11202.7 11208.3 11243.8 11320.1 11367.3 11331.2 11119.4 10812.2 10525.9 10383 10294.3 10234.7 10204.7 10149.1 10065.3 10026.8 10083.1 10147.7 10202.7 10249.5 10288.9 10446.7 10799.1 11174.6 11481.8 11374.2 11287.7 11261.9 11253.9 11238.3 11218.5 11211.8 11215.8 11208.6 11186.4 11169.1 
11173.3 11198.3 11205.1 11202.8 11187.7 11188.7 11192.8 11210.3 11248.9 11315.7 11357.6 11318.6 11145.5 10844.9 10546.3 10402.7 10309.8 10235.1 10209.2 10163.5 10131.7 10124.1 10136.3 10174.7 10207.4 10252.6 10316.3 10515 10885.4 11270.4 11550.6 11336.9 11269.2 11252.7 11252 11235.8 11215 11206.6 11206.7 11198.5 11173.1 11155.2 
11167.8 11192.1 11202.2 11207.4 11193.5 11180.3 11175.3 11200.3 11245.7 11305.1 11375 11407.9 11276.7 10965.8 10671.8 10500.2 10358 10243.7 10209.3 10175.5 10157.3 10161.4 10176.3 10200.9 10228.7 10270.2 10367.3 10623.7 10968.5 11299.8 11464.2 11290.5 11252.5 11246.4 11242.1 11225.5 11207.1 11199.7 11204.6 11187.6 11175.4 11168.5 
11157.8 11173.6 11187 11185.3 11188.7 11182.5 11186.1 11185.1 11233.8 11291.9 11370.2 11427.8 11341.4 11096.3 10887.6 10673 10457.8 10283.6 10230.6 10196.7 10174.2 10181.7 10208.4 10231.5 10266.4 10330.8 10480.7 10763 11032.2 11272.2 11365.1 11263.1 11244.2 11242.6 11238.3 11215 11196.9 11190.9 11187 11185.6 11175.6 11162.1 
11157.3 11176.6 11184.9 11194.1 11183.8 11180.1 11188.9 11199 11213.2 11270.6 11329.7 11357.6 11297.8 11162.3 11025.5 10829.7 10601 10385.4 10290.1 10239.7 10218.3 10219.4 10254.9 10296 10345.5 10445.8 10619.6 10888.4 11098.1 11240.9 11270.9 11237.4 11239.1 11247.6 11248.9 11224.5 11200.7 11186.7 11177.9 11178.5 11172.9 11162.1 
11150.1 11159.8 11175.2 11183 11192.8 11180.7 11183 11196 11208.3 11249.4 11287 11296.7 11266 11189.1 11088.4 10943.5 10785 10605.8 10456.1 10337.9 10302.5 10302.4 10335.5 10378.8 10470 10563.8 10755.4 11089.4 11204.6 11246 11251.1 11233.8 11233.8 11241 11253.5 11223.5 11191.3 11184.5 11173.6 11167.9 11165.5 11159.9 
11144 11164.2 11168.9 11172.8 11184 11188.2 11196.7 11197.3 11202.7 11216.5 11243.5 11252.6 11241.9 11220.6 11205.3 11156.2 10986.4 10821.4 10701.2 10617.8 10513.3 10487.5 10506.2 10537.7 10702 10843.7 11122.8 11391.3 11286.8 11241.4 11222 11217 11216.7 11217.3 11215 11202.1 11187.3 11184.2 11175 11164.5 11150.2 11148.5 
11138.2 11143.6 11163.4 11176.2 11175.8 11185 11195.7 11199 11199.9 11202.8 11208.1 11228.6 11232.1 11248.6 11295.6 11303.8 11161.1 11007 10893.7 10783.5 10719.3 10688.3 10820.3 10927 11069 11327.2 11357.1 11284.5 11271.7 11245.4 11216.2 11202.5 11198.2 11193.9 11189.2 11181.7 11182.2 11170.6 11171.5 11159.6 11136.1 11138.8 
11135.8 11137.7 11136.5 11148.8 11163.8 11163.5 11184.3 11189.9 11191.8 11196.1 11206 11219.2 11239.7 11249.9 11261 11246.3 11242.8 11302.3 11281.4 11105 11058.2 11063.9 11175.7 11307.9 11271.5 11301.1 11259.7 11223.3 11224.6 11224.7 11219.2 11195.5 11179.3 11171.2 11168 11157.4 11147.7 11138.2 11139.2 11146.2 11142.3 11127.1 
11134.1 11132.3 11127.9 11145.3 11158.9 11151.5 11149.9 11158.3 11169.6 11186.2 11199.9 11213 11226.4 11229.6 11226 11229.6 11233.5 11247.3 11268.7 11274.6 11264.1 11266.5 11259.4 11271.1 11268.3 11241.3 11226.2 11207 11206.9 11198.6 11200.2 11182.2 11164 11146.8 11134.7 11134.9 11129 11120.6 11110.8 11117.6 11116.6 11109.4 
11131.5 11130.6 11131.3 11149.1 11153.1 11143.6 11143.5 11160.4 11166.1 11182 11192.3 11198.6 11199.9 11200.5 11203.4 11204.9 11213.2 11229.7 11270 11255.6 11241.7 11227.9 11233.6 11232.8 11224.3 11208.7 11193.3 11190.1 11191.6 11183.2 11175.1 11168.1 11151.8 11133.2 11122.7 11120 11121.2 11109.5 11097.1 11099.9 11108.9 11096.9 
11131 11133.1 11127.4 11128.2 11134.5 11149.5 11151.3 11153.5 11186.5 11181.1 11184.5 11187.5 11185.6 11184.8 11192.4 11201 11202.2 11211.3 11232.1 11226.8 11217.9 11208.3 11201.6 11202 11195.7 11186.6 11170.6 11175.3 11182 11181.2 11162.1 11158.2 11141.9 11119 11110.1 11106.5 11099.7 11104.1 11097 11093 11096 11086 
11131.7 11134.5 11133.9 11143.4 11138.4 11152.1 11158 11159.5 11160.7 11170.7 11176.3 11182.3 11186.9 11192.7 11189.8 11188 11188.7 11191.6 11194.7 11209.3 11200.5 11194.2 11176.3 11179.3 11184.6 11187.5 11172.8 11159.4 11160.6 11157 11144.5 11139.4 11136 11137.8 11116.4 11099.6 11087.3 11082.1 11086.5 11086.4 11089.1 11077.6 
11133.2 11141.4 11157 11131.6 11126.1 11147.1 11153.8 11147.8 11154.4 11157.4 11167.2 11177.6 11190.1 11199.5 11189.9 11175.8 11171.7 11176.3 11169.7 11179.7 11182.4 11173.6 11157 11163.5 11173 11177.9 11162.8 11155.5 11146.8 11143 11142.9 11145.2 11137 11110.5 11105.1 11094.7 11085.1 11087.9 11085.7 11091.5 11096.1 11078 
11129.6 11135 11132.6 11115.8 11117.4 11127.6 11135.5 11129.5 11126.7 11138.3 11154.3 11169.4 11184.5 11199.1 11186.6 11174.1 11164.7 11172.8 11178.9 11187 11182.4 11168.5 11152.1 11155.6 11159.2 11152.1 11149.4 11133.6 11128.9 11135 11139.9 11137.8 11128.4 11114.1 11098.8 11091 11085.2 11082.4 11082.9 11088.2 11089.9 11075.2 
11123.3 11119.7 11117.9 11118.6 11115.8 11123.1 11124.6 11121.9 11118.5 11128 11143.5 11156.9 11169 11175.8 11177.5 11179.9 11185.8 11184.2 11194.8 11186.4 11182.1 11168.7 11151.5 11153.6 11163.4 11161.4 11148.9 11129.5 11115.6 11129 11132.3 11127.8 11119.1 11094.8 11091.1 11086.9 11082.3 11073.3 11072.7 11077 11072.7 11071.3 
11121.3 11121.4 11125.4 11119.9 11120.5 11117 11122.3 11122 11117.6 11133.1 11138.5 11144.8 11150.3 11154 11162.6 11176.1 11181.7 11178.5 11178.3 11170.3 11164.7 11157.4 11152.6 11151.6 11148.3 11145.2 11142.4 11136.6 11111.4 11125.5 11122.7 11104.8 11084.3 11097.1 11086.8 11081.5 11076.3 11066.1 11058 11053.2 11052.6 11051.3 
11121.2 11120 11116.1 11118.5 11118.6 11115.4 11144.2 11140.8 11141.5 11136.6 11131.4 11133.1 11135.4 11136.3 11148.2 11171.2 11181 11163.9 11155.4 11150.9 11133.9 11148.7 11154.7 11151.1 11141.5 11135 11128 11134.2 11130.7 11131.3 11113.4 11090.7 11067.9 11080.3 11080.5 11075.2 11070.7 11058.2 11048.4 11044.8 11044 11045.2 
11124 11121.4 11123.2 11118.7 11115.6 11128.7 11140.6 11146.8 11149.3 11127.8 11123.5 11123.7 11127.5 11131.4 11143.7 11161.7 11166.2 11149.1 11133.8 11128.1 11124.8 11135.1 11149.6 11150.8 11135.9 11126.4 11115.6 11099.6 11103.6 11110.9 11097.9 11085.2 11080.1 11085 11078.6 11069.2 11055.6 11050.4 11046.1 11040.8 11036.5 11045.6 
11127.4 11125.7 11123.8 11120.8 11115.6 11120.6 11123.1 11135.5 11151.4 11123.4 11115.3 11118.3 11123.5 11132.3 11140.4 11140.5 11143.6 11130.5 11119.7 11117.5 11119.9 11129.1 11140.9 11146 11131.5 11122.4 11116.3 11114.2 11100 11086.8 11087.7 11085.1 11083.4 11082.2 11075.6 11066.4 11055.1 11050.3 11046.9 11044.2 11045.1 11046.3 
