real_craters/C113-500m.grd
DSAA
143 143
-35.56 35.56
-35.56 35.56
9971.1344469539 11622.685652351
[rows 30 to 59 of 143, columns 67 to 133 of 143]
11125.3 11126.1 11137.8 11139.7 11137.6 11130.5 11121.8 11116.3 11132.2 11158.4 11181.5 11203.7 11211.9 11215.9 11216.7 11219.4 11220.2 11222.4 11229.3 11239.8 11235.2 11227.1 11222.2 11219.3 11199.9 11189.2 11185.1 11184.6 11189.6 11195.9 11197.8 11193.9 11185.4 11178.4 11175.5 11173 11171.1 11170.9 11172.7 11177.8 11186.2 11188.9 11187.3 11186.1 11185.8 11184.4 11185.8 11186.2 11184.6 11184.2 11187.9 11191.5 11194.5 11196.1 11196.2 11196.5 11197.5 11199 11201.8 11204.4 11206.5 11208.4 11210 11211 11211.9 11212.8 11213.7
11150.3 11165 11172.2 11173.3 11159.1 11148.5 11138 11129.3 11149.5 11178.7 11204.6 11222.4 11224.3 11220 11220.6 11223.1 11222 11223.2 11224.9 11228 11229.2 11226.9 11225.8 11223.4 11207.5 11196.3 11195.5 11190.6 11191.7 11194.1 11192.6 11189.1 11181.5 11175.1 11174.4 11174.5 11175.1 11176.3 11178 11182.4 11187.1 11188.4 11186.5 11183.8 11185.6 11187.3 11185.6 11184 11184.4 11185.6 11189.7 11194.3 11195.9 11196.6 11197.3 11198.3 11200.5 11201.9 11202.5 11205.8 11208.3 11210.5 11211.9 11212.6 11212.7 11213.3 11213.7
11162.8 11175.1 11180.8 11180.2 11174.3 11169.1 11165.3 11161.2 11180.8 11205.9 11230 11236.2 11231.5 11225.4 11221.8 11219.8 11219.9 11222.5 11222.8 11223.1 11222.3 11220.7 11217.5 11212.1 11203.8 11191.8 11183.1 11188.8 11193.3 11195.8 11196.5 11191.2 11182.4 11176.3 11175.4 11176.2 11178.6 11181.1 11181.6 11186.4 11190.6 11189.5 11186.5 11184.5 11188.4 11191.7 11190 11188.9 11189.1 11189.3 11193.6 11196.5 11199 11199.2 11202.1 11203.4 11204.6 11204.7 11204.1 11209 11212.3 11212.5 11212.6 11213.2 11213.7 11214.2 11214.4
11166.6 11182.6 11181.6 11181 11183.2 11187.6 11197 11216.3 11216.4 11230.2 11246.1 11244.6 11236.6 11227.5 11219.9 11212.9 11209.6 11211.5 11214.4 11215.1 11214.7 11213.2 11210.4 11207.4 11202.7 11192.1 11184.3 11192.8 11197.8 11199.1 11198.8 11192.1 11184.3 11179.2 11177.1 11177.5 11180.3 11183.8 11185.2 11190.4 11195.6 11192.8 11189.5 11186.3 11194.2 11198.9 11194.7 11194.6 11194.4 11195.9 11199.8 11204.1 11205 11205.8 11211 11208.2 11206.7 11207.8 11209.9 11212.6 11214.1 11214.1 11213.8 11213.9 11214 11214.7 11214.6
11165.2 11175.2 11176.8 11179.8 11188 11199.6 11213.9 11227 11235.5 11244.4 11251.1 11245.9 11236.5 11226.6 11216.9 11207.4 11200.8 11201.8 11205.8 11207.8 11208.5 11207.5 11206.1 11207.3 11209.3 11208.8 11205 11206.2 11206.7 11205 11197.2 11189.2 11187.5 11182 11178.3 11177.7 11179.9 11182.6 11186.1 11191.5 11195.2 11196 11195.9 11196.4 11200.8 11199.2 11196.8 11196 11197.6 11200.7 11204.2 11207.4 11209.7 11212.9 11212 11208 11207.2 11209.7 11213.9 11214.7 11215 11214.7 11214.8 11215.1 11215.3 11215.4 11215.4
11159.6 11161.8 11162.2 11172.4 11188.2 11205.6 11222.8 11236 11242.2 11248.1 11253.1 11243.7 11233.5 11223.5 11213.8 11204.4 11196.4 11194.1 11201.6 11203.4 11204.4 11204 11202.6 11208.3 11218 11230.3 11230.1 11221.4 11218.1 11216.2 11212.3 11206.1 11196.5 11184.1 11177.1 11177.1 11179.8 11182.6 11188 11193.2 11195.3 11198.8 11203.4 11210.1 11215.5 11211.1 11203.5 11198.6 11200 11204 11207.7 11209.4 11209.8 11208.8 11208 11209.2 11209.9 11210.9 11212.9 11213.5 11213.1 11214.5 11215.8 11216.3 11216.6 11216.4 11216.5
11150.6 11147 11145.5 11164.5 11187.1 11208.4 11226.8 11237.6 11240.9 11241.2 11241.5 11236.1 11227.7 11219.2 11211.1 11203.7 11197.7 11192.3 11198 11200 11202.5 11204.2 11204 11210.9 11220.6 11230.6 11232.2 11227.7 11225.7 11227.2 11231.5 11232 11208 11182.5 11173.8 11176.1 11181.3 11188.6 11192.9 11195.7 11197.9 11199.6 11205.3 11216.7 11228.7 11223.4 11209.7 11200.8 11203.1 11205.7 11210.3 11212.4 11209.8 11207.9 11210.7 11213.6 11210.5 11210.5 11211.5 11212.4 11212.1 11215.4 11217.9 11218.8 11218.7 11218.3 11218.2
11139.4 11138.1 11138.5 11163.5 11188 11210.1 11229 11236.1 11234.7 11232.5 11229.2 11224.8 11219.7 11214.2 11208.5 11203 11197.9 11192 11192.3 11197.3 11202.6 11208.2 11213.7 11214.9 11218 11220.8 11224.2 11225.6 11226.8 11229.8 11236.5 11241 11211.1 11184.3 11173.8 11175.6 11181.1 11188.2 11189.2 11192.6 11194.8 11196 11198.8 11209.3 11223.7 11218.4 11204.5 11198.6 11201.3 11202.2 11204.3 11206.8 11208.4 11208.9 11206 11207.7 11207.4 11208.6 11210.9 11213.9 11217.3 11220.3 11221.5 11221.5 11221.2 11220.6 11219.7
11130.4 11131.4 11150.4 11173.7 11192.8 11209.2 11225.4 11227.8 11222.9 11219.1 11214.8 11212.7 11210.9 11208.2 11204.8 11201.4 11198 11194 11192.1 11197.5 11202.8 11208.9 11216.6 11213.8 11212.9 11212.8 11216.5 11220.1 11222.3 11223.6 11222.7 11215.4 11198.6 11183.2 11175.3 11175.5 11178.9 11182.6 11184.2 11187.3 11189.8 11191.2 11194 11204.4 11215.3 11210.8 11199.2 11194.2 11195.1 11196.4 11195.6 11198.5 11201.8 11202.7 11201.5 11202.2 11202.7 11206.1 11210.2 11215.3 11223.4 11226.6 11225.2 11223.7 11222.8 11221.7 11221
11130.1 11137.9 11170.4 11191.7 11199.2 11204 11208.5 11210.7 11207.5 11200.7 11197.7 11202.6 11203.8 11203.4 11201.8 11200.1 11199.1 11198.6 11198.8 11200.9 11202.6 11203.4 11204.3 11206.8 11206.8 11207 11210.2 11214 11216.2 11215.4 11208.3 11192.4 11185.3 11179.8 11175.3 11175.1 11178.2 11181.4 11181.9 11182.4 11184 11187.2 11192.5 11204.1 11215 11207.9 11198.1 11193 11190.9 11193.6 11196.8 11196.3 11195.4 11195.2 11196.7 11197.4 11199.2 11204.1 11209.8 11217 11223.3 11227 11226.8 11225.5 11224 11222.6 11221.9
11139.7 11162 11205.4 11207.9 11205.3 11200 11193.1 11197.5 11198.1 11193.9 11194.7 11198.9 11199.5 11199.9 11199.3 11198.4 11198.2 11202 11205.2 11204.4 11203.3 11201.7 11199.8 11201.2 11200.3 11200.6 11203.9 11207.7 11210.4 11210.4 11205.1 11193.9 11186.8 11180.5 11173.8 11175.3 11179.2 11183.6 11185.4 11179.1 11179.6 11183.6 11190.3 11202.4 11209.9 11204.2 11195.4 11190 11189.6 11192.5 11195.5 11194.4 11192.4 11192.5 11194.5 11195.7 11198 11202.9 11207.9 11212.6 11220.4 11225.9 11225.9 11225 11224.4 11223.5 11222.3
11155.1 11185 11201.5 11210.9 11210.7 11204.8 11196.7 11198 11199.3 11201.5 11199.7 11198.4 11198.2 11197.8 11197.4 11197 11197.5 11200.8 11199.5 11201.9 11205.2 11206.9 11204.3 11199 11194.6 11193.7 11198.2 11203.5 11208 11211.1 11211.8 11208.7 11202.6 11190.6 11178.1 11179 11181.8 11183.9 11183.2 11177.3 11177.1 11180.1 11185.4 11197.6 11206 11198.1 11190.3 11188.8 11192.3 11193.8 11193.2 11194.1 11193.9 11194 11194.7 11196.9 11199.5 11203 11206.8 11209.8 11217.3 11222.6 11223.6 11223.5 11223.3 11222.8 11223
11181.7 11193.4 11207.4 11215.8 11218.4 11217.3 11214.7 11206.7 11202.4 11201.4 11201.9 11200 11199.1 11197.9 11197 11196.6 11198.7 11200.9 11201.3 11204.9 11209.6 11210.1 11205.7 11197.9 11190.7 11189 11195 11201.7 11208.4 11215.6 11221.5 11226.6 11224.2 11209.9 11192 11189.9 11186.6 11182.2 11178.1 11177.1 11176 11177.5 11180.9 11186.1 11190.1 11190.5 11186.7 11190.1 11199.3 11200.1 11198.2 11198.8 11195.7 11194.9 11196.5 11198.3 11200.9 11204.1 11208.1 11213.7 11216.5 11219.1 11220.3 11221.6 11222.3 11222.3 11222.3
11206.5 11201.8 11213.2 11223 11228.4 11229 11224.3 11216.5 11206.8 11201.1 11202.5 11203 11202.3 11200.1 11197.7 11195.4 11195.1 11199.4 11213.2 11217.7 11216.8 11213.9 11207.5 11197.7 11189 11187.7 11195 11203.4 11211.8 11220.8 11229.7 11240.2 11245.9 11232.9 11225.4 11210.1 11192.3 11181.4 11177.3 11176.3 11175.7 11175.7 11178.9 11183.8 11186.3 11186.5 11188.3 11189.3 11198.5 11210.7 11216.2 11212.5 11203.5 11200.2 11199.8 11200.3 11202.6 11205.5 11208.5 11211.9 11213.5 11214.1 11217.1 11219.7 11221.3 11222.3 11222.3
11224.6 11214 11221.4 11231.5 11240.6 11245.8 11241.5 11228.5 11215 11208 11208.1 11208.9 11208.1 11205.1 11200.8 11196.3 11194.2 11198.8 11217.4 11224.6 11223.3 11218.9 11211.9 11201 11190.9 11190.4 11197.5 11206.3 11215.5 11224.2 11232.8 11240.9 11244.2 11240.9 11238.8 11220.5 11193.8 11178.9 11179.6 11180.9 11177.7 11174.6 11177.5 11189 11190.3 11186.1 11181.5 11188.9 11205.5 11226.8 11234.9 11230.6 11229.1 11210.9 11207.1 11204.8 11206.4 11208 11209 11209.3 11210.1 11212 11215.7 11219.1 11221.4 11222.4 11222.8
11240 11229.9 11233.6 11242.3 11254.9 11262.2 11256.4 11241.8 11225.3 11215.2 11218.2 11218.7 11218.3 11214.2 11209.5 11202.9 11203.1 11210.8 11211.8 11220.3 11226.1 11229.6 11218.9 11206.7 11197.2 11196.6 11202.5 11209.9 11218.1 11226 11232.6 11235.2 11232.1 11234.2 11233.7 11217.7 11191 11180.6 11187.1 11189.3 11182.1 11175 11176.7 11186.4 11191.9 11192 11194.8 11214.4 11231.4 11245.2 11240.5 11231.8 11226.7 11219.1 11215 11213.5 11213 11212 11210.6 11209.2 11209.7 11213.5 11217.5 11220.3 11222.4 11223.4 11224.1
11258.1 11247.2 11252.1 11259.2 11268.9 11278.3 11270.3 11257.1 11244.4 11239.6 11238.3 11235.6 11230.8 11225.4 11219.5 11213.7 11215 11221.4 11217.8 11217.2 11224.8 11228.8 11222.5 11212.5 11204.7 11203.9 11207 11213.2 11221 11227.6 11232.6 11233.8 11230.7 11226.2 11214.2 11195.1 11180.5 11178.3 11191.4 11197.1 11185.7 11178.1 11179.1 11184.6 11194.4 11201.6 11210.2 11221.7 11237.8 11243.4 11232.7 11219.3 11214.6 11220.4 11224.3 11226.1 11219.9 11216.5 11214.1 11211.6 11211.4 11219 11223.1 11223.1 11223.8 11224.6 11225.1
11274.6 11264.6 11274 11290.9 11272.4 11266.4 11266.4 11268.9 11275.1 11278.5 11262.1 11254.5 11246.7 11240.1 11234.1 11228.9 11228.1 11228.7 11221.8 11217.6 11225.9 11230.2 11225 11216 11210.7 11209.8 11212.7 11217.9 11223.5 11229.6 11234.4 11237.2 11237.2 11225.9 11202.2 11178.8 11173.1 11172.7 11175.5 11184.7 11184.1 11183.1 11190.1 11198.1 11204.3 11208.8 11212.4 11219.8 11227.5 11224.5 11221.1 11215.3 11213.6 11217.5 11222.8 11224.6 11221.7 11219.4 11217.9 11217.2 11218.4 11221.6 11223.6 11224.2 11225.9 11226 11225.3
11278.2 11276.5 11282 11277.1 11262.5 11242.2 11259.3 11277 11282.3 11282 11281.5 11270.2 11261.3 11253.9 11248.9 11252.1 11247.5 11240.3 11230.9 11227.5 11234.8 11238.8 11229.7 11218.5 11209.1 11213.8 11217.7 11222.3 11226.7 11232 11237.1 11240.9 11242.9 11232.9 11213.4 11197.9 11193.8 11182.9 11172.5 11173.7 11185.5 11192 11207.2 11218.9 11217.2 11213.7 11209.9 11212.4 11216.5 11213.2 11215.7 11224.1 11223.3 11220.5 11218.8 11219.1 11221.4 11223.2 11224 11224.5 11223.5 11223 11220.8 11227 11228.6 11227.4 11225.9
11292.5 11297.9 11297.1 11287.6 11266.4 11244.8 11264.9 11292.8 11320.4 11310.4 11302.6 11295 11285 11272.9 11260.4 11257.1 11276.9 11263.6 11246.9 11242.2 11241.4 11240.7 11237.1 11228.5 11221.1 11221.8 11223.9 11227.4 11230.9 11235.2 11238.5 11242.2 11244.5 11239.8 11231.3 11231.3 11227.4 11202 11179.1 11182.2 11197 11218.7 11223.2 11230.6 11225.9 11221.7 11214.9 11214.3 11212.1 11207.5 11209.8 11214.2 11218.1 11218.1 11216.2 11219.9 11227.4 11231.5 11232.8 11233.3 11237.4 11236.4 11237.6 11235.9 11233.4 11231 11228.2
11332.7 11338.1 11313.5 11288.6 11255.2 11271.1 11268.6 11297.8 11322 11330.9 11324.6 11317.5 11308.4 11295.8 11277.1 11253.1 11281.7 11280.6 11269.8 11262.6 11251.7 11252 11247.2 11241.5 11234.9 11230.6 11229.9 11231.8 11234.3 11237.1 11239.9 11242.3 11244.4 11243.6 11239.2 11237 11237.9 11220.6 11197.5 11206.8 11207.3 11208.3 11220.4 11226.1 11226.5 11227 11219.6 11213.9 11209 11199.8 11206.5 11212.6 11215 11213.3 11214.3 11225 11232.2 11235.9 11236.1 11237.5 11238.5 11242.7 11252 11242.6 11237.5 11234.4 11231.8
11413.7 11414.8 11323.8 11225.5 11175.2 11188.8 11253.9 11295.6 11313.1 11334.7 11342.1 11339.7 11334.7 11330.1 11321 11305 11315.9 11300.4 11271.2 11267.8 11268.6 11263.5 11255.7 11251.6 11244.2 11237.4 11233.9 11234.4 11236.9 11238 11238.9 11239.4 11238.7 11237.5 11241.2 11245.8 11247.5 11241.6 11231.1 11225.5 11213.5 11205.3 11216.7 11222.2 11219.8 11217 11216.4 11214.1 11209.5 11204.3 11211 11223.9 11221.4 11219.8 11226.5 11243.7 11244.3 11239.7 11239 11239.4 11241.6 11243.2 11240.4 11241.1 11239.3 11236.9 11235.3
11483.1 11423.7 11292.7 11219.6 11218.7 11211.6 11237.4 11307.1 11335.4 11342.7 11343.8 11344.1 11350.3 11356.6 11372.4 11395.3 11385.3 11339.1 11289.8 11272.4 11282.8 11269.9 11259 11252 11244.9 11239.2 11236.2 11234.8 11234.5 11234.4 11234.9 11235.3 11234.6 11234.2 11242 11249.8 11252 11252.2 11241.1 11225.1 11208.6 11203.3 11207.7 11213.4 11212.3 11206.8 11211.2 11213.5 11210.6 11212.9 11222.4 11233.1 11245.8 11283.2 11313.2 11283.1 11247.5 11231.4 11229.4 11235.5 11244.7 11249.3 11244.7 11243.7 11242.5 11239.7 11236
11305.5 11255.3 11175.7 11116.6 11091.1 11115.1 11159.9 11261.5 11356.9 11325.4 11320.7 11330.5 11349.9 11371.7 11384.3 11386.5 11392.8 11379.6 11361.1 11307.3 11282.4 11273.4 11259.4 11246.5 11242.1 11240 11238.4 11236.5 11235 11234.8 11233.9 11234 11235 11237.9 11243.5 11249.4 11253.2 11259.2 11247.4 11221.3 11197.8 11192.9 11203.9 11210.7 11211.8 11213 11225.3 11220.1 11216.7 11228.7 11251.6 11275 11328 11348.5 11362.3 11262.4 11215.3 11204.8 11211.3 11225.8 11241.3 11251.1 11250.1 11248.7 11246.1 11242.5 11237
11085.9 11059.6 11000.3 10949.4 10915.4 10954.8 11008.8 11074.9 11210.2 11236.1 11256.6 11293.2 11341.6 11388.6 11412.8 11413.4 11417.1 11413.6 11396.3 11338.9 11302.5 11285.1 11261.9 11241.9 11241.5 11241.9 11241.4 11239.6 11239 11236.8 11235.3 11233.8 11234.1 11239.3 11242.1 11248.2 11250.9 11250.1 11240.2 11219 11199.9 11197.7 11215 11216.2 11215.9 11217 11224.5 11225.8 11227.2 11247.4 11265.5 11227.7 11151.3 11110.4 11094.9 11123 11138 11159.7 11185 11211.1 11235.6 11250.3 11256.3 11253.7 11249 11246.2 11243.5
10890.3 10837.6 10826 10809.1 10802.2 10823.9 10853.7 10864.8 10974.7 11082.5 11155.5 11227.9 11311.5 11404.5 11482.5 11491.1 11476.1 11447.8 11397.5 11338 11317.2 11299.7 11275.5 11252.6 11252.8 11252.6 11249.6 11247.9 11245.6 11242 11237.8 11234.5 11231.9 11230.3 11234.8 11241.5 11245.2 11239.3 11227.2 11210 11195.4 11198.4 11213.1 11216.7 11219.5 11222.7 11222.9 11231.3 11246.5 11265.6 11241.3 11146.2 11057.9 10956 10912.4 10987.2 11053.2 11105.2 11152.9 11195.9 11231.9 11255 11257.7 11250.7 11250.1 11250.5 11251.7
10705.2 10692.5 10702.7 10704.3 10703.2 10723 10744.2 10745.9 10824.9 10944.6 11041.9 11136.6 11244.5 11380.8 11562.5 11622.7 11561.9 11480.9 11402.5 11352.7 11333.3 11312.7 11300.9 11290.5 11275.2 11267.3 11260.6 11255.2 11249.6 11245.8 11240 11234 11229.3 11226.6 11228.8 11237.4 11246.2 11238.9 11222.5 11202.6 11188.5 11192.7 11201.5 11212.3 11217.8 11219.4 11220.7 11231.6 11251.2 11268.6 11204.1 11065.5 10946.8 10862 10832.3 10910.8 10986.7 11056.9 11123.4 11179.7 11229.1 11265.7 11263.2 11251 11250.3 11253.3 11257.2
10600.7 10651 10638.9 10622 10626.2 10639.5 10676.8 10741 10769 10842.7 10930.9 11024.6 11128.5 11255.2 11412.3 11607.6 11563.2 11473.1 11401.8 11349.4 11335.8 11321.4 11319.9 11315.3 11296.3 11283.8 11274.7 11267.7 11259.6 11251.2 11244.3 11230.3 11224.9 11219.5 11218.1 11227.2 11244.9 11246.2 11226.2 11200.6 11181.6 11190.5 11203.8 11212.1 11217.5 11222.8 11226.3 11231 11261.1 11285.9 11198.5 10953.5 10829.3 10804.7 10818.8 10878.5 10959.2 11034.8 11104.7 11166.9 11224.1 11265.1 11265 11249.3 11249.6 11254.3 11258.9
10551.1 10585.3 10558.3 10533.3 10517.5 10544 10584 10628 10678.8 10739.7 10814.1 10892.4 10974.8 11063 11177.3 11384.8 11415.7 11388.6 11380.8 11396.9 11373.9 11326.6 11316.8 11313.9 11309 11301.1 11283.4 11279.9 11263.8 11257 11246.1 11237.4 11229 11220.7 11217.8 11226.5 11251.3 11256.9 11235.5 11207.5 11184.1 11196.8 11207.7 11215.8 11222.5 11231.2 11231.3 11231.8 11266.1 11294.1 11185.5 10936.5 10819.1 10803.3 10827.5 10879.9 10948.2 11020.9 11093.2 11159.9 11217 11260.6 11266.4 11249 11250 11255.3 11261
10505 10503.2 10475.7 10451.9 10438.6 10452.4 10478.8 10504.4 10567.3 10634.5 10694.6 10756.2 10816.1 10870.9 10948.6 11115.4 11197.8 11234.4 11277.4 11393.6 11444.5 11366.2 11332 11321.9 11326.8 11318.6 11298.2 11282.9 11271.8 11259.8 11246.4 11237.5 11229.9 11226.4 11227 11233.5 11254.9 11259.3 11243.6 11228.2 11217.3 11220.5 11221.9 11219.3 11224.4 11228.8 11226 11225.3 11267.6 11301.6 11193.1 11028.5 10844.2 10812.3 10843.8 10898.3 10963.1 11033.6 11099.5 11160.2 11213.8 11255.6 11266.4 11254.1 11251.9 11256.8 11261.5
