real_craters/C113-500m.grd
DSAA
143 143
-35.56 35.56
-35.56 35.56
9971.1344469539 11622.685652351
[rows 0 to 29 of 143, columns 0 to 66 of 143]
10993.8 10994.1 10994.4 10995.1 10997 10998.8 10998.6 10998.5 10997.5 11001.2 11003.5 11002.9 11002.3 11003.6 11005.8 11007.1 11007.7 11008.9 11011.8 11015.3 11018.2 11021.2 11023.2 11025.4 11027.4 11029.6 11031.7 11033.6 11036.1 11038.7 11042.1 11046.8 11047.4 11049.3 11051.1 11052.9 11054.6 11056.1 11057.6 11059.2 11060.5 11060 11055.6 11062 11063 11061.9 11061.9 11061.8 11062.3 11063.3 11065 11067.9 11075 11077.6 11079.3 11080.1 11079.4 11080.4 11081.9 11082.9 11082.9 11078.6 11084.5 11086.5 11087.7 11089.1 11091.1
10993.3 10994.4 10995.1 10995.4 10996.2 10996.8 10996 10998.3 10997.6 11000.2 11000.1 11002.9 11004 11004.6 11006 11007.6 11009 11010.6 11012.6 11014.9 11016.9 11019.9 11021.7 11023.2 11025.3 11026.9 11028.8 11031.1 11033.3 11035.4 11037.8 11041.5 11044.3 11047.5 11051 11053.1 11054.3 11055.8 11057.3 11058.7 11059.7 11060.7 11063 11067.5 11068 11066.4 11064.6 11063.5 11063.9 11064.2 11065.3 11068.6 11073 11076.7 11075.8 11071.9 11075.6 11077.9 11079.9 11082.2 11084.5 11086.6 11085.1 11086.5 11087 11088 11090.3
10991.8 10993.5 10994.6 10994.8 10995.2 10995.7 10996.6 10996.2 10997.4 10998.9 10999.4 11000.8 11002.7 11004.4 11006.5 11008.7 11010.3 11012.3 11013.6 11015.8 11017.6 11018.9 11020.4 11021.2 11021.3 11022.6 11025.8 11028.7 11030.9 11032.6 11033.2 11034 11040.1 11044.5 11048.2 11051.3 11053.3 11055.4 11057.1 11058.6 11060.1 11062.2 11065.4 11069.1 11071.3 11069.5 11065.7 11063 11062.6 11062.3 11064.3 11070.3 11071.8 11073.9 11073.6 11073.1 11073.4 11075.2 11077.7 11081.7 11086.3 11089.4 11088.6 11086.7 11088 11089.2 11090.4
10989.4 10990.6 10993.6 10993.4 10993.4 10993.7 10993.8 10993.1 10994.7 10996.4 10997 10998.9 11000.9 11003.8 11006.6 11009.5 11011.7 11011.4 11013.9 11016.7 11020 11019.1 11019.6 11020.5 11021.2 11022.9 11024.9 11027.2 11029.2 11031 11032.1 11034.3 11037.7 11041.3 11044.4 11048.4 11051.5 11054.7 11057.1 11058.8 11060.2 11063.5 11066.9 11069.2 11070 11068.9 11063.8 11059.3 11056.6 11056.7 11059.2 11066.6 11080.5 11077.2 11069.3 11072.2 11070.8 11072.2 11075.3 11079.5 11084.7 11089.7 11087.4 11084.2 11083.3 11089.7 11091.4
10987.2 10988.6 10988.4 10990.6 10991.5 10992 10991.9 10991.7 10993 10996.2 10997.4 10996.5 10999.7 11003.1 11006.4 11009.4 11012 11012.6 11013.9 11016.2 11018.1 11018.7 11019.7 11020.7 11021.6 11022.5 11024.7 11026.4 11028.2 11030 11031.8 11033.5 11035.7 11038.9 11044.7 11046.2 11050 11054 11058.6 11061.3 11061.1 11066 11069.1 11068.2 11064.8 11064.6 11060.3 11054.5 11050.5 11050.8 11054 11067.6 11100.7 11094 11072 11067.7 11066.7 11069.1 11072.2 11075.5 11079.1 11080.9 11081 11080.8 11084.1 11090 11091.9
10985.2 10986.3 10986.9 10988.7 10990 10990.7 10991.3 10991.5 10992.5 10995.3 10996.7 10996.7 10999.8 11002.8 11005.5 11008.2 11010.2 11011.3 11013.2 11015.3 11017 11019.1 11020.5 11021.2 11022.6 11024.5 11025 11025.5 11026.7 11029.3 11032.5 11033.5 11033.5 11034.6 11037.4 11043.1 11048.7 11054.2 11060.1 11066.8 11072 11071 11071.3 11071.3 11065.5 11066 11056.4 11050.3 11046.4 11048 11052.8 11064.2 11083.9 11084.8 11080.4 11068.1 11065.1 11067.5 11070.3 11072.7 11073.9 11073.2 11074.6 11078 11081.4 11087.7 11091.9
10983.7 10985.8 10987 10988 10989 10989.8 10990.6 10992.3 10993.2 10994.8 10997.1 10998.7 11000.7 11003.1 11005.4 11007.1 11009 11009.9 11012.1 11014.5 11016.5 11018.6 11019.5 11020.9 11022.7 11024.8 11024.2 11024 11024.2 11026.5 11032.6 11032 11031 11030.7 11032.9 11040 11046.2 11052.4 11058.7 11067.2 11076 11069.9 11067.4 11068 11060.6 11051.4 11050.3 11047.8 11045.8 11047.3 11052 11063.9 11078.3 11077.2 11086.3 11076.4 11068.4 11068.6 11070.7 11072 11071.8 11071.7 11074.5 11078.4 11081.2 11090.6 11094.9
10982.1 10984.7 10986.7 10987.4 10988.3 10989.4 10990.3 10991.9 10994.5 10995.1 10996.9 11000.2 11001.9 11003.7 11005.9 11007.4 11006.6 11008.9 11011.7 11014.2 11016.1 11016.5 11018.8 11020.5 11021.9 11022.2 11022.8 11022.1 11020.5 11018.5 11019.7 11024.6 11028.9 11032.3 11035.2 11040.2 11044.8 11048.9 11052.8 11055.9 11058.4 11059.5 11056.3 11049.4 11050.7 11050.7 11049.6 11048.3 11047.4 11048 11050.7 11060.2 11072.9 11074.9 11092.6 11081.9 11071.1 11072.4 11073.5 11073.9 11073.7 11074.2 11078.7 11083.6 11087.5 11095 11097.9
10980.6 10982.1 10984.9 10986.3 10987.6 10989 10990.9 10992.3 10994.2 10996.4 11000.5 11001.6 11001.3 11004.3 11007.1 11009.9 11013 11012.2 11012.4 11012.8 11014.2 11015.2 11017.2 11020.1 11022.2 11023.9 11023.6 11021.9 11019.1 11013.1 11003.6 11018.3 11028.6 11037.5 11041 11041.5 11043.7 11045.9 11047.4 11046.8 11047.4 11049.8 11048.5 11045.6 11051.7 11052.2 11049.4 11050.7 11051.3 11050.5 11050.5 11056.8 11065.4 11072.3 11091.7 11088.7 11082.7 11079.4 11077.8 11076.4 11075.3 11075.2 11077.6 11088.2 11097.2 11096.8 11100.4
10980.2 10980.7 10982.6 10984.9 10986.8 10988.4 10989.4 10991.5 10993.9 10996.9 11000.5 11000.5 11002.2 11005.1 11008.4 11011.4 11013.8 11015.7 11014 11012.6 11014.5 11020.8 11019.2 11021.7 11022.8 11023.3 11023.1 11022.9 11022.5 11023 11027.2 11025 11030.7 11035.8 11039.4 11041.3 11042.6 11043.7 11044.4 11044.4 11044.4 11045.1 11045 11045 11048.4 11044.9 11045.2 11050.3 11052.8 11054.2 11055.1 11056.8 11065.2 11071.5 11079.9 11086.1 11088.2 11086.9 11083.9 11079.6 11077.4 11076.3 11078.3 11074.3 11069.9 11097.3 11103
10977.8 10979.6 10981.6 10983.9 10986.2 10988.3 10990.1 10991 10992.7 10993.2 10995.2 11000.1 11003.1 11006.1 11009.6 11012.6 11014.2 11015.1 11015.2 11015.9 11016.3 11013.8 11024.5 11025.1 11023.3 11022.3 11022.5 11024.2 11026.4 11029.6 11031.5 11031.5 11033.1 11036.3 11038.6 11040.4 11042.2 11043.4 11043.7 11044.1 11044 11043.8 11043.8 11044.1 11044.9 11046.6 11048.6 11048.3 11052.5 11055.7 11057.2 11060.1 11066.3 11071 11075.5 11083.6 11092.7 11092 11087.5 11083.1 11080.1 11076.7 11075.1 11078.4 11078.8 11092.3 11103.7
10974.8 10977.2 10980.2 10982.8 10985.5 10987.8 10989.6 10990.8 10992.8 10994.1 10997.4 11001 11003.4 11007.3 11011.2 11015.6 11017.5 11016.5 11015.7 11015.9 11018.2 11024.2 11024.4 11023.3 11022.9 11022.5 11022.8 11025.5 11028.5 11032.5 11034.3 11033.5 11033.4 11034.2 11036.9 11039.4 11041.3 11042.4 11042.4 11042.5 11043.3 11043.5 11043.5 11043.8 11044.8 11045.6 11048.5 11054.1 11055.3 11056.5 11057.7 11064.1 11071.8 11077.3 11077.1 11081.3 11096.3 11091.9 11087.7 11084.7 11081.8 11078.8 11075.6 11078.7 11084 11094.5 11107
10974.3 10977.2 10979.1 10981.9 10984.9 10987.6 10989.4 10990.3 10993.3 10995.6 10999 11003 11004.7 11008.7 11012.5 11014.6 11016.4 11016.4 11016.1 11016 11018.7 11022.4 11021.1 11021.1 11022.7 11023.5 11025.2 11026.6 11029.2 11031.9 11033.6 11033.7 11033.4 11033.5 11036 11038.5 11040 11042 11043.3 11042.9 11043.9 11044.1 11043.9 11043.5 11043.6 11044.9 11048.7 11056 11056.9 11058.1 11060.7 11068.5 11079.4 11083.1 11075.4 11073.9 11079.3 11084 11086.9 11088 11087.8 11083.8 11080.4 11080.6 11090.2 11106.5 11121
10973 10974.6 10977.6 10981 10984.5 10987.8 10990.5 10992.5 10995.3 10997.2 11000 11003.3 11006 11010.6 11014.7 11017.1 11018 11018.2 11017.2 11016.7 11018.7 11020.2 11021.6 11023.4 11023.9 11024.1 11023.2 11026.5 11029.4 11032 11033.3 11033.9 11033.8 11034.3 11036 11037.9 11040.1 11042.6 11045.9 11047.9 11046.4 11045.2 11044.6 11044.4 11044.6 11046.1 11048.1 11051.5 11056.3 11059.4 11059.5 11070.2 11083.9 11089.1 11073 11068.8 11071.6 11078.3 11086.8 11092.5 11095.9 11096.2 11091.8 11089.6 11105.4 11134.4 11146.3
10972.4 10973 10976.2 10980.3 10984.4 10988.2 10992.4 10996.3 10998.2 10999.2 11000.5 11004.5 11008.4 11013.3 11018.7 11022.7 11022.4 11019.7 11018.4 11019.3 11019.9 11021.6 11023.9 11026 11026.4 11025.6 11024.6 11027.4 11030.4 11032.5 11033.9 11034.5 11034.7 11035 11036.4 11038.2 11040.3 11042.3 11043.8 11046.7 11046.9 11045.9 11045.9 11045.5 11046.7 11047.3 11048.8 11051.8 11059 11061.8 11060.4 11070.8 11080.6 11081.2 11072.3 11076.4 11076.1 11081.7 11089.7 11096.8 11105.1 11113.2 11119 11115.7 11125.5 11139.1 11141
10971.7 10971.6 10975.7 10980.2 10984.7 10990 10992.2 10996.4 11001.6 11002.8 11003.5 11006.8 11009.7 11015.2 11021.5 11027 11026.4 11023.8 11021 11019.7 11021.4 11023.7 11026.7 11029.7 11030 11029.5 11028.9 11031.1 11033.4 11034.4 11035.3 11035.7 11036.4 11036.9 11037.4 11038.7 11040.1 11041.4 11040.8 11042.2 11046.3 11048.2 11048.6 11047.8 11046.1 11047 11051.9 11059.8 11071.2 11069.4 11069.1 11074.1 11076.8 11075.2 11073.3 11075.8 11081.4 11088.5 11094.2 11101 11110.6 11126.3 11153.2 11170.9 11147.7 11133.1 11121.8
10971.5 10972.5 10976.7 10981.5 10985.7 10986.3 10993.7 10998.5 11002.3 11003.7 11005.5 11009.9 11013.4 11017.3 11020.7 11026.1 11027.4 11028.4 11026.7 11022.7 11023.6 11025.4 11028.1 11033.8 11033.3 11033.9 11035.8 11036.9 11037.3 11038.5 11037.4 11037.1 11037 11037.6 11038.7 11039.7 11040.3 11041.2 11042.9 11045.3 11047.5 11050.2 11052 11052.9 11050.9 11052.1 11062.1 11079.2 11098.6 11102.4 11087.7 11080 11077.3 11073.6 11070.2 11070.8 11082.7 11096.3 11095.9 11100.9 11109.8 11122.4 11141.1 11157.3 11143.8 11128.8 11119.6
10974.9 10975.1 10979.3 10984.2 10990 10996.8 11000 11001.7 11001.9 11002.7 11007.2 11015.7 11024.9 11023.5 11016.1 11017.4 11026.4 11030.1 11028.2 11026.4 11026.6 11027.7 11030.2 11032.7 11034.4 11036.1 11038.8 11039.3 11038.2 11038 11038.2 11038.2 11038.5 11039.1 11040.2 11040.8 11040.9 11041.1 11044.5 11047.1 11050.5 11054.5 11059.4 11063.5 11066.3 11072.3 11088.2 11114.4 11123.6 11122 11091 11080.7 11077.2 11076.3 11070.7 11070.6 11077.5 11082.3 11090.2 11096.4 11102.7 11106.5 11104.4 11111.4 11115 11118.6 11122.6
10977.1 10979.9 10983.2 10987.2 10992.4 10998.7 11003.6 11004.2 11002.7 11002.8 11007.4 11019.7 11033.3 10994.5 11012.4 11023.4 11028.3 11033.4 11037.5 11031 11029.5 11029.2 11030 11032.3 11034 11035.7 11036.9 11037.5 11038.2 11038.3 11038.4 11038.7 11039.5 11040.6 11041.9 11040.7 11041.4 11043.1 11045.1 11048.9 11054 11060.1 11067.4 11079.1 11098.9 11126 11143.2 11140.5 11113.8 11090 11078.5 11076.3 11075.3 11074 11070.8 11072 11075.7 11077 11083.1 11089.3 11093.6 11095.4 11092.4 11087 11094 11104.3 11112.4
10985.6 10986 10987.2 10989.2 10992.4 10997.6 11004 11005.5 11005.6 11004.4 11008.1 11018 11021.5 11003.6 11016.4 11026.1 11028.9 11031.3 11031.4 11031.5 11030.7 11030 11029.8 11031.1 11032.9 11034.6 11036.1 11037.1 11037.4 11037.9 11038.5 11039.1 11040 11042 11043.1 11042.8 11044.9 11046.7 11049.2 11052.6 11057.3 11063.1 11071.7 11083.5 11104.1 11131.2 11134.9 11108.4 11087.2 11071 11070 11072 11074.7 11076.3 11073.8 11073.6 11076.4 11075.8 11078.1 11082.4 11087.1 11091.7 11093.7 11088.1 11086.3 11091 11093.3
10990.4 10991 10990 10989.8 10990.7 10995.7 11002.8 11005.2 11008.7 11010 11010.9 11014.8 11020.4 11023.1 11021.7 11025.1 11026.8 11028 11028.8 11030.9 11030.9 11030.7 11030.6 11030.6 11031.4 11033.5 11035.5 11037.1 11036.2 11037.2 11038.6 11039.4 11040.9 11044.1 11047.1 11046.3 11049 11050.2 11053.6 11056.5 11060.7 11065.4 11070.7 11076.5 11080.2 11078.9 11082 11077.3 11068.7 11067.2 11066.7 11069 11073.1 11079 11081.5 11077 11077.4 11075.8 11075 11078 11082.8 11088.4 11094.9 11091.3 11083.4 11083.7 11085.3
10995.8 10993.2 10991.5 10990 10988.6 10990.3 10995.4 11000.5 11006.1 11009.8 11012.3 11015.4 11018.9 11021.9 11020.4 11023.2 11025.7 11026.3 11028.2 11030.4 11030.2 11031.2 11033.5 11033.5 11031.9 11032.8 11034.2 11035.5 11036.5 11037.6 11039.1 11040.3 11042.8 11047.1 11051.6 11053.7 11056.2 11055 11055.6 11060.5 11064.6 11066.9 11068.1 11068.2 11065.8 11061.2 11063.2 11062.3 11061.9 11062.7 11064.9 11066.9 11069.2 11072.6 11074.9 11080.1 11090.2 11078.6 11071.8 11073.8 11077.4 11081.6 11087.5 11082.4 11076.3 11079.9 11083.1
10990 10992.3 10992 10990.9 10989.5 10987.9 10988.8 10993.2 10999.4 11008.4 11010.1 11015.9 11020.4 11020.3 11021.9 11023.1 11024.9 11026.6 11027.5 11028.1 11028.7 11029.6 11030.1 11030.3 11031.4 11032 11032.9 11032.9 11036.3 11037.6 11039.1 11041.5 11045.7 11050.8 11057.5 11063.8 11068.7 11066.1 11062.5 11069.9 11072.5 11071.8 11069.4 11064.5 11059.9 11052.4 11053.1 11057.2 11060.5 11064.9 11065.7 11066.3 11066.1 11064.8 11064.3 11083.3 11099.2 11080.9 11070.5 11071 11073.4 11073 11073.9 11076.7 11076.8 11080.4 11083.2
10990.1 10992 10992.4 10992.1 10991.3 10987.9 10986.1 10985.7 10984.3 10988.2 11002.2 11014.5 11020.8 11021.3 11022.6 11025 11026.1 11027 11026.7 11026.1 11027.2 11028 11028.1 11028.3 11030.2 11031 11032.7 11039.1 11038.8 11038.5 11038.1 11039.3 11044.4 11052.4 11061.7 11072.3 11085.3 11094.8 11093.1 11087.1 11081.4 11075.1 11069.4 11062.4 11056.7 11052 11051.9 11054.4 11057.9 11064.6 11065.7 11065.2 11064.5 11064.5 11070.3 11087.2 11085.6 11076.1 11070.5 11072.5 11075.3 11076.9 11078.8 11079.9 11083.3 11084 11086.7
10992.5 10993.3 10993.1 10992.9 10993 10989.3 10986.1 10983 10978.3 10980 10995.5 11012 11017 11023.5 11027.7 11027.8 11027.8 11026.8 11025.9 11026 11027.4 11028 11027.8 11027.1 11028.1 11029.6 11030.6 11025.9 11033.4 11037.3 11037.3 11037.7 11043.4 11052.6 11064.2 11078 11097.2 11118.8 11117.9 11099.8 11086.4 11076.7 11068.5 11062.4 11057.1 11055.3 11056.5 11057.5 11059.7 11064.9 11065.5 11065 11064.3 11064.7 11069.1 11084.1 11077.9 11072.5 11072.5 11077.7 11083.5 11085.2 11085.5 11088.1 11082.4 11090.2 11093.6
10995 10994.9 10993.3 10991.5 10991.4 10993.3 10988.9 10985.3 10984.6 10984.1 10989.6 10999.9 11011.6 11022 11028.2 11029.8 11030.3 11029.3 11028.8 11028.9 11029.3 11029.4 11029.2 11028.5 11028 11029.6 11031.1 11034.4 11037.5 11035.4 11036 11040.6 11044.5 11051.9 11062.9 11076 11094 11113.9 11112.9 11098.7 11086 11076 11067.9 11060.2 11056.9 11056.6 11058.7 11059.4 11061 11065.1 11065.7 11065.3 11065.1 11065.8 11068.4 11077.3 11076.2 11073.2 11076.2 11086 11098.9 11110.2 11119.5 11117.8 11113.5 11111.7 11105.5
10995.2 10995.7 10993.9 10991 10988.1 10990.5 10989.9 10987.1 10985.3 10984 10985.4 10987.1 11004.2 11022.3 11027 11029.8 11033 11035.2 11034 11031.9 11032.1 11032 11031.9 11032.2 11030.8 11031.3 11032.3 11033 11033.5 11032.7 11032.9 11035.5 11041.6 11049 11058.7 11068.3 11078.9 11086 11090.5 11087 11080.1 11073 11066.3 11058.8 11055.2 11054.4 11057.3 11059.3 11063.8 11065.8 11066.8 11067.9 11068.3 11069 11071.1 11080.9 11082.6 11076.6 11078.9 11093.5 11115.8 11142 11155.2 11148.4 11150 11136.1 11117.2
10994.3 10995.8 10994.3 10994.6 10995.6 10993 10991.3 10988.3 10986 10986.4 10987.2 10988.5 10995.9 11007.2 11018.7 11026.3 11033.4 11040.2 11038.4 11037.1 11035.6 11034.7 11034.7 11034.7 11035.1 11035.1 11033.9 11031.8 11030.8 11030.1 11029.7 11030.7 11038.3 11046.7 11054.2 11059.9 11063.1 11064.2 11070.8 11074.1 11072.5 11068.4 11063.4 11057.1 11053.2 11052.3 11057.9 11060.2 11062 11065.4 11069 11071.1 11072.9 11073.4 11074.8 11086.3 11089.3 11078.6 11078.6 11099.1 11125.8 11145 11150.9 11155 11155.3 11143 11120.4
10989 10990.1 10993.1 10994.6 10996.2 10996.8 10993.5 10989.8 10986.5 10988.2 10990.3 10991 10994.3 11000.2 11010.5 11021.2 11029.4 11035.3 11036.5 11036.9 11035.3 11035.9 11037.7 11038.8 11040 11040.6 11036.9 11031.9 11029.3 11029.5 11029.6 11031.1 11039 11046.2 11052.1 11056.7 11055.8 11051.9 11061.3 11066.3 11066.9 11064.8 11059.1 11055.7 11052 11051 11056.1 11060.1 11061.2 11067.3 11071.9 11075.9 11078.6 11080.3 11079.9 11083.1 11086.5 11081.5 11087 11108 11134.9 11152.4 11148.4 11150.2 11148.8 11138.9 11119.1
10989 10991 10993.6 10996.2 10999.3 10999.6 10995.1 10991.1 10988.9 10986.8 10987.3 10990.7 10995.4 10998.7 11008.5 11017.1 11025.4 11030.3 11031.1 11028 11031.1 11036.1 11040.7 11046 11050 11045.3 11040.6 11036.7 11033.2 11032.5 11033.1 11037.2 11043 11049 11053.4 11057.7 11061.3 11063 11062.7 11064.1 11064.4 11062.3 11059.3 11055.3 11053.4 11052.5 11054.1 11058.5 11065 11072.3 11077.4 11083.3 11088.7 11093.2 11094.5 11092.8 11096.4 11097.9 11108.3 11123.3 11139.5 11147.1 11141.8 11142.4 11139.5 11133.9 11121.5
