real_craters/C114-300m.grd
DSAA
238 238
-35.6125 35.6125
-35.6125 35.6125
10080.325074375 11551.78466478
[rows 90 to 119 of 238, columns 67 to 133 of 238]
11189.6 11190 11190.5 11191 11191.1 11191.3 11193 11192.4 11190.2 11188.5 11187 11187.7 11189.9 11195.6 11207.8 11216.4 11225 11233.2 11240.6 11249.6 11268.2 11285.6 11307.9 11307.6 11313.2 11310.8 11309.8 11301.9 11295.2 11287.4 11279.9 11266.7 11257.7 11244.1 11234.9 11225.7 11211.2 11202.9 11193.1 11185.6 11178.4 11167 11132.8 11127.4 11113.7 11087.1 11045.9 11047 11034 11017.8 11041.6 11064.7 11082.1 11097.8 11114 11131.1 11152.5 11178.8 11215.8 11261.8 11318.8 11373.6 11413.4 11460.9 11523 11522.7 11446.1
11191.5 11191.4 11191.5 11191 11190.7 11189.1 11187.6 11188.4 11189.1 11189.4 11190 11188.9 11188.5 11191.7 11202.3 11216.4 11230.9 11244.4 11256.4 11268.7 11288.7 11308 11324.9 11327.6 11326.9 11324.2 11317.5 11310.8 11299.2 11289.5 11275.3 11263.7 11251.5 11235.7 11223.3 11204.3 11190 11178.5 11167 11155.6 11144 11126.5 11100.6 11088 11065.9 11033 10966.1 10953.4 10938.4 10930.8 10943.5 10972.8 10998.3 11018.5 11036.3 11051.3 11066.8 11084 11106.1 11129.4 11158.2 11204.3 11260 11308.7 11345.3 11356.2 11342.1
11192.9 11192.7 11192.7 11191.8 11190.7 11188.1 11184.9 11186 11188.6 11190.3 11191.5 11190.7 11189.8 11190.1 11199.2 11219.7 11241.1 11261.3 11279.1 11295.5 11316.2 11334.9 11351.5 11350.7 11345.4 11339 11327.8 11317 11304.2 11291 11274.9 11260.1 11242.1 11226.8 11203.9 11185.2 11170.2 11155.1 11140 11122.8 11107.3 11085.3 11062.9 11044.8 11019.3 10981.9 10945.3 10879.8 10856.6 10824.6 10859.3 10896.6 10924.8 10944.9 10960.5 10971.2 10979.7 10986.2 10991.8 10995.2 11007 11045.2 11096.1 11138.6 11169.8 11195.2 11216.7
11195.5 11195 11194.7 11194.3 11193 11190.5 11187 11188.1 11190 11191.4 11192.7 11192.9 11192.9 11190.8 11201.9 11228.3 11256.5 11283.6 11308.1 11329.9 11350.8 11367.6 11380.7 11374.9 11366.1 11354.6 11339.1 11324.7 11309 11290.5 11273 11254.5 11233.7 11215.4 11190.3 11167.8 11149.4 11131.3 11109.5 11090.8 11071.6 11037.5 11017.3 10995 10971.8 10933.9 10901.3 10832.5 10807.7 10788.8 10812.5 10842.5 10864.2 10879 10889.3 10895 10897.6 10896.2 10887.1 10872.7 10864 10902.4 10950.4 10983.9 11013.9 11055.2 11102.6
11196.7 11196.4 11196.4 11196.7 11196.8 11196.6 11194.8 11194 11193.2 11192.6 11193.8 11196.1 11198.7 11196.7 11211.9 11242.6 11276.5 11310.2 11341.5 11368.5 11390.2 11404.5 11411.7 11400.9 11384.6 11368.8 11350.8 11331.9 11312.3 11290.5 11269.7 11245.4 11224 11197.3 11175.7 11150 11128.8 11107 11085 11059.5 11037.1 10994.3 10971.2 10944.9 10918.4 10890.3 10864 10799.1 10784.2 10789.2 10799.7 10807.2 10814.7 10820.8 10825.5 10826.6 10824.6 10820 10803.4 10778 10756.2 10797.8 10843.1 10871.1 10897.2 10947.2 11009.9
11198.3 11198 11198.5 11199.4 11201 11204.5 11206.5 11201.2 11197.6 11194.6 11196 11200 11204 11205.7 11226.5 11260.9 11299.4 11339.1 11377.3 11410.3 11433.7 11444.2 11444.4 11426.8 11403.2 11382.4 11360 11336 11312.8 11287.8 11263.5 11237.1 11212.4 11183.8 11159.2 11131.5 11106.8 11082 11056.8 11028.7 10986.9 10948.7 10918.5 10900.5 10871.5 10845.9 10824 10765.8 10766.4 10792.9 10793.3 10775.6 10770.8 10770.5 10773.2 10772.3 10769.2 10760.6 10744.8 10722.5 10711.4 10740.5 10781.1 10815.5 10838.7 10884.1 10942.9
11198.5 11198.1 11198.6 11200 11202.1 11205.7 11207.7 11204.5 11202.1 11201.1 11202.3 11205.6 11210.1 11215.9 11243.1 11280.7 11322.9 11366.9 11411.2 11454.7 11485.3 11481.1 11473.5 11443.3 11420.1 11392.5 11364.9 11337.5 11309.1 11281.6 11253.3 11225.8 11198.3 11168.2 11138.2 11110.9 11083.4 11053.2 11025.4 10997.2 10925.2 10897.9 10869.6 10849.3 10825.3 10800.9 10780.9 10726.1 10730.5 10740.7 10740.4 10727.7 10720.9 10719.1 10720 10721.1 10721.2 10718.2 10709.7 10695.2 10689.1 10712.3 10745.5 10784.8 10815.3 10851.7 10899.8
11198.8 11198.1 11198.4 11199.4 11200.9 11202.6 11203.7 11204.2 11204.8 11207.3 11209.2 11212.4 11219.5 11230.9 11260.8 11299.9 11344.1 11390.5 11436.6 11478.8 11506.7 11505.2 11496.2 11457.5 11430.8 11397.6 11365.6 11334.2 11303.1 11272.1 11241.3 11209.7 11179.8 11149.2 11118.2 11088.4 11057.7 11027.6 10996.1 10965.4 10916.6 10858.7 10837.8 10808.5 10780.9 10756.9 10735.5 10676 10674.2 10669.8 10668.3 10664.6 10663.6 10664.9 10668.5 10673.7 10678.1 10684.9 10690.5 10689.6 10686.6 10697.5 10714.6 10745.9 10785.9 10822 10860.1
11198.9 11197.6 11197.4 11197.6 11198.7 11200.6 11201.8 11202.6 11204.7 11207.8 11212.9 11218.2 11227.6 11245.6 11277.3 11317.1 11361.5 11408.1 11453.8 11492.5 11510.5 11520.8 11510.9 11466.9 11432.2 11397.4 11361.8 11326.7 11293.2 11258.3 11226.6 11194.2 11160.4 11128.7 11096.9 11064 11032.1 10999.3 10966.9 10933.3 10881.7 10830.1 10799.5 10767.7 10739.6 10715.7 10690.3 10626.4 10615.8 10600.3 10592.3 10597.9 10602.7 10608.7 10616.3 10625.1 10635.9 10652.9 10675.9 10704 10706.1 10684 10681.7 10705.9 10753.7 10790.3 10819.8
11198.9 11196.8 11195.5 11194.5 11195.2 11196.8 11198.5 11200.4 11203.8 11208.6 11217 11225.5 11237.1 11258.2 11291.1 11330.1 11373.2 11419 11465.1 11507.9 11540.9 11538 11519.1 11492.2 11425 11388.6 11350.9 11313.4 11275.8 11242.3 11209.2 11173.2 11139.6 11106.1 11071.8 11038.4 11004.8 10970 10935.9 10901.4 10840.8 10807.6 10761 10727.4 10699.9 10672.2 10643.3 10573.8 10558.5 10539.7 10530.6 10535.6 10543.8 10553.3 10563.9 10576.4 10590.9 10612.3 10643.2 10683.4 10681.5 10648 10636.8 10666.5 10723.7 10752.9 10777.7
11198.8 11195.7 11193.5 11191.7 11190.7 11191.1 11194 11198.1 11203.4 11211 11222.7 11236.4 11250.1 11269.9 11301.7 11338.7 11378.9 11421.8 11466.7 11512.2 11551.8 11543.9 11514.6 11482.2 11408.9 11369.8 11331.7 11295.1 11256.3 11221.3 11185.6 11151.7 11116.9 11081.5 11046.8 11012 10976.3 10941.1 10905.6 10869.7 10812.7 10777.9 10726.4 10691.4 10656.5 10627.2 10595.3 10563.3 10504.8 10486.7 10475.8 10480.3 10490 10502.1 10514.5 10527.7 10541.3 10558.4 10581.3 10609 10606.2 10583.4 10572.6 10608.2 10672.4 10702 10730.3
11198 11194.9 11192.2 11189.3 11187.1 11186 11190.9 11197 11204 11213.8 11227.5 11243.4 11260.4 11281.7 11310.3 11342.5 11377.1 11413.8 11452.8 11493.2 11532 11522.6 11487.8 11456.8 11382.3 11343.5 11307.5 11268.7 11231.6 11198.5 11160.7 11127.1 11091.5 11056 11020.4 10984.1 10948.1 10911.8 10875.1 10814.1 10778.1 10731.2 10696.1 10655 10617.5 10582.9 10548.8 10516.3 10455.8 10440.6 10427.8 10431.8 10441.7 10454.5 10467.5 10480 10490.8 10499.7 10503.7 10500 10511.4 10510.7 10506.7 10537.2 10592.8 10638.9 10681.5
11198.3 11194.9 11192 11188.8 11186.6 11186.5 11191.2 11197.9 11205.7 11217.1 11232.1 11248.1 11268.9 11291.7 11315.7 11341.2 11368.1 11395.6 11423.5 11449.6 11468.2 11462.2 11440.4 11416.4 11347.7 11309.8 11275.6 11239.3 11203.1 11168.8 11135.9 11100.4 11065.4 11029.4 10993.3 10956.9 10920.1 10883 10816 10779.4 10742.3 10701.9 10668 10621.1 10584.4 10543.8 10506.7 10470.8 10410.6 10399 10391 10391.1 10398.2 10412 10425.7 10437.9 10446.4 10448.1 10440.8 10426.3 10441.9 10454.3 10461.6 10475.8 10518.1 10578.7 10635.8
11198.2 11195.1 11192.2 11189.7 11188 11189.3 11194.2 11201.6 11210.6 11222.7 11238.7 11257.3 11280.9 11300.7 11318.3 11335.6 11353.1 11369.8 11384.6 11394.6 11394.2 11386.7 11379.2 11366.9 11306.4 11271.5 11238.4 11205.2 11173.9 11138.2 11107.3 11072.7 11037 11001 10965.4 10928.6 10891.4 10833.4 10780.4 10742.8 10700.9 10669.5 10636 10589.8 10544.5 10510.1 10469.4 10430.3 10369.1 10357.6 10347 10347.4 10358.1 10373.8 10389.2 10403 10411.8 10413.7 10406.6 10398.2 10407 10417.5 10428 10428.1 10465.9 10532.9 10598.9
11199.2 11196.2 11193.8 11191.7 11189.9 11191.7 11198.3 11206.8 11217.2 11229.9 11246 11267.5 11295.3 11307.6 11317.2 11326.2 11334.7 11341.1 11344.3 11341.2 11329.7 11319.3 11318 11315.5 11260.2 11231.6 11199.3 11169.4 11139.8 11106.2 11077.8 11043 11007.6 10969.4 10936.4 10899.6 10843.2 10776.3 10743.8 10705.4 10672.1 10633.7 10595.8 10557.8 10516 10479.8 10438.2 10400.2 10334.5 10321.1 10309.5 10309.9 10323.6 10341.4 10359.4 10376.5 10389.6 10397 10396.4 10393.4 10395.8 10396.4 10393.1 10397.5 10438.8 10506.5 10576.6
11201.1 11198.5 11196.7 11195.5 11195.3 11197.7 11203.7 11212 11222.3 11234.5 11250.6 11274.2 11302.5 11307.9 11311.6 11313.8 11314.2 11312.4 11306.9 11295.5 11277 11259 11264.7 11265.2 11215.3 11193 11161.8 11135.3 11105.5 11077.1 11045.9 11012 10978.9 10943.6 10907.7 10854 10785.7 10747.5 10711.1 10670 10640 10601.4 10563.3 10525.2 10488.5 10451.4 10411.1 10372.9 10305.9 10294.4 10283.1 10284.5 10297.4 10316 10337.8 10359.2 10379.1 10395.2 10403.8 10405.6 10403.3 10394.8 10383.9 10386.4 10431 10497 10564
11201.9 11200 11199.4 11199.9 11202.1 11204.8 11208.9 11216.2 11225.9 11236.6 11250.1 11270.6 11293.1 11301.1 11302 11299.4 11293.7 11285.4 11273.5 11258.5 11239.3 11225.8 11223.8 11224.2 11177.2 11152.1 11128.6 11100.2 11072.1 11045.6 11013.8 10980.9 10944.3 10914.7 10864.7 10798.8 10761.2 10722 10682.7 10644.2 10610.8 10571.7 10535.2 10497.1 10459.9 10422.7 10387.6 10349.8 10284.6 10271.2 10261.5 10264.7 10275.5 10294.3 10318.1 10344.5 10372.3 10400.2 10425.1 10433.6 10425.8 10412.4 10396.1 10396.3 10438.7 10501.2 10562.3
11202.4 11201.4 11200.9 11202.2 11205.7 11208.4 11212.3 11218.6 11227.1 11237 11249.5 11269.1 11288.5 11292.9 11290.6 11284.4 11273.6 11260.6 11244.3 11226.6 11208.3 11198.6 11187.7 11185.4 11185.5 11115 11094.7 11066.8 11041.9 11013.3 10982.7 10948.4 10920.1 10886.5 10814.5 10778 10741.1 10699.6 10661.8 10621.9 10583.5 10547.6 10509.5 10473.4 10436 10400.3 10367.5 10329 10268.4 10252 10241.6 10242.8 10253.6 10273.7 10299.8 10330.4 10365.2 10403.5 10441.2 10456.8 10454.1 10446.9 10430.5 10422.1 10458.9 10513.9 10570.7
11203.3 11202.4 11202 11202.5 11204.5 11208.7 11214 11220 11227.7 11237.7 11249.8 11268.2 11283 11285.2 11280 11269.5 11255.2 11237.4 11217.4 11196.3 11174.8 11159.1 11147.3 11145.4 11144.8 11078.6 11056.7 11035.3 11007.9 10983.1 10953.7 10924.5 10892.9 10838.2 10803.8 10768.7 10723.5 10686.8 10649.8 10603.6 10566 10529.2 10491.3 10457.3 10419.8 10387 10350.2 10310.8 10276.3 10232.4 10222 10217.9 10230.8 10252.8 10281.2 10314.6 10353.2 10397.6 10441.7 10466 10477.3 10485.1 10472.7 10462.5 10488.8 10532.2 10583.7
11205.2 11204.3 11203.7 11203 11203 11209.1 11216.2 11223.9 11231.4 11240.2 11251.7 11269.6 11280.6 11279.1 11270.3 11256.1 11238.1 11216.9 11193.2 11167.9 11140.8 11116.3 11104.6 11106.4 11108.4 11045.4 11026.2 11004.8 10978.4 10954.8 10927.1 10897.4 10853.2 10820.6 10787.3 10748.9 10714 10678.7 10642.9 10588.7 10551.6 10513.5 10475.6 10440.2 10405.5 10370.1 10333.2 10296.3 10264 10216.5 10205.1 10198.5 10210.3 10232.7 10261 10293.9 10333 10379.1 10426.8 10460 10486.6 10509.4 10503.8 10498.4 10521.2 10558.3 10599.5
11207.1 11207 11207.4 11207 11206.9 11212.6 11219.3 11227.2 11235.5 11243.6 11256.5 11275.3 11281.2 11275.2 11262.2 11245.1 11223.2 11198.6 11172 11143.3 11112.3 11083.6 11069.3 11072.1 11075.9 11017 10997.9 10976.6 10958.2 10931.9 10902.5 10873.5 10835.8 10804.4 10768.6 10735.4 10701.6 10667.3 10613.5 10577.4 10538.9 10502 10461.9 10425.7 10390.8 10355.3 10319 10284.9 10252.1 10205.3 10193 10185.9 10194.1 10215.1 10240.3 10268.4 10301.5 10343.9 10399.5 10434.9 10478.2 10520.8 10534.8 10539 10554 10580.7 10615.8
11210.5 11211 11212.5 11215.6 11217.9 11219.4 11223.1 11227.9 11235.9 11246.3 11259.9 11280.5 11282.2 11272.5 11255.6 11234.4 11210.1 11182.9 11154.4 11124.3 11092.4 11062 11044.5 11047.1 11050.7 10992.5 10971.8 10950.2 10932.1 10905.8 10878.5 10847.7 10815.4 10784.8 10753.4 10721.2 10684.5 10650.8 10601 10565.6 10525.3 10489.4 10453.9 10419.3 10380.9 10346.7 10310.8 10276.4 10245.4 10198.1 10188 10180.3 10184.8 10201.9 10220.9 10240.4 10261.5 10286.3 10320.9 10381.7 10446.4 10518.8 10575.6 10580.9 10574.3 10591.8 10622.8
11214.3 11215.1 11217.1 11220.1 11224 11225.4 11228.6 11233.2 11240.9 11251.1 11265.3 11285.6 11284.6 11270.6 11250.1 11225.6 11198.2 11169.5 11139.9 11109.9 11080.4 11053.5 11035.4 11031.7 11031.6 10971.8 10949.2 10926.8 10908.5 10881.8 10854.8 10823.6 10795.9 10766 10735.4 10702.6 10670.5 10626.1 10592.5 10557.6 10525.4 10479.1 10444.7 10405.8 10372.6 10339.6 10304.2 10273.3 10244.1 10197.3 10190 10184.4 10185.4 10196.7 10206.5 10215 10222.7 10232.3 10259.3 10318.6 10386.8 10464.2 10547.7 10563.9 10564.9 10589 10618.8
11218.8 11219.7 11220.6 11221 11224.8 11230.8 11235.5 11240.5 11248.7 11259.2 11275.8 11295.2 11287.9 11269.6 11244.6 11217.8 11188.6 11158.3 11128.2 11099.1 11072.6 11051 11033.4 11021.6 11015.7 10954.4 10929.7 10904.3 10884.2 10858.5 10833.8 10800.3 10773.8 10744.3 10713.2 10682.3 10652.6 10620.7 10587.3 10546.4 10515.3 10475.1 10442.1 10398.5 10366.6 10333.1 10302.5 10272.2 10245.3 10201.6 10198.1 10198.8 10200.9 10201.1 10199.4 10197.2 10194.2 10192.7 10212.4 10261 10314.4 10373.9 10441.2 10492.5 10524.6 10564.8 10603.2
11224.2 11225.3 11226.1 11226.8 11231.8 11239 11245.1 11250.2 11258.2 11269.7 11289.5 11305.9 11290.2 11267.3 11239.7 11210.4 11179.7 11148.4 11117.7 11089.8 11064 11046 11031.9 11010.6 10998.8 10993.2 10912.4 10887.3 10864.2 10838 10810.2 10779.6 10753.6 10724.5 10694.7 10664.3 10634.9 10604.7 10570.5 10538.7 10501.8 10469.9 10437.9 10400.3 10369.5 10331.6 10302.7 10272.2 10248 10204 10204.4 10212.7 10222.9 10206.6 10195.3 10186.6 10178.1 10170.6 10183.5 10217.9 10253 10296.9 10357.6 10420.9 10476.3 10530.1 10577.4
11230.2 11232.2 11234.3 11236.3 11242.7 11250.5 11257.8 11263.8 11268 11276.1 11293.1 11302.8 11287.6 11261.4 11234.3 11203.9 11171.9 11138.5 11106.6 11077.3 11050.2 11030.3 11012.2 10989.6 10977.7 10969.6 10891.7 10866.4 10843 10815.9 10789.7 10764.7 10736.7 10708.2 10679 10650.4 10620.3 10589.8 10560.3 10530.4 10496.7 10465.5 10429.5 10399.2 10370.7 10336 10308 10273.7 10252.4 10202.9 10203.4 10207.3 10206.8 10200.2 10190.1 10182.1 10175 10168.4 10176.1 10196.2 10217.1 10250.3 10303.6 10368.8 10433.4 10494.9 10551.1
11236.8 11240.2 11244.8 11250.5 11256.6 11263.7 11270.7 11275.4 11276.8 11279.3 11291 11296.3 11281.7 11256.1 11227.8 11196.1 11162.1 11127.3 11093.7 11061.9 11031.9 11007.1 10979.9 10958.6 10950.4 10944.2 10871.2 10847.7 10821.8 10795.5 10774.1 10750.1 10723.2 10693.6 10665.2 10636.2 10606.8 10579.2 10549.8 10519.6 10489.4 10459.3 10426.7 10400 10366.1 10338.1 10310.7 10280.5 10257.6 10231.4 10197.8 10196.2 10197.4 10190 10182.9 10181.7 10182 10183.5 10184.5 10191.8 10206.4 10232 10275 10333.3 10400 10464.1 10518.9
11243 11247.3 11253.9 11263 11269.4 11276.9 11283.7 11287.3 11287.3 11285.4 11291 11290.7 11276.5 11250.5 11221.1 11188.2 11153.1 11115.9 11080.3 11045.5 11011.4 10982.6 10949.6 10927.7 10922.8 10921.3 10851 10828.2 10803.1 10778.8 10755.6 10738.1 10710.2 10683.5 10656.1 10628.2 10598.3 10568.7 10539.5 10511.2 10481.8 10452.6 10425.8 10397.6 10367.5 10340 10309.3 10284.5 10259.5 10233.1 10193.9 10185.5 10172.3 10173.8 10177 10182.4 10189.4 10199.4 10193.4 10191.7 10200.3 10217.2 10251 10308.1 10374.5 10437.1 10496.5
11247.7 11251.9 11258.4 11267.2 11277.6 11288.9 11299.6 11303.2 11302.2 11299.8 11297.3 11290.1 11272.9 11245.6 11214.4 11180.5 11143.9 11106 11068.4 11031.1 10994.2 10962 10926.3 10902.7 10897.2 10898 10833.8 10810.8 10787.4 10763.8 10753.4 10726.7 10701.6 10675.9 10649.6 10619.8 10589.3 10561.1 10533 10504.3 10475.5 10449.7 10421.9 10394.1 10366.7 10339.7 10312.5 10286.3 10261.7 10233.7 10191.7 10181.4 10168.3 10170.7 10174.9 10181.4 10187.2 10192.6 10190.3 10188.6 10190.9 10203.9 10236 10289.4 10352 10418.2 10478
11250.8 11254.1 11260.8 11269.9 11282 11296.6 11312.3 11317.6 11316.6 11315.6 11305.4 11294.2 11274.8 11245.7 11213.3 11176.9 11139.3 11100 11060.2 11020.6 10981.7 10947.8 10912.5 10888.1 10877.9 10877.6 10817.1 10795.9 10773 10750.3 10743.6 10719.6 10695.6 10670 10644.5 10614.4 10587.4 10560 10529.9 10500.7 10473.5 10445.3 10418.8 10393 10365.9 10339.6 10313.5 10287.9 10262.2 10237.3 10194.9 10188.6 10184.3 10183.6 10178.7 10179.4 10179.3 10179.1 10180.3 10184.5 10193.3 10204.8 10233 10277.5 10338.3 10401.3 10467.1
