real_craters/C114-500m.grd
DSAA
143 143
-35.6125 35.6125
-35.6125 35.6125
10085.932364471 11544.07167291
[rows 30 to 59 of 143, columns 67 to 133 of 143]
11237.4 11233.8 11233.2 11233.5 11235.8 11237.5 11239.7 11240.3 11241.6 11242.4 11241.9 11240.2 11237.8 11233.7 11226.7 11225.3 11229.3 11228.9 11228.4 11228.1 11227.5 11227.2 11227 11225.5 11224.6 11224.1 11223.4 11222.1 11221.1 11221.3 11223.9 11229.9 11239.6 11259.9 11261.7 11242.2 11224.4 11220.9 11222.2 11224 11223.5 11219 11218.2 11217.8 11213.2 11211 11214.4 11222.4 11231.1 11238.8 11244.3 11238.8 11238.4 11236.8 11233.3 11229.7 11229.5 11229.6 11229.2 11229.1 11230.4 11231.9 11233.2 11234.1 11236.1 11237.6 11236.3
11246.4 11239.6 11238.2 11238.2 11239.5 11240.9 11242.6 11245.3 11245.2 11245.1 11243.6 11239.5 11233.7 11234.3 11240.2 11239.6 11236.2 11233.3 11231.8 11230.9 11230.4 11229.8 11228.7 11230.1 11229.1 11229.4 11230.1 11232.2 11230.7 11224 11228.9 11244.1 11255.2 11266.8 11263.6 11246.1 11227.8 11222.1 11224.6 11225.6 11223.9 11217.5 11215.1 11213.1 11210.1 11214 11218.5 11225.1 11232.3 11237.4 11238.7 11232.4 11231.1 11230.2 11227.8 11226.4 11227.9 11230.8 11231.8 11230.7 11233.8 11235.3 11236 11237.3 11238.2 11237.7 11236.5
11241 11239.1 11240.3 11241.2 11242.9 11245.5 11247.1 11250.5 11251.4 11250.3 11248.5 11243.7 11233.2 11235.7 11244 11243.6 11238.7 11237.4 11236.7 11236.3 11235.4 11234.2 11234.6 11235.5 11235.3 11235 11235.9 11237.4 11237.4 11237 11247.3 11269.8 11279 11271.7 11263.9 11250.9 11235.7 11230.7 11232.2 11233.1 11232.1 11228 11220.8 11217.5 11215.8 11221.1 11225.5 11230.5 11236.7 11240.4 11238.5 11237.2 11232.1 11227.2 11224.8 11223.9 11228.5 11233.9 11238.8 11241.4 11239.9 11238.7 11238.2 11237.9 11236.7 11236.3 11236.1
11235.3 11236.6 11241.7 11245.1 11247.5 11249.7 11251.5 11252.5 11253.9 11256 11256.8 11257.3 11254.3 11247.8 11239.4 11238.4 11239.3 11240.1 11237.6 11237.4 11241.5 11241.5 11241.4 11240.9 11240.9 11241.2 11242 11243.8 11245.3 11248.8 11260.2 11284.5 11291.1 11285.6 11271.6 11258 11248.3 11245.7 11243.8 11244.1 11243.1 11239.5 11231.7 11227.1 11229.2 11231 11232.6 11237 11242.8 11249.1 11251.5 11250.4 11231.2 11223.9 11222.9 11226 11229.8 11236.7 11246.3 11250.5 11244.8 11240.8 11238.4 11237.7 11234.6 11234.8 11236.1
11226.1 11235.5 11243.6 11248.1 11250.3 11252 11254 11255.5 11256.7 11259.2 11262.5 11267.1 11267.1 11258.4 11254.2 11241.6 11239.8 11239.8 11240.8 11241.1 11243 11245.9 11245.8 11245.4 11245.2 11245.3 11244.9 11247.3 11250.4 11254.8 11257.6 11272.1 11283.5 11277.7 11273.6 11262.9 11254 11257.2 11252.9 11252.3 11252.1 11251.8 11242.6 11230.1 11226.1 11232.7 11233.7 11236.7 11246 11256.5 11264.9 11250.5 11222.1 11219.6 11220.8 11222.5 11227.7 11235.1 11243.3 11248 11243.9 11240.4 11237.2 11233.5 11234 11235.6 11237.3
11238.5 11244.4 11250.7 11254.2 11255.2 11255.8 11256.8 11257.7 11259.4 11262.2 11266 11269.3 11265.9 11251.3 11236.4 11240.3 11241.5 11244.5 11246.2 11250.2 11250.4 11249.7 11249.1 11247.7 11247.5 11247.6 11245.5 11245.3 11250.5 11256.6 11247.3 11260.4 11280.5 11287 11276.2 11265.4 11258.3 11255.3 11256.5 11256 11254.2 11246.7 11237 11228.9 11218.3 11228.1 11231.8 11236.3 11246.4 11256 11261.4 11232.4 11216.6 11218.3 11221.3 11224.7 11229 11232 11233 11236.5 11239.6 11239.2 11237.3 11235.5 11235.8 11238.4 11240.3
11258.6 11260.5 11260.7 11260 11259.7 11259 11259 11259.1 11260.8 11262 11264.3 11268.7 11265.4 11248.4 11241.6 11247.5 11249.6 11251.4 11252.6 11253.1 11253.8 11253.7 11255 11254.9 11254.3 11253.8 11251.5 11247.2 11252.5 11253.5 11251.6 11270 11280.9 11285.5 11274 11263.2 11258.2 11258.5 11258.5 11258.1 11256.8 11248.4 11241.7 11235.3 11227.3 11223.9 11231.4 11238.7 11245.4 11248.8 11242.8 11226.6 11223.2 11221.8 11223.6 11227.4 11230.5 11231.8 11232.5 11235.4 11238.4 11239.2 11239 11239 11241.8 11243.2 11244.4
11281.1 11275.8 11269.7 11265.8 11262.8 11261.1 11259.4 11259.1 11259.4 11259.1 11259.9 11261.7 11258.8 11245.3 11246.9 11253.4 11256.3 11257.8 11258.9 11258.9 11258.1 11259.4 11259.1 11258.4 11259 11260.5 11263.9 11268.8 11264 11262.1 11272.6 11278.7 11280.4 11275 11266.5 11255.9 11251.2 11257.5 11258.2 11257.2 11255.7 11248.2 11237.7 11238.4 11235.4 11232.3 11235.3 11242.7 11246 11246.5 11242.5 11232.7 11231.4 11226.9 11227 11228.9 11231.1 11235.1 11238.4 11239.5 11240.6 11241.4 11242 11244.4 11248.2 11248.1 11247.8
11285.7 11281.7 11273.2 11267.9 11264.7 11262.4 11260.4 11258.5 11256.9 11256.5 11252.9 11248.5 11246.7 11246.5 11241.3 11257.9 11264.3 11265.6 11266.3 11263.9 11262.4 11261.9 11261.5 11263.8 11264.6 11266.8 11268.9 11272.7 11279.2 11283 11292.1 11293.4 11284.1 11273 11259.4 11248.3 11245.6 11249.3 11253 11254.5 11251.3 11246.7 11242.2 11241.9 11241.6 11238.5 11238.8 11243.1 11245.7 11245.3 11242.6 11239.5 11232.3 11229.4 11231.1 11234 11237 11240.3 11243 11243.7 11243.9 11244.4 11245.2 11248.2 11252 11251.2 11250.5
11276.8 11273.3 11270 11266.7 11264.2 11261.6 11259.5 11256.6 11254 11250.5 11246.5 11243.1 11246.1 11254.5 11280.3 11277.8 11276.5 11274 11272.1 11268.5 11269.4 11268.5 11269.1 11268.7 11269.3 11270.7 11275 11279.6 11282.2 11286.6 11284.1 11280.9 11273.8 11263.8 11251.5 11240.5 11239.7 11246 11251.4 11253.5 11254.9 11248.9 11244.5 11240.2 11241.6 11241.8 11243.1 11245.7 11250.3 11252.8 11249.7 11247.5 11236.6 11231.9 11236.3 11241 11245.6 11246.7 11246.3 11247 11247.3 11247.6 11249.3 11254 11254.6 11252.4 11251.2
11274.1 11271.2 11269 11267 11264.6 11262.2 11259.4 11256.7 11254.6 11251.8 11248.1 11243.4 11254.3 11271.9 11296 11292.1 11284 11281.3 11277.8 11275.9 11272.6 11271.8 11270.9 11270.2 11269.7 11269.6 11268.3 11274 11279.4 11278.8 11277.7 11270.2 11253.1 11248.6 11245 11240.9 11242.3 11250.5 11254.1 11250.3 11249.2 11246.6 11241.5 11241 11247.7 11251.6 11250.6 11255.6 11258.6 11260 11255 11246.3 11238.7 11238.7 11242.9 11247.8 11252 11252.6 11251.3 11250.7 11250.5 11250.3 11248.6 11247.5 11249.7 11250.5 11250.8
11277.9 11273.6 11271.1 11270 11267.8 11264.9 11262.9 11260 11257.7 11255.6 11255.6 11258.3 11269.8 11288.6 11292.5 11292.4 11288.7 11284.3 11279.3 11276.1 11273.3 11271.8 11270.7 11269.2 11269 11268.1 11266 11269.5 11280.6 11274.7 11261.6 11254.3 11255.7 11249.5 11244.4 11238.7 11243 11249.7 11251.8 11245.1 11238.4 11246 11251.9 11256.4 11258.7 11262.1 11256.7 11254.4 11250.5 11240.6 11242.6 11244.4 11245.6 11246 11249 11254 11259.9 11258.4 11255.3 11253.8 11252.9 11252.7 11254.7 11248.3 11246.6 11248.6 11250.2
11284.1 11278.9 11278.6 11275.8 11273.2 11269.8 11266 11262.3 11259.5 11259.6 11263.4 11274.5 11278.4 11287.5 11290.8 11288.6 11284.5 11279.8 11275 11273 11270.8 11269.3 11268.3 11268.7 11268.1 11268.2 11268.5 11259.4 11252.1 11250.2 11241.4 11245.5 11255.6 11251.2 11247 11247.6 11246.8 11248.5 11247.8 11246.3 11244 11252.3 11261.9 11266.7 11265.2 11265.3 11258.7 11246.9 11236.1 11232.9 11237.4 11242 11244.7 11248.1 11253.4 11258.9 11262.4 11261.7 11258 11256.2 11254.2 11252.5 11250.1 11245.2 11246.1 11248.3 11250.6
11295.4 11290.3 11291.8 11284.8 11281 11276.5 11271.8 11265.7 11261.5 11259.8 11261.4 11267 11271.7 11276.1 11278.8 11280.7 11278.9 11277.1 11275.4 11271.5 11270.5 11268.5 11267.3 11266.3 11266.2 11266 11262.5 11246 11226.3 11231.7 11242.2 11258.8 11249.6 11249.6 11246.3 11247.6 11248.6 11251.8 11253.6 11257 11258.1 11260.1 11265.7 11265.2 11263.9 11263.3 11247.6 11243.8 11241.9 11241.3 11242.2 11243.4 11244.3 11250.7 11256.3 11261.9 11268.2 11269.8 11263.3 11258.1 11254.4 11251 11248.5 11245.8 11247 11249.8 11252.7
11306.8 11307.9 11307.9 11305.8 11303.6 11299.1 11292 11282.1 11271.3 11262.5 11254.4 11252.9 11257.1 11262.5 11267.6 11269.8 11271.8 11273.4 11272.9 11271.8 11266.9 11265.5 11264.2 11262.8 11262.1 11262.1 11258.1 11241.8 11228 11236 11250.8 11255.6 11256.9 11250.4 11245.4 11241.6 11250.8 11258.5 11266.1 11264.8 11263.3 11262.5 11265.4 11264.1 11259.4 11254.4 11245.3 11246.7 11253.9 11253 11248.2 11248 11248.5 11254.4 11258.4 11262.5 11265.3 11264.1 11262.9 11258.9 11254.6 11250.1 11246 11246.3 11248.9 11252.6 11256.2
11318 11318.7 11322.6 11327.2 11327.4 11322.9 11313.4 11300.3 11283.8 11266.3 11250.9 11244.6 11246.7 11256.5 11259.9 11261.7 11263.7 11267.3 11267 11267.9 11266.9 11265.2 11262.1 11258.9 11255.3 11253.6 11253.6 11241.8 11240.4 11248.1 11260.9 11264.7 11249.6 11252.9 11253.5 11253.4 11257.1 11261.9 11266.4 11260.5 11257.5 11258.9 11261.1 11263 11257.1 11251.6 11247.4 11250.6 11253 11247.3 11250.3 11253.3 11257.7 11260 11259.2 11263.3 11266.1 11266 11265.2 11261 11256.5 11251.9 11247.7 11247.4 11252.6 11257.1 11261.1
11332.9 11333.6 11340.4 11350.2 11349.4 11343 11331.8 11316.9 11295.9 11271.6 11249.1 11239 11240.8 11243.7 11248 11255.7 11261.3 11265.1 11267 11268.3 11266.1 11264.1 11261.2 11256.1 11249.2 11237.8 11232.5 11237.6 11241.1 11255.7 11266.1 11266.2 11260.8 11260.2 11264.6 11266.1 11263.4 11262.1 11258.9 11254.9 11253.3 11253.6 11253.1 11255.3 11251.2 11250.2 11252.8 11257 11253.2 11250.4 11252 11256.5 11261.5 11255.1 11257.2 11265.4 11271.4 11273.8 11270.8 11264.3 11259.4 11255.5 11253.7 11254.6 11259.6 11263.7 11267.6
11352.5 11356 11366.1 11377.5 11376 11368.2 11353.5 11332.6 11309 11282.3 11252.6 11237.2 11229.4 11225.7 11240.1 11253.6 11261.9 11265.5 11269.1 11269.9 11268.6 11265.6 11261.7 11256.1 11249 11239.4 11235.7 11240.9 11249.4 11259.5 11266.7 11264.3 11262.2 11266.2 11269.4 11269.7 11266 11262.1 11257.4 11253.5 11251.4 11249.5 11248.6 11249.5 11248.8 11252.2 11261.7 11258.2 11249 11247.9 11252.6 11256.9 11259.3 11256.3 11259.4 11269.4 11278.5 11282.5 11275.4 11267.8 11263.5 11259.9 11262.7 11268 11268.6 11270.4 11272.7
11363.2 11392.9 11411.8 11408.5 11402.9 11392.9 11379.9 11360.5 11331.1 11300.1 11262.5 11247.7 11235.2 11235 11247 11258.8 11269.6 11273.7 11274.7 11273.7 11271.8 11268 11263.6 11259 11254.5 11250.1 11247.2 11246.9 11252.3 11262.8 11271.5 11269.6 11270.5 11274.6 11271.2 11269.9 11267.7 11263.4 11258.9 11255.5 11251.2 11246.8 11244.8 11247.4 11246.4 11247.5 11245.8 11249.2 11247.9 11250.5 11254.7 11258.1 11258.9 11258.6 11263.8 11274.4 11286.8 11288.8 11275.7 11268.8 11267.9 11270.2 11276.8 11277.6 11275.4 11275.3 11276.8
11354.4 11403.4 11421.3 11426.3 11417.5 11405.4 11393.4 11382.2 11368.2 11342.7 11300.1 11292 11269.6 11257.9 11271.5 11278.7 11285.1 11286.6 11285.3 11274.3 11271 11267.7 11264.4 11261.1 11260.9 11259.1 11255.7 11252.7 11256.4 11263.1 11281.1 11300.2 11297.3 11289.6 11285.1 11275.9 11269.9 11264.9 11261 11258.9 11250.4 11244.3 11240.3 11247.4 11246.2 11244.8 11245 11252 11251.5 11255.9 11259.5 11262.6 11263.7 11264.6 11265.9 11275.3 11289 11285 11264.9 11267.9 11270.7 11275 11279.5 11280 11278.6 11278.6 11279.8
11360.5 11399.1 11427.2 11430.7 11419.3 11399.7 11396.3 11395.6 11396.7 11397.9 11398.5 11357.8 11339.2 11324.5 11312.2 11300.3 11293.8 11292.5 11284 11279.3 11274.4 11271 11266.4 11264.2 11265.1 11266.2 11260.5 11256.5 11263.8 11274.1 11292 11311.2 11312.5 11295.2 11286.3 11278.9 11270.9 11264.3 11258.7 11250.6 11246.7 11244 11243 11245.8 11246 11246 11248.5 11253.9 11253.4 11257.9 11265.4 11269 11270.2 11267.6 11266.3 11271.5 11274.9 11267.7 11266.1 11272.1 11273.2 11271.7 11273.3 11276.4 11278.2 11279.5 11281.3
11331.4 11377.8 11433.1 11426.7 11397.5 11376.3 11372.4 11385.8 11410.9 11431.3 11432.5 11402.8 11362 11359.2 11340.9 11319.2 11304.4 11292.2 11282.7 11276.3 11270.7 11267.9 11265 11263.6 11264.4 11263.8 11259.6 11260 11275.1 11293 11298.3 11298.5 11279.1 11281.7 11286.6 11276.7 11268.7 11261.5 11254.8 11244.1 11244.5 11246.6 11247 11247.9 11246.9 11247.9 11252.1 11255.6 11256.7 11268.3 11274.3 11278.2 11280.3 11277.8 11273 11272.6 11269.1 11277.9 11288.8 11282 11277.5 11275.8 11272.4 11274.7 11277.4 11279.5 11281.4
11272.8 11331.8 11448.6 11387 11336.3 11317.1 11323.3 11350.7 11404.1 11462.4 11484.1 11464.8 11428 11400.6 11363.9 11330.5 11301 11283 11283.7 11275.3 11271.1 11269.4 11267.8 11265.7 11262.6 11257.1 11259.6 11264 11285.2 11307.5 11290.9 11278.3 11270.2 11270.5 11269 11271.9 11266.8 11259 11251 11245.2 11246.3 11251.6 11254.8 11250.5 11246.5 11250.6 11256.6 11259.8 11261.3 11274.9 11280.2 11286.7 11294.1 11298.9 11288 11284.2 11281.8 11288.7 11296.1 11288.2 11279.8 11273 11273.2 11274.8 11277.8 11280 11282
11199.4 11195.2 11241.7 11225.7 11215.2 11218 11237.8 11278.5 11348.6 11467 11533.4 11524.2 11506.9 11440.3 11371.7 11320.9 11291.4 11286.3 11276.5 11271.6 11269.5 11269.5 11269.5 11269.5 11268.8 11268.1 11271.1 11275.6 11294.1 11301.5 11282.2 11266.2 11274.3 11280.6 11279.9 11275 11267.9 11258.8 11249.5 11245.7 11248.3 11252.3 11253.6 11254.5 11257 11258.1 11261.8 11267.3 11270.9 11270.5 11280 11293.3 11305.9 11315.1 11309 11299.3 11299.9 11298.1 11296.6 11289 11281.2 11275.6 11275.3 11277.2 11279 11280.7 11282.3
11103.2 11044.5 11017 11024.4 11062.3 11091.1 11118.5 11155.7 11209.2 11290.2 11375.8 11457 11507 11404.5 11336.3 11292.6 11278.1 11267.1 11260.3 11261.1 11264.1 11268 11272.1 11275.6 11277.9 11282.2 11293.6 11305.6 11311.6 11312.7 11308 11295.3 11298 11296.8 11291.7 11282.7 11272.7 11261.9 11252.7 11249.9 11251.8 11253.2 11252.2 11257.4 11262.2 11265.2 11266.4 11266.1 11266.8 11271.1 11283.2 11300.3 11313.7 11324.7 11323.7 11305.2 11294.6 11293.9 11289.9 11287.5 11283.2 11280.6 11280.7 11280.1 11280.6 11281.6 11282.3
10998.2 10910.5 10867.5 10867.6 10926.6 10963.4 10986.7 11003.2 11015.4 11033.9 11103.9 11179.4 11222.5 11244.9 11239.9 11241.3 11246.2 11238.9 11243.3 11250.8 11257.4 11266.5 11274.5 11280.8 11288.3 11293.8 11304.2 11317 11325.8 11333.6 11328.2 11312.5 11285 11282 11295.1 11288.8 11277.9 11266.6 11257.1 11257.3 11259 11257.1 11257.2 11261.7 11266.3 11271.2 11271.3 11269.6 11270 11281.1 11296.5 11306.4 11314.5 11322.7 11318.2 11300.6 11293 11291.6 11290.7 11287.4 11284.6 11284.7 11283.8 11282 11281.1 11281.2 11281.5
10921.8 10832.3 10792.8 10799.3 10833.3 10852.8 10862.7 10861.5 10840.3 10810.4 10873.6 10926.7 10991.1 11080.3 11138.3 11167.3 11190 11194.1 11212.2 11229.3 11245.9 11259 11273.6 11285 11295.4 11298.5 11301.3 11306.8 11314.3 11328.6 11334 11321.2 11296 11298.8 11305.4 11292.9 11284.7 11274.6 11263.9 11267.1 11269.1 11267.2 11266.6 11268.4 11271.6 11275 11275.3 11278 11262.8 11286.6 11306.1 11307.2 11308.7 11307.5 11299.1 11296.2 11295.5 11292.2 11289.4 11286.5 11283.5 11282.2 11283.3 11283.2 11282.6 11282.5 11282.3
10844.7 10766.1 10763.5 10794.5 10766.1 10762.5 10765 10757.7 10734.9 10706.4 10756.3 10816.2 10870.1 10963.3 11035.7 11090.1 11125.9 11161 11182.6 11210.9 11235.8 11257 11274.4 11289.2 11303.7 11303.3 11299.8 11303.6 11307.2 11333.3 11367.5 11342.5 11310.9 11294 11297.2 11293.8 11290.4 11286.2 11284.3 11280 11281.4 11279.5 11274.7 11274.5 11276.4 11281.2 11276.8 11260.3 11264 11287.2 11299 11301.6 11300.7 11296.1 11289.1 11292.4 11293.1 11291.9 11289.6 11289 11286.7 11286.6 11285.4 11283.9 11283 11282.3 11282.3
10770.5 10739.3 10681.8 10683.8 10676.4 10676.3 10682.7 10690.3 10692.3 10684.3 10709.7 10761.2 10822.7 10885.7 10952.4 11012.8 11064.4 11112.7 11156.9 11199.9 11233.1 11260.3 11280.3 11295 11303.4 11305.8 11306.4 11310.3 11321.9 11341.8 11363.7 11351.8 11324.9 11293.8 11296.7 11294.2 11292.8 11289.7 11290.1 11282.3 11281.2 11282.3 11278.6 11280.7 11281.8 11284 11287.7 11293.6 11300.7 11294.5 11292.9 11295.3 11294.2 11291.1 11288.2 11285.5 11287 11291.9 11299.1 11302 11294.3 11289.7 11285.8 11283.9 11282.8 11282.8 11282.4
10696.5 10655.3 10585.9 10561.6 10571.4 10584.1 10599.7 10625.1 10669.7 10707.2 10663.6 10698.4 10769.6 10820.7 10883.6 10943.5 11020.4 11090.6 11145.4 11195.6 11235.7 11267.7 11290.1 11302.2 11301.4 11305.1 11308.5 11313.1 11320.4 11338.3 11349.5 11353.1 11348.3 11337.9 11309.2 11299.7 11294.9 11288.4 11283 11282.7 11278.2 11277.6 11283.3 11287.3 11292.4 11297.2 11296.2 11303 11299.2 11298.5 11295.7 11292.8 11289.4 11287.2 11286.1 11282.9 11284.7 11288.6 11292.8 11292.9 11292.5 11284.4 11282.4 11282 11282.2 11282.6 11282.5
