real_craters/C114-500m.grd
DSAA
143 143
-35.6125 35.6125
-35.6125 35.6125
10085.932364471 11544.07167291
[rows 60 to 89 of 143, columns 0 to 66 of 143]
11126 11134.4 11146 11155.4 11160.1 11163.8 11168.3 11171.6 11175.7 11180.8 11175.9 11165.2 11151.2 11149.9 11151.9 11151.2 11148.3 11147.7 11155.4 11152.9 11158.5 11166 11174.4 11176.9 11173.6 11184.7 11181.3 11178.1 11178.2 11190.9 11201.1 11209.3 11211.3 11214 11218.4 11224.2 11223.5 11217.1 11210.6 11204.1 11199.5 11194.5 11191.1 11190.1 11195.2 11204 11220.4 11245.6 11274.9 11331.4 11398 11471.4 11544.1 11529.3 11473.7 11373.6 11309.8 11248.6 11188.7 11131 11071.3 11014.3 10930.5 10873.9 10814.4 10739.2 10681
11132.7 11138.9 11147.3 11155.8 11161 11165.6 11167.4 11169.4 11171.9 11175.8 11172.7 11159.5 11154.2 11154.8 11154 11152.2 11150.4 11146.2 11148.9 11153.2 11162 11174.1 11188.4 11193.1 11198.2 11207.6 11199.1 11199.6 11212.5 11214.6 11216.9 11207.7 11210.6 11216.2 11221.9 11229.2 11227.5 11218.4 11211.6 11205.8 11199.1 11193.5 11188.4 11185.4 11193.7 11206.3 11227.7 11255.3 11292.6 11335.8 11383.4 11433.6 11478.3 11464.4 11421 11324.3 11266.5 11207.2 11146.5 11089.1 11029.2 10968.9 10907.7 10816 10754.8 10693.4 10621.7
11134.6 11141.1 11147 11151.6 11158.4 11163 11163.8 11163.9 11163.3 11159.3 11157.7 11152.6 11153.2 11157.7 11156.1 11154.8 11155.6 11152.5 11147.4 11153.4 11162.3 11170.8 11175.5 11182.3 11184.5 11189.2 11203.1 11214.2 11221.6 11223.7 11190.2 11201.5 11208.5 11214.4 11219.4 11220.3 11218.5 11216.6 11211.5 11205.9 11200.6 11194.2 11190.3 11189.2 11199.3 11215.6 11238.5 11273.9 11306.2 11328.8 11350.3 11366 11364 11351.6 11340.5 11257.7 11207.3 11151.1 11094.8 11040.2 10981.2 10899.8 10815.5 10756.9 10693.3 10634.9 10570.6
11139.9 11144.4 11148.4 11151.8 11155.9 11158 11158.4 11158.1 11156.7 11153.1 11149.6 11149.7 11153.9 11155.9 11153.5 11153 11151.1 11152.2 11158.3 11160.6 11164.2 11167 11174.6 11176.6 11179.8 11184.8 11202.9 11226.8 11250 11235.6 11217.3 11209.4 11211.2 11215.2 11219 11220.2 11221.6 11217 11211.6 11205.8 11201.8 11198 11196 11198 11207.8 11224.3 11246.8 11287.5 11307.7 11311.6 11310.2 11300.6 11274.7 11254.6 11259.5 11190.6 11144.9 11093.5 11039.9 10989.5 10916 10856.9 10763.5 10699.5 10643.1 10579.2 10515.5
11145.5 11148.2 11151.1 11154 11154.3 11152.6 11152.5 11153.3 11153.5 11151.9 11148.2 11151.9 11155.2 11157.2 11153.4 11153.2 11153 11158.8 11170.5 11168.5 11167.4 11169.9 11172.6 11175.5 11176.1 11188.1 11206.5 11230.4 11245.1 11239 11227.3 11219.2 11215.7 11217.1 11219.4 11223 11225.5 11217.5 11211.2 11206.2 11202.6 11200.7 11202.2 11207.6 11214.3 11227.9 11246.3 11280.6 11294.6 11287.8 11272.2 11247.5 11217 11199.2 11193.4 11127.6 11088.8 11041.9 10993.6 10942 10849.7 10789.1 10723.2 10660.2 10594.4 10532.9 10471.5
11149 11150.7 11152.5 11154.5 11152.4 11148 11147.2 11149.5 11153 11156.3 11155.5 11160.2 11165.5 11165.5 11157 11158.6 11160.3 11161.2 11161.5 11169.1 11170.5 11167.5 11169.9 11181.3 11186.9 11202.7 11220.9 11244.6 11256 11250.6 11233 11224.1 11220.5 11219 11217.9 11218.7 11220.6 11213.1 11209.2 11206.5 11204.5 11203.1 11202.5 11207.2 11217.7 11229.5 11247 11276.1 11281.3 11265.7 11237.8 11202.4 11162.3 11131.2 11125.9 11066.2 11034.3 10991.9 10944.9 10881.5 10820.7 10765.7 10694.6 10636.4 10567.2 10503.5 10442.7
11152 11151.6 11151.2 11151.9 11147.9 11142 11142.6 11146.8 11152.8 11161.1 11170.1 11169.1 11171.6 11170.6 11164.3 11167.3 11172.7 11173.9 11174.8 11174.5 11176.6 11188 11194 11198.1 11217.3 11227.2 11237.8 11250.8 11247.6 11241.3 11231 11227.1 11222.4 11218.9 11217.2 11212.6 11204.3 11207 11208.2 11208.3 11207.8 11207.6 11208 11212.1 11222.7 11236.1 11253.8 11281.1 11273.4 11247.2 11209.5 11165 11115.2 11068.6 11067.5 11015.5 10983.6 10944.9 10899.6 10847.8 10796 10738.2 10682 10605.3 10543 10481.8 10418.4
11152.9 11150.2 11147.6 11142.8 11138.4 11138.1 11139.6 11144.2 11150.4 11158 11166.2 11168.4 11163.6 11169.1 11172 11174.9 11177.7 11175.9 11175 11173.1 11176 11182.6 11193 11199.5 11210.9 11222.4 11243.3 11246.8 11240.2 11236 11232.2 11228.8 11226 11222.6 11219.5 11214.9 11209.6 11211 11212.3 11213.2 11213.3 11215.1 11220.7 11224.2 11229.4 11240.8 11260 11286.5 11269.2 11231.7 11187.6 11138.3 11088.2 11043.7 11034 10980 10942.5 10907.2 10867.2 10814.8 10765 10711.8 10657.8 10590.1 10533.9 10464.3 10402.1
11146.2 11146.8 11146.1 11142.7 11139.1 11137.9 11138.2 11142.2 11146.8 11150.8 11154.8 11161.5 11163.6 11173.6 11177.6 11179.9 11179.9 11176.6 11175 11174.8 11178.1 11181.1 11187.2 11190 11191.4 11204.5 11224.6 11238.8 11227.4 11220.8 11229.7 11230.3 11229.8 11227.6 11223.7 11221.1 11222.4 11220.5 11218.4 11219.9 11221.3 11222.6 11223.4 11232.9 11241.6 11254.2 11274.9 11298.1 11264.5 11220.3 11170.2 11120.1 11074 11040.9 11015.2 11003.5 10907.7 10870.2 10827.4 10777.3 10729.5 10679 10627.7 10574.6 10518.9 10458.9 10399
11138 11143.7 11147.6 11148.9 11147.3 11143.9 11139.3 11142.6 11144.7 11145.2 11144 11148.8 11157.2 11165.2 11173.2 11178.7 11190.5 11184.2 11181.9 11185 11183.7 11183.8 11186.4 11187.5 11188.3 11201.3 11212.9 11213.4 11216.9 11230.2 11232.8 11233.2 11232 11231.1 11229.2 11226.5 11223.2 11222 11225.3 11228.1 11230.8 11234.5 11238.5 11250.8 11262.8 11270 11287.5 11296.8 11257.4 11208.9 11154.9 11101 11053.3 11018.1 10982.7 10967.1 10876.7 10836.8 10792.3 10749.1 10701.8 10652.9 10603.8 10554 10500.9 10449.2 10393.8
11133.7 11142.5 11151 11159.6 11166.5 11159.3 11151.6 11147.3 11145.3 11144.2 11142.9 11143.1 11153.6 11158.2 11163 11167 11167.5 11167.7 11176.1 11181.9 11192 11197.1 11197 11196.9 11199.1 11204 11214 11220.3 11204.1 11219.6 11233 11236.3 11237.3 11237.7 11236.7 11234.7 11231.6 11230.8 11235.7 11238.6 11241.3 11248.7 11262.5 11273 11283.5 11285.1 11288.5 11286.5 11248.3 11196.6 11138.7 11078.2 11021.9 10971.2 10931.4 10925.2 10844.3 10802.7 10762.8 10726.3 10681.6 10635.3 10585.5 10536.6 10488.4 10441.1 10393.8
11134.1 11143 11152.5 11164.5 11179.2 11165.7 11159 11149.4 11147.7 11147.5 11147.8 11149.2 11150.6 11151.5 11153.3 11156 11157.6 11160.3 11173.2 11187.2 11196 11208.6 11205.5 11207.4 11214.2 11219.4 11211.2 11211.2 11194.4 11220.6 11235.5 11240.3 11243 11243.7 11245.5 11246.9 11248.5 11250.2 11250.6 11248.8 11248.9 11255.7 11269.3 11290.2 11313.2 11309.9 11303.6 11284.7 11242.3 11186.4 11124.7 11059.6 10995.9 10937.3 10892.4 10886.7 10815.9 10777 10753.2 10711.1 10669 10625.1 10577.4 10529.8 10479.9 10434.4 10388.2
11137.4 11143.5 11150.4 11156.2 11153.5 11152.5 11143.7 11148.2 11150.7 11151.2 11151.2 11150.8 11146.8 11143.1 11147.8 11149.8 11153.7 11164.5 11174 11181.3 11186.8 11194.2 11201.7 11204.9 11215.4 11227.6 11226.5 11207.9 11223 11241.2 11240.7 11242.9 11246.3 11249.5 11252.2 11256.9 11264.3 11270.5 11264.4 11256.2 11251.8 11254 11268.8 11294.7 11322.4 11328.5 11323.6 11297 11247.2 11186.7 11119.3 11048.8 10979.5 10918.1 10872 10856.2 10791.5 10755.1 10738.7 10703.4 10664.3 10619.8 10571.9 10526.7 10478.4 10433.1 10388.8
11139.6 11143.3 11147.7 11149.9 11150.7 11152 11155.5 11156.8 11155.2 11153.7 11152 11152.3 11150.4 11148.4 11146 11149.4 11154.6 11162.5 11171.2 11176.2 11179 11185.3 11198.4 11209.6 11213 11216.2 11232 11226.7 11222.4 11230.6 11239.5 11244.6 11247.8 11251.5 11257 11263.7 11270.8 11279.8 11269.8 11260 11252.8 11245.9 11254.2 11284 11328.6 11362.7 11369.8 11320 11259.6 11191.6 11120.3 11045.1 10967.8 10899.6 10841.2 10827.6 10775.1 10759.9 10733.7 10699.9 10662.3 10623.1 10579.7 10536.7 10488.7 10442.2 10397.8
11140.1 11143.5 11146 11147.5 11147.9 11152.2 11159.7 11161.3 11158.9 11155.9 11153.4 11149.1 11156.1 11153.2 11149.2 11151.1 11156.2 11163.5 11172.7 11182.6 11186.9 11194.4 11204.8 11209.8 11214.7 11215.7 11234.5 11239.7 11238.2 11235 11238.8 11244.7 11251.1 11256 11260.9 11266.6 11271.5 11271.7 11269.3 11262.4 11255.4 11248.5 11247.6 11262.7 11324.3 11427.9 11386.9 11332.7 11266.6 11195.1 11118.3 11039 10961.3 10888.3 10829.2 10809.9 10760 10751.4 10726.1 10694.4 10660 10623 10583.9 10542.1 10499.4 10454.5 10410.3
11142.7 11144.5 11145.7 11146.9 11148.3 11153 11161.5 11163.8 11159.1 11157 11156.6 11155.7 11157.3 11155.8 11158.5 11158.1 11163.5 11170.9 11178.6 11188.4 11196.4 11205.4 11209.6 11228.9 11219 11225.7 11229.3 11232.3 11237.1 11236.4 11239.5 11243.7 11251.5 11258.7 11263.9 11268.8 11272.5 11273.4 11271.1 11265.6 11259.6 11255.8 11244 11244.2 11307.4 11398.7 11382.5 11337.5 11271.8 11196.8 11116.9 11037.2 10960 10887.6 10827.5 10807.3 10760.9 10752.7 10725.9 10696 10663.5 10628.3 10591.2 10551.4 10510.2 10466.7 10422.7
11145 11145.2 11145.6 11146.7 11149.5 11152.8 11154.4 11154.4 11154.8 11154.9 11155.2 11155 11158.2 11160.1 11163.6 11164.9 11171.3 11177.9 11183.3 11190.4 11193.9 11196.8 11198.8 11198.1 11208.7 11204.7 11200.7 11213.5 11228.5 11228.7 11235.9 11242.3 11250.2 11256.5 11262.7 11268.5 11273.2 11276.8 11275.1 11266.8 11258.9 11250.2 11235.9 11229.6 11282.5 11369.3 11392.3 11337.5 11268.7 11190.7 11113.4 11033.6 10960.4 10894.5 10844.1 10817.2 10810.8 10758.3 10733.5 10707.2 10677.7 10646.4 10611.4 10572.3 10531.9 10489.2 10445.2
11146.5 11145.5 11145.5 11145.1 11144.5 11144.2 11144.6 11146.8 11150 11151.6 11151.9 11151 11153.1 11158.6 11162.9 11168 11175 11183.1 11189.5 11188.2 11188.2 11191.4 11196.4 11201.1 11208 11209.4 11185.2 11190.2 11201.2 11222.3 11233.7 11242.1 11249.5 11255.7 11261.3 11267 11271.3 11277.1 11277.2 11263 11253.8 11248.7 11229.9 11224.9 11259.1 11328.3 11370.4 11323.6 11259.6 11189.5 11114.5 11041.1 10968.6 10905.9 10855.7 10828.8 10855.6 10769.9 10749.8 10725.3 10700.2 10670.8 10636.8 10601 10562.1 10521.4 10477
11147.6 11146.5 11145.4 11144.3 11141.8 11141.6 11143.3 11145 11147.4 11148.8 11150.4 11151.2 11153.5 11158.6 11163.5 11167.1 11175.5 11182.9 11186.2 11189.8 11189.7 11190.9 11194.7 11199.4 11201.9 11201.6 11192.8 11194.4 11220.4 11227 11234.3 11241.2 11246.8 11252.3 11257.4 11261.7 11264.6 11264.7 11256 11253.7 11244.4 11233.6 11223.7 11224.2 11243.5 11291.9 11322.2 11296.8 11242.9 11180 11113.8 11045.3 10979.7 10919.2 10868.4 10841.8 10867.1 10789.6 10772.3 10750.9 10727.1 10702.3 10671.9 10637.8 10597.8 10556.7 10513.6
11147.6 11146.1 11145 11144.3 11144.6 11146 11145.7 11145.4 11147.5 11148 11147.8 11149.1 11149.8 11159.7 11168.6 11171.2 11178.4 11183.7 11188.4 11193.1 11193.1 11192.6 11190.4 11194 11198 11197.7 11202.2 11211.4 11217.9 11228.6 11235.5 11241.8 11244.9 11249 11253.5 11256.9 11258.8 11259.6 11261.9 11247.4 11235.1 11225.2 11218 11216.1 11236.2 11274.2 11289.7 11271.3 11233.1 11179.3 11120.9 11058.8 10997.3 10940.5 10894.8 10870.5 10884.1 10815 10804.8 10787.4 10767 10742.3 10717.5 10684.9 10648.4 10608.5 10566.9
11147 11146.1 11145.3 11144.5 11144.6 11146.3 11146.7 11148.2 11148.6 11149.4 11150.8 11152.6 11151.7 11158.4 11164.9 11170.8 11180.1 11186.1 11192 11200.7 11201.2 11198 11192.7 11196.8 11206.2 11212.5 11212.9 11217.1 11224.9 11229.3 11233.3 11239.6 11243.4 11247.6 11252 11254.5 11255.1 11253.2 11245 11242.8 11234.6 11224.6 11221.3 11220.7 11233.7 11258.8 11269.6 11258 11226.9 11184.5 11133.3 11077.1 11018.1 10962.6 10916.3 10893 10885.3 10844 10844.8 10833.4 10816.6 10793.9 10766.4 10720.8 10686.9 10647.6 10605.7
11145.8 11145.2 11144.7 11144.2 11143.6 11142.6 11143.8 11146.8 11147.5 11148.8 11151.4 11153 11156 11160.1 11165.8 11172 11179.3 11186.8 11193.5 11195 11198.1 11201.5 11198.2 11201.6 11205.7 11202.3 11211.2 11224.5 11226.6 11231 11235.7 11240.8 11246 11249.3 11252 11254.2 11254.6 11251.9 11247 11248.4 11252.1 11246 11235.6 11234.4 11244.6 11264.7 11262.7 11247.4 11224.2 11189.1 11145.7 11096.2 11042.2 10985.2 10928.3 10891.1 10897.9 10885.9 10892.7 10887.4 10869.4 10847.9 10821.1 10791.6 10757.5 10720.4 10664.4
11144.2 11144 11143.8 11143.4 11142.9 11141.9 11142.8 11143.2 11144.8 11146.1 11148.2 11150.6 11155.3 11161.4 11167.4 11168.4 11176.8 11188.3 11197.2 11205.5 11210.7 11208.3 11206.9 11207.4 11208.5 11202.1 11218.8 11225.4 11229.5 11232.9 11236.8 11243.2 11245.4 11249.8 11252.4 11254.1 11254.4 11254.7 11255.6 11256.6 11255.5 11253.3 11248.8 11247.9 11258.5 11281.1 11266 11249.2 11226.7 11197.5 11161.8 11121.2 11075.9 11021.9 10956.2 10892.4 10927.2 10952.4 10949.8 10943.1 10925.5 10901.3 10872.5 10836.1 10801.6 10765.7 10733
11142.5 11143.1 11143.5 11144 11143.9 11144.5 11144.8 11144.7 11146.8 11149 11152.6 11155.9 11161.4 11165.3 11172.7 11171.8 11180.6 11192.1 11203.5 11210 11200.8 11195.6 11213.1 11210.7 11210.3 11214.8 11227.8 11217.6 11226 11233.8 11238.5 11241.3 11244.8 11249 11252.4 11255.1 11256.5 11257.9 11261.1 11263.3 11264.1 11257 11254.7 11252.7 11254.7 11272.2 11265 11252 11235.4 11215.1 11188.7 11160 11127.6 11088.2 11038.5 10984.9 11020 11050.4 11036.5 11023.2 11000.9 10967.8 10936.7 10911.9 10869.4 10835.4 10801.3
11141.2 11142.4 11143.6 11144.5 11145 11145 11144.5 11145.7 11148.6 11156.7 11161.7 11167.6 11169.4 11171 11179.5 11181.9 11188.8 11195.7 11200.7 11196.9 11192.6 11192 11197.5 11207.6 11214.3 11210.5 11208.6 11218 11229.1 11236 11241.4 11245 11246.5 11249 11252.7 11254.7 11256.5 11258.5 11257.6 11255.3 11256.6 11253.8 11248.9 11249.2 11253.9 11263.4 11263.5 11259.1 11250 11236.4 11221.1 11206.3 11191.8 11178.4 11166.8 11159.4 11173.7 11175.1 11139.8 11111.5 11080.3 11048.3 11016.2 10977.6 10945.7 10914.4 10878.3
11139.2 11141.5 11143.3 11145 11146.6 11148.3 11150.3 11149.1 11150.8 11157.3 11163.4 11170.8 11176.3 11174.8 11176.1 11183.2 11191.6 11197.7 11202.9 11197.3 11199.5 11205.1 11205.8 11207.8 11205.2 11203.9 11220.9 11234.3 11240.6 11244.4 11249.2 11251.4 11253.8 11255.7 11257.5 11258 11258.9 11258.7 11257.1 11254.4 11252 11247.7 11246.9 11251.4 11255.9 11265.3 11268.5 11267.3 11264.1 11258.6 11254.6 11253.2 11258 11271.6 11298.5 11339.5 11347.4 11306.1 11239.5 11192.4 11150.1 11113.3 11078.5 11046.4 11013.1 10991.5 10961
11138 11140.9 11143.7 11146.2 11148.6 11150.8 11152 11152.7 11154.7 11153.2 11162.4 11166.8 11175.9 11175.7 11177.4 11188.3 11192.2 11196.1 11200.3 11198.5 11205.7 11208.4 11217.5 11218.7 11212.1 11210.4 11228.7 11244 11247.9 11250.2 11251.6 11253.6 11253.5 11256.3 11258.2 11259.9 11260.8 11261.6 11262.3 11261.2 11244.9 11247.1 11252.1 11264 11272.5 11271.2 11274.3 11275.8 11277.2 11279.5 11284.3 11294.1 11312.6 11343.6 11392.1 11457.4 11467.2 11402 11322.1 11265.6 11224.6 11186.9 11155.1 11127.1 11102.9 11084 11063.5
11137.9 11141 11144.1 11147.1 11150.1 11152.7 11152.8 11154.8 11152.8 11158.5 11171 11178.8 11179.3 11181.3 11188.6 11182.3 11186 11193.9 11198 11194.6 11211.8 11263.4 11233.5 11228.8 11239.3 11229.5 11230.5 11244.9 11250.6 11252.6 11253.2 11253.6 11254.3 11257.7 11259.3 11260.4 11260.7 11262.3 11260.4 11247.7 11244.6 11252.9 11259.8 11267.4 11276.2 11275.6 11278.1 11282.6 11288.9 11296 11306.1 11322.6 11347 11382.6 11430.7 11482.2 11492.3 11441.6 11364.5 11309.1 11269.3 11233.6 11205.3 11181.8 11159.5 11143.7 11141.5
11138.1 11141.6 11144.4 11147.6 11151.3 11155.4 11160.3 11161.5 11165.3 11168.6 11176.1 11182.8 11186.5 11185.7 11186.3 11180.6 11186.1 11195.8 11204.2 11201.4 11199.3 11169.3 11183.6 11184.1 11217.4 11224.1 11228.4 11249 11251.2 11252.8 11253.9 11255.3 11257.8 11260.1 11262.3 11264.4 11263.3 11264.8 11264.9 11272 11266.6 11264.6 11267.3 11268.8 11270.6 11273.5 11280 11286.3 11293.5 11303 11316.4 11335.7 11359.2 11389.2 11424.4 11460.6 11474.3 11424 11372.7 11331.2 11295.8 11266.6 11242.8 11223.7 11217.7 11206.5 11191.3
11139.2 11142.1 11144.9 11148.1 11151.6 11156.1 11161.9 11164.2 11165.9 11169.6 11176 11183.6 11189.6 11192.1 11188 11186.3 11189 11195.9 11200.5 11202.3 11207.6 11216.8 11187.5 11196.1 11228.3 11231.1 11234.1 11246.6 11248.8 11252.8 11255.8 11258.7 11259.9 11262.8 11264.5 11264.8 11266 11268.4 11270 11269.2 11270.3 11274.3 11272.3 11269.2 11264.7 11270.3 11279.3 11288.1 11297.5 11308 11320.9 11336.7 11355.4 11375.2 11392.1 11396.2 11370.4 11376.5 11350.4 11326.1 11300.1 11277.3 11261 11250.9 11240.6 11234.3 11233.5
