real_craters/C114-1000m.grd
DSAA
42 42
-20.35 20.35
-20.35 20.35
8235.3493346045 9734.0892777813
9279.87 9270.78 9262.76 9253.76 9237.47 9219.49 9212.37 9196.84 9225.87 9187.74 9198.99 9224.41 9250.76 9259.73 9222.02 9219.95 9240.04 9254.28 9248.39 9231.38 9208.66 9233.55 9257.57 9277.47 9273.32 9271.54 9286.71 9313.08 9385.57 9142.13 9144.97 9372.94 9382.08 9263.25 9192.77 9150.91 9119.06 9087.74 9100.75 9097.15 9095.79 9050.44 
9285.41 9276.13 9265.37 9253.69 9235.73 9228.32 9211.7 9214.15 9264.94 9249.77 9237.01 9244.45 9257.37 9246.71 9230.41 9234.45 9244.86 9257.24 9256.16 9251.89 9254.42 9264.65 9275.87 9285.7 9274.9 9275.33 9275.62 9277.44 9288.92 9302.35 9403.64 9320 9240.79 9218.53 9177.55 9133.36 9104.45 9094.94 9095.32 9085.95 9068.18 9048.94 
9282.07 9287.26 9281.87 9260.92 9246.16 9245.36 9250.94 9315.69 9294.89 9262.73 9253.07 9252.29 9247.93 9231.89 9245.89 9248.45 9251.99 9256.21 9263.99 9280.51 9298.58 9303.7 9295.97 9281.63 9283.56 9290.07 9283.86 9283.5 9256.59 9218.11 9273.53 9222.26 9230.88 9201.23 9166.73 9124.87 9086.23 9056.06 9081.72 9080.15 9051.76 9039.22 
9265.54 9239.52 9230.96 9244.73 9266.68 9291.44 9334.34 9362.16 9329.36 9289.07 9268.76 9262.17 9257.76 9252.77 9256.51 9258.27 9261.37 9266.55 9279.91 9304.75 9329.84 9335.76 9322.69 9305.45 9311.21 9316.21 9303.2 9281.4 9269.3 9235.96 9233.73 9212.15 9187.62 9182.57 9142.17 9107.28 9073.4 9055.82 9100.41 9082.84 9057.57 9023.99 
9280.9 9268.92 9249.76 9236.18 9324.76 9403.58 9370.16 9368.92 9337.55 9309.38 9292.38 9275.28 9268.34 9280.15 9267.79 9270.07 9275.02 9282.5 9297.97 9324.55 9352.54 9364.24 9354.22 9343.82 9354.1 9346.79 9333.43 9312.49 9293.28 9233.5 9195.74 9185.93 9164.38 9132.49 9123.22 9098.38 9069.82 9046.35 9072.46 9087.79 9092.99 9080.28 
9274.3 9258.94 9236.13 9185.68 9025.38 9164.02 9331.64 9349.07 9323.18 9315.72 9301.74 9284.44 9284.81 9301.83 9286.73 9290.79 9297.64 9304.84 9319.89 9345.76 9370.7 9383.41 9387.6 9379.05 9378.97 9360.37 9321.93 9324.2 9313.69 9252.85 9190.26 9170.63 9159.4 9146.86 9127.74 9104.83 9075.77 9054.86 9059.45 9100.81 9128.36 9108.77 
9287.66 9276.55 9265.18 9256.29 9317.59 9369.3 9355.21 9357.74 9333.44 9320.29 9307.77 9286.72 9280.16 9310.7 9318.4 9319.12 9325.95 9333.95 9346.63 9377.22 9407.65 9432.97 9416.64 9402.82 9399.2 9368.73 9336.02 9349.54 9345.77 9309.48 9246.17 9210.13 9156.99 9152.96 9144.82 9116.44 9085.2 9062.34 9056.16 9116.52 9188.71 9197.43 
9299.73 9298.66 9285.43 9293.44 9309.39 9309.12 9325.58 9347.38 9342.17 9329.49 9306.26 9292.31 9292.53 9310.77 9331.8 9342.52 9358.25 9377.97 9396.65 9419.72 9437.48 9456.75 9430.1 9407.1 9384.54 9356.5 9333.18 9351.38 9369.39 9357.41 9335.34 9235.7 9161.25 9144.75 9155.64 9123.07 9092.83 9063.64 9044.91 9117.89 9198.97 9100.14 
9299.11 9306.83 9306.76 9301.4 9310.3 9308.09 9312.35 9339.2 9346.72 9336.98 9322.02 9295.26 9295.42 9319.77 9327.22 9365.62 9400.93 9427.15 9443.35 9466.57 9475.12 9443.16 9442.4 9422.26 9369.75 9346.95 9345.35 9370.97 9388.97 9381.03 9376.27 9284.2 9187.27 9143.56 9129.68 9117.74 9097.95 9078.4 9069.02 9112.14 9160.88 9093.33 
9325.64 9325.87 9327.2 9330.63 9332.17 9319.75 9328.58 9381.24 9381.94 9337.63 9305.3 9300.92 9321.13 9357.38 9365.18 9406.59 9452.59 9489.5 9502.02 9546.95 9551.85 9510.72 9497.77 9465.56 9408.54 9377.13 9378.01 9443.14 9411.65 9382.42 9364.23 9312.92 9225.72 9140.37 9125.4 9123.59 9115.53 9100.4 9093.37 9104.19 9123.23 9141.69 
9323.72 9333.21 9346.07 9357.8 9378.84 9376.37 9381.92 9417.43 9415.3 9352.2 9330.38 9335.8 9345.12 9363.35 9404.59 9450.46 9491.17 9557.24 9651.74 9660.15 9642.58 9645.92 9615.21 9543.37 9473.23 9395.68 9398.81 9457.53 9422.16 9367.58 9329.18 9369.2 9273.47 9142.48 9141.13 9146.22 9140.1 9123.7 9105.89 9105.84 9106.42 9104.11 
9333.3 9349.3 9368.82 9397.61 9407.93 9388.67 9374.61 9394.86 9406.85 9379.46 9379.35 9387.21 9386.23 9397.03 9422.4 9475.71 9524.09 9567.11 9613.17 9637.86 9650.95 9676.28 9646.79 9577.14 9540.81 9506.53 9433.14 9446.32 9416.46 9369.59 9375.98 9383.42 9329.45 9282.68 9228.49 9210.13 9184.33 9159.91 9132.48 9120.44 9108.87 9142.75 
9332.82 9351.24 9373.57 9395.28 9413.51 9399.78 9383.78 9388.02 9401.55 9383.21 9398.56 9411.9 9415.77 9457.59 9476.41 9543.25 9548.85 9527.06 9554.86 9567.23 9520.01 9531.94 9527.28 9485.83 9532.36 9607.91 9516.75 9455.16 9442.9 9377.62 9378.09 9387.43 9369.21 9354.14 9342.61 9277.31 9233.24 9199.9 9170.9 9155.41 9152.76 9223.54 
9333.38 9348.71 9369.54 9397.25 9403.2 9407.58 9413.89 9403.78 9384.47 9375.77 9399.22 9421.29 9434.94 9566.8 9707.15 9707.45 9503.78 9386 9326.01 9285.06 9217.85 9202.49 9193.69 9264.59 9380.31 9579.71 9662.5 9677.94 9505.83 9411.96 9384.54 9420.23 9418.4 9375.68 9346.59 9312.3 9276.53 9246.64 9228.69 9228.84 9219.34 9251.67 
9338.3 9347.64 9355.58 9387.41 9405.39 9403.35 9397.92 9408.04 9418.6 9390.19 9371.91 9389.9 9614.83 9646.82 9677.44 9477.97 9310.74 9151.03 9020.4 8941.66 8881.34 8894.52 8917.79 8984.2 9055.92 9114.69 9310.18 9460.08 9465.79 9477.1 9434.07 9395.5 9408.03 9391.41 9376.97 9335.72 9312.11 9290.76 9275.39 9258.13 9262.33 9317.51 
9343.84 9350.19 9354.4 9371.21 9399.56 9399.83 9409.36 9410.04 9418.23 9396.04 9377.85 9497.88 9643.89 9619.11 9495.65 9227.45 9026.63 8882.67 8712.53 8531.26 8561.76 8602.31 8640.45 8685.18 8748.56 8821.49 8964.11 9116.8 9351.62 9506.82 9516.49 9531.04 9426.12 9388.76 9385.24 9356.27 9338.64 9325.4 9313.15 9300.43 9310.16 9328.99 
9339.44 9350.37 9370.36 9390.79 9396 9392.96 9393.89 9428.93 9484.67 9467.72 9470.4 9612.15 9734.09 9518.52 9278.89 8975.9 8795.55 8663.43 8516.44 8377.65 8366.09 8373.07 8343.17 8435.95 8523.6 8613 8745.73 8921 9273.95 9514.45 9558.22 9557.55 9418.65 9384.58 9378.13 9371.13 9361.39 9349.6 9340.51 9327.8 9338.41 9333.47 
9333.1 9344.36 9364.46 9385.76 9385.58 9392.22 9421.92 9456.11 9482.57 9490.28 9513.76 9585.22 9479.09 9354.43 9140.52 8848.92 8633.88 8535.77 8431 8338.37 8292.82 8277.44 8275.12 8310.31 8376.59 8460.48 8578.76 8796.9 9190.25 9607.09 9597.89 9498.2 9402.43 9385.01 9373.77 9384.85 9369.02 9358.96 9356.11 9359.31 9347.13 9326.08 
9329.47 9334.24 9334.27 9349.61 9368.6 9389.32 9433.98 9460.72 9431.36 9440.23 9586.04 9592.33 9383.76 9203.31 9021.74 8795.84 8592.52 8473.74 8392.62 8330.69 8287.84 8253.25 8235.35 8251 8291.45 8340.87 8442.13 8671.83 8990.9 9362.84 9535.44 9588.99 9409.09 9415.46 9415.55 9374.04 9368.11 9363.24 9361.71 9363.59 9343.73 9318.01 
9334.03 9338.63 9335.04 9348.92 9360.12 9369.34 9420.84 9443.89 9384.04 9562.66 9621.25 9540.47 9255.44 9077.53 8908.57 8728.72 8537.99 8422.12 8363.41 8337.42 8306.9 8274.16 8263.35 8259.63 8250.24 8261.67 8384.66 8597.5 8815.61 9030.47 9359.96 9549.63 9457.71 9450.14 9441.07 9376.42 9368.7 9367.87 9362.68 9329.2 9343.12 9339.17 
9355.91 9360.97 9361.84 9370.15 9371.66 9382.67 9414.56 9430.3 9392.38 9550.95 9681.83 9549.11 9155.81 8985.07 8825.16 8641.73 8432.88 8370.3 8329.22 8287.79 8254.96 8275.86 8300.2 8300.39 8245.72 8236.15 8393.61 8565.04 8777.61 8960.24 9242.92 9515.59 9501.53 9425.92 9396.9 9372.89 9361.33 9363.84 9385.75 9368.21 9412.01 9414.28 
9369.9 9380.85 9398.16 9396.16 9399.65 9397.32 9424.36 9449.45 9415.19 9445.84 9675.59 9603.98 9161.7 8972.82 8793.15 8604.29 8414.52 8351 8309.55 8273.27 8249.31 8275.46 8311.05 8313 8254.53 8255.77 8365.54 8581.64 8780.83 8911.91 9174.99 9396.32 9443.9 9421.33 9418.45 9394.9 9354.01 9319.51 9332.28 9252.04 9457.98 9494.68 
9349.72 9378.87 9399.45 9411.15 9449.08 9481.79 9453.44 9444.28 9446.59 9471.65 9491.5 9537.43 9251.26 9031.34 8819.34 8598.02 8444.24 8371.6 8331.56 8295.48 8278.44 8273.02 8286.63 8289.51 8257.7 8288.56 8432.6 8632.44 8778.89 8924.3 9158.01 9364.04 9461.03 9431.33 9435.27 9465.08 9345.74 9214.24 9054.68 8841.43 9213.33 9455.67 
9361.6 9380.08 9371.47 9409.5 9451.19 9475.33 9459.34 9441.02 9453.46 9478.01 9518.04 9483.36 9323.45 9125.71 8903.01 8673.97 8479.23 8424.57 8382.98 8330.65 8273.13 8271.46 8273.04 8257.99 8281.47 8333.79 8480.55 8660.55 8791.36 9010.91 9206.23 9362.34 9401.8 9400.03 9427.08 9448.22 9357.31 9132.78 8920.42 8804.64 9013.57 9375.24 
9393.71 9412.22 9395.75 9420.95 9451.21 9458.47 9445.71 9429.85 9442.49 9486.26 9488.78 9478.49 9431.34 9240.08 9022.98 8798.8 8629.31 8544.49 8472.07 8395.39 8318.64 8302.71 8306.95 8312.44 8360.92 8446.94 8691.86 8839.84 8924.33 9174.35 9304.71 9402.47 9472.27 9404.83 9424.11 9447.17 9384.67 9147.63 8870.38 8986.87 9158.75 9431.55 
9420.99 9465.85 9452.11 9445.84 9458.38 9455.6 9430.42 9413.38 9405.75 9397.5 9397.38 9438.79 9438.27 9349.46 9161.92 8963.42 8812.34 8688.67 8590.43 8497.54 8402.59 8383.93 8413 8444.06 8478.26 8607.42 8873.54 8974.37 9142.51 9375.78 9424.17 9426.2 9404.48 9449.32 9441.23 9439.13 9412.03 9278.34 9173.07 9348.41 9427.28 9433.06 
9477.39 9513.59 9495.98 9453.69 9424.6 9416.36 9409.81 9394.59 9374.16 9353.14 9355.8 9438.98 9543.05 9452.13 9302.22 9142.26 8960.4 8835.52 8744.72 8653.76 8563.96 8539.51 8579.6 8607.81 8709.38 8887.55 9023.75 9109.89 9437.13 9555.79 9520.44 9457.84 9430.07 9422.24 9436.68 9472.63 9439.01 9385.89 9377.99 9354.3 9343.03 9345.75 
9497.07 9499.48 9474.67 9434.91 9399.37 9394.71 9398.68 9404.91 9399.46 9352.74 9346.38 9392.89 9457.69 9461.65 9414.05 9344.09 9227.2 9042.7 8964.11 8870.72 8775.78 8750.48 8818.83 8868.02 8957.77 9145.43 9202.44 9327.45 9710.31 9624.4 9532.67 9465.76 9417.86 9419.93 9425.11 9441.26 9437.6 9396.07 9357.93 9335.33 9329.67 9343.99 
9451.78 9421.32 9414.21 9406.99 9392.61 9391.36 9393.36 9402.55 9404.64 9382.15 9365.52 9387.85 9454.62 9493.08 9500.13 9521.82 9572.97 9386.85 9245.06 9122.89 9061.27 9051.09 9086.31 9129.78 9210.18 9261.82 9378.57 9603.26 9538.97 9535.36 9484.54 9442.73 9404.32 9404.96 9403.06 9409.27 9396.81 9379.42 9374.92 9337.75 9322.78 9323.12 
9393.99 9365.02 9368.51 9382.51 9385.56 9385.8 9381.28 9374.58 9364.64 9401.01 9387.08 9394.9 9441.04 9489.81 9527.68 9581.95 9610.86 9573.47 9438.52 9335.06 9294.04 9291.35 9304.8 9297.42 9318.74 9479.24 9462.67 9447.29 9447.98 9430.18 9420.83 9409.01 9390 9381.74 9387.46 9398.04 9381.73 9361.75 9344.62 9300.35 9307.32 9322.85 
9378.95 9354.11 9352.47 9372.37 9382.19 9375.93 9362.68 9347.09 9335.59 9354.66 9380.37 9403.67 9429.06 9456.74 9502.69 9552.23 9630.6 9682.77 9522.29 9440.18 9428.25 9425.32 9472.16 9489.2 9568.6 9558.35 9456.28 9380.71 9379.64 9388.38 9387.5 9383.5 9378.85 9382.39 9385.79 9393.01 9388.7 9357.7 9327.1 9302.3 9286.74 9288.99 
9347.99 9313.32 9336.85 9365.02 9392.92 9363.51 9350.66 9340.56 9345.23 9353.75 9410.48 9423.93 9437.6 9458.74 9468.15 9467.74 9437.82 9393.79 9458.75 9460.27 9482.43 9553.76 9519.89 9536.38 9497.07 9450.22 9410.31 9360.03 9357.36 9365.86 9368.85 9368.52 9369.17 9372.35 9401.69 9399.19 9385.05 9370.41 9329.36 9279.85 9270.41 9269.52 
9358.9 9345.83 9330.19 9309.56 9307.16 9330.8 9332.49 9331.65 9334.94 9357.43 9405.27 9428.29 9431.19 9437.4 9424.97 9409.66 9389.99 9391.66 9404.11 9424.58 9432.25 9399.15 9448.71 9474.64 9417.79 9392.89 9375.35 9364.46 9363.89 9358.55 9360.34 9363.1 9367.6 9380.44 9402.9 9396.66 9371.59 9357.9 9321.04 9279.92 9265.75 9260.64 
9376.92 9380.04 9341.87 9319.07 9309.14 9313.57 9314.04 9322.2 9340.76 9384.69 9413.19 9426.66 9414.13 9385.79 9388.53 9381.89 9368.75 9354.03 9358.76 9385.52 9402.48 9440.29 9428.62 9400.64 9425.04 9369.11 9359.96 9342.56 9348.12 9356.71 9360.83 9365.48 9369.95 9380.83 9405.74 9384.72 9344.4 9327.49 9302.07 9279.44 9266.71 9266.17 
9402.11 9395.07 9360.84 9333.83 9318.62 9311.65 9312.83 9312.31 9325.23 9334 9357.6 9403.4 9399.47 9392.94 9378.68 9365.46 9350.57 9331.32 9339.95 9356.39 9370.49 9375.05 9361.96 9350.83 9341.61 9333.4 9357.01 9375 9362.71 9363.61 9364.36 9367.97 9372.57 9377.57 9402.87 9380.46 9336.03 9324.6 9297.01 9274.35 9262.86 9275.16 
9376.89 9383.1 9367.7 9351.82 9332.44 9314.85 9305.17 9300.24 9295.72 9327.02 9345.7 9369.58 9391.86 9379.9 9367.72 9358.46 9344.83 9336.56 9330.19 9334 9338.41 9331.72 9328.28 9321 9331.59 9344.79 9361.93 9364.47 9375.02 9366.82 9364.66 9368.11 9376.33 9393.86 9397.8 9371.85 9314.78 9288.02 9297.35 9264.63 9235.11 9252.96 
9309.55 9333.84 9352.79 9354.33 9333.57 9317.76 9305.37 9293.59 9287.03 9309.68 9333.62 9361.15 9382.27 9379.24 9368.6 9358.3 9343.29 9324.4 9320.45 9319.54 9315.52 9318.07 9322.94 9318 9350.12 9364.56 9371.52 9359.74 9365.67 9356.76 9354.61 9359.35 9371.36 9387.59 9380.15 9360.44 9302.95 9279.15 9291.92 9261.15 9210.21 9146.33 
9308.74 9317.41 9323.89 9311.23 9313.86 9311.86 9306.21 9299.34 9295.06 9306.56 9334.76 9363.14 9381.02 9383.99 9378.55 9362.53 9350.02 9339.7 9322.72 9313.16 9299.34 9279.48 9271.18 9324.52 9342.84 9346.14 9347.62 9316.45 9319.33 9328.52 9339.3 9344.27 9349.64 9341.3 9362.52 9364.08 9311.59 9276.67 9311.49 9276.05 9230.11 9198.14 
9349.17 9330.36 9308.06 9302.01 9301.93 9303.54 9307.28 9308.59 9317.36 9327.77 9340.83 9364.87 9380.72 9372.81 9361.61 9360.98 9356.93 9356.42 9342.66 9319.04 9295.24 9271.23 9266.18 9308.58 9321.65 9292.14 9302.84 9300.73 9310.79 9319.99 9326.39 9328.49 9329.41 9332.51 9337.4 9343.26 9315.68 9299.83 9328.14 9306.6 9280.11 9284.22 
9365.81 9347.8 9330.19 9297.43 9297.27 9302.48 9308.19 9316.53 9333.86 9355.05 9349.92 9352.51 9350.1 9352.56 9355.16 9356.47 9357.41 9357.99 9353.3 9324.16 9301.39 9286.07 9287.55 9303.86 9309.17 9298.16 9301.99 9307.73 9322.8 9328.55 9317.2 9312.74 9310.41 9308.33 9314.88 9307.8 9316.01 9328.92 9354.07 9342.16 9329.57 9325.59 
9338.8 9308.03 9311.94 9294.09 9299.01 9304.35 9308.7 9320.66 9338.82 9343.23 9352.77 9379.24 9340.01 9342.64 9344.46 9349.3 9353.93 9354.04 9340.71 9323.33 9313.29 9306.12 9301.8 9312 9309.46 9298.5 9296.9 9304.76 9307.03 9309.65 9306.39 9301.84 9297.36 9295.29 9312.23 9315.96 9325.13 9350.83 9362.29 9356.91 9347.83 9337.27 
9334.29 9299.18 9305.86 9313.41 9323.11 9325.52 9324.09 9309.19 9322.43 9347.79 9349.22 9350.47 9328.34 9337.48 9349.45 9349.41 9349.28 9346.41 9331.06 9325.19 9326.7 9324.74 9320.31 9312.65 9305.97 9292.47 9297.75 9300.95 9300.21 9297.2 9296.77 9292.63 9287.45 9286.21 9299.77 9314.45 9339.83 9367.67 9371.24 9359.43 9348.1 9336.86 
