real_craters/C114-300m.grd
DSAA
238 238
-35.6125 35.6125
-35.6125 35.6125
10080.325074375 11551.78466478
[rows 60 to 89 of 238, columns 0 to 66 of 238]
11122.5 11121.3 11123.6 11125.2 11125.8 11126.4 11127.9 11131.1 11134.9 11138.5 11141.7 11143.2 11148.3 11155.7 11160.5 11151.8 11150 11151.6 11153.7 11156.3 11159.9 11165.6 11163.1 11159.2 11156.2 11153.5 11150.2 11150 11151.1 11154.2 11151.2 11150.1 11150.7 11152.3 11155.7 11162.1 11166.7 11168 11169.3 11172.2 11176.5 11182.4 11182.3 11170.5 11171.5 11170.9 11169.4 11166.9 11164.1 11161.3 11158.8 11160.6 11168.4 11182.2 11190.2 11191.3 11186.6 11189.1 11190.8 11192.1 11192.1 11191.3 11191 11190.3 11190.9 11189.5 11189.4
11124.5 11122.5 11121.8 11121.1 11122.7 11123.9 11125.5 11129.2 11132.9 11136.7 11140.3 11141.5 11146 11152 11154.7 11152.1 11151.3 11152.5 11154 11156 11158.6 11160.8 11160.3 11157.9 11155.9 11153.4 11150 11148.5 11148.7 11149 11149.6 11149.8 11150.6 11152.5 11155.3 11161.4 11168.1 11168.3 11168.3 11170.2 11172.4 11173.3 11175.6 11176.9 11174.3 11173.6 11172.4 11170.7 11166.9 11162.8 11159.8 11162.3 11169.5 11177.9 11187.4 11193.9 11187.3 11187.3 11187.7 11188.1 11188.4 11187.8 11187.9 11187 11186.6 11186.4 11187.2
11123.3 11122.9 11121.2 11120.1 11121.7 11123.2 11125 11127.9 11131.1 11134.3 11137 11137.9 11142.4 11148.6 11152.8 11153.8 11153.3 11153.1 11153.3 11153.9 11154.7 11155.3 11154.8 11153.9 11153.4 11151.9 11148.6 11146.7 11145.5 11144.9 11146.8 11148.5 11150.3 11152.3 11154.5 11156.4 11156.4 11161.3 11164.5 11167.1 11168.9 11169.7 11174.4 11179.3 11178.1 11176.6 11175 11173.8 11169.5 11165.3 11163.1 11166.6 11172.1 11176.6 11184.7 11192.2 11191.9 11186.6 11184 11182.5 11183.5 11183.2 11183.7 11184.7 11184.6 11184.5 11184.4
11121.1 11120.9 11120.9 11121.6 11122.6 11124 11125.6 11127.5 11129.6 11131.9 11133.5 11134.4 11139.2 11146 11152.6 11155 11154.1 11152.2 11151.4 11150.7 11149.9 11148.1 11147.1 11148.5 11148.9 11148 11146.3 11144.7 11143.4 11142.6 11145.4 11147.8 11150 11151.5 11152.8 11153.4 11153.9 11157 11160.7 11164 11167.4 11170.8 11174 11176.9 11178.9 11178.8 11177.1 11173.5 11171.7 11168.2 11165.1 11168.1 11170.4 11175.4 11183 11186.2 11185.7 11182.5 11181 11180.2 11178.9 11178.7 11179.8 11180.1 11181.9 11182 11182.1
11118.1 11118.9 11120.2 11122.1 11123.1 11124.1 11125.5 11126.8 11128.6 11130.3 11131.9 11133.7 11136.9 11142.3 11148.4 11151.1 11150.9 11149.4 11148.5 11147.5 11146.2 11144.3 11143.2 11144.4 11144.9 11144.7 11143.7 11142.9 11143.2 11143.9 11145.4 11147.8 11150.2 11151.9 11152.1 11152.3 11153 11154.6 11157.4 11160.8 11165.3 11171.3 11174.8 11177.5 11179.6 11181.4 11182.5 11179.6 11176.5 11172 11167.9 11168.4 11169.5 11173.8 11180.9 11179 11176.1 11176.7 11177.5 11178 11177.3 11177.7 11178.4 11178.7 11178.9 11178.9 11179.1
11116.2 11117.1 11118.8 11120.6 11122.1 11123 11124.6 11126.1 11127.6 11129 11130.5 11132.1 11133.9 11137 11140 11142.4 11144 11145.1 11145.1 11144.7 11143.9 11143.1 11142.7 11142.2 11141.8 11141.1 11139.5 11140.7 11142.6 11144.3 11145.4 11147.7 11150.5 11154.1 11154.8 11151.9 11150.4 11152.4 11154.8 11157.2 11160.3 11165.4 11172.9 11176.9 11178.6 11181.8 11187.3 11189.1 11181 11176.1 11172 11167.5 11165.8 11169.7 11174.7 11170.5 11169.1 11171.1 11172.7 11173.5 11174.5 11175.6 11176.4 11176.5 11177.4 11178 11178.6
11114.2 11114.7 11117.2 11120.2 11122.4 11123.7 11124.3 11125.5 11126.8 11128.1 11129.1 11129.5 11130 11132.5 11134.1 11136.3 11140.3 11142 11142.7 11142.9 11142.3 11142.1 11141.9 11140.8 11139.5 11137.6 11136.4 11138.5 11140.6 11142.7 11144.7 11146.9 11149.3 11152.2 11153.7 11151.9 11150.5 11151.6 11153.2 11154.2 11154.9 11157.8 11165.5 11170.9 11174.1 11177.3 11180.9 11182 11179.1 11177.3 11176.9 11169.2 11163.4 11164.6 11165.9 11162.8 11164.8 11167.4 11170.7 11170.5 11172 11173.4 11174.5 11175 11174.9 11175.5 11177
11110.4 11112 11115.8 11119.6 11122.2 11122 11123.2 11124.6 11126.1 11127.7 11128.8 11128.5 11127.8 11130.9 11132.7 11134.5 11137.9 11140.2 11141.3 11141.8 11141.7 11141.1 11140.9 11139.6 11139.3 11137.5 11136.8 11138 11140.1 11141.7 11143.9 11146.2 11148 11148.1 11149.8 11151.9 11152.1 11152.9 11153.6 11153.6 11153.1 11154.5 11159.6 11164.3 11167.9 11170.3 11171.5 11173 11173.3 11171.5 11170 11169.3 11165.5 11162 11158.7 11159.5 11163.1 11166.3 11169.5 11171.9 11173.1 11174.4 11174.2 11175.3 11176.2 11176.2 11176.5
11110.5 11111.3 11114.9 11118.6 11121.1 11120.9 11121.7 11123.6 11125.6 11127.9 11130.2 11132 11131.3 11133.4 11135.3 11136.7 11138.5 11140.1 11141.9 11143 11142.7 11140.9 11137.7 11139.4 11142.7 11144.1 11140.6 11139.2 11139 11140.9 11143.5 11146.2 11148.4 11150.3 11150.8 11151.5 11154.3 11155.9 11156.1 11155.6 11154.6 11154.3 11156.1 11159.6 11162.9 11164.6 11165.1 11167.2 11168.8 11168.3 11169.7 11172.5 11168.9 11162.7 11158 11162.7 11164.3 11165.7 11168.2 11171.1 11172.7 11174.3 11175.6 11176.7 11177.5 11176.9 11177.3
11110.9 11111.5 11114.1 11117 11119.1 11118 11119.5 11122.1 11125 11128.1 11131.5 11135.4 11137 11137.9 11140.4 11142.9 11140.7 11141.6 11144.5 11146.4 11146.8 11145.2 11141.9 11144.3 11149 11150.1 11145.5 11142.8 11139.7 11142.3 11144.9 11147 11149.1 11151.7 11151.7 11151.7 11156.1 11158.9 11159.9 11159.7 11158.1 11155.2 11153.8 11157.3 11160.5 11162.5 11161.8 11164.8 11167.4 11170 11173.9 11177.5 11169.6 11165.3 11164.7 11166.2 11166.3 11166.8 11168.5 11169.9 11171 11172.3 11173.2 11174 11176.5 11177.2 11177.5
11110.1 11111.5 11113.3 11114.9 11115.3 11114.1 11117.1 11120.6 11124.1 11127.7 11131.5 11135.1 11137.9 11140.5 11144.3 11148.3 11146 11146.2 11149.5 11152.1 11154.1 11154.8 11154.4 11156.9 11160.3 11158.2 11154.1 11151.3 11147.9 11148.1 11148.9 11149.4 11150.1 11151.7 11153.2 11153.8 11158.2 11162.3 11165.3 11166.4 11164.9 11160 11156.2 11159.1 11161.2 11163.1 11167.3 11165.2 11166.5 11170 11171.3 11168.9 11167.4 11167.5 11170.3 11168.6 11169.1 11169.9 11170.3 11170.7 11171.6 11172.3 11174.2 11174.8 11175.4 11175.3 11175.9
11109.1 11111.6 11112.3 11112.7 11112.9 11112.7 11115.7 11119.5 11123.2 11127.1 11130.7 11134.2 11137.2 11140.2 11144.6 11150.4 11152.1 11153.4 11155.2 11158.6 11162.9 11168 11172.6 11177.2 11179 11174.4 11167.1 11164.5 11161.1 11157.7 11155.8 11153.7 11151.7 11151.8 11156.3 11163.3 11165 11168.7 11172.8 11174.8 11175.3 11171.1 11166.9 11165.6 11164.5 11162.5 11160.4 11162.8 11163.8 11163.9 11166.1 11166.9 11168.7 11172.2 11182.1 11177.9 11174.7 11174.3 11173.3 11173.4 11173.4 11174.5 11174.8 11175.1 11175.3 11175.1 11175.6
11108.6 11110.9 11111.5 11110.6 11109.3 11111.5 11115.2 11119 11122.5 11126 11129.3 11132.4 11135.3 11137.6 11140.6 11145.1 11150.9 11156.8 11157.8 11162.9 11170.6 11180.7 11192.5 11202 11202.2 11196.4 11187.8 11179.7 11172.9 11169.7 11165.7 11161.1 11155.8 11154.2 11159.4 11166.2 11174.2 11180.3 11181.6 11182 11183.3 11182.8 11179.4 11174.2 11170 11165.6 11162.4 11162.3 11162.4 11163.4 11163.4 11166.9 11171.7 11178.1 11184.9 11184.4 11180.5 11177.4 11175.7 11174.8 11174.1 11174 11174.7 11174.9 11175.5 11175.1 11175.7
11109.4 11111.8 11111.7 11109.7 11108 11112.4 11115.9 11119.3 11122.4 11125.2 11127.8 11129.9 11131.5 11132.8 11134.5 11136.3 11141 11147.4 11154.9 11163.5 11174.1 11188 11205.3 11220.4 11222 11216 11206.5 11200.6 11190.8 11183.4 11177.6 11171.8 11164.9 11161.9 11164.9 11170.6 11182.6 11191 11188.1 11185.6 11185.5 11186.9 11186.1 11182 11176.8 11171.3 11167 11164.2 11162 11161 11163.1 11168.3 11173.1 11177.2 11178.6 11182.6 11181 11178.4 11176.5 11175.5 11174.8 11174.5 11175.4 11175.5 11174.9 11176.1 11176.5
11110.3 11112.9 11112.9 11110.7 11109 11114.2 11117.5 11120.4 11123.1 11125 11126.6 11127.8 11128 11128 11129.6 11131 11134.2 11139.5 11150.1 11160.9 11172.9 11187.2 11205 11224.6 11225.5 11222.6 11218.4 11215.8 11205.2 11195.5 11189.2 11185.4 11182.5 11178.1 11174.9 11177 11184.9 11190.3 11189.7 11187.7 11188.3 11193 11192.4 11189.1 11184.6 11178.3 11173 11168.3 11163 11159.9 11163.1 11171.7 11173.9 11174.6 11175.4 11177 11178.1 11177 11175.8 11175.3 11174.7 11175 11175.2 11175.9 11175.9 11176.8 11177.4
11110.6 11114.3 11114.9 11112.4 11112.1 11116.5 11119.4 11121.7 11123.8 11125.2 11126.2 11127 11127 11126.1 11127.1 11128.9 11132.3 11138.4 11146.7 11156.6 11167.4 11178.8 11190.1 11199.5 11209.8 11214 11213.6 11212.3 11208.7 11202.2 11197.5 11196.4 11198.4 11193 11186.4 11184.5 11186 11188.1 11190 11191.6 11195.1 11201.3 11198.6 11195 11193 11189.8 11183.1 11174.7 11166.5 11161.3 11161.9 11170.2 11173.5 11176 11174 11174.8 11176 11176 11176 11176.1 11176 11175.2 11175.4 11176.2 11176.7 11177 11177.6
11109.4 11113.2 11114.4 11112.6 11113.9 11119 11121 11122.8 11124.5 11126 11126.8 11127.4 11127.4 11126 11126.6 11128 11130.5 11136.2 11143.6 11151.9 11160.1 11167.3 11172.6 11174.9 11185.9 11198.5 11208.2 11211.3 11206.9 11203.3 11201 11199.8 11198.7 11196 11192.4 11188.7 11186.5 11186.2 11189 11194 11197.4 11200.2 11197.6 11195.7 11196.8 11203.9 11191.6 11180.9 11172.6 11166.5 11163.3 11167.3 11171.8 11172.8 11171.3 11173.5 11175.5 11175.7 11175.6 11176 11175.6 11176 11176.4 11176.7 11177.2 11177.1 11176.6
11106.6 11108.6 11109.5 11110.7 11113.7 11119.1 11121.8 11123.9 11125.6 11126.9 11127.8 11128.3 11128.5 11127.4 11127.7 11129.4 11131.8 11135.7 11141.2 11147.8 11153.9 11158.3 11160.4 11161 11165.3 11182.1 11196.8 11198.8 11201.1 11200.6 11200.1 11199.4 11198.8 11195.6 11191.8 11188.6 11185.9 11184.2 11186.4 11189.8 11189.1 11187.8 11190.2 11190.8 11190.3 11188.5 11187.8 11184 11180.5 11177 11171.3 11171.3 11173.4 11172.3 11172.5 11174.3 11175.8 11174.7 11175.6 11176.6 11176.4 11177 11177.5 11178 11175.9 11176.3 11176.7
11104 11105.7 11106.9 11109.3 11113.4 11118.5 11122.4 11124.9 11126.7 11128 11129 11129.7 11129.8 11128.8 11129.6 11132.1 11135.8 11137 11140.7 11146 11150.2 11152.7 11153.9 11154.4 11158 11171 11184.1 11191.9 11194.2 11195.4 11196.2 11196.6 11197 11193.5 11188.6 11187.2 11185.5 11184.2 11184.3 11184.2 11181.7 11180 11184.2 11185.6 11183.3 11178.8 11182.7 11184.2 11186.4 11188.1 11187.8 11181.3 11180.4 11179.2 11175.6 11172.5 11170.8 11172.4 11174.4 11175.7 11176.6 11177.3 11177.2 11177.6 11177.2 11177.5 11177.7
11103.2 11105.2 11106.6 11109.8 11114.5 11119.7 11123.7 11126.3 11128.1 11129.6 11130.8 11131.6 11132.1 11131.8 11132 11134.2 11137.1 11139.7 11143.1 11147 11149.4 11150.6 11151.4 11153.2 11156.4 11163.1 11172.4 11184.3 11186 11187.6 11189.9 11191.9 11193.2 11190.9 11188.7 11186.7 11185.8 11185.1 11185.1 11184.1 11183.2 11182.3 11183.7 11184.1 11182.9 11180.8 11180.5 11181.1 11183.1 11184.2 11185.2 11183.4 11183.8 11181.2 11175.3 11171.3 11168.6 11171.1 11173.8 11174.6 11175.7 11176.1 11176.6 11176.8 11178.3 11178.6 11178.8
11104.1 11106.8 11109.8 11114.2 11118.1 11122.8 11126.1 11128 11129.6 11131 11132.2 11133.4 11134.3 11134.3 11133.7 11136.1 11140 11145.3 11149.6 11150.1 11150.6 11151 11151 11151.4 11153.2 11156.7 11160.6 11168.8 11175 11178.9 11182.2 11185.2 11187.3 11186.8 11186.4 11186.1 11186.2 11186.7 11188.2 11189.5 11189.4 11187.4 11185.2 11184.2 11184.6 11183.1 11178.4 11175.1 11172.3 11170.4 11171 11175.6 11179.7 11175.4 11172.4 11171.7 11171.5 11173.5 11174.7 11175.1 11175.3 11175.6 11175.8 11176.1 11176.9 11177.9 11179.3
11105.8 11108.8 11113.1 11116.5 11119.9 11124.5 11127.7 11129.3 11131 11132.4 11133.6 11134.6 11135.4 11135.3 11134.9 11137.2 11141.7 11147.5 11152.8 11152 11152.1 11153.1 11152.7 11151.7 11151.5 11153.7 11156.2 11158.8 11166.4 11171.7 11175 11177.2 11180.4 11182.1 11183.4 11185.3 11186.1 11187.4 11189.9 11192 11192.5 11189.2 11184.9 11182.3 11180.7 11178.5 11174.6 11169.7 11164.9 11163.3 11163.3 11166.9 11170 11170.2 11170.3 11173.1 11176.9 11177.8 11176.7 11176.1 11176 11176.1 11175.6 11176.1 11177.3 11178.1 11178.8
11107.5 11110 11112.6 11115.2 11118.9 11123.2 11127 11129.8 11131.8 11133.6 11134.9 11135.7 11136.1 11136.5 11135.9 11137.2 11139.9 11143.6 11147.1 11151.2 11153.9 11155.8 11156.2 11155.4 11153.9 11155.2 11155.6 11158.3 11163.8 11168.7 11170.8 11171 11176.4 11181.9 11184.5 11186 11185.1 11184.1 11183.7 11184.1 11186.2 11184.3 11181.4 11178.7 11175.4 11173.6 11171.2 11167.5 11163.9 11161.4 11160.1 11160.7 11160.2 11161 11167.5 11172.8 11178.5 11178.7 11176.6 11175.9 11175.5 11175.8 11176.5 11177.2 11177.8 11178.6 11179.6
11109.6 11111 11111.7 11112 11117.7 11122.4 11126.6 11131.3 11134.2 11136.1 11136.4 11137.1 11136.8 11135.3 11135 11137.3 11140.1 11143.1 11146.2 11151.5 11156 11159.2 11161.2 11161.1 11162.2 11160.1 11160.6 11161.2 11167 11171 11172 11173.1 11181.5 11191.5 11192.6 11188.7 11183.8 11178.2 11172.9 11171.8 11171.9 11175 11176.6 11176.1 11173.6 11171.7 11169.4 11167.4 11165.5 11163.9 11159.9 11159.1 11159.2 11162.9 11167.6 11171.3 11173.4 11174.5 11174.6 11174.1 11174.2 11174.7 11175.4 11176.3 11177.3 11178.6 11180.1
11112.7 11114.4 11114 11114.4 11119.3 11124.9 11130.5 11134.2 11137.1 11139 11139.6 11140.1 11139.3 11137.8 11136.5 11139 11142.9 11147.1 11150.1 11154.6 11159.1 11163.4 11167.4 11168.9 11164.6 11163.5 11167 11173 11177.8 11178.3 11177.4 11177.8 11188.7 11202.8 11199.4 11190.5 11182.5 11174.8 11167 11164.3 11163.5 11169.3 11173.5 11175.5 11175.7 11171.7 11167.8 11164.8 11163 11161.2 11158.4 11159.9 11165.2 11170.2 11168.9 11170 11172.5 11174.3 11172.5 11172.2 11173.2 11173.7 11174.8 11176.1 11177.4 11178.7 11180.8
11117.3 11120.4 11120.4 11119.2 11122.8 11128.1 11133.7 11137.5 11139.7 11141.5 11142.6 11143.4 11143.7 11142.7 11140.5 11142.6 11146.2 11150 11154.8 11158.6 11162.1 11166.4 11171.7 11174.9 11165.6 11167.1 11173.6 11185.2 11189.6 11185.9 11184.5 11185.2 11192.1 11199.9 11196.4 11188.2 11180.7 11174.4 11169.9 11167.5 11167.2 11170 11173 11175.1 11175.6 11170.7 11165.5 11161.2 11158.3 11156.1 11155.7 11158.5 11162.2 11165.6 11167.1 11167.3 11167.5 11166.9 11168.4 11169.5 11171.5 11173.2 11175 11177.6 11179.6 11181 11181.5
11122.8 11128.1 11132.7 11128.6 11125.2 11129.4 11137.4 11140.5 11142.1 11143.7 11145.4 11147.3 11148.9 11149.6 11147.8 11148.8 11150.9 11152.9 11157.2 11161.2 11164.2 11166.5 11169.5 11172.5 11170.8 11176.6 11184.7 11187.9 11189.6 11188.3 11188.7 11189.7 11188.7 11190.9 11186.9 11182 11177.4 11173.9 11173.1 11173.2 11173.4 11173.1 11173.7 11174.1 11172.7 11168.5 11163 11157.8 11154.7 11153.1 11154.4 11156.8 11160.3 11163.5 11164.7 11164.4 11163.8 11164.1 11164.9 11167.2 11170.1 11172.5 11175.2 11177.4 11179.4 11181.4 11183.4
11127.3 11133 11136.8 11125.8 11119.3 11125.9 11135.9 11141 11143.5 11145.9 11148.4 11151.1 11154.2 11157.9 11159.9 11157.5 11157.9 11159.4 11164.3 11166.9 11166 11165.3 11163.9 11165.4 11172.3 11180.1 11185 11184.7 11184 11184.9 11186.3 11185.3 11177.6 11171.8 11174.6 11174.4 11172.9 11171.3 11171.6 11174.8 11176.1 11175.3 11174.7 11173.4 11171 11167.2 11161.7 11155.6 11153.9 11153.2 11154.4 11157.9 11163.8 11165 11163.6 11162.5 11161 11159.1 11162 11165.8 11169.4 11172.6 11175.4 11178 11180.4 11182.1 11183.9
11130.7 11135.3 11127.4 11103.8 11106.6 11119.2 11132.1 11139.2 11143.2 11146.9 11150.6 11154.3 11157.9 11160.9 11162.1 11162.7 11165.1 11169 11170.6 11169.4 11167.2 11165.3 11163.4 11165.3 11172.4 11179.3 11179.9 11178.6 11177.1 11179 11179.2 11176 11168.6 11163 11166.1 11168.3 11168.9 11168.9 11169.4 11174.2 11176.1 11176.3 11175.8 11174 11171.2 11167.6 11163.2 11158.7 11155.3 11152.9 11155.1 11156.9 11159.6 11162.2 11162.4 11161.6 11160.5 11160 11161.9 11165.1 11169.1 11172.5 11176.9 11178.9 11181.5 11183.2 11185
11132.9 11140.6 11143.8 11104.3 11103.4 11115.8 11126.7 11135.4 11142.1 11147.4 11152.3 11156.9 11160.8 11163.8 11165.1 11166.8 11170.6 11174.3 11173.5 11168.9 11167.9 11166.6 11165.7 11166.5 11169 11170.4 11172.6 11173.2 11171.1 11175.4 11175.5 11171.4 11165.6 11161.8 11162.4 11164.4 11166.2 11168.3 11171.5 11173.2 11174.8 11176.6 11177.5 11176.4 11173 11168.6 11165.7 11164.5 11161.2 11157.1 11158.9 11162 11158.6 11160.6 11162.5 11162.4 11161.6 11161.3 11162.6 11166 11170.4 11173.8 11177.3 11179.8 11182.7 11184.7 11186
