real_craters/C114-500m.grd
DSAA
143 143
-35.6125 35.6125
-35.6125 35.6125
10085.932364471 11544.07167291
[rows 60 to 89 of 143, columns 67 to 133 of 143]
10627.5 10575.1 10495.4 10469.7 10478 10497.3 10518.8 10542.1 10574.7 10595.9 10565.4 10611.5 10689.4 10743 10815.9 10901.3 10975.8 11046.6 11116 11175.6 11231.3 11276 11303.6 11316 11317 11304.2 11299.7 11308.9 11323 11339.2 11350.2 11352.5 11353.2 11337.2 11303.3 11298.4 11298.5 11297.8 11293.5 11292 11290.4 11293 11292.5 11294.2 11296.9 11297.2 11298.5 11301 11304.2 11302.6 11297.8 11288.2 11284 11283.1 11282.1 11283.8 11283.6 11283.3 11281.6 11278.6 11278 11276.5 11278.6 11280.9 11282.9 11284.2 11284.9
10556.2 10496.9 10416.5 10398.2 10402.1 10422 10444.5 10456.8 10448.5 10449.5 10465.9 10491.7 10581.9 10672.2 10768.7 10853.9 10941.6 11026.7 11101.8 11180.8 11242.8 11293.4 11327.3 11339 11324.5 11300.2 11290.4 11303.3 11325.5 11341.2 11349.3 11345.9 11333.6 11304.3 11290.8 11294.6 11302.9 11317.9 11315.5 11303.4 11297.9 11300.7 11300.9 11300.6 11300.2 11300.1 11304.9 11308.8 11314.2 11301.3 11281.2 11274.7 11276.7 11279 11280.6 11281.6 11281.1 11280 11277.3 11272.6 11272.8 11274.5 11278.1 11281.5 11283.8 11285.7 11286.9
10502.5 10435.8 10350.2 10329.3 10333.8 10360.2 10386.9 10402.5 10397.9 10398.1 10406.9 10414.7 10508.3 10621.2 10732 10837.4 10926.2 11021.4 11108.8 11188.7 11261.9 11324.3 11367.4 11385.1 11360.5 11304.9 11279 11292.2 11316.5 11343.4 11349.6 11336.3 11319.6 11299.2 11286.6 11293.9 11301.4 11305.4 11309.5 11308.6 11307.5 11310.2 11308.4 11305.6 11303.4 11303.1 11307.8 11310.3 11299.5 11284.2 11270.3 11267 11272.3 11276.8 11280.3 11281.1 11279.1 11279.2 11278.9 11278.7 11276.7 11277.3 11281 11283.8 11286.3 11288.1 11289.3
10454 10389.4 10300.4 10280.9 10287.4 10315.9 10353.4 10386.7 10407.2 10406.8 10389.7 10392.2 10486.6 10599.8 10716 10818.5 10921.4 11019.8 11115.1 11207.2 11288.7 11358.7 11413.4 11441.8 11400.3 11310.3 11269.5 11284.9 11308 11331.4 11338.1 11328 11304.5 11291 11292.8 11302.1 11303.1 11301.6 11302.7 11307.6 11319.8 11316.5 11309.7 11306.1 11303.9 11299 11284.6 11280.6 11270.8 11268.7 11267.1 11268.5 11272.3 11277.8 11281.7 11280.3 11279.7 11282.5 11283.7 11284 11283.6 11284.4 11286.1 11287.7 11289.2 11290.6 11291.7
10413.3 10352.2 10270.4 10246.5 10251.6 10281.5 10328.2 10385.1 10444.4 10450 10431.7 10422.1 10500.5 10600 10708.2 10816.8 10921.2 11023.5 11123.6 11219.4 11309.4 11390.7 11455.9 11486.7 11429.1 11315.6 11265.3 11277.8 11294 11295.1 11317 11330.7 11336 11334.3 11336.4 11315.9 11306.5 11301.8 11298.1 11295.3 11298.8 11306.9 11302.8 11302.4 11303.1 11304.2 11290.3 11275.8 11265.5 11263.5 11265.3 11266.9 11275.5 11283.6 11287.7 11286.8 11288.4 11289.6 11289.1 11289.4 11292.8 11293.1 11291.8 11291.3 11291.7 11292.6 11293.9
10382.9 10322.1 10237.4 10214.3 10212.6 10247.9 10299.9 10367.8 10443.3 10481.1 10501 10483.8 10538 10620.5 10716 10815.3 10917.1 11020.8 11120.9 11222.2 11315 11406 11482.6 11534.3 11456.2 11335.8 11281.2 11279.6 11293.7 11307.1 11322.7 11338.7 11354 11346.9 11335.9 11313.7 11301.6 11294.4 11289.8 11281 11270.2 11282.2 11291.6 11296.8 11299.6 11302.2 11297.8 11285.7 11275.4 11274.4 11272.8 11272.7 11282.9 11292.3 11302.7 11313.6 11307.1 11296.7 11293.6 11294.9 11301.5 11298.6 11295.1 11293.5 11293.1 11293.5 11294.7
10360 10300.6 10247.4 10194.5 10185.6 10216.7 10259.3 10314.7 10400 10467.4 10537.3 10548.7 10579.3 10638.8 10718 10804.9 10904.2 11002.2 11110.7 11209.3 11310.1 11402.9 11482.2 11520.7 11456.5 11347 11299.3 11298 11308.3 11335.5 11334.9 11339 11336.3 11325.8 11299.1 11299.6 11296.5 11288.3 11286.8 11281.1 11277 11276.4 11285 11292.5 11295.4 11294.3 11295.4 11289.4 11287 11285.7 11283.1 11287.8 11290.2 11296.3 11307.2 11310.7 11300.5 11296 11294.7 11292.7 11291.4 11295.6 11295.4 11294.3 11293.5 11292.9 11292.9
10346.2 10289.1 10239.2 10190.5 10181.1 10199.1 10217.4 10234.5 10277.5 10387.7 10519.1 10570 10583.4 10637.6 10715.7 10795.8 10893.4 10991.3 11093.8 11194.7 11296 11388.6 11465.5 11497.8 11456 11372.5 11315.7 11286.2 11301.9 11323.5 11335.1 11339.3 11334.4 11319.3 11296.4 11303.3 11310.4 11308 11296.9 11289 11286.7 11282.1 11287.3 11292 11294.4 11292.7 11287.7 11287.1 11282.3 11279.2 11282.4 11288.4 11290.8 11293.5 11293.7 11289.6 11285.5 11292.9 11296.8 11296.4 11293.6 11295.5 11295.7 11294.6 11292.6 11290.8 11289.2
10348.4 10289.8 10245.2 10201.9 10210.6 10203.6 10192.1 10181.3 10201.8 10274.8 10366.2 10464.5 10541.9 10614.1 10692 10780.2 10873.2 10973.1 11075 11175.1 11269.1 11362 11446.3 11498.5 11477.1 11417.8 11339.6 11282.7 11296.3 11320.8 11331.1 11338.1 11342.3 11327.8 11323.5 11321.6 11324.7 11322.6 11308.9 11297.3 11297.5 11298.5 11295.9 11296.3 11298.7 11300.2 11298.7 11290.4 11283.8 11278.3 11280.9 11284.6 11289 11291.4 11290.3 11291.5 11293.2 11296.9 11301.7 11306.8 11302.5 11299.6 11297.7 11295 11292 11288.9 11285.5
10340.5 10287.5 10249.4 10202.4 10205.8 10196.9 10182.8 10172.5 10179.5 10210.9 10271 10374.1 10478.4 10571.9 10666 10762.6 10862.1 10958.3 11056.6 11151.1 11240.7 11320.7 11397.6 11465.4 11490.3 11481.3 11367.5 11285.8 11298.6 11319.8 11325.7 11326.9 11325.4 11324.9 11326.5 11326.7 11328.4 11325 11316.3 11308.7 11308.2 11300 11296.6 11299.9 11304.8 11308.4 11306.2 11296.9 11289.3 11285.5 11288.4 11291.1 11294.3 11295 11292.6 11294.2 11299 11301.7 11304.2 11307.6 11307.9 11303.2 11299.2 11295.4 11291.4 11287.2 11282.7
10345 10297.8 10256.1 10196.2 10182.5 10177.4 10181.8 10193.2 10191.7 10199.9 10234.4 10323 10431.6 10532.7 10635.8 10738.2 10838.6 10940.3 11035.7 11129.3 11208.7 11277.2 11328.7 11395.8 11476 11490.6 11386.8 11311.9 11311.8 11320 11321.8 11319.7 11316.5 11314.3 11312.7 11313.9 11319.3 11321 11318.6 11320.1 11319 11302.5 11297.2 11302.7 11309.8 11317.5 11313.5 11297.7 11294.9 11298.5 11299.1 11301.2 11302.4 11301.4 11303.2 11300.7 11301.5 11303.1 11304.4 11306.6 11306.9 11304.5 11300.4 11295.6 11290.7 11286 11281.2
10345.1 10300.8 10259.2 10195.5 10179.9 10176.9 10180.1 10184.7 10185.6 10190 10214.3 10294.2 10398.3 10506 10614.2 10721.6 10825.7 10929.7 11024.3 11110.2 11187.6 11249.5 11300.9 11377.3 11458.3 11471.1 11397.2 11342.4 11343.8 11335.1 11320.1 11312.1 11306.5 11302.3 11300.4 11304.2 11310.8 11313.2 11312.5 11314.1 11313.5 11304.2 11300 11304.5 11310 11315.5 11307.9 11295.2 11296.4 11294 11297.6 11302.4 11304 11302.8 11302.4 11302 11301.9 11303.5 11305.1 11307.3 11310 11307.2 11301.7 11296.2 11291 11286 11281.2
10344.9 10302.4 10262.4 10201.3 10197.9 10193.9 10176 10166.9 10165 10182.4 10217.7 10277.5 10376.9 10489.4 10599.6 10710.9 10818.6 10919.5 11014.4 11104.1 11181.3 11245.5 11309 11388 11465 11472.6 11403 11360.8 11355.3 11338.2 11313.7 11292.4 11290.1 11291.2 11291.1 11294.8 11308.4 11308 11302.8 11296.1 11302 11302.6 11305.2 11303.2 11306.9 11307.5 11305.8 11306.4 11302.6 11300.1 11301.4 11303.1 11301.7 11300 11299.2 11300.1 11301.8 11306.3 11308.2 11310.1 11311.6 11307.5 11301.3 11295.6 11290.6 11285.9 11281.4
10352 10309.2 10269.3 10227.2 10201.3 10198.4 10159.8 10136.5 10136.3 10140.8 10179.2 10266.7 10369 10478.5 10588.1 10698.4 10806.1 10909.9 11008.3 11099.8 11183.2 11255.5 11326.5 11403.6 11471 11470.7 11414.7 11368.9 11354.1 11329.3 11307.3 11285 11285.6 11288 11285.8 11281.9 11301.7 11302.1 11297.5 11289.1 11291.6 11293.9 11292 11298.1 11303.4 11308.9 11305.6 11307.5 11304 11308.1 11311.8 11301.4 11294.7 11295 11296.9 11298.3 11301.6 11307.6 11312.3 11308.9 11306.4 11303.5 11299 11294.4 11290.3 11286.9 11283.3
10365.7 10321.1 10274 10229.3 10181.5 10158.2 10131.1 10114.3 10122 10137.1 10177 10271.7 10377 10487 10596.3 10708.3 10816.2 10920.7 11020.6 11113.6 11199.2 11271.7 11334.4 11408.7 11460.4 11454.8 11413.2 11357.7 11311.3 11312.9 11312.2 11305.5 11299.6 11297.1 11296.7 11300.2 11294.3 11300.8 11300.9 11295.2 11293.4 11291.7 11288.8 11295.1 11299.7 11299.9 11297 11289.8 11295.7 11296.8 11295 11296.4 11294.1 11289.7 11290.7 11296.3 11300.3 11301.9 11308.6 11306.3 11303.2 11300 11295.4 11291.9 11289.2 11287.5 11287.4
10377.5 10328.2 10277.1 10227 10165.9 10138.8 10103.3 10091.8 10116 10153 10206.3 10298.5 10400.5 10510.5 10622.1 10730.4 10840.1 10944.4 11044.2 11137 11224.3 11301.3 11365.9 11417.7 11451.1 11431.7 11383.5 11346.5 11310.1 11312.6 11320.4 11331.5 11314.6 11307.4 11309.5 11317.1 11313.3 11306.6 11304.6 11307.1 11298.3 11296.2 11298.5 11299.2 11296.6 11299.8 11293.9 11293.5 11294.8 11299 11299.5 11297.1 11292.4 11289.9 11291.2 11296.5 11303.1 11306 11303.7 11303.7 11298.1 11292.9 11290.5 11288.9 11287.4 11286.2 11285.5
10398.4 10346.7 10293.1 10236 10164.1 10125.8 10091.3 10085.9 10114.1 10173 10250.8 10340.2 10442.4 10547.8 10657.5 10765 10871.5 10975.3 11074.6 11170.7 11256 11332.4 11396.5 11421.3 11432.1 11408.8 11374.2 11357.2 11341.8 11322.2 11314.8 11314 11310.9 11310.2 11313.6 11318.4 11317.4 11307.2 11299.5 11288.9 11291.2 11298.2 11308.9 11302.5 11290.7 11283.2 11287.1 11290.1 11295.4 11303.5 11307.4 11305.6 11305.2 11302.3 11297.3 11296.8 11299.1 11297.2 11293.6 11292.3 11289.5 11285.9 11285.9 11286.4 11286.1 11284.6 11281.7
10432 10381.7 10327.3 10264.2 10191 10153.3 10132.3 10132.4 10150 10211 10295.1 10388.5 10490.2 10593.7 10702.4 10809.3 10918.4 11018.7 11117.7 11207.7 11287.3 11350.9 11395.5 11409.9 11412.8 11393.4 11365.4 11362.8 11351.1 11321.7 11301.7 11295.6 11302 11309.4 11313.5 11311.7 11310.1 11303 11287.1 11277 11283.9 11291.4 11295.8 11291.3 11284.8 11281 11286.2 11291.7 11293 11298.6 11304.3 11315.6 11323.3 11312.1 11300 11295.1 11290.1 11285.2 11285 11285.6 11284.2 11281 11283.5 11285.9 11286.6 11285.5 11283
10467.1 10418 10366.1 10311.5 10239.6 10234.4 10223.2 10207.7 10218.1 10261.1 10345.2 10443.8 10545.4 10644.7 10753.9 10860.7 10962.8 11064.5 11157.4 11245.5 11319 11373.6 11408.1 11415.8 11415.1 11392.8 11366.9 11350.2 11334 11312.6 11289.9 11285 11297.8 11309 11316.4 11321.9 11319.8 11306.6 11290.3 11278.7 11283.4 11286.6 11285.1 11286 11287.7 11285.4 11290.4 11291.9 11291.3 11297.4 11306.3 11320 11317.3 11304 11300.7 11295.7 11288.9 11283.1 11283.3 11284.5 11284.8 11284.1 11286.3 11288.3 11289.3 11289.6 11288.8
10521.2 10472.9 10417.3 10358.9 10289.6 10293 10283.2 10267.4 10265.7 10317.1 10413.3 10516.3 10620 10721.6 10823.5 10924.5 11021.7 11115.1 11206.2 11287.9 11356.3 11403.4 11425.8 11420.6 11412.4 11386.1 11356.5 11324.4 11311 11305.3 11303 11299 11302.1 11310.1 11317.4 11326 11318 11307.3 11308.9 11297.4 11289.2 11289 11292.6 11296.2 11294.4 11296.3 11294.7 11303.7 11302.1 11299.4 11301.1 11307.2 11319.8 11321.2 11306.1 11298.8 11294.1 11290.1 11289.2 11289.3 11289.4 11291.4 11292.6 11292.3 11292.6 11293.7 11294.5
10561.8 10519 10456.4 10414.1 10335.6 10325.9 10303 10339 10368.5 10429.8 10516.8 10617.5 10710.1 10800.5 10894.3 10985.2 11075.5 11162.1 11248.6 11327 11396.5 11442.4 11444.3 11410.6 11386.7 11362.5 11332.2 11299.4 11292.5 11297.9 11307.2 11307 11305.4 11310.3 11314.3 11305.7 11290.6 11294.9 11293.9 11293.6 11291.2 11289.8 11287 11281.6 11282.2 11284.7 11288.6 11289.7 11297.7 11296.5 11299.8 11305.8 11311.5 11307 11303 11299.3 11298.5 11299.9 11289.7 11290.1 11292.1 11296.2 11296.9 11294.7 11293.6 11293.8 11294.1
10625.7 10582.1 10515.4 10473.6 10429.6 10398.5 10398.2 10458.1 10532.8 10584.9 10642.3 10720.3 10801.5 10882.4 10964.3 11047.9 11122.1 11203.2 11280.4 11356 11422.3 11477.8 11453.5 11398.4 11363.8 11336.6 11314 11293.5 11287.3 11287.7 11292.8 11297.3 11302.9 11311.3 11320.5 11317.6 11291.6 11292 11292.9 11293.1 11292.7 11291 11288.2 11287.7 11288.3 11286.6 11283.5 11278.2 11279.1 11286.8 11293.3 11300.3 11303.1 11296.9 11296.8 11296.4 11296.2 11298.1 11286.5 11288 11291.9 11295 11295.6 11294.3 11292.2 11290.2 11289
10695.5 10655.3 10611.8 10565.2 10519 10491.9 10518.7 10574.6 10643 10693.7 10763.2 10828.9 10894.9 10960 11026.3 11091.3 11162.1 11231.3 11301.4 11366.4 11424.4 11454.3 11430.6 11378.4 11342.8 11318.5 11306.6 11298.3 11290.7 11282.2 11272.7 11286.3 11298.9 11308.8 11319.7 11326.5 11307.6 11298.1 11302 11296.3 11294.6 11293.5 11293 11292.4 11293.9 11289.9 11283.2 11275.9 11273 11278.4 11284.2 11292.4 11298.9 11298.9 11293.3 11290.8 11288.8 11285.3 11285.7 11288.6 11291.9 11294.7 11295.3 11293.1 11290.3 11288.6 11288.5
10762.5 10735.3 10704.2 10667.8 10631.2 10601.7 10627.6 10691.8 10755.4 10825.6 10892.7 10940.4 10983.6 11031.2 11076.7 11135.5 11194.8 11255.5 11313.3 11369.8 11413.3 11431.3 11399.7 11355.8 11323.5 11303.2 11307.8 11312.2 11301.5 11290.2 11283.4 11289.2 11298.3 11304.5 11305.3 11303.9 11305.7 11298.3 11288.8 11295.7 11297.1 11296.9 11297.6 11299.4 11296.8 11292.1 11285.3 11278.8 11274.3 11275.1 11277.9 11281.4 11285.2 11287.8 11287.9 11285.4 11281.5 11277.7 11283.7 11289.5 11292.3 11294.8 11296.9 11291.2 11287.8 11286.6 11288
10845.8 10811.5 10788.5 10767.9 10749.1 10731.2 10788.4 10857 10962.6 11022 11022.2 11031.1 11056.6 11087.5 11129.2 11176 11227.1 11272.1 11319.8 11363.7 11396.9 11403.2 11370.1 11324.5 11308.5 11298.4 11311.8 11322 11312.3 11303.7 11298.9 11300 11303.1 11304.8 11304.7 11307.1 11312.9 11311.9 11304.1 11302.6 11302 11301.2 11300.9 11303.6 11305.3 11295.1 11287.9 11283.1 11282 11275.9 11276.6 11278.6 11278.3 11281.5 11284 11283.6 11281.2 11279.3 11284.1 11291.2 11293.7 11292.8 11289.5 11288.2 11286.5 11282.7 11285.4
10929.4 10918.8 10900.2 10889.4 10888.7 10873.5 10945.4 11037.6 11103.8 11129.3 11117.9 11115.1 11130.5 11146.3 11177.9 11213.3 11251.5 11289.5 11325 11355.8 11377.7 11378.1 11347.2 11319.5 11305.3 11302.8 11308.3 11317.1 11317.1 11315.8 11314 11312.6 11311.2 11309.2 11306 11309.6 11317.3 11322.2 11320.5 11313 11308.5 11305.2 11301.3 11296.5 11294.8 11294 11289.7 11284.1 11277.3 11275.4 11276.7 11278.7 11278.9 11280.8 11284.3 11285.9 11286.1 11290.3 11300.7 11298.5 11297.7 11295 11287.2 11291.6 11292.5 11287.9 11288.9
11042.8 11031.1 11021.9 11019.5 11038.5 11081.2 11134.2 11173 11186 11178.7 11182.9 11185.3 11193.5 11211.6 11231.5 11255.2 11281.4 11303.4 11326.6 11345.4 11354.9 11352.6 11331.4 11313.4 11299.9 11294.6 11297.3 11307 11318.1 11327.5 11328.9 11324.9 11321 11317.6 11317 11316.1 11316.9 11318.3 11321 11317.4 11312.6 11308.5 11303.4 11295 11291.5 11295.2 11292.9 11286.7 11277.9 11275.1 11278.7 11281.9 11282.4 11285.7 11290 11290.7 11291.3 11292.6 11300.4 11300.6 11304.6 11308.1 11308.6 11312.2 11309 11302.4 11297.3
11134.3 11123.5 11114.9 11126.4 11151.7 11224.6 11241.3 11251.5 11219.8 11211.5 11223 11238.7 11245.1 11255.5 11266.2 11285.7 11295.7 11310.4 11324.3 11333.7 11335.6 11332.3 11317.1 11304 11292.5 11288.2 11289.3 11301.6 11318.9 11332.6 11337.3 11334.5 11331.4 11326.8 11318.2 11320 11321.8 11326.3 11324.1 11320.3 11316.8 11313.7 11311.5 11309.1 11306.3 11304.4 11299.7 11293.8 11288.4 11285.6 11284.1 11284.8 11283.7 11288.7 11293.3 11294.7 11298.1 11299.5 11298.4 11302.5 11312.9 11324.9 11339.5 11340.4 11329 11317.3 11307.4
11186.5 11184.6 11184.6 11188.8 11189.4 11180.6 11210.3 11199.5 11142.2 11211.3 11251.5 11262.8 11280.1 11273.6 11288.7 11292.9 11302.4 11311.4 11316.8 11322.7 11322 11319 11306.5 11296.1 11288.2 11287.6 11294.5 11306.8 11322.1 11333.6 11339.9 11341.1 11340.5 11340 11335.8 11329.1 11323 11321.4 11324 11320.6 11317.5 11315.7 11317.2 11325.8 11325.7 11313.8 11307.3 11302.9 11298.1 11290.2 11290.7 11292.9 11290.2 11292.4 11293 11297.7 11297.6 11300.6 11306.1 11309.5 11319.4 11333.5 11351.4 11356 11344.7 11331.3 11319.7
11239.5 11245 11250.8 11255.9 11245 11195.6 11212.5 11211.9 11243.9 11279.3 11296.1 11302.9 11304.3 11307.1 11313.8 11309.1 11312.1 11310.7 11315.6 11317.9 11318.6 11316.8 11309.3 11299.3 11290.2 11292.6 11303 11312.9 11325.8 11342.2 11343.9 11345.1 11347.5 11351.7 11356.3 11338.5 11324 11311.4 11317.7 11317.7 11315.1 11312.8 11312.2 11314.8 11317.1 11313.3 11311.1 11311.5 11314 11307.4 11300.7 11300.1 11303.8 11298.3 11297 11301.6 11310.6 11306.5 11308.3 11314.5 11319.3 11329.7 11342.6 11348.7 11346.6 11341.7 11329.5
