real_craters/C114-300m.grd
DSAA
238 238
-35.6125 35.6125
-35.6125 35.6125
10080.325074375 11551.78466478
[rows 90 to 119 of 238, columns 0 to 66 of 238]
11131.5 11139.1 11141.9 11121.1 11114 11118.9 11126.2 11134.3 11142 11148.4 11154 11158.9 11163.4 11167.2 11170.1 11171.1 11174.5 11178.5 11177.5 11171.8 11169.4 11168.6 11168 11167.3 11166.6 11165.2 11168.5 11171.2 11173.6 11175.4 11177.7 11171.6 11163.4 11160.2 11160.7 11162.2 11164.1 11166.1 11169.6 11171.2 11173.3 11176.8 11179.5 11180.9 11175.2 11168.4 11162.8 11161.2 11164.6 11161.9 11162.7 11165.5 11163.9 11164.7 11165.7 11165.4 11164.1 11162.4 11163.6 11168.6 11173.3 11177.4 11180.9 11182.9 11185.2 11187.2 11188.8
11126.1 11129.2 11129.3 11126.7 11123.5 11124.4 11129.9 11137 11144 11150.2 11155.6 11160.7 11165.4 11169.6 11172.3 11173.5 11176.2 11179.1 11178.1 11172.1 11170.5 11170.6 11170.6 11169 11166.8 11165.8 11167.3 11169.4 11173.7 11170.6 11167.9 11165.6 11162 11159.9 11159.7 11160.7 11162.5 11164.6 11167.5 11169.2 11172.9 11177.1 11180.2 11179.6 11175.3 11167.5 11159.3 11156.6 11156.5 11162.1 11164.8 11166 11169.9 11171.8 11171.6 11170.6 11169.3 11167.9 11168.9 11172.9 11177.5 11181.4 11184.6 11186.8 11188.8 11189.9 11190.8
11120.2 11119.5 11118.9 11121.8 11123.8 11128.4 11134 11140.3 11146.9 11152.6 11157.9 11162.6 11167.3 11171.6 11175.3 11176.2 11176.8 11175.9 11172.2 11170.5 11170.8 11172.3 11172.8 11170.4 11167.8 11166.8 11167.1 11164.8 11160.6 11157.8 11156 11159 11162.3 11160 11158.8 11159.2 11161.1 11165 11167.6 11170.5 11173.6 11177.1 11180.8 11183 11175.6 11168.1 11162.2 11164.6 11170 11171.5 11171.9 11176.6 11183.8 11180.8 11179 11177.6 11176.5 11174.9 11174.9 11179.5 11183.9 11186.8 11188.9 11190.1 11191.5 11192.3 11192.7
11116.8 11116.7 11117.8 11121.6 11126.2 11132.2 11138.5 11144.8 11150.3 11155.4 11160.2 11164.1 11168.4 11172.6 11176.3 11177.8 11178.1 11177.2 11174 11172.2 11171.2 11172.4 11173.3 11170.2 11168.4 11170.3 11167 11160.7 11155.1 11152.6 11152.6 11154.4 11154.5 11156.8 11157.3 11157.6 11158.3 11160.5 11164.9 11171.9 11173.1 11175 11177.2 11177.5 11174.2 11169.2 11166.4 11175.3 11188.1 11182.2 11179.3 11183.2 11187.7 11186.1 11185.3 11185.2 11185.5 11184.9 11184.3 11189 11192.2 11193.4 11194 11194.4 11194.6 11194.9 11195.4
11116.1 11117.6 11120.5 11125 11130.7 11137.1 11143.4 11149.4 11154.1 11158.5 11162.3 11165.8 11168.8 11172.1 11176 11179.3 11179.1 11180.8 11183.9 11176.3 11171.3 11169.4 11167.7 11165.9 11166 11165.2 11160 11156.5 11154.4 11154.2 11154.8 11153.9 11153.5 11155.3 11156.2 11156.4 11156.1 11155.4 11161.8 11167.1 11169.6 11171.2 11172.8 11173.3 11172.3 11170.5 11169.5 11171.8 11176.6 11180 11178.9 11179 11183.7 11188.1 11190.5 11192.7 11195.4 11198.4 11199 11203.3 11201.7 11199.8 11199.1 11198.4 11197.5 11197.1 11197
11116.7 11119.5 11123.9 11129.7 11136 11142.8 11148.6 11153.2 11157.9 11161.4 11164.1 11166.7 11168.7 11170.2 11170.6 11172 11175.2 11178.8 11182.3 11177.9 11171.2 11163.6 11160 11158.2 11155.9 11152.9 11150.7 11152.1 11151.9 11150.3 11151.5 11155.1 11158 11156 11156 11156.7 11157.1 11158.9 11163.7 11164.7 11165.5 11166.4 11167.9 11169.4 11170.5 11172 11173.3 11173.7 11176 11179.9 11180.2 11181.1 11186.2 11191.7 11195.7 11199.3 11203.7 11211 11226 11217.5 11209 11204.8 11202.4 11200.8 11199.5 11199.3 11198.5
11117.7 11121.1 11127.1 11134.6 11142.2 11149 11154.5 11159.3 11162.8 11164.6 11166.1 11167.6 11168.6 11168.9 11167.4 11165.1 11169.5 11173.8 11173.9 11170.7 11163 11154.3 11151.2 11151.3 11150.3 11149.1 11149.4 11150.5 11151.4 11152.8 11151.6 11151.9 11153.5 11154.8 11156.1 11157.9 11159.6 11162.3 11166.4 11165 11162.5 11161.6 11161.2 11164.2 11168.6 11172.8 11175.6 11175.8 11180.2 11186.8 11189.2 11190.3 11194.1 11198.1 11201.6 11204.5 11208 11212.7 11213.4 11213.1 11211.1 11207.7 11205.1 11203.1 11201.6 11200.5 11199.4
11118.9 11122.7 11130.1 11139.1 11148.8 11154.7 11159.4 11165.2 11167.3 11167.2 11167.9 11169 11169.5 11169.5 11168.7 11167.4 11168.8 11171.7 11171.1 11165.7 11156.2 11148.2 11146.9 11148.4 11147.9 11149.4 11151.3 11149.9 11150.6 11152 11150.3 11148.2 11149.2 11153 11156.4 11159.6 11162.8 11165.2 11166.3 11163 11160.3 11159.2 11158.7 11161.8 11167.2 11173.1 11177.4 11179.7 11187.9 11197.8 11207.6 11205.6 11204.1 11204.6 11206.1 11208.3 11210 11211.7 11212.1 11212 11210.8 11209.2 11207.5 11205.4 11203.4 11201.4 11199.9
11120.4 11124.5 11132.4 11141.8 11151.8 11157 11160.5 11164 11165.7 11167 11168.6 11170.1 11171.1 11171.6 11171.9 11171.7 11171.5 11172.7 11173 11166.8 11155.6 11148.7 11147.7 11150 11152.2 11149.6 11147.2 11147.9 11148.5 11149.7 11148.9 11147.3 11148.8 11153.2 11157.5 11161.6 11165.9 11168.1 11166.8 11163.9 11161.9 11160.6 11159.4 11162.8 11166.9 11170.4 11172.5 11175.2 11188.7 11202.4 11216.1 11215.4 11211.1 11209.3 11209.3 11210.2 11211.4 11211.8 11209.4 11207.9 11210.7 11210.7 11209.9 11208 11205.8 11203.3 11200.9
11122.3 11126.4 11134.2 11142.6 11149.8 11155.4 11159 11160.3 11161.7 11165.8 11168.3 11170.4 11172.2 11173.9 11175.6 11176.8 11175.6 11173.9 11170.9 11163.8 11153.3 11148.3 11149 11152.1 11154.8 11151 11147.1 11147 11146.9 11146.6 11150.1 11149.3 11150.7 11154.6 11159 11163.3 11167.1 11170.4 11171.3 11170.4 11169 11166.8 11165.4 11168.5 11169.6 11168 11166.3 11163.8 11177.5 11198.3 11212.3 11212.4 11211.5 11211.1 11211.3 11212.6 11214.3 11213.9 11211.8 11209.7 11214.4 11214.1 11212.3 11209.8 11207 11204.4 11201.3
11125.4 11129.5 11136.3 11143.5 11150 11155.3 11158.7 11160.3 11162.4 11165.8 11168.3 11170.4 11172.3 11174.8 11177.6 11180.6 11179.1 11174.3 11168.2 11160.3 11151.5 11149.1 11150.1 11151.8 11152.7 11151.3 11149.9 11147.7 11147.1 11151.4 11155.4 11152.6 11153.2 11156.6 11161.1 11165.5 11169.9 11174.9 11176.6 11173.5 11172.3 11178.9 11181.6 11180.3 11178.3 11176.1 11176.6 11174.7 11183.5 11195.4 11201.4 11207.2 11210 11211 11212.1 11213.7 11216.6 11218.5 11220.9 11225.3 11222.5 11218.3 11214.9 11211.7 11207.8 11204.3 11201.7
11129.9 11133.8 11138.8 11144.8 11151 11156.1 11159.2 11162.1 11165.2 11166.6 11168.1 11169.7 11171.6 11173.7 11176.7 11180.3 11180 11173.2 11165.3 11157.8 11151.6 11151 11152.1 11152.2 11151.3 11151 11149 11147.9 11146.6 11148.2 11152.7 11152 11154.3 11158.5 11163.8 11169.2 11172.5 11183.7 11187.1 11182.5 11181.6 11194.4 11198.8 11193.5 11189.9 11189.9 11200 11204.6 11202 11210.5 11212 11208.9 11208.9 11210.5 11212.4 11215 11218.6 11222.1 11226.9 11232.1 11227.9 11222.6 11217.9 11213.4 11208.9 11204.8 11201.2
11133.1 11136.7 11140.7 11145.5 11150.7 11155.5 11158.5 11162 11164.8 11166 11167.1 11168.1 11169.2 11170.6 11172.1 11174 11175.6 11169 11161.3 11155.1 11155.2 11156.1 11155.4 11155.3 11153.7 11152.6 11151.9 11150.5 11148.1 11146.3 11148.1 11150.7 11154.5 11159.8 11166.4 11174.6 11183.7 11191.9 11195 11193.5 11200.5 11205.1 11206.9 11201.4 11199.5 11201.5 11209.8 11212.8 11214.2 11218.1 11215.9 11208.4 11207.3 11209.3 11212.2 11215.2 11219.2 11222.9 11226.6 11231.1 11227.1 11222.1 11217.3 11213.3 11210.1 11206.3 11201.8
11133.7 11137.7 11141.8 11145.7 11149.3 11152.3 11156.6 11160.3 11163.2 11164.3 11165 11165.4 11165.7 11165.8 11165.4 11163.6 11163 11161.1 11156.4 11153.5 11155 11157.7 11157.4 11157.1 11155.6 11154.5 11154.3 11153.6 11152.7 11150.2 11147.1 11149.6 11154.6 11160.2 11166.4 11174.6 11185.3 11183.6 11186.7 11189.5 11193.5 11194.3 11199 11201.7 11205.4 11210.2 11214.4 11219.2 11221.6 11219.1 11201.7 11199.6 11203.7 11208.1 11210.8 11214.5 11217.9 11220.9 11222.4 11222.3 11221.3 11219.5 11216.3 11213 11210 11206.5 11202.9
11136.8 11139.6 11143.1 11146.2 11148.8 11150.9 11155 11158.6 11161.4 11162.1 11162.1 11162.1 11161.9 11161.2 11159.4 11156.2 11153 11153.5 11151.6 11148.9 11152.6 11157.7 11157.3 11155.9 11154.7 11154.6 11155.8 11156.1 11152.7 11150.9 11148.5 11150.4 11156 11160.7 11164.6 11166.2 11167.3 11170.2 11175.8 11179.7 11176 11179.3 11188.2 11199.1 11208.9 11218.3 11223.6 11231.8 11229.3 11218.3 11199.7 11198.4 11203.6 11207.7 11210.8 11214.6 11217.3 11219.4 11219.3 11217.2 11217 11217.7 11215.9 11213 11209.5 11206.4 11202.9
11139.6 11142.3 11144.9 11147.5 11149.6 11151.6 11154.3 11156.8 11158.3 11158.8 11158.8 11158.8 11158.4 11157.4 11155.8 11153.4 11151.5 11149.8 11149.6 11150.6 11154.5 11156.9 11155.8 11154.3 11153.2 11153.2 11152.9 11151.5 11151.3 11154.1 11156.6 11157.5 11160.4 11162.9 11165 11166.2 11169 11174.5 11176 11177.2 11179.6 11179.9 11187.1 11198.3 11210.3 11225.2 11241.7 11248.5 11238.5 11227.9 11215.9 11208.9 11208.8 11210.1 11212.8 11215.1 11217.6 11219.2 11219.9 11220.2 11220.8 11219.1 11216.2 11213 11209.5 11206.1 11202.8
11143.2 11145 11147.1 11149.1 11151.1 11152.7 11154.3 11155.1 11155.3 11155.2 11155.3 11155.3 11155.2 11154.9 11153.7 11151.9 11149.9 11148.4 11149.5 11151 11150.7 11153.3 11154.7 11153 11152.6 11152.5 11151.8 11151.1 11153.8 11160.2 11169.6 11168.2 11165.7 11165.8 11167.2 11171.1 11174.3 11178.9 11177.1 11176.7 11179 11181.7 11188.9 11199.2 11210.2 11227.2 11247.7 11248.3 11241.3 11231.7 11224 11217.2 11213.9 11213.7 11215.2 11215.7 11217.4 11219.3 11221.4 11223.9 11224.7 11220.9 11216.6 11212.5 11209 11206.8 11203.9
11145.9 11147.5 11149.1 11150.8 11152.6 11154.3 11154.7 11153.7 11152.4 11151.6 11151.9 11152.4 11152.9 11153.1 11152.9 11152 11149.7 11148.6 11151.3 11154.4 11156.4 11158.8 11157.6 11154.4 11153.5 11153.6 11153.4 11153.7 11157.8 11162.1 11168.7 11169.8 11168.3 11167.5 11167.6 11169 11169.6 11171.6 11174.6 11175.9 11176 11180.8 11191.9 11203.3 11214.2 11230.4 11243.7 11247.8 11243.9 11235.3 11229.4 11223 11219.1 11216 11215.9 11217.1 11218 11219.8 11221.9 11224.6 11225.8 11221.4 11216.5 11212.5 11208.9 11206 11204.3
11148 11149.4 11150.6 11151.9 11153.4 11154.7 11154.4 11152.3 11149.9 11148.7 11148.7 11149.6 11150.9 11152.4 11153.7 11154.5 11154 11152.3 11155.8 11159.5 11162.3 11166.4 11162 11156.5 11155.8 11156.5 11157.1 11156.7 11157 11160.8 11162.2 11166.4 11168.9 11169.3 11168 11164 11165.6 11167.9 11175.6 11179.7 11180.8 11186.4 11199.8 11211.5 11223.1 11240.1 11256.2 11255.2 11250.6 11243.9 11234.3 11226.6 11222.3 11220.4 11219 11218.4 11218.3 11219.1 11219.7 11222.1 11223.9 11219.1 11214.1 11210.9 11208.1 11206.5 11204.8
11150 11150.8 11151.4 11152.2 11153.2 11154.2 11153.6 11150.3 11146.8 11144.6 11145.4 11147.1 11149.5 11152 11154.9 11158.1 11160.9 11160.4 11162.4 11165.7 11167.7 11168.8 11164.2 11158.9 11159.5 11161.1 11163.1 11165.3 11165.4 11164.4 11163.6 11168.5 11171.1 11172.2 11173.2 11172.8 11175.4 11178.5 11184.3 11190.1 11195.6 11203.7 11213.6 11222.7 11232.7 11246.1 11254.4 11252.8 11246.1 11238.5 11231.9 11228.4 11224.2 11221.9 11220 11219 11218.3 11217.1 11217 11216.1 11214.1 11211.8 11210.1 11209 11208.1 11207.1 11205.6
11151.8 11151.8 11151.5 11151.4 11151.6 11152.6 11153.3 11147.1 11143.4 11141.5 11142.9 11145.2 11148.2 11151.7 11155.8 11160.8 11166.7 11169 11168.3 11169.8 11171.9 11171.4 11167.8 11163.5 11164.2 11166.5 11169.4 11173.4 11174.3 11172.1 11173.3 11176.2 11174.1 11175.1 11179.2 11187.6 11190.1 11192.5 11194.8 11201.7 11214.6 11225.7 11226.8 11233.3 11241.7 11250.3 11250.6 11247.8 11243.2 11235.2 11231 11228.8 11226.4 11223.4 11220.9 11219.1 11218.3 11217 11214.3 11210.9 11205.5 11205.2 11207.4 11207.9 11208.2 11208 11207.6
11153.4 11152 11150.7 11149.7 11148.5 11146.5 11142.5 11141.7 11140.3 11139.9 11141 11143.5 11146.8 11150.6 11155.1 11160.4 11166.3 11170.3 11169.9 11169.4 11168 11170.1 11169.7 11168 11169.3 11171.3 11173.8 11175.4 11175.6 11176.5 11176.5 11173.3 11174.2 11175.8 11178.7 11183.8 11193.6 11197.3 11199.4 11206.2 11217.7 11225.9 11230.2 11238.4 11245.9 11245.8 11242.5 11243 11242.3 11238.4 11232.8 11229.7 11227.4 11225 11222.8 11221.4 11219.6 11217.4 11214.3 11210 11205.1 11204.8 11207.9 11209.4 11210.2 11210.3 11210.2
11152.6 11150.8 11149.4 11147.9 11145.7 11142.3 11138.3 11138 11137.9 11137.8 11139.3 11141.9 11145.1 11148.6 11152.8 11157.2 11162 11165.9 11167.7 11167.7 11163.4 11166.2 11170.5 11172.3 11173.9 11175.5 11177.1 11178.4 11175.9 11175.7 11174.6 11172.9 11173.5 11175.3 11177.3 11182 11188.5 11193.6 11197.1 11201.7 11207.8 11212.2 11224 11237.9 11248.1 11247.6 11244.5 11238 11234.4 11234.3 11232 11230 11228.5 11226.8 11225.4 11223 11221.9 11219.6 11216.8 11213.5 11211.2 11210.8 11212.1 11212.6 11213.4 11213.8 11213.6
11148.8 11148.2 11147.7 11146.7 11144.8 11141.9 11138.4 11137.8 11137.5 11137.3 11138.3 11140.8 11143.6 11146.6 11149.9 11153 11156 11159 11163.7 11169.5 11164.5 11166.9 11174.8 11176.7 11177.5 11178.8 11179.6 11178.5 11176.4 11174.9 11173.8 11172.2 11174.2 11176.2 11177.1 11180.5 11186.9 11189.9 11191.9 11193.7 11195.1 11200.2 11213.4 11228.4 11240.9 11245.4 11242.2 11229.5 11221.8 11225.9 11229.2 11230 11229.6 11228.1 11228.5 11226.7 11224.5 11222 11219.8 11218.5 11219.5 11220.6 11218 11216.5 11216.7 11217.5 11218
11143.4 11145 11146 11146.3 11145.7 11144.1 11142.1 11140.7 11139.4 11137.8 11137.8 11140.1 11142.8 11145 11147 11148.6 11149.9 11151.4 11155.6 11158 11161.8 11166.5 11173.7 11176.7 11178.2 11180.4 11182.6 11180.6 11177.7 11178.5 11177.4 11176.2 11177.9 11179.3 11181.2 11181.7 11183.2 11186.4 11187.9 11187.9 11188.4 11191.6 11204.7 11215.6 11226.7 11235.3 11225.6 11221.8 11220.3 11227.3 11230.2 11232.2 11231.7 11231.1 11230 11228.1 11226.4 11225 11223.1 11222.2 11222.6 11222.3 11220.8 11220 11220.7 11221.9 11222.7
11138.7 11142 11144.7 11146.8 11148 11148.1 11147.1 11145.9 11144 11140.3 11138.8 11141 11142.8 11144.2 11145.3 11145.6 11145.2 11144.1 11147.4 11152.5 11157.6 11162.2 11168 11172.8 11175.7 11179.2 11184.8 11193.1 11185.5 11182.8 11181.7 11184 11183.7 11183.1 11181.7 11183 11183.3 11186.5 11187.4 11186.3 11187.2 11194.3 11203 11210.6 11216.5 11215.2 11215.6 11218.9 11226.3 11232.5 11232.8 11232.6 11233.1 11232.7 11231.2 11230.6 11229.6 11228.2 11226.6 11224.9 11223.1 11220.5 11221.9 11223.9 11225.5 11226.9 11228.4
11135.3 11140 11144.1 11148 11151.3 11153.9 11154.4 11154.2 11152.3 11147.6 11144.4 11144.7 11144.8 11144.6 11144.4 11144.1 11143.3 11142.8 11144.1 11151.1 11155.4 11160 11164.6 11167.7 11170.5 11173.5 11177.4 11180.2 11179.1 11179.7 11180.2 11181.8 11184 11187.2 11190.9 11190.8 11190.9 11191.3 11191.3 11190.6 11192.7 11200.4 11204.7 11210.6 11217.3 11216.5 11211.7 11211.7 11221.6 11231 11233.2 11233.7 11233.3 11233.8 11234.1 11233.4 11232.5 11231.8 11231.1 11229.1 11226.5 11224.2 11225.8 11228.6 11231.4 11233 11234.7
11133.4 11138.9 11144.3 11149.5 11154.9 11160.7 11166.5 11168.6 11163 11157.2 11153.2 11149.6 11147.3 11145.8 11145.1 11144.6 11143.8 11142.7 11141.7 11147.3 11153.1 11156.9 11157.7 11160.8 11163.6 11165.6 11166.3 11165.9 11165 11169.1 11175.1 11179.1 11183.8 11190.2 11195.8 11197.7 11198.5 11198 11198.1 11198.7 11200.5 11202.3 11205.6 11210.1 11221.1 11223.6 11210.5 11201.4 11210.6 11225.3 11232.6 11235.6 11236.8 11237.6 11237.6 11238.3 11237.6 11237.3 11236.2 11234.9 11233.1 11231.1 11232.7 11235.5 11238.1 11239.5 11240.4
11133.7 11139.1 11144.7 11150.4 11156.8 11164.5 11174.4 11180.1 11169.5 11162.2 11158.6 11152.3 11148.8 11147.4 11146.8 11146.3 11146 11145.9 11145.2 11149.4 11151.3 11152 11152.6 11154.7 11157.1 11158.7 11159.2 11159.2 11159.5 11163.7 11172.6 11180 11186.5 11192.7 11197.4 11203.2 11204.1 11203.5 11204.4 11207.8 11210.2 11212.2 11211.8 11209 11214.6 11224.8 11207 11190.5 11205.7 11224.6 11233.8 11237.8 11240.2 11241.2 11241.6 11242.4 11242.6 11243 11242.9 11242.9 11242.8 11241.9 11243.3 11245 11246 11245.9 11245.7
11135 11139.8 11144.8 11150.1 11156.2 11162.7 11170 11174.4 11165.3 11158.2 11152.8 11149.4 11148.5 11148.5 11148.5 11148.8 11148.9 11149.6 11150.5 11150.7 11149.6 11150.6 11149.3 11150.8 11152.4 11153.7 11155.2 11157 11160.1 11165.6 11173.5 11182.7 11192.1 11194.4 11200.4 11208.7 11208 11205.7 11206.5 11211.2 11216 11222.9 11222.8 11216.3 11212.5 11205 11205.1 11205.3 11224.6 11234.3 11237.7 11239.9 11241.9 11243 11244.2 11245.2 11246.8 11248 11249.7 11251.4 11254.2 11258.1 11260.3 11256.7 11253.7 11251.8 11250.2
