real_craters/C114-300m.grd
DSAA
238 238
-35.6125 35.6125
-35.6125 35.6125
10080.325074375 11551.78466478
[rows 30 to 59 of 238, columns 67 to 133 of 238]
11164.7 11165.2 11166.5 11167.8 11168.9 11170.1 11170.6 11170.9 11170.9 11170.4 11169.2 11168 11170.4 11174 11175.5 11175.2 11173.7 11171.3 11169.1 11169.9 11169.3 11167 11165.3 11168.8 11172.6 11175.7 11178.6 11181.8 11183.7 11185.4 11186.9 11188.2 11189.4 11190.5 11191.7 11192.5 11193.6 11194.7 11195.4 11195.4 11194.2 11192.4 11194.2 11196.4 11195.9 11197.1 11198.1 11198.5 11198.9 11199.5 11200.1 11199.5 11201.5 11202.3 11201 11201.6 11202.3 11202.5 11203.2 11203.7 11205 11205 11205.1 11205.4 11205.7 11205.9 11205.8
11165.2 11166 11167.2 11168.5 11169.7 11171 11171.7 11171.9 11171.6 11171.2 11170.6 11171.2 11174.3 11179.3 11185.2 11182.5 11178 11174 11171.3 11172.3 11173 11169.5 11165.7 11168.1 11171.2 11174.3 11177 11179.8 11182 11183.5 11185.1 11186.3 11187.6 11188.8 11190.2 11191.2 11192.1 11192.9 11193.3 11193.1 11192.3 11191.1 11192.9 11194.7 11194.7 11195.5 11195.9 11196.4 11196.8 11197.7 11198.4 11198.6 11199.8 11200.6 11200.6 11201.4 11202.2 11202.7 11203.5 11204.1 11204.8 11205.9 11206.3 11207.1 11207.7 11207.8 11207.7
11166 11167.4 11168.5 11169.8 11170.9 11171.5 11173.3 11173.3 11173.1 11172.8 11172.6 11173.3 11176.8 11183.2 11188 11186.5 11181.7 11177.3 11175.2 11175 11176.9 11172.5 11167.6 11169.3 11171.8 11174.2 11176.5 11179.2 11181.5 11183.1 11184.6 11185.5 11186.7 11187.8 11189.1 11190 11190.7 11191.3 11191.7 11191.7 11192.1 11193.6 11194.1 11193.9 11193.6 11194.1 11194.5 11195.2 11195.6 11196.3 11197.2 11198.1 11199.1 11199.7 11200.4 11201.4 11202.3 11203.1 11204 11205.6 11206.4 11207 11207.9 11209.1 11209.9 11210.1 11210.9
11167.4 11168.7 11169.7 11170.7 11172.2 11172.8 11173.2 11175.1 11175 11175 11174.7 11175.3 11179.3 11187.5 11191.8 11190.3 11184.4 11178.2 11175.6 11176.1 11176.5 11173.9 11171.2 11171.7 11173.1 11175.4 11177.5 11178.9 11181.5 11183 11184.4 11185.3 11186.4 11187.3 11187.5 11188.2 11188.8 11189.3 11189.8 11190.4 11191 11192.4 11192.5 11192.5 11192.2 11192.4 11193 11193.9 11194.7 11195.7 11196.8 11197.7 11198.8 11199.9 11201.4 11202.4 11203.4 11204.4 11205.4 11206.7 11207.3 11207.3 11208.9 11210.2 11211.3 11212.8 11214
11170.4 11171.2 11172.4 11173.1 11174.7 11175.1 11175.6 11177.5 11177.5 11177.6 11177.8 11177.9 11181.1 11192.2 11201 11194.5 11187.2 11179 11176.6 11177.6 11177.4 11177.4 11175.4 11174.3 11174.7 11176.4 11177.8 11179.4 11180.3 11181.5 11182.6 11183.4 11184.3 11185.1 11185.8 11186.4 11186.8 11187.2 11187.6 11188.2 11188.8 11189.5 11190.4 11190.5 11190.3 11190.5 11191.2 11192.3 11193.7 11195.3 11196.5 11198 11199.4 11200.6 11201.9 11202.8 11204.5 11205.7 11206.8 11207.7 11208.3 11209.5 11210.7 11211.7 11213.1 11214.9 11216.6
11175 11176.7 11177.3 11177.7 11178.8 11179 11179.6 11179.8 11180.4 11180.7 11181.2 11182.2 11184.6 11192.6 11197.9 11196.1 11191.6 11184.4 11181.9 11181.2 11181.6 11179.9 11178 11176.4 11176 11176.4 11177.7 11178.8 11179.2 11180.2 11181.1 11182.7 11183.4 11184.1 11185.1 11185.5 11185.8 11185.9 11186 11186.1 11186.3 11187.8 11188.9 11187.4 11187.6 11188.3 11190.4 11191.9 11193.8 11195.2 11197 11199 11200.6 11202.2 11203.2 11205 11206.4 11207.8 11209 11210.8 11211.5 11212.1 11213.3 11214.6 11215.6 11217.3 11219.1
11182.1 11182.8 11183.3 11183.6 11184.6 11185.4 11185.3 11185.2 11183.1 11184 11185.3 11188.5 11193.5 11192.5 11193.1 11196.7 11198.3 11197.4 11191.2 11185.1 11180.1 11179.3 11178.9 11178.4 11177.6 11177.3 11177.6 11178.4 11178.9 11179.6 11180.4 11183.2 11183.7 11184.1 11183.7 11184 11184.1 11184 11183.8 11183.5 11182.9 11182 11180.9 11182.8 11185.5 11186 11189.1 11191.3 11193.4 11195.5 11197.5 11199.2 11201.1 11203.1 11205 11207.2 11208.8 11210.3 11212.2 11213.6 11214.4 11215.7 11216.2 11217.5 11218.7 11219.9 11220.9
11184.3 11187.2 11187.5 11187.6 11188.4 11187.8 11187.7 11187.6 11186.1 11187.7 11188.4 11192.1 11196.8 11192.3 11191.7 11197.6 11204.1 11208.9 11198.7 11188.6 11181.5 11180.7 11180.9 11180.6 11180.2 11179.7 11179.3 11179.4 11179.3 11179.7 11180.2 11180.7 11183.1 11182.9 11183.2 11183.3 11183.3 11183.1 11182.6 11181.9 11180.9 11178.7 11177 11180 11183.7 11184.8 11188.6 11191.1 11193.5 11196.5 11198.7 11199.7 11201.6 11203.4 11206.5 11209.3 11211 11212.6 11214.7 11216.1 11216.9 11218.2 11219.5 11220.6 11221 11221.9 11222.5
11187.7 11188.6 11188.8 11189.8 11190.2 11190.1 11190 11187.9 11188.7 11189.3 11190.1 11190.8 11191.7 11191 11191.2 11196.7 11204.7 11210.2 11201.1 11191.2 11184.7 11184.8 11184.5 11183.3 11182.7 11181.6 11180.8 11180.7 11180.2 11180.4 11180.7 11181.1 11183.6 11183.8 11183.9 11183.9 11183.7 11183.3 11182.6 11181.6 11180.7 11178.8 11177.9 11180 11183.3 11184.9 11189 11191.7 11194.2 11196.7 11199 11201.3 11203.4 11205.4 11207.3 11209.6 11211.4 11213.1 11215.2 11216.6 11218.4 11219.7 11220.9 11222.4 11223.6 11224.4 11224.9
11190.8 11191.3 11191.3 11191.5 11192 11191.6 11191.4 11190.2 11189.9 11189.9 11188.9 11187 11184.3 11182.8 11186.4 11192.4 11198.9 11202.8 11199.1 11193.9 11191.4 11190.4 11188.2 11185.8 11184.7 11183.8 11183.1 11182.8 11183.4 11183.6 11183.8 11185.1 11185.2 11185.6 11185.6 11185.4 11185.1 11184.5 11183.8 11182.8 11182 11180.6 11180.5 11182 11184.8 11186.2 11190.3 11193 11195.6 11198.2 11200.6 11203 11205.3 11207.5 11209.5 11211.3 11213.2 11215 11216.9 11218.6 11220.8 11222.2 11223.9 11225.1 11226 11227.2 11228.4
11195 11195 11193.9 11193.7 11193.8 11193.5 11191.5 11191.1 11189.6 11188.9 11186.9 11183.3 11178.2 11175 11181.7 11187.8 11191.3 11193.7 11196.1 11195.3 11197 11194.6 11189.9 11187.9 11186.7 11186.4 11186.1 11186.5 11186.9 11186.9 11187.1 11186.9 11186.9 11187.3 11187.1 11186.9 11186.5 11186 11185.3 11184.6 11184.2 11183.2 11183.1 11184.6 11187.1 11188.2 11192 11194.6 11197.3 11199.9 11202.4 11204.8 11207.2 11209.4 11211.6 11213.8 11215.8 11217.7 11219.5 11221.2 11222.7 11224.6 11226.6 11227.7 11228.6 11229.6 11230.7
11197.3 11197.3 11197 11196.6 11196.2 11198.1 11194.4 11193.9 11191.3 11189.7 11187.9 11183.9 11178.2 11176.9 11181.4 11187.6 11190.4 11193 11195.6 11195.6 11192.7 11191.4 11189.4 11187.7 11186.6 11187.8 11187.9 11187.6 11187.6 11187.7 11187.8 11188.2 11188.2 11188.3 11188.2 11188 11187.7 11187.3 11186.9 11186.4 11186.7 11186.7 11187.6 11189.1 11190.9 11191 11193.9 11196.3 11198.9 11201.4 11203.9 11206.4 11208.8 11211.4 11213.6 11215.8 11217.8 11219.8 11223.9 11223.7 11225.5 11227.4 11228.8 11230 11231.2 11231.4 11230.3
11199.7 11199.4 11199.1 11198.7 11198.3 11199.6 11193 11194.6 11193.3 11192.4 11191.1 11188.4 11182.6 11177.3 11184.1 11193.7 11197.7 11199 11197.4 11195.3 11187.1 11187.2 11187.8 11187.8 11187.4 11187.3 11187.2 11188.8 11188.9 11189.1 11189.3 11189.4 11189.5 11190.1 11190 11189.8 11189.6 11189.3 11189 11188.9 11189.2 11190 11192.1 11193.5 11194 11193.7 11196.1 11198.4 11200.9 11204.4 11205.9 11208.4 11212.3 11214.9 11217.3 11220 11222.2 11224.4 11226.2 11227.8 11229.9 11231.8 11233.2 11234.1 11234.7 11234.4 11232.5
11201.3 11201 11200.3 11199.9 11199.4 11201.1 11196.5 11195.6 11194.7 11193.7 11194.9 11195.3 11194.1 11185.9 11188.3 11201.4 11221.6 11210.5 11197.5 11189.3 11190.3 11188.3 11187.9 11188.4 11188.6 11188.2 11188.5 11186.6 11186.9 11187.3 11187.7 11190.8 11191 11191.6 11191.6 11191.6 11191.5 11191.3 11191.2 11191.1 11191.4 11192.3 11193.9 11195.1 11195.9 11195.9 11198.9 11201.4 11204.3 11207.4 11210 11212.7 11215.2 11217.8 11220.2 11222.4 11224.6 11226.8 11228.8 11230.8 11232.7 11234.8 11236.5 11237.7 11238.6 11238.6 11237.2
11202.9 11202.7 11202.5 11202.3 11201.8 11199 11197.1 11196 11196.2 11194.9 11196.1 11199.3 11205.4 11193.2 11189.4 11199.8 11207 11204.6 11192.7 11185.1 11189.1 11188.5 11188.1 11188.3 11188.7 11187.1 11187.5 11189 11189.5 11190 11190.5 11192.3 11192.7 11193.1 11193.3 11193.4 11193.5 11193.5 11193.4 11193.4 11193.4 11193.6 11194.5 11195.8 11196.6 11197.4 11200.9 11203.9 11207 11210.1 11212.8 11215.5 11218.4 11220.9 11223.3 11224.9 11227.1 11229.3 11230.8 11232.8 11234.9 11236.8 11238.8 11240.9 11242.5 11243.7 11243.1
11203 11203.2 11203 11202.9 11202.4 11200.9 11199.1 11196.2 11194.8 11195.2 11195.3 11196.8 11198.2 11188.5 11187.2 11195.1 11202.1 11196.7 11186.4 11177.5 11182.5 11186.1 11187.5 11188.1 11188.1 11189.6 11190.3 11191 11191.6 11192.3 11192.9 11195.3 11194.1 11194.5 11194.9 11195.2 11195.5 11195.6 11195.7 11195.5 11195.3 11194.2 11194.2 11194.4 11196.5 11199.8 11203.1 11206.7 11210.1 11213.2 11215.8 11218.6 11221.1 11223.3 11225.6 11227.8 11229.8 11231.6 11232.5 11234.4 11236.5 11238.6 11240.8 11243.1 11245.6 11248.2 11250.4
11203.6 11203.6 11203.8 11204 11203.4 11200 11198.9 11198.3 11196.6 11193 11191.1 11189.6 11188.3 11183.1 11184.4 11191 11194.1 11193.2 11187.1 11181.7 11183.4 11186.4 11187.5 11188.8 11191.1 11192.4 11193.4 11193.9 11194.6 11195.3 11196 11197.1 11196.6 11197.1 11197.6 11198.1 11198.4 11198.7 11198.9 11198.7 11198.2 11197.2 11195.2 11193.5 11197 11201.9 11206.2 11209.9 11213.2 11215.9 11218.8 11221 11223.3 11225.5 11226.6 11228.6 11230.5 11232.6 11234.4 11235.8 11237.8 11239.3 11241.6 11244.1 11247.2 11250 11250.1
11204.5 11204.6 11204.5 11206.1 11203 11202.4 11201.2 11199.3 11196.4 11193.7 11188.9 11182.8 11175.9 11179 11183.8 11190 11194.3 11193.2 11193.1 11191.7 11189 11188.8 11190.4 11192 11193.5 11195 11196.3 11195.3 11196.1 11196.9 11197.7 11199.1 11200 11200.6 11201.3 11201.9 11202.4 11202.8 11203 11203.1 11202.7 11201.6 11199.5 11197.6 11201.4 11207.1 11211.1 11214.5 11217.3 11219.2 11221.9 11223.2 11225.1 11227 11228.1 11229.8 11231.4 11233.4 11235 11237.9 11239 11239.9 11241.7 11243.5 11245.7 11249.1 11250.8
11205.8 11206.1 11206.1 11206.2 11205.5 11204.7 11203.4 11202.6 11199.2 11195.3 11189.1 11182 11176.1 11182.9 11187.9 11186.5 11188.6 11192.6 11193.2 11192.1 11191.7 11192.1 11192.6 11193.5 11194.9 11196.9 11198.2 11199.6 11200.6 11201.5 11202.4 11202.9 11202.2 11203.1 11203.9 11204.7 11205.5 11206.2 11206.9 11207.5 11208 11208.1 11207.5 11207.5 11210.5 11214.9 11217.6 11219.5 11221 11222.9 11224.5 11225.5 11227 11228.6 11230.7 11232.2 11233.7 11235.6 11236.9 11237.4 11238.6 11240.1 11241.2 11241.4 11242.9 11244.7 11246
11205.5 11207.4 11207.5 11207.2 11206.8 11205.8 11204.3 11202.9 11201.7 11198.4 11193.4 11187.4 11182.4 11188.3 11189.1 11180.3 11183 11194 11202.4 11197.7 11195 11195.3 11196.8 11197.9 11199.4 11200.5 11202.7 11202.4 11203.4 11204.3 11203.7 11204.6 11205.7 11206.7 11207.6 11208.6 11209.7 11210.8 11212.2 11213.4 11214.8 11216.1 11217.4 11219.2 11221.5 11224.9 11225.6 11225.9 11226.8 11227.3 11228.2 11229.8 11231 11232.5 11234.8 11236.2 11237.4 11238.3 11239.3 11239.1 11239.8 11240.3 11240.7 11241.4 11240.8 11239.1 11234
11203.1 11204.1 11204.5 11205.6 11205.6 11205.3 11204.9 11204.9 11203.6 11202.2 11200 11198.4 11196.2 11191.7 11185.3 11176.8 11181.7 11196.2 11209.7 11202.2 11199.2 11199 11199.6 11200.4 11201.8 11202.7 11203.7 11205.1 11206.1 11207.1 11206.5 11207.6 11208.5 11209.6 11210.8 11212 11213.4 11214.9 11216.9 11218.9 11221.3 11223.9 11227.9 11233.1 11236.6 11236.6 11234 11232.9 11232.9 11232.7 11233.4 11235 11236.2 11237.1 11238.5 11239.7 11240.9 11240.5 11241.3 11241.8 11242.3 11242.2 11241.5 11240.5 11238.8 11237.6 11235.5
11202.1 11202.9 11203.6 11204 11206.8 11207 11206.7 11206.4 11204.8 11205.1 11205.5 11207 11204.5 11196.4 11188.4 11178.1 11182.4 11195 11207.9 11203.6 11202.2 11201.4 11202.2 11202.8 11204.3 11205.2 11205.6 11206.6 11207.6 11208.7 11208.3 11209.5 11210.5 11211.8 11213.1 11214.6 11216.2 11218 11220.2 11222.7 11225.9 11229.8 11236.1 11244.7 11251.2 11244.5 11239.5 11237.4 11236.3 11236 11236.4 11237.2 11238 11239.1 11239.8 11240.9 11241.8 11243.5 11244 11244.8 11244.5 11243.7 11242.3 11240.3 11237.6 11235.9 11235.3
11200.8 11201.2 11201.9 11202.5 11204.1 11204.1 11204.5 11205.1 11205.9 11206.7 11208.5 11210.5 11206.8 11197.5 11188.9 11181.1 11182.6 11189.9 11198 11206.5 11205.3 11204.3 11203.8 11203.9 11205 11205.8 11206.5 11207.6 11208.7 11209.9 11210.2 11211.6 11213.2 11214.6 11216.1 11217.7 11219.5 11221.4 11223.1 11225.8 11229.2 11233.5 11239.2 11244.7 11246.6 11245.5 11241.4 11239.8 11238.5 11238.4 11238.4 11239 11240 11241.9 11242.9 11243.9 11244.8 11246.2 11247 11246 11246.1 11245 11243 11240.3 11236 11232.7 11232.3
11198.3 11198.9 11199.7 11200.5 11202 11202.6 11203.2 11203.5 11204.8 11206.3 11207.7 11209.1 11204.6 11195.5 11185.4 11180.9 11181.6 11185.6 11194.8 11204.4 11205 11204.5 11204.5 11204.3 11204 11204.7 11205.8 11206.9 11208.1 11209.4 11210.5 11211.9 11213.5 11215.2 11217 11218.9 11220.9 11223 11225.4 11228 11231 11234.5 11238.7 11242.1 11245.3 11243.1 11240.4 11240.2 11239.9 11240.2 11240.8 11241.6 11242.5 11244.3 11245.3 11246.3 11248.6 11249.8 11250.6 11249.3 11249.2 11247.8 11245.8 11242.7 11237.1 11232.3 11232.7
11196.5 11197 11196.9 11197.5 11199.7 11200.2 11201 11202 11203.3 11204.8 11205.3 11203.2 11200.7 11194.2 11186.3 11182.7 11180.6 11180.4 11185.5 11195.5 11201.2 11203 11204 11204 11203.9 11204.9 11205.1 11206.3 11207.6 11209.1 11211 11213.2 11215 11216.8 11218.8 11220.8 11222.8 11225 11227.8 11230 11232.2 11234.5 11236.4 11237.7 11236.4 11238.5 11238.2 11239.6 11240.5 11241.6 11242.9 11244 11246.5 11247.7 11248.8 11249.8 11251 11251.5 11252.4 11252.5 11252.8 11252.2 11251.1 11248.6 11242.9 11234.6 11235.8
11196.7 11197 11197.6 11198.1 11198.7 11199.7 11200.4 11201.5 11202.3 11203.1 11203.2 11202.9 11199.3 11194.8 11190.4 11186.2 11181 11178.3 11186.1 11194.6 11198.4 11200.9 11202 11203 11204.2 11205 11206.3 11208.8 11210.4 11212.1 11214.7 11216.2 11218.1 11219.9 11221.9 11223.8 11225.8 11227.1 11229.1 11230.9 11232.5 11233.8 11234.7 11235 11235.5 11235.3 11235.8 11238.9 11241.3 11243.4 11245.2 11246.8 11248.1 11249.4 11250.5 11251 11252 11252.8 11253.6 11254.9 11255.7 11255.9 11256.4 11256.5 11255.5 11250.5 11248.5
11197.2 11197.5 11197.8 11198.1 11198.5 11199.4 11199.9 11200.3 11200.7 11200.9 11200.8 11199.4 11198.3 11195.8 11192.5 11188 11182.6 11179 11186.2 11194 11197.1 11199.1 11200.7 11202.2 11203.8 11205.5 11207.3 11209.1 11210.4 11212.3 11214.3 11216.3 11219.2 11221.3 11223.3 11225.4 11227.4 11229.3 11231.1 11232.6 11233.6 11234 11233.3 11231.9 11230.3 11230.7 11233.6 11237.6 11241.8 11244.4 11246.5 11248.2 11249.1 11250.2 11251.2 11252.8 11253.8 11254.5 11255.7 11256.1 11257.3 11258.2 11260.3 11263.1 11267.7 11278.8 11262.5
11195 11194.9 11195 11195.5 11196 11195.9 11196.9 11197.4 11197.6 11198.3 11197.9 11197.2 11197.1 11196.6 11196.1 11192.1 11185.6 11180.2 11183.8 11190.2 11195.3 11198.3 11200.6 11202.4 11204.2 11206.3 11207.9 11209.9 11212 11214.1 11216.2 11218.4 11220.5 11222.7 11226.1 11227.7 11229.7 11232.3 11233.8 11235.1 11235.8 11235.7 11234.5 11231.9 11227.1 11227.4 11233.7 11238.9 11243.6 11246.4 11248.5 11250 11251.5 11252.5 11253.4 11254.3 11255.2 11255.6 11256.8 11258.3 11260 11261.9 11264.2 11266.9 11268.3 11265.1 11261.9
11193.6 11194.7 11194.3 11194.4 11194.8 11194.9 11195.3 11195.4 11195.4 11195.6 11195.7 11195.4 11195.8 11196 11196.5 11195.4 11189.5 11185.2 11188 11190.4 11193.8 11197.1 11200.1 11202.7 11204.4 11206.9 11209.8 11212.1 11214.4 11216.7 11220.7 11222 11224.2 11226.4 11228.6 11230.7 11232.1 11234.5 11236.2 11237.5 11238.4 11238.5 11237.7 11235.5 11233.2 11233.9 11239.1 11243.5 11248 11250.6 11252.4 11253.7 11253.7 11254.5 11255.2 11255.9 11256.4 11257.4 11259.3 11260.7 11262.2 11264.3 11266.6 11268.8 11268.4 11265.5 11258
11191.7 11190.3 11190.2 11190.9 11190.8 11191.1 11191.5 11191.6 11191.9 11192.3 11193.6 11194.3 11193.9 11193.8 11195 11194.2 11191.9 11189.9 11187.4 11188.9 11191.4 11193.5 11197.3 11200.5 11205.6 11208.6 11211.5 11214.3 11217 11219.5 11222 11224.4 11225.9 11228.1 11230.4 11232.8 11235 11236.4 11238.4 11240.2 11241.9 11242.9 11243.4 11243.4 11244.1 11246.2 11248.4 11250.7 11253.8 11255 11255.9 11256.6 11256.8 11257.3 11257.7 11258.2 11258.6 11259.4 11260.4 11261.2 11263.4 11265 11267.1 11269.2 11268.9 11264.5 11255.1
