real_craters/C114-500m.grd
DSAA
143 143
-35.6125 35.6125
-35.6125 35.6125
10085.932364471 11544.07167291
[rows 0 to 29 of 143, columns 0 to 66 of 143]
11087.3 11081 11076.6 11074.6 11073.7 11069.2 11067.1 11066.5 11068.2 11069.4 11067.3 11068.5 11071 11073.3 11075.3 11077.1 11078.2 11079.6 11083 11085.5 11088.2 11090.6 11093 11094.6 11096.7 11099.7 11103.4 11107.2 11108.8 11110 11112.3 11115.2 11116.7 11118.8 11125.4 11133.8 11147.7 11152.8 11179.9 11208.2 11211.5 11207.1 11198.5 11188.3 11177.3 11170.1 11169 11166.6 11164 11161.7 11160 11157.3 11157 11157.2 11157.2 11159.1 11162.6 11165 11168.4 11172.6 11177.5 11183.2 11189.3 11191.4 11190.3 11188.2 11186.1
11084 11077.5 11072.7 11070.7 11068.8 11068.6 11067.3 11067.2 11068.2 11071.1 11072.3 11073 11074.3 11076.1 11077.7 11079.3 11081.1 11083.7 11084.2 11085.3 11086.2 11088.8 11092 11094 11096.3 11100.2 11104.3 11108.5 11110.9 11112.7 11117.3 11121.1 11123.2 11127.6 11139.4 11152.1 11163.4 11160 11174.7 11199.8 11206.7 11203.5 11196.3 11187.3 11177.8 11170.9 11169.1 11166.2 11162.9 11161.4 11162.5 11166.7 11160.6 11158.2 11157.5 11158.2 11161.3 11165.5 11170.2 11175.7 11182 11188.6 11193.8 11196.5 11196.7 11193.6 11188.2
11082.4 11075.1 11071.1 11069 11069.1 11069 11068.3 11068.5 11069.5 11073.3 11075.7 11076.7 11077.7 11079 11080.4 11081.7 11083.1 11083.1 11085.1 11085.7 11086.6 11088.1 11091 11092.4 11094.4 11098.1 11104.1 11108.9 11112.1 11114.3 11118.1 11125.2 11132 11139.1 11155.1 11169.4 11172.6 11162.6 11191.9 11199.8 11199.7 11199.3 11192.6 11185.4 11179.4 11176.8 11168.8 11163.3 11160.2 11158.7 11157.9 11158.7 11159 11157.9 11156.6 11156.6 11159.7 11164.9 11170.8 11177.2 11184.2 11192 11200.3 11205.7 11202 11197.3 11191.2
11086.4 11079.9 11074.9 11070.7 11071.5 11070.7 11070.9 11070.9 11072.5 11075.9 11077.5 11079.1 11080.8 11082.3 11083.5 11084.4 11085 11085.9 11086.3 11087 11087.8 11087.9 11088.7 11091.1 11093 11095.4 11101.4 11109.5 11115.2 11118.1 11121.6 11131.4 11143.7 11155.2 11164.5 11175.2 11178.2 11169.4 11196.8 11196.9 11196.4 11192.4 11191.3 11183.3 11176.4 11169.2 11163.6 11159.6 11156.3 11153.6 11152 11153 11157.7 11157.2 11154.9 11154.5 11158.8 11164.3 11170.5 11177.2 11184.5 11192.6 11201.4 11208.8 11202.8 11198.8 11192.2
11091.1 11086.4 11082.4 11076.6 11076.1 11075.6 11074.7 11074.2 11074.6 11078 11080.3 11082.2 11084.4 11086 11087.1 11087.5 11087.4 11086.9 11087.7 11089.1 11089.5 11090.3 11090.1 11092.6 11094.3 11097.5 11102.7 11113 11122.3 11125.9 11129 11138.8 11151.5 11161.9 11166.2 11170.4 11172.7 11170.2 11190.5 11196.6 11195 11194.3 11191 11181.5 11171.2 11161.3 11157.3 11154.8 11152.5 11150.3 11148.1 11151.5 11161.3 11165.9 11157.1 11155.4 11159.3 11164.9 11170.6 11176.8 11183.3 11189.6 11194.7 11194.9 11196.9 11196.2 11191.1
11093.8 11090 11087.9 11082.8 11081.6 11080.6 11079.4 11078.8 11079.6 11082 11084.2 11086.2 11088.7 11090.5 11091.4 11091.7 11091.3 11090 11091.9 11094 11094.8 11097.5 11098.6 11097.5 11097.6 11101.1 11109.5 11117.8 11126.9 11135.1 11136.5 11145.6 11156 11163.4 11166.4 11167.7 11168.3 11169.6 11190 11198.8 11199.6 11195 11187.7 11179 11167.3 11154.2 11151.5 11152.3 11151.5 11149.1 11146.8 11151.3 11160.7 11165.4 11163 11158.6 11161.2 11165.9 11170.8 11176.7 11181.9 11186.1 11188.5 11188.4 11191.4 11192.8 11189.3
11097.5 11093.4 11090.5 11086.8 11086.6 11085.6 11084.2 11083.7 11084.8 11087 11089.6 11092.4 11094.4 11095.8 11096.5 11096.7 11096.5 11097.2 11098.4 11101.1 11103.2 11104.1 11104.9 11104.8 11103 11105.2 11113.2 11121.6 11129.5 11139.1 11145 11152.3 11160.8 11166.3 11169.6 11167.4 11165.2 11168.9 11198.9 11203.9 11199.5 11195.3 11187 11176.9 11167 11156.7 11153.1 11153.4 11152.1 11150.7 11150.2 11153.7 11161.7 11166 11166.3 11161.5 11163.5 11168.1 11172.2 11176.3 11180.1 11182.9 11185 11187.2 11187.9 11189.8 11187.9
11102.1 11098.1 11094.8 11090.4 11091.2 11090.8 11089.5 11088 11089.2 11092.1 11095.7 11099.1 11101.4 11102.1 11102.1 11101.7 11101.7 11101.7 11103.7 11108.3 11110.7 11110.6 11113.1 11115.5 11115.3 11113 11116.4 11128.3 11139.4 11147.6 11154.4 11157.4 11162 11166.6 11169.1 11170.5 11165.5 11195.6 11212.9 11204.9 11198.1 11190.4 11182.5 11175 11167.4 11161.9 11159.1 11156.5 11154.7 11153.9 11153.9 11155.7 11158.6 11164.6 11165.3 11163.8 11167.7 11171.4 11174.9 11177.8 11180.3 11181.7 11183 11182.2 11184.5 11185.8 11186.6
11108.4 11104.3 11101.2 11096.3 11095.4 11096.3 11096.1 11096 11098.2 11100.4 11105.2 11109.6 11110 11109.6 11108.6 11107.3 11106.9 11107.9 11110.5 11113.9 11116 11116.8 11122.3 11129.3 11133.8 11126.4 11125.8 11139.1 11151 11157.4 11160.7 11161.3 11161.3 11168.1 11172.4 11177.4 11171 11209.7 11212.3 11201.4 11190.2 11182.3 11176.1 11168.8 11164.3 11161.8 11160.3 11157.9 11157.7 11158.3 11157.7 11159.3 11160.1 11171 11176.2 11173.4 11174.3 11176.2 11178 11179.7 11181.1 11182.2 11183.1 11186.1 11187.7 11187.4 11185.5
11112.4 11110.9 11109.2 11106 11103.6 11103.1 11104.1 11107.3 11110.6 11116.4 11120.4 11119.8 11118.8 11117.1 11114.8 11112.8 11111.6 11111.6 11113 11116.6 11120.2 11124.3 11132 11141.9 11150.2 11141.9 11141.2 11152.4 11166.1 11169.9 11166.9 11165.9 11167.5 11173.4 11181.8 11181.2 11176.2 11183.5 11191 11185 11179.1 11172.4 11168.3 11164.6 11160.6 11157.1 11155.4 11156.4 11160.1 11165.2 11169.6 11169.2 11171 11186.4 11192 11183.9 11182 11180.9 11180.3 11180.7 11180.6 11181.2 11182 11184.1 11184.7 11183.3 11184.1
11118.1 11117.4 11117.4 11117.9 11115.1 11111.6 11112.3 11112.8 11119.7 11129.9 11134.9 11132.6 11128.6 11123.9 11120 11116.8 11114.9 11114.2 11115 11118.2 11124.2 11130.5 11139.2 11148.3 11157.5 11156.1 11155.6 11162.3 11170.8 11170.5 11169.7 11168.5 11169.7 11174.9 11185 11191.5 11184.3 11162.4 11164 11167 11168.3 11167.1 11165.3 11161.9 11158.1 11152.8 11148.2 11154.5 11161.2 11168.6 11175 11176.8 11183.6 11194.3 11198.8 11191.8 11188.1 11185.7 11184.3 11183.7 11183.1 11181.9 11180.4 11178.1 11176.4 11179.7 11183.2
11123.1 11121.6 11121.6 11122 11119.9 11120.2 11121.4 11121.8 11128.2 11137.8 11144.4 11138.8 11134.2 11127.5 11123.3 11119.6 11117.4 11116.1 11116.7 11119.6 11129 11138.4 11144.1 11149 11153 11159.2 11161.2 11165.9 11172.1 11166.8 11169.3 11169.6 11170.2 11172.2 11176.9 11189.9 11194.6 11150.2 11148.7 11155.7 11159.1 11161.4 11162.2 11161.6 11159.4 11155.3 11152 11157.6 11162.1 11166.6 11170.9 11175.2 11183.2 11191.8 11196.2 11195.4 11192.7 11190.4 11188.3 11187.1 11185.8 11184.2 11181.4 11177.1 11173.2 11179.9 11185.2
11124.4 11122.7 11121.7 11122.5 11124.2 11126.1 11128.4 11130.8 11131.8 11133.4 11132.5 11131.9 11129.2 11127.5 11124.2 11121.2 11118.8 11117.2 11116.4 11120.6 11132.3 11142.8 11146.8 11149.5 11150 11150.9 11156.2 11161.8 11169.9 11178.9 11172.8 11170.3 11170.9 11172 11169.4 11183.3 11204.5 11146.4 11140.4 11144 11152.4 11156 11159.6 11160.3 11161.3 11162.7 11164 11165.6 11164.9 11163.2 11163.5 11167.5 11177.5 11192.1 11195.6 11196.6 11195.8 11193.9 11192.1 11190.5 11187.4 11186.2 11184.8 11184.2 11186.7 11186.5 11188.6
11122.4 11121.5 11120.3 11119.4 11121.8 11129.1 11135.2 11135.1 11131.7 11129.4 11126.3 11128.2 11128.3 11127.6 11124.9 11122.5 11120.4 11118.9 11119.4 11123.3 11133.5 11142.4 11148.2 11152.1 11152.1 11147.5 11152.2 11154.6 11155.9 11164.7 11168.5 11170 11170.5 11173.7 11159.6 11161 11166.4 11143.2 11139.5 11141.4 11144.8 11151.1 11154.9 11158.7 11162.8 11168.5 11177.3 11174.8 11168.5 11164.4 11161.4 11159.5 11167.9 11188.8 11197 11198.3 11196.5 11195 11193.2 11191.9 11191 11189.4 11189.4 11190.3 11191.9 11191.8 11192.4
11117.8 11119.6 11120.1 11120.8 11121.9 11126.3 11128.3 11129.1 11129.5 11128 11128.6 11128.1 11130.7 11128.4 11125.7 11123.6 11121.6 11120.6 11121.4 11125.4 11133 11142.1 11148.9 11154.4 11157 11155.9 11153.2 11151.5 11150.8 11152.2 11160.7 11168.1 11164.6 11155.1 11142.4 11144.7 11147.9 11146.9 11143.8 11144.4 11145.8 11147.7 11152.1 11157.2 11162.9 11169.5 11175.7 11174 11169.5 11166.6 11163 11161.8 11167.6 11178 11195.1 11197.3 11196.8 11195.9 11194.1 11193.7 11193.6 11193.1 11194.1 11194.9 11192.9 11195.6 11196.8
11116.9 11119.1 11120.6 11122.4 11125.3 11127.2 11127.3 11128.7 11128.7 11127.1 11123.9 11126.2 11127.2 11127.1 11126 11124.5 11122.9 11122.2 11123 11128 11135 11142.9 11150 11155.3 11158.8 11158.9 11153.7 11150 11145.8 11146.8 11153.6 11157.7 11153.5 11143.5 11136.3 11141.6 11147.7 11149.6 11146.8 11147.6 11147.7 11151 11153.7 11158.9 11164.2 11169.2 11172.7 11171.5 11168.3 11164.2 11163.5 11165.1 11171.1 11181.1 11190.8 11193.6 11193.1 11193.1 11192.8 11193.2 11193.6 11195.1 11197.1 11200.2 11204.6 11205.7 11201.4
11118 11119.3 11121.6 11124.6 11121.7 11126.7 11129.9 11131.2 11130.3 11128.9 11128 11127.7 11128.5 11127.5 11126.8 11126.1 11125.2 11124.8 11124.6 11130.6 11141.2 11146.7 11150.9 11155.3 11155.2 11154.2 11152.4 11149.7 11148 11147.3 11148.6 11147.6 11145.1 11138.7 11132 11138.8 11143.3 11150.2 11152.4 11151.4 11154.5 11154.5 11158.3 11162.3 11165.7 11169.4 11173.6 11173.7 11168.8 11164.7 11164.9 11165.9 11171.3 11181.9 11187.7 11188.1 11188.8 11189.6 11191.1 11192.3 11193.4 11195.5 11198.3 11202.7 11208.7 11209.2 11203.1
11118.3 11119.9 11121.5 11123.1 11127 11127.3 11132.7 11133 11132.1 11131.1 11131.2 11130.5 11130.4 11129.2 11128.4 11128.1 11128.2 11128.5 11130.4 11135.5 11142.5 11147.4 11150.8 11152 11154.2 11153.8 11152.3 11147.2 11143.3 11146.6 11147.5 11142.9 11140.9 11136.1 11128.5 11135.1 11144.2 11150.1 11155.3 11158.2 11160.3 11162.4 11164.9 11167.1 11169 11170.6 11171.7 11170.6 11169.7 11168.4 11168.5 11169.8 11168.6 11168.3 11176.3 11181.4 11184.7 11186.7 11188.7 11190.3 11192.3 11194.4 11197 11199.9 11202 11202.6 11200.1
11120.7 11121.2 11122.1 11124.4 11127.7 11128.4 11132.5 11134.7 11133.4 11132.4 11131.2 11130.2 11129.4 11128.9 11128.8 11129.8 11131.1 11132.4 11134.5 11141.3 11142 11147.6 11152.7 11153.9 11153.2 11152.9 11154.4 11157.1 11148.9 11149.2 11148.7 11143.1 11137.3 11134.4 11130.9 11136.7 11143.9 11151.1 11156.6 11161.7 11164.6 11165.8 11167.9 11170 11170.8 11170.9 11169.6 11168.6 11174.6 11175.7 11172.8 11169.3 11169.7 11165.4 11169.2 11175.1 11179.8 11183.9 11186.6 11188.7 11190.7 11192.2 11194.1 11195.3 11194.3 11192.8 11196.6
11124.5 11123.8 11123.1 11124.4 11128.9 11129.8 11133.2 11132.2 11134.1 11133.6 11131.8 11129.6 11129 11128.4 11128.9 11131.1 11133.9 11137.1 11139.1 11138.5 11140.6 11148.1 11155.7 11158.2 11147.1 11149.4 11152.8 11158.4 11157.1 11152 11146 11136.5 11132 11129.7 11130.3 11131.2 11145.5 11153.1 11158.2 11161.2 11165.6 11168 11169.7 11171.1 11172 11172.7 11172 11174 11182.9 11186.4 11178.6 11174.2 11175.7 11168.1 11169.1 11173.4 11178 11181.2 11184.3 11186.5 11188.2 11190.1 11191.4 11192.2 11192.2 11193.5 11194.2
11128.2 11127.2 11126.7 11128.4 11132.8 11133.2 11136.4 11137.7 11137.2 11136.2 11134.8 11132.6 11128.4 11125.9 11128.4 11132.1 11136.1 11141.1 11146.6 11144.6 11145.7 11149.2 11154.6 11158.4 11154.4 11150 11147.8 11144.9 11148.7 11149.2 11145.9 11139.4 11133.5 11132.3 11131.2 11131.5 11151.2 11157.7 11162.4 11165.4 11167.7 11171.1 11172.5 11173.5 11175 11175.3 11176.1 11177.3 11190.6 11193.2 11182.1 11175.7 11176.7 11173.8 11172.7 11175 11178.2 11181.4 11183 11184.8 11186.3 11187.2 11188.2 11189.1 11190 11189.9 11191.7
11128.8 11130.7 11132.5 11135 11138.2 11137 11139.4 11140.4 11139.1 11138.7 11139 11138 11130.7 11126 11129.5 11134.2 11138.7 11142.7 11146.9 11152.1 11153.3 11150.7 11145.8 11148.9 11153.9 11150.7 11146.1 11143.5 11148.4 11146 11142.6 11139.5 11137.7 11134.3 11131.9 11133.8 11155.6 11163.7 11169.1 11171.8 11174.8 11177 11177.8 11179.1 11179.8 11180.5 11181.5 11183.1 11193.4 11196.7 11189.2 11182.2 11181.4 11179.1 11176.3 11176.3 11177.2 11178.6 11180.5 11183.1 11184.2 11185.1 11185.5 11185.7 11186.1 11188.6 11187.2
11131.8 11133.5 11136.5 11139.4 11142 11141.5 11140.9 11140.2 11139.7 11140.1 11140.9 11141.8 11134.6 11130.4 11133.1 11137.1 11141.5 11146 11152 11161.3 11162 11154.4 11147.2 11149 11153.8 11150.7 11147.2 11145.6 11146.6 11145.6 11141.9 11140.8 11140.6 11134.3 11129.9 11140.5 11160.4 11170.6 11176.7 11180.7 11183.7 11185.7 11185.9 11186.5 11186.3 11185.7 11187.2 11194.2 11191.8 11196.2 11204.8 11195.9 11182 11180 11179.8 11179.2 11178.8 11178.9 11179.8 11180.7 11183.4 11183.3 11183.3 11182.7 11181.7 11178 11181
11131.6 11134.1 11136.5 11139.6 11142 11142.3 11141.9 11142.5 11140.7 11140.3 11139.7 11137.4 11136.1 11136.3 11137.4 11140.8 11145.5 11150.9 11156.7 11163.1 11166.6 11158.9 11149.2 11149.4 11151.5 11149.9 11149.1 11149.3 11149.2 11148.3 11145.1 11142.4 11139.5 11136.5 11131 11147.3 11168.3 11179 11184.5 11187.3 11189.9 11190.3 11189.9 11191.1 11190.8 11190.5 11190.2 11189.3 11188.4 11193.9 11206.3 11199.7 11187.4 11186.5 11184.4 11182.2 11182.7 11182.5 11182.9 11183.3 11183.7 11184.8 11184.2 11183.3 11181.5 11179 11181.1
11129.6 11133.5 11137 11139 11139.6 11138.2 11139.7 11141.8 11141 11139.8 11138.8 11137.6 11137.5 11138.6 11140.5 11143.7 11148.4 11153.4 11159.7 11165.8 11168.6 11163.5 11154.3 11147.4 11146.9 11149.3 11150.6 11154.1 11155.9 11153.4 11150 11141.9 11136.1 11138.6 11131 11166.6 11182.1 11188.2 11191.1 11193.2 11195.1 11194.2 11194.1 11193.6 11191.4 11190.1 11187 11181.3 11175.5 11186.5 11191.1 11196 11196.3 11192.1 11187.1 11186.3 11186.4 11187 11186.8 11187 11187.3 11187 11186.3 11185.3 11184.5 11183.3 11185.2
11128.8 11132.9 11137.5 11137.2 11136.6 11135.4 11136.4 11138 11138.7 11138.9 11138.3 11137.7 11138.3 11140.7 11142 11145.3 11150.2 11156.9 11160 11166 11174 11166.5 11160.4 11149.2 11147.8 11151.7 11156.9 11168.7 11165.2 11155.9 11148 11140.5 11138 11137.3 11131.9 11174.9 11191 11195.1 11196.6 11198.3 11200 11199.7 11198.2 11196.1 11192.1 11192.4 11190.5 11184.3 11177.1 11189.8 11194.2 11196.7 11189.5 11188 11187.8 11187.4 11187 11188.6 11188.9 11189.1 11189.7 11189.4 11188.9 11188.4 11188.4 11190 11192.7
11130.2 11132.1 11133 11133.6 11132.6 11133.6 11134.1 11135.7 11137.5 11137.8 11138 11138.6 11139.2 11138.6 11141.3 11145.7 11149.2 11151.8 11156.6 11160.3 11163.4 11162.1 11158.4 11154.5 11153.2 11155.5 11161.6 11168.6 11168.6 11156.7 11144.1 11139.9 11139.2 11138.4 11142.3 11183.1 11194.2 11197.3 11199.1 11201.5 11201.4 11200.8 11201.3 11200.5 11194.5 11195.3 11195.4 11198.2 11186.1 11198.6 11218.5 11194.9 11192.5 11188.3 11188.4 11188.1 11188.8 11189 11190.9 11191.5 11191.7 11191.9 11191.9 11191.8 11192.1 11193.5 11195.7
11129.6 11129.4 11129.8 11130.9 11131.4 11131.8 11132.4 11133.9 11135.8 11136.2 11137.1 11138.6 11140.3 11142.1 11144.9 11146.8 11148.4 11150.1 11152.9 11156.1 11157.7 11156.3 11156.5 11158.8 11158.7 11159.2 11161 11174.2 11174.5 11167.3 11156.1 11147.5 11142.9 11144.3 11154 11183.5 11193.4 11197.1 11200.1 11201.8 11203.5 11203.4 11201.6 11200.4 11198.7 11194.6 11194.4 11197.2 11187.1 11193 11199.9 11184.7 11181 11186.8 11188.2 11189.5 11191 11191.8 11192.9 11195.6 11194.7 11195.3 11195.7 11195.9 11195.5 11194.7 11194.4
11129.5 11126.6 11126.6 11129.7 11133.2 11134.1 11131.4 11130.7 11131.6 11134.4 11135.9 11137 11138.5 11142.3 11145.9 11148.2 11150.5 11151.5 11153.2 11153.7 11153.7 11152.7 11155.2 11162.8 11161.8 11163.9 11170.3 11176.3 11181.6 11186.7 11178.2 11163.3 11152.4 11150.1 11161.6 11178.8 11188.7 11193.9 11199.2 11202.4 11204.4 11204.5 11204 11202.4 11200.3 11197.1 11190.7 11181.7 11179.6 11188.8 11193.8 11191.6 11187.9 11188.3 11191.7 11194.4 11195.9 11195.8 11197.1 11198.9 11200.1 11201 11201.7 11202 11201.6 11199.2 11195.2
11132.7 11130.5 11127.8 11129.3 11130.9 11131.8 11130.5 11132.5 11134.1 11134.9 11135.4 11135.4 11135.7 11139.8 11144.1 11149 11155.9 11161.9 11165.8 11163.9 11159 11159.2 11158.5 11158 11161.2 11165.1 11171.8 11179.3 11182.9 11184.2 11182.1 11176.1 11165 11155.8 11159.4 11172.9 11183.2 11190.6 11196.3 11203.1 11204.8 11206.6 11206.3 11205.3 11202.8 11199.9 11192.2 11180.1 11187 11185.3 11189.2 11195 11192.6 11193.6 11195.4 11199.5 11201.7 11203.4 11202.2 11203.6 11204.8 11206.2 11207.6 11209.1 11210.5 11211 11212.3
