real_craters/C115-300m.grd
DSAA
239 239
-35.7525 35.7525
-35.7525 35.7525
10397.845119503 11979.257389507
[rows 0 to 29 of 239, columns 67 to 133 of 239]
11423 11422.5 11422.1 11421.6 11420.9 11420.3 11420.1 11420.2 11420.7 11421.3 11421 11414.5 11405.2 11399.8 11396.8 11394.7 11393.2 11392.1 11391.4 11390.5 11389.9 11389.8 11389.5 11389.7 11390 11390.4 11391.7 11393.6 11395.4 11396.4 11394.8 11389.8 11383.2 11374.9 11372.6 11373.5 11374.3 11374.7 11374.5 11373.8 11372.7 11373.8 11376.4 11379.1 11381.5 11383.8 11386 11388.1 11389.9 11392.4 11395.2 11400.8 11407.5 11414.7 11422.3 11430.1 11436.5 11439.3 11439 11438.1 11437 11435.3 11434 11432.1 11430.3 11428.2 11426.2
11418.8 11417.2 11419.1 11420.5 11420.9 11420.8 11420.8 11420.9 11421.2 11421.2 11419.3 11413.4 11404.5 11397.9 11394.3 11392.4 11391.3 11390.8 11390.6 11390.6 11390.6 11391 11391.1 11391.7 11392.3 11392.6 11393 11394.1 11394.2 11392.9 11389.7 11385.2 11379.2 11373.1 11372.3 11373.4 11374 11374.4 11374.4 11374 11373.1 11374.5 11376.7 11378.4 11380.3 11382.3 11384.2 11386.1 11387.5 11389.6 11393.6 11399.4 11406.2 11413.4 11420.8 11428.3 11434.6 11438.2 11438.4 11438.2 11437.7 11436.8 11435 11432.8 11431.1 11429.1 11427
11417.6 11417.1 11418.9 11420.3 11420.6 11420.5 11420.2 11420.2 11420.1 11419.9 11418.5 11412.9 11402.6 11394.8 11391.2 11389.8 11389.3 11389.2 11389.7 11390.3 11390.8 11391.8 11392.8 11393.9 11395 11395.7 11396.2 11395.7 11393.9 11390.9 11387.1 11382.8 11378.3 11375.3 11375.2 11375 11374.8 11374.9 11375.3 11375.7 11376.2 11376.2 11376.9 11377.9 11379.5 11381.3 11383 11384.9 11386.8 11389 11392.1 11398.2 11405 11412.1 11419.1 11425.9 11431.2 11434.9 11436.7 11437.8 11438 11437.4 11436 11433.9 11432.1 11430 11427.8
11418.6 11420.9 11421.6 11420.7 11420 11419.3 11418.7 11418.2 11417.7 11417.1 11415.5 11409.9 11397.9 11389.6 11387.7 11387.1 11387.4 11387.8 11388.9 11390.1 11391.2 11392.7 11394.2 11395.9 11397.5 11398.9 11399.9 11398.2 11394.2 11389.4 11384.7 11380.4 11378.1 11379 11379.7 11376.7 11375.6 11375.5 11376.1 11377.3 11378.6 11377.3 11376.3 11377.4 11378.7 11380.4 11382.2 11384 11386.2 11388.8 11392.5 11397.8 11404.4 11411.3 11418 11424.1 11427.9 11430 11435.1 11437.6 11438.6 11438.2 11436.8 11435 11432.7 11430.4 11428.1
11418.9 11421.9 11422.2 11420.1 11418.4 11417.2 11416.3 11415.3 11414.2 11412.7 11410.3 11405 11394.3 11386.5 11384.7 11384.9 11385.8 11386.8 11388.4 11390.1 11391.4 11393.3 11395.4 11397.4 11399.4 11401.4 11402.5 11400.1 11394.7 11388.1 11381.4 11376.9 11375.7 11376.6 11377.2 11376.1 11375.4 11375.4 11375.8 11376.8 11377.7 11377.4 11376.9 11377.1 11377.9 11379.4 11381.4 11383.5 11385.8 11388.5 11392 11397.3 11404 11411.1 11418 11424.4 11428.8 11432.7 11436.3 11438.9 11439.7 11439 11437.4 11435.4 11433.1 11430.5 11428.1
11417.2 11418.8 11418.8 11417.4 11415.8 11414.4 11413.2 11411.7 11409.9 11407.5 11404.2 11399 11390.3 11383.6 11382.4 11383.2 11384.5 11386 11388 11390.1 11391.7 11394 11396.4 11398.4 11400.6 11402.7 11403.6 11401.1 11395.2 11387.8 11380.2 11374.8 11372.8 11371.1 11372.6 11374.2 11374.8 11374.9 11375 11375.7 11377 11377.2 11376.2 11376.5 11377.1 11378.7 11380.8 11383.4 11386.3 11388.3 11391.1 11396.7 11404 11411.7 11419.3 11426.8 11432.3 11436 11439.6 11441.1 11441.2 11439.7 11438.1 11435.8 11433.4 11430.8 11428.3
11414.7 11414.8 11414.5 11413.4 11412.2 11410.8 11409.3 11407.6 11405.2 11402.2 11398.1 11392.5 11386.6 11381.9 11381.1 11381.9 11383.7 11385.5 11387.6 11389.9 11392 11394.5 11397 11399.1 11401.2 11403.1 11403.8 11401.6 11395.8 11388.6 11381.8 11376.1 11372.4 11369.5 11371 11373.3 11374.2 11374.2 11374 11373.9 11375.5 11375.8 11375.2 11375.4 11376.3 11378 11380.4 11383.2 11386 11388.2 11391.1 11396.8 11404.7 11413.1 11421.4 11430.1 11437.2 11442.9 11445.3 11444.2 11442.3 11439.7 11438.2 11435.8 11433.8 11431.2 11428.8
11411.8 11410.9 11409.9 11409 11408.1 11406.9 11405.4 11403.5 11400.9 11397.4 11393.2 11388.3 11384 11381.1 11380.9 11381.7 11383.5 11385.5 11387.5 11389.8 11392.2 11394.9 11397.2 11399.3 11401.3 11402.8 11403.4 11401.5 11396.1 11389.8 11384.3 11379.6 11373.9 11369.8 11372 11374.1 11374.7 11374.4 11373.4 11371.7 11371.7 11372.1 11372.5 11373.6 11375.7 11377.8 11380.2 11383.2 11386.3 11388.7 11391.9 11397.8 11406.2 11415.2 11423.8 11432.3 11441.5 11450.6 11451 11446.1 11441.8 11438.8 11436.9 11434.6 11433.5 11431.3 11428.7
11409.1 11407.1 11405.1 11404.8 11404.4 11403.4 11401.9 11399.9 11397.3 11393.8 11389.6 11384.9 11382 11381.8 11381.3 11381.9 11383.5 11385.5 11387.5 11389.8 11392.1 11394.6 11396.9 11398.9 11400.6 11401.9 11402.1 11400.1 11395.8 11390.6 11385.5 11381.3 11375.4 11371.4 11373.2 11375.6 11375.8 11375.5 11374.5 11372.5 11371.2 11370.8 11372.5 11374 11376.2 11378 11380.1 11383.2 11386.9 11390.1 11393.4 11399.3 11409.1 11418.3 11426.2 11433.5 11441.7 11449.3 11449.3 11444 11439.5 11436.1 11434 11431.8 11431.3 11429.3 11425.6
11406.9 11404.7 11402.5 11401.8 11401.4 11400.6 11399.3 11397.3 11394.8 11391.5 11387.6 11383.2 11380.9 11381 11381.1 11382 11383.4 11385.3 11387.4 11389.7 11392 11394.4 11396.6 11398.4 11399.9 11400.9 11401.1 11399.3 11395.8 11390.6 11385.1 11380 11375.8 11373.7 11374.9 11377 11376.8 11376.7 11377.2 11377.9 11376.1 11376.2 11376.6 11377.8 11378 11378.7 11380.1 11383 11388 11393.8 11398.7 11404.7 11415.3 11423.3 11428.8 11433.2 11437.5 11440.1 11439.4 11437.2 11435.1 11433.2 11431.7 11429.8 11428.1 11426.5 11424.7
11405.2 11403 11401.2 11399.9 11399.2 11398.5 11397.4 11395.7 11393.6 11391 11387.8 11384.5 11382.2 11381.4 11381.3 11382.3 11383.6 11385.4 11387.6 11389.8 11392 11394.6 11396.5 11398.2 11399.5 11400.2 11400.5 11399.8 11395.9 11390.9 11385 11379 11376.2 11376.6 11378.3 11377.9 11377.4 11376.7 11376.9 11379 11377.7 11378.1 11378.5 11379.8 11379.2 11379.5 11380.7 11383.1 11390.5 11401 11410.8 11419.6 11426.6 11430.2 11431.9 11432.3 11432.4 11429.7 11426.7 11428.8 11429.6 11429.7 11429.5 11429 11427.6 11426.4 11424.5
11403.8 11401.5 11399 11397.8 11397.6 11397.1 11396.2 11394.9 11393.1 11391.3 11389.4 11387.5 11385.7 11383.7 11382.5 11383 11384.2 11385.9 11388.1 11390.1 11392.2 11394.8 11396.5 11398.1 11399.2 11399.6 11399.5 11398 11395.5 11392.2 11387.4 11381.5 11379.1 11379.4 11379.7 11379.1 11378.4 11376 11371.7 11369.3 11373.3 11375.9 11376.6 11378.2 11378.9 11380.8 11383.1 11386.2 11396.5 11411 11425.7 11438.7 11439.7 11437.6 11434.9 11431.9 11428.8 11424.4 11422.8 11422.8 11425.4 11427.5 11427.8 11427.7 11427.2 11426.4 11424.5
11402.7 11400.5 11397.9 11396.9 11396.9 11396.5 11395.7 11394.7 11393.6 11392.3 11391 11390.4 11389.9 11385.7 11383 11384 11385.2 11386.9 11388.8 11390.8 11392.7 11395.1 11396.8 11398.3 11399.4 11399.6 11399 11397.1 11396 11395.5 11393.3 11389.6 11386.4 11383.7 11380.4 11383 11380.2 11377.5 11374.6 11370.3 11370.7 11370.8 11370.8 11373.1 11377.1 11383.2 11389.1 11394.3 11406.5 11421.2 11436.2 11449.6 11447.7 11442.3 11437.1 11432 11427.3 11420.6 11411.1 11418.7 11423.6 11426.7 11428 11428.5 11427.5 11427.1 11426.4
11401.9 11400.4 11399.1 11398.4 11397.5 11396.7 11396 11395.1 11394 11393 11392.2 11391.6 11390.8 11387.3 11384.8 11385.5 11386.9 11388.6 11390.4 11392.4 11394.2 11396.2 11397.7 11398.9 11399.9 11400.2 11400.1 11399.3 11399.5 11401.1 11401.8 11402 11399.3 11391.2 11381.9 11383.7 11380.6 11378.6 11379.3 11376.8 11369.5 11364.6 11364.4 11366.8 11375.3 11387.4 11399.4 11409.2 11419.5 11429.9 11440.1 11447.7 11446.8 11442.7 11437.6 11432.4 11427.4 11423.9 11424.4 11423.5 11425.1 11427.6 11429.3 11430.2 11429.6 11429.5 11428.1
11401.1 11400.4 11400.1 11399.7 11398.4 11397.2 11396.4 11395.7 11394.8 11393.9 11393 11391.9 11390.3 11388.4 11386.9 11387.6 11388.6 11390.1 11391.9 11393.7 11395.6 11397.3 11398.9 11400.4 11401.1 11401.7 11402.1 11403.3 11405.2 11406.7 11409.8 11414.5 11414.8 11400.4 11384.8 11381 11378.4 11376 11373.7 11371.1 11367.2 11363.6 11363.2 11366 11376.4 11392.9 11411 11426.6 11431.5 11435.9 11440.4 11442.3 11442 11439.9 11436.6 11432.5 11428.8 11427.4 11426.9 11426.2 11427.5 11429.5 11431.2 11432.3 11431.7 11431.7 11430.4
11400.4 11400.1 11400.1 11399.9 11398.8 11397.9 11397.2 11396.8 11396 11395.1 11394 11392.6 11390.9 11390.2 11390.6 11390.1 11390.3 11391.4 11392.9 11395 11396.8 11398.6 11400.1 11401.6 11402.4 11403 11403.6 11404.8 11406.8 11409.1 11413.7 11419.1 11420.8 11407 11391.3 11380.1 11375.9 11373.1 11370.5 11368 11365.5 11364 11364.2 11367.6 11378.7 11397.3 11417.7 11433.4 11436.9 11438.3 11439.5 11440.1 11439.4 11436.9 11434.2 11431.9 11429.5 11427.9 11424.9 11425.8 11429.9 11432.2 11433.8 11435 11434.3 11434.1 11433.2
11399.9 11399.7 11399.6 11399.4 11398.8 11398.7 11398.5 11398.2 11397.6 11396.8 11395.6 11394 11392.7 11391.9 11392.6 11391.7 11391.6 11392.6 11394.1 11396.1 11397.7 11399.7 11401 11402.2 11403.4 11404.1 11404.4 11404.3 11404.6 11408.1 11413 11416.5 11416.7 11409.1 11399.9 11386.6 11375.2 11371.4 11369.2 11366.4 11364.2 11363.5 11364.6 11369.1 11380.3 11399.2 11419.7 11433.4 11436.8 11436.9 11436.4 11436.2 11434.9 11432.6 11431.2 11430.9 11430.3 11430 11427.7 11429 11434.4 11436.4 11437.5 11437.9 11437.3 11436.9 11436.6
11400.2 11399.9 11399.3 11398.4 11398.9 11399.8 11400.3 11400.4 11400 11399.2 11398 11396.3 11394.4 11392.8 11391.6 11391.5 11392.4 11394 11395.6 11397.9 11399.4 11400.8 11402.4 11403.5 11404.3 11405.3 11405.6 11405 11403.7 11407.2 11411 11411.9 11410.3 11407.1 11403.3 11392.2 11375 11370 11367.7 11364.9 11363 11363 11365 11369.3 11379.5 11398.8 11418.9 11430.9 11433.2 11432.2 11430.3 11428.4 11426.8 11426.1 11427.5 11429.2 11431.5 11434.5 11436.8 11440 11442 11442.3 11442.1 11441.3 11440.6 11439.6 11439.7
11401.5 11401.3 11400.6 11399.2 11400.3 11402 11403 11403.4 11403.2 11402.4 11401.2 11399.4 11397.3 11394.9 11392.5 11392.3 11394.1 11396.6 11398.5 11400.4 11401.7 11402.7 11404.4 11405.3 11405.9 11407.1 11407.7 11408.2 11408.1 11409.8 11410.3 11408.4 11404.8 11403 11400.9 11390.8 11373.8 11368.3 11365.7 11363.2 11361.9 11362.4 11365.1 11369.4 11379 11397.8 11416 11425.5 11427.3 11425.6 11422.4 11418.7 11415.9 11418 11422 11427 11432.3 11438.8 11445.8 11451.4 11449.9 11447.8 11446.1 11444.6 11443.5 11442.5 11442.3
11404.1 11404.2 11404.1 11403.7 11404.9 11406.1 11406.8 11406.9 11407 11406.6 11405.6 11403.7 11401 11398 11394.6 11394.5 11397.6 11400.8 11402.9 11404 11404.8 11405.5 11406.4 11407 11407.5 11409 11410.3 11412.1 11414.9 11414.5 11410.7 11406.5 11402 11400.2 11399.2 11391.1 11375.1 11368.5 11363.7 11362.3 11361.4 11361.3 11363.2 11369.4 11380.7 11397.4 11413.8 11420.3 11420.5 11418.2 11414.4 11409.9 11406.8 11410.7 11416.8 11424.2 11431.8 11440.4 11449.2 11455.6 11454.3 11451.4 11449.1 11447 11445.7 11444.5 11443.4
11407.7 11408.2 11409.1 11410.6 11411.7 11411.1 11410.8 11410.9 11411 11411.2 11411 11409.9 11406.9 11401.4 11401 11400.3 11404.3 11407.1 11408.4 11408.8 11409 11409 11408.9 11409.1 11409.4 11410.4 11411.9 11413.9 11416.6 11415.7 11410.4 11405.3 11400.8 11399.5 11400.9 11399.6 11386.1 11374.4 11366.9 11365 11363.5 11362 11361.8 11370.2 11382.6 11396.9 11409.3 11413.3 11413.2 11411 11407.5 11403.5 11401.3 11405.2 11412.3 11421 11429.8 11438.6 11447.9 11455 11454.4 11451.9 11449.8 11447.8 11446.5 11445.3 11443.8
11411.9 11412.2 11413.5 11416.4 11418.3 11415.2 11414.5 11414.7 11415.3 11416.3 11417.4 11418.4 11418.8 11417.9 11416.7 11414.4 11415.1 11415.3 11414.8 11413.9 11413.3 11412.6 11411.8 11411.4 11411.3 11411.3 11412.1 11413.3 11414.3 11413.1 11408.2 11403.4 11400.1 11399.7 11402.4 11405.1 11401.2 11384.7 11374.7 11371.5 11369.1 11367.2 11366.8 11375.5 11389.1 11397.6 11401.7 11405.2 11406.2 11404.8 11402.1 11399 11396.7 11401 11408.9 11417.7 11426.8 11435.6 11443.5 11449.4 11450.5 11449.5 11447.9 11446.1 11445.8 11445.3 11444.1
11415.9 11415.5 11415.8 11415.5 11413.9 11416.2 11417.2 11417.9 11419.3 11421.1 11423.7 11427.1 11432.1 11438.2 11436.4 11431.4 11427.7 11423.9 11421.1 11418.8 11417 11415.6 11414.1 11413.1 11412.3 11411.4 11411 11410.7 11410.2 11408.7 11404.1 11400.2 11397.8 11397.8 11400.5 11404.9 11407.3 11394.9 11385.2 11380.7 11377.9 11376.3 11377.1 11384.5 11396.4 11400.4 11397.5 11399.9 11401 11400.2 11398.4 11396.3 11395.4 11399.3 11406.6 11414.8 11423.3 11431.5 11438.2 11442.8 11445.2 11445.6 11444.8 11443.8 11443.2 11442.9 11442
11419.1 11418 11417.6 11417.3 11418.6 11419.4 11419.6 11420.7 11422.3 11424.7 11428.1 11433 11440 11449.4 11449 11446.1 11437.5 11430.5 11425.8 11422.5 11419.9 11417.9 11415.9 11414.2 11412.6 11410.8 11409.1 11407.1 11404.6 11401.8 11398.3 11395.6 11393.6 11392.6 11395.9 11399.8 11404.3 11401.3 11394.6 11390.2 11387.9 11387.1 11387.9 11393 11402.2 11403.8 11398.6 11398.3 11398.2 11397.5 11396.3 11395.4 11396.1 11399.5 11405 11412.3 11419.9 11427.4 11433.4 11439.2 11441.8 11441.3 11440.3 11439.6 11439.6 11439.2 11439.7
11420.9 11419.5 11419.1 11420.7 11423.8 11421.5 11421.1 11422.5 11424.5 11427.1 11430.3 11434.4 11439.7 11445.5 11446.5 11444.5 11438.8 11432.8 11428.2 11424.8 11422.3 11420.1 11417.9 11415.7 11413.4 11410.7 11407.8 11404.2 11399.5 11394.3 11392.6 11392 11391 11389.8 11393 11395.9 11400.1 11402.8 11400.2 11398 11397.3 11398.4 11400.5 11403.8 11406.6 11404.4 11400 11398.2 11397.2 11396.3 11395.7 11395.1 11395.2 11397.7 11403.4 11410.3 11417.1 11423.3 11428.5 11434.9 11437.6 11435.5 11434.8 11434.7 11434.7 11435.2 11435.9
11421.6 11420 11419.1 11418.6 11417 11418.7 11421.2 11423.6 11425.9 11428.1 11430.5 11432.9 11435 11435.8 11435.7 11435.7 11434 11431.7 11428.9 11426.3 11424 11421.6 11419.4 11416.9 11414.1 11410.9 11407.2 11402.8 11397.4 11391.5 11390.3 11390.8 11391.2 11392.2 11393.4 11395.1 11398.4 11401.8 11402.7 11403.2 11404.8 11408.2 11413.8 11418.1 11411.8 11404.4 11400.8 11398.7 11397.5 11396.9 11396.6 11396.2 11395.3 11396.4 11403.3 11409.7 11415.1 11419.5 11422.4 11425 11425.6 11426.9 11428 11428.9 11429.7 11430.6 11431.9
11421.1 11420.1 11419.2 11418.1 11416.4 11418.8 11422.3 11425.1 11427.3 11428.8 11430.1 11430.7 11430.1 11427.9 11426.2 11428 11429.2 11429.5 11428.6 11427 11424.9 11422.6 11420.7 11418.1 11415 11411.5 11407.7 11403.3 11398.6 11394.3 11392.5 11392.2 11392.2 11392.7 11393.6 11395.8 11399.1 11402.2 11404.1 11406 11409 11413.4 11419.6 11423.2 11413.8 11405 11401.8 11399.2 11398.5 11398.6 11399.2 11399.5 11400 11402 11406.7 11411.1 11414.4 11416.6 11417.5 11416.3 11414.8 11419.1 11421.7 11423.4 11424.7 11426.3 11427.5
11420.4 11420.6 11420.7 11420.6 11420.6 11422.5 11425.5 11427.7 11428.9 11429.8 11429.8 11429.2 11427.3 11424.2 11421.5 11424.5 11426.9 11428.6 11428.9 11428.1 11426.3 11424.2 11421.7 11418.6 11415.4 11412 11408.4 11404.6 11401.1 11399 11397 11395 11393.9 11392.7 11393.9 11397.1 11400.6 11402.6 11404.6 11407.4 11410.3 11414.2 11418 11418.6 11411.2 11401 11399.4 11398.9 11399.8 11401.1 11402.9 11404.9 11407.4 11410.4 11412.4 11413.9 11414.7 11415 11414.7 11413.4 11413.5 11415.1 11417.2 11418.8 11420.5 11422.1 11423.6
11421 11421.9 11423.3 11424.9 11426.7 11428.8 11430.4 11431.1 11431.2 11430.9 11430.2 11429 11427.1 11425 11423.6 11425.4 11427.4 11429.7 11430.1 11429.5 11428.1 11426.1 11423.3 11420.1 11416.9 11413.5 11409.9 11406.4 11403.6 11401.9 11400.1 11397.2 11396.5 11397.1 11398.3 11398.5 11399.7 11402.1 11404.5 11407.1 11409.5 11412 11414 11413.6 11407.9 11399.2 11396.3 11398.9 11401.8 11404.4 11407.3 11410.5 11414.1 11417.6 11418.2 11417.3 11415.7 11414.1 11412.9 11411.9 11413.2 11412.4 11413.1 11415 11417.2 11418.6 11420.4
11421.2 11423.2 11426.1 11429.7 11433.7 11436.5 11435.9 11434.7 11433.6 11432.5 11431.3 11430 11428.6 11427.7 11427.7 11429.6 11432.3 11432.7 11432.6 11431.7 11430.2 11427.9 11425 11422.2 11419 11415.6 11412 11408.7 11405.5 11401.9 11398.7 11398.3 11398.6 11399.5 11400.3 11398.8 11398.1 11400.3 11403.6 11406.3 11408.1 11409.4 11409.5 11407.9 11405 11399.8 11397.2 11401.3 11405.3 11408.7 11412.2 11415.7 11419.7 11423.5 11422.9 11420 11416.6 11413.5 11410.7 11408.5 11406.9 11406.6 11408 11410.5 11413.1 11415.8 11418
