real_craters/C115-1000m.grd
DSAA
42 42
-20.43 20.43
-20.43 20.43
3592.2611225613 4820.6776314222
4323.2 4323.79 4346.19 4367.07 4344.88 4335.33 4341.66 4344.55 4347.89 4352.12 4361.07 4383.29 4367.98 4391.68 4427.24 4424.8 4433.37 4432.97 4458.8 4445.28 4433.4 4440.26 4437.87 4417.85 4400.35 4396.28 4413.88 4400.33 4385.6 4368.74 4354.61 4373.58 4387.05 4389.78 4388.38 4380.06 4348.65 4341.19 4350.29 4344.18 4350 4357.95 
4321.27 4321.68 4337.06 4347.33 4335.2 4328.86 4326.94 4330.82 4337.86 4344.59 4361.07 4383.81 4385.57 4400.68 4415.85 4404.27 4413.91 4419.7 4438.27 4429.62 4422.5 4429.18 4425.32 4411.76 4395.69 4390.91 4401.78 4394.83 4384.4 4375.31 4376.7 4368.96 4393.83 4396.34 4401.89 4409.57 4391.25 4367.53 4347.26 4344.25 4348.76 4359.93 
4320.22 4321.24 4339.27 4348.64 4344.48 4332.23 4324.64 4321.03 4328.97 4341.98 4364.26 4376.46 4396.27 4415.23 4433.84 4413 4399.52 4416.77 4428.45 4429.3 4427.82 4430.67 4427.72 4416.67 4397.37 4385.87 4387.87 4388.04 4383.79 4378.99 4374.6 4369.53 4386.49 4394.82 4406.65 4414.19 4384.58 4364.61 4354.45 4341.53 4344.13 4354.06 
4319.69 4322.7 4354.26 4374.34 4344.6 4334.46 4325.41 4320.72 4327.6 4344.94 4358.67 4351.85 4379.9 4407.13 4436.49 4423.45 4397.86 4411.81 4425.3 4430.24 4437.68 4434.69 4436.28 4423.9 4402.31 4381.29 4380.47 4378.65 4377.66 4375.3 4371.33 4366.96 4368.04 4382.61 4398.01 4404.81 4376.5 4351.89 4347.81 4342.44 4343.42 4344.27 
4321.22 4336.48 4366.57 4377.73 4338.24 4331.31 4324.69 4319.95 4328.96 4342.8 4342.99 4348.39 4385.26 4405.91 4424.28 4423.82 4405.03 4412.75 4425.18 4428.68 4431.27 4459.26 4460.31 4443.37 4410.48 4383.68 4369.23 4370.01 4371.04 4371.99 4373.69 4367.33 4357.83 4370.49 4381.56 4390.15 4373.78 4351.06 4343.01 4348.87 4358.27 4362.58 
4317.59 4330.35 4354.76 4369.62 4332.27 4323 4325.42 4327.79 4334.52 4341.16 4340.2 4366.43 4390.32 4400.95 4420.92 4420.36 4417.07 4423.41 4428.51 4438.01 4449.09 4461.26 4471.47 4454 4414.46 4376.89 4366.83 4369.24 4368.02 4364.2 4365.88 4369.02 4358.98 4361.73 4369.31 4372.34 4367.84 4347.58 4337.7 4352.82 4370.27 4395.95 
4361.77 4338.96 4350.54 4368.26 4340.74 4324.65 4333.97 4341.28 4346.03 4348.25 4355.67 4375.39 4397.05 4415.16 4424.45 4413.08 4428.39 4443.51 4442.38 4456.37 4467.65 4473.72 4472.31 4452.97 4419.99 4386.02 4378.44 4379.56 4370.66 4360.09 4363.07 4371.09 4359.06 4358.52 4367.73 4372.45 4364.22 4341.68 4337.6 4353.25 4367.35 4377.05 
4357.14 4354.82 4367.76 4373.65 4359.92 4344.88 4339 4342.44 4355.39 4364.41 4351.73 4388.02 4415.3 4442.99 4434.03 4420.6 4430.94 4460.02 4468.52 4476.21 4485.13 4480.29 4475.17 4455.15 4424.95 4400.77 4395.33 4395.27 4375.94 4359.87 4358.59 4356.55 4352.42 4357.97 4368.45 4371.11 4332.36 4338.85 4342.1 4353.69 4363.81 4365.33 
4361.99 4360.37 4368.09 4377.47 4367.16 4347.54 4336.46 4343.03 4362.87 4378.51 4366.43 4400.14 4435.44 4458.5 4451.63 4435.34 4434.13 4452.25 4478.46 4496 4491.68 4477.18 4493.9 4459.95 4425.93 4398.24 4385.4 4388.11 4381.47 4367.73 4368.12 4361.85 4356.78 4361.22 4375.06 4375.54 4342.56 4335.44 4343.58 4355.74 4361.72 4366.46 
4346.33 4355.23 4371.57 4375.18 4367.92 4350.03 4340.2 4345.67 4366.03 4383.97 4365.44 4418.75 4451.36 4466.8 4472.72 4462.63 4451.01 4473.85 4523.27 4528.12 4508.88 4469.64 4450.75 4449.89 4428.46 4403.63 4394.72 4404 4393.72 4385.75 4382.57 4364.73 4355.9 4357.52 4383.23 4387.5 4343.15 4336.56 4351.35 4360.13 4366.54 4357.79 
4330.13 4353.8 4364.54 4365.55 4364.61 4357.51 4352.74 4355.5 4367.21 4378.93 4373.13 4420.29 4467.7 4481.14 4459.33 4489.52 4486.83 4483.2 4517.95 4535.24 4519.84 4479.72 4460.36 4457.19 4432.68 4406.24 4389.14 4406.03 4403.36 4404.94 4407.89 4370.99 4356 4359.8 4382.91 4388.44 4371.44 4359.98 4360.53 4363.94 4361.32 4349.73 
4330.19 4355.45 4359.29 4356.45 4362.53 4361.33 4365.17 4362.29 4363.99 4367.12 4406.03 4445.51 4482.28 4504.08 4494.94 4513.98 4504.58 4510.67 4539.86 4566.68 4606.15 4574.75 4549.31 4481.36 4439.41 4412.77 4395.92 4395.48 4410.79 4410.3 4405.3 4378.33 4366.29 4372.59 4388.23 4392.84 4384.21 4381.35 4377.27 4367.6 4353.25 4341.59 
4336.25 4354.61 4362.19 4354.57 4356.7 4358.84 4360.5 4361.34 4361.19 4370.77 4413.01 4467.41 4464.01 4478.33 4507.56 4502.97 4571.43 4575.89 4502.2 4459.28 4411.85 4422.77 4495.88 4438.57 4412.26 4409.62 4424.32 4425.89 4434.34 4437.31 4409.05 4386.29 4372.23 4372.64 4378.88 4378.87 4390.52 4394.41 4397.28 4368.77 4346.68 4336.58 
4332.78 4368.76 4361 4355.29 4361.03 4358.27 4363.14 4366.74 4367.7 4375.1 4414.77 4463.55 4451.06 4515.38 4543.01 4490.55 4403.69 4398.84 4370.79 4346.05 4267 4272.24 4279.81 4308.14 4338.1 4388.5 4448.99 4463.83 4459.83 4431.84 4398.83 4387.98 4386.4 4382.98 4378.12 4378.92 4397.69 4397.27 4375.03 4356.07 4342.52 4334.64 
4340.08 4354.77 4372.32 4354.95 4344.43 4370.07 4368.1 4373.15 4378.41 4382.73 4395.69 4416.31 4445.53 4591.43 4523.18 4311.12 4330.48 4223.58 4113.39 4003.25 3992.26 4029.53 4077.72 4150.48 4246.65 4335.97 4413.53 4459.93 4461.49 4416.27 4393.25 4380.18 4374.81 4396.32 4382.74 4383.11 4400.96 4395.54 4364.85 4346.99 4338.41 4328.99 
4341.36 4372.13 4377.32 4370.37 4352.82 4358.72 4363.79 4368.9 4382.28 4397.79 4399.91 4398.32 4470.2 4503.93 4289.27 4238.26 3998.94 3954.27 3890.89 3819.16 3800.21 3802.01 3855.52 3996.26 4137.97 4271.06 4383.83 4477.56 4502.72 4428.37 4394.47 4377.84 4371.54 4388.57 4399.86 4396.21 4405.89 4397.99 4375.76 4355.56 4336.73 4327.86 
4369.95 4381.39 4382.65 4385.1 4385.85 4364.55 4355.37 4362.01 4378.82 4401.02 4410.15 4416.01 4619.94 4440.66 4272.6 4027.15 3830.23 3781.23 3762.82 3745.24 3734.94 3728.97 3753.63 3902.08 4073.53 4237.71 4383.26 4512.55 4587 4451.37 4419.61 4395.1 4381.1 4395.79 4401.75 4397.74 4416.51 4401.6 4377.87 4353.74 4338.31 4324.28 
4371.15 4388.33 4386.4 4378.83 4378.32 4362.73 4341.31 4357.08 4384.74 4411.25 4434.8 4475.21 4618.54 4329.63 4174.21 3944.25 3786.01 3717.2 3693.4 3679.98 3674.83 3675.68 3693 3834.53 4018.68 4205.92 4390.39 4554.57 4638.5 4537.83 4467.4 4420.24 4383.41 4382.67 4382.24 4382.78 4397.78 4392.19 4376.07 4361.97 4347.02 4335.33 
4361.92 4381.08 4369.71 4375.7 4369.32 4358.02 4342.28 4353.72 4388.97 4391.96 4446.29 4558.32 4585.42 4277.33 4016.78 3798.37 3706.47 3685.81 3678.63 3664.52 3690.72 3673.73 3667.09 3807.37 3990.74 4200.64 4396.07 4556.08 4661.17 4585.95 4531.56 4466.97 4413.69 4401.97 4403.42 4385.86 4381.53 4379.49 4371.18 4362.99 4360.5 4356.53 
4372.36 4385.19 4375.2 4364.39 4357.55 4352.05 4343.97 4348.41 4376.96 4391.2 4489.05 4658.6 4539.86 4160.61 3961.34 3788.06 3682.47 3683.06 3717.23 3774.34 3847.77 3830.38 3717.25 3810.7 3988.6 4197.21 4391.37 4514.28 4523.47 4695.45 4648.95 4549.35 4456.67 4411.83 4388.31 4380.7 4373.18 4370.07 4365.17 4365.94 4369.6 4381.03 
4361.22 4373.54 4376.38 4360.9 4364.54 4361.05 4356.85 4355.32 4365.16 4401.57 4532.79 4666.6 4453.1 4125.72 3894.95 3783.14 3670.84 3682.38 3734.94 3850.63 3944.66 3888.24 3750.61 3820.71 3992.63 4200.89 4407.9 4528.18 4462.41 4797.73 4750.27 4624.24 4482.09 4382.09 4381.37 4379.86 4373.18 4366.71 4362.2 4367.62 4365.94 4373.74 
4318.48 4335.31 4355.38 4375.42 4369.93 4367.05 4364.17 4378.17 4401.21 4426.38 4561.48 4708.35 4393.65 4125.72 3917.79 3735.3 3675.76 3671.83 3700.62 3773.05 3922.07 3894.46 3717.79 3786.68 3980.67 4205.34 4412.74 4544.31 4381.02 4820.68 4776.97 4649.75 4504.46 4401.31 4393.58 4378.56 4368.75 4363.62 4358.16 4354.24 4351.97 4355.22 
4310.86 4316.21 4341.03 4363.02 4371.09 4365.12 4383.75 4403.56 4389.7 4419.01 4546.43 4647.27 4441.82 4102.58 3940.25 3694.6 3670.62 3662.69 3655.61 3658.37 3715.95 3752.22 3674.83 3762.88 3960.63 4172.36 4377.39 4529.66 4375.3 4781.03 4730.77 4629.27 4516.91 4431.3 4413.27 4386.33 4366.44 4358.91 4354.18 4346.88 4343.61 4353.65 
4312.21 4316.56 4333.32 4369.63 4382.94 4389.11 4379.86 4382.86 4394.03 4424.5 4516.53 4568.32 4514.31 4195.27 3960.69 3838.97 3736.16 3695.6 3641.04 3597.4 3592.26 3648.69 3665.01 3764.2 3955.42 4159.35 4313.59 4363.95 4510.03 4665.6 4637.45 4560.5 4491.97 4437.95 4416.75 4379.5 4361.53 4358.62 4357.24 4355.55 4346.58 4343.03 
4314.72 4314.56 4359.95 4376.99 4391.39 4400.7 4385.38 4392.03 4413.5 4444.57 4495.58 4550.72 4546.83 4411.79 4105.11 3969.97 3861.92 3770.9 3675.42 3615.62 3614.98 3652.75 3693.98 3792.74 3978.61 4171.07 4336.44 4442.56 4403.81 4508.29 4519.78 4487.53 4443.42 4406.55 4387.28 4361.3 4357.29 4360.18 4363.15 4367.89 4371.15 4365.78 
4311.4 4344.62 4373.39 4399.46 4409.56 4395.92 4390.1 4403.64 4431.52 4446.17 4475.56 4479.9 4534.96 4627.8 4372.66 4154.95 4002.44 3867.88 3736.08 3664.05 3660.42 3725.86 3797.16 3894.13 4099.64 4299.3 4474.64 4617.28 4322.23 4405.84 4435.52 4426.24 4408.65 4390.89 4377.75 4367.96 4361.79 4364.79 4370.62 4377.27 4373.06 4361.19 
4334.46 4354.69 4383.73 4398.59 4396.12 4400.78 4404.92 4416 4436.29 4459.29 4476.32 4495.8 4509.73 4538.71 4481.8 4206.78 4080.27 4002.34 3957.31 3827.4 3752.59 3874.37 3969.72 4109.99 4249.49 4403.1 4546.13 4643.44 4370.61 4366.77 4382.56 4385.3 4380.68 4366.4 4369.97 4368.22 4365.45 4365.72 4371.7 4377.79 4374.13 4369.16 
4314.15 4339.43 4379.96 4387.07 4398.58 4405.54 4415.06 4428.52 4459.05 4472.31 4482.72 4484.74 4488.01 4504.49 4558.24 4449.64 4272.24 4193.51 4024.09 4027.07 4087.61 4091.76 4184.82 4235.86 4394.2 4467.17 4512.21 4510.12 4393.8 4357.38 4363.62 4368.77 4365.1 4353.04 4372.21 4359.46 4363.99 4368.38 4372.85 4373.66 4379.82 4385.38 
4315.01 4321.51 4339.96 4402.99 4411.37 4404.37 4415.32 4439.67 4474.73 4487.11 4492.6 4488.1 4466.16 4453.9 4505.29 4569.85 4571.84 4452.68 4409.64 4280.9 4170.24 4295.95 4425.2 4629.26 4539.9 4493.37 4473.08 4422.1 4412.15 4384.67 4373.59 4371.22 4367.55 4369.07 4368.16 4358.9 4364.15 4367.37 4368.5 4369.26 4373.4 4372.71 
4320.79 4338.28 4343.61 4354.88 4351.79 4377.04 4403.68 4419.74 4475.66 4487.75 4486.09 4469.79 4445.11 4414.28 4442.22 4495.05 4519.39 4535.66 4566.6 4544 4570.72 4506.86 4507.19 4531.71 4509.81 4471.29 4441.31 4423.81 4411.62 4401.95 4388.22 4378.61 4376.05 4372.07 4381.58 4377.04 4366.66 4361.33 4363.28 4369.01 4374.05 4341.88 
4327.85 4333.52 4342.6 4343.01 4346.7 4363.21 4389.2 4413.63 4439.27 4466.27 4478.98 4447.01 4412.21 4395.72 4416.06 4437.04 4443.49 4471.86 4473.71 4469.13 4458.85 4454.14 4454.72 4424.27 4426.52 4436.86 4435.14 4433.8 4404.65 4383.18 4374.22 4377.99 4380.54 4399.47 4400.25 4378.15 4358.55 4349.09 4349.26 4352.09 4351.69 4316.43 
4326.32 4325.73 4333.18 4347.01 4351.6 4359.03 4371.21 4378.39 4398.15 4438.05 4487.78 4452.62 4413.51 4393.92 4402.74 4411.03 4419.95 4432.84 4434.25 4410.87 4407.06 4409.45 4411.48 4402.34 4402.47 4409.42 4403.68 4390.55 4380.87 4371.4 4373.13 4375.74 4394.37 4391.16 4388.38 4354.65 4337.84 4335.92 4332.39 4325.62 4324.5 4317.87 
4319.77 4323.48 4332.84 4345.49 4352.92 4359.29 4362.39 4359.47 4361.23 4408.59 4450.73 4444.61 4423.04 4405.09 4396.3 4402.87 4404.46 4419.25 4415.56 4394.67 4387.39 4387.54 4390.78 4394.88 4398.08 4392.07 4390.62 4380.9 4367.41 4354.02 4348.16 4360.51 4379.4 4386.15 4377.36 4340.63 4328.3 4321.39 4314.49 4309.4 4309 4301.42 
4319.41 4320.26 4330.77 4345.66 4355.42 4362.48 4362.52 4354.76 4344.14 4397.4 4460.36 4462.56 4429.76 4410.88 4402.46 4406.46 4417.99 4417.76 4405.94 4395.15 4383.13 4378.84 4382.2 4387.49 4387.29 4382.1 4369.18 4364.3 4362.71 4359.14 4343.65 4353.87 4354.19 4363.91 4371.64 4369.95 4336.3 4318.04 4309.22 4304.44 4321.58 4311.62 
4323.5 4318.88 4326.03 4342.63 4352.62 4361.18 4374.11 4380.82 4375.81 4410.14 4444.91 4425.87 4437.98 4420.23 4404.77 4409.74 4419.35 4412.18 4395.47 4381.01 4375.54 4372.75 4374.57 4374.85 4372.91 4376.26 4373.05 4363.53 4366.77 4368.86 4365.92 4370.15 4374.81 4362.92 4352.61 4347.49 4315.07 4314.59 4309.15 4305.02 4313.09 4314.67 
4329.16 4319.28 4322.6 4333.69 4347.51 4363.65 4381.85 4409.05 4416.47 4427.33 4418.98 4395.19 4430.34 4422.2 4413.43 4411.98 4411.07 4408.75 4390.3 4377.27 4374.19 4372.72 4372.15 4371.79 4375.57 4376.19 4371.22 4367.33 4373.83 4373.46 4365.18 4377.99 4374.71 4360.65 4361.92 4360.34 4344.62 4324.68 4314.67 4310.19 4302.66 4315.66 
4340.97 4330.57 4324.07 4326.81 4349.34 4371.33 4380.31 4401.72 4433.79 4422.09 4394.54 4383.78 4389.98 4404.1 4420.63 4410.67 4400.97 4383.1 4379.04 4373.14 4372.82 4373.1 4367.28 4365.16 4361.29 4373.1 4371.58 4373.9 4378.87 4388.52 4368.32 4376.75 4372.88 4363.65 4360.46 4350.8 4346.82 4334.19 4322.67 4310.59 4305.98 4306.16 
4340.53 4351.95 4334.06 4327.19 4355.52 4377.58 4396.48 4400.74 4423.53 4415.88 4389.06 4369.1 4362.08 4391.12 4399.14 4401.98 4398.73 4390.57 4387.69 4381.07 4372.12 4362.11 4362.79 4365.71 4369.46 4387.63 4390.2 4377.62 4375.57 4372.66 4366.09 4367.5 4362.79 4345.25 4338.36 4334.09 4324.17 4334.24 4339.1 4339.11 4313.25 4299.7 
4330.02 4342.48 4340.99 4341.04 4365.41 4385.02 4398.62 4396.67 4401.72 4393.9 4382.56 4369.86 4364.76 4370.3 4384.62 4384.6 4394.04 4411.08 4395.02 4386.28 4378.63 4370.69 4368.36 4369.96 4374.34 4378.65 4379.78 4374.32 4369.04 4370.16 4377.3 4374.5 4358.22 4330.78 4318.13 4320.2 4336.45 4328.77 4336.7 4356.57 4335.34 4305.95 
4321.08 4341.26 4350.2 4360.76 4369.65 4385.83 4395.46 4401.03 4390.59 4386.17 4379.62 4372.62 4362.17 4359.54 4355.86 4363.22 4371.27 4391.46 4400.82 4397.49 4390.21 4383.78 4380.09 4376.88 4373.86 4372.61 4373.25 4365.07 4355.09 4346.26 4348.29 4338.97 4331.26 4313.52 4309.57 4313.54 4327.67 4319.42 4283.94 4297.28 4335.22 4312.08 
4314.16 4334.26 4361.36 4375.22 4379.02 4395.55 4406.22 4403.86 4400.95 4385.05 4377.12 4372.22 4365.48 4358.13 4357.47 4354.18 4350.32 4368.4 4408.84 4404.2 4397.68 4393.76 4389.4 4383.86 4375.15 4375.38 4370.01 4356.46 4340.25 4323.58 4312.45 4308.96 4311.92 4311.36 4312.96 4319.3 4333.08 4333.56 4334.38 4322.94 4308.69 4301.78 
4313.68 4334.61 4351.66 4368.48 4383.82 4395.19 4408 4411.16 4412.69 4384.05 4376.94 4371.99 4365.34 4363.27 4357.53 4353.05 4351.31 4352.55 4377.2 4389.71 4393.59 4400.55 4401.34 4386.35 4379.08 4379.21 4354.49 4340.58 4328.34 4316.82 4310.05 4306.83 4310.5 4314.04 4314.46 4319.59 4334.15 4338.5 4360.65 4339.92 4303.48 4289.88 
