real_craters/C115-300m.grd
DSAA
239 239
-35.7525 35.7525
-35.7525 35.7525
10397.845119503 11979.257389507
[rows 150 to 179 of 239, columns 134 to 200 of 239]
11745.6 11725.3 11712.2 11697.5 11689 11680.8 11671.5 11659.9 11651.1 11648.3 11649.3 11646.6 11643.3 11639.4 11634.6 11629.2 11623.8 11616.9 11610.2 11602.9 11595.3 11587.1 11583.1 11580.5 11578.2 11575.5 11573.4 11570 11565.1 11563 11560.6 11558.2 11558.7 11558 11555.7 11552.6 11547.6 11545.7 11542.6 11541.5 11545.2 11549.1 11551.5 11551.9 11552 11551.4 11550.8 11549.7 11548.5 11546.9 11544.9 11542.2 11538.3 11539.2 11545.4 11550.5 11554.2 11556.4 11556.5 11552 11549.2 11545.9 11540.3 11533.6 11526 11517.6 11510
11732.2 11714.1 11701.2 11689 11679.7 11671.4 11663.4 11656.5 11654.2 11657.7 11653.1 11647.3 11643.1 11638.5 11634 11629.1 11623.8 11618.1 11612 11605.5 11598.5 11591.8 11586.5 11582.6 11578.7 11575 11571.7 11569.2 11567.6 11567.4 11568 11564.9 11559.9 11555.4 11551.7 11548.8 11546.9 11542.6 11538.9 11537.2 11541.6 11545.4 11548.1 11549.2 11549.4 11549.2 11548.7 11547.6 11546.2 11544.8 11543.4 11542.4 11542.6 11542.2 11543.8 11546.5 11548.5 11549.2 11548 11544.2 11541.3 11538.7 11534.2 11528.3 11521.2 11513.3 11505.6
11720.8 11704.8 11689.9 11679.8 11672.2 11664.9 11658.2 11653.2 11653.3 11657.2 11653.2 11646.7 11642.3 11638 11633.8 11629.3 11624.4 11619.5 11614.3 11608.8 11603.1 11597.5 11591.1 11585.5 11580.2 11575.3 11571.4 11568.5 11569 11571.2 11575 11570 11561.4 11553.9 11547.3 11546.1 11544.9 11541.9 11539.2 11538.8 11542.2 11544.2 11545.9 11546.9 11547.5 11547.5 11546.7 11545.8 11544.8 11543.3 11542.2 11541.7 11542.8 11542 11542.4 11543.6 11544.4 11544.2 11542.8 11539.9 11537.1 11533.8 11529.7 11524.3 11517.6 11509.6 11501.9
11707.6 11695 11683.1 11674 11666.9 11660.5 11654.5 11649 11648.7 11649.6 11647.4 11643.8 11640.6 11637.2 11633.6 11629.8 11625.3 11621.3 11617 11612.3 11607.2 11601.3 11595.4 11588.8 11582.3 11576.2 11570.7 11565.6 11564.4 11570 11575.9 11570.1 11560.6 11552.3 11547.7 11545.2 11544.9 11541.5 11540.1 11539.4 11539.7 11542.3 11544.8 11546.1 11546.7 11546.6 11545.7 11544.4 11543.1 11541.8 11540.6 11539.2 11537 11538.8 11540.2 11541 11541.2 11540.7 11539.2 11536.4 11533.5 11530.7 11526.9 11522 11516.1 11509.2 11502.3
11691.4 11683.6 11676.2 11669.2 11663.4 11657.8 11653.3 11649.4 11646.1 11642.7 11640.8 11641 11639.3 11636.8 11633.9 11630.6 11627.1 11623.4 11619.8 11615.9 11612.2 11607.1 11599.7 11592.2 11584.8 11577.9 11571.1 11564.1 11560.6 11566.8 11570.4 11566 11557.4 11548.5 11542.3 11541.8 11541.2 11539.4 11538.4 11538.1 11538.7 11542 11544.8 11546.5 11546.5 11546.2 11545.2 11543.5 11542.1 11540.4 11539.3 11538 11536 11537 11538.1 11538.7 11538.9 11538.4 11536.9 11534.3 11531 11529.2 11525.8 11521.4 11516.1 11510.5 11504.8
11679.1 11674.9 11672 11667.9 11660.4 11654.7 11651.6 11650.8 11645.5 11642.2 11640.9 11640.4 11639.4 11637.2 11634.4 11631.8 11628.6 11625.1 11621.8 11619.2 11615.9 11610.9 11603.3 11595.1 11587.3 11579.8 11573.3 11567.3 11563.7 11565.2 11567 11561.4 11554.2 11545.6 11538.5 11540.4 11540.2 11537.8 11535.4 11538.3 11539.4 11545 11546.7 11547.3 11546.9 11545.9 11544.7 11543 11541.1 11539.5 11538.3 11538.2 11538.2 11536.7 11536.6 11536.7 11536.9 11536.4 11535.7 11534.2 11532.8 11529.6 11526.1 11521.8 11516.9 11511.8 11506.6
11673.9 11669.5 11666.3 11662.8 11655.7 11649.6 11644.8 11642.5 11642.6 11642.5 11642.2 11641.8 11640.6 11638.3 11635.8 11632.2 11628.9 11625.8 11623 11620.9 11618.7 11613.5 11605.2 11596.9 11589.1 11581.9 11575.5 11570.8 11566.2 11561.7 11559.3 11557 11553 11548.7 11545.2 11543.6 11542.1 11539.4 11538.1 11547.4 11555.3 11552.1 11550.2 11548.6 11547 11545.5 11544 11542 11540 11537.9 11536.2 11536.1 11536.5 11535 11535.2 11535.5 11535.2 11535.4 11535.3 11534.6 11533.2 11530.7 11526.9 11522.6 11518.2 11513.6 11509.1
11672.9 11664.8 11658.9 11653 11649.4 11644.7 11639.7 11637 11640.9 11643.7 11644.7 11644.4 11642.4 11639.6 11636.4 11632.7 11629 11625.6 11622.7 11620.1 11618.9 11613.3 11605.1 11597.6 11590.4 11583.5 11576.7 11570.4 11564.7 11558.1 11553.9 11554.4 11553.4 11551.6 11550.3 11547.6 11545.9 11544.4 11545.7 11555.6 11561.5 11555.9 11551.9 11549.3 11547.1 11545.4 11543.5 11541.4 11539 11536.3 11533.3 11529.5 11528.9 11531.6 11533.4 11534.4 11534.7 11535.1 11535.1 11535 11534.9 11531.9 11527.7 11523.8 11519.6 11515.4 11511.6
11664.4 11657.3 11651.7 11648 11643.7 11641.5 11641.2 11641.2 11642.7 11646.2 11650 11647.3 11643.8 11640.7 11637 11633.2 11629.3 11624.9 11620.5 11616.3 11611.4 11607.7 11602.6 11596.8 11591.1 11585.2 11578.7 11570.7 11565.6 11561.1 11557 11555.5 11554.9 11555 11556 11556.2 11551.2 11547.1 11548.9 11553.7 11557 11553.8 11551.2 11548.7 11546.6 11544.6 11542.8 11541 11538.7 11535.9 11532.2 11526.9 11526.5 11530 11532.2 11533.5 11534.7 11535 11535.1 11534.8 11534 11531.6 11528.2 11524.6 11520.8 11516.9 11512.8
11653.4 11649.6 11644.8 11638.9 11637.9 11638.4 11640.3 11642.1 11643.6 11646.5 11649.7 11647.3 11644.5 11641.4 11637.6 11634 11629.3 11624 11618.1 11612 11606.2 11602.5 11599.6 11595.7 11591.5 11587.5 11583.5 11578 11571.8 11567 11561.8 11557.6 11555.9 11557.3 11560.1 11564.8 11553.9 11544.6 11540 11543 11547.1 11548.7 11548.5 11547.4 11545.8 11544.3 11543 11541.4 11539.5 11537.7 11534.9 11531.1 11530.4 11531.6 11532.6 11533.4 11534.6 11534.8 11534.7 11534.2 11533.2 11531.2 11528.4 11525.2 11522 11518.8 11515.5
11649.2 11644.5 11640.4 11637.1 11635.4 11635.6 11636.7 11639.8 11643 11645.3 11644.6 11645.4 11644.7 11642.3 11638.8 11634.4 11629.1 11623.5 11616.8 11609 11601.6 11599.8 11597.8 11594.9 11591.7 11589.1 11587.9 11586.6 11576.6 11568.8 11562.8 11558.3 11554.9 11552.1 11555.4 11556.1 11551.4 11543.1 11538.2 11539.1 11542.2 11545 11546.3 11546.1 11545.7 11544.8 11543.6 11542.5 11541.1 11540 11539.3 11541 11537 11534.7 11534.3 11534.2 11534.9 11534.7 11534.3 11533.6 11533 11531.7 11528.3 11525.6 11522.9 11520.8 11519.4
11644.4 11641.9 11638.5 11634.6 11633.2 11634.9 11636 11639.4 11643.3 11646.1 11648.2 11648.2 11646.2 11643.4 11639.4 11634.8 11629.6 11623.9 11617.5 11609.9 11602.8 11600.2 11597.7 11594.5 11591.4 11588.5 11587.1 11584.5 11575.4 11565.4 11561.6 11558.5 11555.5 11553.1 11553 11552.7 11549.8 11544.4 11539.8 11538.3 11541 11543.5 11545.2 11546.1 11546.1 11545.6 11544.8 11543.7 11542.6 11541.7 11540.9 11540.5 11539 11537 11535.9 11535.3 11534.8 11534.3 11533.6 11532.5 11531.4 11529.2 11527.7 11525.5 11523.6 11521.9 11520.6
11645.7 11641.5 11638.7 11636.8 11636.5 11637.9 11638.9 11641.4 11644.7 11648 11650.6 11651 11648.3 11644.6 11640.3 11635.7 11630.6 11625.3 11619.9 11614.5 11609.4 11603.5 11598.9 11594.8 11590.3 11585.7 11581.6 11578.9 11573.2 11567.3 11562.8 11559.6 11557.1 11555.5 11553.5 11552.5 11551.3 11549.4 11545.8 11542.4 11543.2 11544.4 11545.6 11546.4 11546.5 11546.4 11545.7 11544.9 11544 11542.9 11540.9 11538.3 11538.9 11538.4 11537.2 11536.1 11534.8 11533.9 11532.7 11531.5 11530.2 11528.8 11527.1 11525.4 11524 11522.2 11520.3
11645.3 11641.1 11639.8 11641.1 11642.9 11642.9 11643.6 11644.1 11646.2 11649 11652.9 11654.9 11649.3 11645.5 11641.5 11637 11632.2 11626.9 11621.8 11617 11611.9 11606.1 11600.7 11595.5 11590 11583.5 11575 11570.6 11572.3 11570.4 11565.6 11560.8 11557.4 11555.7 11553.5 11553.1 11553.7 11553.5 11551 11548.8 11546.9 11546.7 11547.4 11547.7 11547.4 11546.9 11546.3 11545.9 11545.4 11544.6 11543 11541.1 11540.2 11539.4 11537.8 11536.3 11534.6 11533.1 11532.1 11530.7 11529.3 11527.3 11526.5 11525.4 11524.1 11522.3 11520.2
11636.7 11637.5 11639.7 11643.6 11646.9 11645.2 11644.7 11645 11646.9 11648.9 11649.1 11646.3 11647.9 11646.2 11643 11638.7 11633.5 11628.1 11622.7 11618 11612.9 11607.4 11602.2 11597.2 11591.6 11585.1 11577.5 11574.5 11576.5 11574.7 11568.3 11561.5 11556.2 11554.8 11557.9 11556.9 11555.5 11555.5 11553.2 11551.5 11550 11549.3 11549.3 11548.9 11548.2 11547.5 11546.9 11546.5 11546.4 11546.6 11546.8 11545.4 11542.8 11540.3 11538.1 11535.9 11534.4 11532.8 11531.4 11530 11528.7 11527.3 11526.6 11525.9 11524.9 11523.2 11520.7
11625.7 11631.9 11637.9 11643.7 11648.8 11643.5 11641.3 11644.5 11647.5 11649.8 11650 11647.2 11649.9 11648.6 11645.1 11640.6 11635.4 11629.6 11623.1 11615.8 11611.8 11608.4 11604.1 11599.5 11594.9 11590.6 11586.8 11584.6 11584.4 11580.4 11570.5 11561.3 11554.9 11553.8 11557.5 11557.4 11555 11553.1 11552.4 11552.1 11552.1 11551.5 11551.2 11550.5 11549.5 11548.4 11547.4 11546.7 11546.6 11547.5 11549.8 11548.7 11543.8 11540.2 11538.1 11536 11534.4 11532.8 11531.2 11529.5 11528.3 11527.8 11527 11526.9 11526.9 11525.8 11523
11622 11628.7 11635.5 11642 11645.9 11642.9 11641.5 11645.8 11649.5 11652.5 11655.2 11659.5 11655.5 11651.9 11647.8 11642.8 11637.6 11632.1 11625.6 11617.6 11613.6 11610.6 11606.6 11602.5 11598.8 11595.8 11594.5 11592.1 11590.4 11583.5 11571 11559.6 11552 11550.9 11554.2 11556 11555.3 11553 11554 11554.6 11555.2 11554.2 11552.8 11551.7 11550.2 11548.6 11547 11545.9 11545.2 11545 11545.6 11544.8 11541.9 11539.4 11537.3 11535.3 11533.9 11532.5 11531.1 11529.2 11527.6 11526.2 11526.1 11528.1 11530.1 11530.5 11528.8
11623.4 11627.4 11633.5 11639.9 11644.9 11645.9 11646.3 11649.3 11652.3 11655.6 11658.4 11659.3 11658 11654.9 11650.4 11645.4 11640.1 11635.1 11630.9 11626.6 11619.9 11614.3 11609.8 11605.7 11601.9 11598.6 11596.4 11594.3 11591.2 11582.6 11569.4 11556.5 11546.5 11547.1 11550.7 11556.9 11560.4 11561.9 11562.4 11561.4 11559.5 11557.1 11554.7 11552.7 11550.6 11548.5 11546.4 11544.5 11542.7 11540.8 11539.4 11539 11538.6 11537.7 11536.3 11534.6 11533.2 11531.8 11530.6 11529.1 11527.4 11525.7 11526.1 11529.9 11533.8 11536.3 11535.9
11620.8 11625.6 11631.8 11638.2 11643.8 11647.9 11650.1 11652.4 11655.4 11658.5 11661.1 11661.4 11661 11658 11653 11647.4 11641.6 11636.7 11633.9 11633.2 11624.1 11617.2 11612.2 11608.3 11604.7 11601 11596.1 11595 11591 11581.2 11567.8 11554.5 11546.2 11549.4 11556.5 11561.1 11565.9 11570.3 11571.4 11568.6 11563.9 11559.8 11556.3 11553.1 11550.6 11548 11545.4 11543 11540.4 11537.4 11533.5 11534.6 11535.8 11536 11535.6 11534.8 11533.4 11532.5 11531.2 11530.5 11528.7 11527.4 11528.2 11532 11537.1 11541.7 11542.7
11615.5 11622.6 11629.6 11636.4 11642.4 11648.7 11652.4 11654.7 11657.7 11661.1 11664.4 11667.4 11666.6 11661.1 11655.6 11649 11642.1 11635.6 11629.7 11626 11621.8 11617.7 11614 11610.6 11607.7 11605 11602.9 11598 11590.6 11581.2 11568 11554.3 11546.4 11555.3 11563.7 11565.1 11566.8 11571.6 11578.3 11572.5 11566.2 11561.2 11557 11553.3 11550.3 11547.4 11544.9 11542.3 11539.4 11536.7 11534.5 11533.9 11534.6 11535.1 11534.8 11534.7 11533.9 11533.3 11533.3 11531.9 11530.5 11529.2 11529.3 11533.3 11538.5 11544 11548
11611.1 11619.3 11627.3 11634.6 11640.6 11647.6 11653.5 11655.9 11659.1 11662.6 11666.2 11668.8 11668.1 11663.3 11657.1 11650.2 11642.6 11634 11623.6 11616.6 11618.3 11617.4 11615.3 11613 11610.5 11607.9 11605.4 11602.9 11597.5 11585.6 11571.7 11557.7 11551.3 11562.7 11569.8 11567.1 11564.7 11568.3 11572.9 11570.2 11565.2 11560.3 11556.3 11553.1 11549.9 11546.9 11544.4 11541.7 11539.2 11537 11535.4 11534.7 11534.4 11534.5 11534.5 11534.9 11534.9 11534.3 11534.8 11533.9 11533 11531.8 11530.8 11534.1 11537.2 11539.5 11538.6
11607.8 11616.8 11625.6 11633.4 11639.9 11649.1 11653 11656.1 11659.6 11663 11666.5 11669.1 11668.8 11664.7 11658.6 11651.6 11644.4 11636.1 11626.6 11620.2 11620.1 11619.4 11617.5 11615.2 11612.8 11610.8 11608.9 11607 11603.4 11592.1 11578.8 11565.4 11559.8 11569.5 11572.2 11566.7 11562.1 11563.8 11567.5 11564.4 11561 11557.6 11554.6 11551.8 11549.3 11546.7 11544 11541.5 11538.7 11536.6 11535.6 11535 11534.4 11534.5 11534.3 11534.7 11534.4 11536.1 11536 11536.1 11535.9 11535.6 11536 11535.4 11534.6 11531.8 11526.1
11605.4 11615.6 11625.5 11634.3 11640.2 11644.8 11653.6 11656.5 11659.3 11662.1 11665.2 11668.5 11670.4 11664.7 11658.8 11653.3 11647.8 11641.7 11635.7 11630.2 11626.3 11623.5 11620.5 11617.5 11614.4 11611.9 11609.8 11607.5 11604.6 11598.1 11589.1 11577.4 11570 11570.2 11569.3 11564.1 11558.3 11555.8 11556.5 11555.9 11555.1 11553.8 11552.1 11550.3 11548.2 11546 11543.9 11541.5 11538.9 11535.4 11533.9 11534.8 11534.5 11534.6 11534.7 11535.1 11534.6 11536.5 11536.9 11537.8 11538.8 11539.4 11538 11536.7 11532.1 11525.3 11518.9
11603.9 11614.7 11625.7 11636.6 11646.5 11657.2 11656.8 11656.2 11657.9 11659.9 11661.8 11663.6 11665.9 11660.2 11657.2 11654.4 11651.1 11647.7 11644.2 11638.9 11633.1 11628.2 11624 11620.1 11616.3 11612 11609.4 11606.8 11605.3 11604.9 11602.7 11597.6 11586.8 11578.4 11568.9 11562 11554 11546.1 11543.5 11547.8 11549.9 11549.9 11549.2 11548 11546.5 11545 11543.4 11541.4 11539.9 11536.7 11535.2 11535.7 11535.2 11535.1 11535.3 11535.2 11534.7 11536.6 11537.4 11538.5 11540.5 11543.2 11546 11541.9 11530.4 11518.3 11509.2
11603 11613.3 11624.9 11637.7 11651.4 11656.6 11653.5 11653.1 11655.3 11657.4 11658.2 11656.4 11649.4 11653.1 11655.7 11655.3 11654 11652.6 11651.1 11645.1 11638.4 11632.6 11627.5 11623 11618.7 11616.1 11612.6 11609.3 11609.3 11612.1 11614.7 11617 11597.7 11573.3 11564.4 11561.4 11556.8 11545.3 11541.3 11544.5 11546.6 11547 11546.5 11546.1 11545.2 11544.3 11543 11542.3 11542.3 11541.2 11539.5 11537.9 11536.5 11535.8 11535.5 11535.4 11535.7 11535.9 11536.3 11537.5 11539.7 11543.1 11549.5 11544.5 11526.5 11512.6 11503.7
11601.6 11611.4 11622.1 11633.8 11645.4 11643.5 11642.7 11648 11652.3 11655.4 11656.5 11655.4 11651.9 11654.6 11657 11657.1 11656.1 11654.7 11651.9 11647.7 11641.8 11636 11630.8 11626.1 11621.4 11616.5 11616.4 11616.4 11616.3 11617.3 11618.2 11615 11589.8 11558.7 11555.1 11557.9 11560.2 11551.7 11546.8 11545.3 11545 11544.9 11544.7 11544.3 11544 11543.2 11542.7 11543.8 11544.6 11545.2 11543 11539.9 11537.5 11536.3 11535.6 11535.5 11534.5 11534.3 11534.4 11534.9 11535.7 11536.2 11534.1 11525.7 11518.2 11507.2 11500.5
11599.5 11608.3 11617.1 11625.7 11632.4 11632.7 11636.4 11644.9 11650.7 11654.5 11656.9 11658.7 11662.1 11662.1 11660.1 11658.9 11657.6 11656 11654.4 11649 11643.8 11638.8 11634.2 11629.9 11626.2 11623.1 11622.9 11622.6 11621.6 11619.5 11615.5 11604.9 11579.1 11553.3 11546.9 11546.7 11550.7 11557.4 11551.2 11545.7 11543.8 11543 11542.7 11541.9 11541.7 11541.7 11542.1 11543.6 11544.8 11546 11543.4 11540.7 11538.1 11537 11535.3 11534 11533.3 11532.6 11532 11531.5 11530.6 11528.5 11523.7 11517.7 11513.5 11506 11501.6
11597.8 11605.2 11611.9 11617.4 11623 11630.9 11639.4 11645.9 11651.1 11654.9 11657.8 11660.4 11662.4 11662.6 11661.7 11660.4 11658.3 11654.7 11650.6 11649 11645.2 11641 11637.2 11633.8 11631.8 11631.6 11630.6 11629.1 11625.1 11619.3 11611.9 11599 11574.8 11552.8 11541.5 11535.2 11538 11547.7 11545.8 11542.6 11541 11540.5 11540.5 11540.6 11539.8 11541.1 11541.7 11542.2 11542.6 11541.4 11541.1 11540.1 11538.2 11536.5 11534.4 11532.5 11531.4 11530.1 11528.8 11527 11525.6 11522.9 11519.9 11517.7 11514.5 11512.5 11507.8
11597.3 11603.3 11608.2 11612.1 11617.2 11631.4 11644.2 11648.5 11652.2 11655.6 11658.7 11661.1 11662 11661.6 11662.6 11661.4 11659.7 11657.7 11653.6 11650.3 11646.5 11642.9 11639.8 11637.1 11635.5 11636 11638.2 11636.4 11628.1 11617.1 11606.1 11593.1 11571.3 11552.2 11538.7 11529.5 11528.5 11530.9 11536.2 11537.2 11537.4 11537.4 11537.7 11538 11539.3 11540 11540.7 11541.3 11541.2 11540.6 11539.1 11538.6 11536.7 11535 11532.9 11530.8 11528.7 11527 11525 11522.9 11520.6 11518 11515.6 11514.1 11514 11515.1 11511.7
11597.4 11602.4 11606.8 11611.2 11617.9 11631.9 11645.5 11649.2 11652.8 11656.1 11659.2 11662.1 11664.8 11667.1 11663.8 11661.3 11659.7 11661.3 11658.9 11651.9 11647.7 11644.6 11642 11640 11639.4 11642.4 11646.6 11644.1 11630 11612.1 11594.3 11579.9 11567.1 11551.9 11537.6 11527.4 11524.7 11526.5 11530 11532.3 11534 11534.8 11535.6 11536.2 11537.7 11538.2 11539.1 11540 11540.1 11539.5 11537.8 11536.6 11534.6 11532.8 11530.9 11529.4 11526.5 11524.4 11521.7 11519.1 11516.2 11513.2 11510.3 11509 11509.8 11512.1 11511.6
