real_craters/C115-300m.grd
DSAA
239 239
-35.7525 35.7525
-35.7525 35.7525
10397.845119503 11979.257389507
[rows 30 to 59 of 239, columns 134 to 200 of 239]
11415.8 11416.9 11418 11418.6 11419.1 11418.5 11418.6 11418.6 11416.1 11414.2 11414.8 11417.6 11421.5 11425.4 11428.3 11429.6 11429.3 11429 11426.7 11422.2 11416.1 11407.9 11401 11394.8 11393.2 11393.6 11394.3 11395.3 11396.4 11398 11399.3 11400.6 11402.8 11404.8 11408 11411 11412.4 11411.6 11410.3 11409.4 11409 11409.1 11409.8 11411.3 11413.6 11414.9 11415.4 11413.4 11410.9 11408.3 11403.5 11402.4 11402.6 11401.2 11399.8 11399.1 11399.4 11397.4 11395.5 11393.4 11391.3 11389.4 11387.5 11385.6 11383.8 11381.4 11378.9
11412.8 11414.1 11414.9 11416.1 11416.7 11416.4 11416.7 11416.7 11414.4 11410.9 11409.9 11414.1 11419 11423.2 11426.3 11427.6 11427.2 11427.7 11426.1 11422.4 11416.9 11409.1 11401.9 11395.7 11395.2 11396.2 11397.2 11398.3 11399.7 11401.4 11402.6 11404.4 11406.7 11409.4 11413.4 11419 11425 11426 11419.5 11414.7 11411.6 11409.9 11409.1 11409.1 11410.3 11412.1 11413.3 11412.2 11410.3 11408.5 11405.2 11402.1 11401.7 11402.4 11403.1 11401.1 11400.3 11401.3 11398.4 11395.3 11392.3 11389.7 11387.4 11385.3 11383.3 11381.5 11380.1
11411 11412.4 11413.1 11414 11414.5 11414.8 11414.7 11413.9 11411.4 11409.4 11409.6 11412.9 11417.8 11422.5 11426.5 11428.7 11428.9 11429.1 11427.3 11423.9 11419.2 11412.3 11405.2 11399.6 11399.5 11400.3 11401.3 11402.6 11403.3 11404.5 11405.6 11407 11409.2 11411.6 11415.9 11422.3 11429.9 11430.7 11423 11416.7 11412.6 11409.7 11407.8 11406.5 11406.6 11408.9 11410.7 11410 11408.6 11406.9 11405 11403 11401.8 11402.2 11402.6 11401.9 11401.8 11402.1 11399.4 11396 11392.9 11390.2 11387.7 11385 11383.1 11381.6 11380.8
11410.8 11412.1 11412.8 11413.5 11413.7 11413.9 11413.4 11412.4 11410.3 11408.9 11409.5 11412.6 11417.4 11422.5 11427.8 11432.6 11434.1 11432.1 11429.6 11426.6 11423 11417.7 11411.4 11406.1 11406.3 11406.4 11406.3 11406.6 11406.6 11407.3 11407.9 11408.8 11410.4 11412.2 11415.1 11419.3 11423.8 11424.2 11419.7 11415 11411.4 11408.8 11406.3 11403.9 11403.6 11405.7 11407.2 11407.2 11406.4 11405.7 11407.7 11404.4 11402 11400.8 11401 11402.5 11403.1 11401.6 11399 11395.9 11392.7 11389.9 11387.3 11385.2 11383.3 11381.5 11380.6
11411.5 11411.9 11412.7 11413.2 11413.3 11413.3 11412.7 11411.5 11410 11409 11409.6 11412.3 11416.7 11422 11428.2 11434.7 11436.6 11433.8 11431.3 11429.3 11427.5 11425.2 11421.6 11417.3 11415.5 11413.5 11411.7 11410.7 11410 11409.7 11409.8 11410.1 11410.7 11411.5 11412.2 11412.7 11411.7 11413.1 11413.2 11411.2 11409.1 11407.5 11405.5 11403.4 11402.9 11404.1 11404.9 11404.9 11404 11403.4 11404.9 11403.7 11401.1 11398.8 11399 11402 11401.9 11399.6 11397.3 11394.9 11392.4 11389.6 11387.1 11384.9 11382.8 11381 11379.9
11412.8 11412.8 11413.5 11414 11413.9 11413.2 11412.4 11411.8 11408.9 11408.7 11409.3 11411.2 11415 11419.8 11425.7 11431.6 11433.5 11432.2 11431 11430.5 11431.2 11432.7 11434.3 11431 11424.7 11419.9 11416.5 11414.3 11412.4 11411.5 11410.9 11410.8 11410.2 11410.4 11409.5 11408.1 11404.6 11406.3 11407.8 11407.2 11406.4 11406 11405.2 11404.8 11404.5 11404.7 11404.3 11403.3 11401.8 11400.6 11401.8 11401.2 11399.6 11397.6 11397.4 11399.1 11399.1 11397.7 11395.9 11393.7 11391.6 11389.2 11387 11384.3 11382.3 11380.3 11378.9
11414.7 11414.7 11414.9 11414.6 11414.3 11413.2 11412 11410 11407.9 11407.2 11407.6 11409.1 11412.1 11415.9 11420.6 11425.1 11427.2 11427.7 11428.2 11429.4 11431.9 11436 11442.1 11438.6 11430 11423.7 11419.4 11416.4 11414 11412.4 11411.3 11410.7 11409.8 11409.4 11407.9 11406.2 11404.7 11404.4 11404.4 11404.5 11404.1 11404.2 11404.2 11405.1 11405.5 11405.9 11404.3 11402.1 11400 11398.2 11398.8 11399.2 11398.3 11397.3 11396.5 11395.9 11396.3 11395 11393 11392.7 11391.1 11388.8 11386.4 11384 11381.7 11379.5 11377.5
11416.5 11416.7 11416.2 11415.9 11415.3 11414 11412.2 11410 11408.2 11405.3 11405.2 11406.7 11408.5 11411 11414.2 11417.6 11419.7 11421.5 11423.4 11425.7 11428.9 11433 11436.3 11434.7 11429.5 11424.1 11420.1 11416.9 11414.6 11413 11411.7 11410.5 11409.5 11408.9 11407 11405.2 11403.6 11403.2 11402.8 11402.4 11402 11401.8 11401.5 11401.8 11402.8 11403.8 11402.3 11400.2 11398.8 11398.1 11397.8 11397.6 11397.5 11397.1 11396.2 11394.9 11396.5 11396.1 11395.5 11392.8 11390.6 11388.4 11386.1 11383.7 11381.2 11378.9 11376.7
11419 11419 11418.5 11418.1 11417.6 11415.9 11413.9 11410.7 11408.3 11405.9 11404.7 11404.6 11404.9 11405.6 11406.7 11408.6 11411.4 11414.4 11417.1 11419.9 11422.8 11426 11429.3 11427.9 11425.1 11421.6 11418.6 11416.2 11414.5 11412.9 11411.5 11410.3 11409.1 11408.3 11406.5 11404.7 11403.1 11402.5 11402 11401.1 11400.4 11399 11398.1 11397.6 11397.9 11399.1 11398.3 11397.2 11396.7 11396.9 11396.3 11396.4 11397.4 11397.6 11397.7 11398.5 11398.6 11396.4 11394.4 11392.5 11390.2 11388 11385.7 11383.4 11381 11378.7 11376.5
11421.8 11421.8 11421.7 11421 11420.1 11418.8 11417.3 11413 11409 11406.2 11404.6 11403 11401.6 11400.8 11399.7 11399.6 11403.6 11407.5 11410.7 11413.2 11415.2 11416.8 11417.2 11419 11418.9 11417.7 11416.3 11414.8 11413.6 11412 11410.7 11409.7 11408.5 11407.9 11406.4 11405.2 11403.8 11402.6 11401.7 11400.2 11398.5 11396.3 11394.3 11392.9 11391.9 11392.6 11393.1 11393.3 11393.5 11394.3 11395.9 11397.3 11398.1 11398.7 11398.6 11398 11396.1 11394.6 11393.2 11391.7 11389.8 11387.7 11385.5 11383.3 11381 11378.7 11376.7
11425.1 11425.2 11425 11423.9 11422.4 11421 11420.1 11414.6 11410.1 11409 11405.2 11402.1 11399.6 11397.5 11395.7 11395.5 11398.4 11402 11404.9 11406.9 11408.3 11408.7 11409.4 11411.3 11412.8 11413.3 11413.3 11412.6 11412.1 11410.6 11409.5 11408.7 11407.8 11407.2 11406.4 11406.3 11405.1 11403.2 11401.9 11399.8 11397.4 11394.2 11390.4 11388.1 11386.8 11386.5 11388.4 11389.6 11390.3 11391.9 11395.1 11398 11398.2 11398.5 11398 11396.3 11393.3 11392.5 11392.2 11391.1 11389.6 11387.6 11385.5 11383.3 11381.2 11379.1 11377.4
11429 11428.7 11427.8 11426.2 11424 11421.1 11417.5 11410.4 11407.7 11407.8 11404.6 11401.8 11399.1 11396 11393.5 11393.4 11395.7 11398.6 11400.9 11402.3 11403 11402.5 11402.4 11405.3 11407.6 11409.1 11409.9 11409.8 11410.3 11409 11408.1 11407.3 11406.2 11406 11405.7 11407.1 11406.1 11403.6 11402 11399.9 11397.3 11393.7 11389.3 11386.6 11385 11384.7 11385.9 11387.2 11388.4 11390 11392.8 11395.2 11396.7 11396.9 11396.4 11394.1 11390.8 11390.5 11390.6 11390.5 11389.4 11387.6 11385.5 11383.5 11381.5 11379.7 11378.5
11433.3 11433 11432.2 11430.3 11427 11421.5 11413 11406.1 11403.4 11403.2 11404.1 11403.2 11400.8 11396.9 11392.9 11392.5 11395.4 11398 11399.5 11399.9 11399.9 11399.6 11400 11401.6 11403.9 11405.4 11406.6 11406.9 11407.9 11406.8 11406 11405.4 11404.5 11404 11403.3 11404.2 11404 11403 11402.2 11400.8 11398.7 11395.7 11391.3 11388.3 11385.9 11384.6 11384.7 11385.8 11387.3 11388.3 11389.9 11393.6 11396.1 11396.1 11394.4 11392 11389.3 11389.9 11391.6 11391.5 11389.4 11387.4 11385.4 11383.6 11382 11380.6 11379.6
11438.5 11438.2 11437.5 11435.9 11432.9 11427.2 11416.2 11409.5 11405.2 11404.2 11407.5 11408 11406.2 11401.9 11396.7 11396.2 11399.1 11400.6 11400.7 11399.6 11398.5 11397.6 11397.8 11399.2 11401.5 11403.1 11404.4 11405 11404.8 11404.3 11403.6 11403.2 11401.9 11401.2 11399.7 11399.2 11400.5 11401.7 11402.3 11402.1 11401.3 11399.5 11396.9 11392.2 11388 11384.8 11384.5 11385.2 11385.5 11385.6 11386.8 11391.8 11394.8 11394.5 11392.2 11390.5 11389.4 11389.9 11391.1 11390.9 11389 11387.1 11385.4 11383.9 11382.7 11381.7 11381.3
11444.1 11443.7 11443.3 11442.8 11441.9 11440.2 11435.7 11428.5 11419.3 11415.6 11416.6 11417 11415.9 11412.1 11405.7 11405.7 11407.7 11407.2 11405.2 11402.3 11398.6 11395.6 11395.8 11398 11400.4 11402.1 11403.1 11403.4 11403.5 11403 11402.2 11401.1 11399.4 11398.1 11396.4 11396 11398.1 11400.7 11402.6 11403.9 11404.2 11403.7 11401 11396 11390.9 11387.7 11386.7 11386 11385.2 11384.8 11385.6 11389.7 11391.2 11390.7 11389.2 11388.8 11389.2 11389.4 11389.4 11389.1 11387.8 11386.4 11385.2 11384.2 11383.4 11382.9 11382.8
11449.4 11449.4 11448.9 11449.3 11450.4 11453.9 11458.7 11451.1 11439.6 11432 11429.1 11429 11429.7 11429.2 11425 11422.7 11420.5 11416.7 11412.1 11406.9 11400.9 11395.7 11396 11398.9 11400.9 11402.4 11403.1 11403.1 11403 11402.2 11401.2 11399.4 11397.2 11396.5 11394.4 11393.5 11397 11400.4 11403.3 11405.6 11407.5 11408.2 11405.9 11399.4 11393.5 11391 11389.4 11388.1 11387.3 11387 11387.3 11388.3 11388.2 11388.1 11387.3 11387.5 11387.6 11387.4 11387.3 11386.6 11386.3 11385.6 11384.9 11384.3 11384.1 11384.1 11384.3
11453.6 11453.4 11453.1 11453.6 11454.7 11458.2 11463.8 11459.3 11449.7 11442.6 11439.6 11440.4 11443.9 11449.6 11453.8 11443.6 11434.6 11427.4 11420.6 11414.4 11406.6 11398.3 11400 11402.6 11403.9 11404.6 11404.4 11403.2 11402.6 11400.9 11399.3 11398.2 11396 11396.2 11394.8 11394.8 11397.6 11400.6 11404 11407.3 11409.9 11412.1 11409.8 11401.1 11394.7 11392.3 11391.2 11389.8 11389.8 11389.7 11389.9 11389.7 11389.6 11388.5 11387.6 11387.6 11387.3 11386.6 11386.5 11385.9 11385.4 11385.2 11384.8 11384.5 11384.5 11385.1 11386.1
11456.3 11456.1 11456.1 11456.2 11456 11454.8 11455.5 11455.7 11450.5 11446.7 11445.6 11447.8 11453.1 11461 11466.3 11456.1 11445.2 11437 11430.2 11424.9 11418.1 11409.5 11410 11409.9 11408.9 11407.6 11406.3 11403.5 11402.1 11400.7 11398.1 11397.3 11396 11396.5 11396.2 11396.9 11399 11401.1 11404.4 11408.2 11410.8 11412.9 11409.9 11400.8 11393.6 11393.7 11392.9 11389.9 11388.5 11389.9 11390.5 11390.4 11390.6 11389.4 11389.3 11389.1 11389.3 11389.1 11387.4 11385.4 11385.3 11385.3 11385.1 11384.7 11384.5 11384.9 11386.6
11458.2 11457.7 11457.9 11458.1 11457.4 11455 11452.2 11450.2 11448 11446.2 11447.1 11450.1 11455.4 11461.2 11463.2 11458.1 11450.3 11443.8 11438.7 11436.1 11434 11430.8 11423.6 11418.5 11414.4 11410.7 11407.9 11403.8 11401.7 11400 11397.5 11397.3 11396.3 11396.7 11397.1 11398.2 11400 11401.8 11404.9 11408.7 11410.3 11410.4 11407.5 11401.3 11396.7 11397.3 11396.6 11391.6 11388.5 11390.4 11390.7 11389.8 11389 11389.2 11389.8 11391.1 11391.7 11391.5 11389.7 11387.6 11386.6 11386.3 11385.9 11385.2 11384.3 11383.5 11384.1
11459.5 11459.2 11459.3 11459.8 11460 11459 11454.8 11447.5 11441.9 11443.5 11445.7 11448.3 11452.6 11458 11459.7 11455.3 11450.8 11446.9 11444.3 11444.5 11446 11444.5 11434.8 11426.1 11419.8 11413.8 11409.7 11404.6 11401.7 11399.5 11397.7 11396.5 11396.5 11396.2 11396.2 11397.7 11400.3 11403.1 11406.9 11409.4 11410.4 11408.9 11407.3 11404.2 11401.9 11402.7 11402.1 11395.8 11391.9 11391.6 11391.9 11391.1 11390.7 11391.3 11392.2 11393.9 11395 11395 11393.3 11390.5 11388.8 11388.2 11387.3 11386.3 11385 11383.4 11383.4
11459.9 11459.8 11460 11460.7 11461.1 11461.7 11456.3 11448.4 11442.5 11441.9 11442.7 11444.2 11446.3 11448.1 11450.2 11449.6 11447.9 11446.6 11446.2 11448.4 11450 11447.6 11439.6 11430.2 11423.1 11416.1 11411.1 11406.9 11403.2 11400.4 11398.5 11397.6 11396.5 11396.1 11395.8 11397.5 11400.2 11403.4 11407.7 11410.8 11413 11413.3 11412.1 11410.3 11408.9 11408.3 11406.2 11399.5 11396.1 11395.1 11395.8 11395.4 11395.3 11396 11396.5 11397.4 11398.7 11399.7 11397.9 11394.6 11392.2 11390.8 11389.4 11388.1 11387.1 11386.1 11386.6
11459.2 11459.3 11459.5 11459.8 11459.7 11457.2 11454.1 11449.8 11444.7 11440.4 11438.9 11438.9 11439.3 11439.4 11440.9 11442.8 11443.5 11444 11446.1 11448 11449.2 11446.6 11440 11431.3 11424.3 11418.3 11412.9 11408.8 11404.4 11401.4 11398.5 11397.3 11395.8 11396.1 11397.7 11398.2 11399.5 11404.2 11408 11412.2 11416.5 11420.3 11418.4 11416.2 11415.3 11414.5 11411.1 11405.1 11405.1 11405.3 11403.9 11401.8 11401.3 11400.4 11399.8 11400.3 11401.6 11403 11401.8 11399.2 11396.6 11393.5 11391.2 11390 11389.7 11390.3 11390.8
11458 11458 11458 11457.9 11457.9 11455.7 11450.3 11445.4 11440.5 11436.1 11434 11433 11432.7 11433.9 11435.2 11436.9 11438.7 11440.2 11442.9 11444.5 11446.2 11443.4 11437.5 11430.8 11424.6 11419.4 11414.6 11409.8 11405.4 11401.9 11399 11396.5 11394 11394.1 11395.8 11396.4 11398 11402.9 11407.1 11412.1 11417.4 11422.3 11422.4 11421.8 11422.2 11422.6 11421.1 11417.5 11419.9 11419.9 11413.4 11407.6 11404.1 11402.6 11401.6 11401.8 11402.8 11404 11403.3 11401.2 11398.9 11394.5 11391.9 11390.7 11390.9 11392.7 11392.9
11456.2 11455.9 11455 11454 11453.9 11453.3 11443 11435.4 11432.1 11430 11428.4 11427.1 11425.8 11425.6 11428.5 11431.6 11434.3 11436.2 11438.5 11438.7 11438.6 11437.1 11433.4 11429.1 11424.2 11419.4 11415.8 11411.1 11406.6 11402.4 11398.4 11395 11391.4 11389.6 11389.8 11392.2 11395.2 11400.4 11404.8 11410.1 11415.2 11419.3 11423.1 11426.1 11427.6 11430.5 11434.7 11434.5 11433.9 11430.2 11419.8 11411.1 11404.9 11402.1 11401.8 11401.9 11402.5 11403.1 11402.1 11398.7 11395.4 11392.5 11390.9 11390.2 11390.1 11390 11391.6
11455.3 11454.2 11451.9 11448.5 11443.5 11437.4 11431 11425 11424.2 11424.4 11424.1 11422.9 11420.7 11418.9 11423.6 11427.9 11431.1 11432.9 11434.3 11433 11430 11430.8 11429.6 11426.6 11423.6 11419.2 11415.6 11411 11406.5 11402.1 11397.9 11393.9 11388.9 11385 11384 11388 11392 11397.3 11401.5 11406.4 11412.1 11417.1 11419.9 11424.6 11427.6 11433 11441.4 11445.7 11438.3 11430.7 11421.2 11412.2 11406 11402.5 11401.6 11401.5 11401.1 11400.2 11397.9 11394.3 11389.8 11389.3 11389.1 11389.1 11389.2 11389.6 11390.4
11455.4 11453.6 11450.2 11444.8 11435.8 11425.1 11421 11418.2 11419.6 11421.5 11422.5 11422.2 11420.8 11420.1 11423.7 11427.4 11430.1 11431.5 11432.2 11430.7 11427.2 11428.2 11427.3 11425 11422 11418.1 11414.7 11410.4 11405.9 11402 11397.6 11393.1 11388 11383.6 11382.4 11386 11389.9 11394.4 11397.5 11400.8 11404.2 11408 11411.2 11415.8 11421 11427.6 11435.4 11439.8 11433.9 11427 11420.5 11413.2 11408.3 11402.9 11402.2 11401.2 11399.7 11397.7 11395.2 11391.5 11388.3 11387.6 11387.6 11387.7 11388.2 11388.9 11389.2
11457.3 11454.7 11450.7 11445.3 11439.3 11429.3 11421.2 11417 11419.4 11422.2 11424.2 11424.9 11424.8 11425.2 11427.4 11429.9 11431.5 11432.2 11432.7 11432.1 11431.2 11428.9 11426.8 11424.3 11421.3 11417.4 11413.8 11409.8 11405.4 11401.7 11397.4 11393.3 11389.4 11386.3 11385.2 11386.8 11389.2 11392.2 11393.9 11395 11395 11397.6 11400.9 11404.5 11411.4 11417.2 11422.4 11428.4 11425.2 11422.4 11421.2 11418.5 11414.5 11408.3 11404.4 11401.3 11398.4 11395.5 11392.5 11389.9 11388.3 11387.1 11386.4 11386.3 11386.7 11387.4 11387.3
11460.7 11457.4 11453.3 11447.8 11441.6 11433.9 11426.3 11422.5 11423.5 11426.2 11429 11430.8 11431.2 11431.6 11433.2 11434.1 11434.5 11434.3 11434.2 11433.1 11431.4 11429.6 11427 11424.1 11421.2 11417.4 11413.7 11409.6 11405.4 11401.3 11397.4 11394.2 11391.7 11390.8 11389.2 11388.7 11389.4 11391.1 11391.6 11391.3 11390 11391.9 11394.9 11398.5 11403.3 11406.8 11409 11413.7 11413 11416 11421.1 11423.6 11420.9 11414.6 11406.7 11401.3 11397.2 11393.8 11390.5 11388.7 11387.1 11385.9 11385.3 11385 11384.6 11384.4 11385.3
11464.4 11461 11457.2 11452.2 11444.1 11440.7 11433.7 11428.8 11430 11432.7 11436.1 11439.2 11440.6 11440.8 11440.8 11440 11439 11437.4 11436.5 11434.2 11432.1 11430.4 11427.8 11424.8 11421.3 11417.5 11413.4 11409.2 11405.3 11401.3 11397.5 11394.7 11393 11392.7 11390.9 11389.9 11389.9 11391 11391.3 11391.1 11390.4 11391.3 11392.6 11394.9 11398 11399.4 11399.9 11403.5 11404.4 11410.1 11417 11420.9 11420 11413.8 11405.7 11399.8 11395.6 11392.5 11390.4 11388.1 11385.7 11384.5 11384.7 11384.4 11384.2 11383.9 11384
11467 11464.1 11461.9 11459.8 11458.2 11454.5 11444.3 11438.3 11437.5 11439.8 11443.7 11448.6 11453.9 11452.2 11448.5 11445.6 11443.2 11441.8 11439.8 11436.3 11433.9 11432 11428.9 11425.5 11421.3 11417.5 11413.4 11409.3 11404.9 11401 11397.3 11394.8 11392.7 11390.9 11390.4 11390.2 11391.2 11391.4 11392 11392.9 11393.9 11393.6 11394.2 11394.9 11395.8 11396.1 11395.8 11400.9 11401.8 11406.1 11411.5 11414.7 11414 11407.9 11401.2 11396.6 11393.2 11390.7 11389.1 11387.3 11385.8 11385.3 11385 11384.6 11384.4 11383.9 11383.6
