real_craters/C115-500m.grd
DSAA
144 144
-35.7525 35.7525
-35.7525 35.7525
10400.196285194 11978.569848141
[rows 30 to 59 of 144, columns 67 to 133 of 144]
11446.4 11445.6 11452.1 11453.4 11451.8 11449.9 11447.2 11446 11452.3 11456.9 11460.9 11462.3 11461.4 11460.1 11459.7 11460 11461 11457.8 11444.4 11442.2 11444.2 11447.9 11451.1 11448.6 11447.3 11448.5 11448.9 11435 11422.1 11412.8 11404.5 11399.8 11396.8 11395.5 11395.5 11399.7 11405.8 11411 11413 11410.9 11408.4 11406.9 11396.9 11394.7 11395.2 11395.3 11396.2 11398.1 11399.2 11394 11391 11388.7 11386.9 11385.7 11390.2 11393.3 11396.4 11397.8 11396.3 11394.9 11394.3 11394.3 11394.2 11397.2 11402.1 11403.3 11404.7
11446.4 11443.6 11449.4 11453.5 11455.1 11456 11458.1 11464.5 11461.5 11460.3 11459.6 11457.9 11457.5 11458.2 11458.5 11458.7 11458.6 11453.2 11446.3 11437.8 11435.4 11435.7 11437.8 11440.3 11442.2 11446.4 11446.2 11435 11424 11415 11407.1 11401.2 11396.6 11394.6 11397.3 11398.4 11403.9 11412.8 11421.4 11420.5 11419.4 11417.2 11411.4 11413.7 11406.5 11402.8 11401 11402.2 11403.8 11400.8 11395.4 11391.2 11390.7 11392.8 11393.4 11396.8 11398.1 11397.6 11396.3 11394.9 11394.4 11395.1 11396.9 11398.7 11400.9 11403.8 11405
11453.1 11452.8 11454.5 11457.4 11459.2 11460.6 11463.6 11467.7 11465.2 11462.1 11459.1 11456.6 11455.5 11455.9 11455.5 11453.5 11451.6 11442.4 11430.8 11428.3 11426.1 11423.5 11427.3 11432.8 11435.6 11437 11435.6 11430.4 11423.6 11415.9 11409.2 11401.9 11395.4 11389.5 11388.3 11393.5 11401.4 11409.8 11417 11424.3 11428.5 11436 11437.6 11430.4 11413.7 11403 11401.7 11402.1 11402.3 11397.3 11392.2 11390.2 11389.9 11390.8 11393.2 11396.1 11396.4 11395.5 11394.3 11393.6 11393.7 11394.8 11397.8 11399.1 11400.1 11400.8 11401.9
11464.6 11464.8 11465.2 11464.4 11462.7 11463.2 11464.3 11463.7 11463.7 11462.6 11459.7 11455 11453.8 11455.8 11454 11448 11434.2 11422 11418.8 11421.8 11422.3 11419.9 11424 11429.5 11432.7 11430.3 11428.2 11426.1 11421.8 11415.4 11408.7 11401.3 11393.9 11386.1 11382.6 11389.2 11396 11401.6 11408.1 11413.8 11422.2 11434.1 11438.8 11426.8 11414.7 11405.7 11402 11400.2 11397 11391.4 11387.6 11387.7 11388.4 11389.2 11390.2 11391.7 11391.7 11389.6 11389.5 11391.9 11393.5 11393.6 11392.7 11396.6 11399.9 11403.5 11403.8
11475.3 11470.7 11467 11463.8 11463.8 11464.6 11465 11465.3 11465.3 11464.3 11463.2 11460.8 11460.2 11460.6 11457 11449.7 11440.2 11425.7 11420.3 11424.5 11427.8 11428.2 11430.8 11433 11433.9 11432.7 11429.7 11425.5 11420.5 11414.5 11407.8 11401 11395 11389.9 11387.7 11388.9 11391.9 11392.4 11392.7 11398.3 11406.7 11413.4 11420.1 11419 11424 11416.9 11405.7 11398.7 11393.1 11389 11386.9 11385.6 11385.3 11385.9 11386.4 11386.5 11386 11386.2 11387.7 11393.3 11395.6 11395.7 11396.2 11397.7 11400.6 11403.3 11405.1
11481.2 11473.2 11465.9 11463.1 11465.9 11466.5 11466.2 11465.1 11464.5 11465.9 11468.3 11472.8 11476.4 11468.3 11462.5 11456.6 11447.3 11438.3 11431.2 11434.9 11440.9 11443.4 11442.8 11440.4 11438.3 11434.2 11431.1 11426.6 11420.9 11414.2 11407 11401 11395.3 11392.6 11390.8 11389.9 11391.2 11391.5 11391.5 11393.3 11397.3 11398.3 11403.7 11409.4 11418.9 11417.1 11404.3 11396 11391.3 11387.8 11384.2 11384.6 11384.1 11383.8 11383.8 11383.4 11384.5 11389.5 11396 11399.8 11401.3 11400.9 11400.1 11401.2 11403.1 11407.6 11419.9
11485.2 11479.6 11475.6 11475.8 11472 11469.8 11467.9 11465.8 11465.2 11467.2 11470.5 11474.7 11476.1 11470.2 11466.1 11465.1 11464.2 11450.7 11442.8 11445.3 11453.1 11460.3 11452.9 11447.2 11444.2 11441.7 11434.9 11428.4 11421.5 11414.3 11406.9 11400.7 11396 11391.9 11390.3 11390 11392 11394.4 11395.3 11395.8 11395.9 11396.7 11399.4 11403.9 11409.9 11406.3 11396 11391.3 11387.8 11385.7 11386.5 11385.3 11384.9 11383.6 11383 11383 11384.9 11395.4 11404.7 11409 11409.3 11409.4 11407.2 11406.1 11406.1 11409.1 11421.3
11488.9 11487.5 11486.4 11481.3 11476.1 11473.5 11471.1 11468.5 11468 11468.4 11470.7 11470.8 11468.2 11465.6 11463.6 11464.5 11464.1 11452.4 11447.2 11449.9 11455.8 11459 11455.4 11450.3 11446.7 11442.5 11436.7 11429.4 11421.6 11414.1 11405.8 11398.4 11393.7 11391.9 11389.5 11389.6 11391.6 11393.1 11393.8 11394.6 11396.6 11400 11398.2 11402.3 11406.7 11402.5 11392.2 11389 11385.4 11382.7 11386.2 11385.1 11384 11383.6 11383.9 11385 11389.7 11400.9 11414.8 11416.8 11415.8 11417.2 11415.7 11410.4 11408 11411.2 11426.7
11493 11492 11489.2 11482.6 11479.5 11477.6 11475.8 11473.8 11470.1 11472.5 11471.9 11468.5 11463.6 11459.7 11456.5 11453.2 11456.4 11451.7 11447.1 11448.5 11453.6 11455.9 11452.8 11449.9 11446.9 11440.3 11437.4 11430.5 11422.5 11413.9 11405.3 11396.7 11389.4 11383.6 11385.1 11389.4 11391.4 11392.2 11391.5 11393.4 11397.1 11398.4 11403.4 11405.5 11409.3 11406.1 11396.9 11392.6 11388.3 11384 11384.5 11383.5 11383.1 11384.9 11386.3 11387.7 11390.8 11401.7 11415.7 11417.7 11417.2 11419.1 11416.4 11410.9 11407.5 11408.6 11417.8
11498.3 11497.5 11494.8 11489.2 11484.3 11482.6 11482.9 11483.5 11484.6 11482.1 11477.7 11470.8 11461.8 11458.3 11452.3 11441.9 11433.9 11438 11441.4 11442.9 11445.5 11446.8 11446 11448.9 11450.4 11447.5 11439.8 11431.7 11424.5 11416.8 11409.3 11399.7 11388 11378.1 11383.6 11390.8 11395.3 11393.7 11393.1 11395 11401.8 11408.7 11405.9 11409.7 11423 11420.4 11407.9 11400.8 11395.4 11393.9 11388.4 11387.2 11387.2 11389.3 11390.8 11392 11393.8 11400.8 11408.4 11411.9 11412.9 11414.5 11412.6 11408.3 11405.4 11405 11410.6
11507.9 11504.5 11499.6 11492.4 11488.2 11487.8 11489.9 11493.8 11497.5 11493.6 11485.8 11478.2 11473.9 11466.2 11457.8 11444.8 11434.8 11436 11439.3 11436.8 11433.1 11433.7 11436.6 11441.4 11449.9 11449.5 11439.2 11431.9 11426.6 11421 11415.3 11407.7 11395.7 11384.7 11389.4 11395 11402.5 11413.3 11404.7 11400.5 11400.7 11401 11400.9 11410.5 11431.9 11430.4 11419.4 11408.8 11400.6 11393.6 11393 11394.7 11395.7 11396.3 11397.5 11398.9 11401 11404.8 11407.6 11408.6 11407 11404.5 11404.8 11405 11404.4 11405.3 11411.3
11521 11514.2 11501.3 11493.5 11492 11493.4 11497.5 11502.5 11507.4 11503.3 11494.9 11485.5 11475 11469.5 11471.2 11476.7 11468.9 11458.2 11446.5 11434.3 11422.6 11422.5 11426.4 11430.2 11437.9 11438.4 11432.9 11429.6 11427.2 11425 11423 11420.8 11418.6 11410.9 11402.7 11398.1 11398 11402.4 11408.4 11403.7 11397.7 11394.8 11396.4 11403 11414.2 11419.6 11417.5 11412.3 11405.5 11398.3 11398.8 11401.6 11402.9 11404 11404.8 11406.2 11409.2 11411.1 11410.1 11408.6 11404.8 11400.5 11402.3 11404.6 11406.6 11410 11417.3
11536 11532.2 11521.3 11509.4 11499.4 11499.1 11505.2 11510.7 11512.8 11511.1 11504.7 11493.7 11482.6 11477.4 11482 11486.4 11487 11475.9 11456.3 11439.4 11421.8 11419.5 11418.8 11416.5 11413.1 11417.3 11422.6 11424.6 11426.1 11427.4 11428.6 11431.4 11436.7 11431.1 11412.8 11398.1 11387.9 11388.6 11402.3 11401.6 11394.2 11392 11392.5 11393 11397.3 11407.3 11413.3 11414.5 11412.3 11409.9 11412.7 11417.2 11414.7 11412.6 11412 11412 11412.4 11412.1 11411.3 11409.3 11406.2 11406 11405.3 11408 11412.1 11417.1 11424.8
11553.2 11557.1 11560.6 11548.8 11514 11510.5 11515.3 11521.9 11527.3 11527.6 11517.1 11508.2 11498.7 11492.8 11489.9 11486.6 11479.6 11473.9 11461.3 11449.2 11440.9 11426.3 11416.8 11408.8 11401.8 11406.3 11415.8 11422.1 11426.3 11429.7 11432.3 11434.7 11436.9 11429.5 11413.8 11397.5 11384.6 11387.4 11402.1 11402 11394.3 11394 11392.2 11428.5 11396.1 11402.9 11413 11418.3 11418.4 11422.9 11428.5 11427.6 11422.6 11419.7 11418.2 11417.1 11415.9 11414.4 11413.5 11411.3 11407.6 11405.6 11408.4 11412.5 11418.2 11425 11431.9
11570.4 11577.4 11584.3 11575.5 11530.9 11525.4 11533.1 11540.9 11543.2 11538.5 11536.2 11526.9 11514.8 11501 11493.9 11481.5 11472.5 11470.9 11463.9 11453.9 11443.5 11431 11419.3 11409.2 11401.3 11405.5 11414.9 11422 11426.2 11430.2 11432.7 11435.6 11436.6 11427.7 11412.8 11398.2 11387.5 11394.5 11411.2 11407.5 11402.8 11403.8 11399.9 11397.8 11397.9 11403.8 11411 11416.2 11418.9 11423 11425.9 11426.7 11424.7 11423.3 11422 11421.2 11420.6 11419.1 11418.1 11415.3 11411.3 11409.8 11413.1 11419.4 11427.1 11436 11444.7
11590 11592.6 11587.5 11569.7 11546.6 11546.8 11557.1 11567.9 11573 11572.1 11564.8 11550.3 11533.8 11520.8 11503.9 11489.6 11482.6 11477.6 11468.1 11457.3 11446.6 11436.1 11426 11418.6 11415.9 11414 11419.8 11424.7 11428.3 11431 11433.1 11433.8 11433.2 11424.4 11411.5 11399.7 11393.5 11399.5 11410.2 11413.6 11414.4 11418.7 11413.4 11410.3 11408.1 11409.3 11410 11410.8 11416.5 11421.2 11420.6 11423.1 11425.7 11425.3 11424.6 11424.6 11425.4 11427 11423.5 11420.3 11413.9 11412.6 11417.9 11426 11435.4 11446.4 11459.3
11615.5 11610 11595.7 11571.7 11564.9 11576.7 11590.7 11602.9 11612 11623.2 11598.6 11576.6 11554.1 11528.2 11507.5 11504.8 11508.3 11489.1 11473 11460.1 11449.5 11442.8 11435.4 11429.6 11425.4 11425.4 11428.4 11430.8 11432.6 11433.7 11433.7 11432.6 11426.7 11421.5 11410.6 11400.8 11395.9 11402.7 11413.2 11421.4 11429 11436.8 11431.4 11424.9 11423 11420.7 11416.9 11412.4 11420.5 11426.2 11428.4 11429.7 11428.9 11426.5 11426 11426.6 11427.7 11427.6 11425.2 11419.4 11413.5 11414.9 11422.4 11431.9 11442.9 11455 11469
11638.9 11634.8 11626.6 11616.2 11614.8 11623.1 11637.9 11647.4 11646.1 11629.3 11621 11612.4 11582.1 11532.1 11495.7 11484.1 11489 11484.2 11474 11466.6 11458.8 11451.5 11447.3 11444.2 11438.6 11439.9 11440.1 11439.9 11438.5 11436.7 11434.3 11431.6 11435 11420.7 11411 11402.8 11396.9 11404.9 11417 11430 11445 11457.2 11458.4 11451.9 11442.9 11437.4 11434.2 11432.1 11435.4 11436.4 11436.4 11428.9 11425.6 11425.4 11426.4 11427.8 11428.9 11430 11428.4 11424.7 11418.8 11420.4 11428.7 11437.9 11448 11459.3 11471.5
11660 11663.2 11665.3 11673.2 11668.1 11675.7 11696.7 11711.6 11709.4 11666.6 11681.6 11670.4 11630.5 11584.2 11526.1 11493.5 11480.2 11482.5 11475 11464.1 11460.9 11461.2 11463.8 11467.5 11463.6 11457.2 11453.3 11450.2 11446.1 11441.4 11435.3 11425.7 11416 11418 11413.1 11407.6 11406.3 11411.7 11422.4 11435.7 11450.8 11465 11471.9 11475.4 11460.6 11454.2 11454.5 11459.3 11454.5 11446.5 11436.1 11425.9 11421.8 11424.1 11426.7 11428.6 11429.7 11429.7 11430.1 11433.1 11433.6 11432.1 11436.9 11444.3 11452.7 11461.9 11470.6
11682.4 11689.2 11695.8 11704 11713.9 11733.7 11762.4 11784.9 11806.5 11875.4 11842.9 11742.9 11678.7 11627.9 11567.7 11525.2 11508.2 11495 11483.1 11473.1 11470.1 11470.9 11476.1 11482.5 11479.9 11471.5 11464.9 11458.6 11452.4 11447.1 11441.1 11434.3 11427.4 11422.6 11418.9 11414.4 11412.2 11421.3 11428.3 11440.2 11453.6 11468.2 11482.5 11485.8 11467.7 11466 11469.9 11472.2 11469.2 11458.1 11443.2 11429.8 11423.8 11426.4 11428.7 11430.4 11431.7 11432.2 11433.7 11435.7 11435.6 11439.7 11444.7 11450.9 11457.1 11464.2 11470.2
11699.4 11708.5 11715.8 11724.9 11746 11778 11829.1 11840.6 11850 11853.4 11816 11770.9 11711.9 11644.1 11585.1 11550.2 11532.7 11514.8 11501.8 11481.3 11485.7 11485.8 11488.7 11483 11483.5 11482.3 11477.2 11468.9 11461.8 11453.8 11449 11445.8 11440.3 11431.9 11427.4 11423.9 11423.2 11422.2 11430 11434.3 11443.3 11463.2 11485.3 11489.4 11473 11477.6 11482.6 11489.6 11485.6 11470.2 11456.4 11443.2 11434.8 11433.1 11432.9 11433.8 11435.1 11435.8 11436.6 11442.2 11443.1 11447.4 11451.4 11456.1 11461.3 11466.5 11470.9
11718.5 11717.4 11715.3 11758.7 11852.5 11938.5 11884.2 11854.7 11842 11813.8 11786.9 11788.3 11740.1 11670.7 11608.8 11565.7 11547.7 11537.9 11530.4 11537 11512.2 11505.1 11508.3 11506.6 11503 11497.4 11488.6 11479.4 11470 11462 11456.1 11452.9 11447 11440.8 11436.6 11435.2 11437 11443.2 11440.1 11438.8 11445.4 11462.8 11478.8 11486.5 11490.1 11488.3 11484.8 11484.6 11482.5 11476.8 11470.7 11458.7 11448.5 11441.4 11438.3 11438.1 11440 11444.1 11450.4 11454.4 11457.7 11456.8 11458.7 11461.2 11464.6 11469.2 11472.4
11799.2 11680.7 11643.9 11669.5 11745.7 11850.5 11819.7 11798.3 11810.2 11844.6 11874.8 11833.3 11767.7 11699.7 11641.7 11609.7 11585.5 11564.1 11539.8 11521.9 11523 11523.4 11533.2 11535.8 11526.5 11514.2 11501.5 11489.4 11476 11466.8 11457.8 11458.8 11450.9 11445.6 11443.3 11446.7 11452.4 11456.1 11452 11450.5 11455 11466.7 11481.9 11495.4 11508.8 11489.6 11470.1 11470.8 11475 11476.6 11473 11462.2 11453.6 11445.1 11441.8 11441.7 11443.9 11448.8 11457.4 11457.7 11460.7 11462.5 11463.6 11466.1 11469.1 11473.2 11476.3
11607.7 11537.1 11490.5 11463.3 11466.4 11576.5 11629 11662.5 11716.7 11810.1 11911.4 11821.2 11761.4 11727.8 11698.8 11671 11639.1 11597.5 11555.8 11533.6 11536.1 11542.7 11555.7 11568.3 11547.8 11529.4 11512.9 11499.5 11485.1 11473.4 11457.7 11445.3 11445.9 11446.4 11445.7 11446.2 11456.7 11463 11459.9 11458 11461.8 11471.1 11487.8 11489.3 11479.1 11429.9 11431.2 11458.4 11478.6 11477.8 11465.6 11458.8 11448.6 11443.6 11443 11443.1 11444.3 11446.2 11446.5 11453.8 11460.8 11463.7 11466 11469.6 11473.8 11477.5 11480.8
11424.4 11362.3 11311.8 11267.2 11249.8 11322.1 11399.8 11467.9 11539.4 11617.7 11677 11675.1 11682.4 11735.5 11794.7 11791.3 11688.7 11626.9 11577.4 11555.7 11561.4 11560.3 11563.1 11567.1 11560 11544.8 11531.9 11515.6 11496.4 11479 11461.3 11453.4 11446.8 11447.2 11446.6 11450.3 11459.1 11465.6 11462.9 11465.9 11474.9 11478.8 11505.9 11466.7 11330.3 11310.2 11385.1 11449 11494.7 11484.6 11468 11461.5 11450 11445.7 11445.2 11445.1 11444.8 11444.6 11445.1 11449.1 11456.5 11462.5 11467.3 11471.8 11476.5 11480.9 11485.3
11271.6 11190 11142 11099.5 11070 11105.4 11173.5 11252.1 11323.1 11383.2 11417.8 11460.2 11509.3 11564.2 11625.9 11687.6 11637.9 11621.2 11630 11616 11596.4 11582.2 11570.6 11565.1 11579.4 11576.5 11563.3 11541.1 11517.8 11489.4 11465.3 11452.5 11448.8 11449.2 11447.7 11444.4 11450.2 11456 11460.6 11465.8 11476 11486.4 11512.1 11458.8 11324.6 11297.8 11386.4 11450.3 11487.6 11489.1 11475.6 11461.1 11454.8 11452.3 11449.6 11448 11446.7 11445.1 11443.1 11443.9 11453.1 11462 11468.5 11474.3 11479.5 11484.7 11489.9
11080.6 11028.9 10993.3 10961.7 10941.1 10935 10972.2 11053.7 11119.2 11162.7 11189.8 11240.3 11299.3 11336.3 11372 11420.3 11490.5 11549.5 11639.7 11640.8 11618.1 11611.9 11607.2 11608.5 11618.9 11614.9 11595.4 11569.4 11536 11505.2 11472.3 11456.9 11451.9 11453 11453.1 11456.2 11453.9 11456.1 11458.8 11465 11476.1 11493.6 11516.1 11486 11434.7 11428.7 11451 11474.7 11492.3 11491.7 11481.3 11466.4 11459.8 11457 11454.5 11451.9 11449.5 11447.7 11447.6 11449.7 11454.4 11461.4 11469.8 11476.5 11483.2 11490 11496.6
10936.6 10898.7 10872.4 10851.8 10837.4 10826 10845.3 10908.7 10960.9 10989.6 11006.9 11052.9 11121.8 11180.6 11203.3 11255.2 11346.6 11410.6 11473.3 11549.9 11609.6 11657.6 11667.5 11679.6 11681.7 11662.4 11631.8 11594.2 11555.2 11518.2 11482.8 11466.8 11460.8 11458.7 11456.1 11457.2 11463.5 11462.4 11461.9 11466.9 11476.3 11486.1 11498.8 11509.6 11532.8 11569.6 11515.2 11503.2 11501.3 11495.6 11486.6 11478.4 11471.1 11464.6 11460.9 11457.1 11454.2 11451.6 11451.1 11453.7 11459.4 11468.2 11472 11478.3 11485.9 11493.8 11502
10806.4 10783 10770 10759.9 10754.1 10754.8 10769.7 10805.1 10838.8 10865.4 10882.5 10919.6 10980.1 11038.2 11106.6 11196.9 11243.1 11278.1 11315.3 11459.8 11603.6 11724.2 11793.9 11792.8 11759.6 11712.6 11669 11622.3 11577.4 11542.2 11496 11477.7 11474.5 11466.4 11459.2 11457.4 11464.4 11468.2 11471.7 11482 11484.5 11480.9 11489.6 11510.5 11529.5 11530 11526.9 11517.5 11511.1 11499.2 11492.9 11488.5 11482.4 11475.7 11469.1 11463.6 11458.9 11455.5 11453.2 11452.6 11460 11465.7 11472.4 11479.6 11488.1 11497.4 11507.1
10693 10688.7 10686.3 10683.6 10680 10683.7 10704.8 10728.1 10755.7 10780.1 10800.7 10835.1 10881 10943.8 11004.7 11117.5 11169.7 11199.1 11251.1 11417.9 11602.9 11784.9 11922 11893 11821.3 11757.1 11706.4 11650.6 11600.6 11554.8 11518.4 11496.2 11477.3 11477.1 11467 11465.1 11470.5 11476.7 11482.1 11498.6 11500.3 11490.8 11492.1 11505.5 11517.8 11521.7 11524.3 11522.8 11518.1 11505.9 11501.6 11496.9 11490.1 11483.4 11476.9 11469.9 11464.1 11459.6 11457.3 11460.4 11461.2 11465.6 11470.9 11479.1 11488.5 11499 11510.3
