real_craters/C115-500m.grd
DSAA
144 144
-35.7525 35.7525
-35.7525 35.7525
10400.196285194 11978.569848141
[rows 60 to 89 of 144, columns 67 to 133 of 144]
10638.9 10614.1 10619.8 10622.5 10621.2 10623.7 10641.2 10666.5 10692.8 10717.6 10740.1 10769.2 10810.7 10885 10958.7 11050.1 11118.6 11162.9 11244.4 11397 11585.1 11789.6 11951.9 11911.7 11843.3 11775.6 11716.6 11660.4 11607.9 11548.2 11524.5 11504.6 11500 11490.4 11483 11482.7 11487.9 11490.6 11499 11512.8 11515.4 11509.1 11497.1 11504.8 11512.6 11518.6 11520.7 11522.4 11524.4 11524.1 11512.8 11506.8 11502.8 11494.2 11483.2 11474.4 11467.7 11461.9 11458.4 11457 11458 11460.9 11468.5 11478.2 11489.2 11500.9 11513
10580.7 10571.5 10574.3 10579 10580.6 10582.6 10595 10619.7 10647.8 10673.4 10699.8 10734.9 10765.7 10822.1 10884.6 11027.3 11079.3 11121.1 11208.5 11360.9 11531.4 11709.6 11837.1 11840.6 11802.3 11753.8 11702.5 11651 11603.3 11546.7 11520.5 11506.4 11508.9 11503.4 11501.8 11499.3 11499.8 11500.9 11507.8 11518.9 11517.9 11507.9 11501.8 11507.4 11510.3 11510.9 11513.1 11516.9 11519.9 11519.7 11512.9 11509.3 11508 11494.3 11483.7 11476.7 11470.3 11464.2 11457 11453 11454.5 11458.2 11466.3 11477.8 11489.7 11501.6 11513
10537.2 10538.2 10544.5 10550.9 10555.7 10560.2 10570.2 10590.3 10615.2 10638.5 10660.4 10684.2 10743.2 10785.7 10825.5 10937.4 11020.5 11086.4 11180.6 11315.3 11454.3 11586.4 11678.1 11726.5 11726.4 11703.5 11670.4 11635 11595.7 11546.4 11520.8 11516.1 11518.8 11514.1 11508.9 11506.6 11505.1 11506.3 11512.3 11522.6 11525.4 11522.4 11516.5 11513.4 11510.8 11506.8 11507.8 11511.3 11508.9 11503.1 11503.7 11502.1 11498.4 11489.8 11481.8 11477.3 11472.8 11468.2 11462 11455.5 11453.7 11456.4 11465.9 11478.9 11491.2 11502.8 11513
10514 10515.1 10526.1 10534.5 10541 10547.4 10557 10572.7 10593.1 10614 10632.2 10648.9 10684.7 10759.9 10772.4 10856.1 10961.2 11070.3 11167.4 11268.7 11374.9 11479.1 11559.3 11617.4 11643.2 11644.9 11636.2 11615.2 11592 11554.9 11537.7 11535.4 11532.1 11525.8 11519.6 11512.6 11510 11510.7 11517.4 11525 11526.4 11532.5 11529.2 11522.1 11517.9 11514.8 11514.3 11513.3 11508.5 11501.9 11496.4 11492.7 11489.5 11484.4 11481.1 11477.6 11475.2 11473.2 11471.3 11461.4 11456.3 11462 11472.3 11483.9 11494.9 11504.9 11513.3
10497.9 10504.8 10517.4 10524.5 10532.8 10542.6 10549.9 10560.4 10579.8 10599.1 10618.3 10639.6 10654.1 10690.9 10730.3 10802.2 10911.6 11048.8 11137.8 11212.8 11294.7 11383 11461.1 11524.5 11568.1 11590.3 11599.5 11600.6 11594.4 11576.9 11565.6 11564.9 11549.2 11538.1 11528.4 11521.6 11517.7 11515.4 11519.7 11523.5 11518.3 11528.8 11531.2 11527.5 11524.6 11523.9 11523.7 11519.4 11513.3 11500.2 11489.9 11484.7 11477.4 11475 11475.3 11478 11477.2 11476.2 11474.9 11465.8 11461.6 11469.2 11481.1 11490.9 11500 11507.9 11514.9
10489.6 10499.4 10508.4 10513.8 10524.4 10538.4 10548.4 10558 10572.1 10588.9 10607.4 10627.1 10646.6 10674.9 10702 10751.3 10842.8 10985.3 11073.1 11143 11213.6 11282 11366.1 11445 11501.1 11541.4 11566.8 11587.2 11602.2 11613.1 11613.6 11593.4 11567 11550.5 11540.9 11537.9 11533.2 11530 11537.9 11535.1 11515.1 11522.7 11530.3 11531.2 11529.1 11526.8 11524.9 11523.8 11522.5 11503.9 11488.9 11484.9 11479.7 11479 11482 11481.9 11480.1 11476.6 11472.8 11463 11460.2 11472.8 11489 11497.3 11504.8 11511.4 11517.2
10485.5 10483.1 10486.7 10498.4 10512 10527.2 10541.4 10554.2 10566.9 10582.1 10599 10618.5 10639 10652.2 10675.8 10720 10789.2 10882.5 10987.8 11073 11143.1 11201.1 11293.3 11384 11453.5 11504.6 11544 11573.2 11598.5 11618.1 11624.3 11601 11582.2 11563.3 11551.7 11554.1 11553.8 11550.9 11564.1 11559 11539.2 11534.2 11538.4 11538.3 11534.5 11528.1 11520.1 11524.5 11529.5 11511.1 11496.2 11493.7 11495 11496.1 11491.1 11490.4 11485.3 11476.2 11465.1 11457.9 11455.7 11471.7 11491.1 11501 11508.6 11515.3 11521.1
10476.5 10472.2 10471.9 10482.1 10496.4 10512.8 10528.5 10542.1 10556.6 10571 10585.1 10599.7 10616.7 10631 10656.8 10703.2 10762.6 10834.4 10933.8 11027 11106.2 11176.3 11266.1 11354.2 11424.9 11482.2 11525.6 11560.5 11583.7 11601 11615.1 11604 11595.8 11588.5 11581.3 11577.9 11580.6 11586.5 11589.8 11583.7 11572.9 11561 11555.6 11551.2 11544.7 11535.5 11525.2 11524.6 11521.7 11513.7 11504.4 11504.1 11508.1 11512 11509.4 11504 11495.1 11481.9 11465.6 11457.6 11454.4 11469.1 11489.4 11502.3 11510.6 11518 11525.3
10466.6 10462.5 10460.3 10465.9 10478.7 10495.8 10513.9 10530.3 10547.5 10559.8 10568.8 10575.3 10582.9 10595.8 10633.9 10689.9 10755.3 10817.5 10913 11012.6 11101.4 11179.8 11269.2 11351 11419.1 11474.3 11516.7 11551.1 11572.4 11584.6 11607.3 11615.9 11607.3 11606.2 11601.1 11598.4 11603.7 11615 11613.3 11606 11594.9 11583.3 11575.9 11567.4 11558.9 11549.5 11539.8 11534.5 11526.4 11520.9 11517 11511.8 11513.7 11520.9 11524.1 11521 11508 11494.9 11481 11463.1 11453.7 11467.6 11490.4 11503.3 11510.1 11518.3 11527.8
10461.5 10453.7 10445.8 10446.7 10459.5 10478.6 10502.7 10525.9 10541.3 10550 10555.1 10557.1 10557.5 10567.5 10609.9 10670 10735 10802.3 10910 11026.4 11130.9 11206.2 11297.9 11369.9 11425.2 11471.9 11513.4 11546.8 11565.2 11597.9 11613.4 11609.8 11616.9 11625 11617.3 11612.2 11617.6 11622.6 11636 11624.6 11619.7 11612.2 11595.4 11583.9 11574.6 11567.1 11561.3 11552.4 11540.9 11528.7 11518.5 11513.3 11512 11514.1 11534.5 11533.7 11516.2 11501.8 11485.8 11469.5 11458.1 11466.2 11487.6 11497.2 11504.1 11514 11524.8
10460.2 10447.1 10430 10425.5 10439.8 10459.6 10481.2 10511.8 10533.1 10541.1 10544.9 10546.5 10546.3 10551 10588.1 10634.5 10700.2 10788.7 10915.6 11059.9 11209 11308.2 11349.1 11394.3 11437.7 11477 11513.6 11548.3 11571.2 11607.7 11618 11614 11621.4 11621.5 11626.3 11625.4 11629.8 11638.4 11639 11628.7 11624.2 11619.5 11608.1 11597.6 11589 11582.7 11577.6 11567.9 11551.5 11534.7 11518.4 11513.1 11510.8 11510.1 11520.9 11521.4 11514.2 11504.4 11490.7 11475.6 11465.7 11466 11470.6 11480 11494 11506.2 11516.9
10458.3 10440.2 10414.5 10406.2 10424.6 10446.6 10468 10501.6 10526.2 10532.8 10534.9 10535.3 10533.9 10536.7 10566.7 10611.2 10667.9 10786.3 10911.6 11070.8 11257.4 11366.2 11381.9 11406.7 11441.4 11479.3 11516.6 11551.2 11574.1 11608.5 11614.7 11615 11624.7 11636.4 11637.4 11635.7 11631.4 11628.9 11634.4 11638.2 11631.7 11625 11617.5 11608.7 11600.5 11594.2 11588.2 11578.6 11560.6 11540.9 11524.5 11515.3 11512.2 11514.2 11513.3 11511.4 11508.6 11502.1 11491.5 11480 11471.7 11468 11466.9 11473.4 11487.5 11498.6 11508.1
10458.9 10438.1 10408.4 10400.2 10421.1 10445.6 10469 10497.3 10518.8 10525.1 10525.7 10521.8 10518.5 10522.8 10545.7 10577.5 10618.2 10744.1 10877.5 11029.1 11193.4 11304.8 11353.4 11396.6 11439.4 11481.2 11515.2 11549.6 11571.2 11600.9 11604.3 11613 11621.2 11629.8 11636.8 11641.3 11642.8 11642.6 11648.2 11658.1 11641.6 11633.5 11626.2 11617.3 11608.5 11600.9 11591.3 11578.6 11564.1 11545.4 11528 11516.4 11511.8 11510.8 11509.5 11508 11504.9 11498.5 11491.3 11482.3 11474.5 11470.7 11474.3 11481.9 11486.3 11492.1 11499
10467.2 10450.1 10418.3 10409.8 10432.1 10455.8 10480.6 10502.2 10514.6 10518.4 10519.5 10516.9 10511.2 10516.9 10532.3 10553.4 10599.5 10703.8 10831.2 10961.2 11077.5 11202 11304.9 11376.5 11433.9 11481.9 11519.9 11553.5 11573.7 11600.5 11616.8 11611.9 11619.9 11626.6 11636.2 11643.3 11652.3 11655.7 11658.5 11664.8 11659.9 11645.1 11634.1 11624.2 11614.8 11605.1 11595.4 11582 11569.2 11549.6 11529.4 11515.4 11509.3 11506.4 11505.4 11506.5 11504.5 11500.5 11492.7 11484.5 11477.4 11474.2 11479 11486 11483.4 11483.9 11486.3
10477.8 10469.9 10450.4 10445.4 10455 10471.6 10489.7 10501.7 10505.1 10511.6 10514.5 10511.9 10502 10513.1 10524.6 10548.6 10596.6 10684.2 10803.1 10920.5 11023.2 11154.9 11275.6 11366.5 11435 11485.9 11528.9 11561.4 11587.8 11608.7 11620.5 11613.9 11622.8 11633.8 11642.5 11642.9 11641 11645.1 11654.1 11660.1 11659.4 11648.8 11638.1 11629 11619.9 11611.2 11604.6 11592.8 11577.5 11554.8 11531.4 11514.1 11508 11505.8 11506.2 11506.9 11504.5 11500.4 11493.6 11486.2 11480 11477 11476.2 11475.1 11476.4 11476.1 11474
10485.3 10484.8 10479.7 10476.3 10478.8 10488 10500.3 10509 10506.1 10510.6 10510.2 10501.5 10492.6 10511.3 10519.5 10541.2 10595.6 10689.9 10807 10924.3 11036.7 11162.8 11280.8 11375.2 11444.7 11500.3 11541.3 11572 11593.2 11614.5 11610.4 11618.8 11627.6 11638.7 11649.3 11645.4 11641 11654 11656.7 11655.4 11650.7 11647.2 11639.7 11632.1 11624.6 11617.7 11615.1 11607.6 11587.3 11561.3 11534.7 11514.1 11508.2 11506.3 11506 11505.1 11503 11499.2 11493.5 11487.1 11481.1 11476.6 11473.1 11470.1 11470.4 11471.5 11472.4
10490 10494.4 10496.4 10496.5 10496.6 10500.8 10508 10513.8 10518 10515.5 10511.5 10502 10497.2 10512.3 10518.3 10536.6 10594.4 10700.9 10839.9 10969.4 11083.3 11206.7 11313.1 11398.3 11464.7 11516.5 11559.9 11589.3 11610.5 11627.9 11618.5 11624.4 11632.8 11639.5 11644.9 11647.6 11650.7 11657.1 11658.5 11657.2 11651.9 11646.3 11640 11633.5 11627.8 11622.5 11620.1 11614.2 11595.5 11568.6 11541 11519.2 11510.3 11507.6 11507.6 11504.5 11502.2 11498.4 11493.2 11487.1 11481.2 11476.4 11471.2 11467.3 11467.2 11469.4 11474.3
10493.4 10501.9 10506.4 10507.6 10505.5 10508.1 10512.7 10518.6 10520.6 10518.5 10513.8 10507.8 10505.9 10519.4 10527.4 10546.9 10616.9 10752.2 10904.2 11061.8 11193.9 11282.6 11366.4 11432.8 11493.9 11542.6 11583.6 11613.6 11625.8 11642.8 11629 11628.6 11629.8 11634.2 11640 11646.9 11650.9 11654.3 11654.7 11654.7 11652.4 11645.3 11639.8 11634.4 11629.8 11625.5 11620.7 11613.6 11601.1 11575.4 11547 11523.6 11512.4 11508.2 11503.8 11502.8 11502.1 11499.5 11493.4 11487.1 11480.7 11474.9 11469.8 11466.5 11466.1 11467.6 11469.3
10495.1 10503.2 10508.7 10509.9 10508.6 10510.7 10513.5 10516 10519.9 10518.3 10514 10509.7 10515.3 10534.5 10555.6 10586.7 10676.9 10814.9 10992.9 11177.9 11306.3 11372.4 11430.7 11483.3 11529.4 11572.8 11612.7 11646.6 11667.1 11663.3 11641.2 11632.8 11627.6 11632 11637.4 11644.7 11650.7 11646.8 11644.9 11644.5 11643.4 11640 11636.5 11633.2 11629.9 11627.1 11623.8 11621 11610.3 11580.5 11551 11526.1 11514.7 11510.8 11511.1 11505.1 11500.2 11498.2 11493.8 11487.8 11481 11474.7 11470.3 11468.4 11468.2 11468.1 11467.8
10497 10503.5 10508.3 10507.6 10508.4 10511 10514.3 10516 10516.7 10515.1 10513.4 10517.5 10530 10566.9 10613.4 10674.7 10799.4 10960.7 11136.6 11296.5 11395.5 11447.9 11489.9 11529.3 11568.6 11604.7 11642.2 11675.4 11693.3 11676.3 11651.2 11636.1 11627.3 11629.2 11631.8 11635.2 11638.8 11637.6 11635.2 11633 11633.9 11632.9 11631.3 11629.5 11627.6 11626.8 11627.3 11623.5 11608.1 11579.3 11551.8 11530 11516.7 11511.8 11511.7 11507 11502.2 11498.8 11495.2 11489 11482.4 11476.6 11473.1 11472.6 11473.3 11472.3 11471.4
10506.1 10510.4 10513.2 10506.9 10507.5 10513.1 10518.4 10520.2 10519.5 10518.9 10523.5 10534.3 10561.9 10631.2 10705.5 10795.9 10960 11172 11337.5 11399.3 11454.1 11503.9 11537.5 11569 11597.8 11629.1 11659.6 11691.4 11703.1 11684.5 11655.8 11637.9 11629.1 11636.5 11626.1 11614.7 11616.9 11622.9 11623.3 11625.3 11626.3 11626.3 11624.7 11623 11621.6 11621.2 11619.8 11611.4 11594.3 11571.5 11549 11528.1 11515.8 11511 11505.9 11505 11504.8 11504 11498 11490.6 11483.6 11477.6 11474.1 11475.5 11477.4 11477.7 11480.4
10531.9 10530.2 10529.3 10517.7 10515.2 10524.6 10531.1 10532.6 10531.9 10535.8 10549.1 10575.8 10625.7 10722.7 10818.9 10926.7 11106 11330.3 11496.5 11478.3 11511.4 11552.8 11580 11599.7 11621.6 11641.3 11666.4 11689.4 11697.4 11673.5 11654.7 11637.8 11629.4 11632.1 11618.6 11602.2 11610.3 11623.1 11619 11618 11620.4 11620.4 11618.1 11615.4 11613.2 11610.9 11607.5 11594.5 11575.9 11560.8 11546.5 11531.7 11521 11514.8 11509 11512.4 11529.3 11512.4 11500.6 11492.1 11485 11479.2 11475.8 11477.5 11479.9 11480 11482
10591.2 10576.6 10560.5 10548.9 10542.3 10553.8 10563.2 10560.8 10554.7 10563.8 10600.2 10645.9 10719.6 10835.6 10945.8 11052.4 11219 11388 11497.3 11561.8 11585.7 11603.7 11613.4 11625 11631.7 11646.3 11660.7 11671.4 11676 11661.9 11649.3 11637.1 11628.3 11622.7 11614.6 11601.2 11610.7 11627.5 11639.1 11622.6 11618.6 11614.6 11610 11605.5 11601.4 11596.9 11590.3 11577.4 11559.8 11552.9 11546.3 11539.5 11533.2 11521.7 11514.9 11516.2 11518.7 11509.1 11499.4 11491.7 11485.8 11481 11478.1 11478.6 11480.5 11481.9 11482.9
10687.7 10659.5 10633.1 10614.2 10599.3 10614.1 10628.5 10624.7 10609.1 10625.6 10685.9 10740.2 10840.3 10971.4 11086.7 11192.1 11333.9 11462.2 11565.3 11646.7 11647.9 11640.2 11639.6 11641.5 11637.9 11643.6 11646.6 11649 11653.6 11646.9 11640.6 11636.7 11632.2 11626.6 11621.8 11619.6 11619.5 11627.8 11635 11629.6 11617.7 11609.2 11602 11595.3 11589.1 11582.9 11576.2 11567.9 11557.5 11553.6 11549 11543 11534.4 11525.3 11518.3 11516.3 11511.4 11499.3 11493.8 11489.5 11485.8 11482.9 11481.2 11482.4 11483.8 11487.5 11492.9
10816.2 10774.7 10746.5 10717.3 10697.3 10713.1 10733.9 10743.8 10750.7 10753.5 10824 10861.8 10991.3 11144.8 11288.7 11373.3 11464.6 11552.9 11644.4 11661.9 11667.3 11660.2 11652.7 11641.5 11639 11638.3 11636.6 11637.3 11635.7 11632.2 11628.2 11625.7 11627.5 11629.4 11628.9 11628 11617.7 11617.5 11621.8 11619.7 11609.8 11601.1 11593.2 11585.7 11577.8 11569.8 11564.5 11564.2 11565.1 11561.1 11553.7 11545.3 11535.7 11526.4 11517.5 11509 11498.4 11490.7 11487.7 11485.7 11484.8 11484.9 11486.3 11488.7 11491 11492.4 11493.6
10954.9 10913.1 10878.4 10849 10834.7 10849.8 10871.4 10892.8 10917.7 10937 11007.6 11036.5 11175.2 11338.6 11464.5 11536.4 11589.4 11627.8 11653.9 11671.9 11678.2 11665.3 11653.3 11644.7 11636.8 11631.7 11627.7 11624.6 11621.5 11619.3 11616.2 11613.9 11620.1 11626.3 11628.9 11624.6 11609.2 11600.4 11597.6 11599.1 11596.3 11590.2 11583.6 11576.4 11568.6 11559.7 11556.2 11563 11567.7 11566.2 11559.4 11549.4 11540 11526.8 11515.5 11504.6 11492.9 11485.4 11483.2 11482.6 11483.2 11485.6 11491.1 11493.8 11494 11494.6 11495.6
11108.6 11073.7 11040.2 11002.9 10992.4 11003.5 11022.5 11046.8 11064.8 11092.4 11168.2 11235.2 11368.2 11531.7 11678.7 11697.7 11692.8 11690.9 11703.6 11706.2 11693.2 11674.4 11659.5 11646.2 11634.7 11624.6 11616.4 11613.7 11609.2 11608.3 11606.5 11605.7 11613.7 11617.9 11619.6 11619.7 11603.5 11596.3 11590.1 11586.6 11584.2 11579.5 11574.5 11569.3 11563.6 11556.5 11556.1 11566.6 11574.6 11575.1 11565.9 11552.2 11536.5 11524.1 11513.4 11505.1 11491.8 11482.4 11479.2 11478.6 11479.4 11482 11486.5 11489.4 11489.5 11487.6 11491.2
11302.7 11271 11231.6 11183.5 11157.5 11158.9 11181.1 11210.2 11238.6 11259 11331.8 11403.4 11537.2 11682.4 11817.8 11800.7 11746.2 11728.1 11725.5 11710.2 11689.2 11670.6 11655 11641.6 11628.4 11613.9 11602.6 11596.2 11596.1 11598.5 11599.6 11600.3 11601.9 11603 11598.4 11592.2 11589.3 11583.5 11579.5 11575.9 11574.1 11571.3 11567.5 11564.9 11563.4 11562.9 11565.1 11572.7 11582.5 11584.7 11571.2 11554.4 11536.9 11522.6 11509.7 11495.5 11483 11478.7 11476 11475.2 11475 11475.8 11477.9 11481.7 11485.6 11486.2 11489.2
11525.7 11498.4 11443.7 11376.2 11347.3 11336.8 11357.1 11395.7 11433.3 11480.1 11521.2 11611.8 11682.2 11759 11825 11778.4 11746.5 11727 11712.2 11684.9 11669.9 11657.4 11644.9 11632.2 11618.9 11605.6 11592 11584.9 11586.6 11589.6 11593.4 11595.8 11596.7 11590.9 11587.4 11579.7 11572.4 11568.8 11565.8 11566.1 11565.3 11563.1 11561.5 11559.9 11560.6 11567.6 11569.4 11573.7 11581.9 11584.1 11570.9 11554.4 11539 11524 11507.1 11489.1 11477.8 11474.8 11473.9 11472.5 11471.2 11469.6 11466.9 11465.8 11481.7 11489.6 11495.9
11797.8 11743.4 11671 11603.5 11529.4 11489.9 11535.2 11587.4 11657.7 11775.8 11823.3 11822.1 11782.2 11774.9 11754.5 11722 11715.4 11702.2 11687.5 11656.1 11653.2 11647.7 11639 11627.6 11615.4 11601.6 11588.8 11581.5 11580.4 11580.9 11581.5 11579.7 11569.3 11572.3 11571.9 11567 11559 11555.8 11562.2 11559.9 11557.9 11556.9 11555.1 11553.2 11551.2 11549.7 11557.9 11565.9 11573.5 11578.4 11563.9 11549 11535.4 11521.4 11505.9 11492.9 11478.8 11476.9 11473.2 11471.5 11469.7 11467.5 11464.4 11466 11480.6 11499 11502.4
