real_craters/C115-500m.grd
DSAA
144 144
-35.7525 35.7525
-35.7525 35.7525
10400.196285194 11978.569848141
[rows 0 to 29 of 144, columns 67 to 133 of 144]
11382.7 11386.4 11389.5 11393.4 11401.9 11413.5 11426.4 11437.3 11439.2 11437.6 11435.1 11432.4 11429.2 11425.9 11421.7 11418.7 11416.6 11414.4 11413.7 11413.7 11417.7 11422.1 11415.5 11411 11406 11401.4 11397.9 11395.4 11393.6 11392.7 11391.8 11386.1 11381.2 11377.3 11373.9 11371.2 11367.3 11361.7 11356.6 11350 11342.2 11333.8 11325.3 11321.7 11320.3 11317.9 11313.4 11315.1 11312.2 11316.3 11315.6 11309 11309 11311.7 11310.4 11310.7 11311.2 11311.4 11311.8 11312.2 11313.5 11313.2 11308.1 11308.1 11310.4 11312.9 11315.2
11380.6 11383.7 11386.6 11390.6 11399.6 11411.3 11423.4 11433.3 11437.2 11438.1 11437 11434.5 11431 11427.3 11423.6 11418.9 11416.5 11414.4 11413.5 11415.5 11421.4 11426.3 11424 11417.3 11410.4 11403.2 11400.2 11398.5 11395.8 11391.1 11387.4 11386.4 11383.4 11380.2 11377.2 11373.7 11370.1 11364.9 11360.9 11357.9 11354.1 11348.7 11337 11328.2 11324.3 11323.2 11318.6 11318.2 11313.4 11313.2 11314.7 11315.1 11313.6 11312.1 11312.5 11313.1 11313.3 11313.5 11313.9 11314 11313.5 11311.3 11308.8 11308.3 11310 11311.8 11313.8
11379.3 11382.3 11385.4 11390.5 11398.8 11409.9 11420.8 11427.9 11434.4 11438.7 11438.2 11435.5 11432.1 11427.8 11423.6 11418.9 11415.7 11412.7 11411.1 11409.9 11413.3 11425.1 11426.4 11420 11414.6 11408.8 11405.2 11402.2 11398.6 11394.3 11390.5 11387.8 11385.3 11382.9 11380.1 11377 11373.9 11370 11366.9 11366.1 11365 11363.4 11352.6 11338.4 11332.1 11329.2 11327.2 11324.6 11318 11315.7 11315.7 11315.7 11315 11315.1 11315.4 11315.7 11316.1 11316.4 11316.3 11315.9 11314.6 11313 11310.3 11309.4 11310.8 11311.9 11312.6
11377.9 11381.2 11385.8 11389.5 11397.9 11410.4 11422.8 11433.1 11439.1 11440.9 11439.4 11436.3 11432.2 11427.9 11423.8 11419 11415.1 11410.7 11406.8 11403.4 11398.4 11407 11413.3 11417.9 11419.1 11417.1 11412.7 11407.2 11401.4 11396.7 11392.9 11389.4 11387.1 11384.8 11382.4 11380.4 11377.8 11376 11375.2 11374 11372.9 11371.2 11365.7 11356.2 11347.4 11337.4 11332.1 11327.1 11322.7 11319.9 11318.2 11317 11316.5 11317.1 11317.5 11318.1 11319 11319.2 11318.6 11318.1 11317.1 11315 11313.6 11312.7 11312.7 11314.2 11316
11376.8 11380.8 11385.8 11389.8 11398.7 11412.9 11427.2 11441.7 11449.8 11443.8 11438.6 11435.2 11432.6 11428.4 11424.4 11419.7 11414.8 11410 11405.4 11401.4 11399.9 11399.2 11405.5 11416.2 11424.6 11426.8 11420.7 11412 11403.2 11395.4 11392.7 11391.4 11389.2 11387.1 11385.1 11383.4 11382 11381.8 11382.3 11380.4 11378.9 11376.4 11372.5 11366.3 11360.8 11347 11337.1 11330 11324.5 11322.4 11321.2 11320.3 11319.7 11319.7 11319.9 11320.4 11320.7 11320.8 11320.9 11320.8 11320.5 11319.8 11317.7 11315.4 11314.1 11315.7 11318.6
11377.4 11380.5 11386.6 11392.8 11402 11418.3 11430.3 11441.8 11447.8 11440.2 11435.1 11431.4 11428.8 11425.6 11421.6 11417.6 11413.2 11410 11405.1 11400.9 11399.4 11400.3 11405.2 11414.5 11426.6 11435.4 11424.5 11414.9 11405.5 11396.5 11394.8 11393.9 11392.2 11390.6 11388.9 11387.8 11386.6 11384.6 11384.1 11385.3 11384.4 11381.6 11376.8 11371.7 11368.9 11356.3 11343.5 11336.3 11330.3 11327.1 11325.1 11324 11323.7 11323.3 11323 11323.6 11322.7 11322.7 11322.9 11323.2 11323.5 11323.7 11320.3 11315 11314.2 11315.2 11316.8
11379.2 11381 11388.9 11406 11420.8 11429.6 11432.2 11432.2 11426.7 11429.4 11429.8 11429.1 11427 11423.7 11420.5 11417 11415 11410.9 11405.3 11400.6 11396.5 11398.5 11402.3 11408.5 11416.6 11422 11419.5 11415.1 11409.8 11403.8 11400.8 11398.6 11396.4 11394.5 11393.3 11392.9 11393.4 11393.1 11391.8 11391.9 11390.9 11388.7 11385 11381.2 11376.9 11368.1 11356.2 11345.5 11337.5 11332.3 11328.8 11327.4 11326.9 11328.1 11329.8 11328.1 11325.9 11325 11325 11325.3 11325.7 11325.6 11322.3 11315.9 11315.6 11316.9 11318.3
11379.9 11387.2 11400.3 11425.5 11448.6 11441.9 11434.3 11426.7 11417.2 11421.7 11426.9 11428.3 11427.1 11425.9 11423.3 11419.2 11414.3 11410.6 11405.9 11402.1 11396.8 11396 11397.7 11399.9 11401.4 11405 11410.3 11412.6 11414.1 11413.7 11407.7 11402.9 11399.9 11398.6 11397.6 11397.2 11398 11399.1 11400 11400 11397.7 11394.4 11390.2 11387.1 11383.7 11380.9 11368.8 11351.6 11338.6 11332.8 11333.1 11331.6 11330.2 11332 11335.6 11331.5 11327.8 11326.8 11326.7 11326.9 11326.9 11326 11323.1 11319.5 11320 11322.3 11323.6
11382.2 11405.7 11422.5 11436.4 11445.8 11442.8 11435 11427.3 11427.6 11425.1 11428.3 11430.4 11431.2 11428.9 11426.2 11422.1 11419 11413.2 11409.4 11404.5 11397.9 11395.3 11394.4 11393.7 11391.5 11394.8 11402.4 11408.6 11414.8 11417 11409.9 11404.6 11402.2 11401 11400.2 11400.3 11401 11402.8 11410.5 11407.7 11402.6 11400.6 11397.8 11392.4 11386.3 11384.9 11381 11366.5 11353.4 11345.6 11341.9 11338.1 11334.2 11334.2 11335.2 11331.9 11328.5 11327.9 11328.4 11329 11329 11327.6 11324.7 11325.5 11326.6 11328.6 11328.8
11387.7 11421 11436.6 11439 11440.2 11437.5 11433.3 11429.1 11425.4 11427.7 11432.5 11434.8 11434.2 11433.1 11432.1 11429.6 11426.7 11421.9 11415.7 11408.7 11401.1 11394.7 11393.3 11392.5 11391.6 11393 11396.8 11400.9 11406.1 11409.7 11405.4 11402.6 11401.9 11401.8 11401.3 11401.2 11401.4 11403.6 11404.5 11403.2 11402 11400.9 11398.2 11393.1 11386.8 11386.2 11383.8 11378.3 11371.6 11362.1 11353.5 11346.6 11340.6 11337.3 11335.5 11330.6 11327.6 11329.2 11330.8 11331.9 11332.4 11333.1 11334.5 11333.6 11333.3 11334.2 11334.1
11389.2 11423 11434.6 11433.5 11431.2 11428.7 11429.4 11431.2 11433 11437.4 11440.2 11440.3 11439.5 11438.5 11438 11436.7 11434.9 11429.5 11422.4 11412.6 11402.7 11397.3 11396.5 11395.3 11394.6 11393.2 11392.8 11391.1 11387.6 11389.9 11394.8 11397.2 11398.6 11400 11401.1 11402.2 11401.4 11399.5 11398 11397 11399.5 11399 11396.2 11390.9 11386.1 11385.5 11385.1 11382.5 11381.7 11373.1 11363.8 11356.3 11349.4 11343.2 11336.2 11330.3 11330.1 11332.5 11334.4 11335.6 11336.3 11337.1 11339 11339.1 11339.8 11338.3 11338.4
11388.4 11417.8 11425.3 11421.8 11414.9 11414.7 11423.5 11433.4 11446.1 11453.1 11448.9 11446 11443.9 11442.7 11441.5 11441.1 11440.3 11438.9 11434 11420.9 11410.1 11405.9 11406.7 11402.9 11395.3 11395 11392.4 11386.4 11380.2 11381.3 11387 11391.2 11394.2 11396.9 11400.2 11403.3 11406.2 11405.1 11399.8 11396.7 11400.6 11399.5 11390.9 11388.7 11385 11385 11385.2 11384.4 11383.9 11377.6 11371.1 11365.7 11360.8 11354.7 11344.2 11337.8 11337.8 11339.2 11340.1 11340.5 11340.4 11339.9 11338.6 11340.7 11342.8 11342.6 11342
11389.8 11411.1 11413.6 11409.6 11403.1 11404.3 11416.6 11431.3 11446.5 11455.5 11451.6 11448.2 11445.9 11443.8 11443.1 11443.7 11446 11449.3 11453.9 11453.7 11441.8 11431.1 11426.4 11420.8 11410.3 11404.9 11397.1 11387.7 11380.6 11380.2 11383.5 11387 11390.5 11394.1 11398.3 11403.2 11409.7 11411 11408.9 11406.9 11405.5 11400.6 11395.9 11389.5 11385.4 11387.1 11385.2 11381.5 11379.4 11378.3 11376.2 11373.5 11370.3 11364.6 11357.3 11352.6 11349.9 11347.9 11346.6 11345.8 11345.2 11343.5 11342.1 11341.4 11340.9 11343 11346.9
11398.5 11398.5 11402.5 11400.8 11396.8 11398.2 11411.3 11425.9 11439 11446.3 11446.9 11445.2 11443.9 11442.5 11443.1 11444.7 11448.2 11455.4 11468.4 11481.8 11472.7 11457.5 11446.5 11442.8 11439.8 11419.4 11404.7 11392.6 11384.9 11382.2 11383.3 11385.9 11388.8 11392.2 11395.5 11401.7 11409.1 11413.7 11418.7 11424.5 11412.5 11401.9 11395.1 11389.6 11384.3 11387.8 11384.1 11379.9 11379.2 11379.8 11380 11379.9 11379.7 11377.4 11370.5 11364.8 11360.7 11357.1 11354.2 11352.7 11350.3 11348.4 11345.9 11344 11345 11350.2 11353.6
11405.5 11398.9 11397.8 11396.6 11395.3 11398.7 11407.9 11420.2 11430.9 11440.9 11439.6 11438.3 11438.1 11438.4 11438.9 11441.2 11445.3 11451 11459.9 11468.4 11471.5 11463.6 11454.4 11447.8 11439.6 11425.4 11410.1 11397 11387.8 11384.5 11384.3 11385.3 11386.7 11389.1 11390.8 11395.5 11400.8 11408.9 11418.6 11426.2 11416.9 11403.7 11393.7 11387.7 11384 11385 11385.8 11382.7 11380.3 11381.2 11382.8 11383.7 11386.4 11389.8 11379.7 11372.8 11368.9 11365.7 11362.8 11360.5 11358.4 11356.2 11352.2 11349.9 11355.3 11361.7 11363.1
11407.7 11400.3 11397.6 11396.7 11396 11395.7 11406.5 11416 11422.1 11425.9 11427.4 11429 11430.4 11432.1 11433.8 11435.6 11437.8 11439.1 11439.2 11442.5 11454.3 11454.5 11452.1 11447.7 11438.9 11426.6 11412.8 11400.2 11391.5 11387.3 11385.6 11385.3 11386.5 11387.5 11388.1 11388.7 11388.1 11400.6 11412.6 11420.6 11419.3 11407 11395.8 11390 11385.9 11390.1 11389.4 11386.7 11384.5 11383.9 11384.7 11385.9 11386.8 11383.4 11381.5 11377.8 11376.5 11373.2 11370.5 11368.3 11366.7 11365 11364.8 11367.4 11368.8 11371.7 11372.2
11407.1 11400.2 11399.2 11400.8 11403.2 11407.4 11411.7 11414.8 11415.6 11413 11416.5 11420.2 11422.8 11425.3 11427.4 11428.7 11429.4 11429.4 11424.5 11421.4 11428.5 11439.5 11445.3 11449 11441.4 11426.7 11413.1 11401.5 11394.7 11389.4 11387.8 11388.4 11389.2 11390.4 11389.4 11387.5 11386.6 11397.1 11407.6 11414.8 11421.8 11411.1 11402.4 11399.2 11395.1 11397.2 11394.9 11389.6 11386.6 11386.6 11386.9 11387.1 11388 11391.1 11388.7 11384.2 11382.4 11380.2 11377.8 11375.7 11374 11373.7 11375.3 11377.8 11378.1 11379.7 11380
11403.2 11396.5 11402.2 11407.1 11412.7 11419.2 11419.2 11415.7 11412.5 11411.4 11410.9 11413.1 11417 11419.6 11422.1 11423.5 11423.9 11423 11421.4 11416.1 11419.8 11429 11436.4 11439.1 11434.9 11424.1 11411.5 11399.4 11393 11391.4 11391.4 11392.8 11394.1 11395.6 11396.3 11394.3 11391.9 11400.1 11406.7 11411.3 11418.2 11415.5 11409.8 11405.7 11399.7 11399.8 11393.4 11393.1 11389.9 11389.4 11388.4 11387.2 11386.1 11384.9 11385.1 11389.2 11388.3 11385.7 11383.1 11381 11380.1 11380.4 11382.3 11384.9 11387.3 11388.4 11386.3
11404.5 11403.6 11409.7 11414.9 11420.1 11426 11423.6 11416 11409.2 11402.8 11401.1 11405.7 11410.4 11414.3 11417.1 11418.5 11419.2 11418.8 11417.8 11414.3 11417.2 11423.5 11428.7 11429.6 11428.4 11421.6 11409.5 11397.8 11393.1 11394 11395.7 11398 11400.1 11403.3 11407.9 11411.7 11410.5 11409.1 11409 11410.3 11413.8 11415.5 11412.4 11408.1 11402.3 11402.1 11399.5 11399.4 11396.6 11393.2 11389.9 11386.8 11383.7 11379.6 11377.7 11384.7 11390.6 11388.9 11386.6 11385.3 11384.7 11384.8 11387.1 11391.4 11398.8 11396.5 11393.1
11404.9 11416 11418.9 11421.3 11423.3 11424.7 11420.9 11414.6 11407.5 11400 11397 11401.9 11406.4 11410.1 11412.5 11413.9 11415.3 11415.5 11414 11409.7 11412.3 11420.2 11426.5 11427.7 11427.9 11422.7 11412.2 11400.7 11397.7 11399.1 11401 11403.2 11405.3 11409.3 11415.7 11427.5 11427.1 11416.1 11410.5 11407.9 11408.2 11412 11410.3 11407.3 11403 11401.9 11403.3 11401 11401.2 11395.5 11390.8 11386.5 11383.2 11380.9 11380.5 11385.1 11390.7 11389.5 11387.7 11386.7 11387 11387.6 11389.6 11392 11399.5 11400.9 11398.1
11414.3 11425.5 11425.7 11425.3 11424.4 11420.4 11416.6 11414.8 11409.8 11403.2 11399.6 11403.8 11407.3 11409.6 11411.9 11413.1 11413.5 11413.3 11411.3 11408.9 11411.8 11419.6 11428.9 11436.1 11431.7 11427.1 11420.5 11411 11408.6 11407.8 11407.6 11407.9 11409.3 11411.2 11414.6 11419.7 11420 11413.9 11409.1 11405 11403.4 11406.2 11406.2 11405.1 11405.2 11401.1 11400.6 11403.6 11400.3 11395.3 11390.5 11386.3 11382.9 11380.6 11379.7 11383.1 11387.5 11387.2 11387.1 11387.4 11388.3 11389.2 11390.4 11392.6 11396.8 11402.6 11400.3
11417 11426.1 11428.6 11428.5 11427.9 11427 11425.9 11419.6 11414.8 11410.8 11409.2 11409.3 11410.8 11412 11412.6 11413.6 11413.8 11412.7 11410.4 11408.8 11410.7 11417.2 11426.7 11433.9 11431.7 11430.5 11432 11433.3 11423.7 11417 11413.4 11411.3 11410.6 11410.3 11409.5 11405.5 11407.5 11407.3 11406.5 11404.9 11404.4 11404.4 11402.8 11400.7 11401.7 11398.8 11397.6 11399.5 11397.4 11393.6 11389.9 11385.8 11382.2 11379.3 11378.4 11378.5 11379.7 11383.2 11385.7 11387.3 11388.6 11389.8 11391.6 11393.1 11395.6 11400.7 11400.1
11425.3 11430.4 11430.8 11430.9 11430.6 11430.2 11428.7 11423.4 11419.9 11418 11417.4 11416.1 11415.4 11415.3 11415.5 11415.4 11414.7 11412.3 11409.2 11404.9 11407.2 11411.3 11417.3 11422.3 11424.6 11427.7 11433.7 11439 11429.6 11420.8 11415.5 11412.9 11410.9 11409.3 11407.3 11404.3 11403.5 11403 11402.9 11402.9 11404.3 11403.9 11400.3 11398 11398.6 11397.5 11396.1 11395.4 11394.5 11392.6 11389.2 11385.2 11381.2 11377.5 11373.6 11375.3 11376.9 11381.1 11384.6 11386.8 11388.3 11390.1 11392.2 11397.3 11405.9 11401.8 11399.6
11436.6 11432.7 11431.7 11432.7 11432.4 11430.6 11427.1 11424.9 11423.2 11422.1 11422.1 11419.7 11418.9 11419.4 11419.8 11419 11417.9 11415.2 11409.7 11405.4 11404.1 11404 11404.7 11408.4 11413.7 11418.4 11422.9 11425.9 11423.2 11418.6 11414.8 11412.4 11410 11408.4 11406.3 11403.5 11402 11400.6 11398.6 11396.7 11396.3 11397.1 11396 11396.2 11396.2 11397.8 11398.1 11398.5 11395.2 11392.1 11388.6 11384.8 11380.8 11377.1 11374.6 11375.7 11379.1 11382.7 11385.1 11386.9 11388.7 11389.7 11390.5 11390.9 11390.3 11396.2 11395
11441.2 11436.7 11435.4 11436 11434.6 11432.5 11429.4 11428.2 11426.6 11424.2 11419.3 11420.3 11423 11424.1 11424.9 11424.4 11422 11420.2 11411.6 11408.5 11402.7 11398.8 11395.7 11397.9 11403.7 11407.4 11409.1 11410.6 11413.2 11413.6 11412.2 11410.6 11409 11407.7 11406.5 11405.3 11402.5 11399.7 11395.1 11389.2 11386.9 11388.2 11390.1 11392.3 11397.7 11398.4 11398 11394.1 11392.4 11391 11388.2 11384.6 11381 11377.8 11376 11378.8 11383.5 11385.8 11386.2 11387.5 11388.3 11388.7 11388.5 11386.9 11388.5 11385.4 11384.6
11445 11448 11446.8 11441.4 11438.1 11436 11433.5 11432 11431.1 11429 11427.2 11427.9 11430.3 11431.7 11431.7 11429.7 11425 11415.6 11405.5 11404.6 11402.8 11398.2 11392.5 11394.6 11398.8 11400.7 11400.7 11401.7 11405.3 11408.1 11408.7 11408.1 11406.3 11405.1 11404.7 11405.6 11402.9 11400.3 11395.6 11388.7 11385.3 11384.9 11386.9 11389.3 11393.4 11396.3 11395.1 11390.4 11390.4 11390.9 11388 11384.7 11381.8 11379.4 11380.4 11383.2 11384.7 11386.6 11387.5 11388.5 11389.2 11389.9 11390.6 11392.2 11391.3 11387.9 11386.2
11447.9 11449.6 11448.4 11444.7 11441.5 11439.1 11437.3 11436.6 11436.2 11436.2 11435.9 11436.9 11439.3 11439.9 11439.7 11438.4 11434.6 11422.5 11410.8 11406.8 11410.2 11406.7 11398 11400.3 11402 11399.8 11397.2 11397.7 11401.2 11403.8 11404.5 11403.9 11403.1 11400.9 11398.7 11399.4 11401.9 11402.5 11401.1 11396.4 11388.4 11384.7 11385.3 11385.2 11389.8 11394.4 11391.4 11389.5 11390.2 11390.4 11387.4 11384.8 11382.8 11381.8 11382.3 11384 11386.3 11388.5 11388.8 11389.5 11390.5 11391.5 11392.9 11396 11399.4 11398.3 11392.3
11450.7 11451.1 11449.6 11445.4 11443.6 11442 11441.7 11441.4 11440.8 11443.1 11446.3 11448.6 11449.1 11449 11449.1 11448.7 11450.2 11457.9 11444.1 11430.5 11428.1 11428.7 11422.9 11420.2 11414.2 11405.8 11396.5 11397.2 11400.9 11403 11403 11402.1 11399.6 11396.8 11394.3 11396.1 11401.7 11405.7 11407.9 11403 11392.9 11389.8 11387.6 11386.8 11388.1 11388.2 11387.3 11387.7 11387.5 11386.7 11385.8 11384.6 11384 11384.2 11384.1 11384.5 11387.6 11389.2 11390.1 11391 11391.8 11392.7 11394.4 11398.9 11413.6 11415.7 11395.6
11446.8 11446.2 11441.4 11445.7 11445.2 11443.5 11442.3 11442.4 11444 11448.6 11454.6 11458.1 11457.8 11456.1 11455.3 11455.3 11455.8 11458.4 11454.5 11445.2 11444.8 11453.5 11464.9 11443.6 11430.1 11419.6 11405.7 11406.1 11406.7 11405.9 11403.8 11400.8 11398.3 11395.9 11395.6 11397.8 11402.8 11408.2 11412.5 11406.5 11393.1 11392.8 11389.3 11390.2 11390.3 11390.2 11388.5 11388.4 11387.7 11385.6 11385.1 11384.8 11384.5 11386.4 11387.6 11390.6 11390.4 11389.2 11391.7 11392.3 11392.8 11393.9 11396.5 11402.8 11412.7 11412.4 11397.5
11447.1 11452.2 11454.4 11451.2 11448.5 11445.6 11441 11437.6 11446.1 11453.2 11460.4 11468.4 11462.9 11459.6 11458.2 11458.6 11457.8 11453.2 11447.3 11445.6 11449.3 11457.7 11461.8 11452.2 11442.6 11438.6 11436.4 11424 11415.5 11409 11403.2 11399.7 11396.7 11396.8 11397.1 11399.6 11403.3 11409 11410 11405.1 11397.9 11398.9 11390.6 11391.1 11390.2 11389.2 11390.2 11392.4 11391.7 11388.3 11386.8 11385.9 11384.3 11383.2 11388.6 11394 11394.5 11395.6 11394.5 11394.1 11393.9 11394.1 11395.2 11399.9 11406.8 11410.2 11406.6
