real_craters/C115-500m.grd
DSAA
144 144
-35.7525 35.7525
-35.7525 35.7525
10400.196285194 11978.569848141
[rows 60 to 89 of 144, columns 0 to 66 of 144]
11594.9 11589.3 11586 11583.8 11581.4 11580 11578.8 11576.9 11576.2 11576 11577.1 11578 11588.8 11594.8 11583.4 11574.8 11573.6 11571.8 11570.7 11569.5 11569.7 11578 11594.2 11608.2 11613.9 11607.5 11599.3 11592.1 11581.8 11573.7 11573.4 11576.7 11578 11578 11583 11591 11594.3 11594.3 11594.1 11593.7 11592 11590.1 11586 11583.4 11595.7 11615.7 11626.9 11637.7 11652.5 11677.2 11709.5 11746.2 11787 11826.1 11840.6 11790.5 11676 11553.2 11444 11332.6 11219.2 11102.1 10974.4 10820.9 10705 10676.5 10691.5
11591.5 11589.4 11587.1 11584.9 11583 11580.9 11579.4 11578 11576.7 11575 11573.7 11575.7 11583.2 11587.5 11579.6 11574 11573.1 11572.7 11572.3 11572.1 11573.9 11583.7 11598.7 11606.2 11607 11604.2 11600.4 11595 11589.2 11581.7 11578.5 11580.5 11583.2 11585.8 11589.6 11591.3 11593.8 11596.8 11599.3 11596 11594.6 11592.8 11586.5 11587.1 11602.1 11626.2 11644.5 11659.1 11681.9 11704.4 11714.5 11737.5 11764.5 11784.7 11774.7 11697.5 11558.3 11442.3 11338 11223.1 11098.6 10962.3 10830.2 10717.9 10627.7 10604.9 10594
11596.7 11591.4 11589 11587.2 11585.3 11583.8 11581.7 11579.8 11577.8 11575.8 11573.8 11574.8 11579.6 11578.3 11575.9 11575.8 11577 11577.3 11577.3 11577.8 11580.5 11601.1 11610 11608.1 11601.6 11600.2 11600.4 11602.7 11599.3 11586.8 11582.4 11584 11588.7 11586.7 11587.9 11590 11592.1 11592.5 11593.4 11596.1 11597.5 11598.9 11599.7 11596 11610.4 11639.1 11660.2 11670.4 11678.6 11683.8 11700.1 11713.6 11724 11729.4 11720.3 11604.5 11438.7 11350.2 11249.1 11128 10997.6 10874.4 10754.4 10653.6 10582.8 10553.8 10541.3
11593 11592.4 11590.9 11589.6 11587.9 11586.9 11585.2 11583.8 11582.2 11580.3 11578.6 11577.5 11582 11577.3 11577.8 11583.4 11583.6 11583.7 11584.8 11587.8 11594.5 11623 11622 11612.9 11601.5 11597.9 11597.3 11596.1 11592.4 11588.6 11587.2 11586.5 11583.9 11584.8 11582.8 11588.1 11590.9 11590.7 11592.1 11596 11599.1 11602 11602.5 11605.3 11625.4 11645.8 11661.2 11673.5 11673.9 11668.1 11676.7 11679.7 11675.3 11659.3 11620.8 11522.9 11414 11309.4 11178.2 11040.3 10903.8 10777.3 10678.5 10603.2 10553.1 10524.8 10516.6
11594.2 11593.6 11593 11592.4 11591.3 11590.6 11590.2 11589.4 11588.7 11587 11587 11590.7 11591 11583.5 11587.5 11590.1 11589.7 11590.6 11592.4 11596 11603.3 11620.1 11626.9 11617.6 11607 11599.8 11594.4 11589.8 11587.1 11588.8 11590.8 11591.9 11591.2 11590.1 11590.8 11589.2 11587.4 11591 11597 11597.2 11598.6 11599.5 11595.5 11602.5 11625.1 11654.2 11674.7 11680.7 11674 11659.5 11659.6 11648.8 11626.5 11587.2 11527.4 11457 11422.9 11273.5 11108.9 10959.2 10817.9 10691.3 10611.7 10560.2 10524.3 10503 10497
11596.4 11595 11594.6 11594.4 11594.3 11594.1 11595.3 11594.9 11595.4 11595.4 11595.7 11594.2 11592.4 11587.8 11588.6 11591.8 11593.4 11595.3 11598.3 11603.1 11610.5 11623.2 11628.9 11618.6 11608.1 11599.4 11593.4 11586.8 11581.2 11592.1 11602.2 11597.7 11591.9 11588.9 11590.4 11589.7 11589.6 11589.9 11591.5 11594.2 11597.6 11602.8 11610.3 11595 11628.6 11664.6 11693.8 11685.6 11679.4 11670.3 11652.2 11626.4 11585.6 11529.8 11458.7 11394.8 11339.3 11174 11021.3 10878.7 10744.9 10633.6 10565.2 10526 10502.3 10487.5 10485.3
11594.2 11595.9 11597.1 11597.5 11597.8 11600 11600.4 11601 11601.8 11602.9 11604.3 11606 11595.4 11592 11592.1 11593.5 11595.9 11598.5 11602.4 11608.8 11616.9 11627 11622.9 11615.4 11606.3 11599 11595.7 11591.1 11588.2 11599.5 11607.8 11601 11590.2 11587.1 11591.1 11593 11593 11590.8 11587.4 11591.1 11596.5 11599.3 11596.3 11600.9 11640.7 11656.8 11666.7 11681.6 11683.6 11672.5 11650.5 11615.5 11560.6 11483.4 11391.4 11299.1 11174.6 11042.9 10926.9 10804.4 10681.2 10581 10529.3 10500 10486.9 10477.1 10478.7
11595.6 11598.2 11599.8 11600.7 11601.5 11602.1 11603.2 11604.2 11605.8 11607.4 11610.3 11612.4 11609.4 11604.3 11596.1 11595.8 11596.9 11600.2 11604.1 11609.5 11617 11619.6 11612.7 11611.1 11608.9 11607.7 11599.3 11597.3 11602.8 11605.4 11607.1 11602.9 11596.3 11595 11600.4 11602.9 11597.5 11595.3 11594.3 11594.1 11596.2 11596.9 11598.4 11604.1 11619 11644.1 11662 11683 11694.4 11682.7 11664.5 11632.4 11562.1 11465.2 11350.5 11231.7 11097.9 10949.7 10849.4 10740.9 10631.7 10545.1 10507.2 10484.8 10474.4 10467.8 10471.2
11599.5 11601 11602.3 11603.8 11605.3 11606.2 11607.1 11608 11609.2 11611 11613.3 11615.9 11611.5 11607.9 11604.8 11598 11597.6 11600.4 11604.1 11608.6 11614.1 11617 11610.9 11607.1 11603.1 11598.2 11596 11597.2 11599.3 11604.1 11608.1 11606 11601.1 11599.7 11606.3 11609.8 11602.9 11599.5 11599.6 11601 11596.1 11594.5 11595 11591 11608.7 11633.4 11666.6 11690.7 11718.4 11731.9 11722.4 11682.3 11599.8 11484.5 11348 11191.4 11071.1 10913.8 10804.4 10699.1 10602 10530.9 10495.3 10476.4 10469.8 10464.8 10465.8
11604.4 11604.9 11605.7 11606.3 11606.1 11607.4 11608.2 11608.9 11610.6 11611.3 11611.2 11611.5 11604.9 11595.8 11596.4 11595.5 11596.9 11599.5 11603.2 11606.7 11610.6 11610.7 11611.9 11603.9 11594.8 11585.6 11588.5 11595.3 11602.1 11606.9 11609.1 11605.7 11603 11600.9 11596.7 11589 11592.4 11594.4 11596.3 11597.8 11593.9 11590.9 11585.7 11583.2 11598 11621.2 11643.9 11681.2 11743.3 11807.1 11825.4 11748.9 11648.1 11529.4 11389.8 11224.5 11064.1 10917.4 10784.6 10675.7 10585.1 10523 10488.2 10475.5 10472.3 10471.6 10465.6
11608.4 11607.6 11607.7 11607.4 11608.7 11608.9 11608.4 11608.5 11608.4 11608.6 11607.3 11604.4 11598.9 11595 11591.1 11592 11595.2 11598.6 11602.3 11605.6 11608.6 11607.9 11608 11603.4 11592.8 11580.7 11585.3 11595.4 11605.4 11609.6 11601.7 11600.2 11605.5 11605.3 11595.3 11583.9 11590.8 11593.2 11590.1 11586.2 11589.9 11591.1 11590.1 11595.3 11611.6 11621.6 11625.6 11665.1 11750.8 11835.3 11873.2 11793 11692.6 11575.7 11445.8 11278.5 11016.2 10884.7 10766.5 10662.3 10575.9 10517.9 10488.3 10475.3 10475 10477.5 10467.6
11610.4 11610.2 11609.8 11610 11609.8 11610.4 11610.1 11609.3 11608.8 11607.1 11604.6 11600.2 11595.6 11594.2 11592.5 11591.2 11594.4 11598.6 11603.1 11606.8 11610.5 11609.4 11612.4 11610.6 11599.9 11588.8 11590.5 11597.8 11605 11608.9 11609.8 11611.8 11612.4 11611 11604.8 11602.2 11598 11596.3 11590.3 11586.1 11588.1 11595.6 11606.6 11618.8 11622 11621.1 11624.2 11659 11740.8 11816 11843.4 11803 11719.3 11613.1 11489.8 11337.6 11034.7 10878 10758.2 10652.5 10566.9 10513.1 10486.4 10475.2 10475.6 10477.9 10467.8
11612.3 11612.6 11612.5 11612 11610.9 11610.6 11609.9 11609.1 11607 11604.6 11601.6 11598 11595.4 11595.9 11592.6 11590 11592.6 11597.4 11603 11608.6 11615.3 11620.5 11626.9 11622.9 11611.2 11603.7 11600.4 11602.1 11606.8 11611 11618.7 11624.1 11617.8 11615 11609.4 11605.4 11601.2 11595.7 11590.3 11581.8 11587.5 11599.2 11613.4 11624.6 11614.3 11615.3 11621.7 11649.8 11725.7 11798.2 11822.6 11810.1 11742.1 11641.3 11510.4 11322.8 11058.8 10896.7 10766.1 10651.7 10560.3 10509.8 10486.4 10478.5 10477.4 10476.4 10469.3
11616.6 11616.6 11616.3 11615.4 11615 11613 11610.5 11608.9 11606.2 11603.8 11601.6 11599.8 11600.3 11598.4 11592.2 11589.5 11592.1 11597.7 11604.7 11612.4 11620.8 11631.6 11641.9 11632.1 11619.3 11608 11603.4 11606.5 11610.9 11615.3 11620.1 11616.9 11616.2 11610.3 11605.4 11603 11602.2 11601.9 11592.9 11587.1 11587.3 11597.7 11606.1 11605.7 11602.2 11610.4 11614.9 11636.1 11708.1 11790.5 11848.9 11826.8 11759.2 11662.3 11530.5 11348 11088.9 10928.5 10795.4 10662.6 10558.6 10513.9 10494.3 10486.6 10484.1 10485 10476.9
11623.4 11623.7 11623.1 11622 11619.7 11616.9 11613.1 11610.2 11607.4 11604.2 11601.7 11599.9 11597.3 11593.5 11590.3 11587.2 11591.7 11598.9 11607.3 11616.2 11625.5 11634.9 11637.6 11634 11624.2 11614.7 11610.1 11609.2 11615.3 11624.7 11624.7 11621.1 11615.9 11605.9 11599.6 11600.3 11600.4 11596.3 11591.4 11583.1 11586 11595.4 11602.1 11602.1 11595.2 11603.8 11605.9 11615.4 11692.1 11776.6 11829.4 11824.4 11767.2 11678.6 11555.7 11387.2 11200.7 11019.6 10843.7 10688 10573.3 10531.1 10512 10500.2 10494.3 10492.2 10483.4
11630.8 11629.8 11628.4 11626.6 11625.1 11622.2 11619 11616.1 11612.3 11608.2 11604.6 11600.5 11598.2 11595.1 11589.5 11586.1 11592 11600.8 11610.1 11619.7 11630.8 11638.2 11641.9 11637.7 11629 11615 11603.7 11608.7 11616 11622.5 11625.9 11629.3 11619.4 11606.5 11598.8 11601.4 11601.3 11596.8 11591.2 11587.8 11588.3 11595.2 11602.6 11608.7 11594.8 11599 11609.1 11632.2 11689.2 11763.1 11815.5 11819.4 11773 11693.9 11584.1 11424.6 11212.6 11044.5 10884.2 10727.6 10613.8 10569.7 10544.6 10524.8 10508.6 10496.5 10485.9
11637.5 11634.3 11631.5 11629 11625.7 11623 11621.7 11618.8 11617.3 11613.5 11608.7 11603.5 11596.5 11594.1 11592.4 11589.9 11595.1 11603.5 11612.9 11622.7 11632.4 11642.6 11647.3 11652.1 11638.5 11621 11607.5 11611.2 11616.9 11621.4 11625.5 11625.3 11619.7 11612.1 11607.3 11603.1 11597.8 11592.3 11589.1 11589.6 11588.6 11595.5 11602.4 11606.6 11606 11613.6 11619.5 11634.6 11686.7 11753.5 11798.6 11809.8 11782.4 11717.9 11612.4 11450.1 11236.9 11075.1 10935.6 10795.3 10686.2 10632.9 10592.2 10557.4 10529.4 10507 10491.9
11643.6 11638.8 11634.9 11631.3 11628.4 11625.2 11621.8 11619.5 11616.6 11614.1 11613.3 11609.8 11602.7 11602 11599.3 11597.1 11600.4 11607.3 11615.7 11625.1 11636.2 11646.2 11658.2 11665 11647 11630.6 11621 11617.1 11619.4 11625.2 11627.3 11623.1 11620.3 11617.2 11614.7 11607.8 11602.4 11594.3 11592.7 11595.4 11594.7 11598.8 11604.7 11609.7 11619.6 11622.6 11629.2 11649 11691.8 11750.4 11797.7 11815.5 11803 11753.8 11667.7 11523 11335.6 11163.5 11019.3 10905.1 10800.5 10715.3 10654.9 10602.6 10557.4 10521 10497.2
11649 11643.5 11638.9 11635.2 11632 11628.7 11625.8 11622.9 11620.4 11617.6 11616.6 11617.6 11614.3 11606.5 11607.6 11605.1 11606.4 11610.7 11617.6 11625.9 11636.6 11645.7 11652.3 11653.2 11647.5 11635.3 11625.2 11620.1 11619.5 11620.2 11620.2 11622.6 11622.9 11620 11617.2 11611.8 11604.6 11602.3 11601.2 11601.2 11598.3 11603 11609.6 11617.1 11629.5 11634.6 11640.3 11666.1 11706.3 11746.9 11797.7 11835.5 11828.9 11799.3 11728.6 11608.4 11462 11296.9 11121.3 10988 10890.7 10803.6 10726.6 10657 10593.4 10539.4 10501.3
11653 11647.3 11642.8 11638.7 11635 11631.2 11627.8 11624.7 11622 11620.2 11619.7 11622.4 11624.6 11613.8 11610.2 11608.1 11608.7 11612.2 11617.9 11625.1 11633.3 11643.5 11651.4 11653.1 11646.8 11636.6 11625.8 11620.7 11619.4 11616.7 11613.8 11619.6 11621.3 11619.3 11616.8 11613.8 11611.4 11606.3 11605 11607 11607.5 11607.7 11613.5 11620.8 11629.8 11635.5 11638.2 11654.2 11683 11724.9 11774.9 11819.2 11844.2 11849.7 11810.9 11695 11537.6 11358 11194.5 11082.5 10982.1 10891.1 10804.5 10718.8 10638.1 10564.6 10511.2
11652.8 11649 11645.1 11641.8 11638.1 11634.3 11630.8 11627.4 11624.1 11621.9 11619 11615.8 11612.2 11613.9 11609.5 11607.9 11608.8 11612.6 11617.7 11623.2 11629.5 11638.3 11647.5 11653.6 11647.6 11637.9 11628 11623.4 11622.2 11620.6 11620.6 11617.8 11615.8 11616.9 11617.2 11615.2 11611 11609.6 11608.7 11608.2 11609.6 11610 11615.1 11623.3 11636.7 11634.6 11620.4 11631.9 11650.4 11689.1 11731.5 11775.6 11837.4 11897.3 11899.1 11771.6 11600.6 11425.2 11283.3 11163.2 11086.9 10990.9 10890 10789.9 10694.2 10601.1 10527.8
11652 11649.7 11646.9 11644.1 11641.2 11638.2 11634.3 11630.3 11627.8 11624.3 11619.9 11613.4 11608.6 11612.9 11611.4 11609.7 11610 11614.2 11617.9 11621.3 11624.7 11629.1 11634 11640.8 11642.5 11638 11634.2 11631 11627.4 11624.4 11621.6 11617.3 11614.9 11614 11614.7 11612.7 11611.5 11609 11607.8 11606.5 11604.2 11607.3 11612.8 11618.8 11624.3 11619.4 11617 11624 11629.8 11655.6 11681.9 11712.1 11802.7 11925 11978.6 11827.9 11654.9 11501.5 11421.4 11351 11216.9 11097.1 10984.1 10877 10764.4 10656.5 10560.1
11654 11651.7 11648.5 11647.8 11644.7 11641.9 11639.3 11636.3 11632.3 11627 11623 11619.2 11617.1 11616 11615.2 11614.8 11615.9 11618.4 11619.7 11620.6 11620.5 11620.3 11618.2 11614.9 11628.4 11637 11638.5 11636.3 11632.6 11626.5 11616.6 11615.2 11613.4 11608.8 11604.8 11602.3 11602.5 11603.2 11605.5 11604.5 11602.1 11604.2 11609.9 11614.6 11614.8 11620.9 11641.2 11629.1 11628.7 11633.4 11643.4 11658.8 11744.3 11866.4 11925.9 11824.8 11688.7 11544.4 11467.2 11421.9 11319.8 11203.7 11090.7 10973.8 10855.9 10739.6 10636.7
11653.3 11652.8 11651.4 11650.2 11647.4 11645.6 11644 11641.3 11637.9 11632.7 11628.2 11622.8 11618.8 11618.9 11621.2 11621.1 11624.6 11623.7 11622.7 11620.8 11618.2 11614.4 11610.6 11611.5 11631.4 11641.2 11644.1 11643.8 11638.9 11632.9 11628.5 11618.1 11608.4 11605.2 11602.3 11601.2 11602.8 11604.3 11604.6 11603.9 11602 11602.5 11609.1 11614 11618.9 11626 11632.6 11626.3 11620.4 11618 11622 11633.3 11688.5 11760.9 11800.1 11790.2 11728.8 11645.2 11547 11490.5 11412.3 11314.5 11203.3 11083.1 10964.8 10850.4 10747.1
11655.8 11654.1 11653.2 11653.4 11652.5 11651.3 11649.2 11647 11643.4 11640.6 11635.1 11626.9 11622.3 11624.1 11623.4 11624.4 11628.4 11628.6 11625.9 11622.2 11617.8 11613.1 11609.7 11612.4 11639.9 11647.3 11650.1 11649.1 11646.6 11639.1 11629.1 11619.9 11612.8 11608.3 11606.8 11608.7 11614.1 11618.6 11612.9 11609.3 11607.5 11608.5 11611.4 11614.8 11620.2 11618.2 11622.6 11621.1 11610.9 11608.6 11614.6 11626.9 11660.4 11708 11748.3 11773.4 11776 11757.7 11670.6 11594.6 11529 11434 11325.6 11210.8 11089.6 10979.1 10883
11656.9 11655.8 11655.6 11654.8 11654 11653.2 11652.4 11651.6 11650.5 11649.1 11645 11639.3 11631.1 11626.7 11626.2 11629.2 11634.6 11633.9 11629.5 11624.9 11620.4 11614.9 11612.6 11615.7 11640.5 11647.7 11655.4 11661.7 11656.4 11645.5 11633.6 11622.8 11614.7 11610.1 11610.2 11616.7 11617.4 11622.5 11615.7 11611.3 11607.7 11609.7 11611.7 11613.3 11612.5 11615.1 11624.1 11621.4 11613.5 11613 11616 11626.6 11648.8 11679.8 11722 11768.3 11816.3 11870.8 11860.6 11748.1 11658.5 11554.5 11440.4 11330.7 11223.2 11119.1 11026.6
11657.3 11656.2 11655.8 11655.3 11655 11655.5 11655.7 11657.1 11658.2 11658.5 11658 11651.6 11642.2 11634.3 11630 11632.8 11636.9 11635.6 11631.4 11626.8 11623.6 11619.3 11617.4 11618.4 11623.8 11640.4 11655.9 11667.3 11662.6 11650 11635.6 11623.4 11616.7 11613.1 11610.1 11608.6 11612 11605.4 11604.4 11595.8 11602.3 11610.1 11610 11612.6 11615.6 11615 11611.2 11612.9 11619.4 11623.3 11618.5 11623.3 11637.3 11650.7 11696.8 11750.6 11810.5 11886.9 11949.8 11907.9 11768.7 11646.7 11540.8 11442.2 11351.9 11265 11179
11658.4 11657.9 11657.8 11657.8 11657.9 11658.2 11659 11660.6 11663.5 11666.7 11670.9 11670.8 11657.3 11643.1 11633.9 11634.2 11636.5 11635.8 11631.4 11628.8 11626.9 11624.1 11623.4 11622.9 11624.7 11636.4 11653 11666.6 11665 11652.3 11637.2 11623.6 11618.5 11614.1 11611.6 11613.1 11614.7 11615.9 11605.8 11596.9 11599.4 11598.2 11606.3 11611.2 11616.3 11618 11609.7 11605.4 11610.2 11614.6 11614.3 11617.5 11617.9 11643.1 11678.5 11720.2 11763.1 11797.4 11812.2 11883.8 11800.8 11701.8 11615.6 11541 11475 11416 11357.6
11658.6 11658.6 11658.7 11659 11659.4 11660 11661.1 11662.7 11665.3 11670 11674.5 11676.3 11664.5 11651.2 11639.5 11636.1 11635.1 11630.2 11630.8 11630.8 11631.1 11631.9 11632.1 11633 11631.3 11635.1 11648.9 11661.6 11662.2 11652.1 11641.2 11631.6 11621.4 11611.2 11613.8 11615.1 11614.9 11614.6 11611.1 11610.2 11607.2 11607.7 11607.7 11608.6 11608.7 11606.1 11602.2 11598.6 11597.5 11597.4 11611 11620.8 11636.6 11650.1 11665.4 11689.6 11712.8 11729.7 11747.6 11790.2 11773.3 11716.7 11663.6 11622.7 11591 11570.9 11553
11658.7 11658.5 11658.5 11658.6 11658.8 11659.4 11660.9 11662.6 11664.6 11667.8 11669.6 11668.9 11664.6 11658.3 11654.3 11654.5 11640 11631.6 11631.6 11632.5 11634.4 11637.3 11640.1 11644.5 11644.2 11636.8 11644 11652.9 11654.6 11647.4 11642.8 11642.3 11630.8 11624.4 11620 11616.1 11614.4 11614.5 11615.7 11617.8 11613.9 11610.7 11607.6 11606.1 11602.9 11598.3 11590.4 11591.1 11598.3 11608 11617.1 11623 11624.4 11631.5 11649.9 11663 11672.4 11677.6 11687.2 11728.2 11726.7 11710.3 11691.8 11680.8 11682.6 11704.1 11748.2
