real_craters/C115-300m.grd
DSAA
239 239
-35.7525 35.7525
-35.7525 35.7525
10397.845119503 11979.257389507
[rows 150 to 179 of 239, columns 67 to 133 of 239]
11615.6 11612.8 11610.6 11607.2 11605.8 11604.8 11602.4 11599.1 11595.4 11592.1 11590.4 11590.8 11596 11605 11617.1 11629.5 11625.9 11626.6 11629 11632.4 11636.7 11635.6 11638.5 11642.8 11645.9 11648.5 11648.6 11644.6 11642.8 11643.5 11646.6 11646.9 11654.3 11670.6 11683.5 11691.2 11698.4 11706 11717.1 11731.4 11751.5 11779.9 11820 11872.6 11932.2 11958.1 11908.1 11864.4 11845.9 11848.2 11825.9 11769.7 11744.5 11739.5 11728.7 11727.1 11744.3 11788.2 11859.2 11947.4 11923.9 11902.7 11898.1 11864.1 11825.4 11793.8 11768.3
11617.2 11613.6 11610.3 11607.3 11606.7 11605.9 11603.9 11601 11598.1 11595.8 11595.3 11595.6 11599.3 11605.4 11613 11617.6 11623.1 11626.7 11630.5 11634.1 11635.3 11635.8 11639.9 11641.6 11643.3 11643.7 11642.2 11638.7 11634.6 11632.3 11632.9 11633.2 11639.2 11652.3 11666.4 11678.2 11689.8 11702.2 11717.3 11734.6 11759.1 11787.4 11824.4 11866.4 11904.7 11921.5 11896.8 11870.8 11859.1 11855 11843 11827.3 11858 11859.2 11800.3 11776 11781.7 11811.6 11854.4 11891.2 11877.4 11895 11883.1 11839.5 11804.9 11777.2 11754.1
11618.7 11614.6 11610.6 11608.9 11608.9 11608.6 11607 11604.5 11599.8 11597.7 11599 11598.6 11600 11604 11608.8 11612.8 11619.5 11625.1 11630.6 11636.1 11641.6 11641.5 11641.9 11643.3 11643.4 11642.8 11640.4 11634.4 11627.5 11621.5 11622.9 11623.9 11629.8 11636 11646.3 11658.4 11670.9 11688.3 11705.1 11731.8 11755.3 11779.1 11805.7 11831.3 11848.2 11849.4 11846.2 11838.3 11829.6 11808.8 11786.9 11805.5 11809.9 11819.7 11795.1 11782.6 11784.9 11801.1 11815 11804 11800.7 11813.6 11806.1 11789.8 11770.7 11752.6 11736.2
11620.2 11617 11612.4 11611.8 11612 11612.2 11611.4 11610.5 11609.5 11607.9 11603 11599.2 11599.6 11602.1 11606.6 11612.5 11617.2 11622.7 11629 11635.9 11642 11642.8 11642.1 11642.5 11642.6 11641.9 11639.8 11634.7 11626.7 11617.9 11613.2 11611.8 11616 11624.6 11636.5 11650.2 11663.9 11679.5 11699 11719 11741.9 11760.9 11777.5 11790 11789.5 11778.6 11785 11792.9 11791.7 11775.7 11763.7 11777.7 11773.6 11752.2 11758.3 11766.4 11775.2 11782 11786.8 11786.7 11778.2 11767.1 11733 11738 11736.9 11729.2 11718.8
11625.1 11621.9 11618.4 11617.6 11616.9 11616.2 11615.7 11616.1 11618.3 11618.2 11602.4 11598 11596.3 11600.3 11604.8 11608.8 11613.5 11619.2 11625.2 11632.2 11639.7 11637.1 11640.9 11641.6 11642.4 11642.9 11642.8 11640 11632 11618.9 11604.5 11599.4 11603.3 11614 11627.4 11642.9 11657.6 11672.8 11690.8 11707.3 11728.9 11742.8 11752.5 11758.1 11747.3 11727.2 11740.1 11755.1 11761 11757.7 11762.2 11766.8 11780.6 11756.1 11734.5 11746.7 11756.6 11758.3 11753 11750.7 11742.4 11723.1 11704.3 11711.2 11714.6 11710.5 11701.8
11633 11627.6 11623.7 11623 11620.4 11620 11619.4 11619 11617.9 11612.2 11606.2 11601.3 11598.8 11602.1 11605.4 11607.2 11611 11615.9 11619.9 11623.7 11629.8 11641.6 11639 11639.6 11641.6 11644.6 11647.6 11649.3 11645.8 11628.9 11604.4 11594.1 11597.7 11608 11622 11636.8 11652.7 11668 11680.3 11696.5 11713.8 11725 11732 11736 11729.1 11720.7 11723.2 11731 11734.4 11734.7 11732.5 11742 11746 11719.6 11719.9 11737 11744.5 11740.4 11723.9 11709.4 11711.8 11710 11702.6 11705 11704.8 11699.4 11689.9
11637.8 11631.9 11625.6 11623.4 11622.3 11621.9 11622.4 11621.1 11618 11612.7 11611.7 11609.8 11607.9 11607.9 11609.1 11611.5 11613.6 11613.6 11614.5 11615.1 11618.5 11629.3 11630.8 11634.6 11639.2 11644.5 11650.4 11657.3 11663.9 11643.8 11614.2 11599.2 11599.1 11607.6 11619.4 11634.6 11648.4 11662.7 11673.5 11687.5 11701.3 11709.8 11717.5 11723.3 11722 11716.5 11714.3 11715.5 11713.6 11710.8 11707.7 11718.2 11722.1 11715.4 11734.3 11740.8 11739.7 11736.9 11733.9 11724.7 11718.7 11723.9 11713.5 11709.9 11701.3 11691.9 11682.9
11640.7 11636 11628.3 11622 11624.7 11625.7 11626 11624.9 11622.7 11620.5 11621.2 11619.9 11616.5 11614.7 11613.4 11612.3 11610.9 11611.5 11610.7 11609.4 11609.5 11610.2 11619.3 11627.8 11634.8 11641.3 11648.1 11655.1 11659.9 11645.4 11622.9 11609 11606.6 11610 11617.8 11630.7 11642.3 11654.5 11666.3 11678.1 11690 11698.3 11707.3 11716.7 11721.1 11715.3 11710.1 11704.8 11692.2 11683 11691.8 11700.4 11713.1 11754.2 11767 11740.7 11725.6 11725.4 11734.6 11727 11731.7 11738.7 11746.6 11720.1 11700 11687.5 11679.4
11644.9 11642.1 11637.5 11633.6 11631.5 11631.6 11631.4 11630.2 11628.7 11628.4 11627.3 11625.3 11624 11620.9 11617 11614.4 11613.4 11610.9 11609.1 11606.5 11605.3 11605.5 11613.9 11622.9 11630.3 11636.5 11641.7 11644.9 11643.3 11637.3 11626.5 11617.7 11612.7 11613.3 11617.9 11627.8 11635.5 11644.6 11653.9 11663.8 11674.1 11684.9 11696.9 11711.5 11724.7 11729.1 11722.3 11698.1 11663 11632.4 11614.7 11618.3 11658.5 11726.8 11741.9 11698.7 11683.9 11692.5 11713 11705.6 11697.3 11708.6 11715.5 11703.3 11689.4 11678.7 11670.5
11649.4 11649.1 11647 11646.7 11641.1 11638.8 11637.4 11635.6 11633.7 11631.3 11630.2 11629.4 11627.3 11623.2 11618.3 11614.8 11613 11609.8 11609 11610.5 11610.1 11611.8 11615.4 11620.5 11626.1 11631.1 11634.4 11635.3 11633.1 11630 11626.7 11625.3 11620.7 11619.7 11618 11622.9 11627.1 11634.4 11639.8 11647.4 11656.5 11666.6 11678.2 11693.8 11718.2 11747.5 11748.7 11685.5 11619.9 11563.7 11516.8 11505.5 11551 11604.4 11604.6 11601.5 11606.4 11628.2 11676.8 11714.7 11699.4 11698 11685.6 11679.2 11675.3 11668.4 11660
11656.8 11655.8 11653.2 11649.3 11647.8 11646.5 11644.6 11641.8 11638.3 11635.7 11634.1 11632.2 11627.2 11622.4 11617.4 11612.3 11608 11606.4 11607.4 11610.3 11611.4 11611.9 11614.4 11618.4 11622.5 11625.9 11627.8 11628 11626.3 11622.6 11619.5 11617.7 11615.5 11616.2 11614.4 11615 11617.1 11621.5 11626 11631.4 11636.7 11642.9 11651.4 11664.2 11685.1 11717.6 11720.6 11637.8 11559.8 11492 11434.1 11408 11434 11455 11465.5 11488.5 11510.3 11536.1 11589.4 11683.4 11723.8 11718.8 11690.5 11672.1 11665.7 11659.9 11654.2
11662.3 11661 11659.2 11656.7 11656.8 11654.9 11652.6 11648.9 11643.6 11635.5 11627.9 11628.2 11625.5 11622.8 11616.5 11609.8 11602.9 11603 11604.9 11606 11609 11610.8 11613 11616.8 11619.6 11621.6 11622.2 11621 11618.3 11613.8 11607.5 11600.4 11602.4 11609.9 11605 11605.2 11605.6 11608.5 11610.3 11613 11614.2 11615.9 11617.3 11619.4 11621.7 11622.1 11599.8 11543.8 11483.1 11422.8 11368.1 11333.3 11345.9 11361.3 11368.9 11394.5 11423.6 11452.5 11513.9 11629.4 11717.5 11734.6 11699.4 11669.6 11660.6 11655.1 11647.8
11661.7 11664.4 11666.8 11669.4 11669.2 11666.5 11664 11660 11653.8 11643 11629.8 11622.9 11622.1 11621 11615.5 11609.8 11605.3 11604.4 11605.6 11606.2 11609.2 11612 11614.9 11615.9 11617.4 11618.5 11618.3 11615.7 11611.9 11607.1 11599.2 11589.8 11586.4 11584.3 11589.1 11594.3 11596.9 11598.7 11598.7 11594.1 11590.5 11586.3 11578.7 11567.5 11549 11517.9 11471.6 11442.3 11407.5 11365.7 11322.4 11293 11295.9 11305.8 11309.8 11332.7 11364 11396.1 11461.3 11565.7 11664.2 11737.4 11700 11665 11658 11654.8 11651.3
11661 11669.3 11674.8 11675.3 11674.8 11677.3 11676.9 11673.2 11668.6 11662.8 11654.3 11634.3 11624.8 11620.8 11616 11611.9 11608.5 11608.1 11610.3 11611.8 11611.7 11612.2 11613.1 11614.3 11615.5 11616.6 11616.8 11615.2 11610.9 11604.8 11596.9 11587.8 11581.7 11576.6 11581.2 11587.5 11590.1 11589.4 11587 11580 11571.8 11557.2 11541.9 11519.9 11488.4 11444.1 11394.1 11370.4 11350.3 11324.7 11296.7 11278.6 11275.8 11280.9 11287.4 11303.6 11333.2 11367.5 11424.7 11501.2 11588.8 11699.3 11691.1 11664.7 11657 11653.9 11653.3
11671.4 11678.4 11683.9 11686.8 11686.2 11684.7 11684 11682 11680.2 11681 11682.3 11655.4 11635.2 11623.7 11617.8 11616 11615.4 11615.3 11615.2 11616.2 11613.4 11612.2 11612 11613.2 11614.4 11615.3 11616.3 11617.3 11612.2 11605.3 11599 11593.6 11589.6 11585.8 11586.3 11587.1 11585.7 11582.5 11577 11567.7 11555.4 11536.8 11515.3 11486.3 11447.3 11401.3 11354.3 11331.2 11317.1 11301.2 11284.2 11275.4 11271.5 11273.4 11280.6 11295.4 11324.3 11359.2 11405.1 11452.8 11530.3 11657 11677 11665 11656.1 11645.2 11640.1
11685.3 11688.3 11690.7 11693.9 11692.9 11690.1 11684.5 11682.8 11682.9 11686.2 11687 11669.7 11648.4 11629.5 11622.8 11622.6 11621.5 11618.2 11614.9 11613.1 11612.7 11612.5 11612.1 11613 11613.8 11614 11614.1 11613.5 11610.1 11605.2 11601.4 11600.2 11600.5 11599.4 11596.6 11589.9 11583.9 11577.9 11568.7 11556.8 11541.4 11521.7 11495.7 11464.5 11425.7 11383.1 11342.4 11318.6 11304.4 11291.4 11279.8 11273.2 11270.6 11273.2 11283.4 11299.6 11327.7 11363.8 11394.3 11422.2 11493.4 11615.3 11660.7 11672.4 11656 11632 11617.5
11691 11690.4 11687.6 11690.2 11701.8 11684 11670.5 11671.8 11675.6 11681 11682 11675.8 11662.2 11642.8 11634.9 11633.4 11631.1 11625.8 11615.9 11611.1 11612.6 11613.6 11614 11614.2 11614 11613.1 11611.4 11609 11606.7 11603.7 11601 11600.2 11600.6 11601.5 11599.5 11591.5 11582.6 11573.6 11561.7 11548.7 11531.3 11510 11483.6 11452.8 11417.1 11379.9 11346.5 11321.7 11304.8 11292.2 11281.5 11275.2 11273 11275.9 11285.9 11304.1 11328.7 11362.9 11383 11400.8 11467.2 11576.7 11635.1 11657.1 11648.8 11629.3 11616.9
11698.1 11690.1 11667.7 11650 11659.9 11637.7 11633.6 11647.2 11659.8 11672 11678.6 11675.1 11662.6 11654.7 11649.8 11646.7 11643.8 11639.7 11622.9 11615.6 11615.7 11616.3 11616.7 11616.3 11614.8 11612.7 11609.9 11607 11604.6 11601.9 11598.9 11595.8 11594.1 11597.7 11598 11591.2 11581.5 11571 11557.7 11543.8 11525.7 11504.1 11479.2 11450 11417.7 11384.5 11353.4 11329.5 11313.6 11301.2 11290.5 11283 11279.7 11281.7 11290 11304.5 11325.7 11345.8 11366.9 11386.3 11449.6 11542.7 11604.8 11630.8 11634.5 11631.8 11626.8
11699.4 11688.9 11628 11579.2 11526.7 11549.8 11578.6 11614.5 11640.7 11662.9 11678.2 11677.9 11665.3 11665.1 11664.3 11658.5 11654.6 11648.6 11637.2 11625.8 11621.3 11619.8 11619.6 11618.5 11615.9 11613.3 11609.7 11606.3 11604.1 11601.1 11597.3 11593 11589.3 11593.9 11596 11590.7 11580.8 11569.6 11556.1 11541.5 11523.5 11502.8 11479.8 11453.3 11424.4 11395 11366.6 11344.5 11329.8 11317.7 11306.4 11296.7 11290.5 11292.5 11299.5 11315 11334.7 11353 11368.7 11383.5 11445.5 11530.3 11589.5 11612.7 11617.9 11618.7 11619.3
11648.1 11608.8 11568.9 11522.3 11476.3 11490.3 11533.2 11584 11622.6 11655.6 11680.8 11689.4 11678.7 11673.8 11670.8 11663.7 11660.1 11662.4 11646.9 11632.6 11625.8 11622.6 11620.5 11618.5 11617.1 11615.1 11612.2 11608.8 11605.7 11602.1 11597.9 11593.5 11590.6 11594.1 11596.5 11590.7 11580.6 11569.3 11556.2 11540.6 11524.5 11505.4 11485.7 11461.4 11436.8 11411.3 11386 11365.2 11352.9 11342.2 11330.7 11319.3 11310.5 11312.7 11318.9 11335.9 11356.9 11375.7 11385.3 11396.5 11457.3 11539.7 11595.5 11607.3 11606.4 11603.5 11608.4
11599.9 11546.9 11522.6 11492.3 11460.4 11465.7 11511.1 11563.2 11609.4 11650.4 11683.7 11699.9 11688 11675.9 11667.1 11661.6 11655.8 11646.5 11635.6 11631.4 11628 11625.1 11622.1 11619.5 11619.6 11618.5 11616.1 11612.8 11608.9 11604.5 11599.9 11595.8 11593.7 11594.1 11595.4 11588.6 11580.4 11569.9 11557.8 11542.8 11528.2 11511.4 11494.6 11475.8 11455.7 11434.6 11412.5 11393.7 11384.4 11374.9 11364.1 11353.2 11345.9 11345.6 11351.5 11366.4 11389.9 11410.1 11414.5 11420.6 11477.7 11554.6 11609 11605 11598.5 11598.5 11603.4
11589 11536 11510.8 11488.3 11464.2 11463.6 11503.1 11553.5 11602.1 11646.8 11684.6 11706.1 11689.1 11674.8 11666.6 11659.3 11650.7 11639.5 11631.7 11631.6 11630.2 11628.2 11626.3 11625.1 11623.7 11623 11621.9 11618 11612.8 11607.6 11602.7 11598 11593.4 11591.1 11587.3 11585.6 11581.5 11571.9 11561.3 11549.2 11537.5 11523.3 11509.6 11493.4 11478.3 11463.2 11448.3 11435 11425.6 11415.7 11405.6 11395.5 11389.2 11388.1 11393.5 11406.8 11431.4 11459.1 11457.3 11457 11500.9 11556.2 11593.4 11594.1 11589.3 11592.1 11598.9
11602 11557.4 11527.2 11505.3 11485.6 11476.1 11506.4 11552 11600.1 11644.5 11682.6 11706.2 11692.6 11676.1 11666.1 11657.3 11649.4 11643.1 11639.7 11636.5 11634 11631.6 11629.8 11629.1 11626.8 11626.3 11626.8 11622.2 11616.1 11610.7 11605.8 11601.3 11596.6 11594.1 11593.6 11591.6 11586.4 11577.2 11568.5 11557.7 11546.9 11535.4 11524.9 11514.2 11504 11495.1 11487.9 11483.3 11471.9 11460.5 11451.1 11443 11437.3 11437.2 11442.7 11449.9 11477.8 11505.7 11505.8 11504.4 11527.7 11556.2 11574.9 11580.1 11578.8 11584.9 11594.9
11624.2 11584.4 11556.9 11536.4 11516.1 11501.6 11520.2 11559.5 11606.4 11646.4 11680.2 11700 11692 11674.9 11663.6 11655.4 11648.4 11644.6 11646.7 11641.8 11637.9 11634.6 11631.7 11629.1 11627.1 11626.6 11626.2 11622.6 11617.8 11613.2 11609.1 11605.8 11604.2 11604.4 11604.4 11601.3 11593.7 11583.5 11575.7 11566.2 11558.5 11549.7 11541.5 11534.8 11529.1 11525.3 11523.3 11521.7 11513.4 11504 11496.6 11493.2 11492.1 11494.5 11501.7 11517.4 11549.7 11556.8 11555.7 11553.6 11556.6 11563.1 11568 11572.6 11576.3 11583.6 11593.5
11646.9 11619.6 11596.4 11574.7 11552.3 11534.2 11540.5 11573.1 11615.3 11649.1 11677.7 11697 11690.8 11672.4 11661.9 11653.1 11646.7 11641.3 11646.7 11644.1 11640.5 11637.2 11633.8 11628.2 11627.8 11626.2 11623 11621.6 11618.8 11615.4 11612 11609.4 11608.6 11609.3 11608.5 11606.4 11599.7 11590.6 11583.4 11575.5 11569.1 11562.6 11557.1 11553.8 11551.4 11551.6 11553.1 11552.3 11550 11543.9 11538.9 11540.1 11550.2 11558.3 11553.8 11571.2 11610.9 11594.9 11600.9 11596.2 11581.6 11572.8 11567 11570.7 11580.2 11587 11593.8
11667.2 11657.3 11640.6 11614.7 11588.7 11567.1 11564.8 11589.6 11626 11651.8 11673.5 11688.5 11685.8 11671.7 11661.3 11653.9 11647.2 11642 11644.6 11644.3 11641.7 11639.4 11637.7 11637.9 11635.1 11629.1 11624 11622.5 11620.4 11617.5 11614.5 11611.4 11608 11605 11608.1 11609.5 11603.4 11595.7 11589.5 11583.1 11578.1 11573.5 11570.3 11569.6 11569.9 11573.1 11579.4 11590.1 11587.2 11577.3 11573.1 11575.7 11579.8 11577 11583.9 11585.3 11599.2 11623.8 11623.1 11614 11596 11581.2 11569.8 11570.9 11579.9 11586.5 11593
11684.3 11685.3 11676.7 11649.6 11622.9 11595.6 11591.9 11611.6 11639 11654.9 11667.7 11674.7 11673.3 11667.2 11660.2 11654.7 11649.3 11645.4 11645.6 11644 11642.1 11640.4 11639.9 11640.2 11638.4 11633.6 11629.1 11625.6 11622.8 11620 11617.1 11613.9 11609.7 11605 11607.9 11609.7 11605 11599 11594 11589 11584.7 11582.6 11581 11581.8 11583.8 11588.3 11595.9 11604.1 11603.2 11598.8 11597.7 11601.4 11606.7 11616 11611.3 11613.6 11624.2 11633.3 11625.8 11615.7 11601.1 11587 11578.2 11575.2 11575.4 11582.2 11590.9
11692.6 11695.3 11691.6 11671.8 11655.2 11642.9 11643.9 11640.7 11652 11657.7 11662.3 11663.5 11661.8 11657.2 11654.1 11652.3 11651.9 11650.2 11645.2 11643.5 11641.9 11640.2 11639.1 11639 11638.3 11635.9 11632.6 11628.3 11625 11622.4 11620.1 11617.7 11615.3 11613.3 11611.7 11607.9 11605.1 11600.8 11596 11593.1 11590.1 11589.5 11589.1 11591.1 11593.7 11597.7 11602.8 11605.3 11607.4 11610.6 11613.5 11619.6 11626.4 11630.9 11627.6 11624.1 11623.5 11629.2 11627 11617.3 11603.3 11589.1 11578.1 11572.5 11575.2 11580.8 11589.7
11687.3 11689.1 11686.3 11677 11672.4 11681.7 11680.5 11659.8 11659.5 11658.5 11657.7 11654.6 11649.9 11647.1 11648.7 11651.9 11654.7 11655.7 11651.6 11645.8 11641 11638.4 11636.3 11634.6 11634.1 11634.3 11632.4 11628.7 11626.3 11624.4 11623 11621.8 11621.4 11621.6 11617.8 11611.1 11606.8 11603.3 11599.8 11596.1 11593.9 11594.7 11595.1 11597.8 11600.7 11604.1 11608.2 11611.5 11615.3 11619.2 11624.6 11629.9 11635.3 11635.4 11636.1 11633.5 11631.9 11634 11631.1 11619.4 11604.5 11589.4 11576.9 11571.6 11578.4 11583.4 11590.7
11675.3 11675.6 11672.3 11668.6 11666 11660.6 11656.7 11657.7 11659.7 11657.5 11654.5 11649.9 11644 11643.7 11646.7 11650.4 11655.5 11656.7 11648.1 11640.9 11639.5 11637.1 11633.5 11628.4 11622.6 11623.9 11626.4 11626.6 11626.1 11625.4 11624.8 11624.5 11624.7 11624.9 11621 11614.1 11608.4 11604.3 11601.2 11600 11599 11598 11599 11602.5 11605.3 11608.8 11612.8 11615.5 11618.7 11625.6 11631.7 11637.5 11643.7 11646.7 11646.6 11644.4 11640.8 11637.7 11633.2 11620.6 11605.3 11589.1 11575.5 11568.1 11574.8 11586.4 11592.4
