real_craters/C116-300m.grd
DSAA
241 241
-36.0675 36.0675
-36.0675 36.0675
8973.3978214895 11466.689153387
[rows 120 to 149 of 241, columns 0 to 66 of 241]
10269 10268.2 10267 10265.6 10266 10265.8 10265.5 10264.9 10264.5 10263.8 10266.8 10264.6 10262.9 10262.3 10262.6 10262.9 10260.4 10258.8 10256.5 10252.3 10251.4 10252.5 10253 10253.5 10253.9 10254.4 10255 10255.7 10256.4 10256.2 10256.3 10256.7 10257 10257.1 10257.7 10258.7 10259.4 10259.9 10260.5 10261.2 10262 10262.8 10263.6 10264.8 10265.9 10267.3 10269.1 10271.3 10274.3 10279.3 10284.7 10290.1 10296.6 10289.4 10285.5 10282.9 10281.2 10280.2 10279.4 10278.7 10277.6 10275.7 10272.9 10268.8 10262.7 10256.7 10252.1
10269.6 10269.2 10270.1 10269.4 10267.3 10266.5 10265.9 10265.2 10264.1 10262.7 10269.1 10265.7 10264.2 10262.5 10260.3 10259.6 10259.9 10259.6 10259.3 10254.7 10253.8 10253.4 10253.6 10253.9 10254.3 10254.7 10255.1 10255.3 10255.3 10256 10256.7 10257.3 10258 10258.5 10259.9 10260.7 10260.9 10261.2 10261.9 10262.6 10263.2 10264 10265 10265.9 10267.2 10268.6 10270.3 10272.2 10274.7 10277.7 10281.2 10283.4 10279 10283.8 10283 10280.8 10279.5 10278.6 10277.9 10277.1 10276.1 10274.6 10272.5 10269.6 10266.1 10262.5 10259.9
10269.8 10269 10268 10267.9 10267.7 10267.2 10267 10266.8 10266.7 10267.2 10265.3 10266.9 10265.7 10263.5 10260.1 10259.3 10260 10259.6 10257.8 10255.5 10254.8 10254.3 10254.2 10254.4 10254.6 10254.9 10255.2 10255.3 10255.6 10256.3 10257.2 10258 10258.9 10259.5 10260.8 10261.7 10262 10262.5 10263.1 10263.7 10264.5 10265.4 10266 10267.2 10268 10269.2 10270.6 10272.3 10274.1 10275.5 10277.4 10279.9 10284.1 10280.7 10278.9 10278.2 10277.3 10277.3 10277.1 10276.9 10276.5 10275.8 10274.8 10273.5 10271.6 10269.8 10267.3
10270.3 10269.5 10268.4 10268 10267.8 10267.6 10267.8 10268.1 10269 10269.2 10269.1 10270.2 10267.2 10265.3 10265.2 10262.6 10261 10260.5 10259.2 10256.9 10255.7 10255.3 10255.2 10255.3 10255.5 10255.7 10255.9 10256 10256 10256.9 10258 10259 10259.8 10260.2 10261.1 10261.6 10262.6 10263.4 10264.2 10265.1 10265.8 10266.3 10267.3 10268 10269.1 10270.1 10271.1 10272.1 10273.1 10272.6 10273.3 10274.4 10273.6 10272.9 10273.8 10274.9 10275.9 10276.7 10277.3 10277.8 10278.2 10278.4 10278.5 10278.6 10278.4 10279 10280.1
10271.2 10270.3 10270.2 10269 10268.5 10268.3 10268.2 10268.4 10269.2 10268.3 10267.7 10267.6 10266.8 10265 10263.4 10262.3 10261.1 10260.9 10262.2 10258.8 10256.7 10256.2 10256.1 10256.3 10256.5 10256.8 10256.9 10257.2 10258.1 10258.7 10259.2 10260.1 10261 10261.4 10262 10262.1 10263.8 10264.6 10265.2 10265.8 10266.4 10267.5 10268.2 10268.8 10269.6 10270.3 10271 10271.5 10271.8 10270.2 10269.5 10268.6 10264.4 10265.3 10269.5 10271.9 10273.9 10275.4 10276.7 10278 10279.1 10280.1 10281.3 10282.5 10284.9 10287.9 10290.4
10272 10270.9 10269.3 10269.3 10268.9 10268.6 10268.4 10268.2 10267.1 10268.5 10269.3 10268.7 10265.9 10263.4 10262 10260.7 10260 10259 10257.7 10258.6 10257.5 10256.9 10256.8 10257.1 10257.4 10257.7 10258.2 10258.5 10258.8 10259.2 10260.2 10261.2 10262.2 10263.2 10264.2 10266 10266.1 10266.1 10266.6 10266.7 10267.3 10268.2 10268.8 10269.9 10270.5 10270.9 10271.3 10271.4 10271.5 10270.7 10268.2 10267 10264.7 10265.1 10268 10270.5 10272.9 10275 10276.9 10278.6 10280.1 10281.8 10283.8 10285.3 10289.2 10294.7 10300.2
10272.9 10271.9 10271.7 10270.2 10269.4 10269 10268.5 10268.6 10269.4 10267.9 10267 10265 10264.7 10262.7 10258.5 10259.9 10259.3 10257.9 10256.5 10256.8 10257.4 10257.7 10258 10258.2 10258.5 10258.9 10259.3 10259.6 10259.9 10260.7 10261.4 10262.5 10263.4 10264.4 10265.6 10267.4 10267 10266.9 10267.4 10268.2 10268.8 10269 10269.7 10270.4 10270.9 10271.3 10271.4 10271.3 10271.1 10270.1 10269.1 10267.5 10266.5 10267.2 10268.6 10270.2 10272.4 10274.7 10276.8 10278.9 10280.6 10282.8 10285.1 10287.8 10291.2 10296.5 10305.6
10273.8 10272.6 10270.8 10270.6 10269.7 10268.8 10268.3 10268 10268.5 10268.6 10268.6 10268.6 10267.5 10266.1 10264.8 10262 10259.8 10257.8 10256.7 10256.4 10257.6 10258.3 10258.7 10259.2 10259.7 10260.2 10260.6 10261 10261.2 10261 10262.9 10264 10264.7 10265.3 10265.5 10265.1 10265.9 10267.2 10268.2 10269.1 10269.8 10270.7 10271.3 10271.3 10272.1 10271.8 10271.9 10271.8 10271.5 10269.4 10268.3 10267.8 10267.9 10268.9 10269.7 10271.2 10273.3 10275.7 10278 10280.2 10283 10285.2 10287.3 10289.3 10290.4 10290.1 10287.6
10274.7 10274.5 10273.7 10271.5 10270.2 10269.1 10267.9 10266.8 10264.9 10265.1 10266.7 10265.4 10265 10267.8 10267.8 10263.7 10260.9 10258.6 10257.7 10258.7 10258.6 10259.1 10259.6 10260.2 10260.8 10261.4 10262.2 10263 10263.9 10265.2 10265.7 10265.8 10266 10266.3 10266.2 10265.8 10266.7 10268.1 10269.2 10270.1 10270.9 10271.7 10272.2 10272.9 10273.2 10273.7 10273.8 10273.6 10273.1 10270.9 10270.9 10269.2 10268.9 10268.5 10271.1 10273 10275.8 10278.5 10281 10283.4 10285.6 10286.9 10288.9 10290.6 10291 10288.2 10283.8
10275.2 10273.4 10272.4 10271.8 10270.6 10269.3 10268 10267 10267.1 10267.5 10265.4 10266.3 10266.7 10265.5 10264.7 10263.4 10261.5 10260.2 10257.5 10258 10259.5 10260.1 10260.7 10261.4 10262.1 10262.8 10263.6 10264.8 10266.8 10269.9 10268.1 10267.2 10267.2 10267.5 10267.7 10268.1 10268.7 10269.5 10270.5 10271.3 10271.8 10272.6 10273.3 10273.9 10274.4 10274.6 10274.8 10274.7 10274.3 10273 10272.8 10272.1 10271.3 10272.1 10273.4 10275.7 10278 10280 10282.4 10284.5 10286.6 10288.9 10291 10293.2 10295.6 10298.4 10301.1
10276 10274.9 10273.6 10272.4 10271.3 10270 10268.8 10267.6 10267.8 10270.4 10270.1 10269 10268.4 10265.9 10264.5 10263.3 10261.2 10259.7 10258.6 10260.7 10261.1 10261.6 10262.3 10262.9 10263.5 10264.1 10264.9 10265.7 10266.5 10266.2 10266.8 10267.7 10268.3 10268.7 10269.1 10269.3 10269.7 10270.9 10271.7 10272.4 10273.5 10274.2 10274.5 10275.3 10275.9 10276.4 10276.7 10276.1 10275.9 10275.5 10274.8 10274.9 10274.1 10274 10275.8 10278.3 10280.8 10283.3 10285.5 10287.4 10289.2 10291 10293.2 10295.9 10299.7 10305.3 10309.1
10277 10276.1 10274.5 10273.1 10272.1 10271.1 10269.9 10268.8 10269.4 10271.5 10270.3 10268.4 10268.2 10268 10266.4 10264.2 10261.5 10258.8 10261.6 10262.8 10262.5 10262.9 10263.4 10264 10264.7 10265.4 10265.8 10266.2 10266.1 10265.4 10266.7 10268.2 10269.3 10270.1 10270.8 10271.2 10271.6 10272.7 10273.4 10273.8 10274.3 10274.9 10276.2 10277 10277.4 10277.8 10279.2 10279.7 10279.2 10279.5 10279 10278.6 10277.9 10276.8 10279.2 10282.5 10285.2 10287.4 10289.2 10290.6 10291.9 10293.3 10294.8 10297.1 10300.6 10305.5 10308.6
10277.1 10275.8 10274.7 10273.8 10272.9 10272.2 10271.7 10271.4 10273.2 10275 10268.7 10265.6 10264.8 10269.5 10268.1 10266 10263.5 10261.6 10260.9 10262.1 10263.3 10264.1 10264.8 10265.5 10266.2 10266.7 10267.1 10267.5 10267.6 10268 10268.7 10269.6 10270.6 10271.5 10272.5 10273.7 10274.9 10274.9 10274.8 10275.1 10275.6 10276.4 10276.8 10277.7 10279.2 10280 10281.2 10282.1 10283.1 10284.1 10283.4 10283.7 10284 10283.4 10285.3 10288.5 10290.7 10292.1 10292.9 10293.6 10294.2 10294.8 10295.7 10296.7 10298.7 10302.9 10306.2
10277.6 10275.6 10275.1 10274.4 10273.9 10273.5 10273.7 10274.7 10274.1 10272.4 10269 10265.9 10264.9 10268.1 10268.4 10268 10267.1 10265.1 10263.6 10263.6 10264.7 10265.5 10266.6 10267.3 10267.9 10268.3 10268.8 10269.2 10269.5 10270.2 10270.9 10271.1 10271.9 10272.7 10273.8 10275.1 10277 10276.1 10275.5 10275.6 10276.3 10277.2 10278.1 10279.2 10280.2 10281.1 10282.7 10284.1 10285.6 10287.5 10288.4 10290.1 10291.4 10292.3 10294.1 10296.7 10297.1 10297 10296.7 10296.7 10296.6 10296.4 10296.4 10295.9 10295.2 10293.7 10300.8
10278.5 10277.3 10275.7 10275 10274.5 10274.4 10274.6 10275.2 10275.1 10272.7 10269.7 10267.7 10266.7 10265.3 10269.2 10269.8 10270.3 10269.2 10266.1 10266 10266.7 10267.5 10268.1 10268.8 10269.4 10270.1 10270.5 10270.8 10271.1 10270.8 10270.5 10272.2 10273.1 10273.8 10274.2 10274.3 10274.7 10274.5 10275 10275.7 10276.6 10277.5 10279 10280.2 10281.5 10283.8 10285.3 10286.7 10288.5 10290.8 10293.3 10296.1 10299.9 10304.6 10307.9 10306.5 10303.2 10301 10299.8 10298.7 10298 10297.5 10296.9 10296.3 10295.1 10294 10301
10278.3 10276.4 10276.1 10275.7 10275.3 10274.9 10274.7 10275 10273 10272.5 10271.4 10271 10275 10276.4 10272.7 10271.4 10270.2 10267.2 10267.5 10268.4 10268.9 10269.4 10270.3 10270.9 10271.4 10271.8 10272.3 10272.7 10273.1 10273.5 10274.6 10274.5 10274.7 10274.7 10274.5 10273.1 10271.3 10272.3 10274.6 10276.3 10277.1 10278.2 10279.6 10280.8 10282.4 10284.2 10286 10288.3 10291.1 10294 10297 10301.3 10306.4 10313.9 10320.6 10313.3 10308.4 10304.6 10302.4 10300.9 10300 10299.3 10298.7 10298.5 10298.9 10302.4 10306.1
10279.4 10277.2 10277.1 10276.8 10276.2 10275.4 10274.4 10273.4 10273.9 10274 10274.3 10276 10277.3 10276.9 10273.9 10272.3 10272 10272.8 10271.7 10271.2 10271.3 10271.7 10272.2 10272.5 10272.8 10273.3 10273.8 10274.4 10275 10276 10276.8 10276.3 10276.2 10276 10275.5 10273.9 10272.5 10273.4 10275.7 10277.1 10278.2 10279.3 10280.3 10281.7 10283.8 10285.2 10287.8 10289.8 10292.7 10296.1 10299.8 10303.7 10308.6 10313.2 10316.3 10313.2 10310 10306.6 10304.7 10302.8 10301.9 10301.2 10300.9 10300.9 10300.9 10301.7 10308.7
10283.2 10280.9 10279.3 10278.3 10277.5 10276.5 10275.1 10274.2 10278.3 10277.1 10276.2 10275.2 10276 10273.1 10273.2 10272.7 10270.7 10272.3 10273.2 10273.7 10273.8 10273.9 10274.1 10274.2 10274.6 10275 10275.5 10276.2 10276.7 10277 10276.6 10277.2 10277.6 10277.5 10277.3 10276.4 10277.1 10278 10278.2 10278.7 10279.6 10280.7 10282.1 10283.8 10285.5 10287.5 10289.8 10291.8 10294.4 10298.3 10301 10304.3 10307.9 10309.5 10308.2 10310.1 10309.8 10307.7 10306.4 10305.3 10304.4 10303.7 10303.7 10304.4 10305.9 10307.6 10310.7
10285.4 10283.2 10281.4 10280.1 10279.1 10278.3 10277.8 10277.6 10277.8 10278.2 10278 10278 10279.7 10273.4 10274.3 10274.6 10275.4 10275 10276.9 10276.4 10276.2 10276 10276.2 10276.3 10276.7 10276.9 10277.4 10277.8 10278.5 10278.9 10278.8 10279.4 10279.4 10279.2 10278.9 10278.3 10279.9 10280.9 10279.8 10279.9 10280.4 10281.4 10282.8 10285.1 10287 10289.1 10291 10293.5 10296.2 10298.7 10302.4 10304.8 10306.8 10308.1 10308.9 10309.4 10309.5 10308.1 10307.2 10306.5 10305.8 10305.8 10305.9 10306.8 10309.7 10311.7 10311.8
10287 10284.6 10282.8 10281.6 10280.9 10280.5 10280 10279 10277.7 10278.3 10279.2 10280.1 10276.4 10279.1 10277.6 10277.4 10275.4 10277.4 10279 10278.8 10278.4 10278.2 10278.1 10278.4 10278.5 10278.7 10279.1 10279.5 10280.3 10281.4 10283.1 10282.8 10281.3 10280.4 10280 10279.1 10279.3 10279.2 10279.6 10280.3 10281.2 10282.5 10284.2 10286.2 10288.2 10290.2 10292.7 10294.7 10297.1 10299.6 10302 10304.5 10306.4 10307.6 10309.1 10309.1 10309.4 10308.6 10308.2 10308 10307.6 10307.4 10307.2 10307.3 10307.8 10308.8 10309.8
10285.8 10284.5 10283.5 10282.7 10282.3 10282.1 10281.5 10279.3 10277.6 10278.8 10279.9 10281.6 10282.7 10279.6 10280 10280.7 10282.4 10279.2 10279.9 10280.1 10279.7 10279.2 10279.3 10279.3 10279.7 10280 10280.4 10280.9 10281.4 10282.6 10284 10283.4 10281.7 10280.8 10280.3 10279.3 10278.8 10278.4 10279.5 10280.5 10281.5 10283 10284.4 10286.7 10288.6 10290.6 10293.6 10295.9 10297.9 10300.2 10302 10304.1 10306.1 10307.4 10307.2 10308 10309.6 10309.5 10309.5 10309.7 10309.4 10309 10308.3 10307.4 10307.3 10306.8 10307.2
10284.4 10284 10283.6 10283.4 10283.4 10283.7 10284.5 10282.8 10280.6 10280.3 10280.3 10279.5 10281.1 10282 10282.3 10281.9 10279.8 10281.2 10281.6 10281.5 10281.2 10280.9 10280.7 10280.7 10280.2 10280.4 10281 10281.4 10281.9 10282.1 10281.7 10281.2 10281 10280.7 10280.4 10280 10279.1 10279.6 10279.7 10280.5 10281.7 10283.3 10285 10287 10289 10291.3 10293.8 10296 10298.5 10300.8 10302.8 10304.8 10306 10307.7 10309.3 10310.5 10310.5 10310.4 10310.6 10310.9 10310.8 10310.6 10309.9 10308.2 10304.3 10305.1 10305.3
10283.7 10284 10284.1 10284 10284 10284.1 10284.5 10284.3 10283.2 10282.2 10281.6 10281 10280.6 10283 10284.6 10286.4 10287 10285 10283.5 10282.7 10282.4 10282.1 10282.2 10282.3 10282.5 10282.6 10282.5 10282.4 10282.2 10281.8 10280.9 10280.5 10280.5 10280.5 10280.4 10280.1 10279.3 10279.4 10279.7 10280.5 10281.8 10283.4 10285.1 10287.4 10289.5 10291.8 10294 10296.1 10298.6 10301.5 10303.1 10305.1 10306.9 10308.4 10309.6 10310.4 10311.2 10311.5 10312 10312.3 10312.6 10312.8 10312.7 10312.4 10310.3 10307.5 10305.4
10285.4 10284.7 10284.6 10284.6 10284.4 10284 10284.1 10285.2 10284.5 10283.7 10283.6 10284 10283 10284.4 10286.2 10288.1 10287.3 10285.7 10284.5 10284.2 10283.9 10283.9 10284.2 10283.9 10283.4 10283.5 10283.5 10283.3 10283.2 10282.3 10280.9 10279.7 10280.4 10280.8 10280.8 10280.4 10279.1 10278.8 10278.9 10280.1 10281.5 10283.3 10285.4 10287.4 10289.5 10291.9 10293.9 10296.4 10298.6 10301.2 10304.1 10306 10307.6 10309.1 10309.9 10310.9 10311.9 10313.5 10313.3 10314 10314.6 10315.2 10316 10317.6 10317.7 10311.7 10306.4
10284.7 10285.2 10285.4 10285.5 10285.2 10284.2 10282.6 10283.6 10284.3 10284.6 10285.2 10286.1 10290.5 10286.9 10287.9 10291.6 10288.5 10285.9 10284.6 10284.4 10284.2 10284.5 10284.6 10285.4 10285.4 10285.4 10285.2 10285 10284.4 10283.5 10282.1 10280.7 10281.6 10281.9 10281.7 10281 10279.2 10277.8 10278 10279.8 10281.4 10283.2 10285.4 10287.8 10290.2 10292.6 10294.9 10297.2 10299.3 10301.7 10304.5 10306.4 10308.5 10310.1 10311 10309.5 10313.8 10315 10314.9 10315.7 10316.6 10317.4 10318.7 10319.1 10317.9 10312.4 10306.3
10284.9 10286.1 10286.7 10287 10287 10286.4 10284.7 10281.5 10284.1 10285.6 10286.4 10286.9 10286.1 10286.8 10288.1 10291 10287.9 10284.1 10284.7 10285.2 10285.7 10286 10286.3 10286.3 10286.4 10286.5 10286.5 10286.6 10286.2 10285.8 10285.1 10284.9 10284.5 10284 10283.2 10282.2 10280.4 10279.1 10279.1 10280.5 10282 10283.8 10285.7 10287.8 10290.5 10293.1 10295.7 10298.1 10300.2 10302.4 10304.7 10306.7 10308.7 10311.3 10313.8 10319.8 10317.2 10316.4 10316.3 10317.2 10318.2 10319 10320 10318.9 10315.7 10311.6 10305.4
10288 10288.3 10288.7 10289.1 10289.2 10289.3 10288.9 10287.9 10287 10287.7 10288.6 10288.9 10287.7 10289.6 10290.9 10291.2 10287.3 10284.7 10285.6 10286.4 10287 10287.5 10287.8 10288 10288.1 10288.3 10288.3 10288.3 10288.1 10288 10288.3 10288.7 10287.6 10286.3 10285.1 10283.9 10282.1 10281.4 10281.8 10281.7 10282.7 10284.5 10286.6 10288.6 10290.9 10293.2 10296 10298.6 10300.7 10302.9 10304.6 10306.9 10308.9 10311.1 10313.1 10314.6 10315.2 10316.2 10316.8 10318.2 10319.4 10320.4 10321.5 10322 10318.5 10311.9 10305
10291 10291 10291.1 10291.4 10291.5 10291.9 10291.6 10290.4 10290 10290.3 10291.4 10293.4 10296.3 10295.6 10291.7 10287.6 10286.4 10287.1 10288.2 10288.7 10288.9 10289.2 10289.5 10289.4 10289.6 10289.7 10289.7 10290.1 10290.2 10290.3 10290.5 10290.3 10289.4 10288.3 10287 10285.5 10283.3 10282.4 10281.8 10282 10283.1 10284.6 10286.8 10289 10291.3 10293.7 10295.7 10298.1 10300.8 10303.1 10304.7 10307.1 10308.6 10310.8 10311.5 10310.4 10312.5 10315.6 10317.5 10319.6 10321.2 10322 10322.1 10322.4 10319 10312.1 10304.9
10293.4 10293.7 10293.6 10293.4 10293.3 10293.2 10293.4 10292.7 10291.6 10292.1 10293.6 10296.9 10301.9 10301 10295.8 10295.1 10293 10291.8 10291.2 10291.2 10291.3 10291.1 10291.2 10291.3 10291.4 10291.7 10291.8 10292.1 10292.2 10292.5 10292.7 10292.1 10291.5 10290.4 10288.9 10287.1 10285.2 10282.6 10280.7 10282.1 10283.6 10285.2 10286.8 10288.9 10291.5 10293.9 10296.2 10298.5 10300.6 10303.2 10305.7 10308 10309.6 10311.2 10311.5 10312.5 10314 10315.9 10318.7 10321.3 10323.1 10323.5 10322.1 10319.1 10316.6 10312.1 10305.8
10297.9 10297.3 10296.6 10295.9 10294.8 10293.9 10291.7 10291.5 10292.2 10293.2 10294.6 10296.9 10302.1 10302.1 10297.6 10297 10297.1 10295.7 10294.6 10293.9 10293.5 10292.7 10292.6 10292.8 10292.8 10293.1 10293.3 10293.8 10294 10294.4 10295 10295.6 10295.2 10292.8 10290.6 10288.5 10286.5 10284.4 10283.9 10283.6 10284.3 10285.4 10287.3 10289.4 10291.3 10293.7 10297 10299 10301.9 10304.5 10306.8 10309.6 10311.2 10312.2 10312.4 10310.7 10311 10316.6 10321.1 10324.5 10326.4 10326.7 10324.8 10320.7 10317.8 10313.6 10307.8
