real_craters/C116-300m.grd
DSAA
241 241
-36.0675 36.0675
-36.0675 36.0675
8973.3978214895 11466.689153387
[rows 210 to 239 of 241, columns 134 to 200 of 241]
10226.7 10227.7 10231.6 10242.1 10254.3 10259.7 10252.2 10243.2 10232.9 10224.1 10221.2 10226.5 10233 10238.1 10241.2 10243.8 10243.8 10241.5 10237.2 10231 10223.7 10217.4 10217.2 10225.4 10235.4 10226 10221 10226.8 10233.3 10239.9 10243.9 10233.7 10214.6 10201.7 10196.7 10197.7 10200.2 10202.8 10206 10210.9 10214.6 10218.2 10221.1 10221.8 10220.3 10218.2 10215.8 10213 10209.6 10206.1 10202.6 10199.2 10195.6 10192.3 10189.8 10188.3 10187.1 10187 10187.8 10189.6 10191.4 10193.2 10196.2 10199.2 10202.5 10205.4 10208.1
10225.1 10227.3 10230.9 10235.7 10239.2 10240.9 10238.3 10231.1 10223.6 10218.4 10216.7 10223.2 10230.2 10236.3 10241.5 10243.8 10245.2 10245.2 10243.2 10239.4 10233.5 10229 10228.3 10228.5 10230.1 10226.6 10224 10228.9 10233.5 10238.9 10242.9 10236.8 10218.6 10204.8 10200.1 10200.3 10201.8 10204.1 10206.9 10211.6 10214.7 10217 10217.1 10213.3 10214.7 10216.9 10215.9 10213.4 10210.5 10207.1 10203.5 10199.8 10196.3 10192.4 10189.4 10186.7 10185.9 10186.7 10187.6 10190 10191.4 10192.8 10195.7 10198.6 10202 10204.8 10207.4
10223.2 10226.5 10230.1 10230.5 10228.9 10228.7 10227 10221.9 10216.8 10215.3 10217.1 10223.1 10230.3 10236.5 10240.7 10244.7 10247.9 10250 10250.8 10250.9 10249.8 10243.7 10237.4 10227.2 10218.6 10223.2 10230.7 10228.1 10230.1 10233.7 10236.8 10232.9 10216.7 10209.3 10205.1 10203.6 10203.9 10205.3 10207.5 10211.9 10214.7 10217 10218.4 10217.7 10218.9 10219.4 10217.3 10214.3 10210.9 10207.8 10204.5 10200.9 10197.4 10193.2 10190.1 10187.2 10186.1 10186.8 10187.4 10187.7 10189.2 10192.6 10195.9 10198.7 10201.5 10204 10206.5
10222.4 10224.9 10227.7 10227.8 10226.3 10224.1 10220.9 10216.3 10212.8 10214.1 10217.7 10225.1 10233.2 10239.6 10243.6 10247.5 10251.6 10254.6 10257.4 10260.8 10263.4 10258.6 10245.7 10226.5 10214 10216.3 10222.3 10220.9 10222.8 10225.1 10224.7 10219.1 10212.2 10212.2 10208.9 10206.5 10205.8 10206.5 10208.2 10212 10215.2 10218 10221.6 10229.2 10232 10222.5 10218.4 10215 10211.9 10209.2 10206 10202.8 10199.1 10195 10191.9 10188.9 10187.6 10188.3 10189 10189.6 10191.3 10194.3 10197.4 10199.8 10202.2 10204.6 10207
10224.3 10224.9 10226.5 10227.1 10226 10222.8 10218.4 10214 10212.2 10214.9 10220.4 10229.8 10239.4 10245.9 10249.6 10252.8 10255.6 10257.4 10260.1 10264.1 10269.1 10263.3 10245.3 10222.5 10208.5 10207.9 10208.7 10209.8 10214.7 10217.5 10216.4 10211.7 10214.4 10213.8 10210.9 10209 10208.5 10209 10210.4 10212.3 10216.1 10218.6 10221.1 10222.1 10217.2 10219.7 10218.2 10215.6 10212.8 10210.2 10207.4 10204.3 10200.6 10197.5 10194.6 10192 10191 10191.3 10192 10193.6 10195.6 10197.4 10199.8 10201.9 10203.9 10206.2 10208.6
10227.3 10225.2 10226.1 10228.7 10227.7 10223.7 10217.9 10213 10211 10218.5 10228.3 10239.9 10248.7 10254 10258.2 10260.5 10259.3 10256.9 10256.8 10257.6 10258.8 10254.2 10236.1 10215.5 10202.9 10202.6 10203.5 10204.9 10210.1 10213.9 10215.3 10214.4 10212.9 10213.1 10211.8 10210.9 10210.9 10211.6 10212.7 10214.2 10217.7 10218.9 10220 10219.2 10220.4 10219.8 10218.3 10216.3 10213.6 10211.3 10208.7 10206.1 10203.2 10200.5 10197.9 10195.5 10194.6 10194.5 10196 10198.1 10199.7 10201.3 10202.6 10204 10205.9 10208.2 10210.6
10227 10224.4 10226.7 10230.9 10233.3 10225.1 10217.9 10212.9 10212.7 10223.8 10243.2 10256.6 10258.4 10259.9 10263.9 10266.4 10259.7 10252.6 10248.5 10244.5 10239.1 10231.6 10223.5 10211.3 10203.3 10202.6 10202.8 10205.1 10209.7 10214.2 10217.6 10220.1 10218.3 10213.1 10211.8 10211.5 10211.8 10212.7 10213.6 10214.9 10217.4 10219.5 10220.4 10222.5 10222.9 10221 10219 10216.7 10214.5 10212.2 10210.1 10208 10206.2 10204.2 10202 10198.9 10195.7 10198.3 10201 10203.2 10206 10205 10205.1 10206.4 10208.3 10210.6 10213.2
10226.8 10225.9 10226.2 10228.4 10228.6 10223.2 10217.2 10212.5 10211.3 10224.8 10250.2 10265.7 10259.7 10257.7 10260 10262.9 10252 10243.4 10236.5 10230.2 10222.7 10216.6 10215.8 10212.1 10208.2 10206.8 10206.6 10209 10212.3 10216.2 10220.3 10223.7 10220 10213.6 10212.2 10212.7 10213.3 10213.9 10214.6 10215.5 10217 10218.7 10219.8 10221.6 10223.3 10221.2 10218.7 10216.6 10215 10213.3 10212 10210.5 10209.4 10208.5 10207.5 10205.8 10203.7 10205.8 10207 10207.1 10207.1 10206.6 10206.8 10208 10210.2 10213.1 10215.9
10225.9 10223.5 10224.2 10224.5 10222.9 10220.1 10216 10212.5 10212.4 10221.8 10238 10248.3 10247.8 10246.2 10244.6 10240.4 10235.6 10230 10224 10217.5 10212 10212.5 10214 10213.6 10213.4 10212.9 10212.5 10213.6 10215.7 10218.6 10221.8 10224.5 10220.5 10212.6 10212.7 10213.8 10214.7 10215.2 10215.6 10216 10216 10218.3 10218.8 10219.7 10220.6 10218.4 10216.4 10215.4 10214.4 10214 10213.6 10212.9 10212.8 10213.1 10213.9 10215.4 10217.8 10217.4 10213.8 10210.2 10207.6 10206.7 10207.6 10209.7 10212.6 10215.9 10219.4
10225.3 10224 10223 10222.2 10220.7 10218.1 10215.1 10212.5 10212.5 10216.5 10222.4 10225.5 10230.3 10231.3 10228.8 10222.8 10220.1 10216.9 10212.4 10207.2 10203.7 10209.2 10214.8 10218.7 10219.8 10220.2 10220.5 10218.6 10219.4 10220.6 10221.4 10220.9 10217.1 10212.6 10216 10217 10217.5 10217.6 10217.5 10216.8 10216 10216.6 10216.2 10215.7 10214.2 10213.6 10213.9 10213.5 10213.6 10214.7 10215 10215.1 10215.8 10217.1 10219.1 10222.7 10228.4 10226.4 10218.7 10212.1 10207.2 10205.9 10208.1 10211.3 10215 10218.9 10222.8
10224.4 10222.4 10222.1 10221.5 10219.9 10217.6 10214.9 10212.4 10210.6 10210.4 10212.5 10213.1 10216.7 10218.6 10216.7 10212.4 10209.2 10206.6 10203.6 10200.1 10197.9 10205 10214.7 10222.8 10226 10227 10227.9 10227.5 10224 10222.6 10221.2 10218.4 10216.2 10223.3 10221.8 10219.7 10218.7 10218 10217.9 10217.4 10216.3 10215.3 10214.2 10213.1 10211.5 10210.8 10211.7 10212.6 10213.7 10214.4 10215.4 10216.6 10217.8 10219.4 10221.5 10224.8 10228.7 10227 10219.7 10212.6 10206.8 10205.4 10209.5 10214 10218.7 10223.2 10227.3
10223.8 10222.8 10222 10221.8 10220.1 10217.9 10215.7 10213.4 10211.6 10210.4 10209.3 10207.3 10209.9 10211.3 10209.5 10205.1 10202 10200.3 10198.4 10196.6 10196 10202 10214.4 10227.2 10230.1 10230.9 10231.9 10233.9 10226.4 10223.3 10222.1 10220.7 10220.9 10231.7 10224.9 10221.6 10220.2 10219.2 10218.3 10217.2 10216.4 10214.7 10213.1 10211.6 10210.2 10209.4 10210.6 10212.1 10213.7 10214.4 10215.7 10217.9 10219.2 10220.5 10221.8 10223.2 10223.9 10221.8 10217.6 10212.9 10209.1 10208.7 10212.8 10217.8 10222.8 10227.5 10231.9
10223.7 10221.7 10221.2 10221.1 10220.5 10219.3 10217.7 10215.9 10214.3 10213.3 10211.2 10209.9 10210.2 10209.9 10207.2 10202.8 10199.2 10197 10196.1 10196.6 10199.6 10200.8 10213 10228.8 10231.7 10231.2 10229.6 10227.4 10222.5 10220.9 10222.3 10226.9 10230.1 10221.7 10221.6 10221.4 10221 10220.2 10219.5 10218.5 10217.3 10215.6 10213.7 10211.3 10209.6 10208.5 10210 10212.1 10214.3 10216.2 10217.7 10219 10220 10220.9 10221.3 10221 10218.9 10216 10215.7 10214.5 10213 10213.1 10218 10223 10227.8 10232.4 10236.8
10227 10223.7 10221.7 10222 10221.8 10221.8 10221.3 10220 10218 10216 10215.5 10215.7 10215.6 10213.6 10209.1 10203.2 10198.4 10195.9 10195 10196.2 10199.7 10201.6 10212 10227.3 10230.7 10229 10224.4 10218.2 10214.3 10215.3 10218 10222.5 10220.6 10214.9 10219 10221 10221.4 10221.1 10220.8 10220 10219.1 10217.7 10215.4 10212.6 10210 10208.6 10210.5 10213.6 10216.4 10218.7 10220.1 10220.8 10221.5 10221.9 10221.8 10220.7 10217.9 10215.2 10216.8 10218.1 10219.4 10221.5 10225.3 10229.4 10233.5 10237.5 10241.4
10227.6 10227.4 10225.2 10222.7 10224.7 10226.6 10227.3 10226.2 10224 10221 10222.5 10226 10225.9 10221.2 10214 10206.1 10199.8 10196.1 10194.7 10195.1 10198.5 10203.9 10216.3 10229.6 10230.7 10226.6 10220.1 10212.7 10206.7 10208.9 10211.1 10212.2 10211.8 10218 10221 10221.8 10222.3 10222.5 10222.2 10221.6 10220.7 10219.4 10218.1 10215.6 10212.2 10208.5 10212.5 10217.1 10219.9 10221.4 10222.4 10223.1 10223.7 10223.9 10223.5 10222.8 10221 10219.2 10221.9 10224 10226.9 10230.7 10233.2 10236.6 10239.9 10243.1 10246.1
10233.8 10232.2 10230.2 10226.6 10230.2 10233.3 10235.1 10235.5 10234.5 10231.5 10234.8 10240.3 10239.6 10231 10220.2 10209.6 10201.3 10197.1 10195.6 10196.3 10200.2 10206.8 10220.2 10231.6 10230.2 10225 10217.1 10208.5 10204.8 10205 10206.2 10207.7 10212.4 10218 10221.4 10222.4 10223 10223.8 10223.9 10223.8 10223.3 10222.3 10222.3 10221 10218.5 10216.1 10219.9 10223.1 10224.6 10225.2 10225.4 10225.5 10225.9 10226.3 10226.3 10226.6 10226.8 10228.4 10229.9 10231.7 10234.3 10236.9 10240.8 10244.3 10246.4 10248.3 10250.1
10231 10236.1 10236.6 10234.8 10238.7 10241.7 10244.1 10246.2 10248.5 10251 10254.6 10256.4 10252.5 10240.3 10225.9 10213 10202.5 10198.4 10197.6 10198.4 10202.2 10208.6 10221 10230.3 10228.8 10223.3 10216 10208.5 10203.1 10203.4 10204 10203.4 10206.1 10212.6 10219.3 10222.4 10224.2 10225.3 10226 10226.3 10226.3 10225.6 10226.4 10226.9 10229.2 10232.6 10233.4 10231 10229.4 10228.3 10228.4 10228.7 10228.9 10229.7 10230.2 10230.9 10231.9 10234.4 10236.3 10239.6 10243.1 10246.4 10250.3 10253.1 10253.3 10253.6 10253.8
10232.7 10242 10249.6 10248.7 10249.3 10250.2 10252.2 10255.6 10260.9 10268.8 10273.4 10268.9 10263.5 10245 10228.6 10215.4 10205.2 10201.1 10200.4 10201.3 10203.7 10206.7 10215.7 10227.7 10226.7 10221.4 10215.2 10209.7 10205.9 10204.4 10205.9 10207.6 10209.5 10213.4 10218.3 10223.1 10225.6 10227.1 10228.1 10228.6 10229.1 10228.2 10229.5 10231.4 10236.7 10244.7 10243.8 10236 10232.1 10230.3 10230.8 10231.1 10231.8 10233.1 10234.1 10235.2 10236.2 10236.9 10240.3 10246.9 10252.9 10258.6 10262.4 10263 10261.7 10260.4 10259.6
10232.2 10247.1 10261.9 10261.7 10257.9 10256.6 10257.5 10260.8 10266.7 10275 10279.2 10268.2 10255.3 10240.2 10226.7 10216.1 10208.7 10204.6 10203.3 10203.6 10204.3 10203.2 10215.2 10226.9 10223.5 10218.7 10213.7 10209.6 10206.7 10206.3 10209.7 10213.6 10214.6 10216.8 10222.7 10226.1 10228.7 10230.8 10232.2 10232.6 10232.6 10230.8 10231.4 10232.9 10235.7 10239.5 10237.7 10233.4 10231.8 10231.2 10231.5 10232.8 10234.6 10236.5 10238.2 10239.9 10241.6 10243 10247.1 10255 10263 10271.3 10275.8 10272 10267.6 10265.7 10264
10232.2 10247.2 10263 10264.2 10260.2 10257.9 10257.8 10260.2 10264.2 10268.9 10269.6 10257.3 10241.4 10229.8 10221.1 10214.3 10209.5 10206.5 10205.2 10205.5 10205 10202.1 10209.9 10219.2 10217.1 10214.7 10211.9 10209.4 10206.2 10209.8 10214.4 10217.8 10219 10220.5 10225.4 10229.7 10232.7 10234.7 10235.5 10235.8 10235.3 10232.4 10232.7 10231.7 10230.7 10227.8 10225.3 10227 10228.8 10230.2 10232.5 10234.5 10236.7 10239.2 10242.1 10244.9 10248.1 10251.7 10256.7 10262.7 10270.1 10278.1 10282.9 10276.5 10271.4 10267.9 10265.7
10229.1 10241.6 10254.5 10257.8 10255.8 10254.1 10253.6 10254.3 10255.4 10255.8 10253.9 10240.9 10227 10218.2 10214.3 10211.2 10208.4 10206.6 10206 10206.1 10205.8 10202.8 10202 10205.5 10208.7 10209.7 10210.1 10210.5 10212.8 10217.4 10219.2 10222.1 10223.8 10226.3 10229.9 10234.7 10238.2 10240.2 10240.4 10240 10238.8 10237.2 10232.3 10229.7 10226.5 10222 10219.3 10221.9 10225.9 10228.9 10232.4 10235.5 10239.5 10242.7 10246.3 10250.1 10254.2 10258.9 10263.5 10268.2 10273 10277.3 10279.4 10274.6 10270.7 10267.5 10265.6
10225.9 10233.1 10239.9 10245.6 10246.4 10246.6 10246.4 10245.5 10244 10239.9 10231.4 10223.2 10213.6 10208.5 10209 10208.8 10208 10207.1 10207 10207.4 10206.2 10203.8 10200.2 10199.4 10203.1 10206.1 10208.7 10211.2 10215.2 10219.7 10222.3 10225.3 10228.3 10231.6 10236 10242 10244.7 10245.4 10244.9 10243.5 10238.7 10235.8 10232.5 10229.4 10224.8 10220.5 10217.5 10219.9 10224.2 10228 10231.5 10235.4 10240.8 10244.8 10249.4 10254.2 10259.7 10264.9 10268.4 10272.5 10273.4 10272.5 10269.9 10268 10267.4 10266.1 10265.5
10223.5 10226.5 10229 10232.6 10236.1 10237.9 10238 10236.7 10233.6 10227.5 10218.3 10212.3 10208 10205.9 10207.5 10208.6 10209 10208.9 10208.8 10208.8 10207.9 10205.4 10201.2 10198.7 10200.9 10204.6 10208.2 10211.6 10214.5 10218.2 10223.8 10228.3 10232.8 10238.6 10247.6 10252.3 10252.1 10251.4 10249.8 10247.2 10241.7 10238 10233.9 10230.1 10225.8 10221.7 10218.8 10220.7 10224.9 10228.2 10231.2 10236 10242.6 10246.9 10252.1 10257.6 10263.9 10270.9 10277.6 10277.2 10273.1 10268 10260.7 10262.1 10263.6 10264.5 10265.5
10221.6 10222.1 10223.2 10223.4 10227.7 10230.2 10230.5 10229.3 10226 10220.4 10213.1 10209 10208.4 10208.9 10209 10210.2 10211.6 10212.4 10210.6 10210.6 10210.7 10209.3 10203.9 10198.9 10200.8 10204.9 10209.2 10213.3 10218 10224.3 10227.3 10231.1 10236.5 10242.8 10251.9 10258.2 10258.3 10257 10254.5 10251.2 10245.1 10240.7 10236.1 10231.9 10227.9 10224.9 10223.9 10224.2 10226.1 10228.5 10232.2 10236.4 10243.7 10248 10253.4 10259 10265.6 10272.8 10279.9 10277.6 10271.2 10265.1 10262.7 10260 10260.6 10262.9 10265.3
10222.1 10218.1 10217.5 10220.1 10223 10224.9 10225.3 10224.3 10221.6 10217.8 10213.4 10210.6 10210.2 10210.5 10211.3 10212.6 10214.3 10215.2 10211.5 10210.8 10214.2 10215.4 10209.2 10202.1 10203.1 10207.2 10211.5 10216.4 10221.2 10227.6 10232.1 10235.8 10240.3 10245.3 10252 10259.7 10263.1 10262.1 10258.8 10254.7 10248.2 10243.5 10239.1 10234 10229.9 10227.3 10226.2 10225.9 10227.5 10229.8 10233.5 10237.4 10242.6 10249.1 10253.7 10258.6 10264.2 10269.9 10274.7 10273.3 10266.5 10260 10254.5 10253.5 10257.7 10262.4 10266.3
10224.6 10220.2 10218.8 10220.5 10221.1 10222 10222.3 10221.8 10220.1 10217.8 10215.6 10213.9 10213.3 10213.3 10213.9 10215.2 10216.9 10218.6 10213.7 10213.8 10218.5 10221 10215.1 10207.8 10208.5 10211.8 10215.7 10220.1 10224.4 10229.4 10233 10238.2 10244.1 10250.6 10259.2 10268.2 10268.8 10266 10262.1 10257.5 10252.8 10246.7 10241.8 10236 10231.8 10228.5 10226.1 10226 10228.5 10231.3 10235 10238.5 10243 10249.9 10253.4 10257.2 10261 10264 10266.5 10264.4 10259.5 10254.7 10249.9 10249.8 10256.5 10263.9 10269.3
10228.2 10225.1 10222 10219.7 10220.1 10221.1 10221.4 10221.1 10220.4 10219.3 10218.8 10218.9 10216.5 10215.5 10216.4 10217.8 10218.9 10218.9 10217.3 10219.5 10223.5 10225 10221.4 10217.2 10215.9 10218 10221.4 10225 10227.9 10230 10234.3 10241.3 10248.3 10255.1 10263.8 10275 10272.8 10268.8 10264 10259 10254.4 10248 10243.3 10237.8 10233.6 10229.7 10226.7 10226.1 10229.4 10233 10236.5 10240.3 10243.9 10250.9 10253.8 10255.9 10257.6 10257.9 10255.1 10252.4 10254.2 10252.9 10249.4 10249.1 10260.6 10269.2 10275.1
10231.7 10228.6 10225.1 10222.2 10221.7 10222.2 10222.5 10222.4 10222.1 10221.4 10220.6 10219.9 10218.9 10218.6 10219.6 10220.8 10221.7 10221.7 10222.1 10226.4 10230.1 10230.9 10227.9 10223.5 10222.6 10225 10228.2 10231.4 10234.3 10236.4 10241.3 10247.2 10252.7 10258.5 10266 10273.7 10272.8 10268.8 10264 10259.1 10255.1 10248.8 10244.5 10240.3 10235.6 10232.1 10229 10228.7 10231.5 10235 10238.8 10242.1 10245.5 10251.8 10253.9 10255.4 10255.5 10254.9 10253.3 10252.9 10254.7 10256.8 10259.7 10265.7 10271.9 10278.6 10283.9
10235.6 10230.9 10228.8 10226.4 10225.2 10225 10224.9 10224.9 10224.6 10224 10222.7 10220.8 10221.8 10222.9 10223.7 10224.4 10225.4 10227.1 10229.7 10233.8 10237.9 10238.9 10235.3 10231.1 10229.9 10232.2 10235.3 10238.7 10242.8 10247.8 10254 10255.1 10256.3 10258.9 10263.6 10269.2 10269.9 10266.6 10262.2 10257.9 10254.4 10249.1 10245.4 10241.7 10238.4 10235.4 10232.5 10232.3 10234.9 10238.2 10241.5 10244.5 10247.2 10253.3 10255 10255.9 10255.6 10254.8 10254 10255.1 10258 10263.3 10271.3 10282 10284.9 10289.9 10294.4
10239.9 10237.8 10233.8 10231.2 10229.6 10228.6 10228.4 10228.1 10227.7 10227.4 10226.8 10226.2 10227.7 10227.8 10228.2 10228.8 10228.8 10230.7 10237 10238.9 10244 10245.5 10242.4 10239 10238 10240.2 10242 10245.2 10249.9 10256.6 10263.1 10260.2 10257.5 10255.9 10255.9 10263 10264.4 10261.7 10258.3 10255 10252.9 10248.4 10245.6 10242.8 10240.8 10238.7 10236.4 10234.6 10239.3 10242.9 10244.9 10247.6 10249.6 10254.9 10256.5 10257.5 10257.5 10256.8 10255.4 10255.3 10261.6 10270.4 10280.4 10289.2 10296.2 10301.7 10306.1
