real_craters/C116-500m.grd
DSAA
145 145
-36.0675 36.0675
-36.0675 36.0675
8975.2578343016 11457.743225633
[rows 60 to 89 of 145, columns 67 to 133 of 145]
9447.45 9378.11 9355.91 9350.11 9349.04 9337.86 9335.62 9366.88 9402.77 9393.34 9386.39 9415.69 9474.4 9533.72 9630.95 9738.39 9847.54 9952.29 10046.2 10139.6 10228.9 10322.1 10412.2 10487.1 10523.3 10514.8 10476.6 10445.7 10420.9 10396.1 10371.3 10351.4 10352 10345.5 10338.7 10336.7 10330.9 10316.7 10321.4 10304.5 10284.5 10275.1 10267.8 10275.7 10281.7 10286.1 10290 10399.4 10421 10448 10476.2 10507.6 10538.2 10512.8 10542.9 10569.6 10601.7 10635.3 10673.7 10759.4 10793.5 10847.4 10922 10964.4 10969.8 11005.2 11057.7
9250.74 9202.06 9229.91 9242.75 9249.96 9259.8 9278.19 9324.03 9345.02 9321.14 9325.71 9377.21 9415.05 9478.32 9557.47 9640.96 9723.14 9809.1 9927.65 10033.4 10118.8 10212.6 10307.9 10405.2 10465.7 10522 10506.9 10479.6 10450.2 10421.5 10396.6 10381.6 10364.1 10353.1 10341.5 10333.6 10320.4 10313 10316.2 10309.6 10301.6 10284.2 10270.6 10273.1 10278.6 10284.1 10290.4 10391.5 10409.4 10435.2 10461.9 10491.4 10518.5 10484 10508.5 10530.2 10558.4 10584 10665 10675.1 10701.8 10735.2 10763.1 10794.2 10862.3 10935.2 11012.4
9137.54 9136.67 9153.52 9156.82 9166.36 9193.9 9222.92 9255.04 9280.5 9251.89 9244.86 9289.01 9342.9 9413.53 9489.9 9557.35 9626.8 9709.19 9832.13 9954.08 10069.5 10163.4 10234.5 10321.1 10470.6 10523.1 10531.5 10511 10478.7 10445.3 10413.6 10385.2 10374.3 10363.9 10353 10332.7 10316.2 10315.4 10326.4 10308.3 10292.9 10280.3 10272.6 10276.2 10280.1 10288.8 10294.6 10389.1 10404.1 10428.2 10454 10480.4 10435.9 10458.5 10474.3 10492.8 10508.3 10525.8 10586.5 10594.3 10608 10622.4 10629.6 10656.3 10754.6 10859 10956.8
9094.47 9075.56 9088.14 9117.86 9128.18 9131.94 9144.62 9163.8 9165.02 9142.79 9106.75 9169.28 9243.59 9335.87 9418.38 9474.85 9545.13 9629.23 9756.21 9888.49 10025.2 10145.7 10192.4 10305.9 10511.7 10575.3 10573.8 10547.1 10505.4 10467.6 10429.9 10392.7 10386.7 10376.9 10363.8 10343.5 10336.2 10322.1 10312.7 10300.4 10285.1 10278.7 10283.5 10284.2 10287.8 10292.2 10296.3 10386.1 10396.6 10419.2 10443.7 10408.7 10415.8 10432.1 10442.7 10458.6 10469 10472.9 10521.5 10521.5 10522.4 10527.2 10534.7 10566.8 10672.4 10792.9 10912.6
9065.72 9055.75 9054.79 9067.47 9078.12 9074.29 9058.93 9069.91 9084.18 9068.09 9044.92 9069.67 9142.92 9227.24 9306.8 9384.15 9472.25 9577.22 9696.36 9820.49 9939.45 10054.2 10149 10306.7 10510 10602.2 10597.1 10569.2 10526 10485.6 10448 10416.9 10403.5 10390.4 10377.9 10381 10344.1 10322.2 10305.2 10294.1 10286.4 10283.2 10285.3 10292.2 10295.3 10298.2 10300.4 10371.6 10386 10406.5 10431.4 10391.7 10400 10411.2 10417.5 10427.1 10424.2 10420.2 10467.6 10456.9 10453.8 10450.2 10464.8 10514.6 10605.9 10735 10872.4
9040.85 9043.7 9044.24 9046.16 9047.46 9044.33 9035.66 9040.77 9043.74 9039.34 9041.32 9040.1 9077.77 9133.88 9201.84 9295.38 9401.39 9513.46 9636.24 9757.28 9863.58 9955.88 10086.3 10271.5 10506.8 10617.8 10608.3 10577.7 10532 10491.8 10457 10434.9 10414.4 10400.5 10391.5 10385.5 10343 10317.8 10302.9 10294 10289 10288.2 10293 10301.3 10302.7 10301 10304 10303.5 10382.2 10402.1 10422.8 10373 10377.6 10384.6 10391.5 10392.4 10382.9 10382.5 10411.6 10399.1 10392.3 10390.5 10400.6 10432.7 10537 10680 10825.5
9023.57 9032.43 9043.31 9040.96 9043.17 9042.78 9037.69 9036.07 9028.16 9023.83 9025.22 9027.74 9042.48 9071.7 9121.24 9220.72 9337.75 9460.28 9588.27 9711.06 9824.43 9919.73 10030.9 10206.7 10418.1 10572.6 10600.7 10576.8 10541.6 10497 10456 10418.9 10398.2 10396.1 10398.2 10379.2 10328.4 10309.7 10301.9 10299.6 10298.2 10293.7 10308.9 10315 10316 10315.5 10314.3 10313.2 10381.6 10398.9 10412.7 10365 10362.9 10366.9 10369.5 10367.4 10363 10355.6 10382 10369.7 10355.1 10347.2 10349.9 10379 10480.1 10634.5 10790.4
9013.35 9036.77 9039.66 9035.45 9052.96 9061.97 9049.19 9032.94 9024.62 9017.31 9021.95 9021.6 9026.4 9040.2 9072.5 9169.73 9288.92 9420.74 9553 9673.93 9796.19 9910.09 9994.63 10146.2 10332.9 10519.3 10580.7 10576.7 10544.1 10496.6 10448 10399.5 10373.8 10374.2 10374.9 10349.5 10307.4 10301.1 10302.5 10306.5 10315 10340.1 10339.4 10331.9 10327 10320.9 10314.9 10311.7 10362.1 10395.2 10408.8 10363.9 10372.1 10375.3 10354.1 10356.7 10353.2 10345.3 10376.9 10352.9 10321.7 10306.6 10314.7 10337.1 10432 10597.5 10776.1
9005 9027.77 9032.58 9047.43 9086.48 9110.55 9112.11 9056.74 9040.86 9020.08 9013.92 9015.54 9020.65 9032.22 9073.01 9145.73 9244.34 9360.94 9488.33 9630.34 9769 9885.28 9969.05 10109.8 10307 10525.1 10588.4 10581 10545.7 10495.8 10437.8 10384.4 10349.2 10345.9 10337.7 10316.4 10294.8 10294.7 10301 10314.3 10315.6 10334.4 10350.1 10337.8 10328.3 10322.7 10317.5 10314.3 10351.6 10385.5 10400.1 10370.7 10374.8 10367.1 10357.5 10355.8 10343.3 10335.5 10355.2 10326 10304.3 10297.6 10301.4 10318.7 10397.5 10555.3 10726.9
9001.79 9023.83 9043.03 9099.86 9148.65 9170.75 9201.29 9146.65 9082.19 9027.11 9012.45 9014.91 9019.66 9025.5 9054.48 9112.16 9200.69 9306.71 9432.51 9590.18 9742.09 9872.72 9954.43 10086.6 10293.4 10533.2 10599.8 10593.2 10553.1 10498.4 10436.2 10375.4 10331.1 10326.9 10313.9 10302.6 10293.1 10291.2 10293.4 10296.8 10306.2 10322.3 10333.3 10331.4 10326.5 10319.8 10309.4 10308.9 10340.5 10366.4 10387.6 10370.4 10374.9 10378.3 10361.2 10343.5 10343 10330 10344.7 10318.3 10305.8 10304.6 10313.4 10327.4 10385.2 10507.1 10643
9022.1 9041.15 9130.5 9248.55 9222.71 9200.22 9198.17 9218.97 9117.23 9032.72 9014.68 9017.77 9017.41 9015.22 9022.83 9074.13 9165.6 9270.4 9391.32 9561.99 9726.49 9869.17 9951.85 10076.5 10284.7 10539.7 10607.2 10597.9 10557.3 10501.3 10437.5 10377.7 10334.6 10334.2 10322.3 10307.9 10298.8 10292.2 10287.6 10288.4 10298.8 10309.2 10315.6 10320.6 10317.8 10312.6 10306.4 10295.9 10320.7 10347.8 10367.9 10369.8 10365.5 10370 10357.2 10344.6 10345.6 10332.5 10351.7 10331.2 10328.7 10320.8 10334.9 10354.3 10402.6 10466 10533.2
9057.99 9110.68 9241.15 9329.53 9251.83 9186.46 9177.66 9204.6 9116.85 9032.63 9019.53 9023.45 9021.59 9012.83 9016.48 9061.17 9147.5 9255.97 9378.41 9552.62 9719.9 9867.32 9953.62 10061.2 10252 10499.6 10597.8 10595.2 10554.7 10498.5 10438.4 10383.6 10346.1 10341.5 10333.3 10320.7 10305.9 10297 10289.9 10283.6 10303.2 10317.6 10313.6 10311.4 10310.4 10306.9 10299.6 10294.7 10313.4 10342.7 10354.4 10357.8 10352.2 10358.3 10349.9 10352.9 10341.9 10344.7 10348 10347.7 10338.8 10345.3 10361.9 10379.7 10407.9 10446.1 10495.9
9090.42 9174.24 9307.36 9305.47 9214.17 9129.46 9090.41 9135.4 9091.7 9038.09 9025.88 9028.88 9024.46 9014.94 9014.97 9052.83 9138.56 9255.85 9406.23 9554.41 9711.36 9865.9 9947.34 10036.3 10223 10458 10575.7 10576.9 10541.3 10488.3 10434.9 10383.8 10338.1 10322.6 10314.6 10307 10306.7 10303.4 10298.7 10294.6 10311.6 10316 10296.7 10298.4 10297.4 10295.3 10295.6 10297.6 10297.9 10336.6 10351.2 10356.7 10363.6 10364.1 10371.4 10360.8 10368.4 10371.4 10378 10380.4 10369.7 10378.6 10384.8 10408.3 10425.9 10448 10477.7
9095.53 9151.6 9198.25 9171.6 9142.55 9085.85 9043.9 9095.64 9071.46 9036.21 9030.06 9027.29 9025.98 9017.08 9014.62 9045.41 9129.5 9243.4 9375.67 9522.85 9683.02 9838.43 9933.2 10029.9 10210.2 10422.2 10534.4 10540 10514.5 10472.9 10426.2 10379.9 10336 10314.1 10311.4 10315.4 10314.6 10312.1 10312.4 10321.4 10337.3 10320.3 10300.8 10288.8 10284.6 10279.4 10279.2 10284.3 10286.7 10326.3 10337.2 10349.1 10357.5 10362.7 10370.7 10368.9 10376.8 10389 10377.8 10409.8 10398.7 10409.6 10419 10442.8 10454.9 10475.5 10498.1
9084.51 9095.49 9079.68 9090.96 9098.84 9091.4 9083.18 9080.66 9063.5 9043.69 9035.63 9039.18 9029.33 9020.23 9018.71 9052.05 9124.12 9226.77 9340.54 9487.33 9651.61 9796.23 9946.69 10063.3 10200.1 10347.8 10475.4 10498 10485.6 10457.2 10418.4 10376.7 10335.2 10301.3 10312.8 10338.2 10324.7 10319.8 10319.4 10320.6 10313.4 10308.5 10292 10281.6 10276.7 10272.7 10272.4 10274.4 10276.8 10316.8 10328.8 10337.2 10344.4 10356.9 10366.2 10373.8 10383.9 10390.2 10400.1 10436.8 10443.6 10441.7 10456.5 10478.1 10495.2 10507.8 10513.9
9084.12 9074.92 9069.76 9086.23 9086.2 9086.01 9083.54 9070.77 9050.84 9037.47 9035.18 9036.53 9029.58 9023.09 9024.69 9050.08 9125.37 9227.09 9345.15 9486.61 9645.74 9799.18 9943.6 10090 10208.2 10308.4 10409 10456.4 10456.3 10435.7 10399.6 10369.1 10341.8 10327.7 10320.3 10316.9 10322.3 10321.4 10319.6 10319.5 10325.5 10298 10279.7 10270.3 10271.2 10271.7 10276.1 10276 10278.2 10317.4 10314.6 10317.1 10325.5 10330.6 10337.9 10351.4 10361.5 10377 10388 10412.4 10455.9 10467.3 10480.9 10503.9 10516.7 10531.2 10527.6
9084.86 9068.26 9062.58 9075.3 9077.06 9076.76 9071.11 9059.91 9040.78 9030.9 9030.43 9031.65 9028.34 9029.13 9042.15 9075.79 9150.53 9246.35 9350.64 9481.77 9667.63 9854.2 9987.8 10133.5 10250 10341.9 10411.5 10440.1 10437.2 10412.6 10389.2 10364.3 10341.7 10328.4 10323.2 10320.6 10320.6 10317 10312.3 10306.9 10296.2 10275.9 10257.6 10254.1 10263.4 10267 10273 10273.6 10276.4 10321 10293.8 10299.6 10304.6 10308.6 10316.8 10318.7 10336.2 10362.7 10373.7 10388.9 10407.4 10429.6 10456.1 10489.3 10508.2 10513.2 10522.4
9097.51 9072.01 9059.7 9062.45 9068.09 9067.87 9065.22 9056.81 9038.38 9029.82 9028.61 9029.35 9030.16 9042.13 9075.99 9133.05 9206.69 9292.28 9386.1 9512.52 9707.34 9906.53 10052.9 10200.4 10304.9 10402.8 10449.9 10436.4 10424.3 10401 10380.4 10360.1 10335.9 10307.8 10327.6 10327.8 10314.7 10307.2 10299.4 10285.5 10257.7 10252.8 10247.7 10251.3 10264.9 10267.6 10270.3 10273.1 10277.7 10326.2 10285.5 10287.4 10291 10294 10298.2 10301.7 10316.3 10323.3 10331.1 10327.6 10352 10383.3 10418.6 10466.1 10486.7 10492.7 10518.9
9122.63 9087.19 9069.38 9069.88 9069.49 9068.34 9064.08 9058.72 9046.98 9036.57 9032.17 9033.14 9040.3 9064.54 9125.84 9202.17 9282.52 9363.3 9452.93 9565.06 9749.16 9943.39 10096.6 10240.6 10344.2 10406.1 10419 10415.3 10409.2 10389.8 10374.5 10357.2 10337.8 10316 10316.5 10314.6 10304.1 10296.4 10291.3 10285.1 10260 10255.4 10262.1 10269.3 10274.1 10274.2 10279.6 10282 10283.8 10334.3 10273.9 10273.9 10274.1 10278.6 10281.6 10286 10293.9 10293.5 10297.7 10283.9 10312.6 10340.9 10377.4 10425 10470.2 10502.6 10523.6
9156.52 9110.26 9087.22 9082.98 9077.31 9072.99 9064.91 9057.44 9050.83 9047.37 9049.26 9052.54 9069.98 9128.88 9195.9 9277.63 9364.12 9453.12 9547.87 9649.71 9809.33 9982.55 10155.6 10319.9 10385.2 10405.7 10393.5 10396.4 10391.2 10381.5 10369.7 10358.8 10346.6 10318.9 10303.2 10298.8 10294.4 10287.4 10282.6 10290.9 10285.7 10275.4 10280.7 10286.2 10286.8 10284.2 10286.6 10289.7 10292 10284.6 10267.3 10267.3 10265.7 10265.7 10264.1 10261.9 10264.1 10260.9 10259 10232.9 10250.8 10277.6 10311.8 10353.3 10426.9 10530.6 10498.7
9196.5 9136.96 9109.22 9103.17 9089.89 9077.4 9069.15 9059.25 9054.66 9074.7 9090.33 9100.26 9121.78 9194.78 9279.97 9365.84 9454.27 9565.79 9677.56 9791.95 9911.97 10058.8 10233.4 10388.1 10422.7 10416.3 10396.7 10393.1 10384.3 10373.3 10363.5 10354 10346.2 10334.5 10295.4 10288.2 10285.2 10277.7 10263.4 10248.2 10272 10292.7 10294.1 10297.7 10295.3 10295.3 10293.8 10295.6 10295.3 10269.2 10255.3 10249.8 10243.6 10235.8 10229.3 10228.2 10220.6 10215.3 10209.3 10206 10175.9 10196.2 10216.6 10243.5 10289.5 10341.1 10376
9251.48 9172.18 9140.82 9126.62 9109.84 9084.95 9095.99 9097 9097.12 9135.58 9164.66 9186.37 9225.89 9300.93 9396.77 9490.61 9583.03 9702.29 9826.25 9959.84 10062.7 10169.6 10297.7 10418 10447.2 10428.3 10416.5 10395.5 10373.4 10361.1 10352.5 10344.7 10333.8 10320.8 10294.4 10290.9 10287.4 10282.4 10268.7 10230.1 10263.5 10294.5 10297.4 10299.8 10296.5 10297.6 10296.6 10300.5 10308.9 10251.2 10242.5 10232.4 10219 10202.5 10188.4 10177.7 10163.2 10148.9 10138.5 10131 10078.5 10088.3 10096.7 10109.1 10109.2 10130 10218.7
9340.28 9246.89 9207.94 9181.65 9160.07 9132.86 9164.64 9211.7 9216.59 9238.32 9272.62 9305.95 9350.78 9449.93 9555.68 9646.32 9745.08 9852.4 9967.57 10086.2 10235.4 10306.7 10358.2 10446.8 10446.5 10412.5 10384.9 10363.6 10348.7 10343.2 10338.6 10334.1 10333 10314.1 10309.8 10301.6 10297 10295.3 10301.8 10327.9 10305.2 10299 10291.7 10284 10292.5 10302.2 10306.9 10313 10318.6 10245.9 10226.4 10209.9 10194.2 10176.3 10157.7 10141.2 10121.2 10100.1 10083.6 10071.3 9998.65 9999.97 10000.9 9992.74 9978.23 9998.7 10101.6
9468.09 9392.88 9319.24 9265.36 9241.38 9213.85 9257.25 9313.02 9334.13 9360.89 9403.94 9455 9520.63 9619.43 9719.66 9807.54 9906.31 10005.6 10103.5 10207.8 10337.2 10380.2 10379.5 10394.1 10388.2 10366.3 10341.6 10321.1 10322.1 10326.2 10327.5 10322.6 10312.1 10311.3 10314.6 10308.1 10303.5 10303.4 10308.8 10316.2 10305.8 10289.1 10288.3 10286.6 10298.2 10310.6 10317.4 10324.5 10327.5 10234.8 10222.5 10202.6 10181 10161.3 10140 10109.7 10088.6 10061.2 10043.1 10018.3 9933.54 9927.14 9919.39 9910.22 9907.04 9950.45 10043.1
9602.97 9526.94 9456.58 9399.65 9383.4 9340.04 9371.77 9408.3 9435.89 9486.3 9547.75 9616.95 9702.66 9780.47 9857.56 9961.03 10066.3 10151.9 10226.8 10304.1 10358.5 10406.3 10394.3 10343.8 10324.7 10316.4 10300.5 10288.5 10305.6 10318.4 10324 10322 10312 10308 10313.8 10308.6 10304.7 10303.2 10303.6 10299 10296.9 10297 10293.1 10300.8 10313.8 10326 10333.9 10341.2 10346.5 10236 10221.3 10196.4 10171.7 10145.4 10119.4 10091 10056.1 10024.2 9996.08 9963.03 9870.61 9858.8 9850.15 9846.65 9858.69 9908.7 9988.54
9740.27 9662.54 9610.1 9571.05 9551.55 9494.93 9517.49 9551.16 9566.31 9625.79 9697.9 9776.79 9859.29 9939.5 10024.6 10104.5 10191.2 10258 10322.3 10381.3 10416.7 10418.2 10378.8 10317.6 10293.9 10285.7 10275.6 10283.2 10305.7 10320.2 10330.6 10332.7 10326.5 10306.8 10303.1 10302.1 10302.2 10300.4 10299.6 10299.8 10288.8 10277.2 10292.3 10314.3 10333.3 10342.7 10349.9 10359.3 10365.4 10245.1 10216.8 10188.2 10159.8 10127.2 10091.4 10057.3 10020.7 9981.62 9939.48 9902.62 9794.89 9787.42 9782 9779.13 9804.95 9845.45 9911.7
9901.61 9830.5 9771.24 9724.44 9677.59 9660.42 9681.37 9709.02 9724.76 9786.43 9861.44 9940.1 10017.4 10093.4 10171.2 10236.2 10285.7 10337.7 10404.1 10438.2 10453.4 10383.1 10336.6 10294.8 10275.2 10278.4 10282.1 10305 10318.7 10330.4 10341 10353.8 10342.6 10306.9 10292.4 10295.6 10296.7 10296.8 10289.4 10283.1 10285.8 10285.3 10298.7 10320.3 10340.1 10358.6 10368.9 10376.2 10271.5 10252.2 10219.9 10180.2 10146.5 10109.6 10070.6 10031.6 9985.66 9947.04 9894.55 9856.73 9715.14 9713.57 9713.6 9718.48 9735.68 9764.01 9808.37
10062.2 10001.9 9946.23 9897.17 9831.61 9840.23 9866.36 9885.56 9919.93 9971.6 10034 10102.5 10179.1 10250.4 10292.3 10362.4 10449.9 10507.7 10491 10439.2 10377.6 10330.4 10303.8 10288 10281.2 10287.4 10303.1 10317.3 10328.2 10337 10344.2 10348.2 10331.5 10291.4 10287.1 10288.5 10292.5 10300.1 10309.6 10303.9 10294.5 10290.8 10304.9 10335.6 10365.1 10380.4 10390 10396.7 10288.3 10263.5 10234.3 10183.8 10136.3 10097.2 10054.4 10010.8 9959.25 9916.45 9852.14 9812.79 9679.14 9673.28 9675.97 9666.53 9670.14 9700.24 9739.28
10198.9 10164.6 10130.4 10094.1 10028.2 10042.1 10080.9 10110.4 10135.4 10166.4 10202.8 10252.6 10311.2 10372.2 10379.2 10458.7 10580.3 10687.6 10534.1 10423.7 10347 10306.2 10288.9 10280.2 10284.4 10296.8 10316.4 10335 10339.6 10337.7 10338.3 10338.2 10328.1 10289.2 10277.4 10278.1 10286.7 10301.9 10321.7 10317.4 10304.2 10299.4 10316.3 10354 10391.7 10402.2 10405.8 10415.4 10303.7 10275.6 10239.3 10188 10139 10094.1 10042.6 9995.58 9939.97 9889.86 9830.59 9790.25 9749.43 9647.32 9648.42 9638.81 9645.84 9673.63 9716.96
10384.3 10346.1 10309.9 10292.1 10254.5 10267.6 10300.3 10319.9 10324.3 10332 10348.1 10377.2 10411.8 10433.9 10487.9 10525.3 10553 10536.3 10461.4 10362.6 10312.6 10298.7 10282.6 10275.3 10280.5 10297 10323.4 10346 10333 10328.8 10328.6 10320.3 10302.4 10281.2 10264.1 10261.8 10278.8 10296.6 10308.7 10312.3 10308.1 10310.6 10328.1 10360.2 10393.4 10412 10423.1 10432.6 10323.2 10287.4 10249.7 10191.7 10137.2 10089.7 10035.6 9989.42 9927.36 9876.85 9816.76 9772.49 9733.98 9628.96 9639.27 9632.24 9646.48 9675.99 9727.76
