real_craters/C116-500m.grd
DSAA
145 145
-36.0675 36.0675
-36.0675 36.0675
8975.2578343016 11457.743225633
[rows 30 to 59 of 145, columns 67 to 133 of 145]
10304 10308.5 10301.1 10293.3 10303.1 10318.7 10331.2 10337.4 10343 10326.3 10322.8 10319.4 10335.5 10351.7 10369.3 10400.7 10453.3 10495.3 10528.4 10565.8 10645.8 10702.5 10743.9 10776.7 10810.6 10845.5 10871.8 10886.5 10903.9 10934.9 10995.6 11061 11128.6 11199.9 11267.8 11264.3 11258.9 11252 11239.4 11224 11210.2 11191.2 11183.5 11188.5 11199.3 11204.7 11206.2 11196.5 11180 11163.1 11141.9 11127 11108.7 11093.8 11079.7 11073 11058.8 11053.4 11039.1 11029.8 11028.3 11027.4 11025.7 11022.7 11018.7 11013.1 11005.4
10287.1 10287.8 10291.6 10292 10295 10299.8 10307.3 10314.1 10310.3 10322.4 10316.1 10302 10316 10318 10328.9 10355 10384.7 10418.4 10456.6 10505 10594.3 10656.6 10698.4 10740.6 10782.8 10817.5 10847 10859.4 10856.3 10877.2 10925.7 10987 11055.6 11131 11196.2 11212.1 11218.3 11223.3 11225.6 11215.6 11178.8 11141.2 11139.1 11161.4 11192.2 11216.5 11225.4 11210.7 11188.7 11164.6 11144.8 11125.4 11108.3 11095.1 11092.2 11080.2 11069.1 11069.4 11055.6 11046.4 11044.4 11044.8 11042 11037.8 11032.3 11025.5 11016.2
10288 10289.7 10292.8 10292.7 10292.8 10291.4 10293.7 10300.7 10301.9 10302.5 10298.9 10298.7 10300.7 10284.4 10311.5 10321.6 10337.7 10356.5 10399 10448.3 10539.4 10608.5 10658.3 10700.2 10742 10782.8 10822.5 10831.9 10800.1 10806.2 10851.1 10902.9 10961.9 11025.8 11090.9 11108.4 11125.6 11147.1 11162.3 11168.7 11072.2 11039.5 11064.8 11115.6 11175.9 11226 11242.1 11219.7 11195.7 11169.9 11151 11139.1 11125.4 11110 11100.7 11091.6 11085 11079.3 11081.3 11077.3 11070.8 11069.5 11064.4 11057.6 11049.6 11041.1 11032.8
10293.2 10298.3 10301.5 10304 10299.1 10286.3 10278.5 10287.6 10290.2 10293.7 10297.6 10292.7 10305.3 10314 10301.6 10302.6 10309 10326.6 10359.7 10406.1 10487.8 10556.1 10609.8 10653.4 10693.8 10736 10783.2 10812.5 10761.3 10746.4 10774.4 10813.2 10855.3 10895.2 10923.4 10949.7 10981.4 11012.8 11023.4 11046.6 10891.5 10900.2 10967.7 11052.3 11143.1 11222.3 11240 11210.9 11186.6 11165.2 11164.4 11148.9 11138.2 11125.6 11119.1 11101.8 11101.1 11112.6 11111 11106.1 11105.2 11097.8 11088.7 11078.1 11067 11055.3 11042.9
10333.5 10316.5 10310.2 10310 10302.8 10286.4 10276.5 10288.6 10283.8 10278.9 10274 10281.6 10294.2 10296.2 10290.5 10292.2 10296.6 10310.8 10331.7 10361.9 10414.6 10502.1 10562.8 10605.3 10637.1 10665.5 10690 10706.5 10686.3 10677.3 10694.4 10722.1 10749.2 10767.5 10772.5 10784.9 10806.9 10815.1 10833.8 10859.6 10717.1 10773.3 10868.6 10974.1 11081.4 11188.9 11197.7 11174 11157.2 11141.9 11136.2 11138.1 11130.7 11128 11105 11109.4 11115.4 11135.2 11143 11153.5 11143.4 11125.9 11112.3 11098.2 11083.3 11068.5 11052.7
10291 10307.6 10310.8 10309.6 10302.8 10290.9 10278.5 10276.2 10273.7 10274.1 10268.7 10270.1 10277.4 10280.5 10284.9 10285.5 10291.6 10300.5 10316.6 10342.6 10387.3 10476.1 10527.4 10556.5 10574.2 10584.8 10582.6 10585.6 10580.3 10592.8 10613.8 10636.5 10657.5 10666.1 10656.8 10655.2 10668.5 10653.1 10675.6 10700.4 10629.9 10688.4 10782.5 10886.2 10988.4 11080.1 11106.9 11107 11106.7 11108 11107.9 11112.4 11116.1 11093.2 11103.3 11114.7 11127.3 11141.1 11166.4 11173.3 11171 11151.4 11135.9 11118.9 11100.4 11080.9 11061.8
10293.7 10303.3 10308.9 10311.5 10309.7 10296.2 10282.2 10269.2 10274.6 10275.6 10279.5 10272.2 10271.3 10270.4 10270.8 10280.4 10291.7 10301.1 10313.3 10345.7 10406.6 10478.4 10499.3 10508.3 10512.2 10512.1 10503 10488.5 10485.3 10509.1 10536.7 10564.3 10585.8 10598.7 10600.1 10600.7 10604.3 10593.2 10602.7 10610.9 10587.5 10636.6 10710.1 10792.7 10874.3 10955.4 10994.5 11020.1 11039.3 11055.4 11071.7 11079.6 11093.1 11080.4 11098.3 11117.1 11136.2 11155.1 11184.7 11189 11191.9 11175.4 11160 11140.8 11118.1 11094 11070.1
10303.6 10303.4 10306.6 10308.4 10306.1 10300.1 10290.6 10273.3 10273 10273.1 10274.7 10274.5 10273.1 10268.5 10268.2 10282.1 10293.9 10297 10313.8 10344.3 10395.8 10467.2 10459 10453 10447.7 10444 10441.5 10416.3 10409.2 10442.3 10477.2 10506.6 10533.2 10557.1 10577.2 10596.2 10589.3 10581.7 10592.1 10571.8 10565.6 10603.4 10647.3 10700.1 10749.6 10810.8 10869.3 10920.3 10961 10993 11022.2 11042.3 11039.2 11064.9 11091 11117.3 11143.6 11168.5 11203.9 11209.2 11216.2 11202.4 11186.6 11164.4 11137.6 11108.6 11078.8
10289 10298.1 10301.6 10304.5 10306.5 10301.8 10295.8 10280.8 10274 10271.1 10270.5 10277.5 10279.8 10285.3 10279.9 10291.5 10305.8 10323.9 10320.2 10328.6 10347.8 10392.3 10394.8 10390.6 10384.8 10379.6 10384.9 10363.3 10366 10394.3 10428.9 10459.8 10488.3 10516 10548.5 10588.5 10572 10564.4 10561.7 10582.3 10578.3 10580.4 10597.3 10620.4 10637.5 10681.7 10760.5 10830.3 10886.8 10931 10970.8 10993.5 11013.8 11047.6 11081.3 11115.1 11149 11182.2 11228 11238.5 11245.2 11237.3 11217.8 11189.2 11157.5 11125.2 11092.6
10292.2 10294.8 10297.1 10298 10295.1 10299.3 10297.4 10286.2 10274.3 10269.5 10269.9 10280.5 10281.9 10286.6 10292.6 10304.3 10315.1 10327.5 10326.1 10310.4 10292.9 10300.1 10321.4 10328.5 10324.4 10310.8 10302.3 10312 10331.4 10358.9 10387.1 10417.4 10442.8 10466 10492.9 10519.8 10522.1 10527.5 10544.4 10552.5 10547.5 10548.8 10555.8 10562.2 10561 10602.2 10683.7 10759.6 10824.7 10875.3 10921.7 10966 11006.5 11028.8 11069 11109.4 11150.8 11193.6 11252.2 11284.4 11303.9 11285.8 11249.5 11211.9 11176.2 11142.8 11111.8
10287.8 10290.9 10293.1 10293.4 10292.6 10297.5 10300.6 10285.1 10277.8 10267.5 10267 10283.8 10280 10276.3 10300.2 10311.7 10316.5 10318.6 10322.6 10296.8 10272.6 10256.3 10275.4 10287 10283.6 10265.6 10254.5 10290.1 10315.9 10333.5 10357 10379.3 10397.8 10415.6 10425 10427 10453.4 10492.7 10529.7 10504.8 10505.3 10518.2 10526.9 10531.6 10532.4 10572.3 10643.4 10712.2 10774.7 10831.2 10883.9 10931.9 10963.2 11008.8 11053.9 11099.4 11146.4 11196.8 11267.6 11330.6 11401 11326 11269.9 11227.7 11192.9 11163.1 11137.7
10284.8 10290.2 10293.3 10293.2 10290.9 10297.9 10302.4 10280.2 10266 10266.2 10266.8 10281.4 10280.3 10286.6 10313.9 10318.4 10311.2 10300.5 10292.2 10285.2 10282.5 10277.1 10269.4 10270.4 10266.4 10260.3 10259.6 10268.6 10290.3 10310.4 10331.2 10347.6 10360.6 10368.9 10372.2 10371.7 10398.1 10443.6 10510.6 10481.5 10481.5 10495.3 10509.6 10526.1 10540.3 10575.9 10628.7 10686.4 10748.1 10804.1 10852.6 10903.5 10938.9 10987.7 11035.9 11084.4 11133.7 11185 11239.7 11302.5 11332.3 11300.3 11263.8 11231.7 11204.5 11181.9 11164.4
10291.2 10296.6 10299.6 10300.7 10301.2 10307.1 10304.1 10288.7 10275.9 10277.8 10281.2 10281.1 10287.9 10296.1 10317.5 10318.8 10305.8 10288.5 10275 10274.9 10281.4 10282.3 10277.4 10271.6 10263 10256.7 10259.1 10266.4 10276.4 10293.1 10310.4 10322.4 10330.4 10334.7 10336.5 10338.3 10356.5 10390.7 10438.5 10450.4 10455.5 10474.4 10499 10530 10575 10598 10628.3 10675.2 10725.8 10777 10825.7 10876.9 10915.1 10965.2 11014.7 11064 11113 11161.2 11206.7 11243.9 11247.3 11249 11241.7 11225.5 11208.3 11194 11185.6
10308.5 10309.1 10310.2 10311.7 10315.1 10321.5 10325.6 10292.8 10280.8 10284.6 10291.3 10290.9 10316.7 10331.8 10326.9 10317.5 10307 10288.9 10265.7 10270.3 10283.1 10297.6 10295.6 10282.8 10265.4 10251.2 10254.7 10267.8 10275.6 10286.8 10298.3 10306.2 10310.3 10312 10311.8 10314.2 10325.3 10347.5 10398 10413.4 10430.8 10455.5 10484.8 10520.2 10556.2 10591.3 10621.8 10664.3 10709.1 10757.8 10805.7 10840.6 10891.3 10941.6 10991.3 11040.3 11088 11133.5 11180.4 11207.5 11225.7 11225.8 11223.3 11215.5 11206.2 11198.8 11195.1
10324.6 10326 10326.6 10326.6 10325.8 10338.1 10346.9 10326 10308.1 10297.2 10296.1 10312 10342.9 10354.3 10337.3 10325.4 10324.8 10311.5 10290.9 10282.4 10287.8 10291.9 10315.7 10295.2 10275.8 10261.8 10261.7 10272.8 10282 10290.5 10295 10298.7 10300.1 10298.3 10295.3 10292.9 10298.6 10317.1 10368.4 10370.6 10404.2 10437.7 10471.5 10503.6 10532 10573 10610.6 10650.5 10695.3 10740.2 10789 10837.7 10869.5 10919.5 10969 11017.4 11063.9 11107.6 11148.1 11187.1 11220.3 11216.6 11213.3 11208.4 11203.8 11199.8 11199.4
10346 10347 10347.9 10347.1 10350 10366.7 10386 10373.2 10350.7 10330.7 10325.8 10348.7 10363.4 10368.9 10367.7 10366 10355.8 10350.3 10340.2 10317.5 10308.5 10296.2 10308.5 10300.4 10285.7 10274.5 10273.3 10278.4 10285.2 10289.6 10294 10295.7 10294.6 10291.3 10285.5 10280 10279 10289.7 10326.5 10350.3 10387.2 10426 10461.9 10492.5 10515.6 10558.3 10599.1 10638.9 10680.8 10723.4 10768.3 10815.7 10851.9 10900.8 10949.3 10996.8 11042.5 11085.5 11126.7 11169.1 11211.1 11210.5 11206.6 11204.8 11203.4 11201.7 11200.4
10371.6 10373.5 10373.9 10372.7 10368.2 10377.3 10405.9 10412.1 10399.6 10384.7 10375.9 10373 10378.7 10383.2 10382.1 10381.6 10375.1 10382.2 10391.5 10371.1 10346 10323.1 10319.4 10305.8 10294.1 10284.6 10289.9 10292.4 10293.4 10297.1 10297.3 10297.9 10294 10288.3 10281 10273.1 10270.1 10281.2 10313.2 10342 10376.4 10414.3 10452.6 10489.8 10515 10548.8 10585.7 10624 10663 10702.8 10747 10793.6 10832.9 10881 10928.8 10975.7 11020.9 11063.7 11105.9 11151.3 11194.1 11193.9 11194.8 11196.1 11195.4 11195.7 11195.4
10399.4 10411.4 10417.2 10412.5 10405.9 10408.9 10433.1 10455.5 10465.5 10474.6 10439.3 10411.3 10405.7 10395.3 10379.8 10365.7 10373.6 10393.5 10424.7 10420.8 10378.9 10361 10335.9 10312.8 10298.2 10294.3 10300.6 10306.1 10304.6 10299 10306.7 10305.2 10299.1 10290.1 10281.6 10274 10273.1 10283.3 10301.9 10337.4 10368.3 10402 10440.2 10481.6 10507 10535.3 10570.2 10605.7 10644.8 10684.9 10728.8 10774.1 10820.9 10862.6 10909.5 10955.6 11000.5 11043.2 11083.9 11131.4 11178.5 11179.1 11183.2 11183.7 11184.2 11185.8 11185.6
10435 10465.7 10476.1 10474.8 10462.2 10459.2 10494.9 10522.1 10527.1 10532 10497.5 10452.3 10428.1 10407.4 10384.3 10360.5 10366.1 10381.7 10393.8 10391.5 10376.5 10360.3 10341.2 10320.2 10298.9 10292.4 10306.6 10315.4 10321.9 10335.6 10324.2 10316.4 10306.5 10295.2 10283.5 10272.9 10267.3 10279 10281.2 10329.6 10354.4 10382.2 10415.9 10456.6 10479 10510.6 10547.9 10584.8 10625.5 10667.5 10712.2 10758.7 10804.5 10848.9 10894.2 10934.7 10979.2 11021.7 11062.1 11109.5 11165.5 11174.8 11169.9 11169.2 11170.3 11172.7 11175.6
10495.5 10534.4 10542.3 10542.2 10539.7 10546.5 10590.4 10605.9 10612.3 10574.1 10543.4 10496.1 10441 10426.1 10403 10375.4 10368.4 10372.4 10364.9 10353.1 10366.4 10358.8 10346.2 10330.4 10309.3 10301.7 10312.4 10324.5 10334.1 10335.7 10337.2 10329 10316.2 10302.4 10287.1 10271.7 10259.1 10258.8 10267.8 10305.7 10326.2 10351.3 10379 10403.2 10430 10456.1 10520.8 10561.2 10603.2 10648.3 10694.1 10738.2 10782.6 10827.5 10867.1 10911.2 10954.7 10997.3 11037 11083.9 11143.5 11148.1 11147.8 11147.5 11151.5 11156.3 11162.1
10626.3 10626.9 10603.4 10596.4 10617.7 10678.8 10672.7 10666.1 10679.6 10647.7 10623.2 10578.9 10497.6 10474.8 10435.8 10400.6 10388 10387.7 10380.7 10382.5 10378.1 10371.9 10362.8 10345.5 10332.9 10323.5 10325.4 10332.2 10344.7 10358.7 10354.3 10339.4 10324.9 10310.4 10295 10276.6 10258 10252.9 10268.3 10274.8 10295.8 10319.4 10343 10366.8 10390.4 10417.2 10491 10536.1 10581.5 10626.9 10672.6 10718.1 10761 10805.6 10848.8 10891.8 10932.7 10974.8 11013.6 11056.2 11118.2 11121.1 11123.8 11127.5 11134.5 11142.8 11152.1
10770.3 10692.7 10620.9 10596.8 10617.5 10672.2 10641.5 10626.5 10683.6 10708 10629.9 10615 10642 10528.8 10467 10433.6 10422.3 10424.5 10414.4 10402.1 10396.9 10391.2 10378.7 10359 10353.4 10340 10331.9 10337.4 10348.7 10360.8 10359.3 10345.7 10333.1 10319.5 10305.3 10290.5 10272.4 10274.8 10290.3 10267.3 10275.8 10293.5 10308.7 10329.6 10355.3 10383.3 10464.3 10511.7 10559 10606.4 10649.2 10693.9 10739.8 10782.3 10827 10870.7 10914.1 10955.6 10992.2 11031.1 11093.4 11095.9 11100.4 11110.6 11120.7 11132.6 11145.8
10729.9 10656.4 10574.6 10516.5 10500.2 10500.2 10458.9 10456 10458.3 10503.6 10448.4 10464.1 10499.1 10474.7 10462.7 10471.9 10480.9 10476.1 10455.6 10421.2 10424.2 10417.2 10393.7 10373 10348 10337.8 10334.6 10338.6 10345.7 10351.5 10349.2 10342.5 10334.4 10327.9 10322 10314.9 10303.6 10293.1 10305.8 10274 10274.5 10282.4 10284.8 10286.1 10323.9 10351.2 10444.3 10493.6 10541.8 10587.1 10629.5 10670.7 10716.3 10761.3 10805.1 10848.4 10892.4 10933.1 10972.3 11003.5 11070.2 11073.6 11078.8 11091.2 11104.4 11119.9 11135.9
10627.8 10546.7 10448.7 10373.1 10307.4 10242.9 10236.4 10237.9 10219.3 10272.3 10261.9 10287.1 10296.2 10353 10420.5 10492.1 10548.1 10523.6 10511.2 10509.4 10489.6 10453.6 10422.4 10385.1 10354.3 10338.2 10335.3 10338.2 10340.4 10339.5 10336.9 10336.7 10336.8 10336.2 10336.4 10338.3 10338.8 10314.1 10298.9 10293.4 10288.8 10288.1 10289.9 10294.8 10318.9 10339 10430.9 10477.8 10526 10566 10606.5 10649.2 10694.1 10739.8 10783.7 10826.7 10870.1 10909.9 10939.8 11035 11041.9 11048.1 11054.2 11071.3 11089.5 11108.3 11126
10516.8 10372.3 10270.5 10194.8 10122.7 10065.6 10066.3 10070.2 10053.8 10112.1 10138.6 10151.2 10189.6 10266.8 10354.6 10440.7 10509.3 10516.2 10534.2 10573.8 10544.8 10481 10423.6 10374.2 10356.2 10351.3 10345.6 10343 10338 10332 10327.4 10330.3 10336.2 10342.6 10348.7 10353.3 10343.3 10311.2 10298.4 10294.7 10294.3 10300.9 10310.5 10319.2 10327.8 10335.3 10421.6 10463.1 10509.5 10543.6 10585.1 10629.5 10673.2 10716.9 10760.1 10802.6 10847 10866.2 10909.7 11002.6 11011.2 11015.7 11023.3 11048.9 11074 11097.1 11117.5
10236.5 10123.7 10067.3 10014.6 9973.96 9962.74 9961.25 9963.24 9982.92 10042.1 10053 10085.1 10142.1 10216.5 10270.1 10334.2 10392.8 10448 10497.7 10529.6 10528.2 10486.6 10423.6 10379.6 10375.5 10376.9 10368.1 10352.1 10339.6 10327.4 10318.3 10324.9 10334.7 10345.2 10353.5 10359.7 10350.3 10318.1 10302.4 10294.8 10297.7 10313.8 10334.1 10341.8 10336.2 10331.2 10413.7 10457.3 10491.4 10527.9 10568.8 10610.6 10653 10693.6 10736.4 10778.3 10822.9 10861.9 10877.9 10972.9 10985.8 10990.5 11002.7 11029.6 11060.9 11088.1 11112
9986.08 9903.69 9881.94 9847.17 9811.85 9799.78 9809.09 9850.96 9949.41 9958.01 9950.17 9973.58 10035.8 10107.8 10152.1 10209.9 10274.2 10351.4 10434.3 10497.9 10527.1 10501.9 10439.2 10381.1 10374.6 10383.4 10374.3 10357.8 10344.7 10332 10322.5 10325.4 10334.4 10344.6 10353.9 10358 10353.5 10322.1 10307.5 10302.9 10304.9 10319.5 10340.7 10345.2 10335.6 10325.6 10406.1 10450 10477.3 10511.9 10550.4 10588.5 10630.6 10670.6 10712 10753.3 10798.7 10806.7 10846.9 10943.7 10958.4 10971.3 10980.8 11017.2 11053.8 11083 11108.9
9810.64 9779.27 9746.03 9704.55 9668 9656.18 9671.43 9698.59 9772.64 9759.37 9773.05 9784.33 9855.88 9931.08 10007.5 10079.8 10146.9 10249.8 10358.7 10463.3 10544.1 10528 10487.3 10448.7 10404.9 10375.6 10370.9 10363.9 10352.6 10340.3 10329.9 10329.4 10336 10342.7 10349.1 10355.1 10326.1 10323 10312.2 10307.8 10311.3 10309.7 10314.6 10322.1 10320.4 10312.7 10313.5 10443.2 10462.8 10495.7 10529.4 10567.8 10608.3 10646.5 10686.4 10690.4 10731.8 10773.4 10811.9 10913.2 10932.8 10955.6 10983.6 11013.3 11049.1 11077.7 11103.3
9745.27 9709.51 9634.86 9578.78 9538.43 9529.76 9534.01 9556.43 9594.59 9589.91 9617.35 9627.69 9694.08 9773.31 9863.63 9959.81 10061 10167.6 10272.1 10379.7 10485.7 10511.8 10512.9 10514.9 10464.6 10404.3 10392.4 10381.7 10370.2 10356.4 10343.9 10339.4 10338.3 10340 10341 10335.1 10329.2 10330.4 10313.1 10303 10291.4 10289.1 10286.6 10297 10305.3 10300.5 10299.3 10424.5 10446.1 10476.6 10508.5 10544.2 10581.5 10618.9 10658.3 10697.5 10685.9 10731.2 10776 10872.7 10901.7 10940.2 10970.6 11014.9 11045.8 11069.1 11094.7
9643.83 9574.39 9505.74 9462.15 9428.89 9425.25 9433.49 9449.39 9487.94 9509.62 9512.55 9526.52 9566.63 9626.3 9732.02 9845.84 9962.5 10070.5 10164.6 10263 10360.8 10435.3 10487.1 10551.8 10531.9 10467.4 10433.3 10413.4 10393.4 10375.8 10360.7 10350.6 10343.3 10340.8 10338.4 10333.9 10325.3 10315.6 10315.8 10300.5 10280.6 10274.9 10276.5 10283.2 10292.6 10293.1 10293.2 10413.3 10430.4 10458.3 10490.2 10523.4 10559.7 10594.6 10572.6 10606.1 10642.4 10681.4 10731 10823.8 10860.6 10915.8 10990.5 11029.1 11030.8 11049.8 11082.1
