real_craters/C116-300m.grd
DSAA
241 241
-36.0675 36.0675
-36.0675 36.0675
8973.3978214895 11466.689153387
[rows 0 to 29 of 241, columns 0 to 66 of 241]
10938.9 10945.4 10951.1 10948.6 10935.4 10919.5 10904.3 10891 10870.6 10857.9 10849.5 10844.1 10841 10840.4 10841.7 10844.5 10847.8 10850.7 10852.4 10855.7 10851.9 10849.5 10849.9 10852.2 10855.3 10859.9 10868.4 10873.5 10878.4 10884.2 10889.5 10897.4 10906.8 10913 10915.5 10918.5 10935.1 10958.5 10965.4 10970 10974.1 10977.6 10982.1 10986.1 10990.5 10995.8 11000.6 11005.5 11009.6 11012.5 11013.8 11013.6 11010 11007 11000.4 10993.3 10992.2 10984.3 10976 10967.6 10959.3 10950.7 10942.2 10934.1 10925.5 10916.9 10908.2
10940.6 10945.1 10947.5 10942.8 10931.1 10919.8 10907 10896.5 10880.2 10866.5 10856.1 10848.7 10844.2 10843 10845.2 10849.4 10854.4 10858.8 10861.3 10857.1 10853.1 10852.5 10854.7 10858.6 10862.8 10866.2 10872.7 10879.7 10886.5 10892.7 10897.5 10905.6 10916.1 10925 10931.6 10927 10934.7 10951.1 10961.7 10969.7 10977.7 10983.7 10988.6 10993.4 10999.4 11004.8 11010 11015.8 11019.7 11021.5 11022.8 11022.4 11018.9 11016.1 11011.1 11004.4 11002.7 10994.6 10986.2 10977.3 10968.8 10959.9 10951 10942.7 10934.1 10925.8 10917.6
10939.4 10941.7 10940.1 10931.9 10918.8 10909.3 10900.7 10892.7 10886.8 10871.9 10860.7 10852.3 10846.5 10844.5 10848.2 10853.8 10860.4 10866.4 10869.8 10857.6 10851.7 10854.2 10858.5 10865.1 10872.3 10876.3 10877.5 10886.2 10895.1 10903.6 10911.7 10918.9 10927.3 10936.5 10944.9 10944.4 10945.3 10951.1 10960.2 10969.5 10979.4 10987.4 10994.1 11001.1 11007.4 11013.3 11020.1 11025 11028.7 11029.1 11029.9 11029.7 11026.1 11023.8 11019 11011.8 11010.3 11001.8 10992.9 10983.5 10974 10964.9 10956 10947.8 10938.5 10930.9 10923.8
10937.1 10938.7 10935.6 10923.9 10907.2 10896.5 10893.7 10887.5 10881.8 10872.8 10863.5 10855.5 10849.6 10847.2 10851.4 10858.1 10865.3 10871.5 10873.1 10858.2 10851.2 10855.4 10861.9 10870.6 10881.3 10888.5 10887 10895.2 10903.6 10913.2 10923.8 10929.7 10935.9 10943.8 10952 10956.9 10952.9 10952.9 10960.3 10969.4 10979.7 10989 10996.7 11005.8 11013.1 11019.5 11025.2 11030.8 11034.7 11037.2 11035.4 11033.7 11030.9 11029.7 11024.9 11016.8 11013.9 11004.6 10994.7 10984.6 10974.7 10965.5 10956.5 10948.3 10939.9 10933.3 10927.5
10934.6 10936.6 10935 10920.8 10903 10895.5 10898 10891.6 10880.9 10873.7 10866 10858.9 10853.3 10851 10855 10862 10869.6 10875.1 10873.4 10861.8 10854.8 10858.4 10864.7 10873.1 10884.2 10896.1 10903.2 10903.9 10909.2 10917.8 10927.7 10933.3 10939.2 10946.6 10953.2 10953.6 10953 10955 10961.1 10970.1 10980.5 10989.1 10998.4 11006 11014.5 11021.2 11027.4 11033.2 11037.7 11040.9 11039.6 11040 11037.4 11034.2 11029.3 11019.1 11008.6 11004.5 10993.6 10982.9 10972.4 10963.4 10954.6 10946.9 10939.4 10933.9 10929.5
10931.3 10932.7 10931.7 10920.4 10906.5 10903.5 10911.5 10900.8 10885.4 10877.1 10869.9 10863.2 10857.8 10855 10858.7 10865.7 10873.6 10881.3 10882.5 10869.5 10861.8 10863.3 10867.6 10873.2 10880 10892.1 10902.3 10905.6 10910 10916.5 10924.7 10931.2 10937.5 10944 10949.4 10948.9 10951 10955.4 10962.2 10971 10979.8 10989.6 10998.6 11006.3 11014.6 11021.5 11028.5 11034.5 11040.3 11043.9 11042.6 11043.3 11040.4 11036.6 11032.2 11020.4 11010 11005.1 10993.5 10982 10971.2 10960.4 10952.3 10944.9 10938.9 10934.7 10931.6
10928.7 10927.6 10925.5 10922.7 10920.1 10922.8 10927.1 10908.3 10891.4 10882.7 10875.7 10869.1 10863.7 10860.2 10863 10869.4 10876.4 10882.9 10884.4 10876 10868.7 10869.7 10871.4 10874.2 10877.2 10886.8 10896.9 10903.2 10907.5 10911.6 10917.9 10926.8 10933.8 10938 10941.6 10942.8 10949.7 10957.7 10965.2 10973.2 10983.1 10992.1 11000 11008 11015.6 11023 11030.1 11037 11042.4 11046.3 11044.3 11044.5 11042 11037.8 11033.4 11021 11009.2 11004 10991 10978.5 10966.9 10958.8 10951.5 10944.4 10939 10936.1 10933.9
10928.7 10926 10924.7 10927.3 10931.7 10936 10932.5 10910.3 10897.9 10890.3 10883.5 10876.8 10871.2 10867.5 10868.7 10873.3 10878.5 10882.4 10883.6 10882.2 10881.1 10877.5 10876.1 10876.8 10882.4 10889 10896.1 10901.4 10905.3 10908.3 10914.5 10925 10933.4 10938.2 10940.5 10944.1 10952 10960.1 10967.8 10977 10986.1 10994.4 11001.3 11008.7 11015.2 11021.7 11028.2 11034.5 11040.3 11045.5 11043.1 11044.6 11042.8 11037.6 11033.5 11019.9 11006 10991.3 10976.8 10972.7 10960.7 10952.9 10945.7 10939.2 10934.6 10933 10932.1
10932.1 10928.4 10928.3 10932.5 10937.2 10939.2 10934.6 10917.1 10907.5 10900 10892.9 10886.2 10880.2 10876.2 10875.8 10878.2 10881.5 10884.7 10886.9 10887.9 10887.7 10884.4 10880.7 10878.1 10879.9 10891 10897.1 10901.4 10905.6 10910 10917.3 10927.7 10937.4 10945.4 10950.8 10953.5 10958 10962.5 10970.2 10981.5 10990.9 10997.8 11003.5 11008.9 11014.2 11018.7 11024.3 11030.6 11036.8 11042.8 11040.8 11043.7 11040.8 11037.1 11029.6 11016.8 11000.3 10983.8 10967.8 10963.9 10951.6 10941.3 10935.3 10929.4 10925.6 10925.2 10925.5
10938.7 10933.6 10933.7 10938.1 10942.4 10944.5 10940.7 10927.9 10919.7 10911.9 10904.1 10896.5 10889.5 10884.1 10881.8 10883.4 10886.1 10888.2 10891.3 10893.6 10894.6 10891.1 10885.9 10880.9 10879 10891.4 10896.8 10902.1 10907.8 10914.5 10922.9 10932.9 10943 10951.9 10957.3 10960.8 10966.5 10972.1 10979.4 10989.1 10995.6 10998.9 11001.9 11004.7 11006.8 11010.7 11016 11021.1 11028.9 11036.5 11037 11043.3 11043.3 11039.4 11027 11010.2 10989.6 10970 10952.2 10947.9 10935.4 10925.4 10920.1 10914.9 10912.1 10912.6 10914
10948.4 10945.1 10944.2 10945 10947.8 10952.6 10951.7 10941.9 10934.3 10925.5 10916.3 10907.6 10899.3 10892.3 10888.5 10889.6 10892.8 10897 10898.4 10899.9 10900.6 10897.9 10893.3 10888.4 10885.1 10886.6 10896.1 10903.7 10911.1 10919.4 10928.7 10939 10949.1 10956.9 10958.7 10965.1 10976 10988.6 10999.5 10999.4 10999.4 10997.4 10996.9 10996.8 10996.9 10999.6 11002.6 11008 11015.3 11024.6 11028.4 11040.7 11050.7 11044 11021.5 10997.1 10970.9 10948 10928.7 10925.9 10913.6 10904.2 10899.1 10894.8 10892.9 10893.2 10897.3
10959.5 10959 10957.8 10956.4 10956.7 10962.3 10966.3 10960.9 10951 10940.2 10929.7 10919.2 10909.8 10901.7 10895 10897.1 10899.6 10902.4 10905.3 10906.8 10906.6 10905.6 10903.5 10900 10896.1 10895.1 10901 10907.9 10915.1 10923.4 10933.9 10945.1 10955.6 10962.5 10964 10971.6 10983.7 10997.4 11007.1 11002.7 10998.2 10993 10988.8 10986.2 10982.8 10983.3 10984.5 10988.1 10994.5 11004.3 11017.7 11028.1 11049.3 11041.8 11005.1 10973 10941.5 10916.6 10896.8 10897.3 10885.8 10877.5 10872.8 10869.6 10868.6 10869.8 10874.5
10969.4 10971.1 10971.4 10970.7 10967.3 10971 10978.8 10977.4 10966.7 10954.7 10942.8 10931.3 10921.4 10913.5 10909.7 10906.6 10907.4 10910 10912.6 10915.6 10917.6 10918.1 10916.5 10913.9 10910.5 10908.5 10910.3 10914.9 10920.9 10928.5 10939.7 10951.8 10963.4 10970.9 10972.7 10980.2 10988.1 10996.3 10999.5 10997.7 10993.3 10985.3 10977.6 10970.9 10965.3 10961.5 10960.1 10961.1 10965 10972.7 10984.7 10994.9 11020.2 11015.1 10968.6 10934.2 10901.4 10877.8 10859.2 10861.1 10851.9 10845.2 10841.3 10841.1 10841.2 10843.3 10848.5
10976.6 10980.2 10983.7 10985.1 10978.5 10980 10990.4 10990.3 10979.9 10967.6 10955.2 10943.2 10932.7 10924.1 10918.4 10914.4 10914.1 10916.8 10920.7 10925.6 10930.9 10933.8 10930.4 10926.7 10921.6 10919.5 10921.5 10925 10929.1 10935.8 10946.7 10958.7 10970.3 10977.3 10980.5 10986.5 10991.9 10995.1 10994.7 10991.9 10984.3 10972.5 10960.8 10950.3 10941.1 10934 10928.7 10925.9 10925.6 10929.3 10935.3 10937.5 10946.3 10934.1 10907.5 10876.8 10861.5 10843 10829.1 10819.1 10812.7 10808.2 10805.1 10806.8 10808.1 10811 10817.2
10981.5 10985.8 10993.5 10998.1 10991.1 10992.5 11000.8 10999.7 10990.5 10978.9 10966.6 10954.2 10943 10933.2 10925 10920.5 10919.6 10922.4 10928.6 10935.5 10941.8 10945.2 10943.9 10940.6 10933.4 10932.3 10935.7 10938.1 10940.1 10945.3 10955.3 10965.8 10975.7 10982.5 10986.4 10990.8 10994.5 10995.8 10994.7 10987.8 10974.4 10957 10940.4 10926.1 10913.6 10902.6 10893.4 10885.8 10881.1 10876.4 10873.5 10864.7 10865.2 10858.4 10831.7 10806.2 10799 10787.5 10779.3 10774 10771.3 10769.6 10767.6 10769.4 10771.7 10775.2 10784
10987.8 10993.2 11000.2 11005.9 11004.7 11005 11011.1 11008 10999.4 10988.5 10976.6 10964.7 10953 10942.5 10934 10928.1 10925.9 10929.9 10938.4 10946.8 10953.5 10957 10959.8 10956.6 10952.3 10952.9 10955.3 10955.8 10955.9 10959.1 10966.6 10974.2 10980.6 10985.6 10989.7 10992.3 10994.4 10994.9 10997.6 10985.5 10960.1 10935.7 10915.1 10897.9 10881.9 10868.1 10854.8 10842 10830.9 10818 10804.5 10785.4 10775.6 10771.2 10742.2 10724.1 10728 10728.9 10726.4 10726.7 10728 10729.2 10728.5 10731.9 10734.9 10738.9 10744
10993.2 10999.6 11004.7 11012.2 11016.1 11014.6 11019.9 11015.3 11007.5 10997.7 10986.6 10975.1 10963.3 10952.5 10943.7 10937.6 10934.9 10941.3 10951.8 10960.8 10968.7 10976.4 10981.9 10985.9 10981.2 10982.3 10981.9 10978.5 10974.1 10976.2 10981.7 10985.7 10987.1 10989.2 10993.2 10990.6 10988.3 10983.3 10986.2 10969.5 10933.2 10907.4 10884.5 10865.4 10847.9 10831.5 10814.5 10798.3 10779.4 10758.5 10734.4 10701.3 10670.6 10642.1 10633.8 10638.1 10643.2 10668.9 10675.5 10681.6 10687.8 10692 10696 10699.9 10704 10697.9 10703
10995 11001.9 11009.1 11018 11022.5 11022.7 11024.4 11021.6 11015.1 11006.6 10996.7 10986 10974.6 10963.8 10953.4 10948.3 10953.3 10960.7 10969.5 10977.4 10985.4 10994.1 11005.3 11017.4 11021.9 11020 11014 11007.6 10997.7 10998 11001.8 11002.9 11001.5 11000.5 10998.5 10985.4 10971.2 10956 10938.4 10913 10888.6 10867.9 10848 10828.3 10809.9 10792.2 10772.6 10754 10730.4 10703.2 10670.8 10631.1 10575.8 10525.3 10531.3 10560.5 10579.8 10614.4 10625.6 10635.4 10642.8 10649.3 10654.3 10658.5 10662.8 10666.8 10671.6
10997.6 11004.2 11013.4 11023.5 11026.9 11029 11031.6 11028 11022.5 11015.1 11007.1 10998.1 10988.5 10978.9 10969.7 10965.5 10979.4 10985.6 10990.5 10996.2 11002.9 11012 11028.8 11050.5 11074.2 11054.4 11044.8 11041.6 11041.3 11031.7 11025.3 11023.5 11021.7 11012.1 10999.4 10976.8 10951.1 10923.3 10885.8 10854 10840.5 10826.3 10809.8 10792 10773.5 10753.6 10732.3 10710.8 10684.6 10654.6 10619.5 10576.7 10518.8 10462.2 10469 10509.1 10535.8 10566.9 10583.4 10594.9 10604.6 10611.1 10616.7 10622.6 10626.8 10633.9 10637.5
11003.3 11007.8 11014.4 11025.9 11031.7 11035.4 11037.5 11034.7 11030.2 11024.8 11018.6 11011.4 11004.5 10997.8 10994.9 10999.4 11008 11010 11011.7 11015.1 11020.5 11029.5 11051.1 11064.9 11066.4 11070.2 11067.2 11063.5 11067.3 11055.5 11045.4 11036 11024.7 11012.4 10993.3 10964.8 10934.2 10895.9 10852 10817.2 10800.1 10788.5 10774.2 10759 10740.1 10719.8 10697.4 10673 10646.3 10617.9 10584.4 10547.9 10502.7 10465.6 10466.8 10492.4 10508.5 10534.4 10549 10559.6 10568.1 10575.3 10580.7 10587.2 10590.8 10593.8 10599.7
11011.1 11014 11017.8 11026.3 11036.3 11041 11042.5 11042.1 11039.9 11035.8 11030.8 11025.3 11020.4 11016.4 11017.3 11026.5 11030.8 11030.6 11031.2 11033.4 11037.7 11046.2 11069 11075.1 11070.6 11088.1 11089.4 11077.4 11059.1 11067 11063.1 11048.2 11023.2 11008.5 10986.6 10953.2 10918.6 10876.1 10826.7 10784.6 10770 10759.5 10744.8 10728 10708.2 10687.2 10663.9 10639.5 10615 10587.5 10560.6 10533.4 10508.8 10507.3 10511.2 10498.4 10496 10511 10520.2 10528.3 10535.4 10541.6 10546.2 10552 10554.5 10556.1 10558
11021.4 11025 11031.1 11039.4 11047.1 11046.1 11049 11051.3 11050.8 11048.4 11044.8 11040.6 11036.7 11032.7 11031.9 11032.6 11043.2 11046.6 11048.5 11051 11054.8 11061 11078.3 11105 11115.7 11121.4 11124.2 11118 11101.6 11096.2 11085.8 11068.9 11041.7 11018.1 10982.1 10941.5 10899.7 10861.3 10815.9 10778.9 10758.4 10741.6 10722.8 10701.5 10679.5 10657.3 10634 10610 10586.4 10561.9 10539.8 10520.6 10509.1 10520.4 10527.6 10495.6 10481.9 10490.2 10495.1 10501.5 10507.1 10512.1 10515.7 10517.5 10518.7 10518 10516.5
11033.8 11039.1 11048.6 11060 11066.1 11060.2 11062.3 11064.8 11064.4 11062.7 11059.8 11056.5 11052.9 11048.9 11046.3 11044.9 11052.7 11060.8 11065.7 11069.2 11073.7 11079.5 11090.6 11131.5 11149.4 11154.5 11161 11166.9 11158 11127.7 11105 11084.1 11037.8 11008.4 10968.7 10925.6 10884 10847.6 10812 10779.9 10754.3 10730.4 10705.5 10679.2 10654.4 10630.8 10607 10583.6 10560.1 10538.1 10518.5 10501.6 10490.8 10485.6 10472.3 10464.2 10456.1 10467.1 10470.8 10475.2 10479.1 10483 10485.2 10486.6 10484.1 10483 10480.8
11046.2 11054.4 11064.7 11072.3 11079.5 11081.3 11081.3 11081.8 11080.9 11078.7 11075.5 11072.4 11069 11065.4 11062.8 11062.5 11068.3 11077.7 11084.2 11089.9 11095.9 11104.9 11120.3 11146.6 11166.1 11176.2 11184.4 11189.2 11171.7 11135.1 11103.7 11078.5 11021.6 10988.3 10944.2 10901.2 10862.7 10831.1 10805.1 10779.3 10754.6 10722 10689.7 10658.2 10631.2 10606.4 10582.4 10558.6 10537.1 10516.1 10497.3 10480.9 10465 10447 10420.8 10429.1 10438.5 10445.4 10449.3 10453.4 10456.3 10455.1 10455.9 10455.3 10453.6 10451.4 10447.4
11057.6 11067.4 11075.4 11079.8 11088.3 11102.1 11100.8 11099.1 11097.4 11094.9 11092 11088.7 11085.7 11083.6 11082 11086.5 11091.7 11098.1 11104.5 11111.3 11119.7 11130.6 11141 11163.2 11178.3 11185.6 11189.5 11186.7 11159 11113.7 11070.9 11032.5 10978.9 10945.5 10904.9 10866 10832 10807.9 10789.4 10779.1 10754.5 10707.4 10668.4 10634.9 10607 10581.4 10558.6 10535.9 10516 10496.3 10478.8 10461.7 10445.5 10430.7 10414.1 10413.9 10419 10428 10428.4 10429.9 10430.7 10430 10429.1 10427.6 10426.2 10422.8 10418.1
11068.1 11078.2 11087.7 11093.1 11102.2 11115.5 11117.2 11116 11113.9 11111.5 11108.6 11105.3 11102.2 11098.7 11099.7 11102.9 11112.8 11118.4 11125.5 11133.5 11144 11155.6 11169.6 11183.4 11186.6 11182.9 11178.6 11167.9 11124.2 11067.3 11012.4 10960.3 10913.6 10882.7 10852.1 10819.7 10790.6 10771.3 10752.9 10742.7 10718.7 10674.3 10636.2 10605.3 10578.9 10556 10534.4 10514.3 10496.1 10477.8 10461.3 10446.8 10433.3 10427 10416.8 10411 10408.1 10412.6 10412.3 10411.7 10410.9 10408.9 10406.9 10404.3 10402.6 10397.8 10392.3
11081.2 11089 11097.2 11107.2 11120.1 11131.1 11133 11132.2 11130.2 11128.5 11125.9 11122.9 11119.7 11116 11116.6 11118.6 11129.6 11137.1 11145.3 11154.4 11164.8 11177.4 11192.1 11201.8 11186.8 11164.6 11142.4 11123 11065.2 11000.5 10940.2 10884.3 10841.3 10816.1 10792.6 10766.3 10740.9 10722.2 10700.9 10678.8 10650.7 10623.8 10597.5 10573.5 10551.7 10531.3 10510.3 10493 10476.2 10461.5 10446.7 10433.9 10424.5 10424.4 10416.9 10410.2 10403.4 10401.7 10398.6 10396.3 10394 10391.5 10389.1 10385.7 10381.9 10377 10371.1
11101.8 11104.1 11106.7 11118.6 11135.7 11146.5 11149.1 11147.9 11146.8 11145.4 11143.9 11141.7 11139.1 11134.9 11134.3 11136 11146.4 11153.9 11162.6 11172.6 11183.6 11195.8 11211.8 11211.3 11175.5 11129.7 11079.5 11025.7 10977.2 10920.2 10863.2 10815 10780.5 10753.4 10732.7 10710.2 10687.8 10669.2 10645.1 10617.4 10587.7 10572.7 10557.9 10540.5 10524.1 10507.2 10489.6 10474.6 10458.9 10445.9 10433.7 10423 10415.8 10418.6 10412.8 10407.1 10397.8 10394.2 10390 10387.2 10385.1 10382.5 10379.9 10375.8 10363.2 10357.9 10351.9
11124.9 11125 11125.4 11131.4 11148.5 11158.2 11161.8 11164 11163.1 11162.9 11162.2 11160.5 11157.4 11156 11153.7 11153 11159.7 11167.8 11177 11186.7 11197 11208.5 11223.7 11210.1 11149.3 11083.7 11015.6 10947.4 10894.3 10837.3 10781.8 10740.8 10714.8 10690.3 10673.3 10654.8 10635.7 10618.8 10595 10569.2 10542.8 10530.7 10521.5 10510.3 10498.3 10485.3 10470.5 10457.7 10445.1 10431.5 10421.2 10413 10406.8 10409.9 10403.4 10398 10391 10385.8 10381.6 10378.4 10375.6 10372.9 10370.1 10367.1 10354.8 10350 10344.7
11144.8 11141 11144.3 11147.4 11151.5 11164.7 11172.4 11176.2 11179 11180 11181.2 11181.8 11179.7 11177.9 11176.6 11173.9 11173.3 11179.6 11187 11193 11198.7 11206.2 11211.6 11176.5 11098.6 11027.1 10959.2 10890.6 10824.7 10759.3 10697.3 10656.2 10635.6 10626.2 10614.9 10602.1 10588.8 10570.7 10549.9 10532.1 10510.1 10499.1 10492.4 10485.1 10476.5 10466.3 10455.2 10444.1 10433.6 10421.8 10410.8 10403.3 10397.1 10398.8 10392.2 10386.6 10381.2 10376.9 10373.2 10370.1 10367.8 10365.4 10358.9 10358.7 10350.8 10346.6 10341.8
