real_craters/C116-500m.grd
DSAA
145 145
-36.0675 36.0675
-36.0675 36.0675
8975.2578343016 11457.743225633
[rows 90 to 119 of 145, columns 67 to 133 of 145]
10576.6 10508.5 10461.8 10432.7 10415.1 10461.9 10489.1 10492.4 10468.5 10460.7 10461.9 10472.7 10497.4 10539.1 10540.9 10511.9 10471.5 10407.7 10378.1 10327.5 10294.4 10284.2 10280.6 10274.2 10270.3 10289.1 10314.1 10322.9 10301.4 10313.4 10321.9 10315.4 10301.8 10286.9 10263.1 10257.3 10277.4 10293.2 10304.4 10305.5 10305.2 10312 10331 10359.7 10388.3 10418.9 10437.5 10450.7 10340.1 10304.3 10258.8 10197.8 10143 10094.6 10044.8 9982.98 9930.19 9869.95 9805.47 9761.42 9722.18 9614.66 9631.27 9637.57 9661.07 9687.12 9736.8
10602.4 10584.2 10555.3 10533.9 10516.9 10554.9 10562.4 10572 10563.8 10550.9 10542 10527.5 10527.1 10548.2 10492.2 10429.9 10412.2 10381.5 10358 10334 10307.9 10295.9 10285.4 10281.1 10277.1 10291.4 10306 10306.7 10292.9 10303 10315.3 10324.5 10307.1 10295.2 10286.4 10285 10285.8 10292.4 10302.5 10296.7 10295.7 10302.7 10324.1 10359.5 10406.8 10439.6 10455.7 10459.6 10349.9 10306.2 10268.3 10203.1 10148.5 10095.5 10037.6 9979.81 9917.26 9863.5 9794.94 9747.09 9700.63 9604.35 9621.56 9635.2 9665.08 9688.39 9734.43
10587.5 10586.2 10592.7 10602 10578.9 10560.6 10563.7 10586.1 10616.9 10643.9 10590.6 10537.8 10499.3 10454.9 10410.3 10382.5 10384.2 10380.4 10366.5 10338.8 10313.4 10295 10289.1 10292 10308.3 10302.8 10302.3 10304.1 10297.2 10295.5 10303.4 10299.3 10313.9 10310.7 10304.4 10301.9 10289.5 10282.3 10280.7 10280.4 10281.3 10287.1 10302 10355.5 10415.6 10455.6 10467.3 10469.4 10365.6 10322.1 10277 10204.8 10147.7 10092.3 10036 9979.74 9921.64 9854.04 9784.05 9731.81 9684.52 9584.04 9609.1 9621.91 9650.63 9682.03 9715.67
10480.6 10530 10571.3 10646.7 10630.8 10568.8 10563.9 10579.4 10607.2 10642.3 10571.1 10506.7 10455.3 10404.3 10369.4 10365.3 10375.8 10385.7 10378.6 10351 10305.6 10284.3 10286.6 10290.9 10292.2 10289.8 10292.4 10295.1 10280.5 10282 10292 10289.9 10308.5 10310.3 10302.8 10296.4 10280 10267.2 10261.4 10262 10266.7 10277.3 10299.4 10355 10423.2 10471.8 10481 10487.7 10379.3 10334.5 10284.6 10217.3 10160.7 10105.3 10044.5 9986.32 9915.63 9850.18 9786.67 9716.41 9672.83 9579.07 9603.33 9624.75 9652.9 9684.86 9719.81
10415.1 10457.7 10483.6 10516.6 10543 10542.5 10552.2 10527.5 10521.9 10504.5 10481.7 10448.5 10409.5 10371.6 10349.7 10364.6 10373.6 10380.4 10375.4 10345.9 10303 10290.1 10285.2 10284.8 10283.1 10284.9 10279.1 10265.3 10251.5 10262.5 10273.3 10275.4 10282.2 10291.2 10290.7 10280.2 10266 10250.2 10242.9 10244.2 10252.2 10268.5 10300.6 10351.3 10416.7 10467.6 10480 10422.6 10384.4 10340.7 10294.8 10229.7 10173.3 10111.7 10052.4 9992.05 9910.59 9845.19 9786.96 9713.61 9666.11 9567.72 9589.11 9622.17 9657.55 9694.76 9748.19
10399.2 10401.9 10391.7 10359.6 10411.1 10414 10410.9 10433.5 10426.2 10400.5 10389 10385.6 10372.6 10357.6 10354.4 10365.3 10368.2 10365.3 10351.6 10322.5 10299.8 10285.7 10280.4 10279.8 10282.3 10282.1 10271.4 10260 10250.5 10250.9 10250.2 10252.7 10258 10278.3 10284.4 10279.4 10256.6 10231.1 10221.5 10227.4 10238.7 10256.5 10283.2 10331 10397.7 10453.1 10469.2 10418.8 10386.3 10347.6 10301.4 10255.6 10178.2 10120.3 10059.2 9991.11 9928.24 9854.46 9788.8 9716.07 9659.46 9565.43 9569.4 9592.54 9651.94 9707.91 9777.85
10370.5 10362.7 10352.9 10358.5 10347.8 10334 10329.4 10355 10354.1 10332.7 10328.7 10338.4 10341.9 10344.4 10351.8 10362.5 10352.5 10334.4 10311.2 10302.7 10306.9 10289.1 10279.7 10273.2 10266.1 10261 10265.6 10267.6 10264.4 10252.3 10247.1 10259.2 10271.6 10285.9 10286.5 10276.1 10251.1 10221 10211.1 10216.6 10229.1 10246.4 10269.7 10310.3 10368.6 10433.1 10440.3 10409.4 10385.3 10351.5 10306.1 10260.8 10206.7 10120.4 10061.1 9996.04 9932.52 9859.28 9794.39 9707.22 9652.41 9602.74 9559.91 9581.82 9653.16 9733.83 9813.72
10337.7 10332.9 10323.1 10330.1 10322.5 10308.5 10313.6 10322.4 10319.9 10308.3 10304.8 10313.1 10320.1 10327 10333.4 10321.9 10313.5 10309.7 10298.7 10292.4 10290.8 10290.1 10282.5 10270.2 10258.6 10254.4 10266.3 10273.2 10276.1 10259.6 10249.8 10280.7 10316 10306.2 10296.5 10282.2 10251.8 10214.1 10205.1 10211.4 10223.7 10241.4 10266.6 10302.4 10338.5 10342.8 10413.1 10405.9 10389.4 10354.3 10315.2 10266.4 10217.6 10165.8 10076.5 10018.4 9955.33 9870.59 9802.88 9723.32 9667.39 9614.95 9570.09 9604.45 9688.85 9778.47 9876.1
10322 10316.1 10305.8 10302.9 10309.8 10316.7 10323.6 10318.1 10310.6 10302 10298.6 10301.7 10305.9 10307.8 10304 10296.4 10295.5 10299.9 10295.6 10291.8 10283.5 10286.9 10282 10270.9 10260.3 10257.9 10270.1 10269.6 10268.6 10259.4 10272.7 10294.8 10318.1 10315.3 10304.7 10289.3 10258.9 10213.9 10207.2 10212.6 10222.7 10239 10263.8 10299.4 10345.3 10411.3 10438.1 10412.5 10392.7 10360.4 10320.2 10278.7 10230.5 10183.5 10096.8 10029.1 9974.54 9899.86 9833.48 9754.88 9695.88 9646.13 9602.95 9642.97 9732.72 9834.01 9939.8
10308.6 10309.2 10309.5 10304.8 10308.6 10313.4 10324.6 10321.9 10311.5 10301.3 10294.3 10297.1 10299.5 10299.5 10295 10297.2 10303.3 10306.7 10309.2 10306.9 10297.4 10286.8 10278.5 10273.2 10267 10269.8 10270.1 10259.5 10242.2 10235.5 10255.6 10294.7 10315.2 10315.2 10307.1 10294.9 10270.8 10230.6 10221.3 10219 10224.3 10236.3 10257.3 10291.4 10342.1 10397.7 10433.5 10417.3 10393.1 10360.5 10324.7 10283.5 10243.2 10200.4 10153.7 10104.5 9987.47 9930.29 9861.55 9791.52 9737.66 9695.84 9672.98 9716.05 9799.47 9898.76 9998.27
10298.8 10309.1 10311.7 10310.9 10313.9 10320.5 10332.9 10328.3 10314 10303.9 10300.4 10297.5 10299.7 10301.9 10305.9 10308.4 10310.4 10313.6 10319.5 10304 10289.7 10287.4 10286.2 10274.7 10266.8 10259.6 10255.6 10253.6 10249.4 10240.4 10257.9 10296.7 10311.3 10308.9 10302.3 10294 10284.7 10263.1 10238.1 10228.6 10228.1 10234.1 10245.8 10272.5 10325.8 10390.3 10433.7 10418.1 10389.1 10357.4 10321.6 10286.4 10249 10211.1 10172.5 10132 10088.5 9974.09 9918.88 9862.14 9789.39 9752.14 9735.4 9791.22 9874.89 9971.92 10064.8
10300 10317.1 10327.4 10320.1 10315.2 10319 10327.9 10323.4 10312.9 10303.8 10296.8 10298.4 10303.3 10307.4 10312.4 10310.9 10304 10311.5 10304.7 10285.3 10286.6 10284.2 10287.1 10272.1 10261.3 10250.1 10248.4 10255.9 10259.2 10258.4 10273.6 10289.5 10297.5 10294.6 10288.3 10280.7 10271.6 10257.8 10241.9 10231 10226.6 10229.3 10235.3 10245.6 10305.7 10383.3 10432.6 10408 10377.6 10348.2 10318.4 10287.6 10256 10224.9 10192.9 10160.2 10061.1 10023.9 9983.73 9920.69 9872.37 9832.58 9800.92 9868.38 9962.69 10056.5 10146.7
10307.8 10323.3 10338.6 10328.2 10311.6 10300.8 10312.2 10309.4 10310.9 10306.9 10294.7 10304 10311.1 10315.2 10316.8 10314.5 10304.1 10298.7 10288.7 10271.3 10279.1 10279.8 10271 10267.8 10260.3 10254.5 10253.9 10258.3 10272.1 10273.3 10265.3 10280.1 10281 10276 10269.8 10261.1 10244.4 10245 10238 10230.3 10225.6 10224.9 10232.2 10254.1 10293.5 10346.3 10384.5 10373.3 10350.9 10329.1 10305.8 10288.4 10264.7 10239.3 10215.1 10190.4 10165.8 10079.6 10053 10013.2 9979.79 9949.57 9924.05 9986.89 10066.9 10145.9 10229.7
10311.2 10318.9 10327.2 10323.3 10314 10305.8 10308.3 10309.7 10318.7 10323.2 10327.1 10326.8 10323.8 10321.9 10317.3 10306.9 10296.8 10286.2 10279 10284.7 10284.6 10284.9 10283.2 10275 10261.2 10247.6 10240.9 10255.5 10268 10267.3 10263.9 10259.6 10259 10256.8 10253.8 10247.4 10244.5 10239.9 10231.7 10227.2 10224.1 10224.1 10228.2 10241.5 10264.8 10295.3 10319.3 10326.6 10322.8 10312.3 10296.4 10280.1 10263.6 10247.6 10231.6 10215.1 10200.7 10191.1 10099.9 10104.7 10107.2 10108.6 10099.8 10139.9 10182.2 10230.2 10288.7
10306.6 10308.6 10310.5 10319.2 10321.9 10317.7 10304.3 10321.2 10336.3 10344.9 10347.8 10344.9 10337 10326.7 10315.6 10304.1 10302 10293.5 10287.2 10289.2 10293.4 10292.5 10291.5 10281 10264 10249 10238.8 10259.2 10274.6 10284.3 10278.1 10238 10242.2 10239.6 10235.1 10230.2 10226.8 10227 10224.3 10222.6 10221.8 10221.6 10222.7 10225.2 10235 10253.6 10263.9 10284.4 10293.1 10293.5 10288.5 10280.7 10270 10260 10249.9 10236.5 10231.6 10231.5 10168.5 10194.7 10231.1 10288.3 10314.7 10293.4 10286.2 10296.5 10320.5
10303.6 10302.2 10312.9 10324.6 10332.4 10334.2 10338.4 10346.6 10362.7 10362.9 10357.8 10352.6 10349.3 10337.4 10319.1 10302.4 10298.6 10298.8 10300 10307.5 10304.5 10297.4 10287.6 10277 10270 10263.9 10275.2 10274.8 10280.9 10278.8 10263.3 10258.8 10236.4 10227 10220 10214.9 10212 10213.8 10217 10219.6 10220.8 10220.9 10222.5 10222.8 10226.5 10239 10252.1 10262.6 10271.2 10275.7 10274.1 10270.7 10264.5 10261 10257.4 10256.2 10258.4 10266.5 10281.9 10270.8 10322.5 10412.6 10461.4 10392.3 10353.7 10339.5 10336.3
10303.7 10303.9 10316.7 10331.1 10346.2 10354.9 10363.2 10398.4 10384.9 10367.6 10365.1 10362.9 10365.8 10342.8 10321.2 10303 10293.6 10296.6 10304.2 10309.3 10308.3 10299.6 10290.4 10282.5 10276.6 10270.3 10263.1 10270.5 10277.4 10274.4 10251.4 10232 10221.2 10213.4 10208 10203 10200.2 10206.3 10211.9 10216.9 10221.8 10224.5 10228.9 10233.6 10238.6 10240.5 10236.4 10246.2 10260 10266.7 10269.5 10268.6 10266.8 10265.2 10264.6 10266.8 10272.6 10282.8 10301.1 10292.7 10332.1 10381.8 10409 10397.6 10371 10352.4 10340.9
10305.2 10310.2 10317.5 10340.2 10345.9 10350.1 10377.9 10392 10330.9 10326.4 10376.8 10440 10378 10335.9 10314.8 10302 10291.1 10290.7 10300 10307.9 10304.8 10298.3 10295.2 10294.6 10281.8 10275.5 10271.1 10272.1 10275.8 10269.8 10236.8 10211.4 10207 10206.5 10203.9 10199.2 10197.7 10201.4 10208.1 10215.9 10222 10228 10234.4 10245 10256.2 10250.7 10241.2 10247 10257.1 10264.5 10268.4 10270.4 10270.8 10269.4 10271.8 10275.7 10281.7 10290.3 10303.2 10292.7 10309.6 10321.5 10340.4 10360.6 10356.9 10347.3 10337.4
10302.9 10308 10328.3 10357.1 10367.4 10323.6 10240.6 10169.7 10174.5 10213.9 10280.5 10335.4 10311.8 10295.2 10295.3 10298.3 10295.6 10286.9 10292.5 10293.7 10294.4 10293.9 10289.7 10281.6 10282.1 10279.8 10280.2 10276.5 10262.4 10242 10224.7 10193.1 10196.4 10200.5 10203.7 10203.2 10199.1 10197.8 10211.8 10219.3 10223.8 10229 10235.9 10246.6 10261.9 10257.6 10256.6 10262.6 10262.2 10264.7 10265.2 10266.7 10266.8 10268.9 10271.8 10276.2 10281.4 10287.7 10293.5 10280.8 10282.8 10282 10300.2 10325.6 10333.5 10331.6 10327
10300.5 10300.4 10331.6 10370.2 10386.2 10301.5 10177.6 10057.5 10031.2 10073.7 10119.2 10147.3 10187.6 10227.6 10267.3 10306.9 10324 10310.8 10298.4 10294.3 10293.1 10289.5 10285.3 10287 10278.4 10277.8 10278.2 10267.8 10249.1 10226.9 10206.2 10189.9 10193.4 10201.8 10210.8 10217.6 10223 10231 10225.8 10224.8 10225.9 10227.3 10230.4 10235.2 10241.8 10246 10256.1 10263.5 10264.4 10262.3 10262 10264.8 10266.3 10266.9 10268.7 10272.2 10275.9 10279.3 10280.7 10263.9 10265.4 10264.2 10277.9 10301.1 10312.6 10316.9 10314
10304.1 10308 10332.5 10364.2 10365.6 10281.8 10159.1 10021.7 9945.7 9967.23 10000.2 10018.4 10086.9 10168.8 10234.9 10287.9 10314 10295.1 10290.7 10289.1 10291.5 10283.4 10277.4 10267.7 10271.1 10270.6 10265 10254.6 10238.2 10220.4 10197.5 10192.2 10196.9 10207.1 10219.7 10233.5 10236.8 10229.4 10227.9 10227.7 10225.6 10223.6 10222 10220.3 10216.4 10225.5 10244.9 10262.8 10260.8 10261.5 10261.4 10262.3 10263.1 10264.9 10267.2 10269.3 10272.8 10274 10273.3 10268.4 10256.1 10258 10267 10285.2 10294.5 10299.7 10302
10299.9 10306.7 10328.9 10352.1 10341.4 10276.5 10172.2 10031.7 9904.9 9924.89 9959.72 9980.95 10050.1 10139 10208.7 10255.3 10266.8 10252.8 10253.5 10261.5 10268 10267.4 10272.2 10277.2 10276.6 10265.6 10247.8 10228 10220.2 10211.6 10205.1 10196.7 10202.6 10210.9 10222.9 10239.6 10244.2 10234.5 10236.1 10230.9 10223.6 10217.5 10213.1 10208.5 10206.4 10212.7 10227 10234.8 10250.4 10257.1 10258.9 10260.3 10264.1 10265.6 10266.2 10267.6 10269.1 10268.7 10266.7 10262.6 10251.1 10244.7 10262.2 10274.8 10284 10290.2 10294.3
10296.7 10294.6 10324.1 10348.1 10343.9 10293.5 10216.1 10096.5 9935.84 9961.86 10002.7 10034.5 10090 10158.4 10204.7 10232.9 10236.6 10226.3 10221.8 10227.1 10227.5 10246.4 10265.3 10284.2 10284.1 10264.8 10243.2 10227.5 10227.9 10212.8 10214.4 10205.4 10206.4 10211.3 10217.1 10223.3 10235.2 10253.6 10249.8 10230 10219.2 10211.3 10205.4 10200.5 10196.2 10201 10220.8 10239.8 10249.5 10254.6 10257.3 10259.7 10261.4 10261.5 10264.7 10266.4 10266.4 10265.5 10264.1 10261.5 10257.3 10255.9 10266.3 10270.5 10278.8 10284.1 10287.5
10299.7 10315.6 10324.2 10340.3 10342 10320.4 10286.8 10219.8 10076.3 10080.3 10110.7 10153.8 10198.1 10215.5 10223.1 10228.2 10224.6 10219.1 10214.7 10214.1 10217.8 10233 10253.1 10272.3 10276 10261 10244.9 10232 10222.9 10200.7 10201.1 10207.7 10205.9 10207.5 10208.1 10206.9 10217.4 10224.5 10223.3 10217.2 10211 10205 10200.2 10196.1 10195.5 10203.1 10220.2 10244.6 10250.7 10251.5 10253.6 10256.2 10258.9 10260.8 10262.1 10262.8 10262.1 10260.8 10258.8 10258.4 10261.8 10266.8 10263.7 10266 10271 10277.3 10281.6
10279.9 10293.6 10311.7 10326.8 10335.2 10339.3 10346.1 10376.4 10306.3 10230.2 10220 10263.9 10310.5 10264.8 10244.4 10234.8 10227 10220.7 10214.6 10209.9 10210.8 10221.1 10236.6 10252.6 10260.3 10248.5 10241.4 10237.3 10211.3 10197.2 10188.1 10198.2 10203 10203.5 10202.1 10201.8 10202.6 10201.9 10199.5 10202.6 10202.5 10200 10196.7 10193.2 10192.7 10197 10213.5 10228.3 10237.6 10242.7 10245.9 10249.3 10252.2 10254.6 10257.2 10258.3 10258.2 10257.7 10255.7 10253.2 10252.1 10255 10259 10263.6 10267.3 10272.1 10277.4
10260.3 10272 10292.7 10307.5 10321.1 10332.6 10340.8 10335.4 10325.6 10287 10267.9 10278.1 10283.8 10267.2 10249.7 10237.8 10233.4 10221.7 10211.1 10207 10205.2 10209.9 10218.5 10222.6 10216.5 10228.8 10232.3 10229.6 10205.9 10206.3 10196.5 10199.4 10204 10201.9 10198.8 10195.1 10195 10192 10189.6 10194.1 10196.7 10196.4 10194.8 10192.3 10190.7 10188.5 10203.9 10218.8 10228 10231.6 10236.1 10239.8 10244.3 10247.9 10251.5 10253 10254.7 10255.2 10254 10250.3 10244.4 10248.6 10255.1 10260.6 10266.3 10271.5 10277
10258.4 10268.8 10281.1 10286.9 10303.6 10313.8 10312.2 10295.1 10278.4 10268.5 10262.3 10258.5 10247.2 10246.7 10242 10234.5 10226.3 10220.5 10213.7 10207.2 10203.4 10203.9 10206.7 10207.2 10208.9 10217.2 10224.7 10224.5 10213.3 10220.1 10213.4 10214.5 10205.3 10200.5 10198.2 10196.2 10194 10191.7 10189.1 10193.9 10196.4 10196.3 10194.8 10192.8 10191 10191.4 10198.8 10206 10211.1 10219.8 10226.4 10232.1 10237.5 10242.9 10248.5 10252.8 10256.5 10259 10259.7 10257.8 10255.8 10257.7 10261.4 10266.2 10270.7 10275.5 10279.9
10256.9 10263 10277 10295.1 10292.1 10292.4 10286 10271 10250.6 10242 10242.5 10238.9 10231.8 10233.1 10234.3 10232.9 10227.6 10221.7 10215.4 10210.3 10206 10203.9 10202.9 10202.3 10204 10211.5 10222 10228.8 10221.4 10219.3 10209.3 10199.5 10198.2 10197.1 10196.8 10196.6 10196.1 10196.8 10200.3 10200.5 10200.4 10199 10197.5 10195.1 10194.6 10196.1 10197.9 10199.5 10202.6 10211.1 10218.9 10226 10232.7 10238.2 10244.6 10251.1 10257.6 10264.3 10268.8 10268.8 10266.8 10271.7 10273 10275 10276.4 10278.6 10281.5
10259 10261 10266.9 10270.7 10274.8 10273.2 10266.2 10253.9 10235 10223.6 10227 10227.5 10227.1 10228.5 10231 10231.4 10227.8 10224.1 10222.2 10214.9 10209.9 10206.2 10203.2 10200.8 10199.9 10208.9 10223.4 10237.6 10236.2 10216.3 10205.7 10196.4 10194.1 10193.4 10192.9 10193.8 10196.9 10201.1 10205.8 10206.9 10204.2 10201.7 10199.3 10198.4 10198.6 10199.4 10200.7 10199.5 10199.3 10206.5 10213.9 10221.3 10228.9 10236.3 10243.8 10251.1 10260.1 10269.7 10279.7 10287 10292.3 10290 10286 10284.1 10282.6 10281.9 10284
10265.8 10262.8 10258.9 10256 10258.5 10256.3 10250.8 10241.6 10228.1 10219.7 10220.8 10222.9 10225.6 10227.3 10227.9 10229.2 10229.2 10231.1 10223.8 10219.1 10215.6 10212 10206.3 10203.2 10202.1 10211.1 10226.3 10238.2 10240.7 10218.2 10206.7 10199.7 10193 10190.9 10192.1 10193.8 10197.3 10203.1 10210.2 10210.9 10206.9 10203.9 10202.2 10200.8 10201.4 10204.7 10205.7 10201.5 10202.4 10204.9 10210.7 10217.5 10225 10232.8 10240.5 10249.7 10260.3 10272.5 10287.5 10303.7 10317.3 10306.2 10295.3 10289.7 10286.5 10285.8 10286.3
