real_craters/C116-300m.grd
DSAA
241 241
-36.0675 36.0675
-36.0675 36.0675
8973.3978214895 11466.689153387
[rows 180 to 209 of 241, columns 0 to 66 of 241]
10324.6 10337.8 10326.2 10318.5 10318.7 10319.6 10320.2 10322.2 10326.1 10330.8 10335.6 10335.5 10331.7 10330 10328.1 10325.7 10322.8 10322.1 10323.7 10322.8 10320.6 10318.9 10316.9 10315 10313.1 10311.1 10309.2 10307.4 10305.7 10304 10302.5 10301.3 10300.1 10299 10298.6 10297.9 10294.9 10290.3 10286.1 10281.8 10277.7 10273.9 10270.1 10268.5 10267.3 10266.2 10265.3 10264.5 10263.3 10263 10262.6 10262.1 10261.7 10261.4 10261.2 10260.7 10260.6 10259.5 10259.7 10260.2 10261.7 10261 10260.2 10259.4 10258.5 10257.7 10256.8
10313.7 10315.1 10314 10313.3 10315.1 10316.5 10317.4 10320.1 10324.9 10329.7 10333.8 10333.8 10332.5 10330.5 10328.4 10326.2 10323.9 10323.2 10324.3 10323 10320.6 10318.6 10316.6 10314.7 10312.9 10311 10309.2 10307.5 10305.8 10304.2 10302.6 10301.1 10299.7 10298.4 10296.9 10294.8 10292 10288 10284.5 10280.5 10276.7 10273.4 10270.5 10268.4 10266.1 10264.7 10263.6 10262.9 10262.5 10262.1 10262.2 10261.7 10261.5 10261.5 10261.2 10261 10260.6 10260.2 10259.8 10260.3 10261.8 10260.7 10259.9 10259.1 10258.2 10257.5 10255.9
10307.1 10308.1 10309.5 10311.9 10314.7 10316.4 10316.8 10319.6 10324.4 10328.6 10331.6 10332.8 10332.5 10330.8 10328.9 10327.1 10325.9 10325.4 10323.8 10322.1 10319.9 10317.6 10316.4 10314.6 10312.9 10311.1 10309.3 10307.7 10306 10304.6 10302.9 10301.2 10299.4 10297.3 10295 10291.9 10288.4 10285.3 10282.4 10278.9 10275.3 10272.3 10270.6 10267.2 10264.3 10263.1 10262.2 10261.8 10261.3 10261.1 10261.2 10261.4 10261.2 10261.1 10261 10260.7 10260.4 10260.1 10259.9 10260 10259.2 10259.6 10258.9 10257.9 10256.9 10255.8 10253.8
10303.1 10304.4 10307 10312.2 10316.6 10319.6 10320.6 10323 10326.1 10328.5 10331.4 10333.2 10332.4 10330.9 10329.3 10327.7 10326.4 10324.9 10322.9 10320.8 10318.8 10316.9 10315.8 10314.1 10312.7 10311 10309.3 10307.7 10305.8 10304.1 10302.4 10300.9 10298.8 10296.4 10293.5 10289.6 10285.3 10283.3 10280.9 10277.4 10273.6 10269.8 10265.8 10262.8 10261.4 10260.5 10259.9 10259.6 10260 10260.2 10260.2 10260.2 10260.5 10260.3 10260.2 10260 10259.8 10259.5 10259 10259.2 10259.9 10258.9 10257.6 10256.2 10254.8 10253.1 10250.7
10301.2 10303.8 10309.1 10314.8 10320.7 10325.9 10329.5 10330 10329.5 10328.8 10328 10330.8 10331.4 10330.6 10329.3 10327.8 10326.2 10324.1 10322 10319.7 10317.8 10316 10315 10313.5 10311.9 10310.3 10308.7 10307 10305.7 10304.1 10302.3 10300.4 10298.3 10295.8 10293 10289.7 10286.5 10283.5 10280 10276.3 10272.1 10267.7 10263.2 10260 10259 10258.7 10258.4 10258.3 10258.4 10258.5 10259 10259.1 10259.2 10259.3 10259.3 10259.6 10259.3 10259 10258.1 10257.9 10259 10257.5 10255.5 10253.6 10251.9 10249.8 10247.1
10298.7 10303 10311 10318.1 10325.5 10333.1 10339.6 10336.9 10333.2 10329.9 10328 10329.6 10330.9 10330.4 10329.2 10327.6 10325.9 10324.3 10321.6 10319 10316.7 10315.1 10314.1 10312.8 10311.6 10310.5 10309 10307.3 10305.5 10304 10301.9 10299.8 10297.7 10295.5 10293 10290.5 10288.1 10284.2 10279.9 10275.7 10271.1 10266.6 10262.2 10258.9 10257.5 10257.5 10257.4 10257.6 10257.8 10258 10258.2 10258.5 10259.3 10259 10259.3 10259.2 10258.9 10258.7 10258.9 10257.8 10256.5 10254.6 10252.4 10250.6 10248.6 10246.2 10243.1
10297.1 10303.2 10311.9 10318.9 10328 10337.2 10341.3 10340.8 10336 10331.2 10329.4 10332.4 10331.9 10330.6 10329 10327.2 10325.4 10323.6 10320.3 10317 10315.5 10314.4 10313.8 10312.6 10311.3 10309.5 10308 10306.4 10304.5 10302.9 10301 10299.3 10297.3 10295.4 10293 10290.5 10287.9 10284.2 10279.8 10275.5 10270.7 10266 10261.7 10258.4 10256.9 10256.4 10256.4 10256.8 10257 10257.5 10257.8 10258.2 10258.4 10258.8 10258.6 10258.7 10258.5 10257.9 10257 10255.3 10252.5 10250.3 10249.1 10247.7 10245.9 10243.4 10239.2
10295.1 10298.8 10306.1 10315.4 10327.2 10340.4 10349.1 10343.4 10337.4 10332 10331.5 10334.6 10332.2 10330.3 10328.6 10326.7 10324.5 10321.6 10318.7 10316.1 10314.8 10313.6 10313 10311.7 10310.2 10309.1 10307.5 10305.9 10304.5 10302.8 10300.9 10299.1 10296.9 10294.9 10292.7 10290.2 10286.9 10283.4 10279.9 10275.5 10270.5 10265.8 10261.5 10258.7 10256.2 10255.8 10256.1 10256.4 10256.9 10257.4 10257.7 10258 10258.5 10258.6 10258.6 10258.7 10258.4 10257.2 10254.5 10252.2 10248.9 10246.4 10246.2 10245.4 10243.9 10242 10240.4
10290.9 10291.2 10297.2 10308.4 10321.9 10336 10344.4 10342 10337.2 10332.1 10331 10330 10330.4 10329.4 10328 10326.2 10324 10321 10318.5 10316.9 10315.3 10313.7 10312.6 10311.1 10309.5 10308.3 10306.6 10304.9 10303.2 10301.5 10299.8 10298 10296.7 10294.8 10292.9 10290.9 10288.5 10285.8 10280.9 10275.8 10270.7 10265.9 10261.1 10256.1 10255.6 10255.9 10256.4 10256.7 10257 10257.5 10258 10258.3 10258.8 10259 10259.1 10259.3 10259.2 10258.2 10255.7 10252.5 10248.7 10246.2 10244.9 10244 10242.7 10240.8 10239.5
10288.1 10286.7 10289.7 10300.6 10314.2 10326.6 10334.7 10337.1 10336 10333.4 10330.3 10329 10329.1 10328.4 10327.3 10325.9 10324.3 10322.6 10320.8 10318.4 10316.1 10314.1 10312.5 10310.6 10308.6 10307.3 10305.5 10303.8 10302.1 10300.6 10298.9 10297.2 10295.6 10293.9 10292.3 10290.9 10290.4 10288.1 10281.4 10275.9 10270.9 10266.5 10262.5 10259.3 10257.9 10257.1 10257 10257.1 10257.5 10257.8 10258.2 10258.7 10259.3 10259.5 10259.7 10260 10260.3 10260.3 10258.8 10254.5 10249.6 10245.1 10245 10244 10242.6 10240.5 10236
10288.6 10285.8 10286.3 10295.3 10308.1 10319.5 10328 10332.8 10334.3 10336 10333.8 10330.9 10329 10327.9 10326.9 10325.9 10324.8 10323.7 10322.2 10318.8 10316.4 10314.5 10312 10310.2 10308 10306.6 10304.7 10302.9 10301.2 10299.4 10297.7 10296 10294.6 10292.8 10291.1 10289.3 10287.3 10284 10279.5 10275.3 10271 10267.2 10264.1 10262.6 10260.2 10258.2 10257.8 10257.6 10257.8 10258.3 10258.7 10259.1 10259.6 10259.8 10260 10260.3 10260.8 10261.6 10260.9 10256.2 10251.9 10249.6 10246.7 10245 10243.5 10242.4 10242.5
10289.1 10286.3 10286.1 10293.6 10305.8 10315.6 10325.2 10330.8 10332.1 10329.5 10332.7 10330.2 10328 10326.9 10326.2 10325.7 10325 10323.9 10321.1 10320.7 10318.5 10315.6 10312.3 10310.1 10307.6 10305.5 10303.6 10301.7 10300 10298.6 10296.9 10295.2 10293.1 10291.4 10289.5 10287.1 10284 10280 10277 10274.2 10271 10267.6 10264.5 10261.7 10259.7 10258.6 10258.2 10258.4 10258.7 10259 10259.4 10259.5 10259.8 10259.7 10259.9 10260 10260.1 10260.2 10259.1 10255.8 10252.6 10250.3 10247.8 10245.9 10244.4 10242.6 10240.4
10289.5 10288.2 10287.3 10294.6 10309.1 10322.2 10329 10332 10332.2 10331.8 10329.3 10326.9 10325.8 10325.5 10325.4 10325.3 10325.2 10325.3 10327.1 10323.6 10320.7 10316.2 10312 10309.5 10307 10304.5 10302.4 10300.5 10298.7 10297.5 10295.4 10294.2 10292.4 10290.4 10288.2 10285.6 10282.3 10278.2 10275.9 10273.4 10270.8 10267.7 10264.5 10261.8 10259.8 10258.7 10258.7 10258.9 10259.3 10259.6 10259.9 10260 10260.2 10260.3 10260.1 10259.6 10258.8 10257.6 10256 10254 10251.6 10249.5 10247.7 10246.5 10245.5 10243.9 10240.3
10290.4 10288.7 10288.8 10297.3 10314.9 10331.7 10335.3 10335.1 10332.6 10327.7 10320.8 10321.7 10323.1 10324 10324.4 10324.7 10324.8 10324.7 10322.6 10322.3 10320.1 10314.9 10310.5 10308 10305.5 10303.3 10301.6 10299.8 10298.1 10296.4 10294.7 10293 10291.7 10289.8 10287.8 10285.3 10282.5 10279.8 10277 10273.8 10271 10267.9 10264.7 10261.6 10259.2 10259.2 10259.3 10259.4 10259.7 10260.4 10260.8 10261.2 10261.3 10261.3 10260.6 10259.6 10257.6 10255.6 10253.9 10252.4 10250.4 10248.1 10247 10246.7 10246.6 10247.3 10244.4
10290.9 10288.1 10289.9 10299.6 10318.9 10335.8 10339.8 10338.6 10333.9 10324.6 10316.3 10319.8 10322.2 10323.3 10323.8 10324 10324.1 10324 10323.7 10320.3 10314.9 10311 10307.7 10305.8 10303.6 10301.7 10300.7 10299.1 10297.6 10296.1 10294.5 10292.9 10291.2 10289.5 10287.4 10285.2 10283 10281.3 10278 10274.2 10271.2 10268.4 10265.6 10262.9 10260.9 10260.4 10260.4 10260.6 10260.8 10261.2 10261.8 10262.1 10262.4 10262.6 10261.7 10260.2 10257.4 10254.6 10252.9 10251.7 10249.9 10248.1 10247 10246.7 10246.8 10245.2 10242.1
10288.7 10286.8 10289.9 10299.9 10320.5 10337.5 10342.2 10342.2 10339 10329.9 10325.9 10324.3 10324.1 10324 10323.8 10323.5 10323.2 10322.9 10321.8 10317.3 10310.2 10307.1 10305 10303.7 10302 10300.4 10299.2 10297.8 10296.5 10295.3 10293.9 10292.5 10290.8 10289.2 10287.1 10284.9 10282.5 10280.3 10277.3 10274.2 10271.5 10269.3 10267 10264.8 10263.1 10262.4 10262.1 10262 10262.2 10262.7 10263.2 10263.5 10263.9 10263.8 10263.3 10262 10258.9 10254.8 10253.9 10252.7 10250.5 10247.4 10245.7 10246.8 10247.4 10247.9 10243.7
10287 10285.9 10289.6 10299 10319.7 10336.7 10342.5 10345.1 10344.9 10338.5 10334.6 10330.3 10327.1 10325.1 10323.6 10322.5 10321.6 10320.7 10319.5 10315.2 10308.2 10304.6 10302.8 10301.7 10300.3 10299.1 10298.3 10296.8 10296.1 10294.9 10293.6 10292.3 10290.7 10288.7 10286.8 10284.5 10281.6 10278.1 10274.9 10274.1 10272.5 10270.7 10268.6 10266.9 10265.9 10264.3 10263.7 10263.5 10263.9 10264.3 10264.8 10265.2 10265.5 10265.8 10265.9 10265.7 10263.9 10260.1 10258.4 10255.9 10252.7 10249.4 10247.6 10248 10248.2 10247.3 10245.8
10287.5 10286.9 10291.2 10298.5 10314.9 10330.8 10340.5 10346.4 10349.2 10348.5 10342.1 10334.1 10329.1 10325.8 10323.5 10321.5 10319.6 10317.7 10315.6 10311.9 10306.4 10303.1 10301.2 10300 10298.9 10297.8 10297.2 10296.2 10295.3 10293.9 10292.8 10292 10290.7 10288.9 10287.2 10285.1 10282.5 10278.7 10275.9 10276 10274.6 10272.8 10270.6 10268.5 10266.3 10265.4 10264.8 10264.7 10265.2 10265.6 10266.2 10266.6 10266.8 10267.3 10268.2 10270.1 10272.1 10271.5 10265.7 10260.1 10255.7 10252.4 10250.6 10250.2 10249.8 10248.2 10246.9
10288.9 10289.8 10296 10305.2 10318.3 10328.9 10337.5 10344.5 10352.5 10348.1 10340.5 10333.6 10329.2 10326 10323.2 10320.4 10317.6 10314.5 10310.8 10306.5 10304.3 10302 10299.7 10298.1 10297.5 10296.7 10296 10295.2 10294.4 10293.3 10292.7 10291.7 10290.6 10289.1 10288.1 10286.5 10284.9 10284 10283.6 10280.5 10278 10275.3 10272.9 10270.3 10268.1 10266.5 10266.2 10266.6 10267 10267.1 10267.4 10267.4 10267.8 10268 10269 10271.6 10276.7 10278.8 10269.6 10262.5 10257.6 10254.4 10252.9 10252 10252.1 10250.5 10245.2
10290.1 10293.7 10301.8 10312.7 10319 10327.3 10334.4 10338.3 10335.6 10329.9 10330.1 10330.4 10328.6 10326 10323 10319.6 10316 10311.9 10307.4 10303.3 10301.6 10300 10297.7 10296.3 10295.8 10295.2 10294.4 10293.9 10293.3 10292.7 10291.8 10291.1 10290.3 10289.5 10288.6 10287.7 10286.9 10286.9 10286.8 10283.2 10281 10278.5 10275.9 10272.8 10268.6 10266.6 10268.3 10269.5 10269.6 10269.4 10269.1 10268.4 10267.9 10267.3 10267.4 10267.9 10269.4 10270.3 10265.9 10261.4 10257.8 10254.9 10252.5 10252.2 10253 10251.6 10243.3
10295.1 10298.2 10306 10315.5 10322.4 10327.8 10333.3 10335.5 10331.8 10323.7 10326.9 10329.4 10328.6 10326 10322.6 10318.7 10314.5 10310.1 10305.3 10299.9 10297.9 10295.7 10294.9 10294.6 10294.3 10293.8 10293.1 10293.1 10292.7 10292.2 10291.5 10290.9 10290.6 10290 10289.5 10289.1 10288.3 10287 10284.6 10284 10283.8 10282.7 10280.4 10277.5 10273.5 10271.3 10273.1 10273.9 10273.4 10272.7 10270.9 10269.5 10268 10266.4 10264.7 10262.1 10258.1 10257.5 10259.2 10258.4 10256.7 10254.7 10253.2 10250.9 10249.2 10247.7 10243.7
10297.8 10301.3 10308.5 10317.4 10323.7 10329.7 10334.6 10337.9 10337 10335.4 10333.9 10332.6 10330.1 10326.7 10322.7 10318.4 10313.8 10309.2 10304.8 10301.9 10296.7 10292.6 10293.2 10293.4 10293.1 10292.6 10291.9 10292.1 10291.7 10291.4 10290.8 10290.6 10290.4 10290.4 10290.6 10290.5 10290.1 10288.7 10285.8 10286.4 10288 10287.8 10286.2 10284.1 10282.5 10281.7 10280.4 10279.4 10278 10276.3 10273.7 10271.4 10268.5 10265.7 10262.4 10258.7 10254.5 10253.7 10255.3 10256 10255.6 10254.4 10252.4 10249.1 10243.5 10242.4 10245.1
10297 10302 10309.6 10318.4 10326.4 10331.8 10336.5 10340.8 10344.1 10347.2 10342.6 10337.3 10332.5 10327.5 10322.7 10317.9 10313.1 10308.3 10303.9 10299.9 10296.4 10294.5 10293.7 10293.3 10292.5 10291.9 10291.3 10291.7 10291.4 10291 10291 10290.9 10291 10291.3 10291.7 10292.7 10293.4 10293.6 10292.3 10293.7 10294.6 10293.7 10292.3 10291.1 10290.2 10289.4 10287.6 10285.1 10282.5 10279.5 10276.5 10273.3 10270.2 10266.3 10262.3 10258.1 10254.5 10253.5 10254.3 10255.1 10255.2 10254.7 10253.7 10250.9 10246.1 10244.2 10244.2
10296.5 10302.2 10310.1 10317.9 10326.7 10333.6 10338.2 10341.5 10347.5 10354.3 10347.4 10340 10333.6 10328.1 10322.8 10317.7 10312.6 10307.7 10302.9 10298.2 10295.9 10296 10294.8 10293.6 10292.2 10291.3 10290.5 10291 10290.6 10290.7 10291.3 10291.4 10291.7 10292.3 10293.3 10294.7 10296.8 10299.9 10304 10305.1 10301.9 10299 10297.2 10296.6 10296.7 10296.2 10294.4 10290.5 10286.3 10282.4 10278.5 10275.2 10271.5 10267.6 10263.5 10259 10255.2 10254.5 10254.8 10255.3 10255.6 10255.6 10255.6 10254.6 10252.3 10249.5 10247.1
10296.8 10302.5 10310.8 10321 10329.7 10334.8 10339.6 10345.2 10350.6 10353.3 10347.1 10340.2 10333.7 10328.2 10322.7 10317.4 10312.3 10307.4 10302.7 10298.5 10296.4 10296.1 10295 10293.7 10292.2 10291.4 10290.6 10290.7 10290.3 10290.2 10290.1 10290.7 10291 10291.7 10293.7 10295.5 10298.3 10303 10309.8 10311.8 10305.4 10301.1 10299.5 10299.7 10301.4 10303.7 10300.4 10294.6 10289.2 10284.6 10280.5 10276.8 10273.1 10269.3 10265.4 10261.6 10258.7 10257.2 10256.6 10256.5 10256.4 10256.2 10256.3 10254.8 10253 10251.9 10251.5
10298.4 10302.5 10309.8 10321.2 10328.3 10333.4 10339 10343.4 10346.8 10345.9 10343.1 10338 10332.4 10327 10321.6 10316.6 10311.6 10307 10303 10299.5 10297.3 10295.9 10294.7 10293.5 10292 10291.3 10290.6 10290.5 10290.1 10289.9 10289.8 10290.1 10290.4 10291.1 10292.5 10294 10296.7 10300.1 10304.8 10306.3 10301.3 10298.7 10298.3 10299.6 10302.2 10305.1 10302.2 10295.8 10290.4 10285.8 10281.8 10278.1 10274.7 10271.5 10267.9 10264.3 10262.1 10260.2 10259.1 10258.2 10257.4 10256.6 10255.9 10254.6 10249.9 10249.7 10249.2
10300.1 10301.5 10305 10310.2 10321.8 10331.8 10337.7 10341 10344.2 10341.3 10338.9 10335.4 10330.9 10326.1 10321.2 10316.3 10311.6 10307.1 10303.1 10299.9 10297.7 10296.2 10294.8 10293.2 10292 10291.3 10290.8 10289.9 10289.5 10289.2 10289.1 10289.5 10289.5 10289.9 10290.7 10291.4 10292.5 10293 10292.4 10290.1 10291.3 10292.8 10294.3 10296.1 10298.4 10300.6 10298.5 10293.3 10288.9 10285.2 10282.2 10279.3 10276.5 10273.6 10270.5 10267 10264.3 10263.1 10261.7 10260.2 10258.7 10256.9 10254.6 10250 10248.3 10247.1 10247.3
10300.3 10300.8 10301.7 10302.9 10318.7 10330.6 10335.9 10341.1 10340.6 10337.4 10335 10332.1 10328.6 10324.7 10320.4 10315.8 10311.3 10306.9 10302.7 10299.3 10297.1 10295.1 10293.6 10292.1 10291.1 10290.7 10290.3 10290 10288.8 10288.3 10288.1 10288 10288 10288.4 10288.5 10288.6 10288.1 10286.8 10283.3 10278.9 10283 10286.7 10289.1 10290.8 10291.9 10291.7 10290 10288 10285.7 10283.5 10281.5 10279.7 10278 10276.1 10274 10271.1 10268.4 10266.7 10264.5 10262.2 10259.8 10257.4 10254.8 10251.8 10246.5 10245.7 10246.4
10300 10301.9 10304.5 10307.7 10318.4 10327.2 10331.4 10332.5 10330.6 10331.3 10330.7 10328.6 10325.7 10322.4 10318.6 10314.6 10310.4 10306.2 10302.1 10297.9 10294 10292.4 10291.5 10290.7 10289.9 10289.7 10289.3 10289 10287.7 10287.1 10286.8 10286.6 10286.4 10286.2 10286 10285.8 10284.7 10283 10280.4 10278.2 10280.2 10282.6 10284.4 10285.4 10285.4 10283.8 10281.9 10282.4 10282 10281.1 10280.2 10279.6 10279.2 10278.9 10278.6 10277.6 10274.7 10270.9 10267.3 10264.1 10261.1 10258.6 10255.8 10251.5 10247.6 10246.7 10247.4
10300.4 10303.9 10310.3 10317.8 10319.5 10323 10327.1 10328.4 10327.4 10327.1 10326.9 10325.6 10323.3 10320.5 10317.2 10313.7 10309.9 10305.9 10301.9 10297.3 10292.3 10291 10290.2 10289.6 10289.1 10289.2 10288.9 10288.6 10286.9 10287.6 10286.3 10285.9 10285.5 10284.8 10284.4 10283.6 10282.3 10281.1 10279.9 10280.6 10280.1 10279.8 10280.6 10281.1 10280.6 10279.2 10277.8 10278.6 10279 10279 10279 10278.9 10279.5 10280.3 10282.2 10284.4 10280.6 10274.2 10269.3 10265.8 10262.4 10259.7 10257.4 10255.9 10252.5 10247.6 10248.4
