real_craters/C116-500m.grd
DSAA
145 145
-36.0675 36.0675
-36.0675 36.0675
8975.2578343016 11457.743225633
[rows 90 to 119 of 145, columns 0 to 66 of 145]
10302.4 10299.9 10297.8 10293.6 10291.6 10293.4 10296.1 10300.7 10301.3 10300.1 10299.4 10297.1 10295.4 10294.7 10294.4 10294.1 10294.6 10295.3 10296.3 10297.5 10293.1 10289.6 10286 10284.2 10284.7 10286.8 10289.9 10294.7 10299.3 10304.2 10308.5 10313.2 10316.5 10313.6 10318.9 10327 10330.7 10331.4 10327 10317.4 10306.6 10297.6 10295.9 10305.4 10313.8 10313.5 10307.8 10308.1 10311.1 10315.4 10319.9 10325 10329.3 10333.9 10325 10318.3 10319.7 10352.8 10409.6 10458.2 10478.4 10478.5 10472.5 10458.6 10464.5 10485.8 10530.1
10304.9 10304.8 10304.7 10302.5 10297.4 10295.7 10296.2 10301.3 10306.4 10306.6 10302.2 10299.2 10297.2 10296.6 10295.9 10295.9 10296.1 10296.6 10296.6 10295.3 10293.4 10290.2 10286.6 10286.6 10284.6 10286.9 10290.8 10295.9 10300.9 10306.7 10312.5 10318.2 10323.9 10333.6 10339.6 10336 10337.3 10340.1 10338.3 10324.3 10312.4 10303.6 10300.6 10313.2 10321 10315.3 10311.5 10307.5 10306.5 10307.7 10310.1 10313.5 10319.2 10331.2 10317.4 10305.9 10303.6 10315.5 10337.5 10352.4 10399.7 10417.2 10430.4 10441.1 10467.3 10509.5 10569.5
10305.9 10309.1 10310.4 10308.1 10303.6 10299.3 10294.8 10298.3 10301.3 10304 10301 10299.7 10298.6 10297.5 10297.3 10296.6 10296.9 10297.1 10297 10294.6 10293 10290.1 10285.2 10280.8 10282.6 10287 10291 10295.8 10300.9 10307.3 10313.7 10320.7 10329.1 10335.8 10338.2 10339.5 10339 10339.6 10336 10325.7 10316.1 10308.1 10303.3 10313.8 10317.4 10310.6 10305.8 10302.2 10301 10301 10301.7 10301.8 10300.6 10296.4 10303.9 10302.2 10292.6 10288.1 10291.3 10291.1 10315.4 10355.9 10384 10418.2 10447 10487.2 10543.9
10308.8 10312.3 10313 10310.7 10305.1 10303.2 10305.4 10301 10301 10299.3 10297.7 10297.7 10297.6 10298.5 10300.3 10300 10301.1 10300.1 10297.6 10296.6 10293.8 10290.5 10286.6 10281.9 10283 10287.5 10292 10297.2 10303 10308.6 10315 10322.8 10330 10337 10341.4 10340.9 10337.4 10329.2 10327 10324.1 10317.7 10311.7 10308 10308.9 10306 10301.7 10303.5 10296.4 10295.8 10295 10293.3 10290.1 10284.8 10282.6 10288.7 10291.1 10283.1 10272.2 10269.1 10266.1 10274.7 10305.7 10345.4 10374.8 10410.1 10436.5 10450.5
10312.9 10316.2 10314.5 10308.3 10305.9 10305.8 10306.5 10302.9 10296.4 10293.4 10295.9 10299.3 10301.1 10306.1 10306.4 10301.6 10301.4 10300.1 10298.5 10296.3 10293.6 10291.7 10289 10286 10286.6 10288.9 10292.9 10296.9 10302.2 10308.2 10313.9 10321.5 10329.2 10336.4 10337.6 10341.3 10339 10332 10327.2 10323.9 10319.2 10314.8 10312.2 10303.2 10295.1 10289.2 10283.7 10289.8 10290.9 10289.5 10286.8 10282.6 10276.5 10269.6 10276.3 10279.4 10280.7 10276.1 10265.4 10247.9 10250.8 10274.3 10311.2 10344 10372.2 10391.6 10393.7
10319 10320.6 10322.1 10313 10306.3 10304.8 10306.6 10306.7 10303.6 10296.6 10297.7 10301 10304.7 10308.3 10308 10305.1 10305.7 10301.5 10300.4 10297.5 10295.5 10293.5 10291.3 10289.2 10289.3 10289 10292.1 10296.2 10300.4 10304.9 10311.3 10319.4 10327.4 10335.9 10342.6 10343 10339.9 10346.9 10332.9 10325.1 10320.3 10314.4 10307.6 10292.5 10293.1 10292.1 10288.1 10289.7 10288 10285.3 10283.1 10279.8 10277.6 10276.9 10276.5 10280.3 10283.5 10292.9 10272.3 10253.4 10241.7 10258 10290.4 10318.6 10345.8 10370.5 10399.1
10316.9 10320.8 10322.7 10308.3 10306.2 10304.8 10312.1 10321.7 10307.6 10302.9 10314.8 10334.8 10344.7 10344.6 10340 10334.7 10327.1 10319.9 10311.4 10303.4 10297.7 10295.4 10292.6 10288.4 10287.1 10288.4 10290.7 10293.7 10297.4 10303 10308.5 10314.8 10322.4 10333.1 10349.6 10343.4 10332.4 10318.9 10323.7 10323.2 10319.8 10315.1 10299 10294.3 10298.1 10308.3 10305.8 10294.6 10289 10284.7 10282 10278.5 10276.3 10276 10274.2 10273.3 10276.8 10274 10270.5 10265.3 10252.1 10257.6 10276.9 10301.8 10326.1 10349.3 10370
10308.4 10318.1 10319.7 10315 10307.4 10308.3 10325.7 10353.4 10353.9 10316.4 10352.6 10356 10347.3 10340.2 10333.2 10326.9 10321.4 10315.5 10309.3 10304.2 10299.1 10296.5 10293.3 10288.9 10288 10288.3 10290.6 10293.5 10296.8 10298.2 10302.3 10306.4 10312.4 10318.8 10325.2 10325.8 10326.8 10325.3 10322.7 10319.8 10317 10314.2 10307.8 10300.8 10301.1 10303.3 10301.3 10294.4 10290.1 10286.3 10282 10276.3 10271.3 10270.3 10272.4 10271.6 10275.3 10273.6 10268.2 10262.5 10257.1 10258.3 10270.9 10290.1 10310 10326.4 10322.6
10299.6 10320.7 10334.3 10319.9 10308.3 10305.4 10328.2 10344.4 10198.4 10179.7 10339.9 10355.9 10348.6 10340.7 10332.7 10327.4 10321.6 10315.1 10309.4 10304.8 10300.3 10296.6 10293.8 10289.6 10286.6 10288 10289.3 10290.9 10292.6 10294.9 10296.7 10296.5 10297.9 10298 10292.9 10297.3 10315.8 10330.6 10319.7 10315.1 10312.4 10307.9 10295.2 10295.4 10297.8 10283.5 10288.1 10291.6 10290.7 10287.4 10283.6 10278 10269.2 10268.1 10273.7 10287.1 10277.4 10266.5 10260.8 10257.1 10250.2 10248.5 10263.8 10279.6 10296.2 10313.2 10329.1
10300.1 10328.7 10341.8 10320.6 10309.2 10297.4 10322.3 10356.8 10289.7 10227.4 10350.7 10350 10344.5 10336.7 10331.7 10325.9 10321 10314.9 10309.2 10303.8 10297.2 10295.4 10294 10291.4 10290.7 10289.1 10288.4 10288.5 10288.3 10289.1 10288.9 10288.7 10286.9 10282.3 10277.7 10280.2 10291.5 10301.6 10304.1 10304.8 10306.8 10308 10296.8 10291.6 10294.4 10290.2 10290.2 10290.7 10290.6 10289.1 10286.9 10283.6 10284.1 10275.6 10269.2 10261 10256.7 10259.3 10257.2 10254 10254.8 10259.4 10263 10273 10283.5 10294.4 10304.6
10316.7 10335 10344.7 10330 10316.9 10313.4 10321.9 10329.1 10330.2 10334 10315.5 10332.8 10338.5 10338.5 10327.1 10324.4 10319.2 10313 10307.6 10303.9 10298 10296.1 10294.2 10292.4 10291 10289 10287.6 10285.7 10285 10283.8 10282.2 10280.6 10277.7 10273.7 10269.3 10267.9 10268.7 10275.9 10286.3 10291.9 10295.8 10300.9 10308.2 10298 10293 10298.8 10293.5 10291.9 10291.7 10292 10291.7 10287.4 10278 10275.9 10268.1 10255.2 10253.1 10257.8 10262.5 10266.3 10260.6 10255.5 10263.6 10271.3 10275.6 10274.6 10280.6
10338.1 10344.8 10335.3 10327.1 10322.9 10319.2 10320.9 10323.3 10324.4 10319.1 10307.1 10313.9 10319.5 10327 10326 10323 10318.4 10313.2 10307.8 10303.4 10298.5 10296.1 10293.5 10291.5 10288 10287.3 10287.1 10285.2 10283.3 10280.2 10278.3 10275.5 10271.6 10267.6 10264.8 10262.6 10263.7 10267.5 10274.9 10279.7 10283 10285 10292.5 10284.3 10274.5 10284.8 10286.8 10289 10292.3 10295.9 10298.9 10298.6 10289.4 10284.5 10275.6 10266.9 10261.4 10264.5 10272 10273.6 10270.2 10265.8 10272 10277.1 10277.8 10275.5 10282
10347.3 10349.5 10342.4 10330.4 10327.1 10322.8 10318.6 10315.5 10316.3 10312.3 10306.6 10304.9 10310.6 10311.8 10311.4 10313 10310.1 10306.4 10306.3 10300.9 10293.7 10291.2 10292.1 10291.1 10290.1 10288.9 10287 10284.3 10281.8 10278.9 10275.6 10272.4 10267.5 10263.9 10260.9 10260.1 10263.6 10266.5 10268.2 10269.8 10271.8 10277.5 10281.5 10276.2 10269.3 10273.6 10278.5 10283.4 10290.1 10297.4 10306.1 10315.1 10319.8 10301 10285 10272.6 10265.7 10267.3 10273.7 10282.9 10284.2 10287 10289.9 10289.7 10290.2 10292.3 10297
10344.6 10341.5 10330.5 10331.4 10331.9 10328.9 10318.1 10312.7 10313.2 10309.5 10306.3 10306.9 10307.9 10306.9 10305.5 10304.2 10301.6 10299.8 10301.3 10297.5 10294.5 10294.5 10290.8 10290.3 10290.9 10289.8 10285.8 10282.7 10280.2 10276.8 10273.9 10271 10266 10262.8 10259.1 10255.6 10264.6 10264.8 10262.6 10260.7 10259.4 10260.2 10295.1 10277 10269.8 10265.9 10269.4 10276.4 10285.9 10295.2 10306.6 10318.3 10321.9 10307.2 10290.9 10277.6 10269.7 10267.2 10274.1 10284.2 10293.6 10305 10306.1 10301.1 10300.3 10306.5 10307
10351.2 10350.6 10342.5 10335.5 10333.6 10328.6 10318.2 10310.8 10313.4 10311 10312.8 10312.8 10310.7 10309.6 10307.6 10305.9 10303.4 10300.7 10298 10294.5 10290.5 10285.5 10287.3 10288 10288.4 10287.2 10282.8 10279.3 10276.4 10273.8 10271.6 10269.2 10266.5 10263.8 10262.3 10262.3 10263.3 10261.6 10258.4 10254.2 10250.5 10254.1 10266.8 10260.2 10250.6 10249.7 10257.8 10266.9 10275.7 10288.4 10298.4 10307.6 10312 10303.5 10292.4 10280.5 10268.5 10268.7 10270.2 10283.2 10295.7 10307.7 10309.5 10305.1 10303.6 10302.3 10305
10376.7 10380.1 10347.6 10336.3 10330.1 10326.2 10320.5 10314.7 10318.3 10318.2 10317.3 10316.5 10314.9 10312.8 10309.9 10306.8 10303.8 10301 10298 10294.1 10289.2 10283.9 10285 10285.7 10284.4 10281.3 10278.4 10275.5 10272.8 10270.1 10268.6 10266.8 10265.2 10264.8 10264.9 10266.4 10260.1 10259.4 10256.6 10251.6 10244.9 10239.3 10241.4 10239.8 10230.7 10235.3 10246.1 10257.3 10268.1 10278.5 10288.5 10292.2 10295.3 10297.3 10292.7 10286.1 10283.1 10278.4 10283.5 10290.2 10295.7 10297.3 10297.5 10304.4 10305.1 10303 10303.8
10311 10376.2 10349.5 10334 10324.5 10324.6 10327.5 10329.6 10328 10324.9 10324.2 10322.1 10318.3 10315.4 10312.2 10308.9 10305.9 10302.6 10299.5 10295.9 10292.5 10289.5 10287.4 10285.2 10281.2 10278 10274.1 10271.8 10269.8 10267.7 10266.2 10264.9 10264.6 10264.1 10264 10266.3 10267.2 10260.7 10256.9 10251.9 10245.4 10239.2 10234 10229.8 10225.1 10228.1 10236.7 10246.4 10256.2 10267.1 10280.9 10294.7 10295.6 10293.8 10292.1 10290.6 10286.3 10283.8 10282.2 10290.5 10298.5 10302.4 10303.6 10310.7 10309.6 10310.7 10305.1
10303.9 10360.6 10335.5 10327.9 10327.9 10328.4 10332.6 10331.7 10329.6 10326 10323.7 10324.1 10320.1 10317.1 10313.7 10310.4 10307.2 10303.8 10300.9 10298.8 10297.4 10298.7 10292.5 10285.7 10279.3 10274 10270.8 10268.9 10267.3 10265.6 10264.3 10263.4 10262.7 10262.4 10262.1 10260.2 10259.4 10260.1 10257.8 10254.5 10248.2 10240.9 10233.4 10225.8 10221.8 10223 10229.1 10235.1 10243.1 10252.3 10264.2 10286.5 10286.3 10283.8 10287 10293.6 10303.8 10297.1 10286 10294 10304.6 10315.6 10333 10319.4 10315 10311.6 10306.5
10324.6 10331.7 10318.5 10319.6 10321.3 10327.7 10335.6 10332.5 10329.5 10325.7 10321.4 10323.8 10320.6 10317.4 10314.4 10311.1 10308.2 10305.3 10302.5 10300.4 10298.9 10297.9 10291.9 10284.7 10277.7 10271.3 10268.1 10266.2 10264.7 10263.1 10262.6 10261.8 10261.4 10260.7 10260.3 10259.9 10261.7 10260.5 10259.1 10257.7 10256.8 10240.3 10227.5 10222.4 10220.4 10220.2 10224.1 10227.9 10231 10233.7 10234.3 10230.5 10252.1 10265.3 10276.1 10286.2 10295.3 10294.1 10294.9 10304.1 10304.2 10314 10327.3 10317.8 10308 10305.1 10303.9
10308.8 10310.4 10313 10316.3 10318 10325.9 10332.1 10332.6 10330.1 10326.8 10324.9 10323.7 10320.2 10317.2 10313.9 10311.1 10308.1 10305.3 10303 10300.1 10297 10293 10287.4 10281.9 10275.8 10271.7 10266.9 10263.7 10262.4 10262.1 10261.6 10261.6 10261.4 10260.9 10260.4 10260 10260.1 10259.5 10257.9 10256.4 10252.1 10233 10223.1 10219.1 10218.6 10222.2 10220.6 10221 10220.7 10219.1 10216.3 10213.5 10230.6 10248.4 10262.7 10274 10281.1 10280.7 10281.3 10274.1 10292.8 10305.8 10314.3 10315.4 10306.4 10300.1 10301.2
10302.2 10306 10314.7 10321.2 10324.2 10327.7 10330.4 10332.5 10330.4 10327.8 10325.3 10321.7 10318.5 10316 10313.3 10310.6 10307.9 10305.2 10302.3 10299.3 10295.2 10289.4 10283.8 10279.5 10273.1 10266.2 10261.2 10259.8 10259.2 10259.7 10259.7 10259.9 10259.8 10259.6 10259.3 10258.4 10259.7 10257.5 10255 10252.1 10246.4 10230.4 10223 10219.9 10217.2 10217.6 10217 10216.3 10215.4 10213.3 10211.8 10212.2 10222.7 10235.3 10249.3 10261.5 10276 10298.9 10277.6 10280.1 10283.8 10295.4 10309.8 10314.2 10316.4 10311.3 10303.5
10298.7 10307.9 10320.5 10333.1 10338.2 10332 10328 10330.7 10330 10327.6 10324.9 10320.6 10316.7 10314.6 10312.3 10310.5 10307.9 10304.9 10301.9 10298.5 10294.7 10290.5 10285.6 10278.6 10271.1 10263.6 10258.3 10257.5 10257.5 10257.9 10258.2 10258.9 10259 10259.2 10258.8 10258.8 10256.5 10253.1 10250 10246.2 10241 10231 10225.8 10224.4 10221.8 10216.3 10215.1 10212.1 10212.1 10211.3 10212.4 10214.8 10219.2 10227.2 10236.1 10245.3 10252.5 10252.6 10254.2 10256.9 10263.2 10276.8 10290.7 10297 10296.2 10299.4 10299.7
10296.1 10306.3 10320.4 10339.6 10344.3 10335.2 10330.9 10333 10330 10326.9 10323.2 10318 10314.9 10313.5 10311.3 10309.3 10306.6 10303.9 10301 10297.9 10294.1 10290.3 10285.3 10278.3 10270.6 10263 10258.4 10256 10256.2 10257.1 10257.6 10258.4 10258.6 10258.6 10257.7 10253.7 10249.8 10247.2 10245.6 10242.4 10238.1 10233.7 10228 10223.1 10219.5 10215 10213.8 10212.3 10210.8 10209.7 10210.7 10212.4 10214.2 10219.3 10224.5 10228.9 10231 10230.2 10232.3 10229.4 10239.5 10255.6 10267.6 10277.3 10287.1 10290.6 10293.2
10289.5 10291.7 10310.2 10333 10341.3 10335.4 10330.3 10329.8 10328.7 10326.1 10322.3 10318.5 10315.5 10312.6 10310.3 10307.9 10305.1 10302.3 10299.5 10296.8 10293.8 10291.1 10289.9 10279.4 10270.7 10263 10256.1 10256.2 10256.8 10257.5 10258 10258.6 10259.5 10259.7 10259.3 10255.5 10249 10245 10243.6 10240.4 10238.2 10236.7 10230.2 10223.2 10220.2 10217.9 10215.2 10212.7 10210 10207.4 10204 10205 10208.5 10212.9 10215.9 10217.4 10219 10220.4 10224.9 10222.3 10227.9 10243.3 10255.1 10261.2 10267.1 10278.1 10285.6
10288.6 10285.5 10299.5 10319.5 10331.6 10334.6 10333.8 10329.5 10327.5 10325.9 10324 10321 10316.4 10313 10309.5 10306.6 10303.5 10300.5 10297.7 10295.2 10292.2 10289.3 10285.3 10277.8 10271 10265 10262.4 10258.2 10257.6 10258 10258.7 10259.3 10259.8 10260.3 10261.3 10259.4 10251.9 10247.5 10244.5 10242.4 10239.5 10235.9 10232.5 10231.1 10224.7 10221.6 10217.2 10213.2 10210.4 10208.4 10206.8 10205.2 10206 10206.1 10208.4 10210.6 10214.9 10229.7 10232.7 10222.9 10226.8 10242.3 10257.5 10265.9 10262.2 10269.6 10274.4
10289.3 10286.5 10298.3 10318.8 10330.3 10331.8 10330 10327 10325.8 10325.4 10325 10324.4 10320.2 10313.5 10308.9 10305 10301.5 10298.8 10296 10293.5 10290 10286 10279.6 10275.2 10270.8 10265.5 10261.3 10258.7 10258.6 10259.4 10259.6 10259.8 10260 10259.7 10258.8 10256.3 10252.1 10248.5 10245.9 10243 10238.2 10235.2 10233.5 10228.9 10226.1 10220.6 10215.8 10212.7 10210.8 10209.7 10210.1 10207.2 10205 10203 10202.5 10204 10207.7 10221.3 10228.1 10225 10229.2 10248.6 10267.8 10279.4 10275 10271.1 10265.7
10290.7 10288.5 10303.8 10334.4 10336.9 10331 10318.6 10322 10324 10324.6 10324.6 10321.6 10319.4 10311 10306.5 10303.1 10300.1 10297.5 10294.8 10292.3 10289.1 10285.3 10281.3 10276.2 10271.1 10266 10261 10259.5 10259.6 10260.1 10261.1 10261.7 10261.4 10259.7 10255.9 10253 10250 10247.1 10246.7 10246.6 10239.9 10236.2 10236.5 10236.6 10228.1 10220.4 10215.4 10213.3 10211.1 10209.3 10208.7 10205.9 10203.1 10201.5 10200.4 10199.8 10200.7 10209.1 10221.3 10230.6 10237.6 10261.7 10279.6 10290.9 10290.4 10276.8 10264.2
10288.7 10288.3 10306.1 10337.5 10342.6 10337.2 10325.9 10324.2 10323.9 10323.5 10323 10320.8 10310.2 10305.7 10303.1 10300.4 10298.3 10296 10293.9 10291.4 10288.5 10284.9 10281 10276.1 10271.5 10267.7 10264.1 10262.4 10262 10262.5 10263.2 10263.8 10263.9 10262 10256.1 10253.7 10250.5 10245.3 10247.1 10247.9 10239.9 10237.9 10237.8 10235.9 10230 10223.8 10219.2 10215 10212 10208.4 10205 10203.7 10201.7 10200.2 10199.3 10199.9 10204.4 10213.6 10229.5 10249.9 10271.7 10280.1 10287.8 10303.2 10296.1 10277 10264.7
10287.3 10288.7 10303.4 10333.1 10344.8 10347.4 10340.1 10329.9 10324.9 10321.9 10319.4 10316.3 10307 10302.2 10300.2 10298.3 10296.8 10295.1 10293.6 10291.1 10288.4 10284.8 10279.5 10274.7 10273.8 10270.7 10267.3 10264.9 10264.2 10265.1 10265.6 10266.3 10267 10268.8 10268.3 10261.8 10254.7 10250 10249.4 10247.8 10246.9 10240.5 10237.9 10235.3 10231.6 10225.9 10220.5 10218 10214.3 10209.8 10205.7 10203.9 10202.2 10201.1 10200.3 10201.3 10206.1 10218.8 10236.3 10265.5 10294.3 10288.5 10278.4 10273 10272.7 10269.7 10265.2
10288.8 10295.3 10313.3 10328.6 10340.7 10346.8 10337.2 10330.3 10325 10320.1 10314.7 10307.9 10303.6 10299.9 10297.6 10296.4 10295.1 10293.9 10292.1 10290.8 10289.2 10287 10285.5 10284.9 10279.1 10274.8 10270 10266.3 10267.2 10267.9 10268 10268 10268.1 10270.9 10280.7 10266.7 10257.9 10253.4 10252.4 10251 10241.2 10239.9 10238.9 10237.1 10234.4 10231.7 10228.7 10224.1 10218.2 10213.5 10210.2 10206.3 10204.5 10203.2 10203 10204.5 10210.7 10228.8 10251.7 10267.6 10273.2 10268.8 10258.9 10246.9 10253.9 10263.5 10268.8
