real_craters/C116-1000m.grd
DSAA
42 42
-20.61 20.61
-20.61 20.61
3266.0844960301 4312.4670463555
4014.56 4014.09 4013.65 4010.58 4019.4 4050.46 4044.09 4046.22 4041.51 4042.01 4036.17 4017.56 3997.11 4004.19 4040.17 4073.54 4070.5 4054.37 4051.68 4055.99 4081.41 4069.09 4066.73 4056.1 4044.54 4036.93 4029.61 4023.17 4026.77 4032.09 4040.17 4044.21 4042.94 4039.28 4038.73 4032.14 4037.6 4039.88 4038.31 4046.2 4048.45 4053.79 
4002.75 3999.99 3999.74 3997.71 4001.46 4009.46 4016.45 4023.61 4032.17 4039.41 4044.92 4031.02 4013.63 4006.05 4032.65 4059.74 4071.43 4070.97 4071.34 4077.53 4085.37 4092.87 4074.06 4054.54 4033.49 4025.83 4036.18 4036.24 4032.37 4028.46 4045.71 4048.21 4040.37 4031.8 4036.48 4035.76 4039.55 4045.03 4046.24 4044.53 4042.97 4043.67 
3994.47 3999.02 4003.35 3983.4 4000.08 4001.76 4004.59 4023.25 4028.59 4031.95 4032.29 4029.92 4019.83 4007.65 4025.72 4045.5 4067.64 4077.36 4085.82 4097.45 4113.18 4102.06 4079.31 4059.4 4041.37 4035.98 4055.19 4063.47 4066.87 4077.48 4073.1 4063.97 4060.09 4053.55 4039.24 4038.74 4042.28 4043.21 4041.72 4039.21 4037.96 4042.7 
4003.62 4012.18 4017.56 3980.32 3994.2 3982.76 3989.59 4015.69 4029.35 4025.65 4020.1 4029.49 4025.74 4027.03 4020.07 4034.92 4074.76 4087.09 4091.24 4097.25 4103.6 4097.63 4079.03 4064.55 4056.44 4052.85 4057.32 4070.69 4092.99 4120.12 4095.63 4077.44 4066.02 4068.71 4060.29 4042.81 4036.84 4038.59 4035.86 4035.17 4044.42 4060.8 
4043.37 4033.61 4027.03 4011.49 3998.46 3994.73 3995.3 4002.33 4022.1 4020.71 4019.83 4028.98 4030.38 4038.59 4020.88 4015.75 4088.69 4088.53 4081.63 4077.7 4068.08 4082.54 4071.25 4060.2 4054.88 4050.69 4050.14 4066.85 4089.35 4100.12 4096.21 4081.91 4072.13 4080.83 4080.28 4047.62 4036.71 4040.25 4041.39 4047.13 4051.29 4063.54 
4018.85 4023.45 4018.66 4021.27 4019.14 4011.79 3998.44 4005.64 4007.24 4015.19 4019.6 4024.52 4038.38 4048.25 4051.07 4075.92 4084.27 4079.67 4067.61 4054.11 4045.04 4055.28 4051.18 4046.62 4039.01 4044.01 4045.11 4066.29 4087.78 4104.26 4096.89 4081.07 4071.53 4082.78 4087.63 4074.53 4069.84 4042.33 4044.49 4048.33 4050.62 4052.85 
3999.04 4016.75 4020.23 4015.72 4022.56 4020.23 4006.25 4015.43 4009.52 4021.28 4030.27 4039.96 4036.83 4067.04 4082.28 4105.05 4091.99 4071.98 4055.12 4036.38 4015.56 4020.19 4031.05 4035.9 4045.94 4052.58 4064.53 4075.88 4088.91 4096.11 4091.55 4076.05 4068.52 4079.99 4075.7 4085.85 4092.38 4056.68 4064.39 4082.83 4056.1 4037.43 
3975.42 4013.52 4021.05 4024.15 4021.13 4015.7 4024.78 4033.86 4044.17 4044.88 4048.05 4068.43 4132.25 4103.64 4081.36 4079.47 4081.95 4065.15 4053.47 4038.85 4018.84 4015 4025.09 4028.79 4033.33 4057.91 4076.09 4083.55 4089.59 4095.42 4089.74 4074.03 4065.22 4078.13 4072.25 4081.75 4101.95 4108.31 4103.18 4103.28 4060.69 4085.05 
3985 3994.89 4013.07 4022.15 4022.55 4019.62 4039.78 4054.95 4080.44 4066.52 4057.96 4073.44 4104.23 4075.08 4057.95 4061.34 4064.66 4062.17 4063.27 4058.1 4048.44 4048.5 4041.36 4039.79 4039.27 4065.65 4085.01 4086.96 4088 4085.6 4079.51 4075.71 4074.49 4076.09 4075.76 4091.32 4101.06 4105.86 4110.91 4115.03 4079.74 4055.07 
3999.8 3999.51 4009.12 4027.17 4029.46 4035.88 4035.69 4048.22 4062.21 4064.12 4064.82 4063.85 4060.75 4055.61 4048.33 4052.63 4062.37 4073.29 4083.83 4079.83 4067.98 4060.39 4076.73 4081.58 4083.85 4080.66 4087.03 4091.67 4087.39 4076.96 4065.83 4063.73 4069.4 4070.37 4080.36 4084.27 4098.32 4102.38 4100.14 4102.46 4084.64 4065.19 
4017.29 4014.68 4027.82 4038.56 4052.84 4049.12 4039.11 4044.84 4057.14 4062.18 4068.3 4076.13 4076.67 4059.86 4066.61 4087.71 4087.91 4120.54 4148.28 4144.51 4138.86 4146.4 4145.83 4133.85 4122.26 4110.11 4104.36 4102.42 4092.8 4079.93 4068.79 4062.6 4066.35 4073.45 4074.49 4080.35 4090.48 4090.77 4087.9 4079.73 4073.74 4075.12 
4019.53 4017.33 4027.81 4035.39 4066.39 4060.48 4043.29 4039.77 4045.92 4053.67 4059.22 4066.77 4071.53 4079.96 4097.35 4142.3 4209.8 4253.06 4248.15 4265.74 4247.03 4266.69 4255.59 4228.79 4201.65 4173.18 4145.13 4123.55 4102.53 4084.44 4067.75 4060.06 4056.89 4067.5 4068.35 4075.48 4078.6 4089.72 4077.05 4073.69 4086.69 4080.1 
4014.01 4043.43 4046.85 4045.76 4052.38 4057.29 4061.56 4033.1 4041.09 4043.11 4046.76 4055.16 4070.85 4134.11 4140.26 4207.14 4288.64 4285.18 4269.31 4306.13 4264.68 4267.54 4251.82 4298.66 4287.49 4222.34 4186.43 4142.68 4107.15 4089.2 4079.42 4085.74 4060.42 4060.52 4068.63 4070.73 4073.74 4070.98 4059.73 4054.29 4055.27 4064.94 
4022.84 4047.36 4055.09 4055.12 4038.15 4043.79 4040.32 4033.7 4036.08 4040.52 4040.8 4043.8 4084.48 4142.77 4192.05 4274.89 4312.47 4264.28 4144.54 4136.48 4068.74 4071.88 4116.23 4145.98 4210.75 4264 4191.84 4130.3 4103.91 4100.51 4093.15 4080.11 4071.95 4071.85 4076.79 4083.06 4077.17 4070.86 4057 4052.97 4055.64 4061.99 
4011.13 4023.41 4039.82 4055.82 4054.45 4036.56 4019.89 4025.13 4027.26 4043.81 4046.72 4059 4103.38 4134.58 4293.76 4271.08 4193.37 4051.19 3872.11 3792.82 3775.61 3771.4 3819.3 3829.22 3973.44 4092.34 4077.62 4074.75 4077.77 4093.56 4103.86 4094.7 4081.03 4081.17 4086.76 4090.75 4066.18 4063.59 4064.24 4067.08 4068.68 4067.05 
4003.89 4016.49 4035.96 4054.46 4061.69 4041.62 4031.17 4029.16 4024.46 4035.94 4059.11 4074.37 4100.65 4200.3 4290.54 4153.29 3972.8 3737.37 3582.9 3494.39 3507.06 3486.32 3516.06 3627.47 3723.14 3801.03 3903.02 3974.13 4028.45 4073.35 4104.65 4100.88 4084.91 4097.62 4123.44 4070.01 4054.03 4060.15 4066.59 4067.37 4062.78 4069.03 
4003.76 4017.23 4043.84 4096.04 4073.85 4046.02 4022.82 4031.07 4029.1 4047.28 4067.42 4096.3 4140.53 4233 4160.38 3979.45 3779.69 3586.24 3419.58 3371.56 3361.44 3348.72 3402.34 3443.28 3490.89 3581.53 3735.81 3870.08 3980.4 4061.66 4116 4115.61 4089.36 4097.58 4120.78 4120.11 4090.35 4088.24 4085.64 4085.24 4080.36 4068.59 
4018.24 4017 4035.96 4082.71 4072.62 4049.89 4024.76 4021.05 4025.32 4037.71 4058.68 4100.83 4157.59 4134.88 3976.13 3839.35 3638.83 3413.64 3320.88 3308.96 3312.81 3303.26 3280.75 3301.68 3326.87 3428.21 3618.42 3794.36 3944.09 4062.54 4133.97 4124.66 4101.84 4105.64 4117.13 4107.09 4091.06 4097.85 4100.7 4096.81 4103.11 4099.31 
4027.19 4014.99 4007.27 4048.91 4041.85 4037.29 4027.97 4013.12 4022.29 4029.27 4064.2 4131.7 4214.9 4038.22 3951.72 3785.76 3568.74 3357.68 3274.65 3275.26 3321.41 3352.4 3340.85 3290.34 3286.25 3389.23 3569.24 3755.86 3932.02 4081.17 4180.87 4125.15 4099.92 4095.89 4092.9 4097.11 4112.92 4110.86 4107.2 4109.04 4110.22 4114.41 
4034.64 4026.67 4023.56 4024.62 4032.24 4019.5 4016.53 4022.52 4039.03 4046.56 4078.25 4170.4 4295.24 4030.55 3913.04 3720.88 3519.48 3344.85 3268.6 3295.38 3356.23 3418.09 3427.56 3306.02 3276.75 3375.64 3549.91 3740.59 3928.14 4099.34 4236.08 4160.04 4116.18 4112.67 4105.39 4105.14 4104.12 4090.62 4095.03 4085.54 4083.94 4118.11 
4039.66 4032.94 4038.04 4038.51 4038.41 4044.33 4032.19 4040.09 4055.98 4065.8 4102.44 4189.15 4302.07 4011.99 3772.32 3642.34 3498.68 3348.46 3266.08 3322.56 3372.39 3428.23 3447.81 3330.81 3305.76 3407.9 3573.73 3759.12 3943.78 4109.66 4208.74 4190.74 4138.8 4137.13 4140.77 4118.47 4105.08 4093.96 4076.42 4067.24 4069.94 4066.39 
4027.64 4027.8 4033.81 4050.62 4051.1 4058.28 4058.9 4056.33 4054.95 4090.67 4102.62 4182.67 4271.14 4091.76 3742.2 3619.62 3507.11 3408.8 3345.44 3322.36 3343.36 3370.38 3389.56 3305.79 3354.37 3456.42 3616.46 3792.98 3967.76 4110.82 4179.77 4168.12 4162.74 4154.31 4144.19 4121.23 4111.93 4117.76 4082.61 4072.29 4078.27 4090.54 
4030.29 4019.54 4035.3 4051.1 4055.89 4073.62 4071.81 4064.17 4052.88 4084 4077.82 4157.33 4249.94 4273.28 3818.97 3653.5 3550.43 3465.19 3345.6 3290.24 3301.38 3299.79 3287.93 3314.78 3364.67 3518.3 3680.5 3846.43 4001.56 4125.61 4170.24 4148.32 4150.13 4159.52 4154.86 4094.05 4073.33 4079.65 4073.67 4064.59 4070.59 4083.46 
4002.61 4007.28 4019.99 4026.1 4059.48 4079.73 4073.67 4055.45 4045.94 4102.88 4091.32 4136.9 4212.26 4283.92 4039.25 3746.16 3641.11 3531.36 3398.8 3311.2 3297.09 3291.29 3300.53 3441.08 3480.95 3613.29 3766.2 3905.3 4033.47 4139.64 4153.67 4120.35 4139.11 4153.37 4148.4 4121.39 4096.17 4072.56 4053.06 4053.51 4060.35 4073.22 
4003.5 3998.35 4002.56 4001.46 4040.66 4078.5 4074 4071.07 4062.25 4074.29 4106.13 4124.38 4176.86 4247.76 4210.39 3938.66 3794.35 3624.46 3540.19 3395.05 3359.99 3334.96 3367.72 3522.83 3632.69 3742.3 3849.92 3959.17 4059.24 4136.41 4128.23 4106.5 4125.5 4140.02 4140.57 4129.24 4117.85 4102.03 4082.46 4079.67 4072.32 4074.95 
3987.35 3992.36 4014.14 4035.74 4059.86 4062.42 4055.2 4061.73 4077.18 4051.16 4053.17 4098.21 4145.6 4192.61 4249.43 4241.7 3967.2 3714.63 3504.95 3457.7 3470.79 3482.77 3541.49 3696.62 3807.98 3881.76 3956.69 4024.94 4086.78 4127.89 4110.83 4094.79 4120.21 4120.23 4122.98 4125.93 4138.97 4109.01 4080.72 4070.82 4058.91 4054.9 
3974.37 3982.58 4004.81 4081.38 4040.84 4056.81 4053.25 4052.78 4058.68 4045.43 4034.42 4083.59 4151.59 4176.47 4186.44 4246.64 4096.85 3876.52 3721.15 3631.1 3614.39 3669.53 3781.94 3924.46 3984.24 4023.8 4057.82 4094.33 4120.37 4125.17 4105.01 4085.49 4104.86 4109.62 4115.22 4121.68 4122.09 4092.82 4053.19 4048.18 4052.88 4060.12 
3957.56 3962.25 3964.69 4033.32 4054.68 4059.59 4072.9 4069.94 4084.59 4058.28 4041.37 4070.03 4116.87 4143.97 4186.59 4230.55 4197.72 4081.51 3925.34 3769.67 3772.86 3800.11 3896.89 4024.91 4122.16 4145.61 4155.54 4153.96 4160.88 4153.06 4115.74 4088.32 4089.32 4096.75 4097.9 4103.29 4106.02 4092.63 4070.47 4057.68 4061.52 4067.58 
3971.01 3966.72 3990.61 4016.25 4045.58 4052.19 4068.55 4084.21 4097.03 4057.42 4050.87 4054.78 4095.95 4093.46 4142.53 4226.01 4244.31 4256.71 4178.04 3996.8 3974.51 3957.6 4018.13 4085.86 4241.66 4202.79 4186.43 4185.81 4189.13 4190.67 4134.21 4104.42 4086.84 4078.03 4076.66 4085.04 4106.71 4110.87 4095.15 4078.89 4067.3 4064.9 
3957.01 3969.6 3985.42 4007.29 4051.78 4036.65 4049.28 4069.03 4083.3 4075.98 4056.91 4058.13 4068.06 4056.61 4068.98 4170.47 4209.09 4173.04 4231.57 4233.38 4192.59 4221.98 4181.61 4257.33 4220.3 4198.98 4181.81 4173.77 4175.8 4156.67 4114.1 4124.1 4103.56 4086.78 4081.14 4081.98 4093.71 4098.12 4104.46 4095.76 4069.25 4064.72 
3939.42 3989.76 3997.18 4011.95 4029.03 4019.62 4032.76 4028.19 4041.26 4052.35 4049.5 4059.13 4054.92 4053.41 4062.86 4068.75 4117.54 4142.06 4196.94 4226.36 4225.11 4245.3 4225.95 4175.09 4148.74 4141.16 4140.98 4136.06 4128.53 4125.75 4127.92 4130.57 4123.59 4114.16 4088.54 4077.97 4078.92 4084.43 4082.75 4101.46 4052.97 4041.43 
3952.64 3968.37 3994.32 4012.01 4022.82 4003.27 4015.25 3997.16 4004.05 4033.99 4041.55 4051.05 4052.87 4051.42 4062.67 4053.85 4067.66 4094.9 4133.19 4132.8 4140.64 4159.05 4212.26 4208 4112.29 4099.6 4103.13 4102.06 4083.96 4069.33 4067.84 4079.97 4109.97 4120.9 4079.08 4065.25 4067.83 4077.43 4070.65 4065.88 4058.49 4049.49 
3949.65 3978.84 3985.7 3991.77 4002.8 4008.75 3992.92 3987.79 4003.95 4014.38 4014.71 4003.09 4003.39 4028.41 4042.15 4046.84 4061.49 4084.55 4098.79 4093.04 4096.86 4129.44 4143.74 4120.74 4082.2 4082.22 4084.41 4084.46 4082.7 4067.41 4043.15 4048.94 4072.05 4076.3 4050.3 4048.81 4055.25 4061.9 4068.7 4055.74 4053.34 4055.73 
3943.72 3959.93 3959.54 3966.92 4000.45 3980.1 3983.15 3987.69 3988.28 3990.4 3984.81 3983.5 3994.2 4016.06 4035.96 4056.96 4069.52 4085.9 4097.54 4102.75 4095.75 4111.88 4124.81 4106.41 4087.59 4090.2 4083.9 4077.9 4071.85 4063.04 4047.36 4041.04 4040.57 4033.13 4034.75 4036.03 4043.58 4053.82 4070.91 4074.18 4045.04 4049.24 
3945.5 3947.46 3954.34 3963.37 3974 3970.51 3968.84 3972 3972.3 3980.05 3997.53 3976.32 3989.1 4020.26 4051.01 4063.31 4082.15 4085.42 4091.93 4098.53 4080.28 4089.89 4117.24 4110.53 4103.34 4099.89 4088.99 4074.22 4058.28 4057.95 4041.68 4039 4042.72 4027.26 4021.55 4028.56 4034.09 4040.64 4048.85 4034.21 4031.52 4039.5 
3995.93 3985.89 3977.86 3982.29 3966.41 3955.83 3958.76 3963.73 3974.29 3996.63 3981.62 3985 4000.78 4028.33 4059.72 4082.43 4080.71 4080.62 4073.97 4057.61 4061.29 4077.78 4077.49 4093.34 4110.89 4109.08 4089.86 4067.64 4063.42 4052.01 4037.56 4037.25 4029.8 4027.4 4026.38 4025.17 4024.33 4026.11 4033.06 4038.57 4017.23 4020.1 
3974.98 3979.84 3987.6 3996.03 3977.56 3966.35 3975.09 4002.62 3979.71 3993.7 3974.92 4002.12 4009.35 4029.96 4054.71 4076.24 4076.61 4079.31 4068.87 4053.83 4050.57 4066.8 4084.89 4086.95 4104.88 4112.32 4094.12 4061.26 4037.09 4062.81 4046.7 4054.75 4049.75 4036.42 4029.17 4020.9 4013.68 4007.6 4010.03 4019.75 4009.25 4008.37 
3963.03 3977.16 3989.78 3973.57 3965.41 3970.35 3983.09 3955.62 3942.39 3999.22 3996.1 4018.63 4013.8 4031.73 4054.28 4075.18 4089.37 4088.66 4071.92 4054.05 4057.81 4061.05 4065.91 4065.47 4063.7 4120.4 4098.11 4066.92 4045.01 4046.32 4053.39 4088.79 4105.4 4052.11 4021.04 4013.12 4003.41 3997.77 3997.32 3999.21 4000.43 3998.71 
3960.04 3980.12 3983.61 3979.63 3970.68 3965.27 3948.05 3943.18 3944.65 3983.6 4008.3 4022.23 4018.81 4038.24 4062.98 4097.03 4130.68 4099.92 4071.16 4048.32 4043.12 4059.78 4065.55 4051.99 4040.83 4097.02 4087.18 4065.03 4040.96 4013.6 4030.18 4060.91 4073.2 4021.46 4002.88 4004.1 3997.12 3993.44 4001.55 3999.73 3994.21 3993.94 
3952.11 3985.64 3992.46 3982.5 3962.36 3950.03 3941.25 3936.75 3965.49 3994.93 4016.24 4022.24 4026.49 4041.38 4063.77 4098.28 4108.22 4094.26 4066.95 4040.52 4039.14 4052.31 4058.67 4047.87 4050.55 4076.92 4063.28 4032.63 4017.61 4008.68 4010.51 4014.48 4009.69 4005.13 4000.65 3996.74 3994 3991.8 3995.41 3993.98 3997.05 3991.22 
3931.56 3940.44 3952.56 3943.78 3935.23 3920.6 3929.03 3937.21 3956.41 4011.42 4027.4 4040.15 4034.65 4030.86 4048.89 4051.94 4085.06 4084.22 4051.44 4033.53 4028.31 4032.88 4033.36 4042.6 4053.89 4057.41 4038.66 4012.74 4010.34 4007.25 4004.66 4008.04 4005.82 4002.24 3995.45 3992.49 3989.88 3987.05 3981.76 3985.56 3984.42 3987.5 
3920.37 3917.66 3932.1 3933.59 3923.07 3913.63 3943.66 3940.18 3955.48 4002.4 4021.93 4042.7 4017.2 4017.27 4047.85 4072.92 4078.12 4029.41 4033.34 4030.41 4024.42 4028.04 4028.82 4037.32 4041.85 4037.14 4023.93 4005.15 4006.12 4004.07 4002.42 4010.5 4006.11 3995.86 3991.55 3987.91 3985.26 3979.21 3979.19 4001.48 3996.24 3977.2 
