real_craters/C116-750m.grd
DSAA
97 97
-36.0675 36.0675
-36.0675 36.0675
8975.3441450021 11442.191980588
[rows 52 to 77 of 97, columns 0 to 58 of 97]
1.028e+004 1.027e+004 1.027e+004 1.027e+004 1.027e+004 1.027e+004 1.026e+004 1.026e+004 1.026e+004 1.026e+004 1.026e+004 1.027e+004 1.027e+004 1.027e+004 1.027e+004 1.027e+004 1.027e+004 1.027e+004 1.028e+004 1.028e+004 1.027e+004 1.027e+004 1.028e+004 1.028e+004 1.029e+004 1.029e+004 1.031e+004 1.031e+004 1.03e+004 1.029e+004 1.031e+004 1.031e+004 1.031e+004 1.036e+004 1.041e+004 1.044e+004 1.054e+004 1.049e+004 1.02e+004 9915 9689 9496 9352 9250 9169 9102 9069 9070 9068 9061 9047 9034 9033 9049 9126 9244 9363 9503 9749
1.028e+004 1.027e+004 1.027e+004 1.027e+004 1.027e+004 1.027e+004 1.027e+004 1.026e+004 1.026e+004 1.027e+004 1.027e+004 1.027e+004 1.027e+004 1.027e+004 1.027e+004 1.028e+004 1.028e+004 1.028e+004 1.028e+004 1.028e+004 1.029e+004 1.029e+004 1.029e+004 1.029e+004 1.03e+004 1.03e+004 1.03e+004 1.031e+004 1.031e+004 1.031e+004 1.032e+004 1.033e+004 1.033e+004 1.035e+004 1.037e+004 1.04e+004 1.065e+004 1.066e+004 1.038e+004 1.007e+004 9826 9621 9473 9352 9242 9146 9098 9088 9074 9061 9050 9062 9072 9122 9236 9360 9506 9661 9858
1.028e+004 1.028e+004 1.027e+004 1.027e+004 1.027e+004 1.028e+004 1.027e+004 1.027e+004 1.027e+004 1.027e+004 1.027e+004 1.027e+004 1.027e+004 1.027e+004 1.027e+004 1.027e+004 1.028e+004 1.028e+004 1.028e+004 1.029e+004 1.03e+004 1.031e+004 1.031e+004 1.03e+004 1.03e+004 1.03e+004 1.03e+004 1.032e+004 1.032e+004 1.032e+004 1.034e+004 1.035e+004 1.035e+004 1.036e+004 1.038e+004 1.046e+004 1.069e+004 1.075e+004 1.05e+004 1.021e+004 9976 9768 9608 9476 9344 9210 9141 9118 9085 9100 9097 9152 9186 9259 9397 9535 9702 9891 1.006e+004
1.028e+004 1.028e+004 1.028e+004 1.028e+004 1.028e+004 1.028e+004 1.027e+004 1.027e+004 1.028e+004 1.027e+004 1.028e+004 1.028e+004 1.028e+004 1.028e+004 1.028e+004 1.028e+004 1.028e+004 1.028e+004 1.029e+004 1.029e+004 1.03e+004 1.031e+004 1.031e+004 1.031e+004 1.031e+004 1.031e+004 1.031e+004 1.032e+004 1.032e+004 1.032e+004 1.035e+004 1.036e+004 1.037e+004 1.036e+004 1.038e+004 1.043e+004 1.056e+004 1.067e+004 1.055e+004 1.039e+004 1.013e+004 9904 9765 9631 9495 9356 9259 9207 9169 9239 9286 9316 9377 9477 9642 9773 9928 1.009e+004 1.03e+004
1.029e+004 1.028e+004 1.028e+004 1.028e+004 1.028e+004 1.028e+004 1.028e+004 1.028e+004 1.028e+004 1.028e+004 1.028e+004 1.028e+004 1.028e+004 1.028e+004 1.028e+004 1.028e+004 1.028e+004 1.029e+004 1.029e+004 1.03e+004 1.03e+004 1.031e+004 1.031e+004 1.031e+004 1.031e+004 1.031e+004 1.031e+004 1.031e+004 1.031e+004 1.031e+004 1.034e+004 1.036e+004 1.037e+004 1.037e+004 1.037e+004 1.04e+004 1.047e+004 1.05e+004 1.056e+004 1.054e+004 1.032e+004 1.01e+004 9958 9824 9690 9564 9457 9384 9340 9392 9436 9517 9617 9745 9858 1.001e+004 1.015e+004 1.027e+004 1.036e+004
1.028e+004 1.028e+004 1.028e+004 1.028e+004 1.028e+004 1.028e+004 1.029e+004 1.028e+004 1.028e+004 1.028e+004 1.028e+004 1.028e+004 1.028e+004 1.028e+004 1.028e+004 1.028e+004 1.028e+004 1.029e+004 1.029e+004 1.03e+004 1.03e+004 1.031e+004 1.031e+004 1.031e+004 1.031e+004 1.031e+004 1.031e+004 1.03e+004 1.031e+004 1.033e+004 1.033e+004 1.035e+004 1.035e+004 1.036e+004 1.036e+004 1.038e+004 1.041e+004 1.049e+004 1.058e+004 1.066e+004 1.054e+004 1.034e+004 1.017e+004 1.003e+004 9903 9778 9690 9630 9577 9613 9644 9741 9857 9975 1.01e+004 1.02e+004 1.029e+004 1.039e+004 1.046e+004
1.028e+004 1.029e+004 1.029e+004 1.028e+004 1.029e+004 1.029e+004 1.029e+004 1.028e+004 1.029e+004 1.029e+004 1.029e+004 1.029e+004 1.029e+004 1.028e+004 1.028e+004 1.028e+004 1.028e+004 1.029e+004 1.029e+004 1.03e+004 1.03e+004 1.031e+004 1.032e+004 1.032e+004 1.032e+004 1.032e+004 1.031e+004 1.03e+004 1.029e+004 1.033e+004 1.033e+004 1.032e+004 1.033e+004 1.035e+004 1.035e+004 1.036e+004 1.038e+004 1.042e+004 1.054e+004 1.069e+004 1.073e+004 1.051e+004 1.035e+004 1.023e+004 1.012e+004 1.004e+004 9946 9864 9840 9877 9920 1e+004 1.01e+004 1.022e+004 1.029e+004 1.041e+004 1.051e+004 1.047e+004 1.038e+004
1.029e+004 1.029e+004 1.029e+004 1.029e+004 1.029e+004 1.03e+004 1.029e+004 1.029e+004 1.029e+004 1.029e+004 1.029e+004 1.029e+004 1.029e+004 1.029e+004 1.029e+004 1.028e+004 1.028e+004 1.029e+004 1.029e+004 1.03e+004 1.031e+004 1.031e+004 1.031e+004 1.032e+004 1.032e+004 1.032e+004 1.031e+004 1.029e+004 1.029e+004 1.031e+004 1.032e+004 1.031e+004 1.032e+004 1.033e+004 1.033e+004 1.034e+004 1.034e+004 1.037e+004 1.046e+004 1.058e+004 1.06e+004 1.054e+004 1.044e+004 1.038e+004 1.033e+004 1.027e+004 1.022e+004 1.018e+004 1.016e+004 1.021e+004 1.024e+004 1.026e+004 1.032e+004 1.038e+004 1.043e+004 1.054e+004 1.065e+004 1.045e+004 1.033e+004
1.03e+004 1.03e+004 1.029e+004 1.029e+004 1.03e+004 1.03e+004 1.03e+004 1.03e+004 1.03e+004 1.029e+004 1.029e+004 1.029e+004 1.03e+004 1.03e+004 1.029e+004 1.028e+004 1.028e+004 1.029e+004 1.029e+004 1.03e+004 1.031e+004 1.031e+004 1.031e+004 1.032e+004 1.033e+004 1.033e+004 1.032e+004 1.03e+004 1.03e+004 1.031e+004 1.031e+004 1.031e+004 1.031e+004 1.032e+004 1.032e+004 1.033e+004 1.033e+004 1.032e+004 1.035e+004 1.043e+004 1.048e+004 1.047e+004 1.046e+004 1.047e+004 1.053e+004 1.054e+004 1.046e+004 1.042e+004 1.046e+004 1.05e+004 1.047e+004 1.046e+004 1.047e+004 1.052e+004 1.054e+004 1.049e+004 1.041e+004 1.036e+004 1.029e+004
1.031e+004 1.031e+004 1.031e+004 1.03e+004 1.029e+004 1.03e+004 1.031e+004 1.03e+004 1.03e+004 1.03e+004 1.03e+004 1.03e+004 1.03e+004 1.03e+004 1.029e+004 1.028e+004 1.028e+004 1.029e+004 1.03e+004 1.03e+004 1.031e+004 1.032e+004 1.034e+004 1.034e+004 1.034e+004 1.034e+004 1.033e+004 1.031e+004 1.03e+004 1.032e+004 1.031e+004 1.031e+004 1.03e+004 1.03e+004 1.031e+004 1.031e+004 1.031e+004 1.03e+004 1.03e+004 1.031e+004 1.035e+004 1.04e+004 1.043e+004 1.048e+004 1.057e+004 1.06e+004 1.058e+004 1.056e+004 1.055e+004 1.056e+004 1.059e+004 1.058e+004 1.054e+004 1.051e+004 1.045e+004 1.04e+004 1.038e+004 1.035e+004 1.031e+004
1.031e+004 1.031e+004 1.031e+004 1.03e+004 1.031e+004 1.03e+004 1.03e+004 1.03e+004 1.03e+004 1.03e+004 1.03e+004 1.03e+004 1.03e+004 1.03e+004 1.029e+004 1.028e+004 1.028e+004 1.029e+004 1.03e+004 1.031e+004 1.032e+004 1.033e+004 1.034e+004 1.034e+004 1.034e+004 1.033e+004 1.032e+004 1.031e+004 1.031e+004 1.031e+004 1.03e+004 1.03e+004 1.03e+004 1.029e+004 1.029e+004 1.028e+004 1.029e+004 1.029e+004 1.027e+004 1.027e+004 1.027e+004 1.033e+004 1.037e+004 1.042e+004 1.045e+004 1.051e+004 1.057e+004 1.069e+004 1.057e+004 1.057e+004 1.061e+004 1.061e+004 1.051e+004 1.043e+004 1.037e+004 1.037e+004 1.039e+004 1.037e+004 1.031e+004
1.032e+004 1.032e+004 1.031e+004 1.031e+004 1.031e+004 1.03e+004 1.03e+004 1.03e+004 1.031e+004 1.03e+004 1.03e+004 1.03e+004 1.03e+004 1.029e+004 1.029e+004 1.029e+004 1.029e+004 1.029e+004 1.03e+004 1.03e+004 1.031e+004 1.032e+004 1.034e+004 1.034e+004 1.034e+004 1.034e+004 1.032e+004 1.032e+004 1.031e+004 1.029e+004 1.029e+004 1.029e+004 1.029e+004 1.029e+004 1.028e+004 1.027e+004 1.028e+004 1.028e+004 1.029e+004 1.026e+004 1.024e+004 1.028e+004 1.033e+004 1.037e+004 1.039e+004 1.042e+004 1.043e+004 1.046e+004 1.048e+004 1.049e+004 1.047e+004 1.044e+004 1.042e+004 1.038e+004 1.035e+004 1.037e+004 1.038e+004 1.035e+004 1.03e+004
1.032e+004 1.032e+004 1.031e+004 1.031e+004 1.031e+004 1.032e+004 1.03e+004 1.032e+004 1.034e+004 1.034e+004 1.033e+004 1.032e+004 1.031e+004 1.03e+004 1.03e+004 1.029e+004 1.029e+004 1.029e+004 1.029e+004 1.03e+004 1.031e+004 1.032e+004 1.033e+004 1.035e+004 1.033e+004 1.032e+004 1.032e+004 1.032e+004 1.03e+004 1.029e+004 1.031e+004 1.03e+004 1.029e+004 1.028e+004 1.028e+004 1.028e+004 1.027e+004 1.027e+004 1.027e+004 1.027e+004 1.025e+004 1.027e+004 1.03e+004 1.034e+004 1.037e+004 1.037e+004 1.035e+004 1.035e+004 1.033e+004 1.035e+004 1.035e+004 1.033e+004 1.034e+004 1.034e+004 1.035e+004 1.036e+004 1.033e+004 1.03e+004 1.031e+004
1.03e+004 1.032e+004 1.032e+004 1.031e+004 1.033e+004 1.035e+004 1.026e+004 1.035e+004 1.035e+004 1.034e+004 1.033e+004 1.032e+004 1.031e+004 1.03e+004 1.03e+004 1.029e+004 1.029e+004 1.029e+004 1.029e+004 1.03e+004 1.03e+004 1.03e+004 1.031e+004 1.031e+004 1.032e+004 1.033e+004 1.032e+004 1.031e+004 1.03e+004 1.03e+004 1.029e+004 1.029e+004 1.029e+004 1.028e+004 1.028e+004 1.027e+004 1.027e+004 1.028e+004 1.027e+004 1.026e+004 1.025e+004 1.026e+004 1.028e+004 1.031e+004 1.033e+004 1.033e+004 1.031e+004 1.031e+004 1.032e+004 1.032e+004 1.031e+004 1.03e+004 1.031e+004 1.032e+004 1.032e+004 1.03e+004 1.03e+004 1.029e+004 1.028e+004
1.03e+004 1.034e+004 1.032e+004 1.03e+004 1.032e+004 1.038e+004 1.023e+004 1.035e+004 1.034e+004 1.033e+004 1.033e+004 1.032e+004 1.031e+004 1.03e+004 1.03e+004 1.029e+004 1.029e+004 1.029e+004 1.029e+004 1.029e+004 1.029e+004 1.029e+004 1.028e+004 1.028e+004 1.029e+004 1.03e+004 1.03e+004 1.031e+004 1.03e+004 1.03e+004 1.029e+004 1.029e+004 1.029e+004 1.029e+004 1.028e+004 1.028e+004 1.027e+004 1.025e+004 1.026e+004 1.025e+004 1.025e+004 1.026e+004 1.027e+004 1.029e+004 1.03e+004 1.031e+004 1.031e+004 1.031e+004 1.031e+004 1.033e+004 1.031e+004 1.03e+004 1.03e+004 1.03e+004 1.03e+004 1.03e+004 1.031e+004 1.031e+004 1.03e+004
1.033e+004 1.034e+004 1.033e+004 1.032e+004 1.032e+004 1.033e+004 1.032e+004 1.031e+004 1.033e+004 1.033e+004 1.033e+004 1.032e+004 1.031e+004 1.03e+004 1.03e+004 1.029e+004 1.029e+004 1.029e+004 1.029e+004 1.028e+004 1.028e+004 1.028e+004 1.027e+004 1.027e+004 1.026e+004 1.028e+004 1.029e+004 1.029e+004 1.03e+004 1.029e+004 1.029e+004 1.029e+004 1.029e+004 1.029e+004 1.029e+004 1.028e+004 1.027e+004 1.027e+004 1.026e+004 1.027e+004 1.026e+004 1.026e+004 1.027e+004 1.027e+004 1.028e+004 1.031e+004 1.032e+004 1.032e+004 1.033e+004 1.034e+004 1.031e+004 1.03e+004 1.03e+004 1.03e+004 1.031e+004 1.031e+004 1.031e+004 1.03e+004 1.029e+004
1.035e+004 1.035e+004 1.033e+004 1.033e+004 1.032e+004 1.032e+004 1.031e+004 1.031e+004 1.031e+004 1.031e+004 1.031e+004 1.031e+004 1.031e+004 1.03e+004 1.029e+004 1.029e+004 1.029e+004 1.029e+004 1.028e+004 1.028e+004 1.028e+004 1.027e+004 1.026e+004 1.026e+004 1.026e+004 1.027e+004 1.027e+004 1.027e+004 1.028e+004 1.027e+004 1.027e+004 1.028e+004 1.029e+004 1.03e+004 1.032e+004 1.031e+004 1.029e+004 1.027e+004 1.027e+004 1.028e+004 1.028e+004 1.029e+004 1.029e+004 1.029e+004 1.03e+004 1.032e+004 1.034e+004 1.032e+004 1.03e+004 1.031e+004 1.031e+004 1.03e+004 1.03e+004 1.031e+004 1.032e+004 1.031e+004 1.03e+004 1.028e+004 1.028e+004
1.035e+004 1.034e+004 1.033e+004 1.033e+004 1.032e+004 1.031e+004 1.031e+004 1.031e+004 1.031e+004 1.031e+004 1.031e+004 1.03e+004 1.03e+004 1.029e+004 1.029e+004 1.029e+004 1.029e+004 1.029e+004 1.028e+004 1.028e+004 1.027e+004 1.027e+004 1.026e+004 1.026e+004 1.027e+004 1.026e+004 1.026e+004 1.025e+004 1.028e+004 1.027e+004 1.026e+004 1.027e+004 1.028e+004 1.03e+004 1.031e+004 1.031e+004 1.029e+004 1.027e+004 1.027e+004 1.028e+004 1.03e+004 1.031e+004 1.03e+004 1.03e+004 1.031e+004 1.031e+004 1.032e+004 1.032e+004 1.031e+004 1.031e+004 1.033e+004 1.034e+004 1.034e+004 1.033e+004 1.032e+004 1.03e+004 1.029e+004 1.028e+004 1.029e+004
1.038e+004 1.036e+004 1.034e+004 1.033e+004 1.032e+004 1.032e+004 1.032e+004 1.032e+004 1.031e+004 1.031e+004 1.031e+004 1.03e+004 1.03e+004 1.029e+004 1.028e+004 1.029e+004 1.028e+004 1.028e+004 1.028e+004 1.027e+004 1.027e+004 1.027e+004 1.026e+004 1.027e+004 1.026e+004 1.026e+004 1.025e+004 1.024e+004 1.024e+004 1.024e+004 1.024e+004 1.025e+004 1.027e+004 1.028e+004 1.029e+004 1.03e+004 1.029e+004 1.028e+004 1.028e+004 1.029e+004 1.03e+004 1.029e+004 1.03e+004 1.03e+004 1.03e+004 1.03e+004 1.031e+004 1.033e+004 1.033e+004 1.034e+004 1.036e+004 1.036e+004 1.035e+004 1.034e+004 1.032e+004 1.03e+004 1.03e+004 1.03e+004 1.03e+004
1.029e+004 1.035e+004 1.033e+004 1.032e+004 1.033e+004 1.033e+004 1.033e+004 1.032e+004 1.032e+004 1.031e+004 1.031e+004 1.03e+004 1.03e+004 1.03e+004 1.029e+004 1.029e+004 1.028e+004 1.027e+004 1.027e+004 1.027e+004 1.027e+004 1.026e+004 1.026e+004 1.026e+004 1.026e+004 1.026e+004 1.025e+004 1.024e+004 1.023e+004 1.023e+004 1.023e+004 1.024e+004 1.025e+004 1.027e+004 1.03e+004 1.029e+004 1.029e+004 1.029e+004 1.029e+004 1.028e+004 1.03e+004 1.032e+004 1.032e+004 1.031e+004 1.031e+004 1.031e+004 1.032e+004 1.034e+004 1.036e+004 1.042e+004 1.038e+004 1.036e+004 1.04e+004 1.036e+004 1.032e+004 1.03e+004 1.03e+004 1.031e+004 1.031e+004
1.032e+004 1.032e+004 1.032e+004 1.032e+004 1.034e+004 1.033e+004 1.033e+004 1.032e+004 1.032e+004 1.032e+004 1.031e+004 1.031e+004 1.03e+004 1.03e+004 1.03e+004 1.029e+004 1.028e+004 1.027e+004 1.027e+004 1.026e+004 1.026e+004 1.026e+004 1.026e+004 1.026e+004 1.026e+004 1.026e+004 1.026e+004 1.025e+004 1.023e+004 1.022e+004 1.022e+004 1.023e+004 1.023e+004 1.023e+004 1.023e+004 1.026e+004 1.028e+004 1.029e+004 1.029e+004 1.03e+004 1.03e+004 1.032e+004 1.032e+004 1.031e+004 1.03e+004 1.03e+004 1.033e+004 1.037e+004 1.032e+004 1.018e+004 1.017e+004 1.024e+004 1.034e+004 1.03e+004 1.03e+004 1.03e+004 1.029e+004 1.029e+004 1.029e+004
1.031e+004 1.031e+004 1.032e+004 1.032e+004 1.033e+004 1.033e+004 1.033e+004 1.032e+004 1.032e+004 1.032e+004 1.031e+004 1.031e+004 1.03e+004 1.03e+004 1.029e+004 1.028e+004 1.027e+004 1.027e+004 1.026e+004 1.026e+004 1.026e+004 1.026e+004 1.026e+004 1.026e+004 1.026e+004 1.026e+004 1.025e+004 1.024e+004 1.022e+004 1.022e+004 1.022e+004 1.022e+004 1.022e+004 1.021e+004 1.021e+004 1.023e+004 1.026e+004 1.027e+004 1.029e+004 1.028e+004 1.029e+004 1.031e+004 1.032e+004 1.032e+004 1.03e+004 1.03e+004 1.033e+004 1.038e+004 1.029e+004 1.01e+004 9980 1.003e+004 1.007e+004 1.016e+004 1.025e+004 1.032e+004 1.031e+004 1.029e+004 1.029e+004
1.03e+004 1.031e+004 1.033e+004 1.034e+004 1.033e+004 1.033e+004 1.033e+004 1.032e+004 1.032e+004 1.031e+004 1.031e+004 1.031e+004 1.03e+004 1.03e+004 1.029e+004 1.028e+004 1.027e+004 1.026e+004 1.026e+004 1.026e+004 1.026e+004 1.026e+004 1.026e+004 1.026e+004 1.026e+004 1.025e+004 1.025e+004 1.024e+004 1.023e+004 1.022e+004 1.022e+004 1.021e+004 1.021e+004 1.021e+004 1.021e+004 1.022e+004 1.024e+004 1.025e+004 1.025e+004 1.026e+004 1.026e+004 1.028e+004 1.03e+004 1.03e+004 1.03e+004 1.03e+004 1.033e+004 1.035e+004 1.028e+004 1.011e+004 9905 9943 9981 1.01e+004 1.021e+004 1.027e+004 1.025e+004 1.026e+004 1.027e+004
1.029e+004 1.031e+004 1.034e+004 1.034e+004 1.033e+004 1.033e+004 1.033e+004 1.032e+004 1.031e+004 1.031e+004 1.031e+004 1.03e+004 1.03e+004 1.03e+004 1.029e+004 1.028e+004 1.027e+004 1.026e+004 1.026e+004 1.026e+004 1.026e+004 1.026e+004 1.026e+004 1.026e+004 1.025e+004 1.024e+004 1.024e+004 1.024e+004 1.023e+004 1.022e+004 1.021e+004 1.021e+004 1.021e+004 1.021e+004 1.021e+004 1.021e+004 1.022e+004 1.022e+004 1.022e+004 1.023e+004 1.023e+004 1.025e+004 1.027e+004 1.028e+004 1.029e+004 1.031e+004 1.032e+004 1.035e+004 1.031e+004 1.021e+004 9994 1.003e+004 1.009e+004 1.016e+004 1.021e+004 1.023e+004 1.022e+004 1.022e+004 1.022e+004
1.029e+004 1.029e+004 1.032e+004 1.033e+004 1.033e+004 1.033e+004 1.033e+004 1.032e+004 1.032e+004 1.031e+004 1.031e+004 1.03e+004 1.03e+004 1.029e+004 1.029e+004 1.028e+004 1.027e+004 1.026e+004 1.026e+004 1.026e+004 1.026e+004 1.026e+004 1.026e+004 1.026e+004 1.025e+004 1.025e+004 1.024e+004 1.024e+004 1.023e+004 1.023e+004 1.022e+004 1.021e+004 1.021e+004 1.021e+004 1.021e+004 1.021e+004 1.021e+004 1.021e+004 1.023e+004 1.023e+004 1.023e+004 1.025e+004 1.027e+004 1.027e+004 1.027e+004 1.028e+004 1.031e+004 1.033e+004 1.034e+004 1.036e+004 1.031e+004 1.022e+004 1.026e+004 1.028e+004 1.024e+004 1.023e+004 1.022e+004 1.021e+004 1.021e+004
1.029e+004 1.029e+004 1.033e+004 1.033e+004 1.033e+004 1.032e+004 1.032e+004 1.033e+004 1.032e+004 1.031e+004 1.03e+004 1.03e+004 1.03e+004 1.029e+004 1.029e+004 1.028e+004 1.027e+004 1.026e+004 1.026e+004 1.026e+004 1.026e+004 1.026e+004 1.026e+004 1.026e+004 1.025e+004 1.025e+004 1.025e+004 1.024e+004 1.023e+004 1.023e+004 1.022e+004 1.021e+004 1.021e+004 1.021e+004 1.021e+004 1.02e+004 1.02e+004 1.02e+004 1.021e+004 1.023e+004 1.023e+004 1.026e+004 1.028e+004 1.028e+004 1.026e+004 1.026e+004 1.029e+004 1.03e+004 1.032e+004 1.032e+004 1.029e+004 1.027e+004 1.027e+004 1.026e+004 1.025e+004 1.023e+004 1.022e+004 1.021e+004 1.02e+004
