real_craters/C116-750m.grd
DSAA
97 97
-36.0675 36.0675
-36.0675 36.0675
8975.3441450021 11442.191980588
[rows 26 to 51 of 97, columns 0 to 58 of 97]
1.041e+004 1.035e+004 1.035e+004 1.034e+004 1.032e+004 1.032e+004 1.032e+004 1.031e+004 1.03e+004 1.029e+004 1.029e+004 1.029e+004 1.029e+004 1.029e+004 1.029e+004 1.029e+004 1.029e+004 1.029e+004 1.029e+004 1.029e+004 1.028e+004 1.027e+004 1.027e+004 1.026e+004 1.025e+004 1.025e+004 1.025e+004 1.024e+004 1.024e+004 1.024e+004 1.026e+004 1.03e+004 1.032e+004 1.027e+004 1.026e+004 1.028e+004 1.028e+004 1.029e+004 1.029e+004 1.03e+004 1.03e+004 1.029e+004 1.029e+004 1.028e+004 1.028e+004 1.029e+004 1.03e+004 1.03e+004 1.03e+004 1.029e+004 1.027e+004 1.027e+004 1.028e+004 1.028e+004 1.029e+004 1.031e+004 1.033e+004 1.032e+004 1.029e+004
1.034e+004 1.032e+004 1.032e+004 1.031e+004 1.03e+004 1.029e+004 1.029e+004 1.029e+004 1.029e+004 1.03e+004 1.03e+004 1.03e+004 1.03e+004 1.029e+004 1.029e+004 1.029e+004 1.029e+004 1.03e+004 1.03e+004 1.029e+004 1.029e+004 1.028e+004 1.027e+004 1.026e+004 1.026e+004 1.025e+004 1.025e+004 1.024e+004 1.024e+004 1.024e+004 1.026e+004 1.031e+004 1.033e+004 1.028e+004 1.024e+004 1.025e+004 1.028e+004 1.029e+004 1.03e+004 1.031e+004 1.031e+004 1.031e+004 1.03e+004 1.03e+004 1.029e+004 1.029e+004 1.029e+004 1.029e+004 1.03e+004 1.03e+004 1.027e+004 1.026e+004 1.028e+004 1.028e+004 1.031e+004 1.031e+004 1.031e+004 1.03e+004 1.028e+004
1.032e+004 1.032e+004 1.031e+004 1.03e+004 1.029e+004 1.029e+004 1.028e+004 1.029e+004 1.03e+004 1.03e+004 1.029e+004 1.029e+004 1.029e+004 1.029e+004 1.029e+004 1.029e+004 1.029e+004 1.03e+004 1.03e+004 1.03e+004 1.029e+004 1.028e+004 1.027e+004 1.027e+004 1.026e+004 1.026e+004 1.025e+004 1.024e+004 1.024e+004 1.024e+004 1.027e+004 1.031e+004 1.033e+004 1.032e+004 1.026e+004 1.025e+004 1.029e+004 1.031e+004 1.032e+004 1.032e+004 1.031e+004 1.031e+004 1.031e+004 1.03e+004 1.028e+004 1.029e+004 1.03e+004 1.03e+004 1.031e+004 1.03e+004 1.028e+004 1.028e+004 1.028e+004 1.029e+004 1.032e+004 1.031e+004 1.029e+004 1.027e+004 1.028e+004
1.032e+004 1.03e+004 1.029e+004 1.029e+004 1.029e+004 1.029e+004 1.03e+004 1.03e+004 1.03e+004 1.029e+004 1.029e+004 1.028e+004 1.028e+004 1.028e+004 1.028e+004 1.029e+004 1.029e+004 1.03e+004 1.03e+004 1.03e+004 1.029e+004 1.028e+004 1.028e+004 1.027e+004 1.027e+004 1.027e+004 1.026e+004 1.025e+004 1.025e+004 1.025e+004 1.027e+004 1.031e+004 1.034e+004 1.031e+004 1.028e+004 1.029e+004 1.03e+004 1.032e+004 1.033e+004 1.033e+004 1.033e+004 1.033e+004 1.032e+004 1.03e+004 1.032e+004 1.032e+004 1.032e+004 1.032e+004 1.033e+004 1.032e+004 1.029e+004 1.029e+004 1.03e+004 1.035e+004 1.033e+004 1.032e+004 1.03e+004 1.027e+004 1.028e+004
1.031e+004 1.029e+004 1.03e+004 1.029e+004 1.028e+004 1.029e+004 1.029e+004 1.029e+004 1.029e+004 1.028e+004 1.027e+004 1.027e+004 1.027e+004 1.028e+004 1.028e+004 1.028e+004 1.028e+004 1.029e+004 1.029e+004 1.029e+004 1.028e+004 1.028e+004 1.028e+004 1.028e+004 1.028e+004 1.027e+004 1.026e+004 1.026e+004 1.026e+004 1.026e+004 1.028e+004 1.03e+004 1.033e+004 1.033e+004 1.029e+004 1.031e+004 1.034e+004 1.033e+004 1.034e+004 1.035e+004 1.035e+004 1.035e+004 1.034e+004 1.034e+004 1.035e+004 1.035e+004 1.035e+004 1.035e+004 1.037e+004 1.038e+004 1.035e+004 1.033e+004 1.035e+004 1.037e+004 1.037e+004 1.036e+004 1.035e+004 1.032e+004 1.031e+004
1.03e+004 1.029e+004 1.028e+004 1.028e+004 1.028e+004 1.028e+004 1.028e+004 1.028e+004 1.028e+004 1.027e+004 1.027e+004 1.027e+004 1.027e+004 1.027e+004 1.027e+004 1.028e+004 1.028e+004 1.028e+004 1.028e+004 1.028e+004 1.028e+004 1.027e+004 1.027e+004 1.027e+004 1.027e+004 1.027e+004 1.026e+004 1.026e+004 1.026e+004 1.027e+004 1.028e+004 1.029e+004 1.03e+004 1.035e+004 1.031e+004 1.03e+004 1.032e+004 1.032e+004 1.033e+004 1.036e+004 1.037e+004 1.037e+004 1.037e+004 1.038e+004 1.038e+004 1.039e+004 1.039e+004 1.039e+004 1.039e+004 1.042e+004 1.043e+004 1.042e+004 1.039e+004 1.039e+004 1.038e+004 1.037e+004 1.039e+004 1.041e+004 1.037e+004
1.031e+004 1.029e+004 1.028e+004 1.027e+004 1.028e+004 1.028e+004 1.028e+004 1.028e+004 1.027e+004 1.027e+004 1.026e+004 1.026e+004 1.026e+004 1.027e+004 1.027e+004 1.027e+004 1.027e+004 1.027e+004 1.027e+004 1.027e+004 1.027e+004 1.027e+004 1.027e+004 1.027e+004 1.027e+004 1.026e+004 1.026e+004 1.026e+004 1.026e+004 1.026e+004 1.027e+004 1.028e+004 1.03e+004 1.035e+004 1.032e+004 1.032e+004 1.028e+004 1.03e+004 1.032e+004 1.035e+004 1.037e+004 1.039e+004 1.04e+004 1.041e+004 1.042e+004 1.045e+004 1.048e+004 1.047e+004 1.046e+004 1.051e+004 1.053e+004 1.052e+004 1.045e+004 1.042e+004 1.038e+004 1.036e+004 1.038e+004 1.039e+004 1.038e+004
1.03e+004 1.029e+004 1.028e+004 1.028e+004 1.028e+004 1.028e+004 1.028e+004 1.027e+004 1.026e+004 1.027e+004 1.026e+004 1.026e+004 1.026e+004 1.026e+004 1.026e+004 1.027e+004 1.027e+004 1.027e+004 1.027e+004 1.026e+004 1.026e+004 1.026e+004 1.026e+004 1.026e+004 1.026e+004 1.026e+004 1.026e+004 1.026e+004 1.026e+004 1.027e+004 1.027e+004 1.028e+004 1.029e+004 1.033e+004 1.034e+004 1.031e+004 1.029e+004 1.03e+004 1.032e+004 1.033e+004 1.038e+004 1.042e+004 1.044e+004 1.045e+004 1.048e+004 1.058e+004 1.057e+004 1.058e+004 1.061e+004 1.064e+004 1.066e+004 1.059e+004 1.053e+004 1.046e+004 1.042e+004 1.038e+004 1.038e+004 1.036e+004 1.037e+004
1.03e+004 1.029e+004 1.028e+004 1.028e+004 1.028e+004 1.028e+004 1.028e+004 1.027e+004 1.026e+004 1.027e+004 1.027e+004 1.026e+004 1.026e+004 1.026e+004 1.026e+004 1.026e+004 1.026e+004 1.026e+004 1.026e+004 1.026e+004 1.026e+004 1.026e+004 1.026e+004 1.026e+004 1.026e+004 1.026e+004 1.025e+004 1.025e+004 1.026e+004 1.026e+004 1.027e+004 1.029e+004 1.029e+004 1.034e+004 1.034e+004 1.032e+004 1.031e+004 1.031e+004 1.032e+004 1.036e+004 1.04e+004 1.046e+004 1.053e+004 1.058e+004 1.07e+004 1.073e+004 1.062e+004 1.06e+004 1.067e+004 1.063e+004 1.068e+004 1.067e+004 1.062e+004 1.058e+004 1.047e+004 1.042e+004 1.042e+004 1.041e+004 1.04e+004
1.031e+004 1.029e+004 1.028e+004 1.027e+004 1.028e+004 1.029e+004 1.027e+004 1.027e+004 1.026e+004 1.026e+004 1.027e+004 1.026e+004 1.026e+004 1.026e+004 1.026e+004 1.026e+004 1.026e+004 1.026e+004 1.026e+004 1.026e+004 1.026e+004 1.026e+004 1.025e+004 1.025e+004 1.025e+004 1.025e+004 1.025e+004 1.025e+004 1.025e+004 1.026e+004 1.028e+004 1.03e+004 1.032e+004 1.033e+004 1.033e+004 1.033e+004 1.033e+004 1.033e+004 1.035e+004 1.038e+004 1.043e+004 1.05e+004 1.06e+004 1.074e+004 1.07e+004 1.064e+004 1.052e+004 1.042e+004 1.036e+004 1.035e+004 1.033e+004 1.035e+004 1.037e+004 1.04e+004 1.045e+004 1.051e+004 1.05e+004 1.047e+004 1.045e+004
1.03e+004 1.029e+004 1.028e+004 1.028e+004 1.028e+004 1.029e+004 1.028e+004 1.027e+004 1.026e+004 1.026e+004 1.026e+004 1.026e+004 1.026e+004 1.026e+004 1.026e+004 1.026e+004 1.026e+004 1.025e+004 1.025e+004 1.025e+004 1.025e+004 1.025e+004 1.025e+004 1.025e+004 1.025e+004 1.025e+004 1.025e+004 1.024e+004 1.025e+004 1.026e+004 1.028e+004 1.03e+004 1.031e+004 1.03e+004 1.033e+004 1.034e+004 1.036e+004 1.038e+004 1.04e+004 1.042e+004 1.044e+004 1.047e+004 1.055e+004 1.067e+004 1.059e+004 1.044e+004 1.027e+004 1.016e+004 1.007e+004 1.007e+004 1.005e+004 1.013e+004 1.015e+004 1.022e+004 1.035e+004 1.048e+004 1.052e+004 1.055e+004 1.054e+004
1.029e+004 1.028e+004 1.028e+004 1.028e+004 1.028e+004 1.029e+004 1.028e+004 1.027e+004 1.026e+004 1.025e+004 1.026e+004 1.026e+004 1.026e+004 1.025e+004 1.026e+004 1.025e+004 1.025e+004 1.025e+004 1.025e+004 1.025e+004 1.025e+004 1.025e+004 1.025e+004 1.025e+004 1.025e+004 1.025e+004 1.024e+004 1.024e+004 1.024e+004 1.026e+004 1.028e+004 1.029e+004 1.029e+004 1.032e+004 1.031e+004 1.036e+004 1.038e+004 1.04e+004 1.046e+004 1.047e+004 1.042e+004 1.038e+004 1.035e+004 1.032e+004 1.024e+004 1.003e+004 9969 9910 9888 9896 9985 1.001e+004 1.005e+004 1.015e+004 1.022e+004 1.031e+004 1.04e+004 1.049e+004 1.052e+004
1.029e+004 1.028e+004 1.028e+004 1.028e+004 1.028e+004 1.029e+004 1.028e+004 1.027e+004 1.026e+004 1.026e+004 1.026e+004 1.026e+004 1.025e+004 1.025e+004 1.025e+004 1.025e+004 1.025e+004 1.025e+004 1.025e+004 1.025e+004 1.025e+004 1.025e+004 1.025e+004 1.025e+004 1.025e+004 1.024e+004 1.024e+004 1.024e+004 1.024e+004 1.027e+004 1.03e+004 1.032e+004 1.026e+004 1.024e+004 1.037e+004 1.037e+004 1.041e+004 1.044e+004 1.05e+004 1.047e+004 1.037e+004 1.024e+004 1.011e+004 9999 9905 9791 9746 9685 9656 9683 9773 9761 9784 9894 1.001e+004 1.011e+004 1.025e+004 1.041e+004 1.054e+004
1.029e+004 1.028e+004 1.028e+004 1.028e+004 1.028e+004 1.029e+004 1.028e+004 1.028e+004 1.027e+004 1.026e+004 1.026e+004 1.026e+004 1.026e+004 1.026e+004 1.025e+004 1.025e+004 1.025e+004 1.025e+004 1.025e+004 1.025e+004 1.025e+004 1.025e+004 1.025e+004 1.025e+004 1.025e+004 1.024e+004 1.025e+004 1.025e+004 1.026e+004 1.028e+004 1.03e+004 1.032e+004 1.024e+004 1.021e+004 1.032e+004 1.04e+004 1.043e+004 1.047e+004 1.055e+004 1.047e+004 1.029e+004 1.009e+004 9899 9765 9710 9690 9574 9496 9472 9488 9541 9552 9577 9660 9795 9957 1.012e+004 1.027e+004 1.042e+004
1.028e+004 1.028e+004 1.028e+004 1.028e+004 1.028e+004 1.028e+004 1.028e+004 1.027e+004 1.027e+004 1.026e+004 1.026e+004 1.026e+004 1.026e+004 1.026e+004 1.025e+004 1.025e+004 1.025e+004 1.025e+004 1.025e+004 1.025e+004 1.025e+004 1.025e+004 1.025e+004 1.025e+004 1.025e+004 1.025e+004 1.026e+004 1.027e+004 1.028e+004 1.029e+004 1.03e+004 1.03e+004 1.031e+004 1.033e+004 1.037e+004 1.04e+004 1.043e+004 1.046e+004 1.056e+004 1.042e+004 1.017e+004 9923 9696 9549 9482 9415 9356 9350 9338 9352 9403 9382 9416 9502 9631 9793 9952 1.009e+004 1.023e+004
1.028e+004 1.028e+004 1.027e+004 1.027e+004 1.027e+004 1.027e+004 1.027e+004 1.026e+004 1.026e+004 1.026e+004 1.026e+004 1.026e+004 1.026e+004 1.026e+004 1.025e+004 1.025e+004 1.025e+004 1.025e+004 1.025e+004 1.025e+004 1.025e+004 1.025e+004 1.025e+004 1.026e+004 1.026e+004 1.026e+004 1.027e+004 1.029e+004 1.031e+004 1.03e+004 1.029e+004 1.029e+004 1.029e+004 1.031e+004 1.034e+004 1.038e+004 1.043e+004 1.05e+004 1.047e+004 1.026e+004 1e+004 9748 9520 9365 9258 9146 9188 9204 9226 9272 9324 9283 9355 9412 9524 9636 9758 9935 1.009e+004
1.027e+004 1.027e+004 1.027e+004 1.026e+004 1.026e+004 1.026e+004 1.026e+004 1.026e+004 1.025e+004 1.026e+004 1.026e+004 1.026e+004 1.026e+004 1.025e+004 1.025e+004 1.025e+004 1.025e+004 1.025e+004 1.025e+004 1.025e+004 1.025e+004 1.025e+004 1.026e+004 1.026e+004 1.027e+004 1.027e+004 1.027e+004 1.03e+004 1.031e+004 1.029e+004 1.028e+004 1.028e+004 1.028e+004 1.03e+004 1.033e+004 1.037e+004 1.039e+004 1.037e+004 1.018e+004 1.003e+004 9813 9564 9358 9214 9131 9084 9088 9132 9132 9153 9165 9123 9169 9287 9418 9508 9629 9822 1.003e+004
1.027e+004 1.027e+004 1.026e+004 1.026e+004 1.026e+004 1.026e+004 1.025e+004 1.025e+004 1.025e+004 1.025e+004 1.025e+004 1.025e+004 1.025e+004 1.025e+004 1.025e+004 1.025e+004 1.025e+004 1.025e+004 1.025e+004 1.025e+004 1.025e+004 1.025e+004 1.026e+004 1.027e+004 1.029e+004 1.031e+004 1.033e+004 1.031e+004 1.03e+004 1.029e+004 1.027e+004 1.028e+004 1.029e+004 1.03e+004 1.032e+004 1.039e+004 1.038e+004 1.026e+004 1.008e+004 9881 9646 9397 9169 9092 9060 9053 9048 9053 9055 9041 9059 9044 9049 9141 9252 9387 9552 9727 9896
1.027e+004 1.027e+004 1.026e+004 1.026e+004 1.026e+004 1.025e+004 1.025e+004 1.025e+004 1.025e+004 1.025e+004 1.025e+004 1.025e+004 1.025e+004 1.025e+004 1.025e+004 1.025e+004 1.025e+004 1.025e+004 1.025e+004 1.025e+004 1.025e+004 1.025e+004 1.027e+004 1.028e+004 1.03e+004 1.032e+004 1.034e+004 1.032e+004 1.03e+004 1.028e+004 1.027e+004 1.028e+004 1.029e+004 1.031e+004 1.032e+004 1.041e+004 1.041e+004 1.024e+004 1.003e+004 9771 9522 9272 9072 9016 9013 9029 9043 9042 9043 9037 9028 9024 9028 9056 9121 9279 9460 9651 9824
1.027e+004 1.027e+004 1.026e+004 1.026e+004 1.026e+004 1.025e+004 1.025e+004 1.025e+004 1.025e+004 1.025e+004 1.025e+004 1.025e+004 1.025e+004 1.025e+004 1.025e+004 1.025e+004 1.025e+004 1.025e+004 1.025e+004 1.025e+004 1.025e+004 1.025e+004 1.027e+004 1.028e+004 1.03e+004 1.032e+004 1.033e+004 1.031e+004 1.029e+004 1.028e+004 1.027e+004 1.027e+004 1.03e+004 1.032e+004 1.033e+004 1.043e+004 1.044e+004 1.025e+004 9976 9696 9438 9200 9026 8984 8988 9021 9030 9053 9082 9046 9029 9015 9018 9027 9067 9209 9393 9587 9783
1.027e+004 1.027e+004 1.026e+004 1.026e+004 1.026e+004 1.026e+004 1.026e+004 1.025e+004 1.025e+004 1.025e+004 1.025e+004 1.025e+004 1.025e+004 1.025e+004 1.025e+004 1.025e+004 1.026e+004 1.026e+004 1.026e+004 1.026e+004 1.025e+004 1.026e+004 1.027e+004 1.028e+004 1.029e+004 1.03e+004 1.03e+004 1.029e+004 1.028e+004 1.027e+004 1.028e+004 1.028e+004 1.031e+004 1.035e+004 1.039e+004 1.043e+004 1.039e+004 1.02e+004 9915 9634 9383 9160 9016 8975 8986 9013 9043 9130 9171 9186 9082 9014 9015 9021 9054 9154 9307 9509 9742
1.027e+004 1.027e+004 1.027e+004 1.026e+004 1.026e+004 1.026e+004 1.026e+004 1.026e+004 1.025e+004 1.025e+004 1.025e+004 1.025e+004 1.025e+004 1.026e+004 1.026e+004 1.026e+004 1.026e+004 1.026e+004 1.026e+004 1.027e+004 1.027e+004 1.028e+004 1.028e+004 1.028e+004 1.028e+004 1.028e+004 1.026e+004 1.025e+004 1.026e+004 1.027e+004 1.028e+004 1.029e+004 1.032e+004 1.036e+004 1.039e+004 1.041e+004 1.036e+004 1.018e+004 9848 9577 9341 9138 9014 8987 9008 9053 9189 9278 9200 9221 9122 9019 9020 9016 9018 9107 9260 9465 9722
1.027e+004 1.027e+004 1.027e+004 1.026e+004 1.027e+004 1.026e+004 1.026e+004 1.026e+004 1.025e+004 1.025e+004 1.025e+004 1.026e+004 1.026e+004 1.026e+004 1.026e+004 1.026e+004 1.026e+004 1.026e+004 1.027e+004 1.027e+004 1.028e+004 1.029e+004 1.028e+004 1.028e+004 1.028e+004 1.027e+004 1.026e+004 1.025e+004 1.026e+004 1.028e+004 1.031e+004 1.031e+004 1.03e+004 1.034e+004 1.041e+004 1.041e+004 1.031e+004 1.013e+004 9830 9568 9336 9131 9019 9009 9044 9125 9307 9260 9129 9129 9092 9028 9029 9021 9015 9091 9256 9484 9711
1.027e+004 1.027e+004 1.027e+004 1.027e+004 1.027e+004 1.027e+004 1.026e+004 1.026e+004 1.026e+004 1.025e+004 1.026e+004 1.026e+004 1.026e+004 1.026e+004 1.026e+004 1.026e+004 1.027e+004 1.027e+004 1.027e+004 1.027e+004 1.028e+004 1.028e+004 1.028e+004 1.028e+004 1.028e+004 1.028e+004 1.027e+004 1.028e+004 1.027e+004 1.028e+004 1.028e+004 1.03e+004 1.032e+004 1.038e+004 1.045e+004 1.045e+004 1.031e+004 1.008e+004 9876 9631 9379 9155 9055 9044 9064 9105 9108 9120 9086 9075 9067 9035 9029 9023 9016 9082 9234 9414 9665
1.027e+004 1.027e+004 1.027e+004 1.027e+004 1.027e+004 1.026e+004 1.026e+004 1.026e+004 1.026e+004 1.026e+004 1.026e+004 1.026e+004 1.026e+004 1.026e+004 1.027e+004 1.027e+004 1.027e+004 1.027e+004 1.027e+004 1.027e+004 1.027e+004 1.026e+004 1.027e+004 1.028e+004 1.028e+004 1.028e+004 1.029e+004 1.029e+004 1.028e+004 1.028e+004 1.028e+004 1.029e+004 1.032e+004 1.04e+004 1.049e+004 1.05e+004 1.031e+004 1.013e+004 9933 9698 9463 9258 9144 9106 9092 9079 9070 9087 9086 9078 9051 9036 9037 9026 9025 9081 9227 9414 9646
1.027e+004 1.027e+004 1.027e+004 1.027e+004 1.027e+004 1.027e+004 1.026e+004 1.026e+004 1.026e+004 1.026e+004 1.026e+004 1.026e+004 1.026e+004 1.027e+004 1.026e+004 1.027e+004 1.027e+004 1.027e+004 1.027e+004 1.027e+004 1.027e+004 1.027e+004 1.027e+004 1.028e+004 1.028e+004 1.029e+004 1.029e+004 1.03e+004 1.029e+004 1.027e+004 1.028e+004 1.03e+004 1.032e+004 1.039e+004 1.047e+004 1.051e+004 1.04e+004 1.024e+004 1.003e+004 9783 9566 9373 9248 9168 9119 9080 9061 9069 9072 9063 9038 9028 9030 9030 9059 9136 9266 9416 9686
