real_craters/C117-750m.grd
DSAA
98 98
-36.2425 36.2425
-36.2425 36.2425
3387.4067654695 4981.2818506153
[rows 38 to 75 of 98, columns 0 to 83 of 98]
4345 4343 4342 4339 4336 4339 4341 4341 4339 4338 4345 4357 4367 4366 4344 4340 4346 4352 4386 4414 4426 4423 4423 4434 4431 4436 4472 4439 4422 4425 4425 4416 4419 4440 4467 4506 4547 4582 4593 4674 4549 4419 4199 3931 3797 3800 3818 3835 3899 3974 4045 4127 4224 4324 4432 4557 4636 4548 4495 4448 4409 4408 4410 4411 4409 4405 4396 4397 4396 4384 4363 4377 4375 4386 4395 4398 4399 4407 4405 4340 4351 4354 4358 4360
4346 4345 4343 4340 4342 4344 4348 4346 4344 4336 4348 4370 4387 4380 4348 4345 4352 4380 4406 4428 4435 4429 4416 4413 4431 4422 4428 4428 4419 4420 4418 4415 4416 4457 4502 4544 4605 4664 4752 4637 4348 4107 3901 3738 3718 3741 3739 3762 3772 3801 3925 3962 4048 4151 4278 4421 4609 4613 4525 4473 4430 4427 4424 4423 4420 4416 4411 4406 4404 4391 4382 4381 4375 4374 4382 4387 4391 4399 4411 4400 4378 4373 4376 4386
4340 4342 4342 4345 4350 4360 4358 4354 4355 4358 4365 4379 4398 4392 4363 4349 4355 4387 4419 4441 4452 4432 4412 4407 4416 4427 4418 4409 4408 4413 4411 4402 4412 4473 4518 4574 4634 4694 4729 4310 4072 3828 3712 3677 3626 3570 3594 3633 3602 3595 3648 3769 3877 3982 4089 4196 4317 4463 4487 4494 4473 4449 4445 4441 4435 4428 4420 4411 4406 4395 4393 4383 4388 4373 4378 4382 4383 4387 4391 4378 4394 4388 4395 4398
4343 4345 4344 4344 4347 4371 4361 4356 4358 4373 4372 4377 4390 4387 4367 4360 4361 4404 4430 4441 4442 4433 4415 4407 4414 4422 4415 4403 4406 4411 4431 4419 4425 4473 4515 4549 4584 4603 4518 4158 3885 3677 3594 3579 3535 3479 3474 3473 3472 3494 3532 3627 3742 3840 3926 3978 4067 4248 4404 4512 4526 4494 4482 4468 4456 4444 4430 4414 4395 4390 4379 4378 4382 4373 4375 4399 4388 4389 4391 4392 4403 4410 4406 4407
4346 4349 4356 4336 4352 4355 4358 4354 4347 4341 4350 4356 4366 4376 4389 4383 4390 4407 4420 4431 4435 4430 4425 4415 4407 4412 4406 4399 4402 4410 4438 4437 4459 4492 4504 4516 4503 4453 4328 3999 3764 3626 3537 3505 3484 3458 3449 3443 3449 3451 3457 3519 3617 3707 3803 3870 3903 4100 4323 4545 4591 4553 4526 4496 4472 4457 4446 4425 4406 4394 4393 4392 4373 4376 4381 4409 4404 4411 4407 4408 4400 4387 4394 4391
4352 4354 4347 4343 4346 4348 4350 4348 4340 4334 4335 4335 4334 4361 4374 4399 4415 4417 4414 4416 4415 4419 4416 4412 4405 4402 4397 4396 4400 4403 4417 4428 4460 4485 4510 4486 4402 4272 4091 3803 3654 3589 3506 3476 3466 3455 3443 3436 3434 3434 3442 3465 3540 3625 3719 3836 3936 4032 4223 4449 4688 4612 4551 4507 4472 4451 4441 4431 4414 4395 4381 4380 4374 4373 4385 4405 4410 4410 4426 4408 4393 4384 4373 4364
4351 4351 4352 4351 4347 4349 4351 4347 4343 4336 4331 4327 4333 4369 4421 4415 4416 4408 4398 4403 4405 4411 4413 4403 4402 4397 4389 4395 4402 4405 4412 4427 4466 4525 4580 4477 4320 4136 3907 3699 3613 3566 3504 3487 3463 3443 3441 3427 3427 3440 3462 3443 3495 3558 3635 3733 3880 3985 4102 4223 4466 4557 4538 4500 4456 4416 4414 4432 4424 4399 4390 4382 4380 4387 4404 4408 4417 4431 4429 4398 4364 4341 4336 4328
4344 4344 4348 4348 4350 4355 4359 4353 4347 4343 4333 4328 4332 4368 4404 4411 4400 4391 4389 4398 4406 4416 4418 4404 4394 4393 4399 4400 4398 4403 4429 4456 4496 4617 4642 4486 4276 4047 3813 3641 3578 3549 3497 3484 3471 3456 3431 3419 3422 3430 3431 3434 3466 3506 3550 3611 3815 3951 4017 4104 4365 4484 4506 4484 4443 4383 4393 4416 4420 4409 4394 4387 4391 4413 4417 4430 4465 4522 4396 4337 4325 4319 4317 4313
4349 4345 4342 4345 4358 4386 4370 4358 4346 4339 4334 4331 4337 4357 4378 4391 4394 4395 4389 4400 4417 4424 4423 4412 4382 4388 4409 4418 4405 4394 4538 4547 4536 4601 4638 4489 4262 4003 3759 3582 3553 3529 3508 3493 3485 3478 3482 3471 3449 3439 3439 3432 3452 3474 3499 3547 3713 3875 3978 4121 4374 4475 4506 4494 4452 4402 4404 4417 4414 4407 4403 4404 4393 4420 4433 4451 4512 4487 4359 4322 4318 4314 4308 4304
4351 4348 4350 4348 4355 4377 4369 4359 4348 4341 4337 4336 4339 4347 4353 4365 4392 4416 4396 4405 4423 4424 4417 4427 4389 4387 4403 4413 4416 4423 4493 4539 4588 4633 4675 4493 4239 3980 3731 3553 3544 3525 3509 3502 3501 3514 3562 3578 3514 3473 3483 3460 3461 3469 3480 3526 3676 3865 3974 4135 4395 4483 4512 4507 4482 4452 4436 4421 4405 4394 4395 4414 4406 4399 4426 4442 4485 4458 4396 4341 4317 4317 4313 4306
4347 4346 4354 4365 4366 4362 4361 4359 4351 4347 4341 4337 4338 4343 4345 4352 4383 4410 4407 4417 4428 4428 4416 4407 4401 4401 4413 4427 4444 4469 4453 4478 4609 4668 4673 4474 4218 3959 3727 3563 3548 3530 3511 3507 3507 3517 3531 3522 3521 3505 3513 3486 3479 3485 3486 3512 3633 3794 3975 4226 4432 4513 4535 4532 4518 4493 4464 4428 4398 4392 4407 4396 4395 4397 4417 4427 4430 4435 4428 4408 4354 4331 4321 4314
4348 4349 4376 4368 4363 4358 4357 4362 4374 4357 4344 4336 4339 4349 4360 4367 4372 4369 4407 4436 4433 4421 4417 4411 4405 4409 4433 4458 4467 4470 4487 4479 4532 4629 4640 4427 4201 3959 3739 3569 3542 3533 3520 3511 3509 3507 3496 3457 3387 3443 3495 3495 3494 3501 3503 3532 3600 3723 3970 4291 4509 4557 4563 4555 4545 4532 4488 4446 4414 4398 4396 4392 4398 4397 4413 4421 4425 4426 4430 4423 4389 4358 4336 4322
4373 4349 4353 4359 4357 4355 4362 4356 4350 4351 4343 4340 4345 4357 4374 4383 4388 4370 4414 4448 4436 4437 4426 4421 4418 4422 4440 4465 4492 4472 4467 4477 4558 4610 4545 4370 4192 3982 3760 3588 3547 3539 3519 3510 3506 3499 3486 3467 3460 3479 3507 3505 3510 3520 3521 3539 3623 3783 4030 4361 4547 4592 4578 4563 4548 4531 4493 4460 4436 4409 4390 4388 4399 4409 4417 4421 4421 4418 4424 4427 4404 4373 4346 4326
4370 4361 4360 4358 4353 4346 4344 4348 4342 4345 4342 4340 4352 4368 4393 4426 4422 4401 4409 4423 4422 4414 4421 4428 4427 4432 4436 4434 4445 4458 4460 4476 4449 4632 4586 4414 4231 4019 3806 3621 3556 3544 3514 3511 3506 3499 3497 3496 3477 3469 3498 3510 3523 3537 3550 3575 3662 3809 4093 4460 4589 4608 4590 4550 4514 4500 4479 4456 4445 4423 4397 4392 4402 4405 4406 4412 4421 4421 4418 4417 4412 4381 4353 4332
4350 4358 4363 4358 4350 4346 4343 4346 4349 4345 4344 4350 4358 4375 4397 4422 4448 4425 4414 4415 4408 4398 4415 4418 4423 4438 4432 4439 4416 4472 4517 4538 4473 4477 4613 4505 4327 4109 3893 3683 3588 3558 3531 3515 3509 3504 3497 3491 3486 3486 3497 3519 3535 3549 3561 3597 3718 3888 4150 4495 4610 4617 4580 4529 4466 4453 4459 4443 4424 4432 4423 4408 4403 4402 4411 4422 4421 4425 4426 4437 4417 4377 4355 4342
4353 4352 4351 4350 4348 4347 4345 4344 4346 4342 4342 4350 4360 4376 4395 4416 4462 4439 4424 4420 4406 4398 4405 4411 4410 4404 4416 4433 4463 4497 4536 4574 4515 4470 4547 4573 4418 4210 3992 3788 3675 3600 3541 3531 3525 3518 3513 3513 3513 3515 3528 3538 3550 3565 3579 3631 3794 3994 4235 4539 4631 4614 4563 4499 4453 4430 4406 4403 4401 4418 4425 4427 4425 4429 4446 4464 4461 4455 4426 4419 4386 4370 4351 4337
4369 4355 4348 4350 4349 4348 4344 4341 4342 4339 4338 4343 4358 4375 4394 4421 4432 4429 4420 4413 4407 4403 4406 4408 4407 4400 4408 4417 4481 4505 4536 4542 4566 4486 4502 4601 4502 4314 4108 3914 3775 3695 3582 3566 3555 3542 3534 3533 3534 3542 3550 3561 3572 3587 3600 3684 3879 4116 4352 4646 4659 4613 4543 4467 4395 4392 4395 4391 4392 4407 4421 4429 4428 4447 4474 4509 4544 4423 4388 4369 4379 4364 4341 4327
4372 4352 4346 4349 4351 4351 4349 4344 4344 4341 4341 4346 4360 4375 4390 4404 4418 4416 4416 4410 4409 4410 4410 4413 4414 4423 4419 4406 4417 4472 4508 4542 4584 4503 4534 4671 4572 4408 4226 4063 3935 3800 3679 3638 3607 3580 3564 3557 3558 3566 3574 3591 3606 3627 3658 3770 3955 4181 4409 4657 4659 4602 4527 4446 4371 4375 4381 4388 4393 4398 4414 4438 4439 4463 4476 4509 4511 4435 4373 4322 4327 4331 4328 4319
4382 4359 4354 4355 4356 4355 4354 4348 4346 4348 4347 4354 4365 4379 4393 4402 4397 4412 4412 4411 4399 4398 4416 4422 4420 4419 4413 4408 4421 4460 4506 4569 4600 4520 4529 4672 4626 4503 4352 4194 4138 3980 3819 3751 3687 3635 3605 3580 3584 3601 3619 3638 3656 3686 3729 3859 4013 4196 4486 4639 4650 4602 4526 4453 4390 4385 4379 4387 4384 4382 4407 4418 4428 4452 4455 4486 4499 4454 4387 4335 4322 4322 4321 4321
4383 4381 4370 4367 4364 4360 4357 4359 4356 4354 4351 4357 4369 4383 4396 4412 4429 4421 4412 4394 4386 4401 4430 4429 4419 4406 4401 4414 4426 4431 4514 4591 4571 4563 4535 4643 4651 4587 4491 4366 4235 4063 3984 3883 3783 3701 3672 3628 3631 3666 3663 3696 3763 3788 3834 3977 4125 4269 4547 4640 4631 4583 4519 4469 4440 4415 4399 4382 4379 4382 4391 4402 4425 4437 4459 4455 4455 4434 4396 4358 4326 4323 4324 4319
4382 4389 4394 4385 4373 4365 4359 4367 4366 4362 4357 4363 4373 4384 4398 4417 4438 4413 4400 4389 4387 4395 4424 4422 4412 4406 4411 4425 4419 4398 4469 4520 4577 4578 4567 4634 4654 4653 4649 4606 4536 4312 4164 4026 3884 3784 3798 3827 3815 3816 3781 3763 3854 3975 4033 4170 4313 4452 4735 4682 4611 4552 4504 4459 4431 4424 4404 4381 4378 4382 4378 4388 4425 4430 4422 4411 4404 4396 4395 4396 4377 4363 4339 4321
4390 4390 4394 4392 4381 4368 4358 4358 4369 4367 4363 4367 4374 4383 4394 4402 4402 4401 4402 4396 4383 4385 4399 4406 4403 4401 4404 4425 4437 4402 4430 4462 4539 4554 4593 4613 4659 4693 4774 4884 4855 4604 4376 4190 4007 3871 3916 3959 3991 4035 4064 4033 4153 4304 4361 4419 4504 4663 4674 4608 4562 4515 4478 4450 4429 4418 4400 4379 4390 4394 4383 4388 4412 4420 4420 4392 4395 4403 4413 4420 4420 4398 4353 4321
4469 4447 4408 4410 4395 4376 4359 4371 4370 4370 4380 4373 4377 4383 4388 4392 4391 4404 4413 4414 4401 4389 4390 4393 4394 4393 4396 4416 4420 4402 4405 4435 4485 4502 4531 4589 4630 4667 4727 4825 4981 4924 4677 4425 4187 4009 4040 4097 4182 4211 4261 4347 4492 4681 4740 4619 4579 4579 4542 4521 4505 4474 4451 4434 4421 4406 4396 4391 4411 4416 4397 4381 4388 4391 4389 4388 4402 4426 4435 4429 4434 4390 4345 4327
4253 4402 4477 4435 4400 4379 4362 4350 4358 4353 4352 4368 4373 4377 4380 4379 4386 4396 4409 4422 4413 4398 4387 4386 4390 4390 4394 4402 4400 4399 4404 4406 4403 4416 4477 4489 4532 4584 4639 4683 4746 4885 4855 4626 4434 4308 4244 4226 4296 4378 4409 4553 4786 4955 4826 4678 4579 4512 4499 4490 4481 4463 4437 4403 4407 4409 4407 4410 4417 4413 4393 4386 4373 4376 4381 4389 4414 4418 4413 4410 4392 4341 4330 4327
4044 4204 4387 4389 4381 4372 4362 4367 4362 4366 4366 4374 4376 4374 4370 4367 4360 4355 4389 4418 4412 4410 4403 4400 4390 4389 4394 4395 4392 4391 4403 4404 4391 4388 4415 4433 4456 4501 4514 4530 4529 4670 4734 4669 4670 4697 4587 4625 4718 4626 4603 4729 4755 4759 4686 4601 4536 4495 4501 4495 4476 4455 4432 4415 4409 4419 4413 4406 4404 4397 4390 4386 4383 4378 4384 4397 4400 4403 4398 4372 4332 4331 4330 4325
3916 4035 4169 4293 4351 4372 4378 4369 4366 4401 4401 4384 4376 4372 4366 4356 4345 4337 4365 4390 4395 4408 4402 4393 4386 4384 4381 4390 4392 4397 4398 4398 4389 4391 4407 4416 4439 4461 4474 4487 4505 4468 4481 4576 4634 4667 4678 4699 4660 4641 4610 4580 4536 4528 4511 4507 4490 4495 4509 4500 4471 4451 4436 4431 4413 4406 4412 4415 4407 4404 4401 4392 4382 4383 4386 4391 4391 4396 4390 4365 4330 4325 4323 4323
3863 3989 4127 4248 4325 4364 4377 4366 4372 4395 4397 4385 4377 4372 4366 4359 4348 4340 4359 4358 4395 4399 4390 4379 4378 4378 4380 4384 4383 4382 4379 4385 4388 4411 4415 4418 4436 4443 4459 4468 4485 4481 4497 4502 4485 4499 4508 4496 4477 4539 4496 4448 4444 4424 4437 4448 4449 4452 4464 4455 4450 4442 4431 4415 4411 4405 4403 4414 4422 4408 4398 4390 4380 4383 4378 4393 4399 4406 4402 4364 4333 4324 4323 4322
4010 4067 4159 4266 4328 4367 4399 4392 4375 4361 4370 4374 4371 4369 4366 4363 4364 4376 4381 4379 4387 4389 4382 4369 4374 4372 4373 4378 4382 4377 4365 4381 4400 4412 4408 4403 4419 4422 4422 4437 4460 4478 4479 4464 4433 4425 4416 4421 4426 4416 4425 4412 4433 4435 4421 4424 4425 4429 4431 4427 4430 4433 4434 4430 4411 4400 4404 4407 4406 4400 4408 4387 4378 4382 4380 4403 4420 4418 4393 4356 4334 4326 4324 4321
4110 4293 4334 4334 4354 4372 4380 4385 4380 4363 4361 4364 4366 4366 4367 4371 4378 4389 4384 4382 4378 4375 4377 4378 4372 4367 4360 4366 4367 4373 4379 4384 4404 4410 4399 4387 4395 4406 4410 4411 4444 4459 4471 4459 4426 4429 4451 4431 4431 4407 4413 4410 4430 4446 4423 4422 4420 4418 4417 4414 4418 4422 4425 4421 4411 4401 4395 4396 4392 4392 4401 4395 4381 4379 4392 4419 4421 4422 4393 4353 4340 4332 4325 4323
4446 4406 4405 4389 4382 4380 4370 4371 4356 4357 4355 4358 4362 4366 4371 4378 4384 4393 4388 4375 4372 4373 4376 4369 4370 4369 4368 4368 4381 4381 4390 4402 4410 4408 4390 4382 4388 4391 4389 4397 4419 4437 4463 4452 4430 4433 4431 4434 4434 4435 4431 4435 4444 4449 4435 4431 4434 4420 4411 4413 4412 4412 4412 4406 4400 4393 4387 4384 4384 4384 4388 4388 4383 4377 4387 4408 4422 4428 4408 4368 4347 4340 4339 4334
4398 4412 4428 4422 4416 4403 4389 4382 4369 4353 4354 4357 4361 4368 4374 4378 4384 4387 4384 4387 4383 4388 4391 4387 4383 4382 4378 4371 4380 4391 4405 4417 4416 4405 4387 4386 4385 4388 4391 4387 4401 4404 4398 4426 4428 4435 4434 4436 4441 4443 4442 4451 4462 4454 4449 4433 4423 4409 4402 4398 4396 4399 4402 4393 4376 4376 4377 4375 4375 4391 4402 4398 4391 4391 4396 4402 4415 4417 4411 4393 4351 4330 4341 4341
4412 4472 4443 4425 4424 4428 4424 4402 4379 4355 4353 4354 4357 4360 4365 4368 4375 4378 4376 4328 4402 4422 4419 4401 4394 4403 4412 4385 4389 4403 4430 4419 4405 4387 4388 4382 4386 4398 4402 4406 4403 4395 4402 4419 4425 4429 4431 4440 4456 4441 4431 4434 4449 4449 4447 4428 4401 4399 4393 4383 4381 4387 4387 4382 4375 4380 4385 4384 4394 4409 4408 4397 4401 4408 4413 4438 4431 4422 4417 4393 4353 4327 4329 4337
4402 4410 4414 4412 4415 4431 4441 4406 4386 4365 4355 4352 4351 4354 4358 4362 4366 4378 4391 4408 4425 4449 4443 4425 4416 4420 4419 4408 4409 4429 4413 4408 4394 4383 4379 4379 4381 4392 4399 4400 4392 4391 4388 4404 4423 4420 4420 4432 4444 4438 4417 4403 4403 4423 4440 4419 4406 4395 4388 4382 4381 4384 4388 4381 4372 4379 4386 4388 4393 4407 4409 4420 4414 4429 4449 4435 4429 4460 4423 4378 4342 4327 4325 4332
4377 4356 4376 4390 4392 4383 4379 4385 4380 4364 4355 4353 4354 4355 4354 4356 4359 4364 4377 4408 4447 4458 4451 4444 4441 4432 4421 4429 4419 4445 4438 4412 4392 4379 4377 4381 4382 4388 4393 4383 4384 4389 4396 4399 4410 4411 4414 4420 4425 4434 4408 4384 4378 4393 4400 4399 4396 4395 4389 4381 4376 4382 4387 4382 4380 4376 4380 4402 4384 4408 4425 4435 4434 4433 4436 4428 4424 4429 4388 4340 4332 4326 4326 4327
4362 4350 4359 4371 4378 4378 4372 4365 4345 4341 4347 4349 4351 4352 4353 4352 4352 4353 4352 4391 4453 4462 4456 4441 4429 4422 4414 4410 4394 4408 4423 4408 4398 4383 4379 4375 4383 4392 4411 4401 4392 4389 4385 4389 4399 4408 4417 4412 4406 4405 4404 4385 4383 4387 4384 4390 4399 4399 4391 4384 4381 4385 4389 4385 4378 4374 4385 4388 4414 4398 4427 4422 4430 4428 4425 4421 4412 4360 4352 4335 4335 4342 4329 4327
4349 4351 4354 4362 4373 4382 4376 4363 4351 4347 4347 4349 4351 4350 4351 4351 4350 4350 4351 4380 4424 4435 4437 4415 4406 4393 4399 4372 4349 4387 4414 4399 4389 4387 4381 4385 4388 4425 4432 4424 4408 4395 4386 4393 4401 4424 4413 4402 4396 4399 4391 4383 4394 4388 4384 4381 4394 4396 4391 4392 4401 4403 4397 4395 4391 4385 4400 4396 4416 4434 4412 4406 4395 4393 4371 4369 4352 4329 4329 4333 4340 4350 4337 4326
4345 4346 4349 4357 4365 4368 4367 4359 4352 4343 4343 4343 4345 4343 4344 4344 4345 4346 4345 4346 4356 4368 4363 4370 4359 4355 4352 4344 4345 4379 4410 4408 4396 4399 4399 4401 4426 4449 4449 4442 4419 4403 4394 4397 4388 4374 4385 4383 4380 4375 4373 4369 4374 4383 4378 4381 4374 4380 4381 4386 4402 4415 4420 4413 4409 4411 4405 4403 4408 4432 4432 4395 4361 4322 4331 4336 4336 4322 4322 4323 4330 4342 4331 4329
4345 4342 4344 4353 4360 4361 4359 4351 4343 4342 4343 4342 4342 4343 4342 4343 4343 4342 4337 4340 4340 4339 4341 4346 4344 4345 4344 4344 4352 4387 4433 4434 4436 4444 4436 4435 4453 4432 4419 4427 4413 4402 4398 4400 4379 4351 4359 4365 4364 4358 4363 4357 4352 4352 4361 4375 4371 4366 4366 4366 4368 4395 4413 4415 4415 4407 4407 4409 4413 4421 4405 4368 4328 4327 4328 4330 4328 4322 4323 4326 4327 4327 4337 4342
