real_craters/C117-1000m.grd
DSAA
42 42
-20.71 20.71
-20.71 20.71
7131.4498660388 8618.5858651383
8354.77 8349.67 8342.46 8319.17 8289.86 8262.38 8246.26 8243.34 8235.56 8242.92 8258.73 8268.44 8264.32 8256.25 8245.75 8231.64 8210.38 8200.65 8203.72 8205.32 8207.23 8211.89 8232.3 8275.39 8250.62 8248.01 8272.93 8260.37 8244.3 8242.9 8262.76 8266.86 8237.2 8234.4 8239.88 8230.55 8214.65 8196.86 8175.03 8151.02 8119.35 8081.56 
8342.58 8341.31 8344.08 8316.69 8286.84 8262.95 8246.19 8260.12 8276.84 8241.19 8290.39 8285.42 8272.71 8261.71 8248.73 8237.41 8233.22 8228.94 8231.82 8236.19 8242.46 8245.12 8282.51 8295.44 8288.85 8261.31 8223.32 8218.88 8221.06 8230.25 8249.13 8265.5 8223.79 8267.35 8244.65 8227.2 8220.76 8221.91 8215.35 8179.82 8136.23 8096.2 
8325.25 8322.05 8316.24 8301.78 8280.69 8260.22 8276.08 8293.81 8286.79 8304.37 8322.87 8308.94 8293.45 8274.08 8265.33 8254.26 8253 8256.84 8259.99 8266.03 8277.05 8297.97 8300.49 8268.19 8238.95 8228.57 8195.69 8201.3 8198.72 8195.78 8218.45 8239.83 8206.73 8220.92 8225.04 8212.43 8205.33 8239.85 8244.4 8193.62 8143.5 8103.96 
8306.72 8307.02 8301.59 8287.99 8271.96 8260.76 8265.9 8279.35 8291.31 8289.12 8313.74 8312.93 8301.32 8283.31 8258.7 8268.02 8278.89 8278.46 8275.49 8280.73 8289.06 8298.88 8270.86 8256.94 8221.76 8205.02 8191 8194.86 8186.66 8185.33 8198.86 8224.19 8218.62 8210.61 8215.45 8218.16 8243.43 8242.63 8207.06 8170.27 8138.18 8106.62 
8286.45 8290.92 8291.84 8275.38 8262.83 8259.69 8257.02 8274.28 8300.48 8296.22 8314.8 8317.97 8312.85 8308.41 8311.87 8310.37 8304.05 8294.39 8293.01 8297.47 8293.78 8287.83 8271.51 8230.95 8210.89 8201.35 8193.92 8184.09 8175.87 8176.8 8195.19 8222.46 8236.94 8237.73 8234.28 8236.42 8231.04 8225.19 8191.76 8153.1 8137.69 8118.41 
8268.6 8261.3 8257.89 8258.21 8252.44 8255.12 8267.39 8299.35 8318.12 8303.64 8326.09 8326.65 8321.19 8319.55 8327.93 8336.78 8314.08 8306.66 8299.93 8295.77 8288.34 8273.22 8250.83 8202.17 8180.65 8214.16 8220.21 8192.55 8165.3 8150.39 8180.98 8198.15 8221.02 8237.79 8245.4 8238.05 8216.24 8214.12 8199.77 8178.75 8160.83 8138.83 
8261.2 8245.59 8239.98 8247.44 8246.98 8243.83 8266.66 8290.53 8309.72 8320.11 8351.23 8340.3 8330.08 8323.14 8328.27 8332.99 8321.45 8316.05 8309.51 8300.96 8290.73 8274.12 8239.38 8214.6 8174.62 8178.25 8205.38 8204.32 8192.33 8175.13 8166.55 8168.94 8200.13 8228.49 8242.02 8239.82 8229.96 8243.6 8243.62 8226.39 8195.35 8169.5 
8280.94 8269.21 8260.07 8256.47 8255.08 8253.62 8261.28 8258.74 8270.71 8304.29 8331.45 8336.55 8329.42 8327.35 8334.12 8340.5 8335.87 8330.38 8331.11 8326.33 8311.41 8294.89 8278.45 8221.53 8190.2 8179.04 8174.85 8172.82 8196.31 8200.32 8177.98 8143.8 8166.61 8190.93 8225.13 8230.46 8225.31 8244.97 8303.42 8266.99 8225.55 8193.15 
8302.12 8313.82 8291.11 8268.88 8258.49 8273.41 8273.44 8275.9 8286.95 8302.6 8314.27 8319.4 8319.63 8313.94 8304.53 8309.41 8330.01 8358.06 8367.57 8359.02 8330.37 8315.05 8293.47 8231.17 8197.68 8155.74 8147.55 8159.05 8161.95 8174.14 8192.05 8150.86 8159.78 8175.99 8203.12 8194.48 8198.21 8223.23 8247.68 8255.31 8238.51 8213.62 
8315.38 8328.18 8304.18 8272.11 8248.66 8247.68 8285.29 8312.48 8278.38 8285.55 8307.1 8320.71 8317.29 8310.41 8314.55 8344.23 8365.04 8369.04 8345.03 8330.92 8324 8339.97 8352.11 8353.68 8301.11 8212.76 8165.86 8133.27 8218.05 8147.46 8157.94 8162.02 8169.85 8181.54 8197.49 8171.06 8167.87 8190.59 8228.75 8241.98 8238.01 8221.61 
8324.93 8328.05 8298.42 8257.81 8226.02 8232.89 8265.89 8264.24 8228.95 8262.07 8311.66 8337.18 8326.85 8324.44 8355.38 8434.28 8490 8375.76 8282.07 8236.12 8226.17 8278.95 8417.94 8484.45 8459.71 8385.77 8283.1 8191.5 8182.82 8154.68 8162.36 8164.12 8183.19 8206.35 8210.61 8163 8162.73 8166.53 8248.47 8261.51 8237.46 8212.24 
8312.6 8303.9 8271.05 8238.4 8209.28 8216.24 8252.2 8240.62 8240.08 8262.29 8299.7 8339.94 8378.11 8340.23 8405.25 8449.75 8504.07 8244.44 8124.22 8070.13 8077.08 8103.96 8190.3 8302.83 8391.86 8353.09 8346.41 8472.54 8299.67 8195.62 8182.91 8151.15 8175.89 8231.76 8248.09 8223.77 8202.56 8241.11 8268.43 8259.8 8220.25 8190.96 
8274.41 8251.75 8237.12 8221.69 8212.86 8215.96 8237.97 8235.72 8239.05 8261.65 8292.91 8348.91 8479.98 8588.78 8599.76 8306.97 7995.3 7977.68 7941.63 7897.28 7873.13 7829.51 7790.49 7864.83 7883.3 8022.18 8171.9 8328.95 8477.07 8285 8209.54 8106.17 8133.92 8182.41 8196.69 8199.42 8213.36 8229.06 8229.94 8202.84 8173.24 8151.6 
8230.96 8216.6 8210.09 8204.12 8204.78 8208.81 8207.77 8194.12 8213.23 8239.5 8273.11 8313.49 8488.87 8613 8287.17 8099.91 7923.98 7800.86 7728.78 7691.9 7640.74 7569.92 7497.75 7565.66 7641.28 7781.37 7956.61 8081.07 8293.31 8568.36 8337.01 8151.45 8118.89 8121 8113.36 8154.74 8207.5 8242.67 8210.23 8141.62 8139.49 8119.27 
8196.43 8191.87 8191.97 8183.38 8181.27 8198.44 8211.36 8189.25 8166.31 8236.87 8292.62 8352.07 8426.42 8359.45 8068.44 7876.12 7746.8 7652.83 7584.73 7520.11 7488.72 7421.84 7358.27 7449.44 7503.59 7629.16 7805.41 7999.34 8017.09 8331.9 8307.41 8199.75 8159.07 8125.45 8089.16 8135.9 8194.66 8231.1 8182.68 8163.66 8125.71 8093.69 
8227.25 8205.91 8200.8 8187.78 8171.8 8197.58 8223.44 8222.1 8214.85 8292.01 8375.01 8406.91 8353.33 8075.2 7751.88 7650.96 7584.22 7506.96 7456.87 7405.05 7372.64 7319.75 7323.61 7390.31 7450.23 7506.79 7637.21 7768.83 7910 7914.53 8134.96 8257.27 8242.82 8155.26 8094.59 8124.11 8160.17 8189.44 8167.87 8147.68 8111.63 8075.21 
8276.14 8247.89 8222.68 8212.12 8214.34 8206.32 8225.9 8244.04 8286.32 8369.43 8466.13 8492.32 8355.31 7935.24 7599.18 7506.22 7430.7 7363.98 7355.99 7331.01 7282.32 7210.96 7189.81 7214.99 7318.46 7375.77 7461.61 7543.88 7633.99 7906 8068.68 8222.95 8254.22 8210.04 8177.43 8119.34 8132.44 8159.73 8179.19 8135.57 8099.39 8063.33 
8269.12 8255.17 8233.63 8213.69 8206.6 8211.63 8218.78 8246.58 8350.8 8418.52 8511.42 8618.59 8315.29 7821.11 7580.76 7474.13 7380.78 7320.89 7309.09 7315.64 7276.36 7190.08 7174.86 7234.1 7201.96 7270.26 7356.38 7378.48 7494.83 7797.82 8066.44 8242.21 8319.83 8256.58 8182.63 8140.7 8132.2 8137.18 8143 8126.4 8101.65 8059.23 
8269.85 8252.04 8239.48 8230.14 8228.37 8237.24 8240.58 8268.8 8326.73 8370.58 8406.73 8378.29 8055.5 7841.33 7661.74 7506.8 7388.29 7321.15 7305.31 7354.65 7361.76 7334.43 7270.92 7230.88 7131.45 7212.55 7331.09 7378.48 7385.2 7752.82 8056.8 8343.09 8479.42 8279.55 8132.54 8174.63 8142.9 8100.17 8082.1 8091.37 8085.73 8059.18 
8230.37 8240.6 8243.84 8245.95 8255.03 8272.53 8286.76 8302.04 8310.38 8296.32 8244.56 8112.22 7867.2 7827.24 7713.78 7553.51 7405.04 7315.16 7329.97 7415.64 7483.25 7553.76 7458.19 7318.76 7156.83 7210.6 7336 7419.69 7455.33 7688.72 8008.86 8294.44 8409.72 8244.58 8117.2 8146.62 8138.62 8098.02 8047.04 8042.53 8047.93 8058.24 
8269.85 8250.96 8240.96 8250.54 8256.47 8265.02 8292.33 8303.99 8315.35 8261.66 8116.39 7907.98 7711.65 7809.46 7724.73 7587.01 7441.11 7308.57 7344.92 7471.63 7587.92 7605.01 7548.15 7436.23 7208.7 7224.88 7320.61 7391.97 7541.83 7732.17 7959.23 8181.42 8302.47 8207.29 8138.98 8147.41 8123.24 8081.68 8038.46 8041.17 8060.37 8067.42 
8288.9 8261.51 8229.53 8209.73 8248.13 8293.94 8338.55 8368.77 8344.72 8266.52 8086.79 7844.37 7721.6 7793.37 7720.19 7597.04 7417.75 7302.46 7341.32 7492.85 7646.18 7843.95 7646.17 7430.64 7216.53 7215.55 7296 7364.42 7406.35 7745.56 7945.09 8117.58 8183.12 8188.27 8145.16 8117.08 8107.56 8070.52 8057.93 8058.33 8076.84 8097.09 
8309.47 8259.28 8227.18 8205.36 8247.02 8298.04 8332.24 8358.62 8394.22 8371.73 8144.85 7894.05 7785 7742.22 7696.9 7600.06 7482.12 7367.83 7397.28 7470.26 7532.66 7555.49 7522.3 7375.25 7265.97 7259.95 7301.58 7382.86 7463.78 7721.26 7978.44 8140.63 8223.15 8198.38 8124.99 8083.42 8069.34 8061.55 8053.98 8055.15 8060.19 8092.44 
8360.64 8282.85 8258.39 8233.53 8261.24 8296.21 8351.57 8374.94 8413.33 8394.95 8195.5 7938.75 7786.98 7756.01 7696.22 7623.02 7546.16 7485.27 7462.28 7456.24 7424.36 7400.76 7402.65 7302.16 7357.57 7357.25 7385.35 7442.71 7672.66 7898.53 8163.49 8231.11 8204.36 8172.38 8134.74 8075.64 8056.51 8052.12 8063.55 8061.94 8030.36 8052.49 
8435.2 8382.32 8330.43 8301.4 8296.12 8306.04 8345.36 8379.36 8409.62 8389.77 8273.17 8040.15 7840.81 7767.11 7705.78 7659.93 7593.76 7547.63 7495.96 7446.24 7399.3 7353.55 7396.79 7476.37 7482.4 7500.1 7492.5 7544.16 7809.8 8144.14 8427.72 8332.99 8197.27 8222.95 8175.18 8096.91 8060.91 8048.61 8040.14 8022.89 8030.92 8064.21 
8455.49 8406.9 8382.58 8358.64 8327.41 8305.77 8300.07 8361.53 8409.41 8432.13 8381.1 8292.79 7969.79 7775.86 7741.9 7713.6 7637.69 7548.98 7442.06 7435.63 7398.59 7395.48 7525 7542.33 7463.36 7547.06 7501 7704.31 8038.32 8337.63 8558.56 8370.45 8240.13 8236.42 8174.17 8120.46 8078.49 8053.96 8043.92 8036.23 8044.96 8070.07 
8406.69 8376.35 8407.83 8384.97 8326.76 8312.65 8348.44 8352.93 8380.29 8398.98 8395.5 8384.49 8295.12 7987.24 7899.85 7817.32 7714.56 7617.66 7554.33 7475.76 7419.43 7415.45 7476.16 7562.87 7598.15 7700.12 7639.78 7780.6 7994.76 8395.09 8324.17 8284.57 8211.06 8165.8 8157.51 8104.16 8089.02 8065.68 8057.97 8066.32 8063.27 8066.31 
8353.03 8336.68 8318.58 8331.31 8300.81 8249.54 8286.78 8321.5 8337.98 8362.6 8372.86 8394.78 8433.99 8302.45 8096.49 7944.67 7816.56 7700.32 7596.72 7528.9 7485.75 7472.37 7603.16 7703.54 7725.21 7714.19 7796.99 7820.35 8106.05 8315.82 8239.2 8212.99 8193.5 8206.03 8169.22 8118.78 8086.66 8064.23 8066.47 8070.97 8082.38 8094.46 
8361.88 8292.45 8295.87 8323.75 8338.06 8260.93 8250.39 8282.12 8286.27 8280.86 8242.93 8224.59 8375.72 8342.84 8197.76 8056.15 7925 7789.76 7640.82 7624.97 7608.61 7650.48 7732.16 7815.66 7851.81 7908.06 7927.05 8090.07 8322.16 8283.01 8224.16 8197.53 8179.14 8223.86 8171.47 8098.21 8069.65 8065.64 8075.28 8085.23 8098.09 8136.93 
8416.39 8349.06 8378.39 8337.57 8328.48 8284.62 8278.67 8280.17 8264.74 8225.53 8187.16 8192.43 8217.58 8268.21 8198.34 8114.69 8032.28 7955.9 7861.18 7883.82 7827.94 7873.69 7934.13 7981.24 7984.93 7961.6 8027.49 8527.49 8397.79 8305.24 8267.8 8197.53 8181.38 8173.95 8148.23 8103.54 8082.1 8080.81 8091.18 8098.1 8108.61 8128.35 
8386.59 8341.84 8314.62 8308.22 8267.01 8271.75 8295.63 8279.34 8254.18 8222.11 8198.08 8187.69 8181.23 8186.4 8151.54 8132.14 8122.67 8146.53 8232.03 8308.13 8328.22 8259.99 8262.46 8198.49 8136.15 8133.46 8350.76 8357.57 8302.85 8247.83 8173.87 8165.01 8179.15 8164.6 8141 8123.66 8121.83 8125.08 8114.23 8108.96 8114.88 8120.87 
8381.63 8332.82 8306.31 8315.03 8321.37 8291.8 8279.34 8266.46 8247.85 8233.74 8239.08 8264.24 8223.96 8129.19 8129.68 8136.09 8157.06 8227.92 8369.05 8450.57 8491.42 8492.83 8468.26 8316.3 8239.34 8260.53 8285.23 8165.04 8166.12 8174.6 8156.36 8153.5 8186.82 8172.66 8148.98 8132.86 8158.03 8152.39 8126.09 8101.24 8091.8 8085.5 
8391.61 8368.47 8332.58 8339.19 8358.81 8314.3 8286.15 8270.03 8247.75 8232.13 8251.65 8260.06 8212.9 8162.28 8141.54 8149.44 8172.08 8215.59 8265.38 8267.49 8337.3 8322.86 8268.36 8282.16 8259.28 8246.46 8252.47 8185.05 8168.82 8165.93 8144.66 8131.3 8140.01 8175.32 8175.67 8153.35 8169.46 8150.91 8122.01 8101.27 8090.69 8071.58 
8375.22 8380.77 8359.11 8352.58 8360.9 8351.41 8320.01 8286.02 8253.89 8213.7 8162.29 8164.16 8162.25 8144.78 8139.64 8158.14 8185.72 8203.29 8189.29 8194.93 8225.82 8265.52 8200.64 8232.01 8244.8 8233.23 8250.78 8249.51 8206.9 8187.76 8167.11 8149.91 8170.55 8183.85 8189.82 8178.52 8164.33 8137.48 8113.39 8099.74 8082.1 8041.41 
8314.78 8324.55 8326.96 8342.07 8369.62 8397.74 8363.53 8323.47 8276.38 8225.36 8166.12 8171.89 8159.5 8148.03 8140.64 8152.65 8164.38 8171.16 8184.79 8222.11 8230.51 8224.48 8232.38 8229.76 8257.06 8283.23 8268.44 8249.65 8223.91 8192.71 8163.91 8136.33 8167.78 8173.62 8190.76 8176.09 8141.52 8114.5 8105.66 8106.85 8068.99 8018.93 
8266.99 8303.96 8316.05 8320.74 8357.81 8420.68 8384.7 8344.35 8302.51 8268.29 8224.1 8173.77 8168.86 8158.12 8149.95 8142.82 8147.47 8155.35 8176.38 8187.96 8185.65 8159.97 8181.3 8210.59 8233.67 8252.33 8233.7 8250.53 8209 8174.69 8144.98 8149.23 8141 8140.74 8127.96 8131.29 8113.62 8097.56 8097.55 8113.55 8099.67 8042.65 
8218.3 8245.65 8269.55 8294.7 8323.03 8379.92 8370.07 8346.27 8325.51 8312 8303.35 8227.05 8187.57 8163.93 8144.34 8147.73 8148.13 8145.94 8138.62 8138.45 8138.39 8157.44 8171.24 8191.54 8211 8224.47 8249.8 8209.62 8183.33 8155.89 8139.5 8153.74 8129.72 8115.75 8099.78 8094.72 8086.23 8072.66 8075.51 8106.48 8108.98 8059.68 
8179.59 8205.98 8231.76 8282.3 8300.3 8326.31 8349.07 8353.03 8336.18 8316.92 8288.53 8229.32 8191.31 8173.44 8170.52 8146.02 8129.79 8123.63 8109.61 8085.51 8103.21 8135.52 8162.44 8173.97 8182.53 8179.36 8172.93 8170.96 8159.9 8142.28 8119.82 8126.2 8116.45 8111.93 8102.72 8087.7 8069.02 8059.53 8072.13 8107.95 8074.37 8030.77 
8153.51 8178.24 8210 8264.56 8299.74 8335.44 8330.94 8342 8326.34 8301.05 8262.58 8211.57 8180.73 8169.25 8160.84 8140.14 8121.78 8110.65 8108.57 8130.03 8102.62 8127.92 8153.88 8154.75 8165.35 8187.26 8144.26 8166.16 8168.33 8150.92 8130.1 8131.12 8139.73 8128.2 8107.9 8091.95 8079.67 8080.81 8115.87 8091.71 8058.58 8044.33 
8135.12 8146.16 8219.97 8256.35 8091.94 8267.98 8312.96 8322.71 8310.5 8289.05 8241.42 8181.77 8161.01 8147.58 8125.98 8117.1 8112.18 8109.74 8103.68 8097.51 8155.25 8169.68 8153.62 8132.49 8110.4 8146.79 8119.79 8190.78 8174.47 8160.63 8151.06 8164.27 8173.86 8148.69 8124.95 8113.86 8115.61 8122.31 8128.57 8057.29 8029.84 8047.85 
8129.99 8147.42 8229.79 8305.37 8294.72 8280.56 8312.75 8312.38 8300.53 8272.01 8216.02 8174.02 8157.74 8133.37 8104.48 8096.5 8103.98 8110.11 8119.06 8133.68 8198.79 8190.68 8151.63 8117.67 8105.68 8159.74 8140.46 8147.53 8170.79 8165.48 8167 8191.69 8175.04 8159.76 8146.24 8155.49 8144.46 8154.32 8109.73 8058.22 8022 8019.92 
8148.35 8176.61 8230.59 8270.72 8331.02 8308.08 8295.18 8285.96 8279.59 8269.55 8220.84 8188.93 8166.97 8136 8110.33 8102.37 8105.25 8110.37 8119.85 8131.59 8162.83 8166.26 8145.86 8110.54 8079.01 8135.18 8135.17 8184.34 8173.2 8165.4 8154.39 8133.25 8128.94 8147.5 8175.88 8168.86 8128.52 8093.98 8075.23 8056.38 8027.29 8003.86 
