real_craters/C117-500m.grd
DSAA
146 146
-36.2425 36.2425
-36.2425 36.2425
3395.0726600482 5032.3225481142
[rows 30 to 59 of 146, columns 0 to 66 of 146]
4359.59 4354.6 4350.63 4348.75 4344.49 4342.37 4343.05 4341.96 4336.32 4335.7 4336.84 4336.92 4336.41 4335.44 4334.48 4333.63 4333.18 4333.26 4333.51 4334 4335.34 4333.24 4332.86 4332.86 4332.67 4331.78 4331.08 4330.57 4330.47 4330.46 4330.55 4330.52 4330.61 4330.59 4330.47 4329.88 4330.52 4331.02 4328.95 4330.06 4330.57 4329.86 4329.98 4329.65 4329.94 4330.14 4330.24 4327.93 4327.91 4329.38 4329.54 4328.69 4327.5 4327.02 4328.29 4328.37 4328.92 4329.69 4330.56 4330.74 4330.92 4331.12 4331.91 4337.93 4338.17 4371.57 4385.59
4358.34 4353.9 4349.56 4345.52 4343 4340.67 4341.01 4339.72 4336.46 4335.65 4335.11 4335.91 4335.87 4335.28 4334.51 4333.79 4333.15 4332.65 4334.27 4333.79 4332.89 4332.65 4332.43 4333.04 4333.13 4331.99 4330.93 4330.62 4330.64 4330.57 4330.49 4330.75 4330.52 4330.48 4330.49 4331.02 4332.02 4332.5 4328.69 4328.25 4330.22 4329.98 4331.04 4330.78 4329.85 4329.49 4329.59 4327.79 4327.64 4329.29 4329.97 4329.87 4329.42 4328.95 4328.6 4328.5 4329.81 4331.57 4333.05 4335.46 4335.67 4335.46 4333.43 4332.63 4356.31 4393.52 4389.69
4357.3 4353.39 4348.82 4346.74 4343.74 4342.34 4341.41 4339.47 4337.34 4336.49 4336.7 4336.32 4336.06 4335.58 4334.96 4334.27 4333.48 4331.89 4333.66 4333.32 4332.8 4332.23 4331.95 4334.97 4333.86 4332.32 4330.96 4330.88 4330.83 4330.63 4330.33 4329.87 4330.02 4330.49 4330.99 4331.3 4332.7 4334.7 4331.7 4329.54 4331.76 4330.48 4320.39 4331.89 4329.68 4328.71 4329.5 4328.6 4328.85 4329.34 4330.12 4332.05 4332.06 4331.48 4328.97 4329.93 4331.3 4332.75 4335.26 4337.39 4341.25 4344.4 4344.42 4338.47 4376.03 4398.15 4392.69
4356.85 4353.28 4350.33 4343.85 4342.95 4343.04 4343.3 4341.24 4337.7 4337.31 4337.55 4336.93 4336.47 4336.13 4335.74 4335.28 4334.57 4335.11 4333.37 4332.79 4332.56 4332.5 4333.06 4334.28 4334.11 4333.11 4331.69 4331.91 4331.56 4331.09 4330.5 4329.45 4329.72 4330.86 4331.47 4331.89 4333.33 4332.98 4332.95 4330.43 4330.07 4330.73 4330.61 4331.3 4329.47 4329.49 4329.67 4329.09 4329.18 4328.64 4327.94 4331.77 4331.29 4330.58 4328.09 4330.64 4332.03 4334.97 4339.08 4343.4 4349.21 4357.43 4368.82 4396.5 4430.83 4418.09 4395.32
4356.44 4352.3 4348.09 4343.89 4342.77 4343.19 4343.55 4341.37 4337.97 4337.52 4337.62 4337.29 4336.95 4336.57 4336.45 4335.88 4335.77 4333.89 4332.94 4332.08 4331.76 4332.78 4335.12 4335.03 4334.13 4333.92 4334.06 4333.4 4332.47 4331.74 4331.19 4331.09 4331.34 4331.63 4332.46 4334 4333.5 4332.9 4333.52 4331.93 4330.97 4331.39 4330.69 4331.38 4329.58 4328.99 4331.82 4328.99 4330.04 4328.78 4324.28 4302.23 4327.45 4332.55 4330.1 4330.37 4333.47 4337.7 4347.35 4355.36 4362.48 4371.28 4386.17 4411.88 4425.5 4412.86 4391.25
4355.72 4351.41 4347.32 4344.95 4343.55 4343.17 4342.43 4339.94 4338.09 4337.61 4337.43 4337.65 4337.82 4337.79 4337.76 4337.3 4336.57 4335.05 4331.78 4331.36 4331.1 4331.97 4333.8 4332.86 4333.31 4333.83 4334.79 4333.65 4332.74 4332.11 4331.81 4331.8 4331.9 4331.98 4332.45 4332.81 4332.36 4332.38 4331.68 4331.43 4332.24 4332.05 4330.55 4330.75 4329.39 4326.26 4335.96 4329.8 4332.63 4330.21 4330.15 4333.05 4330.41 4332.53 4332.64 4331.39 4338.53 4351.04 4359.17 4366.13 4370.79 4376.47 4383.89 4391.65 4392 4392.13 4376.67
4355.24 4351.44 4347.75 4344.09 4342.96 4342.83 4341.82 4340.63 4338.84 4337.97 4338.04 4338.57 4339.31 4339.84 4339.89 4338.97 4337.07 4333.8 4332.11 4330.91 4330.81 4331.46 4332.18 4332.15 4332.49 4332.9 4332.76 4332.64 4332.59 4332.24 4331.93 4332 4332.43 4331.56 4331.24 4331.93 4332.51 4333.31 4331.75 4329.96 4331.37 4330.52 4330.06 4332.09 4330.36 4329.56 4333.19 4330.61 4331.59 4330.82 4331.53 4331.95 4331.15 4330.41 4331.65 4331.7 4345.12 4359.44 4367.72 4369.96 4371.75 4377.22 4376.29 4370.19 4360.99 4363.02 4360.82
4354.88 4351.06 4347.56 4344.37 4343.26 4342.74 4341.56 4339.49 4338.41 4337.91 4338.3 4339.33 4340.95 4342.09 4342.68 4341.76 4338.38 4333.9 4332.93 4331.33 4331.46 4332.46 4333.59 4332.22 4332.41 4332.52 4332.59 4332.65 4332.47 4331.99 4331.63 4331.22 4331.59 4331.19 4330.78 4331.51 4332.91 4334.85 4333.71 4334.9 4332.38 4331.23 4331.23 4332.88 4332 4337.6 4333.61 4329.72 4333.22 4335.57 4332.62 4333.65 4333.42 4333.8 4335.78 4340.57 4366.77 4381.77 4381.84 4379.76 4377.97 4374.29 4368.22 4359.44 4354.32 4361.42 4355.74
4354.11 4350.52 4346.95 4343.79 4343.03 4342.89 4342.52 4340.73 4338.52 4335.72 4337.42 4340.63 4342.87 4345.08 4346.36 4346.65 4344.71 4339.38 4333.24 4331.94 4331.79 4332.16 4332.99 4333.2 4332.64 4332.69 4333.12 4333.63 4332.41 4331.58 4331.02 4330.92 4331.79 4332.7 4334.34 4334.02 4336.6 4355.19 4346.7 4336.87 4340.79 4331.23 4331.45 4335.91 4345 4365.53 4378.8 4357.79 4355.12 4353.4 4342.1 4347.74 4354.65 4358.45 4361.47 4420.49 4431.94 4407.94 4393.58 4385.02 4377.46 4373.04 4366.41 4358.21 4352.79 4361.07 4353.12
4353.43 4350.24 4347.24 4344.39 4342.73 4342.83 4342.97 4340.46 4340.3 4340.5 4341.15 4342.69 4344.5 4346.46 4348.69 4350.78 4353 4347.08 4337.57 4334.26 4332.86 4332.42 4333.46 4331.69 4332.38 4333.31 4333.85 4334.41 4333.09 4332.72 4331.96 4331.13 4331.82 4337.39 4346.79 4355.33 4403.26 4406.85 4411.63 4421.28 4388.07 4360.39 4343.5 4348.26 4394.25 4390.51 4376.87 4384.94 4385.16 4386.68 4385.42 4394.22 4417.26 4422.72 4455.85 4467.43 4444.75 4413.84 4394.78 4384.32 4377.78 4372.32 4368.56 4365.46 4366.48 4364.46 4357.34
4352.95 4349.58 4347.57 4346.43 4343.83 4342.81 4341.97 4340.69 4342.47 4345.01 4344.96 4345.16 4346.17 4347.94 4350.44 4353.11 4351.44 4346.87 4338.83 4337.12 4334.98 4333.2 4334.1 4333.72 4334.51 4334.77 4334.15 4333.56 4334.46 4335.33 4335.93 4335.01 4333.29 4344.26 4366.18 4395.05 4427.57 4412.65 4400.86 4408.6 4399.86 4397.82 4389.51 4406.57 4412.37 4382.36 4366.29 4379.34 4392.42 4410.55 4445.49 4428.28 4429.7 4430.67 4438.37 4431.73 4405.53 4394.55 4386.47 4380.86 4377.04 4375.06 4373.25 4374.18 4374.49 4365.37 4366.26
4352.74 4349.7 4347.78 4347.05 4343.75 4342.84 4341.22 4340.45 4343.44 4346.67 4346.44 4346.19 4346.59 4347.7 4349.65 4353.4 4360.88 4351.01 4345.36 4341.86 4338.71 4335.07 4335.78 4337.73 4338.44 4338.49 4337.65 4336.06 4338.69 4340.23 4339.99 4340.84 4346.25 4359.28 4376.31 4403.09 4421.8 4387.44 4366.47 4368.1 4370.95 4371.99 4394.87 4423.96 4424.87 4383.91 4359.01 4367.26 4381.63 4394.82 4404.22 4400.04 4386.04 4393.17 4394.27 4378.75 4364.44 4372.01 4374.07 4375.96 4377.14 4375.22 4377.98 4377.53 4376.72 4375.97 4379.17
4352.49 4347.42 4347.15 4345.63 4342.44 4342.76 4340.26 4340.12 4342.97 4345.54 4345.91 4346.07 4346.05 4346.34 4346.64 4347.4 4347.21 4346.07 4343.08 4346.19 4343.27 4340.19 4338.04 4339.82 4342.1 4343.54 4344.77 4344.39 4347.41 4346.77 4344.49 4345.07 4349.62 4358.3 4371.5 4382.82 4377.41 4363.45 4350.23 4348.18 4353.92 4352.54 4364.63 4379.3 4390.32 4376.09 4361.5 4362.78 4368.87 4367.73 4361.79 4364.33 4356.91 4361.97 4356.92 4349.35 4348.93 4356.93 4367.05 4374.44 4378.93 4382.19 4384.19 4382.46 4383.72 4398.27 4396.05
4355.48 4350.06 4348.45 4346.12 4339.58 4341.8 4341.62 4341.27 4341.3 4341.95 4344.62 4345.31 4345.25 4344.92 4343.44 4339.92 4335.66 4339.29 4343.88 4349.46 4345.89 4340.82 4338.7 4340.63 4344.9 4347.07 4353.74 4363.47 4362.98 4355.3 4348.11 4344.81 4343.83 4348.52 4361.71 4372.4 4363.6 4352.97 4349.21 4339.98 4341.95 4346.79 4350.1 4357.29 4363.56 4373.75 4373.54 4367.99 4361.96 4356.72 4352.04 4352.93 4352.23 4350.37 4347.33 4342.41 4343.77 4352.4 4363.66 4375.35 4382.28 4387.69 4391.22 4394.3 4396.92 4401.35 4400.56
4362.53 4358.74 4352.69 4345.87 4340.89 4338.57 4340.42 4341.82 4343.28 4343.84 4344.56 4344.5 4344.01 4343.14 4341.43 4338.05 4333.75 4335.51 4337.99 4342.69 4345.78 4347.85 4331.79 4335.93 4337.6 4346.14 4356.39 4369.8 4368.65 4356.77 4349.39 4344.63 4342.01 4343.93 4350.95 4360.46 4361.73 4346.39 4347.2 4350.04 4340.37 4340.2 4345.59 4350.06 4352.44 4351.02 4362.28 4359.69 4354.84 4352.88 4352.25 4351.83 4352.02 4349.27 4345.76 4341.31 4345.04 4356.2 4369.67 4381.58 4390.11 4396.61 4401.33 4407.69 4410.38 4415.8 4419.66
4366.8 4362.89 4356.64 4351.36 4347.27 4342.4 4340.15 4341.95 4346.03 4346.68 4344.97 4344.09 4343.4 4342.7 4342.01 4341.56 4339.48 4335.3 4331.01 4334.93 4342.17 4345.25 4344.11 4337.1 4334.04 4343.12 4351.15 4355.59 4353.5 4348.93 4344.71 4340.96 4336.97 4332.17 4340.17 4344.87 4349.16 4356.05 4349.97 4346.03 4339.13 4336.83 4339.09 4345.61 4350.16 4354.73 4361.36 4352.4 4348.12 4347.98 4348.7 4350.18 4353.26 4354.83 4354.86 4357.15 4361.34 4370.24 4383.08 4394.19 4402.68 4408.38 4411.67 4414.27 4427.82 4441.07 4430.82
4370.8 4365.57 4356.53 4352.85 4353.19 4348.95 4344.52 4342.71 4343.11 4344.35 4343.73 4343.17 4342.38 4341.94 4341.83 4343.39 4342.79 4336.62 4333.24 4331.17 4337.06 4342 4339.89 4341 4341.01 4346.26 4346.29 4341.39 4336.91 4339.47 4339.57 4337.96 4336.26 4336.48 4338.43 4338.96 4340.28 4347.18 4343.43 4342.14 4339.66 4339.02 4341.23 4343.48 4350.18 4365.4 4382.01 4383.44 4357.82 4348.65 4349.26 4352 4359.42 4367.21 4372.06 4375.24 4381.65 4391.3 4403.08 4413.37 4421.13 4426.99 4430.35 4429.64 4450.04 4464.8 4444.95
4366.07 4361.11 4351.93 4346.79 4354.31 4353.69 4343.77 4342.95 4341.44 4342.3 4343.01 4342.62 4341.96 4341.22 4340.66 4339.34 4338.34 4336.75 4335.98 4335.96 4335.97 4336.18 4336.98 4343.94 4356.01 4352.62 4345.56 4338.12 4332.7 4335.26 4336.68 4337.34 4337.83 4339.92 4340.7 4340.6 4338.71 4338.67 4342.1 4344.16 4347.47 4359.53 4351.69 4349.65 4368.26 4409.3 4420.32 4410.84 4379.54 4355.58 4364.14 4367.95 4378.36 4387.11 4392.86 4402.64 4412.61 4419.89 4427.95 4434.75 4441.37 4447.69 4455.74 4469.13 4472.47 4484.18 4465.96
4354.22 4352.52 4349.81 4348.11 4351.54 4357.07 4349.81 4345.82 4344.64 4343.7 4343.37 4342.7 4341.68 4340.42 4339.28 4339.24 4338.03 4336.88 4336.17 4336.04 4337.24 4334.75 4333.66 4341.51 4352.3 4350.95 4344.51 4338.93 4336.97 4335.14 4335.63 4336.39 4337.01 4337.19 4339.99 4345.91 4341.14 4339.35 4350.9 4367.9 4399.26 4412.63 4415.72 4410.11 4430.53 4436.1 4429.57 4413.84 4396.53 4393.11 4397.95 4419.96 4412.52 4411.36 4414.55 4419.22 4437.57 4454.42 4450.72 4454.56 4459.9 4466.56 4473.58 4475.75 4480.93 4471.72 4481.69
4353.95 4351.14 4350.49 4349.64 4348.14 4344.31 4348.94 4347.64 4342.8 4345.58 4344.03 4342.56 4340.64 4338.75 4336.92 4334.84 4335.78 4336.25 4336.58 4336.31 4332.98 4330.53 4333 4338.91 4343.85 4344.88 4342.53 4339.08 4335.15 4336.02 4336.2 4336.47 4337.63 4338.77 4341.54 4344.34 4339.81 4346.56 4375.59 4400.8 4424.57 4427.91 4430.79 4414.1 4421.66 4424.35 4416.37 4402.3 4394.58 4400.75 4415.71 4436.52 4432.61 4431.22 4435.74 4444.88 4452.78 4461.8 4469 4473.19 4477.51 4483.26 4490.27 4497.02 4494.07 4489.93 4474.83
4357.53 4352.01 4348.27 4347.37 4347.56 4344.5 4345.64 4348.37 4350.28 4347.8 4345.65 4342.83 4340.31 4337.99 4335.68 4334.7 4334.3 4335.64 4337.6 4339.64 4338.98 4331.59 4336.35 4340.18 4342.71 4342.29 4341.24 4339.35 4340.17 4338.41 4337.7 4338.67 4339.93 4342.5 4344.53 4341.49 4344.76 4372.11 4421.83 4426.81 4432.38 4428.57 4429.43 4423.53 4419.66 4413.37 4402.95 4391.08 4390.88 4399.45 4410.05 4423.03 4433.22 4440.84 4450.7 4464.05 4478.09 4482.58 4490.43 4496.56 4498.54 4500.07 4499.44 4502.61 4510.3 4510.39 4499
4355.51 4350.29 4344.98 4344.79 4346.84 4345.84 4345.18 4349.24 4349.65 4349.76 4346.56 4343.54 4340.7 4338.03 4335.67 4333.7 4333.94 4335.21 4337.45 4341.86 4346.75 4345.93 4347.19 4349.69 4348.5 4344.29 4340.21 4337.7 4336.96 4337.75 4339.77 4341.4 4342.93 4341.93 4338.71 4346.54 4375.87 4435.97 4456.35 4439.98 4424.48 4418.68 4413.68 4408.34 4404.7 4397.53 4387.12 4384.71 4387.79 4392.31 4398.87 4408.97 4427.76 4444.09 4460.35 4476.84 4493.43 4497.89 4506.99 4522.93 4526.4 4524.53 4515.78 4516.41 4530.54 4530.98 4521.57
4352.58 4347.93 4343.24 4343.25 4344.98 4344.89 4345.88 4356.59 4360.79 4351.95 4346.97 4343.3 4340.18 4337.52 4335.4 4334.9 4333.46 4333.12 4336.08 4337.16 4344.98 4348.39 4356.13 4362.88 4351.72 4345.5 4337.9 4335.4 4334.1 4337.03 4342.98 4348.23 4351.19 4351.07 4347.77 4366 4414.36 4446.56 4450.67 4439.16 4422.35 4406.49 4399.54 4393.01 4388.26 4387.28 4384.21 4382.98 4383.48 4385.09 4393.08 4406.29 4425.55 4446.35 4466.14 4484.53 4500.78 4512.01 4528.48 4552.38 4567.49 4571.05 4560.27 4556.76 4561.15 4559.31 4526.99
4349.29 4346.42 4344.79 4342.74 4343.47 4343.62 4343.73 4346.46 4350.45 4348.98 4345.7 4342.07 4339.35 4336.62 4333.29 4331.45 4332.53 4332.68 4333.27 4332.49 4333.57 4341.47 4350.25 4352.32 4343.32 4329.9 4333.92 4336.43 4336.3 4340.21 4352.23 4361.53 4367.29 4374.55 4383.99 4408.53 4448.93 4460.9 4453.06 4435.36 4414.44 4398.46 4390.96 4384.97 4382.78 4389.55 4386.17 4383.55 4382.01 4387.19 4391.9 4405.73 4428.01 4450.81 4472.48 4493.34 4512.93 4525.19 4547.95 4582.35 4611.17 4628.45 4613.73 4603.35 4592.62 4571.91 4559.76
4347.49 4344.57 4341.88 4341 4339.36 4339.53 4337.26 4339.32 4341.89 4344.07 4343.61 4341.78 4339.14 4336.25 4332.85 4332.58 4334.31 4336.02 4335.5 4333.54 4330.97 4334.98 4341.09 4342.58 4337.89 4331.99 4337.9 4345.4 4350.71 4357.91 4371.24 4380.55 4388.21 4399.46 4419.59 4436.04 4454.46 4454.62 4442.41 4436.43 4418.7 4403.53 4399.37 4395.22 4395.04 4392.55 4387.12 4390.11 4395.21 4396.86 4401.06 4415.56 4438.32 4461.33 4483.61 4503.25 4514.76 4535.5 4563.36 4607.64 4649.22 4692.68 4727.45 4634.83 4575.19 4529.99 4418.19
4345.37 4342.99 4341.03 4340.26 4340.68 4338.99 4337.55 4338.32 4340.23 4341.73 4342.15 4340.32 4337.79 4336.22 4333.39 4334.78 4339.38 4341.54 4340.75 4335.26 4331.02 4332.55 4336.4 4340.29 4339.73 4343.17 4350.52 4361.22 4375.24 4391.99 4395.93 4400 4405.85 4415.55 4429.18 4441.85 4436.4 4439.62 4449.16 4455 4433.18 4416.12 4413.24 4418.33 4426.74 4424.76 4406.38 4401.93 4415.56 4408.48 4410.83 4428.39 4451.76 4475.56 4498.52 4519.28 4545.42 4579.93 4587.35 4617.92 4649.89 4684.83 4706.18 4543.57 4367.1 4224.13 4099.29
4344.7 4343.03 4341.46 4340.63 4339.05 4337.51 4337.2 4337.29 4339.28 4341.5 4340.51 4339.59 4338.7 4338.04 4342.27 4343.55 4347.07 4351.74 4352.46 4342.82 4332.01 4333.68 4336.16 4336.12 4340.63 4349.61 4359.27 4376.31 4395.86 4414.83 4416.6 4416.6 4417.17 4422.61 4432.02 4440.4 4442.21 4435.88 4463.71 4479.61 4446.16 4423.96 4419.99 4425.85 4422.96 4424.59 4414.01 4413.26 4417.85 4420.05 4423.15 4448.06 4471.27 4495.98 4521.94 4545.77 4576.35 4593.43 4584.15 4617.36 4602.38 4573.46 4510.64 4337.75 4136.27 3974.11 3881.17
4345.48 4344.36 4343.18 4342.26 4340.98 4337.21 4331.86 4338.15 4340.45 4341.99 4341.55 4341.06 4339.06 4337.51 4338.08 4345.34 4354.42 4363.32 4370.59 4377.22 4362.97 4347.7 4341.32 4343.75 4349.02 4353.55 4369.31 4390.19 4409.26 4423.66 4427.5 4425.56 4423.28 4423.35 4426.77 4432.4 4427.89 4430.77 4445.16 4463.74 4445.43 4427.77 4424.21 4424.7 4424.53 4425.22 4418.57 4414.51 4422.06 4436.06 4467 4478.42 4501.86 4534.96 4562.23 4584.85 4591.33 4633.24 4715.45 4621.06 4509.2 4411.24 4293.14 4116.85 3940.88 3808.56 3775.4
4346.29 4345.42 4344.46 4343.31 4341.69 4338.7 4338.77 4339.72 4344.58 4345.26 4345.07 4343.78 4341.99 4337.88 4335.92 4347.67 4361.98 4374.89 4384.5 4382.95 4365.59 4346.45 4344.9 4346.78 4353.47 4369.42 4387.89 4404.01 4419.76 4432.65 4434.45 4430.19 4423.69 4417.8 4417.01 4420.47 4429.43 4424.38 4419.07 4434.42 4433.69 4434.54 4421.84 4420.89 4416.52 4417.34 4416.82 4414.05 4419.51 4444.44 4478.61 4502.99 4529.42 4562.59 4599.9 4636.6 4671.94 4752.86 4747.59 4545.52 4366.4 4214.8 4072.66 3919.55 3769.91 3728.79 3727.92
4343.61 4343.44 4343.15 4342.87 4343.89 4344.91 4349.3 4349.74 4352.88 4352.15 4350.97 4349.06 4348.17 4344.28 4337.08 4354.28 4369.15 4383.1 4394.79 4396.68 4372.4 4356.66 4348.13 4346.47 4354.55 4375.45 4398.2 4414.35 4428.5 4435.89 4438.37 4434.21 4423.54 4411.85 4405.24 4413.36 4423.42 4424.91 4425.77 4418.76 4417.36 4411.37 4414.15 4419.85 4421.02 4411.97 4408.53 4402.53 4413.55 4445.61 4486.66 4516.22 4548.49 4580.48 4628.08 4675.43 4729.1 4747.15 4536.64 4350.24 4177.64 4008.12 3875.6 3778.93 3708.72 3701.71 3681.06
