real_craters/C117-300m.grd
DSAA
243 243
-36.2425 36.2425
-36.2425 36.2425
3385.6497037815 5028.66362367
[rows 0 to 29 of 243, columns 0 to 66 of 243]
4354.28 4351.59 4349.39 4348.06 4347.34 4346.9 4346.5 4346.02 4345.34 4344.51 4343.92 4341.01 4338.01 4335.15 4332.68 4332.45 4332.93 4333.57 4333.65 4332.33 4330.7 4329.44 4329.8 4331.44 4331.9 4331.58 4331.11 4330.81 4330.97 4331.39 4331.87 4331.34 4330.71 4330.11 4329.38 4328.17 4327.88 4327.74 4326.99 4326.55 4326.15 4325.6 4324.9 4324.05 4322.85 4322.5 4326.24 4326.78 4326.85 4326.41 4325.57 4325.06 4325.07 4324.71 4324.43 4324.7 4326.22 4324.82 4325.21 4325.83 4325.98 4325.6 4324.93 4324.3 4324.84 4325.04 4323.6
4353.72 4352.29 4348.53 4347.78 4347.45 4347.13 4346.76 4346.23 4345.39 4343.99 4341.86 4340.34 4338.04 4335.52 4333.45 4333.05 4333.21 4333.49 4333.37 4332.22 4330.96 4330.08 4330.08 4330.97 4331.51 4331.2 4330.52 4330.34 4330.68 4331.05 4331.33 4331.06 4330.66 4330.26 4329.83 4329.54 4328.54 4327.81 4327.16 4326.63 4326.18 4325.71 4325.18 4324.37 4322.72 4318.91 4322.52 4325.78 4326.47 4326.43 4326.3 4326.15 4325.32 4324.57 4324.24 4324.11 4324.78 4324.53 4324.94 4325.89 4326.29 4325.46 4324.55 4323.6 4323.83 4323.43 4323.28
4358.06 4353.51 4350.41 4348.34 4347.73 4347.36 4347.02 4346.56 4345.87 4344.62 4342.26 4340.81 4338.55 4336.21 4334.72 4333.91 4333.76 4333.38 4332.89 4332.66 4331.21 4330.02 4330.86 4331.86 4331.51 4331.07 4330.51 4330.25 4330.44 4330.62 4330.51 4330.53 4330.5 4330.34 4330.15 4329.8 4328.97 4328.04 4327.34 4326.79 4326.39 4326.16 4325.95 4325.83 4326.06 4328.59 4328.01 4326.7 4326.56 4326.54 4326.45 4326 4324.57 4324.47 4324.11 4323.54 4322.99 4323.92 4324.51 4325.34 4325.48 4324.61 4323.46 4323.76 4324.22 4324.17 4324.45
4357.04 4353.42 4349.07 4348.7 4348.22 4347.78 4347.39 4347.03 4346.61 4346.27 4345.45 4342.3 4339.59 4336.84 4334.87 4334.85 4334.8 4334.69 4333.73 4332.2 4331.24 4330.35 4330.02 4330.92 4331.3 4330.98 4330.54 4330.32 4330.4 4330.53 4330.5 4330.48 4330.43 4330.31 4330.18 4330.02 4329.04 4327.98 4327.13 4326.65 4326.65 4326.74 4326.96 4327.36 4327.95 4328.24 4327.33 4326.82 4326.61 4326.58 4326.51 4326.24 4325.56 4324.95 4324.49 4324.1 4324.61 4325.14 4324.56 4324.92 4325.1 4324.83 4324.51 4324.42 4324.76 4324.8 4325.85
4354.24 4353 4351.46 4349.52 4348.67 4348.13 4347.72 4347.38 4347.1 4346.68 4345.49 4343.31 4340.92 4338.62 4336.74 4336.24 4335.93 4335.75 4334.5 4332.76 4331.34 4330.56 4330.09 4330.96 4331.2 4331.03 4330.64 4330.16 4330.61 4330.79 4330.75 4330.65 4330.44 4330.17 4329.85 4329.52 4328.77 4327.89 4327.25 4327 4327.05 4327.41 4327.87 4328.38 4328.94 4328.76 4326.79 4326.34 4326.39 4326.54 4326.62 4326.37 4326.03 4325.66 4325.16 4324.86 4325.11 4325.14 4324.29 4324.95 4325.66 4325.3 4324.85 4324.63 4324.73 4324.42 4324.78
4352.27 4351.62 4350.39 4349.64 4348.88 4348.29 4347.78 4347.36 4347.03 4346.77 4345.74 4343.8 4342.07 4341.13 4339.51 4337.55 4336.54 4335.61 4334.12 4332.5 4331.12 4330.18 4329.66 4331.4 4331.18 4331.07 4331.15 4331.44 4331.4 4331.25 4331.09 4330.9 4330.51 4330.02 4329.36 4328.7 4328.42 4327.92 4327.19 4326.86 4327.44 4328.03 4328.55 4329.04 4329.4 4328.95 4326.19 4325.95 4326.23 4326.56 4326.9 4327.32 4327.3 4326.41 4325.61 4325.25 4325.35 4325.02 4324.17 4324.87 4325.54 4325.57 4324.91 4324.8 4324.7 4324.02 4323.85
4351.63 4351.01 4350.22 4349.68 4349.07 4348.5 4347.91 4347.26 4346.59 4345.97 4345.07 4343.73 4342.32 4340.6 4339.25 4337.86 4336.63 4335.46 4333.17 4331.35 4330.7 4330.16 4329.94 4330.21 4330.57 4330.92 4331.44 4332.19 4331.9 4331.55 4331.35 4331.06 4330.64 4330.04 4329.4 4328.91 4328.69 4328.32 4327.65 4327.39 4328.22 4328.8 4329.09 4329.27 4329.31 4328.39 4326.23 4326.09 4326.36 4326.69 4327.01 4327.26 4326.81 4326.04 4325.69 4325.29 4325.03 4325.23 4324.31 4325.11 4326.16 4326.21 4325.9 4325.46 4325.05 4324.73 4324.1
4350.98 4350.69 4350.31 4349.86 4349.11 4348.43 4347.73 4346.9 4345.87 4344.5 4344.03 4343.51 4342.5 4341.04 4339.23 4337.5 4336.15 4334.68 4332.5 4330.95 4330.67 4330.38 4330.44 4329.38 4329.91 4330.47 4330.94 4331.24 4331.37 4331.49 4331.54 4331.39 4330.88 4330.07 4329.58 4329.35 4329.25 4329.49 4329.42 4328.67 4330.03 4329.87 4329.55 4329.27 4328.99 4328.29 4327.13 4326.61 4326.61 4326.72 4326.85 4326.98 4326.75 4326.34 4325.75 4325.24 4325.28 4326.6 4324.93 4325.6 4326.57 4326.89 4326.3 4325.73 4325.66 4325.3 4324.63
4349.96 4350.6 4350.5 4350.09 4349.56 4348.88 4348.07 4347 4345.86 4344.4 4344.02 4343.68 4342.83 4341.71 4339.16 4336.56 4334.82 4335.04 4332.76 4331.83 4331.24 4330.59 4329.38 4329.66 4329.64 4330.08 4330.43 4330.58 4330.88 4331.24 4331.58 4332.04 4331.06 4329.83 4328.68 4328.81 4329.58 4330.73 4333.1 4336.54 4332.55 4330.73 4329.8 4329.05 4328.4 4327.86 4327.44 4327.23 4326.98 4326.86 4326.71 4326.26 4325.94 4326.44 4325.63 4325.07 4324.63 4326.8 4326.14 4326.41 4327.54 4328.01 4327.23 4326.21 4326.53 4325.56 4324.62
4349.43 4350.54 4350.6 4350.22 4349.67 4349 4348.24 4347.37 4346.3 4345.23 4344.74 4344.31 4343.46 4341.11 4339.06 4335.51 4330.52 4327.63 4332.66 4332.95 4331.99 4331.22 4330.31 4328.87 4329.53 4329.95 4330.23 4330.6 4330.87 4330.75 4331.05 4331.46 4330.57 4329.61 4328.72 4328.88 4329.62 4330.57 4331.75 4331.68 4331.29 4330.38 4329.64 4328.89 4328.05 4327.77 4327.96 4327.6 4327.2 4327.05 4326.93 4326.66 4326.26 4325.34 4325.54 4325.25 4325.09 4326.37 4326.16 4327.25 4329.09 4330.6 4331.57 4330.87 4327.94 4325.58 4323.62
4349.07 4350.16 4350.43 4350.11 4349.55 4348.92 4348.27 4347.6 4346.96 4346.29 4345.62 4345.09 4344.6 4343.91 4339.92 4336.26 4332.94 4331.03 4332.38 4332.9 4332.37 4331.82 4331.16 4330.55 4330.2 4330.13 4330.02 4329.79 4329.49 4329.94 4330.02 4329.41 4329.37 4329.62 4329.74 4329.49 4329.56 4329.63 4329.13 4328.11 4329.05 4329.4 4329.25 4328.84 4328.17 4327.8 4327.48 4327.14 4327.08 4327.12 4327.25 4327.39 4327.4 4326.56 4326.02 4325.79 4326.03 4326.68 4326.55 4328.2 4331.78 4335.58 4337.05 4337.5 4331.24 4326.73 4324.54
4348.87 4350.33 4350.41 4350.09 4349.61 4349.01 4348.25 4347.69 4347.24 4347.02 4346.03 4345.36 4344.62 4343.05 4340.31 4337.4 4335.59 4334.2 4332.93 4332.68 4332.44 4332.21 4331.51 4330.69 4330.8 4330.34 4330 4329.56 4329.42 4329.63 4329.75 4329.53 4329.61 4329.87 4330.07 4329.77 4329.47 4329.12 4328.61 4328.32 4328.54 4328.91 4329.1 4329.17 4328.96 4328.22 4327.31 4326.84 4327.08 4327.28 4327.51 4327.82 4327.88 4326.92 4326.64 4326.66 4326.65 4327.33 4327.1 4328.54 4332.53 4336.61 4337.3 4336.17 4330.76 4326.65 4325.99
4348.92 4350.3 4350.52 4350.1 4349.58 4348.86 4348.13 4347.42 4346.68 4346.13 4345.74 4345.15 4344.31 4342.75 4340.21 4337.51 4335.06 4333.61 4332.7 4332.43 4332.24 4331.96 4331.23 4330.55 4330.57 4330.48 4330.31 4330.02 4329.65 4329.95 4330.13 4330.29 4330.46 4330.13 4329.92 4329.84 4329.47 4328.97 4328.52 4328.29 4328.38 4328.71 4329.04 4329.26 4329.6 4328.59 4327.82 4327.42 4327.34 4327.4 4327.63 4328.03 4328.5 4327.82 4327.46 4327.45 4327.05 4326.54 4326.94 4327.83 4330.82 4333.44 4333.72 4331.35 4328.3 4325.8 4325.22
4349.56 4351.26 4350.65 4350.01 4349.28 4348.6 4347.77 4346.93 4346.08 4345.54 4345.23 4344.75 4343.84 4342.25 4340.03 4337.36 4334.73 4333.17 4332.55 4332.14 4332.04 4331.81 4331.24 4330.86 4330.46 4330.75 4330.92 4330.97 4330.76 4330.99 4330.73 4330.24 4329.84 4330.37 4330.55 4330.1 4329.55 4328.95 4328.42 4328.04 4328.23 4328.65 4329.06 4329.18 4328.66 4328.65 4328.22 4327.94 4327.47 4327.42 4327.55 4327.81 4328.16 4328.41 4328.94 4328.52 4327.69 4327.33 4327.56 4326.8 4328.89 4330.58 4330.7 4329.37 4327.7 4326.56 4325.71
4350.85 4350.61 4350.36 4349.78 4348.99 4348.21 4347.36 4346.45 4345.46 4344.95 4344.78 4344.45 4343.85 4342.33 4340.1 4337.53 4334.88 4332.89 4331.85 4331.84 4331.99 4331.97 4331.02 4329.25 4330.7 4331.06 4331.54 4332.25 4333.39 4332.72 4331.39 4330.39 4329.92 4330.57 4330.96 4330.28 4329.62 4328.98 4328.43 4328.13 4328.23 4328.66 4329.2 4329.8 4329.86 4328.9 4328.09 4327.31 4327.14 4327.26 4327.37 4327.45 4327.54 4329.61 4330.95 4329.04 4328.19 4327.77 4327.97 4326.45 4327.73 4328.77 4329.45 4329.23 4328.08 4326.63 4327.04
4349.53 4350.62 4350.02 4349.23 4348.49 4347.74 4346.95 4346.15 4345.23 4344.69 4344.41 4344.08 4343.6 4342.3 4340.43 4338.19 4335.45 4333.08 4331.72 4331.7 4331.92 4332.52 4331.48 4329.95 4330.62 4331.25 4331.85 4332.63 4333.54 4332.89 4331.54 4330.52 4329.83 4330.19 4330.46 4330.21 4329.66 4329 4328.4 4328.01 4328.11 4328.64 4329.27 4329.72 4329.59 4328.99 4328.07 4327.14 4327.11 4327.24 4327.33 4327.36 4327.26 4327.47 4327.65 4328.28 4328.08 4328.11 4329.06 4327.03 4327.74 4329.26 4330.19 4329.8 4328.99 4328.22 4328.32
4349.96 4350.49 4349.55 4348.79 4347.97 4347.3 4346.81 4346.16 4345.41 4344.74 4344.14 4343.56 4343.12 4342.11 4340.9 4339.46 4337.56 4334.15 4332.3 4331.86 4331.57 4330.92 4330.54 4329.94 4330.78 4331.22 4331.66 4332.07 4332.04 4331.61 4331.13 4330.49 4330.23 4329.79 4330.13 4330.31 4329.8 4329.08 4328.35 4327.71 4327.91 4328.61 4329.31 4329.91 4329.75 4329.11 4328.37 4327.83 4327.46 4327.4 4327.47 4327.55 4327.7 4327.77 4327.48 4327.89 4327.86 4327.82 4328.61 4328.17 4327.49 4329.09 4330.28 4329.52 4328.57 4328.67 4328.97
4349.98 4349.4 4348.74 4348.14 4347.58 4347.1 4346.65 4346.05 4345.57 4344.84 4344.01 4343.01 4341.84 4341.8 4341.35 4340.4 4338.66 4336.24 4333.75 4332.31 4331.56 4330.93 4330.23 4329.86 4330.5 4331.07 4331.34 4331.51 4331.35 4331.08 4330.89 4330.46 4329.95 4331.61 4331.68 4330.88 4330.01 4329.17 4328.42 4327.94 4328.1 4328.71 4329.47 4329.71 4329.73 4329.22 4328.51 4327.82 4327.48 4327.57 4327.69 4327.85 4328.02 4328.09 4328.26 4328.05 4327.82 4327.69 4327.35 4326.36 4325.17 4327.61 4329.33 4329.74 4329.68 4329.3 4329.6
4349.97 4348.28 4347.71 4347.26 4347.07 4346.71 4346.37 4345.85 4345.36 4344.99 4344.28 4343.11 4342.04 4342.15 4341.99 4341.07 4338.77 4335.73 4333.66 4332.52 4331.89 4331.3 4330.71 4330.19 4330.75 4330.85 4331.01 4331.19 4331.39 4331.54 4330.98 4330.69 4331.23 4333.02 4332.46 4331.29 4330.34 4329.4 4328.53 4327.92 4327.94 4328.76 4329.78 4330.81 4330.13 4329.41 4328.71 4328.09 4327.81 4327.78 4327.96 4328.16 4328.41 4328.53 4328.68 4327.95 4327.73 4327.97 4329.1 4323.2 4324.01 4327.34 4329.72 4330.64 4331.16 4331.27 4331.83
4352.47 4348.09 4347.23 4346.93 4346.66 4346.52 4346.3 4345.92 4345.5 4345.48 4345.19 4344.33 4343.08 4343.31 4342.93 4342.04 4338.97 4334 4332.95 4332.49 4332.28 4332.22 4331.3 4330.54 4329.98 4330.3 4330.65 4330.91 4331.13 4331.17 4330.83 4330.56 4330.45 4331.18 4331.8 4331.26 4330.46 4329.64 4328.78 4327.65 4327.69 4329.05 4329.93 4330.14 4330.07 4329.51 4328.89 4328.46 4328.22 4327.99 4328.06 4328.39 4328.82 4329.2 4327.75 4327.27 4327.48 4327.7 4327.41 4328.2 4327.16 4328.51 4330.6 4331.24 4331.91 4333.42 4334.75
4350.93 4348.15 4347.12 4346.73 4346.6 4346.55 4346.55 4346.58 4346.37 4346.31 4346.45 4346.86 4346.39 4344.88 4343.65 4342.07 4338.71 4334.58 4333.03 4332.59 4332.43 4332.06 4331.78 4331.19 4330.59 4330.36 4330.46 4330.63 4330.71 4330.54 4330.6 4330.46 4330.31 4330.97 4331.27 4331.03 4330.5 4329.88 4329.45 4329.56 4329.85 4329.7 4330.09 4330.62 4330.02 4329.46 4328.84 4328.26 4327.81 4327.82 4328.06 4328.35 4328.7 4328.82 4327.42 4327.16 4327.49 4327.82 4328.59 4329.69 4328.47 4329.26 4330.79 4331.4 4332.92 4337.23 4340.94
4351.31 4348.48 4347.15 4346.64 4346.57 4346.54 4346.61 4346.88 4347.02 4346.57 4346.71 4347.75 4347.62 4345.27 4343.67 4341.98 4338.41 4334.74 4333.27 4332.79 4332.93 4333.02 4332.3 4331.95 4331.8 4330.57 4330.42 4330.47 4330.59 4330.92 4330.69 4330.61 4330.85 4331.26 4331.15 4330.91 4330.52 4330.07 4329.75 4329.84 4330.09 4329.84 4329.83 4329.7 4329.84 4329.39 4328.76 4328.06 4327.46 4327.65 4327.92 4328.28 4328.46 4328.27 4328.17 4328.02 4327.76 4328 4328.6 4330.19 4328.45 4329.65 4331.25 4331.64 4332.3 4345.11 4355.06
4352.32 4348.11 4347.2 4346.78 4346.63 4346.58 4346.48 4345.99 4345.97 4346.01 4345.69 4344.85 4344.53 4343.96 4342.72 4341.09 4337.61 4334.57 4333.31 4332.82 4332.59 4332.56 4332.42 4332.11 4331.26 4330.68 4330.36 4330.35 4330.41 4330.14 4330.35 4330.73 4331.07 4331.22 4331.01 4330.86 4330.51 4330.14 4329.71 4328.97 4328.32 4329.91 4330.55 4330.53 4330.03 4329.47 4328.83 4328.2 4327.89 4327.8 4327.95 4328.2 4328.4 4328.51 4328.45 4328.04 4327.81 4327.99 4328.58 4330.67 4329.32 4330.31 4331.91 4333.21 4335.08 4357.8 4375.25
4351.69 4348.36 4347.61 4347.07 4346.84 4346.8 4346.82 4346.54 4346.13 4345.59 4344.8 4343.7 4343.02 4342.39 4341.22 4339.24 4336.37 4333.98 4333.34 4332.95 4332.43 4332.28 4332.43 4332.28 4332.19 4330.69 4330.32 4330.34 4330.48 4330.68 4330.93 4331.04 4330.92 4330.38 4331.18 4331.01 4330.61 4330.2 4329.91 4330 4330.78 4330.62 4331.01 4330.88 4330.28 4329.59 4328.89 4328.25 4327.77 4327.63 4327.89 4328.17 4328.42 4328.59 4328.22 4327.48 4327.65 4327.78 4328.23 4330.04 4330.03 4330.69 4332.79 4337.46 4345.07 4368.82 4337.92
4351.3 4349.89 4348.25 4347.28 4346.94 4346.88 4347.11 4347.56 4346.58 4345.36 4344.29 4343.28 4342.19 4341.12 4339.9 4338.35 4335.95 4334.27 4333.57 4333.53 4333.47 4333.12 4332.65 4332.19 4331.73 4330.45 4330.23 4330.4 4330.75 4331.11 4331.3 4331.53 4331.98 4332.89 4331.87 4331.08 4330.57 4330.18 4329.89 4329.91 4330.24 4330.6 4331.27 4330.98 4330.35 4329.69 4329 4328.27 4327.45 4327.45 4327.87 4328.21 4328.47 4328.6 4328.43 4328.07 4327.77 4327.81 4327.95 4328.6 4329.71 4330.35 4332.8 4340.8 4359.68 4382.87 4296.93
4351.63 4348.95 4347.84 4347.28 4346.94 4346.76 4346.75 4346.66 4345.93 4344.86 4343.72 4342.54 4341.33 4340 4338.49 4336.78 4334.52 4333.63 4333.63 4334.03 4335.11 4334.04 4332.81 4331.83 4330.77 4329.96 4330.23 4330.57 4330.96 4331.62 4332.22 4331.7 4331.5 4331.31 4331.21 4330.94 4330.51 4330.03 4329.61 4329.21 4328.77 4329.74 4330.63 4330.6 4330.26 4329.77 4329.2 4328.61 4328.15 4328.09 4328.17 4328.36 4328.54 4328.75 4328.86 4327.98 4328.22 4328.03 4328.17 4329.7 4329.67 4329.67 4330.51 4336.27 4353.35 4362.68 4310.09
4351.3 4349.32 4347.94 4347.25 4346.79 4346.37 4345.86 4345.46 4344.97 4344.25 4343.27 4341.93 4340.7 4339.13 4337.19 4335.32 4333.93 4333.52 4333.57 4333.69 4333.43 4333.41 4332.58 4331.6 4330.62 4330.47 4330.58 4330.74 4331.01 4331.33 4331.31 4331.41 4331.09 4331.15 4331.08 4330.84 4330.46 4330 4329.49 4328.99 4328.87 4329.25 4329.47 4330.16 4330.18 4329.86 4329.39 4328.98 4328.8 4328.65 4328.42 4328.45 4328.53 4328.63 4328.71 4329.63 4328.88 4328.05 4327.78 4327.98 4330.11 4329.15 4328.8 4331.68 4341.77 4349.66 4350.11
4350.81 4349.2 4348.08 4347.38 4346.71 4346.06 4345.28 4344.41 4344.23 4343.75 4343 4342.11 4340.39 4338.75 4337.04 4335.67 4335.08 4334.09 4333.61 4333.43 4333.34 4332.89 4332.37 4331.6 4330.76 4330.45 4330.84 4330.87 4330.96 4331.02 4330.84 4331.26 4332.06 4331.43 4331.16 4330.92 4330.51 4330.02 4329.51 4329.06 4328.74 4329.59 4330.35 4330.36 4330.22 4329.9 4329.48 4329.08 4328.71 4328.36 4328.37 4328.42 4328.48 4328.53 4328.64 4329.19 4328.44 4327.56 4327.09 4327.2 4328.41 4328.28 4328.76 4331.19 4335.55 4339.52 4349.29
4350.52 4349.32 4348.5 4347.52 4346.7 4345.88 4345.14 4344.63 4343.97 4343.47 4342.72 4341.41 4340.07 4338.53 4337.36 4336.07 4335.4 4334.16 4333.56 4333.26 4333.06 4332.74 4332.36 4331.91 4331.51 4331.39 4331.01 4330.92 4331.06 4331.22 4331.35 4331.19 4330.72 4331.37 4331.53 4331.15 4330.74 4330.26 4329.81 4329.48 4329.55 4330.27 4330.75 4330.7 4330.41 4330.01 4329.6 4329.16 4328.69 4328.39 4328.33 4328.35 4328.39 4328.43 4328.5 4327.77 4327.17 4326.96 4326.6 4326.36 4327.94 4328.16 4328.64 4329.91 4331.37 4331.69 4336.39
4350.54 4349.77 4348.25 4347.72 4346.72 4345.7 4344.62 4343.97 4343.68 4343.3 4342.88 4341.79 4339.77 4337.97 4336.47 4335.08 4333.55 4333.67 4333.39 4333.02 4332.73 4332.65 4332.48 4332.29 4332.13 4331.81 4330.61 4331.03 4331.27 4331.55 4331.96 4331.58 4330.92 4331.52 4331.68 4331.39 4330.91 4330.45 4330.07 4329.91 4330.2 4330.91 4331.28 4330.96 4330.57 4330.14 4329.67 4329.21 4328.8 4328.5 4328.35 4328.3 4328.28 4328.21 4327.91 4327.18 4326.82 4326.82 4326.64 4326.71 4328.74 4328.43 4328.5 4329.15 4330.08 4331.7 4334.72
