real_craters/C117-300m.grd
DSAA
243 243
-36.2425 36.2425
-36.2425 36.2425
3385.6497037815 5028.66362367
[rows 180 to 209 of 243, columns 67 to 133 of 243]
4408.01 4403.29 4392.46 4387.77 4392.33 4399.22 4407.41 4420.41 4421.25 4413.84 4407.71 4403.05 4398.95 4395.18 4390.17 4385.91 4383.18 4380.92 4378.12 4377.63 4376.28 4375.71 4380.56 4384.32 4390.26 4396.43 4400.07 4409.21 4416.03 4420.99 4408.42 4398.4 4395.67 4394 4392.02 4390.27 4388.21 4386.17 4383.26 4383.49 4388.2 4389.52 4394.64 4400.76 4405.7 4408.94 4412.81 4418.1 4416.73 4414.32 4411.83 4409.39 4406.69 4403.8 4400.97 4401.04 4407.85 4409.11 4401.62 4393.57 4386.7 4381.72 4379.89 4383.94 4387.11 4386.72 4385.5
4393.99 4381.78 4364.14 4366.89 4376.62 4386.41 4398.25 4414.08 4415.71 4407.3 4403.34 4398.72 4393.34 4390.28 4388.98 4387.46 4386.81 4383.89 4382.13 4379.03 4378.2 4378.45 4378.35 4385.3 4395.74 4404.03 4414.62 4420.71 4424.37 4426.39 4416.1 4407.5 4403.42 4399.71 4396.71 4392.94 4389.78 4386.56 4384.36 4386 4389.94 4393.08 4396.6 4402.42 4408.65 4413.82 4416.81 4417.36 4415.39 4411.95 4408.34 4405.2 4402.68 4400.23 4398.22 4399.06 4407.73 4406.57 4398.7 4391.56 4386.39 4383.57 4382.8 4387.79 4387.36 4386.42 4385.98
4377.5 4362.88 4345.01 4351.61 4366.46 4381.35 4396.15 4409.78 4413.52 4406.24 4400.88 4396.65 4391.7 4388.89 4388.93 4387.35 4385.24 4382.63 4380.54 4380.48 4382.62 4384.58 4379.12 4389.98 4405.89 4420.03 4429.76 4432.66 4430.98 4426.67 4424.25 4417.48 4411.52 4405.77 4400.46 4395.81 4391.61 4388.09 4384.8 4383.69 4390.87 4396.09 4398.18 4402.52 4409.73 4420.38 4421.35 4416.98 4412.65 4407.94 4403.68 4400.46 4397.99 4396.49 4396.65 4398.82 4396.52 4396.17 4390.88 4386.68 4383.96 4383.58 4386.73 4394.39 4389.39 4387.85 4386.68
4358.2 4348.64 4343.62 4348.84 4362 4378.28 4393.82 4406.61 4412.29 4404.78 4400.86 4397.43 4393.43 4393.96 4391.58 4388.34 4384 4381.69 4382.25 4384.31 4385.61 4389.34 4391.71 4402.31 4418.48 4440.03 4449.27 4444.4 4437.99 4433.17 4432.72 4426.36 4419.02 4411.52 4405.13 4399.45 4394.6 4391.02 4387.9 4387.76 4392.63 4395.54 4396.67 4398.53 4402.93 4412.27 4416.63 4414.33 4406.64 4401.02 4397.02 4394.15 4392.07 4391.33 4391.91 4393.66 4391.82 4382.14 4380.34 4380.3 4379.72 4380.34 4383.61 4384.83 4388.47 4390.83 4386.88
4347.41 4342.47 4342.19 4347.77 4359.73 4375.31 4391.01 4403.46 4407.71 4407.18 4404.49 4401.32 4397.15 4393.99 4394.61 4393.17 4389.96 4389.06 4394.82 4395.44 4392.14 4397.53 4412.92 4416.6 4428.95 4440.89 4456.48 4451.53 4444.17 4439.6 4440.17 4433.1 4424.61 4416.07 4409.07 4402.65 4397.76 4393.96 4391.57 4391.5 4394.57 4395.72 4394.06 4391.09 4388.1 4385.2 4394.34 4398.19 4394.54 4391.4 4389.08 4386.58 4385.28 4384.66 4383.85 4382.27 4376.63 4375.42 4374.96 4374.36 4373.49 4373.46 4375.32 4376.46 4384.52 4386.23 4383.74
4345.19 4341.5 4340.93 4346.42 4358.59 4372.78 4390.53 4405.67 4415.08 4414.13 4412.79 4409.01 4403.78 4399.21 4402.92 4404.39 4402.31 4400.51 4402.28 4402.29 4403.89 4415.77 4431.15 4434.88 4441.3 4446.24 4453.51 4451.85 4450.43 4449.5 4446.72 4436.34 4426.36 4417.78 4410.67 4405.14 4400.81 4397.6 4394.75 4393.52 4397.31 4396.95 4391.04 4383.64 4374.97 4369.05 4369.88 4375.52 4379.66 4380.58 4380.09 4379.04 4378.17 4376.85 4375.2 4372.86 4371.62 4371.35 4370.67 4369.3 4367.32 4365.36 4365.71 4371.74 4379.6 4382.05 4376.68
4344.22 4342.32 4342.47 4347.91 4360.36 4375.98 4394.29 4412.25 4426.25 4428.8 4423.9 4419.99 4416.2 4411.62 4417.59 4421.01 4420.44 4415.45 4412.79 4408.88 4414.3 4433.84 4461.77 4457.54 4449.63 4448.42 4443.92 4443.26 4445.66 4447.09 4442.55 4433.51 4424.41 4416.41 4410.66 4405.78 4402.19 4398.98 4397.2 4397.45 4398.35 4396.25 4389.97 4378.59 4365.54 4356.76 4358.23 4363.23 4368.23 4370.91 4371.72 4371.57 4370.57 4369.81 4367.65 4365.3 4365.44 4367.13 4367.03 4364.64 4361.79 4358.47 4357.28 4360.56 4360.96 4360.93 4364.81
4344.41 4343.99 4345.81 4352.57 4364.59 4378.64 4399.94 4419.14 4433.41 4433.83 4432.63 4433.42 4433.04 4433.93 4438.24 4440.98 4441.9 4443.96 4431.24 4422.2 4429.35 4447.98 4470.1 4449.94 4441.4 4435.96 4431.74 4424.14 4422.43 4428.18 4429.93 4424.66 4418.21 4412.38 4407 4403.04 4399.99 4398.05 4398.15 4398.99 4399.45 4401.02 4393 4375.69 4359.78 4351.19 4353.26 4357.06 4360.47 4363.17 4365.2 4365.3 4365.12 4363.65 4361.57 4358.89 4358.83 4362.03 4362.83 4359.8 4357.67 4354.73 4351.35 4353.13 4352.57 4351.88 4355.26
4345.68 4345.65 4348.21 4356.41 4371.3 4390.14 4406.14 4424.73 4441.64 4446.8 4445.38 4446.16 4448.43 4456.52 4462.08 4457.01 4454.42 4451.27 4445.18 4434.58 4444.5 4451.65 4452.37 4436.4 4424.87 4415.53 4408.15 4394.55 4392.22 4404.39 4412.55 4411.95 4409.1 4405.33 4401.72 4398.33 4396.26 4394.86 4396.81 4399.69 4401.91 4400.47 4389.26 4370.45 4356.37 4350.11 4351.91 4353.78 4355.88 4358.16 4359.51 4360.55 4360.37 4358.96 4356.53 4353.56 4352.24 4355.11 4353.47 4353.51 4354.19 4355.74 4349.57 4348.84 4350.96 4347.03 4348.89
4347.07 4346.36 4347.95 4353.56 4371.06 4390.93 4407.15 4425.28 4444.38 4456.08 4455.38 4452.03 4453.23 4462.84 4467.09 4458.73 4453.58 4453.26 4445.06 4459.62 4436.73 4445.93 4436.59 4420.61 4408.54 4391.98 4370.66 4368.21 4372.48 4386.73 4395.98 4398.06 4397.7 4396.01 4393.92 4393.11 4391.35 4391.27 4392.74 4395.15 4398.49 4383.71 4369.09 4360.65 4353.73 4350.07 4350.44 4351.35 4352.8 4354.32 4355.87 4356.62 4356.24 4355.42 4353.29 4350.32 4347.47 4348.01 4346.51 4347.1 4349.07 4351.77 4347.47 4347.14 4347.76 4342.39 4344.14
4346.28 4346.36 4347.27 4351.01 4365.67 4383.95 4401.19 4418.93 4433.46 4442.07 4450.52 4444.01 4444.06 4448.02 4452.46 4444.9 4434.3 4423.52 4393.81 4352.42 4370.78 4414.15 4422.19 4408.79 4389.49 4372.57 4355.17 4351.45 4358.54 4372.38 4380.84 4384.74 4386.41 4387.19 4386.42 4384.97 4383.72 4384.76 4383.38 4381.68 4378.91 4364.71 4351.64 4351.58 4352.93 4350.19 4348.14 4349.41 4351.08 4352.71 4353.67 4354.05 4354.05 4353.29 4352.01 4349.92 4346.66 4346.45 4341.77 4341.62 4342.99 4341.46 4342.71 4344.84 4343.54 4338.48 4341.24
4346.47 4346.52 4347.8 4352.04 4359.19 4373.67 4391.63 4409.03 4425.47 4438.09 4426.86 4422 4424.85 4425.21 4430.36 4423.46 4404.27 4369.34 4321.33 4275.4 4305.17 4375.08 4393.95 4388.75 4380.37 4363.48 4347.8 4343.44 4345.65 4357.02 4367.41 4373.07 4376.45 4377.65 4377.31 4376.29 4374.66 4375.03 4372.25 4366.19 4359.04 4352.16 4343.49 4345.98 4349.42 4348.64 4347.33 4348.44 4350.18 4351.26 4352.41 4352.92 4352.87 4352.58 4352.24 4351.86 4351.95 4347.03 4340.35 4339.06 4340.42 4340.5 4339.38 4338.96 4335.46 4336.12 4338.95
4347.4 4347.32 4348.72 4351.04 4353.12 4365.25 4381.34 4396.02 4409.46 4417.69 4395.46 4394.4 4396.48 4399.73 4403.73 4401.69 4383.1 4354.18 4320.11 4282.95 4301.72 4354.23 4365.68 4370.99 4365.11 4354.08 4344.23 4340.56 4341.11 4350.74 4359.14 4364.64 4368.3 4369.94 4369.54 4368.98 4367.11 4364.21 4361.42 4357.4 4351.74 4344.64 4340.23 4343.01 4349.63 4348.18 4347.75 4349.01 4350.41 4351.36 4352.02 4352.08 4352.13 4351.9 4352.09 4352.76 4353.95 4346.87 4339.6 4338.33 4340.59 4342.08 4338.13 4336.73 4335.38 4334.89 4336.38
4347.32 4348.62 4350.38 4351.67 4352.84 4362.32 4372.68 4381.11 4385.57 4380.61 4371.22 4370.58 4373.39 4377.15 4378.58 4381.59 4372.06 4363.42 4361.03 4353.2 4362.12 4350.82 4348.12 4349.86 4345.97 4345 4342.04 4340.33 4342.12 4350.32 4354.25 4358.13 4361.43 4362.91 4362.64 4361.87 4359.84 4356.82 4353.19 4348.84 4342.97 4339.12 4338.01 4339.24 4341.6 4346.96 4349.15 4350.38 4351.08 4351.31 4351.53 4351.38 4351.21 4350.92 4350.91 4350.89 4350.33 4344.7 4338.37 4338.13 4340.49 4341.25 4338.43 4336.59 4333.9 4333.34 4334.23
4347.67 4350.41 4353.3 4357.06 4361.61 4363.7 4366.29 4368.11 4366.33 4359.19 4352.76 4353.49 4356.54 4359.24 4359.47 4363.44 4362.46 4358.63 4354.84 4356.21 4353.47 4346.54 4341.2 4342.24 4340.55 4341.25 4341.53 4342.82 4342.9 4346.57 4350.2 4352.82 4354.98 4355.86 4355.82 4355.15 4353.4 4350.56 4346.84 4341.97 4338.68 4337.24 4336.57 4336.48 4339.87 4347.91 4351.07 4351.7 4351.43 4350.98 4350.8 4350.21 4349.74 4349.08 4348.43 4347.32 4344.85 4339.28 4335.8 4336.61 4339.76 4341.86 4340.25 4337.93 4335.87 4332.39 4332.1
4348.63 4351.78 4355.57 4360.41 4368.29 4363.5 4360.52 4358.27 4354.57 4348.95 4344.7 4344.76 4346.75 4349.46 4352.11 4355.33 4353.23 4348.69 4342.98 4346.07 4347.34 4342.9 4340.12 4339.78 4340.51 4341.24 4342.28 4343.21 4342.46 4344.15 4346.87 4348.55 4349.47 4350.12 4349.86 4348.92 4347.63 4345.64 4342.72 4340.5 4338.04 4336.76 4333.98 4333.77 4340.06 4351.09 4352.88 4352.03 4351.15 4350.2 4349.43 4348.66 4347.87 4346.8 4345.61 4343.9 4340.84 4337.43 4335.85 4336.38 4339.17 4343.54 4341.72 4338.83 4336.21 4332.9 4332.27
4349.09 4352.27 4355.54 4359.09 4360.89 4356.71 4353.53 4350.68 4347.52 4344.02 4342.02 4341.95 4342.27 4343.54 4343.95 4345.57 4346.23 4343.52 4340.72 4341.63 4342.56 4340.07 4338.51 4339.65 4341.12 4341.87 4341.18 4340.51 4342.19 4343.52 4344.8 4345.69 4346.1 4346.45 4346.37 4346.41 4345.19 4343.41 4340.6 4335.73 4336.96 4336.41 4332.7 4332.01 4339.17 4349.76 4351.62 4350.98 4349.81 4348.7 4347.73 4346.75 4345.58 4344.41 4343.04 4341.27 4338.74 4336.8 4335.48 4336.27 4339.15 4341.66 4340.96 4338.64 4336.38 4335.45 4334.13
4349.59 4351.87 4353.68 4354.12 4348.89 4347.03 4346.38 4345.12 4342.96 4340.53 4340.29 4342.09 4340.94 4340.3 4339.68 4341.83 4341.9 4341.19 4341.1 4340.05 4338.27 4337.28 4336.79 4338.48 4342.08 4342.67 4340.77 4338.99 4341.66 4342.81 4343.25 4343.5 4343.69 4343.97 4344 4343.6 4342.99 4341.94 4341.13 4340.88 4338.5 4337.31 4333.76 4333.1 4337.88 4344.38 4347.74 4348.26 4347.91 4347.09 4346.11 4345.18 4344 4342.51 4340.88 4338.82 4336.83 4334.96 4333.19 4335.36 4338.71 4340.05 4339.24 4337.5 4335.87 4335.35 4335.11
4350.29 4351.38 4351.82 4350.3 4343.86 4340.88 4341.24 4341.15 4340.49 4339.72 4340.52 4342.47 4340.76 4339.27 4338.2 4338.22 4339.54 4339.5 4339.1 4337.91 4336.1 4336.29 4336.78 4337.68 4341.28 4342.48 4340.88 4339.44 4341.09 4340.77 4341.14 4341.64 4341.96 4342.12 4342.34 4342 4341.65 4341.26 4340.85 4339.92 4338.02 4335.74 4334.13 4333.74 4337.87 4342.62 4344.6 4345.51 4345.32 4344.88 4343.79 4342.83 4342.05 4340.29 4338.83 4337.02 4335.43 4334.07 4333.83 4335.36 4337.95 4338.45 4337.49 4335.95 4334.21 4333.29 4334.19
4351.03 4351.04 4350.45 4348.63 4342.57 4338.82 4338.88 4339.12 4339.27 4339.98 4342.14 4341.45 4340.89 4339.88 4338.99 4339.81 4339.52 4338.95 4338.22 4337.47 4337.24 4337.2 4337.83 4338.71 4340.85 4342.24 4340.59 4338.72 4337.36 4338.16 4339.71 4340.57 4341.16 4341.25 4341.35 4341.98 4342.1 4341.51 4340.43 4339.03 4336.98 4334.38 4334.57 4334.76 4337.49 4340.63 4341.34 4342.12 4342.47 4342.48 4341.83 4341.13 4339.98 4338.83 4337.33 4335.77 4334.48 4333.94 4336.08 4336.31 4337.42 4336.63 4335.91 4334.57 4333.07 4332.11 4333.45
4351.52 4350.83 4349.45 4346.93 4342.91 4339.63 4338.28 4338.33 4338.8 4339.39 4339.85 4341.8 4342.01 4340.6 4339.19 4338.91 4339.08 4338.96 4338.41 4337.88 4337.78 4337.85 4338.26 4339.24 4340.51 4342.18 4340.92 4338.35 4336.17 4337.51 4339.52 4340.81 4341.6 4341.9 4342.19 4341.82 4341.83 4341.35 4340.13 4338.63 4337.39 4336.95 4336.01 4335.87 4334.13 4335.3 4337.32 4338.77 4339.51 4339.77 4339.27 4338.77 4337.86 4337.09 4336.04 4335 4334.14 4333.76 4336.15 4336.76 4336.48 4335.61 4334.81 4333.68 4332.63 4331.97 4332.95
4351.85 4350.89 4349.12 4345.94 4342.69 4339.74 4338.02 4337.97 4338.55 4339.32 4341.31 4344.56 4343.23 4341.22 4339.51 4338.87 4339.53 4339.15 4338.65 4338.47 4337.97 4338 4338.2 4338.7 4341.71 4342.37 4341.77 4340.6 4338.79 4338.4 4340.06 4341.18 4341.7 4342.02 4342.23 4342.35 4342.41 4342.45 4341.74 4339.57 4337.68 4336.22 4335.14 4333.81 4331.12 4331.76 4333.97 4335.51 4336.86 4337.3 4337.26 4336.91 4336.55 4336.05 4335.39 4334.7 4334.14 4333.7 4336.24 4337.39 4336.26 4334.75 4333.99 4333.02 4332.36 4332.33 4332.4
4352.21 4351.17 4349.52 4347.36 4342.17 4337.58 4337.64 4337.83 4338.44 4339.12 4340.52 4342.27 4342.57 4341.35 4339.99 4339.39 4339.54 4339.42 4338.78 4337.39 4338.13 4338.26 4338.08 4338.03 4343.1 4343.05 4343.16 4342.36 4338.7 4340.53 4341.64 4341.73 4343.11 4342.1 4342.14 4342.77 4342.61 4342.73 4343.66 4340.65 4337.65 4335.26 4334.44 4333.52 4331.32 4331.3 4332.38 4333.27 4334.32 4335.07 4335.59 4335.59 4335.43 4335.17 4334.42 4334.28 4334.26 4334.25 4335.63 4336.93 4336.4 4334.37 4333.35 4332.45 4331.77 4331.25 4331.74
4352.95 4351.76 4349.88 4346.9 4342.88 4340.22 4338.09 4338.02 4338.52 4339.28 4340.18 4341.65 4342.07 4341.12 4339.9 4338.9 4339.74 4339.97 4339.88 4339.64 4339.22 4339.07 4338.22 4337.89 4340.65 4342.45 4343.68 4345.05 4344.18 4345.42 4345.26 4344.21 4343.24 4342.63 4342.24 4341.87 4341.51 4341.35 4340.84 4339.01 4337.19 4335.5 4334.54 4333.88 4332.42 4331.65 4331.94 4332.48 4332.86 4333.22 4334.1 4334.28 4334.46 4334.37 4334.21 4334.36 4334.68 4334.88 4334.9 4335.65 4335.51 4333.98 4332.8 4332.08 4331.59 4331.37 4333.04
4354.17 4352.39 4350.41 4347.6 4343.3 4338.75 4338.54 4338.54 4338.93 4339.6 4339.89 4340.54 4341.24 4340.86 4340.31 4339.8 4340 4341.05 4340.98 4341.54 4339.17 4336.64 4337.86 4337.4 4339.9 4343.35 4345.87 4348.37 4353.23 4351.74 4348.15 4346.11 4344.15 4343.36 4342.45 4341.63 4340.7 4339.86 4338.4 4337.32 4336.73 4335.66 4334.95 4334.08 4332.74 4332.03 4331.84 4331.91 4332.39 4332.71 4333.08 4333.17 4333.37 4333.63 4334.05 4334.51 4335.07 4335.68 4336.92 4337.16 4335.55 4333.13 4332.22 4331.81 4331.66 4332.02 4333.36
4355.47 4352.93 4350.27 4347.28 4343.99 4341.96 4339.9 4339.29 4339.61 4340.46 4342.21 4343.02 4340.93 4341.2 4341.58 4341.42 4342.37 4342.53 4341.21 4338.62 4337.35 4337.14 4338.14 4339.45 4343.44 4345.06 4347.03 4354.4 4359.44 4352.13 4349.1 4346.6 4344.54 4343.11 4341.91 4341.01 4339.89 4339.07 4337.61 4337.21 4336.67 4336.17 4335.8 4334.88 4333.5 4332.58 4332.17 4332.01 4331.99 4332.59 4332.76 4333.27 4333.49 4333.85 4334.16 4334.62 4335.26 4335.88 4336.72 4336.07 4333.92 4331.97 4331.63 4331.51 4331.67 4332.22 4333.11
4356.33 4353.02 4349.86 4346.88 4344.04 4341.32 4340.07 4339.61 4339.77 4340.46 4341.86 4343.1 4341.6 4342.18 4342.86 4344.1 4347.4 4344.47 4341.8 4339.57 4338.88 4339.94 4340.42 4343.65 4350.31 4348.08 4348.69 4362.38 4357.18 4352.06 4348.24 4345.52 4343.84 4342.46 4341.49 4340.35 4339.72 4338.93 4337.96 4337.55 4336.92 4336.42 4336.04 4335.36 4333.73 4333 4332.54 4332.41 4332.4 4332.59 4332.68 4332.79 4333.59 4333.91 4334.37 4335.01 4335.23 4335.39 4335.77 4334.65 4331.53 4331.08 4331.22 4331.35 4331.61 4332.08 4332.95
4356.25 4352.6 4349.11 4346.35 4344 4341.98 4340.7 4339.88 4339.88 4339.94 4339.61 4337.86 4342.47 4342.99 4343.45 4344.43 4346.17 4343.97 4341.87 4340.55 4340.11 4340.18 4340.05 4345.37 4357.3 4355.84 4347.12 4352.07 4348.01 4348.55 4345.06 4343.28 4342.26 4341.29 4340.49 4339.93 4339.51 4339.08 4338.44 4338.09 4337.47 4336.64 4335.69 4334.82 4333.68 4333.25 4332.97 4332.7 4332.71 4332.65 4332.76 4333.03 4333.46 4333.73 4333.99 4334.31 4334.57 4334.74 4335.38 4336.68 4332.26 4331.55 4331.21 4331.17 4331.37 4331.81 4332.85
4354.68 4351.61 4349.13 4346.3 4343.98 4342.19 4340.88 4340.04 4339.64 4339.49 4339.43 4340.53 4342.4 4342.93 4343.01 4342.82 4341 4341.23 4341.2 4340.59 4340.87 4341.08 4341.2 4349.1 4359.71 4362.87 4354.26 4350.46 4341.29 4338.25 4340.12 4340.39 4340.51 4340.11 4339.73 4339.28 4338.96 4338.86 4338.69 4338.4 4337.99 4337.04 4335.44 4333.89 4333.78 4333.45 4333.29 4333.12 4333.13 4333.15 4333.19 4333.31 4333.51 4333.5 4333.7 4334.19 4334.23 4334.25 4334.84 4333.84 4333.38 4332.29 4331.3 4331.04 4331.14 4331.31 4331.35
4351.83 4349.85 4348.31 4345.65 4343.52 4341.93 4340.94 4339.78 4339.48 4339.67 4340.1 4340.18 4341.89 4342.61 4342.67 4342.19 4342.01 4342.47 4340.92 4339.5 4339.24 4341.98 4344.6 4351.37 4358.94 4361.62 4354.31 4346.64 4339.75 4337.06 4337.49 4338.31 4338.58 4338.89 4338.69 4338.8 4338.52 4338.19 4338.28 4338.63 4338.74 4338.35 4335.83 4334.08 4333.94 4333.69 4333.45 4333.3 4333.31 4333.13 4333.39 4333.48 4333.64 4333.78 4333.74 4333.68 4333.92 4333.76 4334.8 4333.26 4332.69 4331.05 4330.76 4330.76 4330.97 4331.4 4331.83
