real_craters/C117-300m.grd
DSAA
243 243
-36.2425 36.2425
-36.2425 36.2425
3385.6497037815 5028.66362367
[rows 210 to 239 of 243, columns 0 to 66 of 243]
4341.3 4340.36 4339.57 4338.9 4338.81 4340.57 4340.77 4339.94 4339.7 4339.67 4339.85 4340.41 4341.04 4341.41 4341.6 4341.52 4341.45 4342.31 4343.63 4345 4346.17 4347.04 4347.54 4347.44 4346.35 4343.49 4340.58 4339.97 4339.31 4339.07 4338.84 4338.48 4338.1 4337.63 4337.09 4336.61 4336.14 4335.59 4335.25 4334.99 4335.02 4335.12 4335.33 4335.93 4336.84 4337.61 4339.18 4342.14 4344.58 4344.13 4341.22 4341.13 4340.32 4337.12 4321.57 4337.47 4357.6 4368.02 4370.67 4367.06 4364.61 4378.03 4369.28 4358.07 4350.19 4350.1 4349.88
4341.53 4340.5 4339.48 4338.43 4338.49 4339.35 4339.95 4339.92 4339.51 4338.89 4338.89 4339.98 4341.04 4341.76 4341.92 4341.82 4341.52 4342.65 4344.3 4345.85 4347.07 4347.95 4348.43 4348.33 4347.33 4344.98 4340.61 4340.84 4340.76 4340.32 4339.92 4339.48 4338.93 4338.33 4337.6 4337 4336.43 4336 4335.52 4335.2 4334.84 4334.64 4334.49 4334.84 4335.64 4336.61 4338.38 4341.69 4343.55 4343.6 4343.02 4342.34 4341.73 4342.02 4350.2 4359.67 4367.83 4381.53 4390.27 4380.56 4376.63 4381.79 4369.92 4357.21 4348.91 4347.2 4347.11
4341.63 4340.55 4339.63 4338.99 4338.35 4338.06 4339.88 4340.15 4339.77 4338.74 4338.68 4340.12 4341.46 4342.54 4343.09 4342.96 4342.52 4343.86 4345.61 4347.02 4348.11 4349.17 4349.78 4349.92 4349.51 4348.28 4344.46 4343.42 4342.83 4342 4341.34 4340.68 4339.96 4339.26 4338.54 4337.82 4337.11 4336.42 4335.81 4335.25 4334.77 4334.43 4334.26 4334.38 4335.04 4336.58 4338.76 4341.43 4344.94 4346.53 4345.66 4344.32 4344.24 4346.12 4351.5 4359.18 4371.73 4388.53 4403.39 4386.91 4376.48 4374.77 4367.04 4357.51 4348.27 4346.28 4345.8
4341.82 4340.68 4339.86 4339.38 4338.68 4338.34 4339.85 4339.92 4339.62 4339.08 4339.48 4340.73 4342.18 4343.58 4344.77 4345.44 4345.78 4346.51 4347.42 4348.36 4349.36 4350.4 4351.26 4351.88 4352.1 4351.44 4349.1 4347 4345.44 4344.03 4343.01 4342.06 4341.13 4340.23 4339.36 4338.53 4337.68 4337.05 4336.31 4335.62 4335 4334.48 4334.2 4334.09 4334.33 4335.41 4337.96 4341.51 4345.76 4351.15 4348.33 4346 4345.41 4346.24 4348.55 4354.5 4366.08 4378.77 4386.13 4375.53 4370.44 4369 4362.75 4354.99 4348.99 4346.1 4345.54
4342.28 4341.11 4340.11 4339.39 4338.66 4338.23 4338.93 4339.32 4338.4 4338.94 4339.99 4341.35 4342.78 4344.48 4346.47 4348.17 4349.54 4349.19 4349 4349.17 4349.87 4350.92 4352.15 4353.41 4354.58 4355.01 4352.81 4350.56 4348.61 4346.93 4345.66 4344.48 4343.35 4341.93 4340.91 4339.92 4338.62 4337.76 4336.9 4336.12 4335.43 4334.87 4334.3 4334.03 4333.78 4334.04 4336.87 4340.68 4344.67 4348.27 4348.32 4346.71 4345.55 4345.23 4346 4348.94 4356.9 4362.58 4360.73 4358.15 4363.16 4363.21 4358.38 4352.96 4347.85 4345.97 4345.83
4342.47 4341.08 4339.89 4339.03 4338.7 4337.33 4340.73 4340.5 4339.15 4339.63 4340.86 4342.14 4343.36 4345.03 4347.33 4350.02 4351.63 4350.32 4349.25 4349.03 4349.61 4350.74 4352.37 4354.26 4356.31 4357.83 4357.97 4354.15 4351.73 4349.73 4348.26 4346.86 4345.51 4343.81 4342.56 4341.36 4340.13 4339.02 4337.96 4336.98 4336.13 4335.47 4335.17 4334.64 4334.3 4334.07 4336.65 4339.67 4342.13 4343.27 4344.71 4345.76 4344.72 4344.1 4344.12 4345.73 4349.9 4352.61 4351.47 4351.17 4356.59 4356.82 4353.99 4350.22 4347.18 4345.92 4346.27
4342.62 4341.1 4339.59 4337.95 4335.95 4338.24 4341.89 4343.42 4340.85 4341.98 4342.47 4342.05 4342.21 4343.23 4345.47 4348.99 4351.1 4348.82 4347.45 4347.27 4348.02 4349.54 4351.58 4354.01 4356.7 4359.12 4358.96 4355.61 4354.05 4352.24 4350.68 4349.12 4347.57 4345.66 4344.19 4342.78 4341.36 4340.05 4338.83 4337.69 4336.65 4335.8 4335.54 4335.41 4335.86 4336.41 4337.57 4339.23 4340.59 4341.63 4343.47 4343.62 4343.21 4343 4343.23 4343.19 4346.8 4349.29 4350.24 4348.83 4350.03 4351.57 4350.53 4348.29 4346.38 4345.89 4346.76
4342.87 4341.5 4340.03 4338.44 4337.06 4338.19 4346.5 4345.04 4342.3 4343.71 4342.82 4340.83 4339.72 4339.56 4340.47 4342.7 4344.18 4343.62 4343.44 4344.04 4345.34 4347.31 4349.83 4352.81 4356.04 4359.23 4361.37 4358.25 4356.06 4354.29 4352.58 4350.8 4349.01 4347 4345.33 4343.75 4342.32 4340.87 4339.55 4338.3 4336.98 4335.96 4335.63 4335.94 4336.94 4338.29 4338.29 4339.01 4339.99 4340.74 4340.83 4341.27 4342.09 4342.53 4343.58 4345.46 4347.28 4348.93 4350.36 4351.07 4349.05 4349.2 4348.91 4348.07 4347.13 4347 4347.41
4343.37 4342.23 4341.14 4339.96 4339.12 4339.47 4334.56 4328.91 4339.94 4342.96 4340.83 4337.68 4335.66 4334.23 4333.43 4333.07 4334.45 4336.36 4337.96 4339.51 4341.57 4344.02 4346.97 4350.32 4353.92 4357.51 4360.16 4358.51 4357.29 4355.74 4353.93 4351.97 4350 4347.94 4346.13 4344.45 4342.8 4341.37 4340.05 4338.82 4337.53 4336.46 4336.1 4336.19 4336.76 4337.19 4337.98 4338.69 4339.56 4340.38 4341.14 4340.18 4341.24 4342.82 4344.45 4346.48 4347.93 4349.29 4350.49 4350.91 4348.83 4349.03 4348.76 4348.12 4348.07 4348.14 4347.73
4344.01 4343.56 4342.78 4341.64 4340.02 4337.27 4332.81 4335.71 4337.55 4338.67 4336.29 4332.89 4330.38 4328.16 4326.34 4324.72 4326.05 4329.03 4331.64 4334.28 4336.63 4339.71 4342.85 4346.43 4350.25 4354.28 4357.5 4358.97 4358.1 4356.74 4354.84 4352.76 4350.68 4348.69 4346.82 4345.08 4343.4 4341.88 4340.58 4339.41 4338.24 4337.46 4336.77 4336.27 4336.39 4336.78 4337.45 4338.24 4339.15 4340.03 4340.34 4339.32 4341.4 4343.31 4345.14 4346.6 4348.17 4349.65 4350.68 4351.13 4350.43 4349.98 4350.01 4349.46 4348.29 4346.87 4347.68
4344.8 4344.84 4344.52 4343.85 4341.97 4336.99 4329.87 4333.42 4333.23 4331.9 4329.89 4326.76 4324.44 4322.27 4320.27 4318.59 4319.86 4322.58 4325.28 4328.1 4331.04 4334.19 4337.59 4341.32 4345.43 4349.93 4354.73 4357.12 4358.42 4357.13 4355.09 4352.91 4350.79 4348.77 4346.9 4345.14 4343.56 4342.14 4340.92 4339.9 4338.84 4337.48 4337.03 4336.25 4335.59 4335.78 4336.92 4337.94 4338.95 4339.78 4340.36 4341.32 4342.56 4344.14 4345.71 4347.57 4349.19 4349.81 4350.48 4351.04 4351.17 4350.51 4350.04 4349.57 4349.03 4349.54 4347.92
4345.67 4346.01 4346.41 4346.45 4345.73 4341.37 4330.52 4328.85 4328.36 4324.92 4323.14 4321.03 4319 4316.99 4315.34 4314.39 4314.84 4316.81 4319.29 4322.22 4325.33 4328.62 4332.1 4335.72 4339.54 4344.02 4349.24 4357.05 4358.02 4356.17 4354.13 4351.98 4349.96 4348.18 4346.42 4344.83 4343.38 4342.03 4340.89 4340.09 4339.72 4339.97 4338.07 4336.55 4335.65 4335.77 4336.72 4337.77 4338.87 4339.98 4341.15 4342.66 4343.78 4344.83 4346.19 4347.56 4348.61 4349.42 4349.85 4349.67 4350.17 4350.21 4350.38 4349.59 4348.76 4347.54 4347.57
4346.16 4346.9 4347.66 4348.26 4348.43 4345.37 4335.57 4328.14 4323.84 4316.94 4317.18 4315.46 4313.35 4311.18 4309.9 4309.72 4309.72 4311.14 4313.57 4316.39 4319.76 4323.03 4326.33 4329.68 4333.09 4336.91 4340.68 4348.9 4354.94 4353.44 4352.03 4350.37 4348.84 4347.26 4345.72 4344.3 4342.92 4341.59 4340.43 4339.57 4339.09 4339.01 4337.94 4336.71 4336.08 4336.21 4336.96 4337.99 4339.18 4340.44 4341.69 4343.21 4344.82 4345.64 4346.46 4347.37 4348.31 4348.8 4349.35 4350.21 4349.47 4349.5 4349.02 4348.97 4348.47 4347.99 4347.84
4346.19 4346.9 4347.67 4348.47 4348.55 4346.75 4335.78 4326.54 4321.2 4317.69 4314.89 4311.62 4308.52 4305.58 4303.46 4302.89 4303.63 4305.44 4308.16 4311.34 4314.49 4317.73 4321.03 4324.09 4327.08 4330.02 4332.95 4339.28 4348.13 4348.69 4348.58 4347.8 4346.9 4345.81 4344.62 4343.32 4342.11 4340.81 4339.53 4338.36 4337.48 4337.2 4336.53 4336.22 4336.02 4336.4 4337.17 4338.32 4339.57 4340.84 4342.4 4344.77 4345.89 4346.13 4346.4 4346.67 4347.44 4347.58 4348.29 4348.51 4348.63 4349.06 4349.31 4348.62 4348.2 4348.08 4348.03
4346.17 4346.82 4347.29 4347.47 4346.52 4342.98 4333.77 4325.02 4320.47 4317.71 4313.99 4309 4304.4 4300.38 4296.68 4295.63 4297.5 4299.82 4302.65 4305.85 4309.03 4312.36 4315.55 4318.55 4321.32 4324.08 4326.73 4331.46 4340.61 4343.27 4344.99 4345.4 4345.24 4344.7 4343.91 4342.92 4341.83 4340.49 4338.98 4337.28 4335.18 4334.19 4335.16 4335.7 4336.19 4336.82 4337.76 4338.73 4339.61 4340.93 4342.4 4344.21 4346.09 4346.29 4346.36 4346.03 4344.54 4346.5 4348.51 4348.9 4348.84 4348.53 4348.33 4348.01 4347.72 4347.54 4347.76
4345.58 4345.8 4345.8 4345.26 4343.91 4340.58 4331.9 4323.06 4319.22 4317.96 4313.07 4306.56 4300.86 4296 4291.92 4290.69 4292.57 4295.19 4298.08 4301.61 4304.97 4308.1 4311.38 4314.35 4317.32 4319.82 4322.53 4326.16 4334.17 4338.11 4340.8 4342.02 4342.51 4342.63 4342.31 4341.66 4340.8 4339.69 4338.33 4336.72 4335.03 4334.01 4334.87 4335.74 4336.19 4337.04 4337.92 4338.82 4339.96 4341.32 4342.44 4343.98 4345.62 4346.25 4346.53 4346.69 4347.17 4347.18 4347.75 4348.13 4348.55 4348.12 4347.51 4347.38 4347.18 4347.12 4347.6
4344.41 4344.24 4343.57 4342.61 4340.78 4337.41 4329.81 4321.69 4318.31 4315.35 4310.06 4303.55 4297.36 4292.31 4289.17 4287.91 4288.85 4291.33 4294.44 4297.79 4301.23 4304.71 4308.04 4311.11 4314.03 4316.9 4320.21 4324.38 4330.64 4334.57 4337.56 4339.26 4340.28 4340.94 4341.09 4340.88 4340.35 4339.51 4338.45 4337.15 4335.91 4335.28 4335.51 4336.25 4337.04 4337.36 4338.12 4339.14 4340.05 4341.24 4342.6 4344.23 4345.53 4346.18 4346.79 4347.51 4348.24 4347.73 4345.85 4348.57 4348.76 4348.63 4347.59 4347.07 4346.79 4346.67 4347.16
4342.87 4342.4 4341.52 4340.14 4337.71 4333.48 4327.2 4322.18 4316.97 4312.6 4306.73 4300.07 4293.63 4288.12 4284.64 4283.95 4285.27 4287.84 4291 4294.37 4297.96 4301.45 4304.95 4308.24 4311.42 4314.66 4318.49 4323.2 4329.43 4332.42 4335.31 4337.33 4338.8 4339.96 4340.59 4340.79 4340.59 4339.99 4339.09 4337.9 4336.88 4336.04 4335.92 4335.96 4336.56 4337.21 4338.11 4339.2 4340.09 4341.23 4342.43 4343.64 4345.16 4345.88 4346.89 4347.95 4349.09 4349.44 4348.75 4349.75 4354.12 4350 4347.7 4347.02 4346.6 4346.42 4346.95
4341.11 4340.25 4339.4 4337.94 4335.4 4331.99 4326.62 4319.7 4317.1 4310.05 4303.42 4296.68 4290.1 4284.07 4279.35 4279.87 4282.16 4285.13 4288.32 4291.81 4295.46 4299.05 4302.63 4306.06 4309.48 4312.95 4316.93 4320.92 4326.93 4330.58 4333.67 4336.05 4337.95 4339.47 4340.53 4341.14 4341.28 4341.03 4340.19 4338.99 4338.35 4337.13 4336.29 4335.61 4335.88 4336.89 4337.98 4339.17 4340.18 4341.35 4342.33 4343.02 4344.12 4345.39 4346.54 4347.79 4349.13 4350.05 4349.79 4350.62 4351.82 4350.08 4348.07 4347.11 4346.56 4346.27 4346.29
4339.66 4338.72 4337.37 4335.85 4333.83 4331.48 4328.02 4319.4 4314.45 4306.67 4300.49 4293.78 4287.59 4281.81 4277.27 4278.05 4280.39 4283.42 4286.78 4290.48 4294.24 4297.87 4301.6 4305.07 4308.78 4312.26 4315.97 4319.38 4324.14 4329.47 4332.6 4335.11 4337.34 4339.35 4340.87 4341.92 4342.46 4342.48 4341.75 4340.13 4338.28 4337.69 4336.89 4335.98 4336.04 4336.88 4338 4339.28 4340.28 4341.56 4342.61 4343.17 4343.86 4345.17 4346.01 4347.31 4348.95 4350.37 4350.7 4351.66 4352.42 4349.85 4348.08 4347.21 4346.68 4346.47 4346.77
4338.33 4337.58 4336 4334.42 4332.37 4329.84 4325.96 4319.9 4312.8 4304.21 4297.57 4291.79 4286.28 4282.08 4279.61 4278.73 4280.25 4283.23 4286.76 4290.45 4294.42 4298.37 4302.19 4305.94 4309.59 4313.01 4316.59 4320.17 4324.83 4329.55 4331.83 4334.2 4336.72 4339.09 4341.07 4342.63 4343.71 4344.29 4344.07 4342.65 4339.84 4339.3 4338.09 4336.66 4336.43 4337 4337.99 4339.28 4340.47 4342.05 4343.62 4344.65 4346.22 4345.48 4344.68 4346.2 4348.47 4351.06 4354.26 4354.38 4352.28 4349.62 4348.22 4347.6 4347.12 4346.67 4346.41
4337.57 4336.76 4335.16 4333.49 4331.07 4328.35 4324.26 4320.12 4314.26 4306.55 4298.15 4291.04 4285.27 4281.53 4280.08 4279.28 4280.88 4283.88 4287.66 4291.55 4295.74 4299.84 4303.8 4307.68 4311.41 4314.88 4318.06 4321.53 4326.32 4329.39 4330.77 4333.59 4336.56 4339.35 4341.75 4343.77 4345.4 4346.67 4347.38 4347.62 4346.72 4343.01 4340.11 4337.94 4337.05 4337.17 4337.96 4339.2 4340.77 4342.15 4344.4 4347.24 4347.75 4339.56 4341.89 4344.58 4347.18 4350.36 4354.2 4355.53 4353.33 4349.59 4348.46 4348 4347.7 4347.35 4346.85
4337.08 4336.05 4334.62 4332.98 4330.8 4328.01 4324.75 4322.99 4316.55 4307.95 4298.78 4290.88 4284.26 4278.73 4276.96 4278.78 4281.65 4285.17 4289.23 4293.34 4297.5 4301.77 4305.85 4309.78 4313.72 4317.26 4320.56 4323.2 4323.58 4325.39 4329.67 4333.56 4337.08 4340.27 4342.96 4345.33 4347.39 4349.18 4350.56 4351.57 4350.44 4345.96 4341.6 4338.82 4337.3 4337.02 4337.63 4338.76 4339.96 4341.64 4343.57 4344.95 4341.07 4337.13 4340.89 4343.81 4345.97 4347.67 4359.37 4355.79 4352.46 4350.11 4349.23 4348.74 4348.44 4348.07 4347.73
4337.53 4336.52 4335.15 4333.47 4331.02 4328.27 4325.27 4322.99 4316.01 4309.52 4300.01 4291.99 4284.8 4278.22 4276.52 4279.63 4283.47 4287.37 4291.45 4295.75 4299.96 4304.11 4308.25 4312.07 4315.85 4319.5 4323.09 4326.83 4331.16 4326.86 4330.63 4335 4338.74 4341.96 4344.72 4347.23 4349.49 4351.5 4353.01 4353.73 4351.77 4346.82 4341.6 4337.65 4336.61 4336.56 4337.14 4337.87 4339.08 4340.5 4341.94 4342.81 4342.4 4342.6 4342.64 4344.33 4346.28 4348.22 4349.8 4352.56 4351.4 4349.89 4349.86 4349.67 4349.3 4348.76 4347.8
4337.87 4337 4335.92 4334.46 4331.95 4329.48 4326.48 4323.01 4315.41 4310.53 4303.07 4295.15 4287.99 4282.57 4280.9 4282.96 4286.42 4290.21 4294.41 4298.41 4302.62 4306.68 4310.71 4314.59 4318.31 4321.86 4325.15 4328.18 4330.96 4329.74 4333.93 4337.87 4341.12 4344 4346.61 4349.05 4351.32 4353.32 4354.75 4355 4352.31 4347.14 4341.43 4337.03 4335.99 4335.91 4336.4 4336.99 4338.04 4339.14 4340.19 4340.92 4341.65 4342.86 4343.77 4345.18 4347.24 4349.46 4350.18 4351.21 4351.41 4351.56 4351.06 4350.61 4350.24 4349.7 4348.72
4338.3 4337.58 4336.67 4335.55 4333.72 4331.73 4329.58 4326.27 4318.52 4313.37 4306.5 4298.66 4292.41 4287.65 4286.49 4287.84 4290.65 4294.09 4297.86 4301.72 4305.64 4309.6 4313.49 4317.32 4320.98 4324.36 4327.33 4329.18 4330.21 4335.56 4339.09 4341.67 4343.83 4345.99 4348.2 4350.47 4352.6 4354.49 4355.87 4356.15 4352.68 4346.85 4341.14 4337.29 4335.67 4335.37 4335.52 4336.15 4336.89 4337.84 4338.68 4339.35 4340.34 4342.87 4344.19 4345.51 4347.32 4349.6 4350.43 4350.87 4351.61 4351.73 4352.1 4351.67 4351.12 4350.65 4350.01
4339.54 4339.04 4338.33 4337.37 4336.02 4333.87 4331.57 4327.79 4321.59 4318.16 4311.82 4304.39 4298.12 4292.95 4292.38 4293.77 4296.09 4298.98 4302.18 4305.66 4309.24 4313.11 4316.8 4320.49 4324.07 4327.45 4330.53 4332.31 4333.93 4341 4344.38 4345.26 4346.2 4347.62 4349.4 4351.33 4353.26 4354.97 4356.16 4355.99 4352.14 4346.08 4340.13 4336.29 4335.15 4334.73 4334.9 4335.44 4336.17 4336.75 4337.42 4338 4338.85 4341.92 4343.8 4345.14 4346.47 4347.85 4349.15 4350.01 4351.11 4354.38 4352.95 4351.82 4351.26 4351.01 4350.23
4340.9 4340.69 4340.26 4339.62 4338.58 4336.43 4333.09 4328.96 4327 4322.1 4315.94 4310.98 4305.24 4301.04 4299.55 4300.35 4302.13 4304.41 4307.13 4310.13 4313.34 4316.69 4320.15 4323.72 4327.27 4330.76 4334.2 4337.11 4340.61 4346.01 4348.26 4347.38 4347.48 4348.44 4349.93 4351.61 4353.34 4354.77 4355.59 4355.15 4350.83 4344.93 4339.51 4336.02 4334.77 4334.36 4334.48 4334.87 4335.46 4336.12 4336.73 4337.4 4338.2 4340.6 4343 4344.58 4346.14 4348.25 4348.59 4348.96 4349.69 4350.42 4351 4351.04 4350.65 4350.24 4349.89
4342.74 4342.81 4342.65 4342.03 4341.26 4339.74 4336.62 4330.21 4329.06 4325.27 4319.72 4315.97 4312.08 4308.87 4307.07 4307.17 4308.14 4309.82 4311.99 4314.52 4317.3 4320.28 4323.43 4326.69 4330.15 4333.73 4337.62 4341.71 4347.5 4352.08 4348.59 4347.07 4347.18 4348.15 4349.62 4351.19 4352.8 4354 4354.34 4352.84 4348.97 4343.56 4338.61 4335.63 4334.42 4334.03 4334.03 4334.45 4335 4335.79 4336.46 4336.81 4338.18 4340.06 4342.25 4343.73 4344.98 4346.05 4346.88 4347.75 4348.55 4348.55 4349.49 4350.34 4350.22 4348.63 4348.1
4343.41 4343.91 4344.04 4344.13 4343.74 4343.32 4341.79 4334 4328.36 4325.68 4323.36 4320.32 4318.17 4315.67 4314.03 4313.72 4314.1 4315.16 4317.12 4319.16 4321.58 4324.15 4326.9 4329.86 4333 4336.35 4340.15 4343.82 4348.87 4350.43 4344.65 4344.91 4345.7 4347.01 4348.64 4350.34 4351.93 4353.03 4353.22 4351.69 4347.45 4342.28 4337.37 4335.05 4334.29 4334.06 4334.19 4334.58 4334.26 4334.86 4335.7 4336.89 4338.61 4340.67 4341.74 4343.02 4344.22 4345.44 4346.6 4346.86 4346.98 4348.3 4349.64 4350.56 4350.94 4351.19 4350.1
