real_craters/C117-750m.grd
DSAA
98 98
-36.2425 36.2425
-36.2425 36.2425
3387.4067654695 4981.2818506153
[rows 0 to 37 of 98, columns 0 to 83 of 98]
4354 4349 4347 4346 4344 4337 4332 4334 4331 4331 4332 4331 4332 4330 4328 4327 4326 4325 4322 4327 4326 4325 4325 4325 4326 4325 4325 4324 4324 4325 4324 4323 4321 4321 4321 4321 4320 4320 4320 4319 4317 4318 4318 4319 4318 4317 4317 4317 4318 4318 4316 4315 4317 4316 4315 4316 4316 4316 4316 4316 4316 4314 4312 4312 4312 4313 4312 4312 4314 4312 4312 4311 4311 4311 4311 4308 4308 4309 4310 4311 4311 4315 4313 4308
4358 4349 4348 4347 4344 4338 4334 4333 4331 4331 4331 4330 4330 4330 4330 4328 4327 4327 4328 4327 4327 4325 4324 4324 4324 4324 4325 4326 4324 4324 4324 4323 4322 4321 4321 4321 4321 4320 4320 4319 4320 4318 4319 4318 4319 4320 4318 4317 4318 4318 4318 4317 4317 4315 4315 4316 4316 4316 4316 4316 4316 4314 4313 4313 4314 4314 4314 4312 4312 4312 4311 4312 4312 4312 4309 4309 4310 4308 4309 4309 4312 4311 4311 4309
4352 4350 4348 4347 4346 4341 4338 4335 4331 4330 4331 4331 4331 4330 4329 4328 4327 4329 4329 4326 4327 4327 4325 4324 4325 4325 4324 4325 4326 4324 4323 4323 4323 4322 4319 4321 4321 4321 4322 4321 4320 4318 4320 4320 4320 4318 4319 4318 4319 4319 4318 4317 4316 4317 4316 4316 4316 4316 4316 4316 4316 4315 4314 4316 4317 4314 4326 4334 4329 4314 4312 4311 4312 4311 4310 4310 4311 4309 4308 4307 4309 4311 4309 4307
4350 4350 4349 4346 4344 4342 4337 4334 4331 4330 4330 4331 4332 4331 4329 4331 4331 4329 4328 4327 4327 4326 4325 4327 4327 4326 4326 4325 4327 4324 4324 4324 4324 4323 4322 4322 4321 4320 4321 4321 4319 4320 4320 4319 4319 4319 4319 4319 4319 4318 4317 4316 4317 4318 4317 4316 4316 4317 4317 4317 4316 4315 4316 4319 4326 4349 4348 4353 4319 4317 4320 4318 4317 4312 4313 4310 4311 4309 4310 4310 4307 4308 4309 4308
4349 4350 4349 4347 4346 4344 4336 4331 4332 4331 4330 4330 4330 4330 4329 4330 4329 4329 4328 4327 4327 4327 4326 4327 4331 4338 4327 4326 4325 4325 4325 4324 4324 4323 4323 4322 4322 4322 4321 4321 4320 4320 4321 4321 4319 4319 4320 4321 4320 4317 4317 4317 4318 4318 4317 4316 4317 4318 4318 4318 4316 4315 4316 4320 4325 4329 4344 4355 4345 4337 4346 4337 4322 4317 4311 4314 4306 4311 4310 4310 4310 4310 4309 4310
4349 4350 4349 4347 4346 4343 4338 4333 4332 4331 4331 4330 4330 4330 4330 4329 4328 4329 4329 4328 4328 4328 4328 4327 4330 4332 4327 4325 4325 4326 4326 4326 4325 4325 4324 4323 4322 4321 4321 4321 4321 4321 4321 4320 4320 4320 4321 4322 4309 4316 4317 4319 4317 4318 4317 4317 4318 4319 4320 4320 4318 4315 4316 4321 4325 4327 4339 4350 4352 4343 4335 4326 4320 4313 4311 4314 4313 4312 4312 4310 4309 4309 4309 4308
4350 4350 4348 4346 4344 4343 4338 4332 4332 4331 4331 4333 4332 4330 4330 4329 4328 4330 4329 4327 4327 4327 4328 4328 4328 4330 4328 4327 4326 4327 4326 4326 4326 4325 4323 4323 4322 4322 4322 4321 4320 4322 4321 4320 4320 4321 4319 4320 4318 4317 4319 4320 4317 4309 4317 4318 4319 4320 4321 4322 4320 4314 4316 4321 4326 4328 4335 4339 4340 4337 4331 4327 4319 4314 4313 4313 4312 4312 4312 4311 4309 4311 4310 4308
4349 4348 4347 4346 4344 4342 4341 4335 4332 4330 4331 4331 4331 4331 4331 4329 4328 4330 4329 4327 4328 4328 4328 4328 4323 4330 4330 4329 4327 4327 4326 4326 4326 4326 4325 4322 4322 4324 4323 4322 4322 4323 4322 4321 4320 4321 4320 4319 4320 4320 4319 4320 4319 4319 4319 4319 4321 4321 4323 4324 4323 4314 4317 4322 4327 4331 4333 4333 4336 4341 4335 4326 4318 4315 4313 4314 4313 4313 4312 4312 4311 4311 4312 4314
4351 4347 4347 4346 4346 4346 4342 4334 4332 4331 4330 4331 4331 4330 4331 4330 4330 4330 4330 4328 4328 4329 4327 4328 4329 4331 4336 4340 4333 4328 4328 4326 4327 4327 4325 4322 4324 4324 4324 4323 4323 4323 4322 4322 4322 4321 4321 4321 4322 4321 4320 4319 4319 4319 4320 4321 4323 4325 4325 4325 4321 4315 4318 4325 4332 4332 4333 4331 4329 4333 4341 4330 4317 4314 4313 4313 4313 4313 4313 4312 4311 4312 4313 4314
4352 4347 4347 4346 4345 4344 4340 4334 4332 4332 4331 4330 4330 4331 4331 4330 4329 4331 4330 4328 4328 4328 4328 4328 4330 4333 4358 4262 4280 4338 4345 4339 4329 4328 4325 4324 4324 4325 4324 4324 4323 4322 4321 4321 4321 4323 4321 4323 4322 4321 4320 4319 4318 4319 4319 4322 4324 4326 4328 4326 4318 4318 4322 4328 4339 4341 4335 4331 4329 4331 4341 4321 4315 4314 4313 4314 4314 4313 4313 4312 4312 4314 4316 4315
4352 4348 4347 4346 4344 4341 4337 4334 4335 4332 4330 4331 4332 4331 4331 4330 4329 4331 4330 4328 4328 4329 4328 4328 4330 4332 4364 4183 4259 4336 4339 4334 4338 4328 4327 4327 4325 4326 4325 4324 4324 4323 4323 4322 4321 4324 4322 4322 4322 4322 4320 4319 4320 4321 4321 4323 4326 4329 4332 4334 4322 4323 4326 4329 4333 4338 4334 4329 4329 4339 4337 4318 4313 4314 4312 4313 4313 4314 4313 4313 4313 4312 4313 4316
4351 4348 4346 4344 4343 4339 4336 4334 4333 4332 4331 4331 4331 4332 4331 4330 4329 4331 4330 4329 4328 4328 4329 4327 4328 4329 4335 4345 4345 4334 4334 4326 4325 4326 4326 4325 4325 4324 4325 4325 4324 4324 4323 4323 4322 4325 4323 4323 4324 4323 4321 4319 4320 4321 4322 4326 4330 4334 4338 4344 4361 4335 4331 4332 4336 4336 4331 4326 4325 4338 4348 4320 4312 4313 4314 4315 4313 4314 4315 4314 4316 4313 4307 4310
4350 4349 4346 4344 4342 4338 4335 4334 4333 4333 4332 4331 4332 4332 4332 4330 4330 4331 4330 4329 4328 4328 4328 4327 4329 4329 4331 4335 4333 4330 4331 4328 4326 4328 4327 4325 4329 4326 4325 4325 4325 4325 4323 4324 4324 4325 4324 4325 4327 4326 4324 4320 4320 4321 4323 4327 4334 4338 4340 4337 4339 4335 4331 4331 4331 4332 4332 4329 4325 4343 4339 4321 4314 4312 4315 4317 4319 4331 4322 4317 4317 4314 4314 4314
4351 4347 4345 4343 4343 4339 4335 4334 4334 4333 4332 4331 4332 4332 4331 4331 4330 4331 4330 4329 4328 4328 4329 4328 4328 4328 4333 4328 4330 4329 4330 4328 4326 4326 4326 4330 4328 4325 4325 4325 4326 4325 4324 4325 4325 4325 4327 4328 4331 4332 4332 4327 4321 4320 4325 4334 4340 4344 4346 4338 4326 4328 4327 4324 4323 4331 4338 4342 4340 4342 4338 4320 4314 4312 4315 4323 4326 4335 4335 4327 4314 4325 4318 4318
4352 4348 4345 4343 4341 4338 4334 4334 4334 4334 4333 4332 4333 4332 4331 4332 4332 4330 4329 4329 4329 4329 4329 4328 4327 4328 4329 4329 4328 4327 4328 4327 4324 4327 4327 4330 4326 4326 4326 4325 4325 4325 4327 4326 4328 4328 4328 4333 4334 4337 4341 4341 4330 4324 4336 4342 4346 4350 4354 4362 4334 4328 4326 4324 4327 4336 4349 4361 4374 4358 4311 4312 4317 4318 4348 4337 4349 4346 4338 4331 4325 4329 4324 4327
4354 4347 4345 4344 4342 4338 4336 4336 4336 4335 4334 4332 4332 4332 4332 4333 4333 4329 4329 4329 4329 4329 4329 4327 4327 4329 4330 4328 4329 4328 4329 4327 4325 4329 4328 4327 4326 4326 4326 4326 4325 4326 4328 4328 4330 4326 4330 4334 4335 4337 4340 4338 4354 4376 4357 4351 4351 4352 4354 4351 4339 4330 4327 4327 4328 4341 4358 4376 4394 4391 4315 4314 4332 4346 4360 4336 4336 4330 4321 4324 4322 4321 4327 4346
4355 4347 4346 4344 4342 4338 4336 4336 4336 4335 4334 4332 4332 4332 4332 4333 4334 4330 4329 4329 4329 4329 4329 4328 4329 4328 4330 4329 4329 4328 4329 4327 4326 4328 4328 4327 4328 4328 4327 4327 4327 4327 4329 4329 4329 4329 4329 4332 4336 4336 4336 4339 4364 4376 4362 4356 4354 4354 4352 4347 4335 4329 4326 4326 4329 4343 4360 4374 4386 4367 4331 4339 4354 4340 4329 4321 4324 4320 4320 4323 4325 4327 4344 4356
4355 4348 4347 4345 4342 4339 4335 4336 4336 4335 4333 4332 4332 4332 4332 4333 4333 4331 4330 4329 4329 4329 4329 4328 4329 4328 4330 4329 4329 4329 4329 4328 4326 4328 4328 4326 4329 4329 4328 4328 4328 4327 4329 4330 4328 4327 4332 4339 4350 4344 4335 4348 4364 4352 4351 4353 4355 4353 4350 4344 4333 4327 4324 4321 4328 4339 4351 4363 4367 4356 4352 4357 4330 4319 4316 4323 4321 4323 4316 4317 4327 4325 4323 4342
4358 4349 4348 4347 4346 4343 4336 4335 4336 4335 4334 4333 4333 4332 4332 4332 4332 4330 4330 4330 4330 4330 4330 4330 4329 4330 4331 4328 4328 4330 4330 4328 4327 4331 4330 4328 4329 4330 4329 4329 4330 4330 4331 4330 4332 4332 4367 4390 4384 4372 4347 4391 4367 4346 4345 4349 4352 4355 4354 4341 4329 4326 4322 4323 4330 4335 4343 4350 4351 4342 4344 4325 4320 4316 4323 4330 4321 4317 4317 4315 4318 4320 4323 4338
4360 4351 4348 4348 4348 4345 4337 4341 4337 4335 4334 4332 4333 4333 4332 4333 4332 4332 4331 4330 4330 4330 4330 4329 4329 4329 4328 4328 4329 4330 4332 4330 4327 4331 4330 4328 4329 4329 4329 4329 4329 4330 4330 4331 4351 4417 4401 4398 4400 4409 4445 4432 4374 4350 4345 4345 4349 4354 4358 4351 4332 4326 4324 4324 4327 4333 4339 4346 4353 4353 4324 4318 4318 4316 4322 4324 4319 4319 4318 4317 4318 4335 4333 4329
4360 4352 4349 4343 4343 4340 4336 4337 4336 4335 4334 4334 4334 4334 4333 4333 4333 4331 4331 4330 4331 4331 4331 4330 4330 4331 4330 4330 4330 4329 4331 4330 4328 4329 4329 4327 4328 4328 4330 4331 4331 4331 4336 4341 4383 4395 4384 4387 4395 4410 4423 4407 4381 4348 4343 4343 4346 4351 4356 4339 4332 4326 4324 4321 4324 4328 4332 4336 4336 4328 4319 4319 4317 4318 4323 4320 4318 4321 4320 4322 4346 4373 4358 4336
4358 4351 4346 4342 4341 4338 4336 4336 4336 4335 4334 4334 4334 4333 4332 4333 4334 4331 4331 4331 4330 4331 4330 4330 4332 4332 4328 4331 4332 4330 4329 4329 4328 4330 4331 4331 4329 4329 4332 4334 4337 4338 4333 4376 4394 4373 4375 4378 4383 4388 4382 4370 4356 4341 4339 4341 4343 4345 4344 4337 4329 4325 4321 4320 4323 4327 4330 4330 4326 4323 4320 4316 4316 4327 4331 4328 4343 4354 4333 4334 4335 4358 4367 4358
4357 4352 4344 4343 4343 4339 4337 4337 4336 4336 4335 4334 4333 4333 4332 4333 4334 4333 4332 4331 4330 4329 4331 4331 4333 4332 4330 4331 4330 4331 4329 4330 4329 4328 4331 4332 4328 4331 4334 4339 4346 4359 4382 4424 4400 4372 4360 4364 4365 4362 4356 4351 4349 4340 4336 4337 4337 4338 4336 4331 4326 4323 4321 4320 4327 4332 4333 4329 4324 4322 4322 4317 4317 4345 4356 4333 4347 4337 4327 4323 4330 4333 4330 4334
4356 4350 4344 4343 4343 4339 4337 4337 4337 4337 4336 4336 4333 4332 4333 4335 4334 4334 4334 4332 4332 4332 4332 4333 4333 4332 4333 4332 4331 4334 4328 4333 4331 4329 4322 4330 4331 4332 4342 4355 4364 4376 4402 4414 4391 4367 4348 4347 4349 4346 4348 4351 4345 4341 4336 4335 4334 4332 4332 4329 4324 4320 4321 4325 4335 4341 4343 4337 4323 4321 4314 4315 4322 4330 4336 4329 4342 4321 4317 4322 4326 4320 4319 4325
4355 4350 4344 4343 4342 4340 4338 4338 4339 4339 4339 4336 4332 4331 4331 4332 4333 4333 4333 4332 4332 4332 4332 4332 4332 4332 4330 4332 4329 4331 4329 4333 4332 4331 4331 4331 4331 4334 4355 4367 4372 4373 4374 4364 4364 4350 4348 4346 4345 4341 4348 4345 4342 4338 4333 4332 4329 4326 4321 4322 4323 4321 4316 4336 4349 4357 4358 4357 4349 4344 4331 4318 4324 4326 4330 4337 4323 4315 4319 4329 4331 4320 4325 4326
4355 4348 4344 4343 4342 4339 4337 4339 4342 4343 4343 4338 4333 4331 4332 4333 4333 4333 4333 4332 4331 4331 4332 4331 4334 4339 4334 4333 4331 4333 4344 4347 4337 4338 4334 4335 4335 4361 4392 4384 4379 4370 4361 4359 4356 4349 4351 4346 4339 4343 4339 4335 4336 4335 4335 4331 4328 4325 4326 4325 4330 4334 4345 4362 4368 4375 4384 4394 4391 4397 4398 4380 4339 4325 4324 4346 4319 4317 4316 4328 4330 4317 4320 4319
4354 4349 4344 4343 4343 4340 4340 4341 4344 4347 4350 4353 4337 4333 4332 4333 4332 4333 4335 4333 4332 4331 4336 4347 4390 4400 4407 4368 4341 4358 4392 4380 4383 4381 4383 4416 4438 4467 4420 4392 4379 4372 4366 4363 4357 4358 4350 4352 4347 4343 4338 4334 4333 4333 4332 4333 4333 4329 4328 4336 4345 4354 4372 4383 4385 4391 4400 4420 4443 4440 4440 4413 4372 4360 4349 4338 4313 4323 4324 4325 4325 4319 4316 4316
4353 4348 4346 4343 4342 4342 4346 4346 4347 4349 4353 4353 4337 4338 4334 4335 4336 4336 4334 4336 4337 4337 4346 4382 4435 4397 4387 4390 4396 4444 4385 4363 4387 4420 4428 4415 4423 4404 4386 4381 4378 4375 4376 4373 4369 4368 4363 4357 4346 4337 4340 4335 4335 4335 4332 4341 4350 4348 4346 4359 4365 4371 4379 4388 4393 4397 4406 4415 4426 4443 4443 4432 4393 4365 4368 4345 4317 4323 4324 4321 4319 4317 4316 4315
4352 4348 4346 4344 4340 4341 4346 4346 4346 4347 4348 4349 4343 4345 4339 4338 4341 4343 4343 4346 4345 4346 4360 4379 4382 4360 4346 4354 4366 4387 4381 4357 4369 4368 4368 4361 4363 4351 4356 4369 4377 4381 4382 4384 4396 4384 4370 4360 4350 4349 4343 4335 4341 4350 4352 4368 4383 4401 4414 4394 4387 4386 4385 4389 4395 4401 4408 4419 4431 4438 4434 4440 4442 4419 4403 4371 4348 4334 4329 4328 4321 4316 4315 4316
4358 4351 4346 4340 4341 4342 4341 4345 4345 4344 4339 4335 4342 4348 4339 4337 4345 4350 4367 4363 4351 4345 4347 4363 4367 4350 4344 4343 4347 4355 4372 4369 4361 4355 4352 4351 4347 4342 4351 4368 4382 4393 4398 4402 4411 4396 4379 4372 4361 4355 4349 4349 4366 4377 4393 4404 4414 4427 4434 4414 4400 4396 4391 4394 4396 4399 4404 4412 4427 4444 4440 4425 4424 4421 4414 4406 4396 4388 4382 4371 4319 4317 4320 4315
4367 4360 4351 4343 4340 4344 4346 4345 4344 4342 4341 4337 4332 4339 4343 4339 4334 4347 4358 4354 4346 4340 4334 4344 4350 4356 4347 4337 4339 4348 4351 4360 4349 4350 4350 4353 4353 4355 4366 4384 4399 4407 4412 4428 4436 4414 4402 4392 4384 4376 4377 4401 4403 4406 4412 4423 4436 4450 4432 4415 4397 4390 4400 4395 4393 4394 4396 4398 4413 4430 4436 4435 4426 4417 4405 4396 4391 4383 4376 4378 4328 4339 4349 4324
4371 4360 4351 4353 4347 4342 4343 4343 4342 4341 4342 4339 4335 4333 4339 4340 4348 4348 4340 4336 4338 4337 4338 4339 4339 4341 4342 4339 4343 4343 4367 4404 4369 4349 4355 4368 4378 4385 4398 4414 4427 4436 4440 4464 4455 4438 4424 4414 4410 4405 4427 4419 4426 4432 4436 4429 4444 4449 4431 4408 4387 4369 4388 4391 4391 4390 4391 4394 4402 4411 4418 4416 4401 4398 4394 4407 4378 4379 4374 4377 4371 4372 4390 4377
4356 4352 4348 4354 4348 4344 4343 4343 4342 4340 4339 4338 4336 4338 4335 4336 4353 4349 4339 4335 4336 4337 4338 4342 4342 4341 4360 4405 4406 4409 4438 4426 4398 4387 4406 4407 4410 4419 4453 4449 4455 4465 4475 4479 4481 4463 4450 4445 4438 4434 4459 4450 4457 4463 4469 4484 4447 4419 4413 4401 4387 4376 4388 4390 4389 4388 4386 4388 4391 4400 4397 4393 4380 4387 4387 4381 4377 4378 4380 4385 4386 4384 4393 4378
4355 4351 4349 4347 4347 4347 4346 4344 4341 4337 4333 4335 4337 4338 4326 4336 4343 4343 4339 4337 4336 4337 4340 4343 4340 4366 4408 4424 4432 4415 4420 4409 4392 4405 4434 4434 4440 4455 4466 4477 4483 4490 4501 4501 4488 4478 4483 4485 4474 4476 4496 4484 4497 4497 4493 4475 4456 4424 4410 4399 4391 4389 4387 4388 4389 4387 4382 4375 4379 4379 4379 4372 4375 4381 4379 4362 4376 4380 4391 4382 4377 4373 4376 4377
4357 4348 4345 4348 4345 4349 4349 4345 4341 4337 4333 4334 4337 4344 4344 4345 4348 4343 4338 4338 4339 4342 4342 4339 4365 4447 4441 4423 4418 4410 4403 4389 4388 4396 4407 4433 4456 4480 4495 4510 4521 4517 4509 4529 4516 4521 4525 4543 4534 4560 4607 4585 4556 4529 4514 4505 4476 4437 4410 4397 4390 4385 4388 4390 4390 4389 4387 4383 4377 4373 4376 4382 4351 4367 4381 4373 4373 4375 4370 4352 4344 4347 4354 4370
4352 4346 4343 4344 4347 4364 4352 4345 4340 4336 4334 4333 4335 4334 4346 4360 4351 4339 4335 4335 4345 4353 4357 4360 4420 4452 4440 4413 4396 4387 4384 4384 4381 4387 4402 4433 4464 4493 4515 4546 4577 4585 4572 4569 4542 4534 4527 4603 4659 4723 4742 4663 4579 4539 4518 4499 4469 4428 4409 4398 4389 4388 4390 4392 4393 4393 4391 4389 4384 4379 4377 4372 4375 4374 4373 4378 4374 4366 4345 4332 4329 4330 4339 4348
4348 4343 4341 4340 4337 4341 4345 4343 4339 4335 4332 4335 4335 4333 4335 4344 4339 4332 4343 4348 4366 4380 4394 4422 4452 4452 4437 4411 4397 4392 4392 4386 4393 4395 4410 4442 4477 4507 4527 4574 4636 4692 4648 4593 4495 4437 4328 4299 4378 4489 4563 4560 4517 4512 4516 4499 4471 4436 4417 4401 4393 4395 4397 4398 4398 4398 4398 4393 4389 4383 4376 4374 4377 4378 4374 4386 4367 4331 4320 4322 4327 4331 4334 4343
4345 4341 4340 4339 4338 4339 4341 4341 4339 4336 4337 4343 4343 4333 4332 4337 4340 4351 4365 4391 4403 4407 4417 4436 4438 4437 4466 4430 4416 4423 4427 4405 4416 4412 4429 4466 4499 4535 4592 4596 4637 4664 4527 4238 4044 3951 3995 3959 3987 4094 4147 4292 4374 4431 4489 4548 4534 4462 4443 4418 4396 4399 4403 4403 4403 4402 4403 4399 4389 4380 4374 4380 4384 4383 4393 4392 4374 4325 4321 4326 4333 4342 4347 4346
