real_craters/C117-300m.grd
DSAA
243 243
-36.2425 36.2425
-36.2425 36.2425
3385.6497037815 5028.66362367
[rows 150 to 179 of 243, columns 134 to 200 of 243]
4816.64 4756.47 4691.02 4643.19 4611.92 4592.14 4579.54 4573.03 4564.46 4555.95 4547.17 4526.13 4512.93 4513.94 4508.48 4504.87 4498.66 4490.57 4480.95 4464.01 4456.08 4447 4438.82 4432.77 4427.36 4422.31 4418.54 4413.98 4409 4401.94 4398.74 4396.2 4393.54 4392.97 4398.7 4408.13 4415.97 4421.44 4417.88 4411.56 4403.18 4394.62 4388.99 4382.9 4379.4 4382.8 4387.34 4388.72 4388.62 4387.22 4384.82 4389.14 4392.58 4386.92 4389.8 4397.84 4406.18 4415.79 4425.26 4434.83 4439.82 4433.24 4427.9 4429.89 4436.41 4438.75 4429.11
4895.11 4817.05 4741.7 4681.35 4637.65 4604.56 4577.36 4554.35 4529.4 4517.44 4520.7 4507.73 4495.35 4496.53 4495.06 4491.88 4487.38 4479.7 4472.01 4460.67 4450.41 4439.98 4429.41 4422.6 4421.28 4414.63 4413.47 4411.86 4410.96 4409.49 4404.13 4401.03 4399.01 4398.74 4406.04 4414.88 4419.82 4421.28 4417.86 4412.06 4403.17 4393.89 4388.85 4384.31 4381.62 4379.09 4378.43 4380.08 4380.87 4380.48 4380.44 4382.87 4383.7 4384.19 4393.34 4401.61 4409.35 4417.02 4424.31 4431.5 4436.7 4429.42 4425.83 4427.27 4434.82 4445.21 4416.2
4877.02 4812.01 4748.09 4688.91 4642.36 4603.53 4570.59 4539.75 4517.28 4505.19 4503.74 4498.29 4492.67 4490.72 4488.3 4484.32 4478.95 4473.72 4465.79 4456.32 4445.89 4434.02 4420.12 4407.14 4400.33 4404.84 4408.66 4410.87 4409.57 4408.03 4407.21 4406.08 4406.36 4407.24 4411.18 4417.53 4417.93 4417.27 4414.23 4409.44 4400.54 4390.23 4379.1 4384.46 4383.46 4377.45 4372.35 4375.05 4376.49 4377.14 4377.28 4381.81 4384.22 4386.78 4395.59 4407.82 4413.99 4416.33 4419.31 4420.74 4417.87 4414.74 4412.79 4413.22 4414.06 4412.95 4388.61
4824.92 4773.31 4722.54 4670.95 4628.07 4590.65 4556.55 4525.86 4501.48 4494.74 4494.78 4496.25 4496.26 4492.66 4487.71 4482.11 4475.4 4469.19 4460.69 4451.1 4440.43 4429.08 4415.59 4400.72 4393.85 4400.67 4406.66 4410.27 4411.94 4411.07 4410.37 4409.58 4410.76 4413 4411.27 4411.01 4410.37 4409.14 4407.85 4404.91 4396.96 4388.87 4385.48 4388.07 4387.48 4379.98 4374.88 4374.9 4375.36 4376.45 4381.02 4385.2 4391.19 4393.92 4400.35 4407.79 4411.7 4412.63 4413.03 4411.89 4407.47 4405.03 4400.74 4395.02 4385.21 4367.09 4354.83
4758.58 4717.81 4679.64 4642.56 4602.15 4570.49 4540.94 4515.71 4495.73 4492.62 4496.28 4498.44 4499.2 4495.12 4488.86 4481.6 4473.81 4466.2 4457.35 4447.65 4438.85 4428.66 4417.91 4407.22 4401.62 4404.21 4408.23 4412.59 4417.02 4416.27 4413.36 4411.01 4408.51 4407.5 4407.68 4407.21 4404.51 4402.79 4400.93 4397.42 4392.99 4387.1 4382.82 4384.15 4384.9 4383.7 4380.76 4377.47 4376.23 4375.44 4376.84 4387.22 4397.96 4397.78 4395.7 4402.7 4405.42 4406.82 4406.87 4406.02 4405.71 4399.98 4391.19 4380.17 4364.65 4343.71 4334.21
4680.85 4651.66 4625.83 4599.87 4569.06 4545.8 4525.17 4509.09 4495.58 4497.74 4500.91 4502.97 4501.38 4496.87 4490.44 4482.78 4473.23 4464.38 4455.6 4447.6 4439.32 4431.58 4424.01 4418.79 4413.06 4410.41 4410.91 4413.88 4418.1 4417.18 4414.51 4412.52 4409.4 4406.49 4404.07 4403.36 4404.84 4402.32 4397.76 4393.45 4391.95 4389.09 4387 4386.72 4385.7 4384.11 4381.88 4379.64 4378.49 4378.71 4381.7 4387.64 4393.1 4397.27 4399.82 4396.32 4398.56 4401.01 4401.11 4399.25 4396.35 4392.2 4383.88 4371.23 4355.06 4338.64 4329.33
4596.33 4582.22 4569.34 4554.24 4537.66 4522.16 4509.65 4502.37 4502.64 4507.52 4511.98 4508.57 4504.93 4499.48 4491.33 4481.74 4471.79 4462.75 4454.99 4446.65 4439.65 4433.93 4429.58 4426.06 4420.22 4415.08 4412.41 4412.12 4413.32 4413.53 4413.46 4414.22 4415.26 4410.98 4404.12 4402.3 4405.67 4403.62 4399.01 4395.91 4395.06 4392.92 4390.75 4389.22 4386.8 4385.04 4382.66 4381.05 4380.64 4381.33 4383.87 4388.27 4393.8 4396.87 4399.54 4393.29 4393.94 4396.6 4396.83 4393.89 4387.33 4385.61 4380.21 4367.34 4351.45 4337.07 4328.11
4521.25 4521.23 4519.32 4513.85 4506.05 4498.65 4491.5 4489.7 4496.91 4507.38 4512.72 4508.96 4507.92 4502.88 4490.38 4478.92 4468.7 4460.06 4452.65 4445.58 4439.51 4434.83 4432.23 4432.13 4424.06 4416.88 4412.18 4408.94 4406.97 4408.56 4410.58 4413.11 4416.71 4415.03 4411.21 4407.94 4405.48 4404.92 4403.04 4400.66 4400.02 4401.46 4397.72 4391.42 4387.12 4383.23 4381.66 4381.44 4382.22 4383.89 4385.28 4387.37 4389.45 4390.77 4393.9 4388.03 4392.74 4395.07 4395.92 4394.12 4388.85 4387.57 4380.68 4366.82 4350.67 4336.54 4327.11
4466.74 4475.23 4481.36 4482.17 4479.83 4475.92 4472.15 4467.64 4473.23 4491.37 4498.61 4498.38 4499.67 4496.21 4482.61 4471.82 4462.92 4455.81 4449.45 4443.16 4437.71 4432.95 4428.6 4426.47 4420.97 4415.78 4411.07 4406.59 4404.22 4405.24 4407.14 4409.11 4411.66 4416.27 4420.77 4417.55 4411.95 4408.81 4406.55 4404.13 4402.31 4401.93 4399.89 4395.5 4386.81 4380.76 4380.03 4381.16 4382.83 4384.82 4384.59 4384.84 4387 4388.83 4398.18 4397.56 4396.12 4397.69 4398.99 4398.81 4397.45 4395.6 4384.15 4367.91 4351.89 4337.17 4327.33
4436.97 4446.74 4455.13 4458.8 4459.48 4458.46 4456.2 4453.04 4457.17 4470.78 4477.25 4478.7 4477.78 4472.43 4466.35 4460.5 4455.05 4450.02 4445.29 4440.81 4435.78 4430.03 4422.83 4416.81 4416.15 4413.71 4410.22 4406.28 4403.24 4403.68 4404.42 4405.42 4408.18 4414.94 4421.53 4422.18 4419.03 4412.56 4407.05 4404.02 4401.54 4399.18 4397.28 4393.84 4385.52 4377.96 4379.3 4380.96 4382.82 4383.73 4382.03 4379.61 4381.2 4390.38 4396.38 4397.23 4398.9 4401.05 4403.65 4404.17 4404.02 4400.7 4384.75 4367.6 4351.24 4338.41 4329.37
4428 4431.77 4438.31 4441.84 4444.04 4444.83 4445.38 4448.24 4448.69 4448.09 4455.89 4457.87 4454.58 4448.94 4448.12 4447.68 4446.09 4443.94 4441.1 4438.09 4434.32 4429.29 4421.84 4416.02 4415.21 4413.03 4410.38 4408.32 4406.11 4403.77 4402.9 4402.53 4405.28 4411.45 4417.43 4420.38 4419.07 4412.54 4408.18 4404.43 4400.68 4395.26 4392.71 4388.84 4385.58 4382.35 4380.42 4381 4382.57 4384.48 4379.99 4377.03 4381.93 4394.7 4397.73 4397.04 4402.14 4405.75 4407.68 4407.91 4405.56 4395.45 4380.08 4364.81 4350.28 4338.83 4330.83
4423.8 4426.65 4427.67 4430.71 4432.54 4433.9 4435.35 4438.66 4440.07 4442.95 4442.7 4442.06 4437.69 4430.53 4433.57 4436.69 4438.12 4438.04 4437.04 4435.79 4434.05 4431.75 4427.84 4422.41 4418.34 4414.01 4409.89 4407.07 4405.37 4403.11 4402.56 4402.28 4403.84 4407.87 4410.3 4411.22 4410.46 4407.56 4404.67 4403.79 4402.64 4398.65 4392.99 4387.57 4384.38 4382.55 4380.21 4380.57 4381.65 4380.99 4378.6 4375.81 4383.96 4401.61 4400.99 4400.21 4407.99 4410.96 4412.4 4410.74 4405.28 4390.14 4373.89 4360.87 4348.41 4338.33 4330.54
4422.23 4422.23 4421.67 4423.5 4424.91 4425.74 4425.88 4425.85 4429.87 4432.86 4432.99 4431.86 4428.93 4426.54 4427.79 4429.75 4431.38 4432.38 4433.11 4433.48 4433.71 4434.42 4435.93 4430.88 4422.16 4415.24 4408.75 4401.99 4400.23 4401.41 4402.57 4404.88 4406.11 4407.1 4407.45 4407.09 4404.51 4401.76 4400.02 4402.82 4405.95 4405.13 4395.89 4387.76 4380.06 4377.08 4378.42 4379.84 4381.64 4382.38 4379.69 4379.54 4388.02 4401.2 4406.82 4418.88 4418.15 4417.56 4417.18 4413.97 4403.46 4385.71 4368.67 4357.11 4346.84 4338.19 4330.83
4421.31 4421.86 4421.01 4421.98 4422.35 4421.68 4420.21 4419.13 4422.13 4424.93 4425.44 4425 4424.1 4424.45 4424.42 4424.78 4425.97 4427.71 4429.04 4430.18 4431.57 4433.33 4435.21 4430.59 4422.88 4415.58 4408.74 4402.71 4400.2 4400.34 4401.51 4403.55 4404.64 4405.99 4406.09 4403.78 4401.33 4399.19 4398.45 4401.42 4405.11 4405.22 4399.43 4390.47 4380.57 4377 4377.95 4379.31 4381.02 4382.05 4382.13 4382.91 4394 4407.71 4419.14 4426.97 4423.77 4421.87 4420.93 4418.49 4412.62 4386.49 4365.23 4354.84 4346.18 4339.18 4333.91
4421.43 4421.17 4420.61 4421.23 4421.29 4420.24 4417.72 4415.71 4418.03 4419.75 4420.21 4419.81 4419.06 4418.83 4418.88 4419.64 4421.52 4423.48 4425.03 4426.34 4427.54 4428.62 4428.37 4425.4 4420.35 4414.75 4409.28 4403.8 4400.84 4399.24 4398.85 4399.98 4400.28 4400.34 4399.31 4396.04 4394.99 4395.08 4396.56 4398.3 4401.75 4403.17 4402 4394.13 4386.1 4381.19 4379.3 4379.01 4380.4 4382.48 4385.65 4393.06 4402.17 4415.32 4420.92 4419.49 4422.24 4423.32 4422.24 4418.9 4411.89 4388.28 4368.46 4354.43 4346.55 4340.93 4336.67
4424.65 4423.97 4422.88 4423.29 4423.42 4422.76 4420.22 4417.33 4418.11 4417.94 4416.99 4415.89 4414.43 4411.65 4410.71 4414.92 4417.56 4419.44 4420.83 4421.85 4422.61 4422.86 4421.96 4419.45 4416.17 4412.47 4409.17 4406.14 4401.24 4397.39 4394.62 4393.35 4394.55 4395 4394.37 4392.39 4390.05 4388.06 4389 4392.43 4397.03 4399.97 4398.49 4395.93 4391.94 4385.19 4380.78 4378.54 4377.7 4380.63 4386.39 4394.68 4405.45 4417.41 4423.63 4421.83 4422.68 4423.92 4422.43 4415.38 4399.49 4382.38 4361.12 4352.73 4347.58 4343.45 4340.32
4430.29 4428.24 4427.98 4427.23 4427.55 4427.64 4427.65 4424.48 4419.71 4416.85 4414.9 4413.4 4412.01 4410.37 4410.45 4412.84 4414.69 4415.71 4416.48 4417.15 4417.16 4415.89 4414.86 4413.04 4410.81 4408.42 4406.67 4404.71 4399.23 4394.63 4390.82 4388.51 4389.94 4392.18 4391.88 4390.34 4386.47 4383.81 4384.79 4386.74 4387.45 4395.66 4401.14 4395.17 4390.49 4385.61 4381.47 4378.36 4377.19 4379.68 4385.12 4392.72 4403.13 4415.01 4423.24 4422.96 4423.53 4424.99 4425.07 4420.91 4406.73 4383.85 4360.17 4355.33 4351.12 4346.57 4343.12
4435.41 4433.61 4432 4430.87 4430.86 4432.07 4433.94 4429.19 4421.15 4415.83 4412.94 4411.42 4411.07 4412.38 4413.94 4412.95 4412 4412.01 4412.22 4412.76 4412.75 4411.04 4407.3 4407.04 4404.81 4402.42 4400.92 4398.69 4394.44 4390.84 4388.43 4386.55 4385.48 4385.43 4386.55 4386.29 4383.06 4380.72 4383.46 4386.52 4384.57 4389.67 4392.05 4389.25 4387.37 4384.32 4382.18 4379.82 4375.63 4380.03 4384.5 4390.29 4398.48 4407.95 4418.94 4421.5 4423.16 4425.21 4427.5 4430.9 4421.9 4397.33 4380.75 4366.89 4357.66 4350.2 4344.32
4442.04 4439.09 4436.11 4433.67 4432.37 4432.55 4433.8 4427.35 4417.74 4412.96 4410.24 4408.78 4408.74 4410.98 4414.26 4410.34 4407.83 4407.35 4407.64 4408.49 4409.43 4410.51 4408.88 4403.31 4398.6 4394.42 4391.97 4390.63 4387.39 4385.69 4385.14 4384 4381.89 4379.87 4380.38 4380.47 4380.25 4381.62 4386.12 4392.63 4398.23 4389.41 4385.17 4384.22 4380.89 4383.8 4384.46 4385.01 4386.46 4385.06 4386.15 4389.47 4394.62 4398.74 4410.35 4417.01 4421.1 4422.98 4424.49 4424.4 4418.39 4404.08 4387.63 4375.55 4364.87 4353.85 4343.99
4449.6 4444.52 4439.22 4434.66 4431.41 4429.02 4425.83 4420.41 4413.79 4409.16 4406.56 4404.77 4403.95 4404.05 4403.29 4402.04 4401.38 4401.65 4402.46 4403.51 4405.02 4406.55 4404.36 4398.27 4392.03 4385.6 4378.91 4377.5 4379.35 4379.88 4379.78 4379.31 4378.83 4378.83 4376.07 4375.6 4377.35 4382.03 4388.58 4396.57 4401.55 4400.21 4395.41 4391.02 4388.02 4387.82 4388.08 4389.36 4391.95 4389.7 4390.76 4393.25 4395.88 4397.59 4403.98 4413.23 4417.66 4419.5 4419.39 4415.43 4412.6 4407.17 4398.47 4386.96 4372.23 4357.76 4344.39
4455.75 4448.1 4440.87 4434.31 4428.28 4423.42 4419.96 4413.97 4407.63 4405.13 4402.59 4400.16 4397.96 4395.48 4392.2 4392.15 4393.67 4395.17 4396.58 4397.79 4398.78 4399.74 4397.27 4392.09 4386.11 4379.44 4371.82 4371.41 4374.58 4375.7 4375.65 4375.68 4374.89 4374.4 4374.19 4374.38 4374.09 4378.07 4390.22 4399.46 4402.26 4400.79 4398.73 4399.68 4397.61 4393.28 4391.94 4391.02 4390.63 4391.83 4394.96 4398.92 4403.32 4405.79 4413.35 4416.41 4415.42 4418.16 4417.53 4414.75 4412.95 4411.25 4408.54 4397.02 4378.42 4361.1 4345.6
4455.45 4448.35 4440.13 4431.92 4423.85 4415.82 4410.14 4408.26 4406.73 4401.92 4398.68 4395.81 4392.59 4388.93 4385.07 4384.9 4387.13 4389.42 4391.28 4392.31 4391.93 4389.89 4388.93 4386.22 4381.9 4377.16 4373.44 4372.98 4374.85 4375.48 4374.09 4375.82 4375 4375.13 4377.82 4379.44 4379.45 4383.05 4396.49 4406.65 4406.77 4398.26 4397.64 4398.25 4397.82 4396.56 4396.19 4395.85 4395.24 4395.09 4392.7 4403.43 4415.54 4424.4 4425.9 4424.36 4422.68 4421.42 4418.29 4417.28 4414.52 4413.27 4409.76 4398.67 4380.53 4362.67 4346.55
4449.29 4445.93 4438.55 4429.76 4419.99 4409.09 4400.7 4400.99 4399.95 4397.92 4395.17 4392.04 4388.47 4384.53 4380.71 4380.1 4382.63 4385.29 4387.49 4388.66 4388.33 4385.66 4384.6 4382.65 4379.36 4376.18 4375.26 4375.62 4378.64 4382.02 4381.25 4383.04 4383 4382.39 4385.53 4388.37 4395.16 4400.63 4406.74 4414.17 4412.27 4403.33 4399.03 4397.37 4397.61 4398.93 4400.85 4404.78 4407.05 4406.13 4403 4415.55 4429.19 4437.13 4432.56 4429.6 4430.28 4428.54 4421.7 4408.82 4416.4 4415.03 4407.8 4394.58 4379.99 4362.56 4346.65
4447.68 4443.81 4436.45 4427.62 4418.29 4408.53 4400.73 4399.58 4397.6 4395 4392.51 4389.37 4385.86 4382.11 4378.09 4376.71 4380.19 4382.88 4385.13 4386.85 4387.91 4388.24 4384.9 4381.54 4378.01 4374.86 4373.3 4376.4 4381.98 4390.76 4397.17 4391.33 4390.36 4386.19 4383.57 4391.66 4403.07 4408.95 4411.66 4418.14 4416.49 4410.96 4402.27 4395.38 4398.67 4402.35 4405 4407.88 4415.27 4424.5 4433.05 4434.16 4439.9 4443.25 4436.11 4433.17 4435.69 4437.65 4439.91 4434.57 4427.9 4418.9 4409.06 4398.66 4378.84 4360.39 4345.17
4443.99 4440.68 4432.45 4423.98 4416.6 4412.14 4406.45 4399.2 4395.83 4393.3 4390.92 4387.84 4384.75 4381.85 4379.4 4379.13 4380.24 4382.05 4383.97 4385.83 4387.23 4387.22 4384.67 4381.28 4377.74 4374.17 4372.57 4375.78 4380.98 4388.47 4393.42 4390.25 4387.97 4385.72 4383.87 4390.68 4398.97 4405.29 4408.57 4409.88 4412.91 4414.28 4409.65 4402.22 4406.67 4408.67 4410.03 4413.74 4423.76 4438.78 4450.8 4445.31 4441.39 4439.39 4438.02 4436.17 4431.25 4440.47 4460.93 4465.12 4438.56 4419.36 4404.72 4393.01 4371.34 4354.06 4342
4439.04 4433.33 4424.85 4417.76 4411.96 4406.95 4403.11 4398.37 4395.48 4392.97 4390.37 4387.52 4384.75 4382.57 4381.45 4381.83 4381.17 4381.64 4383.17 4385.06 4386.54 4386.69 4384.48 4381.67 4378.63 4375.34 4373.08 4375.15 4377.08 4378.61 4381.74 4384.28 4385.81 4390.01 4391.59 4389.78 4392.94 4400.12 4407.28 4406.07 4409.28 4412.31 4421.35 4426.74 4420.42 4417.4 4415.65 4416.68 4427.74 4442.01 4450.31 4445.59 4437.61 4432.6 4429.89 4426.78 4426.26 4436.26 4451.96 4452.46 4432.77 4410.45 4389.35 4369.47 4353.96 4344.16 4336.92
4415.93 4416.52 4413.53 4409.4 4405.45 4402.56 4400.06 4400.37 4396.05 4393.24 4390.63 4387.92 4385.22 4382.61 4381.44 4381.41 4380.22 4380.68 4382.41 4384.5 4385.83 4385.93 4384.42 4382.26 4380.36 4379.18 4377.62 4375.83 4374.71 4372.84 4375.85 4380.46 4384.72 4391.88 4392.95 4386.33 4382.3 4395.04 4411.86 4424.5 4416.54 4418.37 4428.24 4433.3 4429.58 4425.78 4422.35 4420.6 4429.36 4438.78 4443.52 4441.08 4435.65 4429.22 4421.08 4412.98 4419.88 4428.17 4434.46 4430.95 4416.82 4395.84 4371.68 4343.87 4335.49 4335.17 4332.45
4401.39 4401.79 4401.5 4400.72 4398.74 4396.08 4395.68 4393.35 4394.86 4393.54 4391.18 4388.23 4385 4381.89 4379.23 4377.58 4376.95 4378.9 4381.72 4384.4 4386.12 4386.19 4384.66 4382.74 4381.17 4380.94 4379.25 4376.59 4375.6 4375.04 4377.09 4380.94 4387.28 4398.62 4397.79 4388.08 4381.38 4391.78 4407.46 4423.06 4422.63 4426.46 4432.26 4434.87 4434.16 4433.03 4432.28 4429.61 4432.28 4433.55 4435.64 4435.78 4432.48 4428.21 4422.77 4418.69 4425.83 4432.33 4430.49 4417.33 4400.89 4381.94 4361.71 4340.95 4333.44 4332.89 4331.05
4387.12 4386.42 4391.95 4394.07 4394.35 4393.87 4396.57 4397.94 4396.53 4394.59 4391.7 4388.51 4385.36 4381.7 4377.27 4371.48 4372.92 4377.85 4381.69 4384.93 4386.71 4386.8 4385.19 4383.04 4380.68 4378.13 4377.02 4376.08 4376.36 4380.36 4379.89 4381.95 4386.33 4392.52 4397.07 4396.29 4394.15 4392.64 4392.63 4405.68 4426.42 4432.73 4435 4435.11 4434.82 4436.67 4441.85 4444.09 4435.64 4429.54 4430.46 4432.29 4430.71 4428.75 4426.95 4428.04 4426.49 4427.48 4412.93 4397.8 4383.72 4369.76 4356.69 4349.41 4344.02 4335 4332.05
4384.24 4384.58 4387.44 4390.43 4392.76 4395.37 4399.01 4400.81 4398.7 4395.96 4393.09 4389.88 4386.62 4383.25 4379.14 4374.59 4375.61 4379.91 4382.96 4386.07 4389.97 4388.17 4385.9 4383.88 4381.15 4377.85 4376.52 4375.56 4374.43 4374.74 4379.91 4384.34 4385.63 4385.3 4394.86 4404.75 4406.07 4398.52 4390.07 4403.85 4435.65 4432.91 4428.32 4428.16 4429.99 4433.27 4438.02 4438.88 4433.42 4429.92 4428.27 4429.71 4430.44 4426.77 4424.65 4422.58 4410.47 4387.1 4374.79 4372.32 4365.57 4357.05 4348.86 4341.61 4335.19 4333.95 4334.02
