real_craters/C117-500m.grd
DSAA
146 146
-36.2425 36.2425
-36.2425 36.2425
3395.0726600482 5032.3225481142
[rows 60 to 89 of 146, columns 67 to 133 of 146]
3556.57 3573.14 3579.27 3602.23 3611.71 3573.05 3573.96 3604.12 3651.69 3729.88 3803.85 3876.56 3946.98 4015.98 4084.12 4149.3 4220.54 4329.19 4421.87 4462.57 4482.79 4495.12 4492.97 4468.49 4454.13 4450.43 4448.2 4444.51 4440.43 4435.69 4430.89 4424.83 4418.25 4411.97 4405.72 4402.08 4395.59 4393.75 4391.67 4382.19 4383.47 4387.01 4373.26 4373.64 4376.74 4384.64 4388.85 4379.5 4383.76 4387.71 4383.82 4378.55 4393.24 4395.61 4392.01 4394.01 4398.42 4399.99 4387.47 4349.35 4332.75 4343.41 4299.3 4305.03 4317.81 4326.32 4327.64
3493.73 3473.64 3492.88 3497.02 3472.26 3493.04 3509.66 3530.37 3584.55 3636.7 3709.63 3785.28 3851.97 3912.24 3966.35 4007.91 4046.85 4148.92 4264.05 4362.47 4441.83 4500.31 4528.11 4502.63 4485.45 4478.7 4473.08 4465.86 4458.46 4450.77 4443.04 4433.02 4424.62 4414.37 4400.78 4392.56 4391.39 4391.45 4376.87 4375.22 4380.43 4381.56 4374.69 4373.07 4376.84 4391.03 4397.14 4377.23 4383.39 4388.63 4388.04 4389.26 4398.61 4404.02 4407.16 4405.82 4405.14 4405.85 4403.15 4372.14 4223 4161.41 4235.62 4284.95 4313.38 4327.23 4330.9
3473.79 3457.4 3456.15 3453.58 3450.01 3459.76 3466.32 3479.67 3493.24 3552.67 3628.08 3701.69 3771.7 3832.64 3874.24 3909.1 3917.85 3986.47 4135.9 4275.82 4402.3 4511.03 4569.15 4539.06 4520.81 4512.51 4500.72 4487.38 4474.21 4461.07 4452.84 4445.73 4434.63 4421.53 4406.31 4396.73 4391.41 4385.09 4382.91 4385.21 4381.64 4376.82 4372.48 4371.74 4375.85 4405.16 4419.96 4387.4 4401.97 4404.55 4395.62 4401.72 4403.04 4403.92 4407.95 4404.44 4402.66 4403.11 4403.8 4382.82 4223.24 4166.42 4248.1 4290.91 4323.64 4331.3 4326.61
3460.59 3451.13 3446.04 3442.73 3444.27 3445.95 3448.05 3450.06 3453.49 3494.99 3553.8 3618.91 3686.28 3750.08 3802.03 3851.68 3886.93 3923.93 4055.76 4203.07 4357.67 4516.07 4657.62 4573.8 4565.79 4545.84 4523.14 4501.1 4483.2 4468.89 4459.13 4450.9 4441.15 4427.51 4417.36 4403.86 4395.52 4389.78 4393.56 4391.58 4377.64 4371.35 4375.56 4380.84 4386.53 4403.73 4410.02 4406.28 4409.16 4411.57 4408.5 4405.9 4400.88 4396.75 4386.54 4390.95 4390.35 4387.01 4378.81 4351.65 4330.4 4336.2 4313.48 4310.07 4325.21 4330.93 4327.98
3456.55 3446.86 3442.31 3438.07 3438.25 3435.23 3437.65 3438.22 3440.31 3465.06 3514.48 3570.47 3622.74 3683.53 3748.91 3823.6 3902.13 3919.79 4017.23 4145.52 4288.1 4450.5 4617.29 4674.49 4616.62 4571.93 4538.13 4509.99 4486.78 4468.36 4455.49 4448.57 4439.13 4431.9 4419.69 4408.35 4396.55 4387.68 4382.54 4381.38 4376.66 4373.43 4375.49 4378.69 4388.59 4403.36 4414.89 4406.54 4408.87 4419.17 4416.63 4406.46 4396.94 4392.77 4384.45 4379.66 4376.39 4370.34 4356.83 4335.62 4333.58 4340.15 4329.51 4315.61 4302.09 4329.09 4331.43
3453.04 3447.47 3438.74 3431.67 3430.42 3431.19 3433.29 3492.79 3448.97 3445.2 3480.97 3526.82 3578.46 3635.58 3698.98 3779.24 3886.72 3925.21 3988.87 4088.59 4198.08 4318.82 4478.58 4632.93 4607.34 4572.55 4541.33 4512.31 4484.41 4457.47 4439.82 4436.49 4430.11 4432.4 4427.19 4413.78 4398 4385.69 4380.86 4378.31 4375.79 4373.08 4374.92 4381.41 4396.93 4403.39 4403.27 4408.06 4414.67 4435.42 4435.57 4417.17 4394.77 4378.93 4371.55 4361.16 4355.04 4347.3 4337.23 4326.29 4324.73 4327.52 4325.46 4321.83 4326.04 4325.84 4318.61
3446.25 3437.01 3437.33 3427.53 3424.99 3426.77 3427.14 3468.23 3445.76 3435.58 3462.76 3498.71 3539.75 3584.18 3634.17 3696.7 3791.06 3891 3964.1 4037.23 4107.15 4175.61 4303.38 4474.2 4538.75 4542.64 4526.18 4501.4 4471.93 4442.37 4413.93 4402.82 4412.21 4428.54 4433.55 4418.8 4402.54 4392.05 4389.15 4383.75 4378.98 4384.62 4391.83 4404.3 4410.98 4411.12 4411.17 4429.63 4436.52 4432.61 4416.64 4387.43 4372.77 4346.65 4333.95 4334.56 4330.29 4325.36 4321.45 4318.11 4319.58 4322.8 4323.12 4322.58 4319.52 4315.1 4325.91
3455.84 3446.57 3430.47 3424.1 3420.73 3422.82 3426.95 3433.44 3431.54 3431.8 3449.79 3475.87 3504.95 3537.29 3573.02 3616.38 3718.8 3868.92 3949.19 3995.26 4042.62 4095.94 4237.3 4407.13 4485.39 4511.59 4507.71 4489.61 4462.22 4429.38 4391.41 4376.16 4400.64 4417.64 4425.61 4418.52 4410.1 4398.97 4391.39 4386.97 4388.1 4395.24 4408.27 4415.27 4419.54 4425.24 4435.65 4475.53 4503.8 4436.89 4383.99 4340.75 4335.94 4327.13 4320.97 4319.99 4318.25 4315.14 4313.15 4315.03 4321.56 4326.79 4325.63 4322.18 4321.94 4321.29 4323.05
3465.91 3448.69 3447.77 3425.56 3430.17 3427.27 3431.63 3435.15 3430.13 3429.47 3439.5 3457.36 3476.14 3499.13 3525.61 3563.33 3656.9 3813.44 3916.66 3957.9 4009.54 4084.22 4253.89 4399.99 4468.27 4500.44 4508.48 4494.99 4469.36 4433.19 4397.87 4386.06 4399.24 4410.25 4414.61 4414.76 4410.9 4399.97 4397.67 4391.7 4383.67 4393.76 4418.67 4421.68 4425.9 4439.11 4458.48 4514.34 4545.42 4427.64 4353.73 4328.08 4318.2 4316.82 4314.82 4312.7 4310.17 4307.45 4305.9 4310.25 4330.65 4332.89 4328.78 4320.95 4320.99 4330.29 4326.8
3484.96 3485.05 3500.67 3492.45 3475.74 3452.01 3440.48 3449.16 3440.1 3432.86 3442.4 3455.1 3469.21 3481.49 3497.75 3533.02 3604.34 3734.73 3838.65 3925 3995.87 4092.98 4272.6 4404.34 4466.61 4497.54 4506.1 4497.14 4474.58 4444.95 4410.69 4403.69 4412.57 4417.7 4416.75 4411.23 4407.07 4405.84 4404.86 4409.73 4405.05 4393.29 4416.74 4431.32 4438.18 4450.37 4485.93 4514.82 4479.94 4419.46 4338.44 4322.19 4318.18 4319.51 4315.06 4311.17 4306.97 4304.15 4300.05 4303 4329.06 4334.27 4323.16 4321.71 4322.74 4330.06 4328.42
3505.77 3526.86 3567.66 3572.91 3530.63 3494.8 3468.04 3463.16 3467.72 3453.89 3455.44 3460.53 3467.3 3473.65 3487.02 3518.72 3602.25 3710.61 3825.82 3918.18 3996.36 4093.26 4307.57 4416.98 4473.29 4502.28 4511.76 4506.09 4490.57 4468.41 4442.21 4432.62 4425.74 4422.58 4414.37 4404.41 4398.99 4390.3 4395.41 4416.1 4417.05 4405.08 4401.94 4427.09 4432.67 4444.43 4469.15 4492.11 4464.11 4426.74 4365.35 4335.11 4319.32 4320.17 4317.24 4314 4309.82 4305.38 4299.29 4292.63 4319.33 4329.26 4337.72 4323.17 4321.92 4323.02 4324.31
3514.69 3532.08 3560.91 3565.52 3547.87 3547.43 3485.43 3543.79 3505.52 3480.35 3470.96 3468.25 3467.49 3475.53 3485.87 3516.23 3580.31 3707.35 3857.81 3915.15 4012.94 4144.47 4305.64 4430.31 4487.95 4515.18 4523.1 4519.91 4508.74 4494.45 4479.14 4464.45 4442.38 4422.58 4409.19 4395.59 4389.01 4395.96 4403.76 4402.57 4401.36 4394.68 4397.12 4414.7 4424.8 4430.26 4436.66 4447.03 4444.53 4432.55 4404.41 4386.01 4340.05 4320.03 4321.58 4318.92 4314.4 4310.49 4307.95 4313.4 4314.23 4321.1 4320.01 4320.08 4323.11 4321.47 4322.61
3513.81 3521.04 3518.89 3510.48 3498.49 3495.67 3491.91 3504.11 3503.51 3489.2 3481.99 3482.28 3476.74 3480.98 3491.05 3508.89 3555.63 3648.79 3733.2 3868.28 4018.34 4203.8 4375.26 4469.85 4514.09 4534.87 4540.75 4538.25 4530.81 4519.08 4501.84 4487.41 4460.45 4438.67 4412.99 4391.48 4387.44 4407.97 4401.39 4395.51 4395.04 4394.87 4392.65 4407.98 4418.58 4425.86 4431.58 4431.19 4433.38 4434.63 4425.02 4411.72 4389.29 4350.66 4336.67 4328.08 4320.75 4315.85 4314.3 4319.21 4321.54 4321.08 4319.3 4321.67 4319.38 4316.7 4322.97
3509.2 3506.91 3494 3469.46 3435.41 3395.07 3418.26 3475.47 3495.44 3494.1 3491.6 3493.28 3496.85 3497.32 3502.71 3520.94 3558.12 3617.71 3697.21 3845.2 4018.14 4227.87 4448.28 4518.75 4545.53 4558.12 4559.67 4555.01 4546.07 4538.32 4533.71 4506.79 4475.21 4446.94 4424.06 4401.35 4392 4400.04 4392.58 4391.72 4395.22 4393.92 4395.32 4404.9 4416.48 4421.18 4422.98 4425.64 4427.95 4431.45 4429.46 4421.05 4401.42 4377.97 4355.77 4339.95 4329.43 4321.07 4316.79 4314.93 4319.3 4321.08 4322.77 4329.43 4329.82 4325.42 4327.64
3505.83 3498.64 3485.59 3465.2 3430.84 3402.56 3452.56 3495.05 3504.64 3501.91 3500.89 3503.25 3507.7 3507.07 3513.5 3528.16 3566.65 3629.99 3723.99 3871.25 4050.59 4273.21 4470.55 4547.47 4576.24 4575.11 4570.72 4562.64 4554.73 4544.59 4531.25 4512.52 4484.53 4460.22 4438.08 4422.23 4409.13 4400.36 4394.5 4393.42 4398.73 4402.61 4399.87 4410.62 4418.59 4422.71 4424.02 4424.04 4421.99 4422.96 4428.01 4427.77 4417.84 4393.04 4369.12 4350.55 4336.32 4325.84 4319.13 4317.38 4318.55 4320.71 4321.86 4325.2 4333.42 4328.14 4330.58
3500.16 3493.25 3483.31 3473.97 3466.62 3464.42 3471.78 3491.98 3506.15 3506.36 3507.99 3514.55 3521.54 3528.55 3528.19 3539.08 3580.65 3651.61 3754.57 3905.48 4106.35 4336.08 4502.5 4569.66 4592.7 4592.54 4578.34 4561.64 4551.17 4542.32 4532.4 4508.38 4482.87 4462.51 4447.15 4434.98 4415.27 4396.86 4388.41 4385.98 4393.05 4401.05 4407.93 4412.54 4414.65 4417.69 4420.36 4420.69 4417.09 4416.89 4425.43 4425.71 4418.14 4394.29 4376.4 4357.57 4341.45 4327.7 4317 4314.46 4319.57 4322.62 4321.95 4323.91 4328.82 4328.17 4333.6
3499.93 3496.28 3492.98 3494.13 3484.49 3474.34 3469.14 3486.66 3501.48 3508.04 3515.33 3523.51 3532.54 3542.9 3550.76 3564.53 3604.83 3677.79 3776.13 3933.52 4154.91 4405.62 4545.15 4594.38 4606.91 4598.89 4578.62 4557.62 4536.06 4518.87 4509.86 4493.86 4473.55 4458.01 4449.46 4439.2 4421.85 4402.81 4392.81 4389.88 4394.88 4406.72 4407.51 4403.37 4407.47 4411.94 4417.6 4420.83 4419.67 4418.23 4418.99 4418.02 4412.52 4402.86 4381.75 4362.87 4346.45 4331.82 4318.11 4316.27 4323.89 4327.78 4326.21 4329.32 4331.53 4327.73 4337.56
3501.93 3499.73 3498.96 3495.56 3481.04 3472.63 3474.98 3482.87 3493.19 3510.43 3523.07 3532.06 3541.38 3551.6 3558.83 3579.36 3633.03 3714.09 3818.51 3972.06 4188.57 4438.68 4567.73 4610.22 4618.07 4602.14 4577.51 4545.86 4511.02 4471.77 4470.44 4473.59 4473 4457.39 4443.55 4441.38 4436.06 4418.76 4404.18 4398.16 4395.93 4400.34 4401.64 4405.65 4413.2 4414.39 4419.7 4425.76 4422.43 4420.09 4416.64 4418.78 4425.48 4405.81 4382.57 4363.5 4349.02 4338.99 4333.07 4329.99 4332.55 4335.9 4338.6 4337.69 4340.11 4339.83 4341.23
3507.22 3502.4 3496.22 3497.63 3490.4 3489.45 3490.63 3485.67 3505.07 3518.49 3530.35 3540 3549.24 3557.68 3559.22 3589.67 3663.43 3760.16 3876.96 4025.66 4226.52 4470.72 4582.93 4619.56 4619.73 4598.91 4567.55 4528.96 4493.61 4453.61 4449.03 4449.43 4450.44 4438.31 4423.01 4415.37 4426.41 4429.85 4423.08 4414.46 4409.6 4406.13 4404.85 4411.1 4416.64 4423.09 4428.02 4426.48 4424.61 4426.57 4431.47 4442.14 4445.65 4398.12 4376.29 4361.75 4349.18 4341.81 4341.34 4340.92 4343.65 4349.49 4346.19 4344.24 4347.21 4347.06 4344.59
3516.04 3512.59 3511.34 3512.85 3507.09 3509.7 3509.72 3512.26 3525.95 3532.85 3540.21 3549.85 3559.62 3568.54 3573.55 3607.39 3699.85 3816.3 3946.91 4097.94 4280.16 4496.97 4602.83 4628.82 4617.06 4589.98 4552.41 4512.32 4477.76 4458.15 4439.59 4423.29 4406.63 4407.78 4403.6 4402.27 4415.06 4425.57 4427.56 4426.93 4424.41 4422.2 4423.53 4433.47 4443.5 4454.68 4456.08 4452.44 4446.89 4432.08 4428.4 4426.05 4400.55 4377.59 4370.5 4359.23 4347.34 4338.08 4336.95 4342.28 4351.75 4361.41 4365.36 4361.88 4357.09 4345.7 4342.65
3529.97 3526.36 3524.09 3521.04 3526.17 3524.76 3529.14 3537.26 3543.99 3548.99 3554.72 3563.39 3573.14 3583.23 3591.47 3632.78 3744.27 3878.71 4026.61 4180.52 4361.39 4579.58 4641.97 4646.42 4624.25 4583.99 4537.85 4490.63 4446.55 4413.2 4409.63 4403.97 4397.37 4394.44 4392.84 4396.87 4410.89 4417.93 4421.81 4426.25 4427.62 4427.15 4435.37 4450.47 4468.74 4486.09 4510.13 4491.6 4455.89 4419.95 4404.2 4395.79 4387.94 4390.12 4373.04 4355.07 4341.49 4331.42 4326.74 4339.29 4355.79 4374.11 4389.44 4387.65 4341.11 4335.2 4337.41
3550.7 3542.34 3538.58 3536.82 3538.96 3538.93 3544.49 3549.33 3556.64 3564.22 3570.62 3579.79 3590.66 3602.1 3612.74 3675.07 3794.56 3937.39 4098.94 4278.12 4443.41 4647.49 4671.07 4655.34 4621.25 4576.41 4524.77 4469.72 4417.34 4381.58 4384.33 4389.02 4390.4 4390.73 4392.63 4393.6 4403.58 4417.34 4423.57 4430.07 4430.9 4432.19 4448.52 4465.81 4484.49 4508.36 4557.44 4513.21 4426.67 4391.42 4374.89 4361.89 4367.72 4371.11 4359 4345.39 4334.24 4325.97 4325.71 4334.18 4349.91 4374.72 4373 4340.34 4323.31 4329.59 4332.53
3578.11 3564.35 3556.82 3551.83 3555.85 3555.35 3561.09 3566.26 3572.22 3583.38 3592.16 3602.84 3615.9 3632.16 3659.87 3735.37 3848.41 3985.08 4142.28 4310.9 4477.28 4650.53 4675.25 4652.92 4616.95 4568.62 4514.74 4457.66 4400.08 4367.51 4371.98 4379.2 4383.05 4387.85 4393.73 4394.35 4398.67 4409.26 4419.8 4435.53 4440.82 4442.09 4458.51 4468.89 4485.47 4507.85 4519.83 4500.44 4431.23 4389.52 4359.57 4328.16 4326.55 4329.74 4333.47 4332.88 4327.21 4319.98 4317.94 4325.96 4332.46 4331.88 4330.51 4331.46 4343.47 4333.55 4333.11
3613.13 3592.18 3579.43 3568.13 3569.11 3572.94 3581.37 3590.11 3600.05 3611.94 3619.75 3631.33 3649.9 3671.82 3712.36 3794.5 3900.79 4021.81 4159.78 4315.77 4508.25 4634.79 4661.58 4642.33 4606.28 4560.63 4509.33 4454.14 4399.02 4371.25 4376.73 4377.74 4380.77 4385.89 4388.82 4384.94 4388.21 4400.3 4414.06 4428.75 4436.71 4445.62 4464.41 4463.78 4468.87 4497.24 4512.58 4501.05 4462.81 4405.76 4363.65 4330.18 4319.32 4324.25 4324.07 4324.68 4322.52 4319.69 4318.18 4319.47 4320.12 4316.77 4315.43 4319.66 4319.45 4328.56 4329.66
3656.69 3629.53 3608.92 3586.88 3583.28 3593.67 3607.35 3619.03 3630.46 3644.57 3659.38 3677.84 3698.07 3717.84 3771.17 3855.68 3957.76 4061.54 4176.34 4316.01 4533.4 4627.3 4657.85 4648.03 4611.36 4564.28 4511.62 4463.5 4421.81 4398.93 4391.94 4381.4 4380.71 4385.87 4391.54 4379.9 4377.65 4391.31 4405.56 4412.78 4418.73 4432.06 4446.28 4454.49 4458.03 4480.65 4494.08 4493.97 4460.87 4414 4374.32 4340.92 4321.04 4322.34 4321.82 4321.74 4321.26 4321.3 4318.98 4316.88 4315.41 4311.67 4307.91 4314.15 4323.05 4326.15 4329.01
3702.65 3672.97 3655.36 3619.01 3608.63 3628.85 3650.75 3656.04 3660.97 3682.38 3711.17 3756.45 3767.13 3782.48 3835.89 3935.35 4036.26 4138.17 4231.75 4357.58 4563.76 4632.82 4648.59 4630.75 4595.89 4555.09 4510.09 4473.52 4453.96 4429.83 4411.47 4402.25 4390.8 4383.41 4377.04 4381.18 4380.04 4386.53 4393.78 4401.62 4418.79 4428.16 4437.91 4451.39 4464.89 4462.74 4465.41 4463.41 4444.15 4412.54 4384.68 4354.42 4325.07 4324.02 4322.67 4323.27 4322.2 4319.46 4317.49 4316.2 4315.64 4315.63 4315.8 4318.27 4324.47 4325.85 4327.27
3753.73 3728.01 3735.19 3721.86 3684.07 3708.27 3731.13 3729.4 3713.54 3721.86 3759.54 3805.73 3858.05 3891 3931.91 4045.48 4151.98 4250.37 4334.54 4454.46 4647.74 4666.01 4642.39 4607.17 4571.31 4534.2 4501.61 4470.17 4446.06 4432.63 4424.24 4414.88 4398.63 4384.31 4377.02 4374.52 4384.06 4384.93 4387.02 4394.41 4417.99 4421.35 4427.46 4434.64 4425.43 4427.11 4426.83 4416.16 4410.29 4401.54 4392.08 4378.28 4352.85 4334.33 4329.22 4333.49 4327.3 4320.78 4317.57 4317.45 4317.85 4317.74 4316.94 4317.06 4317.94 4323.07 4326.36
3811.62 3800.81 3832.43 3872.73 3877.09 3858.48 3857.08 3853.25 3820.11 3781.08 3851.7 3918.98 4011.91 4081.63 4111 4198.23 4291.39 4383.09 4479.61 4597.14 4778.01 4693.07 4632.64 4587.9 4551.28 4517.89 4487.44 4460.38 4434.92 4428.4 4424.86 4413.72 4397.57 4381.93 4377.3 4381.6 4383.28 4378.14 4378.03 4383.28 4412.18 4432.73 4431.22 4425.39 4417.36 4406.41 4402.33 4395.19 4393.08 4390.58 4399.16 4403.39 4402.39 4388.86 4375.74 4353.69 4334.62 4320.77 4318.3 4318.98 4320.31 4321.14 4319.74 4320.48 4320.02 4325.13 4326.52
3872.44 3864.67 3911.06 3937.69 3952.16 3974.22 4002.89 4020.68 4026.5 3979.09 4041.84 4133.13 4234.56 4306.95 4324.36 4373.61 4429.8 4506.26 4618.87 4717.61 4670.08 4630.06 4593.6 4558.67 4527.57 4498.38 4474.62 4455.18 4436 4424.83 4421.04 4412.79 4394.9 4380.68 4381.12 4391.37 4391.52 4383.82 4381.21 4387.29 4404.41 4423.6 4423.6 4420.55 4416.54 4397.31 4393.98 4392.14 4398.78 4404.15 4411.89 4417.5 4420.57 4413.21 4396.21 4369.19 4340.22 4321.17 4319.61 4321.46 4323.58 4323.33 4324.96 4309.66 4329.48 4331.3 4330.28
3963.78 3955.29 4000.26 4084.25 4123.07 4148.69 4136.11 4161.71 4206.93 4219.16 4278.01 4362.93 4479.46 4570.83 4565.25 4541.63 4540.56 4571.96 4628.74 4644.48 4565.38 4553.97 4539.66 4521.79 4492.77 4473.25 4455.05 4444.32 4436.81 4423.21 4411.79 4399.91 4392.45 4384.63 4388.9 4402.9 4408.49 4400.01 4387.88 4381.89 4387.98 4399.27 4403.75 4402.77 4404.45 4391.85 4394.03 4407.63 4416.91 4432.03 4423.26 4424.03 4428.08 4426.42 4413.57 4372.92 4341.41 4325.23 4322.41 4324.62 4328.13 4328.29 4322.92 4321.93 4327.07 4329.24 4329.98
