real_craters/C117-500m.grd
DSAA
146 146
-36.2425 36.2425
-36.2425 36.2425
3395.0726600482 5032.3225481142
[rows 90 to 119 of 146, columns 67 to 133 of 146]
4063.33 4066.18 4064.64 4076.66 4131.72 4191.4 4231.39 4269.73 4295.29 4356.34 4478.13 4587.71 4719.84 4845.65 4761.3 4662.99 4608.1 4578.45 4557.84 4544.34 4517.73 4507.74 4506.95 4494.46 4476.78 4460.4 4443.71 4432.18 4423.71 4416.49 4410.27 4401.66 4396.47 4393.85 4405.5 4418.6 4418.76 4407.46 4393.2 4383.95 4380.76 4385.92 4386.81 4384.3 4389.07 4385.82 4395.03 4409.16 4424.52 4439.89 4432.08 4430.03 4440.89 4422.74 4379.44 4346.07 4336.88 4328.19 4325.33 4326.47 4330.32 4330.97 4325.55 4327 4325.53 4327.55 4332.18
4269.29 4246.75 4192.83 4174.31 4238.22 4259.18 4341.91 4379.74 4395.61 4483.81 4650.77 4803.83 4938.33 4912.59 4802.15 4696.97 4621.69 4563.94 4521.21 4505.16 4497.23 4490.94 4486.99 4478.34 4467.76 4451.4 4432.09 4410.33 4404.12 4409.42 4409.88 4407.51 4405.35 4405.42 4414.83 4418.65 4415.22 4405.1 4388.05 4383.97 4380.04 4373.37 4376.76 4377.43 4382.45 4385.55 4402.39 4414.16 4419.86 4421.55 4415.68 4415.31 4418.57 4384.84 4345.44 4330.83 4330.01 4328.38 4326.12 4326.58 4328.02 4328.73 4329.96 4330.44 4330.68 4333.26 4336.74
4535.35 4481.62 4410 4402.78 4476.68 4527.56 4525.71 4513.84 4516.28 4625.84 4770.68 4843.88 4901.27 4808.62 4736.33 4658.52 4595.19 4541.63 4500.03 4493.42 4497.39 4494.72 4484.71 4473.28 4458.3 4443.77 4425.54 4404.28 4399.44 4408.29 4414.48 4413.02 4410.23 4409.71 4409.53 4405.64 4404.08 4397.52 4386.31 4385.66 4383.95 4377.62 4375.57 4376.82 4389.03 4396.85 4402.5 4409.09 4409.61 4408.04 4400.86 4386.98 4360.59 4339.82 4331.09 4336 4326.86 4324.27 4324.62 4325.12 4326.54 4326.98 4326.04 4328.63 4334.02 4337.19 4342.09
4777.36 4670.38 4660.12 4690.27 4727.07 4761.24 4675.7 4621.92 4643.27 4719.2 4692.91 4712.05 4700.27 4671.18 4631.8 4590.9 4552.62 4519.43 4497.78 4501.64 4503.99 4497.87 4486.28 4471.83 4456.42 4443.04 4430.7 4420.83 4412.58 4411.7 4417.27 4415.35 4412.55 4407.56 4402.22 4405.95 4398.3 4393.01 4389.16 4387.27 4385.13 4381.53 4379.03 4381.24 4389.3 4397.13 4397.94 4398.37 4400.03 4395.75 4389.33 4370.97 4344.05 4327.96 4329.58 4330.53 4327.37 4324.44 4323.97 4324.46 4323.91 4325.76 4326.25 4330.52 4342.89 4355.09 4349.67
4681.15 4682.14 4689.66 4710.06 4715.75 4682.13 4658.49 4629.11 4621.31 4619.13 4549.39 4560.74 4554.91 4528.04 4527.36 4519.21 4505.78 4492.76 4497.78 4515.05 4509.09 4503.93 4484.09 4467.23 4453.77 4442.41 4434.19 4432.47 4419.66 4411.56 4407.42 4410.14 4414.21 4415.12 4407.19 4405.13 4402.64 4399.55 4401.27 4391.41 4384.84 4381.67 4381.99 4384.62 4388.32 4390.87 4389.71 4393.43 4395.82 4390.71 4385.9 4367.69 4341.8 4326.08 4325.04 4323.33 4322.24 4322.92 4322.93 4323.52 4326.24 4326.13 4329.84 4333.36 4343.58 4352.51 4350.25
4567.57 4587.45 4604.34 4604.33 4564.01 4576.81 4597.67 4570.47 4537.12 4487.35 4465.13 4465.96 4434.99 4439.99 4460.21 4469 4467.61 4462.3 4461.32 4485.61 4488.33 4487.02 4469.64 4457.54 4447.88 4439.17 4430 4419.73 4416.17 4409.48 4402.73 4404.89 4407.24 4415.14 4422.12 4415.39 4406.5 4402.85 4400.29 4395.72 4381.11 4379.73 4382.7 4383.89 4382.44 4389.36 4400.12 4397.44 4401.62 4401.75 4398.1 4368.96 4342.8 4327.08 4323.94 4322.06 4324.01 4322.37 4321.63 4321.26 4321.65 4326.22 4329.65 4332.72 4338.23 4341.11 4344.79
4462.06 4479.34 4459.19 4460.21 4453.39 4458.27 4509.79 4494.31 4467.69 4439.86 4439.22 4438.16 4430.71 4424.55 4431.94 4440.22 4443.12 4444.05 4447.05 4449.61 4453.47 4445.17 4445.04 4443.91 4440.45 4435.79 4428.29 4416.93 4414.39 4409.82 4407.12 4403.08 4401.88 4409.9 4417.74 4416.48 4407.83 4402.49 4395.02 4388.61 4384.2 4380.5 4382.25 4381.32 4377.06 4395.82 4396.82 4404.33 4408.73 4407.25 4389.8 4364.85 4343 4329.2 4323.94 4322.57 4322.47 4321.85 4320.69 4320 4320.71 4326.49 4345.33 4336.78 4334.99 4335.77 4341.89
4426.69 4428.08 4418.34 4421.18 4426.37 4420.45 4413.8 4433.24 4427.26 4415.69 4422.79 4437.31 4443.74 4423.44 4422.79 4423.93 4426.2 4427.23 4430.43 4434.18 4432.29 4426.37 4429.38 4432.36 4433.78 4433.96 4434.45 4431.63 4418.15 4407.39 4400.24 4402.09 4405.63 4406.95 4407.58 4404.29 4400.53 4404.57 4402.49 4388.29 4376.77 4378.9 4381.5 4380.52 4379.86 4400.04 4412.14 4417 4416.76 4408.55 4380.65 4358.13 4341.49 4328.62 4326.02 4323.51 4323.19 4321.69 4320.1 4318.75 4319.02 4323 4339.62 4336.41 4333.43 4335.01 4342.65
4423.4 4430 4429.13 4424.85 4426.66 4415.73 4409.39 4411.88 4412.02 4406.63 4408.85 4435.94 4447.31 4421.33 4421.34 4420.63 4420.76 4417.76 4418.96 4422.14 4421.79 4421.35 4421.43 4423.74 4426.47 4428.86 4431.38 4428.65 4418.13 4407.58 4400.64 4399.9 4402.61 4403.13 4400.55 4397.61 4399.64 4402 4403.9 4393.51 4380.03 4378.65 4380.67 4383.21 4388.8 4411.62 4422.93 4423.29 4421.81 4417.34 4379.72 4355.19 4342.3 4334.11 4329.43 4325.74 4323.11 4321.69 4320.43 4319.75 4320.73 4326.84 4338.23 4333.39 4333.26 4336.11 4346.53
4428.1 4442.84 4448.19 4434.75 4433.33 4427.47 4407.08 4413.51 4415.66 4414.33 4416.91 4443.22 4455.75 4427.31 4424.46 4423.72 4423.88 4420.89 4418.41 4417 4414.93 4411.05 4412.1 4417.18 4419.7 4421.11 4421.6 4418.55 4413.18 4408.38 4401.6 4394.97 4392.22 4394.54 4393.05 4388.62 4387.72 4392.97 4399.84 4396.48 4388.17 4380.24 4377.52 4383.53 4396.72 4416.31 4423 4423.35 4423.08 4405.11 4374.3 4352.79 4345.54 4340.39 4334.74 4329.69 4324.47 4324.64 4323.79 4321.15 4322.39 4326.5 4331.68 4334.66 4340.92 4349.8 4363.48
4431.01 4432.79 4432.81 4434.26 4434.91 4433.14 4431.43 4429.75 4428.9 4431.01 4433.29 4448.83 4454.54 4436.29 4432.45 4430.53 4430.91 4433.77 4422.11 4414.33 4411.46 4411.95 4413.24 4412.16 4412.59 4413.28 4410.19 4407.6 4404.1 4401.3 4395.52 4389.72 4386.48 4386.18 4387.5 4382.62 4382.97 4385.72 4391.67 4390.33 4385.71 4381.57 4375.65 4382.55 4392.56 4408.06 4421.29 4423.84 4427.31 4429.34 4390.21 4366.26 4352.48 4343.34 4339.43 4347.03 4333.23 4332.23 4329.49 4328.62 4330.78 4334.08 4334.3 4335.38 4348.21 4380.13 4404.15
4434.83 4438.31 4429.06 4432.19 4436.34 4436.49 4443.19 4443.93 4440.92 4445.02 4452.46 4459.18 4450.02 4447.71 4441.55 4434.89 4431.45 4428.71 4416.93 4409.41 4406.44 4407.37 4407.87 4404.35 4404.85 4406.54 4408.92 4401.37 4391.76 4383.42 4382.72 4382.19 4381.07 4380.86 4377.12 4379.34 4387.11 4399.29 4395.47 4387.28 4385 4386.66 4390.06 4388.08 4392 4396.83 4410.73 4419.73 4421.46 4416.17 4402.16 4381.62 4361.01 4341.13 4334.62 4343.39 4352.19 4340.49 4334.16 4331.49 4332.63 4339.12 4338.31 4335.24 4347.47 4385.65 4411.98
4433.03 4437.19 4436.36 4436.61 4442.31 4443.52 4436.29 4440.66 4441.69 4447.86 4459.89 4463.21 4454.82 4458.41 4447.09 4434.78 4424.35 4416.83 4408.29 4402.95 4398.59 4394.14 4389.63 4392.4 4395.12 4396.87 4397.78 4391.22 4381.53 4370.78 4373.97 4375.04 4375.18 4373.8 4374.59 4373.39 4389.85 4403.03 4399.34 4399.5 4395.47 4392.64 4390.94 4393.27 4401.46 4409.82 4418.2 4417.28 4417.74 4414.03 4411.4 4399.29 4368.35 4341.99 4327.93 4328.91 4342.79 4340.58 4337.03 4332.52 4335.6 4340.35 4340.58 4339.12 4346.83 4367.87 4379.74
4428.62 4430.89 4432.38 4438.42 4447.07 4458.71 4445.85 4433.74 4432.91 4435.85 4444.09 4452.64 4449.04 4450.79 4445.06 4431.37 4414.8 4401.33 4400.43 4396.91 4391.7 4385.4 4380.26 4383.58 4387.55 4388.9 4384.52 4383.19 4377.64 4375.29 4377.84 4380.54 4382.23 4381.36 4386.13 4395.15 4405.05 4414.28 4401.28 4397.56 4398.2 4401.04 4406.24 4402.65 4417.74 4436.37 4430.03 4429.44 4421.7 4414.28 4413.46 4395.81 4369.49 4342.78 4327.27 4328.94 4330.62 4336.73 4343.26 4345.27 4338.74 4341.15 4341.37 4342.48 4345.57 4352.1 4352.63
4423.69 4423.61 4426.39 4434.03 4443.86 4452.5 4445.48 4429.78 4421.67 4416.41 4414.84 4431.16 4436.04 4444.33 4440.88 4426.99 4414.04 4403.53 4396.9 4392.72 4387.71 4382.22 4376.93 4380.54 4384.14 4386.94 4387.04 4381.75 4375.76 4373.31 4381.23 4396.71 4390.96 4385.86 4386.65 4403.92 4410.11 4414.99 4412.05 4396.13 4404.39 4408.4 4419.54 4442 4441.63 4441.86 4438.18 4434.25 4452.9 4442.73 4416.56 4398.14 4363.95 4340.13 4326.62 4326.12 4324.6 4333.46 4347.56 4357.67 4350.98 4343.81 4342.93 4343.86 4346.08 4348.54 4353.54
4418.45 4416.21 4416.47 4426.4 4434.74 4440.15 4436.74 4422.86 4410.48 4398.75 4389.67 4396.87 4409.32 4429.02 4428.33 4416.75 4408.08 4402 4396.24 4391.8 4387.01 4382.9 4381.89 4381.05 4382.8 4385.82 4386.11 4382.1 4377.47 4374.29 4376.15 4377.66 4383.36 4390.29 4390.34 4392.81 4407.54 4411.03 4415.74 4429.1 4420.83 4416.77 4427.12 4448.04 4442.95 4431.77 4423.7 4425.84 4446.67 4437.39 4401.2 4364.14 4344.44 4334.28 4327.47 4324.92 4325.5 4330.36 4339.46 4344.8 4346.19 4346.41 4344.87 4344.43 4346.46 4346.16 4346.77
4411.73 4412.17 4415.48 4420.1 4424.77 4427.83 4433.33 4420.36 4404.4 4388.06 4372.38 4375.47 4391.21 4401.11 4402.94 4401.67 4397.83 4395.53 4394.84 4392.32 4387.57 4382.32 4378.41 4377.45 4381.37 4385.47 4385.85 4382.93 4380.76 4378.49 4375.5 4375.19 4381.89 4396.71 4391.94 4381.83 4406.65 4422.8 4427.36 4434.6 4432.99 4430.49 4431.69 4435.23 4435.58 4428.57 4418.46 4427.39 4431.1 4409.09 4377.61 4341.74 4333.14 4330.49 4326.65 4325.57 4324.87 4327.25 4334.33 4340.13 4343.93 4347.22 4345.4 4343.48 4341.15 4342.23 4344.45
4406.25 4409.87 4414.35 4415.51 4414.58 4411.9 4407.72 4414.35 4401.56 4386.75 4375.41 4386.41 4388.24 4385.91 4385.32 4391.32 4393.93 4398.87 4398.17 4393.96 4388.4 4382.81 4374.54 4374.62 4381.86 4387.19 4387.09 4383.71 4379.03 4376.25 4375.24 4378.52 4382.87 4386.34 4398.95 4400.01 4389.38 4423.01 4433.85 4432.37 4434.02 4442.7 4435.76 4428.61 4431.32 4428.48 4425.63 4415.18 4392.37 4377.23 4359.85 4346.84 4336.4 4332.97 4330.61 4328.47 4325.55 4325.59 4329.97 4335.92 4342.03 4345.53 4345.23 4343.17 4340.44 4340.75 4343.61
4409.47 4416.25 4416.14 4411.55 4406.99 4402.33 4398.65 4409.34 4399.93 4387.84 4380.91 4385.12 4386.6 4385.08 4384.6 4387.67 4394.83 4402.87 4400.62 4395.31 4390.82 4387.31 4385.48 4386.68 4386.57 4382.17 4385.91 4387 4384.42 4380.17 4376.11 4379.83 4387.76 4390.91 4406.75 4415.31 4408.45 4411.07 4417.62 4416.35 4420.64 4423.49 4421.45 4417.78 4421.02 4413.76 4406.43 4375.7 4348.9 4347.09 4341.37 4333.07 4331.36 4337.91 4341.71 4336.55 4330.99 4328.54 4330.4 4336.19 4342.53 4345.79 4345.74 4344.38 4342.29 4340.05 4337.2
4418.13 4419.07 4412.21 4404.71 4399.52 4396.69 4398.46 4397.96 4390.79 4384.62 4384.6 4393.96 4387.65 4385.96 4384.35 4382.2 4384.72 4398.99 4397.36 4392.97 4390.59 4391.11 4395.18 4400.65 4400.8 4393.44 4394.71 4394.65 4391.41 4389.35 4383.86 4390.42 4400.09 4395.97 4407.48 4420.95 4434.4 4413.42 4410.3 4407.79 4402.8 4393.44 4396.69 4388.28 4371.92 4373.69 4366.11 4344.98 4330.2 4329.8 4329.72 4333.1 4341.93 4343.07 4352.03 4340.59 4334.28 4326.78 4336.78 4334.94 4339.89 4344.51 4345.71 4345.31 4343.08 4338.95 4334.21
4397.09 4411.92 4399.5 4392.76 4388.72 4387.66 4387.15 4379.75 4376.68 4376.19 4377.6 4378.31 4388.95 4383.84 4381.12 4379.01 4376.16 4386.15 4387.05 4386.43 4386.53 4389.79 4398.48 4411.15 4415.29 4429 4414.34 4406.69 4400.78 4401.6 4406.09 4405.6 4407.06 4397.73 4403.89 4417.93 4433.62 4438.82 4421.23 4402.66 4386.54 4373.48 4352.82 4344.93 4332.77 4342.52 4345.76 4338.59 4325.17 4322.28 4323.3 4324.03 4325.13 4340.95 4353.39 4338.94 4326.22 4324.62 4323.77 4323.1 4338.3 4342.36 4344.91 4346.73 4346.95 4343.53 4335.23
4366.61 4368.01 4376.92 4378.23 4376.84 4374.72 4371.2 4370.51 4369.43 4366.15 4362.55 4370.12 4379.22 4373.24 4373.68 4377.66 4379.6 4371.04 4375.55 4377.1 4378.01 4380.95 4387.47 4396.95 4408.92 4419.03 4418.81 4415.97 4415.22 4411.87 4412.46 4407.73 4405.84 4407.45 4402.23 4411.44 4423.58 4433.97 4424.4 4393.22 4363.49 4341.18 4320.36 4322.73 4331.96 4333.08 4334.23 4333.3 4323.61 4321.36 4321.79 4322.67 4324.98 4329.6 4333.92 4336.4 4331.88 4334.88 4318 4318.59 4332.16 4338.52 4342.84 4347.87 4353.12 4354.43 4339.83
4351.84 4355.39 4361.6 4364.9 4365.59 4363.78 4359.68 4361.26 4362.71 4358.3 4352.49 4353.94 4352.24 4358.01 4363.03 4372.9 4374.39 4369.86 4367.28 4367.4 4367.29 4367.61 4368.71 4372.67 4392.09 4411.03 4414.86 4415.76 4416.14 4413.67 4406.27 4408.12 4406.1 4408.34 4410.28 4413.35 4420.01 4418.05 4394.34 4373.9 4344.15 4326.52 4327.23 4326.73 4329.57 4330.15 4329.68 4326.69 4323.2 4322.12 4323.67 4325.3 4326.21 4325.56 4326.54 4334.46 4344.29 4343.56 4330.76 4330 4325.67 4333.35 4339.43 4345.32 4350.88 4353.71 4337.87
4350.27 4351.9 4354.2 4356.72 4357.64 4356.15 4351.79 4349.77 4348.71 4351.15 4352.62 4347.81 4345.41 4348.95 4361.3 4372.9 4371.42 4363.22 4359.77 4357.18 4355.38 4353.82 4351.31 4350 4371.28 4395.18 4404.29 4410.74 4414.02 4418.59 4418.25 4413.65 4408.74 4410.59 4418.52 4414.04 4420.12 4418.65 4394.97 4363.28 4335.93 4324.58 4328.01 4328.95 4330.13 4329.77 4329.45 4328.36 4324.78 4324.83 4326.29 4328.88 4335.06 4328.24 4324.28 4326.59 4329.34 4324.41 4325.9 4331.59 4321.88 4329.05 4335.48 4340.08 4341.01 4335.54 4329.89
4350.75 4348.24 4351.24 4353.39 4353.64 4352.9 4350.64 4346.16 4339.9 4341.78 4340.45 4343.43 4337.36 4342.81 4351.93 4361.51 4360.67 4354.43 4349.71 4347.29 4345.43 4343.24 4340.69 4339.62 4351.37 4370.98 4387.09 4404.21 4411.38 4412.98 4414.62 4408.26 4414.38 4412.94 4412.13 4412.43 4411.56 4402 4379.72 4355.24 4333.43 4325.97 4328.13 4328.51 4329.15 4330.08 4330.02 4330.58 4327.94 4328 4328.08 4329.07 4328.01 4326.87 4325.38 4324.87 4328.97 4326.12 4321.44 4322.35 4323.07 4327.9 4333.39 4337.09 4336.11 4330.45 4326.95
4348.5 4348.24 4350.59 4351.92 4352.07 4351.84 4352.68 4352.62 4339 4340.17 4339.21 4336.54 4334.91 4337.05 4337.57 4338.27 4336.99 4339.06 4340.36 4340.2 4339.12 4337.84 4336.81 4338.12 4340.09 4350.44 4364.23 4375.35 4381.03 4379.3 4378.46 4378.45 4387.99 4396.59 4401.41 4404.02 4404.21 4388.76 4367.81 4347.7 4331.31 4326.72 4328.38 4329.49 4330.08 4329.97 4329.38 4326.74 4328.08 4328.69 4327.87 4327.9 4328.58 4331.63 4327.28 4324.57 4326.85 4328.15 4325.88 4321.44 4324.85 4329.25 4333.94 4337.3 4338.01 4333.36 4330.87
4345.9 4350.64 4351.29 4350.9 4350.69 4349.9 4349.02 4345.48 4336.77 4339.62 4340.25 4336.96 4333.3 4332.86 4331.89 4331.38 4328.81 4331.28 4333.88 4334.97 4335.25 4335.23 4335.41 4337.75 4339.53 4342.7 4345.68 4342.23 4347.23 4346.41 4345.78 4344.16 4357.05 4365.9 4373.12 4377.07 4376.96 4368.22 4353.97 4341.22 4330.19 4327.8 4329.12 4330.77 4330.96 4330.15 4329.33 4327.37 4324.03 4325.27 4325.96 4326.32 4325.56 4323.56 4325.24 4326.33 4325.74 4326.74 4333.48 4330.46 4329.48 4331.57 4335.42 4339.76 4344.01 4348.55 4342.37
4350.25 4352.21 4350.7 4349.21 4347.73 4345.95 4343.34 4338.56 4335.82 4338.7 4343.17 4338.39 4334.26 4332.56 4332.19 4331.38 4329.61 4330.55 4332.37 4333.93 4334.22 4334.92 4335.93 4338.4 4339.96 4339.62 4338.54 4336.94 4337.4 4338.35 4336.38 4334.76 4335.21 4337.7 4346.72 4356.27 4360.29 4353.86 4345.11 4337.24 4330.41 4329.11 4330.1 4331.61 4331.15 4329.97 4328.29 4326.2 4324.15 4323.19 4324.86 4325.7 4325.56 4324.13 4325.05 4326.44 4325.34 4323.27 4325.96 4326.43 4330.06 4334.09 4338.01 4342.59 4347.9 4352.93 4347.54
4343.67 4348.46 4347.94 4346.4 4344.75 4342.39 4339.24 4335.96 4333.57 4338.2 4339.91 4337.26 4335.48 4334.8 4333.15 4331.12 4332.06 4331.52 4332.22 4333.95 4335.13 4336.26 4337.59 4338.4 4339.05 4337.69 4336.62 4335.87 4335.6 4336.31 4335.68 4335.1 4334.44 4333.12 4335.24 4338.56 4344.85 4343.6 4340.86 4337.06 4333.07 4332.34 4331.69 4331.14 4331.12 4330.09 4328.61 4328.15 4327.26 4324.55 4325.72 4327.07 4327.56 4327.31 4327.2 4327.64 4326.13 4325.27 4330.08 4326.15 4330.53 4335.04 4338.91 4343.04 4346.94 4351.14 4348.01
4342.39 4343.25 4343.71 4343.07 4341.57 4339.12 4336.67 4334.15 4335.51 4337.2 4336.98 4334.78 4332.42 4334.19 4333.51 4331.14 4331.15 4331.79 4332.49 4333.6 4334.73 4336.13 4337.41 4338.17 4337.38 4336.05 4336.01 4336.04 4334.69 4334.39 4335.12 4335.95 4334.86 4333.43 4333.44 4334.4 4337.28 4338.73 4339.64 4339.97 4338.78 4334.87 4333.44 4332.04 4332.14 4331.19 4329.89 4328.37 4327.03 4326.86 4329.24 4330.78 4331.15 4330.95 4330.07 4329.83 4328.99 4324.41 4328.37 4335.64 4336.38 4337.27 4338.79 4340.41 4341.14 4338.8 4330.88
