real_craters/C117-500m.grd
DSAA
146 146
-36.2425 36.2425
-36.2425 36.2425
3395.0726600482 5032.3225481142
[rows 60 to 89 of 146, columns 0 to 66 of 146]
4339.92 4340.4 4341.87 4341.81 4342.9 4345.87 4351.1 4362.2 4361.03 4358.65 4355.46 4354.9 4356.46 4362.24 4365.68 4368.11 4375.67 4387.34 4398.32 4399.62 4378.94 4360.57 4351.65 4348.26 4354.44 4377.73 4400.54 4422.64 4436.84 4450.66 4452.79 4438.29 4423.95 4409.82 4404.55 4412.23 4416.07 4424.5 4430.71 4418.54 4409.54 4405.8 4406.04 4411.53 4414.46 4411.48 4410 4395.29 4417.89 4463.63 4490.81 4525.14 4560.09 4598.03 4632.55 4674.52 4708.63 4649.68 4366.09 4168.15 4005.25 3840.35 3735 3683.03 3672.99 3646.46 3600.77
4341.83 4342.21 4343.98 4344.15 4343.74 4344.1 4348.65 4367.37 4366.65 4361.09 4356.94 4355.66 4359.68 4370.85 4383.83 4374.11 4376.05 4384.07 4393.64 4394.79 4377.04 4361.95 4357.89 4354.28 4355.19 4386.75 4421.82 4430.08 4438.75 4446.46 4445.55 4437.6 4425.54 4411.56 4404.69 4408.37 4414.45 4421.49 4425.35 4414.22 4405.39 4402.68 4403.67 4409.18 4417.01 4426.93 4419.72 4409.98 4425.6 4454.81 4492.41 4519.28 4549.64 4578.22 4605 4628.45 4619.61 4511.36 4259.75 4047.2 3880.13 3729.06 3645.37 3602.11 3588.71 3580.46 3538.09
4343.86 4346.41 4348.56 4347.39 4337.48 4341.21 4346.66 4364.17 4363.77 4360.35 4356.77 4354.23 4353.05 4352.24 4354.53 4362.19 4367.19 4373.68 4382.94 4386.21 4381.77 4376.74 4371.51 4370.39 4377.35 4395.79 4412.93 4426.08 4433.98 4439.17 4441.39 4435.29 4427.75 4421.86 4414.69 4410.37 4412.06 4416.55 4420.59 4411.42 4401.8 4401.2 4405.5 4407.73 4416.67 4437.32 4424.77 4426.47 4444.01 4470.46 4499.1 4512.23 4526.22 4533.77 4549.07 4545.76 4510.5 4408.23 4155.87 3948.62 3797.1 3681.4 3601.34 3556.87 3538.16 3526.39 3500.19
4346.89 4348.54 4351.63 4352.81 4336.02 4340.71 4352.8 4350.66 4355.8 4356.47 4354.08 4350.23 4345.21 4339.59 4340.47 4347.74 4352.61 4355.16 4360.94 4370 4378.39 4389.07 4385.74 4387.81 4396.37 4406.15 4412.37 4419.61 4426.42 4431.77 4434.45 4430.79 4427.06 4424.78 4418.31 4409.83 4407.29 4409.8 4409.38 4402.35 4397.94 4398.82 4402.04 4406.26 4416.81 4439 4435.94 4443.34 4462.05 4471.87 4499.15 4505.97 4514.44 4503.32 4482.93 4442.7 4378.78 4263.9 4036.99 3846.6 3726.08 3638.62 3570.33 3521.97 3500.16 3490.2 3476.52
4351.66 4355.24 4351.93 4346.11 4339.38 4343.01 4346.67 4348.95 4350.91 4351.42 4349.91 4346.17 4340.59 4335.88 4334.62 4336.86 4338.35 4338.25 4336.99 4353.23 4370.31 4373.24 4389.1 4402.31 4412.99 4416.59 4414.68 4415.19 4417.52 4420.22 4419.1 4420.94 4420.85 4420.89 4415.39 4408.73 4405.72 4404 4401.6 4398.13 4395.08 4397.21 4397.64 4401.42 4408.24 4421.42 4424.86 4449.67 4461.61 4472.15 4488.08 4506.92 4498.42 4466.75 4405.06 4334.48 4235.04 4102.32 3896.82 3726.06 3661.21 3610.93 3548.92 3497.05 3478.76 3473.81 3465.28
4352.75 4353.66 4351.91 4351.25 4353.41 4347.36 4343.22 4345.48 4348.81 4349.86 4348.36 4345.18 4339.21 4330.13 4330.66 4331.2 4330.61 4329.86 4333.13 4352.49 4377.99 4401.26 4409.98 4412.83 4420.72 4420.64 4411.22 4407.18 4408.2 4409.74 4410.27 4412.79 4414.77 4413.14 4409.41 4407.28 4404.23 4400.47 4396.05 4391.53 4393.63 4398.34 4406.34 4405.24 4410.71 4410.22 4418.71 4448.5 4468.53 4489.41 4514.73 4529.48 4492.56 4426.92 4338.56 4237.1 4111.54 3958.32 3778.36 3649.07 3616.88 3583.13 3538.16 3499.56 3484.5 3472.37 3461.33
4349.6 4349.86 4350.77 4350.85 4349.83 4351.01 4350.84 4342.01 4349.71 4351.12 4349.32 4346.62 4343.67 4341.95 4335.26 4330.76 4327.71 4327.53 4335.26 4356.71 4387.98 4423.02 4417.67 4414.61 4413.05 4408.51 4400.37 4396.55 4400.24 4403.18 4404.1 4408.49 4413.51 4413.42 4406.18 4400.03 4402.96 4398.26 4394.1 4390.54 4394.58 4397.11 4400.41 4403.39 4411.76 4414.25 4423.39 4446.63 4466.16 4509.52 4625.97 4586.25 4508.09 4413.96 4294.67 4159.33 4014.91 3856.27 3722.59 3640.07 3607.98 3580.37 3533.01 3498.43 3490.79 3474.62 3461.02
4344.28 4343.93 4345.96 4348.63 4348.84 4349.13 4352.56 4352.3 4353.95 4356.61 4354.28 4350.29 4347.62 4347.58 4338.79 4332.12 4328.62 4327.86 4332.42 4356.68 4384.96 4410.33 4415.36 4409.01 4401.4 4393.65 4392.22 4391.26 4396.38 4401.35 4404.5 4410.51 4416.56 4415.73 4407.28 4399.7 4396.92 4394.05 4395.18 4396.69 4396.83 4398.44 4396.4 4397.2 4409.66 4428.51 4445.92 4461.42 4491.2 4575.15 4688.61 4624.56 4520.98 4396.93 4252.23 4108.86 3948.32 3796.74 3670.21 3610.04 3587.98 3569.26 3526.21 3491.55 3484.92 3476.45 3466.21
4343.84 4343.61 4344.27 4344.86 4345.79 4345.42 4351.37 4369.55 4375.51 4366.07 4358.53 4352.27 4346.75 4342.16 4337.63 4332.27 4329.69 4332.62 4342.63 4354.87 4374.29 4392.33 4406.08 4401.27 4395.44 4390.52 4390.37 4391.72 4395.91 4404.11 4414.21 4422.01 4421.97 4419.96 4410.86 4397.77 4385.66 4387.32 4396.35 4407.77 4409.2 4406.07 4401.95 4396.14 4420.53 4469.81 4500.59 4499.35 4525.46 4576.37 4659.17 4626.31 4525.54 4389.44 4235.83 4071.39 3909.9 3754.26 3634.55 3577.55 3553.84 3538.78 3520.37 3502.1 3489.83 3481.79 3474.92
4349.41 4346.48 4345.03 4342.48 4343.23 4347.85 4359.47 4377.86 4380.45 4370.48 4362.34 4353.7 4346.02 4340.23 4336.99 4334.18 4331.65 4329.52 4335.53 4349.38 4362.36 4374.72 4383.3 4388.35 4393.76 4396.83 4394.95 4387.04 4396.67 4407.42 4418.34 4424.1 4423.91 4423.06 4419.75 4403.32 4381.32 4383.18 4395.53 4410.5 4419.64 4413.38 4404.42 4398.89 4452.66 4550.08 4560.81 4520.58 4546.34 4585.05 4630.32 4628.08 4530.78 4389.6 4224.07 4052.42 3882.37 3720.78 3595.6 3560.46 3548.78 3532.73 3517.28 3505.5 3496.8 3490.66 3487.09
4353.22 4347.86 4348.79 4349.27 4347.12 4343.92 4354.8 4373.09 4373.49 4369.04 4362.17 4354.86 4346.99 4341.53 4338.59 4336.29 4334.66 4334.71 4337.04 4344.37 4350.85 4357.49 4363.24 4376.11 4393.54 4409.55 4405.63 4395.54 4399.36 4411.34 4422.45 4427 4418.43 4419.81 4427.91 4411.03 4387.27 4383.28 4394.31 4405.15 4412.86 4415.16 4413.07 4413.75 4456.74 4519.01 4533.47 4541.13 4586.49 4610.26 4656.33 4651.06 4537.67 4382.09 4208.64 4036.75 3863.3 3703.17 3575.08 3549.94 3539.54 3528.65 3515.22 3507.27 3502.12 3498.73 3499.25
4344.15 4345.79 4347.18 4347.2 4354.08 4359.3 4362.48 4368.13 4373.14 4366.67 4361.47 4356.43 4350.32 4345.85 4341.73 4338.94 4337.23 4337.86 4339.57 4341.98 4344.18 4344.76 4343.63 4365.52 4390.32 4413.87 4411.82 4398.85 4404.37 4416.84 4426.75 4432.27 4415.27 4414.4 4424.73 4410.12 4391.68 4389.92 4398.45 4406.59 4411.93 4421.34 4431.2 4448.06 4452.94 4453.42 4482.74 4565.96 4614.29 4644.05 4680.8 4668.18 4536 4372.31 4192.16 4021.98 3854.12 3699.08 3579.45 3547.8 3546.22 3531.9 3518.1 3510.01 3505.89 3504.87 3506.99
4349.81 4346.1 4348.02 4359.43 4364.8 4368.53 4366.53 4362.46 4356.85 4359.21 4360.64 4358.76 4351.84 4348.67 4345.82 4341.44 4337.95 4336.37 4338.62 4342 4344.79 4347.46 4351.01 4366.06 4382.37 4401.56 4407.32 4408.05 4415.41 4424.34 4429.43 4430.19 4426.12 4416.27 4408.92 4405.44 4401.82 4401.99 4407.37 4417.43 4427.57 4437.34 4450.06 4471.51 4463.71 4455.14 4457.06 4524.28 4622.84 4668.29 4678.12 4653.16 4520.95 4352.35 4178.22 4009.98 3848.19 3701.72 3584.8 3547.02 3545.59 3534.4 3522.43 3511.79 3508.4 3507.39 3508.57
4349.54 4347.72 4356.26 4377.27 4370.65 4368.26 4364.24 4359.87 4356.54 4357.36 4360.42 4363.89 4370.37 4360.82 4350.36 4343.39 4338.11 4336.54 4339.45 4344.78 4350.55 4357.36 4364.58 4365.19 4373.28 4377.22 4385.51 4408.67 4427.64 4433.8 4431.49 4423.67 4420.4 4416.86 4412.2 4407.25 4403.09 4403.6 4416.2 4432.55 4449.4 4456.51 4462.4 4469.75 4471.38 4486.28 4473.26 4499.09 4549.9 4625.62 4658.55 4629.99 4485.84 4330.3 4171.95 4005.69 3853.84 3706.24 3591.84 3545.72 3541.28 3534.57 3526.03 3518.67 3511.55 3509.35 3509.56
4355.69 4350.56 4351.18 4362.72 4364.31 4362.09 4359.78 4358.04 4359.37 4360.62 4360.34 4361.71 4365.96 4360.12 4351.01 4343.61 4337.78 4333.63 4341.22 4349.06 4359.77 4367.76 4371.79 4378.43 4375.15 4364.46 4370.07 4415.59 4446.95 4442.44 4434.81 4427.29 4420.93 4417.55 4411.86 4412.48 4410.36 4413.17 4424.62 4441.54 4463.64 4478.61 4490.75 4478.15 4469.25 4487.82 4486.04 4507.43 4534.77 4580.36 4631.04 4547.93 4431.03 4306.92 4165.05 4015.13 3867.31 3728.68 3604.85 3547.57 3541.22 3536.96 3529.35 3518.01 3512.25 3510.66 3508.53
4376.32 4356.26 4347.86 4353.36 4359.51 4359.61 4356.28 4353.41 4352.2 4359.65 4355.95 4352.87 4346.35 4350.52 4347.14 4342.74 4340.8 4343.66 4346.54 4354.59 4364.45 4379.12 4388.41 4400.34 4392.58 4379.1 4381.75 4417.03 4447.73 4440.09 4433.76 4432.35 4429.96 4430.03 4428.62 4422.21 4419.73 4420.99 4429.8 4440.48 4452.72 4478.2 4486.84 4482.82 4463.91 4461.24 4462.05 4496.03 4562.49 4609.02 4617.53 4508.03 4397.53 4294.73 4169.09 4030.36 3886.42 3745.51 3621.98 3552.08 3546.91 3541.54 3532.35 3517.21 3511.24 3507.67 3504.65
4373.17 4362.25 4357.09 4358.72 4359.3 4358.17 4353.57 4349.2 4343.91 4344.87 4348.78 4347.4 4344.6 4345.45 4344.16 4341.96 4340.23 4342.4 4351.14 4361.6 4374.38 4391.66 4411.89 4428.51 4415.64 4400.86 4394.77 4411.01 4423.7 4427.03 4423.84 4418.72 4415.66 4427.74 4434.25 4427.15 4426.56 4431.65 4433.5 4436.37 4436.91 4445.03 4452.78 4461.57 4458.81 4457.09 4463.64 4473.95 4467.44 4620.33 4624.19 4541.08 4428.58 4327.22 4198.11 4053.16 3906.84 3770.45 3646.42 3563.58 3551.11 3544.76 3531.45 3514.38 3510.71 3507.94 3504.53
4357.37 4361.94 4373.9 4367.43 4358.44 4352.78 4350.99 4347.5 4344.79 4344.27 4345.4 4347.04 4347.45 4345.11 4343.32 4343.23 4345.05 4348.34 4356.42 4367.27 4380.66 4398.84 4418.47 4438.35 4436.23 4420.79 4412.03 4410.68 4415.25 4416.21 4412.73 4408.11 4409.63 4410.22 4415.76 4422.82 4427.49 4434.68 4435.84 4435.01 4438.05 4433.82 4427.23 4456.13 4467.26 4488.98 4504.42 4480.99 4450.27 4531.08 4590.2 4637.28 4504.87 4382.86 4249.47 4110.62 3955.47 3811.77 3683.83 3591 3563.71 3549.06 3539.72 3520.49 3514.37 3510.45 3506.81
4349.18 4351.18 4352.03 4358.71 4355.03 4352.15 4349.6 4347.27 4345.83 4345.33 4345.19 4346.83 4348.17 4345.23 4343.57 4344.08 4347.04 4352.11 4359.32 4369.3 4381.99 4397.85 4411.66 4429.25 4450.39 4436.58 4419.98 4416.82 4417.45 4414.47 4406.25 4396.8 4408.53 4416.55 4416.87 4418.34 4422.22 4429.37 4428.73 4429.33 4434.32 4433.53 4426.83 4467.29 4500.17 4530.34 4558.94 4526.1 4470.43 4463.2 4521.73 4585.94 4539.43 4439.37 4315.47 4169.27 4025.98 3879.28 3740.56 3625.74 3588.42 3562.29 3547.21 3528.9 3519.55 3514.31 3510.4
4351.89 4351.76 4351.96 4351.68 4350.72 4349.1 4348.13 4347.01 4345.98 4345.15 4345 4345.25 4345.65 4343.52 4342.23 4342.75 4348.02 4352.65 4360.47 4370.71 4382.6 4395.32 4408.62 4420.54 4460.04 4445.8 4430.96 4423.77 4422.82 4415.44 4405.04 4396.88 4402.74 4406.74 4411.18 4412.9 4412.31 4408.51 4410.11 4419.51 4428.08 4443.06 4458.61 4485.37 4518.39 4542.39 4576.14 4558.05 4498.91 4468.3 4493.08 4562.96 4589.14 4500.54 4379.86 4238.16 4091.77 3946.75 3806.28 3688.4 3646.62 3603.33 3557.58 3536.03 3528.47 3524.17 3520.13
4360.33 4353.91 4353.04 4349.98 4348.64 4348.81 4348.39 4347.94 4346.6 4344.97 4341.8 4342.15 4342.99 4343.38 4340.02 4339.95 4342.15 4349.92 4359.43 4370.38 4382.34 4397.68 4414.78 4441.67 4454.14 4440.91 4429.7 4422.72 4418.79 4412.78 4405.76 4402.23 4405.7 4406.16 4407.53 4408.18 4405.92 4401.13 4401.62 4411.52 4425.06 4452.36 4481.82 4500.64 4528.75 4542.52 4556.89 4566.87 4525.85 4480.23 4482.27 4535.97 4594.07 4542.35 4437 4310.51 4165.32 4019.6 3889.59 3785.61 3714.18 3651.56 3574.29 3554.48 3548.16 3542.09 3535.83
4370.86 4370.84 4345.7 4347.43 4350.58 4349.48 4349.14 4348.91 4348.05 4345.94 4341.23 4341.62 4342.19 4342.29 4338.41 4337.65 4338.65 4347.78 4358.35 4369.58 4381.1 4394.22 4411.03 4425.85 4425.63 4427.17 4422.8 4417.68 4414.28 4409.89 4406.5 4401.14 4404.95 4406.61 4408.06 4408.72 4407.3 4403.6 4401.43 4408.53 4411.52 4414.16 4477.84 4492.07 4515.05 4532.21 4534.62 4562.56 4570.98 4519.92 4485.46 4513.51 4610.61 4588.82 4495.51 4371.36 4237.93 4105.86 3973.66 3867.72 3797.3 3741.44 3624.01 3592.19 3580.25 3567.85 3561.1
4371.54 4358.58 4348.82 4346.37 4347.47 4349.81 4350.68 4350.66 4350.53 4349.08 4344.08 4344.59 4343.73 4343.45 4340.22 4339.86 4341.91 4349.65 4359.73 4370.36 4381.09 4391.65 4402.93 4409.1 4416.94 4416.87 4417.07 4416.03 4412.65 4408.47 4408.87 4411.57 4408.34 4409.63 4411.21 4412.3 4413.38 4416.7 4421.69 4415.63 4407.78 4404.82 4425.42 4466.25 4488.29 4513.7 4533.43 4556.73 4576.14 4519.24 4491.63 4546.8 4668.97 4633.08 4545.59 4432.18 4309.21 4186.81 4069.14 3972.51 3902.04 3819.37 3697.72 3655.29 3629.3 3610.74 3593.48
4376.94 4360.93 4348.5 4348.85 4350.03 4351.94 4353.09 4353.08 4352.45 4350.69 4349 4344.62 4344.82 4345.48 4345.63 4344.2 4347.75 4353.81 4362.84 4372.63 4382.63 4391.57 4399 4401.8 4399.72 4409.01 4413.22 4413.19 4412.32 4410.79 4404.9 4404.13 4406.87 4410.89 4416.95 4418.39 4419.23 4424.02 4432.2 4417.86 4409.1 4409.23 4421.63 4454.26 4490.49 4510.25 4544.09 4572 4578.77 4512.16 4490.81 4546.91 4656.58 4656.29 4590.93 4493.35 4383.96 4270.93 4169.87 4100.09 4049.35 3948.93 3792.7 3733.66 3701.8 3669.86 3640.44
4383.35 4371.54 4357.46 4356 4356.88 4357.12 4357.37 4356.63 4355.5 4354.26 4349.59 4346.39 4347.61 4348.37 4346.78 4347.9 4352.09 4358.07 4366.6 4376.48 4386.34 4394.4 4401.27 4402.32 4400.42 4411.31 4413.47 4411.71 4409.5 4410.36 4393.89 4391.25 4405.64 4422.81 4424.51 4422.59 4420.47 4417.39 4412.05 4409.86 4409.71 4411.23 4428 4446.07 4478.26 4517.07 4567.09 4585.27 4590.79 4550.94 4500.76 4540.12 4632.39 4676.53 4620.66 4543.18 4456.97 4353.73 4243.24 4181.48 4151.31 4058.77 3906.35 3839.18 3789.5 3739.65 3695.49
4383.88 4381.26 4372.66 4366.82 4363.17 4364.14 4362.59 4360.21 4357.97 4355.77 4354.84 4354.99 4353.96 4353.17 4352 4348.86 4353.01 4361.05 4369.42 4378.47 4388.04 4397.47 4407.04 4415.28 4427.16 4423.25 4416.4 4412.17 4401.38 4387.03 4386.4 4393.77 4412.03 4431.97 4430.44 4424.95 4418.14 4410.12 4399.7 4402.6 4410.45 4416.65 4428.41 4429.81 4455.84 4529.04 4585.7 4548.21 4572.87 4557.79 4528.87 4541.34 4623.1 4671.53 4641.24 4593.68 4530.95 4451.92 4357.94 4284.91 4191.63 4089.02 4006.27 3944.68 3881.25 3816.79 3757.01
4380.45 4388.95 4387.17 4385.52 4380.95 4374.33 4369.41 4364.78 4361.05 4359.25 4361.51 4364.97 4361.42 4358.8 4354.91 4356.42 4358.71 4363.69 4370.76 4379.44 4387.72 4397.96 4411.13 4425.49 4441.3 4425.49 4413.67 4405.29 4394.5 4384.77 4388.47 4397.35 4412.39 4431.12 4429.69 4422.09 4414.77 4407.38 4401.85 4406.15 4416.09 4426.05 4413.72 4411.12 4444.6 4490.69 4541.75 4573.42 4577.13 4581.55 4558.9 4556.2 4612.18 4654.86 4653.69 4638.57 4602.79 4572.8 4520.43 4451.58 4348.14 4223.71 4140.53 4064.08 3977.13 3893.3 3814.51
4386.37 4384.84 4389.69 4394.48 4390.95 4381.03 4373.86 4367.04 4362.07 4358.74 4360.12 4369.76 4367.3 4364.27 4360.26 4357.22 4362.07 4367.63 4373.55 4380.81 4389.07 4397.84 4408.41 4421.32 4430.28 4412.5 4406 4396.65 4390.26 4387.38 4384.23 4387.91 4396.13 4416.52 4419.93 4415.84 4410.2 4406.08 4407.82 4413.75 4422.14 4431.91 4422.02 4398.04 4418.9 4456.49 4488.2 4551.32 4576.77 4579.54 4569.75 4581.31 4618.68 4649.31 4658.73 4664.29 4673.65 4685.57 4668.36 4651.69 4581.6 4399.79 4280.56 4180.99 4084.16 3983.01 3886.36
4389.3 4381.05 4392.8 4392.13 4390.35 4384.02 4375.86 4367.96 4361.35 4357.14 4356.5 4365.95 4369.19 4368.05 4364.37 4363.35 4365.07 4369.12 4374.41 4380.45 4387.41 4395.52 4402.34 4406.38 4405.44 4403.17 4402.46 4399.76 4396.01 4389.62 4380.76 4382.71 4386.82 4400 4407.6 4406.73 4403.86 4402.12 4402.76 4407.95 4421.02 4436.39 4436.1 4401.4 4411.27 4436.56 4446.34 4518.83 4549.46 4557.5 4577.94 4595.89 4610.81 4636.13 4664.24 4685.45 4720.12 4783.83 4880.22 4845.31 4795.61 4630.06 4443.95 4318.37 4198.47 4076.58 3960.16
4418.99 4413.63 4412.95 4404.68 4401.81 4398.05 4389.7 4379.3 4368.01 4359.21 4355.44 4367.59 4370.44 4370.36 4369.83 4366.74 4370.11 4372.38 4376.41 4382.07 4387.27 4391.33 4395.28 4395.56 4391.17 4394.5 4403.95 4408.37 4408.51 4401.43 4394.69 4388.62 4391.38 4397.68 4399.93 4398.65 4397.65 4396.72 4396.7 4403.46 4419.31 4434.73 4431.67 4402.91 4405.33 4413.19 4433.84 4484.7 4512.52 4525.52 4550.88 4573.22 4603.9 4651.91 4656.75 4678.73 4718.38 4775.34 4847.33 4932.57 5032.32 4804.74 4630.83 4503.09 4355.33 4207.22 4065.9
