real_craters/C118-300m.grd
DSAA
245 245
-36.645 36.645
-36.645 36.645
7723.9659904072 9430.0017306004
[rows 0 to 29 of 245, columns 67 to 133 of 245]
9206.06 9199.73 9184.6 9182.5 9185.85 9190.78 9195.6 9193.26 9186.54 9179.51 9172.66 9166.51 9160.98 9155.46 9151.03 9146.85 9143.09 9139.71 9137.13 9134.33 9131.88 9129.6 9126.02 9120.09 9117.56 9111.11 9100 9090.47 9087.24 9090.2 9095.71 9094.42 9091.76 9090.23 9087.12 9082.83 9077.84 9072.83 9067.87 9063.75 9060.9 9067.7 9077.49 9086.5 9092.85 9093.24 9090.65 9087 9082.3 9079.27 9085.75 9086.48 9090.29 9096.2 9102.14 9105.08 9099.52 9093.53 9100.3 9109.13 9111.77 9094.48 9076.2 9061.13 9055.55 9049.31 9040.62
9196.84 9188.1 9179.81 9176.78 9178.42 9181.33 9183.35 9182.34 9178.39 9173.5 9168.2 9162.98 9158.22 9153.54 9149.73 9146.16 9142.94 9139.85 9137.53 9135.15 9133.14 9130.75 9126.91 9121.26 9117.16 9109.75 9098.1 9089 9084.36 9085.01 9090.23 9090.12 9089.37 9088.94 9085.59 9081.28 9075.94 9070.05 9064.45 9060.39 9059.01 9063.41 9071.18 9079.47 9085.27 9086.01 9082.49 9077.49 9071.88 9069.33 9074.96 9075.1 9080.21 9086.25 9091.08 9092.89 9088.12 9080.83 9089.64 9102.19 9109.89 9095.19 9081.83 9077.46 9066.25 9050.36 9033.9
9195.94 9189.25 9179.38 9173.5 9172.35 9172.48 9170.25 9171.35 9169.98 9166.85 9163.21 9159.23 9155.38 9151.8 9148.59 9145.17 9142.1 9139.14 9136.48 9134.55 9132.53 9130.1 9125.04 9117.81 9110.15 9101.22 9094.13 9088.52 9084.5 9081.55 9083.86 9088.54 9090.99 9089.16 9085.17 9080.4 9074.61 9068.04 9061.37 9056.18 9055.6 9058.3 9064.67 9072.78 9080.65 9079.93 9074.01 9068.08 9063.58 9060.36 9062.67 9063.69 9070.41 9076.37 9080.3 9081.78 9078.87 9071.08 9075.91 9084.03 9090.1 9091.42 9090.68 9085.21 9070.49 9048.8 9026.97
9196.54 9190.58 9179.22 9170.75 9167.66 9166.32 9165.94 9163.7 9162.51 9160.64 9158.36 9155.76 9152.59 9148.92 9146.7 9143.51 9140.36 9137.22 9134.47 9131.89 9129.74 9127.89 9121.84 9113.19 9103.91 9093.43 9090.62 9087.51 9086.06 9083.5 9083.72 9087.1 9090.06 9089.13 9085.1 9080.12 9074.42 9067.52 9059.59 9051.8 9049.45 9051.27 9056.82 9063.82 9070.93 9069.88 9063.57 9057.62 9052.95 9054.04 9054.7 9058.14 9064.23 9068.82 9070.97 9070.19 9065.72 9059.42 9061.3 9065.6 9071.57 9080.24 9088.04 9077.71 9063.3 9043.86 9020.39
9190.02 9183.56 9176.34 9169.74 9163.63 9160.05 9157.66 9156.45 9155.74 9154.8 9153.51 9151.68 9149.3 9146.45 9143.34 9140.47 9137.39 9134.73 9131.81 9128.47 9124.71 9119.8 9115.12 9108.75 9101.69 9095.39 9089.11 9084.71 9081.46 9079.66 9078.89 9084.33 9089.77 9088.47 9084.38 9079.69 9074.71 9068.61 9061.05 9052.29 9047.87 9046.22 9048.14 9052.23 9055.39 9054.83 9051.76 9048.12 9046.69 9051.49 9053.93 9058.43 9062.3 9064.33 9064.34 9061.39 9055.46 9049.51 9048.22 9049.82 9053.54 9058.81 9061.07 9062.45 9055.67 9037.18 9012.55
9180.73 9176.62 9172.06 9166.59 9159.23 9153.37 9150.07 9149.5 9149.55 9149.31 9148.64 9147.52 9145.31 9142.8 9140.11 9137.32 9134.54 9131.89 9129.08 9125.47 9120.43 9112.63 9109.65 9105.24 9099.51 9092.98 9087.51 9081.84 9075.86 9073.13 9073.74 9079.9 9085.58 9085.07 9081.5 9077.87 9074.62 9071 9066.21 9057.73 9046.57 9039.17 9039.34 9041.51 9041.67 9040.76 9041.43 9040.6 9042.96 9050.49 9054.19 9059.01 9061.79 9062.03 9060.57 9056.9 9051.49 9044.26 9036.99 9032 9033.22 9036.26 9037.68 9046.83 9049.16 9028.61 9003.75
9175.95 9174.37 9170.59 9164.1 9155.85 9147.35 9143.05 9144.23 9145.13 9145.4 9144.66 9143.47 9141.72 9139.45 9136.81 9134.28 9131.28 9128.4 9125.54 9123.3 9120.55 9115.78 9109.35 9103.25 9097.3 9092.12 9085.94 9080.63 9076.04 9071.01 9070.03 9074.1 9078.46 9078.62 9076.33 9074.73 9073.67 9072.84 9071.52 9063.17 9045.85 9032.59 9033 9035.04 9035.57 9035.55 9035.4 9034.63 9038.14 9047.99 9054.09 9059.3 9061.52 9060.43 9057.94 9054.58 9050.34 9041.88 9029.51 9016.34 9016.64 9019.07 9019.86 9026.84 9029.48 9016.43 8995.19
9178.07 9176.95 9172.78 9165.18 9156.21 9147.01 9142.5 9142.56 9142.97 9142.99 9142.29 9141.06 9138.99 9136.73 9133.96 9130.79 9127.69 9124.62 9121.82 9120.29 9120.68 9119.07 9109.19 9101.36 9094.25 9087.36 9082.66 9079.72 9076.12 9069.32 9066.85 9067.6 9068.08 9068.08 9068.66 9069.4 9070.53 9071.77 9072.17 9063.78 9047.04 9033.03 9031.65 9032.87 9034.46 9035.6 9032.51 9030.37 9033.35 9042.4 9052.31 9057.72 9059.42 9057.72 9054.51 9050.79 9046.61 9038.57 9027.04 9016.37 9010.74 9008.59 9006.96 9011.13 9014.03 9004.35 8987.33
9185.94 9184.81 9180.13 9171.37 9160.91 9151.31 9146.01 9144.09 9143.33 9142.52 9141.21 9139.45 9137.37 9134.61 9131.51 9128.16 9124.36 9120.57 9116.7 9113.81 9113.08 9111.35 9103.78 9097.63 9091.52 9084.9 9081.13 9079.46 9074.75 9066.65 9064.17 9061.57 9058.71 9058.09 9060.42 9062.89 9065.23 9067.27 9067.8 9060.75 9048.58 9038.26 9033.83 9032.4 9032.65 9033.32 9029.23 9026.11 9028.47 9037.04 9049.33 9054.41 9056.71 9053.28 9049.39 9044.88 9038.67 9030.93 9023.44 9014.77 9006.34 9001.55 9000.77 9002.23 9001.48 8994.2 8980.99
9198.82 9194.58 9191.74 9179.71 9167.99 9157.19 9151.12 9147.59 9145.14 9142.83 9140.54 9138.29 9135.36 9132.33 9129.06 9125.64 9121.62 9116.88 9111.21 9105.02 9097.61 9094.9 9094.99 9093.04 9089.6 9086.5 9083.28 9078.66 9074.98 9069.35 9062.09 9056.6 9052.44 9051.17 9053.04 9055.94 9058.61 9060.45 9060.7 9055.73 9048.08 9041.81 9035.64 9031.48 9029.04 9026.46 9024.79 9023.28 9025.25 9031.41 9041.27 9046.44 9047.36 9045.58 9042.36 9038.35 9032.88 9025.09 9015.02 9007.47 8998.96 8993.26 8990.2 8988.91 8989.23 8984.1 8975.49
9203.39 9198.21 9191.95 9185.48 9175.42 9164.89 9157.24 9152.14 9147.87 9144.5 9141.02 9137.69 9134.94 9131.51 9127.8 9124.32 9119.7 9114.29 9107.56 9099.61 9089.91 9086.93 9089.32 9089.69 9087.77 9084.83 9080.57 9074.3 9067.61 9063.14 9057.23 9051.58 9046.91 9044.59 9046.61 9049.59 9052.15 9053.34 9051.97 9049.72 9044.95 9039.82 9033.83 9029.43 9025.91 9023.53 9023.36 9024.39 9025.83 9029.21 9034.84 9036.89 9037.04 9036.19 9033.66 9030.59 9027.41 9021.05 9003.63 8995.61 8988.68 8983.4 8978.95 8975.55 8974.48 8972.32 8970.52
9200.09 9198.44 9194.18 9188.86 9180.68 9170.24 9162.81 9156.48 9150.91 9146.24 9142.48 9138.19 9134.59 9131.3 9127.37 9123.31 9118.55 9113.17 9106.91 9099.74 9092.76 9089.31 9089.01 9089.21 9087.33 9083.33 9076.56 9071.18 9063.02 9057.18 9051.68 9046.73 9042.41 9040.18 9041.77 9044.39 9046.68 9047.78 9047.73 9045.59 9041.63 9035.35 9030.63 9027.53 9023.3 9020.19 9020.96 9025.98 9028.24 9028.05 9027.59 9028.79 9030.07 9026.74 9023.42 9020.43 9016.71 9008.75 8988.66 8981.72 8977.9 8974.41 8970.58 8966.36 8962.9 8962.47 8966.53
9202.26 9199.47 9194.99 9189.42 9183.37 9177.06 9167.1 9159.24 9153.33 9147.93 9143.39 9139.46 9135.53 9131.73 9127.77 9123.33 9119.05 9114.22 9108.74 9102.62 9096.41 9093.45 9091.68 9090.97 9088.89 9086.04 9082.31 9073.8 9063.3 9053.41 9047.37 9042.73 9039.22 9037.4 9038.46 9040.25 9042.19 9043.58 9043.63 9042.91 9040.48 9037.02 9032.84 9027.51 9021.15 9014.92 9015.86 9022.72 9025.29 9023.83 9020.14 9020.84 9017.84 9014.68 9012.81 9009.4 9003.59 8993.44 8977.19 8971.07 8969.48 8967.79 8965.57 8963.15 8959.62 8959.86 8965.27
9203.91 9199.07 9194.28 9188.59 9182.66 9176.76 9167.71 9160.41 9154.11 9148.65 9143.64 9139.6 9136.26 9131.99 9128.12 9123.96 9119.97 9115.94 9111.63 9107.34 9103.23 9098.64 9095.13 9093.32 9090.71 9088.65 9087.16 9078.5 9068.79 9054.11 9043.92 9039.12 9036.83 9037.16 9036.53 9036.49 9037.78 9039.85 9041.92 9040.71 9040.16 9039.36 9036.32 9029.01 9020.67 9014.33 9014.94 9019.61 9019.43 9022.71 9024.4 9020.91 9010.11 9006 9005 9000.63 8993.37 8983.35 8971.19 8966.05 8964.82 8963.75 8962.41 8960.77 8957.85 8957.8 8964.14
9198.4 9194.41 9189.75 9184.75 9178.96 9172.62 9166.4 9160.59 9154.88 9149.6 9144.72 9139.72 9136.66 9132.36 9128.49 9124.84 9121.16 9117.82 9115.1 9112.16 9108.96 9103.29 9099.24 9095.3 9091.53 9087.79 9083.72 9076.95 9070.48 9053.04 9040.31 9035.79 9033.72 9032.83 9032.04 9032.37 9032.99 9033.8 9035.37 9037.13 9038.66 9040.23 9039.77 9029.51 9019.82 9013.04 9011.43 9013.78 9014.45 9024.45 9033.63 9027.67 9014.58 9006.92 9001.71 8995.36 8987.07 8976.7 8967.9 8965.19 8963.15 8961.72 8960.85 8959.52 8957.21 8956.08 8962.2
9192.74 9188.11 9183.36 9179.02 9176.11 9170.27 9164.26 9160.11 9155.26 9150.56 9145.45 9141.33 9137.7 9133.75 9129.95 9126.3 9122.89 9120.02 9117.33 9114.55 9110.73 9105.73 9101.61 9096.62 9091.66 9085.72 9077.17 9069.2 9062.93 9048.68 9037.83 9033.57 9030.86 9028.35 9027.91 9028.8 9028.95 9028.37 9030.15 9033.19 9035.43 9036.58 9034.41 9026.67 9017.42 9009.22 9004.52 9006.81 9013.25 9026.34 9032.95 9027.51 9018.3 9009.86 9000.51 8993.18 8985.25 8975.16 8969.05 8966.14 8962.82 8960.54 8959.65 8960.65 8958.33 8954.55 8959.08
9188.52 9183.19 9178.91 9173.84 9172.23 9167.37 9162.55 9158.71 9153.69 9149.42 9145.68 9141.51 9137.71 9134.14 9130.19 9127.5 9124.54 9121.59 9118.89 9116.33 9112.36 9106.78 9102.55 9097.35 9091.99 9086.12 9078.88 9070.46 9061.63 9048.66 9038.21 9033.4 9030.04 9027.95 9027.29 9027.24 9027.38 9025.55 9027.52 9030.47 9031.9 9032.22 9029.95 9023 9013.88 9006.15 9001.57 9003.96 9015.01 9025.51 9027.66 9020.09 9010.56 9003.29 8997.38 8992.64 8987.46 8981.4 8974.57 8968.2 8962.35 8958.49 8956.4 8956.41 8955.33 8953.55 8953.24
9188.98 9183.2 9180.18 9176.65 9168.17 9163.47 9159.93 9158.35 9154.82 9150.66 9146.85 9142.88 9138.85 9134.99 9131.37 9128.01 9124.8 9121.69 9118.94 9115.87 9111.97 9106.4 9102.24 9096.99 9091.74 9086.96 9084.55 9082.79 9071.73 9054.41 9041.95 9034.99 9030.04 9026.87 9025.64 9026.54 9029.15 9030.48 9030.29 9029.58 9028.59 9027.36 9026.47 9018.24 9009.72 9003.48 9000.12 9000.66 9007.85 9016.99 9015.47 9000.21 8999.8 8993.43 8995 8993.7 8990.93 8988.24 8981.53 8968.41 8960.43 8954.68 8950.08 8946.1 8944.25 8947.59 8941.8
9194.92 9189.53 9184.37 9175.45 9165.96 9161.41 9159.3 9158.09 9155.28 9151.62 9148.06 9144.02 9139.88 9135.62 9131.94 9128.2 9124.76 9121.78 9118.54 9114.46 9110.25 9104.97 9101.07 9095.73 9090.01 9084.81 9079.72 9075.01 9068.5 9056.34 9045.89 9036.94 9030.55 9025.12 9021.56 9025.67 9031.14 9038.07 9033.18 9028.88 9025.27 9021.16 9015.77 9010.13 9005.71 9002.14 9000.26 9001.14 9006.05 9014.94 9014.37 9011.31 9006.35 9002.86 9000.63 8996.54 8992.57 8989.09 8979.52 8965.13 8956.75 8950.18 8943.14 8935.51 8931.45 8931.84 8923.95
9203.42 9200.7 9191.6 9181.09 9167.64 9162.96 9160.71 9157.92 9155.44 9151.5 9147.34 9143.46 9139.34 9135.46 9131.42 9127.4 9123.57 9120.29 9117.17 9113.79 9108.77 9103.32 9099.26 9093.61 9087.62 9081.12 9073.1 9061.94 9059.57 9052.31 9044.79 9037.56 9032.16 9027.53 9024.85 9026.7 9029.89 9033.24 9030.8 9027.27 9023.21 9017.48 9009.12 9005.04 9005.51 9004.72 9005.87 9013.94 9022 9025.38 9024.53 9022.94 9018.8 9016.93 9007.42 8999.2 8991.99 8984.59 8972.88 8959 8953.23 8947.32 8938.82 8926.45 8911.51 8914.83 8904.8
9209.54 9207.81 9198.55 9188.57 9179.42 9171.84 9164.46 9160.17 9156.74 9152.14 9147.5 9143.08 9138.47 9133.5 9128.78 9124.44 9120.35 9117.29 9114.35 9111.32 9106.42 9100.93 9097.05 9091.42 9085.27 9078.56 9070.84 9055.45 9051.59 9046.75 9040.29 9037.32 9035.04 9032.94 9031.03 9029.14 9026.82 9026.22 9026.78 9026.33 9024.06 9019.72 9013.19 9010.42 9013.28 9014.39 9020.78 9035.66 9039.11 9037.83 9034.75 9030.11 9025.35 9017.31 9009.38 9000.67 8990.87 8979.56 8968.95 8958.32 8953.84 8947.77 8939.31 8928.83 8918.47 8907.56 8889.08
9211.98 9211.52 9201.22 9189.9 9180.9 9174.06 9167.15 9161.81 9156.19 9152.64 9146.88 9141.43 9136.45 9130.98 9126.2 9121.7 9117.51 9114.07 9110.93 9107.36 9102.9 9097.55 9094.36 9088.57 9082.52 9076.3 9069.9 9056.42 9050.32 9044.79 9039.75 9039.13 9039.26 9039.45 9038.73 9034.99 9026.75 9020.75 9026.32 9028.56 9028.82 9027.82 9026.9 9027.77 9028.89 9030.42 9038.4 9051.66 9050.67 9048.33 9045.36 9041.19 9033.16 9022.91 9012.85 9002.46 8990.92 8979.94 8971.12 8966.38 8958.98 8950.52 8941.76 8934.82 8932.03 8911.09 8889.08
9210.51 9208.99 9199.19 9185.54 9176.84 9173.75 9169.04 9162.73 9156.56 9151.17 9145.1 9138.66 9132.83 9128.04 9122.69 9118.18 9113.56 9109.82 9106.59 9103.19 9098.9 9094.63 9091.78 9086.37 9080.1 9072.51 9064.48 9051 9048.74 9046.19 9044.67 9043.48 9044.17 9046.67 9049.72 9045.25 9036.36 9031.56 9032.46 9034.68 9036.53 9038.18 9041.05 9045.42 9046.81 9050.08 9054.87 9059.71 9058.75 9056.58 9054.26 9049.85 9041.95 9031.18 9018.97 9005.24 8991.2 8978.82 8971.43 8967.59 8961.57 8951.57 8940.79 8930.95 8919.86 8895.37 8863.61
9206.67 9204.04 9196.53 9185.74 9181.66 9178.37 9170.87 9163.28 9156.66 9149.81 9143.15 9136.44 9130.2 9124.24 9119.13 9113.79 9108.97 9104.94 9101.25 9097.77 9094.27 9090.65 9088.86 9084.15 9078.59 9070.75 9059.98 9058.18 9052.54 9049.42 9046.64 9045.93 9047.72 9051.13 9055.02 9052.33 9044.95 9041.14 9041.38 9043.05 9045.53 9048.5 9052.18 9055.91 9062.25 9069.04 9070 9065.55 9062.4 9061.92 9060.82 9058.4 9050.97 9040.68 9026.4 9006.91 8989.47 8976.85 8968.66 8966.97 8962.23 8949.17 8935.26 8920.38 8901.02 8878.11 8854.28
9201.45 9201.24 9195.62 9186.22 9179.7 9175.38 9169.87 9163.03 9155.45 9147.68 9141.08 9134.28 9127.57 9121.4 9115.47 9109.4 9104.07 9099.27 9095.26 9092 9089.26 9086.71 9086.29 9083.18 9079.41 9074.68 9069 9068.79 9062.04 9053.07 9047.95 9047.1 9049.65 9052.81 9055.16 9054.65 9052.88 9050.75 9050.35 9051.75 9054.36 9057.91 9062.13 9067.78 9073.37 9079.87 9077.09 9067.74 9066.02 9065.57 9064.25 9061.5 9054.16 9043.01 9026.71 9004.21 8983.91 8968.15 8961.99 8960.49 8956.42 8942.84 8927.95 8911.03 8891.24 8870.78 8852.03
9194.88 9194.79 9191.31 9184.65 9176.97 9174.12 9169.58 9162.02 9153.98 9146.1 9138.74 9132.14 9125.27 9118.52 9111.82 9105.2 9099.09 9093.51 9088.5 9085.73 9084.14 9083.3 9084.11 9082.59 9081 9079.78 9078.22 9072.19 9060.92 9054.36 9050.29 9049.52 9051.61 9054.32 9056.26 9057.37 9058.28 9057.86 9058.4 9060.05 9062.95 9066.48 9070.53 9074.88 9079.48 9082.68 9079.27 9073.83 9072.36 9068.34 9064.34 9060.4 9052.17 9037.71 9020.5 8997.53 8974.36 8960.03 8951.48 8947.99 8943.77 8933.68 8920.15 8903.98 8886.02 8866.9 8849.9
9186.77 9186.19 9183.25 9180.75 9177.59 9176.11 9168.76 9158.98 9151.42 9144.61 9137.56 9130.55 9123.57 9116.32 9108.09 9100.74 9094.01 9087.68 9082.79 9080.23 9079.76 9079.88 9082.18 9081.84 9081.44 9081.07 9077.35 9065 9057.26 9055.12 9052.94 9051.91 9054.5 9056.85 9058.81 9060.37 9060.62 9063.08 9064.97 9067.04 9069.95 9073.89 9078.47 9082.21 9085.24 9085.07 9083.63 9081.34 9077.28 9068.74 9060.14 9051.43 9040.68 9028.7 9014.29 8990.87 8963.68 8943.77 8942.69 8937.98 8934.02 8925.58 8912.73 8897.32 8881.75 8865.18 8839.46
9178.09 9177.11 9173.75 9171.3 9174.82 9170.34 9162.06 9153.87 9147.57 9140.71 9133.72 9126.72 9119.47 9112.47 9104.6 9097.3 9089.86 9082.59 9076.27 9075.3 9076.2 9077.22 9077.87 9080.35 9080.27 9079.67 9074.68 9063.86 9057.83 9059.64 9058.76 9058.17 9058.94 9060.17 9061.41 9063.18 9067.56 9068.61 9070.36 9072.53 9075.63 9079.94 9085.45 9092.6 9094.41 9091.16 9092.83 9091.37 9080.52 9066.53 9053.52 9040.52 9026.92 9017.73 9005.36 8988.94 8969.59 8953.7 8944.15 8937.79 8930.63 8920.95 8907.54 8890.92 8872.26 8850.2 8831.19
9168.89 9169.05 9166.2 9164.71 9166.62 9160.44 9152.33 9147.67 9142.98 9137.01 9130.78 9123.87 9116.21 9108.84 9101.39 9094.1 9086.84 9079.75 9072.8 9072.65 9073.83 9075.27 9076.27 9078.44 9078.29 9077.6 9074.63 9070.52 9072.12 9069.09 9066.55 9065.15 9064.03 9064.2 9065.07 9066.57 9071.36 9073 9074.53 9076.59 9079.33 9083.26 9088.84 9095.96 9099.62 9098.71 9098.93 9092.92 9076.54 9060.78 9046.36 9031.9 9018.82 9011.57 9004.87 8993.98 8977.04 8962.09 8949.47 8937.94 8929.25 8920.56 8905.77 8886.27 8864.06 8841.46 8825.09
9160.47 9161.55 9160.46 9159.3 9159.24 9152.86 9145.13 9142.85 9139.91 9134.95 9128.83 9122.13 9114.72 9106.98 9099.61 9092.44 9085.88 9080.55 9076.26 9073.63 9073.34 9073.98 9075.01 9077.1 9076.78 9075.37 9074.87 9077.07 9082.08 9077.23 9072.47 9070.01 9067.85 9068 9069.54 9071.47 9074.18 9075.94 9077.4 9079.16 9081.28 9084.24 9088.21 9091.84 9094.68 9098.25 9094.13 9081.9 9065.32 9052.79 9039.58 9026.11 9013.74 9009.32 9007.37 9002.81 8996.5 8977.06 8956.18 8938.92 8934.94 8925.57 8907.33 8885.4 8861.55 8837.33 8822.94
