real_craters/C118-1000m.grd
DSAA
43 43
-20.94 20.94
-20.94 20.94
10104.093130706 11530.255021811
11181.1 11175.6 11156.2 11174.7 11192.8 11203.6 11207.1 11206.9 11200.6 11181.3 11181.4 11200.2 11195.2 11200.1 11203.3 11204.8 11208 11211.7 11215.5 11222.3 11225.8 11229.8 11235.5 11238.1 11240.5 11240.4 11225.5 11225.7 11226.9 11227.3 11226.6 11223.5 11219.6 11217.6 11227.5 11229.8 11251.3 11226.6 11221.7 11227.9 11221.9 11219 11211.7 
11185 11180.4 11157.5 11180.8 11191.7 11198.5 11200.6 11203.8 11205.9 11209.2 11181.1 11202 11204.1 11205.6 11208.3 11212.9 11218 11224.1 11236.5 11246 11238.7 11239.9 11244.1 11247.1 11244.5 11233.2 11242.9 11237.7 11232.9 11230.7 11230 11230.2 11231.3 11233.7 11230.4 11259.4 11264.7 11232.4 11225.4 11226.2 11216 11210.1 11218.8 
11166.7 11171.6 11169.9 11196.9 11194.2 11196.9 11197.4 11199 11202.2 11199.8 11187.3 11196.9 11200.9 11205.9 11211.4 11217.5 11224.1 11230.5 11233.8 11233.6 11241.8 11247.7 11251.6 11254.1 11258.4 11266.5 11242.6 11239.8 11238.1 11238.2 11242.4 11241.7 11242.6 11246.8 11259 11291.2 11275 11251.9 11246.8 11245.7 11236.8 11229.7 11232.8 
11162.1 11175.8 11189.1 11195.4 11194.1 11192.6 11190.5 11191.6 11192.7 11194.4 11194 11188.4 11196.4 11208.4 11217.4 11225.4 11232.1 11238.5 11242.1 11243.5 11253 11256.4 11257.7 11260.5 11265.6 11266.2 11233.4 11244.1 11247.8 11249.5 11250.5 11248.6 11246.6 11249.6 11247.5 11278.1 11278.6 11259.9 11257 11255.3 11238.1 11220.6 11230.3 
11166.3 11172.2 11195.7 11182.4 11183.4 11184.3 11184.4 11183.5 11183.4 11189.9 11199.6 11187.9 11196.6 11207.3 11217.1 11228.2 11237.9 11247.8 11260.3 11283 11270.8 11262.5 11259.3 11259 11258.1 11256.5 11243.2 11257.5 11261.4 11260.3 11259 11260.1 11264.9 11267.5 11275.7 11281.8 11266.9 11249.8 11258 11255 11239.3 11238.6 11235.2 
11177.7 11164.4 11165.8 11172.7 11175.6 11177.4 11179.1 11178.4 11179.5 11191.4 11207.6 11196.4 11197.6 11207 11219.2 11231.6 11242.5 11253.9 11264.9 11274.5 11269.7 11264.6 11259.3 11254.1 11246.6 11246.7 11293.2 11278.9 11273.2 11269.7 11269.1 11269.6 11273.8 11280.7 11283.1 11270.1 11251.8 11238.6 11251.9 11254.7 11244.4 11241.1 11243.7 
11169.1 11168.9 11165.1 11169.4 11173.1 11177.1 11178.5 11176.8 11173 11175.3 11196.4 11195.3 11202.9 11215.7 11227 11237.6 11250.2 11260.2 11268.4 11278.5 11271.5 11268.8 11263.3 11257.7 11257.8 11271.9 11292.4 11288.6 11279.8 11274.4 11271.1 11268.6 11266.5 11277 11258.9 11256.5 11245.6 11242.4 11252.4 11238.7 11252.4 11259.8 11258.5 
11163.3 11172.6 11182.9 11175 11174.8 11175.5 11177 11180.6 11189.4 11185.1 11191.1 11198.2 11211.8 11226.8 11240.7 11252.4 11265.6 11277.6 11286.5 11296.1 11294.3 11287.6 11277.9 11265.2 11260.3 11269.3 11276.5 11277.2 11274.9 11270 11266.9 11265.8 11262.7 11226.4 11239.9 11251.6 11246.6 11247.9 11256 11260.4 11264.8 11263.3 11250 
11163 11173.4 11173.9 11175.5 11175.5 11176.2 11177.4 11181.5 11189.9 11201.7 11184.9 11204 11215 11231.9 11246.4 11264.5 11282.8 11299.9 11314.4 11320.3 11325 11330.2 11315.7 11285.1 11250.6 11245.7 11258.5 11264.4 11267.8 11266.8 11262.1 11254.6 11251.8 11242.9 11260.7 11250.6 11255.1 11257.6 11264.8 11256.4 11259.6 11258.5 11248 
11186.8 11183.7 11169.8 11174.9 11176.8 11178.6 11180 11180.7 11191.6 11194.7 11184.6 11202.2 11220.1 11235.1 11250.3 11267.8 11286.4 11311.6 11338.7 11356 11372 11380.3 11357.8 11312 11254.1 11229.1 11240.1 11260.9 11270.3 11268.7 11261.9 11250.7 11237.6 11248.8 11266.4 11261.9 11269.2 11266.9 11258.5 11251.7 11248.2 11248.8 11258.6 
11161.9 11160.1 11175.3 11175.3 11176.5 11179 11182.6 11184.6 11188.3 11212.6 11180.1 11196.3 11225.3 11238.6 11254 11272.2 11293.7 11320.9 11355 11355.6 11422 11418.7 11395.2 11373.4 11310.2 11284.2 11275.9 11288 11284.1 11272.4 11265.5 11262.2 11257.4 11256.3 11278.8 11301.5 11286.4 11271.3 11261.6 11251.5 11240.5 11247 11244.7 
11155.3 11160.6 11166.4 11168.3 11175.4 11181.8 11187.5 11195.8 11200.2 11198.7 11204.2 11217.6 11246.3 11254.1 11269.3 11275.7 11281.9 11296.7 11321.9 11328.1 11435.3 11392.5 11367.8 11411 11435.4 11367.6 11346.2 11307 11283.5 11271.1 11265.3 11264.5 11259.9 11273.7 11298.2 11280.2 11283.5 11269.9 11255.7 11243.9 11247.8 11246.6 11251.4 
11154.4 11155.8 11161.6 11164.8 11177.3 11185.7 11190.2 11192.7 11191.1 11192.9 11216.6 11232.6 11271.8 11290.1 11286.9 11268.7 11246.2 11228.5 11220.3 11188.1 11213 11198.7 11225.5 11336.9 11530.3 11517.9 11373.3 11290.4 11275.9 11269 11269.8 11270.1 11272.7 11293.5 11287.6 11275.4 11283.3 11269.9 11251.4 11247.7 11253.2 11257.4 11261.5 
11170.6 11182.9 11176.7 11178.1 11188.8 11192.6 11192.6 11187.8 11189.2 11189.9 11219.5 11283.3 11344.4 11336.9 11297.9 11248.7 11191 11138.1 11072.4 10987.6 10854.6 10914.4 10972.5 10996.2 11075.1 11194.9 11234.4 11238.5 11239.9 11252.6 11272.3 11288 11302.4 11323.5 11329.3 11289.9 11296.7 11280.6 11258.9 11260 11257.3 11265.6 11271.9 
11180.7 11188.9 11202.9 11220.3 11203.2 11198.8 11198.3 11206.1 11197.7 11204.2 11266.6 11399.5 11454.4 11386.4 11304.6 11218.8 11130.3 11015.3 10918.2 10836.3 10761.3 10759.4 10757 10730.6 10748.6 10861.7 11025.4 11115.1 11177.1 11232.2 11272.3 11303 11299.6 11306.8 11364.6 11316.9 11296.4 11291.4 11287.3 11281.3 11275.6 11276.1 11279.3 
11197.1 11211.5 11212.8 11207.5 11211.1 11202.8 11196.4 11199 11205.2 11228.3 11325.9 11475.5 11523.3 11395 11274.4 11162.9 11051.6 10939.7 10795.4 10689.6 10578.3 10564 10593.5 10664.5 10658.8 10762.6 10875 11021.1 11139 11231.6 11288.6 11302.5 11306.7 11317 11346.3 11350.5 11313.6 11296 11283.8 11279.6 11282.8 11291.4 11295.6 
11217.5 11207.5 11217.1 11230.6 11216.8 11203.8 11192.8 11186.2 11209.1 11261.2 11341.8 11435.8 11453.1 11314 11199.1 11082 10962.2 10809.9 10687.6 10550.9 10411.9 10397.8 10440.2 10443.4 10461.2 10570.5 10760.7 10934.6 11095.8 11238.5 11326.8 11328.2 11289.5 11322.5 11347.6 11335.5 11290.5 11301 11320.1 11299.3 11301.6 11300.6 11303.8 
11233.1 11210 11216.2 11221.1 11216 11204.9 11197.6 11199.7 11227.6 11293.9 11310.6 11295.4 11252 11182.8 11086.5 10982.2 10818.9 10692.6 10570.2 10448.2 10303.9 10285.7 10351.9 10408.8 10391 10480.4 10702.8 10919.6 11110.1 11283.1 11411.2 11411.6 11269.6 11304.9 11338 11310.1 11290.9 11303.4 11302.1 11316.2 11310.9 11304.3 11284.8 
11245.9 11223.4 11218.4 11218.9 11211.5 11206.1 11203 11208.9 11232.4 11279 11261.7 11196.1 11126.3 11060.4 10986.4 10876 10760.8 10632.1 10500 10381.1 10236 10211.4 10297.9 10440.9 10504.4 10536.6 10710.9 10910 11112.6 11306.4 11476.4 11470.8 11284.8 11291.8 11320.7 11352 11338.4 11303.1 11290.7 11271.1 11289.4 11298.6 11299.4 
11235.7 11228.2 11221.8 11213.6 11211.3 11213 11216.1 11224.9 11243.7 11286.2 11225.7 11131.5 11040.2 10974.7 10902.6 10810.3 10707.6 10586.5 10461.6 10344.5 10238.7 10181.4 10216.3 10273.2 10511.7 10581.2 10710.8 10886.4 11085.2 11286.4 11458.7 11464 11322 11298.4 11333.9 11336.3 11300.4 11310 11299.2 11286.6 11286.2 11294.2 11288.6 
11232.5 11233.4 11230.6 11225.9 11222.8 11228.5 11235.5 11253.3 11271.5 11292.6 11201.2 11093.6 11013.8 10964.7 10831.2 10744.5 10649 10551 10442.3 10339.4 10248.9 10205.3 10182.9 10178.9 10267.5 10477 10660.1 10854.9 11048.5 11232.2 11388.7 11492.1 11383 11295 11325 11324.9 11325.7 11327.9 11318.1 11309.1 11296.2 11303.7 11307.8 
11226.7 11241.4 11243.9 11247.2 11251.2 11248.6 11257.7 11294.2 11309.7 11280.1 11178.2 11051.6 10930.4 10886.2 10773.6 10707.9 10622.2 10527.3 10432.5 10343.9 10258.7 10179.9 10180.1 10185.6 10212.7 10393.2 10608 10818.6 11016.9 11180.9 11295.4 11449.9 11408.2 11342.7 11322 11307.6 11300.6 11309.8 11312.6 11314.2 11299.6 11308.6 11313.1 
11233.7 11245.5 11252.6 11265.2 11279.2 11259.1 11245.1 11290.7 11363.9 11311.4 11182.4 11035.9 10892.2 10828.2 10757.3 10697.4 10620.6 10534.5 10440.5 10350.8 10268.7 10201.4 10160.3 10136.5 10176.9 10364.4 10581.9 10797.5 10999.9 11175.5 11318.8 11463.1 11422.1 11355.5 11310.8 11284.6 11286.7 11298.9 11298.9 11290.5 11292 11302.3 11307.2 
11236.5 11245.1 11260 11269.7 11273.1 11264.3 11254.8 11248.5 11403.9 11328.7 11184.9 11027.5 10880.4 10806.7 10750.8 10693.6 10625.8 10549.1 10464.8 10376 10276.3 10166.1 10104.1 10115.4 10202.9 10395.1 10615.3 10832.2 11035.8 11215.8 11359 11448.5 11390.8 11311.4 11318.7 11316.9 11308.2 11315.1 11304.7 11299.9 11297.7 11297.2 11294.9 
11226 11243.9 11257.1 11267.6 11279.3 11261.2 11245.1 11227.6 11348.2 11315.6 11179.8 11032 10899.2 10827.3 10766.9 10722.8 10668.1 10598.2 10518.8 10429.7 10325.5 10186.2 10129.9 10147.5 10291.1 10484.5 10692.3 10908.5 11107.9 11279.6 11390.8 11413.9 11367.2 11356.1 11304.5 11301.1 11313.3 11309.6 11290.8 11282.2 11295.9 11286.8 11284.7 
11230.3 11242.6 11251 11258.1 11259.2 11245.4 11224.3 11219.1 11281.3 11268.6 11172.2 11050.8 10933.8 10868.2 10813.3 10784.5 10738.8 10681.2 10604.9 10517.7 10414 10287.5 10282.8 10262.8 10404.6 10612.2 10815.2 11013 11197.4 11349.5 11423.9 11416.3 11362.2 11313.4 11302.1 11300.9 11316.2 11321.6 11308 11289.6 11291.2 11293.4 11294.1 
11232.7 11241.8 11250 11254.8 11250.4 11248.4 11242.5 11234.4 11266 11246.9 11184.1 11088.8 10977.3 10890.8 10885.4 10883.3 10843 10786.5 10699.4 10620.8 10510.7 10425 10391 10524 10632.8 10795.1 10956 11114 11272.6 11415.8 11459.3 11368.5 11317.7 11287.6 11292.5 11302 11318.8 11294.5 11292.4 11292.6 11288.6 11287.3 11284.4 
11235.5 11242 11250.3 11256 11257.9 11262.7 11255.9 11252.5 11271.7 11250.3 11210 11152.7 11077.2 10969.6 11036.6 11015.8 10958.5 10894.8 10826.5 10759.1 10696.7 10625.8 10616.9 10741.8 10881.2 10978.3 11078 11188.1 11306.8 11411.2 11406.6 11328.1 11306.6 11302.3 11282.6 11296.7 11306.4 11306.2 11288.8 11296.8 11297.1 11297.4 11286.8 
11244.6 11250.2 11253.6 11256.8 11258.3 11252.9 11247.7 11251.4 11265.7 11265.7 11256 11250.2 11266.4 11329.6 11292.3 11183 11105.9 11039.8 10985 10923.8 10889.9 10872.7 10929.4 11095.5 11113.5 11113.9 11168.8 11248.8 11321.2 11377.9 11351.7 11306.4 11307.7 11317.2 11313.4 11310.5 11306.5 11315.8 11321.6 11308.8 11302.2 11295.8 11290.8 
11252.1 11253.7 11258 11260.6 11262.1 11244.6 11253.3 11269.2 11275.4 11282.3 11295.6 11322.9 11385.1 11485.5 11434.2 11306.7 11229.2 11176.5 11138 11127.7 11107.6 11145.7 11238.4 11224.3 11219.5 11240.5 11266.9 11293.2 11323.4 11336.8 11319.7 11294.2 11288.9 11316.6 11337.5 11331 11319.5 11320.9 11324 11317.3 11311.2 11304.1 11300.2 
11253.7 11258.6 11263.7 11264.7 11268.2 11266.2 11273.4 11269.2 11271.2 11289.1 11309.4 11339.3 11379.6 11401.8 11379.4 11323.3 11272.5 11238.7 11225.4 11223.1 11245.1 11237 11207.1 11225.1 11289.2 11301 11304.3 11311.1 11315.2 11317.9 11309.3 11290.4 11300.7 11323.6 11343.9 11346.7 11356.9 11326.3 11316.7 11316 11312.7 11319.6 11311.4 
11248.3 11259.2 11265.9 11270.2 11271.4 11271.5 11280.1 11265.5 11272.2 11288.1 11305.8 11326.4 11339.7 11330.1 11323.8 11320 11304.7 11290.9 11297.9 11320.2 11362.7 11435.7 11475 11514.8 11397.1 11359.5 11338.9 11321.2 11309.5 11309.8 11317.8 11311.7 11320.2 11319.6 11332.5 11349.1 11344.4 11328.8 11317.8 11306.6 11300.3 11295.1 11306.3 
11252.1 11261.2 11267.4 11272 11277.5 11273.6 11282.9 11277.2 11271.2 11278.5 11288.9 11299.2 11302.8 11305.2 11304.2 11299.3 11302.5 11311.1 11320.3 11329.5 11367 11436.4 11527.5 11436 11395 11346.7 11320.9 11315 11304.1 11293.5 11303.4 11314.6 11324.2 11319.8 11333.6 11358.9 11370.9 11342.4 11301.4 11293.6 11298.3 11298.8 11303.5 
11259.1 11261.8 11265.6 11271.4 11280.9 11280.2 11279.3 11250.4 11256.9 11262.6 11268.3 11270.5 11269 11260.3 11253.4 11269.6 11283 11292.6 11302.4 11317.4 11330.4 11330.7 11346 11380.6 11357.1 11346.2 11339.3 11324.8 11312.6 11302 11300.4 11307.1 11315.1 11335.4 11345.2 11363.8 11379.8 11367.5 11296 11292.8 11301.2 11302.1 11301 
11250.5 11252.2 11256.7 11263.3 11269.4 11268.2 11263.1 11253.4 11250.1 11252.1 11254.9 11256.2 11254.2 11252.2 11254.3 11266.7 11277.7 11288.4 11294.5 11303.8 11292.2 11274.8 11275.9 11283.7 11316 11328.2 11327.1 11323.9 11324.7 11325.6 11318.9 11308.4 11325.7 11324 11338.4 11345.2 11353.9 11361.7 11326.9 11302.6 11290.2 11295.8 11302.8 
11231.2 11240.3 11248.4 11254.8 11257.6 11263 11265.7 11248.8 11249.2 11250.4 11253.2 11254.9 11255.5 11258.1 11267 11267.5 11273.5 11279.9 11285 11285.7 11281.2 11276.7 11278.3 11284.4 11293.5 11304.5 11310.9 11315.4 11318.4 11307.7 11294.4 11313.8 11330.8 11332.7 11334.3 11337.2 11335.1 11331.3 11313.7 11300.6 11296.1 11294.4 11297.1 
11217.1 11228 11238.7 11247.8 11256 11260 11249.3 11252.3 11250.1 11249.9 11252.2 11252.7 11253.1 11253.8 11254.6 11255.5 11261.3 11266.3 11272.4 11276.5 11281.9 11281.6 11279.4 11279.8 11285.3 11291.6 11298.6 11303.6 11306.7 11305.1 11302.5 11319.5 11336 11342.3 11331.6 11320.8 11316.2 11303.9 11298.6 11295.1 11299 11300.9 11303.9 
11212.6 11220.9 11230.9 11242.2 11259.7 11245.5 11230.6 11248.7 11254.1 11256.3 11255.6 11254.2 11253.5 11251.1 11247.5 11251.7 11257.4 11262.7 11268.1 11273.4 11278.4 11281.1 11278.4 11278.6 11281.5 11286.1 11291.9 11298.3 11309.2 11314.9 11325.6 11328.7 11340 11341.9 11333.3 11321.6 11318.4 11311.6 11290.1 11291.1 11307.3 11306.2 11306.3 
11211.7 11217.7 11224.3 11231.4 11232.8 11237.7 11249.4 11251.7 11250.3 11250.8 11251.5 11253.5 11253 11251.3 11252.3 11253.4 11256.7 11262.3 11267.3 11270.3 11274 11270.2 11273.7 11277.1 11280.3 11283.1 11289.3 11294.9 11301.5 11335.4 11396.9 11370.5 11334.4 11366.3 11344.9 11306.3 11302.9 11294.6 11284.3 11281.5 11290.5 11302.7 11313 
11213.4 11215 11220.4 11225.1 11228.9 11245.2 11255.9 11248.9 11246.9 11246.8 11248.1 11251.7 11253.3 11253.2 11250.1 11252.1 11260 11264.7 11267.2 11267.2 11269.5 11270 11273.7 11272.6 11270.8 11282.5 11294.2 11301.8 11307.3 11336.8 11160.9 10987.2 11268.3 11394.7 11352.7 11309 11289.3 11283.4 11287 11286.6 11284.4 11295.4 11297.7 
11216.4 11216.9 11221.8 11227 11240.2 11271.1 11241.1 11242.2 11245.3 11248.7 11253 11255.9 11257.9 11260.5 11262 11264.6 11268.9 11268.8 11267.3 11265.3 11264.1 11282.5 11278.6 11271.2 11270.1 11289.6 11306.5 11322.5 11327.1 11327.7 11359.4 11114.5 11299.3 11382.2 11340.7 11297.5 11285.3 11284 11292.3 11296.2 11293.9 11294.5 11295.8 
11212.8 11218.4 11224.3 11231.9 11238.4 11238.7 11232.2 11238.5 11241.4 11247.5 11254 11259.4 11264.4 11271.1 11278.1 11282.4 11280.3 11275.7 11271 11268.5 11274.3 11293.5 11292 11288.5 11295.2 11304.6 11317.6 11334.4 11338.7 11315.5 11352.9 11361.7 11355.1 11356.1 11319.5 11289.4 11288.3 11286.9 11293.7 11300.9 11298.9 11297.9 11296.3 
11210.7 11218.1 11222.5 11229.7 11229.5 11231.4 11235.2 11231.9 11244.9 11251.6 11257.8 11262.9 11269.6 11278.3 11290.1 11300.9 11293 11282.9 11276.8 11275.5 11285.8 11311.7 11291.7 11299.8 11311.8 11313.7 11315.8 11322.1 11312.4 11296.7 11318.6 11336.8 11341.1 11324.8 11295.2 11281.3 11274.8 11281.1 11290.5 11302.4 11303.5 11302 11302.8 
