real_craters/C118-500m.grd
DSAA
148 148
-36.645 36.645
-36.645 36.645
7727.8558807785 9400.6165753937
[rows 60 to 89 of 148, columns 67 to 133 of 148]
8530.47 8485.55 8466.41 8420.11 8410.5 8420.33 8403.08 8398.79 8409.14 8427.95 8463.95 8434.46 8424.63 8449.5 8493.68 8556.1 8631.51 8818.39 9014.33 9188.03 9191.14 9086.95 9017.08 8965.9 8924.83 8884.53 8847.17 8805.8 8785.91 8759.56 8758.93 8764.29 8769.41 8782.68 8782.82 8783.83 8792.19 8795.84 8775.63 8759.97 8757.29 8759.05 8754.17 8752.87 8768.55 8772.41 8781.52 8784.11 8755.87 8716.43 8676.53 8667.33 8667.99 8684.08 8711.82 8714.22 8672 8648.45 8637.24 8626.61 8619.02 8618.96 8620.17 8617.09 8607.77 8601.52 8598.55
8418.41 8402.55 8360.51 8326.97 8292.3 8259.95 8257.92 8267.59 8288.82 8299.21 8299.38 8287.24 8296.13 8345.9 8406.27 8489.28 8550.53 8685.31 8842.4 8995.18 9065.39 9038.21 9017.63 8998.56 8966.94 8929.65 8884.76 8844.09 8821.07 8787.78 8789.77 8791.75 8788.65 8786.61 8791.95 8798.07 8800.47 8789.78 8757.86 8747.2 8744.88 8744.35 8736.01 8726.16 8729.4 8751.67 8748.39 8739.03 8731.65 8702.78 8664.34 8646.09 8645.96 8653.82 8675.78 8682.7 8659.95 8645.03 8635.86 8627.25 8620.74 8616.23 8613.51 8609.49 8606.52 8604.55 8602.69
8382.86 8328.57 8278.52 8221.09 8177.15 8139.9 8128.68 8138.69 8166.15 8214.53 8207.72 8197.84 8203.19 8250.21 8306.5 8388.82 8446.42 8546.01 8661.63 8795.35 8879.43 8940.69 8990.44 9025.21 9017.98 8976.75 8938.13 8902.3 8878.32 8859.32 8843.64 8826.45 8810.42 8794.18 8800.08 8808.99 8816.23 8800.21 8760.52 8750.15 8737.05 8718.31 8708.31 8697.96 8695.72 8698.17 8714.12 8724.56 8726.16 8716.87 8681.91 8646.83 8630.88 8625.31 8635.45 8646.1 8649.59 8645.17 8638.29 8628.35 8620.27 8614.46 8608.71 8603.86 8604.39 8606.82 8608.66
8261.02 8193.76 8146.98 8118.17 8081.38 8040.01 8035.03 8050.54 8058.07 8076.04 8120.42 8130.93 8139.93 8168.49 8196.27 8200.35 8308.16 8411.47 8514.16 8610.81 8718.4 8835.66 8952.22 9044.9 9064.28 9032.27 8989.47 8959.52 8929.18 8897.72 8877.24 8862.52 8845.02 8823.08 8818.55 8816.53 8821.41 8822 8817.8 8775.44 8737.61 8708.36 8703.1 8684.36 8665.21 8663.41 8687.84 8718.29 8722.03 8712.54 8685.07 8636.8 8623.43 8623.17 8628.27 8638.32 8651.31 8655.12 8643.14 8632.07 8622.31 8614.92 8607.51 8600.42 8603.88 8609.57 8614.5
8128.23 8078.09 8052.57 8040.41 8017.68 7994.51 7989.23 8007.86 8037.3 8045.26 8044.28 8048.14 8074.88 8101.31 8129.33 8146.18 8207.05 8296.68 8385.38 8448.12 8567.46 8732.54 8901.45 9048.05 9099.08 9066.57 9029.61 8992.3 8966.87 8928.23 8906.45 8899.62 8891.56 8877.62 8842.94 8816.11 8799.49 8809.07 8821.32 8782.2 8730.39 8691.08 8666.67 8642.6 8639.29 8641.25 8669.27 8703.84 8700.76 8667.7 8669.58 8629.35 8618.01 8623.47 8626.24 8635.44 8648.76 8654.17 8642.59 8631.7 8623.67 8616.65 8610.24 8606.52 8608.12 8612.3 8617.28
8054.2 8034.88 8014.06 7998.21 7980.73 7961.67 7954.65 7961.64 7992.4 8004.65 7990.49 7995.57 8016.24 8039.68 8066.12 8090.36 8126.64 8205.34 8282.18 8337.36 8440.85 8632.66 8838.03 9039.62 9148.76 9109.65 9059.19 9028.78 9004.62 8963.82 8942.81 8932.72 8929.99 8910.38 8860.86 8812.88 8770.66 8778.43 8798.18 8774.91 8706.41 8644.36 8631.39 8625.57 8624.86 8629.1 8653.01 8686.08 8679.23 8628.65 8644.34 8619.32 8611.62 8619.86 8622.44 8627.73 8633.53 8634.68 8635.23 8631.48 8625.58 8618.62 8613.08 8610.43 8610.21 8613.01 8617.43
8015.26 8013.31 7999.12 7981.52 7959.25 7936.94 7918.53 7909.16 7895.61 7920.88 7936.24 7954.73 7968.01 7976 7984 8014.85 8066.73 8131.13 8206.54 8280.76 8366.35 8539.48 8742.65 8947.73 9070.26 9075.59 9073.84 9062.84 9026.47 8991.14 8969.4 8950.64 8937.79 8915.11 8864.31 8817.7 8768.56 8761.28 8753.36 8764.13 8681.45 8617.85 8629.33 8622.3 8621 8625.62 8640.53 8657.19 8648.92 8622.2 8626.07 8609.08 8609.52 8615.7 8618.2 8620.09 8621.24 8621.91 8629.52 8632.13 8625.96 8617.97 8612.26 8609.12 8608.05 8608.99 8611.97
7997.82 8016.56 7999.08 7979.93 7957.44 7930.69 7905.65 7890.35 7875.96 7872.72 7880.84 7890.08 7902.29 7902.08 7901.91 7943.84 7987.37 8057.06 8138.17 8216.82 8281.01 8440.59 8629.44 8803.55 8905.85 8996.01 9082 9100.82 9022.44 9004.03 8990.02 8948.13 8908.36 8879.41 8854.32 8828.78 8806.54 8763.81 8727.74 8716.85 8660.07 8617.88 8625.37 8623.96 8620.83 8622.8 8628.71 8629.92 8619.6 8607.76 8605.06 8612.13 8612.86 8614.65 8616.34 8613.61 8613.11 8615.33 8624.43 8631.87 8620.98 8612.28 8606.68 8604.65 8603.49 8599.77 8598.37
7992.71 8013.64 7998.84 7988.39 7971.51 7951.08 7926.28 7907.89 7879.34 7848.64 7839.67 7824.59 7824.41 7825.57 7826.72 7863.18 7916.54 7986.9 8073.77 8196.3 8233 8357.19 8522.68 8679.56 8798.56 8920.14 9090.95 9149.71 9047.41 9000.9 8969.5 8939.45 8892.01 8861.15 8842.59 8825.25 8808.02 8769.33 8726.54 8683.52 8646.28 8625.46 8621.16 8615.29 8617.64 8616.64 8616.27 8620.32 8617.78 8606.9 8600.97 8604.79 8608.58 8608.48 8609.73 8603.44 8604.67 8609.41 8611.52 8611.41 8607.55 8601.39 8596.1 8592.87 8587.61 8586.09 8582.34
7987.47 7994.42 7997.17 7997 7991.78 7983.71 7974.79 7947.79 7905.47 7850.47 7825.82 7810.37 7795.14 7790.93 7802.6 7832.49 7869.28 7924.84 7989.97 8094.7 8176.96 8292.37 8441.2 8585.8 8705.75 8851.71 9082.5 9154.49 9044.87 8997.36 8973.44 8944.19 8896.35 8855.56 8830.96 8809.42 8788.61 8774.08 8755.27 8698.49 8638.49 8624.74 8623.6 8622.01 8619.74 8616.29 8617.11 8619.87 8622.88 8607.91 8593.53 8597.08 8597.01 8598.92 8582.58 8593.2 8593.88 8593.74 8595.21 8595.49 8592.07 8587.71 8582.81 8577.49 8573.7 8576.19 8576.09
7995.41 7995.34 8003.92 8009.34 8012.2 8013.01 8000.51 7975.86 7924.31 7860.98 7818.17 7794.04 7777.63 7772.68 7787.06 7816.25 7845.34 7887.51 7943.82 8020.33 8126.14 8249.54 8388.13 8525.36 8641.33 8785.45 9061.69 9136.51 9033.3 8999.64 8989.16 8956.61 8876.23 8838.71 8822.47 8807.85 8789.48 8775.18 8758.31 8715.73 8637.21 8621.94 8624.48 8624.83 8620.99 8616.36 8614.12 8622.05 8627.34 8621.72 8615.39 8610.06 8603.52 8617.5 8610.51 8594.04 8586.03 8577.73 8572.86 8577.14 8577.29 8574.49 8569.97 8565.44 8566.82 8569.4 8576.12
8019.58 8018.99 8018.6 8018.19 8021.91 8031.92 8043.98 8002.79 7910.13 7842.08 7802.45 7782.43 7767.61 7760.93 7782.01 7809.31 7841.44 7875.59 7939.27 8014 8098.66 8216.85 8361.36 8495.62 8622.1 8742.85 8990.43 9078.82 9032.23 9013.93 9004.87 8970.5 8853.08 8818.71 8815.49 8819.2 8801.76 8766.63 8731.58 8688.54 8650.39 8627.82 8626.03 8628.03 8628.34 8618.6 8612.77 8630.02 8649.07 8660.87 8654.09 8647.68 8654.96 8633.24 8610.45 8594.63 8584.51 8575.14 8566.06 8564.76 8566.88 8564.69 8559.6 8553.31 8546.36 8559.07 8569.73
8059.38 8045.11 8022.58 8011.31 8012.49 8025.11 8042.18 8006.5 7897.08 7813.6 7785.74 7771.19 7758.53 7749.66 7774.24 7798.97 7827.63 7869.78 7937.55 8019.84 8113.77 8234.44 8364.35 8490.86 8603.81 8708.8 8901.19 9013.22 9036.81 9034.22 9022.4 8964.52 8826.79 8796.82 8799.98 8811.08 8788.27 8745.21 8699.53 8654.54 8636.64 8629.89 8632.13 8633.62 8628.22 8630.91 8626.66 8649.87 8671.77 8669.93 8665.24 8661.85 8659.39 8636.63 8611.82 8597.71 8588.37 8580.26 8571.8 8567.17 8563.76 8559.32 8553.85 8546.98 8545.13 8550.79 8558.13
7999.17 7999.65 7990.92 7979.32 7977.41 7982.23 7992.4 7979.28 7906.04 7810.9 7784.41 7766.6 7743.89 7741.12 7770.6 7795.49 7816.61 7875.54 7965.6 8054.89 8145.17 8259.78 8392.04 8511.85 8621.84 8702.02 8867.03 8985.08 9039.1 9043.22 9000.45 8882.77 8788.39 8772.93 8774.19 8781.59 8756.59 8715.88 8674.4 8637.19 8632.46 8629.08 8634.97 8641.46 8648.55 8659.17 8677.5 8683.98 8682.67 8675.35 8668.01 8661.4 8650.51 8654.08 8629.88 8608.92 8597.37 8588.84 8581.9 8573.26 8566.98 8559.23 8552.25 8544.62 8532.36 8537.96 8548.1
7887.27 7913.29 7927.21 7924.23 7923.6 7918.31 7902.27 7869.55 7862.94 7833.67 7810.66 7787.31 7771.31 7755.42 7775.11 7813.77 7860.12 7938.8 8033.34 8135.2 8246.09 8338.17 8433.18 8542.42 8657.57 8758.58 8887.35 8988.09 9064.21 9070.08 8972.11 8871.96 8790.45 8753.75 8739.03 8730.31 8712.33 8686.34 8659.31 8638.67 8632.33 8631.27 8645.03 8654.55 8662.6 8683.04 8711.18 8705.24 8688.95 8677.31 8666.15 8658.64 8657.29 8666.39 8638.08 8615.13 8606.37 8600.77 8594.86 8581.9 8572.55 8563.59 8555.8 8549.27 8547.56 8545.97 8543.04
7835.87 7845.54 7849 7868.22 7870.05 7860.15 7839.86 7823.92 7841.18 7857.16 7839.06 7812.43 7799.1 7805.86 7800.41 7840.85 7916.64 8002.59 8066.92 8200.47 8337.24 8384.73 8470 8566.62 8665.86 8747.81 8859.22 8979.7 9073.9 9080.89 8957.61 8809.14 8763.09 8730.67 8703.1 8679.66 8674.1 8664.01 8650.15 8639.16 8635.24 8648.05 8663.05 8676.88 8683.66 8700.95 8714.61 8702.02 8679.38 8669.07 8661.61 8653.16 8644.17 8639.8 8630.6 8619.86 8613.24 8609.15 8600.96 8588 8577.29 8568.46 8559.72 8552.5 8547.55 8545.37 8541.96
7835.97 7832.44 7835.29 7837.73 7834.29 7823.67 7810.6 7810.58 7835.7 7846.72 7834.18 7817.04 7821.21 7823.31 7799.43 7849.16 7918.8 7996.3 8089.86 8227.2 8376.25 8436.32 8493.87 8571.03 8658.17 8740.66 8815.29 8954.92 9080.87 9122.54 8968.05 8782.15 8733.26 8711.31 8679.9 8656.95 8655.62 8654.07 8649.58 8643.87 8655.27 8666.58 8693.51 8705.42 8721.75 8735.02 8730.73 8706.55 8675.26 8664.78 8659.26 8647.78 8634.58 8623.85 8621.02 8615.85 8614.59 8616.89 8607.99 8590.22 8582.21 8573.39 8563.85 8554.66 8546.75 8541.47 8538.42
7839.25 7832.95 7830.58 7823.51 7814.72 7804.4 7799.39 7838.46 7828.61 7807.93 7796.33 7792.14 7790.31 7783.78 7797.19 7851.16 7915.08 7988.38 8093.22 8227.41 8347.21 8417.32 8478.17 8559.43 8639.35 8695.65 8776.44 8921.67 9058.06 9155.16 8973.24 8809.38 8728.51 8703.66 8673.78 8651.53 8653.45 8655.64 8654.21 8651.78 8653.75 8674.12 8708.23 8722.83 8739.39 8749.36 8744.8 8715.38 8675.85 8675.02 8661.49 8644.79 8630.05 8618.35 8613.17 8610.47 8609.06 8611.46 8605.32 8592.79 8589.14 8579.71 8567.91 8556.45 8545.89 8539.92 8534.01
7839.34 7833.7 7828.94 7816.61 7801.86 7789.45 7787.82 7798.56 7778.61 7757.92 7744.95 7760.47 7773.36 7779.24 7804.58 7867.9 7939.85 8005.55 8090.3 8236.31 8374.56 8414.46 8468.22 8561.05 8645.96 8712.83 8780.96 8896.32 8974.04 8978.66 8889.66 8774.5 8723.29 8708.32 8690.55 8675.15 8667.58 8669.73 8672.83 8668.75 8659.19 8682.4 8713.13 8724.67 8732.72 8738.68 8738.45 8715.65 8684.33 8672.52 8656.65 8642.17 8631.02 8616.82 8609.53 8601.58 8601.58 8596.68 8601.97 8610.23 8599.32 8586.08 8571.9 8557.59 8544.29 8534.43 8526.07
7852.36 7839.37 7829.18 7813.02 7795.87 7777.79 7758.58 7745.58 7738.45 7732.87 7727.86 7751.68 7770.17 7798.77 7824.9 7904.31 7991.15 8062.36 8139.61 8264.71 8358.98 8427.27 8495.61 8579.94 8682.49 8789.89 8870.68 8903.65 8904.23 8850.21 8811.69 8774.17 8754.04 8719.16 8697.3 8684.79 8678.78 8686.23 8699.32 8723.1 8738.48 8719.22 8719.81 8720.74 8720.17 8716.69 8719.25 8717.96 8701.99 8671.72 8650.53 8639.41 8626.64 8616.67 8610.71 8606.75 8602.54 8597.22 8608.83 8618.84 8607.07 8590.92 8573.89 8557.26 8540.48 8522.82 8515.33
7879.66 7851.9 7830.05 7812.72 7797.28 7779.17 7760.14 7752.49 7749.61 7752.36 7760.03 7776.37 7797.76 7856.23 7879.68 7953.98 8059.14 8170.31 8216.8 8323.22 8437.84 8491.21 8489.49 8603.84 8730.25 8838.99 8979.23 8933.18 8890.17 8844.88 8811.91 8787.58 8775.09 8723.49 8674.66 8668.22 8684.41 8703.5 8722.91 8737.74 8743.46 8732.26 8724.02 8717.15 8709.52 8704.09 8698.08 8690.51 8698.28 8684.85 8663.53 8641.9 8621.66 8616.06 8614.73 8611.33 8610.04 8613.14 8620.03 8626.44 8609.62 8591.88 8574.19 8557.01 8539.36 8521.54 8510.37
7902.11 7869.29 7842.1 7823.95 7812.48 7798.35 7784.09 7780.88 7779.75 7786.59 7802.68 7816.34 7848.56 7900.73 7925.01 7994.81 8097.04 8195.02 8276.23 8375.32 8485.54 8537.12 8520.83 8639.26 8798.62 8940.41 8968.47 8929.9 8890.63 8850.76 8833.09 8829.37 8781.5 8732.77 8675.59 8671.91 8693.5 8717.51 8744.04 8766.73 8766.8 8742.24 8727.78 8716.44 8703.44 8689.78 8686.2 8689.04 8702.73 8693.81 8674.12 8648.04 8627.62 8628.73 8620.89 8609.38 8610.74 8626.43 8623.52 8617.39 8605.29 8588.97 8572.38 8556.22 8542.65 8525.71 8506.98
7932.23 7896.74 7871.62 7853.56 7841.13 7831.38 7822.45 7812.21 7806.11 7819.59 7836.38 7851.85 7882.5 7949.41 7968.42 8025.44 8115.43 8231.5 8325.33 8400.51 8494.18 8555 8530.28 8676.26 8852.53 8980.63 8920.71 8910.76 8888.64 8869.34 8863.7 8850.47 8820.25 8752.55 8707.31 8697.18 8711.34 8733.96 8759.93 8784.18 8789.67 8757.23 8743.48 8726.48 8706.8 8687.42 8684.48 8691.83 8699.51 8691.06 8674.8 8654.13 8633.53 8624.44 8615.27 8612.13 8612.08 8605.26 8610.22 8607.55 8596.18 8582.85 8568.5 8553.03 8535.77 8518.91 8504.86
7991.13 7941.89 7914.83 7894.32 7879.95 7871.44 7864.31 7854.71 7857.43 7857.72 7867.74 7885.7 7933.03 7986.82 8008.89 8058.83 8132 8175.45 8286.33 8402.94 8488.19 8533.87 8578.51 8732.79 8881.87 8966.18 8949.24 8902.42 8877.11 8864.36 8859.44 8841.04 8788.04 8764.7 8736.02 8724.28 8729.73 8745.02 8764.69 8785.58 8801.23 8798.39 8769.07 8737.32 8713.09 8697.92 8692.5 8693.29 8690.85 8681.57 8668.02 8658.49 8649.64 8621.34 8608.11 8608.95 8603.97 8599.5 8595.51 8591.16 8583.46 8574.14 8563.68 8551.14 8533.06 8516.67 8501.95
8065.27 8010.71 7971.03 7938.57 7926.53 7918.54 7907.4 7895.87 7891.73 7901.77 7910.03 7929.38 7982.23 8045.48 8080.58 8126.55 8194.14 8268.43 8351.37 8448.66 8531.63 8594.86 8709.96 8850.59 8946.61 8970.03 8955.92 8888 8857.19 8844.24 8831.86 8836.73 8822.7 8794.19 8761.5 8745.69 8743.13 8752.83 8768.21 8784.63 8799.6 8806.12 8774.04 8741.47 8714.48 8697.46 8686.71 8687.07 8685.09 8671.73 8656.09 8655.42 8651.41 8636.33 8624.24 8610.88 8602.43 8589.14 8582.19 8575.22 8569.47 8565.15 8559.32 8552.95 8544.88 8527.42 8511.89
8152.91 8095.79 8044.25 8009.22 7985.39 7968.8 7945.85 7945.46 7951.19 7971.16 7994.06 8016.73 8067.33 8138.54 8177.46 8220.63 8283.06 8366.81 8456.41 8539.35 8634.76 8739.51 8888.79 9012.26 9079.93 9040.67 8906.72 8850.32 8840.83 8837.37 8837.81 8847.99 8849.75 8826.86 8785.2 8754.82 8747.53 8755.83 8775.76 8794.14 8807.61 8785.17 8761.22 8733.27 8708.39 8684.36 8670.57 8676.51 8674.14 8664.23 8656.09 8654.95 8651.62 8643.79 8631.32 8608.08 8587.78 8576.22 8570.15 8563.97 8560.37 8558.26 8555.96 8552.59 8550.92 8533.66 8515.31
8243.18 8178.61 8129.18 8086.89 8061.37 8035.94 8009.6 8023.22 8041.88 8067.51 8098.87 8135.44 8179.75 8225.03 8270.82 8320.81 8366.75 8444.37 8544.17 8642.92 8765.87 8883.32 9041.63 9145.68 9152.61 9065.47 8906.1 8838.93 8832.27 8838.82 8849.36 8854.9 8848.71 8806.14 8758.52 8742.7 8740.94 8748.35 8762 8777.98 8778.9 8766.55 8745.63 8721.77 8700.02 8678.76 8668.75 8672.64 8667.15 8645.29 8649.17 8651.95 8649.41 8639.22 8623.57 8601.62 8579.37 8568.51 8561.76 8557.84 8555.29 8553.1 8552.22 8549.75 8547.02 8537.04 8529.25
8366.18 8284.82 8235.47 8199.41 8169.55 8145.1 8122.37 8130.63 8149.78 8175.2 8209.09 8249.88 8289.17 8342.97 8391.54 8421.33 8478.05 8567.18 8669.67 8780.64 8916.43 9044.98 9159.83 9194.51 9168.11 9055.61 8919.9 8852.73 8836.49 8842.78 8868.45 8861.25 8820.29 8753.15 8713.95 8722.84 8729.64 8735.52 8738.32 8762.71 8770.85 8751.52 8719.13 8704.38 8688.41 8670.99 8624.35 8568.17 8573.57 8613.89 8635.85 8643.72 8643.23 8635.49 8619.52 8598.96 8574.44 8561.3 8556.73 8552.42 8548.26 8550.32 8550.12 8547.33 8542.87 8538.07 8533.91
8512.58 8409.17 8371.63 8336.94 8304.78 8276.2 8255.59 8257.84 8264.41 8281.68 8315.34 8349.47 8389.54 8460.12 8514.13 8542.74 8595.38 8708.08 8845.97 8945.28 9058.5 9166.98 9198.72 9109.27 9057.44 8988.33 8897.51 8848.32 8837.65 8841.45 8863.35 8873.98 8827.67 8764.1 8727 8722.7 8723.85 8729.68 8741.32 8749.45 8753.69 8744.28 8711.06 8694.85 8680.65 8666.94 8663.44 8618.61 8580.89 8609.36 8632.15 8647.33 8646.8 8636.63 8616.06 8604.58 8584.11 8563.71 8557.8 8554.38 8552.15 8552.54 8552.4 8549.21 8540.97 8538.11 8531.35
8686.97 8595.78 8548.49 8506.94 8473.15 8447.77 8417.85 8406.58 8394.19 8397.89 8429.39 8449.64 8513.79 8598.69 8662.24 8697.01 8693.46 8842.31 9038.53 9117.7 9158.21 9200.22 9165.76 9004.38 8950.27 8926.93 8877.71 8841.5 8839.85 8842.96 8868.49 8899.36 8865.55 8818.74 8759.49 8734.19 8723.22 8720.7 8725.89 8728.35 8738.54 8732.16 8705.39 8688.43 8676.11 8659.45 8639.69 8640.07 8633.81 8627.21 8637.91 8643.2 8647.57 8644.46 8641.18 8621.77 8595.29 8571.39 8564.04 8561.14 8560.13 8558.01 8557.17 8559.24 8556.25 8541.41 8529.49
