real_craters/C118-500m.grd
DSAA
148 148
-36.645 36.645
-36.645 36.645
7727.8558807785 9400.6165753937
[rows 90 to 119 of 148, columns 0 to 66 of 148]
9196.76 9192.44 9190.29 9194.69 9197.33 9199.16 9201.01 9201.31 9200.33 9197.09 9189.65 9185.67 9201.89 9195.62 9183.62 9178.2 9171.92 9167.4 9164.37 9143.13 9113.41 9101.87 9097.3 9094.02 9089.76 9078.45 9071.57 9068.34 9063.58 9056.95 9031.69 9011.25 8995 8990.35 8994.35 8997.74 8995.98 8990.14 8980.4 8974.31 8973.37 8972.39 8972.6 8970.32 8969.42 8968.19 8970.63 8965.4 8959.38 8970.84 9019.27 9031.85 9019.46 9010.72 9022.02 9044.06 9068.88 9104.56 9157.39 9269.01 9302.39 9249 9182.82 9121.91 9075.09 9034.67 8938.99
9191.19 9186.82 9186.91 9186.56 9187.55 9191.54 9195.76 9200.02 9201.49 9190.44 9176.62 9168.59 9180.16 9180.92 9176.76 9167.2 9159.33 9156 9151.24 9135.52 9113.1 9104.08 9102.84 9103.12 9104.66 9094.59 9085.48 9077.15 9066.55 9052.54 9028.7 9012.54 8995.87 8991.45 8993.5 8995.47 8995.69 8989.22 8978.8 8968.67 8965.03 8960.14 8957.39 8958.22 8956.91 8952.19 8941.68 8941.73 8941.88 8941.88 8960.41 8989.77 8988.2 8976.23 8985.44 9003.67 9030.53 9070.27 9130.19 9192.35 9234.35 9224.7 9189.86 9151.57 9117.01 9101.22 9025.34
9183.01 9178.59 9174.78 9173.88 9175.69 9183.41 9189.22 9194.7 9197.11 9184.11 9169.84 9163.22 9163.99 9169.56 9162.17 9147.46 9143.68 9140.02 9138.73 9128.63 9117.24 9112.36 9110.45 9109.9 9109.68 9110.02 9103.07 9085.2 9066.29 9043.85 9033.55 9019.29 9004.69 9003.26 9006.95 9008.38 9001.99 8995.05 8985.35 8975.4 8966.66 8952.86 8949.6 8951.88 8951.23 8945.1 8934.6 8928.06 8921.88 8909.86 8909.36 8924.4 8935.79 8938.88 8947.87 8961.67 8984.61 9022.35 9088.31 9155.6 9179.58 9182.08 9168.81 9146.76 9113.6 9068.68 9050.82
9172.11 9169.64 9167.13 9169.24 9173.73 9176.63 9180.28 9183.4 9183.99 9172.69 9160.68 9155.68 9162.8 9165.54 9164.49 9139.42 9132.77 9126.28 9115.53 9124.04 9124.28 9121.8 9118.38 9115.14 9111.66 9115.03 9109.6 9088.42 9068.92 9053.99 9036.37 9028.67 9026.17 9018.33 9016.67 9014.29 9008.65 9002.76 8999.49 8998.19 8976.03 8956.9 8951.73 8952.61 8952.9 8950.3 8935.89 8924.25 8906.45 8894.16 8888.31 8885.95 8890.7 8906.11 8913.19 8922.15 8935.32 8958.19 9016.2 9094.68 9116.66 9128.62 9133.96 9133.9 9127.29 9109.25 9077.1
9162.54 9162.36 9163.1 9165.32 9167.45 9169.84 9168.73 9165.88 9162.76 9152.95 9145.81 9142.05 9148.25 9162.01 9165.38 9137.98 9133.57 9128.37 9125.94 9135.4 9138.82 9132.58 9125.89 9120.83 9117.07 9111.92 9100.3 9087.91 9068.24 9049.23 9037.57 9033.72 9033.55 9025.07 9021.14 9018.22 9011.69 9006.23 9003.14 9000.17 8983.73 8972.3 8959.38 8956.51 8956.66 8960.16 8960.54 8930.01 8906.7 8894.03 8889.16 8888.68 8884.24 8881.68 8885.42 8890.9 8893.28 8895.55 8926.62 8983.7 9038.62 9073.95 9097.65 9116.5 9126.01 9120.22 9106.26
9155.29 9156.03 9156.98 9160.74 9167.42 9163.73 9157.35 9147.96 9134.27 9129.67 9129.38 9128.22 9137.33 9158.94 9172.78 9156.95 9145.52 9140.09 9140.28 9149.3 9151.61 9140.64 9130.95 9123.7 9118.55 9115.99 9110.6 9090.72 9066.85 9042.27 9032.38 9025.41 9019.32 9019.47 9019.28 9018.21 9010.78 9003.61 8999.06 8997.92 8980.23 8962.3 8962.9 8960.64 8957.41 8953.4 8945.84 8927.93 8910.23 8897.32 8904.45 8910.62 8897.44 8872.96 8874.65 8876.32 8870.8 8859.89 8868.41 8909.2 8979.88 9026.61 9063.81 9096.4 9133.24 9135.83 9123.42
9150.41 9151.75 9152.47 9155.82 9161.76 9156.61 9147.11 9135.48 9123.77 9117.91 9116.93 9119.61 9130.2 9159.71 9174.58 9167.64 9159.28 9154.53 9153.63 9155.39 9152.98 9143.66 9132.02 9121.58 9116.7 9116.44 9116.25 9093.23 9067.72 9043.46 9026.54 9015.23 9008.83 9013.08 9014 9011.24 9004.71 8996.7 8986 8970.68 8971.47 8976.35 8970.49 8966.42 8959.69 8945.22 8936.55 8930.35 8912.7 8914.54 8925.65 8942.84 8928.69 8903.49 8889.55 8881.69 8874.17 8868.33 8884.54 8913.26 8955.7 8995.15 9029.92 9060.18 9094.75 9108.1 9114.65
9147.78 9149.68 9151.15 9154.08 9155.87 9148.84 9136.85 9124.94 9117.34 9111.22 9105.48 9110.65 9138.08 9168.46 9188.32 9180.99 9171.54 9163.88 9161.48 9161.09 9155.89 9145.61 9132.62 9116.96 9111.78 9112.19 9107.8 9090.61 9069.84 9048.49 9030.11 9021.73 9015.17 9013.66 9012.01 9005.24 9001.71 8993.43 8979.67 8963.67 8966.96 8979.37 8977.05 8974.33 8971.53 8966.01 8960.19 8958.3 8951.94 8941.45 8941.71 8942.67 8943.5 8937.35 8910.86 8897.18 8891.75 8893.64 8904.92 8923.14 8948.39 8974.82 8995.81 9014.48 9015.89 9050.79 9075.26
9147.41 9149.65 9151.85 9154.57 9153.35 9141.46 9125.71 9113.19 9103.62 9099.05 9097.4 9101.66 9137.86 9174.33 9194.2 9189.89 9180.99 9171.67 9167.68 9165.58 9159.15 9149.11 9137.03 9124.55 9116.27 9110.17 9098.86 9086.42 9072.38 9059.18 9050.12 9029.76 9021.69 9018.97 9017.14 9014.45 9008.33 8998.19 8983.86 8967.65 8966.25 8977.02 8980.94 8982.17 8985.41 8993.88 8991.04 8988.7 8976.56 8957.79 8956.32 8952.83 8946.45 8931.11 8919.01 8909.07 8908.69 8918 8921.97 8934.11 8945.71 8957.86 8973.18 8985.54 8999.49 9016.42 9038.74
9147.94 9149.76 9150.69 9148.75 9140.29 9125.85 9114.03 9103.42 9091.29 9084.85 9103.08 9118.21 9132.02 9178.17 9205.28 9200.77 9192.57 9184.64 9175.04 9169.73 9162.97 9154.14 9144.2 9135.01 9124.74 9115.12 9101.09 9088.82 9076.34 9060.9 9045.47 9033.45 9026.4 9024.99 9025.55 9028.27 9022.85 9008.48 8996.52 8990.07 8987.63 8983.78 8985.94 8987.39 8989.62 8996.7 8998.07 9000.86 8996.26 8978.25 8970.35 8967.35 8954.41 8927 8916.06 8913.05 8914.25 8925.38 8947.23 8943.15 8945.95 8952.32 8958.19 8965.01 8971.46 8988.68 9002.57
9149.19 9150.02 9148.99 9143.01 9124.98 9107.03 9108.85 9103.45 9093.22 9089.03 9118.95 9134.91 9130.64 9182.16 9217.26 9222.07 9209.58 9185.64 9181.42 9175.18 9169.66 9161.86 9151.58 9139.55 9133.45 9125.72 9116.97 9103.79 9082.83 9059.7 9036.76 9026.52 9029.21 9030.65 9030.66 9031.4 9025.44 9014.78 9007.8 9002.49 8996.21 8994.63 8993.83 8991.26 8987.07 8981.22 8989.64 8993.59 8987.02 8981.99 8976.95 8971.38 8956.06 8926.03 8917.21 8914.95 8916.24 8925.05 8935.01 8937.23 8939.95 8942.87 8946.12 8949.49 8954.98 8962.37 8969.08
9150.71 9150.45 9149.68 9150.99 9137.49 9122.35 9118.52 9115.57 9112.87 9117.29 9138.47 9145.41 9140.22 9193.22 9225.65 9230.18 9220.4 9202.23 9191.91 9186.18 9178.59 9171.86 9164.12 9152.5 9144.13 9136.43 9131.25 9118.77 9089.82 9064.08 9040.75 9038.8 9038.85 9037.73 9033.94 9026.07 9017.17 9017.23 9014.69 9014.01 9013.04 9008.42 9002.15 8995.47 8988.18 8983.11 8984.35 8985.35 8988.33 8983.01 8978.46 8970.1 8952.93 8923.56 8919.4 8917.05 8915.92 8918.65 8923.15 8928.19 8932.88 8934.37 8935.23 8934.37 8934.29 8939.23 8940.81
9152.03 9151.15 9149.23 9145.19 9143.35 9140 9134.91 9134.05 9137.43 9147.7 9154.64 9152.38 9150.45 9187.46 9218.64 9231.3 9231.71 9216.81 9201.81 9190.48 9186.92 9181.99 9176.93 9169.11 9153.88 9141.01 9129.03 9112.31 9090.8 9071.85 9060.11 9053.39 9052.88 9046.61 9039.89 9033.16 9028.82 9020.38 9018.26 9023.2 9033.36 9020.32 9008.87 9000.49 8992.36 8987.46 8984.03 8984.66 8985.1 8982.28 8978.09 8971.47 8961.05 8945.64 8926.62 8922.52 8922.92 8922.04 8924.01 8924.05 8926.73 8925.76 8924.95 8925.19 8924.1 8920.2 8917.85
9152.65 9150.26 9148.4 9146.03 9145.73 9148.1 9148.64 9149.45 9154.21 9162.74 9157.63 9154.16 9155.25 9174.65 9206.9 9225.37 9231.65 9226.5 9212.88 9202.66 9196.15 9190.47 9182.51 9171.39 9157.4 9141.07 9122.29 9102.21 9089.02 9077.04 9069.02 9069.91 9068.61 9056.15 9046.3 9036.71 9031.45 9021.7 9019.39 9020.41 9026.72 9021.63 9013.27 9006.57 9000.4 8992.3 8985.78 8978.68 8979.12 8979.82 8977.47 8972.55 8965.46 8954.03 8942.23 8927.56 8925.54 8927.7 8928.03 8923.91 8920.71 8917.86 8915.46 8913.68 8910.35 8906.64 8902.05
9152.4 9150.32 9148.56 9147.18 9149.95 9158.43 9159.29 9160.36 9162.77 9165.63 9159.84 9160.38 9168.25 9182.46 9203.84 9220.78 9230.04 9222.3 9217.31 9210.5 9204.17 9198.46 9190.26 9176.42 9159.15 9140.17 9120.21 9102.17 9089.53 9079.94 9074.97 9078.01 9073.15 9062.07 9049.21 9037.05 9021.01 9024.09 9023.01 9014.35 9010.11 9020.69 9024.07 9019.22 9011.19 9002.29 8992.3 8985.05 8981.97 8981.12 8977.07 8972.09 8966.69 8949.77 8937.17 8924.67 8905.4 8920.95 8927.46 8920.91 8915.14 8908.96 8904.41 8900.38 8896.71 8894.34 8888.96
9150.79 9149.71 9149.3 9150.18 9154.15 9162.53 9165.95 9166.8 9166.47 9165.83 9164.68 9168.44 9178.69 9190.28 9208.35 9221.91 9226.46 9221.98 9218.49 9213.78 9208.62 9203.57 9197.74 9182.05 9160.22 9139.03 9119.47 9105.82 9090.61 9081.25 9075.03 9069.96 9071.54 9065.65 9056.57 9045.9 9038.71 9040.2 9040.93 9023.98 9011.28 9036.94 9049.41 9038.15 9015.81 9008.06 9006.35 8995.39 8993.22 8985.17 8977.09 8968.27 8959.1 8942.4 8934.2 8926.52 8905.55 8911.8 8915.19 8910.41 8906.55 8900.86 8893.77 8880.64 8883.73 8883.19 8878.95
9149.45 9149.87 9150.91 9153.2 9159.86 9166.69 9170.5 9170.32 9168.67 9165.49 9164.18 9173.98 9186.96 9207.35 9216 9223.71 9228.49 9225.54 9222.57 9216.01 9208.99 9202.9 9195.36 9178.52 9157.39 9135.76 9115.79 9097.63 9085.87 9081.59 9080.48 9071.24 9073.6 9073.2 9068.64 9062.33 9053.95 9065.51 9085.14 9083.29 9086.24 9102.75 9091.95 9071.88 9040.33 9033.22 9030.14 9028.06 9004.03 8988.5 8977.14 8964.56 8950.51 8936.69 8932.95 8926.82 8919.21 8908.78 8907.13 8901.22 8897.75 8892.71 8888.51 8884.38 8880.39 8879.25 8876.74
9148.58 9150.26 9152.7 9156.08 9162.25 9172.49 9175.35 9174.38 9173.41 9172.02 9172.61 9181.43 9193.6 9212.31 9220.47 9224.67 9223.31 9223.46 9223.06 9213.95 9205.07 9197.18 9187.7 9171.22 9151.86 9132.5 9113.21 9091.7 9083.51 9081.09 9088.77 9092.48 9083.19 9079 9078.14 9081.71 9081.2 9101.92 9137.28 9190.62 9196.78 9171.49 9116.96 9112.26 9106.84 9082.16 9045.65 9012.91 8998 8987.27 8975.18 8964.51 8951.74 8942.9 8939.45 8937.64 8925.56 8923.21 8908.13 8894.37 8890.09 8886.77 8884.11 8881.57 8878.11 8875.56 8871.79
9147.73 9151.27 9155.43 9159.7 9165.84 9173.29 9176.42 9178.37 9179.36 9181.7 9183 9192.68 9202.26 9214.04 9221.17 9224.5 9226.22 9218.07 9211.99 9206.73 9197.45 9185.01 9172.08 9159.18 9144.08 9128.52 9113.58 9102.51 9090.82 9078.6 9068.11 9084.56 9079.32 9077.97 9077.87 9092.16 9131.86 9150.06 9119.1 9148.82 9106.2 9040.51 9060.14 9122.73 9192.6 9128.66 9065.98 9018.72 9002.09 8988.73 8975.8 8967.85 8959.13 8956.07 8956.37 8944.52 8950.53 8949.51 8896.39 8884.72 8881.34 8880.8 8880.65 8879 8877.73 8874.02 8871.97
9147.93 9153.29 9158.66 9164.27 9170.53 9175.69 9181.12 9182.68 9184.16 9186.74 9195.68 9202.78 9211.72 9217.87 9220.41 9221.55 9220.46 9212.14 9205.62 9202.6 9191.38 9174.38 9156.34 9147.57 9136.16 9123.41 9111.47 9100.45 9087.79 9076.23 9071.14 9073.84 9081.39 9067.4 9059.85 9059.57 9072.18 9058.87 8994.58 8928.85 8906.79 8871.48 8954.29 9045.88 9135.39 9115.25 9089.77 9052.68 9026.49 9008.31 8986.87 8970.05 8959.54 8951.51 8940.98 8940.1 8941.88 8852.77 8864.24 8871.76 8872.69 8874.82 8878.05 8879.7 8876.21 8873.68 8874.74
9150.66 9156.36 9162.23 9168.49 9175.64 9178.9 9185.48 9186.61 9188.47 9191.34 9197.42 9207.86 9216.36 9217.01 9220.22 9218.21 9214.8 9217.67 9218.78 9207.46 9190.91 9172.67 9154.63 9141.09 9128.89 9117.85 9107.04 9095.98 9084.7 9073.1 9059.7 9052.29 9053.38 9047.3 9029.8 9001.77 8946.99 8873.54 8881.34 8852.43 8840.48 8849.3 8876.31 8906.65 8964.79 9058.79 9092.99 9074.84 9051.54 9029.53 8988.58 8968.98 8954.46 8951.86 8944.73 8941.57 8953.12 8896.13 8871.69 8869.38 8868.77 8869.66 8872.28 8874.9 8874.45 8879.29 8881.21
9155.46 9160.37 9165.5 9170.76 9175.28 9178.77 9184.42 9188.62 9192.33 9197.33 9204.45 9212.61 9220.71 9226.02 9227.07 9224.08 9226.8 9241.92 9238.3 9213.74 9190.09 9170.86 9153.18 9136.16 9123.77 9113.61 9104.42 9096.21 9087.44 9076.97 9067.38 9060.3 9049.17 9036.48 9009.53 8965.01 8904.05 8855 8851.4 8852.71 8842.19 8847.24 8838.79 8829.54 8891.58 9039.02 9143.3 9104.39 9074.77 9044.53 9011.16 8966.22 8942.43 8917.19 8929.79 8934.98 8920.24 8911.72 8887.09 8875.03 8869.3 8865.41 8862.99 8867.86 8875.02 8882.15 8887.72
9161.72 9164.79 9169.05 9173.11 9175.78 9177.43 9185.04 9190.48 9195.77 9200.28 9204.56 9214.88 9226.92 9229.99 9239.76 9250.16 9260.04 9269.18 9244.43 9211.69 9182.19 9157.37 9139.96 9127.81 9117.41 9107.84 9099.67 9093.45 9088.7 9079.82 9070.99 9064.22 9061.49 9046.57 9010.44 8958.73 8903.58 8860.45 8852.68 8855.07 8848.27 8850.37 8833.02 8826.2 8901.14 9045.46 9165.44 9123.94 9090.04 9052.17 9018.98 8968.39 8937.29 8911.42 8902.28 8903.11 8903.26 8899.21 8888.73 8879.63 8872.09 8866.29 8859.99 8866.13 8877.52 8886.09 8895.3
9164.16 9168.25 9172.89 9177.58 9182.51 9188.56 9188.44 9193.75 9200.48 9207.55 9213.6 9220.4 9230.98 9246.94 9266.4 9294.85 9288.75 9269.89 9233.89 9201.19 9170.57 9143.11 9127.14 9118.26 9109.46 9101.27 9094.17 9088.13 9081.35 9076.82 9068.5 9059.26 9067.24 9062.58 9020.92 8967.69 8911.89 8868.88 8857.86 8856.65 8851.66 8851.59 8839.03 8837.17 8916.59 9041.17 9118.14 9111.79 9087.17 9046.86 9012.2 8965.27 8940.35 8916.79 8898.88 8888.98 8887.2 8891.49 8898.14 8894.95 8886.76 8877.12 8867.58 8873.37 8885.14 8894.98 8903.72
9165.82 9172.05 9177.02 9181.58 9185.94 9188.91 9192.25 9196.6 9203.31 9211.81 9217.78 9224.68 9241.1 9277.81 9307.27 9315.27 9285.87 9242.33 9211.22 9186.26 9159.78 9134.56 9120.83 9111.77 9103.54 9095.99 9088.99 9081.53 9072.96 9070.37 9063.56 9053.35 9060.9 9077.68 9036.35 8982.17 8926.49 8880.37 8861.88 8858.46 8857.64 8860.32 8851.65 8854.77 8935.83 9047.7 9105.72 9105.42 9079.67 9040.74 8983.83 8960.59 8942.94 8929.55 8912.49 8902.6 8891.83 8899.28 8904.88 8905.59 8903.3 8896.72 8891.35 8892.28 8897.95 8904.65 8911.86
9173.53 9177.88 9182.04 9186.49 9189.84 9191.89 9194.53 9198.55 9203.45 9210.44 9217.75 9230.62 9262.82 9306.61 9333.52 9304.7 9273.18 9231.06 9195.44 9172.93 9152.83 9133.63 9119.61 9110.58 9103.02 9094.37 9085.84 9078.66 9072.93 9067.5 9060.89 9058.6 9074.44 9089.86 9055.19 9005.44 8948.21 8890.82 8867.02 8869.06 8871.55 8871.27 8863.05 8869.68 8958.7 9072.39 9132.54 9104.66 9069.77 9033.7 8981.35 8958.04 8944.47 8947.6 8955.04 8918.05 8919.75 8921.56 8920.12 8919 8918.67 8919.87 8917.02 8913.68 8912.63 8914.08 8917.51
9181.19 9184.18 9188.64 9192.46 9195.36 9196.68 9197.77 9202.35 9207.33 9217.25 9228.69 9244.13 9291.58 9320.45 9331.66 9298.46 9259.08 9217.28 9183.17 9163.7 9147.46 9132.91 9119.8 9108.8 9099.26 9090.07 9081.7 9074.89 9070.92 9065.69 9059.41 9061.55 9079.33 9101.44 9071.64 9030.99 8984.07 8927.29 8866.2 8892.08 8904.7 8892.35 8877.08 8887.76 8982.16 9075.82 9102.36 9080.42 9048.54 8995.68 8971.74 8949.49 8929.87 8912.05 8911.45 8964.76 8958.82 8941.68 8932.66 8930.33 8933.12 8938.97 8941.4 8930.01 8922.24 8918.06 8918.25
9184.24 9190.52 9196.84 9201.09 9203.68 9203.69 9201.77 9208.84 9224.08 9242.79 9267.61 9307.92 9318.17 9315.51 9309.65 9273.13 9234.21 9199.03 9171.75 9155.49 9142.64 9129.29 9117.78 9107 9097.17 9088.74 9080.78 9071.46 9062.62 9051.15 9053.59 9056.6 9063.72 9090.3 9074.2 9056.81 9039.1 9015.4 8980.97 8985.1 8977.93 8956.32 8937.89 8992.89 9018.84 9032.44 9033.62 9032.99 9020.08 8991 8964.29 8944.11 8921.97 8893.33 8894.68 8969.13 8947.59 8944.42 8935.26 8934.57 8937.61 8946.76 8947.05 8933.67 8923.63 8917.95 8914.86
9188.75 9199.11 9209.49 9214.86 9216.87 9215.2 9217.21 9228.12 9242.27 9267.27 9298.94 9325.14 9319.91 9294.86 9261.42 9236.7 9201.62 9175.51 9160.09 9145.94 9136.96 9127.54 9115.46 9105.54 9097.27 9089.68 9081.61 9073.24 9062.12 9052.28 9054.06 9053.46 9054.99 9054.95 9066.53 9075.1 9091.79 9129.56 9186.65 9107.87 9067.64 9073.64 9136.12 9134.73 9060.29 9017.52 9000.29 8996.99 8978.92 8971.71 8956.32 8941.79 8929.21 8929.55 8964.43 8955.31 8949.49 8937.92 8929.82 8927.06 8928.52 8938.84 8938.97 8926.08 8917.64 8913 8910.01
9194.05 9216.39 9229.31 9234.38 9237 9238.07 9245.35 9262.53 9272.22 9291.02 9315.74 9338.85 9310.61 9270.7 9223.23 9199.98 9179.16 9160.33 9147.46 9134.65 9124.46 9117.06 9110.9 9104.56 9098.23 9092.25 9086.21 9079.33 9074.83 9071.67 9064.51 9055.27 9045.78 9049.12 9060.22 9077.79 9103.89 9144.41 9200.07 9130.54 9100.02 9109.85 9142.39 9099.42 9056.7 9016.95 8994.55 8973.77 8967.41 8962.86 8953.73 8942.28 8935.57 8936.01 8937.4 8932.43 8930.89 8921.1 8916.26 8912.88 8908.08 8902.9 8905.69 8907.94 8906.56 8904.65 8903.34
