real_craters/C118-500m.grd
DSAA
148 148
-36.645 36.645
-36.645 36.645
7727.8558807785 9400.6165753937
[rows 0 to 29 of 148, columns 67 to 133 of 148]
9093.4 9091.07 9084.66 9080.64 9086.3 9093.26 9102.94 9101.28 9096.33 9110.38 9098.1 9068.49 9054.91 9042.66 9023.17 8995.8 8965.06 8936.54 8911.11 8898.81 8898.91 8904.67 8912.46 8906.67 8897.68 8883.46 8864.19 8853.59 8852.68 8857.65 8859.22 8851.2 8839.92 8831.62 8827.41 8826.44 8814.79 8794.55 8771.31 8749.93 8745.23 8738.71 8718.11 8714.65 8740.51 8787.97 8784.22 8784.4 8783.95 8791.69 8776.76 8775.14 8776.38 8778 8779.37 8780.66 8782.58 8785.83 8769.92 8761.11 8758.67 8765.13 8771.83 8761.95 8743.97 8721.34 8694.49
9082.39 9077.74 9068.64 9064.5 9067.15 9076.8 9084.32 9083.93 9076.66 9092.05 9094.21 9086.46 9067.72 9034.09 8999.19 8963.89 8946.32 8927.36 8902.65 8881.74 8878.79 8883.8 8889.76 8886.93 8870.69 8855.3 8839.83 8823.86 8831.37 8843.51 8851.09 8841.81 8830.28 8821.38 8818.44 8819.01 8807.02 8783.26 8759.84 8735.96 8732.78 8729.01 8712.27 8696.83 8687.9 8709.65 8740.12 8756.13 8770.5 8783.63 8775.41 8767.36 8768.76 8771.08 8770.54 8766.71 8772.67 8771.11 8760.72 8757.58 8756.14 8759.01 8763.5 8757.76 8745.01 8727.06 8703.49
9067.14 9060.55 9051.79 9053 9057.26 9065.45 9068.39 9062.33 9055.73 9061.03 9072.61 9077.85 9057.73 9023.1 8980.85 8941.9 8924.87 8919.03 8891.97 8869.13 8864.63 8874.14 8877.04 8864.42 8849.15 8834.53 8823.42 8813.8 8817.92 8827.99 8835.32 8823.66 8813.87 8805.12 8796.95 8786.05 8778.93 8768.62 8756.01 8743.92 8735.8 8726.26 8717.76 8708.87 8686.35 8694.61 8711.3 8728.25 8745.45 8757.69 8756.15 8758.36 8762.56 8766.66 8769.87 8772.54 8768.05 8759.77 8756.51 8755.64 8756.84 8759.42 8759.94 8755.53 8747.31 8735.43 8719.03
9041.53 9041.65 9041.11 9051.38 9058.33 9062.18 9060.2 9052.63 9040.71 9032.37 9036.21 9041.52 9047.48 9009.39 8965.21 8921.16 8902.1 8898.4 8876.38 8858.58 8851.18 8853.89 8849.23 8844.35 8838.35 8827.95 8815.61 8807.25 8807.68 8811.32 8807.35 8798.42 8796.17 8789.9 8782.32 8777.91 8771.78 8763.82 8754.73 8749.9 8743.55 8728.08 8717.34 8702.93 8688.69 8684.77 8689.13 8701.1 8714.4 8726.52 8739.45 8753.2 8758.02 8762.65 8768.86 8777.37 8767.73 8757.05 8751.88 8754.44 8759.21 8762.61 8757.72 8754.73 8749.87 8743.12 8733.44
9035.08 9033.72 9032.26 9045.73 9058.01 9059.87 9055.32 9049.47 9034.18 9015.03 9011.84 9012.27 9018.94 8994.32 8956.02 8909.48 8870.09 8867.68 8853.82 8838.76 8828.86 8828.26 8825.35 8827.7 8833.05 8825.36 8810.84 8800.69 8800.29 8800.42 8796.19 8787.02 8785 8780.12 8774.19 8772.43 8769.61 8761.24 8748.61 8735.35 8722.07 8715.69 8710.55 8702.38 8681.31 8665.93 8666.14 8677.21 8693.12 8713.71 8726.55 8743.04 8750.29 8755.97 8760.99 8761.59 8760.95 8754.32 8749.62 8753.08 8758.8 8761.35 8755.44 8753.17 8750.4 8745.59 8736.51
9031.8 9028.46 9024.82 9037.01 9052.01 9053.25 9046.7 9037.8 9025.16 9011.67 9000.04 8999.57 8997.71 8982 8956.86 8921.41 8867.92 8845.49 8835.64 8824.34 8814.64 8810.07 8805.33 8814.81 8828.98 8823.67 8810.17 8798.77 8798.2 8796.49 8793.68 8788.9 8780.07 8773.65 8769.8 8768.31 8765.05 8756.19 8741.89 8722.14 8703.89 8702.82 8701.84 8697.71 8682.13 8660.08 8652.54 8657.54 8667.23 8691.03 8710.1 8728.14 8738.79 8746.86 8752.56 8755.76 8757.62 8750.82 8747.27 8751.63 8757.15 8759.73 8753.41 8751.89 8749.27 8744.25 8733.39
9025.31 9023.3 9024.95 9030.5 9037.07 9037.25 9033.53 9028.3 9012.66 8995.01 8984.72 8977.44 8974.97 8971.22 8963.82 8947.37 8887.08 8840.53 8827 8818.98 8812.73 8803.29 8795.51 8803.58 8817.46 8818.27 8815.19 8808.48 8799.52 8794.06 8790.41 8784.89 8776.07 8767.31 8760.9 8762.22 8762.98 8759.78 8739.07 8718.56 8698.94 8696.34 8694.44 8690.56 8676.47 8657.24 8646.27 8645.7 8647.14 8666.25 8690.62 8710.85 8724.82 8734.93 8743.47 8751.93 8756.03 8748.07 8745.92 8750.09 8754.67 8755.91 8753.53 8750.67 8747.02 8741.37 8731.11
9020.55 9016.71 9026.39 9025.12 9023.4 9021.71 9016.3 9009.52 8990.51 8974.11 8970.5 8965.57 8960.15 8964.7 8969.26 8959.68 8898.56 8844.3 8825.8 8817.02 8810.39 8800.68 8794.69 8792.14 8801.49 8807.84 8810.02 8806.52 8798.12 8790.65 8783.33 8778.92 8771.89 8760.96 8753.42 8757 8758.07 8748.06 8737.03 8722.88 8705.55 8697.73 8688.51 8679.57 8669.31 8655.87 8646.75 8643.76 8644.75 8650.74 8674.24 8696.16 8711.23 8722.17 8731.08 8740.71 8749.69 8744.15 8743.08 8747.19 8752.49 8755.91 8753.42 8749.64 8744.7 8737.87 8727.2
9019.01 9014.58 9018.09 9024.62 9024.08 9005.71 9002.84 8992.67 8975.82 8965.24 8963.22 8961.18 8957.21 8962.17 8972.59 8963.6 8901.06 8849.39 8831.02 8817.74 8804.6 8796.68 8785.11 8780.48 8785.45 8795.06 8801.23 8799.74 8793.38 8785.46 8776.83 8773.99 8766.92 8754.79 8744.5 8750.16 8752.2 8744.68 8736.62 8727.99 8720.46 8701.78 8684.39 8669.39 8663.88 8655.3 8649.3 8645.22 8644.57 8643.99 8664.77 8686.78 8699.83 8709.52 8715.88 8718.02 8715.23 8727.53 8734.65 8741.53 8749.82 8755.19 8752.98 8748.11 8742.07 8734.63 8725.32
9015.73 9005 9009.56 9028 9029.21 9014.58 8999.3 8986.73 8970.48 8965.53 8960.82 8959.95 8957.65 8957.99 8968.93 8967.54 8890.09 8860.95 8839.97 8822.42 8809.54 8797.56 8787.98 8775.88 8773.71 8784.75 8793.77 8792.49 8786.78 8779.84 8772.37 8764.27 8756.87 8750.53 8746.63 8745.21 8744.05 8740.16 8732.54 8726 8714.5 8697.05 8682.46 8667.52 8659.32 8653.39 8648.7 8645.58 8644.09 8647.42 8661.79 8679.8 8689.81 8697.86 8703.26 8703.64 8700.13 8713.46 8722.9 8732.95 8744.29 8753.98 8751.72 8745.75 8738.78 8731.57 8725.16
9009.77 9001.1 9006.71 9021.34 9012.73 8998.71 8995.14 8990.17 8985.59 8967.46 8957.19 8951.55 8949.7 8949.13 8936.94 8922.18 8870.9 8867.31 8846.95 8827.47 8810.14 8799.62 8789.19 8775.81 8771.05 8776.9 8782.48 8782.66 8778.86 8774.3 8768.95 8761.06 8748.98 8746.35 8743.69 8739.34 8734.5 8724.79 8715.3 8708.78 8698.44 8690.48 8685.89 8672.21 8659.62 8652.8 8648.27 8646.4 8645.76 8643.92 8656.41 8669.47 8678.8 8687.47 8695.09 8701.87 8703.56 8702.23 8711.13 8721.78 8732.46 8741.94 8746 8741.9 8734.28 8726.27 8722.02
9004.53 9001.2 9004.58 9017.38 9016.03 9009.47 9001.9 8993.37 8985.15 8962.15 8950.49 8937.62 8926.94 8922.72 8887.36 8853.98 8859.42 8862.33 8845.34 8828.33 8815.67 8808.72 8799.05 8787.23 8770.73 8769.47 8772.05 8771.29 8769.96 8768.17 8765.71 8760.12 8749.86 8745.14 8741.16 8735.63 8726.31 8715.87 8702.06 8692.54 8687.22 8688.5 8693.29 8692 8666.02 8654.04 8647.45 8645.17 8642.1 8636.29 8638.28 8654.3 8666.21 8676.36 8687.29 8698.24 8709.8 8696.01 8702.26 8711.33 8720.07 8730.53 8740.33 8737.36 8728.95 8718.15 8714.1
9012.65 9017.4 9036.33 9036.4 9029.73 9021.17 9007.79 8992.62 8973.34 8956.33 8948.97 8934.36 8916.1 8891.46 8858.29 8837.5 8842.01 8840.82 8833.28 8822.82 8814.33 8805.55 8796.62 8782.07 8766.62 8759.4 8757.04 8758.41 8760.6 8762 8762.57 8761.47 8753.96 8749.54 8744.27 8739.5 8734.11 8720.83 8709.15 8686.24 8679.67 8681.48 8687.4 8684.27 8666.23 8654.38 8647.71 8643.82 8637.33 8629.68 8628.67 8640.61 8653.7 8666.19 8677.93 8687.18 8693.56 8690.15 8694.61 8703.11 8712.01 8723.64 8735.35 8733.24 8725.14 8715.33 8710.37
9039.72 9045.31 9056.49 9052.88 9047.16 9032.96 9014.05 8993.3 8975.05 8966.85 8953.44 8937.78 8926.84 8879.1 8841.81 8829.39 8822.6 8812.49 8812.82 8811.49 8809.24 8804.76 8793.44 8778.35 8764.83 8750.54 8742.67 8746.5 8751.52 8756.52 8760.16 8761.44 8763.57 8758.76 8751.95 8744.51 8734.21 8722.9 8703.43 8685.95 8677.53 8674.9 8678.44 8674.13 8660.75 8652.74 8649.41 8644.53 8635.5 8626.79 8622.58 8630.77 8644.19 8657.55 8669.07 8676.62 8676.2 8678.85 8689.27 8698.39 8707.19 8719.09 8729.03 8730.05 8722.69 8713.13 8708.5
9066.87 9073.48 9063.22 9062.9 9060 9047.18 9024.14 8991.33 8970.62 8966.21 8950.72 8926.58 8894.45 8857.89 8834.46 8822.08 8811.12 8797.88 8799.06 8802.18 8802.57 8802.27 8795.13 8783.11 8766.01 8745.78 8736.07 8738.68 8745.45 8752.51 8759.42 8765.58 8772.8 8767.05 8758.85 8750.61 8741.85 8731.48 8721.15 8700.1 8682.23 8672.65 8671.96 8667.29 8657.02 8651.26 8650.68 8644.81 8631.02 8621.21 8617.61 8623.98 8636.99 8651.12 8663.23 8670.05 8669.37 8677.9 8690.05 8698.92 8702.7 8715.71 8729.5 8727.31 8719.21 8711.89 8706.7
9079.97 9080 9072.82 9067.43 9061.43 9045.53 9017.37 8979.09 8955.94 8949.06 8936.98 8913.62 8884.02 8853.63 8833.07 8822.56 8810.99 8801.93 8798.29 8796.6 8796.15 8799.55 8795.1 8784.08 8765.84 8739.85 8729.48 8733.78 8740.82 8748.89 8758.12 8769.81 8777.71 8773.43 8764.06 8754.77 8746.35 8736.31 8723.78 8703.85 8683.73 8669.67 8665.41 8661.97 8655.65 8650.83 8647.2 8636.69 8620.78 8613.79 8610.81 8618.83 8632.46 8647.16 8660.94 8671.17 8669.59 8684.6 8695.53 8707.53 8714.46 8719.41 8719.66 8716.17 8712.37 8705.91 8702.57
9089.96 9088.34 9083.45 9065.71 9046.93 9027.45 9005.03 8970.02 8945.25 8936.88 8924.49 8902.44 8875.1 8839.43 8825.77 8827.44 8811.83 8803.8 8798.91 8794.97 8790.91 8790.47 8796.88 8788.9 8768.08 8738.18 8729.51 8734.01 8739.79 8746.41 8754.37 8762.97 8770.15 8769.07 8763.96 8754.79 8744.66 8732.23 8716.15 8697.79 8682.48 8668.02 8662.99 8661.52 8658.37 8654.44 8647.64 8637.88 8617.14 8610.15 8608.97 8615.75 8629 8643.9 8658.11 8667.77 8666.46 8680.51 8697.34 8716.97 8736.16 8725.82 8715.33 8707.06 8702.47 8699.86 8695.69
9099.65 9099.06 9081.46 9056.27 9032.63 9013.42 9004.3 8983.88 8958.2 8935.86 8923.46 8896.78 8859.98 8827.1 8814.03 8808.93 8805.02 8801.7 8799.03 8793.43 8792.92 8796.56 8805.54 8798.7 8773.32 8753.5 8741.44 8739.31 8741.32 8744.58 8749.41 8754.74 8761.31 8770.81 8762.88 8751.29 8737.83 8721.81 8707.81 8694.86 8684.59 8674.36 8667.62 8665.16 8664.44 8662.88 8649.97 8630.79 8614.05 8608.29 8608.64 8614.63 8626.19 8640.97 8654.99 8661.31 8662.53 8672.12 8693.24 8717 8731.72 8723.98 8709.29 8696.83 8692.63 8685.54 8687.71
9088.93 9089.35 9067.25 9044.59 9024.91 9010.37 9008.6 9005.96 8972 8941.21 8933.15 8898.96 8860.83 8829.6 8813.63 8804.23 8798.7 8790.47 8786.39 8789.19 8792.52 8802.39 8813.14 8800.47 8774.43 8762.54 8751.86 8745.33 8743.1 8743.12 8744.58 8748.27 8758.46 8769.57 8758.7 8746.08 8732.75 8717.92 8702.56 8694.98 8691.6 8684.39 8675.75 8669.34 8664.36 8658.96 8652.21 8639.24 8622.26 8615.92 8610.45 8610.73 8624.35 8638.37 8654.75 8663.64 8654.62 8665.71 8684.77 8707.16 8723.48 8715.61 8705.34 8697.76 8693.41 8689.79 8684.3
9083.1 9077.35 9056.5 9035.38 9022.57 9015.4 9011.84 8998.71 8969.94 8936.38 8927.02 8898.5 8870.39 8848.78 8826.24 8811.75 8798.57 8785.98 8780.68 8784.91 8791.22 8798.52 8807.68 8798.33 8780.29 8768.54 8757.75 8749.33 8743.6 8739.84 8738.05 8737.92 8741.23 8753.11 8747.58 8738.22 8728.62 8724.2 8714.34 8710.81 8699.97 8693.21 8682.74 8673.28 8665.01 8655.61 8655.53 8647.18 8637.55 8633.92 8624.46 8621.89 8624.79 8631.81 8644.75 8660.65 8661.99 8664.28 8675.79 8688.76 8698.15 8702.72 8700.67 8696.2 8691.77 8686.09 8682.17
9070.5 9067.43 9046.49 9029.63 9023.29 9020.3 9013.79 9002.64 8968.16 8927.93 8910.05 8892.96 8872.1 8857.75 8844.48 8821.36 8801.79 8786.81 8776.64 8782.17 8788.02 8790.91 8792.93 8796.55 8787.89 8773.2 8761.74 8751.52 8742.75 8736 8731.08 8728.53 8729.13 8733.56 8734.02 8727.96 8718.86 8708.3 8704.77 8701.73 8698.49 8695.37 8686.22 8680.35 8671.23 8661.39 8662.63 8654.75 8643.99 8642.17 8634.37 8630.11 8624.27 8621.43 8621.42 8643.97 8666.98 8664.22 8670.48 8678.77 8686.44 8692.83 8694.22 8695.65 8692.62 8687.58 8680.6
9070.99 9076.04 9051.31 9032.89 9028.9 9023.22 9020.94 9009.73 8971.49 8930.82 8908.21 8892.17 8867.68 8846.21 8843.55 8819.83 8801.71 8789.2 8785.33 8779.81 8779.84 8778.52 8786.73 8790.38 8797.73 8778.28 8763.5 8750.77 8740.15 8730.88 8723.86 8718.73 8716.69 8722.53 8723.52 8718.47 8709.43 8697.89 8687.76 8689.38 8694.41 8700.25 8701.14 8689.53 8680.51 8675.71 8669.34 8657.05 8643.91 8636.7 8634.31 8628.8 8620.77 8613.1 8606.92 8620.56 8644 8656.36 8667.64 8677.43 8684.23 8687.93 8687.67 8684.9 8691.61 8688.34 8678.67
9084.08 9087.93 9068.07 9048.06 9040.12 9037.16 9022.63 8999.79 8974.85 8948.88 8926.95 8900.66 8868.86 8839.71 8819.66 8809.47 8799.01 8787.01 8775 8768.22 8758.46 8761.91 8758.92 8769.92 8776.37 8774.86 8759.74 8745.75 8734.97 8724.91 8716.96 8710.8 8706.91 8715.42 8716.2 8711.88 8704.42 8694.66 8682.33 8685.24 8690.94 8699.69 8697.2 8691.92 8685.69 8680.19 8674.99 8667.25 8652.58 8642.84 8635.3 8627.41 8619.33 8610.43 8603.49 8603.89 8624.94 8649.27 8669.88 8687.45 8688.57 8685.61 8682.85 8681.4 8687.5 8683.79 8674.22
9097.33 9102.78 9083.02 9064.18 9045.91 9031.47 9015.33 8992.49 8975.24 8965.75 8953.42 8911.3 8877.74 8848.55 8819.34 8810.23 8800.33 8785.06 8771.31 8764.65 8762.37 8758.95 8751.45 8751.45 8756.73 8757.39 8748.85 8737.5 8727.27 8718.25 8709.85 8703.3 8701.53 8707.19 8710.22 8708.13 8703.85 8697.5 8693.8 8689.12 8690.31 8694.81 8694.25 8690.97 8686.82 8682.18 8676.89 8669.96 8659.51 8647.59 8638.68 8630.69 8621.29 8611.17 8604.63 8602.11 8619.63 8647.31 8672.51 8687.59 8685.63 8680.25 8677.07 8675.26 8676.33 8673.72 8666.57
9122.94 9102.46 9076.26 9065.29 9034.38 9015.46 9006.69 8979.86 8965.24 8962.16 8946.73 8918.93 8888.08 8857.76 8842.14 8829.33 8807.33 8788.3 8771.05 8761.02 8756.86 8753.24 8744.8 8738.4 8737.88 8738.6 8734.21 8727.14 8719.41 8710.89 8702.58 8695.22 8691.47 8698.46 8704.23 8704.52 8705.15 8704.25 8699.84 8692.42 8690.55 8690.49 8690.81 8688.88 8685.69 8681.01 8673.94 8664.7 8659.17 8650.27 8639.64 8632.33 8622.89 8612.34 8604.75 8601.13 8617.83 8642.54 8665.54 8671.47 8671.18 8669 8669.23 8670.4 8667.39 8664.52 8658.26
9100.05 9042.59 9019.04 9015.51 8986.26 8967.82 8964.96 8942.13 8937.42 8951.19 8957.2 8930.33 8898.44 8870.67 8850.88 8832.94 8813.44 8795.87 8774.74 8755.65 8751.62 8756.76 8742.45 8727.81 8721.74 8722.06 8722.92 8719.37 8712.97 8705.02 8697.29 8689.1 8682.73 8684.63 8691 8698.2 8704.73 8709.88 8701.86 8689.06 8681.34 8679.97 8687.48 8688.6 8683.49 8677.7 8670.88 8662.77 8656.31 8645.7 8635.3 8626.29 8618 8611.98 8606.62 8602.97 8614 8631.93 8646.18 8645.02 8649.81 8653.1 8656.75 8662.09 8665.74 8654.31 8647.88
8987.53 8927.9 8933.15 8918.58 8917.54 8903.73 8876.45 8876.43 8900.46 8934.84 8964.94 8938.24 8903.49 8871.07 8852.77 8828.27 8817.71 8809.03 8803.43 8796.12 8776.5 8773.62 8748.83 8727.24 8725.25 8723.41 8717.79 8713.07 8708.19 8700.99 8693.43 8685.89 8681.35 8680.54 8681.61 8691.87 8701.83 8708.17 8696.61 8683.55 8677.46 8677.17 8683.97 8684.82 8679.06 8672.1 8662.15 8654.53 8645.67 8636.1 8628.28 8620.32 8613.72 8607.95 8603.86 8596.34 8606.62 8619.68 8628.14 8621.8 8631.41 8637.29 8641.28 8643.84 8643.81 8640.51 8636.04
8889.34 8891 8896.66 8891.26 8890.95 8878.13 8860.75 8861.1 8877.45 8902.23 8933.26 8935.73 8902.69 8870.87 8839.85 8825.52 8822.82 8820.55 8823.64 8828.28 8810.53 8791.3 8755.27 8726.57 8726.29 8715.72 8715.12 8714.53 8709.28 8700.94 8691.73 8682.96 8677.22 8674.96 8676.5 8686.47 8697.7 8703.11 8684.37 8678.54 8672.61 8672.48 8676.07 8676.62 8672.95 8666.3 8656.66 8647.68 8638.08 8630.04 8622.21 8612.03 8601.71 8599.32 8595.47 8594.53 8600.42 8610.43 8615.46 8617.13 8622.73 8625.74 8626.97 8627.85 8631.23 8627.98 8624.68
8947.17 8911.55 8901.95 8908.36 8896.39 8880.3 8863.91 8861.86 8861.53 8859.23 8847.45 8889.66 8892.35 8870.93 8845.21 8837.45 8827.64 8824.21 8825.11 8826.04 8821.54 8812.71 8768.68 8737.5 8726.43 8712.64 8720.81 8720.41 8713.56 8704.3 8693.27 8681.91 8675.33 8675.04 8670.46 8681.04 8693.66 8701.02 8692.36 8682.29 8675.25 8673.14 8673.49 8672.09 8668.36 8661.36 8650.87 8641.5 8635.99 8629.5 8619.79 8608.27 8597.3 8593.32 8588.4 8587.47 8595.49 8606.24 8619.52 8622.33 8620.89 8620.43 8618.16 8610.86 8611 8613.2 8616.3
8913.96 8914.48 8900.4 8890.84 8884.28 8878.02 8869.92 8864.82 8855.93 8833.95 8805.23 8842.53 8870.19 8868.51 8841.33 8829.31 8824.52 8822.53 8821.12 8815.72 8809.49 8790.32 8773.41 8748.76 8745.54 8747.56 8746.53 8734.64 8721.95 8709.44 8697.4 8686.88 8678.4 8674.08 8668.55 8676.13 8689.84 8702.89 8697.56 8687.23 8677.55 8673.79 8675.63 8676.4 8665.23 8652.3 8643.12 8640.4 8639.53 8631.53 8619.66 8608.44 8599.93 8590.46 8582.42 8583.08 8591.96 8603.56 8614.41 8614.79 8620.83 8624.3 8621.91 8610.88 8601.72 8608.68 8615.47
