real_craters/C118-300m.grd
DSAA
245 245
-36.645 36.645
-36.645 36.645
7723.9659904072 9430.0017306004
[rows 180 to 209 of 245, columns 67 to 133 of 245]
8975.18 8943.58 8982.22 9026.99 9078.84 9144.59 9194.7 9160.34 9120.52 9088.32 9059.46 9039.35 9021.22 9007.7 8997.31 8986.45 8978.15 8973.8 8966.79 8961.75 8958.85 8956.43 8951.98 8946.08 8937.77 8940.83 8948.71 8934.79 8889.36 8881.65 8878.34 8878.03 8877.57 8877.51 8878.47 8878.65 8879.83 8880.93 8879.19 8878.2 8876.86 8874.11 8873.74 8873.31 8871 8869.03 8865.5 8859.85 8854.24 8833.91 8837.28 8847.8 8850.44 8852.13 8856.89 8851.46 8844.28 8833.48 8818.25 8808.08 8806.29 8804.23 8796.55 8791.56 8795.99 8796.41 8791.1
8882.02 8866.48 8912.88 8964.95 9018.14 9079.44 9127.32 9123.33 9108.92 9094.91 9077.85 9053.93 9037.07 9020.75 9012.76 8997.72 8987.04 8975.68 8967.61 8960.98 8956.07 8950.85 8946.06 8939.57 8940.35 8941.14 8941.23 8893.15 8849.21 8861.07 8867.52 8871.54 8873.02 8873.09 8874.26 8875.65 8878.04 8879.88 8878.84 8876.42 8874.43 8873.51 8873.08 8873.87 8872.91 8873.51 8869.09 8861.23 8848.71 8846.08 8862.58 8862.54 8861.02 8863.33 8866.73 8862.05 8852.19 8837.62 8815.38 8800.34 8803.78 8806.9 8801.88 8796.16 8793.58 8788.22 8781.15
8846.09 8848.8 8875.15 8908.71 8942.27 8976.68 9019.86 9059.69 9083.7 9093.06 9090.47 9067.65 9051.18 9035.21 9028.18 9010.73 8997.06 8976.53 8966.53 8958.68 8953.73 8951.48 8946.72 8943.59 8940.19 8942.15 8950.49 8907.15 8863.76 8863.86 8866.67 8870.15 8869.78 8870.21 8870.94 8872.35 8874.56 8875.71 8876.95 8876.07 8875.06 8874.97 8875.42 8878.17 8878.7 8877.81 8875.12 8871.69 8867.81 8880.68 8874.8 8869.26 8868.04 8871.12 8874.43 8872.56 8865.6 8855.74 8845.49 8838.18 8832.59 8826.41 8819.01 8810.9 8802.06 8790.38 8775.81
8839.38 8847.59 8855.83 8866.3 8875.11 8881.42 8929.79 9005.47 9063.78 9096.32 9089.36 9078.37 9067.19 9051.03 9039.92 9021.87 9005.6 8975.81 8963.81 8954.29 8947.87 8946.53 8943.06 8945.2 8943.07 8943.22 8947.37 8939.09 8899.33 8879.67 8872.71 8871.18 8869.41 8868.75 8868.66 8869 8871.37 8873.81 8873.51 8873.48 8875.39 8879.66 8881.46 8884.12 8884.79 8882.79 8884.3 8886.01 8893.05 8895.93 8877.91 8868.08 8871.12 8877.34 8882.91 8884.51 8881.48 8877.25 8875.95 8880.22 8866.72 8851.19 8840.49 8831.46 8817.86 8800.65 8780.55
8841.55 8846.83 8845.31 8840.63 8835.75 8836.32 8890.75 8981.1 9061.84 9122.45 9126.11 9097.82 9084.46 9068.2 9048.92 9030.23 9010.02 8976.01 8961.64 8948.14 8935.63 8923.73 8926.86 8938.49 8939.19 8934.58 8925.16 8922.88 8907.55 8889.84 8879.62 8872.97 8870.25 8868.21 8866.13 8865.21 8864.84 8867.01 8869.07 8873.97 8878.56 8882.33 8885.65 8886.84 8888.99 8890.76 8893.16 8895.57 8900.49 8900.99 8877.6 8866.4 8873.88 8883.3 8892.34 8897.09 8895.97 8894.69 8893.67 8896.97 8884.23 8869.59 8858.74 8850.61 8834.77 8816.67 8798.33
8845.3 8848.54 8842.09 8830.32 8823.23 8832.59 8890.22 8978.77 9068.95 9145.95 9154.8 9121.03 9099.28 9079.61 9056.05 9036.1 9014.09 8976.08 8960.31 8943.28 8926.77 8911.6 8911.29 8917.54 8919.39 8915.51 8912.94 8907.53 8900.89 8889.96 8881.13 8876.75 8872.4 8868.6 8865.2 8862.3 8860.51 8862.67 8868.51 8875.02 8879.11 8884.16 8888.72 8890.79 8895.25 8898.17 8901.1 8902.34 8903.03 8900.39 8883.16 8873.22 8879.76 8889.19 8898.88 8905.65 8904.86 8906.37 8906.91 8897.22 8889.7 8879.47 8869.34 8859.04 8846.69 8832.71 8816.07
8848.18 8850.47 8843.08 8829.76 8824.34 8840.1 8899.47 8983.81 9072.15 9147.2 9146.15 9123.82 9104.65 9082.24 9059.33 9038.74 9019.2 8980.23 8962.3 8942.79 8925.57 8910.78 8903.07 8900.47 8900.93 8902.24 8901.82 8900.42 8895.96 8890.13 8884.71 8879.64 8873.51 8870.95 8867.71 8863.17 8859.95 8863.04 8869.92 8876.27 8881.37 8887.18 8892.31 8896.8 8901.42 8905.19 8908.39 8910.33 8910.11 8902.9 8891.81 8884.03 8888.02 8894.03 8899.73 8903.47 8905.92 8908.66 8909.43 8899.81 8892.43 8884.16 8875.61 8867.12 8858.38 8847.52 8833.22
8849.89 8850.72 8843.98 8833.14 8829.96 8849.19 8908.96 8987.44 9066.63 9130.1 9127.69 9117.53 9101.32 9078.61 9059 9038.37 9017.43 8978.62 8961.42 8944.46 8929.37 8912.53 8900.94 8896 8891.31 8889.17 8890.27 8890.26 8893.76 8893.37 8891.73 8886.16 8882.66 8877.63 8873.59 8867.66 8862.72 8866.35 8873.2 8879.77 8887.36 8893.15 8898.55 8902.62 8907.6 8911.94 8915.52 8916.03 8914.69 8909.81 8902.69 8898.35 8897.13 8898.69 8900.3 8898.68 8903.2 8903.55 8903.27 8900.79 8891.54 8884.21 8878.33 8873.62 8867.97 8859.96 8851.94
8852.37 8853.66 8849.57 8839.61 8837.13 8858.41 8918.46 8991.36 9060.31 9108.26 9112.15 9109.86 9097.43 9075.86 9056.41 9032.48 9011.59 8972.65 8959.57 8945.76 8932.41 8919.53 8907.28 8897.78 8892.12 8888.99 8885.99 8887.09 8893.07 8899.3 8900.04 8896.74 8893.79 8888.37 8882.64 8877.43 8873.66 8875.49 8880.9 8886.61 8892.33 8897.7 8903.63 8908.92 8914.24 8919.29 8923.21 8926.59 8924.18 8916.86 8910.63 8906.84 8903.76 8903 8903.84 8905.36 8901.69 8896.33 8892.72 8890.09 8883.91 8879.19 8875.5 8871.69 8868.21 8866.43 8861.25
8857.03 8859.14 8857.2 8847.6 8846.93 8872 8930.56 8999.87 9063.05 9104.18 9109.13 9104.72 9092.84 9066.92 9047.58 9026.87 8986.12 8970.34 8956.34 8943.52 8933.96 8927.52 8916.2 8906.04 8900.21 8894.43 8889.98 8893.21 8898.95 8903.2 8903.64 8905.22 8903.55 8900.15 8895.15 8890.84 8888.12 8888.29 8891.02 8894.61 8898.98 8903.04 8907.92 8913.47 8917.68 8923.1 8927.89 8932.59 8926.33 8919.46 8914.31 8910.08 8906.92 8904.56 8904.06 8906.5 8895.49 8884.19 8876.48 8872.78 8872 8870.25 8868.84 8867.58 8867.25 8869.72 8865.99
8864.12 8864.97 8863.65 8854.88 8854.62 8883.92 8944.09 9013.15 9076.95 9115.61 9112.76 9105.29 9091.93 9066.53 9046.55 9029.41 9009.26 8970.8 8956.87 8944.91 8939.83 8938.39 8932.36 8922.14 8904.72 8903.65 8901.97 8906.43 8909.94 8912.58 8911.07 8911.13 8910.51 8909.38 8908.19 8904.85 8901.31 8901.83 8902.89 8904.16 8906.81 8909.49 8912.48 8916.27 8919.37 8924.28 8926.97 8927.26 8922.03 8918.17 8914.45 8911.46 8906.82 8902.14 8897.85 8890.95 8880.37 8866.76 8860.41 8860.1 8859.78 8859.05 8859.05 8861.65 8866.98 8867.46 8861.04
8873.16 8872.36 8869.5 8862.02 8864.58 8897.19 8958.04 9026.71 9094.96 9144.92 9119.07 9103.23 9081.49 9059.24 9040.57 9021.28 8980.7 8966.46 8953.87 8945.91 8942.59 8948.35 8967.16 8948.55 8923.9 8917.79 8923.2 8924.48 8922.56 8921.62 8920.02 8919.93 8919.82 8920.15 8920.91 8921.42 8919.24 8916.37 8914.27 8913.6 8913.57 8914.73 8916.48 8917.81 8920.84 8924.4 8925.13 8921.86 8919.17 8916.29 8912.14 8907.48 8902.33 8897.24 8890.8 8881.08 8870.91 8859.01 8849.15 8849.15 8848.9 8847.17 8845.32 8845.17 8848.53 8845.41 8835.83
8888.76 8883.74 8879.06 8870.02 8873.15 8912.17 8971.95 9035.05 9094.41 9114.51 9108.01 9094.25 9073.03 9057.25 9005.54 8989.78 8975.07 8961.57 8949.59 8938.62 8931.75 8932.81 8945.26 8949.06 8957.14 8949.34 8949.99 8941.87 8934.62 8930.49 8927.16 8927.33 8928.25 8930.46 8933.67 8936.93 8935.66 8929.05 8923.96 8920.6 8918.74 8918.16 8918.37 8918.43 8920.43 8923.84 8924.78 8925.25 8920.81 8914.78 8909.2 8902.59 8896.88 8892.75 8885.74 8878.18 8870.67 8862.5 8851.46 8845.22 8840.73 8835.48 8829.12 8820.02 8807.95 8800.22 8794.06
8916.24 8903.25 8883.62 8881.41 8896.58 8938.47 8988.69 9036.77 9090.06 9110.64 9084.69 9071.6 9054.08 9043.14 8996.59 8982.36 8968.69 8955.3 8942.85 8929.19 8915.38 8896.92 8871.05 8920.76 8976.06 8962.87 8956.63 8948.86 8940.97 8935.66 8932.25 8932.57 8933.59 8937.32 8941.1 8944.6 8942.87 8936.28 8929.77 8924.59 8920.36 8918.84 8918.16 8917.98 8918.72 8921.4 8922.33 8922.59 8918.79 8910.59 8905.98 8902.49 8897.89 8889.74 8880.32 8872.87 8866.67 8861.37 8853.98 8842.72 8834.22 8826.28 8816.15 8801.98 8780.51 8770.81 8768.74
8960.33 8945.09 8919.69 8931.41 8964.82 8991.39 9012.73 9029.63 9043.07 9046.13 9047.25 9040.42 9028.83 9024.33 8987.61 8975.95 8964.2 8951.37 8939.66 8925.8 8910.51 8890.09 8866.68 8920.72 8975.06 8959.21 8949.64 8947.76 8943.14 8936.77 8934.37 8934.83 8935.44 8939.71 8945.14 8948.9 8946.06 8938.85 8930.87 8925.11 8920.91 8918.31 8916.11 8915.29 8914.79 8915.96 8917.45 8911.11 8902.62 8900.75 8899.33 8900.46 8901.14 8883.58 8870.69 8862.75 8859.46 8849.3 8845.67 8835.12 8827.31 8819.45 8809.91 8798.3 8785.76 8775.91 8769.55
9018.35 9013.24 9013.22 9040.19 9070.8 9058.07 9041.63 9026.32 9004.12 8997.82 9010.65 9012.12 9003.16 8997.79 8979.76 8969.41 8959.12 8948.14 8937.53 8928.63 8918.64 8911.64 8918.35 8945.5 8961.31 8958.05 8948.76 8944.17 8939.95 8935.02 8933.25 8932.66 8933.43 8937.56 8944.93 8952.54 8946.35 8936.87 8928.3 8922.46 8918.02 8915.26 8912.87 8911.83 8909.45 8907.4 8900.68 8892.33 8888.97 8889.92 8888.68 8885.8 8882.39 8867.12 8856.34 8844.5 8829.85 8825.87 8823.18 8823.56 8820.66 8815.6 8809.09 8801.9 8794.83 8785.69 8780.63
9070.1 9080.19 9115.12 9162.43 9161.21 9105.76 9063.32 9033.45 9013.8 9000.88 8998.29 8995.47 8985.67 8982.01 8973.62 8965.07 8955.77 8946.54 8938.74 8931.75 8929.12 8931.98 8947.89 8956.26 8951.59 8955.16 8947.93 8940.35 8935.35 8930.24 8927.14 8925.24 8925.9 8928.63 8934.57 8941.1 8936.02 8928.31 8922.43 8917.72 8914.87 8912.14 8910.08 8908.88 8906.77 8900.46 8886.32 8880.72 8883.52 8883.39 8879.55 8869.33 8847.97 8850.3 8845.73 8832.81 8813.94 8810.34 8813.31 8816.62 8816.9 8814.47 8810.91 8807.1 8804.32 8799.96 8794.31
9097.2 9110.91 9148.01 9177.03 9147.14 9103.25 9064.64 9035.11 9017.69 9003.34 8992.07 8983.07 8970.34 8975.23 8968.05 8961 8952.98 8948.57 8941.61 8935.85 8930.78 8934.76 8942.74 8942 8939.4 8937.52 8938.39 8931.82 8926.05 8922.97 8919.97 8917.52 8916.25 8914.89 8914.68 8916.15 8916.35 8915.38 8913.5 8911.29 8909.13 8907.55 8906.13 8907.68 8905.66 8902.44 8897.48 8888.11 8885.4 8882.83 8877.82 8869.11 8857.62 8853.96 8848.25 8836.2 8820.27 8813.48 8815.37 8818.4 8818.56 8816.52 8814.32 8811.92 8810.12 8807.3 8803.54
9095.11 9100.01 9107.22 9096.58 9078.21 9069.78 9049.02 9026.37 9005.49 8996.03 8986.2 8973.92 8961.72 8970.06 8964.65 8958 8954.26 8945.44 8940.48 8936.77 8934.65 8935.76 8939.45 8932.34 8925.74 8922 8920.29 8917.62 8914.38 8911.84 8910.26 8907.83 8904.16 8899.37 8893.34 8890.65 8897.19 8901.31 8902.91 8903 8902.39 8901.57 8901.04 8901.07 8902.64 8905.56 8911.1 8900.44 8891.11 8885.9 8881.96 8878.49 8876.59 8870.45 8861 8850.36 8840.99 8832.67 8827.52 8825.96 8823.87 8822.08 8820.08 8817.16 8813.65 8806.25 8806.25
9076.54 9073.32 9062.17 9043.29 9041.42 9039.38 9029.87 9018.73 9006.8 8992.36 8979.14 8975.72 8969.14 8967.48 8960.57 8954.74 8949.54 8948.72 8944.74 8946.74 8942.93 8944.15 8938.08 8932.17 8917.13 8908.15 8904.96 8904.51 8903.95 8902.85 8900.68 8898.86 8894.88 8888.77 8880.22 8876.5 8884.29 8890.37 8893.84 8895.22 8895.55 8895.63 8895.18 8895.41 8896.64 8899.02 8902.8 8899.58 8891.96 8887.78 8886.25 8886.94 8889 8885.47 8875.63 8865.87 8857.26 8846.67 8840.17 8836.54 8832.91 8829.02 8825.51 8821.66 8817.66 8806.75 8808.31
9054.33 9048.42 9034.86 9017.71 9016.38 9017.6 9013.38 9008.16 9001.67 8991.24 8982.98 8977.48 8974.03 8967.69 8961.78 8956.77 8952.14 8953.15 8950.21 8950.76 8944.84 8936.58 8930.53 8924.28 8914.78 8907.67 8900.52 8896.43 8895.58 8895.05 8894.88 8892.94 8889.28 8884.09 8878.16 8876.01 8879.76 8883.8 8886.66 8888.02 8888.84 8888.63 8888.69 8888.22 8887.61 8886.51 8885.2 8886.01 8886.17 8885.5 8886.41 8889.82 8894.98 8894.82 8886.27 8877.69 8868.74 8855.92 8852.28 8848.28 8842.77 8837.29 8831.1 8826.59 8820.23 8811.75 8813.41
9037.94 9031.55 9021.18 9008.92 9005.93 9003.65 8999.6 8996.04 8990.99 8985.56 8981.41 8975.81 8971.26 8967.43 8964.05 8959.49 8955.05 8955.04 8950.19 8942.96 8938.82 8931.87 8923.22 8913.93 8909.95 8904.42 8894.35 8888.78 8888.94 8889.46 8889.45 8888.5 8886.48 8883.96 8881.1 8879.18 8880.03 8881.16 8882.14 8882.63 8883.41 8882.79 8882.09 8880.64 8878.57 8875.87 8874.19 8875.73 8878.52 8879.32 8881.09 8885.59 8892.3 8895.2 8889.95 8884.69 8880.76 8875.34 8865.25 8858.65 8849.67 8841.9 8836.33 8830.76 8824.83 8822.51 8821.76
9026.1 9020.61 9014.14 9008.81 9001.12 8995 8989.43 8984.28 8980.37 8980.01 8977.44 8974.84 8970.8 8965.99 8961.66 8957.4 8951.47 8945.96 8941.07 8936.06 8931.65 8926.62 8921 8912.57 8904.57 8897.36 8889.39 8884.35 8884.84 8886.08 8886.56 8886.36 8886.11 8886.43 8886.62 8883.82 8881.6 8880.33 8879.58 8878.95 8878.5 8877.31 8876 8874.03 8871.58 8867.68 8869.74 8873.32 8872.35 8871.58 8871.83 8874.34 8880.48 8888.75 8882.65 8883.37 8886.04 8882.72 8874.4 8864.8 8853.78 8843.61 8836.91 8832.74 8829.88 8831.98 8826.49
9018.37 9013.06 9007.22 9001.55 8994.12 8987.74 8981.56 8976.31 8973.71 8973.05 8971.61 8968.99 8965.74 8961.83 8956.92 8951.26 8945.85 8941.26 8936.33 8932.23 8927.24 8923.25 8919.99 8909.96 8898.71 8894.54 8890.3 8885.18 8884.02 8884.13 8884.64 8885.02 8885.7 8887.61 8888.69 8885.73 8881.48 8878.51 8876.49 8874.68 8873.05 8870.95 8869.54 8867.84 8866.54 8866.36 8870.03 8869.4 8865.65 8861.85 8858.43 8856.25 8855.54 8855.95 8860.38 8871.53 8885.5 8888.95 8879.25 8864.84 8850.32 8839.18 8831.2 8828.96 8832.4 8825.97 8812.65
9013.61 9005.9 8999.4 8994.08 8987.88 8982.99 8977.1 8970.93 8969.73 8969.45 8967.77 8965.43 8961.9 8958.96 8954.15 8949.03 8943.28 8936.94 8931.32 8925.92 8921.38 8917.19 8913.48 8903.86 8896.22 8897.26 8893.19 8887.65 8884.85 8883.53 8883.61 8883.95 8885.09 8886.67 8886.44 8884.16 8880.76 8877.53 8874.61 8872.06 8869.53 8867.51 8865.14 8863.42 8862.71 8863.76 8863.02 8860.9 8855.87 8849.21 8842.05 8834.23 8825.93 8818.6 8827.88 8846.96 8873.97 8887.69 8875.62 8857.02 8839.7 8826.92 8817.23 8811.78 8809.38 8795.99 8778.99
9010.92 9001.72 8992.22 8986.77 8985.68 8982.97 8978.03 8973.82 8970.91 8968.94 8966.41 8963.19 8959.65 8954.39 8949.26 8943.45 8937.7 8933.21 8926.95 8921.31 8914.2 8909.28 8904.79 8901.05 8900.52 8900.95 8898.55 8890.23 8885.28 8883.23 8883.25 8883.63 8884.13 8885.02 8884.64 8882.1 8879.13 8875.81 8872.65 8869.27 8866.07 8862.99 8860.09 8857.98 8857.36 8858.2 8856.65 8852.72 8845.36 8835.91 8825.62 8814.07 8801.5 8788.12 8795.17 8811.42 8835.01 8868.55 8856.42 8837.04 8821.55 8808.44 8796.7 8784.71 8773.91 8769.01 8763.04
9011.31 9001.77 8991.08 8988 8991.34 8986.98 8981.45 8978.59 8973.22 8969.22 8965.19 8961.33 8956.66 8951.28 8946.27 8940.57 8934.53 8928.35 8922.96 8916.31 8909.48 8902.25 8896.22 8896.32 8898.45 8898.69 8896.06 8888.86 8884.06 8882.24 8882.43 8882.75 8882.91 8882.27 8881.07 8879.44 8876.82 8873.48 8870.02 8866.34 8862.63 8858.63 8854.74 8851.47 8850.17 8853.8 8855.83 8846.37 8835.57 8824.16 8811.93 8798.93 8785.65 8775.26 8772.76 8777.55 8792.32 8810.14 8812.16 8807.38 8798.9 8788.68 8776.7 8762.14 8750.35 8749.06 8745.49
9012.72 9005.16 8997.25 8995.66 8997.89 8990.78 8982.96 8976.89 8973.42 8970.05 8965.79 8960.76 8955.68 8950.2 8944.41 8939.13 8932.97 8926.93 8920.35 8913.3 8906.35 8898.48 8892.97 8898.01 8898.11 8894.11 8886.94 8881.36 8880.22 8880.74 8881.32 8881.61 8881.98 8881.29 8879.52 8877.28 8874.75 8871.29 8867.54 8863.91 8860.09 8855.54 8850.5 8845.05 8839.97 8839.48 8845.74 8836.56 8825.74 8814.14 8801.73 8788.84 8775.99 8763.65 8757.1 8755.56 8762.14 8768.88 8772.88 8778.71 8777.07 8771.08 8762.09 8750.62 8742.79 8742.63 8742.04
9015 9011.04 9006.89 9002.9 8999.18 8991.5 8984.35 8980.41 8975.7 8970.97 8965.95 8960.44 8955.05 8949.33 8944.57 8937.74 8931.36 8925.71 8918.96 8912.18 8905.19 8899.52 8898.97 8903.14 8898.03 8891.8 8885.57 8881.25 8880.31 8881.13 8881.3 8880.97 8880.43 8880.09 8878.85 8875.14 8872.74 8869.7 8866.19 8862.88 8858.84 8854.24 8848.51 8840.88 8832.08 8824.49 8827.8 8825.06 8817.09 8806.98 8794.94 8783.17 8771.58 8762.13 8756.05 8751.97 8752.66 8752.15 8754.06 8760.89 8762.77 8759.8 8754.04 8747.08 8743.75 8745.83 8750.43
9016.72 9015.9 9014.64 9007.58 8998.69 8991.94 8985.89 8982.91 8977.02 8971.59 8965.88 8960.08 8954.31 8948.33 8943.38 8937.13 8930.81 8924.52 8917.9 8911.43 8905.57 8899.32 8898.71 8903.52 8896.73 8891.67 8891.62 8887.74 8884.9 8883.24 8881.35 8879.76 8878.39 8876.82 8874.92 8872.21 8869.98 8867.55 8865.02 8862.12 8858.12 8854.08 8848.5 8840.9 8832.36 8825.7 8821.85 8817.85 8810.47 8801.12 8790.62 8780.41 8770.67 8762.42 8757.09 8753.22 8752.09 8749.68 8749.96 8753.98 8755.8 8754.99 8752.12 8748.8 8748.51 8751.98 8756.81
