real_craters/C118-500m.grd
DSAA
148 148
-36.645 36.645
-36.645 36.645
7727.8558807785 9400.6165753937
[rows 90 to 119 of 148, columns 67 to 133 of 148]
8855.1 8797.08 8745.6 8702.14 8668.17 8627.21 8606.25 8579.1 8555.69 8550.32 8588.06 8636.16 8695.37 8769.53 8840.03 8895.69 8913.08 8997.5 9123.62 9190.38 9191.73 9176.92 9112.45 8989.55 8949.67 8916.64 8889.07 8867.6 8857.23 8853.65 8878.56 8905.33 8879.44 8835.4 8774.09 8738.62 8718.47 8709.19 8704.34 8720.36 8735.2 8736.26 8705.6 8694.61 8678.66 8659.46 8644.4 8636.17 8631.52 8637.22 8651.98 8663.92 8651.39 8647.99 8644.36 8627.39 8602.33 8579.12 8573.64 8568.27 8564.26 8560.37 8559.64 8558.06 8553.39 8543.96 8533.34
8972.2 8964 8903.52 8856.66 8835.46 8816.17 8790.12 8755.97 8740.66 8748.56 8787.37 8832.29 8893.46 8950.17 9018.06 9091.48 9114.17 9118.76 9172.63 9214.12 9183.02 9116.35 9025.8 8941.35 8932.83 8922.77 8908.8 8901.05 8876.1 8856.51 8870.77 8899.04 8866.83 8815.48 8764.38 8731.84 8712.49 8700.44 8700.47 8721.69 8741.25 8754.31 8745.62 8715.83 8687.84 8663.3 8646.96 8634.73 8632.39 8639.18 8649.07 8650.85 8652.41 8647.7 8635.89 8618.83 8601.94 8600.04 8587.38 8576.55 8566 8563.2 8563.62 8560.25 8554.92 8548.35 8540.46
9012.66 8969.53 8932.06 8936.74 8970.1 8959.94 8927.48 8906.83 8915.89 8949.57 8996.62 9051.42 9057.01 9089.08 9168.83 9182.18 9120.46 9158.21 9200.6 9205.35 9158.09 9067.56 8949.53 8933.41 8954.61 8935.26 8920.44 8904.6 8886.66 8868.39 8868.02 8874.46 8850.32 8793.89 8743.75 8720.93 8704.28 8693.51 8696.32 8725.81 8751.79 8768.2 8763.68 8734.61 8697.68 8663.51 8639.83 8633.76 8631.55 8640.67 8653.85 8662.06 8661.49 8650.5 8633.28 8621.81 8621.32 8612.16 8600.04 8587.77 8577.48 8572.07 8571.7 8573.55 8565.74 8555.71 8547.81
9034.34 8966.91 8944.5 8979.24 8968.82 8996.84 9004.37 9014.6 9051.07 9124 9164.14 9149.84 9098.51 9138.86 9199.74 9195.54 9153.77 9154.93 9182.71 9207.73 9150.98 9057.11 8972.37 8947.96 8949.25 8935.07 8924.03 8918.04 8897.47 8869.24 8861.25 8858.09 8850.78 8797.11 8739.66 8714.76 8700.05 8692.13 8696.28 8733.32 8759.6 8780.64 8782.41 8744.67 8702.35 8665.13 8640.69 8630.03 8629.72 8645.05 8667.85 8685.43 8674.95 8657.03 8641.43 8638 8638.64 8623.18 8612.84 8600.32 8585.3 8575.22 8577.44 8581.05 8571.07 8561.34 8555.63
9081.39 9058.39 9056.11 9078.74 9070.65 9045.22 9061.73 9078.07 9109.68 9160.99 9200.32 9154.52 9110.99 9122.79 9164 9149.09 9121.89 9119.59 9142.98 9159.48 9120.87 9046.27 9002.22 8963.93 8936.53 8920.6 8912.45 8910.69 8893.78 8854.73 8858.19 8871.19 8870.22 8822.64 8743.67 8709.56 8698.7 8700.22 8714.15 8736.69 8760.45 8780.07 8784.06 8740.55 8702.44 8666.9 8647.85 8639.31 8638.22 8655.17 8677.3 8686.46 8677.33 8661.49 8645.3 8639.97 8650.23 8641.27 8629.05 8614.65 8602.05 8595.63 8576.52 8569.99 8565.96 8563.01 8561.32
9125.98 9156.36 9201.06 9190.87 9226.66 9167.44 9112.69 9105.18 9113.41 9113.4 9099.29 9076.26 9026.4 9058.82 9092.22 9059.29 9037.53 9062.92 9083.02 9090.49 9026.17 9004.82 8975.05 8934.61 8901.92 8890.24 8887.2 8885.06 8868.14 8847.62 8857.34 8878.46 8860.18 8792.38 8720.42 8699.92 8696.06 8703.24 8718.24 8739.13 8755.21 8763.89 8757.66 8726.94 8700.42 8679.62 8667.54 8652.12 8660.44 8673.53 8682.24 8686.22 8679.93 8665.53 8650.72 8640.94 8652.88 8657.64 8646.41 8625.09 8604.35 8585.07 8568.54 8556.46 8561.02 8563.35 8564.07
9130.18 9160.11 9174.35 9178.86 9187.2 9134.6 9111.2 9101.33 9104.29 9124.03 9126.44 9037.69 8992.85 9006.5 9013.16 8981.63 8989.02 9016.2 9019.03 8974.49 8966.79 8974.84 8948.36 8907.2 8867.54 8860.68 8862.6 8857.83 8849.2 8838.34 8848.48 8854.75 8812.1 8745.98 8701.57 8690.61 8693.33 8702.16 8726.17 8743.57 8750.04 8745.96 8725.41 8709.06 8698.44 8693.62 8692.26 8666.63 8681.96 8695.5 8685.08 8681.48 8677.16 8669.94 8659.85 8654.88 8660.35 8668.99 8658.75 8631.67 8600.09 8569.64 8566.93 8567.17 8565.78 8566.52 8567.07
9092.35 9106.61 9105.23 9095.19 9053.44 9073.88 9073.18 9070.38 9070.77 9072.61 9062.11 9052.78 9004.38 8991.29 8976.26 8954.93 8971.2 8998.38 9005.91 9002.85 9003.71 8978.79 8953.96 8928.25 8852.41 8848.98 8856.28 8858.25 8853.23 8857.32 8836.66 8805.9 8752.04 8707.96 8685.94 8687.59 8696.53 8714.07 8744.74 8755.02 8751.53 8739.35 8718.51 8699.52 8695.08 8695.57 8698.1 8672.76 8691.62 8707.65 8692.29 8685.05 8687.04 8676.85 8671.89 8667.72 8673.1 8678.91 8668.33 8639.2 8603.12 8571.45 8569.65 8575.43 8572.35 8571.87 8571.79
9053.34 9060.75 9050.19 9047.02 9033.41 9036.77 9035.07 9032.55 9032.62 9032.98 9034.11 9023.53 9014.95 8994.24 8976.59 8971.36 9000.34 9012.67 9015.15 9022.13 9017.36 8976.39 8945.38 8916.68 8865.15 8857.72 8864.11 8874.02 8883.43 8869.67 8825.24 8771.7 8717.42 8692.27 8686.34 8696.86 8708.46 8724.83 8764.07 8769.7 8760.77 8744.82 8723.81 8706.3 8694.04 8691.96 8688.59 8669.92 8693.1 8716.19 8687.08 8682.69 8677.88 8680.24 8684.93 8694.27 8693.8 8694.81 8684.1 8650.08 8610.86 8576.35 8569.65 8574.77 8578.1 8578.91 8579.13
9011.35 9015.22 9015.26 9009.26 9000.15 9000.63 8994.07 8992.45 8990.07 8987.71 8988.7 8992.74 8992.59 8985.48 8981.82 9001.25 9014.66 9018.67 9016.19 9007.63 8975.99 8955.64 8930.81 8903.56 8894.2 8876.5 8870.05 8877.52 8894.1 8868.88 8804.27 8748.62 8715.96 8696.53 8701.43 8719.73 8733.79 8753.15 8781.74 8784.13 8773.5 8757.4 8736.8 8711.1 8693.81 8685.25 8686.13 8672.88 8692.97 8718.73 8705.01 8688.81 8678.59 8684.01 8691.12 8693.54 8702.85 8699.37 8689.17 8655.4 8618.78 8588.82 8580.53 8582.91 8585.4 8586.99 8587.82
8971.72 8968.07 8960.24 8952.1 8935.3 8934.9 8944.9 8947.86 8946.16 8942.41 8956.54 8968.56 8967.8 8965.74 8972.13 8998.25 9017.98 9019.32 9007.09 8995.14 8965.36 8944.68 8933.12 8910.31 8891.7 8874.24 8858.85 8849.89 8855.51 8814.69 8762.29 8716.3 8684.62 8694.19 8721.96 8746.52 8764.64 8783.77 8795.33 8798.76 8787.25 8771.27 8752.51 8729.42 8703.82 8682.48 8674.79 8678.78 8701.29 8729.51 8714.58 8700.79 8692.92 8694.22 8697.95 8698.83 8697.11 8693.48 8681.53 8655.98 8624.14 8599.21 8588.37 8590.69 8593.58 8595.41 8597.82
8939.32 8932.84 8918.63 8899.5 8888.61 8897.59 8909.59 8915.28 8917.37 8919.16 8933.97 8941.62 8937.66 8936.55 8944.82 8960.28 8979.69 8985.01 8981.99 8966.89 8942.8 8944.45 8942.82 8918.23 8894.48 8871.62 8830.65 8792.87 8750.14 8728.04 8710.95 8685.51 8667.65 8693.7 8730.2 8761.82 8786.43 8812.15 8830.02 8813.89 8798.62 8782.51 8765.75 8744.96 8717.69 8690.74 8677.84 8687.68 8714.68 8737.8 8718.47 8711.49 8709.32 8707.21 8704.04 8699.33 8683.51 8688.19 8682.56 8653.63 8621.47 8609.68 8629.73 8601.83 8597.49 8603.68 8610.15
8913.08 8906.19 8896.65 8888.81 8876.84 8877.07 8887.88 8894.89 8897.83 8899.33 8913.18 8920.83 8923.49 8923.92 8927.24 8930.08 8944.37 8958.77 8961.36 8953.42 8948.92 8937.14 8929.44 8905.26 8878.44 8842.06 8790.97 8741.08 8691.15 8680.24 8679.6 8668.7 8662.28 8696.61 8748.37 8785.19 8802.46 8807.86 8827.92 8818.33 8804.17 8789.76 8775.35 8759 8729.33 8701.17 8684.34 8695.1 8715.03 8734.4 8720.08 8717.71 8718.72 8711.46 8701.85 8696.5 8694.21 8688.43 8675.48 8646.51 8605.71 8559.63 8544.51 8578.2 8593.95 8606.84 8617.54
8896.58 8888.04 8877.84 8853.16 8846.1 8874.76 8881.89 8885.72 8888.55 8893.65 8915 8918.67 8922.5 8928.53 8933.36 8939.19 8951.59 8958.78 8948.26 8932.2 8917.96 8895.82 8888.82 8852.67 8813.7 8787.97 8749.94 8710.25 8679.38 8673.78 8676.5 8683.9 8684.13 8712.82 8763.31 8805.44 8831.32 8826.29 8821.02 8815.48 8805.31 8793.27 8778.36 8757.36 8726.23 8703.88 8696.15 8709.01 8723.62 8750.76 8731.95 8720.49 8707.84 8699.72 8698.8 8699.99 8700.22 8694.46 8678.09 8647.66 8603.35 8544.43 8498.46 8560.77 8595.96 8606.74 8615.11
8882.95 8876.21 8870.3 8877.47 8874.18 8872.35 8877.95 8882.53 8885.92 8893.52 8908.84 8914.66 8919.12 8923.53 8930.45 8938.17 8945.94 8952.15 8925.77 8896.98 8867.63 8851.23 8830.21 8795.45 8756.83 8739.82 8717.66 8692.86 8676.58 8680.23 8684.98 8699.71 8725.84 8754.77 8773.63 8801.69 8838.65 8829.8 8818.51 8813.94 8805.51 8792.91 8780.22 8761.64 8737.25 8714.97 8714.86 8730.26 8752.53 8782.81 8753.2 8720.74 8699.49 8689.63 8693.9 8701.46 8711.42 8698.63 8678.44 8654.58 8627.54 8608.27 8613.47 8614.72 8613.55 8605.79 8597.12
8874.84 8869.03 8859.77 8857.73 8879.47 8878.6 8878.68 8878.01 8881.7 8885.66 8895.66 8903.07 8908.48 8918.77 8920 8918.91 8921.24 8902.8 8888.54 8863.05 8828.87 8818.37 8802.66 8774.53 8747.4 8710.4 8696.45 8686.43 8683.38 8679.73 8697.58 8714.06 8755.49 8791.28 8796.65 8803.72 8826.86 8830.56 8821.56 8812.27 8802.13 8789.21 8777.72 8764.03 8737.7 8735.89 8737.77 8745.76 8762.31 8761.92 8733.79 8708.08 8688.35 8678.16 8686.34 8692.42 8693.79 8687.9 8675.84 8661.23 8652.42 8663.04 8688.77 8664.06 8630.8 8598.94 8567.66
8873.59 8869.33 8864.79 8864.64 8865.45 8864.67 8865.44 8866.9 8875.95 8884.45 8881.45 8881.03 8884.9 8896.28 8906.09 8891.08 8868.07 8872.51 8862.23 8837.07 8814.68 8808.25 8784.91 8756.37 8735.2 8701.73 8695.05 8692.73 8702.06 8731.99 8729.25 8735.78 8777.92 8817.83 8822.42 8816.25 8819.39 8829.16 8822.25 8810.45 8797.32 8784.84 8773.12 8760.11 8729.9 8749.77 8750.29 8745.26 8739.44 8706.28 8694.46 8686.39 8676.82 8673.74 8675.89 8682.24 8688.17 8685.83 8671.42 8658.49 8659.24 8668.17 8691.28 8682.52 8637.35 8587.87 8540.08
8867.03 8864.65 8866.39 8861.26 8849.13 8843.39 8836.52 8849.4 8860.37 8866.35 8849.95 8834.17 8847.21 8865.01 8872.54 8858.49 8849.12 8851.17 8837.33 8810.05 8791.43 8780.81 8747.51 8728.21 8703.58 8703.7 8709.34 8724.23 8743.93 8764.87 8764.6 8772.53 8800.97 8827.29 8837.95 8840.83 8835.36 8826.33 8818.17 8808.07 8795.2 8783.39 8770.44 8753.49 8736.43 8757.26 8750.69 8734.44 8711.71 8684.9 8674.35 8670.06 8663.5 8656.43 8657.29 8669.73 8683.57 8684.57 8669.88 8653.24 8662.18 8671.59 8686.59 8676.24 8629.8 8574.12 8517.89
8868.68 8865.79 8859.84 8856.5 8841.77 8843.45 8840.8 8842.82 8835.37 8826.28 8814.29 8800.29 8807.29 8809.86 8807.97 8817.36 8819.15 8808.84 8790.57 8775.17 8753.87 8735.26 8726.21 8710.95 8700.97 8703.32 8729.74 8762.15 8782.87 8790.2 8791.53 8802.58 8814.9 8837.03 8835.55 8831.32 8835.78 8820.25 8810.24 8803.66 8797.34 8790.24 8780.35 8767.32 8760.17 8758.89 8747.2 8726.37 8700.01 8678.84 8670.26 8663.14 8655.04 8647.18 8641.38 8662.51 8683.38 8693.96 8677.68 8664.8 8667.7 8675.43 8682.73 8665.88 8612.27 8554.47 8497.78
8874.98 8869.51 8855.29 8845.95 8862.18 8861.12 8866.43 8853.34 8826.89 8798.34 8806.2 8797.58 8792.93 8783.12 8775.7 8782.97 8791.91 8782.76 8762.02 8748.62 8731.4 8715.1 8704.78 8704.34 8703.56 8729.46 8766.45 8795.6 8815.6 8826.98 8818.39 8805.66 8816.09 8820.62 8827.37 8824.39 8813.07 8798.91 8798.89 8797.38 8794.81 8791.55 8788.21 8783.27 8782.06 8768.45 8740.69 8719.63 8700.93 8684.22 8672.3 8663.26 8654.81 8649.03 8647.98 8664.98 8686.51 8698.35 8681.99 8663.19 8670.68 8685.22 8671.61 8634.34 8583.14 8531.09 8481.26
8880.35 8880.15 8881.6 8890.02 8869.69 8872.23 8879.64 8875.79 8866.21 8866.27 8843.46 8826.97 8808.83 8781.12 8758.4 8762.24 8760.39 8750.38 8743.72 8731.91 8719.21 8704.82 8704.11 8712.17 8729.17 8756.24 8784.77 8819.13 8836.12 8847.65 8842.59 8825.48 8824.03 8829.2 8830.37 8825.22 8806.2 8792.15 8795.91 8797.45 8797.57 8797.21 8796.93 8792.5 8755.63 8737.27 8724.89 8712.26 8702.13 8692.15 8675.97 8665.74 8658.2 8650.59 8651.1 8667.17 8682.33 8694.18 8679.76 8664.06 8663.17 8674.79 8635.03 8588.68 8546.53 8504.4 8468.47
8890.26 8894.7 8899 8897.57 8867.48 8879.84 8895.84 8899.05 8898.28 8896.25 8875.15 8857.91 8835.81 8806.84 8771.02 8761.32 8752.48 8739.01 8732.36 8724.71 8717.08 8713.23 8712.47 8725.27 8744.73 8772.34 8813.07 8828.59 8846.67 8849.36 8840.87 8832.48 8828.54 8827.84 8828.39 8829.32 8812.02 8801.28 8801.35 8803.71 8805.71 8805.47 8801.47 8798.63 8767.06 8723.26 8711.14 8705.86 8698.76 8686.32 8674.16 8667.01 8660.7 8656.33 8660.55 8667.78 8676.17 8675.77 8674.43 8662.87 8636.29 8593.99 8562.44 8536.54 8497.6 8474.16 8455.38
8901.62 8907.36 8911.09 8900.42 8882.43 8890.46 8900.68 8905.7 8910.29 8898.4 8885.41 8871.03 8855.87 8835.08 8798.35 8783.22 8768.02 8750.46 8733.26 8723.35 8715.81 8712.73 8716.95 8738.21 8760.37 8790.31 8837.66 8864.25 8856.01 8849.94 8843.65 8834.4 8831.22 8826.87 8828.69 8835.09 8823.19 8811.9 8808.52 8808.19 8810.33 8808.98 8801.31 8776.72 8744.74 8706.85 8704.29 8703.58 8700.78 8687.75 8677.62 8670.06 8662.02 8655.97 8657.6 8662.98 8672.56 8679.55 8671.19 8654.14 8600.61 8504.56 8476.77 8444.26 8446.16 8445.11 8438.02
8913.32 8919.6 8920.95 8912.87 8904.3 8901.1 8902.41 8902.62 8897.49 8894.75 8883.16 8875.31 8868.47 8860.08 8843.5 8811.6 8788.84 8779.1 8746.87 8722.61 8713.15 8712.51 8731.31 8754.09 8787.36 8821.94 8831.4 8847.81 8850.94 8846.58 8840.7 8837.76 8834.62 8834.84 8837.97 8839.14 8818.97 8816.16 8814.13 8814.6 8814.1 8812.54 8807.03 8792.17 8755.02 8717.28 8708.9 8706.81 8703.31 8691.49 8683.89 8673.12 8662.08 8648.12 8637.52 8652.14 8664.33 8668.05 8650.35 8602.72 8527.51 8447.09 8431.48 8423.53 8425.56 8428.57 8429.14
8919.42 8927.58 8930.53 8918.39 8911.28 8905.57 8903.04 8894.88 8875.75 8869.82 8868.24 8866.71 8868.43 8868.04 8846.38 8807.73 8783.91 8771.9 8731.67 8713.21 8711.81 8710.12 8725.93 8761.13 8797.41 8839.99 8845.62 8842.71 8841.28 8841.32 8837.75 8836.88 8836.39 8837.23 8837.09 8829.27 8821.24 8816.65 8815.03 8815.22 8816.66 8817.44 8815.14 8806.36 8764.73 8737.31 8720.81 8712.34 8710.02 8697.21 8687.16 8676.88 8663.76 8650.9 8637.11 8642.97 8646.29 8656.32 8633.69 8547.26 8473.35 8432.45 8417.41 8416.7 8421.13 8424.69 8430.03
8921.38 8925.29 8920.62 8915.74 8908.74 8900.39 8890.04 8872.88 8852.54 8850.22 8848.91 8846.86 8852.58 8844.27 8795.5 8768.05 8757.08 8734.36 8716.39 8711.37 8717.32 8727.75 8748.13 8762.58 8784.08 8791.52 8810.8 8818.17 8832.73 8839.62 8840.4 8837.68 8835.98 8835.4 8833.91 8827.01 8814.76 8812.55 8813.14 8815.48 8816.63 8819.52 8817.14 8804.36 8774.13 8763.55 8735.34 8712.46 8691.28 8692 8691.3 8681.22 8667.07 8650.45 8652.78 8630.92 8607.29 8584.26 8540.32 8481.35 8423.06 8417.44 8411.49 8415.6 8420.65 8424.31 8433.93
8919.98 8923.76 8924.08 8911.95 8903.06 8894.27 8881.79 8870.07 8858.9 8843.11 8831.57 8815.93 8782.45 8776.84 8758.84 8745.07 8747.62 8734.01 8723.68 8718.66 8723.61 8733.45 8739.55 8751.83 8772.51 8796.47 8804.13 8815.41 8832.09 8841.98 8841.47 8837.27 8833.86 8830.73 8829.29 8824.28 8807.48 8805.3 8808.16 8811.49 8815.55 8820.44 8820.12 8805.95 8785.71 8782.13 8745.93 8713.45 8690.98 8685.13 8684.4 8683.79 8674.8 8653.73 8638.91 8600.04 8553.04 8506.96 8463.37 8432.04 8412.08 8408.78 8406.82 8407.78 8411.28 8420.4 8430.1
8914.1 8914.77 8897.46 8898.14 8898.04 8889.53 8866.13 8855.81 8843.24 8831.63 8819.94 8804.49 8786.16 8772.66 8764.47 8761.48 8766.57 8772.15 8759.46 8729.17 8724.93 8729.03 8727.94 8739.18 8759.61 8781.71 8798.81 8827.16 8840.4 8847.56 8844.47 8837.01 8830.85 8823.72 8816.45 8811.69 8808.38 8804.02 8804.52 8806.8 8810.48 8814.94 8822.48 8823 8798.31 8760.91 8733.8 8712.02 8695.56 8684.55 8678.57 8689.01 8692.63 8668.58 8610.58 8544.73 8493.71 8450.66 8406.9 8404.16 8407.49 8405.52 8403.25 8403.68 8407.46 8415.1 8422.98
8905.06 8889.56 8882.96 8883.66 8872.81 8850.31 8844.9 8818.31 8811.97 8816.92 8815.03 8808.53 8802.97 8793 8794.42 8801.04 8791.79 8783.04 8758.64 8733.31 8747.37 8737.42 8730.21 8735.22 8751.17 8765.27 8795.72 8836.23 8848.82 8851.86 8844.72 8836.69 8828.34 8817.83 8806.39 8805.44 8801 8798.85 8798.04 8799.81 8802.3 8802.89 8801.26 8798.01 8781.44 8749.97 8719.73 8711.89 8704.65 8694.2 8683.79 8695.79 8702.05 8659.63 8543.04 8463.61 8439.25 8419.9 8403.77 8399.52 8401.37 8401.13 8399.66 8399.81 8402.24 8409.47 8416.6
8904.95 8905.63 8890.86 8883.61 8874.71 8865.31 8852.49 8832.6 8821.49 8821.45 8819.68 8816.75 8811.54 8805.12 8812.73 8818.38 8806.09 8789.56 8772.99 8760.95 8757.98 8743.24 8737.44 8737.69 8752.84 8775.39 8802.81 8839.68 8855.93 8859.15 8848.97 8840.66 8829.03 8816.98 8807.18 8804.24 8793.07 8784.59 8790.1 8794.03 8795.67 8792.43 8781.34 8773.92 8763.23 8736.62 8710.64 8706.8 8710.37 8711.81 8708.24 8700.59 8678.74 8613.02 8491.48 8412.59 8406.79 8408.89 8413.86 8406.9 8397.01 8395.09 8395.92 8397.14 8397.47 8407.17 8413.3
