real_craters/C118-300m.grd
DSAA
245 245
-36.645 36.645
-36.645 36.645
7723.9659904072 9430.0017306004
[rows 90 to 119 of 245, columns 0 to 66 of 245]
9152.01 9159.12 9166.6 9177.74 9188.66 9198.39 9210.65 9209.1 9202.85 9195.68 9188.81 9183.19 9177.69 9174.88 9172.33 9171.56 9170.64 9170.15 9169.01 9169.17 9170.6 9172.42 9174.61 9176.78 9178.89 9180.57 9181.34 9179.85 9175.77 9177.79 9175.96 9173.25 9176.94 9189.12 9200.8 9207.21 9205.21 9198.75 9190.58 9180.38 9170.15 9164.15 9157.65 9138.73 9120.77 9105.42 9092.26 9080.14 9071.16 9068.39 9068.53 9070.9 9070.7 9067.27 9062.05 9056.03 9050.67 9047.75 9044.77 9042.57 9041.24 9039.13 9032.98 9027.1 9021.22 9016.11 9011.69
9148.87 9155.78 9164.08 9173.43 9184.34 9195.87 9209.67 9208.08 9203.91 9198.26 9192.01 9183.09 9184.96 9181.96 9179.01 9177.14 9175.89 9174.94 9172.23 9171.29 9171.98 9173.31 9175.21 9177.15 9178.98 9180.79 9181.99 9181.6 9179.07 9177.82 9175.43 9173.15 9177.02 9186.78 9196.64 9203.03 9201.61 9195.39 9186.8 9176.47 9164.16 9151.63 9145.95 9130.33 9115.81 9103.6 9092.72 9082.49 9074.32 9076.63 9079.79 9085.02 9085.27 9082.33 9078.06 9073.76 9071.51 9069.87 9062.73 9058.7 9057.98 9060.33 9054.78 9041.71 9032.02 9025.13 9019.72
9149.85 9154.1 9159.66 9168.74 9179.47 9192.23 9200.31 9203.75 9203.31 9200.28 9197.33 9198.41 9194.03 9188.54 9184.17 9179.98 9177.45 9175.16 9172.87 9172.55 9173.23 9174.47 9176.06 9177.77 9179.47 9181.6 9184.16 9186.97 9186.17 9181.38 9177.78 9176.27 9178.95 9185.39 9192.77 9199.05 9197.54 9191.96 9183.04 9173.36 9160.06 9142.25 9128.4 9117.94 9110.07 9103.08 9096.1 9089.52 9086.89 9094.42 9104.84 9105.45 9102.48 9098.34 9093.6 9088.61 9083.9 9077.84 9073.37 9069.55 9067.23 9066.58 9059.99 9048.82 9039.39 9031.65 9025.48
9152.59 9154.75 9158.18 9163.87 9171 9181.03 9192.1 9199.46 9200.72 9200.58 9199.42 9196.43 9197.02 9193.59 9188.13 9182.94 9177.47 9171.38 9172.83 9173.68 9174.72 9176.07 9177.28 9178.69 9180.24 9182.06 9184.55 9188.68 9188.76 9183.53 9180.28 9178.75 9180.34 9183.82 9187.59 9190.66 9191.21 9190.6 9185.63 9175.66 9160.95 9140.74 9120.77 9110.92 9107.01 9104.55 9103.21 9101.53 9100.6 9113.01 9123.85 9123.32 9119.41 9114.16 9107.88 9101.41 9095.09 9088.98 9082.72 9076.05 9069.91 9064.33 9058.1 9050.35 9042.59 9035.55 9029.52
9153.91 9154.53 9156.81 9158.96 9163.5 9173.1 9192.31 9196.53 9197.27 9199.88 9200.98 9201.63 9201.48 9197.76 9192.76 9186.08 9180.27 9176.71 9174.98 9175.8 9176.99 9177.91 9178.76 9179.73 9180.8 9181.67 9182.77 9181.94 9183.12 9183.25 9182.11 9180.46 9181.34 9182.38 9182.98 9181.82 9185.61 9190.9 9190.74 9181.03 9167.19 9147.12 9125.02 9112.06 9107.25 9107.98 9112.6 9120.4 9127.46 9132.4 9136.41 9138.07 9135.25 9128.87 9120.62 9112.14 9104.35 9098.42 9088.03 9078.58 9070 9060.84 9055.53 9049.94 9043.48 9037.05 9031.3
9151.34 9149.56 9150.49 9153.49 9158.09 9166.17 9173.72 9183.4 9192.13 9197.63 9201.1 9203.8 9204.42 9201.02 9195.83 9189.29 9183.53 9177.82 9177.59 9179.01 9179.89 9180.32 9180.89 9181.37 9181.77 9181.84 9181.84 9181.98 9182.36 9183.4 9184.39 9185.51 9183.25 9181.67 9180.55 9181.23 9184.19 9189.42 9191.87 9184.47 9174.17 9158.79 9132.64 9111.71 9107.16 9110.68 9119.49 9133.84 9145.38 9150.08 9155.28 9156.45 9151.46 9142.28 9131.47 9119.88 9108.19 9095.74 9085.8 9078.41 9069.91 9062.37 9055.17 9049.01 9042.88 9036.57 9030.8
9148.85 9145.99 9146.24 9148.51 9152.44 9160.65 9170.8 9181.48 9188.96 9194.46 9199.85 9204.9 9206.25 9203.83 9199.27 9194.53 9188.48 9183.12 9183.18 9183.71 9183.84 9183.92 9183.64 9183.55 9182.84 9182.13 9181.26 9181.19 9182.05 9183.49 9185.03 9185.6 9183.84 9181.11 9178.12 9175.23 9175.42 9181.3 9185.24 9183.02 9176.45 9159.01 9129.89 9107.16 9105.51 9111.5 9121.47 9134.25 9148.52 9161.47 9172.68 9175.03 9166.32 9153.78 9140.05 9125.54 9110.99 9096.52 9086.03 9078.13 9069.68 9060.87 9054.76 9048.4 9042.06 9035.51 9030.18
9146.63 9146.82 9145.15 9144.59 9146.84 9156.49 9173.15 9185.59 9185.66 9190.01 9196.56 9202.85 9207.55 9206.31 9202.18 9198.63 9194.9 9194.34 9192.47 9189.6 9188.08 9187.08 9186.4 9185.47 9184.45 9183.07 9181.22 9179.93 9181.81 9183.8 9185.14 9185.34 9183.92 9181.36 9177.16 9170.81 9165.97 9172.3 9175.66 9177.2 9175.57 9152.72 9113.51 9101.77 9104.73 9112.51 9121.9 9132.26 9149.62 9168.36 9183.5 9187.89 9177.63 9162.65 9146.03 9129.2 9113 9099.15 9086.96 9076.98 9069.9 9063.06 9054.09 9046.69 9040.37 9034.15 9028.78
9144.03 9145.77 9143.1 9141.12 9141.41 9149.29 9161.18 9170.22 9174.99 9182.54 9190.96 9199.35 9205.57 9205.95 9204.14 9201.79 9198.74 9198.77 9197 9193.35 9191.42 9190.28 9189.33 9188.46 9187.24 9185.55 9182.9 9181.32 9183.46 9185.28 9186.06 9185.97 9185.18 9182.92 9179.5 9174.69 9167.37 9158.11 9160.39 9166.75 9169.32 9147.58 9114.6 9104.92 9108.58 9116.67 9125.91 9134.63 9153.82 9173.6 9189.34 9194.79 9184.06 9167.84 9149.48 9130.76 9112.34 9094.9 9080.27 9071.83 9066.75 9060.9 9051.24 9043.77 9037.77 9032.19 9027.24
9138.96 9139.6 9139.64 9139 9139.24 9141.97 9144.82 9146.69 9160.91 9173.6 9184.37 9193.91 9200.35 9203.84 9204.38 9203.26 9199.77 9198.02 9196.12 9194.92 9193.63 9192.87 9192.21 9191.55 9190.73 9189.65 9187.42 9186 9187.51 9188.61 9188.96 9188.51 9187.49 9185.78 9183.52 9181.13 9177.09 9148.09 9148.44 9156.09 9154.28 9137.3 9110.44 9110.69 9116.18 9124.41 9134.22 9147.68 9161.88 9178.36 9191.97 9197.69 9185.5 9169.15 9150.12 9130.48 9110.53 9090.3 9072.95 9064.44 9057.59 9051.47 9045.2 9039.67 9034.12 9029.52 9024.7
9135.71 9136.92 9137.18 9137.51 9138.19 9137.91 9137.77 9140.71 9152.86 9166.76 9179.18 9189.62 9198.51 9203.79 9204.85 9204.31 9200.32 9197.9 9195.84 9196.2 9196.06 9195.67 9194.91 9194.79 9194.72 9195.03 9194.9 9193.93 9193 9192.81 9193.05 9192.12 9190.48 9189.02 9187.1 9184.05 9175.04 9160.22 9155.71 9155.3 9147.88 9134.22 9122.55 9120.24 9126.1 9134.93 9144.35 9152.95 9169.37 9182.57 9190.69 9190.61 9182.1 9166.77 9148.64 9129.05 9109.51 9089.92 9072.1 9059.8 9047.45 9041.35 9038.78 9034.66 9030.63 9026.71 9023.05
9134.65 9134.9 9136.06 9136.52 9136.5 9136.63 9137.18 9140.7 9150.58 9163.5 9176.11 9186.67 9193.72 9201.48 9205.31 9205.04 9201.33 9199.48 9198.32 9198.28 9198.65 9198.5 9198.08 9198.09 9198.44 9199.52 9202.15 9200.9 9197.71 9196 9194.92 9194.17 9193.17 9191.91 9190.46 9188.17 9184.34 9177.05 9167.95 9162.9 9156.59 9139.7 9120.27 9122.55 9134.18 9148.22 9160.4 9169.54 9180.22 9187.55 9191.36 9189.34 9179.71 9163.22 9145.47 9126.97 9108.85 9091.79 9075.92 9060.86 9046.07 9038.24 9034.66 9031.17 9026.65 9022.85 9019.28
9136.22 9136.19 9136.55 9137.5 9137.86 9137.79 9138.76 9141.62 9150.79 9162.58 9175.07 9186.52 9196.68 9204.55 9206.4 9205.9 9204.31 9201.53 9199.39 9201.2 9201.31 9200.85 9200.73 9200.54 9200.66 9201.06 9202.23 9201.57 9199.71 9198.02 9196.84 9195.73 9195.03 9194.1 9192.79 9191.28 9189.76 9184.82 9174.01 9167.33 9161.55 9146.85 9137.33 9136.22 9146.38 9164.34 9181.38 9191.52 9192.32 9192.03 9191.02 9189.69 9175.16 9156.98 9139.97 9123.07 9106.97 9092.72 9080.28 9064.23 9049.15 9038.44 9032.8 9028.17 9022.47 9018.26 9014.41
9138.11 9137.7 9137.62 9138.46 9139.3 9140.01 9141.98 9146.01 9153.75 9163.76 9174.87 9186.17 9199.97 9208.4 9206.31 9205.59 9205.07 9204.53 9206.23 9205.46 9203.82 9202.57 9201.91 9201.6 9201.57 9201.09 9198.26 9199.79 9199.71 9198.7 9197.52 9196.69 9195.9 9195.08 9193.82 9191.57 9186.97 9181.28 9170.99 9162.47 9156.1 9147.95 9145.08 9148.62 9160.79 9180.05 9198.48 9205.28 9200.56 9193.23 9184.86 9174.03 9160.53 9146.53 9132.23 9117.37 9103.09 9089.65 9077.39 9062.1 9048.6 9038.61 9030.91 9024.86 9019.9 9015.67 9011.82
9139.7 9138.55 9138.32 9138.93 9140.11 9142.13 9145.51 9150.9 9157.49 9164.97 9173.27 9182.14 9191.9 9199 9200.96 9202.67 9203.85 9205.02 9209.5 9207.31 9204.48 9203.07 9202.7 9202.29 9202.15 9202.17 9202.22 9200.4 9199.26 9198.34 9197.31 9196.5 9196.03 9195.32 9194.02 9191.32 9186.02 9175.13 9163.11 9151.89 9145.29 9144.38 9144.39 9151.08 9171.4 9191.75 9209.91 9212.32 9203.17 9191.27 9177.08 9160.02 9146.05 9135.38 9123.62 9110.87 9097.34 9083.62 9068.81 9055.91 9044.91 9036.31 9028.9 9022.82 9017.95 9013.54 9009.66
9141.89 9139.74 9138.97 9139.25 9140.98 9143.88 9148.18 9153.79 9159.65 9165.35 9171.29 9176.5 9179.8 9183.55 9193.13 9197.45 9199.81 9201.6 9203.03 9202.43 9202.47 9202.36 9201.92 9201.42 9201.3 9201.78 9203.1 9199.74 9197.65 9196.14 9195.28 9194.74 9194.49 9193.94 9192.98 9190.38 9184.3 9168.45 9156.79 9143.53 9138.63 9143.22 9150.69 9163.46 9181.92 9198.64 9211.07 9210.67 9201.02 9187.35 9170.78 9152.42 9136.92 9126.67 9116.27 9104.38 9091.3 9078.1 9065.4 9053.28 9042.07 9034.11 9026.81 9020.95 9016.26 9011.86 9008.48
9146.29 9141.12 9139.34 9139.53 9141.39 9144.99 9149.75 9155.13 9160.26 9165.31 9169.51 9172.56 9175.84 9182.12 9188.46 9192.43 9195.43 9196.81 9193.81 9195.94 9200.44 9200.8 9200.17 9199.41 9198.62 9197.88 9197.29 9196.21 9194.54 9192.81 9191.44 9191.75 9191.87 9192 9191.3 9189.71 9184.93 9172.14 9155.78 9140.82 9137.33 9144.78 9157.92 9175.51 9189.68 9201.03 9208.54 9205.43 9196.22 9182.85 9166.56 9147.13 9129.45 9122.29 9111.57 9098.99 9085.58 9072.37 9060.36 9050.02 9039.9 9031.24 9024.11 9018.28 9014.45 9010.33 9006.57
9138.23 9140.79 9138.72 9138.49 9141.03 9145.46 9150.81 9156.69 9162.38 9165.42 9168.08 9170.2 9173.24 9179.4 9184.25 9187.42 9191.33 9194.89 9199.56 9202.93 9200.88 9199.45 9198.06 9196.85 9195.3 9193.16 9191.91 9191.79 9190.68 9189.13 9188.43 9188.17 9188.27 9188.27 9188.43 9188.36 9187.22 9176.27 9156.7 9140.71 9137.78 9145.25 9159.35 9180.34 9191.63 9198.89 9200.88 9198.48 9190.41 9178.67 9164.63 9150.22 9137.96 9122.53 9108.97 9094.55 9080.14 9065.8 9052.33 9042.33 9034.44 9027.1 9020.63 9016.5 9012.13 9008.57 9004.95
9151.34 9142.65 9137.56 9136.19 9140.23 9145.52 9151.33 9157.28 9161.74 9164.96 9166.6 9166.77 9168.34 9169.13 9175.89 9180.72 9186.04 9191.65 9197.94 9201.18 9199.36 9196.89 9194.99 9193.63 9192.02 9190.06 9188.79 9187.91 9186.76 9185.07 9184.08 9184.03 9183.71 9183.5 9183.34 9182.81 9181.34 9173.12 9154.19 9139.19 9137.38 9143.18 9152.76 9165.56 9183.23 9193.38 9194.32 9191.97 9184.85 9174.65 9163.09 9150.58 9135.35 9123.11 9107.09 9090.58 9074.47 9058.8 9043.68 9030.79 9025.34 9021.83 9017.52 9013.78 9010.38 9007.34 9004.28
9146.9 9140.48 9136.83 9136.46 9140.37 9145.81 9151.64 9157.75 9163.33 9164.73 9164.76 9163.45 9163.56 9165.31 9168.82 9173.43 9179.29 9185.48 9192.05 9197.21 9194.06 9191.96 9190.33 9189.16 9188.54 9187.48 9185.97 9184.16 9182.9 9183.37 9181.58 9179.66 9178.75 9177.68 9176.27 9174.29 9169.93 9160.32 9147.44 9137.66 9137.38 9141.64 9146.27 9147.65 9169.73 9186.99 9191.19 9186.16 9178.75 9169.85 9160.31 9150.98 9142.48 9124.38 9104.96 9086.79 9069.55 9053 9037.64 9024.52 9018.82 9017.1 9014.7 9012.41 9010.18 9007.35 9005.14
9143.96 9138.97 9137.1 9137.93 9141.14 9146.04 9151.54 9157.3 9162.67 9163.16 9162.05 9160.05 9159.27 9159.94 9161.4 9165.75 9171.41 9177.03 9181.87 9183.66 9185.24 9184.94 9184.14 9183.79 9184.1 9185.54 9182.71 9179.47 9176.28 9175.19 9174.85 9174.58 9173.84 9172 9168.71 9163.83 9158.94 9149.41 9140.62 9136.19 9139.12 9144.59 9149.84 9154.24 9169.64 9181.88 9183.4 9179.25 9172.45 9164.35 9155.21 9145.63 9136.95 9118.24 9100.1 9082.65 9065.2 9048.38 9033.33 9021.58 9015.35 9012.39 9013.41 9012.3 9011.16 9009.99 9009.26
9143.09 9139.99 9137.73 9138.49 9141.73 9145.92 9150.38 9154.99 9158.33 9159.35 9158.65 9156.54 9154.41 9152.49 9153 9158.19 9163.71 9168.65 9172.47 9174.13 9176.91 9177.26 9177.31 9177.51 9177.88 9177.5 9177.03 9174.63 9170.83 9164.1 9168.11 9170.61 9170.41 9168.2 9163.59 9155.25 9147.59 9143.75 9139.29 9138.34 9144.28 9151.7 9160.52 9172.82 9181.28 9178.74 9174.96 9172.15 9166.19 9157.95 9148.6 9136.84 9118.82 9107.03 9094.73 9078.28 9061.18 9044.51 9029.76 9017.99 9013.06 9011.55 9014.33 9014.68 9014.56 9014.42 9014.05
9146.01 9143.64 9141.04 9140.59 9142.66 9145.74 9149.37 9152.7 9154.93 9156.04 9155.7 9153.44 9151.03 9147.89 9147.93 9152.59 9157.29 9161.46 9165.3 9170.64 9170.02 9170.12 9170.92 9171.31 9171.3 9173.05 9172.18 9171.61 9170.85 9171.65 9170.01 9170.16 9169.63 9167.62 9163.9 9158.21 9151.9 9147.63 9145.89 9147.84 9152.69 9160.42 9169.94 9179.76 9181.23 9173.54 9169.95 9166.4 9160.31 9152.28 9142.89 9132.41 9121.25 9108.92 9092.27 9075.28 9058.69 9042.57 9027.53 9015.27 9011.91 9012.3 9017.13 9018.86 9020.08 9020.2 9018.15
9150.15 9149.35 9146.66 9143.73 9143.64 9145.54 9148.25 9151.14 9153.88 9154.85 9153.49 9151.53 9148.98 9146.65 9146.86 9149.88 9152.62 9155.08 9157.11 9157.12 9160.11 9163.26 9165.7 9166.78 9165.72 9163.47 9168.88 9170.8 9171.33 9171.64 9172.53 9172.83 9172.33 9170.7 9168.41 9166.37 9160.93 9155.11 9153.43 9156.68 9161.56 9168.59 9177.09 9185.25 9186.41 9171.31 9168.26 9163.6 9156.2 9146.7 9136.75 9126.97 9120.54 9108.77 9087.95 9071.79 9057.12 9042.89 9028.67 9016.91 9014.51 9017.96 9022.71 9024.98 9026.17 9026.51 9026.29
9151.88 9150.93 9147.83 9144.07 9143.38 9144.77 9146.98 9149.52 9151.91 9152.59 9151.12 9149.28 9147.59 9147.1 9149.02 9148.79 9149.23 9150.14 9150.59 9150.93 9153.91 9159.05 9163.53 9166.22 9167.67 9169.05 9170.89 9172.57 9173.41 9174.75 9176.33 9177.51 9177.41 9175.8 9173.31 9171.23 9167.68 9164.13 9162.71 9165.6 9170.84 9176.8 9182.59 9187.04 9187.77 9183.89 9174.08 9163.68 9152.86 9141.14 9129.1 9117.12 9103.43 9088.28 9078.66 9067.66 9057.26 9046.91 9035.44 9026.24 9024.92 9027.4 9031.59 9033.13 9033.93 9033.72 9033.47
9152.5 9146.11 9141.14 9140.69 9141.59 9143.31 9145.28 9147.34 9149.14 9150.01 9148.35 9146.75 9145.74 9145.29 9146.45 9145.97 9146.73 9147.59 9147.78 9147.28 9150.75 9158.76 9165.41 9169.44 9171.78 9174.34 9176.63 9177.7 9177.07 9178.41 9182.52 9184.94 9185.44 9183.84 9179.8 9174.48 9175.02 9175.12 9173.76 9176.47 9181.37 9185.18 9187.58 9188.24 9187.89 9193.16 9177.83 9163.43 9149.21 9135.28 9121.29 9106.77 9092.12 9079.66 9070.55 9063.58 9058.15 9054.08 9051.12 9045.29 9041.41 9040.46 9041.71 9041.7 9041.07 9040.07 9039.82
9149.37 9142.28 9137.35 9138.25 9139.91 9141.58 9143.28 9144.77 9145.84 9145.85 9145.14 9143.91 9142.76 9141.34 9140.41 9143.05 9145.44 9147.61 9149.2 9149.45 9153.4 9164.43 9172.5 9177.11 9177.68 9181.21 9185.81 9187.37 9186.32 9187.67 9192.63 9195.52 9196.88 9196.4 9192.91 9186.13 9188.92 9190.54 9191.56 9192.66 9193.66 9193.89 9193.04 9190.94 9186.42 9184.65 9174.12 9159.64 9144.74 9129.51 9113.88 9098.32 9082.92 9069.58 9063.24 9059.62 9058.51 9060.08 9064.11 9061.43 9057.15 9054.42 9052.37 9050.01 9047.99 9046.41 9045.22
9144.18 9142.65 9139.15 9138.47 9139.44 9140.55 9141.52 9142.51 9142.94 9142.51 9142.21 9141.39 9139.88 9138.31 9137.95 9141.57 9145.59 9150.21 9155.22 9160.26 9166.65 9176.92 9184.43 9190.45 9194.45 9196.85 9199.29 9201.02 9203.19 9203.96 9205.88 9208.4 9210.89 9212.68 9213.61 9212.48 9209.14 9207.85 9209.72 9209.54 9206.32 9202.78 9199.26 9195.51 9192.64 9184.62 9168.28 9154.6 9139.35 9123.48 9107.33 9091.27 9075.51 9062.51 9056.74 9055.55 9056.71 9060.65 9068.16 9069.55 9070.1 9066.44 9061.57 9057.42 9054.45 9052.01 9049.92
9148.96 9146.35 9142.89 9139.82 9139.55 9140.04 9141.08 9141.58 9141.66 9141.32 9140.72 9140 9137.8 9136.91 9137.22 9141.23 9146.83 9153.96 9162.77 9174.66 9190.16 9191.82 9197.59 9205.29 9214.01 9213.9 9213.74 9214.65 9216.22 9217.2 9218.93 9221.38 9224.66 9228.67 9232.98 9233.43 9227.12 9222.92 9224.66 9223.87 9216.7 9210.06 9204.12 9198.24 9191.67 9180.15 9164.37 9150.04 9134.82 9119.12 9102.83 9086.53 9070.17 9056.16 9051.39 9051.95 9054 9056.6 9058.67 9069.55 9077.47 9074.09 9067.99 9062.98 9058.97 9056.03 9053.46
9151.47 9147.81 9143.31 9140.74 9140.53 9140.88 9141.25 9141.54 9141.46 9140.52 9140.31 9139.86 9137.19 9136.52 9137.01 9141 9148.04 9156.98 9167.68 9180.47 9192.25 9199.83 9207.31 9215.77 9224.17 9225.36 9225.64 9226.08 9227.34 9228.01 9229.88 9232.41 9236.07 9240.95 9246.07 9245.52 9238.44 9233.32 9233.46 9230.85 9222.22 9213.96 9206.37 9198.63 9189.66 9176.92 9162.74 9146.68 9131.08 9115.06 9099.34 9083.8 9068.55 9054.41 9050.23 9050.46 9052.19 9055.19 9059.97 9068.16 9076.59 9075.07 9069.51 9064.4 9060.05 9056.78 9055.2
