real_craters/C118-300m.grd
DSAA
245 245
-36.645 36.645
-36.645 36.645
7723.9659904072 9430.0017306004
[rows 30 to 59 of 245, columns 134 to 200 of 245]
8817.5 8809.94 8804.9 8801.72 8797.28 8792.28 8786.91 8785.72 8787.56 8789.33 8791.22 8793.67 8801.26 8810.47 8813.7 8807.31 8787.79 8774.63 8768.09 8761.16 8754.58 8749.28 8745.78 8743.8 8743.01 8742.92 8743.27 8744.18 8745.88 8749.03 8754.56 8766.23 8768.89 8762.73 8755.47 8747.92 8740.23 8732.13 8723.59 8715.19 8706.11 8695.52 8696.02 8694.51 8690.64 8686.35 8681.83 8676.08 8671.77 8668.24 8665.05 8661.75 8658.41 8654.6 8650.39 8642.44 8630.24 8622.92 8619.22 8615.35 8611.85 8607.69 8611.94 8620.14 8628.12 8636.36 8645.79
8826.67 8816.46 8809.41 8803.06 8796.52 8789.49 8783.63 8781.7 8783.92 8786.74 8789.97 8791.44 8798.67 8807.75 8810.68 8803.92 8787.62 8777.08 8771.61 8765.8 8758.58 8752.63 8748.64 8745.39 8742.78 8741.39 8740.45 8740.14 8740.63 8742.17 8745 8754.17 8759.03 8755.33 8749.5 8743 8736.4 8730.13 8724.96 8719.6 8712.43 8707.59 8707.08 8701.28 8696.15 8692.18 8688.85 8681.02 8674.77 8670.18 8665.46 8660.49 8655.29 8654.67 8653.13 8646.83 8639.29 8633.27 8629.57 8625.86 8620.16 8615.48 8616.87 8621.85 8627.03 8633.3 8641.19
8836 8825.59 8815.87 8806.38 8797.18 8788.96 8782.31 8779.15 8781.25 8784.77 8789.84 8795.33 8797.38 8800.65 8805.54 8801.92 8792.49 8784.08 8774.86 8767.46 8761.33 8755.17 8750.32 8746.65 8743.01 8740.19 8737.97 8736.42 8735.5 8735.43 8736.68 8742.22 8747.69 8746.03 8742.14 8737.02 8731.41 8726.29 8722.65 8719.73 8715.28 8714.29 8711.26 8704.08 8698.86 8694.65 8689.99 8680.82 8676.99 8672.81 8667.62 8661.61 8655.72 8656.5 8657.09 8651.32 8642.44 8639.58 8638.59 8635.55 8629.48 8626.49 8625.37 8624.58 8625.79 8628.46 8632.88
8848.24 8836.12 8822.11 8809.7 8799.07 8790.22 8782.43 8776.6 8779.36 8783.72 8787.85 8789.38 8792.15 8793.61 8796.03 8797.39 8795.5 8787.82 8778.51 8770.26 8763.57 8757.1 8751.17 8745.9 8741.62 8737.73 8734.49 8731.98 8730.19 8729.2 8729.93 8732.96 8735.81 8736.57 8734.33 8730.47 8725.45 8720.01 8714.26 8708.77 8707.13 8706.85 8703.75 8700.48 8698.42 8695.76 8688.85 8682.66 8681.61 8677.25 8671.71 8665.47 8659.88 8660.38 8663.15 8656.34 8648.05 8643.34 8642.66 8639.86 8634.74 8631.57 8629.12 8625.87 8623.68 8622.75 8622.85
8855.33 8839.82 8823.97 8810.86 8800 8791.25 8784.5 8779.77 8780.74 8783.23 8785.37 8788.55 8785.89 8784.79 8786.8 8793 8796.55 8795.59 8783.81 8773.76 8765.77 8758.21 8751.44 8745.37 8739.83 8735.27 8730.98 8727.83 8725.02 8723.09 8722.37 8721.92 8726.38 8728.8 8727.45 8724.31 8719.52 8713.55 8706.32 8698.24 8694.19 8693.07 8693.64 8695.05 8697.1 8698.4 8700.46 8697.54 8689.26 8682.91 8677.27 8671.72 8666.69 8665.41 8662.87 8657.56 8650.09 8643.43 8640.29 8638.14 8635.45 8633.16 8630.78 8625.26 8620.92 8617.38 8614.49
8847.23 8833.82 8820.43 8808.91 8799.58 8791.66 8786.79 8785.81 8783.38 8778.3 8777.72 8778.16 8777.02 8778.38 8787.18 8787.69 8792.37 8796.63 8786.02 8776.12 8766.97 8758.15 8750.62 8743.92 8737.85 8731.99 8727.28 8723.2 8719.77 8717.15 8715.88 8717.32 8722.18 8723.6 8722.12 8719.06 8714.49 8708.62 8701.95 8695.14 8689.08 8686.65 8688.98 8692.08 8695.61 8699.51 8701.78 8701.09 8694.09 8687.54 8682.27 8678.34 8676.99 8673.84 8667.56 8659.77 8649.54 8643.71 8638.4 8636.41 8634.59 8631.67 8627.61 8622.88 8618.22 8613.46 8608.97
8832.07 8823.11 8813.43 8805.54 8798.06 8790.7 8785 8782.23 8776.96 8770.85 8765.59 8762.94 8765.86 8766.34 8767.93 8774.68 8780.43 8784.8 8785.62 8775.26 8765.31 8756.17 8748.38 8741.33 8734.21 8728.48 8723.76 8719.08 8715.2 8712.04 8709.87 8710.67 8717.84 8719.2 8717.67 8714.72 8710.54 8705.2 8699.33 8693.41 8685.81 8684.01 8685.77 8688.73 8693.99 8699.24 8703.3 8700.81 8694.94 8689.88 8685.59 8682.25 8679.57 8675.98 8671.7 8665.62 8657.14 8648.61 8642.72 8638.66 8635.15 8630.89 8624.77 8621.49 8616.84 8611.59 8606.62
8823 8808.8 8807.22 8803.07 8796.68 8789 8781.14 8771.09 8765.64 8764.68 8759.91 8757.46 8759.86 8759.24 8756.34 8761.66 8766.54 8768.7 8772.65 8768.04 8760.06 8751.43 8744.03 8736.9 8730.45 8724.9 8719.59 8715 8710.84 8707.65 8705.75 8706.84 8712.77 8714.54 8713.75 8711.4 8707.92 8703.65 8698.3 8691.98 8686.01 8684.86 8685.75 8687.61 8692.42 8697.37 8699.95 8695.19 8693.4 8690.38 8687.11 8683.85 8680.39 8677.16 8674.82 8670.56 8663.55 8654.52 8647.86 8642.14 8637.3 8632.65 8628.41 8622.85 8617.1 8611.48 8606.7
8825.22 8809.74 8809.08 8805.06 8797.92 8788.7 8779.8 8771.5 8767.06 8764.04 8762.08 8759.64 8759.08 8760.15 8750.44 8751.83 8755.08 8758.48 8761.17 8758.11 8752.41 8745.1 8738.74 8732.58 8726.65 8721 8715.67 8710.75 8706.55 8703.28 8702.15 8705.05 8708.05 8710.54 8710.59 8709.07 8706.74 8703.68 8699.71 8694.91 8692.71 8690.26 8688.44 8688.37 8691.56 8694.72 8696.13 8694.58 8692.44 8690.17 8687.4 8684.52 8681.77 8679.37 8675.23 8671.17 8665.68 8658.17 8650.36 8644.7 8639.41 8634.55 8629.79 8624.23 8618.03 8612.06 8607.18
8836.11 8827.96 8820.34 8810.93 8801.3 8790.9 8780.93 8772.4 8767.75 8763.5 8762.23 8759.45 8756.79 8755.73 8748.39 8744.86 8745.34 8747.5 8750.08 8747.71 8743.78 8737.63 8732.41 8727.06 8721.69 8716.42 8711.18 8706.22 8701.88 8698.13 8695.67 8696.45 8702.87 8707.62 8707.45 8706.63 8705.61 8704.44 8702.44 8700.24 8699.2 8694.95 8691.49 8690.7 8691.3 8692.29 8692.83 8692.3 8691.13 8689.48 8687.25 8684.59 8681.62 8677.39 8672.66 8668.54 8664.14 8659.02 8653.13 8646.67 8640.81 8635.75 8631.07 8625.78 8619.21 8612.79 8607.19
8844.69 8843.62 8832.46 8817.87 8805.26 8793.63 8782.32 8771.68 8763.73 8758.73 8756.03 8755.06 8753.07 8747.25 8743.43 8738.42 8735.91 8735.6 8737.55 8736.23 8733.91 8730.24 8726.19 8721.88 8716.95 8711.86 8706.87 8701.89 8697.24 8693.22 8690.67 8691.49 8697.5 8703.2 8703.23 8703.79 8704.62 8705.21 8705.32 8704.13 8700.98 8696.5 8692.14 8690.68 8689.21 8689.72 8690.34 8690.07 8689.07 8688.15 8686.12 8683.47 8680.63 8677.22 8671.31 8665.29 8662.28 8659.23 8654.05 8646.89 8640.6 8635.42 8631.66 8626.91 8619.42 8613.41 8608.59
8851.92 8846.6 8835.53 8821.08 8809.27 8797.97 8786.16 8772.85 8757.45 8753.56 8750.27 8752.92 8754.03 8749.78 8738.59 8731.56 8727.84 8723.54 8720.93 8725.45 8726.72 8724.46 8722.23 8718.24 8713.77 8708.92 8703.85 8698.75 8693.83 8689.15 8685.32 8685.3 8688.41 8693.62 8696.42 8699.28 8702.34 8705.22 8707.64 8708.48 8703.47 8696.28 8690.12 8685.51 8683.47 8684.51 8686.4 8686.48 8687.68 8687.44 8684.89 8681.79 8678.67 8675.29 8669.93 8663.98 8661.01 8658.55 8651.55 8644.51 8638.21 8632.77 8627.71 8622.25 8617.57 8613.13 8609.66
8856.19 8844.14 8832.16 8822.14 8812.45 8803.26 8793.7 8782.39 8767.01 8760.27 8754.35 8758.47 8760.43 8756.58 8738.51 8728.26 8724.71 8722.06 8721.99 8721.71 8721.57 8719.14 8716.3 8712.7 8710.02 8706.05 8701.06 8695.93 8690.93 8686.52 8682.45 8682.08 8683.31 8683.77 8689.17 8694.56 8699.71 8704.41 8708.45 8710.96 8704.77 8694.67 8687.19 8681.86 8678.74 8677 8681.29 8688.42 8691.06 8687.05 8683.22 8679.53 8675.79 8671.75 8666.83 8663.41 8657.18 8651.93 8646.35 8640.13 8634.38 8629.03 8623.68 8618.03 8615.09 8611.73 8608.88
8860.56 8843.08 8829.64 8822.04 8815.74 8810.01 8804.81 8800.58 8799.25 8786.56 8773.87 8773.13 8771.58 8760.75 8742.62 8729.4 8725.36 8724.53 8724.71 8722.05 8718.99 8716 8713.42 8710.83 8707.11 8702.77 8698.28 8693.68 8688.81 8684.88 8682.34 8680.82 8680.81 8679.51 8684.19 8690.44 8696.78 8702.39 8706.95 8708.8 8700.98 8690.51 8683.9 8679.33 8676.95 8676.92 8679.82 8685.29 8687.87 8684.2 8680.46 8676.65 8672.23 8667.05 8661.06 8656.03 8651.77 8645.21 8639.3 8634.87 8629.99 8624.97 8620.43 8617.87 8612.14 8608.94 8607.43
8858.04 8839.49 8826.56 8822.6 8819.5 8816.81 8815.34 8816.18 8819.1 8812.48 8799.35 8791.63 8785.67 8772.92 8746.35 8729.35 8726.37 8728.44 8725.57 8720.03 8716.82 8715.12 8713.4 8710.48 8706.82 8702.38 8697.42 8691.8 8686.88 8682.85 8679.64 8678.13 8676.76 8676.73 8680.69 8687 8693.71 8699.94 8704.19 8704.11 8693.98 8684.06 8679.8 8676.81 8675.05 8674.56 8676.75 8679.32 8679.61 8679.36 8676.74 8673.12 8668.61 8662.85 8657.11 8652.95 8647.14 8641.4 8634.61 8630.54 8625.91 8620.68 8615.24 8609.94 8606.22 8604.06 8602.53
8846.3 8832.15 8825.83 8825.29 8823.01 8821.56 8821.57 8824.29 8828.73 8828.27 8817.72 8806.74 8794.22 8774.62 8748.55 8727.83 8726.72 8726.16 8719.13 8713.56 8714.52 8715.1 8714.12 8711.89 8707.94 8703.12 8697.56 8691.74 8686.03 8681.09 8677.47 8675.94 8674.81 8674.6 8677.67 8683.73 8690.84 8697.42 8702.05 8702.02 8690.02 8680.89 8678.41 8674.89 8671.04 8671.48 8673.75 8675.63 8676.64 8675.27 8673.09 8669.77 8665.29 8659.54 8653.51 8647.95 8642.4 8636.52 8631.82 8627.79 8622.88 8616.99 8610.42 8603.17 8600.14 8598.75 8596.5
8846.95 8835.89 8837.13 8830.38 8825.97 8823.91 8823.98 8825.24 8827.54 8829.71 8825.41 8816.28 8806.9 8784.99 8756.77 8735.48 8730.39 8726.84 8715.78 8711.93 8716.26 8718.12 8717.64 8714.44 8709.95 8705.62 8699.48 8692.81 8686.14 8680.01 8676.02 8675.08 8674.92 8673.31 8674.17 8680.3 8687.86 8694.97 8700.27 8701.7 8693.95 8685.63 8680.45 8676.21 8672.66 8670.94 8672.79 8673.59 8672.62 8672.22 8670.19 8666.75 8662.56 8656.96 8648.85 8643.09 8639.43 8634.76 8631.55 8627.03 8621.34 8614.87 8607.8 8601 8596.83 8595.03 8593.56
8854.15 8843.22 8837.1 8831.02 8826.44 8824.26 8823.88 8823.57 8822.65 8821.78 8820.83 8815.32 8812.65 8790.73 8765.58 8749.04 8736.48 8729.22 8720.9 8718.73 8725.73 8727.26 8724.64 8719.95 8714.09 8707.88 8701.62 8694.55 8687.43 8680.04 8675.66 8675.2 8675.06 8672.12 8671 8677.17 8684.95 8692.71 8698.51 8699.63 8695.89 8689.43 8683.93 8678.81 8675.44 8674.92 8673.85 8673.97 8673.12 8671.78 8668.47 8663.62 8658.62 8652.75 8645.99 8641.74 8639.54 8636.77 8632.82 8627.41 8621 8614.12 8607.14 8600.16 8595.23 8592.56 8589.69
8850.56 8836.86 8830.77 8827.02 8824.4 8823.21 8823.77 8821.36 8819.09 8815.43 8812.72 8805.09 8792.86 8783.35 8768.86 8751.38 8745.66 8742.44 8742.39 8744.64 8745.32 8740.49 8733.58 8726.36 8718.87 8711.29 8704.17 8697.07 8690.62 8683.59 8678.51 8676.3 8674.23 8671.14 8669.2 8674.4 8682.03 8690.53 8698.63 8702.21 8698.71 8693.8 8686.68 8680.56 8675.6 8673.67 8674.28 8675.57 8676.44 8673.99 8667.36 8659.7 8652.51 8646.65 8641.53 8640.52 8640.5 8638.98 8634.81 8628.22 8621.02 8614.11 8607.54 8601.97 8597.23 8591.56 8585.59
8846.5 8828.88 8824.97 8822.67 8821.83 8821.38 8822.58 8821.12 8819.03 8812.84 8810.9 8801.95 8785.56 8782.77 8776.08 8770.76 8767.56 8766.1 8769.83 8778.63 8767.13 8753.67 8742.28 8732.27 8723.26 8714.82 8706.75 8699.45 8693.55 8690.61 8684.22 8677.65 8672.8 8668.43 8667.31 8671.2 8678.13 8686.62 8695.64 8701.03 8697.56 8693.02 8686.77 8680.54 8676.15 8673.36 8673.59 8675.67 8679.08 8675.61 8665.05 8655.32 8646.46 8641.67 8639.29 8639.5 8639.65 8638.2 8633.96 8627.52 8620.66 8613.72 8607.18 8602 8598.04 8591.5 8586.31
8847.92 8832.12 8824.02 8820.49 8820.9 8820.89 8821.82 8823.11 8823.91 8825.15 8820.89 8814.38 8802.68 8793.24 8785 8781.19 8780.39 8779.93 8783.17 8788.48 8775.86 8760.83 8747.92 8737.09 8726.78 8717.17 8708.54 8700.59 8693.42 8688.32 8682.8 8677.15 8672.53 8668.87 8664.84 8666.76 8672.71 8680.25 8687.21 8690.78 8690.23 8688.72 8682.42 8677.58 8674.16 8670.81 8671.2 8672.26 8672.54 8668.45 8659.94 8650.61 8642.33 8638.66 8638.31 8636.96 8635.93 8634.21 8630.26 8625.77 8619.55 8612.43 8605.26 8598.53 8591.96 8589.29 8585.72
8844.19 8834.01 8825.95 8822.79 8820.64 8820.81 8821.52 8823.74 8826.55 8829.91 8828.62 8828.48 8822.72 8803.25 8788.97 8779.39 8779.99 8781.41 8781.56 8780.56 8771.66 8761.69 8750.54 8739.59 8728.96 8719.03 8709.24 8700.73 8692.38 8681.99 8679.86 8676.12 8672.19 8667.56 8660.5 8661.5 8666.29 8672.44 8678.49 8680.69 8679.06 8675.31 8673.3 8671.91 8670.82 8668.65 8668.13 8667.41 8665.1 8660.14 8654.23 8646.05 8638.36 8634.82 8634.5 8633.62 8631.98 8631.03 8629.42 8625.05 8618.03 8610.34 8602.49 8594.87 8587.68 8584.73 8580.69
8829.33 8825.79 8823.01 8817.92 8820.52 8821.57 8822.03 8822.08 8822.86 8822.07 8823.64 8827.04 8820.61 8804.04 8788 8775.78 8775.35 8775.7 8774.79 8770.78 8766.96 8759.71 8750.13 8739.96 8729.43 8719.73 8709.78 8701.11 8693.85 8688.54 8681.16 8675.95 8671.67 8666.44 8658.92 8657.38 8659.95 8663.68 8667.86 8669.08 8667.53 8665.76 8664.83 8664.88 8665.69 8666.17 8664.51 8662.63 8660.08 8656.37 8650.4 8642.74 8633.69 8629.12 8627.09 8627.24 8627.48 8627.37 8627.29 8623.31 8615.35 8607.23 8599.39 8591.98 8585.33 8580.22 8574.92
8813.03 8826.21 8827.85 8822.58 8823.97 8823.9 8822.53 8820.28 8817.4 8815.34 8816.39 8817.78 8811.78 8799.16 8785.21 8771.75 8766.07 8768.38 8769.22 8769.11 8765.2 8757.86 8749 8739.36 8729.46 8719.55 8709.76 8700.74 8693.43 8688.61 8681.14 8675.95 8671.62 8666.82 8658.88 8654.6 8654.62 8655.04 8655.24 8656.31 8656.31 8655.38 8655.29 8657.3 8659.56 8660.02 8659.52 8658.14 8655.49 8652.4 8647.62 8642.97 8635.84 8624.56 8617.71 8617.6 8619.83 8620.32 8620.85 8617.9 8610.17 8602.66 8595.67 8589.19 8582.83 8578.84 8574.3
8801.73 8827.8 8834.69 8832.62 8830.52 8827.52 8823.92 8819.37 8812.83 8807.38 8804.71 8802.1 8799.57 8793.12 8782.94 8771.61 8763.57 8765.06 8765.39 8765.39 8762.37 8755.5 8747.07 8738.24 8729.32 8719.3 8709.54 8699.78 8689.85 8682.18 8679.19 8675.64 8671.92 8667.52 8660.04 8654.1 8651.37 8648.79 8646.43 8647.15 8647.78 8646.59 8646.93 8651.93 8654.02 8655.96 8656.27 8654.56 8650.96 8646.04 8644.16 8643.05 8637.87 8624.45 8613.99 8609.02 8609.62 8610 8610.28 8608.11 8602.36 8596.79 8591.56 8586.82 8582.72 8580.54 8575.05
8792.51 8817.38 8831.43 8838.43 8835.44 8830.08 8825.41 8820.58 8815.19 8806.94 8798.33 8794.53 8794.51 8789.67 8782.76 8776.59 8771.13 8766.49 8762.98 8760.27 8756.88 8752.25 8745.84 8738.03 8729.47 8719.88 8710.16 8699.44 8688.7 8681.55 8678.94 8676.29 8672.85 8668.39 8662.52 8656.29 8650.53 8645.58 8642.45 8642.55 8643.73 8645.01 8647.69 8652.23 8655.61 8656.96 8655.96 8652.24 8647.59 8642.68 8640.21 8638.83 8634.1 8623.86 8612.15 8601.59 8598.35 8599.53 8598.73 8595.92 8593.14 8590.29 8587.28 8584.67 8582.11 8577.62 8573.84
8786.08 8807.88 8823.72 8833.28 8832.64 8828.74 8825.14 8821.81 8818.63 8814.69 8812.7 8809.46 8797.56 8788.35 8781.56 8779.09 8775.69 8767.68 8761.55 8756.19 8751.96 8749.98 8745.08 8738.25 8730.24 8721.43 8711.56 8700.94 8690.44 8684.13 8681.37 8678.81 8675.21 8670.37 8664.73 8659.07 8650.91 8644.18 8640.31 8640.76 8642.79 8645.77 8649.93 8654.59 8657.11 8656.81 8654.62 8650.24 8644.92 8639.69 8635.94 8633.01 8629.17 8622.82 8612.33 8599.85 8594.24 8593.87 8590.82 8586.19 8585.22 8584.47 8583.45 8582.71 8582.25 8581.03 8576.49
8782.26 8803.67 8819.39 8822.87 8823.48 8824.53 8822.66 8820.83 8819.04 8817.65 8818.28 8808.87 8796.31 8785.64 8776.48 8770.39 8769.95 8766.53 8760.25 8755.15 8752.95 8749.7 8745.48 8739.78 8732.58 8724.37 8714.98 8705.07 8694.12 8688.75 8686.47 8683.55 8679.54 8674.66 8668.66 8660.05 8651.36 8644.56 8640.53 8641.44 8643.25 8646.07 8651.44 8655.02 8656.96 8655.76 8653.49 8648.04 8641.73 8636.46 8631.22 8625.66 8623.65 8623.23 8615.1 8607.21 8600.36 8594.35 8588.27 8582.53 8580.6 8579.84 8579.51 8579.95 8581.99 8586 8583.07
8777.86 8799.69 8816.38 8819.98 8821.19 8818.97 8817.5 8816.89 8816.16 8812.29 8807.9 8798.77 8790.12 8780.67 8770.79 8761.51 8762.31 8762.71 8759.08 8754.96 8751.12 8749.96 8747.17 8742.54 8736.49 8729.05 8720.57 8712.65 8704.34 8698.45 8694.32 8690.37 8685.59 8679.99 8672.28 8659.58 8653.09 8648.1 8644.9 8644.48 8644.92 8645.18 8644.41 8649.39 8652.14 8652.1 8651.39 8644.3 8637.11 8630.27 8623.47 8618.78 8616.95 8615.86 8615.25 8613.24 8606.32 8596.89 8588.52 8581.74 8578 8576.28 8575.69 8575.9 8576.81 8578.25 8581.3
8771.81 8791.5 8806.23 8811.13 8811.64 8811.17 8810.53 8809.97 8808.35 8804.46 8797.37 8791.23 8785.52 8778.06 8768.93 8758.08 8758.02 8759.15 8759.41 8757.45 8753.26 8752.47 8750.86 8746.61 8741.15 8734.3 8727.04 8720.49 8717.57 8708.91 8703.16 8698.28 8692.7 8685.7 8676.02 8664.4 8657.34 8654.11 8651.5 8649.4 8648.48 8647.34 8644.53 8640.33 8645.18 8646.22 8642.32 8637.01 8632.57 8625.84 8618.36 8612.68 8612.15 8612.31 8613.64 8613.56 8608.05 8598.41 8589.01 8581.08 8576.13 8573.77 8572.43 8571.82 8571.98 8571.52 8578.55
