real_craters/C118-750m.grd
DSAA
99 99
-36.645 36.645
-36.645 36.645
7737.8537589584 9353.5307662615
[rows 0 to 37 of 99, columns 0 to 83 of 99]
8767 8760 8756 8751 8746 8751 8764 8773 8811 8880 8982 9146 9257 9276 9282 9292 9293 9270 9299 9305 9291 9276 9264 9257 9252 9236 9219 9205 9182 9192 9189 9171 9157 9146 9138 9132 9122 9110 9086 9096 9091 9082 9070 9061 9083 9093 9085 9086 9093 9105 9096 9112 9068 9050 9023 8986 8937 8903 8899 8913 8907 8892 8864 8852 8858 8856 8840 8829 8826 8805 8771 8746 8739 8708 8741 8785 8784 8788 8777 8776 8778 8780 8783 8778
8787 8773 8767 8761 8752 8757 8787 8818 8875 8997 9128 9203 9264 9275 9280 9285 9281 9260 9276 9275 9260 9264 9257 9244 9229 9219 9207 9195 9173 9169 9167 9161 9152 9144 9137 9131 9119 9096 9086 9084 9090 9080 9063 9052 9065 9076 9060 9057 9070 9076 9066 9081 9088 9047 8989 8939 8923 8885 8871 8884 8877 8847 8830 8819 8836 8841 8822 8810 8802 8784 8757 8732 8725 8708 8682 8712 8742 8772 8768 8763 8769 8768 8769 8762
8822 8791 8785 8775 8779 8775 8840 8941 9025 9118 9209 9251 9273 9278 9279 9277 9294 9280 9260 9252 9247 9259 9251 9233 9211 9206 9194 9180 9169 9153 9150 9149 9144 9137 9130 9119 9107 9092 9078 9074 9086 9078 9068 9046 9041 9041 9041 9054 9062 9057 9041 9034 9042 9030 8965 8905 8898 8867 8851 8855 8844 8834 8816 8807 8811 8801 8796 8786 8778 8768 8755 8749 8728 8712 8689 8686 8701 8720 8739 8756 8763 8773 8768 8753
8954 8892 8869 8846 8879 8888 8979 9115 9179 9219 9264 9284 9288 9283 9279 9271 9256 9253 9249 9240 9243 9250 9242 9229 9217 9203 9191 9181 9170 9147 9143 9141 9136 9129 9120 9119 9102 9085 9077 9065 9062 9067 9071 9047 9032 9035 9029 9051 9057 9048 9031 9009 9004 9000 8955 8887 8855 8837 8820 8816 8821 8832 8810 8798 8798 8790 8782 8774 8770 8763 8745 8718 8709 8704 8682 8657 8667 8692 8718 8741 8752 8758 8758 8747
9152 9097 9053 9046 9055 9099 9154 9259 9278 9279 9291 9295 9291 9291 9278 9274 9265 9254 9246 9234 9233 9238 9230 9217 9208 9203 9201 9202 9187 9163 9149 9140 9133 9124 9110 9089 9090 9085 9071 9057 9045 9050 9053 9045 9031 9023 9025 9035 9037 9031 9013 8989 8977 8973 8964 8930 8841 8823 8813 8799 8804 8819 8815 8803 8794 8789 8776 8764 8762 8762 8739 8708 8696 8693 8676 8650 8646 8655 8691 8719 8735 8748 8756 8745
9276 9267 9215 9221 9207 9243 9246 9277 9290 9288 9283 9280 9272 9264 9262 9259 9267 9265 9254 9251 9242 9235 9221 9206 9199 9201 9202 9203 9191 9176 9155 9143 9134 9123 9112 9097 9093 9087 9070 9045 9037 9039 9043 9040 9031 9014 9022 9020 9009 9005 8981 8967 8963 8959 8971 8941 8845 8822 8806 8795 8786 8797 8805 8800 8788 8777 8770 8752 8753 8751 8736 8722 8701 8679 8666 8652 8645 8644 8668 8699 8716 8727 8734 8739
9282 9275 9266 9268 9254 9252 9257 9260 9274 9270 9260 9252 9246 9242 9243 9242 9259 9262 9253 9243 9234 9223 9214 9202 9199 9201 9199 9192 9180 9169 9157 9145 9135 9126 9118 9110 9098 9085 9066 9037 9030 9029 9029 9036 9031 9009 9010 9033 9015 8993 8970 8963 8960 8954 8969 8925 8861 8831 8810 8793 8776 8779 8794 8790 8780 8768 8757 8748 8745 8742 8733 8724 8697 8675 8659 8651 8646 8646 8662 8685 8698 8704 8700 8718
9267 9258 9262 9259 9248 9241 9253 9262 9264 9256 9239 9227 9226 9222 9227 9229 9236 9241 9247 9246 9227 9215 9214 9211 9208 9206 9201 9189 9179 9161 9156 9147 9137 9128 9120 9110 9098 9086 9076 9043 9028 9026 9033 9027 9018 9002 9000 9012 8996 8995 8987 8959 8944 8941 8911 8869 8866 8837 8813 8801 8779 8772 8777 8776 8771 8765 8749 8743 8736 8722 8705 8693 8690 8690 8662 8650 8646 8643 8648 8667 8682 8696 8710 8703
9255 9251 9253 9252 9245 9253 9272 9279 9271 9255 9237 9224 9216 9213 9216 9224 9235 9228 9238 9242 9217 9209 9215 9225 9216 9210 9209 9209 9191 9169 9158 9147 9135 9124 9116 9106 9093 9078 9053 9040 9033 9029 9027 9024 9008 9013 9036 9034 9021 9001 8973 8954 8934 8908 8858 8842 8841 8828 8814 8801 8782 8763 8757 8759 8762 8762 8754 8746 8739 8728 8709 8681 8681 8688 8666 8651 8644 8632 8629 8647 8666 8683 8694 8691
9253 9249 9249 9250 9248 9271 9320 9313 9286 9261 9238 9218 9206 9198 9192 9214 9215 9223 9233 9226 9207 9203 9206 9214 9209 9206 9207 9209 9189 9175 9159 9143 9128 9115 9106 9097 9087 9070 9049 9046 9047 9048 9036 9040 9048 9059 9062 9057 9041 9006 8974 8963 8933 8889 8835 8821 8801 8806 8806 8801 8784 8756 8739 8745 8754 8762 8769 8759 8748 8734 8712 8685 8674 8675 8658 8651 8645 8628 8620 8633 8654 8670 8672 8683
9262 9258 9256 9255 9265 9292 9326 9318 9291 9263 9239 9217 9198 9184 9190 9202 9213 9231 9232 9225 9209 9200 9193 9187 9189 9192 9194 9196 9187 9173 9156 9138 9121 9105 9091 9085 9083 9079 9065 9050 9053 9057 9057 9062 9072 9083 9073 9064 9046 8998 8956 8945 8914 8868 8833 8817 8802 8797 8796 8798 8784 8753 8729 8737 8749 8763 8778 8769 8755 8742 8724 8693 8670 8664 8656 8649 8637 8617 8611 8625 8647 8667 8670 8690
9271 9265 9263 9263 9274 9297 9309 9303 9285 9261 9238 9216 9196 9180 9187 9202 9218 9228 9228 9220 9215 9194 9177 9168 9168 9171 9173 9174 9167 9165 9147 9131 9113 9094 9076 9075 9078 9079 9063 9062 9061 9065 9071 9078 9091 9093 9089 9050 9019 8990 8951 8930 8898 8845 8817 8813 8804 8797 8791 8799 8794 8757 8735 8738 8745 8755 8763 8767 8753 8736 8713 8690 8671 8664 8662 8655 8637 8611 8609 8621 8642 8661 8665 8686
9270 9261 9263 9279 9291 9292 9296 9287 9274 9255 9235 9216 9196 9181 9188 9210 9215 9203 9218 9222 9199 9181 9163 9150 9146 9147 9150 9154 9155 9149 9140 9127 9109 9090 9080 9073 9075 9076 9081 9074 9070 9077 9079 9082 9087 9091 9067 9035 9010 9008 8972 8939 8899 8842 8814 8802 8790 8788 8793 8810 8800 8769 8752 8744 8743 8746 8758 8765 8746 8725 8703 8694 8684 8672 8664 8656 8639 8619 8610 8618 8638 8663 8655 8674
9255 9258 9271 9289 9298 9283 9277 9276 9264 9247 9230 9211 9193 9180 9181 9204 9202 9184 9198 9210 9194 9162 9136 9125 9124 9128 9133 9140 9162 9170 9151 9129 9106 9085 9069 9068 9072 9078 9087 9086 9081 9087 9082 9080 9077 9076 9049 9027 9018 9007 8968 8921 8896 8863 8835 8808 8786 8780 8791 8798 8798 8777 8760 8747 8738 8734 8735 8743 8733 8721 8714 8705 8693 8679 8667 8657 8651 8641 8631 8626 8627 8640 8667 8668
9244 9261 9284 9297 9300 9298 9289 9278 9263 9244 9225 9205 9186 9173 9173 9183 9179 9166 9185 9194 9172 9135 9097 9093 9103 9113 9123 9132 9157 9171 9155 9131 9107 9084 9070 9066 9070 9079 9097 9104 9102 9101 9085 9079 9072 9076 9051 9031 9023 9019 8971 8913 8892 8856 8844 8810 8789 8784 8780 8779 8790 8787 8764 8745 8731 8721 8717 8724 8718 8704 8688 8692 8700 8695 8681 8674 8657 8640 8634 8625 8613 8609 8644 8662
9241 9263 9288 9292 9301 9313 9308 9290 9269 9247 9223 9198 9176 9162 9152 9159 9162 9164 9167 9159 9147 9117 9081 9081 9095 9108 9120 9128 9133 9149 9149 9131 9107 9085 9068 9066 9068 9082 9098 9102 9103 9104 9091 9089 9087 9097 9076 9049 9036 9009 8976 8952 8907 8858 8813 8804 8785 8765 8758 8760 8760 8767 8755 8737 8722 8710 8705 8713 8710 8699 8687 8687 8697 8694 8687 8678 8670 8651 8637 8625 8611 8603 8621 8661
9229 9250 9269 9282 9300 9329 9319 9298 9274 9249 9224 9202 9180 9155 9144 9151 9150 9148 9146 9140 9126 9107 9086 9083 9092 9105 9119 9135 9130 9144 9142 9127 9107 9092 9080 9071 9068 9082 9097 9104 9116 9116 9107 9102 9113 9118 9076 9049 9015 8998 8965 8958 8919 8873 8842 8818 8788 8765 8757 8749 8738 8739 8734 8724 8711 8699 8691 8704 8705 8705 8700 8691 8690 8690 8686 8678 8665 8657 8640 8630 8612 8602 8618 8655
9214 9225 9246 9275 9308 9341 9326 9304 9277 9251 9225 9198 9171 9152 9129 9135 9133 9126 9112 9117 9103 9085 9072 9085 9091 9102 9115 9126 9108 9116 9134 9118 9101 9084 9076 9074 9076 9080 9084 9087 9097 9112 9106 9070 9061 9035 8975 8959 8935 8923 8919 8956 8936 8885 8851 8823 8802 8777 8760 8758 8727 8723 8719 8714 8703 8691 8682 8681 8695 8707 8700 8682 8677 8691 8682 8672 8660 8645 8632 8619 8611 8601 8610 8633
9169 9186 9215 9267 9309 9326 9320 9301 9277 9252 9227 9203 9183 9159 9133 9114 9118 9117 9109 9095 9081 9084 9083 9082 9086 9094 9102 9107 9097 9104 9107 9104 9092 9080 9074 9072 9072 9062 9074 9083 9078 9074 9059 9003 8922 8882 8897 8891 8878 8860 8877 8917 8936 8884 8840 8825 8821 8827 8811 8776 8727 8721 8715 8712 8701 8687 8677 8675 8686 8702 8684 8676 8672 8677 8673 8662 8648 8633 8622 8606 8599 8595 8600 8614
9154 9165 9196 9268 9306 9315 9310 9294 9271 9250 9227 9205 9184 9154 9129 9111 9107 9110 9100 9070 9073 9067 9065 9072 9077 9082 9088 9086 9078 9082 9101 9091 9080 9073 9067 9066 9064 9058 9069 9078 9049 9013 8957 8944 8946 8919 8902 8896 8880 8866 8857 8832 8868 8877 8851 8830 8824 8822 8816 8791 8746 8727 8731 8723 8707 8689 8676 8673 8679 8697 8695 8681 8674 8674 8667 8653 8641 8635 8620 8603 8591 8584 8593 8610
9154 9163 9205 9271 9294 9305 9296 9281 9262 9244 9224 9200 9169 9154 9127 9104 9099 9092 9076 9069 9072 9069 9064 9068 9069 9070 9069 9069 9060 9061 9077 9073 9059 9047 9052 9058 9064 9055 9057 9051 9039 8982 8904 8904 8913 8901 8888 8877 8868 8854 8851 8818 8796 8860 8838 8821 8821 8823 8816 8791 8780 8781 8769 8738 8714 8695 8681 8669 8669 8688 8692 8679 8671 8674 8659 8640 8637 8632 8618 8601 8589 8580 8590 8609
9154 9163 9205 9252 9270 9285 9282 9272 9257 9240 9224 9207 9190 9166 9146 9125 9106 9093 9091 9096 9083 9076 9066 9063 9060 9056 9052 9049 9048 9046 9057 9044 9030 9028 9030 9040 9051 9050 9042 9013 8940 8913 8891 8897 8902 8891 8867 8843 8836 8838 8847 8809 8776 8782 8825 8818 8822 8822 8823 8805 8771 8773 8764 8741 8716 8695 8679 8668 8657 8664 8664 8663 8664 8659 8648 8629 8625 8626 8612 8593 8579 8571 8590 8613
9153 9158 9195 9230 9257 9270 9270 9264 9253 9240 9226 9214 9208 9191 9168 9135 9116 9116 9116 9109 9092 9075 9070 9062 9054 9046 9039 9036 9043 9053 9028 9013 9003 8997 9006 9022 9046 9051 9029 8992 8914 8850 8889 8893 8880 8861 8832 8814 8807 8804 8797 8784 8764 8751 8807 8837 8828 8814 8797 8791 8773 8764 8757 8739 8716 8690 8678 8669 8654 8643 8645 8651 8657 8649 8641 8627 8602 8602 8594 8586 8578 8576 8597 8621
9150 9153 9183 9216 9240 9252 9259 9257 9247 9235 9221 9209 9194 9175 9168 9144 9124 9124 9116 9108 9096 9090 9076 9063 9051 9040 9030 9027 9033 9038 9024 8992 8983 8982 8983 8993 9020 9041 9031 8991 8915 8843 8867 8866 8863 8838 8809 8790 8779 8770 8766 8769 8769 8751 8791 8821 8823 8820 8815 8785 8766 8761 8752 8741 8722 8698 8687 8677 8657 8642 8644 8653 8655 8642 8628 8622 8609 8590 8579 8579 8584 8589 8613 8644
9149 9147 9198 9209 9218 9247 9257 9253 9245 9235 9220 9205 9189 9174 9157 9137 9122 9115 9106 9100 9093 9087 9075 9063 9051 9036 9019 9014 9014 9008 9003 8985 8962 8957 8964 8970 9015 9045 9042 8996 8900 8826 8848 8843 8837 8819 8793 8766 8755 8752 8754 8756 8754 8734 8775 8803 8804 8804 8793 8779 8764 8762 8762 8751 8737 8718 8708 8693 8665 8656 8652 8651 8643 8633 8615 8612 8612 8592 8575 8569 8570 8599 8632 8662
9160 9147 9180 9178 9197 9237 9253 9250 9242 9230 9217 9203 9186 9181 9167 9118 9100 9106 9095 9084 9086 9081 9071 9062 9050 9039 9029 9014 9001 8987 8977 8966 8961 8958 8963 8972 8997 9042 9066 9059 8872 8836 8838 8825 8809 8799 8774 8752 8743 8747 8751 8743 8727 8732 8773 8784 8777 8785 8819 8786 8764 8767 8763 8758 8752 8749 8732 8720 8685 8669 8666 8665 8656 8640 8613 8605 8601 8590 8578 8566 8581 8615 8649 8676
9190 9209 9181 9166 9182 9226 9248 9248 9241 9232 9219 9201 9176 9150 9133 9111 9091 9091 9080 9076 9078 9080 9068 9059 9049 9039 9026 9012 8993 8977 8962 8959 8945 8953 8971 8999 9020 9047 9079 9091 8962 8861 8833 8824 8808 8787 8762 8748 8742 8744 8748 8733 8714 8786 8800 8787 8763 8760 8796 8783 8753 8758 8754 8754 8754 8752 8743 8738 8725 8696 8678 8663 8663 8651 8621 8606 8595 8586 8581 8578 8596 8632 8662 8684
9209 9223 9195 9165 9176 9216 9240 9243 9236 9228 9220 9208 9195 9183 9148 9135 9109 9073 9064 9061 9060 9063 9064 9053 9042 9032 9022 9005 8987 8968 8954 8956 8946 8954 8974 9001 9013 9037 9061 9073 9071 8935 8851 8809 8798 8783 8762 8747 8738 8743 8741 8720 8717 8855 8824 8776 8774 8754 8757 8755 8744 8747 8749 8746 8741 8740 8735 8732 8723 8706 8696 8675 8674 8665 8646 8627 8604 8595 8581 8586 8608 8649 8673 8689
9206 9209 9192 9161 9167 9208 9238 9237 9230 9224 9215 9209 9201 9179 9163 9141 9111 9080 9057 9047 9043 9044 9046 9040 9030 9018 9007 8993 8980 8966 8955 8945 8950 8953 8968 8983 8999 9016 9031 9047 9073 9034 8926 8797 8797 8799 8776 8760 8757 8747 8734 8745 8831 8823 8818 8825 8796 8778 8760 8740 8730 8735 8735 8727 8715 8711 8719 8718 8708 8709 8688 8717 8699 8679 8668 8649 8627 8614 8587 8585 8626 8665 8682 8695
9199 9198 9181 9154 9162 9197 9226 9227 9223 9218 9211 9208 9203 9197 9177 9145 9115 9082 9060 9051 9034 9033 9034 9031 9019 9002 8987 8980 8972 8966 8965 8945 8933 8944 8957 8977 8983 8999 9011 9019 9080 9107 9044 8936 8900 8861 8811 8772 8764 8778 8777 8865 8836 8797 8797 8805 8796 8773 8762 8747 8729 8718 8720 8711 8707 8705 8708 8712 8726 8668 8592 8632 8715 8672 8663 8652 8651 8656 8607 8602 8635 8681 8690 8699
9194 9201 9183 9154 9156 9181 9203 9208 9209 9208 9204 9199 9192 9187 9169 9136 9097 9072 9053 9037 9033 9040 9045 9029 9011 8995 8981 8969 8961 8954 8944 8946 8936 8938 8943 8956 8982 8988 9005 9036 9070 9102 9100 9085 9022 8944 8889 8861 8875 8878 8893 8877 8817 8793 8783 8782 8772 8771 8755 8747 8737 8726 8713 8698 8708 8707 8702 8700 8695 8697 8642 8659 8699 8671 8655 8651 8655 8658 8629 8617 8654 8694 8705 8712
9193 9210 9193 9149 9151 9164 9178 9190 9195 9196 9195 9192 9187 9198 9168 9142 9115 9100 9080 9056 9051 9051 9047 9025 8999 8978 8966 8958 8953 8947 8944 8944 8942 8942 8942 8949 8965 8975 8985 9014 9058 9083 9080 9053 9036 9017 9002 9024 8982 8941 8900 8873 8854 8803 8782 8770 8760 8767 8751 8746 8734 8726 8711 8697 8692 8694 8695 8693 8685 8691 8689 8692 8690 8671 8661 8654 8651 8641 8639 8636 8670 8721 8727 8725
9190 9208 9188 9158 9148 9154 9169 9179 9186 9190 9193 9195 9200 9197 9174 9156 9136 9125 9107 9092 9075 9057 9041 9017 8986 8956 8950 8952 8951 8948 8942 8946 8948 8952 8951 8942 8951 8969 8985 9015 9057 9077 9061 9027 9063 9079 9063 9014 8995 8970 8930 8911 8884 8826 8786 8778 8767 8753 8739 8724 8721 8711 8700 8689 8678 8683 8687 8690 8694 8685 8673 8679 8681 8670 8653 8646 8650 8657 8654 8649 8676 8727 8736 8731
9185 9215 9202 9173 9141 9147 9162 9169 9174 9181 9186 9192 9196 9195 9163 9169 9159 9142 9116 9085 9059 9050 9030 9003 8976 8956 8951 8955 8958 8959 8960 8962 8959 8965 8984 8961 8955 8974 8997 9022 9051 9060 9032 9072 9165 9149 9135 9097 9063 9036 9058 9134 9081 8939 8841 8827 8786 8774 8748 8721 8722 8714 8705 8708 8689 8686 8686 8685 8674 8663 8668 8669 8669 8656 8643 8638 8652 8665 8658 8655 8696 8722 8738 8731
9176 9207 9202 9178 9155 9149 9151 9158 9169 9177 9184 9186 9187 9179 9180 9184 9165 9147 9114 9076 9056 9040 9009 8985 8976 8966 8964 8967 8969 8973 8978 8966 8969 8968 8955 8971 8975 8985 8997 9010 9032 9045 9023 9136 9154 9183 9193 9200 9167 9128 9037 9071 9112 9068 9033 8987 8953 8865 8816 8780 8768 8749 8730 8733 8708 8693 8687 8687 8680 8655 8658 8655 8647 8638 8638 8643 8672 8685 8681 8695 8728 8746 8756 8731
9164 9186 9202 9193 9170 9160 9155 9156 9166 9175 9182 9188 9187 9195 9206 9197 9184 9156 9114 9076 9064 9045 9018 8999 8995 8987 8986 8985 8984 8984 8980 8966 8975 8973 8969 8991 8995 9005 9013 8994 8984 8995 9096 9179 9137 9198 9255 9241 9105 8972 8962 8918 8954 9071 9184 9158 9086 9010 8904 8863 8835 8792 8755 8730 8708 8701 8687 8669 8660 8657 8650 8653 8642 8633 8672 8723 8717 8715 8715 8720 8749 8763 8775 8727
9154 9174 9201 9206 9188 9174 9168 9167 9170 9175 9181 9180 9178 9182 9209 9197 9173 9151 9109 9077 9068 9065 9051 9037 9035 9024 9013 9006 9000 8994 8986 8970 8972 8977 8982 8985 9000 9022 9026 8982 8943 8987 9272 9329 9287 9164 9132 9047 8977 9027 9024 8973 8952 9016 9149 9227 9259 9141 8990 8894 8847 8825 8816 8777 8740 8713 8692 8668 8654 8648 8664 8681 8684 8685 8734 8728 8725 8725 8716 8743 8771 8767 8750 8713
9150 9163 9191 9203 9198 9192 9181 9173 9173 9177 9181 9188 9178 9181 9198 9189 9162 9122 9104 9089 9106 9103 9091 9077 9068 9057 9034 9020 9010 9002 8995 8977 8966 8974 8987 8994 8997 9021 9021 8960 8942 8971 9354 9232 9098 8938 8802 8822 8920 9045 9051 9115 9070 8966 8979 9205 9220 9139 9073 8957 8879 8847 8822 8814 8768 8728 8708 8694 8682 8673 8715 8726 8743 8760 8748 8749 8752 8758 8768 8786 8780 8767 8750 8699
