real_craters/C118-750m.grd
DSAA
99 99
-36.645 36.645
-36.645 36.645
7737.8537589584 9353.5307662615
[rows 38 to 75 of 99, columns 0 to 83 of 99]
9153 9154 9169 9192 9201 9202 9188 9176 9179 9180 9182 9182 9184 9182 9182 9192 9174 9124 9109 9135 9147 9143 9120 9095 9072 9054 9039 9026 9014 9006 8998 8975 8967 8969 8968 8968 9000 9019 8983 8935 8915 9025 9089 8901 8770 8661 8562 8625 8709 8751 8796 8816 8907 8835 8841 9107 9273 9223 9056 8969 8906 8860 8832 8807 8747 8732 8721 8723 8721 8736 8762 8760 8762 8778 8797 8800 8807 8793 8781 8755 8747 8726 8700 8676
9146 9144 9156 9184 9196 9208 9199 9195 9189 9186 9183 9181 9185 9183 9172 9174 9176 9108 9111 9137 9182 9174 9133 9096 9071 9052 9036 9023 9014 9006 8998 8988 8980 8980 8977 8991 9052 9105 9034 8914 8827 8862 8872 8662 8587 8534 8484 8500 8546 8582 8589 8594 8657 8631 8621 8814 9068 9242 9129 9010 8919 8871 8827 8794 8762 8743 8734 8709 8750 8777 8779 8770 8771 8775 8783 8798 8809 8783 8752 8704 8717 8738 8678 8654
9137 9138 9139 9147 9181 9201 9204 9197 9195 9194 9193 9191 9191 9189 9183 9149 9149 9117 9129 9155 9190 9180 9134 9084 9053 9041 9029 9020 9013 9008 9005 9012 9003 9010 9002 9028 9131 9178 9069 8886 8714 8635 8631 8553 8530 8504 8466 8411 8420 8400 8409 8445 8434 8435 8494 8582 8818 9107 9191 9051 8966 8905 8847 8796 8760 8762 8769 8787 8784 8796 8776 8758 8759 8750 8769 8777 8784 8738 8677 8666 8684 8721 8672 8643
9136 9137 9138 9145 9174 9202 9206 9201 9202 9201 9201 9201 9197 9195 9192 9181 9163 9138 9162 9193 9191 9169 9126 9089 9052 9031 9019 9010 9006 9007 9014 9047 9038 9012 9019 9085 9221 9283 9107 8889 8706 8594 8630 8505 8439 8384 8319 8253 8199 8195 8230 8261 8235 8269 8360 8470 8615 8819 8971 9002 9014 8974 8911 8862 8825 8813 8798 8790 8803 8800 8754 8743 8730 8714 8715 8728 8729 8720 8674 8640 8636 8655 8655 8641
9140 9139 9143 9156 9172 9186 9199 9205 9204 9202 9202 9200 9198 9195 9191 9167 9140 9149 9193 9210 9177 9138 9110 9077 9046 9026 9013 9005 9001 9007 9037 9064 9067 9030 9041 9121 9260 9294 9129 8928 8756 8646 8622 8436 8294 8233 8147 8101 8040 8043 8058 8102 8131 8153 8196 8254 8411 8565 8718 8893 9045 9051 8989 8946 8898 8870 8845 8820 8817 8825 8818 8756 8708 8699 8665 8672 8718 8717 8685 8628 8623 8632 8651 8650
9139 9138 9145 9160 9167 9175 9187 9196 9201 9197 9193 9191 9188 9188 9188 9170 9137 9165 9198 9196 9168 9133 9098 9062 9036 9019 9009 9001 8993 8989 9001 9077 9105 9068 9042 9130 9249 9243 9096 8914 8726 8569 8635 8305 8105 8071 8028 8006 7976 7976 8048 8024 8016 8057 8103 8135 8248 8360 8496 8776 9049 9118 9046 9000 8946 8921 8912 8874 8814 8782 8811 8751 8673 8638 8630 8646 8695 8665 8663 8616 8623 8627 8641 8642
9145 9137 9146 9161 9163 9162 9169 9184 9190 9187 9187 9181 9179 9176 9169 9150 9138 9148 9182 9180 9160 9138 9089 9046 9018 9014 9009 9003 8997 8985 8981 9050 9075 9056 9037 9131 9239 9186 9019 8822 8653 8459 8556 8271 8033 8016 7999 7970 7937 7914 7896 7929 7955 7974 7984 8043 8131 8244 8366 8639 8948 9074 9074 9049 8991 8960 8938 8889 8818 8763 8753 8727 8618 8626 8621 8633 8657 8633 8626 8606 8616 8619 8621 8625
9146 9140 9146 9154 9156 9150 9152 9163 9170 9171 9173 9171 9170 9169 9159 9147 9152 9174 9174 9164 9144 9118 9079 9038 9012 9018 9020 9017 9015 9017 9032 9053 9073 9060 9057 9149 9228 9129 8933 8689 8456 8250 8223 8134 7984 8010 7999 7975 7937 7901 7873 7858 7847 7860 7856 7919 8021 8155 8255 8483 8737 8884 9088 9076 9003 8961 8897 8858 8830 8790 8721 8677 8621 8620 8619 8620 8624 8610 8604 8608 8613 8611 8609 8616
9152 9143 9144 9149 9150 9147 9148 9149 9151 9166 9172 9175 9179 9181 9173 9169 9175 9186 9192 9160 9127 9092 9067 9049 9033 9037 9037 9035 9035 9038 9045 9053 9048 9037 9015 9145 9200 9063 8838 8568 8270 8104 8248 8159 7982 7998 7997 7995 7984 7963 7905 7837 7810 7791 7803 7851 7925 8024 8177 8366 8586 8751 9082 9102 8997 8965 8896 8842 8809 8782 8755 8656 8625 8623 8620 8616 8620 8622 8594 8597 8599 8590 8594 8593
9144 9139 9141 9143 9142 9139 9141 9152 9166 9187 9197 9202 9206 9212 9213 9208 9207 9198 9189 9150 9111 9071 9055 9062 9070 9061 9053 9049 9049 9048 9050 9052 9043 9027 9026 9156 9179 9008 8770 8506 8250 8117 8475 8181 8006 8001 8010 8017 8024 8015 7923 7831 7788 7767 7784 7828 7879 7975 8110 8302 8507 8654 9034 9076 9005 8999 8863 8823 8815 8785 8746 8664 8623 8626 8624 8614 8625 8639 8637 8631 8625 8601 8584 8565
9151 9141 9141 9142 9141 9137 9140 9163 9191 9214 9229 9231 9234 9242 9249 9234 9225 9205 9176 9140 9101 9065 9051 9056 9072 9068 9057 9053 9057 9069 9061 9049 9038 9022 9039 9151 9130 8959 8730 8491 8285 8186 8120 8054 8043 8061 8023 8011 8025 8039 7897 7796 7771 7751 7774 7812 7870 7977 8114 8297 8491 8648 8901 9031 9034 9007 8827 8796 8811 8767 8700 8643 8630 8634 8628 8629 8650 8673 8665 8661 8637 8602 8588 8577
9161 9143 9146 9149 9149 9145 9145 9168 9194 9227 9246 9226 9247 9251 9249 9229 9212 9207 9172 9134 9099 9069 9052 9050 9057 9056 9049 9043 9042 9045 9045 9037 9027 9039 9089 9144 9080 8913 8700 8488 8309 8192 8059 7952 7957 7946 7963 7952 7951 7938 7887 7803 7774 7747 7770 7816 7898 8046 8193 8354 8526 8704 8877 9024 9056 8925 8788 8759 8759 8719 8667 8633 8630 8642 8655 8686 8699 8683 8668 8657 8667 8624 8602 8591
9152 9147 9154 9161 9167 9158 9156 9178 9206 9234 9262 9287 9265 9248 9237 9227 9202 9199 9178 9136 9104 9079 9062 9046 9046 9042 9035 9025 9016 9014 9022 9029 9042 9067 9108 9144 9046 8871 8669 8467 8293 8157 8036 7930 7848 7841 7849 7870 7860 7828 7841 7854 7812 7803 7800 7874 8003 8129 8337 8424 8567 8713 8859 9032 9081 8876 8763 8716 8680 8670 8650 8636 8648 8671 8684 8711 8702 8674 8662 8649 8640 8624 8613 8606
9162 9163 9164 9169 9173 9168 9174 9193 9218 9245 9268 9280 9267 9251 9238 9218 9192 9183 9170 9131 9105 9086 9074 9061 9052 9042 9023 9005 8988 8989 9004 9029 9039 9057 9099 9153 9016 8836 8634 8432 8260 8110 8013 7922 7854 7835 7834 7828 7813 7804 7835 7822 7807 7808 7798 7881 7993 8161 8334 8464 8566 8683 8793 9008 9158 8877 8729 8690 8650 8652 8650 8648 8670 8710 8736 8744 8711 8670 8660 8639 8621 8614 8613 8624
9179 9180 9177 9177 9174 9178 9184 9207 9223 9239 9254 9259 9250 9231 9224 9209 9180 9149 9133 9114 9098 9085 9073 9066 9052 9035 9019 8997 8973 8962 8997 9037 9068 9041 9075 9079 8972 8807 8615 8398 8187 8089 8013 7937 7868 7836 7829 7809 7789 7797 7779 7746 7760 7776 7805 7904 8006 8163 8375 8426 8561 8683 8781 8941 8979 8832 8723 8698 8675 8668 8673 8661 8682 8720 8733 8739 8716 8676 8657 8636 8617 8607 8602 8595
9191 9191 9194 9192 9190 9194 9205 9224 9236 9247 9245 9238 9233 9218 9196 9175 9153 9139 9118 9097 9088 9086 9088 9068 9056 9049 9023 9001 8984 8982 9000 9027 9034 9007 9028 9021 8937 8797 8624 8430 8227 8115 8053 7977 7901 7854 7829 7803 7776 7748 7738 7738 7760 7792 7849 7977 8122 8234 8394 8472 8592 8762 8933 8909 8839 8790 8768 8703 8677 8688 8712 8737 8729 8721 8714 8709 8706 8693 8655 8631 8616 8610 8606 8604
9214 9214 9218 9208 9201 9203 9213 9229 9245 9251 9248 9237 9221 9207 9182 9156 9129 9122 9105 9083 9078 9078 9079 9056 9048 9043 9026 9010 8992 8988 9000 9010 9005 8985 9002 8999 8928 8811 8667 8509 8326 8221 8133 8042 7943 7884 7842 7819 7798 7783 7780 7794 7816 7878 7925 8044 8195 8323 8486 8514 8639 8875 8968 8909 8851 8835 8781 8703 8672 8706 8744 8770 8742 8722 8703 8686 8689 8701 8674 8636 8629 8615 8611 8626
9229 9236 9234 9220 9207 9208 9222 9236 9248 9252 9239 9224 9209 9190 9168 9145 9124 9108 9092 9076 9070 9062 9046 9037 9033 9026 9023 9025 9023 9013 9004 8999 8995 8985 9009 9008 8950 8864 8751 8599 8453 8355 8250 8143 8029 7933 7892 7866 7851 7837 7826 7844 7869 7939 7987 8079 8214 8361 8489 8539 8699 8939 8938 8894 8871 8864 8805 8736 8711 8729 8763 8794 8778 8744 8710 8686 8690 8692 8674 8650 8620 8610 8608 8601
9238 9247 9240 9226 9218 9219 9226 9231 9247 9257 9229 9209 9194 9181 9162 9137 9117 9100 9083 9065 9061 9055 9044 9035 9023 9013 9016 9033 9061 9039 9007 8981 8990 8996 9007 9015 8991 8949 8877 8765 8623 8511 8392 8266 8142 8031 7971 7932 7919 7900 7892 7907 7929 8025 8081 8160 8268 8398 8532 8647 8851 8962 8956 8869 8844 8838 8823 8776 8746 8747 8768 8795 8806 8757 8714 8693 8687 8679 8656 8655 8636 8617 8602 8585
9240 9238 9228 9224 9227 9234 9235 9242 9253 9244 9218 9198 9180 9162 9150 9125 9103 9085 9073 9063 9047 9051 9056 9038 9018 8998 9006 9022 9034 9028 9009 8993 9002 9018 9020 9026 9034 9030 9023 8978 8804 8701 8570 8412 8257 8162 8085 8032 7999 7975 7994 8031 8072 8152 8222 8295 8403 8531 8697 8881 9087 9140 8899 8835 8837 8850 8855 8815 8752 8748 8772 8787 8776 8742 8705 8670 8682 8664 8653 8657 8642 8616 8584 8569
9226 9219 9212 9217 9226 9240 9235 9239 9245 9235 9220 9192 9170 9150 9128 9105 9081 9069 9057 9036 9033 9038 9045 9025 9016 9013 9011 9007 8999 9006 9005 9012 9012 9032 9053 9081 9073 9094 9147 9210 9086 8937 8785 8626 8463 8321 8235 8184 8145 8124 8150 8191 8250 8314 8392 8447 8567 8717 8916 9105 9195 9129 8920 8841 8843 8872 8820 8718 8723 8733 8738 8775 8752 8712 8688 8658 8568 8597 8636 8642 8635 8610 8574 8559
9209 9201 9207 9209 9212 9210 9216 9221 9221 9208 9191 9180 9157 9126 9101 9091 9074 9066 9057 9042 9031 9014 9002 9020 9007 9001 8994 8992 8992 8990 8988 8982 8987 9006 9066 9067 9070 9099 9158 9259 9300 9131 8987 8863 8715 8542 8455 8398 8354 8330 8326 8352 8405 8486 8590 8623 8774 8997 9115 9209 9044 8973 8884 8839 8842 8889 8848 8767 8728 8724 8738 8743 8737 8699 8678 8656 8645 8614 8633 8650 8640 8624 8589 8563
9197 9191 9195 9198 9201 9201 9197 9185 9202 9190 9178 9169 9164 9127 9102 9096 9090 9073 9068 9061 9032 9002 8990 8997 8996 8986 8974 8973 8973 8970 8968 8971 8959 8992 9032 9011 9022 9057 9105 9206 9302 9216 9122 9058 8939 8825 8746 8688 8627 8592 8556 8568 8636 8732 8840 8908 8998 9167 9192 9156 8990 8932 8889 8862 8854 8899 8879 8801 8739 8714 8704 8729 8736 8699 8679 8650 8636 8634 8652 8655 8648 8639 8602 8576
9188 9182 9180 9184 9193 9201 9188 9168 9171 9173 9157 9150 9148 9123 9108 9106 9108 9099 9081 9057 9032 9008 8997 9000 8998 8986 8965 8960 8953 8954 8947 8936 8931 8918 8958 8960 8967 8994 9048 9148 9205 9196 9151 9092 9040 8992 8934 8906 8896 8848 8831 8871 8943 9001 9104 9182 9147 9224 9173 9034 8936 8938 8915 8891 8862 8882 8857 8770 8726 8702 8697 8734 8762 8743 8693 8651 8632 8634 8648 8651 8648 8621 8610 8601
9172 9168 9169 9175 9180 9184 9173 9157 9163 9166 9139 9130 9116 9125 9122 9117 9112 9117 9088 9060 9036 9027 9018 9016 9009 9001 8998 8966 8952 8953 8950 8931 8906 8891 8886 8897 8913 8928 8958 9059 9117 9132 9134 9123 9077 9005 8944 8979 8997 9007 9051 9151 9150 9115 9200 9173 9155 9194 9151 9011 8948 8943 8924 8915 8869 8862 8851 8759 8715 8695 8696 8747 8781 8766 8702 8651 8630 8635 8668 8684 8657 8637 8639 8618
9159 9159 9162 9167 9163 9152 9140 9135 9142 9168 9147 9136 9133 9150 9137 9125 9118 9111 9089 9056 9038 9030 9023 9019 9012 9004 9005 8975 8962 8958 8958 8942 8913 8895 8895 8879 8877 8881 8871 8909 9005 9065 9107 9129 9117 9106 9131 9149 9110 9092 9113 9129 9141 9080 9131 9062 9092 9131 9081 9009 8950 8913 8901 8904 8850 8868 8870 8768 8706 8699 8720 8749 8773 8754 8701 8656 8648 8655 8680 8684 8663 8642 8651 8643
9150 9152 9156 9160 9147 9130 9118 9118 9130 9170 9168 9156 9154 9155 9144 9126 9117 9116 9093 9055 9027 9010 9013 9013 9005 8992 8971 8976 8970 8964 8945 8936 8913 8919 8943 8916 8890 8878 8868 8900 8956 9013 9060 9108 9115 9142 9174 9184 9135 9104 9104 9147 9038 8997 9013 8973 9016 9005 8967 8964 8907 8861 8863 8853 8838 8853 8812 8721 8691 8697 8726 8748 8746 8715 8698 8693 8667 8695 8685 8680 8670 8656 8660 8668
9147 9150 9154 9152 9132 9114 9104 9098 9141 9186 9187 9172 9165 9162 9147 9127 9113 9107 9088 9062 9041 9022 9016 9012 9004 8988 8964 8972 8979 8979 8983 8976 8966 8949 8945 8944 8916 8902 8904 8918 8946 8975 8998 9017 9056 9078 9088 9050 9048 9056 9051 9050 9038 9003 8975 8970 9004 9014 9022 8966 8924 8851 8859 8867 8862 8810 8727 8685 8690 8708 8755 8760 8741 8708 8694 8692 8672 8710 8688 8687 8679 8680 8684 8688
9148 9150 9149 9135 9114 9098 9085 9113 9132 9198 9201 9188 9175 9167 9154 9139 9125 9109 9089 9069 9045 9029 9025 9026 9023 9002 8990 8982 8986 8988 8997 8999 8996 8973 8967 8940 8916 8913 8925 8946 8946 8954 8965 8981 9003 9014 9015 9006 9001 8993 8990 8987 8993 8990 8982 9012 9019 9013 8976 8945 8904 8887 8870 8885 8869 8775 8716 8696 8720 8742 8782 8780 8757 8726 8694 8686 8673 8712 8705 8683 8684 8693 8703 8697
9150 9150 9145 9112 9112 9105 9098 9141 9133 9214 9229 9204 9186 9178 9167 9149 9138 9128 9113 9074 9036 9034 9034 9030 9019 9014 9007 9002 8998 8991 8982 8988 8985 8980 8970 8938 8920 8916 8924 8930 8936 8939 8941 8946 8953 8953 8936 8912 8912 8929 8930 8926 8957 8946 8960 8997 9011 8989 8953 8943 8913 8875 8846 8815 8774 8717 8677 8708 8755 8793 8812 8801 8778 8749 8712 8679 8683 8729 8717 8703 8701 8702 8688 8689
9152 9150 9145 9142 9135 9135 9148 9156 9150 9207 9231 9225 9202 9189 9182 9174 9154 9135 9112 9081 9060 9054 9047 9036 9029 9018 9023 9027 9009 8996 8987 8984 8985 8980 8971 8954 8927 8922 8922 8925 8927 8926 8925 8922 8918 8910 8897 8881 8877 8892 8898 8903 8921 8923 8927 8936 8959 8958 8949 8933 8905 8869 8791 8715 8680 8676 8662 8722 8785 8802 8828 8811 8790 8768 8729 8687 8695 8730 8720 8717 8711 8698 8694 8684
9153 9149 9146 9151 9154 9157 9164 9156 9161 9191 9222 9225 9216 9204 9195 9178 9158 9131 9102 9084 9073 9079 9060 9042 9030 9021 9017 9021 9017 9009 8998 8984 8979 8979 8972 8962 8941 8919 8922 8925 8918 8912 8907 8902 8895 8886 8874 8866 8872 8882 8887 8903 8918 8925 8934 8952 8963 8927 8888 8865 8821 8785 8733 8685 8677 8685 8706 8751 8807 8839 8818 8810 8794 8771 8730 8701 8719 8754 8745 8712 8696 8701 8709 8688
9151 9149 9150 9159 9166 9166 9166 9165 9179 9200 9222 9222 9218 9211 9204 9192 9160 9129 9106 9085 9075 9071 9066 9051 9039 9042 9024 9019 9049 9027 9008 9001 8993 8981 8968 8952 8934 8915 8912 8914 8907 8898 8881 8884 8879 8872 8860 8880 8879 8878 8882 8890 8903 8913 8920 8919 8903 8877 8829 8814 8775 8728 8696 8684 8680 8705 8755 8795 8804 8834 8822 8807 8789 8771 8738 8737 8746 8768 8734 8697 8678 8690 8694 8683
9149 9151 9155 9167 9173 9172 9167 9171 9191 9216 9224 9226 9225 9212 9201 9185 9155 9124 9092 9082 9077 9079 9077 9073 9064 9098 9136 9155 9111 9083 9055 9030 9002 8981 8964 8939 8935 8922 8916 8903 8893 8887 8881 8876 8871 8865 8868 8865 8853 8853 8870 8886 8862 8875 8896 8865 8863 8838 8806 8777 8742 8709 8702 8710 8752 8749 8790 8829 8837 8824 8820 8802 8784 8765 8730 8757 8740 8712 8681 8674 8667 8671 8687 8678
9148 9153 9160 9172 9176 9179 9182 9188 9202 9219 9224 9222 9212 9202 9185 9167 9144 9121 9103 9084 9068 9084 9078 9083 9132 9128 9149 9065 9060 9164 9129 9037 9002 8982 8968 8957 8956 8945 8950 8889 8881 8881 8879 8875 8872 8867 8860 8841 8843 8843 8835 8820 8800 8810 8808 8819 8809 8784 8754 8735 8711 8701 8730 8775 8790 8795 8815 8837 8831 8828 8810 8801 8790 8774 8760 8755 8726 8686 8670 8660 8647 8651 8683 8686
9149 9158 9166 9175 9183 9185 9189 9201 9214 9219 9219 9214 9210 9198 9173 9149 9133 9115 9097 9079 9066 9062 9058 9038 9004 8946 8856 8848 8910 9012 9087 9086 9038 9007 8970 8954 8944 8943 8860 8866 8871 8873 8877 8876 8878 8876 8865 8872 8868 8870 8844 8824 8811 8790 8765 8774 8769 8746 8724 8699 8706 8720 8778 8820 8839 8821 8820 8828 8825 8793 8795 8797 8794 8791 8774 8743 8717 8695 8675 8661 8650 8658 8685 8691
9155 9163 9171 9177 9184 9190 9197 9209 9221 9228 9224 9233 9238 9202 9171 9144 9124 9109 9096 9082 9067 9058 9036 8990 8904 8850 8853 8844 8839 8837 9039 9129 9075 9027 8966 8931 8930 8929 8912 8879 8869 8864 8868 8879 8888 8892 8899 8878 8880 8900 8898 8886 8858 8822 8771 8758 8739 8729 8717 8711 8725 8757 8813 8839 8849 8836 8829 8827 8829 8805 8801 8805 8805 8799 8767 8715 8706 8692 8674 8664 8656 8664 8676 8675
9164 9169 9175 9182 9185 9195 9203 9214 9229 9238 9273 9280 9242 9192 9149 9128 9113 9101 9092 9083 9070 9062 9055 8990 8908 8856 8855 8849 8835 8856 9044 9129 9090 9034 8967 8926 8898 8892 8895 8889 8878 8866 8869 8887 8899 8911 8914 8900 8896 8899 8905 8893 8875 8858 8822 8788 8760 8732 8714 8716 8747 8791 8842 8857 8849 8842 8833 8830 8841 8819 8813 8812 8810 8796 8747 8707 8704 8696 8683 8667 8651 8651 8669 8674
