real_craters/C119-500m.grd
DSAA
148 148
-36.7675 36.7675
-36.7675 36.7675
9161.0464091714 10804.014278258
[rows 0 to 29 of 148, columns 0 to 66 of 148]
9729.04 9729.06 9730.12 9731.43 9727.53 9723.64 9719.45 9717.32 9718.99 9719.73 9722 9723.47 9726.09 9729.5 9732.23 9738.37 9747.6 9765.31 9808.99 9964.13 10110 10166.1 10228.1 10279.6 10319.4 10350.7 10376.9 10383.4 10364.3 10341.7 10324.1 10309.2 10299.4 10293.2 10289.8 10287.6 10284.5 10266.3 10275.1 10304.5 10332.4 10319.2 10304.3 10305.7 10284.7 10268.4 10283.7 10301.6 10323.4 10349.9 10372.3 10381.4 10383.8 10389.1 10400.6 10410.2 10399.6 10397.1 10387.6 10367.5 10354.9 10352.5 10347.4 10340 10331.7 10329.8 10328.2
9728.19 9727.67 9727.75 9728.47 9728.55 9723.32 9715.06 9712.5 9716.06 9717.92 9720.62 9722.5 9725.6 9728.68 9733.73 9741.14 9753.19 9772.49 9804.41 9919.05 10043.6 10154 10230.5 10283.3 10322.8 10350.3 10368.8 10375.2 10370.5 10357.5 10346.3 10337.8 10333.5 10331.9 10333.6 10335.5 10329 10302.2 10320.1 10358.9 10397.8 10388.9 10372.1 10344.7 10311.3 10311.3 10313.5 10320.5 10327.3 10337.8 10343.2 10349.1 10364.5 10376.1 10385.3 10383.3 10366.4 10356.1 10353.8 10351 10344.8 10338.3 10329.7 10321.1 10317 10314.6 10313.2
9726.56 9724.9 9723.08 9720.97 9720.08 9717.8 9711.61 9709.54 9713.06 9715.62 9719.05 9721.35 9725.83 9730.08 9734.82 9741.64 9753.3 9771.88 9804.33 9901.44 10034 10165.4 10241.8 10288.6 10322.4 10347.1 10362.7 10370.1 10370.5 10365 10359.9 10356.9 10356.4 10359.2 10365.9 10375.5 10375.7 10368.1 10375 10391 10406.5 10401.3 10389.9 10356.9 10343.9 10337.9 10326.4 10323.1 10322.6 10324 10322.9 10334.5 10349.3 10361.2 10368 10366.2 10353.7 10343.5 10337.8 10338.6 10335.9 10327.2 10318.7 10313.3 10308.4 10307.2 10307
9724.01 9721.81 9718.76 9714.67 9711.55 9713.45 9714.98 9714.56 9711.87 9714.48 9718.54 9721.28 9723.37 9726.8 9732.12 9740.56 9752.93 9772.1 9793.17 9920.42 10142.4 10216.5 10261.3 10295.5 10322.2 10343.4 10358.3 10368.4 10370.1 10368.3 10367.7 10367.7 10370.8 10377 10386.5 10400 10406 10408 10407.3 10404.3 10407.5 10408.2 10384.5 10354.7 10335.9 10326.9 10318.7 10314.9 10314.7 10316 10320.3 10327.8 10339 10348.3 10355.1 10358.6 10354 10339.6 10335.6 10329.8 10324.3 10318 10308.5 10303.4 10304.9 10305.6 10304.3
9722.95 9720.22 9716.71 9712.01 9707.39 9712.92 9721.28 9722.49 9716.91 9717.89 9720.49 9721.24 9722.44 9726.55 9731.89 9741.11 9756.02 9776.98 9806.96 9938.37 10172.4 10243.7 10273 10297.8 10320.9 10340.9 10354.1 10361.2 10363.3 10365.9 10369.3 10373.7 10379.3 10386.6 10395.4 10403.8 10406.4 10404.5 10399.5 10399.2 10399.1 10393.7 10378.8 10352.4 10325.9 10314.1 10309.4 10306.1 10308.2 10309.2 10310.2 10323.9 10332.6 10339.6 10344.5 10345.9 10339.5 10326.5 10325.6 10321.3 10318.6 10315 10311.1 10305.4 10303.4 10303.5 10300.5
9722.72 9720.92 9718.73 9715.98 9714.96 9718.34 9726.63 9729.19 9729.33 9728.99 9725.68 9722.76 9722.26 9724.27 9730.23 9742.87 9764.63 9792.65 9839.21 9942.73 10112.4 10208.7 10259.5 10295.1 10320.3 10337.8 10348.1 10352.5 10355.1 10361.4 10367.6 10375.6 10382.8 10390.3 10396.7 10401.4 10399.3 10390.6 10382.4 10389 10390 10384.9 10373.1 10349.6 10324.8 10310.9 10306.7 10305.9 10306.3 10308.4 10311.6 10322.9 10328 10332 10334.3 10333.2 10328.2 10319.2 10311.1 10312.6 10312.8 10311 10308.7 10305.6 10299.6 10294.8 10293.2
9724.69 9724.23 9723.47 9723.5 9724.46 9727.77 9730.81 9734 9736.43 9735.47 9728.74 9724.71 9720.95 9721.97 9728.71 9744.4 9775.56 9830.76 9904.33 10008.1 10101.5 10183.5 10252.2 10295.5 10322.6 10339.5 10348.8 10351.9 10353.9 10358.6 10366.1 10374.2 10382.5 10389.4 10394.4 10397.8 10391.9 10384 10378.7 10382.3 10385.7 10376.8 10363 10341.9 10321.7 10311.4 10306.2 10303.4 10304.9 10310.9 10319.8 10320.3 10323.3 10324.9 10325.4 10324.5 10322 10316.6 10312.8 10310 10305.3 10304.3 10306.1 10302.9 10296.5 10290 10288.3
9727.61 9728.26 9728.92 9730.64 9734.2 9735.69 9733.73 9735.58 9739.26 9739.47 9732.09 9725.82 9721.06 9722.58 9730.61 9749.75 9789.25 9848.44 9949.92 10090.4 10151.1 10198.6 10265.4 10307.2 10331.1 10344.1 10350.4 10350.1 10353.2 10356.4 10364.1 10372.7 10381.2 10388.1 10391.7 10389.2 10384.4 10375.9 10371.3 10372.8 10380 10372 10356.9 10335.4 10319 10311.7 10305.7 10301.4 10302.8 10307.4 10313.8 10318.6 10317.8 10318 10317.3 10315.4 10312.4 10310 10313.3 10309.7 10300.2 10297.7 10306.1 10300.6 10294.8 10290.8 10289
9731.56 9732.86 9734.23 9735.75 9736.9 9735.08 9734.06 9736.21 9741.38 9744.15 9735.43 9728.85 9721.47 9723.94 9733.45 9758.32 9810.46 9886.56 10009.2 10212.2 10245.6 10267.7 10305.4 10328.5 10341 10348.5 10352.1 10349.9 10351.9 10354.6 10361.8 10370.3 10379.2 10387 10392.5 10390.9 10379.1 10364.3 10349.7 10351.4 10361.6 10346.3 10334.6 10325.3 10318.3 10311.3 10304.4 10302.8 10303.1 10303.1 10305.1 10310.3 10311.6 10310.9 10309.8 10309.7 10314.7 10308.8 10308.4 10306.7 10298.1 10292.9 10292.8 10294.9 10292.4 10290.6 10289.5
9736.27 9737.88 9739.12 9740.17 9740.03 9739.58 9739.02 9738.77 9747.23 9750.73 9738.76 9730.62 9723.88 9724.47 9739.23 9769.7 9839.3 9938.33 10067.2 10207.6 10305 10355 10349.6 10352.5 10355.8 10356.8 10355.8 10350.2 10348.5 10351.6 10358.1 10366.3 10375.3 10384.3 10392.1 10391 10374.4 10355.2 10335.3 10331.4 10327 10326 10329.2 10319.7 10317.3 10314.4 10309.6 10307.9 10309.3 10309.5 10308.2 10309.7 10306.3 10304.6 10303.3 10302.9 10309.4 10305.5 10306.2 10306.7 10297.2 10292.7 10293.7 10292 10289.6 10287 10287.4
9741.8 9742.89 9743.91 9744.88 9744.83 9743.97 9743.1 9743.22 9750.23 9755.52 9744.55 9735.69 9729.58 9733.1 9746.73 9784.96 9871.54 9981.5 10096.8 10230.4 10315.3 10357.4 10369.6 10368.3 10366.1 10363.5 10360.1 10353 10347.4 10349.8 10356 10363.1 10370.6 10378.1 10384.9 10383.1 10367.5 10351.4 10338.6 10330.1 10323.1 10322.7 10326 10330.1 10327.4 10321.3 10313.8 10318.3 10323.3 10326.6 10318.6 10305.6 10304.5 10303.8 10301.5 10301.6 10309.7 10310.4 10306.6 10301 10295.6 10290 10292.3 10290.8 10288.2 10285.2 10284.8
9747.05 9748.15 9749.14 9749.86 9749.9 9749.01 9746.74 9745.89 9749.11 9752.16 9750.14 9745.53 9744.48 9747.15 9763.7 9809.24 9911.18 10036.1 10182.9 10257.4 10324.1 10371.3 10378.1 10376.3 10373.4 10370.2 10366.8 10360.8 10355.2 10352.4 10356.3 10361.6 10366.4 10370.1 10372.3 10369 10359.2 10348.1 10337.1 10329.8 10329 10334.4 10340.6 10350.5 10343 10333 10325.9 10332.7 10339 10337.1 10327.9 10316.1 10311.4 10308.3 10304.1 10302.9 10316.3 10326.8 10322.4 10307.1 10299.7 10294.7 10292.9 10290.1 10288.1 10286.6 10288
9751.1 9752.17 9753.4 9754.37 9754.84 9753.64 9751.75 9750.83 9752.76 9756 9758.77 9762.05 9769.08 9777.61 9794.49 9845.91 9959.74 10087.6 10201.8 10301.5 10363 10373.3 10377.8 10379.2 10378.3 10377.5 10376.2 10373.3 10368.1 10359.4 10359.8 10362.7 10364.6 10363.3 10359.1 10357.4 10353.4 10345.5 10335.7 10330.3 10335 10350.1 10366.4 10367 10353.2 10343.6 10339.7 10342.2 10342.3 10337.2 10336.1 10330.3 10325.8 10318.8 10311.1 10306.2 10331.3 10346.9 10349.4 10320.9 10308.4 10300.8 10292.7 10288 10287.1 10289 10292.2
9754.94 9756.33 9757.97 9759.4 9760.29 9758.78 9757.46 9755.82 9758 9760.04 9769.74 9788.16 9809.79 9829.73 9847.75 9902.45 10024 10148.1 10259.5 10341 10372 10370.4 10372.9 10377.1 10379.9 10382.4 10384.3 10384.6 10379.1 10366.2 10365.9 10367.6 10367.3 10363.3 10354.6 10354.5 10353.9 10348.5 10340.5 10334.9 10337.5 10343.8 10368.6 10355.3 10354.4 10350 10347.6 10354.8 10356 10353 10348.6 10351.7 10347.4 10331.1 10322.9 10322.1 10333.4 10344.1 10345.2 10332.3 10319.4 10299.8 10287.7 10284.4 10286.1 10290.8 10296.1
9758.23 9759.91 9761.79 9764.22 9766.48 9769.75 9765.48 9769.72 9769.23 9768.9 9783.45 9820.04 9863.12 9908.45 9946.72 10008.1 10109.8 10214.9 10318.5 10372.7 10365.2 10365.9 10367.6 10372.3 10377.8 10383.7 10389.7 10395.2 10396.4 10377.8 10377.2 10378.2 10377.1 10373.3 10367.7 10364.9 10362.4 10358.6 10353.3 10346.4 10344.4 10348.4 10374.3 10362.6 10357 10354.7 10357.6 10372.4 10375.4 10360.7 10351.4 10348.8 10343.5 10334.8 10331.9 10332.9 10334 10335.5 10337 10349.2 10336.1 10310.3 10283.5 10280.9 10285.4 10292.5 10299.5
9760.84 9762.83 9765 9767.73 9770.64 9772.98 9774.61 9780.2 9779.25 9777.83 9798.23 9856.07 9930.4 10008.1 10084 10141.8 10200.5 10267 10332.7 10366.7 10360.5 10357.9 10359.4 10366.9 10374.9 10383.7 10393.3 10403 10410.5 10399 10395.2 10392.3 10390.4 10388.3 10384.6 10380.2 10376 10372.6 10370.2 10368.7 10359.4 10365.7 10384.8 10370.4 10361.6 10356.9 10357.4 10369.4 10365.9 10353.8 10343 10332.9 10326 10330.9 10336.8 10341.4 10341.6 10336.1 10356.7 10355.1 10353 10313.7 10280.3 10280.4 10285.7 10293.5 10300.4
9763.17 9765.94 9768.29 9770.81 9774.02 9778.24 9781.27 9787.27 9787.34 9785.46 9812.27 9895.48 9995.38 10104.6 10206.7 10249.8 10268.5 10297.5 10328.6 10349.5 10351.3 10352.5 10353.3 10361.4 10370.8 10380.8 10392.3 10404.4 10416.1 10420.9 10412 10405.2 10402.5 10402.3 10401.3 10394.7 10389.9 10386.6 10385.8 10384.7 10376.9 10385.2 10382.1 10373.4 10363.4 10356.6 10350.9 10351.8 10349.3 10340.9 10331.9 10324 10319.9 10329 10340.5 10350.5 10356.8 10346.2 10252.4 10304.1 10371.5 10324.6 10291.9 10286.1 10288.3 10295.1 10305.1
9765.26 9767.85 9770.55 9773.43 9777.77 9783.69 9788.96 9793.15 9806 9807.79 9834.66 9938.67 10048.6 10163.8 10288.9 10302.7 10297.9 10304.4 10311.7 10315.3 10345.3 10351.9 10351 10357.5 10365.9 10376.6 10388.7 10400.9 10413.3 10422.8 10417.7 10412.2 10410.9 10411.9 10410.8 10405.4 10400.3 10397.8 10397.8 10400.6 10392.8 10392.9 10375.1 10365.8 10361.7 10357.1 10353.5 10355.9 10340.6 10327.6 10325 10320.9 10318.6 10328.5 10343.4 10354.1 10358.2 10350.8 10262.5 10298.4 10362.4 10319.1 10304.2 10294.5 10292.3 10294.6 10311.4
9768.35 9770.99 9773.68 9776.14 9780.43 9790 9797.05 9804.88 9846.26 9885.11 9909.04 10004 10087.8 10172.4 10240 10279.9 10289 10293.4 10297.6 10303.6 10332.3 10345.4 10347.3 10351 10358.9 10369.6 10381.5 10392.8 10403.7 10410.6 10411.5 10412.1 10414.3 10416.7 10416.1 10411.8 10407.7 10404.8 10403.2 10401.3 10396.8 10386 10373.7 10363.7 10361 10359.8 10358.8 10358.9 10346.3 10330.8 10326.7 10324.1 10324.3 10327.1 10331.2 10338.4 10341.2 10330.4 10331.9 10354.7 10341.8 10320.7 10310.2 10300.7 10297.9 10300.7 10314.1
9771.1 9773.44 9776.91 9780.8 9782.54 9798.54 9817.59 9820.53 9889.81 9992.88 10085.2 10076.7 10112.3 10163 10212.2 10239.4 10256.3 10268.6 10279.3 10294.3 10316.2 10327.9 10333.6 10337.6 10346.3 10359.1 10371.9 10383.8 10392.9 10395.2 10401 10408.2 10414.6 10419.9 10419.4 10414.9 10410.9 10407.6 10404.9 10400.4 10392.3 10377 10367.4 10361.6 10362.1 10363.9 10364.1 10360.8 10348.8 10339.6 10333.7 10330.8 10330.6 10326.7 10320.1 10324.6 10331.2 10326.9 10344.3 10357.7 10332.8 10322.7 10309.4 10304.7 10304.4 10308 10318.5
9773.07 9775.22 9780.13 9788.71 9802.74 9808.23 9822.67 9831.73 9910.49 9993.29 10055.4 10084.1 10104 10132 10167.4 10191.1 10212.8 10229.9 10249.2 10269.3 10284.2 10293.7 10304.3 10316.2 10329.8 10345.3 10361 10374.7 10385.9 10393.2 10397.3 10404.3 10411.6 10419.1 10419 10415.5 10411.4 10407.1 10402.9 10396.5 10382.3 10373.3 10366.3 10364.1 10365.6 10368.8 10371.4 10369.2 10359.1 10345.3 10342.3 10339.3 10334.8 10330 10328 10328.2 10334.6 10347 10345.4 10331.4 10347.3 10327.2 10315.3 10312.6 10311.2 10312.3 10324.6
9773.72 9775.32 9779.64 9787.29 9795.58 9804.26 9836.53 9866.47 9927.53 9985.06 10030.5 10057.4 10072.5 10084.9 10109.8 10134.4 10160.5 10187.6 10210.1 10227.9 10241.5 10250.2 10265.5 10287.7 10312.1 10333.2 10351.6 10367.4 10380.7 10392.7 10396.3 10400.1 10405.6 10407.8 10412.7 10412.7 10409.3 10403.9 10396.9 10387.3 10379.7 10370.6 10366.6 10365.5 10368.7 10373.1 10378.8 10386 10373.8 10359.5 10353.6 10349 10343.4 10336.5 10329.1 10329.8 10334 10336.4 10315.2 10279 10293.4 10316.2 10325.5 10323.8 10318.2 10318.1 10323.7
9772.7 9774.1 9777.46 9782.24 9786.65 9796.02 9835.96 9923.7 9948.11 9980.81 10014.2 10029.2 10034.5 10039.2 10060.6 10092.5 10122.5 10148.3 10168.9 10185.2 10196.2 10206.4 10234.4 10267.5 10301.2 10325 10344.9 10361.2 10373.6 10383.8 10386.3 10396.2 10404.6 10404.3 10410.6 10410.3 10406.1 10399.9 10392.1 10384.9 10379.4 10372.3 10367.8 10367.2 10370.6 10374.8 10377.6 10376.6 10364.2 10368.2 10365 10358.3 10351.9 10342.6 10332 10331.8 10333.2 10325 10301.6 10271.4 10278.3 10319.7 10328.4 10327.1 10323.4 10321.6 10323.3
9770.09 9771.44 9774.13 9779.02 9784.16 9794.69 9895.68 9923.26 9935.19 9962.88 9990.63 9996.13 10000.6 10009.2 10032 10062.5 10091 10115.2 10133.1 10138.5 10152.3 10201.2 10245.6 10278.1 10300.9 10323.2 10342.6 10358.9 10369.7 10379.1 10382.3 10395.7 10412.5 10427.2 10416.1 10409.3 10403.2 10396.8 10388.1 10379.4 10371.7 10368.8 10367.4 10370.5 10372.4 10375.3 10375.6 10369.1 10357.7 10370.8 10371.3 10365.9 10361.9 10356.2 10343 10342 10341.6 10340.6 10337 10307.6 10310.9 10337.7 10328 10324.7 10329.1 10328.9 10327.2
9768.08 9769.38 9771.6 9775.37 9780.5 9794.32 9858.6 9889.41 9905.35 9935.63 9961.87 9965.82 9975.78 9985.26 10011.8 10043.5 10072.7 10097.4 10117.8 10134.1 10163.6 10226.9 10261.8 10282.9 10304.8 10326.4 10344.3 10357.9 10369.4 10380.2 10384.7 10394.8 10410.4 10420.4 10413.2 10405.2 10399.1 10394.7 10390.4 10380 10370.5 10366 10366.8 10370.1 10372.6 10375.2 10378.4 10382.8 10376.8 10371.6 10371.8 10372 10369.7 10369.3 10368.2 10356.2 10349.6 10343 10333.4 10335.5 10335.1 10325.2 10324.9 10328.7 10334.4 10336.3 10328.8
9767.45 9768.04 9770.01 9773.63 9780.73 9795.4 9839.74 9852.48 9878.6 9909.08 9926.84 9943.74 9965.56 9984.34 10008.1 10037 10065.2 10092.5 10119.3 10151.2 10200.5 10252.3 10282.8 10291.5 10313.9 10332.5 10347.5 10359.6 10370 10378.6 10385 10388.1 10396.4 10402.7 10400.1 10395.8 10391.6 10388.3 10386.9 10380.3 10372.3 10368.5 10368.2 10369.2 10371.5 10374.6 10378.1 10382.7 10381.4 10378.7 10378.2 10380.3 10376.6 10364.3 10367.3 10366.8 10356.4 10342.7 10323.2 10318.5 10312.3 10311.4 10313.6 10315.6 10326.9 10331.5 10327.9
9767.59 9767.91 9769.48 9773 9781.51 9801 9819 9841.18 9869.67 9898.71 9922.72 9947.71 9967.23 9991.05 10011.5 10036.8 10064.6 10093.3 10123.5 10160.4 10203 10280 10310.3 10314.3 10327.6 10340.2 10352.2 10362.4 10369.3 10374.5 10377.2 10375.5 10376 10379.7 10383.9 10383.5 10381.5 10378.8 10374.3 10374.3 10375 10371.8 10371 10370.8 10371.6 10373.1 10375 10378 10385.5 10387.9 10394.3 10393.7 10392 10396.4 10398.2 10377.7 10363.8 10349 10337.9 10319.9 10304.7 10305.7 10307.2 10310.1 10323.8 10327.8 10326.8
9768.07 9768.8 9770.25 9773.33 9779.17 9789.12 9809.82 9840.06 9872.57 9900.32 9924.5 9947.83 9964.33 9989.75 10011.8 10037.8 10066 10094.8 10127.1 10164 10212 10263.3 10300 10320.3 10332.9 10345.1 10355.2 10362.9 10367.9 10369.6 10368.1 10363.9 10364.4 10366.7 10369.8 10371.3 10370.9 10370.2 10372.2 10372.4 10374.4 10375.3 10374.2 10373.1 10372.5 10371.9 10370.6 10370.4 10377.2 10391.8 10407.9 10407.2 10402 10398.8 10393.3 10381.8 10368.2 10356.3 10344.8 10324.3 10305.7 10304.8 10307.9 10311.5 10311.4 10320.9 10324.6
9768.82 9770.23 9771.94 9773.86 9777.07 9784.51 9802.82 9832.13 9875.74 9909.01 9929.93 9941.23 9961.32 9980.79 10012 10039.6 10067.8 10096.8 10126.6 10159 10192.5 10226.7 10261.8 10300.8 10330.4 10347.1 10356.8 10362.3 10365.1 10365.1 10361.3 10354.6 10355.3 10357.5 10359.4 10360.7 10361.3 10361 10360.6 10365.7 10370.7 10375.5 10375.8 10376.1 10375.7 10371.2 10368.2 10367.7 10371.1 10391.1 10417.6 10415 10405 10392.1 10383.8 10380.1 10370.9 10360.5 10349.9 10334.6 10316.4 10313.6 10313.8 10316.1 10317.6 10319.9 10321.6
9770.72 9772.27 9774.68 9777.14 9777.93 9780.25 9797.25 9826.81 9890.97 9926.42 9946.9 9959.8 9975.32 9997.16 10018.3 10044.9 10073.3 10101.2 10129.1 10154.8 10174.5 10201.4 10243.3 10302.1 10335.8 10351.1 10358.6 10362.2 10362.8 10362.3 10359.3 10354.4 10351.2 10350.9 10351.9 10352.8 10353.6 10355.5 10356.4 10357.6 10366.9 10372.7 10374.8 10374.3 10371.9 10369.7 10366.2 10364.9 10367.9 10386.8 10416 10414.1 10402 10395.5 10388.2 10377.8 10369.7 10360.9 10347.9 10337.2 10331.6 10323.5 10321.2 10322.3 10322.9 10322.4 10320.4
