real_craters/C119-300m.grd
DSAA
246 246
-36.7675 36.7675
-36.7675 36.7675
9157.4383254417 10838.43957285
[rows 0 to 29 of 246, columns 67 to 133 of 246]
10333.4 10324.6 10308.5 10304.3 10305.7 10304.2 10290 10276 10268.4 10276.2 10288.1 10298.4 10309.7 10323.4 10339 10355.7 10369.1 10376.7 10381.4 10382.9 10384.7 10387.6 10392.8 10400.6 10409.2 10408 10400.9 10397.7 10397.1 10395.8 10383.2 10371.3 10360.4 10354.9 10353.6 10351.7 10348.7 10344.5 10340 10334.8 10330.6 10329.6 10329.7 10328.2 10324.7 10318.9 10316.2 10328.4 10338.4 10346.8 10354 10360.1 10364.7 10365.2 10366.2 10365.7 10360.5 10354.7 10349.3 10344.9 10341.2 10337.5 10347.2 10356.4 10363.3 10368 10366.1
10388.9 10376.1 10365.4 10353.6 10354 10343.7 10310.9 10290.1 10293.4 10298.1 10302.9 10310.5 10318.6 10327.3 10336.8 10347.5 10357.1 10354.5 10360.4 10367.5 10373.7 10379.4 10385.8 10392.6 10398.5 10394.5 10383.2 10371.4 10371.6 10369.8 10365.2 10359.2 10353.2 10348.5 10345.4 10341.7 10337.4 10332.3 10327.6 10324.1 10321.9 10320.5 10319.2 10317.7 10314.7 10310.3 10309.5 10319.1 10328.1 10335.8 10341.9 10346.3 10348.3 10348.5 10355.8 10369.4 10368.8 10357.2 10351.8 10349.5 10349.1 10349.7 10356.1 10360.8 10364.1 10366.1 10367.9
10405.7 10398.2 10386.1 10378.2 10363.7 10337.8 10324.7 10312.4 10320 10318 10319.8 10323.1 10323.8 10327.1 10331.5 10336 10337.8 10335.9 10345.1 10355 10363.6 10371.2 10377.3 10381.6 10381.9 10376.6 10366.2 10352.4 10350.7 10347.9 10349.1 10348.7 10347 10344.5 10339.7 10334.3 10329.1 10323.4 10318.7 10316.2 10313.9 10312.2 10312.2 10311.4 10310.3 10310 10311.1 10315.1 10320.8 10326.8 10331.6 10334.9 10336.1 10334.7 10340.7 10345.3 10351.3 10351.1 10350.4 10352.2 10357.1 10366.8 10368 10365.1 10366.7 10371 10378.9
10406.6 10403.1 10395.4 10389.3 10374.2 10345.8 10341 10342.8 10337 10328.4 10326.1 10325.6 10323.8 10324.2 10325.5 10326.8 10326.4 10329.5 10336.8 10346 10354.5 10361.9 10367.5 10370.9 10371.1 10366.6 10357.8 10349.8 10344.1 10339.6 10339.9 10340.8 10341.1 10340.3 10333.5 10327.6 10322.4 10318.9 10314.9 10311.1 10309 10308.2 10308 10307.8 10307.8 10308.7 10309.8 10312.2 10315.8 10320.1 10323.7 10326.1 10328.1 10330.8 10329.5 10328.5 10335.8 10341.8 10345.4 10349.7 10356.8 10367.4 10366.9 10363.1 10366 10376.2 10394.5
10409.2 10406.5 10398.7 10388.3 10373 10355.6 10345 10341.8 10335.4 10327.5 10323 10320.2 10319.8 10319.4 10319.9 10320.5 10320.1 10322.4 10331.1 10339.5 10347.1 10353.9 10359.2 10362.4 10363.7 10361.7 10356.9 10349.9 10342.5 10336.5 10335.3 10335 10333.3 10329.8 10326.2 10321.2 10315.6 10310.3 10308.2 10307.1 10306.2 10305.6 10305.9 10305.8 10305.7 10306.1 10307.4 10308.9 10311.2 10314.7 10317.2 10319.3 10320.9 10321.6 10321.3 10322.7 10328 10334.2 10339 10343.1 10347.5 10348.4 10348.9 10353 10358.7 10369.8 10402.4
10407.9 10408.5 10399.4 10384.5 10366 10350.5 10338.9 10332 10326.9 10321.2 10317.6 10315.3 10314.5 10314.7 10315.2 10316.4 10318.7 10322.9 10327.8 10334.4 10340.6 10346.6 10351.5 10355.1 10358.1 10358.5 10355.9 10347.5 10339.6 10336.6 10334.4 10330.8 10327.7 10324.3 10320.8 10316.4 10310.7 10304.6 10303.4 10304.4 10305.1 10305.7 10305.2 10304.3 10304.1 10304 10305.2 10306.6 10308.5 10309.8 10311.8 10313.5 10314.9 10315 10316.4 10319.2 10323.8 10328.7 10333 10336 10338.4 10338 10338.2 10342.9 10348.3 10358.7 10386.4
10402.7 10399.3 10393 10381.1 10362.6 10346.5 10332.7 10323.8 10318.6 10314.4 10311.7 10309.3 10309.4 10310.3 10311.1 10311.9 10313.5 10319.1 10325.3 10330.9 10336.2 10341.2 10345.7 10348.9 10351.1 10352.3 10349.5 10339.9 10332.3 10332.6 10330.7 10326.1 10323 10320 10317.6 10314.4 10309.8 10302.6 10303.1 10303.7 10304.7 10306.6 10304.3 10302.6 10302.4 10303.4 10303.5 10304.4 10305.8 10307.5 10309.2 10310.4 10311.4 10311.9 10313.9 10317.4 10320.5 10324.1 10327.4 10329.4 10331 10332 10332.9 10335.2 10338.8 10344.6 10362.2
10396.3 10392.6 10387.7 10377.8 10364.8 10346.4 10329.9 10319.2 10312.1 10309.4 10307.7 10306 10306.5 10307.4 10308.2 10308.5 10308.7 10315.8 10323.4 10328.7 10332.9 10336.7 10339.9 10342.4 10343.2 10341.8 10337 10330.4 10323.6 10322.6 10320.8 10319.6 10318.7 10318 10316.4 10313.9 10312.9 10313.8 10306.7 10303.8 10302.5 10301.6 10300.2 10299.2 10299.4 10300.4 10301 10302.2 10303.8 10305.7 10307.5 10309 10310.1 10310.7 10311.6 10314.1 10317.1 10319.7 10322.3 10325.3 10327.2 10327.9 10328 10332.5 10334.1 10335.4 10346.4
10391.2 10389.3 10382.9 10375.7 10361.7 10344.9 10329 10317.9 10310.6 10307.8 10306.4 10305.9 10306 10306.5 10307.5 10308.2 10308.8 10317 10322.9 10326.7 10329.8 10332.7 10334.9 10336.2 10336.2 10333.9 10330.3 10325.1 10319.9 10315.4 10312.4 10313.7 10314.3 10314.6 10313.6 10311.8 10310.9 10309.7 10306.5 10302.6 10299.5 10296.8 10295.2 10294.8 10295.2 10296.4 10298.1 10300.3 10302.6 10304.9 10306.5 10308.3 10309.7 10311.2 10313.2 10313.7 10315.6 10317.5 10319.9 10322.4 10326.2 10330.3 10333.7 10337.8 10338.2 10337.5 10342.2
10386.8 10382.5 10376.7 10367 10357.3 10341.7 10327.8 10317.9 10312 10308.3 10306 10305.5 10305.5 10306 10307.9 10310.6 10313.6 10319.1 10322.4 10324.6 10326.8 10328.6 10329.9 10330.4 10330.6 10330 10328.5 10323 10318.3 10313.6 10310.5 10310.8 10310.5 10309.4 10308.3 10308.1 10307.5 10305.9 10304 10300.7 10296.7 10292.5 10290.3 10290.6 10290.7 10292.3 10295.5 10298.8 10301.8 10304.6 10307 10308.5 10310.1 10311.6 10314.1 10313.7 10314.1 10314.4 10316 10318.9 10324.6 10334 10344.8 10350.1 10346.9 10344.2 10347.1
10385.5 10379.7 10372.1 10363 10350.8 10337.2 10324.7 10316.9 10311.4 10308 10305.5 10303.8 10303.3 10304.9 10307.9 10312.7 10319 10319.4 10320.3 10322.2 10323.7 10324.7 10325.3 10325.4 10325.1 10324.4 10323.3 10319.2 10316.6 10313.6 10312.6 10310.8 10308.1 10305.3 10303.7 10304.9 10306.3 10305.4 10302.9 10299.2 10295.1 10291.1 10288.8 10288.3 10287.9 10289.8 10293.7 10297.5 10301.8 10305.2 10308 10310 10311.4 10311.6 10312.7 10311.7 10310.6 10309.6 10309.6 10312.1 10317.7 10330.1 10351.3 10360 10359.4 10357.2 10358.4
10384.5 10380.2 10368.7 10357.6 10346.1 10333.3 10322.4 10316 10311.6 10308.8 10304.9 10302.1 10301.3 10303.5 10306.7 10311.3 10316.8 10317.3 10318.5 10319.7 10320.3 10320.5 10321 10320.5 10319.6 10317.7 10315.3 10313.9 10310.9 10311.7 10313.7 10311.3 10306.6 10301.8 10299 10301.9 10307.3 10306.6 10302 10298 10294.4 10291.4 10289.5 10288.4 10288.1 10290.1 10293.9 10298 10302.1 10306.2 10309.4 10312.1 10313.5 10312.5 10310.9 10310 10307.8 10304.7 10302.1 10301.1 10303 10311 10325.5 10350.2 10381.9 10383.3 10371.7
10378.7 10372.2 10362.3 10354.7 10343.1 10330 10320.8 10315.5 10311.5 10307.9 10304 10301.9 10301.5 10302.7 10304.6 10307.1 10310.4 10314.8 10317.4 10316.7 10316.6 10316.4 10316.3 10315.7 10314.8 10313.6 10312.2 10311.7 10310.1 10311.2 10314 10311.4 10305.4 10299.5 10295.3 10297.6 10302.3 10302.6 10299.6 10296.4 10293.5 10291.4 10289.9 10289.2 10289.7 10291.4 10294.5 10298.6 10302.9 10307.2 10311.2 10314.3 10317 10317.3 10313.1 10310.3 10305.5 10299.3 10292.7 10287 10281.5 10281.3 10287.2 10313.4 10376.4 10383.7 10379.8
10372.2 10359.2 10348.4 10339.5 10330.3 10326 10320.6 10315.4 10311.2 10306.7 10303.7 10302.6 10302.3 10302.8 10303.4 10303.3 10304.6 10309 10311.6 10312.5 10312.5 10312 10311.7 10310.9 10310.6 10311.3 10313.7 10312.2 10309.9 10309.6 10310.5 10308.8 10304 10298.3 10293.5 10293.6 10294.1 10296.2 10295.9 10294.2 10292.4 10291 10290.7 10289.6 10289.8 10292 10295.3 10299.2 10303.1 10307.7 10312.4 10317.2 10321.4 10325.3 10327.6 10314.3 10304.7 10294.4 10283.4 10272 10258.7 10248.5 10242.2 10248.5 10269.1 10323 10370.2
10345.1 10338.8 10334.8 10327.4 10322.6 10320.6 10318.2 10315.2 10312.1 10308.8 10305.7 10304.5 10304.1 10304.7 10304.7 10303.4 10303.6 10307.2 10309.7 10309.5 10308.8 10307.9 10307.3 10306.6 10306.3 10307.4 10312.7 10311.2 10305.7 10302.7 10307.1 10307.6 10303.3 10298 10294.1 10293 10293.3 10293.6 10293.4 10292.2 10290.7 10289.5 10288.9 10289.1 10289.6 10292.2 10295.3 10299.2 10303.2 10307.9 10313 10318.5 10324.5 10329 10326.9 10317.6 10303.8 10290.3 10275.5 10259 10237.8 10219.1 10201.1 10190.3 10208.2 10268.2 10329.6
10324.7 10326 10327 10329.2 10323.2 10318.1 10317.3 10316.6 10314.4 10311.8 10308.7 10307.9 10308.1 10309.3 10310.1 10308.8 10307.9 10308.7 10309.7 10307.5 10306 10304.9 10304.1 10303.3 10302.8 10303 10308 10309.2 10305.5 10303.8 10307.7 10308.6 10302.6 10297.2 10293.7 10292.7 10293.9 10293.1 10292 10290.7 10289.1 10287.4 10286.1 10287.4 10291.2 10292.4 10295.2 10298.9 10303.1 10307.7 10313.1 10318.6 10324.6 10331 10329.4 10313.7 10302.5 10288 10270.3 10250.1 10224.2 10199.6 10175.6 10161.6 10177.2 10234 10294.2
10322.7 10322.3 10324 10325 10325.7 10324.6 10323 10320.9 10318 10314.4 10311.3 10312.6 10314.1 10316.6 10319 10319.2 10315.8 10311.1 10306 10304.8 10304.5 10303.9 10302.9 10301.7 10301.1 10301.8 10306.9 10309.7 10308.1 10306.6 10306.6 10305.2 10300.5 10295.9 10291.7 10290.6 10292.5 10292.3 10291.3 10289.9 10287.7 10285.9 10284.4 10284.6 10286.8 10291.3 10294.9 10298.9 10302.9 10307 10311.6 10316.5 10321.3 10325.4 10324.6 10315.3 10305.6 10289.1 10269.6 10247.3 10220.5 10193 10167 10149.4 10166.5 10219.5 10278.5
10323.2 10323.5 10324.8 10327.7 10332 10333.2 10331.5 10327.9 10323.4 10318.7 10316.6 10319.9 10324 10327.7 10329.3 10329.8 10323.6 10315 10307.1 10305.2 10305.2 10304.4 10303.5 10301.8 10301 10302.6 10307.6 10311.6 10312.2 10308.8 10306.5 10301.4 10298.8 10295.8 10292.5 10291.3 10292.5 10291.9 10290.6 10289.1 10287.5 10285.8 10284.2 10285.2 10288.3 10291.8 10295.2 10298.4 10301.9 10305.4 10309 10312.9 10316.8 10320.6 10324.7 10326.9 10313 10295.9 10277.2 10252.6 10229.9 10200.1 10174.7 10154.3 10171.6 10226.5 10280.3
10327.8 10330 10332.2 10336.5 10343.4 10345.3 10341.5 10336 10330.5 10325.6 10324.3 10328.4 10334.4 10337.7 10336.6 10337 10329.3 10320.7 10313.5 10310.1 10308.8 10307.4 10305.4 10303.3 10301.7 10303.4 10310.6 10317.7 10322 10319.9 10314.8 10306.3 10301.6 10298.4 10295.4 10293.6 10293.2 10291.7 10290.3 10288.9 10287.8 10286.4 10285.8 10287.3 10290.2 10292.8 10295.4 10298.1 10300.7 10303.4 10305.8 10308.6 10311.6 10316.3 10322.7 10329.2 10317 10301.8 10286.4 10262.7 10243.7 10222.3 10201.6 10183.3 10207.9 10267.9 10312.3
10333.4 10340 10348.2 10351.1 10358.1 10358.8 10351 10343.5 10337.7 10334.2 10334.4 10336 10338.9 10340.2 10338.3 10335.7 10332.3 10326.8 10321.1 10317.2 10315.3 10313 10309.4 10306 10303.6 10306.1 10318.8 10331.9 10336.8 10339 10330.6 10316.1 10307.6 10303 10299.3 10296.8 10294.6 10291.4 10289.4 10288.1 10287.5 10287.6 10288.4 10290 10291.5 10293.9 10295.9 10297.8 10299.7 10301.1 10302.6 10304.2 10306 10309.5 10315.2 10317.2 10313.7 10305.3 10295.1 10276.3 10265.4 10256.5 10249.7 10242 10284 10348.6 10383.6
10336.7 10345.6 10358.8 10366.4 10366.9 10364.5 10355.7 10348.8 10343.6 10340.5 10339.9 10341.6 10342.8 10342.3 10340.3 10336.5 10336.7 10334.4 10330.3 10326.7 10324.8 10320.4 10315.6 10311.1 10307.2 10308.9 10325.3 10341.6 10346.9 10351.4 10343.4 10325.5 10314.7 10308.4 10303.1 10300.3 10294.5 10290.2 10288 10287.1 10287.4 10288.6 10290.4 10292.2 10293.6 10295.2 10296.6 10297.8 10298.8 10299.5 10300 10300.4 10301.2 10306.1 10309.1 10312.4 10312 10308.5 10302.4 10294.7 10287.7 10291.7 10307.3 10346.4 10362.2 10386.6 10399.1
10336.8 10342.1 10355.1 10368.7 10363.6 10359 10355.5 10351.4 10347.7 10345 10344 10347.2 10349.6 10348.5 10348.2 10346.3 10344.4 10343.8 10344.1 10344 10336.8 10329 10322.6 10318 10314.7 10316.7 10328.7 10340.5 10347.1 10350.2 10345 10332.2 10322.2 10314.4 10305.4 10295.7 10290.8 10287.4 10285.8 10285.8 10287.1 10289.2 10292.1 10294.4 10296.2 10297.3 10298 10298.5 10298.9 10298.8 10298.7 10297.8 10296.7 10298.2 10304.5 10309.8 10312 10311.8 10309.5 10306.7 10308.4 10313.1 10332.7 10364.2 10380.2 10375.3 10376.2
10338.9 10341.4 10351.7 10370.1 10359.5 10355.1 10355.1 10353.3 10351.1 10349.8 10350.4 10356.6 10361.5 10363.3 10360 10354.1 10350.8 10350.4 10353.5 10356.4 10345.4 10335.4 10328.9 10325.1 10324.3 10326.3 10331.4 10337.8 10342.3 10344.2 10342.5 10337.2 10330.8 10322.3 10309.8 10295.8 10288.4 10284.6 10283.5 10284.5 10286.9 10290 10293.8 10297.1 10299.2 10299.5 10300 10300.1 10300.3 10299.8 10298.8 10297.6 10295.7 10296.8 10302.9 10309.8 10313.9 10314.3 10314.5 10315.9 10319.1 10322.8 10331.2 10338.2 10353.1 10349.5 10351.1
10342.4 10343.3 10352.8 10371.5 10364.2 10358.8 10357 10355.2 10354.1 10354.3 10358 10368.1 10372.3 10376.1 10367.9 10358.4 10353 10351 10351.5 10353.1 10343.6 10336.6 10332.5 10330.6 10330.8 10331.9 10333.3 10334.7 10336.9 10338.5 10337.8 10344.2 10343.7 10332.7 10317.8 10301.7 10287.1 10282 10281.4 10283.5 10286.7 10290.8 10295.4 10299.5 10300.8 10301.5 10302.4 10302.7 10302.4 10301.8 10300.9 10299.8 10298.9 10300.5 10303.9 10309.1 10312.7 10315 10316.7 10319 10322.2 10326 10328.9 10331.4 10337.6 10334 10334.8
10349 10351.5 10366 10382.4 10372.4 10364.6 10360.4 10357.5 10356.1 10356.6 10361.9 10374.1 10374.5 10372 10363.6 10355.9 10350.4 10346.1 10342 10336.4 10334.2 10333.5 10333.6 10333.9 10334.4 10335.7 10335.9 10333.5 10334.3 10339.6 10341.5 10353.3 10352.7 10342.4 10324.7 10302.2 10283.7 10279.4 10280.1 10282.8 10286.6 10291.2 10296.2 10299.5 10301.4 10303.6 10305.1 10305.7 10305.9 10305.4 10304.1 10303.2 10302.8 10304.3 10305.9 10309 10313 10314.5 10316.8 10319.5 10322.8 10326.3 10329.2 10331.8 10329.8 10329.2 10326.5
10358.2 10360.4 10376.3 10384.8 10374.1 10368.7 10363.4 10359.1 10356.9 10356.1 10359 10368.7 10368.8 10365.9 10358.9 10351.5 10345.1 10339 10332.9 10326.6 10326.8 10330.2 10333.3 10336.8 10339.9 10341.9 10342.2 10339.1 10336.1 10340.4 10371.4 10355.6 10358.6 10353 10332.2 10304 10282.3 10279.1 10280.4 10283.2 10287.1 10291.8 10296.9 10300.4 10303.4 10306.8 10309 10310.1 10310.4 10309.6 10308.4 10307.2 10306.3 10307.5 10308.1 10309.1 10310 10312.4 10315.1 10317.9 10320.7 10322.9 10324.7 10325.3 10325.1 10323.8 10321.4
10368.2 10370.8 10381.9 10384.7 10383.3 10372.4 10365.2 10360 10356.6 10353.7 10352.1 10355.5 10359.1 10357.6 10355.1 10345.3 10338.4 10332.4 10326.9 10322.8 10323.2 10327.8 10333.2 10339.4 10345.7 10348.9 10350.9 10350.5 10340.1 10312.7 10280.1 10308 10361.2 10365.4 10342.4 10312.3 10288 10283.1 10283 10284.9 10288.1 10292.8 10298.2 10302.6 10306.5 10311.5 10314.5 10315.7 10316 10315.4 10314 10312.2 10311.2 10311.5 10310.9 10310.2 10309.2 10310.8 10313 10314.7 10316.7 10319.3 10321.3 10320.7 10319.1 10317.8 10316.4
10378.5 10383.6 10389.2 10380.5 10374.7 10369.9 10364.7 10360.1 10356.3 10352.7 10349.7 10349.8 10351.6 10345.9 10339.6 10335.3 10331 10326.9 10323 10319.6 10320.7 10326.4 10333.7 10341.3 10346.9 10353.1 10357.5 10360.4 10347.1 10288.9 10221.8 10260.6 10358.7 10372.9 10341.1 10315.2 10298.2 10290.4 10287.8 10287.9 10289.8 10293.4 10299.8 10306.5 10313.1 10318.5 10321 10322.2 10322.5 10322.1 10320.7 10318 10316.6 10316.2 10314.8 10313 10311.2 10310.8 10311.5 10312.4 10313.4 10315 10317.3 10317 10314.2 10312.8 10312.2
10387.7 10390.7 10389 10376 10367.6 10366 10363.1 10360 10357.2 10354.1 10352 10352.9 10350.8 10340.5 10329.4 10328 10326.5 10323.8 10321 10318.9 10320.4 10326 10334.2 10343.3 10352 10355 10358.5 10361.5 10351.9 10293.8 10230.2 10256.8 10350.6 10366.8 10334.2 10314.9 10305.1 10297.4 10293 10291.3 10291.7 10293.6 10298 10310.4 10323.8 10326.3 10327.3 10328.2 10328.9 10329.3 10328.4 10325.6 10321.5 10322.4 10320.4 10317.1 10313.3 10311.3 10310.8 10310.2 10309.5 10309 10308.8 10309.7 10309.4 10308.6 10309
10395.9 10393.9 10386.4 10375.1 10367.2 10364.1 10361.7 10359.9 10358.2 10356.6 10355.6 10356.8 10353.7 10342.5 10331 10326.5 10325.2 10323.4 10321.4 10320.2 10321.6 10326.3 10332.6 10341 10350.2 10350.9 10352.2 10352.4 10345.1 10313.6 10293.4 10313.9 10348.4 10353.4 10331 10316.9 10309.6 10303 10297.2 10294.6 10294.1 10295.1 10297.7 10312.5 10326.1 10330.1 10331.5 10332.8 10334.3 10335.9 10337.6 10338.5 10336 10332.1 10327.4 10322.3 10316.6 10312.9 10311.3 10308.7 10305.9 10303.3 10300.9 10303.7 10306.1 10305.7 10306.7
