real_craters/C119-300m.grd
DSAA
246 246
-36.7675 36.7675
-36.7675 36.7675
9157.4383254417 10838.43957285
[rows 150 to 179 of 246, columns 67 to 133 of 246]
10481.3 10480.5 10479.7 10479.2 10478.7 10478.6 10479.2 10480.9 10483.4 10475.9 10466.3 10459 10454.1 10451.9 10453.6 10461.4 10472.3 10485.2 10498.7 10511.2 10517.6 10522.8 10526.7 10529.5 10529 10526.1 10520 10521.1 10537.6 10557.3 10575.3 10588.1 10599 10608.4 10613.5 10605.6 10597.5 10583.8 10536.2 10480.4 10422.7 10368 10315.5 10269.1 10237.8 10229.2 10228.7 10225.6 10216.3 10227.9 10232.1 10237.3 10245.2 10247.7 10245 10240 10240.3 10245.2 10256.8 10278 10300.2 10324 10346.3 10343.3 10326 10304.8 10288
10482.3 10482.2 10482.6 10482.5 10482.6 10482.6 10482.7 10483.6 10483.7 10478.2 10469.7 10462.6 10457.7 10456.2 10459.8 10465.4 10474.3 10486.8 10501.1 10513.3 10522.8 10526.5 10528.7 10530.9 10531.8 10531.9 10529 10524.5 10537.7 10556.2 10575.6 10581.8 10589.5 10596 10600.9 10604.5 10607.4 10589 10549.8 10502.3 10455.1 10410.9 10371.9 10339.2 10313 10287.7 10264.5 10272.5 10267.9 10269.8 10256.3 10234.5 10202.2 10217.4 10240.8 10249.1 10252.5 10257.6 10263.1 10272.5 10283.2 10311.2 10333.5 10344.4 10316.3 10285.8 10254.6
10480.4 10481.6 10482.3 10483.1 10483.1 10480.7 10481.7 10482.8 10477.9 10475.8 10469.8 10463.3 10458.3 10456.1 10457.1 10462.3 10472.2 10485.1 10500.4 10518.1 10527.2 10527.2 10528.8 10531.9 10535.5 10541.1 10545.2 10537 10544 10554.9 10564.1 10572.1 10577.7 10582.9 10589.9 10611.3 10637.5 10596.6 10557.5 10521.6 10485.2 10451.1 10422.3 10400.8 10386.7 10350.2 10321.4 10336.9 10340.4 10307 10284.4 10258.8 10225.6 10236 10252.1 10258.9 10261.1 10263.7 10264.6 10266.5 10271.2 10299.8 10312.3 10307.1 10290.7 10265.8 10231.8
10475.6 10477.5 10478 10478.4 10478.9 10479.2 10480.5 10483.1 10483.5 10474.3 10467 10461 10455.6 10452.7 10452.6 10456.8 10466.1 10479.7 10494.3 10509 10518.1 10521.5 10524.8 10529.5 10535.2 10542.3 10548.5 10549.9 10551 10554.4 10557.7 10563.3 10567.3 10569.7 10571.9 10574.8 10587.8 10582.9 10563.2 10537 10510.9 10487.3 10466.7 10450.3 10432.3 10407.4 10389.2 10381.7 10393.3 10337.3 10318.9 10303.7 10307.2 10286.3 10276.1 10275.1 10273.4 10272.2 10267.5 10264.1 10264.6 10292.9 10287.4 10265 10268.7 10262.8 10249.7
10472.9 10474.1 10474.1 10472.5 10473.3 10474.4 10475.8 10478 10477.2 10470.2 10463.5 10456.8 10451 10446.7 10444.5 10446.6 10456.2 10470.4 10485.5 10494.9 10503.4 10510.6 10517.2 10524 10530.7 10536.9 10542.7 10550.1 10551.8 10553.6 10556.3 10558.9 10560.2 10559.8 10557.4 10553.1 10564.9 10567.6 10557.7 10545.9 10529.7 10514.4 10501.6 10491.5 10481.7 10452.1 10414.1 10396.5 10392.3 10377.4 10350.4 10337.5 10329.8 10311.4 10300.6 10297.1 10293.5 10287.8 10279.7 10268.6 10251.7 10256.2 10255.9 10250.2 10267 10275.9 10282.7
10469.8 10465.2 10463 10463.2 10465 10467.3 10469.2 10470.2 10468.7 10465.4 10460.3 10452.7 10446.3 10440.7 10436.1 10436.1 10443.9 10455.6 10468.1 10478.7 10488 10498 10507.6 10516.5 10524.9 10532.4 10538 10541.4 10546.5 10552 10555 10555.9 10554.5 10552.2 10549.7 10548.6 10549.6 10557.7 10556.5 10549.9 10540.5 10533.7 10526.2 10522.3 10515.7 10491.8 10455.7 10426 10403.4 10382.5 10376.9 10363.4 10344 10334.8 10327.4 10322.9 10317 10310.7 10299.7 10286.9 10268.3 10253.7 10268.4 10277.9 10289 10299.1 10309.5
10469.7 10459.4 10456.7 10457.6 10460.5 10463.4 10465.4 10465.8 10464.4 10461.6 10457 10450.7 10443.8 10436.8 10430.1 10426.4 10432.8 10442.2 10453.1 10464.5 10474.4 10486.1 10497.3 10508.2 10518.1 10527 10533.7 10537.9 10545.3 10551 10553.6 10553.5 10551.2 10547.5 10545.3 10547.3 10552.2 10555.2 10555.8 10553.8 10550.9 10549.1 10547.1 10545.2 10537.3 10525.8 10504.3 10482.6 10462.1 10421.7 10416.7 10405.9 10378.7 10363.8 10360 10354 10344.9 10336.5 10329.8 10322.9 10321.7 10314.8 10327.8 10326.6 10321.7 10327.2 10342.8
10453.2 10446.4 10447.3 10451.3 10455.9 10460.2 10463.7 10465.3 10463.1 10459.5 10454.5 10448.4 10441.4 10433.6 10427.4 10423.1 10427 10434.9 10444.5 10454.9 10465.4 10476.4 10487.7 10498.7 10510 10521.5 10529.4 10537 10545.7 10549.7 10553.4 10554 10547.4 10541.6 10538.5 10538.7 10545.5 10550.5 10553 10553.3 10554.5 10557.9 10560.3 10562.2 10561 10545.6 10523.3 10509.4 10494.9 10474.6 10465.3 10471.7 10461.9 10422.5 10403.4 10390.2 10380.2 10370.4 10362.3 10357.9 10361.2 10356.9 10350.8 10352 10351.1 10353 10365.6
10419.9 10426.9 10435.2 10442.9 10450.2 10456.7 10462 10466.6 10462.5 10457.2 10450.3 10444.2 10437.4 10431.9 10428.6 10424.6 10426 10430.9 10439 10448.6 10458.2 10468.3 10478.5 10488.6 10499.4 10511.4 10521.1 10530.9 10539.8 10544 10546.9 10547.3 10540 10533 10528.6 10531.3 10542.2 10550.6 10549 10551.5 10556.3 10563.3 10570.4 10573.9 10577 10564.2 10542.4 10526 10511.2 10499.4 10499.1 10506.5 10497.7 10470.9 10446.5 10429.7 10416.5 10406.1 10396 10387.9 10376.4 10362.5 10356.8 10372.7 10383.1 10389.7 10408.3
10395.6 10412.9 10426.6 10437 10445.6 10453.2 10459.6 10461.2 10460.1 10454.4 10448.4 10441.6 10436.7 10432.7 10429.9 10427.1 10426.3 10429.3 10435.8 10444.6 10453.5 10462.2 10470.2 10477.6 10485.6 10495.4 10507.1 10519.8 10529.9 10533 10533.7 10531.8 10528.8 10522.5 10514.1 10512.2 10522.8 10530.6 10538.4 10545.7 10552.9 10560.4 10564.3 10574.6 10586.4 10589.6 10574.9 10552.6 10535.5 10525.1 10530 10525.1 10514.6 10495.3 10479.9 10464.2 10450.5 10439.2 10428.6 10421 10408.3 10399.1 10400.2 10413.4 10425.4 10436.1 10463.8
10394.3 10412.6 10425.3 10434.7 10442.3 10449.5 10457.3 10462.8 10456.8 10451 10446.4 10439.7 10435.9 10435.1 10432.6 10430.7 10429.4 10427.3 10434.1 10442.4 10451.1 10458.2 10462.5 10466.8 10471 10477.7 10490 10503.4 10516.3 10516 10518.6 10518.8 10518.8 10513.9 10507.9 10505.3 10506.6 10509.5 10526.1 10538.6 10546.1 10550.5 10563 10576 10591 10597.4 10611.9 10622.8 10590.1 10590.2 10581 10553.4 10542.1 10529.4 10511.4 10492.1 10477.1 10467.4 10461.3 10457.7 10454.7 10459 10463.2 10467.2 10473.7 10484.4 10511.1
10422 10427.1 10431.5 10435.8 10439.9 10444.3 10449.4 10452.5 10449.5 10447.6 10444.1 10440.6 10436.4 10434.8 10434 10436 10436.8 10432.5 10435.4 10440.7 10447 10452 10454.8 10457.4 10458.9 10462.9 10473 10482.1 10486.7 10492.5 10503.1 10513.4 10510.6 10504.9 10505.9 10504.7 10502.4 10509.5 10519.6 10531.3 10533.2 10545.2 10557 10569.3 10584.1 10587.7 10619.7 10701.6 10637.6 10622 10614.2 10611.5 10574.6 10558.7 10533.9 10510.6 10498 10492 10490.7 10493 10500.4 10521.6 10526 10514.5 10514.8 10524.2 10531.1
10464.8 10447.2 10440.1 10438.2 10438.1 10438.1 10438.4 10439.6 10441.9 10440.8 10438.1 10435.8 10433.3 10431.5 10433 10436 10438.6 10437.1 10436.4 10438.3 10440.8 10443.4 10448 10450.9 10452.2 10454.3 10459.4 10463.2 10464.8 10472.3 10485.6 10497.6 10496.7 10488.2 10481.9 10487.9 10494.9 10504.9 10514.5 10522.4 10526.4 10534.9 10545.9 10554.8 10563.5 10563.4 10574.5 10591.2 10612.2 10608.8 10603.1 10581.8 10563.9 10541 10522.9 10514.3 10508.4 10507.6 10511.3 10520.7 10534.2 10552.1 10550.6 10537.2 10535.7 10541 10533.4
10475.7 10454.5 10443.3 10437.4 10435.2 10434.4 10432.6 10433.1 10434.3 10433.1 10431.9 10429.1 10427.5 10427.1 10427.4 10431.9 10436.7 10435.2 10434 10435.3 10437.4 10439.9 10444.2 10447.5 10450.1 10450.2 10449.6 10449.2 10448.4 10453.5 10467 10478.9 10478.8 10468.8 10459.6 10468.9 10482.8 10497.3 10503.4 10512.1 10519.8 10528.4 10530.7 10536.4 10537.7 10533.1 10536.7 10546.6 10549.8 10562.6 10559.1 10542.2 10536.4 10523.3 10513.3 10509.1 10507.6 10511 10520.1 10534.3 10550.7 10543.1 10535.7 10532.1 10531.5 10533.2 10517.3
10455.9 10447.2 10439.2 10434.2 10431.8 10431.6 10431 10430.6 10427.6 10426.8 10425.7 10422.2 10420.2 10419.6 10420.6 10421.9 10421.7 10424.3 10427.9 10431.3 10435.1 10438.8 10442.3 10444.6 10445.9 10444.4 10440.9 10438.5 10437.9 10441.8 10450.5 10457.6 10458.4 10454.7 10449.5 10458.3 10469.1 10475.4 10487.3 10499.5 10509 10517.2 10522.8 10526.5 10523.5 10514.4 10509 10510 10514.5 10526.5 10531.1 10521.6 10514.8 10507.7 10503.1 10498.6 10500.9 10507.6 10517.4 10528.6 10534.9 10522.4 10514.8 10512.8 10510 10505.5 10497.1
10438.5 10436.9 10433.5 10430.7 10428.7 10428 10429 10427 10422 10420.2 10418.9 10418.6 10414 10413.7 10412.9 10412.1 10412.2 10415.6 10420.6 10426.2 10432.8 10438.8 10441.3 10440.5 10439.2 10436 10431.9 10428.6 10427.1 10428.4 10437.9 10447.2 10451.2 10449.5 10447.4 10453.5 10461.7 10468.9 10479.3 10490.3 10498.8 10505.3 10511.5 10516.4 10518.8 10504.3 10486.6 10487 10488.8 10499.9 10514.9 10507.9 10494.3 10485 10477.9 10481.9 10488.5 10496.8 10505.9 10512.9 10512.7 10504.8 10493.6 10489.1 10486.3 10482.8 10484.1
10426 10425.7 10425.1 10424.2 10423.8 10423.3 10422.4 10420.3 10419.4 10417.7 10416 10413.8 10411.4 10407.3 10404.9 10402.5 10402.1 10406.9 10412 10419.1 10428 10437.9 10438.6 10433.6 10430.4 10426.6 10422.7 10419.4 10416.6 10417.3 10429.6 10444.6 10458.2 10448.9 10446.7 10453 10461.1 10468.5 10476.1 10482.7 10488.5 10492.9 10497.2 10503 10511.2 10494.7 10475.6 10471.7 10467.4 10474.5 10483.3 10474.7 10471.9 10464.4 10457.3 10464.9 10474.2 10482.7 10490.4 10495.5 10491.3 10475.6 10464.4 10465.5 10466 10462 10457.4
10414.2 10416.2 10418.2 10418.9 10418.3 10418.2 10418.4 10416.7 10416.5 10414.8 10413 10410.2 10407 10401.4 10397.5 10393.8 10392.4 10396.3 10401.7 10408.9 10417.4 10426.9 10426.9 10420.9 10417.2 10415.9 10414.4 10412.3 10410.5 10411.1 10424.5 10438.3 10444.1 10447.8 10449.7 10455.6 10463.5 10467.9 10472 10477 10478.9 10479.3 10478.8 10478.6 10479.4 10471.7 10464.1 10461.7 10456 10456.3 10456.9 10455.7 10456 10451.9 10449 10453.7 10461.7 10468.9 10474.7 10477.1 10469.1 10450.8 10444.8 10448 10451.7 10444.9 10429.8
10403.9 10407.8 10412 10414.2 10414.4 10413.2 10412.4 10413.4 10413.2 10411.5 10409.3 10406.3 10402.8 10396.7 10391.5 10386.3 10383.2 10384.6 10390.4 10396.8 10402.6 10405.7 10406 10405.8 10405.2 10406.5 10407.6 10408.3 10409.2 10412.2 10424.4 10437 10447.3 10452.5 10455.7 10460.3 10467.2 10471.3 10475.3 10474.1 10470.8 10466.1 10459.1 10450.2 10440.8 10442.9 10443.5 10446 10447 10445.9 10441.3 10450.6 10447.7 10443.8 10442.2 10444.9 10450.3 10455.9 10459.5 10458.5 10450.9 10439.8 10432.3 10434.7 10439.6 10434 10424.9
10397.3 10403 10408 10411.3 10412.3 10411.1 10410.7 10411.6 10411.2 10409.5 10406.9 10403.4 10399.6 10393.8 10388 10381.1 10375.5 10375.6 10381 10386.2 10389.8 10390.3 10390.5 10394.8 10397.8 10400.2 10402.8 10406.3 10410.8 10417.7 10427.9 10438.9 10450.6 10460.2 10463.6 10466.1 10470.1 10474.6 10477 10472.7 10465.1 10455 10443.4 10430.3 10420.5 10423.7 10427.5 10432.4 10438.2 10440 10439.5 10447.1 10440.2 10435.5 10434.3 10435.9 10438.9 10443.3 10446.8 10444.9 10436.7 10427.3 10422.7 10425.3 10428.1 10423.2 10417.9
10399.9 10403.8 10408.4 10412.2 10413.8 10412.9 10412.7 10412.1 10410.5 10408.3 10405.2 10401.7 10397.6 10392.8 10387.2 10380.1 10373.5 10372.1 10375.2 10379 10381.7 10383.1 10384.4 10386.5 10390.3 10394.6 10399.4 10404.8 10412.1 10420.9 10429.9 10438.4 10447.5 10456.9 10463.3 10465.7 10469.5 10474.3 10476.2 10470.8 10460 10446.9 10432.7 10418.9 10411.8 10414.7 10420 10424.9 10430.1 10433.9 10432.4 10432.8 10427.5 10423.5 10423.8 10424.7 10425.8 10430.5 10436.5 10442.1 10429.2 10419.9 10419.7 10420.2 10420 10416.7 10414.9
10405.6 10408.6 10412.1 10415.5 10418.7 10419 10417 10414.1 10410.9 10407.3 10403.8 10400 10396.6 10392.8 10388.7 10384.5 10378.3 10372.8 10373.2 10375.2 10377.1 10379.1 10381 10379.9 10383.6 10390.2 10396.2 10402.7 10410.5 10420.1 10425.7 10434 10443.6 10450.7 10454.9 10460 10465.7 10470.7 10473.3 10467.6 10456.1 10441.9 10427 10413.8 10408.4 10411.2 10413.5 10414.2 10417.7 10419.2 10409.4 10413.4 10410.4 10407.6 10404.6 10403.8 10410.1 10415.7 10421.1 10423.8 10415.7 10411.5 10413.9 10414 10412.3 10416.1 10417.6
10420.8 10416.5 10416.1 10418.3 10423 10427.6 10421.2 10415.1 10410.6 10406.5 10402.7 10398.8 10395.5 10392.5 10390.3 10389.6 10383.7 10375.7 10373.5 10373.6 10374.5 10375.5 10376 10376.4 10381.8 10388.1 10393.7 10399.2 10405.7 10413.4 10417.1 10425.2 10434.1 10438.4 10444.9 10452.2 10458.6 10463.5 10464.8 10461.6 10452 10439.1 10424.9 10412.4 10409 10411.6 10409 10402.2 10402.8 10398.5 10392.1 10392.2 10393 10392.7 10390.8 10390.7 10396.7 10401 10403.7 10404.4 10402.3 10404.8 10409.7 10412.8 10415.1 10423.9 10423.9
10426.1 10419.6 10416.3 10416.5 10419 10422.4 10418.1 10413.3 10408.9 10404.8 10400.9 10397.1 10393.8 10390.6 10388.9 10388.2 10383.3 10377.7 10374 10372.8 10373.5 10374.3 10374.3 10379.9 10384.8 10388.4 10391.5 10395.1 10399.1 10403 10405.6 10414.3 10423.2 10428.9 10436 10443.2 10450 10455.5 10460.5 10458.9 10448.4 10436.9 10424.2 10414.4 10410.1 10412.1 10406.4 10394.5 10395 10394.8 10387.1 10378.2 10380.6 10382.8 10384.5 10387.3 10388.3 10389.4 10389.5 10390.7 10396.7 10402.9 10409.1 10414.3 10422.1 10432.4 10427.2
10411.5 10412.2 10411.2 10411 10409.9 10409.2 10411 10409.4 10405.6 10401.8 10397.9 10394.1 10390.7 10387.7 10384.9 10382 10378.4 10374.2 10371.4 10371.6 10373.6 10376.6 10380.7 10388.1 10389.6 10389.8 10390 10391.2 10392.8 10394.2 10395.1 10404.3 10414.9 10425 10428.7 10433.8 10439.8 10445 10450.9 10450.7 10442.2 10434.3 10425.4 10418.4 10412.5 10407.6 10401.2 10393.7 10393.3 10390 10382.5 10375.9 10375.3 10377 10379.5 10382.8 10381.7 10381.3 10381.7 10385.7 10396.6 10403.6 10411 10417.7 10424.1 10429.2 10421.1
10395.9 10400.8 10404.3 10406.1 10405.9 10405.8 10406.8 10405.8 10403 10399.4 10395.7 10390.8 10386.8 10383.4 10380 10377.7 10373.1 10368.5 10367.4 10370.1 10373.8 10379.2 10387 10392.9 10391.3 10389.8 10389 10388.3 10388.2 10388 10387.7 10397.1 10409.7 10417.2 10419.6 10423.3 10428.1 10431.9 10434 10433.9 10433.1 10431.2 10427.6 10423.9 10416.8 10409.2 10404.4 10399.2 10398.4 10395.3 10384.1 10377.3 10374.6 10373.8 10374 10374.6 10374.7 10375.9 10377.6 10382.5 10391.2 10403.2 10414.3 10423.3 10418.4 10409.6 10406.4
10392 10394.4 10399.3 10403.8 10406 10406.4 10405.6 10403.4 10400.4 10396.6 10392.6 10388.6 10384.1 10379.6 10374.9 10370.3 10368.8 10366.6 10366.5 10369.3 10373.2 10378.5 10385.9 10390.9 10388.9 10387.5 10386.6 10385.6 10384.5 10383.8 10384.4 10391.3 10403.7 10407.2 10407.8 10413.3 10417.9 10421.1 10420.2 10416.8 10425.2 10429.3 10430.8 10431.3 10423.6 10414.1 10413.3 10416.6 10406.7 10395 10384.6 10379.5 10375.5 10372.7 10370.3 10367.1 10368.8 10373.1 10377.5 10381.8 10389.7 10402.1 10413.9 10419.2 10405.3 10388 10389.9
10392.7 10392.7 10397.3 10403.4 10408.8 10408 10405.4 10402.5 10399.3 10395.4 10391 10386.2 10381.4 10376.8 10372.2 10368.5 10367 10366.5 10367.2 10369.1 10371.7 10374.8 10378.1 10381.1 10383.2 10384.1 10383.8 10383.1 10381.9 10381 10381 10383.4 10389.9 10391.7 10397 10405.8 10411.9 10414.9 10416 10420 10423.1 10428.1 10433.4 10436.4 10431.8 10423.7 10422.1 10419.4 10408.9 10394.6 10388.7 10382.6 10377.2 10374.2 10370.7 10367.1 10368.2 10373.1 10379.6 10381.4 10387.5 10400.6 10412.3 10415.2 10393 10375.3 10377.5
10395.6 10393.1 10395.9 10401.8 10408.2 10407.7 10405.5 10402.6 10399.1 10395.1 10390.3 10385.1 10379.6 10374.2 10370.3 10367.9 10366 10366.7 10368.5 10368.7 10369.9 10371.1 10371.7 10373.7 10378 10380.8 10382.2 10382.4 10381.1 10379.6 10377.5 10378.3 10380.7 10385.8 10394.6 10404.3 10410.1 10413 10414.4 10415 10421.7 10428.7 10434.2 10438.4 10440.7 10438.2 10429.8 10420.5 10409.8 10401 10397.3 10389.8 10383.5 10379 10375.5 10372.6 10372.6 10374.8 10375.8 10380.8 10388 10398.5 10408 10409 10381.3 10368.7 10370.7
10396.2 10393.1 10393.7 10398.3 10403.1 10404.7 10404 10402.1 10399.3 10395.2 10390.2 10384.4 10378.2 10371.9 10366.1 10363.9 10364.1 10365 10366.2 10367.5 10369 10369.6 10368.5 10369.7 10375.9 10380.4 10383.2 10384.3 10383.1 10381.9 10379.8 10380.6 10384.2 10393.7 10404 10410 10413 10414.3 10415.5 10417.2 10423.5 10431 10437.2 10443.1 10449.2 10447.9 10434.8 10420.9 10409.2 10402.9 10402 10394.9 10389.2 10385.1 10382.5 10382 10382.6 10381.4 10381.7 10385.8 10391.2 10395.9 10398.1 10391.7 10370.1 10365.8 10367
