real_craters/C119-750m.grd
DSAA
99 99
-36.7675 36.7675
-36.7675 36.7675
9160.5880745316 10848.20311505
[rows 52 to 77 of 99, columns 0 to 57 of 99]
1.035e+004 1.035e+004 1.036e+004 1.037e+004 1.037e+004 1.038e+004 1.039e+004 1.039e+004 1.039e+004 1.038e+004 1.038e+004 1.038e+004 1.039e+004 1.039e+004 1.039e+004 1.039e+004 1.039e+004 1.039e+004 1.042e+004 1.045e+004 1.048e+004 1.05e+004 1.049e+004 1.048e+004 1.049e+004 1.048e+004 1.046e+004 1.045e+004 1.044e+004 1.044e+004 1.043e+004 1.043e+004 1.041e+004 1.041e+004 1.043e+004 1.047e+004 1.059e+004 1.057e+004 1.034e+004 1.009e+004 9902 9747 9608 9538 9477 9475 9418 9402 9438 9463 9408 9363 9319 9289 9336 9393 9546 9633
1.035e+004 1.035e+004 1.036e+004 1.036e+004 1.036e+004 1.037e+004 1.038e+004 1.039e+004 1.04e+004 1.039e+004 1.038e+004 1.039e+004 1.04e+004 1.039e+004 1.039e+004 1.039e+004 1.039e+004 1.038e+004 1.04e+004 1.043e+004 1.05e+004 1.05e+004 1.05e+004 1.05e+004 1.049e+004 1.047e+004 1.045e+004 1.045e+004 1.044e+004 1.044e+004 1.045e+004 1.048e+004 1.047e+004 1.046e+004 1.047e+004 1.05e+004 1.061e+004 1.062e+004 1.044e+004 1.021e+004 1.003e+004 9815 9639 9601 9556 9513 9467 9454 9447 9407 9358 9363 9355 9383 9404 9496 9599 9692
1.037e+004 1.038e+004 1.037e+004 1.037e+004 1.037e+004 1.037e+004 1.038e+004 1.04e+004 1.041e+004 1.042e+004 1.039e+004 1.039e+004 1.04e+004 1.039e+004 1.039e+004 1.04e+004 1.04e+004 1.041e+004 1.04e+004 1.046e+004 1.049e+004 1.05e+004 1.05e+004 1.049e+004 1.048e+004 1.046e+004 1.044e+004 1.043e+004 1.044e+004 1.044e+004 1.046e+004 1.048e+004 1.051e+004 1.05e+004 1.052e+004 1.058e+004 1.067e+004 1.07e+004 1.057e+004 1.036e+004 1.011e+004 9894 9724 9661 9611 9586 9555 9535 9497 9454 9401 9432 9457 9467 9492 9616 9707 9819
1.038e+004 1.038e+004 1.037e+004 1.037e+004 1.037e+004 1.038e+004 1.039e+004 1.04e+004 1.04e+004 1.04e+004 1.039e+004 1.039e+004 1.039e+004 1.039e+004 1.039e+004 1.04e+004 1.04e+004 1.04e+004 1.041e+004 1.047e+004 1.049e+004 1.052e+004 1.05e+004 1.048e+004 1.048e+004 1.046e+004 1.045e+004 1.044e+004 1.044e+004 1.045e+004 1.045e+004 1.047e+004 1.049e+004 1.049e+004 1.051e+004 1.059e+004 1.069e+004 1.074e+004 1.07e+004 1.05e+004 1.025e+004 9996 9800 9721 9645 9621 9603 9578 9565 9547 9565 9543 9560 9530 9624 9712 9813 9937
1.038e+004 1.038e+004 1.037e+004 1.037e+004 1.037e+004 1.038e+004 1.039e+004 1.04e+004 1.04e+004 1.041e+004 1.04e+004 1.039e+004 1.039e+004 1.039e+004 1.04e+004 1.04e+004 1.04e+004 1.039e+004 1.039e+004 1.043e+004 1.047e+004 1.05e+004 1.049e+004 1.048e+004 1.049e+004 1.049e+004 1.047e+004 1.045e+004 1.045e+004 1.045e+004 1.044e+004 1.044e+004 1.046e+004 1.047e+004 1.048e+004 1.054e+004 1.067e+004 1.085e+004 1.075e+004 1.057e+004 1.032e+004 1.012e+004 9984 9866 9778 9709 9675 9650 9710 9682 9626 9611 9636 9696 9804 9846 9919 1.002e+004
1.039e+004 1.038e+004 1.038e+004 1.038e+004 1.038e+004 1.038e+004 1.039e+004 1.04e+004 1.04e+004 1.041e+004 1.04e+004 1.039e+004 1.039e+004 1.039e+004 1.04e+004 1.04e+004 1.041e+004 1.04e+004 1.038e+004 1.039e+004 1.041e+004 1.045e+004 1.047e+004 1.048e+004 1.048e+004 1.048e+004 1.048e+004 1.047e+004 1.046e+004 1.045e+004 1.044e+004 1.043e+004 1.043e+004 1.045e+004 1.048e+004 1.052e+004 1.059e+004 1.062e+004 1.07e+004 1.061e+004 1.039e+004 1.021e+004 1.013e+004 1.004e+004 9972 9869 9829 9783 9776 9786 9732 9727 9736 9858 9951 9934 9986 1.01e+004
1.039e+004 1.039e+004 1.039e+004 1.039e+004 1.038e+004 1.039e+004 1.039e+004 1.039e+004 1.039e+004 1.039e+004 1.039e+004 1.039e+004 1.039e+004 1.039e+004 1.039e+004 1.039e+004 1.039e+004 1.039e+004 1.038e+004 1.038e+004 1.04e+004 1.04e+004 1.047e+004 1.047e+004 1.047e+004 1.047e+004 1.048e+004 1.048e+004 1.047e+004 1.046e+004 1.044e+004 1.043e+004 1.043e+004 1.045e+004 1.048e+004 1.051e+004 1.054e+004 1.058e+004 1.067e+004 1.066e+004 1.05e+004 1.037e+004 1.029e+004 1.017e+004 1.005e+004 9970 9873 9924 9966 9969 9988 9979 9991 1.004e+004 1.008e+004 1.006e+004 1.008e+004 1.018e+004
1.04e+004 1.04e+004 1.04e+004 1.04e+004 1.039e+004 1.039e+004 1.039e+004 1.039e+004 1.039e+004 1.039e+004 1.039e+004 1.04e+004 1.04e+004 1.04e+004 1.039e+004 1.038e+004 1.038e+004 1.037e+004 1.037e+004 1.037e+004 1.038e+004 1.039e+004 1.043e+004 1.046e+004 1.047e+004 1.048e+004 1.049e+004 1.048e+004 1.047e+004 1.047e+004 1.046e+004 1.045e+004 1.044e+004 1.046e+004 1.049e+004 1.051e+004 1.053e+004 1.054e+004 1.058e+004 1.061e+004 1.061e+004 1.064e+004 1.048e+004 1.029e+004 1.012e+004 1.006e+004 1.008e+004 1.01e+004 1.015e+004 1.015e+004 1.016e+004 1.019e+004 1.022e+004 1.026e+004 1.029e+004 1.023e+004 1.021e+004 1.025e+004
1.04e+004 1.04e+004 1.041e+004 1.041e+004 1.039e+004 1.039e+004 1.038e+004 1.038e+004 1.038e+004 1.039e+004 1.04e+004 1.04e+004 1.041e+004 1.04e+004 1.038e+004 1.037e+004 1.035e+004 1.036e+004 1.037e+004 1.038e+004 1.038e+004 1.038e+004 1.04e+004 1.043e+004 1.046e+004 1.049e+004 1.048e+004 1.048e+004 1.048e+004 1.048e+004 1.048e+004 1.046e+004 1.045e+004 1.047e+004 1.05e+004 1.052e+004 1.053e+004 1.052e+004 1.054e+004 1.058e+004 1.061e+004 1.06e+004 1.054e+004 1.039e+004 1.027e+004 1.023e+004 1.022e+004 1.023e+004 1.025e+004 1.024e+004 1.026e+004 1.031e+004 1.034e+004 1.03e+004 1.025e+004 1.022e+004 1.022e+004 1.029e+004
1.041e+004 1.041e+004 1.04e+004 1.04e+004 1.038e+004 1.038e+004 1.037e+004 1.037e+004 1.038e+004 1.039e+004 1.04e+004 1.042e+004 1.039e+004 1.037e+004 1.037e+004 1.036e+004 1.035e+004 1.036e+004 1.037e+004 1.037e+004 1.036e+004 1.035e+004 1.038e+004 1.041e+004 1.044e+004 1.046e+004 1.047e+004 1.048e+004 1.048e+004 1.048e+004 1.048e+004 1.046e+004 1.045e+004 1.046e+004 1.05e+004 1.052e+004 1.053e+004 1.055e+004 1.055e+004 1.056e+004 1.058e+004 1.06e+004 1.056e+004 1.048e+004 1.043e+004 1.036e+004 1.038e+004 1.029e+004 1.026e+004 1.027e+004 1.027e+004 1.028e+004 1.029e+004 1.025e+004 1.023e+004 1.026e+004 1.029e+004 1.036e+004
1.041e+004 1.04e+004 1.039e+004 1.037e+004 1.036e+004 1.035e+004 1.036e+004 1.037e+004 1.037e+004 1.038e+004 1.04e+004 1.041e+004 1.04e+004 1.039e+004 1.037e+004 1.035e+004 1.035e+004 1.035e+004 1.037e+004 1.038e+004 1.038e+004 1.038e+004 1.038e+004 1.041e+004 1.043e+004 1.044e+004 1.046e+004 1.047e+004 1.046e+004 1.047e+004 1.047e+004 1.046e+004 1.044e+004 1.044e+004 1.047e+004 1.049e+004 1.052e+004 1.054e+004 1.055e+004 1.056e+004 1.055e+004 1.055e+004 1.056e+004 1.054e+004 1.052e+004 1.047e+004 1.04e+004 1.037e+004 1.033e+004 1.032e+004 1.03e+004 1.026e+004 1.028e+004 1.03e+004 1.034e+004 1.04e+004 1.047e+004 1.048e+004
1.042e+004 1.04e+004 1.039e+004 1.037e+004 1.035e+004 1.034e+004 1.035e+004 1.036e+004 1.037e+004 1.037e+004 1.038e+004 1.039e+004 1.038e+004 1.037e+004 1.036e+004 1.034e+004 1.034e+004 1.035e+004 1.036e+004 1.038e+004 1.039e+004 1.04e+004 1.04e+004 1.042e+004 1.044e+004 1.047e+004 1.049e+004 1.044e+004 1.045e+004 1.046e+004 1.046e+004 1.045e+004 1.043e+004 1.042e+004 1.044e+004 1.047e+004 1.049e+004 1.052e+004 1.054e+004 1.055e+004 1.054e+004 1.054e+004 1.055e+004 1.056e+004 1.057e+004 1.053e+004 1.05e+004 1.049e+004 1.045e+004 1.04e+004 1.038e+004 1.036e+004 1.036e+004 1.037e+004 1.044e+004 1.05e+004 1.057e+004 1.054e+004
1.042e+004 1.041e+004 1.04e+004 1.038e+004 1.036e+004 1.034e+004 1.035e+004 1.036e+004 1.037e+004 1.037e+004 1.037e+004 1.037e+004 1.036e+004 1.035e+004 1.035e+004 1.034e+004 1.034e+004 1.035e+004 1.036e+004 1.036e+004 1.037e+004 1.038e+004 1.04e+004 1.042e+004 1.045e+004 1.049e+004 1.044e+004 1.04e+004 1.043e+004 1.045e+004 1.046e+004 1.044e+004 1.044e+004 1.043e+004 1.043e+004 1.046e+004 1.047e+004 1.048e+004 1.052e+004 1.052e+004 1.051e+004 1.051e+004 1.053e+004 1.055e+004 1.058e+004 1.06e+004 1.059e+004 1.057e+004 1.053e+004 1.048e+004 1.046e+004 1.046e+004 1.047e+004 1.049e+004 1.054e+004 1.054e+004 1.055e+004 1.053e+004
1.042e+004 1.041e+004 1.04e+004 1.039e+004 1.037e+004 1.036e+004 1.036e+004 1.036e+004 1.037e+004 1.038e+004 1.038e+004 1.037e+004 1.037e+004 1.037e+004 1.036e+004 1.035e+004 1.035e+004 1.035e+004 1.036e+004 1.037e+004 1.038e+004 1.038e+004 1.039e+004 1.041e+004 1.044e+004 1.048e+004 1.05e+004 1.046e+004 1.044e+004 1.044e+004 1.044e+004 1.043e+004 1.043e+004 1.044e+004 1.044e+004 1.044e+004 1.045e+004 1.045e+004 1.046e+004 1.048e+004 1.048e+004 1.048e+004 1.051e+004 1.053e+004 1.054e+004 1.055e+004 1.058e+004 1.057e+004 1.053e+004 1.051e+004 1.052e+004 1.055e+004 1.054e+004 1.054e+004 1.052e+004 1.052e+004 1.052e+004 1.05e+004
1.041e+004 1.04e+004 1.039e+004 1.039e+004 1.037e+004 1.036e+004 1.036e+004 1.037e+004 1.038e+004 1.039e+004 1.04e+004 1.039e+004 1.038e+004 1.039e+004 1.038e+004 1.037e+004 1.036e+004 1.036e+004 1.036e+004 1.037e+004 1.037e+004 1.037e+004 1.037e+004 1.039e+004 1.042e+004 1.043e+004 1.044e+004 1.044e+004 1.043e+004 1.043e+004 1.042e+004 1.042e+004 1.041e+004 1.041e+004 1.042e+004 1.044e+004 1.044e+004 1.043e+004 1.043e+004 1.044e+004 1.045e+004 1.046e+004 1.048e+004 1.05e+004 1.052e+004 1.049e+004 1.049e+004 1.052e+004 1.048e+004 1.048e+004 1.051e+004 1.051e+004 1.049e+004 1.048e+004 1.047e+004 1.047e+004 1.044e+004 1.043e+004
1.041e+004 1.04e+004 1.038e+004 1.038e+004 1.038e+004 1.038e+004 1.039e+004 1.039e+004 1.04e+004 1.04e+004 1.041e+004 1.041e+004 1.04e+004 1.039e+004 1.039e+004 1.039e+004 1.038e+004 1.038e+004 1.037e+004 1.038e+004 1.04e+004 1.037e+004 1.036e+004 1.038e+004 1.04e+004 1.042e+004 1.041e+004 1.041e+004 1.042e+004 1.041e+004 1.041e+004 1.041e+004 1.04e+004 1.039e+004 1.04e+004 1.041e+004 1.041e+004 1.041e+004 1.041e+004 1.043e+004 1.045e+004 1.046e+004 1.047e+004 1.047e+004 1.046e+004 1.046e+004 1.045e+004 1.045e+004 1.045e+004 1.045e+004 1.047e+004 1.045e+004 1.044e+004 1.043e+004 1.043e+004 1.043e+004 1.041e+004 1.04e+004
1.042e+004 1.041e+004 1.039e+004 1.038e+004 1.039e+004 1.04e+004 1.04e+004 1.04e+004 1.041e+004 1.041e+004 1.041e+004 1.041e+004 1.041e+004 1.04e+004 1.04e+004 1.04e+004 1.04e+004 1.04e+004 1.039e+004 1.04e+004 1.041e+004 1.038e+004 1.036e+004 1.037e+004 1.039e+004 1.04e+004 1.041e+004 1.04e+004 1.041e+004 1.041e+004 1.041e+004 1.04e+004 1.039e+004 1.038e+004 1.038e+004 1.038e+004 1.039e+004 1.04e+004 1.041e+004 1.043e+004 1.046e+004 1.047e+004 1.048e+004 1.045e+004 1.042e+004 1.042e+004 1.043e+004 1.043e+004 1.042e+004 1.042e+004 1.044e+004 1.042e+004 1.042e+004 1.041e+004 1.042e+004 1.042e+004 1.041e+004 1.041e+004
1.043e+004 1.042e+004 1.04e+004 1.038e+004 1.039e+004 1.041e+004 1.042e+004 1.042e+004 1.041e+004 1.041e+004 1.041e+004 1.041e+004 1.041e+004 1.041e+004 1.041e+004 1.042e+004 1.041e+004 1.041e+004 1.041e+004 1.041e+004 1.038e+004 1.036e+004 1.036e+004 1.037e+004 1.038e+004 1.04e+004 1.041e+004 1.042e+004 1.042e+004 1.042e+004 1.041e+004 1.04e+004 1.039e+004 1.039e+004 1.037e+004 1.037e+004 1.038e+004 1.039e+004 1.04e+004 1.042e+004 1.043e+004 1.045e+004 1.046e+004 1.044e+004 1.041e+004 1.041e+004 1.04e+004 1.039e+004 1.039e+004 1.039e+004 1.04e+004 1.04e+004 1.041e+004 1.043e+004 1.042e+004 1.042e+004 1.042e+004 1.043e+004
1.045e+004 1.044e+004 1.043e+004 1.04e+004 1.041e+004 1.041e+004 1.042e+004 1.042e+004 1.042e+004 1.042e+004 1.041e+004 1.042e+004 1.042e+004 1.043e+004 1.044e+004 1.043e+004 1.042e+004 1.041e+004 1.04e+004 1.038e+004 1.037e+004 1.038e+004 1.036e+004 1.037e+004 1.04e+004 1.041e+004 1.04e+004 1.04e+004 1.041e+004 1.041e+004 1.04e+004 1.039e+004 1.038e+004 1.038e+004 1.037e+004 1.038e+004 1.039e+004 1.039e+004 1.039e+004 1.039e+004 1.042e+004 1.043e+004 1.043e+004 1.043e+004 1.042e+004 1.041e+004 1.04e+004 1.038e+004 1.037e+004 1.037e+004 1.038e+004 1.04e+004 1.042e+004 1.041e+004 1.041e+004 1.041e+004 1.042e+004 1.044e+004
1.047e+004 1.047e+004 1.046e+004 1.044e+004 1.044e+004 1.043e+004 1.042e+004 1.042e+004 1.042e+004 1.042e+004 1.042e+004 1.041e+004 1.042e+004 1.044e+004 1.045e+004 1.044e+004 1.042e+004 1.041e+004 1.039e+004 1.037e+004 1.037e+004 1.04e+004 1.037e+004 1.038e+004 1.041e+004 1.042e+004 1.04e+004 1.039e+004 1.04e+004 1.041e+004 1.04e+004 1.039e+004 1.038e+004 1.037e+004 1.037e+004 1.037e+004 1.038e+004 1.038e+004 1.038e+004 1.038e+004 1.039e+004 1.041e+004 1.042e+004 1.043e+004 1.044e+004 1.043e+004 1.041e+004 1.039e+004 1.038e+004 1.037e+004 1.038e+004 1.039e+004 1.042e+004 1.037e+004 1.038e+004 1.04e+004 1.041e+004 1.042e+004
1.048e+004 1.049e+004 1.049e+004 1.048e+004 1.046e+004 1.045e+004 1.044e+004 1.044e+004 1.044e+004 1.043e+004 1.042e+004 1.042e+004 1.043e+004 1.044e+004 1.044e+004 1.044e+004 1.043e+004 1.041e+004 1.039e+004 1.037e+004 1.036e+004 1.036e+004 1.037e+004 1.039e+004 1.04e+004 1.041e+004 1.041e+004 1.039e+004 1.039e+004 1.04e+004 1.04e+004 1.039e+004 1.037e+004 1.036e+004 1.036e+004 1.037e+004 1.037e+004 1.038e+004 1.039e+004 1.039e+004 1.041e+004 1.042e+004 1.042e+004 1.043e+004 1.045e+004 1.044e+004 1.041e+004 1.04e+004 1.039e+004 1.039e+004 1.039e+004 1.04e+004 1.038e+004 1.037e+004 1.037e+004 1.038e+004 1.039e+004 1.038e+004
1.048e+004 1.049e+004 1.049e+004 1.049e+004 1.048e+004 1.047e+004 1.047e+004 1.046e+004 1.045e+004 1.044e+004 1.043e+004 1.043e+004 1.042e+004 1.043e+004 1.044e+004 1.044e+004 1.043e+004 1.042e+004 1.041e+004 1.04e+004 1.038e+004 1.036e+004 1.037e+004 1.04e+004 1.043e+004 1.043e+004 1.042e+004 1.04e+004 1.041e+004 1.041e+004 1.041e+004 1.039e+004 1.038e+004 1.037e+004 1.037e+004 1.037e+004 1.039e+004 1.039e+004 1.04e+004 1.042e+004 1.042e+004 1.042e+004 1.043e+004 1.044e+004 1.045e+004 1.044e+004 1.041e+004 1.04e+004 1.041e+004 1.041e+004 1.042e+004 1.04e+004 1.037e+004 1.037e+004 1.037e+004 1.038e+004 1.038e+004 1.038e+004
1.048e+004 1.048e+004 1.048e+004 1.048e+004 1.048e+004 1.048e+004 1.048e+004 1.047e+004 1.046e+004 1.045e+004 1.044e+004 1.045e+004 1.045e+004 1.044e+004 1.044e+004 1.044e+004 1.044e+004 1.044e+004 1.043e+004 1.041e+004 1.038e+004 1.037e+004 1.04e+004 1.043e+004 1.045e+004 1.044e+004 1.043e+004 1.043e+004 1.044e+004 1.043e+004 1.042e+004 1.041e+004 1.04e+004 1.038e+004 1.037e+004 1.037e+004 1.037e+004 1.038e+004 1.039e+004 1.039e+004 1.041e+004 1.043e+004 1.045e+004 1.046e+004 1.045e+004 1.044e+004 1.044e+004 1.042e+004 1.043e+004 1.042e+004 1.04e+004 1.038e+004 1.037e+004 1.037e+004 1.037e+004 1.037e+004 1.038e+004 1.038e+004
1.049e+004 1.048e+004 1.048e+004 1.048e+004 1.048e+004 1.047e+004 1.047e+004 1.046e+004 1.045e+004 1.044e+004 1.044e+004 1.043e+004 1.044e+004 1.044e+004 1.043e+004 1.044e+004 1.044e+004 1.044e+004 1.043e+004 1.04e+004 1.039e+004 1.04e+004 1.042e+004 1.044e+004 1.044e+004 1.044e+004 1.044e+004 1.044e+004 1.044e+004 1.043e+004 1.043e+004 1.042e+004 1.042e+004 1.039e+004 1.038e+004 1.038e+004 1.038e+004 1.038e+004 1.039e+004 1.039e+004 1.041e+004 1.043e+004 1.045e+004 1.046e+004 1.045e+004 1.044e+004 1.044e+004 1.042e+004 1.039e+004 1.038e+004 1.039e+004 1.037e+004 1.037e+004 1.036e+004 1.037e+004 1.037e+004 1.038e+004 1.038e+004
1.05e+004 1.049e+004 1.049e+004 1.049e+004 1.049e+004 1.047e+004 1.045e+004 1.045e+004 1.045e+004 1.044e+004 1.043e+004 1.042e+004 1.041e+004 1.042e+004 1.044e+004 1.044e+004 1.045e+004 1.045e+004 1.043e+004 1.042e+004 1.043e+004 1.044e+004 1.045e+004 1.048e+004 1.045e+004 1.044e+004 1.044e+004 1.044e+004 1.044e+004 1.044e+004 1.043e+004 1.042e+004 1.04e+004 1.039e+004 1.038e+004 1.039e+004 1.039e+004 1.04e+004 1.04e+004 1.039e+004 1.041e+004 1.043e+004 1.044e+004 1.045e+004 1.045e+004 1.043e+004 1.04e+004 1.039e+004 1.037e+004 1.037e+004 1.038e+004 1.037e+004 1.036e+004 1.037e+004 1.037e+004 1.037e+004 1.037e+004 1.038e+004
1.05e+004 1.05e+004 1.05e+004 1.05e+004 1.05e+004 1.048e+004 1.046e+004 1.045e+004 1.044e+004 1.043e+004 1.043e+004 1.042e+004 1.042e+004 1.042e+004 1.044e+004 1.044e+004 1.045e+004 1.045e+004 1.046e+004 1.045e+004 1.045e+004 1.045e+004 1.045e+004 1.044e+004 1.043e+004 1.043e+004 1.043e+004 1.044e+004 1.047e+004 1.045e+004 1.043e+004 1.041e+004 1.04e+004 1.039e+004 1.038e+004 1.038e+004 1.04e+004 1.041e+004 1.041e+004 1.042e+004 1.04e+004 1.043e+004 1.044e+004 1.044e+004 1.044e+004 1.042e+004 1.04e+004 1.039e+004 1.037e+004 1.038e+004 1.038e+004 1.037e+004 1.036e+004 1.037e+004 1.037e+004 1.037e+004 1.037e+004 1.037e+004
