real_craters/C119-1000m.grd
DSAA
43 43
-21.01 21.01
-21.01 21.01
2983.8763618384 4246.736082822
3963.96 3966.09 3974.59 4015.92 4013.51 4001.51 3995.57 4024.7 4021.76 4000.81 3980.86 3979.79 3950.79 3948.19 3943.63 3939.9 3933.94 3929.68 3929.91 3937.23 3960.24 3963.97 3949.46 3951.36 3953.91 3956.14 3959.09 3964.66 3910.75 3887.47 3893.05 3894.18 3892.67 3888.68 3891.22 3893.73 3888.24 3890.69 3914.37 3915.89 3908.38 3895.87 3879.13 
3969.72 3964.28 3960.25 3984.49 3991.73 3984.89 3976.61 3992.16 4002.94 4006.19 3993.52 3954.92 3943.07 3940.77 3935.57 3934.75 3928.42 3933.63 3929.94 3946.79 3966.54 3960.57 3949.68 3950.5 3945.98 3960.18 3962.3 3959.98 3933.61 3898.14 3897.87 3894.68 3884.72 3882.04 3892.59 3883.86 3880.53 3877.76 3895.35 3902.17 3908.99 3898.45 3888.11 
3974.45 3971.56 3969.58 3963.86 3977.67 3974.24 3968.86 3976.91 3980.85 3984.91 3961.56 3938.37 3932.35 3939.68 3932.04 3922.75 3920.11 3926.05 3946.79 3968.37 3971.78 3955.61 3950.8 3943.49 3942.23 3944.83 3965.49 3978.97 3981.13 3938.93 3922.9 3903.2 3889.14 3888.59 3895.19 3898.52 3883.34 3881.02 3871.4 3882.29 3881.48 3886.12 3890.21 
3969.14 3968.3 3961.89 3959.11 3963.56 3968.7 3975.17 3969.39 3968.51 3971.43 3953.99 3965.92 3956.08 3936.69 3925.65 3925.74 3921.54 3925.37 3960.4 3968.89 3966.33 3946.79 3935.95 3938.46 3937.43 3938.65 3977.96 4005.65 4015.02 3954.2 3937.94 3910.1 3889.18 3896.1 3899.24 3892.27 3887.62 3886.74 3873.93 3876.25 3882.55 3887.1 3884.49 
3968.91 3968.58 3963.72 3961.45 3962.77 3968.19 3966.92 3963.45 3956.34 3952.13 3947.25 3978.85 3989.31 3942 3929.6 3927.19 3926.33 3948.9 3971.21 3971.8 3963.23 3937 3941.35 3927.73 3923.1 3931.37 3975.86 4008.28 4020.74 3990.87 3957.33 3919.51 3882.07 3878.98 3886.03 3897.19 3876.06 3882.77 3879.4 3877.31 3874.23 3869.07 3872.2 
3974.64 3982.38 3974.52 3963.21 3965.09 3972.2 3973.58 3957.66 3943.75 3934.84 3927.43 3942.78 3973.1 3973.48 3952.41 3940.11 3951.12 3971.87 3977.95 3976.08 3956.9 3938.72 3928.73 3928.04 3917.84 3910.42 3931.96 3976.05 4000.02 4009.15 3994.28 3930.31 3879.72 3882.01 3884.48 3882.23 3877.77 3886.13 3884.07 3870.53 3866.25 3868.94 3867.92 
3980.71 3983.63 3975.53 3963.95 3962.78 3966.87 3965.65 3952.96 3939.08 3928.82 3917.76 3920.59 3955.63 3976.86 3973.9 3956.71 3947.03 3960.6 3979.09 3979.08 3955.69 3945.14 3939.96 3922.14 3911.29 3914.87 3922.05 3935.72 3950.32 3952.52 3957.34 3931.29 3898.23 3884.05 3878.92 3880.31 3879.51 3889.47 3885.35 3866.24 3859.94 3861.62 3865.62 
3985.69 3973.8 3967.17 3960.1 3956.88 3966.28 3967.72 3956.94 3938.02 3931.53 3927.03 3922.35 3956.33 3972.48 3975.14 3957.83 3927.45 3950.26 3975.02 3963.59 3954.09 3948.77 3931.79 3916.19 3923.49 3913.67 3925.55 3929.4 3928.17 3923.93 3933.14 3935.91 3919.59 3902.89 3889.36 3875.66 3884.12 3899.08 3883.8 3864.85 3860.07 3862.04 3860.04 
3984.55 3973.51 3963.03 3952.82 3954.26 3979.34 3988.8 3985.51 3974.01 3957.4 3931.46 3934.7 3961.49 3968.7 3965.27 3954.49 3950.28 3956.27 3970.2 3959.38 3949.93 3948.18 3933.18 3920.37 3934.45 3919.73 3931.98 3932.94 3922.87 3912.56 3933.06 3948.91 3931.37 3899.39 3873.27 3878.65 3890.63 3882.14 3874.59 3862.78 3861.13 3864.19 3856.62 
3979.92 3969.02 3968.1 3954.01 3957.6 3998.98 4009.43 4008.21 4006.48 3988.14 3957.54 3949.01 3971.19 3976.66 3959.05 3950.72 3949.44 3951.99 3955.34 3959.5 3957.97 3957.03 3950.32 3936.69 3932.47 3919.79 3933.38 3930.47 3922.07 3911.82 3945.85 3958.24 3938.94 3901.82 3870.11 3869.22 3866.38 3867.15 3866.29 3863.05 3858.48 3855.89 3852.63 
3979.21 3967.86 3963.63 3961.28 3994.99 4014.26 4013.48 4004.52 3992.16 3992.23 3970.14 3964.64 3991.39 3994.3 3993.92 3990.8 3965.77 3961.78 3964.54 3975.98 3978.17 3978.88 3964.17 3959.07 3953.93 3928.82 3941.57 3942.3 3929.76 3924.3 3937.56 3952.69 3941.96 3896.04 3870.52 3862.95 3867.27 3865.37 3861.28 3855.58 3852.66 3847.88 3846.26 
3972.31 3972.17 3968.24 3975.83 4012.94 4024.5 4013.71 3999.31 3984.14 3980.66 3982.54 3980.46 3986.32 4004.84 4014.98 3994.89 3981.37 3994.36 3998.51 3995.98 4008.69 3996.5 4003.03 4006.71 4079.62 4039.48 3957.03 3955.57 3943.16 3938.19 3945.88 3957.93 3949.72 3907.96 3888.19 3865.52 3862.31 3867.44 3858.98 3852.59 3848.48 3844.64 3840.76 
3956.31 3957.21 3956.45 3971.41 4000.29 4023.66 4014.68 4000.66 3989.41 3975.66 3977.83 3978.28 3992.49 4011.85 4030.18 4032.95 4028.78 4031.25 4074.99 4157.94 4132.41 4138.02 4185.1 4246.74 4182.62 4074.82 3997.08 3964.54 3960.3 3949.23 3955.28 3976.31 3971.64 3942.01 3932.3 3900.48 3863.37 3859.84 3855.6 3850.53 3846.44 3841.12 3837.41 
3931.91 3937.23 3945.37 3963.78 3992.56 4020.37 4013.01 4001.08 3984.23 3975.4 3972.83 3980.04 3999.04 4023.21 4046.76 4071.47 4095.36 4136.57 4095 4121.41 4066.1 4066.62 4083.73 4174.3 4184.53 4198.55 4078.27 4022.44 3973.39 3948.48 3938.95 3959.7 3981.33 3979.4 3950.1 3915.49 3867.33 3857 3853.32 3851.09 3848.7 3844.17 3839.22 
3888.61 3907.9 3929.38 3953.8 3979.65 4004.71 4005.08 3999.6 3989.05 3962.66 3960.98 3960.15 3999.22 4035.36 4072.34 4103.94 4115.14 3930.41 3824.81 3746.03 3743.54 3760.64 3758.08 3791.66 3897.39 4132.98 4207.14 4011.99 3986.34 3958.09 3945.46 3973.11 3984.19 3963.24 3951.94 3916.74 3869.13 3860.92 3852.52 3851.67 3854.25 3858.81 3868.54 
3856.17 3887.72 3923.42 3943.96 3957.92 3981.38 3994.16 3996.65 3992.11 3961.61 3952.85 3957.26 4002.58 4039.55 4095.25 4177.98 4039.55 3731.63 3572.98 3443.05 3429.09 3427.12 3466.81 3514.39 3648.29 3794.3 4029.3 4120.59 4051.26 3984.48 3938.63 3949.62 3994.4 3972.41 3950.74 3906.78 3860.93 3856.49 3854.95 3853.12 3859.77 3873.26 3896.41 
3834.59 3874.35 3911.82 3931.71 3954.54 3979.75 3981.03 3987.24 3979.47 3964.42 3952.94 3958.12 3979.84 4015.87 4055.12 4041.45 3799.81 3544.78 3372.74 3247.71 3214.71 3199.33 3226.02 3307.37 3457.92 3610.42 3770.65 4045.99 4080.25 4006.05 3950.35 3939.54 3962.62 3963.42 3945.97 3916.85 3858.76 3855.48 3849.73 3853.06 3859.92 3871.81 3887.73 
3826.63 3865.27 3895.14 3909.96 3924.65 3936.16 3952.66 3965.32 3973.21 3956.16 3935.75 3942.29 3954.04 3963.61 3950.55 3855.54 3588.88 3373.63 3209.32 3121.46 3107.47 3087.06 3081.63 3177.77 3328.78 3480.97 3635.09 3830.55 4023.08 3996.14 3944.44 3914.81 3921.78 3937.53 3937.56 3918.11 3875.71 3853.39 3852.74 3849.52 3851.37 3849.61 3843.01 
3822.79 3830.17 3862.82 3884.66 3901.93 3910.71 3916.05 3924.14 3944.41 3955.73 3933.87 3936.93 3930.97 3900.02 3841.13 3696.09 3402.91 3210.45 3104.51 3074.95 3120.96 3128.98 3088.86 3128.45 3265.89 3376.4 3523.16 3718.35 3933.31 3961.95 3943.4 3911.35 3911.82 3916.64 3919.12 3918.46 3910.38 3891.39 3849 3844.13 3839.91 3833.66 3815.34 
3811.13 3824.46 3843.17 3868.55 3883.67 3884.94 3890.29 3904.47 3926.53 3946.1 3940.89 3967.25 3918.6 3849.09 3747.08 3568.95 3282.81 3106.2 3079.84 3145.96 3249.74 3223.22 3208.36 3192.42 3237.55 3328.27 3426.74 3643.16 3854.96 3942.77 3955.22 3906 3891.02 3898.66 3901.58 3910.28 3914.31 3901.88 3866.74 3848.16 3835 3820.88 3807.66 
3809.95 3811.53 3835.76 3861.13 3872.48 3858.14 3871.71 3887.14 3901.24 3923.53 3936.6 3962.57 3901.81 3804.04 3672.97 3470.87 3221.74 3033.1 3056.15 3187.07 3380.59 3353.43 3332.5 3248.27 3211.75 3277.7 3397.13 3644.06 3827.48 3961.36 3994.55 3896.38 3897.74 3900.17 3906.01 3900.43 3889.75 3884.7 3879.69 3860.26 3841.84 3812.19 3805.07 
3836.85 3811.32 3830.05 3857.29 3872.84 3863.59 3864.39 3865.58 3882.93 3913.96 3916.46 3921.93 3880.72 3791.64 3637.62 3411.51 3137.9 2983.88 3000.8 3115.64 3240.97 3311.35 3350.22 3256.99 3188.17 3221.43 3361.3 3615.51 3822.48 3997.8 4075.54 3924.18 3878.01 3911.42 3930.33 3903.56 3872.42 3854.14 3862.91 3867.82 3866.51 3853 3813.74 
3834.08 3815.16 3823.16 3841.85 3861.99 3875.11 3873.11 3856.26 3882.89 3923.93 3913.63 3913.83 3898.55 3840.5 3686.83 3441.25 3175.05 3021.92 3002.93 3046.28 3121.98 3233.12 3281.37 3204.31 3167.21 3197.65 3334.99 3579.65 3864.03 4041.11 4035.36 3912.55 3902.93 3925.21 3933.07 3896.95 3853.95 3856.18 3863.21 3866.34 3878.46 3890.28 3858.26 
3823.64 3818.14 3815.98 3816.04 3841.27 3878.45 3874.19 3888.21 3917.81 3918.02 3898.22 3918.63 3941.26 3937.78 3880.76 3605.29 3258.03 3105.36 3054.36 3033.61 3068.51 3151.33 3206.72 3148.43 3153.05 3258.76 3381.44 3614.65 4081.6 4080.83 3962.04 3895.72 3901.08 3927.23 3955.96 3914.16 3869.27 3847.96 3848.68 3853.49 3861.81 3874.37 3889.44 
3827.54 3824.28 3815.8 3811.95 3834.02 3874.87 3892.86 3885.71 3877.7 3902.39 3899.05 3920.5 3962.88 4010.7 4015.85 3786.66 3449.9 3242.58 3085.8 3045.92 3052.94 3092.28 3097.13 3092.34 3173.83 3343.55 3456.67 3737.67 4150.74 4027.58 3887.16 3893.07 3906.55 3907.51 3901.53 3901.69 3897.65 3840.23 3842.24 3842.66 3848.02 3847.33 3861.75 
3826.31 3822.25 3814.84 3818.01 3830.13 3851.95 3884.4 3871.36 3847.89 3882.63 3868.71 3886.75 3937.55 3998.56 4071.06 3956.01 3683.79 3412.29 3199.34 3142.02 3093.72 3120.14 3115.01 3129.06 3297.6 3458.75 3706.03 4068.2 4060.48 3946.16 3876.65 3863.3 3884.46 3892.35 3888.56 3886.68 3893.98 3838.57 3833.41 3834.51 3838.18 3831.94 3857.05 
3812.45 3815.06 3814.49 3813.49 3827 3846.38 3869.47 3858.35 3855.48 3856.28 3865.43 3865.29 3892.54 3922.03 3937.54 4020.69 3993.62 3700.19 3451.51 3371.32 3337.05 3287.39 3283.43 3372.42 3445.36 3708.21 3995.75 4057.49 3936.42 3886.85 3865.09 3856.3 3868.21 3883.14 3885.76 3881.07 3893.13 3867.56 3854.75 3835.67 3844.26 3844.78 3864.31 
3813.78 3819.68 3820.68 3818.52 3827.13 3836.98 3837.89 3840.47 3843.78 3850.65 3860.69 3855.52 3864.75 3871.59 3908.11 4029.06 4007.16 4016.91 3777.03 3624.86 3563.25 3526.64 3537.34 3636.03 3778.21 3976.13 3989.47 3912.72 3881.87 3865.45 3863.97 3856.37 3853.86 3869.18 3875.65 3879.41 3901.44 3887.71 3878.09 3858.79 3844.65 3846.46 3863.45 
3839.74 3830.21 3826.22 3825.54 3829.01 3830.72 3831.61 3837.72 3847.65 3841.23 3843.13 3852.5 3853.19 3855.57 3866.56 3914.28 3997.02 3964.83 3909.62 3770.01 3712.33 3710.38 3812.46 3939.52 4008.81 3961.02 3861.71 3840.4 3861.01 3888.29 3863.63 3840.62 3828.55 3836.91 3852.44 3861.52 3874.53 3881.85 3894.42 3877.05 3888.03 3877.44 3869.48 
3844.84 3840.07 3833.93 3832.6 3829.39 3833.31 3839.31 3848.97 3857.01 3847.95 3837.98 3840.53 3848.39 3864.35 3873.26 3866.74 3899.98 3894.67 3918.17 3982.69 3944.1 4029.42 4042.96 4009.04 3902.09 3849.47 3821.14 3810.6 3826.01 3858.95 3848.58 3831.93 3822.78 3818.07 3832.56 3845.41 3856.16 3863.19 3888.98 3886.59 3892.53 3880.18 3858.74 
3873.25 3858.69 3842.37 3829.15 3827.64 3828.2 3838.93 3858.76 3875.55 3877.52 3859.05 3840.42 3848.33 3858.47 3864.52 3864.5 3870.58 3884.89 3897.52 3899.17 3943.26 3945.17 3935.78 3892.33 3826.77 3811.07 3804.93 3805.36 3807.96 3825.83 3820.31 3815.89 3817.54 3820.5 3835.72 3842.89 3842 3844.69 3848.26 3867.76 3862.93 3853.14 3835.25 
3893.93 3870.91 3838.21 3829.58 3827.75 3822.97 3825.02 3870.9 3906.08 3893.79 3890.09 3885.51 3859.46 3858.22 3862.45 3861.73 3863.55 3875.69 3893.68 3902.57 3901.05 3874.7 3855.38 3827.1 3816.73 3827.56 3809.38 3815.77 3825.01 3825.94 3811.79 3803.21 3806.67 3818.83 3830.94 3843.82 3854.82 3837.49 3832.41 3842.09 3828.45 3820.49 3809.8 
3880.99 3871.99 3854.17 3844.36 3837.57 3830.93 3831.03 3859.24 3890.24 3885.12 3883.48 3891.59 3871.52 3866.37 3874.62 3874.08 3867.59 3875.28 3893.17 3884.84 3883.97 3863.84 3836.85 3815.4 3813.5 3808.65 3799.94 3813.34 3831.2 3835.52 3818.2 3806.72 3800.63 3797.01 3817.67 3830.68 3821.4 3792.61 3814.75 3812.38 3808.59 3800.6 3798.11 
3880.11 3881.4 3868.9 3858.11 3849.09 3843.37 3837.74 3846.32 3878.59 3882.76 3872.48 3871.78 3871.48 3866.39 3873.52 3871.42 3871.71 3881.16 3876.73 3877.77 3883 3862.81 3832.21 3815.91 3825.26 3814.52 3814.05 3811.18 3816.85 3816.37 3809.16 3800.95 3796.84 3801.47 3807.79 3819.17 3808.97 3787.86 3806.65 3806.86 3816.72 3814.92 3800.37 
3881.29 3877.57 3855.93 3853.71 3854 3852.52 3852.41 3857.03 3846.82 3846.62 3854.33 3850.78 3856.59 3866 3861.79 3862.02 3874.83 3884.04 3873.93 3873.61 3882.68 3866.81 3846.98 3828.78 3823.77 3817.93 3832.27 3819.02 3810.08 3805.29 3797.28 3798.24 3799.08 3802.89 3806.79 3815.97 3811.41 3801.5 3808.52 3800.25 3815.48 3820.82 3800.2 
3867.65 3859.36 3851.94 3857.53 3859.02 3852.53 3847.24 3841.1 3837.99 3849.29 3848.04 3847.3 3857.85 3858.24 3863.11 3871.8 3879.06 3881.18 3878.69 3891.99 3897.67 3899.9 3888.48 3856.91 3836.46 3829.28 3829.09 3818.67 3820.12 3816.89 3819.54 3817.28 3821.67 3811.04 3813.45 3819.33 3817.13 3808.29 3813.73 3801.06 3801.8 3804.14 3795.16 
3845.59 3853.68 3861.77 3873.36 3870.1 3865.08 3851.92 3840.81 3856.53 3848.75 3854.39 3860.24 3865.08 3860.48 3865.17 3878.67 3901.42 3902.03 3884.84 3897.64 3919.83 3919.21 3909.2 3882.07 3853.56 3833.27 3829.49 3821.07 3817.1 3816.09 3831.38 3834.5 3844.07 3835.78 3837.95 3838.51 3834.82 3828.91 3813.62 3810.74 3798.16 3798.45 3790.54 
3851.96 3882.72 3908.25 3897.34 3881.6 3872.12 3863.12 3858.82 3854.7 3856.44 3863.47 3875.53 3882.14 3883.44 3886.29 3895.21 3923.6 3925.97 3904.66 3895.82 3883.88 3898.6 3930.79 3898.66 3876.15 3861.02 3845.29 3820.29 3795.47 3809.81 3815.94 3833.16 3842.88 3837.97 3831.17 3825.57 3839.67 3850.32 3824.75 3814.98 3813.52 3807.85 3792.93 
3859.57 3888.09 3903.64 3894.82 3886.81 3875.62 3871.27 3869.08 3858.51 3855.47 3870.69 3889.65 3905.14 3916.38 3923.92 3926.11 3934.52 3946.32 3941.68 3898.3 3881.15 3870 3874.99 3894.97 3889.22 3882.75 3847.38 3819.57 3792.65 3793.09 3822.57 3823.18 3825.15 3830.03 3822.7 3817.73 3830.76 3842.37 3825.97 3811.93 3826.58 3812.35 3796.27 
3866.09 3883.46 3894.63 3894.58 3891.63 3890.4 3875.28 3868.24 3856.99 3864.33 3877.17 3891.49 3915.47 3933.46 3932.27 3911.8 3903.96 3932.53 3937.33 3890.98 3873.66 3862.77 3863.3 3884.36 3877.32 3853.8 3825.06 3847.36 3840.43 3814.4 3799.14 3806.35 3803.05 3813.22 3805.5 3816.34 3818.65 3818.56 3802.68 3811.15 3805.24 3802.84 3793.76 
3878.69 3875.26 3887.9 3891.91 3888.81 3891.15 3873.18 3854.21 3880.65 3881.61 3881.81 3886.36 3890.54 3906.85 3903.45 3898.69 3899.56 3906.76 3899.99 3891.76 3876.21 3861.73 3855.9 3863.24 3856.85 3837.46 3824.53 3822.54 3846.46 3832.01 3817.9 3817.14 3813.94 3807.66 3815.11 3803.65 3810.13 3809.92 3789.83 3782.78 3797.63 3793.58 3788.79 
3882.69 3890.97 3903.91 3901.89 3894.1 3875.56 3867.43 3860.58 3890.26 3895.33 3887.79 3882.92 3893.38 3895.8 3892.63 3890.22 3897.23 3900.27 3899.09 3902.54 3897.49 3867.98 3848.8 3843.77 3841.31 3836.47 3833.33 3824.92 3828.93 3832.16 3851.56 3850.68 3842.42 3817.57 3819.07 3811.37 3809.92 3812.41 3813.66 3778.39 3776.5 3781.02 3781.89 
3887.38 3916.61 3922.3 3908.44 3899.29 3882.55 3894.19 3867.86 3870.99 3888.81 3879.01 3869.82 3860.21 3868.41 3868.34 3873.18 3878.31 3887.79 3896.59 3928.15 3942.35 3886.79 3849.34 3836.72 3832.09 3825.91 3819.74 3821.1 3820.52 3824.78 3855.98 3849.65 3841.9 3823.22 3816.64 3812.7 3809.03 3810.35 3816.12 3785.32 3778.51 3775.78 3777.49 
