real_craters/C119-300m.grd
DSAA
246 246
-36.7675 36.7675
-36.7675 36.7675
9157.4383254417 10838.43957285
[rows 0 to 29 of 246, columns 0 to 66 of 246]
9729.04 9728.96 9729.17 9729.79 9730.85 9731.43 9729.8 9726.34 9724.36 9721.95 9719.45 9717.35 9717.92 9718.99 9718.8 9719.73 9721.15 9721.44 9723.01 9724.59 9726.09 9728.05 9729.86 9731.24 9734.45 9738.37 9743.66 9750.28 9761.19 9776.48 9808.99 9890.88 10004.8 10103.1 10129.2 10166.1 10205.2 10238.9 10270.5 10296.6 10319.4 10338.2 10356.6 10373.2 10382.4 10383.4 10372.7 10359.6 10345.7 10334.1 10324.1 10314.7 10307 10301.1 10296.6 10293.2 10290.8 10289.3 10287.6 10288 10284.5 10271.7 10265.6 10270.8 10285.6 10304.5 10324.1
9728.69 9728.53 9728.56 9728.89 9729.54 9730.6 9731.07 9728.77 9725.14 9720.88 9716.99 9714.47 9715.16 9717.24 9718.12 9720.02 9720.56 9721.07 9722.29 9724.31 9725.77 9727.98 9730.36 9732.33 9735.85 9740.38 9746.28 9753.95 9764.68 9777.22 9801.39 9874.81 9970.59 10048.9 10108.7 10159.3 10203.7 10240.8 10272 10298.3 10320.7 10338.7 10355.2 10369.5 10375.6 10377.4 10373.5 10365.3 10355.7 10346.6 10338.6 10331.7 10326 10321.9 10319 10317.3 10317.5 10317.6 10317.9 10319.9 10316.7 10297.6 10280.4 10294.7 10316.5 10340.3 10365.2
9728.03 9727.55 9727.26 9726.99 9726.98 9727.07 9727.28 9727.83 9724.81 9719.09 9714.13 9710.83 9712.3 9714.64 9716.53 9717.07 9719.06 9720.3 9721.98 9723.94 9725.49 9727.25 9729.86 9732.69 9736.5 9741.45 9748.46 9758.27 9771.34 9781.91 9806.18 9862.77 9936.61 10006.1 10086.1 10152.3 10204.2 10244.1 10275.5 10301.1 10321.9 10338.6 10353.1 10365.4 10371.2 10374.8 10373.7 10368.7 10362.1 10355.8 10350.2 10344.7 10341 10339.4 10338.2 10338.2 10339.7 10341.6 10343.3 10341.9 10335.5 10324.5 10307.8 10322.8 10345 10367.1 10389.2
9727.21 9726.3 9725.3 9724.43 9723.52 9722.4 9721.44 9722.75 9720.81 9716.46 9711.92 9708.37 9710.33 9712.55 9714.7 9716.31 9717.8 9720.02 9721.65 9723.43 9725.54 9727.96 9730.07 9732.54 9736.58 9741.67 9748.56 9758.14 9769.83 9781.84 9807.14 9856.94 9926.11 9998.89 10086.3 10159.6 10211.8 10250.7 10280.4 10304.2 10323.6 10339 10351.7 10362.5 10367.4 10372.3 10373.9 10369.5 10365.1 10360.9 10357.9 10355.3 10353.4 10353.1 10353.4 10355.1 10357.9 10361.9 10366.5 10369.3 10365.4 10358.4 10354.2 10360.5 10372.2 10386 10399.5
9725.74 9724.52 9723.19 9721.77 9719.91 9718.2 9716.87 9716.18 9715.51 9714.35 9712 9709.88 9711.08 9712.01 9714.02 9714.57 9716.99 9718.82 9720.92 9721.96 9723.79 9725.97 9728.57 9731.73 9735.37 9740.67 9747.22 9755.54 9766.56 9777.79 9796.34 9845.75 9936.75 10027.8 10119 10184 10228 10259.4 10285.1 10305.9 10323.3 10338.5 10349.8 10358.3 10363.5 10366.1 10370.7 10369.5 10367.3 10364.9 10363.2 10362 10361.8 10362.4 10364.2 10367.3 10371.8 10377.9 10385.6 10395.3 10393.2 10389.6 10393.3 10394.3 10394.2 10398.9 10405
9724.01 9722.73 9721.46 9719.49 9717.32 9714.67 9712.23 9711.73 9713.05 9714.19 9714.98 9715.04 9714.35 9712.23 9712.46 9714.48 9716.86 9718.74 9720.67 9722.47 9723.37 9725.33 9727.71 9730.82 9735.06 9740.56 9747.52 9756.34 9767.9 9778.57 9793.17 9844.63 9962.66 10098.5 10178.7 10216.5 10246.3 10268.6 10289.4 10307 10322.2 10336 10346.7 10355.2 10362.3 10368.4 10371.9 10369.7 10368.6 10367.9 10367.7 10368.1 10368.1 10369.9 10373 10377 10382.2 10388.8 10396.7 10405.4 10406 10406.1 10409.2 10408.8 10405 10404.3 10405.9
9723.38 9722 9720.6 9718.4 9715.53 9712.25 9708.87 9708.5 9711.53 9715.21 9718.64 9719.88 9718.77 9715.29 9713.67 9715.69 9718 9720.1 9720.81 9722.15 9723.15 9724.78 9727.13 9730 9734.6 9740.73 9748.4 9758.31 9770.22 9782.41 9800.16 9854.21 9981.2 10126.4 10213.5 10240.3 10259.8 10276.5 10293.8 10309.3 10323.1 10335.3 10345.1 10353.1 10360 10366.6 10370 10367 10367.1 10367.7 10368.9 10370.7 10372.9 10375.8 10379.6 10383.9 10389.1 10395 10401 10405.1 10407.7 10408.8 10410.3 10409.9 10404.3 10402.9 10403.1
9722.67 9721.35 9719.52 9717.63 9715.28 9712.35 9709.14 9708.4 9711.75 9717.25 9722.65 9724.49 9723.7 9721.24 9718.71 9719.6 9720.76 9721.66 9721.48 9722.04 9722.45 9724.01 9726.36 9729.65 9734.64 9741.53 9749.95 9761.37 9773.91 9789.16 9810.91 9861.24 9983.67 10126.6 10219.5 10241.1 10259.8 10276.2 10292.8 10307.9 10321.3 10333 10343.9 10351 10355.8 10359 10360.2 10361.6 10364.1 10366.4 10368.9 10371.7 10375.2 10378.8 10382.8 10387.5 10392.3 10397.6 10402.4 10406 10405.4 10403.8 10399.6 10393.7 10395.7 10397.1 10397.6
9722.46 9721.5 9720.21 9718.72 9716.86 9714.81 9713 9712.89 9715.32 9720.42 9726 9727.99 9728.04 9727.37 9726.94 9726.61 9724.85 9724.03 9723.78 9721.92 9721.85 9722.8 9724.97 9728.47 9735.28 9742.41 9753.68 9767.49 9782 9796.36 9829.11 9874.82 9978.59 10093.6 10174 10218.2 10247.2 10269.7 10289.2 10305.5 10319.3 10330.9 10340.7 10347.5 10351.7 10353.6 10353.9 10357.2 10361.3 10364.9 10368.4 10372.1 10376.5 10380.5 10384.8 10389.6 10393.9 10398.4 10401.7 10403.2 10400.9 10396.9 10390 10382.3 10387.2 10390.5 10392
9723.25 9722.51 9721.69 9720.58 9719.83 9718.91 9718.37 9718.73 9720.99 9724.41 9727.39 9730.2 9731.52 9731.56 9735.73 9732.84 9728.7 9726.54 9724.98 9720.9 9720.31 9720.74 9722.63 9726.73 9733.05 9742.75 9756.33 9775.77 9801.1 9836.81 9865.91 9906.18 9988.49 10074 10138.3 10193.6 10233.5 10264.5 10288.2 10306.6 10321.1 10332.1 10339.1 10345.7 10349.9 10351.7 10353 10355 10358.4 10362.8 10367.6 10371.8 10376.3 10381.2 10385.5 10390.1 10393.8 10397.2 10399.1 10398.5 10396.1 10391.8 10385.8 10382 10383.1 10386.1 10387.8
9724.69 9724.51 9724.02 9723.57 9723.34 9723.5 9723.93 9724.93 9727.1 9729 9730.81 9732.62 9734.75 9737.58 9736.09 9735.47 9731.82 9727.75 9724.99 9723.43 9720.95 9720.91 9722.84 9726.81 9733.64 9744.4 9760.23 9784.74 9817.62 9859.24 9904.33 9963.33 10028.4 10085 10132.9 10183.5 10228 10262.7 10288.3 10307.9 10322.6 10333.3 10341.8 10347.4 10350.4 10351.9 10353.5 10353.6 10356.7 10361.3 10366.1 10371.1 10375.8 10381 10385.3 10389.4 10392.7 10395.1 10397.3 10396.1 10391.9 10387.2 10382.4 10378.9 10379.7 10382.3 10385
9726.35 9726.5 9726.63 9726.65 9727.08 9727.95 9729.56 9732.13 9733.21 9733.31 9733.17 9734.22 9736.14 9738.49 9737.45 9737.9 9733.6 9730.23 9726.38 9723.87 9720.64 9720.19 9722.37 9728.12 9734.67 9747.4 9766.51 9793.41 9827.65 9870.61 9933.35 10012.9 10077.8 10115.7 10144.4 10187.4 10231.8 10267.3 10294.1 10313.3 10327.3 10337.4 10343.7 10348.4 10350.6 10351.3 10352.9 10353.8 10355.5 10360.2 10364.6 10369.9 10374.8 10380 10384.5 10388.4 10391.2 10392.7 10392.5 10390.8 10387.4 10382.8 10378 10375 10375.2 10377.6 10381.4
9728.36 9728.89 9729.32 9729.74 9730.57 9731.71 9733.53 9735.57 9735.74 9734.44 9733.71 9734.61 9736.16 9738.36 9740.23 9740.51 9735.74 9732.61 9729 9725.96 9723.36 9721.28 9723.94 9729.73 9737.39 9750.77 9772.65 9803.42 9840 9883.43 9958.34 10056.3 10128.4 10162.4 10173.1 10207.2 10249.1 10281.5 10305 10321.8 10333.8 10342 10347.3 10350.5 10352 10349.8 10351.2 10353.6 10354.9 10359.3 10363.7 10368.9 10373.9 10379 10383.6 10387.6 10390.5 10391.4 10389.3 10386.9 10383.1 10377.5 10372.1 10369 10368 10369.6 10374.8
9730.77 9731.44 9732.08 9732.86 9733.76 9734.85 9735.89 9736.62 9735.67 9733.5 9733.61 9735.03 9736.67 9739.73 9743.34 9743.73 9738.66 9733.68 9729.9 9726.37 9723.43 9720.26 9724.02 9732.03 9739.89 9755.9 9781.92 9818.1 9860.76 9910.37 9993.96 10116.3 10213.6 10224.9 10224 10247.9 10280.6 10303.9 10320.1 10332.3 10341 10346.9 10351.3 10352.9 10353 10349.8 10351.5 10352.6 10353.9 10358 10362.4 10367.3 10372.6 10377.7 10382.5 10386.9 10390.6 10392.4 10391.1 10386.4 10380 10372.1 10364.1 10356.7 10353.5 10356.5 10362.9
9733.3 9734.1 9734.92 9735.74 9736.58 9737.52 9737.94 9737.65 9736.74 9735.86 9735.82 9736.27 9737.32 9740.17 9744.85 9746.74 9742.47 9735.39 9729.63 9725.42 9721.77 9721.3 9726.18 9732.46 9743.82 9763.06 9794.52 9837.12 9889.09 9954.72 10046.5 10156 10260.9 10274.7 10294.9 10312.4 10320.3 10329.4 10336.3 10343.1 10348.2 10351.6 10353.3 10354.8 10353.9 10350.7 10351.8 10351 10352.3 10355.9 10360.2 10365 10370.2 10376 10381.4 10386.3 10390.7 10393.9 10395.4 10386.9 10377.4 10367.1 10356.2 10344.6 10337.6 10341.5 10344.8
9736.27 9737.36 9738.14 9738.88 9739.7 9740.17 9740.28 9739.89 9739.62 9739.75 9739.02 9738.45 9739.27 9744.29 9753.31 9750.73 9745.88 9736.71 9730.97 9727.78 9723.88 9723.54 9725.55 9735.23 9747.35 9769.7 9807.09 9857.05 9916.22 9986.17 10067.2 10159.2 10222.8 10289.6 10333.1 10355 10349.7 10350 10351.5 10354 10355.8 10356.9 10356.7 10356.3 10354.5 10350.2 10349.1 10348.8 10350.7 10354 10358.1 10362.7 10368 10373.6 10379.1 10384.3 10389.2 10393.1 10392.9 10385 10374.4 10363.1 10351.3 10339 10330.5 10331.4 10330.3
9739.62 9740.43 9741.18 9741.61 9742.5 9742.88 9742.99 9742.91 9742.8 9742 9741.49 9740.94 9741.77 9749.94 9749.22 9752.75 9748.99 9739.76 9734.69 9731.12 9727.37 9726.75 9728.93 9739.03 9753.01 9778.03 9821.32 9877.66 9940.99 10009.4 10084.4 10168.3 10251.7 10300.6 10335.9 10352.6 10362.5 10363.8 10363.3 10362.8 10362.4 10361.9 10360.4 10359 10356.2 10351.2 10348.2 10347.8 10349.3 10352.5 10356.6 10361 10365.9 10370.7 10376 10380.9 10385.9 10390.3 10390.5 10381.1 10370.5 10359.9 10349.2 10339.3 10332.4 10329 10325.5
9742.75 9743.27 9743.94 9744.56 9745.1 9745.72 9745.89 9745.69 9745.02 9743.69 9743.91 9743.34 9744.82 9749.52 9753.02 9755.83 9751.02 9743.37 9739.45 9734.23 9732.14 9732.02 9735.28 9744.98 9760.63 9789.66 9838.55 9900.34 9968.29 10037.9 10102 10184.7 10252.5 10301.9 10338.7 10362.3 10370.7 10372.7 10371.8 10370.3 10368.9 10367.4 10365.2 10363 10359.7 10354.2 10349.7 10347.1 10348.8 10352 10355.5 10359.6 10363.7 10368 10372.3 10376.5 10380.3 10383.3 10382 10374.9 10365.9 10356.6 10347.8 10340.7 10337.5 10330.6 10325.7
9746.1 9746.8 9747.47 9748.07 9748.55 9748.87 9749.04 9748.69 9748.43 9746.52 9746.11 9745.35 9744.62 9747.28 9751.05 9751.76 9752.14 9747.47 9745.36 9742.65 9740.51 9741.1 9744.53 9754.71 9772.21 9804.13 9858.71 9925.97 9999.58 10077.5 10162.2 10221.2 10261.6 10304.9 10345.2 10370.3 10376.4 10378 10377.3 10375.3 10373.7 10372 10369.9 10367.6 10364.4 10358.8 10354.7 10350.8 10350.7 10352.9 10355.9 10359.3 10362.6 10366 10369 10371.6 10373.8 10374.9 10372.9 10367.7 10360.8 10353.3 10345.9 10339.4 10334.2 10330.1 10327.7
9749.01 9749.6 9750.27 9750.89 9751.4 9751.8 9751.92 9751.72 9751.08 9749 9748.28 9748.15 9748.8 9749.74 9752 9754.1 9753.3 9753.12 9751.69 9752.32 9752.33 9754.73 9759.24 9768.94 9787.26 9822.62 9882.25 9953.81 10031 10111.2 10190.7 10246.8 10287.6 10325.2 10355.7 10371.6 10377.7 10379 10378.8 10377.3 10376.1 10374.8 10372.9 10371.3 10369.1 10365.3 10362.2 10358.3 10355.1 10355.5 10357.3 10360 10362.6 10364.7 10366.3 10367.1 10367.3 10367.7 10365.4 10361.5 10356.7 10350.9 10344.5 10337.9 10332.1 10329.5 10330.2
9751.1 9751.69 9752.41 9753.16 9753.83 9754.37 9754.85 9754.76 9754.17 9752.26 9751.75 9751.03 9751.04 9752.21 9753.93 9756 9757.24 9759.15 9760.88 9764.68 9769.08 9773.9 9780 9789.84 9806.94 9845.91 9910.05 9984.97 10062 10137 10201.8 10261.9 10319.8 10359.7 10368.6 10373.3 10376.6 10378.1 10379 10378.6 10378.3 10377.9 10377.3 10376.6 10375.2 10373.3 10370 10366.3 10360.3 10358.9 10359.8 10361.6 10363.3 10364.5 10364.6 10363.3 10361.1 10358.1 10357.6 10356.3 10353.4 10349.1 10343.7 10337.6 10332.4 10330.3 10332.2
9753.44 9754.17 9754.82 9755.67 9756.65 9757.54 9757.98 9757.77 9756.83 9755.68 9755.32 9754.05 9753.68 9754.86 9756.47 9758.27 9761.21 9766.93 9773.86 9782.79 9791.51 9800.21 9808.78 9818.16 9833.52 9875.15 9944.81 10021.7 10097.5 10169.7 10232.1 10289.3 10340.3 10369.8 10374 10371.9 10372.8 10376.4 10378.5 10379.9 10381 10381.8 10382.2 10382.3 10381.9 10380.6 10377.1 10372.4 10364.8 10362.5 10362.9 10364.4 10365.5 10365.9 10364.8 10362.2 10357.8 10352.8 10353.6 10354 10352.5 10349.5 10344.9 10339.5 10333.9 10331.2 10333
9755.68 9756.53 9757.48 9758.39 9759.54 9760.51 9761.24 9761.77 9760.97 9760.01 9758.94 9757.85 9757.38 9759 9760.22 9761.19 9765.8 9775.8 9789.2 9803.68 9819.17 9833.73 9847.09 9859.09 9874.5 9919.56 9990.36 10064.6 10137.7 10208.6 10273.8 10327.3 10356.7 10369.4 10372.1 10369.7 10369.7 10373.1 10375.6 10377.9 10379.9 10382 10383.8 10385.4 10386.7 10387 10384.8 10379.9 10369 10367 10367.8 10369.2 10369.6 10369.3 10367.8 10364.6 10359.6 10354.4 10355.3 10355.7 10354.7 10352.4 10348.8 10344.1 10339.4 10337.3 10338.9
9757.66 9758.64 9759.71 9760.7 9762.14 9763.24 9764.66 9766.14 9768.04 9766.28 9763.93 9764.43 9765.99 9766.57 9766.46 9766.75 9771.39 9786.13 9805.55 9827.88 9852.44 9875.2 9897.45 9916.24 9937.34 9983.25 10046.9 10113.9 10180.1 10246 10310.3 10362 10369.9 10366 10367.5 10367.1 10367.7 10369.9 10372.5 10375.8 10379 10382.2 10385.3 10388.3 10391.1 10393.3 10393.7 10391.1 10376.2 10373.6 10374.7 10375.6 10375.9 10375.4 10373.6 10370.6 10366.7 10363.1 10362.2 10361.6 10360.3 10357.9 10355.1 10351.5 10347.3 10342.9 10343.4
9759.33 9760.25 9761.88 9763.18 9764.43 9765.8 9767.31 9768.97 9770.63 9770.59 9769.71 9772.21 9778.35 9775.25 9772.48 9771.05 9777.12 9797.12 9823.77 9855.86 9889.57 9922.8 9957.09 9988.48 10019.3 10061 10111.3 10164.9 10219.8 10275 10327.8 10365.8 10371.9 10364.9 10363.3 10362.9 10363.3 10365.7 10369.2 10373.4 10377.3 10381.7 10386 10390.3 10394.7 10398.9 10401.9 10401.9 10387.1 10383.5 10383.6 10383.9 10383.6 10382.7 10381.3 10379.1 10376.9 10374.9 10371.7 10369.6 10367.7 10365.3 10363 10360.8 10358.9 10358.3 10350.7
9760.84 9762 9763.28 9764.53 9766.02 9767.73 9769.64 9771.15 9772.17 9774.19 9774.61 9776.02 9781.74 9780.02 9778.15 9777.83 9782.88 9808.42 9842.47 9884.48 9930.4 9976.46 10023.8 10069.1 10110.7 10141.8 10175.5 10213.1 10253.4 10294.5 10332.7 10359.5 10367.2 10362.3 10359.4 10357.9 10357.3 10360.6 10365.3 10370 10374.9 10380.1 10385.6 10391.3 10397.1 10403 10407.9 10411 10402.3 10397.3 10395.2 10393.2 10391.8 10390.7 10389.6 10388.3 10386.3 10384.1 10381.3 10378.4 10376 10373.7 10372 10370.6 10369.9 10368.7 10363.1
9762.25 9763.6 9765.19 9766.36 9768.33 9769.5 9771.43 9773.48 9775.77 9777.67 9778.34 9779.91 9781.94 9783.43 9783.19 9782.7 9789.2 9819.03 9863.06 9914.62 9970.39 10028.6 10088.2 10144.2 10189.2 10212 10231.4 10252.8 10278.3 10306.5 10332.7 10354.5 10360.1 10356.9 10355.1 10353.9 10352.8 10356.5 10361.4 10366.4 10372.2 10377.8 10384.2 10390.8 10397.5 10404.5 10411.3 10416.7 10417.7 10412.1 10406.3 10402.3 10399.8 10398 10397.4 10397.2 10397.1 10394.5 10390.6 10387.3 10384.5 10382.3 10381.1 10379.6 10379.4 10377.5 10374
9763.84 9765.21 9767.25 9768.59 9770.12 9771.68 9773.45 9775.47 9777.89 9781.16 9782.52 9784.1 9788.66 9789.6 9789.96 9787.91 9792.61 9830.26 9883.81 9943.88 10007.4 10074.3 10144.5 10213.3 10256.1 10266.8 10272.2 10280.7 10294.6 10310.2 10325.6 10336.6 10343.9 10348.4 10351.4 10352.1 10351.2 10354 10358.8 10363.9 10370 10375.7 10382.4 10389.4 10396.5 10404.1 10411.6 10417.8 10421.6 10420 10414.1 10409.4 10406.4 10404.9 10404.4 10404.5 10404.4 10402.3 10398.4 10394.9 10392 10389.7 10388.8 10388.5 10389 10388.6 10384.5
9765.46 9766.86 9768.54 9770.12 9771.57 9773.23 9775.4 9777.68 9780.92 9784.98 9787.04 9788.69 9793.4 9799.32 9803.11 9800.73 9802.72 9845.98 9908 9972.57 10039 10108.3 10182.1 10261.2 10306.9 10299.1 10294.7 10296.4 10302.3 10309.2 10314.7 10317.2 10326.3 10342.1 10352.4 10352.1 10350.5 10352.4 10356.6 10361.2 10367.2 10373 10379.6 10387 10394.6 10401.9 10409.5 10416.5 10422 10422.8 10417.6 10413.4 10410.8 10409.7 10409.7 10410.3 10410.2 10408.2 10404.7 10401.4 10398.5 10396.3 10395.5 10395.5 10396.9 10399.7 10395.1
9766.7 9768.18 9769.63 9771.09 9772.67 9774.72 9777.23 9780.76 9785 9789.29 9792.53 9794.78 9801.26 9815.03 9827.1 9827.54 9825.75 9873.8 9940.12 10003.6 10065.5 10129 10193.4 10256.9 10295.1 10299.4 10298.4 10299.2 10301.3 10304.2 10305.9 10307.1 10316.9 10335.3 10349.3 10350.5 10350 10351.1 10354 10358 10363.4 10369.3 10375.9 10383.2 10390.7 10398 10405.4 10412.5 10418.7 10420.5 10416.5 10413.9 10412.7 10412.7 10413.4 10414.5 10415.2 10412.6 10409.3 10406.3 10403.8 10401.9 10401.4 10400.9 10400.9 10400.5 10399.5
