real_craters/C119-750m.grd
DSAA
99 99
-36.7675 36.7675
-36.7675 36.7675
9160.5880745316 10848.20311505
[rows 26 to 51 of 99, columns 0 to 57 of 99]
9850 9870 9908 9951 9966 9979 9997 1.002e+004 1.004e+004 1.007e+004 1.013e+004 1.018e+004 1.023e+004 1.028e+004 1.032e+004 1.033e+004 1.032e+004 1.032e+004 1.032e+004 1.032e+004 1.032e+004 1.033e+004 1.032e+004 1.032e+004 1.032e+004 1.033e+004 1.033e+004 1.034e+004 1.035e+004 1.035e+004 1.034e+004 1.035e+004 1.036e+004 1.037e+004 1.036e+004 1.036e+004 1.036e+004 1.037e+004 1.038e+004 1.04e+004 1.043e+004 1.043e+004 1.043e+004 1.04e+004 1.038e+004 1.036e+004 1.037e+004 1.039e+004 1.041e+004 1.042e+004 1.041e+004 1.037e+004 1.035e+004 1.036e+004 1.036e+004 1.035e+004 1.032e+004 1.034e+004
9880 9902 9933 9957 9980 1e+004 1.002e+004 1.004e+004 1.007e+004 1.011e+004 1.016e+004 1.02e+004 1.025e+004 1.029e+004 1.033e+004 1.034e+004 1.032e+004 1.032e+004 1.032e+004 1.032e+004 1.032e+004 1.032e+004 1.032e+004 1.032e+004 1.032e+004 1.033e+004 1.033e+004 1.033e+004 1.034e+004 1.034e+004 1.035e+004 1.035e+004 1.036e+004 1.035e+004 1.036e+004 1.037e+004 1.038e+004 1.039e+004 1.04e+004 1.041e+004 1.043e+004 1.045e+004 1.045e+004 1.041e+004 1.038e+004 1.036e+004 1.038e+004 1.04e+004 1.041e+004 1.04e+004 1.039e+004 1.035e+004 1.035e+004 1.036e+004 1.036e+004 1.034e+004 1.032e+004 1.033e+004
9886 9919 9929 9960 9990 1.002e+004 1.005e+004 1.004e+004 1.009e+004 1.014e+004 1.018e+004 1.022e+004 1.027e+004 1.03e+004 1.033e+004 1.034e+004 1.032e+004 1.032e+004 1.032e+004 1.032e+004 1.032e+004 1.032e+004 1.032e+004 1.033e+004 1.032e+004 1.033e+004 1.033e+004 1.034e+004 1.034e+004 1.034e+004 1.034e+004 1.035e+004 1.036e+004 1.037e+004 1.037e+004 1.038e+004 1.039e+004 1.039e+004 1.038e+004 1.04e+004 1.043e+004 1.045e+004 1.044e+004 1.041e+004 1.038e+004 1.037e+004 1.04e+004 1.043e+004 1.041e+004 1.037e+004 1.035e+004 1.037e+004 1.039e+004 1.038e+004 1.037e+004 1.036e+004 1.035e+004 1.034e+004
9911 9919 9947 9973 9997 1.002e+004 1.005e+004 1.005e+004 1.009e+004 1.016e+004 1.021e+004 1.025e+004 1.028e+004 1.031e+004 1.033e+004 1.033e+004 1.033e+004 1.032e+004 1.032e+004 1.033e+004 1.033e+004 1.033e+004 1.033e+004 1.035e+004 1.036e+004 1.034e+004 1.035e+004 1.034e+004 1.034e+004 1.034e+004 1.035e+004 1.036e+004 1.037e+004 1.039e+004 1.04e+004 1.04e+004 1.039e+004 1.038e+004 1.038e+004 1.04e+004 1.043e+004 1.043e+004 1.04e+004 1.04e+004 1.039e+004 1.038e+004 1.041e+004 1.043e+004 1.041e+004 1.038e+004 1.039e+004 1.04e+004 1.04e+004 1.039e+004 1.039e+004 1.039e+004 1.037e+004 1.035e+004
9963 9960 9961 9984 1e+004 1.002e+004 1.004e+004 1.008e+004 1.016e+004 1.02e+004 1.026e+004 1.029e+004 1.03e+004 1.032e+004 1.034e+004 1.034e+004 1.033e+004 1.032e+004 1.032e+004 1.033e+004 1.033e+004 1.033e+004 1.034e+004 1.037e+004 1.039e+004 1.04e+004 1.037e+004 1.035e+004 1.035e+004 1.035e+004 1.035e+004 1.036e+004 1.039e+004 1.041e+004 1.042e+004 1.042e+004 1.041e+004 1.039e+004 1.039e+004 1.041e+004 1.042e+004 1.042e+004 1.043e+004 1.044e+004 1.045e+004 1.04e+004 1.041e+004 1.041e+004 1.042e+004 1.041e+004 1.042e+004 1.042e+004 1.041e+004 1.041e+004 1.041e+004 1.039e+004 1.037e+004 1.035e+004
9980 9973 9975 1e+004 1.002e+004 1.004e+004 1.006e+004 1.016e+004 1.026e+004 1.031e+004 1.032e+004 1.032e+004 1.033e+004 1.034e+004 1.035e+004 1.035e+004 1.034e+004 1.033e+004 1.033e+004 1.033e+004 1.033e+004 1.034e+004 1.035e+004 1.039e+004 1.041e+004 1.039e+004 1.036e+004 1.036e+004 1.035e+004 1.035e+004 1.037e+004 1.038e+004 1.04e+004 1.042e+004 1.044e+004 1.043e+004 1.042e+004 1.043e+004 1.044e+004 1.044e+004 1.043e+004 1.043e+004 1.046e+004 1.047e+004 1.047e+004 1.048e+004 1.046e+004 1.045e+004 1.044e+004 1.044e+004 1.044e+004 1.045e+004 1.043e+004 1.042e+004 1.042e+004 1.041e+004 1.038e+004 1.037e+004
9999 1.001e+004 1.001e+004 1.003e+004 1.006e+004 1.008e+004 1.011e+004 1.023e+004 1.033e+004 1.037e+004 1.037e+004 1.035e+004 1.035e+004 1.036e+004 1.036e+004 1.036e+004 1.036e+004 1.035e+004 1.035e+004 1.035e+004 1.035e+004 1.035e+004 1.035e+004 1.04e+004 1.04e+004 1.036e+004 1.035e+004 1.035e+004 1.036e+004 1.037e+004 1.037e+004 1.038e+004 1.039e+004 1.042e+004 1.044e+004 1.044e+004 1.045e+004 1.047e+004 1.051e+004 1.048e+004 1.046e+004 1.048e+004 1.05e+004 1.051e+004 1.051e+004 1.05e+004 1.048e+004 1.047e+004 1.046e+004 1.046e+004 1.049e+004 1.049e+004 1.045e+004 1.045e+004 1.045e+004 1.044e+004 1.038e+004 1.041e+004
1.002e+004 1.003e+004 1.003e+004 1.007e+004 1.011e+004 1.016e+004 1.022e+004 1.033e+004 1.038e+004 1.04e+004 1.039e+004 1.038e+004 1.037e+004 1.037e+004 1.037e+004 1.037e+004 1.037e+004 1.037e+004 1.036e+004 1.036e+004 1.036e+004 1.036e+004 1.036e+004 1.039e+004 1.039e+004 1.036e+004 1.035e+004 1.036e+004 1.037e+004 1.038e+004 1.037e+004 1.036e+004 1.038e+004 1.04e+004 1.041e+004 1.043e+004 1.048e+004 1.052e+004 1.053e+004 1.051e+004 1.047e+004 1.044e+004 1.047e+004 1.049e+004 1.049e+004 1.047e+004 1.046e+004 1.044e+004 1.045e+004 1.046e+004 1.046e+004 1.045e+004 1.047e+004 1.05e+004 1.047e+004 1.042e+004 1.045e+004 1.052e+004
1.003e+004 1.004e+004 1.008e+004 1.014e+004 1.018e+004 1.023e+004 1.029e+004 1.034e+004 1.038e+004 1.04e+004 1.04e+004 1.039e+004 1.039e+004 1.038e+004 1.038e+004 1.037e+004 1.037e+004 1.037e+004 1.036e+004 1.037e+004 1.037e+004 1.037e+004 1.037e+004 1.037e+004 1.04e+004 1.036e+004 1.035e+004 1.036e+004 1.037e+004 1.039e+004 1.039e+004 1.039e+004 1.039e+004 1.039e+004 1.04e+004 1.045e+004 1.051e+004 1.055e+004 1.055e+004 1.053e+004 1.052e+004 1.051e+004 1.047e+004 1.048e+004 1.051e+004 1.05e+004 1.045e+004 1.042e+004 1.045e+004 1.05e+004 1.05e+004 1.045e+004 1.055e+004 1.057e+004 1.052e+004 1.048e+004 1.049e+004 1.047e+004
1.014e+004 1.016e+004 1.021e+004 1.024e+004 1.026e+004 1.029e+004 1.032e+004 1.033e+004 1.037e+004 1.039e+004 1.04e+004 1.04e+004 1.039e+004 1.039e+004 1.038e+004 1.038e+004 1.038e+004 1.037e+004 1.037e+004 1.037e+004 1.037e+004 1.038e+004 1.039e+004 1.037e+004 1.04e+004 1.037e+004 1.036e+004 1.036e+004 1.038e+004 1.039e+004 1.04e+004 1.04e+004 1.04e+004 1.04e+004 1.043e+004 1.047e+004 1.052e+004 1.055e+004 1.055e+004 1.054e+004 1.053e+004 1.054e+004 1.054e+004 1.052e+004 1.057e+004 1.051e+004 1.044e+004 1.043e+004 1.045e+004 1.047e+004 1.046e+004 1.05e+004 1.048e+004 1.051e+004 1.054e+004 1.055e+004 1.053e+004 1.049e+004
1.033e+004 1.03e+004 1.034e+004 1.032e+004 1.032e+004 1.033e+004 1.035e+004 1.036e+004 1.038e+004 1.04e+004 1.04e+004 1.04e+004 1.039e+004 1.039e+004 1.039e+004 1.039e+004 1.039e+004 1.038e+004 1.038e+004 1.037e+004 1.037e+004 1.037e+004 1.037e+004 1.037e+004 1.038e+004 1.036e+004 1.036e+004 1.037e+004 1.038e+004 1.039e+004 1.041e+004 1.041e+004 1.041e+004 1.043e+004 1.046e+004 1.049e+004 1.053e+004 1.056e+004 1.054e+004 1.056e+004 1.057e+004 1.053e+004 1.055e+004 1.054e+004 1.055e+004 1.041e+004 1.036e+004 1.034e+004 1.036e+004 1.041e+004 1.031e+004 1.02e+004 1.022e+004 1.028e+004 1.044e+004 1.058e+004 1.053e+004 1.054e+004
1.036e+004 1.037e+004 1.038e+004 1.037e+004 1.036e+004 1.036e+004 1.037e+004 1.039e+004 1.04e+004 1.04e+004 1.04e+004 1.039e+004 1.039e+004 1.039e+004 1.039e+004 1.038e+004 1.038e+004 1.036e+004 1.035e+004 1.037e+004 1.037e+004 1.036e+004 1.036e+004 1.036e+004 1.036e+004 1.036e+004 1.037e+004 1.037e+004 1.038e+004 1.04e+004 1.041e+004 1.042e+004 1.043e+004 1.045e+004 1.048e+004 1.051e+004 1.056e+004 1.059e+004 1.058e+004 1.063e+004 1.063e+004 1.064e+004 1.066e+004 1.06e+004 1.048e+004 1.034e+004 1.02e+004 1.016e+004 1.015e+004 1.009e+004 1.005e+004 9990 9987 1.005e+004 1.018e+004 1.044e+004 1.053e+004 1.053e+004
1.039e+004 1.04e+004 1.038e+004 1.038e+004 1.038e+004 1.038e+004 1.038e+004 1.039e+004 1.039e+004 1.039e+004 1.039e+004 1.04e+004 1.04e+004 1.039e+004 1.039e+004 1.038e+004 1.037e+004 1.036e+004 1.036e+004 1.035e+004 1.036e+004 1.036e+004 1.036e+004 1.037e+004 1.037e+004 1.037e+004 1.037e+004 1.038e+004 1.039e+004 1.041e+004 1.042e+004 1.044e+004 1.047e+004 1.048e+004 1.049e+004 1.051e+004 1.055e+004 1.059e+004 1.066e+004 1.07e+004 1.076e+004 1.058e+004 1.05e+004 1.043e+004 1.023e+004 1.004e+004 9949 9908 9925 9950 9829 9763 9737 9766 9947 1.018e+004 1.051e+004 1.057e+004
1.04e+004 1.041e+004 1.04e+004 1.04e+004 1.04e+004 1.04e+004 1.04e+004 1.039e+004 1.039e+004 1.04e+004 1.04e+004 1.041e+004 1.041e+004 1.04e+004 1.039e+004 1.038e+004 1.037e+004 1.037e+004 1.037e+004 1.036e+004 1.036e+004 1.036e+004 1.036e+004 1.038e+004 1.037e+004 1.037e+004 1.038e+004 1.039e+004 1.041e+004 1.042e+004 1.043e+004 1.047e+004 1.049e+004 1.05e+004 1.05e+004 1.05e+004 1.053e+004 1.06e+004 1.065e+004 1.066e+004 1.057e+004 1.03e+004 1.01e+004 1.003e+004 9876 9697 9669 9641 9609 9647 9590 9537 9557 9637 9761 9986 1.022e+004 1.052e+004
1.04e+004 1.04e+004 1.042e+004 1.041e+004 1.041e+004 1.041e+004 1.041e+004 1.041e+004 1.04e+004 1.042e+004 1.044e+004 1.043e+004 1.042e+004 1.041e+004 1.04e+004 1.039e+004 1.038e+004 1.038e+004 1.038e+004 1.038e+004 1.037e+004 1.037e+004 1.037e+004 1.037e+004 1.037e+004 1.038e+004 1.039e+004 1.04e+004 1.041e+004 1.043e+004 1.045e+004 1.048e+004 1.05e+004 1.052e+004 1.05e+004 1.05e+004 1.055e+004 1.063e+004 1.075e+004 1.067e+004 1.041e+004 1.014e+004 9947 9863 9722 9555 9489 9451 9448 9487 9386 9356 9412 9519 9684 9826 9999 1.029e+004
1.041e+004 1.04e+004 1.04e+004 1.041e+004 1.041e+004 1.042e+004 1.042e+004 1.041e+004 1.04e+004 1.043e+004 1.047e+004 1.044e+004 1.043e+004 1.042e+004 1.041e+004 1.04e+004 1.039e+004 1.039e+004 1.039e+004 1.038e+004 1.037e+004 1.037e+004 1.037e+004 1.037e+004 1.037e+004 1.038e+004 1.039e+004 1.04e+004 1.041e+004 1.044e+004 1.048e+004 1.049e+004 1.05e+004 1.052e+004 1.051e+004 1.05e+004 1.057e+004 1.066e+004 1.076e+004 1.06e+004 1.025e+004 1.006e+004 9962 9831 9706 9493 9366 9308 9287 9338 9244 9242 9308 9385 9568 9651 9750 1.007e+004
1.041e+004 1.04e+004 1.039e+004 1.04e+004 1.041e+004 1.042e+004 1.042e+004 1.042e+004 1.042e+004 1.043e+004 1.044e+004 1.043e+004 1.043e+004 1.042e+004 1.042e+004 1.041e+004 1.04e+004 1.038e+004 1.038e+004 1.038e+004 1.037e+004 1.037e+004 1.037e+004 1.038e+004 1.038e+004 1.039e+004 1.04e+004 1.041e+004 1.043e+004 1.045e+004 1.047e+004 1.049e+004 1.049e+004 1.052e+004 1.051e+004 1.052e+004 1.056e+004 1.06e+004 1.053e+004 1.03e+004 1.004e+004 9890 9743 9656 9520 9342 9259 9213 9169 9199 9168 9189 9250 9331 9478 9556 9623 9883
1.04e+004 1.039e+004 1.039e+004 1.039e+004 1.041e+004 1.043e+004 1.042e+004 1.042e+004 1.042e+004 1.043e+004 1.044e+004 1.044e+004 1.044e+004 1.043e+004 1.042e+004 1.042e+004 1.041e+004 1.04e+004 1.038e+004 1.037e+004 1.037e+004 1.037e+004 1.037e+004 1.037e+004 1.039e+004 1.04e+004 1.041e+004 1.042e+004 1.044e+004 1.045e+004 1.047e+004 1.049e+004 1.052e+004 1.052e+004 1.05e+004 1.049e+004 1.052e+004 1.058e+004 1.039e+004 1.009e+004 9870 9749 9636 9585 9450 9303 9232 9205 9178 9161 9161 9187 9236 9295 9392 9467 9507 9682
1.04e+004 1.039e+004 1.039e+004 1.039e+004 1.039e+004 1.039e+004 1.04e+004 1.04e+004 1.041e+004 1.043e+004 1.045e+004 1.046e+004 1.044e+004 1.043e+004 1.043e+004 1.043e+004 1.044e+004 1.048e+004 1.042e+004 1.039e+004 1.038e+004 1.038e+004 1.038e+004 1.04e+004 1.039e+004 1.04e+004 1.042e+004 1.043e+004 1.045e+004 1.046e+004 1.047e+004 1.05e+004 1.052e+004 1.051e+004 1.049e+004 1.048e+004 1.054e+004 1.063e+004 1.035e+004 9992 9797 9686 9597 9517 9448 9306 9250 9234 9211 9184 9178 9204 9231 9265 9321 9346 9355 9492
1.04e+004 1.039e+004 1.039e+004 1.04e+004 1.039e+004 1.038e+004 1.038e+004 1.038e+004 1.038e+004 1.041e+004 1.042e+004 1.043e+004 1.044e+004 1.043e+004 1.043e+004 1.043e+004 1.041e+004 1.038e+004 1.045e+004 1.04e+004 1.04e+004 1.039e+004 1.04e+004 1.041e+004 1.041e+004 1.041e+004 1.043e+004 1.044e+004 1.046e+004 1.047e+004 1.048e+004 1.049e+004 1.051e+004 1.049e+004 1.048e+004 1.049e+004 1.057e+004 1.067e+004 1.034e+004 9938 9777 9650 9538 9414 9299 9291 9296 9305 9281 9257 9237 9242 9243 9239 9248 9283 9356 9407
1.04e+004 1.04e+004 1.04e+004 1.04e+004 1.039e+004 1.038e+004 1.038e+004 1.039e+004 1.04e+004 1.041e+004 1.042e+004 1.042e+004 1.043e+004 1.043e+004 1.043e+004 1.043e+004 1.042e+004 1.043e+004 1.048e+004 1.044e+004 1.042e+004 1.041e+004 1.041e+004 1.041e+004 1.041e+004 1.042e+004 1.044e+004 1.046e+004 1.048e+004 1.049e+004 1.05e+004 1.051e+004 1.051e+004 1.048e+004 1.049e+004 1.052e+004 1.058e+004 1.066e+004 1.033e+004 1e+004 9800 9625 9436 9316 9286 9309 9362 9434 9398 9336 9323 9303 9277 9247 9257 9291 9344 9368
1.04e+004 1.039e+004 1.039e+004 1.039e+004 1.039e+004 1.039e+004 1.039e+004 1.04e+004 1.041e+004 1.042e+004 1.041e+004 1.042e+004 1.042e+004 1.043e+004 1.043e+004 1.044e+004 1.045e+004 1.05e+004 1.043e+004 1.042e+004 1.043e+004 1.044e+004 1.043e+004 1.042e+004 1.04e+004 1.043e+004 1.045e+004 1.048e+004 1.049e+004 1.05e+004 1.051e+004 1.053e+004 1.049e+004 1.045e+004 1.05e+004 1.058e+004 1.062e+004 1.043e+004 1.026e+004 1.008e+004 9859 9625 9408 9294 9288 9337 9430 9526 9516 9455 9431 9368 9322 9288 9238 9279 9340 9369
1.039e+004 1.038e+004 1.038e+004 1.038e+004 1.039e+004 1.039e+004 1.039e+004 1.04e+004 1.041e+004 1.041e+004 1.041e+004 1.041e+004 1.041e+004 1.042e+004 1.042e+004 1.043e+004 1.044e+004 1.044e+004 1.042e+004 1.043e+004 1.044e+004 1.046e+004 1.046e+004 1.043e+004 1.043e+004 1.044e+004 1.047e+004 1.049e+004 1.049e+004 1.049e+004 1.049e+004 1.047e+004 1.044e+004 1.044e+004 1.052e+004 1.063e+004 1.062e+004 1.03e+004 1.019e+004 1.008e+004 9865 9657 9450 9314 9305 9363 9474 9645 9631 9541 9464 9404 9361 9309 9260 9268 9347 9426
1.038e+004 1.038e+004 1.038e+004 1.038e+004 1.038e+004 1.039e+004 1.039e+004 1.039e+004 1.039e+004 1.04e+004 1.04e+004 1.04e+004 1.04e+004 1.041e+004 1.042e+004 1.043e+004 1.043e+004 1.042e+004 1.044e+004 1.044e+004 1.044e+004 1.045e+004 1.046e+004 1.045e+004 1.046e+004 1.047e+004 1.049e+004 1.052e+004 1.051e+004 1.048e+004 1.045e+004 1.042e+004 1.042e+004 1.041e+004 1.051e+004 1.064e+004 1.065e+004 1.032e+004 1.018e+004 1.012e+004 9928 9711 9529 9431 9365 9392 9490 9596 9658 9536 9471 9425 9390 9352 9334 9328 9393 9495
1.037e+004 1.037e+004 1.037e+004 1.037e+004 1.038e+004 1.039e+004 1.039e+004 1.039e+004 1.039e+004 1.039e+004 1.039e+004 1.038e+004 1.039e+004 1.04e+004 1.04e+004 1.04e+004 1.041e+004 1.042e+004 1.043e+004 1.044e+004 1.045e+004 1.046e+004 1.045e+004 1.047e+004 1.047e+004 1.048e+004 1.049e+004 1.05e+004 1.049e+004 1.046e+004 1.043e+004 1.039e+004 1.039e+004 1.039e+004 1.048e+004 1.063e+004 1.07e+004 1.043e+004 1.019e+004 1.006e+004 9941 9730 9543 9413 9369 9388 9444 9521 9583 9586 9495 9429 9393 9382 9372 9439 9508 9602
1.036e+004 1.036e+004 1.036e+004 1.037e+004 1.038e+004 1.039e+004 1.039e+004 1.039e+004 1.039e+004 1.039e+004 1.038e+004 1.038e+004 1.039e+004 1.039e+004 1.039e+004 1.04e+004 1.04e+004 1.041e+004 1.043e+004 1.045e+004 1.047e+004 1.049e+004 1.047e+004 1.047e+004 1.049e+004 1.048e+004 1.048e+004 1.046e+004 1.046e+004 1.044e+004 1.042e+004 1.039e+004 1.038e+004 1.038e+004 1.044e+004 1.052e+004 1.065e+004 1.052e+004 1.027e+004 1.003e+004 9880 9725 9567 9453 9416 9386 9397 9436 9495 9505 9463 9399 9345 9339 9366 9451 9551 9637
