real_craters/C119-500m.grd
DSAA
148 148
-36.7675 36.7675
-36.7675 36.7675
9161.0464091714 10804.014278258
[rows 90 to 119 of 148, columns 67 to 133 of 148]
10230.8 10227.4 10216.3 10230.5 10240.5 10247.7 10241.4 10241.5 10256.8 10293.3 10333.8 10343.3 10311.5 10282.9 10246.8 10228.8 10211.5 10215.9 10264.4 10312.6 10348 10372.4 10418.5 10464.5 10506.4 10530.9 10532.8 10513.1 10488 10480.5 10466 10447 10427.3 10417.7 10413.7 10411.8 10410.8 10411.6 10413.9 10415.5 10416.9 10413.1 10405 10399.2 10389.5 10377.4 10365.7 10355.1 10345.6 10337.1 10325.7 10323.6 10321.2 10322.5 10319.4 10316.6 10313.3 10310 10304.7 10301.8 10302.2 10304.3 10299.5 10297.3 10297.2 10296.9 10296.8
10340.9 10314.9 10321.9 10281.4 10235.7 10224.5 10252.1 10259.3 10263.7 10267.2 10308.9 10320.7 10281.5 10224.9 10205.2 10229.4 10231.1 10239.4 10304.4 10353 10391.1 10427.6 10456.7 10488.6 10526.2 10552.4 10529.5 10499.6 10468 10463.7 10454.4 10437.7 10420.4 10413.4 10410.4 10409.1 10409.4 10410.5 10412.4 10416.3 10422.3 10422.1 10414.2 10405.1 10391.8 10378.7 10366.8 10356.4 10348.5 10342.4 10335.3 10327.9 10326.4 10322.6 10319.3 10315.6 10312.2 10307 10300.8 10298.6 10301.5 10302.7 10297.8 10296.1 10296.8 10297.1 10297.8
10433 10394.3 10389.2 10336.6 10316.1 10298.1 10281.6 10278.6 10269.6 10258.7 10297.5 10256.3 10266.7 10264.2 10260.9 10287.4 10316.4 10351.8 10386.4 10416.9 10444.1 10471.9 10484 10501.5 10527.4 10531.6 10525.1 10496.6 10472.6 10459.7 10450.7 10441.2 10427.6 10417.8 10410.3 10405.6 10404.4 10405.3 10407.1 10412.5 10424.9 10446.5 10433.4 10407.9 10390.4 10376.4 10364.4 10354.1 10346.1 10343.4 10345.2 10329.6 10325.7 10320.9 10317.4 10313.9 10310.5 10306.7 10304.8 10304.2 10301.1 10298.6 10294.6 10296 10297.9 10299.3 10300
10503.9 10444.7 10403.4 10379.7 10357 10334.8 10324.6 10316 10299.7 10275.4 10257.3 10277.9 10295.9 10313.3 10338 10372.9 10420.6 10475 10478.3 10479.2 10483.8 10493.6 10500.9 10507.9 10524.8 10535.3 10521 10495.4 10471.5 10458.5 10448.2 10444.7 10446.6 10421.8 10408.1 10401.2 10397.6 10395.7 10396 10398.7 10407.8 10417.5 10412.5 10395.3 10381 10368.9 10358 10348.1 10339 10331.2 10323.3 10321.4 10318 10318.3 10314.9 10311.6 10308.4 10305.7 10304.5 10302.6 10300.8 10300.4 10297.8 10299.1 10300.2 10300 10299.8
10547.2 10513 10485.7 10451.3 10450.5 10401.8 10380.9 10364.3 10351.1 10350.6 10346.8 10346.1 10342.7 10364.3 10407.2 10450.1 10497.9 10549 10541.5 10521.1 10509.6 10503.7 10493.1 10502.2 10514.9 10520.7 10511.3 10497.4 10477.2 10455.3 10439 10429.5 10421.5 10409.6 10399.2 10392.4 10387.5 10384.2 10381.9 10379.7 10378.8 10374.1 10377.7 10374.9 10368.8 10361.2 10352.7 10343.6 10333.8 10323.7 10316.3 10316.8 10319.5 10317.7 10315.2 10312.2 10309.1 10305.6 10301.8 10296.7 10299.2 10302.1 10305.7 10304.3 10303.4 10303.4 10303.7
10577.2 10546.1 10516.1 10505.4 10512.7 10481 10446.4 10423.5 10407 10390.3 10370 10383.7 10401.8 10439.5 10481.4 10505.3 10534.7 10562.7 10553.6 10533.1 10516.3 10504.9 10494.4 10502.7 10506.4 10503.3 10497.8 10488.2 10469.8 10446.7 10424.5 10406.1 10394.7 10389.1 10385.1 10381.2 10376.8 10372.9 10368.3 10362.9 10355.1 10341.4 10352.3 10357 10357.1 10353.8 10348.2 10340.8 10332.1 10324.2 10318.3 10317.6 10319.9 10318.9 10316.9 10314 10311.2 10308 10304.4 10300.8 10301.7 10301.7 10301.5 10305.2 10306.3 10306.1 10306.1
10598.7 10620.1 10590.1 10588.2 10543.6 10529.4 10498.4 10473.4 10461.3 10455.7 10461 10467.2 10480.1 10525.6 10535.5 10532.7 10540.8 10545.2 10541.2 10526.3 10508.8 10498.2 10509.3 10506 10497.7 10491.4 10485.1 10474.7 10459.3 10436.5 10410.4 10385.3 10371.5 10373.2 10373.3 10371.3 10368 10364 10358.8 10351.9 10345 10342.6 10342.5 10346.4 10348.6 10348 10345.1 10340 10332.8 10324.7 10321.4 10322.2 10321.6 10319.6 10317.6 10314.6 10312.3 10309.8 10309.4 10312.7 10307.4 10303.6 10305.4 10308.4 10308.1 10307.8 10307.6
10577.9 10604 10633.4 10617.4 10589.4 10550.4 10518.9 10505.2 10506.1 10520.1 10556.7 10533 10535.3 10532.6 10530.3 10527.9 10529.1 10535.5 10529.8 10505.9 10488.8 10480.2 10485.3 10487 10484.4 10480.9 10478.2 10472.5 10454.4 10430.5 10403.4 10378.4 10366.5 10365.9 10366.8 10365.6 10363.2 10358.9 10353.4 10347.4 10340.4 10334.5 10339.3 10342.1 10344.8 10346 10345.7 10343.8 10339.3 10330.2 10328.2 10328.4 10325.9 10323.1 10319.9 10316.6 10313.8 10311.7 10310.4 10309.2 10306 10302.1 10299.3 10309.6 10308.4 10308.2 10309.1
10526.7 10528.7 10536.4 10550 10532.3 10518.5 10507.2 10507.5 10520.6 10545.7 10531.4 10526.5 10524.8 10505.5 10503.7 10501.2 10498.3 10495.9 10485.9 10469.9 10460.6 10453.1 10458.9 10465.6 10469.4 10467.8 10466.7 10468.3 10451.5 10428.6 10403.6 10378.7 10369.3 10368.4 10368.1 10366.2 10363.1 10358.6 10353.8 10349.4 10345.2 10342.5 10341.1 10342.5 10343.8 10345 10346.2 10348.1 10351.3 10350.7 10343.9 10336.1 10330.7 10325.9 10321.8 10318 10314.7 10311.8 10309.1 10307.1 10304 10300.7 10297.4 10303.3 10307.4 10309 10310.3
10511.4 10486.8 10488.8 10510.1 10502.3 10485 10480.2 10491.2 10505.9 10513.9 10501.2 10489.1 10483.5 10483.2 10472.9 10469 10460.4 10442.5 10423.7 10430.8 10433.8 10436.6 10448.1 10458.5 10457.5 10453.8 10448.3 10459.8 10447.2 10429.3 10410.8 10392.1 10382 10376.4 10372.9 10369.3 10365.5 10360.5 10355.8 10354.7 10349.7 10347 10344.3 10344 10344.1 10344.8 10346.4 10349.9 10358 10376 10354.1 10340.8 10333.4 10326.5 10321.6 10317.2 10313.6 10310.2 10306.9 10303.7 10301.8 10303.5 10308.8 10307.3 10308.3 10309.8 10311.3
10486.8 10471.3 10459.2 10464.1 10460.9 10455.2 10454.4 10468.5 10479.9 10480.9 10454.2 10453 10453.2 10439.2 10441.8 10439.5 10433 10417.8 10404.5 10410 10414.7 10420.9 10435.6 10447.9 10444.7 10442.6 10445.6 10448.6 10441.6 10430.6 10418.4 10407.3 10395.2 10387.1 10380.7 10375.6 10369.8 10364.6 10359.8 10355.8 10349.2 10347.1 10346.2 10346.1 10345.3 10345 10345.4 10347 10349 10344.7 10346.4 10340.4 10333.8 10328 10323 10318.3 10313.5 10309.4 10306.2 10302.5 10300.8 10303.3 10305.5 10306.6 10309.1 10310.7 10311.4
10433.8 10437.1 10443.9 10441 10448.7 10441.3 10440.9 10448.4 10454.9 10448.6 10432.4 10430.8 10432.8 10422.2 10423.6 10423.8 10418.5 10410.3 10404.1 10405.8 10408 10409.2 10418.3 10425.7 10426.4 10430.1 10432.9 10435 10435.8 10432.4 10426.4 10412.7 10408.2 10398.6 10390 10382.3 10374.9 10370.2 10363.2 10356.9 10348.8 10347.4 10348.4 10347 10345.3 10343.6 10342.2 10341.1 10342.5 10343.6 10338.1 10334.3 10329.8 10325.2 10320.7 10317 10312.9 10309.7 10305.4 10302.7 10302.5 10303 10305.6 10308.8 10309.8 10311.3 10312.6
10413.3 10422.6 10430.1 10432.3 10431.2 10423.5 10425.6 10427.1 10436.5 10434.5 10419.2 10420.2 10418.3 10415.7 10418.2 10417.3 10414.8 10410.8 10408.1 10409.4 10413.4 10412.3 10407.1 10399.2 10408.1 10417 10424.7 10427 10430.1 10433.9 10439.2 10437 10422.5 10408.1 10397.4 10387.8 10380 10372.6 10366.9 10360.2 10356.4 10352.3 10351 10348.2 10345.2 10342.1 10338.6 10334.2 10329.5 10327.7 10329.2 10329.3 10327 10323.8 10319.9 10316.1 10312.5 10308.8 10305.5 10303 10300.8 10303 10305.3 10307.2 10309.2 10311 10312.5
10410.3 10408 10407.1 10397.6 10398.7 10397.2 10392.6 10402.5 10409.1 10407.7 10407.9 10411.9 10418.2 10420.9 10417.3 10416.4 10415.7 10416.3 10415.1 10420.2 10421.1 10414.9 10408.2 10399.5 10401 10404.3 10406.9 10412.9 10419.8 10430.2 10442.9 10444.2 10429.5 10415 10402.7 10391.9 10382.6 10375.5 10369.8 10363 10357 10355.6 10352.7 10348.5 10344.5 10340.8 10336.6 10330.9 10322.5 10319.1 10324.1 10326.1 10325 10322.8 10319.9 10316.8 10313.4 10309.6 10306.6 10304.1 10304.1 10303.2 10304.1 10306.2 10310.3 10311.8 10312.8
10410.5 10399.7 10393.8 10389.2 10376.7 10380.6 10385.3 10386.2 10386 10393.5 10405.2 10413.3 10429.7 10423.5 10415.2 10413.5 10417 10423.2 10432.8 10438.9 10438.2 10427.9 10417.3 10410.4 10403.2 10393.7 10385.7 10390.7 10404.1 10419.5 10433.6 10435 10425.7 10413.5 10401.1 10390.1 10381.3 10374.6 10370 10366.1 10362.3 10357.5 10351.5 10346.1 10342 10338.5 10335.5 10332.6 10331.4 10327 10324.8 10325.1 10323.8 10321.7 10319.1 10316.4 10313.7 10310.7 10307.7 10303.9 10300 10301.3 10306.7 10312.1 10311.9 10312.8 10313.3
10411.6 10402.9 10398.4 10388.1 10376 10373.8 10374.4 10375 10377.6 10387.7 10407 10423.3 10411.9 10405.7 10405.3 10408.4 10414.4 10424.4 10437.9 10445.9 10448.7 10433.5 10420.7 10416.4 10404.8 10383.9 10367.3 10370.5 10389.7 10407.1 10422.4 10424.2 10416.8 10406.3 10395.2 10384.3 10374.3 10367.7 10363.7 10365 10365.8 10354.2 10347.1 10342.1 10338.6 10336.2 10334.8 10334.7 10336.4 10332.2 10328.6 10325.9 10324 10321.9 10319.8 10316.9 10314.7 10312.2 10310 10307 10301.4 10303.7 10308.2 10309.9 10313.3 10312.2 10312.3
10422.9 10419.6 10408.8 10388.4 10379 10373.4 10367.4 10369.3 10378.8 10385.2 10405.4 10416 10381.8 10383.1 10391.1 10398.9 10406.8 10416.5 10428.8 10433.5 10415.8 10414.4 10410.6 10406.2 10394.2 10374.9 10361.7 10367.1 10380.5 10396.1 10406.3 10409.2 10404.3 10396.1 10385.9 10375.7 10365.5 10355.6 10347.8 10341.3 10339.4 10339 10336.8 10334.7 10333.1 10332.2 10332.2 10334.2 10337 10332.9 10329 10326.2 10324 10322.2 10320.6 10318.4 10316.7 10314.8 10313.9 10313.8 10316.5 10317.1 10311.4 10308.2 10310.3 10309.9 10310.5
10443.6 10428.2 10409.9 10400.9 10389.6 10381.1 10376.1 10375.8 10374.5 10385.9 10400.5 10403.3 10368 10370.9 10379.5 10387.7 10395 10400.9 10402.4 10395.8 10392.9 10396.1 10395.6 10390.2 10379.5 10366.8 10359.6 10367.9 10373.5 10385.4 10394.5 10395.5 10391 10383.6 10374.4 10363.2 10351.4 10339.9 10327.2 10313.3 10310.8 10321.1 10325.1 10327 10327.9 10328.4 10328.9 10330 10331.2 10330.2 10328.3 10326.6 10325 10323.6 10322 10320 10318.4 10316.9 10316.5 10317.6 10321.5 10321.2 10312.1 10306 10304.4 10306.2 10308.5
10454.6 10431.3 10408.2 10401.3 10394.5 10390.8 10389.3 10389.2 10394.7 10398.6 10391.7 10375.7 10365.1 10367 10373.5 10379 10383.9 10387 10385.6 10381 10384.6 10385.1 10383.6 10378.2 10369.4 10362.9 10357.2 10355.7 10360.6 10372.2 10382.3 10381.6 10377.9 10371.7 10362.9 10352.5 10339.9 10326.6 10313.5 10303.1 10302.2 10309.4 10315.9 10320.6 10323.5 10325.2 10325.8 10326 10323.8 10327.8 10326.8 10326.5 10325.9 10324.8 10322.9 10321.7 10319.3 10317.6 10317.1 10316.8 10316.6 10313.9 10308.2 10302.4 10302 10303.8 10308.1
10455.6 10432.1 10408.1 10397.5 10394.8 10400.2 10403.3 10403.7 10410.4 10415.3 10386.7 10365.8 10366.1 10368.4 10371 10375 10378.8 10381.5 10381.5 10381.1 10378.2 10378.6 10377.1 10373.7 10369.7 10363.1 10355 10343.7 10351.3 10359 10361.1 10365.9 10365.1 10360.3 10352.6 10342.9 10330.7 10317.6 10302.9 10293.8 10295.7 10302.8 10310.6 10316.6 10320.6 10323 10324 10325.1 10325.9 10327.7 10325.9 10326.1 10325.7 10324.6 10323.4 10322.2 10320.7 10318.6 10316.7 10313.9 10311 10307.4 10304.3 10302.3 10299.6 10303.8 10310.6
10448.4 10435 10418.6 10406.5 10406.6 10417.1 10419.3 10426.6 10425.7 10408.2 10383 10376.4 10378.4 10371.6 10370.9 10373.5 10376 10378.2 10379.8 10379.4 10374.6 10374.6 10373.5 10371.3 10367 10363.1 10359.7 10361.3 10357.6 10354 10354.4 10355.9 10356 10352.1 10345.9 10337.7 10326.9 10313.6 10296.8 10281.8 10291.8 10302.2 10310.6 10316.9 10321.4 10324.1 10325.2 10325.2 10325.6 10326.6 10328 10328.6 10328.4 10327.7 10326.7 10325.2 10323.3 10320.5 10317.6 10313.7 10307.9 10300.3 10303.4 10306.5 10307.6 10311.8 10317
10441.2 10439.9 10436.3 10427.7 10424.6 10434.2 10418.4 10414.8 10398.2 10384.3 10374.7 10373.5 10372.1 10368.8 10369.9 10372.6 10374.9 10377 10379.1 10379.5 10374.6 10372.7 10371.3 10369.5 10367.4 10362 10360.7 10362.7 10359.1 10352.6 10349.8 10352.6 10352 10348.8 10343.8 10336.8 10328 10317 10303.8 10293.4 10300.2 10307.8 10314.1 10319.3 10323.3 10326.1 10327.8 10330.4 10331.6 10333.4 10330.4 10330.6 10330.3 10329.9 10328.7 10327.5 10325.7 10323.7 10320.6 10316.5 10310.5 10303.9 10308.9 10317.4 10324.1 10322.9 10325.3
10439.5 10441 10450 10440.5 10431.8 10407 10396 10385.1 10387.6 10377.8 10369 10366.7 10356.6 10361.7 10366.9 10370.5 10374 10376.4 10378.1 10379.4 10374.7 10372.4 10370.4 10368.7 10365.9 10362.9 10361 10358.3 10357 10359.8 10357.9 10355.1 10352.4 10349 10345.1 10338.4 10332.2 10325.6 10319.6 10317.3 10316 10318.4 10321.6 10325.4 10329.1 10332 10333.2 10332.3 10334.8 10334 10335.2 10335.1 10334.3 10333.5 10331.9 10331.1 10329.9 10328 10326.2 10322.6 10319.3 10317.5 10321 10327.1 10331.2 10331.7 10333.7
10440.1 10428.7 10420.7 10412.8 10394.3 10374.1 10375.2 10376.2 10371.3 10373.7 10368.3 10364.8 10359.5 10363 10366.7 10370 10372.3 10375 10376.3 10373.1 10373.7 10372 10369.3 10368.1 10368 10365.7 10361.4 10358.2 10357.4 10363.9 10362.6 10357.8 10354.3 10349.5 10344.9 10339.9 10335.7 10333.5 10334.8 10334.7 10328.8 10328 10329.3 10332.3 10336.2 10340.3 10343.2 10341.8 10343 10341 10340.8 10339.2 10337.7 10336.6 10335.4 10334.3 10333 10332.5 10331.6 10330.6 10330.1 10332.3 10333.8 10335.1 10336.6 10340 10339.4
10434 10416 10401.4 10395.2 10383.8 10370.9 10370.8 10371.2 10376.9 10373.3 10370.7 10364.4 10368.2 10368.2 10368.3 10369.3 10370.4 10372.5 10375.8 10379.9 10376.4 10369.5 10365.2 10364.9 10363.7 10360.5 10364.3 10359.1 10352 10352.9 10358.3 10359 10356.3 10352.4 10347.8 10343.2 10339.1 10336.5 10335.2 10337.1 10334.1 10333.9 10335.1 10337.9 10342.3 10348.4 10355.6 10365.7 10356.4 10350.4 10346.5 10343.4 10341.3 10339.9 10338.8 10337.9 10336.8 10336.4 10336.4 10337.4 10339.6 10343.3 10344.9 10341.9 10339.2 10341.9 10342
10430.6 10414.1 10402.3 10393 10377.9 10371.2 10375.1 10386.2 10380.4 10375.3 10368.2 10364 10369.4 10370.6 10368.8 10367.7 10367.5 10368.5 10370.2 10375.1 10369.9 10364.8 10359.6 10361.2 10370.9 10377.9 10378.8 10366.5 10352.1 10357.1 10362 10363 10360.3 10356 10351.5 10346.3 10340.9 10335 10327.6 10329.1 10333.5 10336.8 10338.8 10341.5 10345.7 10352.6 10363.5 10372 10363.7 10354.7 10349.5 10346.1 10344 10342.7 10342.1 10341.1 10340.9 10341 10341.7 10343.5 10346.6 10350.1 10350 10346.9 10343.9 10342.9 10343.4
10424.7 10408.4 10398.4 10391 10380.8 10374.2 10375.7 10383.3 10386.9 10375.8 10366.7 10365.5 10370 10370.4 10367.5 10365.7 10364.8 10363.9 10360.9 10363.1 10367.4 10360.2 10351.8 10346.9 10360.2 10419.5 10394.3 10383.9 10373.1 10375.1 10374.9 10370.1 10364.7 10359.5 10354.4 10349.5 10343.8 10336.4 10326.9 10330 10336.2 10339.8 10342 10343.8 10346 10349.9 10358 10369.7 10360.5 10353.4 10349.8 10347.6 10346.3 10345 10344.3 10344.2 10344.4 10344.9 10346.6 10348.4 10350.9 10353.3 10354.8 10350.7 10346.5 10344.7 10345.1
10420.4 10406.3 10396.3 10389 10380.2 10374 10373.8 10377 10383.1 10374.6 10369.1 10368.3 10366.5 10365.7 10365.4 10365.2 10364 10361.8 10359 10358.1 10361.9 10354.8 10344.1 10328.6 10310.6 10345.5 10386.4 10398.2 10411.1 10406.2 10388.2 10375.8 10368.1 10362.5 10357.8 10353.4 10348.9 10344.5 10340.1 10340.5 10341.9 10343.5 10344.5 10344.7 10343.9 10341.6 10337.1 10337.1 10345.2 10347.5 10347.8 10347.4 10347 10346.6 10346.3 10346.9 10347.7 10348.4 10349.7 10351.7 10354.3 10356.4 10356.6 10353.7 10349.5 10346.5 10346.7
10414 10397.7 10394.3 10393.6 10385.3 10378.5 10377.1 10382.8 10377.1 10373.3 10369.4 10366.9 10364.1 10361.7 10364.1 10364.6 10363.5 10361.2 10359.5 10359.6 10355 10352.1 10345.6 10333.6 10317.2 10356.5 10391.2 10395.4 10402.4 10401.2 10383 10373.8 10367.5 10363.3 10360 10357.3 10355 10353.4 10353.4 10352.1 10349.8 10349.2 10348.6 10347.3 10344.3 10337.8 10326.6 10325.4 10336.8 10343.6 10346.4 10347.4 10347.9 10347.9 10347.9 10348.1 10348.8 10349.9 10351.2 10353.9 10355.4 10357.1 10357.4 10355.8 10352.9 10350.9 10349.4
10408.4 10398.1 10395.6 10394.6 10393.6 10394.1 10400 10413.8 10387.3 10376.1 10372.3 10367.9 10365.5 10364.3 10366.7 10368 10367.1 10364 10360 10359.3 10359.1 10358.8 10358.3 10359.5 10371.1 10394.1 10389.5 10377.5 10363.7 10359.8 10364.5 10364.9 10363.9 10362.3 10361.2 10360.5 10360.4 10361.2 10360.2 10360.1 10356.9 10354.7 10353 10351.1 10348.4 10343.6 10334 10333 10339.9 10344.8 10347.1 10348.3 10348.5 10348.6 10348.7 10349.1 10349.7 10350.5 10351.9 10353.1 10355.1 10356.9 10357.7 10356.6 10354.5 10350.8 10347.4
