real_craters/C119-750m.grd
DSAA
99 99
-36.7675 36.7675
-36.7675 36.7675
9160.5880745316 10848.20311505
[rows 0 to 25 of 99, columns 0 to 57 of 99]
9729 9729 9731 9725 9719 9719 9720 9722 9726 9730 9738 9755 9809 1.007e+004 1.017e+004 1.026e+004 1.032e+004 1.037e+004 1.038e+004 1.035e+004 1.032e+004 1.03e+004 1.029e+004 1.029e+004 1.028e+004 1.027e+004 1.03e+004 1.033e+004 1.03e+004 1.03e+004 1.027e+004 1.029e+004 1.032e+004 1.036e+004 1.038e+004 1.039e+004 1.04e+004 1.04e+004 1.04e+004 1.038e+004 1.035e+004 1.035e+004 1.034e+004 1.033e+004 1.033e+004 1.032e+004 1.034e+004 1.036e+004 1.037e+004 1.036e+004 1.035e+004 1.034e+004 1.036e+004 1.037e+004 1.036e+004 1.039e+004 1.041e+004 1.04e+004
9727 9726 9725 9727 9713 9712 9717 9721 9726 9731 9741 9765 9808 9964 1.015e+004 1.026e+004 1.032e+004 1.036e+004 1.037e+004 1.037e+004 1.035e+004 1.035e+004 1.035e+004 1.035e+004 1.035e+004 1.033e+004 1.038e+004 1.041e+004 1.039e+004 1.034e+004 1.033e+004 1.033e+004 1.033e+004 1.033e+004 1.034e+004 1.036e+004 1.038e+004 1.037e+004 1.035e+004 1.034e+004 1.034e+004 1.033e+004 1.032e+004 1.031e+004 1.031e+004 1.031e+004 1.032e+004 1.033e+004 1.033e+004 1.034e+004 1.035e+004 1.036e+004 1.037e+004 1.038e+004 1.04e+004 1.039e+004 1.039e+004 1.039e+004
9724 9721 9715 9712 9715 9714 9714 9720 9723 9729 9741 9762 9793 1.003e+004 1.022e+004 1.028e+004 1.032e+004 1.035e+004 1.037e+004 1.037e+004 1.037e+004 1.037e+004 1.038e+004 1.039e+004 1.041e+004 1.041e+004 1.04e+004 1.041e+004 1.038e+004 1.034e+004 1.033e+004 1.032e+004 1.031e+004 1.032e+004 1.033e+004 1.034e+004 1.036e+004 1.036e+004 1.034e+004 1.033e+004 1.032e+004 1.031e+004 1.03e+004 1.031e+004 1.03e+004 1.03e+004 1.031e+004 1.031e+004 1.032e+004 1.032e+004 1.033e+004 1.034e+004 1.034e+004 1.037e+004 1.04e+004 1.039e+004 1.038e+004 1.038e+004
9722 9719 9713 9711 9724 9726 9723 9722 9723 9728 9742 9770 9818 1.005e+004 1.023e+004 1.028e+004 1.032e+004 1.034e+004 1.036e+004 1.036e+004 1.037e+004 1.038e+004 1.039e+004 1.04e+004 1.04e+004 1.039e+004 1.039e+004 1.039e+004 1.038e+004 1.034e+004 1.031e+004 1.031e+004 1.031e+004 1.031e+004 1.032e+004 1.033e+004 1.034e+004 1.033e+004 1.032e+004 1.032e+004 1.032e+004 1.031e+004 1.031e+004 1.03e+004 1.03e+004 1.03e+004 1.03e+004 1.031e+004 1.031e+004 1.032e+004 1.032e+004 1.033e+004 1.033e+004 1.034e+004 1.038e+004 1.038e+004 1.037e+004 1.037e+004
9725 9724 9723 9726 9731 9736 9735 9726 9721 9724 9744 9800 9904 1.006e+004 1.018e+004 1.028e+004 1.032e+004 1.034e+004 1.035e+004 1.036e+004 1.037e+004 1.038e+004 1.039e+004 1.04e+004 1.039e+004 1.038e+004 1.038e+004 1.038e+004 1.036e+004 1.033e+004 1.031e+004 1.03e+004 1.03e+004 1.032e+004 1.032e+004 1.032e+004 1.033e+004 1.032e+004 1.032e+004 1.031e+004 1.031e+004 1.031e+004 1.03e+004 1.029e+004 1.029e+004 1.029e+004 1.03e+004 1.031e+004 1.031e+004 1.031e+004 1.031e+004 1.032e+004 1.036e+004 1.036e+004 1.041e+004 1.037e+004 1.036e+004 1.037e+004
9729 9731 9733 9736 9734 9737 9742 9732 9723 9728 9753 9829 9974 1.019e+004 1.022e+004 1.03e+004 1.034e+004 1.035e+004 1.035e+004 1.035e+004 1.036e+004 1.038e+004 1.039e+004 1.039e+004 1.038e+004 1.037e+004 1.036e+004 1.038e+004 1.035e+004 1.032e+004 1.031e+004 1.03e+004 1.03e+004 1.031e+004 1.031e+004 1.031e+004 1.031e+004 1.031e+004 1.031e+004 1.031e+004 1.03e+004 1.03e+004 1.03e+004 1.029e+004 1.029e+004 1.029e+004 1.03e+004 1.031e+004 1.032e+004 1.031e+004 1.029e+004 1.027e+004 1.028e+004 1.037e+004 1.041e+004 1.038e+004 1.036e+004 1.036e+004
9736 9739 9740 9740 9739 9741 9751 9734 9724 9731 9770 9885 1.007e+004 1.026e+004 1.035e+004 1.035e+004 1.036e+004 1.036e+004 1.035e+004 1.035e+004 1.036e+004 1.037e+004 1.038e+004 1.039e+004 1.037e+004 1.035e+004 1.033e+004 1.033e+004 1.033e+004 1.032e+004 1.031e+004 1.031e+004 1.031e+004 1.031e+004 1.031e+004 1.031e+004 1.03e+004 1.03e+004 1.031e+004 1.031e+004 1.03e+004 1.029e+004 1.029e+004 1.029e+004 1.029e+004 1.029e+004 1.03e+004 1.032e+004 1.033e+004 1.031e+004 1.027e+004 1.021e+004 1.016e+004 1.027e+004 1.037e+004 1.036e+004 1.036e+004 1.036e+004
9745 9747 9748 9747 9745 9746 9753 9744 9736 9744 9796 9948 1.012e+004 1.028e+004 1.037e+004 1.038e+004 1.037e+004 1.037e+004 1.036e+004 1.035e+004 1.036e+004 1.037e+004 1.037e+004 1.038e+004 1.036e+004 1.034e+004 1.033e+004 1.033e+004 1.033e+004 1.034e+004 1.033e+004 1.032e+004 1.033e+004 1.033e+004 1.031e+004 1.031e+004 1.03e+004 1.031e+004 1.032e+004 1.031e+004 1.03e+004 1.029e+004 1.029e+004 1.029e+004 1.029e+004 1.029e+004 1.03e+004 1.031e+004 1.032e+004 1.032e+004 1.028e+004 1.022e+004 1.017e+004 1.027e+004 1.037e+004 1.036e+004 1.035e+004 1.036e+004
9751 9753 9754 9755 9752 9752 9756 9760 9769 9784 9846 1.002e+004 1.02e+004 1.035e+004 1.037e+004 1.038e+004 1.038e+004 1.038e+004 1.037e+004 1.036e+004 1.036e+004 1.036e+004 1.036e+004 1.036e+004 1.035e+004 1.034e+004 1.033e+004 1.034e+004 1.037e+004 1.036e+004 1.034e+004 1.034e+004 1.034e+004 1.034e+004 1.033e+004 1.032e+004 1.031e+004 1.032e+004 1.035e+004 1.033e+004 1.031e+004 1.03e+004 1.029e+004 1.029e+004 1.029e+004 1.03e+004 1.03e+004 1.03e+004 1.031e+004 1.031e+004 1.03e+004 1.029e+004 1.035e+004 1.04e+004 1.038e+004 1.036e+004 1.035e+004 1.035e+004
9757 9759 9762 9764 9761 9761 9764 9789 9835 9879 9949 1.012e+004 1.029e+004 1.037e+004 1.037e+004 1.037e+004 1.038e+004 1.039e+004 1.039e+004 1.038e+004 1.037e+004 1.037e+004 1.037e+004 1.036e+004 1.036e+004 1.035e+004 1.034e+004 1.034e+004 1.037e+004 1.036e+004 1.035e+004 1.036e+004 1.037e+004 1.035e+004 1.035e+004 1.034e+004 1.033e+004 1.033e+004 1.034e+004 1.034e+004 1.033e+004 1.029e+004 1.028e+004 1.029e+004 1.03e+004 1.03e+004 1.03e+004 1.03e+004 1.03e+004 1.031e+004 1.032e+004 1.032e+004 1.033e+004 1.034e+004 1.033e+004 1.032e+004 1.034e+004 1.035e+004
9761 9764 9768 9772 9775 9781 9778 9825 9930 1.005e+004 1.014e+004 1.023e+004 1.033e+004 1.037e+004 1.036e+004 1.036e+004 1.037e+004 1.039e+004 1.04e+004 1.041e+004 1.04e+004 1.039e+004 1.039e+004 1.038e+004 1.038e+004 1.037e+004 1.037e+004 1.036e+004 1.038e+004 1.037e+004 1.036e+004 1.036e+004 1.037e+004 1.035e+004 1.033e+004 1.033e+004 1.034e+004 1.034e+004 1.034e+004 1.036e+004 1.035e+004 1.029e+004 1.028e+004 1.029e+004 1.03e+004 1.031e+004 1.031e+004 1.031e+004 1.031e+004 1.031e+004 1.032e+004 1.032e+004 1.033e+004 1.032e+004 1.032e+004 1.032e+004 1.033e+004 1.034e+004
9765 9768 9772 9778 9785 9792 9793 9865 1.002e+004 1.021e+004 1.029e+004 1.029e+004 1.032e+004 1.034e+004 1.035e+004 1.036e+004 1.037e+004 1.038e+004 1.04e+004 1.042e+004 1.042e+004 1.041e+004 1.041e+004 1.04e+004 1.04e+004 1.039e+004 1.039e+004 1.038e+004 1.038e+004 1.037e+004 1.036e+004 1.035e+004 1.034e+004 1.033e+004 1.032e+004 1.032e+004 1.034e+004 1.036e+004 1.035e+004 1.021e+004 1.037e+004 1.031e+004 1.029e+004 1.029e+004 1.031e+004 1.032e+004 1.033e+004 1.032e+004 1.032e+004 1.031e+004 1.031e+004 1.031e+004 1.031e+004 1.031e+004 1.031e+004 1.031e+004 1.032e+004 1.033e+004
9768 9772 9776 9785 9797 9824 9885 9959 1.009e+004 1.021e+004 1.028e+004 1.029e+004 1.03e+004 1.032e+004 1.035e+004 1.035e+004 1.036e+004 1.038e+004 1.039e+004 1.041e+004 1.041e+004 1.041e+004 1.042e+004 1.041e+004 1.041e+004 1.04e+004 1.04e+004 1.039e+004 1.037e+004 1.036e+004 1.036e+004 1.036e+004 1.035e+004 1.033e+004 1.032e+004 1.033e+004 1.033e+004 1.034e+004 1.033e+004 1.035e+004 1.034e+004 1.031e+004 1.03e+004 1.03e+004 1.031e+004 1.033e+004 1.034e+004 1.035e+004 1.034e+004 1.032e+004 1.031e+004 1.03e+004 1.03e+004 1.03e+004 1.031e+004 1.031e+004 1.032e+004 1.033e+004
9772 9777 9785 9796 9823 9860 9999 1.009e+004 1.011e+004 1.018e+004 1.022e+004 1.024e+004 1.027e+004 1.03e+004 1.031e+004 1.032e+004 1.034e+004 1.036e+004 1.038e+004 1.039e+004 1.04e+004 1.041e+004 1.042e+004 1.042e+004 1.041e+004 1.041e+004 1.04e+004 1.038e+004 1.037e+004 1.036e+004 1.037e+004 1.037e+004 1.035e+004 1.034e+004 1.033e+004 1.033e+004 1.032e+004 1.033e+004 1.033e+004 1.035e+004 1.033e+004 1.032e+004 1.031e+004 1.031e+004 1.032e+004 1.034e+004 1.034e+004 1.034e+004 1.034e+004 1.032e+004 1.031e+004 1.029e+004 1.029e+004 1.03e+004 1.031e+004 1.031e+004 1.032e+004 1.032e+004
9774 9777 9787 9801 9837 9896 9985 1.005e+004 1.007e+004 1.01e+004 1.013e+004 1.017e+004 1.021e+004 1.024e+004 1.025e+004 1.028e+004 1.031e+004 1.034e+004 1.037e+004 1.039e+004 1.04e+004 1.04e+004 1.041e+004 1.041e+004 1.041e+004 1.04e+004 1.039e+004 1.037e+004 1.037e+004 1.037e+004 1.037e+004 1.038e+004 1.037e+004 1.036e+004 1.035e+004 1.034e+004 1.033e+004 1.033e+004 1.034e+004 1.03e+004 1.029e+004 1.032e+004 1.032e+004 1.032e+004 1.032e+004 1.033e+004 1.032e+004 1.031e+004 1.032e+004 1.031e+004 1.03e+004 1.029e+004 1.029e+004 1.03e+004 1.031e+004 1.031e+004 1.032e+004 1.032e+004
9772 9775 9781 9788 9854 9937 9973 1.001e+004 1.002e+004 1.003e+004 1.008e+004 1.012e+004 1.015e+004 1.016e+004 1.02e+004 1.025e+004 1.03e+004 1.033e+004 1.036e+004 1.038e+004 1.038e+004 1.04e+004 1.041e+004 1.041e+004 1.04e+004 1.039e+004 1.038e+004 1.037e+004 1.037e+004 1.037e+004 1.038e+004 1.037e+004 1.036e+004 1.037e+004 1.036e+004 1.035e+004 1.033e+004 1.034e+004 1.033e+004 1.03e+004 1.029e+004 1.033e+004 1.032e+004 1.032e+004 1.033e+004 1.033e+004 1.031e+004 1.03e+004 1.03e+004 1.03e+004 1.03e+004 1.029e+004 1.03e+004 1.031e+004 1.031e+004 1.031e+004 1.031e+004 1.032e+004
9768 9770 9775 9785 9859 9893 9936 9962 9976 9996 1.004e+004 1.009e+004 1.012e+004 1.014e+004 1.023e+004 1.027e+004 1.03e+004 1.034e+004 1.036e+004 1.037e+004 1.038e+004 1.04e+004 1.042e+004 1.041e+004 1.04e+004 1.039e+004 1.038e+004 1.037e+004 1.037e+004 1.037e+004 1.038e+004 1.038e+004 1.038e+004 1.037e+004 1.037e+004 1.037e+004 1.037e+004 1.035e+004 1.034e+004 1.033e+004 1.034e+004 1.032e+004 1.033e+004 1.034e+004 1.033e+004 1.032e+004 1.031e+004 1.03e+004 1.03e+004 1.03e+004 1.029e+004 1.03e+004 1.03e+004 1.031e+004 1.03e+004 1.031e+004 1.031e+004 1.032e+004
9767 9768 9773 9789 9827 9857 9902 9933 9966 9998 1.004e+004 1.008e+004 1.012e+004 1.018e+004 1.027e+004 1.03e+004 1.032e+004 1.034e+004 1.036e+004 1.037e+004 1.038e+004 1.038e+004 1.039e+004 1.039e+004 1.039e+004 1.038e+004 1.038e+004 1.037e+004 1.037e+004 1.037e+004 1.037e+004 1.038e+004 1.038e+004 1.038e+004 1.039e+004 1.038e+004 1.038e+004 1.037e+004 1.035e+004 1.033e+004 1.031e+004 1.031e+004 1.031e+004 1.033e+004 1.033e+004 1.032e+004 1.031e+004 1.03e+004 1.03e+004 1.029e+004 1.029e+004 1.029e+004 1.03e+004 1.03e+004 1.031e+004 1.031e+004 1.031e+004 1.031e+004
9768 9769 9773 9783 9810 9857 9900 9936 9964 1e+004 1.004e+004 1.008e+004 1.013e+004 1.019e+004 1.026e+004 1.031e+004 1.033e+004 1.035e+004 1.036e+004 1.037e+004 1.037e+004 1.036e+004 1.037e+004 1.037e+004 1.037e+004 1.037e+004 1.037e+004 1.037e+004 1.037e+004 1.037e+004 1.037e+004 1.037e+004 1.038e+004 1.04e+004 1.041e+004 1.04e+004 1.039e+004 1.037e+004 1.036e+004 1.034e+004 1.031e+004 1.031e+004 1.031e+004 1.032e+004 1.032e+004 1.033e+004 1.032e+004 1.031e+004 1.03e+004 1.03e+004 1.029e+004 1.028e+004 1.031e+004 1.03e+004 1.032e+004 1.033e+004 1.033e+004 1.032e+004
9769 9772 9776 9779 9799 9852 9917 9947 9968 1e+004 1.004e+004 1.008e+004 1.013e+004 1.017e+004 1.021e+004 1.028e+004 1.033e+004 1.035e+004 1.036e+004 1.036e+004 1.036e+004 1.035e+004 1.035e+004 1.036e+004 1.036e+004 1.036e+004 1.036e+004 1.037e+004 1.038e+004 1.037e+004 1.037e+004 1.037e+004 1.037e+004 1.041e+004 1.042e+004 1.04e+004 1.039e+004 1.038e+004 1.036e+004 1.034e+004 1.032e+004 1.032e+004 1.032e+004 1.032e+004 1.032e+004 1.031e+004 1.031e+004 1.032e+004 1.031e+004 1.031e+004 1.031e+004 1.031e+004 1.033e+004 1.03e+004 1.032e+004 1.035e+004 1.036e+004 1.032e+004
9772 9775 9780 9783 9806 9873 9942 9969 9980 1.001e+004 1.005e+004 1.009e+004 1.014e+004 1.017e+004 1.021e+004 1.028e+004 1.034e+004 1.036e+004 1.036e+004 1.036e+004 1.036e+004 1.035e+004 1.035e+004 1.035e+004 1.035e+004 1.034e+004 1.036e+004 1.037e+004 1.037e+004 1.037e+004 1.037e+004 1.036e+004 1.037e+004 1.039e+004 1.04e+004 1.038e+004 1.038e+004 1.037e+004 1.036e+004 1.035e+004 1.033e+004 1.033e+004 1.033e+004 1.033e+004 1.032e+004 1.032e+004 1.032e+004 1.032e+004 1.032e+004 1.032e+004 1.032e+004 1.034e+004 1.036e+004 1.037e+004 1.037e+004 1.036e+004 1.035e+004 1.032e+004
9770 9774 9781 9790 9835 9911 9961 9974 9989 1.002e+004 1.006e+004 1.011e+004 1.016e+004 1.021e+004 1.027e+004 1.033e+004 1.036e+004 1.037e+004 1.036e+004 1.036e+004 1.035e+004 1.034e+004 1.034e+004 1.034e+004 1.034e+004 1.033e+004 1.034e+004 1.035e+004 1.036e+004 1.036e+004 1.037e+004 1.037e+004 1.037e+004 1.038e+004 1.038e+004 1.038e+004 1.036e+004 1.037e+004 1.037e+004 1.036e+004 1.035e+004 1.033e+004 1.033e+004 1.033e+004 1.033e+004 1.033e+004 1.032e+004 1.033e+004 1.034e+004 1.034e+004 1.034e+004 1.037e+004 1.036e+004 1.036e+004 1.036e+004 1.034e+004 1.033e+004 1.033e+004
9768 9771 9786 9809 9873 9936 9962 9976 9991 1.003e+004 1.008e+004 1.013e+004 1.018e+004 1.024e+004 1.031e+004 1.034e+004 1.036e+004 1.036e+004 1.036e+004 1.035e+004 1.034e+004 1.033e+004 1.034e+004 1.034e+004 1.034e+004 1.035e+004 1.035e+004 1.035e+004 1.036e+004 1.036e+004 1.036e+004 1.037e+004 1.037e+004 1.037e+004 1.038e+004 1.038e+004 1.038e+004 1.038e+004 1.038e+004 1.039e+004 1.035e+004 1.033e+004 1.034e+004 1.034e+004 1.034e+004 1.034e+004 1.035e+004 1.035e+004 1.035e+004 1.035e+004 1.036e+004 1.035e+004 1.034e+004 1.033e+004 1.032e+004 1.032e+004 1.031e+004 1.032e+004
9770 9782 9821 9891 9915 9939 9956 9980 9997 1.004e+004 1.009e+004 1.014e+004 1.02e+004 1.026e+004 1.03e+004 1.033e+004 1.034e+004 1.035e+004 1.035e+004 1.034e+004 1.034e+004 1.034e+004 1.034e+004 1.034e+004 1.033e+004 1.034e+004 1.034e+004 1.035e+004 1.037e+004 1.037e+004 1.036e+004 1.037e+004 1.037e+004 1.037e+004 1.038e+004 1.039e+004 1.038e+004 1.037e+004 1.036e+004 1.035e+004 1.034e+004 1.036e+004 1.037e+004 1.037e+004 1.036e+004 1.036e+004 1.036e+004 1.036e+004 1.036e+004 1.037e+004 1.036e+004 1.035e+004 1.033e+004 1.032e+004 1.032e+004 1.032e+004 1.032e+004 1.034e+004
9794 9850 9879 9915 9935 9948 9966 9993 1.003e+004 1.006e+004 1.01e+004 1.015e+004 1.021e+004 1.026e+004 1.03e+004 1.032e+004 1.033e+004 1.034e+004 1.034e+004 1.034e+004 1.034e+004 1.034e+004 1.034e+004 1.033e+004 1.033e+004 1.033e+004 1.033e+004 1.035e+004 1.039e+004 1.038e+004 1.038e+004 1.037e+004 1.037e+004 1.037e+004 1.038e+004 1.039e+004 1.037e+004 1.035e+004 1.034e+004 1.033e+004 1.034e+004 1.038e+004 1.04e+004 1.04e+004 1.038e+004 1.037e+004 1.036e+004 1.037e+004 1.038e+004 1.039e+004 1.036e+004 1.033e+004 1.033e+004 1.033e+004 1.033e+004 1.033e+004 1.033e+004 1.036e+004
9874 9890 9896 9932 9949 9960 9978 1.001e+004 1.004e+004 1.007e+004 1.012e+004 1.017e+004 1.022e+004 1.027e+004 1.031e+004 1.033e+004 1.033e+004 1.033e+004 1.033e+004 1.033e+004 1.033e+004 1.033e+004 1.033e+004 1.033e+004 1.032e+004 1.033e+004 1.033e+004 1.035e+004 1.038e+004 1.037e+004 1.036e+004 1.037e+004 1.037e+004 1.037e+004 1.038e+004 1.039e+004 1.036e+004 1.036e+004 1.036e+004 1.037e+004 1.038e+004 1.04e+004 1.042e+004 1.04e+004 1.038e+004 1.037e+004 1.037e+004 1.038e+004 1.04e+004 1.041e+004 1.04e+004 1.035e+004 1.036e+004 1.035e+004 1.034e+004 1.033e+004 1.034e+004 1.035e+004
