real_craters/C119-500m.grd
DSAA
148 148
-36.7675 36.7675
-36.7675 36.7675
9161.0464091714 10804.014278258
[rows 0 to 29 of 148, columns 67 to 133 of 148]
10321.2 10320.2 10338.4 10351.8 10361.8 10365.2 10366.5 10359.1 10349.3 10342.6 10339.9 10356.4 10366.5 10363.4 10356.6 10377.7 10399.9 10407.4 10403.7 10403.1 10405.1 10416 10439.9 10453.7 10473.6 10457.7 10463.2 10391 10283.9 10158.3 10019 9879.49 9744.51 9620.94 9552.01 9536.28 9518.36 9499.93 9493.87 9512.72 9592.33 9736.47 9897.52 10046.8 10173.5 10274 10347.6 10394.6 10421.7 10424.7 10390.4 10369.5 10360.8 10358.1 10354.6 10355.8 10361.2 10363.7 10366.9 10370.4 10372.7 10370.4 10386.7 10399 10394.8 10388.9 10380.9
10310.4 10312.1 10323.3 10333.3 10339 10339 10350.6 10356.7 10351 10352.9 10364.6 10364 10367.7 10377.6 10381.3 10386.6 10393.7 10398.6 10398.8 10398 10400.2 10408.4 10422.5 10449 10478.5 10483 10435 10378.3 10277.6 10152.1 10011.6 9867.94 9725.52 9590.93 9513.62 9518.76 9512.07 9501.45 9492.95 9507.72 9598.36 9761.52 9937.99 10108.7 10252.5 10333.8 10396.7 10422.5 10435.1 10394.9 10366.3 10361.8 10361.2 10361.9 10360.6 10364 10364 10367.1 10371.3 10377.4 10381.9 10387 10391.9 10399.3 10404 10391.8 10380.1
10307.5 10309.4 10314.6 10320.4 10324.4 10327.6 10325.9 10335 10343.3 10351.5 10361.9 10360.4 10370.6 10409.3 10412.6 10397.2 10389.9 10390.7 10392.4 10391.8 10392.5 10398.2 10411.5 10437.8 10483.6 10515 10477.4 10392.7 10280.3 10151.5 10013.7 9870.84 9725.3 9591.64 9519.73 9530.06 9532.52 9527.79 9520.05 9531.11 9636.16 9812.29 9995.66 10170.3 10305.9 10387 10460.1 10528.6 10456.9 10387.8 10357.8 10361.6 10364.4 10365.1 10364.9 10366.6 10367.3 10367.8 10373.7 10377.9 10386.8 10401.6 10398.3 10387.6 10383.4 10380.5 10373.3
10304.1 10305.6 10308.5 10311.2 10314 10315 10318.2 10325.4 10333 10338.1 10337.3 10342.9 10354.2 10396.7 10402.7 10394.1 10387.5 10384.5 10384.5 10383.2 10385.4 10384.1 10385 10408.8 10446.4 10533 10515.4 10405.7 10293.7 10169.4 10038.5 9897.86 9753.07 9620.45 9563.22 9577.72 9587.36 9590.5 9590.19 9605.62 9720.34 9889.75 10062 10228.6 10348.6 10408.9 10454.1 10462.6 10437.9 10393.2 10370.9 10375 10375.7 10372.4 10370.6 10368.7 10367.9 10368.6 10373.5 10376.3 10380.7 10384.4 10384.9 10377.5 10374.1 10369.8 10363.8
10301.2 10301.9 10303.9 10306.9 10309.2 10310.7 10312.9 10319.2 10323.9 10327.7 10328.8 10332.6 10336.3 10354.6 10374.5 10383.8 10378.9 10376.1 10376.1 10376.7 10378.2 10381.6 10371.9 10379.8 10399 10459 10464.8 10391.4 10297.6 10193.3 10076.7 9950.27 9811.86 9673 9647.79 9661.8 9680.58 9695.61 9710.75 9739.93 9851.06 9995.51 10136.1 10255 10353.6 10412 10433 10421.5 10414.8 10400.6 10394.4 10397.4 10389.4 10383.1 10375.6 10370.1 10366.6 10367.6 10372.8 10373.2 10372.9 10369.4 10376 10383 10372.9 10356.9 10355
10294.4 10298.1 10302.4 10306 10309 10311.4 10313.6 10315.3 10318.8 10324.3 10333.5 10341.2 10341.2 10346.4 10394.8 10382.2 10366.7 10366.4 10367.5 10369.8 10372.6 10375.8 10369.7 10371.5 10384.2 10393.6 10394.9 10363.4 10302.7 10223.6 10134.8 10035.6 9916.86 9775.09 9753.76 9775.65 9798.45 9830.99 9872.02 9912.92 10013.3 10124.8 10233.6 10311 10382.5 10428.4 10435.4 10415.3 10412.9 10410.4 10412.9 10415.9 10392.5 10380.9 10376.5 10373 10370.1 10369.2 10371 10369.8 10371 10380.1 10395.4 10385.1 10371.2 10358.3 10350.3
10288.5 10295 10301.8 10307.2 10310.6 10311.6 10312.3 10310.2 10309.6 10315.3 10336 10360 10356.5 10360.6 10406.7 10385.3 10362.5 10362.4 10364.8 10365.8 10366.4 10367.3 10365.9 10368.9 10367.8 10347.8 10360 10353.3 10320.9 10270.6 10209.9 10144.1 10076.8 9969.63 9920.14 9918.44 9932.5 9970.5 10039.4 10126.3 10172.2 10254.6 10355.5 10441.8 10467.7 10467.6 10454.7 10439.5 10428.2 10413 10409.1 10396.8 10385.8 10377.9 10375 10372.6 10373.5 10374.4 10372.7 10370 10366.4 10373.1 10392.6 10380.9 10372.1 10356.5 10344
10290.3 10295.6 10302.7 10309.5 10314.8 10315.1 10310.5 10304.4 10296 10290.2 10294 10329.3 10401.9 10378.6 10407.7 10390.3 10370 10362.8 10361.1 10360.9 10360.1 10358.1 10360.1 10372.6 10382.5 10359.1 10364.4 10363.2 10349.1 10321.7 10287.8 10251.8 10229.3 10231.8 10099.3 10065.1 10069 10094.3 10144.6 10218.3 10273.2 10354.2 10455.1 10566.7 10535.6 10499.5 10467.8 10438.7 10418.3 10401.1 10380.6 10377.1 10379.7 10378.5 10374.6 10374.3 10372.7 10373.5 10372.9 10368.7 10361.5 10353.3 10367.5 10363.9 10348.6 10337.1 10334.1
10291.1 10296.3 10303.3 10311.3 10319.3 10327.1 10319.7 10300.9 10280.5 10256.1 10234.1 10226 10281.2 10376.4 10390.4 10377.4 10365.1 10360.7 10358.7 10358.4 10358.7 10361.8 10373.2 10376.4 10382.9 10391.5 10383.1 10381.8 10376.3 10366.9 10351 10327.7 10278.3 10188.1 10185.9 10179.9 10183.2 10194.2 10204.8 10246.1 10329.6 10408.2 10491.5 10541.1 10540.1 10502.2 10463.5 10426.8 10402.7 10389.3 10380.8 10384 10382.1 10379.2 10375.7 10374.2 10373.8 10373 10373.9 10374.3 10371.7 10363.3 10357.6 10352.3 10346.5 10334 10328.4
10291.7 10296.4 10303.1 10311 10320.6 10331 10317.2 10298 10270.3 10232 10190.9 10161.6 10213.5 10312 10371.3 10368 10358.9 10357.9 10358.5 10358.9 10359.9 10361.1 10364.1 10374.8 10391.2 10396.2 10393.8 10394.8 10398 10403 10407.2 10405 10367.5 10250.7 10275 10284.2 10290.8 10299.3 10297.5 10324.4 10379.5 10434.2 10492.1 10540.2 10511.6 10480.5 10446.9 10411.8 10385.9 10378.2 10376.5 10381.5 10379 10375.2 10372.3 10370.3 10370.1 10371.1 10374 10379.6 10389.6 10382 10353.1 10342.7 10336 10327.6 10323.8
10290.1 10296.3 10302.3 10308.6 10315.6 10321.8 10324 10304.4 10270.9 10234.5 10189.4 10150.4 10202.4 10296.9 10371 10366 10356.3 10354.5 10356.8 10357.9 10360.7 10360.7 10360.1 10363.1 10366.8 10380.9 10397.4 10407.6 10418.4 10432.1 10451.6 10479.8 10512.9 10469 10399.5 10380.7 10387 10409.1 10442.8 10440.9 10440.9 10450.5 10458.1 10461.6 10469.7 10454.2 10427.5 10398.1 10376.8 10370.7 10369.5 10368.5 10364.6 10366.7 10365.9 10365.4 10365.3 10366.4 10369.2 10374.5 10382.1 10375.1 10351 10338.5 10329.1 10320.5 10319.2
10292.3 10296.3 10300.2 10303.9 10307.8 10313.8 10324.3 10312 10286 10255.1 10226.8 10197.6 10273 10344.7 10377.2 10362.5 10355.1 10353.3 10354.2 10355.5 10358.3 10367.9 10368.4 10363.8 10370.8 10384.2 10399.1 10411.5 10424.6 10441 10463.7 10494.8 10526 10519.1 10464.8 10440.8 10448.3 10481.3 10526.8 10511.8 10474.1 10453.8 10445.6 10439.7 10437.7 10427.4 10409.1 10388.9 10372.8 10367.9 10367.1 10364.4 10360.5 10360.6 10360.8 10360.5 10359.7 10359.8 10360.8 10360.6 10358.1 10355.5 10350.9 10337.6 10323.4 10315.3 10316.7
10294.9 10297 10298.8 10299.9 10300.6 10306.1 10311.6 10311.1 10302.4 10288.4 10294.9 10346.4 10376.7 10395.4 10379 10367.4 10351.7 10349.7 10351.9 10354.8 10356.8 10361.1 10372.9 10379 10384 10391.8 10403.4 10414.9 10427.2 10440 10455.6 10471.1 10472.3 10477.7 10468.3 10462.1 10467.1 10492.7 10535.2 10503.4 10467.3 10441.6 10423.8 10418.2 10411.9 10403.8 10392.4 10382.6 10372.6 10367.4 10363.1 10358.4 10356 10356.1 10355.7 10354.9 10353.3 10351.3 10348.7 10345.3 10339.6 10338.6 10336 10326.7 10314.5 10308.6 10317.1
10298.6 10299.3 10299.7 10298.7 10296.6 10296.8 10307.6 10313.6 10312.8 10313.1 10323.3 10345.2 10360.3 10359.1 10346.7 10325.9 10336.2 10341.1 10348.1 10356.4 10363 10365 10385 10402.9 10389 10395.3 10406.5 10415.9 10424.5 10432.5 10438.7 10441.7 10448.8 10455.1 10452.5 10452.7 10452.3 10453.7 10454.2 10458.6 10441.5 10421.9 10392.5 10392.1 10394.1 10390.2 10383.7 10378.9 10373.5 10367.3 10360.9 10354.9 10354.2 10353.5 10351.1 10346.6 10345 10341.8 10337.7 10333.5 10331.3 10328.2 10326.7 10321.7 10311.8 10310 10325.2
10301.8 10303.4 10303.6 10302.1 10300.4 10301.9 10307.4 10313.5 10316.7 10321.5 10327 10332.2 10332.4 10331.1 10325.7 10319.5 10324.5 10333.8 10344.4 10358.4 10372.4 10389.2 10397.3 10417.7 10414.6 10407.4 10409.7 10415.5 10420.8 10424.1 10422.8 10413.2 10398.3 10426.7 10432.8 10434.4 10429.1 10414.3 10399.6 10413 10416 10409.5 10400.8 10388.9 10381.6 10377.9 10376.1 10374.8 10372.8 10367 10358.9 10355.5 10353.9 10351 10346.9 10343.1 10338.8 10334 10328.7 10322 10315.4 10318.3 10319.2 10316.6 10315.3 10319.3 10333.8
10305.7 10309.5 10310.4 10308.9 10306.7 10307.5 10308.9 10310.7 10315.1 10319.9 10323.6 10325.3 10324.4 10320.6 10316.1 10314.6 10318.9 10327.5 10338 10352.5 10375.6 10369.9 10390 10406.6 10419.3 10410.8 10405.8 10404.2 10405.1 10406.6 10406.5 10403.1 10399.8 10414.8 10417.5 10420.4 10415.3 10401.5 10390.2 10396.1 10398.3 10396.9 10399.5 10384.2 10375.8 10371.5 10368.9 10369.7 10370.3 10363.8 10351.4 10343.5 10350.2 10346.5 10342.6 10339 10334.3 10328.1 10321.2 10314.5 10310.8 10313 10316.9 10324 10320.4 10325.4 10336.3
10314.3 10319.3 10320.4 10318.9 10315.2 10314.6 10312.4 10310.3 10311.8 10314.1 10317.7 10319.1 10314.8 10313.2 10311.4 10307.5 10313.3 10321.6 10329.7 10334.3 10333.2 10346.1 10368.5 10398.1 10403.5 10399.3 10396.7 10396.2 10397.3 10400.5 10404.7 10411.5 10416 10411.7 10411.8 10414.4 10413.5 10408 10400 10393.2 10388.3 10383.7 10375.3 10371.3 10365 10360.5 10361.6 10362 10366.6 10366.5 10338.6 10319.4 10326.5 10336.3 10337.1 10334.3 10329.1 10324.1 10317.8 10311 10307.5 10311.3 10314.5 10315.8 10322.1 10327.4 10335.2
10328.2 10329.2 10330.9 10331.7 10327.8 10325.4 10320.1 10312.8 10310.8 10308.8 10306.8 10307.6 10307.6 10308.3 10308.3 10306.5 10311.1 10318.5 10325.3 10329.4 10330.6 10335.6 10337.8 10343.4 10369.6 10379.8 10384 10387.4 10391.3 10395.9 10403.1 10407.9 10396.3 10403 10408.1 10412.4 10416.6 10420.2 10411.2 10394.2 10380.2 10370.6 10367.3 10358.1 10356 10352.7 10348.9 10346.4 10344.5 10335.1 10321.6 10311.5 10322.9 10332.6 10333.8 10331 10327.4 10322.2 10316.9 10313.2 10311.7 10313.1 10315.8 10317.8 10327.1 10334.9 10331.9
10328.5 10333.8 10338.1 10343.5 10351.9 10340.9 10329.3 10321.8 10313 10304.2 10298.2 10298.9 10302.3 10305.9 10308.4 10307.1 10310 10316.8 10324.8 10333.9 10341.9 10339.3 10331.9 10331.1 10347.5 10363.1 10371 10376.7 10381.5 10387.4 10395.4 10406.8 10401 10397.7 10402 10408.5 10415.1 10423.6 10412.8 10391.9 10371.2 10350.1 10339.5 10343.3 10343.5 10342.3 10338.2 10333 10323 10309.2 10310.5 10315.3 10331.1 10336.3 10332.5 10328.9 10324.6 10320.4 10316.6 10312.8 10312.8 10315.7 10320.6 10331.6 10335.4 10338.8 10331
10328.4 10335.9 10338 10342.6 10351.8 10341.9 10330.8 10323.5 10311.2 10298.8 10290.9 10292.2 10298.6 10306.2 10310 10307.3 10309.9 10316.4 10322.9 10329.5 10330.7 10334.8 10346.9 10346.3 10346.1 10353.7 10361.1 10366.7 10370.7 10374.4 10378.3 10381 10386.4 10388.8 10395.4 10403.3 10407.6 10402.5 10401.9 10388.7 10368 10345.6 10334.5 10335.3 10335.6 10333.9 10329.3 10322.7 10313.8 10304.8 10306.7 10312.6 10314.5 10325.9 10329.2 10326.3 10321.5 10317.9 10314.8 10317 10315.4 10315.9 10320.5 10327 10330.8 10332.4 10332.2
10342 10335.9 10331.9 10328.8 10326.4 10328.7 10322.7 10313.1 10303.1 10293.2 10285.6 10289.6 10300.4 10309 10312.5 10312.2 10313.5 10316 10320.2 10322.3 10322 10328.4 10336.4 10339.7 10342.1 10346.6 10351.1 10354.4 10357.1 10358.1 10356.8 10352.9 10364.3 10374.7 10387.2 10398.8 10409.4 10406.4 10402.6 10388.8 10367.6 10344.2 10335.4 10334 10333.7 10330.4 10325.5 10319.2 10311.5 10302.8 10303.5 10308.5 10315.7 10328.1 10328.7 10324.6 10319.3 10314 10309.6 10304.5 10309.3 10313.5 10317.1 10319.2 10322 10327 10327
10327.4 10326.8 10322.3 10317.1 10315 10315.7 10313.6 10307.9 10300.3 10291 10285.3 10292.7 10300.3 10307.3 10312.1 10311.4 10311.6 10315.4 10319.4 10320.4 10318.1 10323.5 10330.9 10338.5 10339 10341.1 10342.7 10344.2 10345.3 10345.3 10342.2 10335.9 10347.7 10363.5 10377 10390 10407.5 10429.7 10409.9 10394.2 10373.4 10348 10339.5 10336 10332.7 10328.9 10326.4 10319.9 10315.7 10311.4 10316 10319.4 10328.4 10335.9 10328.5 10322.5 10316.3 10310.6 10306 10304.1 10306.3 10310.6 10314.8 10317.9 10320.8 10324.9 10324
10321.9 10320.6 10315 10308.9 10307.3 10307.5 10306.3 10302.4 10297 10291.9 10289.2 10296.7 10302.2 10307 10309.6 10308.4 10308.8 10314.6 10320.2 10323.9 10320.9 10320.8 10325.9 10330.9 10333.4 10333.3 10334.2 10334.4 10335 10334.9 10334.8 10336.5 10342.5 10355.8 10367 10376.3 10383.3 10385.8 10397.9 10396.3 10386.6 10372.3 10355.3 10342.5 10331.6 10323.1 10318.6 10318 10321.1 10332.1 10338.9 10330.9 10317.8 10324.5 10323.3 10318.7 10313.2 10307.4 10302.2 10300.6 10303.8 10309 10315.4 10322.1 10327.5 10327.7 10323.4
10326.5 10319 10310.1 10303.4 10301.5 10301.6 10300.7 10298.8 10296.6 10294.5 10295.1 10300.5 10303.6 10306.1 10306.7 10306.9 10308.8 10313.9 10320 10323.4 10315.4 10317.9 10319.2 10322.6 10325.3 10325.4 10325.2 10324.8 10324.9 10325.3 10326.4 10331.5 10339.5 10351.6 10366.7 10376 10373.9 10372.9 10389.7 10401.5 10400.2 10383.2 10365.5 10342.6 10322.1 10314.6 10310.8 10314.7 10320.4 10328.2 10326.8 10324.1 10316.2 10315.5 10317.8 10314.6 10310 10304.6 10298.8 10295.9 10301.6 10308.3 10315.2 10323.7 10333.8 10330 10330.3
10320.6 10313.4 10307.2 10303.6 10301.2 10299.4 10297.7 10296.1 10293.4 10296.2 10297.3 10299.6 10303.5 10305.2 10303 10305.8 10309 10312.6 10316.9 10319.4 10316.9 10318 10318.6 10316.4 10318.7 10320.3 10320.9 10320.7 10320.3 10319.9 10318.9 10320.5 10338.9 10357.1 10376.6 10389.6 10382.3 10377.5 10385.3 10402.7 10422.4 10412.7 10370.9 10327.8 10304.3 10294.4 10295.2 10300.3 10312.2 10326.8 10331.7 10322.7 10312.9 10317.5 10315.4 10312.1 10308.5 10304.2 10299.6 10297.8 10302.3 10307.8 10313.4 10318.4 10319 10323.5 10324.3
10320.5 10312.6 10306.9 10300.1 10299.3 10298 10296.2 10293.8 10292.7 10293.4 10296.8 10299.5 10303.4 10303.3 10304.9 10307.1 10308.1 10311.1 10313.8 10313 10313.1 10316.8 10316 10312.2 10314.9 10316.7 10317.4 10316.8 10316.2 10315.7 10316.7 10322.6 10345.4 10379.5 10405.3 10416.9 10406.7 10385.4 10365.8 10366.7 10412.8 10443 10336.4 10284 10263.7 10262.5 10271.5 10286.7 10301.2 10324.2 10329.4 10319.9 10311.9 10311.4 10311.9 10309.6 10307 10304.9 10303.2 10302.6 10304.4 10307.3 10311.3 10314.6 10317.1 10320.2 10321.9
10325 10321.6 10312 10302 10300.8 10299.7 10296 10290.7 10282.9 10279 10290.9 10301.7 10304 10306.7 10311.2 10312 10309.6 10312.7 10316.3 10312.7 10312.8 10316.4 10313.9 10312.4 10313.9 10314.6 10314.1 10313.4 10312.3 10311.1 10307.7 10326.7 10358.5 10397.7 10432.8 10453.7 10450 10393.5 10318.3 10258.2 10231.5 10232.8 10208.6 10198 10203.9 10221.9 10242.7 10266.3 10290.2 10315.2 10317.9 10314.6 10307.3 10305.6 10307.8 10307 10306.1 10305.5 10306 10305.4 10305 10306.6 10308.8 10311.5 10315.6 10316.3 10318.6
10327.5 10329.9 10317.1 10311.3 10307 10304.2 10300.3 10295.4 10286.1 10278.6 10296.1 10307.7 10304.6 10308.1 10317 10323.2 10326.5 10327.6 10323.2 10318.4 10318.5 10323.4 10322.9 10318.2 10315.9 10314.7 10313.7 10312.3 10310.6 10308.7 10304.9 10330.4 10371.2 10416.5 10457.1 10485.7 10483.1 10386 10249.9 10110.2 9986.67 9978.52 10040.9 10093.8 10138.2 10177.5 10215.6 10250.6 10280.1 10309.8 10319 10310.9 10303.9 10301.5 10303.3 10304.3 10304 10303.9 10304.1 10304.3 10304.5 10305 10306.2 10307.4 10306.7 10306.5 10305.9
10320.2 10314.3 10314.7 10314.3 10312.8 10310.2 10307 10304.9 10304.3 10295.1 10316.1 10323.1 10307.4 10298.3 10319.6 10337.4 10353.4 10352.3 10328.8 10323.7 10323.8 10325.6 10325.4 10321.5 10318.4 10316.6 10315.3 10314 10312.3 10310.8 10311.3 10339.5 10380.3 10426 10467.5 10498.5 10494.8 10363.6 10188 9993.69 9806.97 9813.99 9923.04 10015 10086.2 10145.5 10193.8 10237.1 10273.8 10302.5 10308 10305.5 10301.1 10298.7 10302.6 10302.4 10302.1 10301.3 10300.9 10301.2 10302.2 10303.2 10304 10304.2 10303.9 10304.2 10305.3
10316.7 10312.2 10315.3 10319.7 10318.7 10318.3 10315.5 10314 10315.5 10316.5 10335.2 10340.9 10328.9 10317.9 10333.8 10350.9 10362.5 10358.6 10333.1 10325.8 10323.5 10325.1 10325.9 10321.7 10319.9 10318.8 10318.2 10317.3 10316 10315 10316.4 10344.1 10385.6 10424 10458.4 10481.6 10463.6 10337.1 10161.5 9953.89 9770.31 9787.45 9893.23 9990.82 10069 10133.2 10186.8 10233.1 10283.2 10301.5 10306.1 10302.5 10299 10297.3 10300.1 10300.3 10299.6 10298.7 10297.8 10299 10299.9 10300.8 10301.6 10302.4 10303.8 10305.1 10305.2
