real_craters/C119-500m.grd
DSAA
148 148
-36.7675 36.7675
-36.7675 36.7675
9161.0464091714 10804.014278258
[rows 30 to 59 of 148, columns 0 to 66 of 148]
9771.97 9773.94 9777.12 9780.27 9781.96 9784.16 9805.77 9844.3 9908.39 9941.53 9960.85 9973.5 9980.22 9999.97 10023.7 10050.9 10079.3 10108.4 10136 10162.3 10182.2 10210.3 10253.4 10309.5 10344.6 10358.2 10362.8 10363.4 10362.3 10360.2 10358.7 10354.7 10347.2 10346.2 10346.5 10346.7 10346.5 10346.3 10347.7 10355.1 10363.9 10371 10371.7 10371.7 10372 10368.8 10365.7 10363.6 10366.6 10379.2 10401.3 10402.5 10390.1 10375.6 10377.7 10373 10368.7 10363.6 10356 10341.1 10334.2 10329.7 10326.9 10327.9 10329.4 10325.9 10322.2
9771.53 9773.57 9776.86 9781.47 9785.84 9791.82 9823.89 9870.1 9919.8 9953.37 9967.62 9974.6 9984.01 10003.2 10029.2 10058.5 10089 10119.4 10150.4 10181.9 10211.8 10247.3 10291.3 10335.3 10361.1 10364.9 10365 10362.9 10359.8 10355.5 10350.1 10347.3 10344.2 10342.3 10341.7 10341.2 10340.2 10339.5 10339.3 10345.4 10354 10361.8 10366 10367.1 10366.9 10367.1 10368.3 10368.4 10367.6 10372 10385.7 10388.6 10381.1 10366.7 10362 10368.7 10371.6 10370.9 10367.8 10359.5 10347.6 10337.1 10329.5 10329.1 10331.6 10328.4 10325.9
9769.24 9770.96 9776.01 9781.27 9785.99 9801.61 9845.99 9897.28 9944.42 9964.06 9972.23 9979.84 9991.46 10010.2 10035.6 10065.6 10098.1 10131.5 10166.2 10202.9 10242.9 10286.1 10325.8 10350.2 10364.1 10365 10363.4 10360.6 10356.3 10350.9 10343.6 10340.9 10340 10338.8 10339.1 10338.9 10337.9 10333.3 10335.5 10339.8 10347.7 10355.7 10361.2 10363 10362.2 10364.3 10368.7 10370.2 10369.7 10370.8 10375.1 10378.3 10380.1 10380.5 10367.2 10371.6 10375.2 10377.4 10376.1 10357.3 10348.4 10335.3 10329.2 10330.5 10328.9 10331.7 10332.7
9768.19 9768.76 9774.26 9785.94 9797.47 9828.04 9872.65 9915.58 9948.33 9961.86 9972.22 9979.11 9990.71 10014.4 10043.6 10075.2 10109.5 10145 10182.6 10221.9 10264.7 10309.2 10332.8 10348.1 10357.6 10359.9 10358.6 10355.7 10352 10347.1 10340.8 10335.1 10335.3 10337.2 10337.6 10337.5 10338.9 10346.7 10344.9 10345.9 10351.5 10356.5 10361.3 10362.6 10360.5 10361.7 10365.2 10368.1 10369.7 10371 10373.6 10377.9 10379.8 10380.2 10384 10377.9 10375.4 10379.1 10387 10381.4 10350.4 10331.8 10335.7 10342.1 10338.1 10340.9 10343.7
9769.08 9772.24 9779.14 9805.74 9844.53 9882.14 9902.62 9926.93 9946.34 9958.16 9972.22 9985.32 9996.18 10020.3 10051.6 10085.6 10121.3 10157.7 10193.4 10232.4 10272.4 10308 10327.6 10341.1 10349.6 10351.4 10350.9 10349.1 10346.9 10344.2 10341.4 10337.8 10337.6 10338.7 10337.4 10336 10335.1 10336.7 10344.9 10343.5 10345.7 10357 10365.6 10367 10363.4 10361.9 10365.3 10367 10369 10369.6 10373.8 10379 10382.7 10381.5 10378.9 10374.7 10369.3 10368 10372 10368.1 10348.7 10344.1 10351.2 10360 10356.7 10358 10357.5
9772.34 9789.14 9798.3 9839.03 9879.93 9912.83 9923.84 9935.93 9946.15 9957.13 9975.3 9990.09 10002.1 10030 10061.6 10095 10128 10164 10201.1 10238.2 10272.4 10299.9 10321.3 10334.7 10338.9 10342.4 10342.8 10341.9 10342 10341.5 10343.3 10349.5 10348.3 10341.2 10336.4 10333.1 10331.2 10331 10334.7 10332.4 10335.2 10359 10376.1 10375.4 10368.2 10362.8 10363.5 10366.4 10368.8 10369.6 10373.5 10379.3 10391.6 10391.7 10373.5 10364.2 10358.5 10351 10338 10328.4 10336.6 10359.2 10383.6 10382.2 10385.1 10379.2 10370.3
9793.9 9831.55 9865.7 9879.11 9907.08 9923.52 9935.11 9943.56 9951.79 9965.51 9983.54 10003.3 10025.8 10044 10071 10102 10136.6 10172.7 10208.8 10243.8 10274.9 10297.9 10317.1 10329.3 10334 10335.9 10336.3 10336.3 10336.4 10337.1 10339.8 10346.5 10343.7 10338.4 10333.5 10330.2 10328.7 10330.5 10332.9 10328.9 10332.1 10363.6 10386.4 10381.9 10376.7 10376 10363.7 10368.1 10370 10372.3 10372.8 10376.5 10389.7 10388.3 10369 10357.4 10351.3 10342.8 10329.5 10325.6 10338.6 10363.5 10398.6 10400.9 10402.5 10391 10377.6
9849.23 9872.79 9902.59 9895.5 9907.88 9932.13 9944.45 9951.97 9958.93 9975.75 9992.69 10012.9 10038.4 10054.4 10080.9 10112 10147.2 10183.2 10218.2 10251.7 10281.6 10306.1 10321.5 10327.2 10329.3 10329.3 10329.4 10329.7 10330 10330.3 10330 10327.9 10332 10332 10329.5 10326.8 10325 10327.7 10333.7 10331.4 10337.1 10361.3 10380.7 10378.4 10371.4 10368.7 10376.2 10370.7 10370.9 10371.8 10372.3 10380.3 10394 10385.2 10365.3 10354.5 10353 10351.5 10347.7 10353.1 10366.1 10385.3 10408.3 10414 10401.4 10388.6 10378.1
9872.75 9875.8 9887.38 9896.78 9925.32 9945.43 9954.62 9962.84 9969.42 9983.96 10002.1 10019 10032.7 10051.8 10085.5 10120.8 10156.9 10191.8 10226.4 10259 10287.8 10313.6 10326.1 10322.2 10321.9 10321.2 10322.9 10323.9 10324.3 10324.6 10324.6 10326.3 10327.4 10326.8 10325.7 10323.9 10322.4 10325.5 10331.2 10331.9 10338.1 10355.1 10373.3 10367.4 10357.8 10349 10360.5 10365.5 10369.1 10373 10373.4 10380.7 10383.9 10375 10361.8 10357 10361.2 10369.1 10382.3 10386.4 10395.2 10401.2 10421.7 10419.7 10405.1 10388.9 10376.9
9849.93 9866.73 9881.62 9907.75 9940.68 9956.48 9965.65 9974.88 9983.08 9997.46 10013.4 10027.9 10037.7 10054 10093.7 10130.4 10167 10201.7 10234.2 10266.3 10294.7 10318.5 10329.8 10325.9 10320.5 10317.8 10319.3 10320.3 10320.8 10320.3 10319.8 10323.2 10322.3 10323.8 10323.3 10322.2 10321.4 10324.4 10329.6 10327.3 10332.5 10344.2 10351.7 10352.3 10348.5 10344.7 10348.5 10357.4 10364.1 10370.6 10371.3 10364.2 10356.9 10363.2 10361.1 10359 10371.5 10382.9 10394.4 10408.4 10426.1 10429.8 10435.8 10429.9 10411.1 10391.6 10376.5
9879.18 9884.65 9900.04 9929.47 9950.48 9963.43 9975.46 9987.39 9999.9 10014.2 10026.4 10036.9 10060 10078.6 10112.2 10147.1 10180.4 10212.8 10244.3 10274.2 10301.1 10323.2 10335 10331.2 10323.9 10319.9 10318.4 10318.3 10318.3 10318 10316.7 10318.1 10323.6 10323 10322.2 10322.1 10322 10324.1 10329.6 10326.8 10330.2 10335.9 10338.5 10340.9 10342.6 10344.4 10347.8 10354.3 10358.5 10359.9 10359 10362.2 10371.3 10369.4 10372.3 10377.6 10386.1 10393 10403.1 10416.3 10428.4 10439.4 10445.3 10440.8 10419 10394.8 10378.2
9876.46 9906.18 9919.18 9932.23 9946.25 9966.15 9983.4 9999.82 10016.9 10033.9 10041.5 10048.6 10079.1 10109 10134.3 10164.5 10195 10224.1 10253.7 10281.1 10305.8 10326.6 10339.5 10331.5 10323.9 10319.8 10318.6 10318.4 10318.7 10318.7 10318.2 10319.5 10322.3 10322.3 10323.1 10323 10325.4 10326.6 10329.2 10335 10333.5 10333.6 10333.2 10335 10338.9 10344.3 10349.8 10353.9 10357.2 10356.2 10352.1 10362.7 10372.7 10377.3 10383.3 10397.1 10394.2 10393.1 10402.3 10418.1 10436.5 10450.1 10462.5 10456.2 10425.4 10401.6 10380.9
9885.94 9911.23 9922.73 9929.09 9948.21 9970.38 9989.86 10008.7 10028.4 10045.4 10047.2 10049.1 10087.2 10126.3 10152.9 10181 10211 10237.5 10266.1 10290.7 10311.9 10328 10337.6 10330.8 10322.5 10319.6 10318.7 10319.4 10320.7 10322.1 10323.5 10323.5 10322.3 10323 10326.4 10326 10322.3 10324.9 10328.3 10332.8 10335.9 10335.5 10335.1 10336.1 10337.6 10337.6 10347.9 10355.7 10361 10364.7 10366.1 10369 10376.3 10383.7 10385.7 10385.3 10385.3 10384.6 10395.4 10414.6 10433.2 10448.7 10456.5 10444.1 10418.9 10400.8 10382.4
9897.49 9900.35 9922.52 9942.53 9961.82 9976.82 9994.84 10013.3 10032.7 10054.8 10056.2 10050 10084.4 10128.1 10169.5 10201.4 10228.8 10254 10278.6 10299.5 10316.2 10329.2 10335.9 10331.4 10324.8 10319.5 10319.9 10321 10322.9 10325.5 10327.8 10327.9 10324 10328.1 10336 10342.2 10338.9 10335.4 10336.3 10338.2 10340.5 10339.8 10338.6 10338.8 10341.6 10346.5 10352 10359.9 10369.7 10380.3 10390.5 10387.9 10393.7 10394.1 10388.8 10379.9 10378.5 10380.5 10392.6 10411 10425.8 10436.8 10442.1 10410.2 10404.6 10394.9 10385.9
9929.17 9930.83 9936.68 9951.58 9970.06 9984.49 9999.4 10013.3 10027.8 10040.9 10054.2 10075.1 10109.4 10149.8 10191 10225.2 10251.1 10274.4 10294 10305.8 10321 10331.8 10336.8 10333.8 10327 10325.4 10323.1 10322.9 10324.6 10327.9 10334.8 10332.5 10332.7 10334.5 10348.3 10370.3 10384.1 10368.7 10358.7 10356.8 10350.4 10345.5 10342.3 10341.6 10345.6 10351.1 10353.9 10365.3 10378.9 10392.9 10408.2 10413.2 10414.3 10407.9 10396.6 10386 10380.5 10382.7 10395.4 10412 10429.5 10432.3 10410.3 10399.2 10408.6 10414.1 10408.3
9962.55 9969.03 9953.55 9961.25 9978.43 9990.24 10002.5 10014.4 10025.5 10036.1 10058.4 10111.6 10160.3 10191 10222.6 10255.7 10277.6 10295.1 10304 10318.2 10329.4 10337.3 10342 10339.2 10331.1 10325.4 10323.4 10324.6 10326.2 10327.6 10328.9 10333.1 10334.7 10335.8 10356.4 10375.4 10394.2 10404 10387.3 10372.9 10359.1 10351.2 10346.5 10345 10349.3 10352.5 10356.3 10371.4 10386.4 10400 10409.9 10416.3 10425.1 10417.7 10405.4 10393.5 10385.6 10390 10404.6 10415.5 10420.3 10417.6 10428.9 10432.8 10439 10452.2 10446.6
9977.52 9975.42 9964.71 9968.67 9985.75 10000.6 10011.6 10023.1 10033.1 10046.1 10097 10167.4 10227.3 10274.6 10281.1 10295.6 10298.7 10310.1 10320.7 10330.6 10338.3 10343.4 10345.4 10342.5 10335.2 10328.5 10326.7 10328.5 10329.6 10329.5 10330.6 10336.8 10342.6 10344 10367.5 10395.4 10409.3 10410.1 10386.6 10370.2 10359.6 10353.3 10350.2 10350.4 10356.3 10364.4 10371.3 10381.6 10393.1 10406 10418.2 10424.1 10426.1 10422 10416.7 10412.3 10414.3 10422.7 10427.3 10426.9 10421.6 10418 10438.6 10459.4 10464.8 10464.1 10459.1
9984.12 9980.15 9982.24 9988.98 10002 10016.6 10031.2 10043.9 10055.1 10073.7 10131.9 10218.6 10286.9 10338.8 10337 10335.9 10337.4 10333.1 10338 10343.1 10347.4 10350.1 10349.7 10345.4 10341.1 10336.5 10333.6 10335.9 10337.3 10337.5 10338.3 10343.5 10350.3 10352.8 10376.8 10406.2 10403.3 10384.6 10366.7 10356.6 10354.5 10353.8 10354.4 10355.4 10361.4 10370.4 10383.1 10387.5 10396 10411.1 10429.6 10442.4 10433.9 10428.8 10431.4 10434.9 10441.3 10460.8 10457 10447.8 10438.7 10440.5 10456.8 10471 10481 10482.4 10480.7
9998.6 10004.8 10012.6 10014.3 10022.4 10037.3 10055.2 10073.3 10091.6 10112.7 10171.1 10273.2 10332.9 10370.4 10368 10365.4 10362.8 10354.6 10355 10356.1 10357.9 10359 10359.1 10359.6 10355.3 10350.6 10347.9 10346.9 10347.6 10350.1 10351.5 10351.2 10353.9 10354.7 10382.7 10417.4 10396.3 10369.6 10354.1 10349.5 10351.1 10355.1 10360.3 10365.6 10367.3 10369.7 10374.9 10380.8 10392.4 10407.4 10426 10442.3 10437.1 10438.1 10449.5 10464.3 10489.4 10505.6 10488.4 10470.2 10457.1 10464 10482.4 10503 10511.1 10504.8 10510
10014.1 10021.2 10022.3 10026.6 10042.9 10065.5 10089.2 10114.9 10143.4 10176.8 10235.2 10330.6 10367.1 10393.1 10392 10384.3 10373.7 10369 10366.7 10365.8 10366.1 10366.6 10367.6 10369.4 10367.8 10364.4 10360.8 10356.9 10355.9 10356.4 10358 10357 10356.6 10357.8 10382.6 10415.3 10393.7 10365.9 10347.8 10346.5 10350.9 10358.2 10366.3 10374.8 10374 10369.7 10363.2 10368 10383.8 10397.8 10411 10425.4 10430.5 10445.7 10468.3 10493.2 10516.4 10529.2 10510.2 10487.9 10465.5 10444.9 10464.4 10487 10504.1 10502.1 10498.3
10019.8 10025.8 10030.8 10043.1 10072.9 10102 10135.8 10167.1 10204.2 10257.4 10338.5 10363.7 10382 10398.1 10401.4 10396.2 10388 10381.4 10376.5 10374.3 10373 10372.3 10371.5 10370.6 10371.3 10369.8 10364.3 10362.4 10361.9 10363.4 10363.3 10362.6 10361.6 10360.1 10369.7 10390 10394.3 10366 10349.8 10348 10353.3 10361.9 10370.4 10380.1 10386 10379.2 10370.1 10371.8 10383.1 10391.4 10394.5 10395.2 10420 10451.4 10486 10516.3 10538.8 10538.2 10526.2 10507.1 10485.8 10455.4 10462.3 10472.7 10472.9 10491.4 10500.8
10030.5 10040.8 10047.4 10080.5 10119.5 10155.4 10184.4 10215.4 10249 10291 10326.9 10354.7 10378.1 10395.5 10405.6 10401.6 10397.2 10389.2 10385.4 10382 10379.7 10377.8 10375.1 10371.6 10370.3 10368.5 10367.7 10364.6 10364.7 10367.9 10368.8 10368.8 10369.4 10368.2 10363.5 10378.1 10395.1 10370.1 10351.2 10350.9 10355.5 10363 10372.8 10383.1 10395.8 10389.2 10387 10388.1 10388.2 10391.8 10393.9 10396.9 10430.2 10474.3 10505.2 10536 10564.6 10551.2 10537.3 10524.9 10518.5 10529.1 10498.7 10470.3 10471.5 10496.2 10512.7
10081.5 10102.6 10116.3 10157.5 10188.4 10212.9 10235.4 10257.7 10283 10304.9 10321.7 10341.8 10370.3 10388.3 10400.1 10403.2 10396.9 10392.9 10389 10385.9 10383.6 10381.5 10379.9 10377.7 10374.3 10367.7 10362.8 10362.7 10365.9 10365.8 10369.7 10373.4 10377.1 10382.7 10372.6 10382.4 10396.1 10378.2 10361.6 10356.8 10359.8 10366.1 10374.7 10382.2 10389.1 10394.5 10393.2 10390.3 10394.3 10397.5 10405.3 10429.6 10450.7 10480.3 10515.8 10544.2 10563.6 10553.8 10540.5 10533.2 10531 10536.2 10533.8 10509.4 10499.5 10519.5 10534.7
10222.2 10214.8 10256.1 10263 10265 10273.4 10285.7 10299 10314.2 10329.1 10333.9 10348.7 10370.9 10387.9 10398.5 10400.6 10400.2 10393.8 10390.4 10387.5 10386.2 10385.3 10385 10387 10389.3 10392.3 10377.7 10372.9 10370.4 10371.1 10372 10374.5 10378.2 10383.2 10374.7 10377.2 10394.6 10380.6 10364.5 10360.9 10363.3 10368.7 10376.6 10385.5 10398.4 10402.1 10402.7 10407.9 10404.7 10407.3 10411.5 10429.7 10457.8 10496.1 10524.8 10546.6 10557.2 10545.2 10544.3 10544 10540.4 10528.1 10526.8 10541.5 10529.1 10545.5 10590.5
10325.9 10297.3 10337.4 10339.4 10325.4 10321 10323.4 10326.8 10335.5 10346.6 10355.7 10367.3 10382.5 10394.1 10400.5 10399.7 10399.5 10395 10392.6 10390.4 10388.4 10386.9 10386.8 10387.9 10388.8 10387.6 10381.1 10375 10370.5 10368.2 10371.5 10371.9 10372.5 10371 10371.3 10369.8 10381.1 10371.5 10361.5 10361.6 10365.4 10370.8 10378 10387.4 10403.5 10409.3 10408.5 10408.5 10412.5 10421.1 10433.7 10457.8 10478.5 10500.5 10529.3 10553.3 10554.9 10540.7 10555.3 10566.1 10565.3 10551.4 10529.9 10552.4 10547 10553.5 10549.7
10351.7 10346.7 10372.9 10376.1 10365.8 10353.3 10350.3 10352.4 10355.4 10363.3 10379 10397 10398.3 10399.1 10403 10401.3 10397.4 10394.8 10393.7 10391.8 10389.7 10387.4 10385.4 10382.8 10378.3 10368.1 10362.5 10359 10369 10374.8 10369.2 10367.7 10366.3 10363.8 10363.8 10364.8 10367.5 10361.5 10359.8 10363.8 10369 10374.7 10380.7 10386.7 10406 10413.9 10413.5 10410.6 10421.3 10437.1 10455.4 10481.2 10497.4 10522.3 10553.2 10571.5 10569.7 10542.7 10588.1 10607.9 10593.3 10580.7 10574.3 10600.9 10609 10574.4 10469.3
10370.9 10368.6 10388.2 10383.4 10377.6 10374.3 10371.8 10367.4 10370.8 10379.4 10384.6 10393.6 10397.8 10397.2 10397.5 10393.9 10394.8 10394.7 10394.2 10392.8 10391 10387.7 10383.5 10378.5 10372.5 10364.6 10358.2 10355.3 10356.3 10360.7 10362.5 10362.1 10361.4 10360 10361.8 10364.4 10364.5 10364.8 10364.8 10368.4 10374 10379.8 10386.2 10394.8 10406.2 10417 10423 10426.9 10439.8 10455.8 10469.9 10483.3 10496.8 10533.6 10568.5 10591.8 10614.3 10644.7 10655.1 10678.6 10686.5 10667.8 10699.1 10688.5 10667.9 10551 10480.1
10385.7 10394 10391.6 10382.6 10384.1 10383.7 10382.2 10379.6 10377.8 10375.4 10384 10387.2 10389.3 10392.2 10391.9 10388.3 10395.3 10397.3 10395.7 10394.7 10391.6 10386.8 10381.8 10375.5 10367.9 10363.3 10359.2 10355.8 10351.4 10352.5 10357.6 10359.2 10359.4 10359.6 10362.6 10368.8 10368.8 10365.8 10368.4 10373.1 10378.8 10385.8 10393.1 10402 10412.8 10424.4 10437 10453.7 10467.4 10475.9 10486.7 10492.2 10502.5 10526.9 10551.6 10578.2 10618 10658.4 10685.5 10714.2 10756.4 10647.2 10513.1 10498.1 10475.4 10365.1 10233.7
10394 10410.7 10398.3 10386.4 10393 10393.4 10392.5 10390.2 10388.9 10387.6 10388.8 10387.3 10386.9 10391.4 10394.4 10400.5 10402.7 10404.3 10401.9 10398.1 10393.8 10388.1 10383.1 10375.7 10369 10365.2 10364.1 10362.8 10359.1 10358.5 10359.9 10360.7 10361.2 10362.4 10370.1 10371.6 10366 10368 10372.4 10377.8 10384 10391.9 10400.8 10409.2 10417.8 10429.5 10448.9 10468.7 10482.8 10490.9 10493.7 10497.7 10503.4 10513.4 10534 10567.2 10614.1 10661.9 10676 10675.1 10629.9 10484.7 10291.1 10216.8 10190.2 10102 9982.31
10397.6 10400.8 10404.7 10414.2 10407.4 10403.4 10401.7 10402.5 10403.1 10402.4 10399.5 10398.8 10391.9 10397.9 10401.9 10402.5 10414.2 10414.7 10408.7 10403.8 10398.2 10392.1 10385.7 10379.1 10373.3 10372 10372.3 10369.3 10368.3 10366.7 10365 10363.9 10363.1 10363.7 10371.8 10376.7 10373.5 10376 10377.8 10382.1 10388.7 10397.4 10409 10422.8 10426.4 10436.7 10459.4 10483.1 10503 10506.1 10505.8 10498.9 10491 10503.6 10536.8 10587 10635.2 10653.3 10656 10622.6 10517.5 10335.3 10123.3 10008.1 9950.49 9867.97 9778.11
