real_craters/C119-300m.grd
DSAA
246 246
-36.7675 36.7675
-36.7675 36.7675
9157.4383254417 10838.43957285
[rows 180 to 209 of 246, columns 0 to 66 of 246]
10479.6 10483.6 10488.3 10493.3 10494.3 10488.9 10483.2 10478.7 10475 10469.6 10464.1 10458.8 10454.3 10450.5 10447.5 10444.7 10442.4 10440.7 10439.5 10437.9 10436 10433.5 10431 10428.4 10425.6 10422.6 10419.1 10416.1 10416 10420.5 10431.2 10433.3 10434.7 10437.1 10439.3 10438.7 10435.9 10435.9 10433.9 10430.2 10425.6 10420.1 10413.6 10406.2 10397.7 10388.5 10381.9 10377.2 10369.7 10364.4 10362.4 10361.1 10362.4 10365.4 10367.8 10371.2 10376.4 10384.4 10392.2 10398.7 10401.9 10404.2 10410.5 10412.4 10410.1 10405.2 10399.7
10481.6 10485.3 10489.4 10493.8 10494.6 10491.5 10488.1 10485.4 10482.7 10478.3 10472.3 10466.6 10461.9 10457.6 10453.1 10448.7 10449.2 10448.5 10447.1 10444.6 10441.7 10438.6 10435.7 10432.8 10430.1 10427.3 10424 10420.5 10415.8 10417.6 10429.9 10432.6 10433.4 10436.2 10439.5 10441.8 10440.6 10438.6 10435.4 10431.8 10427.4 10423 10417.3 10411.1 10404.4 10397.5 10392.6 10389.1 10379.5 10370.5 10364.3 10360 10357.9 10358.3 10362.8 10371.1 10380.8 10388.6 10396.8 10403.3 10406.2 10408.6 10413.3 10414.8 10412.8 10408.3 10401.8
10481.7 10484.3 10487.4 10491.4 10492 10490.6 10489.1 10488.2 10488.3 10484.4 10477.8 10472.4 10468.3 10464.8 10461.5 10459.1 10459.2 10457.9 10455 10450.9 10446.9 10443.1 10439.8 10436.8 10434.3 10432.2 10430.2 10428 10425.5 10425.2 10426.4 10426.4 10429.5 10434.2 10438.8 10443.9 10446.2 10441.2 10437.3 10434.1 10430.6 10427.2 10422.6 10417.8 10412.4 10407.4 10402.6 10397.9 10387.8 10379.1 10371.8 10361.1 10356.2 10356.3 10362 10371.9 10381.4 10392.9 10404 10413.2 10418.4 10420.9 10422.2 10421.4 10418.3 10413.6 10407.3
10481.2 10482.2 10482.9 10484.3 10485.9 10486.9 10487.2 10487.1 10486.5 10483.8 10479.6 10475.9 10473.2 10471.4 10470.8 10471.8 10470.8 10468.3 10462.1 10456.3 10451.2 10446.9 10443.3 10440.3 10438.1 10436.9 10436.5 10437.3 10440 10440.3 10423.4 10417.7 10426.4 10432.7 10436.6 10438 10439 10439.4 10437.9 10436 10434.2 10431.7 10428.7 10424.9 10420.4 10415.9 10410.8 10404.5 10395.7 10387.6 10380.1 10365.8 10358.8 10360.7 10367.3 10376.9 10386.4 10399.7 10413.5 10426.3 10437 10437.9 10433.6 10429.1 10424.8 10420.3 10415.4
10480.5 10479.8 10478.4 10475.6 10479.7 10482.7 10484 10484.1 10482.9 10480.8 10478.9 10477.2 10476 10475.9 10476.8 10478.5 10477.2 10473.2 10466.3 10459.6 10454 10449.5 10445.8 10443 10441.1 10440.4 10441 10443.5 10448.2 10448.5 10431.8 10422.8 10430.8 10434.4 10436.2 10437.4 10438.4 10438.1 10438.4 10438.2 10437.5 10436.2 10434.4 10432 10428.3 10423 10417.8 10411.3 10403.7 10393.3 10384.7 10370.3 10363.8 10367.8 10376.1 10386.1 10396.7 10410 10424 10437.2 10449.3 10449 10441.9 10435.8 10431.1 10427.2 10424.2
10480.4 10478.6 10476.9 10477.3 10477.6 10480 10481.4 10481.3 10479.8 10478.1 10477.4 10477.1 10477 10477.5 10478.8 10480.5 10478.5 10473.5 10466.3 10460.3 10455.2 10450.9 10447.4 10444.7 10442.9 10442.1 10442.6 10444.8 10449 10453.8 10449.3 10450.1 10441.6 10438.1 10436.6 10436.2 10434.8 10436.3 10438.5 10439.5 10439.7 10439.4 10438.9 10438.2 10436.8 10432.3 10424.2 10414.8 10404.4 10392.3 10381.6 10372.8 10369.6 10375.7 10385.6 10397.3 10410.6 10423.3 10433.5 10442.9 10450.8 10450.2 10445.1 10439.9 10435.9 10433.1 10431.6
10481.8 10479.1 10475.7 10473.5 10476.6 10479.1 10480.3 10479.8 10478.2 10476.1 10476.2 10476.7 10476.8 10476.8 10477.4 10478.4 10475.5 10468.1 10463 10458.7 10454.4 10450.7 10447.4 10444.6 10442.6 10441.4 10441.1 10441.9 10442.9 10442 10448.5 10453.3 10445.9 10439.6 10435.6 10433.8 10433.8 10437.5 10440.2 10441.4 10441.9 10442.1 10442.2 10442.3 10441.9 10436.6 10425.7 10415.4 10401.8 10389.4 10379.8 10376.9 10377.5 10384.4 10394.3 10408 10423.9 10436 10439.9 10444 10447.5 10447.3 10445 10442.1 10439.3 10437.2 10436.6
10484.6 10481.5 10478.1 10476.2 10478.3 10480.3 10481.1 10480.7 10478.7 10475.3 10476.5 10476.6 10475.9 10474.5 10473 10471.7 10468.6 10463.4 10459.2 10455.7 10452.3 10449.3 10446.2 10443.4 10441.1 10439.4 10437.9 10436.9 10436.1 10436.1 10441.1 10445.2 10442.5 10437.7 10433.5 10431.6 10439.9 10442 10442.6 10442.9 10443.4 10443.7 10443.7 10443.5 10441.6 10433.1 10419 10408.4 10400.3 10391 10385.6 10385.9 10387 10396.5 10405.8 10418.1 10430.8 10439.6 10442.9 10442.4 10440.8 10443.1 10443.7 10442.5 10441 10439.3 10438.4
10487.7 10485.8 10483.6 10482.5 10482.7 10483.4 10483.7 10483.4 10482.1 10482.1 10479.8 10477.9 10475.4 10471.9 10467.3 10461.5 10455.7 10454.9 10454.1 10452.7 10450.4 10447.6 10444.7 10441.9 10439.2 10436.6 10433.7 10431.6 10429.8 10430 10432.5 10436.7 10436.1 10434.1 10432.2 10431.5 10441.2 10444.1 10444 10443.8 10444.1 10444.4 10444.1 10443 10439.6 10428.7 10412.3 10403.7 10400.9 10398 10397.9 10401.8 10408.1 10413.7 10419.8 10429.3 10438.9 10444 10447.7 10444.7 10440.4 10441.3 10442.1 10441.4 10440.6 10439.3 10438.1
10491.7 10490.6 10489.8 10488.8 10487.8 10487.7 10487.6 10487.5 10486.8 10484.3 10482.6 10480.1 10475.9 10470.4 10463.2 10454.3 10446.7 10448.9 10450.6 10450.3 10448.5 10446 10443.2 10440.3 10437.2 10433.7 10429.9 10426.6 10422.7 10419 10419.2 10424.5 10427.8 10430.1 10432.6 10435.4 10438.5 10444 10443.6 10444 10444.7 10445.3 10444.8 10442.3 10436.9 10427.3 10413.7 10406.3 10406.3 10407.2 10411.4 10418.7 10428 10430.9 10433.6 10441.5 10452.3 10459 10458.9 10451.7 10445.2 10441.6 10440.2 10439.4 10438.5 10438.4 10437.9
10495.5 10494.5 10494.2 10493.3 10492.3 10492.1 10492 10492 10491.9 10490.7 10488.2 10483.7 10478 10471.1 10463 10454 10447.1 10448.3 10449.9 10449.1 10447 10444.3 10441.6 10438.4 10435.1 10431.4 10427.4 10422.7 10417.5 10411.6 10409.6 10414.3 10420.2 10426.5 10432.3 10437.5 10439.9 10439 10440.7 10443.3 10445.7 10446.9 10447.1 10444.8 10437.9 10431.7 10423.7 10416.5 10417.5 10421.5 10425.8 10432.5 10440.1 10443.4 10446 10453.2 10464.9 10478.2 10469.6 10455.2 10445.5 10440.4 10438 10436.9 10436.8 10437.8 10438.8
10498.8 10497.8 10495.3 10495.9 10496.1 10496.3 10496.3 10496.6 10497.1 10496.4 10493.6 10487.8 10481.1 10473.5 10465.4 10457.6 10452.3 10451.3 10450.9 10449.1 10445.5 10442.1 10439.3 10436.2 10432.9 10429.4 10425.6 10421.1 10416 10410.6 10408.4 10411.6 10417.3 10424.4 10430.6 10434.5 10433.7 10431.7 10437.7 10443.3 10446.9 10449.1 10450.7 10451.2 10448.7 10442.9 10435.4 10432.5 10433.1 10433.7 10437.9 10442.3 10447.7 10450.6 10452 10456.8 10466.6 10477.1 10468.5 10451.7 10442 10437.5 10435 10434.1 10434.5 10436.3 10438.6
10502.4 10502 10500.7 10500.2 10499.9 10499.9 10499.9 10500.5 10501.3 10500.3 10497.4 10491.8 10484.4 10476.5 10468.6 10461.5 10456.1 10454.9 10456.7 10448.9 10443.9 10440.2 10436.6 10433.6 10430.6 10427.7 10424.5 10421 10417.5 10414.3 10412.3 10415.3 10419.6 10424.7 10429.9 10434.1 10435 10433 10439.5 10445.2 10448.4 10450.4 10452.9 10456.6 10459.7 10455.5 10450.9 10448.3 10449.1 10450.8 10447.2 10446.6 10449.8 10451.8 10450.5 10452 10457.6 10461.5 10452.8 10440.7 10435.5 10433 10431.7 10431.3 10431.7 10433.1 10436.4
10504.7 10506.2 10506.7 10504.6 10503.3 10502.6 10502.7 10503.1 10504.3 10503.7 10501.1 10495.6 10487.8 10479.6 10471.8 10465.1 10459.5 10455.1 10449 10445 10441.3 10438.1 10435.7 10433.2 10431 10428.6 10426.2 10423.8 10421.8 10421.1 10421.8 10422.5 10424.3 10426.3 10430.1 10436.1 10444.2 10448.6 10448.2 10449.2 10449.6 10449.8 10450.6 10452.7 10456.2 10458.6 10460.9 10455.7 10455.4 10456.6 10447.6 10442 10441.4 10442.9 10444 10448.2 10446 10435.8 10428.4 10430.6 10429.6 10428.7 10428.2 10428.1 10428.3 10429.4 10431.3
10506 10508.6 10508.8 10506.9 10504.8 10503.7 10503.7 10504.3 10505.8 10506.6 10506.3 10498.8 10490 10481.7 10473.9 10467.4 10462.6 10455.7 10443.9 10441.2 10438.8 10436.7 10434.9 10433.3 10432 10430.3 10428.8 10427.6 10426.8 10427.6 10429.7 10429.1 10428.3 10428.3 10429.3 10436.1 10446.6 10456.6 10455.5 10452.3 10449.3 10446.6 10443.9 10440.9 10439.8 10442.1 10442.5 10438.7 10442.7 10444.9 10435.5 10427.8 10422.8 10422.3 10429.9 10439 10438 10430.6 10424.7 10426.7 10425.6 10425.1 10425.1 10425.1 10426 10426.2 10426.2
10504.7 10509 10510.1 10506.2 10503.8 10502.9 10502.7 10503.5 10505.2 10506 10507.1 10498.4 10490.1 10482 10474.2 10467.1 10460.6 10452.9 10446.6 10440.6 10437.1 10435.6 10434.5 10433.7 10433.3 10432.6 10432.2 10431.6 10431.3 10431.7 10432.4 10433 10434.5 10431.6 10429.6 10436.1 10444.2 10449.6 10455.7 10452.8 10447.6 10441.7 10435.5 10428.5 10421.3 10413.2 10404.8 10406.1 10413.8 10417.4 10414.9 10408.6 10401.5 10396.5 10412.4 10426 10433 10434.7 10433.8 10423.3 10422.3 10422.8 10423.3 10423.2 10423.6 10423.7 10423.1
10499.3 10501.8 10502.7 10501.2 10500.2 10499.9 10500 10500.8 10502.1 10501.6 10495.4 10494 10488.4 10480.8 10473.2 10465.6 10457.3 10448.7 10442.5 10436.9 10434.8 10434.6 10434.7 10434.9 10435 10435.1 10435.5 10435.5 10435.8 10435.4 10433.5 10435.1 10438 10437.3 10435.3 10441.1 10447.2 10450.8 10455.9 10452.7 10444.9 10435.4 10426.6 10418.7 10406 10392.9 10383.8 10384.6 10390.5 10394.4 10394.6 10391 10386.1 10384.3 10401.1 10421.4 10431 10432 10430.2 10422.3 10421.1 10421.8 10422.8 10423.5 10424.1 10424.3 10423.7
10491.7 10490.8 10492.1 10493.8 10494.7 10495.4 10496 10496.8 10497.6 10498.2 10501.5 10495.4 10485.8 10478.4 10471.4 10464.2 10456.8 10448.4 10436.5 10430.7 10432.8 10434.3 10435.4 10436.1 10436.7 10437.8 10438.8 10439.9 10441.2 10441.8 10441.7 10443.9 10446.4 10448.5 10449 10451.7 10455 10458.7 10461.3 10453.4 10441 10427 10413.7 10402.9 10388.1 10374.3 10367.8 10369.7 10375.5 10378.7 10379.1 10377.4 10375.4 10377.9 10391.8 10412.8 10422.8 10423.7 10423.3 10420 10420.3 10421.8 10423.4 10424.7 10425.3 10425.8 10426.1
10484.8 10482.7 10484.1 10487 10488.9 10490.4 10491.5 10492.1 10492.3 10491.7 10489 10484.3 10480.2 10474.8 10468.9 10462.9 10456.9 10450.4 10438.2 10431.7 10435.4 10436.3 10437.1 10437.6 10438.8 10440.1 10442.1 10444.2 10446.9 10449.9 10453.9 10457.3 10458.6 10461.3 10464.3 10461.9 10462.5 10465.3 10465.9 10453.2 10436 10417 10397.6 10379.3 10367.1 10356.6 10354.3 10358 10363.7 10366.6 10367.5 10367.4 10367.1 10368.4 10379.5 10394.6 10404.5 10410.9 10416.2 10416.7 10419.8 10423 10425.2 10426.9 10427.8 10428.5 10428.6
10479.8 10477.2 10479.1 10482 10484.4 10485.9 10486.8 10487.2 10487.3 10485 10480.5 10476.9 10474.7 10470.9 10466.2 10461.2 10456.2 10451 10449.2 10451 10441.1 10439.3 10439.3 10440.1 10441.4 10443.2 10445.8 10448.5 10452.1 10456.7 10462.1 10466.1 10465.3 10465.8 10467.2 10466.2 10465.6 10465.1 10464.4 10450.9 10430.3 10407.1 10384.2 10364.3 10352.8 10346.1 10345.8 10349.1 10353.2 10357.2 10359.2 10360.7 10362 10364.8 10371.8 10380.3 10388.2 10397.5 10404.9 10413.4 10419.7 10424 10426.9 10428.8 10430.1 10430.8 10431.8
10477.1 10476 10476.4 10478.4 10480.4 10481.8 10482.7 10482.7 10481.9 10480.5 10477.3 10474.5 10471.5 10467.8 10463.7 10459.4 10455 10450.8 10447.1 10440.1 10441.4 10441.1 10441.2 10442.2 10443.7 10445.7 10448.4 10451.5 10455.4 10460.1 10465 10468.3 10468.5 10468.2 10467.4 10466.6 10465.1 10462.5 10461.5 10447.9 10424.3 10398.1 10373.2 10354 10343.6 10339 10341 10343.8 10347.4 10351.3 10354.4 10357 10359.8 10364.1 10369.5 10374.4 10380.5 10390.1 10398.9 10412.6 10421.1 10425.7 10428.6 10430.3 10432.2 10432.8 10434.4
10475.1 10474.4 10474.5 10475.7 10477.2 10478.3 10479.8 10479.6 10478.7 10477 10474.9 10472.8 10468.9 10465.2 10461.5 10457.7 10453.9 10450.7 10446.7 10442.5 10442.5 10442.1 10442.3 10443.4 10445 10447.1 10449.7 10452.7 10456.4 10460.9 10465.4 10468.7 10468.7 10467.6 10466.5 10465.1 10463.4 10460.2 10458.2 10444.5 10418.1 10389.7 10363.6 10345.7 10338.6 10335.8 10337.6 10341.1 10345.1 10348.7 10352.2 10355.4 10358.8 10363 10368.1 10373.7 10380.7 10390.4 10402.7 10418.6 10425.8 10429.3 10431.7 10432.9 10433.8 10434.7 10436.1
10473.1 10472.5 10472.8 10473.7 10475 10475.9 10477 10476.8 10475.9 10474.3 10471.8 10468.7 10465.8 10462.6 10459.3 10455.7 10452.2 10449 10447.1 10450.1 10444.5 10442.8 10443.2 10444.2 10445.8 10448.1 10450.4 10453.2 10456.3 10459.8 10463.6 10466.7 10465.7 10464.1 10462.7 10462 10461 10459.3 10457.5 10439.6 10410.8 10381.5 10355.4 10340.1 10336.6 10335.6 10336.1 10340.3 10344.5 10348.1 10351.5 10354.9 10358.5 10362.7 10368.1 10375.3 10384.6 10394.2 10407.8 10425.2 10431 10433.6 10434.6 10435.3 10435.7 10435.9 10437.1
10471.7 10471.1 10471.4 10472.7 10473.7 10474.4 10475 10474.5 10473.5 10471.5 10468.9 10465.8 10463.3 10460.5 10457.2 10453.8 10450.5 10447.1 10444.2 10440.9 10440.9 10442.1 10443.5 10445.2 10446.7 10448.4 10450.7 10452.8 10454.9 10457.5 10459.5 10460.6 10459 10457.7 10456.3 10457 10457 10454.3 10445.6 10428.9 10402.3 10373.8 10348.6 10336.4 10335.2 10335.7 10337.4 10341.5 10345.4 10348.9 10352.1 10355.4 10358.9 10363.3 10369.1 10376.2 10385.8 10396.4 10411.9 10430.3 10434 10435.2 10435.7 10436 10436 10435.9 10436.7
10470.2 10469.7 10470.8 10472.1 10473 10473.3 10473.6 10472.7 10471.5 10469.6 10467.3 10464.8 10461.8 10458.9 10455.7 10452.4 10449.1 10446.4 10444 10437.4 10438.9 10442.3 10444.3 10445.9 10447.4 10449 10450.6 10452.1 10453.1 10454.2 10454.4 10452.7 10450.2 10445.3 10448.4 10451.8 10452.7 10450.4 10443 10421.3 10394.6 10367 10343.6 10334.3 10334.9 10338.2 10341 10344.2 10347.5 10350.7 10353.6 10356.7 10359.8 10363.6 10368.4 10375.9 10385.3 10397.1 10412.3 10429.2 10433 10434.6 10435.6 10436 10436 10435.6 10435.5
10470.1 10470 10471.4 10472.4 10473 10473 10472.7 10472 10470.7 10468.9 10466.2 10463.5 10460.6 10457.7 10454.7 10451.3 10447.7 10444.2 10441.4 10442.6 10444.1 10444.4 10445.7 10446.8 10448.2 10449.3 10450.5 10451.1 10451.4 10451.5 10450.7 10448.6 10447.2 10445.6 10446.2 10448.8 10449.6 10447 10438.5 10415.8 10388.6 10361.6 10340.2 10333.5 10335.5 10340.5 10344.3 10348.2 10350.9 10353.7 10356.3 10358.9 10361.6 10364.7 10368.9 10376.6 10386.2 10398.6 10412.4 10423.1 10428.7 10432 10434 10435.2 10436 10436 10435.7
10472.5 10472.6 10473.4 10473.8 10473.9 10473.5 10472.8 10471.8 10470.4 10468.4 10465.9 10462.9 10460.1 10457.5 10454.5 10451.2 10447.2 10442.4 10438.3 10442.2 10445.6 10446.5 10447.6 10448.7 10449.6 10450.4 10451 10451 10450.5 10449.6 10448.3 10446.7 10446.3 10447.1 10445.9 10446.9 10447.4 10444.4 10433.7 10410.9 10384.3 10357.7 10337.7 10333.2 10337 10341.2 10346 10351.1 10354.1 10357 10359.6 10362.1 10364.5 10367.4 10371.8 10379.8 10390.3 10402.3 10413.8 10419.1 10425.4 10430.1 10433 10435 10436.6 10437.4 10437.5
10478.9 10477.6 10476.4 10475.7 10475 10474.4 10473.6 10472.3 10470.7 10468.7 10466.4 10464 10461.5 10458.5 10455.8 10452.3 10448.7 10444.6 10441.1 10443 10445.9 10448.1 10449.6 10450.5 10451.2 10451.3 10451.2 10450.6 10449.7 10448.3 10447 10445.4 10444.9 10444.5 10443.6 10444.9 10445.1 10442.9 10438.3 10413.1 10382.4 10355.4 10336.5 10333 10336.2 10341.7 10347.3 10352.9 10357.2 10361.1 10364.1 10366.8 10369.1 10371.7 10375.8 10384.9 10399 10413.7 10422.6 10425.1 10426.8 10429.3 10432.3 10435.2 10438.1 10440.3 10441.6
10484.6 10482.3 10480.1 10478.6 10476.9 10475.4 10474.2 10472.7 10471.3 10469.5 10467.3 10465 10462.4 10460.2 10457.8 10455.3 10452.3 10449.7 10448.1 10448.2 10449 10450.9 10452 10452.6 10452.9 10452.6 10452 10451 10449.4 10447.7 10445.9 10444.4 10442.8 10442.7 10444 10442.5 10442.2 10439.8 10428.5 10406.5 10382.7 10355 10336.4 10333.8 10337.9 10343.2 10349.4 10355.4 10361.3 10366.3 10370.1 10373.1 10375.2 10377.7 10381.4 10391.3 10410.6 10430 10433.4 10429.7 10427.2 10428.3 10431.3 10435.2 10439.7 10444.5 10449.2
10487.2 10484.6 10482.6 10480.9 10479 10477.3 10475.8 10474.2 10472.5 10470.8 10468.5 10466.5 10464.4 10462.3 10460.9 10458.8 10456.7 10455.1 10454.5 10454.3 10455.3 10454.9 10455.3 10455.1 10454.6 10453.8 10452.7 10451.4 10449.6 10447.7 10445.3 10442.7 10439.6 10437.8 10437.4 10438 10438.5 10438.3 10437.2 10425.5 10388.9 10357 10338.3 10336.1 10340.5 10347.5 10354.4 10360.9 10367.9 10373.3 10377.5 10380.9 10383.8 10386.4 10390.1 10400 10421.7 10439.7 10440.2 10431.3 10425.3 10427.3 10430.3 10434.3 10439.8 10447.2 10455.6
