real_craters/C120-300m.grd
DSAA
248 248
-37.1175 37.1175
-37.1175 37.1175
5530.1380427619 7050.2804166391
[rows 30 to 59 of 248, columns 0 to 66 of 248]
6543.49 6543.83 6539.79 6535 6528.03 6526.11 6530.98 6536.24 6541.03 6539.77 6530.77 6520.31 6504.63 6464.71 6461.13 6485.81 6499.28 6502.5 6496 6481.07 6464.32 6457.12 6459.01 6462.55 6466.02 6470.17 6474 6478.13 6481.65 6485.48 6489.03 6492.46 6495.22 6496.28 6496.89 6496.68 6493.53 6488.92 6485.21 6484.88 6488.11 6490.97 6493.24 6494.45 6492.52 6487.14 6480.94 6474.59 6469.17 6470.25 6473.88 6477.07 6480.07 6483.95 6486.62 6488.12 6488.26 6488.97 6492.97 6497.46 6502.49 6507.86 6514.06 6519.03 6522.98 6524.08 6518.85
6533.15 6532.34 6533.59 6537.74 6546.11 6534.76 6526.92 6525.27 6530.03 6528.15 6519.48 6517.36 6518.77 6515.12 6494.09 6494.26 6499.36 6501.61 6494.29 6477.3 6459.99 6454.46 6457.18 6461.42 6465.73 6470.26 6474.59 6479.15 6483.62 6487.9 6492.64 6497.59 6503.29 6510.26 6515.95 6508.63 6500.33 6492.89 6488.11 6485.6 6485.4 6488.8 6495.07 6501.45 6503.85 6495.48 6486.72 6478.79 6472.34 6474.42 6479.85 6483.99 6486.63 6491.41 6493.85 6494.19 6492.3 6491.31 6496.37 6500.73 6506.22 6512.86 6519.53 6525.96 6531.11 6533.58 6527.99
6518.37 6516.99 6520.58 6524.86 6527.55 6522.29 6513.61 6505.64 6497.05 6490 6498.8 6507.66 6517.79 6526.27 6512.13 6503.88 6502.91 6502.08 6494.83 6478.37 6461.08 6456.67 6458.73 6462.27 6466.36 6471.21 6475.69 6480.24 6484.73 6490.29 6495.52 6501.5 6508.3 6517.69 6523.8 6515.82 6504.61 6495.12 6489.49 6486.61 6485.31 6488.4 6496.21 6503.7 6506.25 6499.38 6491.62 6485.21 6481.15 6483.71 6489.88 6495.02 6498.52 6502.74 6504.31 6502.78 6499.91 6499.29 6499.67 6503.41 6509.16 6516.18 6523.91 6532.05 6539.4 6545.01 6543.17
6505.92 6503.37 6505.11 6506.98 6506.06 6503.34 6496.74 6487.96 6479.39 6479.01 6485.25 6493.94 6500.33 6504.59 6507.3 6505.02 6504.2 6504.34 6499.79 6483.76 6468.23 6463.19 6463.61 6465.79 6469.09 6472.89 6477.57 6481.84 6486.41 6491.12 6495.93 6501.85 6508.85 6517.28 6522.78 6515.85 6504.21 6494.35 6487.81 6487.59 6489.15 6493.02 6496.57 6502 6503.42 6499.07 6494.6 6491.71 6491.59 6495.78 6502.95 6510.37 6514.1 6519.33 6518.33 6512.7 6505.48 6500.25 6500.31 6504.16 6510.14 6517.59 6526 6535.26 6544.54 6553.36 6553.99
6490 6488.7 6489.94 6491.75 6491.95 6487.86 6481.86 6474.03 6466.95 6469.73 6474.74 6482.28 6489.2 6495.08 6499.62 6500.69 6501.33 6502.76 6502.12 6488.28 6476.41 6471.1 6469.83 6470.55 6472.8 6475.92 6479.49 6483.2 6487.13 6490.83 6496.09 6500.5 6505.27 6510.51 6515.21 6508.83 6499.18 6492.13 6488.78 6489.28 6491.78 6494.11 6494.38 6495.25 6496.37 6496.21 6495.73 6496.37 6499.69 6506.33 6515.77 6528.15 6541.57 6543.79 6534.27 6522.32 6509.92 6498.83 6499.06 6503.6 6509.19 6516.1 6524.44 6534.02 6544.27 6554.33 6552.02
6472.84 6475.41 6477.56 6477.26 6476.82 6475.75 6471.2 6464.44 6459.73 6459.37 6465.52 6473.29 6480.73 6486.52 6490.67 6493.21 6494.84 6495.04 6492.67 6488.05 6483.03 6477.91 6475.7 6475.22 6476.49 6478.82 6482.83 6485.88 6488.38 6491.65 6494.55 6497.23 6499 6499.26 6496.41 6492.68 6490.97 6488.86 6488.07 6490.82 6493.22 6494.32 6491.55 6487.49 6489 6493.14 6495.9 6498.8 6503.09 6510.94 6524.26 6540.77 6558.52 6561.46 6546.57 6530.49 6515.28 6502.25 6500.06 6502.59 6506.38 6511.98 6519.28 6528.06 6537.45 6545.67 6538.28
6465.34 6469.22 6471.8 6470.38 6469.89 6470.3 6466.71 6459.69 6451.58 6454.21 6460.05 6466.36 6472.23 6477.33 6481.37 6485.05 6487.45 6487.69 6485.1 6486.54 6486.24 6482.71 6481.08 6480.49 6481.43 6483.1 6485.23 6487.79 6490.11 6492.6 6494.23 6494.98 6493.99 6490.72 6483.62 6480.69 6486.01 6489.32 6491.59 6493.88 6495.34 6495.8 6491.67 6486.92 6488.5 6492.9 6496.78 6500.59 6504.88 6512.24 6527.83 6544.98 6560.62 6564.06 6550.64 6534.32 6519.57 6508.85 6502.83 6500.58 6501.28 6504.72 6510.21 6517.19 6524.77 6530.8 6519.48
6470.16 6472.42 6474.54 6474.27 6473.75 6472.54 6468.67 6462.83 6457.33 6456.82 6458.7 6461.77 6466.31 6470.07 6473.75 6478.1 6481.46 6483.43 6484.46 6484.99 6485.62 6485.29 6485.08 6485.45 6485.53 6486.8 6488.48 6490.68 6492.74 6494.21 6494.79 6494.39 6492.34 6488.62 6483.51 6482.3 6487.22 6493.54 6497.94 6498.69 6498.55 6495.92 6494.58 6494.36 6493.53 6495.62 6499.1 6503.17 6507.97 6515.53 6528.87 6543.48 6556.01 6559.62 6547.61 6532.22 6518.61 6509.07 6501 6495.2 6493.22 6494.66 6498.16 6502.75 6507.31 6509.58 6500.28
6478.41 6480.56 6483.24 6484.76 6483.51 6480.55 6476.33 6470.63 6464.35 6460.54 6459.23 6458.59 6459.75 6464.26 6468.95 6473.89 6477.9 6480.66 6482.3 6484.69 6486.71 6487.86 6488.93 6490.23 6491.28 6491.34 6492.73 6494.28 6495.74 6496.63 6496.37 6495.53 6493.95 6491.08 6488.17 6487.31 6492.34 6497.42 6501.78 6504.42 6504.84 6502.82 6500.84 6498.95 6497.79 6499.13 6502.21 6506.31 6511.53 6518.05 6528.23 6538.47 6546.77 6551.24 6537.67 6523.71 6510.9 6500.27 6491.83 6485.03 6481.74 6482.14 6484.23 6486.74 6488.01 6486.16 6479.98
6486.17 6489.32 6493.8 6497.96 6495.36 6491.11 6487.07 6480.89 6471.51 6467.07 6462.68 6458.62 6456.87 6462.1 6467.87 6473.04 6476.76 6479.85 6482.69 6486.49 6489.03 6491.11 6492.79 6494.47 6495.64 6495.54 6497.3 6498.25 6499.37 6500.51 6500.36 6499.75 6498.44 6497.06 6495.56 6495.18 6500.83 6506.57 6509.68 6511.83 6513.26 6515.54 6510.62 6500.8 6500.24 6502.22 6505.44 6509.39 6514.52 6521.35 6526.47 6531.08 6533.46 6528.31 6522.64 6510.9 6497.97 6486.63 6477.92 6469.81 6467.31 6467.91 6469.86 6471.48 6471.89 6470.51 6469.73
6491.37 6495.6 6501.44 6506.91 6504.32 6500.54 6498 6495.15 6485.53 6476.99 6469.11 6462.95 6460.44 6464.05 6469.55 6474.26 6477.31 6480.37 6483.66 6487.17 6490.94 6494.32 6497.07 6498.5 6499.11 6499.2 6500.91 6501.5 6502.36 6502.72 6504.2 6504.3 6503.96 6503.81 6504.99 6507.74 6511.97 6514.91 6518.15 6519.49 6519.6 6517.71 6510.2 6503.42 6503.48 6505.85 6508.93 6511.94 6515.39 6519.09 6521.6 6523.76 6523.29 6519.98 6510.11 6497.66 6482.85 6466.5 6453.28 6451.01 6452.08 6454.57 6457.2 6459.07 6459.87 6460.71 6463.69
6495.48 6499.91 6504.61 6509.79 6508.71 6507.39 6506.63 6505.18 6498.56 6486.79 6476.23 6468.94 6466.14 6467.78 6471.96 6476.16 6478.77 6481.38 6484.67 6488.13 6493.87 6498.52 6501.85 6504.31 6506.18 6505.04 6506 6506.63 6507.12 6508.01 6508.27 6508.62 6509.9 6511 6514.11 6518.85 6524.65 6529.11 6527.82 6526.71 6524.78 6520.88 6513.54 6507.27 6507.93 6510.28 6513.36 6515.43 6516 6513.5 6515.45 6518.86 6517.18 6509.19 6500.01 6487.51 6470.64 6451.16 6435.27 6435.04 6439.4 6444.25 6448.09 6450.71 6451.99 6453.33 6456.69
6503.51 6505.31 6504.05 6503.99 6510.69 6513.24 6513.31 6510.33 6503.59 6492.44 6481.83 6473.91 6470.7 6471.74 6475.12 6478.96 6481.07 6483.54 6486.6 6492.34 6498.48 6503.8 6507.45 6509.86 6511.86 6512.88 6511.59 6512.14 6512.7 6513.04 6512.82 6513.73 6515.22 6517.35 6521.25 6527.18 6533.95 6541.12 6536.47 6532.47 6529.44 6527.08 6523.23 6514.17 6514.24 6516.58 6519.63 6521.5 6521.17 6517.53 6518.11 6521.08 6518.11 6509.39 6498.12 6483.39 6464.67 6443.56 6425.56 6425.75 6431.92 6438.27 6443.19 6446.65 6448.5 6449.1 6453.01
6518.6 6515.8 6512.61 6512.22 6517.77 6521.33 6521.21 6514.49 6505.69 6496.73 6486.88 6478.56 6475.39 6476.34 6478.52 6480.78 6484.54 6487.93 6490.91 6496.78 6505.31 6510.61 6513.65 6515.79 6517.11 6516.74 6514.73 6516.12 6516.42 6516.81 6517.44 6518.54 6520.36 6522.8 6526.39 6529.9 6534.55 6537.94 6538.72 6535.1 6531.63 6528.93 6525.86 6521.2 6521.17 6523.79 6527.71 6530.44 6532.08 6531.55 6531.79 6530.88 6525.44 6516.14 6503.16 6485.65 6465.44 6444.32 6426.48 6425.3 6431 6437.49 6443.05 6447.37 6449.96 6450.07 6454.53
6534.76 6529.16 6526.53 6527.01 6529.97 6533.2 6533.97 6525.88 6511.99 6504.34 6493.85 6483.81 6481.51 6483.25 6485.37 6487.19 6491.61 6495.92 6500.44 6507.39 6514.66 6518.83 6521.06 6522.21 6521.88 6520.99 6521.06 6520.64 6520.87 6521 6521.61 6522.6 6524.85 6526.78 6529.69 6534.26 6541.16 6543.34 6538.93 6535.38 6531.71 6527.63 6522.93 6524.23 6527.38 6531.29 6536.09 6540.46 6544.95 6548.78 6550.29 6544.43 6535.34 6524.77 6511.07 6491.81 6470.91 6451.36 6436.13 6432.7 6435.99 6441.44 6447.18 6452.5 6456.81 6457.51 6460.62
6544.15 6540.75 6537.4 6539.06 6543.11 6546.6 6549.12 6545.12 6529.83 6518.49 6505.57 6492.29 6491.71 6494.25 6496.54 6498.85 6502.62 6506.77 6512.53 6520.9 6527.21 6528.49 6528.03 6527.55 6527.17 6526.19 6524.47 6524.16 6524.83 6525.4 6525.69 6526.54 6527.45 6528.83 6530.99 6533.12 6534.35 6536.23 6536.45 6534.57 6531.63 6527.67 6523.65 6528.76 6533.82 6538.26 6543.58 6548.77 6554.97 6562.89 6567.54 6554.93 6542.32 6531.63 6519.48 6497.95 6477.38 6460.43 6448.86 6444.41 6444.47 6448.18 6454.06 6460.42 6465.37 6466.44 6469.53
6549.3 6552.19 6553.03 6553.46 6555.28 6558.11 6560.75 6558.18 6548.78 6534.99 6523.42 6513.09 6509.42 6509.16 6510.39 6512.29 6515.4 6519.05 6523.11 6532.44 6538.3 6536.57 6534.61 6533.19 6532.13 6530.97 6529.4 6528 6527.38 6526.98 6526.84 6527.64 6528.08 6529.02 6530.1 6531.16 6531.13 6532.3 6534.53 6534.41 6532.97 6531.24 6532.24 6537.32 6540.61 6544.62 6549.14 6553.46 6558.64 6565.19 6568.41 6555.12 6541.94 6531.02 6519.99 6499.38 6480.9 6467.14 6459.64 6455.24 6452.48 6455.36 6461.91 6469.94 6477.28 6480.2 6480.78
6555.46 6563.15 6569.57 6565.98 6562.92 6563.86 6567.6 6566.99 6557.29 6545.94 6538.52 6534.97 6527.32 6524.72 6525.42 6527.04 6530.36 6533.5 6535.92 6539.52 6542.08 6542.34 6540.48 6539.05 6537.14 6535.86 6534.24 6533.62 6532.55 6531.25 6529.99 6529.48 6529.31 6529.55 6530.23 6531.12 6531.87 6534 6535.46 6535.62 6535.21 6535.58 6538.44 6542.21 6546.64 6549.8 6552.32 6554.67 6556.85 6557.14 6551.56 6544.85 6534.82 6523.05 6510.71 6494.25 6480.41 6469.31 6461.73 6457.26 6456.6 6460.85 6468.29 6478.21 6489.73 6494.8 6491.41
6560.8 6568.89 6573.98 6568.17 6561.55 6559.56 6563.34 6563.81 6555.28 6546.74 6542.04 6539.13 6536.39 6536.24 6539.34 6544.33 6548.59 6549.48 6550.33 6549.01 6547.9 6548.37 6546.2 6544.21 6542.67 6540.75 6539.58 6538.02 6536.82 6535.58 6534.16 6533.48 6532.46 6531.87 6532.23 6532.51 6534.82 6537.99 6538.22 6537.67 6537.32 6537.91 6541.05 6547.54 6552.46 6554.1 6554.35 6554.11 6552.91 6549.28 6541.25 6535.42 6526.6 6513.66 6496.99 6487.32 6479.19 6470.06 6460.9 6455.05 6458.75 6465.18 6472.89 6482.13 6492.65 6497.95 6496.79
6562.46 6566.89 6570.14 6560.13 6550.11 6543.07 6543.14 6550.73 6541.5 6536.17 6537.39 6538.74 6538.26 6542.03 6549.4 6558.53 6564.84 6563.95 6560.1 6559.2 6557.79 6555.17 6551.84 6549.76 6548.23 6546.09 6543.84 6542.17 6540.07 6538.2 6536.13 6534.24 6533.6 6532.52 6532.62 6533.98 6538.56 6542.36 6540.25 6538.47 6538.31 6541.27 6549.38 6559.88 6559.1 6557.16 6554.98 6552.64 6549.54 6545.16 6539.51 6531.88 6521.98 6509.76 6496.01 6487.58 6482.06 6474.71 6465.66 6459.18 6463.98 6470.91 6477.19 6482.74 6489.11 6496.06 6498.53
6556.64 6555.46 6550.59 6545.05 6532.8 6518.5 6504.95 6512.89 6513.61 6514.04 6519.18 6526.3 6532.27 6542.08 6554.62 6567.88 6577.42 6577.84 6574.44 6568.1 6563.97 6560.12 6557.29 6555.2 6553.99 6551.89 6549.87 6547.76 6545.26 6542.89 6540.19 6537.56 6535.34 6534.25 6532.78 6532.61 6538.98 6543.52 6539.64 6536.99 6536.79 6540.81 6552 6566.55 6561.26 6557.27 6553.99 6550.61 6546.57 6541.55 6536.07 6529.13 6521.04 6511.78 6501.79 6495.09 6491.25 6485.69 6477.92 6471.33 6475.1 6480.62 6484.19 6485.31 6487.82 6495.13 6499.79
6545.4 6547.39 6543.22 6532.39 6517.38 6498.01 6478.5 6474.69 6482.64 6487.19 6490.79 6503 6520.37 6537.57 6555.37 6572.88 6586.63 6586.75 6581.75 6572.95 6566.14 6562.39 6561.31 6560.24 6559.12 6557.06 6555.44 6553.09 6550 6546.96 6543.83 6540.77 6537.39 6534.81 6531.41 6528.7 6531.39 6537.4 6534.63 6532.48 6532.03 6534.35 6543.36 6551.9 6554.69 6553.62 6551.3 6548.02 6543.65 6538.25 6531.46 6526.15 6522.96 6518.65 6512.28 6507.63 6506.88 6503.03 6497.11 6491.69 6492.84 6494.79 6495.34 6494.04 6491.37 6495.65 6501.24
6536.54 6538.89 6535.47 6524.65 6508.91 6488.73 6465.79 6459.72 6463.92 6467.62 6471.62 6487.45 6509.57 6531.7 6552.7 6572 6587.43 6587.01 6581.15 6573.7 6565.93 6564.28 6566.15 6566.21 6565.25 6563.51 6560.81 6558.51 6554.94 6551.26 6547.25 6544.7 6540.22 6535.53 6531.13 6525.94 6524.99 6526.87 6526.15 6525.93 6526.33 6526.9 6534.49 6541.63 6547.05 6549.28 6548.76 6546.29 6542.11 6536.47 6529.5 6525.75 6528.23 6530.63 6531 6529.64 6529.64 6524.17 6519.47 6517.52 6514.51 6511.01 6508.84 6507.49 6501.05 6500.8 6505.31
6527.63 6530.59 6528.71 6520.54 6508.63 6492.67 6467.23 6458.41 6458.33 6459.27 6463.97 6480.72 6503.6 6526.85 6548.76 6567.01 6579.85 6580.66 6578.41 6576.2 6572.39 6572.18 6574.39 6574.99 6572.08 6569.27 6566.77 6562.84 6559.61 6554.96 6550.86 6548.25 6543.13 6537.44 6531.28 6525.24 6520.61 6516.38 6516.76 6519.44 6523.2 6527.03 6532.43 6538.19 6543.07 6546.66 6547.43 6545.85 6542.31 6537.39 6531.68 6529.47 6536.12 6544.61 6555.67 6566.35 6553.21 6542.81 6537.2 6536.57 6531.53 6523.72 6519.96 6517.46 6508.97 6509 6512.2
6504.08 6517.17 6521.6 6519.15 6513.62 6506.96 6486.41 6469.83 6464.45 6460.48 6462.67 6480.33 6503.37 6525.88 6546.42 6562.84 6574.43 6578.64 6580.62 6582.51 6583.18 6584.14 6585.54 6585.05 6581.34 6578.01 6573.19 6569.32 6564.44 6560.69 6555.9 6550.87 6546.07 6539.7 6531.62 6523.53 6514.98 6505.77 6508.41 6514 6521.8 6530.8 6533.96 6537 6541.81 6546.7 6548.33 6547.14 6544.29 6540.71 6537.59 6537.63 6544.55 6554.41 6565.85 6574.7 6563.82 6552.78 6544.87 6541.11 6535 6528.06 6526.38 6526.32 6520.49 6519.42 6520.76
6485.32 6503.04 6515.08 6519.83 6519.95 6516.92 6502.03 6491.38 6480.68 6470.75 6468.07 6486.72 6507.77 6528.19 6546.31 6562.7 6577.46 6585.28 6587.27 6590.69 6595.06 6598.62 6598.73 6596.03 6590.91 6586.01 6580.28 6575.05 6568.84 6564.12 6559 6554.06 6548.73 6542.58 6534.13 6520.43 6510.57 6501.68 6502.54 6509.19 6518.36 6528.17 6535.24 6541.38 6546.95 6550.62 6551.39 6549.91 6547.36 6544.88 6543.78 6545.5 6551.39 6559.19 6566.55 6567.47 6563.94 6555.25 6543.99 6532.75 6524.49 6524.1 6527.64 6534.09 6535.41 6530.39 6529.17
6484.92 6501.08 6514.62 6522.96 6526.7 6527.03 6525.02 6515.61 6503.94 6493.62 6489.5 6503.26 6517.8 6533.17 6547.83 6561.91 6577.19 6587.9 6589.8 6596.12 6606.51 6615.02 6611.64 6605.51 6598.62 6591.45 6584.07 6577.95 6571.67 6565.97 6560.7 6556.37 6551.7 6547.49 6542.17 6533.16 6516.22 6500.84 6499.58 6505.77 6514.08 6524.11 6536.26 6547.68 6555.8 6556.83 6555.81 6553.41 6550.6 6548.26 6547.7 6550.38 6554.57 6561.34 6568.24 6569.86 6567.83 6555.94 6540.92 6524.83 6514.03 6517.7 6524.07 6532.98 6539.95 6536.62 6535.68
6489.95 6506.86 6520.39 6529.6 6534.68 6536.56 6538.24 6533.64 6528.45 6526.84 6525.78 6526.48 6532.33 6540.91 6549.79 6558.57 6567.19 6571.14 6582.56 6595.66 6610.87 6622 6619.3 6611.62 6602.71 6593.31 6586.01 6578.79 6572.18 6565.98 6560.6 6556.71 6552.71 6550.03 6549.58 6550.24 6526.41 6506.59 6501.12 6504.91 6512.12 6523.11 6537.24 6551.81 6562.57 6562.34 6559.64 6556.15 6552.87 6550.28 6548.54 6548.11 6553.11 6560.94 6569.68 6580.4 6572.56 6555.45 6539.18 6523.52 6512.95 6514.36 6519.2 6525.3 6534.18 6537.75 6539.76
6496.68 6515.05 6530.14 6538.92 6544.27 6546.27 6547.66 6547.89 6548.22 6551.09 6551.13 6546.16 6545.92 6548.7 6552.86 6555.89 6556.34 6556.04 6573.24 6591.61 6609.43 6621.82 6621.8 6613.29 6602.83 6593.17 6584.29 6576.87 6570.12 6564.17 6559.51 6554.99 6551.44 6548.77 6546.82 6543.38 6527.59 6512.31 6505.44 6506.03 6510.53 6521.63 6537.46 6553.01 6564.87 6564.74 6561 6557.63 6554.44 6551.5 6548.7 6546.25 6550.27 6558.39 6564.98 6566.91 6561.83 6551.61 6538.47 6525.62 6516.47 6514.46 6516.87 6524.66 6533.49 6538.9 6542.86
6511.81 6534.63 6542.85 6549.33 6554.25 6558.28 6558.7 6560 6561.86 6563.39 6562.61 6559.09 6556.69 6556.23 6557.08 6557.63 6555.57 6554.16 6568.28 6585.89 6605.07 6621.8 6620.95 6609.26 6597.94 6588.32 6579.59 6572.48 6565.95 6561.56 6556.31 6551.9 6547.7 6542.89 6537.15 6528.67 6522.22 6513.27 6508.12 6508.39 6512.37 6522.87 6537.27 6551.43 6564.05 6563.37 6560.12 6557.4 6554.88 6552.81 6550.55 6547.18 6550.16 6557.03 6560.57 6560.16 6555.92 6548.81 6539.13 6528.69 6519.91 6516.76 6517.62 6525 6534.76 6541.01 6545.45
