real_craters/C120-500m.grd
DSAA
149 149
-37.1175 37.1175
-37.1175 37.1175
5529.6414009108 7041.1810451078
[rows 0 to 29 of 149, columns 0 to 66 of 149]
6522.71 6516.63 6506.92 6508.14 6513.67 6511.79 6506.96 6510.13 6505.71 6509.98 6509.1 6509.63 6500.31 6488.76 6481.4 6480.43 6488.01 6499.3 6507.76 6500.26 6491.6 6483 6475.24 6467.43 6461.53 6458.99 6455.99 6458.47 6444.49 6439.5 6450.37 6457.59 6463.32 6469.66 6473.45 6476.08 6479.28 6480.98 6482.71 6482.31 6477.81 6464.76 6450.38 6461.55 6483.64 6490.48 6491.46 6492.78 6494.7 6496.94 6499.45 6501.04 6501.34 6502.86 6510.32 6544.94 6556.86 6563.41 6564.17 6558.16 6549.61 6541.95 6537.22 6535.96 6539.94 6550.8 6563.75
6523.55 6528.77 6530.6 6526.45 6527.45 6517.91 6501.72 6504.79 6500.61 6499.44 6501.91 6498.1 6490.52 6479.79 6469.5 6474.16 6485.6 6498.08 6507.12 6501.65 6494.56 6485.01 6473.15 6465.6 6454.22 6443.41 6434.76 6427.24 6448.12 6448.47 6443.84 6449.42 6456.16 6459.65 6463.07 6466.1 6469.07 6470.71 6470.79 6469.38 6465.09 6458.49 6453.02 6452.75 6470.83 6474.95 6476.69 6480.71 6486.49 6491.27 6496.67 6501.95 6507.41 6513.29 6518.89 6534.45 6543.49 6546.55 6555.5 6565.17 6555.14 6542.51 6537.04 6536.48 6541.21 6554.71 6567.81
6523.92 6537.18 6550.74 6540 6534.85 6519.26 6497.38 6497.83 6498.87 6499.82 6497.39 6494.37 6487.54 6477.71 6466.06 6472.24 6484.07 6493.98 6497.46 6499.24 6496.21 6490.56 6482.33 6469.92 6450.14 6425.41 6417.17 6412.17 6421.63 6426.39 6431.19 6438.63 6444.97 6448.66 6451.15 6452.89 6455.32 6455.84 6456.17 6453.29 6452.58 6450.91 6448.57 6447.32 6445.34 6449.02 6459.86 6469.22 6477.69 6485.43 6494.23 6503.31 6514.06 6527.71 6544.23 6543.84 6535.27 6532.5 6539.03 6548.56 6537.9 6533.12 6534.67 6539.27 6548.4 6563.11 6576.83
6522.23 6524.58 6538.1 6528.38 6515.06 6503.92 6496.15 6499.56 6507.7 6508.09 6502.26 6496.68 6490.13 6483.81 6481.4 6480.17 6485.82 6493.07 6499.06 6499.57 6496.28 6494.23 6493.07 6476.94 6456.71 6434.47 6416.15 6406.05 6401.34 6407.76 6417.36 6425.17 6434.27 6433.24 6435.57 6438.71 6442.01 6444.1 6444.77 6445.09 6445.08 6445.37 6449.11 6443.13 6435.61 6437.19 6447.02 6457.45 6469.23 6479.95 6491.39 6502.64 6516.38 6533.25 6552.32 6543.62 6525.48 6519.96 6518.22 6525.86 6522.62 6524.25 6531.22 6541.08 6556.04 6571.58 6586.88
6520.95 6505.84 6495.76 6496.07 6476.08 6475.92 6484.96 6499.62 6506.9 6508.8 6507.51 6502.01 6495.82 6489.01 6485.09 6483.95 6486.14 6490.58 6496.42 6494.43 6489.44 6487.39 6487.54 6470.51 6448.28 6430.49 6413.87 6401.39 6398.66 6404.2 6409.22 6411.45 6409.02 6415.71 6424 6429.64 6433.15 6435.69 6437.09 6438.57 6437.61 6436.51 6439.02 6439.27 6433.55 6432.53 6439.46 6451.05 6463.86 6475.22 6487.4 6500.05 6513.03 6524.83 6529.74 6522.77 6514.72 6509.64 6505.27 6510.53 6514.94 6519.82 6527.24 6537.36 6552.27 6570.46 6590.14
6529.01 6517.35 6498.1 6484.77 6463.67 6461.26 6468.97 6485.59 6498.68 6502.85 6509.05 6508.59 6503.53 6495.29 6485.93 6485.6 6484.26 6482.86 6481.57 6478.35 6474.33 6470.55 6461 6445.37 6427.61 6412.02 6409.7 6403.78 6399.99 6402.65 6406.54 6407.66 6404.92 6410.17 6419.92 6426.1 6429.9 6432.44 6433.91 6434.22 6433.61 6430.61 6432.77 6436.67 6429.05 6423.91 6434.7 6447.52 6460.7 6473.32 6485.91 6498.09 6508.99 6516.77 6518.74 6515.38 6510.55 6507.66 6503.29 6505.18 6510.8 6517.85 6522.27 6528.78 6536.09 6553.27 6570.47
6537.95 6539.31 6537.29 6491.98 6462.13 6456.88 6462.6 6470.92 6497.92 6529.09 6523.92 6517.34 6512.25 6506.89 6500.76 6489.98 6481.19 6472.72 6463.93 6457.92 6457.6 6456.66 6447.93 6436.53 6423.51 6414.86 6417.17 6417.64 6412.66 6413.81 6415.53 6415.42 6414.72 6418.09 6422.72 6426.74 6430.39 6433.13 6435.9 6436.49 6435.84 6435.57 6438 6439.12 6430.89 6428.21 6434.67 6445.72 6458.12 6470.69 6482.38 6493.7 6503.22 6511.33 6515.95 6516.53 6507.64 6508.77 6498.31 6500.31 6505.34 6510.97 6516.87 6521.36 6525.56 6534.44 6543.83
6536.68 6529.07 6515.31 6489.31 6462.64 6458.11 6460.95 6470.36 6499.38 6525.42 6525.21 6521.05 6516.65 6515.04 6507.82 6492.33 6478.42 6464.58 6448.82 6437.72 6446.54 6453.41 6455.86 6451.9 6439.24 6432.97 6433.44 6436.28 6432.57 6430.18 6428.65 6426.5 6428.95 6429.64 6426.14 6428.02 6431.47 6435.61 6438.35 6440.44 6440.15 6438.88 6441.26 6438.64 6432.3 6430.85 6436.24 6446.22 6457.14 6468.36 6479.21 6488.67 6497.14 6503.23 6508.13 6509 6502.76 6505.97 6496.97 6495.53 6501.17 6509.56 6514.02 6517.61 6520.6 6524.69 6530.46
6531.24 6519.25 6508.32 6490.3 6470.49 6464.56 6464.01 6476.66 6501.62 6517.08 6519.19 6519.11 6514.86 6507.9 6500.6 6488.65 6475.59 6460.98 6446.85 6435.75 6446.57 6457.08 6467.04 6472.24 6453.02 6448.09 6449.97 6453.21 6448.94 6442.13 6442.23 6430.56 6424.76 6421.57 6425.55 6429.4 6433.77 6439.32 6443.71 6447.32 6448.55 6445.58 6441.91 6433.74 6433.8 6432.74 6440.8 6449.46 6457.47 6465.5 6472.87 6480.37 6487.88 6494 6500.08 6500.85 6503.31 6504.58 6495.63 6489.89 6495.75 6506.92 6511.03 6516.75 6521.86 6521.07 6522.98
6524.3 6520.07 6507.86 6498.24 6489.14 6474.96 6472.29 6493.04 6512.82 6517.69 6517.45 6516.19 6510.96 6503 6494.39 6484.54 6473.92 6462.86 6454.02 6452.28 6454.29 6463.79 6473.87 6478.67 6473.48 6466.32 6462.76 6457.97 6443.91 6435.43 6429.39 6425.99 6421.86 6421.11 6425.33 6430.84 6437.18 6444.21 6450.62 6456.24 6460.95 6460.87 6446.17 6435.92 6440.87 6447.44 6452 6454.05 6458.91 6464.65 6470.25 6476.02 6481.77 6487.57 6494.26 6505.95 6501.53 6505.04 6500.13 6483.63 6486.97 6492.77 6503.66 6516.61 6526.91 6525.27 6526.01
6506.77 6508.23 6495.2 6486.95 6482.53 6482.05 6488.44 6525.48 6529.62 6529.41 6523.02 6517.1 6507.85 6497.34 6489.6 6481.58 6472.99 6465.45 6459.55 6455.23 6460.37 6470.31 6480.64 6490.03 6493.29 6481.72 6471.69 6458.01 6432.24 6424.92 6422.18 6419.89 6419.35 6422.71 6425.9 6431.12 6439.97 6448.08 6456.77 6464.83 6470.28 6467.85 6457.15 6452.05 6449.33 6452.83 6455.6 6456.58 6459.9 6464.27 6468.56 6473.04 6476.84 6480.51 6483.47 6484.89 6496.84 6507.48 6501.92 6482.13 6481.94 6484.67 6498.47 6518.3 6540.78 6559.31 6545.64
6478.19 6464.49 6471.97 6486.52 6486.13 6484.87 6501.78 6535.09 6531.99 6531.65 6532.05 6519.97 6505.64 6493.41 6485.28 6479.06 6474.19 6469.77 6465.91 6462.83 6468.54 6477.57 6484.95 6489.54 6487.78 6484.91 6477.78 6461.75 6431.91 6418.22 6414.66 6410.97 6412.65 6419.99 6422.3 6430.75 6441.47 6452.28 6463.15 6472.61 6477.25 6476.42 6465.26 6455.41 6451.13 6450.79 6452.56 6457.37 6460.98 6463.66 6467.08 6470.14 6471.5 6472.93 6472.94 6472.74 6482.34 6494.02 6492.89 6485.2 6480.97 6482.94 6494.48 6514.32 6539.42 6561.43 6547.06
6458.5 6448.27 6456.02 6466.63 6475.63 6481.89 6499.01 6528.08 6530.69 6536.13 6538.85 6522.2 6503.94 6488.69 6481.47 6477.53 6475.32 6474.66 6475.97 6479.26 6483.65 6485.69 6488.28 6489.77 6486.14 6485.78 6482.05 6474.06 6436.54 6412.4 6402.07 6401.63 6403.44 6404.62 6415.89 6430.65 6443.79 6458.47 6470 6479.22 6486.19 6485.27 6470.66 6453.06 6452.56 6455.82 6459.08 6461.06 6461.78 6462.24 6463.51 6464.1 6466.31 6467.86 6467.38 6466.66 6468.64 6474.3 6478.79 6478.8 6479.04 6479.5 6486.88 6502.17 6515.8 6530.18 6522
6449.21 6457.02 6451.45 6452.03 6469.06 6485.36 6506.8 6530.47 6534.94 6539.73 6538.37 6522.19 6500.67 6484.17 6478.8 6477.12 6477.11 6479.26 6483.61 6491.93 6496.07 6492.82 6492.88 6493.36 6490.84 6486.57 6480.9 6464.25 6428.45 6407.87 6400.37 6400.16 6404.6 6405.86 6419.79 6436.81 6450.32 6461.91 6474.03 6483.33 6492.74 6495.35 6478.2 6464.43 6462.84 6466.53 6468.93 6466.75 6465 6464.04 6463.51 6463.1 6463.57 6461.95 6463.95 6464.42 6464.35 6467.58 6471.67 6477.38 6478.41 6479.93 6484.55 6490.83 6493.78 6491.14 6498.2
6443.24 6442.7 6456.6 6465.04 6483.2 6500.56 6522.88 6528.11 6530.14 6538.41 6538.68 6522.49 6499.97 6482.07 6477.73 6476.87 6478.12 6480.89 6485.97 6490.72 6492.13 6495.55 6495.73 6494.71 6492.24 6488.79 6480.49 6463.75 6431.15 6415.06 6409.09 6409.94 6419.46 6429.13 6438.76 6448.85 6459.84 6469.88 6479.4 6484.07 6484.57 6486.16 6483.44 6480.29 6479.17 6477.25 6475.76 6470.64 6466.73 6463.8 6462.55 6461.58 6461.72 6461.73 6462.27 6464.78 6465.74 6464.2 6466.02 6473.06 6476.47 6481.73 6486.28 6479.36 6479.69 6486.53 6484.03
6449.43 6455.84 6479.83 6499.71 6507.56 6519.92 6526.05 6526.99 6527.4 6538.06 6539.92 6524.42 6503.21 6486.7 6478.79 6477.13 6479.23 6483.02 6488.5 6495.76 6503.06 6498.06 6497.2 6500.05 6498.86 6492.17 6482.8 6467.92 6450.07 6438.13 6434.41 6436.86 6443.48 6448.73 6454.91 6462.58 6470.93 6479.28 6486.48 6489.66 6486.02 6483.56 6487.8 6493.11 6493.16 6482.35 6476.89 6469.12 6464.23 6461.85 6460.36 6460.38 6459.56 6459.87 6459.84 6460.94 6458.9 6450.98 6456.99 6463.16 6471.49 6473.31 6468.02 6460.69 6454.35 6459.28 6465.05
6491.23 6496.62 6512.17 6523.32 6528.39 6533.72 6538.53 6538.87 6549.94 6537.76 6535.93 6519.07 6498.15 6482.98 6475.89 6474.93 6477.83 6482.54 6487.66 6492.97 6496.19 6492.1 6492.64 6497.77 6499.89 6493.56 6485.34 6475.48 6463.36 6457.77 6461.93 6472.37 6465.67 6466.2 6470.15 6476.39 6483.29 6490.4 6496.78 6501.63 6504.55 6493.65 6490.37 6489.57 6483.99 6476.3 6467.6 6462.37 6459.74 6458.06 6456.8 6456.78 6456.57 6456.85 6456.05 6453.1 6444.21 6440.73 6454.76 6472.74 6477.37 6466.81 6451.39 6445 6438.28 6444.63 6450.1
6542.87 6540.17 6531.05 6536.67 6536.71 6539.44 6538.65 6522.86 6510.38 6510.72 6520.01 6506.3 6479.35 6469.53 6468.99 6472.28 6476.69 6482.19 6486.21 6486.67 6479.01 6485.41 6486.7 6482.05 6494.29 6492.43 6484.03 6476.29 6470.94 6467.54 6469.3 6472.04 6476.38 6480.37 6485.2 6487.68 6494.2 6501.64 6509.44 6512.64 6508.9 6498.79 6490.22 6481.65 6472.6 6466.47 6459.49 6455.25 6454.27 6453.52 6453.57 6453.97 6453.32 6454.13 6453 6449.86 6441.09 6439.83 6457.76 6477.91 6480.5 6468.25 6451.62 6442.48 6434.66 6431.77 6433.37
6543.4 6541.03 6533.56 6526.78 6533.61 6541.98 6530.43 6510.97 6444.58 6486.23 6502.59 6491.35 6463.66 6458 6463.85 6470.27 6476.9 6483.18 6489.28 6494.47 6496.98 6497.05 6490.59 6484.5 6488.2 6492.69 6494.66 6487.14 6476.42 6468.69 6474.3 6479.43 6485.19 6488.38 6488.42 6494.88 6503.27 6512.68 6520.94 6524.02 6511.85 6501.43 6489.87 6477.81 6465.61 6459.8 6455.01 6452.31 6449.07 6448.41 6449.48 6450.83 6451.37 6452.03 6451.54 6449.77 6441.22 6443.46 6462.08 6471.02 6475.81 6477.08 6467.63 6454.23 6435.72 6421.85 6419.38
6521.83 6523.47 6532.3 6527.4 6513.78 6503.4 6504.35 6517.15 6522.78 6501.81 6502.12 6489.07 6459.38 6456.9 6463.18 6470.46 6478.59 6486.25 6494.82 6505.09 6519.64 6514.08 6496.92 6488.25 6484.85 6493.77 6506.35 6498.26 6485.03 6477.96 6486.93 6493.92 6500 6499.88 6497.7 6500.21 6509.13 6520.97 6533.56 6542.31 6527.71 6508.09 6490.66 6475.72 6468.33 6452.76 6447.33 6445 6441.01 6443.25 6444.99 6447.22 6448.38 6448.56 6449.39 6450.93 6439.97 6440.78 6461.51 6473 6486.4 6493.52 6500.2 6481.28 6440.88 6423.17 6418.64
6500.05 6498.54 6501.23 6497.02 6485.23 6474.69 6481.33 6493.86 6502.6 6503.74 6504.18 6497.04 6471.17 6465.51 6468.11 6473.78 6481.13 6488.1 6496.26 6505.6 6517.89 6513.61 6495.85 6487.56 6490.78 6495.37 6502.51 6498 6493.93 6496.83 6508.68 6522.81 6527.53 6515.85 6501.04 6501.34 6510.56 6523.73 6539.49 6556.22 6540.26 6511.12 6488.82 6469.68 6448.88 6439.81 6430.71 6420.89 6432.95 6440.35 6443.6 6445.25 6445.41 6445.66 6445.58 6442.86 6438.65 6439.55 6458.27 6473.19 6483.19 6507.03 6529.13 6513.91 6457.41 6435.35 6425.55
6472.03 6476.59 6475.93 6475.23 6466.36 6459.11 6465.25 6477.94 6487.63 6492.86 6494.88 6490.55 6483.17 6476.57 6475.75 6479.04 6485.04 6489.55 6494.59 6498.35 6498.5 6491.86 6489.36 6489.16 6493.41 6492.54 6486.54 6493.26 6498.01 6505.62 6525.58 6554.35 6556.12 6529.63 6505.52 6501.14 6506.59 6517 6531.61 6545.39 6524.02 6501.86 6483.55 6467.32 6452.41 6443.54 6436.27 6430.09 6439.1 6443.3 6444.94 6444.79 6444.49 6443 6442.8 6445.84 6448.47 6457.14 6475.83 6483.3 6493.21 6512.93 6532.88 6524.27 6482.49 6454.71 6438.65
6467.75 6472.46 6471.8 6471.13 6463.7 6455.38 6458.99 6466.45 6473.3 6479.89 6484.13 6485.97 6485.96 6484.14 6484.61 6485.81 6488.87 6492.73 6494.6 6493.23 6486.94 6481.13 6490.75 6496.88 6497.41 6493.99 6491.11 6494.91 6501.23 6509.01 6529.79 6554.71 6557.27 6532.33 6511.99 6499.86 6496.05 6500.84 6509.64 6516.43 6497.44 6486.82 6476.89 6467.86 6461.25 6456.63 6454.76 6461.62 6455.06 6451.63 6448.67 6445.61 6442.76 6440.85 6440.27 6443.31 6454.7 6469.48 6488.16 6494.14 6495.2 6512.29 6529.51 6529.09 6504.27 6471.83 6445.89
6481.46 6486.21 6489.63 6484.58 6476.12 6464.99 6460.17 6457.27 6464.8 6473.29 6479.33 6483.12 6487.78 6489.73 6491.87 6493.13 6495.42 6497.49 6498.04 6496.09 6492.31 6490.15 6498.86 6505.58 6508.13 6505.56 6498.9 6500.45 6506.32 6515.04 6528.3 6540.53 6538.37 6518.07 6498.26 6483.98 6476.51 6478.35 6481.35 6478.3 6474.25 6473.63 6470.98 6468.1 6466.41 6465.95 6466.94 6467.54 6466.15 6460.38 6453.31 6447.16 6442.36 6438.65 6438.29 6443.32 6449.43 6470.82 6501.3 6507.55 6501.38 6510.18 6528.5 6542.17 6524.6 6485.66 6453.22
6491.57 6499.59 6506.96 6500.96 6496.66 6483.37 6469.41 6460.85 6466.03 6474.39 6479.49 6484.98 6491.18 6496.49 6499.34 6499.8 6501.51 6502.75 6504.44 6504.36 6504.76 6508.64 6514.73 6519.28 6519.85 6511.99 6503.15 6506.25 6511.24 6516.81 6521.4 6523.45 6516.03 6495.96 6469.8 6450.52 6451.48 6455.99 6458.95 6460.42 6462.91 6465.31 6467.35 6468.39 6468.42 6468.97 6476.05 6483.68 6478.78 6466.63 6456.51 6447.64 6440.56 6435.46 6432.85 6439.15 6453.44 6480.83 6524.77 6520.34 6502.88 6507.42 6525.91 6537.87 6527.54 6495.27 6462.74
6500.62 6504.05 6507.68 6511.57 6510.19 6499.15 6480.28 6469.93 6471.71 6478.71 6482.05 6487.61 6497.19 6504.89 6509.12 6511.51 6510.69 6511.54 6511.38 6513.12 6516.7 6525.67 6537.9 6533.18 6528.14 6522.47 6511.68 6514.92 6519.12 6518.09 6516.48 6518.37 6504.07 6482.65 6450.26 6425.57 6433.89 6443.02 6448.18 6450.19 6455.92 6462.2 6467.23 6471.26 6474.21 6478.14 6482.15 6487.47 6481.96 6468.91 6457.57 6448.28 6440.72 6435.08 6431.03 6439.65 6464.76 6498.36 6520.97 6522.53 6515.85 6517.79 6526.82 6529.18 6524.77 6503.89 6478.15
6525.45 6518.89 6519.44 6525.64 6521.41 6504.47 6489.1 6477.93 6479.4 6482.59 6489.47 6495.15 6508.86 6515.81 6518.69 6518.35 6517.34 6517.21 6519.57 6521.6 6525.76 6531.65 6538.65 6537.81 6531.67 6526.16 6522.81 6527 6533.62 6538.08 6538.67 6531.29 6514.56 6486.34 6451.71 6426.93 6432.89 6442.86 6450.35 6452.35 6461.04 6466.27 6472.09 6476.47 6479.97 6483.27 6483.21 6480.5 6474 6467.4 6457.3 6447.95 6440.69 6437.74 6442.3 6451.3 6467.86 6499.6 6516.99 6523.31 6529.61 6532.9 6532.85 6534.16 6535.44 6515.3 6490.78
6544.5 6539.3 6541.26 6547.4 6549.43 6527.29 6506.3 6491.78 6495.96 6499.73 6506 6516.03 6528.14 6528.59 6527.87 6526.52 6524.54 6525.61 6525.96 6527.33 6529.91 6533.05 6534.72 6535.79 6531.48 6524.35 6531.3 6538.9 6547.68 6558.44 6567.8 6545.71 6527.79 6496.6 6464.81 6446.98 6445.18 6452.87 6463.34 6467.19 6473.02 6476.47 6480.94 6484.41 6486.19 6485.22 6484.03 6481.22 6475.65 6467.05 6458.07 6449.22 6440.38 6435.9 6442.78 6453.03 6476.55 6497.39 6513.04 6522.08 6536.98 6546.94 6539.67 6535.7 6547.2 6526.2 6502.48
6553.56 6564.22 6562.33 6563.09 6567.37 6551.51 6535.54 6525.47 6520.85 6522.49 6528.29 6533.2 6541.55 6539.42 6536.69 6534.13 6531.84 6530.85 6529.28 6528.9 6529.57 6530.99 6532.33 6535.23 6534.54 6535.87 6542.88 6548.9 6553.62 6558.79 6556.62 6540.13 6521.06 6494.97 6471.74 6460.51 6455.94 6464.7 6480.71 6491.33 6488.64 6487.92 6490.63 6493.26 6494.84 6493.74 6490.34 6483.59 6474.75 6468.24 6461.78 6453.66 6442.98 6430.37 6419.47 6435.42 6460.2 6494.11 6513.1 6522.42 6536.36 6545.02 6545.01 6553.14 6559.86 6530.42 6500.36
6562 6572.84 6563.01 6554.48 6559.5 6548.33 6541.05 6538.25 6540.67 6550.78 6555.94 6554.81 6552.59 6549.23 6545.94 6543.27 6539.59 6537.69 6534.82 6532.39 6532.37 6533.67 6539.19 6538.59 6537.81 6540.74 6553.9 6555.52 6554.09 6550.22 6539.17 6527.12 6505.11 6485.96 6473.52 6458.3 6460.79 6472.63 6486.23 6496.91 6498.44 6497.84 6500.22 6503.3 6506.32 6507.49 6503.02 6490.32 6477.95 6473.45 6470.06 6464.51 6455.3 6440.85 6423.94 6439.1 6463.86 6506.89 6535.06 6534.64 6536.02 6537.8 6544.6 6551.18 6547.68 6528.46 6500
