real_craters/C120-500m.grd
DSAA
149 149
-37.1175 37.1175
-37.1175 37.1175
5529.6414009108 7041.1810451078
[rows 90 to 119 of 149, columns 0 to 66 of 149]
6773.64 6781.1 6788.81 6797.34 6803.97 6808.94 6814.27 6820.43 6828.93 6828.58 6829.24 6830.16 6830.59 6828.6 6828.85 6833.85 6841.94 6856.91 6866.34 6853.58 6843.45 6842.55 6844.57 6848.01 6851.24 6857.15 6863.17 6870.67 6882.4 6897.31 6914 6922.65 6909.42 6902.03 6886.59 6855.6 6833.43 6817.61 6804.43 6797.16 6792.23 6783.37 6771.06 6773.81 6789.99 6808.01 6816.88 6809.53 6802.37 6796.42 6791.83 6787.2 6784.48 6780.95 6810.56 6837.52 6869.55 6879.37 6883.01 6891.06 6902.56 6918.38 6929.56 6814.16 6672.88 6544.88 6446.62
6778.47 6786.29 6792.98 6800.15 6808.37 6816.88 6826.48 6837.68 6840.12 6837.53 6836.43 6835.95 6832.44 6831.62 6829.8 6836.95 6846.54 6859.89 6868.04 6861.61 6853.5 6849.45 6850.31 6853.81 6858.79 6865.4 6872.05 6881.15 6892.84 6906.87 6925.75 6931.53 6907.87 6887.48 6863.8 6843.4 6821.88 6798.67 6795.11 6794.92 6795.78 6788.47 6767.15 6769.66 6791.21 6809.25 6816.26 6813.85 6811.58 6804.99 6795.43 6790.24 6789.5 6797.75 6812.15 6829.07 6839.59 6853.75 6877.42 6906.91 6940.49 6972.02 6969.77 6910.81 6816.72 6722.71 6632.49
6785.29 6793.28 6799.44 6802.26 6813.18 6822.48 6829.89 6835.61 6839.17 6842 6842.1 6842.02 6840.07 6839.78 6840.78 6844 6847.64 6852.94 6871.44 6866.36 6857.19 6854.28 6857.33 6861.65 6867.31 6875.38 6883 6891.26 6900.52 6908.18 6912.43 6902.67 6890.44 6869.6 6847.61 6830.98 6814.53 6801.28 6794.35 6793.37 6793.55 6788.68 6779.41 6782.68 6797.76 6812 6815.64 6812.13 6807.47 6803.27 6796.97 6792.33 6792.48 6798.66 6805.76 6804.89 6790.61 6822.07 6859.28 6902.05 6949.28 7001.62 7025.72 6976.11 6919.5 6872.36 6794.59
6791.67 6801.47 6811.59 6817.01 6823.85 6828.52 6832.59 6835.43 6844.15 6845.28 6844.92 6845.05 6844.06 6846.85 6850.53 6852.65 6853.29 6852.16 6871.72 6870.02 6860.27 6860.24 6866.29 6872.1 6878.62 6885.33 6892.14 6899.16 6905.14 6909.22 6905.18 6890.84 6877.71 6859.75 6838.39 6825.21 6810.95 6798.47 6792.49 6793.99 6796.44 6795.99 6801.27 6805.63 6804.01 6806.5 6807.75 6804.79 6805.35 6799.15 6794.75 6792.21 6792.87 6792.6 6796.2 6801.31 6795.46 6807.14 6839.26 6883.14 6935.75 6990.74 7017.26 6996.66 6973.05 6960.68 6955.14
6795.88 6807.13 6821.47 6835.36 6832.72 6833.1 6835.02 6837.78 6843.8 6844.27 6842.44 6841.43 6841.15 6849.23 6855.86 6857.06 6865.01 6874.8 6875.7 6873.1 6871.93 6873.16 6875.7 6880.83 6887.25 6894.46 6902.93 6909.77 6914.39 6915.56 6909.13 6888.65 6873.12 6857.98 6841.94 6827.22 6810.52 6794.88 6789.73 6797.64 6806.5 6813.98 6810.26 6803.81 6800.16 6804.25 6797.42 6790.83 6789.83 6788.41 6789.22 6792.12 6794.8 6795.77 6801.5 6805.68 6781.84 6782.68 6815.09 6856.06 6901.15 6945.73 6974.23 6973.52 6971.13 6969.02 6954.84
6797.36 6808.1 6818.75 6827.76 6832.2 6834.41 6836.3 6837.15 6840.39 6842.34 6839.25 6835.58 6831.29 6834.32 6840.99 6851.15 6863.42 6874.05 6871.55 6871.28 6873.49 6876.2 6880.75 6886.63 6893.95 6902.72 6910.83 6918.01 6923.16 6923.5 6911.41 6886.91 6872.25 6860.27 6851.83 6833.97 6815.51 6800 6795.06 6805.59 6815.93 6823.74 6811.07 6794.97 6788.44 6781.01 6783.13 6778.7 6767.34 6779.05 6785.2 6791.72 6795.64 6801.77 6816.27 6799.81 6764.25 6756.24 6787.98 6823.19 6854.47 6877.14 6901.99 6922.26 6932.23 6940.03 6913.97
6797.64 6807.44 6815.32 6822.04 6829.33 6833.93 6837.54 6841.52 6847.19 6843.09 6833.6 6824.91 6816.97 6822.73 6828.88 6837.35 6847.34 6855.53 6859.63 6865.94 6870.89 6875.43 6881.14 6887.43 6895.61 6904.02 6912.89 6921.4 6928.01 6929.87 6919.35 6888.75 6873.36 6860.69 6849.51 6835.07 6823.08 6815.77 6814.25 6816.82 6821.4 6822.66 6811.15 6794.42 6783.34 6775.51 6778.08 6780.76 6786.39 6782.32 6785 6789.59 6793.65 6795.72 6793.5 6781.67 6756.58 6747.34 6773.99 6798.2 6818.45 6833.33 6852.14 6870.74 6878.97 6872.01 6864.94
6798.83 6807.69 6815.39 6821.96 6827.12 6831.74 6836.71 6843.09 6846.66 6836.87 6826.09 6812.85 6797.3 6783.03 6804.55 6823.53 6834.73 6844.55 6854.14 6861.72 6868.15 6874.4 6879.94 6887.59 6896.02 6905.35 6915.56 6924.89 6932.84 6934.83 6922.38 6897.11 6877.41 6861.95 6844.93 6834.16 6831.38 6829.84 6830.24 6826.91 6825.75 6822.42 6808.53 6793.26 6785.44 6784.76 6781.52 6780.12 6781.65 6785.8 6788.31 6790.94 6790.5 6787.55 6774.02 6772.07 6767.92 6768.14 6773.01 6784.24 6795.6 6807.5 6820.37 6832.21 6835.46 6833.77 6825.4
6799.27 6806.8 6814.38 6820 6824.09 6827.89 6831.59 6834.51 6833.93 6827.18 6819.68 6809.09 6794.54 6774.34 6801.83 6821.14 6834.18 6843.34 6851.31 6858.52 6864.71 6870.67 6877.2 6884.66 6894.34 6903.97 6914.48 6924.8 6934.31 6940.5 6930.33 6898.2 6883.31 6868.13 6853.48 6844.09 6842.72 6841.03 6837.06 6835.01 6830.16 6820.17 6804.86 6788.4 6786.4 6788.84 6790.24 6785.35 6783.44 6792.38 6796.26 6797.32 6794.94 6791.01 6791.3 6784.51 6776.27 6771.88 6773.8 6777.4 6780.37 6782.19 6796.73 6807.61 6807.23 6794.28 6790.2
6798.02 6804.27 6810.47 6815.76 6819.78 6822.79 6825.15 6825.87 6824 6820.59 6816.74 6813.14 6814.92 6838.1 6823.12 6828.38 6838.17 6845.17 6850.86 6856.55 6861.31 6865.5 6872.76 6881.17 6890.78 6900.56 6910.54 6921.57 6931.38 6941.53 6936.98 6914.37 6892.32 6878.37 6868.44 6862.66 6859.05 6855.43 6851.95 6846.3 6837.66 6826.22 6812.23 6798.74 6794.63 6798.62 6805.14 6813.27 6813.02 6809.54 6807.88 6805.06 6801.95 6796.73 6791.22 6788.37 6782.26 6779.95 6776.05 6775.71 6776.52 6779.76 6787.88 6796.74 6799.95 6791.64 6776.18
6793.89 6800.07 6804.78 6810.92 6814.67 6817.35 6818.61 6818.2 6816.74 6812.06 6817 6817.7 6819.93 6823.83 6831.12 6835.05 6840.79 6847 6852.7 6857.74 6859.96 6861.99 6868.89 6878.65 6888.16 6897.24 6906.75 6914.73 6922.39 6927.87 6924.63 6910.38 6894.83 6883.65 6879.4 6879.6 6875.45 6870.35 6868.1 6858.16 6846.42 6835.8 6823.64 6811.01 6804.93 6809.39 6819.29 6829.08 6830.64 6825.01 6820.55 6816.66 6811.35 6804.83 6797.88 6790.67 6782.21 6778.28 6773.65 6773.14 6776.55 6780.75 6786.35 6793.54 6801.78 6797.54 6767.17
6786.81 6796 6805.27 6807.32 6809.44 6811.94 6813.68 6814.03 6811.97 6819.11 6820.49 6821.58 6822.99 6827.02 6834.54 6840.15 6844.35 6850.98 6855.64 6856.78 6862.84 6862.96 6868.98 6878.88 6887.58 6895.58 6901.97 6907.72 6915.32 6918 6921.15 6908.55 6889.32 6874.59 6878.54 6889.86 6887.47 6880.6 6871.18 6860.27 6851.54 6844.9 6836.74 6816.11 6810.69 6821.46 6830.08 6835.89 6838.39 6835.97 6832.01 6827.43 6821.03 6813.14 6802.84 6790.65 6774.69 6766.2 6764 6768.86 6776.88 6783.74 6784.43 6786.99 6789.34 6779.06 6750.49
6777.49 6788.01 6798.71 6800.45 6803.55 6807.34 6811.04 6814.22 6818.44 6822.24 6824.6 6825.7 6828.62 6832.81 6839.31 6847.04 6855.34 6858.7 6864.19 6871.61 6871.95 6872.92 6876.76 6881.28 6886.87 6892.33 6898.45 6908.36 6914.54 6906.59 6903.65 6889.49 6846.25 6835.49 6861.34 6887.76 6895.72 6885.56 6868.61 6856.54 6851.19 6848.98 6846.03 6830.5 6827.16 6831.65 6839.52 6844.9 6846.41 6843.99 6840.4 6836.26 6829.89 6818.69 6800.24 6775.53 6761.28 6750.1 6749.74 6761.76 6774.2 6780.18 6779.21 6774.85 6769.16 6760.39 6742.17
6770 6774.49 6780.78 6789.29 6796.81 6803.87 6809.65 6815.64 6820.65 6826.67 6828.38 6829.82 6830.5 6835.75 6844.02 6851.64 6858.51 6864.73 6870.44 6876.16 6878.54 6879.99 6882.28 6882.69 6885.38 6894.19 6900.12 6910.53 6914.1 6906.73 6865.84 6760.02 6721 6774.24 6839.03 6898.21 6907.31 6889.21 6865.9 6849.97 6846.79 6845.99 6846.65 6836.11 6828.82 6834.36 6844.32 6862.85 6852.34 6848.16 6844.34 6841.43 6838.23 6830.34 6803.64 6771.6 6752.76 6740.23 6740.6 6758.17 6774.71 6779.32 6773.39 6762.62 6747.16 6741.04 6732.04
6768.04 6766.11 6769.77 6780.78 6791.3 6800.1 6808.26 6815.77 6823.17 6827.14 6829.04 6835.04 6842.23 6844.83 6851.85 6858.03 6863.2 6869.15 6873.05 6875.95 6880.04 6882.55 6881.85 6881.91 6879.8 6890.86 6900.08 6912.16 6919.05 6918.5 6841 6703.16 6652.63 6735.05 6822.7 6892.09 6908.25 6889.26 6865.01 6846.68 6839.88 6837 6836.14 6827.9 6825.69 6832.21 6841.3 6843.96 6848.98 6847.51 6845.09 6843.08 6842.75 6841.56 6811.11 6768.56 6754.06 6746.08 6746.22 6759.53 6773.73 6775.75 6768.71 6756.98 6738.32 6728.49 6718.51
6774.63 6767.54 6769.23 6779.75 6790.23 6799.56 6807.8 6815.71 6822.25 6826.06 6831.49 6841.3 6848.75 6855.39 6862.59 6868.22 6871.2 6873.08 6874.57 6874.98 6879.17 6885.15 6888.56 6874.53 6861.52 6857.68 6876.22 6894.82 6916.98 6921.15 6838.61 6719.89 6664.43 6752.6 6828.17 6882.71 6901.13 6888.75 6862 6836.15 6832.02 6827.13 6817.88 6815.01 6817.27 6826.89 6840.08 6850.74 6845.73 6843.14 6840.24 6837.6 6835.48 6833.76 6810.63 6781.2 6769.05 6761.64 6757.68 6764.56 6771.45 6770.09 6764.36 6757.43 6748.22 6716.83 6704.14
6787.78 6777.57 6777.13 6784.25 6792.37 6800.97 6809.54 6817.81 6824.88 6833.76 6841.5 6850.46 6858.27 6868.1 6874.5 6877.94 6876.82 6873.85 6873 6874.6 6875.72 6873.85 6871.66 6847.24 6826.15 6813.65 6814.62 6839.79 6873.4 6899.31 6832.62 6791.82 6797.21 6821.9 6853.69 6889.73 6907.59 6892.04 6865.59 6842.91 6830.17 6823.35 6819.14 6813.86 6813.21 6819.14 6826.57 6833.1 6837.81 6837.13 6834.84 6829.79 6821.44 6810.13 6807.88 6805 6796.69 6786.25 6778.07 6776.18 6768.65 6763.48 6757.67 6752.26 6741.2 6717.47 6702.94
6801.76 6796.2 6790.66 6791.65 6796.96 6805.04 6813.16 6820.9 6828.96 6837.65 6851.62 6861.46 6873.09 6880.42 6886.23 6885.18 6877.51 6866.35 6858.54 6860.44 6859.76 6837.54 6820.38 6799.42 6772.29 6751.71 6742.94 6744.04 6752.25 6754.38 6769.64 6808.25 6884.83 6856.99 6864.03 6890.3 6904.82 6900.85 6875.15 6842.95 6830.97 6821.82 6815.63 6812.76 6807.56 6808.86 6814.73 6821.46 6827.53 6828.81 6827.51 6824.04 6815.86 6804.94 6810.85 6813.74 6811.11 6810.27 6813.14 6791.49 6770.14 6756.97 6748.06 6740.16 6730.66 6714.69 6703.81
6808.3 6797.59 6796.28 6798.46 6803.44 6811 6819.22 6827.76 6835.08 6843.73 6863.05 6870.74 6876.62 6891.18 6897.95 6893.6 6871.89 6845.51 6822.19 6803.28 6778.27 6771.18 6764.61 6733.45 6695.48 6670.81 6653.75 6636.43 6612.72 6612.46 6661.67 6714.17 6756.63 6792.29 6834.39 6885.06 6925.05 6917.45 6887.11 6853.29 6833.56 6818.74 6806.71 6800.21 6784.85 6790.92 6807.93 6816.72 6819.99 6820.67 6821.13 6821.27 6821.79 6821.24 6819.77 6818.67 6819.19 6821.69 6815.84 6790.43 6762.7 6748.61 6738.13 6727.05 6714.35 6702.77 6699.28
6812.22 6799.54 6800.85 6805.74 6812.38 6820.37 6829.07 6837.58 6845.67 6852.48 6863.31 6882.49 6893.21 6899.97 6905.85 6897.73 6854.81 6807.29 6766.07 6734.48 6712.55 6674.48 6648.59 6621.23 6596.68 6580.9 6564.68 6541.86 6508.7 6509.17 6555.35 6598.26 6634.39 6695.43 6773.05 6857.4 6937.83 6923.33 6893.87 6864.54 6840.48 6813.94 6784.33 6752.14 6753.68 6777.71 6801.21 6811.21 6813.02 6812.81 6813.36 6815.32 6822.85 6827.79 6824.88 6829.45 6834.72 6827.26 6814.66 6783.42 6752.16 6741.87 6731.31 6720.06 6711.07 6703.3 6696.45
6818.51 6808.32 6810.15 6816.17 6823.68 6831.72 6839.81 6848.81 6858.92 6871.04 6877.03 6893.99 6898.84 6894 6893.04 6878.45 6813.82 6749.41 6691.98 6641.37 6597.46 6550.56 6509.49 6484.26 6494.58 6495.32 6487.04 6472.96 6456.32 6449.98 6472.57 6501.49 6533.82 6600.06 6695.44 6791.94 6864.81 6890.41 6886.73 6870.84 6848.52 6814.41 6772.25 6737.24 6755.58 6783.28 6799.88 6806.51 6806.94 6805.06 6802.99 6802.29 6804.66 6809.59 6814.49 6824.66 6837.07 6822.14 6808 6781.13 6755.5 6743.58 6730.32 6714.9 6708.26 6706.27 6695.57
6825 6816.96 6821.62 6828.08 6835.13 6842.87 6851.47 6860.87 6871.19 6880.83 6892.85 6902.84 6891.16 6864.2 6838.78 6808.03 6738.95 6673.68 6608.85 6540.63 6463.21 6436.82 6416.94 6405.26 6423.28 6430.67 6427.92 6418.45 6404.92 6394.66 6410.12 6428.3 6451.8 6512.87 6614.14 6716.15 6799.7 6849.35 6866.94 6873.29 6861.57 6821.46 6774.51 6740.12 6764.17 6794.83 6807.57 6805.36 6801.99 6796.67 6791.25 6786.35 6783.36 6786.47 6793.03 6798.17 6798.76 6803.58 6804.87 6793.56 6772.63 6755.3 6737.12 6718.31 6707.55 6702.36 6695.82
6842.42 6833.93 6838.1 6842 6847.1 6853.76 6861.92 6871.46 6880.92 6893.13 6906.02 6907.64 6875.13 6812.4 6748.59 6694.92 6644.8 6592.01 6533.38 6470.15 6404.65 6381.91 6380.56 6384.66 6387.26 6389.05 6385.16 6373.66 6356.6 6357.26 6366.79 6378.25 6394.65 6444.25 6540.9 6643.62 6741.99 6800.4 6828.11 6856.14 6863.79 6827.63 6784.6 6756.55 6780.27 6804.61 6801.35 6798.6 6795.76 6790.03 6781.59 6770.74 6762.67 6765.66 6771.59 6773.41 6771.35 6786.04 6803.15 6810.03 6792.8 6769.51 6749.86 6734.18 6715.47 6705.33 6700.93
6866.5 6863.98 6857.38 6856.55 6859.56 6862.71 6868.97 6877.8 6886.9 6898.18 6907.97 6908.23 6849.85 6750.21 6648 6585.05 6552.04 6514.86 6473.77 6429.56 6391.27 6370.91 6366.46 6370.34 6367.18 6364.78 6360.46 6352.55 6346.22 6343.4 6344.93 6350.84 6364.11 6403.24 6481.55 6567.96 6650.43 6713.31 6760.73 6809.07 6839.42 6819.41 6794.09 6780.55 6791.92 6797.38 6789.44 6792.87 6791.44 6785.93 6776.68 6762.54 6744.47 6751.3 6758.39 6760.56 6761.83 6775.42 6793.76 6809.85 6799.36 6779.84 6762.14 6743.75 6722.36 6713.88 6712.54
6879.12 6876.51 6871.04 6868.75 6870.05 6873.75 6878.29 6883.8 6889.86 6896.76 6903.67 6909.82 6816.34 6688.42 6566.1 6502.57 6476.98 6453.12 6427.95 6402.17 6380.72 6366 6358.18 6355.54 6351.84 6349.31 6346.95 6344.74 6341.7 6338.19 6337.94 6341.86 6352.84 6381.94 6437.14 6498.78 6554.13 6608.22 6675.17 6734.32 6772.21 6796.72 6801.98 6803.2 6802.31 6787.13 6791.67 6794.65 6793.74 6788.46 6780.32 6770.34 6759.09 6756.34 6755.79 6755.75 6758.56 6768.66 6782.34 6786.45 6789.96 6783.72 6774.27 6760.6 6741.87 6733.08 6729.77
6885.4 6882.76 6878.61 6877.02 6877.42 6880.41 6884.19 6892.3 6895.38 6893.89 6885.73 6882.67 6764.46 6628.12 6506.24 6446.36 6422.97 6406.52 6392.13 6379.6 6370.58 6361.7 6349.56 6342.17 6339.38 6338.89 6338.6 6339.27 6342.61 6338.83 6338.54 6341.51 6350.41 6371.13 6408.37 6448.22 6480.58 6518.2 6598.53 6671.52 6728.33 6779.57 6811.83 6817.81 6804.38 6803.23 6803.43 6804.66 6800.97 6794.22 6787.25 6781.9 6776.39 6765.54 6757.76 6754.03 6754.4 6761.82 6775.33 6782.36 6781.65 6785.93 6788.34 6784.29 6769.69 6760.96 6750.52
6883.24 6882.37 6880.4 6879.76 6880.44 6884.93 6888.23 6895.6 6898.86 6897.81 6888.02 6828.19 6707.37 6577.83 6458.81 6411.25 6392.73 6378.52 6367.59 6359.86 6357.18 6352.94 6339.37 6332.91 6330.83 6332.22 6333.91 6335 6340.55 6340.88 6343.37 6347.76 6356.28 6371.6 6396.82 6423.37 6445.57 6478.18 6549.57 6625.34 6698.67 6760.47 6817.3 6829.63 6813.25 6821.39 6825.64 6821.69 6813.24 6803 6793.98 6787.29 6780.78 6768.06 6758.42 6752.02 6749.2 6754.04 6765.78 6770.35 6773.47 6786.59 6802.56 6819.13 6820.23 6793.65 6769.02
6882.22 6881.55 6881.66 6882.9 6888.57 6893.72 6900.96 6901.25 6908.97 6905.6 6898.23 6795.15 6665.16 6548.72 6449.53 6402.62 6381.87 6367.57 6356.07 6347.56 6340.44 6332.7 6326.54 6323.9 6324.45 6328.25 6331.79 6334.62 6337.79 6343.83 6350.8 6360.14 6370.02 6382.25 6403.18 6421.39 6437.86 6465.64 6522.84 6588.93 6652.34 6720.74 6791 6819.11 6827 6849.37 6855.35 6841.64 6825.06 6809.99 6796.36 6786.34 6776.78 6765.76 6755.75 6747.79 6744.16 6745.75 6756.19 6763.12 6769.75 6783.54 6799.57 6822.73 6840.59 6809.32 6778.84
6880.01 6877.01 6877.58 6881.52 6886.59 6892.42 6898.32 6904.29 6908.46 6903.37 6876.81 6766.6 6644.38 6537.54 6453.98 6406.56 6380.9 6364.14 6350.02 6338.9 6330.35 6323.55 6318.6 6320.98 6323.65 6326.88 6330.93 6333.93 6337.73 6346.32 6357.51 6370.35 6387.27 6410.87 6427.78 6431.73 6442.61 6464.98 6512.05 6563.83 6614.32 6676.67 6744.64 6787.81 6822.36 6870.4 6872.66 6850 6829.1 6810.51 6794.01 6781.26 6771.48 6760.65 6751.78 6745.81 6742.49 6741.72 6748.9 6754.34 6761.7 6777.24 6792.35 6806.86 6813.12 6798.54 6776.68
6865.79 6869.37 6872.73 6876.22 6879.66 6890.77 6897.25 6905.12 6903.69 6890.71 6850.96 6748.61 6632.73 6528.98 6451.83 6411.31 6384.62 6364.72 6349.55 6336.58 6326.65 6319.43 6314.87 6319.51 6323.15 6326.72 6330.86 6336.13 6339.67 6349.67 6361.67 6377.08 6397.09 6425.46 6440.87 6435.39 6444.82 6478.72 6508.27 6545.42 6597.7 6656.79 6707.24 6755.25 6793.5 6845.89 6858.95 6845.91 6826.45 6806.62 6787.45 6768.37 6759.13 6753.41 6748.07 6743.44 6740.57 6741.51 6745.13 6747.07 6753.39 6770.22 6786.09 6788.27 6784.39 6778.91 6766.77
