real_craters/C120-750m.grd
DSAA
100 100
-37.1175 37.1175
-37.1175 37.1175
5535.5497278739 7032.3442729595
[rows 38 to 75 of 100, columns 0 to 83 of 100]
6531 6604 6689 6661 6651 6649 6661 6670 6676 6667 6648 6612 6556 6544 6548 6564 6585 6610 6592 6581 6585 6599 6612 6599 6613 6574 6544 6542 6555 6568 6576 6578 6583 6591 6639 6708 6727 6739 6749 6757 6749 6660 6496 6353 6255 6206 6229 6230 6239 6234 6254 6260 6253 6352 6506 6653 6755 6850 6839 6799 6765 6732 6707 6693 6683 6681 6684 6701 6679 6637 6630 6633 6650 6700 6706 6688 6665 6637 6667 6690 6678 6663 6652 6650
6642 6679 6681 6676 6660 6654 6649 6646 6637 6614 6622 6605 6580 6571 6559 6570 6579 6582 6575 6582 6593 6600 6610 6597 6583 6559 6518 6533 6552 6568 6580 6586 6602 6626 6673 6756 6774 6769 6764 6755 6667 6488 6315 6254 6215 6216 6196 6201 6142 6129 6142 6162 6209 6267 6423 6540 6647 6760 6791 6782 6773 6760 6726 6710 6706 6703 6704 6707 6692 6666 6656 6655 6664 6683 6685 6683 6676 6673 6670 6665 6665 6654 6638 6638
6605 6643 6673 6674 6661 6648 6644 6638 6630 6622 6597 6581 6599 6613 6645 6612 6584 6550 6560 6577 6596 6594 6601 6610 6615 6593 6551 6556 6566 6576 6589 6600 6618 6643 6679 6755 6778 6768 6757 6735 6622 6439 6364 6254 6213 6182 6098 6004 5979 6007 6033 6057 6079 6133 6235 6386 6514 6603 6691 6737 6774 6803 6797 6750 6745 6738 6733 6719 6706 6696 6679 6672 6665 6662 6679 6704 6706 6718 6693 6669 6659 6653 6642 6645
6584 6625 6678 6675 6667 6654 6644 6635 6627 6624 6599 6592 6610 6631 6641 6630 6604 6588 6575 6565 6551 6582 6613 6634 6645 6640 6620 6598 6591 6595 6602 6609 6629 6657 6711 6765 6777 6751 6706 6656 6541 6422 6284 6159 6091 6027 5958 5886 5877 5900 5926 5956 5993 6022 6084 6237 6398 6545 6619 6689 6769 6846 6868 6812 6799 6781 6763 6750 6722 6696 6695 6690 6692 6696 6717 6725 6732 6731 6692 6656 6655 6661 6669 6664
6587 6629 6670 6678 6662 6651 6643 6635 6624 6604 6605 6615 6622 6639 6643 6640 6624 6603 6590 6584 6566 6592 6607 6616 6650 6666 6630 6616 6611 6613 6619 6621 6642 6691 6780 6825 6771 6718 6636 6524 6402 6250 6102 6020 5975 5924 5860 5809 5813 5814 5823 5839 5889 5914 5923 6079 6285 6447 6522 6626 6747 6875 6966 6903 6840 6798 6777 6767 6744 6727 6711 6706 6705 6702 6704 6716 6726 6706 6674 6656 6654 6662 6679 6676
6666 6669 6683 6681 6663 6648 6644 6640 6635 6628 6637 6655 6659 6662 6662 6655 6646 6638 6634 6624 6630 6619 6606 6606 6620 6618 6624 6626 6625 6629 6634 6639 6650 6694 6795 6820 6763 6686 6583 6450 6292 6114 5953 5890 5874 5827 5767 5748 5746 5746 5732 5717 5746 5796 5827 5931 6174 6357 6404 6547 6704 6860 7003 7021 6904 6827 6778 6752 6739 6730 6718 6717 6729 6732 6717 6717 6719 6667 6657 6651 6651 6652 6655 6667
6689 6688 6698 6697 6661 6649 6646 6647 6652 6663 6678 6682 6687 6685 6679 6668 6660 6658 6652 6648 6646 6637 6631 6617 6612 6612 6632 6641 6642 6651 6661 6671 6679 6730 6834 6825 6748 6666 6560 6409 6222 6014 5837 5787 5769 5741 5685 5671 5695 5707 5674 5624 5631 5668 5752 5858 6023 6188 6301 6472 6635 6792 6932 6997 6917 6851 6792 6750 6727 6716 6715 6717 6734 6763 6743 6728 6704 6656 6657 6657 6651 6647 6648 6662
6687 6676 6682 6687 6664 6654 6650 6650 6658 6681 6709 6719 6709 6698 6686 6672 6667 6666 6669 6662 6655 6653 6650 6626 6618 6621 6628 6633 6653 6676 6699 6720 6737 6786 6841 6790 6730 6652 6549 6412 6185 5969 5800 5762 5755 5694 5646 5679 5739 5726 5667 5601 5596 5620 5624 5717 5868 6052 6247 6403 6547 6684 6801 6898 6870 6873 6843 6782 6747 6724 6712 6709 6720 6757 6744 6733 6679 6634 6644 6656 6655 6649 6655 6675
6683 6681 6685 6688 6676 6662 6657 6656 6658 6659 6666 6733 6719 6685 6673 6670 6668 6668 6668 6669 6671 6671 6658 6628 6627 6635 6634 6638 6664 6695 6731 6774 6821 6830 6787 6787 6746 6640 6501 6336 6145 5951 5801 5760 5695 5646 5632 5729 5838 5786 5698 5612 5587 5574 5568 5620 5775 5960 6151 6326 6465 6595 6705 6839 6949 6902 6859 6804 6774 6730 6705 6694 6699 6734 6756 6701 6625 6612 6662 6666 6661 6657 6665 6690
6678 6680 6673 6665 6660 6662 6661 6659 6658 6656 6666 6694 6697 6681 6670 6665 6662 6662 6670 6662 6663 6664 6661 6648 6641 6646 6645 6648 6680 6717 6758 6800 6844 6823 6796 6802 6775 6635 6463 6286 6114 5939 5806 5726 5667 5627 5626 5734 5873 5845 5753 5656 5598 5545 5540 5577 5675 5859 6069 6244 6392 6519 6634 6780 6911 6893 6845 6788 6734 6706 6691 6686 6687 6723 6738 6650 6612 6602 6649 6661 6666 6673 6678 6681
6674 6670 6664 6657 6664 6665 6664 6664 6664 6667 6675 6675 6674 6671 6670 6665 6657 6646 6634 6633 6650 6668 6665 6650 6643 6652 6662 6676 6693 6727 6765 6805 6828 6803 6744 6782 6759 6620 6463 6284 6100 5922 5777 5742 5682 5631 5621 5710 5881 5892 5838 5739 5642 5549 5538 5566 5615 5784 5977 6157 6340 6477 6595 6716 6828 6861 6833 6759 6686 6675 6675 6681 6685 6708 6703 6640 6596 6592 6609 6640 6661 6685 6687 6680
6675 6667 6666 6665 6666 6669 6673 6675 6678 6681 6684 6686 6681 6685 6679 6673 6662 6644 6612 6618 6641 6648 6653 6640 6643 6664 6674 6678 6696 6728 6763 6797 6816 6819 6811 6783 6705 6585 6447 6278 6089 5907 5750 5694 5641 5612 5635 5732 5870 5957 5953 5857 5702 5568 5536 5559 5611 5774 5978 6183 6335 6470 6584 6688 6789 6840 6853 6749 6660 6656 6663 6672 6663 6685 6687 6621 6587 6588 6603 6623 6645 6665 6686 6698
6684 6676 6674 6672 6668 6669 6673 6679 6684 6689 6691 6693 6690 6694 6694 6688 6679 6667 6661 6659 6653 6651 6661 6659 6671 6692 6697 6673 6692 6723 6757 6790 6823 6833 6849 6781 6628 6544 6452 6280 6087 5895 5727 5635 5622 5634 5665 5775 5953 6027 6034 5922 5736 5589 5544 5567 5641 5808 6000 6177 6352 6490 6606 6705 6778 6840 6860 6750 6667 6657 6659 6663 6661 6673 6661 6603 6584 6584 6594 6610 6629 6649 6683 6716
6689 6687 6688 6685 6677 6675 6682 6689 6697 6703 6708 6710 6711 6714 6712 6707 6701 6695 6693 6689 6674 6664 6666 6697 6724 6723 6710 6698 6704 6724 6751 6784 6825 6862 6855 6772 6623 6537 6447 6280 6088 5896 5727 5619 5609 5632 5691 5783 5936 5995 5932 5844 5716 5606 5588 5655 5730 5880 6056 6242 6394 6536 6659 6745 6814 6831 6831 6754 6693 6672 6664 6652 6658 6658 6632 6597 6579 6580 6588 6604 6623 6649 6686 6718
6696 6703 6703 6702 6668 6683 6694 6706 6715 6719 6720 6710 6724 6734 6732 6725 6720 6717 6719 6718 6690 6669 6674 6716 6747 6736 6735 6719 6722 6735 6747 6765 6814 6888 6917 6854 6706 6582 6474 6286 6100 5913 5744 5636 5605 5614 5678 5751 5823 5832 5763 5722 5672 5626 5642 5765 5872 5984 6128 6283 6437 6591 6736 6830 6777 6756 6774 6761 6717 6680 6664 6674 6631 6600 6600 6588 6583 6579 6587 6603 6623 6653 6695 6726
6705 6716 6718 6704 6701 6702 6711 6723 6734 6740 6736 6739 6745 6751 6752 6742 6736 6730 6721 6706 6702 6697 6708 6715 6707 6725 6726 6741 6754 6749 6742 6745 6789 6876 6938 6935 6819 6641 6441 6299 6132 5951 5777 5683 5631 5674 5661 5656 5696 5712 5670 5658 5651 5642 5659 5786 5963 6081 6198 6314 6469 6653 6801 6845 6733 6731 6749 6731 6706 6669 6629 6599 6611 6603 6592 6583 6586 6586 6591 6605 6624 6657 6704 6735
6716 6726 6735 6741 6733 6722 6728 6739 6754 6768 6779 6774 6790 6786 6767 6754 6748 6740 6731 6720 6727 6732 6742 6734 6738 6733 6728 6768 6795 6763 6743 6743 6778 6822 6907 6954 6909 6744 6500 6352 6193 6017 5822 5673 5655 5694 5661 5586 5605 5606 5606 5639 5663 5684 5741 5884 6037 6148 6283 6416 6566 6730 6840 6844 6721 6741 6740 6733 6694 6650 6600 6567 6597 6606 6592 6582 6566 6583 6594 6609 6630 6660 6702 6719
6723 6732 6743 6756 6737 6732 6743 6758 6775 6795 6824 6810 6810 6795 6773 6764 6760 6756 6754 6754 6761 6768 6760 6752 6745 6754 6770 6784 6782 6762 6746 6743 6791 6849 6901 6919 6925 6820 6617 6439 6280 6127 5965 5763 5729 5739 5683 5627 5601 5578 5623 5674 5709 5755 5837 6019 6060 6186 6393 6581 6735 6825 6858 6818 6712 6717 6724 6724 6681 6638 6602 6583 6590 6602 6589 6578 6578 6579 6594 6611 6634 6659 6681 6686
6727 6735 6740 6741 6740 6740 6757 6776 6794 6805 6797 6804 6813 6759 6772 6776 6777 6777 6779 6788 6796 6796 6762 6775 6783 6785 6782 6772 6765 6762 6755 6760 6824 6902 6897 6881 6914 6884 6699 6532 6373 6230 6142 5883 5808 5829 5778 5707 5661 5655 5729 5750 5780 5827 5912 6060 6097 6295 6527 6745 6906 6910 6843 6766 6706 6705 6688 6669 6656 6629 6600 6587 6583 6586 6583 6575 6594 6591 6597 6608 6621 6645 6667 6665
6739 6744 6743 6745 6750 6757 6774 6792 6810 6829 6833 6812 6829 6804 6792 6793 6795 6800 6806 6819 6818 6806 6809 6817 6823 6816 6798 6785 6771 6771 6771 6785 6832 6885 6875 6862 6877 6860 6775 6630 6467 6278 6062 5963 5903 5871 5811 5760 5745 5757 5793 5828 5860 5895 5925 6000 6184 6435 6672 6867 7032 6942 6820 6732 6679 6675 6658 6639 6638 6626 6607 6592 6587 6586 6591 6588 6595 6591 6599 6609 6621 6637 6651 6650
6759 6758 6757 6762 6774 6783 6792 6804 6820 6834 6834 6820 6817 6813 6809 6810 6814 6820 6826 6826 6821 6839 6858 6848 6838 6824 6813 6808 6801 6787 6781 6786 6801 6824 6830 6832 6862 6892 6838 6731 6590 6408 6189 6064 5957 5908 5860 5848 5835 5848 5868 5900 5951 5981 6003 6111 6393 6676 6819 6911 6950 6886 6779 6706 6668 6665 6657 6645 6637 6632 6625 6599 6580 6583 6588 6589 6588 6595 6601 6607 6617 6628 6640 6640
6765 6772 6780 6786 6792 6796 6806 6816 6826 6828 6824 6819 6822 6820 6822 6824 6830 6839 6846 6851 6859 6866 6870 6860 6837 6817 6808 6798 6796 6789 6790 6788 6782 6775 6796 6805 6848 6927 6890 6822 6746 6655 6499 6288 6099 6006 5946 5916 5882 5862 5894 5981 6062 6130 6189 6353 6664 6915 6920 6900 6853 6792 6729 6682 6658 6662 6658 6646 6631 6632 6640 6623 6592 6583 6584 6583 6587 6601 6604 6603 6607 6618 6628 6643
6772 6783 6796 6804 6810 6817 6824 6827 6829 6829 6833 6844 6859 6846 6840 6844 6849 6856 6867 6884 6906 6911 6900 6874 6838 6816 6799 6788 6772 6780 6804 6813 6802 6795 6788 6783 6803 6863 6883 6880 6880 6897 6806 6581 6401 6227 6132 6085 6013 5972 5997 6121 6234 6336 6419 6606 6951 7008 6933 6859 6782 6723 6684 6657 6642 6656 6647 6624 6599 6593 6641 6622 6595 6593 6580 6570 6583 6610 6602 6599 6605 6621 6637 6655
6780 6791 6800 6813 6827 6839 6839 6837 6834 6831 6837 6851 6867 6859 6851 6853 6860 6870 6882 6899 6920 6918 6886 6852 6823 6794 6794 6796 6770 6778 6808 6816 6812 6802 6791 6792 6809 6826 6843 6884 6936 6985 6940 6813 6687 6562 6461 6402 6323 6260 6258 6356 6459 6571 6708 6882 6947 6896 6851 6795 6736 6690 6663 6640 6634 6658 6642 6606 6557 6498 6467 6639 6639 6620 6593 6573 6576 6576 6592 6601 6613 6633 6644 6657
6790 6803 6812 6823 6832 6838 6844 6844 6844 6846 6850 6850 6872 6864 6857 6865 6874 6885 6896 6906 6905 6889 6864 6835 6814 6797 6793 6794 6795 6800 6809 6810 6806 6799 6793 6793 6793 6797 6805 6858 6932 7013 7003 6958 6932 6860 6831 6764 6729 6635 6616 6644 6664 6729 6842 6810 6787 6770 6758 6731 6698 6668 6655 6633 6629 6655 6646 6601 6544 6469 6440 6605 6665 6647 6621 6585 6565 6580 6589 6606 6622 6645 6652 6643
6796 6814 6835 6833 6835 6839 6844 6841 6840 6852 6857 6874 6874 6872 6875 6879 6889 6899 6910 6916 6911 6882 6860 6837 6813 6790 6797 6812 6812 6799 6802 6792 6785 6787 6791 6796 6798 6796 6772 6821 6883 6946 6966 6966 6954 6931 6938 6898 6876 6928 6919 6858 6777 6773 6784 6757 6731 6710 6701 6689 6673 6662 6654 6633 6623 6629 6619 6606 6584 6569 6591 6671 6667 6650 6639 6610 6573 6567 6584 6596 6610 6620 6626 6623
6798 6812 6822 6832 6837 6840 6843 6832 6823 6832 6842 6857 6862 6869 6875 6884 6894 6907 6919 6928 6920 6882 6862 6847 6822 6808 6812 6822 6813 6792 6775 6779 6781 6782 6790 6796 6812 6779 6739 6785 6824 6846 6883 6898 6887 6860 6850 6838 6843 6876 6848 6792 6775 6758 6734 6713 6692 6677 6670 6666 6655 6644 6639 6631 6621 6636 6615 6613 6623 6665 6689 6678 6657 6642 6633 6622 6607 6574 6583 6595 6601 6602 6613 6623
6799 6811 6822 6829 6836 6845 6835 6819 6796 6785 6821 6837 6853 6865 6873 6883 6895 6909 6924 6935 6925 6889 6864 6838 6833 6831 6829 6825 6810 6788 6787 6782 6779 6787 6792 6792 6779 6772 6768 6776 6791 6806 6825 6829 6820 6803 6792 6782 6785 6782 6767 6738 6736 6732 6711 6686 6671 6673 6662 6649 6642 6632 6621 6598 6590 6580 6595 6608 6624 6643 6667 6667 6642 6599 6588 6596 6597 6591 6601 6606 6614 6620 6621 6628
6799 6809 6817 6823 6827 6829 6823 6815 6808 6813 6825 6842 6850 6860 6868 6878 6891 6906 6922 6940 6937 6901 6877 6858 6853 6848 6843 6831 6811 6791 6796 6801 6802 6804 6803 6798 6792 6785 6779 6776 6777 6781 6797 6798 6782 6777 6779 6804 6749 6737 6725 6705 6710 6716 6711 6679 6667 6676 6662 6628 6618 6632 6618 6582 6566 6557 6570 6591 6613 6635 6678 6692 6641 6573 6555 6564 6578 6598 6613 6629 6630 6635 6630 6634
6793 6802 6810 6815 6818 6816 6812 6818 6820 6829 6836 6844 6853 6859 6861 6872 6887 6901 6913 6927 6925 6903 6884 6881 6878 6872 6861 6844 6827 6809 6810 6825 6832 6825 6819 6811 6801 6788 6778 6772 6776 6783 6791 6803 6770 6767 6748 6739 6736 6723 6707 6699 6691 6679 6668 6652 6628 6647 6645 6601 6558 6579 6624 6592 6564 6551 6552 6581 6612 6642 6668 6667 6645 6599 6551 6571 6585 6599 6610 6627 6628 6630 6628 6631
6781 6798 6803 6807 6812 6815 6820 6823 6827 6834 6844 6853 6861 6868 6869 6877 6887 6897 6909 6913 6913 6908 6853 6878 6893 6879 6858 6850 6846 6819 6828 6839 6843 6840 6834 6824 6806 6776 6757 6757 6773 6782 6780 6776 6750 6720 6712 6719 6711 6703 6692 6693 6681 6655 6640 6637 6642 6640 6642 6588 6501 6447 6636 6614 6580 6570 6554 6585 6623 6643 6651 6662 6652 6628 6581 6570 6581 6595 6607 6614 6614 6616 6618 6621
6769 6774 6787 6799 6809 6818 6827 6829 6831 6841 6852 6862 6871 6878 6880 6882 6884 6894 6913 6910 6870 6699 6758 6862 6910 6881 6850 6845 6846 6832 6833 6848 6853 6847 6842 6838 6812 6764 6742 6746 6772 6778 6764 6741 6733 6698 6692 6712 6711 6667 6668 6668 6661 6657 6645 6636 6634 6641 6654 6610 6552 6539 6640 6609 6591 6581 6558 6592 6640 6655 6652 6654 6644 6646 6613 6575 6580 6591 6604 6604 6599 6604 6616 6625
6771 6766 6779 6795 6808 6819 6825 6834 6845 6855 6864 6870 6874 6876 6885 6884 6870 6882 6902 6922 6850 6659 6728 6850 6904 6879 6842 6833 6822 6819 6828 6845 6848 6844 6841 6840 6819 6769 6756 6755 6770 6771 6759 6736 6710 6707 6697 6682 6676 6658 6654 6647 6642 6639 6641 6639 6640 6655 6659 6635 6621 6635 6626 6596 6596 6589 6577 6602 6628 6636 6646 6639 6612 6621 6617 6589 6586 6593 6599 6597 6595 6602 6619 6629
6790 6777 6785 6797 6810 6822 6834 6847 6860 6873 6879 6875 6872 6874 6871 6855 6821 6804 6825 6882 6833 6805 6831 6870 6910 6884 6848 6827 6819 6812 6817 6826 6836 6836 6830 6816 6808 6809 6792 6783 6770 6761 6752 6735 6705 6698 6683 6673 6671 6666 6651 6636 6626 6640 6642 6643 6649 6650 6637 6628 6623 6628 6637 6620 6625 6634 6623 6628 6629 6639 6650 6626 6583 6572 6601 6600 6594 6589 6582 6595 6615 6620 6626 6630
6807 6797 6796 6804 6816 6828 6839 6864 6872 6891 6891 6866 6839 6823 6800 6788 6729 6695 6677 6664 6699 6779 6822 6864 6912 6902 6854 6828 6813 6809 6798 6813 6822 6824 6823 6818 6816 6813 6818 6812 6772 6749 6734 6716 6702 6698 6679 6678 6676 6663 6647 6639 6636 6644 6644 6641 6633 6610 6607 6607 6605 6617 6634 6643 6660 6676 6673 6645 6654 6666 6675 6633 6577 6565 6596 6612 6597 6587 6593 6602 6614 6624 6629 6633
6813 6801 6807 6818 6830 6843 6854 6873 6894 6903 6900 6828 6760 6713 6662 6621 6584 6563 6534 6490 6539 6598 6674 6797 6927 6912 6870 6832 6787 6746 6774 6805 6812 6812 6813 6826 6824 6833 6830 6808 6755 6739 6722 6709 6698 6688 6675 6686 6686 6659 6649 6653 6655 6661 6649 6634 6615 6595 6597 6596 6605 6610 6623 6645 6682 6706 6668 6634 6658 6658 6666 6625 6570 6564 6577 6590 6588 6587 6591 6606 6614 6626 6631 6633
6823 6815 6823 6835 6847 6862 6878 6893 6895 6871 6844 6740 6644 6547 6476 6426 6444 6451 6439 6416 6429 6462 6534 6684 6811 6871 6874 6845 6779 6739 6785 6806 6804 6798 6793 6790 6800 6812 6812 6802 6768 6745 6720 6707 6697 6683 6679 6685 6696 6686 6679 6672 6674 6671 6649 6627 6606 6593 6596 6603 6602 6605 6613 6648 6686 6700 6682 6626 6626 6645 6646 6602 6547 6546 6547 6558 6572 6583 6598 6615 6627 6632 6634 6636
6846 6839 6844 6852 6862 6877 6894 6908 6875 6773 6684 6610 6528 6436 6380 6380 6384 6384 6371 6353 6363 6378 6428 6572 6721 6803 6849 6854 6792 6762 6804 6799 6796 6787 6771 6759 6768 6771 6781 6807 6799 6765 6738 6713 6703 6697 6695 6690 6694 6703 6698 6681 6667 6654 6638 6615 6595 6588 6583 6599 6592 6600 6616 6657 6691 6685 6642 6601 6569 6611 6616 6578 6539 6540 6545 6550 6561 6573 6596 6623 6631 6635 6638 6638
