real_craters/C120-300m.grd
DSAA
248 248
-37.1175 37.1175
-37.1175 37.1175
5530.1380427619 7050.2804166391
[rows 60 to 89 of 248, columns 134 to 200 of 248]
6500.73 6506.61 6513.27 6519.19 6521.51 6521.85 6520.68 6519.28 6517.1 6514.77 6512.4 6509.99 6507.94 6506.52 6508.58 6515.37 6518.41 6516.43 6511.8 6509.84 6508.4 6508.76 6510.07 6510.66 6511.34 6512.53 6513.33 6513.51 6514.13 6514.94 6515.01 6514.58 6513.03 6511.71 6512.43 6513.53 6514.66 6514.72 6512.26 6510.96 6510.56 6509.48 6508.16 6509.12 6518.85 6531.66 6535.99 6535.16 6535.71 6536.48 6536.83 6536.83 6537.93 6548.66 6565.03 6580.91 6584.46 6584.79 6583.84 6583.23 6588.49 6593.82 6600.49 6603.8 6603.78 6615.01 6628.41
6509.61 6517.53 6526.7 6535.17 6537.16 6536.07 6533.7 6530.89 6527.95 6525.01 6522.32 6520.02 6517.84 6517.05 6518.51 6520.59 6520.5 6514.93 6509.35 6508.07 6507.63 6509.36 6512.19 6513.87 6514.54 6516.25 6518.54 6520.29 6522.14 6523.98 6526.23 6529.1 6533.02 6528.14 6522.97 6519.18 6515.68 6510.47 6502.77 6503.5 6506.33 6507.89 6509.04 6510.35 6522.01 6535.05 6538.76 6536.58 6539.21 6542.16 6545.17 6549.34 6554.72 6559.92 6570.23 6581.25 6585.59 6588.05 6590.05 6590.3 6590.3 6590.8 6590.92 6592.06 6597.6 6613.5 6628.67
6517.22 6528.26 6539.07 6548.2 6550.48 6548.25 6545.18 6540.92 6537.2 6534.07 6530.77 6528.72 6527.03 6524.47 6524.35 6525.42 6518.57 6507.6 6504.89 6505.44 6507.45 6509.98 6513.23 6515.93 6518.65 6521.59 6523.85 6526.35 6528.83 6531.25 6535.22 6539.04 6542.92 6537.29 6530.43 6523.66 6517.98 6513.15 6502.66 6501.45 6505.33 6509.85 6515.06 6519.7 6527.17 6534.44 6537.68 6539.2 6543.81 6548.28 6553.06 6558.99 6565.12 6568.96 6573.93 6578.85 6585.31 6589.25 6594.8 6596.44 6593.21 6590.94 6586.65 6591.8 6603.16 6617.16 6629.98
6532.19 6541.66 6550.9 6557.62 6559.54 6558.83 6554.95 6549.86 6544.79 6540.46 6537.59 6535.93 6535.39 6535.76 6530.57 6524.18 6513.28 6500.48 6499.94 6502.69 6506.85 6511.28 6515.07 6519.47 6522.72 6527.06 6529.22 6532.2 6535.4 6537.71 6541.97 6544.62 6545.09 6541.06 6533.56 6526.46 6519.38 6511.56 6502.2 6502.33 6506.58 6512.77 6521.31 6529.16 6532.74 6536.33 6539.78 6545.28 6550.23 6554.5 6559.39 6565.14 6568.09 6571.73 6579.11 6584.51 6586.21 6587.17 6589.05 6592.97 6595.53 6597.62 6600.09 6609.92 6618.72 6625.38 6633.13
6550.91 6555.56 6562.44 6567.69 6569.39 6569.35 6563.17 6556.25 6550.01 6545.19 6541.53 6539.14 6538.62 6539.5 6530.2 6519.75 6508.55 6497.18 6496.44 6501.37 6507.42 6513.38 6518.15 6522.25 6526.36 6530.46 6533.62 6537.44 6540.39 6543.28 6545.91 6547.51 6548.32 6542.43 6534.61 6527.38 6520.45 6512.85 6505.95 6504.78 6508.25 6514.76 6523.95 6531.59 6536.59 6541.98 6547.96 6553.99 6556.96 6559.98 6563.69 6568.33 6569.32 6572.79 6582.24 6587.63 6587.72 6585.92 6581.34 6589.49 6599.18 6607.07 6616.78 6625.35 6630.03 6633.54 6638.47
6556.66 6563.45 6571.1 6581.13 6588.96 6578.95 6567.29 6558.88 6552.38 6547.17 6542.82 6539.16 6535.35 6531.71 6522.6 6511.26 6498.75 6487.41 6494.04 6503 6511.1 6517.58 6522.51 6527.6 6531.45 6534.73 6537.93 6541.37 6544.44 6546.86 6548.5 6547.93 6545.19 6541.39 6533.4 6526.57 6520.87 6516.7 6508.96 6505.52 6508.1 6514.15 6522.55 6531.09 6538.36 6546.49 6555.95 6559.05 6562.14 6564.2 6566.14 6568.56 6572.97 6576.82 6581.85 6587.14 6590.83 6592.86 6593.05 6598.19 6606.24 6614.06 6622.37 6630.14 6635.05 6639.71 6645.37
6559.49 6565.12 6571.63 6580.44 6589.31 6575.28 6564.33 6557.06 6551.8 6547.17 6542.2 6536.96 6530.54 6522.22 6515.07 6504.51 6493.46 6490 6500.43 6510.53 6518.35 6524.27 6529.1 6532.85 6536.24 6539.13 6541.45 6544.87 6546.69 6548.43 6549.75 6550.39 6547.89 6540.12 6530.83 6522.57 6516.61 6512.23 6503.76 6502.15 6506.01 6512.54 6519.58 6528.64 6538.38 6546.64 6552.78 6561.39 6566.36 6568.42 6569.39 6570.22 6578.98 6583.19 6582.35 6588.1 6595.85 6603.7 6611.15 6611.37 6614.55 6619.76 6624.83 6630.14 6636.91 6643.89 6651.69
6558.15 6561.98 6564.66 6565.24 6560.14 6558.24 6555.21 6552.3 6549.83 6546.23 6541.77 6535.62 6528.21 6521.23 6512.82 6503.95 6497.49 6507.82 6517.67 6522.64 6526.88 6531.19 6535.18 6538.57 6541.17 6543.41 6545.62 6547.1 6548.18 6549 6549.33 6549.25 6545.28 6536.98 6526.32 6516.08 6506.22 6495.91 6491.45 6495.28 6502.64 6511.95 6521.98 6530.69 6539.6 6547.88 6554.45 6563.85 6570.71 6574.34 6576.34 6580.79 6593.68 6593.8 6591.73 6594.35 6600.91 6609.36 6616.82 6618.06 6620.58 6625.15 6628.95 6630.73 6638.19 6646.39 6655.97
6551.85 6557.15 6556.71 6551.86 6544.45 6542.73 6545.14 6547.11 6547.36 6546.06 6542.45 6536.59 6527.97 6520.37 6515.71 6509.7 6507.29 6524.15 6534.88 6535.43 6537.31 6539.61 6541.51 6543.38 6545.07 6547.41 6548.23 6548.29 6548.43 6547.95 6546.74 6545.63 6540.71 6532.67 6521.67 6509.88 6495.97 6480.6 6480.84 6489.22 6499.59 6511.2 6523.4 6532.38 6541.43 6551.62 6564.15 6574.45 6580.56 6581.68 6584.01 6594.07 6608.86 6602.97 6598.7 6599.97 6604.56 6610.52 6616.17 6619.78 6623.16 6626.87 6630.01 6633.11 6639.54 6647.69 6656.65
6553.66 6555.65 6552.27 6544.12 6533.1 6531.88 6538.41 6544.15 6547.02 6547.74 6546.15 6542.13 6534.71 6528.61 6524.59 6520.17 6519.13 6531.18 6542.6 6544.63 6546.26 6547.73 6549.2 6549.93 6550.66 6550.91 6550.82 6550.23 6549.56 6547.03 6543.41 6538.88 6534.95 6528.37 6518.78 6507.66 6494.27 6476.7 6477.97 6487.57 6498.94 6510.38 6521.63 6532.02 6542.25 6553.58 6566.48 6578.49 6587.64 6587.55 6587.58 6592.9 6605.08 6605.14 6602.69 6604.41 6607.67 6611.38 6616.04 6620.7 6624.41 6627.34 6629.68 6633.87 6641.06 6648.84 6655.77
6561.07 6558.14 6552.9 6544.3 6533 6530.93 6539.3 6545.73 6548.96 6550.98 6552.35 6552.76 6550.01 6543.92 6537.8 6533.1 6532 6537.79 6546.03 6552 6554.34 6555.42 6555.57 6555.2 6554.94 6554.12 6553.38 6552.03 6550.48 6546.83 6542.8 6537.67 6533.44 6527.49 6519.12 6510.23 6499.58 6483.37 6484.11 6491.86 6501.31 6511.6 6522.71 6532.36 6542.81 6553.75 6564.63 6576.15 6586.38 6595.56 6595.62 6596.09 6606.54 6609.76 6608.02 6610.54 6612.49 6614.7 6618.61 6623.33 6627.01 6629.63 6631.23 6636.18 6644.21 6652.17 6658.86
6568.77 6562.95 6557.07 6550.92 6545.01 6544.32 6548.74 6551.85 6553.64 6555.04 6557.87 6562.72 6569.98 6560.66 6550.6 6545.21 6544 6547.35 6554.09 6560.59 6562.13 6563.02 6562.2 6561.14 6559.14 6557.36 6555.2 6553.34 6551.45 6547.13 6544.05 6541.92 6535.78 6529.7 6523.25 6516.46 6506.79 6497.5 6497.9 6502.07 6507.14 6513.08 6522.57 6533.5 6544.88 6555.68 6566.71 6581.58 6601.46 6613.73 6619.69 6626.49 6631.09 6627.84 6622.92 6621.42 6619.75 6620.52 6623.61 6628.51 6632.86 6634.61 6634.68 6641.07 6650.66 6658.68 6665.6
6571.68 6565.57 6561.57 6559.74 6561.8 6566.08 6561.61 6558.73 6557.42 6557.98 6560.05 6563.85 6569.07 6564.13 6557.78 6554.12 6553.72 6559.05 6571.02 6571.42 6569.74 6568.86 6568.15 6566.2 6563.76 6561.1 6558.01 6554.72 6551.93 6547.91 6543.95 6540.78 6538.28 6534.89 6530.68 6526.69 6523.27 6517.41 6517.26 6517.88 6517.95 6516.96 6523.52 6537.97 6550.72 6561.65 6572.32 6589.6 6620.6 6632.58 6644.59 6657.54 6659.08 6655.56 6646.73 6635.8 6627.68 6624.44 6629.25 6636.73 6643.94 6646.66 6644.75 6652.88 6662.3 6669 6673.12
6567.35 6564.06 6562.92 6564.23 6569.32 6575.2 6567.78 6561.36 6558.25 6557.72 6558.66 6559.3 6560.07 6561.37 6560.44 6559.76 6561.33 6568.22 6577.63 6577.87 6576.41 6575.87 6573.32 6570.6 6567.63 6564.42 6560.76 6557.74 6554.16 6550.03 6545.22 6542.35 6542.95 6542.2 6540.71 6538.71 6538.15 6540.4 6542.15 6541.14 6537.47 6532.04 6537.21 6551.4 6563.61 6573.17 6580.48 6589.65 6618.09 6639.7 6655.37 6668.35 6675.31 6677.46 6665.93 6648.91 6636.14 6630.8 6636.72 6647.26 6659.7 6671.29 6670.18 6674.94 6679.71 6683.4 6685.78
6558.6 6560.05 6561.07 6562.68 6565.63 6567.91 6563.65 6558.4 6556.35 6556.15 6556.79 6556.97 6557.16 6560.25 6561.96 6563.09 6564.8 6568.19 6572.47 6579.64 6581.61 6581.25 6578.49 6575.23 6571.8 6568.31 6564.38 6561.11 6557.84 6554.9 6551.77 6549.91 6551.37 6552.39 6552.96 6553.72 6558.54 6570.42 6573.12 6571.39 6567.01 6560.89 6564.79 6575.07 6584.63 6592.37 6598.56 6606.55 6626.69 6650.7 6669.96 6681.36 6687.11 6685.08 6674.85 6659.29 6644.22 6638.8 6646.45 6658.4 6671.67 6686.85 6703.59 6699.46 6698.92 6699.48 6700.82
6553.34 6556.11 6556.82 6557.32 6557.81 6556.34 6554.1 6552.86 6553.4 6554.37 6556.29 6557.99 6559.84 6562.05 6564.33 6566.47 6568.18 6569.96 6578.27 6586.53 6587.8 6586.83 6583.51 6579.73 6576.59 6571.77 6567.56 6564.69 6561.4 6560.44 6562.32 6561.57 6561.61 6564.73 6569.01 6574.86 6594.12 6608.25 6607.83 6605.97 6604.14 6601.64 6602.15 6606.31 6611.91 6618.82 6626.67 6636.59 6653.92 6676.81 6698.26 6707.41 6706.12 6694.64 6685.95 6671.69 6654.53 6648.93 6658.41 6670.29 6683.06 6698.55 6714.03 6715.96 6715.52 6714.53 6712.24
6555.06 6555.48 6554.92 6553.59 6550.54 6545.48 6543.98 6547.14 6550.5 6553.27 6556.53 6560.12 6562.62 6564.61 6567.32 6570.75 6574.67 6579.77 6592.45 6598.42 6595.1 6592.14 6588.35 6584.39 6580.46 6576.38 6572.28 6568.61 6564.74 6563.09 6564.95 6566.9 6570.33 6577.01 6586.21 6599.75 6629.26 6641.74 6639.62 6638.33 6641.18 6646.55 6640.44 6638.23 6641.39 6648.36 6658.91 6672.09 6689.5 6711.04 6734.35 6742 6733.25 6720.45 6706.39 6690.52 6673.72 6668.12 6674.27 6683.5 6695.56 6709.67 6721.23 6726.79 6728.87 6729.59 6727.34
6558.85 6556.99 6556.11 6553.61 6549.16 6541.85 6540.08 6545.58 6550.22 6553.38 6556.34 6561.13 6564.12 6566.42 6570.2 6575.22 6581.83 6591.8 6602.76 6604.4 6599.51 6595.71 6591.84 6588.08 6584.4 6580.68 6577.58 6573.31 6568.35 6563.55 6561.49 6568.09 6577.1 6588.18 6602.71 6621.78 6657.03 6664.87 6662.67 6662.3 6664.92 6669.95 6665.88 6664.03 6666.81 6675.45 6689.13 6707.15 6726.05 6742.48 6755.35 6758.04 6753.23 6744.58 6725.98 6711.66 6701.07 6692.78 6691.17 6695.5 6703.09 6717.34 6729.09 6734.43 6738.56 6742.69 6744.37
6561.96 6560.67 6560.25 6558.56 6554.8 6549.22 6546.93 6551 6554.09 6555.45 6555.98 6557.55 6561.79 6567.08 6572.76 6578.83 6585.75 6593.83 6600.62 6603.21 6599.45 6596.92 6593.6 6590.61 6588.03 6585.7 6583.56 6580.03 6574.96 6567.53 6562.7 6573.2 6585.32 6598.53 6615.37 6638.78 6668.3 6675.73 6676.15 6676.81 6676.23 6676.04 6679.73 6682.2 6686.92 6696.24 6711.04 6731.93 6751.69 6763.94 6763.73 6757.67 6753.79 6746.87 6732.21 6723.78 6721.93 6709.82 6702.54 6703.79 6711.04 6722.71 6732.24 6737.77 6743 6748.31 6749.02
6566.63 6567.68 6568.67 6568.86 6566.95 6564.4 6563.66 6563.7 6563.73 6562.06 6558.8 6556.13 6561.52 6568.98 6575.84 6582.05 6587.57 6591.12 6593.91 6597.59 6597.48 6596.33 6594.15 6592.8 6591.45 6590.57 6590.11 6588.97 6586.59 6581.33 6576.12 6586.73 6596.66 6607.62 6621.15 6642.29 6663.39 6675.87 6682.17 6686.01 6688.08 6688.8 6691.62 6694.78 6699.22 6707.31 6720.04 6737.36 6752.53 6757.53 6749.77 6741.22 6736.8 6730.84 6722.36 6717.29 6716.01 6708.22 6702.79 6704.63 6713.67 6723.74 6730.67 6736.12 6741.8 6746.71 6746.17
6578.28 6580.46 6582.95 6584.45 6584.85 6584.12 6582.34 6581.69 6578.63 6573.68 6567.3 6563.27 6567.41 6574.12 6580.4 6586.19 6590.9 6594.25 6595.99 6597.16 6596.21 6595.11 6594.07 6593.88 6594.11 6595.86 6597.86 6600.12 6603.51 6608.35 6609.11 6607.79 6609.6 6614.67 6621.81 6633.65 6657.77 6673.22 6684.07 6692.03 6699.6 6702.43 6701.13 6702.13 6704.87 6709.82 6717.49 6726.15 6730.97 6729.22 6719.8 6714.45 6711.24 6707.54 6702.72 6698 6694.73 6693.9 6693.41 6695.81 6702.4 6710.75 6721.38 6730.6 6737.25 6740.64 6739.32
6599.48 6599.43 6601.92 6604.52 6606.79 6608.21 6608.83 6605.38 6598.63 6590.13 6581.11 6575.16 6578.31 6583.2 6587.63 6591.57 6595.31 6600 6606.29 6601.9 6594.59 6593.11 6593.53 6594.92 6596.87 6599.73 6604.07 6609.26 6616.89 6628.34 6632.98 6625.18 6621.3 6621.16 6622.91 6630.62 6654.99 6670.74 6683.6 6693.86 6703.03 6706.44 6705.31 6704.65 6705.58 6707.37 6709.33 6710.29 6707.33 6702.24 6693.58 6689.21 6685.7 6684.49 6682.05 6677.02 6675.08 6678.18 6680.78 6682.99 6686.88 6695.69 6712.03 6725.18 6733.63 6736.17 6734.64
6623.59 6622.92 6624.47 6627.42 6630.81 6634.23 6637.07 6631.58 6621.59 6611.37 6601.23 6593.72 6594.4 6595.88 6597.22 6598.01 6598.79 6599.82 6599.41 6589.36 6587.98 6590.33 6593.13 6596.39 6599.82 6604.01 6609.22 6615.68 6623.3 6631.16 6634.5 6632.95 6629.74 6629.02 6629.23 6634.52 6655.22 6669.55 6681.82 6691.58 6700.65 6703.17 6702.65 6701.68 6701.42 6701.36 6699.02 6694.9 6686.86 6676.45 6671.51 6671.5 6669.78 6669.5 6667.12 6662.06 6661.46 6666.73 6671.19 6674.64 6680.29 6691.68 6708.36 6723.05 6733.22 6736.97 6734.06
6647.25 6645.56 6646.61 6650.16 6653.85 6657.51 6660.25 6655.38 6644.86 6634.98 6626.62 6619.2 6614.74 6611.69 6609.12 6606.01 6602.5 6597.05 6587.92 6581.02 6583.71 6589.09 6593.69 6598.46 6602.84 6607.58 6613.24 6619.6 6626.17 6631.41 6634.92 6636.07 6635.73 6637.31 6641.37 6650.91 6660.1 6669.6 6679.42 6686.58 6692.31 6695.56 6695.16 6692.98 6691.17 6688.62 6688.12 6681.84 6672.74 6665.32 6661.85 6663.61 6665.41 6664.04 6660.67 6656.25 6656.91 6661.64 6667.01 6672.85 6681.8 6694.62 6708.99 6723.07 6735.5 6741.66 6735.01
6666.69 6670.62 6673.86 6676.36 6678.53 6679.93 6680.43 6675.73 6665.24 6658.06 6652.72 6644.85 6636 6628.8 6622.69 6616.43 6609.49 6600.78 6589.85 6584.85 6587.09 6591.69 6596.38 6600.5 6605.17 6609.88 6615.35 6621.18 6627.45 6633.17 6636.03 6637.58 6639.48 6643.15 6649.34 6654.68 6662.64 6670.05 6678.01 6683.91 6685.05 6687.45 6686.51 6682.4 6677.89 6674.43 6669.92 6669.17 6664.79 6661.8 6658.68 6662.56 6665.47 6664.65 6661.34 6657.7 6658.39 6662.1 6667.52 6674.85 6686.61 6699.16 6709.51 6720.73 6734.46 6744.91 6731.69
6702.39 6703.77 6701.76 6702.03 6701.98 6700.4 6695.32 6687.11 6681.63 6678.55 6676.72 6667.44 6655.86 6646.33 6637.97 6629.57 6620.52 6611.08 6602.92 6598.53 6596.5 6597.67 6600.52 6603.8 6607.2 6610.93 6616 6621.02 6627.37 6633.42 6635.8 6637.29 6640.27 6645.13 6653.04 6659.39 6662.34 6669.83 6679.03 6686.13 6687.8 6683.82 6677.48 6669.08 6660.85 6654.84 6650.62 6652.97 6662.68 6669.94 6662.42 6667.7 6670.7 6670.39 6666.93 6663.64 6663.67 6666.32 6670.84 6677.62 6691.83 6702.4 6706.72 6711.15 6718.66 6727.06 6715.25
6750.65 6740.66 6733.49 6733.1 6730.9 6726.59 6715.28 6697.76 6701.19 6696.91 6691.24 6682.45 6672.69 6663.67 6654.44 6644.69 6634.3 6624.11 6614.66 6607.04 6604.59 6605.05 6606.56 6608.77 6610.81 6612.75 6615.72 6618.88 6624.8 6631.48 6632.54 6634.13 6637.37 6641.75 6647.76 6646.9 6657.51 6668.24 6678.99 6687.51 6688.77 6679.74 6668.04 6655.32 6641.41 6631.05 6624.57 6626.19 6644.65 6667.76 6670.79 6679.36 6682.18 6680.65 6675.26 6670.41 6670.61 6672.75 6676.25 6681.76 6697.43 6703.63 6700.63 6695.57 6689.85 6687.53 6689.49
6773.16 6766.68 6767.25 6766.04 6763.64 6760.15 6753.59 6744.68 6737.09 6719.37 6700.31 6694.73 6690.12 6682.3 6672.63 6661.71 6650.14 6638.88 6628.51 6620.7 6614.22 6613.99 6614.9 6615.58 6615.81 6615.57 6614.96 6614.73 6617.05 6622.23 6625.4 6629.2 6633.3 6636.28 6636 6639.12 6652.67 6664.97 6676.8 6686.22 6685.52 6672.53 6655.75 6638.57 6621.86 6604.29 6591.87 6584.82 6590.66 6623.34 6664.45 6689.45 6696.94 6693.1 6685.57 6679.39 6679.05 6680.66 6683.73 6689.8 6702.83 6703.06 6694 6681.02 6666.32 6661.81 6668.66
6814.21 6803.18 6800.61 6798.37 6795.57 6794.67 6797.29 6804.74 6785.44 6751.28 6721.56 6717.36 6713.31 6704.77 6693.65 6681.27 6668.42 6655.56 6643.75 6633.47 6626.63 6625.17 6624.99 6624.24 6622.74 6620.08 6616.41 6611.38 6605.57 6606.85 6617.2 6625.32 6631.32 6635.78 6636.67 6641.75 6652.93 6662.24 6671.73 6680.15 6677.17 6661.09 6642.39 6623.12 6602.87 6580.21 6560.19 6542.39 6535.25 6566.18 6634.01 6689.22 6706.26 6703.28 6696.55 6690.39 6687.89 6687.95 6690.65 6696.96 6706.95 6701.76 6689.66 6673.24 6654.64 6650.37 6658.25
6855.12 6834.59 6832.91 6825.94 6820.28 6819.6 6825.41 6836.52 6823.26 6793.04 6764.18 6754.69 6743.56 6730.02 6715.76 6701.33 6687.09 6673.09 6658.92 6645.49 6639.76 6638.66 6637.33 6634.84 6631.51 6626.89 6621.27 6613.79 6603.52 6603.6 6616.33 6626.29 6635.04 6641.58 6644.69 6651.36 6656.76 6660.14 6663.1 6664.68 6660.23 6646.9 6629.26 6609.57 6587.74 6562.45 6538.31 6512.41 6497.7 6536.08 6612.18 6681.94 6706.66 6708.02 6703.43 6697.57 6693.28 6692.4 6694.46 6699.49 6704 6699.55 6689.04 6674.72 6658.15 6654.2 6658.74
