real_craters/C120-1000m.grd
DSAA
43 43
-21.21 21.21
-21.21 21.21
2886.024008848 4187.3472058843
3740.29 3762.77 3756.74 3763.26 3783.33 3787.68 3776.17 3772.68 3797.72 3776.71 3776.5 3786.42 3814.28 3834.38 3828.56 3816.61 3808.09 3815.11 3808.28 3812.99 3820.7 3823.61 3803.5 3799.74 3787.95 3771.05 3799.07 3804.47 3809.15 3815.17 3821.76 3816.69 3840.4 3805.74 3789.82 3789.5 3794.02 3813.19 3779.57 3770.66 3779.53 3802.35 3778.83 
3729.95 3732.6 3753.25 3768.05 3779.06 3775.82 3765.89 3783.67 3786.17 3770.46 3777.07 3784.21 3803.63 3821.24 3811.89 3806.67 3813.11 3812.55 3807.18 3805.89 3812.12 3830.13 3821.05 3827.51 3827.89 3792.38 3801.26 3810.51 3816.05 3821.59 3828.12 3811.5 3814.96 3802.32 3788.12 3787.57 3799.46 3791.88 3783.09 3773.17 3782.03 3785.46 3783.24 
3729.38 3737.98 3751.8 3769.15 3757.39 3756.59 3761.13 3779.67 3785.79 3773.29 3777.84 3785.17 3803.5 3810.19 3808.65 3806.36 3811.55 3801.76 3801.54 3794.21 3807.33 3827.88 3835.52 3844.91 3856.53 3848.66 3823.2 3820.96 3821.19 3821.63 3815.45 3800.5 3805.84 3800.05 3782.72 3803.41 3809.49 3815.29 3813.08 3833.14 3810.44 3791.54 3784.37 
3729.67 3737.89 3750.79 3754.33 3747.53 3748.65 3751.33 3758.47 3771.02 3773.74 3764.78 3777.31 3800.44 3800.7 3794.15 3801.87 3805.07 3815.87 3815.05 3795.61 3802.25 3810.74 3843.34 3849.55 3851.16 3842.28 3835.3 3826.19 3822.71 3819.43 3815.15 3811.25 3815.83 3813.72 3806.72 3832.7 3826.41 3815.57 3806.17 3822.31 3827.77 3808.27 3788.71 
3737.21 3745.34 3754.95 3766.41 3771.94 3765.96 3757.49 3771.92 3779.77 3788.42 3787.45 3789.05 3813.69 3803.46 3802.17 3804.58 3812.33 3828.77 3833.89 3812.96 3816.43 3852.46 3857.42 3854.6 3851.99 3851.77 3837.16 3831.48 3826.24 3824.43 3817.49 3805.77 3806.38 3806.92 3826.46 3850.23 3810.2 3795.11 3815.13 3792.89 3800.94 3790.94 3789.26 
3735.5 3748.79 3762.41 3769.34 3772.48 3771.97 3768.97 3768.69 3781.63 3783.72 3785.48 3788.82 3797.06 3803.67 3804.71 3818.57 3829.71 3842.86 3846.11 3841.2 3844.37 3871.28 3867.37 3856.99 3836.65 3811.07 3815.59 3822.55 3829.8 3836.77 3849.49 3828.04 3813.61 3814.13 3815.52 3847.76 3816.66 3785.96 3799.87 3794.09 3814.98 3822.26 3814.58 
3731.68 3750.37 3774.98 3776.01 3774.98 3768.76 3775.07 3770.32 3772.87 3773.23 3786.32 3793.82 3804.61 3820.95 3833.22 3838.68 3849.8 3861.2 3858.6 3855.06 3871.76 3880.26 3865.02 3853.13 3835.53 3804.13 3804.08 3818.79 3830.85 3843.1 3856.56 3859.16 3861.87 3844.41 3828 3856.25 3836.34 3821.24 3819.85 3820.77 3796.8 3801.65 3814.7 
3727.11 3755.51 3787.44 3782.45 3744.92 3755.5 3765.44 3778.03 3772.57 3772.83 3783.47 3814.95 3833.68 3844.67 3850.92 3846.78 3847.96 3864.03 3855.51 3843.69 3862.33 3858.27 3856.75 3841.61 3836.86 3794.03 3808.46 3819.66 3830.94 3843.35 3855.6 3861.53 3847.63 3846.57 3866.19 3858.87 3862.95 3878.08 3829.56 3811.94 3786.28 3796.15 3799.45 
3766.13 3777.83 3793.22 3781.31 3759.93 3754.74 3756.46 3775.38 3775.17 3779.2 3804.04 3840.51 3851.98 3850.02 3857.35 3847.25 3847.47 3867.39 3859.59 3849.08 3848.81 3850.52 3865.78 3859.36 3847.35 3838.72 3808.14 3811.42 3822.1 3834.25 3840.28 3840.14 3835.26 3830.05 3835.64 3834.86 3848.17 3862.36 3807.61 3781.22 3774.93 3780.1 3790.15 
3813.12 3795.45 3790.66 3776.66 3772.24 3762.53 3771.1 3768.65 3765.94 3783.22 3803.68 3855.67 3856.4 3838.07 3836.3 3845.54 3862.46 3867.02 3865.02 3855.88 3856.2 3862.59 3911.13 3960.88 3957.79 3834.16 3818.97 3825.56 3828.73 3831.06 3837.87 3835.86 3826.12 3821.42 3830.26 3822.04 3838.33 3831.98 3792.93 3786.85 3795.98 3812.56 3810.23 
3794.91 3794.8 3778.44 3772.68 3762.19 3765.43 3775.91 3781.46 3775.02 3793.8 3795.93 3840.18 3843.38 3826.75 3825.77 3843.24 3885.71 3880.3 3871.62 3857.67 3870.37 3934.15 3971.12 3997.9 4059.5 3903.69 3878.11 3869.88 3849.72 3828.36 3832.64 3830.82 3820.05 3825.98 3828.97 3827.43 3842.74 3819.76 3806.48 3801.25 3812.94 3798.38 3791.25 
3803.68 3791.51 3783.55 3761.44 3755.69 3768.39 3768.42 3790.95 3815.79 3832.39 3822.43 3825.87 3831.22 3830.25 3829.58 3847.74 3850.51 3863.04 3897.18 3947.69 3978.14 4066.87 4010.91 3963.11 3940.7 4016.66 3987.29 3928.57 3876.96 3835.55 3830.19 3827.85 3823.63 3825.6 3828.81 3821.9 3827.91 3812.15 3802.09 3782.86 3767.16 3781.01 3775 
3772.86 3775.07 3767.86 3756.77 3750.46 3752.81 3748.75 3786.24 3821.64 3824.91 3814.72 3807.77 3821.34 3833.15 3853.49 3864.79 3857.33 3873.64 3953.55 4024.7 4100.23 4101.59 4010.2 3950.23 3924.43 4034.28 4044.84 3978.86 3906.24 3845.39 3824.66 3829.02 3825.4 3825.53 3825.85 3821.74 3815.31 3810.68 3803.66 3792.42 3764.95 3774.81 3776.96 
3752.33 3751.6 3744.48 3752.43 3753.23 3747.67 3764.17 3789.58 3827.41 3818.39 3792.2 3789.15 3821.24 3856.39 3850.42 3848.68 3919.45 3997.16 4058.25 4035.04 4013.68 3983.88 3956.72 3972.91 4043.38 4063.8 4072.9 4008.58 3932.85 3862.95 3848.56 3837.25 3825.52 3821.61 3820.33 3817.46 3820.15 3814.51 3830.59 3798.01 3772.09 3780.27 3791.32 
3738.85 3734.13 3713.95 3735.19 3755.28 3777.76 3777.07 3794.28 3814.11 3809.8 3781.13 3790.25 3814.67 3849.55 3918.72 4004.82 3985.59 3954.19 3925.31 3837.1 3833.23 3839.48 3777.77 3823.8 3879.04 3978.91 4037.4 4003.29 3965.42 3909.1 3863.39 3849.19 3842.41 3832.63 3816.49 3815.1 3817.89 3820.77 3817.81 3786.07 3777.15 3783.51 3798.02 
3734.04 3739.03 3743.56 3735.79 3756.92 3786.62 3789.42 3792.98 3788.34 3783 3789.39 3812.48 3824.22 3856.52 3914.37 3885.88 3798.28 3708.85 3598.97 3460.16 3423.27 3424.45 3455.84 3507.55 3616.45 3754.51 3867.84 3943.6 4013.22 3983.72 3893.42 3876.6 3858.82 3844.47 3809.14 3814.61 3826.21 3819.13 3807.91 3796.61 3779.16 3787.14 3780.63 
3743.17 3739.33 3733.71 3739.63 3757.77 3782.46 3802.81 3795.76 3776.71 3771.84 3817.35 3820.93 3848.08 3848.26 3819.79 3733.56 3579.62 3422.94 3220.59 3123.26 3086.22 3102.68 3152.95 3211.28 3338.6 3504.95 3656.48 3827.59 4001.57 4067.6 3975.86 3924.08 3874.19 3835.65 3808.8 3812.04 3829.8 3826.22 3816.39 3809.61 3808.27 3797.31 3776.17 
3755.76 3732.74 3723.24 3735.03 3767.74 3804.77 3817.89 3810.04 3799.43 3782.97 3798.73 3817.13 3861 3836.75 3747.46 3617.51 3474.46 3238.71 3005.8 2941.09 2918.97 2940.21 2981.75 3025.85 3141.19 3312.3 3486.69 3674.85 3842.44 4025.04 4041.56 3962.2 3890.31 3810.73 3806.11 3801.97 3795.74 3805.98 3811 3808.29 3818.6 3818.61 3791.28 
3769.66 3750.07 3729.09 3732.46 3771.14 3808.35 3818.62 3821.89 3817.71 3789.57 3817.55 3815.69 3913.37 3842.99 3709.92 3558.84 3361.37 3137.41 2961.48 2929.45 2928.85 2943.08 2939.67 2928.58 3013.91 3168.68 3343.23 3528.87 3717.46 4001.19 4039.36 3963.64 3878.74 3822.43 3812.24 3801.28 3793.16 3796.28 3792.67 3800.69 3804.66 3812.63 3806.36 
3771.27 3762.95 3749.25 3750.64 3778.12 3796.88 3807.32 3814.05 3831.68 3768.17 3782.44 3840.46 3939.52 3832.28 3621.29 3432.24 3201.41 3045.2 2932.13 2921.78 3001.42 3054.42 2937.34 2913.42 2954.42 3054.37 3203.36 3410.43 3671.66 3941.53 3998.63 3939.86 3849.53 3821.58 3814.66 3807.81 3793.3 3785.75 3785.18 3799.49 3796.73 3803.32 3809.27 
3757.16 3759.18 3758.94 3773.99 3801.92 3809.63 3804.69 3797.85 3775.4 3769.74 3797.88 3842.61 3943.93 3811.32 3585.99 3363.59 3080.59 2979.47 2923.87 2939.17 3233.16 3233.94 3118.15 2932.94 2909.12 2965.57 3072.04 3301.8 3617.65 3853.81 3933.22 3916.25 3853.5 3826.11 3822.96 3816.1 3813.39 3782.47 3786.64 3793.84 3805.08 3815.77 3822.58 
3748.82 3779.11 3779.03 3788.3 3812.32 3819.87 3811.31 3802.3 3793.69 3782.58 3798.89 3835.02 3883.59 3807.55 3639.06 3394.58 3061.21 2960.12 2925.48 2958.67 3195.42 3292.24 3252.23 2946.92 2886.02 2919.45 3003.9 3238.69 3554.79 3785.3 3883.91 3906.22 3902.02 3830.3 3812.85 3805.26 3812.68 3786.17 3784.69 3784.69 3792.55 3798 3811 
3751.34 3763.76 3751.06 3774.75 3795.75 3812.92 3819.21 3815.6 3804.15 3794.04 3804.26 3820.97 3859.23 3834.13 3747.04 3411.77 3092.99 2982.26 2932.26 2944.35 3056.36 3121.66 3042.28 2915 2896.99 2936.86 3013.23 3270.29 3673.42 3796.39 3871.88 3896.04 3891.52 3831.77 3807.57 3801.09 3799.48 3791.38 3782.67 3781.38 3783.12 3800.06 3819.55 
3743.62 3739.23 3773.98 3768.34 3757.88 3820.47 3826.36 3821.71 3812.27 3790.51 3801.77 3822.49 3858.23 3853.93 3773.36 3547.21 3220.48 3049.3 2942.93 2926.17 2934.41 2947.03 2936.64 2933.63 2964.17 3023.58 3120.52 3365.38 3713.81 3841.73 3898.13 3885.54 3853.96 3827.55 3806.6 3801.84 3805.19 3786.64 3781.93 3787.67 3798.32 3821.53 3831.24 
3746.02 3749.89 3779.06 3774.98 3794.18 3826.82 3826.27 3828.25 3814.99 3799.91 3803.52 3842.23 3888.68 3899.42 3832.76 3665.08 3480 3215.29 3015.98 2932.11 2927.34 2930.93 2930.12 2953.35 3034.71 3135.47 3262.82 3472.47 3801.62 3964.49 3951.3 3889.19 3838.82 3821.65 3813.79 3804.23 3796.31 3790.3 3779.98 3788.56 3820.06 3842.25 3854.87 
3738.09 3736.49 3763.01 3770.33 3766.42 3784.43 3813.41 3831.46 3819.38 3807.36 3812.83 3858 3886.85 3951.97 3966.49 3835.98 3690.42 3468.67 3214.4 3020.6 2976.8 2954.15 2955.74 2992.26 3126.67 3278.12 3442.25 3635.96 4077.44 4125.98 4004.29 3889.16 3827.17 3813.18 3809.78 3816.95 3808.98 3783.87 3784.71 3794.74 3815.99 3832.87 3863.39 
3735.22 3734.3 3758.58 3764.99 3760.41 3771.24 3798.42 3830.81 3850.98 3849.95 3826.9 3859.26 3852.97 3916.98 4029.73 3936.47 3766 3644.62 3471.89 3290.27 3156.2 3075.78 3069.33 3107.68 3297.51 3489.75 3693.77 3936.44 4119.25 4119.94 3999.18 3870.11 3816.95 3813.56 3810.08 3835.92 3799.01 3787.86 3790.09 3785.68 3808.18 3834.54 3847.02 
3726.72 3746.06 3769.72 3763.46 3774.93 3770.75 3780.56 3807.46 3866.72 3891.46 3847.66 3849.82 3832.1 3852.09 3941.15 3976.89 3965.04 3816.19 3679.13 3575.86 3428 3291.29 3279.08 3384.46 3543.31 3706.7 3894.4 4129.87 4149.77 4078.24 3960.56 3860.55 3831.73 3826.08 3824.61 3803.7 3793.22 3792.59 3797.21 3804.34 3819.65 3829.7 3854.42 
3738.1 3751.44 3757.59 3752.74 3753.16 3765.89 3772.77 3782.13 3856.83 3828.37 3850.16 3852.99 3853.74 3841.93 3859.18 3970.48 4099.53 4161.05 3917.76 3803.44 3740.44 3729.72 3709.64 3744.03 3807.49 3874.7 3968.15 4058.09 4085.4 4006.43 3920.25 3857.23 3852.35 3830.42 3816.14 3799.33 3803.8 3810.56 3815.17 3825.8 3844.62 3862.98 3849.42 
3769.58 3744.91 3744.6 3745.08 3757.76 3769.79 3789.07 3822.1 3837.01 3828.04 3838.54 3837.48 3831.01 3852.87 3858.9 3910.92 3962.75 4019.33 4137.5 4080.88 4106.15 4129.3 4137.28 4187.35 3999.25 3950.27 3954 3942.98 3965.72 3937.87 3887.18 3831.87 3824.15 3822.33 3810.25 3804.43 3811.24 3812.65 3820.06 3829.23 3849.11 3822.48 3816.89 
3764.12 3758.51 3745.26 3745.13 3747.98 3775.06 3802.38 3805.14 3796.82 3810.29 3832.05 3836.08 3837.19 3835.32 3849.35 3863.59 3871.38 3908.7 3958.54 4024.87 4043.14 4027.22 4048.77 4002.97 3974.87 3929.57 3910.77 3905.71 3883.07 3887.71 3861.76 3839.37 3820.92 3818.51 3817.86 3805.39 3809.59 3813.46 3814.51 3822.13 3834.56 3843.83 3795.75 
3743.86 3743.42 3742.79 3738.87 3761.08 3778.02 3794.61 3812.75 3815.09 3823.7 3833.26 3846.45 3830.96 3829.4 3842.21 3842.09 3841.47 3857.96 3876.79 3891.92 3867.85 3869.3 3922.1 3925.34 3902.1 3878.98 3841.86 3833.75 3869.84 3866.43 3852.34 3832.26 3818.27 3821.29 3821.25 3818.39 3823.92 3823.86 3830.77 3832.19 3845.83 3848.3 3825.05 
3756.12 3751.88 3746.17 3748.61 3767.99 3776.99 3784.8 3804.73 3819.06 3840.63 3879.43 3876.6 3848.36 3853.62 3841.97 3832.13 3825.63 3845.58 3850.38 3843.38 3834.5 3833.83 3836.46 3846.44 3845.06 3837.1 3822.58 3825.24 3848.97 3852 3844.76 3823.1 3823.69 3828.98 3834.57 3841.6 3842.73 3844.69 3851.44 3847.46 3861.59 3835.37 3844.11 
3760.88 3757.54 3748.61 3756.69 3765.33 3772.39 3784.29 3773.74 3819.39 3847.8 3870.14 3909.59 3873.49 3863.61 3845.23 3825.17 3815.06 3828.36 3829.92 3829.2 3820.99 3818.73 3817.84 3821.19 3823.59 3821.8 3821.96 3828.1 3837.83 3841.13 3841.48 3855.26 3844.47 3839.96 3840.98 3851.09 3864.31 3856.45 3832.39 3828.74 3794.84 3781.49 3790.13 
3742.4 3741.77 3737.36 3762.13 3760.64 3761.59 3759.6 3756.86 3791.24 3832.16 3882.88 3911.24 3898.13 3854.47 3839.61 3821.11 3804.55 3802.61 3817.64 3822.35 3821.97 3812.12 3822.42 3820.2 3822.5 3814.55 3806.33 3811.37 3826.62 3840.93 3850.65 3852.12 3858.8 3851.97 3845.39 3836.36 3836.29 3818.75 3780.69 3769.6 3770.8 3777.61 3773.26 
3757.51 3727.43 3707.49 3746.07 3755.28 3751.16 3748.31 3765.28 3768.96 3804.96 3832.75 3868.62 3870.24 3867.46 3844.09 3822.96 3808.46 3813.84 3818.39 3824.59 3826.61 3831.88 3819.18 3811.55 3820.84 3812.64 3807.84 3826.97 3837.96 3846.44 3864.65 3878.71 3868.91 3857.58 3845 3839.09 3824.9 3800.35 3776.61 3755.07 3765.61 3779.47 3777.01 
3770.93 3733.45 3739.6 3748.42 3750.78 3744.5 3742.51 3752.37 3762.66 3780.27 3807.59 3795.99 3813.72 3811.72 3835.88 3829.03 3819.84 3815.87 3825.5 3831.07 3832.4 3835.86 3829.92 3818.26 3816.39 3815.41 3811.88 3825.1 3845.72 3855.02 3855.78 3888.26 3872.69 3856.91 3848.39 3851.62 3850.01 3828.78 3790.77 3784.11 3770.29 3777.48 3787.96 
3745.33 3739.07 3765.75 3754.39 3746.8 3740.38 3738.77 3734.06 3729.9 3755.95 3775.53 3782.43 3784.93 3788.89 3815.14 3823.6 3825.74 3823 3834.77 3839.34 3842.11 3825.84 3825.59 3820.64 3808.56 3817.38 3830.37 3840.6 3857.03 3869.94 3878.51 3874.13 3861.43 3846.36 3841.39 3850.84 3826.12 3802.62 3786.58 3764.89 3773.55 3794.12 3805.97 
3724.51 3737.42 3759.01 3756.35 3740.79 3733.55 3727.96 3717.92 3715.11 3738.95 3759.2 3770.35 3765.9 3767.29 3791.15 3806.07 3829.82 3828.62 3837.71 3837.31 3838.99 3832.65 3824.39 3813.85 3812.25 3821.34 3835.67 3847.75 3856.7 3868.31 3881.7 3866.38 3851.54 3834.48 3834.39 3858.62 3829.85 3815.27 3796.81 3785.34 3778.26 3799.37 3816.52 
3714.79 3729.36 3740.9 3728.95 3729.1 3726.37 3725.59 3714.49 3714.65 3728.64 3745.65 3761.53 3757.14 3756.89 3770.66 3763.56 3786.67 3819.13 3821.99 3821.82 3835.41 3836.65 3830.15 3827.22 3825.82 3829.57 3837.87 3849.8 3856.57 3862.17 3861.98 3851.13 3836.42 3826.29 3829.86 3845.09 3844.69 3835.52 3807.39 3783.25 3793.68 3813.67 3842.33 
3714.7 3721.09 3721.3 3719.88 3722.6 3718.98 3710.3 3714.78 3717.71 3722.17 3730.64 3739.7 3739.23 3738.31 3751.73 3757.24 3764.7 3771.99 3762.1 3793.66 3829.69 3829.44 3832 3833.14 3834.29 3843.25 3852.64 3849.3 3842.68 3831.49 3835.27 3829.22 3821.39 3815.71 3824.85 3859.77 3879.92 3841.13 3812.21 3803.23 3822.86 3835.51 3828.1 
3720.69 3721.76 3734.17 3732.36 3730.68 3725.84 3729.98 3727.52 3728.69 3728.58 3728.32 3725.89 3731.17 3735.51 3741.53 3741.29 3735.41 3744.43 3763.33 3765.75 3769.37 3812.86 3833.26 3838.22 3828.23 3837.31 3853.25 3840.2 3824.24 3797.77 3785.23 3799.58 3806.43 3810.4 3818.76 3837.82 3860.7 3851.5 3816.97 3794.21 3812.09 3823.92 3826.12 
3713.84 3703.8 3728.55 3750.62 3742.11 3734.05 3741.45 3749.15 3743.56 3736.46 3733.22 3730.5 3735.62 3743.9 3746.09 3737.41 3732.05 3747.6 3765.81 3762.31 3750.36 3782.48 3817.53 3844.93 3816.07 3824.98 3826.59 3814.28 3805.35 3795.81 3769.76 3785.62 3799.68 3815.59 3826.52 3836.33 3853.5 3853.2 3812.4 3806.74 3825.97 3794.16 3772.04 
