real_craters/C120-500m.grd
DSAA
149 149
-37.1175 37.1175
-37.1175 37.1175
5529.6414009108 7041.1810451078
[rows 0 to 29 of 149, columns 67 to 133 of 149]
6581.49 6604.5 6631.15 6659.91 6668.15 6647.65 6628.66 6621.49 6629.37 6640.08 6651.47 6658.12 6643.18 6624.36 6597.03 6567.03 6537.99 6511.23 6498.49 6493.37 6488.53 6486.18 6483.69 6480.17 6475.81 6474.07 6474.4 6472.91 6472.13 6471.86 6473.5 6478.77 6484.01 6490.25 6489.15 6485.07 6480.02 6479.08 6477.83 6471.79 6463.68 6461.34 6451.38 6446.14 6449.3 6447.88 6455.47 6468.15 6482.83 6495.8 6502.03 6494.5 6479.01 6462.45 6447.82 6433.35 6433.29 6439.2 6438.47 6437.69 6437.76 6437.11 6434.95 6431.9 6422.79 6415.1 6409.53
6583.51 6601.06 6617.61 6629.97 6634.95 6628.09 6615.37 6612.29 6622.46 6635.91 6648.09 6660.86 6656.92 6624.84 6591.66 6559.44 6529.43 6502.99 6482.46 6479.64 6478.03 6475 6471.93 6468.39 6463.79 6462.17 6458.94 6462.46 6465.93 6469.13 6472.63 6478.15 6478.09 6477.03 6472.9 6467.93 6461.22 6456.03 6455.41 6452.91 6445.61 6443.3 6435.4 6426.31 6423.11 6431.26 6442.31 6456.7 6474.5 6493.19 6501.8 6495.15 6472.71 6450.4 6439.59 6429 6423.79 6425.51 6427.07 6428.52 6431.7 6434.9 6436.06 6431.48 6421.45 6410.15 6406.59
6587.16 6595.32 6601.04 6601.96 6597.4 6598.13 6599.99 6603.83 6618.6 6633.71 6645.48 6654.19 6647.79 6614.2 6580.16 6548.37 6519.72 6496.01 6479.94 6474.98 6471.47 6468.24 6465.09 6461.6 6457.12 6453.71 6448.57 6454.37 6459.66 6462.62 6463.21 6464.6 6464.42 6463.13 6459.26 6456.26 6447.69 6443.11 6442.71 6442.43 6439.58 6435.11 6421.89 6407.79 6404.11 6415.32 6428.24 6443.34 6461.2 6483.38 6494.68 6489.25 6463.53 6437.65 6433.08 6422.4 6410.14 6413.21 6417.18 6419.97 6425.73 6432.76 6438.17 6433.25 6418.16 6410.87 6405.35
6590.16 6589.13 6587.55 6584.88 6584.88 6593.9 6596.8 6602.25 6619.21 6632.13 6638.14 6627.65 6617.8 6591.61 6563.47 6535.23 6509.18 6487.21 6473.8 6471.69 6466.23 6464.08 6462.48 6460.23 6456.94 6453.97 6449.97 6453.37 6457.73 6459.82 6457.56 6457.94 6456.02 6455.14 6452.85 6450.69 6448.44 6441.83 6436.44 6436.62 6435.24 6427.36 6412.46 6396.91 6394.47 6405.1 6417.26 6428.33 6438.87 6460.67 6480.99 6477.44 6451.43 6431.51 6425.76 6416.04 6408.95 6408.4 6408.17 6412.04 6419.75 6428.57 6435.34 6434.45 6425.67 6415.88 6417.75
6586.17 6579.75 6574.34 6569.9 6571.99 6577.51 6575.68 6607.43 6622.46 6627.31 6625.56 6591.04 6578.87 6565.15 6542.72 6518.81 6496.45 6477.03 6463.79 6457.05 6459.38 6460.41 6460.82 6460.97 6460.63 6460.87 6458.67 6458.2 6458.18 6458.27 6454.99 6454.15 6452.72 6450.23 6447.62 6446.33 6441.16 6434.08 6430.87 6431.16 6432.85 6422.67 6407.49 6394.84 6393.69 6402.03 6411.75 6417.49 6416.9 6425.78 6450.04 6452.48 6435.97 6417.89 6418.79 6417.07 6417.37 6415.08 6406.96 6407.13 6414.7 6421.75 6426.98 6425.16 6419.56 6416.45 6417.5
6570.52 6565.63 6560.08 6554.12 6548.5 6562.61 6578.56 6602.36 6609.49 6609.46 6615.44 6594.15 6563.99 6543 6522.65 6502.69 6483.71 6468.38 6462.34 6457.38 6456.01 6458.65 6460.8 6462.69 6465.29 6468.95 6466.8 6462.84 6459.82 6457.51 6455.38 6451.11 6449.52 6446.2 6442.69 6439.07 6433.99 6426.95 6424.37 6423.89 6422.89 6415.36 6403.25 6396.12 6396.95 6404.9 6413.91 6420.08 6421.8 6417.62 6419.71 6430.23 6434.32 6431.98 6435.1 6441.15 6445.04 6435.65 6425.37 6414.03 6414.75 6414.51 6413.05 6407.91 6404.46 6402.74 6399.65
6550.43 6550.49 6547.2 6544.41 6545.44 6558.16 6570.97 6568.35 6564.11 6567.54 6571.08 6572.15 6543.62 6521.05 6502.97 6487 6471.49 6459.02 6454.51 6453.65 6456.28 6459.26 6461.43 6463.7 6467.32 6474.7 6471.46 6464.94 6459.65 6455.59 6452.47 6448.3 6445.85 6443.29 6440.05 6436.6 6431.99 6425.39 6421.97 6421.4 6413.35 6411.19 6401.69 6391.92 6401.63 6413.87 6425.21 6434.95 6441.9 6438.72 6437.88 6447.72 6454.61 6458.04 6470.14 6480.86 6474.24 6458.89 6444.86 6432.22 6420.67 6409.45 6396.73 6379.83 6377.12 6377.1 6374.85
6535.68 6537.12 6535.87 6534.55 6537.85 6545.73 6552.05 6530.39 6517.4 6521.43 6521.03 6522.34 6508.39 6497.55 6484.74 6472.71 6459.68 6448.86 6447.13 6451.03 6459.65 6461.31 6462.1 6463.03 6464.43 6465.3 6465.22 6462.75 6458.95 6455.65 6451.41 6448.75 6445.45 6442.59 6439.43 6435.35 6431.04 6427.62 6426.87 6427.67 6429.08 6419.76 6410.2 6403.49 6415.22 6429.31 6442.36 6454.93 6466.95 6475.48 6486.71 6490.07 6493.97 6494.03 6492.51 6489.98 6486.6 6476.81 6463.7 6445.31 6427.53 6410.15 6389.09 6369.59 6367.9 6366.19 6366.75
6527.28 6527.39 6524.77 6520.73 6516.3 6514.14 6507.47 6493.8 6482.17 6495.1 6498.97 6489.84 6482.59 6478.74 6470.73 6461.13 6450.93 6443.56 6446.25 6456.71 6464.53 6464.28 6463.78 6462.32 6462.21 6460.92 6459.75 6459.04 6456.59 6453.49 6450.97 6448.53 6445.35 6441.45 6439.09 6436.64 6433.65 6434.18 6431.74 6429.41 6430.16 6432.14 6431.14 6429.4 6439.42 6450.32 6461.36 6474.25 6490.83 6508.91 6525.56 6525.81 6531.19 6527.11 6514.05 6504.87 6498.94 6490.44 6479.15 6458.95 6439.88 6421.21 6399 6379.99 6375.11 6366.59 6364.21
6526.47 6522.73 6516.67 6509.15 6499.62 6494.79 6488.69 6475.06 6473.89 6476.09 6472.91 6465.91 6470.09 6466.3 6460.2 6452.76 6445.46 6441.68 6444.05 6451.06 6462.5 6464.61 6463.39 6460.51 6457.67 6454.83 6454.79 6453.62 6451.82 6449.55 6446.91 6443.96 6441.11 6439.43 6437.96 6437.53 6439.98 6436.34 6434.93 6431.63 6435.49 6448.18 6462.55 6468.06 6466.27 6469.47 6476.69 6487.46 6499.98 6516.69 6533.7 6543.73 6547.66 6548.51 6542.33 6521.22 6511.92 6500.66 6487.32 6474.04 6457.48 6437.11 6421.97 6419.02 6385.9 6353.9 6348.87
6529.56 6516.94 6507.79 6498.35 6489.44 6487.74 6477.42 6466.68 6466.58 6462.51 6459.78 6457.72 6460.53 6457.58 6453.19 6447.35 6441.12 6437.77 6441.53 6448.58 6460.66 6465.41 6462.75 6458.23 6454.07 6449.59 6450.56 6452.67 6450.44 6452.78 6450.85 6449.24 6446.6 6444.4 6442.89 6439.9 6438.45 6434.88 6438.4 6440.55 6445.33 6463.58 6484.27 6493.46 6485.04 6483.39 6487.69 6496.93 6507.86 6525.66 6547.45 6557.77 6567.15 6567.72 6567.96 6551.7 6528 6511.11 6496.68 6484.45 6469.48 6447.83 6428.29 6417.82 6389.61 6355.67 6341.14
6525.48 6510.56 6497.54 6488.44 6480.55 6476.48 6475.38 6467.9 6445.2 6453.72 6455.77 6452.89 6451.81 6450.16 6447.7 6444.71 6440.71 6439.38 6440.85 6444.38 6464.51 6466.68 6460.56 6454.31 6451.98 6450.56 6450.6 6452.14 6453.46 6453.62 6452.55 6451.46 6448.83 6447.27 6444.6 6440.18 6437.62 6441.43 6454.71 6459.33 6460.52 6471.85 6486.11 6492.54 6492.15 6492.23 6494.97 6501.5 6515.53 6531.95 6552.18 6569.45 6580.36 6585.24 6579.81 6559.67 6536.64 6516.59 6499.36 6487.16 6478.21 6447.63 6428.64 6418.87 6394.46 6358.78 6342.68
6511.56 6499.24 6487.12 6477.33 6469.57 6464.75 6467.03 6457.3 6435.49 6439.05 6452.83 6451.65 6446.25 6445.83 6445.49 6444.09 6442.6 6443.7 6445.95 6442.4 6467.51 6466.25 6454.26 6448.29 6448.54 6450.34 6454.11 6458.72 6456.94 6454.31 6451.77 6450.59 6449.69 6442.6 6440.8 6439.37 6442.52 6465.78 6435.33 6440.77 6464.57 6467.53 6474.92 6483.45 6487.95 6491.38 6495.24 6501.04 6510 6528.39 6551.22 6576.26 6595.05 6594.54 6590.43 6562.62 6535.89 6512.14 6490.62 6470.41 6443.24 6427.85 6417.03 6420.84 6397.83 6365.64 6346.1
6494.07 6485.6 6476.27 6466.4 6458.53 6457.89 6460.32 6446.8 6438.52 6439.04 6448.52 6448.85 6446.42 6446.19 6446.79 6448.09 6444.67 6449.59 6459.11 6470.31 6473.57 6454.87 6438.14 6439 6445.49 6453.07 6460.72 6462.28 6462.76 6459.09 6459.76 6455.23 6455.99 6451.4 6444.22 6444.47 6449.22 6443.16 6346.86 6332.59 6430.01 6456.2 6464.66 6473.16 6481.42 6488.44 6495.72 6502.75 6515.63 6535.61 6553.54 6571.26 6584.99 6588.35 6585.02 6564.02 6535.08 6501.25 6479.83 6454.01 6424.69 6405.87 6392.33 6391.35 6394.23 6385.32 6362.2
6478.06 6471.36 6463.07 6454.41 6444.65 6439.43 6439.19 6441.04 6440.73 6445.23 6437.18 6443.4 6447.3 6449.15 6449.55 6450.41 6455.99 6458.17 6465.12 6478.81 6467.2 6406.42 6405.47 6429.18 6454.03 6465.27 6467.84 6467.88 6468.27 6467.32 6465.15 6465.24 6463.99 6457.69 6447.45 6448.7 6457.46 6464.62 6427.66 6419.65 6449.94 6459.72 6464.23 6470.41 6477.85 6486.77 6496.47 6507.83 6522.54 6545.04 6553.73 6558.05 6565.92 6574.3 6575.33 6564.03 6542.79 6521.36 6485.37 6451.95 6417.61 6398.43 6391.37 6396.23 6407.34 6420.6 6385.53
6462.71 6457.38 6451.45 6444.41 6436.27 6430 6435.22 6438.89 6431.05 6424.46 6429.96 6445.68 6456.46 6458.06 6450.57 6444.42 6447.12 6451.34 6455.08 6447.3 6370.27 6315.17 6368.75 6423.21 6469.75 6481.09 6477.73 6475.17 6471.63 6467.45 6468.47 6468.8 6462.85 6458.43 6451.17 6454.34 6469.43 6495.74 6510.64 6514.65 6481.49 6470.09 6466.81 6474.31 6481.49 6488.31 6496.62 6507.76 6524.85 6541.86 6547.7 6547.98 6553.41 6560.47 6562.7 6557.36 6543.06 6521.94 6495.19 6464.24 6430.09 6409.11 6399.76 6415.97 6422.49 6392.71 6353.94
6448.61 6446.02 6443.6 6440.63 6438.94 6440.77 6443.37 6444.84 6436.74 6434.72 6454.17 6457.3 6461.64 6461.37 6453.72 6439.06 6423.23 6441.55 6447.11 6425.5 6354.19 6304.2 6366.36 6427.59 6475.37 6486.74 6484.06 6478.53 6478.81 6480.39 6478.74 6469.64 6467.93 6460.16 6457.84 6459.48 6474.74 6494.41 6493.94 6484.76 6483.68 6476.85 6475.18 6478.52 6484.23 6489.55 6495.69 6507.84 6526.63 6535.97 6544.61 6547.84 6552.22 6553.6 6554.22 6550.48 6538.87 6525.08 6507.91 6489.15 6470.48 6450.18 6423.69 6420.24 6403.51 6373.33 6347.81
6435.13 6436.93 6438.38 6439.68 6441.39 6446.13 6453.04 6449.53 6446.41 6447.88 6458 6463.5 6466.21 6466.69 6466.21 6456.4 6446.18 6457.22 6461.57 6450.89 6424.4 6382.57 6404.86 6444.26 6478.61 6489.85 6489.72 6487.27 6481.19 6481.36 6477.16 6467.53 6464.85 6460.49 6463.42 6468.49 6481.82 6498.03 6512.39 6499.95 6488.1 6482.79 6480.86 6483.44 6487.4 6491.73 6496.68 6505.51 6528.52 6534.71 6547.66 6558.87 6561.18 6562.25 6555.38 6550.7 6541.71 6531.6 6524.3 6517.56 6514.4 6508.62 6483.01 6438.29 6401.01 6383.45 6364.56
6425.95 6431.36 6436.09 6439.78 6442.94 6447.75 6453.85 6451.82 6448.67 6450.69 6462.29 6469.94 6475.43 6481.76 6489.85 6494.58 6493.18 6493.39 6490.61 6485.11 6484.84 6460.48 6451.02 6461.61 6478.12 6486.23 6487.75 6485.2 6481.68 6479.45 6472.69 6465.33 6464.21 6463.84 6468.04 6484.1 6486.78 6499.07 6509.8 6500.16 6493.27 6490.93 6491.1 6493.89 6497.73 6502.36 6508.09 6522.54 6540.16 6543.87 6553.8 6562.12 6567.44 6569.36 6565.99 6558.52 6550.22 6545.33 6542.61 6540.63 6538.3 6535.3 6513.87 6463.51 6418.63 6407.3 6390.88
6423.57 6430.34 6436.76 6443.12 6449.02 6450.96 6454.37 6456.34 6455.68 6458.94 6468.88 6477.8 6485.53 6494.19 6518.28 6537.26 6540.13 6533.57 6522.77 6509.88 6489.24 6488.77 6482.1 6473.96 6474.78 6480.09 6481.73 6481.29 6475.02 6473.26 6467.84 6465.06 6464.84 6464.81 6464.73 6462.91 6481.9 6494.52 6497.55 6495.94 6497.67 6502.44 6503.36 6503.68 6506.68 6512.65 6522.37 6534.97 6550.08 6558.02 6561.44 6567.08 6572.41 6576.71 6575.31 6570.58 6567.56 6565.75 6562.73 6560.18 6552.77 6543.68 6530.11 6487.42 6449.31 6434.11 6421.68
6427.33 6432.5 6439.87 6447.16 6450.46 6453.16 6454.63 6467.24 6468.02 6472.18 6480.73 6486.68 6497.86 6518.26 6546.32 6582.07 6586.36 6565.86 6549.32 6535.29 6521.91 6520.81 6504.74 6483.91 6477.05 6479.41 6478.41 6477.14 6475.75 6473.65 6470.59 6469.27 6469.03 6468.7 6469.46 6473.63 6483.16 6493.05 6497.42 6494.96 6496.03 6510.78 6511.16 6509.59 6513.19 6520.4 6531.22 6542.83 6551.56 6559.73 6565.48 6570.98 6576.17 6579.37 6582.98 6581.78 6582.03 6585.18 6584.24 6579.2 6572.2 6556.73 6543.75 6512.01 6472.68 6454.95 6442.48
6433.64 6436.95 6444.38 6453.92 6460.06 6456.72 6456.85 6465.88 6466.99 6477.6 6484.18 6488.8 6502.88 6525.53 6553.53 6586.51 6592.05 6575.61 6560.82 6552.45 6558.6 6548.75 6518.44 6501.46 6491.47 6486.77 6483.4 6479.77 6476.4 6474.34 6472.59 6470.86 6471.32 6472.58 6475.62 6480 6487.61 6494 6498.02 6483.72 6481.2 6494 6503.56 6510.5 6517.33 6525.05 6532.5 6542.32 6553.73 6560.19 6565.7 6572.54 6579.64 6584.44 6586.88 6591.87 6597.88 6606.94 6606.6 6603.3 6599.32 6592.51 6574.7 6548.32 6515.45 6497.08 6476.56
6439.16 6441.04 6447.64 6457.4 6466.69 6455.3 6449.6 6454.08 6452.56 6468.65 6468.27 6482.65 6499.18 6515.4 6540.01 6564.18 6573.61 6567.48 6556.13 6548.3 6544.29 6529.81 6516.67 6520.38 6509.1 6495.91 6486.6 6481.4 6477.57 6474.75 6473.55 6472.55 6473.42 6476.41 6480.31 6485.75 6492.23 6496.81 6502.11 6491.16 6479.91 6477.79 6497.99 6511.62 6521.16 6528.64 6533.47 6540.38 6551.86 6558.76 6564.41 6571.91 6581.38 6588.39 6592.79 6600.57 6613.17 6624.03 6624.63 6626.03 6627.15 6621.11 6606.94 6590.05 6583.43 6565.47 6533.36
6444.38 6445.27 6448.37 6450.55 6450.84 6447.64 6442.29 6444.55 6449.92 6454.01 6458.82 6479.78 6498.99 6511.98 6529.59 6549.27 6555.45 6551.14 6541.11 6529.27 6514.73 6499.25 6503.39 6511.89 6506.83 6495.76 6487.18 6481.75 6478.52 6476.12 6475.02 6474.21 6475.68 6477.35 6482.09 6488.08 6496.16 6504.36 6507.56 6515.53 6505.24 6498.48 6505.91 6516.15 6525.39 6533.78 6541.35 6543.97 6547.98 6556.93 6565.22 6573.05 6581.24 6590.2 6597.65 6605.03 6614.62 6626.3 6632.12 6640.07 6651.97 6653.7 6631.84 6610.86 6599.69 6586.04 6558.84
6452.28 6450.88 6450.82 6448.27 6444.79 6443.36 6439.05 6437.95 6427.93 6448.92 6461.01 6486.28 6509.33 6525.9 6537.34 6542.56 6542.11 6535.15 6523.81 6509.51 6492.43 6478.07 6487.68 6494.67 6497.96 6493.6 6489.82 6485.84 6482.77 6480.21 6478.01 6476.4 6476.32 6476.33 6479.05 6485.55 6495.37 6505.46 6503.67 6487.54 6499.87 6514.66 6517.35 6523.4 6530.84 6538.76 6546.84 6550.59 6552.67 6558.39 6565.55 6573.8 6582.59 6592.82 6601.14 6608.2 6615.88 6623.99 6629.57 6638.2 6662.39 6678.71 6648.09 6612.78 6579.24 6567.58 6551.49
6463.17 6457.99 6456.46 6458.67 6453.68 6445.48 6440.59 6437.95 6437.92 6448.21 6474.19 6501.38 6526.62 6552.59 6563.64 6545.07 6531.42 6520.09 6507.38 6493.45 6480.13 6474.07 6481.07 6488.4 6491.5 6490.69 6488.25 6485.79 6483.02 6480.59 6478.26 6476.66 6475.71 6474.43 6473.44 6480.38 6489.38 6497.19 6491.97 6489.66 6502.16 6519.37 6524.28 6529.49 6535.85 6542.32 6548.71 6554.76 6558.1 6562.67 6566.13 6577.74 6585.88 6598.03 6605.71 6612.27 6621.45 6629.12 6622.04 6608.65 6614.3 6645.69 6636.16 6607.62 6578.96 6550.1 6542.09
6474.36 6464.76 6459.64 6455.8 6452.83 6448.19 6443.84 6441.94 6438.47 6451.85 6490.15 6514.54 6536.51 6557.8 6561.78 6534.26 6518.85 6505.94 6492.98 6480.48 6470.84 6468.89 6474.56 6478.22 6484.23 6486.41 6487.21 6485.8 6483.46 6481.23 6478.31 6476.71 6475.4 6474.73 6476.07 6477.91 6481.75 6484.46 6491.41 6504.32 6528.21 6526.06 6532.72 6537.74 6542.05 6546.2 6552.35 6558.33 6565.01 6572.32 6579.22 6589.67 6597.31 6604.99 6610.51 6617.16 6631.72 6645.75 6617.38 6566.48 6505.81 6512.34 6569.18 6589.37 6579.32 6547.35 6536.31
6482.12 6469.17 6462.19 6458.46 6452.94 6450 6448.89 6450.58 6443.37 6459.39 6497.31 6519.54 6534.65 6547.43 6549.04 6519.26 6504.4 6492.85 6481.01 6470.25 6460.58 6453.98 6456.9 6470.16 6479.07 6482.43 6484.63 6484.02 6483.87 6481.19 6479.28 6476.55 6475.82 6474.93 6475.02 6476.12 6476.47 6480.61 6498.25 6514.74 6523.6 6534.29 6545.82 6549.3 6549.52 6549.86 6553.69 6563.37 6573.41 6584.8 6595.83 6602.82 6612.26 6609.5 6614.82 6621.9 6640.07 6655.55 6622.8 6555.83 6472.05 6484.21 6550.96 6580.18 6569.24 6541.5 6531.96
6478.46 6469.35 6463.61 6459.1 6454 6450.53 6449.38 6451.86 6453.84 6474.66 6495.88 6512.67 6524.38 6530.86 6522.61 6501.65 6490.37 6480.65 6471.15 6461.97 6454.15 6447.14 6464.05 6473.92 6477.99 6481.21 6481.96 6481.77 6481.46 6480.62 6479.16 6477.08 6475.51 6475.27 6477.66 6475.53 6476.39 6486.48 6507.13 6523.72 6540.55 6560.97 6565.3 6562.15 6557.68 6554.85 6561.64 6571.88 6581.23 6591.44 6601.02 6606.92 6610.87 6612.61 6618.71 6629.56 6646.37 6660.34 6639.41 6594.07 6547.43 6562.65 6620.69 6590.76 6560.19 6537.99 6528.88
6477.45 6470.14 6465.31 6460.01 6454.47 6449.57 6445.82 6443.54 6449.31 6477.89 6489.58 6499.42 6510.66 6514.62 6508.43 6492.66 6480.05 6471.65 6464.42 6458.05 6453.26 6453.53 6465.99 6475.78 6479.81 6482.49 6483.16 6484.08 6482.68 6480.68 6478.13 6475.57 6472.95 6470.53 6472.13 6475.74 6481.6 6494.91 6511.32 6535.62 6577.43 6598.17 6585.2 6573.62 6565.82 6565.13 6581.27 6587.28 6588.19 6592.06 6599.51 6606.91 6610.12 6612.53 6620.18 6630 6647.79 6662.72 6655.76 6639.3 6649 6631.35 6626.23 6588.09 6556.77 6538.55 6529.51
