real_craters/C120-500m.grd
DSAA
149 149
-37.1175 37.1175
-37.1175 37.1175
5529.6414009108 7041.1810451078
[rows 60 to 89 of 149, columns 67 to 133 of 149]
6171.98 6132.2 6065.03 5999.47 5955.63 5964.74 5985.61 6002.82 6020.81 6038.83 6053.93 6074.75 6108.57 6150.76 6243.75 6346.86 6438.59 6518.83 6579.55 6644.04 6690.8 6724.59 6754.15 6781.77 6805.78 6822.37 6789.22 6759.49 6753.38 6751.03 6745.42 6740.67 6735.98 6727.74 6715.05 6703.77 6692.89 6685.9 6679.01 6674.98 6671.3 6664.04 6663.98 6673 6689.32 6706.36 6709.78 6711.07 6722.31 6711.7 6684.24 6666.85 6660.14 6657.07 6654.07 6649.14 6640.98 6646.52 6652.66 6654.97 6649.71 6642.91 6627.65 6612.54 6605.52 6608.05 6618.52
6073.16 6017.18 5974.13 5925.15 5886.87 5895.61 5913.57 5930.78 5947.88 5971.47 6002.23 6017.05 6040.33 6089.09 6149.75 6253.68 6348.19 6447.41 6536.14 6595.77 6645.93 6690.65 6735.5 6783.47 6828.37 6861.15 6835.66 6800.46 6791.71 6789.96 6777.72 6764.09 6756.95 6748.16 6731.06 6711.01 6692.48 6691.95 6689.68 6687.07 6685.32 6689.02 6692.38 6705.45 6718.57 6724.42 6725.9 6731.39 6735.09 6713.64 6680.77 6655.47 6655.24 6656.43 6658.87 6661.89 6663.95 6660.29 6657.22 6652.43 6644.73 6633.72 6628.18 6618.2 6609.11 6611.77 6622.65
5982.13 5937.5 5894.21 5851.14 5844.07 5847.06 5854.65 5865.47 5879.98 5896 5916.08 5948.3 5954.94 5960.39 6020.04 6125.28 6254.8 6378.09 6482.37 6546.78 6594.36 6650.86 6713.35 6781.84 6850.47 6901.83 6898.26 6853.04 6832.34 6808.52 6791.95 6777.82 6768.83 6765.46 6745.94 6728.09 6712.78 6705.37 6701.31 6698.7 6696.95 6694.22 6695.13 6700.47 6712.44 6717.12 6728.25 6735.42 6726.47 6700.85 6677.37 6662.14 6654.68 6656.36 6662.67 6672.05 6678.12 6672.33 6666.02 6653.43 6643.02 6625.99 6613.23 6612.46 6608.26 6614.72 6625.64
5921.6 5887.42 5837.32 5804.69 5803.94 5802.94 5802.31 5805.42 5809.58 5818.58 5840.39 5887.3 5912.38 5888.98 5926.1 6031.73 6165.63 6309.66 6419.35 6467.72 6525.55 6600.14 6683.9 6769.21 6861.33 6941.26 6977.96 6927.15 6882.61 6831.36 6804.55 6786.48 6774.5 6768.87 6753.2 6743.85 6733.12 6718.45 6711.21 6708.21 6708.94 6707.21 6705.79 6704.23 6703.47 6714.41 6723.01 6720.27 6699.42 6680.7 6663 6653.63 6652.73 6655.09 6660.68 6670.63 6678.25 6676 6677.6 6672.96 6646.14 6627.57 6616.75 6610.68 6614.56 6622.15 6632.73
5857.03 5819.5 5777.21 5760.42 5766.77 5759.52 5757.83 5753.35 5746.02 5740.63 5751.26 5785.01 5813.89 5827.31 5852.61 5926.39 6078.09 6244.48 6371.17 6392.11 6449.85 6544.04 6641.89 6747.09 6849.89 6949.66 7025.66 7015.41 6940.67 6867.34 6825.88 6795.3 6770.69 6757.44 6747.3 6743.36 6734.89 6722.2 6716.13 6715.93 6720.77 6727.26 6726.22 6719.61 6705.55 6714.64 6721.31 6712.62 6670.62 6662.96 6654.52 6649.98 6650.68 6651.73 6654.05 6657.17 6663.33 6669.38 6670.65 6660.28 6637.49 6616.42 6602.98 6605.37 6619.21 6632 6645.98
5788.15 5750.56 5708.4 5699.53 5701.8 5716.63 5721.12 5711.76 5693.56 5669.97 5665.94 5685.33 5714.34 5771.17 5806.04 5862.02 5997.74 6147.75 6265.5 6312.79 6380.55 6485.93 6597.24 6705.86 6814.22 6916.61 7005.48 7041.18 6971.06 6906.71 6849.42 6806.61 6768.49 6748.65 6739.35 6724.38 6719.58 6718.05 6716.65 6717.85 6723.04 6734.35 6749.83 6743.99 6731.56 6727.61 6721.47 6705.05 6665.54 6657.25 6657.73 6654.77 6651.47 6649.46 6647.87 6644.21 6651.66 6662.02 6663.51 6649.22 6621.45 6591.17 6572.06 6593.7 6622.67 6642.67 6661.51
5741.02 5705.99 5671.77 5665.37 5674.62 5700.01 5707.07 5690.64 5660.29 5624.73 5612.47 5624.66 5642.24 5695.89 5735.71 5818.19 5917.54 6032.41 6143.87 6231.23 6320.56 6437.11 6547.54 6653.97 6756.04 6853.26 6941.24 6988.3 6944.62 6893.72 6859.27 6825.57 6781.97 6755.38 6740.01 6721.46 6715.89 6715.25 6714.83 6716.29 6723.53 6745.55 6761.78 6754.75 6734.41 6728.41 6715.79 6686.18 6654.45 6651.7 6660.65 6657.9 6653.78 6649.78 6647.27 6646.28 6653.17 6661.94 6660.89 6642.36 6609.58 6576.85 6562.32 6591.92 6627.56 6656.1 6675.87
5713.2 5671.03 5650.45 5664.8 5702.36 5727.28 5723.94 5695.47 5654.59 5609.48 5593.89 5601.6 5616.92 5629.61 5650.22 5720.28 5817.49 5925.27 6047.18 6167.61 6286.73 6391.46 6498.46 6595.35 6690.62 6773.69 6845 6911.88 6898.87 6871.14 6869.14 6852.98 6819.16 6779.28 6757.12 6737.11 6723.77 6716.08 6711.74 6711.5 6716.98 6730.66 6755.6 6753.37 6731.6 6730.97 6707.28 6666.17 6638.95 6641.88 6648.31 6655.38 6655.33 6652.46 6649.11 6648.15 6658.84 6670.37 6671.14 6645.38 6606.15 6571.21 6571.97 6615.94 6655.18 6679.08 6693.54
5683.64 5645.98 5640.92 5685.79 5758.7 5784.31 5762.32 5718.58 5664.25 5611.24 5591.26 5593.02 5609.26 5597.26 5593.97 5644.93 5733.83 5843.85 5973.82 6108.67 6239.53 6343.71 6441.49 6534.24 6622.47 6699.43 6769.97 6846.48 6901.94 6905.55 6892.9 6873.68 6840.1 6802.03 6775.61 6751.44 6731.65 6715.94 6706.53 6702.31 6704.38 6717.05 6750.66 6755.68 6752.6 6732.65 6682.47 6629.39 6618.74 6638.53 6654.08 6659.72 6659.25 6655.91 6652.26 6650.7 6666.15 6683.02 6690.95 6656.91 6611.64 6574.78 6590.79 6663.38 6698.49 6705.69 6713.81
5644.68 5627.58 5640 5709.87 5811.49 5848.15 5810.32 5753.38 5688.28 5626.26 5598.87 5584.18 5569.86 5560.42 5564.99 5599.12 5676.53 5803.4 5920.15 6048.71 6179.51 6295.99 6391.21 6480.3 6564.6 6642.73 6713.25 6807.21 6920.06 6941.44 6910.25 6879.68 6848.95 6809.39 6782.98 6767.46 6731.91 6710.74 6699.1 6692.5 6688.9 6701.21 6725.73 6754.26 6749.2 6700.04 6649.7 6602.91 6606.8 6643.2 6671.04 6667.12 6663.9 6661.44 6659.27 6660.2 6673.57 6689.61 6698.82 6665.38 6624.45 6591.2 6619.26 6680.88 6712.05 6722.41 6731.01
5629.99 5619.03 5635.36 5710.77 5823.42 5878.1 5848.56 5792.03 5723.89 5656.85 5618.64 5584.57 5553.29 5538.47 5547.44 5573.16 5628.48 5725.93 5850.13 5987.17 6133.19 6244.58 6337.73 6429.5 6515.92 6594.3 6668.71 6761.67 6889.84 6921.31 6900.66 6872.57 6840.33 6798.51 6762.84 6735.07 6715.16 6700.26 6691.52 6687.17 6684.7 6692.31 6717.9 6750.56 6723.34 6658.61 6641.04 6592.09 6600.18 6635.91 6662.93 6663.41 6664.23 6666.9 6669.31 6671.35 6677.83 6684.11 6685.36 6668.58 6647.72 6637.11 6661.07 6684.47 6712.05 6732.09 6744.5
5639.88 5618.82 5627.68 5688.91 5808.63 5887.4 5877.06 5836.03 5773.53 5705.39 5655 5601.81 5552.13 5529.64 5537.87 5560.38 5596.74 5651.03 5784.04 5922.53 6051.19 6169.48 6286.97 6389.39 6478.42 6558.3 6636.71 6735.45 6846.57 6877.03 6878.21 6855.15 6818.78 6778.3 6733.58 6704.05 6691.12 6685.67 6683.87 6683.98 6685.73 6695.81 6717.84 6730.28 6697.98 6645.16 6627.25 6591.15 6594.61 6615.36 6637.23 6649.85 6659.33 6669.21 6680.56 6685.14 6681.88 6676.07 6671.01 6674.15 6671.52 6676.63 6694.84 6705.28 6726.72 6742.96 6756.07
5635.17 5617.13 5625.83 5679.83 5793.31 5870.62 5898.24 5885.7 5840.31 5772.1 5706.62 5632.22 5564.66 5533.18 5542.23 5560.08 5588.64 5634.71 5750.08 5883.75 6006.75 6127.29 6260.62 6367.38 6458.97 6539.06 6612.96 6686.82 6775.9 6830.35 6854.83 6854.16 6820.55 6766.01 6705.22 6674.92 6670.33 6671.05 6673.7 6678.89 6681.32 6682.3 6698.96 6710.97 6685.51 6644.89 6603.72 6590.38 6590.13 6598 6615.89 6634.74 6649.99 6665.04 6682.69 6689.83 6686.45 6683.6 6683.36 6689.4 6695.66 6703.37 6730.83 6755.79 6751.21 6755.94 6763.72
5614.5 5615.92 5638 5698.21 5797.89 5874.89 5934.87 5947.97 5924.63 5859.96 5765.18 5667.3 5580.59 5529.81 5539.5 5554.13 5588.48 5633.89 5745.11 5878.39 6016.89 6157.85 6263.28 6363.92 6452.86 6532.77 6604.95 6673.51 6764.16 6809.14 6838.99 6852.12 6831.26 6761.44 6687.79 6658.51 6657.32 6661.31 6666.76 6672.48 6673.85 6660.17 6679.78 6701.66 6674.55 6631.08 6592.25 6586.26 6588.12 6597.1 6608.63 6623.47 6638.59 6653.94 6668.95 6681.79 6689.1 6694.55 6700.04 6707.54 6721.06 6739.28 6748.44 6757.84 6763.06 6767.47 6771.55
5614.37 5624.67 5659.73 5731.3 5838.22 5951.34 5997.25 6007.94 5994.87 5924.97 5810.82 5695.52 5598.1 5538.71 5543.35 5552.13 5584.31 5646.73 5757.85 5890.55 6025.53 6155.75 6267.18 6371 6460.85 6540.09 6614.27 6677.34 6742.26 6795.73 6833.42 6863.69 6841.37 6762.54 6685.05 6656.33 6653.52 6656.46 6661.89 6668.97 6669.53 6654.28 6676.84 6700.15 6660.89 6613.66 6586.46 6583.99 6585.55 6592.98 6602.46 6614.75 6627.93 6641.17 6655.57 6673.49 6691.31 6705.09 6713.92 6720.68 6729.24 6741.23 6751.83 6760.08 6772.01 6777.83 6781.42
5637.37 5655.21 5679.25 5750.72 5864.73 5979.53 6025.76 6030.52 6036 5952.98 5823.32 5708.24 5610.92 5546.91 5551.41 5566.2 5605.02 5681.49 5791.06 5916.64 6044.42 6160.06 6281.19 6390.79 6481.76 6567.41 6639.16 6698.16 6745.8 6799.4 6835.32 6869.29 6837.14 6762.07 6691.88 6666.44 6659.4 6659.14 6659.33 6659.63 6662.22 6662.26 6671.62 6669.65 6642.78 6605.89 6587.61 6582.17 6582.52 6589.63 6596.59 6607.5 6619.52 6631.55 6644.91 6668.94 6693.26 6715.92 6725.26 6730.73 6735.75 6747.21 6764.58 6775.09 6784.64 6789.14 6792.6
5633.85 5669.91 5701.34 5760.2 5861.59 5963.1 6009.82 5984.73 5951.07 5886.07 5791.63 5698.89 5618.27 5564.79 5583.75 5623.38 5675.14 5739.17 5840.9 5959.06 6081.54 6208.17 6315.53 6413.85 6505.21 6591.38 6667.87 6726.31 6795.59 6814.54 6832.57 6860.89 6821.35 6762.48 6707.11 6682.7 6670.66 6665.24 6661.36 6652.26 6653.49 6663.47 6663.86 6654.36 6627.04 6600.5 6582.34 6579.28 6579.75 6582.95 6592.4 6603.31 6615.23 6628.59 6644.78 6669.81 6695.14 6715.53 6731.05 6739.82 6744.75 6754.11 6773 6791.35 6799.2 6798.26 6799.87
5609.97 5647.14 5691.73 5749.26 5829.26 5910.25 5935.44 5885.72 5824.42 5786.89 5737.53 5679.58 5626.3 5596.68 5621.98 5690.16 5778.35 5822.71 5910.07 6014.73 6124.27 6232.38 6337.84 6444.21 6544.63 6638.12 6718.33 6765.69 6804.21 6797.8 6793.17 6806.45 6793.69 6763.85 6727.7 6698.89 6680 6670.35 6668.18 6672.16 6658.43 6638.51 6627.08 6621.12 6609.14 6594.51 6584.47 6582.22 6579.66 6582.49 6590.59 6601.37 6614.06 6629.5 6650.27 6674.78 6699.75 6721.08 6736.87 6747.91 6753.87 6752.55 6757.15 6786.14 6799.07 6795.14 6799.82
5612.89 5641.13 5685.86 5735.19 5768.8 5805.45 5809.04 5778.28 5726.32 5710.23 5688.78 5658.54 5632.51 5628.02 5658.16 5740.97 5852.92 5900.58 5982.37 6074.35 6171.24 6272.57 6379.98 6476.97 6581.69 6685.91 6777.87 6846.36 6820.14 6758.81 6747.19 6759.06 6767.24 6760.54 6741.74 6706.98 6682.62 6665.34 6659.67 6665.95 6642.35 6617.7 6599.37 6597.14 6594.87 6588.08 6583.53 6582.42 6579.05 6581.65 6590.85 6601.82 6614.65 6629.92 6651.23 6680.42 6708.59 6728.91 6741.87 6751.5 6757.39 6738.1 6727.54 6747.35 6766.38 6774.67 6790.08
5651.72 5666.25 5662.29 5665.28 5691.55 5720.2 5733.46 5703.46 5671.95 5664.46 5659.03 5647.41 5639.91 5642.66 5670.57 5753.74 5869.15 5973.57 6051.91 6128.01 6212.09 6292.99 6376.2 6501.65 6621.03 6727.45 6818.35 6855.6 6774.65 6730.56 6728.37 6747.12 6749.97 6739.2 6722.04 6699.32 6674.06 6649.63 6627.84 6610.49 6611.25 6609.54 6602.13 6594.95 6589.91 6583.87 6584.74 6585.57 6583.79 6586.18 6593.48 6603.47 6615.43 6631.44 6655.29 6684.91 6715.53 6736.03 6740.4 6745.1 6742.59 6714.16 6684.98 6698.06 6712.99 6743.41 6773.09
5696.34 5707.15 5647.6 5610.39 5622.4 5646.47 5658.06 5644.29 5639.74 5642.3 5648.82 5652.02 5656.06 5670.1 5717.01 5801.3 5903.05 6040.95 6108.94 6181.19 6261.86 6339.48 6412.47 6546.5 6669.38 6769.19 6843.37 6864.38 6766.12 6721.35 6731.98 6746.4 6742.69 6730.9 6712.43 6690.11 6662.2 6631.33 6598.5 6577.08 6592.46 6606.34 6605.87 6598.04 6589.88 6582.86 6571.6 6581.32 6586.65 6590.91 6596.66 6606.04 6617.65 6629.14 6653.83 6686.59 6715.74 6728.67 6726.26 6723.66 6724.1 6698.6 6675.59 6672.89 6679.72 6717.09 6754.22
5683.31 5701.7 5649.94 5595.46 5588.95 5598.76 5594.66 5591.39 5606.62 5635.49 5656.36 5672.95 5690.2 5719.85 5793.56 5900.72 5989.71 6061.28 6136.27 6231.5 6330.89 6424.75 6516.34 6629.42 6731.17 6807.86 6855.44 6850.92 6766.65 6714.2 6736.25 6738.1 6736.88 6730.11 6710.33 6682.05 6651.96 6619.81 6586.6 6566.31 6582.16 6600.97 6607.36 6598.76 6588.15 6579.46 6566.65 6566.85 6580.27 6589.29 6598 6608.95 6622.55 6638.98 6659.48 6684.27 6708.61 6714.18 6703.27 6688.16 6680.98 6690.28 6688.1 6675.53 6673.28 6704.89 6738.45
5725.03 5713.42 5668.25 5625.42 5603.16 5592.66 5577.59 5586.09 5621.66 5657.68 5684.25 5706.58 5735.68 5774.92 5846.19 5979.92 6048.21 6064.15 6151.83 6283 6411.39 6531.68 6640.49 6734.58 6800.9 6841.62 6860.57 6837.57 6754.01 6706.78 6714.41 6724.63 6727.69 6724.14 6701.99 6672.87 6643.68 6616.19 6592.97 6579.39 6581.63 6597.79 6605.64 6595.85 6586.08 6578.44 6579.06 6574.8 6577.87 6588.07 6598.21 6609.56 6624.04 6646.19 6659.19 6676.06 6689.43 6691.53 6680.64 6664.98 6664.35 6684.48 6691.82 6685.03 6690.67 6701.32 6723.83
5789.05 5759.32 5719.5 5686.32 5657.68 5624.92 5607.1 5637.25 5684.27 5706.87 5727.21 5751.48 5784.91 5832.92 5916.75 6025.72 6089.35 6087.39 6197.47 6352.68 6501.98 6641.77 6765.41 6845.18 6870.61 6866.76 6845.39 6802.85 6735.31 6712.12 6717.6 6710.41 6707.68 6709.55 6686.39 6660.92 6636.56 6614.64 6600.07 6591.31 6584.43 6589.02 6593.28 6589.45 6580.88 6573.52 6577.18 6584.72 6585.53 6591.07 6598.9 6608.52 6618.89 6630.06 6649.57 6665.57 6675.49 6673.9 6664.24 6652.68 6657.72 6676.88 6687.46 6687.26 6685.66 6696.48 6709.04
5845.98 5837.05 5776.12 5721.66 5680.46 5671.93 5674.49 5718.26 5748.52 5760.11 5779.6 5802.29 5828.47 5872.05 5934.93 6035.58 6065.32 6145.69 6293.03 6444.72 6598.32 6744.93 6873.24 6940.79 6929.88 6880.26 6817.64 6765.65 6721.28 6703.93 6700.2 6688.88 6675.85 6659.79 6658.2 6647.32 6630.23 6611.58 6591.88 6587.02 6583.49 6581.34 6584.45 6585.88 6581.26 6576.46 6588.86 6593.04 6591.11 6594.11 6600.02 6607.58 6614.99 6624.18 6641.65 6657.2 6668.69 6663.12 6654.62 6646.62 6651.97 6666.04 6678.78 6686.32 6692.66 6695.29 6692.02
5875.22 5839.93 5800.2 5756.81 5724.11 5731.47 5741.78 5769.57 5790.93 5808.43 5832.5 5856.01 5877.67 5902.94 5929.7 5984.52 6067.26 6211.47 6377.8 6544.75 6694.8 6829.44 6951.62 7023.05 6958.57 6878.16 6800.48 6744.03 6703.68 6676.06 6677.27 6670.36 6654.95 6641.52 6641.53 6637.6 6627.71 6613.9 6597.53 6591.26 6589.2 6585.55 6585.08 6587.79 6592.2 6587.48 6592.48 6593.94 6591.98 6595.14 6600.75 6607.85 6615.62 6624.48 6637.13 6648.6 6654.38 6652.8 6647.16 6647.74 6648.04 6658.13 6670.96 6682.95 6692.5 6688.81 6674.43
5908.09 5846.05 5826.44 5815.12 5818.66 5798.69 5802.02 5801.66 5834.13 5862.71 5887.77 5910.75 5932.94 5944.41 5953.3 6008.84 6162.05 6334.28 6501.21 6663.78 6782.61 6881.08 6962.54 6993.42 6936.69 6854.2 6773.8 6724.58 6689.95 6671.33 6670.42 6662.5 6650.16 6639.41 6638.43 6635.36 6629.67 6622.93 6612.22 6596.78 6585.74 6586.62 6585.21 6588.09 6593.07 6589.42 6592.41 6594.75 6591.96 6596.67 6601.63 6608.06 6617.72 6626.74 6632.77 6642.1 6648.4 6644.43 6637.72 6629.39 6636.01 6640.84 6662.06 6676.7 6680.99 6672.77 6655.85
5931.86 5892.59 5870.54 5860.07 5859.16 5840.08 5848.55 5881.76 5879.99 5907.59 5942.82 5977.62 6007.39 6020.26 6039.06 6119.16 6285.47 6498.42 6710.72 6800.73 6859.77 6904.77 6932.43 6932.76 6882 6813.94 6750.94 6707.65 6679.13 6664.57 6663.67 6661.35 6657.05 6649.06 6641.37 6637.03 6633.12 6628.68 6621.84 6605.23 6587.13 6575.86 6581.08 6584.54 6587.55 6591.45 6588.83 6589.9 6595.72 6599.32 6602.66 6606.06 6609.74 6617.17 6624.94 6632.03 6638.28 6639.81 6637.2 6634.35 6637.46 6644.18 6662.73 6677.21 6677.92 6666.4 6644.67
5999.21 5957.74 5926.84 5908.59 5881.12 5868.26 5859.84 5863.61 5902.51 5956.75 6009.28 6054.35 6098.17 6123.99 6175.39 6280.86 6465.44 6683.79 6875.19 6909.83 6911.08 6905.99 6890.83 6853.2 6811.55 6767.26 6719.92 6689.62 6667.72 6659.95 6662.74 6660.52 6659.01 6649.68 6638.71 6632.15 6632.04 6636.23 6630.4 6621.99 6601.68 6584.42 6581.96 6583.09 6583.62 6584.94 6585.51 6590.47 6597.59 6603.55 6603.5 6603.39 6605.12 6610.87 6618.42 6624.25 6632.33 6641.07 6645.82 6647.38 6649.62 6658.02 6676.83 6690.81 6689.38 6670.28 6648.18
6128.68 6062.08 6023.84 5998.04 5961.34 5929.66 5905.66 5898.29 5947.7 6023.84 6093.43 6160.03 6220.58 6263 6324.9 6449.27 6658.79 6886.05 6970.24 6965.54 6928.37 6889.54 6846.81 6792.85 6755.28 6725.4 6697.85 6672.15 6654.45 6646.96 6655.11 6655.99 6648.33 6636.72 6625.53 6616.05 6618.33 6639.46 6648.84 6624.13 6604.88 6591.67 6587.32 6584.38 6578.74 6573.75 6579.75 6589.97 6612.38 6607.65 6603.1 6600.94 6601.1 6608.55 6617.65 6626.12 6636.2 6648.27 6661.11 6669.57 6668.62 6672.81 6701.03 6717.7 6720.75 6706.91 6674.2
