real_craters/C120-300m.grd
DSAA
248 248
-37.1175 37.1175
-37.1175 37.1175
5530.1380427619 7050.2804166391
[rows 150 to 179 of 248, columns 67 to 133 of 248]
6790.72 6786.2 6777.82 6771.28 6770.98 6776.09 6785.47 6795.99 6806.67 6816.22 6815.49 6810.8 6806.24 6801.99 6796.16 6795.98 6793.2 6789.76 6787.45 6785.78 6783.99 6780.33 6776.69 6807.66 6830.35 6847.57 6867.53 6878.06 6881.22 6880.68 6880.41 6885.94 6888.66 6893.14 6902.14 6912.29 6919.77 6895.88 6810.95 6721.96 6637.89 6557.36 6484.97 6428.13 6351.59 6278.39 6229.13 6190.67 6158.73 6142 6122.23 6092.92 6057.41 6037.92 6021.93 6002.72 5992.88 6003.97 6036.74 6084.24 6135.15 6183.66 6229.74 6274.04 6318.45 6358.57 6398.31
6795.04 6791.35 6779.66 6769.58 6766.04 6773.52 6784.89 6796.77 6807.31 6814.2 6816.42 6813.87 6810.38 6806.88 6801.69 6798.99 6795.14 6791.28 6788.25 6786.66 6786.36 6789.7 6803.34 6811.02 6822.9 6835.31 6855.17 6866.23 6870.41 6875.89 6883.89 6897.76 6907.52 6921.75 6938.06 6952.87 6959.05 6936.01 6876.28 6805.32 6733.64 6664.31 6599.06 6549.58 6473.89 6404.56 6357.51 6316.56 6279.21 6262.13 6240.83 6211.56 6178.54 6152.35 6130.48 6109.6 6099.41 6108.78 6134.6 6176.16 6224.13 6272.08 6317.88 6363.28 6409.13 6452.56 6497.29
6796.14 6794.07 6780.92 6768.35 6761.22 6772.88 6786.03 6798.29 6808.65 6815.36 6816.47 6815.15 6812.83 6811.87 6812.2 6803.56 6797.77 6793.56 6790.66 6789.44 6790.35 6794.79 6802.26 6810.89 6820.36 6828.25 6832.67 6838.42 6851.5 6864.33 6880.41 6899.16 6918.73 6939.58 6961.19 6977.76 6978.64 6960.91 6923.19 6870.5 6815.48 6759.59 6706.15 6649.56 6602.21 6547.58 6500.23 6460.06 6426.26 6402.8 6380.68 6352.73 6319.14 6289.17 6263.27 6238.57 6224.63 6226.4 6241.21 6278.82 6324.8 6367.92 6410.52 6453.21 6497.07 6544.3 6593.45
6794.07 6790.88 6783.04 6773.91 6767.5 6778.68 6790.37 6801.12 6810.53 6816.32 6816.27 6814.42 6812.24 6810.54 6808.98 6803.56 6798.79 6795.15 6792.6 6791.74 6792.61 6796.58 6803.79 6808.74 6811.74 6811.46 6804.45 6803.58 6828.83 6849.92 6872.34 6896.22 6922.47 6947.09 6975.05 6999.51 7012.12 6993.53 6962.63 6923.69 6882.86 6843.81 6805.64 6740.24 6714.56 6683.11 6641.93 6607.68 6575.52 6555.47 6532.81 6506.54 6478.85 6449.93 6413.6 6377.56 6362.15 6359.1 6362.21 6394.25 6435.02 6470.63 6504.93 6541.48 6579.99 6624.04 6677.03
6793.37 6791.21 6788.27 6785.89 6786.13 6791.03 6797.12 6804.06 6811.49 6815.77 6813.92 6811.64 6809.61 6806.24 6802.74 6801.02 6797.31 6795.42 6793.5 6792.85 6793.49 6795.31 6799.3 6801.23 6801.59 6799.38 6792.72 6791.75 6813.54 6836.17 6860.26 6886.36 6913.93 6944.99 6979.11 7009.2 7030.43 7016.42 6990.08 6961.76 6934.86 6912.99 6897.97 6851.72 6819.49 6794.59 6769.16 6748.65 6733.78 6712.88 6683.13 6655.95 6638.94 6619.97 6573.22 6529.4 6514.47 6508.9 6507.74 6527.64 6555.15 6575.81 6596.01 6619.87 6651.18 6688.76 6736.38
6795.56 6794.7 6795.59 6798.64 6804.64 6803.22 6802.85 6805.18 6807.72 6809.46 6808.76 6806.77 6805.47 6806 6803.6 6798.91 6796.18 6794.34 6792.56 6793.1 6792.22 6793.26 6792.06 6794.4 6801.02 6799.13 6794.68 6797.15 6807.04 6824.06 6847.21 6872.93 6902.72 6934.73 6969.09 7000.72 7020.61 7015.14 7000.22 6982.89 6967.44 6958.49 6955.7 6947 6919.92 6894.35 6873.28 6864.24 6869.81 6854.01 6809.71 6778.19 6767.44 6765.3 6724.99 6692.03 6673.81 6666.02 6666.22 6674.57 6680.92 6678.29 6679.26 6688.07 6706.06 6732.95 6766.67
6801.07 6801.86 6804.19 6806.97 6810.14 6807.08 6803.96 6804.26 6805.66 6804.74 6802.33 6799.79 6798.49 6799.36 6797.82 6794.54 6792.69 6792.56 6793.39 6793.5 6793.36 6793.36 6793.81 6798.9 6810 6803.65 6794.93 6794.72 6797.59 6812.27 6832.99 6858.63 6885.97 6916.88 6948.66 6980.4 7002.73 6998.45 6991.41 6982.98 6976.59 6974.21 6972.47 6969.44 6964.82 6958.21 6931.68 6928.96 6948.8 6940.61 6886.61 6853.4 6842.4 6842.31 6839.88 6832.36 6811.73 6806.26 6824.83 6836.72 6798.25 6764.45 6744.07 6739.35 6744.83 6758.54 6778.11
6808.7 6813.93 6815.17 6810.88 6806.33 6801.49 6799.49 6800.06 6803.37 6800.49 6795.43 6791.31 6788.39 6787.75 6787.79 6787.57 6788.08 6789.79 6791.94 6793.21 6795.13 6795.82 6796.31 6800.05 6810.47 6801.89 6786.71 6772.73 6778.48 6796.19 6817.47 6842 6867.71 6894.27 6920.46 6946.4 6966.69 6969.39 6970.92 6970.19 6968.98 6969.1 6965.47 6954.39 6941.08 6938.01 6934.08 6936.58 6942.84 6933.73 6905.17 6881.7 6871.98 6877.27 6908.42 6924.82 6900.38 6894.92 6920.97 6936.55 6868.86 6815.74 6785.53 6770.63 6766.55 6770.57 6777.98
6815.14 6822.51 6822.95 6811.96 6799.12 6792.69 6792.77 6791.21 6790.42 6789.53 6787.33 6783.83 6777.94 6770.55 6776.38 6781.58 6786.02 6788.35 6791.93 6793.43 6796.03 6798.66 6801.38 6805.14 6810.1 6797.12 6777.66 6763.3 6763.72 6779.55 6800.88 6823.1 6845.11 6866.68 6885.5 6902.07 6917.82 6931.21 6940.44 6944.98 6948.07 6951.99 6949.22 6931.42 6911.67 6903.37 6906.89 6911.21 6910.12 6900.93 6888.23 6876.8 6871.82 6876.13 6914.5 6940.86 6925.08 6916.62 6919.98 6911.22 6866.85 6826.33 6800.16 6784.85 6776.56 6773.8 6772.61
6818.82 6822.43 6820.26 6812.18 6802.76 6795.53 6788.57 6782.79 6777.45 6779.43 6780.68 6779.39 6775.45 6766.76 6774.56 6780.22 6783.2 6788.47 6791.09 6793.01 6795.5 6799.16 6806.41 6819.75 6817.82 6792.61 6769.37 6748.87 6746.51 6765.89 6786.52 6806.75 6824.84 6840.96 6854.17 6862.34 6875.94 6894.52 6907.17 6913.39 6918.9 6924.05 6931.62 6905.66 6882 6875.73 6876.9 6877.86 6871.88 6861 6858.31 6855.08 6854.69 6857.69 6881.08 6902.43 6901.29 6891.44 6873.83 6843.33 6823.5 6807.29 6792.72 6781.92 6773.78 6767.64 6761.42
6821.47 6822.75 6819.95 6812.14 6802.26 6793.37 6786.17 6779.93 6774.99 6776.7 6778.4 6779.53 6781.63 6785.72 6781.31 6781.96 6783.9 6788.61 6791.21 6792.64 6794.42 6796.39 6799.36 6803.16 6796.83 6781.51 6764.11 6746.23 6742.67 6761.13 6778.09 6793.44 6807.92 6820.66 6830.98 6838.52 6850.26 6864.28 6876.07 6883.2 6886.72 6884.66 6876.1 6872.76 6861.81 6856.58 6853.23 6847.16 6837.73 6824.67 6827.6 6829.98 6833.46 6837.85 6848.23 6859.79 6860.47 6850.52 6827.56 6794.71 6781.26 6778.76 6774.35 6768.45 6762.46 6755.48 6747.61
6823.73 6824 6822.24 6811.6 6800 6789.65 6785.61 6782.24 6779.75 6779.06 6779.13 6780.17 6783.66 6788.19 6784.81 6784.6 6785.74 6787.17 6789.86 6791.71 6792.48 6791.24 6787.24 6775.89 6771.96 6771.43 6765.1 6760.22 6763.8 6765.92 6775 6785.92 6795.92 6805.4 6814.3 6823.75 6832.48 6841.52 6850.05 6856.03 6856.58 6851.83 6841.23 6845.04 6844.77 6836.99 6829.4 6820.81 6812.08 6804.05 6803.72 6806.69 6810.63 6813.47 6812.85 6818.34 6820.05 6811.89 6791.22 6765.33 6754.09 6754.98 6754.97 6752.51 6748.27 6743.25 6735.83
6825.66 6823.54 6819.36 6809.23 6798.59 6791.63 6786.09 6785.86 6785.66 6783.2 6781.65 6780.53 6779.49 6780.68 6784.13 6786.32 6788 6789.13 6791.23 6791.28 6790.76 6789.73 6784.35 6775.98 6773.26 6772.22 6769.57 6768.01 6767.85 6769.31 6774.18 6780.71 6787.18 6793.47 6799.86 6807.06 6814.79 6822.56 6829.34 6832.81 6832.8 6831.2 6829.19 6823.21 6818.77 6809.06 6801.64 6799.09 6792.85 6785.29 6783.92 6787.96 6789.66 6788.64 6784.38 6785.98 6786.19 6781.21 6766.24 6749.18 6741.04 6738.49 6738.29 6738.59 6737.12 6733.96 6728.59
6827.54 6822.85 6815.53 6806.23 6795.96 6785.72 6785.13 6786.3 6787.66 6787.39 6786.36 6783.62 6779 6779.92 6785.76 6789.76 6792.03 6792.87 6793.89 6794.11 6792.51 6791.08 6788.34 6786.46 6784.98 6779.27 6775.02 6771.71 6768.51 6770.84 6773.83 6777.01 6780.68 6783.87 6786.59 6790.05 6799.06 6807.55 6813.4 6815.95 6813.9 6808.33 6803.8 6801.04 6794.44 6790.17 6788.05 6786.63 6782.53 6773.19 6770.76 6776.56 6774.3 6768.08 6760.85 6762.56 6762.13 6755.87 6747.42 6734.31 6727.23 6725.11 6725.68 6727.31 6727.84 6727.25 6725.44
6830.53 6824.34 6815.52 6806.59 6797.15 6788.01 6787.35 6789.51 6791.24 6792.93 6793.67 6792.4 6786.77 6788.08 6793.91 6797.22 6798.55 6798.63 6798.13 6798.43 6796.05 6793.71 6792.06 6791.72 6792.03 6785.25 6780.14 6776.76 6775.39 6774.61 6774.54 6775.2 6776.62 6777.92 6778.51 6779.69 6788.83 6797.03 6802.96 6805.04 6802.23 6793.44 6787.86 6785.46 6782.84 6782.78 6782.41 6780.97 6782.26 6785.97 6789.52 6778.13 6764.03 6753.68 6747.53 6745.74 6744.22 6739.27 6730.78 6719.77 6712.44 6712.28 6714.56 6717.35 6718.54 6720.35 6722.64
6835.03 6828.23 6820.41 6811.75 6802.77 6795.27 6793.21 6794.86 6797.37 6800.26 6803.73 6807.41 6810.58 6808.89 6807.47 6807.13 6806.66 6805.69 6804.05 6802.25 6800.3 6797.58 6794.06 6791.37 6791.06 6787.44 6783.29 6780.53 6779.56 6777.6 6775.8 6775.14 6775.54 6776.38 6777.18 6779.64 6785.15 6791.71 6796.91 6799.87 6799.45 6794.33 6786.14 6778.57 6775.74 6775.02 6773.12 6773.09 6778.02 6794.31 6803.26 6771.21 6755.33 6743.84 6733.68 6733.38 6731.8 6726.69 6718.97 6710.64 6703.91 6703.51 6705.66 6707.35 6708.85 6710.76 6714.34
6840.37 6833.58 6826.17 6818.09 6810.11 6804.34 6800.41 6798.42 6802.36 6807.89 6813.74 6820.58 6830.21 6825.25 6819.92 6816.75 6814.57 6812.74 6810.84 6808.24 6805.31 6801.75 6797.54 6793.04 6791.08 6788.25 6784.57 6781.58 6779.36 6777.35 6775.38 6774.39 6774.84 6776.11 6777.71 6780.77 6784.56 6789.58 6794.24 6798.74 6801.91 6801.82 6788.28 6773.48 6767.82 6765.2 6762.13 6761.04 6761.85 6756.15 6739.37 6748.53 6745.87 6741.02 6732.67 6727.86 6724.03 6717.14 6712.84 6705.51 6701 6699.46 6699.34 6698.5 6697.97 6697.97 6698.83
6845.35 6839.09 6832.54 6825.15 6816.69 6810.29 6806.32 6805.95 6809.71 6815.36 6821.49 6827.47 6830.65 6831.45 6828.44 6825.13 6822.43 6819.79 6817.66 6814.45 6811.16 6807.51 6803.17 6799.26 6794.71 6789.75 6784.13 6779.94 6778.05 6775.88 6773 6772.45 6773.86 6776.26 6778.64 6781.57 6784.58 6788.49 6792.83 6797.42 6802.41 6805.41 6786 6768 6765.78 6769.18 6758.56 6752.44 6748.44 6743.32 6740.46 6738.49 6737.4 6737.82 6734.16 6726.21 6718.12 6712.18 6706.82 6702.6 6699.88 6697.73 6694.08 6691.11 6687.46 6682.78 6678.35
6849.16 6844.18 6838.99 6832.24 6822.42 6811.74 6807.36 6812.23 6817.07 6822.44 6827.92 6832.52 6836.58 6836.05 6834.47 6832 6829.38 6826.92 6824.05 6821.15 6816.8 6812.58 6807.5 6802.53 6798.19 6790.08 6781.3 6775.13 6771.42 6768.71 6768.07 6769.44 6772.33 6776.52 6781.36 6783.64 6784.58 6786.5 6789.51 6792.4 6795.7 6795.5 6776.44 6757.97 6757.76 6765.38 6753.06 6743.97 6737 6734.07 6733.69 6730.45 6727.32 6724.62 6723.98 6719.58 6712.73 6706.44 6701.58 6698.75 6696.07 6692.14 6689.44 6684.81 6677.88 6669.19 6658.29
6850.99 6847.86 6844.94 6841.23 6829.49 6815.69 6810.13 6818.71 6824 6828.92 6833.51 6836.71 6838.34 6840.19 6839.61 6838.02 6835.68 6833.01 6830.09 6826.86 6822.68 6817.73 6812.27 6804.53 6795.89 6785.44 6775.24 6767.73 6762.67 6760.44 6761.13 6764.72 6769.59 6775.44 6780.85 6783.16 6783.34 6783.63 6784.17 6784.33 6784.16 6778.13 6765.53 6749.46 6743.03 6735.31 6730.02 6724.4 6722.44 6722.63 6722.63 6721.92 6718.31 6711.69 6712.53 6711.17 6704.43 6699.66 6696.21 6694.84 6693.37 6691.59 6687.9 6680.42 6670.99 6660.38 6648.64
6851.04 6849.38 6848.19 6846.49 6836.61 6826.29 6822.97 6827.59 6830.22 6834.62 6839.33 6842.57 6844.3 6845.26 6844.44 6842.67 6840.48 6838.15 6835.49 6831.93 6827.66 6821.69 6813.67 6802.69 6788.7 6775.91 6766.84 6759.11 6753.03 6750.33 6752.88 6759.29 6766.76 6773.7 6777.96 6780.84 6780.68 6779.13 6777.1 6774.33 6772.18 6768.34 6757.44 6745.44 6732 6718.36 6708.43 6703.68 6708.21 6712.48 6715.4 6716.56 6715.61 6711.2 6706.04 6700.98 6694.41 6690.59 6688.92 6689.51 6691.28 6694.76 6687.5 6676.59 6666.71 6656.58 6645.35
6849.27 6848.53 6848.26 6846.69 6840.9 6834.03 6831.73 6830.61 6833.38 6838.4 6844.76 6851.08 6852.62 6850.57 6848.24 6845.83 6843.65 6841.46 6839.32 6836.12 6832.58 6826.2 6813.78 6801.09 6784.19 6769.13 6759.98 6751.81 6744.26 6737.9 6745.03 6754.84 6764.81 6773.35 6779.13 6779.64 6777.81 6774.43 6769.62 6763.18 6755.66 6751.09 6749.34 6740.57 6724.39 6708.6 6697.68 6694.23 6699.21 6705.31 6710.38 6714.37 6716.14 6711.93 6699.25 6687.45 6681.69 6679.98 6680 6681.13 6683.29 6685.24 6679.17 6670.45 6663.35 6656.77 6650.33
6846.16 6845.58 6845.86 6846.34 6841.97 6834.32 6829.05 6829.82 6833.82 6839.22 6845.84 6855.14 6857.45 6852.65 6850 6847.89 6845.35 6843.47 6841.86 6840.28 6838.24 6834.34 6826.6 6806.9 6786.07 6768.51 6756.67 6748.23 6741.05 6736.13 6742.56 6753.05 6763.99 6773.58 6779.74 6778.66 6775.27 6770.19 6763.15 6754.31 6744.43 6739.98 6739.62 6733.04 6717.62 6702.29 6692.05 6689.64 6694.29 6701.93 6709.96 6716.19 6716.01 6708.5 6690.12 6671.38 6668.21 6668.92 6670.05 6670.89 6670.88 6668.13 6664.1 6661.65 6659.05 6657.49 6655.79
6842.11 6840.87 6840.55 6841.01 6838.06 6830.68 6826.65 6828.14 6832.67 6838.07 6842.9 6843.03 6847.86 6850.12 6849.29 6847.61 6845.94 6844.44 6843.38 6842.6 6842.39 6841.05 6833.93 6812.53 6787.62 6766.37 6755.63 6748.89 6743.46 6740.69 6745.04 6754.14 6764.23 6773.45 6778.78 6776.78 6772.7 6766.92 6759.24 6749.21 6737.68 6732.65 6730.42 6723.21 6711.95 6699.11 6690.21 6689 6692.76 6698.25 6705.18 6710.82 6709.8 6701.7 6681.56 6662.67 6659.01 6660.37 6661.47 6661.4 6659.94 6656.14 6653.14 6653.19 6652.84 6653.79 6656.89
6837.06 6835.05 6832.77 6830.08 6826.47 6823.07 6823.67 6825.63 6830.5 6836.74 6842.41 6844.8 6847.37 6848.24 6847.49 6846.11 6844.5 6843.43 6842.46 6842.08 6842.36 6843.18 6837.83 6814.88 6789.72 6767.98 6759.01 6753.98 6749.73 6746.99 6749.75 6757.03 6764.94 6772.04 6775.42 6773.77 6769.87 6764.68 6757.87 6748.7 6735.84 6728.08 6723.13 6716.27 6708.62 6702.92 6699.02 6695.81 6694.12 6693.18 6692.33 6690.69 6690.79 6686.07 6673.28 6660.62 6655.84 6655.78 6655.63 6654.29 6652.2 6649.26 6647.46 6646.09 6645.18 6644.57 6644.12
6832.35 6829.54 6825.58 6818.7 6810.02 6815.81 6818.11 6821.13 6827.16 6834.38 6842.77 6850.58 6849.03 6846.62 6845.01 6843.55 6842.04 6840.16 6839 6838.01 6837.15 6837 6831.7 6813.64 6793.85 6776.06 6767.95 6763.77 6759.44 6756.1 6756.57 6761.06 6766.45 6771.19 6772.46 6770.34 6766.9 6762.81 6758.07 6752.75 6742.92 6726.5 6710.01 6705.82 6705.11 6705.87 6708.94 6702.55 6696 6687.82 6680.65 6673.03 6670.42 6670.29 6667.01 6660.42 6656.5 6654.69 6652.36 6649.52 6646.21 6643.17 6641.01 6639.42 6638.74 6637.68 6636.73
6829.54 6826.28 6822.93 6820.58 6821.61 6814.71 6812.12 6817.05 6822.98 6829.55 6837.46 6846.88 6845.04 6843.45 6841.73 6840.86 6838.96 6836.79 6834.75 6832.02 6828.17 6823.08 6817.64 6809.98 6799.48 6788.66 6782.84 6778.01 6772.46 6766.06 6762.24 6767.12 6769.45 6770.07 6769.02 6766.44 6763.22 6759.83 6756.86 6754.86 6752.87 6727.05 6705.81 6701.77 6701.99 6701.37 6698.06 6695.51 6689.01 6681.96 6674.65 6667.51 6665.54 6666.28 6665.94 6664.29 6661.1 6655.45 6650.73 6646.11 6641.45 6637.13 6633.75 6632.98 6634.77 6637.33 6638.84
6828.85 6824.73 6821.39 6819.04 6816.73 6812.68 6811.83 6814.49 6818.19 6822.48 6826.45 6829.2 6835.15 6837.1 6837.52 6836.51 6835.28 6832.63 6829.76 6825.45 6819.42 6811.91 6808.57 6808.15 6806.48 6806.45 6802.26 6794.15 6788.46 6783.73 6779.93 6778.84 6774.6 6769.19 6765.68 6762.44 6758.9 6755.4 6752.16 6748.12 6738.97 6725.33 6710.54 6703.66 6701.29 6699.18 6694.15 6688.87 6681.99 6677.79 6673.38 6669.53 6670.63 6669.83 6668.03 6666.15 6662.26 6656.13 6649.66 6643.71 6637.98 6632.57 6627.87 6627.28 6631.97 6638.74 6641.95
6829.18 6823.96 6819.95 6816.24 6811.85 6810.99 6809.78 6810.26 6812.55 6815.56 6818.68 6821.93 6827.4 6830.65 6832.13 6831.68 6830.78 6828.94 6825.7 6821.34 6814.53 6805.34 6805.25 6808.8 6811.32 6814.49 6812.2 6806.27 6803.57 6803.56 6805.75 6793.08 6780.98 6769.63 6763.46 6758.35 6753.7 6749.4 6745.41 6741.15 6733.6 6722.25 6712.7 6705.15 6701.65 6700.05 6699.16 6690.14 6680.67 6676.4 6674.92 6676.1 6677.73 6673.61 6670.01 6667.34 6664.04 6655.8 6648.7 6642.41 6636.65 6630.79 6624.7 6623.19 6630.46 6636.98 6641.08
6829.76 6823.28 6818.13 6814.71 6814.17 6812.47 6808.26 6805.44 6805.25 6808.73 6813.46 6817.96 6822.42 6825.41 6826.92 6827.03 6826.51 6825.28 6823.44 6820.33 6815.52 6809.48 6809.77 6812.41 6814.11 6813.24 6811.2 6812.82 6813.99 6815.53 6816.57 6800.89 6784.92 6773.12 6761.51 6754.02 6748.11 6742.73 6737.34 6731.74 6724.43 6715.18 6708.04 6703.31 6700.8 6699.4 6697.07 6688.88 6678.22 6675.7 6676.16 6676.78 6677.04 6674.73 6670.31 6665.96 6661.36 6653.77 6647.44 6641.93 6637.4 6633.07 6628.96 6628.53 6633.94 6638.2 6641.84
