real_craters/C120-750m.grd
DSAA
100 100
-37.1175 37.1175
-37.1175 37.1175
5535.5497278739 7032.3442729595
[rows 0 to 37 of 100, columns 0 to 83 of 100]
6523 6512 6508 6514 6507 6510 6510 6512 6501 6484 6480 6493 6508 6497 6484 6472 6462 6458 6460 6439 6449 6460 6469 6474 6479 6482 6482 6474 6452 6470 6490 6492 6494 6498 6501 6501 6508 6553 6562 6563 6551 6540 6536 6543 6561 6587 6625 6667 6653 6625 6627 6643 6659 6640 6605 6560 6518 6499 6488 6486 6481 6475 6474 6473 6471 6474 6480 6490 6488 6480 6478 6470 6462 6450 6448 6448 6463 6484 6501 6493 6469 6446 6428 6439
6524 6541 6535 6529 6498 6501 6498 6498 6489 6472 6471 6490 6501 6498 6488 6473 6453 6428 6418 6448 6438 6447 6454 6459 6462 6465 6460 6457 6454 6453 6462 6470 6480 6490 6501 6514 6528 6533 6539 6554 6550 6537 6537 6548 6569 6589 6607 6614 6611 6606 6616 6638 6657 6648 6596 6548 6507 6479 6476 6471 6466 6459 6454 6459 6465 6469 6471 6468 6463 6451 6448 6446 6441 6427 6414 6425 6444 6471 6498 6490 6453 6437 6419 6419
6522 6530 6529 6512 6496 6505 6508 6499 6490 6482 6480 6489 6499 6498 6494 6489 6458 6426 6407 6402 6417 6429 6433 6437 6442 6445 6445 6445 6448 6441 6436 6451 6466 6484 6501 6522 6549 6536 6521 6522 6524 6526 6539 6560 6584 6590 6588 6584 6591 6598 6615 6634 6631 6612 6571 6529 6493 6473 6468 6464 6461 6456 6450 6455 6459 6458 6458 6455 6450 6448 6437 6437 6431 6410 6392 6407 6424 6441 6476 6475 6438 6426 6411 6408
6524 6498 6487 6464 6476 6501 6505 6507 6500 6486 6484 6486 6490 6485 6480 6474 6439 6415 6402 6399 6407 6407 6410 6424 6430 6434 6436 6434 6433 6436 6427 6441 6460 6479 6497 6515 6523 6515 6509 6505 6511 6520 6531 6549 6583 6578 6569 6560 6566 6583 6621 6622 6600 6567 6539 6506 6477 6460 6457 6459 6461 6463 6463 6460 6459 6456 6452 6447 6443 6435 6428 6428 6425 6404 6394 6404 6415 6414 6426 6438 6425 6423 6426 6423
6538 6543 6492 6457 6462 6481 6528 6520 6512 6505 6490 6477 6465 6458 6457 6442 6425 6415 6417 6412 6415 6415 6417 6424 6430 6434 6436 6436 6436 6436 6428 6438 6456 6475 6492 6506 6515 6513 6510 6499 6504 6513 6521 6528 6542 6551 6548 6544 6556 6572 6564 6569 6574 6538 6509 6483 6462 6454 6455 6460 6463 6470 6474 6464 6457 6452 6447 6443 6438 6431 6422 6421 6413 6400 6397 6415 6431 6442 6438 6448 6454 6471 6480 6457
6535 6517 6488 6461 6462 6485 6520 6522 6517 6512 6492 6471 6447 6439 6454 6464 6449 6441 6446 6440 6437 6428 6426 6427 6431 6438 6443 6443 6443 6435 6429 6441 6455 6470 6483 6494 6502 6503 6505 6493 6497 6511 6516 6522 6526 6532 6531 6528 6531 6528 6498 6508 6508 6493 6481 6464 6448 6448 6462 6463 6463 6464 6462 6461 6456 6451 6446 6442 6437 6431 6430 6429 6427 6418 6421 6441 6459 6481 6503 6510 6515 6501 6495 6483
6525 6515 6498 6480 6472 6503 6518 6518 6511 6500 6485 6469 6454 6452 6463 6477 6473 6464 6458 6440 6430 6424 6421 6427 6436 6446 6455 6462 6448 6437 6446 6452 6458 6467 6476 6484 6493 6508 6504 6491 6486 6496 6514 6528 6524 6526 6519 6507 6494 6484 6473 6477 6465 6470 6462 6451 6442 6445 6460 6465 6462 6457 6455 6453 6450 6446 6442 6439 6437 6440 6435 6431 6443 6463 6466 6470 6483 6501 6528 6544 6549 6540 6515 6499
6494 6485 6485 6483 6496 6535 6531 6524 6507 6491 6481 6471 6462 6458 6473 6487 6491 6480 6461 6425 6420 6416 6424 6428 6440 6454 6467 6475 6463 6454 6452 6455 6460 6466 6471 6475 6478 6478 6503 6493 6482 6487 6513 6553 6557 6525 6506 6492 6482 6471 6457 6460 6456 6456 6451 6444 6438 6442 6459 6465 6458 6453 6450 6453 6453 6450 6448 6446 6441 6438 6441 6447 6462 6487 6492 6489 6496 6515 6544 6565 6576 6572 6543 6513
6459 6451 6468 6479 6498 6530 6536 6532 6505 6485 6478 6475 6475 6480 6485 6489 6486 6485 6476 6424 6403 6402 6405 6422 6443 6462 6478 6487 6473 6450 6455 6459 6462 6462 6464 6467 6468 6467 6474 6480 6479 6480 6499 6521 6525 6509 6490 6475 6466 6466 6441 6444 6453 6446 6446 6443 6443 6445 6455 6464 6450 6449 6454 6459 6454 6452 6450 6442 6440 6445 6464 6461 6466 6476 6487 6493 6499 6511 6541 6579 6595 6589 6547 6511
6446 6450 6455 6482 6513 6533 6540 6532 6500 6479 6477 6479 6485 6493 6494 6494 6489 6485 6467 6416 6403 6406 6414 6433 6453 6471 6483 6491 6482 6469 6471 6471 6466 6464 6462 6462 6463 6465 6467 6472 6478 6484 6486 6492 6495 6485 6472 6459 6451 6449 6441 6447 6447 6446 6448 6449 6452 6466 6477 6435 6430 6449 6464 6465 6465 6463 6461 6455 6446 6453 6405 6374 6449 6465 6477 6489 6501 6522 6551 6567 6581 6580 6550 6503
6449 6466 6497 6512 6526 6523 6538 6535 6504 6482 6477 6481 6488 6499 6498 6498 6499 6489 6469 6443 6433 6439 6447 6457 6469 6481 6489 6482 6487 6495 6484 6475 6465 6462 6461 6459 6460 6461 6453 6460 6470 6473 6463 6454 6466 6462 6454 6443 6430 6437 6434 6427 6441 6458 6452 6444 6451 6456 6414 6328 6408 6475 6479 6473 6468 6468 6465 6458 6452 6472 6514 6510 6472 6467 6479 6489 6503 6527 6547 6548 6559 6563 6550 6520
6529 6521 6535 6535 6541 6543 6530 6522 6493 6475 6473 6479 6486 6487 6487 6490 6498 6490 6476 6465 6466 6472 6473 6479 6487 6498 6506 6503 6491 6483 6473 6462 6458 6456 6456 6455 6455 6449 6439 6463 6484 6462 6443 6432 6443 6442 6442 6440 6443 6448 6443 6444 6460 6463 6460 6439 6440 6449 6402 6340 6418 6481 6488 6482 6482 6479 6470 6461 6461 6481 6501 6490 6481 6478 6483 6490 6500 6528 6541 6554 6556 6554 6544 6526
6544 6538 6525 6539 6531 6491 6485 6500 6465 6461 6470 6480 6489 6495 6496 6487 6488 6494 6487 6472 6473 6481 6488 6490 6502 6516 6524 6508 6492 6474 6461 6454 6450 6449 6451 6452 6452 6448 6440 6466 6474 6474 6456 6431 6418 6428 6435 6440 6446 6455 6449 6453 6468 6476 6486 6492 6491 6488 6482 6453 6456 6480 6487 6484 6480 6471 6464 6463 6476 6488 6507 6499 6491 6491 6496 6502 6512 6540 6549 6563 6569 6564 6553 6544
6513 6516 6514 6493 6492 6513 6505 6501 6463 6462 6471 6483 6495 6513 6517 6492 6487 6499 6500 6487 6495 6506 6507 6500 6509 6528 6549 6527 6493 6468 6448 6436 6436 6443 6446 6447 6447 6447 6434 6463 6480 6505 6505 6438 6421 6426 6436 6446 6452 6456 6463 6465 6479 6493 6523 6562 6554 6533 6507 6503 6482 6476 6479 6478 6475 6470 6467 6466 6464 6484 6497 6495 6504 6508 6509 6517 6534 6553 6562 6570 6577 6578 6574 6574
6474 6479 6476 6462 6466 6485 6494 6495 6483 6475 6478 6487 6494 6500 6494 6488 6493 6490 6493 6500 6522 6564 6532 6499 6506 6523 6546 6517 6486 6462 6444 6432 6437 6444 6445 6444 6443 6446 6453 6477 6490 6519 6531 6472 6440 6433 6442 6456 6457 6460 6470 6481 6487 6507 6545 6594 6581 6558 6554 6541 6505 6490 6484 6479 6476 6473 6472 6473 6477 6488 6497 6482 6490 6505 6514 6526 6539 6555 6564 6573 6583 6587 6594 6605
6474 6478 6475 6463 6459 6465 6476 6483 6485 6487 6488 6492 6494 6491 6484 6498 6501 6497 6497 6506 6528 6556 6531 6502 6489 6494 6500 6485 6475 6466 6463 6462 6461 6454 6448 6442 6439 6445 6466 6495 6498 6517 6533 6504 6453 6441 6447 6457 6454 6445 6450 6460 6476 6502 6527 6560 6563 6548 6534 6512 6517 6508 6490 6481 6475 6473 6473 6478 6484 6495 6500 6501 6486 6502 6519 6532 6539 6551 6562 6573 6587 6596 6609 6627
6491 6504 6500 6492 6469 6461 6474 6482 6491 6497 6499 6502 6504 6503 6506 6516 6519 6507 6505 6513 6522 6523 6500 6462 6453 6459 6461 6464 6467 6468 6467 6478 6480 6463 6449 6439 6433 6443 6473 6531 6506 6513 6537 6519 6468 6451 6450 6446 6444 6438 6433 6452 6479 6513 6531 6543 6539 6522 6499 6481 6495 6498 6490 6484 6481 6478 6476 6477 6483 6497 6509 6492 6512 6517 6528 6539 6549 6553 6562 6575 6588 6601 6612 6625
6509 6502 6516 6508 6484 6473 6479 6486 6501 6511 6514 6514 6515 6518 6528 6540 6531 6520 6519 6525 6522 6517 6486 6435 6430 6444 6449 6459 6468 6474 6480 6484 6481 6465 6450 6439 6435 6450 6493 6521 6523 6527 6530 6524 6488 6465 6458 6463 6448 6440 6439 6457 6501 6538 6572 6538 6517 6498 6479 6474 6482 6489 6488 6486 6482 6478 6476 6474 6477 6487 6489 6503 6522 6528 6536 6545 6554 6561 6568 6583 6597 6608 6619 6635
6544 6536 6545 6534 6505 6492 6498 6508 6526 6527 6525 6524 6525 6528 6533 6537 6532 6525 6537 6551 6567 6538 6500 6454 6443 6456 6466 6472 6480 6485 6485 6483 6477 6464 6451 6438 6442 6459 6493 6515 6534 6544 6535 6542 6507 6478 6463 6456 6450 6449 6444 6467 6515 6539 6552 6517 6497 6479 6464 6456 6465 6480 6484 6485 6482 6479 6477 6475 6476 6477 6491 6517 6527 6545 6549 6550 6559 6574 6591 6603 6609 6615 6631 6655
6558 6572 6564 6564 6541 6530 6534 6541 6543 6542 6538 6535 6533 6531 6532 6536 6536 6541 6551 6555 6547 6527 6492 6466 6457 6474 6499 6493 6494 6498 6499 6492 6474 6468 6458 6442 6416 6439 6490 6522 6534 6542 6552 6551 6506 6474 6465 6458 6451 6448 6452 6483 6505 6521 6519 6493 6479 6466 6455 6453 6473 6479 6481 6482 6481 6478 6475 6474 6476 6479 6503 6532 6575 6573 6563 6558 6575 6585 6597 6607 6610 6620 6640 6663
6558 6551 6521 6518 6522 6537 6567 6575 6564 6556 6552 6546 6540 6535 6533 6542 6537 6559 6558 6549 6537 6517 6495 6481 6473 6484 6495 6503 6508 6514 6521 6512 6487 6483 6481 6474 6466 6475 6519 6547 6538 6540 6545 6542 6510 6479 6469 6462 6449 6442 6445 6477 6485 6503 6501 6483 6468 6459 6454 6456 6476 6485 6489 6488 6484 6478 6473 6468 6474 6487 6503 6540 6609 6590 6571 6568 6583 6587 6593 6608 6612 6622 6640 6661
6534 6528 6488 6459 6467 6518 6570 6583 6568 6569 6567 6559 6549 6540 6526 6522 6524 6536 6548 6545 6531 6533 6546 6530 6523 6513 6503 6512 6519 6527 6525 6517 6512 6512 6514 6521 6527 6525 6555 6577 6546 6544 6553 6553 6519 6485 6467 6455 6446 6441 6449 6474 6492 6496 6500 6468 6462 6459 6456 6460 6481 6494 6495 6492 6486 6480 6475 6474 6480 6487 6500 6519 6563 6575 6560 6554 6561 6578 6596 6607 6616 6625 6643 6662
6486 6518 6516 6484 6467 6517 6562 6585 6593 6596 6585 6571 6559 6546 6522 6501 6518 6537 6550 6549 6543 6554 6568 6551 6527 6530 6530 6531 6537 6541 6544 6546 6547 6543 6537 6547 6563 6556 6566 6583 6552 6528 6540 6546 6530 6498 6460 6444 6448 6452 6451 6486 6488 6486 6476 6463 6468 6468 6466 6465 6496 6506 6504 6500 6494 6487 6482 6484 6494 6511 6515 6511 6544 6552 6539 6532 6549 6572 6589 6602 6620 6636 6655 6672
6492 6529 6540 6538 6539 6541 6557 6570 6610 6618 6595 6576 6561 6551 6551 6505 6511 6544 6564 6555 6549 6555 6575 6548 6515 6520 6538 6545 6551 6555 6556 6551 6552 6546 6542 6537 6529 6525 6545 6550 6556 6537 6542 6547 6543 6531 6470 6455 6463 6464 6474 6490 6487 6482 6480 6481 6487 6488 6484 6486 6511 6512 6509 6505 6501 6497 6489 6485 6505 6523 6521 6506 6524 6534 6526 6531 6561 6580 6592 6602 6623 6649 6667 6679
6521 6555 6565 6570 6572 6564 6563 6562 6595 6605 6581 6565 6553 6541 6525 6508 6518 6541 6558 6556 6554 6557 6558 6546 6526 6522 6543 6554 6562 6570 6578 6581 6567 6553 6549 6539 6535 6537 6543 6531 6536 6552 6559 6565 6551 6530 6492 6488 6500 6508 6504 6502 6491 6491 6504 6518 6519 6515 6509 6505 6518 6511 6508 6511 6513 6513 6513 6510 6514 6514 6510 6510 6535 6535 6536 6549 6584 6583 6592 6605 6623 6654 6672 6683
6550 6570 6579 6589 6588 6575 6565 6556 6553 6547 6552 6548 6538 6528 6523 6517 6528 6536 6538 6551 6558 6560 6553 6554 6572 6572 6558 6565 6575 6587 6601 6611 6599 6579 6569 6557 6566 6575 6568 6576 6552 6570 6572 6560 6549 6532 6535 6535 6539 6552 6529 6494 6500 6518 6530 6553 6550 6539 6532 6529 6520 6503 6510 6518 6526 6532 6540 6538 6521 6501 6509 6525 6536 6547 6559 6572 6584 6595 6593 6598 6627 6652 6675 6691
6571 6583 6586 6598 6594 6576 6553 6547 6535 6518 6534 6534 6525 6512 6507 6517 6522 6537 6545 6550 6554 6560 6557 6570 6595 6576 6568 6572 6581 6595 6613 6632 6624 6608 6591 6583 6582 6585 6583 6583 6577 6571 6570 6562 6562 6578 6592 6579 6565 6570 6553 6504 6506 6537 6561 6582 6570 6551 6540 6532 6504 6496 6515 6528 6537 6545 6548 6541 6523 6508 6512 6532 6552 6562 6567 6577 6589 6590 6610 6631 6642 6657 6678 6695
6584 6595 6605 6600 6591 6578 6567 6556 6552 6558 6545 6533 6520 6506 6509 6526 6535 6540 6543 6540 6541 6547 6554 6576 6604 6600 6578 6578 6586 6597 6610 6623 6619 6613 6602 6591 6587 6584 6584 6587 6583 6576 6565 6564 6575 6599 6620 6607 6602 6619 6580 6521 6521 6533 6559 6559 6552 6548 6538 6519 6501 6525 6533 6541 6547 6549 6549 6533 6506 6488 6508 6533 6554 6575 6583 6597 6600 6617 6624 6632 6653 6673 6684 6696
6597 6598 6597 6595 6588 6578 6568 6565 6564 6565 6552 6534 6518 6508 6515 6535 6550 6545 6539 6533 6525 6516 6544 6567 6579 6584 6587 6591 6594 6597 6598 6596 6591 6588 6595 6612 6589 6576 6571 6571 6577 6576 6554 6567 6580 6602 6615 6613 6610 6611 6590 6561 6541 6554 6559 6541 6536 6549 6551 6540 6530 6547 6554 6554 6553 6549 6539 6526 6503 6484 6507 6534 6561 6587 6592 6608 6611 6619 6628 6636 6656 6673 6686 6695
6636 6598 6573 6576 6580 6580 6568 6566 6562 6560 6552 6538 6517 6495 6506 6532 6554 6547 6537 6529 6525 6524 6543 6583 6547 6572 6589 6594 6591 6590 6583 6574 6560 6545 6555 6575 6566 6558 6553 6548 6548 6561 6582 6582 6586 6599 6613 6607 6600 6594 6588 6573 6572 6576 6567 6563 6567 6558 6562 6562 6556 6576 6571 6567 6561 6552 6542 6537 6529 6525 6522 6543 6571 6623 6659 6665 6634 6632 6653 6661 6676 6686 6694 6698
6631 6597 6569 6561 6574 6589 6599 6583 6574 6568 6563 6556 6543 6505 6511 6519 6541 6547 6537 6535 6541 6535 6536 6523 6540 6584 6596 6600 6597 6592 6580 6565 6551 6542 6539 6538 6536 6542 6541 6532 6519 6546 6584 6580 6571 6582 6595 6595 6586 6588 6595 6582 6567 6550 6556 6558 6556 6554 6557 6562 6567 6578 6587 6579 6568 6560 6561 6563 6579 6602 6596 6602 6619 6652 6701 6690 6659 6658 6690 6714 6711 6708 6702 6697
6650 6597 6573 6563 6584 6603 6609 6598 6582 6575 6574 6583 6596 6590 6566 6550 6551 6562 6573 6583 6583 6573 6570 6576 6573 6591 6604 6606 6600 6590 6578 6569 6570 6568 6566 6548 6537 6546 6547 6542 6529 6543 6554 6565 6571 6587 6609 6594 6596 6617 6645 6640 6573 6572 6558 6554 6540 6552 6559 6568 6581 6605 6598 6589 6580 6569 6566 6594 6653 6669 6671 6671 6692 6739 6759 6746 6713 6696 6713 6737 6748 6726 6706 6695
6548 6592 6622 6590 6623 6633 6627 6615 6590 6587 6588 6606 6643 6677 6620 6582 6563 6589 6623 6644 6638 6630 6622 6607 6590 6616 6624 6618 6605 6590 6574 6558 6554 6556 6564 6567 6572 6569 6571 6573 6580 6561 6565 6579 6603 6603 6604 6618 6646 6711 6717 6725 6669 6593 6577 6582 6580 6575 6562 6574 6589 6596 6596 6594 6596 6601 6603 6615 6651 6685 6701 6702 6715 6735 6720 6711 6699 6695 6710 6732 6742 6724 6697 6676
6338 6413 6604 6690 6675 6679 6673 6654 6647 6613 6594 6614 6633 6647 6630 6609 6609 6626 6658 6694 6670 6660 6653 6641 6647 6659 6654 6635 6614 6592 6572 6552 6525 6553 6573 6575 6583 6591 6599 6606 6603 6598 6602 6617 6632 6631 6640 6709 6795 6826 6754 6686 6676 6659 6630 6635 6645 6627 6603 6601 6600 6592 6588 6598 6609 6626 6635 6632 6651 6682 6701 6699 6697 6680 6667 6667 6658 6670 6687 6724 6737 6713 6683 6662
6217 6261 6477 6639 6681 6702 6700 6675 6648 6632 6630 6618 6611 6608 6616 6632 6627 6639 6656 6660 6664 6659 6652 6643 6653 6681 6671 6639 6614 6594 6578 6566 6570 6564 6562 6572 6587 6600 6615 6637 6654 6644 6674 6709 6721 6733 6772 6785 6803 6790 6748 6703 6689 6707 6696 6700 6694 6678 6668 6642 6621 6599 6596 6604 6614 6629 6637 6646 6661 6680 6685 6670 6655 6664 6664 6669 6662 6671 6699 6714 6725 6693 6666 6646
6201 6223 6398 6573 6647 6672 6683 6678 6653 6635 6614 6611 6622 6610 6589 6584 6618 6639 6645 6648 6644 6638 6637 6629 6628 6648 6646 6627 6606 6590 6577 6568 6559 6560 6565 6572 6592 6613 6631 6654 6692 6688 6766 6825 6793 6800 6787 6768 6771 6729 6704 6728 6772 6801 6773 6776 6769 6748 6701 6687 6660 6632 6617 6618 6616 6614 6626 6636 6648 6677 6675 6630 6585 6571 6680 6696 6682 6687 6705 6676 6661 6668 6656 6637
6212 6232 6383 6551 6622 6651 6673 6682 6674 6651 6610 6600 6601 6592 6578 6584 6610 6627 6625 6620 6615 6612 6606 6614 6610 6615 6610 6595 6585 6578 6574 6570 6569 6570 6573 6593 6618 6642 6661 6665 6675 6788 6805 6757 6716 6690 6659 6608 6537 6544 6571 6644 6756 6938 6872 6839 6831 6836 6799 6747 6707 6671 6652 6645 6631 6615 6629 6652 6662 6656 6640 6600 6541 6492 6657 6708 6696 6695 6701 6681 6664 6664 6660 6656
6330 6369 6487 6589 6628 6645 6666 6682 6697 6693 6642 6601 6560 6555 6560 6572 6591 6601 6602 6584 6583 6597 6605 6612 6615 6587 6562 6564 6568 6571 6573 6573 6574 6579 6592 6620 6662 6687 6703 6714 6736 6842 6710 6585 6485 6405 6379 6311 6270 6353 6405 6430 6458 6616 6765 6788 6813 6833 6840 6790 6748 6723 6711 6675 6656 6648 6655 6666 6669 6647 6627 6606 6582 6579 6711 6709 6682 6671 6688 6690 6680 6667 6664 6666
