real_craters/C120-300m.grd
DSAA
248 248
-37.1175 37.1175
-37.1175 37.1175
5530.1380427619 7050.2804166391
[rows 60 to 89 of 248, columns 67 to 133 of 248]
6553.09 6556.17 6559.52 6562.79 6566.32 6569.9 6573.32 6577.17 6579.59 6581.77 6583.27 6581.45 6575.43 6567.54 6559.84 6555.7 6553.32 6551.46 6548.93 6545.65 6541.6 6536.76 6535.25 6536.56 6536.38 6537.26 6540.69 6543.38 6543.8 6541.11 6534.73 6527.4 6532.95 6538.6 6545.44 6551.91 6556.55 6558.77 6560.39 6561.81 6563.99 6566.28 6556.35 6548.87 6541.41 6532.39 6519.52 6504.31 6490.84 6486.95 6489.11 6493.08 6497.97 6503.4 6508.19 6511.06 6511.05 6508.48 6505.07 6505.87 6502.81 6501.78 6495.4 6490.01 6488.42 6491.2 6495.91
6557.45 6560.89 6564.91 6569.54 6573.44 6576.98 6581.3 6586.06 6590.42 6595.18 6599.94 6598.45 6589.52 6580.62 6572.78 6567.16 6562.31 6559.08 6555.65 6551.95 6548.7 6548.26 6547.8 6550 6552.6 6553.5 6553.93 6553.85 6553.57 6552.9 6551.86 6550.17 6548.95 6547.46 6550.83 6560.72 6571.18 6568.91 6566.66 6565.2 6563.18 6557.53 6554.27 6547.84 6539.72 6529.61 6519.8 6513.37 6508.8 6506.6 6507.84 6510.79 6515.27 6521.54 6529.17 6534.4 6532.8 6527.85 6513.73 6509.95 6501.18 6494.63 6494.08 6494.22 6493.39 6500.15 6504.44
6563.4 6567.63 6571.48 6575.86 6579.26 6583.75 6588.29 6593.57 6599.31 6605.01 6609 6608.01 6601.51 6593.09 6583.8 6574.43 6572.23 6568.49 6564.14 6559.8 6555.67 6553.63 6557.15 6563.5 6573.73 6572.74 6567.26 6564.81 6564.54 6565.6 6569.91 6578.01 6563.33 6546.79 6554.12 6566.03 6577.49 6574.1 6570.55 6566.59 6561.87 6557.66 6552.48 6547.84 6541.28 6531.85 6524.38 6526.73 6526.68 6527.42 6527.6 6528.67 6531.32 6536.17 6543.71 6548.79 6547.39 6538.95 6521.19 6505.1 6496.69 6491.2 6493.99 6500.73 6510.22 6513.47 6514.41
6566.27 6570.1 6574.11 6578.89 6582.63 6588.01 6593.78 6599.77 6606.24 6612.09 6615.84 6616.03 6612.35 6605.38 6597.73 6590.62 6585.08 6579.26 6573.71 6568.69 6563.64 6558.17 6564.99 6572.18 6577.25 6579.31 6576.27 6573.99 6573.48 6575.09 6578.6 6581.12 6570.45 6556.02 6559.46 6567.47 6573.99 6577 6572.45 6566.82 6560.67 6553.31 6552.02 6550.92 6548.31 6544.19 6542.52 6549.25 6551.46 6550.21 6547.65 6545.76 6545.24 6546.58 6551.34 6556.36 6557.77 6548.55 6528.14 6506.69 6496.04 6492.77 6496.13 6505.05 6517.97 6523.92 6527.57
6568.54 6571.1 6575.11 6579.17 6584.39 6590.32 6596.7 6603.59 6611.15 6618.21 6624.16 6627.75 6623.05 6616.41 6610.58 6607.31 6597.61 6589.62 6583.2 6578.12 6574.73 6573.49 6574.44 6578.77 6584.91 6583.53 6581.6 6580.14 6579.91 6580.63 6581.67 6580.5 6574.46 6567.79 6567.4 6569.34 6572.23 6575.33 6571.48 6566.61 6561.35 6556.65 6555.82 6557.1 6559.02 6562.78 6570.76 6577.07 6580.91 6572.45 6566.5 6561.88 6558.07 6554.43 6550.41 6558.58 6566.64 6558.71 6538.03 6515.45 6499.82 6494.8 6496.79 6506.28 6516.73 6527.89 6541.3
6571.18 6573.46 6577.38 6581.59 6586.56 6592.79 6599.51 6606.36 6614.04 6621.78 6629.24 6634.61 6630.19 6623.38 6617.36 6610.41 6604.35 6597.61 6591.17 6586.02 6583.46 6584 6581.47 6582.67 6582.72 6584.83 6584.2 6583.77 6583.63 6583.85 6583.47 6580.56 6577.83 6578.24 6575.67 6571.9 6570.44 6570.48 6569.46 6566.34 6562.77 6560.35 6561.03 6564.21 6569.14 6576.31 6585.37 6590.79 6592.68 6588.53 6582.28 6576.43 6571.07 6565.55 6561.94 6569.52 6576.81 6568.65 6548.83 6526.39 6508.12 6499.38 6499.32 6509.15 6521.31 6535.19 6546.76
6573.14 6575.31 6578.48 6582.43 6587.09 6592.88 6599.61 6606.19 6613.93 6621.43 6628.99 6634.74 6631.43 6625.14 6619.79 6615.68 6609.91 6603.14 6596.99 6591.27 6585.81 6583.31 6584.32 6585.32 6587.12 6585.63 6585.16 6584.91 6584.97 6585.36 6585.63 6585.32 6585.17 6584.47 6579.46 6573.62 6571.01 6571.56 6569.06 6565.84 6563.72 6563.5 6565.82 6570.54 6577.16 6584.52 6589.86 6600.37 6604.06 6600.95 6595.44 6589.74 6584.66 6580.2 6577.92 6588.86 6595.46 6582.8 6559.44 6534.99 6515.69 6505.91 6504.32 6514.2 6527.5 6541.32 6552.18
6576.15 6577.64 6579.54 6582.97 6589.21 6594.01 6599.21 6605.31 6611.64 6617.77 6623.55 6627.85 6625.82 6621.22 6617.86 6615.49 6611.4 6605.75 6600.85 6595.87 6590.03 6587.18 6586.88 6586.21 6585.4 6584.88 6584.5 6584.25 6584.41 6585.07 6586.53 6588.91 6590.95 6582.35 6576.55 6575.53 6572.93 6570.61 6566.51 6564.06 6563.79 6565.16 6568.76 6575.47 6583.57 6593 6604.88 6617.42 6616.54 6610.71 6605.64 6601.07 6598.11 6596.79 6599.03 6609.91 6616.71 6597.16 6569.15 6540.06 6521.61 6513.9 6515.1 6519.47 6525.22 6533.38 6548.74
6580.9 6582.56 6585.18 6587.84 6591.58 6595.87 6600.75 6603.96 6608.67 6612.39 6615.66 6617.28 6615.96 6613.12 6610.9 6609.75 6607.85 6604.49 6602.71 6601.31 6597.51 6594.32 6590.84 6586.77 6583.52 6582.85 6582.18 6581.79 6581.8 6582.34 6583.71 6585.4 6585.39 6581.04 6577.16 6576.96 6571.88 6564.24 6560.49 6561.21 6563.55 6567.08 6571.75 6579.37 6587.93 6598.13 6609.55 6617.53 6618.46 6615.37 6611.76 6608.81 6608.31 6611.05 6616.47 6623.18 6625.62 6604.4 6577.57 6550.86 6527.03 6522.56 6523.6 6525.2 6525.85 6528.36 6540.23
6584.58 6585.81 6587.14 6589.1 6591.61 6594.8 6597.35 6599.6 6602.68 6604.41 6605.82 6606 6604.05 6601.8 6599.97 6598.74 6597.71 6598.87 6601.31 6605.77 6610.64 6603.65 6594.83 6587.73 6582.65 6580.32 6578.5 6576.98 6576.55 6576.88 6577.81 6579.3 6580.87 6581.05 6581.47 6580.23 6570.91 6559.86 6555.82 6559.46 6564.06 6569.06 6576.57 6581.76 6590.17 6599.02 6605.19 6609.55 6615.48 6616.07 6614.12 6612.15 6612.17 6616.81 6622.42 6621.74 6618.91 6603.48 6583.75 6563.31 6542.41 6535.25 6531.92 6532.97 6533.91 6535.46 6546.12
6590.23 6591.33 6592.87 6594.03 6595.1 6596.12 6596.06 6596.73 6597.78 6596.72 6595.49 6593.54 6590.16 6588.47 6586.69 6585.82 6587.1 6588.92 6594.49 6603.18 6612.17 6604.39 6594.77 6587.7 6581.6 6576.47 6573.14 6570.72 6569.44 6569.2 6569.55 6570.81 6572.59 6576.61 6581.39 6577.91 6568.93 6558.85 6555.01 6561.03 6566.29 6570.11 6572.82 6581.56 6591.03 6600.31 6607.74 6611.43 6615.84 6615.8 6613.87 6611.48 6609.36 6608.44 6610.19 6610.16 6606.27 6598.99 6587.29 6576.15 6565.89 6549.83 6541.66 6543.98 6548.09 6555.02 6561.49
6591.89 6592.6 6593.12 6593.44 6593.32 6593.59 6593.25 6592.48 6591.05 6588.78 6585.97 6582.42 6577.65 6575.12 6572.17 6569.89 6571.04 6573.2 6581.21 6591.96 6598.95 6594.87 6587.84 6583.02 6576.78 6570.62 6566.81 6563.91 6562.1 6560.9 6560.41 6560.84 6561.7 6566.75 6573.69 6569.77 6566.96 6563.47 6563.05 6568.24 6571.74 6573.59 6575.22 6582.27 6591.65 6601.68 6613.54 6623.28 6618.5 6614.91 6612.19 6608.86 6604.62 6598.87 6599.39 6602.9 6600.7 6595.46 6587.9 6579.14 6566.94 6557.81 6555.58 6557.73 6561.19 6567.56 6573.64
6590.75 6590.92 6590.98 6590.75 6589.35 6588.58 6588.03 6586.06 6583.87 6581.53 6578.07 6573.75 6569.18 6563.26 6558.25 6552.44 6546.52 6552.87 6563.45 6575.03 6583.78 6579.35 6574.48 6570.77 6566.31 6562.54 6559.71 6557.49 6555.42 6553.56 6551.96 6550.9 6551.25 6553.92 6557.85 6561.6 6566.44 6572.31 6577.93 6579.4 6579.19 6579.3 6580.23 6585.27 6591.5 6599.33 6608.45 6616.98 6615.19 6611.83 6608.76 6605.84 6602.52 6596.39 6595.9 6598.22 6596.96 6592.4 6587.37 6580.86 6570.79 6565.64 6566.67 6566.97 6569.1 6573.2 6578.32
6593.15 6593.49 6591.66 6590.54 6588.69 6587.77 6585.8 6583.22 6580.36 6576.09 6570.58 6564.36 6556.65 6552.37 6547.92 6540.65 6532.63 6536.95 6546.45 6553.64 6558.86 6560.32 6558.01 6554.15 6553.64 6553.2 6552.08 6550.53 6548.64 6546.07 6543.48 6540.84 6540.02 6541.72 6547.37 6554.06 6565.32 6578.36 6590.19 6589.12 6585.11 6583.66 6587.22 6588.6 6588.78 6593.14 6598.34 6604.72 6606.86 6606.22 6604.28 6602.46 6601.91 6605.96 6596.61 6589.49 6589.14 6589.31 6587.48 6585.07 6584.66 6578.92 6577.2 6576.84 6570.1 6569.23 6572.87
6595.63 6595.7 6595.05 6593.62 6592.36 6590.17 6586.92 6583.55 6579.15 6573.27 6566.93 6558.45 6548.13 6546.65 6544.58 6538.43 6530.55 6531.55 6537.21 6538.21 6540.81 6545.27 6544.59 6541.68 6543.82 6545.49 6545.8 6545.01 6543.17 6540.25 6536.68 6532.13 6529.71 6530.22 6536.8 6547.15 6561.83 6578.12 6592.76 6591.43 6585.47 6581.6 6579.86 6579.4 6582.03 6585.63 6589.49 6593.33 6598.65 6600.18 6599.2 6597.34 6596.14 6596.29 6591.53 6584.82 6587.06 6589.62 6589.18 6586.72 6584.6 6587.87 6578.25 6571.21 6563.61 6556.45 6554.9
6600.91 6599.99 6598.9 6596.79 6595.41 6592.67 6588.68 6584.25 6579.29 6573.54 6567.55 6560.46 6554.6 6552.23 6549.73 6545.26 6539.65 6538.57 6539.92 6537.28 6537.24 6538.91 6538.08 6536.2 6539.11 6541.05 6542.03 6541.7 6540.09 6537.09 6532.76 6527.14 6521.2 6517.68 6526.65 6540.92 6555.69 6571.21 6584.3 6584.87 6580 6575.57 6571.6 6570.35 6575.3 6580.48 6583.88 6589.35 6596.19 6597.13 6595.26 6592.62 6589.06 6584.39 6588.89 6589.82 6593.63 6596.71 6595.84 6590.41 6581.81 6581.22 6571.82 6563.36 6557.21 6551.17 6548.25
6603.99 6603.2 6603.98 6600.87 6597.93 6593.93 6589.04 6584.35 6579.45 6574.18 6569.74 6566.23 6565.71 6563.2 6558.99 6556.69 6556.85 6557.03 6551.77 6545.95 6541.98 6539.46 6537.71 6537.94 6538.66 6540.71 6542.06 6541.71 6540.89 6538.09 6533.7 6527.51 6519.95 6512.88 6521.5 6535.19 6549.47 6561.43 6569.93 6572.26 6571.64 6569.78 6566.75 6565.2 6572.74 6579.86 6587.41 6597.45 6601.5 6598.53 6594.48 6591.21 6589.28 6589.87 6594.77 6602.92 6607.04 6611.1 6611.17 6604.28 6585.74 6574.04 6568.01 6558.1 6555.81 6558.73 6557.15
6606 6607.42 6605.27 6601.62 6598.23 6593.93 6588.15 6583.05 6578.12 6573.61 6570.35 6568.92 6570.24 6568.96 6565.39 6565.29 6569.35 6572.64 6562.86 6556.88 6548.8 6542.74 6538.29 6537.9 6540.48 6543.38 6545.23 6545.82 6545.42 6543.62 6540.08 6535.05 6528.54 6521.93 6520.93 6535.99 6547.75 6554.33 6556.72 6559.39 6564.94 6567.38 6567.7 6568.27 6575.43 6583.06 6589.95 6604.92 6607.6 6600.69 6595.12 6591.26 6591.51 6595.54 6599.62 6609.93 6622.66 6631.84 6636 6634.51 6624.55 6600.08 6581.94 6561.16 6559.79 6570.01 6564.88
6608.89 6608.66 6606.03 6601.88 6597.65 6592.9 6586.82 6581.62 6576.67 6571.41 6569.03 6567.22 6567.57 6566.83 6565.41 6566.51 6570.19 6573.42 6564.74 6558.22 6553.24 6548.02 6541.01 6540.21 6545.79 6549.13 6550.99 6551.86 6552.34 6551.8 6549.66 6546.41 6543.27 6541.26 6539.14 6548.4 6552 6553.32 6553.66 6556.8 6564.39 6570.07 6574.04 6577.78 6583.61 6590.09 6596.17 6603.64 6605.05 6601.44 6597.2 6592.88 6591.23 6598.67 6610.15 6624.64 6645.4 6658.52 6666.74 6672.65 6679.01 6659.09 6620.18 6582.95 6570.88 6573.93 6567.21
6613.7 6611.75 6607.87 6602.34 6597.91 6592.39 6586.23 6580.59 6574.63 6569.29 6564.89 6561.69 6561.61 6562.44 6559.77 6561.26 6563.85 6561.55 6562.01 6558.89 6558.73 6557.95 6553.54 6553.5 6557.27 6559.47 6560.22 6561.29 6562.21 6561.84 6561.57 6560.16 6560.63 6561.29 6557.8 6558.91 6556.94 6557.28 6559.4 6564.27 6570.19 6577.33 6584.36 6590.13 6595.08 6598.5 6602.33 6601.05 6601.2 6603.8 6603.95 6602.15 6600.43 6618.14 6642.26 6662.4 6680.19 6689.89 6696.25 6703.68 6713.99 6711.57 6672.14 6624.72 6596.77 6582.09 6571.48
6621.21 6617.16 6610.56 6604.66 6597.94 6591.57 6586.27 6578.96 6572.1 6566.03 6559.5 6553.37 6549.6 6550.91 6547.1 6552.95 6559.54 6563.8 6564.09 6563.88 6566.36 6571.17 6576.56 6574.35 6571.1 6570.67 6570.99 6572.07 6573.32 6573.67 6574.59 6576.09 6577.95 6584.12 6582.63 6565.7 6562.08 6564.1 6566.89 6570.71 6578.56 6587.78 6597.47 6607.45 6608.73 6604.27 6602.33 6603.21 6606.38 6613.42 6620.46 6625.15 6630.93 6664.77 6699.41 6718.08 6724.28 6722.86 6720.35 6720.67 6723.33 6728.37 6706.17 6663.14 6630.36 6600.47 6584.31
6626.47 6620.05 6613.37 6606.25 6598.77 6591.67 6585.37 6578.75 6571.44 6563.63 6555.19 6545.22 6530.91 6512.9 6528.08 6545 6558.32 6567.22 6568.54 6568.39 6572.02 6578.56 6589.89 6585.81 6581.15 6580.48 6580.44 6582.35 6584.25 6585.99 6587.51 6589.37 6590.86 6593.21 6588.31 6576.37 6572.99 6575.71 6578.44 6582.45 6590.97 6600.81 6610.65 6619.86 6619.03 6610.9 6608.26 6610.86 6615.69 6631.12 6648.19 6662.98 6680.81 6733.58 6788.19 6787.43 6769.12 6751.79 6737.3 6724.65 6712.98 6703.23 6695.87 6679.16 6659.75 6629.65 6609.78
6635.55 6625.97 6618.14 6609.81 6601.49 6593.85 6585.43 6577.92 6570.75 6562.85 6554.01 6543.52 6529.06 6513.86 6529.15 6546.57 6560.02 6570 6572.92 6572.42 6573.93 6577.08 6579.66 6584.11 6586.28 6587.78 6589.88 6592.88 6596.03 6599.44 6601.45 6602.73 6601.85 6599.89 6595.21 6591.37 6591.42 6593.48 6595.56 6599.54 6607.83 6618.05 6625.16 6626.87 6624.66 6623.81 6625.42 6628.63 6631.99 6657.38 6686.13 6712.92 6734.38 6793.56 6849.83 6831.85 6798 6769.92 6746.09 6722.01 6696.97 6668.79 6672.33 6679.51 6680.94 6658.13 6635.93
6641.55 6631.64 6622.38 6613.23 6604.92 6596.87 6586.89 6578.97 6571.79 6564.77 6558.05 6551.63 6547.08 6551.61 6554.49 6556.72 6563.08 6568.22 6571.94 6573.1 6573.57 6575.24 6577 6583.25 6588.38 6592.47 6597.74 6602.27 6606.84 6611.43 6614.44 6616.09 6613.79 6606.79 6606.41 6611.12 6614.81 6616.18 6617.91 6618.14 6629.53 6642.83 6648.67 6647.23 6644.15 6650.36 6656.96 6661.97 6665.93 6693.89 6728.92 6767.2 6809.32 6820.68 6837.93 6827.65 6802.35 6774.54 6747.68 6719.6 6690.89 6661.15 6663.25 6676.22 6682.37 6673.62 6658.21
6644.82 6633.67 6623.81 6614.26 6605.55 6597.13 6589.51 6582.2 6575.75 6569.09 6564.16 6560.93 6562.08 6571.01 6570.62 6564.82 6564.97 6567.25 6569.82 6570.07 6572.02 6575.51 6579.4 6584.99 6591.99 6596.68 6603.79 6609.5 6613.3 6620.64 6626.44 6630.97 6631.92 6625.98 6625.83 6630.19 6636.65 6641.14 6648.33 6655.96 6668.36 6679.33 6684.36 6683.59 6681.87 6690.34 6700.44 6710.39 6716.44 6741.31 6765.6 6794.09 6820.28 6814.36 6807.46 6806.34 6791.78 6769.25 6745.13 6719.78 6695.75 6674.93 6672.27 6679.44 6683.88 6684.6 6677.91
6643.67 6632.29 6622.36 6612.95 6604.33 6596.49 6589.38 6582.55 6576.72 6571.83 6567.41 6565.63 6566 6569.64 6568.92 6564.97 6563.52 6561.7 6561.01 6565 6569.98 6576.88 6583.65 6587.94 6595.21 6599.11 6605.03 6614.48 6617.73 6626.5 6638.44 6645.51 6655.13 6660.62 6651.24 6645.95 6649.53 6664.98 6683.9 6700.18 6713.22 6724.16 6727.62 6729.48 6733.15 6739.97 6747.45 6760.7 6789.56 6793.01 6786.22 6789.1 6796.57 6799.23 6792.31 6789.44 6777.4 6759.66 6741.76 6725.37 6709.33 6696.71 6689.38 6695.3 6700.25 6712.74 6711.41
6639.24 6628.91 6619.4 6610.19 6601.96 6594.04 6587.74 6581.43 6576.3 6572.14 6568.52 6566.28 6564.46 6563.36 6561.67 6561.47 6561.68 6559.45 6555.18 6561.15 6568.09 6576.14 6584.66 6590.28 6597 6603.77 6610.15 6617.28 6625.27 6633.2 6644.7 6657.63 6675.13 6691.98 6671.29 6658.33 6662.07 6692.01 6723.77 6751.23 6769.65 6770.79 6768 6770.32 6779.6 6785.59 6782.98 6787.1 6794.77 6793.55 6786.63 6776.94 6780.87 6795.68 6791.73 6775.04 6758.3 6743.64 6732.73 6725.28 6722.49 6721.07 6717.94 6729.44 6750.7 6764.13 6754.99
6631.95 6623.61 6615.4 6607.12 6599.11 6593.05 6586.98 6581.64 6576.36 6572.38 6569.35 6566.33 6562.43 6559.11 6556.09 6559.28 6562.32 6564.43 6559.28 6562.88 6568.88 6573.98 6582.07 6592.95 6601.63 6609.51 6616.64 6623.59 6631.29 6639.15 6649.7 6662.56 6680.65 6697.61 6676.14 6673.68 6696.67 6729.34 6761.98 6796.98 6823.4 6803.69 6791.94 6792.21 6800.94 6805.15 6795.22 6791.07 6786.71 6780.98 6776.7 6767.79 6769.09 6786.51 6778.72 6748.5 6728.79 6717.64 6712.96 6714.8 6726 6740.33 6755.26 6769.55 6791.89 6795.93 6789.8
6622.48 6615.12 6607.87 6601.8 6595.2 6590.01 6585.25 6581.87 6576.26 6572.26 6569.12 6566.27 6562.47 6559.77 6557.76 6560.73 6564.1 6568.16 6568.48 6570.45 6575.01 6581.16 6589.42 6599.87 6607.67 6615.77 6623.19 6630.28 6636.82 6647.23 6652.34 6661.29 6673.01 6682.27 6683.09 6698.19 6735.32 6765.31 6787.64 6805.71 6810.34 6800.46 6790.91 6789.31 6791.04 6790.01 6780.57 6775.1 6779.68 6782.04 6755.24 6731.76 6723.61 6730.02 6719.96 6694.4 6679.48 6675.28 6680.05 6688.67 6713.35 6743.07 6769.85 6781.2 6797.69 6813.11 6829.6
6609.17 6602.67 6598.34 6593.31 6589.29 6584.96 6581.62 6579.12 6575.82 6573.46 6569.75 6568.19 6565.7 6564.21 6563.9 6565.22 6566.75 6567.54 6574.84 6578.87 6583.26 6592.48 6600.7 6610.63 6618.3 6626.96 6637.52 6641.48 6647.31 6652.51 6657.1 6660.35 6664.29 6676.15 6701.02 6731.35 6776.16 6799.33 6800.52 6794.56 6782.78 6772.99 6763.53 6761.45 6768.79 6761.12 6736.32 6727.83 6735.21 6748.32 6699.83 6669.75 6642.19 6630.31 6624.88 6617.92 6611.35 6614.17 6625.74 6647.52 6679.36 6725.9 6781.35 6788.02 6836.33 6901.49 6891.15
