real_craters/C121-500m.grd
DSAA
150 150
-37.1525 37.1525
-37.1525 37.1525
4550.7208511318 6606.7348427692
[rows 60 to 89 of 150, columns 0 to 66 of 150]
5700.99 5686.87 5673.17 5660.31 5648.54 5638.9 5634.38 5630.26 5626.33 5627.4 5630.93 5634.36 5635.81 5642.76 5649.04 5654.67 5666.32 5683.6 5683.4 5678.3 5674.52 5672.82 5668.82 5663.13 5656.09 5656.49 5654.84 5650.5 5648.63 5651.84 5662.99 5674.19 5677.17 5680.3 5685.98 5700.6 5704.6 5706.44 5708.4 5710.17 5710.34 5713.36 5728.03 5749.12 5762.43 5765.69 5749.89 5751.52 5761.74 5775.98 5777.51 5787.25 5800 5820.41 5851.36 5875.6 5884.84 5888.42 5911.85 6099.6 6005.84 5788.34 5583.72 5501.93 5441.41 5395.46 5378.83
5708.09 5690.9 5674.77 5664.54 5655.52 5645.94 5638.62 5632.41 5627.99 5628.01 5630.87 5633.2 5634.67 5636.76 5636.64 5633.53 5638.37 5664.24 5681.73 5677.26 5673.27 5665.82 5661.68 5655.53 5650.02 5650.49 5655.05 5658.09 5664.62 5680.85 5689.74 5689.25 5685.67 5685.48 5694.77 5702.91 5707.05 5707.68 5708.28 5708.75 5707.19 5706.13 5718.28 5733.96 5748.5 5757.95 5754.12 5755.21 5761.83 5772.61 5773.73 5784.72 5785.34 5821.93 5870.65 5909.48 5937.83 5958.95 5998.78 6109.34 5916.27 5651.36 5437.75 5384.59 5363.64 5339.71 5319.74
5709.64 5682.98 5670.21 5667.3 5660.06 5651 5641.43 5634.98 5631.48 5630.95 5632.71 5635.21 5637.31 5636.03 5630.69 5624.73 5623.39 5635.89 5646.1 5652.99 5651.15 5659.41 5658.34 5653.22 5645.87 5650.42 5662.66 5677.75 5693.77 5692.86 5690.21 5692.61 5690.94 5687.76 5688.78 5704.39 5707.42 5706.13 5706.07 5708.66 5707.16 5707.38 5709.31 5713.2 5727.63 5744.27 5758.64 5755.73 5756.61 5766.63 5775.22 5778.8 5789.75 5850.03 5909.46 5952.43 5994.26 6032.1 6056.37 5982.31 5763.34 5511.43 5328.29 5310.61 5299.05 5272.77 5218.21
5706.72 5670.85 5661.52 5663.09 5657.25 5647.97 5640.08 5634.69 5632.33 5634.82 5635.31 5637.23 5640.03 5636.5 5629.15 5622.93 5620.43 5622.65 5633.49 5646.06 5658.75 5660.47 5660.35 5659.23 5655.3 5659.83 5672.22 5686.88 5698.77 5691.33 5690.45 5698.25 5695.19 5692.58 5693.99 5703.51 5705.37 5702.29 5698.56 5698.66 5705.18 5706.46 5702.2 5700.38 5709.17 5724.1 5740.97 5745.16 5751.22 5762.83 5776.39 5783.5 5805.15 5866.95 5931.69 5982.89 6034.84 6070.67 6042.87 5812.62 5599.58 5382.16 5254.39 5263.95 5312.37 5218.25 5140.14
5703.21 5671.46 5660.27 5656.98 5652.69 5644.18 5638.59 5634.75 5633.58 5635.68 5636.85 5637.6 5637.05 5634.21 5628.81 5624 5621.49 5622.58 5631.42 5644.02 5657.04 5659.02 5663.3 5666.31 5671.02 5673.07 5679.48 5688.56 5693.32 5692.53 5692.86 5696.38 5695.92 5699.12 5702.85 5704.76 5702.91 5698.92 5693.54 5693.67 5702.78 5702.6 5694.03 5689.79 5689.24 5708.18 5727.9 5738.11 5749.42 5768.14 5780.54 5789.49 5828.06 5894.68 5975.78 6030.24 6047.41 6029.2 5910.8 5664.79 5462.48 5262 5156.72 5163.31 5168.74 5109.8 5041.65
5704.73 5685.79 5670.38 5658.65 5651.16 5644.65 5639.25 5636.4 5634.84 5637.51 5638.16 5637.65 5635.78 5632.56 5629.05 5626.07 5622.69 5615.91 5617.63 5625.4 5631.48 5648.9 5668.17 5678.51 5674.42 5678.86 5684.71 5689.75 5691.74 5691.05 5688.87 5687.03 5693.49 5699.22 5702.25 5701.27 5698.22 5698.96 5697.58 5698.45 5702.21 5695.37 5681.8 5676 5679.14 5708 5727.3 5738.99 5752.53 5769.05 5777.88 5803.43 5866.91 5942.9 6032.13 6086.36 6035.42 5930.73 5754.78 5554.32 5359.46 5199.77 5109.16 5074.22 5028.26 4977.84 4915.51
5708.67 5695.08 5679.65 5660.83 5653.26 5645.64 5641.29 5640.28 5639.26 5641.05 5641.16 5639.04 5634.9 5630.82 5629.94 5629.08 5626.55 5618.73 5614.8 5619.16 5627.44 5648.69 5673.34 5695.29 5683.07 5684.51 5687.51 5691.41 5696.45 5695.7 5689.68 5685.99 5694.12 5700.39 5701.6 5696.72 5695.28 5703.52 5711.96 5711.38 5705.89 5691.7 5670.15 5658.89 5673.85 5701.27 5724.08 5741.43 5756.42 5766.41 5779.82 5820.7 5908.59 5983.47 6073.63 6112.54 6019.6 5817.07 5582.27 5382.81 5262.51 5160.01 5075.55 5029.16 4962.69 4859.88 4751.68
5708.88 5695.52 5683.34 5668.27 5657.61 5652.77 5650.59 5646.26 5645.79 5647.95 5645.75 5642.37 5639 5634.38 5635.6 5633.79 5632.09 5629.23 5624.84 5634.69 5638.88 5660.39 5671.15 5683.85 5691 5689.4 5689.15 5690.18 5692.9 5695.03 5690.88 5690 5701.53 5714.14 5713.08 5705.77 5704.57 5711.49 5716.92 5717.51 5711.43 5695.87 5675.22 5665.81 5678.6 5701.27 5727.63 5754.94 5764.44 5772.34 5803.73 5843.54 5926.4 5984.5 6106.33 6225.8 6020.97 5720.1 5444.41 5302.26 5202.94 5092.82 5005.89 4945.4 4866.3 4758.72 4655.53
5703.43 5689.12 5677.05 5667.16 5657.99 5653.06 5650.4 5648.48 5651.28 5654.35 5650.22 5646.07 5646.07 5648.77 5644.57 5641 5637.16 5637.92 5627.23 5546.25 5617.26 5657.15 5663.48 5665.84 5688.98 5688.97 5687.63 5686.61 5686.46 5687.13 5691.49 5698.1 5710.33 5723.9 5724.13 5721.07 5722.81 5722.23 5721.82 5723.75 5719.39 5706.84 5693.45 5684.86 5685.7 5705.19 5729.98 5748.59 5762.54 5778.13 5806.11 5852.47 5923.67 5973.12 6087.21 6182.18 5972.77 5638.33 5352.76 5233.45 5130.01 5009.05 4901.9 4798.96 4731.01 4671.23 4614.29
5693.98 5680.17 5668.82 5659.96 5653.14 5647.46 5643.11 5645.11 5649.07 5651.46 5649.82 5649.82 5651.79 5654.58 5652.89 5652.03 5647.92 5640.58 5629.21 5627.95 5640.37 5665.65 5660.58 5664.88 5682.42 5684.37 5683.81 5682.71 5682.11 5684.89 5691.18 5700.7 5713.28 5725.47 5728.82 5729.5 5732.51 5728.68 5731.47 5733.05 5734.63 5719.62 5705.94 5700.43 5701.88 5714.7 5732.76 5749.49 5760.56 5778.16 5796.91 5841.97 5911.86 5970.47 6056.16 6068.3 5860.93 5545.86 5281.58 5124.49 5037.31 4967.88 4821.27 4674.18 4632.65 4613.4 4592.49
5684 5669.39 5655.33 5651.54 5647.85 5643.04 5638.84 5641.62 5644.92 5646.3 5648.73 5656.71 5662.49 5659.34 5668.15 5679.11 5673.16 5653.13 5633.5 5634.94 5645.19 5651.67 5655.41 5661.96 5672.12 5677.52 5679.29 5679.67 5678.53 5679 5690.2 5702.41 5715.96 5726.94 5731.69 5731.65 5728.02 5729.07 5734.17 5741.87 5740.91 5733.52 5722.01 5719.41 5723.17 5727.81 5735.33 5743.34 5749.92 5755.49 5784.58 5826.34 5883.11 6030.91 6078.38 5942.46 5721.06 5447.15 5197.77 5059.83 4975.01 4902.04 4766.43 4648.68 4602.57 4591.3 4587.92
5675.55 5663.26 5651.64 5647.07 5644.63 5641.46 5640.1 5640.74 5642.36 5642.9 5652.08 5673.29 5693.93 5704.62 5722.79 5735.39 5722.95 5685.87 5655.06 5650.52 5651.25 5643.95 5646.79 5655.78 5666.26 5672.18 5674.74 5677.06 5677.82 5679.03 5688.23 5705.63 5723.43 5728.61 5736.15 5741.19 5736.96 5743.34 5751.26 5762.61 5762.64 5754.43 5741.44 5740.36 5742.34 5739.64 5738.39 5737.93 5741.61 5763.75 5791.39 5820.6 5887.88 6009.35 6012.64 5835.34 5595.21 5357.98 5130.86 5015.63 4924.49 4816.16 4728.9 4647.89 4610.1 4597.1 4595.7
5669.17 5659.69 5653.2 5648.75 5644.01 5640.71 5639.95 5640.15 5643.15 5648.88 5660.52 5698.69 5743.21 5779.78 5805.09 5824.29 5807.23 5759.11 5704.7 5679 5667.82 5647.24 5644.5 5661.85 5667.21 5668.88 5669.01 5667.25 5669.44 5671.07 5675.87 5693.88 5712.39 5723.06 5741.04 5762.07 5784.05 5788.16 5786.79 5795.61 5790.9 5778 5765.79 5754.83 5748.65 5742.25 5739.76 5741.47 5753.04 5773.59 5788.7 5820.56 5903.68 6008.18 6003.19 5766.65 5502.84 5289.62 5097.93 4976.77 4873.74 4776.67 4711.41 4659.59 4626.96 4612.82 4611.02
5664.32 5658.83 5653.88 5648.01 5643.06 5639.62 5636.16 5636.84 5642.73 5650.22 5665.78 5725.5 5800.05 5873.68 5927.79 5940.64 5918.17 5871.14 5771.71 5697.13 5681.93 5665.57 5658.23 5664.99 5666.69 5665.95 5664.16 5659.49 5655.69 5646.95 5651.49 5673.4 5690.08 5711.71 5741.61 5775.17 5824.53 5848.02 5834.88 5818.47 5805.53 5791.34 5776.79 5753.67 5742.38 5737.04 5736.51 5742.01 5747.55 5773.13 5791.48 5827.37 5940.75 6006.28 5986.6 5734.96 5450.57 5256.49 5076.13 4951.28 4841.29 4754.53 4702.23 4664.69 4641.1 4632.66 4633.87
5660.9 5656.89 5650.87 5642.98 5642.92 5640.88 5636.64 5636.32 5642.18 5647.13 5665.55 5746.35 5848.94 5966.67 6061.18 6053.87 6018.35 5973.58 5839.98 5710.89 5699.14 5681.51 5667.89 5663.16 5665.52 5665.56 5663.24 5660.55 5652.43 5641.26 5642.66 5662.8 5683.72 5707.15 5736.76 5764.91 5783.47 5804.16 5820.6 5801.2 5791.43 5784.43 5769.52 5741.04 5728.47 5727.1 5728.97 5731.81 5736.23 5764.67 5800.49 5835.45 5892.92 5973.1 5954.1 5735.22 5449.7 5223.92 5063.21 4944.45 4840.38 4749.78 4694.08 4663.73 4652.55 4655.9 4646.84
5660.81 5653.15 5644.12 5646.01 5648.17 5646.65 5644.86 5645.1 5645.32 5645.22 5676.72 5751.12 5862.77 5999.67 6145.58 6100.42 6065.43 6029.6 5897.87 5723.88 5714.9 5697.82 5683.04 5669.29 5670.11 5669.2 5665.94 5659.54 5655.47 5647.87 5646.95 5661.89 5680.27 5706.63 5731.12 5752.06 5765.59 5769.78 5782.07 5779.8 5771.52 5761.83 5746.12 5725.25 5716.59 5718.91 5724.45 5731.06 5742.35 5771.24 5813.49 5848.01 5887.91 5951.98 5944.08 5756.71 5513.53 5234.17 5070.45 4958.01 4840.36 4739.63 4680.51 4658.84 4661.31 4674.92 4682.1
5669.64 5666.13 5659.65 5663.16 5658.81 5654.39 5652.51 5652.61 5649.97 5651.92 5661.29 5735.15 5835.65 5937.59 6005.62 6033.52 6043.36 6037.24 5941.72 5736.51 5717.04 5713.65 5711.92 5688.08 5681.14 5677.37 5672.88 5669.4 5667.89 5661.03 5660.13 5668.33 5682.03 5710.68 5728.78 5743.82 5763.98 5773.65 5762.87 5760.75 5752.16 5739.36 5724.85 5709.65 5707.81 5716.23 5726.97 5738.89 5755.49 5786.08 5832.11 5866.57 5909.91 5956.64 5925.2 5776.76 5521.27 5280.31 5115.37 4996.35 4866.66 4721.69 4673.07 4657.78 4667.27 4690.92 4717.37
5681.81 5685.13 5678.49 5675.62 5667.16 5659.72 5655.24 5653.03 5652.78 5657.41 5671.17 5722.46 5795.98 5858.84 5882.59 5935.78 5978.48 5985.16 5923.47 5734.34 5708.48 5710.4 5709.89 5701.79 5693.49 5687.14 5681.93 5676.14 5674.68 5674.29 5676.08 5681.48 5693.56 5712.64 5724.09 5736.55 5747.64 5749.22 5741.9 5735.29 5734.27 5727.15 5716.86 5703.6 5705.35 5718.66 5732.88 5749.78 5770.73 5809.92 5855.63 5893.78 5943.86 5992.55 5999.88 5869.34 5605.8 5329.62 5158.27 5027.29 4883.99 4703.73 4655.43 4652.94 4671.59 4702.71 4737.67
5689.74 5697.17 5689.43 5679.78 5670.89 5661.53 5653.92 5649.66 5652.65 5661.1 5678.98 5715.06 5767.43 5814.27 5842.53 5882.77 5912.93 5906.14 5841.89 5733.6 5703.53 5705.93 5718.8 5711.98 5701.1 5694.8 5691.95 5688.44 5683.75 5686.18 5690.85 5695.29 5700.53 5709.48 5717.8 5724.01 5726.92 5726.95 5723.27 5719.78 5721.74 5726.68 5721.15 5717.05 5717.06 5723.95 5737.56 5759.91 5793.36 5822.59 5878.94 5918.2 5971.16 6031.17 6063.43 5970.87 5718.09 5407.95 5188.37 5016.01 4841.49 4660.93 4637.59 4646.34 4672.78 4709.04 4751.59
5688.52 5692.53 5689.54 5684.09 5672.69 5660.39 5650.81 5646.56 5650.07 5660.94 5680.85 5706.78 5750 5793.59 5832.17 5858.97 5862.59 5844.03 5792.74 5736.89 5706.02 5702.36 5710.72 5706.13 5699.67 5696.04 5694.01 5689.26 5686.21 5692.09 5708.44 5704.44 5697.94 5705.51 5709.57 5710.81 5708.41 5705.68 5706.63 5706.56 5707.75 5711.23 5719.13 5727.29 5724.33 5724.87 5734.78 5755.17 5792.41 5838.91 5891.59 5941.73 5993.68 6045.74 6071.25 6025.95 5824.14 5480.16 5196.52 4960.22 4782.72 4678.41 4638.08 4642.92 4671.57 4712.06 4758.35
5682.72 5683.95 5682.83 5678.61 5668.93 5657.71 5647.28 5640.01 5644.69 5659.51 5673.99 5700.57 5737.93 5775.5 5811.39 5830.82 5822.21 5804.76 5779.13 5730.23 5698.16 5692.98 5688.58 5688.97 5691.22 5693 5691.42 5680.33 5677.3 5685.21 5692.85 5693.17 5694.59 5699.45 5703.19 5700.95 5696.55 5692.72 5692.17 5692.69 5693.68 5697.08 5706.67 5714.3 5716.23 5719.52 5725.93 5741.2 5783.24 5850.01 5896.99 5944.08 6000.52 6044.54 6067.57 6061.01 5877.84 5494.26 5192.32 4912.71 4743.24 4678.74 4634.26 4633.69 4663.37 4705.07 4752.6
5681.51 5679.11 5678.73 5672.31 5664.12 5656.72 5647.28 5639.01 5643.29 5659.82 5677.26 5701.89 5728.18 5754.02 5777.76 5789.18 5782.2 5768.75 5749.54 5710.6 5680.12 5672.01 5671.55 5671.73 5679.94 5687.8 5693.12 5680.36 5673.3 5675.76 5677.15 5677.78 5688.18 5702.38 5699.62 5693.96 5687.49 5682.21 5680.26 5683.01 5686.27 5688.57 5696.12 5701.33 5707.63 5713.62 5721.11 5733.35 5785.34 5847.3 5887.28 5922.83 5977.15 6029.51 6063.68 6059.12 5865.65 5517.86 5212.57 4921.73 4741.94 4648.09 4611.3 4618.41 4650.3 4690.91 4737.37
5687.38 5689.17 5682.6 5675.47 5668.4 5661.55 5653.33 5646.54 5649.36 5664.57 5683.61 5702.21 5716.49 5731.69 5741.01 5739.28 5740.81 5732.06 5713 5686.74 5666.39 5656.37 5654.42 5656.26 5670.38 5681.91 5686.09 5678.87 5671.9 5669.96 5670.22 5674.06 5683.04 5694.15 5694.77 5689.26 5680.72 5679.07 5678.1 5683.26 5690.46 5695.28 5699.96 5697.15 5702.53 5712.22 5722.77 5737.12 5788.2 5860.67 5862.82 5899.31 5947.7 6009.43 6058.97 6070.51 5906.16 5571.97 5278.9 4987.61 4785.54 4637.5 4587.96 4599.39 4631.45 4675.81 4720.85
5690.85 5693.27 5690.1 5684.27 5675.59 5671.26 5664.15 5659.25 5660.85 5669.11 5681.28 5691.17 5700.92 5710.38 5714.12 5713.14 5710.41 5701.94 5685.47 5668.59 5655.52 5646.29 5644.27 5650.49 5668.17 5681.06 5681.86 5672.86 5668.43 5666.65 5666.39 5666.18 5678.24 5688.42 5693.98 5691.83 5684.95 5686.04 5687.2 5690.03 5694.81 5696.08 5691.57 5689.78 5700.85 5715.31 5730.6 5749.14 5759.23 5771.09 5818.91 5866.97 5927.3 5990.17 6047.09 6062.51 5983.78 5708.6 5408.19 5120.5 4889.7 4700.44 4600.57 4598.15 4622.76 4659.51 4715.52
5694.94 5699.23 5700.03 5697.53 5695.73 5685.54 5677.04 5671.31 5671.45 5670.76 5675.43 5679.52 5688.44 5694.48 5695.49 5692.4 5687.61 5680.09 5669.35 5657.9 5646.46 5642.85 5644.13 5657.37 5671.52 5684.37 5690.03 5670.67 5666.85 5665.75 5666.93 5671.44 5680.88 5693.74 5701.99 5704.41 5698.45 5700.44 5698.66 5699.98 5700.76 5698.1 5691.73 5691.4 5703.07 5717.77 5735.05 5752.45 5753.4 5759.43 5785.83 5839.74 5898.73 5963.6 6023.06 6056.22 5999.35 5840.57 5576.57 5274.71 5045.19 4845.19 4672.97 4637.69 4639.5 4651.1 4678.74
5699.51 5708.02 5710.81 5711.47 5710.4 5702.16 5692.02 5679.47 5667.5 5669.2 5674.43 5678.64 5685.75 5685.69 5681.87 5674.66 5669.67 5664.8 5658.42 5650.23 5640.2 5635.82 5644.87 5665.33 5673.66 5681.1 5682.96 5673.63 5666.8 5665.1 5666.77 5671.99 5687.59 5700.66 5713.43 5725.81 5729.82 5719.01 5710.88 5710.53 5708.51 5703.85 5699.39 5699.22 5708.84 5722.41 5737.36 5748.38 5748.43 5749.47 5758.68 5791.28 5868.06 5943.96 5973.72 6000.21 6033.97 6002.73 5781.8 5451.88 5228.15 5012.84 4789.02 4724.67 4688.1 4666.52 4651.39
5694.29 5710.99 5722.01 5728.59 5726.59 5724.78 5712.87 5692.44 5671.04 5673 5681.95 5691.57 5688.42 5681.52 5673.61 5663.33 5657.8 5655.7 5652.36 5647.89 5641.6 5639.26 5647.6 5660.05 5666.58 5670.63 5672.42 5668.98 5663.57 5662.82 5668.28 5683.34 5697 5710.14 5727.38 5744.49 5749.61 5732.67 5723.1 5717.84 5709.94 5705.49 5701.77 5702.69 5711.42 5723.09 5735.49 5744.74 5732.38 5737.7 5743.53 5762.33 5820.65 5879.01 5906.34 5940.94 6040.06 6138.35 5994.38 5655.76 5443.51 5218.56 4983.75 4865.99 4781.75 4711.15 4655.12
5698.55 5716 5734.72 5751.78 5764.69 5760.77 5741.14 5716.45 5692.34 5688.56 5692 5692.94 5686.32 5679.54 5670.5 5659.96 5653.85 5651.81 5650.71 5649.06 5648 5648.78 5650.54 5650.68 5654.97 5656.64 5654.68 5654.52 5655.75 5657.61 5662.05 5674.94 5691.69 5712.09 5736.94 5749.8 5753.51 5738.44 5722.76 5720.52 5714.52 5704.01 5701.15 5703.89 5711.34 5721.01 5727.21 5725.81 5724.55 5727.12 5731.62 5753.56 5785.84 5813.53 5847.91 5909.14 6020.14 6160.51 6137.26 5897.17 5691.48 5459.69 5222.34 5058.23 4924.07 4798.45 4682.12
5692.79 5721.14 5747.3 5773.25 5796.86 5794.08 5769.36 5744.42 5725.88 5713.26 5704.44 5696.33 5692.62 5680.85 5670.21 5660.33 5653.25 5650.64 5651.06 5653.68 5648.36 5651.27 5649.23 5647.45 5647.7 5646.96 5642.59 5643.57 5648.96 5652.55 5655.61 5661.04 5676.17 5695.87 5709.66 5728.47 5738.44 5731.6 5719.66 5718.73 5717.98 5702.54 5695.53 5700.86 5709.78 5719.71 5725.31 5717.23 5714.84 5717.76 5723.58 5735.92 5752.08 5773.48 5804.1 5873.94 5967.46 6090.2 6148.25 6072.78 5949.23 5758.13 5480.95 5277.87 5110.67 4952.14 4798.22
5702.38 5728.78 5757.49 5786.01 5808.67 5810.51 5788.58 5765.01 5744.74 5728.62 5716.66 5706.79 5692.98 5682.41 5671.36 5661.06 5652.57 5650.63 5649.47 5648.02 5643.95 5646.73 5651.24 5646.92 5644.51 5646.87 5642.31 5641.85 5645.95 5651.23 5657.09 5663.7 5673.71 5683.85 5690.73 5695.65 5708.17 5717.24 5711.52 5714.28 5715.95 5699.87 5689.93 5697.38 5707.49 5718.85 5732.65 5728.65 5707.72 5710.44 5718.4 5727.7 5741.25 5754.6 5774.09 5834.12 5905 6002.21 6077.05 6121.14 6134.43 5995.22 5709.06 5492.61 5328.55 5173.89 5033.98
