real_craters/C121-750m.grd
DSAA
100 100
-37.1525 37.1525
-37.1525 37.1525
4554.189057617 6581.6649743949
[rows 0 to 37 of 100, columns 0 to 83 of 100]
5669 5662 5649 5639 5635 5631 5638 5634 5635 5637 5638 5640 5644 5657 5675 5688 5685 5676 5669 5669 5671 5673 5688 5702 5715 5725 5734 5760 5779 5741 5756 5782 5768 5758 5742 5723 5729 5745 5765 5778 5750 5745 5742 5733 5736 5745 5747 5735 5717 5728 5729 5728 5726 5719 5713 5715 5726 5741 5774 5845 5918 5954 5904 5849 5805 5760 5723 5717 5723 5744 5759 5772 5796 5840 5914 5969 6020 6052 6070 6054 6010 5976 5956 5941
5666 5659 5648 5637 5630 5632 5635 5636 5642 5644 5644 5643 5644 5655 5676 5696 5685 5676 5668 5669 5670 5675 5689 5704 5721 5736 5738 5747 5753 5750 5757 5769 5741 5722 5708 5705 5716 5737 5758 5768 5747 5724 5713 5717 5728 5743 5748 5742 5733 5730 5735 5744 5738 5727 5721 5717 5721 5743 5779 5853 5922 5957 5913 5872 5785 5764 5751 5730 5726 5739 5758 5783 5814 5857 5928 5976 6006 6032 6082 6024 5981 5962 5950 5944
5663 5656 5646 5637 5633 5627 5633 5635 5647 5650 5650 5648 5650 5657 5668 5671 5674 5672 5666 5668 5675 5681 5691 5703 5718 5735 5738 5737 5726 5718 5715 5717 5703 5698 5700 5707 5712 5726 5740 5749 5731 5705 5694 5705 5724 5745 5758 5752 5739 5731 5736 5757 5749 5740 5737 5740 5744 5760 5792 5860 5927 5992 5985 5965 5899 5829 5773 5745 5733 5735 5755 5788 5838 5902 5955 6000 6039 6066 6081 6004 5956 5943 5939 5936
5664 5655 5646 5640 5632 5629 5634 5632 5647 5653 5652 5653 5655 5661 5667 5667 5672 5670 5662 5668 5681 5688 5692 5696 5705 5723 5723 5720 5702 5688 5674 5671 5673 5682 5690 5699 5706 5718 5728 5739 5743 5718 5689 5704 5720 5747 5764 5760 5742 5728 5723 5744 5750 5756 5803 5811 5795 5800 5824 5878 5929 5961 6003 6077 6121 5929 5801 5779 5758 5748 5766 5800 5841 5907 5995 6036 6089 6127 6124 6010 5951 5935 5931 5928
5662 5656 5647 5638 5637 5634 5641 5647 5657 5655 5655 5658 5661 5665 5676 5684 5684 5674 5667 5669 5682 5692 5693 5694 5695 5706 5703 5696 5688 5678 5668 5665 5662 5674 5686 5693 5702 5713 5724 5738 5751 5730 5702 5711 5761 5753 5753 5773 5765 5731 5731 5744 5761 5807 5930 5981 5885 5865 5879 5913 5939 5943 5975 6074 6148 6001 5887 5857 5811 5778 5790 5819 5859 5923 6006 6098 6194 6192 6162 6037 5965 5938 5922 5909
5660 5655 5648 5639 5633 5637 5645 5656 5649 5645 5657 5666 5672 5677 5684 5691 5689 5681 5672 5672 5673 5687 5699 5708 5711 5718 5700 5689 5686 5684 5676 5665 5663 5668 5681 5691 5700 5713 5729 5747 5751 5735 5718 5740 5764 5517 5496 5579 5659 5703 5729 5739 5770 5837 5975 6148 6029 5968 5964 5971 5980 5973 5962 5984 6034 6120 6067 5970 5895 5843 5837 5848 5878 5930 6007 6225 6291 6271 6219 6110 6007 5958 5925 5904
5657 5657 5651 5641 5634 5636 5642 5650 5657 5661 5670 5679 5684 5688 5690 5691 5689 5684 5684 5685 5683 5682 5706 5732 5743 5727 5714 5707 5695 5699 5700 5679 5664 5663 5677 5684 5698 5714 5727 5746 5746 5739 5738 5753 5668 5441 5450 5457 5575 5680 5741 5745 5764 5812 5915 6058 6079 6020 6004 6031 6040 6020 5971 5948 6013 6175 6155 6061 6001 5949 5901 5882 5903 5963 6065 6243 6324 6313 6291 6216 6053 5980 5930 5895
5659 5662 5655 5642 5636 5637 5642 5646 5650 5663 5684 5692 5696 5695 5696 5690 5678 5688 5690 5687 5682 5685 5712 5733 5719 5709 5709 5713 5704 5710 5717 5689 5664 5669 5679 5689 5703 5717 5731 5742 5741 5745 5752 5760 5739 5511 5495 5529 5621 5699 5743 5746 5747 5771 5832 5874 5941 6020 6098 6087 6110 6109 6028 5967 5993 6086 6111 6080 6049 6011 5947 5913 5920 6000 6122 6254 6364 6399 6252 6195 6081 5980 5915 5877
5661 5666 5659 5648 5640 5639 5639 5642 5649 5699 5708 5708 5709 5717 5720 5713 5712 5702 5690 5678 5680 5690 5715 5738 5718 5694 5683 5689 5704 5706 5708 5687 5667 5673 5684 5698 5707 5720 5734 5745 5747 5748 5755 5760 5758 5732 5701 5765 5734 5746 5767 5772 5749 5756 5796 5840 5901 5977 6032 6095 6143 6148 6069 6000 5992 5989 6052 6053 6026 6001 5971 5943 5947 6036 6149 6279 6351 6256 6108 6035 5988 5934 5884 5849
5661 5660 5660 5651 5643 5641 5640 5653 5694 5732 5721 5715 5715 5723 5725 5724 5730 5713 5696 5681 5682 5693 5712 5723 5700 5682 5669 5672 5687 5690 5693 5687 5677 5678 5686 5695 5706 5720 5735 5746 5744 5746 5749 5752 5777 5819 5810 5807 5795 5792 5802 5801 5779 5768 5787 5828 5885 5947 6004 6083 6136 6131 6050 5980 6031 6131 6063 6035 6004 6002 6005 6001 6010 6075 6174 6318 6329 6109 5994 5958 5915 5866 5837 5820
5656 5665 5673 5661 5654 5662 5671 5709 5730 5718 5712 5708 5706 5706 5706 5713 5721 5713 5704 5694 5681 5691 5709 5714 5692 5681 5667 5676 5670 5674 5676 5679 5674 5675 5678 5686 5700 5720 5737 5745 5743 5748 5749 5758 5780 5798 5793 5784 5802 5812 5822 5835 5834 5781 5783 5821 5881 5943 6005 6078 6132 6124 6053 5992 6014 6024 6037 6013 6006 6011 6030 6068 6092 6093 6126 6178 6199 6037 5943 5876 5812 5787 5793 5797
5655 5673 5684 5705 5696 5700 5717 5713 5710 5701 5697 5697 5695 5690 5686 5696 5704 5708 5707 5707 5687 5695 5710 5715 5695 5686 5691 5678 5664 5668 5681 5687 5673 5671 5669 5672 5693 5716 5732 5741 5753 5763 5771 5782 5786 5787 5812 5821 5827 5832 5840 5845 5854 5821 5795 5822 5878 5940 6008 6073 6130 6149 6123 6100 6059 6013 6005 5997 5980 6005 6038 6070 6083 6072 6053 6029 6019 5991 5917 5821 5751 5737 5758 5775
5656 5668 5682 5712 5717 5720 5719 5695 5684 5683 5686 5689 5686 5680 5676 5687 5696 5702 5704 5702 5704 5705 5710 5708 5692 5683 5678 5666 5658 5666 5687 5694 5672 5672 5682 5678 5691 5713 5736 5747 5770 5783 5792 5799 5814 5866 5915 5882 5868 5853 5837 5834 5833 5838 5803 5819 5865 5923 5988 6043 6097 6157 6229 6269 6107 6020 5990 5986 6031 6012 6031 6053 6059 6046 6004 5959 5937 5931 5853 5776 5730 5730 5742 5753
5664 5673 5691 5714 5732 5724 5698 5672 5674 5688 5692 5689 5683 5679 5679 5685 5696 5702 5701 5703 5711 5705 5702 5697 5683 5672 5660 5656 5655 5665 5691 5696 5677 5674 5684 5685 5691 5706 5734 5752 5784 5797 5800 5817 5831 5907 5982 5958 5923 5881 5849 5835 5851 5842 5812 5808 5840 5890 5945 5992 6035 6118 6201 6168 6079 6011 5973 5944 5942 5995 6033 6018 6042 6046 5999 5916 5845 5809 5777 5754 5735 5738 5737 5738
5660 5686 5722 5735 5731 5714 5683 5663 5677 5693 5699 5688 5681 5677 5676 5681 5690 5696 5698 5700 5703 5691 5682 5674 5669 5664 5659 5653 5655 5680 5709 5717 5696 5679 5686 5686 5691 5702 5728 5763 5789 5804 5820 5835 5853 5925 6038 6032 5973 5908 5865 5849 5848 5836 5809 5785 5814 5852 5894 5939 5989 6049 6094 6072 6052 6007 5968 5936 5940 5999 6066 6113 6064 6017 5958 5822 5793 5804 5779 5755 5740 5736 5734 5730
5654 5679 5710 5716 5710 5693 5671 5662 5675 5675 5681 5682 5678 5674 5670 5674 5685 5693 5692 5690 5685 5673 5660 5666 5665 5658 5653 5652 5666 5700 5728 5734 5720 5697 5689 5690 5696 5711 5739 5771 5800 5809 5818 5867 5906 5987 6093 6087 5997 5916 5864 5837 5829 5821 5818 5783 5799 5821 5845 5887 5941 5987 6008 6003 6001 5984 5968 5953 5959 6004 6070 6130 6035 5934 5838 5767 5795 5799 5767 5750 5750 5746 5728 5719
5658 5668 5681 5685 5681 5666 5662 5676 5677 5676 5676 5679 5676 5671 5666 5669 5683 5695 5685 5671 5669 5658 5649 5659 5658 5651 5645 5652 5672 5692 5711 5715 5705 5710 5705 5698 5703 5744 5800 5827 5827 5825 5832 5843 5869 5954 6055 6068 5980 5893 5842 5815 5808 5806 5802 5798 5798 5805 5813 5842 5890 5948 5979 5964 5948 5965 5970 5986 5980 5982 6002 6008 5941 5850 5777 5750 5782 5775 5740 5727 5723 5717 5708 5702
5669 5677 5664 5664 5664 5655 5662 5683 5693 5677 5682 5682 5678 5672 5666 5666 5676 5685 5671 5657 5649 5648 5641 5644 5651 5653 5650 5651 5667 5685 5695 5699 5699 5700 5707 5703 5708 5769 5852 5881 5847 5819 5821 5818 5840 5911 5980 5986 5932 5867 5827 5804 5791 5795 5798 5805 5804 5804 5808 5824 5865 5932 5988 5964 5965 5962 5956 5948 5949 5936 5906 5872 5845 5787 5753 5754 5763 5743 5728 5708 5689 5678 5681 5684
5784 5762 5687 5672 5668 5663 5668 5674 5690 5694 5694 5688 5680 5672 5667 5664 5665 5660 5651 5639 5640 5649 5651 5644 5655 5663 5663 5656 5662 5686 5691 5694 5694 5698 5706 5708 5715 5768 5868 5895 5855 5812 5803 5808 5829 5882 5912 5908 5886 5849 5821 5801 5796 5809 5813 5816 5815 5810 5815 5823 5857 5920 5962 5943 5960 5960 5952 5915 5916 5899 5854 5812 5786 5761 5750 5746 5725 5712 5707 5687 5653 5647 5664 5675
5938 5881 5748 5708 5677 5676 5689 5691 5689 5706 5706 5692 5682 5674 5668 5666 5656 5643 5638 5632 5636 5658 5684 5662 5665 5673 5671 5661 5660 5683 5690 5689 5688 5694 5708 5721 5741 5778 5877 5904 5865 5811 5809 5814 5829 5851 5872 5874 5858 5833 5822 5817 5829 5846 5850 5843 5829 5816 5812 5816 5861 5924 5953 5924 5910 5951 5985 5982 5941 5888 5835 5788 5751 5725 5707 5700 5688 5693 5688 5670 5650 5651 5677 5686
5965 5888 5692 5647 5689 5738 5774 5752 5711 5709 5703 5686 5678 5672 5666 5660 5647 5632 5629 5628 5637 5661 5680 5666 5670 5680 5674 5665 5666 5691 5684 5687 5691 5701 5714 5734 5752 5805 5917 5917 5876 5835 5818 5823 5829 5839 5860 5869 5848 5819 5827 5842 5872 5891 5903 5875 5852 5830 5806 5810 5905 5978 5986 5950 5900 5938 6012 6066 5961 5880 5809 5762 5722 5693 5672 5674 5687 5698 5698 5690 5686 5701 5720 5710
5942 5871 5654 5627 5758 5900 5978 5862 5722 5709 5686 5673 5667 5664 5660 5651 5639 5629 5627 5631 5631 5643 5658 5664 5664 5663 5662 5660 5665 5686 5691 5686 5694 5713 5729 5749 5764 5817 5913 5904 5874 5852 5833 5832 5836 5839 5856 5865 5851 5843 5835 5850 5880 5909 5904 5895 5884 5871 5855 5926 6027 6087 6049 5945 5876 5894 5939 5960 5911 5849 5797 5746 5704 5672 5669 5674 5687 5708 5720 5734 5713 5712 5730 5728
5859 5816 5723 5730 5896 6160 6244 5985 5769 5710 5670 5668 5663 5656 5654 5648 5637 5630 5631 5631 5630 5631 5663 5673 5659 5647 5650 5654 5660 5675 5686 5693 5707 5726 5756 5769 5784 5824 5865 5865 5850 5842 5838 5837 5841 5850 5850 5845 5843 5834 5833 5848 5867 5895 5897 5906 5923 5946 5976 6100 6154 6190 6091 5898 5839 5843 5840 5835 5828 5797 5765 5727 5696 5674 5673 5689 5705 5716 5722 5722 5716 5717 5742 5742
5781 5745 5759 5767 5910 6150 6209 6020 5845 5833 5763 5694 5669 5660 5655 5648 5638 5630 5622 5632 5644 5665 5683 5676 5655 5640 5644 5652 5662 5668 5680 5699 5724 5741 5769 5778 5790 5795 5810 5824 5821 5822 5839 5841 5842 5845 5843 5833 5834 5828 5824 5847 5891 5894 5880 5915 5966 6033 6119 6201 6204 6211 6062 5857 5834 5814 5786 5773 5768 5748 5718 5709 5697 5688 5692 5701 5714 5715 5716 5718 5714 5717 5737 5748
5771 5741 5769 5818 5850 5957 5989 5997 5966 6100 5901 5753 5697 5674 5669 5663 5661 5642 5632 5639 5652 5669 5671 5666 5650 5638 5642 5650 5660 5663 5676 5700 5726 5743 5761 5770 5772 5774 5788 5811 5813 5803 5827 5847 5855 5855 5838 5829 5814 5800 5790 5811 5859 5884 5859 5923 5997 6086 6198 6231 6154 6042 5976 5888 5848 5805 5756 5741 5738 5727 5708 5704 5698 5690 5685 5693 5694 5701 5705 5704 5708 5716 5739 5759
5854 5850 5814 5829 5874 5906 5932 6024 6125 6256 6073 5828 5728 5691 5678 5677 5674 5654 5641 5643 5653 5664 5671 5658 5644 5638 5643 5649 5654 5664 5681 5705 5736 5753 5755 5764 5770 5774 5795 5833 5856 5843 5821 5838 5840 5833 5820 5804 5785 5775 5765 5796 5843 5869 5881 5940 6014 6098 6201 6201 6076 5957 5909 5883 5847 5796 5748 5736 5734 5729 5720 5706 5696 5687 5679 5672 5677 5692 5698 5698 5708 5732 5762 5772
6014 6048 5927 5845 5874 5906 5960 6064 6196 6189 6016 5858 5758 5718 5699 5690 5685 5664 5651 5649 5649 5654 5655 5651 5643 5641 5646 5654 5662 5668 5691 5715 5739 5750 5758 5763 5772 5783 5806 5859 5915 5881 5806 5806 5800 5797 5795 5795 5800 5784 5759 5791 5826 5861 5906 5960 6017 6067 6109 6070 5990 5913 5870 5834 5799 5778 5769 5756 5746 5737 5724 5710 5695 5685 5675 5665 5676 5692 5696 5695 5706 5734 5751 5760
6162 6306 5983 5852 5848 5897 5980 6051 6123 6128 6050 5898 5786 5749 5725 5707 5690 5675 5659 5652 5645 5643 5648 5645 5643 5644 5649 5658 5669 5681 5700 5719 5740 5756 5766 5761 5768 5774 5805 5859 5906 5838 5795 5772 5764 5760 5773 5787 5825 5810 5805 5807 5836 5875 5927 5974 6013 6028 6005 5960 5918 5873 5853 5827 5805 5801 5807 5774 5757 5746 5731 5714 5701 5682 5677 5679 5686 5698 5691 5691 5700 5714 5734 5755
6132 6214 5931 5858 5843 5860 5893 5935 5984 5986 5994 5924 5835 5792 5759 5728 5702 5685 5671 5653 5647 5641 5647 5644 5638 5643 5652 5663 5676 5689 5704 5717 5737 5764 5779 5779 5771 5773 5797 5832 5849 5804 5766 5756 5754 5751 5762 5785 5809 5826 5845 5833 5879 5922 5951 5987 6017 6028 5962 5893 5889 5875 5851 5824 5797 5777 5772 5768 5759 5752 5734 5715 5699 5697 5691 5689 5694 5692 5685 5683 5684 5703 5729 5760
5978 5983 5879 5850 5827 5807 5800 5826 5867 5878 5934 5908 5869 5837 5795 5756 5722 5702 5695 5677 5660 5654 5659 5648 5634 5643 5655 5669 5684 5698 5703 5705 5720 5749 5771 5774 5773 5786 5787 5799 5804 5784 5761 5757 5756 5743 5758 5798 5823 5823 5830 5832 5880 5933 5960 5988 6019 6062 6107 5952 5890 5857 5841 5816 5787 5766 5761 5759 5750 5745 5730 5716 5704 5692 5708 5717 5707 5697 5691 5680 5682 5701 5733 5778
5851 5859 5843 5814 5784 5758 5752 5779 5842 5909 6054 5974 5942 5892 5835 5785 5744 5726 5714 5691 5669 5669 5670 5656 5649 5650 5660 5673 5690 5707 5707 5693 5700 5730 5751 5756 5760 5758 5757 5775 5782 5786 5806 5811 5797 5782 5792 5817 5807 5813 5820 5850 5891 5922 5943 5968 6001 6037 6039 5975 5906 5857 5810 5798 5784 5772 5768 5756 5742 5715 5723 5719 5714 5717 5730 5733 5719 5698 5682 5676 5684 5706 5748 5779
5809 5813 5777 5752 5730 5723 5719 5739 5861 6027 6114 6031 6004 5932 5863 5805 5760 5734 5720 5683 5668 5662 5668 5657 5654 5657 5666 5679 5698 5710 5714 5705 5703 5717 5734 5757 5752 5746 5750 5775 5807 5832 5848 5880 5866 5864 5862 5850 5842 5870 5869 5847 5855 5878 5901 5931 5955 5972 5969 5955 5930 5881 5832 5810 5792 5778 5769 5762 5755 5752 5734 5725 5715 5718 5744 5753 5733 5706 5681 5675 5681 5706 5731 5734
5879 5807 5737 5716 5717 5736 5726 5751 5854 5995 6025 6070 6044 5940 5866 5808 5767 5746 5722 5689 5674 5664 5655 5654 5652 5663 5675 5690 5706 5715 5720 5717 5715 5723 5736 5752 5751 5749 5762 5790 5836 5865 5887 5907 5927 5900 5878 5877 5871 5898 5948 5932 5884 5847 5870 5904 5920 5916 5916 5924 5899 5885 5880 5828 5808 5798 5785 5774 5764 5755 5748 5735 5711 5706 5740 5758 5756 5737 5694 5703 5710 5737 5743 5705
5980 5891 5807 5748 5736 5747 5731 5750 5794 5833 5842 5941 5916 5889 5841 5793 5754 5738 5721 5695 5680 5673 5665 5666 5668 5672 5682 5699 5723 5720 5712 5727 5730 5735 5746 5767 5767 5782 5816 5821 5847 5857 5861 5919 5938 5916 5913 5935 5914 5907 5944 5941 5878 5859 5881 5921 5926 5892 5878 5891 5943 5865 5817 5816 5814 5816 5800 5788 5771 5764 5766 5752 5721 5707 5729 5761 5791 5820 5803 5785 5769 5823 5906 5829
5895 5881 5883 5835 5734 5717 5704 5707 5724 5741 5759 5801 5829 5828 5804 5767 5725 5708 5712 5694 5680 5674 5668 5672 5678 5680 5685 5697 5726 5723 5708 5730 5737 5753 5766 5774 5779 5804 5831 5825 5827 5831 5830 5853 5909 5928 5939 5999 5997 5979 5959 6013 5945 5970 6011 5999 5988 5993 5969 5966 5937 5870 5815 5805 5807 5818 5820 5805 5790 5785 5795 5806 5758 5731 5741 5770 5813 5876 5943 5873 5846 5921 6094 6001
5808 5812 5787 5743 5699 5670 5667 5665 5674 5684 5692 5731 5771 5784 5775 5751 5714 5688 5719 5701 5688 5678 5670 5676 5682 5684 5689 5699 5706 5727 5718 5723 5743 5768 5796 5777 5805 5821 5827 5817 5828 5829 5834 5859 5907 5956 5963 6028 6151 6237 6124 6135 6157 6068 6055 6078 6064 5996 6033 6028 5949 5873 5821 5798 5791 5798 5808 5809 5833 5822 5812 5809 5793 5763 5745 5771 5804 5837 5854 5854 5839 5884 5978 5891
5805 5753 5715 5694 5657 5633 5640 5645 5653 5660 5661 5685 5720 5746 5754 5754 5749 5730 5732 5703 5688 5678 5676 5677 5679 5684 5692 5705 5722 5734 5739 5744 5755 5767 5778 5784 5811 5843 5851 5861 5832 5883 5915 5880 5943 5966 6059 6111 6086 6075 5952 5911 5933 6001 6167 6084 6100 6188 6140 6084 5963 5852 5799 5790 5781 5768 5774 5789 5794 5803 5803 5811 5824 5793 5772 5770 5782 5785 5770 5777 5780 5793 5825 5802
5722 5707 5670 5640 5628 5621 5632 5645 5657 5664 5670 5674 5694 5724 5737 5748 5763 5727 5702 5688 5673 5671 5673 5671 5676 5686 5696 5717 5737 5742 5741 5742 5750 5762 5775 5820 5891 5876 5857 5865 5897 5958 5986 6061 5984 5838 5809 5773 5674 5583 5485 5467 5533 5700 5803 5892 6002 6138 6173 6182 6077 5900 5821 5811 5811 5791 5760 5773 5786 5785 5779 5771 5789 5784 5768 5767 5764 5757 5739 5727 5736 5749 5760 5764
