real_craters/C121-500m.grd
DSAA
150 150
-37.1525 37.1525
-37.1525 37.1525
4550.7208511318 6606.7348427692
[rows 120 to 149 of 150, columns 0 to 66 of 150]
5829.56 5950.33 5950.9 5929.61 5920.56 5937.33 5976.87 6035.95 6121.81 6176.67 6161.62 6190.02 6235.37 6259.11 6269.82 6271.15 6224.82 6135.97 6156.66 6167.57 6134.45 6095.84 6016.73 5928.28 5849.18 5788.79 5763.12 5769.14 5766.1 5765.22 5777.09 5791.1 5828.5 5863.06 5853.87 5827.63 5833.5 5807.91 5825.08 5825.13 5828.92 5832.8 5822.97 5818.54 5812.65 5780.42 5751.87 5734.87 5716.49 5695.95 5671.73 5638.97 5620.38 5619.47 5621.58 5624.64 5631.39 5643.26 5662.99 5679.23 5689.84 5685.81 5686.18 5655.78 5625.56 5599.38 5599.65
5601.35 5677.9 5742.21 5766.68 5782.39 5798.97 5827.8 5862.24 5898.16 5928.95 5987.21 6067.75 6165.75 6247.74 6269.44 6277.66 6272 6236.96 6205.98 6176.39 6130.4 6088.62 5990.47 5943.83 5881.82 5816.46 5801.28 5757.94 5732.11 5743.48 5766.38 5815.22 5831.47 5859.37 5830.54 5793.03 5798.09 5804.42 5814.31 5834.8 5854.14 5865.89 5861.68 5832.51 5817.39 5786.51 5758.2 5741.48 5721.22 5697.43 5668.69 5619.06 5599.76 5601.59 5605.99 5610.18 5613.21 5632.39 5653.79 5663.29 5667.33 5658.01 5651.6 5630.18 5605.9 5588.86 5594.01
5511.08 5516.23 5563.15 5607.91 5635.21 5654.48 5670.46 5673.65 5667.84 5668.11 5782.34 5910.13 6043.96 6159.03 6198.38 6259.54 6320.62 6298.31 6248.03 6209.42 6187.74 6189.22 6125.7 5984.7 5874.91 5827.87 5768.2 5732.96 5723.59 5716.22 5724.77 5734.48 5765.1 5784.11 5782.33 5773.64 5780.74 5803.8 5821.15 5848.68 5872.41 5892.63 5915.59 5863.46 5836.66 5806.76 5779.06 5754.43 5727.98 5698.75 5664.55 5602.28 5588.45 5593.85 5595.57 5602.99 5615.33 5624.49 5637.08 5639.11 5634.45 5625.97 5618.7 5609.66 5592.81 5580.09 5589.55
5430.54 5404.96 5416.99 5455.3 5483.51 5502.91 5514.19 5512.68 5498.81 5490.62 5613.45 5743.48 5860.19 5960.36 6042.69 6153.71 6293.47 6287.87 6258.08 6225.66 6199.17 6229.96 6142.15 6084.78 6024.92 5851.61 5753.52 5717.59 5703.78 5689.66 5682.95 5686.4 5691.65 5697.8 5735.24 5760.85 5770.82 5779.51 5819.82 5870.05 5874.4 5887.92 5898.01 5862.61 5847.34 5833.22 5803.94 5769.56 5737.02 5699.85 5655.36 5603.9 5588.7 5593.03 5600.04 5595.88 5608.41 5614.16 5614.38 5614.21 5610.17 5604.41 5601.38 5598.59 5591.59 5583.88 5583.89
5219.07 5248.13 5283.54 5313.99 5341.92 5361.7 5376.33 5385.89 5397 5431.34 5506.56 5591.77 5668.69 5738.36 5832.1 5945.35 6191.64 6231.4 6203.48 6211.03 6265.89 6287.03 6188.74 6143.06 6120.84 5956.16 5803.59 5739.11 5687.91 5685.17 5667.69 5646.27 5665.54 5678.2 5712.74 5741.05 5772.13 5780.85 5799.71 5833.96 5845.36 5858.6 5861.2 5856.24 5842.18 5828.99 5807.85 5778.87 5747.67 5710.71 5655.29 5607.81 5597.09 5590.25 5584.42 5584.61 5591.62 5598.98 5597.8 5597.62 5599.33 5599.18 5597.04 5598.03 5596.03 5586.37 5576.25
5030.43 5086.58 5147.2 5191.49 5221.25 5239.67 5258.78 5278.62 5312.63 5370.62 5415.38 5458.54 5500.96 5543.88 5626.27 5734.18 5938.61 6031.34 6067.52 6118.64 6197.97 6257.98 6226.91 6132.24 6003.15 5987.82 5967.15 5847.84 5765.65 5736.08 5711.09 5695.98 5695.6 5707.96 5718.6 5739.43 5770.66 5809.32 5797.15 5776.23 5806.04 5828.66 5841.44 5843.49 5833.73 5824.44 5806.67 5783.76 5758.75 5735.43 5703.83 5645.39 5617.44 5598.5 5586.06 5585.93 5591.27 5595.24 5593.48 5593.15 5594.2 5595.78 5597.62 5603.94 5617.98 5600.64 5573.45
4995.27 5034.61 5062.31 5092.93 5112.33 5133.48 5152.23 5179.14 5215.34 5265.89 5305.73 5329.19 5361.53 5400.59 5462.3 5541.42 5689.55 5792.86 5879.55 5956.17 6048.57 6141.5 6212.41 6123.48 6010.6 5971.17 5946.18 5909.81 5871.16 5818.89 5765.74 5734.3 5726.77 5725.04 5728.31 5747.02 5762.07 5775.1 5778.14 5769.01 5783.72 5802.84 5815.22 5821.37 5828.59 5818.91 5804.82 5783.17 5760.28 5736.12 5703.32 5661.87 5641.15 5634.65 5625.63 5615.75 5605.26 5598.49 5595.27 5594.94 5591.27 5591.5 5607.46 5618.52 5604.45 5580.11 5568.32
4980.29 4978.44 5014.58 5003.81 5014.46 5032.72 5053.31 5075.42 5105.72 5151.99 5187.87 5195.46 5224.42 5272.58 5311.83 5349.07 5448.42 5575.54 5662.34 5748.19 5854.08 5992.33 6103.84 6116.57 6129.06 6096.72 6038.41 6004.11 5965.34 5899.01 5819.11 5773.52 5752.95 5738.68 5729.76 5737.97 5748.91 5767.13 5763.96 5759.94 5770.44 5785.98 5797.54 5810.97 5820.9 5828.88 5798.43 5774.96 5752.6 5728.08 5692.39 5666.39 5658.25 5651.91 5652.17 5650.52 5624.46 5598.83 5590.97 5588.96 5590.97 5598.3 5608.32 5610.01 5578.41 5567.34 5565.73
4852.92 4829.79 4856.05 4885.65 4908.71 4931.14 4951.4 4967.83 4980.12 4989.8 5002.76 5040.48 5083.07 5124.94 5151.22 5165.01 5259.19 5378.2 5465 5536.34 5606.8 5738.09 5940.46 6061.58 6186.76 6235.98 6165.53 6067.39 6003 5930.02 5870.36 5813.47 5770.62 5746.18 5729.58 5727.06 5739.77 5746.72 5745.86 5746.61 5759.68 5776.13 5776.6 5776.57 5780.6 5775.14 5776.56 5762.09 5742.07 5720.34 5694.8 5678.08 5672.71 5675.5 5670.66 5657.79 5625.07 5592.54 5584.12 5583.07 5585.43 5592.48 5594.31 5581.27 5568.38 5566.01 5567.53
4762 4762.49 4750.38 4778.13 4812.75 4839.47 4859.28 4867.59 4865.01 4842.16 4832.13 4901.85 4956.26 4993.85 5021.96 5052.74 5171.02 5238.04 5317.66 5366.4 5412.58 5553.58 5736.27 5937.62 6137.21 6293.71 6297.48 6148.77 6018.43 5928.09 5887.34 5835.31 5786.88 5754.72 5735.01 5723.54 5719.55 5720.14 5726.83 5737.36 5749.77 5763.79 5766.81 5758.13 5760.42 5767.67 5761.99 5748.72 5730.52 5713.58 5706.5 5691.12 5680.31 5674.34 5672.59 5656.95 5618.83 5589.01 5577.21 5573.58 5574.43 5581.08 5584.46 5579.25 5571.51 5568.73 5569.9
4676.64 4672.37 4677.95 4703.86 4737.85 4765.06 4784.12 4789.7 4783.19 4770.25 4778.4 4817.55 4862.6 4896.53 4936.35 4993.63 5098.83 5186.29 5226.6 5264.57 5316.81 5409.72 5567.37 5787.61 6006.91 6198.65 6281.61 6168.26 6055.3 5958.91 5893.32 5846.22 5804.17 5765.04 5737.36 5725.6 5725.19 5711.66 5709.71 5706.59 5714.7 5744.82 5750.63 5751.46 5768.11 5768.21 5756.62 5739.06 5719.95 5702.98 5691.4 5689.06 5681.94 5672.6 5666.89 5649.83 5612.77 5581.07 5570.2 5568.06 5566.97 5569.92 5573.72 5577.5 5577.24 5569.82 5568.04
4629.05 4627.13 4634.05 4652.64 4682.37 4707.31 4724.1 4730.58 4730.73 4727.05 4731.43 4761.02 4795.05 4819.64 4844.93 4920.39 5033.81 5102.28 5148.73 5211.1 5293.22 5388.93 5476.22 5644.41 5837.55 6052.28 6320.43 6233.1 6138.15 6033.68 5948.21 5873.45 5814.01 5787.32 5744.19 5720.16 5712.65 5712.44 5702.51 5687.68 5688.41 5719.48 5724.92 5746.09 5764.78 5772.15 5756.77 5735.32 5712.15 5694.06 5698.11 5687.98 5681.91 5678.84 5660.49 5640.33 5605.03 5577.94 5563.8 5557.44 5556.9 5555.56 5555.85 5561.23 5565.03 5562.72 5560.87
4605.4 4605.79 4609.15 4620.83 4643.58 4663.31 4680.37 4691.97 4697.78 4702.22 4704.7 4730.59 4753.38 4767.37 4779.87 4824.21 4915.68 4992.54 5069.33 5162.03 5285.12 5369.89 5387.49 5520.5 5692.92 5936.37 6283.12 6356.18 6261.71 6136.86 5990.74 5952.85 5909.58 5856.05 5779.82 5734.72 5718.43 5723.24 5707.49 5693.04 5685.75 5694.36 5717.51 5752.48 5786.12 5785.17 5761.99 5734.71 5707.55 5688.78 5682.86 5683.7 5675.9 5664.2 5655.3 5633.07 5599.29 5576.01 5563.16 5554.19 5550.04 5543.96 5540.32 5546.81 5551.55 5553.84 5553.58
4591.75 4594.14 4598.27 4604.6 4620.22 4636.34 4651.2 4664 4676.16 4692.79 4716.67 4731.05 4730.09 4735.58 4777.51 4804.46 4861.82 4930.93 5025.07 5086.08 5153.5 5212.18 5268.36 5418.02 5595.88 5854.34 6200.04 6355.63 6319.71 6188.11 6070.73 6045.21 6021.11 5965.13 5899.59 5789.19 5737.61 5728.58 5714.78 5709.56 5711.37 5726.13 5737 5762.51 5794.79 5795.86 5765.48 5734.52 5702.08 5682.62 5684.29 5685.82 5686.91 5677.07 5657.78 5631.53 5598.86 5585.38 5576.32 5563.62 5550.03 5540.69 5533.82 5541.16 5543.93 5546.96 5548.35
4586.03 4587.5 4594.54 4596.53 4604.55 4616.73 4628.47 4640.82 4655.5 4674.75 4709.06 4711.6 4698.56 4702.13 4710.41 4763.68 4854.09 4966.42 5065.38 5113.99 5129.08 5155.17 5221.36 5353.32 5535.12 5791.47 6096.77 6292.11 6332.24 6288.73 6155.6 6084.74 6055.14 6044.19 6012.21 5842.37 5761 5734.56 5729.52 5727 5729.87 5733.57 5730.11 5763.29 5793.34 5788.95 5763.96 5739.22 5708.2 5684.92 5687.88 5687.82 5689.29 5682.64 5665.59 5641.77 5606.18 5591.81 5585.52 5579.4 5570.08 5550.74 5545.22 5552.54 5542.14 5543.56 5543.59
4584.32 4588.79 4594.63 4591.13 4595.94 4603.1 4611.49 4621.01 4628.79 4636.17 4633.14 4635.14 4655.03 4668.31 4684.38 4735.2 4847.96 5003.95 5099.73 5161.05 5169.05 5163.75 5199.02 5296.31 5448.55 5668.36 5943.95 6182.72 6297.75 6316.65 6226.81 6065.77 6041.81 6076.46 6036.8 5881.77 5742.49 5734.25 5739.72 5742.42 5747.36 5737.49 5731.99 5761.74 5776.55 5759.57 5754.75 5748.99 5742.66 5706.04 5682.61 5685.31 5689.06 5682.64 5670.5 5644.28 5602.21 5594.87 5592.5 5582.53 5575.39 5557.1 5539.96 5549.06 5547.58 5544.07 5541.85
4585.13 4587.12 4595.3 4591.82 4590.68 4594.67 4599.56 4604.74 4607.69 4607.32 4601.74 4606.8 4625.5 4649.26 4681.58 4719.95 4822.63 4931.4 5011.43 5079.21 5172.17 5178.35 5176.19 5244.2 5338.15 5518.4 5752.87 5969.61 6139.42 6270.88 6256.55 6099.15 6058.4 6080.7 6019.95 5843.13 5775.6 5752.87 5751.53 5754.54 5759.5 5749.16 5742.5 5754.12 5749.4 5733.99 5748.16 5752.25 5751.35 5711.08 5680.91 5679.67 5686.06 5677.41 5662.97 5643.04 5617.09 5597.05 5581.33 5574.4 5575.23 5565.69 5552.97 5550.82 5549.01 5545.46 5540.04
4588.26 4591.43 4594.58 4591.06 4587.9 4588.18 4588.95 4589.72 4590.57 4588.76 4587.06 4591.59 4606.28 4636.07 4687.32 4750.65 4805.56 4856.44 4897.19 4956.04 5093.41 5166.8 5203.29 5222.16 5253.65 5384.56 5573.21 5775.9 5968.71 6264.88 6313.76 6131.35 6077.48 6058.08 5978.4 5831.1 5804.73 5778.53 5768.95 5767.18 5767.94 5757.24 5749.37 5741.24 5743.11 5755.19 5749 5746.8 5734.64 5698.12 5675.57 5666.96 5666.44 5663.93 5660.48 5656.4 5642.6 5601.88 5569.13 5565.9 5576.38 5578.7 5580.06 5576.64 5562.19 5552.68 5539.74
4592.23 4597.15 4598.32 4591.6 4584.22 4581.9 4580.08 4580.66 4579.23 4576.85 4574.71 4576.6 4586.45 4606.25 4669.28 4772.54 4792.37 4817.92 4843.99 4909.05 5059.5 5140.59 5195.24 5198.75 5214.3 5283.55 5428.81 5655.65 5860.96 6136.45 6324.71 6226.94 6107.91 6005.39 5946.39 5887.72 5835.06 5802.57 5784.95 5773.17 5764.76 5751.55 5745.5 5745.37 5748.15 5747.42 5743.39 5740.92 5727.91 5690.98 5671.13 5655.57 5645.55 5650.94 5658.84 5668.85 5667.59 5617.83 5580.49 5577.43 5579.6 5587.76 5592.97 5592.78 5586.12 5569.96 5545.7
4595.45 4600.64 4599.89 4588.35 4579.85 4578.13 4576.47 4575.1 4571.19 4568.07 4566.51 4569.33 4569.86 4579.02 4629.56 4722.89 4768.16 4803.16 4832.23 4906.15 5048.04 5105.57 5142.37 5149.06 5146.37 5198.12 5314.54 5566.83 5757.1 6004.8 6190.39 6285.11 6131.98 5977.88 5958.84 5978.78 5888.48 5835.32 5805.68 5778.35 5752.07 5738.31 5732.74 5732.52 5733.97 5728.9 5734.55 5737.4 5732.26 5704.85 5675.37 5653.07 5642.01 5644.77 5647.62 5666.86 5678.58 5626.3 5590.71 5585.9 5594.64 5591 5590.46 5592.49 5599.74 5579.38 5546.47
4597.65 4595.7 4592.42 4582.87 4574.03 4574.55 4573.49 4570.2 4566.78 4562.41 4559.21 4555.86 4557.37 4568.21 4592.18 4666.13 4743.21 4803.2 4856.38 4906.57 4997.17 5048.56 5094.03 5114.26 5110.97 5135.5 5224.49 5495.76 5700.32 5950.84 6143.55 6265.04 6124.68 5964.06 5968.24 6018.51 5953.02 5879.51 5834.37 5791.19 5751.41 5725.56 5720.05 5715.21 5721.6 5729.31 5731.12 5728.39 5722.25 5705.08 5676.95 5652.16 5640.79 5644.79 5653.34 5650.43 5646.74 5607.92 5588.98 5581.27 5580.94 5584.57 5588.31 5587.67 5579.17 5560.01 5537.33
4602.74 4593.71 4583.3 4580.93 4578.69 4580.74 4580.54 4578.07 4572.63 4566.19 4558.32 4550.72 4552.61 4562.35 4576.18 4639.42 4722.2 4791.94 4868.16 4875.58 4907.26 4970.59 5032.26 5075.47 5080.76 5095.97 5186.43 5488.02 5736.6 5911.06 6131.35 6233.62 6115.34 5987.36 6004.81 6065.74 6017.06 5938.85 5871.71 5809.75 5772.04 5746.31 5723.6 5717.05 5721.76 5723.74 5721.29 5719.11 5708.15 5691.11 5675.49 5655 5643.89 5643.45 5642.26 5625.26 5599.98 5585.19 5593.01 5594.75 5586.06 5586.21 5590.19 5576.54 5562.14 5546.1 5535.89
4620.3 4610 4595.5 4596.03 4595.57 4596.38 4594.73 4589.36 4581.98 4572.11 4562.47 4555.86 4556.67 4563.5 4576.34 4643.43 4708.85 4747.06 4788.74 4784.47 4817.94 4888.73 4949.12 4986.01 5010.94 5058.5 5155.98 5410.6 5705.58 5897.38 6079.44 6172.18 6117.19 6043.04 6039.29 6063.16 6066.09 6004.54 5918.72 5829.8 5761.47 5738.92 5738.8 5732.24 5735.49 5726.86 5714.29 5708.36 5700.8 5688.73 5676.54 5669.96 5652.37 5637.68 5625.18 5606.31 5582.9 5572.99 5600.37 5625.61 5603.45 5597.03 5592.08 5570.64 5557.96 5547.27 5541.69
4643.61 4642.08 4639.89 4645.15 4628.09 4620 4612.98 4604.31 4593.2 4581.76 4570.85 4563.01 4563.28 4570.51 4580.3 4618.92 4660.32 4679.92 4685.37 4706.6 4758.87 4826.52 4882.63 4922.13 4976.44 5032.89 5118.61 5333.8 5622.83 5807.41 5995.92 6172.55 6168.51 6127.45 6149.93 6155.47 6130.17 6072.37 5985.35 5885.95 5799.45 5771.05 5769.37 5769.95 5757.58 5747.86 5729.09 5704.91 5688.87 5680.32 5668.5 5660.66 5643.74 5624.31 5610.24 5597.3 5585.53 5577.79 5594.09 5601.82 5602.74 5601.01 5596.96 5577.43 5558.09 5547.22 5544.09
4672.79 4679.36 4685.25 4671.39 4648.86 4647.77 4638.12 4624.72 4609.1 4593.68 4579.7 4568.35 4566.61 4575.23 4563.32 4588.09 4609.89 4628.59 4638.42 4680.14 4729.79 4791.32 4849.78 4932.49 4992.82 5036.59 5123.34 5315.17 5562.89 5753.93 5936.75 6171 6314.83 6364.62 6348.92 6282.49 6229.41 6162.48 6082.21 5967.36 5852.13 5787.26 5777.66 5786.59 5775.68 5764.53 5767.98 5723.57 5696.56 5675.32 5653.41 5632.4 5623.77 5608.8 5599.62 5594.43 5590.3 5589.01 5589.33 5589.2 5588.14 5586.47 5580.25 5567.16 5553.11 5543.8 5544.41
4700.13 4712.14 4723.47 4715.9 4705.88 4686.09 4664.56 4643.3 4624.73 4607.52 4589.5 4575.66 4572.56 4580.1 4568.09 4579.6 4597.72 4607.6 4623.39 4667.53 4712.32 4766.65 4819.78 4885.71 4963.34 5048.14 5165.97 5367.36 5627.89 5784.46 5902.19 6137.79 6397.98 6512.91 6509.49 6461.66 6362.43 6295.25 6214.54 6106.79 5964.35 5839.78 5799.03 5814.8 5790.77 5763.71 5751.92 5733.42 5699.01 5667.72 5641.03 5621.59 5614.58 5618.94 5603.87 5592.21 5586.62 5584.09 5592.26 5588.49 5582.04 5585.38 5586.14 5567.72 5551.24 5538.96 5538.47
4722.14 4735.02 4746.94 4757.36 4741.66 4716.75 4688.81 4662.15 4639.35 4617.92 4598.96 4582.84 4575.25 4577.8 4573.34 4580.33 4592.17 4602.2 4620.33 4656.77 4694.58 4740.01 4788.89 4856.22 4937.1 5057 5183.41 5317.96 5526.62 5730.83 5825.83 6052.27 6289 6475.15 6498.31 6440.02 6459.19 6423.57 6342.61 6276.33 6095.66 5959.63 5886.77 5842.27 5799.32 5763.37 5753.33 5747.72 5698.65 5656.47 5625.25 5605.2 5599.74 5595.32 5592.65 5585.32 5581.55 5585 5588.14 5579.18 5575.67 5578.3 5583.18 5572.14 5556.55 5535.1 5530.39
4741.18 4753.42 4760.82 4760.64 4753.2 4730.62 4701.51 4673.19 4647.83 4622.22 4603.87 4589.19 4582.43 4577.01 4573.43 4580.61 4591.04 4600.99 4617.18 4647.88 4674.14 4711.02 4759.53 4824.65 4939.23 5078.69 5221.84 5339.95 5409.92 5551.23 5729.33 5959.32 6174.18 6449.7 6576.54 6496.4 6494.24 6460.46 6393.63 6320.42 6218.04 6064.49 5937.26 5866.83 5799.3 5754.41 5729.33 5706.71 5671.1 5637.03 5604.27 5584.45 5583.29 5587.19 5577.69 5572.98 5569.5 5569.76 5569.52 5572.16 5567.07 5563.44 5566.55 5570.12 5564.7 5545.19 5534.12
4761.73 4771.16 4771.39 4775.05 4761.19 4737.25 4704.56 4673.57 4647.84 4625.46 4607.81 4592.7 4582.93 4576.26 4574.58 4581.19 4590.74 4599.78 4609.45 4622.84 4648.93 4683.98 4727.82 4799.66 4937.18 5107.03 5284.15 5452.67 5454.69 5510.89 5661.46 5901.98 6100.05 6390.18 6606.73 6574.23 6480.21 6411.73 6392.81 6338.81 6229.81 6108.61 6016.56 5862.57 5782.23 5731.05 5687.18 5672.04 5645.26 5620.58 5591.71 5573.52 5572.26 5569.93 5564.72 5559.75 5554.93 5552.09 5550.95 5544.83 5540.07 5538.9 5548.54 5561.68 5572.42 5567.74 5545.14
4785.81 4789 4778.85 4751.47 4775.32 4743.26 4702.4 4671.58 4647.3 4626.76 4609.27 4594.3 4585.02 4578.73 4577.09 4579.57 4586.17 4593.44 4597.61 4603.69 4630.31 4666.94 4715.24 4801.2 4947.34 5127.3 5323.27 5495.82 5521.21 5531.94 5649.36 5855.05 6019.46 6303.65 6549.24 6554.04 6452.56 6383.77 6373.15 6357.79 6266.02 6085.55 5906.75 5797.43 5751.45 5714.07 5684.73 5663.83 5632.79 5613.98 5601.04 5582.45 5567 5558.65 5552.41 5546.65 5541.52 5535.53 5528.6 5528.18 5526.78 5530.78 5535.14 5542.11 5552.23 5571.73 5579
