real_craters/C121-750m.grd
DSAA
100 100
-37.1525 37.1525
-37.1525 37.1525
4554.189057617 6581.6649743949
[rows 38 to 75 of 100, columns 0 to 83 of 100]
5672 5677 5652 5625 5623 5624 5631 5646 5661 5669 5682 5682 5692 5709 5715 5720 5722 5703 5682 5671 5666 5666 5668 5668 5682 5693 5703 5726 5744 5749 5749 5741 5754 5766 5789 5852 5919 5877 5831 5827 5940 6047 5974 5796 5656 5553 5405 5289 5221 5144 5098 5152 5266 5374 5472 5601 5755 5931 6067 6211 6131 5975 5891 5861 5833 5801 5776 5767 5778 5773 5765 5762 5773 5781 5779 5769 5760 5752 5749 5724 5708 5700 5706 5706
5680 5674 5656 5637 5630 5629 5629 5639 5649 5661 5678 5676 5677 5682 5688 5686 5675 5669 5664 5654 5654 5666 5673 5688 5696 5703 5715 5723 5740 5756 5759 5750 5761 5772 5794 5822 5869 5863 5843 5915 5994 5872 5701 5463 5402 5335 5184 5032 4949 4872 4857 4877 5021 5126 5202 5326 5452 5602 5814 6056 6224 6057 5977 5917 5859 5809 5770 5763 5767 5766 5760 5748 5747 5770 5778 5771 5764 5756 5744 5708 5694 5678 5673 5675
5703 5681 5661 5643 5635 5628 5627 5633 5635 5644 5650 5676 5685 5676 5671 5664 5654 5655 5650 5654 5671 5679 5682 5698 5705 5708 5711 5710 5729 5759 5763 5749 5764 5776 5788 5809 5858 5893 5903 6051 5950 5605 5464 5399 5356 5227 5098 4926 4875 4818 4793 4815 4873 4957 5037 5115 5194 5308 5491 5688 6022 6179 6050 5957 5905 5838 5783 5776 5777 5770 5754 5739 5737 5763 5769 5765 5761 5756 5748 5725 5699 5667 5653 5661
5710 5678 5667 5656 5641 5633 5630 5634 5636 5634 5626 5634 5658 5660 5661 5656 5646 5655 5674 5692 5692 5691 5687 5698 5707 5707 5708 5706 5713 5727 5752 5760 5760 5773 5781 5815 5906 5967 6019 6079 5759 5389 5325 5297 5226 5125 4981 4864 4812 4749 4727 4747 4788 4848 4907 4964 5008 5099 5212 5362 5723 5989 5976 5919 5879 5839 5816 5817 5810 5783 5758 5746 5741 5748 5754 5758 5758 5757 5752 5753 5712 5665 5646 5652
5706 5661 5661 5651 5640 5633 5635 5636 5639 5632 5623 5621 5635 5655 5661 5661 5660 5669 5689 5695 5692 5697 5694 5701 5705 5699 5698 5707 5700 5701 5722 5742 5751 5773 5788 5845 5947 6027 6076 5839 5523 5250 5261 5227 5101 5012 4910 4723 4692 4680 4673 4688 4724 4771 4818 4858 4893 4951 5043 5187 5449 5682 5834 5875 5856 5852 5820 5807 5811 5790 5773 5773 5756 5730 5741 5751 5754 5758 5758 5751 5719 5678 5660 5681
5704 5674 5658 5648 5639 5635 5636 5638 5636 5631 5625 5620 5622 5636 5653 5672 5673 5681 5690 5693 5690 5692 5701 5703 5699 5697 5697 5701 5685 5679 5715 5737 5754 5777 5807 5897 6033 6057 5939 5643 5350 5136 5082 5029 4952 4842 4770 4659 4643 4622 4634 4648 4678 4708 4739 4778 4831 4879 4943 5053 5249 5498 5744 5907 5963 5927 5846 5795 5789 5782 5783 5780 5766 5750 5746 5749 5751 5752 5751 5746 5721 5699 5695 5704
5709 5690 5662 5651 5643 5641 5642 5641 5635 5631 5630 5626 5617 5626 5653 5686 5685 5687 5692 5697 5689 5691 5703 5701 5697 5711 5713 5699 5666 5667 5705 5738 5760 5776 5839 5976 6100 6072 5745 5403 5226 5089 5011 4867 4695 4627 4626 4614 4601 4589 4593 4611 4641 4666 4682 4693 4751 4812 4881 4966 5071 5388 5724 6015 6143 6024 5871 5773 5768 5762 5761 5802 5784 5764 5756 5751 5748 5747 5746 5738 5715 5709 5711 5711
5705 5684 5668 5655 5652 5649 5654 5647 5644 5644 5638 5633 5626 5599 5659 5666 5690 5689 5688 5690 5692 5703 5725 5719 5717 5720 5721 5709 5687 5681 5708 5745 5766 5793 5864 5964 6125 6087 5602 5284 5129 4956 4824 4714 4610 4586 4615 4605 4589 4574 4560 4601 4627 4647 4654 4655 4676 4759 4841 4918 5037 5329 5737 6098 6226 6094 5897 5729 5741 5758 5771 5800 5790 5772 5763 5753 5747 5743 5738 5733 5692 5707 5723 5716
5692 5671 5658 5649 5641 5646 5650 5650 5653 5654 5657 5646 5630 5646 5665 5659 5680 5683 5682 5682 5692 5708 5726 5730 5729 5731 5735 5727 5707 5704 5720 5744 5761 5782 5848 5961 6066 5916 5471 5147 5013 4852 4640 4610 4588 4598 4637 4669 4658 4651 4643 4632 4671 4679 4674 4669 4670 4733 4823 4890 5001 5314 5756 6164 6279 6132 5924 5753 5728 5760 5773 5754 5785 5785 5763 5752 5742 5733 5722 5699 5679 5707 5742 5715
5677 5658 5648 5643 5640 5642 5643 5660 5684 5687 5717 5692 5646 5646 5646 5653 5668 5675 5678 5678 5691 5717 5729 5737 5733 5741 5756 5752 5735 5737 5737 5738 5744 5781 5830 5974 6012 5702 5327 5057 4913 4766 4631 4596 4593 4607 4665 4740 4787 4854 4872 4790 4775 4742 4702 4663 4662 4712 4798 4860 4974 5303 5745 6158 6259 6123 5930 5745 5720 5742 5735 5718 5736 5752 5752 5748 5742 5733 5716 5690 5681 5704 5723 5703
5668 5654 5649 5642 5639 5641 5651 5683 5759 5810 5851 5809 5717 5680 5649 5652 5668 5668 5665 5667 5672 5701 5722 5756 5799 5795 5804 5788 5767 5751 5741 5741 5753 5781 5836 5984 5967 5559 5240 5002 4837 4725 4652 4620 4613 4628 4724 4853 4944 5120 5162 5054 4925 4823 4740 4676 4665 4686 4737 4861 5036 5288 5704 6091 6184 6081 5914 5766 5728 5762 5740 5707 5708 5723 5739 5744 5741 5734 5723 5708 5698 5705 5701 5683
5662 5657 5645 5642 5636 5639 5648 5703 5843 6000 6027 5974 5811 5699 5677 5663 5666 5664 5660 5645 5645 5676 5711 5757 5797 5841 5806 5791 5769 5734 5730 5733 5744 5791 5843 5962 5933 5524 5195 4979 4820 4710 4660 4650 4641 4671 4802 5018 5222 5416 5496 5260 5060 4895 4769 4686 4672 4686 4740 4874 5066 5283 5643 6023 6105 6031 5896 5787 5738 5723 5711 5703 5708 5724 5734 5737 5737 5735 5733 5734 5734 5714 5695 5675
5663 5648 5651 5650 5647 5647 5647 5705 5865 6067 6091 6053 5899 5716 5702 5679 5672 5669 5661 5654 5651 5672 5710 5743 5767 5774 5776 5760 5737 5715 5719 5730 5749 5805 5853 5936 5918 5593 5198 5000 4820 4690 4658 4675 4696 4740 4828 5004 5214 5436 5518 5356 5124 4926 4772 4662 4666 4706 4771 4868 5023 5225 5556 5905 6031 5991 5891 5794 5724 5708 5714 5727 5753 5740 5737 5737 5738 5742 5746 5752 5747 5721 5695 5670
5679 5676 5675 5662 5655 5652 5654 5691 5810 5897 5960 6004 5917 5711 5712 5703 5690 5682 5674 5672 5672 5683 5714 5734 5754 5750 5739 5733 5716 5702 5720 5742 5770 5834 5893 5971 5966 5668 5276 5059 4840 4668 4656 4691 4742 4794 4823 4871 4982 5157 5282 5262 5059 4888 4746 4644 4665 4726 4802 4891 5045 5252 5583 5935 6014 5967 5876 5793 5723 5700 5715 5731 5744 5741 5741 5742 5746 5749 5754 5758 5759 5732 5702 5681
5690 5696 5680 5666 5653 5649 5664 5696 5764 5826 5877 5897 5816 5712 5706 5718 5701 5694 5689 5687 5696 5698 5709 5719 5722 5720 5716 5722 5722 5722 5726 5750 5801 5864 5930 6020 6068 5839 5378 5057 4780 4636 4650 4699 4764 4808 4828 4850 4866 4912 4953 4955 4902 4808 4710 4649 4673 4734 4827 4943 5116 5344 5685 6014 6023 5954 5858 5794 5731 5691 5699 5706 5715 5726 5732 5738 5743 5750 5755 5755 5747 5726 5712 5695
5684 5686 5680 5664 5648 5642 5661 5686 5742 5801 5838 5823 5778 5710 5696 5693 5694 5693 5681 5684 5699 5694 5701 5704 5698 5696 5696 5698 5712 5718 5720 5736 5797 5880 5955 6033 6067 5996 5433 4997 4733 4644 4642 4694 4767 4808 4839 4883 4873 4841 4806 4785 4776 4734 4679 4643 4682 4728 4843 5024 5209 5432 5723 5999 6011 5944 5856 5786 5726 5681 5673 5685 5693 5712 5724 5733 5742 5749 5755 5758 5753 5740 5731 5719
5683 5681 5672 5661 5648 5639 5661 5693 5726 5760 5776 5764 5739 5683 5667 5665 5678 5690 5680 5673 5675 5681 5702 5695 5684 5680 5683 5687 5696 5704 5714 5728 5808 5877 5925 6006 6067 5985 5472 5020 4723 4611 4618 4674 4742 4776 4818 4883 4864 4822 4789 4747 4713 4684 4662 4662 4693 4741 4867 5062 5287 5530 5760 5956 5976 5922 5840 5772 5699 5699 5722 5699 5696 5709 5720 5730 5738 5746 5754 5763 5777 5769 5754 5740
5690 5691 5682 5672 5661 5656 5669 5690 5705 5718 5717 5713 5689 5664 5648 5645 5669 5683 5673 5668 5667 5674 5689 5692 5682 5686 5689 5697 5692 5697 5716 5740 5764 5812 5885 5975 6057 6016 5615 5169 4822 4602 4600 4657 4729 4766 4827 4839 4838 4863 4788 4724 4677 4652 4646 4667 4720 4795 4930 5113 5384 5654 5893 6004 5961 5896 5834 5769 5716 5709 5712 5721 5715 5712 5718 5725 5730 5738 5747 5758 5770 5780 5762 5741
5696 5703 5701 5694 5681 5673 5671 5676 5687 5692 5686 5678 5665 5649 5641 5654 5674 5690 5671 5666 5667 5678 5697 5709 5706 5704 5703 5702 5693 5700 5722 5748 5751 5767 5845 5938 6020 6026 5844 5414 5052 4734 4651 4648 4667 4728 4791 4787 4786 4792 4749 4682 4639 4628 4628 4672 4738 4910 5037 5222 5506 5798 6030 6016 5925 5862 5807 5763 5735 5716 5704 5702 5707 5709 5712 5717 5724 5730 5737 5747 5757 5765 5753 5729
5696 5716 5724 5720 5707 5677 5672 5685 5688 5678 5665 5659 5653 5643 5637 5659 5669 5675 5670 5663 5669 5690 5709 5735 5745 5723 5716 5707 5701 5707 5725 5744 5738 5744 5772 5882 5925 6003 6122 5684 5352 4991 4814 4717 4649 4676 4738 4706 4709 4712 4689 4650 4631 4627 4625 4708 4857 5060 5162 5335 5634 5925 6116 5894 5865 5829 5790 5753 5730 5711 5701 5695 5702 5706 5709 5712 5717 5722 5726 5730 5734 5741 5741 5723
5700 5728 5759 5780 5749 5712 5695 5695 5686 5675 5660 5652 5651 5650 5650 5650 5653 5652 5650 5655 5659 5677 5711 5740 5751 5730 5720 5708 5704 5708 5721 5723 5722 5727 5756 5792 5842 5975 6166 6020 5725 5365 5089 4875 4688 4671 4626 4616 4623 4630 4643 4662 4670 4660 4704 4815 4993 5197 5350 5539 5768 5966 6035 5882 5844 5800 5770 5743 5721 5704 5702 5700 5705 5707 5706 5707 5708 5710 5713 5715 5718 5723 5735 5722
5699 5742 5784 5812 5785 5751 5726 5709 5692 5676 5660 5651 5650 5648 5648 5649 5645 5645 5642 5649 5657 5669 5687 5698 5714 5716 5716 5707 5690 5704 5721 5748 5709 5716 5730 5751 5784 5895 6037 6118 6095 5750 5414 5170 4962 4824 4701 4590 4573 4587 4634 4691 4728 4721 4740 4924 5144 5371 5608 5770 5892 5987 5990 5938 5849 5810 5771 5739 5715 5708 5717 5721 5712 5707 5705 5705 5704 5704 5705 5706 5710 5723 5729 5717
5721 5756 5792 5813 5797 5766 5737 5717 5698 5676 5665 5658 5652 5640 5646 5649 5640 5641 5642 5646 5661 5671 5677 5683 5707 5718 5720 5705 5694 5702 5712 5714 5704 5707 5727 5751 5769 5830 5925 6034 6158 5934 5704 5547 5351 5132 4914 4780 4681 4654 4713 4798 4843 4886 4933 5157 5398 5676 5980 5994 5980 6005 5985 5840 5830 5819 5775 5737 5715 5711 5721 5726 5708 5699 5694 5692 5692 5693 5693 5694 5695 5695 5698 5701
5757 5771 5794 5808 5794 5764 5737 5707 5682 5667 5674 5683 5663 5649 5646 5646 5650 5642 5638 5638 5640 5659 5678 5697 5739 5737 5732 5710 5703 5702 5706 5719 5721 5711 5729 5748 5756 5801 5861 5926 6046 6050 5992 5945 5790 5522 5297 5183 5085 4971 4982 5067 5119 5217 5322 5512 5747 6018 6027 6007 5968 5930 5889 5847 5816 5798 5764 5733 5713 5719 5695 5686 5688 5686 5683 5682 5682 5682 5682 5683 5684 5678 5671 5678
5764 5773 5786 5792 5777 5747 5718 5683 5650 5647 5665 5675 5670 5659 5645 5653 5645 5632 5632 5636 5644 5660 5698 5762 5765 5748 5723 5715 5708 5702 5704 5720 5728 5723 5731 5735 5737 5761 5792 5827 6006 6067 6098 6042 5976 5890 5773 5715 5587 5455 5450 5494 5552 5673 5749 5832 6002 6089 5905 5904 5914 5907 5868 5828 5783 5751 5746 5734 5711 5690 5671 5666 5671 5672 5671 5672 5672 5673 5674 5675 5676 5679 5667 5656
5751 5764 5769 5767 5750 5720 5685 5660 5633 5647 5664 5679 5672 5658 5653 5643 5640 5622 5630 5642 5663 5691 5718 5722 5718 5719 5717 5713 5706 5699 5699 5761 5729 5713 5728 5726 5734 5737 5745 5751 5815 5929 5935 5896 5911 5939 5976 6042 6090 5925 5951 5858 5955 5991 6033 5974 5972 5955 5858 5841 5861 5880 5842 5795 5755 5730 5733 5740 5707 5667 5661 5656 5657 5660 5662 5663 5666 5665 5665 5664 5663 5659 5644 5630
5750 5757 5756 5742 5722 5704 5675 5659 5659 5661 5665 5674 5670 5663 5657 5648 5643 5632 5638 5650 5675 5716 5728 5690 5693 5692 5693 5704 5704 5698 5700 5746 5720 5713 5749 5733 5736 5733 5740 5758 5789 5828 5843 5859 5871 5880 5896 5909 5936 5976 5946 5930 5925 5923 5944 5976 5952 5902 5823 5802 5808 5807 5791 5762 5737 5724 5715 5712 5686 5658 5647 5645 5647 5648 5652 5655 5656 5655 5654 5652 5647 5638 5616 5612
5757 5762 5757 5742 5721 5716 5702 5686 5669 5663 5660 5654 5660 5666 5664 5653 5647 5651 5652 5663 5682 5704 5706 5685 5680 5675 5677 5687 5694 5697 5703 5720 5714 5742 5787 5753 5757 5737 5748 5795 5797 5803 5814 5858 5850 5850 5862 5863 5860 5880 5873 5865 5852 5849 5879 5920 5953 5833 5772 5773 5777 5773 5755 5733 5711 5704 5694 5673 5664 5653 5638 5636 5637 5638 5640 5642 5642 5644 5643 5639 5634 5627 5618 5610
5769 5775 5773 5766 5772 5752 5737 5716 5699 5687 5669 5646 5657 5677 5673 5702 5682 5656 5661 5677 5686 5693 5694 5681 5676 5661 5665 5676 5687 5697 5705 5720 5721 5769 5796 5753 5737 5749 5788 5798 5797 5794 5791 5804 5831 5839 5835 5830 5825 5819 5803 5803 5798 5796 5813 5825 5813 5788 5769 5758 5751 5745 5732 5717 5703 5696 5684 5670 5663 5650 5636 5631 5632 5634 5635 5633 5632 5630 5629 5627 5624 5622 5621 5615
5791 5808 5810 5802 5763 5806 5823 5814 5763 5715 5706 5688 5667 5657 5664 5681 5676 5661 5659 5666 5677 5685 5685 5668 5653 5644 5645 5660 5681 5703 5712 5718 5756 5756 5746 5729 5725 5749 5786 5789 5787 5786 5793 5803 5825 5832 5810 5803 5793 5784 5778 5771 5763 5765 5767 5764 5768 5782 5763 5742 5724 5716 5716 5713 5706 5696 5677 5666 5659 5650 5635 5630 5628 5628 5627 5628 5627 5625 5623 5622 5618 5618 5620 5620
5841 5849 5854 5863 5884 5900 5923 5962 5876 5799 5764 5746 5717 5662 5657 5669 5664 5647 5652 5657 5671 5680 5676 5662 5642 5633 5633 5651 5675 5703 5714 5695 5709 5722 5706 5704 5717 5742 5780 5766 5760 5768 5787 5795 5806 5812 5797 5775 5765 5761 5757 5748 5738 5735 5737 5735 5743 5759 5742 5720 5702 5698 5711 5717 5715 5682 5664 5653 5649 5650 5635 5631 5629 5627 5625 5622 5620 5618 5616 5613 5611 5609 5607 5619
5911 5890 5890 5910 5959 5941 5913 5884 5904 5901 5807 5760 5734 5683 5669 5668 5652 5649 5654 5658 5674 5684 5684 5666 5648 5642 5638 5648 5669 5685 5699 5713 5716 5712 5696 5691 5701 5717 5736 5731 5726 5740 5750 5761 5786 5786 5776 5765 5754 5742 5733 5723 5715 5714 5719 5725 5733 5737 5715 5707 5701 5702 5714 5725 5714 5671 5654 5650 5655 5653 5648 5637 5632 5626 5622 5619 5616 5614 5611 5608 5607 5603 5604 5611
5937 5914 5909 5906 5908 5895 5872 5851 5864 5862 5796 5743 5702 5697 5678 5663 5654 5657 5663 5669 5682 5696 5696 5674 5665 5661 5651 5661 5668 5675 5718 5747 5747 5713 5687 5672 5691 5710 5717 5727 5708 5725 5738 5752 5777 5777 5765 5744 5733 5727 5710 5694 5695 5701 5702 5703 5714 5728 5722 5716 5718 5710 5715 5728 5720 5675 5648 5643 5651 5655 5647 5640 5635 5628 5622 5618 5614 5611 5608 5606 5604 5601 5605 5613
5928 5926 5915 5898 5878 5857 5837 5826 5823 5797 5763 5725 5697 5689 5679 5667 5672 5683 5675 5669 5685 5707 5719 5669 5660 5653 5640 5649 5662 5670 5694 5729 5730 5700 5663 5644 5676 5687 5688 5695 5707 5721 5736 5748 5778 5790 5778 5749 5744 5724 5698 5677 5683 5686 5682 5678 5689 5700 5714 5702 5676 5689 5702 5711 5702 5669 5648 5647 5653 5657 5650 5643 5635 5628 5622 5618 5613 5610 5606 5604 5603 5602 5601 5607
5939 5947 5929 5893 5849 5810 5798 5795 5796 5804 5773 5729 5695 5683 5667 5657 5671 5693 5676 5664 5678 5691 5683 5658 5651 5642 5632 5637 5650 5665 5685 5709 5707 5682 5648 5630 5645 5660 5666 5679 5702 5719 5737 5749 5793 5824 5790 5728 5732 5721 5697 5686 5683 5677 5672 5673 5677 5678 5676 5667 5661 5674 5687 5687 5675 5654 5649 5657 5658 5655 5651 5642 5633 5625 5619 5615 5612 5608 5605 5603 5602 5600 5598 5609
5998 5997 5960 5902 5830 5770 5770 5784 5800 5810 5780 5743 5723 5691 5666 5654 5662 5678 5678 5666 5670 5673 5664 5650 5652 5643 5652 5639 5642 5655 5677 5696 5692 5671 5644 5628 5647 5653 5665 5695 5702 5718 5728 5734 5749 5774 5789 5754 5733 5706 5688 5683 5685 5682 5671 5675 5682 5677 5659 5647 5658 5667 5681 5693 5679 5659 5651 5664 5661 5644 5639 5632 5626 5619 5615 5612 5609 5606 5604 5602 5601 5598 5598 5605
6111 6065 6010 5947 5864 5765 5787 5794 5791 5813 5814 5769 5731 5701 5676 5675 5662 5665 5666 5664 5665 5662 5655 5650 5657 5657 5660 5644 5641 5654 5670 5684 5686 5675 5653 5658 5672 5676 5671 5687 5708 5727 5737 5721 5704 5719 5736 5725 5683 5668 5670 5670 5681 5682 5673 5678 5689 5681 5660 5652 5657 5663 5672 5678 5670 5653 5647 5672 5663 5647 5633 5624 5618 5613 5611 5608 5607 5605 5604 5602 5601 5598 5597 5600
6158 6111 6062 6012 5965 5914 5895 5852 5811 5835 5856 5805 5742 5711 5686 5665 5671 5663 5672 5675 5672 5660 5650 5649 5658 5671 5677 5668 5659 5671 5684 5690 5693 5692 5686 5670 5680 5684 5678 5685 5700 5721 5735 5717 5707 5707 5706 5696 5663 5649 5658 5674 5689 5690 5689 5684 5664 5669 5660 5653 5659 5659 5660 5655 5653 5648 5661 5671 5657 5637 5624 5616 5613 5610 5607 5607 5607 5606 5605 5604 5604 5600 5598 5596
