real_craters/C121-300m.grd
DSAA
249 249
-37.1525 37.1525
-37.1525 37.1525
4550.2291859127 6631.9359938782
[rows 60 to 89 of 249, columns 0 to 66 of 249]
5770.16 5762.22 5745.84 5738.68 5751.55 5768.35 5787.84 5810.58 5816.94 5828.34 5849.9 5880.26 5936.43 5980.9 5997.53 5995.39 6008.54 6004.13 5989.93 5972.48 5959.78 5976.79 6063.77 6074.77 5992.55 5894.93 5832.79 5774.72 5734.92 5712.03 5696.72 5685.4 5678 5672.75 5668.94 5666.08 5664.37 5662.51 5661.75 5660.41 5660.34 5650.34 5643.55 5638.41 5634.12 5632 5633.32 5636.13 5640.25 5645.62 5651.78 5659 5666.32 5670.62 5671.66 5671.55 5671.88 5669.59 5664.38 5657.78 5650.67 5644.06 5639.18 5638.2 5639.65 5642.13 5645.08
5789.74 5787.55 5772.22 5751.99 5758.75 5776.86 5796.32 5815.65 5829.36 5841.42 5854.43 5874.76 5907.85 5934.59 5945.66 5948.76 5975.35 5992.73 6002.31 6008.47 6013.94 6036.3 6123.8 6151.11 6076.34 5975.77 5892.62 5816.91 5762.36 5730.76 5708.84 5694.54 5684.85 5678.27 5673.72 5670.88 5671.2 5669.66 5669.41 5668.53 5666.6 5657.84 5649.98 5643.79 5638.97 5634.73 5633.9 5637.08 5641.62 5646.85 5652.58 5658.58 5664.26 5667.35 5669.94 5672.5 5670.23 5666.38 5660.44 5654.68 5648.49 5643.36 5640.34 5638.87 5639.71 5641.86 5644.6
5824.77 5832.14 5823.64 5786.1 5783.15 5795.35 5807.59 5819.04 5835.07 5854.16 5867.49 5883.4 5900.51 5914.16 5924.61 5936.63 5964.44 5996.3 6024.97 6052.81 6080.26 6116.57 6195.16 6226.49 6145 6052.03 5949.43 5856.68 5789.54 5747.3 5721.82 5704.01 5692.62 5684.85 5679.41 5676.23 5675.4 5674.17 5674.57 5673.49 5672.8 5663.33 5655.19 5648.57 5643.6 5638.61 5635.59 5638.95 5642.95 5647.59 5652.32 5657.51 5662.73 5666.39 5669.82 5673.29 5668.89 5663.23 5657.43 5651.52 5646.23 5641.41 5638.75 5638.6 5639.82 5642.01 5644.57
5874.85 5893.59 5895.63 5850.87 5830.66 5827.91 5826.8 5827.99 5838.55 5859.68 5876.43 5892.12 5899.9 5907.78 5918.5 5930.57 5967.01 6009.43 6052.22 6096.54 6146.68 6204.36 6250.59 6251.87 6166.35 6082.93 5977.46 5877.12 5802.42 5760.52 5733.16 5713.96 5700.02 5690.69 5684.35 5680.62 5679.63 5678.06 5677.75 5677.21 5674.37 5667.88 5659.74 5652.85 5647.44 5642.65 5641.02 5642.38 5645.05 5648.2 5651.78 5655.47 5659.5 5662.44 5667.59 5670.01 5665.37 5660.07 5654.74 5649.4 5644.18 5639.54 5637.33 5638.41 5640.41 5642.8 5645.39
5934.83 5963.77 5970.67 5929.07 5896.93 5873.17 5853.46 5840.44 5841.01 5860.19 5875.67 5889.56 5899.42 5909 5923.78 5945.14 5979.89 6025.07 6073.23 6127.48 6188.63 6253.39 6261.98 6205.41 6135.44 6052.49 5964.66 5882.14 5811.8 5772.85 5745.88 5725.43 5710.77 5700.48 5693.25 5689.03 5684.91 5682.97 5681.79 5680.88 5679.44 5673.09 5664.27 5657.21 5651.15 5646.54 5645.93 5645.97 5646.95 5648.55 5650.57 5652.76 5655.08 5657.28 5661.85 5661.46 5659.89 5656.25 5651.99 5647.78 5643.33 5639.01 5637.62 5639.32 5641.58 5644.02 5646.88
6002.59 6044.72 6043.8 6017.85 5973.13 5921.32 5880.7 5852.75 5842.12 5857.52 5874.07 5888.41 5898.82 5912.07 5930.91 5957.45 5992.58 6037.51 6085.8 6139.36 6194.47 6241.94 6231.28 6157.01 6093.12 6021.91 5949.55 5888.51 5832.57 5787.67 5757.76 5737.47 5722.86 5712.03 5704.03 5698.47 5692.91 5689.69 5687.18 5685.11 5684.55 5678.22 5668 5661.54 5656.01 5650.57 5649.68 5649.09 5648.65 5648.72 5649.06 5650.18 5652.14 5656.22 5657.26 5655.97 5655.13 5652.84 5649.7 5646.44 5643.39 5641.02 5640.07 5641.19 5643.13 5645.62 5648.41
6076.07 6146.72 6171.87 6123.97 6038.8 5960.5 5902.81 5861.7 5838.44 5843.34 5863.64 5881.28 5895.05 5914.75 5938.32 5967.39 6001.7 6044.01 6087.2 6133.49 6177.29 6208.75 6195.59 6124.11 6071.72 6018.2 5957.17 5903.66 5844.71 5798.9 5767.89 5749.08 5734.63 5723.47 5714.73 5708.21 5702.42 5697.08 5692.71 5688.37 5684.58 5676.64 5670.34 5665.59 5661.22 5655.87 5654.5 5652.1 5649.93 5648.41 5647.61 5647.64 5648.86 5653.87 5655.89 5653.58 5651.65 5649.7 5647.52 5645.37 5643.76 5643.19 5642.64 5643.11 5644.72 5647.15 5650.05
6137.53 6242.09 6306.32 6217.85 6069.11 5980.03 5915 5867.43 5836.3 5834.61 5837.89 5866.16 5888.7 5914.27 5942.37 5975.1 6009.26 6043.72 6077.3 6113.29 6146.75 6170.81 6162.86 6119.04 6076.43 6041.71 6003.29 5928.69 5854.99 5806.6 5778.65 5761.25 5746.91 5735.83 5726.41 5718.33 5711.28 5704.56 5698.48 5692.44 5686.69 5677.63 5673.73 5669.94 5664.97 5659.58 5658.46 5653.92 5650.28 5647.66 5645.87 5644.76 5645.12 5650.12 5652.39 5650.48 5648.89 5647.62 5646.01 5644.38 5643.45 5643.45 5643.53 5644.26 5645.84 5648.27 5651.7
6169.07 6285.34 6338.97 6234.4 6074.33 5982.31 5917.57 5871.01 5840.85 5839.75 5860.76 5865.73 5881.99 5907.06 5937.98 5977.51 6017.68 6033.16 6052.44 6079.33 6106.86 6129.42 6133.05 6103.53 6072.05 6052.53 6026.89 5951.71 5867.6 5815.54 5792.37 5775.3 5761.45 5749.58 5739.15 5730.02 5721.77 5713.61 5705.78 5698.81 5692.9 5687.39 5679.43 5675.05 5670.1 5661.1 5657.66 5653.9 5650.1 5647.08 5644.61 5642.65 5641.16 5642.55 5644.62 5646.49 5646.4 5645.57 5644.43 5642.98 5642.1 5642.41 5643.03 5644.59 5646.55 5649.6 5652.92
6167.25 6278.97 6307.97 6205.52 6064.14 5969.51 5910.77 5871.37 5846.56 5841.16 5845.65 5857.91 5871.27 5892.23 5918.62 5954.48 6001.1 5996.37 6009.42 6030.95 6055.03 6077.51 6092.31 6062.03 6037.46 6038.12 6039.11 5964.39 5883.86 5832.26 5811.24 5793.07 5778.95 5766.02 5753.04 5742.51 5732.7 5723.13 5714.04 5705.14 5698.02 5690.88 5683.49 5679.79 5675.04 5664.95 5658.56 5653.63 5650.31 5647.56 5644.87 5642.13 5639.95 5639.51 5640.57 5644.57 5645.44 5644.76 5643.22 5641.45 5640.09 5640.11 5641.84 5644.36 5647.3 5650.52 5654.14
6138.28 6242.52 6267.19 6154.67 6013.01 5937.51 5895.76 5868.29 5850.77 5844.97 5843.53 5848.35 5856.85 5869.65 5885.2 5900.24 5904.21 5931.17 5953.32 5974.61 5992.69 6005.58 6005.99 5994.99 5990.19 5999.77 5996.73 5954.53 5902.83 5864.46 5833.23 5811.84 5796.41 5782.68 5769.34 5757.22 5745.55 5734.13 5722.89 5712.13 5702.04 5691.54 5685.7 5683.9 5679.9 5670.93 5659.88 5653.85 5652.04 5649.65 5646.75 5643.57 5641.21 5640.89 5642.35 5646.68 5646.49 5645.07 5642.74 5640.36 5638.55 5638.51 5640.72 5643.82 5647.48 5651.42 5655.52
6088.19 6177.94 6174.2 6075.79 5953.51 5900.98 5878.16 5862.76 5853.81 5849.69 5840.43 5836.96 5838.77 5844.17 5848.78 5851.02 5850.57 5871.98 5898.59 5919.56 5932.82 5936.39 5926.85 5932.17 5946.7 5960.18 5955.38 5933.52 5903.48 5873.44 5849.18 5829.39 5813.98 5799.91 5785.96 5772.95 5759.68 5746.27 5733.02 5720.12 5708.57 5697.96 5690.83 5688.85 5685.45 5678.38 5666.11 5658.74 5657.39 5654.4 5650.67 5646.96 5644.1 5644.74 5649.37 5651.42 5649.32 5646.36 5642.94 5639.66 5638 5638.18 5640.22 5643.77 5647.93 5652.45 5657.02
6024.31 6098.99 6068.77 6001.01 5922.1 5882.89 5867.05 5857.15 5852.31 5848.65 5833.03 5824.17 5821.35 5820.41 5819.12 5816.16 5814.18 5831.21 5855.49 5875.42 5887.06 5890.12 5885.75 5898.21 5925.91 5938.03 5934.38 5919.25 5899.35 5877.93 5861.06 5845.76 5831.41 5818.36 5804.12 5789.13 5773.79 5758.69 5743.62 5729.39 5716.47 5705.21 5696.97 5696.6 5694.42 5688.42 5680.04 5673.13 5667.12 5661.52 5656.3 5651.9 5649.1 5650.42 5655.33 5655.82 5652.89 5648.9 5644.23 5639.32 5635.42 5635.94 5639.71 5644.07 5648.7 5653.48 5658.55
5953.22 6003.12 5967.69 5940.09 5905.6 5878.3 5860 5849.8 5845.41 5843.06 5826.23 5811.6 5802.88 5797.92 5794.26 5792.59 5795.75 5808.06 5826.55 5844.56 5858.17 5866.85 5873.39 5892.31 5921.79 5935.78 5930.59 5915.88 5905.01 5887.47 5876.67 5865.28 5851.38 5836.6 5819.32 5801.41 5784.71 5768.36 5752.69 5739.4 5726.18 5715.22 5707.01 5704.85 5703.6 5699.53 5693.37 5687.37 5677.31 5668.98 5662.71 5658.44 5656.25 5657.24 5661.02 5660.99 5657.17 5652.27 5646.47 5640.54 5634.68 5635.55 5640.32 5645.05 5649.83 5654.83 5660.04
5891.08 5908.66 5895.56 5893.44 5883.18 5867.19 5849.39 5838.89 5832.73 5826.29 5811.57 5796.06 5784.33 5777.46 5773.6 5773.41 5778.19 5789.81 5806.48 5825.75 5844.44 5861.24 5878.43 5906.46 5937.52 5964.69 5962.07 5943.95 5927.1 5909.4 5899.85 5889.7 5873.89 5855.71 5838.71 5819.97 5801.01 5782.72 5765.14 5747.95 5734.68 5724.36 5716.22 5714.4 5711.15 5706.87 5701.54 5695.2 5684.04 5674.42 5667.71 5664.68 5664.47 5666.2 5668.59 5666.7 5661.8 5656.06 5650.2 5644.77 5640.61 5640.45 5643.5 5647.53 5652.05 5656.82 5661.93
5854.6 5873.72 5862.31 5861.54 5856.76 5846.58 5832 5821.05 5814.16 5808.84 5787.94 5774.23 5764.6 5758.75 5756.01 5754.84 5760.62 5773.69 5790.72 5814.52 5841.07 5867.01 5890.97 5927.69 6006.7 6041.68 6013.97 5981.05 5960.91 5943.97 5935.76 5923.06 5901.23 5878.69 5855.74 5833.93 5813.88 5794.05 5775.75 5758.73 5744.58 5733.07 5724.89 5725.57 5719.43 5712.98 5705.85 5697.55 5686.41 5676.59 5669.48 5666.04 5666.97 5671.22 5673.2 5670.72 5665.18 5659.36 5654.03 5650.05 5648.06 5646.9 5647.98 5650.82 5654.53 5659 5663.87
5833.11 5853 5847.33 5838.81 5830.33 5819.71 5808.25 5798.2 5790.47 5781.97 5762.75 5751.68 5745.13 5741.29 5738.65 5737.61 5740.03 5749.28 5775.01 5808.67 5845.61 5883.5 5920.73 5970.73 6071.68 6111.38 6056 6005.68 5997.01 6000.14 5988.87 5956.33 5925.96 5898.05 5872.11 5847.68 5825.1 5803.7 5783.78 5767.6 5752.42 5741.52 5733.75 5733.2 5730.98 5719.82 5707.74 5696.12 5685.23 5676.12 5668.95 5663.04 5664.15 5669.6 5672.94 5671.81 5666.92 5661.12 5656.56 5653.75 5652.5 5651.41 5651.86 5654.06 5657.4 5661.61 5666.21
5818.23 5839.42 5833.38 5818.85 5805.61 5792.95 5782.11 5772.57 5764.36 5756.61 5741.51 5731.02 5728.89 5728.26 5726.19 5725.16 5724.17 5728.51 5762.28 5805.99 5854.3 5906.47 5963.13 6028.46 6088.84 6103.11 6076.78 6036.62 6021.61 6026.22 6015.26 5975.62 5941.97 5913.74 5885.97 5859.17 5834.85 5812.72 5790.1 5773.23 5757.49 5745.98 5736.77 5735.19 5731.65 5721.05 5707.28 5693.11 5682.18 5674.59 5668.6 5664.85 5663.4 5665.11 5669.95 5671.67 5666.42 5660.97 5656.99 5655.03 5654.66 5653.68 5654.4 5656.65 5659.99 5664.14 5668.72
5804.79 5817.15 5812.25 5799.64 5784.28 5768.87 5757.1 5748.72 5742.01 5734.32 5724.54 5715.79 5719.39 5722.05 5720.91 5718.27 5717.59 5721.75 5757.16 5805.91 5861.5 5924.26 5994.73 6072.15 6116.29 6123.13 6088.93 6044.85 6025.58 6015.65 5995.19 5976.62 5951.86 5923.38 5894.95 5866.89 5841.6 5818.99 5796.98 5779.08 5763.29 5749.37 5738.43 5738.45 5732.14 5721.27 5706.67 5690.44 5679.55 5673.79 5668.48 5664.2 5662.11 5661.87 5665.25 5666.44 5662.93 5658.66 5655.33 5653.35 5653.11 5654.07 5655.98 5658.91 5662.57 5666.86 5671.55
5804.9 5792.4 5795.9 5787.58 5769.57 5748.93 5736.17 5729.98 5726.44 5722.41 5714.93 5715.78 5721.82 5723.22 5720.96 5719.32 5719.36 5726.74 5759.1 5807.03 5863.26 5925.72 5997.07 6072.06 6112.06 6128.13 6081.07 6040.88 6029.69 6013.82 5982.01 5980.06 5957.04 5927.39 5897.52 5870.4 5845.17 5821.84 5800.42 5782.47 5767.42 5753.14 5742.23 5739.03 5735.11 5722.52 5707.79 5693.05 5682.17 5675.38 5670.11 5664.61 5662.87 5661.65 5661.61 5660.84 5658.22 5655.86 5653.15 5651.16 5651.35 5654.03 5657.36 5661.17 5665.4 5670.02 5674.88
5865.1 5809.68 5808.93 5793.77 5767.8 5737.93 5722.18 5718.21 5716.97 5716.19 5716.42 5732.59 5735.17 5732 5727.44 5724.86 5726.5 5737.75 5764.88 5805.46 5854.36 5909.62 5969.64 6029.58 6054.53 6036.26 6037.43 6055.04 6053.85 6035.02 6035.97 5998.41 5960.04 5926.14 5895.3 5867.81 5842.82 5820.11 5799.26 5783.23 5767.92 5756.16 5748.56 5742.86 5735.29 5723.38 5709.53 5695.8 5684.77 5678.33 5673.84 5671.01 5665.94 5662.73 5659.99 5655.68 5655.53 5654.95 5652.42 5649.77 5650.99 5655.18 5659.51 5663.85 5668.57 5673.68 5679.18
5964.68 5893.41 5855.37 5820.14 5782.7 5741.3 5720.66 5719.04 5715.73 5716.71 5725.49 5749.1 5749.28 5740.51 5733.3 5730.85 5733.94 5747.25 5769.14 5798.87 5836.01 5877.7 5921.29 5960.64 5974.48 5961.14 5971.51 5992.44 6003.63 6024.29 6039.3 5992.88 5949.33 5916.14 5887.53 5861.38 5837.1 5816.25 5796.28 5780.36 5766.75 5756.3 5750.29 5742.1 5735.02 5723.9 5710.93 5698.38 5688.13 5681.33 5676.35 5672.34 5669.02 5665.41 5661.79 5659.17 5659.11 5657.66 5655.07 5651.76 5653.86 5658.59 5662.97 5667.46 5671.97 5677.05 5683.12
6016.4 5973.36 5901.55 5853.46 5813.22 5774 5749.33 5738.54 5726.37 5724.7 5733.8 5751.82 5753.14 5743.74 5736.14 5733.09 5736.38 5748.16 5765.61 5785.28 5810.54 5839.77 5864.29 5878.09 5876.16 5875.26 5903.12 5950.59 5987.98 5978.28 5957.29 5940.09 5919.91 5897.67 5874.07 5851.35 5829.82 5809.52 5791.4 5774.29 5760.99 5751.24 5745.79 5744.19 5735.87 5723.44 5711.33 5699.86 5690.5 5683.72 5678.86 5675.26 5671.79 5668.41 5665.11 5663.06 5663.76 5662.56 5661.65 5661.49 5661.83 5664.21 5667.34 5670.88 5675.19 5679.84 5685.66
5955.6 5950.12 5914.29 5878.03 5848.56 5824.88 5803.14 5773.81 5743.45 5734.17 5737.32 5748.24 5749.6 5740.88 5732.81 5729.3 5731.41 5738.89 5751.28 5765.67 5783.11 5800.02 5812.67 5815.3 5813.43 5827.2 5855.73 5897.16 5927.53 5920.07 5903.9 5894.88 5887.13 5873.6 5857.02 5837.86 5818.11 5800 5781.96 5765.57 5752.01 5741.37 5735.49 5734.03 5728.77 5719.99 5710.06 5699.95 5691.42 5684.81 5680.61 5677.68 5676.44 5671.82 5668.09 5666.46 5667.12 5667.04 5668.42 5670.76 5670.2 5670.36 5672.16 5674.67 5677.81 5681.51 5686.23
5919.81 5921.57 5905.86 5886.93 5873.9 5870.72 5865.12 5816.29 5757.9 5745.73 5739.53 5741.41 5740.76 5731.64 5724.09 5719.54 5720.33 5724.27 5731.54 5742.64 5754.23 5765.23 5773.16 5777.56 5782.33 5792.64 5812.56 5837.92 5847.2 5865.02 5866.7 5863.83 5858.75 5849.89 5837.77 5823.31 5806.97 5789.48 5771.84 5755.12 5740.57 5728.78 5723.32 5721.62 5720.28 5715.62 5708.25 5699.28 5689.98 5684.23 5681.19 5678.19 5675.2 5672.57 5669.69 5668.09 5668.2 5669.44 5672.38 5675.68 5675.27 5675.06 5676 5677.74 5680.08 5682.85 5686.06
5899.95 5897.66 5888.54 5880.52 5878.01 5885.01 5890.44 5851.14 5799.37 5760.01 5735.49 5724.87 5722.42 5716.82 5711.12 5707.06 5706.05 5708.08 5712.58 5719.91 5727.91 5735.73 5742.65 5748.46 5755.28 5763.45 5777.31 5796.6 5815.57 5827.36 5833.6 5834.76 5834.68 5829.08 5819.84 5808.15 5793.85 5778.36 5761.77 5743.67 5728.25 5714.82 5708.38 5710.86 5713.97 5712.81 5707.23 5699.24 5690.58 5684.24 5679.82 5677.68 5675.37 5672.95 5670.2 5667.81 5667.32 5669.76 5673.36 5676.38 5677.84 5678.21 5678.95 5680.08 5682.06 5684.54 5687.37
5869.57 5867.46 5862.68 5859.07 5858.05 5860.03 5857.02 5834.17 5803.87 5757.82 5725.8 5707.76 5704.26 5699.5 5695.27 5692.22 5690.92 5691.21 5694.4 5698.52 5705.08 5711.36 5716.77 5721.87 5727.83 5735.19 5747.24 5764.64 5783.85 5798.68 5809.52 5816.63 5816.32 5810.88 5803.57 5793.79 5782.04 5767.92 5752.59 5734.58 5717.65 5701.57 5695.5 5705.22 5713.54 5713.32 5708.41 5701.13 5693.26 5686.59 5681.42 5679.49 5677.51 5674.15 5670.88 5667.91 5666.46 5669.68 5675.29 5678.86 5679.81 5680.29 5681.01 5682.24 5684.16 5686.78 5690.32
5830.29 5833.62 5834.17 5831.56 5826.47 5817.5 5800.75 5779.46 5759.07 5735.77 5711.39 5694.06 5686.06 5681.77 5679.11 5677.45 5675.22 5674.45 5673.69 5678.25 5684.88 5690.55 5695.21 5698.28 5702.13 5708.05 5716.82 5736.18 5756.19 5772.88 5787.07 5798.5 5797.81 5795.16 5790.54 5782.58 5773.67 5761.87 5748.17 5732.51 5714.15 5695.12 5687.15 5699.42 5713.76 5715.34 5711.38 5703.97 5695.23 5688.49 5686.31 5682.71 5679.29 5675.75 5672.19 5669.05 5666.78 5670.56 5677.22 5681 5681.34 5681.61 5682.35 5683.66 5685.64 5688.56 5692.96
5799.14 5803.53 5804.77 5800.45 5790.95 5775.24 5752.71 5736.78 5727.01 5711.47 5693.57 5678.2 5667.6 5664.24 5663.23 5662.82 5661.83 5661.16 5661.62 5664.37 5669.52 5674.48 5677.75 5679.29 5679.25 5684.12 5696.75 5713.35 5731.09 5747.9 5762.57 5772.95 5777.85 5778.8 5775.96 5772.21 5764.98 5756.59 5746.12 5733.4 5717.96 5701.24 5690.91 5698.26 5714.81 5721.68 5716.52 5707.74 5698.86 5692.55 5689.72 5685.79 5681.61 5677.46 5673.95 5671.29 5669.93 5672.72 5678.46 5680.99 5681.25 5681.81 5682.8 5684.29 5686.44 5689.03 5692.17
5783.86 5785.02 5781.48 5773.04 5760.26 5742.91 5722.45 5710.17 5704.15 5691.15 5675.75 5661.42 5652.18 5649.25 5649.39 5650.44 5650.79 5650.98 5650.95 5653.01 5658.69 5663.31 5666.17 5666.37 5664.48 5668.03 5680.38 5694.1 5710.09 5726.03 5739.93 5751.13 5759.14 5763.63 5763.69 5763.66 5759.24 5754.42 5748.35 5740.15 5729.57 5715.78 5708.27 5715.69 5734.59 5733.32 5721.6 5710.42 5701.23 5695.34 5690.87 5687.32 5682.77 5678.34 5675.51 5674.01 5673.86 5675.52 5677.08 5679.08 5680.08 5681.24 5682.74 5684.62 5687.1 5689.75 5692.41
