real_craters/C121-500m.grd
DSAA
150 150
-37.1525 37.1525
-37.1525 37.1525
4550.7208511318 6606.7348427692
[rows 30 to 59 of 150, columns 0 to 66 of 150]
5964.76 5956.86 5812.09 5698.28 5660.5 5659.2 5686.8 5717.32 5736.6 5764.75 5758.65 5731.46 5709.58 5704.5 5710.81 5704.49 5692.49 5683.93 5678.77 5674.59 5670.55 5666.84 5663.16 5658.56 5648.75 5638.29 5629.95 5628.81 5629.43 5628.58 5635.6 5648.74 5669.44 5682.9 5668.13 5665.95 5668.96 5675.11 5681.29 5675.1 5667.65 5663.43 5664.88 5692.1 5689.46 5681.89 5686.29 5687.04 5689.89 5698.1 5701.62 5711.78 5724.39 5736.87 5748.82 5767.21 5827.05 5902.36 5927.97 5909.14 5881.38 5852.64 5830.06 5818.29 5819.41 5824.56 5827.93
5956.9 5953.55 5770.6 5661.28 5621.21 5649.65 5717.07 5782.76 5858.55 5884.31 5847.27 5778.55 5717.29 5714 5710.61 5696.22 5680.47 5675.34 5670.9 5667.92 5664.81 5662.88 5657.73 5651.31 5642.65 5633.96 5625.57 5625.95 5629.56 5629.27 5633.59 5644.16 5658.3 5667.82 5663.38 5664.78 5667.04 5670.39 5675.65 5669.62 5664.65 5662.38 5666.17 5681.71 5688.96 5693.47 5688.14 5686.94 5692.86 5704.37 5709.81 5719.97 5733.35 5746.18 5757.68 5772.83 5836.28 5908.71 5926.32 5907.09 5881.94 5857.54 5834.84 5820.33 5824.72 5829.48 5831.12
5926.65 5939.37 5785.12 5664.21 5621.24 5686.11 5789.94 5895.94 6024.6 6048.58 5961.24 5838.62 5731.86 5717.74 5697.8 5680.46 5672.74 5668.46 5666.69 5662.41 5660.03 5656.57 5652.96 5645.68 5638.21 5632.47 5628.05 5628.28 5629.94 5630.15 5629.75 5631.69 5638.58 5649.71 5660.26 5664.57 5662.88 5659.02 5656.2 5658.45 5658.61 5658.55 5661.79 5674.82 5685.22 5689.02 5687.49 5685.59 5693.54 5704.75 5718.2 5731.48 5745.95 5757.44 5766.05 5780.71 5836.63 5887.11 5901.95 5890.24 5872.98 5858.95 5857.42 5846.11 5834.58 5834.46 5837.86
5867.12 5856.44 5789.7 5717.47 5688.81 5761.7 5884.32 6055.92 6220.09 6230.99 6069.35 5902.58 5768.29 5725.88 5692.12 5669.62 5670.88 5665.28 5662.48 5660.08 5657.7 5657.17 5651.58 5644.83 5637.37 5632.08 5629.14 5631.25 5632.26 5630.91 5629.93 5627.75 5631.48 5654.43 5674.45 5669.14 5660.29 5651.38 5646.99 5649.8 5652.82 5655.68 5659.04 5668.55 5679.83 5685.53 5688.98 5693.4 5703.62 5713.79 5732.02 5751.95 5761.25 5770.07 5780.16 5806.44 5833.94 5862.4 5870.36 5866.04 5854.83 5845.6 5841 5837.58 5838.43 5836.51 5839.09
5803.97 5771.47 5764.54 5753.23 5749.33 5786.95 5927.98 6131.25 6280.79 6287.52 6111.01 5946.39 5814.19 5759.68 5743.69 5711.34 5687.33 5671.97 5664.3 5657.74 5654.72 5651.79 5649.86 5645.08 5638.39 5631.92 5626.97 5624.01 5626.7 5632.69 5636.72 5642.51 5657.17 5680.36 5687.83 5672.63 5658.31 5646.8 5642.28 5645.27 5649.73 5654.57 5659.86 5667.15 5672.98 5681.34 5690.44 5702.27 5716.23 5729.14 5744.95 5765.23 5771.79 5779.65 5790.82 5802.48 5814.92 5829.2 5838.81 5838.92 5834.01 5827.33 5831.49 5841.61 5840.21 5839.88 5840.29
5771.38 5744.47 5748.26 5761.38 5771.12 5795.76 5887.21 6021.36 6140.98 6155.88 6070.92 5966.32 5878.6 5888.18 5883.63 5798.9 5731.98 5693.06 5675.58 5666.3 5661.16 5657.42 5653.75 5647.21 5640.51 5634.83 5628.95 5622.8 5629.38 5637.1 5646.23 5659.63 5675.47 5680.5 5679.45 5669.04 5654.92 5642.22 5638.77 5642.79 5648.4 5654.24 5661.68 5665.43 5667.32 5677.08 5689.71 5705.64 5723.32 5731.62 5747.65 5765.52 5772.54 5779.26 5784.31 5784.83 5787.79 5795.89 5811.91 5818.31 5815.81 5812.6 5821.9 5834.61 5839.64 5841.47 5843.9
5769.47 5749.39 5742.11 5767.55 5802.22 5816.22 5850.13 5917.39 5994.94 6000.87 6009.87 5983.41 5956.26 6025.24 6046.95 5892.5 5791.76 5725.26 5696.07 5679.69 5670.89 5665.63 5662.6 5660.48 5659.32 5645.49 5637.11 5631.7 5634.92 5641.44 5651.19 5663.5 5670.85 5671.98 5671.31 5663.02 5651.38 5640.85 5638.41 5641.88 5646.8 5652.74 5659.52 5663.04 5663.28 5673.69 5688.56 5706.15 5724.26 5729.94 5747.62 5758.94 5767.76 5771.96 5773.66 5772.76 5775.11 5784.18 5802.02 5812.76 5813.02 5800.16 5811.76 5827.38 5837.93 5848.8 5852.85
5808.87 5804.23 5765.05 5786.53 5812.15 5838.89 5862.08 5893.03 5925.04 5940.24 5984.08 6021.31 6051.42 6132.14 6180.22 6026.6 5871.43 5765.92 5717.6 5691.73 5679.8 5673.63 5673.46 5671.59 5670.1 5656.03 5646 5637.17 5636.3 5643.75 5652.29 5661.22 5666.93 5672.85 5666.85 5657.42 5647.43 5640.77 5638.99 5641.67 5646.23 5650.93 5655.26 5660.4 5665.6 5676.74 5689.46 5708.59 5729.13 5745.31 5753.01 5761.97 5763.81 5765.75 5767.53 5770.17 5774.65 5787.45 5807.45 5825.44 5833.56 5829.05 5814.95 5818.45 5833.29 5853.94 5852.69
5888.45 5915.38 5855.67 5837.88 5830.58 5845.47 5876.59 5896.35 5911.19 5933.41 5997.63 6072.27 6158.01 6253.51 6220.52 6082.35 5913.12 5790.32 5736.79 5706.45 5690.93 5682.57 5680.88 5678.49 5675.52 5663.62 5652.1 5643.82 5642.69 5646.05 5651.02 5656.79 5663.38 5668.31 5661.24 5652.71 5644.28 5637.53 5639.03 5642.86 5647.14 5650.76 5652.21 5659.23 5668.41 5681.19 5695.57 5715.06 5735.4 5746.34 5753.95 5754.7 5759.95 5765.83 5770.98 5774.07 5776.62 5791.82 5820.05 5848.31 5869.64 5866.9 5850.56 5817.72 5818.99 5831.59 5831.11
5996.1 6042.63 5998.68 5917.23 5859.37 5845.38 5874.04 5896.15 5917.51 5956.07 6019.73 6101.83 6194.05 6250.09 6138.96 6026.46 5910.86 5816.19 5757.76 5726.65 5708.61 5697.97 5690.23 5686.72 5684.44 5671 5659.44 5650.37 5648.94 5648.5 5649.1 5651.37 5657.69 5656.26 5654.19 5649.04 5643.6 5639.83 5641.44 5645.25 5650.03 5655.24 5660.57 5663.16 5671.58 5687.83 5704 5720.51 5736.7 5746.71 5752.31 5757.82 5760.7 5764.84 5770.13 5777.46 5783.18 5798.99 5831.33 5868.39 5905.12 5927.13 5863.93 5812.11 5803.79 5808.32 5804.6
6114.41 6247.91 6142.06 5975.05 5879.32 5832.11 5836.56 5884.21 5921.83 5971.46 6031.33 6094.83 6160.18 6190.85 6104.46 6032.31 5942.53 5834.18 5775.61 5746.43 5727.65 5714.45 5703.87 5694.79 5685.69 5674.21 5666.74 5658.74 5654.76 5649.46 5646.64 5646.24 5654.54 5652.12 5649.21 5646.15 5643.75 5643.44 5644.18 5647.73 5652.96 5659.44 5666.19 5670.31 5680.2 5694.13 5708.81 5723.83 5738.5 5746.23 5753.79 5759.89 5761.08 5759.62 5769.9 5774.37 5775.98 5800.57 5835.81 5875.37 5911.25 5908 5840.31 5810.15 5794.02 5785.96 5778.71
6171.46 6334.63 6173.15 5981.33 5885.06 5838.3 5853.98 5873.28 5913.21 5974.23 6023.95 6051.67 6094.59 6127.06 6085.6 6051.85 5987.03 5848.6 5797.38 5771.23 5751.44 5733.71 5718.47 5705.71 5694.69 5683.82 5675.03 5662.35 5655.47 5649.26 5644.83 5641.23 5641.57 5645.62 5645.76 5643.57 5641.68 5642.36 5645.05 5649.58 5655.34 5661.21 5668.5 5677.6 5686.27 5699.11 5711.84 5723.42 5736.95 5750.12 5761.31 5768.23 5768.55 5762.25 5766.45 5772.87 5776.85 5798.17 5830.3 5864.38 5892.4 5880.06 5815.99 5789.98 5773.52 5765.83 5760.29
6142.05 6278.29 6112 5941.2 5877.25 5846.3 5843.26 5854.32 5876.84 5905.18 5928.39 5965.63 5998.37 6016.8 5998.09 6003.61 5976.47 5888.33 5832.28 5800.31 5777.59 5756.56 5737.55 5719.09 5702.14 5686.65 5682.73 5670.96 5654.83 5651.21 5646.7 5641.81 5640.8 5646.17 5645.68 5642.09 5638.74 5639.74 5644.79 5650.98 5657.79 5665.03 5673.48 5683.15 5690.62 5702.4 5713.05 5719.6 5734.99 5751.77 5768.52 5776.74 5781.62 5775.17 5770.7 5774.36 5771.65 5792.68 5818 5841.34 5854.94 5836.55 5797.52 5772.1 5758.9 5755.88 5754.48
6053.06 6132.07 5997.68 5888.15 5862.99 5852.19 5836.25 5828.93 5830.52 5829.88 5836.98 5879.11 5904.89 5902.76 5916.78 5944.94 5931.57 5892.88 5856.48 5829.72 5806.49 5783.79 5759.85 5735.45 5713.55 5695.89 5692.62 5684.15 5668.26 5661.52 5654.07 5647.54 5648.72 5653.83 5649.41 5642.37 5637.01 5638.57 5644.91 5652.54 5660.84 5670.04 5679.56 5689.83 5697.83 5703.45 5711.22 5713.68 5726.23 5744.47 5762.96 5775.92 5784.6 5777.53 5772.01 5780.97 5789.49 5791.68 5803.65 5816.52 5821.3 5806.19 5782.34 5762.82 5749.58 5752.81 5753.69
5937.02 5959.46 5918.9 5877.2 5850.64 5842.42 5824.65 5801.42 5790.53 5787.32 5798.55 5827.18 5853.77 5869.74 5902.98 5938.26 5922.09 5903.81 5881.34 5861.61 5835.32 5805.98 5779.9 5752.55 5728.38 5711.72 5706.44 5702.03 5692.7 5676.7 5664.5 5658.7 5659.71 5662.57 5655.27 5645.78 5635.69 5638.89 5646.64 5654.85 5663.61 5673.65 5684.02 5693.85 5701.44 5702.58 5701.17 5702.06 5711.64 5730.73 5749.79 5764.51 5772.36 5767.15 5769.71 5776.07 5783.04 5780.6 5785.67 5794.49 5798.09 5788.31 5778.96 5770.62 5760.58 5766.44 5763.2
5857.32 5864.72 5863.18 5849.01 5826.55 5814.88 5790.74 5769.25 5757.6 5756.56 5771.62 5799.03 5840.63 5880.41 5946.6 6032.91 5988.19 5952.35 5931.56 5907.59 5870.03 5833.63 5800.59 5769.86 5744.46 5726.79 5723.65 5712.48 5700.83 5683.46 5669.83 5666.89 5672.2 5670.88 5661.44 5652.5 5647.54 5646.76 5651.41 5658.34 5666.67 5675.74 5687.73 5699.15 5707.72 5706.97 5696.25 5693.51 5698.62 5718.21 5738.13 5751.4 5757.5 5756.34 5759.95 5764.01 5755.83 5755.91 5769.13 5779.21 5782.83 5773.77 5787.35 5798.44 5813.44 5802.47 5793.85
5824.28 5844.03 5823.85 5804.32 5786.81 5773.33 5750.2 5736.32 5732.5 5729.18 5732.67 5778.46 5849.17 5926.3 6025.21 6105.73 6039.56 6014.04 6010.38 5948.3 5899.32 5855.56 5817.03 5782.33 5756.05 5738.4 5734.47 5721.7 5699.64 5681.19 5669.12 5663.25 5668.4 5673 5663.46 5656.26 5654.03 5653.12 5656.25 5662.52 5670.57 5680.17 5692.39 5704.07 5713.42 5713.34 5700.87 5694.81 5696.88 5711.08 5724.86 5738.53 5753.75 5756.78 5754.89 5754.78 5748.3 5748.64 5761.64 5775.65 5786.32 5802.17 5813.7 5824.25 5825.34 5841.91 5831.07
5802.53 5810.11 5791.12 5763.93 5746.53 5736.06 5721.37 5717 5721.62 5717.95 5719 5771.49 5861.1 5971.21 6098.68 6129.17 6060 6022.63 5990.3 5962.85 5915.51 5870.46 5829.67 5794.44 5765.68 5742.29 5738.14 5722.3 5697.08 5678.12 5668.9 5662.61 5662.31 5665.06 5659.52 5654.11 5652.27 5655.21 5660.26 5667.14 5675.03 5684.48 5697.41 5708.26 5711.18 5715.18 5712.3 5706.12 5704.31 5711.58 5719.63 5729.81 5740.27 5755.12 5752.21 5749.38 5745.07 5748.56 5764.28 5782.7 5809.19 5835.08 5845.93 5859.91 5886.01 5898.88 5899.89
5856.37 5806.36 5784.9 5738.73 5720.11 5718.93 5715.66 5733.73 5729.58 5723.92 5731.99 5776.11 5854.16 5951.22 6049.89 6044.83 6048.02 6044.8 6029.31 5973 5917.55 5869.83 5828.92 5795.2 5768.69 5750.18 5741.1 5724.13 5700.83 5682.52 5673.75 5667.31 5661.94 5656.29 5655.4 5651.59 5650.69 5657.43 5664.64 5672.64 5681.97 5692.26 5703.08 5710.66 5716.06 5719.31 5718.49 5712.29 5712.9 5717.55 5723.96 5733.13 5748.54 5751.92 5751.2 5746.34 5749.14 5756.02 5775.33 5793.58 5823.16 5861.45 5865.15 5881.64 5903.5 5915.99 5923.96
6003.85 5902.73 5825.57 5755.58 5729.5 5719.68 5731.2 5755.42 5740.45 5732.48 5743.48 5774.91 5821.38 5877.72 5920.7 5910.58 5954.74 5996.74 6000.36 5946.37 5898.6 5857.68 5821.42 5789.2 5764.43 5750.05 5744.71 5724.68 5703.99 5687.55 5678.1 5671.88 5666.07 5661.79 5660.99 5657.81 5657.48 5663.69 5670.36 5678.37 5688.95 5701.99 5713.44 5718.81 5718.19 5716.03 5721.2 5727.02 5724.7 5726.39 5730.92 5738.25 5751.58 5766.73 5758.72 5753.83 5769.68 5787.58 5800.2 5808.78 5831.52 5860.88 5863.58 5862.74 5887.57 5927.75 5940.33
5943.96 5924.78 5871.84 5836.45 5795.75 5741.39 5738.18 5750.37 5736.52 5727.77 5732.86 5750.96 5776.23 5799.54 5805.05 5818.25 5869.58 5910.4 5895.66 5883.95 5864.6 5836.76 5805.31 5774.58 5750.7 5734.65 5730.53 5719.63 5703.65 5689.22 5681.1 5676.91 5671.08 5667.17 5667.57 5670.42 5671.63 5672.13 5675.91 5681.57 5689.27 5704.64 5723.65 5726.59 5717.61 5710.48 5720.08 5728.75 5731.93 5735.33 5740.16 5747.2 5763.01 5765.14 5769.25 5777.82 5796.52 5815.67 5824.13 5830.89 5844.16 5852.77 5850.65 5855.37 5874.12 5906.42 5933.78
5902.67 5894.51 5880.1 5885.52 5864.52 5782.13 5736.54 5726.56 5716.65 5708.6 5708.9 5716.88 5730.51 5743.68 5753.46 5766.26 5793.47 5823.07 5836.9 5838.07 5828.9 5810.57 5785.88 5757.06 5730.51 5711.37 5712.68 5713.2 5702.55 5688.16 5680.09 5676.32 5672.13 5668 5668.65 5674.27 5677.59 5678.23 5680.38 5684.18 5689.01 5703.6 5724.26 5727.18 5719.54 5706.84 5720.49 5727.6 5734.56 5744.56 5753.81 5760 5771.41 5774.31 5776.77 5788.64 5809.32 5829.68 5828.59 5828.7 5831.77 5833.56 5833.18 5832.72 5844.53 5870.55 5907.99
5849.93 5848.57 5843.96 5837.48 5812 5767.97 5718.76 5697.46 5688.93 5683.79 5681.71 5682.91 5693.26 5702.63 5709.79 5719.49 5740.88 5773.39 5796.85 5806.97 5802.13 5789.74 5770.45 5745.87 5716.07 5689.79 5706.72 5714.5 5705.72 5692.2 5684.42 5679.62 5674.06 5668.64 5667.54 5678.45 5680.88 5681.51 5683.53 5687.58 5695.2 5701.64 5708.7 5721.22 5725.73 5714.32 5717.89 5728.4 5737.83 5752.31 5769.09 5788.03 5778.46 5772.07 5789.62 5804.82 5816.55 5821.93 5820.62 5808.66 5816.42 5824.66 5825.37 5820.95 5833.38 5849.38 5891.8
5793.7 5800.22 5791.91 5767.84 5731.57 5717.15 5689.81 5667.05 5660.26 5659.87 5658.79 5659.68 5666.62 5673.76 5675.15 5679.17 5702.98 5731.12 5756.84 5771.65 5774.88 5770.2 5759.69 5743.52 5720.99 5696.36 5706.64 5724.39 5712.27 5697.58 5690.37 5683.9 5676.76 5672.03 5671.47 5680.09 5681.09 5682.25 5684.83 5688.89 5693.45 5700.78 5706.44 5720.26 5730.93 5726.89 5725.12 5726.01 5742.27 5758.01 5775.53 5792.05 5781.32 5785.02 5802.96 5818.39 5827.23 5831.47 5831 5819.18 5825.68 5826.76 5837.49 5837.87 5852.1 5871.03 5903.36
5796.38 5769.63 5748.13 5722.13 5702.41 5685.93 5661.58 5641.49 5638.15 5641.96 5644.76 5646.37 5653.46 5659.69 5659.54 5661.15 5673.55 5699 5722.94 5742.6 5753.11 5756.32 5755.06 5751.38 5744.67 5730.09 5732.02 5736.51 5714.19 5698.05 5689.97 5681.64 5677.03 5675.46 5679.16 5676.29 5678.68 5681.58 5685.6 5690.88 5697.68 5707.6 5719.14 5727.15 5735.04 5738.87 5736.25 5745.57 5751.72 5760.68 5771.31 5781.1 5775.21 5789.06 5805.09 5827.95 5842.22 5847.67 5852.97 5852.79 5817.63 5850.18 5883.25 5907.17 5893.73 5870.93 5924.76
5756.57 5738.19 5714.58 5689.73 5671.24 5657.77 5639.96 5626.71 5627.52 5633.17 5639.55 5646.29 5653.07 5658.28 5661.67 5667.24 5672.45 5680.66 5699.82 5722.82 5737.02 5744.62 5749.9 5756.49 5768.04 5752.49 5725.84 5715.48 5703.7 5691.1 5681.19 5674.71 5673.9 5674.67 5674.19 5673.04 5676.24 5681.2 5686.82 5693.61 5703.92 5717.23 5728.32 5735.25 5738.64 5740.99 5740.96 5751.29 5755.59 5759.33 5764.9 5766.6 5779.98 5800.85 5835.46 5859.59 5861.35 5862.31 5872.53 5878.84 5873.17 5901.33 5938.83 5968.42 5970.51 5972.8 6003.44
5710.7 5706.96 5688.37 5662.59 5636.2 5630.85 5625.15 5616.78 5623.47 5630.86 5639.94 5650.69 5659.04 5663.01 5667.46 5672.2 5673.22 5676.47 5691.16 5715.33 5725.74 5732.93 5739.27 5747.18 5754.44 5741.26 5715.86 5698.35 5689.47 5681.06 5671.16 5668.5 5670.12 5672.06 5676.36 5668.73 5675.48 5682.87 5689.49 5696.42 5708.17 5725.95 5738.91 5743.4 5745.57 5742.44 5737.56 5741.75 5748.31 5756.9 5765.1 5776.44 5794.43 5857.96 5925.31 5900.4 5872.98 5853.53 5842.16 5856.1 5892.76 5948.46 5977.45 5982.43 6015.73 6074.84 5975.89
5676.39 5683.42 5672.32 5652.13 5627.59 5622.83 5622.61 5623.9 5624.45 5630.64 5640.19 5652.33 5661.78 5665.75 5672.48 5680.83 5682.22 5682.56 5692.62 5706.63 5713.49 5717.6 5721.99 5725.78 5727.59 5720.69 5700.69 5685.32 5676.92 5670.77 5666.98 5665.86 5666.82 5667.87 5666.26 5670.58 5679.75 5687.63 5694.8 5701.02 5712.81 5731.82 5743.24 5747.32 5750.59 5748.14 5740.99 5741.16 5749.85 5759.91 5768.12 5780.47 5812.7 5879.66 5936.85 5903.95 5868.83 5837.92 5813.21 5839.15 5910.79 5991.71 6067.32 6016.9 5907.5 5824.91 5723.57
5669.1 5676.05 5667.96 5655.04 5641.48 5628.96 5626.57 5627.5 5625.22 5629.87 5637.62 5647.22 5656.35 5662.44 5671.08 5680.49 5680.24 5678.03 5681.68 5690.43 5696.12 5699.69 5701.84 5700.08 5694.33 5685.89 5679.87 5673.03 5665.67 5661.54 5660.84 5662.15 5666.36 5669.46 5672.99 5681.79 5688.65 5695.06 5702.07 5712.2 5720.94 5732.89 5742.66 5747.28 5749.61 5752.67 5746.91 5748.27 5757.22 5765.16 5772.26 5790.19 5807.29 5845.6 5870.06 5877.6 5857.86 5835.85 5834.23 5914.32 5982.4 5984.03 5994.17 5885.43 5703.05 5561.03 5479.1
5685.45 5680.96 5669.53 5656.6 5644.26 5634.67 5630.98 5629.79 5627 5628.75 5634.22 5639.74 5644.68 5653.07 5662.73 5675.22 5681.72 5679.93 5676.44 5677.7 5680.09 5683.51 5682.75 5677.65 5669.33 5665.59 5663.69 5660.36 5654.16 5648.7 5651.74 5662.54 5669.53 5674.18 5681.79 5694.9 5698.25 5701.4 5706.01 5711.97 5717.13 5722.81 5736.04 5750.61 5760.64 5763.67 5752.53 5752.03 5760.92 5769.66 5776.14 5790.31 5803.25 5831.56 5862.2 5866.85 5861.13 5852.14 5861.26 5993.04 6011.95 5903.34 5777.92 5668.86 5523.86 5428.07 5407.21
