real_craters/C121-300m.grd
DSAA
249 249
-37.1525 37.1525
-37.1525 37.1525
4550.2291859127 6631.9359938782
[rows 0 to 29 of 249, columns 0 to 66 of 249]
5669.42 5668 5664.42 5659.76 5654.58 5649.42 5644.62 5640.56 5638.24 5636.42 5635.49 5634.31 5632.36 5629.01 5636.17 5638.21 5635.64 5633.59 5634.48 5635.2 5634.54 5635.52 5636.54 5637.62 5638.21 5638.43 5639.28 5639.81 5640.8 5642.11 5644.19 5648.3 5653.71 5660.46 5667.75 5674.92 5680.92 5686.1 5688.45 5687.81 5685.19 5681.73 5678.05 5675.23 5671.95 5669.44 5668.95 5669 5669.64 5670.45 5671.33 5672.14 5672.63 5673.65 5681.13 5687.49 5693.18 5698.54 5703.79 5709.17 5714.79 5720.22 5723.76 5726.05 5730.75 5733.21 5740.29
5668.87 5666.95 5663.16 5658.59 5653.77 5648.93 5644.61 5641.32 5637.65 5635.01 5633.07 5632.39 5631.79 5634.37 5637.13 5637.35 5636.24 5635.72 5636.41 5637.03 5636.74 5637.84 5638.97 5639.84 5640.28 5639.99 5640.3 5640.67 5641.33 5642.32 5644.15 5647.14 5652.54 5659.76 5667.77 5676.3 5684.86 5693.24 5695 5691.17 5686.72 5682.65 5679.15 5676.45 5675.39 5673.65 5670.65 5669.47 5669.51 5669.94 5670.52 5671.23 5672.45 5675.65 5681.22 5687.27 5693.2 5699.06 5704.94 5711.05 5717.26 5723.36 5728.56 5733.17 5731.38 5734.53 5739.64
5667.26 5664.99 5661.69 5657.44 5652.79 5648.21 5643.88 5639.94 5636.42 5633.4 5630.62 5627.61 5631.31 5637.19 5636.88 5635.55 5635.74 5636.18 5636.22 5637.1 5640.17 5641.08 5642.13 5642.41 5642.51 5642.36 5642.53 5642.42 5642.69 5642.98 5643.93 5645.61 5651.18 5658.91 5667.21 5676.11 5685.67 5696.21 5697.74 5691.7 5686.52 5682.37 5678.96 5676.13 5673.99 5671.28 5669.51 5668.92 5668.94 5669.37 5670.01 5670.9 5672.52 5676.61 5682.16 5687.84 5693.61 5699.56 5705.73 5712.28 5719.11 5725.08 5731.72 5737.48 5739.59 5737.09 5737.87
5666.03 5664.45 5660.68 5656.37 5651.94 5647.46 5642.96 5638.55 5635.43 5632.54 5629.13 5626.81 5628.1 5629.46 5631.17 5633.52 5634.48 5635.59 5636.55 5639.36 5643.8 5644.3 5644.98 5645.06 5644.79 5644.88 5644.83 5644.37 5644.37 5644.39 5644.82 5646.12 5650.9 5658.21 5665.93 5673.84 5681.75 5688.76 5690.46 5687.33 5683.68 5680.39 5677.37 5674.21 5670.58 5666.44 5666.96 5668.12 5668.91 5669.8 5670.74 5671.66 5672.77 5677.65 5683.97 5688.98 5694.35 5700.03 5706.13 5712.66 5719.68 5727.36 5732.9 5737.86 5739.56 5738.33 5738.43
5666.01 5662.82 5659 5655.09 5650.98 5646.75 5642.51 5638.54 5635.56 5633.19 5630.21 5626.71 5626.64 5626.88 5628.47 5630.38 5633.4 5635.61 5637.26 5640.58 5646.28 5646.96 5647.48 5647.47 5647.41 5647.27 5647.04 5647.33 5647.14 5646.51 5646.86 5648.03 5651.88 5658.09 5664.42 5670.48 5675.71 5679.49 5680.73 5680.19 5679.05 5677.24 5675.03 5672.34 5669.22 5667.29 5666.75 5667.62 5668.98 5670.59 5672.2 5673.61 5674.83 5679.35 5685.19 5689.87 5694.69 5699.89 5705.64 5711.97 5718.5 5725.46 5732.58 5737.27 5739.97 5739.53 5739.68
5663.42 5660.2 5657.28 5653.98 5650.26 5646.33 5642.39 5638.72 5635.97 5634.4 5632.83 5628.16 5627.23 5627.9 5629.82 5632.46 5634.33 5634.94 5635.55 5640.04 5646.59 5648.54 5649.37 5649.51 5650.2 5650.09 5649.94 5647.94 5647.97 5648.91 5649.57 5650.86 5653.8 5658.75 5663.57 5667.59 5670.41 5671.47 5670.99 5673.31 5674.26 5673.96 5672.64 5670.69 5668.08 5665.95 5665.48 5667.01 5669.22 5671.81 5674.45 5676.93 5679.41 5682.78 5686.84 5690.77 5694.79 5699.41 5704.64 5710.56 5717.12 5724.94 5732.33 5735.77 5736.66 5737.82 5739.98
5661.23 5659.34 5656.53 5653.36 5649.89 5646.27 5642.65 5639.06 5636.3 5634.75 5632.15 5629.04 5628.25 5629.33 5632.21 5636.02 5635.62 5633.86 5634 5639.56 5646.76 5649.67 5651.75 5652.87 5650.75 5649.84 5650.66 5650.47 5650.69 5651.27 5652.46 5654.56 5657.73 5660.58 5663.34 5665.94 5667.27 5667.18 5666.59 5669.11 5671.21 5671.91 5671.13 5669.38 5665.68 5663.81 5663.55 5666.04 5669.29 5673.03 5676.94 5680.72 5684.05 5687.41 5689.08 5691.24 5694.34 5698.04 5702.38 5707.97 5714.77 5723.03 5731.14 5732.63 5731.31 5733.49 5736.36
5662.91 5660.28 5656.45 5653.12 5649.79 5646.37 5643.17 5640.6 5638.71 5635.52 5631.39 5628.99 5628.8 5629.62 5631.56 5634.29 5634.96 5633.16 5632.82 5639.98 5646.54 5650.39 5651.32 5651.57 5652.95 5652.57 5652.61 5652.76 5653.08 5653.39 5654.76 5657 5659.47 5661.5 5663.69 5665.78 5666.89 5666.57 5665.25 5668.32 5670.88 5671.7 5670.91 5668.96 5664.97 5662.69 5662.25 5665.28 5669.54 5674.42 5679.54 5684.43 5688.28 5688.68 5689.73 5691.34 5693.5 5696.02 5699.06 5703.28 5710.16 5718.33 5726.69 5727.1 5726.6 5727.62 5729.43
5663.73 5660.72 5656.19 5653.14 5649.85 5646.45 5643.21 5640.55 5638.79 5636.65 5632.82 5630.3 5629.82 5629.49 5629.68 5634.09 5636.71 5635.63 5636.84 5643.45 5648.41 5651.53 5652.78 5653.08 5653.17 5653.33 5653.44 5653.42 5654.49 5654.87 5656.24 5657.77 5659.75 5662.12 5664.75 5667.33 5669.16 5669.68 5669.64 5671.81 5673.47 5673.37 5671.94 5669.56 5665.12 5662.14 5660.87 5664.68 5669.69 5675.34 5681.47 5687.39 5689.99 5688.3 5689.95 5691.55 5692.93 5694.22 5695.7 5697.48 5699.9 5709.22 5717.51 5718.99 5717.63 5717.47 5720.24
5663.13 5660.67 5657.18 5653.63 5650.07 5646.47 5642.97 5639.46 5635.64 5636.63 5635.74 5633.2 5631.88 5631.35 5631.86 5637.23 5641.43 5641.49 5644.43 5648.08 5651.31 5653.24 5654.37 5653.82 5653.41 5654.11 5654.68 5655.4 5656.46 5657.19 5658.3 5659.03 5659.51 5663.06 5667.59 5669.93 5673.2 5675.46 5677.57 5678.9 5678.42 5676.77 5674.32 5670.2 5666.76 5664.45 5663.21 5665.38 5670.07 5675.76 5682.3 5689.47 5694 5691.41 5691.3 5692.21 5693.05 5693.53 5693.61 5693.83 5695.2 5702.76 5710.01 5711.4 5710.28 5709.24 5710.98
5662.44 5660.49 5657.87 5654.1 5650.33 5646.65 5643.03 5639.6 5637.07 5636.84 5637.37 5634.91 5634.01 5634.63 5637.22 5641.11 5644.24 5645.42 5647.69 5651.77 5656.97 5657.83 5656.8 5653.81 5653.66 5654.45 5655.75 5656.98 5658.62 5659.89 5661.16 5662.16 5663.22 5666.68 5670.45 5675.33 5677.96 5681.76 5685.99 5687.1 5684.2 5680.83 5677.29 5672.74 5669.44 5667.32 5665.41 5666.27 5670.64 5675.45 5681.24 5687.67 5691.57 5692.23 5692.56 5693.12 5693.98 5694.05 5693.33 5692.85 5695.06 5699.28 5703.84 5706.75 5705.63 5703.43 5703.72
5662.04 5660.4 5657.29 5653.96 5650.58 5647.09 5643.48 5640.01 5637.11 5634.48 5634.12 5634.41 5635.13 5636.91 5640.03 5643.37 5645.82 5647.42 5652.13 5657.75 5662.6 5676.65 5653.01 5650.85 5652.64 5654.69 5656.78 5659.14 5661.3 5663.03 5664.71 5666.36 5668.22 5671.36 5674.69 5678.3 5682.3 5686.52 5691.24 5692.65 5688.47 5684.1 5680.02 5676.37 5672.11 5669.27 5667.95 5667.94 5671.01 5674.28 5677.97 5683.8 5688.94 5690.87 5692.91 5694.81 5696.3 5696.67 5695.45 5692.97 5694.24 5700.19 5705.21 5707.06 5705.28 5701.22 5697.51
5660.78 5659.06 5656.08 5653.68 5650.92 5647.61 5644.04 5640.49 5636.95 5634.3 5632.05 5633.77 5635.46 5637.79 5640.99 5645.03 5649.09 5650.4 5661.55 5669.52 5650.39 5608.01 5635.71 5647.12 5652.39 5655.9 5659.11 5662.19 5664.71 5666.98 5669.01 5670.96 5672.81 5675.54 5679.04 5681.78 5685.2 5688.87 5692.56 5694.25 5689.85 5686.03 5682.11 5678.53 5674.13 5671.01 5668.75 5669.13 5671.7 5673.55 5673.99 5671.97 5681.57 5689.63 5693.37 5697.03 5700.13 5702.13 5702 5698.5 5698.98 5707.7 5711.93 5712.19 5708.95 5703.28 5687.5
5658.75 5657.2 5656.36 5654.59 5651.65 5648.25 5644.69 5641.34 5638.37 5635.78 5634 5634.1 5635.64 5637.78 5640.55 5644.29 5649.27 5650.91 5662.15 5670.9 5655.34 5649.67 5647.58 5650.99 5654.99 5658.78 5662.82 5666.05 5668.79 5671.39 5673.65 5675.87 5678.11 5681.13 5683.12 5685.27 5687.84 5689.83 5690.92 5687.99 5689.62 5687.09 5683.32 5680.4 5677.36 5673.68 5670.43 5671.16 5674.09 5675.31 5674.92 5672.59 5680.84 5688.24 5693.67 5699.43 5705.15 5710.36 5714.38 5716.6 5720.75 5729.08 5726.53 5719.82 5713.14 5704.92 5690.09
5657.4 5657.22 5657.03 5655.41 5652.64 5649.32 5645.68 5642.25 5639.18 5636.35 5634.28 5634.49 5635.72 5637.55 5639.75 5643.13 5648.16 5649.35 5656.15 5660.32 5660.49 5663.45 5660.15 5657.78 5660.18 5664.25 5667.93 5671.23 5673.92 5676.55 5678.72 5680.84 5682.69 5684.58 5686.31 5688.3 5689.76 5690.76 5692.2 5694.83 5691.09 5687.28 5684.6 5682.11 5680.41 5678.42 5676.53 5677.18 5678.78 5679.33 5680.07 5682.98 5679.97 5686.08 5693.77 5701.84 5710.59 5718.76 5727.74 5737.54 5741.35 5745.54 5735.38 5724.79 5716.17 5706.59 5700.69
5657.02 5657.99 5657.77 5656.34 5654.02 5650.66 5646.81 5642.98 5639.72 5636.62 5634.35 5634.63 5635.77 5637.33 5639.25 5642.05 5646.94 5648.74 5651.3 5653.88 5656.92 5658.85 5659.85 5661.6 5665.15 5669.4 5673.43 5676.7 5679.67 5681.61 5683.56 5685.35 5686.82 5688.38 5689.34 5690 5690.52 5690.67 5691.35 5693.51 5689.41 5686.22 5684.66 5683.87 5683.55 5683.75 5684.17 5685.04 5684.34 5683.22 5682.9 5682.53 5678.52 5685.26 5694.69 5704.47 5714.57 5725.08 5735.58 5746.02 5744.34 5737.64 5731.84 5724.72 5718.84 5714.24 5712.02
5657.58 5659.68 5660.27 5658.77 5655.94 5652.21 5647.97 5643.39 5639.03 5635.87 5634.38 5634.95 5636.04 5637.42 5639.08 5641.17 5644.9 5646.26 5648.25 5650.2 5652.5 5654.9 5658.48 5663.5 5669.5 5674.43 5678.37 5681.52 5684.83 5686.6 5688.25 5689.49 5690.38 5691.47 5691.33 5691.71 5691.59 5690.25 5687.69 5684.26 5682.81 5683.42 5684.52 5685.36 5686.13 5687.83 5690.55 5692.28 5688.19 5685.27 5683.36 5680.68 5680.61 5686.82 5696.4 5707.04 5717.8 5727.88 5736.5 5742.14 5736.05 5726.43 5723.43 5720.4 5718.86 5721.14 5730.32
5658.29 5660.42 5661.46 5660.79 5657.86 5653.9 5649.33 5644.25 5638.52 5636.1 5635.49 5635.8 5636.65 5637.84 5639.43 5641.51 5642.73 5646.51 5646.64 5647.18 5649.64 5653.1 5657.92 5666.2 5673.81 5679.5 5683.58 5686.98 5690.05 5691.81 5693.07 5693.73 5693.65 5692.58 5692.22 5693.78 5693.71 5691.2 5685.77 5678.71 5677.6 5681.99 5685.2 5687.21 5688.36 5689.78 5691.58 5691.53 5687.74 5684.8 5683.19 5681.8 5680.83 5688.18 5698.32 5709.41 5720.32 5729.25 5734.09 5733.14 5725.43 5717.37 5714.75 5713.61 5713.23 5715.27 5719.29
5658.85 5660.31 5661.31 5661.67 5659.53 5655.69 5651.19 5646.41 5641.57 5637 5637.11 5636.89 5637.36 5638.2 5639.46 5640.74 5640.53 5644.18 5645.1 5646.74 5649.65 5653.34 5658.93 5671.61 5680.13 5687.07 5690.76 5693.34 5695.33 5697.2 5698.45 5698.93 5698.24 5695.34 5694.86 5698.25 5698.45 5695.82 5689.45 5681.63 5679.44 5684.92 5688.58 5689.91 5690.32 5690.12 5689.48 5687.32 5684.29 5682.31 5679.86 5678.26 5681.14 5689.74 5700.4 5711.62 5722.58 5731.82 5736.03 5728.75 5718.67 5708.27 5706.78 5705.46 5703.98 5702.58 5701.38
5659.55 5661.09 5662.2 5663.4 5661.53 5657.59 5653.13 5648.75 5644.89 5639.05 5638.34 5638.02 5638.05 5638.42 5639.06 5639.55 5638.92 5641.98 5642.97 5644.49 5649.49 5658.77 5669.41 5683.64 5691.87 5696.46 5698.01 5700.35 5701.29 5702.88 5704 5705.11 5705.92 5705.35 5705.61 5707.58 5706.52 5704.13 5698.88 5693.14 5690.31 5694.14 5695.09 5694.17 5692.42 5689.99 5686.87 5683.05 5680.5 5679.85 5678.34 5678.33 5682.9 5691.62 5702.04 5713.34 5724.42 5734.71 5744.2 5742.65 5720.67 5706.71 5701.48 5697.9 5694.64 5691.1 5686.87
5660.53 5662.69 5664.73 5666.29 5663.42 5658.92 5654.54 5650.09 5645.61 5640.64 5639.61 5639.1 5638.97 5639.06 5638.9 5639.04 5639.18 5641.22 5641.99 5642.07 5647.96 5669.9 5691.03 5702.04 5705.98 5707.19 5707.4 5707.37 5707.67 5708.39 5709.18 5711.37 5714.56 5718.34 5721.2 5719.78 5716.23 5713.93 5711.21 5710.62 5711.93 5707.57 5703.64 5699.6 5695.39 5690.45 5685.38 5680.08 5678.1 5678.74 5679.46 5679.83 5684.94 5693.43 5703.21 5713.73 5723.96 5733.17 5740.87 5738.92 5720.36 5706.46 5697.68 5691.87 5687.12 5683.62 5681.29
5661.25 5663.86 5667.03 5665.99 5662.54 5659.12 5655.52 5651.41 5646.5 5642.62 5641.22 5639.86 5639.3 5639.01 5638.22 5638.43 5639.49 5642.1 5644.76 5648.24 5656.22 5685.61 5713.94 5721.09 5718.54 5715.86 5713.81 5712.75 5712.43 5712.87 5714.07 5716.74 5720.97 5727.85 5737.25 5729.15 5723.57 5720.85 5720.87 5723.07 5725.96 5718.58 5711.32 5704.81 5698.6 5692.2 5685.8 5679.66 5677.45 5678.52 5679.78 5682.92 5687.85 5695.2 5703.9 5713.05 5721.71 5728.56 5728.92 5723.32 5714.17 5702.75 5693.07 5686.11 5680.8 5677.06 5675.22
5661.08 5662.49 5663.82 5661.9 5660.34 5659.26 5656.75 5653.23 5649.14 5644.43 5642.08 5640.85 5640.08 5639.62 5638.9 5639 5643.21 5644.58 5652.7 5664.58 5678.23 5702.86 5726.02 5731.08 5725.39 5720.66 5717.23 5715.27 5714.6 5714.59 5715.61 5718.08 5721.91 5727.36 5731.92 5728.86 5725.37 5724.12 5725.13 5728.09 5729.71 5724 5716.34 5708.78 5701.85 5694.66 5687.93 5681.7 5678.57 5679.35 5680.91 5685.6 5689.82 5696.07 5703.61 5711.67 5718.84 5724.53 5729.01 5720.23 5706.8 5696.71 5688.18 5681.21 5675.6 5671.47 5668.49
5659.97 5660.06 5659.14 5659.41 5661.14 5661.34 5658.95 5654.83 5649.05 5645.2 5643.62 5643.09 5643.24 5643.36 5642.98 5642.44 5644.08 5656.04 5669.41 5686.42 5704.9 5717.58 5727.45 5729.28 5725.38 5720.61 5717.22 5714.94 5713.46 5712.97 5714.23 5716.16 5718.55 5721.02 5720.95 5722.01 5722.08 5722.71 5724.68 5727.75 5729.06 5724.87 5718.21 5711.24 5704.42 5697.92 5691.52 5685.59 5681.5 5681.09 5681.54 5683.76 5688.96 5695.44 5702.68 5709.88 5715.89 5719.28 5717.23 5709.57 5696.91 5690.75 5684.52 5678.64 5673.09 5668.24 5665.25
5658.13 5659.1 5660.11 5663.28 5666.93 5666.31 5662.92 5658.5 5652.84 5648.86 5647.04 5647.82 5649.49 5650.82 5651.7 5653.7 5664.13 5680.52 5693.96 5706.64 5720.46 5726.32 5726.17 5723.56 5720.92 5717.66 5714.68 5712.76 5711.05 5710.38 5710.81 5711.48 5713.01 5713.65 5713.75 5714.85 5716.24 5718.23 5720.91 5724.05 5724.95 5722.84 5717.84 5712.16 5706.44 5701.05 5695.73 5690.91 5686.42 5683.32 5681.38 5681.57 5687.4 5694.3 5701.76 5708.55 5713.76 5715.89 5713.53 5703.99 5693.47 5687.69 5682.76 5677.58 5672.32 5666.89 5666.37
5656.53 5659.25 5662.72 5668.14 5674.35 5672.84 5668.91 5662.95 5658.5 5656.34 5653.78 5655.64 5659.31 5662.33 5665.02 5669.69 5687.11 5703.22 5712.51 5719.35 5729 5730.39 5723.21 5716.02 5714.59 5712.6 5710.79 5709.19 5707.9 5706.99 5706.46 5706.25 5706.42 5706.14 5705.56 5706.53 5709.04 5711.85 5715.05 5718.38 5720.71 5719.58 5715.66 5711.69 5707.67 5703.81 5700.23 5696.53 5691.08 5685.54 5681.05 5680.98 5686.76 5693.71 5701.19 5707.95 5713.16 5715.36 5711.26 5702.29 5692.31 5687.34 5683.12 5678.94 5673.94 5667.61 5655.84
5655.86 5659.92 5664.13 5669.38 5677.24 5678.48 5677.6 5674.42 5672.8 5670.02 5665.64 5667.62 5672.78 5677.16 5681.44 5685.86 5701.56 5713.92 5716.08 5720.49 5729.39 5729.11 5718.56 5710.84 5708.34 5706.95 5705.87 5704.71 5704.06 5703.09 5702.15 5701.32 5700.29 5698.81 5697.83 5698.36 5701.26 5704.77 5708.31 5711.43 5712.66 5712.4 5712.02 5710.45 5708.4 5706.23 5704.21 5702.26 5697.96 5690.23 5682.93 5681.97 5687.61 5694.59 5701.96 5708.49 5713.69 5717.03 5715.58 5703.76 5694.29 5688.79 5685.05 5682.18 5679.81 5677.49 5676.21
5655.56 5661.03 5667.23 5673.93 5678.06 5682.49 5687.97 5693.02 5692.99 5688.8 5684.11 5685.05 5689.36 5693.97 5699.67 5705 5713.55 5716.12 5708.09 5713.42 5717.4 5715.79 5709.79 5704.77 5701.52 5700.75 5700.65 5700.2 5699.68 5698.74 5697.52 5696.1 5694.32 5692.25 5690.78 5691.33 5693.45 5697.39 5701.45 5704.81 5706.65 5707.55 5708.68 5708.79 5708.37 5707.61 5706.87 5706.38 5705.75 5697.09 5686.88 5684.77 5689.88 5696.38 5702.9 5708.86 5713.68 5716.47 5713.7 5703.31 5694.88 5689.97 5686.72 5685.07 5685.46 5688.14 5693.69
5655.24 5661.56 5669.09 5677.23 5679.12 5684.85 5695.41 5708.32 5711.99 5706.38 5704.88 5704.75 5705.03 5708.91 5716.05 5722.54 5722.18 5716.85 5710.06 5706.56 5704.81 5701.89 5698.67 5694.17 5693.64 5694.71 5695.57 5695.58 5695.28 5694.45 5693 5691.26 5688.83 5686.37 5683.5 5682 5685.57 5690.96 5695.63 5699.71 5702.5 5704.46 5705.89 5706.8 5707.17 5707.15 5706.9 5706.34 5704.35 5697.37 5690.18 5689.65 5693.71 5698.94 5704.35 5709.23 5713.05 5714.73 5711.15 5702.82 5695.42 5690.44 5687.42 5686.32 5687.72 5690.98 5693.36
5654.99 5661.17 5667.34 5672.48 5675.86 5683.27 5695.65 5710.01 5717.19 5715.44 5714.75 5714.57 5714.51 5717.81 5723.81 5731.21 5722.09 5711.32 5702.94 5697.42 5694.13 5691.73 5689.61 5687.51 5687.66 5689.42 5690.87 5691.53 5691.54 5690.47 5689.17 5687.12 5684.73 5681.81 5678.48 5675.52 5679.96 5686.13 5691.38 5695.67 5699.06 5701.9 5703.32 5704.69 5705.61 5705.76 5705.43 5704.36 5701.75 5698.76 5696.35 5696.71 5699.05 5702.42 5706.07 5709.59 5712.12 5712.55 5708.26 5700.58 5694.29 5689.9 5686.85 5685.33 5685.5 5687.19 5687.51
