real_craters/C121-300m.grd
DSAA
249 249
-37.1525 37.1525
-37.1525 37.1525
4550.2291859127 6631.9359938782
[rows 210 to 239 of 249, columns 0 to 66 of 249]
4995.81 5020.6 5035.06 5047.81 5066.55 5078.98 5090.31 5099.37 5112.05 5122.51 5135.58 5147.72 5167.29 5190.06 5216.32 5248.85 5275.65 5292.82 5305.34 5319.93 5339.96 5361.87 5394.9 5428.6 5464.07 5510.96 5585.28 5676.61 5735.49 5793.89 5843.88 5893.34 5945.47 6004.35 6059.63 6123.28 6205.39 6184.58 6138.61 6084.32 6027.18 5997.16 5977.47 5962.51 5927.92 5923.1 5903.5 5879.49 5844.04 5806.6 5773.15 5747.62 5737.36 5732.28 5731.33 5727.97 5727.2 5731.52 5742.47 5756.03 5760.56 5767.6 5777.9 5776.87 5770.76 5768.07 5774.82
4998.23 4997.82 5006.62 5028.78 5027.37 5027 5033.2 5043.96 5053.62 5065.69 5072.74 5087.37 5103.36 5124.28 5149.32 5182.17 5212.47 5219.37 5224.69 5237.28 5257.65 5283.12 5318.36 5342.98 5362.97 5394.56 5451.63 5544.48 5607 5660.95 5711.96 5766.89 5822.27 5887.08 5964.47 6038.7 6115.5 6132.92 6123.65 6111.84 6102.65 6085.53 6051.99 6023.09 6020.11 5985.74 5958.94 5938.55 5896.65 5848.16 5805.37 5775.37 5759.04 5749.16 5742.69 5735.83 5730.92 5730.45 5736.28 5756.01 5752.31 5759.95 5773.17 5768.93 5764.11 5762.43 5767.93
4947.55 4922.45 4921.26 4969.79 4963.4 4962.93 4970.44 4981.38 4991.88 5003.69 5014.69 5026.86 5039.24 5054.96 5074.07 5099.14 5131.39 5130.46 5135.21 5150.94 5171.76 5197.33 5229.55 5250.02 5259.31 5278.77 5325.12 5422.15 5485.5 5535.58 5587.94 5637.85 5687.44 5740.52 5806.34 5919.14 6031.29 6065.19 6094.73 6128.63 6164.84 6176.3 6119.57 6073.13 6046.56 6019.42 5998.98 5980.66 5934.35 5880.51 5834.36 5800.37 5780.22 5764.1 5752.42 5741.21 5732.66 5727.68 5729.15 5737.7 5745 5751.6 5758.69 5758.16 5755.68 5755.48 5760.94
4856.5 4842.21 4836.83 4855.03 4874.32 4889.13 4903.24 4915.82 4929.78 4942.18 4954.49 4964.84 4974.38 4981.19 4989.5 4995.16 5003.55 5015.32 5037.33 5062.24 5087.8 5110.6 5138.28 5154.24 5158.34 5170.54 5217.76 5306.57 5368.36 5420.23 5471.31 5516.07 5556.08 5598.95 5656.88 5752.08 5895.33 5972.7 6045.77 6117.04 6189.75 6236.88 6220.14 6173.29 6114.73 6062.5 6025.61 5987.29 5942.17 5900.47 5866.83 5832.08 5800.67 5775.74 5757.56 5745.11 5734.45 5726.91 5725.47 5734.46 5740.56 5745.22 5746.97 5746.48 5746.31 5747.13 5753.71
4793.24 4791.13 4792.54 4788.81 4800.6 4820 4838.98 4855.57 4871.44 4884.26 4895.68 4904.24 4909.95 4910.39 4907.23 4895.26 4879.47 4903.46 4944.54 4978.93 5008.69 5028.6 5051.84 5063.7 5073.94 5086.99 5166.03 5232.07 5272.99 5326.42 5374.14 5411.34 5442.22 5474.94 5533.35 5620.96 5759.04 5863.72 5970.19 6072.72 6176.16 6263.12 6296.93 6289.74 6198.52 6117.33 6048.48 5983.58 5933.99 5907.96 5889.45 5853.2 5815.97 5786.39 5764.82 5749.69 5737.76 5729.62 5724.88 5722.66 5730.56 5732.1 5732.97 5734.36 5737.07 5741.23 5749.23
4748.69 4748.31 4747.36 4737.49 4743.73 4763.51 4785.12 4804.32 4819.95 4832.99 4844.11 4850.45 4851.99 4849.81 4840.96 4825.62 4809.41 4829.92 4872.46 4908.65 4937.73 4958.87 4983.2 5003.63 5018.29 5044.27 5105.77 5167.56 5209.52 5259.92 5299.6 5329.76 5352.72 5375.15 5445 5549.47 5625.2 5750.51 5876.27 6000.64 6126.15 6239.07 6315.59 6319.94 6239.23 6150.38 6068.92 5995.08 5939.34 5910.75 5884.13 5855.45 5824.32 5796.14 5773.13 5755.36 5741.86 5733.2 5725.94 5718.8 5715.24 5713.84 5718.1 5722.52 5726.81 5735.24 5744.67
4693.77 4689.35 4691.24 4691.7 4699.69 4718.98 4740.33 4759.49 4776.98 4789.62 4798.6 4803.92 4804.24 4801.22 4792.22 4781.88 4776.8 4792.92 4823.45 4854.52 4880.58 4904.63 4926.07 4950.52 4972.43 5011.96 5068.6 5129.16 5182.25 5217.35 5245.4 5269.41 5290.56 5316.8 5378.72 5443.45 5519.24 5650.27 5783.17 5917.91 6048.22 6174.12 6269.9 6288.6 6245.44 6162.33 6086.48 6019.62 5964.95 5921.15 5885.21 5858.98 5831.76 5805.81 5781.8 5760.98 5744.69 5733.8 5726.8 5724.59 5720.09 5711.54 5711.47 5712.98 5713.71 5715.42 5720.24
4653.74 4645.63 4649.35 4654.8 4663.91 4682.33 4702.91 4722.84 4740.03 4752.4 4760.5 4765.51 4765.89 4763.87 4757.73 4752.76 4755.88 4769.78 4787.51 4810.67 4834.22 4856.22 4872.8 4896.33 4921.67 4970.2 5048.5 5101.48 5152.08 5179 5199.66 5224.36 5250.38 5282.65 5339.81 5377.98 5450.56 5571.44 5696.07 5824.66 5951.39 6073.62 6176 6278.54 6262.54 6160.59 6111.83 6051.31 5981 5944.87 5905.48 5873.13 5841.7 5818.33 5791.22 5768.88 5748.55 5731.42 5724.28 5724.37 5723.01 5718.47 5711.19 5706.73 5701.76 5694.57 5689.24
4629.82 4625.65 4629.88 4633.56 4639.54 4653.69 4671.73 4689.08 4703.84 4716.43 4725.5 4731.52 4732.43 4732.3 4729.12 4727.98 4728.96 4736.96 4755.69 4776.81 4796.88 4812.8 4824.26 4841.47 4867.08 4925.45 5006.49 5052.66 5097.64 5121.36 5151.7 5187.18 5226.65 5269.31 5345.34 5388.39 5426.99 5513.44 5616.85 5730.76 5847.26 5968.65 6117.25 6286.32 6312.45 6224.41 6169.44 6110.42 6046.92 5989.54 5943.54 5897.26 5855.63 5817.97 5803.37 5784.37 5759.34 5733.13 5722.21 5715.54 5713.18 5713.09 5710.87 5704.43 5696.22 5687 5682.38
4613.71 4610.51 4614.9 4617.88 4623.17 4632.83 4647.13 4661.79 4674.68 4685.97 4694.22 4701.56 4705.95 4708.73 4708.44 4710.37 4708.34 4711.5 4732.29 4752.28 4768.05 4780.32 4787.06 4795.19 4809.83 4858.99 4925.23 4980.95 5021.62 5057.05 5103.2 5152.56 5211.99 5287.16 5361.51 5401.02 5413.61 5459.85 5544.23 5646.13 5754.11 5874.15 6064.93 6272.51 6353.55 6307.92 6250.88 6185.04 6113.21 6031.78 5967.95 5931.27 5892.9 5843.67 5839.93 5817.61 5783.29 5751.57 5728.7 5713.4 5712.55 5718.6 5714.57 5707 5697.73 5688.16 5682.12
4602.55 4602.46 4603.77 4605.58 4607.26 4617.13 4629.35 4642.62 4654.03 4664.74 4674.59 4681.96 4686.54 4691.42 4695.76 4699.81 4702.87 4708.96 4723.92 4738.33 4748.28 4757.29 4763.08 4774.35 4786.32 4817.42 4865.09 4919.7 4964.31 5006.66 5059.76 5112.95 5171.71 5244.94 5326.87 5345.97 5334.95 5389.5 5473.1 5570.72 5677.59 5805.28 6009 6221.43 6346.83 6368.48 6323.08 6249.43 6177.25 6072.36 5999.74 5979.72 5967.82 5948.96 5908.4 5871.49 5825.17 5773.91 5748.55 5723.4 5722.6 5731.95 5720.93 5712.34 5703.15 5695.16 5689.49
4594.29 4594.3 4596.89 4599.27 4600.76 4607.28 4616.69 4627.85 4638.7 4647.41 4656.96 4664.58 4670.99 4677.54 4685.6 4694.76 4705.29 4716.49 4727.19 4732.02 4734.81 4740.5 4747.52 4769.94 4792.79 4807.08 4840.35 4884.76 4925.79 4972.04 5031.14 5077.25 5110.78 5161.37 5219.53 5243.44 5245.08 5319.72 5411.09 5510.13 5619.74 5753.39 5956.69 6170.15 6322.96 6366.86 6347.8 6286.68 6204.12 6104.86 6048.5 6031.99 6031.33 6018.79 5975.22 5938.41 5897.42 5843.36 5788.03 5737.73 5728.56 5731.86 5723.97 5717.13 5709.98 5705.26 5705.3
4588.11 4589.83 4593.07 4596.64 4597.09 4601.1 4607.89 4616.76 4625.9 4634.4 4642.58 4650.9 4658.34 4666.5 4675.78 4689.49 4707.67 4735.9 4738.01 4725.37 4720 4721.95 4727.88 4750.15 4786.46 4794.32 4827.04 4873.55 4919.05 4969.71 5031.45 5069.72 5079.46 5111.22 5147.91 5177.66 5203.9 5273.44 5362.88 5463.11 5576.16 5713.2 5909.15 6111.77 6266.88 6336.1 6343.22 6309.08 6243.3 6158.32 6101.71 6074.95 6060.46 6044.47 6021.95 6001.28 5980.88 5923.11 5835.94 5772.42 5752.99 5738.79 5727.5 5723.89 5718.84 5716.13 5716.2
4586.11 4586.08 4589.77 4594.22 4595 4596.71 4600.7 4607.41 4614.68 4622.41 4628.96 4637.21 4645.44 4653.28 4663.7 4676.37 4693.36 4720.49 4718.55 4704.24 4699.34 4700.16 4701.9 4709.39 4721 4765.87 4815.56 4878.15 4945.14 5012.82 5065.44 5098.22 5119.18 5126.52 5136.76 5156.58 5188.86 5247.72 5328.66 5425.42 5543.09 5687.27 5866.21 6050.66 6216.37 6297.34 6332.31 6326.46 6297.3 6219.19 6150.21 6103.59 6079.68 6060.06 6047.8 6042.91 6035.6 5970.55 5867.57 5781.54 5761 5742.45 5730.69 5730.14 5727.53 5726.67 5727.52
4584.69 4586.29 4590.71 4594.72 4592.88 4592.28 4596.32 4600.93 4605.48 4611.56 4616.6 4622.5 4629.2 4636 4644.92 4652.92 4658.65 4661.85 4662.08 4668.61 4673.23 4677.64 4679.87 4686.72 4708.92 4747.32 4805.46 4883.58 4975.36 5067.61 5100.72 5130.59 5164.16 5155.37 5137.98 5156.86 5183.02 5229.11 5298.03 5386.73 5497.98 5636.6 5792.81 5965.23 6126.16 6240.31 6304.23 6324.67 6321.89 6284.07 6198.28 6114.99 6043.93 6041.54 6055.78 6064.73 6046.13 5985.55 5888.92 5795.01 5745.66 5735.76 5731.27 5735.8 5735.86 5736.64 5738.19
4584.29 4586.01 4589.96 4594.44 4593.1 4591.36 4593.4 4596.43 4600.78 4605.92 4610.2 4614.48 4620.04 4623.85 4626.93 4629.55 4627.01 4621.36 4622.01 4637.08 4648.7 4658.3 4667.6 4678.68 4702.57 4731.03 4793.6 4875.57 4967.76 5056.71 5093.06 5128.24 5176.12 5175.05 5172.24 5167.52 5177.11 5208.54 5266.22 5340.87 5434.19 5554.13 5700.52 5864.81 6034.33 6159.01 6263.85 6289.57 6309.12 6306.04 6226.22 6125.9 6033.87 6036.59 6060.99 6081.38 6088.03 6002.77 5907.69 5825.66 5751.7 5737.33 5735.97 5741.92 5743.57 5745.46 5747.65
4584.68 4585.4 4588.02 4594.22 4594.13 4592.72 4591.4 4593.4 4595.56 4599.65 4602.52 4606.68 4609.47 4611.89 4613.49 4611.49 4608.98 4604.44 4607.64 4618.46 4630.71 4643.58 4658.05 4675.55 4699.73 4723.91 4782.8 4855.58 4929.65 4994.85 5039.04 5077.94 5126.13 5165.6 5180.92 5175.87 5170.47 5187.33 5238.24 5295.61 5366.44 5470.33 5605.69 5753.77 5899.13 6026.66 6127.98 6210.7 6270.24 6294.68 6244.42 6146.3 6060.11 6050.22 6066.92 6083.52 6075.34 5988.99 5883.59 5809.44 5766.67 5749.92 5744.99 5749.24 5750.66 5752.89 5754.93
4585.84 4586.65 4588.69 4593.64 4593.6 4590.57 4589.51 4589.91 4591.59 4593.91 4595.43 4597.68 4599.02 4599.93 4600.32 4599.02 4596.83 4596.08 4599.83 4607.13 4617.96 4632.71 4651.17 4672.28 4697.52 4725.16 4778.53 4834.24 4885.53 4928.26 4967.54 5000.48 5050.06 5141.12 5183.06 5178.44 5179.41 5192.56 5223.34 5257.33 5301.52 5389.89 5512.94 5645.72 5775.34 5894.09 5996.43 6121.68 6240.23 6300.28 6267.81 6171.48 6086.62 6066.88 6070.37 6075.86 6053.35 5962.2 5854.94 5800.34 5787.67 5769.21 5762.27 5759.09 5758.85 5760.68 5763.46
4588.02 4589.63 4592.37 4594.35 4593.76 4591.02 4588.81 4587.63 4587.79 4588.41 4589.13 4589.61 4589.76 4589.86 4590.48 4588.98 4588.09 4587.53 4590.52 4596.62 4606.93 4622.32 4646.27 4677.13 4710.74 4750.82 4784.1 4818.31 4849.51 4873.03 4900.13 4931.64 4989.01 5075.53 5137.99 5168.27 5189.33 5210.01 5219.56 5232.07 5256.5 5326.12 5427.41 5542.08 5666.64 5785.17 5890.71 6041.62 6220.34 6330.9 6307.02 6198.01 6106.53 6081.26 6067.91 6058.15 6031.08 5941.12 5849.2 5810.7 5803.49 5786.69 5776.15 5769.63 5767.05 5767.1 5768.18
4590.42 4592.95 4594.94 4596.77 4595.59 4591.57 4587.88 4585.38 4584.6 4583.69 4583.35 4583.17 4582.53 4583.52 4582.8 4581.56 4580.15 4579.23 4580.59 4585.98 4594.91 4608.68 4632.42 4682.35 4736.42 4771.41 4787.53 4806.26 4825.18 4842.74 4857.92 4887.44 4952.56 5039.53 5107.69 5153.32 5187.61 5218.54 5213.64 5214.44 5234.15 5280.39 5353.18 5447.52 5576.9 5706.06 5821.81 5971.01 6149.21 6305.45 6335.68 6233.1 6143.26 6103.74 6062.65 6021.27 5979.67 5929.67 5867.38 5835.78 5819.21 5801.45 5788.86 5779.64 5774.04 5770.82 5770.74
4593.16 4596.01 4599.37 4599.6 4595.81 4591.3 4586.77 4583.15 4581.67 4580.31 4580.16 4579.1 4579.24 4578.1 4576.45 4575.05 4573.73 4573.09 4574.27 4577.62 4583.11 4591.56 4604.94 4634.45 4731.98 4769.29 4779.99 4794.33 4809.39 4823.8 4839.2 4866.56 4941.31 5040.56 5096.4 5136.71 5169.98 5195.26 5192.27 5188.56 5201.05 5234.93 5292.23 5378.04 5505.67 5646.04 5763.41 5900.24 6064.63 6228.46 6309.88 6283.43 6215.23 6135.48 6060.69 5994.57 5957.04 5939.84 5916.72 5874.25 5839.57 5816.2 5801.5 5789.93 5780.84 5772.51 5765.69
4595.22 4598.13 4601.79 4601.68 4595.77 4589.34 4583.77 4580.4 4578.85 4577.64 4577.3 4576.04 4575.18 4573.87 4571.91 4569.72 4568.36 4568.01 4569.91 4571.42 4572.99 4577.66 4587.21 4617.34 4692.55 4738.96 4761.37 4781.39 4799.35 4815.13 4831.46 4860.97 4941.13 5034.86 5082.94 5115.8 5142.1 5158.33 5160.51 5155.94 5159.32 5188.5 5236.68 5312.58 5440.77 5593.01 5709.07 5829.48 5988.01 6129.77 6224.49 6294.88 6252.87 6156.51 6059.08 5976.48 5950.43 5961.53 5968.93 5924.29 5864.6 5836.78 5820.18 5804.6 5790.06 5775.73 5761.46
4596.56 4598.17 4600.28 4600.29 4594.64 4586.2 4579.54 4576.75 4576.03 4575.27 4575.66 4574.39 4572.53 4570.1 4567.57 4565.11 4563.45 4562.77 4563.8 4564 4564.56 4568.78 4578.28 4601.45 4645.42 4698.51 4738.69 4768.86 4794.91 4818.16 4838.39 4861.72 4941.08 5028.04 5060.23 5087.62 5111.79 5127.85 5133.4 5130.53 5131.62 5150.68 5186.12 5245.92 5376.76 5549.56 5667.03 5778.44 5934.33 6065.45 6168.88 6281.74 6255.08 6159.46 6053.58 5965.47 5950.54 5975.55 6002.39 5986.69 5916.41 5868.17 5841.89 5820.63 5800.41 5780.23 5760.08
4597.54 4596.62 4595.09 4592.58 4591.26 4582.87 4575.37 4574.16 4574.55 4574.38 4573.46 4571.81 4569.34 4567.66 4564.81 4562.37 4560.07 4558.23 4556.45 4555.52 4557.57 4562.91 4572.52 4587.05 4612.75 4668.59 4718.14 4757.42 4793.1 4826.94 4857.09 4873.89 4929.32 4987.1 5021.32 5050.76 5078.65 5103.26 5114.71 5112.14 5111.6 5122.22 5148.52 5201.03 5328.98 5506.24 5641.98 5740.2 5919.92 6037.79 6151.82 6264.73 6243.54 6152.55 6046.69 5959.43 5954.63 5978.67 6009.27 6017.05 5945.83 5895.96 5867.01 5840.49 5814.24 5788.79 5764.28
4600.01 4596.61 4591.49 4586.75 4588.28 4581.08 4573.7 4575.38 4576.87 4576.66 4576.81 4575.75 4573.4 4572.16 4568.69 4564.91 4560.86 4555.51 4551.89 4550.23 4553.4 4559.28 4567.21 4575.86 4596.03 4647.69 4699.76 4746.55 4788.15 4830.18 4872.24 4887.86 4903.53 4935.09 4971.58 5006.33 5040.26 5073.23 5094.18 5095.06 5093.79 5099.84 5122.72 5175.71 5303.18 5504.69 5660.41 5752.99 5873.88 6018.61 6147.64 6278.73 6231.25 6143.69 6044.11 5960.1 5969.99 6002.29 6040.19 6046.8 5980.71 5931.07 5897.69 5863.89 5830.68 5800.21 5776.37
4605.56 4600.35 4592.27 4583.2 4581.52 4581.35 4581.07 4581.6 4582.62 4582.9 4583.53 4582.37 4579.72 4576.35 4572.06 4566.99 4562.05 4556.85 4552.36 4550.44 4552.96 4558.21 4564.57 4572.3 4594.41 4640.76 4690.27 4735.94 4775.13 4815.88 4858.67 4869.33 4859.57 4878.85 4917.33 4956.27 4994.57 5030.98 5059.82 5073.13 5072.89 5076.81 5101.65 5157.05 5280.95 5494.42 5677.61 5784.22 5878.17 6007.52 6133.21 6226.19 6202.75 6135.14 6055.3 5994.93 5997.32 6025.7 6061.56 6066.86 6026.34 5979.26 5933.66 5891.09 5849.29 5809.89 5781.68
4616.19 4610.47 4601.52 4589.34 4588.05 4590.03 4590.79 4591.58 4592.29 4592.33 4591.09 4589.08 4585.63 4581.6 4576.63 4571.08 4564.46 4559.43 4555.29 4554.24 4555.58 4559.73 4564.82 4572.33 4596.89 4645.35 4695.98 4723.21 4750.71 4780.62 4809.25 4813.6 4800.91 4823.25 4865.33 4907.64 4945 4979.11 5002.76 5014.6 5030.35 5048.55 5081 5139.71 5254 5443.9 5632.43 5776.88 5882.29 5988.18 6098.09 6166.42 6174.28 6130.46 6071.74 6034.1 6025.97 6038.43 6058.67 6069.34 6054.04 6017.91 5970.83 5921.54 5870.61 5819.81 5775.01
4628.56 4624.89 4619.47 4614.9 4612.27 4611.32 4607.97 4605.97 4605.09 4603.35 4600.6 4597.29 4592.68 4587.59 4581.43 4575.62 4568.87 4563.77 4559.27 4557.52 4559.06 4563.23 4567.44 4573.5 4596.2 4638.37 4678.57 4699.22 4716.57 4733.21 4746.86 4750.91 4749.71 4778.8 4821.74 4863.53 4899.57 4930.27 4953.7 4958.64 4989.33 5022.45 5061.61 5118.61 5216.99 5384.58 5561.28 5732.96 5834.35 5946.08 6060.32 6149.77 6167.25 6139.22 6085.48 6058.37 6064.48 6057.59 6075.72 6090.87 6089.32 6060.04 6009.42 5956.15 5899.64 5840.82 5783.09
4643.39 4642.75 4641.44 4640.07 4643.65 4644.61 4632.88 4626.27 4620.98 4617.07 4612.75 4607.94 4602.01 4595.67 4588.66 4581.53 4574.91 4568.7 4563.86 4561.6 4563.28 4567.45 4572.01 4576.75 4592.62 4620.21 4649.35 4665.94 4677.77 4684.76 4685.96 4697.04 4713.28 4747.96 4788.45 4828.75 4863.26 4893.06 4916.06 4943.12 4978.3 5010.36 5048.93 5100.25 5183.75 5345.39 5530.36 5676.08 5776.8 5893.18 6003.38 6141.23 6181.54 6175.85 6135.38 6128.65 6147.38 6147.35 6153.14 6145.37 6127.51 6095.39 6052.52 5998.87 5940.61 5880.18 5825.41
4661.02 4663.21 4665.28 4667.98 4670.08 4664.07 4653.91 4645.23 4637.6 4633.09 4627.64 4620.94 4613.45 4605.04 4597.29 4588.65 4580.69 4573.33 4567.74 4564.74 4566.17 4570.79 4571.62 4570.41 4581.56 4599.62 4615.48 4632.15 4643.46 4647.8 4650 4674.48 4697.89 4729.25 4767.14 4805.59 4838.95 4873.41 4904.72 4957.5 4984.21 5012.01 5048.45 5097.21 5171.39 5325.34 5511.72 5626.63 5738.28 5852.29 5969.2 6133.16 6202.86 6243.66 6256.43 6263.91 6270.92 6263.32 6225.19 6209.77 6183.01 6147.89 6104.29 6053.16 5992.55 5926.08 5864.49
