real_craters/C121-300m.grd
DSAA
249 249
-37.1525 37.1525
-37.1525 37.1525
4550.2291859127 6631.9359938782
[rows 150 to 179 of 249, columns 67 to 133 of 249]
5714.62 5700.84 5693.88 5694.02 5696.12 5699.38 5703.76 5708.36 5713.58 5717.15 5718.34 5712.39 5702.31 5702.91 5703.68 5705.6 5710.17 5716.77 5725.86 5735.84 5744.7 5752.76 5760.13 5767.26 5784.86 5813.11 5846.03 5885.08 5926.98 5963.32 6005.4 6065.95 6124.62 6164.17 6132.9 6018.46 5878.47 5756.92 5684.04 5618.6 5550.92 5477.36 5393.82 5316.02 5237.43 5150.08 5064.19 4977.09 4892.46 4814.66 4762.07 4735.72 4705 4661.88 4619.63 4628.49 4637.99 4653.23 4686.92 4725.04 4758.76 4784.59 4803.87 4820.66 4834.19 4847.37 4859.92
5716.07 5699.3 5692.98 5694.57 5696.84 5699.45 5702.57 5705.91 5709.47 5711.89 5713.15 5713.57 5709.88 5708.14 5705.03 5702.64 5706.45 5713.9 5724.95 5735.99 5745.79 5754.96 5766.87 5770.41 5780.9 5801.26 5829.15 5861.62 5897.69 5931.36 5965.78 6023.61 6081.22 6120.29 6105.85 6033.2 5932.87 5835.65 5794.58 5750.16 5701.83 5643.98 5572.33 5492.49 5403.92 5306.84 5210.62 5115.98 5030.66 4958.23 4905.7 4867.47 4830.24 4786.61 4743.91 4716.49 4710.31 4712.46 4752.49 4796.32 4832.26 4857.66 4871.05 4875.96 4907.13 4939.72 4966.37
5717.93 5702.38 5696.42 5697.61 5699.17 5700.37 5702.15 5704.32 5706.52 5708.69 5711.63 5722.29 5726.24 5717.06 5709.98 5703.49 5706.26 5714.72 5725.68 5737.02 5746.46 5752.89 5758.98 5760.93 5776.84 5798.38 5818.17 5844.81 5874.64 5905.99 5931.04 5978.74 6031.78 6066.15 6072.63 6046.55 5997.94 5947.43 5914.68 5879.76 5849.12 5814.02 5760.55 5675.59 5573.98 5468.53 5366.72 5269.89 5182.09 5108.78 5065.72 5027.87 4990.53 4951.39 4906.26 4860.93 4833.49 4821.24 4857.35 4901.01 4938.71 4964.14 4978.31 4987.89 5022.63 5063.98 5101.15
5719.16 5706.82 5706.29 5704.82 5702.91 5702.03 5702.29 5703.42 5705.28 5707.8 5711.71 5722.76 5727.34 5722.99 5717.88 5714.87 5714.3 5718.57 5727.65 5736.84 5743.57 5747.71 5749.79 5753.07 5767.61 5785.76 5803.52 5825.24 5850.37 5877.98 5890.83 5934.26 5990.08 6034.3 6057.15 6060.87 6053.72 6060.79 6015.88 5986.9 5973.74 5968.66 5944.37 5845.06 5730.54 5625.49 5525.25 5429.55 5347.69 5280.65 5242.31 5209.15 5171.42 5129.17 5081.02 5033.63 4997.19 4980.87 5002.41 5040.03 5075.35 5101.33 5121.53 5142.35 5174.08 5217.27 5258.8
5720.6 5716.5 5717.59 5710.96 5705.67 5703.18 5702.35 5702.81 5704.81 5708.17 5713.7 5722.35 5726.66 5726.04 5724.06 5721.83 5719.23 5722.47 5730.06 5736.84 5743.11 5742.79 5743.66 5746.79 5758.32 5772.22 5785.64 5800.98 5822 5844.05 5851.79 5894.64 5958.5 6010.59 6045.64 6065.47 6076.51 6067.39 6065.96 6053.3 6051.21 6070.44 6076.06 5962.41 5854.7 5765.28 5682.47 5595.19 5524.36 5457.63 5425.34 5406.4 5371.22 5313.14 5261.09 5216.59 5181.8 5160.54 5175.13 5208.77 5239.2 5263.7 5284.05 5304.81 5338.27 5387.5 5434.1
5718.83 5716.44 5715.12 5710.34 5705.96 5702.91 5701.65 5701.89 5703.99 5708.86 5714.88 5721.17 5726.28 5727.7 5727.64 5726.8 5720.56 5725.3 5731 5734.5 5736.35 5736.49 5734.73 5737.07 5748.54 5759.18 5769.03 5781.11 5795.78 5802.93 5814.65 5858.4 5934.99 6001.73 6030.75 6054.46 6080.5 6113.02 6106.27 6074.42 6058.69 6062.55 6058.39 5992.65 5927.15 5877.92 5839.46 5789.54 5725.18 5672.28 5650.68 5631.8 5592.22 5535.31 5459.43 5409.65 5383.67 5364.67 5375.12 5400.81 5420.6 5440.86 5462.22 5485.27 5519.76 5576.16 5621.4
5715.47 5708.67 5705.83 5705.86 5704.12 5702.21 5700.54 5700.64 5702.61 5708.71 5719.12 5723.12 5730.53 5729.17 5725.38 5722.98 5720.59 5723.08 5727.24 5731.34 5734.35 5732.23 5730.17 5734.88 5742.42 5748.66 5753.86 5760.56 5775.73 5794.53 5788.64 5819.53 5892.39 5966.69 5990.06 6018.46 6051.57 6086.55 6084.77 6047.46 6014.71 5980.34 5963.15 5963.45 5950.91 5947.36 5968.35 5975.44 5906.58 5867.01 5870.2 5849.37 5811.77 5756.9 5663.08 5612.14 5596.52 5594.39 5598.96 5601.55 5605.5 5618.22 5644.23 5686.05 5733.09 5771.86 5809
5714.2 5706.64 5702.6 5704.23 5703.11 5701.49 5699.35 5698.7 5699.95 5705.44 5727.1 5751.14 5743.15 5731.14 5719.02 5713.82 5716.63 5719.54 5725.59 5728.98 5728.73 5727.74 5728.34 5735.74 5740.79 5741.42 5742.17 5742.75 5753.58 5764.56 5763.54 5777.5 5814.8 5866.42 5919.33 5959.69 5991.99 6017.19 6017.52 5987.91 5955.08 5916.67 5905.96 5927.93 5942.04 5957.43 5987.32 6013.61 6003.52 5999.42 6001.85 6004.01 5994.15 5968.55 5858.35 5809.44 5795.77 5805.79 5811.28 5787.91 5768.68 5769.76 5798.55 5862.14 5938.42 5931.91 5951.68
5714.31 5713.29 5710.7 5706.91 5703.55 5701.02 5698.4 5697.37 5698.37 5704.92 5736.46 5768.2 5751.18 5731.61 5714.42 5709.2 5715.42 5724.01 5728.49 5730.75 5727.84 5726.12 5727.79 5732.34 5734.78 5735.66 5735.54 5735.74 5742.34 5748.45 5747.93 5750.75 5758.34 5793.31 5855.98 5898.31 5923.18 5929.02 5917.27 5919.04 5905.69 5885.18 5884.27 5903.01 5918.81 5928.58 5929.08 5940.72 5958.87 5982.75 6010.66 6036.4 6088.22 6129.03 6061.68 5972.98 5945.07 5968.12 5989.93 5929.39 5885.15 5873.84 5893.86 5942.22 5992.75 5990.02 5997.24
5710.24 5717.63 5716.8 5708.89 5703.41 5700.31 5697.99 5697.14 5698.65 5707.34 5736.55 5757.3 5747.52 5728.65 5711.43 5707.84 5715.62 5729.72 5739.54 5737.79 5732.88 5728.12 5726.12 5729.18 5732.29 5733.01 5733.63 5736.52 5743.73 5746.97 5743.69 5743.26 5753.02 5780.19 5820.19 5852.26 5869.13 5867.53 5853.63 5870.65 5873.34 5868.33 5872.41 5885.7 5896.01 5899.42 5893.43 5899.39 5910.69 5931.54 5944.01 5969.61 6047.55 6097.12 6082.13 6027.6 6005.66 6022.81 6038.24 5979.32 5939.59 5924.66 5930.62 5948.91 5961.49 5969.35 5971.76
5702.67 5709.92 5711.38 5706.56 5702.2 5699.5 5697.65 5697.12 5699.38 5709.15 5734.93 5748.37 5739.76 5723.79 5709.52 5708.11 5714.65 5723.41 5745.1 5746.38 5738.64 5729.91 5725.83 5732 5733.75 5733.37 5733.44 5736.27 5741.53 5745.17 5749.23 5752.69 5765.81 5783.02 5805.84 5825.45 5837.38 5840.27 5843.08 5851.09 5857.58 5862.33 5865.63 5874.13 5880.02 5881.95 5882.74 5887.83 5897.63 5905.08 5908.73 5920.2 5946.51 5964.74 5972.95 5989.49 5989.55 5986.81 5964.55 5955.08 5942.02 5932.5 5930.93 5933.16 5934.99 5935.46 5933.49
5694.93 5698.78 5701.8 5701.37 5699.76 5698.3 5697.29 5697.54 5700.07 5709.3 5734.23 5742.17 5731.96 5719.09 5709.2 5711.57 5718.65 5725.26 5757.64 5756.67 5748.3 5741.21 5740.92 5748.03 5742.89 5735.04 5732.89 5733.16 5735.19 5746.42 5763.99 5783.92 5786.76 5790.14 5800.42 5811.25 5820.15 5827.01 5837.22 5843.36 5850.94 5854.23 5861.61 5864.58 5867.34 5870.63 5875.53 5880.63 5889.54 5890.18 5893.52 5899.99 5900.43 5903.75 5917.49 5938.62 5947.83 5944.62 5929.87 5925.51 5921.77 5916.47 5912.14 5906.62 5899.29 5896.91 5899.82
5687.8 5690.38 5694.48 5696.33 5697.11 5697.18 5697.37 5698.3 5701.29 5708.93 5721.43 5727.95 5723.59 5715.46 5711.35 5719.69 5732.05 5743.08 5761.61 5767.16 5757.5 5748.94 5751.24 5763.13 5743.37 5734.9 5733.78 5733.39 5732.89 5752.41 5776.45 5799.64 5797.77 5795.5 5798.82 5803.76 5809.62 5815.18 5820.32 5833.52 5851.85 5865.22 5860.62 5857.9 5857.71 5859.77 5863.98 5867.92 5870.48 5874.74 5877.7 5880.56 5879.56 5880.2 5888.7 5901.03 5908.55 5907.76 5901.94 5897.03 5893.37 5889.62 5884.45 5876.37 5867.23 5864.44 5870.86
5683.97 5688.04 5690.46 5692.8 5694.76 5695.88 5697.28 5699.39 5703.03 5708.9 5716.91 5719.83 5717.96 5714.09 5715.91 5731.26 5751.76 5774.11 5791.11 5779.4 5763.17 5749.8 5751.14 5755.79 5740.23 5735.71 5738.62 5742.29 5747.74 5764.9 5783.48 5798.71 5798.98 5797.86 5798.91 5800.68 5803.26 5806.37 5810.84 5823.23 5841.45 5855.1 5852.39 5849.05 5848.19 5847.96 5848.43 5855.61 5860.59 5859.88 5859.98 5860.67 5865.51 5857.22 5861.2 5870.2 5875.11 5873.53 5868.82 5865.18 5862.02 5859 5855.89 5849.8 5844.13 5841.24 5846.36
5681.27 5684.82 5687.17 5689.85 5692.84 5695.36 5697.4 5700.28 5704.69 5709.86 5714.59 5717.19 5716.66 5715.43 5722.22 5742.51 5768.13 5795.8 5809.9 5782.36 5765.27 5754 5749.98 5744.06 5738.66 5738.99 5746.37 5757.37 5767.26 5778.59 5789.82 5798.79 5799.86 5798.5 5797.75 5797.34 5797.57 5799.77 5804.01 5811.41 5820.02 5830.02 5836.81 5840.07 5841.51 5841.49 5841.18 5844.12 5846.33 5846.84 5845.71 5844.82 5848.5 5844.59 5843.89 5846.06 5846.15 5843.66 5837.88 5834.31 5832.74 5831.17 5828.46 5824.64 5821.63 5819.7 5825.11
5676.03 5679.78 5683.18 5686.99 5690.88 5694.81 5697.78 5700.4 5703.94 5710.13 5714.2 5718.97 5719.79 5718.88 5728.14 5750.8 5775.65 5798.71 5802.07 5775.5 5761.61 5752.78 5748.64 5739.16 5736.22 5740.71 5752.57 5770.31 5787.3 5789.37 5794.92 5798.95 5800.58 5798.36 5795.97 5794.58 5793.94 5794.25 5793.74 5795.23 5801.65 5812.07 5823.76 5831.77 5836.67 5839.54 5840.35 5840 5838.19 5835.86 5834.12 5832.85 5835.19 5830.75 5829.92 5828.65 5824.12 5818.7 5811.33 5806.3 5807.92 5809.3 5807.38 5804.72 5802.66 5801.25 5803.85
5669.9 5673.84 5678.94 5684.25 5689.6 5694.8 5698.71 5701.01 5703.21 5712.69 5724.19 5724.16 5727.37 5730.7 5739.83 5756.74 5775.22 5792.67 5803.64 5763.6 5753.6 5747.22 5740.55 5735.72 5734.58 5740.64 5753.31 5769.49 5785.17 5794.42 5796.72 5797.35 5798.91 5796.18 5794.07 5791.81 5790.89 5790.42 5788.02 5787.54 5791.57 5802.64 5816.01 5826.24 5832.64 5835.25 5833.92 5831.23 5828.01 5825.34 5823.61 5823.39 5824.87 5819.25 5815.99 5811.85 5807.81 5801.74 5793.46 5788.09 5789.6 5790.75 5789.75 5788.08 5785.66 5782.35 5785.56
5662.44 5667.49 5674.58 5681.88 5688.92 5695.86 5701.33 5704.51 5704.03 5709.97 5717.39 5725.18 5735.22 5747.25 5752.91 5759.04 5767.42 5774.61 5772.46 5751.78 5743.11 5740.01 5733.41 5730.34 5729.82 5734.71 5751.99 5767.27 5783.86 5795.82 5795.09 5791.92 5793.66 5792.34 5789.93 5788.43 5788.14 5788.87 5788.39 5787.02 5790.95 5801.37 5813.45 5823.87 5831.28 5831.41 5826.57 5817.46 5816.64 5815.21 5813.15 5810.64 5808.26 5805.72 5802.43 5798.76 5793.56 5788.1 5783.59 5779.53 5779.26 5777.88 5775.95 5773.95 5772.19 5771.73 5774.04
5655.36 5662.1 5670.55 5679.55 5688.06 5697.38 5705.84 5712.2 5713.48 5708.23 5710.39 5720.65 5736.35 5754.28 5755.82 5754.16 5754.05 5751.97 5743.69 5734 5728.32 5726.7 5726.81 5723.81 5729.74 5741.24 5753.46 5768.42 5782.88 5792.16 5790.67 5786.76 5787.23 5785.98 5784.69 5784.42 5785.9 5788.58 5793.2 5799.16 5802.12 5806.1 5813.58 5822.94 5833.57 5841.93 5829.96 5813.9 5810 5806.85 5803.48 5800.49 5797.28 5791.75 5788.56 5785.67 5781.65 5779.41 5777.16 5776.57 5772.82 5768.74 5765.25 5762.01 5760.97 5761.4 5762.81
5650.51 5657.87 5667.19 5677.38 5687.35 5698.22 5709.37 5719.02 5719.25 5701.5 5699.74 5711.08 5726.49 5743.18 5744.48 5741.9 5738.83 5732.67 5721.99 5715.1 5712.97 5713.27 5720.28 5722.08 5728.96 5740.47 5753.14 5766.92 5779.19 5784.34 5785.13 5781.41 5778.37 5776.42 5775.78 5776.94 5780.66 5785.25 5795.36 5808.54 5811.25 5808.37 5811.31 5818.42 5828.46 5839.26 5830.96 5816.31 5807 5799.87 5793.92 5789.42 5783.21 5778.32 5775.77 5774.08 5772.72 5771.16 5769.75 5768.69 5764.73 5759.76 5755.26 5751.47 5749.02 5746.76 5748.65
5645.95 5654.8 5664.51 5674.54 5685.33 5696.85 5709.1 5720.9 5718.83 5695.13 5692.09 5700.57 5708.9 5716.06 5724.94 5727.34 5725.09 5718.88 5709.89 5702.63 5703.45 5706.84 5713.7 5718.52 5724.13 5733.53 5750.72 5766.03 5779.31 5786.14 5778.48 5769.52 5764.91 5764.06 5765.31 5768.05 5772.5 5779.43 5788.97 5800.99 5801.45 5800.51 5803.42 5808.7 5813.51 5816.03 5818.83 5814.2 5802.16 5792.95 5784.59 5774.91 5768.94 5767.79 5766.04 5765.27 5763.91 5762.28 5760.87 5759.56 5755.98 5750.49 5745.44 5741.36 5738.69 5736.34 5738.21
5643.46 5652.8 5662.3 5672.21 5682.51 5692.73 5703.27 5713.6 5711.22 5690 5690.69 5696.2 5698.24 5700.84 5711.47 5716.53 5715.39 5710.54 5703.5 5698.84 5699.61 5702.79 5708.38 5712.63 5717.26 5724.19 5744.12 5774.86 5773.12 5775.41 5762.14 5751.13 5749.97 5751.29 5753.29 5756.9 5762.07 5768.29 5774.66 5780.07 5781.02 5785.74 5791.82 5797.35 5799.77 5799.72 5801.54 5799.28 5792.99 5785.36 5777.79 5769.63 5762.44 5760.16 5759.17 5757.21 5755.3 5753.45 5751.33 5749.35 5745.57 5740.56 5735.91 5731.91 5729.31 5727.53 5729.42
5642.4 5651.4 5660.49 5669.46 5678.08 5686.27 5693.47 5698.19 5699.32 5695.66 5698.52 5702.26 5701.81 5702.63 5710.16 5712.74 5710.54 5705.86 5700.2 5698.03 5696.74 5697.58 5701.11 5705.75 5710.53 5717.06 5728.69 5740.68 5750.67 5747.73 5740.61 5734.3 5736.36 5738.15 5740.63 5745.43 5750.6 5755.8 5759.52 5759.47 5761.49 5771.45 5781.22 5788.83 5792.61 5792.22 5790.37 5787.62 5783.31 5777.75 5772.68 5768.02 5759.69 5756.35 5753.73 5750.44 5747.62 5744.61 5741.54 5737.97 5733.9 5730.37 5726.74 5723.28 5720.81 5719.4 5719.89
5642.59 5651.54 5659.94 5667.78 5674.81 5680.64 5685.67 5689.81 5698.06 5707.31 5712.17 5717.37 5720.52 5719.76 5717.89 5714.84 5709.85 5703.36 5696.7 5691.75 5690.55 5689.98 5692.8 5698.74 5704.68 5711.1 5718.39 5726.41 5733.71 5734.5 5733.86 5730.42 5725.24 5722.77 5727.67 5734.51 5740.44 5745.43 5748.75 5749.36 5750.67 5762.39 5773.86 5783.79 5790.89 5790.34 5783.72 5779.44 5775.27 5770.63 5765.99 5763.03 5759.86 5755.29 5749.16 5743.99 5740.06 5736.35 5732.17 5728 5723.96 5720.47 5717.11 5714.65 5713.12 5712.32 5712.93
5645.6 5653.92 5661.48 5667.13 5672.1 5676.5 5681.09 5687.7 5702.31 5715.61 5726.35 5734.45 5741.53 5738.11 5728.12 5718.94 5710.04 5701.78 5693.59 5687.12 5684.54 5682.9 5685.4 5692.35 5700.19 5706.95 5712.93 5720.25 5725.13 5727.73 5732.63 5730.42 5718.09 5711.05 5717.76 5726.18 5732.56 5738.22 5742.51 5746.23 5750.08 5758.71 5769.29 5780.26 5788.69 5787.35 5778.56 5774.25 5769.63 5764 5757.41 5753.21 5752.57 5749.02 5743.05 5737.82 5733.78 5728.79 5723.5 5718.96 5715.23 5710.53 5707.52 5706.35 5706.22 5707.37 5709.79
5654.26 5660.42 5664.81 5667.38 5670.15 5673.21 5678.24 5688.95 5711.59 5729.91 5738.21 5746.94 5752.05 5747.11 5734.4 5721.39 5709.55 5699.1 5690.26 5685.36 5680.04 5675.75 5679.57 5688.78 5698.44 5705.48 5711.72 5718.52 5719.6 5721.01 5726.16 5725.64 5715.33 5707.52 5714.22 5722.13 5728.24 5733.64 5738.42 5742.17 5746.65 5755.78 5766.03 5776.59 5785.16 5783.24 5775.9 5772.13 5767.04 5759.67 5750.91 5745.07 5741.3 5737.16 5735.68 5732.5 5728 5721.97 5714.95 5708.3 5702.78 5698.51 5697.4 5697.91 5699.21 5701.97 5704.77
5658.69 5667.46 5667.25 5667.15 5668.39 5670.69 5675.09 5686.03 5714.48 5733.73 5741.88 5752.35 5763 5751.18 5735.41 5720.26 5706.6 5694.15 5683.87 5675.8 5662.06 5665.38 5677.25 5693.09 5697.83 5703.41 5712.68 5714.91 5711.87 5712.45 5720.28 5720.75 5715.61 5715.58 5717.2 5720.72 5725.89 5731.38 5736.68 5741.66 5746.34 5753.22 5763.12 5772.61 5779.38 5781.05 5777.79 5774.18 5768.23 5759.56 5747.7 5741.54 5737.19 5731.23 5731.98 5729.3 5723.91 5716.34 5707.3 5697.37 5687.37 5685.48 5687.91 5690.23 5692.02 5693.59 5696.76
5652.98 5662.45 5664.43 5664.7 5666.03 5668.65 5672.91 5682.93 5705.99 5723.5 5734.38 5744.03 5750.47 5743.46 5729.95 5715.36 5700.98 5687.18 5673.72 5660.6 5647.9 5653.71 5669.81 5688.1 5691.79 5695.03 5697.93 5699.01 5699.43 5699.7 5702.24 5708.13 5710.67 5715.25 5716.52 5719.29 5724.5 5730.21 5735.71 5740.16 5741.87 5750.57 5762.15 5771.94 5777.92 5782.01 5783.13 5780.05 5773.63 5764.58 5751.72 5745.53 5741.71 5737.3 5735.24 5729.79 5722.1 5712.93 5702.5 5691.07 5679.88 5677.91 5681.58 5684.8 5686.86 5687.65 5691.07
5644.48 5652.21 5657.73 5660.33 5663.17 5666.95 5672.44 5680.5 5690.54 5708.14 5721.57 5728.49 5729.41 5728.63 5720.36 5707.99 5693.86 5679.52 5664.68 5651.01 5641.8 5645.42 5657.87 5671.92 5678.36 5682.73 5685.1 5684.05 5686.27 5687.99 5689.42 5694.88 5700.73 5705.04 5710.1 5716.45 5722.84 5729.4 5735.38 5739.59 5742.5 5751.33 5764.62 5776.51 5785.28 5791.73 5792.65 5789.08 5781.08 5771.84 5765.81 5742.34 5737.25 5744.41 5740.77 5731.19 5721.27 5710.93 5700.24 5689.42 5680.08 5677.2 5679.49 5682.21 5684.64 5686.32 5685.03
5639.67 5645.5 5650.93 5655.48 5659.91 5665.14 5672.05 5679.13 5686.76 5699.63 5711.66 5718.59 5720 5718.03 5711.01 5700.31 5687.21 5672.79 5658.19 5644.92 5637.33 5638.23 5645.6 5653.06 5662.74 5670.03 5673.27 5672.05 5675.15 5678.04 5680.45 5685.8 5693.47 5699.1 5705.91 5714.41 5721.94 5729.39 5736.33 5741.17 5744.91 5753.84 5768.66 5785.98 5802.06 5812.77 5809.42 5799.63 5787.56 5773.3 5754.85 5726.62 5724.91 5740.67 5740.33 5730.8 5720.36 5709.76 5699.59 5690.31 5682.87 5679.52 5680.37 5681.86 5683.26 5684.16 5678.99
