real_craters/C121-500m.grd
DSAA
150 150
-37.1525 37.1525
-37.1525 37.1525
4550.7208511318 6606.7348427692
[rows 0 to 29 of 150, columns 0 to 66 of 150]
5669.42 5665.78 5658.11 5649.45 5641.69 5637.59 5635.49 5632.92 5630.39 5638.26 5634.28 5634.92 5634.51 5636.2 5637.82 5638.42 5639.59 5641.11 5644.08 5651.52 5662.54 5674.61 5684.1 5688.49 5685.36 5679.49 5674.3 5669.57 5668.91 5669.84 5671.27 5672.52 5675.57 5687.05 5696.37 5705.22 5714.23 5722.57 5726.84 5732.78 5748.77 5766.75 5782.34 5753.58 5737.42 5752.5 5775.53 5778.61 5769.2 5759.03 5755.13 5744.26 5732.85 5720.08 5726.4 5737.2 5748.09 5761.86 5779.77 5772.95 5752.48 5744.69 5745.33 5744.58 5736.08 5731.66 5732.65
5668 5663.45 5656.22 5648.46 5641.69 5635.87 5631.46 5630.69 5640.88 5636.07 5636.05 5636.71 5638.89 5640.77 5641.38 5641.55 5641.85 5642.27 5643.87 5649 5661.55 5675.94 5692.31 5696.16 5687.11 5680.17 5676.03 5673.93 5669.4 5669.06 5669.91 5671.76 5677.58 5687.13 5696.95 5707.21 5717.99 5728.19 5737.46 5736.19 5741.55 5757.44 5765 5758.11 5760.77 5767.03 5779.71 5776.64 5755.36 5739.58 5728.27 5715.74 5711.35 5709.46 5716.1 5730.03 5744.72 5759.93 5772.35 5772.65 5755.46 5740.8 5731.39 5724.88 5722.15 5722.9 5727.72
5666.03 5661.81 5654.56 5647.22 5639.92 5634.48 5629.31 5626.94 5627.27 5632.03 5635.07 5637.27 5644.61 5645.8 5646.02 5645.95 5645.47 5645.05 5645.43 5648.8 5660.19 5672.53 5683.79 5686.89 5682.39 5677.68 5672.67 5666.12 5667.59 5669.21 5671.07 5672.8 5680.5 5688.9 5697.67 5707.65 5718.77 5730.4 5738.62 5738.8 5739.48 5743.27 5743.52 5741.73 5736.76 5737.91 5749.34 5746.03 5730.52 5718.09 5710.44 5705.11 5705.73 5706.06 5712.26 5724.55 5737.76 5750.36 5761.48 5762.98 5744.67 5723.69 5711.76 5703.43 5707.99 5714.58 5724.37
5663.46 5658.26 5652.8 5646.36 5639.91 5635.36 5632.9 5627.32 5628.33 5632.39 5634.73 5635.84 5646.44 5649.2 5649.46 5650.08 5647.99 5648.01 5649.5 5652.24 5660.18 5667.44 5671.33 5671.82 5674.27 5673.27 5670.14 5666.05 5666.31 5669.89 5674.26 5678.21 5683.78 5690.47 5697.49 5706.08 5716.54 5729.49 5736.11 5737.69 5741.41 5734.16 5727.33 5721.46 5716.33 5716.21 5716.28 5712.17 5704.37 5699.25 5698.26 5699.93 5704.12 5707.9 5710.6 5719.42 5729.26 5738.64 5746.16 5749.4 5735.36 5712.84 5702.16 5694.65 5697.91 5708.23 5721.1
5662.31 5657.5 5652.07 5646.37 5641.02 5637.12 5631.49 5628.62 5630.44 5634.85 5633.93 5634.58 5646.32 5652 5651.36 5652.39 5651.54 5652.11 5653.95 5658.43 5662.18 5665.6 5666.65 5665.76 5670.65 5671.44 5668.37 5663.1 5664.12 5670.68 5678.42 5685.6 5689.37 5691.26 5695.38 5701.55 5711.96 5725.43 5729.06 5729.77 5732.81 5720.95 5710.29 5702.56 5693.06 5683.04 5683.63 5681.36 5681.81 5684.07 5688.23 5691.22 5699.92 5701.38 5706.59 5714.22 5722.54 5731.1 5739.44 5743.32 5738.3 5724.78 5705.39 5689 5692.96 5706.37 5718.74
5663.58 5657.12 5652.17 5646.49 5641.12 5637.14 5633.71 5630.59 5629.62 5634.72 5637.81 5641.45 5649.16 5652.78 5653.13 5653.37 5654.04 5654.96 5656.66 5659.08 5663.26 5667.74 5670.99 5672.29 5674.86 5673.46 5667.67 5662.67 5662.6 5671.27 5681.47 5690.79 5689.12 5691.55 5693.49 5695.08 5697.66 5712.11 5716.19 5714.4 5717.78 5706.72 5697.34 5688.95 5678.38 5667.81 5667 5665.26 5666.42 5673.04 5681.97 5688.42 5693.05 5696.98 5703.06 5710.43 5717.76 5723.82 5729.31 5734.29 5747.03 5742.97 5715.76 5694.95 5695.53 5710.84 5721.16
5662.45 5658.92 5652.82 5646.67 5640.72 5636.72 5637.36 5634.13 5635.14 5640.98 5644.81 5648.02 5656.76 5657.96 5653.53 5654.41 5656.48 5659.11 5661.08 5662.6 5667.6 5675.1 5680.27 5687.02 5684.3 5678.58 5671.8 5667.39 5665.36 5671.84 5680.85 5690.44 5692.33 5693.18 5694 5693.12 5694.82 5701.57 5706.81 5703.41 5702.95 5689.81 5688.27 5682.97 5674.95 5668.54 5667.09 5663.64 5661.67 5668.18 5677.69 5685.33 5690.97 5694.32 5700.89 5708.13 5715.73 5722.96 5730.81 5740.64 5750.3 5745.36 5723.32 5704.28 5702.39 5716.22 5753.98
5661.41 5657.74 5652.85 5647.46 5641.47 5635.68 5632.52 5634.79 5638.48 5644.37 5648.97 5662.65 5655.22 5637.03 5649.54 5655.19 5659.92 5664.03 5667.25 5670.4 5675.12 5680.46 5686.48 5693.8 5689.96 5683.03 5676.79 5670.53 5668.48 5672 5675.05 5680.29 5690.98 5695.96 5699.61 5698.33 5694.16 5706.52 5709.55 5701.91 5690.69 5690.03 5686.08 5683.23 5678.09 5672.2 5667.22 5662.62 5661.65 5665.79 5673.59 5681.29 5693.89 5694.33 5699.24 5707.04 5715.82 5725.68 5738.92 5749.72 5751.34 5743.77 5728.4 5713.89 5714.68 5737.69 5806.36
5658.22 5656.85 5654.02 5648.55 5642.72 5637.8 5634.28 5635.1 5638.44 5643.44 5649.37 5664.23 5658.55 5655.77 5654.17 5660.24 5666.85 5671.74 5675.49 5678.76 5682.92 5686.56 5689.6 5690.94 5690.09 5684.96 5679.97 5675.49 5671.47 5675.79 5676.45 5677.88 5689.16 5699.69 5710.45 5720.23 5728.12 5734.13 5719.96 5706.36 5692.31 5690.51 5688.25 5688.14 5686.71 5682.43 5670.14 5666.04 5662.75 5663.16 5667.48 5677.17 5684.71 5688.4 5697.48 5706.41 5716.34 5726.68 5736.5 5748.92 5750.74 5743.6 5733.45 5726.23 5733.02 5753.78 5742.67
5657.02 5657.98 5655.71 5650.66 5644.24 5638.87 5634.36 5635.31 5637.89 5641.99 5648.61 5652.38 5656.94 5659.26 5662.51 5669.16 5675.59 5679.89 5683.03 5685.96 5688.66 5689.95 5690.51 5691.88 5689.74 5685.13 5683.49 5683.64 5684.69 5683.9 5682.87 5679.36 5687.62 5703.69 5720.87 5738.28 5744.94 5734.87 5723.15 5714.45 5712.05 5699.44 5694.16 5696.34 5699.21 5700.26 5687.26 5675.55 5665.31 5662.2 5664.26 5674.89 5681.82 5686.91 5696.56 5706.86 5716.74 5725.7 5737.42 5750.03 5748.17 5742.48 5738.27 5736.93 5743.58 5754.22 5696.19
5658.05 5661.83 5659.37 5653.28 5645.53 5636.82 5635.01 5636.1 5638.15 5641.18 5643.12 5647.4 5650.27 5656.1 5667.53 5677.2 5684.72 5688.48 5691.2 5692.37 5692.15 5692.57 5691.82 5684.41 5678.69 5683.8 5686.85 5689.1 5693.38 5687.41 5683.49 5680.04 5690.15 5707.83 5725.25 5735.86 5729.94 5718.73 5716.06 5718.26 5724.61 5716.3 5702.22 5704.38 5709.5 5714.87 5703.39 5679.99 5664.97 5663.73 5667.71 5676.57 5683.04 5689.38 5698.91 5708.88 5718.62 5727.27 5734.39 5745.24 5743.63 5742.77 5743.68 5745.19 5747.17 5768.93 5748.72
5659.06 5661.17 5661.63 5656.31 5648.78 5640.92 5637.53 5637.45 5638.62 5640.25 5641.33 5644.76 5649.62 5657.64 5677.83 5689.92 5694.73 5697.91 5699.81 5700.73 5696.5 5700.59 5699.13 5689.8 5681.6 5689.32 5691.09 5690.17 5687.52 5682.83 5679.21 5679.28 5692.89 5711.5 5729.2 5738.81 5720.16 5705.72 5702.26 5698.96 5696.95 5703.9 5704.54 5707.81 5712.63 5716.96 5706.28 5680.08 5664.4 5666.23 5673.29 5679.97 5686.89 5694.25 5702.49 5711.58 5721.16 5729.95 5737.49 5743.37 5741.77 5744.24 5748.18 5753.86 5762.65 5778.79 5772.8
5660.5 5663.96 5665.92 5658.93 5651.66 5643.59 5639.59 5638.94 5638.79 5639.04 5640.22 5641.97 5647.35 5683.24 5703.49 5706.75 5706.91 5707.6 5709.11 5713.19 5719.13 5719.61 5713.9 5710.46 5711.71 5704.9 5698.34 5690.71 5682.1 5678.06 5679.34 5682.11 5695.83 5712.96 5729.65 5743.29 5721.88 5701.02 5690.79 5684.06 5680.28 5698.11 5704.8 5704.35 5707.25 5708.77 5700.18 5679.62 5667.42 5669.33 5674.99 5682.8 5691.66 5699.53 5705.75 5713.95 5723.26 5732.83 5740.17 5746.11 5747.72 5746.45 5749.04 5753.97 5758.75 5761.35 5760.68
5661.28 5665.12 5662.17 5659.12 5653.88 5646.73 5641.74 5640.01 5638.76 5638.58 5642.21 5651.62 5669.86 5714.12 5727.36 5719.54 5715.21 5713.97 5715.33 5720.26 5730.67 5730.33 5723.77 5725.22 5728.67 5717.84 5705.63 5694.2 5682.97 5677.84 5680.45 5687.75 5697.86 5711.72 5723.93 5731.47 5710.62 5693.37 5681.38 5673.36 5669.15 5678.56 5686.86 5694.16 5696.78 5697.97 5696.75 5681.65 5674.57 5674.51 5678.22 5686.58 5695.5 5700.62 5705.87 5714.39 5723.74 5732.89 5740.91 5747.63 5746.99 5746.09 5747.22 5750.58 5754.48 5749.85 5765.85
5659.52 5659.24 5660.77 5662.54 5657.39 5648.03 5644.45 5644.44 5645.14 5645.1 5657.88 5681.7 5709.8 5725.41 5726.9 5720.15 5714.89 5712.95 5713.65 5716.38 5718.75 5719.8 5721.14 5725.37 5727.94 5720.82 5709.84 5699.17 5689.28 5682.2 5681.46 5685.98 5696.9 5709.01 5717.27 5714.15 5696.56 5686.3 5676.87 5668.34 5666.54 5678.64 5686.71 5683.37 5684.95 5687.54 5692.51 5677.18 5677.94 5677.44 5678.31 5681.54 5684.32 5692.26 5702.43 5712.83 5722.94 5731.39 5740.91 5746.61 5742.89 5744.12 5746.54 5747.43 5749.75 5757.91 5774.76
5656.57 5661.37 5670.41 5672.65 5664.98 5657.42 5653.49 5657.71 5662.71 5668.99 5698.59 5713.89 5728.58 5726.24 5715.84 5712.86 5709.88 5707.73 5706.61 5706.68 5706.27 5706.71 5710.86 5716.15 5720.81 5717.28 5710.61 5703.95 5697.94 5689.26 5681.25 5684.14 5695.67 5707.51 5714.91 5709.41 5692.76 5684.81 5677.55 5668.18 5649.33 5677.83 5670.31 5672.68 5674.46 5675.17 5684.5 5673.49 5674.23 5674.45 5675.87 5678.35 5680.06 5687.59 5697.77 5710.43 5723.92 5735.43 5741.19 5746.68 5743.91 5745.2 5748.68 5749.23 5747.21 5761.87 5777.21
5655.68 5664.09 5673.61 5681.17 5685.65 5684.24 5676.76 5681.41 5689.42 5698.4 5716.34 5710.8 5722.33 5716.41 5706.09 5703.19 5702.17 5700.87 5699.1 5697.19 5694.08 5694.07 5698.66 5704.75 5708.57 5709.66 5709.14 5707.19 5705.55 5701.84 5686.01 5686.47 5697.47 5708.32 5715.96 5712.03 5695.28 5687.41 5683.81 5684.7 5691.52 5679.1 5667.81 5666.68 5670.35 5676.22 5688.69 5679.65 5673.22 5671.45 5672.52 5673.83 5673.64 5679.56 5692.3 5707.27 5721.68 5732.38 5739.3 5745.08 5746.02 5751.71 5757.17 5760.93 5765.15 5774.18 5780.44
5655.23 5666.27 5677.69 5684.81 5705.37 5713.13 5709 5708.11 5714.08 5727.92 5719.22 5706.95 5701.59 5696.95 5690.94 5692.7 5693.71 5693.19 5691.99 5688.7 5683.76 5679.77 5687.02 5695.57 5701.26 5704.71 5706.47 5706.7 5706.27 5702.95 5692.05 5693.55 5701.19 5708.88 5713.9 5708.46 5695.8 5688.66 5686.52 5690.13 5686.76 5670.1 5662.44 5662.29 5669.9 5680.82 5688.15 5681.22 5672.03 5669.48 5670.34 5669.26 5669.86 5673.37 5688.55 5704.65 5720.3 5729.88 5737.71 5741.74 5753.93 5763.6 5770.32 5776.2 5782.83 5789.86 5791.5
5655.62 5664.33 5670.44 5681.35 5699.01 5716.36 5717.03 5717.61 5720.91 5720.61 5704.82 5689.79 5684.97 5683.89 5683.03 5685.85 5688.69 5688.45 5686.43 5682.76 5678.9 5675.55 5681.89 5689.97 5696.23 5700.2 5703.31 5704.46 5703.58 5699.88 5703.14 5703.27 5705.3 5709.11 5710.95 5703.58 5692.86 5685.99 5681.61 5679.61 5674.24 5665.46 5658.4 5659.12 5671 5684.74 5694.61 5685.4 5673.11 5667.05 5674.34 5680.62 5678.05 5679.11 5689.22 5702.84 5718.79 5735.04 5741.34 5750.4 5765.76 5778.33 5783.79 5789.81 5797.19 5797.94 5808.73
5661 5666.88 5674.88 5685.55 5693.47 5715.04 5726.78 5728.34 5719.08 5706.34 5686.54 5670.62 5674.72 5681.75 5681.49 5686.69 5688.65 5686.92 5683.88 5680.69 5678.15 5678.91 5682.43 5688.33 5695.02 5700.03 5702.15 5702.13 5702.29 5704.12 5712.74 5708.7 5706.25 5706.26 5708 5700.92 5689.29 5680.54 5673.47 5664.68 5659.53 5660.87 5654.71 5657.07 5671.09 5687.73 5700.44 5686.36 5676.52 5672.23 5677.92 5685.99 5684.42 5685.56 5690.46 5699.9 5714.79 5733.74 5743.47 5756.48 5776.66 5791.58 5793.83 5796.72 5807.11 5807.17 5821.78
5664.01 5672.11 5685.16 5703.38 5719.67 5728.6 5733.81 5731.06 5713.84 5694.04 5675.72 5667.29 5675 5687.38 5694.89 5696.6 5691.7 5687.39 5683.22 5679.67 5677.92 5678.54 5681.59 5686.69 5694.48 5702.28 5701.07 5700.42 5701.1 5703.46 5708.14 5705.31 5700.55 5697.22 5694.04 5684.44 5678.5 5673.17 5666.99 5659.42 5654.97 5655.2 5654.62 5658.79 5670.02 5689.36 5702.7 5694.41 5682.19 5670.86 5674.86 5680.74 5684.33 5685.74 5689.65 5696.76 5708.88 5729.34 5744.19 5760.43 5781.8 5797.03 5800.56 5802.79 5818.06 5819.78 5828.13
5660.44 5675.34 5697.13 5722.25 5733.35 5734.06 5731.5 5724.37 5704.73 5683.96 5667.47 5666.06 5677.02 5685.46 5698.93 5699.8 5691.46 5685.93 5681.74 5678.26 5676.19 5675.9 5678.21 5683.63 5690.27 5694.76 5697.24 5698.06 5698.88 5700.86 5703.79 5696.79 5689.5 5683.44 5678.57 5671.86 5669.89 5667.15 5663.11 5659.56 5655 5652.05 5653.97 5662.74 5685.99 5705.13 5715.86 5712.46 5697.83 5682.35 5679.29 5686.14 5685.34 5685.96 5690.07 5696.65 5705.32 5724.09 5747.31 5768.5 5785.98 5799.49 5805.19 5815.21 5826.28 5836.59 5847.65
5656.77 5672.51 5695.04 5717.86 5724.26 5724.02 5719.91 5711.96 5692.88 5675.68 5664.47 5664.79 5675.66 5681.64 5685.8 5687.47 5685.93 5682.88 5679.55 5676.37 5673.84 5672.54 5673.49 5679.72 5685.99 5690.67 5693.79 5694.51 5694.29 5696.36 5693.47 5685.36 5676.86 5668.66 5664.48 5669.92 5666.68 5662.61 5659.21 5657.2 5653.45 5654.05 5660.02 5673.93 5713.62 5725.14 5734.01 5730.46 5716.29 5697.35 5683.43 5687.19 5688.03 5689.1 5693.01 5700.88 5706.48 5725.34 5750.53 5773.32 5790.97 5799.75 5805.69 5815.59 5855.54 5857.99 5878.45
5652.77 5666.73 5685.06 5703.37 5709.94 5706.45 5701.54 5692.83 5677.21 5668.03 5664.61 5666.56 5675.89 5671.29 5673.47 5677.53 5680.03 5679.61 5677.53 5674.48 5671.23 5669.03 5668.98 5675.76 5684.07 5690.66 5692.7 5690.25 5685.91 5684.05 5680.51 5673.09 5665.07 5657.09 5656.08 5666.74 5663.47 5658.46 5653.92 5652.04 5650.19 5653.1 5667.25 5685.78 5704.04 5722.52 5731.54 5729.37 5719.73 5718.14 5697.26 5692.07 5692.47 5692.44 5696.27 5706.43 5718.43 5746.05 5765.67 5787.4 5804.1 5813.45 5813.7 5811.13 5868.01 5862.77 5888
5657.14 5662.78 5674.45 5683.73 5686.22 5686.01 5682.21 5673.53 5660.82 5662.21 5669.91 5678.63 5676.39 5675.37 5674.81 5675.7 5678.13 5678.43 5676.42 5673.34 5669.81 5666.52 5665.58 5672.43 5682.55 5692.12 5693.68 5685.82 5676.54 5668.53 5669.91 5663.18 5655.49 5649.89 5652.92 5660.55 5658.52 5654.23 5648.98 5645.07 5647.92 5655.78 5669.36 5686.83 5696.88 5710.26 5717.02 5713.96 5706.72 5710.12 5711.46 5706.1 5699.55 5697.66 5701.42 5713.76 5760.26 5790.14 5815.19 5823.82 5825.26 5823.79 5824.32 5829.76 5844.42 5844.25 5860.95
5660.49 5664.31 5669.23 5667.48 5666.71 5669.83 5667.84 5660.81 5654.15 5661.59 5674.69 5689.43 5686.46 5681.76 5678.3 5679.97 5680.21 5679.38 5676.86 5673.48 5669.68 5665.84 5663.01 5669.31 5679.21 5689.42 5690.37 5678.54 5667.32 5657.45 5656.32 5653.53 5648.55 5643.14 5645.44 5652.63 5653.3 5652.29 5648.8 5645.86 5647.9 5651.84 5667.5 5681.08 5689.77 5698.73 5703.4 5701.54 5699.67 5700.9 5707.93 5709.47 5703.56 5701.12 5706.07 5725.39 5782.13 5829.83 5870.19 5862.05 5844.61 5830.37 5823.55 5823.76 5824.84 5825.79 5837.64
5683.61 5689.68 5686.39 5670.24 5662.04 5664.53 5663.79 5657.8 5654.86 5662.69 5673.86 5685.71 5693.85 5685.31 5676.87 5683.94 5683.92 5682.14 5677.99 5673.99 5669.91 5666.55 5664.75 5667.25 5672.83 5677.92 5676.42 5666.45 5656.07 5649.94 5646.83 5646.73 5646.08 5642.1 5638.78 5643.53 5650.59 5654.22 5655.57 5654.04 5652 5652.72 5663.31 5678.22 5687.05 5692.34 5695.73 5697.22 5697.63 5696.8 5702.12 5706.02 5704.23 5702.94 5704.98 5731.63 5788.89 5847.36 5888.41 5880.32 5854.84 5828.27 5818.36 5819.95 5813.42 5814.98 5829.5
5773.61 5770.86 5730.44 5685.4 5671.85 5671.08 5668.02 5663.81 5660.83 5666.94 5672.76 5675.09 5690.62 5693.42 5692 5692.68 5689.28 5685 5679.54 5674.62 5670.56 5667.4 5664.64 5664.61 5665.32 5664.47 5658.28 5652.84 5644.02 5637.89 5640.2 5644.92 5650.12 5649.91 5643.49 5645.68 5653.42 5659.5 5664.02 5662.68 5657.76 5655.51 5660.66 5678.25 5687.23 5690.69 5693.17 5694.84 5694.7 5694.11 5701.26 5705.03 5706.87 5708.52 5712.39 5732.8 5788.65 5856.01 5895.88 5888.73 5860.87 5828.57 5810.07 5805.83 5804.09 5810.3 5823.49
5894.76 5892.76 5791.67 5714.46 5698.45 5685.85 5675.09 5671.23 5673.51 5677.39 5681.26 5680.75 5686.92 5698.78 5708.9 5702.26 5694.67 5687.9 5681.62 5676.04 5671.54 5668.01 5665.9 5663.44 5659.11 5653.52 5646.32 5642.42 5638.79 5634.72 5636.62 5644.52 5660.56 5670.55 5659.8 5655.98 5660.26 5665.83 5669.87 5668.24 5662.59 5657.91 5658.65 5677.73 5685.93 5690.15 5691.25 5691.34 5689.28 5690.98 5698.41 5705.91 5711.62 5718.44 5728.25 5738.67 5792.99 5865.07 5909.62 5896.01 5867.2 5831.22 5800.28 5801.35 5805.31 5812.69 5823.22
5950.47 5944.5 5838.41 5754.75 5716.27 5686.15 5678.82 5679.73 5681.16 5700.5 5705.8 5695.32 5689.38 5699.51 5707.57 5706.54 5697.85 5688.49 5681.9 5676.34 5671.89 5668.41 5666.05 5663.55 5654.34 5645.39 5636.86 5635.17 5635.14 5630.3 5635.43 5646.05 5669.71 5687.75 5670.28 5663.84 5666.59 5672.31 5677.81 5673.6 5666.17 5660.88 5659.76 5672.85 5685.22 5687.58 5688.08 5687.94 5687.35 5692.15 5697.95 5708.03 5717.39 5728.05 5742.16 5759.83 5807.85 5873.92 5906.99 5901.29 5874.04 5841.62 5816.88 5813.13 5814.05 5819.3 5828.69
