real_craters/C121-1000m.grd
DSAA
43 43
-21.23 21.23
-21.23 21.23
4584.452759616 6452.8017206106
5278.13 5262.74 5260.44 5284.22 5298.44 5302.51 5332.92 5332.25 5302.68 5329.5 5351.76 5368.74 5398.94 5429.27 5445.72 5480.55 5492.94 5506.88 5516.93 5530.44 5551.69 5563.44 5562.78 5578.84 5602.42 5603.26 5600.8 5611.15 5597.49 5596.84 5588 5575.74 5579.05 5584.65 5595.3 5605.75 5614.62 5607.17 5599.8 5592.91 5581.02 5552.47 5545.98 
5289.02 5277.39 5278.73 5324.94 5345.91 5364.91 5397.99 5395.44 5369.89 5375.61 5360.16 5377.46 5408.49 5420.79 5478.76 5493.03 5505.84 5513.25 5521.33 5531.59 5564.89 5584.9 5593.4 5599.38 5607.53 5621.54 5598.08 5598.14 5588.3 5590.54 5581.26 5570.38 5569.65 5581.36 5589.84 5595.53 5596.37 5593.63 5599.47 5598.83 5547.91 5531.21 5548.09 
5300.54 5275.61 5279.05 5325.56 5341.47 5362.99 5379.54 5395.72 5405.4 5415.35 5409.4 5417.09 5441.43 5465.4 5482.39 5506.44 5521.93 5532.26 5536.91 5544.93 5587.87 5605.85 5615.85 5619.3 5607.01 5624.69 5594.88 5591.8 5567.62 5570.36 5570.81 5565.33 5574.24 5580.83 5580.33 5581.34 5581.94 5587.53 5587.15 5552.84 5539.05 5554.81 5565.56 
5307.72 5272.21 5266.51 5274.78 5314.94 5336.62 5373.21 5400.92 5410.21 5401.7 5434.61 5451.14 5462.13 5472.86 5503.24 5534.88 5543.45 5553.81 5563.6 5572.98 5589.28 5623.71 5631.01 5625.75 5616.68 5626.13 5614.91 5605.29 5580.46 5576.28 5566.22 5556.91 5560.18 5572.55 5570.93 5567.99 5563.16 5554.36 5562.23 5560.61 5556.4 5572.74 5575.98 
5288.99 5267.29 5264.82 5290.7 5319.74 5348.89 5373.93 5391.74 5383.08 5402.11 5459.71 5475.27 5483.24 5493.35 5521.86 5552.64 5569.72 5580.65 5598.77 5629.86 5664.05 5661.8 5663.54 5648.52 5630.02 5640.76 5621.05 5613.75 5599.69 5582.79 5568.51 5557.14 5552.44 5557.54 5561.64 5557.2 5551.18 5550.92 5560.73 5569.17 5566.96 5562.52 5572.8 
5282.56 5254.96 5279.23 5317.93 5338.69 5364.31 5385.45 5401.89 5388.76 5445.14 5449.34 5491.74 5501.79 5494.29 5527.12 5564.62 5579.5 5594.42 5613.71 5646.99 5687.74 5681.93 5684.68 5674.3 5648.94 5670.82 5670.03 5623.62 5604.11 5587.99 5574.24 5563.09 5559.27 5561.9 5551.48 5542.64 5534.09 5522.52 5514.74 5516.1 5524.06 5528.23 5533.49 
5275.89 5270.6 5294.6 5328.35 5335.39 5363.7 5399.87 5422.85 5428.07 5450.68 5475.81 5504.77 5494.09 5491.34 5521.64 5550.82 5585.53 5612.98 5626.05 5631.35 5655.71 5667.57 5648.16 5646.06 5635.6 5629.96 5635.26 5621.1 5605.41 5589.23 5577.49 5568.35 5554.74 5551.34 5546.88 5539.33 5527.33 5513.99 5511.32 5510.05 5508.34 5508.24 5507.41 
5291.73 5282.43 5305.14 5330.9 5351.17 5385.33 5433.34 5455.21 5488.33 5440.18 5447.36 5499.46 5516.97 5521.66 5555.43 5602.43 5628.87 5657.57 5663.81 5650.43 5679.81 5682.44 5682.76 5676.36 5670.24 5640.06 5627.37 5617.34 5590.08 5579.09 5578.8 5577.67 5579.79 5548.57 5544.87 5538.53 5526.82 5515.19 5507.15 5512.94 5508.33 5507.87 5510.69 
5296.76 5298.83 5332.13 5355.13 5376.19 5424.66 5482.3 5504.84 5500.34 5455.21 5445.06 5473.73 5512.87 5565.57 5616.3 5652.04 5705.59 5741.83 5750.77 5728.44 5696.23 5748.67 5692.86 5747.7 5750.4 5726.39 5676.73 5654.54 5614.1 5586.21 5581.26 5580.92 5580.83 5569.48 5565.84 5554.87 5538.47 5521.6 5513.89 5514.16 5515.45 5513.35 5510.1 
5327.47 5348.13 5370.61 5385.01 5399.87 5459.26 5528.13 5577.54 5549.79 5473.32 5464.66 5501.39 5561.37 5642.41 5722.96 5773.9 5835.8 5868.12 5897.14 5900.87 5904.98 5903.18 6013.18 5862.73 5843.91 5783.91 5749.32 5704.66 5637.9 5606.19 5596.03 5582.42 5572.86 5582.31 5589.07 5574.44 5556.72 5533.63 5504.94 5511.9 5519.47 5519.23 5515.88 
5386.13 5386.2 5391.31 5397.25 5426.03 5482.81 5558.44 5580.66 5545.89 5477.93 5498.26 5557.99 5627.51 5725.23 5844.78 5990.67 5990.22 5934.41 5967.5 6114.65 5993.14 5865.38 5892.95 5788.21 5892.96 6045.41 5933.81 5833.83 5678.76 5656.16 5627.19 5596.57 5573.93 5574.04 5600.09 5591.58 5575.39 5558.64 5521.91 5525.21 5527.55 5526.1 5524.85 
5391.36 5386.4 5395.72 5391.07 5408.46 5474.81 5556.55 5588.64 5534.23 5524.01 5541.67 5615.89 5692.75 5770.8 5861.65 5986.79 5919.98 5804.65 5765.45 5741.21 5545.14 5489.15 5483.81 5448.46 5398.1 5459.16 5694.72 6047.77 5865.41 5717.92 5648.99 5616.54 5599.32 5602.95 5616.75 5610.03 5590.94 5576.57 5557.81 5545.9 5533.69 5525.82 5524.35 
5391.8 5376.66 5389.11 5386.04 5395.95 5453.63 5504.84 5545.49 5534.19 5517.83 5571.22 5654.58 5754.98 5784.35 5780.32 5715.41 5599.94 5539.16 5438.12 5273.6 5221.6 5110.4 5060.4 5064.98 5047.25 5002.58 5243.67 5532.93 5729.08 5668.5 5622.83 5600.91 5616.98 5673.33 5653.03 5628.03 5596.64 5564.83 5539.7 5535.93 5519.48 5518.61 5515.79 
5398.33 5397.08 5411.88 5405.77 5414.55 5443.34 5480.9 5518.3 5497.22 5525.8 5632.68 5777.78 5843.72 5780.42 5678 5545.27 5438.84 5324.61 5199.6 5077.02 4976.47 4869.69 4823.9 4825.46 4749.97 4786.98 4923.06 5180.84 5418.26 5496.74 5531.79 5566.88 5595.28 5610.84 5653.38 5630.39 5592.19 5551.84 5511.44 5489.89 5496.64 5508.51 5518.37 
5378.8 5419.9 5427.78 5423.74 5426.85 5441.01 5459.79 5503.93 5493.88 5571.85 5715.08 5893.28 5906.51 5740.24 5572.58 5428.09 5279.87 5095.05 4978.63 4874.73 4764.31 4694.27 4705.38 4715.71 4784.32 4750.01 4723.09 4862.44 5146.76 5310.31 5415.42 5496.3 5553.71 5593.48 5641.72 5625.27 5585.94 5544.38 5500 5478.63 5487.49 5502.1 5510.19 
5408.26 5443.93 5444.86 5443.46 5443.08 5442.51 5438.85 5461.6 5499.89 5704.6 5820.8 5909.24 5818.59 5615.86 5426.12 5241.12 5056.96 4917.85 4776.67 4707.07 4674.86 4639.84 4640.78 4625.2 4612.4 4621.39 4610.02 4703.63 4928.89 5129.07 5289.56 5418.69 5522.62 5590.12 5622.79 5636.67 5591.3 5524.59 5504.07 5512.37 5504.98 5504.14 5503.18 
5407.72 5426.67 5455.28 5465.29 5459.62 5452.38 5426.57 5441.71 5547.87 5741.68 5949.83 5732.49 5593.9 5435.86 5254.21 5053.83 4850.15 4720.01 4678.99 4666.65 4678.03 4670.04 4642.38 4625.7 4614.79 4603.51 4588.91 4621.84 4809.53 5032.48 5225.06 5402.4 5549.6 5668.9 5753.41 5686.59 5612.12 5555.48 5540.82 5534.35 5519.38 5510.02 5500.74 
5437.59 5444.77 5452.49 5448.36 5470.33 5483.96 5485.58 5473.17 5627.08 5804.01 6039.33 5620.7 5420.23 5271.76 5092.17 4900.32 4710.38 4657.34 4657.3 4689.72 4733.86 4725.58 4681.53 4649.2 4632.72 4599.69 4592.4 4609.24 4768.46 4977.55 5192.63 5397.35 5584.34 5727.07 5776.53 5700.24 5627.38 5590.78 5554.93 5548.63 5528 5522.26 5515.04 
5461.14 5449.64 5446.88 5467.74 5491.11 5522.66 5552.2 5567.73 5693.93 5947.22 6045.57 5581.35 5361.14 5193.78 5025.49 4853.5 4705.54 4664.11 4657.61 4718.82 4806.65 4827.2 4758.73 4677.38 4619.55 4595.07 4584.45 4619.32 4770.84 4972.59 5190.35 5414.73 5628.96 5812.27 5837.22 5640.84 5617.07 5603.17 5565.83 5558.45 5545.9 5539.52 5535.72 
5475.44 5484.3 5469.49 5470.93 5522.32 5581.96 5676.05 5677.26 5707.91 5899.02 5869.48 5587.7 5353.47 5164.81 4990.63 4834.48 4715.71 4664.61 4663.84 4757.48 4852.5 4959.18 4855.39 4669.74 4619.88 4595.95 4585.76 4616.2 4788.33 4994.98 5215.17 5438.05 5650.31 5828.43 5838.46 5621.98 5601.44 5594.46 5582.69 5565.35 5561.12 5547.25 5542.74 
5476.06 5480.49 5490.69 5526.63 5560.03 5610.35 5702.29 5723.91 5766.21 5969.36 5860.39 5570.27 5369.7 5180.8 5014.39 4855.96 4722.06 4657.33 4670.38 4799.35 4941.59 4927.18 4772.29 4655 4624.64 4606.12 4608.5 4634.37 4802.05 5004.72 5217.1 5429.99 5628.05 5783.53 5816.36 5609.28 5585.41 5574.38 5552.86 5549.22 5544.4 5539.8 5536.38 
5505.93 5514.95 5513.02 5565.26 5595.18 5647.5 5729.9 5762.83 5790.28 5931.15 5936.68 5540.54 5350.63 5179.29 5014.59 4861.66 4730.67 4654.09 4678.19 4802.12 4949.71 4857.27 4677.09 4652.15 4618.43 4615.62 4612.68 4650.14 4804.99 4985.76 5184.09 5384.57 5569.53 5719.37 5781.66 5619.58 5563.33 5536.66 5524.33 5524.3 5521.69 5519.54 5519.15 
5534.24 5541.52 5578.25 5601.49 5618.86 5649.46 5768.93 5782.19 5801.24 5912.5 5810.49 5501.04 5314.95 5164.15 5027.09 4881.48 4743.56 4651.42 4673.08 4758.45 4829.47 4807.44 4709.62 4662.13 4667.93 4651.12 4642.24 4663.99 4805.17 4974.99 5161.73 5350.56 5524.81 5664.44 5721.15 5654.32 5576.28 5535 5518.17 5514.21 5505.42 5505.59 5506.44 
5566.61 5582.82 5619.18 5627.33 5640.8 5659.42 5724.64 5751.79 5820.62 5997.87 5765.52 5492.09 5331.94 5200.69 5064.39 4906.71 4767.03 4660.58 4665.66 4699.37 4723.94 4799.37 4820.09 4688.87 4674.75 4688.25 4659.48 4665.33 4803.12 4972.58 5158.71 5335.15 5510.61 5647.4 5723.1 5667.28 5577.32 5542.42 5524.99 5513.71 5508.39 5501.27 5499.58 
5594.98 5609.15 5631.89 5643.89 5669.99 5700.47 5716.75 5749.44 5825.96 5928.86 5727.45 5546.19 5422.56 5279.06 5111.31 4931.42 4778.22 4667.53 4658.73 4663.69 4664.44 4701.52 4690.24 4688.24 4697.55 4703.9 4681.01 4690.03 4826.7 5001.22 5178.27 5349.28 5513.31 5652.07 5745.03 5688.43 5580.16 5542.61 5521.95 5507.28 5500.81 5499.22 5492.84 
5626.53 5642.81 5646.67 5676.3 5697.68 5712.97 5723.49 5750.78 5806.34 5789.24 5886.05 5679.01 5548.99 5377.55 5187.63 4992.27 4802.22 4668.36 4662.01 4667.12 4678.07 4696.58 4711.93 4729.09 4735.59 4720.1 4703.97 4724.68 4879.55 5060 5232.64 5393.6 5543.44 5668.73 5761.53 5721.13 5576.08 5535.98 5511.89 5499.35 5493.5 5491.9 5484.47 
5655.36 5670.88 5699.09 5718.02 5734.52 5746.74 5752.89 5779.24 5828.32 5767.76 5811.44 5875.78 5670.9 5473.36 5271.87 5064.69 4858.32 4678.47 4668.38 4690.29 4712.64 4731.07 4752.9 4766.7 4776.02 4777.89 4779.16 4839.05 4983.02 5147.57 5300.91 5443.23 5573.69 5683.17 5755.85 5725.42 5590.91 5525.18 5500.11 5488.11 5484.59 5474.78 5471.83 
5675.66 5676.32 5692.8 5748.65 5777.72 5791.8 5773.23 5826.22 5908.08 5872.59 5849.33 5852.54 5743.25 5572.5 5387.45 5188.65 4976.16 4793.27 4736.98 4748.21 4770.87 4783.87 4791.99 4803.21 4844.26 4871.37 4913.67 4993.06 5142.59 5282.01 5392.66 5490.96 5586 5667.23 5725.48 5723.93 5585.43 5523.16 5488.13 5472.88 5463.35 5458.78 5458.87 
5668.44 5672.81 5708.1 5745.72 5797.62 5809.38 5871.64 6050.29 6116.09 6027.48 5897.17 5917.62 5752.12 5605.87 5465.72 5316.16 5143.17 4939.49 4798.04 4813.84 4847.94 4865.89 4838.92 4890.75 4979.24 5085.86 5135.16 5305.73 5367.14 5416.24 5487.36 5542.34 5593.92 5639.92 5669.74 5667.27 5579.41 5502.71 5476.04 5461.92 5451.7 5449.92 5449.04 
5603.86 5606.42 5709.93 5850.66 5950.66 6008.23 6184.8 6452.8 6343.4 6125.26 5995.7 5838.64 5740.73 5659.06 5576.69 5490.19 5389.27 5226.93 5028.8 4962.62 4982.2 5001.35 4989.65 4988.32 5103.51 5233.61 5316.29 5402.31 5476.24 5538.81 5562.45 5580.22 5590.65 5599.57 5605.92 5598.03 5575.37 5497.29 5473.34 5457.24 5442.77 5437.39 5441.94 
5573.38 5555.09 5752.94 6145.34 6303.09 6321.43 6366.9 6445.45 6373.67 6095.12 5858.4 5773.7 5711.81 5676.96 5644.31 5624.73 5609.53 5504.38 5327.57 5293.27 5273.83 5188.82 5055.59 5100.58 5231.86 5349.75 5511.46 5639.73 5716.23 5667.78 5637.97 5616 5599.43 5575.1 5567.51 5576.44 5569.95 5509.74 5480.35 5459.73 5446.45 5436.68 5438.19 
5546.59 5529.19 5700.92 5972.27 6157.46 6201.98 6200.3 6167.47 6204.01 5872.47 5734.05 5687.08 5664.57 5664.75 5676.09 5708.93 5757.78 5759.78 5718.22 5536.53 5622.39 5580.34 5445.84 5557.74 5562.53 5606.24 5711.64 5769.1 5738.05 5703.46 5681 5643.79 5598.39 5573.43 5550.01 5517.54 5515.31 5507.18 5483.28 5467.11 5454.99 5451.31 5440.29 
5522.81 5523.01 5598.97 5644.7 5679.93 5730.71 5795.63 5799 5744.85 5750.73 5681.86 5639.43 5627.38 5643.06 5674.7 5745.86 5845.39 5877.12 5958.67 6135.04 5970.5 6061.72 6006.02 5914.54 5912.32 6091.7 5872.92 5810.68 5789.34 5723.01 5674.08 5641.57 5600.87 5569.67 5544.47 5515.95 5492.24 5490.57 5483.03 5470.83 5459.25 5451.31 5442.61 
5512.49 5544.07 5565.01 5565.72 5538.14 5538.31 5574.59 5592.81 5588.87 5626.97 5632.17 5608.45 5600.57 5623.27 5655.82 5700.92 5749.26 5765.63 5741.25 5765.72 5935 6093.31 5963.86 5867.52 5776.26 5790.95 5827.65 5810.87 5790.9 5716.26 5648.16 5631.97 5590.46 5553.38 5528.47 5515.8 5502.72 5486.76 5477.18 5466.94 5456.99 5448.8 5451.44 
5497.24 5513.05 5538.75 5550.62 5530.68 5523.76 5533.55 5544.22 5570.34 5612.49 5602.55 5588.78 5586.03 5613.39 5636.93 5645.97 5635.67 5648.16 5615.67 5627.69 5716.07 5690.22 5691.06 5703.82 5681.13 5745.37 5757.93 5743.59 5712.83 5677.47 5629.2 5602.78 5567.04 5534.76 5502.92 5482.66 5495.46 5488.71 5475.66 5463.36 5453.73 5447.42 5451.52 
5488.83 5482.35 5496.85 5523.79 5505.82 5507.42 5528.95 5544.49 5566.72 5573.45 5577.03 5577.23 5594.37 5598.8 5603.57 5603.14 5594.96 5582.55 5565.58 5580.39 5593.97 5584.9 5630.2 5635.49 5642.45 5679.78 5672.34 5656.54 5650.68 5611.94 5580.25 5558.01 5537.25 5514.96 5491.1 5476.54 5482.35 5481.02 5473.51 5462.99 5452.12 5445.25 5452 
5490.96 5490.73 5504.33 5496.48 5404.22 5474.27 5521.96 5551.16 5569.54 5559.51 5559.21 5563.56 5577.84 5583.68 5581.79 5576.03 5564.07 5549.82 5544.42 5544.77 5538.11 5515 5548.17 5599.76 5642.49 5619.03 5606.45 5579.55 5533.07 5519.22 5525.99 5522.99 5514.19 5503.36 5491.78 5479.6 5471.5 5477.54 5469.78 5461.06 5452.79 5445.92 5445.53 
5516.1 5514.84 5501.87 5504.63 5483.97 5512.32 5522.89 5535.62 5545.19 5545.61 5549.73 5550.36 5575.84 5569.44 5561.25 5551.18 5543.21 5526.89 5509.28 5510.8 5519.55 5505.03 5539.55 5551.63 5548.84 5556.67 5542.12 5511.84 5473.82 5468.09 5482.95 5491.17 5493.33 5493.33 5491.96 5485.39 5472.13 5467.38 5462.81 5457.07 5451.56 5448.57 5445.33 
5558.9 5549.11 5531.51 5502.74 5510.71 5533.72 5543.89 5545.21 5529.05 5530.5 5533.45 5527.68 5541.03 5548.23 5543.16 5529.14 5521.04 5517.64 5511.93 5525.69 5524.35 5512.23 5542.71 5558.4 5561.5 5533.43 5513.82 5489.95 5469.33 5463.96 5467.24 5474.94 5480.75 5483.95 5483.27 5484.19 5473.74 5462.6 5457.3 5453.99 5449.58 5445.91 5444.73 
5556.66 5544.7 5507.08 5500.37 5531.24 5544.19 5535.25 5554.48 5537.16 5526.22 5528.33 5536.18 5536.55 5538.63 5538.27 5532.12 5522.34 5516.5 5522.9 5533.81 5544.51 5550.96 5545.66 5537.1 5513.08 5506.67 5491.58 5476.38 5464.88 5462.25 5463.01 5467.94 5472.92 5477.11 5482.26 5482.09 5483.08 5466.58 5455.85 5451.89 5447.63 5444.64 5442.14 
5492.27 5501.05 5493.75 5501.97 5520.25 5492.74 5495.44 5489.88 5496.64 5514.06 5519.87 5526.14 5530.56 5531.78 5535.11 5538.38 5525.77 5508.56 5521.59 5571.16 5542.12 5543.66 5529.46 5508.18 5496.51 5492.44 5484.98 5474.82 5465.64 5460.11 5462.49 5466.38 5469.97 5473.38 5472.86 5482.05 5480.5 5468.2 5457.65 5450.56 5445.33 5440.27 5433.37 
5476.45 5471.06 5451.66 5449.2 5476.61 5495.84 5491.29 5496.75 5528.21 5508.73 5506.11 5509.61 5518.37 5526.07 5521.41 5513.76 5506.11 5490.56 5486.9 5506.03 5499.05 5517.4 5507.46 5500.63 5490.28 5487.26 5481.45 5474.85 5466.72 5457.63 5462.71 5466.2 5469.95 5472.99 5473.21 5473.52 5474 5466.76 5462.63 5455.67 5446.41 5436.86 5432.42 
5457.54 5450.76 5437.53 5430.76 5437.98 5436.87 5447.66 5456.94 5496.27 5489.6 5483.92 5481.94 5494.99 5518.01 5501.99 5486.1 5489.11 5491.39 5493.34 5497.97 5522.87 5505.83 5495.21 5491.33 5488.36 5484.78 5478.59 5472.28 5465.81 5460.57 5461.51 5464.3 5468.6 5473.13 5475.09 5474.11 5470.95 5480.97 5471.54 5461.65 5449.31 5438.78 5431.22 
