real_craters/C122-750m.grd
DSAA
100 100
-37.275 37.275
-37.275 37.275
8075.9818549217 9279.0796220718
[rows 0 to 37 of 100, columns 0 to 83 of 100]
8823 8835 8851 8855 8870 8901 8929 8905 8918 8919 8920 8924 8926 8930 8932 8933 8933 8931 8932 8932 8932 8932 8932 8932 8933 8934 8936 8937 8938 8941 8945 8948 8950 8954 8953 8955 8957 8960 8963 8969 8977 8991 8992 8986 8983 8986 8993 9006 9018 9021 9019 9025 9030 9016 9010 9007 9004 8994 8994 9008 9019 9030 9038 9043 9045 9044 9044 9044 9045 9047 9049 9051 9051 9054 9057 9042 9022 9019 9020 9023 9025 9029 9037 9047
8855 8858 8872 8877 8895 8921 8911 8922 8923 8921 8923 8926 8928 8930 8932 8933 8931 8931 8933 8932 8932 8932 8932 8932 8935 8934 8936 8938 8939 8940 8942 8947 8953 8950 8952 8953 8955 8958 8961 8965 8975 8986 8988 8981 8975 8974 8984 8995 9001 9008 9010 9010 9003 9005 9006 9006 9006 9006 9012 9018 9023 9031 9036 9039 9041 9043 9043 9043 9045 9047 9047 9048 9046 9046 9041 9031 9022 9015 9011 9017 9026 9026 9036 9046
8845 8859 8881 8963 8982 8948 9005 8956 8926 8928 8923 8926 8928 8930 8931 8932 8931 8932 8933 8932 8931 8931 8931 8931 8931 8933 8936 8936 8939 8940 8941 8944 8946 8948 8950 8949 8953 8957 8959 8961 8964 8972 8974 8972 8969 8968 8979 8987 8993 9000 9001 8995 8989 8997 9003 9006 9009 9014 9019 9022 9028 9033 9036 9038 9040 9042 9043 9045 9047 9045 9045 9045 9044 9037 9026 9023 9022 9011 9006 9014 9024 9029 9037 9045
8857 8860 8814 8735 8716 8751 8846 8924 8970 8936 8925 8926 8928 8930 8931 8930 8929 8930 8931 8931 8931 8931 8930 8930 8930 8933 8935 8938 8939 8941 8943 8944 8946 8948 8949 8949 8953 8957 8959 8959 8958 8955 8960 8962 8963 8971 8977 8985 8992 8998 9000 8996 8985 8998 9005 9007 9011 9017 9023 9031 9034 9036 9038 9039 9040 9041 9042 9043 9044 9042 9041 9037 9039 9025 9015 9010 9008 9005 9006 9012 9021 9029 9039 9048
8867 8907 8717 8556 8465 8494 8599 8765 8875 8926 8928 8926 8929 8930 8931 8931 8929 8930 8929 8929 8930 8930 8930 8930 8932 8933 8936 8938 8939 8940 8942 8943 8945 8947 8946 8952 8953 8956 8962 8966 8961 8952 8952 8951 8952 8957 8968 8987 8998 9001 9002 9005 9020 9011 9006 9007 9013 9019 9027 9034 9037 9038 9040 9041 9040 9040 9041 9040 9038 9035 9032 9021 9009 9004 9003 8999 8999 8999 9002 9008 9016 9029 9040 9050
8917 8886 8585 8339 8299 8350 8404 8566 8772 8930 8938 8925 8929 8931 8931 8931 8930 8930 8929 8929 8929 8929 8930 8930 8931 8933 8935 8938 8939 8940 8940 8941 8943 8945 8945 8947 8950 8953 8957 8969 8962 8959 8945 8941 8941 8942 8964 8993 9004 9004 9002 9002 9004 9001 9001 9005 9011 9019 9026 9035 9038 9040 9040 9040 9040 9039 9038 9037 9032 9022 9010 9001 8990 8996 8996 8996 8994 8996 9000 9004 9011 9027 9038 9049
8908 8788 8462 8246 8302 8414 8360 8432 8707 8954 8949 8924 8929 8931 8932 8931 8929 8930 8929 8928 8928 8929 8929 8930 8931 8932 8935 8938 8938 8939 8940 8941 8942 8944 8944 8947 8949 8947 8942 8932 8930 8928 8932 8933 8937 8948 8969 8999 9007 9004 9000 8993 8979 8982 8994 9002 9010 9018 9028 9034 9038 9039 9040 9041 9039 9038 9036 9033 9028 9015 8996 8997 8996 8994 8991 8990 8990 8991 8995 9001 9008 9022 9035 9045
8883 8741 8437 8239 8299 8423 8376 8442 8697 8896 8932 8919 8924 8929 8933 8931 8927 8928 8930 8927 8927 8928 8929 8930 8932 8934 8936 8938 8938 8938 8941 8941 8942 8945 8947 8949 8949 8945 8935 8918 8918 8918 8922 8927 8933 8941 8963 8993 9002 9001 8996 8990 8985 8988 8993 9001 9009 9017 9024 9033 9038 9037 9038 9039 9038 9036 9034 9030 9024 9019 9013 9005 8997 8995 8988 8983 8988 8991 8993 8999 9008 9022 9032 9044
8892 8852 8566 8329 8310 8338 8427 8554 8772 8933 8925 8907 8915 8926 8933 8930 8926 8924 8923 8925 8926 8927 8929 8931 8933 8935 8937 8937 8938 8938 8941 8949 8951 8946 8948 8951 8951 8947 8940 8931 8919 8917 8919 8923 8928 8932 8945 8983 8991 8993 8991 8988 8984 8984 8991 9001 9008 9014 9020 9027 9028 9029 9032 9035 9036 9034 9030 9027 9024 9020 9017 9016 9006 8992 8986 8986 8989 8989 8994 8999 9008 9023 9034 9044
8914 9039 8816 8560 8476 8459 8601 8771 8872 8925 8915 8900 8909 8922 8927 8927 8924 8921 8921 8922 8924 8926 8928 8931 8934 8937 8938 8939 8939 8939 8935 8934 8934 8940 8947 8951 8954 8949 8945 8937 8925 8919 8920 8924 8929 8936 8947 8957 8976 8984 8987 8987 8980 8971 8992 9002 9006 9010 9013 9011 9010 9018 9025 9032 9032 9030 9026 9024 9021 9015 9012 9006 9000 8991 8986 8987 8989 8991 8995 8999 9008 9029 9041 9046
8891 8946 9043 8934 8797 8716 8813 8923 8935 8914 8903 8898 8909 8919 8924 8921 8920 8919 8919 8920 8921 8923 8925 8928 8932 8935 8936 8938 8939 8939 8931 8919 8919 8933 8948 8958 8953 8946 8947 8940 8920 8918 8920 8925 8932 8945 8965 8968 8971 8977 8983 8989 8997 9007 9009 9005 9004 9005 9006 9006 9008 9009 9010 9019 9030 9018 9018 9022 9023 9016 9016 9003 8992 8980 8978 8981 8987 8993 8996 9002 9015 9033 9044 9051
8869 8878 8900 8982 8985 8980 8935 8951 8904 8886 8895 8910 8914 8918 8920 8917 8916 8917 8917 8919 8920 8921 8923 8925 8929 8938 8936 8934 8938 8942 8937 8917 8904 8924 8947 8969 8940 8930 8936 8932 8922 8920 8924 8930 8936 8944 8953 8959 8963 8969 8977 8988 9008 9042 9018 9005 9001 9001 9001 9002 9004 9003 8996 8992 8985 8995 9005 9017 9038 9063 9026 9007 8991 8976 8972 8976 8984 8996 9000 9005 9017 9036 9047 9050
8869 8864 8877 8891 8909 8899 8909 8895 8872 8878 8898 8907 8913 8914 8914 8914 8914 8916 8916 8917 8919 8920 8920 8920 8920 8919 8935 8943 8941 8944 8943 8920 8906 8918 8937 8949 8923 8911 8906 8911 8916 8919 8924 8929 8935 8940 8938 8941 8952 8961 8970 8980 8989 8991 8992 8991 8993 8995 8998 9000 9002 9005 9000 8987 8973 8981 8995 9009 9012 8987 8997 8999 8988 8977 8976 8981 8989 8998 9004 9013 9023 9036 9043 9041
8861 8862 8865 8875 8884 8886 8886 8882 8875 8884 8905 8916 8915 8911 8909 8909 8913 8914 8916 8919 8918 8918 8917 8916 8914 8910 8925 8937 8938 8950 8974 8931 8910 8914 8923 8925 8915 8906 8901 8908 8916 8919 8922 8927 8934 8939 8946 8942 8947 8954 8959 8964 8963 8956 8961 8972 8981 8988 8993 8997 8995 9008 9030 8998 8974 8976 8991 9005 9012 9001 8993 8984 8989 8989 8977 8982 8991 9002 9010 9024 9032 9038 9040 9040
8869 8862 8861 8856 8863 8873 8891 8882 8877 8889 8906 8915 8914 8909 8907 8909 8910 8913 8915 8917 8917 8916 8915 8914 8912 8912 8916 8925 8930 8950 8977 8938 8916 8910 8910 8908 8905 8904 8907 8911 8919 8920 8925 8930 8934 8937 8941 8940 8945 8950 8954 8954 8951 8942 8948 8962 8973 8982 8989 8993 8991 8994 8996 8989 8972 8974 8988 9001 9022 9059 9020 8998 8999 8994 8991 8989 8997 9006 9021 9029 9037 9040 9040 9043
8833 8849 8848 8849 8861 8866 8874 8875 8885 8889 8899 8911 8914 8906 8905 8907 8911 8914 8916 8917 8917 8916 8914 8914 8914 8915 8920 8923 8925 8938 8958 8926 8911 8908 8906 8903 8897 8893 8897 8905 8912 8918 8922 8926 8929 8933 8929 8947 8947 8944 8945 8946 8946 8947 8952 8960 8969 8977 8983 8989 8977 8975 8987 8983 8978 8982 8988 8998 9006 9006 9043 9045 9014 8997 8987 8997 9009 9033 9048 9047 9047 9042 9040 9048
8834 8849 8856 8853 8863 8874 8876 8875 8879 8887 8895 8901 8903 8903 8905 8907 8912 8915 8918 8919 8918 8917 8917 8916 8916 8917 8919 8921 8923 8924 8919 8905 8906 8905 8905 8905 8898 8886 8894 8901 8908 8914 8918 8922 8926 8930 8942 8949 8937 8937 8940 8944 8947 8952 8958 8961 8966 8971 8976 8977 8970 8969 8976 8980 8987 8989 8990 8998 9002 9015 9029 9029 9010 8992 8986 9012 9044 9074 9076 9092 9061 9046 9049 9051
8836 8854 8853 8861 8875 8877 8878 8878 8878 8887 8897 8898 8899 8901 8906 8907 8911 8917 8921 8920 8918 8918 8919 8919 8919 8918 8919 8919 8920 8921 8918 8914 8908 8905 8904 8903 8898 8888 8888 8897 8904 8909 8915 8919 8923 8922 8916 8910 8922 8929 8935 8940 8946 8956 8964 8961 8963 8966 8968 8967 8966 8970 8972 8975 8976 8978 8985 8993 9005 8994 8980 8993 8997 8988 8986 9027 9063 9057 9071 9062 9058 9047 9052 9054
8842 8850 8864 8871 8877 8878 8878 8879 8888 8898 8896 8897 8898 8904 8921 8921 8917 8917 8918 8919 8917 8918 8922 8925 8926 8920 8917 8918 8920 8919 8916 8911 8905 8903 8902 8901 8903 8909 8891 8894 8900 8907 8913 8918 8923 8924 8919 8911 8918 8925 8933 8940 8946 8953 8955 8960 8962 8964 8963 8962 8962 8965 8969 8972 8972 8973 8979 8984 8988 8976 8978 8987 8994 9002 9021 9031 9042 9050 9074 9084 9059 9048 9053 9054
8854 8868 8868 8872 8873 8877 8879 8882 8887 8890 8892 8894 8895 8910 8950 8939 8920 8915 8913 8909 8910 8916 8922 8929 8932 8926 8914 8912 8918 8918 8911 8897 8900 8900 8899 8897 8898 8915 8901 8897 8901 8907 8912 8918 8923 8933 8931 8916 8916 8924 8930 8939 8947 8953 8959 8963 8962 8962 8961 8961 8964 8974 8973 8973 8972 8971 8974 8975 8970 8965 8966 8981 8992 9008 9012 9022 9027 9044 9066 9075 9058 9050 9058 9054
8860 8863 8865 8869 8871 8876 8879 8881 8885 8889 8892 8893 8895 8911 8957 8940 8921 8911 8902 8900 8903 8912 8920 8929 8940 8952 8917 8886 8902 8922 8919 8901 8898 8897 8895 8895 8898 8903 8900 8898 8903 8909 8915 8918 8921 8920 8920 8915 8918 8923 8932 8940 8947 8956 8964 8966 8966 8965 8964 8963 8965 8977 8977 8975 8974 8973 8972 8971 8970 8965 8965 8977 8990 9000 9012 9027 9034 9030 9058 9072 9057 9055 9056 9056
8860 8865 8866 8867 8870 8872 8875 8878 8881 8884 8891 8892 8894 8901 8909 8937 8920 8907 8901 8899 8901 8907 8914 8922 8933 8944 8910 8878 8907 8967 8951 8921 8902 8898 8894 8895 8896 8905 8906 8906 8911 8916 8920 8922 8920 8923 8919 8919 8921 8924 8932 8940 8950 8959 8968 8973 8971 8968 8967 8966 8967 8973 8975 8975 8974 8974 8972 8970 8967 8964 8970 8979 8992 9001 9024 9034 9025 9026 9059 9082 9098 9086 9075 9077
8860 8863 8865 8868 8869 8870 8873 8877 8878 8882 8888 8893 8895 8895 8895 8901 8901 8899 8899 8899 8900 8902 8906 8910 8912 8908 8898 8890 8917 8954 8916 8906 8902 8898 8896 8896 8900 8903 8916 8920 8923 8927 8930 8930 8923 8910 8912 8914 8916 8921 8931 8943 8955 8967 8986 8992 8977 8973 8971 8972 8973 8974 8973 8973 8973 8974 8973 8968 8968 8966 8978 8995 9002 9010 9035 9036 9021 9022 9069 9078 9081 9083 9091 9110
8861 8862 8864 8865 8867 8870 8872 8874 8877 8880 8887 8893 8895 8894 8889 8873 8881 8890 8896 8899 8897 8895 8897 8898 8896 8888 8896 8897 8916 8932 8908 8902 8903 8902 8897 8896 8897 8904 8922 8927 8931 8937 8942 8945 8942 8919 8922 8915 8911 8916 8927 8941 8955 8966 8972 8972 8974 8975 8976 8977 8976 8974 8970 8970 8971 8973 8973 8970 8976 8992 9007 9007 9012 9023 9031 9024 9024 9026 9034 9042 9034 9050 9058 9059
8861 8862 8864 8865 8867 8870 8871 8874 8877 8884 8890 8893 8894 8895 8884 8862 8874 8885 8891 8888 8884 8885 8887 8888 8887 8894 8889 8892 8918 8956 8911 8902 8901 8899 8896 8894 8895 8904 8923 8931 8940 8947 8955 8963 8977 8992 8950 8922 8907 8918 8932 8944 8954 8965 8969 8970 8974 8978 8980 8980 8978 8971 8963 8968 8971 8973 8974 8976 8985 9004 9003 9003 9014 9024 9032 9029 9024 9032 9032 9029 9030 9048 9058 9060
8858 8861 8862 8864 8870 8874 8868 8871 8873 8879 8890 8898 8890 8891 8879 8868 8877 8889 8898 8899 8885 8882 8881 8880 8879 8875 8876 8875 8902 8917 8917 8902 8895 8893 8892 8891 8893 8901 8934 8939 8949 8958 8964 8973 8981 8981 8961 8934 8915 8928 8941 8951 8959 8968 8977 8979 8982 8984 8985 8985 8985 8980 8972 8971 8975 8976 8975 8985 8992 8998 8998 9001 9016 9028 9037 9036 9034 9036 9036 9031 9039 9058 9073 9083
8856 8858 8860 8861 8878 8887 8862 8856 8867 8874 8891 8918 8919 8883 8878 8875 8885 8898 8912 8914 8904 8887 8882 8880 8881 8883 8875 8876 8906 8938 8918 8899 8896 8895 8892 8893 8896 8905 8939 8948 8958 8964 8969 8972 8976 8978 8965 8952 8940 8951 8960 8968 8974 8980 8989 8996 8994 8992 8991 8989 8986 8981 8973 8975 8981 8992 9014 8991 8991 8997 9003 9012 9021 9030 9036 9037 9041 9046 9037 9027 9032 9060 9080 9097
8853 8857 8861 8860 8882 8891 8854 8845 8856 8879 8904 8915 8911 8877 8881 8885 8892 8903 8918 8935 8900 8883 8885 8882 8876 8872 8875 8879 8913 8936 8913 8898 8896 8897 8898 8899 8897 8908 8930 8956 8966 8971 8971 8967 8961 8965 8970 8974 8986 8984 8986 8988 8989 8993 9001 9007 9002 9000 8999 8996 8990 8978 8976 8979 8985 8993 8994 8993 8997 8994 9010 9018 9027 9030 9031 9038 9050 9072 9045 9040 9036 9041 9070 9102
8849 8854 8859 8859 8866 8859 8818 8819 8839 8852 8864 8881 8888 8885 8886 8889 8895 8903 8910 8906 8897 8896 8896 8888 8879 8875 8876 8880 8892 8906 8903 8899 8898 8898 8902 8905 8916 8912 8928 8968 8974 8975 8973 8969 8958 8965 8978 8992 9006 9008 9007 9007 9005 9006 9005 9000 9001 9006 9008 9005 8992 8978 8975 8980 8988 8995 9000 9013 9014 9029 9037 9043 9042 9031 9024 9029 9051 9092 9090 9064 9049 9042 9065 9096
8846 8850 8856 8857 8852 8837 8814 8815 8829 8837 8843 8865 8879 8889 8891 8892 8896 8901 8902 8892 8917 8941 8914 8894 8884 8879 8878 8887 8896 8918 8909 8899 8902 8908 8913 8915 8908 8906 8932 8980 8986 8985 8983 8983 8981 8986 8993 9004 9016 9019 9023 9024 9019 9019 9015 9005 9008 9017 9021 9022 9017 8981 8970 8981 8992 8999 9005 9006 9012 9023 9059 9088 9049 9032 9028 9032 9042 9048 9046 9047 9046 9047 9059 9077
8846 8850 8856 8866 8858 8834 8817 8824 8836 8849 8865 8876 8883 8880 8886 8887 8891 8898 8907 8928 8946 8936 8909 8893 8883 8882 8884 8885 8885 8890 8894 8895 8904 8914 8922 8928 8927 8920 8949 8986 8994 8997 9000 8999 9003 9006 9014 9022 9024 9029 9041 9043 9038 9036 9033 9034 9035 9032 9033 9033 9020 8978 8977 8995 9001 9005 9008 9007 9010 9024 9053 9077 9052 9036 9033 9034 9032 9035 9041 9043 9043 9044 9051 9055
8844 8850 8867 8872 8842 8816 8805 8828 8851 8866 8887 8913 8897 8886 8879 8883 8887 8892 8900 8913 8911 8885 8890 8887 8886 8887 8893 8892 8889 8889 8889 8894 8907 8921 8932 8942 8944 8935 8937 8985 9002 9010 9016 9015 9018 9033 9044 9056 9065 9073 9074 9073 9068 9060 9054 9049 9046 9045 9044 9041 9025 8997 8999 9012 9012 9011 9009 9008 9010 9020 9037 9043 9038 9034 9033 9035 9032 9034 9042 9057 9049 9047 9047 9048
8844 8854 8889 8854 8809 8799 8801 8827 8852 8873 8891 8907 8896 8884 8880 8882 8882 8883 8882 8879 8868 8880 8882 8880 8878 8886 8901 8900 8899 8895 8900 8904 8918 8933 8945 8956 8962 8957 8976 8991 9013 9029 9037 9037 9041 9060 9076 9091 9103 9118 9106 9096 9089 9080 9068 9058 9050 9053 9053 9046 9032 9012 9011 9024 9018 9013 9009 9009 9010 9017 9027 9033 9031 9032 9034 9036 9041 9041 9048 9047 9048 9047 9048 9051
8833 8825 8821 8813 8801 8797 8801 8830 8856 8869 8872 8872 8891 8907 8897 8885 8881 8880 8877 8870 8871 8886 8887 8876 8872 8879 8885 8899 8912 8932 8928 8920 8938 8949 8958 8962 8968 8978 8978 8996 9025 9052 9070 9068 9068 9092 9106 9112 9116 9107 9115 9106 9100 9088 9078 9065 9051 9063 9063 9055 9041 9023 9014 9021 9018 9014 9010 9009 9007 9013 9022 9029 9033 9034 9036 9037 9033 9048 9048 9046 9047 9048 9050 9056
8829 8813 8800 8797 8803 8798 8801 8833 8860 8865 8869 8870 8876 8914 8895 8882 8879 8875 8873 8871 8875 8886 8883 8874 8870 8875 8884 8898 8929 8960 8957 8961 8960 8967 8977 8982 8988 8992 8993 9011 9045 9084 9118 9134 9137 9138 9136 9135 9132 9109 9125 9122 9105 9094 9087 9084 9080 9089 9085 9068 9054 9041 9030 9017 9017 9016 9013 9010 9009 9014 9021 9028 9032 9034 9036 9041 9054 9045 9046 9046 9047 9050 9054 9057
8825 8817 8810 8807 8820 8820 8810 8834 8855 8861 8862 8862 8871 8886 8882 8874 8874 8873 8871 8872 8873 8873 8873 8876 8875 8875 8878 8886 8915 8965 8968 8962 8969 8981 8995 9014 9008 9002 8994 9015 9066 9113 9163 9217 9212 9169 9145 9145 9156 9171 9149 9123 9093 9080 9081 9097 9118 9120 9108 9091 9076 9064 9052 9027 9023 9022 9018 9014 9017 9018 9022 9026 9032 9034 9036 9042 9044 9043 9044 9048 9046 9051 9059 9065
8818 8814 8802 8790 8807 8823 8825 8837 8851 8859 8858 8864 8872 8874 8868 8873 8875 8873 8872 8873 8879 8876 8876 8878 8881 8881 8884 8893 8907 8962 8971 8970 8975 8988 9003 9009 9003 8987 8995 9049 9084 9118 9160 9196 9194 9147 9117 9112 9128 9183 9137 9070 9041 9037 9051 9084 9152 9144 9115 9090 9090 9082 9072 9049 9036 9032 9027 9019 9019 9020 9022 9023 9027 9034 9040 9043 9045 9045 9044 9045 9046 9054 9064 9076
8814 8810 8798 8789 8789 8783 8819 8871 8874 8864 8860 8866 8882 8876 8877 8882 8877 8874 8872 8872 8871 8876 8881 8879 8886 8897 8912 8921 8927 8975 8975 8969 8977 8995 9008 9021 9015 9012 9018 9035 9067 9095 9101 9135 9092 9062 9033 9012 9001 8946 8910 8938 8946 8962 8987 9016 9035 9056 9090 9129 9101 9090 9078 9061 9048 9041 9034 9022 9019 9021 9026 9029 9036 9036 9041 9042 9044 9053 9055 9046 9048 9058 9067 9077
