real_craters/C122-750m.grd
DSAA
100 100
-37.275 37.275
-37.275 37.275
8075.9818549217 9279.0796220718
[rows 38 to 75 of 100, columns 0 to 83 of 100]
8813 8810 8793 8791 8785 8786 8812 8844 8864 8867 8864 8875 8901 8881 8892 8882 8877 8874 8871 8868 8864 8868 8874 8877 8890 8915 8933 8951 8965 8977 8975 8978 8988 9005 9016 9015 9024 9034 9044 9062 9088 9071 9025 8916 8959 8948 8916 8879 8836 8754 8729 8804 8836 8861 8894 8928 8946 8972 9025 9061 9083 9095 9099 9080 9061 9048 9031 9023 9018 9022 9033 9055 9061 9042 9036 9037 9041 9044 9040 9045 9055 9062 9068 9073
8811 8796 8782 8791 8782 8783 8810 8841 8860 8870 8881 8871 8880 8890 8883 8880 8875 8871 8869 8868 8867 8871 8875 8878 8884 8899 8934 8957 8954 8957 8969 8982 8997 9019 9039 9051 9040 9058 9090 9126 9132 9037 9009 8998 8898 8843 8799 8760 8727 8699 8740 8704 8720 8755 8799 8847 8906 8969 8971 8994 9058 9100 9123 9110 9074 9059 9047 9029 9019 9023 9029 9042 9076 9084 9040 9032 9030 9033 9043 9055 9067 9069 9069 9068
8803 8786 8777 8779 8781 8786 8816 8848 8867 8876 8871 8890 8877 8880 8882 8871 8870 8868 8868 8868 8870 8873 8877 8881 8874 8878 8930 8962 8949 8951 8972 8989 9007 9038 9061 9072 9067 9086 9128 9139 8930 8926 8913 8907 8786 8700 8653 8621 8592 8572 8562 8560 8590 8639 8698 8763 8841 8918 8948 8988 9046 9104 9150 9141 9066 9050 9044 9042 9028 9028 9033 9041 9069 9088 9041 9036 9041 9052 9050 9061 9068 9071 9068 9064
8787 8784 8793 8805 8805 8805 8836 8853 8882 8906 8908 8895 8891 8889 8881 8872 8867 8868 8868 8869 8870 8871 8871 8874 8877 8886 8940 8955 8943 8964 8983 9003 9029 9065 9099 9104 9089 9088 9080 9016 8926 8835 8719 8640 8597 8558 8517 8466 8427 8385 8323 8381 8451 8524 8593 8664 8730 8797 8903 8972 9025 9093 9151 9145 9063 9054 9046 9037 9028 9037 9054 9064 9070 9073 9050 9042 9046 9049 9061 9065 9081 9074 9069 9064
8780 8794 8818 8821 8812 8832 8860 8875 8886 8914 8918 8879 8869 8882 8886 8874 8869 8868 8869 8871 8874 8881 8884 8895 8905 8920 8945 8946 8940 8966 8992 9023 9054 9092 9121 9126 9100 9080 9034 8942 8963 8724 8527 8425 8419 8404 8366 8337 8305 8248 8188 8245 8331 8415 8492 8562 8627 8695 8769 8877 8975 9068 9140 9148 9084 9070 9051 9042 9032 9042 9058 9066 9052 9038 9046 9051 9063 9086 9085 9089 9077 9069 9066 9064
8768 8798 8826 8812 8816 8841 8848 8851 8864 8864 8869 8864 8869 8883 8893 8872 8871 8872 8874 8876 8880 8889 8908 8928 8931 8937 8938 8939 8950 8970 9000 9041 9090 9117 9132 9138 9123 9071 9019 8985 8744 8546 8380 8296 8282 8273 8269 8251 8217 8175 8150 8189 8258 8340 8417 8484 8541 8582 8642 8774 8915 9043 9145 9194 9120 9069 9045 9035 9043 9044 9045 9051 9057 9064 9059 9059 9077 9095 9101 9069 9056 9063 9064 9064
8799 8829 8814 8807 8822 8842 8848 8847 8849 8849 8854 8865 8860 8878 8887 8880 8877 8875 8875 8878 8882 8888 8904 8941 8941 8942 8945 8954 8961 8968 8999 9054 9101 9124 9112 9130 9107 9038 8952 8839 8624 8427 8291 8219 8203 8210 8212 8204 8184 8154 8111 8157 8239 8318 8383 8443 8488 8527 8576 8702 8862 9016 9143 9222 9119 9054 9051 9043 9040 9046 9052 9055 9061 9064 9070 9080 9100 9147 9134 9088 9082 9068 9065 9064
8774 8802 8816 8814 8824 8836 8834 8846 8848 8850 8854 8861 8872 8875 8882 8887 8883 8880 8880 8881 8885 8891 8893 8919 8949 8955 8952 8965 8966 8973 9004 9064 9129 9157 9143 9135 9095 9003 8880 8718 8524 8351 8217 8160 8148 8155 8165 8168 8163 8154 8145 8183 8238 8301 8363 8413 8458 8502 8537 8663 8825 8986 9129 9216 9137 9106 9086 9074 9058 9061 9064 9062 9056 9058 9073 9088 9099 9103 9106 9099 9074 9063 9061 9061
8762 8774 8798 8815 8838 8845 8849 8861 8858 8852 8861 8866 8864 8882 8890 8888 8885 8884 8885 8886 8888 8891 8900 8927 8954 8960 8958 8968 8974 8982 9010 9067 9126 9152 9150 9150 9085 8968 8820 8647 8465 8301 8177 8122 8114 8126 8143 8159 8170 8178 8184 8215 8259 8311 8360 8402 8442 8466 8500 8651 8813 8972 9113 9227 9173 9114 9109 9099 9086 9092 9110 9078 9050 9060 9069 9078 9075 9080 9073 9063 9057 9056 9057 9058
8764 8772 8774 8790 8804 8856 8921 8894 8884 8877 8879 8877 8868 8906 8903 8890 8883 8886 8890 8896 8901 8901 8900 8941 8961 8965 8967 8974 8979 8989 9014 9060 9111 9144 9139 9174 9086 8935 8771 8600 8428 8257 8131 8096 8096 8118 8140 8167 8193 8218 8233 8265 8302 8336 8365 8398 8436 8483 8540 8661 8800 8950 9080 9161 9133 9121 9116 9109 9099 9099 9105 9091 9067 9059 9051 9046 9050 9044 9047 9049 9053 9053 9054 9055
8767 8774 8780 8784 8797 8851 8877 8883 8891 8906 8891 8898 8914 8909 8899 8885 8880 8887 8897 8908 8919 8938 8947 8908 8975 8961 8950 8965 8977 8992 9013 9054 9087 9101 9119 9083 9016 8888 8731 8558 8373 8205 8098 8076 8092 8117 8156 8193 8229 8270 8308 8344 8369 8380 8391 8406 8429 8481 8573 8655 8778 8917 9058 9174 9193 9124 9126 9119 9107 9099 9100 9100 9098 9082 9057 9052 9055 9050 9046 9049 9048 9049 9056 9058
8769 8777 8782 8805 8852 8863 8851 8857 8866 8869 8881 8893 8925 8890 8885 8881 8879 8888 8902 8917 8932 8948 8956 8923 8955 8953 8945 8955 8975 8999 9027 9059 9089 9114 9120 9095 8982 8849 8697 8531 8366 8188 8085 8078 8097 8126 8173 8212 8259 8309 8365 8471 8420 8409 8412 8412 8408 8393 8503 8610 8740 8886 9030 9157 9177 9117 9133 9128 9118 9111 9102 9106 9108 9097 9076 9066 9073 9078 9058 9055 9055 9058 9065 9065
8770 8774 8782 8797 8841 8867 8876 8878 8869 8867 8866 8878 8911 8884 8880 8880 8872 8893 8908 8918 8928 8939 8906 8898 8922 8947 8947 8953 8974 8999 9033 9067 9103 9124 9109 9047 8952 8821 8672 8513 8357 8190 8107 8093 8110 8142 8183 8226 8272 8323 8371 8377 8415 8423 8427 8426 8414 8380 8430 8552 8699 8857 9007 9117 9154 9118 9123 9125 9124 9120 9113 9108 9107 9106 9094 9071 9064 9067 9071 9072 9081 9088 9086 9075
8773 8777 8786 8802 8821 8839 8860 8879 8895 8887 8878 8868 8874 8887 8889 8898 8916 8921 8922 8919 8915 8903 8887 8908 8927 8937 8944 8952 8968 8990 9017 9060 9118 9145 9108 9041 8935 8805 8655 8494 8325 8167 8110 8111 8130 8162 8198 8233 8276 8314 8356 8402 8409 8411 8422 8436 8457 8472 8433 8521 8696 8852 8990 9095 9148 9112 9114 9118 9119 9118 9110 9108 9092 9106 9131 9098 9069 9063 9069 9082 9106 9135 9105 9083
8774 8780 8794 8817 8830 8843 8850 8862 8873 8878 8876 8875 8877 8879 8892 8916 8954 8944 8926 8915 8907 8902 8906 8918 8927 8929 8941 8951 8964 8981 9002 9046 9113 9195 9152 9047 8946 8814 8666 8503 8333 8204 8143 8150 8171 8194 8217 8246 8270 8300 8326 8336 8361 8369 8397 8442 8521 8588 8489 8561 8751 8891 9002 9096 9145 9118 9113 9113 9109 9103 9103 9109 9100 9112 9134 9110 9074 9072 9077 9091 9108 9111 9099 9080
8775 8782 8801 8814 8828 8837 8849 8862 8862 8865 8870 8885 8881 8871 8888 8909 8922 8925 8922 8914 8904 8899 8908 8919 8924 8928 8935 8946 8956 8971 8997 9035 9081 9135 9187 9087 8975 8836 8689 8540 8401 8281 8198 8202 8215 8237 8258 8275 8286 8289 8283 8273 8285 8319 8381 8445 8517 8623 8709 8816 8878 8948 9026 9101 9135 9131 9122 9110 9102 9094 9092 9091 9090 9110 9126 9111 9095 9087 9117 9117 9101 9092 9080 9073
8778 8791 8808 8819 8832 8840 8853 8859 8858 8862 8866 8875 8882 8870 8885 8901 8912 8919 8917 8913 8904 8897 8908 8922 8927 8927 8934 8943 8952 8961 8980 9012 9066 9143 9218 9138 9010 8876 8731 8597 8469 8357 8287 8274 8290 8310 8318 8315 8309 8288 8233 8188 8181 8277 8379 8460 8497 8579 8853 9023 8963 8990 9045 9102 9128 9130 9115 9102 9095 9090 9082 9079 9076 9100 9122 9114 9084 9076 9078 9093 9085 9068 9066 9067
8781 8790 8809 8825 8838 8854 8866 8870 8854 8871 8874 8872 8882 8885 8885 8894 8908 8917 8914 8916 8917 8913 8911 8912 8919 8922 8935 8939 8944 8952 8963 8986 9050 9112 9166 9136 9032 8921 8808 8686 8539 8402 8358 8362 8377 8381 8382 8375 8355 8315 8213 8173 8157 8278 8414 8533 8625 8712 8820 8867 8943 8998 9045 9083 9090 9090 9087 9087 9083 9077 9072 9070 9069 9084 9104 9118 9109 9066 9050 9064 9071 9072 9073 9069
8786 8799 8812 8821 8836 8861 8871 8869 8862 8879 8897 8890 8872 8873 8879 8886 8889 8886 8909 8919 8932 8939 8913 8899 8894 8915 8930 8929 8935 8943 8956 8978 9004 9025 9038 9061 9022 8952 8875 8789 8677 8544 8477 8482 8488 8491 8475 8453 8417 8374 8273 8236 8226 8342 8479 8639 8834 8893 8856 8828 8947 9021 9054 9069 9067 9069 9071 9075 9076 9070 9064 9068 9070 9072 9088 9118 9100 9055 9040 9054 9060 9069 9074 9072
8792 8802 8813 8822 8833 8854 8867 8866 8869 8894 8919 8902 8868 8863 8873 8884 8895 8910 8913 8915 8911 8907 8901 8889 8886 8888 8894 8912 8927 8936 8948 8964 8974 8984 9006 9023 9009 8975 8938 8909 8905 8835 8695 8648 8631 8616 8591 8561 8527 8484 8406 8372 8409 8467 8573 8703 8859 8942 8957 8982 9046 9067 9076 9080 9074 9073 9071 9068 9069 9066 9056 9060 9063 9067 9088 9114 9094 9042 9027 9043 9046 9057 9068 9074
8797 8806 8816 8825 8830 8848 8873 8866 8867 8873 8871 8880 8879 8870 8876 8886 8901 8922 8913 8909 8913 8904 8894 8882 8892 8890 8892 8907 8922 8933 8942 8950 8955 8973 8997 9010 9008 8995 8985 8979 8985 8959 8860 8821 8787 8758 8724 8691 8649 8598 8563 8528 8535 8592 8665 8729 8776 8906 9030 9166 9150 9114 9094 9079 9078 9073 9061 9062 9063 9062 9063 9055 9053 9064 9087 9112 9084 9030 9015 9013 9031 9042 9054 9074
8797 8806 8816 8829 8856 8886 8895 8865 8858 8863 8861 8864 8869 8874 8875 8878 8887 8893 8891 8891 8891 8894 8889 8891 8884 8897 8901 8908 8918 8928 8938 8946 8968 8998 9011 9002 9005 9004 9007 9016 8993 8984 9044 8996 8936 8885 8837 8798 8766 8718 8699 8685 8694 8741 8775 8791 8798 8927 9052 9127 9149 9131 9107 9087 9077 9068 9058 9061 9067 9064 9060 9057 9048 9054 9081 9111 9086 9026 9019 9020 9026 9034 9042 9061
8799 8805 8813 8825 8842 8876 8895 8873 8877 8873 8867 8853 8850 8855 8860 8867 8868 8863 8867 8869 8865 8870 8873 8880 8894 8894 8905 8908 8915 8924 8933 8946 8955 8983 9001 9000 9004 9017 9041 9063 9078 9076 9089 9094 9060 9007 8961 8876 8839 8818 8812 8819 8856 8878 8914 8942 8931 9019 9092 9143 9152 9127 9101 9077 9072 9063 9063 9061 9059 9056 9058 9054 9050 9047 9077 9097 9097 9073 9040 9026 9027 9033 9036 9046
8802 8806 8809 8818 8816 8838 8843 8842 8844 8843 8846 8850 8852 8855 8860 8860 8859 8857 8859 8863 8862 8870 8884 8886 8885 8889 8897 8906 8913 8920 8927 8935 8944 8945 8962 8984 8997 9017 9047 9096 9176 9183 9217 9215 9159 9103 9057 8983 8943 8917 8918 8930 8911 8932 9055 9140 9215 9142 9130 9128 9120 9110 9093 9077 9066 9058 9058 9057 9056 9049 9041 9060 9067 9072 9097 9143 9104 9085 9050 9036 9037 9039 9039 9043
8803 8806 8828 8827 8829 8828 8835 8838 8843 8841 8843 8847 8850 8853 8854 8854 8854 8854 8858 8867 8870 8875 8876 8884 8886 8888 8894 8902 8909 8916 8922 8925 8930 8935 8946 8961 8981 9003 9030 9071 9124 9188 9245 9268 9204 9143 9098 9058 9026 9004 9003 9034 9096 9181 9192 9215 9226 9191 9150 9122 9102 9090 9083 9074 9061 9054 9051 9052 9055 9051 9044 9067 9086 9106 9096 9094 9058 9031 9036 9041 9048 9043 9041 9046
8794 8799 8772 8841 8821 8824 8829 8831 8834 8837 8842 8847 8849 8849 8852 8851 8852 8854 8862 8877 8891 8880 8878 8879 8879 8892 8894 8899 8906 8914 8920 8923 8931 8942 8947 8958 8972 8990 9008 9025 9042 9121 9176 9202 9190 9156 9124 9101 9082 9068 9077 9113 9196 9279 9230 9214 9205 9181 9149 9120 9097 9077 9059 9050 9046 9042 9044 9050 9058 9062 9070 9077 9083 9084 9058 9029 9025 9019 9025 9030 9034 9040 9045 9049
8793 8808 8815 8823 8824 8824 8825 8829 8833 8844 8846 8847 8846 8848 8851 8850 8853 8857 8867 8881 8889 8878 8870 8882 8880 8887 8891 8898 8907 8914 8921 8930 8931 8941 8946 8955 8963 8974 8986 9004 9034 9076 9124 9162 9157 9140 9125 9111 9108 9099 9106 9123 9139 9122 9158 9164 9166 9150 9132 9113 9096 9070 9042 9029 9018 9018 9022 9039 9051 9062 9078 9089 9064 9037 9032 9030 9033 9022 9023 9027 9031 9036 9037 9039
8792 8804 8816 8824 8824 8827 8827 8832 8841 8842 8843 8843 8844 8844 8844 8848 8853 8858 8863 8875 8880 8875 8873 8877 8878 8883 8888 8896 8905 8915 8925 8934 8930 8938 8940 8939 8948 8962 8974 8990 9012 9045 9070 9090 9115 9123 9124 9121 9118 9112 9107 9108 9100 9078 9107 9119 9125 9123 9116 9101 9075 9066 9059 9035 9016 9011 9011 9015 9028 9045 9058 9072 9068 9044 9023 9023 9033 9026 9026 9029 9035 9035 9035 9035
8795 8811 8819 8821 8824 8832 8845 8848 8841 8839 8842 8844 8844 8844 8845 8849 8853 8859 8861 8869 8871 8870 8869 8873 8873 8879 8885 8892 8902 8912 8924 8941 8943 8939 8938 8932 8946 8956 8967 8982 9002 9026 9053 9066 9082 9094 9100 9101 9102 9101 9102 9099 9095 9089 9098 9106 9110 9109 9101 9087 9070 9066 9064 9038 9017 9011 9013 9018 9022 9027 9038 9056 9075 9064 9030 9024 9031 9026 9026 9027 9032 9035 9040 9046
8799 8812 8818 8819 8825 8834 8844 8855 8886 8851 8846 8848 8845 8845 8846 8850 8856 8860 8864 8867 8870 8870 8873 8873 8883 8885 8886 8890 8901 8912 8919 8909 8934 8943 8940 8949 8954 8958 8964 8969 8987 9009 9030 9049 9066 9076 9082 9086 9092 9094 9096 9092 9086 9087 9092 9096 9102 9099 9092 9082 9074 9070 9063 9042 9018 9019 9018 9022 9020 9017 9028 9043 9054 9056 9039 9031 9024 9023 9022 9024 9026 9035 9043 9052
8808 8815 8817 8819 8835 8833 8831 8845 8872 8862 8849 8842 8846 8849 8853 8857 8860 8862 8866 8867 8873 8874 8871 8902 8890 8885 8877 8880 8893 8909 8925 8932 8920 8924 8935 8944 8953 8961 8966 8973 8985 8999 9011 9033 9052 9059 9066 9072 9073 9077 9075 9074 9075 9075 9080 9095 9097 9095 9090 9084 9079 9084 9087 9064 9046 9041 9044 9029 9020 9024 9027 9033 9049 9060 9069 9047 9027 9020 9021 9025 9030 9040 9043 9045
8811 8814 8815 8827 8843 8830 8828 8848 8867 8866 8851 8846 8849 8854 8863 8867 8863 8862 8859 8860 8880 8888 8819 8747 8927 8900 8862 8872 8889 8907 8927 8940 8906 8915 8934 8949 8960 8964 8968 8975 8983 8993 9004 9022 9037 9044 9050 9054 9058 9062 9066 9068 9072 9078 9086 9093 9095 9093 9091 9090 9094 9106 9104 9073 9055 9054 9061 9030 9023 9031 9029 9027 9033 9049 9066 9058 9032 9019 9026 9032 9038 9044 9045 9046
8815 8810 8811 8814 8820 8823 8828 8854 8856 8845 8846 8848 8852 8856 8859 8860 8862 8862 8860 8861 8880 8892 8795 8647 8763 8911 8863 8871 8889 8903 8909 8909 8913 8930 8940 8953 8963 8964 8968 8970 8982 8991 9000 9009 9020 9031 9038 9044 9049 9054 9058 9063 9070 9081 9097 9101 9095 9092 9091 9091 9097 9107 9099 9055 9040 9051 9061 9043 9023 9031 9022 9025 9029 9031 9039 9069 9053 9031 9040 9044 9049 9052 9047 9047
8807 8809 8811 8813 8817 8823 8834 8846 8852 8843 8846 8852 8854 8857 8859 8862 8861 8861 8866 8871 8873 8866 8877 8928 8935 8886 8879 8880 8894 8908 8912 8913 8924 8934 8941 8946 8950 8959 8969 8982 8985 8992 9000 9005 9011 9024 9031 9037 9044 9049 9054 9059 9064 9070 9075 9085 9087 9087 9088 9091 9094 9094 9087 9046 9034 9041 9047 9040 9023 9021 9023 9015 9015 9023 9037 9069 9087 9081 9063 9056 9051 9051 9046 9048
8806 8807 8813 8819 8823 8820 8830 8848 8841 8844 8847 8853 8855 8858 8864 8867 8863 8858 8859 8864 8871 8876 8890 8906 8900 8890 8880 8886 8900 8919 8942 8937 8924 8933 8939 8941 8943 8952 8962 8973 8983 8993 9002 9013 9020 9022 9026 9034 9040 9045 9050 9055 9058 9059 9062 9069 9071 9072 9074 9080 9087 9091 9072 9043 9033 9035 9037 9030 9019 9016 9016 9008 9012 9022 9033 9047 9071 9076 9080 9066 9049 9039 9045 9049
8807 8807 8812 8816 8815 8816 8825 8842 8859 8858 8862 8852 8852 8855 8859 8872 8856 8849 8846 8861 8882 8889 8899 8925 8925 8888 8885 8893 8904 8921 8941 8941 8930 8935 8940 8941 8940 8948 8956 8967 8982 8994 9003 9011 9011 9016 9022 9028 9033 9038 9044 9048 9052 9054 9055 9057 9060 9063 9066 9068 9073 9089 9062 9041 9038 9038 9037 9040 9035 9009 9012 9009 9020 9022 9030 9043 9078 9110 9099 9076 9054 9042 9046 9049
8812 8807 8809 8812 8816 8822 8823 8826 8842 8844 8839 8841 8843 8845 8845 8835 8844 8846 8845 8886 8877 8886 8913 8936 8911 8889 8888 8894 8904 8916 8923 8926 8931 8942 8948 8948 8946 8952 8961 8972 8982 8992 9000 9003 9003 9016 9023 9028 9030 9030 9032 9036 9037 9043 9049 9044 9056 9058 9057 9051 9044 9027 9037 9060 9040 9036 9038 9036 9034 9016 9009 9013 9014 9016 9023 9042 9088 9141 9106 9076 9056 9050 9048 9054
8819 8808 8809 8811 8813 8817 8817 8815 8817 8822 8823 8831 8835 8839 8842 8848 8847 8849 8861 8853 8850 8863 8881 8889 8889 8889 8887 8891 8903 8915 8926 8922 8930 8947 8959 8962 8959 8967 8972 8979 8986 8992 9001 9013 9023 9024 9027 9028 9028 9030 9029 9032 9032 9037 9040 9049 9054 9050 9043 9033 9021 9009 9012 9019 9030 9030 9031 9028 9025 9023 9022 9024 9026 9029 9027 9026 9060 9080 9074 9061 9047 9037 9044 9049
