real_craters/C122-300m.grd
DSAA
249 249
-37.275 37.275
-37.275 37.275
8070.8365873298 9319.2693592752
[rows 120 to 149 of 249, columns 134 to 200 of 249]
8382.88 8388.58 8394.68 8399.71 8407.2 8416.01 8427.04 8441.96 8460.51 8493.49 8536.78 8568.5 8592.43 8627.47 8667.41 8713.85 8764.42 8818.61 8874.7 8932.3 8990.13 9044.52 9093.6 9139.49 9178.74 9209.58 9204.25 9152.44 9129.57 9123.71 9122.76 9124.01 9124.83 9121.56 9117.27 9112.65 9107.95 9103.7 9101.28 9099.1 9099.53 9100.53 9100.4 9100.12 9099.31 9098.75 9098.58 9095.28 9090.47 9075.2 9058.44 9054.09 9052.77 9050.34 9049.64 9051.53 9052.87 9052.07 9048.48 9048.42 9048.28 9046.13 9046.18 9047.91 9049.1 9048.81 9048.11
8393.99 8396.9 8400.22 8403.86 8408.85 8413.8 8420.08 8429.04 8441.21 8466.95 8506.33 8543.11 8578.33 8612.95 8654.83 8700.07 8750.27 8804.01 8863.92 8920.9 8978.82 9033.99 9087.99 9138.74 9188.08 9232.93 9234.1 9161.44 9127.92 9120.52 9122.65 9127.71 9133.05 9127.89 9122.22 9116.85 9111.58 9105.87 9099.19 9097.31 9098.44 9099.64 9100.67 9101.51 9101.57 9099.99 9097.27 9099.33 9101.19 9088.76 9078.97 9070.76 9063.21 9059.98 9058.29 9058.58 9060.84 9063.02 9059.18 9058.68 9054.15 9048.16 9046.2 9047.6 9049.4 9049.42 9048.37
8405.84 8406.85 8408.06 8409.18 8412.11 8412.83 8413.27 8414.04 8413.66 8422.62 8453.65 8516.08 8558.95 8593.83 8637.58 8685.2 8736.88 8791.21 8850.65 8908.8 8964.16 9021.49 9079.47 9129.43 9179.02 9221.92 9228.5 9148.39 9120.57 9117.18 9121.93 9129.03 9132.8 9130.47 9125.49 9120.48 9115.64 9110.58 9105 9102.08 9097.94 9098.61 9101.55 9103.22 9104.24 9104.99 9104.83 9101.78 9093.86 9092.75 9087.75 9078.41 9070.19 9066.65 9064.05 9064.3 9068.06 9076.07 9088.61 9073.06 9063.03 9053.02 9050.55 9051.34 9052.37 9052.54 9051.47
8413 8413.2 8413.46 8413.29 8412.21 8411.94 8407.51 8401.22 8390.48 8386.54 8412.65 8474.03 8524.07 8565.99 8613.85 8664.55 8718.51 8778.15 8835.74 8894.73 8950.06 9009.73 9061.01 9113.79 9159.55 9189.97 9178.96 9143.98 9122.76 9117.7 9121.71 9129.35 9134.39 9131.25 9127.15 9123.25 9119.84 9117.19 9116.06 9112.3 9105.63 9103.58 9104.47 9105.48 9106.43 9107.56 9108.3 9107.47 9105.72 9097.21 9087.87 9078.57 9071.82 9067.7 9065.67 9066.57 9070.15 9076.52 9081.72 9077.12 9071.28 9065.33 9055.58 9055.97 9057.43 9058.06 9057.7
8417.72 8420.28 8420.61 8420.22 8418.39 8415.4 8408.01 8397.31 8381.94 8373.82 8394.48 8435.44 8482.63 8535.85 8588.6 8642.98 8699.76 8761.99 8821.35 8881.37 8938.14 8996.73 9050.31 9099.53 9139.29 9166.71 9170.73 9143.93 9125.66 9117.99 9120.3 9126.3 9129.89 9129.35 9126.97 9124.56 9122.7 9121.56 9121.11 9119.06 9114.88 9110.26 9108.27 9107.56 9107.47 9107.94 9108.61 9109.03 9107.34 9101.23 9092.98 9083.29 9073.17 9064.39 9065.08 9066.63 9068.12 9069.7 9071.78 9073.69 9074.41 9075.67 9065.48 9063.17 9064.05 9065.26 9066.33
8423.77 8425.18 8426.81 8427.36 8426.29 8420.26 8413.31 8402.28 8385.65 8376.77 8392.52 8420.75 8460.73 8513.8 8566.76 8623.22 8684.84 8746.18 8810.56 8872.08 8933.96 8990.31 9043.54 9088.89 9125.47 9150.54 9157.5 9145.35 9126.47 9116.82 9117.77 9122.83 9125.97 9126.27 9125.5 9124.64 9123.94 9123.47 9122.97 9120.72 9117.95 9113.7 9110.8 9109.02 9107.76 9105.57 9106.63 9108.67 9108.03 9104.79 9100.83 9095.24 9081.5 9069.62 9069.05 9068.06 9065.94 9063.39 9064.14 9068.6 9071.94 9073.2 9070.31 9069.73 9071.23 9073.6 9076.78
8426.04 8429.27 8429.33 8432.04 8433.51 8432.71 8424.37 8417.15 8403.59 8389.9 8403.54 8427.57 8465.27 8502.35 8552.42 8612.58 8673.7 8738.35 8802.42 8866.29 8929.98 8986.95 9036.62 9080.19 9115.1 9138.43 9146.62 9139.52 9124.51 9114.72 9114.02 9117.9 9121.14 9122.58 9123.13 9123.37 9123.63 9123.85 9124.44 9123.54 9117.56 9113.75 9111.48 9109.79 9108.58 9108.12 9104.92 9105.47 9106.61 9106.58 9107.11 9103.63 9096.83 9087.29 9079.18 9072.66 9066.24 9060.81 9060.74 9064.83 9068.65 9070.75 9073.25 9074.2 9076.89 9081.51 9087.22
8419.59 8424.35 8430.32 8430.11 8436.15 8441.14 8438.67 8439.96 8437.94 8436.24 8431.45 8434.2 8454.8 8488.57 8542.48 8607.72 8671.44 8738.97 8805.18 8865.16 8923.62 8977.7 9026.64 9071.85 9105.64 9131.01 9144.63 9136.89 9121.72 9110.04 9110.61 9113.92 9117.15 9119.11 9120.31 9121.05 9121.8 9122.27 9123.44 9123.07 9113.6 9111.93 9110.77 9109.67 9108.27 9105.9 9099.4 9093.37 9097.9 9106.69 9113.83 9117.02 9112.82 9102.64 9089.74 9078.72 9069.06 9060.82 9060.18 9063.47 9066.67 9069.21 9072.26 9076.09 9081.05 9087.99 9096.12
8411.46 8418.89 8427.86 8428.96 8440.34 8452.33 8459.93 8470.4 8477.58 8479.05 8460.19 8436.3 8428.31 8467.74 8533.31 8606.3 8676.38 8745.67 8810.67 8865.34 8922.63 8974.88 9019.36 9063.71 9100.95 9129.58 9146.13 9136.9 9121.11 9111.08 9110.1 9112.88 9114.92 9116.48 9117.51 9118.43 9118.82 9118.16 9117.81 9115.83 9111.77 9110.02 9109.68 9109.35 9107.52 9101.79 9094.41 9085.15 9093.55 9108.04 9121.54 9132.32 9125.63 9111.82 9098.15 9084.77 9073.54 9067.49 9063.39 9063.98 9066.14 9068.78 9071.6 9076.02 9083.38 9092.33 9102.45
8397.76 8407.51 8419.63 8427.79 8444.76 8463.16 8482.17 8503.57 8518.23 8513.8 8489.93 8450.48 8421.67 8459.59 8536.69 8615.64 8690.51 8759.03 8823.15 8877.37 8930.58 8980.03 9021.04 9065.04 9102.16 9130.81 9144.84 9128.79 9119.91 9113.09 9111.51 9112.44 9113.76 9114.75 9115.45 9115.53 9114.7 9113.32 9111.65 9108.49 9106.88 9107.33 9108.09 9109.19 9110.01 9107.31 9096.85 9089.25 9096.61 9110.66 9125.18 9137.38 9136.79 9121.66 9104.68 9089.3 9075.86 9067.19 9065.06 9065.99 9067.61 9069.6 9071.59 9076.32 9085.83 9095.89 9105.52
8388.69 8396.2 8411.53 8429.82 8448.09 8474.48 8504.28 8539.94 8568.21 8566.89 8536.46 8487.97 8447.46 8481.53 8566.45 8649.08 8722.15 8786.34 8842.26 8895.38 8944.1 8985.94 9028.27 9068.83 9101.82 9132.48 9148.82 9127.8 9121.59 9116.51 9113.62 9113.33 9113.43 9113.68 9113.48 9112.81 9110.5 9108.48 9106.23 9104 9103.42 9103.91 9105.33 9107.63 9110.29 9109.02 9101.05 9096.21 9101.59 9112.82 9124.79 9134.71 9136.37 9124.13 9108.19 9092.8 9077.81 9066.42 9067.9 9070.3 9072.56 9072.4 9073.67 9079.22 9090.19 9098.81 9106.1
8371.19 8383.89 8402.51 8424.07 8451.99 8482.08 8519.5 8568.02 8624.87 8637.62 8594.08 8553.48 8519.85 8549.34 8629.83 8705.02 8768.01 8822.51 8871.42 8917.03 8959.71 8995.6 9035.13 9070.38 9102.52 9130.53 9144.64 9136.72 9126.17 9119.65 9115.31 9113.78 9114 9113.11 9111.75 9110.09 9107.11 9104.67 9101.55 9097.79 9098.66 9099.68 9101.21 9103.51 9106.73 9106.27 9101.48 9100.71 9104.7 9113.17 9121.97 9127.24 9127.1 9120.55 9109.04 9096.64 9083.81 9074.06 9074.73 9077.37 9081.92 9088.18 9091.58 9090.71 9097.96 9102.74 9106.23
8353.41 8373.58 8398.34 8422.44 8452.48 8481.98 8517.77 8566.4 8630.57 8657.91 8641.65 8634.83 8635.63 8668.9 8728.91 8782.15 8824.9 8863.55 8901.21 8937.89 8972.42 9008.23 9042.95 9074.02 9100.91 9127.37 9139.31 9133.37 9129.25 9125.14 9121.71 9119.28 9116.38 9113.44 9110.68 9108.03 9104.87 9101.83 9098.55 9095.4 9094.08 9094.88 9095.88 9096.73 9096.87 9096.93 9096.08 9097.89 9103.9 9112.15 9120.36 9124.02 9121.68 9117.68 9109.48 9100.21 9092.79 9087.49 9082.79 9084.43 9090.88 9100.71 9114.77 9110.99 9109.07 9106.9 9105.34
8343.91 8368.98 8395.36 8421.63 8447.54 8474.61 8501.31 8532.96 8566.83 8619.81 8666.67 8715.34 8771.35 8827.58 8850.02 8867.72 8885.09 8907.37 8932.28 8960.05 8988.28 9018.85 9049.9 9078.75 9101.68 9125.59 9134.82 9132.53 9132.87 9132.9 9132.04 9125.5 9118.82 9113.57 9109.35 9106.01 9102.62 9100.01 9097.41 9093.53 9090.82 9090.62 9090.61 9090.24 9089.34 9088.56 9088.59 9091.77 9100.71 9110.42 9120.41 9127.42 9125.41 9118.51 9109.94 9100.78 9094.7 9090.35 9085.42 9087.08 9095.14 9109.82 9130.9 9128.63 9116.6 9108.18 9102.43
8332.46 8365.8 8395.61 8425.67 8450.8 8471.71 8487.36 8500.32 8514.36 8589.76 8683.67 8778.76 8880.07 8961.03 8955.65 8940.78 8935.37 8940.57 8955.26 8975.66 9003.08 9028.8 9057.76 9083.33 9104.03 9122.95 9133.27 9135.38 9136.66 9135.53 9134.4 9126.52 9118.11 9111.78 9107.05 9103.18 9100.49 9098.24 9096.81 9095.14 9089.99 9087.41 9086.1 9085.06 9084.05 9082.91 9083.44 9087.76 9096.81 9107.5 9119.06 9130.52 9130.8 9120.46 9110.43 9098.6 9084.34 9080.67 9081.89 9083.67 9089.43 9100.88 9113.34 9120.96 9111.93 9103.58 9096.6
8327.63 8366.99 8402.52 8434.27 8460.59 8479.83 8490.04 8496.18 8511.38 8594.12 8701.92 8813.93 8934.02 9040.89 9012.32 8977.74 8961.67 8963.76 8973.22 8991.4 9011.37 9035.62 9062.79 9085.6 9106.23 9123.06 9130.37 9132.87 9134.27 9131.41 9127.46 9119.96 9112.99 9107.27 9103.03 9099.68 9096.97 9094.97 9093.43 9091.04 9086.03 9083.5 9082.04 9080.5 9079.63 9077.31 9076.99 9082.27 9091.83 9102.68 9113.88 9123.54 9124.78 9119.45 9112.35 9101.31 9084.04 9080.18 9079.44 9077.2 9076.1 9079.6 9085.87 9094.17 9097.43 9094.19 9089.03
8329.49 8373.33 8414.33 8452.18 8482.02 8504.36 8515.47 8524.28 8545.98 8624.75 8721.76 8820.7 8917.68 8992.19 8989.95 8971.64 8964.32 8967.98 8979.06 9000.19 9018.74 9041.31 9062.06 9083.51 9104.61 9123.71 9123.94 9121.74 9122.16 9121.49 9117.5 9109.89 9104.82 9100.85 9097.84 9094.93 9092.59 9090.5 9088.42 9086.14 9083.09 9081.3 9078.71 9076.05 9072.9 9072.13 9071.6 9077.38 9086.54 9096.71 9106.82 9114.83 9118.64 9118.91 9115.92 9111.59 9109.65 9093 9080.76 9071.14 9064.09 9064.52 9070.67 9078.23 9084.25 9084.28 9081.65
8336.78 8386.37 8433 8476.09 8514 8544.71 8564.66 8582.12 8607.33 8673.37 8745.33 8813.08 8867.09 8893.83 8919.32 8936.71 8949.97 8963.58 8979.64 8999.33 9019.55 9041.49 9060.28 9079.2 9096.24 9111.83 9108.38 9103.63 9102.32 9105.58 9106.41 9097.55 9095.16 9093.37 9091.79 9089.8 9087.79 9085.64 9083.48 9082.14 9082.52 9079.29 9075.26 9073.55 9072.34 9069.46 9069.64 9074.13 9081.4 9090.29 9099.34 9108.73 9115.32 9118 9118.38 9117.71 9114.2 9098.77 9081.61 9066.75 9054.25 9053.36 9060.02 9071.9 9073.65 9074.98 9074.83
8352.22 8406.52 8458.01 8508.37 8555.68 8598.39 8632.32 8667.65 8700.54 8736.79 8777.33 8811.68 8831.39 8839.67 8864.61 8900.65 8930.83 8957.41 8981.97 9002.65 9022.71 9039.79 9057.83 9072.59 9081.31 9082.84 9086.98 9085.26 9083.24 9086.92 9084.34 9084.41 9085.78 9085.89 9085.45 9084.41 9082.9 9080.61 9077.81 9075.53 9073.31 9070.73 9070 9069.4 9068.78 9067.62 9067.29 9071.47 9077.03 9083.43 9090.53 9098.81 9107.14 9113.61 9117.99 9118.67 9114.13 9097.96 9079.97 9063.81 9052.15 9048.43 9050.81 9054.54 9062.04 9066.65 9068.94
8370.83 8429.38 8484.84 8542.22 8597.48 8657.27 8709.5 8750 8779.8 8804.43 8818.23 8825.41 8820.99 8810.79 8828.7 8877.78 8922.13 8959.92 8985.53 9008.75 9026.65 9043.26 9058.12 9068.68 9071.07 9070.27 9075.18 9073.56 9074.36 9076.33 9077.84 9078.11 9078.74 9079.82 9080.38 9080.15 9079.21 9076.77 9071.73 9069.63 9065.65 9063.58 9065.88 9066.92 9067.35 9068.03 9067.57 9070.52 9073.73 9077.47 9081.78 9088.8 9101.39 9112.2 9117.4 9117.03 9109.87 9094.47 9076.35 9059.56 9048.36 9044.51 9046.1 9049.22 9055.61 9060.99 9064.29
8400.68 8458.75 8515.46 8577.42 8643.56 8716.32 8790.38 8858.34 8877.55 8871.92 8863.07 8851.92 8834.53 8817.11 8829.59 8879.49 8929.42 8967.37 8997.92 9020.52 9036.13 9049.21 9058.62 9067.61 9069.17 9070.07 9067.64 9068.1 9068.55 9070.21 9070.83 9070.88 9073.4 9075.25 9076.2 9076.75 9076.59 9075.83 9074.12 9069.35 9065.36 9063.6 9064.88 9067.15 9068.49 9070.34 9072.13 9070.31 9071.25 9073.17 9075.79 9082.65 9099.73 9113.76 9117.67 9115.27 9106.08 9090.36 9071.85 9054.15 9040.18 9039.8 9043.6 9051.29 9054.85 9057.07 9059.76
8439.17 8491.29 8547.35 8610.32 8679.67 8758.94 8850.02 8940.75 8952.26 8925.66 8904.68 8887.62 8869.1 8850.46 8855.02 8904.72 8953.3 8990.61 9017.85 9034.46 9047.9 9057.69 9063.12 9068.34 9069.85 9071.25 9068.23 9067.23 9065.86 9067.9 9069.04 9068.82 9070.7 9071.96 9072.86 9073.61 9074.44 9075.39 9074.78 9069.89 9065.71 9063.89 9063.71 9066.82 9067.57 9067.49 9067.87 9068.3 9068.91 9070.81 9074.66 9083.34 9099.7 9114.33 9117.97 9114.59 9103.74 9086.89 9067.48 9049.39 9038.03 9035.86 9039.69 9047.05 9051.59 9052.69 9055.01
8479.93 8529.98 8583.83 8639.57 8704.19 8777.95 8862.45 8947.51 8961.1 8946.75 8934.55 8926.08 8917.02 8909.48 8914.67 8958.72 8995.66 9022.99 9041.71 9054.75 9062.43 9066.02 9071.12 9072.52 9075.44 9077.48 9071.88 9069.74 9068.52 9069.75 9070.62 9070.72 9069.95 9069.62 9069.98 9070.74 9071.78 9073.32 9073.45 9068.33 9063.56 9060.03 9059.43 9060.06 9063.11 9065.29 9065.82 9065.89 9066.88 9069.25 9074.76 9084.86 9098.6 9111.76 9116.94 9116 9103.43 9083.8 9062.97 9043.9 9031.8 9031.11 9034.34 9040.3 9045.06 9047.34 9049.37
8524.54 8567.99 8614.56 8663.3 8716.54 8773.58 8832.7 8884.14 8923.53 8940.86 8951.96 8962.51 8976.12 8990.61 9008.64 9039.31 9054.91 9062.91 9070.73 9072.35 9075.2 9077.43 9079.09 9078.67 9082.35 9083.59 9076.01 9073.17 9072.34 9073.1 9071.11 9071 9067.71 9066.85 9067.05 9067.51 9067.92 9068.28 9067.95 9065.11 9061.27 9056.67 9057.26 9057.73 9059.75 9062.25 9062.74 9062.94 9064.22 9066.75 9071.36 9081.87 9095.47 9107.07 9113.64 9115.46 9101 9079.89 9058.17 9039.14 9028.01 9026.13 9028.7 9034.79 9041.91 9040.57 9042.77
8569.64 8606.53 8644.69 8682.86 8722.28 8760.26 8796.62 8832.68 8884.28 8926.96 8960.94 8992.85 9027.56 9073.95 9134.13 9130.62 9113.61 9102.9 9096.15 9092.3 9089.46 9086.17 9083.72 9082.35 9084.24 9084.1 9077.91 9075.12 9072.91 9070.39 9068.01 9063.35 9063.32 9063.78 9064.45 9064.83 9064.5 9062.45 9061.88 9062.68 9062.04 9061.74 9061.34 9059.97 9058.23 9058.17 9058.56 9059.58 9061.76 9065.03 9069.29 9079.91 9093.23 9103.27 9108.61 9105.5 9094.68 9075.08 9053.2 9033.6 9022.92 9020.67 9021.46 9023.49 9025.08 9030.18 9035.23
8614.75 8645.51 8674.99 8703.76 8730.45 8753.48 8774.13 8802.11 8863.09 8919.33 8967.21 9011.71 9061.51 9117.89 9175.27 9174.81 9151.41 9132.76 9118.72 9109.53 9101.5 9093.09 9087.93 9082.8 9080.25 9078.86 9078.11 9076.53 9074.35 9070.95 9067.44 9063.12 9060.82 9061.1 9062.31 9063.37 9063.36 9061.7 9061.35 9062.28 9062.96 9064.83 9063.03 9059.24 9055.66 9054.54 9054.01 9056.01 9059.45 9064.74 9072.14 9081.92 9093.65 9103.74 9109.77 9106.93 9092.09 9071.47 9048.82 9029.09 9018.99 9016.32 9015.62 9015.51 9014.09 9022.44 9029.4
8662.23 8687.04 8708.87 8727.7 8744.32 8759.92 8781.71 8813.6 8862.9 8919.02 8971.6 9022.91 9073.66 9122.82 9163.96 9172.84 9160.9 9145.89 9131.95 9120.63 9109.93 9101.11 9092.27 9084.27 9075.8 9077.62 9078.22 9077.88 9077.78 9078 9068.02 9060.39 9057.87 9059.21 9061.16 9063.13 9064.68 9065.6 9064.56 9063.23 9062.21 9060.75 9060.18 9058.84 9052.79 9046.26 9049.5 9052.63 9056.73 9063.19 9072.41 9082.49 9094.1 9106.31 9113.24 9109.25 9092.22 9069.86 9046.08 9025.25 9016.73 9014.83 9014.97 9015.22 9019.11 9021.91 9026.63
8715 8732.88 8747.77 8758.69 8766.41 8773.74 8789.43 8824.18 8872.21 8926.19 8980.49 9031.18 9077.07 9114.84 9141.67 9153 9154.86 9149.19 9138.43 9126.68 9116.97 9106.36 9096.74 9088.23 9080.86 9079.5 9078.35 9077.33 9076.88 9072.43 9065.28 9059.13 9056.75 9058.47 9060.85 9063.28 9066.13 9068.96 9066.83 9063.87 9061.62 9059.12 9059.28 9060.02 9054.07 9048.84 9048.11 9050.01 9053.36 9059.02 9067.69 9079.54 9092.36 9104.08 9111.45 9109.79 9092.92 9070.07 9045.51 9025.58 9017.79 9016.33 9016.66 9017.04 9020.5 9022.41 9025.61
8772.18 8783.37 8792.26 8798.61 8799.06 8795.69 8796.27 8830.87 8886.99 8943.26 8994.73 9041.56 9082.06 9109.95 9127.63 9138 9147.82 9146.38 9139.79 9130.27 9120.53 9110.42 9100.01 9091.65 9085.7 9081.27 9077.68 9074.73 9071.29 9065.86 9062.21 9059.09 9057.66 9059.17 9060.88 9062.9 9065.22 9068.16 9065.81 9063.23 9061.64 9061.09 9064.57 9064.13 9056.13 9050.21 9048.04 9047.96 9049.57 9053.22 9061.42 9074.95 9089.45 9102.84 9113.73 9111.44 9094.36 9073.1 9048.62 9025.66 9022.26 9020.86 9019.98 9019.79 9020.62 9022.31 9024.53
8830.02 8837.27 8845.33 8850.69 8848.62 8837.15 8823.49 8861.34 8919.21 8971.31 9017.88 9057.78 9091.48 9114.46 9132.32 9143.89 9150.01 9146.8 9139.38 9131.97 9120.42 9110.3 9099.31 9089.62 9083.18 9079.85 9075.82 9071.85 9067.56 9063.95 9061.83 9060.7 9060.58 9060.64 9060.98 9061.5 9061.81 9061.07 9061.78 9060.95 9060.68 9062.22 9066.94 9064.43 9056.39 9050.76 9048.06 9046.84 9046.69 9048.12 9055.7 9070.97 9086.08 9099.77 9109.2 9105.96 9095.49 9080.03 9060.65 9041.1 9035.05 9030.23 9026.13 9023.47 9022.06 9023.36 9024.51
