real_craters/C122-300m.grd
DSAA
249 249
-37.275 37.275
-37.275 37.275
8070.8365873298 9319.2693592752
[rows 90 to 119 of 249, columns 0 to 66 of 249]
8818.28 8817.15 8815.6 8813.77 8811.61 8802.76 8793.73 8789.52 8792.27 8799.93 8808.97 8816.75 8823.08 8829.74 8826.03 8824.87 8829.32 8834.39 8836.44 8840.75 8850.41 8856.06 8858.53 8859.19 8858.61 8857.98 8858.15 8863.07 8865.07 8867.69 8870.92 8873.13 8874.33 8874.08 8871.95 8868.23 8868.24 8871.27 8873.27 8874.45 8875.01 8873.2 8873.13 8872.91 8872.31 8871.2 8871.66 8872.34 8873.92 8876.61 8879.05 8879.43 8877.3 8875.36 8874.02 8875.46 8876.64 8877.76 8878.75 8879.8 8880.38 8880.42 8880.12 8878.65 8876.68 8882.37 8886.48
8816.57 8815.5 8814.23 8811.83 8805.79 8799.35 8792.33 8788.04 8788.63 8793.47 8798.82 8801.63 8801.37 8806.42 8815.68 8824.05 8833.68 8843.19 8847.97 8851.32 8857.57 8860.23 8860.52 8859.62 8858.59 8857.4 8857.78 8860.49 8864.76 8869.04 8872.6 8873.9 8873.43 8872.18 8870.83 8868.76 8870.13 8874.15 8875.6 8875.68 8875.82 8875.33 8875.03 8873.83 8873.56 8872.61 8872.26 8872.69 8873.72 8874.67 8875.91 8876.44 8876.74 8877.2 8878.63 8878.25 8878.21 8878.49 8879.3 8880.49 8882.22 8884.01 8886.41 8888.84 8889.15 8892.51 8894.94
8814.8 8814.23 8812.82 8810.62 8803.9 8798.14 8792.2 8788.22 8788.56 8790.29 8791.63 8790.83 8787.74 8789.42 8804.84 8820.59 8836.71 8854.52 8873.62 8875.35 8869.18 8865.85 8863.64 8861.3 8859.7 8858.19 8858.06 8859.32 8866.39 8872.88 8873.78 8875.95 8875.72 8874.63 8873.41 8871.71 8874.9 8880.57 8879.18 8878.05 8876.63 8875.86 8874.36 8873.79 8872.95 8872.42 8872.26 8872.03 8872.28 8872.67 8873.33 8874.52 8875.58 8877.51 8879.13 8879.9 8879.52 8878.99 8880.07 8881.62 8884.29 8887.83 8892.22 8899.3 8906.21 8904.82 8906.93
8813.97 8813.27 8811.69 8809.75 8805.05 8798.43 8792.84 8789.34 8790.07 8789.16 8787.95 8786.16 8783.1 8786.33 8800.65 8817.91 8836.4 8857.33 8880.67 8883.36 8874.44 8869.1 8865.75 8863.68 8861.98 8860.97 8861.83 8865.1 8873.48 8882.71 8886.77 8883.52 8877.65 8876.84 8879.03 8880.85 8879.31 8882.67 8881 8879.37 8877.16 8876.19 8875.23 8874.27 8873.15 8872.58 8871.95 8871.52 8871.01 8870.51 8870.14 8870.83 8873.17 8876.99 8881.23 8882.69 8880.47 8878.45 8878.14 8881.46 8885.85 8891.08 8895.93 8899.31 8905.48 8913.96 8920.91
8813.57 8812.92 8811.47 8810.18 8804.84 8797.76 8793.12 8790.96 8791.34 8788.77 8786.42 8784.77 8784.08 8788.36 8799.91 8815.01 8832.11 8848.91 8862.3 8870.22 8870.68 8868.88 8867.15 8865.9 8864.09 8864.22 8866.61 8872.89 8882.07 8893.1 8904.13 8891.66 8883.41 8881.2 8884.86 8892.15 8902.57 8884.21 8881.27 8879 8877.29 8875.97 8874.77 8873.74 8872.76 8871.9 8871.03 8870.37 8869.33 8868.23 8866.95 8866.43 8869.36 8874.9 8882.48 8884.04 8879.61 8877.32 8877.5 8881.64 8887.68 8894.38 8900.84 8906.28 8913.78 8922.98 8932.63
8813.19 8812.74 8810.98 8808.22 8799.54 8794.1 8792.03 8791.45 8790.96 8788.34 8785.61 8784.1 8784 8788.34 8798.88 8812.28 8826.61 8839.76 8849.44 8859.49 8865.24 8867.29 8867.39 8866.59 8865.24 8864.28 8866.99 8872.19 8881.79 8895.25 8899.67 8893.73 8880.45 8882.82 8887.32 8891.75 8886.5 8883.69 8880.9 8878.59 8877.12 8875.5 8874.59 8873.03 8872.02 8871.09 8870.17 8869.08 8867.9 8866.46 8864.81 8863.62 8865.84 8870.64 8874.8 8875.91 8875.91 8875.94 8877.57 8882.23 8889 8897.49 8907.18 8915.57 8923.34 8930.95 8939.11
8812.82 8812.39 8809.86 8797.94 8787.47 8788.27 8789.56 8790.9 8790.06 8787.4 8784.56 8782.55 8781.33 8785.25 8797.31 8810.14 8823.16 8834.5 8844.1 8854.04 8860.95 8864.64 8866.65 8867.67 8867.7 8865.26 8867.3 8868.72 8876.15 8896.55 8907.9 8896.31 8886.55 8886.14 8887.83 8890.36 8892.02 8883.74 8880.39 8878.13 8876.06 8874.38 8873.27 8872.07 8871.47 8870.44 8869.68 8868.61 8867.31 8865.89 8864.49 8863.22 8864.54 8867.78 8869.35 8869.35 8872.82 8875.39 8878.26 8882.23 8888.75 8898.06 8911.24 8927.03 8931.16 8935.74 8942.61
8812.04 8811.51 8807.4 8789.2 8781.63 8783.72 8787.15 8789.63 8788.56 8786.06 8783.12 8780.86 8780.2 8786.67 8796.87 8809.35 8821.98 8833.5 8843.6 8852.66 8859.62 8864.18 8867.41 8870.22 8873.15 8874.77 8872.22 8869.34 8870.9 8882.11 8891.26 8894.24 8894.54 8889.16 8887.08 8885.44 8883.14 8882.03 8879.58 8877.57 8875.54 8873.55 8872.32 8871.14 8870.25 8869.39 8868.71 8868.31 8867.3 8866.46 8865.69 8865.35 8866.46 8868.75 8870.02 8870.49 8873.73 8875.04 8876.84 8881.15 8886.07 8893.27 8904.97 8923.32 8927.86 8935.2 8943.83
8809.83 8808.7 8802.27 8785.7 8780.04 8781.09 8785.12 8790.19 8789.17 8784.96 8781.72 8779.57 8779.73 8785.76 8796.57 8809.4 8822.6 8834.58 8845.29 8853.51 8860.44 8864.97 8868.73 8871.2 8876.16 8882.99 8877.69 8874.87 8871.83 8871.19 8876.19 8884.83 8890.29 8886.91 8885.23 8882.55 8879.81 8880.39 8878.13 8875.77 8874.08 8872.15 8871.32 8870.03 8869.31 8868.58 8868.34 8867.84 8867.45 8867.37 8867.73 8869.04 8871.19 8872.23 8874.36 8876.85 8879.3 8880.23 8879.94 8880.35 8881.73 8884.37 8888.3 8896.44 8914.95 8930.64 8943.83
8806.33 8804.28 8795.81 8782.77 8778.79 8778.82 8781.15 8785.36 8784.91 8783.41 8780.7 8778.93 8779.09 8783.66 8796.73 8810.95 8824.91 8838.15 8848.32 8856.1 8862.48 8867.08 8869.97 8871 8870.43 8871.7 8878.51 8883.8 8889.66 8875.81 8872.17 8872.06 8875.22 8881.74 8883.82 8884.85 8883.85 8880.22 8875.92 8873.4 8871.89 8870.89 8869.72 8868.86 8868.19 8868.24 8868.14 8868.07 8868.03 8868.3 8869.17 8870.96 8873.07 8874.38 8877.55 8884.1 8883.62 8885.54 8883.19 8879.5 8877.46 8876.3 8875.94 8882.87 8906.01 8927.03 8944.59
8803.41 8801.1 8791.91 8781.87 8778.71 8777.19 8776.48 8777.17 8784.73 8782.21 8780.8 8779.49 8782.1 8789.12 8801.7 8814.86 8828.12 8841.79 8852.07 8859.37 8866.01 8871.41 8874.43 8873.98 8869.58 8869.48 8879.48 8887.11 8893.71 8882.74 8876.15 8873.68 8875.79 8880.88 8882.99 8882.65 8879.89 8875.56 8871.2 8869.72 8870.11 8869.94 8869.81 8868.34 8868.15 8868.06 8868.04 8868.12 8868.3 8868.61 8869.73 8871 8872.52 8873.85 8875.74 8877.25 8879.82 8882.75 8880.92 8877.38 8874.26 8872.55 8873.2 8883.17 8904.44 8926.82 8946.41
8801.68 8798.9 8787.76 8783.59 8780.82 8778.58 8775.51 8774.44 8775.57 8783.62 8784.03 8780.03 8782.19 8796.21 8809.89 8820.67 8831.05 8841.5 8852.41 8862.51 8870.93 8877.84 8882.46 8883.48 8882.01 8881.59 8885.07 8885.71 8877.41 8874.15 8882.47 8886.41 8885.68 8884.64 8883.7 8881.43 8874.42 8865.46 8867.09 8868.4 8867.57 8867.54 8866.74 8866.75 8866.87 8867.54 8867.2 8867.63 8868.12 8868.41 8869.34 8870.38 8870.45 8871.51 8872.86 8873.88 8874.74 8875.75 8876.33 8875.01 8873.16 8872.19 8874.67 8886.61 8907.2 8929.26 8948.36
8795.3 8793.46 8787.02 8784.9 8785 8784.99 8782.2 8782.48 8792.23 8797.28 8794.82 8789.01 8786.76 8804.26 8818.86 8828.51 8835.78 8840.68 8854.28 8867.31 8877.52 8886.1 8893.17 8897.54 8896.98 8896.28 8894.71 8890.99 8887.96 8892.51 8891.08 8898.2 8892.78 8887.63 8884.68 8881.17 8874.71 8867.18 8867.71 8867.74 8867.55 8867.48 8867.88 8868.33 8868.4 8868.52 8868.85 8869.22 8869.57 8869.03 8869.31 8869.54 8869.44 8870.31 8871.12 8871.14 8871.03 8871.84 8874.06 8874.9 8874.24 8873.84 8876.9 8890.55 8911.53 8933.59 8952.15
8785.28 8785.94 8784.89 8785.94 8791.67 8797.28 8801.22 8805.05 8818.09 8814.34 8808.7 8808.41 8805.82 8814.14 8826.06 8839.91 8848.71 8852.54 8863.3 8873.97 8883.79 8893.83 8904.19 8914.13 8919.61 8913.72 8904.93 8897.73 8894.98 8890.27 8889.21 8891.44 8889.7 8887.26 8884.97 8881.65 8877.59 8875.38 8870.83 8868.64 8867.36 8867.02 8866.89 8867.4 8867.59 8867.87 8868.43 8868.73 8869.24 8869.7 8870.1 8870.25 8870.2 8870.58 8871.66 8871.83 8871.76 8873.31 8876.17 8878.34 8879.22 8878.98 8880.12 8895.77 8917.18 8938.71 8956.95
8782.73 8781.39 8782.3 8789.26 8799.58 8810.06 8822.13 8824.3 8818.5 8814.91 8814.9 8819.61 8821.71 8830.48 8844.69 8854.11 8867.38 8878.33 8876.38 8880.07 8887.5 8897.91 8910.75 8926.24 8939.79 8925.94 8909.57 8897.08 8889.22 8883.73 8878.77 8877.15 8882.17 8884.92 8885.38 8883.46 8879.46 8874.4 8871.26 8869.23 8868.22 8867.94 8867.61 8867.39 8867.45 8867.86 8868.37 8868.99 8869.75 8870.51 8871.32 8871.99 8872.39 8873.62 8874.99 8875.28 8874.4 8875.99 8882.27 8886.23 8888.83 8890.38 8891.93 8906.3 8924.14 8942.83 8959.87
8780.63 8776.98 8785.28 8796.86 8807.17 8817.29 8826.42 8825.48 8817.38 8812.31 8812.54 8815.84 8824.52 8839.47 8852.91 8859.78 8868.95 8879.16 8877.7 8880.06 8886.32 8895.79 8908.24 8923.22 8933.32 8921.62 8904.49 8889.14 8875.79 8871.28 8869.56 8868.87 8877.93 8884.16 8886.96 8886.08 8881.63 8875.94 8872.1 8869.66 8868.51 8868.32 8868.54 8868.22 8868.65 8869.17 8869.81 8870.52 8871.42 8872.36 8873.71 8875.21 8877.61 8880.32 8881.14 8881.96 8882.25 8886.86 8893.88 8898.28 8902.03 8906.57 8913.19 8919.83 8930.7 8943.48 8956.27
8776.87 8776.37 8795.4 8804.22 8812.91 8821.15 8824.73 8821.68 8814.31 8809.32 8809.41 8811.25 8825.48 8841.11 8852.33 8856.04 8855.98 8859.55 8867.7 8873.71 8880.12 8887.46 8896.22 8906.56 8913.01 8904.55 8892.34 8879.27 8866.66 8864.82 8869 8872.99 8878.73 8885.83 8890.99 8890.05 8884.21 8877.29 8872.18 8869.57 8869.24 8869.53 8869.88 8870.22 8870.83 8871.71 8871.69 8872.77 8873.61 8874.33 8875.77 8878.06 8881.29 8884.56 8888.23 8892.93 8898.92 8908.61 8909.58 8911.92 8915.81 8921.5 8926.34 8930.03 8934.76 8940.15 8943.88
8771.75 8772.21 8790.6 8805.48 8816.15 8823.69 8826.69 8819.6 8809.92 8805.71 8812 8822.03 8832.72 8843.31 8851.79 8851.12 8847.72 8850.44 8858.31 8865.19 8870.55 8874.98 8878.11 8879.49 8882.03 8882.9 8878.32 8871.02 8865.06 8868.64 8870.34 8874.14 8879.77 8887.39 8895.82 8896.05 8885.81 8875.7 8869.07 8869.31 8869.95 8870.66 8871.21 8871.81 8872.48 8873.27 8873.98 8874.84 8875.54 8876.49 8878.35 8880.75 8884.21 8889.07 8894.57 8903.21 8916.6 8922.67 8922.5 8923.37 8926.07 8931.75 8937.32 8935.79 8936.83 8937.28 8934.54
8767.5 8768.69 8788.71 8808.34 8819.61 8826.71 8826.6 8817.33 8805.34 8797.63 8816.54 8834.58 8839.61 8844.41 8846.84 8846.53 8843.74 8846.24 8852.5 8857.99 8861.62 8863.27 8862.25 8857.4 8857.99 8865.29 8866.99 8865.01 8862.22 8866.99 8867.77 8871.79 8878.52 8886.11 8892.34 8892.36 8885.61 8877.06 8871.03 8870.96 8871.41 8871.83 8872.21 8873.04 8873.19 8874.12 8874.83 8875.66 8877.06 8878.41 8879.79 8882.19 8885.55 8889.7 8896.94 8907.13 8918.42 8927.04 8930.24 8931.09 8931.78 8932.39 8934.48 8937.16 8938.37 8938.65 8938.05
8776.27 8789.61 8809.86 8817.93 8822.65 8827.13 8828.4 8815.17 8804.15 8800.79 8816.49 8834.23 8841.01 8844.77 8846.99 8847.2 8845.43 8846.06 8849.6 8852.89 8854.59 8854.99 8853.05 8849.61 8850.91 8856.82 8860.89 8862.8 8863.18 8862.46 8863.66 8868.85 8876.29 8883.41 8888.25 8888.71 8885.02 8879.9 8876.57 8874.33 8873.73 8873.75 8873.48 8873.68 8873.82 8874.77 8874.78 8876.51 8877.6 8878.98 8880.85 8883.07 8886.06 8889.67 8897.36 8907.8 8921.04 8931.74 8936.02 8936.69 8935.94 8934.37 8935.55 8938.59 8940.41 8941.62 8944.33
8795.28 8819.35 8831.2 8825.68 8821.46 8816.92 8814.14 8809.83 8804.41 8801.26 8818.93 8834.03 8840.53 8844.2 8847.9 8848.79 8847.34 8846.8 8847.41 8848.96 8849.93 8850.15 8849.33 8848.46 8850.07 8854.07 8858.37 8862.75 8865.76 8861.61 8859.69 8867.26 8874.83 8881.47 8886.83 8887.03 8884.82 8881.52 8878.49 8877.34 8876.79 8875.67 8874.87 8874.77 8874.73 8874.55 8875.19 8877.24 8878.28 8879.85 8881.51 8883.71 8886.95 8890.51 8895.28 8904.3 8921.28 8937.83 8940.57 8940.55 8940.1 8939.6 8940.37 8941.99 8943.28 8944.3 8945.49
8803.22 8824.79 8830.54 8824.58 8818.01 8809.18 8805.16 8807.57 8807.4 8811.88 8824.62 8835.85 8839.07 8841.14 8842.79 8844.03 8845.64 8846.01 8846.44 8846.76 8847.59 8847.96 8848.6 8849.66 8850.97 8853.9 8857.59 8861.08 8863.08 8864.45 8866.2 8869.73 8874.41 8879.15 8883.31 8884.82 8884.68 8883.67 8881.36 8881.64 8880.2 8878.37 8877.5 8876.62 8876.34 8877.03 8877.34 8877.83 8879.1 8879.83 8881.62 8883.93 8886.77 8888.7 8891.49 8895.5 8912.05 8939.15 8939.2 8942.25 8945.29 8943.53 8946.28 8946.87 8946.97 8947.73 8950.3
8790.12 8811.34 8815.55 8815.59 8814.68 8813 8811.11 8810.75 8811.09 8811.36 8819.39 8832.24 8836.97 8837.69 8836.53 8837.62 8843.33 8845.12 8846.03 8847.16 8847.7 8848.06 8848.85 8850.88 8852.09 8854.09 8857.3 8861.85 8865.56 8868.77 8873.86 8872.78 8874.29 8876.52 8878.95 8882.22 8884.38 8886.13 8890.07 8887.04 8882.73 8880.55 8879.02 8878.57 8878.17 8878.14 8879.15 8879.68 8880.52 8881.43 8883.11 8885.2 8888.29 8890.8 8892.33 8890.86 8898.19 8915.58 8930.18 8940.53 8949.68 8962.46 8955.02 8951.66 8950.3 8950.12 8952.41
8771.17 8777.68 8792.35 8802.31 8809.38 8816.09 8815.9 8815 8816.53 8819.99 8826.2 8833.21 8836.33 8836.17 8833.5 8832.55 8840.47 8845.36 8847.94 8848.8 8848.53 8848.79 8848.88 8850.47 8852.34 8854.57 8856.8 8857.99 8862.43 8867.39 8870.62 8872.74 8874.16 8875.37 8877.11 8881.39 8884.27 8885.68 8886.36 8884.37 8882.84 8882.18 8881.08 8880.32 8879.69 8879.97 8881.11 8881.35 8882.96 8883.92 8882.91 8885.26 8888.92 8892.58 8895.17 8895.37 8898.63 8905.98 8924.38 8938.33 8948 8951.42 8955.63 8954.35 8952.66 8952.24 8955.01
8763.77 8764.52 8777.43 8789.98 8801.18 8811.74 8814.32 8816.22 8820.92 8827.9 8833.77 8836.74 8838.71 8839.16 8837.43 8836.68 8842.65 8848.38 8851.6 8851.87 8851.54 8850.42 8849.27 8850.16 8852.97 8855.92 8858.38 8859.36 8862.33 8867.15 8870.06 8871.88 8875.01 8877.45 8879.78 8883.55 8885.53 8885.39 8881.81 8880.33 8882.67 8882.78 8882.35 8882.67 8882.85 8882.03 8882.97 8883.75 8884.65 8885.62 8884.91 8886.75 8889.38 8893.03 8897.65 8903.26 8906.84 8913.62 8926.42 8939.46 8949.63 8956.05 8957.01 8956.31 8954.72 8953.06 8955.8
8761.63 8765.71 8770.51 8780.41 8790.88 8800.37 8806.43 8812.21 8820.33 8831.15 8837.66 8838.72 8841.9 8845.52 8847.27 8846.15 8850.78 8856.35 8859.68 8858.71 8857.04 8854.25 8851.7 8851.98 8855.47 8859.59 8862.72 8864.75 8864.57 8863.96 8864.88 8871.02 8877.57 8882.81 8886.36 8888.39 8888.84 8887.95 8887.53 8887.66 8884.54 8883.82 8883.74 8884.06 8884.52 8884.53 8885.62 8885.77 8885.33 8886.34 8887.63 8889.11 8890.53 8892.35 8895.22 8900.83 8909.11 8918.88 8931.1 8943.55 8952.34 8957.49 8959.12 8958.91 8957.75 8956.74 8959.82
8759.72 8761.66 8766.22 8773.35 8779.45 8787.58 8795.91 8804.26 8813.05 8824.32 8827.41 8835.64 8844.71 8854.91 8863.38 8863.19 8866.12 8870.49 8871.03 8867.5 8864.52 8859.88 8854.58 8855.45 8860.53 8864.9 8868.19 8871.69 8867.28 8863.88 8863.88 8871.98 8882.59 8890.68 8894.45 8894.62 8892.96 8890.67 8888.4 8884.97 8885.17 8884.53 8883.5 8883.18 8883.96 8885.02 8884.69 8887.09 8886.92 8889.38 8890.59 8891.98 8891.85 8891.54 8890.18 8894.63 8909.97 8923.96 8941.01 8950.51 8956.02 8959.62 8961.53 8961.72 8961.45 8962.25 8965.19
8762.05 8765.42 8768.31 8771.03 8770.93 8773.48 8785.44 8794.33 8800.67 8806.4 8817.91 8829.15 8845.02 8863.94 8883.8 8897.19 8892.12 8887.87 8883.4 8879.52 8874.19 8869.95 8862.77 8863.38 8869.18 8872.49 8873.64 8871.27 8870.29 8865.03 8864.02 8874.88 8890.13 8903.23 8905.07 8900.9 8896.51 8892.63 8890.1 8890.66 8885.5 8884.27 8884.9 8885.51 8885.84 8887.68 8890.06 8891.11 8892.91 8894.41 8896.96 8897.44 8896.18 8893.36 8890.11 8894.5 8914.72 8945.46 8957.36 8955.75 8960.05 8963.11 8964.09 8964.07 8964.15 8965.1 8968.76
8764.02 8768.79 8773.15 8773.87 8774.12 8775.54 8781.16 8786.31 8789.95 8791.08 8799.9 8819.71 8842.65 8867.88 8896.86 8924.94 8915.72 8900.49 8892.26 8887.91 8885.04 8885.44 8884.25 8882.19 8881.23 8881.3 8882.67 8883.83 8877.41 8874.5 8870.1 8880.32 8897.27 8915.3 8911.75 8904.3 8897.95 8892.57 8887.7 8882.69 8882.5 8883.4 8885.07 8886.98 8889.43 8887.83 8890.86 8896.5 8899.07 8901.91 8903.51 8904.44 8904.13 8901.73 8896.33 8900.18 8915.61 8929.95 8940.51 8951.99 8960.7 8965.56 8966.15 8964.9 8964.68 8966.35 8968.05
8766.34 8771.44 8776.71 8776.7 8779.97 8781.31 8781.11 8782.83 8784.78 8787.47 8794.52 8813.67 8839.11 8864.12 8886.7 8908.18 8908.74 8898.8 8892.72 8891.04 8893.89 8900.27 8907.68 8899.81 8891.9 8888.28 8886.44 8885.7 8885.31 8880.18 8881.08 8890.22 8901.69 8906.73 8908.02 8903.04 8896.86 8890.76 8885.08 8880.55 8880.15 8881.81 8884.68 8888.38 8891.07 8894.69 8895.24 8897.8 8903.87 8908.57 8911.11 8914.08 8916.3 8917.65 8915.83 8919.61 8919.76 8918.72 8925.17 8946.59 8965.22 8969.77 8967.05 8962.96 8960.34 8961.43 8963.82
