real_craters/C122-500m.grd
DSAA
150 150
-37.275 37.275
-37.275 37.275
8072.16464547 9318.9306550303
[rows 30 to 59 of 150, columns 0 to 66 of 150]
8859.68 8862.4 8864 8864.91 8866.97 8872.03 8871.42 8874.2 8877.79 8878.73 8879.98 8882.81 8885.05 8887.43 8890.58 8892.32 8892.01 8893.1 8894.52 8898.31 8923.94 8954.93 8955.34 8931.3 8921.5 8915.04 8909.09 8902.98 8901.04 8900.21 8902.79 8908.74 8913.99 8919.67 8925.52 8931.9 8938.79 8946.35 8951.65 8922.64 8891.36 8888.64 8901.02 8917.37 8914.12 8918.48 8897.39 8899.61 8898.99 8897.84 8897.24 8895.88 8894.83 8895.46 8897.4 8901.31 8902.94 8901.05 8897.75 8898.03 8901.76 8906.09 8910.15 8913.8 8916.38 8919.16 8921.25
8860.02 8863.33 8864.84 8866.15 8867.37 8867.18 8870.02 8872.27 8873.81 8876.72 8878.16 8879.85 8882.49 8884.99 8888.18 8891.46 8891.17 8892.79 8894.91 8898.65 8914.13 8935.11 8943.86 8934.57 8922.63 8913.59 8906.86 8901.61 8899.2 8899.28 8901.57 8906.05 8910.93 8916.24 8921.84 8928.6 8936.86 8947.01 8953.14 8919.96 8883.67 8875.13 8895.65 8933.59 8968.91 8960.81 8943.46 8913.24 8903.81 8898.93 8896.19 8893.99 8893.84 8893.69 8894.61 8896.47 8900.89 8902.45 8901.33 8902.47 8906.08 8909.36 8913.23 8916.08 8918.03 8919.42 8919.99
8859.99 8862.94 8864.51 8865.6 8867.67 8867.8 8869.51 8870.81 8872.52 8874.58 8876.54 8878.52 8879.91 8880.92 8887.17 8890.29 8892.07 8892.94 8893.28 8895.71 8900.2 8899.11 8920.39 8928.84 8917.03 8908.71 8903.62 8900.68 8899.39 8898.97 8900.32 8903.59 8907.38 8911.42 8915.96 8921.28 8927.15 8932.99 8935.2 8910.44 8886.26 8882.76 8905.53 8943.74 8971.98 8944.48 8924.84 8913.49 8903.85 8897.9 8895.46 8895.41 8895.34 8896.23 8896.7 8899.32 8907.85 8908.14 8907.91 8909.99 8913.09 8915.8 8919.37 8921.54 8922.68 8922.08 8920.64
8859.86 8861.55 8863.39 8865.01 8867.27 8867.04 8868.93 8870.04 8871.27 8873.29 8875.32 8877.59 8878.52 8880.1 8883.74 8888.16 8891.44 8893.72 8894.81 8895.4 8895.47 8895.2 8899.74 8904.82 8902.68 8900.62 8899.25 8898.87 8898.84 8899.16 8899.98 8901.55 8903.59 8906.13 8909.24 8911.86 8913.39 8912.35 8909.05 8899.94 8889.42 8892.08 8912.24 8941.61 8953.71 8922.79 8909.36 8906.28 8901.77 8899.29 8897.04 8895.87 8895.65 8896.82 8898.83 8904.22 8903.49 8913.09 8918.5 8919.31 8921.48 8924 8926.76 8929.04 8930 8928.6 8924.03
8859.98 8861.06 8862.42 8864.18 8865.16 8866.4 8867.79 8869.91 8871.76 8872.56 8873.61 8875.18 8877.47 8879.19 8881.04 8886.72 8890.93 8894.1 8896.56 8894.91 8894.84 8892.38 8877.72 8879.67 8887.4 8891.55 8894.21 8896.63 8898.37 8899.17 8899.75 8898.13 8898.45 8900.64 8902.23 8902.65 8901.32 8895.86 8889.58 8895.07 8896.76 8891.49 8912.17 8935.12 8936.79 8913.03 8905.8 8905.33 8901.67 8901.13 8899.12 8897.6 8896.8 8896.99 8898.46 8900.82 8907.75 8920.08 8928.94 8926.31 8927.88 8929.86 8933.1 8935.87 8938.09 8937.56 8933.41
8861.39 8862.31 8863.14 8864.4 8865.22 8865.23 8866.86 8869.57 8871.31 8872 8872.68 8874.74 8877.34 8880.03 8883.62 8887.92 8890.97 8893.48 8894.07 8893.21 8894.79 8889.31 8876.56 8872.46 8878.24 8884.96 8890.32 8894.6 8900.52 8895.83 8893.84 8891.8 8892.81 8893.92 8894.82 8894.83 8894.15 8891.57 8890.44 8895.08 8903.71 8893.97 8913.35 8932.36 8924.33 8906.78 8904.31 8902.2 8901.95 8900.34 8900.4 8898.73 8897.66 8896.33 8896.62 8899.38 8909.36 8920.24 8923.13 8928.68 8932.38 8935.82 8939.6 8943.91 8947.87 8950.63 8951.47
8861.25 8862.42 8862.52 8863.85 8865.73 8864.96 8866.89 8869.19 8870.84 8871.19 8872.1 8874.87 8876.97 8881.2 8887.13 8889.68 8891.69 8893.14 8893.85 8894.24 8895.64 8886.42 8861.28 8865.52 8873.79 8881.74 8888.11 8891.25 8889.03 8888.3 8884.94 8884.58 8886.14 8887.45 8887.63 8888.04 8887.98 8891.19 8892.33 8890.19 8893.71 8894.41 8914.41 8946.84 8942.52 8912.16 8905.66 8900.66 8901.76 8898.65 8897.58 8895.98 8894.66 8894.76 8895.13 8898.17 8908.88 8921.74 8926.4 8932.08 8938.24 8942.95 8948.17 8953.13 8957.54 8963.75 8972.49
8859.66 8861.74 8862.11 8862.24 8862.54 8865.13 8868.28 8870.18 8871.09 8870.24 8872.12 8873.59 8875.39 8878.97 8885.93 8890.33 8893.91 8893.91 8893.04 8892.7 8891.67 8881.45 8864.53 8865.63 8873.92 8882.41 8889.45 8893.33 8892.53 8889.62 8883.01 8881.25 8882.25 8882.79 8882.9 8882.57 8881.46 8878.01 8879.8 8880.34 8877.29 8882.34 8904.59 8925.4 8931.25 8917.93 8905.42 8899.61 8897.17 8893.2 8891.79 8890.91 8890.26 8890.48 8893.05 8894.67 8906.99 8927.72 8932.77 8937.07 8943.68 8948.58 8953.73 8960.77 8965.86 8971.86 8981.72
8858.3 8859.86 8860.94 8861.2 8862.31 8864.84 8871.46 8878.57 8874.39 8866.82 8864.72 8868.65 8871.56 8875.05 8880.06 8889.5 8899.12 8901.07 8891.76 8892.82 8889.58 8880.4 8870.97 8871.41 8878.12 8886.53 8894.4 8901.25 8907.42 8902.52 8889.66 8884.26 8882.38 8881.04 8880.38 8879.76 8879.84 8878.34 8876.91 8875.09 8872.84 8877.91 8898 8911.6 8922.18 8917.8 8905.07 8900.27 8896.24 8894.68 8891.96 8891.2 8891.44 8891.31 8892.63 8895.7 8908.5 8933.73 8936.99 8942.73 8950.45 8955.64 8960.27 8964.89 8969.55 8975.26 8978.85
8855.99 8857.94 8859.41 8860.48 8861.2 8861.96 8876.48 8885.39 8880.07 8862.89 8853.93 8859.92 8866.78 8871.7 8875.49 8889.26 8907.85 8923.24 8919.02 8891.36 8884.39 8878.75 8870.28 8876.74 8883.7 8892.04 8900.87 8909.53 8914.74 8911.3 8903.18 8893.27 8884.9 8882.15 8880.96 8879.96 8880.85 8889.33 8879.9 8875.23 8873.78 8879.89 8901.8 8925.79 8937.68 8921.4 8902.36 8897.37 8895.99 8893.46 8893.13 8891.74 8891.83 8892.87 8895.43 8900.64 8909.71 8936.21 8943.64 8950.29 8955.81 8961.47 8965.51 8968.88 8969.5 8972.86 8975.81
8854.08 8856.08 8860.12 8860.8 8861.13 8861.29 8882.89 8906.34 8883.65 8860.19 8848.41 8852.47 8861.93 8883.06 8886.12 8899.8 8912.4 8926.35 8918.14 8890.32 8878.83 8883.51 8883.06 8883.38 8888.45 8896.29 8905.64 8916.39 8927.44 8927.84 8906.1 8889.25 8884.59 8883.56 8882.43 8880.15 8876.54 8869.86 8874.31 8875.26 8878.67 8879.63 8907.64 8937.83 8946.6 8925.91 8902.65 8897.93 8896.81 8896.67 8896.97 8895.69 8896.02 8895.98 8895.84 8900.12 8910.72 8930.84 8945.86 8954.92 8960.41 8965.72 8968.63 8968.09 8969.29 8969.08 8968.74
8852.63 8854.89 8859.69 8860.55 8860.26 8860.32 8879.26 8895.01 8871.28 8848.22 8842.7 8841.4 8852.34 8859.58 8883.27 8896.15 8902.12 8911.48 8906.28 8887.51 8875.78 8878.75 8883.55 8887.55 8892.62 8899.06 8906.79 8916.54 8928 8931.31 8901.3 8881.02 8885.08 8886.9 8885.03 8881.62 8876.64 8873.12 8872.96 8874.66 8876.32 8881.35 8904.62 8932.24 8926.47 8911.33 8900.85 8897 8895.82 8896.86 8897.48 8898.51 8899.07 8899.71 8898.6 8900.42 8910.41 8921 8949.56 8961.46 8969.02 8972.9 8972.32 8972.08 8969.14 8965.04 8959.05
8849.56 8852.32 8857.84 8859.44 8859.59 8859.85 8867.93 8872.28 8849.63 8822.08 8815.16 8826.97 8839.25 8850.9 8858.53 8867.1 8878.52 8886.57 8890.07 8886.91 8881.96 8884.81 8885.77 8890.1 8894.64 8899.69 8906.2 8910.62 8912.32 8906.43 8897.53 8893.77 8895.38 8894.9 8890.62 8884.64 8878.92 8874.87 8874.38 8875.69 8878.31 8879.89 8891.38 8902.26 8906.7 8903.11 8899.63 8898.08 8896.28 8897.08 8898.88 8901.04 8902.47 8905.09 8911.79 8912.12 8914.17 8920.8 8956.52 8969.2 8973.1 8974.26 8974.82 8973.33 8971.14 8966.11 8958.91
8846.8 8849.29 8854.47 8858.26 8858.03 8857.47 8854.14 8847.82 8833.26 8808.54 8805.31 8819.58 8829.3 8835.93 8840.2 8841.27 8860.5 8871.43 8881.09 8887.57 8891.08 8888 8888.99 8891.84 8895.57 8900.02 8902.63 8903.44 8898.09 8886.94 8900.42 8909.05 8915.94 8908.07 8897.57 8889.05 8883.53 8879.11 8876.93 8877.13 8882.02 8890.35 8895.66 8902.37 8915.18 8909.74 8903.98 8899.92 8900.26 8902.98 8905.38 8908.08 8910.51 8910.59 8909.07 8909.1 8905.23 8914.83 8961.51 8976.26 8981.27 8981.75 8981.87 8980.05 8978.59 8975.17 8970.37
8845.52 8846.92 8851.63 8855.03 8854.93 8857.6 8850.83 8842.04 8829.93 8819.85 8814.02 8820.09 8828.92 8835.15 8840.95 8846.45 8860.12 8869.09 8878.23 8884.37 8887.72 8890.39 8889.71 8891.48 8894.54 8898.42 8901.59 8902.84 8901.23 8894.55 8923.8 8958.06 8942.2 8918.04 8902.17 8891.42 8884.03 8880.36 8879.18 8878.33 8880.16 8888.37 8890.86 8902.87 8920.42 8907.88 8897.22 8898.53 8902 8906.44 8910.91 8914.58 8916.59 8917.91 8918.56 8911.97 8908.32 8927.56 8971.84 8984.74 8987.5 8988.51 8988.31 8986.95 8988.51 8987.73 8986.78
8846.49 8850.08 8849.99 8853.02 8866.13 8862.61 8859.95 8843.42 8828.48 8817.86 8820.31 8825.78 8834.28 8842.21 8851.79 8863.58 8871.47 8877.33 8882.06 8881.05 8882.48 8886.72 8886.93 8888.45 8890.83 8894.29 8900.06 8905.77 8915.36 8936.46 8946.23 8951.63 8933.24 8913.07 8899.73 8890.44 8883.62 8881.57 8882.11 8883.07 8884.35 8884.53 8884.39 8890.65 8891.04 8895.53 8895.34 8896.72 8902.2 8908.75 8914.35 8919.87 8924.2 8926.63 8926.51 8921.67 8920.88 8943.56 8979.27 8987.79 8992.29 8994.74 8996.25 8996.63 8996.68 8997.62 9000.22
8844.64 8847.09 8850.1 8860.84 8877.08 8863.83 8845.09 8834.29 8821.76 8829.46 8823.19 8832.13 8842.72 8852.69 8863.18 8872.63 8890.84 8898.4 8891.64 8885.53 8885.08 8880.87 8882.42 8885.54 8888.63 8893.88 8897.24 8904.61 8915.96 8932.11 8930.62 8908.11 8898.72 8898.12 8893.24 8888.09 8884.09 8883.97 8885.89 8887.41 8888.6 8888.52 8888.9 8888.14 8887.97 8888.97 8889.09 8895.66 8903.61 8912.23 8920.06 8926.85 8933.2 8937 8939.03 8931.21 8923.15 8932.73 8966.71 8987.15 8996.12 9001.51 9004.39 9006.08 9009.13 9009.69 9013.09
8844.53 8848.06 8856.12 8869.25 8882.58 8857.59 8833.81 8816.65 8805.75 8799.66 8817.97 8836.35 8859.41 8864.76 8875.03 8892.34 8912.39 8914.55 8898.77 8886.96 8883.6 8877.75 8880.25 8881.95 8884.73 8885.37 8889.26 8894.72 8900.86 8906.81 8901.7 8887.36 8883.32 8886.58 8886.05 8883.69 8881.59 8885 8890 8896.44 8896.03 8893.04 8889.96 8889.11 8887.9 8889.97 8892.39 8899.65 8907.89 8916.99 8925.49 8933.88 8941.28 8947.93 8950.7 8945.11 8941.78 8935.37 8972.56 8990.91 9001.78 9009.32 9014.68 9018 9019.71 9019.15 9022.9
8844.41 8847.95 8866.07 8892.35 8875.29 8839.86 8810.58 8804.28 8798.11 8800.63 8816.53 8836.66 8851.62 8867.08 8878.42 8891.67 8907.21 8908.86 8897.48 8886.89 8881.47 8878.47 8880.78 8881.93 8881.69 8882.41 8882.55 8884.07 8883.48 8877.26 8869.53 8876.46 8881.2 8882.38 8881.6 8879.05 8878.25 8882.57 8890.04 8900.17 8900.25 8898.78 8897.33 8891.6 8893.59 8897.88 8900.61 8905.49 8914.93 8925.1 8934.36 8942.32 8949.77 8957.71 8962.13 8957.62 8955.61 8971.09 8980.99 8994.22 9008.83 9020.71 9029.83 9036.02 9035.07 9033.25 9035.93
8839.06 8835.38 8844.49 8850.4 8842.5 8819.17 8802.53 8800.34 8796.23 8801.37 8817.85 8838.55 8859.23 8867.02 8874.69 8879.77 8880.31 8887.84 8894.23 8898.06 8893 8888.69 8885.75 8883.56 8883.09 8882.09 8881.09 8878.92 8874.77 8868.25 8865.93 8874.11 8879.07 8883.44 8880.1 8875.95 8874.88 8878.59 8884.27 8889.45 8896.71 8901.69 8909.98 8918.1 8916.55 8913.55 8907.39 8910.26 8924.76 8934.97 8943.7 8950.64 8956.01 8960.92 8964.86 8967.09 8967.74 8973.5 8984.71 8998.25 9015.34 9031.02 9044.08 9052.89 9052.37 9050.96 9053.13
8827.8 8820.71 8816.2 8812.02 8810.22 8802.05 8800.18 8801.83 8794.32 8800.39 8818.74 8840.52 8857.33 8865.55 8869.65 8869.87 8866.61 8875.84 8886.81 8901.4 8914.8 8902.22 8889.36 8883.15 8880.78 8879.94 8879.19 8876.82 8872.8 8869.23 8870.5 8883.4 8901 8890.33 8880.17 8873 8870.66 8874.68 8879.52 8884.07 8892.91 8901.83 8911.08 8935.45 8939.5 8936.03 8934.4 8939.02 8942.68 8948.29 8954.46 8960.89 8964.03 8962.88 8968.43 8977.28 8982.77 8982.42 8990.04 9003.12 9024.65 9044.97 9062.68 9076.69 9079.57 9074.36 9071.63
8826.91 8816.99 8808.04 8800 8795.67 8797.87 8801.54 8802.44 8792.84 8800.55 8820.64 8843.77 8859.82 8864.38 8866.87 8869.03 8869.88 8871.54 8877.19 8894.84 8929.08 8900.23 8885.33 8880.08 8879.16 8877.02 8874.65 8872.96 8870.91 8870.35 8873.52 8883.39 8891.51 8885.67 8878.2 8871.8 8869.47 8873.04 8877.63 8884.24 8890.76 8905.18 8925.39 8951.84 8957.35 8955.36 8957.79 8961.18 8958.3 8961.41 8967.53 8973.39 8977.16 8978.93 8982.9 8989.25 8990.23 8992.27 8998.77 9015.03 9036.7 9062.75 9086.78 9108.55 9124.07 9125.67 9123.39
8825.58 8819.9 8820.36 8812.42 8801.52 8804.64 8812.4 8813.11 8796.64 8802.01 8822.69 8844.14 8857.75 8861.41 8863.79 8866.37 8869.27 8867.52 8872.27 8885.7 8899.37 8882.43 8878.1 8876.39 8875.82 8875.01 8873.54 8872.4 8870.81 8871.48 8872.72 8874.8 8872.33 8875.05 8875.51 8873.51 8872.43 8873.56 8875.89 8879.9 8885.55 8894.65 8917.75 8970.03 8967.76 8965.21 8962.52 8959.55 8964.46 8970.34 8977.73 8985.91 8994.56 8996.91 9001.17 9005.77 9004.4 8993.37 8998.39 9015.26 9048.81 9079.8 9108.89 9138.61 9164.47 9183.19 9183.7
8823.78 8818.98 8814.64 8808.02 8803.04 8811.81 8821.48 8837.86 8812.69 8813.4 8826.01 8840.54 8852.32 8858.23 8860.75 8860.78 8855.73 8864.09 8869.88 8878.94 8884.92 8877.47 8873.05 8873.11 8872.33 8872.52 8870.81 8870.88 8871.63 8873.41 8876.68 8876.15 8872.79 8873.05 8875.77 8878.82 8877.02 8875.43 8874.9 8877.64 8882.6 8887.7 8908.28 8945.06 8965.85 8969.17 8966.82 8962.79 8969.42 8976.92 8985.78 8996.31 9008.41 9025.29 9010.93 9001.27 8996.3 8993.24 9004.96 9034.43 9066.85 9096.05 9125.95 9160.02 9200.96 9247.38 9232.25
8818.41 8816.44 8813.87 8803.25 8789.62 8794.59 8810.17 8823.19 8831.76 8824.63 8832.11 8836.61 8849.75 8857.79 8858.92 8858.16 8862.25 8865.7 8870.49 8874.15 8874.4 8868.47 8870 8873.53 8874.94 8872.99 8872.83 8871.14 8872.16 8874.5 8879.25 8878.43 8874.62 8875 8877.19 8879.04 8880.2 8879.84 8877.21 8881.14 8887.66 8895.2 8904.96 8941.18 8964.89 8970.38 8969.71 8971.33 8973.68 8980.81 8990.83 9000.89 9009.34 9011.45 9006.26 8989.52 8988.29 8992.63 9010.07 9069.95 9080.13 9102.35 9127.92 9157.29 9190.47 9219.8 9211.68
8815.53 8814.01 8809.9 8798.4 8788.96 8789.1 8794.34 8793.26 8798.1 8821.86 8844.62 8861.69 8863.95 8862.56 8860.36 8857.74 8858.74 8867 8872.8 8874.67 8872.94 8869.86 8876.1 8877.58 8876.5 8875.66 8874.02 8873.09 8872.41 8873.3 8874.59 8875.95 8877.87 8879.18 8878.83 8880.21 8883.2 8888.08 8898.61 8899.52 8901.56 8895.53 8905.71 8954.22 8971.1 8973.34 8971.17 8967.44 8973.44 8984.68 8994.68 9003.92 9011.35 9012.84 9008.2 9000.18 8998.76 9004.45 9019.97 9044.75 9067.53 9094.06 9112.97 9129.78 9143.8 9143.89 9146.31
8813.86 8812.27 8808.94 8798.48 8790.53 8790.11 8787.56 8784.41 8790.35 8817 8848.53 8881.3 8874.37 8867.29 8863.51 8861.66 8865.11 8878.45 8890.19 8881.28 8878.41 8883.53 8881.85 8880.55 8877.58 8875.09 8873.58 8872.58 8871.42 8870.5 8869.44 8871.08 8878.24 8883.72 8879.01 8878.06 8885.85 8894.8 8901.04 8915.09 8928.75 8941.81 8943.82 8974.06 8977.74 8975.86 8972.98 8970.82 8977.9 8988.53 8999.21 9008.07 9015.36 9019.62 9017.5 9019.01 9017.37 9021.48 9029.84 9038.1 9058.94 9081.59 9088.91 9084.73 9081.54 9103.43 9069.05
8813.24 8811.74 8807.71 8794.86 8791.58 8790.29 8785.9 8784.23 8791.44 8812.38 8836.1 8853.47 8865.85 8867.6 8866.11 8864.32 8870.3 8886.15 8899.81 8885.52 8883.8 8891.79 8884.79 8880.21 8876.81 8874.99 8872.87 8871.17 8869.63 8867.67 8865.09 8864.62 8872.53 8877.05 8876.13 8878.41 8888.29 8902.5 8915.18 8929.3 8943.62 8955.78 8964.83 8978.15 8976.89 8975.24 8975.35 8978.44 8985.61 8995.5 9005.63 9012.82 9015.17 9018.86 9022.23 9027.42 9033.11 9039.25 9043.11 9062.2 9079.53 9082.06 9067.22 9039.52 8985.64 8917.8 8967.33
8812.5 8810.13 8786.03 8785.39 8789.67 8788.42 8783.68 8780.49 8788.4 8809.35 8829.61 8846.12 8859.96 8866.47 8869.45 8869.68 8868.79 8877.54 8900.94 8893.33 8887.83 8887.9 8884.54 8879.6 8875.77 8873.24 8871.63 8870.06 8868.35 8867.19 8865.12 8864.02 8868.31 8869.18 8874.05 8878.55 8887.07 8903.34 8929.73 8935.64 8947.87 8955.9 8957.77 8962.08 8967.4 8971.28 8976.06 8981.81 8990.23 9003.23 9015.53 9025.4 9029.74 9029.62 9029.02 9029.86 9049.95 9064.12 9074.61 9108.49 9121.14 9086 9050.28 9020.64 8977.56 8923.79 8924.56
8809.19 8804.51 8782.21 8780.61 8788.2 8787.18 8781.5 8778.7 8788.13 8809.36 8830.69 8848.34 8860.42 8867.53 8872.19 8883.56 8877.08 8873.61 8874.09 8887.56 8885.66 8882.91 8880.87 8876.98 8873.5 8871.47 8869.12 8868.93 8868.04 8867.52 8867.91 8871.49 8873.41 8878.74 8881.1 8880.63 8880.75 8884 8897.67 8928.22 8950.24 8957.77 8953.98 8952.86 8957.79 8967.3 8976.91 8986.63 8998.98 9013.21 9027.49 9041.71 9055.01 9053.64 9046.82 9052.24 9071.86 9097.03 9120.3 9147.4 9137.76 9049.37 9012.75 9001.67 9015.2 8982.32 8900.68
