real_craters/C122-1000m.grd
DSAA
44 44
-21.3 21.3
-21.3 21.3
6620.131080075 8895.8463398271
8235.89 8250.23 8264.94 8269.6 8258.93 8253.81 8241.59 8233.93 8227.52 8228.76 8250.75 8278.57 8300.2 8306.11 8303.95 8287.92 8283.55 8291.35 8299.68 8301.58 8302.94 8269.03 8247.74 8224.94 8219.38 8217.38 8213.36 8217.87 8224.43 8229.98 8230.94 8195.2 8136.99 8123.72 8117.08 8131.56 8119.78 8095.61 8084.63 8074.15 8074.35 8062.71 8064.26 8071.01 
8240.87 8251.78 8267.24 8276.11 8267.1 8251.65 8249.39 8254.87 8260.15 8256.11 8288.18 8316.97 8319.48 8306.99 8294.37 8285.47 8275.05 8279.73 8292.64 8297.99 8294.24 8273.61 8241.59 8243.49 8238.9 8246.06 8250.92 8245.22 8236.45 8224.92 8224.25 8201.41 8188.33 8120.8 8138.27 8128.39 8121.36 8099.35 8097.7 8103.19 8093.99 8090.94 8087.24 8055.47 
8241.49 8251.49 8258.14 8259.66 8267.43 8249.71 8256.3 8267.02 8281.82 8316.88 8318.76 8308.02 8308.84 8304.55 8294.02 8286.34 8273.66 8273.08 8287.75 8289.13 8279.28 8265.18 8250.49 8258.62 8270.47 8276.91 8279.71 8264.17 8218.82 8210.37 8209.75 8203.88 8196.34 8148.36 8150.16 8130.03 8110.41 8103.43 8105.38 8114.58 8116.15 8127.91 8103.72 8053.57 
8241.53 8247.74 8252.71 8263.52 8264.1 8255.71 8263.22 8276.86 8291.26 8321.29 8326.95 8324.6 8304 8306.36 8306.72 8295.65 8281.12 8275.73 8291.32 8288.8 8280.87 8259.49 8247.37 8264.42 8297.85 8308.27 8295.02 8261.67 8230.06 8209.05 8204.5 8200.99 8187.25 8139.26 8155.78 8151.3 8122.21 8103.05 8110.52 8116.57 8128.93 8139.19 8114.58 8053.99 
8238.83 8248.65 8256.89 8261.82 8268.86 8270.81 8271.08 8285.85 8304.94 8308.2 8333.21 8347.9 8327.51 8314.27 8309.32 8302.96 8285.2 8276.01 8281.89 8286.07 8288.36 8283.23 8283.32 8298.73 8338.82 8340 8311.86 8277.72 8244.03 8227.25 8209.66 8212.86 8207.16 8169.18 8173.21 8154.46 8128.43 8115.94 8125.13 8132.93 8138.21 8128.38 8098.76 8048.26 
8239.61 8253.77 8261.19 8262.64 8261.69 8257.85 8270.51 8288.08 8303.27 8303.95 8334.32 8333.73 8319.74 8314.11 8308.23 8290.84 8286.28 8286.02 8274.99 8287.34 8301.82 8316.06 8330.21 8352.09 8359.32 8352.64 8326.87 8303.1 8272.37 8238.61 8251.55 8238.82 8216.48 8191.85 8190.33 8169.46 8148.41 8137.55 8148.59 8156.28 8155.64 8147.25 8120.65 8053.11 
8246.79 8265.55 8277.66 8271.57 8265.83 8264.67 8274.87 8290.25 8301.7 8320.64 8337.59 8317.49 8319.93 8323.55 8308.1 8285.36 8293.24 8292.48 8291.94 8311.17 8324.81 8335.56 8355.05 8363.8 8356.5 8343.59 8334.67 8326.24 8314.35 8271.9 8262.65 8242.64 8211.86 8212.14 8191.64 8194.19 8170.53 8160.71 8170.6 8173.76 8168.67 8160.15 8146.39 8076.12 
8259.72 8272.62 8284.43 8283.45 8282.95 8280.9 8281.57 8291.69 8315.71 8318.64 8341.14 8331.1 8339.07 8359.34 8333.85 8317.88 8308.88 8321.98 8321.51 8333.12 8344.8 8345.09 8345.4 8370.73 8367.91 8355.9 8348.4 8334.83 8343.25 8302.77 8252.96 8242.02 8223.61 8209.55 8202.31 8193.26 8187.92 8182.77 8174.87 8175.16 8174.18 8168.58 8140.72 8101.54 
8271.44 8274.95 8277.59 8279.42 8278.1 8271.27 8274.22 8289.32 8295.72 8310.41 8324.26 8336.59 8364.51 8402.44 8450.39 8349.26 8328.95 8339.16 8364.63 8401.09 8382.64 8366.79 8345.49 8361.06 8381.99 8388.18 8359.32 8341.41 8337.55 8330.45 8272.38 8257.07 8231.2 8207.04 8188.47 8197.55 8202.27 8196.85 8178.28 8173.24 8171.85 8165.2 8119.23 8084.64 
8274.25 8274.49 8273.02 8272.52 8265.33 8278.71 8278.5 8295.49 8315.17 8326.1 8317.62 8368.26 8382.01 8392.8 8400.6 8372.83 8359.58 8393.3 8433.02 8407.5 8442.12 8419.55 8403.11 8401.78 8399.61 8382.39 8355.43 8332.34 8344.98 8312.21 8272.83 8252.08 8201.75 8179.71 8171.82 8166.36 8191.59 8211.57 8211.32 8182.1 8162.45 8134.73 8102.93 8106.13 
8276.48 8284.87 8288.93 8285.11 8283.75 8278.4 8293.62 8305.83 8317.89 8347.37 8385.15 8409.76 8397.87 8389.32 8415.21 8415.82 8439.91 8493.86 8530.32 8611.95 8562.77 8517.84 8425.42 8396.75 8412.57 8408.2 8379.73 8322.35 8305.08 8293.53 8252.56 8264.09 8262.83 8230 8194.74 8185 8182.8 8206.29 8217.28 8189.86 8157.86 8119.99 8101.06 8061.28 
8279.81 8288.48 8295.15 8300.16 8305.26 8298.23 8328.6 8328.78 8357.25 8378.61 8410.87 8437.9 8435.86 8419.23 8520.58 8606.45 8666.91 8711.47 8796.48 8716.16 8591.81 8579.67 8667.27 8584.26 8613.15 8576.42 8514.79 8329.04 8293.99 8324.5 8304.34 8287.3 8254.11 8229.55 8202.77 8189.34 8186.23 8200.1 8204.04 8193.62 8168.58 8133.48 8070.78 8035.21 
8283.39 8291.34 8300.82 8310.24 8324.2 8325.91 8327.28 8352.51 8385.73 8425.95 8427.98 8488.98 8538.78 8574.13 8706.43 8810.16 8874.15 8691.59 8628.15 8502.89 8372.04 8322.96 8288.58 8222.3 8301.93 8510.46 8574.08 8591.93 8517.32 8441.47 8346.33 8260.43 8266.4 8239.05 8204.25 8198.49 8201.57 8205.69 8219.16 8197.5 8175.83 8137.68 8093.52 8051.26 
8289.87 8301.21 8308.25 8315.26 8323.8 8331.03 8344.14 8372.11 8425.81 8437.76 8423.29 8504.03 8662 8848.48 8895.85 8701.32 8509.38 8328.81 8132.96 8061.3 8012.01 7935.96 7894.39 7908.75 7885.21 8012.72 8126.66 8251.18 8535.66 8469.65 8327.38 8288.49 8287.72 8258.82 8230.09 8213.11 8196.73 8193.02 8187.17 8191.65 8182.9 8153.67 8110.27 8070.44 
8296.42 8309.2 8316.09 8320.01 8322.5 8341.94 8361.98 8368.93 8433.28 8488.1 8419.98 8517.39 8697.44 8860.04 8677.4 8442.96 8193.03 7991.66 7787.7 7790.03 7695.59 7574.99 7543.38 7564.83 7446.62 7566.19 7656.53 7800.66 8067.11 8312.47 8366.31 8353.35 8293.22 8256.14 8250.63 8225.06 8200.77 8195.94 8198.89 8189.87 8180.18 8155.3 8123.28 8077.21 
8304.03 8312.94 8325.47 8333.46 8345.54 8368.34 8385.17 8402.97 8449.32 8515.25 8461.88 8540.63 8627.3 8614.4 8384.97 8187.63 7968.71 7761.29 7629.55 7507.41 7407.55 7279.82 7258.32 7282.88 7274.32 7319.2 7416.89 7418.94 7655.4 8099.47 8401.81 8474.88 8320.9 8310.09 8258.7 8228.09 8209.96 8185.74 8183.6 8188.52 8185.67 8157.8 8120.97 8079.81 
8318.15 8332.85 8339.47 8351.06 8364.66 8384.17 8409.94 8416.11 8469.62 8489.8 8571.78 8570.25 8555.38 8451.81 8207.51 7960.37 7722.22 7515.33 7367.71 7302.74 7204.68 7088.47 7062.8 7081.39 7085.68 7107.92 7144.28 7064.83 7330.38 7869.04 8349.01 8504.73 8418.06 8368.01 8262.06 8272.23 8234.35 8203.75 8209.16 8203.67 8193.03 8158.01 8118.5 8082.55 
8324.64 8339.64 8353.99 8368.28 8382.93 8397.78 8419.81 8458.91 8513.56 8582.42 8610.35 8586.1 8499.46 8344.89 8051.86 7760.72 7479.07 7254.89 7120.8 7071.87 7019.48 6946.63 6917.95 6881.59 6862.83 6900.97 7001.49 7012.31 7094.77 7598.44 8091.86 8362.09 8355.39 8322.78 8199.64 8376.91 8330.1 8300.39 8275.52 8231.33 8188.61 8157.45 8116.38 8075.92 
8334.65 8350.08 8366.22 8383.84 8402.09 8419.81 8411 8469.01 8503.6 8560.61 8613.11 8604.82 8459.82 8082.11 7851.19 7581.5 7298.38 7097.92 6998.47 6953.53 6940.09 6903.4 6870.94 6772.34 6711.13 6782.04 6960.62 7007.14 7056.58 7355 7761.35 8146.19 8386.23 8213.19 8201.87 8268.93 8390.27 8439.7 8362.61 8309.86 8226.65 8161.05 8114.07 8090.64 
8344.85 8361.61 8379.99 8396.92 8414.38 8429.83 8453.84 8491.39 8469.81 8506.28 8752.43 8658.55 8463.22 8004.06 7709.48 7465.27 7231.04 7061.93 6980.16 6953.51 7050.28 7056.33 6949 6809.6 6698.77 6685.24 6777.5 6813.93 6933.58 7151.17 7538.27 7913.75 8299.24 8293.18 8192.95 8268.11 8350.48 8414.2 8349.66 8278.51 8220.41 8157.89 8104.84 8094.05 
8369.85 8379.44 8390.43 8403.21 8417.24 8432.18 8460.44 8463.33 8525.62 8592.4 8750.12 8693.17 8398.23 7908.89 7635.2 7404.57 7204.91 7070.17 7010.28 7033.82 7216.55 7208.7 7061.73 6922.49 6791.54 6657.46 6665.28 6752.89 6899.31 7144.75 7446.01 7797.35 8360.36 8219.6 8209.1 8292.85 8299.71 8282.18 8279.24 8241.06 8201.6 8159.65 8110.48 8089.84 
8384.51 8396.53 8407.02 8417.4 8425.79 8437.19 8469.67 8485.15 8539.8 8568.9 8783.4 8716.69 8365.66 7882.4 7616.99 7380.47 7179.12 7043.84 6986.89 7023.93 7124.32 7202.55 7094.25 6985.59 6857.36 6689.63 6620.13 6641.41 6868.79 7153.69 7454.68 7792.01 8297.85 8281.28 8210.35 8335.66 8270.15 8200.31 8236.78 8265.18 8221.53 8181.44 8139.15 8114.02 
8410.62 8416.12 8420.86 8427.87 8434.96 8439.98 8447.65 8458.51 8507.27 8557.51 8760.73 8686.38 8293.33 7900.17 7623.36 7369.15 7140.06 6947.54 6924.82 6959.77 6989.06 7037.07 7023.99 6988.69 6948.67 6690.59 6642.66 6718.84 6948.07 7251.64 7559.58 7834.62 8269.72 8294.64 8310.79 8319.96 8254.58 8170.24 8212.66 8266.87 8233.87 8194.38 8171.26 8134.38 
8431.23 8434.34 8439.76 8445.09 8448.93 8453.42 8444.77 8470.94 8499 8557.98 8764.31 8681.28 8224.53 7899.76 7630.65 7371.28 7129.81 6927.14 6868.5 6865.39 6878.72 6903.05 6939.21 6949.69 6926.05 6869.18 6850.27 6908.05 7130.39 7406.44 7705.6 7955.62 8146.57 8355.3 8327.97 8320.98 8243.48 8173.9 8191.35 8229.43 8201.53 8176.73 8146.8 8118.11 
8469.19 8455.64 8458.15 8463.81 8470.85 8476.63 8475.14 8470.94 8524.83 8568.7 8741.26 8672.85 8204.79 7902.71 7658.49 7408.48 7152.87 6921.31 6847.41 6842 6828.89 6830.2 6884.23 6923.57 6911.81 6955.64 7042.5 7151.47 7324.31 7576.05 7847.81 8006.4 8097.39 8266.44 8318.96 8182.44 8122.81 8193.87 8221.24 8198.81 8158.42 8169.98 8159.17 8112.15 
8464.91 8460.2 8454.63 8459.05 8471.96 8491.77 8479.27 8502.26 8542.76 8592.06 8706.03 8667.64 8259.19 7982.23 7743.61 7493.39 7229.14 6994.46 6876.94 6851.22 6827.71 6832.87 6914.52 6993.97 7069.64 7206.03 7208.94 7235.44 7473.93 7753.9 7950.96 8099.14 8133.91 8210.66 8127.54 8168.98 8196.09 8266.05 8276.35 8214.54 8175.59 8176.71 8160.6 8121.08 
8484.3 8449.89 8439.53 8444.86 8460.75 8487.25 8512.86 8522.17 8563.62 8599.22 8688.68 8757.6 8441.59 8159.5 7885.06 7614.29 7353.94 7118.78 6965.59 6919.19 6878.13 6901.84 7017.81 7119.51 7223.51 7314.49 7348.2 7421.8 7660.54 7901.4 8057.58 8423.59 8226.9 8048.15 8150.45 8223.06 8258.77 8300.45 8294.7 8256.94 8230.43 8189.86 8157.25 8131.79 
8432.46 8407.66 8407.64 8417.52 8430.59 8439.72 8458.97 8505.27 8546.1 8581.85 8619.7 8670.26 8683.31 8328.6 8028.42 7753.02 7492.79 7257.57 7106.57 7087.06 7111.41 7102.69 7176.27 7271.61 7353.69 7427.87 7500.09 7668.92 7928.22 8087.88 8203.42 8452.22 8155.51 8179.16 8237.12 8346.16 8380.93 8318.59 8299.61 8261.2 8268.8 8229.42 8175.47 8132.4 
8301.52 8334.81 8361.49 8387.45 8409.61 8427.15 8466.2 8493.06 8537.46 8558.46 8540.47 8500.27 8528.35 8375.23 8143.51 7896.41 7639.39 7414.82 7280.77 7301.98 7341.31 7317.34 7370.86 7450.97 7495.15 7532.15 7570.34 7845.84 8133.47 8314.72 8450.92 8320.43 8240.94 8265.16 8368.94 8432.66 8320.95 8288.63 8314.14 8273.65 8254.1 8218.13 8161.28 8109.32 
8220.14 8267.11 8307.7 8343.71 8388.2 8427.03 8449.27 8498.2 8559.33 8566.06 8528.76 8458.42 8445.78 8406.42 8257.29 8052.32 7838.62 7638.96 7483.2 7530.9 7548.31 7528.35 7587.91 7666.64 7768.88 7842.63 7850.63 8060.06 8306.13 8475.57 8547.27 8428.01 8326.09 8390.15 8401.54 8388.04 8262.26 8249.47 8243.63 8233.06 8191.16 8141.04 8107.23 8066.01 
8196.39 8230.72 8267.09 8311.76 8358.24 8434.68 8448.47 8472.31 8564.79 8574.68 8561.42 8573.64 8549.32 8452.62 8335.66 8210.82 8023.7 7896.24 7754.13 7814.3 7828.85 7826.19 7864.26 7886.79 7921.86 8025.84 8111.72 8282.36 8445.13 8532.25 8517.38 8455.38 8386.39 8328.04 8311.87 8261.1 8221.25 8209.5 8214.77 8190.85 8148.15 8087.25 8060.59 8025.54 
8194.79 8218.74 8253.64 8285.81 8313.58 8385.21 8468.91 8476.65 8545.59 8558.61 8569.13 8585.53 8598.37 8503.78 8450.69 8435.16 8397.57 8247.68 8116.4 8071.67 8091.18 8154.66 8153.52 8087.98 8047.73 8174.1 8289.38 8457 8550.34 8537.93 8475.34 8404.89 8324.95 8312.83 8260.15 8207.25 8198.76 8181.14 8195.57 8158.43 8147.44 8100.9 8049.1 8004 
8200.59 8231.61 8268.9 8298.04 8306.65 8336.6 8440.51 8453.4 8482.3 8513.01 8537.3 8505.65 8489.5 8485 8490.99 8542.78 8637.57 8491 8368.91 8240.49 8289.63 8359.6 8378.73 8328.71 8300.58 8492.67 8612.04 8652.57 8577.25 8467.02 8417.15 8365.41 8332.07 8281.62 8216.75 8199.24 8176.94 8161.05 8155.69 8126.54 8121.02 8097.39 8054.77 8007.33 
8232.62 8264.24 8307.72 8352.14 8402.85 8464.77 8452.44 8447.54 8471.29 8487.53 8474.8 8419.18 8361.23 8438.89 8478.37 8504.89 8538.67 8535.04 8515.21 8468.05 8377.32 8386.95 8491.1 8570.03 8670.55 8720.85 8643.56 8573.8 8497.52 8445.39 8440.48 8445.99 8315.33 8284.69 8272.47 8253.18 8241.99 8169.26 8132.35 8137.46 8133.13 8127.83 8059.64 8015.96 
8299.41 8327.62 8365.38 8411.89 8464.7 8484.47 8449.5 8436.96 8472.01 8457.75 8457.89 8482.27 8428.63 8468.17 8467.63 8439.09 8431.21 8516.8 8568.77 8569.16 8455.45 8446.4 8550.08 8608.26 8632.49 8477.58 8451.85 8410.79 8472.25 8445.31 8408.89 8391.05 8338.89 8340.69 8315.98 8242.34 8202.37 8164.66 8167.22 8147.91 8124.38 8082.79 8051.15 8006.02 
8414.83 8401.81 8411.8 8438.83 8470.26 8445.26 8433.1 8434.99 8449.66 8460.41 8462.5 8520.49 8582.39 8515.88 8497.52 8492.19 8479.26 8513.16 8554.22 8568.38 8484.73 8431.02 8443.03 8448.79 8454.32 8487.69 8465.69 8421.68 8423.9 8412.95 8377.94 8342.71 8321.8 8307.88 8271.94 8222.06 8192.15 8172.33 8174.38 8167.84 8131.92 8076.62 8058.13 8042.97 
8462.4 8445.16 8443.64 8449.45 8446.75 8441.95 8428.25 8417.1 8426.13 8444.65 8490.14 8482.46 8484.49 8490.52 8509.25 8567.82 8562.09 8504.55 8473.06 8445.52 8455.33 8451.63 8385.35 8393.36 8413.95 8479.28 8521.93 8474.72 8456 8440.37 8397.29 8339.35 8313.72 8297.46 8246.86 8216.41 8194.73 8187.13 8172.01 8142.78 8098.88 8071.73 8078.83 8086.3 
8452.6 8451.22 8453.66 8455.38 8451.28 8437.36 8419.38 8416.99 8417.95 8445.73 8504.39 8461.41 8449.81 8454.96 8469.06 8464.06 8476.06 8468.45 8443.52 8415.12 8424.32 8434.76 8406.79 8397.81 8407.2 8425.71 8456 8418.89 8447.07 8455.87 8432.58 8362.61 8331.45 8289.68 8247.8 8225.66 8198.1 8162.45 8147.69 8129.59 8093.09 8093.15 8105.35 8093.71 
8455.48 8455.16 8453.39 8454.34 8451.27 8422.71 8407.76 8403.6 8415.62 8429.53 8445.36 8448.26 8435.09 8434.07 8433.92 8422.8 8439.33 8444.7 8430.51 8441.6 8418.19 8379.72 8360.33 8394.14 8369.04 8385.44 8421.83 8425.21 8440.83 8449.45 8422.8 8393.14 8379.27 8340.4 8293.03 8246.07 8217.32 8165.2 8161.93 8174.6 8165.12 8150.74 8141.11 8117.67 
8452.38 8451.46 8446.61 8443.07 8435.38 8425.66 8417.52 8406.02 8410.63 8416.75 8423.65 8423.25 8416.87 8410.91 8414.51 8430.21 8436.68 8451.2 8440.27 8440.44 8408.86 8376.12 8381.53 8384.53 8331.62 8372.25 8394.6 8390.7 8402.82 8433.71 8412.45 8426.36 8401.61 8344.02 8291.91 8241.47 8220.23 8210.38 8194.36 8186.94 8198.88 8156.27 8099.94 8032.48 
8430.94 8433.5 8433.04 8433.6 8438.53 8421.05 8411.88 8402.52 8406.63 8420.53 8406.78 8402.93 8401.93 8402.12 8400.49 8401.06 8443.14 8477.64 8506.55 8435.08 8393.23 8375.27 8350.88 8326.76 8319.22 8330.51 8340.37 8352.3 8368.89 8365.52 8361.48 8388.66 8383.94 8342.31 8322.16 8246.34 8208.38 8170.53 8187.68 8194.83 8175.88 8095.62 8020.88 7993.69 
8431.55 8421.76 8418.41 8416.12 8408.01 8403.86 8398.6 8398.11 8392.04 8404.01 8400.86 8392.23 8392.25 8392.45 8407.11 8417.85 8457.02 8487.25 8505.93 8451.51 8417.25 8401.39 8383.4 8368.29 8370.32 8366.92 8361.3 8373.73 8386.82 8371.55 8316.17 8335.49 8357.74 8320.86 8296.23 8263.56 8210.51 8200.23 8178.95 8151.15 8101.06 8058.4 8017.05 8003.85 
8442.4 8417.11 8416.49 8410.19 8408.29 8394.93 8376.81 8365.64 8361.55 8361.02 8368.23 8384.72 8399.87 8423.51 8443.61 8463.49 8478.42 8488.5 8482.95 8476.67 8455.79 8427.58 8393.29 8400.11 8395.88 8392.84 8384.89 8375.35 8387.15 8387.95 8351.31 8319.61 8291.33 8282.97 8222.75 8219.95 8196.41 8175.95 8153.7 8119.27 8074.23 8050.15 8035.37 8010.69 
8483.94 8449.13 8436.65 8435.39 8429.48 8389.3 8361.55 8351.97 8341.49 8356.57 8362.64 8390.36 8413.41 8430.11 8463.1 8486.52 8493.25 8500.22 8501.45 8486.72 8472.3 8462.66 8434.53 8410.81 8425.09 8432.17 8425.57 8424.78 8411.91 8399.27 8375.44 8362.13 8375.78 8327.64 8288.97 8262.83 8265.6 8222.7 8183.01 8124.6 8083.22 8051.31 8019.14 7999.73 
