real_craters/C122-300m.grd
DSAA
249 249
-37.275 37.275
-37.275 37.275
8070.8365873298 9319.2693592752
[rows 30 to 59 of 249, columns 134 to 200 of 249]
8992.24 8992.43 8991.47 8991.23 8991.29 8991.75 8992.51 8993.45 8994.51 8995.59 8996.63 8997.6 8998.18 8999.11 8999.74 9001.06 9001.52 9002.42 9003.9 9005.05 9004.72 9001.14 8994.82 8991.85 8985.77 8979.44 8973.69 8972.96 8977.27 8982.49 8988.13 8993.7 8999.21 9005.04 9009.51 9012.64 9013.22 9008.82 8997.97 8987.7 8992.33 8996.78 8998.46 8999.39 8998.49 8993.93 8989.56 8985.35 8980.77 8975.74 8973.59 8975.2 8977.75 8979.75 8981.13 8983.36 8986.8 8992.47 8996.74 8998.51 9000.9 9003.17 9006.39 9009.76 9013.19 9016.76 9021.11
8975.07 8977.96 8980.03 8982.2 8984.17 8986.05 8987.86 8989.57 8991.31 8992.99 8994.57 8995.63 8997 8998.8 9000.28 9000.12 8999.58 9000.83 9004.07 9008.08 9011.89 9014.03 9010.42 9000.8 8990.35 8981.31 8974.41 8972.18 8974.96 8979.36 8984.7 8989.28 8994.53 8999.06 9003.17 9005.34 9005.09 9001.61 8989.89 8981.38 8985.75 8990.05 8992.12 8993.48 8993.37 8990.66 8988.81 8986.48 8984.86 8982.87 8976.96 8976.69 8980.34 8980.49 8982.12 8985.43 8990.42 8993.96 8996.53 8997.91 8999.68 9004.12 9008.73 9013.49 9018.14 9022.63 9026.01
8961.62 8965.67 8969.69 8973.67 8977.29 8980.48 8983.33 8985.52 8987.93 8990.17 8992.26 8993.63 8995.42 8997.64 8999.32 8998.24 8997.04 8998.26 9003.22 9009.9 9017.79 9025.15 9021.62 9007.67 8994.53 8983.63 8975.25 8971.92 8973.98 8977.42 8982.5 8988.03 8994.62 8999.87 9004.31 9007.1 9008.69 9006.12 8998.05 8989.75 8990.21 8990.64 8989.41 8987.54 8987.37 8987.82 8988.25 8988.69 8988.75 8988.04 8980.92 8977.27 8973.6 8978.32 8982.18 8986.05 8990.66 8997.22 9000.1 8999.75 9001.18 9006.4 9011.59 9016.98 9022.62 9027.65 9029.88
8950.25 8955.33 8960.74 8966.05 8970.78 8974.92 8978.58 8981.88 8984.86 8987.58 8990.08 8992.04 8993.83 8995.35 8995.72 8995.5 8994.2 8994.85 9000.87 9008.33 9017.7 9029.77 9025 9008.9 8995.65 8984.59 8975.87 8972.11 8973.32 8977.37 8982.7 8988.71 8994.83 9000.9 9006.21 9010.89 9013.61 9016.83 9017.95 9004.89 9003.48 8998.69 8991.37 8983.74 8983.53 8987.42 8990.02 8991.31 8991.53 8990.15 8986.73 8980.18 8976.55 8979.14 8983.08 8986.54 8989.94 8999.17 9002.9 9003.87 9006.18 9010.14 9014.94 9020.03 9025.25 9029.67 9032.31
8943.77 8948.87 8954.69 8960.74 8966.1 8970.85 8975 8978.71 8981.8 8984.86 8987.61 8990.18 8992.32 8993.84 8994.42 8994.16 8993.16 8993.84 8997.57 9002.87 9008.83 9013.28 9012.23 9003.38 8993 8983.24 8975.5 8971.01 8971.59 8975.72 8980.84 8987.07 8992.95 8999.05 9004.98 9009.62 9017.75 9027.63 9039.45 9037.62 9025.06 9011.69 8998.47 8986.27 8986.05 8990.72 8993.29 8994.32 8993.93 8992.67 8989.44 8984.27 8980.03 8983.09 8985.78 8988.77 8992.49 8997.56 9002.43 9006.18 9009.93 9014.13 9018.81 9023.26 9027.51 9031.22 9033.98
8938.43 8945.84 8952.66 8957.44 8962.75 8967.51 8971.78 8975.63 8979.17 8982.44 8985.47 8988.26 8990.46 8992.54 8993.75 8993.54 8992.14 8991.34 8992.85 8995.48 8997.52 8996.39 8998.11 8995.49 8988.44 8980.85 8974.07 8969.44 8970.19 8974.87 8980.3 8985.99 8991.24 8995.7 9001.99 9008.65 9018.24 9031.13 9049.43 9059.65 9040.78 9023.81 9010.38 8998.18 8997.07 8999.07 8999.18 8998.03 8995.9 8993.06 8989.34 8989.31 8991.42 8988.68 8989.27 8991.71 8995.32 8998.57 9002.22 9006.58 9012.68 9018.76 9023.67 9027.03 9029.36 9032.58 9035.78
8944.06 8947.32 8951.68 8956.33 8961.16 8965.65 8969.79 8973.48 8977.18 8980.47 8983.17 8986.1 8988.75 8990.96 8992.67 8992.27 8989.3 8987.88 8986.73 8988.01 8990.12 8990.34 8991.32 8989.45 8985.02 8979.19 8973.4 8968.2 8969.73 8975.37 8980.59 8985.53 8990.66 8995.28 9000.84 9005.97 9013.51 9022.56 9032.7 9036.47 9033.88 9030.34 9025.9 9018.9 9014.71 9010.99 9006.86 9002.82 8998.62 8993.91 8987.2 8987.6 8992.13 8991.57 8992.53 8994.74 8997.63 9000.85 9005.11 9008.9 9018.03 9025.96 9030.82 9032.94 9033.56 9035.86 9038.83
8947.43 8949.94 8953.13 8956.61 8960.72 8964.73 8968.52 8971.94 8975.29 8978.29 8981.3 8984.21 8986.76 8988.94 8990.59 8989.46 8983.87 8977.46 8976.12 8980.25 8985.64 8990.66 8988.31 8986.34 8983.54 8979.58 8975.17 8970.32 8973.13 8979.45 8983.43 8987.14 8991.13 8994.2 8998.64 9003.15 9008 9010.5 9011.59 9012.49 9021.4 9034.35 9043.81 9044.73 9034.01 9022.73 9013.69 9006.58 9001.04 8996.08 8990.72 8986.29 8989.27 8992.51 8995.53 8998.73 9002.31 9007.57 9015.34 9020.96 9030.57 9037.65 9041.56 9042.3 9040.77 9042.27 9043.83
8949.8 8952.25 8955.08 8957.38 8960.68 8964.01 8967.28 8970.38 8973.33 8976.23 8978.99 8981.6 8984.06 8986.11 8988.41 8987.73 8978.7 8967.38 8966.87 8973.34 8979.15 8983.44 8984.35 8983.88 8982.94 8982.04 8981.44 8981.72 8984.35 8986.13 8987.25 8988.2 8990.7 8993.7 8997.98 9001.07 9003.24 9003.16 8999.3 9005.9 9018.3 9038.14 9057.54 9064.33 9046.58 9030.46 9018.49 9009.38 9002.29 8996.96 8992.35 8987.22 8989.29 8994.46 8999.83 9004.85 9010.04 9019.32 9033.51 9044.53 9049.09 9052.68 9055.53 9056.15 9052.96 9052.72 9051.04
8952.13 8954.44 8956.85 8958.13 8960.52 8963.05 8965.7 8968.23 8970.87 8973.44 8975.92 8978.25 8980.36 8981.83 8983.71 8984.13 8975.03 8967.27 8966.07 8969.98 8973.65 8976.78 8979.92 8981.12 8982.07 8983.73 8987.19 8995.19 8998.97 8991.71 8988.76 8988.92 8991.35 8994.23 8996.69 8999.04 9002.51 9003.73 9008.19 9010.81 9021.23 9037.74 9054.48 9059.75 9044.03 9029.28 9017.61 9008.32 9000.98 8995.43 8990.73 8988.38 8991.04 8997.62 9005.82 9013.49 9019 9030.43 9051.51 9065.81 9065.5 9066.39 9069.6 9074.02 9074.88 9066.91 9059.04
8954.38 8956.8 8959.95 8959.75 8961.35 8963.17 8965.2 8967.33 8969.43 8971.52 8973.49 8975.36 8976.77 8977.27 8977.12 8973.29 8971.15 8968.06 8967.15 8969.85 8972.99 8975.36 8977.2 8978.77 8980.38 8982.47 8986.02 8990.38 8990.91 8989.31 8988.03 8989.4 8991.38 8995.81 8998.32 9000.49 9001.84 9002.22 9005.34 9016.77 9029.68 9029.42 9032.7 9034.43 9029.35 9021.52 9013.25 9004.69 8997.67 8991.79 8986.96 8986.04 8990.48 9000.94 9013.29 9025.87 9037.82 9050.79 9066.19 9074.08 9073.68 9074.32 9078.17 9086.32 9090.46 9076.27 9064.32
8958.68 8962.88 8962.85 8961.09 8961.7 8962.83 8964.3 8966.07 8967.94 8969.57 8971.1 8972.18 8972.93 8972.87 8972.81 8971.93 8970.43 8969.7 8970.58 8971.14 8972.47 8973.98 8975.33 8976.75 8978.27 8979.83 8980.99 8980.23 8978.07 8982.35 8985.05 8986.93 8991.62 8994.49 8996.63 8999.7 9002.43 9004.35 9006.74 9012.17 9016.5 9010.81 9005.05 9007.78 9011.69 9010.54 9006.12 9000.57 8994.57 8988.4 8982.66 8978.87 8989.3 9004.36 9020.92 9038.45 9055.46 9067.42 9073.09 9074.23 9073.91 9075.08 9077.5 9081.69 9083.11 9074.33 9064.64
8959.91 8962.7 8963.8 8961.44 8961.59 8962.34 8963.44 8964.52 8965.91 8967.16 8968.24 8969.06 8969.5 8969.31 8969.15 8968.55 8968.12 8969.87 8972.55 8971.06 8970.77 8972.03 8973.5 8974.74 8975.9 8976.79 8977.16 8976.64 8977.32 8979.05 8981.48 8985.82 8988.65 8991.41 8994.94 8998.64 9003.06 9007.48 9005.84 9000.07 8994.54 8989.46 8985.08 8990.8 8998.08 9000.83 9000.25 8997.31 8992.44 8987.17 8982.02 8979.73 8990.99 9008.37 9026.51 9045.79 9065.71 9067.26 9063.27 9064.12 9068.63 9071.7 9072.02 9067.39 9066.19 9067.19 9062.12
8959.43 8964.24 8963.05 8962.91 8960.59 8961.15 8962.01 8963.02 8964.14 8965.07 8965.76 8966.3 8966.44 8966.24 8965.74 8963.9 8963.9 8966.12 8967.01 8968.06 8969.19 8970.53 8971.91 8973.2 8974.21 8974.75 8974.94 8975.15 8975.56 8976.99 8978.89 8983.21 8985.8 8988.99 8992.44 8996.64 9001.11 9006.16 9000.53 8987.76 8973.65 8975.46 8979.69 8985.68 8991.31 8994.88 8995.87 8995.15 8992.57 8988.6 8984.51 8986.27 8998.52 9014.22 9029.75 9044.83 9055.69 9054.87 9047.95 9054.63 9063.45 9069.29 9071.07 9067.33 9064.99 9064.87 9060.47
8956.91 8957.39 8959.82 8961.18 8960.11 8961 8962.01 8962.77 8963.74 8964.41 8964.86 8964.92 8964.42 8964.02 8963.77 8963.23 8963.42 8963.61 8963.71 8965.84 8968.41 8969.4 8970.82 8972.17 8972.93 8973.36 8973.58 8973.83 8974.57 8976.02 8978.45 8980.29 8982.98 8985.84 8989.13 8992.35 8995.62 8995.52 8990.65 8980.49 8972.93 8975.65 8983.48 8986.22 8988.68 8991.43 8993.59 8994.61 8994.57 8993.04 8990.44 8999.54 9011.58 9021.08 9031.5 9041.27 9047.04 9047.42 9046.69 9052.76 9061.25 9069.56 9076.11 9080.09 9075.57 9068.52 9061.27
8954.65 8955.26 8957.62 8960.1 8959.72 8960.84 8961.78 8962.56 8963.17 8963.58 8963.58 8963.55 8963.16 8962.42 8962.24 8961.93 8961.98 8963.16 8964.57 8964.92 8965.33 8968.08 8970.08 8971.38 8972.26 8972.57 8972.49 8972.45 8972.36 8973.87 8976.6 8979.25 8980.85 8983.47 8985.17 8986.78 8988.58 8991.96 8983.39 8975.69 8972.24 8975.87 8983.83 8985.74 8987.18 8989.94 8992.61 8995.34 8998.78 9001.68 9004.83 9016.57 9022.2 9025.74 9031.7 9038.42 9042.06 9042.97 9047.33 9051.6 9060 9070.14 9080.43 9088.53 9082.47 9071.9 9062.31
8954.36 8955.45 8957.6 8959.89 8959.66 8960.77 8961.59 8962.2 8962.57 8962.73 8962.64 8962.57 8962.06 8961.69 8961.38 8961.06 8961.29 8963.78 8965.99 8966.1 8965.63 8968.53 8970.42 8971.52 8971.96 8972.17 8972.01 8971.83 8971.81 8972.83 8974.43 8976.79 8978.73 8980.6 8980.27 8980.67 8978.78 8976 8973.6 8969.81 8966.22 8970.04 8979.91 8983.18 8985.69 8988.08 8991.79 8996.45 9002.53 9010 9020.53 9025.03 9024.83 9025.66 9028.9 9034.59 9037.24 9033.42 9034.41 9046.52 9057.55 9068.75 9079.86 9086.81 9082.18 9072.25 9062.43
8955.29 8956.94 8959.07 8960.95 8960.56 8961.39 8962.03 8962.36 8962.59 8962.64 8962.47 8962.21 8961.38 8960.96 8960.97 8961.37 8962.5 8965.59 8969.22 8971.25 8971.16 8971.29 8972.15 8972.41 8972.62 8972.41 8972.05 8971.67 8971.1 8971.28 8973.27 8974.8 8976.13 8977.18 8976.85 8975.33 8971.86 8966.78 8967.45 8966.05 8964.39 8967.66 8975.03 8979.29 8983.02 8986.98 8991.11 8995.92 9002.84 9011.55 9023.79 9020.15 9019.67 9021.62 9023.7 9022.78 9025.62 9028.06 9032.86 9044.81 9054.7 9065.31 9075.7 9082.87 9078.24 9070.26 9061.56
8957.18 8959.39 8961.54 8962.74 8961.68 8962.11 8962.47 8962.66 8962.71 8962.27 8962.07 8961.93 8961.51 8961.32 8961.33 8961.9 8963.59 8967.53 8972.73 8975.76 8974.99 8974.21 8974.12 8973.87 8973.35 8973.07 8972.52 8971.79 8971.57 8972.04 8972.76 8973.55 8974.18 8974.33 8974.19 8972.8 8971.57 8969.45 8966.46 8965.15 8964.91 8966.86 8969.44 8975.76 8980.88 8985.67 8989.75 8994.89 9000.43 9006.08 9010.33 9012.37 9012.37 9018.46 9022.03 9023.9 9026.66 9031.42 9037.33 9043.08 9051 9060.69 9067.85 9071.4 9072.58 9067.31 9059.95
8958.76 8961.51 8964.21 8964.58 8963.23 8963.64 8963.53 8963.88 8963.85 8963.69 8963.38 8963 8962.53 8962.2 8962.08 8962.49 8964.22 8968.45 8974.53 8979.17 8977.71 8976.31 8975.52 8974.94 8974.46 8973.81 8973.09 8972.43 8972.36 8972.44 8972.6 8972.66 8972.78 8972.97 8972.67 8972.07 8971.22 8969.71 8966.59 8964.96 8964.61 8965.83 8969 8973.79 8979.09 8984.23 8988.99 8993.76 8998.07 9001.09 9002.97 9010.58 9015.74 9019.18 9024.11 9028.7 9031.81 9035.74 9034.64 9036.41 9046.17 9057.19 9067.12 9071.41 9070.62 9066.13 9058.98
8960.29 8962.7 8964.92 8965.66 8964.73 8965.17 8965.5 8965.52 8965.32 8964.89 8964.45 8963.95 8963.31 8962.95 8962.62 8962.92 8964.15 8967.89 8973.65 8977.44 8977.84 8976.95 8976.09 8975.37 8974.5 8973.95 8973.37 8973.36 8972.71 8972.46 8972.1 8972.17 8972.09 8971.96 8971.58 8971.23 8970.75 8969.27 8966.54 8964.85 8964 8964.16 8967.76 8972.48 8977.85 8983.15 8988.58 8992.96 8996.96 9000.94 9005.54 9010.37 9013.75 9020.62 9027.27 9031.44 9033.45 9034.8 9030.46 9031.21 9041.77 9053.92 9066.8 9073.44 9071.8 9067.88 9060.38
8961.28 8963.25 8964.55 8966.39 8967.97 8967.2 8967.41 8967.21 8966.59 8966.07 8965.5 8964.95 8964.42 8964.1 8963.51 8963.43 8963.77 8966.58 8972.32 8977.12 8976.9 8976.55 8975.79 8975.16 8974.35 8974.21 8973.84 8973.64 8973.14 8972.51 8972.17 8972.14 8971.69 8971.13 8970.25 8970.29 8970.69 8969.04 8966.43 8965.1 8964.54 8963.58 8966.76 8971.91 8977.41 8982.65 8987.89 8992.28 8996.39 9001.12 9007.11 9013.7 9020.65 9026.72 9031.01 9034.92 9032.08 9030.07 9027.05 9029.03 9039.15 9050.46 9059.29 9068.39 9073.45 9073.31 9068.09
8963.04 8965.18 8965.16 8968.25 8970.91 8969.98 8969.8 8969.16 8968.38 8967.6 8966.88 8966.14 8965.62 8965.19 8964.64 8964.5 8964.6 8966.47 8971.31 8974.44 8975.32 8975.49 8975.11 8974.78 8974.56 8974.53 8974.11 8973.8 8973.56 8973.3 8972.79 8972.27 8971.44 8970.43 8970.15 8969.78 8970.34 8967.96 8965.85 8965.15 8966.89 8968.56 8968.33 8972.7 8978.41 8983.88 8988.97 8992.98 8996.72 9000.83 9008.18 9018.3 9027.76 9031.93 9032.15 9029.96 9028.14 9024.61 9023.55 9027.44 9038.58 9050.93 9060.65 9070.32 9078.22 9082.87 9084.94
8967.1 8969.61 8970.61 8973.34 8976.09 8973.93 8972.72 8971.12 8969.89 8968.87 8968.06 8967.58 8967.16 8966.82 8966.65 8966.57 8967.16 8969.03 8971.59 8973.26 8973.96 8974.41 8974.72 8974.62 8974.29 8974.13 8974.13 8973.99 8974.02 8973.97 8973.48 8972.14 8970.9 8969.78 8969.58 8968.17 8965.93 8965.85 8964.43 8963.24 8963.98 8967.45 8967.87 8974.71 8981.31 8986.81 8991.36 8995.02 8998.39 9002.75 9010.94 9021.56 9030.61 9035.49 9035.21 9030.9 9025.56 9021.2 9020.94 9025.86 9039.68 9056.5 9069.01 9078.21 9084.58 9091.6 9101.06
8971.22 8976.6 8979.41 8983.06 8983.8 8978.32 8975.55 8973.44 8971.91 8971.09 8969.98 8969.37 8968.97 8968.79 8968.81 8968.99 8969.7 8970.79 8973.05 8973.85 8973.45 8973.73 8973.77 8973.8 8973.83 8973.88 8973.91 8974.08 8974.14 8974.25 8973.92 8973.11 8971.65 8970.42 8969.01 8966.92 8965.8 8965.31 8964.1 8961.57 8957.89 8958.52 8969.41 8980.25 8986.77 8991.62 8995.14 8998.47 9001.48 9005.23 9014.53 9025.26 9033.94 9042.32 9038.21 9031.63 9024.2 9019.59 9019.1 9023.67 9040.45 9063.85 9084.83 9085.36 9086.51 9091.53 9102.06
8973.82 8982.93 8996.73 9002.44 8989.87 8981.22 8977.45 8975.32 8973.86 8972.55 8971.71 8971.21 8970.9 8970.83 8971.33 8971.57 8972.51 8974.1 8974.52 8974.13 8973.41 8973.03 8972.71 8972.89 8972.92 8973.32 8973.32 8973.69 8974.06 8974.31 8974.17 8973.36 8972.22 8970.74 8968.49 8967.31 8967.69 8967.06 8966.83 8964.72 8961.47 8968.77 8985.66 8990.94 8994.4 8997.33 9000.27 9003.34 9006.42 9009.55 9019.5 9030.51 9041.13 9044.37 9035.08 9027.59 9022.49 9019 9018.72 9022.76 9038.21 9061.13 9081.55 9080.65 9079.1 9080.11 9082.81
8973.73 8981.19 8988.39 8988.79 8985.41 8979.81 8977.44 8975.84 8974.87 8974.21 8973.88 8973.54 8973.31 8973.05 8973.4 8973.65 8974.64 8976.05 8975.64 8974.25 8972.96 8972.29 8971.71 8971.83 8972.12 8972.52 8972.92 8973.47 8973.88 8974.02 8973.89 8973.16 8972.35 8970.46 8968.59 8968.08 8968.99 8970.79 8972.81 8973.85 8974.34 8984.62 8999.81 9001.29 9001.58 9002.83 9005.24 9008.53 9012.79 9019.27 9024.83 9033.25 9042.29 9042.04 9029.85 9024.2 9022.08 9020.36 9020.07 9022.89 9032.95 9046.38 9057.75 9063.58 9064.18 9062.83 9061.06
8971.18 8974.98 8975.09 8971.99 8976.58 8975.73 8975.7 8975.5 8975.58 8975.46 8975.34 8975.69 8975.61 8975.5 8975.47 8975.63 8975.78 8976.2 8975.71 8974.15 8972.59 8971.35 8970.52 8970.64 8970.88 8971.49 8972.06 8972.58 8973.25 8973.68 8973.76 8972.89 8971.61 8970.32 8969.33 8969.81 8971.62 8975.75 8980.79 8986.54 8993.37 9000.11 9006.75 9006.94 9006.16 9006.93 9009.19 9012.67 9017.24 9022.25 9027.22 9032 9034.46 9030.86 9025.72 9023.43 9023.3 9022.74 9022.46 9023.94 9029.07 9035.24 9041.14 9047.4 9048.76 9046.33 9041.27
8968.61 8970.31 8969.55 8968.47 8971.82 8972.46 8973.9 8974.77 8975.32 8976.11 8976.35 8976.52 8977.35 8977.21 8977.05 8976.54 8975.95 8974.62 8974.13 8973.26 8972.05 8969.65 8968.57 8968.72 8969.36 8970.15 8970.94 8971.99 8972.8 8973.54 8974.22 8973.15 8971.88 8970.83 8970.24 8971.57 8975.06 8980.88 8988.15 8996.93 9006.79 9008.7 9009.28 9007.91 9007.39 9008.7 9011.4 9015.22 9019.97 9024.61 9027.99 9030.34 9029.97 9025.48 9023.74 9023.67 9024.08 9024.4 9025.4 9027.76 9030.44 9031.25 9033.79 9037.23 9037.93 9035.88 9032.09
8967.03 8968.44 8968.22 8968.42 8970.27 8973.72 8972.96 8974.91 8976.05 8977.05 8977.62 8978 8978.34 8978.08 8977.92 8977.27 8976.75 8975.2 8974.06 8970.95 8967.5 8965.82 8966.23 8967.29 8968.37 8969.5 8970.74 8971.72 8972.59 8973.55 8974.46 8973.76 8972.62 8971.81 8971.66 8971.7 8977.25 8985.04 8993.42 9001.92 9008.23 9008.17 9005.19 9004.22 9005.94 9008.74 9012.18 9016.19 9020.8 9025.1 9028.31 9030.16 9029.78 9026.69 9025.41 9024.53 9024.33 9025.28 9027.82 9031.85 9034.16 9031.37 9030.94 9032.05 9031.93 9031.1 9033.19
