real_craters/C122-300m.grd
DSAA
249 249
-37.275 37.275
-37.275 37.275
8070.8365873298 9319.2693592752
[rows 60 to 89 of 249, columns 67 to 133 of 249]
8894.03 8893.15 8900.66 8915.95 8934.98 8955.09 8948.73 8923.87 8911.83 8908.24 8904.53 8901.15 8899.85 8901.04 8899.76 8898.17 8897.75 8896.68 8895.86 8894.94 8894.39 8894.25 8894.24 8894.97 8896.52 8900.06 8906.99 8915.91 8922.22 8925.17 8928.38 8931.57 8935.68 8938.85 8941.7 8943.99 8947.87 8950.14 8953.88 8957.08 8959.73 8963.41 8968.2 8974.29 8982.05 8991.1 8985.79 8967.63 8951.72 8939.38 8928.72 8918.73 8911.13 8907.41 8909.33 8913.48 8918.87 8924.44 8930.03 8935.33 8940.32 8945.16 8948.51 8952.81 8956.95 8960.26 8965.79
8880.01 8882.57 8895.22 8910.54 8927.59 8943.3 8941.21 8926.28 8914.05 8909.34 8906.5 8899.73 8896.83 8896.56 8894.74 8892.82 8892.54 8892.4 8891.38 8894.27 8893.82 8893.73 8893.52 8893.38 8894.59 8896.96 8904.89 8915.97 8924.47 8929.62 8932.26 8934.99 8938.8 8942.12 8944.82 8947.04 8950.78 8954.03 8957.65 8962.37 8964.34 8968.97 8974.61 8981.56 8990.12 9002.01 8995.17 8976.91 8959.77 8945.92 8933.78 8922.58 8913.13 8907.66 8910.64 8915.44 8921.34 8927.28 8933.05 8938.29 8943.33 8947.05 8952.21 8954.81 8958.03 8962.28 8966.91
8875.34 8878.63 8889.86 8903.27 8913.97 8919.67 8926.3 8925.49 8915.97 8909.18 8902.93 8900.48 8898.9 8897.66 8895.75 8894.89 8893.86 8891.43 8890.71 8890.32 8890.13 8890.48 8891.45 8892.14 8894.2 8896.13 8904.18 8919.37 8930.8 8932.68 8935.26 8937.68 8942.59 8945.92 8948.57 8951.66 8956.09 8959.79 8962.47 8965.41 8968.97 8972.73 8977.49 8982.73 8986.79 8990.66 8988.06 8976.85 8962.95 8950.31 8938.53 8927.52 8917.8 8911.77 8914.57 8920.2 8926 8931.49 8936.45 8941.64 8946.53 8949.24 8955.19 8957.27 8960.94 8963.14 8966.86
8873.3 8875.59 8887.06 8899.29 8908.02 8911.51 8920.43 8924.89 8917.59 8908.4 8903.68 8900.51 8897.4 8895.95 8894.43 8893.54 8891.93 8891.81 8890.95 8891.05 8891.4 8891.45 8891.74 8892.42 8894.72 8897.23 8905.41 8921.72 8934.59 8934.6 8937.8 8941.49 8946.26 8949.34 8953.39 8956.71 8959.4 8961.22 8965.04 8967.64 8970.99 8974.55 8976.31 8979.55 8980.43 8978.26 8978.23 8973.47 8963.61 8953.51 8943.44 8933.87 8925.55 8918.97 8922.56 8926.86 8932.47 8937.45 8941.31 8945.33 8949.46 8953.49 8957.67 8960.82 8964.32 8966.39 8969.56
8872.41 8876.09 8887.18 8900.21 8912.26 8921.43 8925.1 8920.78 8912.76 8906 8901.73 8898.93 8896.43 8895.26 8894.54 8893.79 8891.85 8891.32 8891.16 8891.22 8891.59 8892.41 8893.03 8894.31 8897.15 8898.91 8904.62 8922.17 8936.6 8937.93 8941.32 8945.31 8950.39 8953.95 8956.83 8959.71 8962.5 8964.94 8967.02 8969.17 8972.72 8973.58 8976.42 8977.82 8978.6 8977.98 8976.15 8971.99 8964.3 8956.72 8948.94 8941.58 8935.74 8934.48 8933.43 8935.79 8940.26 8944.96 8949.09 8952.37 8956.53 8959.01 8962.53 8965.93 8968.86 8970.83 8974
8874.1 8877.95 8888.84 8903.57 8918.58 8931.05 8938.35 8939.6 8920.28 8905.47 8900.72 8897.71 8896.29 8895.91 8894.73 8893.34 8893.18 8891.89 8891.79 8891.7 8892.07 8892.75 8893.94 8895.78 8899.05 8901.41 8907.28 8921.84 8937.73 8942.28 8945.12 8948.41 8953.32 8956.38 8960.27 8962.91 8965.27 8967.38 8969.25 8968.6 8970.37 8972.37 8973.81 8976.05 8978.57 8980.45 8976.18 8970.65 8965.7 8960.44 8955.1 8949.89 8944.81 8940.21 8940.9 8946.37 8950.72 8954.82 8958.35 8962.34 8964.42 8966.02 8969.62 8972.47 8974.8 8977.54 8980.27
8878.1 8878.66 8890.05 8907.56 8925.01 8937.86 8948.82 8959.76 8930.58 8906.66 8900.83 8897.86 8896.69 8896.14 8895.23 8894.72 8894.73 8894.21 8894.47 8894.57 8894.74 8894.59 8894.84 8896.18 8898.53 8901.53 8905.55 8920.22 8934.59 8942.5 8947.58 8952.44 8957.56 8960.93 8961.96 8964.42 8968.28 8968.4 8968.84 8969.91 8969.88 8970.44 8971.3 8971.89 8974.4 8977.08 8974 8969.93 8967.14 8964.43 8961.8 8959.36 8956.87 8952.16 8955.17 8960.97 8963.38 8966.91 8968.74 8971.58 8973.26 8975.72 8977.11 8979.41 8980.75 8983.11 8987.28
8879.33 8877.78 8890.23 8910.31 8931.52 8941.78 8940.5 8930.94 8918.68 8906.25 8900.25 8897.58 8896.38 8897.03 8897.05 8897.27 8896.97 8897.07 8897.33 8897.25 8897.23 8897.09 8896.34 8896.23 8898.06 8902.42 8910.64 8919.24 8930.08 8941.31 8949.97 8955.63 8959.56 8963.72 8966.28 8967.75 8969.2 8970.45 8969.36 8969.2 8968.12 8967.75 8967.22 8965.91 8965.45 8967.67 8969.11 8968.24 8968.35 8968.39 8968.59 8969.37 8971.73 8978.86 8983.8 8977.8 8976.67 8978.03 8979.31 8981.08 8982.1 8983.77 8984.75 8984.74 8986.63 8990.23 8991.95
8877.94 8880.01 8890.1 8908.01 8928.85 8935.74 8930.19 8920.89 8912.07 8904.98 8899.46 8897.35 8896.08 8895.9 8896.01 8897.03 8897.08 8897.63 8898.13 8898.26 8898.41 8898.92 8898.85 8897.63 8897.29 8902.96 8909.68 8915.21 8925.13 8942.21 8953.01 8959.33 8963.73 8968.12 8970.55 8972.66 8973.47 8973.92 8971.47 8970.53 8968.01 8965.78 8963.21 8959.88 8956.99 8959.71 8964.67 8966.97 8969.93 8972.5 8975.12 8978.26 8982.43 8986.81 8988.22 8988.93 8988.18 8988.49 8988.99 8989.7 8990.74 8991.2 8992.3 8990.82 8992.23 8995.26 8996.48
8875.8 8878.27 8885.84 8899.49 8913.18 8919.64 8918.16 8911.94 8905.67 8900.21 8898.53 8897.4 8896.39 8895.91 8895.72 8896.37 8897.34 8897.99 8898.83 8899.91 8900.74 8901.62 8902.77 8903.35 8902.62 8906.18 8909.31 8912.31 8923.29 8946.3 8957.37 8964.22 8968.59 8971.04 8972.64 8973.62 8975.19 8972.96 8972.83 8971.41 8968.7 8965.55 8961.98 8956.62 8951.73 8955.69 8963.34 8967.79 8972.76 8977.16 8981.44 8985.92 8990.53 8994.43 8997.03 8998.4 8997.93 8997.67 8998.07 8998.22 8998.69 8999.26 8999.86 8998.04 8999.05 8999.72 9000.34
8878.69 8879.82 8884.13 8891.51 8895.97 8904.75 8906.95 8903.18 8902.95 8900.45 8899.26 8898.32 8897.59 8897.45 8895.88 8896.79 8898.01 8899.38 8901.55 8902.57 8903.5 8904.92 8907.4 8913.34 8915.33 8911.57 8913.18 8914.69 8923.53 8950.72 8961.07 8968.54 8972.39 8972.66 8973.9 8974.85 8975.24 8974.6 8973.39 8972.35 8970.23 8967.13 8963.72 8958.6 8954.79 8958.43 8965.98 8970.45 8976.21 8981.58 8986.84 8992.26 8997.73 9003.16 9007.45 9008.1 9006.82 9006.04 9006.12 9006.08 9006.17 9006.38 9004.77 9005.05 9004.04 9004.22 9004.22
8881.71 8885.45 8890.03 8892.35 8893.15 8902.08 8906.98 8906.73 8906.33 8904.41 8901.61 8900.17 8899.91 8900.41 8901.32 8902.29 8903.63 8902.43 8903.93 8906.26 8907.32 8908.04 8909.57 8913.45 8915.21 8910.97 8909.18 8907.63 8918.45 8944.69 8964.08 8972.62 8976.54 8978.94 8979.76 8980.31 8978.88 8978.46 8976.93 8975.17 8973.25 8972.44 8969.36 8964.88 8964.01 8966.84 8972.63 8975.73 8981.23 8986.64 8992.08 8997.73 9003.84 9010.76 9017.34 9016.87 9014.12 9014.66 9012.56 9012.69 9012.77 9012.54 9011 9007.83 9007.8 9007.62 9007.21
8883.44 8889.86 8898.58 8897.28 8901.59 8908.36 8917.45 8918.25 8910.45 8906.54 8901.81 8899.83 8900.2 8901.05 8902.45 8904.92 8906.78 8908.08 8910.07 8911.31 8912.02 8912.35 8910.71 8907.08 8906.63 8907.29 8904.37 8901.86 8921.08 8955.17 8970.91 8977.9 8981.33 8983.53 8984.57 8984.89 8983.23 8982.59 8981.26 8981.54 8980 8978.27 8976.79 8974.14 8974.14 8976.46 8978.47 8982.75 8987.58 8992.6 8997.69 9002.85 9008.29 9014.7 9022.38 9020.9 9018.23 9019.95 9018.94 9019.26 9019.31 9019.47 9019.37 9014.8 9014.49 9013.95 9013.12
8882.35 8888.13 8892.73 8893.04 8898.31 8909.95 8921.71 8917.58 8908.36 8900.38 8898.08 8898.58 8900.03 8902.25 8904.54 8906.96 8909.55 8912 8913.83 8915.26 8916.01 8916.58 8915.9 8914.79 8911.58 8909.33 8906.89 8909.11 8929.15 8961.21 8976.69 8983 8985.41 8986.97 8987.74 8987.91 8987.27 8986.67 8985.63 8986.68 8985.94 8986.01 8984.84 8984.74 8986.04 8987.04 8986.99 8990.18 8994.22 8998.65 9003.12 9007.35 9011.1 9014.41 9015.77 9016.61 9019.74 9024.54 9024.31 9025.2 9026.3 9026.58 9026.35 9025.78 9021.23 9020.42 9020.62
8882.85 8885.07 8885.33 8885.62 8890.11 8901.69 8908.03 8905.93 8901.75 8897.21 8895.95 8897.46 8899.89 8902.42 8906.01 8908.84 8911.88 8914.17 8916.95 8918.81 8920.58 8921.68 8922.03 8924 8919.89 8915.35 8914.47 8918.93 8939.11 8963.86 8979.9 8985.91 8988.27 8989.94 8991.66 8992.14 8992.1 8991.77 8991.35 8991.73 8991.63 8992.49 8992.49 8993.48 8995.5 8997.37 8996.12 8998.79 9002.31 9006.2 9009.98 9013.18 9015.2 9015.7 9012.45 9013.57 9022.33 9029.75 9030.32 9032.56 9033.31 9033.53 9033.2 9032.42 9027.77 9026.78 9027.57
8884.69 8884.77 8883.49 8884.8 8887.88 8891.35 8890.58 8894.05 8894.8 8894.4 8894.59 8896.07 8899.19 8902.79 8906.55 8910.72 8914.41 8917.86 8920.98 8923.41 8925.61 8927.12 8927.63 8926.86 8924.16 8920.72 8920.06 8930.68 8945.66 8967.4 8981.9 8987.11 8990.61 8992.85 8994.52 8996.04 8996.66 8997.09 8997.21 8998.6 8997.58 8998.08 8999.65 9001.46 9003.35 9006.03 9005.21 9007.91 9011.3 9014.97 9018.44 9021.2 9022.63 9023.22 9020.3 9021.32 9029.8 9038.1 9038.62 9040.43 9041 9041.01 9040.27 9035.58 9034.45 9033.2 9034.71
8887.11 8887.16 8888.02 8888.24 8887.95 8888.12 8888.99 8889.67 8890.27 8890.01 8890.46 8894.42 8899.04 8903.83 8908.39 8912.88 8917.18 8921.4 8925.22 8928.8 8931.34 8933.22 8934.28 8934.2 8930.05 8925.53 8921.59 8923.35 8939.47 8959.98 8976.42 8985.65 8992.16 8996.01 8998.67 9000.34 9001.65 9005.2 9005.32 9006.31 9005.58 9005.33 9007.36 9010.11 9012.4 9015.15 9015.1 9018.65 9022.71 9026.86 9030.7 9033.78 9035.66 9036.17 9035.15 9036.32 9043.16 9050.51 9050.3 9051.33 9053.48 9052.83 9051.67 9048.72 9046.98 9046.17 9044.31
8890.18 8889.76 8888.78 8888.69 8888.68 8888.2 8887.83 8888.16 8888.57 8888.82 8890.34 8894.94 8900.04 8905.3 8910.33 8915.31 8920.08 8924.52 8929.45 8932.92 8936.89 8939.08 8940.36 8939.98 8936.79 8932.3 8926.85 8922.98 8932.83 8955.42 8974.19 8986.14 8993.4 8997.96 9001.21 9003.82 9005.66 9007.18 9010.52 9011.43 9011.33 9011.56 9012.99 9014.94 9018.68 9023.51 9028.46 9028.97 9033.93 9038.9 9043.58 9047.69 9050.99 9051.98 9053.66 9055.21 9060.54 9065.6 9065.66 9065.91 9066.91 9066.15 9064.53 9062.59 9060.3 9056.04 9053.46
8894.33 8892.75 8890.8 8889.59 8889.02 8889.81 8888.51 8888.37 8889.54 8890.73 8891.61 8897.55 8902.47 8907.68 8913.03 8918.76 8923.77 8928.54 8933.13 8937.8 8941.92 8945.58 8948.14 8947.58 8944.9 8941.49 8938.46 8932.54 8935.12 8959.07 8979.22 8988.93 8995.64 9001.88 9006.47 9010.04 9012.61 9014.95 9016.99 9018.18 9016.33 9017.59 9019.32 9020.95 9025.6 9032.73 9038.84 9041.47 9047.41 9053.14 9058.53 9063.52 9068.16 9070.18 9075.01 9078.6 9080.96 9082.41 9080.41 9078.57 9078.64 9076.57 9075.92 9073.24 9071.5 9068.47 9063.35
8898.11 8896.19 8894.05 8891.28 8889.32 8885.08 8886.71 8890.44 8892.89 8895.35 8899.9 8901.98 8906.09 8912.07 8917.96 8923.22 8928.46 8933.34 8937.39 8942.34 8947.21 8952.33 8957.03 8957.49 8953.41 8950.37 8949.71 8948.93 8951.9 8968.51 8984.69 8991.57 8997.68 9006.85 9012.94 9018.09 9021.63 9025.06 9025.8 9027.18 9023.96 9024.36 9026.4 9029.33 9034.35 9041.9 9049.53 9054.28 9060.91 9067.12 9072.92 9078.47 9084.06 9090.28 9095.44 9103.26 9101.77 9097.41 9095.67 9091.43 9088.5 9085.6 9085.2 9081.97 9079.51 9075.99 9071.75
8899.76 8899.2 8899.26 8897.55 8895.89 8891.41 8893.84 8897.12 8898.76 8899.96 8901.87 8904.74 8909.71 8916.12 8922.43 8928.2 8933.46 8938.51 8943.01 8947.83 8952.17 8957.13 8961.58 8962.19 8959.62 8957.14 8956.02 8961.45 8974.4 8977.43 8984.9 8992.72 9000.61 9010.28 9017.82 9024.31 9029.79 9034.46 9037.38 9035.91 9034.89 9033.93 9035.15 9037.73 9044.18 9052.54 9060.56 9068.15 9072.52 9078.92 9084.88 9090.62 9096.48 9102.99 9108.7 9120.06 9115.19 9107.95 9104.68 9100.36 9097.51 9096.7 9093.31 9089.03 9085.15 9081.8 9076.52
8899.01 8900.77 8903.85 8909.05 8909.25 8910.02 8908.71 8908.18 8907.23 8905.43 8903.48 8906.4 8914.03 8921.63 8928.25 8933.67 8938.91 8943.59 8948.25 8952.15 8955.64 8959.39 8962.67 8964.25 8964.06 8963.39 8962.87 8967.86 8974.99 8980.2 8985.91 8994.7 9003.46 9014.37 9023.53 9031.37 9038.53 9044.32 9047.96 9045.87 9045.79 9045.06 9044.89 9048.37 9055.33 9064.16 9072.57 9080.28 9083.61 9089.76 9095.37 9100.6 9105.62 9110.57 9112.63 9115.82 9113.7 9109.7 9110.05 9106.54 9103.44 9103.32 9099.43 9095.47 9091.29 9086.59 9083
8897.01 8900.71 8904.97 8911.82 8918.14 8923.02 8923.04 8921.34 8918.71 8914.93 8908.4 8911.21 8922.19 8929.47 8935.36 8940.77 8945.34 8949.54 8953.63 8956.5 8958.81 8960.97 8963.54 8966.1 8968.49 8970.67 8972.15 8973.2 8973.51 8981.02 8990.08 8997.98 9007.6 9019 9029.11 9039.02 9048.04 9054.08 9058.95 9057.22 9057.38 9056.57 9054.85 9058.31 9066.8 9076.57 9084.73 9091.78 9093.15 9098.4 9103.1 9107.3 9110.89 9113.6 9112.22 9112.6 9110.42 9108.33 9112.51 9108.86 9106.26 9105.75 9102.92 9098.84 9093.96 9089.64 9085.95
8895.43 8900.54 8904.99 8911.04 8924.77 8935.63 8936.91 8935.11 8932.82 8930.54 8928.85 8931.43 8936.87 8940.43 8944.14 8948.22 8952.08 8956.16 8959.77 8961.99 8962.98 8962.67 8963.6 8968.5 8973.46 8977.83 8981.17 8980.52 8980.56 8985.54 8991.53 8999.92 9011.97 9024.81 9036.47 9047.85 9058.37 9066.95 9073.99 9077.75 9074.95 9071.31 9066.08 9070 9081.97 9092.28 9100.25 9105.37 9105.62 9109.77 9113.36 9116.26 9118.09 9118.23 9112.61 9108.62 9104.6 9105.82 9113.29 9112.5 9114.62 9112.02 9107.86 9103.14 9097.96 9094.1 9088.98
8894.7 8901.83 8909.87 8918.86 8935.25 8947.73 8948.89 8947.49 8946.28 8946.87 8952.98 8960.2 8952.7 8951.68 8953.69 8956.69 8960.18 8962.87 8966.28 8968.54 8969.18 8967.53 8966.1 8973.74 8979.83 8983.4 8985.82 8986.97 8989.71 8993.02 8996.79 9005.27 9018.36 9032.1 9045.53 9058.59 9071.44 9082.44 9091.58 9097.99 9097.96 9094.23 9085.62 9090.72 9103.4 9111.98 9117.5 9120.37 9123.2 9121.52 9123.76 9125.39 9125.8 9124.11 9115.04 9108.62 9103.16 9106.49 9115.19 9116.52 9119.76 9116.42 9111.34 9105.78 9100.23 9096.65 9091.99
8893.23 8902.03 8915.87 8926.68 8944.82 8955.81 8958.28 8957.57 8956.08 8956.83 8959.96 8961.39 8959.24 8958.98 8960.63 8963.63 8967.37 8970.89 8974.51 8977.48 8978.97 8980.66 8981.67 8984.92 8988.9 8990.84 8990.74 8991.71 8992.63 8995.69 9002.8 9013.99 9025.15 9040 9056.03 9070.94 9085.53 9099.83 9112.3 9122.6 9127.09 9130.08 9130.79 9129.5 9132.25 9134.07 9134.55 9135.15 9135.39 9132.7 9133.54 9134.22 9134.03 9131.85 9121.35 9113.39 9107.44 9110.54 9119.03 9121.64 9125.65 9120.43 9113.73 9106.94 9100.66 9097.6 9093.42
8889.62 8896.76 8907.77 8923.19 8950 8965.28 8965.83 8964.02 8962.71 8961.8 8960.8 8958.19 8960.57 8963.04 8965.98 8969.47 8973.59 8977.79 8982.27 8986.64 8989.81 8992.88 8995.7 8996.52 8999.12 9003.6 9001.96 8996.19 8992.4 8993.37 9002.55 9014.48 9028.97 9046.74 9065.43 9082.41 9098.97 9115.89 9132.51 9147.59 9157.03 9165.76 9173.48 9168.37 9161.35 9155.39 9150.49 9146.24 9144.73 9143.33 9141.58 9142.01 9142.4 9141.61 9137.9 9123.95 9112.14 9121.52 9127.9 9130.23 9132.69 9124.43 9115.54 9107.3 9100.49 9096.16 9093.16
8885.79 8890.39 8898.48 8916.23 8943.04 8968.13 8968.31 8967.4 8966.73 8964.95 8962.33 8960.27 8961.96 8966.48 8970.08 8974.27 8978.98 8984.08 8989.95 8995.79 9000.95 9004.35 9004.55 9004.8 9005.05 9008.33 9005.76 8997.78 8993.66 8995.55 9002.96 9012.17 9034.43 9055.35 9075.42 9093.23 9111.11 9130.37 9149.86 9169.69 9180.8 9196.85 9196.86 9195.65 9185.37 9172.27 9161.99 9152.17 9147.92 9144.94 9145.42 9146.11 9148.11 9150.65 9152.52 9145.02 9142.12 9147.51 9142.8 9152.58 9137.25 9124.52 9112.96 9103.17 9095.57 9090.14 9087.51
8883.78 8886.95 8894.51 8910.58 8929.53 8954.85 8965.26 8968.81 8968.94 8967.36 8964.83 8961.89 8964.42 8969.27 8973.57 8978.16 8983.5 8989.69 8996.02 9003.15 9011.41 9021.15 9017.94 9009.57 9004.36 9001.64 8998.59 8994.95 8993.7 8998.6 9009.91 9024.8 9047.28 9065.52 9085.35 9102.44 9120.43 9140.63 9161.94 9185.5 9202.33 9234.29 9244.04 9223.9 9201.71 9181.92 9166.37 9152.61 9144.99 9140.62 9143.49 9144.51 9148.37 9154.97 9163.98 9167.03 9185.78 9179.54 9159.12 9158.25 9134.73 9117.21 9102.77 9092.05 9083.9 9078.89 9076.71
8885.12 8888.46 8894.42 8908.6 8933.54 8951.54 8963.15 8967.52 8969.19 8968.31 8967.52 8967.44 8968.82 8971.97 8976.2 8981.14 8986.99 8993 8999.69 9006.45 9013.96 9022.82 9018.76 9008.67 8999.25 8992.08 8991.02 8991.2 8992.17 8997.16 9019.66 9049.61 9066.83 9077.36 9092.49 9107.9 9124.83 9143.56 9165.32 9188.9 9207.83 9247.23 9264.81 9231.27 9202.45 9179.83 9161.28 9148.34 9138.27 9132.72 9130.9 9135.79 9140.67 9150.16 9164.75 9173.3 9191.62 9190.42 9164.62 9153.26 9122.08 9100.45 9085 9073.61 9066.09 9062.15 9061.04
