real_craters/C122-500m.grd
DSAA
150 150
-37.275 37.275
-37.275 37.275
8072.16464547 9318.9306550303
[rows 120 to 149 of 150, columns 0 to 66 of 150]
8811.28 8812.8 8810.87 8813.58 8815.68 8812.06 8808.02 8807.62 8809.7 8809.29 8810.93 8815.16 8816.35 8818.98 8821.69 8824.06 8826.25 8826.48 8827.57 8829.03 8830.51 8832.19 8833.83 8836.82 8846.33 8862.39 8886.07 8890.55 8878.2 8867.51 8860.16 8865.34 8869.39 8879.3 8891.18 8891.44 8888.09 8885.36 8883.27 8882.88 8883.14 8887.09 8902.72 8921 8940.17 8929.55 8904.98 8891.15 8893.33 8896.77 8898.93 8901.61 8906.17 8911.89 8918.11 8924.65 8929.36 8932.95 8936.21 8940.38 8942.67 8941.88 8941.19 8940.56 8942.79 8951.73 8972.85
8826.07 8841.88 8852.1 8833.08 8825.36 8816.24 8808.95 8806.33 8808.24 8808.32 8809.62 8813.01 8816.37 8818.41 8820.23 8822.98 8825.13 8826.19 8827.84 8829.63 8831.94 8834.25 8836.42 8838.66 8844.09 8863.23 8887.76 8894.13 8877.5 8868.37 8866.82 8870.33 8875.14 8885.45 8886.13 8885.98 8886.92 8886.83 8886.53 8882.82 8886.48 8881.32 8895.79 8900.69 8897.4 8897.75 8889.05 8883.98 8887.95 8892.65 8897.51 8902.3 8907.46 8913.85 8919.98 8926.52 8931.15 8934.4 8935.43 8937.49 8937.98 8938.59 8938.98 8938.79 8942.02 8948.09 8954.34
8757.32 8786.73 8872.97 8861.68 8836.02 8820.48 8809.42 8806.72 8808.17 8808.95 8809.63 8811.44 8814.07 8816.65 8817.95 8820.76 8822.66 8825.3 8827.35 8829.51 8833.03 8836.49 8840.83 8844.63 8847.13 8856.07 8856.67 8864.08 8865.94 8862.66 8872.01 8881.1 8884.76 8882.25 8880.72 8883.39 8885.88 8888.05 8892.14 8903.22 8903.82 8909.71 8902.83 8890.74 8876.5 8881.62 8882.68 8884.13 8888.15 8893.37 8898.94 8904.7 8910.29 8917.15 8922.94 8928.14 8932.19 8935.46 8935.21 8935.73 8936.24 8936.75 8936.68 8937.34 8939.52 8942.47 8944.53
8572.84 8646.21 8733.44 8821.89 8830.78 8822.3 8808.24 8805.77 8806.97 8807.59 8809.97 8811.66 8813.21 8814.79 8816.69 8819.23 8825.53 8825.26 8826.4 8829.23 8833.81 8838.76 8845.3 8853.91 8867.92 8856.02 8845.82 8853.31 8861.42 8860.16 8874.73 8885.39 8885.33 8880.71 8883.17 8883.38 8884.82 8886.99 8890.53 8893.54 8899.2 8908.78 8901.01 8890.89 8883.13 8884.87 8887.34 8888.99 8891.86 8896.21 8902.21 8909.85 8917.31 8920.35 8924.99 8930.07 8935.7 8935.74 8937.14 8936.96 8937.32 8937.86 8936.26 8937.14 8938.15 8939.23 8939.31
8530.77 8637.05 8716.68 8807.68 8825.21 8819.13 8806.44 8804.89 8807.02 8809.49 8810.02 8811.12 8810.79 8811.43 8812.06 8815.26 8818.68 8822.66 8827.25 8831.03 8835.96 8839.81 8846.05 8853.84 8858.25 8852.51 8845.78 8857.9 8873.72 8880.63 8889.54 8889.68 8884.85 8880.17 8880.29 8882.29 8883.62 8885.34 8886.29 8886.56 8886.98 8884.63 8886.83 8892.81 8895.92 8893.1 8895.45 8894.98 8896.41 8900.26 8905.17 8910.9 8916.99 8920.72 8925.57 8930.85 8934.57 8936.71 8938.61 8940 8941.13 8942.09 8941.23 8941.31 8940.83 8939.71 8937.31
8698.51 8764.69 8882.28 8849.82 8827.83 8812.34 8802.37 8803.13 8804.59 8806.07 8811.27 8809.63 8808.7 8810.35 8809.94 8812.81 8815.77 8820.53 8825.94 8831.17 8836.62 8842.06 8846.05 8849.55 8848.11 8848.77 8852.74 8865.6 8888.29 8922.67 8903.5 8885.29 8878.39 8878.14 8880.77 8881.7 8883.73 8885.35 8884.68 8881.87 8879.28 8880.01 8883.88 8891.2 8896.78 8897.83 8896.89 8899.38 8901.34 8904.48 8907.68 8911.1 8913.67 8920.07 8925.56 8930.86 8935.85 8938.52 8939.48 8940.35 8940.99 8941.48 8941.88 8941.47 8940.56 8939.22 8937.42
8886.18 8844.61 8851.41 8833.74 8821.38 8807.12 8799.57 8801.98 8803.84 8800.88 8799.48 8804.68 8807.43 8808.28 8810.88 8812.6 8815.41 8819.42 8825 8830.85 8836.62 8841.81 8846.43 8849.44 8850.9 8853.86 8858.42 8866.51 8878.12 8889.84 8880.64 8869.31 8869.75 8876.32 8877.76 8880.57 8883.61 8886.14 8886.94 8884.43 8879.64 8882.53 8883.91 8889.24 8894.9 8900.87 8906.35 8903.54 8904.24 8906.44 8909.25 8912.44 8917.05 8920.64 8925.53 8930.69 8935.63 8939.2 8939.77 8940.25 8940.39 8940.34 8939.48 8939.09 8938.6 8937.98 8937.73
8809.21 8811.04 8796.27 8801.34 8804.34 8805.03 8804.49 8801.94 8802.07 8800.36 8803.79 8805.53 8807.48 8809.93 8812.51 8813.33 8814.47 8818.12 8824.43 8830.54 8836.24 8841.32 8846.05 8850.58 8855.33 8861.79 8865.46 8863.15 8861.02 8854.26 8862.16 8865.71 8870.23 8867.38 8873.94 8880.22 8884.89 8889.22 8892.94 8895.96 8898.06 8892.55 8889.18 8891.43 8894.94 8897.25 8899.95 8902.64 8904.69 8907.14 8910.29 8913.39 8914.4 8920.16 8925.86 8930.45 8934.97 8938.93 8939.67 8939.46 8938.93 8938.6 8938.33 8938.28 8938.1 8938.05 8938.3
8788.23 8787.84 8788.7 8793.32 8797.82 8799.26 8801.77 8800.42 8799.92 8801.32 8803.98 8806.07 8809.21 8811.81 8813.39 8814.49 8815.69 8818.8 8825.69 8830.99 8835.89 8840.29 8844.89 8850.35 8857.5 8863.92 8860 8857.91 8856.01 8855.38 8859.54 8864.41 8865.06 8868.83 8874.64 8880.2 8885.85 8891.77 8898.24 8906.55 8914.74 8901.41 8889.7 8896.11 8895.77 8893.97 8895.27 8899.77 8903.82 8907.93 8911.93 8915.81 8919.55 8923.54 8927.41 8931.04 8935.03 8938.36 8939.51 8939.37 8939.11 8938.88 8938.62 8938.54 8938.74 8939.13 8939.93
8780.28 8783.12 8786.07 8789.56 8792.78 8794.14 8794.45 8797.41 8798.23 8800.34 8802.81 8804.75 8807.77 8811.23 8813.25 8816.82 8821.17 8825.42 8829.63 8831.86 8834.94 8838.4 8842.15 8845.53 8848.93 8846.61 8847.35 8852.27 8855.08 8856.52 8857.55 8857.19 8859.98 8868.14 8874.29 8879.98 8886.17 8893.04 8900.17 8907.14 8911.35 8901.92 8891.07 8888.77 8891.86 8892.43 8894.66 8899.08 8903.89 8908.8 8913.62 8918.79 8923.52 8927.18 8929.98 8931.37 8934.55 8938.22 8938.85 8938.73 8938.62 8938.64 8938.84 8939.4 8939.95 8940.74 8941.89
8777.71 8780.32 8785.41 8789.56 8792.56 8796.3 8798.18 8798.17 8798.07 8799.71 8801.05 8801.95 8802.52 8805.79 8810.99 8817.14 8824.95 8834.76 8831.21 8831.57 8833.7 8836.26 8839.19 8840.95 8841.24 8841.52 8844.71 8849.3 8854.32 8856.63 8856.08 8856.51 8860.26 8867.5 8873.75 8879.69 8886.22 8892.93 8898.87 8903.42 8902.93 8901.89 8897.79 8895.94 8893.1 8892.63 8894.62 8898.68 8903.67 8909.18 8915.09 8921.49 8928.95 8935.07 8932.79 8931.64 8933.69 8937.19 8937.68 8937.28 8937.33 8937.68 8938.15 8939.04 8940.24 8941.87 8943.72
8775.48 8779.8 8785.86 8786.65 8790.63 8798.7 8800.64 8799.14 8797.78 8799.98 8799.48 8799.61 8800.32 8804.74 8811.96 8815.92 8820.09 8821.17 8825.75 8828.84 8831.15 8833.7 8836.51 8838.3 8839.14 8840.43 8843.24 8847.34 8852.82 8854.58 8854.94 8854.53 8859.62 8866.13 8872.56 8878.81 8885.13 8890.84 8896.38 8901.17 8906.19 8905.24 8901.91 8899.15 8893.65 8891.72 8893.85 8897.56 8902.62 8908.44 8915.38 8922.1 8929.15 8933.55 8932.87 8932.9 8933.86 8936.05 8935.27 8935.11 8935.67 8936.35 8937.48 8939.11 8940.83 8942.96 8945.5
8789.07 8815.52 8786.83 8777.92 8785.85 8792.24 8797.54 8800.01 8798.56 8797.11 8797.61 8798.61 8800.23 8804.11 8808.61 8813.3 8816.54 8818.51 8822.85 8826.51 8829.83 8832.35 8834.6 8836.51 8838.09 8839.48 8841.67 8844.65 8847.8 8851.39 8853.34 8853.99 8858.9 8864.35 8871.05 8877.51 8883.17 8888.37 8892.6 8896.44 8899 8897.08 8890.53 8888.23 8890.17 8891.73 8892.78 8896.29 8901.32 8907.18 8913.54 8920.27 8925.75 8929.04 8930.92 8929.76 8930.72 8929.4 8930.49 8932.17 8933.43 8934.63 8936.39 8938.35 8940.58 8943.31 8946.62
8763.23 8763.81 8772.51 8775.78 8781.48 8790.03 8795.77 8800.21 8804.89 8793.86 8796.29 8798.47 8801.58 8804.39 8807.86 8811.52 8814.68 8817.75 8820.45 8823.65 8827.37 8830.9 8834.01 8836.11 8837.58 8838.31 8840.4 8842.77 8845.87 8849.64 8853.78 8857.9 8859.44 8864.93 8870.58 8875.62 8880.06 8884.4 8887.73 8890.08 8890.47 8889.31 8888.55 8888.32 8887.52 8886.33 8889.45 8893.59 8899.09 8905.28 8911.97 8918.08 8923.4 8927.86 8930.42 8933.46 8930.89 8927.73 8928.59 8929.92 8931.2 8932.64 8934.61 8936.89 8939.63 8942.85 8946.35
8752.53 8754.75 8759.46 8762.83 8773 8789.36 8790.39 8794.04 8794.01 8791.4 8795.09 8798.91 8801.86 8805.53 8808.16 8811.37 8813.33 8814.5 8817.12 8821.02 8825.12 8828.77 8832.49 8836.11 8839.33 8840.65 8841.87 8843.15 8843.74 8849.67 8854.93 8858.6 8863.39 8867.86 8871.46 8875.13 8879.09 8882.54 8885.33 8886.7 8887.48 8888.32 8890.17 8893.94 8887.63 8882.57 8886.87 8892.24 8898.38 8904.51 8910.85 8916.98 8922.41 8926.52 8930.58 8932.6 8930.76 8929.96 8928.79 8927.74 8928.55 8930.34 8932.62 8935.11 8938.17 8941.49 8945.24
8757.52 8755.41 8756.26 8760.16 8763.37 8765.22 8779.9 8789.17 8793 8792.77 8796.13 8800.82 8805.09 8807.45 8811.07 8812.94 8813.16 8813.13 8815.19 8819.56 8823.69 8827.85 8832.01 8836.34 8841.82 8845.38 8844.91 8847.33 8850.29 8851.96 8856.56 8861.25 8866.51 8869.47 8871.65 8874.29 8877.15 8880.2 8883 8884.63 8884.92 8883.5 8891.99 8897.96 8888.09 8883.39 8885.66 8890.52 8896.32 8902.42 8908.69 8914.85 8921.19 8928.12 8930.27 8929.42 8927.8 8925.02 8923.36 8924.08 8925.51 8927.66 8930.26 8933.05 8936.33 8939.85 8943.5
8751.22 8752.94 8753.15 8760.22 8762.48 8764.08 8774.1 8785.21 8790.86 8792.38 8796.79 8799.92 8803.99 8807.39 8811.59 8813.6 8813.36 8813.7 8815.65 8819.27 8823.43 8827.3 8831.16 8835.1 8838.46 8843.9 8847.86 8845.42 8845.99 8852.04 8857.31 8862.75 8865.78 8868.88 8870.88 8873.3 8876.27 8878.8 8881.04 8883.58 8885.57 8887.81 8885.77 8883.97 8882.7 8882.05 8884.31 8888.54 8893.85 8899.8 8906.02 8912.16 8918.14 8923.18 8925.35 8925.28 8923.57 8920.29 8918.86 8919.98 8922.15 8924.63 8927.77 8931.12 8934.43 8937.76 8941.44
8750.23 8747.27 8749.27 8754.57 8759.59 8764.83 8770.29 8776.22 8784.43 8791.16 8794.36 8796.06 8800.16 8805.52 8809.37 8811.62 8813.75 8814.67 8816.43 8819.56 8823.26 8826.89 8830.45 8834 8837.94 8840.82 8842.16 8844.3 8846.5 8851.44 8856.52 8862.93 8865.62 8868.15 8871.94 8875.5 8878.13 8880 8881.47 8883.21 8885.5 8889 8878.65 8874.96 8876.22 8878.69 8882.13 8886.4 8891.96 8897.89 8903.69 8909.25 8914.22 8918.2 8920.25 8921.45 8919.55 8916.76 8915.43 8916.08 8918.35 8921.27 8924.54 8928.28 8932.08 8935.61 8939.28
8747.77 8747.69 8748.61 8751.67 8755.07 8760.91 8767.62 8773.28 8779.52 8785.47 8789.29 8792.58 8798.54 8804.82 8810.08 8814.72 8815.13 8815.6 8817.45 8820.14 8824.37 8827.59 8830.26 8832.73 8835.6 8839.59 8843.71 8846.96 8850.28 8853.62 8855.41 8862.43 8866.88 8870.28 8875.79 8880.16 8880.71 8881.53 8881.63 8881.59 8881.1 8878.74 8872.25 8870.07 8872.16 8876.32 8880.86 8886.26 8891.67 8896.41 8902.37 8907.3 8911.59 8915.25 8917.07 8917.13 8916.04 8912.86 8910.12 8912.49 8915.38 8918.39 8922.01 8925.72 8929.54 8933.33 8937.05
8745.37 8747.3 8747.67 8750.71 8756.63 8760.7 8765.87 8773.43 8778.23 8781.07 8785.2 8796.77 8800.88 8805.7 8810.07 8812.28 8816.71 8819.75 8824.66 8825.73 8827.36 8828.78 8829.89 8831.54 8833.73 8838.62 8842.44 8849.79 8853.31 8857.45 8864.6 8866.9 8867.98 8875.08 8881.22 8883.55 8883.28 8882.21 8880.54 8879.23 8877.21 8873.91 8871.8 8869.19 8871.33 8875.71 8881.02 8886.68 8892.14 8896.77 8902.07 8906.48 8910.2 8912.98 8915.29 8915.89 8913.45 8910.77 8910.47 8910.84 8912.8 8915.74 8919.39 8923.23 8927.27 8931.12 8934.89
8746.25 8748.36 8747.98 8749.99 8751.79 8757.1 8762.38 8767.2 8773.61 8778.1 8780.69 8791.7 8801.49 8807.88 8812.19 8814.77 8821.15 8826.11 8830.04 8830.99 8830.86 8831.04 8831.14 8831.25 8832.73 8839.19 8846.91 8843.16 8851.55 8858.1 8862.63 8864.35 8873.25 8886.58 8889.19 8887.14 8884.37 8881.45 8878.58 8875.6 8872.82 8869.87 8867.43 8867.76 8869.9 8876.06 8882.65 8888.47 8894.37 8899.22 8903.32 8906.7 8909.28 8911.72 8914.27 8912.89 8910.39 8908.21 8907.72 8908.13 8910.07 8913.46 8917.21 8921.1 8924.77 8928.89 8932.65
8747.97 8749.42 8748.27 8750.68 8752.38 8755.89 8760.61 8765.5 8773.58 8781.4 8793.28 8799.7 8805.59 8812.28 8818.39 8823.87 8828.97 8831.28 8831.56 8833.07 8834.08 8833.86 8833.39 8833.03 8834.75 8840.16 8844.99 8846.76 8850.55 8858.64 8863.52 8864.14 8886.57 8904.25 8896.12 8888.97 8883.8 8880.19 8876.14 8872.35 8868.64 8866.44 8865.35 8867.22 8870.28 8877.81 8884.25 8889.9 8895.43 8900.72 8905.15 8908.17 8910.33 8910.69 8910.4 8908.19 8906.53 8905.18 8903.34 8904.27 8907.46 8911.12 8914.81 8918.56 8922.16 8926.07 8929.97
8749.82 8754.83 8754.07 8752.71 8754.04 8757.44 8761.08 8764.52 8760.17 8782.09 8796.09 8802.36 8809.28 8816.35 8824.29 8835.77 8836.47 8835.92 8837.19 8838.19 8837.49 8836.8 8836.47 8836.28 8837.79 8841.59 8845.44 8849.29 8851.16 8858.81 8865.34 8868.69 8886.97 8901.49 8891.08 8885.2 8880.57 8876.41 8872.41 8868.77 8865.41 8863.58 8864.58 8869.91 8875.94 8881.65 8886.12 8891.18 8896.95 8902.16 8906.64 8909.13 8910.86 8909.71 8906.99 8905.33 8903.91 8902.95 8900.84 8901.9 8905.49 8908.99 8913.04 8916.84 8920.72 8924.56 8928.3
8749.71 8754.24 8752.96 8753.66 8757.11 8759.53 8762.31 8767.71 8776.61 8785.57 8796.8 8804.92 8811.34 8818.28 8825.3 8830.84 8835.04 8837.78 8840.02 8840.79 8839.8 8839.26 8839.21 8840.26 8842.11 8844.11 8845.46 8845.84 8850.8 8857.96 8863.1 8865.07 8872.13 8875.37 8877.56 8876.65 8874.59 8872.57 8870.61 8867.93 8863.44 8860.03 8864.21 8875.08 8883.35 8884.83 8887.38 8891.85 8896.84 8902.42 8907.96 8912.11 8914.69 8913.33 8907.16 8902.92 8902.92 8902.68 8901.91 8903.01 8903.5 8906.66 8910.63 8915.16 8918.7 8922.54 8926.49
8749.26 8752.42 8752.64 8752.83 8756.55 8760.16 8762.37 8769.25 8778.94 8787.65 8796.42 8804.43 8811.85 8818.81 8825.18 8830.07 8834.43 8838.05 8839.73 8840.41 8840.94 8841.04 8841.36 8842.78 8844.79 8846.81 8848.98 8846.29 8849.33 8855.28 8862.83 8871.91 8870.02 8862.63 8865.48 8867.96 8869.45 8870.35 8870.37 8869.86 8867.6 8864.25 8874.74 8882.53 8882.34 8884.45 8888.01 8893.67 8899.28 8904.89 8910.57 8917.29 8922.99 8922.5 8911.39 8904.49 8905.22 8904.04 8901.91 8901.48 8903.01 8904.92 8907.96 8912.42 8916.29 8920.02 8925.17
8749.66 8753.1 8753.44 8752.69 8754.62 8758.98 8764.89 8772.49 8781.05 8787.27 8794.28 8803.38 8811.26 8818.78 8825.33 8831.04 8835.75 8838.9 8840.38 8840.54 8841.67 8841.83 8842.15 8842.67 8845.29 8848.45 8851.48 8848.98 8849.52 8854.63 8872.48 8893.34 8873.47 8858.64 8858.64 8862.38 8864.92 8867.94 8870.32 8873.68 8877.96 8882.47 8886.97 8883.59 8880.31 8882.92 8888.24 8893.97 8899.4 8905.57 8912.01 8919.83 8930.46 8944.63 8936.54 8919.12 8912.06 8906.8 8902.14 8898.33 8902.42 8905.46 8907.37 8910.94 8914.38 8920.4 8923.63
8749.18 8751.48 8754.77 8754.92 8755.3 8756.72 8762.9 8770.23 8778.53 8785.61 8790.77 8801.45 8810.9 8818.99 8826.07 8832.74 8837.87 8840.27 8841.58 8842.82 8842.33 8842.18 8842.71 8844.46 8846.12 8848.8 8851.64 8850.51 8851.18 8855.06 8884.65 8882.01 8870.51 8858.7 8856.12 8859.52 8862.8 8865.92 8869.98 8874.94 8883.37 8893.46 8882.52 8875.63 8876.86 8882.41 8888.3 8893.17 8898.7 8904.47 8910.54 8917.26 8925.69 8938.01 8940.58 8932.87 8916.74 8908.33 8903.62 8902.69 8903.66 8905.65 8908.69 8912.18 8915.68 8919.45 8921.07
8747.13 8749.23 8748.89 8753.04 8755.89 8759.91 8762.84 8769.71 8779.23 8787.03 8792.79 8801.66 8811.01 8819.44 8827.02 8833.83 8838.54 8841.27 8841.72 8840.9 8841.3 8841.72 8842.55 8843.93 8846.11 8848.63 8850.02 8853.79 8854.14 8862.34 8892.68 8875.79 8868.17 8859.83 8857.46 8858.3 8860.43 8863.66 8866.77 8870.88 8876.5 8880.54 8876.8 8876.76 8880.33 8884.55 8889.29 8894.18 8899.15 8903.4 8907.98 8911.44 8912.51 8907.56 8914.24 8915.71 8909.29 8905.86 8903.3 8902.73 8903.64 8905.81 8908.29 8911.6 8914.72 8917.91 8919.96
8747.91 8750.58 8752.09 8750.01 8754.89 8759.9 8762.82 8786.3 8788.94 8790.11 8796.55 8804.04 8811.73 8819.6 8827.48 8834.97 8842.2 8842.29 8840.96 8839.83 8839.73 8840.26 8841.67 8844.09 8845.63 8848.44 8852.12 8854.85 8855.39 8865.29 8885.68 8876.37 8870.39 8865.28 8862.74 8861.2 8861.44 8862.08 8864.1 8866.85 8866.92 8868.94 8874.4 8877.08 8881.15 8885.93 8890.37 8894.41 8898.2 8901.88 8904.71 8906.15 8905.32 8902.84 8899.31 8895.91 8899.65 8901.92 8902.58 8902.65 8903.92 8905.77 8908.33 8911.28 8914.59 8917.86 8921.51
8750.23 8753.68 8754.18 8754.48 8755.16 8757.61 8778.91 8785.07 8789.31 8789.81 8792.1 8802.2 8811.94 8819.56 8826.76 8833.85 8841.58 8840.5 8838.72 8837.82 8837.69 8837.72 8838.59 8840.62 8843.51 8846.9 8850.73 8853.74 8856.05 8867.16 8893.85 8882.61 8873.22 8868.55 8866.05 8864.22 8864.12 8865.3 8865.84 8865.35 8863.44 8864.96 8870.83 8875.66 8881.92 8887.73 8891.41 8894.72 8897.66 8900.2 8902.08 8903 8902.81 8900.72 8898.1 8896.49 8898.03 8900.15 8901.62 8902.04 8903.76 8906.09 8908.34 8911.62 8916.01 8919.15 8922.54
