real_craters/C122-500m.grd
DSAA
150 150
-37.275 37.275
-37.275 37.275
8072.16464547 9318.9306550303
[rows 60 to 89 of 150, columns 67 to 133 of 150]
8758.61 8710.07 8688.15 8668.97 8641.33 8616.9 8601.53 8582.71 8584.67 8577.89 8585.33 8603.6 8631.09 8665.42 8701.28 8741.6 8786.53 8839.08 8899.84 8938.18 8947.2 8964.91 8995.26 9033.94 9073.27 9109.59 9139.4 9154.19 9125.54 9074.76 9057.67 9051.46 9046.9 9042.4 9040.92 9030.36 9025.47 9028.15 9030.71 9031.72 9043.12 9063.21 9077.16 9085.92 9048.53 9035.82 9035.01 9037.67 9041.89 9049.2 9048.29 9053.37 9062.19 9067.22 9070.02 9070.74 9068.72 9066.45 9063.94 9060.41 9055.17 9047.9 9046.51 9051 9053.48 9054.22 9053.84
8650.52 8615.8 8588.52 8563.34 8531.37 8502.56 8482.75 8449.48 8442.77 8444.33 8470.7 8506.24 8547.22 8589.5 8633.07 8676.14 8722.76 8770.98 8820.88 8868.97 8914.62 8959.84 8991.7 9026.04 9066.81 9108.38 9146.15 9176.8 9142.15 9074 9054.05 9044.9 9041.88 9041.74 9036.61 9024.96 9027.94 9033.89 9040.44 9043.98 9052.57 9066.65 9082.26 9081.08 9050.46 9040.56 9039.12 9042.22 9045.41 9046.47 9050.73 9057.31 9059.44 9064.21 9073.07 9072.24 9069.62 9066.71 9063.72 9060.51 9056 9051.07 9050.1 9051.43 9052.87 9055.4 9055.84
8543.09 8520.99 8493.71 8462.11 8436.8 8406.49 8375.84 8344.42 8293.91 8314.3 8361.01 8410.48 8459.68 8507.74 8558.47 8605.65 8652.22 8695.71 8737.12 8778.28 8858.93 8939.49 8966.12 9003.38 9049.8 9096.42 9137.1 9158.82 9131.6 9074.62 9059.27 9057.84 9050.1 9044.78 9036.58 9030 9031.35 9039.83 9052.38 9067.99 9067.46 9066.44 9071.49 9064.61 9054.14 9044.83 9042.99 9045.65 9052.54 9054.8 9063.24 9068.18 9070.18 9087.57 9080.67 9074.09 9069.71 9066.15 9063.6 9061.72 9059.88 9059.29 9059.45 9056.7 9057.61 9059.44 9059.99
8435.29 8420.45 8397.25 8368.98 8354.65 8325.82 8294.78 8255.84 8206.96 8223.92 8275.11 8332.09 8387.39 8440.95 8491.86 8540.72 8587.79 8629.33 8669.2 8713.3 8774.47 8838.88 8905.66 8964.89 9025.69 9082.95 9129.76 9153.37 9136.54 9091.74 9071.18 9068.81 9055.55 9046.28 9052.41 9032.25 9034.49 9042.98 9054.96 9072.83 9066.82 9057.84 9044.22 9040.19 9043.54 9047.41 9049.94 9054.7 9068.72 9082.84 9085.31 9082.52 9089.89 9090.96 9076.2 9069.59 9066.72 9064.73 9063.18 9062.78 9062.18 9062.07 9062.62 9064.81 9064.96 9065.57 9065.74
8335.92 8329.13 8309.77 8296.32 8283.87 8257.27 8231.55 8199.05 8160.78 8175.27 8220.16 8273.69 8330.1 8383.81 8435.34 8485.18 8528.9 8570.08 8611.45 8662.33 8701 8763.83 8839.12 8919.46 8997.47 9067.87 9126.97 9169.25 9175.99 9118.43 9083.81 9072.73 9052.85 9038.87 9028.47 9035.89 9040.21 9043.66 9046.95 9046.32 9054.91 9053.94 9047.5 9048.52 9051.61 9053.18 9057.19 9067.55 9077.97 9082.71 9089.68 9087.61 9079.18 9062.06 9062.14 9064.3 9064.19 9063.52 9063.39 9063.72 9064.84 9066.68 9069.43 9072.24 9072.22 9071.75 9072.07
8258.55 8257.9 8260.53 8256.04 8238.58 8217.75 8191.35 8165.32 8141.63 8160.11 8187.37 8239.75 8294.37 8348.21 8398.26 8443.71 8484.31 8520.57 8550.32 8564.61 8595.55 8671.37 8776.2 8874.69 8968.19 9052.82 9126.32 9179.93 9194.11 9143.14 9088.63 9059.44 9047.42 9038.85 9035.99 9040.6 9044.07 9044.32 9046.25 9048.42 9052.14 9055.84 9057.66 9062.6 9062.04 9060.69 9060.6 9071.83 9093.89 9109.21 9114.12 9094.91 9068.55 9059.19 9060.81 9062.94 9064.08 9063.95 9063.65 9064.83 9066.79 9069.84 9074.89 9077.08 9076.67 9075.41 9075.18
8212.56 8213.21 8217.83 8215.13 8205.71 8189.27 8170.85 8149.04 8116.35 8115.18 8167.76 8225.3 8281.16 8328.23 8376.12 8419.08 8453.39 8485.86 8512.4 8537.28 8563.74 8628.52 8731.31 8838.21 8941.79 9036.71 9121.6 9187.49 9220.74 9150.92 9077.36 9050.35 9049.57 9044.2 9039.68 9040.6 9041.04 9045.65 9049.53 9053.23 9054.95 9058.29 9062.18 9064.35 9067.95 9071.2 9076.26 9088.92 9113.34 9152.3 9147.28 9110.48 9079.92 9077.64 9073.09 9066.57 9064.8 9064.23 9064.73 9065.75 9068.13 9071 9074.05 9077.41 9078.23 9076.01 9075.12
8174.08 8179.99 8181.47 8182.05 8180.55 8170.65 8160.35 8147.72 8126.56 8140 8177.81 8220.53 8270.24 8315.88 8360.41 8400.51 8434.28 8465.25 8490.28 8519.26 8548.54 8606.63 8701.09 8808.09 8915.41 9017.68 9110.22 9186.84 9224.37 9156.01 9082.17 9074.1 9069.2 9063.88 9056.53 9049.28 9046.18 9051.71 9053.58 9054.79 9057.57 9058.98 9060.8 9061.77 9069.64 9078.27 9090.5 9099.96 9112.68 9124.57 9129.46 9115.65 9100.3 9084.3 9073.3 9066.18 9063.27 9062.52 9062.87 9064.21 9066.44 9069.93 9076.82 9085.18 9076.93 9073.11 9071.63
8143.57 8152.86 8157.06 8163.76 8163.73 8162.59 8159.85 8156.12 8150.33 8165.77 8198.41 8228.41 8270.36 8312.7 8352.49 8385.33 8418.21 8447.62 8472.8 8502.2 8517.21 8580.18 8679.15 8787.15 8896.82 9000.99 9098.68 9178.92 9219.17 9174.26 9110.26 9107.56 9093.29 9087.98 9077.29 9066.05 9060.75 9067.72 9071.98 9069.41 9063.37 9056.1 9054 9058.33 9069.31 9078.46 9087.5 9093.87 9099.63 9098.19 9097.02 9100.24 9092.32 9075.59 9064.9 9061.03 9059.96 9059.86 9060.49 9061.65 9063.05 9064.97 9066.99 9066.93 9067.55 9066.49 9064.81
8119.06 8130.5 8137.68 8147.76 8153.6 8160.92 8166.9 8171.26 8174.62 8190.83 8218.05 8243.73 8279.04 8314.73 8348.98 8381.24 8406.1 8432.9 8456.18 8472.1 8483.88 8567.79 8673.64 8778.6 8887.79 8992.98 9087.2 9173.53 9241.12 9211.36 9116.63 9111.69 9107.59 9105.44 9094.2 9083.76 9080.53 9089.23 9101.94 9092.44 9073.08 9055.39 9051.03 9062.32 9069.59 9073.71 9080.73 9080.15 9081.27 9089.32 9087.02 9073.24 9067.91 9061.95 9054.64 9056.77 9057.15 9057.42 9058.23 9058.48 9059.56 9060.37 9059.08 9055.5 9058.48 9059.71 9058.82
8109.49 8122.77 8138.64 8150.51 8165.13 8176.26 8188.2 8198.41 8207.27 8214.36 8242.77 8267.83 8296.83 8323.91 8350.24 8374.33 8400.9 8427.92 8454.27 8471.2 8488.48 8576.47 8672.89 8776.08 8877.54 8978.57 9072.29 9149.22 9202.35 9183.52 9125.79 9116.28 9115.03 9115.82 9104.27 9095.85 9093.19 9100.41 9113.87 9103.01 9082.03 9060.65 9054.19 9060.01 9061.81 9060.48 9061.96 9061.14 9055.07 9045.91 9054.01 9052.39 9052.51 9055.52 9061.7 9055.32 9055.22 9055.84 9056.66 9056.84 9056.83 9057.34 9057.97 9051.35 9054.86 9055.99 9054.96
8106.97 8124.83 8140.76 8161.18 8178.36 8198.5 8215.78 8234.09 8246.33 8258.2 8284.8 8307.96 8330.24 8349.62 8366.8 8385.06 8405.7 8429.75 8459.38 8497.68 8543.16 8598.9 8679.91 8770.9 8867.13 8962.74 9051.98 9124.3 9156.69 9136.22 9122.42 9120.8 9117.17 9111.33 9108.57 9102.28 9096.11 9098.93 9101.6 9100.46 9091.37 9080.51 9067.88 9056.29 9048.53 9047.08 9045.28 9049.12 9046.29 9043.97 9045.92 9049.31 9049.79 9051.04 9050.38 9052.25 9053.34 9054.97 9056.13 9056.51 9056.11 9055.62 9055.82 9059.64 9056.73 9055.74 9054.64
8105.69 8125.82 8148.88 8169.58 8191.53 8217.5 8241.58 8268.41 8287.64 8309.73 8336.56 8353.86 8365.11 8374.6 8384.6 8394.28 8407.49 8424.97 8452.7 8501.72 8564 8607.58 8674.25 8755.51 8845.81 8940.85 9034.51 9115.28 9179.52 9204.96 9136.2 9123.61 9122.97 9122.08 9115.97 9108.43 9102.12 9099.14 9100.47 9100.27 9098.84 9098.9 9091.55 9070.82 9052.11 9050.39 9048.4 9051.68 9049.75 9047.47 9047.02 9047.18 9049.3 9048.32 9048.33 9050.13 9053.43 9056.85 9058.09 9057.66 9057.03 9055.46 9053.96 9059.94 9058.84 9057.52 9058.78
8105.71 8126.27 8159.1 8182.68 8211.59 8238.35 8267.49 8301.6 8329.93 8366.4 8396.16 8402.07 8397.47 8399.08 8401.8 8405.5 8411.87 8416.65 8421.26 8448.63 8519.45 8585.33 8653.01 8733.98 8824.21 8922.07 9014.31 9108.5 9191.02 9241.66 9135.13 9118.57 9127.03 9131.74 9123.59 9114.8 9104.64 9098.11 9098.38 9101.61 9102.9 9099.18 9098.48 9090.68 9081.51 9065.43 9061.47 9063.89 9072.68 9065.81 9051.95 9049.24 9050.24 9049.95 9045.86 9050.04 9056.63 9059.95 9060.74 9059.76 9057.4 9055.33 9056.54 9058.05 9058.02 9058.22 9061.2
8112.33 8135.74 8159.64 8189.62 8221.76 8257.38 8288.14 8322.53 8362.94 8405.5 8467.53 8424.97 8414.56 8410.99 8414.31 8414.42 8412.51 8408.21 8392.21 8382.79 8454.92 8536.83 8616.27 8704.02 8801.54 8896.78 8996.58 9084.22 9159.83 9181.19 9132.41 9117.96 9127.19 9132.73 9126.96 9121.25 9117.54 9112.95 9104.91 9105.41 9106.73 9107.95 9107.76 9097.22 9081.13 9069.37 9065.58 9068.81 9078.14 9076.49 9069.26 9056.92 9058.49 9059.16 9058.61 9061.55 9066.23 9067.65 9066.33 9062.4 9058.09 9053.68 9049.99 9053.32 9054.73 9056.5 9058.88
8122.89 8144.19 8171.86 8205.52 8232.29 8263.9 8295.06 8331.21 8365.62 8383.79 8375.85 8410.07 8420.78 8422.8 8424.72 8426.64 8424.86 8413.37 8391.11 8376.3 8414.88 8488.83 8577.13 8672.84 8778.41 8880.82 8980.02 9067.07 9131.44 9159.11 9136.12 9116.69 9122.27 9126.89 9125.71 9124.01 9123.22 9120.68 9114.26 9109.64 9107.54 9106.67 9108.65 9103.86 9094.54 9073.1 9067.92 9066.59 9063.63 9069.69 9073.83 9069.23 9070.08 9074.27 9077.12 9080.48 9083.4 9079.55 9073.21 9066.26 9060.11 9056.02 9053.11 9052.07 9054.01 9054.45 9053.94
8131.49 8154.27 8182.18 8210.34 8242.81 8269.2 8297.51 8329 8358.01 8379.94 8401.74 8412.58 8418.46 8421.39 8426.91 8428 8433.83 8429.53 8422.77 8404.51 8427.41 8476.78 8556.95 8660.22 8770.01 8875.61 8968.32 9052.88 9112.66 9142.19 9130.93 9110.95 9114.73 9119.87 9121.83 9122.74 9123.92 9126.71 9113.51 9110.5 9108.67 9104.39 9100.14 9107.09 9107.57 9104.45 9084.03 9069.43 9059.03 9064.16 9069.59 9074.71 9079.32 9089.96 9104.53 9113.64 9103.36 9090.83 9079.16 9068.98 9060.77 9056.16 9055.96 9055.82 9056.14 9053.42 9052.38
8151.94 8174.31 8196.37 8217.17 8243.5 8266.09 8292.9 8317.57 8344.65 8359.24 8403.99 8400.31 8402.09 8409.93 8417.16 8433.43 8444.06 8461.47 8481.29 8482.88 8441.39 8437.25 8541.94 8662.91 8777.27 8874.02 8958.75 9040.36 9103.3 9143.74 9128.52 9110.81 9112.06 9115.36 9117.22 9118.16 9117.29 9114.43 9109.82 9109.47 9107.32 9096.52 9086.57 9109.59 9131.43 9121.74 9098.05 9076.86 9066.05 9064.4 9068.36 9072.79 9084.23 9100.33 9119.51 9133.02 9113.14 9095.52 9081.25 9069.61 9059.8 9050.24 9048.05 9051.3 9052.74 9052.46 9050.65
8171.96 8188.09 8209.04 8227.85 8245.28 8268.24 8287.95 8305.46 8326.14 8344.51 8342.65 8361.92 8370.79 8382.12 8395.32 8420.47 8451.14 8495.08 8548.27 8553.16 8488.7 8443.9 8570.43 8701.21 8808.49 8898.16 8977.92 9046.29 9104.77 9146.9 9124.4 9115.58 9113.61 9113.52 9113.72 9112.49 9108.29 9104.61 9104.45 9106.74 9110.79 9102.62 9096.45 9113.66 9133.63 9133.87 9106.6 9081.19 9066.26 9069.51 9071.4 9073.28 9089.84 9104.17 9114.49 9111.95 9106.75 9092.96 9079.95 9068.71 9058.88 9051.38 9049.06 9051.26 9053.65 9055.14 9056.51
8201.31 8214.27 8232.98 8245.25 8263.03 8273.12 8288.34 8296.67 8304.58 8300.94 8325.18 8339.28 8332.99 8349.86 8378.73 8413.54 8459.06 8514.45 8602.41 8652.47 8597.42 8572.46 8682.37 8782.28 8859.49 8928.91 8992.38 9054.65 9104.4 9142.87 9131.8 9121.02 9116.23 9114.24 9110.68 9106.76 9101.7 9095.69 9097.05 9099.32 9103.14 9100 9101.28 9113.59 9124.54 9122.55 9108.27 9090.88 9079.49 9081.43 9091.94 9098.62 9103.38 9105.71 9106.8 9109.14 9097.1 9085.52 9076.2 9066.93 9059.53 9054.1 9052.5 9054.09 9055.96 9061.58 9068.12
8236.34 8253.72 8262.43 8276.08 8285.01 8286.56 8288.41 8283.64 8278.5 8262.79 8256.12 8256.3 8281.09 8317.71 8363.07 8407.81 8452.41 8493.73 8540.09 8621.51 8714.66 8825.2 8869.97 8891.17 8924.28 8967.34 9015.48 9063.75 9105.54 9133.81 9132.84 9133.74 9127.94 9116.41 9108.87 9102.93 9098.75 9093.08 9090.12 9089.71 9088.56 9087.67 9094.48 9111.05 9126.7 9123.38 9109.23 9094.5 9086.79 9087.29 9105.25 9135.22 9116.08 9103.25 9093.95 9082.93 9077.64 9075.03 9071.16 9066.3 9060.87 9055.14 9056.67 9058.89 9062.1 9064.86 9068.13
8286.56 8293.46 8304.46 8306.13 8308.05 8306.18 8295.35 8281 8259.86 8224.32 8191.67 8183.18 8234.73 8296.78 8360.24 8416.92 8461.61 8486.98 8497.18 8605.69 8787.77 8985.14 9001.79 8959.93 8963.96 8991.37 9029.24 9072.7 9108.9 9130.04 9135.91 9132.36 9123.37 9111.33 9103.46 9098.38 9094.98 9091.66 9084.71 9082.08 9080.14 9077.88 9086.93 9104.71 9123.2 9123.62 9111.04 9087.69 9079.77 9078.34 9080.37 9089.95 9100 9092 9081 9067.54 9065.37 9067.6 9066.74 9064.96 9063.07 9063.37 9062.42 9064.25 9066.53 9067.43 9066.59
8334.57 8338.45 8351.75 8347.19 8343.33 8330.71 8317.72 8292.26 8231.02 8199.57 8163.5 8154.16 8210.33 8288.36 8369.79 8441.45 8499.78 8533.44 8554.78 8658.02 8801.33 8922.84 8957.94 8958.42 8972.1 9000.57 9034.11 9071.42 9104.23 9119.66 9113.3 9115.1 9106.1 9098.92 9094.78 9090.96 9087.25 9084.3 9082.23 9076.01 9070.94 9070.35 9078.93 9094.37 9110.44 9119.77 9117.38 9114.22 9090.23 9067.91 9056.98 9068.92 9079.29 9078.67 9074.16 9068.05 9066.79 9067.92 9067.12 9065.72 9064.76 9063.93 9066.61 9069.2 9071.67 9071.32 9071.3
8389.78 8391.1 8394.65 8387.58 8382.19 8364.92 8344.49 8310.32 8229.21 8196.76 8169 8149.1 8214.6 8303.63 8398.03 8485.44 8567.93 8637.7 8700.89 8752.29 8807.69 8831.43 8863.5 8922.51 8968.95 9004.64 9037.3 9066.05 9079.44 9084.03 9082.28 9084.98 9082.82 9084.89 9084.69 9082.9 9078.48 9074.21 9069.16 9069.09 9068.05 9066.79 9073.43 9083 9095.14 9108.84 9118.07 9116.16 9090.19 9062.23 9048.22 9051.32 9061.09 9067.67 9070.43 9073.83 9076.63 9072.67 9069.51 9067.1 9067.32 9070.41 9070.38 9073.51 9075.49 9075.25 9074.39
8459.96 8464.88 8458.27 8443.79 8428.3 8407.31 8382.37 8351.04 8268.99 8237.05 8209.09 8201.68 8255.32 8347.37 8441.04 8537.9 8645.24 8763.23 8849.24 8859.02 8848 8822.15 8832.56 8917.95 8980.49 9021.31 9045.62 9061.74 9068.93 9071.84 9069.02 9071.26 9071.18 9075.19 9077.12 9077.15 9074.92 9068.7 9063.34 9065.88 9068.49 9073.41 9070.83 9074 9080.1 9106.76 9117.65 9109.72 9083.68 9053.89 9040.12 9046.51 9055.3 9060.12 9065.27 9071.73 9075.32 9073.67 9071.13 9067.84 9063.26 9065.09 9072.88 9078.73 9084.08 9083.16 9079.06
8548.84 8544.91 8532.27 8514.74 8495.26 8472.59 8445.58 8382.32 8352.57 8307.48 8287.05 8275.11 8330.7 8415.53 8501.44 8597.12 8705.7 8845.4 8973.42 8936.44 8908.38 8882.99 8883.63 8963.48 9015.92 9044.86 9061.82 9068.26 9072.24 9070.06 9067.41 9068.51 9069.35 9070.51 9071.53 9073.04 9075.05 9068.93 9063.47 9062.76 9065.89 9066.74 9067.37 9070.36 9081.84 9106.25 9117.83 9107.28 9077.25 9045.52 9033.38 9039.76 9048.53 9051.67 9057.29 9064.56 9070.73 9072.87 9073.32 9072.09 9066.75 9068.88 9078.27 9083.82 9086.26 9085.18 9085.17
8640.44 8629.18 8611.88 8592.36 8578.11 8553.72 8528.05 8480.31 8450.32 8407.16 8395.5 8423.86 8451.38 8499.54 8566.21 8641.14 8725.97 8816.3 8896.95 8940.86 8964.28 8992.32 9027.04 9062.26 9072.63 9075.8 9078.68 9077.77 9083.26 9077.3 9072.84 9072.69 9069.89 9066.65 9066.82 9067.25 9067.56 9064.41 9057.82 9057.88 9059.6 9062.22 9062.94 9066.62 9077.93 9100.29 9113.29 9105.17 9070.25 9037.22 9025.26 9029.49 9040.36 9040.77 9047.31 9055.06 9064.2 9068 9075.17 9082 9085 9086.68 9088.56 9090.15 9091.95 9093.48 9089.69
8741.98 8720.14 8702.41 8681.05 8659.33 8633.48 8611.41 8568.46 8529.02 8505.09 8497.58 8511.46 8529.34 8580.19 8632.41 8684.34 8732.75 8772.81 8834.54 8927.13 8999.53 9082.1 9179.7 9151.01 9121.1 9105.46 9092.43 9084.06 9081.29 9078.6 9075.3 9069.48 9064.13 9061.26 9062.79 9063.52 9060.62 9062.28 9064.6 9061.69 9056.15 9054.92 9057.86 9065.29 9078.68 9097.87 9108.87 9096.49 9062.84 9028.77 9017.26 9016.77 9015.86 9028.71 9038.04 9044.67 9048.63 9061.63 9075.85 9091.86 9109.31 9104.41 9097.48 9094.57 9094.89 9099.22 9089.6
8838.82 8812.65 8783.95 8755.11 8736.96 8711.22 8678.48 8656.58 8628.77 8617.75 8600.65 8596.21 8606.68 8664.41 8703.84 8733.21 8755.41 8782.09 8841.58 8929.3 9015.92 9097.57 9157.69 9159.47 9141.77 9122.14 9105.78 9091.19 9076.34 9078.34 9077.93 9075.57 9061.14 9057.66 9061.16 9065.1 9067.21 9063.5 9060.12 9060.66 9052.4 9048.07 9052.79 9062.16 9078.53 9098.71 9112.71 9097.47 9059.77 9024.48 9015.27 9015.87 9020.4 9025.06 9031.98 9038.56 9046.66 9056.28 9070.97 9089.08 9106.35 9104.49 9097.57 9092.38 9088.82 9086 9079.09
8932.88 8891.07 8860.68 8830.85 8806.19 8765.57 8739.83 8735.12 8711.48 8703.66 8702.35 8716.73 8740.18 8770.98 8789.57 8803.62 8804.45 8797.15 8860.78 8953.43 9034.56 9097.68 9128.58 9146.61 9144.84 9131 9112.99 9095.97 9084.96 9078.2 9072.87 9064.62 9059.86 9058.51 9061.09 9064.28 9066.87 9062.9 9061.32 9068.44 9055.56 9048.38 9047.74 9052.88 9070.62 9094.94 9115.05 9099.19 9064.26 9026.76 9022.25 9020.33 9020.77 9024.06 9029.37 9033.9 9037.98 9046.9 9060.24 9074.22 9087.19 9091.26 9090.55 9086.58 9077.82 9065.92 9063.94
