real_craters/C122-500m.grd
DSAA
150 150
-37.275 37.275
-37.275 37.275
8072.16464547 9318.9306550303
[rows 90 to 119 of 150, columns 0 to 66 of 150]
8798.73 8802.77 8807.83 8812.99 8820.85 8832.33 8848.6 8870.7 8892.91 8899.6 8878.78 8869.09 8872.02 8871.19 8871.69 8872.13 8859.44 8851.52 8850.86 8856.63 8856.9 8861.96 8866.94 8869.4 8870.63 8869.28 8865.67 8869.83 8872.49 8871.14 8865.85 8866.58 8873.79 8874.19 8873.65 8878.95 8889.32 8889.42 8902.6 8905.4 8906.33 8910.05 8915.3 8920.71 8927.05 8933.68 8940.78 8952.74 8957.48 8974.44 9001.81 9013.8 9001.39 9001.9 9002.29 9010.48 9020.48 9029.27 9044.86 9054.95 9063.17 9063.42 9057.43 9074.88 9090.18 9073 9046.71
8801.29 8804.43 8807.48 8810.09 8818.05 8822.74 8829.76 8846.06 8864.55 8867.4 8861.39 8859 8860.89 8856.61 8853.09 8847.93 8851.72 8850.07 8850.16 8852.36 8852.14 8856.79 8861.91 8864.12 8863.45 8860.22 8856.14 8860.53 8863.43 8864.14 8863.92 8866.09 8871.48 8876.49 8879.45 8883.96 8891.91 8893.48 8900.98 8901.91 8905.55 8909.93 8913.48 8918.79 8923.77 8930.04 8936.09 8944.68 8948.6 8956.26 8964.31 8978.57 8994.62 8996.03 9001.75 9011.19 9024.08 9041.05 9064 9089.76 9111.21 9120.03 9115.25 9114.11 9118.39 9139.22 9115.94
8801.91 8805.29 8807.96 8809.77 8815.48 8817.87 8814.44 8827.71 8838.89 8841.04 8842.18 8842.25 8843.14 8843.54 8843.77 8845.78 8847.86 8851.19 8852.16 8853.7 8858.14 8860.78 8859.23 8858.99 8858.1 8856.83 8858.4 8858.88 8861.57 8863.23 8863.86 8867.57 8873.36 8881.83 8886.33 8887.56 8887.25 8893.53 8885.78 8894.96 8901.21 8906.76 8911.81 8915.92 8921.14 8926.05 8930.28 8934 8938.66 8941.15 8942.79 8955.19 8971.5 8982.8 8992.46 9004.58 9021.02 9041.39 9070.71 9110.88 9173.55 9188.45 9202.47 9240.07 9255.63 9225.26 9179.63
8805.54 8805.23 8812.6 8813.78 8813.01 8823.63 8827.34 8826.16 8831.26 8835.6 8837.88 8840.25 8845.29 8842.47 8841.84 8843.98 8846.32 8847.36 8850.67 8853 8856.46 8857.61 8855.75 8855.26 8854.71 8854.34 8854.16 8857.45 8862.68 8866.67 8869.99 8872.21 8874.76 8875.62 8881.27 8887.29 8888.39 8887.65 8889.84 8893.79 8899 8904.74 8909.9 8914.82 8916.91 8921.9 8924.35 8926.01 8929.02 8933.52 8935.09 8944.74 8956.6 8968.59 8982.08 8995.64 9011 9030.34 9056.96 9092.82 9143.06 9178.49 9213.38 9258.08 9318.93 9266.12 9211.09
8796.96 8799.38 8794.61 8805.36 8843.6 8835.06 8824.61 8825 8828.05 8831.9 8834.22 8836.63 8840.24 8839.81 8839.58 8842.26 8845.85 8849.67 8849.97 8850.35 8848.85 8847.15 8851.55 8852.51 8852.85 8853.12 8854.08 8858.88 8866.62 8874.03 8873.52 8877.94 8877.59 8879.04 8880.27 8882.38 8882.83 8889.43 8888.76 8892.85 8897.04 8902.41 8907.83 8912.84 8916.55 8920.59 8921.98 8923.26 8928.93 8935.17 8941.72 8944.3 8947.73 8960.12 8974.65 8987.73 9001.69 9017.04 9034.22 9051.64 9067.26 9120.42 9166.32 9200.56 9220.13 9227.16 9207.92
8793.9 8800.51 8799.74 8776.08 8834.31 8832.43 8821.32 8822.64 8825.4 8828.12 8828.77 8831.6 8833.29 8834 8838.11 8842.24 8845.29 8847.46 8848.44 8848.99 8850 8853 8851.32 8851.49 8852.23 8853.36 8855.68 8861.44 8871.3 8882.45 8890.18 8883.93 8878.8 8876.53 8878.75 8878.81 8877.52 8889.5 8892.48 8893.59 8896.77 8900.78 8905.63 8910.92 8915.67 8919.58 8922.39 8923.45 8928.94 8936.59 8943.87 8946.77 8952.24 8960.83 8969.11 8979.21 8990.61 9003.55 9014.45 9022.82 9028.15 9081.23 9126.59 9162.34 9187.74 9198.71 9190.08
8794.38 8804.07 8818.88 8812.96 8818.38 8825.08 8823.79 8823.53 8824.63 8824.8 8827.65 8830.08 8832 8835.56 8845.16 8845.49 8845.67 8845.69 8846.64 8847.54 8849.15 8851.31 8850.68 8851.11 8852.37 8854.37 8857.12 8862.98 8874.31 8885.11 8889.51 8883.84 8876.08 8871.37 8876.89 8883.01 8881.54 8888.33 8889.18 8891.96 8895.68 8899.52 8905.03 8910.41 8914.86 8920.58 8925 8929.38 8930.44 8935.21 8941.95 8946.39 8952.06 8958.08 8962.87 8969.87 8978.86 8988.22 8998.29 9012.73 9035.13 9060.79 9094.75 9128.06 9157.59 9172.79 9166.93
8790.95 8800.41 8805.89 8814.33 8821.26 8824.05 8824.02 8824.67 8825.12 8825.42 8826.61 8832.02 8839.35 8846.74 8848.85 8846.21 8844.55 8844.3 8844.96 8845.82 8846.31 8846.25 8848.1 8849.85 8852.53 8855.54 8859.58 8865.63 8874.05 8884.31 8887.86 8881.31 8874.66 8870.67 8875.88 8882.83 8881.48 8885.23 8884.75 8888.42 8893.37 8898.69 8903.86 8910.04 8915.94 8922.32 8928.14 8931.24 8930 8931.79 8938.33 8942.78 8947.06 8953.01 8955.5 8962.48 8970.89 8979.39 8988.47 8999.94 9016.7 9042.53 9067.63 9088.47 9117.91 9139.2 9140.96
8792.63 8801.41 8808.8 8816.82 8821.91 8823.42 8823.87 8826.4 8828.43 8828.72 8828.93 8835.54 8839.5 8842.65 8839.38 8842.99 8842.27 8842.24 8843.5 8843.94 8844.16 8844.19 8846.64 8849.43 8852.72 8856.18 8860.25 8863.81 8871.67 8875.67 8878.07 8876.28 8872.99 8872.08 8874.18 8876.88 8877.55 8880.22 8883.87 8887.04 8892.31 8898.5 8904.8 8910.82 8917.14 8924.43 8932.19 8936.39 8932.46 8935.99 8940.94 8939.08 8936.83 8935.81 8945.01 8954.76 8963.33 8972.05 8981.13 8991.81 9006.67 9027.54 9048.3 9064.14 9078.48 9089.86 9107.51
8794.85 8804.22 8814.38 8818.86 8821.02 8821.3 8823.62 8828.71 8834.07 8842.64 8849.94 8843.57 8838.94 8837.6 8841.77 8842.15 8842.93 8843.04 8843.34 8843.7 8843.79 8844.98 8846.91 8849.94 8853.2 8856.79 8861.13 8865.14 8868.15 8870.14 8871.72 8871.59 8869.61 8869.38 8871.44 8873.35 8873.8 8877.52 8880.14 8884.62 8890.31 8895.82 8901.73 8907.72 8914.67 8922.59 8933.52 8949.29 8942.87 8942.56 8940.56 8937.57 8932.66 8925.64 8941.27 8951.27 8959.42 8967.1 8976.02 8988.93 9002.33 9017.39 9035.36 9053.06 9065.26 9071.49 9084.25
8796.46 8806.38 8815.46 8819.14 8819.98 8820.55 8824.02 8829.92 8836.52 8843.55 8848.13 8854.88 8850.28 8843.19 8841.89 8843.55 8844.42 8844.65 8843.89 8843.7 8844.35 8845.22 8847.24 8850.69 8854.08 8857.38 8860.3 8861.91 8865.76 8870.63 8869.53 8869.34 8869.84 8870.24 8871.12 8872.34 8873.34 8878.02 8879.98 8884.54 8889.3 8894.76 8901.01 8907.99 8914.86 8919.89 8923.29 8928.79 8936.52 8934.42 8937.98 8939.43 8941.44 8954.91 8951.5 8953.29 8958.47 8964.33 8970.06 8978.46 8992.33 9007.21 9024.19 9042.43 9058.68 9059.82 9071.21
8799.86 8808.81 8816.23 8818.17 8818.6 8819.65 8825.74 8830.83 8835.75 8841.95 8845.86 8863.47 8888.94 8863.34 8848.56 8846.66 8848.77 8845.95 8844.87 8845.23 8845.58 8845.83 8848.13 8852.67 8856.2 8859.23 8861.76 8864.23 8867.63 8868.02 8870.24 8870.69 8869.3 8872.06 8874.75 8872.5 8884.83 8887.15 8885.97 8885.3 8886.77 8891.2 8899.45 8907.33 8914.4 8919.03 8918.21 8914.34 8931.31 8955.77 8940.21 8939.99 8944.18 8949.1 8952.85 8955.84 8959.28 8963.31 8967.24 8968.95 8983.82 8998.22 9011.57 9024.34 9032.36 9053.11 9063.52
8805.57 8811.73 8816.18 8816.83 8816.98 8822.48 8831.57 8833.06 8832.55 8831.81 8834.96 8857.94 8875.3 8864.33 8855.22 8848.53 8841.86 8843.98 8845.5 8847.22 8849.1 8850.36 8853.16 8856.35 8858.58 8860.58 8863.28 8867.45 8869.39 8871.06 8872.84 8873.83 8871.27 8872.75 8884.67 8897.1 8889.78 8886.86 8884.55 8881.74 8880.22 8884.65 8892.52 8902.43 8912.48 8921.38 8928.47 8928.07 8923.75 8922.26 8930.41 8935.99 8941.47 8944.92 8951.05 8957.32 8961.38 8964.83 8968.96 8977.03 8983.18 8993.31 9003.48 9012.12 9024.47 9043.53 9054.63
8810.32 8813.98 8815.77 8815.9 8818.06 8834.38 8842.04 8835.3 8830.75 8831.35 8839.2 8856.11 8868.55 8872.08 8864.87 8851.44 8843.62 8844.3 8846.86 8849.85 8853.37 8857.82 8861.38 8861.64 8861.66 8861.67 8862.02 8861.28 8859.97 8862.32 8874.09 8881.81 8874.48 8857.74 8867.74 8919.68 8904 8894.22 8881.72 8868.12 8871.85 8879.1 8888.92 8900.05 8912.69 8925.18 8937.61 8932.43 8913.63 8900.94 8920.36 8931.66 8940.8 8948.2 8954.14 8958.93 8962.78 8966 8970.26 8974.43 8982.37 8990.07 8998.14 9004.67 9010.49 9029.37 9042.04
8811.21 8812.28 8813.82 8814.3 8818.5 8840.22 8841.18 8832.56 8827.34 8827.5 8840.82 8856.35 8865.22 8867.23 8860 8851.33 8847.11 8846.48 8848.89 8852.27 8856.75 8863.16 8869.24 8865.32 8863.14 8861.98 8861.2 8858.99 8858.66 8863.89 8879.03 8891.47 8878.95 8819.37 8749.01 8748.35 8884.91 8912.29 8891.54 8861.47 8865.23 8875.51 8887.16 8898.94 8910.54 8923.76 8941.24 8932.26 8909.32 8903.97 8920.28 8932.95 8942.88 8952.9 8959.69 8962.38 8964.73 8967.04 8970.9 8976.14 8981.73 8988.17 8994.77 9002.25 9013.11 9024.69 9034.7
8814.15 8812.57 8811.31 8811.95 8813.2 8817.12 8823.9 8825.07 8823.28 8827.38 8845.57 8859.51 8858.71 8848.76 8848.56 8847.3 8846.93 8848.38 8850.75 8853.94 8857.37 8861.04 8864.25 8862.64 8862.59 8862.44 8861.66 8859.67 8859.23 8865.76 8880.04 8894.8 8881.94 8800.22 8686.38 8641.76 8734.41 8911.98 8900.11 8862.82 8863.97 8874.1 8886 8897.2 8906.34 8912.44 8911.7 8916.3 8910.71 8914.97 8928.75 8936.76 8946.46 8955.86 8963.47 8963.89 8965.47 8967.66 8968.93 8972.53 8980.61 8987.12 8993.32 8999.74 9006.29 9015.2 9023.79
8811.32 8816.21 8809.58 8810.86 8812.17 8813.22 8816.68 8820.64 8822.07 8827.99 8842.63 8849.24 8850.21 8845.47 8838.41 8844.49 8848.57 8850.56 8852.81 8854.98 8856.98 8856.6 8851.34 8858.35 8861.86 8862.59 8862.68 8861.89 8860.28 8866.67 8876.28 8883.11 8873.34 8832.01 8775.47 8745.98 8833.98 8898.84 8893.18 8869.42 8870.37 8877.74 8888.2 8898.69 8906.09 8907.11 8901.56 8909.44 8919.35 8928.15 8935.21 8940.34 8946.26 8952.94 8959.63 8960.68 8963.58 8968.17 8973.17 8977.64 8982.3 8987.61 8993.11 8998.4 9003.06 9006.95 9010.69
8806.9 8809.21 8809.53 8811.59 8813.68 8814.96 8817.29 8821.14 8826.92 8834.3 8842.99 8848.8 8852.01 8850.79 8840.78 8846.45 8850.95 8852.87 8854.37 8856.61 8858.55 8859.93 8862.99 8863.18 8861.89 8860.86 8861.46 8865.31 8872.16 8872.32 8872.12 8867.59 8868.43 8879.97 8931.11 8928.01 8938.38 8897.51 8881.8 8879.36 8878.33 8883.87 8892.67 8902.76 8911.1 8913.71 8912.8 8916.05 8922.8 8929.89 8935.48 8939.9 8943.49 8946.5 8947.79 8954.17 8960.13 8967.15 8977.24 8981.89 8984.04 8988.31 8993.42 8998.75 9003.5 9007.09 9009.93
8805.56 8805.9 8809.21 8812.92 8817.96 8819.92 8822.53 8820.94 8823.62 8832.35 8843.5 8850.09 8844 8844.31 8845.07 8847.76 8852.02 8854.01 8854.86 8856.51 8859.45 8863.54 8867.75 8866.61 8862.89 8860.4 8859.96 8862.22 8870.65 8870.93 8871.02 8870.7 8875.62 8889.5 8905.57 8911.48 8900.04 8892.97 8882.72 8879.98 8881.53 8887.68 8896.98 8908.11 8920.55 8932.21 8936.24 8928.03 8922.44 8928.19 8935.11 8938.78 8941.06 8942.31 8945.08 8948.98 8955.28 8962.5 8970.98 8977.81 8982.68 8988.38 8994.33 9000.41 9007.28 9014.98 9019.55
8805.38 8805.61 8808.74 8812.6 8816.2 8819.11 8820.47 8817.89 8816.26 8825.99 8838.73 8844.55 8839.27 8843.24 8846.02 8852.79 8853.55 8854.05 8854.6 8855.62 8858.4 8862.63 8867.18 8867.15 8861.4 8856.55 8853.45 8852.05 8853.22 8863.7 8873.23 8876.26 8883.32 8889.14 8889.93 8910.36 8912.27 8898.89 8886.15 8879.42 8882.75 8891.63 8901.55 8912.88 8927.83 8948.36 8958.36 8938.26 8925.35 8929 8935.35 8938.57 8939.9 8940.44 8941.34 8945.19 8951.17 8956.79 8961.91 8971.94 8980.75 8988.42 8994.94 9001.52 9007.17 9011.22 9017.56
8807.25 8806.66 8808.32 8811.68 8815.01 8815.98 8815.39 8816.33 8815.42 8824.36 8836.33 8845.42 8862.06 8858.63 8861.57 8861.69 8853.7 8850.49 8851.83 8853.01 8854.97 8858.17 8865.26 8865.06 8855.3 8851.38 8847.49 8845.47 8852 8874.2 8883.19 8888.47 8892.48 8899.78 8911.69 8935.78 8928.37 8900.43 8883.58 8885.27 8891.29 8895.31 8903.27 8913.42 8924.66 8935.09 8942.83 8936.38 8931.3 8932.35 8937.11 8940.02 8941.6 8941.05 8940.17 8943.47 8949.75 8955.43 8959.99 8970.45 8980.19 8988.55 8995.6 9001.75 9007.31 9012.88 9010.77
8809.26 8807.59 8807.69 8809.68 8811.84 8814.16 8817.65 8818.83 8824.53 8824.56 8830.45 8843.02 8854.43 8853.08 8851.82 8848.08 8844.79 8843.83 8845.61 8846.62 8848.25 8848.25 8843.91 8838.52 8845.61 8846.87 8845.42 8843.91 8861.62 8893.89 8884.06 8889.49 8895.06 8909.74 8927.05 8942.82 8919.74 8897.57 8880.1 8886.77 8891.41 8896.38 8903.43 8911.99 8919.11 8921.68 8924.04 8928.91 8930.89 8935.45 8941.43 8945.22 8945.86 8945.23 8943.41 8945.76 8952.18 8958.69 8967.13 8972.75 8980.33 8987.72 8994.46 9000.42 9004.54 9008.02 9004.15
8814.36 8808.62 8807.1 8808.85 8810.84 8812.31 8813.12 8816.15 8816.21 8820.34 8819.35 8816.55 8817.53 8830.76 8829.9 8824.38 8832.72 8836.72 8839.38 8841.52 8842.73 8842.43 8839.13 8837.5 8843.88 8846.4 8848.23 8849.1 8855.65 8863.69 8862.64 8861.64 8881.54 8902.85 8918.22 8904.33 8900.53 8895.21 8894.37 8889.09 8890.11 8894.97 8902.46 8910.46 8917.77 8923.12 8924.6 8926.28 8931.37 8937.74 8945.25 8950.53 8953.26 8952.77 8950.98 8952.39 8958.49 8962.96 8966.85 8975.64 8982.37 8988.45 8992.85 8998.52 9002.01 8997.18 9004.84
8820.78 8809.2 8806.7 8808.81 8810.75 8811.74 8812.97 8815.69 8817.57 8816.96 8815.45 8814.77 8816.47 8820.31 8821.25 8822.3 8826.66 8831.71 8833.88 8837.31 8839.81 8841.65 8844.16 8849.98 8847.68 8847.4 8851.69 8860.78 8860.22 8851.02 8850.09 8853 8869.06 8879.33 8884.74 8889.8 8887.2 8888.15 8887.25 8887.25 8885.96 8893.32 8901.46 8910 8917.9 8925.01 8924 8921.17 8927.06 8940.56 8950.79 8959.16 8962.92 8962.94 8961.69 8962.86 8971.45 8973.65 8975.78 8981.23 8985.29 8989.07 8993.42 8999.57 9008.15 9019.65 9026.53
8839.72 8808.73 8806.49 8807.08 8809.33 8811.63 8814.84 8817.2 8816.54 8814.93 8814.08 8815 8816.78 8818.12 8819.66 8821.52 8824.51 8827.54 8830.26 8833.67 8837.01 8840.04 8844.64 8850.98 8847.79 8847.03 8848.95 8854.4 8856.22 8855.79 8851.81 8856.38 8867.26 8876.21 8876.2 8870.27 8877.14 8883.2 8887.03 8887.54 8887.99 8892.58 8901.77 8911.16 8918.36 8921.51 8923.47 8922.67 8930.16 8946.32 8965.78 8978.21 8972.2 8971.75 8977.86 8986.37 8990.43 8991.55 8990.22 8988.58 8987.59 8986.09 8988.03 8993.38 9005.28 9030.33 9041.07
8824.36 8809.79 8806.42 8806.54 8808.16 8810.59 8812.98 8813.36 8813.13 8813.06 8812.89 8815.32 8816.71 8818.14 8820.74 8821.91 8823.51 8826.13 8828.65 8830.91 8834.09 8837.58 8840.88 8843.59 8843.67 8842.55 8843.12 8844.45 8848.28 8847.68 8863.19 8870.89 8871.57 8872.94 8871.5 8869.91 8875.04 8882.46 8891.39 8890.98 8884.93 8891.3 8903.81 8915.17 8923.01 8926.54 8928.43 8928.32 8935.47 8948.78 8964.02 8971.18 8969.88 8969.97 8979.19 9007.57 8995.39 9001.8 9000 8991.62 8984.82 8981.21 8979.54 8980.58 8984.7 8991.88 9000.31
8807.78 8808.67 8806.2 8805.49 8807.15 8809.31 8810.97 8811.06 8810.95 8811.6 8812.89 8815.4 8816.35 8817.39 8819.37 8820.94 8822.59 8824.52 8827.47 8830.1 8831.8 8833.63 8835.39 8838 8837.87 8838.5 8839.27 8841.24 8853.73 8866.5 8888.17 8884.32 8875.39 8870.18 8871.33 8869.25 8874.8 8881.21 8887.75 8888.15 8885.25 8893.97 8909.27 8922.87 8932.92 8938.02 8938.71 8937.8 8939.79 8945.66 8954.02 8960.25 8958.6 8955.32 8952.83 8943.57 8970.39 8999.07 8998.57 8987.9 8979.21 8973.06 8968.85 8965.04 8960.46 8953.56 8956.07
8804.04 8805.17 8805.95 8805.79 8807.09 8808.63 8809.78 8810.11 8810.3 8810.41 8811.58 8814.47 8814.21 8815.86 8818.51 8819.1 8821.43 8823.88 8825.85 8827.75 8829.66 8830.41 8831.41 8830.35 8833.6 8837.89 8840.19 8846.84 8865.76 8892.66 8886.44 8879.28 8874.57 8869.8 8866.66 8871.08 8876.17 8879.16 8880.11 8882.39 8891.1 8902.5 8915.77 8931.66 8944.49 8948.26 8946.52 8947.58 8938.57 8936.59 8940.48 8947.61 8939.94 8936.53 8932.52 8930.01 8949.25 8981.56 8982.03 8975.83 8969.57 8964.12 8958.15 8952.43 8945.55 8939.14 8947.33
8807.53 8808.04 8807.8 8807.71 8807.55 8808.17 8810.28 8812.14 8810.84 8809.82 8809.16 8812.57 8813.51 8815.48 8816.82 8818.67 8821.22 8823.1 8825.1 8827.57 8828.99 8830.73 8832.09 8836.84 8841.06 8842.34 8844.08 8849.58 8869.21 8887.15 8879.01 8873.13 8872.54 8873.56 8872.85 8879.79 8880.92 8880.03 8878.51 8879.62 8889.4 8901.01 8917.67 8937.74 8957.16 8957.39 8941 8931.01 8924.78 8921.21 8918.13 8909.91 8916.74 8921.38 8922.84 8924.93 8931.25 8934.58 8953.84 8958.29 8957.28 8954.15 8949.86 8945.66 8941.51 8937.06 8940.75
8806.5 8808.87 8807.74 8809.23 8810.98 8811.07 8809.79 8809.32 8810.52 8810.32 8811.64 8812.53 8815.48 8816.99 8819.04 8820.75 8823.52 8825.32 8826.74 8828.32 8829.86 8831.21 8832.77 8833.68 8838.26 8850.78 8857.32 8860.76 8870.96 8873.75 8870.19 8869.09 8869.56 8874.42 8889.87 8891.62 8886.17 8882.78 8881.02 8882.76 8886.66 8896.73 8913.35 8935.2 8956.61 8950.63 8923.25 8903.53 8905.8 8906.73 8904.81 8902.33 8906.8 8913.52 8918.65 8923.81 8925.84 8926.61 8938.94 8945.28 8947.01 8948.17 8945.66 8943.79 8942.29 8945.93 8964.81
