real_craters/C123-500m.grd
DSAA
150 150
-37.275 37.275
-37.275 37.275
8071.0212405272 9306.6508066836
[rows 30 to 59 of 150, columns 0 to 66 of 150]
8859.58 8863.24 8865.62 8866.67 8870.18 8873.82 8873.28 8875.6 8876.96 8879.22 8881.23 8884.55 8886.4 8887.35 8890.31 8892.17 8892.97 8893.92 8895.97 8903.06 8931.21 8957.17 8948.14 8924.34 8919.42 8915.03 8910.75 8906.26 8904.63 8903.36 8906.98 8912.26 8917.16 8922.19 8927.32 8932.26 8936.37 8937.7 8930.25 8915.99 8905.07 8907.43 8913.3 8915.44 8912.77 8907.14 8892.49 8895.84 8898.5 8899.07 8898.9 8898.2 8897.62 8896.76 8898.89 8904.92 8906.68 8900.76 8894.75 8896.68 8901.55 8905.91 8909.79 8913.51 8917.01 8919.28 8922.24
8860.72 8862.73 8864.46 8865.61 8867.58 8869.33 8871.56 8874.59 8878.51 8878.62 8880.12 8883.52 8885.02 8887.52 8892.02 8892.53 8892.11 8893.19 8894.76 8903.33 8929.66 8960.16 8948.91 8928.97 8920.26 8913.28 8907.09 8901.95 8899.82 8900.37 8903.8 8909.23 8914.7 8920.14 8926.22 8933.1 8941.06 8950.14 8953.4 8911.94 8885.93 8882.8 8903.43 8923.97 8933.12 8923.66 8905.78 8901.7 8899 8896.9 8896.02 8895.01 8894.75 8895.1 8897.39 8900.43 8903.06 8900.43 8897.41 8899.59 8903.78 8907.85 8911.66 8914.98 8916.99 8919.5 8921.07
8860.73 8864.19 8864.96 8866.19 8867.06 8868.62 8870.22 8872.29 8874.13 8876.52 8878.02 8880.08 8882.22 8884.59 8888.9 8891.65 8892.34 8893.1 8895.19 8900.34 8913.83 8928.74 8939.36 8931.92 8919.6 8910.83 8904.82 8900.47 8898.95 8899.34 8902.2 8906.45 8911.32 8916.19 8922.27 8929.02 8937.4 8946.94 8945.71 8908.51 8880.12 8876.65 8906.6 8946.72 8974.12 8958.29 8934.39 8911.49 8903.11 8899.16 8896.09 8894.9 8894.24 8894.83 8894.95 8898.74 8902.1 8903.45 8902.8 8904.56 8908.56 8911.79 8915.26 8918.36 8920.05 8920.53 8920.16
8860.5 8863.03 8864.31 8866.04 8868.23 8869.37 8869.7 8870.88 8872.62 8874.69 8876.82 8878.71 8879.7 8880.83 8887.84 8890.35 8892.31 8892.92 8893.72 8896.2 8898.31 8898.61 8921.01 8922 8912.22 8905.85 8902.02 8900.2 8899.29 8898.85 8900.91 8903.97 8907.59 8911.38 8915.69 8920.47 8924.98 8928.86 8924.16 8902.33 8885.38 8888.87 8915.7 8951.79 8964.07 8930.6 8917.77 8908.96 8901.48 8897.83 8895.81 8895.89 8896.59 8896.63 8897.8 8901.75 8910.06 8909.6 8910.13 8912.82 8916.13 8919.08 8921.7 8923.26 8923.85 8923.26 8919.97
8860.31 8862.26 8863.61 8865.27 8867.1 8867.2 8868.95 8870.22 8871.72 8873.48 8875.49 8877.38 8878.53 8880.86 8884.37 8888.68 8892.01 8894.33 8895.52 8895.23 8895.31 8894.33 8893.74 8898.18 8898.78 8898.33 8898.1 8898.36 8898.68 8899.42 8900.29 8901.35 8902.99 8905.78 8908.04 8909.9 8910.1 8906.71 8902.5 8896.35 8889.75 8895.41 8919.15 8945.93 8943.9 8911.69 8908.41 8904.99 8900.94 8898.66 8897.59 8896.96 8896.32 8897.33 8899.96 8903.25 8907.45 8917.37 8921.54 8921.79 8923.59 8926.11 8928.58 8930.98 8931.55 8929.56 8923.7
8860.29 8861.17 8862.8 8864.46 8865.06 8866.36 8868.04 8870.38 8871.84 8872.61 8873.39 8875.44 8877.76 8879.33 8882.75 8887.85 8891.7 8894.58 8896.8 8894.13 8894.51 8888.43 8873.1 8879.03 8886.08 8890.61 8893.98 8897.26 8898.98 8898.96 8898.62 8896.99 8897.37 8898.71 8900.77 8900.73 8898.86 8891.5 8889.96 8896.27 8899.53 8895.04 8917.84 8936.19 8925.55 8909.85 8905.23 8904.3 8903.73 8899.15 8897.77 8896.04 8896.29 8896.81 8898.44 8901.59 8911.51 8922.55 8927.39 8927.22 8929.43 8932.59 8935.87 8938.16 8940.39 8940.28 8935.04
8862.5 8862.49 8863.66 8864.74 8865.49 8865.29 8867.44 8870.22 8871.3 8871.68 8872.95 8875.42 8877.97 8881.38 8885.48 8889.03 8891.41 8893.56 8894.29 8894.32 8894.92 8885.24 8873.42 8871.74 8878.35 8885.29 8890.54 8894.79 8897.44 8893.39 8890.86 8890.41 8891.52 8892.56 8893.49 8893.21 8892.37 8891.75 8892.1 8896.37 8903.63 8896.89 8920.07 8936.4 8921.85 8906.82 8903.67 8899.45 8899.61 8900.38 8899 8897.34 8897.63 8896.39 8897.11 8901 8912.44 8920.31 8924.68 8931.13 8935.07 8938.62 8942.83 8946.83 8950.97 8954.82 8957.25
8862.03 8862.53 8862.78 8863.7 8864.45 8865.27 8867.59 8869.65 8870.6 8871.32 8873.07 8875.31 8877.49 8882.1 8888.64 8890.62 8892.33 8893.29 8893.79 8894.99 8895.12 8879.14 8858.83 8866.44 8874.95 8882.79 8888.88 8890.79 8886.75 8887.05 8883.45 8883.83 8885.39 8885.95 8887.36 8886.63 8886.47 8890.62 8888.71 8888.15 8889.25 8894.89 8920.12 8953.78 8933.41 8911.05 8905.16 8901.11 8898.39 8899.64 8897.4 8895.61 8894.67 8893.89 8894.88 8898.85 8911.93 8923.99 8929.41 8935.39 8940.27 8945.24 8950.49 8955.95 8960.95 8968.12 8979.16
8859.07 8861.56 8861.97 8861.91 8863.17 8865.72 8869.86 8871.45 8871.27 8869.58 8872.36 8873.05 8875.35 8879.2 8885.77 8891.46 8895.2 8893.53 8892.29 8891.95 8888.77 8877.13 8865.96 8868.48 8876.49 8885.05 8891.64 8895.3 8893.52 8890.24 8882.13 8881.59 8881.76 8881.78 8881.64 8881.57 8879.79 8874.52 8878.07 8877.76 8875.41 8885.3 8906.95 8919.78 8926.83 8914.09 8903.25 8899.66 8897.35 8895.04 8891.8 8890.67 8890.12 8890.95 8893.33 8895.91 8913.11 8931.4 8935.05 8940.96 8946.69 8951.38 8957.85 8963.24 8968.59 8975.52 8982.96
8859.15 8859.83 8861 8861.07 8862.49 8865.47 8874.52 8880.79 8873.45 8863.68 8863.18 8867.17 8870.95 8874.67 8880.87 8892.37 8903.22 8905.27 8897.64 8892.17 8889.23 8877.19 8870.41 8873.87 8881.25 8889.62 8897.66 8904.79 8912.01 8902 8889.34 8885.7 8882.58 8880.99 8880.35 8879.51 8880.62 8880.49 8877.24 8874.17 8872.47 8882.33 8902.95 8917.26 8923.2 8911.53 8902.51 8898.15 8895.15 8892.96 8891.41 8891.29 8891.85 8892.13 8894.75 8897.6 8914.94 8935.1 8939.91 8947.25 8953.9 8958.82 8962.34 8966.61 8971.43 8974.78 8978.67
8855.82 8857.82 8859.96 8860.36 8861.24 8862.95 8883.54 8891.64 8876.78 8858.35 8853.09 8859.93 8870.05 8872.47 8874.7 8895.16 8913.67 8929.59 8913.72 8886.72 8884.84 8876.55 8873.52 8879.9 8887.03 8895.67 8904.52 8913.45 8917.27 8913.1 8903.22 8891.22 8883.98 8881.86 8880.72 8879.52 8880.11 8886.83 8877.64 8875.04 8875.6 8884.55 8909.73 8932.42 8947.99 8917.1 8900.59 8896.85 8895.71 8894.79 8892.12 8892.24 8892.42 8893.53 8896.46 8901.3 8914.93 8939.02 8946.03 8952.53 8958.82 8962.56 8966.62 8969.66 8970.03 8973.03 8975.54
8854.22 8856.35 8861.33 8860.5 8860.42 8862.93 8890.78 8901.16 8874.87 8855.25 8848.3 8851.66 8865.08 8880.87 8895.49 8904.76 8914.79 8928.31 8910.55 8883.38 8875.67 8885.93 8883.71 8885.44 8891.28 8899.35 8908.07 8919.4 8931.74 8924.47 8899.21 8885.12 8884.32 8883.98 8882.31 8879.58 8874.73 8871.51 8873.88 8875.75 8879.38 8883.72 8916.63 8941.68 8936.21 8914.31 8900.38 8896.72 8897 8897.24 8897.1 8897.13 8897.18 8896.34 8896.61 8902.02 8915.77 8932.92 8949.4 8957.98 8964.36 8967.55 8970.05 8969.37 8968.18 8967.75 8965.49
8852.49 8855.51 8860.9 8859.79 8860.16 8862 8884.29 8886.59 8860.37 8839.04 8836.08 8841.01 8849.68 8861.25 8880.92 8890.99 8899.14 8906.09 8898.95 8883.48 8878.05 8878.98 8884.51 8889.13 8894.61 8901.14 8908.71 8917.63 8928.15 8921.92 8894.31 8883.21 8887.33 8887.85 8885.46 8880.74 8875.62 8873.44 8873.65 8875.01 8875.58 8883.17 8908.09 8925.99 8919.11 8906 8898.71 8896.64 8895.88 8896.67 8898.47 8899.23 8900.27 8901.22 8899.85 8904.09 8910.86 8928.52 8955.09 8964.7 8969.91 8974.37 8973.34 8971.34 8968.62 8963.62 8955.99
8849.44 8852.16 8857.83 8858.92 8859.24 8859.03 8866.06 8862 8838.27 8811.51 8813.8 8826.67 8839.83 8848.72 8854.15 8862.85 8875.65 8882.84 8887.65 8887.28 8886.11 8886.25 8887.5 8891.67 8896.26 8901.46 8906.75 8909.21 8906.56 8897.83 8896.41 8896.57 8899.45 8896.61 8890.7 8884.24 8878.65 8875.35 8875.07 8876.93 8879.46 8883 8891.24 8902 8902.86 8903 8899.7 8898.03 8896.66 8897.15 8899.48 8902.46 8903.94 8907.41 8918.32 8912.43 8915.02 8928.85 8961.09 8971.52 8975.07 8976.78 8975.36 8973.98 8971.66 8966.32 8958.99
8846.64 8849.48 8855.43 8857.75 8857.38 8856.91 8849.95 8843.28 8826.69 8804.76 8808.98 8821.44 8830.11 8836.14 8838.38 8845.05 8861.96 8872.45 8881.81 8888.24 8890.27 8889.45 8890.72 8893.31 8897.03 8900.56 8902.9 8902.2 8894.43 8887.52 8909.2 8921.65 8920.59 8908.18 8896.77 8888.13 8883.91 8879.27 8877.3 8878.12 8883.29 8895.75 8898.04 8907.85 8920.67 8908.86 8902 8899.83 8900.88 8904.18 8907.22 8909.78 8912.08 8911.16 8905.94 8907.4 8902.3 8929.74 8969.92 8979.86 8983.74 8984.75 8982.76 8980.82 8979.97 8976.98 8973.78
8846.25 8848.59 8851.73 8853.82 8856.22 8858.01 8846.85 8839.89 8826.79 8821.86 8817.1 8823.12 8831.2 8838.05 8844.84 8854.28 8864.39 8872.54 8879.89 8884.12 8886.25 8890.06 8889.71 8891.43 8895.21 8898.68 8901.99 8904.06 8904.45 8905.31 8938.81 8973.82 8937.4 8914.24 8899.2 8889.27 8882.61 8880.41 8879.66 8879.21 8882.34 8887.35 8887.25 8905.08 8913.25 8902.53 8896.45 8898.89 8903.12 8907.77 8912.25 8915.92 8918.78 8919.67 8924.22 8913.3 8912.26 8942.59 8977.7 8986.93 8989.63 8990.24 8990.17 8990.1 8990.56 8990.36 8991.58
8847.3 8849.66 8850.64 8860.32 8868.96 8861.75 8854.7 8837.86 8825.98 8815.91 8822.15 8828.95 8837.92 8846.83 8856.79 8867.31 8876.51 8881.86 8883.68 8880.51 8883.54 8885.07 8886.25 8888.18 8891.32 8895.62 8901.27 8908.25 8921.37 8947.95 8944.42 8936.98 8920.96 8906.71 8896.15 8888.15 8882.83 8882.05 8883.09 8884.56 8885.35 8884.93 8886.11 8889.54 8891.15 8893.14 8893.39 8897.74 8904.39 8911.26 8917.49 8922.66 8927.27 8929.46 8928.14 8922.31 8922.5 8949.68 8979.93 8989.31 8994.51 8996.7 8999.9 8999.98 8999.37 9001.1 9004.94
8844.57 8847.63 8851.59 8871.02 8875.8 8858.83 8843 8826.7 8816.77 8819.89 8824.35 8836.17 8846.72 8858.07 8868.83 8880.42 8900.58 8901.46 8891.96 8886.19 8885.83 8880.45 8882.25 8885.11 8889.24 8892.88 8897.75 8904.44 8916.33 8929.46 8919.97 8895.47 8894 8894.18 8890.35 8886.66 8887.28 8885.01 8887.54 8889.04 8890.03 8889.16 8889 8888.19 8888 8888.75 8890.16 8898.25 8906.52 8915.5 8922.72 8930.72 8936.49 8939.9 8939.1 8932.3 8923.78 8938.74 8972.91 8990.78 8998.78 9003.46 9006.38 9010.52 9011.01 9011.88 9015.65
8844.97 8850.75 8862.28 8887.88 8876.59 8847.75 8822.18 8811.93 8800.81 8802.3 8821.52 8842.1 8865.49 8868.55 8880.21 8900.02 8918.92 8911.84 8895.6 8883.22 8881.32 8877.92 8881.11 8882.15 8882.35 8887.73 8888.19 8893.22 8897.39 8898.79 8890.78 8882.48 8882.89 8885.21 8884.21 8881.76 8880.74 8885.65 8892.28 8900.26 8896.97 8893.52 8890.12 8887.88 8888.48 8891.86 8896.71 8902.94 8911.44 8921.15 8929.32 8937 8945.08 8952.46 8953.44 8947.45 8947.62 8949.59 8982.15 8995.01 9007.32 9015.56 9021.53 9025.11 9021.19 9022.92 9027.82
8843.31 8848.76 8870.94 8889.16 8861.53 8827.32 8806.48 8800.48 8797.23 8803.88 8821.47 8841 8855.32 8869.56 8880.47 8892.19 8902.77 8902.53 8894.31 8886.04 8882.37 8880.56 8881.63 8882.36 8882.02 8882.02 8881.9 8882.39 8879.74 8870.28 8868.12 8876.88 8881.25 8882.19 8880.48 8877.91 8878.37 8883.22 8891.32 8900.58 8899.83 8900.43 8900.86 8895.99 8899.34 8901.09 8902.24 8908.42 8919.47 8929.49 8938.25 8945.75 8952.85 8960.62 8962.53 8959.02 8960.13 8976.74 8984.49 8998.04 9013.82 9025.72 9035.5 9038.05 9038.51 9037.25 9042.12
8834.38 8832.44 8837.03 8838.52 8829.44 8810.02 8801.86 8798.98 8795.86 8804.29 8822.89 8843.4 8859.87 8868.62 8874.49 8876.33 8875.05 8886.28 8895.82 8903.3 8893.4 8890.73 8885.68 8882.88 8882.05 8880.93 8879.35 8877.45 8873.05 8867.13 8869.24 8877.33 8883.03 8883.95 8878.77 8874.41 8874.22 8878.86 8883.92 8888.66 8896.99 8903.3 8914.05 8922.48 8921.55 8917.43 8908.25 8918.15 8930.79 8940.34 8947.9 8954.31 8958.58 8962.44 8966.62 8970.19 8972.38 8974.35 8989.26 9002.51 9021.38 9037.92 9051.07 9059.19 9056.81 9054.14 9059.55
8821.56 8817.58 8811.13 8807.03 8804.3 8797.61 8801.04 8799.13 8793.68 8804.06 8824.3 8846.29 8860.34 8866.22 8868.98 8868.88 8868.59 8876.59 8886.54 8904.72 8917.41 8899.58 8887.12 8881.82 8879.28 8878.54 8877.26 8874.43 8871.76 8869.35 8873.2 8890.37 8906.15 8887.91 8877.98 8871.37 8870.65 8875.09 8880.15 8885.95 8894.92 8904.89 8918.77 8943.78 8943.71 8940.95 8944.85 8948.02 8947.74 8952.78 8958.82 8964.51 8966.54 8962.9 8972.91 8981.27 8984.79 8987.47 8993.99 9010.03 9033.2 9054.24 9072.72 9086.37 9088.6 9080.03 9084.52
8825.75 8815.71 8804.52 8797.81 8796.38 8800.1 8805.04 8802.04 8789.8 8804.35 8826.32 8849.94 8861.25 8864.54 8866.8 8869.67 8870.44 8871.56 8877.39 8901.41 8922.95 8890.07 8882.77 8879.63 8878.23 8876.09 8874.82 8872.42 8870.76 8871.19 8876.3 8882.91 8883.99 8881.5 8876.04 8870.88 8870.45 8873.83 8878.23 8883.95 8892.17 8908.95 8931.19 8958.03 8959.88 8958.12 8960.17 8960.11 8960.81 8965.54 8971.61 8977.85 8981.93 8988.01 8989.44 8993.93 8993.35 8992.98 9002.49 9020.43 9046.05 9072.29 9097.89 9120.47 9134.63 9145.4 9141.65
8824.32 8819.19 8818.13 8809.75 8804.08 8808.91 8817.02 8814.49 8797.4 8808.18 8828.01 8848.08 8857.62 8861.17 8863.51 8865.5 8865.25 8867.32 8873.96 8887.21 8890.92 8879.11 8876.47 8875.5 8874.83 8874.2 8873.11 8870.56 8870.85 8871.79 8871.63 8874.05 8871.09 8874.59 8875.23 8873.2 8873.35 8874.15 8876.39 8880.14 8885.83 8894.88 8923.04 8968.79 8967.89 8966.22 8962.41 8960.77 8967.39 8973.78 8981.7 8991.18 9000.07 9003.03 9004.38 9008.28 9000.73 8993.33 9002.15 9024.58 9060.84 9091.38 9121.46 9154.04 9185.61 9196.03 9192.51
8821.29 8817.38 8815.27 8804.47 8799.33 8812.32 8824.2 8835.5 8814.17 8818.62 8829.91 8842.12 8853.05 8858.68 8860.39 8860.17 8860.16 8865.56 8870.42 8879.71 8880.75 8870.94 8872.04 8873.05 8872.13 8871.01 8871.47 8871.09 8872.16 8874.79 8880.2 8876.26 8871.96 8873.79 8876.82 8880.54 8877.7 8875.81 8875.45 8879.04 8884.18 8888.93 8915.21 8951.98 8967.13 8969.59 8966.33 8966.09 8972.46 8979.88 8989.3 9000.08 9013.5 9025.83 9007.31 8996.73 8992.94 8993.41 9014.29 9053.11 9077.59 9105.56 9135.78 9171.01 9205.53 9273.28 9225.04
8817.47 8815.05 8810.91 8798.32 8788.87 8795.25 8808.67 8817.83 8825.14 8826.85 8836.37 8837.88 8854.01 8859.07 8858.9 8857.39 8862.09 8866.98 8872.62 8873.74 8872.08 8867.73 8871.61 8874.27 8875.04 8873.16 8872.72 8871.59 8872.55 8875.43 8878.37 8877.19 8875.58 8876.52 8877.91 8878.88 8881.07 8881.61 8878.89 8885.97 8891.29 8899.08 8908.4 8951.75 8968.21 8970.74 8970.2 8972.09 8975.24 8983.9 8994.19 9003.52 9009.34 9008.76 9002.46 8985.99 8990.33 8995.73 9022.71 9071.92 9084.13 9106.6 9131.38 9159.19 9180.74 9196.5 9190.16
8814.66 8812.83 8805.74 8795.79 8788.1 8789.77 8792.06 8788.06 8800.43 8826.53 8854.61 8875.45 8867.32 8863.45 8860.08 8857.73 8859.47 8870.97 8873.94 8875.58 8873.57 8870.77 8880.16 8878.27 8876.09 8874.35 8873.49 8872.4 8872.11 8872.42 8873.78 8875.65 8878.7 8879.81 8878.99 8880.99 8885.21 8891.82 8907.49 8904.71 8906.33 8901.8 8914.07 8964.13 8972.78 8973.68 8970.54 8965.09 8975.84 8987.97 8997.75 9006.8 9014.41 9014.53 9009.35 9004.29 9003.89 9010.96 9028.31 9042.98 9071.42 9095.1 9110.39 9124.36 9140.93 9144.91 9124.87
8813.54 8811.48 8806.97 8796.04 8790.57 8789.54 8785.92 8783.56 8795.85 8822.97 8853.72 8875.42 8871.44 8866.83 8864.11 8863.62 8870.34 8886.28 8895.13 8881.37 8881.51 8891.94 8882.84 8879.94 8877.03 8874.57 8873.39 8872 8871.02 8869.49 8868.01 8870.75 8880.58 8883.18 8877.83 8879.69 8888.82 8898.51 8907 8922.13 8940.03 8953.06 8966.46 8979.13 8977.66 8975.47 8973.42 8974.54 8982.16 8992.38 9002.42 9010.5 9017.21 9019.42 9019.31 9021.6 9021.62 9026.89 9035.31 9042.71 9067.57 9083.8 9082.28 9069.29 9053.89 9057.36 9040.54
8813.07 8810.48 8797.8 8791.97 8791.39 8788.9 8784.53 8783.7 8794.79 8816.62 8838.16 8854.84 8865.11 8867.03 8866.09 8864.54 8871.22 8891.3 8900.37 8881.86 8886.15 8891.83 8883.61 8879.08 8876.2 8874.39 8872.44 8870.78 8868.96 8866.82 8864.07 8865.14 8871.95 8874.1 8875.62 8880.45 8891.7 8908.54 8923.74 8934.88 8947.36 8957.75 8964.92 8976.5 8974.89 8974.58 8976.24 8980.67 8989.11 9000.37 9009.97 9016.06 9013.66 9020.03 9024.1 9030.62 9038.97 9045.66 9050.36 9077.53 9089.5 9079.41 9057.46 9022.62 8955.8 8919.61 8956.09
8812.1 8806.99 8781.98 8785.14 8789.63 8786.91 8782.25 8780.25 8793.62 8814.08 8833.78 8850.11 8861.68 8867.43 8872.03 8873.28 8869.14 8879.39 8893.79 8894.19 8887.59 8884.96 8882.16 8878.32 8874.81 8872.5 8870.85 8869.53 8868.23 8866.64 8865.4 8866.21 8869.47 8871.34 8874.99 8879.69 8888.22 8905.43 8927.01 8937.94 8951.38 8956.84 8957.53 8959.71 8965.77 8971.34 8977.39 8983.64 8994.39 9008.36 9020.91 9031.5 9038.95 9035.29 9030.83 9038.72 9058.74 9074.78 9084.59 9131.07 9123.4 9072.65 9038.42 9012.25 8976.84 8935.32 8913.21
