real_craters/C123-300m.grd
DSAA
249 249
-37.275 37.275
-37.275 37.275
8071.309323291 9323.1220298819
[rows 210 to 239 of 249, columns 0 to 66 of 249]
8795.54 8805.37 8856.65 8901.03 8869.46 8844.6 8830.81 8820.75 8810.94 8803.54 8800.37 8802.09 8803.71 8805 8805.01 8804.8 8804.55 8806.84 8807.58 8807.99 8808.65 8810.16 8809.2 8810.33 8811.82 8813.45 8815.27 8817.59 8820.35 8823.67 8827.12 8830.52 8833.9 8837.34 8840.61 8843.04 8845.84 8848 8849.19 8848.57 8847.15 8849.08 8851.14 8854.35 8861.89 8871.34 8884.01 8900.82 8916.8 8905.79 8889.74 8879.71 8874.45 8872.98 8876.18 8878.74 8879.9 8880.47 8881.52 8883.05 8884.33 8885.23 8885.51 8885.16 8883.24 8881.08 8879.75
8864.84 8843.64 8854.89 8848.13 8838.27 8830.8 8823.19 8816.16 8806.73 8802.01 8799.39 8801.53 8802.55 8803.8 8801.52 8800.82 8799.98 8800.92 8804.92 8806.79 8807.77 8808.12 8809.56 8811.02 8811.89 8813.3 8814.9 8817.15 8819.76 8822.89 8826.55 8830.02 8833.73 8836.96 8840.37 8843.23 8845.89 8848.05 8849.59 8850.38 8851.76 8853.58 8855.55 8858.82 8863.31 8869.36 8876.27 8883.98 8889.59 8885.64 8875.31 8869.28 8869.08 8870.17 8874.37 8876.39 8877.36 8879.02 8880.81 8882.69 8884.5 8885.96 8886.76 8886.91 8885.57 8882.8 8878.95
8837.06 8829.96 8819.2 8808.1 8807.9 8810.39 8810.49 8808.07 8805.55 8802.15 8800.73 8801.22 8802.14 8802.49 8799.42 8800.03 8802.34 8803.75 8805.1 8806.56 8807.74 8809.07 8810.73 8811.89 8812.63 8813.5 8814.43 8816.19 8819 8822.5 8826.34 8830.02 8833.2 8836.57 8839.83 8842.83 8845.61 8848.05 8850.35 8852.65 8855.25 8858.11 8859.64 8861.52 8863.63 8865.49 8866.59 8864.89 8863.93 8867.41 8864.86 8863.88 8868.71 8870.37 8870.96 8870.81 8874.13 8877.79 8880.68 8882.86 8885.29 8887.5 8889.17 8890.19 8890.67 8890.2 8888.97
8802.59 8805.12 8797.36 8792.54 8795.06 8799.61 8802.39 8803.25 8805.24 8806.85 8804.88 8802.15 8801.55 8801.72 8800.71 8801.53 8804 8805.1 8805.91 8807.04 8808.05 8809.45 8812.05 8812.93 8813.17 8813.66 8814.3 8815.18 8818.15 8822.26 8826.13 8829.83 8833.15 8836.35 8839.58 8842.47 8845.33 8848.14 8851.21 8854.34 8857.32 8861.84 8868.68 8866.4 8863.19 8861.68 8859.79 8855.99 8854.55 8859.24 8862.26 8866.12 8870.44 8869.52 8866.71 8868.98 8873.1 8877.12 8880.59 8883.25 8886.27 8889 8891.91 8894.62 8897.31 8900.26 8903.07
8790.11 8790.66 8788.64 8789.29 8792.84 8796.01 8798.23 8799.69 8801.11 8805.62 8803.3 8801.01 8800.4 8800.13 8800.62 8802 8804.15 8805.22 8806.28 8807.81 8809.46 8810.73 8812.24 8813.39 8814.35 8814.5 8815.14 8815.66 8818.64 8822.97 8826.8 8830.08 8833.02 8836.27 8839.05 8841.72 8844.53 8847.56 8851.09 8855.09 8859.99 8864.57 8866.71 8862.77 8860.06 8858.46 8856.8 8855.26 8855.3 8857.85 8861.65 8865.25 8867.12 8866.38 8865.38 8870.92 8873.9 8877.17 8880.61 8884.12 8887.36 8890.56 8894.12 8898.22 8902.69 8907.93 8912.74
8783.68 8784.38 8784.48 8787.87 8791.49 8792.48 8795.02 8796.06 8795.37 8790.19 8796.28 8798.53 8799.1 8799.85 8800.94 8801.16 8801.72 8803.98 8805.75 8807.91 8811.08 8812.94 8813.09 8813.95 8815.15 8815.96 8817.24 8818.11 8820.85 8825.09 8828.36 8830.81 8833.18 8835.76 8838.17 8840.52 8843.13 8845.9 8848.93 8852.66 8857.58 8859.09 8847.9 8852.94 8854.84 8855.31 8855.47 8855.48 8856.01 8857.61 8860.1 8862.44 8860.36 8862.5 8865.67 8870.8 8873.98 8877.27 8880.49 8884.25 8887.78 8891.67 8895.67 8900.29 8905.16 8910.79 8916.33
8780.37 8782.63 8783.86 8786.17 8787.8 8790.52 8792.48 8793.68 8794.12 8794.05 8795.41 8797.27 8797.9 8798.17 8798.78 8801.32 8802.75 8803.62 8804.83 8806.39 8808.83 8810.91 8811.98 8813.36 8815.55 8817.73 8820.56 8823.08 8826.2 8828.98 8830.17 8831.52 8833.26 8835.13 8837.18 8839.36 8841.6 8843.9 8845.74 8847.94 8848.96 8847.1 8844.86 8847.75 8850.9 8853.13 8854.76 8856.01 8856.58 8857.15 8857.81 8857.44 8856.41 8860.64 8865.88 8869.97 8873.58 8876.94 8880.44 8884.15 8888.01 8892.26 8896.37 8900.46 8904.97 8908.66 8911.05
8779.15 8782.58 8786.51 8785.76 8786.37 8789.73 8792.06 8793.77 8795.86 8797.91 8797.27 8797.55 8797.75 8797.69 8798.94 8801 8802.94 8802.85 8803.19 8803.82 8804.44 8806.6 8808.96 8811.9 8815.46 8818.77 8823.43 8830.37 8835.95 8832.45 8831.38 8831.69 8832.82 8834.31 8836.01 8837.79 8839.66 8841.5 8842.71 8843.5 8842.61 8840.61 8843.72 8845.79 8848.65 8851.59 8854.27 8856.71 8856.88 8856.52 8856.16 8854.76 8855.87 8860.35 8865.24 8869.36 8873.06 8876.87 8880.32 8884.34 8888.35 8892.32 8896.31 8900.14 8903.41 8905.37 8903.84
8778.65 8778.64 8780.65 8785.53 8789.46 8790.44 8791.77 8794.66 8796.87 8797.78 8798.8 8798.55 8798.21 8798.26 8799.13 8799.8 8800.28 8801.08 8801.37 8801.67 8802.24 8804.57 8807.64 8811.11 8815.1 8818.69 8823.13 8828.25 8832.08 8830.47 8830.26 8830.88 8832.14 8833.62 8835.26 8836.92 8838.49 8839.78 8840.24 8840.63 8840.49 8840.78 8842.46 8844.6 8847.2 8850.26 8853.14 8855.44 8856.05 8855.94 8856.27 8858.34 8859.42 8860.91 8865.03 8868.95 8872.71 8876.45 8880.17 8884.22 8888 8891.71 8895.43 8898.75 8901.77 8903.72 8904.01
8776.08 8777.45 8782.3 8785.61 8788.36 8788.36 8790.26 8794.19 8799.61 8801.96 8800.08 8799.22 8798.43 8798.12 8799.29 8799.96 8799.81 8799.8 8799.97 8800.26 8801.2 8803.95 8807.76 8811.72 8814.6 8817.48 8820.48 8822.28 8821.83 8825.53 8827.54 8829.03 8830.49 8831.69 8833.23 8834.73 8836.65 8837.85 8838.9 8839.36 8839.44 8840.21 8841.98 8843.76 8846.18 8849.09 8852.19 8854.36 8854.95 8855.21 8855.55 8856.46 8857.17 8860.54 8864.55 8868.15 8872.08 8875.87 8879.72 8883.59 8887.14 8890.78 8894.46 8897.54 8900.38 8903.05 8905.68
8774.85 8783.2 8789.94 8786.45 8781.39 8782.26 8787.23 8791.79 8795.71 8798.92 8799.62 8799.44 8798.68 8797.44 8800.28 8799.2 8798.58 8798.79 8799.11 8799.61 8800.82 8803.62 8807.3 8810.69 8813.37 8815.74 8817.83 8819.06 8820.07 8822.52 8825.09 8827.14 8828.92 8830.61 8832.37 8833.93 8835.28 8836.46 8837.1 8837.98 8838.97 8840.19 8841.28 8842.87 8845.02 8847.52 8850.37 8853.04 8853.59 8854.02 8854.07 8853.78 8854.72 8859.5 8863.32 8867.04 8871.06 8874.82 8878.49 8882.3 8885.57 8889.11 8892.47 8895.35 8898.19 8900.93 8903.87
8799.62 8812.74 8798.12 8786.22 8779.7 8780.01 8784.65 8788.76 8792.4 8795.94 8798.57 8799.84 8800.04 8798.52 8797.5 8797.16 8797.46 8798.02 8798.66 8799.48 8801 8803.42 8806.18 8808.86 8811.84 8814.09 8816.1 8817.63 8818.59 8821.35 8823.66 8825.98 8828.02 8829.98 8831.97 8833.02 8834.25 8835.47 8836.59 8837.88 8838.4 8839.19 8840.5 8841.83 8843.62 8845.51 8847.39 8849.44 8851.55 8852.87 8853.57 8853.77 8856.14 8859.34 8862.32 8866.16 8870.27 8874.11 8877.97 8881.37 8884.8 8887.76 8890.47 8892.93 8895.25 8897.23 8898.6
8792.9 8782.22 8782.1 8779.43 8779.46 8781.91 8782.71 8786.53 8789.47 8794.15 8797.59 8800.21 8802.39 8801.98 8795.64 8795.17 8796.7 8797.48 8798.54 8799.8 8801.34 8803.56 8805.93 8808.39 8810.77 8812.95 8814.91 8816.82 8819.53 8820.97 8822.2 8824.26 8826.31 8828.35 8830.54 8832.43 8834.25 8835.58 8836.73 8837.24 8837.66 8838.04 8839.75 8840.89 8842.4 8844.15 8846 8848.09 8850.35 8852.46 8854.29 8856.14 8857.64 8859.57 8862.19 8866.14 8869.94 8873.32 8876.86 8879.38 8882.21 8885.31 8887.39 8889.8 8891.51 8892.54 8892.75
8750.94 8752.48 8764.19 8768.82 8770.69 8772.07 8778.12 8785.03 8791.3 8793.8 8796.19 8798.62 8801.9 8803.13 8795.99 8794.42 8795.63 8797.06 8798.68 8800.56 8802.48 8804.12 8806.01 8807.9 8810.1 8812.17 8813.92 8815.48 8816.97 8818.53 8820.38 8822.64 8824.79 8826.93 8829.05 8831.02 8832.93 8834.8 8836.08 8836.97 8837.8 8838.3 8839.08 8840.62 8842.02 8843.15 8844.61 8847.02 8849.82 8852.56 8855.11 8857.31 8857.84 8860.34 8863.75 8867.13 8870.13 8873.02 8875.76 8878.33 8880.89 8883.09 8885.54 8887.33 8888.66 8889.51 8889.75
8749.13 8753.98 8757.56 8761.34 8763.14 8764.87 8772.59 8781.7 8791.54 8791.14 8792.7 8794.94 8796.12 8795.81 8793.55 8792.78 8794.64 8796.85 8798.91 8800.73 8802.86 8804.78 8806.56 8808.01 8810.06 8811.94 8813.2 8814.21 8814.99 8816.31 8818.47 8820.85 8823.29 8825.63 8827.82 8829.92 8832.08 8834.04 8836.19 8837.95 8839.27 8839.67 8840.04 8841.47 8842.48 8842.98 8843.38 8846.32 8849.89 8853.08 8855.81 8857.78 8859.2 8863.21 8866.21 8868.54 8870.93 8873.23 8875.27 8877.5 8879.71 8881.79 8883.83 8885.32 8886.57 8887.37 8887.98
8755.95 8755.6 8756.15 8757.85 8760.09 8763.56 8767.34 8772.24 8778.16 8783.38 8787.53 8790.89 8792.14 8792 8791.57 8791.39 8794.49 8797.31 8799.77 8801.66 8803.74 8805.86 8807.81 8809.73 8811.48 8812.38 8813 8813.45 8813.82 8814.9 8817.06 8819.61 8822.18 8824.67 8827.05 8829.38 8831.76 8834.13 8836.71 8839.25 8841.7 8842.68 8843 8842.97 8844.1 8844.63 8844.47 8847.57 8850.89 8854 8857.04 8859.57 8861.53 8865.58 8868.14 8869.53 8871.26 8873.01 8875.3 8877.35 8879.18 8881.24 8883.07 8884.45 8885.55 8886.09 8886.01
8757.67 8757.71 8754.87 8756.33 8758.78 8760.61 8763.08 8762.59 8765.57 8775.19 8782.35 8787.87 8792.21 8792.9 8792.34 8793.6 8795.57 8798.13 8801.11 8804.19 8805.59 8807.04 8809 8811.31 8812.77 8813 8813.13 8813.15 8813.11 8813.7 8816.28 8818.88 8821.49 8823.92 8826.42 8829.02 8831.52 8833.89 8836.6 8839.67 8843.79 8845.93 8843.28 8845.34 8846.55 8848.54 8850.7 8850.65 8852.28 8854.98 8857.97 8860.76 8863.47 8866.9 8868.89 8870.05 8871.36 8872.51 8874.51 8876.22 8877.95 8879.85 8881.42 8883.14 8884.2 8884.84 8884.96
8755.8 8755.97 8753.49 8754.79 8758.28 8763.37 8763.14 8761.17 8763.56 8771.1 8778.58 8785.2 8790.17 8791.79 8791.97 8794.03 8796.31 8798.42 8801.18 8804.56 8805.83 8807.31 8809.43 8811.91 8813.7 8813.53 8813.28 8813.23 8813.38 8814.08 8816.28 8818.72 8821.24 8823.7 8826.21 8828.48 8830.94 8833.23 8835.84 8838.46 8841.18 8844.72 8849.7 8849.25 8847.3 8847.98 8851.13 8851.1 8852.77 8855.54 8858.73 8861.61 8863.5 8866.04 8868.66 8869.87 8871.18 8872.48 8873.94 8875.5 8876.87 8878.47 8879.83 8882.18 8883.36 8884.31 8884.97
8747.54 8753.32 8750.06 8752.26 8756.32 8760.75 8762.18 8762.32 8764.75 8769.73 8775.76 8782.23 8788.69 8790.06 8790.74 8794.19 8796.31 8797.55 8799.26 8801.46 8804.01 8806.42 8808.85 8811.36 8813.09 8813.29 8813.4 8813.54 8814.03 8815.15 8816.73 8818.79 8821 8823.37 8825.77 8828.06 8830.41 8832.95 8834.83 8837 8838.21 8841.84 8845.42 8846.11 8845.24 8843.64 8843.9 8848.71 8852.08 8855.34 8858.85 8862.33 8865.15 8865.74 8868.12 8869.3 8870.68 8871.89 8874.27 8875.74 8877.15 8878.67 8880.46 8881.58 8882.83 8883.95 8885.63
8751.8 8750.16 8746.59 8749.89 8753.47 8756.68 8759.46 8763.11 8765.23 8768.48 8772.74 8777.19 8782.86 8786.24 8789.6 8793.09 8794.9 8795.7 8796.83 8798.76 8802.05 8805.12 8807.79 8809.78 8810.93 8812.49 8813.49 8814.05 8814.59 8815.49 8817.02 8818.96 8821.15 8823.39 8825.62 8827.81 8830.2 8832.36 8834.4 8836.55 8839.31 8840.78 8841.82 8842.56 8843.87 8844 8845.23 8848.47 8851.74 8854.88 8858.71 8862.34 8865.72 8865.94 8867.75 8869.72 8871.56 8873.22 8875.48 8877.15 8878.51 8879.67 8880.67 8881.46 8882.57 8883.98 8885.55
8747.95 8749.31 8747.92 8749 8751.43 8753.83 8756.44 8760.14 8763.45 8766.79 8770.15 8772.34 8773.89 8781.79 8787.35 8790.15 8791.91 8793.2 8794.69 8797.19 8800.74 8804.22 8807.19 8809.45 8810.91 8812.87 8814.04 8814.58 8815.11 8816.2 8817.58 8819.3 8821.47 8823.96 8825.81 8827.8 8829.77 8831.69 8833.69 8835.86 8838.62 8839.97 8841.25 8842.73 8844.53 8846.15 8847.83 8849.94 8852.2 8854.03 8856.09 8861.13 8865.46 8866.85 8867.97 8870.62 8873.24 8876.11 8878.14 8879.26 8880.4 8881.3 8881.72 8882.47 8882.5 8882.93 8883.73
8748.15 8747.6 8747.71 8748.67 8750.36 8752.51 8754.81 8756.06 8761.18 8765.37 8769.09 8772.61 8775.73 8779.78 8783.53 8786.29 8788.53 8790.92 8792.63 8795.91 8800.29 8804 8807.27 8810.41 8813.84 8814.83 8815.09 8815.47 8815.64 8815.94 8816.75 8819.44 8822.4 8824.81 8826.68 8828.32 8829.89 8831.42 8833.03 8834.72 8836.18 8839.03 8841.47 8843.99 8845.93 8847.97 8849.95 8851.95 8853.98 8855.3 8856.33 8861.53 8865.62 8866.62 8868.22 8872.16 8875.49 8878.47 8880.52 8880.35 8881.05 8881.49 8881.66 8881.61 8881.6 8881.48 8881.06
8745.62 8746.79 8747.37 8748.22 8749.75 8751.69 8753.78 8758.42 8760.98 8764.43 8768.5 8773.55 8777.48 8779.14 8781.14 8783.25 8785.88 8789.91 8794.65 8797.79 8801.18 8804.48 8807.59 8810.6 8813.67 8814.73 8815.9 8816.97 8817.37 8815.57 8815.5 8821.92 8824.57 8826.12 8827.42 8828.6 8829.88 8830.94 8832.23 8833.76 8836.36 8838.42 8841.11 8844.92 8846.93 8849.35 8851.79 8854.02 8856.57 8859.66 8862.62 8865.08 8867.68 8866.66 8869.54 8874.78 8878.66 8880.1 8881.44 8881.99 8882.03 8882.75 8882.33 8881.63 8881.01 8880.23 8879.06
8746.05 8747.65 8746.76 8747.54 8749.33 8751.72 8755.69 8758.93 8760.4 8763.11 8766.74 8771.03 8774.7 8777.5 8779.61 8780.62 8783.01 8788.12 8795.72 8799.84 8802.25 8805.32 8808.11 8810.26 8811.26 8813.35 8816.64 8819.42 8821.6 8824.98 8830.16 8827.42 8827.62 8828.25 8828.94 8829.46 8829.98 8830.61 8831.43 8832.25 8834.18 8837.76 8840.58 8841.64 8847.81 8853.1 8853.53 8855.27 8858.24 8862.23 8865.55 8866.56 8868.04 8869.33 8873.78 8878.95 8882.36 8883.99 8884.47 8883.69 8882.99 8882.16 8881.2 8880.1 8879.26 8878.06 8876.53
8746.57 8747.93 8747.68 8747.75 8749.11 8750.92 8753.14 8754.77 8758 8761.15 8764.25 8767.41 8771.13 8774.56 8777.2 8778.59 8778.95 8786.15 8791.45 8798.08 8802.92 8806.58 8809.51 8811.62 8812.78 8815.15 8819.25 8822.6 8825.43 8828.3 8829.6 8830.39 8830.25 8830.3 8830.6 8830.84 8830.84 8830.98 8831.29 8831.83 8834.06 8838 8842.09 8846.17 8847.27 8848.96 8851.7 8855.02 8858.5 8861.77 8863.86 8864.83 8866.57 8872.93 8880.46 8885.88 8887.68 8887.48 8886.5 8885.2 8883.3 8882 8880.45 8878.96 8876.73 8875.49 8874.25
8747.6 8748.76 8749.03 8748.74 8749.32 8750.23 8750.39 8752.66 8756.24 8759.46 8762.25 8764.49 8768.71 8772.6 8776.71 8780.5 8784.61 8790.1 8795.04 8800.04 8804.8 8808.56 8811.93 8814.79 8817.15 8820.04 8823.52 8826.37 8828.56 8830.3 8832.5 8831.94 8832.11 8832.26 8832.19 8832.1 8832.16 8831.97 8831.71 8831.91 8834.48 8838.79 8843.5 8849.56 8847.79 8843.05 8849.13 8854.35 8858.6 8861.57 8862.8 8863.32 8866.71 8880.65 8892.5 8894.98 8893.46 8890.81 8888.09 8885.61 8883.33 8881.14 8879.09 8877.7 8875.53 8873.53 8871.32
8748.6 8749.47 8749.18 8748.56 8750.3 8751.04 8752.15 8753.57 8756.1 8758.96 8761.72 8764.68 8768.29 8774.18 8778.36 8784.17 8791.79 8796.63 8800.22 8803.44 8807.36 8811.45 8815.32 8818.93 8822.44 8825.38 8828.69 8830.46 8831.51 8831.91 8831.02 8832.7 8833.89 8834.2 8834.1 8833.85 8833.54 8833.32 8833.03 8833.8 8835.99 8839.38 8842.98 8844.74 8844.55 8846.95 8849.58 8854.35 8859.24 8863.12 8863.1 8863.27 8869.88 8889.74 8904.83 8902.8 8897.24 8892.43 8888.47 8885.25 8882.51 8880.59 8878.07 8875.83 8873.42 8871.56 8868.85
8750.12 8751.95 8753.73 8754.5 8752.21 8752.23 8752.84 8754.33 8756.82 8759.25 8761.75 8764.06 8765.61 8769.09 8777.15 8785.77 8794.59 8799.7 8802.87 8806.01 8809.8 8813.92 8818.28 8822.97 8828.42 8834.23 8834.73 8834.27 8834.44 8834.66 8834.6 8835.73 8836.2 8836.17 8835.96 8835.75 8835.34 8835 8834.87 8834.56 8837.42 8840.23 8842.96 8844.94 8845.17 8845.06 8849.81 8854.55 8859.65 8864.34 8864.43 8860.85 8872.18 8893.01 8910.7 8903.82 8896.02 8890.62 8886.42 8883.17 8881.71 8879.39 8876.89 8874.54 8871.1 8868.81 8866.55
8751.06 8754.4 8755.82 8752.25 8752.66 8753.33 8754.65 8756.56 8758.07 8760.04 8762.24 8764.54 8765.89 8766.66 8776.68 8786.29 8793.98 8799.19 8803.16 8807.5 8811.58 8815.74 8820.23 8825.32 8831.12 8836.93 8836.81 8836.41 8836.78 8837.71 8839.44 8839.73 8838.78 8838.16 8837.66 8837.47 8837.22 8837.13 8837.23 8838.39 8839.78 8841.64 8843.68 8845.69 8847.89 8848.39 8850.46 8854.55 8858.99 8863.06 8866.47 8871.45 8872.43 8884.82 8893.01 8892.63 8888.98 8885.31 8882.36 8879.8 8878.74 8876.1 8873.99 8871.39 8869.21 8867.08 8864.96
8750.99 8753.91 8754.89 8752.68 8752.75 8754.27 8756.25 8757.97 8759.35 8760.85 8763.07 8766.02 8770.59 8776.57 8781.07 8787.9 8794.73 8800.71 8804.83 8808.75 8812.84 8817.16 8821.49 8825.46 8829.64 8832.14 8834.81 8836.56 8837.82 8839.15 8840.84 8841.16 8840.2 8839.54 8839.06 8838.82 8838.78 8839.11 8839.74 8840.6 8841.94 8843.29 8844.62 8845.25 8844.54 8847.04 8850.23 8854.16 8858.65 8862.33 8864.01 8865.28 8868.81 8874.33 8876.21 8879.25 8879.96 8879.19 8877.95 8876.43 8875.25 8873.34 8871.61 8870.07 8868.58 8866.4 8863.99
