real_craters/C123-300m.grd
DSAA
249 249
-37.275 37.275
-37.275 37.275
8071.309323291 9323.1220298819
[rows 120 to 149 of 249, columns 67 to 133 of 249]
8970.06 8973.98 8976.59 8979.95 8983.37 8988.38 8994.35 9001.66 9013.87 9032.34 9051.62 9070.32 9088.39 9104.62 9118.85 9128.38 9137.18 9149.46 9140.65 9139.19 9134.07 9117.72 9090.34 9045.75 8992.55 8933.58 8870.66 8806.51 8740.14 8672.75 8603.67 8533.91 8464.54 8393.46 8321.95 8254.47 8195.64 8145.65 8113.55 8095.78 8089.22 8087.92 8092.68 8096 8104.89 8112.44 8125.65 8135.91 8146.63 8161.04 8172.29 8183.81 8195.59 8209.86 8221.8 8233.85 8246.96 8258.22 8259.06 8272.83 8288.42 8305.23 8317.18 8329.64 8340.81 8350.94 8359.04
8967.14 8970.87 8974.53 8979.19 8983.89 8989.78 8995.68 9002.85 9014.33 9032 9049.65 9066.05 9081.45 9093.53 9102.03 9108.16 9118.77 9126.77 9126.73 9119.71 9102.45 9079.73 9055.53 9018.78 8970.65 8914.07 8854.11 8790.35 8724.35 8657.32 8587.68 8515.03 8442.87 8369.86 8299.41 8231.62 8176.22 8129.72 8101.12 8085.19 8081.17 8083.59 8089.05 8094.05 8104.85 8114.5 8128.48 8140 8152.07 8164.64 8180.89 8194.15 8207.85 8222.03 8238.75 8253.47 8268.47 8284.37 8286.09 8304.56 8320.03 8336.23 8348.5 8355.59 8362.46 8368.64 8374.74
8960.11 8966.72 8971.91 8978.09 8984.5 8991.76 8999.2 9008.4 9020.18 9034.91 9049.84 9063.91 9077.3 9086.18 9090.91 9090.3 9100.93 9107.21 9113.72 9106.83 9084.23 9057.91 9034.22 8997.72 8951.41 8897.38 8839.14 8776.32 8711.43 8643.46 8573.76 8501.89 8427.67 8354.58 8285.67 8219.34 8160.72 8112.95 8088.5 8076.85 8075.37 8081.1 8084.63 8094.58 8101.79 8117.67 8129.42 8145.88 8159 8172.7 8186.97 8204.87 8220.09 8236 8252.66 8271.91 8289.86 8308.51 8323.91 8337.38 8356.45 8371.1 8379.46 8382.07 8383.99 8385.62 8388.32
8955.29 8963.16 8969.87 8977.44 8984.97 8994.34 9003.37 9014.49 9027.75 9039.39 9052.34 9065.06 9077.23 9085.7 9090.78 9091.94 9100.31 9105.52 9111.67 9106.75 9088.33 9058.34 9024.32 8983.55 8935.98 8882.21 8823.35 8760.72 8697.32 8629.96 8561.28 8491.64 8420.99 8350.95 8280.24 8211.22 8150.39 8100.64 8080.73 8072.56 8071.31 8079.63 8084.4 8096.69 8104.47 8116.85 8136 8153.43 8167.3 8181.78 8196.92 8212.76 8232.49 8249.62 8267.73 8286.98 8309.42 8331.14 8351.27 8371.13 8393.23 8409.21 8410.09 8404.57 8401.1 8399.62 8401.66
8953.3 8960.73 8968.86 8977.12 8985.99 8996.07 9006.49 9017.6 9029.17 9042.2 9055.28 9068.48 9080.32 9091.09 9100.03 9109.75 9120.89 9120.28 9118.01 9111.32 9100.56 9065.37 9018.37 8971.76 8921.44 8866.63 8808.05 8747.32 8684.13 8617.14 8551.48 8485.55 8418.55 8352.8 8280.22 8208.81 8147.47 8098.78 8082.11 8073.72 8072.18 8082.06 8087.16 8101.06 8108.56 8120.33 8134.61 8157.18 8175.71 8190.7 8206.39 8222.85 8240.16 8261.93 8280.81 8300.97 8322.65 8347.64 8369.66 8397.5 8448.53 8458 8430.19 8418.52 8412.66 8409.77 8408.49
8951.81 8959.78 8968.29 8977.15 8986.46 8996.7 9008.56 9020.32 9032.27 9045.7 9057.99 9071.41 9086.23 9097.62 9109.22 9123.91 9149.6 9137.64 9122.02 9107.64 9087.87 9052.14 9008.41 8959.82 8908.86 8854.34 8796.15 8734.95 8672.22 8608.28 8544.1 8479.79 8415.74 8353.4 8281.22 8208.76 8151.77 8111.41 8090.57 8080.4 8081.01 8086.74 8091.09 8099.86 8114.23 8125.19 8140.71 8154.71 8174.92 8195.06 8210.97 8231.34 8248.66 8266.96 8289.09 8309.27 8330.77 8353.66 8374.2 8397.39 8423.96 8425.81 8422.98 8420.71 8418.65 8417.36 8416.77
8951.67 8958.8 8967.41 8976.68 8986.48 8997.07 9009.34 9022.95 9037.13 9050.01 9060.9 9075.11 9090.17 9103.02 9113.48 9120.51 9133.97 9131.57 9116.27 9094.65 9069.15 9033.53 8994.73 8948.25 8898.7 8844.51 8786.44 8725.99 8664.22 8600.66 8536.99 8473.03 8409.97 8349.6 8279.61 8209.89 8157.75 8122.5 8099.92 8087.17 8088.69 8092.11 8099.29 8107.9 8119.85 8129.74 8144.87 8161.79 8176.62 8202.1 8221.9 8238.2 8255.34 8273.38 8292.4 8314.14 8334.55 8355.2 8371.1 8384.91 8385.89 8383.1 8405.47 8416.33 8420.6 8421.86 8422.74
8950.2 8957.26 8965.37 8974.61 8984.26 8994.81 9007.07 9020.36 9036.19 9050.3 9061.23 9079.1 9094.65 9109.28 9120.25 9127.12 9137.89 9122.58 9107.15 9079.53 9045.87 9015.74 8980.48 8936.45 8885.58 8834.2 8776.08 8715.98 8653.12 8591.84 8528.04 8464.02 8400.9 8339.91 8271.72 8203.28 8153.12 8123.4 8106.29 8093.65 8095.08 8098.98 8104.09 8112.81 8126.13 8137.82 8150.67 8168.35 8182.9 8206.81 8222.26 8238.45 8255.44 8277.52 8297.64 8316.17 8335.09 8353.68 8367.78 8378.89 8382.84 8386.29 8404.28 8416 8420.33 8423.35 8425.69
8949.38 8956.13 8963.54 8971.68 8980.54 8990.8 9002.41 9014.98 9029.98 9044.61 9060.25 9079.06 9098.06 9116.19 9130.32 9136.95 9137.9 9115.95 9102.08 9074.55 9039.81 9009.65 8973.57 8928.41 8878.28 8824.82 8767.1 8707.19 8645.64 8582.13 8518.35 8453.8 8389.03 8325.62 8258.25 8192.34 8143.47 8118.71 8106.62 8100.52 8101.41 8105.3 8112.75 8119.61 8134.13 8145.66 8157.86 8176.99 8190.86 8208.32 8231.72 8246.64 8262.19 8278.39 8295.25 8314.6 8332.03 8349.35 8365.95 8378.1 8393.63 8411.38 8414.18 8413.89 8417.49 8418.58 8421.78
8950.55 8956.46 8963.07 8970.44 8978.99 8987.63 8997.77 9008.26 9020.92 9035.26 9054.69 9076.45 9100.04 9123.05 9142.63 9147.74 9123.34 9114 9104.5 9082.96 9051.77 9011.11 8971.08 8924.62 8874.27 8821.66 8764.39 8705.03 8642.6 8579.22 8514.7 8448.08 8380.62 8312.81 8244.98 8183.8 8134.3 8115.2 8109.08 8105.3 8109.61 8114.33 8122.53 8131.22 8145.03 8158.25 8169.98 8184.82 8199.96 8214.8 8228.3 8246.17 8260.33 8278.4 8293.25 8308.64 8324.49 8341.93 8358.14 8376.84 8391.32 8421.82 8413.27 8407.69 8406.85 8409.63 8410.01
8951.13 8956.48 8961.74 8968.37 8975.34 8983.49 8992.24 9001.66 9012.06 9024.77 9046.69 9072.59 9099.7 9127.9 9155.76 9178.32 9146.67 9125.72 9114.93 9093.09 9060.1 9016.5 8975.46 8928.73 8878.26 8825.14 8767.6 8707.66 8645.62 8580.89 8515.42 8446.85 8377.94 8307.88 8241.2 8186 8141.84 8122.52 8116.76 8114.67 8120.03 8125.32 8134.19 8148.01 8157.86 8171.08 8182 8196.94 8205.06 8219.33 8231.77 8244.31 8263.68 8276.29 8289.31 8302.74 8316.59 8330.85 8345.47 8363.8 8368.6 8374.04 8382.13 8390.06 8391.44 8395.87 8402.15
8950.67 8954.94 8960.21 8966.67 8974.03 8980.64 8987.63 8997.07 9006.12 9018.15 9040.7 9067.23 9094.56 9124.7 9157.63 9194.1 9184.06 9158.38 9132.13 9095.98 9059.29 9020.38 8978.5 8933.45 8883.88 8827.46 8769.6 8712.7 8650.74 8583.8 8520.34 8452.99 8384.08 8313.94 8249.58 8201.7 8164.29 8139.28 8131.64 8130.53 8135.19 8141.01 8148.31 8160.57 8169.77 8179.41 8191.88 8203.76 8214.02 8226.14 8238.6 8247.41 8263.55 8276.75 8287.17 8297.81 8308.74 8322.6 8333.37 8345 8341.87 8344.54 8356.52 8370.48 8371.77 8377.41 8385.31
8949.48 8952.89 8957.64 8964.33 8970.26 8976.62 8985.3 8994.07 9004.31 9017.77 9038.03 9062.04 9086.98 9113.51 9141.83 9173.66 9217.17 9198.63 9151.37 9098.15 9060.29 9025.96 8986.42 8941.19 8891.59 8837.5 8777.72 8717.9 8656.57 8593.41 8529.1 8463.24 8397.01 8330.03 8268.36 8228.04 8194.87 8162.13 8151.91 8149.75 8155.02 8161.1 8168.39 8178.37 8186.68 8195.21 8203.9 8217.26 8225.96 8234.63 8243.89 8257.42 8266.83 8274.9 8282.85 8299.77 8306.25 8312.85 8319.68 8327.2 8324.46 8336.22 8346.69 8354.36 8354.97 8357.49 8367.68
8947.67 8950.69 8955.03 8960.23 8965.86 8971.81 8980.61 8990.32 9002.98 9018.91 9036.01 9055.97 9077.19 9098.29 9118.18 9136.98 9188.02 9199.49 9168.22 9119.85 9078.48 9039.31 8998.19 8950.66 8898.8 8844.25 8785.76 8725.72 8665.15 8603.5 8543.09 8479.37 8418.01 8357.95 8302.21 8260.95 8218.12 8180.42 8173.29 8173.35 8175.59 8180.96 8187.12 8195.86 8203.54 8210.98 8218.43 8231.68 8239.21 8246.12 8258.72 8264.79 8271.72 8283.25 8287.22 8290.74 8297.16 8299.67 8302.46 8307.62 8304.21 8325.21 8338.69 8330.78 8326.1 8335.17 8348.65
8945.93 8949.29 8952.7 8957.66 8962.93 8969.48 8977.8 8988.12 9000.42 9014.71 9030.55 9048.59 9067.46 9085.57 9102.43 9121.55 9179.66 9206.4 9183.03 9145.63 9099.51 9054.97 9012.82 8963.35 8910.55 8853.21 8795.83 8735.29 8675.07 8615.73 8557.2 8499.34 8442.56 8391.04 8344.41 8295.64 8239.96 8203.67 8197.89 8197.59 8198.97 8204.43 8209.27 8219.72 8226.33 8234.37 8240.56 8253.79 8258.72 8263.7 8273.87 8277.35 8280.01 8285.75 8287.12 8286.75 8288.22 8286 8283.52 8273.37 8271.49 8278.66 8277.74 8287.96 8295.35 8312.43 8335.87
8944.57 8948.48 8951.77 8956.25 8959.88 8965.66 8973.3 8983.05 8994.76 9009.43 9024.86 9041.09 9059.24 9078.02 9097.86 9125.66 9183.88 9216.96 9193.9 9152.63 9116.48 9076.09 9027.26 8975.57 8921.27 8867.88 8811.39 8753.06 8689.01 8632.02 8575.63 8520.03 8466.93 8422.08 8379.99 8328.64 8272.93 8237.23 8228.47 8225.97 8225.78 8231.75 8235.84 8240.18 8253.4 8259.3 8264.3 8278.35 8280.92 8283.84 8290.75 8291.49 8291.07 8291.39 8289.25 8284.77 8282.07 8274.47 8265.97 8249.2 8234.28 8226.81 8219.83 8239.5 8261.95 8289.01 8318.17
8943.37 8946.89 8950.24 8954.26 8956.81 8961.96 8967.19 8977.17 8987.86 9002.14 9017.87 9032 9051.57 9073.77 9097.57 9131.49 9184.94 9228.27 9209.27 9173.37 9138.67 9095.48 9045.55 8990.26 8938.14 8883.78 8827.19 8764.56 8706.27 8651.17 8598.73 8541.12 8491.18 8448.08 8408.13 8358.94 8308.77 8277.99 8264.41 8258.57 8254.57 8261.18 8265.5 8269.45 8283.87 8288.52 8292.38 8301.68 8303.78 8304.7 8308.12 8306.39 8303.64 8302.35 8295.72 8287.32 8278.48 8266.57 8252.05 8227.6 8208.47 8190.64 8180.04 8200.06 8233.27 8269.43 8306.39
8942.46 8945.3 8948.55 8951.21 8954.2 8958.62 8962.53 8968.66 8977.34 8985.94 8996.42 9018.21 9043.84 9071.22 9098.41 9128.84 9170.27 9201.03 9224.6 9211.5 9161.37 9110.77 9057.28 9005.64 8951.14 8898.98 8845.39 8791.9 8727.14 8673.92 8623.82 8565.78 8516.97 8470.1 8426.56 8382.24 8342.75 8316.74 8300.74 8293.26 8288.79 8295.73 8299.11 8303.2 8316.64 8320.27 8322.83 8328.61 8327.7 8326.7 8329.48 8325.17 8319.53 8315.1 8306.67 8294.6 8283.34 8266.62 8246.89 8212.49 8189.07 8167.94 8157.2 8175.05 8214.04 8257.95 8301.96
8940.96 8942.92 8945.2 8947.64 8950.94 8954.73 8958.35 8962.92 8968.59 8972.59 8979.8 9006.46 9036.19 9068.04 9102.73 9130.05 9149.86 9172.15 9220.42 9219.77 9167.98 9117.1 9066.14 9017.29 8969 8923 8866.4 8816.66 8765.97 8715.15 8661.98 8607.51 8544.48 8493.05 8439.56 8393.67 8365.85 8347.61 8331.73 8324.75 8324.54 8327.01 8330.74 8334.64 8341.62 8344.01 8345.28 8358.48 8357.18 8347.85 8352.99 8346.95 8339.11 8334.03 8322.88 8308.12 8293.95 8273.42 8220.63 8204.05 8181.43 8158.38 8150.85 8164.51 8205.11 8252.12 8304.11
8939.34 8940.25 8942.07 8944.35 8947.53 8950.96 8954.66 8958.8 8964.14 8969.86 8980.56 9001.89 9027.76 9057.39 9091.81 9111.51 9120.78 9138.71 9179.5 9184.23 9147.65 9107.66 9064.7 9021.7 8978.8 8932.39 8889.53 8844.05 8797.17 8752.88 8701.34 8646.67 8588.72 8525.93 8463.3 8409.99 8384.41 8364.68 8355.91 8356.94 8359.97 8363.74 8367.73 8375.97 8377.97 8379.28 8383.59 8382.48 8379.9 8375.8 8376.78 8366.78 8357.6 8355.67 8338 8321.78 8302.5 8280.87 8222.72 8205.07 8179.96 8159.83 8147.69 8161.65 8206.55 8257.63 8311.12
8937.16 8937.92 8939.64 8941.73 8944.63 8947.84 8951.73 8955.87 8961.38 8969.97 8982.64 8998.06 9016.54 9037.67 9057.58 9073.1 9081.38 9087.8 9109.28 9124.81 9112.54 9088.72 9056.19 9020.36 8981.14 8942.75 8902.59 8861.21 8824.58 8780.94 8738.03 8686.8 8633.82 8570.93 8502.36 8445.64 8416.44 8391.14 8386.08 8392.48 8399.71 8403.77 8407.12 8410.37 8411.38 8411.08 8416.98 8414.54 8410.56 8412.17 8405.04 8396.89 8383.82 8370.94 8355.94 8338.66 8319.91 8297.63 8226.52 8209.25 8191.47 8174.33 8162.13 8175.62 8218.33 8273.67 8328.74
8932.26 8933.02 8935.01 8938.26 8941.44 8944.47 8948.59 8953.28 8959.39 8967.68 8978.68 8990.69 9003.75 9016.4 9026.16 9037.77 9044.51 9048.06 9063.6 9079.01 9078.03 9066.12 9045.19 9017.53 8987.26 8955.82 8919.96 8884.52 8851.66 8814.29 8773.82 8730.54 8684.48 8628.67 8561.29 8505.01 8476.69 8447.18 8437.47 8443.63 8446.54 8448.03 8452 8455.13 8456.83 8455.39 8461.23 8457.59 8452.36 8442.11 8433.63 8422.1 8410.72 8397.27 8381.89 8364.48 8344.19 8275.64 8249.6 8236.73 8218.52 8202.88 8196.16 8209.17 8248.8 8301.96 8357.99
8925.29 8927.8 8930.13 8933.32 8936.81 8940.67 8945.5 8950.63 8956.63 8964.1 8972.89 8982.19 8991.5 8999.21 9006.25 9012.76 9017.64 9021.19 9029.71 9047.3 9052.56 9048.04 9034.28 9013.61 8991.6 8963.51 8937.27 8911.62 8882.23 8852.36 8820.15 8788.34 8751.28 8705.05 8647.78 8602.99 8570.98 8532.6 8512.73 8509.61 8508.52 8510.42 8510.16 8515.14 8514.15 8508.76 8504.4 8498.61 8493.49 8484.93 8474.88 8461.2 8444.3 8430.02 8414.12 8396.55 8378.58 8312.22 8292.71 8274.76 8261.67 8245.87 8238.69 8245.93 8287.32 8340.54 8394.84
8918.21 8921.55 8925.02 8929.13 8932.37 8937.11 8942.18 8947.53 8953.7 8960.85 8968.74 8976.13 8981.17 8985.77 8990.45 8995.45 8999.92 9005.92 9017.69 9029.51 9035.72 9034.31 9024.14 9007.28 8982.87 8968.6 8946.16 8933.11 8913.79 8887.91 8869.13 8845.63 8825.9 8800.48 8760.31 8719.59 8676.99 8633.51 8603.37 8585.94 8580.32 8576.72 8574.29 8566.61 8562.05 8561.39 8555.11 8546.9 8537.99 8526.32 8514.96 8502.35 8489.08 8473.95 8457.5 8439.77 8423.61 8372.3 8338.93 8323.82 8312.76 8303.64 8296.01 8291.9 8341.43 8391.2 8438.43
8911.72 8916.61 8923.01 8928.06 8930.7 8934.82 8939.71 8944.2 8950.03 8956.47 8962.97 8968.18 8972.07 8975.43 8979.3 8983.29 8987.83 8994.69 9010.77 9019.51 9023.25 9022.46 9016.58 9007.08 8988.87 8978.93 8963.69 8949.4 8933.9 8919.43 8907.32 8901.55 8897.2 8901.29 8902.85 8853.23 8781.9 8726.6 8684.61 8661.97 8648.41 8639.84 8633.47 8627.02 8621.11 8613.22 8607.69 8599.93 8587.31 8575.84 8563.39 8549.94 8538.05 8523.39 8505.57 8488.33 8457.85 8439.43 8401.3 8385.31 8371.43 8368.27 8379.51 8407.03 8420.48 8451.01 8488.49
8907.72 8914.68 8920.79 8924.29 8929.28 8933.4 8938.24 8941.39 8946.62 8952.11 8957.21 8961.72 8963.76 8966.71 8971.45 8975.23 8980.2 8986.8 9003.48 9012.98 9016.21 9014.88 9013.31 9007.29 8994.44 8985.99 8975.41 8965.97 8955.65 8948.33 8940.46 8944.03 8950.92 8973.77 9003.63 8954.3 8876.14 8803.19 8748.48 8729.23 8717.5 8707.11 8694.66 8684.63 8676.7 8667.4 8656.43 8651.25 8639.71 8627.42 8614.38 8600.57 8591.88 8576.41 8560.2 8543.41 8506.74 8490.8 8463.92 8442.81 8437.06 8433.84 8451.67 8471.76 8482.63 8506.52 8536.97
8906.04 8912.93 8919 8922.98 8928.34 8933.14 8936.18 8940.63 8944.75 8948.7 8951.99 8953.8 8956.24 8957.42 8963.24 8971.04 8977.72 8985 9001.97 9009.67 9010.66 9008.83 9010.49 9006.59 8997.71 8990.21 8987.16 8981.88 8974.32 8971.83 8966.71 8970.44 8975.86 8993.66 9016.34 8981.14 8923.61 8862.89 8818.24 8799.1 8786.28 8771.56 8758.57 8744.97 8739.54 8727.19 8713.83 8701.14 8692.04 8679.2 8666.78 8652.93 8636.71 8625 8609.72 8579.94 8561.6 8542.93 8518.43 8502.39 8496.16 8494.44 8504.83 8513.07 8524.87 8553.98 8584.08
8906.16 8912.05 8917.25 8922.46 8926.7 8931.02 8934.1 8938.37 8942.32 8945.86 8948.66 8951.87 8954.06 8954.54 8962.67 8973.22 8980.44 8986.49 8999.18 9005.57 9006.74 9004.74 9005.85 9001.62 8998.74 8995.46 8992.4 8989.69 8991.97 8987.57 8987.47 8984.84 8981.88 8975.91 8961.27 8960.78 8935.35 8909.5 8882.3 8872.07 8860.19 8845.66 8828.38 8810.73 8800.65 8783.78 8769.89 8759.95 8744.11 8729.48 8715.31 8701.05 8686.72 8668.09 8654.03 8629.23 8614.88 8600.06 8584.55 8567.08 8561.14 8554.23 8555.55 8553.58 8564.73 8601.04 8632.3
8907.14 8911.97 8915.3 8920.1 8924.83 8929.63 8932.68 8936.88 8940.63 8943.53 8946.75 8951.22 8955.72 8962.03 8971.39 8982.22 8990.46 8989.84 8995.7 9000.05 9003.15 9003.54 9005.33 9004.27 9001.03 9000.1 8998.94 8998.4 9003.27 9001.72 8999.73 8998.75 8988.86 8967.51 8946.05 8957.14 8960.44 8961.49 8961.48 8955.43 8936.92 8915.86 8894.1 8874.94 8857.97 8838.97 8823.08 8807.68 8784.52 8769.34 8754.62 8746.12 8729.82 8716.65 8692.74 8680 8667.49 8649 8640.88 8633.7 8626.59 8617.2 8614.48 8611.04 8621.24 8649.8 8685.71
8906.9 8910.19 8914.46 8918.66 8922.94 8926.82 8931.21 8935.17 8937.06 8941.38 8945.49 8948.23 8956.77 8971.62 8980.26 8993.25 9008.94 9017.81 9006.67 8999.01 9001.42 9001.94 9004.14 9004.6 9005.79 9003.35 9004.39 9004.8 9010.49 9016.04 9015.19 9011.62 9005.13 8986.64 8973.15 8979.86 8987.89 9008.23 9047.41 9041.18 9005.47 8977.3 8954.53 8929.76 8906.92 8888.01 8870.04 8848.97 8831.77 8815.69 8800.64 8786.37 8771.96 8761.1 8730.11 8718.73 8713.21 8700.53 8694.64 8686.67 8680.55 8682.52 8683.83 8689.16 8699.43 8720.83 8746.81
