real_craters/C123-750m.grd
DSAA
100 100
-37.275 37.275
-37.275 37.275
8077.3729532253 9297.5553052227
[rows 38 to 75 of 100, columns 0 to 83 of 100]
8813 8810 8796 8792 8786 8788 8823 8863 8870 8866 8865 8881 8898 8881 8897 8881 8877 8874 8872 8869 8867 8875 8882 8878 8891 8906 8927 8964 8981 8979 8975 8975 8986 9001 9012 9020 9021 9024 9031 9044 9074 9078 9053 9018 9021 8999 8970 8945 8915 8806 8807 8872 8896 8921 8950 8976 8991 9022 9068 9101 9095 9092 9082 9063 9051 9042 9032 9021 9019 9023 9031 9037 9037 9037 9038 9040 9044 9050 9046 9045 9051 9061 9068 9076
8813 8799 8787 8790 8783 8784 8815 8842 8862 8869 8868 8873 8900 8888 8889 8880 8875 8872 8870 8867 8864 8868 8871 8878 8892 8928 8940 8955 8958 8968 8973 8981 8995 9014 9027 9028 9026 9047 9067 9102 9107 9054 9005 8921 8922 8893 8854 8811 8773 8713 8717 8758 8784 8816 8852 8892 8922 8963 8998 9035 9076 9102 9112 9096 9068 9054 9037 9022 9018 9024 9035 9057 9084 9052 9037 9034 9036 9040 9043 9051 9063 9067 9071 9072
8806 8784 8780 8785 8780 8783 8817 8847 8864 8871 8876 8888 8873 8882 8885 8876 8871 8869 8868 8868 8870 8874 8885 8883 8877 8883 8937 8960 8953 8954 8971 8989 9011 9032 9054 9061 9055 9080 9123 9140 9039 8985 8988 8977 8839 8767 8724 8694 8663 8650 8653 8641 8664 8707 8759 8819 8899 8967 8958 8995 9060 9109 9137 9112 9067 9055 9045 9034 9023 9026 9029 9044 9075 9086 9037 9033 9035 9043 9049 9062 9069 9070 9068 9065
8799 8784 8779 8781 8786 8798 8828 8852 8878 8889 8889 8879 8889 8886 8879 8867 8867 8867 8867 8868 8870 8871 8872 8875 8873 8889 8942 8955 8948 8964 8979 8996 9013 9055 9077 9084 9080 9093 9120 9093 8876 8865 8815 8762 8682 8622 8580 8537 8498 8457 8450 8477 8532 8594 8659 8727 8800 8874 8942 8993 9048 9110 9164 9138 9060 9044 9042 9037 9026 9034 9042 9053 9075 9078 9042 9039 9044 9047 9055 9059 9071 9072 9068 9064
8782 8788 8814 8819 8816 8829 8858 8876 8892 8925 8918 8890 8878 8885 8882 8871 8868 8867 8868 8870 8872 8873 8875 8882 8889 8906 8952 8946 8943 8972 8992 9018 9055 9085 9120 9117 9096 9080 9037 8919 9006 8763 8595 8517 8502 8474 8434 8390 8355 8300 8252 8318 8398 8476 8553 8622 8686 8737 8873 8943 9016 9092 9148 9128 9068 9064 9049 9042 9030 9043 9066 9069 9061 9051 9046 9046 9055 9062 9074 9081 9087 9072 9066 9063
8774 8804 8825 8813 8811 8841 8853 8863 8878 8895 8891 8866 8872 8886 8890 8871 8870 8871 8872 8874 8878 8885 8904 8916 8924 8933 8939 8931 8945 8969 9002 9038 9069 9108 9127 9131 9104 9071 9025 8988 8789 8602 8423 8352 8345 8333 8306 8287 8252 8202 8160 8222 8304 8386 8464 8532 8594 8669 8742 8845 8964 9071 9152 9172 9093 9072 9045 9029 9039 9044 9047 9056 9051 9048 9052 9058 9074 9083 9090 9079 9061 9065 9064 9063
8777 8817 8830 8805 8826 8845 8846 8849 8855 8850 8859 8863 8866 8883 8887 8877 8874 8874 8874 8878 8882 8889 8914 8936 8935 8939 8943 8954 8958 8973 9007 9056 9109 9125 9149 9138 9109 9048 8982 8887 8649 8456 8313 8246 8235 8242 8241 8226 8196 8158 8128 8178 8260 8342 8411 8470 8518 8549 8595 8756 8910 9050 9160 9201 9109 9052 9043 9037 9043 9045 9051 9054 9058 9063 9065 9066 9094 9136 9114 9071 9065 9065 9064 9065
8808 8822 8808 8809 8828 8839 8843 8846 8847 8851 8855 8864 8870 8878 8884 8886 8881 8878 8878 8880 8884 8890 8893 8936 8952 8949 8949 8958 8964 8970 9009 9068 9117 9134 9105 9126 9089 9007 8897 8747 8536 8362 8233 8183 8175 8181 8184 8182 8168 8148 8126 8177 8245 8316 8382 8435 8480 8520 8574 8705 8867 9022 9155 9224 9101 9073 9065 9055 9046 9052 9053 9058 9060 9063 9075 9092 9107 9126 9122 9097 9077 9066 9063 9063
8764 8789 8814 8820 8835 8839 8839 8851 8851 8850 8857 8862 8870 8877 8885 8882 8883 8883 8882 8885 8886 8893 8906 8926 8954 8956 8953 8965 8970 8979 9014 9076 9143 9163 9162 9130 9073 8967 8824 8647 8461 8301 8181 8134 8130 8136 8149 8157 8160 8161 8168 8208 8253 8313 8363 8412 8454 8487 8530 8679 8842 9003 9140 9232 9139 9110 9100 9085 9070 9079 9084 9067 9052 9063 9074 9085 9090 9096 9090 9080 9062 9059 9059 9059
8761 8771 8784 8807 8828 8858 8876 8877 8867 8857 8869 8869 8867 8896 8896 8890 8885 8884 8888 8891 8894 8892 8902 8951 8960 8963 8965 8976 8978 8989 9022 9073 9127 9142 9143 9195 9075 8930 8770 8595 8420 8256 8142 8104 8106 8123 8144 8165 8181 8198 8207 8242 8282 8324 8363 8401 8442 8471 8528 8676 8830 8983 9116 9206 9145 9116 9116 9103 9093 9101 9111 9080 9053 9060 9061 9063 9059 9047 9054 9053 9058 9055 9056 9056
8768 8777 8781 8785 8801 8862 8912 8893 8896 8900 8888 8885 8882 8907 8900 8885 8881 8888 8895 8904 8913 8917 8920 8926 8969 8963 8963 8972 8980 8992 9016 9063 9104 9130 9137 9114 9030 8886 8724 8551 8373 8207 8107 8088 8099 8126 8154 8186 8220 8252 8270 8309 8340 8363 8385 8409 8444 8505 8581 8681 8816 8958 9088 9163 9140 9123 9117 9111 9101 9099 9101 9095 9086 9056 9047 9045 9048 9045 9048 9050 9050 9052 9055 9057
8770 8775 8782 8794 8832 8860 8864 8870 8878 8885 8884 8905 8929 8916 8891 8882 8882 8889 8902 8916 8930 8951 8948 8930 8963 8953 8947 8961 8979 8999 9028 9060 9086 9095 9111 9063 8979 8846 8688 8515 8337 8169 8080 8077 8097 8125 8170 8211 8252 8301 8344 8395 8399 8399 8404 8412 8421 8451 8558 8656 8782 8926 9066 9196 9177 9119 9132 9123 9109 9098 9100 9103 9100 9089 9069 9061 9069 9064 9048 9051 9048 9051 9059 9061
8771 8777 8785 8816 8860 8866 8852 8862 8862 8866 8880 8892 8920 8875 8880 8877 8878 8893 8906 8918 8933 8947 8925 8910 8946 8950 8946 8957 8979 9004 9036 9069 9101 9139 9119 9061 8949 8812 8658 8498 8340 8167 8091 8086 8109 8140 8182 8231 8278 8328 8382 8407 8419 8418 8420 8418 8401 8375 8466 8599 8744 8893 9035 9146 9152 9118 9129 9126 9122 9118 9109 9107 9109 9099 9076 9066 9069 9074 9067 9064 9066 9070 9074 9069
8772 8775 8785 8791 8832 8858 8881 8886 8880 8875 8864 8868 8889 8889 8885 8886 8879 8906 8915 8920 8923 8922 8891 8899 8922 8947 8942 8954 8973 8999 9034 9073 9117 9139 9099 9020 8922 8785 8634 8476 8316 8157 8104 8102 8120 8153 8193 8242 8282 8328 8370 8401 8417 8421 8425 8434 8428 8404 8454 8560 8720 8880 9015 9115 9140 9111 9118 9122 9123 9125 9112 9109 9100 9108 9106 9082 9062 9065 9074 9080 9099 9113 9095 9078
8774 8778 8794 8818 8829 8839 8854 8871 8897 8886 8883 8872 8874 8881 8893 8915 8946 8934 8924 8916 8907 8891 8895 8921 8930 8932 8945 8954 8969 8988 9012 9062 9132 9180 9115 9032 8919 8787 8633 8468 8294 8156 8119 8127 8150 8180 8211 8243 8276 8313 8346 8362 8385 8397 8415 8448 8497 8511 8428 8552 8739 8888 9008 9106 9132 9112 9113 9116 9114 9108 9108 9110 9090 9114 9139 9100 9069 9066 9071 9089 9113 9124 9100 9079
8775 8779 8799 8816 8831 8840 8852 8865 8864 8869 8866 8875 8877 8880 8894 8919 8950 8937 8925 8914 8904 8899 8911 8916 8925 8929 8938 8950 8962 8979 9006 9050 9106 9177 9156 9047 8938 8802 8651 8495 8339 8228 8168 8175 8194 8214 8239 8263 8284 8296 8308 8325 8336 8350 8396 8460 8555 8651 8578 8689 8826 8932 9027 9107 9138 9120 9115 9111 9104 9095 9098 9104 9100 9115 9124 9106 9082 9082 9101 9104 9106 9109 9088 9075
8778 8791 8808 8823 8830 8835 8852 8861 8861 8865 8877 8887 8886 8868 8889 8907 8909 8918 8918 8911 8902 8899 8910 8922 8927 8927 8933 8947 8956 8969 8995 9033 9080 9166 9190 9093 8970 8833 8683 8542 8421 8298 8237 8237 8254 8276 8285 8293 8292 8280 8247 8219 8235 8306 8385 8455 8497 8606 8848 8953 8938 8983 9050 9110 9134 9135 9120 9106 9099 9094 9086 9084 9086 9110 9133 9108 9080 9085 9110 9109 9091 9066 9070 9068
8780 8791 8810 8825 8837 8850 8860 8864 8858 8863 8863 8872 8880 8881 8887 8900 8915 8919 8915 8913 8907 8897 8911 8920 8925 8925 8936 8943 8949 8958 8971 8999 9074 9147 9231 9134 9006 8878 8750 8618 8477 8369 8323 8319 8329 8339 8351 8344 8329 8293 8215 8164 8174 8289 8408 8501 8547 8662 8870 8956 8963 9003 9055 9106 9114 9115 9101 9094 9089 9084 9078 9071 9074 9096 9117 9117 9101 9065 9063 9079 9076 9067 9068 9067
8785 8799 8815 8826 8841 8866 8871 8874 8860 8882 8885 8879 8882 8882 8883 8891 8898 8901 8912 8920 8928 8926 8912 8907 8912 8926 8940 8936 8941 8949 8963 8991 9034 9068 9099 9090 9014 8917 8822 8713 8571 8438 8399 8411 8420 8422 8420 8404 8374 8277 8225 8185 8193 8323 8467 8607 8741 8808 8824 8838 8948 9013 9053 9070 9073 9077 9078 9080 9078 9069 9065 9068 9070 9078 9098 9118 9098 9056 9045 9057 9066 9075 9075 9070
8791 8801 8807 8821 8836 8856 8868 8861 8866 8881 8920 8896 8871 8867 8877 8885 8889 8898 8912 8919 8929 8928 8905 8894 8886 8900 8910 8921 8930 8941 8955 8975 8989 9002 9021 9038 9008 8952 8900 8841 8771 8669 8580 8564 8555 8547 8526 8498 8462 8385 8325 8294 8291 8418 8550 8708 8926 8937 8898 8889 8995 9047 9066 9072 9069 9069 9070 9071 9074 9068 9062 9066 9067 9071 9096 9118 9090 9042 9036 9049 9055 9065 9073 9073
8797 8805 8813 8824 8834 8854 8867 8871 8875 8901 8897 8889 8870 8866 8875 8887 8903 8919 8915 8912 8899 8897 8894 8882 8886 8884 8894 8912 8924 8936 8946 8959 8965 8977 9005 9015 9002 8982 8958 8950 8992 8921 8761 8729 8701 8672 8651 8619 8588 8525 8488 8454 8486 8545 8634 8730 8818 8932 9016 9145 9107 9092 9084 9084 9076 9070 9063 9065 9063 9063 9062 9058 9059 9066 9090 9109 9080 9029 9021 9026 9039 9050 9059 9078
8798 8808 8820 8829 8840 8878 8886 8858 8861 8863 8864 8872 8875 8876 8877 8885 8899 8912 8904 8903 8924 8905 8897 8896 8892 8906 8898 8910 8920 8932 8941 8950 8961 8986 8997 9003 9006 9000 9002 8995 8961 8955 8942 8904 8860 8817 8771 8741 8693 8660 8628 8604 8597 8668 8722 8757 8815 8932 9061 9157 9150 9122 9099 9077 9078 9074 9057 9061 9067 9063 9058 9051 9050 9063 9090 9113 9075 9022 9015 9021 9029 9039 9052 9073
8798 8807 8814 8831 8863 8891 8893 8865 8866 8870 8868 8857 8858 8864 8869 8873 8877 8873 8878 8878 8866 8878 8875 8878 8886 8902 8905 8910 8918 8928 8935 8951 8968 9010 9012 9002 9004 9012 9026 9040 9039 9027 9069 9045 8996 8943 8885 8819 8777 8758 8751 8753 8812 8829 8845 8850 8844 8981 9082 9135 9149 9130 9102 9082 9073 9063 9061 9061 9061 9061 9065 9055 9047 9049 9083 9109 9084 9040 9027 9022 9027 9033 9039 9055
8802 8807 8812 8821 8832 8860 8865 8856 8859 8853 8849 8850 8851 8852 8859 8863 8862 8857 8862 8864 8865 8871 8878 8884 8894 8900 8903 8909 8915 8923 8932 8943 8950 8962 8984 8996 9005 9023 9052 9089 9117 9120 9121 9143 9104 9051 9003 8930 8887 8866 8870 8875 8876 8920 8994 9056 9083 9088 9117 9143 9136 9116 9096 9074 9067 9060 9061 9059 9054 9051 9048 9050 9056 9055 9090 9098 9104 9080 9044 9029 9031 9036 9039 9045
8804 8809 8810 8818 8819 8832 8838 8840 8845 8842 8845 8849 8852 8858 8860 8857 8856 8855 8859 8864 8869 8873 8878 8888 8892 8887 8896 8904 8911 8918 8925 8928 8933 8937 8953 8974 8992 9014 9047 9103 9196 9220 9298 9265 9178 9110 9058 9016 8984 8967 8963 8981 8983 9041 9136 9204 9230 9170 9140 9120 9108 9099 9087 9075 9061 9056 9052 9055 9060 9047 9043 9076 9080 9088 9106 9118 9077 9053 9043 9042 9042 9041 9040 9045
8798 8795 8812 8839 8824 8827 8832 8836 8841 8839 8843 8849 8850 8849 8849 8852 8853 8854 8861 8874 8878 8878 8880 8882 8884 8888 8895 8902 8910 8917 8921 8923 8932 8941 8945 8958 8980 9000 9024 9049 9085 9162 9212 9225 9195 9149 9109 9077 9060 9046 9053 9091 9204 9286 9226 9223 9216 9184 9149 9118 9099 9081 9077 9064 9057 9049 9048 9051 9053 9056 9055 9071 9090 9098 9076 9062 9034 9023 9030 9037 9042 9042 9046 9049
8796 8815 8803 8827 8822 8824 8825 8830 8832 8839 8844 8846 8848 8849 8852 8851 8853 8856 8865 8882 8888 8879 8875 8880 8882 8893 8894 8900 8907 8915 8922 8926 8931 8942 8949 8960 8969 8982 8999 9015 9048 9106 9156 9185 9172 9146 9124 9105 9096 9088 9097 9130 9180 9191 9197 9200 9187 9164 9135 9114 9089 9069 9044 9034 9021 9030 9037 9050 9061 9067 9081 9086 9071 9058 9039 9027 9024 9020 9024 9027 9033 9038 9042 9044
8793 8805 8816 8824 8824 8825 8826 8831 8843 8848 8845 8843 8845 8846 8846 8849 8853 8859 8867 8882 8885 8876 8872 8881 8881 8884 8890 8898 8906 8915 8925 8931 8929 8937 8944 8952 8958 8970 8982 8998 9027 9065 9096 9135 9139 9135 9129 9120 9111 9108 9110 9116 9111 9095 9129 9130 9139 9136 9125 9107 9087 9065 9045 9030 9025 9013 9014 9026 9040 9057 9071 9082 9056 9032 9024 9029 9031 9024 9024 9029 9036 9036 9034 9037
8796 8810 8819 8822 8825 8831 8836 8839 8836 8844 8842 8842 8844 8844 8845 8849 8854 8860 8872 8872 8874 8871 8871 8876 8876 8881 8888 8897 8905 8915 8927 8943 8938 8943 8936 8926 8946 8960 8973 8989 9011 9039 9066 9076 9098 9109 9113 9113 9112 9112 9110 9103 9093 9084 9102 9112 9117 9116 9107 9091 9071 9065 9059 9034 9015 9011 9013 9014 9025 9037 9048 9072 9077 9052 9021 9024 9027 9026 9027 9029 9033 9035 9037 9042
8799 8813 8819 8821 8826 8835 8844 8855 8848 8842 8844 8845 8844 8844 8846 8850 8855 8860 8864 8869 8870 8870 8871 8872 8874 8881 8886 8894 8904 8914 8921 8925 8937 8938 8940 8955 8952 8958 8967 8976 8998 9022 9051 9059 9075 9086 9091 9093 9096 9099 9100 9098 9094 9095 9098 9107 9106 9103 9094 9081 9069 9066 9058 9033 9012 9014 9019 9026 9022 9020 9035 9049 9061 9055 9029 9027 9029 9025 9025 9026 9029 9036 9043 9052
8805 8815 8818 8819 8830 8833 8835 8855 8881 8853 8847 8845 8845 8847 8848 8854 8858 8862 8870 8871 8872 8871 8876 8883 8892 8885 8882 8887 8898 8912 8922 8925 8930 8935 8940 8946 8954 8961 8966 8975 8988 9006 9021 9047 9062 9069 9076 9081 9086 9087 9085 9081 9080 9079 9087 9094 9099 9096 9090 9082 9075 9076 9069 9047 9029 9028 9017 9020 9019 9019 9030 9038 9057 9059 9056 9036 9023 9020 9021 9024 9031 9038 9044 9048
8811 8816 8816 8825 8841 8831 8833 8853 8870 8869 8849 8844 8848 8853 8860 8862 8862 8862 8860 8860 8878 8878 8851 8919 8913 8884 8868 8877 8892 8911 8931 8935 8905 8918 8936 8948 8957 8962 8968 8975 8986 8997 9007 9028 9045 9053 9059 9062 9065 9067 9068 9070 9073 9074 9083 9092 9095 9092 9089 9086 9085 9100 9100 9069 9053 9051 9062 9027 9023 9033 9030 9031 9043 9059 9069 9048 9028 9019 9024 9029 9037 9042 9044 9048
8813 8812 8813 8821 8831 8825 8831 8857 8860 8854 8848 8847 8851 8857 8865 8865 8863 8861 8859 8864 8886 8898 8767 8648 8828 8904 8860 8873 8891 8907 8922 8927 8906 8923 8939 8954 8963 8965 8968 8973 8984 8994 9004 9019 9031 9039 9045 9050 9054 9058 9062 9068 9073 9083 9095 9097 9095 9093 9092 9093 9100 9108 9093 9058 9049 9056 9067 9033 9024 9028 9026 9026 9031 9041 9055 9063 9031 9023 9033 9038 9042 9047 9046 9048
8812 8809 8811 8813 8818 8822 8832 8848 8850 8838 8846 8850 8853 8856 8856 8857 8861 8862 8862 8865 8878 8877 8823 8766 8880 8895 8870 8877 8893 8905 8906 8909 8926 8935 8943 8952 8959 8963 8970 8978 8985 8993 9000 9006 9015 9027 9035 9042 9047 9052 9057 9063 9068 9078 9091 9094 9092 9092 9092 9093 9096 9110 9091 9045 9037 9047 9052 9035 9023 9024 9022 9021 9023 9025 9040 9077 9065 9053 9051 9050 9052 9053 9047 9050
8806 8809 8813 8818 8821 8825 8837 8851 8849 8844 8852 8854 8856 8859 8864 8867 8862 8861 8868 8874 8871 8870 8897 8926 8908 8880 8879 8885 8899 8915 8924 8923 8924 8936 8940 8943 8947 8957 8968 8980 8986 8994 9002 9013 9019 9024 9031 9036 9042 9047 9052 9057 9062 9064 9063 9075 9077 9078 9083 9087 9093 9104 9074 9039 9033 9038 9043 9037 9022 9021 9019 9011 9015 9024 9039 9065 9091 9087 9071 9059 9048 9044 9045 9050
8805 8808 8813 8818 8819 8816 8829 8843 8838 8848 8855 8853 8855 8858 8864 8868 8859 8853 8851 8861 8875 8883 8890 8911 8910 8887 8879 8891 8906 8926 8958 8941 8926 8935 8939 8940 8942 8950 8958 8971 8984 8995 9004 9011 9018 9020 9026 9032 9039 9043 9048 9052 9055 9057 9068 9064 9067 9069 9073 9076 9085 9089 9063 9037 9035 9036 9034 9032 9016 9012 9013 9006 9017 9023 9033 9047 9070 9084 9087 9068 9048 9040 9045 9048
8808 8807 8811 8814 8817 8819 8827 8848 8865 8857 8852 8847 8848 8851 8852 8850 8849 8846 8845 8890 8889 8895 8913 8942 8915 8881 8889 8896 8907 8920 8917 8931 8933 8936 8943 8943 8942 8950 8960 8971 8984 8995 9004 9012 9005 9016 9021 9026 9030 9035 9041 9042 9046 9050 9055 9051 9058 9060 9060 9060 9058 9046 9050 9044 9040 9038 9039 9037 9036 9009 9009 9010 9019 9020 9029 9053 9097 9134 9102 9074 9054 9050 9049 9054
8814 8807 8810 8812 8813 8817 8820 8816 8821 8829 8826 8835 8839 8842 8842 8837 8845 8848 8851 8859 8858 8876 8907 8902 8897 8895 8889 8894 8905 8917 8924 8926 8933 8945 8953 8954 8952 8959 8965 8976 8986 8994 9001 8999 9011 9021 9025 9028 9030 9027 9028 9031 9035 9041 9037 9045 9053 9052 9047 9039 9028 9017 9027 9043 9036 9034 9035 9030 9023 9016 9015 9020 9021 9019 9023 9032 9084 9116 9090 9067 9050 9045 9047 9055
