real_craters/C123-1000m.grd
DSAA
44 44
-21.3 21.3
-21.3 21.3
8786.7868060629 10136.906561946
9615.72 9643.76 9656.28 9656.92 9657.69 9663.76 9672.41 9681.17 9684.45 9689 9700.43 9710.94 9721.08 9732.11 9750.15 9751.35 9753.61 9751.1 9763.1 9799.92 9818.32 9812.41 9805.36 9824.21 9849 9886.36 9950.93 9965.59 9928.15 9969.41 9895.16 9869.14 9859.86 9848.64 9836.56 9830.96 9832.37 9826.69 9819.38 9823.96 9830.16 9858.97 9881.94 9853.4 
9635.42 9671.57 9675.19 9673.11 9675.87 9677.8 9682.67 9704.34 9718.55 9719.77 9728.83 9728.3 9730.86 9740.48 9747.82 9752.05 9752.45 9755.16 9781.82 9829.23 9840.32 9838.7 9825.4 9823.21 9832.91 9862.97 9901.05 9908.92 9941.15 9939.13 9847.97 9847.7 9851.26 9844.68 9837.53 9834.16 9829.72 9828.49 9826.9 9834.38 9872.04 9860.82 9859.77 9837.99 
9648.16 9694.94 9696.49 9695.18 9696.85 9696.35 9694.9 9717.82 9730.01 9732.36 9738.82 9740.67 9744.97 9745.06 9744.82 9745.74 9757.99 9801.81 9841.07 9866.51 9852.07 9847.67 9843.39 9842.02 9842.48 9845.9 9846.47 9848.51 9871.1 9875.5 9893.98 9875.93 9848.94 9842.21 9833.75 9830.45 9831.03 9833.74 9831.44 9838.46 9837.24 9839.53 9838.21 9825.48 
9656.63 9674.95 9693.14 9705.22 9715.32 9727.39 9721.75 9740.03 9751.8 9747.37 9740.3 9742.22 9742.77 9747.32 9754.79 9752.81 9776.17 9816.04 9853.73 9862.38 9873.45 9852.33 9845.6 9840.19 9836.08 9832.13 9822.92 9812.52 9824.09 9833.2 9843 9851.97 9836.75 9809.57 9822.13 9830.51 9836.02 9840.59 9844.24 9835.18 9826.17 9823.23 9821.42 9817.97 
9648.61 9669.61 9682.3 9701.15 9727.28 9746.71 9758.12 9770.62 9773.66 9760.06 9748.06 9746.15 9742.23 9746.23 9759.47 9766.4 9808.6 9825.78 9828.57 9823.51 9825.4 9836.33 9834.34 9830.62 9825.09 9816.64 9806.75 9797.42 9801.92 9807.75 9836.59 9848.07 9840.15 9830.87 9831.66 9837.08 9841.47 9839.53 9838.41 9836.18 9834.77 9819.01 9816 9818.84 
9653.5 9677.44 9703.77 9735.77 9733.17 9734.65 9736.04 9747.03 9743.81 9743.93 9740.95 9757.22 9749.36 9746.36 9740.42 9773.73 9817.1 9820.75 9816.28 9809.57 9814.29 9817.62 9819.87 9818.56 9814.63 9809.45 9801.98 9797.49 9800.27 9812.53 9816.36 9827.86 9843.32 9846.46 9844.48 9846.32 9850.68 9855.86 9849.98 9843.7 9817.96 9817.61 9814.75 9811.77 
9670.86 9694.21 9717.21 9726.41 9730.36 9733.77 9742.99 9738.47 9739.53 9735.7 9738.56 9751.83 9754.07 9756.2 9751.1 9782.05 9807.36 9812.1 9807.88 9805.83 9808.54 9807.38 9811.2 9811.23 9809.8 9808.01 9803.75 9801.3 9804.93 9814.07 9820.43 9838.86 9850.43 9851.13 9852.54 9853.18 9853.06 9853 9848.44 9827.32 9814.07 9816.74 9814.64 9813.23 
9677.57 9701.23 9716.2 9711.97 9724.99 9736.33 9731.26 9737.55 9733.23 9731.94 9732.23 9744.52 9750.2 9771.67 9783.35 9804.33 9818.09 9809.55 9801.83 9794.16 9792.51 9801.63 9810.16 9814.47 9815.85 9815.17 9811.65 9808.16 9810.97 9811.7 9818.26 9835.17 9852.55 9853.01 9854.95 9852.46 9850.64 9846.57 9852.24 9847.13 9830.21 9817.87 9821.97 9806.36 
9692.82 9710.56 9726.98 9729.09 9729.19 9728.46 9721.92 9734.59 9731.62 9731.96 9734.33 9748.09 9764.02 9782.88 9810.59 9825.13 9839.82 9810.93 9787.09 9785.06 9794.2 9811.66 9822.1 9827.08 9828.57 9826.3 9822.63 9815.01 9813.17 9820.92 9822.32 9833.05 9854.99 9854.61 9852.73 9852.66 9854.12 9859.17 9867.49 9892.74 9873.68 9866.77 9852.29 9852.42 
9707.81 9709.59 9716.15 9730 9733.22 9720.9 9725.13 9730.23 9732.26 9740.18 9746.69 9766.87 9804.6 9813.47 9830.07 9827.04 9831.95 9832.05 9828.25 9820.25 9831.04 9843.5 9832.51 9834.57 9832.35 9832.47 9832.4 9831.79 9837.29 9839.56 9841.29 9848.23 9860.17 9856.4 9850.72 9847.51 9850.35 9857.89 9863.81 9867.87 9862.05 9855.31 9855.4 9859.9 
9706.99 9704.95 9705.52 9738.13 9749.69 9734.05 9737.02 9733.53 9743.95 9755.78 9771.84 9799.39 9814.23 9828.39 9825.08 9835.63 9846.01 9878.31 9897.75 9893.56 9836.39 9781.31 9757.69 9765.79 9775.32 9794.86 9817.35 9852.73 9847.78 9856.01 9848.56 9863.05 9866.1 9853.43 9845.75 9841.1 9837.94 9841.53 9849.74 9854.49 9854.44 9850.2 9843.79 9833.97 
9702.61 9706.16 9711.07 9732.3 9762.14 9754.52 9756.34 9748.16 9760.69 9771.37 9783.17 9792.16 9798.72 9821.77 9845.33 9885.99 9879.46 9894.89 9974.52 9943.21 9748.84 9696.92 9714.3 9727.45 9748.38 9778.71 9812.94 9879.4 9869.63 9865.54 9855.16 9856.54 9848.99 9846.46 9840.51 9834.01 9827.14 9825.67 9835.99 9841.09 9839.95 9840.21 9843.74 9838.84 
9703.75 9715.47 9732.5 9756.74 9781.49 9760.6 9752.7 9751.83 9768.09 9779.9 9794.39 9808.08 9824.91 9823.93 9858.44 9927.95 9821.28 9650.61 9499.49 9414.87 9497.62 9557.5 9603.38 9619.52 9656.05 9706.32 9770.77 9839.63 9900.03 9905.51 9872.2 9858.91 9850.99 9842.04 9835.48 9829.3 9827.35 9825.08 9827.41 9831.84 9841.25 9837.19 9825.27 9817.36 
9702.34 9719.94 9745.86 9757.56 9742.95 9745.06 9764.49 9756.15 9771.16 9784.9 9798.21 9817.88 9836.76 9839.39 9869.45 9675.27 9551.45 9433.41 9362.7 9305.54 9353.69 9429.66 9484.53 9540.45 9603.54 9656.1 9729.86 9808.98 9945.41 10022.8 9903.28 9879.08 9865.65 9840.46 9833.04 9826.05 9820.37 9820.33 9820.41 9818.21 9810.43 9809.57 9803.63 9808.65 
9704.48 9715.33 9724.93 9727.15 9729.48 9746.07 9757.87 9756.19 9768.67 9782.77 9793.56 9807.7 9847.91 9842.65 9540.31 9281.44 9305.06 9355.12 9378.86 9345.15 9230.36 9278.36 9337.45 9401.68 9478.01 9553.19 9635.87 9706.82 9771.3 9836.53 9915.07 9933.16 9856.78 9838.85 9833.34 9826.24 9818.47 9812.51 9814.89 9810.27 9799.92 9802.92 9806.29 9813.77 
9706.43 9709.4 9708.46 9708.5 9729.7 9754.34 9765.18 9762.28 9772.08 9782.71 9796.66 9809.77 9823.59 9572.01 9187.57 9185.66 9185.49 9212.38 9178.56 9061.65 9093.45 9167.11 9214.56 9267.8 9320.44 9390.16 9470.85 9584.08 9656.86 9735.16 9815.32 9930.29 9966.87 9877.65 9858.08 9835.9 9815.04 9807.22 9815.19 9812.69 9810.75 9813.05 9812.3 9813.52 
9702.79 9702.43 9703.09 9708.97 9731.93 9766.66 9779.28 9773.64 9777.85 9801.7 9812.54 9840.36 9692.09 9260.68 9049.33 9089.21 9125.57 9132.54 9166.59 9108.74 9045.9 9085.52 9125.66 9179.9 9230.45 9273.16 9341.77 9452.55 9644.73 9834.61 9736.75 9833.58 10010.3 9954.44 9895.41 9849.54 9818.78 9800.55 9813.77 9817.39 9825 9838.89 9822.02 9812.22 
9698.22 9696.62 9697.04 9703.59 9717.09 9763.12 9772.3 9766.74 9782.05 9825.63 9832.45 9806.85 9538.33 9076.89 9067.07 9071.1 9116.34 9116.01 9106.89 9048.82 8983.66 8988.55 9006.18 9036.25 9072.95 9112.73 9163.36 9239.14 9391.45 9729.61 9681.57 9688.81 10023 10026.3 9942.25 9844.43 9800.71 9784.1 9792.29 9820.91 9840.18 9851.25 9838.24 9824.69 
9692.39 9695.45 9695.87 9692.59 9705.18 9755.99 9751.71 9748.89 9774.14 9851.66 9851.19 9637.57 9287.55 9022.26 9089.47 9073.29 9149.05 9206.81 9164.82 9077.18 8968.11 8955.93 8970.84 8987.69 8994.47 8998.35 9013.61 9047.99 9150.64 9528.57 9600.89 9655.77 10032.3 10069.7 9970.16 9833.5 9767.68 9764.62 9779.54 9803.73 9824.32 9839.75 9821.11 9830.77 
9686.22 9694.35 9700.89 9708.98 9718.44 9737.05 9732.03 9753.68 9808.8 9887.47 9879.11 9519.15 9156.08 9083.1 9039.47 9087.75 9149.53 9177.05 9152.95 9067.21 8963.01 8961.57 8953.34 8951.91 8936.3 8920.57 8913.11 8932.12 9062.57 9444.62 9557.44 9579.41 9929.71 10136.9 9979.49 9826.62 9761.99 9759.95 9771.77 9788.03 9800.33 9810.58 9813.35 9829.81 
9695.47 9694.63 9701.02 9712.3 9718.6 9739.61 9734.95 9761.89 9808.63 9909.48 9894.06 9473.71 9148.92 9093.86 9031.15 9073.69 9086.38 9077.8 9053.02 8999.29 8931.44 8987.52 8967.83 8938.88 8904.36 8863.26 8854.36 8870.08 9039.04 9448.16 9584.08 9534.13 9778.32 10025 9964.95 9837.29 9776.8 9766.44 9774.88 9777.86 9797.08 9822.36 9821.23 9830.9 
9685.76 9689.59 9694.36 9691.73 9711.17 9718.16 9727.76 9759.76 9806.01 9906.68 9875.43 9470.48 9203.27 9037.78 8971.14 8953.32 8946.35 8949.7 8960.12 8979 9057.81 9065.71 8985.38 8930.48 8888.01 8849.27 8832.99 8848.5 9005.71 9338.22 9562.91 9591.42 9702.48 9897.28 9911.45 9818.35 9784.64 9783.25 9791.84 9797.33 9810.14 9825.78 9826.43 9842.14 
9667.29 9679.6 9689.96 9702.36 9710.2 9702.3 9721.73 9743.93 9782.34 9896.17 9843.98 9470.72 9197.46 9002.78 8916.97 8852.35 8827.63 8848.66 8888.12 8963.32 9127.61 9084.01 8983.86 8937.46 8902.49 8868.37 8846.13 8853.07 8962.52 9171.25 9435.37 9669.97 9743.33 9801.56 9877.33 9781.92 9771.31 9785.88 9806.27 9839.09 9827.45 9826.61 9843.08 9847.66 
9672.92 9672.88 9676.76 9675.21 9656.13 9665.76 9685.64 9713.79 9744.04 9849.4 9789.59 9424.37 9159.39 9016.41 8955.5 8856.53 8818.19 8817.54 8839.7 8874.48 8904.94 8938.99 8934.26 8923.44 8914.8 8908.64 8895.12 8903.49 8974.3 9102.46 9349.75 9659.72 9761.86 9764.89 9869.94 9751.2 9754.79 9780.14 9809.81 9822.22 9826.73 9833.67 9846.23 9847.17 
9651.5 9641.68 9643.76 9629.11 9623.36 9647.71 9665.32 9688.06 9715.69 9788.02 9697.43 9341.38 9130.07 9119.96 9079.86 8932.07 8865.31 8833.26 8823.82 8813.55 8786.79 8819.77 8875.13 8913.33 8935.97 8938.18 8939.46 8968.98 9031.08 9124.38 9327.31 9620.44 9816.59 9823.65 9826.16 9736.22 9749.77 9775.74 9800.21 9815.47 9815.26 9824.08 9845.68 9846.63 
9599.46 9600.11 9610.93 9606.56 9628.55 9629.78 9654.01 9674.14 9700.46 9750.59 9687.67 9439.57 9185.17 9215.52 9213.21 9024.47 8935.95 8870.69 8848.48 8826.27 8796.16 8794.77 8863.45 8917.74 8966.36 8994.5 9008.01 9015.21 9100.68 9213.97 9356.74 9529.33 9580.26 9749.33 9760.7 9737.66 9755.89 9780.14 9800.45 9810.19 9810.21 9823.94 9842.94 9840.93 
9576.52 9583.23 9600.39 9611.45 9634.21 9617.17 9641.26 9665.76 9688.85 9727.51 9752.23 9688.55 9309.91 9177.95 9291.34 9254.9 9040.36 8940.38 8908.7 8886.77 8842.21 8819.14 8898.16 8978.51 9027.51 9063.38 9101.2 9160.15 9240.76 9364.09 9470.52 9582.92 9605.92 9758.79 9786.69 9772.8 9780.12 9794.89 9810.31 9816.86 9813.06 9821.98 9836.61 9836.59 
9580.51 9591.27 9599.98 9611.08 9620.02 9619.69 9639.99 9661.92 9681.48 9707.64 9767.66 9807.88 9480.46 9149.58 9168.7 9419.9 9278.77 9049.05 9016.89 9000.31 8989.18 8942.04 8989.4 9031.28 9096.77 9198.36 9278.05 9293.55 9378.31 9488.21 9659.4 9646.3 9854.5 9859.92 9796.94 9794.17 9797.5 9805.07 9816.92 9821.02 9820.02 9824.61 9828.01 9837.59 
9588.57 9614.14 9609.91 9614.74 9617.04 9617.33 9648.97 9660.88 9678.27 9699.48 9740.61 9770.67 9598.21 9344.89 9247.29 9309.74 9385.22 9226.3 9179.32 9146.58 9116.81 9093.58 9071.18 9113.94 9200.48 9313.48 9463.42 9618.51 9496.28 9443.58 9387.99 9603.38 9809.66 9852.7 9834.11 9812.51 9808.28 9810.28 9817.49 9821.83 9826.07 9828.27 9829.26 9835.16 
9579.05 9593.32 9612.78 9624.13 9628.01 9636.99 9642.99 9654.59 9670.05 9685.76 9715.28 9747.32 9744.55 9759.14 9472.48 9404.46 9497.71 9484.37 9366.7 9275.57 9194.9 9130.45 9101.48 9170.28 9282.94 9380.13 9504.13 9571.09 9573.07 9531.42 9612.64 9767.05 9798.32 9831.14 9857.69 9820.61 9813.17 9811.31 9815.68 9820.16 9829.22 9829.58 9831.19 9833.97 
9568.79 9571.6 9633.68 9629.77 9630.24 9633.47 9631.49 9644.77 9659.58 9670.67 9698 9726.98 9794.02 9890.33 9722.26 9425.43 9380.39 9578.49 9466.55 9366.6 9302.61 9134.11 9111.34 9237.33 9332.09 9413.04 9466.36 9559.93 9655.47 9776.13 9849.44 9847.01 9791 9802.34 9828.06 9809.87 9808.16 9806.06 9808.49 9812.95 9816.73 9821.12 9818.28 9830.08 
9590.27 9601.1 9597.18 9608.01 9611.15 9615.14 9622.6 9637.7 9655.42 9672.18 9686.95 9704.55 9749.59 9777.02 9836.03 9841.21 9496.75 9445.8 9505.84 9457.76 9358.7 9204.93 9242.2 9363.36 9448.79 9505.51 9491.54 9584.66 9733.26 9824.43 9857.84 9814.47 9786.36 9787.11 9812.49 9810.27 9805.37 9802.35 9801.49 9806.3 9810.62 9816.06 9820.92 9828.94 
9597.19 9600.77 9611.79 9606.27 9610.91 9610.19 9621.77 9634.24 9647.86 9665.03 9677.31 9687.23 9721.47 9746.03 9754.39 9794.62 9877.18 9707.5 9636.41 9577.22 9516.19 9524.26 9500.41 9514.9 9588.81 9700.01 9823.24 9815.31 9842.37 9894.63 9845.49 9772.82 9777.69 9788.84 9826.64 9806.45 9802.61 9800.91 9800.51 9806.91 9811.53 9813.63 9818.97 9833.66 
9597.77 9613.39 9612.52 9625.55 9624.1 9626.23 9627.2 9634.57 9643.69 9652.31 9661.39 9671.35 9686.27 9691.28 9711.68 9784.11 9906.15 9927.78 9777.93 9698.34 9663.94 9597.91 9574.7 9641.45 9714.96 9848.44 10041.2 9962.87 9884.56 9872.49 9820.43 9784.28 9780.33 9787.05 9791.27 9795.63 9799.04 9801.74 9805.58 9809.05 9812.7 9813.96 9820.12 9834.42 
9591.54 9603.1 9614.63 9625.59 9624.36 9631.73 9636.42 9641.33 9648.56 9650.73 9648.74 9659.52 9662.89 9670.89 9691.51 9718.38 9748.28 9801.34 9795.88 9773.53 9789.54 9861.64 9777.92 9739.73 9775.65 9832.55 9857.38 9883.21 9835.12 9776.11 9782.48 9780.48 9779.76 9785.4 9786.65 9794.24 9798.95 9800.55 9803.17 9807.19 9811.44 9813.81 9824.11 9833.72 
9588.95 9608.48 9622.65 9624.83 9621.51 9625.61 9633.95 9642.6 9648.54 9652.97 9656.49 9657.12 9657.17 9664.13 9673.13 9677.18 9674.49 9708.94 9746.5 9768.26 9785.47 9790.45 9759.64 9756.46 9771.57 9785.06 9789.93 9805.66 9795.66 9774.86 9775.09 9778.83 9777.61 9778.14 9792.69 9803.07 9802.33 9801.09 9802.82 9805.07 9808.11 9813.3 9827.3 9830 
9594.15 9609.49 9623.63 9623.23 9621.57 9624.15 9628.69 9632.64 9645.05 9652.71 9657.9 9655.49 9656.07 9660.05 9665.36 9668.04 9664.82 9678.2 9705.03 9728.31 9736.83 9723.95 9725.43 9747.03 9760.57 9767.77 9770.31 9777.97 9775.48 9771.26 9771.65 9772.67 9777.26 9786.63 9794.48 9805.99 9802.59 9799.8 9802.53 9807.44 9809.02 9810.58 9816.47 9822.44 
9600.97 9613.2 9619.2 9627.04 9623.87 9626.37 9629.78 9635.53 9645.53 9649.94 9650.55 9650.79 9650.16 9654.13 9659.96 9668.63 9670.75 9676.82 9686.24 9704.31 9715.4 9723.37 9733.16 9741.94 9753.05 9763.69 9768.25 9768.28 9767.78 9769.57 9770.56 9773.72 9777.25 9782.13 9787.96 9793.84 9795.68 9795.66 9801.93 9807.23 9808.01 9807.77 9813.02 9818.91 
9607.67 9613.43 9614.03 9631.2 9626.49 9628.89 9630.12 9628.08 9640.59 9647.04 9646.99 9647.04 9646.5 9654.34 9662.19 9671.44 9678.56 9677.77 9684.07 9697.1 9710.99 9724.99 9734.86 9742.52 9754.91 9766.68 9771.26 9769.14 9767.84 9769.85 9771.01 9772.53 9776.53 9779.39 9783.14 9791.03 9793.81 9802.93 9803.3 9811.53 9807.21 9804.9 9812.6 9817.24 
9610 9612.47 9621.53 9622.04 9625.75 9630.15 9632.8 9632.48 9639.63 9649.14 9650.81 9648.3 9647.36 9659.44 9668.81 9671.01 9682.37 9683.54 9685.9 9698.13 9712.51 9728.35 9739.57 9743.04 9753.74 9765.62 9770.84 9770.72 9770.78 9770.15 9770.57 9771.86 9774.94 9779.44 9783.2 9794.1 9792.5 9791.46 9799.67 9805.28 9803.41 9807.86 9817.02 9821.17 
9609.06 9610.99 9618.78 9617.44 9624.75 9630.57 9635.13 9639.51 9644.23 9649.32 9652.05 9652.18 9653.39 9665.52 9680.57 9679.2 9690.74 9687.12 9689.13 9698.21 9711.52 9725.52 9737 9739.13 9750.61 9762.02 9766.84 9768.28 9769.64 9769.26 9768.89 9770.99 9778.29 9781.66 9783.35 9784.66 9786.26 9788.71 9795.66 9800.48 9796.55 9797.44 9807.4 9816.23 
9608.64 9611.68 9614.08 9618.35 9623.14 9628.33 9636.96 9644.61 9642.57 9650.2 9651.45 9650.76 9657.04 9664.6 9666.07 9669.25 9684.24 9685.04 9688.97 9697.59 9708.91 9720.25 9728.85 9737.41 9746.47 9754.66 9760.74 9763.86 9767.56 9766.3 9765.23 9764.59 9761.67 9783.31 9803.73 9787.82 9783.24 9784.21 9788.34 9791.15 9787.28 9789.37 9798.21 9805.13 
9610.53 9612.94 9610.08 9610.34 9616.61 9621.73 9624.98 9631.29 9633.68 9638.3 9642.4 9650.64 9656.99 9664.26 9670.5 9671.81 9686.48 9685.81 9689.76 9696.97 9706.15 9715.25 9724.65 9739.8 9742.83 9741.07 9753.73 9758.28 9761.72 9761.05 9760.83 9760.68 9766.15 9780.16 9786.17 9782.43 9770.97 9773.93 9779.82 9782.5 9782.58 9790.33 9795.78 9802.79 
9609.91 9610.65 9608.22 9609.03 9612.93 9615.67 9616.93 9619.25 9620.27 9621.91 9628.77 9636.41 9645.59 9655.03 9665.01 9673.41 9683.85 9681.63 9685.48 9695.3 9704.02 9711.41 9717.71 9724.88 9741.37 9750.8 9750.1 9750.41 9751.88 9754.31 9755.67 9758.97 9765.38 9771.04 9772.61 9768.15 9762.87 9769.33 9777.8 9781.29 9781.86 9789.16 9799.83 9808 
