real_craters/C123-500m.grd
DSAA
150 150
-37.275 37.275
-37.275 37.275
8071.0212405272 9306.6508066836
[rows 60 to 89 of 150, columns 67 to 133 of 150]
8822.96 8784.91 8752.15 8723.47 8707.79 8686.12 8674.33 8680.52 8689.38 8663.81 8660.75 8676.8 8700.34 8730.03 8763.83 8799.92 8839.85 8889.69 8956.84 8970.04 8961.01 8958.89 9006.45 9049.5 9084.59 9113.19 9131.61 9130.12 9102.48 9072.92 9060.23 9055.08 9047.72 9038.9 9029.46 9022.79 9022.25 9026.3 9028.34 9031.64 9048.08 9070.19 9088.11 9081.03 9041.84 9033.67 9032.31 9030.49 9039.65 9040.47 9045.43 9052.11 9061.09 9067.48 9070.24 9070.21 9069.3 9068.09 9065.56 9062.76 9058.05 9051.06 9052.14 9056.48 9057.94 9053.77 9051.97
8718.68 8677.91 8649.93 8635.58 8611.71 8588.99 8571.58 8553.86 8557.58 8542.53 8563.13 8586.17 8617.29 8654.05 8693.51 8736.23 8783.03 8836.09 8893.59 8927.94 8946.06 8972.29 9003.59 9042.5 9082.19 9117.97 9148.78 9162.94 9116.44 9068.12 9054.1 9048.17 9044.3 9042.04 9041.67 9028.45 9026.47 9029.98 9032.57 9033.74 9049 9067.28 9080.84 9076.86 9042.4 9035.98 9036.7 9041.9 9044.47 9049.94 9049.63 9055.7 9064.01 9067.36 9070.61 9070.36 9068.47 9065.69 9062.82 9058.92 9053.29 9045.32 9047.15 9050.63 9053.22 9054.35 9054.12
8619.4 8591.19 8562.98 8534.94 8502.97 8474.92 8451.18 8414.41 8393.85 8415.61 8451.99 8492.98 8537.42 8581.65 8624.9 8670.64 8716.12 8764.2 8812.81 8863.39 8919.1 8967.98 8995.27 9031.02 9074.1 9116.72 9153.21 9175.47 9123.27 9065.56 9052.44 9044.3 9043.09 9041.02 9032.39 9025.66 9030.13 9037.37 9045.51 9051.85 9059.06 9070.34 9084.13 9072.92 9049.45 9040.95 9040.11 9043.14 9046.55 9046.76 9054.49 9059.8 9059.78 9070.62 9074.66 9072.27 9070.05 9066.35 9063.81 9060.21 9056.12 9053.59 9053.13 9052.83 9054.5 9056.37 9056.62
8511.26 8491.79 8466.18 8441.17 8409.92 8378.5 8349.15 8296.51 8267.43 8299.3 8350.26 8402 8452.63 8502.57 8554.42 8601.95 8646.47 8689.33 8725.16 8774.31 8862.42 8930.01 8962.94 9006.98 9055.66 9104.14 9142.39 9153.82 9118.36 9070.15 9061.27 9060.95 9050.25 9045.11 9036.67 9030.02 9033.6 9043.78 9058.18 9073.28 9067.49 9064.62 9066.8 9055.35 9048.38 9044.71 9044.44 9049.15 9057.5 9059.53 9068.05 9072.66 9076.25 9092.14 9079.1 9072.93 9068.98 9065.86 9063.37 9061.71 9060.46 9060.16 9058.85 9057.24 9059.44 9061.02 9061.23
8407.14 8387.91 8363.61 8343.52 8322.34 8303.09 8266.81 8229.3 8187.85 8220.56 8271.7 8328.17 8384.35 8437.71 8488.38 8536.23 8580.76 8623.36 8665.87 8720.3 8764.24 8831.84 8904.33 8969.2 9033.6 9092.27 9137.7 9156.98 9135.8 9086.83 9072.44 9066.7 9052.36 9042.81 9039.5 9032.49 9037.26 9045.21 9056.37 9069.75 9062.41 9053.57 9036.47 9040.15 9045.15 9048.85 9054.11 9061.99 9075.46 9090.59 9086.53 9085.05 9090.5 9077.72 9071.53 9067.97 9065.88 9064.39 9063.35 9063.28 9063.03 9063.51 9065.33 9068.37 9067.07 9067.25 9067.39
8307.95 8303.61 8292.1 8284 8267.73 8243.83 8211.64 8181.45 8152.17 8180.24 8221.4 8276.03 8331.26 8385.07 8437.47 8483.95 8526.2 8565.61 8604.17 8642.04 8696.39 8761.23 8843.36 8927.73 9008.11 9079.67 9138.49 9179.46 9171.98 9112.23 9081.62 9066.2 9048.26 9035.71 9031.14 9039.06 9041.9 9044.39 9045.27 9045.53 9054.01 9054.22 9055.88 9055.52 9054.3 9054.81 9059.5 9071.06 9082.5 9084.88 9093.22 9085.4 9071.35 9057.6 9061.54 9063.82 9063.92 9063.55 9063.27 9064.05 9065.61 9068.11 9071.26 9074.29 9073.43 9072.91 9073.54
8243.59 8243.02 8245.27 8240.42 8223.08 8202.02 8178.71 8152.35 8135.83 8154.75 8194.15 8247.19 8302.96 8356.08 8402.32 8446.12 8483.18 8516.84 8543.1 8558.21 8584.01 8681.09 8788.18 8888.15 8983.09 9069.79 9141.12 9189.76 9190.51 9130.22 9076.59 9052.98 9044.92 9037.74 9036.8 9042.69 9043.71 9045.18 9048.01 9050.52 9053.67 9056.74 9058.67 9063.52 9063.46 9063.29 9062.74 9080.61 9104.93 9125.69 9118.81 9091.28 9067.8 9060.15 9063.43 9064.27 9063.9 9063.49 9064.14 9065.63 9067.97 9071.41 9076.07 9077.48 9076.87 9075.46 9075.4
8202.11 8209.73 8211.62 8205.49 8196.53 8183.48 8164.94 8136.57 8111.05 8127.07 8181.17 8236.82 8290.21 8341.37 8381.02 8422.03 8457.7 8485.68 8511.23 8538.76 8572.62 8645.1 8747.41 8854.4 8959.01 9054.2 9137.72 9200.36 9217.97 9127.89 9067.26 9053.65 9052.13 9046.16 9042.75 9040.72 9042.33 9047.37 9051.14 9053.81 9056.17 9059.89 9063.32 9065.68 9069.61 9074.95 9084.48 9097.32 9122.39 9158.71 9140.05 9106.37 9084.4 9082.18 9072.48 9066.64 9064.63 9064.42 9064.55 9066.24 9068.45 9071.91 9073.78 9080.36 9077.64 9075.15 9074.63
8167.94 8170.84 8175.27 8177.86 8172.58 8166.56 8155.12 8145.82 8131.9 8155.99 8188.47 8232.9 8278.8 8324.79 8367.36 8403.96 8437.85 8467.49 8491.51 8525.31 8550 8620.63 8719.66 8828.59 8936.77 9036.23 9128.86 9199.67 9220.26 9135.72 9085.09 9080.47 9074.15 9068.05 9059.31 9051.14 9050.33 9055.62 9055.16 9057.4 9058.41 9058.98 9059.98 9063.35 9071.42 9081.31 9093.42 9101.66 9112.28 9113.98 9119.09 9111.45 9095.85 9079.57 9069.65 9064.43 9062.29 9061.96 9062.4 9064.36 9066.65 9070.26 9077.51 9079.55 9074.09 9071.08 9069.81
8138.27 8143.18 8153.11 8160.26 8161.25 8161.35 8159.67 8159.65 8158.97 8180.96 8209.86 8241.39 8282.58 8322.93 8361.25 8390.48 8422.08 8450.53 8474.56 8499.66 8516.02 8598.79 8703.74 8812.75 8920.95 9022.55 9116.6 9193.76 9224.65 9162.38 9116.56 9105.65 9097.62 9090.47 9078.84 9068.3 9066.2 9074.75 9078.65 9072.93 9063.17 9053.75 9054.18 9061.28 9071.65 9079.88 9087.45 9092.24 9097.28 9096.24 9094.58 9094.25 9083.51 9069.32 9061.04 9059.57 9058.91 9059.37 9060.1 9061.16 9062.7 9064.06 9063.47 9063.8 9065.11 9064.28 9062.68
8122.69 8130.44 8142.46 8150.58 8161.9 8169.55 8174.55 8180.76 8183.64 8199.9 8230.1 8258.23 8293.02 8326.81 8359.05 8386.31 8414.65 8440.66 8457.65 8469.34 8495.79 8591.51 8698.23 8806.75 8912.66 9011.4 9105.4 9187.06 9254 9186.53 9117.73 9111.57 9109.2 9107.01 9094.6 9086.15 9087.48 9096.62 9110.63 9091.64 9070.55 9051.85 9052.7 9066.12 9068.84 9073 9078.16 9075.41 9074.87 9074.02 9073.85 9063.92 9062.42 9057.9 9054.45 9056.39 9056.96 9057.15 9057.93 9058.32 9059.16 9059.47 9058.18 9054.94 9057.51 9058.45 9057.44
8111.32 8126.97 8139.67 8155.93 8168.57 8183.11 8195.24 8208.06 8213.2 8226.6 8258.94 8281.9 8308.66 8333.81 8357.82 8380.79 8406.56 8433.56 8459.03 8480.12 8511.76 8602.51 8697.49 8797.24 8898.79 8998.34 9086.36 9155.33 9189.58 9156.72 9123.18 9117.24 9116.28 9113.33 9103.33 9096.44 9095.05 9103.11 9111.52 9098.59 9079.47 9058.43 9057.04 9061.12 9058.62 9056.19 9056.88 9056.42 9049.37 9046.68 9051.58 9049.88 9051.86 9055.49 9058.98 9054.6 9054.54 9055.29 9056.1 9056.71 9056.98 9057.31 9055.7 9052.02 9054.81 9055.2 9054.31
8108.62 8127.71 8144.83 8166.26 8184.85 8206.38 8225.53 8245.67 8252.29 8275.43 8303 8323.7 8343.13 8358.68 8375.18 8392.17 8411.8 8435.93 8463.48 8516.77 8562.52 8621.5 8699.27 8789.2 8884.57 8978.54 9066.3 9134.68 9157.12 9140.8 9128.84 9121.31 9117.66 9112.18 9108.65 9102.11 9094.98 9099.61 9101.07 9098.88 9091.98 9085.25 9068.6 9051.43 9046.67 9045.01 9045.68 9048.31 9044.9 9044.52 9046.11 9053.25 9049.74 9050.34 9051.66 9052.28 9054.09 9056.06 9056.41 9056.52 9056.04 9055.4 9056.33 9059.19 9057.16 9056.23 9055.01
8108.69 8135.41 8155.97 8181.49 8204.41 8228.77 8256.76 8283.63 8307.34 8329.8 8355.51 8368.84 8376.59 8383.95 8391.07 8399.87 8411.35 8428.22 8453.79 8513.03 8570.7 8618.07 8687.12 8772.44 8863.55 8958.21 9051.48 9133.57 9201.11 9204.03 9132.02 9122.52 9125.83 9124.16 9116.1 9107.92 9101.52 9098.74 9100.45 9100.45 9099.43 9098.14 9095.27 9070.64 9057.2 9053.22 9052.28 9054.7 9051.29 9050.18 9046.03 9046.85 9048.92 9047.97 9047.03 9050.76 9055.01 9057.85 9058.39 9058.03 9056.79 9055.02 9054.7 9061.74 9058.59 9058.37 9060.87
8111.78 8141.62 8164.28 8192.88 8218.94 8247.25 8281.12 8314.99 8350.36 8390.77 8418.43 8408.68 8402.27 8403.35 8405.17 8407.56 8411.92 8413.8 8415.32 8438.26 8529.9 8590.97 8663.64 8748.59 8844.2 8940.01 9032.07 9122.16 9203.69 9216.47 9123.25 9119.11 9129.97 9130.98 9122.66 9114.36 9104.75 9099.83 9099.08 9102.78 9104.24 9103.42 9094.59 9090.23 9076.93 9066.6 9063.36 9068.36 9084.78 9067.16 9050.94 9051.03 9052.19 9050.8 9046.18 9053.9 9059.42 9061.6 9061.81 9059.62 9056.85 9054.8 9056.16 9056.56 9057.14 9058.67 9061.81
8119.83 8141.98 8166.69 8202.51 8233.58 8266.39 8298.24 8333.72 8369.71 8416.45 8434.86 8421.86 8417.25 8415.79 8418.11 8418.03 8415.57 8405.42 8385.27 8380.93 8460.26 8541.44 8626.05 8717.87 8817.05 8916.48 9009.99 9098.31 9162.89 9168.47 9126.93 9118.79 9128.79 9130.82 9125.66 9121.33 9119.36 9113.81 9107.34 9106.65 9107.45 9108.53 9107.71 9095.42 9079.61 9066.06 9065.79 9069.61 9075.66 9074.64 9073.11 9059.98 9061.53 9062.29 9062.25 9066.48 9070.05 9069.98 9066.65 9062.22 9057.4 9052.15 9049.93 9052.48 9054.24 9056.17 9058.28
8128.4 8153.26 8183.3 8213.07 8240.18 8271.97 8306.64 8339.03 8370.86 8380.81 8383.34 8412.46 8421.14 8423.73 8426.6 8429.11 8427.14 8414.4 8390.62 8382.7 8427.1 8503.14 8592.27 8694.01 8798.47 8901.73 9001.73 9080.04 9136.21 9155.2 9128.95 9116.04 9122.55 9125.41 9124.79 9123.69 9123.4 9119.53 9113.45 9109.58 9106.92 9106.49 9108.73 9104.1 9097.53 9073.93 9070.11 9065.29 9062.16 9069.39 9071.9 9070.7 9074.02 9079.81 9084.13 9088.7 9087.23 9080.56 9072.62 9065.18 9059.24 9056.89 9054.65 9055.03 9054.97 9053.9 9052.54
8140.33 8166.23 8192.73 8220.16 8250.56 8279.41 8306.55 8334.89 8363.77 8386.08 8416.64 8414.38 8417.96 8422.09 8429.69 8432.52 8440.57 8438.5 8434.15 8427.15 8437.33 8484.12 8576.8 8684.5 8795.67 8896 8987.29 9065.98 9119.99 9144.4 9124.29 9109.66 9114.66 9119.17 9120.99 9122.17 9123.69 9118.55 9111.94 9109.92 9107.66 9099.12 9097.24 9110.05 9114.34 9104.46 9083.46 9067.46 9059.39 9065.1 9069.67 9075.4 9083.6 9096.45 9114.39 9118.56 9103.42 9089.39 9077.27 9067.3 9058.96 9053.38 9053.55 9055.29 9054.59 9052.71 9053.31
8161.61 8182.74 8204.62 8225.35 8249.79 8274.47 8296.84 8320.42 8345.17 8367.94 8385.56 8392.67 8395.53 8398.85 8412.12 8425.38 8450.08 8475.24 8498.97 8487.8 8436.38 8451.78 8572.01 8695.48 8806.38 8899.84 8985 9056.81 9117.73 9144.4 9122.07 9110.43 9112.64 9115.33 9116.49 9115.98 9114.59 9110.44 9108.66 9109.32 9106.8 9093.6 9092.32 9116.53 9136.55 9120.9 9095.01 9073.73 9065.03 9065.77 9069.95 9074.73 9088.99 9105.6 9123.54 9126.87 9108.57 9092.33 9078.62 9067.19 9057.27 9048.21 9048.58 9051.36 9052.81 9052.06 9047.6
8185.66 8202.93 8217.11 8233.18 8253.92 8269.87 8293.16 8312.43 8326.46 8326.6 8340.21 8360.27 8366.19 8381.02 8397.85 8427.37 8463.13 8516.87 8577.92 8567.53 8490.9 8481.55 8621.23 8742.44 8838.94 8922.92 8994.22 9061.98 9118.7 9148.21 9123.55 9115.22 9113.14 9113.45 9112.73 9109.21 9105.57 9102.91 9103.26 9106.51 9110.24 9100.63 9101.13 9118.38 9133.55 9126.22 9101.42 9076.96 9068.57 9072.98 9075.64 9078.5 9095.19 9106.7 9113.22 9110.08 9101.53 9088.15 9076.03 9065.98 9057.39 9050.74 9049.96 9052.24 9054.69 9057.27 9059.13
8211.24 8228.26 8240.1 8256.99 8267.58 8281.44 8292.48 8296.02 8299.25 8291.72 8325.84 8326.25 8325.9 8348.75 8383.28 8421.38 8469.46 8528.25 8624.55 8647.03 8623.41 8644.99 8748.06 8825.64 8891.55 8954.1 9013.07 9068.35 9115.67 9140.34 9129.64 9121.4 9118.12 9113.82 9109.53 9104.68 9099.35 9094.66 9095.56 9097.36 9098.33 9096.93 9102.71 9116.54 9124.02 9119.03 9104.9 9091.25 9082.29 9086.18 9100.76 9108.72 9107.13 9105.4 9104.36 9106.3 9090.9 9081.03 9073.16 9065.33 9058.06 9054.21 9053.65 9055.82 9058.81 9064.24 9069.29
8253.28 8262.21 8277.64 8282.77 8289.12 8290.74 8286.27 8281.98 8270 8247.62 8232.86 8243.08 8279.78 8325.24 8375.37 8422.41 8463.34 8497.73 8527.81 8639.45 8769.1 8902.05 8911.27 8915.18 8939.82 8980.54 9030.4 9077.55 9115.73 9133.88 9135.3 9135.14 9125.49 9113.79 9106.19 9101.2 9097.44 9091.83 9088.66 9087.41 9086.08 9086.11 9096.84 9114.21 9131.4 9121.67 9105.33 9088.53 9083.83 9088.46 9109.24 9132.38 9110.97 9098.8 9087.46 9070.5 9073.3 9072.17 9069.15 9064.88 9059.84 9056.78 9058.46 9061.01 9063.27 9065.67 9067.93
8305.09 8311.14 8316.65 8316.24 8316.48 8308.91 8296.97 8277.36 8233.93 8208.03 8175.15 8182.04 8241.4 8308.88 8375.78 8433.27 8475.62 8495.14 8509.31 8654.76 8840.3 9041.05 8994.29 8963.11 8973.67 9004.46 9043.54 9082.19 9115.45 9129.23 9132.9 9127.86 9116.71 9106.97 9100.33 9095.68 9092.63 9087.31 9082.52 9079.82 9077.35 9075.99 9088.76 9106.81 9121.67 9119.88 9109.12 9085.25 9080.31 9074.3 9076.82 9086.97 9093.65 9086.77 9076.16 9065.33 9065.77 9066.99 9066.28 9064.59 9063.34 9064 9064.03 9066.26 9069.49 9068.53 9068.54
8347.34 8362.6 8361.17 8359.76 8348.69 8338.45 8317.9 8292.38 8254.49 8191.87 8156.85 8159.41 8227.97 8313.16 8394.61 8467.96 8526.72 8561.6 8592.6 8707.56 8826.86 8902.75 8935.93 8953.96 8977.3 9009.97 9045.38 9077.12 9105.66 9108.47 9104.61 9109.98 9098.59 9094.58 9091.52 9088.03 9084.45 9082.63 9079.04 9073.99 9070.65 9070.28 9080.43 9095.42 9111.05 9118.26 9117.93 9112.55 9084.84 9061.22 9055.06 9069.72 9075.46 9075.4 9072.24 9068.47 9069.01 9068.36 9067.81 9066.23 9064.82 9065.09 9068.22 9070.69 9071.56 9071.62 9071.93
8404.8 8410.38 8405.56 8403.24 8390.03 8368.5 8343.14 8312.07 8226.16 8197.14 8167.04 8166.09 8242.13 8332.39 8426.59 8516.19 8602.49 8681.95 8746.16 8788.17 8819.73 8822.15 8865.76 8932.74 8984.24 9018.69 9045.85 9067.23 9073.4 9077 9077.65 9080.91 9081.1 9082.27 9082.44 9080.47 9074.99 9070.24 9065.82 9067.53 9067.43 9067.25 9074.23 9082.58 9094.56 9109.76 9118.33 9110.16 9081.7 9055.75 9046.45 9050.11 9060.6 9066.55 9070.22 9075.99 9076.76 9072.3 9069.22 9066.72 9067.95 9069.82 9071.93 9075.71 9078.52 9076.45 9075.31
8489.27 8481.96 8472.61 8458.39 8440.6 8414.67 8387.75 8309.51 8270.63 8247.09 8222.5 8222.83 8293.03 8381.67 8475.64 8574.71 8689.9 8822.08 8901.42 8878.21 8855.27 8824.48 8857.93 8941.06 8996.94 9029.72 9052.91 9067.28 9069.37 9067.46 9067.63 9070.13 9070.52 9074.11 9075.85 9076.15 9075.16 9067.38 9063.84 9066.75 9069 9071.08 9070.44 9073.57 9084.46 9111.93 9117.25 9103.55 9074.76 9046.1 9039.3 9048.85 9055.24 9059.17 9064.97 9071.09 9073.95 9073.53 9071.06 9067.17 9061.04 9066.81 9075.28 9081.05 9084.97 9082.42 9080.37
8570.84 8560.14 8545.3 8526.32 8505.5 8481.96 8454.33 8427 8349.29 8323.73 8310.99 8296.98 8378.58 8452.39 8536.62 8628.78 8741.62 8881.94 8964.87 8937.23 8919.37 8902.1 8927.9 8995.17 9035.77 9056.37 9065.86 9071.02 9074.97 9070.94 9068.18 9070.05 9070.39 9069.91 9070.71 9072.41 9074.21 9066.19 9060.56 9060.93 9064.72 9066.09 9066.91 9071.57 9086.69 9110.42 9117.45 9101.08 9067.65 9037.13 9032.02 9039.77 9047 9050.48 9056.79 9064.73 9071.49 9072.73 9074.08 9073.48 9069.53 9074.54 9081.76 9086.14 9087.45 9087.3 9085.51
8661.16 8643.4 8632.49 8612.17 8590.8 8570.09 8542.69 8495.77 8455.86 8427.26 8424.8 8460.38 8480.19 8533.41 8598.71 8670.86 8745.57 8819.82 8893.66 8945.8 8982.89 9032.67 9086.55 9086.89 9083.25 9082.74 9080.15 9080.51 9085.23 9076.69 9073.08 9070.71 9064.97 9065.18 9065.9 9065.72 9064.48 9062.59 9057.46 9058.95 9059.47 9060.6 9062.36 9067.16 9082.14 9103.44 9111.6 9095.16 9059.85 9029.44 9023.21 9028.19 9033.99 9039.22 9046.68 9053.77 9058.06 9068.26 9077.88 9086.89 9091.3 9091.42 9090.99 9091.79 9093.48 9093.29 9088.73
8764.64 8743.57 8721.36 8698.95 8668.95 8646.27 8607.25 8584.78 8558.01 8533.22 8526.15 8531.25 8554.3 8610.94 8659.9 8705.36 8744.51 8775.04 8853.16 8944.58 9024.28 9112.86 9184.19 9151.56 9124.25 9107.97 9093.58 9083.48 9079.03 9077.85 9075.43 9070.22 9061.91 9060.45 9062.68 9063.41 9061.73 9062.59 9064.03 9059.37 9053.24 9053.19 9058.17 9068.17 9083.85 9102.83 9110.52 9089.4 9052.63 9022.1 9015.64 9015.06 9017.11 9029.48 9038.07 9044.33 9051.72 9064.23 9079.17 9097.1 9114.78 9103.95 9097.23 9094.31 9095.2 9099.43 9086.09
8854.1 8827.11 8793.34 8768.05 8744.13 8725.15 8692.76 8671.89 8648.95 8638.29 8627.69 8621.54 8643.99 8697.89 8729.66 8752.84 8767.61 8795.39 8863.91 8953.54 9038.91 9111.85 9152.31 9154.67 9139.48 9121.58 9103.95 9088.98 9078.69 9078.2 9077.4 9069.48 9058.34 9058.14 9062.04 9066.55 9067.18 9062.74 9058.69 9060.37 9050.74 9048.46 9053.03 9063.48 9081.83 9102.39 9112.8 9089.94 9050.34 9020.44 9015.91 9017.28 9021.94 9026.1 9032.6 9038.6 9045.18 9057.5 9072.66 9090.7 9104.2 9100.77 9095.07 9090 9085.19 9079.08 9074.24
