real_craters/C123-500m.grd
DSAA
150 150
-37.275 37.275
-37.275 37.275
8071.0212405272 9306.6508066836
[rows 60 to 89 of 150, columns 0 to 66 of 150]
8807.49 8797.5 8779.81 8780.72 8789.58 8784.82 8780.11 8778.68 8792.34 8815.17 8836.23 8852.64 8863.17 8869.21 8872.57 8878.04 8880.29 8876.05 8874.16 8880.84 8884.25 8883.32 8880.52 8875.32 8872.38 8869.66 8869.04 8868.26 8867.96 8867.78 8869.07 8873.63 8875.53 8883.91 8883.95 8880.58 8878.97 8879.66 8900.67 8933.42 8954.41 8958.1 8954.64 8951.11 8958.78 8969.33 8979.69 8991.82 9006.86 9019.06 9034.13 9048.54 9057.95 9055.89 9051.2 9060.96 9082.74 9110.95 9138.08 9142.54 9083.03 9019.37 8994.66 8993.3 9019.72 8956.42 8873.1
8802.51 8790.19 8779.74 8776.59 8776.36 8781.77 8780.37 8783.26 8799.91 8820.89 8842.26 8857.94 8869.99 8876.69 8873.58 8874.7 8886.85 8884.54 8877.24 8878.03 8882.87 8880.44 8872.47 8869.12 8869.57 8869.11 8868.16 8867.51 8868.29 8868.73 8869.56 8872.67 8874.35 8876.73 8881.15 8877.75 8873.43 8873.31 8896.83 8933.58 8960.03 8955.68 8948.61 8949.64 8960.45 8972.71 8984.16 8995.49 9008.15 9029.29 9048.81 9062.56 9070.56 9071.72 9068.16 9078.23 9099.08 9129.36 9157.85 9060.86 8924.3 8926.45 8916.24 8908.61 8914.75 8859.67 8779.19
8795.06 8786.55 8784.58 8783.64 8781.69 8795.32 8792.02 8786.34 8814.86 8831.02 8841.09 8863.38 8880.18 8892.51 8896.64 8895.16 8890.31 8890.36 8892.55 8892.5 8885.55 8879.46 8866.39 8867.86 8867.58 8867.9 8868.54 8868.64 8869.15 8869.62 8869.37 8869.27 8870.95 8870.98 8871.94 8874.71 8873.8 8876.56 8903.23 8939.51 8960.6 8947.45 8947.29 8956.76 8969.13 8979.78 8991.63 9001.83 9010.77 9043.88 9067.89 9084.42 9087.6 9089.54 9084.24 9086.94 9094.57 9103.7 9110.6 9010.48 8878.67 8874.49 8829.82 8781.72 8735.76 8698.36 8658.57
8782.99 8782.98 8793.8 8809.02 8819.13 8817.05 8814.27 8817.16 8830.09 8852.9 8868.28 8875.87 8889.91 8909.36 8931.02 8917.5 8898.21 8889.7 8882.86 8885.23 8885.53 8881.36 8874.55 8869.83 8867.69 8867.11 8867.26 8868.29 8868.94 8869.56 8870.82 8870.71 8872.81 8873.45 8874.81 8881.48 8884.6 8885.79 8913.99 8947.21 8963.81 8935.33 8940.84 8958.36 8975.4 8987.67 9003.13 9021.54 9047.2 9065.74 9089.15 9113.68 9125.19 9108.91 9092.58 9087.96 9077.86 9053.95 8990.41 8949.17 9012.05 8871.3 8745.5 8644.89 8559.01 8543.83 8526.77
8777.47 8789.2 8806.11 8821.52 8824.03 8812.32 8811.73 8825.07 8849.8 8861.46 8872.87 8877.69 8888.07 8906.2 8927.67 8912.22 8886.23 8868.6 8867.91 8877.86 8887.14 8885.57 8876.52 8870.63 8868.6 8868.75 8868.72 8869.64 8870.81 8872.38 8874.76 8878.72 8882.49 8884.7 8891.27 8900.31 8907.13 8916.44 8928.44 8946.27 8953.39 8935.72 8940.9 8957.9 8975.9 8994.18 9014.44 9035.79 9055.49 9081.18 9104.69 9122.46 9128.99 9119.79 9099.84 9088.5 9067.19 9032.53 8974.73 8939.9 8954.88 8795.2 8644.56 8521.72 8433.77 8419.48 8415.79
8771.06 8792.42 8813.27 8825.44 8819.37 8806.41 8814.86 8832.47 8849.86 8850.31 8851.22 8863.75 8873.11 8879.64 8883.72 8883.16 8871.41 8866.52 8871.7 8879.88 8893.02 8892.39 8875.66 8869.36 8870.1 8871.07 8872.04 8873.31 8874.15 8875.75 8878.84 8883.83 8892.02 8906.39 8922.22 8921.99 8926.85 8937.3 8936.13 8936.96 8934.52 8931.1 8945.25 8960.1 8977.29 8999.54 9024.4 9050.95 9074.47 9100.41 9117.91 9126.16 9133.8 9131.24 9114.7 9088.79 9058.67 9027.48 9005.25 8986.38 8780.36 8653.23 8533.66 8418.98 8341.58 8326.16 8317.97
8769.57 8800.38 8819.75 8830.93 8815.91 8799.78 8827.27 8841.05 8845.73 8845.57 8845.85 8853.66 8857.71 8855.87 8850.32 8861.03 8863.23 8863.67 8866.49 8877.33 8888.49 8888.73 8878.8 8873.17 8872.72 8873 8873.5 8874.46 8875.9 8877.8 8881.16 8885.63 8893.29 8911.55 8929.4 8934.45 8933.91 8934.37 8939 8940.93 8944.71 8954.57 8956.15 8964.65 8981.27 9002.6 9032.26 9065.9 9102.27 9119.17 9127.46 9147.95 9141.6 9135.6 9117.84 9080.74 9039.89 8999.45 8959.82 8877.5 8698.98 8552.65 8441.46 8343.35 8278.42 8256.09 8245.34
8807.89 8832.24 8822.31 8810.76 8808.54 8803.78 8829.84 8840.5 8846.05 8847.53 8846.65 8847.75 8849.4 8848.99 8849.41 8855.37 8862.56 8863.09 8862.35 8874.77 8884.93 8886.14 8881.93 8878.15 8877.28 8875.88 8875.25 8875.38 8877.6 8879.68 8882.44 8886.93 8891.74 8906.72 8939.33 8941.1 8940.89 8941.38 8943.82 8945.64 8951.1 8958.26 8961.13 8965.13 8974.5 9001.67 9038.17 9074.74 9103.1 9119.78 9123.29 9111.14 9127.4 9125.69 9105.43 9061.26 9008.05 8948.92 8879.79 8779.7 8617.4 8476.7 8373.62 8288.38 8232.95 8207.69 8201.87
8799.44 8817.37 8815.57 8811.58 8810.39 8811.18 8825.33 8836.93 8837.17 8840.39 8845.25 8846.34 8847.75 8848.93 8851.65 8855.19 8861.96 8867.18 8872.79 8874.33 8878.35 8883.2 8886.03 8888.96 8881.67 8878.91 8878.15 8878.09 8879.56 8880.88 8883.64 8888.13 8892.16 8891.07 8916.69 8937.5 8952.9 8954.71 8950.41 8950.02 8957.74 8962.74 8964.35 8967.7 8976.31 9004.51 9043.27 9084.04 9120.35 9142.09 9136.62 9113.05 9127.21 9126 9095.33 9041.6 8976.03 8897.77 8803.39 8685.47 8548.34 8422.89 8320.28 8234.8 8188.96 8167.81 8162.92
8764.75 8783.01 8802.26 8817.11 8816.39 8823.23 8831.91 8837.54 8835.93 8835.87 8846.8 8850.65 8849.86 8849.06 8851.77 8856.16 8857.99 8865.49 8870.6 8874.49 8876.53 8883.32 8885.1 8879.3 8882.81 8881.99 8881.19 8882.43 8883.71 8885 8885.18 8889.36 8895.49 8901.1 8910.22 8934.09 8950.88 8956.17 8954.45 8952.42 8960.25 8966.61 8968.91 8972.78 8982.79 9008.27 9047.63 9091.5 9137.27 9168.07 9161.92 9161.98 9144.25 9122.51 9085.26 9025.27 8947.36 8854.12 8744.52 8617.92 8494.31 8380.03 8280.75 8198.76 8157.14 8139.48 8135.31
8763 8769.48 8785.49 8800.56 8810.83 8826.88 8837.06 8842.95 8849.84 8849.6 8859.57 8861.39 8857.62 8852.52 8855.11 8861.7 8866.32 8864.07 8866.23 8878.62 8887.13 8889.9 8888.49 8888.15 8884.5 8884.21 8884.33 8885.65 8886.21 8886.53 8888.4 8890.61 8892.74 8901.5 8918.78 8941.19 8954.92 8959.64 8958.99 8958.68 8965.27 8971.57 8974.07 8978.77 8988.33 9012.71 9049.78 9090.6 9128.38 9148.34 9149.74 9150.72 9157.86 9119.07 9082.16 9007.99 8916.44 8815.2 8702.11 8580.28 8461.44 8350.62 8250.6 8175.19 8134.24 8116.75 8113.64
8763.34 8768.18 8771.53 8778.94 8795.54 8806.93 8823 8846.16 8876.69 8893.08 8886.01 8879.98 8871.87 8860.94 8866.46 8872.58 8871.29 8866.54 8866.37 8889.59 8904.7 8899.07 8892.55 8890.71 8885.28 8885.03 8885.47 8888.42 8889.17 8892.64 8895.63 8895.5 8890.47 8899.32 8944.42 8955.09 8961.42 8963.85 8963.89 8965.7 8973.95 8977.69 8978.32 8983.84 8995.97 9017.64 9048.16 9084.46 9119.35 9146.3 9135.47 9136.21 9174.05 9196.4 9092.61 8993.71 8890.51 8783.1 8668.31 8552.36 8437.19 8322.96 8220.41 8143.25 8111.94 8101.05 8102.02
8766.55 8776.4 8777.51 8779.95 8784.01 8787.87 8802.25 8841.68 8885.36 8926.82 8901.19 8890.89 8892.78 8898.35 8889.28 8885.36 8885.82 8878.55 8876.73 8899.97 8912.23 8901.74 8891.67 8882.85 8881.15 8885.6 8889.8 8894 8897.35 8904.17 8909.41 8910.28 8906.91 8911.86 8922.7 8942.34 8965.05 8966.77 8963.08 8964.69 8968.25 8975.29 8979.65 8985.88 8995.96 9012.88 9043.56 9075.71 9104.66 9128.09 9140.96 9142.38 9142.61 9121.34 9057.74 8964.04 8861.37 8751.25 8638.46 8522.99 8406.98 8289.7 8188.29 8118.87 8092.54 8089.23 8095.79
8768.49 8773.01 8777.31 8780.76 8783.5 8786.18 8801.04 8841.23 8868.83 8877.39 8882.14 8884.85 8892.96 8908.81 8896.14 8890.74 8896.9 8906.17 8917.18 8912.66 8905.28 8897.15 8888.24 8880.36 8880.46 8884.83 8891.12 8898.34 8906.01 8913.23 8920.62 8932.12 8949.69 8942.66 8915.39 8931.19 8975.34 8965.76 8952.56 8951.35 8962.4 8970.28 8978.03 8987.89 8999.14 9015.1 9042.51 9068.08 9088.38 9097.02 9110.4 9119.39 9101.94 9061.95 9012.26 8931.24 8832.92 8725.96 8612.71 8492.67 8369.24 8254.4 8157.83 8097.81 8077.74 8082.24 8092.38
8770.22 8774.66 8775.94 8782.4 8792.63 8806.51 8844.91 8858.58 8862.16 8858.92 8860.48 8869.51 8873.29 8875.27 8881.71 8882.75 8890.84 8913.48 8929.41 8916.18 8899.62 8889.71 8884.03 8880.4 8881.36 8885.42 8893.06 8901.95 8911.78 8920.9 8931.24 8943.06 8953.08 8952.52 8930.55 8940.23 8957.83 8958.38 8948.07 8945.19 8951.91 8964.32 8976.93 8990.84 9006.4 9027.64 9047.34 9069.29 9085.81 9093.52 9103.59 9112.5 9100.14 9052.6 8987.35 8904.91 8808.28 8703.06 8591.67 8475.62 8360.59 8242.46 8138.53 8082.61 8071.02 8080.17 8095.84
8770.79 8776.36 8778.72 8785.03 8801.69 8838.75 8861.15 8867.11 8858.31 8848.44 8851.35 8863.09 8862.53 8862.59 8871.51 8881.5 8888.34 8900.73 8922.08 8891.72 8878.67 8880.88 8879.66 8876.3 8878.13 8885.52 8894.65 8903.96 8913.85 8921.83 8932.04 8943.41 8951.53 8936.6 8916.96 8924.22 8950.98 8951.39 8950.24 8945.99 8949.01 8961.92 8976.35 8992.56 9011.02 9029.97 9052.75 9073.76 9095.35 9115.22 9153.44 9123.85 9099.55 9045.6 8967.86 8881.01 8786.22 8681.75 8575 8467.97 8362.47 8241.88 8141.29 8090.98 8077.08 8085.08 8098.03
8770.61 8773.87 8775.75 8783.77 8793.79 8813.58 8847 8864.33 8876.83 8875.68 8880.38 8874.14 8867.71 8864.94 8868 8865.62 8873.81 8890.8 8915.97 8894.98 8879.32 8880.52 8880.47 8875.24 8872.96 8887.62 8901.08 8908.81 8915.4 8922.45 8928.77 8936.18 8943.2 8901.91 8897.58 8901.78 8924.98 8942.74 8949.85 8946.16 8948.82 8960.28 8975.2 8991.04 9011 9035.66 9056.42 9081.09 9104.81 9120.43 9134.83 9106.14 9069.98 9016.79 8947.68 8863.47 8768.36 8667.83 8562.04 8456.38 8354.1 8238.67 8149.53 8106.03 8089.49 8097.3 8110.27
8772.41 8774.55 8778.2 8785.39 8792.06 8798.81 8827.65 8844.37 8857.22 8876 8888.28 8885.09 8884.92 8880.92 8875.35 8868.21 8865.41 8872.59 8881.56 8891.32 8886.9 8886.36 8889.53 8888.94 8886.31 8905.11 8913.71 8917.85 8919.56 8919.75 8920.7 8917.88 8910.42 8890.42 8894.71 8905.48 8921.35 8936.94 8950.28 8943.48 8946.73 8957.78 8970.59 8985.61 9003.66 9027.42 9051.23 9083.26 9115.36 9136.14 9131.75 9104.14 9056.74 9001.61 8933.62 8849.78 8754.89 8651.72 8546.38 8439.81 8332.1 8220.22 8135.93 8107.55 8099.01 8106.47 8120.36
8773.64 8776.24 8781.37 8791.85 8806 8815.84 8826.6 8836.07 8840.69 8856.62 8866.45 8881.52 8900.3 8893.49 8883.65 8882.67 8872.69 8871.22 8872.95 8878.26 8885.48 8891.76 8901.77 8917.06 8937.56 8934.45 8928.55 8923.35 8919.03 8914.73 8909.83 8901.35 8887.47 8888.49 8905.65 8929.54 8930.34 8932.37 8935.54 8944.38 8949.73 8957.67 8968.32 8980.85 8995.54 9011.85 9038.35 9079.61 9124.51 9166.01 9133.92 9114.44 9077.77 9006.5 8934.04 8848.66 8755.03 8652.31 8545.38 8432.99 8317.24 8210.04 8134.47 8115.31 8116.49 8124.75 8144.8
8774.85 8778.14 8785.34 8797 8812.44 8824.39 8832.01 8842.45 8844.59 8851.16 8857.86 8869.65 8873.36 8878.36 8876.3 8875.82 8874.62 8874.72 8878.17 8877.84 8883.93 8894.1 8909.76 8931.27 8957.69 8950.24 8935.17 8924.89 8917.63 8911.01 8906.02 8901.58 8902.3 8907.2 8915.49 8922.96 8927.63 8928.81 8932.36 8942.34 8948.21 8955.07 8965.18 8975.46 8989.16 9003.72 9028.68 9070.26 9117.46 9171.46 9202.27 9147.23 9071.99 9013.81 8941.71 8855.56 8760.99 8661 8552.98 8442.09 8328.77 8231.97 8165.4 8141.77 8144.88 8155.39 8170.31
8775.09 8777.56 8785.09 8800.3 8810.69 8820.77 8830.21 8835.28 8842.48 8851.46 8861.84 8864.33 8866.25 8866.6 8866.16 8865.49 8873.37 8878.6 8877.03 8876.72 8881.24 8892.28 8907.88 8924.89 8940.83 8938.09 8930.83 8924.42 8917.28 8910.32 8903.89 8899.54 8900.96 8909.39 8915.31 8915.88 8923.98 8927.28 8930.07 8936.11 8945.44 8951.47 8959.38 8969.99 8982.41 9001.38 9028.43 9059.54 9093.83 9124.89 9193.51 9175.56 9100.64 9034.67 8956.98 8871.56 8774.58 8675.32 8573.2 8469.28 8370.48 8284.74 8207.15 8177.69 8176.62 8185.67 8199
8776.79 8780.87 8797.58 8806.73 8816.2 8823.51 8829.74 8833.24 8840.04 8851.49 8859.72 8861.57 8860.2 8863.2 8868.08 8876.5 8890.79 8885.39 8884.41 8866.62 8874.66 8888.8 8902.42 8912.33 8911.52 8915.1 8921.08 8919.29 8915.41 8909.41 8902.92 8898.72 8901.27 8908.9 8917.3 8924.48 8926.82 8926.65 8927.79 8932.96 8942.76 8948.88 8955.11 8963.74 8976.57 8994.73 9018.59 9046.44 9076.96 9110.74 9194.71 9196.05 9131.18 9062.72 8980.62 8889.09 8796.77 8693.93 8598.44 8505.37 8422.79 8349.66 8256.47 8222.62 8220.59 8228.38 8235.86
8778.82 8787 8802.4 8809.52 8815.87 8826.1 8833.26 8837.97 8845.12 8854.45 8859.23 8859.65 8858.6 8861.16 8863.44 8867.33 8871.8 8880.51 8882.31 8869.93 8875.37 8886.43 8897.51 8905.97 8912.85 8919.03 8918.29 8916.82 8914.04 8909.39 8903.34 8896.76 8900.13 8909.44 8919.21 8925.2 8927.23 8926.8 8928.85 8934.79 8941.38 8946.85 8952.42 8957.34 8966.87 8982.06 9005.61 9030.6 9069.59 9113.42 9189.87 9216.94 9170.91 9092.44 9004.94 8916.05 8827.17 8726.52 8633.46 8544.04 8465.82 8399.23 8319.36 8284.22 8273.85 8280.71 8288.5
8779.97 8784.76 8797.58 8810.3 8821.13 8829.53 8838.33 8847.49 8854.86 8861.82 8865.2 8860.35 8856.39 8862.88 8864.16 8863.79 8864.34 8875.84 8881.33 8882.66 8882.47 8886.21 8893.25 8902.23 8913.09 8919.86 8917.32 8915.16 8914.3 8913.51 8910.1 8901.39 8904.02 8910.48 8915.5 8920.28 8923.67 8921.83 8927.11 8933.15 8939.89 8942.85 8946.94 8952.4 8958.55 8967.18 8973.95 9012.06 9063.39 9120.77 9150.73 9210.33 9189.89 9105.04 9024.77 8944.28 8863.67 8780.33 8691.74 8601.19 8503.78 8414.98 8364.54 8337.04 8327.58 8332.65 8338.49
8783.47 8790.6 8802.35 8813.29 8822.99 8830.89 8841.55 8856.02 8865.7 8869.17 8872.32 8866.41 8857.49 8870.67 8889.24 8881.86 8876.32 8878.52 8882.78 8884.12 8882.84 8883.76 8888.82 8895.3 8902.92 8908.82 8908.46 8912.59 8916.48 8919.96 8923.58 8924.3 8918.1 8912.12 8908.01 8910.29 8914.81 8918.84 8929.03 8939.7 8937.68 8938.61 8942.03 8946.89 8953.05 8961.6 8976.64 9003.29 9039.21 9074.61 9090.61 9117.24 9129.49 9085.97 9023.88 8959.02 8891.93 8825.2 8753.22 8667.48 8569.67 8461.36 8403.55 8378.49 8389.2 8396.91 8402.83
8787.59 8796 8807.77 8813.29 8819.07 8827.96 8838.84 8854.17 8871.16 8870.8 8870.23 8865.39 8863.47 8874.72 8891.19 8896 8890.99 8882.32 8871 8873.18 8875.39 8878.81 8884.64 8888.92 8888.09 8879.46 8898.28 8909.71 8916.71 8923.54 8933.84 8943.7 8926.39 8911.35 8901.51 8897.97 8894.81 8909.57 8929.02 8930.75 8929.09 8931.25 8935.44 8941.45 8947.6 8957.42 8971.51 8989.12 9006.68 9020.75 9031.25 9042.57 9064.72 9052.47 9020.62 8971.32 8923.45 8871.3 8815.85 8751.89 8668.78 8566.76 8511.35 8471.26 8475.02 8483.12 8484.68
8791.91 8798.75 8803.82 8808.64 8813.54 8826.04 8835.72 8845.82 8862.06 8867.39 8865.15 8857.6 8866.56 8879.79 8885.63 8925.29 8912.54 8886.15 8870.21 8865.09 8867.83 8875.02 8881.97 8887.68 8891.37 8897.7 8905.06 8911.91 8916.15 8919.21 8923.21 8930.75 8917.39 8904.44 8893.99 8889.84 8886.08 8887.66 8897.68 8903.62 8914.67 8921.27 8928.09 8934.57 8942.96 8952.57 8964.55 8976.36 8983.7 8991.24 8999.07 9015.5 9031.88 9031.25 9009.78 8980.86 8946.28 8914.9 8879.95 8850.38 8818.76 8750.69 8682.27 8620.18 8591.59 8584.58 8574.72
8795.26 8800.96 8807.38 8813.22 8821.8 8826.56 8835.48 8852.03 8863.5 8866.55 8868.36 8869.27 8874.71 8890.87 8917.37 8909.13 8901.52 8883.94 8867.97 8864.75 8866.69 8874.19 8881.66 8889.54 8900.18 8911.85 8915.89 8914.65 8913.95 8911.94 8901.74 8890.79 8901.04 8896.41 8888.48 8883.26 8885.12 8885.71 8884.54 8892.21 8905.23 8915.73 8924.58 8929.81 8938.03 8946.78 8955.86 8963.27 8967.89 8974.78 8982.56 9001.27 9016.68 9016.36 9006.84 8988.16 8971.37 8953.32 8936.46 8937.17 8959.71 8974.42 8845.01 8742.69 8708.68 8692.52 8674.94
8798.75 8804.32 8810.44 8816.76 8822.98 8828.28 8829.73 8840.61 8852.61 8872.68 8868.47 8864.33 8869.02 8873.96 8875.92 8869.62 8879.28 8880.64 8877.5 8871.04 8870.8 8876.37 8883.11 8891.64 8902.87 8918.41 8919.57 8912.81 8909.64 8910.12 8912.26 8905.58 8899.55 8892.6 8881.53 8885.04 8892.17 8894.31 8883.99 8892.76 8903.4 8913.41 8922.76 8930.14 8936.76 8942.51 8948.73 8951.08 8954.88 8967.28 8979.73 8999.21 9008.29 9007.87 9004.57 8996.56 8992.69 8983.97 8977.95 8977.37 8987.21 8988.25 8920.57 8853.99 8826.79 8803.61 8784.41
8797.77 8804.11 8811.78 8821.15 8825.89 8835.22 8845.72 8864.25 8898.96 8888.92 8868.49 8853.27 8859.32 8862.77 8862.25 8861.71 8867.52 8872.41 8874.04 8874.38 8878.03 8876.96 8880.16 8887.12 8895.55 8904.62 8905.83 8901.12 8899.3 8901.78 8916.09 8915.82 8898.71 8896.42 8900.7 8892.94 8888.52 8897.24 8898.67 8898.84 8905.9 8912.23 8919.48 8927.16 8933.34 8939.99 8944.69 8951.55 8962.49 8978.81 8993.64 8996.16 9001.35 9003.69 9004.84 9001.62 9000.47 9005.44 9003.35 8999.02 8971.82 8953.55 8966.52 8973.05 8956.9 8920.67 8885.05
