real_craters/C123-750m.grd
DSAA
100 100
-37.275 37.275
-37.275 37.275
8077.3729532253 9297.5553052227
[rows 0 to 37 of 100, columns 0 to 83 of 100]
8821 8836 8847 8855 8871 8900 8923 8913 8919 8916 8919 8926 8930 8931 8932 8932 8933 8930 8931 8932 8932 8933 8932 8933 8933 8935 8936 8937 8939 8942 8945 8948 8951 8953 8954 8957 8958 8961 8965 8970 8977 8984 8988 8986 8986 8990 8998 9014 9035 9023 9019 9020 9021 9015 9011 9009 9005 8999 8992 9005 9020 9031 9041 9044 9044 9045 9044 9044 9046 9049 9051 9054 9053 9056 9052 9039 9023 9021 9024 9026 9028 9031 9043 9058
8841 8848 8861 8865 8880 8910 8925 8912 8922 8920 8922 8925 8926 8930 8932 8934 8932 8931 8932 8932 8932 8932 8932 8932 8933 8935 8936 8937 8938 8941 8946 8949 8952 8951 8954 8954 8956 8959 8963 8969 8980 8994 8991 8983 8979 8980 8990 9002 9010 9015 9016 9021 9019 9011 9008 9005 9003 8997 9006 9015 9023 9031 9038 9042 9044 9044 9044 9044 9045 9047 9049 9051 9049 9051 9053 9035 9021 9017 9019 9021 9026 9028 9037 9048
8850 8864 8888 8906 8954 8952 8937 8935 8923 8924 8925 8926 8930 8930 8932 8932 8931 8931 8933 8932 8932 8932 8931 8932 8932 8934 8937 8939 8939 8940 8942 8946 8948 8949 8950 8951 8955 8958 8960 8963 8970 8983 8981 8976 8972 8973 8983 8991 9000 9004 9004 8999 8994 9001 9004 9006 9007 9012 9016 9020 9027 9032 9037 9038 9040 9042 9043 9044 9046 9046 9046 9046 9045 9041 9028 9026 9021 9012 9009 9017 9027 9030 9038 9047
8852 8859 8858 8896 8832 8875 8929 8955 8948 8931 8924 8927 8929 8930 8931 8931 8931 8930 8932 8931 8931 8931 8930 8931 8931 8933 8936 8937 8939 8941 8943 8944 8946 8948 8949 8950 8953 8957 8959 8960 8961 8961 8966 8966 8966 8969 8979 8986 8993 8999 8999 8993 8988 8997 9004 9007 9011 9017 9021 9026 9031 9035 9037 9039 9041 9042 9043 9045 9045 9044 9044 9042 9042 9030 9020 9017 9014 9007 9007 9014 9023 9029 9039 9047
8868 8863 8747 8629 8604 8627 8740 8874 8935 8931 8927 8927 8929 8930 8931 8930 8928 8929 8930 8930 8930 8930 8930 8930 8931 8933 8936 8938 8939 8941 8943 8944 8946 8947 8948 8951 8954 8957 8961 8958 8958 8957 8956 8957 8960 8978 8976 8988 8996 9000 9001 9000 8996 9005 9006 9008 9013 9019 9027 9033 9036 9037 9039 9039 9040 9040 9041 9042 9040 9039 9036 9028 9018 9013 9008 9004 9003 9001 9005 9012 9020 9031 9041 9050
8916 8886 8614 8416 8359 8401 8522 8692 8841 8935 8927 8926 8929 8931 8931 8930 8929 8931 8929 8930 8930 8930 8930 8931 8932 8934 8936 8938 8939 8940 8941 8942 8944 8946 8945 8947 8952 8956 8963 8981 8964 8953 8949 8947 8945 8934 8967 8993 9002 9003 9002 9007 9025 9009 9005 9007 9013 9020 9029 9037 9038 9039 9040 9040 9040 9040 9040 9038 9034 9028 9024 9008 8995 8999 8999 8996 8996 8997 9001 9007 9015 9029 9042 9052
8919 8796 8467 8274 8303 8371 8372 8523 8773 8971 8936 8925 8930 8931 8932 8931 8930 8931 8929 8929 8929 8929 8930 8930 8931 8933 8936 8938 8939 8939 8940 8941 8943 8944 8944 8948 8950 8950 8949 8945 8945 8942 8938 8937 8939 8951 8973 9004 9007 9004 9002 8997 8986 8990 8998 9005 9012 9020 9027 9035 9039 9040 9040 9039 9039 9038 9037 9035 9028 9013 8997 8996 8997 8995 8994 8995 8993 8995 8999 9003 9010 9027 9039 9048
8882 8706 8380 8236 8325 8433 8361 8449 8734 8939 8932 8925 8928 8931 8933 8931 8929 8929 8929 8928 8928 8928 8929 8930 8931 8933 8936 8938 8938 8939 8940 8940 8942 8944 8946 8948 8949 8944 8935 8926 8920 8922 8927 8930 8935 8948 8971 8988 9004 9003 8998 8989 8977 8984 8994 9003 9011 9019 9027 9033 9038 9039 9040 9040 9038 9037 9035 9031 9025 9016 9006 8999 8995 8993 8989 8986 8989 8988 8995 9001 9009 9023 9032 9046
8877 8743 8429 8260 8309 8394 8399 8516 8762 8930 8924 8914 8921 8929 8935 8930 8926 8926 8925 8926 8927 8928 8929 8931 8933 8935 8936 8937 8938 8937 8942 8949 8945 8946 8948 8951 8950 8944 8934 8921 8919 8918 8921 8925 8931 8939 8963 9002 8999 8997 8994 8989 8988 8990 8994 9002 9010 9016 9022 9037 9036 9034 9036 9037 9036 9034 9032 9028 9023 9019 9015 9011 9001 8993 8986 8985 8989 8991 8993 9000 9011 9024 9034 9045
8918 8949 8616 8402 8367 8374 8521 8686 8844 8931 8915 8903 8914 8926 8936 8928 8925 8923 8923 8924 8925 8927 8929 8931 8934 8936 8938 8938 8939 8940 8939 8943 8944 8945 8948 8951 8951 8947 8944 8936 8922 8918 8920 8924 8928 8932 8944 8966 8984 8989 8989 8986 8978 8977 8992 9002 9008 9013 9019 9016 9017 9024 9030 9034 9034 9032 9029 9026 9022 9016 9014 9017 9002 8992 8986 8986 8989 8991 8995 8999 9009 9028 9038 9047
8926 9033 8930 8712 8615 8609 8735 8857 8916 8930 8905 8896 8909 8921 8926 8924 8923 8920 8920 8921 8923 8925 8928 8930 8934 8936 8938 8939 8940 8938 8930 8924 8928 8938 8949 8953 8954 8948 8944 8934 8921 8918 8921 8926 8932 8943 8955 8961 8974 8982 8986 8988 8984 8986 9000 9004 9006 9008 9008 9007 9009 9014 9020 9030 9033 9025 9023 9023 9018 9013 9011 8997 8994 8987 8983 8985 8990 8995 8996 9001 9013 9035 9044 9049
8882 8896 8980 9080 8928 8855 8905 8966 8918 8893 8899 8907 8913 8919 8921 8918 8919 8919 8918 8919 8921 8922 8925 8927 8932 8935 8934 8935 8939 8939 8933 8918 8914 8931 8951 8963 8944 8940 8945 8936 8922 8919 8923 8927 8935 8948 8967 8971 8968 8974 8981 8992 9009 9032 9015 9005 9002 9002 9003 9005 9006 9005 9002 9006 9005 9007 9012 9022 9037 9057 9023 9006 8989 8975 8973 8978 8986 8993 8998 9006 9020 9037 9047 9053
8868 8871 8895 8922 8948 8939 8930 8911 8881 8884 8898 8911 8914 8919 8918 8914 8916 8915 8917 8918 8919 8920 8921 8923 8926 8937 8937 8939 8940 8942 8938 8908 8905 8924 8947 8963 8927 8920 8921 8921 8917 8920 8925 8930 8937 8941 8929 8948 8958 8965 8975 8986 9004 9016 9005 8998 8997 8998 8999 9001 9004 9002 8990 8984 8976 8990 9002 9016 9029 9019 9011 9001 8987 8973 8976 8979 8989 8998 9003 9008 9022 9039 9046 9042
8866 8863 8871 8884 8895 8891 8894 8883 8870 8883 8907 8915 8914 8910 8910 8911 8913 8915 8916 8918 8918 8919 8918 8918 8916 8914 8939 8943 8941 8950 8960 8923 8908 8918 8932 8938 8913 8906 8899 8908 8914 8920 8925 8932 8937 8941 8945 8943 8952 8961 8968 8974 8977 8970 8976 8982 8988 8993 8996 9000 9000 9010 9018 8990 8972 8979 8993 9006 9003 8984 8991 8991 8987 8985 8978 8983 8994 8998 9008 9021 9030 9038 9041 9041
8860 8862 8864 8868 8878 8883 8887 8881 8880 8890 8909 8917 8914 8910 8908 8910 8912 8913 8917 8918 8918 8917 8916 8915 8912 8910 8918 8930 8935 8956 8973 8928 8913 8913 8916 8914 8911 8906 8905 8912 8918 8920 8925 8931 8935 8941 8947 8941 8948 8953 8956 8957 8954 8945 8954 8968 8978 8986 8992 8995 8993 9005 9018 8992 8972 8977 8991 9007 9024 9028 9000 8986 8994 8992 8979 8986 8996 9007 9017 9028 9035 9040 9040 9043
8867 8858 8851 8852 8860 8870 8880 8877 8870 8891 8906 8913 8913 8907 8906 8908 8911 8914 8916 8917 8917 8916 8915 8914 8913 8915 8921 8924 8926 8950 8975 8922 8912 8908 8908 8901 8896 8897 8900 8909 8916 8921 8925 8929 8932 8934 8931 8943 8946 8947 8949 8950 8947 8944 8951 8962 8972 8980 8987 8992 8987 8986 8990 8984 8969 8977 8989 9001 9017 9027 9032 9020 9005 8993 8991 8994 9000 9013 9033 9036 9042 9045 9042 9045
8816 8846 8850 8852 8861 8869 8869 8874 8879 8889 8893 8910 8910 8905 8905 8908 8912 8915 8917 8918 8917 8916 8914 8913 8914 8917 8921 8923 8925 8933 8941 8916 8908 8906 8906 8904 8895 8889 8896 8904 8911 8917 8921 8924 8928 8935 8955 8958 8943 8941 8943 8945 8947 8950 8956 8961 8968 8974 8980 8985 8969 8971 8980 8983 8991 8990 8990 8997 9003 9011 9052 9042 9011 8995 8990 9007 9024 9063 9066 9069 9053 9043 9045 9050
8834 8859 8847 8859 8876 8878 8881 8876 8876 8888 8896 8899 8900 8902 8905 8907 8912 8917 8920 8918 8918 8917 8917 8917 8917 8918 8919 8921 8922 8922 8917 8907 8906 8905 8905 8905 8898 8886 8894 8902 8907 8912 8918 8922 8925 8924 8919 8918 8930 8933 8937 8942 8948 8956 8963 8962 8965 8969 8972 8972 8970 8971 8974 8978 8979 8982 8990 8997 9005 9009 8999 9007 9001 8986 8986 9028 9068 9072 9075 9076 9057 9047 9052 9052
8838 8848 8865 8869 8875 8878 8878 8879 8886 8893 8897 8898 8899 8904 8910 8911 8914 8918 8921 8919 8918 8918 8919 8922 8922 8919 8917 8919 8920 8919 8918 8917 8907 8904 8903 8903 8902 8891 8888 8893 8903 8909 8914 8919 8922 8921 8916 8915 8921 8928 8935 8941 8947 8955 8960 8960 8963 8965 8965 8964 8964 8967 8971 8973 8974 8977 8983 8991 8997 8979 8981 8990 8994 8991 9007 9034 9049 9055 9074 9072 9056 9048 9053 9054
8849 8863 8871 8872 8878 8878 8879 8881 8891 8895 8894 8895 8896 8912 8942 8931 8919 8917 8918 8915 8915 8919 8923 8928 8927 8919 8916 8917 8919 8919 8910 8901 8903 8902 8900 8899 8900 8920 8896 8896 8901 8907 8913 8918 8924 8930 8924 8919 8918 8925 8933 8941 8947 8953 8957 8960 8962 8963 8962 8961 8963 8967 8971 8972 8972 8973 8977 8979 8972 8967 8978 8985 8995 9014 9024 9028 9031 9048 9077 9079 9055 9050 9055 9054
8860 8864 8866 8873 8873 8877 8879 8883 8886 8889 8892 8893 8896 8918 8959 8931 8919 8912 8905 8903 8907 8915 8923 8931 8938 8937 8915 8903 8913 8914 8904 8894 8898 8899 8899 8897 8900 8905 8899 8895 8902 8908 8914 8919 8924 8928 8924 8907 8917 8925 8933 8940 8949 8956 8963 8963 8963 8963 8963 8962 8967 8979 8976 8974 8973 8972 8973 8973 8971 8965 8968 8981 8993 9002 9015 9025 9034 9040 9065 9070 9053 9052 9055 9055
8861 8864 8866 8868 8871 8874 8878 8880 8884 8888 8892 8893 8896 8912 8949 8936 8920 8908 8901 8899 8903 8911 8919 8928 8941 8955 8904 8876 8908 8960 8959 8913 8900 8896 8895 8894 8895 8901 8901 8901 8907 8912 8916 8919 8920 8921 8919 8921 8921 8925 8933 8941 8949 8959 8964 8969 8968 8966 8965 8964 8965 8977 8976 8975 8974 8972 8971 8971 8969 8965 8966 8979 8991 9002 9022 9033 9029 9031 9056 9076 9067 9066 9056 9060
8861 8864 8866 8867 8870 8872 8875 8878 8880 8884 8890 8893 8894 8897 8899 8923 8910 8903 8900 8899 8901 8906 8911 8918 8924 8924 8899 8886 8921 8965 8924 8911 8900 8896 8896 8896 8898 8907 8911 8913 8918 8922 8925 8925 8919 8909 8915 8919 8919 8924 8933 8944 8954 8966 8977 8982 8974 8971 8969 8969 8970 8974 8974 8974 8974 8974 8972 8969 8966 8961 8965 8987 8997 9006 9031 9037 9020 9027 9079 9088 9117 9094 9102 9105
8860 8862 8865 8866 8868 8872 8873 8875 8878 8880 8888 8893 8897 8895 8890 8880 8891 8895 8898 8899 8900 8900 8902 8904 8902 8890 8896 8892 8922 8943 8910 8905 8900 8899 8898 8898 8900 8906 8923 8926 8928 8931 8936 8936 8927 8911 8914 8914 8914 8920 8934 8946 8957 8968 8982 8982 8976 8975 8974 8974 8976 8974 8971 8972 8973 8974 8972 8969 8972 8979 9001 9004 9009 9022 9038 9026 9021 9024 9046 9058 9055 9065 9073 9078
8863 8863 8865 8865 8867 8871 8872 8874 8878 8884 8890 8893 8894 8895 8883 8870 8878 8888 8894 8893 8890 8890 8892 8893 8891 8892 8897 8894 8924 8932 8907 8901 8899 8899 8897 8897 8897 8909 8921 8929 8936 8943 8948 8955 8961 8951 8933 8915 8909 8919 8930 8943 8954 8966 8969 8971 8974 8977 8978 8978 8976 8971 8966 8969 8971 8974 8973 8971 8982 9003 9007 9007 9015 9026 9030 9025 9025 9033 9031 9032 9034 9047 9055 9057
8861 8862 8862 8865 8869 8871 8871 8874 8877 8885 8891 8894 8893 8893 8876 8864 8876 8888 8893 8889 8881 8883 8883 8883 8882 8881 8881 8881 8915 8935 8912 8901 8895 8892 8891 8891 8894 8905 8929 8936 8945 8952 8962 8971 8987 8993 8953 8923 8910 8924 8938 8950 8958 8966 8972 8974 8978 8981 8983 8983 8981 8974 8967 8970 8973 8973 8975 8985 8992 9002 9000 9004 9017 9027 9035 9033 9026 9033 9033 9029 9036 9055 9066 9075
8859 8860 8861 8862 8875 8878 8863 8864 8871 8877 8893 8909 8900 8889 8876 8872 8883 8895 8907 8908 8890 8884 8881 8879 8882 8879 8874 8876 8906 8924 8908 8899 8895 8892 8891 8892 8896 8906 8936 8945 8956 8962 8968 8974 8978 8976 8959 8940 8932 8940 8950 8959 8967 8974 8984 8989 8988 8988 8987 8987 8987 8979 8970 8974 8979 8984 8989 8987 8992 8997 8999 9008 9020 9030 9037 9034 9038 9043 9038 9029 9041 9073 9081 9088
8855 8859 8861 8861 8891 8889 8856 8852 8869 8883 8902 8924 8911 8880 8884 8882 8891 8904 8919 8930 8900 8885 8883 8880 8875 8875 8876 8879 8919 8948 8913 8898 8896 8896 8895 8895 8897 8908 8939 8955 8964 8969 8970 8970 8970 8972 8967 8963 8966 8968 8974 8978 8982 8988 8997 9001 8998 8996 8995 8992 8988 8978 8976 8978 8985 8996 8999 8993 8993 8996 9007 9017 9025 9031 9035 9033 9048 9054 9037 9029 9034 9047 9079 9106
8852 8858 8860 8860 8883 8871 8834 8835 8850 8870 8888 8900 8896 8879 8879 8888 8895 8905 8918 8928 8892 8887 8889 8883 8875 8873 8875 8879 8909 8920 8903 8897 8896 8897 8899 8902 8901 8909 8938 8964 8972 8974 8972 8965 8953 8964 8975 8986 8995 8997 8997 8998 8998 9000 9004 9007 9002 9003 9004 8999 8988 8975 8976 8981 8988 8994 8997 9003 9005 9008 9022 9026 9033 9030 9027 9034 9058 9095 9063 9053 9042 9042 9073 9106
8848 8853 8859 8858 8853 8839 8802 8816 8832 8841 8849 8871 8884 8892 8886 8891 8898 8902 8903 8889 8903 8913 8903 8890 8881 8877 8879 8888 8896 8911 8907 8900 8901 8904 8908 8910 8909 8907 8936 8975 8981 8982 8977 8975 8968 8974 8987 9001 9018 9016 9015 9016 9011 9010 9007 8994 9003 9011 9015 9012 8993 8976 8974 8981 8991 8998 9004 9012 9017 9035 9057 9083 9044 9030 9023 9036 9051 9072 9070 9062 9048 9047 9066 9091
8847 8850 8852 8859 8850 8833 8822 8820 8832 8843 8858 8870 8880 8884 8890 8890 8895 8901 8905 8910 8945 8951 8912 8893 8882 8880 8880 8885 8886 8910 8900 8897 8904 8911 8917 8921 8922 8914 8953 8986 8991 8992 8990 8992 8994 8995 9004 9013 9014 9023 9031 9033 9027 9027 9023 9021 9023 9025 9028 9030 9017 8972 8971 8988 8997 9003 9007 9007 9010 9027 9064 9091 9046 9033 9032 9032 9037 9038 9043 9038 9043 9046 9056 9066
8845 8849 8867 8868 8844 8826 8826 8829 8844 8860 8874 8897 8889 8884 8882 8885 8892 8898 8908 8931 8927 8901 8898 8889 8881 8885 8887 8888 8889 8888 8889 8895 8907 8919 8929 8935 8935 8923 8949 8987 8999 9004 9009 9008 9015 9019 9029 9039 9042 9051 9057 9058 9051 9047 9043 9043 9040 9040 9039 9035 9015 8981 8991 9005 9008 9009 9009 9007 9010 9025 9048 9049 9043 9035 9034 9033 9032 9034 9046 9047 9046 9046 9049 9050
8845 8858 8893 8859 8818 8804 8803 8832 8863 8875 8901 8919 8895 8882 8878 8880 8882 8885 8891 8894 8885 8881 8884 8882 8881 8890 8901 8896 8890 8887 8894 8902 8915 8929 8940 8952 8954 8949 8960 8992 9010 9021 9026 9024 9031 9049 9064 9078 9090 9099 9090 9087 9080 9071 9061 9053 9047 9049 9048 9046 9028 9003 9010 9019 9015 9011 9008 9009 9013 9021 9033 9040 9034 9033 9033 9038 9035 9037 9045 9054 9048 9047 9048 9049
8835 8844 8857 8828 8801 8797 8805 8834 8860 8873 8882 8888 8895 8893 8887 8884 8882 8880 8877 8869 8868 8878 8883 8877 8876 8884 8894 8901 8912 8915 8910 8908 8928 8942 8952 8960 8965 8966 8978 8997 9022 9043 9050 9049 9057 9079 9092 9105 9112 9112 9109 9106 9095 9085 9073 9059 9050 9058 9057 9046 9032 9015 9016 9023 9018 9013 9008 9009 9008 9016 9025 9031 9032 9033 9035 9036 9035 9051 9047 9046 9048 9048 9050 9055
8821 8813 8804 8800 8801 8795 8805 8837 8861 8868 8869 8872 8885 8917 8898 8883 8880 8877 8874 8870 8875 8909 8886 8873 8871 8878 8887 8902 8925 8948 8945 8958 8952 8959 8967 8967 8977 8986 8992 9006 9039 9071 9094 9091 9097 9116 9120 9125 9121 9103 9116 9115 9103 9091 9083 9072 9063 9074 9071 9053 9044 9029 9019 9019 9016 9014 9012 9009 9006 9014 9023 9030 9033 9035 9036 9038 9034 9047 9047 9045 9047 9049 9052 9057
8825 8818 8806 8803 8813 8800 8807 8839 8859 8864 8868 8868 8875 8902 8880 8878 8876 8874 8871 8871 8874 8874 8876 8874 8873 8876 8882 8894 8934 8967 8964 8959 8966 8976 8988 8996 9001 9005 8992 9014 9062 9106 9149 9179 9176 9155 9144 9143 9144 9122 9137 9123 9101 9088 9088 9093 9101 9106 9095 9082 9064 9050 9034 9021 9019 9018 9013 9011 9014 9017 9022 9028 9033 9034 9036 9044 9045 9043 9046 9046 9047 9051 9056 9060
8820 8815 8803 8802 8823 8829 8821 8836 8853 8860 8860 8864 8870 8882 8868 8872 8873 8871 8871 8874 8881 8874 8874 8879 8878 8875 8880 8888 8920 8963 8969 8967 8974 8987 9003 9024 9004 8992 8994 9050 9086 9127 9179 9253 9213 9160 9136 9137 9160 9192 9164 9100 9070 9063 9073 9104 9144 9139 9111 9087 9081 9072 9063 9035 9029 9026 9023 9017 9019 9020 9023 9026 9030 9034 9038 9044 9049 9045 9043 9045 9046 9054 9063 9073
8815 8812 8796 8788 8796 8794 8828 8857 8863 8861 8857 8865 8874 8873 8869 8877 8876 8874 8872 8873 8875 8877 8879 8880 8884 8895 8899 8896 8915 8970 8973 8968 8978 8993 9007 9012 9004 8997 9008 9045 9082 9113 9141 9148 9142 9106 9077 9072 9077 9110 9036 9007 8998 9005 9026 9062 9111 9108 9109 9107 9096 9086 9074 9056 9041 9036 9030 9020 9020 9022 9024 9024 9032 9036 9045 9044 9044 9048 9049 9045 9049 9057 9068 9081
