real_craters/C123-300m.grd
DSAA
249 249
-37.275 37.275
-37.275 37.275
8071.309323291 9323.1220298819
[rows 120 to 149 of 249, columns 0 to 66 of 249]
8766.87 8774.2 8776.4 8777.06 8782.36 8780.46 8781.93 8784.38 8786.57 8789.09 8801.61 8824.44 8849.98 8875.22 8903.93 8921.88 8908.36 8897.33 8892.07 8891 8894.34 8899.79 8900.57 8893.02 8888.05 8886.17 8885.31 8885.01 8881.03 8877.99 8878.72 8892.52 8904.71 8911.15 8907.52 8901.2 8894.98 8889.09 8883.75 8880.51 8880.84 8883.32 8886.61 8888.99 8892.3 8894.46 8894.01 8900.19 8904.05 8907.88 8910.85 8912.6 8912.93 8911.25 8907.27 8915.14 8919.38 8922.94 8935.88 8954.95 8966.54 8968.29 8965.72 8962.82 8962.62 8963.9 8966.2
8769.31 8771.97 8774.46 8777.14 8779.64 8780.96 8781.8 8783.1 8784.92 8790.51 8798.11 8822.86 8847.7 8866.93 8874.64 8885.08 8890.49 8888.72 8888 8890.29 8896.55 8909.76 8914.3 8900.12 8892.86 8890.59 8892.6 8893.18 8895.36 8897.37 8902.34 8906.65 8906.83 8905.31 8903.65 8898.58 8892.79 8887.2 8881.71 8877.4 8879.92 8882.96 8886.15 8889.79 8893.74 8897.41 8899.92 8905.61 8908.09 8913.43 8917.64 8923.29 8929.1 8935.15 8937.78 8933.52 8921.42 8909.88 8923.66 8957.42 8975.2 8970.63 8964.16 8957.42 8952.43 8956 8962.21
8768.19 8771.61 8774.15 8775.88 8778.17 8780.88 8783.59 8785.95 8787.63 8793.88 8809.4 8832.28 8850.99 8864.34 8874.92 8872.88 8872.63 8876.17 8879.35 8882.77 8887.88 8893.35 8896.81 8893.74 8890.08 8888.63 8891.64 8898.73 8909.38 8916.87 8923.73 8921.1 8915.81 8908.2 8900.98 8895.18 8890.01 8885.48 8881.4 8880.49 8880.83 8882.95 8886.29 8890.33 8895.21 8899.97 8904.04 8909.67 8913.37 8918.53 8925.83 8932.72 8940.31 8952.8 8964.11 8945.98 8928.71 8915.02 8924.83 8956.21 8971.72 8967.89 8960.66 8952.1 8943.72 8948.73 8955.46
8770.12 8772.67 8774.97 8775.67 8777.26 8781.98 8787.49 8793.67 8800.24 8812.63 8840.08 8853.57 8858.38 8862.26 8865.42 8860.99 8859.41 8864.42 8869.55 8873.04 8875.21 8875.71 8879.64 8882.77 8883.61 8883.13 8884.14 8896.16 8910.47 8921.62 8929.38 8924.37 8916.1 8905.29 8895.72 8890.47 8886.61 8883.45 8880.77 8881.27 8881.48 8883.8 8886.95 8891.66 8897.36 8902.46 8908.87 8913.64 8918.18 8924.5 8930.33 8937.91 8946.19 8953.3 8958.32 8950.84 8935.83 8929.12 8938.14 8948.12 8959.97 8961.37 8956.72 8949.85 8944.01 8945.62 8949.43
8770.33 8773.71 8776.57 8777.2 8779.24 8784.23 8791.93 8803.42 8820.84 8842.2 8858.37 8865.83 8863.88 8859.51 8852.2 8849.49 8848.32 8856.06 8862.93 8865.99 8865.91 8863.72 8868.66 8874.18 8878.59 8882.6 8886.51 8892.3 8900.63 8916.62 8926.95 8917.07 8893.7 8887.55 8886.25 8884.61 8882.74 8880.89 8878.53 8878.65 8879.74 8883.25 8887.21 8892.69 8897.94 8903.68 8908.63 8915.27 8920.61 8926.7 8933.66 8940.38 8946.84 8950.84 8951.27 8950.98 8933.29 8924.37 8926.58 8949.14 8956.12 8956.17 8953.57 8949.72 8945.97 8945.29 8947.49
8770.85 8774.03 8777.47 8777.97 8780.22 8785.3 8793.63 8806.96 8829.29 8850.67 8860.89 8867.22 8866.61 8862.03 8853.6 8849.64 8845.51 8856.08 8862.61 8864.07 8862.24 8860.61 8863.88 8869.29 8874.32 8880.99 8886.4 8889.12 8896.92 8911.34 8921.3 8909.32 8878.83 8876.82 8879.22 8880.34 8880.23 8879 8876.03 8876.09 8877.99 8882.52 8887.37 8893.65 8899.68 8905.22 8910.6 8916.02 8921.35 8927.42 8932.32 8939.77 8945.26 8949.43 8946.91 8931.82 8919.73 8912.61 8916.64 8943.77 8949.1 8950.06 8950.67 8950.49 8949.13 8946.04 8945.74
8770.54 8773.22 8775.31 8775.73 8778.97 8784.32 8791.3 8801.01 8817.06 8838.45 8852.95 8862.86 8867.5 8870.54 8870.06 8866.27 8865.12 8869.52 8870.14 8868.29 8864.03 8859 8863.92 8867.44 8869.28 8871.2 8875.64 8882.15 8892.57 8905.84 8919.69 8913.01 8879.56 8876.73 8878.51 8880.06 8880.29 8879 8875.62 8874.51 8876.82 8882.26 8889.18 8896.51 8902.25 8907.46 8911.77 8917.03 8921.43 8926.06 8931.2 8936.21 8940.34 8943.5 8930.37 8909.52 8903.66 8902.07 8905.61 8917.68 8933.2 8941.73 8946.96 8949.76 8949.24 8946.63 8947.46
8770.99 8772.74 8773.53 8774.53 8778.62 8783.58 8788.31 8792.27 8796.63 8820.22 8841.13 8856.87 8862.98 8873.13 8880.68 8881.47 8890.72 8886 8880.01 8876.15 8872.39 8870.05 8869.42 8869.42 8867.31 8862.74 8865.01 8870.96 8880.09 8893.93 8907.03 8906.71 8890.65 8883.09 8881.76 8882.35 8882.79 8881.7 8877.89 8871.24 8869.19 8884.56 8895.71 8902.33 8907.02 8910.96 8914.13 8917.43 8920.46 8924.07 8927.71 8930.35 8933.19 8936.7 8921.68 8894.56 8893.13 8895.48 8897.63 8903.91 8921.78 8935.05 8943.87 8949.43 8948.98 8944.68 8944.73
8772.22 8773.45 8774.86 8776.65 8780.32 8785 8789.3 8791.79 8792.45 8811.65 8829.24 8839.9 8849.76 8857.83 8867.67 8878.12 8889.48 8888.37 8885.04 8884.29 8882.64 8879.17 8878.27 8875.37 8871.52 8866.44 8864.96 8865.34 8870.57 8880.09 8884.47 8885.2 8891.72 8887.37 8885.61 8885.82 8886.9 8887.9 8886.99 8883.14 8883.1 8896.92 8905.38 8910.37 8914.05 8916.76 8918.39 8919.09 8920.33 8920.56 8921.68 8921.15 8918.97 8915.99 8904.73 8890.84 8890.45 8897.01 8902.49 8908.11 8921.47 8932.2 8940.86 8949.14 8948.18 8942.98 8942.74
8773.09 8774.39 8776.61 8779.18 8782.96 8788.53 8794.61 8800.56 8803.3 8813.86 8824.77 8832.41 8838.83 8840.47 8851.34 8865.12 8873.7 8878.72 8883.44 8889.74 8898.66 8897.34 8887.7 8882.06 8878.93 8876.72 8871.58 8868 8869.19 8872.97 8873.32 8875.09 8886.38 8886.75 8887.28 8889.43 8892.68 8896.96 8902.71 8907.63 8919.01 8920.18 8920.79 8921.33 8921.72 8921.66 8921.17 8919.58 8918.03 8916.22 8913.98 8910.93 8904.99 8896.62 8891.18 8885.67 8892.07 8904.94 8920.28 8926.4 8927.37 8931.67 8936.42 8940.37 8943.52 8944.36 8947.14
8773.75 8775.19 8776.94 8779.8 8785.59 8792.66 8801.16 8810.72 8816.52 8820.8 8827.39 8833.34 8837.59 8839.73 8846.67 8855.57 8861.4 8868.03 8877.48 8887.35 8899.3 8899.03 8889.83 8884.35 8883.09 8882.99 8876.71 8871.88 8871.29 8872.52 8873.43 8873.72 8879.09 8884 8887.8 8892.43 8898.43 8906.55 8917.03 8928.28 8941.36 8940.81 8934.78 8930.91 8927.11 8923.62 8920.65 8918.09 8914.95 8912.45 8908.82 8904.18 8897.33 8888.26 8888.92 8890.47 8899.65 8912.41 8926.32 8931.17 8930.44 8931.12 8932.45 8933.24 8939.63 8944.73 8948.14
8774.58 8776.03 8778.43 8782.44 8788.26 8795.95 8805.29 8816.73 8823.91 8826.07 8831.2 8838.41 8841.66 8842.73 8846.54 8851.71 8855.91 8861.57 8870.49 8877.41 8882.31 8884.9 8882.99 8880.47 8879.61 8880 8876.51 8874.64 8873.79 8874.8 8877.49 8881.81 8878 8882.81 8888.22 8894.65 8902.07 8912.98 8925.03 8940.13 8955.16 8953.78 8943.65 8935.77 8928.65 8923.44 8920.11 8916.72 8913.06 8909.39 8906.42 8902.75 8899.17 8895.02 8897.15 8904.23 8911.09 8916.45 8923.43 8928.21 8929.05 8929.46 8930.09 8932.37 8937.71 8943.97 8947.26
8774.9 8776.41 8779.63 8784.53 8790.08 8797.97 8806.3 8814.16 8821.66 8826.6 8831.94 8838.13 8841.58 8844.06 8846.83 8851.27 8856.21 8861.54 8866.25 8867.97 8865.85 8871.14 8873.77 8872.83 8870.55 8870.43 8872.27 8873.06 8875.01 8876.4 8877.74 8877.08 8879.44 8882.31 8887.42 8894.13 8902.99 8914.49 8926.77 8942.27 8958.73 8957.26 8945.7 8937.34 8930.65 8925.81 8920.44 8916.74 8912.52 8908.96 8905.47 8901.96 8901.94 8904.82 8904.38 8909.69 8914.86 8916.79 8919.66 8923.7 8926.29 8927.63 8928.27 8929.88 8934.91 8940.4 8944.95
8775.04 8776.37 8777.94 8781.44 8791.49 8799.94 8807 8812.1 8818.88 8825.25 8830.48 8834.4 8837.44 8841.04 8846.1 8851.58 8857.82 8863.72 8864.55 8864.77 8865.38 8865.96 8867.69 8867.19 8864.16 8865.48 8871.57 8873.66 8877.41 8878.42 8876.7 8872.16 8878.53 8880.42 8885.9 8892.53 8901.61 8911.71 8922.85 8934.25 8944.43 8944.44 8937.94 8933.18 8928.63 8924.43 8920.09 8915.72 8911.01 8907.3 8903.67 8900.98 8899.34 8899.85 8904.7 8909.87 8914.02 8915.76 8915.13 8920.26 8924.33 8926.51 8927.87 8929.58 8932.44 8936.61 8942.61
8775.73 8777.41 8780.74 8787.89 8796.38 8803.44 8809.31 8813.73 8819.05 8824.96 8829.58 8832.88 8836.45 8840.19 8845.35 8851.41 8857.21 8861.71 8862.83 8862.32 8862.01 8863.54 8865.05 8866.26 8867.43 8871.49 8880.31 8884.96 8883.31 8882.12 8879.9 8873.08 8870.45 8875.48 8882.56 8890.84 8899.93 8907.47 8915.78 8921.47 8921.89 8920.65 8924.7 8925.7 8924.34 8921.74 8918.35 8914.87 8910.56 8906.49 8903.14 8899.95 8898.73 8900.02 8904.15 8909.24 8913.62 8917.7 8921.27 8921.98 8924.81 8926.36 8927.56 8928.88 8930.81 8937.22 8941.65
8777.07 8779.74 8782.6 8795.39 8803.14 8807.35 8812.14 8820.68 8823.22 8826.48 8830.05 8832.18 8833.03 8837.52 8845.16 8851.71 8857.07 8860.8 8861.58 8860.82 8860.52 8861.68 8863.75 8866.78 8872.26 8876.84 8884.98 8889.79 8886.16 8884.89 8885.13 8880.65 8865.37 8871.61 8880.4 8888.86 8896.76 8904.44 8910.23 8912.73 8910.12 8908.16 8916.88 8919.86 8920.47 8918.69 8916.44 8913.66 8910.05 8906.32 8902.65 8899.61 8898.64 8900.39 8904.04 8909.26 8914.56 8919.49 8923.83 8927.24 8927.16 8926.75 8926.43 8927.23 8928.45 8932.89 8939.6
8778.4 8782.57 8791.59 8800.8 8807.09 8809.42 8812.77 8817.26 8824.14 8828.24 8831.8 8834.18 8835.45 8840.37 8847.31 8853.19 8857.44 8859.98 8860.22 8859.47 8859.39 8860.6 8862.34 8864.6 8867.79 8871.54 8875.52 8880.3 8882.31 8883.61 8884.59 8878.74 8866.9 8872.15 8879.69 8886.62 8894.52 8901.11 8906.24 8909.69 8911.25 8914.44 8917.55 8918.63 8917.84 8916.88 8915.35 8913.21 8910.46 8906.8 8902.52 8898.94 8897.41 8899.54 8903.95 8909.55 8915.16 8920.43 8924.32 8926.6 8927.29 8927.01 8926.87 8927.68 8929.05 8932.81 8939.01
8779.15 8782.3 8787.52 8796.43 8803.42 8809.43 8814.04 8819.54 8825.45 8830.2 8834.9 8839.02 8843.29 8846.91 8851.76 8856.51 8859.51 8860.34 8860.12 8859.58 8859.02 8859.95 8861.63 8862.45 8862.54 8864.28 8865.55 8870.78 8876.86 8880.24 8879.99 8876.69 8874.41 8876.44 8880.97 8886.32 8892.28 8898.29 8903.64 8908.79 8914.37 8921.68 8920.19 8918.84 8916.91 8915.49 8914.69 8913.13 8911.42 8908.4 8904.31 8898.94 8894.71 8898.38 8904.48 8910.25 8916.51 8921.2 8924.49 8926.99 8927.57 8926.2 8926.81 8928.56 8932.92 8938.44 8939.76
8779.79 8782.16 8786.84 8794.85 8802.65 8810.13 8816.66 8822.58 8827.61 8832.73 8837.92 8843.49 8848.72 8852.62 8857.17 8861.1 8863.58 8864.68 8862.01 8856.98 8857.07 8860.21 8863.52 8864.25 8862.19 8863.15 8861.35 8867.33 8874.22 8878.82 8880.93 8881.46 8882.05 8881.67 8883.46 8886.47 8891.23 8895.88 8901.19 8907.14 8913.79 8918 8920.13 8918.1 8916.08 8915.14 8914.41 8913.98 8913.4 8912.15 8909.04 8903.77 8897.23 8901.59 8906.6 8910.68 8914.58 8917.09 8920.23 8923.49 8924.41 8923.16 8921.93 8926.45 8931.36 8934.52 8939.11
8781.49 8783.99 8788.99 8797.12 8805.17 8811.79 8818.72 8824.4 8829.19 8834.5 8840.57 8847.45 8853.38 8858.26 8863.1 8866.16 8868.09 8869.5 8865.46 8854.48 8855.29 8862.16 8869.25 8875.66 8876.16 8872.19 8869.04 8870.95 8875.41 8879.51 8883.04 8884.63 8885.22 8884.1 8884.39 8885.62 8888.69 8892.91 8897.93 8903.32 8910.31 8920.91 8918.63 8914.51 8913.91 8914.51 8915.22 8916.01 8916.39 8917.2 8916.77 8914.76 8912.41 8911.12 8911.15 8911.39 8911.24 8911.66 8914.36 8917.43 8919.42 8919.88 8921.34 8925.33 8928.88 8935.61 8939.23
8783.99 8788.1 8793.77 8801.03 8806.47 8813.81 8818.37 8824.17 8828.8 8834.56 8841.58 8849.89 8860.06 8865.98 8868.7 8870.02 8871.37 8873.53 8871.15 8858.5 8858.49 8865.64 8875.01 8886.1 8891.24 8883.15 8878.08 8877.57 8878.56 8880.03 8882.56 8883.01 8883.47 8882.41 8882.61 8883.4 8886.31 8889.89 8893.38 8897.37 8900.87 8904.44 8904.37 8906.13 8909.32 8912.38 8915.34 8917.71 8919.78 8922.56 8925.48 8927.21 8925.67 8920.93 8916.04 8912.02 8909.07 8908.12 8908.74 8910.61 8913.74 8915.85 8920.81 8928.25 8936.57 8940.55 8938.81
8786.62 8791.96 8797.63 8805.36 8818.73 8815.48 8816.22 8821.49 8827.04 8832.99 8840.01 8848.44 8860.41 8872.23 8871.65 8871.26 8871.61 8871.97 8870.16 8862.7 8862.58 8868.69 8877.51 8887.42 8892.99 8890.56 8885.5 8884.96 8882.18 8878.58 8876.41 8876.42 8876.72 8877.44 8879.05 8880.22 8883.54 8886.93 8889.58 8891.57 8890.68 8885.44 8886.15 8897.41 8905.32 8910.91 8915.02 8918.52 8922.05 8926.36 8932.42 8938.26 8937.15 8927.86 8918.9 8911.66 8906.66 8903.78 8901.86 8900.95 8901.39 8908.46 8918.3 8928.77 8938.04 8936.64 8933.95
8788.78 8792.33 8798.19 8803.51 8804.81 8809.29 8815.55 8819.12 8825.06 8831.2 8837.87 8844.9 8855.56 8865.46 8869.51 8869.86 8869.3 8866.59 8862.21 8859.45 8864.05 8870.94 8877.89 8885.43 8896.56 8904.32 8902.51 8895.58 8886.56 8877.64 8869.77 8869.84 8870.62 8872.33 8874.98 8878.35 8881.5 8884.67 8887.12 8888.35 8887.28 8883.23 8884.62 8896.18 8904.48 8910.18 8914.79 8918.39 8922.34 8926.76 8933.92 8943.65 8941.89 8928.8 8917.79 8909.32 8902.7 8897.69 8895.51 8892.27 8889.79 8896.39 8906.48 8917.28 8921.3 8922.31 8924.01
8791.52 8796.21 8799.6 8802.78 8804.8 8807.81 8803.46 8816.53 8824.03 8830 8835.89 8841.28 8849.83 8859.29 8865.9 8867.58 8866.82 8863.79 8858.03 8857.83 8866.16 8874.48 8880.6 8882.53 8901.18 8923.68 8922.99 8905.17 8890.01 8877.87 8870.73 8866.47 8865.51 8867.21 8871.68 8875.46 8879.92 8883.25 8886.71 8888.75 8890.68 8892.8 8897.73 8902.42 8907.74 8911.83 8914.83 8917.17 8919.38 8921.65 8925.45 8933.05 8931.32 8921.11 8912.47 8904.66 8897.85 8894.76 8891.41 8887.78 8886.07 8886.43 8892.98 8899.14 8897.89 8906.41 8912.63
8793.78 8798.15 8801.22 8804.68 8809.03 8814.59 8825.34 8821.46 8824.84 8829.7 8835.85 8843 8852.21 8863.69 8866.69 8867.07 8867.13 8865.83 8864.23 8865.08 8871.65 8880.4 8891.61 8902.19 8910.85 8924.21 8921.77 8905.01 8889.65 8875.76 8866.04 8864.46 8863.06 8864.68 8869.84 8874.53 8879.36 8883.08 8886.78 8891.12 8896.37 8902.44 8908.57 8910.53 8911.85 8913.2 8914.71 8914.77 8915.2 8913.72 8909.93 8905.07 8907.67 8908.5 8905.08 8899.25 8892.24 8889.35 8886.9 8885.52 8885.75 8886.47 8887.63 8890.08 8889.22 8896.61 8904.47
8795.84 8797.81 8802.74 8806.51 8809.85 8812.85 8817.86 8822.54 8825.41 8829.2 8835.24 8846.51 8852.69 8860.17 8864.22 8866.63 8868.37 8869.08 8871.36 8872.91 8875.2 8882.51 8895.72 8913.38 8908.06 8904.72 8902.51 8895.73 8886.49 8876.35 8868.73 8866.41 8864.97 8865.93 8870.12 8874.51 8878.81 8883.52 8888.25 8894 8901.29 8909.06 8914.81 8916.96 8915.81 8914.6 8913.91 8913.39 8912.36 8908.84 8900.23 8887.34 8893.75 8899.7 8899.26 8895.42 8892.45 8884.71 8882.49 8884.35 8885.14 8885.07 8885.43 8883.95 8885.32 8892.53 8900.41
8798.91 8802.91 8804.85 8808.35 8812 8815.25 8818.55 8823.09 8826.52 8828.98 8830.91 8834.68 8845.51 8848.95 8860.59 8869.28 8869.61 8868.88 8871.71 8872.68 8872.42 8876.47 8881.98 8886.59 8885.93 8880.14 8883.37 8884.64 8882.74 8880.44 8875.63 8870.83 8868.3 8868.25 8871.74 8875.63 8879.81 8884.41 8890.02 8895.95 8903.56 8912.67 8922.16 8921.11 8916.91 8913.89 8911.93 8911.02 8910.75 8909.65 8905.49 8895.68 8897.83 8898.91 8896.99 8892.58 8886.3 8882.46 8882.72 8886.27 8889.55 8891.92 8888.21 8882.86 8885.87 8892.57 8899.32
8798 8801.47 8805.64 8809.88 8814.33 8818.33 8822.84 8825.44 8828.76 8831.11 8830.81 8830.33 8851.17 8870.03 8880.2 8878.45 8872.57 8865.01 8858.5 8860.66 8865 8867.86 8868.06 8867.06 8869.07 8867.84 8871.69 8875.74 8878.03 8879.62 8877.37 8874.04 8872.64 8873.38 8874.75 8876.84 8880.33 8884.37 8889.6 8895.14 8902.31 8910.47 8918.66 8918.35 8913.57 8909.65 8907.53 8907.13 8908.66 8912.59 8920.04 8922.57 8910.42 8902.22 8897.37 8893.19 8885.61 8885.16 8887.12 8889.7 8894.69 8901.71 8896.6 8890.25 8890.94 8895.13 8899.5
8797.78 8801.35 8805.59 8810.41 8815.49 8820.8 8822.85 8827.45 8832.72 8838.33 8843.13 8847.26 8868.97 8891.61 8898.71 8887.89 8876.29 8863.95 8853.9 8855.12 8859.77 8862.5 8863.07 8862.44 8862.33 8862.71 8865.97 8869.43 8872.41 8874.64 8874.65 8873.86 8875.26 8877.74 8877.01 8877.07 8878.97 8882.45 8886.43 8891.21 8896.85 8902.75 8908.31 8908.51 8904.94 8902.27 8900.68 8900.57 8902.09 8907.51 8919.64 8928.67 8911.43 8901.12 8896.39 8896.73 8903.73 8897.01 8894.43 8890.11 8889.68 8893.36 8901.17 8903.14 8896.21 8898.62 8902.82
8797.7 8801.24 8805.32 8809.42 8813.97 8817.96 8822.37 8828.42 8836.2 8846.43 8861.47 8876.84 8884.11 8896.09 8899.45 8891.65 8879.43 8866.14 8856.15 8855.46 8859.42 8862.38 8862.79 8862.91 8862.11 8860.9 8862.99 8864.44 8866.07 8868.66 8869.16 8870.17 8873.58 8878.68 8876.85 8875.12 8875.7 8878.19 8881.06 8885.1 8888.58 8891.67 8893.46 8893.28 8892.58 8891.89 8891.35 8891.2 8891.41 8891.98 8893.11 8896.12 8895.69 8892.46 8889.92 8889.71 8891.64 8891.93 8890.1 8886.13 8882.72 8886.26 8895.79 8898.8 8899.37 8901.86 8904.26
