real_craters/C123-500m.grd
DSAA
150 150
-37.275 37.275
-37.275 37.275
8071.0212405272 9306.6508066836
[rows 120 to 149 of 150, columns 67 to 133 of 150]
9030.14 9035.64 9025.5 9023.35 9022.53 9024.93 9026.3 9028.12 9027.22 9028.27 9028.96 9029.28 9029.46 9025.76 9003.96 8982.27 8974.72 8979.99 8987.75 8995.55 9001.49 9007.88 9013.24 9015.69 9015.34 9015.66 9020.8 9005.13 9000.82 8998.86 8997.6 8997.21 9010.74 9040.63 9069.48 9088.93 9081.21 9050.84 9038.1 9032.41 9025.19 9018.01 9011.54 9005.08 9004.33 9003.65 9002.87 9002.58 9004.02 9008.76 9014.94 9017.27 9023.77 9031.98 9041.08 9051.71 9043.61 9042.59 9040.3 9036.45 9033.06 9032.57 9033.06 9033.92 9035.28 9036.44 9037.63
8987.46 8993.23 9000.86 9007.25 9011.41 9016.01 9020.4 9023.54 9026.36 9026.78 9027.93 9028.2 9026.96 9020.6 9001.77 8981.38 8971.41 8975.07 8981.85 8990.31 8998.15 9007.03 9016.32 9022.89 9023.71 9017.99 9012.15 9005.43 9000.76 8997.65 8996.54 8998.2 9012.7 9041.2 9074.32 9112.38 9084.27 9041.18 9035.42 9035.24 9027.78 9019.77 9008.93 9005.79 9006.46 9005.94 9002.29 9001.1 9002.47 9005.33 9008.74 9014.89 9023.15 9033.17 9044.46 9057.85 9069.42 9057.13 9047.02 9038.8 9033.03 9031.04 9032.49 9033.59 9034.97 9036.36 9037.64
8947.01 8952.52 8974.08 8988.73 8998.89 9006.56 9012.56 9017.16 9021.23 9024.37 9025.6 9025.68 9022.97 9012.88 8998.62 8980.92 8970.43 8972.01 8977.94 8986.08 8995.53 9007.94 9019.35 9027.79 9025.09 9015.46 9006.31 9002.6 9000.09 8997.24 8996.4 8998.92 9011.98 9033.17 9056.78 9060.23 9031.61 9027.42 9030.08 9025.54 9026.7 9022 9019.36 9013.64 9007.08 9004.16 9000.72 9000.04 9000.11 9000.69 9002.54 9010.49 9019.87 9030.33 9041.79 9054.15 9072.03 9062.36 9049.63 9039.54 9032.03 9030.34 9032.48 9033.8 9034.98 9036.37 9037.84
8940.39 8943.51 8960.06 8974.92 8986.84 8996.03 9002.84 9009.18 9014.34 9018 9020.28 9021.42 9020.63 9014.58 8996.99 8981.45 8971.53 8971.14 8975.24 8982.15 8993.82 9005.65 9019.4 9036.21 9026.15 9012.27 9005.57 9004.53 8999.22 8997.02 8995.57 8999.11 9006.85 9018.52 9026.15 9013.09 9004.4 9019.9 9030.8 9036.24 9028.4 9018.85 9012.23 9008.25 9003.58 9000.67 8999.56 8998.64 8998.45 8998.6 9001.66 9007.14 9015.96 9025.68 9035.89 9043.69 9048.52 9054.7 9047.32 9038.54 9031.59 9030.91 9032.29 9033.83 9035.58 9037.03 9038.52
8940.2 8945.74 8955.69 8967.58 8978.74 8989.06 8995.93 9003.29 9009.69 9014.04 9016.58 9016.33 9013.69 9007.85 8994.22 8981.86 8974.53 8971.75 8974.24 8980.35 8990.76 9000.3 9009.62 9015.42 9012.81 9003.84 8999.18 9001.81 8997.93 8995.63 8993.86 8995.06 8999.9 9004.82 9006.03 9004.62 9003.81 9013.04 9030.51 9039.9 9027.82 9016.32 9010.01 9008.13 9000.97 8998.63 8998.75 8998.16 8997.76 8997.77 8998.4 9004.31 9011.72 9019.31 9028.24 9044.1 9056.51 9046.51 9041.37 9035.89 9031.14 9030.07 9032.46 9034.39 9036.29 9037.94 9039.56
8939.37 8945.58 8953.03 8962.12 8971.74 8981.69 8990.9 8999.19 9006.64 9011.85 9014.32 9012.51 9005.33 8999.08 8991.28 8982.05 8974.42 8971.8 8973.09 8978.32 8984.24 8993.47 8997.87 8999.63 8997.85 8993.94 8991.51 8995.1 8995.97 8993.92 8990.58 8988.5 8994.61 8997.79 8992.71 8995.84 8999.24 9004.32 9019.93 9028.01 9021.1 9010.35 9008.02 9007.54 9000.69 8999.93 8999.74 8999.23 8998.86 8999.22 9001.15 9004.58 9008.96 9013.57 9016.87 9017.12 9026.76 9032.75 9034.67 9033.2 9030.27 9029.54 9033.5 9035.96 9037.83 9039.52 9041.32
8940.58 8944.62 8951.73 8959.48 8967.64 8976.47 8985.5 8994.29 9002.67 9010.72 9014.53 9014.57 9008.95 9002.55 8993.23 8983.27 8974.37 8970.4 8972.19 8976.52 8983.16 8987.64 8991.06 8992.39 8989.53 8988.94 8991.84 8997.37 8995.47 8992.11 8989.29 8990 8993.25 9000.04 9000.28 8993.44 8993.78 9000.79 9006.85 9011.79 9014.05 9012.87 9014.36 9018.26 9014.31 9006.68 9002.58 9001.05 9000.9 9001.24 9002.94 9005.26 9007.62 9009.77 9010.98 9011.57 9017.48 9027.95 9029.18 9031.12 9032.86 9036.29 9036.51 9037.76 9039.25 9040.78 9042.83
8939.21 8945.82 8951.69 8958.78 8966.75 8975.3 8984.42 8992.97 9001.93 9010.62 9016.98 9020.98 9019.96 9012.92 9000.42 8987.13 8973.03 8969.16 8973.17 8976.86 8981.75 8983.19 8984.05 8984.72 8983.15 8982.99 8988.81 8998.46 8994.95 8990.1 8985.74 8985.6 8990.89 8998.25 9002.75 8988.25 8990.86 8990.6 8995.01 9000.07 9006.26 9017.99 9019.81 9024.74 9016.67 9009.78 9005.55 9004.43 9003.73 9003.57 9004.8 9006.66 9008.27 9009.33 9010.24 9010.75 9013.68 9015.71 9023.65 9028.96 9033.88 9036.88 9038.48 9038.98 9039.9 9041.33 9043.26
8940.7 8945.05 8951.14 8958.5 8966.41 8974.87 8983.41 8992.14 8999.96 9008.32 9019.07 9031.39 9036.44 9026.53 9009.85 8995.25 8980.82 8976.09 8980.56 8982.22 8983.69 8982.28 8978.79 8978.26 8979.54 8981.12 8986.68 8992.41 8992.92 8988.75 8982.88 8981.99 8987.21 8991.21 8995.43 8993.73 8979.35 8986.17 8986.11 8988.37 8992.03 8996.16 9006.25 9011.58 9005.74 9007.02 9006.43 9004.76 9005.32 9005.92 9007.84 9010.06 9010.04 9011 9012.17 9013.32 9013.84 9017.21 9021.25 9024.44 9029.77 9036.46 9038.26 9038.7 9039.61 9041.03 9043.02
8942.17 8945.45 8950.84 8958.43 8966.17 8973.97 8982.1 8989.24 8996.06 9005.5 9018.23 9034.24 9050.81 9032.9 9016.26 9005.6 8998.13 8994.27 8993.93 8990.58 8988.34 8986.75 8982.72 8980.03 8981.08 8983.19 8986.28 8991.2 8991.11 8989.93 8988.14 8985.99 8986.69 8987.86 8996.83 9008.45 8984 8981.96 8982.49 8980.3 8979.72 8980.44 8992.5 9002.6 9005.09 9006.33 9007.64 9007.22 9006.2 9006.62 9007.51 9008.74 9011.47 9014.02 9014.73 9015.3 9016.02 9019.6 9021.31 9021.02 9025.13 9031.6 9035.09 9036.96 9038.36 9040.22 9042.18
8944.79 8947.54 8951.87 8958.42 8965.21 8972.65 8978.36 8984.03 8991.22 8999.82 9008.28 9017.6 9027.39 9021.32 9013.49 9011.17 9016.72 9026 9006.26 8997 8992.69 8992.46 8997.38 8991.03 8983.61 8981.76 8985.58 8987.67 8990.38 8990.95 8993.98 8990.18 8987.75 8990.14 9003.37 9015.23 8981.18 8972.82 8972.07 8974 8975.1 8975.36 8985.83 8996.7 9004.6 9007.81 9008.17 9006.45 9006.43 9006.49 9006.99 9008.48 9014.07 9019.48 9020.64 9019.76 9018.61 9018.36 9022.44 9024.36 9026.07 9029.77 9033.2 9034.73 9036.72 9038.67 9040.53
8946.47 8949.58 8953.21 8958.13 8963.19 8969.29 8973.49 8980.37 8986.54 8991.57 8993.33 8990.32 8989.99 8999.92 9003.39 9005.43 9009.68 9010.19 9000.39 8995.11 8993.37 8992.48 8990.33 8988.76 8982.92 8979.81 8987.1 8996.51 8996.12 8987.23 8980.54 8982.09 8986.1 8992.36 9003.51 9004.59 8982.67 8970.69 8968.4 8971.74 8976.76 8981.37 8982.17 8987.55 9005.95 9007.99 9006.69 9006.14 9006.28 9006.63 9007.6 9010.38 9017.19 9027.27 9040.65 9036.34 9025.66 9017.84 9022.75 9023.96 9025.25 9026.59 9028.28 9031.95 9034.71 9037 9038.74
8950.07 8953.32 8955.78 8958.92 8962.16 8966.08 8970.19 8975.97 8980.95 8983.91 8984.42 8979.38 8979.39 8987.88 8993.43 8994.73 8991.01 8978.59 8986.29 8989.41 8989.67 8989.8 8989.81 8987.47 8983.33 8981.68 8990.57 8998.25 8996.05 8982.6 8969.09 8973.97 8982.88 8993.85 9003.91 9002.53 8984.45 8971.25 8969.75 8971.76 8975.9 8978.62 8979.18 8980.89 8998.9 9003.34 9004.33 9005.91 9006.91 9008.01 9008.42 9009 9018.31 9030.22 9036.24 9039 9035.01 9035.42 9031.9 9023.66 9023.05 9024.25 9026.74 9030.51 9033.11 9035.44 9037.26
8951.43 8954.94 8956.56 8959.35 8962.27 8966.23 8971.41 8975.18 8978.87 8981.65 8984.23 8983.98 8984.21 8985.89 8987.58 8987.2 8984.52 8981.17 8982.56 8983.82 8984.79 8984.06 8985.06 8986.89 8986.42 8988.66 8996.34 9002.24 8998.63 8981.73 8967.53 8969.71 8978.94 8993.28 9000.27 8998.58 8983.99 8972.02 8969 8972.78 8977.45 8979.46 8979.62 8980.32 8988.58 8996.81 9001.3 9004.65 9007.43 9010.17 9012.19 9013.38 9022.56 9033.02 9036.85 9036.82 9034 9033.12 9029.43 9021.45 9021.21 9023.88 9029.76 9029.45 9032.07 9034.17 9035.99
8950.63 8953.99 8957.48 8959.04 8961.06 8963.84 8968.32 8972.09 8975.8 8980.68 8987.67 8996.43 8993.63 8987.22 8984.98 8983.68 8982.54 8982.51 8981.87 8981.2 8978.18 8978.49 8980.83 8988.52 8994.23 8998.47 9004.39 9007.02 9000.64 8985.48 8969.02 8967.03 8971.59 8983.9 9009.02 9008.05 8995.42 8981.53 8973.01 8975.34 8978.18 8980.32 8982.16 8985.19 8989.5 8993.7 8998.3 9002.09 9006.75 9012.21 9018.65 9025.97 9033.34 9036.94 9040.52 9032.72 9024.28 9013.37 9013.57 9015.45 9019.08 9022.29 9022.02 9029.54 9031.47 9033.3 9035.02
8949.19 8952.43 8954.64 8956.77 8958.97 8961.36 8964.69 8967.67 8971.17 8975.36 8981.97 8995.6 8990.62 8983.67 8981.21 8980.34 8980.06 8980.33 8979.74 8975.77 8972.83 8972.76 8979.56 8991.43 9003.21 9010.17 9012.02 9014.45 9013.85 8991.14 8972.48 8964.21 8963.41 8972.2 9003.41 9005.1 8994.43 8981.78 8976.41 8977.66 8977.86 8980.23 8983.41 8987.33 8987.68 8990.26 8994.91 9000.28 9006.34 9013.36 9021.52 9033.15 9036.61 9031.36 9031.11 9023.92 9017.76 9011.84 9013.91 9014.34 9017.66 9023.53 9035.75 9031.07 9030.78 9032.17 9033.56
8947.54 8950.73 8951.13 8953.4 8956.36 8958.64 8960.71 8963.4 8965.36 8967.02 8967.67 8964.49 8972.81 8974.47 8974.86 8975.35 8975.76 8977.15 8976.59 8971.95 8966.05 8962.32 8973.1 8994.13 9005.32 9012.49 9013.47 9010.96 9005.94 8980.82 8964.69 8960.52 8959.21 8963.99 8978.82 8984.42 8979.94 8972.11 8975.35 8977.9 8978.9 8980.13 8982.46 8983.92 8983.93 8986.06 8991.01 8996.98 9003.75 9010.93 9018.66 9024.44 9023.97 9016.09 9008.55 9009.68 9009.26 9009.7 9012.29 9014.06 9016.56 9019.52 9020.28 9026.07 9027.46 9029.75 9031.94
8945.61 8948.21 8949.78 8952.07 8954.63 8956.17 8957.51 8958.55 8960.07 8960.35 8959.15 8957.79 8962.59 8966.08 8968.33 8969.99 8971.36 8972.45 8971.52 8968.05 8962.22 8959.25 8973.85 9002.88 9023.75 9021.58 9010.8 8997.92 8979.88 8968.14 8961.24 8958.78 8958.9 8960.83 8962.86 8968.69 8968.51 8966.07 8973.06 8976.71 8976.63 8979.28 8981.89 8982.47 8981.4 8982.27 8987.29 8993.44 9000.13 9006.71 9013.46 9018.69 9018.7 9010.24 9000.5 8995.21 8994.94 9006.47 9017.93 9015.53 9011.81 9014.65 9020.31 9027.61 9033.25 9035.35 9032.66
8943.2 8946.4 8950.64 8953.81 8953.28 8953.56 8954.19 8955.51 8956.28 8956.67 8956.31 8956.27 8958.63 8960.74 8963.52 8965.62 8966.85 8967.85 8968 8963.47 8962.91 8972.83 8981.02 9004.04 9035.32 9020.23 9002.6 8986.3 8970.15 8964.57 8960.46 8958.25 8959.14 8960.57 8962.13 8963.53 8964.26 8965.28 8970.45 8974.37 8974.67 8978.03 8982.6 8983.01 8979.51 8978.88 8984.12 8989.95 8996.14 9001.98 9007.29 9011.74 9013.79 9006.96 8993.87 8975.18 8960.48 8963.82 9007.27 8989.42 8994.24 9008.31 9020.57 9027.77 9033.22 9035.69 9035.35
8941.19 8944.95 8948.55 8950.78 8950.99 8951.04 8951.46 8951.9 8953.25 8953.82 8954.23 8955.75 8956.64 8957.07 8959.56 8961.65 8962.8 8962.97 8961.16 8959.52 8958.17 8960.9 8970.11 8983.09 8990.74 8995.46 8987.15 8975.03 8963.11 8959.79 8957.4 8956.41 8957.42 8959.31 8961.21 8961.59 8962.83 8965.11 8969.37 8971.04 8970 8975.39 8980.51 8981.6 8978.79 8977.76 8982.06 8987.72 8992.92 8997.56 9000.54 9001.8 8999.12 8999.8 8985.64 8959.13 8924.33 8874.96 8817.84 8904.29 8968.99 9000.27 9018.37 9027.64 9029.82 9030.23 9030.73
8938.93 8942.21 8944.5 8945.32 8947.85 8949.11 8949.97 8950.64 8951.16 8951.92 8951.57 8952.49 8955.18 8957.08 8958.12 8959.93 8960.41 8960.52 8958.79 8958.73 8955.19 8951.99 8958.16 8963.17 8964.49 8972.79 8971.18 8964.25 8955.74 8952.03 8953.27 8953.98 8955.47 8957.52 8959.76 8961.09 8961.81 8965.73 8968.48 8965.53 8965.96 8972.86 8979.18 8980.28 8978.33 8977.5 8981.03 8985.83 8990.36 8993.75 8995.69 8995.44 8993.56 8994.26 8981.18 8954.95 8917.76 8861.53 8803.33 8925.09 8980.4 9004.13 9018.12 9026.14 9028.58 9029.58 9029.99
8936.28 8939.09 8941 8945.43 8945.75 8947.08 8948.17 8949.05 8950.15 8950.99 8951.37 8952.21 8953.76 8954.9 8956.86 8958.41 8959.5 8960.99 8965.58 8960.2 8955.04 8952.08 8954.23 8956.52 8959.08 8961.94 8961.65 8958.09 8952.45 8949.03 8951.13 8953.36 8956.08 8962.54 8964.51 8962.63 8959.42 8962.46 8966.61 8966.02 8966.8 8971.9 8977.05 8979.05 8978.95 8978.06 8981.81 8985.35 8988.62 8991.12 8992.58 8993.13 8994.13 8995.23 8983.59 8966.15 8948.62 8944.25 9004.82 9029.38 9013.02 9015.48 9019.71 9021.45 9027.21 9029.06 9030.15
8934.15 8937.89 8942.24 8942.28 8943.81 8945.16 8946.27 8947.2 8948.13 8949.19 8951.62 8952.41 8952.64 8953.62 8954.14 8955.77 8957.37 8958.64 8960.52 8956.93 8952.49 8950.68 8951.93 8955.14 8957.14 8957.19 8956.7 8954.55 8952.12 8949.6 8950.92 8954.6 8959.43 8982.2 8974.66 8964.08 8959.81 8961.84 8964.78 8962.32 8966.49 8972.06 8976.18 8978.77 8980.65 8983.27 8984.61 8986.17 8988.04 8989.85 8991.17 8991.89 8992.33 8993.63 8988.31 8981.32 8980.63 8995.4 9015.39 9013 9019.03 9019.82 9021.47 9024.1 9025.69 9025.86 9026.27
8932.38 8935.64 8937.1 8940.26 8942.44 8943.98 8945.09 8946 8946.75 8947.54 8948.23 8949.52 8950.63 8951.59 8952.57 8953.1 8954.12 8954.35 8952.42 8950.53 8948.89 8948.28 8949.94 8952.6 8954.13 8954.69 8954.33 8953.24 8953.43 8949.16 8952.29 8957.39 8960.76 8947.22 8958.56 8960.92 8959.43 8960.88 8962.56 8959.77 8969.92 8973.67 8976.27 8978.78 8981.37 8983.94 8985.78 8987 8988.17 8989.32 8990.46 8991.36 8991.17 8990.98 8992.15 8992.72 8996.79 9005.48 9009.67 9011.79 9018.06 9019.92 9020.37 9018.51 9020.35 9021.71 9022.64
8930.54 8933.8 8936.75 8939.4 8941.45 8942.85 8943.89 8944.63 8945.17 8946.26 8946.73 8947.77 8949.34 8949.97 8949.6 8950.4 8950.98 8951.01 8950.43 8948.99 8946.79 8946.64 8948.2 8949.67 8951.43 8952.89 8953.12 8952.66 8952.69 8954.38 8954.67 8958.28 8964.41 8967.44 8962.13 8959.61 8955.98 8957.07 8955.93 8962.65 8975.42 8975.16 8975.81 8978.3 8981.26 8984.08 8986.12 8987.22 8988.15 8989.16 8990.39 8991.76 8993.43 8994.96 8995.77 8998.68 9002.92 9007.16 9010.51 9014.15 9016.57 9018.04 9018.75 9019.74 9020.23 9020.72 9021.26
8928.98 8932.37 8935.92 8938.24 8940.48 8942.37 8943.46 8944.24 8944.71 8945.36 8946.08 8946.88 8948.42 8948.9 8949.55 8949.36 8949.49 8949.35 8948.35 8946.4 8944.83 8945.28 8947.73 8949.13 8950.63 8951.76 8952.22 8952.21 8952.47 8952.18 8951.43 8951.79 8958.28 8964.49 8964.76 8960.2 8958.15 8956.28 8957.84 8964.95 8974.49 8974.73 8975.18 8977.61 8980.68 8983.77 8985.96 8986.89 8987.55 8988.5 8989.67 8991.37 8993.57 8994.87 8996.49 9000.28 9004.62 9009.16 9011.87 9014.49 9017.15 9018.25 9018.97 9019.16 9019.46 9019.7 9019.48
8926.75 8930.26 8933.06 8937.1 8940.96 8941.89 8942.98 8944.02 8944.6 8944.27 8943.39 8946.16 8947.34 8947.8 8948.14 8947.96 8947.39 8947.2 8946.71 8946.19 8944.41 8943.61 8947.59 8958.53 8950.97 8950.08 8950.27 8950.86 8950.8 8947.21 8946.79 8950.54 8953.6 8956.66 8958.69 8958.28 8957.07 8956.39 8956.24 8965.28 8973.09 8973.09 8973.75 8976.46 8979.45 8982.72 8985.4 8985.84 8986.33 8987.36 8988.62 8989.77 8990.14 8991.5 8995.08 8999.57 9004 9008.43 9010.8 9013.29 9016.76 9018.19 9019.14 9019.97 9020.25 9018.89 9017.39
8924.74 8928.6 8930.01 8933.51 8937.7 8940.69 8942.32 8944.06 8945.75 8946.79 8946.89 8947.51 8947.49 8947.54 8946.93 8946.31 8945.23 8944.97 8944.66 8943.5 8941.15 8941.32 8942.12 8942.46 8945.7 8946.81 8947.51 8948.3 8947.89 8944.85 8944.91 8950.52 8951.56 8952.72 8954.56 8956.06 8956.82 8957.76 8960.5 8965.6 8970.8 8971.39 8972.96 8975.4 8977.82 8980.41 8983.32 8983.32 8984.67 8986.18 8987.67 8988.99 8989.64 8991.29 8995.02 8999.2 9003.08 9006.04 9008.86 9011.49 9015.85 9017.57 9018.77 9019.97 9020.22 9018.03 9015.97
8924.38 8927.41 8929.43 8932.24 8937.55 8938.9 8941.09 8943.71 8947.17 8952.75 8952.35 8949.21 8948.05 8946.92 8946.08 8945.21 8944.37 8943.12 8942.33 8941.15 8939.76 8939.71 8938.12 8937.7 8940.9 8943.35 8944.34 8945.3 8945.32 8943.26 8943.41 8946.3 8946.18 8946.41 8950.66 8954.73 8957.56 8958.87 8961.65 8964.71 8968.3 8971.64 8972.73 8974.3 8975.82 8976.59 8975.68 8979.55 8982.59 8985.22 8987.25 8988.92 8990.8 8992.94 8995.95 8999.51 9002.9 9006.01 9008.25 9010.65 9014.94 9016.56 9017.46 9017.92 9017.75 9016.73 9015.61
8926.71 8929.63 8933.13 8936.19 8933.82 8936.72 8939.6 8942.42 8945.56 8948.92 8950.39 8948.73 8947.58 8946.8 8945.86 8944.51 8943.49 8942.24 8940.49 8939.86 8943.67 8939.37 8937.23 8936.77 8938.45 8940.52 8942.02 8942.71 8942.41 8941.89 8942.28 8949.1 8944.85 8944.88 8947.41 8951.21 8955.13 8958.19 8961.86 8966.5 8966.04 8968.2 8971.98 8973.85 8974.65 8974.9 8975.95 8978.07 8981.36 8984.33 8987 8988.97 8990.97 8994.13 8997.32 9000.07 9003.06 9006.22 9008.04 9010.61 9013.66 9015.2 9015.82 9015.94 9016.07 9015.2 9015.18
