real_craters/C123-300m.grd
DSAA
249 249
-37.275 37.275
-37.275 37.275
8071.309323291 9323.1220298819
[rows 210 to 239 of 249, columns 134 to 200 of 249]
9000.07 8993.15 8986.9 8980.31 8974.4 8970.57 8969.96 8971.28 8973.41 8975.89 8978.5 8980.94 8985.67 8987.69 8989.83 8991.72 8991.57 8989.02 8988.06 8988 8990.19 8992.41 8996.56 8996.92 8995.69 8993.65 8991.4 8989.45 8988.86 8989.83 8990.79 8993.91 8998.3 9003.21 9004.81 8998.63 8991.65 8991.33 8994.79 8998.25 9001.86 9006.24 9009.52 9011.21 9012.93 9014.17 9015.22 9015.57 9017.83 9020.04 9020.36 9016.75 9009.75 9005.82 9003.61 9002.43 9002.47 9001.6 9001.41 9001.64 9002.45 9003.44 9004.71 9006.28 9007.42 9008.74 9009.8
9003.89 8997.22 8989.73 8981.77 8973.72 8968.59 8969.34 8971.62 8973.95 8976.26 8978.37 8981.59 8983.42 8984.71 8985.73 8986.56 8987.02 8984.92 8984.22 8984.19 8985.24 8990.8 8995.66 8997.27 8995.58 8992.83 8990.08 8987.6 8986.29 8986.98 8989.13 8992.66 8997.28 9003.35 9011.28 8998.69 8987.71 8990.45 8991.36 8992.35 8995 8998.18 9001.5 9004.7 9008.23 9013.47 9020.51 9020.53 9021.3 9025.16 9024.7 9018.9 9012.13 9007.69 9005.52 9004.26 9004.34 9003.73 9003.33 9003.06 9003.69 9004.23 9005.21 9007.03 9007.83 9008.91 9009.55
9010.51 9002.51 8993.93 8984.99 8975.88 8969.33 8970.87 8973.85 8976.53 8978.21 8979.71 8982.14 8982.52 8982.28 8981.62 8980.13 8981.6 8981.2 8981.35 8981.54 8983.14 8989.13 8995.75 8997.08 8994.72 8991.88 8988.76 8985.57 8983.26 8983.56 8986.56 8990.25 8993.89 8996.71 8995.46 8993.62 8985.71 8986.83 8986.62 8987.9 8989.8 8991.84 8994.22 8997.47 9001.07 9006.28 9013 9015.5 9017.77 9020.81 9018.25 9011.91 9009.78 9007.96 9006.44 9005 9004.4 9004.46 9004.24 9004.7 9005.23 9006.33 9007.68 9008.51 9009.06 9009.62 9010.08
9017.06 9007.98 8999.18 8990.38 8981.64 8975.03 8976.28 8979.18 8981.23 8981.96 8982.34 8983.56 8982.82 8981.26 8979.22 8978.29 8978.52 8979.09 8980.07 8980.95 8983.29 8987.7 8991.64 8993.45 8993.16 8990.99 8988.08 8984.59 8981.02 8981.71 8984.82 8987.94 8990.4 8992.68 8995.49 8995.42 8991.66 8981.14 8981.18 8985.74 8988.28 8985.16 8987.5 8989.99 8992.24 8994.62 8998.08 9004.41 9009.39 9011.96 9008.82 9006.21 9007.09 9007.13 9006.47 9005.64 9004.7 9004.97 9005.51 9005.84 9006.79 9008.36 9010.4 9009.9 9009.97 9010.42 9011.23
9022.03 9012.9 9004.87 8997.69 8991.08 8986.02 8985.92 8987.41 8987.77 8987.13 8986.39 8985.1 8985.03 8982.97 8979.2 8974.02 8976.84 8979.25 8980.53 8981.56 8983.56 8987.08 8990.7 8992.95 8992.06 8990.64 8988.69 8986.05 8982.24 8982.72 8985.09 8986.78 8987.99 8988.89 8993.51 9000.88 8998.87 8984.7 8980.31 8983.94 8987.19 8985.91 8983.61 8983.84 8984.05 8984.31 8986.56 8994.33 9001.12 9005.26 9005.18 9004.44 9005.93 9006.57 9007.05 9006.81 9005.7 9005.84 9005.97 9006.49 9007.17 9008.19 9009.32 9009.93 9010.91 9011.96 9012.78
9022.88 9015.27 9009.47 9005.16 9002.07 8998.43 8998.37 8997.71 8995.04 8992.17 8990.19 8989.14 8988.35 8987.57 8986.21 8982.63 8981.75 8981.67 8981.89 8983.37 8984.93 8986.66 8989.04 8990.9 8990.67 8990.6 8990.22 8990.13 8989.34 8987.49 8986.89 8986.97 8987.59 8989.08 8996.94 9009.6 9009.56 8990.58 8980.02 8980.27 8982.79 8980.23 8979.29 8978.98 8978.4 8977.91 8980.41 8987.7 8994.92 9000.79 9007.7 9004.61 9006.06 9007.28 9007.85 9007.8 9006.24 9006.34 9006.37 9006.63 9006.99 9007.41 9008.04 9009.51 9011.78 9013.64 9015.01
9018.83 9014.17 9011.38 9010.78 9013.01 9017.65 9016.79 9008.16 9001.05 8996.42 8993.42 8992.06 8991.73 8992.22 8995.99 8997.15 8988.68 8984.48 8982.59 8982.36 8984.02 8986.07 8987.34 8987.11 8989.67 8990.75 8991.17 8992.77 8994.72 8990.69 8988.16 8987.65 8988.68 8991.97 9001.52 9014.48 9012.57 8990.67 8976.73 8974.66 8973.76 8974.72 8974.93 8975.38 8975.39 8974.63 8977.17 8984.01 8990.72 8996.68 8996.85 9003.85 9006.88 9007.99 9008.08 9007.82 9007.65 9006.41 9006.46 9006.5 9006.79 9007.02 9006.99 9009.87 9013.27 9016.27 9018.58
9011.16 9009.99 9009.74 9011.7 9017.06 9027.23 9025.96 9011.59 9002.68 8997.44 8994.46 8993.64 8993.13 8993.19 8994.28 8993.9 8989.83 8985.26 8982.12 8980.55 8982.97 8986.52 8989.54 8990.92 8992.6 8991.3 8989.79 8989.59 8990.48 8988.13 8987.13 8987.59 8989.52 8993.09 9002.16 9010.56 9006.39 8988.85 8974.84 8971.34 8970.25 8969.76 8971.89 8973.8 8975.41 8977.11 8978.85 8982.56 8987.45 8994.22 9005.48 9008.36 9008.51 9008.51 9008.15 9006.49 9006.36 9006.42 9006.55 9006.66 9006.91 9007.45 9009.03 9011.53 9015.01 9019.3 9023.54
9002.55 9003.87 9005.02 9006.69 9009.69 9012.98 9010.09 9003.16 8998.49 8995.56 8993.58 8993.29 8992.9 8992.2 8990.76 8989.44 8988.22 8984.63 8981.19 8979.66 8983.01 8988.14 8993.6 8999.67 8996.75 8991.33 8986.32 8982.14 8980.5 8982.15 8984.06 8986.84 8990.43 8995 9002.68 9007.82 9002.34 8988.76 8976.46 8971.03 8968.28 8968.74 8970.69 8973.26 8976.39 8980.44 8981.23 8981.57 8983.66 8987.42 8997.19 9007.16 9008.33 9007.96 9007.63 9006.11 9006.08 9006.13 9006.45 9006.67 9007.01 9007.83 9009.37 9012.23 9016.8 9022.46 9029.07
8995.13 8997.62 8998.86 8999.23 8998.02 8993.2 8986.75 8990.26 8991.6 8991.76 8991.9 8991.43 8991.21 8991.19 8991.89 8989.41 8987.37 8984.24 8980.61 8978.59 8984.06 8990.09 8995.53 8999.01 8996.61 8990.26 8982.57 8975.36 8972.97 8976.48 8980.67 8985.44 8991.03 8997.44 9003.66 9007.7 9001.35 8989.62 8979.03 8971.9 8969.08 8969.39 8970.66 8973.07 8976.1 8979.03 8980.01 8980.06 8980.51 8982.14 8991.87 9004.36 9005.95 9005.73 9005.88 9005.63 9005.93 9006.41 9006.8 9007.11 9007.44 9007.9 9008.74 9011.54 9017.5 9024.39 9031.45
8990.01 8992.29 8993.11 8992.45 8989.73 8984.06 8979.64 8983.31 8986.25 8988.02 8989.12 8989.02 8988.96 8988.75 8988.49 8988.04 8986.89 8984.75 8982.45 8982.59 8987.04 8992.6 8997.36 8999.81 8997.3 8989.64 8980.05 8971.29 8968.64 8972.48 8977.64 8983.64 8990.19 8997.2 9002.79 9006.38 8999.66 8988.83 8978.17 8971.29 8968.93 8969.41 8970.84 8973.23 8975.65 8977.17 8978.58 8978.96 8978.99 8980.15 8988.27 8998.58 9001.47 9002.89 9004.21 9004.96 9006.06 9006.89 9007.64 9008.22 9008.65 9008.8 9008.86 9010.92 9018.14 9025.63 9031.9
8987.53 8988.67 8988.78 8987.85 8985.61 8982.72 8981.05 8982.04 8983.63 8985.13 8985.78 8985.95 8985.75 8985.48 8986.44 8986.51 8986.78 8986.06 8985.26 8987.21 8991.06 8995.96 9000.08 9002.92 8999.95 8990.04 8979.25 8970.1 8967.19 8969.98 8974.97 8981.55 8989.1 8995.55 9000.35 9000.5 8997.46 8988.29 8976.43 8970.95 8967.03 8968.56 8971.22 8973.92 8976.64 8978.59 8979.06 8979.22 8979.22 8979.75 8984.78 8991.32 8996.58 8999.95 9002.05 9003.25 9005.15 9006.89 9008.25 9009.55 9010.55 9011.18 9011.34 9012.55 9020.51 9027.79 9033.31
8986.48 8986.45 8986.04 8985.08 8983.76 8982.58 8982.14 8982.31 8982.42 8982.84 8982.66 8982.56 8981.82 8981.79 8982.49 8985.27 8987.4 8988.31 8987.39 8989.76 8995.47 8999.96 9002.93 9003.39 8999.09 8990.8 8979.89 8969.51 8966.52 8968.26 8972.18 8978.26 8987.5 8997.08 9001.51 9001.68 8999.71 8992.02 8981.67 8976.08 8975.92 8971.37 8972.69 8975.09 8977.71 8979.8 8980.04 8980.35 8981.04 8982.48 8985.24 8988.88 8993.84 8997.17 8999.67 9001.82 9004.25 9006.32 9008.81 9010.93 9013.08 9015.11 9016.85 9018.94 9025.51 9031.43 9035.96
8985.85 8984.9 8984.09 8983.34 8982.75 8982.35 8982.63 8982.2 8981.6 8981.3 8978.64 8978.24 8978.46 8978.83 8980.39 8985.12 8989.28 8992.94 8994.71 8997.56 9001.58 9004.8 9006.78 9006.1 9001.1 8993.77 8982.79 8971.72 8967.3 8966.92 8968.84 8972.86 8979.6 8992.45 9007.36 9013.06 9006.07 8998.27 8991.75 8982.62 8972.33 8973.23 8974.63 8976.23 8978.01 8979.56 8980.52 8981.54 8982.98 8984.99 8987.13 8990.51 8992.59 8995.42 8998.13 9000.21 9002.9 9005.58 9008.76 9011.9 9015.46 9019.61 9024.06 9027.35 9032.83 9035.32 9037.6
8984.27 8982.9 8982.13 8981.58 8981.16 8981.27 8981.23 8980.79 8980.24 8979.41 8976.2 8975.16 8975.22 8976.52 8980.12 8985.66 8991.69 8998.36 9006.84 9007.71 9008.07 9009.78 9011.37 9011.73 9008.81 8999.48 8987.06 8976.31 8968.86 8965.69 8965.37 8967.05 8971.5 8987.02 9008.3 9016.35 9007.76 9000.1 8995 8985.33 8974.36 8975.98 8976.7 8977.22 8977.92 8979.17 8980.68 8982.38 8984.41 8986.36 8987.58 8989.19 8990.94 8993.43 8996.1 8999.07 9002.19 9005.51 9008.41 9012.51 9017.08 9022.62 9029.97 9040.68 9039.45 9036.12 9035.48
8980.94 8980.04 8979.62 8979.36 8979.44 8979.82 8980.14 8979.96 8978.71 8977.44 8973.01 8971.64 8970.09 8972.67 8977.93 8985.53 8993.26 9000.13 9006.01 9010.14 9011.75 9012.96 9014.36 9016.01 9016.29 9003.77 8987.64 8975.77 8967.83 8963.8 8962.28 8962.51 8965.76 8979.69 8997 9004.55 9000.59 8994.73 8989.03 8981.18 8975.11 8977.21 8977.91 8977.86 8977.9 8978.96 8980.66 8982.49 8984.63 8986.64 8986.7 8987.28 8988.51 8991.09 8993.98 8997.17 9000.64 9004.35 9008.37 9012.83 9017.7 9023.23 9029.28 9034.64 9034.51 9031.08 9028.35
8976.48 8976.22 8976.3 8976.25 8976.59 8977.53 8978.35 8978.01 8976.66 8975.01 8969.82 8966.59 8964.24 8965.3 8973.01 8984.02 8994.99 9001.79 9004.64 9010.82 9013.31 9013.59 9013.21 9013.29 9014.43 8999.05 8980.96 8969.18 8964.31 8961.49 8960.02 8959.77 8961.85 8971.42 8982.77 8988.68 8988.72 8985.34 8980.16 8974.74 8974.06 8976.28 8977.75 8978.12 8978.56 8979.26 8980.57 8982.07 8983.51 8984.5 8984.62 8984.4 8985.6 8988.55 8991.67 8995.15 8998.97 9002.94 9007.1 9011.37 9016.15 9020.99 9025.16 9026.74 9026.09 9023.14 9017.66
8971.4 8972.08 8972.35 8973.34 8974.05 8975.1 8975.9 8976.09 8974.29 8970.83 8966.76 8962.95 8960.46 8960.3 8970.33 8985.27 8999.27 9008.39 9012.32 9015.37 9014.92 9012.27 9008.38 9003.25 8994.59 8983.71 8972.28 8963.91 8961.32 8959.71 8958.89 8958.97 8960.37 8964.46 8968.18 8974.6 8977.2 8976.04 8972.63 8970.05 8972.13 8975.6 8977.61 8977.68 8977.84 8978.85 8980.2 8981.59 8982.57 8983.07 8983.04 8983.24 8984.29 8986.34 8989.44 8992.69 8996.5 9000.56 9004.96 9009.36 9013.8 9017.94 9021.15 9022.56 9021.67 9017.51 9010.58
8967.41 8968.62 8969.65 8970.56 8971.33 8972.3 8972.71 8972.01 8971.26 8968.41 8964.02 8961.83 8960.29 8958.95 8971.78 8988.58 9005.95 9019.74 9024.79 9022.1 9016.21 9009.43 9001.95 8993.04 8981.61 8972.55 8967.06 8962.58 8960.12 8958.88 8958.54 8959.12 8960.6 8961.28 8962.59 8966.53 8969.21 8969.24 8967.57 8966.16 8969.57 8974.16 8976.73 8976.61 8976.59 8977.94 8979.73 8981.36 8982.34 8982.5 8981.96 8981.23 8981.49 8983.85 8987 8990.63 8994.23 8998.17 9002.3 9006.49 9010.7 9014.5 9017.78 9019.75 9018.84 9014.9 9008.52
8963.99 8965.66 8967 8968.11 8968.85 8969.49 8969.55 8969.09 8968.87 8965.59 8962.82 8963.13 8964.99 8967.59 8977.31 8991.72 9009.96 9030.57 9037.73 9025.5 9014.69 9005.09 8995.54 8985.42 8974.89 8967.66 8965.07 8961.97 8959.6 8958.49 8958.5 8959.07 8959.89 8960.8 8962.13 8963.79 8965.17 8965.5 8964.87 8963.91 8968.04 8972.06 8974.44 8975.2 8975.45 8977.05 8979.21 8981.47 8983.15 8982.82 8981.34 8979.69 8979.05 8981.6 8984.87 8988.52 8992.25 8996.1 9000.01 9003.44 9007.11 9010.66 9013.96 9017.19 9020.11 9013.33 9007.17
8961.4 8962.94 8964.18 8965.11 8965.92 8966.37 8966.93 8967.08 8966.31 8963.01 8961.74 8962.71 8967.21 8976.93 8979.4 8989.78 9005.02 9023.87 9029.03 9018.33 9007.88 8998.26 8988.71 8979.01 8969.9 8963.99 8963.38 8961.09 8958.99 8958.07 8958.31 8959.51 8960.44 8961 8961.96 8962.58 8963.27 8963.77 8964.25 8965.15 8967.35 8971.09 8974.16 8974.06 8974.36 8975.8 8978.35 8981.31 8983.94 8983.14 8980.94 8978.89 8977.75 8980.09 8983.35 8986.66 8990.32 8993.94 8997.52 9000.79 9003.89 9006.7 9009.08 9010.91 9011.21 9008.5 9004.7
8958.66 8960.48 8961.64 8962.76 8963.5 8963.78 8963.77 8962.95 8962.6 8960.79 8959.51 8959.52 8961.13 8964.96 8972.24 8981.02 8990.29 8997.56 9003.14 9002.05 8996.39 8989.21 8981.24 8972.99 8965.43 8960.59 8960.25 8958.74 8957.51 8956.93 8957.32 8958.69 8959.7 8960.56 8961.58 8961.69 8962.13 8962.79 8963.98 8965.43 8966.78 8970.29 8972.3 8971.29 8971.42 8973.69 8976.87 8980.06 8982.39 8982.17 8980.34 8978.48 8977.72 8979.18 8982.07 8985.45 8988.95 8992.26 8994.99 8997.84 9000.36 9002.35 9003.49 9003.5 9001.52 9001.74 9000.83
8958.1 8958.65 8959.61 8960.53 8961.69 8961.85 8961.51 8960.32 8959.84 8959.33 8957.75 8955.84 8952.95 8955.31 8963.41 8970.06 8974.62 8976.83 8981.91 8985.37 8984.07 8979.51 8973.66 8967.03 8960.9 8957.28 8956.93 8956.15 8955.37 8955.3 8955.82 8956.17 8957.52 8958.78 8960.04 8960.8 8961.36 8962.01 8963.04 8964.95 8967.94 8969.58 8970.37 8967.39 8967.43 8971.2 8975.19 8978.77 8980.89 8981.03 8979.76 8978.1 8976.96 8978.35 8981.26 8984.45 8987.7 8990.79 8993.31 8995.67 8997.56 8998.78 8998.84 8998 8996.06 8996.39 8996.47
8957.22 8958.34 8959.53 8960.37 8960.36 8960.7 8960.58 8959.63 8958.86 8958.88 8957.1 8954.65 8952.13 8952.56 8957.6 8961.72 8963.44 8962.12 8968.37 8972.71 8973.32 8970.7 8966.59 8961.6 8956.51 8951.39 8952.44 8953.16 8953.5 8953.94 8954.58 8955.87 8957.01 8958.11 8959.56 8960.82 8961.14 8961.5 8962.53 8965.31 8968.51 8968.37 8966.75 8964.51 8965.63 8969.68 8973.87 8977.77 8980.5 8980.36 8979.39 8978.02 8977.24 8978.19 8980.8 8983.7 8986.55 8989.37 8991.74 8993.67 8995.1 8995.88 8995.72 8994.91 8993.8 8993.56 8993.73
8956.76 8957.85 8958.44 8959.32 8959.99 8960.84 8961.35 8962.27 8963.07 8960.4 8957.34 8954.84 8953.36 8953.51 8955.09 8957.15 8958.46 8960.49 8962.19 8964.65 8965.61 8964.39 8961.66 8957.88 8953.88 8950.96 8950.39 8951.22 8952.24 8953.21 8954.19 8955.46 8958.31 8959.33 8961.22 8962.17 8961.62 8960.86 8961.55 8964.08 8966.73 8967.13 8966.3 8965.07 8966.04 8969.32 8973.06 8976.53 8978.85 8979.51 8979.2 8978.23 8977.28 8978.03 8980.91 8983.49 8985.86 8988.28 8990.23 8991.83 8993 8993.71 8993.92 8993.57 8993.67 8993.73 8993.64
8956.16 8956.6 8957.57 8958.42 8959.29 8960 8961.34 8963.44 8964.05 8960.46 8956.98 8954.52 8953.38 8952.7 8953.63 8954.88 8956.31 8957.16 8959.3 8960.48 8960.8 8960.05 8958.14 8955.71 8952.55 8949.6 8949.08 8950.3 8951.73 8953.25 8954.98 8958.07 8964.09 8964.86 8966.66 8965.12 8962.58 8960.08 8957.6 8961.26 8965.67 8966.27 8965.7 8965.78 8966.74 8969.37 8972.63 8975.7 8977.92 8978.9 8979.24 8979.21 8978.93 8979.7 8982.17 8984.11 8986.09 8987.84 8989.45 8990.76 8991.73 8992.51 8992.82 8992.99 8993.17 8994.66 8994.43
8954.69 8954.72 8955.59 8956.73 8957.64 8958.79 8959.76 8961.03 8961.37 8958.48 8955.27 8952.89 8951.37 8951.62 8952.21 8953.89 8955.89 8957.67 8957.67 8957.91 8957.99 8957.46 8955.86 8954.29 8952.24 8950.33 8949.43 8950.11 8951.9 8953.98 8956.27 8961.25 8972.92 8987.79 8975.41 8967.68 8963.29 8960.33 8958.62 8961.26 8965.03 8965.04 8963.68 8963.47 8966.25 8969.55 8972.64 8975.3 8977.37 8978.66 8979.64 8980.58 8981.78 8983.79 8984.04 8985.12 8986.41 8987.69 8988.88 8989.95 8990.77 8991.53 8991.97 8992.33 8992.62 8993.66 8993.75
8953.43 8953.55 8954.31 8955.1 8955.83 8956.48 8956.94 8957.33 8956.53 8954.47 8952.55 8950.57 8949.12 8949.85 8951.07 8952.64 8954.51 8955.86 8956.01 8956.06 8955.61 8955.3 8954.27 8953.56 8952.71 8951.16 8948.86 8950.18 8952.67 8955.35 8957.64 8959.84 8965.19 8971.61 8969.94 8965.66 8962.56 8960.61 8960.56 8961.65 8963.81 8963.27 8961.49 8962.6 8966.62 8970.37 8973.11 8975.33 8977.18 8978.66 8980.02 8981.45 8982.96 8984.19 8985.15 8985.9 8986.77 8987.71 8988.62 8989.55 8990.3 8991.07 8991.51 8991.79 8991.87 8992.38 8992.38
8952.1 8952.69 8952.81 8953.43 8954.08 8954.41 8954.15 8953.45 8951.16 8950.58 8949.87 8948.71 8948.34 8948.64 8949.78 8951.19 8952.93 8953.97 8954.44 8954.69 8954.39 8954.31 8953.43 8953.19 8953.41 8952.63 8948.83 8951 8953.88 8957 8960.37 8959.58 8951.81 8947.96 8958 8961.13 8960.74 8959.73 8959.31 8960.73 8962.62 8961.95 8959.58 8963.89 8969.52 8972.28 8974.04 8975.59 8977.13 8978.64 8980.19 8981.74 8983.33 8984.78 8985.71 8986.46 8987.18 8987.87 8988.52 8989.25 8989.96 8990.62 8991.19 8991.51 8991.18 8989.95 8991.33
8950.85 8951.46 8950.97 8951.48 8951.79 8951.99 8951.96 8951.48 8950.39 8949.48 8948.42 8947.19 8946.76 8947.56 8948.57 8949.88 8951.28 8952.21 8953.01 8953.52 8953.64 8953.74 8953.01 8952.97 8953.24 8953.57 8951.88 8953.14 8955.07 8957.9 8960.68 8961.02 8955.19 8951.24 8957.49 8959.79 8959.44 8958.38 8958.34 8958.64 8959.57 8959.14 8959.37 8969.86 8973.95 8974.49 8974.88 8975.61 8976.9 8978.34 8980.02 8981.74 8983.43 8984.84 8985.96 8986.66 8987.27 8987.91 8988.6 8989.08 8989.79 8990.47 8991.23 8991.9 8992.21 8992.92 8992.89
