real_craters/C124-1000m.grd
DSAA
44 44
-21.58 21.58
-21.58 21.58
3446.6031134256 4936.67394498
4424.47 4421.43 4422.16 4421.33 4421.42 4420.65 4421.85 4423.22 4423.35 4422.6 4418.33 4420.28 4418.81 4417.62 4417.1 4417.33 4417.92 4418.68 4418.74 4418.81 4415.28 4416.34 4418.17 4417.67 4416.86 4418.59 4419.77 4423.23 4415.58 4413.42 4415.24 4415.76 4415.58 4415.26 4413.56 4413.4 4413.68 4412.81 4410.46 4409.48 4411.11 4409.5 4410.75 4409.25 
4422.39 4420.48 4419 4418.28 4419.21 4420.93 4421.54 4422.05 4421.76 4421.58 4421.16 4418.62 4418.22 4416.63 4415.25 4415.61 4417.12 4418.18 4418.41 4420.21 4417.79 4417.94 4421.09 4425.63 4424.43 4423.55 4421.21 4416.03 4413.77 4413.48 4414.89 4415.05 4415.13 4415 4413.87 4413.16 4412.12 4411.98 4410.69 4411.34 4410.29 4410.19 4410.71 4408.51 
4421.84 4419.54 4417.84 4418.55 4420.02 4421.27 4422.88 4423.91 4423.74 4421.34 4421.59 4417.8 4418.68 4417.8 4415.43 4416.68 4422.03 4423.26 4424.11 4424.98 4421.56 4418.63 4421.02 4427.88 4434.17 4432.55 4426.82 4417.88 4412 4412.79 4414.48 4414.83 4414.91 4415.18 4416.18 4413.93 4412.46 4411.46 4410.13 4412.67 4419.5 4410.44 4410.59 4408.05 
4421.54 4420.13 4416.92 4419.71 4418.83 4419.96 4423.92 4428.14 4429.62 4423.43 4418.33 4421.06 4419.49 4416.63 4415.32 4414.64 4414.37 4417.9 4426.74 4427.4 4427.02 4417.69 4422.31 4434.21 4441.33 4440.05 4435.82 4420.76 4412.13 4413.56 4414.45 4415.35 4415.2 4413.73 4411.13 4412.48 4412.53 4412.58 4410.35 4411.67 4410.29 4408.81 4409.04 4408.11 
4420.64 4419.85 4418.22 4423.59 4417.03 4419.38 4425.98 4433.83 4442.7 4447.6 4441.81 4442.37 4430.51 4419.52 4415.96 4421.71 4428.74 4430.07 4441.42 4523.72 4467.44 4428.96 4438.12 4434.71 4445.31 4447.51 4450.75 4448.54 4419.28 4416.48 4419.55 4417.79 4417.36 4415.87 4413.02 4410.49 4410.58 4412.3 4415.31 4418.14 4414.9 4409.54 4411.16 4408.25 
4419.79 4419.31 4417.98 4417.12 4419.23 4420.77 4427.67 4436.66 4449.22 4472.05 4454.31 4444.09 4439.06 4426.44 4427.41 4438.55 4461.31 4478.58 4467.52 4505.76 4501.75 4464.73 4474.05 4467.08 4457.88 4458.63 4444.46 4433.6 4443.69 4433.87 4419.78 4419.68 4420.97 4419.58 4416.15 4410.06 4407.46 4405.22 4401.07 4396.14 4425.07 4416.98 4406.59 4407.71 
4418.78 4417.85 4417.42 4418.01 4417.82 4421.63 4427.18 4433.44 4438.92 4437.9 4435.11 4430.09 4439.65 4433.08 4419.26 4451.97 4498.01 4548.93 4613.77 4574.69 4554.81 4524.64 4533.54 4502.3 4495.49 4496.31 4485.66 4456.31 4433.58 4417.13 4434.86 4437.8 4435.36 4424.78 4412.77 4409.5 4406.46 4399.31 4379.29 4368.19 4410.81 4415.71 4407.37 4406.41 
4417.51 4415.2 4416.4 4417.05 4417.7 4422.95 4426.7 4428.95 4429.52 4432.4 4428.28 4431.19 4441.71 4445.64 4445.8 4478.88 4536.51 4603.4 4669.44 4691.6 4645.08 4627.07 4606.08 4551.82 4569.23 4565.39 4556.36 4538.14 4502.77 4482.49 4458.07 4461.79 4456.37 4425.58 4416.34 4413.28 4412.23 4406.62 4401.43 4405.87 4405.74 4409.03 4405.83 4405.35 
4416.47 4414.74 4416.14 4418.06 4421.02 4424.78 4426.1 4426.1 4423.73 4416.75 4427.53 4433.81 4440.52 4458.42 4473.07 4487.15 4534.44 4601.37 4643.23 4660.33 4716.87 4767.61 4801.85 4757.13 4691.57 4658.54 4622.75 4629.32 4566.09 4479.28 4481.86 4483.06 4493.18 4522.18 4444.46 4424.89 4424.04 4418.89 4415.18 4407.52 4407.8 4407.3 4405.54 4406.81 
4418.45 4418.69 4433.92 4431.5 4431.24 4428.18 4427.24 4427.23 4428.46 4429.3 4431.69 4437.12 4444.6 4463.08 4465.1 4474.43 4526.36 4573.39 4686.68 4672.29 4740.26 4868.58 4872.34 4804.82 4747.61 4752.5 4726.97 4645.7 4631.01 4570.41 4534.51 4516.08 4503.74 4516.57 4447.73 4431.85 4431.93 4427.07 4419.6 4407.57 4405.51 4404.2 4405.65 4407.6 
4419.49 4421.82 4426.02 4426.73 4428.48 4428.72 4428.63 4429.19 4431.01 4434.08 4434.81 4437.81 4467.67 4468.72 4464.44 4487.44 4546.83 4586.6 4542.21 4619.04 4600.14 4641.66 4612.31 4638.74 4636.38 4756.83 4936.67 4837.67 4682.52 4637.16 4582.22 4532.45 4472.56 4413.08 4404.29 4422.76 4431.68 4427.01 4419.02 4407.97 4404.85 4404.98 4410.46 4411.62 
4419.74 4417.51 4420.97 4425.85 4428.34 4430.72 4429.87 4430.04 4431.32 4434.72 4438.73 4451.84 4482.26 4504.76 4540.23 4554.73 4548.03 4576.51 4548.35 4405.49 4334.51 4250.58 4158.13 4234.25 4354.18 4482.72 4660.82 4772.32 4764.92 4706.67 4661.09 4593.77 4508.89 4438.44 4414.44 4442.07 4441.4 4435.98 4423.21 4407.86 4405.68 4408.66 4410.85 4412.04 
4420.24 4421.39 4421.92 4428.44 4429.88 4431.22 4430.72 4432.32 4435.67 4436.99 4439 4453.33 4489.42 4565.59 4642.36 4680.23 4433.89 4224.98 4041.29 4051.28 4059.74 4016.57 3897.38 3958.5 4036.7 4065.63 4090.71 4248.88 4515.88 4707.86 4773.17 4674.76 4588.66 4549.57 4544.72 4479.93 4466.92 4450.94 4432.16 4411.68 4406.45 4409.74 4410.29 4414.06 
4421.41 4423.41 4426.65 4427.69 4429.02 4430.9 4431.51 4432.37 4438.06 4438.63 4440.37 4458.35 4503.96 4601.1 4587.07 4368.78 4174.95 3903.15 3763.8 3832.78 3870.88 3901.33 3841.41 3817.67 3821.61 3799.18 3744.43 3819.97 4100.16 4513.03 4729.03 4685.11 4628.41 4616.2 4614.46 4569.11 4514.04 4475.75 4444.25 4415.98 4408.6 4413.92 4417.39 4414.83 
4421.34 4421.83 4425.88 4426.46 4428.11 4431.42 4429.52 4431.63 4435.53 4443.69 4450.39 4487.3 4590.59 4711.18 4444.41 4177.31 3977.81 3820.29 3768.27 3746.09 3744.43 3696.7 3653.37 3683.45 3682.92 3701.65 3716.72 3699.23 3868.69 4214.22 4463.48 4587.41 4622.29 4644.85 4633.41 4591.35 4537.67 4492.72 4454.66 4424.94 4408.59 4424.82 4422.56 4409.74 
4423.01 4421.39 4423.66 4423.85 4429.43 4427.87 4427.63 4426.8 4435.27 4461.6 4478.31 4496.2 4658.18 4294.31 4145.08 3991.59 3864.14 3745.35 3692.15 3686.46 3668.03 3628.47 3553.63 3572.47 3586.2 3563.6 3582.83 3631.65 3755.9 3960.63 4184.94 4461.67 4715.43 4674.64 4606.54 4582.19 4543.4 4500.33 4464.47 4430.29 4410.12 4417.68 4427.3 4408.03 
4424.08 4421.8 4422.34 4426.72 4428.29 4428.38 4421.24 4422.52 4440.39 4502.83 4541.51 4508.9 4298.13 3925.35 3882.14 3854.68 3808.08 3749.54 3677.15 3649.43 3630.01 3630.88 3590.25 3530.48 3534.6 3574.78 3559 3589.26 3673.04 3770.97 3911.06 4307.01 4696.15 4681.33 4620.17 4577.11 4534.25 4506.71 4471.09 4436.01 4406.27 4412.36 4420.09 4411.19 
4423.95 4422.15 4420.08 4422.57 4424.4 4421.37 4419.29 4420.26 4456.18 4551.25 4588.85 4439.69 4059.86 3753.78 3727.34 3740.64 3712.97 3676.83 3632.63 3614.83 3598.94 3562.03 3560.33 3499.3 3495.18 3518.9 3561.76 3629.28 3639.94 3674.66 3760.25 4106.4 4469.85 4646.31 4660.47 4602.84 4550.12 4519.62 4478.93 4443.9 4411.59 4409.31 4408.12 4406.98 
4426.16 4421.09 4419.3 4420.1 4420.88 4420.5 4410.31 4413.49 4475.49 4611.29 4664.81 4414.72 3919.02 3632.54 3620.86 3628.6 3587.23 3485.21 3546.87 3596.63 3614.11 3603.44 3569.69 3508.12 3478.18 3465.64 3560.12 3609.05 3630.09 3657.05 3733.02 3951.24 4279.86 4604.92 4714.76 4652.8 4581.19 4540.36 4501.6 4455.97 4418.59 4409.01 4403.32 4402.85 
4421.8 4419.91 4417.05 4418.66 4428.12 4416.52 4408.4 4415.63 4498.37 4658.57 4765.77 4446.56 3859.79 3581.92 3548.36 3535.09 3510.21 3497.03 3538.76 3613.29 3676.86 3692.62 3665.12 3595.02 3542.53 3504.64 3527.41 3569.19 3602.4 3652.65 3735.99 3849.02 4167.83 4707.11 4780.33 4702.47 4615.71 4577.65 4520.63 4474.46 4429.39 4406.32 4402.18 4418.33 
4416.09 4415.46 4426.21 4429.59 4432.54 4424.25 4424.76 4437.9 4513.79 4629.74 4661.76 4358.09 3850.36 3548.39 3496.19 3479.19 3446.6 3490.83 3548.53 3644.26 3780.82 3888.72 3850.1 3746.78 3668.06 3570.37 3508.85 3506.64 3584.76 3653.1 3729.84 3780.46 4098.24 4586.23 4764.74 4736.88 4681.03 4614.59 4548.83 4483.06 4422.91 4401.27 4404.74 4403.69 
4413.81 4416.73 4459.06 4441.85 4427.97 4429.2 4434.1 4451.01 4511.48 4576.74 4523.69 4282.77 3890.98 3594.25 3539.82 3489.38 3458.61 3472.21 3540.11 3630.36 3763.69 4033.69 3995.72 3998.24 3757.12 3590.45 3529.36 3534.83 3586.57 3649.78 3711.63 3759.08 4132.9 4651.87 4755.88 4735.8 4683.22 4625.91 4553.97 4483.48 4425.46 4403.24 4405.35 4402.91 
4414.78 4440.67 4454.4 4442.01 4427.51 4428.52 4431.66 4435.83 4498.95 4551.52 4520.64 4314.23 4009.45 3676.97 3617.03 3518.39 3454.92 3484 3527.64 3575.84 3638.2 3810.6 3877.71 3847.58 3702.42 3529.65 3498.25 3545.08 3592.28 3643.57 3706.58 3799.01 4203.64 4630.06 4733.55 4710.76 4653.33 4596.59 4532.28 4475.33 4426.84 4400.41 4402.06 4402.93 
4416.37 4426.43 4434.35 4434.17 4426.48 4427.86 4433.93 4452.03 4492.86 4532.73 4535.32 4396.04 4129.26 3841.09 3676.93 3563.93 3495.07 3527.52 3531.2 3531.02 3530.69 3619.54 3693.51 3667.97 3624.27 3508.03 3500.05 3540.79 3579.78 3624.58 3689.45 3855.39 4299.12 4656.37 4730.22 4681.7 4591.66 4541.37 4510.76 4465.48 4428.26 4405.59 4401.48 4408.98 
4416.8 4413.55 4418.02 4427.43 4430.41 4428.4 4432.83 4437.94 4476.54 4504.64 4523.38 4562.57 4355.66 3894 3694.03 3626.82 3614.68 3573.67 3544.26 3524.03 3518.05 3527.58 3595.97 3621.63 3629.88 3553.64 3500.38 3544.57 3586.54 3613.62 3632.56 3862.23 4417.8 4742.71 4753.94 4676.35 4556.81 4491.48 4481.23 4454.04 4425.56 4402.41 4397.16 4396.5 
4414.09 4413.76 4413.97 4419.48 4422.54 4423 4436.95 4454.45 4459.63 4492.14 4579.32 4739.91 4577.99 4022.47 3720.45 3652.3 3628.81 3576.96 3554.62 3539.71 3524.6 3523.92 3580.11 3634.28 3664.46 3589.98 3561.25 3582.23 3639.69 3691.57 3728.14 3996.66 4548.91 4792.08 4767.1 4676.02 4560.71 4490.64 4474.33 4445.57 4418.53 4396.78 4393.99 4391.29 
4413.51 4413.02 4414.57 4414.98 4412.5 4413.06 4427.9 4436.91 4439.75 4454.92 4562.69 4778.07 4652.47 4182.21 3771.94 3650.36 3598.27 3560.91 3576.39 3572.96 3562.22 3563.23 3588.78 3616.24 3621.99 3596.25 3563.5 3660.46 3771.8 3883.24 3992.75 4326.06 4747.14 4825.96 4762.24 4658.56 4568.57 4521.89 4467.26 4435.9 4414.14 4403.24 4396.09 4392.09 
4412.44 4415.49 4417.63 4414.38 4412.2 4415.98 4423.36 4425.27 4421.22 4436.73 4535.66 4676.87 4643.41 4394.29 3995.74 3728.16 3663 3637.8 3644.34 3615.03 3608.74 3603.16 3617.01 3611.38 3610.49 3694.03 3723.54 3815.38 3979.77 4175.33 4379.8 4709.55 4836.28 4786.28 4706.75 4606.71 4511.55 4433.49 4431.11 4420.63 4407.07 4396.75 4393.71 4394.32 
4409.97 4410.25 4412.04 4412.32 4410.6 4407.86 4414.03 4411.81 4404.76 4423.33 4521.15 4678.61 4710.68 4667.58 4407.75 4006.23 3799.68 3842.71 3767.21 3656.36 3620.8 3672.07 3696.87 3687.16 3676.52 3749.1 3819.33 3975.57 4185.88 4435 4742.12 4823.38 4768.83 4702.36 4636.42 4554.23 4473.91 4403.63 4411.72 4413.2 4404.05 4393.23 4391.07 4392.28 
4412.18 4410.88 4410.98 4411.11 4410.41 4407.46 4407.14 4398.44 4388.81 4395.72 4477.51 4578.01 4719.52 4835.69 4843.28 4520.38 4186.02 4040.22 3931.86 3829.14 3785.7 3865.91 3861.34 3825.46 3831.73 3881.24 3971.47 4134.4 4331.1 4547.05 4757.89 4695.17 4574.64 4616.27 4581.17 4529.54 4476.6 4433.78 4427.31 4414.79 4405.63 4397.45 4393.4 4393.3 
4411.81 4410.12 4410.19 4410.55 4410.49 4407.34 4405.27 4396.17 4388.05 4393.41 4471.64 4617.32 4689.93 4751.86 4698.77 4737.92 4621.35 4351.16 4235.45 4177 4285.28 4143.27 4074.45 4008.76 3983.68 4073.83 4169.12 4293.86 4427.89 4541.23 4603.58 4622.59 4606.61 4601.38 4569.78 4519.01 4476.08 4442.53 4420.76 4409.57 4406.94 4412.04 4406.34 4397.36 
4410.4 4409.21 4410.01 4410.05 4409.71 4405.98 4405.77 4397.29 4392.5 4400.93 4442.63 4515.59 4607.52 4687.67 4780.13 4737.41 4729.83 4749.94 4665.4 4416.65 4354.8 4376.01 4336.17 4278.91 4314.09 4504.63 4438.14 4447.84 4491.78 4538.53 4549.9 4611.9 4692.02 4595.28 4531.94 4487.63 4446.96 4406.49 4391.93 4398.35 4396.43 4393.8 4402.3 4393.18 
4410.02 4409.44 4409.23 4409.3 4408.95 4406.64 4405.66 4402.62 4400.93 4405.42 4407.66 4443.45 4542.95 4639.54 4710.05 4800.62 4786.52 4814.95 4803.93 4804.13 4711.65 4602.55 4604.13 4737.78 4751.24 4714.82 4613.42 4546.7 4548.48 4577.36 4621.02 4585.56 4587.01 4547.28 4505.43 4467.15 4433.38 4404.46 4391.37 4391.37 4389.01 4386.77 4384.52 4385.93 
4410.95 4411.73 4409.1 4408.5 4408.9 4408.09 4405.52 4405.08 4404.7 4405.6 4397.74 4424.32 4495.15 4574.05 4659.32 4662.96 4723.85 4752.13 4800.55 4828.31 4782.62 4693.21 4675.74 4737.86 4771.92 4680.97 4629.35 4596.73 4563.48 4535.59 4524.35 4526.22 4462.99 4456.46 4458.7 4444.39 4421.58 4402.24 4390.77 4387 4384.15 4382.84 4384.42 4383.91 
4414.33 4410.66 4407.49 4407.68 4409.04 4408.46 4405.16 4406.02 4405.63 4403.76 4399.66 4416.97 4461.57 4511.32 4545.15 4574.37 4607.07 4633.97 4656.27 4695.68 4682.35 4637.07 4597.04 4574.37 4585.37 4603.04 4552.47 4523.54 4491.06 4466.8 4462.1 4432.3 4410.61 4425.86 4422.47 4412.94 4400.08 4391.98 4384.96 4384.87 4381.64 4381.9 4382.82 4383.91 
4415.6 4408.11 4406.09 4407.47 4409.76 4411.29 4408.78 4407.2 4406.84 4406.62 4406.93 4412.83 4430.34 4449.77 4467.07 4547.88 4505.93 4506.07 4504.93 4550.05 4558.27 4539.28 4493.7 4429.59 4408.5 4406.98 4457.37 4466.05 4448.03 4407.62 4427.21 4492.81 4484.74 4449.57 4411.17 4401.63 4387.7 4383.5 4382.65 4394.58 4386.86 4390.35 4386.87 4384.87 
4409.56 4405.21 4408.84 4413.35 4411.38 4409.25 4408.7 4408.16 4407.53 4407.88 4408.39 4407.94 4410.46 4413.39 4413.46 4504.17 4452.66 4432.37 4406.86 4437.03 4472.53 4467.4 4456.6 4476.8 4447.64 4389.06 4408.88 4409.29 4412.54 4424.77 4418 4408.5 4405.24 4387.96 4391.02 4385.47 4383.77 4378.81 4381.23 4413.88 4472.78 4432.64 4394.96 4383.87 
4421.58 4404.92 4405.98 4415.9 4413.74 4408.71 4408.5 4409.59 4407.97 4405.8 4406.11 4405.24 4403.89 4406.99 4409.83 4411.28 4417.23 4417.25 4411.39 4408.3 4423.74 4425.34 4408.62 4403.67 4441.7 4460.49 4425.18 4408.84 4402.36 4393.96 4400.25 4389.77 4386.03 4386.05 4386.41 4387.66 4380.03 4377.91 4382.33 4402.22 4389.18 4418.25 4395.28 4384.23 
4399.22 4398.4 4405.81 4421.73 4414.89 4409.72 4415.51 4413.61 4409.53 4405.99 4402.18 4402.32 4403.58 4403.94 4403.32 4405.23 4398.74 4421.45 4444.36 4403.43 4403.09 4404.31 4412.97 4403.56 4402.5 4401.76 4408.58 4402.87 4391.82 4382.15 4388.92 4391.38 4388.32 4387.31 4385.3 4384.68 4385.91 4379.21 4383.44 4389.53 4403.81 4395.64 4388.42 4382.9 
4396.72 4396.26 4407.07 4408.4 4410.27 4415.15 4410.79 4409.51 4407.92 4404.47 4399.87 4399.3 4399.68 4398.87 4396.19 4396.6 4399.98 4410.02 4403.78 4399.06 4397.03 4397.68 4392.93 4390.43 4393.69 4390.04 4393.75 4395.48 4390.98 4384.3 4386.52 4387.21 4384.84 4383.27 4383 4382.76 4381.63 4380.24 4380.91 4380.45 4379.77 4382.26 4382.14 4382.15 
4402.01 4401.74 4410.04 4410.63 4405.03 4402.05 4404.62 4405.71 4403.69 4400.48 4397.17 4397.34 4398.24 4398.58 4396.85 4392.2 4393.46 4399.93 4398.16 4393.21 4397.71 4400.79 4398.14 4390.77 4390.14 4393.91 4397.67 4395.68 4393.08 4389.22 4384.72 4382.99 4382.76 4382.42 4382.13 4382.35 4382.26 4381.44 4380.66 4379.25 4377.91 4379.96 4380.1 4380.6 
4397.15 4397.4 4396.49 4401.47 4402.39 4401.61 4403.29 4403.35 4399.36 4396.2 4394.95 4395.39 4396.42 4397.68 4395.16 4392.99 4395.29 4398 4393.34 4400.74 4400.79 4401.09 4403.14 4389.62 4391.01 4401.04 4403.11 4396.18 4391.84 4388.86 4384.26 4382.35 4381.93 4381.56 4381.52 4381.82 4381.83 4381.41 4380.56 4378.55 4376.93 4377.38 4377.72 4378.61 
4394.99 4394.32 4394.4 4399.69 4401.99 4401.12 4399.4 4397.67 4397.06 4394.64 4392.93 4393.37 4393.98 4394.18 4393.46 4392.81 4397.31 4396.77 4393.17 4391.31 4397.07 4395.75 4391.93 4390.27 4390.04 4393.26 4392.57 4391.79 4386.91 4384.57 4384.57 4382.66 4381.78 4381.6 4380.99 4380.95 4381.31 4381.52 4381.23 4379.7 4376.05 4375.9 4376.34 4377.04 
4398.57 4396.42 4394.13 4397.12 4397.36 4397.61 4397.84 4393.09 4394.27 4393.03 4391.88 4391.87 4391.82 4392.2 4393.61 4394.6 4395.83 4395.02 4392.78 4391.49 4393.19 4392.34 4391.15 4390.3 4391.13 4392.9 4394.06 4389.17 4384.94 4383.34 4383.11 4382.31 4381.46 4380.29 4380.06 4380.16 4380.43 4380.49 4380.87 4379.27 4375.33 4375.24 4375.66 4376.15 
