real_craters/C124-750m.grd
DSAA
102 102
-37.765 37.765
-37.765 37.765
7802.970488697 9958.4836510156
[rows 38 to 75 of 102, columns 0 to 83 of 102]
9258 9255 9253 9246 9243 9238 9231 9224 9218 9222 9218 9210 9207 9211 9214 9208 9211 9215 9217 9219 9227 9251 9278 9283 9283 9291 9296 9305 9314 9321 9326 9331 9337 9345 9358 9373 9398 9444 9529 9594 9726 9919 9915 9774 9642 9519 9451 9392 9368 9375 9381 9392 9408 9410 9429 9465 9501 9583 9732 9723 9684 9592 9496 9452 9431 9417 9395 9328 9262 9232 9217 9209 9209 9208 9205 9202 9201 9200 9196 9191 9185 9177 9169 9165
9249 9245 9241 9236 9235 9232 9227 9220 9214 9215 9215 9211 9204 9203 9209 9210 9210 9212 9214 9218 9227 9257 9283 9283 9284 9289 9299 9308 9319 9325 9321 9330 9340 9350 9367 9388 9421 9467 9531 9616 9737 9958 9882 9682 9493 9312 9244 9226 9226 9195 9158 9158 9160 9167 9177 9192 9223 9301 9408 9602 9625 9538 9440 9419 9416 9405 9379 9333 9284 9251 9229 9223 9227 9221 9217 9210 9204 9203 9200 9197 9193 9188 9179 9168
9252 9245 9241 9236 9233 9230 9224 9219 9216 9208 9210 9209 9207 9210 9211 9211 9211 9214 9213 9215 9227 9248 9269 9279 9281 9294 9302 9311 9322 9334 9338 9331 9345 9367 9382 9407 9445 9487 9526 9629 9735 9808 9700 9511 9323 9176 9067 9006 8966 8908 8912 8909 8916 8916 8910 8910 8921 8992 9132 9306 9448 9447 9397 9412 9416 9405 9381 9342 9292 9268 9279 9272 9255 9241 9230 9220 9215 9209 9206 9202 9200 9193 9187 9181
9254 9245 9243 9238 9234 9230 9225 9219 9211 9210 9210 9209 9231 9218 9227 9211 9208 9206 9208 9213 9217 9256 9276 9281 9290 9298 9303 9312 9322 9334 9342 9339 9346 9360 9380 9419 9474 9535 9602 9726 9821 9610 9467 9298 9115 8942 8819 8756 8708 8666 8666 8676 8675 8679 8678 8667 8659 8724 8889 9091 9322 9357 9398 9427 9438 9422 9397 9357 9317 9296 9304 9298 9278 9254 9246 9228 9215 9215 9213 9211 9206 9203 9196 9193
9260 9249 9245 9241 9237 9232 9226 9220 9214 9211 9214 9227 9261 9227 9215 9207 9204 9208 9215 9215 9219 9260 9279 9280 9275 9288 9299 9308 9318 9328 9340 9340 9343 9355 9377 9424 9499 9586 9674 9746 9698 9403 9246 9081 8902 8727 8597 8517 8451 8408 8417 8434 8457 8473 8476 8468 8466 8530 8685 8862 9071 9253 9374 9469 9483 9453 9406 9370 9345 9327 9322 9310 9293 9290 9275 9257 9235 9225 9224 9221 9217 9204 9205 9200
9268 9256 9249 9246 9242 9234 9227 9221 9213 9211 9223 9275 9266 9227 9213 9207 9210 9219 9216 9215 9231 9267 9277 9275 9270 9285 9296 9304 9312 9317 9329 9330 9338 9357 9373 9423 9505 9606 9711 9750 9464 9235 9066 8891 8709 8535 8392 8310 8250 8204 8194 8231 8275 8300 8314 8313 8314 8379 8522 8674 8882 9168 9427 9543 9530 9489 9447 9415 9378 9348 9332 9319 9291 9252 9239 9263 9247 9240 9239 9235 9230 9240 9228 9220
9269 9257 9249 9247 9244 9237 9230 9223 9217 9217 9231 9276 9239 9218 9219 9215 9216 9218 9211 9212 9227 9260 9269 9273 9277 9286 9293 9300 9307 9315 9320 9327 9333 9345 9370 9419 9501 9584 9644 9575 9325 9137 8931 8734 8536 8349 8206 8127 8096 8050 8031 8082 8133 8167 8184 8187 8186 8236 8385 8528 8770 9086 9395 9554 9547 9515 9472 9440 9417 9401 9362 9329 9294 9258 9250 9266 9269 9265 9256 9252 9247 9248 9250 9248
9263 9253 9245 9242 9239 9238 9236 9228 9233 9234 9239 9262 9237 9227 9224 9219 9213 9216 9216 9218 9225 9237 9256 9267 9276 9287 9294 9300 9305 9313 9319 9328 9333 9351 9382 9422 9490 9541 9550 9455 9233 9031 8819 8610 8395 8185 8018 7951 7973 7937 7941 7991 8039 8072 8086 8100 8105 8145 8281 8396 8690 8999 9278 9451 9504 9508 9492 9473 9447 9408 9365 9334 9309 9293 9279 9268 9275 9274 9272 9269 9267 9279 9266 9256
9251 9246 9237 9231 9228 9237 9249 9260 9262 9260 9266 9257 9248 9235 9224 9219 9215 9214 9215 9224 9230 9235 9248 9263 9275 9283 9294 9300 9304 9308 9318 9328 9333 9355 9392 9425 9467 9497 9478 9372 9124 8913 8718 8507 8284 8057 7836 7821 7838 7884 7921 7952 7987 8014 8033 8038 8048 8074 8154 8380 8639 8908 9161 9348 9448 9489 9507 9511 9471 9419 9376 9336 9322 9309 9292 9287 9287 9286 9284 9283 9282 9283 9267 9244
9240 9236 9229 9224 9221 9235 9256 9290 9276 9260 9251 9250 9246 9233 9222 9218 9217 9218 9224 9228 9231 9235 9240 9255 9274 9290 9296 9299 9303 9311 9319 9327 9338 9363 9394 9412 9445 9461 9439 9336 9052 8835 8637 8428 8215 8005 7831 7803 7847 7885 7922 7936 7960 7985 8005 8005 8013 8039 8136 8324 8569 8822 9069 9284 9379 9452 9505 9528 9475 9389 9350 9347 9330 9324 9327 9309 9301 9293 9291 9289 9291 9277 9261 9241
9237 9238 9234 9224 9220 9232 9246 9265 9292 9258 9241 9241 9234 9226 9220 9214 9214 9216 9215 9216 9224 9228 9229 9229 9257 9289 9296 9296 9299 9307 9322 9341 9373 9386 9412 9423 9450 9450 9413 9287 9003 8776 8582 8382 8189 8001 7858 7823 7838 7851 7883 7915 7944 7965 7983 7987 8006 8035 8131 8298 8501 8737 8955 9139 9287 9402 9487 9524 9479 9363 9321 9328 9324 9323 9323 9316 9308 9309 9291 9274 9259 9255 9250 9241
9236 9232 9227 9228 9236 9234 9234 9243 9274 9248 9237 9236 9228 9224 9229 9217 9217 9219 9228 9231 9223 9224 9226 9229 9253 9285 9290 9290 9292 9304 9326 9352 9373 9397 9434 9476 9470 9446 9393 9231 8945 8725 8542 8357 8178 8015 7885 7840 7837 7832 7857 7895 7922 7942 7967 7976 8004 8049 8156 8309 8479 8692 8884 9041 9212 9355 9468 9545 9506 9384 9328 9320 9315 9315 9310 9303 9300 9292 9280 9270 9256 9246 9240 9234
9231 9227 9225 9228 9232 9231 9232 9234 9241 9242 9235 9233 9229 9222 9219 9222 9220 9220 9221 9233 9227 9230 9235 9242 9258 9273 9283 9286 9288 9302 9327 9354 9376 9400 9426 9421 9429 9432 9385 9207 8858 8692 8523 8354 8190 8040 7915 7860 7852 7860 7869 7890 7915 7934 7960 7986 8019 8078 8190 8322 8530 8701 8868 9021 9185 9337 9452 9515 9502 9422 9378 9329 9311 9314 9308 9294 9291 9284 9271 9251 9243 9239 9232 9223
9228 9229 9229 9231 9228 9229 9231 9230 9231 9234 9226 9223 9228 9221 9221 9222 9223 9225 9225 9223 9232 9239 9249 9262 9269 9278 9285 9288 9292 9306 9329 9353 9378 9399 9413 9415 9435 9437 9379 9202 8923 8714 8536 8369 8205 8060 7928 7858 7860 7883 7878 7890 7910 7934 7958 7988 8026 8086 8210 8338 8553 8725 8896 9055 9214 9352 9447 9486 9472 9426 9381 9343 9324 9322 9324 9298 9286 9277 9266 9255 9242 9238 9227 9216
9230 9233 9238 9232 9229 9229 9232 9229 9227 9224 9219 9217 9220 9215 9217 9217 9222 9224 9228 9229 9241 9245 9257 9272 9276 9286 9292 9291 9293 9308 9328 9350 9371 9386 9406 9429 9445 9463 9412 9219 8949 8738 8565 8400 8230 8073 7941 7872 7856 7838 7868 7890 7913 7938 7964 7993 8034 8106 8263 8396 8556 8752 8957 9140 9296 9417 9473 9486 9449 9353 9352 9342 9326 9319 9310 9295 9281 9268 9255 9252 9246 9235 9223 9213
9233 9232 9229 9228 9227 9229 9235 9231 9227 9224 9218 9219 9220 9215 9217 9223 9227 9229 9229 9232 9242 9245 9248 9256 9270 9285 9293 9290 9292 9307 9326 9344 9360 9369 9390 9410 9442 9506 9509 9251 8979 8786 8597 8423 8246 8081 7945 7863 7854 7855 7870 7897 7923 7949 7974 7991 8038 8137 8322 8461 8581 8792 9059 9290 9456 9540 9534 9482 9411 9340 9347 9337 9323 9316 9305 9296 9274 9257 9243 9231 9243 9231 9220 9210
9234 9233 9231 9229 9226 9225 9236 9232 9229 9225 9219 9218 9221 9221 9224 9230 9233 9232 9232 9239 9241 9240 9242 9247 9255 9268 9280 9282 9292 9306 9324 9343 9359 9362 9378 9397 9431 9529 9574 9280 9029 8832 8634 8448 8270 8096 7944 7858 7854 7859 7884 7915 7950 7974 8003 8029 8065 8163 8395 8519 8640 8871 9187 9485 9720 9683 9599 9490 9382 9385 9366 9344 9333 9329 9314 9280 9261 9249 9238 9225 9225 9227 9220 9210
9236 9234 9235 9234 9231 9233 9234 9234 9232 9230 9228 9229 9228 9230 9231 9233 9232 9228 9228 9230 9227 9228 9230 9233 9234 9235 9235 9261 9285 9299 9318 9338 9357 9363 9373 9388 9410 9515 9573 9286 9078 8874 8669 8479 8298 8124 7965 7874 7858 7871 7909 7956 7999 8036 8063 8087 8120 8234 8486 8606 8763 9007 9315 9595 9787 9750 9648 9530 9440 9434 9387 9350 9320 9314 9297 9261 9249 9240 9228 9226 9233 9227 9221 9215
9240 9236 9232 9229 9235 9240 9238 9235 9232 9231 9232 9235 9230 9230 9234 9234 9230 9226 9226 9221 9216 9213 9213 9215 9215 9213 9210 9227 9252 9280 9308 9334 9350 9359 9372 9392 9424 9475 9486 9396 9141 8895 8701 8530 8360 8185 8015 7915 7880 7903 7963 8024 8075 8123 8159 8189 8225 8337 8548 8774 8980 9201 9431 9636 9744 9752 9673 9564 9474 9448 9396 9348 9316 9305 9289 9266 9247 9233 9227 9228 9231 9225 9219 9215
9242 9238 9234 9236 9239 9243 9242 9239 9234 9234 9231 9232 9234 9235 9238 9234 9229 9222 9216 9207 9199 9197 9201 9202 9203 9205 9210 9212 9230 9263 9296 9332 9349 9358 9371 9391 9420 9439 9461 9434 9160 8887 8746 8611 8458 8290 8112 7996 7945 7987 8065 8128 8185 8242 8294 8335 8388 8521 8740 8929 9143 9342 9540 9684 9794 9759 9660 9570 9486 9442 9379 9325 9305 9303 9287 9264 9241 9224 9211 9214 9217 9216 9212 9207
9243 9239 9236 9236 9240 9246 9245 9242 9241 9241 9240 9242 9244 9251 9242 9230 9218 9208 9194 9182 9179 9179 9178 9188 9196 9203 9210 9219 9229 9248 9272 9305 9342 9360 9363 9377 9398 9406 9424 9397 9180 8935 8852 8743 8602 8446 8288 8174 8075 8112 8204 8298 8339 8402 8486 8534 8597 8738 8921 9110 9367 9575 9648 9694 9716 9667 9604 9548 9502 9433 9350 9300 9294 9296 9279 9249 9228 9217 9207 9202 9205 9207 9204 9198
9249 9243 9238 9233 9238 9244 9247 9245 9244 9250 9258 9255 9253 9254 9239 9221 9205 9188 9173 9171 9170 9172 9178 9182 9191 9201 9217 9220 9222 9232 9247 9271 9317 9340 9342 9351 9363 9370 9387 9372 9283 9161 9062 8925 8777 8631 8510 8382 8273 8303 8406 8497 8531 8625 8692 8759 8843 9011 9210 9391 9578 9717 9710 9658 9580 9533 9514 9484 9444 9348 9313 9283 9284 9281 9261 9241 9225 9214 9208 9204 9201 9199 9196 9188
9255 9248 9241 9234 9237 9244 9252 9254 9259 9259 9259 9257 9254 9245 9225 9204 9182 9179 9166 9169 9167 9170 9175 9179 9184 9189 9191 9195 9205 9212 9228 9263 9295 9331 9316 9320 9327 9335 9347 9365 9398 9446 9290 9117 8960 8803 8675 8570 8510 8535 8633 8711 8779 8857 8921 9001 9111 9258 9433 9609 9705 9764 9696 9604 9516 9459 9436 9412 9358 9305 9291 9282 9264 9248 9245 9236 9227 9215 9204 9203 9199 9195 9192 9187
9263 9255 9246 9239 9239 9243 9247 9258 9268 9267 9265 9258 9247 9229 9209 9191 9175 9174 9174 9173 9170 9170 9175 9174 9177 9179 9179 9178 9186 9192 9195 9216 9261 9282 9289 9295 9299 9302 9328 9370 9429 9453 9377 9252 9126 8982 8816 8782 8723 8803 8899 8976 9029 9093 9157 9227 9351 9487 9596 9687 9697 9674 9606 9528 9447 9388 9378 9370 9347 9310 9287 9269 9254 9237 9234 9231 9224 9216 9202 9198 9196 9193 9189 9187
9268 9260 9252 9247 9242 9240 9250 9265 9275 9273 9266 9250 9233 9210 9192 9184 9178 9176 9180 9175 9172 9170 9162 9171 9174 9176 9175 9176 9179 9182 9188 9210 9248 9281 9276 9280 9285 9291 9324 9363 9406 9438 9413 9352 9297 9255 9188 9135 9081 9143 9208 9256 9288 9326 9371 9421 9435 9618 9643 9614 9580 9531 9490 9444 9390 9353 9337 9337 9333 9307 9288 9276 9260 9239 9230 9228 9225 9221 9206 9197 9195 9191 9186 9180
9265 9262 9258 9251 9247 9246 9256 9274 9279 9272 9257 9234 9208 9191 9180 9181 9181 9182 9179 9177 9174 9179 9176 9174 9176 9177 9178 9183 9182 9183 9187 9209 9245 9269 9271 9272 9276 9288 9318 9350 9383 9410 9414 9410 9421 9487 9551 9507 9529 9501 9486 9499 9492 9488 9519 9598 9687 9633 9578 9496 9453 9442 9410 9373 9337 9304 9299 9295 9292 9294 9280 9268 9261 9237 9226 9229 9232 9222 9206 9196 9197 9190 9182 9169
9266 9268 9265 9262 9262 9267 9277 9283 9279 9270 9245 9219 9194 9187 9184 9183 9182 9178 9181 9179 9175 9181 9178 9178 9179 9180 9180 9189 9186 9184 9188 9215 9250 9274 9273 9266 9266 9272 9293 9332 9358 9380 9402 9423 9459 9512 9559 9599 9663 9651 9631 9678 9593 9557 9560 9594 9580 9472 9459 9434 9404 9363 9332 9319 9299 9277 9278 9276 9274 9272 9265 9257 9255 9239 9226 9226 9225 9213 9202 9203 9200 9191 9181 9170
9282 9278 9275 9271 9268 9281 9298 9293 9278 9265 9234 9211 9192 9188 9190 9185 9183 9183 9180 9179 9176 9176 9179 9181 9182 9184 9187 9188 9187 9187 9192 9223 9262 9296 9286 9261 9258 9267 9290 9321 9342 9359 9375 9407 9443 9487 9523 9549 9579 9594 9598 9586 9565 9540 9518 9497 9456 9397 9385 9377 9354 9319 9293 9287 9281 9275 9273 9275 9269 9258 9252 9248 9246 9229 9220 9218 9216 9209 9204 9204 9202 9195 9183 9169
9284 9285 9284 9286 9292 9286 9290 9284 9269 9250 9231 9209 9192 9190 9187 9185 9183 9180 9179 9186 9181 9179 9181 9183 9186 9188 9190 9189 9187 9187 9199 9229 9268 9301 9281 9253 9254 9280 9315 9327 9338 9347 9363 9384 9408 9426 9460 9482 9502 9507 9519 9505 9495 9479 9449 9399 9367 9348 9343 9335 9316 9297 9279 9274 9270 9268 9266 9261 9261 9258 9252 9237 9222 9220 9218 9214 9207 9205 9204 9208 9209 9200 9185 9171
9286 9286 9290 9294 9299 9291 9286 9277 9257 9237 9225 9214 9204 9194 9187 9185 9186 9189 9187 9188 9184 9182 9184 9186 9188 9189 9190 9189 9188 9188 9196 9228 9264 9292 9278 9249 9251 9278 9322 9333 9338 9341 9348 9367 9382 9392 9416 9440 9456 9469 9463 9450 9435 9418 9391 9360 9339 9328 9324 9316 9305 9289 9277 9270 9266 9263 9262 9266 9258 9252 9241 9231 9219 9216 9216 9215 9214 9214 9208 9224 9226 9208 9183 9169
9292 9293 9294 9291 9284 9285 9277 9257 9240 9225 9217 9214 9207 9197 9191 9188 9186 9192 9187 9186 9183 9185 9191 9189 9189 9189 9190 9190 9191 9193 9204 9227 9257 9288 9301 9255 9244 9254 9315 9328 9334 9340 9349 9361 9373 9380 9398 9410 9424 9428 9423 9410 9395 9377 9355 9336 9334 9327 9317 9306 9293 9282 9271 9266 9264 9262 9262 9258 9255 9248 9241 9229 9223 9220 9218 9219 9221 9231 9220 9237 9241 9218 9201 9180
9305 9310 9299 9284 9273 9273 9254 9235 9220 9215 9215 9213 9207 9199 9193 9190 9190 9192 9186 9189 9191 9192 9192 9191 9190 9189 9188 9191 9193 9196 9205 9224 9245 9261 9263 9268 9251 9235 9294 9313 9321 9331 9341 9356 9371 9389 9394 9400 9399 9396 9389 9379 9366 9349 9331 9320 9332 9326 9312 9297 9287 9274 9270 9265 9262 9262 9262 9259 9253 9247 9240 9231 9227 9225 9222 9225 9229 9230 9232 9232 9227 9213 9204 9185
9323 9330 9297 9269 9251 9239 9227 9214 9214 9213 9213 9210 9206 9200 9194 9191 9195 9194 9192 9190 9195 9192 9191 9191 9192 9191 9192 9195 9197 9201 9209 9221 9235 9239 9231 9271 9248 9234 9264 9290 9306 9320 9334 9350 9364 9377 9385 9385 9377 9368 9359 9351 9341 9328 9315 9312 9322 9317 9304 9289 9268 9262 9264 9261 9257 9255 9255 9256 9252 9247 9240 9236 9231 9227 9228 9235 9243 9251 9230 9214 9197 9198 9192 9181
9319 9310 9277 9247 9223 9223 9214 9213 9213 9208 9212 9213 9209 9203 9197 9195 9196 9200 9194 9192 9191 9191 9192 9193 9194 9195 9196 9198 9199 9199 9208 9220 9233 9243 9258 9264 9247 9246 9247 9271 9291 9308 9322 9337 9354 9368 9373 9369 9356 9339 9330 9327 9321 9313 9305 9301 9301 9302 9296 9286 9274 9268 9261 9254 9252 9250 9248 9254 9250 9245 9236 9227 9221 9221 9235 9245 9255 9242 9216 9205 9197 9191 9183 9174
9295 9256 9244 9228 9212 9213 9220 9219 9207 9209 9214 9216 9213 9207 9203 9203 9200 9199 9198 9194 9196 9194 9193 9195 9196 9199 9200 9201 9202 9212 9214 9223 9234 9247 9263 9247 9249 9245 9249 9262 9280 9297 9311 9327 9343 9353 9360 9355 9338 9318 9309 9310 9308 9302 9296 9293 9293 9293 9290 9285 9283 9277 9259 9249 9248 9246 9246 9249 9249 9245 9237 9227 9222 9223 9231 9248 9262 9237 9207 9199 9195 9187 9178 9167
9254 9231 9227 9224 9216 9211 9217 9221 9204 9210 9214 9216 9214 9210 9206 9202 9202 9206 9199 9196 9196 9195 9196 9198 9199 9200 9202 9203 9207 9204 9218 9229 9239 9248 9251 9233 9248 9247 9249 9257 9272 9289 9309 9327 9335 9343 9350 9341 9326 9309 9301 9302 9301 9296 9290 9287 9288 9287 9285 9281 9275 9265 9260 9255 9249 9246 9245 9247 9248 9248 9249 9243 9227 9224 9238 9251 9251 9217 9196 9194 9195 9182 9167 9158
9231 9230 9229 9229 9227 9221 9226 9219 9207 9211 9215 9217 9215 9212 9208 9205 9210 9201 9204 9196 9198 9200 9200 9202 9200 9200 9203 9206 9209 9220 9227 9235 9241 9246 9246 9239 9242 9247 9244 9250 9264 9279 9295 9310 9309 9319 9326 9326 9319 9312 9309 9303 9298 9293 9291 9288 9288 9285 9282 9277 9272 9268 9258 9249 9249 9248 9248 9248 9247 9248 9248 9241 9234 9228 9237 9240 9232 9197 9188 9188 9188 9174 9157 9150
9236 9233 9232 9228 9226 9224 9224 9218 9212 9215 9218 9219 9216 9213 9211 9212 9206 9207 9199 9200 9202 9205 9206 9202 9202 9203 9206 9210 9216 9230 9233 9237 9240 9244 9246 9242 9234 9238 9244 9252 9258 9265 9273 9282 9302 9302 9300 9311 9312 9312 9310 9303 9296 9289 9285 9285 9284 9283 9279 9274 9268 9263 9256 9254 9251 9251 9249 9247 9247 9247 9248 9249 9244 9243 9238 9233 9216 9191 9183 9180 9175 9158 9145 9142
