real_craters/C124-500m.grd
DSAA
152 152
-37.765 37.765
-37.765 37.765
7798.6123266566 9979.9932944883
[rows 0 to 29 of 152, columns 0 to 66 of 152]
9338.37 9332.61 9329.24 9332.24 9326.85 9322.02 9321.37 9320.47 9320.3 9324.35 9331.13 9338.16 9345.01 9349.91 9353.2 9355.38 9355.42 9351.45 9349.8 9351.57 9359.71 9357.59 9354 9350.86 9350.41 9347.31 9342.47 9339.99 9339.61 9343.64 9347.64 9348.24 9343.6 9341.4 9338.86 9337.92 9335.66 9332.15 9327.23 9326.19 9327.34 9324.17 9315.47 9304.47 9291.31 9299.65 9323.96 9348.13 9366.39 9372.69 9373.98 9371.52 9362.61 9362.6 9360.78 9356.24 9351.2 9346.29 9338.09 9332.71 9319.43 9302.03 9295.91 9296.99 9287.09 9285.97 9279.35
9340.89 9336.73 9330.21 9332.01 9323.87 9319.59 9319.9 9320.01 9320.96 9323.29 9328.68 9333.92 9337.33 9339.88 9345.34 9349.11 9345.77 9337.87 9334.6 9339.36 9340.23 9340.77 9341.06 9340.32 9339.84 9340.57 9341.62 9340.44 9341.98 9343.48 9347.14 9347.48 9344.23 9341.12 9339.29 9337.85 9337.55 9338.17 9336.81 9328.93 9326.88 9327.3 9326.92 9325.04 9311.87 9313.16 9330.47 9348.57 9356.63 9365.05 9372.71 9368.93 9364.31 9357.88 9352.93 9347.98 9342.03 9334.84 9329.55 9325.15 9321.9 9320.77 9318.93 9303.61 9295.11 9285.16 9277.88
9340.98 9338.71 9334.15 9328.81 9322.27 9321.51 9321.89 9321.78 9321.29 9326.52 9329.9 9331.6 9333.38 9336.44 9337.72 9338.44 9335.84 9330.69 9326.31 9325.86 9325.27 9327.25 9329.29 9331.52 9331.81 9333.63 9335.47 9336.66 9338.67 9340.99 9340.58 9341.32 9341.11 9340.02 9338.71 9338.56 9339.88 9343.49 9346.55 9335.41 9331.91 9334 9337.32 9339.66 9328.84 9329.67 9342.39 9357.96 9375.46 9387.32 9377.41 9368 9357.2 9352.6 9347.43 9341.61 9334.52 9325.31 9319.81 9319.94 9320.76 9325.88 9323.31 9305.58 9292.78 9285.12 9278.63
9341.56 9345.35 9341.99 9331.02 9329.24 9328.49 9327.11 9325.74 9325.18 9327.72 9330.14 9330.45 9329.86 9328.54 9332.43 9333.9 9332.55 9329.65 9325.42 9320.64 9321.18 9321.44 9321.11 9319.08 9323.65 9327.14 9329.16 9330.49 9334.6 9335.65 9336.66 9336.67 9336.78 9336.41 9336.17 9336.62 9338.22 9340.8 9342.9 9338.21 9336.13 9340.66 9344.92 9347.89 9341.04 9343.37 9353.57 9366.89 9380.09 9384.8 9378.08 9367.77 9358.77 9348.77 9342.01 9335.69 9329.7 9324.69 9318.31 9314.25 9311.91 9309.34 9303.82 9296.02 9291.39 9286.66 9281.7
9349.7 9368.57 9366.25 9347.71 9346.33 9339.55 9333.92 9330.31 9329.4 9332.28 9331.52 9330.25 9329.27 9329.34 9331.69 9335.31 9336.96 9329.85 9323.66 9320.55 9320.69 9318.94 9318.11 9319.26 9320.62 9323.91 9329.12 9334.08 9336.37 9337.61 9334.77 9332.63 9331.92 9331.36 9331.47 9331.88 9333.05 9333.9 9337.42 9342.32 9346.57 9346.13 9348.54 9351.26 9350.03 9353.09 9360.26 9370.38 9379.86 9381.69 9377.19 9364.66 9351.99 9344.2 9336.65 9329.1 9322.68 9318.17 9312.71 9307.08 9301.53 9293.74 9282.12 9282.63 9284.5 9282.47 9286.52
9384.4 9390.92 9384.72 9370.25 9362.27 9348.36 9339.75 9334.45 9331.32 9331.94 9332.81 9330.79 9328.59 9327.31 9328.34 9332.99 9334.36 9326.27 9317.91 9316.88 9317.2 9317.58 9316.63 9315.12 9319.52 9322.42 9326.97 9337.31 9341.22 9340.79 9330.25 9328.46 9327.49 9327.19 9327.04 9326.92 9327.77 9328.77 9332.48 9341.31 9349.42 9347.39 9346.61 9349.63 9352.16 9355.27 9362.07 9372 9381.75 9388.78 9377.82 9361.54 9348.12 9339.62 9331.62 9324.06 9316.34 9307.2 9304.01 9301.53 9294.5 9286.05 9277.66 9270.98 9264.62 9268.85 9283.16
9382.86 9390.29 9380.69 9366.03 9356.55 9349.66 9342.44 9336.87 9333.17 9333.36 9333.73 9331.4 9328.07 9324.39 9325.74 9328.22 9327.65 9322.05 9316.43 9315.78 9316.65 9318.64 9320.33 9321.21 9321.58 9322.44 9324.12 9327.4 9332.21 9332.91 9329.77 9324.71 9323.27 9322.56 9322.39 9322.39 9323.37 9327.05 9332.29 9338.03 9342.77 9340.83 9338.23 9337.2 9342.52 9350.31 9359.13 9369.2 9379.01 9384.27 9374.74 9356.52 9342.64 9334.88 9327.83 9321.03 9314.19 9308.33 9303.53 9299.84 9294.62 9286.08 9273.88 9267 9261.06 9263.72 9276.89
9394.02 9403.07 9386.92 9370.08 9358.79 9349.51 9342.23 9336.95 9335.64 9337.26 9335 9331.4 9328.74 9327.51 9326.99 9325.76 9323.69 9320.19 9317.17 9318.06 9320.48 9321.09 9323.36 9324.97 9324.56 9324.78 9324.38 9323.73 9321.82 9317.17 9317.11 9319.49 9320.49 9320.23 9319.49 9318.73 9318.18 9320.7 9327.18 9332.14 9333.51 9332.04 9327.79 9322.95 9331.44 9340.96 9351.78 9361.99 9371.38 9376.85 9369.04 9351.01 9338.03 9331.4 9325.03 9318.82 9312.64 9306.61 9304.12 9301.46 9297.9 9292.07 9283.13 9271.8 9261.07 9259.74 9266.93
9418.42 9407.06 9386.78 9372.31 9359.43 9347.94 9339.42 9334.55 9333.19 9336.76 9333.71 9329.18 9326.89 9327.52 9328.23 9323.53 9319.85 9319.36 9320 9323.25 9322.14 9323.88 9325.77 9326.56 9326.85 9326.84 9323.98 9321.49 9319.3 9315.1 9313.95 9316.75 9317.36 9316.76 9315.87 9314.87 9313.92 9310.23 9316.99 9320.72 9325.63 9323.23 9319.99 9316.46 9315.82 9330.5 9342.92 9352.32 9360.24 9366.99 9363.13 9345.56 9335.08 9328.45 9322.49 9317.09 9313.29 9310.46 9306.54 9305 9303.83 9301.65 9297.82 9278.85 9254.87 9246.95 9259.02
9421.04 9403.42 9380.3 9367.25 9353.66 9342.79 9334.94 9328.94 9324.52 9325.9 9324.97 9323.69 9322.46 9320.71 9316.32 9321.09 9321.19 9322.99 9324.62 9330.37 9329.1 9329.12 9333.91 9331.57 9328.21 9327.55 9327.74 9326.64 9322.85 9316.68 9314.83 9316.92 9316.75 9315.24 9313.6 9312.39 9312.22 9312.91 9315.07 9322.4 9318.56 9315.06 9314.02 9318.84 9325.3 9330.58 9335.13 9341.29 9346.25 9347.58 9344.31 9340.32 9332.47 9325.95 9320.17 9315.3 9310.91 9308.66 9307.77 9308.08 9308.56 9308.56 9304.24 9279.08 9235.34 9207.99 9237.9
9403.73 9387.02 9366.95 9353.74 9344.6 9336.06 9329.6 9323.82 9320.25 9317.84 9315.69 9317.82 9318.79 9318.37 9319.46 9322.52 9329.09 9330.9 9327.89 9328 9328.53 9332.01 9335.68 9331.98 9327.39 9326.63 9340.95 9339.03 9329.96 9323.63 9324.95 9321.79 9318.31 9314.58 9311.77 9310.46 9310.44 9311.53 9308.55 9307.24 9307.05 9306.52 9305.53 9302.12 9312.85 9319.43 9326.34 9330.54 9332.09 9329.73 9324.5 9329.76 9326.83 9323.31 9319.55 9314.85 9308.26 9305.09 9309.25 9311.1 9312.2 9312.82 9311 9286 9227.59 9165.58 9230.46
9390.41 9373.5 9357.06 9342.03 9334.91 9329.65 9324.69 9319.68 9313.97 9313.32 9311.73 9315.43 9317.88 9319.04 9318.71 9323.92 9327.11 9327.3 9327.4 9325.46 9330.04 9331.23 9329.05 9327.6 9324.76 9330.13 9358.68 9348.39 9332.49 9321.1 9336.7 9323.93 9317.4 9312.02 9308.13 9305.29 9302.47 9300.64 9299.47 9296.45 9299.32 9300.32 9299.34 9300.53 9305.64 9313.37 9320.52 9323.32 9322.93 9319.87 9315.39 9318.05 9321.44 9321.81 9320.71 9317.66 9312.27 9309.58 9312.75 9313.94 9313.49 9311.49 9305.11 9284.87 9253.19 9238.38 9258.89
9357.26 9351.41 9348.9 9333.64 9327.3 9323.38 9320.82 9318.12 9316 9314.57 9313.63 9316.84 9319.25 9322.5 9327.08 9327.77 9326.37 9326.24 9326.29 9326.11 9328.05 9327.73 9324.67 9322.98 9321.51 9326.4 9348.9 9346.18 9336.05 9325.02 9324.07 9316.86 9311.78 9307.12 9303.02 9299.67 9295.77 9293.17 9293.01 9292.33 9295.67 9298.74 9298.08 9297.34 9309.03 9316.35 9319.32 9319.31 9318.18 9315.4 9311.86 9316.42 9320.54 9322.94 9323.64 9322.81 9321.74 9319.63 9318.41 9317.93 9315.6 9310.99 9300.46 9286.11 9284.95 9292.37 9306.9
9367.74 9360.43 9346.01 9324.67 9320.83 9319.43 9318.45 9317.66 9317.96 9318.21 9321.03 9319.24 9320.26 9323.45 9329.8 9327.55 9324.32 9323.12 9323.77 9322.25 9325.76 9324.94 9323.35 9320.89 9320.37 9324.43 9332.09 9336.26 9335.07 9332.33 9307.24 9306.1 9303.72 9300.68 9297.71 9295.66 9294.4 9292.08 9292.25 9292.57 9299.77 9302.04 9306.33 9310.97 9314.85 9324.83 9318.15 9316.77 9316.74 9316.71 9317.21 9321.43 9323.45 9326.05 9327.12 9327.71 9327.73 9326.2 9323.85 9321.89 9319.26 9314.89 9308.54 9301.6 9313.71 9328.22 9319.35
9349.06 9354.29 9339.71 9321.26 9317.96 9316.67 9316.08 9315.9 9316.17 9316.86 9317.21 9317.67 9318.21 9319.41 9318.07 9318.85 9320.91 9320.85 9325.44 9327.24 9329.36 9326.94 9321.63 9320.61 9319.5 9322.45 9327.94 9325.25 9319.21 9309.23 9301.37 9298.91 9296.6 9293.79 9291.22 9289.82 9291.41 9290.69 9289.88 9295.19 9299.71 9305.71 9309.75 9310.68 9309.66 9307.78 9310.58 9313.88 9316.33 9319.83 9324.61 9327.61 9326.85 9327.08 9327.47 9330.15 9332.82 9327.95 9323.47 9319.78 9323.8 9322.01 9323.21 9332.77 9336.34 9345.53 9347.03
9368.3 9345.15 9331.17 9322.66 9318.12 9315.89 9314.42 9314.16 9313.31 9313.25 9313.18 9313.51 9314.72 9316.01 9316.39 9318.07 9320.54 9321.99 9324.33 9326.31 9327.31 9326.45 9324.19 9320.54 9321.75 9322.04 9320.25 9315.04 9306.52 9299.27 9298.27 9293.53 9290.06 9287.07 9284.3 9282.27 9281.63 9284.54 9286.63 9293.7 9304.69 9311.4 9308.88 9305.95 9302.72 9296.29 9306.82 9312.21 9315.25 9319.12 9327.01 9330.08 9325.02 9323.75 9325.62 9327.59 9330.04 9328.62 9326.28 9324.31 9323.08 9325.34 9328.49 9333.68 9345.09 9353.8 9348.79
9372.95 9344.38 9332.51 9325.85 9319.3 9314.78 9312.3 9311.25 9311.13 9309.66 9308.03 9308.85 9311.14 9313.5 9317.66 9321.56 9320.26 9321.62 9319.97 9315.18 9315.7 9315.18 9315.07 9315.41 9315.32 9316.72 9313.39 9307.2 9300.34 9294.66 9289.47 9287.79 9284.25 9280.68 9277.64 9275.93 9276.72 9284.68 9295.95 9304.49 9318.04 9314.71 9299.18 9298.43 9303.15 9313.84 9313.36 9312.03 9312.14 9312.35 9310.05 9311.97 9316.7 9319.12 9320.81 9323.23 9325.72 9327.4 9327.87 9329.08 9329.97 9331.55 9333.26 9337.43 9350.7 9365.05 9349.85
9361.14 9338.79 9335.17 9327.34 9319.03 9312.95 9308.85 9307.66 9308.02 9306.51 9305.4 9305.83 9307.24 9309.35 9311.74 9311.79 9315.48 9317.99 9316.03 9311.05 9309.14 9306.58 9307.52 9308.73 9308.68 9309.16 9305.4 9301.41 9296.28 9291.95 9290.98 9285.09 9279.58 9275.61 9272.58 9271.1 9273.93 9286.55 9300 9312.66 9324.06 9310.87 9290.45 9291.47 9300.07 9308.03 9310.59 9309.81 9308.19 9306.45 9304.95 9307.32 9308.88 9311.76 9315.28 9318.89 9323.51 9326.36 9329.63 9332.76 9335.49 9337.77 9340.33 9342.13 9355.59 9373.99 9354.73
9347.68 9336.26 9334.08 9326.91 9318.53 9311.2 9305.35 9301.5 9303.21 9302.83 9302.28 9302.21 9302.78 9304.76 9306.42 9306.64 9308.31 9307.25 9304.7 9301.97 9299.66 9301.33 9302.45 9304.04 9304.59 9303.15 9301.44 9299.47 9293.23 9289.31 9285.68 9281.11 9276.39 9272.22 9269.42 9268.96 9273.44 9287.83 9300.1 9304.81 9301.41 9291.74 9284.72 9287.92 9295.79 9304.75 9308.49 9305.97 9303.9 9301.41 9299.21 9298.62 9301.36 9306.63 9310.31 9312.14 9318.98 9326.61 9333.26 9338.5 9343.24 9346.72 9349.43 9352.87 9357.64 9355.74 9333.92
9351.16 9335.58 9333.45 9325.21 9317.86 9310.37 9303.56 9300.07 9301.24 9299.91 9297.08 9295.04 9298.6 9300.89 9302.12 9303.54 9302.21 9300.13 9293.57 9294.18 9294.24 9297.22 9298.91 9303.38 9305.72 9307.82 9308.42 9304.04 9296.4 9290.84 9284.24 9278.63 9273.98 9269.59 9266.51 9267.39 9275.51 9288.19 9297.22 9296.65 9292.44 9287.21 9283.49 9286.39 9291.5 9297.39 9299.96 9300.82 9300.02 9297.45 9293.07 9290.44 9294.93 9303.76 9309.76 9313.57 9320.52 9327.77 9334.48 9341.39 9347.61 9353.42 9357.48 9361.55 9360.41 9347.6 9326.84
9357.69 9345.12 9325.12 9324.42 9318.35 9310.81 9303.44 9301.74 9301.83 9300.09 9297.32 9295.49 9297.91 9299 9299.22 9298.1 9297.62 9295.87 9294.51 9290.92 9290.93 9292.02 9298.55 9307.15 9312.62 9319.53 9313.69 9310.67 9306.44 9296.53 9287.01 9279.46 9273.21 9267.81 9263.67 9260.97 9268.01 9283.93 9292.37 9291.76 9290.71 9296.19 9286.07 9285.52 9287.14 9289.1 9291.89 9294.95 9298.88 9300.68 9296.52 9288.67 9292.53 9305.49 9314.15 9321.87 9326.07 9330.38 9336.55 9343.37 9350.47 9357.7 9364.13 9364.73 9363.87 9359.3 9333.99
9358.1 9353.55 9339.31 9330.47 9322.45 9314.1 9305.68 9300.61 9302.93 9302.5 9301.84 9304.44 9300.12 9298.71 9297.34 9296.15 9294.83 9293.64 9292.14 9289.97 9289.69 9292.99 9304.24 9318.12 9322.58 9315.17 9312.31 9311.95 9311.6 9298.82 9288.19 9280.12 9273.61 9267.77 9262.98 9261.14 9267.5 9279.5 9286.28 9287.7 9286.37 9280.61 9286.62 9284.67 9283.91 9282.59 9282.12 9289.45 9297.85 9308.51 9309.05 9299.01 9301.44 9313.35 9320.12 9328.23 9330.22 9333.07 9338.28 9345.27 9354.5 9363.37 9373.2 9382.18 9388.26 9376.85 9349.94
9361.06 9365.18 9353.1 9338.82 9328.01 9319.1 9313.48 9309.43 9307.71 9305.96 9304.38 9302.03 9300.3 9298.78 9296.27 9292.7 9291.1 9291.13 9288.16 9293.13 9296.92 9307.44 9317.71 9324.59 9320.89 9308.53 9305.46 9302.53 9299.81 9294.43 9287.98 9281.97 9275.65 9269.07 9263.61 9262.31 9268.94 9277.3 9284.49 9285.41 9281.75 9280.73 9282.18 9281.62 9280.92 9280.38 9280.15 9285.96 9291.62 9302.59 9310.3 9316.88 9326.21 9322.21 9322.08 9327.33 9327.86 9331.44 9337.31 9344.64 9353.99 9363.38 9374.67 9387.12 9385 9358.47 9351.1
9353.95 9357.8 9352.19 9341.87 9331.45 9322.53 9314.26 9313.09 9312.08 9309.58 9306.22 9299.11 9300.65 9300.64 9297.52 9292.19 9288.05 9288.14 9286.19 9303.94 9325.46 9331.39 9328.88 9322.62 9313.28 9302.6 9296.71 9291.15 9287.83 9287.94 9286.51 9286.08 9277.94 9271.79 9266.67 9262.49 9274.36 9284.95 9289.65 9287.91 9282.25 9280.28 9279.64 9278.34 9278.86 9280.85 9286.07 9283.87 9282.6 9278.34 9293.6 9313.9 9328.68 9318.23 9313.31 9314.33 9318.94 9325.15 9332.39 9339.97 9348.83 9359.38 9368.67 9375.8 9368.66 9358.41 9338.96
9339.92 9352.82 9349.98 9342.18 9333.52 9326.02 9321.45 9319.09 9315.9 9313.11 9311 9310.01 9307.91 9304.82 9301.61 9296.88 9289.87 9284.53 9290.17 9314.94 9347.75 9337.98 9313.58 9307.37 9300.63 9294.1 9289.68 9284.81 9282.46 9283.12 9282.5 9281.42 9277.75 9275.4 9275.86 9281.56 9293.58 9302.52 9300.99 9294.52 9286.82 9278.44 9275.46 9276.57 9277.66 9278.63 9278.43 9278.94 9278.83 9281.42 9288.83 9299 9304.45 9305.77 9302.01 9300.54 9309.13 9316.54 9324.57 9331.17 9339.71 9347.56 9356.56 9363.05 9364.03 9350.35 9326.6
9339.89 9346.98 9346.14 9339.46 9332.08 9325.85 9321.92 9322.05 9318.16 9315.4 9314.53 9314.36 9312.58 9309.03 9306.77 9308.46 9315.62 9307.97 9302.79 9316.12 9328.89 9320.5 9312.63 9291.26 9287.11 9286.06 9285.08 9283.64 9281.73 9280.64 9279.51 9277.97 9277.77 9277.26 9280.86 9294.54 9310.17 9325.04 9310.42 9299.33 9291.75 9282.47 9275.31 9276.57 9277.07 9276.88 9275.84 9276.24 9277.66 9278.21 9285.14 9291.66 9296.33 9296.92 9294.99 9296.66 9300.94 9308.07 9315.1 9324.02 9333.6 9342.7 9347.92 9349.61 9348.76 9337.71 9335.98
9345.27 9349.28 9342.13 9334.74 9327.52 9322.4 9320.92 9318.83 9316.21 9314.26 9313.71 9315.84 9315.53 9308.89 9306.32 9305.96 9306.19 9300.33 9300.73 9308.91 9319.37 9305.33 9299.15 9288.51 9282.24 9279.6 9280.92 9286.34 9282.14 9278.54 9277.45 9280.47 9277.39 9275.94 9275.21 9272.03 9299.74 9310.97 9303.88 9295.82 9290.75 9287.82 9279.36 9278.72 9277.67 9276.95 9275.66 9275.24 9276.92 9283.07 9281.45 9284.67 9286.5 9286.3 9285.53 9286.92 9293.46 9301.65 9308.77 9318.41 9324.7 9330.12 9334.53 9335.19 9328.64 9323.6 9321.8
9344.7 9341.9 9334.02 9326.47 9319.67 9315.06 9310.88 9312.36 9310.89 9309.6 9308.45 9307.11 9303.71 9302.64 9301.01 9299.11 9297.25 9297.83 9297.51 9305.88 9309.64 9294.59 9288.49 9284.57 9277.34 9274.25 9273.04 9273.57 9274.92 9274.85 9273.67 9269.47 9268.78 9273.27 9278.91 9284.81 9280.84 9285.5 9289.66 9287.27 9281.44 9272.91 9283.12 9280.66 9278.41 9277.4 9276.99 9275.54 9271.04 9267.8 9274.58 9277.63 9279.54 9278.72 9273.74 9279.57 9287.24 9295.57 9302.82 9309.03 9315.53 9320.99 9322.67 9324.49 9324.7 9319.62 9312.28
9335.31 9326.41 9321.23 9314.74 9308.97 9304.6 9302.63 9304.84 9304.07 9302.65 9301.43 9298.94 9295.87 9295.28 9293.71 9291.75 9290.13 9288.11 9291.84 9305.43 9330.25 9307.05 9299.5 9291.2 9274.16 9274.49 9270.18 9262.69 9270.16 9273.38 9273.4 9272.08 9271.9 9271.53 9270.14 9269.5 9268.64 9273.13 9280.18 9280.81 9276.79 9273.36 9278.26 9278.5 9277.98 9277.99 9277.84 9275.87 9272.09 9271.14 9271.08 9273.49 9274.47 9275.53 9279.29 9278.91 9284.74 9292.21 9298.49 9304.18 9309.85 9315.51 9318.63 9318.99 9314.87 9321.87 9319.07
9315.81 9314.14 9307.79 9302.54 9297.7 9294.02 9294.62 9296.33 9296.15 9295.52 9294.88 9293.45 9291.09 9290.5 9288.15 9285.26 9286.68 9287.32 9295.79 9311.48 9339.41 9332.91 9317.04 9299.14 9291.21 9288.43 9283.39 9277.7 9277.47 9278.14 9277.19 9277.17 9277.22 9272.74 9269.16 9267.43 9267.9 9273.04 9279.68 9282.18 9277.78 9273.19 9272.31 9275.66 9277.48 9277.91 9277.65 9276.48 9270.73 9268.78 9270.3 9271.22 9273 9274.24 9267.8 9277.07 9282.82 9289.04 9295.46 9301.45 9307.6 9311.46 9314.42 9319.1 9330.69 9317.07 9307.3
