real_craters/C124-300m.grd
DSAA
253 253
-37.765 37.765
-37.765 37.765
7790.1035916051 9990.8331972763
[rows 210 to 239 of 253, columns 67 to 133 of 253]
9230.41 9231.78 9233.18 9234.86 9236.35 9237.55 9238.57 9240.49 9244.33 9247.22 9250.71 9253.92 9257.91 9262.15 9266.31 9270.3 9273.44 9274.18 9271.5 9267.86 9264.42 9261.56 9260.42 9258.96 9258.57 9261.26 9263.89 9265.36 9265.69 9265.06 9263.99 9262.63 9261.56 9261.3 9261.84 9263.28 9264.53 9266.26 9267.27 9268.23 9268.63 9264.77 9261.94 9259.06 9257.63 9257.23 9256.23 9255.41 9255.19 9255.78 9256.12 9256.46 9256.5 9256.83 9257.35 9257.36 9257.62 9257.9 9258.16 9258.48 9259.57 9258.23 9255.2 9252.06 9249.78 9248.76 9245.3
9232.04 9233.16 9234.11 9235.68 9237.28 9238.61 9240.1 9242.78 9245.82 9247.99 9251.39 9256.18 9260.93 9266.06 9271.44 9276.89 9281.1 9284.75 9285.17 9279.51 9271.14 9264.8 9265.45 9265.7 9266.29 9269.75 9272.23 9272.76 9272.31 9270.84 9268.71 9266.46 9263.99 9263.43 9263.98 9265.1 9266.26 9267.63 9268.69 9269.55 9267.41 9263.11 9258.2 9254.53 9252.95 9252.97 9253.65 9254.35 9254.38 9252.76 9252.93 9253.22 9254.29 9254.67 9254.33 9255.02 9255.77 9256.26 9257.26 9258.48 9259.46 9258.42 9255.16 9251.49 9248.21 9242.43 9242
9234.05 9235.41 9236.54 9237.1 9238.3 9239.51 9241.24 9243.76 9246.61 9249.08 9252.67 9257.22 9262.3 9268.22 9274.91 9282.3 9289.84 9296.69 9299.14 9292.41 9281.38 9275.68 9277.36 9277.83 9282.4 9283.61 9283.2 9281.94 9280.07 9277.39 9274.22 9270.96 9268.03 9266.65 9266.41 9266.77 9268.16 9268.49 9269.77 9270.2 9267.75 9259.82 9251.08 9248.52 9248.48 9249.21 9250.31 9251.39 9251.94 9251.27 9251.6 9251.94 9252.25 9252.74 9253.39 9254.1 9254.91 9256.02 9256.79 9257.58 9258.22 9257.42 9253.6 9250.46 9248.1 9247.3 9242.18
9236.3 9237.88 9238.62 9238.67 9239.16 9240.01 9241.79 9244.56 9246.94 9248.85 9252.45 9256.96 9262.34 9268.66 9276.25 9285.24 9295.96 9307.38 9314.13 9306.97 9294.84 9290.15 9296.35 9300.91 9300.17 9297.15 9295.95 9292.31 9288.34 9284.34 9280.24 9276.23 9271.82 9269.37 9268.87 9268.97 9269.4 9269.54 9269.64 9270.11 9266.51 9258.09 9249.69 9246.09 9245.63 9247.04 9248.62 9249.64 9250 9250.45 9250.73 9251.3 9251.73 9252.24 9252.93 9253.57 9254.39 9255.17 9255.87 9256.24 9254.98 9251.53 9251.7 9248.69 9245.83 9243.91 9241.82
9238.13 9240.28 9240.81 9240.11 9240 9240.23 9241.14 9242.9 9244.83 9247.17 9251.09 9255.73 9261.18 9267.27 9274.83 9284.24 9296.48 9312.02 9324.19 9319.83 9313.6 9312.67 9318.28 9326.71 9325.99 9319.38 9309.6 9302.37 9297.13 9291.98 9286.73 9281.84 9276.78 9273.88 9272.33 9272.11 9271.82 9270.54 9269.44 9268.57 9264.96 9257.36 9249.91 9246.21 9245.62 9247.39 9248.83 9249.4 9249.48 9249.21 9249.28 9250.45 9250.9 9251.12 9251.72 9252.57 9253.3 9253.98 9254.55 9255.3 9255.69 9256.41 9251.92 9246.9 9242.72 9240.02 9241.03
9239.39 9240.76 9241.44 9240.79 9240.33 9239.95 9239.53 9238.74 9240.31 9244.77 9249.27 9253.81 9258.76 9264.25 9270.64 9278.58 9289.12 9303.82 9318.4 9323.96 9329.14 9331.39 9334.3 9338.44 9336.16 9326.24 9318.35 9311.03 9304.74 9298.78 9293.37 9287.58 9281.38 9276.41 9275.84 9275.55 9273.69 9270.99 9267.69 9264.3 9261.72 9258.18 9252.8 9250.89 9251.61 9251.24 9250.55 9249.82 9249.24 9248.77 9248.48 9249.27 9249.65 9250.66 9251.23 9251.8 9251.85 9251.84 9252.5 9253.62 9254.71 9256.63 9250.35 9244.46 9241.14 9239.93 9240.49
9240.22 9241.29 9242.01 9241.41 9240.88 9240.19 9239.19 9238.37 9239.4 9243.67 9247.96 9252.11 9256.17 9260.35 9264.62 9269.51 9275.12 9282.36 9296.14 9316.21 9336.7 9339.62 9340.55 9343.98 9341.37 9329.12 9323.67 9317.87 9311.57 9304.77 9299.18 9293.92 9287.93 9279.72 9282.02 9280.43 9276.79 9271.87 9266.24 9260.5 9260.65 9262.87 9262.07 9261.57 9261.57 9256.15 9252.12 9249.41 9248.23 9247.98 9247.71 9247.93 9248.01 9248.54 9249.1 9249.76 9250.23 9250.92 9250.97 9250.65 9249.99 9248.48 9244.85 9240.55 9237.68 9237.7 9239.88
9241.12 9241.88 9242.72 9242.26 9241.92 9241.28 9240.52 9240.61 9241.18 9244.23 9247.6 9250.83 9253.67 9256.24 9258.47 9260.09 9260.74 9260.59 9271.38 9294.19 9322.52 9328.4 9334.91 9342.77 9345.11 9333.93 9328.85 9322.9 9315.83 9308.68 9303.58 9300.17 9298.27 9296.25 9293.61 9286.63 9279.62 9273.59 9267.77 9260.52 9263.73 9270.85 9278.98 9282.32 9271.83 9258.75 9250.84 9247.33 9247.14 9246.6 9246.68 9247.1 9247.65 9248.23 9248.76 9249.13 9249.37 9249.32 9249.21 9248.06 9245.48 9241.88 9239.3 9237.37 9235.43 9237.09 9240.32
9242.46 9243.13 9243.87 9243.8 9243.74 9243.25 9242.99 9243.21 9243.31 9245.98 9248.16 9250.01 9251.52 9252.72 9253.31 9253.09 9251.97 9250.53 9256.18 9266.32 9275.5 9302.07 9320.81 9334.54 9341.97 9342.27 9334.16 9325.43 9317.58 9310.58 9305.07 9302.99 9305.25 9312.52 9303.56 9289.07 9279.62 9274.45 9272.75 9266.94 9269.49 9273.59 9284.74 9287.55 9263.03 9252.67 9246.97 9244.55 9242.59 9244.52 9244.87 9245.79 9246.56 9247.49 9248.16 9248.52 9248.69 9248.45 9247.78 9245.94 9243.39 9239.46 9237.88 9237.44 9237.29 9239.88 9243.92
9244.01 9244.83 9245.45 9245.71 9246 9245.81 9245.97 9246.79 9248.31 9249.14 9249.54 9249.91 9250.23 9250.35 9250.03 9249.29 9248.41 9248.28 9250.17 9253.4 9261.91 9285.37 9306.72 9323.95 9336.91 9337.32 9331.98 9324.03 9315.43 9308.59 9302.47 9299.44 9299.62 9303.92 9295.22 9280.81 9272.26 9269.49 9274.04 9287.42 9270.23 9263.79 9258.63 9244.37 9238.4 9240.37 9240.48 9240.9 9239.75 9242.04 9242.92 9243.98 9245.03 9246.03 9247.23 9247.86 9248.03 9247.88 9247.26 9245.86 9244.07 9243.77 9242.72 9239.38 9241.47 9243.98 9249.21
9245.51 9246.27 9247.14 9247.63 9247.86 9248.35 9248.83 9250.38 9253.23 9252.18 9250.84 9250.08 9249.57 9249.05 9248.44 9247.71 9247.56 9248.39 9249.77 9252.71 9261.08 9278.02 9295.35 9310.98 9325.53 9330.03 9326.87 9317.73 9309.66 9302.17 9295.46 9288.82 9283.46 9275.66 9266.73 9262.38 9257.76 9254.79 9254.91 9257.6 9253.17 9247.38 9239.28 9228.3 9227.98 9231.59 9234.46 9235.75 9236.83 9239.26 9240.91 9242.43 9243.91 9245.28 9246.73 9247.83 9248.37 9248.72 9248.1 9246.88 9244.92 9242.71 9239.48 9239.97 9241.61 9247.55 9253.19
9247.93 9248.53 9249.2 9249.46 9249.73 9250 9250.78 9251.72 9253.21 9252.47 9251.23 9250.33 9249.51 9248.77 9248.08 9247.56 9247.66 9249.2 9252.32 9257.44 9264.7 9274.87 9285.87 9295.34 9301.93 9310.38 9313.16 9306.38 9299.67 9292.52 9285.22 9276.27 9266.73 9253.99 9243.73 9243.83 9241.17 9236.47 9228.91 9225.65 9231.67 9231.77 9228.71 9226.25 9225.97 9226.84 9230.4 9232.82 9235.69 9238.4 9240.71 9242.89 9244.9 9246.93 9248.49 9249.73 9250.29 9250.56 9249.66 9249.23 9247.21 9245.42 9241.58 9244.61 9246.99 9252.92 9258.07
9251.65 9251.73 9251.33 9251.13 9251.09 9251.33 9251.67 9251.86 9251.15 9251.15 9251.22 9250.58 9249.93 9249.3 9248.84 9248.57 9248.64 9250.18 9255.27 9262.23 9267.77 9272.81 9278.42 9282.11 9281.74 9285.71 9290.3 9291.32 9287.8 9282.15 9273.62 9264.77 9254.41 9243.09 9234.8 9231.25 9228.05 9223.07 9215.62 9213.37 9218.25 9220.64 9220.74 9220.82 9222.17 9224.63 9228.78 9231.72 9235.1 9237.86 9240.25 9243.04 9245.92 9248.28 9250.35 9252.07 9253.4 9253.94 9253.81 9253.91 9252.75 9253.82 9257.83 9255.33 9257.13 9261.41 9264.54
9253.67 9253.39 9252.61 9252.2 9252.11 9252.04 9252.22 9252.18 9252.17 9252.33 9251.8 9251.15 9250.62 9250.41 9250.4 9250.73 9251.45 9253.55 9258.09 9263.44 9267.69 9271.04 9273.83 9275.16 9274.65 9275.15 9277.3 9279.64 9277.58 9272.41 9264.24 9255.34 9245.48 9235.81 9228.63 9223.47 9220.26 9216.88 9213.56 9211.66 9212.72 9214.25 9215.26 9216.79 9218.94 9222.27 9226.81 9230.82 9233.73 9235.94 9238.76 9242.11 9245.84 9249.15 9251.89 9254.31 9257.52 9258.3 9259.3 9259.84 9259.42 9260.63 9259.1 9266.32 9270.56 9271.33 9274.01
9252.48 9252.99 9253.11 9252.91 9252.74 9252.55 9252.47 9252.57 9253.23 9253.55 9252.6 9251.81 9251.58 9251.74 9252.33 9253.48 9255.14 9257.44 9260.65 9264.53 9267.48 9269.97 9271.87 9273.08 9274.15 9274.87 9274.48 9273.94 9270.88 9264.14 9256.53 9247.98 9238.54 9229.36 9220.63 9217.26 9215.33 9214.07 9212.73 9211.31 9210.74 9211.04 9212.07 9214.36 9217.22 9220.25 9224.28 9228.21 9232.66 9236.08 9240.24 9241.48 9245.34 9249.53 9253.05 9256.28 9259.26 9261.59 9264.24 9264.88 9267.82 9269.25 9270.75 9271.45 9275.61 9279.47 9282.63
9251.52 9252.95 9253.44 9253.3 9252.91 9252.61 9252.35 9252.32 9252.5 9252.49 9252.4 9252.44 9252.81 9253.49 9254.59 9256.23 9258.56 9260.68 9262.79 9265.01 9267.62 9269.71 9271.37 9272.85 9274.23 9274.67 9274.53 9271.86 9266.52 9259.15 9251.2 9242.08 9233.03 9224.43 9217.12 9213.26 9211.93 9212.19 9214.96 9211.58 9209.69 9209.18 9209.71 9211.99 9214.84 9219.1 9224.7 9227.45 9229.54 9233.95 9238 9242.28 9246.38 9250.48 9254.48 9258.35 9262.09 9266.39 9270.32 9274.19 9276.74 9279.71 9282.44 9282.79 9285.75 9287.65 9285.86
9255.06 9254.56 9254.03 9253.54 9253 9252.44 9252.08 9251.72 9251.49 9251.44 9251.86 9252.5 9253.47 9254.72 9256.25 9258.12 9260.18 9262.5 9264.64 9266.96 9268.47 9270.15 9271.56 9273.06 9275.05 9277.83 9276.25 9270.65 9263.31 9255.33 9247.12 9237.93 9229.11 9220.85 9213.89 9210.01 9208.97 9209.28 9208.42 9209.47 9208.63 9208.05 9208.04 9208.63 9212.35 9217.86 9222.93 9227.83 9233 9237.76 9242.44 9247.02 9252.5 9256.84 9261.09 9265.26 9269.36 9273.98 9277.57 9282.12 9285.41 9289.17 9293.42 9302.79 9300.43 9298.1 9295.61
9257.34 9255.53 9254.47 9253.63 9252.98 9252.24 9251.6 9250.96 9250.65 9250.9 9251.2 9252.35 9253.9 9255.66 9257.67 9259.77 9261.77 9264.15 9266.31 9268.05 9269.67 9270.88 9271.79 9272.66 9273.61 9274.3 9272.35 9266.82 9259.18 9251.4 9243.21 9234.55 9226.08 9218.03 9210.46 9206.84 9206.89 9207.78 9209.32 9208.75 9208.55 9208.22 9208.18 9209.28 9213.05 9218.68 9224.37 9229.58 9234.41 9239.01 9243.75 9248.29 9252.84 9257.46 9263.09 9267.92 9273.16 9278.58 9283.61 9289.19 9293.27 9297.05 9299.7 9309.87 9309.47 9307.32 9304.85
9255.17 9255.26 9254.54 9253.66 9252.85 9251.95 9251.18 9250.26 9249.65 9248.91 9250.16 9252.17 9254.33 9256.53 9258.88 9261.39 9264.15 9266.61 9268.66 9270.27 9271.11 9271.59 9271.66 9271.46 9270.84 9269.21 9265.62 9261.11 9255.25 9247.99 9240.26 9232.15 9224.26 9216.8 9210.5 9207.04 9206.28 9206.85 9208.02 9209.32 9209.93 9209.83 9209.87 9211.48 9215.53 9221.54 9226.83 9231.41 9235.81 9240.22 9244.66 9249.18 9253.86 9258.73 9263.84 9269.28 9274.79 9282.07 9288.04 9295.38 9301.78 9306.29 9308.52 9310.09 9314.84 9313.79 9309.48
9255.44 9255.08 9254.38 9253.48 9252.55 9251.51 9250.75 9250.1 9249.42 9249.05 9250.32 9252.5 9254.8 9257.26 9259.92 9262.84 9265.75 9268.96 9271.58 9272.81 9272.77 9272.44 9271.66 9270.41 9268.45 9265.35 9262.3 9258.79 9253.02 9246.12 9238.9 9231.21 9223.65 9216.98 9211.51 9208.3 9206.67 9207.22 9209.17 9211.71 9213.8 9214.3 9212.94 9217.48 9222.63 9226.54 9230.5 9234.28 9237.61 9241.58 9246.14 9250.61 9255.66 9260.7 9266.09 9271.89 9278.16 9284.69 9291.54 9301.14 9308.53 9315.9 9321.72 9324.55 9321.25 9318.95 9316.51
9255.99 9254.94 9254.06 9253.13 9252.22 9251.57 9250.81 9250.25 9250.05 9250.33 9251.46 9253.27 9255.42 9257.89 9260.68 9263.79 9267.45 9270.89 9274.43 9275.18 9274.17 9273.17 9271.79 9269.89 9267.26 9263.72 9260.85 9257.54 9251.92 9244.86 9237.78 9230.51 9223.36 9217.15 9212.18 9208.54 9207.27 9208.1 9211.35 9215.75 9220.3 9224.39 9226.29 9228.9 9231.33 9232.6 9234.49 9236.91 9239.81 9243.35 9247.32 9251.62 9256.26 9261.27 9267.33 9273.87 9280.33 9288.3 9296.01 9304.84 9314.06 9324 9330.49 9328.52 9324.93 9319.92 9314.56
9254.97 9254.4 9253.57 9252.85 9252.09 9251.43 9250.97 9250.65 9250.8 9251.63 9252.78 9253.99 9255.91 9258.27 9260.98 9263.87 9267.25 9271.26 9274.35 9275.2 9274.43 9273.17 9271.65 9269.59 9266.93 9263.97 9261.29 9257.98 9251.2 9243.89 9236.84 9230.25 9223.83 9217.98 9213.05 9210.34 9208.91 9209.23 9214.43 9221.13 9227.26 9234.34 9241.67 9239.61 9239.19 9237.07 9237.68 9239.26 9242.07 9245.73 9249.62 9253.91 9258.54 9263.54 9269.5 9275.37 9281.88 9289.63 9297.45 9306.53 9316.57 9327.96 9338.14 9334.3 9328.06 9317.61 9305.37
9254.35 9253.7 9253.07 9252.53 9251.8 9251.29 9250.93 9250.81 9251.27 9251.94 9252.96 9254.2 9255.96 9258.22 9260.94 9264.11 9267.5 9270.95 9273.68 9274.36 9273.75 9272.63 9271.2 9269.28 9266.84 9263.8 9260.28 9256.9 9249.51 9242.27 9235.89 9230.16 9224.87 9219.74 9214.75 9210.2 9213.11 9218.16 9223.04 9227.97 9232.55 9237.22 9240.52 9239.97 9238.34 9237.66 9238.87 9240.69 9243.39 9246.6 9250.54 9254.58 9258.98 9263.74 9270.39 9276.15 9282.35 9289.06 9295.86 9304.52 9315.07 9326.21 9337.85 9343.14 9330.93 9315.92 9304.39
9253.24 9252.86 9252.45 9252.06 9251.46 9251.05 9250.89 9250.81 9251.11 9251.67 9252.56 9253.89 9255.61 9257.67 9260.22 9263.47 9266.52 9269.41 9272.62 9272.75 9272.42 9271.66 9270.52 9268.93 9266.79 9263.86 9259.96 9253.12 9245.93 9239.66 9234.63 9230.51 9226.93 9223.49 9219.84 9216.61 9222.48 9229.95 9234.21 9235.63 9236.6 9237.48 9237.86 9236.65 9234.56 9236.23 9238.93 9241.42 9244.18 9247.24 9250.63 9254.61 9258.66 9264.05 9268.85 9273.93 9280.61 9286.27 9292.61 9299.94 9308.18 9317.19 9326.33 9326.68 9319.81 9308.71 9297.89
9252.29 9252.15 9251.97 9251.67 9251.35 9250.99 9250.75 9250.66 9250.83 9251.31 9252.02 9253.43 9255.02 9256.83 9258.7 9260.87 9263.94 9266.47 9268.23 9270.1 9270.52 9270.2 9269.44 9268.21 9266.48 9263.83 9258.61 9249.28 9241.36 9236.27 9232.89 9230.87 9229.85 9229.44 9229.36 9229.19 9238.13 9250.25 9246.42 9242.59 9239.73 9237.7 9236.55 9235.4 9233.8 9236.39 9239.49 9242.28 9245.06 9248.05 9251.46 9255.15 9260.21 9264.29 9268.02 9272.7 9277.42 9282.15 9287.99 9292.89 9297.89 9302.78 9305.75 9308.22 9306.59 9302.44 9294.14
9251.95 9251.93 9251.81 9251.49 9251.17 9250.78 9250.45 9250.4 9250.52 9250.96 9251.76 9252.98 9254.45 9256.12 9257.62 9258.74 9261.96 9264.84 9266.59 9268.12 9268.71 9268.68 9268.19 9267.24 9265.71 9263.45 9260.32 9246.52 9236.42 9232.33 9230.9 9231.26 9233.02 9236.23 9241.2 9248.82 9257.79 9262.09 9253.82 9246.75 9241.42 9237.72 9236.44 9236.77 9237.97 9239.12 9240.93 9243.38 9246.16 9249.06 9251.85 9255.09 9259.1 9262.58 9266.99 9270.69 9274.43 9277.9 9281.21 9284.46 9286.13 9287.07 9289.72 9289.59 9290.29 9292.12 9285.86
9251.83 9251.77 9251.55 9251.18 9250.92 9250.73 9250.59 9250.41 9250.36 9250.56 9251.55 9252.44 9253.98 9255.88 9257.55 9259.47 9261.56 9264.3 9266.24 9266.47 9266.93 9266.98 9266.33 9265.42 9263.93 9261.13 9253.76 9241.25 9230.51 9228.1 9228.83 9231.48 9235.66 9241.63 9249.88 9261.83 9269.02 9260.71 9254.03 9247.26 9241.37 9236.98 9236.18 9237.65 9239.84 9240.6 9242.2 9244.3 9246.79 9249.62 9252.51 9255.5 9258.54 9261.99 9265.01 9267.52 9270.66 9273.19 9274.92 9275.38 9274.45 9271.04 9267.79 9272.6 9274.21 9274.18 9271.02
9252.36 9252.09 9251.67 9251.31 9250.95 9250.62 9250.37 9250.14 9249.99 9249.83 9249.6 9250.95 9253.73 9256.24 9258.1 9259.21 9260.86 9261.83 9263.17 9264.19 9264.67 9264.67 9263.73 9262.74 9261.15 9258.64 9255.52 9240.33 9225.38 9224.28 9226.92 9231.45 9237.38 9244.21 9252.04 9259.49 9259.83 9254.08 9250.6 9245.53 9240.29 9236.32 9235.96 9237.33 9238.34 9240.51 9242.69 9244.86 9247.24 9249.74 9252.42 9255.11 9257.79 9259.94 9262.41 9264.6 9266.56 9267.67 9268.01 9268.24 9266.43 9262.2 9259.02 9262.09 9262.97 9258.33 9256.83
9253.23 9252.26 9251.7 9251.3 9250.81 9250.56 9250.37 9250.18 9250.07 9249.82 9249.48 9251.05 9254.28 9257.25 9259.94 9261.26 9261.03 9260.48 9261.23 9262.23 9262.68 9262.55 9261.63 9260.22 9258.07 9254.84 9248.89 9235.09 9221.87 9221.64 9225.47 9230.99 9237.57 9244.28 9250.54 9254.67 9253.33 9250.89 9247.7 9243.53 9239.05 9235.75 9235.9 9237.6 9239.72 9241.51 9242.85 9244.84 9247.01 9249.34 9251.71 9254.03 9256.27 9258.36 9260.35 9261.49 9262.39 9263.22 9263.45 9263.22 9261.91 9260.69 9258.86 9256.78 9256.51 9251.46 9247.29
9253.16 9252.22 9251.64 9251.35 9250.91 9250.73 9250.62 9250.62 9250.77 9251.03 9251.42 9252.85 9255.68 9258.2 9261.14 9262.48 9261.2 9260.48 9260.51 9260.94 9261.14 9260.8 9260.06 9258.32 9255.46 9250.92 9243.37 9231.82 9221.15 9221.18 9225.51 9231.4 9238.2 9244.28 9249.43 9253.1 9254.36 9249.93 9246.04 9241.99 9238.12 9235.51 9235.85 9237.39 9239.11 9241.01 9243.01 9245.23 9247.48 9249.65 9251.75 9253.73 9255.94 9257.58 9258.42 9259.55 9260.4 9260.74 9260.96 9259.61 9258.64 9256.8 9254.64 9251.81 9248.27 9244 9239.87
