real_craters/C124-300m.grd
DSAA
253 253
-37.765 37.765
-37.765 37.765
7790.1035916051 9990.8331972763
[rows 150 to 179 of 253, columns 134 to 200 of 253]
8928.57 8958.62 8988.03 9021.5 9064.65 9107.8 9153.98 9212.12 9272.32 9333.17 9403.46 9475.87 9546.12 9615.27 9663.37 9692.04 9717.39 9741.18 9751.23 9741.09 9714.23 9677.82 9639.61 9603.12 9566.37 9531.4 9496.71 9467.87 9449.11 9438.97 9431.88 9425.44 9417.22 9407.21 9391.98 9368.72 9344.55 9322.75 9305.79 9298.28 9292.97 9288.03 9283.76 9281.35 9276.36 9267.09 9259.6 9252.25 9246.53 9245.5 9243.96 9241.55 9238.89 9236.03 9233.3 9232.03 9225.6 9220.03 9215.36 9210.98 9206.97 9203.36 9201.97 9203.27 9201.58 9200.2 9198.37
9018.54 9051.36 9080.5 9116.21 9158.02 9203.71 9251.09 9309.58 9367.19 9423.12 9483.81 9544.19 9603.1 9659.43 9696.54 9710.16 9719.5 9726.14 9727.61 9716.81 9682.98 9646.5 9609.72 9573.9 9537.24 9501.79 9465.1 9428.07 9411.39 9408.9 9405.4 9401.22 9395.96 9387.84 9375.97 9360.6 9340.79 9322.35 9308.08 9298.34 9291.37 9285.45 9279.83 9273.4 9265.79 9260.54 9253.98 9247.71 9242.89 9240.37 9239.03 9237.33 9235.86 9233.85 9231.74 9229.62 9224.96 9220.47 9215.79 9211.18 9207.54 9204.6 9202.38 9202.16 9199.96 9198.68 9196.75
9113.02 9143.84 9172.36 9203.78 9240.82 9292.11 9344.94 9394.63 9456.53 9518.9 9559.93 9598.18 9638.94 9678.76 9704.11 9704.98 9700.3 9694.56 9687.79 9671.72 9638.21 9605.95 9572.84 9540.04 9507.29 9474.26 9440.75 9409.8 9393.66 9386.89 9383.81 9380.7 9377.6 9373.34 9366.18 9356.24 9341.14 9324.77 9310.98 9300.34 9292.03 9284.7 9277.9 9270.08 9261.54 9257.75 9251.58 9243.87 9238.46 9236.84 9235.54 9234.52 9233.31 9231.83 9229.8 9225.44 9223.85 9220.92 9216.47 9211.23 9205.26 9201.07 9199.09 9198.93 9197.92 9197.26 9195.67
9209.8 9233.86 9257.13 9284.37 9311.36 9348.65 9403.16 9459 9525.96 9586.93 9611.61 9631.07 9652.36 9675.24 9692.49 9676.21 9663.01 9646.99 9626.46 9600.03 9581.79 9559.35 9532.91 9505 9476.41 9447.2 9419.35 9393.33 9376.77 9370.21 9365.82 9363.11 9361.67 9361.2 9359.72 9356.84 9341.95 9326.02 9312.92 9301.89 9292.98 9285.21 9278.62 9272.51 9266.78 9260.07 9252.53 9245.89 9239.55 9236.41 9234.2 9232.33 9231.15 9230.15 9229.42 9230.77 9227.83 9221.93 9217.7 9212.7 9205.43 9199.5 9195.09 9195.98 9196.05 9196.09 9194.98
9299.55 9320.72 9341.12 9360.31 9373.25 9378.53 9424.05 9506.14 9573.79 9617.29 9636.94 9642.38 9644.24 9644.48 9636.13 9627.19 9613.15 9594.1 9569.69 9544.96 9529.78 9513.79 9492.98 9469.92 9445.55 9421.61 9398.8 9378.53 9365.89 9355.8 9350.01 9347.33 9346.74 9347.67 9350.05 9354.66 9337.6 9323.41 9311.82 9301.46 9292.95 9285.86 9280.05 9275.74 9272.11 9263.83 9254.51 9246.61 9242.2 9236.26 9232.55 9230.6 9229.79 9229.05 9228.19 9225.32 9222.25 9222.29 9219.54 9215.77 9212.26 9202.48 9195.61 9196.45 9195.87 9195.79 9194.58
9380.79 9399.62 9421.67 9441.58 9454.73 9450.95 9489.94 9567.52 9630.32 9653.43 9652.11 9637.48 9620.99 9603.69 9585.79 9572.48 9558.55 9542.83 9522.31 9499.6 9487.1 9473.97 9456.59 9436.77 9416.16 9395.85 9377.92 9360.95 9349.91 9339.67 9333.96 9331.29 9330.76 9331.65 9332.68 9330.81 9325.06 9315.95 9307.02 9299 9291.77 9285.24 9280.02 9276.44 9273.29 9266.58 9257.47 9245.39 9238.39 9232.28 9229.81 9228.86 9228.62 9228.6 9228.08 9227.54 9227.73 9224.15 9221.78 9218.72 9210.78 9201.9 9194.47 9196.36 9195.83 9195.31 9194.35
9447.45 9466.5 9491.27 9522.21 9559.13 9597.03 9606.78 9634.96 9680.68 9695.03 9650.5 9616.67 9586.9 9557.09 9529.72 9513.91 9505.37 9496.33 9483.35 9469.1 9455.65 9440.45 9423.85 9406.19 9389.88 9372.23 9356.4 9340.94 9328.24 9321.16 9317.44 9315.71 9315.08 9314.35 9314.11 9315.06 9310.22 9306.37 9301.77 9296.39 9289.44 9283.02 9277.92 9274.14 9272.11 9266.8 9260.96 9254.21 9237.56 9228.91 9227.45 9227.41 9227.75 9228.4 9228.89 9228.67 9226.21 9225.53 9223.17 9221.17 9220.45 9202.31 9189.62 9194.25 9195.61 9195.36 9194.5
9499.34 9517.75 9544.28 9581.44 9632.33 9697.1 9674.89 9649.9 9648.85 9641.49 9609.79 9578.14 9546.34 9511.11 9468.32 9458.19 9460.27 9456.48 9449.26 9442.66 9428.36 9410.45 9394.56 9379.36 9365.36 9350.4 9336.04 9321.26 9309.34 9302.58 9301.64 9301.33 9300.43 9297.92 9292.74 9291.41 9295.25 9295.86 9296.34 9291.92 9284.62 9278.89 9273.87 9269.42 9264.47 9261.68 9260.63 9252.73 9238.91 9228.55 9226.17 9226.23 9227.02 9228.43 9229.9 9230.87 9229.84 9228.07 9222.88 9217.18 9211.25 9202.95 9195.1 9195.16 9196.78 9196.64 9195.59
9534.51 9550.04 9573.93 9605.6 9641.77 9668.17 9649.69 9609.95 9567.59 9555.56 9548.5 9530.45 9506.32 9477.71 9447.98 9434.91 9430.36 9424.06 9415.64 9406.61 9393.7 9379.53 9367.05 9354.98 9342.94 9330.7 9318.11 9305.35 9291.37 9287.47 9289.06 9289.48 9288.95 9286.5 9282.91 9282.13 9284.27 9285.45 9283.42 9279.64 9277.84 9273.56 9269.06 9264.52 9260.26 9259.38 9262.19 9256.35 9240.58 9228.87 9226.1 9225.8 9226.68 9228.09 9230.44 9233.91 9239.85 9230.4 9220.77 9212.26 9205.64 9205.09 9204.27 9202.58 9201.49 9198.94 9196.77
9552.31 9562.88 9580.35 9602.6 9621.72 9624.13 9600.51 9555.63 9507.02 9494.18 9492.88 9484.65 9470.21 9452.71 9436.09 9425.62 9410.41 9397.72 9384.39 9369.56 9355.73 9348.72 9341.29 9333.2 9324.29 9314.1 9304.08 9294.42 9287.16 9282.76 9280.75 9281.56 9281.29 9279.48 9277.17 9276.56 9277.29 9277.71 9277.53 9276.86 9271.76 9267.9 9263.92 9259.95 9256.12 9254.7 9260.21 9255.15 9241.6 9230.92 9226.88 9225.45 9225.61 9226.72 9228.54 9230.55 9229.94 9224.75 9217.07 9210.02 9205.54 9204.71 9205.89 9206.99 9204.12 9200.8 9197.83
9557.53 9562.26 9571.5 9583.37 9594.24 9590.53 9553.2 9506.54 9465.43 9452.32 9449.86 9446.05 9438.5 9429.01 9418.51 9408.99 9392.25 9375.47 9358.77 9341.72 9327.93 9323.48 9319.63 9314.48 9308.4 9301.63 9294.16 9286.44 9276.76 9270.08 9276.05 9277.15 9277.46 9276.39 9271.89 9272.78 9272.88 9271.93 9270.09 9266.56 9264.8 9262 9259.15 9256.4 9253.62 9251.73 9253.11 9248.71 9239.89 9231.79 9226.85 9224.79 9224.25 9224.68 9225.37 9225.16 9222.23 9218.61 9212.92 9206.06 9202.18 9200.8 9201.96 9202.92 9203.02 9201.68 9198.89
9548.46 9547.11 9548.13 9550.01 9550.53 9538.92 9504.35 9463.49 9428.5 9419.22 9416.62 9414.52 9410.53 9405.03 9398.08 9392.22 9373.8 9356.06 9339.03 9322.45 9308.52 9304.96 9302.95 9300.09 9296.26 9291.52 9286.58 9282.18 9280.3 9284.34 9276.31 9275.24 9275.91 9277.14 9280.01 9274.09 9270.43 9267.39 9264.29 9261.2 9258.56 9256.65 9254.8 9252.86 9251.7 9251.15 9246.08 9242.21 9236.27 9230.08 9225.88 9222.88 9221.83 9221.56 9221.5 9221.2 9220.59 9217.2 9210.68 9203.67 9200.83 9199.51 9200.98 9204.24 9205.01 9202.82 9200.14
9526.5 9520.19 9514.18 9507.28 9496.95 9481.74 9457.24 9427.44 9402.3 9394.33 9390.5 9388.43 9385.67 9381.93 9375.01 9364 9353.7 9339.09 9324.11 9309.68 9297.87 9293.49 9291.59 9289.58 9287.07 9284.05 9280.99 9278.08 9276.16 9271.62 9273.16 9273.15 9273.99 9275.8 9276.73 9272.77 9268.13 9263.88 9259.46 9255.09 9252.73 9251.87 9250.49 9248.92 9248.15 9248.67 9245.87 9237.92 9231.4 9226.8 9221.49 9220.01 9219.52 9218.84 9218.14 9217.11 9216.52 9213.9 9209.54 9206.57 9203.86 9202.99 9203.09 9204.17 9204.26 9203.2 9201.28
9503.03 9492.12 9479.53 9464.32 9446.27 9431.37 9415.73 9397.96 9384.18 9374.27 9369.41 9367.04 9364.49 9360.98 9356.05 9349.56 9337.87 9325.17 9312.62 9301.06 9291.86 9286.36 9283.85 9281.91 9280.16 9278.13 9275.95 9274.09 9272.54 9271.54 9270.57 9270.43 9270.75 9271.72 9272.11 9268.83 9265.19 9261.26 9256.47 9250.18 9249 9248.93 9246.97 9244.33 9241.7 9239.16 9236.28 9231.18 9225.33 9217.2 9216.37 9217.65 9217.32 9216.4 9215.04 9212.87 9209.82 9206.73 9206.83 9208.75 9205.35 9204.19 9204.17 9204.79 9204.87 9204.51 9202.92
9477.77 9463.82 9446.76 9426.13 9404.65 9392.24 9382.27 9369.92 9360.34 9356.46 9352.86 9350.45 9347.92 9345.16 9339.52 9333.76 9323.35 9313.5 9303.57 9293.95 9285.11 9280.42 9278.44 9276.85 9275.2 9273.64 9271.75 9270.52 9269.96 9269.52 9268.42 9267.41 9266.6 9265.51 9265.08 9264.08 9262.25 9259.81 9257 9253.75 9251.87 9248.85 9244.64 9240.06 9234.81 9227.99 9225.07 9224.08 9222.21 9221.09 9219.92 9217.42 9216.02 9214.68 9212.74 9209.84 9205.42 9200.55 9203.96 9204.48 9204.35 9202.67 9204.79 9206.67 9207.92 9206.93 9205.3
9450.83 9435.73 9417.82 9395.9 9373.31 9364.65 9358.35 9350.26 9344.66 9342.27 9340.5 9338.57 9335.99 9331.85 9325.97 9317.8 9309.91 9304.02 9296.76 9289.36 9282.1 9277.78 9275.54 9273.56 9271.96 9270.5 9268.99 9267.84 9267.37 9267.24 9265.78 9264.66 9263.26 9260.04 9258.92 9260.34 9259.88 9258.79 9258.13 9259.57 9257.49 9249.21 9242.48 9236.67 9230.61 9224.17 9220.23 9219.22 9219.43 9219.53 9218.64 9216.77 9215.27 9213.92 9212.06 9209.72 9207.04 9205.99 9206.13 9207.05 9205.82 9205.69 9207.55 9209.41 9209.19 9210.82 9209.72
9424.81 9411.12 9394.61 9376.19 9358.31 9350.23 9344.4 9336.95 9333.5 9333.08 9331.85 9329.95 9327.61 9323.22 9317.43 9310.44 9303.45 9298.84 9292.88 9286.95 9282.21 9278.18 9274.2 9271.43 9269.47 9268.23 9266.88 9265.86 9264.86 9263.14 9262.44 9262.84 9262.38 9260.83 9259.58 9259.26 9258.35 9257.39 9256.65 9256.6 9253.9 9246.27 9239.79 9233.99 9228.62 9223.47 9216.78 9216.52 9216.94 9216.88 9216.07 9215.88 9215 9214.09 9212.92 9211.54 9210.52 9210.05 9209.04 9207.8 9207.08 9208.53 9211.47 9215.13 9218.15 9217.89 9215.68
9403.44 9390.81 9377.33 9364.4 9353.26 9344.25 9338.39 9332.32 9329.19 9327.97 9326.71 9324.44 9321.46 9317.85 9313.2 9308.82 9303.19 9296.91 9290.53 9285.13 9280.71 9276.74 9272.98 9270.06 9268 9266.36 9265.11 9264.28 9263.17 9262.97 9262.67 9261.84 9262.57 9264.84 9262.19 9259.25 9257.38 9255.34 9253.03 9249.45 9244.52 9240.73 9236.67 9231.79 9226.73 9222.49 9216.92 9215.75 9216.03 9216.56 9217.1 9215.56 9215.11 9214.72 9214.3 9213.86 9213.5 9213.12 9213.01 9211.31 9208.01 9209.31 9215.88 9221.9 9225.84 9226.97 9223.01
9385.09 9374.29 9363.11 9353.15 9346.07 9340.11 9336.73 9334.45 9329.13 9326.24 9323.4 9320.31 9317.01 9313.8 9309.99 9307.6 9304.66 9295.08 9288.05 9282.76 9278.36 9274.76 9271.46 9268.93 9267.21 9265.64 9264.47 9263.06 9261.96 9260.72 9259.49 9260.31 9261.22 9260.63 9260.29 9258.24 9255.98 9253.56 9250.22 9245.01 9236.49 9237.47 9234.56 9230.36 9225.72 9219.71 9216.31 9216.8 9216.68 9215.86 9214.45 9215.07 9215.67 9215.96 9216.09 9216.23 9216.7 9217.78 9217.6 9215.74 9213.65 9215.18 9221.55 9228.81 9236.21 9236.36 9229.81
9370.37 9360.67 9351.08 9341.89 9336.15 9335.56 9335.44 9334.47 9329.11 9325.42 9321.52 9317.6 9313.58 9309.94 9305.64 9301.61 9295.93 9290.22 9284.77 9279.88 9275.68 9272.58 9269.4 9267.61 9266.17 9265.02 9264.04 9262.8 9261.81 9260.13 9257.27 9260.07 9260.2 9260.15 9258.29 9256.78 9254.72 9252.08 9248.99 9245.81 9245.08 9238.95 9234.26 9229.93 9226.06 9225.04 9221.75 9220.09 9218.75 9217.37 9215.75 9216.43 9217.29 9217.67 9218.07 9218.59 9219.56 9220.72 9220.44 9220.28 9219.62 9221.35 9226.62 9233.63 9238.92 9239.25 9234.69
9357.84 9349.37 9341.61 9335.06 9331.95 9332.2 9332.91 9332.78 9328.21 9324.21 9319.92 9315.3 9310.62 9306.33 9301.34 9295.56 9287.92 9285.26 9281.38 9276.95 9272.33 9267.53 9266.55 9266.12 9265.42 9264.63 9263.86 9263.18 9262.8 9263.35 9265.84 9262.68 9260.1 9256.97 9256.93 9255.65 9253.65 9251.25 9248.49 9245.68 9242.49 9238.52 9234.28 9230.12 9226.02 9221.09 9224.79 9223.23 9221.32 9220.37 9220.04 9220.17 9219.91 9220.23 9220.75 9221.36 9222.04 9223.41 9234.12 9226.88 9219.22 9222.81 9229.75 9236.92 9243.76 9246.08 9238.44
9347.11 9339.54 9333.18 9329.34 9328.39 9330 9330.88 9329.11 9327.1 9323.07 9318.24 9312.98 9307.69 9303.04 9297.78 9292.45 9287.75 9283.32 9278.83 9274.65 9270.77 9267.69 9266.72 9265.83 9264.78 9263.84 9263.15 9262.93 9263.2 9264.5 9266.24 9263.82 9261.41 9259.19 9256.88 9255.01 9252.95 9250.62 9247.99 9244.97 9241.29 9238.03 9234.5 9230.79 9227.55 9225.9 9224.15 9223.81 9223.38 9222.98 9223.96 9223.28 9222.29 9222.72 9223.69 9224.56 9224.89 9224.66 9224.91 9227.59 9225.16 9227.22 9231.62 9237.12 9243.84 9248.06 9237.13
9337.52 9330.49 9324.5 9321.55 9323.43 9328.31 9333.1 9332.62 9327.05 9321.95 9316.49 9310.67 9304.71 9299.28 9293.99 9289.53 9287.22 9281.6 9275.95 9272.4 9270.51 9270.02 9268.15 9265.69 9264.01 9262.74 9261.93 9261.79 9261.9 9262.65 9262.98 9261.97 9260.81 9259.59 9256.69 9254.68 9252.63 9250.31 9247.75 9244.9 9242.17 9238.9 9235.06 9231.55 9228.57 9227.03 9226.61 9226.36 9225.07 9223.69 9222.74 9222.17 9223.07 9224.87 9226.61 9228.13 9228.83 9228.04 9224.7 9231.73 9233.38 9231.4 9231.5 9232.8 9234.48 9234.11 9226.94
9329.49 9322.97 9316.64 9311.82 9317.61 9325.74 9333.06 9332.4 9325.93 9319.93 9314.01 9307.88 9301.71 9295.68 9289.68 9284.15 9280.23 9274.95 9270.89 9269.11 9268.76 9269.31 9267.94 9264.89 9262.86 9261.38 9260.37 9259.78 9259.62 9259.67 9259.64 9258.68 9256.66 9255.71 9255.61 9254.01 9252.13 9249.76 9247.16 9244.67 9241.97 9238.88 9235.86 9232.6 9228.94 9227.57 9229 9229.14 9226.58 9223.94 9221.23 9220.19 9224.07 9227.74 9230.57 9232.89 9234.65 9236.27 9238.44 9239.44 9236.51 9232.61 9228.9 9225.75 9221.63 9215.39 9212.17
9322.62 9317.24 9312.72 9309.76 9314.49 9321.66 9328.92 9327.83 9322.43 9316.5 9310.52 9304.73 9298.73 9292.41 9285.45 9277.88 9269.34 9263.85 9264.49 9265.24 9265.73 9265.5 9263.96 9262.8 9260.97 9259.37 9258.2 9257.67 9257.08 9256.43 9255.18 9255.26 9257.8 9256.59 9255.08 9253.43 9251.52 9249.35 9247.15 9244.78 9242.03 9239.26 9237.02 9234.66 9231.28 9229.59 9230.64 9230.3 9227.52 9224.83 9222.86 9222.38 9227.3 9231.34 9234.92 9238.06 9240.73 9242.92 9247.91 9245.95 9239.88 9231.08 9224.67 9218.7 9211.4 9202.27 9200.57
9316.92 9312.67 9310.15 9310.64 9311.4 9315.43 9319.49 9319.24 9316.33 9311.96 9306.97 9301.74 9295.92 9289.54 9282.29 9273.94 9264.2 9258.11 9260.86 9262.76 9263.58 9263.46 9262.78 9261.12 9259.12 9257.49 9256.26 9255.24 9254.55 9254.01 9254.33 9255.2 9255.85 9255.58 9254.43 9252.8 9251.01 9249.04 9247.08 9245.06 9242.83 9239.93 9238.33 9236.38 9238 9234.07 9230.55 9230.9 9226.54 9225.46 9226.42 9230.1 9231.86 9235.85 9239.78 9243.24 9245.97 9247.68 9249.15 9241.42 9231.6 9225.31 9219.1 9212.58 9205.75 9198.55 9195.78
9312.12 9308.09 9304.74 9303.69 9305.83 9308.16 9309.81 9310.42 9309.43 9306.64 9302.74 9298.48 9293.43 9287.71 9281.22 9273.99 9266.28 9261.56 9262.04 9262.86 9263.06 9263.31 9262.81 9259.18 9256.72 9255.15 9254 9253.07 9252.24 9251.79 9251.99 9252.89 9252.41 9253.82 9253.53 9252.12 9250.34 9248.58 9246.61 9244.66 9243.4 9245.89 9237.64 9233.64 9231 9228.68 9224.71 9220.18 9221.92 9224.92 9228.08 9230.03 9236.11 9240.54 9244.61 9248.41 9250.92 9251.66 9247.4 9234.7 9224.3 9219.3 9214.12 9208.8 9203.03 9197.6 9194.67
9307.85 9304.89 9301.92 9300.33 9301.65 9302.04 9301.71 9303.34 9303.35 9301.71 9298.87 9295.26 9291.35 9286.72 9281.84 9276.89 9271.65 9266.59 9267.02 9265.09 9262.77 9260.45 9257.81 9255.12 9253.55 9252.49 9251.6 9250.78 9249.89 9249.26 9248.82 9248.76 9255.72 9254.13 9252.98 9251.58 9249.9 9247.84 9245.6 9243.13 9240.14 9234.7 9232.09 9228.7 9224.41 9223.02 9220.03 9214.47 9219.79 9225.35 9230.54 9237.74 9240.84 9244.53 9248.86 9252.66 9254.77 9253.46 9244.46 9231.19 9220.94 9214.93 9210.07 9205.58 9201.56 9198.19 9195.71
9303.9 9302.11 9301.91 9300.45 9299.25 9299.41 9298.42 9299.2 9298.78 9297.41 9295.25 9292.47 9289.57 9286.22 9282.99 9280.42 9278.97 9281.14 9274.17 9268.23 9262.77 9257.57 9252.06 9250.65 9250.48 9250.09 9249.65 9248.94 9248.16 9247.48 9247.05 9248.8 9251.6 9252.71 9251.84 9250.57 9249.08 9247.19 9244.97 9241.96 9237.93 9232.73 9228.88 9225.66 9223.06 9221.23 9220.86 9224.04 9224.84 9226.55 9230.88 9236.28 9241.26 9246.38 9251.65 9256.12 9257.97 9253.57 9239.49 9223.97 9216.87 9210.97 9206.55 9203.31 9200.58 9198.79 9197.46
9300.11 9298.2 9297.48 9296.41 9295.98 9297.71 9299.2 9296.22 9295.25 9294.01 9292.36 9290.15 9287.93 9285.72 9283.7 9282.35 9282.28 9280.89 9277.04 9270.17 9263.17 9256.67 9250.56 9248.9 9248.87 9248.65 9248.24 9247.54 9246.75 9246.01 9245.52 9245.49 9251.61 9250.76 9250.36 9249.55 9248.44 9246.99 9245.06 9242.34 9238.48 9233.25 9229.11 9225.47 9221.27 9221.31 9221.57 9222.79 9223.98 9226.33 9229.8 9234.07 9239.27 9246.54 9253.39 9258.78 9261.63 9258.17 9238.86 9221.18 9213.03 9207.29 9203.59 9201.01 9199.08 9197.43 9195.06
