real_craters/C124-750m.grd
DSAA
102 102
-37.765 37.765
-37.765 37.765
7802.970488697 9958.4836510156
[rows 0 to 37 of 102, columns 0 to 83 of 102]
9338 9330 9332 9323 9321 9320 9324 9334 9345 9351 9355 9354 9350 9355 9358 9353 9350 9345 9340 9341 9347 9346 9342 9338 9336 9330 9326 9327 9317 9300 9296 9333 9364 9373 9372 9359 9361 9355 9347 9338 9322 9297 9298 9288 9281 9271 9270 9262 9256 9251 9246 9249 9252 9251 9259 9310 9344 9341 9346 9340 9326 9299 9261 9221 9207 9197 9197 9199 9199 9214 9221 9223 9229 9230 9227 9216 9208 9223 9223 9223 9219 9213 9216 9217
9341 9335 9331 9320 9320 9321 9325 9331 9335 9340 9343 9338 9330 9333 9333 9335 9336 9338 9340 9341 9344 9344 9341 9339 9339 9342 9333 9328 9332 9329 9321 9342 9364 9376 9370 9359 9351 9343 9331 9323 9322 9333 9310 9293 9280 9270 9274 9271 9264 9257 9250 9244 9242 9244 9243 9285 9323 9348 9341 9326 9306 9279 9245 9212 9201 9196 9192 9193 9198 9201 9203 9203 9207 9208 9204 9194 9192 9200 9206 9212 9211 9210 9211 9210
9342 9345 9331 9329 9327 9325 9328 9330 9330 9330 9334 9332 9326 9320 9321 9320 9323 9328 9330 9338 9337 9337 9336 9336 9338 9342 9339 9338 9344 9347 9342 9358 9378 9383 9370 9355 9343 9334 9326 9317 9312 9308 9298 9291 9283 9276 9281 9276 9270 9262 9255 9248 9243 9236 9243 9287 9324 9346 9332 9308 9281 9250 9230 9214 9204 9203 9191 9193 9194 9196 9196 9195 9195 9194 9191 9188 9190 9198 9210 9213 9215 9214 9211 9209
9369 9388 9364 9351 9337 9331 9334 9332 9329 9331 9335 9333 9321 9319 9318 9317 9320 9325 9337 9344 9333 9330 9329 9329 9330 9330 9340 9349 9348 9352 9355 9365 9380 9385 9366 9347 9335 9324 9311 9306 9299 9286 9277 9271 9284 9309 9301 9285 9273 9264 9258 9253 9249 9244 9258 9300 9324 9331 9310 9285 9260 9237 9224 9221 9218 9203 9197 9198 9200 9197 9194 9194 9188 9186 9185 9185 9188 9195 9206 9216 9224 9219 9213 9210
9383 9387 9366 9354 9343 9335 9333 9333 9328 9324 9328 9325 9317 9317 9318 9321 9321 9323 9327 9334 9330 9324 9323 9322 9323 9329 9337 9343 9339 9338 9349 9363 9378 9383 9360 9340 9329 9319 9309 9302 9296 9283 9268 9260 9274 9293 9296 9281 9269 9261 9255 9252 9252 9250 9263 9290 9301 9291 9277 9261 9243 9227 9219 9220 9222 9216 9207 9207 9205 9200 9192 9185 9181 9180 9181 9185 9187 9191 9196 9210 9221 9217 9213 9210
9405 9398 9373 9354 9341 9335 9338 9333 9328 9327 9325 9322 9318 9322 9322 9324 9326 9326 9323 9318 9315 9319 9321 9319 9316 9318 9327 9329 9325 9318 9334 9351 9365 9372 9351 9334 9325 9316 9306 9304 9301 9295 9279 9258 9261 9267 9264 9267 9262 9255 9249 9244 9242 9246 9259 9290 9284 9267 9252 9241 9229 9219 9214 9213 9218 9227 9222 9216 9210 9201 9190 9180 9177 9178 9180 9181 9186 9191 9199 9205 9204 9212 9211 9210
9422 9392 9367 9348 9335 9327 9326 9325 9323 9319 9321 9320 9324 9333 9329 9334 9328 9328 9326 9320 9314 9318 9315 9313 9312 9313 9322 9317 9314 9321 9330 9338 9346 9347 9341 9330 9321 9314 9309 9308 9308 9308 9287 9224 9230 9259 9253 9257 9258 9253 9245 9238 9234 9246 9264 9280 9266 9246 9231 9226 9220 9212 9208 9211 9211 9225 9233 9222 9213 9205 9192 9180 9180 9185 9182 9181 9184 9189 9199 9214 9224 9215 9210 9209
9399 9371 9347 9337 9328 9319 9315 9315 9318 9318 9323 9331 9328 9328 9332 9334 9327 9336 9345 9329 9334 9321 9314 9309 9307 9307 9301 9303 9302 9304 9313 9325 9327 9323 9322 9324 9320 9314 9307 9311 9313 9312 9296 9223 9230 9259 9256 9259 9257 9252 9245 9237 9232 9230 9260 9257 9249 9233 9223 9221 9217 9209 9200 9205 9226 9229 9231 9218 9204 9192 9191 9199 9205 9196 9192 9184 9187 9187 9185 9201 9217 9214 9209 9207
9358 9354 9334 9325 9321 9317 9314 9315 9319 9324 9328 9326 9326 9327 9328 9324 9322 9337 9347 9331 9326 9316 9308 9302 9297 9293 9293 9297 9298 9301 9316 9320 9319 9314 9315 9322 9323 9322 9318 9318 9316 9309 9287 9284 9302 9284 9273 9267 9262 9256 9249 9241 9227 9226 9235 9240 9244 9237 9228 9227 9222 9217 9221 9217 9222 9222 9212 9214 9200 9178 9197 9204 9206 9205 9209 9210 9195 9186 9183 9194 9212 9208 9205 9204
9361 9360 9322 9319 9317 9319 9318 9319 9319 9323 9324 9322 9324 9327 9326 9321 9320 9327 9331 9327 9304 9302 9298 9294 9295 9292 9294 9301 9308 9312 9322 9315 9316 9319 9323 9326 9327 9330 9327 9325 9322 9317 9314 9329 9333 9315 9293 9278 9269 9262 9258 9254 9254 9253 9251 9256 9250 9246 9245 9237 9232 9227 9222 9231 9240 9235 9233 9224 9222 9228 9216 9208 9207 9204 9209 9209 9197 9187 9181 9180 9190 9196 9197 9198
9367 9337 9323 9317 9315 9315 9313 9314 9315 9316 9318 9321 9325 9330 9326 9322 9321 9322 9316 9303 9299 9292 9288 9284 9282 9286 9293 9309 9309 9305 9296 9309 9315 9321 9333 9325 9325 9329 9329 9325 9323 9326 9333 9348 9351 9324 9300 9283 9272 9267 9265 9265 9272 9268 9262 9264 9255 9252 9249 9247 9243 9240 9239 9243 9243 9236 9234 9229 9228 9233 9219 9204 9192 9194 9196 9196 9192 9186 9181 9180 9186 9186 9187 9190
9369 9336 9327 9316 9311 9312 9308 9306 9309 9313 9319 9320 9321 9312 9309 9312 9312 9311 9305 9295 9289 9285 9279 9274 9275 9290 9309 9323 9298 9297 9313 9313 9311 9309 9309 9314 9318 9323 9327 9330 9333 9335 9337 9359 9363 9313 9297 9286 9278 9274 9270 9268 9272 9263 9258 9255 9250 9251 9252 9252 9251 9255 9262 9258 9246 9228 9226 9223 9220 9216 9208 9198 9187 9187 9188 9188 9188 9185 9182 9184 9177 9178 9179 9181
9348 9335 9327 9315 9306 9303 9303 9303 9303 9306 9307 9309 9305 9301 9301 9303 9305 9299 9300 9291 9286 9279 9273 9269 9272 9293 9305 9299 9285 9291 9303 9308 9305 9301 9299 9303 9310 9313 9325 9335 9342 9347 9351 9359 9342 9307 9295 9287 9282 9276 9271 9264 9258 9244 9241 9234 9240 9244 9247 9248 9252 9260 9272 9255 9233 9223 9213 9208 9208 9205 9201 9197 9193 9190 9188 9186 9185 9184 9180 9176 9172 9172 9171 9172
9354 9335 9325 9314 9303 9302 9300 9295 9298 9300 9300 9299 9294 9292 9294 9301 9311 9313 9307 9299 9286 9277 9269 9264 9271 9293 9295 9291 9284 9287 9293 9297 9299 9295 9289 9297 9310 9315 9328 9337 9347 9357 9362 9359 9334 9310 9299 9292 9286 9277 9268 9257 9240 9236 9228 9227 9232 9236 9237 9240 9245 9247 9248 9231 9216 9211 9202 9196 9198 9199 9199 9197 9195 9192 9187 9188 9186 9183 9181 9172 9166 9167 9167 9166
9358 9345 9330 9318 9306 9302 9302 9302 9300 9298 9297 9295 9292 9290 9292 9310 9322 9314 9312 9307 9289 9278 9268 9262 9266 9284 9288 9286 9288 9285 9283 9285 9297 9311 9300 9305 9318 9329 9333 9340 9352 9366 9379 9384 9355 9323 9307 9295 9285 9275 9266 9258 9249 9228 9222 9225 9228 9232 9237 9239 9235 9228 9215 9201 9201 9203 9198 9194 9193 9195 9197 9196 9195 9194 9191 9191 9188 9183 9179 9171 9164 9163 9162 9162
9360 9363 9341 9325 9316 9311 9308 9303 9300 9298 9292 9290 9288 9302 9315 9325 9318 9304 9298 9293 9288 9281 9271 9263 9269 9284 9286 9280 9282 9280 9280 9284 9287 9288 9316 9329 9319 9323 9328 9339 9351 9365 9381 9378 9348 9329 9311 9298 9286 9276 9265 9255 9244 9226 9225 9225 9222 9227 9232 9233 9228 9217 9195 9186 9185 9189 9189 9188 9189 9190 9190 9195 9199 9200 9199 9197 9192 9184 9174 9163 9158 9159 9159 9160
9342 9353 9342 9330 9321 9317 9313 9310 9307 9303 9296 9288 9289 9329 9341 9312 9303 9293 9286 9283 9283 9280 9275 9276 9290 9301 9295 9283 9275 9277 9279 9279 9279 9284 9298 9305 9304 9304 9316 9328 9339 9351 9362 9364 9332 9325 9313 9300 9288 9275 9262 9248 9232 9231 9222 9211 9214 9221 9226 9225 9224 9220 9211 9182 9177 9180 9183 9185 9186 9188 9190 9196 9204 9213 9209 9204 9197 9189 9179 9168 9161 9159 9158 9160
9345 9348 9337 9327 9320 9319 9316 9315 9314 9308 9309 9310 9304 9321 9315 9303 9283 9283 9286 9281 9279 9280 9277 9281 9306 9318 9300 9290 9276 9277 9277 9276 9277 9282 9288 9298 9290 9293 9303 9315 9328 9341 9343 9330 9334 9320 9310 9300 9288 9276 9262 9249 9241 9234 9223 9219 9214 9215 9219 9215 9219 9216 9210 9190 9182 9184 9184 9184 9185 9188 9193 9197 9203 9210 9216 9207 9199 9193 9184 9176 9167 9161 9159 9161
9344 9339 9327 9318 9310 9312 9310 9309 9305 9303 9300 9300 9298 9310 9295 9286 9278 9274 9275 9276 9274 9267 9273 9285 9282 9290 9288 9279 9283 9280 9278 9277 9272 9271 9278 9281 9276 9283 9295 9306 9315 9323 9325 9327 9311 9315 9310 9300 9289 9277 9264 9253 9250 9251 9236 9219 9208 9210 9213 9216 9214 9211 9212 9224 9208 9196 9187 9185 9185 9188 9192 9197 9200 9204 9208 9203 9196 9195 9196 9189 9174 9167 9160 9160
9325 9319 9310 9302 9299 9301 9300 9298 9296 9292 9289 9289 9291 9320 9317 9301 9278 9277 9265 9273 9275 9275 9272 9267 9268 9275 9281 9274 9273 9277 9278 9279 9272 9269 9272 9276 9277 9280 9289 9299 9308 9315 9319 9325 9313 9318 9310 9299 9290 9280 9271 9260 9262 9275 9259 9234 9212 9209 9210 9210 9208 9210 9209 9220 9230 9207 9189 9185 9183 9185 9190 9193 9197 9202 9202 9194 9185 9181 9197 9201 9203 9175 9164 9164
9304 9296 9291 9286 9288 9289 9289 9288 9289 9285 9282 9287 9307 9363 9365 9337 9320 9305 9297 9288 9281 9278 9276 9273 9271 9281 9289 9296 9285 9279 9278 9274 9274 9272 9270 9268 9275 9278 9287 9295 9303 9309 9312 9315 9304 9305 9303 9298 9292 9286 9280 9278 9278 9286 9286 9250 9218 9215 9212 9204 9202 9205 9205 9218 9227 9215 9203 9188 9180 9181 9184 9188 9192 9196 9196 9185 9170 9154 9152 9198 9233 9198 9175 9175
9286 9280 9276 9272 9273 9277 9278 9278 9277 9277 9279 9287 9314 9353 9353 9332 9326 9324 9320 9300 9286 9278 9285 9301 9312 9298 9298 9304 9289 9287 9284 9283 9273 9272 9272 9270 9268 9277 9286 9295 9302 9308 9310 9304 9297 9298 9298 9297 9295 9293 9291 9288 9287 9286 9297 9271 9243 9233 9224 9216 9211 9211 9209 9213 9218 9215 9208 9188 9179 9178 9180 9184 9187 9192 9192 9178 9162 9149 9151 9207 9260 9229 9193 9191
9274 9267 9266 9263 9265 9267 9267 9267 9268 9270 9275 9279 9305 9329 9329 9322 9322 9319 9313 9300 9289 9281 9287 9299 9294 9300 9298 9297 9306 9297 9291 9283 9279 9275 9276 9278 9277 9282 9289 9297 9304 9310 9313 9309 9301 9297 9297 9299 9301 9301 9300 9306 9296 9292 9302 9292 9280 9257 9240 9228 9218 9208 9207 9215 9220 9210 9189 9179 9174 9173 9175 9179 9179 9184 9185 9174 9163 9156 9171 9214 9260 9242 9200 9190
9268 9262 9260 9259 9257 9258 9258 9259 9259 9262 9267 9274 9306 9338 9321 9312 9304 9305 9303 9296 9289 9283 9280 9281 9287 9297 9306 9314 9317 9314 9301 9286 9271 9276 9279 9287 9289 9288 9292 9297 9304 9310 9316 9312 9302 9299 9299 9304 9309 9310 9307 9302 9303 9308 9311 9306 9291 9269 9250 9235 9223 9221 9218 9226 9231 9209 9185 9173 9172 9167 9169 9170 9171 9171 9172 9173 9170 9164 9174 9208 9232 9223 9200 9185
9260 9255 9252 9253 9249 9251 9252 9253 9252 9256 9264 9277 9306 9318 9302 9286 9284 9287 9289 9287 9285 9285 9285 9280 9284 9297 9312 9318 9315 9321 9309 9297 9280 9276 9280 9284 9285 9289 9293 9298 9303 9308 9312 9315 9310 9307 9307 9315 9320 9323 9323 9319 9310 9312 9327 9317 9289 9271 9259 9246 9237 9231 9232 9232 9231 9204 9182 9168 9156 9162 9164 9164 9163 9165 9170 9173 9180 9195 9200 9203 9203 9192 9188 9178
9249 9247 9243 9239 9243 9245 9248 9249 9249 9253 9265 9272 9279 9292 9290 9277 9274 9275 9277 9279 9280 9282 9284 9276 9283 9302 9317 9324 9328 9323 9311 9300 9286 9278 9277 9280 9287 9289 9293 9299 9303 9307 9305 9314 9314 9319 9333 9329 9333 9338 9342 9339 9327 9324 9329 9320 9299 9283 9272 9259 9249 9236 9235 9226 9205 9191 9175 9165 9165 9161 9159 9158 9157 9156 9154 9170 9184 9196 9202 9201 9194 9181 9174 9166
9236 9234 9234 9235 9239 9243 9246 9249 9251 9256 9261 9265 9265 9271 9275 9272 9268 9265 9266 9269 9272 9273 9272 9273 9286 9307 9329 9331 9325 9317 9304 9291 9284 9280 9275 9269 9277 9285 9293 9299 9305 9309 9312 9316 9318 9324 9325 9337 9347 9355 9358 9357 9349 9341 9335 9326 9317 9306 9286 9269 9257 9258 9246 9226 9204 9186 9171 9163 9160 9158 9156 9154 9153 9155 9162 9170 9180 9188 9196 9200 9198 9189 9168 9156
9228 9227 9227 9230 9235 9239 9243 9249 9256 9271 9274 9264 9260 9263 9268 9265 9253 9255 9257 9261 9265 9267 9270 9285 9296 9308 9322 9324 9320 9304 9293 9287 9280 9279 9279 9274 9277 9284 9294 9303 9309 9314 9314 9316 9331 9330 9334 9347 9364 9377 9381 9378 9373 9358 9339 9324 9326 9322 9296 9276 9264 9266 9257 9229 9200 9178 9166 9161 9156 9155 9155 9154 9152 9156 9163 9170 9176 9178 9194 9204 9209 9205 9173 9160
9224 9223 9223 9226 9231 9236 9242 9248 9255 9263 9262 9268 9265 9273 9275 9265 9252 9241 9250 9258 9265 9270 9273 9295 9304 9304 9307 9313 9316 9303 9289 9288 9289 9288 9284 9285 9282 9285 9300 9310 9316 9321 9322 9324 9329 9336 9341 9361 9387 9407 9416 9407 9388 9370 9350 9335 9327 9315 9300 9280 9265 9270 9259 9231 9194 9169 9162 9157 9156 9158 9160 9158 9157 9157 9162 9167 9175 9185 9196 9208 9220 9226 9201 9178
9222 9221 9220 9223 9228 9234 9238 9243 9246 9244 9242 9267 9284 9271 9258 9253 9250 9248 9251 9259 9268 9279 9292 9315 9300 9295 9296 9301 9306 9302 9292 9289 9292 9293 9287 9285 9294 9303 9314 9319 9322 9326 9325 9326 9338 9351 9362 9384 9417 9443 9457 9441 9412 9388 9366 9345 9335 9318 9305 9285 9269 9280 9273 9242 9204 9176 9168 9158 9169 9174 9166 9162 9160 9159 9156 9160 9171 9183 9195 9209 9222 9234 9227 9209
9219 9220 9222 9222 9227 9231 9236 9240 9241 9238 9240 9268 9285 9260 9252 9248 9244 9246 9251 9258 9269 9284 9285 9279 9285 9285 9286 9291 9296 9301 9297 9295 9296 9297 9299 9303 9319 9339 9330 9328 9328 9327 9326 9338 9354 9382 9406 9429 9452 9471 9497 9468 9439 9410 9383 9364 9340 9331 9307 9292 9289 9288 9288 9260 9223 9195 9184 9183 9178 9169 9168 9166 9163 9159 9157 9161 9169 9180 9191 9203 9217 9226 9219 9219
9217 9218 9219 9219 9222 9227 9231 9234 9238 9240 9246 9263 9263 9254 9255 9245 9239 9242 9246 9255 9264 9270 9271 9270 9276 9279 9283 9288 9290 9288 9294 9298 9298 9299 9311 9321 9328 9332 9335 9335 9334 9334 9339 9364 9404 9437 9464 9482 9485 9481 9475 9468 9453 9428 9398 9356 9327 9309 9297 9294 9297 9317 9316 9287 9249 9205 9204 9198 9187 9177 9174 9168 9160 9158 9157 9160 9167 9176 9186 9196 9206 9214 9215 9214
9216 9213 9210 9216 9222 9227 9230 9235 9239 9247 9250 9264 9266 9259 9247 9240 9232 9233 9239 9247 9256 9266 9265 9268 9273 9279 9284 9288 9291 9296 9296 9299 9305 9310 9322 9329 9332 9333 9339 9342 9342 9345 9364 9395 9439 9476 9507 9523 9515 9491 9470 9459 9460 9462 9443 9386 9354 9330 9308 9311 9323 9337 9348 9325 9292 9273 9236 9212 9199 9193 9185 9174 9161 9158 9160 9165 9166 9174 9182 9189 9195 9199 9202 9210
9215 9212 9212 9224 9233 9237 9239 9240 9241 9246 9265 9271 9264 9246 9238 9232 9229 9223 9228 9235 9244 9256 9256 9258 9272 9279 9284 9287 9291 9292 9296 9308 9314 9326 9324 9327 9332 9339 9344 9349 9356 9364 9389 9428 9463 9503 9553 9576 9563 9519 9488 9473 9494 9532 9547 9544 9515 9431 9373 9361 9353 9396 9393 9363 9323 9281 9253 9227 9210 9212 9194 9179 9169 9164 9162 9159 9170 9174 9179 9183 9185 9186 9184 9184
9217 9222 9226 9246 9250 9247 9243 9241 9239 9239 9247 9251 9240 9227 9227 9227 9228 9218 9220 9225 9231 9243 9255 9272 9285 9289 9287 9289 9292 9294 9295 9309 9321 9332 9327 9328 9333 9338 9345 9355 9379 9414 9436 9480 9517 9562 9634 9671 9670 9603 9576 9592 9610 9641 9670 9700 9688 9629 9563 9478 9410 9423 9433 9394 9352 9310 9275 9245 9217 9204 9191 9178 9171 9168 9169 9173 9175 9176 9179 9180 9179 9176 9169 9173
9230 9246 9267 9275 9262 9251 9244 9239 9236 9231 9233 9227 9225 9221 9224 9216 9217 9214 9216 9220 9225 9236 9266 9305 9304 9283 9287 9293 9299 9303 9308 9319 9324 9327 9329 9335 9337 9339 9349 9365 9392 9435 9486 9564 9613 9658 9747 9820 9821 9807 9782 9791 9753 9734 9762 9823 9874 9811 9754 9688 9586 9477 9462 9431 9388 9345 9307 9275 9247 9219 9198 9188 9181 9177 9176 9177 9177 9180 9181 9180 9177 9174 9167 9164
9242 9274 9290 9284 9266 9253 9243 9236 9232 9232 9223 9217 9217 9218 9213 9210 9212 9211 9215 9219 9226 9250 9295 9321 9312 9293 9290 9297 9305 9317 9327 9326 9328 9330 9343 9346 9347 9347 9358 9397 9425 9520 9641 9681 9721 9774 9792 9857 9814 9790 9804 9867 9779 9736 9760 9841 9925 9856 9785 9805 9748 9664 9555 9471 9419 9376 9336 9307 9283 9230 9206 9206 9191 9182 9183 9184 9190 9189 9186 9182 9177 9170 9168 9162
9271 9274 9273 9263 9256 9247 9239 9230 9223 9225 9222 9212 9211 9212 9217 9211 9211 9219 9220 9220 9226 9248 9280 9300 9294 9286 9291 9300 9308 9320 9327 9328 9332 9340 9354 9360 9371 9385 9414 9489 9569 9726 9813 9772 9742 9764 9671 9594 9552 9556 9613 9659 9638 9615 9636 9701 9778 9779 9788 9724 9703 9640 9544 9477 9436 9415 9390 9322 9262 9225 9207 9208 9197 9190 9193 9198 9202 9196 9191 9186 9179 9174 9168 9161
