real_craters/C124-500m.grd
DSAA
152 152
-37.765 37.765
-37.765 37.765
7798.6123266566 9979.9932944883
[rows 0 to 29 of 152, columns 67 to 133 of 152]
9272.64 9269.71 9270.85 9264.38 9258.62 9255.03 9252.02 9248.62 9246.02 9247.54 9250.86 9252.26 9251.94 9250.76 9267.35 9302.79 9334.78 9343.64 9340.36 9345.34 9345.45 9341.27 9333.48 9322.07 9302.43 9280.83 9252.39 9225.73 9209.99 9204.57 9197.7 9196.73 9197.79 9199.19 9198.05 9203.22 9213.21 9219.46 9220.76 9221.86 9227 9229.71 9230.03 9228.69 9225.06 9217.09 9205.01 9213.17 9222.6 9223.81 9222.31 9223.11 9221.73 9215.95 9212.48 9214.5 9216.38 9217.06 9215.78 9216.32 9215.97 9214.6 9213.8 9217.85 9225.34 9223.16 9221.18
9270.82 9269.52 9276.5 9270.91 9265.02 9259.85 9255.55 9250.82 9247.51 9245.05 9244.24 9244.51 9246.11 9244.97 9251.65 9283.59 9313.01 9333.14 9342.36 9345.15 9340.86 9332.53 9321.69 9308.9 9293.47 9268.96 9242.22 9216.75 9202.26 9201.27 9197.71 9193.94 9193.04 9194.15 9197.21 9201.59 9204.07 9206.66 9205.93 9206.37 9211.14 9214.18 9214.74 9212.83 9207.79 9200.28 9194.8 9197.29 9203.49 9206.06 9212.01 9215.46 9214 9211.69 9211.15 9211.17 9211.7 9210.97 9208.99 9209.23 9209.26 9211.73 9210.51 9216.35 9222.58 9220.46 9216.2
9272.43 9270.77 9269.51 9272 9269.46 9265.01 9259.55 9254.76 9249.91 9244.78 9240.57 9240.61 9240.09 9237.41 9247.93 9275.72 9301.02 9328.31 9346.43 9345.43 9335.81 9322.88 9308.46 9292.51 9276 9255.08 9233.44 9214.91 9202.17 9201.3 9201.55 9192.68 9191.13 9191.88 9192.41 9192.39 9197.55 9199.44 9198.84 9197.1 9200.55 9202.7 9202.64 9200.6 9196.64 9191.44 9186.73 9191.56 9197.84 9205.67 9209.13 9209.57 9211.43 9209.99 9210.29 9211.03 9210.56 9209.63 9209.33 9205.72 9203.59 9205.03 9210.89 9220.44 9227.75 9221.1 9214.09
9276.54 9277.41 9280.59 9276.52 9272.73 9268.26 9263.31 9258.26 9253.45 9248.54 9246.4 9241.73 9237.17 9232.92 9250.49 9280.26 9305.68 9329.75 9344.81 9342.52 9327.65 9311.27 9293.79 9275.13 9254.12 9237.6 9226.71 9215.52 9206.3 9204.67 9204.3 9190.46 9191.51 9192.57 9193.34 9194.75 9195.56 9196.09 9195.24 9195.12 9194.6 9195.08 9194.45 9192.57 9190.36 9188.29 9189.57 9190.9 9197.26 9205.84 9210.91 9212.75 9214.71 9214.48 9213.64 9212.34 9210.59 9209.05 9207.39 9204.48 9201.82 9200.68 9217.49 9230.59 9232.54 9228.07 9213.73
9295.41 9293.57 9288.58 9284.28 9277.37 9270.71 9265.03 9260.15 9256 9252.38 9251.43 9245.98 9241.22 9239.35 9259.65 9290.86 9319.88 9329.65 9339.41 9333.05 9314.22 9296.57 9279.11 9260.5 9241.71 9229.65 9223.38 9219.75 9217.28 9210.85 9202.75 9196.94 9194.97 9195.88 9197.7 9199.89 9196.99 9195.34 9193.27 9188.3 9190.17 9188.93 9187.71 9187.16 9186.1 9185.63 9186.66 9190.12 9195.71 9203.33 9210.26 9217.34 9219.97 9222.09 9217.79 9214.18 9211.59 9209.67 9208.37 9206.17 9205 9215.09 9226.75 9252.51 9266.44 9255.48 9224.39
9293.42 9307.03 9303.89 9288.95 9278.71 9271.22 9265 9260.22 9256.37 9254.29 9252.51 9249.73 9247.33 9252.41 9267.48 9292.26 9311.76 9317.45 9314.94 9304.81 9294.09 9279.61 9264.83 9249.41 9235.17 9225.41 9221.83 9222.05 9224.36 9218.23 9208.35 9200.71 9200.14 9200.81 9201.37 9200.13 9198.47 9195.23 9192.46 9191.46 9187.62 9184.65 9183.31 9182.96 9183.3 9184.08 9186.04 9188.99 9193.23 9198.21 9204.4 9212.24 9220.25 9223.53 9219.35 9215.29 9212.48 9210.55 9210.99 9211.81 9211.7 9230.9 9268.98 9274.84 9282.57 9278.18 9266.6
9293.57 9296.57 9293.57 9283.56 9274.79 9267.75 9261.88 9257.76 9254.43 9252.57 9253.13 9250.31 9249.02 9253.23 9267.85 9286.81 9298.98 9300.25 9292.27 9283.06 9273.87 9262.9 9251.29 9239.31 9228.35 9221.41 9218.92 9219.21 9221.72 9222.39 9217.68 9207.93 9206.83 9206.83 9206.17 9204.63 9200.42 9195.23 9190.2 9185.48 9182.5 9180.97 9180.43 9180.67 9181.75 9184.69 9186.56 9188.16 9191.14 9194.25 9198.65 9209.18 9216.23 9219.66 9216.93 9214.25 9211.94 9210.55 9210.11 9215.67 9235.28 9255.11 9274.65 9280.92 9281.7 9279.82 9281.66
9271.15 9273.37 9273.93 9272.01 9267.93 9263.05 9258.34 9254.2 9250.6 9247.68 9245.86 9245.18 9246.23 9251.43 9266.32 9286.25 9292.28 9286.58 9275.66 9263.89 9257.08 9248.41 9239.29 9230.44 9222.66 9217.29 9215.35 9214.94 9216.84 9224.36 9229.56 9219.64 9216.24 9213.5 9210.74 9207.84 9202.22 9194.94 9188.31 9182.31 9178.67 9178.04 9178.34 9179.54 9180.79 9182.53 9185.03 9187.6 9190.58 9194.19 9197.94 9204.92 9205.98 9208.95 9212.48 9212.19 9210.73 9210 9212.24 9222.76 9243.7 9259.42 9269.34 9278.14 9281.92 9284.19 9284.33
9267.92 9252.26 9257.26 9261.78 9263.23 9259.99 9253.52 9249.79 9246.57 9242.7 9238.87 9238.78 9244.53 9251.26 9264.85 9283.73 9285.01 9274.57 9262.33 9251.41 9242.68 9236.15 9229.88 9223.45 9217.69 9214.25 9212.21 9212.03 9212.65 9215.67 9222.66 9224.59 9223.41 9219.01 9214.06 9208.08 9201.6 9195.55 9187.69 9179.63 9175.06 9177.56 9179.59 9180.42 9180.6 9182.38 9183.65 9186.21 9190.38 9195.65 9203.03 9206.77 9205.57 9208.86 9212.14 9211.69 9210.14 9210.02 9212.35 9220.83 9237.13 9251.15 9262.42 9272.32 9279.96 9283.31 9278.49
9260.02 9254.44 9253.78 9256.96 9258.65 9258.83 9253.96 9249.55 9244.29 9239.35 9234.6 9234.93 9242.89 9254.5 9267.19 9279.02 9273.72 9261.88 9248.09 9237.04 9229.18 9226.46 9222.99 9218.16 9213.16 9210.09 9207.92 9209.98 9211.43 9212.54 9223.37 9233.42 9231.83 9223.5 9216.22 9211.35 9206.61 9197.15 9189.06 9181.7 9176.77 9181.55 9184.77 9183.6 9181.62 9181.17 9182.6 9185.46 9188.76 9193.41 9203.74 9212.72 9226.43 9220.15 9215.11 9211.62 9209.58 9208.76 9209.84 9215.33 9229.39 9239.4 9251.02 9263.34 9274.73 9281.58 9277.37
9257.69 9250.49 9254.06 9257 9257.43 9256.16 9253.16 9249.09 9243.92 9238.42 9233.55 9231.46 9235.02 9249.26 9265.61 9264.46 9259.96 9250.59 9237.46 9219.14 9220.66 9221.48 9219.53 9215.56 9210.29 9204.4 9202.41 9204.93 9212.98 9226.48 9229.86 9241.02 9234.45 9222.35 9213.56 9208.83 9205.02 9193.96 9191.32 9191.4 9187.89 9193.85 9192.21 9189.73 9185.46 9180.15 9183.59 9186 9187.22 9188.04 9187.36 9202.58 9216.44 9218.96 9215.27 9211.65 9208.9 9207.71 9207.72 9211.47 9217.36 9226.49 9238.71 9251.87 9265.03 9276.97 9273.07
9268.46 9261.58 9261.25 9261.35 9259.53 9257.15 9253.66 9249.59 9244.06 9238.78 9233.2 9229.65 9227.06 9238.89 9253.67 9248.65 9247.67 9244.08 9236.29 9230.36 9224.73 9222.25 9220.25 9216.86 9212.11 9206.29 9204.89 9204.6 9214.2 9220.75 9224.28 9223.29 9219.44 9215.72 9207.12 9192.99 9177.87 9185.03 9193.85 9201.23 9207.97 9204.15 9200.41 9198.8 9197.16 9189.79 9191.06 9189.09 9186.4 9183.93 9184.24 9196.11 9212.5 9215.32 9213.08 9210.18 9207.79 9206.3 9205.23 9204.41 9209.98 9216.31 9228.7 9239.94 9249.31 9257.39 9256.63
9290.49 9276.53 9272.79 9270.08 9265.1 9261.32 9257.91 9253.33 9247.8 9242.67 9234.72 9224.35 9224.15 9232.7 9234.64 9238.44 9243.42 9243.68 9239.19 9232.19 9229.09 9227.8 9224.84 9221.43 9217.86 9218.04 9218 9216.81 9220.77 9221.88 9222.18 9218.29 9214.35 9214.46 9207.81 9194.77 9178.41 9192.19 9200.04 9203.99 9206.26 9205.12 9204.99 9206.82 9212.5 9212.11 9200.38 9192.2 9186.09 9183.24 9183.12 9191.72 9210.84 9210.22 9208.21 9206.16 9204.68 9204.05 9204.19 9207.46 9217.39 9220.53 9223.3 9228.87 9232.38 9231.33 9234.75
9310.01 9296.02 9285.39 9277.22 9271.15 9265.71 9261.93 9258.14 9254.37 9250.14 9245.8 9237.69 9231.04 9242.31 9250.23 9252.38 9249.28 9246.71 9244.35 9243.19 9240.71 9235.47 9231.62 9227.9 9224.16 9220.15 9218.07 9227.07 9232.46 9237.62 9232.97 9227.61 9223.53 9220.88 9217.12 9215.54 9222.47 9215.39 9210.02 9207.49 9206.35 9205.42 9205.17 9208.11 9214.33 9213.46 9202.96 9193.75 9188.05 9183.05 9181.42 9183.21 9188.11 9197.15 9200.07 9200.38 9199.57 9200.38 9201.77 9206.25 9214.4 9216.03 9218.29 9221.28 9222.47 9221.71 9224.3
9331.75 9312.31 9294.68 9283.4 9276.09 9270.54 9265.81 9263.06 9260.18 9258.99 9260.67 9270.09 9270.44 9258.03 9253.69 9258.56 9255.57 9251.88 9249.54 9247.89 9245.18 9242.06 9238.8 9235.05 9231.74 9229.66 9230.99 9235.92 9240.85 9242.43 9237.08 9234.86 9234.09 9228.47 9225.83 9227.47 9232.77 9226.91 9216 9208.26 9203.99 9200.69 9200.47 9202.66 9204.79 9204.22 9198.7 9192.29 9187.89 9183.24 9180.21 9178.94 9182.46 9188.26 9191.39 9192.55 9193.55 9194.91 9196.93 9200.34 9204.98 9209 9213.81 9216.84 9218.43 9218.33 9219.84
9328.55 9311.11 9297.08 9285.17 9278.37 9271.3 9268.28 9265.68 9264.97 9265.12 9268.58 9272.18 9268.57 9264.19 9262.25 9265.37 9258.68 9253.83 9252.5 9251.45 9249.5 9247.99 9245.13 9242.87 9241.13 9240.43 9238.86 9242.04 9244.28 9241.38 9236.34 9234.19 9234.12 9229.65 9227.72 9229 9232.37 9226.58 9215.04 9205.07 9196.2 9191.21 9193.07 9194.85 9195.61 9195.73 9194.36 9190.53 9186.57 9182.6 9179.37 9178.74 9184.85 9185.82 9185.38 9186.37 9187.53 9189.25 9192.27 9197.72 9203.96 9208.44 9212.04 9215.75 9218.44 9221.47 9224.78
9318.97 9304.67 9296.24 9288.4 9282.04 9276.61 9272.92 9269.68 9267.85 9267.4 9269.18 9271.95 9266.48 9262.29 9261.6 9261.37 9255.85 9252.3 9252.46 9253.4 9253.39 9251.8 9249.96 9249.5 9250.38 9252.16 9251.12 9251.29 9249.86 9241.6 9232.21 9229.58 9228.45 9225.97 9223.75 9222.92 9221.72 9217.08 9209.32 9200.85 9192.16 9186.76 9187.91 9189.36 9190.36 9190.34 9190.06 9187.91 9185.44 9182.78 9180.41 9182.11 9179.5 9175.63 9179.58 9180.72 9181.96 9183.92 9186.23 9193.04 9209.54 9208.4 9211.11 9216.25 9222.2 9229.83 9236.09
9316.99 9302.1 9294.91 9288.36 9283.49 9279.42 9275.08 9271.99 9270.21 9268.45 9267.61 9270.3 9260.24 9253.89 9250.99 9248.99 9246.53 9246.66 9248.26 9250.21 9252.72 9251.96 9251.85 9253.31 9257.72 9264.59 9273.38 9264.69 9251.24 9238.08 9226.11 9223.35 9221.66 9218.68 9216.37 9214.54 9210.82 9205.58 9203.35 9198.22 9192.19 9187.35 9187.3 9186.57 9183.53 9186.4 9187.35 9186.36 9184.61 9182.7 9180.93 9181.73 9179.54 9176.92 9175.42 9175.63 9176.16 9177.16 9178.56 9181.72 9191.57 9200.08 9205.68 9212.34 9224.86 9241.72 9265.43
9310.54 9300.89 9293.81 9287.99 9285.51 9281.37 9277.2 9273.46 9269.66 9265.24 9261.6 9255.74 9244.29 9241.95 9238.68 9232.7 9237.29 9240.33 9242.79 9245.25 9245.74 9247.41 9249.78 9253.44 9258.76 9266.26 9272.65 9257.89 9240.1 9229.54 9223.6 9216.61 9210.76 9207.81 9207.6 9206.8 9204.86 9202.12 9200.04 9197.31 9194.66 9193.21 9190.13 9187.72 9188.16 9185.55 9185.42 9184.75 9183.27 9182.06 9178.53 9175.08 9172.08 9171.6 9171.61 9171.23 9171.18 9171.59 9172.86 9176.95 9182.7 9193.89 9202.77 9210.79 9224.83 9243.27 9268.64
9313.24 9303.29 9296.96 9291.62 9287.6 9283.84 9279.07 9273.35 9267.3 9260.79 9252.45 9242.51 9238.3 9233.36 9229.1 9229.24 9231.29 9235.06 9237.6 9238.99 9239.24 9241.28 9245.49 9248.68 9251.78 9255.36 9254.67 9241.96 9226.89 9219.24 9215.31 9209.41 9201.35 9197.75 9199.9 9200.53 9200.27 9199.15 9198.4 9197.01 9195.83 9196.31 9192.24 9188.67 9185.11 9186.71 9185.55 9184.42 9182.77 9180.71 9177.41 9168.89 9167.22 9169.62 9168.26 9167.54 9167.01 9167.62 9168.27 9171.66 9180.56 9191.08 9198.41 9206.05 9211.82 9220.03 9229.84
9315.33 9307.54 9300.2 9294.2 9289.26 9282.5 9277.32 9271.05 9265.24 9257.8 9248.61 9233.37 9230.5 9228.38 9226.86 9226.98 9228.58 9231.44 9233.98 9236.04 9236.93 9239.23 9240.67 9241.34 9240.5 9238.29 9233.03 9222.22 9210.76 9209.38 9209.24 9204.89 9198.18 9194.93 9195.64 9196.6 9197.69 9199.85 9197.7 9196.45 9195.38 9193.44 9192.83 9193.57 9193.19 9189.23 9187.44 9185.7 9183.53 9181.85 9181.06 9178.26 9164.48 9166.17 9165.82 9164.99 9164.33 9164.38 9165.98 9170.96 9180.35 9187.27 9195.37 9196.18 9193.55 9183.64 9160.33
9328.42 9315.26 9305.43 9296.62 9289.33 9283.25 9276.64 9271.64 9264.79 9259.38 9255 9246.51 9230.16 9222.26 9222.34 9224.28 9225.65 9228.32 9231.15 9234.01 9237.69 9239.57 9237.29 9233.96 9229.04 9221.05 9210 9199.57 9199.65 9200.49 9202.68 9200.57 9196.5 9194.7 9192.84 9193.33 9194.66 9196.41 9196.18 9195.78 9195.59 9195.22 9194.29 9192.43 9191.98 9191.57 9189.68 9187 9183.9 9180.69 9177.61 9171.88 9164.22 9163.22 9162.52 9162.25 9161.81 9162.03 9163.56 9167.75 9177.61 9187.76 9190.72 9187.95 9175.4 9150.65 9101.16
9335.7 9319.47 9307.74 9299.57 9291.66 9283.65 9275.75 9269.66 9263.87 9258.23 9255.63 9252.19 9228.82 9222.67 9223.43 9222.88 9223.98 9224.87 9227.83 9230.59 9233.54 9233.87 9232.54 9228.4 9221.06 9208.9 9197.53 9191.24 9190.86 9190.92 9193.92 9193.57 9191.08 9189.34 9189.63 9190.2 9191.17 9192.36 9193.14 9194.83 9196.62 9197.58 9197.86 9197.02 9195.86 9194.61 9192.12 9188.62 9184.25 9178.86 9172.15 9166.57 9168.26 9161.01 9160.38 9160.1 9160.09 9160.43 9161.21 9165.25 9175.35 9186.06 9185.12 9179.55 9163.08 9130.61 9072.54
9328.41 9318.75 9309.87 9300.93 9292.51 9284 9277.22 9269.36 9261.31 9253.2 9244.54 9236.16 9228.86 9223.54 9221.99 9219.01 9216.92 9219.9 9223.73 9227.41 9229.95 9231.42 9228.8 9225.33 9218.21 9205.04 9191.59 9184.89 9176.93 9181.2 9183.76 9185.27 9186.18 9186.53 9187.11 9187.77 9188.23 9187.15 9189.38 9194.57 9198.71 9202.45 9204.86 9204.45 9202.43 9199.89 9196.48 9192.21 9186.61 9179.73 9170.48 9162.4 9155.56 9158.35 9159.47 9159.02 9159.07 9160.02 9163.32 9168.51 9176.99 9182.47 9181.49 9175.86 9160.07 9128.08 9073.37
9325.49 9319.36 9310.65 9301.77 9293.41 9286.39 9277.66 9269.8 9260.64 9249.92 9238.16 9231.88 9231.26 9226.07 9220.29 9213.27 9209.15 9215.92 9220.19 9223.61 9226.03 9224.37 9226.04 9223.11 9220.78 9221.32 9206.75 9185.24 9176.84 9177.46 9179.75 9181.71 9183.31 9184.4 9185.36 9186.4 9187.39 9188.92 9191.77 9195.75 9200.67 9206.88 9213.13 9210.45 9208.86 9204.8 9200.15 9195.19 9189.7 9183.59 9177.26 9169.83 9163.39 9160.74 9159.2 9158.56 9158.59 9159.73 9161.84 9169.71 9176.99 9180.21 9182.49 9179.11 9165.93 9137.86 9089.46
9329.5 9317.41 9309.84 9302.26 9294.94 9287.53 9279.12 9268.63 9260.08 9250.91 9242.16 9235.92 9232.8 9229.08 9221.82 9217.65 9217.78 9214.77 9216.08 9219.19 9221.81 9222.78 9221.48 9220 9218.7 9216.93 9211.17 9191.52 9177.5 9179.44 9181.15 9181.52 9183.06 9183.45 9184.52 9185.94 9187.76 9190.51 9193.72 9196.72 9200.87 9205.73 9211.27 9220.13 9213.84 9207.69 9201.87 9197.08 9192.24 9186.78 9181.54 9175 9169.04 9163.46 9159.81 9158.77 9158.67 9160.3 9164.54 9168.31 9176.24 9179.84 9185.21 9186 9178.4 9154.63 9107.48
9308.38 9309.72 9307.68 9301.04 9293.47 9286.63 9277.8 9269.08 9260.61 9252.45 9245.98 9243.14 9239.16 9226.94 9224.42 9219.39 9216.05 9210.86 9211.67 9214.21 9216.94 9218 9217.93 9216.33 9213.31 9208.78 9211.55 9211.39 9188.06 9189.32 9188.42 9187.37 9185.02 9184.53 9184.89 9185.74 9187.6 9190.05 9192.26 9196.39 9199.83 9202.96 9206.29 9214.74 9211.9 9206.32 9200.95 9197.05 9194.17 9190.68 9182.82 9179.96 9172.88 9166.09 9162.73 9160.14 9158.79 9159.77 9163.5 9169.9 9178.51 9184.54 9191.38 9195.86 9198.13 9194.16 9155.21
9316.13 9314.81 9308.74 9301.89 9295.11 9287.34 9279.28 9271.08 9262.63 9255.06 9251.54 9251.49 9252.85 9245.88 9233.99 9222.54 9208.73 9208.34 9209.57 9210.56 9213.28 9215.33 9214.95 9213.32 9211.34 9208.24 9214.11 9224.13 9216.83 9207.39 9198.53 9190.31 9186.67 9185.5 9185.43 9185.42 9187.12 9190.13 9192.4 9196.37 9198.62 9201.16 9203.85 9206.77 9207.09 9203.25 9198.99 9194.84 9194.85 9198.51 9195.28 9191.66 9181.59 9172.88 9168.57 9162.62 9159.64 9160.08 9164.33 9172.95 9181.96 9190.8 9195.3 9198.99 9207.7 9225.23 9206.01
9320.58 9317.85 9309.19 9302.1 9294.72 9287.66 9281.42 9274.03 9267.09 9259.23 9254.52 9260.76 9269.11 9264.88 9248.29 9233.01 9218.2 9210.27 9208.96 9209.64 9210.77 9212.62 9211.98 9210.06 9210.86 9215.05 9210.34 9214.73 9236.74 9221.93 9206.86 9193.73 9187.36 9185.62 9184.65 9184.08 9185.98 9189.59 9196.99 9195.29 9196.45 9199.08 9203.75 9207 9202.68 9197.56 9192.28 9188.01 9187.18 9197.39 9215.34 9201.58 9197.5 9192.37 9175.59 9165.22 9161.79 9162.33 9168.77 9178.04 9183.4 9184.84 9186.36 9189.71 9195.38 9196.9 9186.33
9311.46 9311.13 9306.4 9300.55 9295.09 9289.99 9284.24 9278.58 9272.87 9267.2 9264.17 9270.01 9276.07 9279.44 9268.7 9245.53 9224.12 9212.74 9210.58 9210.37 9209.38 9206.98 9204.5 9205.38 9206.3 9205.86 9206.75 9214.66 9233.67 9226.69 9212.75 9198.23 9190.52 9186.35 9181.99 9181.74 9183.33 9185.56 9186.76 9189.83 9192.93 9195.66 9198.26 9200.57 9197.09 9190.64 9183.41 9176.2 9170.78 9165.07 9171.37 9196.1 9209.12 9205.84 9182.3 9168.96 9166.35 9167.02 9176.55 9186.77 9184.17 9177.62 9172.42 9173.74 9173.89 9168.88 9169.52
