real_craters/C124-300m.grd
DSAA
253 253
-37.765 37.765
-37.765 37.765
7790.1035916051 9990.8331972763
[rows 210 to 239 of 253, columns 0 to 66 of 253]
9255.99 9256.38 9258.16 9259.1 9251.32 9243.22 9237.06 9233.05 9230.71 9231.33 9232.01 9232.39 9231.52 9229.66 9227.85 9226.9 9228.38 9232.37 9236.26 9237.27 9237.51 9238.02 9239.21 9241.57 9242.43 9242 9240.62 9238.73 9236.6 9234.39 9231.77 9229.04 9226.23 9223.41 9220.47 9216.71 9212.23 9209.52 9206.68 9204.7 9208.92 9212.17 9212.85 9212.35 9211.57 9210.84 9210.92 9209.85 9209.34 9211.06 9214.35 9218.05 9221.55 9223.3 9223 9221.98 9220.46 9220.18 9219.63 9219.62 9220.67 9220.97 9222.19 9223.85 9225.46 9227.25 9228.87
9256.09 9256.16 9255.92 9253.17 9248.36 9241.94 9237.35 9234.23 9231.83 9231.59 9232.27 9233.68 9233.14 9230.42 9228.63 9227.95 9227.94 9231.78 9235.34 9237.16 9238.49 9240.07 9242.35 9244.79 9244.53 9243.84 9242.67 9240.79 9238.42 9236.09 9233.38 9230.55 9227.71 9225.03 9222.72 9221.07 9218.58 9212.98 9208.8 9206.21 9208.72 9211.03 9212.35 9211.95 9211.13 9210.1 9208.54 9208.17 9207.63 9210.46 9214.65 9218.72 9222.52 9224.14 9223.24 9221.99 9220.66 9220.52 9220.98 9220.47 9220.32 9222.06 9223.59 9225.44 9227.09 9228.96 9230.6
9255.96 9255.18 9253.83 9251.18 9246.67 9240.85 9237.75 9236.1 9232.9 9231.93 9231.88 9232.07 9231.62 9230.23 9228.99 9228.76 9232.15 9232.68 9234.91 9236.77 9238.79 9241.47 9244.85 9244.62 9245.71 9245.64 9244.62 9242.89 9240.08 9237.42 9234.58 9231.62 9228.69 9225.95 9223.52 9222.07 9220.03 9214.52 9210.76 9210.17 9210.5 9213.37 9212.37 9211.28 9210.59 9209.99 9209.28 9208.84 9209.08 9211.76 9215.71 9219.36 9222.03 9223.16 9223.44 9222.8 9221.69 9221.53 9222.36 9222.25 9222.05 9223.61 9225.35 9227.12 9228.95 9230.72 9232.46
9255.52 9254.02 9252.06 9249.48 9245.04 9240.75 9236.72 9233.63 9232.79 9232.07 9231.43 9230.43 9230.2 9229.68 9228.92 9228.49 9229.38 9231.39 9233.26 9236.17 9238.46 9240.52 9242.44 9246.32 9247.48 9247.46 9246.39 9243.88 9241.53 9238.79 9235.58 9232.57 9229.48 9226.17 9223.11 9219.38 9216.3 9213.41 9209.78 9207.76 9209.08 9210.02 9209.89 9209.99 9209.99 9210.21 9210.84 9210.52 9211.59 9214.16 9217.7 9221.06 9222.98 9223.61 9225.13 9224.67 9223.21 9222.7 9223.46 9224.19 9224.83 9226.02 9227.66 9229.36 9231.07 9232.75 9234.51
9254.74 9252.48 9249.98 9246.53 9242.54 9238.06 9235.39 9233.73 9233.01 9232.56 9232.05 9231.37 9230.65 9229.92 9229.19 9228.67 9228.66 9231.92 9234.75 9236.88 9238.55 9239.88 9241.67 9246.67 9249.84 9249.73 9248.61 9245.52 9243.08 9240.24 9237.38 9233.97 9230.34 9226.63 9223.08 9219.49 9215.79 9212.87 9210.24 9208.44 9207.81 9206.63 9207.85 9209.01 9209.48 9209.89 9210.5 9211.53 9213.34 9216.31 9220.27 9224.41 9227.61 9229.06 9230.01 9228.02 9224.98 9223.71 9225.27 9226.24 9226.98 9228.18 9229.59 9231.14 9232.83 9234.51 9236.2
9253.74 9251.8 9248.63 9244.79 9240.97 9237.19 9234.62 9233.53 9234.02 9234.03 9233.68 9233.37 9232.3 9231.26 9230.34 9230.29 9231.09 9233.5 9236.71 9238.58 9240.06 9241.36 9243.71 9253.61 9253.34 9252.54 9250.94 9248.03 9245.55 9242.44 9239.01 9235.14 9231.22 9227.08 9223.08 9219.05 9215.63 9212.58 9211.07 9209.51 9208.54 9208.87 9209.33 9209.17 9209.09 9209.43 9210.47 9212.01 9214.37 9217.83 9222.67 9228.37 9234.55 9239.89 9237.85 9232.31 9227.07 9224.68 9227.43 9229.82 9229.71 9230.76 9232.01 9233.37 9234.79 9236.28 9237.8
9252.56 9250.25 9247.1 9243.68 9240.14 9237.83 9235.44 9234.21 9236.54 9236.69 9235.94 9235.48 9234.71 9233.71 9232.16 9230.61 9229.71 9233.78 9238.86 9241.71 9243.34 9244.8 9249.23 9254.7 9255.68 9255.14 9253.79 9250.42 9247.96 9245.18 9241.5 9237.57 9233.19 9228.44 9223.49 9218.41 9214.89 9211.87 9208.58 9208.34 9209.05 9210.37 9210.56 9209.59 9209.2 9209.02 9210 9212.51 9215.12 9218.68 9224.23 9230.84 9238.5 9246.35 9242.44 9235.3 9229.58 9226.95 9229.75 9231.98 9232.28 9233 9234.01 9235.19 9236.32 9237.62 9238.98
9252.19 9250.01 9247.67 9244.76 9241.04 9240.73 9240.51 9239.4 9241.51 9241.21 9239.53 9237.44 9238.69 9238.19 9236.23 9232.55 9232.62 9238.56 9244.12 9246.87 9248.07 9248.94 9250.94 9254.93 9257.34 9257.45 9256.31 9253.39 9250.98 9248.03 9244.19 9240.37 9235.8 9230.67 9225.24 9220.15 9216.33 9212.9 9209.16 9208.92 9209.55 9209.97 9209.9 9209.68 9209.85 9210.69 9211.85 9213.73 9216.25 9219.59 9225.01 9230.97 9236.81 9240.75 9239.38 9235.71 9231.92 9229.41 9232.24 9234.27 9234.1 9235.29 9236.15 9237.01 9238.02 9239.16 9240.23
9252.48 9250.8 9249.73 9248.82 9248.65 9249.37 9250.58 9251.48 9249.04 9247.09 9246.62 9246.3 9245.21 9245.25 9244.87 9242.56 9246.62 9252.35 9253.87 9254.33 9254.42 9254.2 9254.06 9257.75 9260 9260.11 9258.22 9256.45 9254.04 9251.08 9247.49 9243.75 9239.22 9234.09 9228.18 9222.44 9219.4 9216.53 9213.74 9212.05 9211.22 9210.46 9209.71 9210.15 9210.75 9212.11 9213.44 9215.37 9218 9221.5 9225.75 9230.1 9233.73 9235.2 9235.66 9235.24 9234.42 9235.13 9235.02 9235.79 9237.42 9237.84 9238.07 9238.72 9239.73 9240.79 9241.71
9253.12 9252.58 9252.41 9253.34 9255.77 9255.05 9254.96 9255.29 9253.52 9251.51 9250.61 9250.92 9251.85 9253.64 9256.55 9263.01 9263.87 9266.37 9263.81 9262.52 9261.92 9261.44 9261.6 9264.33 9264.11 9263.51 9261.99 9260.2 9257.73 9254.79 9251.66 9247.86 9243.74 9239.21 9234.02 9228.51 9224.71 9221.42 9219.15 9216.06 9214.31 9213.05 9212.13 9211.85 9211.77 9212.71 9214.43 9216.84 9219.65 9223.12 9226.21 9229.34 9231.96 9233.36 9234.01 9234.86 9235.65 9236.28 9236.76 9238.68 9240.5 9239.22 9239.31 9240.23 9241.24 9242.25 9243.2
9253.4 9252.75 9253.12 9254.55 9255.58 9255.64 9253.18 9253.81 9254.53 9254.89 9253.38 9254.8 9257.93 9261.27 9264.81 9267.3 9270.83 9271.21 9270.01 9269.84 9269.99 9269.85 9268.85 9267.72 9268 9267.92 9266.58 9264.56 9261.91 9259 9255.75 9252.36 9248.77 9245.32 9241.74 9237.11 9231.36 9225.93 9221.75 9220.09 9218.32 9216.81 9215.97 9214.45 9213.64 9212.53 9216.01 9218.67 9221 9223.11 9225.96 9229.24 9231.61 9232.58 9233.27 9235.13 9236.14 9236.71 9236.16 9236.49 9236.92 9238.23 9239.77 9241.3 9242.68 9243.91 9244.98
9253.78 9253.36 9253.17 9253.87 9254.67 9255.34 9253.21 9255.81 9261.27 9259.58 9258.37 9260.19 9264.05 9268.25 9272.04 9274.49 9273.49 9271.99 9274.41 9276.49 9278.24 9279.57 9277.84 9272.57 9273.75 9273.92 9272.15 9269.51 9266.29 9263.09 9259.9 9256.83 9253.86 9251.12 9248.42 9244.36 9238.52 9232.17 9227.34 9225.74 9223.42 9220.6 9217.79 9217 9217.83 9218.74 9219.9 9221.58 9223.23 9224.62 9227.31 9230.56 9233.05 9234.7 9235.88 9236.64 9236.86 9237.1 9237.24 9236.09 9235.24 9237.86 9240.4 9242.48 9244.29 9245.84 9247.19
9254.8 9253.79 9253.44 9253.28 9253.78 9254.83 9253.57 9258.08 9263.7 9263.62 9262.8 9265.73 9270.3 9274.95 9279.02 9280.73 9278.32 9277.48 9280.17 9283.11 9285.92 9289.07 9290.48 9286.79 9284.75 9281.83 9278.1 9274.26 9270.34 9266.76 9263.58 9260.84 9258.54 9256.2 9253.24 9250.34 9246.56 9241.98 9237.42 9233.81 9230.24 9226.08 9221.34 9220.96 9223.09 9224.97 9224.3 9225.23 9226.82 9228.41 9230.58 9233.5 9235.7 9237.59 9239.27 9238.54 9237.58 9236.72 9236.4 9237.15 9237.7 9239.51 9241.77 9243.95 9245.93 9247.81 9249.75
9256.29 9255.1 9254.59 9254.32 9253.61 9254.82 9254.77 9260.34 9266.58 9267.57 9266.18 9271.62 9276.56 9281.29 9285.33 9286.84 9285.33 9284.86 9286.6 9289.35 9292.41 9294.29 9296.2 9298.55 9295.35 9289.25 9283.52 9278.37 9273.97 9270.04 9266.78 9264.31 9262.68 9261.51 9259.12 9257.38 9255.16 9251.82 9247.51 9242.87 9238.5 9234.31 9230.34 9228.18 9227.09 9227.01 9227.38 9228.84 9231.08 9233.66 9236.35 9237.78 9238.54 9239.32 9239.89 9239.1 9238.4 9237.59 9238.71 9239.05 9240.22 9241.7 9243.84 9245.92 9247.79 9249.5 9251.37
9258.71 9257.31 9256.71 9257.67 9259.54 9260.2 9260.18 9264.23 9268.56 9272.7 9276.81 9278.66 9282.73 9287.29 9290.84 9291.86 9291.05 9290.85 9292.2 9295.09 9298.69 9302.14 9304.08 9304.89 9301.5 9294.27 9287.36 9281.24 9276.08 9271.81 9268.4 9266.01 9265.1 9266.55 9269.17 9265.26 9262.62 9262.39 9256.83 9251.13 9246.72 9243.26 9240.55 9236.29 9230.32 9228.29 9229.83 9232.1 9235.03 9238.92 9242.37 9241.66 9241.05 9240.63 9239.5 9240.13 9240.14 9239.48 9239.4 9241.42 9242.15 9244.02 9246.48 9248.18 9249.58 9250.73 9251.61
9261.55 9260.24 9258.76 9258.08 9261.51 9266.89 9267.17 9269.45 9273.55 9277.45 9280.79 9283.96 9287.72 9292.25 9297.28 9297.22 9294.72 9294.31 9295.89 9299.31 9303.53 9307.58 9308.61 9308.11 9304.41 9296.31 9288.91 9282.54 9277.19 9272.74 9269.03 9266.07 9264.09 9264.71 9268.38 9266.03 9264.75 9264.65 9261.37 9257.14 9253.63 9251.02 9248.96 9244.45 9234.65 9231.44 9232.99 9235.26 9237.97 9241.01 9243.31 9243.16 9242.62 9242.41 9242.86 9242.85 9242.96 9243.55 9244.91 9245.82 9247.37 9249.24 9249.92 9250.57 9251.4 9252.15 9252.28
9265.96 9264.11 9261.84 9261.29 9264.28 9268.51 9270.47 9274.04 9278.1 9281.03 9283.56 9287.64 9291.46 9295.31 9297.88 9298.94 9297.5 9296.83 9298.24 9301.83 9306.03 9309.78 9308.78 9306.28 9301.76 9294.39 9287.77 9281.69 9276.65 9272.25 9268.34 9264.93 9261.36 9257.29 9255.14 9260.3 9263.08 9263.35 9262.97 9260.83 9258.52 9256.5 9254.95 9251.16 9241.12 9236.94 9237.15 9238.54 9240.21 9241.84 9243.1 9243.32 9243.45 9243.67 9243.66 9244.23 9245.6 9247.13 9247.63 9248.99 9252.18 9253.95 9252.34 9252.36 9252.96 9253.82 9254.83
9270.12 9268.37 9266.67 9266.74 9269.27 9272.54 9274.97 9278.94 9282.4 9285.57 9288.5 9291.2 9294.3 9297.45 9300.81 9300.81 9299.98 9299.2 9299.98 9302.76 9305.92 9308.13 9305.19 9300.29 9294.41 9289.35 9284.5 9280.27 9276.1 9272.14 9268.18 9264.22 9260.09 9255.25 9253.22 9258.27 9262.78 9265.47 9264.69 9263.48 9261.86 9259.82 9256.65 9251.14 9244.74 9241.98 9241.81 9242.17 9242.49 9242.48 9242.1 9242.52 9243.94 9244.96 9245.51 9246.3 9247.57 9249.5 9249.77 9250.26 9251.16 9251.38 9252.53 9253.26 9253.99 9254.89 9256.37
9276.08 9274.39 9272.81 9272.93 9275.24 9279.12 9282.21 9285.53 9288.1 9289.39 9292.17 9294.79 9296.56 9298.09 9300.02 9301.56 9301.75 9300.64 9300.89 9302.62 9304.1 9303.93 9300.4 9294.05 9286.53 9283.95 9281.39 9278.28 9274.89 9271.49 9267.99 9264.81 9261.57 9258.83 9257.83 9259.79 9263.19 9265.94 9265.74 9265.34 9264.39 9262.61 9259.3 9254.04 9247.02 9247.27 9247.07 9246.46 9245.65 9244.31 9241.79 9242.93 9245.56 9247.11 9248.06 9248.59 9248.5 9248.72 9249.71 9250.67 9251.21 9251.34 9252.88 9253.76 9254.51 9255.08 9255.13
9283.43 9282.05 9279.57 9278.39 9281.92 9285.43 9290.22 9294.07 9296.14 9297.13 9297.57 9298.89 9299 9298.05 9297.07 9300.06 9301.12 9300.55 9300.75 9302.03 9302.95 9300.99 9297.39 9290.77 9284.01 9281.33 9279.52 9277.37 9274.65 9271.77 9268.56 9265.75 9263.81 9263.2 9262.54 9262.04 9262.29 9263.92 9266.2 9267 9266.79 9265.77 9263.93 9260.62 9257.84 9255.2 9252.93 9251.09 9249.66 9248.43 9247.67 9248.42 9249.13 9249.96 9250.61 9250.56 9249.19 9247.95 9249.72 9251.51 9252.25 9253.56 9253.35 9254.01 9254.77 9255.4 9255.72
9293.35 9292.42 9289.35 9287.38 9293.22 9296.14 9300.96 9305.33 9306.08 9303.17 9305.63 9304.59 9302.88 9300.76 9298.82 9299.4 9299.94 9299.64 9299.14 9301.37 9303.88 9302.83 9296.81 9290.32 9283.86 9280.97 9279.77 9277.83 9275.25 9272.35 9269.32 9266.66 9265.02 9265.16 9265.36 9265 9263.87 9265.23 9268.01 9269.03 9269 9268.6 9268.55 9269.5 9268.15 9262.17 9257.9 9255.19 9253.59 9252.83 9253.27 9253.46 9252.78 9252.79 9253.12 9253.17 9249.94 9247.69 9250 9252.08 9252.34 9251.77 9253.12 9254.15 9254.92 9255.58 9256.67
9304.1 9305.97 9305.67 9305.36 9311.67 9317.65 9320.03 9319.19 9318.36 9320.02 9314.81 9310.21 9307.27 9305.3 9303.18 9300.97 9300.37 9300.05 9299.54 9301.2 9302.12 9300.59 9296.5 9291.52 9286.62 9283.81 9281.85 9279.21 9276.29 9273.13 9269.87 9267.1 9264.98 9264.64 9267.45 9270.57 9269.38 9271.07 9272.11 9271.45 9270.46 9269.72 9269.69 9270.39 9269.24 9264.45 9260.25 9257.62 9256.36 9255.92 9255.71 9255.34 9255.66 9255.11 9254.4 9253.33 9250.44 9248.28 9250.34 9252.12 9252.78 9253.24 9253.67 9254.43 9254.93 9255.21 9254.94
9314.72 9320.13 9327.53 9329.81 9328.31 9332.78 9335.07 9328.26 9324.97 9322.4 9317.51 9313.11 9309.97 9308 9305.41 9302.55 9301.61 9301.46 9301.79 9301.4 9300.88 9298.85 9296.01 9293.3 9291.57 9289.21 9285.07 9281.46 9278.06 9274.52 9271.17 9267.99 9265.21 9264.33 9270.01 9278.26 9290.16 9282.34 9276.65 9273.05 9270.66 9268.75 9267.38 9265.29 9264.88 9262.58 9259.87 9258.16 9257.63 9258.04 9259.26 9260.34 9258.84 9256.7 9254.81 9252.88 9251.18 9250.53 9251.22 9252.87 9253.22 9253.45 9254.37 9254.88 9254.86 9254.81 9255.15
9322.06 9328.42 9337.27 9338.58 9333.47 9331.57 9330.85 9327.73 9324.41 9321.1 9316.7 9312.64 9310.1 9308.35 9306.37 9303.39 9302.87 9302.48 9301.91 9300.31 9297.67 9296.21 9294.99 9293.89 9293.21 9290.81 9287.29 9283.53 9279.85 9276.35 9272.85 9269.47 9266.82 9266.79 9272.23 9279.55 9282.33 9282.88 9277.58 9272.76 9268.97 9265.97 9263.63 9261.69 9259.74 9258.06 9257.12 9256.81 9257.28 9258.53 9260.59 9262.68 9259.86 9257.12 9254.8 9252.73 9251.82 9251.24 9250.97 9251.29 9252.87 9255.2 9256.25 9255.39 9254.57 9253.82 9253.28
9324.65 9328.94 9332.61 9333.69 9330.71 9327.55 9325.3 9322.09 9319.16 9315.86 9311.94 9309.31 9308.03 9307.96 9307.04 9306.38 9303.93 9302.73 9301.9 9299.11 9295.18 9293.57 9293.52 9293.47 9293.15 9291.46 9288.78 9285.39 9281.82 9278.29 9274.8 9271.6 9268.79 9268.73 9272.94 9279.15 9285.41 9279.64 9274.8 9269.93 9265.6 9261.82 9258.7 9255.78 9252 9252.66 9253.45 9254.48 9255.75 9257.35 9258.8 9258.82 9258.18 9256.47 9254.3 9252.76 9251.85 9250.75 9249.99 9249.99 9252 9254.59 9255.85 9255.16 9254.09 9252.86 9251.94
9324.8 9326.35 9326.9 9326.57 9324.43 9321.03 9317.22 9313.51 9309.97 9307.17 9304.74 9303.8 9303.43 9303.7 9304.44 9303.94 9302.62 9301.41 9300.59 9297.16 9289.09 9291.29 9292.53 9293.18 9293.71 9292.99 9290.3 9287.01 9283.58 9280.08 9277.12 9274.44 9271.73 9270.44 9272.33 9273.71 9273.75 9273.52 9270.04 9265.73 9261.35 9257.12 9253.13 9249.7 9247.43 9247.73 9249.63 9251.62 9253.59 9255.45 9256.93 9257.74 9257.3 9255.44 9253.18 9250.63 9248.22 9248.8 9249.2 9249.74 9251.21 9253.27 9254.53 9254.68 9253.6 9252.51 9251.91
9323.16 9323.35 9322.77 9320.26 9316.37 9312.9 9308.46 9305.31 9302.09 9299.89 9299.19 9297.47 9297.5 9298.8 9299.78 9300.62 9299.69 9298.55 9296.82 9294.24 9293.01 9291.46 9292.1 9293 9293.58 9293.01 9291.01 9287.96 9284.71 9281.67 9279.15 9277.41 9276.39 9274.38 9272.03 9270.28 9268.68 9267.44 9264.95 9261.24 9256.92 9252.3 9247.71 9243.93 9242.35 9243.4 9246.18 9248.87 9251.3 9253.34 9254.9 9256.43 9255.67 9254.1 9252.5 9250.27 9248.61 9249.22 9248.87 9248.48 9249.54 9252.37 9255.12 9254.25 9253.03 9251.85 9251.58
9321.73 9320.28 9317.88 9314.7 9310.43 9307.35 9304.35 9300.41 9295.99 9293.35 9290.31 9290.62 9290.27 9291.32 9293.72 9295.54 9296.28 9295.38 9294.08 9292.81 9291.18 9291.27 9291.77 9292.65 9293.37 9293.55 9291.31 9288.02 9284.89 9282.22 9280.05 9278.73 9278.53 9275.48 9270.86 9267.76 9265.47 9263.14 9260.58 9257.17 9253 9248.27 9243.43 9239.79 9238.41 9240.45 9243.88 9246.93 9249.36 9251.23 9252.35 9252.25 9252.12 9252.64 9252.59 9252.67 9253.06 9251.05 9249.08 9247.69 9248.02 9250.12 9252.5 9252.57 9252.73 9251.71 9251.89
9320.1 9317.38 9313.97 9310.75 9306.35 9304.2 9301.96 9297.85 9291.69 9289.46 9288.88 9286.51 9284.38 9285.97 9292.29 9294.34 9293.84 9292.56 9290.88 9290.11 9290.33 9290.44 9291.33 9291.95 9292.43 9292.38 9290.1 9287.06 9284.26 9281.6 9279.32 9277.44 9275.73 9272.53 9268.02 9263.39 9261.24 9259.69 9257.41 9254.3 9250.4 9245.94 9241.2 9238.1 9238.16 9239.96 9243.12 9245.95 9248.25 9249.97 9250.87 9250.84 9250.86 9252.03 9252.58 9253.32 9254.75 9251.72 9249.08 9247.47 9247.13 9247.22 9247.45 9250.03 9253.13 9255.81 9254.76
9318.07 9315.03 9312.02 9308.8 9305.73 9302.44 9300.21 9296.71 9291.01 9286.8 9285.1 9283.69 9282.35 9285.11 9292.11 9293.12 9291.79 9290.04 9287.86 9284.92 9287.11 9289.64 9290.83 9291.13 9290.8 9289.29 9287.52 9285.61 9283.25 9280.48 9277.74 9274.92 9271.75 9269.12 9265.55 9261.56 9259.43 9257.99 9255.92 9253.01 9249.4 9245.49 9242.14 9240.29 9240.14 9241.78 9244.22 9246.34 9248.21 9249.77 9250.88 9251.75 9252.43 9252.53 9252.24 9251.64 9251.12 9250.41 9248.1 9246 9244.62 9245.1 9245.87 9248.49 9252.1 9257.37 9255.02
