real_craters/C124-300m.grd
DSAA
253 253
-37.765 37.765
-37.765 37.765
7790.1035916051 9990.8331972763
[rows 90 to 119 of 253, columns 67 to 133 of 253]
9295.61 9298.95 9302.47 9305.91 9310.36 9315.35 9320.59 9325.77 9326.54 9325.51 9325.56 9326.14 9327.01 9327.98 9329.07 9329.95 9331.52 9337.12 9344.42 9345.48 9346.67 9347.35 9347.82 9348.12 9348.41 9348.44 9348.45 9351.81 9361.57 9377.99 9395.92 9411.58 9423.78 9433.46 9449.27 9510.23 9581.25 9630.82 9655.93 9672.48 9685.8 9697.91 9712.3 9730.41 9752.7 9774.66 9779.75 9784.34 9792.6 9809.16 9836.21 9857.79 9828.52 9793.04 9774.63 9774.24 9786.19 9788.53 9799.28 9822.55 9854.63 9842.76 9799.62 9765.66 9742.69 9730.01 9731.57
9296.15 9299.68 9303.54 9307.76 9312.24 9317.15 9322.06 9326.5 9327.33 9325.43 9326.45 9327.46 9328.46 9329.86 9331.41 9333.45 9336.3 9341.45 9348.09 9349.06 9351.63 9353.36 9354.98 9356.71 9358.34 9359.45 9359.72 9360.83 9372.9 9399.74 9424.82 9446.84 9465.31 9481.47 9508.18 9585.1 9672.56 9726 9730.36 9732.1 9732.08 9733.12 9737.94 9748.69 9766.53 9782.81 9778.11 9764.42 9753.27 9747.06 9744.99 9735.24 9717.29 9699.04 9688.17 9684.36 9693.42 9719.65 9734.55 9760.42 9785.61 9778.51 9749.42 9724.28 9705.02 9695.06 9694.99
9297.74 9301.03 9305.03 9309.29 9313.51 9317.97 9322.41 9326.13 9327.63 9326.85 9327.47 9328.81 9330.24 9332.12 9334.14 9337.15 9340.74 9344.75 9352.8 9352.93 9356.44 9360.37 9363.67 9367.67 9372.06 9376.6 9381.39 9387.73 9402.39 9435.73 9465.33 9493.82 9521.81 9550.41 9589.73 9672.2 9752.39 9794.08 9793.52 9782.17 9768.03 9755.53 9747.62 9746.71 9754.76 9771.83 9752.46 9716.97 9689.14 9664.45 9638.19 9605.34 9587.48 9588.23 9587.83 9586.23 9599.95 9630.35 9648.97 9672.64 9686.92 9686.18 9675.14 9658.44 9645.33 9638.74 9636.09
9299.23 9303.02 9306.97 9311.01 9314.75 9317.9 9322 9325.19 9326.9 9326.74 9328.49 9330.27 9332.06 9334.32 9336.85 9340.76 9345.91 9353.34 9357.93 9357.77 9362.43 9366.98 9373.6 9380.25 9388.54 9398.39 9411.32 9431.91 9456.73 9483.83 9512.93 9546.27 9585.85 9634.37 9690.84 9765.92 9831.66 9857.34 9844.16 9819.28 9790.39 9763.1 9739.57 9721.32 9710.15 9700.99 9674.35 9640.08 9607.66 9574.34 9537.5 9491.75 9472.47 9487.74 9494.17 9492.07 9508.58 9539.02 9555.18 9577.28 9592.99 9591.46 9587.21 9577.1 9568.42 9564.21 9565.92
9301.48 9305.33 9309.16 9313.33 9316.73 9319.25 9322.03 9323.28 9324.23 9328.33 9330.12 9331.66 9333.7 9336.23 9339.26 9342.95 9347.89 9354.7 9360.34 9361.74 9367.44 9373.67 9382.57 9392.12 9405 9420.47 9444.94 9473.77 9508.08 9530.54 9557.13 9593.44 9642.44 9709.64 9784.83 9850.22 9907.35 9913.84 9881.89 9840.57 9796.14 9752.36 9712.31 9677.91 9643.08 9606.6 9571.88 9545.87 9517.85 9488.68 9455.57 9420.99 9405.3 9413.98 9419.99 9418.84 9431.83 9451.76 9459.5 9473.33 9487.43 9487.7 9489.01 9486.54 9482.3 9482.08 9486.4
9303.8 9307.61 9311.17 9315.09 9318.16 9320.7 9322.91 9324.88 9327.68 9329.21 9330.99 9332.61 9334.69 9337.49 9340.82 9344.38 9348 9348.42 9360.03 9365.31 9371.99 9379.81 9390.77 9402.51 9418.64 9437.4 9466.72 9500.99 9540.14 9563.09 9588.48 9626.32 9677.55 9745.25 9826.58 9906.19 9964.55 9951.3 9902.67 9845.57 9786.04 9728.28 9674.19 9620.75 9568.08 9515.26 9473.67 9449.8 9428.69 9407.52 9385.47 9366.36 9360.59 9359.09 9361.88 9364.74 9365.19 9369.02 9364.93 9364.08 9367.57 9380.51 9386.96 9390.07 9389.32 9391.14 9398.08
9305.23 9309.22 9312.89 9316.22 9319.28 9321.71 9323.68 9325.96 9328.31 9329.41 9331.09 9332.9 9335.66 9339.07 9342.56 9346.07 9350.29 9356.8 9362.36 9368.97 9376.39 9386.83 9397.75 9410.9 9428.91 9449.47 9478.82 9511.22 9548.07 9574.72 9603.1 9642.49 9692.69 9754.69 9841.63 9934.78 9990.05 9963.32 9902.2 9832.46 9760.65 9691.41 9625.41 9558.79 9493.27 9428.21 9377.82 9357.83 9343.5 9330.13 9319.34 9310.89 9312.02 9306.19 9304.15 9305.11 9293.63 9286.11 9275.37 9270.59 9269.55 9281.85 9285.43 9290.61 9291.59 9294.15 9301.86
9306.75 9310.53 9314.28 9317.82 9321.59 9323.66 9324.7 9324.48 9323.12 9325.38 9329.36 9332.58 9336.36 9340.25 9344.39 9347.97 9350.33 9354.8 9366.91 9374.52 9383.16 9393.26 9405.05 9420.72 9437.09 9457.4 9483.42 9510.3 9539.25 9568.96 9604.29 9646.09 9694.07 9756.55 9844.43 9939.7 9990.83 9947.28 9876.66 9798.2 9720.08 9642.39 9569.14 9495.66 9422.88 9350.93 9292.93 9273.24 9264.11 9254.84 9249 9249.31 9256.23 9244.16 9234.24 9225.71 9209.85 9197.4 9186.3 9188.11 9187.03 9188.48 9187.61 9191.9 9193.12 9195.81 9200.58
9307.77 9312.84 9316.69 9320.31 9323.63 9326.28 9326.86 9323.19 9319.06 9321.84 9327.54 9332.18 9337.11 9342.37 9347.79 9352.81 9356.06 9361.02 9372.73 9380.5 9390.5 9400.79 9413.57 9427.89 9445.42 9465.01 9484.97 9506.76 9529.66 9559.2 9600.98 9645.67 9688.7 9734.48 9822.51 9911.36 9947.72 9900.71 9828.18 9749.29 9667.39 9582.86 9506.05 9431.33 9358.12 9289.11 9228.85 9206.1 9191.81 9178.78 9172.2 9173.27 9178.73 9159.74 9142.8 9135.23 9111.59 9099.24 9088.03 9088.39 9088.8 9090.45 9088.12 9090.2 9091.17 9093.18 9096.21
9309.67 9314.15 9318 9321.97 9325.77 9329.41 9332.47 9333.52 9328.94 9326.76 9328.33 9332.68 9338.2 9344.53 9351.61 9359.51 9368.1 9373.25 9377.61 9386.44 9397.23 9409.74 9423.97 9439.73 9456.47 9471.75 9488.98 9507.04 9525.75 9553.64 9601.64 9652.06 9693.68 9730.15 9796.81 9854.31 9865.77 9824.98 9754.93 9677.2 9598.26 9516.38 9438.92 9365.51 9295.88 9237.99 9194.64 9154.22 9121.39 9099 9084.5 9078.18 9066.95 9048.98 9019.53 9002.1 8999.26 8994.63 8984.94 8974.65 8982.02 8991.33 8991.14 8994.44 8995.45 8997.37 8992.74
9310.12 9314.19 9318.88 9323.12 9327.84 9332.63 9337.73 9344.08 9338.96 9333.85 9331.2 9334.02 9339.48 9346.19 9354.04 9363.89 9375.08 9380.09 9384.56 9391.96 9404.08 9418.38 9434.57 9452 9469.98 9484.2 9501 9516.7 9531.06 9554.62 9613.56 9673.63 9717.61 9745.76 9774.49 9790.39 9777.01 9734.11 9666.83 9593.85 9516.64 9439.31 9360.96 9289.53 9225.41 9173.59 9137.05 9088.55 9041.16 9010.35 8989.83 8975.99 8966.06 8936.54 8902.43 8886.62 8889.5 8892.34 8893.2 8888.07 8891.76 8896.13 8894.75 8896.73 8898.28 8898.9 8895.9
9310.94 9314.94 9319.2 9323.29 9328.26 9333.5 9338.71 9341.5 9342.4 9339.05 9332.61 9335.55 9340.76 9346.98 9354.43 9363.46 9375.39 9379.99 9384.97 9394.2 9408.51 9424.9 9443.32 9461.99 9482.24 9501.76 9520.82 9537.26 9555.57 9578.61 9645.22 9712.48 9759.88 9773.26 9753.81 9718.04 9683.79 9636.83 9575.37 9507 9431.28 9355.06 9280.72 9209.44 9144.48 9086.3 9032.48 8985.95 8945.08 8915.31 8891.81 8872.16 8861.05 8833.22 8806.09 8791.37 8788.76 8794.47 8804.87 8815.7 8807.02 8802.87 8798.78 8799.32 8800.76 8801.28 8799.33
9310.81 9314.49 9318.69 9323.19 9327.9 9332.73 9338.08 9342.86 9342.33 9339.37 9337.27 9338.57 9342.02 9346.91 9352.93 9359.4 9364.04 9373.98 9383.97 9394.38 9412.23 9432.19 9452.09 9474.87 9498.26 9521.22 9544.54 9567.65 9595.85 9633.91 9693.4 9758.97 9811.92 9802.69 9729.15 9653.54 9596.8 9542.37 9480.62 9415.49 9344.22 9269.2 9195.74 9124.27 9055.49 8989.99 8924.27 8877.23 8842.39 8815.24 8790.72 8769.67 8757.89 8733.4 8715.73 8698.79 8689.42 8692.72 8701.86 8713.44 8707.43 8704.46 8702.69 8703.31 8704.76 8706.14 8706.3
9309.3 9313.06 9317.31 9321.65 9326.04 9330.29 9334.26 9338.74 9341.99 9344.08 9342.65 9341.56 9342.84 9346.29 9351.04 9356.54 9364.07 9369.69 9376.14 9390.97 9414.25 9437.64 9461.18 9487.56 9514.9 9542.68 9570.91 9600.03 9634.39 9678.39 9729.17 9788.05 9840.09 9802.4 9683.27 9570.26 9507.85 9450.01 9387.91 9324.51 9255.9 9182.6 9109.15 9036.95 8965.67 8895.7 8826.92 8776.5 8742.46 8716.81 8691.77 8666.18 8654.5 8629.17 8615.11 8596.75 8586.9 8587.25 8586.88 8590.99 8601.16 8604.4 8609.05 8611.92 8614.82 8618.2 8618.99
9307.89 9312.04 9315.82 9319.94 9324 9327.7 9329.83 9334.12 9341.44 9345.29 9343.67 9341.35 9341.9 9344.85 9349.2 9353.93 9359.61 9367.86 9379.87 9394.5 9415.75 9441.49 9468.99 9498.92 9530.63 9562.48 9595.36 9628.21 9662.19 9694.72 9736.87 9783.55 9807.26 9740.96 9611.31 9490.84 9422.32 9358.4 9297.57 9235.27 9167.51 9095.68 9023.2 8951.04 8880.14 8809.19 8738.79 8682.69 8651.38 8624.13 8596.67 8568.77 8552.73 8520.05 8490.08 8487.65 8484.19 8486.57 8486.49 8489.29 8502.4 8509.14 8516.98 8522.52 8527.67 8535.26 8536.83
9306.19 9309.95 9314.09 9317.94 9321.98 9326.3 9330.95 9335.46 9340.83 9345.44 9341.69 9337.82 9339.33 9343.13 9348.24 9353.74 9359.51 9367.14 9377.78 9392.27 9415.67 9443.32 9473.87 9506.64 9542.8 9578.6 9615.58 9651.6 9685.22 9711.01 9735.46 9757.03 9746.25 9656.56 9524.96 9408.45 9340.52 9275.63 9213.52 9150.77 9082.35 9009.44 8937.65 8867.24 8797.09 8728.91 8665 8610.15 8574.03 8538.18 8507 8477.07 8458.51 8423.76 8395.44 8389.94 8388.02 8393.6 8401.72 8407.04 8413.44 8421.6 8433.37 8442.27 8449.31 8457.99 8462.21
9304.84 9308.37 9311.83 9315.49 9319.15 9323.75 9331.15 9334.63 9337.77 9340.54 9336.71 9332.99 9336.12 9341.19 9347.65 9355.71 9362.14 9366.66 9373.63 9386.78 9414.05 9444.03 9476.42 9511.24 9551.47 9590.9 9630.22 9669.89 9706.84 9734.27 9742.92 9721.94 9669.22 9562.69 9438.53 9335.33 9266.91 9203.44 9140.2 9074.62 9009.11 8935.54 8863.93 8791.48 8721.15 8655.76 8597.97 8560.38 8500.47 8456.38 8421.98 8392.15 8373.08 8343.03 8320.6 8306.29 8300.11 8303.92 8310.57 8317.85 8328.45 8340.1 8354.26 8365.11 8374.22 8383.15 8387.93
9303.6 9306.63 9309.96 9312.85 9315.41 9318.01 9320.82 9326.98 9331.9 9335.4 9333.34 9329.35 9333.48 9339.14 9346.1 9354.59 9360.95 9365.97 9373.98 9390.72 9414 9443.76 9476.7 9512.05 9553.09 9593.54 9634.79 9676.97 9719.57 9757.99 9767.01 9681.14 9565.79 9468.69 9360.6 9271.08 9203.18 9135.67 9068.17 8998.57 8926.95 8855.51 8782.19 8711.75 8641.8 8575.45 8514.66 8458.6 8410.12 8371.83 8340.04 8312.11 8294.2 8264.85 8242.78 8228.55 8218.82 8217.84 8219.92 8231.73 8248.31 8265.7 8279.8 8293.35 8305.96 8313.45 8319.51
9301.78 9305.29 9307.71 9310.02 9311.93 9312.82 9313.13 9320.02 9325.72 9329.04 9329.08 9329.56 9332.61 9337.02 9342.91 9351.74 9358.12 9364.06 9373.74 9388.23 9412.35 9442.18 9475.58 9510.56 9551.21 9589.74 9629.76 9670.06 9710.39 9744.82 9749.21 9623.1 9482.75 9395.02 9305.68 9224.51 9151.25 9078.11 9007.03 8936.75 8862.99 8788.87 8712.34 8639.36 8565.9 8495.94 8428.28 8358.11 8318.6 8289.05 8261.72 8236.6 8221.04 8194.06 8172.95 8158.38 8148.69 8140.99 8139.21 8155.96 8177.26 8198.31 8215.82 8231.79 8246.2 8256.47 8263.93
9300.55 9303.3 9305.95 9307.91 9310.14 9311.46 9312.21 9317.57 9321.67 9324.03 9325.72 9330.23 9332.18 9334.89 9338.67 9343 9353.32 9361.49 9370.96 9381.08 9408.32 9441.61 9475.27 9510.84 9547.15 9581.88 9617.57 9649.98 9678.94 9690.27 9660.51 9545.46 9416.36 9342.41 9269.83 9189.43 9109.63 9031.45 8955.08 8879.24 8800.68 8724.15 8648.01 8570.85 8495.78 8423.23 8354.6 8294.48 8248.55 8213.98 8187.44 8166.95 8155.03 8132.36 8113.24 8096.7 8085.9 8076.39 8076.66 8093.52 8115.23 8138.02 8159.45 8176.89 8194.56 8204.7 8212.86
9299.31 9302.08 9304.54 9306.89 9309.51 9312.99 9317.52 9317.69 9320.09 9322.67 9326.51 9328.75 9331.08 9333.46 9336.56 9341.34 9352.18 9361.4 9372.68 9385.75 9409.99 9441.95 9474.75 9507.12 9540.46 9571.55 9599.48 9624.71 9636.55 9630.25 9586.79 9482.55 9370.48 9304.19 9238.23 9155.32 9069.51 8987 8907.19 8827.43 8746.92 8663.72 8586.79 8507.63 8429.74 8355.16 8288.26 8228.52 8180.97 8143.52 8116.92 8110.31 8093.49 8082.74 8060.91 8042.89 8032.41 8024.8 8025.48 8044.24 8064.99 8089.59 8108.45 8126.12 8141.86 8153.52 8162.35
9298.09 9300.96 9303.62 9306.21 9308.95 9310.81 9313.35 9316.9 9319.29 9321.2 9321.96 9327.41 9330.52 9332.94 9336.61 9343.12 9354.25 9364.11 9377.4 9392.59 9413.35 9443.46 9473.95 9501.86 9532.3 9557.59 9577.84 9593.69 9595.45 9578.68 9534.83 9437.84 9334.73 9271.57 9207.04 9117.93 9028.13 8942.93 8861.42 8778.07 8695.72 8611.12 8528.12 8445.45 8364.78 8288.88 8219.94 8162.19 8115.37 8071.71 8046.01 8043.49 8031.71 8014.1 8007.42 7993.9 7986.48 7983.85 7990.46 8004.79 8023.32 8048.13 8069.16 8087.09 8100.54 8112.45 8120.2
9299.15 9300.58 9303.03 9305.74 9308.65 9311.43 9314 9316.65 9319.22 9321.56 9324.85 9326.84 9329.05 9333.14 9338.17 9345.14 9357.96 9368.97 9381.76 9393.3 9412.59 9440.78 9471.08 9495.64 9520.34 9541.3 9556.6 9562.81 9557.58 9533.8 9486.89 9401.26 9302.81 9232.64 9166.15 9072 8982.71 8899.68 8815.07 8729.93 8646.08 8561.31 8476.91 8390.89 8303.66 8224.63 8149.02 8084.95 8032.34 7993 7973.09 7975.97 7975.61 7985.63 7961.94 7950.42 7945.74 7944.38 7954.05 7972.53 7993.26 8015.55 8035.56 8050.41 8066.87 8078.89 8089.86
9298.85 9301.13 9303.18 9305.4 9307.97 9312.04 9314.58 9316.59 9319.34 9322.53 9325.7 9326.87 9329.4 9334.1 9341.47 9350.87 9362.23 9373.94 9387.7 9400.15 9418.27 9440.49 9465.21 9487.25 9507.51 9524.8 9535.67 9536.6 9523.8 9495.92 9446.57 9369.71 9267.39 9178.46 9092.59 9017.3 8936.98 8854.89 8770.51 8685.15 8602.25 8516.31 8429.14 8340.68 8252.02 8164.38 8079.91 8002.06 7941.49 7910.79 7901.88 7907.88 7903 7905.96 7910.85 7911.95 7914.17 7912.48 7926.19 7949.15 7970.51 7991.25 8008.55 8024.42 8040.15 8051.99 8057.53
9299.06 9301.08 9303.02 9304.61 9306.04 9308.17 9312.08 9315.56 9319 9322.59 9326.27 9328.64 9330.12 9334.16 9341.31 9351.75 9364.54 9377.46 9393.27 9408.35 9426.42 9439.68 9458.84 9478.28 9495.85 9507.22 9513.55 9510.37 9494.77 9464.19 9412.69 9335.33 9229.3 9132.89 9044.15 8968.1 8892.22 8812.26 8729.97 8644.9 8562.65 8473.05 8383.05 8295.6 8203.45 8112.35 8021.75 7931.05 7850.19 7839.48 7844.88 7846.26 7840 7837.52 7869.35 7886.26 7899.31 7904.48 7918.69 7937.65 7954.72 7974.16 7990.38 8006.49 8017.03 8028.02 8037.09
9299.43 9301.24 9302.66 9303.66 9303.98 9306.47 9310.14 9314.34 9318.34 9322.18 9325.96 9328.46 9330.79 9333.66 9337.39 9349.15 9364.11 9379.5 9394.45 9406.05 9417.61 9431.59 9450.64 9469.39 9481.92 9489.34 9492.69 9484.26 9468.55 9436.07 9387.65 9310.74 9193.49 9096.41 9007.46 8927.8 8851.89 8773.72 8692.87 8607.58 8523.48 8435.53 8345.81 8257.89 8166.18 8074.45 7983.42 7895.54 7820.62 7808.22 7814.34 7822.24 7838.6 7845.62 7857.82 7876.38 7896.66 7917.05 7923.88 7933.78 7947.71 7961.87 7975.66 7988.48 8000.37 8010.97 8021.86
9298.69 9300.17 9301.62 9303.05 9303.64 9303.89 9309.8 9314.23 9317.99 9321.65 9324.87 9327.94 9331.15 9334.44 9340.93 9351.84 9366.62 9380.81 9393.81 9400.68 9404.79 9422.12 9442.1 9457.5 9468.88 9473.06 9473.67 9467.01 9451.03 9419.19 9370.23 9277.31 9159.9 9064.72 8977.23 8895.42 8819.21 8738.88 8657.96 8576.99 8492.06 8404.47 8315.14 8225.39 8135.72 8047.27 7962.42 7888.55 7844.07 7813.15 7804.36 7819.14 7824.03 7840.74 7857.54 7877.16 7896.5 7911.94 7923.2 7930.93 7941.87 7952.95 7962.48 7976.92 7987.75 7997.64 8006.07
9298.81 9300.08 9301.44 9303.31 9306.08 9310.45 9311.81 9315.13 9318.83 9322.28 9325.48 9328.75 9331.88 9337.09 9341.23 9355.94 9370.86 9384.34 9395.34 9401.43 9406.63 9420.14 9435.79 9447.69 9456.77 9461.15 9460.1 9452.81 9438.49 9408.09 9361.05 9259.64 9131.73 9041.45 8951.93 8866.37 8789.79 8710.37 8629.44 8544.49 8459.18 8373.43 8289.45 8201.86 8115.96 8031.15 7951.4 7880.74 7825.44 7796.92 7799.21 7819.93 7835.28 7845.53 7859.97 7879.32 7900.68 7915.44 7923.02 7927.29 7937.2 7944.92 7954.72 7965.55 7975.67 7985.21 7994.55
9298.34 9299.31 9300.57 9302.72 9305.43 9309.84 9312.61 9315.99 9320.07 9324.3 9327.73 9330.01 9337.45 9345.56 9354.04 9364.69 9377.63 9390.02 9400.57 9406.27 9411.92 9421.26 9435.08 9445.42 9452.56 9454.78 9451.73 9444.59 9426.48 9396.76 9348.45 9238.97 9108.82 9014.52 8927.15 8841.48 8763.45 8683.68 8602.83 8519.82 8435.88 8357.32 8270.64 8185.56 8102.06 8022.07 7946.28 7878.22 7816.99 7790.1 7800.27 7824.14 7845.72 7851.5 7860.19 7877.76 7903.71 7923.06 7920.67 7921.77 7928.59 7936.61 7945.85 7960.84 7970.78 7975.24 7986.37
9297.14 9297.93 9298.96 9300.71 9302.07 9305.9 9311.64 9316.6 9321.68 9327.12 9333.82 9344.35 9352.75 9360.23 9364.57 9375.29 9386.18 9397.49 9407.65 9412.16 9415.95 9423.43 9437.15 9446.11 9452.78 9452.47 9448.09 9436.94 9416.33 9382.5 9332.24 9224.42 9097.91 8998.22 8904.89 8815.69 8735.19 8655.97 8580.16 8498.58 8416.56 8344.19 8261.19 8178.81 8094.62 8020.69 7948.05 7885.06 7839.96 7817.44 7809.83 7823.96 7830.1 7844.05 7852.93 7864.9 7884.77 7903.3 7904.29 7911.16 7922.06 7931.54 7941.82 7954.41 7960.51 7965.47 7974.2
