real_craters/C124-500m.grd
DSAA
152 152
-37.765 37.765
-37.765 37.765
7798.6123266566 9979.9932944883
[rows 60 to 89 of 152, columns 0 to 66 of 152]
9252.5 9250 9244.01 9240.9 9237.75 9234.51 9232.9 9230.62 9227.91 9224.22 9220.71 9217.03 9214.34 9208.78 9208.92 9209.76 9208.85 9209.37 9208.24 9208.19 9211.1 9212.48 9212.54 9211.75 9211.42 9213.83 9212.43 9212.86 9213.66 9217.48 9227.53 9242.27 9255.4 9270.48 9277.51 9278.21 9281.44 9292.86 9297.7 9303.22 9309.32 9315.88 9323.69 9331.79 9340.69 9339.21 9331.75 9336.42 9347.18 9361.71 9379.1 9385.82 9401.79 9427.31 9455.47 9484.43 9510.63 9534.73 9603 9700.62 9752.39 9780.16 9746.23 9644.53 9521.09 9391.21 9269.77
9253.45 9245.12 9246.24 9242.48 9238.72 9235.48 9233.4 9230.68 9227.96 9224.33 9220.37 9215.73 9211.56 9209.97 9209.02 9208.98 9207.24 9215.7 9225.38 9218.66 9220.24 9223.32 9214.48 9211.72 9208.83 9206.29 9207.63 9208.54 9212.13 9214.03 9219.3 9243.1 9265.54 9274.88 9279.08 9281.95 9290.25 9297.39 9299.56 9304.16 9309.99 9316.35 9323.79 9331.9 9340.74 9342.37 9336.21 9339.39 9347.6 9358.65 9369.9 9385.5 9406.9 9439.12 9475.45 9513.44 9549.48 9591.17 9669.78 9777.41 9791.07 9679.99 9590.68 9490.73 9376.06 9252.58 9131.9
9256.4 9249.67 9246.5 9243.81 9241.16 9238.26 9235.04 9232.07 9228.7 9225.1 9221.07 9216.75 9213.7 9211.07 9210.48 9211.9 9210.9 9228.23 9247.62 9231.53 9226.03 9225.07 9212.51 9205.35 9204.74 9206.52 9210.42 9218.3 9214.44 9214.59 9223.71 9248.14 9278.28 9279.62 9281.03 9283.76 9295.4 9292.85 9296.62 9301.66 9307.78 9314.4 9321.16 9328.11 9333.25 9342.36 9344.25 9341.91 9346.12 9354.02 9364.52 9377.33 9409.1 9449.58 9495.38 9545.54 9596.06 9652.54 9723.69 9812.22 9762.69 9555.12 9440.59 9337.43 9228.01 9107.09 8986.28
9261.7 9253.19 9248.45 9245.92 9243.54 9240.55 9237.88 9234.25 9230.2 9225.9 9221.65 9217.61 9213.29 9211.08 9212.26 9215.61 9223.62 9244.26 9261.81 9238.05 9221.32 9213.04 9209.31 9203.36 9204.23 9207.22 9211.57 9214.96 9215.78 9216.86 9224.9 9251.74 9272.28 9279 9279.36 9277.41 9271.63 9281.97 9291.92 9298.92 9305.04 9311.57 9317.87 9324.9 9333.39 9341.13 9343.01 9337.56 9343.42 9352.69 9362.91 9378.56 9409.58 9457.05 9511.49 9572.46 9634.6 9691.98 9729.92 9750.57 9627.6 9415.02 9302.42 9198.92 9084.73 8964.44 8846.06
9266.9 9259.5 9251.64 9248.28 9246.67 9245.87 9240.78 9236.14 9231.53 9227.11 9222.71 9219.14 9213.93 9209.97 9213.48 9225.89 9252.36 9271.28 9266.5 9239.47 9220.72 9212.61 9207.49 9205.96 9208.56 9213.92 9217.72 9217.68 9215.01 9218.82 9232.95 9257.07 9274.52 9277.81 9276.82 9274.07 9271.81 9281.64 9289.75 9296.55 9302.71 9308.59 9313.64 9318.42 9325.51 9333.53 9335.08 9331.31 9340.22 9352.96 9363.3 9375.48 9407.88 9458.33 9516.6 9585.08 9654.04 9723.05 9768.45 9641.74 9471.32 9296.73 9184.98 9076.74 8962.12 8841.4 8721.45
9270.02 9262.97 9252.52 9249.43 9247.91 9247.3 9242.5 9237.4 9232.81 9228.11 9223.6 9219.41 9214.49 9211.69 9214.37 9225.08 9261.17 9272.86 9250.83 9224.02 9217.79 9214.63 9211.33 9211.62 9214.45 9219.48 9222.58 9211.55 9210.93 9217.15 9232.78 9259.41 9274.04 9274.87 9274.56 9274.27 9279.22 9284.44 9289.58 9295.23 9300.47 9305.17 9309.34 9311.54 9314.63 9323.81 9326.44 9331.19 9336.39 9345.66 9359.04 9372.12 9403.93 9455.47 9512.65 9577.01 9640.1 9699.9 9717.15 9517.08 9357 9222.83 9095.2 8971.74 8849.59 8722.47 8595.09
9267.99 9260.37 9252.54 9248.88 9247.61 9246.92 9243.89 9239.18 9235.1 9230.56 9225.67 9221.81 9218.17 9217.68 9219.72 9233.23 9264.62 9274.25 9235.42 9219.68 9218.8 9219.86 9215.77 9215.27 9216.39 9217.43 9215.45 9210.4 9210.57 9215.59 9228.5 9248.07 9262.4 9267.8 9270.91 9274.51 9278.99 9283.68 9288.83 9293.63 9298.3 9302.69 9306.99 9311.93 9317.12 9320.19 9325.88 9329.5 9333.61 9340.15 9357.61 9374.66 9404.85 9455.94 9510.56 9562.38 9606.01 9629.91 9591.41 9417.27 9290.89 9167.42 9024.93 8888.69 8754.31 8617.34 8486.74
9264.01 9257.54 9248.97 9246.33 9244.22 9243.62 9241.07 9238.48 9236.54 9234.28 9229.53 9223.8 9226.81 9229.26 9228.8 9237.29 9260.11 9260.49 9234.34 9227.68 9223.76 9222.4 9220.1 9216.24 9213.74 9215.79 9217.47 9215.26 9215.42 9218.95 9226.14 9235.61 9248.82 9258.84 9265.77 9271.18 9277.82 9284.47 9289.36 9293.93 9298.62 9301.66 9306.13 9310.6 9314.97 9319.42 9322.69 9328.33 9333.48 9342.09 9361.73 9382.55 9407.66 9452.17 9499.62 9537.16 9561.55 9558.37 9507.07 9357.06 9232.98 9099.67 8953.1 8807.95 8667.29 8527.14 8386.42
9259.86 9256.45 9250.29 9242.38 9238.08 9236.01 9235.5 9236.07 9238.63 9241.55 9241.65 9235.09 9241.75 9247.11 9250.74 9252.63 9257.63 9253.46 9241.25 9234.71 9228.69 9225.37 9221.23 9216.62 9213.44 9214.69 9216.69 9216.68 9219.79 9225.6 9227.84 9232.78 9242.18 9252.71 9261.53 9268.56 9276.85 9285.75 9289.43 9294.27 9298.37 9302.11 9305.14 9309.54 9314.66 9319.55 9324.85 9329.38 9334.99 9349.77 9368.35 9392.14 9419.2 9451.09 9484.32 9513.41 9525.1 9506.89 9441.35 9306.34 9142.17 9007.53 8876.09 8741.09 8596.69 8454.35 8303.43
9248.42 9246.59 9239.09 9235.36 9231.24 9227.09 9226.64 9232.87 9241.03 9250.99 9262.7 9267.16 9263.98 9260.04 9264.37 9264.18 9258.02 9253.2 9248.47 9240.38 9230.87 9223.63 9219.68 9217.69 9216.44 9214.91 9212.41 9216.19 9222.45 9227.8 9230.15 9232.67 9239.63 9248.31 9258.26 9269.31 9275.35 9279.22 9288.75 9295.05 9298.99 9301.1 9303.18 9305.41 9311.93 9318.59 9324.92 9329.56 9334.1 9345.61 9371.09 9395.29 9412.91 9439.47 9467.8 9487.35 9489.04 9461.57 9396.78 9249.76 9078.52 8938.23 8810.75 8675.26 8535.14 8388.61 8238.56
9241.08 9239.94 9232.86 9229.76 9226.58 9222.61 9222.6 9230.19 9241.76 9256.87 9277.77 9289.9 9268.1 9264.09 9256.86 9254.01 9252.51 9250.79 9247.68 9238.68 9229.5 9222.71 9220.05 9217.97 9217.28 9216.69 9216.88 9222.49 9228.63 9229.41 9231.2 9234.13 9237.11 9242.46 9252.26 9270.01 9276.25 9283.29 9292.31 9296.14 9298.5 9300.71 9303.59 9308.66 9312.83 9318.92 9324.51 9329.6 9336.76 9351.45 9376.28 9395.74 9403.86 9427.21 9450.7 9462.59 9460.72 9436.94 9374.85 9197.05 9033.66 8888.5 8757.77 8622.61 8482.55 8337.52 8192.41
9240.78 9237.6 9232.91 9230.02 9225.61 9220.78 9219.66 9227.93 9239.41 9253.13 9269.49 9287.36 9288.44 9267.55 9246.23 9244.37 9245.11 9243.14 9237.26 9231.95 9225.65 9219.15 9217.55 9216 9216.26 9216.95 9221 9223.5 9221.95 9221.96 9228.82 9233.78 9232.99 9234.46 9237.92 9242.68 9268.38 9292.72 9296.61 9297.07 9297.49 9299.09 9302 9306.99 9313.9 9321.21 9329.18 9338.3 9352.64 9367.19 9387.01 9403.7 9412.97 9428.89 9446.03 9451.68 9446.34 9418.92 9353.6 9161.8 8993.94 8845.7 8711.08 8576.79 8448.01 8307.37 8168.44
9237.91 9238.29 9240.21 9234.82 9227.22 9222.86 9220.34 9228.53 9236.18 9244.1 9252.79 9279.92 9291.57 9268.13 9249.33 9240.32 9239.24 9237.78 9232.52 9227.2 9222.56 9220.93 9213.32 9213.9 9213.28 9214.43 9216.34 9215.08 9215.54 9221.02 9223.55 9225.52 9227.13 9227.52 9227.17 9231.89 9258.56 9280.95 9292.75 9295.02 9294.96 9296.3 9299.27 9303.49 9313.84 9324.33 9336.16 9352.55 9379.98 9384.98 9400.85 9418.97 9426.42 9438.45 9454.15 9453.53 9437.79 9398.51 9314.93 9140.35 8961.02 8807.85 8673.63 8541.35 8411.89 8289.3 8157.42
9238.07 9235.6 9232.29 9228.94 9227.45 9228.22 9235.47 9234.09 9234.26 9235.99 9239.87 9268.45 9280.24 9260.11 9241.11 9237.48 9236.23 9232.11 9227.1 9225.11 9222.2 9219.78 9216.86 9215.29 9216 9218.55 9220.96 9227.23 9226.62 9228.3 9222.59 9222.45 9224.78 9225.68 9226.52 9234.45 9255.95 9280.64 9290.85 9291.21 9291.12 9291.41 9294.63 9302.78 9313.44 9327.5 9342.47 9359.86 9374.55 9389.2 9410.72 9435.41 9456.98 9471.44 9465.51 9451.66 9429.3 9383.35 9286.7 9100.44 8923.03 8771.97 8645.56 8518.43 8399.52 8274.35 8154.9
9231.43 9230.55 9226.49 9223.74 9226.55 9230.44 9235.59 9234.84 9232.81 9232.36 9233.53 9246.38 9255.01 9249.41 9239.54 9236.16 9236.61 9237.68 9231.98 9224.85 9221.2 9218.01 9217.48 9217.97 9217.76 9217.37 9220.63 9220.75 9229.01 9229.45 9227.12 9225.51 9227.73 9230.04 9232.24 9240.2 9256.62 9272.14 9281.82 9286.01 9287.12 9287.14 9286.63 9294.07 9312.09 9329.63 9348.86 9371.51 9374.06 9392.16 9414.57 9439.17 9472.43 9491.54 9458.37 9444.74 9423.37 9376.43 9273.55 9043.63 8855.86 8736.6 8622.84 8503.91 8386.84 8270.93 8155.88
9230.39 9228.68 9225.86 9225.26 9226.77 9229 9230.12 9229.66 9230.38 9231.68 9234.36 9230.66 9237.79 9241.49 9238.56 9233.33 9230.69 9232.29 9226.07 9223.05 9220.02 9219.33 9222.83 9222.76 9221.21 9221.26 9221.49 9221.4 9227.13 9232.84 9226.6 9229.79 9233.51 9237.95 9242.85 9250.33 9260.7 9269.69 9276.59 9283.19 9285.79 9286.42 9288.56 9297.59 9312.78 9329.97 9347.92 9364.1 9376.46 9394.07 9410.69 9423.34 9418.84 9388.54 9425 9433.39 9417.8 9372.81 9270.62 9041.69 8842.61 8727.96 8614.98 8498.64 8388.31 8278.68 8177.89
9227.84 9228.48 9228.5 9225.95 9229.9 9229.32 9226.24 9226.32 9229.4 9230.68 9230.62 9229.02 9231.69 9235.11 9233.36 9227.47 9223.98 9228.32 9226.98 9221.93 9220.56 9220.63 9223.41 9223.47 9223.61 9224.24 9224.36 9225.94 9221.1 9229.29 9235.22 9236.2 9241.09 9247.73 9256.3 9262.21 9267.99 9274.36 9281.36 9284.73 9286.68 9287.99 9291.49 9301.09 9315.26 9330.97 9347.34 9362.28 9379.06 9395 9406.31 9414.73 9411.36 9398.9 9429.01 9436.29 9418.35 9365.53 9254.16 9078.17 8892.9 8744.65 8626.01 8510.86 8401.56 8289.69 8186.96
9227.95 9230.09 9234.01 9240.53 9234.86 9230.96 9230.22 9230.7 9230.19 9230.56 9229.81 9229.57 9228.9 9228.97 9226.56 9221.39 9216.72 9226.95 9224.48 9219.32 9219.96 9220.07 9219.06 9220.24 9222.68 9225.41 9224.97 9223.44 9224.58 9229.12 9234.2 9240.79 9246.96 9255.1 9262.82 9269.2 9274.23 9279.87 9283.87 9288.63 9289.58 9290.7 9295.54 9303.53 9315.75 9330.9 9346.53 9362.21 9379.88 9393.66 9401.5 9412.77 9429.74 9462.76 9452.09 9450.92 9432.9 9374.36 9254.63 9080.64 8906.18 8763.17 8641.33 8530.17 8417.37 8313.54 8200.24
9230.9 9232.11 9234.25 9236.48 9233.52 9230.56 9228.69 9228.03 9230.65 9232.37 9230.81 9227.16 9226.63 9224.9 9222.11 9218.51 9216.74 9220.7 9218.24 9214.76 9213.21 9215.69 9217.2 9218.45 9221.84 9222.36 9224.56 9229.17 9230.99 9229.87 9238.55 9243.96 9249.39 9258.04 9275.24 9272.88 9276.65 9283.96 9293.09 9292.98 9291.6 9290.89 9290.95 9303.35 9315.84 9329.72 9344.08 9359.37 9369.78 9377.94 9390.95 9405.72 9420.6 9423.56 9446.48 9466.38 9461.89 9407.02 9276.71 9102.05 8917.01 8781.85 8661.57 8546.68 8430.02 8323.5 8209.73
9232.34 9232.64 9232.28 9229.86 9228.96 9228.29 9227.4 9229.32 9230.97 9234.85 9233.65 9228.48 9226.9 9225.11 9221.42 9217.65 9216.7 9223.2 9219.38 9215.26 9213.94 9216 9220 9224.11 9225.56 9225.09 9227.97 9228.02 9228.5 9229.86 9241.46 9244.31 9247.26 9250.71 9255.43 9264.73 9272.79 9282.29 9290.93 9293.45 9291.33 9290.33 9293.63 9303.28 9315.3 9328.4 9340.78 9351.03 9361.75 9365.89 9379.78 9394.86 9408.25 9415.62 9448.11 9488.67 9510.22 9476.11 9313.01 9097.31 8940.18 8812.75 8690.57 8569.04 8452.89 8333.6 8219.95
9233.38 9232.73 9231.41 9229.19 9228.36 9227.46 9225.69 9224.53 9229.87 9236.56 9234.47 9229.57 9227.94 9226.85 9222.22 9217.67 9215.43 9220.19 9219.13 9216.7 9215.59 9220.07 9224.57 9227.57 9230.86 9235.43 9234.86 9232.24 9236.73 9247.51 9245.09 9243 9243.68 9243.39 9241.49 9254.7 9264.13 9274.4 9285.34 9288.86 9287.34 9288.17 9292.54 9303.42 9314.8 9327.02 9339.21 9350.86 9366.27 9364.75 9372.29 9384.89 9398.56 9410.23 9448.27 9505.9 9554.04 9556.49 9353.49 9116.32 8988.39 8853.59 8719.83 8591.89 8469.91 8347.16 8232.1
9233.76 9233.55 9232.42 9231.4 9230.28 9228.78 9226.03 9223.21 9229.07 9236.67 9235.06 9231.35 9229.93 9228.32 9224.29 9220 9217.66 9219.87 9222.68 9224.09 9224.48 9225.73 9229.26 9234.8 9233.02 9231.93 9230.68 9230.88 9234.44 9236.49 9238.45 9237.62 9238.64 9242.08 9246.33 9247.14 9252.43 9259.64 9270.1 9274.31 9277.04 9285.57 9294.01 9302.12 9312.88 9325.19 9338.01 9350.07 9355.99 9358.19 9367.49 9378.94 9391.1 9398.94 9436.03 9507.22 9565.49 9556.37 9355.52 9139.4 9010.05 8879.54 8746.94 8614.07 8488.75 8364.89 8247.58
9235.06 9234.14 9233.91 9234.8 9234.8 9231.66 9229.66 9229.37 9232.35 9234.2 9234.83 9232.88 9231.64 9230.37 9227.91 9226.03 9225.54 9227.01 9227.01 9227.71 9230.16 9230.79 9232.17 9232.71 9232.37 9229.85 9227.99 9228.3 9232.79 9229.13 9228.92 9229.28 9230.42 9233.19 9236.07 9236.16 9237.71 9239.27 9238.88 9243.17 9258.56 9276.6 9289.21 9296.99 9308.1 9321.1 9334.51 9347.07 9358.43 9364.23 9366.92 9375.79 9385.32 9391.29 9423.28 9496.44 9558.66 9557.07 9352.46 9163.23 9042.93 8910.57 8771.03 8635.99 8508.66 8386.01 8267.88
9238.65 9236.51 9234.97 9234.52 9234.76 9232.44 9233.61 9236.59 9237.93 9238.66 9234.39 9233.22 9231.7 9230.93 9230.34 9231.54 9231.65 9229.77 9229.23 9230.49 9232.94 9233.25 9233.64 9234.18 9231.88 9228.69 9227.06 9228.14 9223.93 9222.24 9220.87 9220.36 9220.03 9220.55 9222.26 9223.57 9223.71 9222.05 9217.99 9220.08 9236.68 9257.66 9272.71 9285.05 9300.43 9316.03 9329.71 9341.28 9356.54 9357.21 9364.38 9372.98 9384.26 9396.17 9421.88 9479.15 9525.1 9522.37 9397.62 9229.7 9085.09 8936.08 8791.47 8660.57 8537.74 8419.39 8300.49
9240.32 9237.62 9235.15 9231.18 9224.84 9231.64 9235.86 9239.57 9240.73 9238.5 9235.99 9234.45 9233.77 9232.21 9231.58 9231.63 9234.6 9233.78 9230.57 9227.79 9233.07 9234.86 9234.34 9232.18 9229.69 9227.03 9223.21 9223.96 9221.37 9218.88 9213.47 9210.72 9210.44 9211.2 9212.14 9212.7 9212.62 9211.46 9209.24 9210.25 9218.74 9227.97 9248.23 9269.51 9289.37 9309.32 9328.53 9343.52 9351.56 9358.1 9364.4 9374.62 9387.62 9404.6 9429.52 9459.75 9475.82 9478.13 9453.89 9292.64 9111.87 8940.57 8801.6 8684 8573.14 8462.11 8349.38
9242.22 9238.83 9235.98 9233.65 9235.27 9235.38 9238.4 9241.63 9242.75 9240.84 9239.42 9236.56 9235.21 9234.39 9232.79 9231.06 9231.44 9233.56 9233.43 9234.07 9237.02 9236.97 9234.95 9232.64 9229.21 9224.56 9220.82 9217.47 9211.98 9210.92 9201.18 9199.4 9200.29 9203.28 9203.8 9204.12 9204.73 9205.24 9207.06 9214.26 9211.34 9213.49 9234.59 9257.4 9279.2 9301.6 9325.43 9342.91 9349.54 9352.09 9363.01 9373.22 9386.95 9404.33 9427.32 9440.68 9448.98 9469.33 9476 9315.26 9119.93 8929.74 8811.34 8719.14 8624.59 8523.92 8417.07
9242.46 9239.36 9236.98 9235.58 9235.14 9236.69 9239.69 9243.54 9246.53 9245.41 9242.95 9239.25 9236.87 9236.48 9236.21 9235.71 9235.65 9237.58 9238.96 9239.02 9242.09 9239.84 9234.86 9229.92 9224.07 9218.51 9214.84 9204.34 9195.09 9190.85 9188.41 9187.03 9187.32 9189.91 9193.18 9196.32 9199.51 9202.41 9204.99 9205.96 9212.3 9220.96 9232.19 9248.73 9267.32 9288.18 9314.47 9336.82 9351.84 9362.74 9362.77 9369.24 9380.52 9395.49 9408.62 9419.21 9423.91 9448.39 9441.24 9302.91 9125.23 8933.46 8841.87 8775.89 8700.18 8606.89 8507.38
9243.52 9241.5 9238.77 9236.49 9235.84 9236.48 9239.59 9243.83 9246.48 9244.37 9241.87 9241.72 9242.34 9242.08 9242.65 9241.46 9241.49 9245.17 9246.23 9250.49 9250.25 9241.43 9232.5 9224.24 9216.21 9207.79 9198.9 9188.5 9181.26 9177.57 9175.39 9176.62 9176.21 9176.2 9183.77 9190.07 9195.49 9201.03 9207.51 9215.39 9219.86 9222.64 9229.66 9240.23 9253.23 9267.49 9283.91 9311.92 9341.46 9359.67 9356.85 9360.63 9369.24 9382.2 9397.59 9402.27 9398.53 9424.98 9426.2 9305.15 9163.23 8998.03 8924.51 8872.02 8798.87 8708.31 8611.21
9248.01 9244.53 9240.86 9237.22 9234.22 9234.85 9238.56 9242.66 9249.05 9246.28 9244.75 9243.5 9243.58 9247.09 9251.75 9257.96 9256.19 9252.82 9251.87 9251.03 9250.79 9238.74 9226.91 9216.69 9207.26 9195.46 9181.99 9174.14 9171.53 9171.99 9170.88 9171.71 9173.81 9175.55 9180.53 9186.51 9192.28 9198.84 9207.65 9220.22 9223.1 9220.36 9224.16 9230.76 9240.38 9251.13 9262.23 9290.72 9324.7 9341.93 9341.24 9346.48 9352.43 9361.38 9369.23 9373.57 9378.27 9396.41 9389.24 9324.5 9245.95 9146.23 9079.19 9012.45 8924.58 8829.32 8731.6
9252.96 9248.08 9243.31 9238.94 9235.71 9235.16 9237.52 9241.42 9243.8 9250.17 9249.68 9248.07 9245.14 9252.7 9257.03 9258.6 9256.26 9256.01 9255.28 9254.43 9245.88 9231.74 9217.91 9204.92 9193.74 9184.44 9176.76 9170.39 9169.25 9167.49 9168.2 9169.62 9173.1 9176.66 9179.47 9183.2 9187.94 9193.21 9199.11 9204.86 9212.6 9218 9215.38 9219.71 9227.59 9241.46 9260.45 9283.86 9312.1 9334.7 9329.32 9329.48 9334.03 9338.61 9344.78 9351.28 9356.68 9367.03 9369.25 9363.49 9346.71 9336.12 9278.69 9170.34 9062.8 8957.55 8853.1
