real_craters/C124-500m.grd
DSAA
152 152
-37.765 37.765
-37.765 37.765
7798.6123266566 9979.9932944883
[rows 60 to 89 of 152, columns 67 to 133 of 152]
9171.71 9109.09 9023.84 8981 8952.74 8916.99 8872.68 8877.28 8880.45 8880.22 8881.48 8883.6 8885.84 8882.04 8875.4 8874.8 8874.79 8884.89 8933.13 9025.13 9126.93 9243.51 9365.51 9428.72 9437.43 9414.62 9401.63 9411.48 9415.5 9416.02 9407.81 9394.69 9375.14 9349.23 9316.09 9283.71 9271.05 9277.08 9291.44 9278.48 9265.15 9254.6 9245.19 9236.74 9228.93 9221.55 9217.34 9214.63 9209.88 9207.89 9206.1 9203.54 9201.68 9199.37 9194.88 9190.86 9186.44 9181.8 9176.87 9172.86 9169.7 9165.71 9161.8 9158.86 9155.23 9150.83 9147.03
9020.81 8919.57 8859.25 8815.51 8778.1 8749.46 8720.12 8709.38 8726.44 8730.16 8721.35 8723.37 8724.69 8722.84 8720.74 8715.67 8705.64 8703.17 8748.31 8851.69 8972.45 9108.51 9244.95 9337.05 9370.46 9389.09 9409.55 9421.88 9430.87 9432.29 9421.36 9406.56 9391.85 9359.7 9330.12 9303.39 9291.07 9295.38 9297.65 9295.39 9282.21 9268.69 9253.91 9244.29 9238.84 9227.41 9218.7 9214.26 9213.95 9212.41 9210.82 9208.98 9206.72 9205.94 9202.35 9197.04 9193.02 9190.14 9186.22 9182.03 9177.5 9175.58 9170.09 9164.38 9159.15 9152.57 9144.66
8867.8 8755.48 8694.92 8650.84 8608.35 8573.54 8547.04 8536.54 8535.69 8551.57 8561.95 8570.78 8576.21 8583.84 8577.26 8572.29 8559.93 8563.4 8605.01 8703.79 8817.73 8944.59 9103.88 9228.4 9297.32 9349.57 9382.41 9431.05 9456.02 9453.86 9438.58 9414.96 9390.69 9365.87 9343.49 9322.96 9313.11 9313.34 9325.17 9308.86 9294.65 9282.05 9271.39 9264.78 9256.36 9245.97 9233.07 9225.94 9220.47 9218.54 9217.05 9215.2 9211.63 9203.51 9201.39 9200.81 9198.82 9196.46 9193.03 9188.94 9182.91 9176.48 9173.84 9170.26 9165.8 9159.76 9149.78
8730.55 8627.93 8556.72 8500.49 8463.53 8406.65 8378.47 8378.95 8390.92 8400.47 8416.82 8435.09 8445.99 8449.66 8448.95 8444.14 8439.59 8446.39 8488.84 8584.17 8695.83 8809.1 8941.07 9082.62 9215.96 9326.17 9411.23 9474.49 9491.72 9482.92 9461.04 9431.89 9394.49 9375.52 9360.71 9342.42 9329.83 9323.45 9322.45 9312.68 9300.84 9290.07 9290.72 9294.52 9269.69 9263.25 9247.4 9230.83 9226.9 9226.04 9225.04 9223.2 9221.68 9220.91 9208.14 9205.7 9206.42 9201.64 9197.62 9192.35 9189.46 9183.75 9180.46 9177.37 9174.74 9173.06 9172.75
8605.97 8507.85 8422.21 8360.69 8324.49 8275.4 8245.27 8234.89 8238.18 8260.97 8288.35 8309.74 8325.73 8335.32 8342.91 8339.84 8339.76 8346.98 8388.92 8478.62 8587.73 8688.96 8801.35 8963.76 9147.56 9317.61 9469.84 9530.2 9534.77 9516.71 9488.43 9456.68 9427.17 9407.54 9384.59 9362.22 9335.97 9333.72 9323.98 9319.04 9302.87 9285.24 9266.65 9241.37 9254.08 9265.51 9254.77 9237.13 9235.86 9236.11 9234.78 9232.75 9230.46 9229.84 9231.76 9225.15 9221.02 9216.06 9209.73 9203.52 9197.79 9193.95 9187.36 9183.63 9181.9 9182.61 9188.31
8473.73 8359.42 8278.23 8229.92 8201.48 8159.66 8130.3 8112.84 8110.11 8142.95 8178.21 8208.75 8226.08 8241.92 8248.01 8245.34 8247.85 8255 8290.22 8378.31 8482.68 8582.38 8691.05 8879.74 9088.82 9292.52 9472.48 9556.23 9558.52 9538.13 9512.66 9481.67 9456.04 9433.74 9410.66 9391.89 9378.33 9357.44 9337.99 9325.37 9305.26 9280.73 9247.38 9210.59 9240.57 9260.64 9261.15 9256.86 9252.51 9248.99 9245.99 9243.18 9240.23 9239.07 9237.18 9239.72 9237.82 9234.78 9227.23 9212.52 9203.22 9197.73 9190.75 9187.22 9185.48 9184.45 9179.75
8358.69 8248.89 8164.89 8110.81 8091.88 8074.64 8038.1 8021.25 8022.61 8054.93 8091.67 8121.81 8144.82 8160.38 8168.04 8170.96 8171.16 8174.27 8200.29 8288.02 8396.56 8478.45 8628.53 8817.13 9031.41 9242.97 9439.01 9543.38 9547.54 9538.63 9519.03 9494.23 9465.34 9444.35 9432.81 9416.85 9403.56 9377.63 9354.74 9333.78 9311.16 9288 9267.13 9258.99 9260.64 9267.18 9268.62 9273.21 9268.7 9261.65 9257.07 9254.65 9252.97 9252.3 9254.4 9253.73 9252.56 9251.18 9243.61 9221.3 9203.95 9194.63 9190.94 9188.19 9186.36 9185.08 9183.16
8249.76 8131.14 8042.15 7989.58 7986.23 7986.12 7959.84 7951.25 7962.91 7993.35 8032.07 8061.48 8083.85 8100.66 8104.97 8109.05 8114.75 8116.89 8139.51 8221.91 8328.68 8383.95 8544.75 8763.06 8975.41 9175.37 9355.03 9468.07 9504.58 9516.07 9513.85 9500.15 9481.98 9466.97 9454.36 9435.04 9411.64 9382.45 9359.01 9340.18 9318.46 9301.41 9289.91 9286.11 9274.08 9267.34 9271.88 9273.64 9272.2 9271.09 9268.15 9265.93 9264.98 9269.8 9274.45 9268.13 9262.02 9256.84 9247.05 9216.93 9200.35 9194.12 9189.87 9187.15 9185.32 9184.4 9183.19
8153.87 8007.86 7891.15 7871.21 7874.28 7871.24 7896.65 7905.13 7923.91 7959.61 7990.67 8016.74 8038.37 8053.78 8057.58 8063.07 8070.27 8076.06 8111.96 8163.87 8244.34 8376.33 8559.72 8725.95 8918.35 9103.08 9259.06 9364.92 9447.19 9485.33 9497.87 9501.11 9482.01 9489.02 9475.87 9450.23 9424.17 9396.16 9362.87 9338.83 9322.94 9311.05 9302.03 9294.94 9282.68 9274.27 9278.38 9281.54 9282.56 9279.23 9277.24 9275.67 9275.23 9279.32 9283.69 9274.71 9263.89 9251.87 9233.2 9208.38 9192.72 9189.94 9187.86 9185.21 9183.86 9181.52 9177.75
8086.1 7935.78 7812.8 7810.31 7830.91 7847.77 7872.56 7906.4 7925.41 7943.01 7966.84 7988.02 8006.52 8022.8 8027.53 8035.22 8031.65 8044.02 8058.98 8094.13 8185.13 8340.89 8505.05 8680.76 8859.54 9035.85 9195.71 9323.57 9406.11 9451.47 9480.78 9499.05 9493.25 9517.84 9497.63 9458.95 9421.75 9392.31 9364.5 9339.62 9328.74 9320.63 9313.27 9303.54 9294.56 9290.71 9289.69 9289.32 9286.22 9286.47 9285 9284.79 9285.01 9287.29 9283.87 9274.46 9260.91 9244.73 9221.72 9204.61 9195.38 9191.34 9187.15 9184.8 9182.05 9179.49 9175.58
8048.89 7915.84 7825.98 7798.61 7825.02 7845.59 7875.38 7907.67 7923.89 7937.05 7951.42 7969.33 7985.9 8000.62 8013.08 8019.58 8011.95 8020.89 8035.05 8080.22 8174.59 8303.48 8461.77 8630.64 8802.89 8972.71 9135.46 9293.72 9357.09 9408.88 9453.42 9487.44 9516.14 9529.21 9508.34 9458.45 9405.76 9364.83 9351.7 9345.8 9335.79 9327.3 9322.77 9321.84 9318.67 9306.62 9300.87 9297.12 9293.18 9291.61 9289.33 9289.25 9295.41 9291.95 9284.06 9269.72 9256.91 9242.46 9226.1 9207.11 9195.79 9192.14 9187.84 9184.45 9181.69 9179.96 9180.48
8036.45 7913.41 7818.84 7803.35 7831.92 7849.62 7869.84 7913.81 7914.09 7923.41 7940.26 7956.87 7976.36 7985.97 7989.84 8000.2 7996.45 8008.95 8027.58 8070.28 8159.98 8284.55 8432.21 8581.39 8745.26 8906.41 9056.76 9183.16 9279.82 9356.72 9418.31 9468.14 9504.73 9519.61 9507.61 9453.87 9382.96 9335.59 9332.16 9334.42 9330.92 9327.11 9325.66 9327.06 9323.59 9315.04 9308.59 9305.23 9305.72 9297.2 9289.23 9282.5 9274.58 9268.7 9263.87 9259.35 9251.59 9241.82 9232.07 9217.3 9204.1 9194.22 9188.65 9184.48 9181.27 9179.07 9177.57
8033.62 7926.82 7845.83 7816.22 7834.34 7839.04 7843.09 7844.89 7881.63 7908.43 7925.96 7938.63 7954.59 7971.55 7982.68 7982.59 7995.59 8008.43 8028.31 8073.4 8162.37 8275.04 8385.19 8538.64 8694.83 8846.14 8981.23 9098.97 9203.03 9300.54 9380.55 9447.27 9498.96 9521.29 9517.08 9458.8 9378.33 9322.61 9320.51 9325.85 9324.34 9321.65 9321.46 9322.56 9323.94 9316.21 9309.69 9307.51 9310.8 9297.7 9285.63 9273.92 9259.85 9256.87 9253.42 9250.74 9246.22 9240.74 9235.41 9223.82 9204.36 9195.16 9189.16 9184.91 9180.88 9178.21 9176.3
8040.19 7940.02 7863.39 7830.21 7835.09 7835.85 7832.6 7842.93 7863.31 7889.69 7912.27 7931.04 7941.08 7955.71 7965.45 7977.81 7988.76 8010.18 8036.66 8088.19 8177.53 8277.57 8377.75 8520.36 8667.15 8805.37 8927.79 9033.9 9140.96 9254.53 9348.28 9424.79 9492.29 9533.3 9542.47 9475.14 9389.45 9328.86 9322.95 9319.55 9314.62 9315.97 9315.79 9314.25 9308.22 9306.75 9303.75 9301.15 9295.54 9288.13 9279.03 9271.4 9265.61 9253.52 9248.29 9244.46 9239.98 9235.82 9231.91 9222.35 9206.93 9196.67 9189.15 9184.12 9180.66 9177.96 9176.77
8057.72 7961.47 7890.08 7853.39 7843.22 7843.21 7839.97 7844.21 7863.95 7885.46 7902.73 7918.58 7934.97 7946.91 7964.74 7975.65 7996.34 8021.47 8053.7 8114.34 8197.84 8281.73 8410.01 8541.37 8667.11 8788.68 8903.05 9006.17 9111.63 9226.58 9326.02 9411.07 9482.04 9529.9 9553.86 9488.19 9415.93 9364.02 9342.31 9328.49 9319.06 9313.4 9312.88 9308.08 9292.86 9295.01 9295.85 9293.26 9287.28 9280.27 9271.05 9260.36 9252.13 9247.69 9242.8 9239.06 9234.47 9229.17 9222.16 9212.62 9204.72 9194.04 9188.3 9184.12 9180.71 9177.25 9174.68
8070.04 7977.35 7903.78 7861.06 7853.73 7855.19 7859.71 7868.26 7873.78 7887.2 7900.27 7914.75 7931.06 7946.33 7960.8 7984.22 8004.68 8028.29 8069.3 8139.4 8211.71 8297.72 8438.83 8569.15 8681.67 8793.21 8902.85 9004.83 9106.28 9222.31 9323.35 9402.68 9465.97 9498.27 9514.49 9482.73 9436.17 9401.93 9369.53 9335.1 9309.27 9312.33 9315.15 9314.48 9305.34 9295.2 9292 9288.49 9283.78 9276.53 9265.99 9253.16 9243.35 9241.89 9239.2 9234.69 9228.94 9222.51 9215.37 9205.01 9194.95 9190.64 9186.56 9182.66 9179.86 9178.98 9177.54
8081.72 7988.57 7910.23 7860.36 7856.09 7861.74 7876.49 7880.9 7878.48 7886.51 7898.96 7912.83 7928.22 7946.41 7963.28 7982.85 8006.1 8030.93 8073.76 8146.56 8222.53 8303.93 8452.94 8586.13 8698.88 8810.62 8923.1 9026.87 9128.46 9238.94 9333.42 9409.41 9459.27 9486.46 9485.24 9467.05 9436.64 9405.31 9373.07 9344.01 9324.53 9320.19 9320.72 9324.73 9317.74 9299.48 9290.99 9285.15 9279.43 9272.01 9263.52 9256.78 9249.67 9242.12 9238.16 9232.17 9225.25 9217.42 9207.92 9197.21 9193.88 9190.41 9187.7 9183.63 9178.92 9174 9172.83
8095.81 7998.31 7918.43 7865.75 7859.15 7857.97 7859.44 7868.83 7874.05 7883.84 7897.93 7912.08 7927.07 7943.62 7963.87 7984.97 8008.22 8033.34 8075.32 8155.77 8257.88 8337.31 8465.92 8594.2 8712.56 8835.38 8958.59 9070.43 9172.25 9280.19 9366.8 9427.43 9466.45 9483.07 9481.33 9445.66 9397.57 9377.11 9364.16 9346.95 9336.68 9326.05 9321.99 9320.52 9311.87 9298.25 9289.15 9281.16 9274.11 9268.12 9259.34 9255.64 9254.83 9250.59 9238.44 9230.25 9222 9214.28 9208.22 9204.73 9201.91 9195.3 9190.34 9184.48 9178.83 9175.39 9173.04
8102.49 8006.71 7927.33 7879.06 7867.47 7850.57 7834.81 7852.37 7870.89 7887.36 7899.8 7913.58 7936.57 7956.13 7968.65 7989.76 8014.88 8042.25 8095.38 8188.61 8297.37 8387.34 8481.99 8589.58 8721.7 8872.82 9012.79 9139.15 9242.63 9348.68 9424.25 9468.84 9486.35 9487.26 9472.36 9421.3 9351.72 9347.39 9350.07 9343.02 9331.14 9323.29 9318.68 9313.7 9305.53 9295.64 9286.34 9276.43 9266.82 9256.99 9249.59 9245.85 9244.23 9241.66 9235.22 9227.3 9219.39 9212.71 9208.78 9211.79 9212.37 9204.34 9194.81 9184.82 9177.34 9172.85 9172.28
8110.16 8009.72 7927.83 7876.18 7864.54 7852.24 7852.71 7857.93 7871.76 7890.17 7911.45 7926.56 7944.32 7963.49 7976.06 7997.24 8009.91 8053.32 8110.67 8216.17 8344.86 8434.48 8509.55 8607.52 8750.31 8924.73 9088.46 9236.77 9350.62 9452.95 9511.66 9527.86 9515.08 9490.22 9457.62 9398.91 9337.63 9341.86 9353.96 9339.34 9328.04 9320.89 9316.63 9307.75 9303.59 9297.89 9283.51 9270.78 9259.56 9248.46 9240.5 9232.9 9240.82 9238.11 9231.99 9225.03 9217.59 9210.75 9204.41 9201.29 9207.36 9208.89 9195.05 9183.58 9174.48 9167.52 9170.28
8115.96 8013.42 7923.89 7863.98 7857.91 7851.21 7851.76 7863.82 7880.05 7898.86 7915.39 7935.28 7949.36 7971.71 7988.79 8010.05 8031.82 8064.13 8129.38 8254.96 8399.68 8480.66 8546.84 8639.5 8794.54 8988.35 9180.02 9359.47 9510.68 9603.73 9616.43 9594.22 9551.47 9493.17 9416.29 9379.18 9368.16 9354.78 9341.78 9339.03 9328.34 9322.11 9322.15 9311.03 9304.73 9293.08 9276.38 9263.9 9254.19 9245.31 9237.02 9234.14 9227.45 9231.45 9228.44 9223.33 9216.69 9209.54 9202.21 9199.25 9205.81 9198.73 9188.51 9179.2 9172.83 9169.33 9170.89
8128.86 8021.96 7926.4 7859.13 7858 7853.88 7860.23 7872.74 7892.45 7919.92 7942.27 7966.27 7985.08 7992.75 8017.41 8035.3 8054.36 8086.42 8150.86 8303.94 8438.53 8511.75 8590.94 8684.23 8848.03 9064.36 9274.42 9476.41 9671.61 9759.48 9714.47 9653.21 9586.71 9509.26 9426.08 9384.72 9392.13 9379.3 9367.87 9347.68 9336.94 9332.94 9328.37 9330.63 9302.57 9277.39 9263.67 9255.35 9248.33 9243.22 9232.37 9223.17 9221.44 9226.39 9226.61 9222.95 9217.78 9211.6 9205.95 9206.28 9207.47 9188.78 9178.89 9173.07 9169.54 9170.5 9171.09
8149.57 8038.04 7939.84 7872.22 7866.46 7855.75 7862.45 7885.34 7914.39 7940.2 7970.47 7993.12 8017.11 8036.75 8051.65 8073.56 8089 8120.98 8197.49 8358.73 8554.02 8563.89 8666.55 8761.5 8936.75 9152.55 9358.03 9550.02 9722.99 9801.26 9757.74 9692.47 9616.54 9535.88 9457.59 9427.87 9431.26 9402.21 9374.08 9351.98 9334.06 9319.36 9317.96 9315.26 9291.29 9264.96 9253.29 9247.85 9242.01 9234.94 9225.94 9223.36 9233.09 9230.2 9227.42 9223.74 9219.61 9214.67 9207.69 9203.27 9197.44 9179.86 9170.99 9167.09 9162.51 9162.31 9169.25
8182.78 8067.48 7966.64 7898.98 7877.74 7858.82 7871.7 7904.82 7943.56 7979.57 8014.61 8047.04 8070 8095.22 8112.14 8127.46 8149.63 8175.84 8240.92 8383.39 8519.48 8661.66 8786.77 8931 9091.04 9255.99 9430.84 9589.49 9708.21 9758.55 9758.07 9710.42 9639.31 9564.4 9493.91 9468.28 9453.87 9417.32 9384.23 9355 9330.2 9312.28 9307.46 9298.52 9284.02 9264.32 9252.06 9243.86 9236.72 9230.63 9224.72 9227.14 9233.73 9231.87 9227 9223.33 9219.78 9216.31 9213.2 9201.98 9184.67 9172.2 9164.06 9163.76 9165.92 9167.53 9169.67
8233.52 8115.45 8007.3 7933.36 7908.34 7888.26 7905.38 7945.53 7987.02 8029.41 8070.95 8102.34 8135.47 8155.96 8181.86 8202.71 8225.29 8261.6 8336.43 8477.21 8631.31 8782.06 8908.43 9050.51 9190.34 9346.41 9493.7 9623.06 9715.45 9752.84 9758.15 9712.21 9649.15 9578.74 9510.5 9464.87 9450.83 9417.98 9382.48 9350.86 9324.8 9308.48 9303.35 9297.36 9283.06 9268.61 9254.79 9242.01 9232.33 9225.81 9221.94 9224.78 9231.16 9227.79 9223.9 9220.75 9217.33 9214.46 9208.88 9194.44 9175.27 9158.17 9154.12 9161.54 9170.79 9171.94 9170.11
8303.51 8186.4 8068.13 7989.44 7942.68 7929.75 7959.59 8005.55 8060.79 8097.23 8137.36 8175.32 8211.89 8239.94 8279.09 8304.28 8333.72 8376.93 8466.58 8608.1 8754.49 8881.38 9020.2 9152.49 9284.8 9434.32 9559.19 9660.19 9743.18 9809.19 9769.91 9705.53 9641.28 9578.47 9518.08 9470.87 9447.22 9409.91 9368.01 9332.6 9313.4 9304.45 9301.66 9294.98 9281.67 9267.22 9252.27 9237.16 9226.38 9217.57 9211.08 9215.67 9219.33 9219.46 9217.56 9215.25 9212.32 9208.86 9204.53 9185.56 9163.22 9153.97 9154.68 9159.77 9164.66 9167.73 9167.84
8398.28 8285.5 8176.7 8098.01 8050.62 7995.77 8029.05 8084.72 8145.49 8202.61 8229.37 8275.94 8314.15 8353.06 8388.15 8431.26 8464.1 8504.99 8598.72 8726.23 8853.46 8975.05 9144.01 9299.44 9432.46 9541.94 9620.38 9686.08 9743.78 9799.49 9744.62 9675.85 9620.16 9571.17 9528.5 9489.02 9451.59 9397.82 9348.67 9310.72 9300.74 9297.69 9308.6 9298.37 9277.32 9258.52 9242.27 9229.99 9220.7 9212.87 9209.3 9205.36 9207.92 9210.85 9211.04 9209.49 9206.45 9201.48 9191.42 9178.73 9163 9155.59 9156.95 9159.37 9162.03 9163.44 9164.25
8508.52 8401.31 8302.24 8228.91 8168.99 8100.99 8131.79 8193.32 8259.93 8317.11 8338.76 8387.78 8428.78 8473 8531.05 8567.58 8607.24 8653.07 8759.52 8886 9007.19 9127.24 9295.41 9458.86 9599.62 9645.35 9669.99 9688.07 9690.98 9668.76 9639.69 9610.42 9575.61 9543.32 9519 9488.8 9432.5 9372.88 9329.41 9300.4 9292.42 9294.43 9294.18 9285.95 9268.77 9248.97 9228.54 9223.46 9216.8 9210.07 9203.46 9200.49 9202.22 9204.85 9204.82 9203.27 9200.47 9196.61 9191.41 9179.36 9166.64 9161 9161.49 9158.59 9159.23 9159.3 9160.32
8633.1 8539.15 8455.37 8372.13 8308.04 8240.63 8259.86 8317.46 8385.34 8447.83 8466.54 8518.6 8586.33 8634.72 8672.75 8713.53 8765.31 8825.87 8942.31 9088.61 9202.71 9325.04 9457.91 9590.9 9692.27 9714.9 9698.56 9670.09 9631.84 9570.95 9545.5 9536.98 9519.28 9497.59 9479.06 9434.68 9365.38 9335.2 9308.81 9287.28 9283.98 9288.76 9286.27 9272.37 9258.61 9243.41 9229.54 9221.95 9215.4 9209.52 9206.59 9203.57 9201.53 9201.05 9199.87 9198.33 9195.04 9189.95 9184.99 9182.47 9178.59 9172.36 9160.83 9154.53 9152.22 9153.76 9155.49
8754.69 8667.16 8613.78 8509.66 8433.41 8380.57 8408.82 8464.81 8533.86 8594.71 8630.49 8686.7 8730.92 8782.52 8826.5 8875.19 8937.21 9008.76 9119.11 9247.44 9371.14 9490.44 9596.29 9687.09 9763.75 9750.44 9697.02 9641.99 9586.56 9531.96 9503.19 9480.31 9463.84 9447.25 9423.7 9375.6 9316.53 9305.33 9293.79 9283.44 9277.01 9271.82 9265.18 9257.11 9248.78 9239.87 9231.46 9222.85 9215.15 9208.42 9202.7 9203.99 9201.86 9199.43 9197.35 9194.88 9191.27 9186.7 9184.05 9185.94 9186.47 9179.83 9160.18 9150.9 9148.06 9149.19 9150.86
