real_craters/C125-750m.grd
DSAA
102 102
-38.0275 38.0275
-38.0275 38.0275
7133.5697487092 8853.3260260141
[rows 38 to 75 of 102, columns 0 to 83 of 102]
8663 8623 8586 8575 8587 8591 8580 8559 8539 8518 8500 8484 8467 8451 8419 8400 8386 8380 8386 8367 8345 8333 8321 8305 8294 8279 8257 8235 8214 8204 8224 8251 8255 8225 8245 8262 8287 8318 8354 8394 8404 8409 8433 8434 8416 8307 8177 8104 8066 8047 8039 8052 8097 8205 8245 8286 8319 8304 8343 8461 8395 8282 8200 8196 8158 8149 8174 8216 8243 8256 8225 8207 8219 8244 8263 8261 8231 8205 8185 8168 8154 8146 8137 8119
8670 8633 8601 8590 8606 8622 8599 8566 8537 8509 8485 8467 8449 8405 8410 8396 8376 8355 8331 8319 8314 8301 8285 8276 8254 8247 8235 8223 8213 8211 8221 8240 8248 8224 8241 8258 8284 8309 8373 8467 8558 8594 8553 8338 8123 7987 7989 7959 7920 7907 7885 7856 7835 7843 7882 7895 7987 8099 8207 8327 8483 8413 8256 8214 8147 8111 8140 8178 8204 8199 8203 8210 8223 8232 8232 8218 8189 8170 8155 8140 8131 8127 8130 8121
8678 8645 8616 8602 8611 8611 8593 8560 8530 8502 8477 8466 8453 8445 8416 8391 8363 8333 8297 8275 8253 8251 8278 8249 8235 8223 8216 8210 8209 8210 8213 8214 8206 8212 8230 8248 8269 8312 8380 8495 8644 8544 8348 8185 8007 7912 7838 7806 7762 7718 7686 7652 7634 7662 7714 7691 7744 7902 8033 8125 8243 8463 8555 8337 8191 8118 8120 8135 8140 8138 8168 8202 8229 8248 8212 8155 8149 8143 8128 8114 8108 8104 8100 8112
8692 8662 8635 8613 8612 8598 8572 8546 8519 8496 8477 8468 8456 8434 8420 8391 8357 8323 8291 8261 8232 8221 8209 8210 8200 8202 8200 8195 8197 8202 8206 8206 8192 8171 8211 8232 8262 8273 8301 8449 8487 8375 8177 8020 7892 7793 7721 7673 7631 7601 7559 7512 7424 7397 7486 7540 7657 7778 7911 8029 8089 8319 8510 8387 8230 8136 8128 8120 8105 8100 8151 8195 8233 8241 8200 8171 8147 8127 8107 8087 8069 8080 8097 8103
8707 8682 8660 8645 8618 8586 8557 8531 8509 8489 8468 8460 8455 8455 8428 8391 8353 8318 8284 8258 8239 8225 8210 8192 8188 8192 8190 8181 8168 8182 8203 8214 8204 8172 8172 8236 8287 8333 8381 8417 8430 8171 7976 7848 7752 7675 7613 7562 7517 7470 7439 7410 7370 7350 7448 7492 7555 7671 7804 7949 8011 8036 8278 8295 8237 8187 8169 8136 8108 8081 8138 8180 8217 8202 8176 8164 8142 8114 8090 8070 8061 8067 8079 8089
8716 8693 8674 8658 8619 8574 8533 8519 8502 8483 8466 8446 8449 8442 8422 8392 8354 8312 8278 8268 8255 8238 8237 8217 8201 8202 8197 8186 8169 8182 8204 8225 8224 8217 8214 8284 8348 8395 8409 8365 8206 7906 7753 7675 7615 7581 7512 7474 7439 7391 7369 7337 7333 7334 7409 7462 7477 7566 7673 7780 7922 7908 7955 8123 8217 8277 8230 8165 8102 8106 8129 8156 8186 8179 8166 8154 8131 8102 8076 8056 8048 8055 8074 8079
8720 8695 8670 8643 8608 8569 8532 8518 8500 8481 8462 8452 8447 8445 8430 8396 8360 8323 8299 8289 8284 8284 8279 8275 8246 8224 8211 8206 8215 8203 8208 8224 8235 8260 8286 8341 8409 8450 8415 8350 8129 7751 7607 7547 7495 7473 7409 7386 7362 7335 7291 7255 7250 7257 7295 7399 7396 7456 7525 7575 7644 7880 7892 8048 8188 8289 8260 8203 8158 8158 8116 8131 8148 8178 8180 8150 8119 8092 8064 8042 8032 8038 8061 8069
8723 8696 8663 8621 8596 8577 8564 8527 8501 8484 8471 8454 8446 8437 8420 8400 8373 8339 8317 8311 8304 8301 8290 8284 8261 8240 8224 8215 8213 8208 8208 8203 8239 8282 8302 8394 8473 8549 8594 8392 8045 7691 7554 7490 7427 7354 7330 7333 7327 7312 7263 7194 7134 7170 7192 7242 7292 7357 7416 7472 7560 7664 7920 8039 8159 8206 8249 8240 8186 8164 8109 8124 8165 8173 8169 8140 8109 8088 8059 8027 8012 8012 8016 8011
8725 8697 8663 8628 8596 8573 8546 8518 8496 8482 8471 8457 8446 8435 8423 8411 8394 8380 8355 8331 8315 8315 8288 8272 8261 8245 8229 8215 8205 8212 8216 8221 8235 8302 8365 8415 8478 8550 8598 8311 7931 7677 7564 7482 7408 7352 7306 7306 7307 7306 7272 7208 7163 7206 7225 7187 7222 7296 7353 7370 7421 7533 7825 8034 8196 8315 8349 8282 8202 8179 8153 8138 8121 8132 8132 8126 8120 8090 8058 8027 8007 7999 7987 7991
8734 8703 8670 8631 8599 8572 8530 8506 8489 8472 8463 8453 8442 8439 8443 8420 8407 8400 8375 8340 8306 8268 8260 8274 8256 8247 8236 8227 8221 8229 8234 8238 8260 8299 8339 8377 8413 8431 8381 8107 7867 7765 7620 7512 7421 7352 7309 7303 7341 7352 7346 7315 7252 7262 7208 7137 7175 7260 7344 7391 7338 7479 7796 8013 8230 8418 8459 8318 8176 8147 8180 8156 8108 8098 8091 8095 8102 8081 8059 8035 8017 8002 7997 7997
8741 8715 8686 8657 8625 8593 8550 8520 8496 8463 8451 8437 8427 8429 8422 8415 8405 8396 8376 8342 8303 8258 8243 8235 8241 8244 8242 8246 8251 8255 8269 8274 8275 8303 8313 8321 8317 8272 8173 7939 7831 7805 7668 7546 7445 7350 7291 7312 7374 7413 7450 7498 7440 7358 7253 7147 7166 7256 7349 7416 7406 7479 7722 7978 8208 8419 8476 8305 8144 8135 8150 8143 8120 8084 8055 8055 8051 8057 8058 8058 8031 8009 8002 8010
8747 8723 8705 8685 8664 8628 8596 8562 8523 8493 8463 8442 8428 8424 8423 8411 8402 8394 8376 8348 8313 8281 8261 8245 8243 8244 8244 8246 8253 8264 8282 8289 8277 8304 8302 8275 8218 8116 7978 7819 7782 7778 7695 7581 7474 7368 7329 7336 7411 7479 7531 7527 7490 7460 7340 7185 7184 7258 7350 7410 7452 7571 7730 7934 8142 8315 8368 8261 8126 8138 8143 8134 8130 8075 8031 8033 8045 8055 8059 8053 8035 8011 7990 7995
8756 8736 8716 8700 8680 8653 8638 8615 8548 8489 8470 8456 8439 8420 8407 8400 8398 8398 8388 8361 8329 8302 8286 8271 8256 8245 8240 8251 8255 8261 8263 8296 8311 8322 8313 8265 8161 8015 7842 7706 7802 7789 7700 7597 7488 7363 7296 7339 7436 7527 7616 7651 7565 7570 7411 7230 7210 7253 7326 7379 7447 7660 7750 7916 8087 8226 8289 8224 8145 8152 8147 8137 8092 8066 8040 8040 8055 8067 8070 8059 8041 8014 7997 8008
8757 8742 8727 8710 8684 8663 8626 8561 8566 8538 8489 8460 8436 8416 8399 8397 8410 8432 8409 8378 8348 8316 8289 8286 8268 8244 8226 8216 8240 8267 8302 8334 8369 8356 8332 8266 8147 7976 7796 7704 7787 7779 7702 7606 7502 7364 7294 7332 7447 7552 7677 7831 7711 7609 7405 7238 7195 7244 7305 7362 7362 7616 7756 7911 8058 8160 8192 8194 8173 8131 8123 8118 8085 8064 8057 8056 8066 8081 8093 8093 8057 8019 7998 8004
8771 8758 8740 8719 8702 8674 8645 8650 8566 8516 8485 8460 8429 8415 8404 8402 8415 8432 8414 8391 8371 8347 8317 8302 8273 8242 8217 8202 8231 8274 8325 8340 8361 8373 8370 8322 8187 7999 7821 7742 7798 7749 7686 7605 7515 7395 7317 7351 7445 7522 7602 7653 7622 7527 7366 7239 7213 7255 7306 7370 7359 7552 7780 7925 8060 8150 8166 8193 8164 8111 8091 8090 8074 8062 8053 8053 8065 8084 8102 8110 8077 8034 8007 8026
8770 8759 8749 8733 8705 8679 8653 8602 8562 8513 8487 8462 8446 8425 8416 8414 8406 8404 8409 8402 8398 8388 8366 8320 8268 8246 8227 8224 8239 8274 8321 8335 8344 8385 8414 8430 8249 8045 7874 7806 7768 7731 7679 7611 7537 7456 7407 7410 7451 7474 7482 7476 7487 7423 7318 7292 7297 7303 7321 7379 7450 7575 7761 7988 8124 8202 8289 8232 8148 8108 8080 8071 8059 8058 8059 8061 8051 8045 8078 8100 8096 8087 8068 8062
8783 8774 8763 8745 8716 8693 8665 8634 8567 8527 8495 8471 8444 8431 8425 8420 8411 8409 8413 8411 8418 8423 8421 8367 8297 8278 8257 8240 8258 8279 8309 8356 8365 8397 8420 8391 8267 8083 7890 7787 7772 7736 7685 7630 7577 7524 7490 7474 7464 7444 7410 7390 7404 7375 7312 7366 7370 7386 7402 7428 7606 7761 7975 8173 8237 8237 8186 8167 8158 8119 8079 8057 8051 8053 8062 8071 8039 8027 8051 8083 8108 8127 8118 8084
8788 8780 8774 8769 8762 8730 8671 8604 8550 8528 8509 8484 8459 8446 8439 8429 8428 8425 8424 8425 8427 8439 8457 8426 8373 8339 8310 8291 8289 8295 8314 8347 8371 8397 8410 8380 8304 8158 7951 7826 7792 7731 7693 7648 7605 7564 7537 7500 7466 7427 7397 7356 7378 7415 7451 7466 7489 7484 7478 7500 7707 7897 8163 8386 8363 8280 8181 8191 8208 8147 8096 8058 8051 8047 8041 8024 8027 8033 8059 8088 8113 8130 8119 8089
8795 8789 8785 8782 8778 8746 8677 8606 8567 8548 8527 8506 8487 8472 8462 8450 8446 8444 8439 8435 8433 8434 8448 8453 8422 8384 8363 8343 8321 8309 8311 8323 8355 8389 8419 8435 8383 8279 8142 7918 7788 7743 7709 7680 7645 7592 7541 7500 7454 7420 7385 7366 7447 7511 7528 7480 7501 7547 7505 7570 7838 8050 8341 8573 8445 8316 8218 8199 8205 8156 8117 8091 8058 8048 8039 8035 8033 8044 8072 8094 8111 8122 8110 8083
8796 8791 8785 8781 8776 8747 8678 8612 8581 8564 8543 8525 8511 8499 8487 8485 8487 8464 8452 8445 8440 8433 8443 8442 8398 8391 8389 8368 8341 8329 8317 8301 8345 8376 8409 8429 8414 8380 8364 8092 7829 7804 7777 7747 7691 7625 7537 7438 7452 7427 7409 7405 7503 7555 7549 7492 7461 7597 7513 7715 7920 8117 8385 8527 8410 8304 8232 8207 8188 8150 8107 8077 8062 8054 8049 8048 8049 8053 8063 8085 8101 8108 8094 8071
8796 8789 8779 8767 8752 8722 8664 8614 8593 8570 8549 8532 8524 8518 8496 8485 8472 8465 8458 8453 8446 8438 8424 8402 8381 8387 8423 8384 8335 8307 8308 8346 8345 8359 8386 8394 8385 8394 8366 8341 8066 7964 7898 7835 7758 7680 7614 7584 7509 7456 7411 7414 7423 7502 7572 7610 7702 7663 7697 7771 7864 8147 8416 8297 8293 8253 8203 8162 8170 8143 8099 8093 8081 8061 8059 8066 8065 8066 8068 8080 8086 8094 8070 8049
8799 8789 8774 8752 8719 8669 8637 8607 8591 8564 8543 8527 8513 8499 8484 8473 8462 8460 8458 8454 8448 8435 8403 8367 8352 8344 8330 8341 8314 8258 8255 8294 8324 8342 8354 8368 8382 8377 8415 8459 8336 8165 8039 7932 7839 7752 7673 7604 7546 7496 7457 7428 7517 7625 7674 7707 7735 7730 7771 7802 7934 8189 8327 8238 8225 8212 8193 8192 8187 8149 8115 8098 8060 8063 8066 8069 8074 8084 8091 8086 8068 8044 8038 8017
8810 8794 8773 8747 8709 8651 8624 8582 8546 8538 8526 8513 8498 8479 8470 8458 8449 8452 8454 8455 8454 8439 8394 8320 8302 8280 8290 8318 8323 8299 8235 8273 8293 8303 8312 8321 8318 8297 8325 8417 8422 8274 8134 8017 7919 7824 7721 7615 7568 7561 7540 7576 7652 7758 7787 7790 7778 7813 7854 7902 8179 8269 8296 8234 8209 8193 8187 8228 8210 8153 8105 8082 8069 8066 8071 8077 8086 8097 8125 8102 8067 8036 8022 8003
8820 8800 8778 8753 8728 8706 8639 8553 8506 8508 8506 8501 8493 8479 8468 8453 8447 8448 8451 8454 8457 8453 8425 8408 8333 8299 8327 8333 8342 8332 8237 8246 8273 8277 8279 8256 8210 8204 8221 8326 8342 8279 8180 8086 7998 7910 7813 7716 7676 7684 7689 7704 7750 7794 7862 7893 7929 8014 7956 8201 8390 8345 8287 8238 8214 8190 8176 8186 8187 8143 8092 8070 8070 8073 8079 8087 8095 8107 8137 8113 8076 8045 8024 8011
8826 8805 8782 8758 8737 8712 8641 8551 8502 8488 8490 8491 8492 8496 8471 8445 8438 8443 8448 8451 8453 8452 8434 8413 8363 8342 8369 8336 8323 8316 8277 8281 8278 8273 8257 8225 8189 8184 8187 8204 8261 8244 8184 8123 8067 8012 7957 7896 7892 7908 7852 7900 7926 7983 7999 7995 7974 7949 8100 8477 8449 8361 8295 8259 8214 8189 8181 8176 8162 8134 8103 8084 8081 8086 8093 8098 8104 8112 8128 8113 8084 8056 8034 8019
8828 8805 8781 8752 8725 8691 8627 8546 8499 8479 8478 8482 8488 8489 8468 8440 8437 8438 8441 8441 8435 8417 8415 8386 8355 8339 8320 8312 8284 8260 8276 8291 8284 8271 8250 8222 8191 8185 8180 8175 8195 8187 8153 8127 8113 8106 8116 8164 8225 8250 8262 8211 8218 8219 8156 8112 8076 8125 8329 8462 8382 8300 8256 8207 8164 8174 8179 8169 8151 8133 8116 8111 8114 8114 8110 8108 8111 8120 8122 8104 8083 8056 8033 8021
8832 8809 8778 8743 8706 8661 8604 8553 8504 8476 8470 8473 8481 8484 8463 8433 8433 8436 8435 8434 8430 8419 8405 8385 8347 8293 8295 8305 8297 8281 8277 8287 8276 8259 8242 8228 8221 8221 8231 8208 8152 8119 8131 8136 8146 8171 8226 8340 8463 8470 8509 8385 8372 8343 8263 8213 8226 8327 8352 8206 8195 8212 8199 8161 8148 8166 8186 8175 8152 8138 8132 8149 8150 8142 8122 8108 8084 8092 8089 8078 8068 8044 8029 8015
8844 8806 8765 8726 8682 8634 8576 8517 8487 8462 8452 8457 8465 8473 8459 8440 8441 8430 8420 8420 8431 8425 8403 8378 8345 8322 8315 8324 8341 8324 8301 8279 8268 8256 8243 8235 8243 8267 8280 8236 8166 8146 8137 8138 8152 8186 8247 8339 8407 8412 8445 8500 8475 8405 8307 8258 8247 8275 8256 8168 8147 8166 8164 8152 8147 8155 8195 8179 8168 8146 8128 8153 8158 8145 8125 8107 8096 8098 8085 8058 8020 8018 8015 8017
8853 8810 8757 8707 8658 8609 8556 8504 8462 8431 8430 8432 8436 8447 8452 8420 8417 8401 8389 8388 8395 8398 8394 8393 8384 8340 8334 8340 8350 8337 8303 8287 8277 8257 8244 8233 8239 8268 8250 8212 8173 8151 8140 8149 8162 8188 8221 8253 8258 8257 8328 8334 8280 8277 8277 8260 8245 8252 8243 8201 8172 8170 8166 8158 8123 8138 8141 8172 8181 8171 8159 8169 8163 8140 8120 8105 8095 8086 8069 8041 8003 8011 8012 8008
8849 8798 8745 8689 8635 8588 8561 8514 8462 8426 8416 8406 8399 8396 8395 8394 8362 8346 8346 8347 8343 8352 8368 8386 8402 8386 8350 8350 8349 8352 8330 8311 8290 8267 8243 8217 8190 8161 8163 8168 8154 8134 8141 8157 8178 8198 8203 8192 8155 8230 8219 8258 8197 8213 8240 8243 8235 8240 8263 8251 8214 8195 8184 8169 8145 8150 8173 8180 8193 8188 8180 8178 8156 8132 8114 8102 8088 8077 8046 8035 8056 8030 8017 8008
8850 8784 8722 8661 8603 8547 8497 8494 8460 8446 8402 8379 8359 8339 8326 8349 8322 8305 8306 8309 8316 8321 8331 8341 8339 8352 8355 8353 8375 8381 8374 8345 8316 8286 8252 8216 8173 8165 8165 8158 8150 8142 8144 8156 8170 8181 8185 8185 8199 8234 8227 8213 8259 8229 8235 8252 8265 8276 8233 8236 8230 8209 8189 8180 8149 8153 8172 8178 8179 8186 8176 8156 8134 8108 8108 8103 8095 8066 8024 8007 8049 8037 8023 8009
8824 8764 8705 8645 8582 8519 8459 8440 8428 8398 8375 8350 8321 8299 8292 8301 8288 8273 8274 8270 8263 8276 8288 8300 8313 8327 8317 8335 8356 8394 8406 8376 8342 8305 8275 8237 8194 8175 8174 8162 8155 8141 8144 8148 8155 8160 8168 8182 8213 8231 8220 8213 8210 8217 8226 8250 8289 8269 8272 8253 8237 8213 8188 8162 8133 8141 8155 8164 8180 8179 8165 8140 8119 8107 8104 8109 8116 8056 8021 8005 8028 8033 8024 8013
8811 8757 8697 8629 8560 8499 8450 8424 8406 8383 8361 8332 8299 8269 8260 8264 8269 8280 8253 8229 8222 8229 8246 8266 8292 8316 8316 8320 8344 8387 8414 8384 8355 8325 8297 8270 8243 8212 8172 8170 8162 8154 8146 8143 8145 8150 8157 8172 8186 8188 8178 8158 8170 8193 8213 8230 8239 8244 8242 8255 8223 8194 8171 8149 8145 8146 8141 8140 8133 8129 8129 8116 8104 8094 8098 8110 8116 8086 8043 8029 8041 8037 8026 8012
8817 8748 8675 8605 8542 8486 8441 8404 8394 8377 8354 8323 8288 8243 8190 8197 8232 8255 8220 8186 8170 8189 8210 8230 8255 8279 8272 8299 8323 8361 8387 8376 8353 8334 8319 8307 8303 8260 8214 8185 8168 8149 8142 8146 8148 8152 8150 8148 8144 8146 8145 8151 8159 8181 8200 8212 8220 8235 8247 8225 8203 8180 8158 8143 8153 8152 8133 8122 8109 8101 8100 8095 8087 8076 8082 8103 8115 8098 8059 8038 8047 8037 8022 8008
8847 8737 8657 8592 8534 8478 8425 8399 8388 8371 8348 8322 8291 8247 8188 8158 8179 8187 8171 8152 8146 8158 8178 8197 8216 8241 8267 8297 8309 8306 8354 8364 8359 8347 8333 8321 8307 8267 8224 8193 8175 8166 8161 8148 8140 8136 8130 8124 8107 8123 8122 8143 8165 8173 8184 8194 8200 8198 8216 8185 8177 8161 8146 8130 8123 8122 8117 8113 8104 8094 8087 8077 8068 8062 8075 8101 8110 8081 8046 8037 8046 8035 8018 8003
8766 8688 8625 8572 8521 8476 8443 8410 8382 8363 8341 8322 8307 8291 8259 8164 8155 8139 8136 8129 8129 8142 8158 8173 8190 8211 8225 8273 8299 8305 8335 8348 8355 8345 8332 8315 8290 8260 8214 8192 8178 8172 8164 8146 8133 8121 8119 8108 8099 8096 8096 8130 8154 8163 8171 8181 8154 8170 8165 8169 8165 8155 8141 8124 8116 8126 8120 8117 8110 8104 8087 8072 8059 8067 8085 8103 8102 8037 8030 8049 8048 8045 8036 8027
8643 8623 8589 8549 8510 8472 8437 8405 8374 8344 8320 8316 8316 8323 8305 8215 8175 8157 8147 8125 8125 8136 8145 8153 8171 8193 8220 8266 8287 8325 8335 8331 8344 8336 8322 8302 8274 8240 8201 8181 8171 8166 8159 8142 8126 8116 8109 8108 8121 8113 8103 8125 8149 8155 8155 8161 8201 8169 8143 8160 8174 8163 8149 8133 8123 8137 8140 8131 8117 8099 8092 8083 8074 8094 8116 8097 8077 8050 8045 8064 8052 8060 8063 8065
8633 8589 8557 8532 8500 8471 8446 8404 8369 8339 8320 8309 8306 8312 8296 8232 8192 8182 8159 8147 8141 8139 8138 8138 8143 8175 8238 8294 8187 8273 8304 8313 8329 8323 8311 8294 8272 8218 8184 8166 8156 8148 8135 8126 8118 8111 8110 8102 8087 8124 8154 8168 8157 8147 8134 8117 8137 8166 8124 8197 8182 8169 8157 8147 8143 8169 8165 8148 8131 8111 8107 8106 8105 8118 8114 8080 8037 8038 8048 8057 8064 8074 8087 8106
