real_craters/C125-300m.grd
DSAA
255 255
-38.0275 38.0275
-38.0275 38.0275
7130.3387242219 8854.461721112
[rows 90 to 119 of 255, columns 67 to 133 of 255]
8275.93 8264.93 8255.59 8248.73 8244.52 8245.57 8257.8 8255.4 8253.74 8259.72 8269.15 8279.59 8293.29 8304.75 8312.23 8288.87 8266.9 8246.29 8227.03 8237.99 8253.97 8268.28 8281.69 8293.36 8304.84 8314.9 8320.62 8326.73 8327.15 8325.8 8323.94 8320.43 8317.84 8317.5 8317.3 8319.76 8322.43 8326.81 8330.89 8339.51 8359.61 8381.39 8399.44 8408.28 8413.05 8419.85 8417.26 8399.29 8379.81 8359.36 8343.85 8324.31 8316.67 8303.64 8290.99 8282.24 8290.2 8289.93 8289.36 8293.64 8314.37 8321.33 8334.56 8348.98 8370.66 8383.7 8393.49
8271.75 8259.53 8249.69 8241.06 8234.53 8230.16 8230.49 8237.21 8243.63 8252.03 8262.28 8271.48 8281.44 8286.9 8286.36 8269.3 8251.35 8236.99 8226.06 8231.71 8247.18 8263.17 8277.52 8290.45 8304.72 8318.16 8329.72 8334.91 8333.49 8331.21 8327.96 8325.37 8320.83 8318.44 8320.3 8328.37 8336.64 8339.39 8346.72 8361.04 8384.08 8409.36 8433.21 8449.13 8460.94 8460.03 8443.79 8413.46 8388.58 8358.7 8333.93 8310.01 8292.18 8279.07 8265.56 8253.62 8257.04 8256.09 8254.46 8260.98 8271.04 8300.31 8320.41 8342.9 8376.57 8417.62 8472.18
8265.72 8254.27 8242.88 8232.65 8223.47 8213.25 8203.08 8218.22 8231.89 8243.43 8254.18 8261.81 8266.7 8263.01 8255.3 8245.95 8234.76 8227.95 8229.15 8232.33 8244.24 8259.17 8273.22 8288.78 8304.2 8319.4 8336.28 8341.25 8338.09 8337.4 8335.15 8330.85 8325.29 8320.5 8318.71 8324.96 8337.43 8345.71 8362.25 8383.1 8407.43 8434.72 8463.3 8485.95 8509.1 8500.86 8464.52 8416.01 8375.91 8335.15 8308.73 8283.41 8264.65 8239.79 8223.75 8224.23 8210.27 8210.35 8209.44 8218.63 8227.02 8257.4 8270.16 8297.98 8349.23 8405.3 8503.05
8258.82 8247.55 8236.9 8226.47 8215.98 8205.32 8198.89 8210.51 8224.22 8236.65 8247.17 8254.24 8257.67 8250.09 8239.71 8227.71 8210.78 8213.3 8218.33 8232.4 8245.1 8258.35 8271.91 8286.81 8300.93 8315.32 8328.47 8334.77 8338.9 8341.28 8341.85 8339.97 8334.46 8325.43 8313.9 8304.73 8317.11 8345.46 8373.67 8400.84 8424.7 8451.69 8481.63 8507.46 8535.02 8525.47 8470.13 8405.95 8349.18 8302.3 8271 8235.67 8227.43 8210 8198.91 8186.22 8181.14 8177.05 8175.25 8185.03 8185.68 8202.67 8221.86 8250.08 8294.73 8335.26 8386.99
8252.68 8241.6 8231.06 8221.52 8212.85 8205.98 8204.29 8210.22 8221.18 8232.46 8243.35 8251.09 8256.15 8254.03 8242.05 8225.71 8213.48 8219.08 8228.08 8238.07 8249.31 8260.21 8272.07 8284.66 8297.47 8309.41 8318.9 8327.61 8338.98 8348.11 8353.59 8355.81 8352.65 8342.82 8322.08 8296.04 8314.3 8354.68 8384.91 8410.74 8433.98 8455.89 8480.37 8504.87 8541.04 8533.12 8453.28 8373.64 8309 8258.02 8222.15 8189.46 8173.81 8152.44 8149.41 8136.04 8131.47 8124.94 8139.94 8145.22 8138.64 8150.8 8169.02 8193.58 8222.12 8248.95 8265.45
8246.17 8235.97 8227.07 8218.63 8210.65 8206.37 8207.46 8210.93 8220.12 8230.59 8241.74 8250.52 8257.65 8258.39 8246.81 8231.64 8224.15 8229.37 8241.31 8244.54 8252.56 8261.21 8271.99 8282.99 8293.2 8305.47 8318.49 8331.54 8342.42 8356.54 8368.44 8377.92 8381.95 8377.84 8361.82 8332.05 8356.19 8391.51 8406.92 8425.05 8439.11 8446.09 8453.45 8460.76 8487.08 8476.38 8385.55 8307.21 8246.07 8199.1 8160.85 8134.21 8108.42 8085.84 8079.58 8065.38 8070.67 8063.66 8074.63 8072.77 8074.99 8081.89 8104.52 8122.04 8145.78 8187.04 8229.05
8239.75 8231.52 8223.81 8216.29 8208.78 8201.13 8201.84 8209.96 8218.97 8230.3 8240.29 8251.13 8258.75 8260.13 8249.33 8234.03 8222.42 8230.19 8244.86 8246.55 8253.36 8259.98 8268.94 8279.96 8290.35 8302.07 8314.72 8329.48 8345.12 8366.03 8386.61 8405.21 8420.11 8430.33 8436.29 8438.56 8449.64 8464.49 8461.01 8457.55 8445.83 8425.72 8404.31 8377.47 8352.73 8312.67 8259.83 8211.58 8170.35 8131.75 8102.24 8076.09 8054.01 8039.56 8021.8 8019.67 8008.46 8015.46 8012.72 8008.5 8009.86 8007.34 8030.45 8039.23 8054.34 8094.51 8147.76
8233.69 8227.09 8220.98 8215.25 8209.53 8204.22 8204.72 8210.4 8218.18 8226.51 8238.32 8247.79 8257.91 8265.01 8249.64 8234.32 8223.45 8229.92 8242.35 8247.19 8253.27 8259.01 8268.73 8279.46 8289.54 8299.34 8309.4 8320.41 8345.21 8375.66 8405.37 8434.11 8461.89 8486.75 8510.58 8540.89 8540.38 8551.85 8552.84 8505.58 8449.09 8395.37 8342.14 8280.27 8213.49 8150.1 8118.62 8097.48 8080.82 8061.63 8039.83 8023.61 8006.57 7988.97 7976.53 7971.47 7961.64 7973.55 7964.24 7956.91 7950.66 7946.43 7941.3 7945.42 7947.4 7956.46 7988.19
8227.28 8223.09 8218.87 8215.34 8212.41 8211.74 8210.51 8212.6 8217.33 8223.62 8233.8 8241.36 8249.78 8253.47 8243.13 8231.76 8224.55 8229.92 8241.21 8246.98 8252.62 8258.07 8268.51 8279.33 8287.99 8298.36 8308.3 8319.27 8350.23 8387.49 8424.22 8462.07 8500.09 8536.49 8563.77 8574.36 8590.65 8604.27 8603.85 8519.6 8431.35 8352.33 8275.66 8193.71 8097.4 8011.16 7994.62 7998.22 7997.83 7990.72 7978.79 7966.88 7950.77 7934.11 7921.31 7910.59 7915.11 7897.98 7895.5 7887.45 7874.39 7867.7 7859.3 7847.46 7840.65 7821.58 7838.35
8221.66 8218.62 8215.61 8213.84 8213.38 8214.32 8212.9 8213.62 8216.17 8219.85 8226.01 8229.95 8234.31 8236.76 8230.38 8225.46 8224.35 8234.13 8241.34 8245.35 8250.62 8256.63 8263.62 8274.28 8284.41 8298.67 8314.96 8336.74 8365.89 8400.27 8439.39 8484.05 8531.7 8578.17 8614.35 8622.79 8606.02 8590.39 8562.19 8474.32 8383.17 8297.17 8212.3 8123 8022.24 7921.02 7912.92 7926.32 7930.56 7924.68 7915.69 7907.9 7894.49 7881.99 7864.34 7852.06 7845.32 7829.55 7815.06 7802.81 7791.46 7787.56 7776.18 7762.8 7761.14 7756 7781.57
8215.7 8213.43 8211.98 8211.25 8211.17 8212.57 8211.83 8213.03 8214.47 8216.17 8218.79 8218.34 8214.61 8212.45 8214.73 8215.28 8220.83 8231.69 8235.15 8239.95 8245.52 8252.36 8259.37 8267.76 8278.29 8295.59 8315.98 8347.76 8373.87 8402.29 8443.15 8492.65 8548.37 8605.58 8652.75 8645.02 8583.07 8512.31 8451.98 8386.52 8312.37 8234.26 8154.54 8074 7992.49 7922.77 7904.12 7889.15 7879.76 7863.52 7852.79 7834.89 7823.92 7810.47 7797.32 7783.97 7767.28 7756.19 7735.97 7721.27 7708.39 7704.19 7691.64 7688.09 7688.93 7711.09 7725.38
8209.15 8208.01 8207.16 8207.29 8207.14 8206.98 8208.62 8210.52 8211.33 8212.12 8212.96 8210.81 8207.24 8203.47 8201.87 8201.95 8203.89 8207.11 8221.81 8230.37 8237.38 8246.23 8253.86 8263.48 8273.84 8286.61 8302.56 8325.48 8349.95 8386.53 8432.85 8486.6 8544.13 8603.28 8659 8633.52 8530.93 8415.14 8332.97 8292.52 8234.89 8168.06 8098.78 8032.5 7977.26 7953.16 7917.87 7862.19 7832.45 7812.72 7794.85 7774.25 7757.7 7741.96 7731.34 7713.6 7699.88 7685.64 7673.58 7659.57 7644.24 7628.91 7626.95 7603.26 7592 7595.41 7597.87
8203.31 8202.46 8201.76 8202.59 8204.17 8205.21 8205.82 8207.48 8208.66 8209.43 8209.73 8206.92 8201.99 8197.47 8192.8 8188.57 8188.55 8203.61 8216.42 8222.39 8229.86 8237.87 8246.65 8256.41 8267.52 8275.78 8282.67 8287.74 8306.91 8357.93 8413.77 8468.69 8519.61 8562.02 8592.09 8555.4 8463.71 8355.68 8272.62 8219.6 8162.11 8101.26 8040.42 7983.85 7937.41 7895.87 7857.62 7819.1 7786.28 7762.17 7739.82 7723.03 7711.08 7697.1 7684.33 7677.11 7662.4 7640.26 7629.98 7612.93 7594.17 7585.78 7556.4 7523.11 7488.98 7457.92 7447.38
8196.99 8195.63 8194.81 8196.81 8200.18 8203.18 8202.02 8203.3 8205.11 8206.54 8207.32 8206.08 8201.77 8195.57 8187.52 8178.31 8172.84 8200.82 8213.4 8214.28 8222.38 8231.95 8244.56 8256.05 8265.41 8272.21 8273.24 8263.21 8269.35 8333.29 8395.9 8447.2 8484.87 8500.15 8486.88 8454.17 8391.21 8313.38 8230.3 8157.63 8093.86 8034.86 7979.35 7928.38 7885.94 7837.66 7798.7 7773.11 7743.29 7719.35 7700.9 7681.49 7664.73 7647.4 7632.59 7622.83 7604.41 7593.68 7576.77 7559.03 7557.82 7524.07 7494.75 7458.66 7420.24 7383.47 7391.12
8191.23 8188.67 8187.13 8187.86 8189.3 8192.3 8195.43 8199.41 8202.98 8206.17 8208.18 8207.96 8206.77 8198.01 8187.63 8175.1 8164.92 8182.03 8198.27 8204.62 8217.37 8230.04 8245.44 8259.28 8271.09 8279.94 8283.92 8276.96 8280.95 8340.78 8392.32 8431.89 8456.6 8454.84 8412.71 8376.45 8315.37 8245.35 8163.63 8088.58 8024.25 7967.93 7916.9 7870.67 7834.09 7796.81 7772.27 7732.55 7701.16 7678.54 7660.13 7641.8 7623.2 7604.95 7591.46 7576.11 7551.56 7537.18 7520.69 7521.82 7499.24 7477.45 7447.11 7418.01 7388.43 7358.77 7346.84
8186.47 8182.99 8179.36 8176.95 8179.54 8182.28 8187.49 8194.62 8200.99 8206.25 8210.18 8211.06 8206.65 8202.54 8192.92 8180.59 8164.34 8160 8172.15 8192.33 8212.8 8234.17 8251.91 8269.62 8284.36 8299.38 8312.03 8324.73 8354.02 8373.99 8399.77 8422.71 8437.72 8439.57 8408.38 8327.48 8235.34 8147.34 8073.8 8008.06 7948.6 7897.67 7852.01 7811.04 7773.34 7741.25 7705.21 7685.32 7658.38 7636.74 7617.29 7596.04 7579.19 7562.1 7536.11 7520.79 7504.31 7488.95 7494.71 7476.25 7454.79 7436.96 7412.59 7393.94 7379.21 7357.55 7343.09
8184.68 8179.26 8172.85 8165.45 8157.92 8167.77 8180.56 8191.05 8199.77 8206.5 8212.83 8217.68 8217.45 8211.41 8203.29 8194.66 8184.13 8160.59 8157.83 8185.97 8215.84 8242.86 8264.06 8285.59 8304.14 8323.91 8343.18 8360.98 8382.61 8398.19 8405.91 8411.35 8412.51 8410.64 8390.8 8263.54 8148.14 8049.41 7979.05 7920.71 7869.35 7825.23 7785.84 7750.7 7718.44 7693.19 7664.65 7641.97 7614.08 7592.56 7572.86 7553.48 7531.97 7517.29 7497.45 7473.58 7461.16 7446.89 7458.85 7440.78 7420.41 7403 7384.28 7370.41 7356.53 7343.27 7340.65
8185.77 8179.86 8171.92 8161.63 8150.54 8162.52 8177.14 8189.49 8199.56 8207.82 8216.34 8225.81 8229.4 8220.83 8213.9 8209.12 8202.44 8178.03 8167.8 8195.53 8228.65 8258.24 8282.92 8307.65 8328.4 8349.38 8370.33 8391.73 8411.02 8413.74 8404.15 8392.24 8372.05 8333.6 8264.51 8162.31 8045.63 7951.01 7883.98 7832.65 7790.37 7753.32 7720.32 7691.05 7666.2 7650.98 7630.64 7605.49 7572.68 7551.25 7532.06 7518.12 7496.12 7484.2 7463.39 7447.09 7429.73 7437.83 7421.65 7403.96 7388.52 7374.01 7355.39 7347.23 7336.51 7329.92 7338.5
8189.27 8185.12 8178.17 8169.69 8164.41 8170.34 8181.44 8192.13 8201.36 8209.6 8217.33 8225.18 8228.82 8225.28 8221 8218.31 8215.28 8202.65 8198.84 8220.96 8251.6 8280.14 8307.48 8332.95 8355.29 8375.24 8391.25 8406.12 8411.86 8407.03 8392.44 8370.16 8332.4 8267.59 8175.06 8061.91 7934.17 7836.94 7788.6 7750.43 7717.56 7687.62 7660.19 7635.37 7615.07 7604.57 7591.31 7564.24 7529.76 7511.77 7493.94 7479.07 7466.98 7453.41 7440.14 7418.86 7405.64 7402.55 7384.15 7369.99 7351.63 7342.57 7330.07 7331.32 7333.91 7326.52 7330.59
8196.3 8191.95 8188.52 8184.61 8180.74 8184.26 8189.45 8196.23 8203.15 8209.67 8216.64 8221.1 8225.29 8227.46 8226.53 8222.33 8222.93 8231.91 8244.47 8256.19 8278.23 8303.33 8329.79 8356.76 8380.52 8400.01 8411.74 8415.92 8401.63 8389.85 8379.69 8353.55 8306.46 8232.47 8123.03 7986.67 7844.84 7749.01 7710.78 7680.26 7653.92 7629.14 7605.54 7583.28 7563.77 7551.08 7527.27 7502.07 7484.18 7470.29 7457.6 7441.83 7431.99 7420.43 7407.47 7387.71 7389.45 7374.53 7346.69 7332.98 7316.11 7309.55 7302.88 7310.52 7319.96 7316.02 7315.36
8202.36 8200.71 8201.2 8204.04 8204.14 8198.82 8198.07 8200.4 8204.82 8210.11 8217.41 8223.26 8227.09 8230.7 8234.25 8239.86 8246.85 8257.11 8272.69 8283.49 8304.2 8326.64 8353.89 8380.41 8404.39 8424.32 8435.61 8434.2 8411.4 8391.6 8379.25 8349.15 8294.71 8213.81 8087.56 7936.17 7789.5 7696.8 7655.51 7625.25 7601.13 7578.77 7557.13 7535.7 7515.55 7503.89 7477.94 7455.09 7444.15 7429.43 7419.2 7405.51 7398.33 7388.19 7372.39 7360.07 7353.98 7339.48 7313.43 7299.77 7287.35 7278.2 7269.91 7275.45 7285.6 7285.01 7284.05
8208.84 8208.06 8210 8215.24 8215.13 8208.17 8203.96 8204.14 8206.18 8211.97 8217.95 8224.97 8229.25 8233.54 8239.77 8252.27 8263.55 8271.7 8283.3 8298.39 8322.36 8350.33 8378.99 8404.72 8430.87 8452.62 8466.83 8462.69 8445.02 8418.44 8399.13 8357.78 8291.66 8199.66 8059.04 7900.57 7755.49 7665.58 7619.69 7586.6 7562.12 7540.29 7519.11 7497.39 7476.72 7465.35 7460.49 7456.34 7407.99 7393.45 7386.57 7379.85 7372.53 7363.09 7353.8 7346.78 7333.48 7318.81 7296.03 7280.22 7262.24 7247.34 7231.79 7225.79 7227.12 7236.37 7239.58
8213.79 8212.65 8213.28 8215.43 8214.85 8211 8206.89 8205.92 8207.24 8210.97 8215.41 8226.1 8228.11 8233.22 8241.39 8248.51 8266.6 8279.66 8288.22 8305.02 8337.69 8370.74 8402.38 8431.82 8460.53 8486.17 8503.77 8511.69 8503.02 8475.01 8443.17 8378.11 8289.39 8180.46 8028.01 7869.3 7732 7645.27 7594.93 7560.72 7534.36 7511.95 7489.89 7470.05 7446.11 7427.66 7398.19 7356.8 7359.1 7358.62 7356.69 7354.3 7350.16 7343.17 7337.71 7333.02 7320.18 7305.17 7285.62 7266.94 7245.83 7222.67 7196.92 7176.11 7165.79 7179.82 7194.04
8217.21 8214.45 8213 8213.23 8212.31 8209.81 8208.07 8207.29 8207.36 8208.7 8207.68 8206.71 8220.88 8232.63 8246.52 8265.14 8279.33 8292.15 8295.72 8314 8355.52 8390.4 8422.47 8453.9 8484.79 8514.91 8542.81 8562.46 8578.07 8571.86 8507.45 8399.5 8277.53 8146.02 7988.32 7833.99 7706.84 7626.86 7578.74 7544.82 7517.83 7496.42 7472.66 7447.06 7421.07 7392.16 7361.45 7313.58 7329.56 7334.93 7335.65 7336.37 7335.22 7330.85 7335.54 7326.22 7314.14 7298.21 7280.47 7259.5 7233.48 7203.96 7175.1 7150.38 7132.72 7135.07 7164.52
8217.66 8213.69 8210.66 8209.67 8209.16 8208.45 8208.69 8208.6 8208.65 8209.39 8208.34 8210.19 8219.36 8231.61 8248.89 8275.15 8293.73 8312.36 8333.19 8359.13 8382.15 8407.93 8436.29 8466.65 8497.51 8530.49 8564.31 8596.88 8631.25 8653.2 8554.75 8402.12 8246.42 8093.26 7943.76 7797.53 7675.97 7614.76 7573.54 7540.1 7511.75 7487.68 7461.83 7435.04 7408.14 7381.95 7363.36 7355.87 7333.9 7322.64 7320.02 7321.31 7321.69 7319.05 7328.22 7320.66 7310.1 7297.86 7280.01 7257.92 7231.16 7198.8 7168.83 7144.68 7131.38 7135.31 7164.58
8218.72 8213.41 8208.46 8204.27 8206.47 8208.15 8209.5 8210.1 8211.25 8212.83 8214.52 8217.91 8222.61 8230.66 8242.34 8271.09 8300.76 8326.74 8359.54 8387.88 8396.7 8415.83 8440.23 8467.89 8498.11 8529.51 8562.55 8596.4 8628.61 8641.35 8538.29 8368.36 8195.06 8038.22 7904.35 7775.78 7671.52 7618.15 7578.3 7543.57 7511.88 7484.7 7456.32 7428.12 7400.78 7376.14 7360.37 7346.58 7325.72 7311.67 7308.22 7308.22 7309.88 7323.68 7320.42 7314.89 7306.62 7295.52 7279.7 7259.26 7235.17 7207.26 7174.26 7150.15 7152.04 7168.13 7185.82
8220.11 8214.45 8209.3 8206.06 8207.3 8210.38 8212.66 8214.5 8215.7 8217.75 8219.89 8223.01 8227.08 8232.78 8240.15 8271.15 8302.92 8327.77 8351.74 8367.28 8389.87 8412.07 8434.71 8459.13 8485.59 8512.69 8539.22 8562.86 8576.64 8560.61 8462.97 8300.92 8129.77 7986.64 7877.69 7777.72 7693.77 7639.46 7593.76 7554.1 7518.07 7485.9 7454.21 7425.58 7397 7371.33 7352.8 7325.43 7307.84 7302.4 7301.68 7300.26 7301.7 7318.03 7316.62 7313.44 7307.94 7299.96 7287.96 7271.27 7248.76 7222.9 7190.34 7165.24 7174.81 7194.56 7207.74
8223.76 8218.51 8212.81 8209.56 8212.5 8216.16 8219.25 8221.16 8222.36 8223.63 8224.26 8228.05 8234.05 8241.86 8253.6 8277.21 8302.53 8323.1 8343.72 8359.27 8379.63 8399.65 8419.49 8439.52 8459.4 8478.88 8496.15 8506.4 8501.31 8463.54 8367.35 8217.26 8058.13 7940.65 7863.03 7796.75 7731.87 7670.72 7619.44 7573.26 7532.11 7497.25 7462.32 7430.37 7399.74 7372.57 7349.63 7323.83 7304.56 7300.3 7299.47 7299.15 7302.55 7324.13 7325.6 7325.65 7323.72 7317.9 7309.71 7297.84 7278.7 7255.02 7223.03 7192.73 7200.67 7216.87 7228.09
8229.24 8224.96 8220.08 8217.83 8221.14 8224.6 8227.47 8229.71 8231.05 8231.37 8231.85 8236.46 8242.51 8252.07 8266.97 8275.9 8299.89 8318.67 8336.26 8350.99 8364.76 8380.66 8396.75 8411.94 8425.31 8435.75 8441.99 8438.79 8419.41 8372.44 8278.93 8134.65 7982.94 7897.54 7855.03 7818.61 7765.48 7703.15 7648.09 7596.3 7551.03 7514.85 7476.71 7441.08 7408.27 7379.69 7354.63 7336.07 7316.84 7303.89 7300.77 7301.05 7304.95 7335.7 7340.6 7344.39 7346.58 7343.81 7341.85 7336.42 7324.09 7306.69 7280.46 7248.01 7240.56 7247.72 7254.88
8235.2 8234.01 8232.53 8231.39 8232.9 8235.03 8237.61 8240.66 8242.71 8242.42 8239.71 8245.1 8251.74 8259.12 8267.59 8279.37 8299.57 8314.71 8325.67 8332.85 8345.74 8359.03 8370.75 8380 8383.85 8385.75 8380.75 8366.18 8338.12 8289.01 8203.14 8059.55 7923.89 7865.63 7850.41 7841.21 7794.29 7731.47 7673.94 7620.77 7570.31 7528.36 7487.05 7450.89 7415.57 7373.65 7356.08 7341.34 7324.04 7304.03 7301.03 7304.72 7309.25 7345.04 7353.48 7361.31 7368.14 7370.72 7375.42 7379.36 7376.55 7375.7 7363.64 7335.77 7301.88 7292.88 7291.65
