real_craters/C125-500m.grd
DSAA
153 153
-38.0275 38.0275
-38.0275 38.0275
7129.2764106553 8854.3704723838
[rows 90 to 119 of 153, columns 67 to 133 of 153]
7857.79 7792.41 7726.88 7659.99 7596.27 7560.6 7556.42 7541.46 7528.46 7543.65 7562.73 7608.04 7686.49 7785.42 7773.63 7770.89 7772.14 7751.03 7751.26 7798.91 7830.53 7845.99 7879.15 8079.83 8195.86 8263.39 8304.25 8301.49 8238.03 8216.7 8204.87 8195.58 8187.63 8196.11 8237.54 8220.88 8183.45 8148.09 8118.11 8098.58 8084.99 8075.52 8067.18 8065.97 8068.14 8071.92 8075.87 8081.02 8087.33 8095.26 8110.96 8112.61 8096.3 8075 8051.54 8035.96 8027.38 8016.29 8002.51 7987.93 7973.47 7967.93 7968.53 7977.46 8006.17 8106.88 8180.51
7908.07 7844.08 7775.34 7701.29 7621.39 7605 7613.63 7606.63 7591.7 7594.06 7640.93 7694.96 7726.53 7749.41 7809.25 7829.85 7841.51 7861.04 7898.38 7937.31 7925.14 7954.24 8044.75 8265.94 8308.66 8308.25 8287.28 8239.2 8230.52 8212.32 8198.89 8187.75 8180.77 8181.4 8222.93 8215.87 8180.28 8143.33 8107.28 8073.24 8071.25 8064.57 8063.19 8068.7 8072.88 8077.36 8082.65 8087.75 8094.58 8104.19 8128.66 8128.9 8106.26 8080.93 8054.8 8036.86 8025.8 8014.46 8004.66 7994.11 7989.16 7983.13 7980.63 7990.01 8028.76 8127.32 8195.13
7965.03 7904.56 7844.15 7780.74 7720.12 7696.59 7709.42 7703 7705.44 7724.81 7725.73 7753.15 7786.83 7821.89 7867.87 7894.67 7909.25 7930.52 7984.06 7989.04 7930.46 8093.87 8297.84 8399.65 8379.52 8346.15 8306.34 8271.52 8239.39 8222.3 8202.5 8188.09 8179.04 8172.76 8186.93 8189.1 8167.05 8136.18 8103.53 8077.05 8073 8071.56 8072.74 8075.13 8079.57 8084.07 8088.84 8094.7 8100.43 8108.96 8126.17 8129.76 8110.53 8086.92 8063.49 8044.35 8030.2 8018.4 8011.07 8005.34 8005.27 8001.06 7998.71 8010.44 8043.69 8171.26 8251.48
8018.26 7978.65 7934.36 7888.19 7829.45 7824.57 7854.93 7841.09 7799.32 7822.79 7844.91 7842.08 7907.75 7940.49 7965.08 7973.92 7973.6 7967.81 7954.23 7936.39 7998.25 8240.29 8503.01 8459.2 8402.81 8354.98 8312.86 8286.74 8270.07 8231.17 8201.84 8187.82 8181.73 8180.32 8176.75 8169.91 8153.78 8131.16 8107.26 8087.98 8081.99 8078.95 8078.27 8083.66 8088.59 8092.38 8095.5 8098.02 8105.61 8113.92 8125.48 8126.13 8111.02 8090.96 8071.04 8051.88 8037.17 8026.3 8019.33 8013.84 8017.99 8016.23 8018.71 8034.44 8063.26 8199.61 8285.71
8068.83 8050.94 8033.37 8023.32 8021.54 8037.84 8060.72 8061.51 8042.4 8035.64 8059.56 8082.66 8099.16 8099.52 8076.62 8058.82 8039.45 8011.94 7973.52 8008.42 8145.65 8377.06 8554.67 8467.69 8390.08 8332.78 8289.53 8245.18 8220.24 8195.65 8185.15 8181.52 8180.69 8179.68 8171.38 8161.16 8146.17 8129.47 8112.11 8096.89 8091.62 8092.75 8091.46 8097.5 8100.07 8101.67 8103.68 8109.26 8111.65 8113.09 8120.08 8121.91 8108.33 8091.91 8077.77 8057.76 8042.93 8028.36 8022.57 8024.11 8024.58 8029.68 8045.91 8069.37 8094.37 8199.8 8274.98
8118.33 8120 8132.23 8160.24 8209.56 8263.76 8275.8 8292.94 8297.77 8263.62 8237.85 8240.1 8248.51 8224.49 8180.81 8147.85 8124.24 8103.45 8096.67 8222.14 8321.39 8426.78 8401.53 8381.26 8320.79 8283.46 8256.54 8238.36 8187.15 8156.76 8165.7 8173.61 8178.43 8175.89 8166.73 8154.33 8143.32 8131.82 8122.27 8116.61 8116.64 8118.57 8122.24 8117.65 8113.5 8109.84 8108.47 8110.19 8113.93 8122.04 8122.19 8117.45 8099.98 8085.81 8073.92 8054.68 8037.99 8026.66 8020.52 8024.22 8034.1 8055.87 8080.39 8115.46 8153.44 8200.92 8192.21
8144.64 8169.6 8202.29 8258.58 8341.7 8415.42 8426.11 8457.25 8472.19 8407.23 8337.95 8331.29 8329.92 8305.57 8259 8216.92 8193.06 8198.1 8255.35 8350.84 8381.75 8371.83 8216.34 8218.92 8234.34 8228.08 8215.98 8195.13 8163.38 8148.58 8156.56 8169.65 8181.39 8183.55 8170.16 8156.22 8144.68 8135.42 8130.6 8134.27 8142.29 8143.39 8143.89 8135.58 8123.88 8114.92 8107.43 8103.39 8099.44 8103.29 8102 8085.24 8082.6 8073.69 8062.4 8046.29 8034.97 8026.24 8020.77 8022.15 8035.74 8061.55 8104.16 8158.71 8211.35 8137.42 8093.66
8161.29 8190.95 8233.08 8293.82 8380.26 8442.79 8458.76 8476.45 8503.4 8484.09 8462.14 8445.78 8459 8378.82 8311.14 8261.77 8234.03 8235.99 8270.86 8288.06 8299.31 8240.96 8167.5 8151.07 8172.1 8182.51 8180.16 8170.55 8157.23 8148.54 8152.96 8165.98 8184.1 8188.97 8175.04 8153.56 8149.31 8139.21 8133.2 8140.75 8157.2 8156.96 8156.75 8143.96 8129.53 8116.61 8104.98 8091.99 8089.04 8090.74 8087.99 8079.84 8065.86 8051.62 8042.66 8031.45 8023.67 8018.26 8014.05 8019.3 8026.96 8059.43 8110.06 8184.81 8258.14 8226.78 8086.52
8165.98 8193.25 8230.07 8282.11 8345.46 8386.15 8391.7 8395.83 8417.82 8457.09 8499.69 8468.29 8459.75 8376.96 8317.81 8277.18 8255.48 8246.43 8249.89 8282.81 8265.64 8209.79 8157.96 8147.6 8154.51 8165.28 8164.27 8154.63 8143.45 8145.26 8143.92 8155.45 8177.15 8189.23 8177.24 8172.44 8160.08 8145.67 8129.38 8137.55 8154.78 8159.54 8154.4 8143.8 8130.09 8116.93 8105.31 8097.38 8094.88 8096.17 8087.23 8077.9 8052.34 8023.14 8012.45 8015.62 8015.19 8014.18 8012.89 8017.25 8017.05 8033.63 8094.19 8182.62 8254.58 8224.55 8111.69
8173.65 8193.62 8219.65 8249.94 8281.78 8305.29 8290.09 8277.7 8355.94 8370.09 8333.56 8336.14 8305.44 8305.7 8291.38 8274.27 8262.89 8249.81 8245.36 8264.31 8266.01 8230.7 8178.92 8163.53 8163.15 8167.59 8164.55 8154.13 8128.11 8122.72 8130.62 8141.15 8142.39 8156.72 8173.15 8175.96 8173.23 8162.05 8145.99 8151.67 8162.91 8164.58 8155.87 8141.69 8126.78 8114.5 8103.89 8096.97 8093.17 8086.42 8078.23 8069.35 8041.41 8009.47 8002.4 8009.74 8010.76 8011.62 8009.04 8008.24 8012.29 8028.19 8083.39 8170.26 8232.22 8194.88 8101.38
8180.89 8194.54 8207.79 8216.36 8217.09 8183.49 8197.65 8202.03 8227.07 8297.12 8322.93 8246.1 8213.01 8239.72 8254.26 8254.26 8245.64 8238.61 8235.39 8224.77 8248.33 8238.33 8216.34 8197.35 8185.03 8179.2 8174.82 8172.61 8171.67 8130.92 8131.92 8142.77 8150.61 8162.12 8178.22 8193.59 8192.02 8181.93 8183.18 8177.07 8181.08 8170.68 8147.94 8129.13 8121.06 8111.37 8102.24 8093.2 8080.09 8077.39 8063.71 8044.6 8033.52 8024.72 8020.3 8018.34 8016.18 8010.67 8007.64 8005.8 8009.96 8028.11 8075.75 8154.4 8213.43 8178.22 8096.64
8186.48 8198.22 8200.9 8197.66 8190.71 8162.5 8192.33 8235.91 8214.89 8253.99 8259.5 8217.01 8193.31 8218.65 8233.49 8241.29 8243.16 8239.27 8225.01 8260.16 8261.11 8249.62 8248.31 8223.3 8206.07 8194.72 8186.97 8179.63 8166.65 8152.83 8147.04 8153.24 8170.77 8175.07 8182.29 8190.17 8190.69 8186.95 8179.86 8178.3 8174.02 8159.6 8142.36 8130.95 8117.08 8108.55 8100.67 8093.04 8082.05 8074.6 8051.73 8033.76 8035.76 8057.26 8045.78 8029.69 8019.15 8012.84 8008.17 8005.43 8010.38 8023.18 8063.88 8141.98 8204 8174.15 8103.57
8179.84 8185.2 8188.76 8188.15 8185.32 8189.9 8218.75 8250.42 8231.5 8227.25 8232.92 8248.47 8233.38 8223.98 8230.21 8239.75 8250.94 8256.45 8261.25 8272.98 8237.67 8227.61 8238.29 8232.26 8218.52 8202.13 8191.5 8182.74 8175.53 8162.26 8149.94 8156.39 8168.57 8175.59 8180.65 8183.87 8184.54 8185.94 8182.09 8171.09 8156.9 8141.99 8129.34 8112.86 8110.16 8106.65 8101.94 8097.12 8088.36 8067.51 8038.56 8016.23 8018.68 8052.36 8048.95 8035.9 8025.1 8015.55 8008.95 8006.38 8008.8 8019.35 8052.62 8134.03 8207.18 8180.31 8110.13
8171.09 8176.62 8177.73 8181.95 8188.7 8205.17 8221.32 8231.89 8229.47 8224.34 8227.14 8246.28 8238.23 8228.46 8231.33 8240.9 8255.92 8273.82 8278.73 8271.24 8263.53 8250.83 8248.23 8238.75 8223.55 8209.1 8195.03 8182.7 8172.22 8147.96 8137.04 8151.85 8169.72 8171.21 8174.74 8180.67 8187.15 8186.83 8180.21 8163.95 8147.75 8133.32 8119.06 8109.7 8106.45 8106.33 8105.62 8104.13 8082.31 8052.55 8027.85 8003.63 8000.37 8036.08 8040.3 8034.1 8025.59 8017.88 8011.24 8006.52 8008.34 8017.07 8046.26 8128 8192.68 8175.28 8120.43
8156.39 8160.44 8166.03 8173.92 8186.04 8209.37 8226.16 8229.43 8220.18 8209.43 8204.49 8201.43 8210.51 8216.12 8223.85 8237.78 8255.61 8281.32 8282.59 8266.66 8272.81 8257.94 8251.59 8239.92 8225.86 8209.6 8192.14 8175.07 8157.35 8138.82 8131.67 8140.94 8146.37 8157.31 8163.14 8171.59 8182.44 8173.76 8167.57 8150.94 8135 8120.74 8111.14 8105.43 8103.55 8105.62 8110.22 8117.29 8113.81 8055.27 8030.28 8010.63 8005.87 8020.51 8034 8033.93 8028.04 8019.04 8012.48 8007.68 8008.87 8019.6 8049.3 8131.79 8213.89 8181.68 8111.99
8148.82 8152.06 8157.31 8170.64 8179.84 8194.85 8200.52 8203.63 8192.27 8168.05 8166.99 8178.74 8187.09 8200.81 8213.6 8225.35 8238.56 8254.59 8262.13 8245.56 8241.65 8259.93 8252.16 8234.31 8212.89 8197.01 8180.74 8164.15 8148.07 8138.77 8144.8 8142.53 8141.12 8144.3 8145.88 8144.23 8136.22 8140.77 8139.72 8131.22 8119.8 8107.94 8101.92 8097.27 8097.82 8104.17 8111.92 8119.47 8120.86 8070.48 8045.42 8026.2 8019.43 8031.11 8037.87 8035.97 8029.93 8020.34 8013.22 8008.59 8010.89 8021.01 8047.64 8125.36 8198.08 8175.22 8111.08
8150.12 8151.47 8154.8 8159.18 8161.77 8166.56 8165.56 8164.5 8164.2 8158.91 8147.16 8140.91 8171.82 8192.26 8206.27 8213.51 8217.19 8206.46 8228.77 8237.2 8234.33 8262.25 8242.97 8219.77 8200.66 8185.08 8169.42 8155.84 8144.57 8140.24 8155.93 8149.51 8140.78 8135.02 8130.22 8123.01 8113.85 8114.31 8115.33 8112.2 8106.04 8099.27 8091.79 8087.27 8089.01 8097.89 8108.29 8114.17 8108.6 8090.28 8061.79 8042.15 8042.84 8054.79 8045.3 8037.76 8029.34 8020.94 8012.25 8007.8 8007.63 8018.4 8043.76 8118.82 8199.16 8165.97 8097.07
8149.67 8148.88 8149.3 8147.54 8143.52 8141.65 8143.5 8147.01 8142.92 8144 8154.68 8162.98 8170.68 8183.91 8195.88 8205.16 8212.39 8223.06 8235.95 8232.59 8249.3 8232.93 8218.07 8204.31 8190.23 8174.71 8160.45 8148.36 8141.86 8148.56 8166.95 8147.7 8135.36 8126.29 8119.22 8111.38 8102.25 8098.66 8098.61 8096.45 8091.74 8086.66 8078.67 8072.31 8075.09 8090.12 8104.09 8112.38 8113.3 8098.17 8069.53 8046.51 8036.37 8046.26 8044.48 8033.25 8021.8 8012.32 8004.23 8000.37 8002.56 8020.97 8047.78 8119.44 8194.59 8160.74 8088.69
8142.16 8138.96 8141.47 8133.51 8125.59 8116.77 8111.18 8129.14 8126.83 8130.66 8152.05 8167.72 8170.38 8176.36 8184.14 8193.42 8201.87 8212.71 8197.9 8206.5 8235.55 8200.37 8192.25 8184.7 8173.61 8162.91 8151.48 8140.92 8132.36 8129.89 8130.68 8124.06 8120.62 8118.26 8112.87 8106.23 8099.37 8092.97 8089.8 8085.68 8079.53 8072.05 8066.25 8061.98 8067.01 8086.3 8102.65 8109.53 8101.22 8096.58 8060.64 8042.65 8036.09 8047.07 8038.78 8033.58 8021.93 8011.51 7998.48 7994.41 7998.39 8022.94 8056.38 8135.58 8217.7 8159.35 8072.96
8131.06 8127.63 8121.11 8119.79 8113.73 8100.19 8089.14 8098.55 8109.5 8124 8139.74 8155.87 8164.63 8170.72 8176.54 8182.36 8185.12 8179.43 8198.29 8184.66 8188.42 8180.61 8174.2 8170.4 8163.04 8154.37 8145.38 8133.96 8122.49 8110.47 8122.58 8118.9 8115.75 8114.92 8111.66 8106.81 8100.81 8096.98 8089.41 8081.23 8072.4 8063.18 8058.92 8061.79 8069.45 8087.37 8104.16 8116.3 8098.1 8041.34 8033.02 8036.8 8040.04 8050.8 8044.36 8037.79 8029.26 8019.93 8011.72 8007.05 8005.75 8029.9 8061.63 8146.54 8233.87 8157.83 8065.64
8125.4 8118.95 8119.55 8111.32 8106.79 8102.16 8100.38 8103.03 8095.54 8106.03 8137.65 8151.66 8158.6 8163.4 8168.47 8174.76 8181.81 8164.47 8142.18 8172.34 8160.1 8170.03 8165.76 8165.75 8161.51 8156.27 8145.48 8133.47 8122.9 8116.63 8130 8122.74 8121.89 8121.05 8117.59 8112.19 8107.22 8101.64 8090.58 8080.85 8071.16 8061.7 8059.64 8071.03 8082.72 8096.73 8103.64 8103.95 8079.58 8033.72 8026.99 8037.5 8047.8 8050.25 8049.76 8046.28 8046.51 8040.11 8035.83 8031.84 8028.22 8039.57 8052.33 8122.28 8212.53 8150.01 8061.23
8123.83 8118.28 8114.63 8110.29 8108.95 8116.13 8127.76 8103.86 8098.02 8107.95 8131.11 8147.88 8154.55 8157.22 8159.8 8163.17 8175.55 8193.44 8173.35 8164.85 8145.61 8143.61 8159.62 8170.65 8168.55 8160.47 8150.21 8139.3 8128.69 8124.19 8129.89 8135.35 8135 8132.24 8126.38 8118.65 8109.42 8099.11 8092.07 8085.1 8077.57 8070.17 8072.01 8091.27 8113.56 8108.23 8099.09 8091.47 8069.78 8048.45 8041.23 8046.31 8050.82 8048.93 8053.87 8057.25 8058.92 8059.92 8058.12 8056.82 8053.29 8057.36 8046.59 8067.93 8219.53 8144.31 8055.8
8118.99 8113.37 8107.63 8106.98 8105.24 8111.37 8132.56 8115.92 8118.03 8129.11 8138.13 8148.8 8152.01 8149.7 8145.44 8140.64 8137.87 8169.31 8190.69 8164.12 8135.31 8161.81 8185.13 8180.69 8173.44 8164.24 8155.92 8146.09 8136.59 8128.87 8134.59 8150.1 8151.29 8145.36 8136.62 8126.41 8115.57 8101.44 8096.88 8093.82 8090.03 8086.34 8087.58 8105.4 8118.6 8107.69 8086.34 8065.48 8052.42 8045.62 8045.72 8050.55 8057.34 8060.23 8061.04 8066.54 8070.9 8076.13 8080.78 8085.07 8102.08 8099.73 8083.47 8092.02 8217.01 8128.01 8057.79
8112.19 8109.9 8108.32 8105.6 8100.93 8090.69 8108.64 8127.93 8152.1 8160.41 8171.27 8160.06 8152.71 8144.49 8134.96 8124.17 8112.85 8124.1 8156.23 8157.54 8117.99 8161.96 8195.5 8185.49 8176.53 8167.92 8160.54 8153.23 8147.72 8145 8153.85 8175.82 8170.26 8158.98 8147.29 8136.01 8124.2 8109.27 8108.01 8108.75 8107.98 8107.97 8110.81 8121.88 8121.72 8107.17 8073.63 8039.4 8033.53 8037.2 8044.78 8054.75 8061.56 8066.01 8068.87 8077.52 8088 8097.66 8110.3 8123.78 8142.36 8159.73 8168.58 8174.56 8127.71 8091.92 8063.99
8110.19 8110.12 8109.94 8110.05 8108 8109.94 8103.91 8135.49 8162.27 8174.85 8173.72 8166.29 8154.43 8140.29 8126.53 8115.26 8109.64 8112.29 8131.62 8131.27 8120.81 8142.14 8179.22 8177.43 8172.48 8168.07 8162.53 8160.81 8159.37 8162.38 8170.86 8190.64 8183.17 8169.49 8156.83 8146.21 8138.41 8129.62 8125.54 8126.33 8127.64 8130.81 8134.94 8141.22 8144.87 8118.74 8066.48 8020.75 8022.06 8028.36 8039.63 8052.67 8063.48 8065.07 8068.29 8081.2 8095.63 8114.6 8135.05 8157.49 8183.88 8213.02 8244.37 8240.74 8060.78 8070.97 8079.24
8106.14 8108.51 8110.44 8113.64 8115.92 8118.41 8129.68 8168.93 8193.55 8192.22 8183.99 8169.6 8152.44 8134.8 8119.22 8109.02 8106.83 8109.48 8147.07 8142.93 8133.82 8137.55 8147.28 8166.86 8171.45 8169.9 8166.14 8163.6 8165.69 8175.2 8194.12 8199.89 8183.08 8169.02 8160.45 8154.09 8146.37 8142.33 8145.7 8144.72 8142.15 8144.58 8156.74 8146.24 8131.25 8104.69 8065.42 8035.99 8023.16 8019.24 8020.98 8039.1 8050.89 8051.71 8061.93 8083.38 8105.6 8130.74 8154.58 8183.98 8213.56 8246.26 8274.01 8233.13 8063.23 8079.22 8095.09
8102.87 8105.02 8108.61 8117.14 8125.3 8130.99 8135.45 8166.6 8188.26 8198.19 8192.93 8168.93 8149.17 8131.31 8114.34 8100.79 8098.04 8112.14 8159.17 8154.91 8143.62 8154.48 8160.52 8168.68 8171.89 8170.49 8168.55 8165.33 8165.57 8168.4 8176.6 8167.09 8160.09 8158.15 8158.52 8162.07 8163.57 8176.37 8177.02 8158.72 8146.07 8139.12 8133.36 8117.34 8092.38 8064.82 8061.41 8048.54 8028.58 8015.81 8010.77 8022.3 8036.51 8045.9 8060.5 8081.53 8107.54 8138 8171.19 8200.21 8230.98 8267.97 8275.49 8234.15 8085.89 8094.45 8104.19
8104.72 8105.48 8111.31 8116.15 8125.84 8141.11 8135.45 8153.01 8165.47 8171.42 8172.35 8162.82 8147.12 8128.72 8110.8 8093.69 8079.33 8096.35 8134.35 8118.78 8134.87 8172.65 8179.58 8177.14 8173.81 8170.81 8167.48 8164.28 8158.94 8151.19 8139.2 8129.65 8132.03 8142.52 8150.86 8162.71 8186.33 8191.19 8180.53 8156.64 8138.13 8122.88 8101.33 8086.24 8077.98 8066.52 8058.54 8046.76 8031.12 8016.3 8006.62 8011.24 8023.34 8033.47 8048 8073.54 8106.62 8142.25 8179.34 8216.17 8245.78 8266.54 8260.55 8207.51 8092.43 8093.34 8099.17
8110.83 8109.6 8111.01 8113.05 8113.3 8110.2 8129.24 8148.14 8161.82 8166.61 8164.15 8156.73 8144.37 8129.38 8112.6 8095.77 8080.36 8091.28 8125.77 8119.79 8132.3 8175.68 8186.16 8178.73 8171.01 8165.93 8163.67 8159.33 8152.34 8141.3 8126.95 8124.84 8123.96 8131.26 8138.27 8144.25 8151.26 8156.99 8150.7 8135.96 8121.42 8107.73 8096.59 8088.47 8075.64 8073.96 8061.55 8050.27 8036.46 8021.39 8008.28 8002.95 8011.67 8014.31 8023.79 8059.98 8097.15 8134.42 8171.54 8203.56 8226.64 8242.47 8241.25 8197.3 8105.32 8100.94 8098.58
8116.67 8114.15 8113.86 8112.61 8117.24 8131.51 8143.19 8157.02 8172.43 8173.84 8166.07 8155.58 8144.75 8131.52 8118.68 8107.9 8101.03 8101.02 8092.87 8071.66 8117.05 8161.88 8174.71 8166.55 8159.84 8156.7 8154.24 8152.03 8148.32 8143.84 8135.34 8122.47 8122.32 8127.13 8128.44 8126.77 8120.6 8117.52 8105.59 8108.13 8101.81 8092.37 8081.04 8068.9 8065.62 8059.12 8058.64 8054.44 8046.73 8035.36 8018.92 8006.36 8012.3 8012.86 8022.43 8044.91 8076.24 8113.65 8147.43 8179.66 8203.87 8223.15 8223.34 8179.87 8104.11 8098.24 8097.52
