real_craters/C125-500m.grd
DSAA
153 153
-38.0275 38.0275
-38.0275 38.0275
7129.2764106553 8854.3704723838
[rows 120 to 149 of 153, columns 0 to 66 of 153]
8559.38 8514.74 8494.41 8473.94 8449.88 8425.56 8399.47 8372.04 8354.66 8367.67 8372.59 8370.42 8361.69 8349.48 8336.27 8323.63 8308.67 8292.2 8275.05 8252.45 8228.49 8208.39 8189.41 8167.5 8166.1 8172.65 8173.22 8171.21 8178.43 8183.38 8188.5 8192.97 8196.76 8199.14 8202.06 8207.06 8217.71 8232.67 8246.26 8243.5 8241.76 8243.2 8226.85 8234.02 8246.63 8253.1 8257.13 8253.36 8253.19 8251.81 8250.68 8248.83 8249.35 8249.95 8225.4 8200.75 8189.85 8182.73 8178.59 8164.63 8153.65 8149.45 8145.01 8141.59 8136.87 8135.11 8132.43
8575.24 8544.03 8504.4 8470.7 8443.78 8416.77 8391.24 8369.93 8358.85 8361.8 8364.06 8363.85 8357.59 8346.07 8334.1 8323.16 8311.11 8291.33 8272.88 8253.62 8230.84 8214.51 8201.73 8191.83 8190.36 8190.47 8190.05 8184.29 8194.56 8202.52 8205.93 8210.51 8215.89 8220.04 8223.03 8224.68 8230.84 8235.52 8232.79 8228.05 8225.94 8225.76 8192.9 8197.24 8218.01 8229.96 8236.92 8241.12 8241.13 8239.39 8237.87 8235.01 8232.61 8228.85 8211.06 8192.23 8180.21 8171.22 8161.92 8155.48 8152.15 8150.23 8153.06 8154.65 8156.33 8154.02 8146.41
8565.95 8540.68 8504.48 8474.4 8445.32 8415.73 8389.49 8370.57 8363.41 8358.9 8356.63 8353.61 8346.33 8338.17 8328.42 8318.22 8304.72 8286.78 8268.93 8252.34 8235.8 8223.06 8216.92 8218.88 8220.07 8214.47 8218.6 8227.87 8222.68 8222.89 8224.07 8227.49 8232.81 8238.98 8245.33 8248.03 8245.65 8240.9 8234.4 8228.39 8221.55 8210.69 8202.38 8200.72 8209.52 8220.16 8226.51 8229.94 8230.86 8229.57 8225.34 8218.36 8209.77 8204.29 8189.86 8178.37 8171.86 8161.39 8145.12 8149.3 8152.09 8155.14 8158.69 8165.37 8179.18 8174.88 8155.79
8565.74 8545.81 8510.59 8480.16 8445.92 8414.08 8387.19 8369.58 8355.16 8353.18 8348.1 8342.83 8337.06 8326.58 8318.25 8309.74 8297.26 8279.94 8261.31 8247.08 8234.5 8229.47 8226.3 8222.88 8218.23 8230.54 8241.75 8258.02 8256.23 8243.27 8240.03 8242.17 8246.88 8254.78 8264.91 8270.33 8259.43 8247.09 8237.02 8223.8 8210.2 8203.86 8207.55 8210.03 8210.82 8215.15 8221.95 8226 8225.6 8223.9 8216.94 8206.1 8189.73 8176.12 8177.29 8175.16 8170.89 8165.69 8162.96 8159.78 8157.05 8156.65 8159.32 8163.77 8165.24 8160.2 8156.45
8557.12 8547.61 8522.64 8480.47 8441.57 8406.37 8378.23 8357.42 8350.67 8347.32 8340.15 8329.88 8318.59 8312.26 8309.07 8302.88 8298.06 8272.79 8250.14 8235.16 8234.3 8236.43 8238.74 8237.45 8238.99 8247.66 8254.22 8254.4 8249.91 8250.08 8250.55 8251.69 8255.72 8262.54 8271.74 8278.22 8264.24 8250.48 8233.36 8211.2 8206.7 8208.42 8213.77 8219.1 8218.52 8219.36 8222.87 8222.64 8220.45 8218.51 8214.17 8203.88 8187.95 8178.95 8180.27 8179.5 8175.33 8171.43 8172.15 8164.62 8157.17 8156.09 8157.92 8159.14 8154.29 8150.4 8158.88
8529.02 8504.18 8506.66 8464.8 8427.47 8394.83 8365.59 8349.91 8348.55 8344.16 8336.09 8322.21 8303.76 8307.94 8304.47 8293.58 8275.46 8260.39 8245.97 8232.15 8242.17 8252.83 8259.89 8263.71 8266.02 8269.64 8267.33 8258.26 8250.41 8253.57 8253.85 8255.07 8257.59 8261.5 8263.5 8263.98 8262.99 8254.35 8240.29 8221.43 8222.05 8225.3 8225.76 8230.73 8230.07 8230.05 8229.75 8227.45 8226.74 8225.06 8220.73 8214.99 8205.26 8201.43 8206.16 8196.88 8182.39 8169.35 8160.72 8151.71 8148.67 8152.47 8159.42 8165.44 8166.79 8167.2 8175.45
8495.6 8471.44 8457.11 8434.16 8408.73 8382.74 8359.75 8354.25 8349 8344.7 8339.17 8333.26 8332.42 8321.68 8312.04 8297.39 8273.46 8268.84 8267.01 8264.48 8267.99 8275.98 8283.3 8292.69 8301.64 8294.2 8281.76 8276.9 8265.42 8257.6 8254.54 8254.18 8254.64 8256.82 8262.98 8264.85 8263.65 8262.77 8259.54 8249.94 8249.69 8252.14 8248.73 8243.06 8239.48 8237.58 8236.96 8236.21 8234.59 8232.72 8231.58 8231.64 8236.44 8233.87 8230.46 8210.99 8186.84 8163.06 8139.8 8128.26 8137.35 8149.87 8164.27 8179.14 8193.17 8212.28 8201.36
8504.32 8490.52 8427.7 8408.98 8392.04 8372.95 8357.12 8346.81 8346.76 8346.22 8344.75 8342.52 8336.96 8333.93 8329.44 8321.03 8312.56 8313.56 8312.77 8299.27 8299.15 8298.82 8302.27 8311.44 8327.59 8306.95 8281.5 8266.66 8266.01 8253.82 8250.94 8251.85 8252.66 8251.94 8248.79 8255.74 8264.04 8271.05 8280 8284.61 8277.87 8276.06 8266.46 8256.58 8250.6 8246.36 8243.37 8241.32 8239.12 8238.44 8239.14 8241.71 8245.82 8245.84 8240.92 8215.95 8188.25 8159.92 8132.92 8117.92 8132.32 8152.17 8172.78 8191.68 8210.03 8226 8219.96
8531.16 8468.78 8412.56 8396 8379.71 8364.41 8349.86 8339.76 8345.94 8350.55 8353.36 8354.76 8351.71 8352.42 8351.56 8349.25 8353.9 8361.08 8371.56 8348.74 8323.95 8314.63 8311.69 8312.52 8305.83 8292.1 8272.31 8246.52 8236.32 8239.88 8245.61 8249.3 8251.94 8251.77 8248.59 8254.62 8264.72 8274.54 8286.49 8295.02 8297.18 8304.86 8276.26 8267.34 8260.23 8253.97 8249.48 8244.95 8242.89 8242.12 8243.1 8245.03 8244.89 8240.67 8233.18 8212.2 8187.27 8160.15 8134.7 8118.73 8133.5 8158.61 8181.95 8202.19 8218.87 8228.79 8228.95
8516.74 8467.75 8423.83 8392.41 8373.1 8360.63 8348.91 8342.54 8349.94 8357.3 8363.38 8370.53 8381.25 8381.5 8371.74 8368.22 8369.57 8371.1 8365.95 8344.52 8329.45 8320.23 8315.59 8310.05 8300.98 8289.55 8271.77 8253.17 8233.94 8236.14 8243.24 8248.81 8254.24 8259.73 8262.73 8262.94 8265.7 8271.34 8277.57 8282.06 8295.74 8311.27 8287.29 8278.66 8269.31 8262.2 8255.23 8251.35 8248.52 8247.06 8246.11 8245.22 8243.75 8229.6 8215.48 8204.42 8187.19 8166.39 8145.19 8132.58 8145.21 8170.27 8191.28 8211.14 8228.59 8237.27 8242.25
8483.94 8462.89 8406.51 8380.69 8370.12 8363.86 8358.64 8355.58 8359.7 8366.01 8372.68 8380.02 8387.66 8388.26 8380.34 8375.54 8374.61 8370.87 8349.23 8331.16 8325.82 8320.91 8315.01 8310.33 8306.57 8294.77 8274.14 8258.68 8251.54 8248.51 8246.69 8249.15 8255.78 8265.95 8276.08 8267.61 8262.55 8263.35 8267.9 8271.62 8284.66 8302.81 8301.2 8286.35 8273.96 8265.19 8259.12 8254.44 8251.18 8249.34 8246.88 8241.91 8234.01 8225.12 8213.94 8204.61 8191.59 8177.53 8165.11 8152.28 8166.91 8183.59 8199.87 8219.56 8243.04 8268.2 8271.62
8453.77 8436.28 8390.31 8372.3 8369.6 8370.54 8373.69 8369.09 8369.97 8374.15 8378.52 8383.41 8384.75 8381.5 8379.08 8373.28 8367.31 8359.77 8338.62 8325.99 8320.86 8315.57 8311.61 8306.62 8298.4 8284.74 8274.2 8263.3 8259.93 8253.19 8246.33 8244.48 8249.23 8261.05 8271.76 8258.93 8250.18 8247.58 8254.61 8263.35 8271.45 8282.64 8289.06 8281.66 8270.1 8262.04 8256.95 8253.54 8251.02 8249.94 8248.42 8245.4 8237.78 8235.27 8226.53 8211.48 8198.34 8189.82 8189.85 8195.56 8200.59 8197.47 8201.3 8216.98 8243.25 8277.56 8283.38
8440.71 8438.9 8397.04 8376.11 8375.15 8378.12 8379.65 8380.84 8381.24 8383.45 8385.52 8387.89 8387.91 8384.31 8377.65 8365.95 8352.86 8345.3 8344.85 8326.46 8315.29 8309.55 8305.65 8301.73 8297.31 8290.93 8280.33 8267.75 8257.74 8250.07 8237.54 8231.81 8231.7 8235.68 8240.32 8236.01 8230.13 8224.94 8223.47 8235.56 8251.69 8260.63 8268.48 8265.21 8259.5 8255.18 8252.19 8249.88 8248.82 8248.76 8249.82 8253.56 8254.88 8250.52 8238.68 8218.74 8202.9 8191.28 8199.11 8233.24 8225.3 8191.05 8184.68 8197.63 8220.33 8244.02 8248.4
8439.66 8436.45 8412.48 8385.93 8386.18 8388.76 8391.2 8390.34 8389.4 8388.47 8389.48 8391.66 8392.93 8390.56 8376.88 8357.47 8336.28 8320.71 8319.17 8311.63 8305.36 8302.06 8300 8297.82 8294.19 8285.95 8275.55 8260.19 8243.88 8229.63 8220.12 8214.82 8210.47 8205.64 8205.39 8211.14 8211.45 8206.99 8196.26 8212.69 8226.08 8243.22 8242.4 8242.47 8245.77 8246.13 8245.67 8245.15 8244.9 8245.62 8247.51 8249.9 8254.3 8255.5 8242.92 8221.33 8192.83 8172.63 8165.72 8177.32 8164.9 8139.74 8145.16 8165.03 8186.89 8202.24 8204.39
8434.13 8422.25 8419.32 8404.08 8404.77 8402.88 8402.36 8396.38 8391.13 8391.56 8391.38 8391.79 8392.93 8393.71 8373.33 8348.16 8322.14 8295.55 8287.43 8292.76 8293.17 8292.69 8292.8 8291.67 8290.49 8285.03 8259.01 8244.43 8225.58 8204.91 8202.19 8199.56 8195.23 8189.46 8190.19 8197 8200.57 8200.91 8199.1 8206.84 8222.67 8231.22 8228.25 8229.13 8232.59 8234.25 8235.26 8236.28 8238.12 8239.73 8242.23 8246.66 8256.62 8263.18 8243.49 8214.66 8178.64 8142.37 8103.26 8056.4 8028.18 8055.75 8093.69 8129.51 8157.88 8180.26 8192.1
8455.32 8431.61 8439.38 8436.83 8421.73 8413.82 8398.16 8397.07 8393.17 8389.89 8390.33 8387.14 8384.57 8379.05 8361.04 8338.09 8313.94 8289 8277.8 8281.02 8283.14 8284.17 8283.8 8283.28 8283.4 8279.81 8269.41 8246.51 8221.47 8199.39 8193.63 8191.84 8188.29 8185.67 8186.11 8191.64 8197.47 8201.51 8204.07 8202.39 8204.39 8211.23 8217.02 8220.84 8220.25 8221.63 8223.6 8226.71 8229.37 8232.13 8234.73 8239 8250.85 8256.69 8236.82 8202.44 8163.25 8115.45 8054.48 7974.86 7925.41 7994.72 8060.35 8109.91 8150.21 8170.95 8185.6
8463.55 8442.48 8432.25 8439.05 8424.77 8411.48 8403.4 8396.38 8393.44 8390 8385.31 8380.34 8372.85 8359.52 8345.29 8330.41 8312.24 8294.37 8280.11 8273.81 8273.34 8273.47 8274.72 8274.18 8273.74 8270.27 8272.25 8251.09 8225.3 8202.73 8196.09 8193.17 8188 8182.67 8185.07 8190.48 8196.63 8202.62 8204.92 8201.05 8191.25 8195.47 8200.66 8205.49 8206.09 8208.18 8212.16 8215.94 8223.64 8224.41 8227.13 8228.79 8240.81 8243.2 8225.47 8196.49 8155.53 8108.96 8052.13 7981.88 7934.9 8001.7 8066.74 8113.08 8152.44 8174.74 8191.87
8460.68 8449.34 8443.9 8432.22 8429.05 8415.59 8398.68 8395.7 8391.46 8384.54 8377.89 8369.59 8361.92 8348.8 8336.8 8325.99 8310.38 8297.16 8275.28 8267.28 8264.86 8266.14 8266.61 8266.49 8267.94 8267.55 8269.14 8250.77 8231.9 8215.9 8207.97 8203.45 8195.81 8184.02 8189.17 8194.36 8199.32 8204.33 8207.24 8205.72 8192.22 8188.06 8183.78 8186.67 8195.81 8202.32 8207.78 8208.99 8213.61 8219.73 8222.35 8226.84 8233.69 8231.9 8214.83 8191.2 8158.11 8124.59 8089.98 8058.56 8039.82 8081.56 8111.45 8138.6 8168.34 8187.86 8205.46
8438.81 8419.24 8473.42 8468.89 8455.86 8435.54 8415.98 8402.77 8390.59 8378.91 8369.06 8359.29 8352.85 8347.55 8340.28 8323.67 8307.24 8288.03 8272.68 8261.4 8260.8 8261.34 8261.33 8260.73 8259.13 8255.92 8249.88 8243.88 8237.25 8231.4 8225.71 8218.2 8213.09 8208.01 8199.58 8196.12 8197.3 8202.22 8208.98 8213.29 8214.59 8170.87 8162.56 8175.24 8184.03 8188.54 8193.17 8197.97 8203.08 8210.18 8216.67 8221.48 8222.82 8218.57 8203.6 8186.99 8164.9 8146.78 8137.61 8150.38 8211.65 8182 8165.55 8176.17 8189.11 8204.63 8218.13
8477.24 8488.3 8485.17 8485.48 8478.51 8461.05 8433.38 8410.13 8390.08 8374.14 8360.53 8348.52 8339 8333.97 8329.54 8314.05 8306.08 8288.5 8254.51 8257.24 8258.84 8258.01 8256.11 8254.44 8251.81 8246.53 8233.14 8235.98 8239.24 8246.65 8242.42 8225.48 8221.58 8225.41 8203.92 8194.53 8191.09 8188.66 8199.35 8205.92 8139.71 8103.51 8142.6 8166.37 8175.12 8178.02 8181.25 8184.3 8189.65 8196.34 8207.9 8210.57 8200.04 8194.73 8189.47 8182.68 8175.85 8165.02 8168.92 8187.32 8211.64 8209.79 8195.76 8199.54 8206.55 8219.72 8236.91
8499.66 8501.72 8489.27 8478.26 8473.13 8463.94 8438.07 8409.61 8388.31 8370.47 8353.2 8336.32 8320.35 8302.71 8284.86 8294.4 8305.89 8304.82 8274.79 8269.32 8264.47 8259.44 8254.42 8249.98 8245.96 8243.08 8234.35 8231.51 8231.92 8235.83 8230.46 8210.91 8197.97 8192.33 8190.36 8186.03 8184.34 8190.01 8194.97 8205.16 8197.75 8158.27 8153.26 8162.83 8166.61 8167.41 8168.83 8170.84 8173.85 8177.39 8180.93 8179.12 8170.41 8171.72 8175.42 8177.2 8174.15 8174.36 8180.73 8192.68 8206.39 8209.02 8204.54 8209.29 8216.45 8228.68 8244.03
8509.56 8503.63 8491.74 8474.24 8457.3 8437.07 8423.73 8402.09 8380.81 8361.76 8342.77 8324 8304.92 8284.23 8270.77 8278.49 8293.64 8297.37 8305.38 8285.43 8270.19 8260.77 8252.81 8245.87 8239.17 8233.27 8232.65 8224.21 8218.68 8206.84 8189.08 8190.1 8178.01 8171.69 8178.06 8178.35 8175.59 8175.63 8182.77 8188.76 8192.15 8184.58 8171.45 8161.71 8158.51 8158.33 8158.14 8158.75 8158.46 8157.52 8154.56 8151.68 8149.81 8158.02 8165.81 8172.02 8173.33 8177.89 8183.02 8190.81 8192.87 8196.18 8205.57 8213.59 8221.35 8231.02 8243.33
8515 8511.28 8500.7 8482.52 8443.87 8426.56 8410.12 8391.25 8374.57 8354.91 8336.02 8315.7 8295.87 8276.75 8263.94 8266.85 8276.23 8283.92 8283.98 8278.5 8269.22 8260.07 8252.43 8244.44 8235.22 8223.72 8213.58 8215.32 8212.29 8202.42 8192.48 8187.74 8183.08 8177.76 8175.73 8173.72 8168.43 8160.4 8169.86 8178.96 8187.58 8193.57 8182.13 8165.45 8154.49 8152.05 8150.41 8148.47 8146.42 8144.4 8142.83 8144.66 8146.82 8155.97 8162.79 8170.18 8177.12 8181.45 8190.88 8193.99 8189.7 8191.01 8207.38 8215.94 8222.14 8226.74 8234.85
8508.36 8508.26 8497.26 8481.17 8440.67 8410.83 8397.96 8382.73 8365.99 8346.93 8327.69 8307.92 8289.25 8272.15 8259.64 8259.4 8266.03 8273.62 8275.21 8271.45 8264.25 8257.3 8250.81 8243.89 8236.52 8233.83 8223.59 8220.56 8217.31 8211.49 8204.89 8197.3 8190.36 8183.79 8179.06 8175.96 8171.82 8167.64 8165.03 8165.69 8180.83 8196.36 8186.21 8166.77 8153.45 8146.07 8141.2 8137.37 8134.34 8132.02 8136.01 8143.35 8157.08 8159.07 8164.58 8172.7 8180.95 8191.6 8192.89 8199.46 8204.14 8215.82 8216.86 8221.55 8224.93 8223.96 8211.97
8498.83 8499.88 8479.86 8445.35 8430.15 8408.79 8390.54 8373.75 8358.35 8343.26 8325.35 8307.69 8289.81 8272.9 8258.93 8255.78 8259.13 8262.72 8264.06 8262.84 8258.4 8255.37 8251.13 8245.96 8238.62 8230.3 8233.5 8232.35 8227.93 8223.5 8220.25 8208.55 8193.89 8188.85 8185.55 8182.6 8180.02 8174.81 8166.57 8155.94 8164.43 8184.71 8179.23 8162.14 8147.4 8137.65 8131.2 8126.88 8123.37 8120.11 8119.96 8135.77 8154.61 8157.58 8167.13 8176.8 8181.02 8190.22 8203.46 8209.45 8212.26 8218.61 8224.02 8229.77 8233.16 8233.1 8231.38
8482.11 8476.2 8455.33 8437.19 8418.91 8403.98 8385.36 8371.51 8355.18 8339.06 8320.15 8304.3 8289.51 8275.32 8263.46 8257.66 8255.18 8253.95 8250.84 8246.74 8250.8 8252.9 8252.65 8250.73 8247.33 8247.53 8248.8 8245.65 8236.94 8230.79 8226.46 8217.25 8208.97 8197.63 8191.59 8187.48 8185.07 8179.67 8169.84 8166.65 8156.42 8162.37 8159.2 8147.82 8140.59 8127.56 8121.21 8118.71 8117.27 8115.73 8113.52 8126.1 8137.78 8151.12 8165.33 8177.04 8189.14 8196.75 8202.65 8212.23 8219.01 8219.63 8230.46 8237.3 8241.84 8245.24 8250.17
8465.09 8446.26 8416.5 8404.56 8394.81 8388.29 8379.06 8363.84 8350.17 8337.81 8324.34 8307.5 8292.9 8279.52 8269.68 8263.36 8259.32 8252.09 8245.91 8241.92 8249.27 8253.75 8256.22 8258.1 8260.53 8260.01 8255.91 8249.73 8241.42 8232.63 8223.75 8216.65 8211.52 8203.08 8196.63 8190.97 8183.96 8174.51 8162.71 8149.2 8144.78 8142.65 8135.97 8125.61 8114.76 8111.1 8110.98 8112.14 8114.4 8118.74 8121.67 8118.41 8125.96 8145.35 8162.09 8175.57 8187.15 8198.33 8206.39 8215.13 8226.67 8234.83 8244.02 8247.21 8250.5 8253.71 8257.5
8458.89 8445.32 8423.93 8409.85 8404.37 8388.74 8375.05 8359.41 8347.22 8334.34 8321.35 8307.96 8295.49 8283.37 8270.83 8260.51 8256.04 8252.92 8251.61 8251.36 8254.68 8257.66 8261.48 8264.55 8266.46 8266.18 8260.93 8252.9 8243.67 8231.85 8220.38 8212.03 8206.14 8202.55 8198.1 8193.86 8184.54 8173.84 8158.22 8142.41 8134.8 8124.67 8113.06 8109.31 8097.08 8099.45 8104.23 8106.98 8110.34 8118.36 8127.9 8130.43 8135.25 8146.09 8157.31 8169.16 8181.7 8195.8 8208.44 8222.28 8236.79 8253.71 8259.72 8255.25 8256.82 8259.59 8263.87
8458.37 8455.28 8456.47 8441.13 8398.65 8380.31 8367.18 8354.1 8345.67 8334.11 8322.43 8310.85 8300.07 8288.9 8276.94 8265.99 8257.5 8256.86 8256.7 8258.9 8259.28 8262.46 8266.64 8270.39 8271.25 8270.33 8267.24 8260.25 8246.4 8230.91 8215.03 8203.66 8203 8204.36 8201.59 8197.85 8189.94 8178.22 8163.1 8143.51 8134.67 8127.72 8121.41 8114.14 8103.38 8101.69 8104.28 8103.71 8103.97 8107.04 8118.23 8139.21 8144.03 8147.67 8157.79 8170.08 8183.57 8196.92 8212.11 8227.34 8242.45 8257.74 8264.27 8261.3 8265.75 8269.55 8273.35
8454.04 8452.44 8453.37 8432.3 8404.47 8380.64 8362.05 8349.99 8339.02 8329.28 8319.4 8310.9 8301.81 8293.71 8286.36 8279.18 8270.15 8264.07 8261.22 8258.41 8262.19 8267.08 8271.66 8276.07 8279.87 8276.77 8271.36 8265.16 8248.32 8231.47 8215.07 8204.18 8203.54 8205 8205.67 8205.81 8203.07 8188.2 8175.49 8152.11 8140.06 8139.61 8143.01 8131.92 8123.32 8118.81 8111.84 8103.36 8096.19 8091.82 8099.86 8110.84 8129.04 8142.85 8155.83 8170.2 8184.61 8201.01 8215.04 8229.09 8242.38 8253.33 8261.04 8262.46 8266.97 8271.78 8275.59
