real_craters/C125-300m.grd
DSAA
255 255
-38.0275 38.0275
-38.0275 38.0275
7130.3387242219 8854.461721112
[rows 90 to 119 of 255, columns 0 to 66 of 255]
8645.06 8632.3 8619.35 8608.51 8598.35 8589.6 8578.88 8569.02 8565.73 8558.08 8550.94 8543.31 8535.24 8532.53 8532.36 8531.91 8531.02 8529.43 8528.36 8526.79 8525.76 8525 8524.92 8525.64 8527.66 8530.27 8520.07 8506.54 8492.85 8478.03 8463.83 8448.79 8437.52 8431.36 8425.53 8419.6 8413.33 8407.99 8402.35 8396.79 8391.61 8385.02 8379.06 8373.47 8366.2 8359.95 8350.96 8348.7 8348.55 8343.45 8334.46 8330.67 8322.82 8312.81 8304.62 8304.54 8309.77 8316.6 8322.84 8328.84 8334.44 8340.05 8335.22 8322.77 8310.11 8298.08 8287.03
8648.95 8635.01 8621.59 8610.28 8598.96 8587.48 8577.72 8570.62 8568.76 8562.09 8555.23 8548.58 8542.01 8539.24 8538.69 8538.23 8537.27 8536.05 8534.25 8532.13 8530.59 8529.43 8528.13 8527.87 8528.94 8529.72 8526.12 8522.24 8507.74 8487.44 8470.09 8454.46 8442.32 8433.71 8427.19 8421.08 8414.73 8409.21 8403.39 8397.69 8392.47 8385.88 8381.87 8378.55 8373.84 8369.17 8361.68 8362.32 8362.95 8360.99 8356.76 8349.23 8336.54 8323.64 8311.77 8310.9 8315.27 8320.74 8325.37 8329.2 8331.71 8330.74 8327.93 8318.98 8306.39 8294.41 8283.21
8652.91 8637.58 8623.87 8610.78 8599.21 8589.18 8580.06 8572.32 8571.6 8566.39 8560.65 8555.47 8551.11 8547.97 8546.72 8545.47 8544.1 8542.16 8539.59 8537.29 8534.27 8531.63 8529.12 8526.9 8525.42 8523.21 8521.82 8521.47 8509.73 8491.33 8474.41 8459.02 8445.71 8437.31 8430 8422.61 8416.09 8409.09 8403.74 8398.55 8392.82 8388.56 8385.47 8383.82 8382.23 8381.85 8379.08 8375.77 8376.78 8376.85 8380.32 8366.36 8348.99 8335.54 8325.58 8322.23 8322.32 8324.5 8326.73 8328.71 8329.49 8327.18 8322.9 8313.17 8301.43 8290.07 8277.33
8656.01 8640.71 8626.13 8611.87 8599.48 8589.89 8581.17 8573.61 8574.05 8570.87 8566.95 8563.24 8559.73 8556.84 8555.53 8553.74 8551.11 8547.61 8544.35 8540.67 8536.28 8532.48 8528.26 8524.14 8519.65 8514.29 8511.27 8511.01 8503.04 8489.55 8475.94 8463.72 8451.88 8442.44 8432.88 8424.02 8415.98 8408.08 8401.75 8396.67 8392.46 8389 8387.04 8387.93 8389.45 8393.55 8399.59 8396.53 8386.32 8381.3 8378.39 8367.53 8353.8 8343.83 8338.87 8334.65 8328.22 8325.97 8325.4 8326.8 8328.09 8325.89 8317.47 8306.85 8294.77 8282.76 8271.3
8658.99 8641.97 8626.75 8612.58 8599.14 8587.43 8577.46 8572.87 8575.78 8574.86 8574.1 8572.29 8569.64 8566.77 8565.67 8563.04 8558.84 8553.52 8549.1 8543.24 8537.1 8532.23 8526.29 8520.26 8514.04 8506.41 8500.84 8498.52 8493.69 8484.58 8474.92 8466.57 8460.11 8446.59 8434.71 8424.35 8415.63 8407.79 8400.07 8394.54 8390.05 8387.46 8386.61 8387.68 8391.23 8395.79 8399.62 8392.78 8383.59 8375.37 8367.25 8358.16 8350.37 8344.28 8340.98 8336.47 8328.41 8323.51 8320.57 8320.39 8322.83 8325.52 8310.01 8297.64 8285.95 8274.27 8263.36
8660.35 8644.39 8629 8613.99 8599.74 8585.51 8573.47 8572.6 8578.43 8580.46 8582.13 8582.94 8582.16 8580.52 8578.64 8574.28 8567.99 8561.07 8553.19 8545.43 8538.16 8530.72 8524.38 8516.86 8509.67 8501.97 8495.52 8491.11 8485.64 8478.26 8471.18 8464.46 8457.22 8446.69 8433.66 8422.57 8413.67 8406.22 8399.4 8392.91 8388.32 8384.52 8383.57 8383.99 8386.52 8390.39 8389.02 8379.74 8372.86 8364.14 8354.16 8345.73 8342.1 8338.07 8334.64 8330.36 8321.65 8315.23 8310.97 8307.99 8306.05 8303.18 8294.93 8285.16 8275.37 8265.49 8255.77
8663.33 8647.29 8632.2 8616.85 8602.14 8588.12 8577.2 8576.2 8582.97 8587 8590.78 8594.29 8596.86 8598.03 8593.49 8585.68 8576.69 8567.54 8558.22 8548.8 8539.93 8530.83 8522.32 8513.64 8506.15 8499.07 8493.46 8486.06 8479.2 8472.37 8464.65 8457.68 8455.13 8441.37 8427.58 8418.26 8410.79 8404.26 8397.79 8391.8 8386.28 8381.86 8378.35 8376.24 8377.26 8379.48 8378.97 8367.42 8358.76 8351.19 8343.6 8336.88 8333.12 8327.7 8322.09 8316.18 8309.83 8303.81 8298.35 8292.62 8286.4 8282.49 8277.76 8271.17 8263.7 8255.81 8247.66
8667.18 8651.43 8635.71 8620.59 8606.65 8594.29 8585.5 8582.87 8584.78 8592.7 8598.59 8604.17 8609.96 8614.08 8607.31 8595.38 8582.93 8571.58 8561.24 8550.34 8540.13 8529.36 8519.2 8509.62 8501.64 8495.13 8491.19 8482.99 8473.01 8465.88 8457.01 8445.23 8431.44 8420.97 8417.88 8414.13 8408.94 8403.02 8396.75 8390.1 8383.44 8376.46 8370.39 8365.94 8362.57 8361.08 8355.52 8346.89 8340.73 8336.02 8333.22 8332.1 8322.83 8315.09 8307.17 8297.94 8294.88 8291.6 8285.83 8278.17 8268.41 8264.55 8263.24 8258.37 8252.93 8245.92 8240.51
8669.82 8654.16 8640.41 8625.54 8612.18 8600.36 8592.19 8588.94 8590.4 8598.12 8604.61 8611.09 8617.83 8623.96 8615.47 8600.53 8586.67 8573.98 8561.56 8549.9 8538.06 8527.13 8516.03 8505.5 8495.45 8487.32 8481.86 8472.46 8465.74 8459.99 8450.92 8436.93 8417.14 8406.85 8411.68 8410.71 8407.06 8401.66 8394.49 8386.95 8378.73 8370.49 8362.14 8353.12 8344.48 8335.54 8329.43 8323.09 8319.71 8317.43 8316.23 8313.74 8308.05 8300.73 8294.17 8287.36 8284.6 8281.55 8275.54 8267.95 8257.52 8253.77 8251.93 8246.86 8242.3 8237.14 8231.98
8670.82 8657.9 8644.8 8630.72 8618.1 8606.28 8597.24 8593.48 8594.93 8602.3 8608.3 8613.17 8617.42 8619.17 8611.36 8599.45 8586.51 8573.81 8560.9 8547.91 8535.75 8524.43 8512.65 8501.36 8490.46 8478.07 8463.87 8461.11 8460.29 8457.08 8449.57 8438.93 8426.94 8420.08 8416.58 8412.49 8406.21 8398.96 8390.7 8382.05 8372.75 8362.79 8352.34 8340.8 8328.67 8310.64 8295.08 8298.5 8298.61 8296.62 8294.91 8296.58 8288.09 8284.15 8283.21 8281.59 8279.91 8274.25 8266.73 8260.33 8258.06 8248.76 8242.89 8237.21 8233.07 8229.06 8225.47
8675.13 8661.04 8648.42 8635.44 8623.68 8612.46 8602.47 8597.77 8599.35 8606.78 8610.52 8613.31 8613.64 8608.83 8602.46 8595.34 8583.49 8571.11 8558 8545.59 8533.27 8521.74 8509.96 8498.55 8487.99 8476.01 8464.25 8462.5 8461.02 8457.94 8451.74 8445.38 8440.02 8436.67 8425.93 8416.42 8407.78 8398.81 8389.02 8379.08 8368.31 8357.19 8345.03 8331.98 8318.93 8303.88 8291.04 8284.93 8281.33 8276.14 8269.3 8260.5 8259.77 8264.67 8271.84 8281.49 8279.26 8266.34 8256.22 8249.25 8241.08 8237.95 8232.47 8228.1 8224.72 8221.44 8218.43
8680.14 8666.58 8653.75 8641.47 8630.13 8619.78 8611.12 8606.17 8604.55 8609.79 8611.41 8612.53 8612.13 8610.13 8605.34 8592.71 8579.19 8566.72 8553.95 8542.36 8530.36 8518.76 8507.85 8497.19 8487.98 8480.16 8478.75 8475.06 8466.23 8460.94 8454.86 8449.67 8445.99 8445.9 8430.12 8418.68 8408.86 8398.14 8387.9 8376.73 8364.55 8352.56 8339.61 8325.57 8312.96 8298.8 8284.13 8277.17 8269.36 8260.27 8248.92 8235.4 8235.53 8245.14 8255.44 8267.12 8266.23 8251.52 8241.41 8235.41 8234.7 8226.23 8222.41 8219.23 8216.6 8213.94 8211.26
8685.06 8672.11 8659.63 8647.87 8637.17 8627.18 8619.42 8613.82 8609.15 8612.4 8611.99 8610.88 8609.15 8608.48 8602.89 8586.49 8572.93 8560.46 8548.4 8537.11 8525.71 8515.66 8505.4 8495.33 8487.27 8481.51 8480.57 8478.14 8468.66 8462.48 8456.42 8450.43 8443.45 8433.44 8426.34 8418.76 8409.78 8398.86 8387.57 8375.43 8363.09 8349.89 8336.22 8321.64 8308.94 8294.85 8286.76 8273.57 8262.2 8250.71 8238.18 8225.51 8223.16 8230.1 8235.89 8237.68 8233.55 8229.31 8223.71 8216.3 8210.07 8212.52 8211.5 8210.21 8208.73 8206.58 8204.94
8692.08 8679.12 8666.04 8655.48 8644.63 8634.49 8624.49 8615.22 8612.01 8614.74 8612.48 8608.41 8602.61 8594.81 8583.32 8573.82 8563.87 8553.28 8542.27 8531.38 8520.69 8511.37 8501.56 8493.27 8485.65 8478.67 8473.96 8473.42 8466.21 8461.57 8456.68 8451 8442.8 8427.88 8426.22 8421 8411.47 8399.84 8387.26 8374.2 8360.43 8346.97 8333.33 8319.69 8307.4 8294.08 8283.22 8270.5 8258.28 8246.45 8234.87 8224.96 8220.71 8221.5 8221.58 8215.21 8203.6 8211.71 8210.28 8204.17 8199.27 8202.23 8202.84 8202.76 8202.1 8200.71 8198.66
8696.36 8685.35 8674.84 8664.17 8653.15 8643.04 8631.72 8619.66 8617.55 8618.95 8613.94 8606.53 8596.82 8584.33 8569.64 8563.12 8555.41 8545.88 8535.56 8526.02 8516.64 8507.6 8498.49 8490.32 8483.11 8475.86 8469.4 8463.89 8461.42 8459.86 8456.77 8453.23 8449.27 8446.1 8438.49 8426.59 8413.9 8400.71 8386.97 8373.11 8358.71 8344.99 8331.65 8319 8308.78 8293.55 8279.49 8267.87 8256.42 8245.61 8235.48 8226.37 8220.33 8218.85 8217 8214.98 8219.09 8207.96 8202.9 8201.38 8199.15 8196.91 8196.4 8196.66 8196.47 8195.06 8193.34
8703.64 8691.3 8681.21 8672.22 8662.98 8653.71 8644.96 8637.59 8630.53 8622.98 8616.77 8606.05 8594.04 8581.1 8568.15 8559.05 8549.41 8539.52 8530.09 8521.14 8512.3 8504.06 8495.55 8487.45 8480.34 8472.75 8465.26 8458.87 8458.27 8457.99 8456.03 8454.84 8454.37 8456.07 8447.41 8431.07 8416.16 8401.56 8386.87 8372.32 8357.44 8343.2 8329.67 8317.34 8309.55 8297.62 8278.39 8266.2 8256.22 8247.01 8238.12 8230.98 8225.2 8221.18 8217.21 8214.18 8210.02 8202.02 8195.58 8191.66 8191.01 8191.84 8192.17 8192.98 8192.98 8191.85 8189.76
8709.33 8697.74 8688.51 8678.51 8670.56 8663.85 8658.44 8654.57 8643.87 8630.46 8619.85 8606.08 8592.48 8580.27 8570.6 8557.94 8544.77 8534.5 8525.4 8517.02 8508.87 8501.12 8493.05 8485.2 8477.72 8469.09 8463.72 8464.21 8457.37 8455.67 8454.59 8453.86 8453.64 8451.69 8443.83 8431.01 8416.44 8401.7 8386.87 8371.7 8356.62 8341.61 8327.04 8312.49 8299.65 8282.49 8272.16 8264.76 8257.28 8250.07 8242.47 8236.74 8233.66 8225.83 8219.45 8212.14 8202.07 8195.45 8189.6 8184.87 8185.29 8188.9 8191.09 8192.27 8191.81 8190.65 8188.11
8713.27 8703.14 8693.97 8684.62 8677.31 8670.56 8665.99 8661.55 8650.65 8634.62 8621.1 8604.94 8589.42 8575.4 8564.14 8550.03 8537.71 8528.75 8521.27 8513.77 8506.44 8498.74 8490.81 8483.13 8476.51 8470.52 8462.8 8456.03 8451.9 8452.09 8451.76 8451.3 8449.98 8447.43 8441.44 8428.3 8415.65 8401.53 8386.97 8371.81 8356.33 8340.73 8324.84 8307.87 8290.24 8276.56 8270.39 8265.95 8260.12 8254.02 8247.68 8241.19 8235.57 8230.07 8225.68 8218.5 8205.83 8199.52 8192.21 8179.73 8185.06 8191.08 8193.5 8194.38 8194.09 8192.26 8189.15
8715.62 8706.14 8697.12 8688.52 8681.27 8674.22 8668.78 8662.88 8651.91 8634.89 8620.02 8602.35 8584.65 8567.05 8548.76 8535.5 8528.99 8523.37 8517.39 8510.93 8503.35 8496.02 8488.25 8480.84 8474.31 8467.97 8459.31 8450.27 8446.39 8448.1 8448.72 8448.43 8446.06 8439.97 8429.76 8424.47 8414.34 8401.68 8387.54 8372.65 8357.04 8341.12 8324.56 8307.47 8291.87 8277.84 8274.59 8270.59 8266 8260.92 8255.27 8247.99 8238.2 8237.25 8238.11 8235.24 8230.42 8223.61 8210.92 8195.72 8197.69 8199.51 8200.61 8199.84 8199.17 8196.61 8193.3
8717.46 8707.92 8698.65 8690.23 8681.91 8674.48 8667.74 8660.01 8648.68 8632 8616.95 8598.96 8580.3 8560.92 8540.32 8526.5 8522.98 8519.2 8514.74 8508.8 8501.42 8494.25 8486.52 8479.01 8471.63 8463.65 8457.09 8449.09 8445.05 8446.75 8447.22 8446.62 8444.43 8438.79 8430.53 8425.05 8414.98 8402.53 8388.53 8374.02 8358.59 8342.83 8326.89 8311.62 8295.22 8292.39 8283.67 8278.6 8274.38 8270.26 8265.79 8261.24 8255.06 8255.72 8256.52 8256.48 8258.93 8255.49 8241.02 8227.55 8219.96 8214.91 8211.84 8208.49 8205.98 8202.58 8199.96
8719.21 8709.32 8698.58 8689.73 8680.9 8672.2 8663.45 8654.19 8642.61 8626.41 8612.25 8595.67 8578.22 8559.84 8541.08 8527.64 8523.31 8519.27 8513.93 8507.49 8500.59 8493.31 8485.68 8478.2 8470.63 8463.7 8457.49 8452.04 8448.24 8447.47 8447.31 8446.61 8445.15 8442.61 8439.94 8429.77 8417.54 8404.37 8390.4 8375.96 8361 8345.91 8331.19 8318.26 8311.48 8297.7 8291.54 8286.51 8282.67 8279.51 8277.09 8276.72 8282.69 8282 8273.59 8272.42 8274.85 8273.91 8267.35 8259.59 8241.98 8230.83 8224.07 8218.44 8213.81 8208.69 8204.89
8720.03 8710.2 8699.42 8688.57 8679.04 8668.67 8657.72 8645.8 8632.56 8618.5 8607.03 8592.89 8578.07 8562.93 8547.69 8535.47 8529.02 8523.14 8515.93 8508.6 8500.68 8493.42 8486.27 8478.55 8469.86 8461.76 8459.25 8455.55 8451.96 8449.3 8447.47 8446.17 8445.62 8444.84 8442.23 8433.34 8419.6 8405.88 8392.27 8378.66 8364.41 8349.73 8335.16 8321.67 8308.53 8303.44 8298.49 8294.64 8291.57 8289.09 8287.24 8286.19 8285.01 8281.79 8281.63 8281.03 8280.22 8277.37 8275.87 8269.45 8254.98 8242.52 8233.21 8225.64 8219.46 8215.12 8211.14
8720.98 8711.37 8700.74 8689.51 8678.26 8665.81 8652.12 8637.02 8621.34 8609.92 8602.02 8591.14 8579.54 8568.07 8557.19 8547 8538.73 8529.32 8519.62 8510.16 8501.66 8493.97 8487.12 8481.16 8475.06 8468.59 8462.86 8457.8 8453.51 8449.92 8447.45 8445.62 8444.43 8443.51 8444.43 8433.77 8419.04 8406.5 8394.44 8381.99 8368.83 8355.03 8340.59 8326.36 8315.64 8307.72 8305.54 8302.93 8300.15 8297.73 8295.68 8293.4 8289.31 8284.64 8287.01 8286.14 8283.63 8280.2 8274.38 8268.14 8260.02 8250.36 8240.88 8233.33 8226.62 8220.99 8216.86
8722.57 8712.18 8701.54 8689.48 8677.34 8663.68 8648.74 8631.76 8613.33 8604.2 8596.93 8590.26 8581.09 8573.15 8567.15 8562.77 8549.9 8534.85 8522.09 8511.27 8502.25 8494.3 8487.66 8482.88 8479.8 8472.81 8465.53 8458.76 8451.75 8449.57 8446.95 8444.21 8441.06 8437.14 8431.61 8423.3 8414.73 8406.1 8396.54 8386.05 8374.68 8362.46 8348.72 8332.37 8317.31 8315.41 8314.39 8312.11 8309.11 8306.12 8303.59 8301.52 8299.67 8298.92 8294.79 8290.66 8286.21 8284.03 8284.53 8275.26 8263.88 8254.79 8245.84 8239.01 8232.21 8226.1 8221.18
8724.57 8713.47 8702.35 8689.66 8677.43 8663.18 8648.32 8632.68 8618.01 8607.23 8597.08 8589.86 8581.33 8574.82 8570.81 8569.12 8554.04 8535.82 8521.6 8510.56 8501.44 8493.71 8487.24 8482.57 8474.44 8470.6 8466.1 8459.97 8454.43 8450.27 8446.58 8442.76 8438.31 8431.23 8420.45 8412.46 8411.21 8406.81 8399.93 8391.48 8382.02 8372.09 8361.57 8350.87 8339.93 8332.13 8326.94 8321.94 8317.21 8313.19 8309.76 8308.54 8307.96 8305.05 8301.68 8293.86 8285.33 8276.79 8274.68 8271.96 8264.46 8255.54 8247.48 8241.85 8234.81 8228.67 8223
8724.71 8713.38 8702.76 8689.85 8677.46 8663.19 8649.09 8635.05 8623.61 8610.33 8597.48 8589.41 8580.3 8572.28 8565.31 8558.75 8545.08 8530.36 8517.87 8507.28 8498.8 8491.71 8486.19 8482.43 8480 8471.36 8466.37 8460.73 8455.55 8450.75 8446.75 8442.6 8437.55 8430.51 8421.04 8413.83 8414.01 8410.58 8404.66 8397.52 8389.97 8382.44 8375.41 8370.22 8362.32 8349.73 8339.7 8331.36 8324.27 8318.49 8314.32 8312.33 8313.5 8317.6 8306.84 8294.18 8283.71 8274.46 8267.33 8267.16 8262.79 8256.25 8247.91 8243.81 8236.77 8230.7 8224.64
8726.04 8714.98 8703.81 8690.83 8678.28 8664 8649.78 8635.06 8620.92 8607.47 8595.74 8587.86 8578.19 8567.92 8556.54 8543.06 8530.73 8521.3 8511.99 8502.96 8495.24 8489.62 8484.12 8480.08 8474.71 8470.2 8465.72 8460.41 8455.23 8450.59 8446.57 8442.81 8438.87 8434.75 8430.97 8428.3 8423.06 8416.91 8410.44 8403.66 8397.31 8391.46 8386.04 8381.84 8373 8361.98 8350.51 8339.97 8330.64 8322.58 8315.94 8311.49 8310.05 8311.98 8300.85 8288.61 8281.05 8277.21 8273.18 8267.72 8262.49 8257.08 8250.66 8243.05 8239.13 8232.35 8226.77
8728.62 8717.25 8705.38 8692.31 8679.85 8665.61 8651.36 8635.34 8617.87 8602.57 8594.47 8587.61 8577.06 8564.81 8550.7 8534.93 8521.79 8513.53 8506.21 8499.91 8492.74 8486.5 8481.03 8477.03 8474.33 8469.31 8463.85 8458.99 8454.48 8450.18 8446.13 8442.49 8439.97 8438.85 8439.91 8441.57 8432.1 8423.19 8415.68 8409.14 8403.52 8398.8 8394.02 8389.66 8381.62 8370.6 8358.34 8346.1 8334.62 8323.7 8313.99 8304.97 8296.98 8288.5 8280.39 8276.14 8274.63 8275.27 8272.67 8268.52 8262.3 8257.16 8251.65 8244.92 8240.44 8234.21 8229.07
8733.28 8721.84 8709.87 8696.22 8683 8668.98 8654.88 8638.96 8621.27 8605.69 8598.31 8590.57 8579.02 8564.97 8548.85 8531.66 8517.38 8509.68 8503.64 8497.66 8490.5 8483.22 8476.53 8471.38 8469.63 8465.17 8460.08 8455.94 8453.48 8450.3 8443.83 8440.56 8439.19 8439.48 8441.99 8444.44 8435.21 8425.99 8418.59 8412.47 8407.63 8403.99 8400.81 8396.43 8388.79 8377.38 8363.49 8349.78 8336.21 8323.29 8310.14 8297.19 8283.09 8266.88 8258.57 8261.48 8265.17 8272.22 8273.95 8266.93 8259.99 8254.03 8248.53 8244.2 8240.55 8236.82 8233.25
8736.38 8725.24 8713.66 8701.29 8688.76 8674.57 8660.85 8646.77 8632.99 8620.42 8608.27 8597.85 8584.5 8569.26 8551.94 8533.24 8517.12 8509.82 8504.29 8497.36 8489.82 8481.03 8472.51 8463.98 8460.03 8458.06 8454.41 8450.32 8446.28 8441.63 8438.18 8436.25 8435.82 8436.25 8437.12 8436.52 8430.99 8424.31 8418.35 8413.09 8408.99 8406.01 8404.8 8406.22 8396.5 8381.51 8366.78 8351.87 8337.41 8322.88 8308.35 8292.06 8275.15 8258.27 8248.91 8250.29 8253.86 8259.39 8267.37 8260.6 8253.85 8250.46 8247.25 8244.62 8242.47 8238.84 8236.71
