real_craters/C125-300m.grd
DSAA
255 255
-38.0275 38.0275
-38.0275 38.0275
7130.3387242219 8854.461721112
[rows 0 to 29 of 255, columns 134 to 200 of 255]
8125.77 8121.77 8120.63 8126.41 8118.9 8110.91 8104.68 8096.02 8085.74 8072.72 8053.79 8025.79 8007.79 7996.35 7991.24 7988.76 7992.53 8003.01 8019.34 8038.58 8045.39 8046.74 8050.48 8056.19 8063.37 8077.96 8091.23 8100.43 8101.81 8091.38 8067.36 8037.75 8021.35 8011.52 8004.64 8010.38 8012.33 7995.28 7995.65 7995.81 8000.61 8008.84 8017.36 8027.28 8039.45 8052.17 8064.57 8078.34 8090.93 8105.2 8119.81 8136.33 8152.06 8164.78 8191.42 8215.87 8238.56 8260.19 8280.55 8296.01 8315.94 8343.36 8356.77 8365.33 8369.13 8370.22 8369.89
8108.75 8103.17 8098.01 8091.62 8088.87 8089.52 8088.81 8088.15 8087.55 8086.13 8084.08 8068.94 8026.6 8006.12 7995.93 7989.17 7989.21 7996.56 8008.01 8022.01 8032.39 8039.4 8045.83 8052.19 8059.26 8073.79 8087.01 8097.71 8104 8100.51 8075.41 8043.98 8022.2 8007.2 7994.65 7991.66 7982.33 7977.19 7983.08 7989.07 7996.09 8003.89 8012.01 8024.89 8038.27 8050.78 8063.63 8076.73 8091.13 8105.46 8118.92 8133.22 8152.75 8178.41 8190.73 8210.44 8231.23 8251.1 8268.89 8284.99 8303.63 8324.35 8340.44 8352.37 8360.12 8363.87 8365.06
8092.03 8083.51 8074.72 8063.95 8061 8064.41 8070.07 8078.45 8086.23 8093.82 8099.78 8084.22 8037.2 8018.84 8006.79 7993.65 7988.07 7992.47 7998.99 8005.27 8019.83 8031.75 8041.15 8050.07 8060.94 8070.89 8082.08 8092.18 8102.32 8112.97 8079.32 8039.88 8022.77 8006.63 7990.16 7975.24 7969.74 7970.54 7975.92 7983.7 7992.63 8003.35 8016 8027.5 8039.44 8051.58 8065.66 8078.23 8093.32 8106.62 8119.17 8131.46 8143.45 8159.96 8184.98 8206.97 8227.21 8246.13 8264.55 8287.42 8303.33 8318.16 8330.61 8343.64 8353.8 8360.98 8365.42
8076.27 8066.21 8055.46 8047.19 8044.42 8046.71 8055.76 8068.42 8080.36 8092.57 8101.35 8088.29 8055.55 8040.51 8028.03 8009.29 7995.06 7995.59 7999.82 8005.63 8016.89 8028.19 8038.08 8047.3 8056.03 8066.24 8076.23 8085.17 8096.08 8111.55 8088.96 8051.66 8026.92 8009.49 7994.5 7970.95 7965.29 7967.53 7971.98 7979.41 7989.24 8002.22 8018.58 8029.64 8039.41 8051.14 8065.24 8079.42 8094.6 8109.92 8123.85 8135.59 8140.82 8153.77 8183.26 8206.74 8226.08 8242.67 8258 8278.07 8293.24 8312.61 8324.83 8338.63 8350.06 8359.36 8365.32
8062.62 8051.81 8040.71 8031.68 8029.03 8038.28 8049.78 8057.43 8069.23 8083.71 8099.18 8095.9 8080.39 8068.53 8060.62 8047.26 8018.71 8009.25 8009.49 8013.21 8019.96 8028.24 8036.82 8045.29 8052.98 8062.13 8070.66 8077.23 8083.91 8091.72 8074.72 8050.73 8027.23 8009.6 7994.37 7966.61 7961.15 7963.64 7969.09 7976.12 7985.48 7998 8013.34 8025.21 8036.27 8048.66 8063.88 8079.69 8097.19 8114.81 8131.5 8147.23 8160.83 8175.11 8194.18 8212.69 8228.97 8242.71 8253 8259.13 8288.34 8307.23 8322.72 8336.49 8348.19 8358.71 8367.36
8050.75 8039.8 8028.51 8019.63 8018.07 8023.34 8032.97 8040.79 8052.79 8066.41 8079.13 8085.99 8087.55 8091.79 8094.55 8093.31 8055.55 8029.14 8022.73 8022.97 8024.98 8030.14 8036.98 8044.72 8052.7 8060.12 8065.64 8069.81 8071.82 8071.73 8051.61 8035.39 8021.76 8005.1 7986.85 7965.42 7960.52 7961.94 7966.5 7972.43 7980.66 7990.49 8002.17 8013.82 8028.28 8042.92 8059.67 8078.04 8096.8 8117.38 8139.12 8161.55 8184.12 8198.88 8209.87 8222.76 8236.03 8248.84 8259.47 8271.2 8295.88 8309.19 8323.33 8335.95 8346.89 8356.72 8369.35
8041.33 8030.74 8019.78 8008.99 7997.87 8003.06 8007.45 8020.83 8035.35 8048.36 8060.1 8080.45 8096.6 8108.79 8117.17 8115.99 8074.35 8042.19 8031.87 8028.91 8028.54 8032.03 8037.36 8043.75 8050.37 8056.31 8060.56 8064.15 8067.11 8065.69 8049.95 8034.53 8019.29 8001.89 7983.11 7966.94 7961.6 7962.13 7964.61 7968.64 7975.35 7983.3 7991.79 8003.3 8019.53 8036.02 8053.88 8073.83 8094.55 8117.96 8143.24 8170.6 8199.09 8212.77 8221.43 8232.34 8244.5 8258.24 8273.04 8285.18 8296.14 8312.71 8326.73 8337.87 8346.19 8350.82 8347.41
8034.9 8024.97 8015.19 8005.23 8000.49 7994.76 7994.52 8007.84 8023.01 8036.93 8054.97 8091.92 8111 8117.89 8125.53 8122.68 8083.9 8050.85 8035.49 8030.39 8030.99 8033.63 8037.82 8042.82 8047.57 8051.47 8055.25 8057.7 8061.12 8061.7 8053 8037.47 8019.93 8001.99 7984.5 7970.06 7963.67 7962.25 7962.61 7965.25 7970.42 7977.46 7985.52 7997.34 8011.71 8028.29 8046.4 8067.6 8090.33 8114.38 8142.28 8171.07 8194.85 8213.57 8225.47 8236.87 8249.66 8264.2 8283.05 8307.31 8305.38 8321.01 8334.31 8342.97 8350.21 8353.19 8349.63
8029.6 8021.45 8013.54 8004.59 7997.37 7994.1 7994.55 8005.33 8018.86 8031.8 8049.55 8082.45 8103.26 8112.63 8119.83 8114.95 8087.78 8059.23 8039.3 8033.32 8033.96 8035.81 8038.36 8041.84 8046.63 8051.24 8049.07 8047.94 8048.99 8053.83 8054.67 8039.65 8020.62 8002.57 7988.72 7975.78 7966.67 7961.17 7959.98 7962.46 7966.92 7972.53 7979.68 7989.33 8003.9 8020.26 8038.62 8057.93 8080.76 8106.6 8136.06 8167.05 8193.71 8210.6 8223.56 8236.81 8250.2 8263.95 8277.53 8295.7 8325.31 8334.87 8342.61 8349.98 8357.85 8365.03 8373.38
8027.7 8020.94 8014.63 8007.33 8001.99 7999.74 8002.78 8011.62 8022.87 8032.97 8043.58 8061.2 8081.31 8096.26 8105.98 8104.18 8085.76 8065.14 8047.09 8040.97 8039.18 8038.17 8039.05 8039.82 8042.36 8045.5 8039.3 8035.47 8035.97 8043.66 8052.61 8037.98 8018.92 8000.33 7989.42 7981.93 7971.33 7963.15 7959.82 7961.3 7964.69 7969.1 7975.08 7983.93 7997.19 8010.97 8027.45 8045.99 8068.18 8093.24 8123.3 8157.37 8188.77 8202.83 8216.33 8231.74 8247.71 8262.59 8273.49 8291.21 8326.64 8338.92 8345.94 8354.89 8365.75 8376.93 8387.08
8027.92 8024.01 8019.97 8015.24 8009.18 8008.52 8013.35 8021.6 8033.96 8043.42 8046.43 8048.42 8063.08 8077.23 8086.34 8087.01 8079.17 8071.62 8060.79 8052.42 8045.75 8041.34 8038.62 8036.28 8033.18 8030.91 8024.27 8020.86 8019.63 8032.86 8043.28 8031.75 8015.93 7999.47 7989.7 7985.99 7975.45 7966.68 7962.02 7962.21 7964.02 7967.07 7972.37 7980.78 7991.27 8002.56 8016.68 8032.77 8051.12 8072.84 8099.85 8133.4 8166.74 8182.6 8201.57 8222.82 8244.22 8264.06 8280.89 8297.77 8315.18 8328.48 8342.75 8356.73 8371.72 8386.76 8401.26
8032.13 8030.29 8028.78 8027.34 8028.01 8030.17 8029.81 8037.26 8050.7 8061.51 8057.35 8045.66 8051.97 8060.89 8067.03 8069.2 8067.25 8063.78 8073.61 8059.6 8049.75 8043.29 8038.03 8032.61 8024.55 8010.24 8010.57 8011.17 8009.64 8021.22 8026.23 8021.61 8012.18 8001.59 7988.49 7984.34 7976.84 7970.75 7967.41 7963.99 7963.52 7965.72 7969.96 7976.94 7985.65 7994.61 8005.43 8018.13 8032.22 8048.99 8067.87 8088.97 8116.85 8150.04 8180.46 8210.48 8239.51 8266.84 8290.69 8304.14 8310.03 8319.06 8334.04 8355.01 8374.46 8393.8 8412.05
8036.15 8037.04 8037.98 8039.56 8044.81 8049.54 8049.91 8056.28 8069.14 8076.65 8065.69 8048.13 8046.25 8049.25 8052.38 8055.16 8056.15 8054.92 8057.2 8055.48 8049.48 8043.51 8038.21 8032.59 8025.9 8018.8 8015.9 8012.97 8009.21 8010.25 8013 8012.4 8007.8 8002.27 7993.73 7982.91 7976.4 7971.07 7970.67 7962.6 7962.44 7964.73 7968.35 7973.73 7980.74 7987.03 7994.79 8003.2 8013.24 8023.92 8036 8050.58 8077.7 8117.56 8157.31 8195.7 8232.49 8267.7 8295.3 8305.8 8304.87 8308.42 8326.04 8350.98 8374.78 8397.85 8417.74
8040.2 8042.32 8045.08 8049.51 8055.52 8062.27 8067.18 8075.09 8088.15 8091.76 8071.16 8048.91 8042.68 8041.14 8040.94 8045.3 8049.12 8050.25 8050.04 8050.99 8047.66 8042.8 8038.61 8034.57 8031.82 8032.35 8029.62 8021.68 8015.27 8008.82 8006.87 8006.38 8003.82 7998.95 7993.06 7985.53 7976.34 7966.38 7954.93 7956.77 7961.7 7964.91 7967.75 7971.42 7976.27 7980.55 7985.2 7990.72 7996.12 8002.6 8009.34 8019.88 8048.97 8091.44 8135.14 8178.94 8222.1 8263.84 8300.63 8305.64 8298.56 8298.07 8317.53 8345.06 8372.35 8399.09 8422.91
8044.64 8047.98 8052.27 8056.66 8062.17 8067.53 8085.49 8103.09 8103.84 8100.26 8073.28 8048.93 8040.06 8036.49 8035.3 8040.65 8046.42 8051.26 8053.41 8050.17 8045.78 8041.39 8038.11 8035.12 8034.29 8036.11 8035.19 8028.18 8020.45 8010.91 8005.44 8004.69 8002.62 7998.24 7992.96 7986.79 7978.58 7969.47 7956.29 7962.5 7965.73 7967.22 7968.69 7970.8 7973.57 7976.41 7978.29 7980.69 7983 7985.91 7990.06 7998.58 8027.98 8070.53 8115.42 8161.3 8206.89 8251.26 8288.78 8295.01 8289.26 8288.57 8308.65 8337.65 8367.1 8396.59 8426.08
8047.79 8051.56 8056.69 8062.63 8069.76 8075.64 8093.94 8109.44 8095.59 8081.47 8059.65 8043.28 8036.75 8034.94 8036.57 8040.08 8045.55 8051.95 8056.33 8048.16 8042.57 8038.53 8035.49 8033.18 8031.74 8031.24 8030.66 8031.01 8025.09 8012.17 8006.44 8006.54 8005.27 8001.29 7996.61 7988.32 7982.59 7979.6 7985.99 7980.23 7972.61 7970.85 7970.88 7973.1 7976.36 7974.34 7973.11 7972.36 7972.77 7974.85 7979.64 7991.15 8017.32 8054.91 8096.82 8141.12 8186.18 8230.53 8265.36 8276.68 8276.59 8276.86 8300.27 8329.38 8358.29 8387.84 8419.01
8051.56 8055.34 8060.32 8066.92 8075.95 8089.69 8087.42 8075.73 8062.7 8049.48 8039.59 8033.87 8032.42 8033.03 8035.58 8039.62 8044.19 8047.01 8045.29 8040.41 8036.86 8033.77 8031.01 8029.05 8027 8024.9 8023.69 8026.66 8023.96 8014.82 8011.47 8011.32 8010.15 8004.69 7993.36 7988.55 7985.53 7983.27 7981.03 7977.59 7975.06 7973.13 7972.62 7973.69 7976.2 7971.18 7967.79 7966.22 7965.97 7967.89 7973.28 7985.1 8009.42 8041.65 8078.49 8117.95 8158.87 8202.03 8245.17 8253.04 8261.77 8275.48 8294.56 8318.62 8343.38 8369.29 8396.48
8053.12 8058.81 8062.13 8067.08 8073.14 8079.36 8067.98 8044.48 8034.51 8030.56 8028.78 8028.36 8029.38 8031.36 8034.55 8038.52 8042.8 8043.78 8030.89 8030.02 8029.8 8028.81 8027.11 8025.08 8021.71 8019.78 8018.2 8017.12 8017.96 8019.45 8020.43 8015.14 8011.5 8003.73 7992.58 7990.52 7988.05 7985.02 7980.19 7976.68 7976.36 7974.84 7972.83 7970.74 7969.2 7965.04 7962.79 7961.65 7961.63 7963.73 7969.11 7980.56 8001.9 8029.42 8060.46 8093.28 8125.93 8157.88 8189.68 8216.7 8239.79 8261.44 8283.24 8304.36 8324.1 8344.14 8363.31
8054.87 8059 8061.54 8063.33 8063.48 8057.93 8044.95 8029.42 8023.64 8025.53 8025.91 8027.11 8028.8 8030.7 8033.7 8037.18 8040.56 8041.66 8022.65 8024.01 8025.37 8025.41 8024.06 8021.74 8018.25 8015.2 8013.14 8012.29 8013.7 8016.71 8018.63 8011.97 8006.88 8002.28 7999.15 7995.04 7992.4 7989.35 7984.83 7980.94 7980.75 7978.14 7973.7 7968.12 7962.8 7959.28 7958.87 7959.02 7959.79 7961.9 7967.11 7976.93 7995.47 8018.28 8043.44 8069.47 8094.04 8113.4 8135.63 8177.87 8212.9 8244.2 8268.53 8284.72 8298.93 8314.49 8328.18
8056.73 8059.47 8060.54 8060.23 8056.55 8048.55 8037.67 8028.84 8025.86 8027.04 8026.94 8030.16 8033.11 8032.66 8035.2 8037.85 8036.69 8033.69 8026.07 8024.77 8025.18 8024.77 8022.75 8020 8015.68 8011.99 8009.11 8014.97 8015.95 8011.62 8005.69 8003.28 8001.74 8000.56 8000.92 7998.56 7997.31 7996.16 7994.61 7992.65 7989.45 7983.74 7976.44 7968.25 7960.51 7956.8 7957.44 7958.49 7960.16 7962.61 7967.32 7975.41 7990.64 8008.65 8028.19 8048.52 8069.22 8092.02 8117.79 8147.11 8182.5 8221.81 8250.08 8255.91 8267.07 8281.9 8295.39
8057.98 8060.54 8061.18 8059.9 8057.79 8052.08 8046.5 8036.14 8032.65 8030.77 8030.78 8038.07 8045.41 8048.91 8048.51 8045.3 8037.21 8028.53 8030.64 8029.12 8028.28 8026.82 8023.7 8019.88 8015.26 8010.9 8007.9 8015.73 8020.32 8011.41 7997.05 7996.3 7999.71 7998.89 7999.24 8000.15 8001.2 8002.77 8004.95 8007.24 7999.51 7990.52 7980.98 7971.49 7963.57 7959.1 7958.99 7960.01 7962.32 7965.73 7970.68 7977.71 7988.28 8000.98 8014.92 8030.11 8046.85 8068.14 8091.09 8114.58 8143.19 8172.8 8194.85 8211.84 8228.44 8247.38 8265.51
8065.14 8066.46 8066.13 8064.02 8061.36 8055.56 8049.33 8042.89 8038.49 8036.83 8038.62 8050.83 8063.18 8074.46 8068.96 8059.95 8049.71 8040.7 8036.73 8035.5 8035.07 8032.34 8027.56 8022.18 8017.52 8012.56 8009.52 8011.85 8015.02 8007.35 7995.99 7993.78 7995.49 7995.14 7997.82 8000.75 8003.79 8007.45 8011.38 8013.46 8006.82 7996.62 7985.77 7975.85 7968.61 7964.28 7961.96 7962.63 7965.58 7970.3 7975.88 7981.2 7987.08 7994.84 8003.61 8013.56 8024.28 8037.03 8055.72 8077.64 8099.25 8118.07 8135.28 8160.35 8185.32 8210.4 8235.95
8073.98 8074.08 8073.56 8070.99 8066.46 8059.78 8053.31 8057.32 8061.4 8057.24 8056.74 8068.36 8078.95 8086.55 8083.68 8076.29 8069.11 8061.52 8053.27 8049.3 8046.55 8040.61 8033.86 8026.63 8020.73 8015.23 8012.9 8011.73 8007.15 8002.38 7996.6 7993.32 7992.81 7993.96 7997 8000.85 8005.35 8010.12 8014.81 8017.19 8012.08 8000.81 7989.24 7978.91 7971.05 7966.03 7963.44 7964.43 7968.1 7974.22 7981.51 7984.12 7985.58 7989.22 7994.16 7999.69 8005.21 8012 8026.37 8044.09 8059.56 8071.81 8085.14 8111.93 8142.12 8172.23 8203.7
8084.2 8083.69 8082.08 8079.29 8075.75 8071.18 8069.62 8082.22 8097.63 8095.1 8088.85 8089.72 8092.97 8094.39 8094.22 8090.61 8086.18 8081.4 8077.4 8071.84 8061.44 8050.62 8040.47 8031.43 8023.32 8016.66 8011.99 8008.9 8003.94 8000.59 7996.22 7993.29 7992.01 7993.04 7995.95 8000.28 8005.35 8010.32 8014.99 8020.69 8014.36 8001.92 7990.44 7980.1 7970.87 7964.05 7962.83 7964.41 7968.38 7974.97 7982.55 7982.98 7982.45 7983.74 7985.83 7988.66 7992.04 7997.7 8006.79 8018.5 8028.55 8035.81 8045.66 8070.54 8102.09 8133.43 8164.81
8093.5 8091.82 8090.67 8089.84 8088.69 8088.35 8091.59 8106.1 8119.8 8122.57 8115.38 8107.69 8106.4 8107.24 8104.38 8102.59 8100.04 8097.27 8096.03 8091.47 8073.55 8059 8046.76 8035.83 8026.05 8017.81 8009.75 8007.23 8006.98 8002.31 7997.08 7993.39 7990.86 7989.77 7993.85 7999.12 8004.59 8008.67 8011.4 8011.07 8005.93 7998.93 7990 7980.66 7971.43 7963.69 7962.5 7963.44 7966.05 7970.86 7976.94 7977.06 7976.82 7977.94 7979.62 7981.15 7982.63 7986.31 7992.94 8000.83 8007.13 8010.92 8014.77 8038.09 8068.96 8098.05 8123.35
8103.96 8104.39 8104.17 8103.84 8104.13 8106.39 8112.44 8124.96 8134.13 8133.02 8124.65 8115.09 8110.25 8109.88 8110.09 8111.1 8111.62 8107.04 8100.97 8091.52 8077.56 8064.01 8051.67 8040.08 8029.4 8020.41 8013.35 8012.64 8012.57 8004.48 7997.48 7992.12 7987.67 7986.79 7993.12 7999.1 8003.9 8007.93 8008.07 8004.8 7999.77 7995.41 7989.3 7981.97 7974.33 7967.28 7964.7 7963 7961.96 7962.38 7965.14 7967.89 7970.21 7973.05 7975.37 7977.08 7977.13 7977.23 7984.26 7990.85 7995.21 7998.16 8004.4 8021.34 8045.26 8068.74 8087.03
8118.33 8117.47 8115.14 8115.32 8118.17 8120.31 8124.77 8134.83 8143.42 8137.27 8124.7 8113.39 8105.34 8105.13 8111.06 8116.48 8116.48 8111.51 8100.85 8086.79 8077.63 8066.94 8055.67 8044.16 8033.08 8022.8 8016.09 8012.57 8008.94 8005.54 8000.35 7993.93 7988.81 7990.26 7997.39 8003.35 8006.98 8008.34 8007.03 8003.38 7998.45 7994.31 7989.54 7983.92 7978.69 7974.95 7969.99 7963.37 7957.94 7953.36 7953.12 7959.16 7964.41 7969.39 7974.84 7978.57 7979.7 7978.86 7984.55 7988.51 7991.03 7993.51 7998.52 8010.37 8029.55 8047.51 8060.79
8131.4 8129.32 8129.54 8129.65 8130.7 8133.81 8137.69 8144.04 8141.47 8128.45 8116.97 8107.3 8099.93 8101.88 8110.62 8119.71 8125.77 8114.62 8101.69 8088.07 8079.11 8070.36 8059.67 8047.99 8036.39 8025.56 8015.14 8005.69 8005.65 8011.16 8011.27 8002.09 7997.36 8002.91 8008.81 8012.89 8014.43 8013.58 8010.55 8005.39 7999.05 7995.13 7990.71 7985.57 7981.29 7978.98 7972.48 7963.35 7955.89 7949.5 7948.58 7954.59 7961.85 7968.39 7976.07 7983.75 7991.98 7996.02 7992.74 7991.08 7991.39 7993.64 7995.81 8003.01 8022.6 8035.6 8044.64
8147.08 8143.78 8144.07 8143.93 8144.29 8146.11 8149 8148.7 8130.9 8113.27 8106.23 8101.51 8098.23 8101.63 8109.22 8116.6 8120.82 8113.62 8103.64 8091.72 8084.02 8075.51 8064.9 8052.92 8040.92 8028.85 8017.15 8006.45 8011.33 8026.75 8038.43 8038.59 8021.71 8024.77 8028.31 8028.66 8026.71 8022.83 8017.66 8011.32 8004.44 7999.21 7992.87 7986.71 7981.45 7975.81 7969.14 7962.66 7956.57 7951.5 7950.96 7955.33 7961.75 7968.15 7976.01 7985.99 8000.59 8008.32 7998.06 7992.97 7992.47 7997.53 8006.83 8020.53 8025 8029.77 8034.94
8160.1 8156.83 8154.65 8153.62 8152.58 8152.49 8151.77 8144.36 8123.77 8102.65 8098.03 8098.58 8100.41 8103.85 8107.98 8110.13 8111.69 8111.64 8107.09 8101.43 8092.95 8082.88 8071.98 8060.03 8047.96 8036.36 8025 8016.81 8028.38 8050.63 8073.09 8092.83 8068.31 8060.25 8056.03 8050.29 8043.4 8035.59 8027.4 8019.61 8012.54 8004.03 7995.49 7987.84 7980.98 7973.51 7967.32 7963.34 7959.89 7957.68 7957.17 7959.17 7963.13 7967.53 7972.74 7979.6 7989.33 7995 7990.18 7987.69 7989.73 7998.33 8012.63 8024.21 8026.52 8023.39 8024.85
