real_craters/C125-300m.grd
DSAA
255 255
-38.0275 38.0275
-38.0275 38.0275
7130.3387242219 8854.461721112
[rows 0 to 29 of 255, columns 0 to 66 of 255]
8489.38 8474.29 8465.86 8456.86 8448.96 8443.21 8438.94 8436.58 8435.21 8434.66 8434.2 8433.62 8433.59 8434.07 8437.83 8442.86 8442.86 8446.02 8452.32 8459.25 8464.18 8465.01 8462.06 8458.44 8454.59 8451.08 8447.3 8444.24 8442.04 8440.55 8438.74 8436.95 8435.86 8435.98 8438.06 8437.94 8437.73 8436.25 8432.45 8431.23 8432.21 8433.83 8434.41 8431.16 8419.03 8404.53 8391.27 8379.22 8368.49 8359.46 8350.95 8343.25 8336.61 8330.9 8326.38 8323.11 8321.92 8323.09 8328.98 8334.81 8342.15 8348.86 8354.42 8359.77 8364.33 8368.29 8371.48
8493.56 8484.27 8468.67 8455.42 8447.14 8441.1 8437.8 8434.83 8433.09 8431.76 8431.11 8430.64 8430.58 8431.01 8431.93 8432.86 8436.15 8441.6 8447.89 8453.89 8458.94 8460.22 8457.69 8454.66 8451.74 8449 8446.52 8445.14 8443.03 8440.39 8438.72 8437.55 8436.52 8438.41 8437.49 8436.86 8435.92 8435.25 8432.34 8430.38 8431.3 8432.11 8432.26 8428.19 8418.43 8405.39 8392.44 8380.1 8369.17 8358.35 8349.32 8341.13 8333.74 8327.01 8321.34 8317.38 8315.71 8315.89 8319.75 8323.13 8332.26 8339.18 8345.75 8351.4 8356.51 8361.02 8365.15
8479.15 8469.31 8456.72 8448.8 8443.37 8439.14 8436.86 8434.81 8433.15 8430.66 8429.69 8428.95 8428.83 8428.33 8427.26 8424.24 8430.31 8436.87 8442.9 8447.72 8451.46 8452.87 8451.44 8449.46 8447.52 8447.7 8445.27 8444.21 8442.67 8441.24 8439.73 8437.31 8438.71 8437.1 8435.79 8434.56 8433.97 8433.21 8433.3 8434.2 8430.87 8428.86 8427.94 8424.66 8415.26 8402.72 8390.72 8378.64 8368.23 8358.52 8349.07 8340.45 8332.43 8324.89 8317.87 8312.42 8308.94 8306.64 8306.22 8310.78 8321.84 8328.86 8336.02 8342.24 8347.92 8353.03 8357.48
8457.66 8444.13 8436.03 8438.24 8437.8 8436.18 8434.4 8432.75 8431.08 8428.7 8427.56 8426.28 8426.19 8426.4 8427.91 8430.07 8432.99 8435.19 8438.06 8440.82 8442.91 8444.85 8444.08 8444.03 8444.23 8443.72 8442.02 8440.66 8439.3 8436.66 8435.39 8433.62 8432.55 8430.82 8431.46 8430.05 8429.53 8429.63 8431.5 8434.61 8426.96 8422.43 8420.51 8418.84 8407.94 8395.43 8385.19 8374.36 8365.04 8355.12 8346.2 8337.48 8329.4 8320.81 8313.69 8306.38 8301.09 8295.92 8295.82 8303.14 8311.62 8319.41 8326.55 8333.16 8339.21 8344.69 8350.85
8448.84 8437.26 8427.81 8431.96 8433 8432.89 8431.55 8429.69 8428.31 8426.45 8424.7 8423.43 8423.42 8424.67 8428.04 8433.6 8434.05 8432.24 8432.77 8433.66 8433.08 8430.46 8435.21 8437.49 8438.24 8438.13 8437.13 8435.81 8434.32 8432.36 8430.26 8427.66 8426.21 8424.9 8423.78 8423.11 8423.28 8422.81 8423.52 8419.59 8417.18 8413.23 8408.08 8398.73 8390.29 8384.13 8376.89 8369.47 8361.67 8352.45 8344.06 8335.63 8326.39 8317.63 8309.04 8300.74 8293.85 8288.18 8288.65 8294.44 8303 8310.74 8318.06 8324.78 8330.9 8337.85 8342.96
8450.87 8443.74 8436.26 8434.28 8432.89 8431.4 8428.86 8426.75 8426.28 8423.95 8422.4 8420.26 8420.21 8421.1 8423.43 8427.06 8428.01 8426.38 8426.75 8427.55 8427.43 8427.97 8430.66 8432.25 8432.62 8432.54 8432.05 8431.22 8429.02 8426.91 8425.16 8423.77 8422.45 8419.96 8418.83 8418.52 8417.63 8416.87 8416.08 8412.85 8410.15 8404.83 8396.52 8383.61 8376.04 8373.56 8368.96 8363.38 8356.69 8349.45 8341.81 8333 8324.23 8315.1 8305.37 8295.86 8287.22 8279.35 8280.14 8286.98 8296.05 8304.06 8311.44 8318.1 8324.07 8329.99 8334.89
8456.74 8453.89 8445.7 8439.62 8435.45 8431.38 8428.09 8425.74 8422.79 8419.98 8417.69 8415.78 8414.88 8414.92 8416.06 8417.17 8417.52 8418.27 8419.77 8421.78 8423.87 8426.92 8428.39 8428.19 8428.46 8428.6 8428.13 8427.61 8426.46 8424.96 8423.14 8421.25 8419.39 8417.49 8415.44 8413.28 8411.79 8410.86 8409.73 8410.09 8408.33 8400.12 8390.28 8378.49 8370.55 8366.63 8363.2 8358.5 8352.48 8345.87 8338.58 8330.72 8322.79 8313.47 8303.79 8293.39 8282.63 8273.06 8271.85 8281.33 8291.15 8299.13 8306.16 8312.34 8318.7 8323.68 8328.94
8456.28 8455.47 8449.9 8442.9 8437.27 8430.89 8426.31 8421.65 8418.12 8414.81 8412.04 8410.08 8408.62 8407.74 8407.77 8408.75 8410.48 8409.72 8411.9 8414.15 8418.59 8425.28 8424.54 8423.94 8424.98 8424.81 8425.13 8424.79 8423.78 8422.34 8421.22 8419.19 8416.29 8414.01 8411.52 8408.82 8406.31 8406.36 8407.28 8411.12 8408 8397.04 8386.91 8375.2 8365.6 8363.34 8360.12 8355.46 8349.7 8342.78 8335.86 8328.59 8321.25 8313.21 8303.97 8293.62 8281.79 8270.61 8270.51 8280.49 8289.69 8297.02 8303.3 8309.77 8314.65 8318.93 8322.68
8442.4 8445.94 8447.36 8442.6 8436.27 8428.44 8422.72 8418.08 8413.68 8410.27 8406.97 8404.13 8401.95 8399.84 8398.5 8398.26 8398.49 8399.48 8402.21 8406.52 8410.12 8410.1 8413.37 8418.42 8421.52 8422.65 8422.9 8421.47 8420.43 8419.15 8416.5 8415.42 8412.98 8409.59 8406.56 8403.5 8400.31 8399.21 8407.06 8404.73 8400.22 8392.77 8385.11 8376.17 8368.77 8364.12 8359.14 8353.56 8348.08 8341.12 8334.61 8327.95 8320.87 8313.73 8306.04 8297.21 8286.85 8275.64 8276.2 8284.58 8292.55 8298.72 8303.85 8308.32 8312.21 8315.54 8318.33
8432.13 8437.14 8443.21 8438.68 8430.74 8422.54 8416.61 8411.72 8408.02 8404.25 8400.36 8397.21 8394.34 8391.79 8388.9 8385.35 8383.45 8388.73 8394.24 8400.12 8404.45 8405.7 8409.74 8415.68 8419.23 8420.44 8420.13 8419.33 8418.08 8416.32 8412.64 8410.4 8407.78 8404.99 8401.5 8398.04 8394.77 8389.49 8382.62 8393.71 8391.04 8388.43 8384.18 8379.32 8375 8366.86 8359.49 8352.79 8346.22 8339.78 8333.71 8327.83 8321.03 8315.58 8310.21 8304.75 8298.59 8292.72 8290.36 8293.93 8297.7 8300.9 8305.03 8308.12 8310.88 8313.22 8315.04
8429.27 8428.85 8432.56 8428.52 8422.35 8414.99 8410.24 8405.75 8401.19 8397.25 8393.93 8390.12 8387.25 8384.23 8381.14 8377.85 8376.14 8382.15 8388.98 8396.23 8402.72 8407 8411.53 8416.73 8418.67 8419.28 8418.47 8417.29 8414.5 8412.48 8407.77 8405.38 8403.59 8400.84 8398.73 8395.15 8390.68 8386.09 8386.68 8388.23 8386.99 8386.44 8383.29 8379.53 8374.9 8366.95 8358.44 8350.74 8343.77 8337.4 8331.81 8326.83 8322.32 8318.45 8314.97 8312.97 8311.78 8312.25 8306.65 8303.79 8304.2 8304.95 8307.3 8309.12 8310.89 8312.36 8313.33
8418.52 8417.95 8414.72 8411.81 8411.01 8407.11 8402.73 8398.54 8394.33 8390.2 8386.63 8383.3 8380.69 8377.96 8375.8 8375.04 8375.67 8380.66 8386.54 8393.9 8402.93 8411.66 8419.82 8419.92 8419.71 8419.23 8417.71 8416.11 8413.56 8411.28 8406.56 8403.5 8400.83 8399.22 8395.67 8394.27 8390.49 8384.44 8379.59 8386.47 8390.4 8386.86 8381.32 8376.71 8372.51 8364.52 8355.11 8346.83 8340.01 8334.24 8329.43 8325.6 8322.18 8319.73 8318.47 8319.12 8321.49 8321.02 8316.12 8311.91 8309.15 8308.09 8308.11 8308.72 8309.52 8310.2 8310.46
8417.95 8411.04 8403.29 8399.35 8401.39 8400.15 8396.91 8393.45 8389.01 8384.8 8380.84 8377.17 8374.07 8371.72 8370.87 8373.09 8379.93 8380.94 8383.36 8390.96 8401.39 8411.93 8420.65 8420.81 8419.86 8418.8 8417.18 8415.27 8412.42 8410.04 8405.96 8402.5 8400.38 8399.12 8396.17 8395.01 8393.22 8391.4 8388.75 8389.21 8392.41 8384.76 8375.6 8369.8 8366.22 8358.62 8349.14 8341.35 8335.32 8330.43 8326.64 8323.3 8320.91 8319.21 8318.92 8319.16 8322.93 8323.61 8319.06 8314.18 8310.54 8308.45 8307.47 8307.19 8306.65 8306.72 8306.54
8414.15 8409.96 8402.82 8398.2 8397.24 8395.68 8392.7 8389.07 8384.86 8380.69 8376.77 8372.38 8368.95 8366.26 8364.64 8365.42 8368.64 8370.67 8376.02 8385.88 8397.11 8407.59 8416.03 8418.12 8418.46 8417.76 8416 8413.85 8411.24 8408.03 8404.71 8401.92 8400.76 8398.56 8396 8395 8395.27 8398.25 8394.57 8386.52 8381.89 8372.92 8364.06 8358.04 8354 8347.62 8340.07 8334.21 8329.91 8325.91 8323.12 8320.47 8318.65 8317.24 8316.55 8316.1 8319.42 8319.41 8315.15 8312.26 8308.83 8306.6 8305.19 8304.42 8305.51 8304.8 8304.58
8421.44 8414.21 8407.62 8402.5 8397.87 8393.58 8389.01 8384.37 8380.47 8376.04 8371.87 8367.81 8364.86 8360.58 8357.39 8354.58 8351.11 8356.07 8366.96 8379.55 8391.81 8402.28 8409.15 8414.52 8416.11 8415.65 8414.14 8412.3 8410.58 8407.61 8404.06 8402.43 8399.86 8396.21 8392.81 8390.65 8390.7 8393.83 8387.27 8375.26 8362.41 8353.24 8348.91 8343.91 8338.17 8332.25 8328.86 8326.36 8324.21 8322.16 8320.03 8317.82 8315.69 8313.78 8311.96 8309.92 8308.55 8307.33 8308.37 8307.62 8305.87 8304.26 8302.98 8303.53 8303.19 8303.09 8303.08
8428.83 8419.03 8412.01 8408.28 8398.2 8391.56 8385.85 8380.84 8375.42 8370.55 8367.04 8362.82 8359.5 8355.05 8351.27 8347.4 8344.74 8349.39 8360.3 8372.84 8387.57 8398.89 8409.86 8413.52 8414.48 8414.99 8414.18 8412.22 8409.56 8407.58 8403.18 8398.82 8395.84 8392.02 8388.54 8384.1 8380.36 8376.16 8371.79 8362.41 8348.86 8339.3 8337.38 8332.68 8324.65 8317.98 8318.89 8319.83 8320.03 8319.21 8317.83 8315.81 8313.23 8310.45 8307.38 8304.11 8302.14 8300.37 8301.66 8302.9 8303.46 8302.8 8302.02 8301.31 8303.19 8303.04 8303.15
8430.77 8419.45 8410.92 8402.18 8395.24 8388.08 8380.75 8375.13 8369.93 8365.4 8360.57 8356.49 8353.2 8349.78 8346.34 8342.99 8341.72 8346.26 8357.17 8369.67 8384.55 8395.2 8403.7 8409.01 8412.14 8413.15 8412.56 8412.53 8410.07 8406.71 8402.89 8400.4 8395.88 8389.51 8383.43 8375.38 8368.58 8364.49 8361.52 8355.2 8345.08 8336.1 8334.6 8328.82 8319.64 8312.52 8313.88 8316.33 8317.77 8318.09 8317.06 8314.98 8311.87 8308.19 8304.06 8300.09 8297.21 8297.24 8298.21 8300.14 8302.17 8302.34 8302.02 8301.44 8302.39 8302 8302
8423.52 8414.12 8406.3 8401.42 8390.47 8380.98 8373.59 8367.71 8362.22 8357.51 8353.3 8350.14 8347.33 8344.79 8342.14 8341.09 8341.47 8346.54 8356.91 8370.39 8383.72 8393.33 8400.26 8406.21 8410.99 8412.73 8412.43 8410.9 8407.94 8407.7 8403.61 8399.23 8392.83 8386.82 8379.19 8369.68 8359.43 8350.04 8355.18 8354.53 8351.44 8348.23 8341.54 8333.03 8322.66 8314.78 8314.41 8317.04 8318.75 8319.19 8317.98 8315.59 8312.47 8308.15 8303.28 8298.61 8292.78 8295.85 8297.44 8299.59 8300.64 8302.09 8301.81 8300.99 8299.88 8300.06 8299.18
8412.01 8404.78 8396.44 8388.68 8378.81 8370.48 8364.12 8358.51 8353.45 8348.8 8345.4 8342.47 8341.18 8340.48 8341.29 8342.12 8344.13 8348.68 8359.45 8372.99 8385.28 8394.59 8401.86 8407.88 8412.3 8413.64 8412.88 8410.14 8406.74 8403.52 8402.96 8396.09 8391.9 8385.44 8377.55 8368.83 8358.66 8351.45 8355.44 8359.05 8360.94 8359.89 8353.21 8342.85 8331.05 8319.13 8320.13 8323.08 8323.66 8323.35 8321.58 8318.8 8315.51 8310.79 8305.73 8304.45 8297.73 8298.06 8299.64 8300.86 8301.62 8301.51 8301.66 8300.18 8298.16 8296.98 8294.39
8402.12 8395.13 8385.1 8371.95 8362.81 8359.44 8355.56 8348.79 8343.85 8339.27 8337.87 8337 8337.26 8339.37 8341.65 8344.89 8350 8357.19 8366.58 8377.5 8388.89 8398.6 8406.31 8411.8 8416.25 8416.51 8414.8 8411.69 8407.91 8403.19 8398.45 8394.4 8389.01 8383.49 8378.24 8372.34 8365.35 8358.26 8362.3 8366.48 8370.66 8374.37 8365.99 8355.12 8345.73 8339.34 8336.72 8334.04 8331.73 8329.88 8327.36 8324.26 8320.83 8315.94 8310.52 8308.72 8303.29 8303.07 8303.01 8303.92 8303.79 8302.78 8301.75 8299.17 8295.85 8292.73 8287.87
8395.33 8388.43 8377.91 8364.2 8354.44 8351.4 8346.62 8340.27 8334.97 8331.22 8330.51 8330.41 8332.49 8336.92 8341.52 8348.16 8356.18 8365.81 8373.61 8382.62 8393.22 8403.49 8413.39 8421.82 8422 8419.79 8416.76 8412.7 8408.46 8403.17 8398.32 8392.33 8387.36 8382.39 8378.69 8377.23 8377.83 8374.9 8372.21 8373.68 8376.83 8379.69 8373.75 8365.29 8359.95 8358.69 8352.88 8345.74 8340.96 8337.99 8335.06 8332.04 8328.51 8324.22 8318.52 8314.48 8306.86 8310.05 8309.91 8309.84 8308.41 8306.06 8303.61 8299.67 8294.82 8288.9 8281.97
8393.16 8385.44 8376.31 8365.3 8355.42 8349.25 8339.99 8331.26 8325.06 8322.28 8321.98 8323.8 8328.19 8333.76 8340.18 8349.55 8359.13 8367.25 8377.73 8386.12 8396.26 8406.33 8417.36 8426.14 8425.21 8421.42 8417.51 8412.87 8408.25 8402.96 8398.07 8390.85 8386.17 8381.59 8378.68 8377.76 8379.31 8381.51 8378.72 8378.2 8378.84 8378.45 8375.18 8371.06 8368.02 8365.43 8360.62 8354.55 8349.54 8345.94 8343.26 8341.29 8338.93 8335.86 8331.76 8328.63 8322.34 8322.18 8319.92 8317.32 8313.87 8309.74 8304.98 8299.85 8293.57 8286.1 8277.09
8395.12 8384.43 8376.61 8371.95 8364.06 8351.63 8333.3 8320.14 8313.23 8311.28 8312.27 8316.06 8322.06 8329.53 8338.73 8349.72 8362.35 8376.4 8384.79 8388.88 8397.34 8405.91 8415.67 8423.64 8423.47 8420.31 8416.78 8412.3 8407.67 8403.02 8397.24 8392.49 8385.8 8381.69 8377.86 8374.61 8370.99 8376.66 8379.74 8380.62 8380.14 8377.11 8374.98 8374.92 8373.18 8370.23 8365.81 8360.64 8356.51 8353.75 8352.09 8351.14 8350.53 8349.93 8350.07 8349.35 8343.16 8338.5 8332.19 8326.33 8320.25 8314.12 8307.57 8300.63 8293.07 8284.49 8274.34
8396.59 8380.48 8370.63 8371.95 8384.74 8343.96 8316.49 8302.35 8297.24 8298.07 8302.3 8308.37 8315.68 8324.54 8334.72 8347.09 8361.87 8379.39 8385.68 8387.3 8392.73 8401.79 8409.54 8415.87 8417.38 8416.6 8414.59 8410.65 8406.46 8402.02 8396.31 8391.77 8386.48 8381.3 8377.91 8372.88 8370.34 8374.24 8380.35 8383.65 8384.28 8381.8 8379.99 8380.91 8378.41 8373.85 8368.75 8364.95 8362.17 8360.92 8360.79 8361.6 8362.97 8365.06 8368.16 8371.02 8364.64 8354.73 8344.35 8335.19 8326.42 8317.96 8309.7 8301.4 8292.91 8283.87 8273.73
8394.12 8368.79 8349.36 8339.42 8331.21 8305.17 8283.17 8274.88 8276.25 8282.11 8289.71 8298.58 8308.87 8318.67 8329.33 8340.95 8353.86 8365.93 8373.96 8380.71 8387.55 8394.94 8401.49 8405.41 8409.12 8412.07 8411.76 8409.32 8404.71 8400.47 8395.33 8391.01 8385.91 8381.23 8377.94 8373.85 8371.94 8376.17 8383.17 8388.27 8391.77 8393.65 8394.09 8390.96 8384.86 8377.28 8370.2 8367.54 8366.73 8367.14 8368.64 8371.29 8374.7 8378.98 8384.08 8387.98 8379.63 8367.36 8353.79 8341.55 8330.44 8320.39 8310.45 8301 8291.88 8282.47 8273.43
8385.95 8351.27 8316.96 8286.58 8268.51 8240.41 8234.1 8241.82 8255.33 8269.22 8281.01 8291.88 8302.29 8312.07 8322.81 8332.61 8342.36 8351.77 8360.27 8372.05 8378.85 8387.32 8395.28 8400.36 8405.52 8409.77 8409.64 8407.25 8403.36 8399.35 8394.51 8390.37 8385.78 8379.71 8377.92 8376.7 8377.45 8380.59 8386.91 8393.29 8399.76 8406.08 8409.93 8402.2 8392.15 8381.53 8371.84 8370.04 8370.49 8372.09 8374.87 8378.7 8383.53 8389.26 8395.73 8399.5 8389.63 8375.56 8360.28 8346.23 8333.45 8321.36 8309.55 8298.69 8289.05 8279.4 8271.79
8379.56 8337.56 8287.53 8229.6 8168.16 8154.91 8183.44 8213.74 8239.8 8259.24 8274.16 8288.09 8297.87 8306.81 8315.43 8323.21 8331.03 8338.97 8347.1 8356.74 8371.8 8379.4 8391.09 8402.52 8410.43 8410.1 8408.19 8405.27 8401.25 8397.42 8393.12 8389.12 8384.74 8381.48 8376.32 8377.18 8381.66 8383.42 8388.9 8396.3 8404.83 8413.4 8417.51 8410.53 8398.34 8386.41 8377.53 8373.69 8373.31 8375.33 8378.85 8383.48 8389.22 8395.48 8403.88 8403.47 8391.59 8377.95 8362.38 8347.34 8333.11 8319.85 8307.52 8294.58 8284.25 8275.31 8268.19
8382.32 8336.35 8277.52 8203.38 8116.74 8102.96 8160.51 8206.05 8237.58 8260.28 8275.09 8286.34 8294.92 8302.35 8308.82 8315.19 8319.94 8326.25 8332.19 8342.77 8359.31 8370.55 8385.2 8400.53 8410.38 8408.21 8405.01 8401.87 8398.8 8394.94 8391.05 8387.23 8383.31 8379.68 8373.15 8371.25 8373.23 8380.72 8387.81 8396.1 8405.65 8415.75 8424.13 8415.07 8400.84 8388.19 8379.13 8374.1 8374.18 8376.7 8380.59 8385.75 8391.64 8397.88 8406.87 8405.21 8390.58 8376.73 8360.52 8345.01 8330.01 8315.13 8301.64 8289.08 8274.25 8264.43 8256.74
8397.46 8352.54 8297.65 8231.33 8154.88 8135.93 8192.88 8230.91 8254.85 8270.38 8281.32 8290 8295.82 8300.83 8304.55 8307.19 8309.98 8313.58 8316.53 8329.44 8345.47 8361.1 8376.5 8391.08 8401.17 8400.93 8398.93 8396.81 8394.56 8391.81 8388.76 8385.07 8381.31 8377.33 8370.55 8368.61 8369.58 8377.04 8384.35 8392.5 8401.4 8410.62 8417.62 8410.65 8397.77 8385.44 8374.68 8371.25 8373.96 8377.35 8381.35 8386.06 8391.57 8396.93 8402.73 8398.81 8386.24 8372.34 8356.65 8340.15 8324.98 8309.85 8291.74 8277.7 8264.63 8252.82 8242.53
8421.85 8383.34 8342.99 8304.84 8275.78 8269.99 8280.93 8284.87 8288.08 8291.94 8295.78 8299.16 8301.09 8302.98 8304.12 8303.39 8303.77 8305.79 8306.85 8319.21 8334.62 8352.14 8366.29 8378 8385.65 8389.81 8391.54 8391.82 8390.77 8389.04 8386.67 8383.28 8379.51 8375.41 8369.42 8368.04 8368.27 8373.69 8380.01 8386.64 8393.22 8399.16 8402.76 8398.51 8389.89 8381.21 8373.46 8370.78 8373.84 8376.69 8379.82 8383.6 8388.04 8392.74 8397.38 8389.85 8378.25 8364.64 8349.14 8333.3 8314.68 8299.16 8283.44 8268.22 8253.42 8239.19 8225.54
