real_craters/C125-500m.grd
DSAA
153 153
-38.0275 38.0275
-38.0275 38.0275
7129.2764106553 8854.3704723838
[rows 60 to 89 of 153, columns 67 to 133 of 153]
7939.72 7891.4 7860.89 7837.86 7812.44 7789.89 7762.84 7731.5 7710.86 7692.32 7670.49 7664.35 7693.37 7717.73 7761.74 7723.16 7714.15 7730.53 7849.88 7948.26 8038.8 8109.74 8162.47 8230.91 8427.25 8476.45 8503.41 8413.7 8298.96 8207.87 8137.62 8114.02 8117.54 8130.25 8142.34 8149.28 8145.52 8144.63 8163.73 8186.86 8205.44 8223.63 8233.64 8240.3 8223.13 8192.94 8154.45 8151.96 8151.52 8144.96 8135.96 8125.64 8116.88 8112.77 8111.04 8107.21 8104.71 8108.11 8115.42 8114.14 8107.88 8089.34 8056.8 8024.03 8001.85 7997.63 8023.84
7901.49 7837.64 7781.36 7743.48 7719.69 7695.98 7680.73 7648.78 7628.14 7595.04 7569.95 7517.26 7465.85 7476.22 7536.54 7595.31 7627.58 7710.94 7767.38 7857.1 7942.27 8011.24 8066.46 8095.09 8245.24 8438.65 8554.41 8487.89 8359.85 8246.13 8160.16 8123.75 8118.85 8121.07 8120.11 8106.37 8107.84 8118.05 8146.47 8175.84 8201.13 8225.69 8241.18 8252.54 8217.98 8184.58 8150.17 8144.8 8140.8 8132.03 8121.43 8109 8097.43 8087.37 8084.8 8089.88 8093.04 8099.95 8104.84 8106.95 8106.08 8094.6 8058.81 8025.92 8000.27 7996.86 8010.45
7815.64 7762.45 7708.53 7671.1 7641.54 7617.28 7593.07 7569.87 7531.15 7498.6 7475.53 7418.59 7363.83 7391.49 7479.86 7476.01 7530.88 7592.47 7686.31 7772.43 7860.63 7951.42 8035.37 8104.75 8110.13 8305.45 8487.91 8449.92 8361.09 8261.38 8182.75 8146.91 8138.35 8132.01 8118.5 8110.36 8098.72 8094.85 8137.13 8168.31 8196.63 8223.69 8244.61 8229.2 8204.2 8183.44 8172.89 8155.46 8137.03 8122.42 8108.95 8095.41 8082.09 8070.05 8067.9 8077.5 8087.94 8096.77 8103.69 8101.33 8096.77 8084.08 8056.37 8027.11 8001.36 7984.83 7989.14
7728.3 7679.02 7639.46 7604.58 7571.4 7538.59 7508.98 7478.78 7458 7448.38 7413.18 7381.72 7356.81 7365.78 7445.4 7470.63 7501.95 7544.86 7618.92 7702.22 7793.1 7883.61 7984.94 8043.49 8002.94 8106.32 8267.98 8366.23 8305.98 8253.09 8207.08 8179.4 8168.72 8148 8129.83 8115.6 8094.16 8078.41 8125.86 8159.32 8186.71 8212.35 8230.95 8203.79 8182.12 8173.45 8164.89 8150.61 8131.02 8113.19 8097.53 8082.97 8070.89 8062.7 8062.04 8068.81 8078.28 8086.41 8093.57 8092.06 8084.36 8069.12 8051.77 8025.21 8000.78 7980.26 7973.37
7654.21 7617.48 7567.53 7534.74 7507.21 7481.68 7449.31 7445.54 7418.16 7390.26 7366.78 7344.75 7330.13 7357.94 7426.5 7466.37 7476.14 7501.48 7563.32 7639.4 7718.64 7803.66 7897.79 7964.8 7930.19 7957.32 8033.33 8161.5 8205.37 8221.97 8228.53 8227.33 8210.14 8178.64 8145.47 8113.42 8087.18 8093.26 8129.67 8149.61 8171.73 8194.03 8201.51 8174.84 8165.28 8163.74 8155.14 8141.19 8124.01 8105.59 8088.22 8072.94 8061.73 8054.47 8055.01 8061.93 8072.34 8083.37 8087.08 8081.08 8074.44 8073.21 8044.2 8024.84 8009.02 7992.47 7973.54
7571.41 7539.57 7495.47 7469.12 7447.86 7426.41 7400.91 7375.56 7354.19 7333.92 7313.59 7322.73 7321.53 7333.37 7385.04 7443.19 7447.38 7450.76 7496.58 7556.05 7623.24 7685.78 7746.16 7843.81 7905.76 7895.6 7897.38 8011.28 8121.22 8192.55 8251.88 8289.84 8253.04 8209.39 8165.61 8122.38 8089.94 8116.14 8119.82 8132.81 8152.83 8172.62 8190.38 8178.03 8170.46 8163.21 8151.52 8136.36 8117.2 8098.02 8080.23 8064.63 8052.28 8043.88 8046.26 8053.84 8067.01 8076.35 8073.06 8063.37 8047.02 8026.88 8022.68 8025.73 8026.75 8022.99 8016.57
7493.29 7466.66 7430.47 7409.97 7394.7 7373.37 7349.3 7333.55 7307.28 7280.64 7262.73 7265.66 7272.4 7274.97 7301.68 7378.25 7406.06 7400.88 7435.07 7480.62 7530.28 7573.2 7600.69 7655.06 7761.16 7894.98 7862.28 7957.4 8069.13 8166.34 8244.71 8299.85 8272.13 8232.86 8192.43 8158.92 8146.27 8145.35 8118.97 8119.78 8135.85 8149.34 8158.32 8180.24 8184.42 8166.92 8148.2 8130.28 8109.94 8091.83 8073.42 8056.8 8043.29 8036.37 8035.33 8042.42 8055.49 8073.41 8068.58 8047.19 8026.58 8007.59 8016 8034.08 8051.55 8069.67 8088.26
7430.29 7371.71 7357.9 7356.97 7351.99 7341.46 7333.86 7311.18 7280.39 7246.66 7207.07 7171.7 7182.14 7202.48 7207.64 7272.06 7308.84 7330.18 7368.15 7410.89 7453.16 7488.7 7535.06 7577.49 7605.18 7799.05 7897.92 7967.93 8057.79 8144.03 8211.3 8253.51 8252.28 8241.77 8218.92 8189.28 8175.78 8163.35 8125.42 8113.87 8127.77 8144.56 8150.91 8178.49 8182.24 8164.44 8142.18 8119.76 8103.4 8087.97 8069.49 8050.23 8032.47 8020.87 8020.92 8025.44 8033.96 8048.83 8042.97 8027.07 8016.14 8016.98 8024.33 8047.1 8078.43 8110.02 8143.18
7383.68 7349.44 7326.69 7327.9 7327.83 7323.45 7321.62 7301.89 7272.87 7227.75 7180.09 7139.19 7129.28 7180.32 7201.43 7199.91 7224.56 7266.05 7310.9 7355.33 7389.8 7421.69 7459.4 7544.2 7556.23 7662.9 7859.84 7965.26 8056.3 8139.02 8197.41 8206.46 8245.14 8263.88 8241.08 8207.39 8180.21 8162.31 8122.68 8107.84 8127.25 8149.76 8170.47 8168.97 8168.97 8154.15 8135.73 8116.04 8102.17 8086.13 8066.27 8044.35 8022.5 8007.17 8008.21 8008.29 8007.61 8001.98 8001.92 8005.9 8004.32 7997.62 8011.9 8051.46 8092.09 8132.81 8163.79
7374.81 7347.68 7314.12 7307.5 7308.28 7309 7314.86 7300.31 7275.74 7238.42 7189.56 7150.74 7178.92 7207.61 7234.02 7209.89 7197.96 7221.05 7265.21 7312.87 7352.72 7376.15 7373.24 7435.16 7481.67 7575.63 7774.89 7936.27 8052.55 8155.1 8236.6 8296.25 8329.11 8310.53 8267.21 8218.57 8184.72 8174.17 8148.63 8136.98 8133.61 8128.78 8132.26 8140.58 8141.37 8135.73 8128.29 8119.83 8108.23 8087.83 8066.02 8044.1 8023.11 8008.74 8003.76 7998.98 7991.41 7981.05 7989.23 7996.86 7998.35 7994.7 8011.59 8054.31 8100.24 8141.9 8165.35
7373.62 7336.09 7302.98 7299.51 7301.87 7324.63 7325.44 7319.26 7305.72 7277.78 7234.35 7190.5 7216.37 7232.3 7222 7184.42 7150.88 7179.64 7232.25 7286.2 7334.19 7368.52 7376.29 7339.22 7402.92 7567.71 7775.82 7921.54 8056.31 8180.79 8297.11 8402.87 8429.79 8370.77 8291.54 8213.49 8160.75 8167.73 8174.13 8176.58 8145.19 8111.58 8102.55 8111.68 8116.52 8112.48 8113.81 8120.26 8109.26 8085.65 8065.71 8047.84 8032.25 8018.15 8006.96 7998.76 7991.21 7986.9 7998.54 7999.02 8000.35 8002.65 8019.81 8057.28 8101.61 8137.09 8152.86
7382.16 7346.96 7317.33 7301.74 7306.57 7345.52 7356.74 7361.61 7364.78 7358.09 7339.81 7292.31 7275.15 7275.48 7232.52 7150.01 7131.23 7157.44 7210.87 7270.07 7328.27 7377.56 7384.26 7334.84 7379.02 7522.29 7733.48 7887.33 8035.79 8181.97 8322.64 8446.24 8492.24 8410.98 8301.88 8197.84 8133.13 8142.16 8168.74 8179.87 8150.47 8122.74 8103.27 8093.38 8082.49 8082.52 8087.97 8093.8 8089.61 8074.93 8062.9 8050.46 8031.26 8022.15 8012.32 8002.74 7998.59 8006.7 8007.83 8006.04 8003.45 8004.27 8008.67 8048.12 8090.82 8126.49 8141.14
7396.82 7340.87 7294.01 7302.1 7315.68 7365.44 7388.49 7407.78 7427.68 7449.39 7478.31 7433.96 7367.61 7332.58 7266.88 7172.8 7136.89 7152.27 7205.66 7268.24 7330.63 7386.77 7412.29 7393.73 7409.71 7489.63 7677.54 7851.01 8012.5 8168.4 8316.15 8452.59 8517.25 8410.49 8290.96 8178.7 8115.06 8133.25 8151.88 8144.52 8143.22 8129.55 8106.39 8082.84 8062.41 8057.21 8060.36 8061.07 8057.5 8060.37 8059.45 8056.39 8054.99 8036.6 8019.81 8007.75 8001.05 8002.77 8016.59 8009.43 8005.62 8002.57 7992.78 8040.31 8084.65 8118.24 8135.42
7400.53 7350.57 7314.45 7313.49 7332.56 7386.08 7419.19 7454.93 7486.46 7516.52 7555.42 7546.75 7458.91 7397.69 7320.79 7236.31 7158.28 7161.73 7208.67 7268.63 7332.58 7384.44 7417.04 7431.64 7453.14 7555.84 7673.28 7832.97 7986.87 8136.69 8273.83 8381.65 8407.07 8364.31 8264.48 8158.06 8109.48 8149.05 8147.27 8144.03 8139.52 8133.31 8106.15 8075.74 8050.99 8039.68 8041.13 8042.85 8045.34 8053.46 8057.66 8058.28 8055.57 8042.12 8024.45 8009.25 7997.84 7996.04 8000.97 8005.22 8008.55 8011.51 8022.09 8049.58 8083.04 8113.63 8128.49
7405.05 7355.57 7329.83 7320.16 7366.69 7406.34 7451.88 7496.94 7535.51 7552.01 7508.36 7472.77 7490.4 7467.84 7382.22 7269.49 7179.95 7180.43 7217.47 7270.13 7330.5 7393.95 7406.18 7437.49 7511.9 7588.68 7700.07 7821.55 7956.29 8092.35 8214.82 8312.42 8372.3 8321.31 8238.8 8151.7 8117.53 8141.09 8145.36 8132.63 8133.44 8137.55 8103.39 8069.04 8037.85 8023.28 8033.54 8042.76 8051.1 8056.74 8060.19 8059.17 8052.74 8041.7 8026.1 8009.9 7995.29 7992.54 8002.65 8009.87 8011.75 8018.56 8035.1 8055.32 8082.68 8111.61 8124.35
7432.65 7350.75 7304.16 7312.26 7348.86 7419.92 7476.26 7534.7 7591.3 7626.48 7604.93 7531.58 7549.66 7545.06 7436.85 7305.76 7209.73 7205.1 7223.64 7264.38 7317.14 7369.89 7390.62 7430.52 7530.29 7652.1 7723.21 7822.53 7944.26 8060.67 8165.87 8250.96 8300.26 8278.05 8219.61 8157.35 8136.58 8154.15 8149.15 8143.15 8130.13 8098.1 8087.31 8064.19 8042.79 8034.3 8038.42 8048.37 8057.87 8064.9 8067.93 8064.6 8057.09 8045.17 8029.35 8012.05 7998.96 7998.55 8011.64 8014.28 8011.64 8013.43 8014.85 8036.87 8078.89 8114.98 8132.75
7400.93 7344.04 7308.06 7310.32 7370.6 7429.72 7494.63 7564.74 7639.63 7718.64 7764.13 7685.16 7628.64 7576.3 7457.41 7332.42 7234.02 7203.9 7219.38 7256.38 7299.38 7336.28 7368.73 7393.05 7467.45 7709.42 7732.57 7818.23 7932.19 8037.37 8129.05 8197.31 8233.77 8229.13 8202 8167.78 8148.78 8143.57 8138.58 8138.23 8120.51 8094.5 8077.57 8062.9 8050.44 8043.4 8049.2 8057.47 8068.96 8076.27 8080.29 8076.97 8063.97 8054.31 8034.87 8014.79 8001.31 7998.63 8000.93 8005.77 8010.68 8010.38 8006.38 8029.87 8080.48 8126.81 8152.51
7412.95 7347.5 7296.64 7296.55 7346.57 7431.53 7497.96 7570.06 7651.33 7751.49 7841.64 7734.39 7644.86 7562.33 7430.93 7305.36 7217.79 7189.81 7214.21 7252.91 7293.66 7332.21 7364.48 7352.43 7391.17 7658.58 7742.34 7825.93 7929.86 8028.71 8107.75 8159.85 8181.4 8189.03 8190.02 8178.86 8151.58 8123.59 8116.11 8121.17 8115.81 8088.76 8073.51 8063.02 8057.76 8061.34 8057.45 8063.09 8073.45 8082.86 8093.38 8104.56 8098.96 8071.01 8044.24 8017.74 7998.74 7999.4 8007.73 8016.35 8017.31 8016.64 8018.61 8040.28 8089.03 8142.44 8187.16
7430.96 7368.68 7314.53 7310.24 7375.08 7432.86 7488.5 7544.86 7604.6 7669.82 7703.48 7662.7 7598.27 7512.63 7398.32 7290.82 7214.64 7200.09 7224.96 7258.5 7294.97 7340.74 7366.72 7351.33 7385.66 7620.28 7754.76 7841.13 7939.41 8031.07 8103.06 8152.33 8165.33 8171.84 8188.95 8177.18 8143.05 8110.33 8096.19 8100.78 8096.18 8080.87 8069.01 8061.59 8056.35 8052.09 8054.86 8062.46 8074.81 8086.14 8096.43 8109.97 8106.27 8084.25 8056.78 8026.3 8000.89 8008.65 8023.29 8032.65 8030.74 8028.7 8030.31 8045.75 8096.93 8150.98 8194.45
7474.39 7406.74 7363.48 7356.4 7400.13 7438.06 7473.12 7507.98 7535.72 7552.29 7558.72 7555.1 7523.5 7457.53 7376.29 7307.43 7265.49 7246.66 7258.25 7278.56 7300 7333.32 7382.06 7390.77 7450.92 7574.18 7707.29 7841.04 7963.4 8058.63 8131.11 8180.82 8217.11 8234.26 8206.78 8156.88 8131.42 8100.44 8082.76 8080.47 8072.21 8067.54 8062.93 8059.14 8055.16 8051.08 8053.69 8057.32 8060.04 8067.05 8085.16 8108.17 8108.53 8093.55 8074.99 8049.81 8019.72 8033.56 8043.86 8053.6 8045.74 8042.59 8045.79 8060.95 8105.64 8152.12 8180.26
7501.22 7454.94 7423.9 7424.56 7434.84 7450.09 7463.1 7470.86 7469.16 7455.58 7462.88 7473.19 7448.37 7392.32 7320.05 7297.1 7298.94 7301.36 7303.87 7315.88 7327.05 7344.18 7394.22 7455.21 7535.59 7610.9 7732.34 7894.39 8028.18 8119.43 8175.01 8216.59 8264.69 8316.03 8216.46 8161.78 8130.5 8103.54 8082.04 8073.16 8072.14 8058.5 8057.5 8058.45 8060.63 8066.25 8064.24 8053 8042.8 8043.31 8063.98 8085.15 8096.92 8099.03 8097.8 8098.86 8099.52 8073.73 8066.44 8065.22 8057.11 8054.5 8060.54 8077.96 8113.98 8153.65 8178.57
7540.2 7506.95 7478.23 7459.49 7459.83 7463.78 7455.64 7443.51 7424.24 7396.77 7403.01 7414.7 7403.26 7363.25 7300.03 7318.71 7353.8 7353.56 7353.29 7371.94 7382.46 7381.53 7433.02 7541.81 7656.77 7739.25 7870.18 8043.61 8148.54 8202.83 8227.49 8230.14 8213.77 8163.61 8175.24 8157.86 8139.74 8108.9 8076.67 8069.46 8058.75 8053.85 8051.69 8054.35 8060.64 8073.87 8069.52 8047.54 8033.47 8031.05 8046.65 8064.39 8086.26 8102.13 8113.74 8125.39 8124.08 8100.48 8080.25 8066.34 8060.55 8061.49 8069.05 8082.92 8117.96 8157.1 8173.85
7564.58 7540.57 7525.58 7519.84 7488.31 7472.5 7450.81 7428.52 7404.09 7379.38 7379.08 7382.95 7385.86 7384.52 7373.88 7392.55 7428.85 7441.24 7430.2 7438.68 7452.54 7426.87 7482.02 7617.89 7794.84 7862.83 8009.75 8220.07 8288.67 8304.35 8286.85 8249.98 8194.89 8143.63 8178.86 8188.41 8162.57 8130.46 8109.17 8073.7 8048.98 8045.94 8049 8050.33 8051.53 8052.97 8045.59 8035.14 8026.94 8023.32 8042.24 8058.84 8084.81 8104.81 8120.36 8130.71 8126.97 8107.82 8086.1 8068.28 8062.93 8065.04 8072.86 8086.45 8119.97 8163.17 8191.97
7587.58 7562.48 7544.73 7517.1 7493.51 7470.76 7443.62 7419.6 7399.36 7392.33 7349.1 7377.94 7392.31 7439.81 7471.33 7465.17 7480.37 7500.2 7496.78 7496.39 7491.1 7470.14 7533.06 7673.11 7795.37 7938.35 8107.96 8349.55 8419.46 8396.39 8339.48 8276.09 8207.08 8156 8207.95 8226.32 8183.27 8142.71 8104.94 8082.08 8061.33 8055.12 8049.76 8046.25 8042.15 8032.63 8021.19 8026.34 8028.82 8038.09 8055.31 8075.78 8091.51 8107.47 8121.17 8129.99 8124.92 8107.31 8087.08 8072.66 8064.84 8065.37 8074.7 8090.87 8123.9 8166.35 8182.56
7610.81 7577.86 7548.29 7528.61 7489.53 7461.17 7437.07 7414.23 7392.97 7373.37 7371.28 7417.68 7466.23 7505.52 7528.74 7499.64 7479.37 7489.03 7543.7 7535.76 7521.56 7479.25 7582.74 7730.34 7913.28 8042.52 8217.52 8509.05 8536.9 8464.16 8379.76 8298.32 8228.93 8177.42 8198.19 8213.3 8185.77 8149.01 8115.46 8099.56 8087.97 8065.13 8052.65 8046.74 8040.87 8032.9 8029 8029.74 8034.51 8043.57 8063.94 8085.78 8095.56 8107.08 8118.44 8124.66 8118.37 8102.09 8082.58 8064.09 8056.47 8061.32 8073.13 8095.92 8129.96 8170.35 8195.12
7632.15 7591.65 7542.57 7482.57 7446.03 7447.68 7433.78 7414.91 7396.68 7376.06 7394.8 7461.82 7523.13 7542.27 7541.69 7510.53 7464.67 7448.48 7546.37 7554.19 7504.61 7488.49 7677.27 7893.83 8033.43 8131.25 8308.28 8576.63 8574.91 8475.58 8384.15 8306.56 8247.71 8220.96 8233.19 8210.91 8181.28 8150.6 8125.76 8105.24 8089.8 8059.3 8054.37 8050.06 8044.97 8040.13 8034.11 8038.58 8042.46 8049.39 8063.6 8079.15 8091.22 8102.76 8112.54 8119.94 8109.59 8093.66 8075.79 8059.53 8052.31 8054.18 8062.6 8082.88 8116.25 8161.38 8190.55
7666.43 7615.51 7559.11 7489.04 7453.66 7459.56 7444.98 7425.72 7414.25 7405.2 7416.49 7479.72 7542.45 7561.73 7561.41 7534.3 7491.88 7438.34 7611.12 7596.57 7532.04 7576.65 7778.54 7901.54 7958.72 8156.13 8338.08 8495.65 8488.82 8417.61 8349.3 8289.01 8240.09 8209.35 8188.58 8188.03 8169.49 8143.98 8118.25 8095.71 8074.51 8066.39 8061.41 8055.05 8051.06 8049.79 8053.01 8051.78 8052.24 8055.02 8060.4 8071.35 8085.06 8095.8 8104.22 8108.42 8097.11 8081.98 8067.56 8057.28 8051.29 8045.36 8042.94 8051.6 8077.02 8136.43 8171.14
7703.41 7653.86 7607.3 7567.64 7539.51 7505.24 7470.39 7441.79 7418.47 7413.98 7416.64 7435.5 7484.23 7528.39 7564.22 7577.5 7587.17 7634.71 7695.36 7639.66 7623.5 7717.18 7776.84 7820.73 7971.37 8181.37 8377.03 8395.07 8339.34 8323.74 8294.35 8255.77 8218.52 8181.16 8164.2 8171.47 8161.89 8139.88 8112.06 8092.15 8088.36 8088.22 8068.78 8060.18 8057.48 8059.06 8063.7 8063.64 8062.23 8062.47 8063.34 8071.98 8081.23 8087.57 8092.87 8094.84 8081.5 8066.29 8053.51 8048.49 8056.24 8029.33 8018.14 8018.41 8035.19 8113.86 8165.88
7753.28 7700.48 7654.99 7632.05 7618.37 7533.95 7499.18 7463.62 7431.29 7389.85 7396.69 7398.34 7460.16 7512.17 7584.48 7635.34 7672.26 7730.02 7714.74 7677.92 7709.73 7787.21 7789.55 7841.74 8013.46 8201.64 8365.91 8328.75 8233.1 8249.93 8244.32 8226.07 8203.91 8182.86 8172.35 8176.87 8163.25 8139.06 8110.29 8091.43 8094.74 8073.07 8063.96 8061.93 8061.46 8064.13 8067.88 8069.95 8071.73 8076.72 8081.21 8080.55 8081.68 8078.69 8072.98 8067.79 8059.08 8046.92 8032.98 8020.22 8009.94 7996.46 7991.07 7995.46 8025.12 8109.62 8161.97
7804.13 7744.53 7689.53 7640.77 7590.66 7546.28 7524.35 7496.93 7477.85 7439.98 7461.14 7525.23 7588.03 7671.19 7691.09 7704.38 7719.64 7727.98 7715.15 7760.6 7792.87 7789.51 7814.26 7915.68 8079.97 8221.52 8312.87 8298.07 8239.41 8223.58 8216.22 8206.44 8195.73 8191.36 8199.24 8197.97 8174.55 8146.06 8121.88 8112.05 8093.16 8067.84 8063.49 8063.87 8065.63 8067.88 8070.04 8073.59 8079.37 8086.48 8093.09 8092.17 8086.41 8073.15 8055.28 8041.61 8038.08 8027.81 8012.82 7993.11 7970.61 7968.82 7972.02 7979.47 8005.49 8116.96 8194.19
