real_craters/C125-750m.grd
DSAA
102 102
-38.0275 38.0275
-38.0275 38.0275
7133.5697487092 8853.3260260141
[rows 0 to 37 of 102, columns 0 to 83 of 102]
8489 8462 8443 8436 8434 8433 8443 8450 8464 8460 8451 8443 8438 8436 8438 8433 8433 8433 8401 8371 8349 8332 8322 8328 8345 8359 8370 8375 8363 8337 8324 8315 8317 8313 8296 8277 8268 8260 8245 8276 8272 8251 8230 8214 8204 8191 8167 8140 8134 8143 8164 8158 8144 8129 8121 8116 8098 8067 8010 7990 8001 8044 8050 8070 8100 8082 8022 8004 7995 7998 8018 8046 8079 8114 8153 8207 8263 8306 8359 8370 8367 8354 8331 8307
8467 8444 8438 8432 8428 8427 8424 8439 8448 8447 8445 8442 8438 8436 8432 8432 8429 8423 8396 8370 8345 8324 8308 8301 8320 8337 8352 8361 8368 8367 8336 8322 8319 8312 8297 8275 8263 8247 8225 8245 8253 8226 8207 8200 8203 8210 8198 8166 8124 8130 8152 8134 8112 8090 8066 8052 8071 8097 8048 8011 7992 8009 8039 8063 8088 8108 8025 7981 7969 7986 8019 8046 8081 8116 8140 8197 8246 8296 8330 8358 8366 8350 8325 8300
8451 8436 8431 8426 8422 8420 8427 8426 8427 8431 8432 8430 8425 8421 8418 8416 8409 8387 8372 8358 8339 8317 8293 8279 8299 8317 8332 8343 8350 8341 8324 8312 8305 8300 8278 8255 8234 8209 8201 8197 8198 8178 8174 8175 8187 8209 8214 8185 8143 8137 8142 8109 8084 8058 8030 8018 8039 8071 8087 8096 8031 8023 8036 8057 8070 8064 8022 7976 7962 7976 8002 8036 8079 8130 8187 8218 8251 8289 8326 8353 8367 8350 8326 8304
8450 8446 8430 8418 8409 8404 8405 8405 8415 8420 8424 8422 8418 8412 8405 8408 8402 8378 8362 8350 8333 8314 8291 8271 8293 8307 8318 8326 8327 8312 8298 8285 8275 8269 8241 8216 8192 8153 8111 8108 8095 8112 8124 8129 8139 8167 8183 8161 8124 8108 8078 8070 8056 8037 8016 7997 8003 8039 8110 8125 8059 8032 8038 8049 8053 8058 8021 7980 7961 7966 7983 8017 8065 8128 8195 8232 8266 8311 8340 8358 8376 8365 8338 8301
8429 8431 8414 8403 8393 8385 8377 8386 8403 8415 8419 8416 8407 8402 8394 8386 8387 8380 8365 8345 8330 8319 8311 8306 8305 8309 8313 8313 8308 8289 8272 8249 8224 8188 8181 8169 8144 8108 8050 8057 8058 8066 8078 8083 8076 8059 8083 8096 8081 8054 8037 8040 8039 8032 8021 8007 8020 8046 8060 8087 8072 8050 8039 8031 8020 8041 8016 7989 7967 7963 7972 7998 8033 8087 8167 8214 8267 8310 8345 8382 8416 8397 8355 8305
8416 8399 8397 8388 8378 8369 8370 8378 8401 8420 8418 8413 8405 8399 8395 8395 8387 8365 8350 8333 8323 8318 8318 8318 8309 8305 8305 8303 8290 8287 8254 8219 8182 8142 8132 8136 8142 8128 8108 8068 8052 8053 8058 8058 8053 8049 8064 8059 8045 8020 8018 8027 8034 8038 8041 8054 8063 8081 8044 8047 8052 8051 8038 8028 8018 8009 8005 7990 7968 7961 7968 7981 7997 8016 8065 8170 8271 8303 8327 8391 8435 8427 8374 8318
8429 8410 8391 8377 8366 8356 8347 8355 8389 8413 8415 8410 8402 8393 8382 8372 8345 8334 8317 8320 8317 8311 8303 8301 8303 8301 8303 8304 8293 8263 8229 8192 8156 8116 8108 8100 8090 8101 8109 8078 8057 8051 8053 8050 8048 8058 8067 8050 8033 8017 8006 8030 8039 8046 8056 8072 8106 8072 8037 8038 8051 8045 8035 8031 8031 8008 8006 7992 7980 7976 7971 7976 7972 7976 8020 8122 8234 8276 8304 8376 8457 8434 8378 8331
8417 8398 8375 8360 8349 8343 8342 8354 8386 8404 8413 8408 8402 8388 8367 8353 8357 8341 8316 8321 8319 8310 8300 8298 8302 8301 8297 8296 8313 8257 8207 8163 8131 8114 8087 8074 8061 8062 8062 8074 8070 8066 8058 8045 8035 8032 8040 8038 8032 8019 8062 8048 8046 8053 8061 8068 8037 8026 8028 8035 8044 8026 8025 8019 8013 8022 8009 7995 7987 7979 7973 7963 7960 7965 8000 8067 8132 8213 8278 8321 8353 8362 8353 8329
8395 8371 8351 8336 8330 8335 8349 8371 8395 8420 8420 8410 8398 8384 8377 8374 8378 8368 8359 8343 8336 8327 8312 8311 8308 8300 8286 8261 8218 8204 8160 8122 8092 8070 8069 8080 8075 8065 8068 8076 8099 8106 8070 8044 8025 8014 8017 8041 8047 8051 8037 8036 8048 8057 8061 8056 8038 8030 8046 8050 8030 8029 8024 8013 8015 8004 7999 8000 8003 8005 7981 7961 7960 7969 7989 8022 8067 8128 8190 8237 8282 8314 8311 8303
8396 8374 8349 8305 8306 8322 8350 8388 8397 8417 8418 8408 8396 8383 8372 8379 8382 8378 8371 8361 8358 8360 8365 8341 8322 8302 8280 8247 8189 8141 8103 8085 8067 8058 8075 8102 8089 8063 8060 8071 8085 8086 8065 8050 8031 8034 8049 8071 8077 8064 8036 8045 8067 8079 8080 8070 8070 8074 8087 8089 8075 8061 8039 8020 8011 7999 7992 7999 8010 8020 7990 7967 7965 7980 7984 7991 8003 8035 8062 8138 8220 8273 8245 8245
8385 8294 8228 8246 8280 8307 8332 8355 8378 8399 8410 8405 8394 8383 8377 8386 8402 8406 8379 8371 8377 8389 8399 8363 8329 8300 8276 8260 8220 8135 8085 8076 8069 8090 8134 8169 8161 8078 8065 8068 8060 8033 8066 8077 8081 8114 8130 8127 8125 8123 8117 8096 8105 8107 8106 8107 8125 8132 8110 8111 8108 8086 8053 8026 8013 8001 7988 7996 8007 8001 7989 7971 7963 7962 7970 7976 7977 7993 8006 8058 8094 8098 8149 8171
8391 8252 8116 8236 8280 8300 8310 8319 8347 8389 8404 8397 8389 8379 8368 8383 8406 8416 8384 8373 8382 8396 8399 8361 8321 8282 8253 8236 8206 8133 8090 8096 8110 8140 8175 8132 8159 8166 8108 8108 8094 8099 8112 8128 8143 8189 8194 8183 8179 8182 8190 8171 8154 8144 8140 8141 8148 8115 8099 8113 8116 8086 8064 8034 8005 8025 8013 8023 8019 8005 7992 7979 7962 7949 7962 7982 8006 7992 8003 8029 8045 8067 8091 8107
8453 8395 8444 8339 8315 8308 8304 8303 8328 8362 8379 8387 8384 8375 8364 8373 8382 8380 8375 8374 8374 8381 8375 8342 8302 8261 8218 8171 8147 8132 8113 8135 8161 8179 8194 8213 8217 8209 8166 8146 8150 8167 8173 8185 8211 8219 8222 8217 8214 8216 8218 8228 8198 8178 8165 8157 8140 8091 8106 8110 8114 8106 8084 8055 8038 8091 8121 8085 8051 8022 7998 7978 7967 7965 7966 7966 7968 7975 8007 8005 8018 8053 8059 8060
8481 8448 8421 8384 8348 8327 8314 8317 8335 8362 8378 8388 8382 8374 8368 8365 8360 8347 8356 8356 8348 8347 8335 8314 8280 8239 8193 8146 8138 8163 8204 8180 8179 8199 8222 8259 8254 8213 8196 8188 8195 8214 8218 8223 8229 8235 8236 8234 8235 8236 8233 8235 8214 8189 8169 8150 8132 8086 8110 8110 8124 8139 8112 8080 8103 8126 8174 8129 8079 8032 8005 7994 7987 7991 7974 7959 7948 7940 7899 7911 7986 8025 8050 8054
8451 8440 8424 8398 8365 8338 8325 8335 8348 8375 8399 8393 8379 8365 8360 8355 8350 8347 8332 8314 8311 8322 8313 8289 8264 8231 8189 8148 8154 8183 8207 8192 8184 8214 8267 8271 8266 8250 8227 8218 8223 8240 8247 8252 8253 8256 8243 8239 8239 8246 8257 8240 8216 8188 8160 8131 8100 8092 8122 8120 8138 8153 8144 8113 8134 8133 8155 8142 8098 8049 8025 8035 8037 8009 7995 7970 7955 7949 7947 7977 7993 8036 8070 8108
8429 8427 8428 8402 8369 8341 8320 8311 8319 8360 8397 8386 8366 8346 8338 8336 8334 8329 8316 8289 8273 8253 8273 8270 8255 8235 8208 8172 8182 8196 8200 8183 8173 8205 8243 8260 8257 8255 8243 8234 8231 8234 8244 8264 8264 8244 8240 8235 8234 8241 8254 8243 8207 8181 8153 8119 8091 8103 8129 8130 8158 8191 8197 8185 8161 8169 8176 8151 8118 8086 8069 8068 8066 8051 8035 8013 7994 7984 7982 7982 7994 8021 8076 8166
8421 8415 8406 8391 8365 8338 8311 8281 8283 8336 8367 8364 8338 8313 8307 8308 8310 8318 8300 8276 8245 8225 8252 8259 8259 8252 8248 8253 8226 8216 8204 8185 8174 8194 8211 8231 8244 8248 8244 8233 8228 8226 8235 8260 8260 8244 8232 8224 8218 8216 8219 8208 8188 8171 8153 8125 8094 8118 8144 8154 8178 8205 8221 8225 8196 8189 8178 8158 8138 8119 8105 8094 8091 8088 8078 8074 8050 8020 7999 7988 7984 7989 8027 8111
8416 8399 8394 8382 8362 8338 8312 8291 8296 8328 8358 8342 8304 8274 8271 8279 8279 8263 8244 8229 8224 8234 8244 8263 8268 8275 8279 8271 8256 8238 8224 8202 8189 8197 8212 8237 8249 8248 8239 8229 8220 8216 8219 8224 8232 8228 8216 8206 8196 8183 8163 8149 8162 8162 8161 8162 8142 8145 8166 8170 8194 8216 8228 8231 8219 8216 8193 8180 8162 8143 8129 8116 8101 8106 8109 8108 8083 8047 8015 7990 7974 7963 7972 8011
8379 8380 8381 8369 8357 8339 8320 8306 8305 8314 8334 8314 8276 8233 8249 8270 8270 8250 8233 8238 8229 8207 8248 8273 8286 8294 8300 8301 8276 8255 8235 8214 8204 8208 8217 8237 8237 8237 8233 8224 8214 8198 8183 8177 8188 8198 8198 8190 8176 8158 8135 8120 8141 8159 8167 8171 8159 8150 8179 8183 8208 8240 8267 8243 8241 8226 8226 8207 8179 8162 8148 8140 8133 8121 8130 8127 8104 8067 8027 7994 7973 7957 7951 7954
8387 8389 8382 8366 8358 8343 8327 8309 8299 8292 8276 8269 8281 8279 8286 8295 8296 8288 8285 8297 8300 8286 8286 8293 8297 8304 8305 8297 8287 8268 8249 8233 8222 8221 8226 8237 8237 8235 8231 8223 8213 8198 8183 8171 8185 8189 8184 8176 8165 8150 8133 8124 8150 8167 8180 8172 8189 8228 8209 8200 8222 8246 8274 8292 8270 8273 8235 8196 8192 8182 8171 8158 8142 8136 8144 8147 8115 8074 8034 8001 7972 7954 7943 7943
8452 8423 8403 8396 8371 8352 8338 8324 8294 8299 8280 8280 8317 8349 8346 8336 8338 8346 8365 8373 8375 8357 8330 8318 8322 8324 8329 8317 8295 8275 8256 8246 8235 8233 8231 8238 8239 8236 8233 8228 8220 8210 8190 8176 8180 8182 8179 8174 8164 8153 8144 8144 8163 8184 8209 8243 8245 8222 8244 8233 8236 8244 8249 8277 8265 8255 8241 8227 8211 8199 8192 8176 8156 8151 8152 8147 8115 8078 8035 7991 7963 7953 7948 7941
8467 8439 8409 8381 8373 8363 8356 8353 8373 8347 8330 8336 8355 8375 8372 8368 8375 8387 8398 8392 8381 8372 8353 8341 8335 8336 8336 8319 8300 8278 8257 8241 8241 8241 8248 8237 8243 8239 8236 8233 8232 8229 8227 8198 8178 8178 8179 8174 8169 8164 8160 8161 8175 8202 8230 8250 8249 8234 8247 8249 8248 8250 8257 8273 8271 8250 8246 8244 8225 8214 8205 8196 8185 8176 8160 8142 8117 8084 8045 8000 7972 7958 7940 7927
8465 8431 8407 8386 8377 8372 8366 8361 8357 8353 8363 8379 8380 8387 8391 8393 8398 8407 8416 8401 8378 8368 8362 8353 8348 8341 8328 8318 8300 8278 8258 8247 8243 8240 8241 8240 8239 8244 8244 8242 8243 8244 8247 8233 8193 8187 8188 8187 8185 8182 8181 8183 8198 8223 8248 8255 8242 8243 8276 8266 8255 8253 8263 8274 8281 8260 8235 8232 8231 8226 8220 8226 8220 8186 8167 8148 8124 8095 8064 8039 8014 7970 7937 7921
8438 8413 8415 8408 8393 8381 8370 8360 8343 8351 8371 8385 8393 8398 8405 8410 8413 8415 8409 8397 8380 8367 8360 8355 8348 8346 8344 8319 8297 8276 8257 8246 8244 8240 8236 8243 8252 8265 8269 8265 8259 8253 8242 8233 8220 8205 8200 8204 8205 8207 8208 8211 8220 8251 8279 8261 8247 8252 8277 8264 8248 8242 8243 8260 8269 8256 8236 8234 8241 8237 8230 8218 8207 8189 8174 8156 8136 8109 8081 8054 8020 7980 7943 7926
8473 8460 8448 8427 8415 8398 8379 8365 8361 8366 8375 8398 8415 8419 8421 8422 8423 8422 8416 8401 8373 8362 8351 8345 8345 8344 8344 8319 8295 8274 8257 8245 8249 8259 8254 8245 8275 8282 8277 8268 8261 8254 8242 8234 8232 8227 8222 8224 8226 8230 8235 8238 8255 8282 8301 8301 8271 8256 8238 8231 8228 8227 8235 8251 8265 8250 8220 8261 8260 8240 8229 8227 8218 8211 8202 8179 8151 8121 8091 8060 8022 7991 7955 7946
8521 8512 8488 8480 8457 8413 8385 8364 8345 8338 8370 8400 8425 8434 8436 8433 8430 8426 8424 8413 8387 8353 8340 8334 8332 8329 8321 8310 8291 8273 8260 8261 8274 8285 8282 8267 8320 8308 8298 8286 8274 8262 8251 8242 8240 8242 8243 8245 8249 8254 8262 8272 8291 8290 8282 8272 8253 8229 8204 8200 8207 8210 8225 8234 8245 8244 8221 8236 8243 8231 8219 8212 8221 8239 8235 8203 8165 8132 8102 8073 8050 8016 7980 7962
8552 8535 8507 8472 8434 8411 8388 8368 8352 8354 8385 8419 8455 8460 8451 8440 8430 8422 8417 8415 8394 8340 8326 8320 8319 8314 8307 8297 8283 8268 8258 8277 8298 8292 8289 8297 8319 8316 8307 8295 8280 8270 8277 8295 8262 8262 8263 8263 8268 8274 8285 8302 8312 8274 8259 8226 8235 8210 8196 8204 8197 8192 8191 8207 8232 8228 8204 8213 8222 8219 8209 8203 8228 8252 8241 8202 8164 8132 8104 8078 8058 8031 8016 7973
8576 8563 8517 8467 8420 8412 8398 8385 8377 8386 8411 8447 8481 8480 8461 8442 8425 8410 8403 8397 8371 8327 8313 8307 8307 8306 8298 8287 8276 8265 8260 8266 8276 8286 8293 8290 8307 8316 8311 8300 8289 8274 8256 8268 8278 8278 8278 8275 8279 8284 8291 8299 8292 8261 8255 8224 8213 8195 8194 8197 8190 8185 8186 8197 8212 8225 8217 8213 8206 8218 8218 8220 8246 8239 8206 8178 8153 8129 8106 8080 8046 8030 8013 7994
8590 8556 8525 8486 8455 8432 8414 8403 8400 8409 8434 8476 8502 8487 8463 8439 8416 8395 8373 8346 8332 8308 8296 8292 8296 8301 8294 8279 8267 8260 8258 8256 8260 8292 8297 8295 8313 8316 8314 8308 8302 8297 8303 8309 8297 8294 8293 8289 8290 8292 8293 8290 8280 8260 8235 8219 8203 8191 8189 8183 8182 8177 8183 8190 8222 8229 8241 8237 8237 8231 8234 8244 8237 8228 8183 8158 8148 8131 8112 8092 8074 8052 8027 7987
8595 8565 8528 8497 8480 8447 8431 8425 8426 8433 8451 8473 8497 8479 8456 8433 8408 8382 8352 8318 8295 8285 8279 8276 8278 8285 8277 8267 8260 8256 8258 8262 8278 8303 8304 8295 8312 8321 8320 8318 8316 8324 8341 8347 8317 8310 8301 8298 8297 8295 8292 8284 8269 8247 8213 8198 8194 8216 8211 8215 8182 8164 8169 8182 8204 8220 8231 8237 8236 8239 8238 8222 8207 8212 8170 8161 8153 8141 8126 8108 8090 8071 8045 8014
8595 8556 8521 8490 8457 8448 8445 8446 8449 8460 8458 8452 8458 8458 8445 8424 8399 8373 8343 8313 8287 8268 8267 8265 8258 8247 8253 8255 8253 8252 8256 8269 8292 8328 8318 8309 8322 8329 8329 8324 8321 8318 8325 8323 8317 8308 8304 8300 8296 8292 8282 8273 8259 8222 8188 8173 8188 8233 8220 8191 8178 8153 8158 8172 8185 8201 8219 8235 8246 8244 8237 8224 8217 8220 8218 8195 8177 8162 8144 8127 8110 8103 8081 8032
8593 8553 8520 8492 8466 8459 8460 8461 8464 8467 8460 8447 8444 8444 8430 8411 8388 8363 8340 8318 8293 8267 8268 8261 8251 8238 8243 8247 8247 8246 8248 8267 8286 8305 8313 8320 8339 8346 8338 8330 8325 8321 8332 8335 8318 8319 8315 8311 8303 8296 8289 8276 8253 8218 8213 8179 8165 8181 8208 8206 8193 8185 8174 8169 8163 8179 8204 8228 8239 8243 8239 8232 8230 8251 8240 8231 8207 8186 8165 8146 8131 8110 8076 8041
8597 8558 8524 8504 8492 8480 8475 8474 8473 8468 8458 8453 8453 8440 8421 8402 8381 8361 8340 8324 8310 8299 8284 8274 8263 8254 8252 8252 8252 8250 8253 8262 8270 8278 8285 8308 8333 8342 8337 8330 8328 8331 8339 8348 8345 8329 8326 8326 8324 8317 8306 8291 8275 8257 8212 8196 8189 8190 8184 8181 8188 8209 8200 8156 8138 8156 8176 8192 8221 8233 8239 8232 8236 8267 8300 8271 8237 8209 8186 8164 8140 8110 8090 8077
8604 8566 8531 8518 8504 8491 8488 8487 8485 8481 8475 8468 8454 8436 8417 8398 8379 8361 8344 8336 8318 8306 8297 8291 8285 8275 8270 8262 8258 8260 8262 8264 8254 8253 8275 8301 8323 8335 8329 8325 8323 8322 8316 8321 8331 8335 8343 8345 8339 8334 8321 8306 8294 8264 8222 8202 8174 8157 8159 8161 8174 8187 8193 8202 8148 8149 8162 8177 8199 8211 8214 8212 8212 8242 8273 8271 8248 8224 8202 8182 8161 8135 8119 8105
8617 8584 8556 8540 8521 8508 8505 8502 8499 8494 8478 8462 8445 8430 8416 8399 8383 8363 8348 8337 8311 8307 8301 8305 8318 8318 8289 8271 8258 8255 8265 8276 8290 8279 8299 8301 8307 8311 8318 8318 8314 8308 8305 8310 8313 8348 8362 8362 8367 8359 8350 8326 8314 8301 8245 8222 8182 8153 8145 8149 8165 8154 8169 8203 8160 8155 8161 8169 8194 8206 8188 8190 8212 8229 8246 8254 8247 8233 8216 8200 8188 8184 8150 8116
8637 8604 8580 8560 8544 8532 8521 8517 8514 8509 8499 8471 8452 8432 8415 8400 8386 8369 8348 8333 8318 8301 8299 8315 8328 8319 8295 8271 8254 8239 8255 8285 8312 8289 8292 8287 8300 8320 8320 8317 8312 8309 8316 8339 8351 8374 8367 8348 8337 8329 8335 8338 8358 8346 8344 8306 8242 8191 8157 8124 8203 8178 8148 8157 8160 8164 8170 8178 8196 8192 8171 8167 8178 8209 8230 8240 8243 8233 8220 8207 8196 8188 8163 8125
8647 8614 8588 8571 8552 8535 8535 8532 8529 8527 8530 8508 8465 8435 8419 8405 8392 8378 8362 8357 8344 8320 8309 8323 8334 8323 8292 8264 8242 8244 8252 8276 8301 8259 8227 8266 8300 8325 8330 8322 8318 8331 8346 8399 8435 8424 8369 8320 8282 8265 8269 8310 8368 8432 8420 8381 8356 8297 8230 8172 8208 8176 8143 8144 8162 8169 8181 8196 8209 8202 8145 8157 8155 8187 8234 8249 8246 8233 8217 8202 8193 8185 8164 8113
8656 8619 8590 8571 8567 8558 8554 8546 8536 8526 8513 8506 8474 8446 8422 8403 8392 8388 8395 8388 8376 8346 8332 8325 8328 8308 8278 8248 8222 8199 8230 8254 8243 8210 8226 8259 8294 8328 8341 8340 8320 8319 8392 8456 8528 8459 8313 8228 8201 8178 8182 8205 8284 8403 8571 8615 8518 8389 8326 8302 8318 8199 8174 8185 8161 8164 8186 8218 8235 8214 8208 8182 8184 8249 8271 8280 8250 8225 8205 8190 8182 8174 8156 8137
