real_craters/C125-500m.grd
DSAA
153 153
-38.0275 38.0275
-38.0275 38.0275
7129.2764106553 8854.3704723838
[rows 30 to 59 of 153, columns 0 to 66 of 153]
8447.53 8430.96 8414.59 8401.88 8397.58 8385.17 8370.45 8357.11 8347.5 8336.9 8327.69 8315.11 8290.91 8297.1 8293.38 8278.13 8266.61 8288 8312.87 8336.91 8349.67 8342.27 8333.33 8332.51 8333.83 8338.25 8346.2 8360.1 8363.92 8377.15 8374.35 8366.38 8344.54 8329.62 8318.54 8315.5 8318.5 8321.99 8324.23 8327.6 8326.44 8310.54 8296.74 8283.28 8269.84 8257.63 8247.5 8242.5 8235.4 8232.46 8231.61 8231.2 8234.28 8238.71 8239.09 8237.59 8235.97 8233.57 8230.45 8226.37 8221.13 8214.2 8205.62 8192.13 8179.99 8174.9 8179.63
8468.32 8447.47 8424.76 8408.82 8396.81 8384.27 8372.8 8364.48 8356.31 8349.72 8343.06 8341.4 8346.84 8337.69 8320.89 8309.4 8305.31 8319.71 8339.26 8359.5 8370.47 8363.21 8359.05 8358.23 8360.73 8367.37 8377.38 8386.64 8387.72 8383.83 8379.66 8378.41 8362.85 8346.64 8335.64 8329.65 8330.45 8332.37 8333.37 8334.05 8328.39 8316.35 8301.49 8286.74 8272.47 8259.21 8247.4 8241.36 8240.03 8238.46 8238.06 8236.92 8236.52 8238.24 8244.87 8240.4 8237.27 8234.63 8231.95 8229.2 8226.1 8223.77 8220.03 8213.92 8195.37 8180.5 8177.88
8470.94 8452.4 8427.89 8407.15 8390.07 8377.21 8373.26 8369.4 8363.84 8359.22 8356.85 8360.41 8376.31 8366.33 8347.03 8342.78 8348.65 8354.88 8362.3 8371.96 8379.82 8378.63 8376.17 8377.66 8382.6 8388.93 8397.97 8408.17 8402.05 8390.29 8381.11 8376.4 8366.52 8357.77 8349.38 8342.72 8341.34 8338.79 8337.15 8336.74 8328.96 8317.07 8302.74 8287.91 8273.22 8259.19 8246.45 8241.2 8241.67 8241.04 8242.14 8245.97 8241.23 8236.36 8241.96 8241.17 8240.24 8239.07 8237.45 8235.54 8235.76 8234.52 8234.56 8236.67 8234.28 8205.76 8181.96
8467.13 8446.06 8422.7 8407.36 8393.16 8380.62 8376.55 8373.26 8369.46 8365.22 8362.94 8360.87 8360 8355.33 8354.6 8361.68 8375.02 8377.85 8378.49 8380.65 8387.65 8389.11 8390.64 8392.85 8396.92 8402.64 8409.62 8415.67 8409.17 8394.11 8379.05 8370.96 8366.53 8361.08 8354.32 8348.86 8343.55 8343 8337.96 8330.95 8323.21 8314.62 8301.73 8287.47 8273.09 8259.35 8247.71 8247.04 8243.53 8241.5 8240.78 8240.48 8240.01 8239.56 8237.97 8242.14 8243.94 8244.1 8243.28 8241.99 8244.17 8243.15 8243.92 8246.07 8248.26 8223.21 8195.54
8443.99 8419.4 8414.5 8410.75 8402.08 8396.22 8386.53 8379.94 8375.28 8369.01 8363.23 8354.68 8341.03 8335.05 8354.68 8368.51 8380.46 8386.08 8388.09 8391.84 8395.89 8399.61 8402.64 8405.64 8408.7 8410.91 8414.43 8416.22 8407.38 8394.83 8381.81 8367.98 8365.87 8362.21 8357.55 8353.08 8348.82 8347.67 8340.52 8326.83 8319.88 8312.99 8300.21 8285.99 8271.86 8258.46 8249.57 8246.93 8243.91 8241.14 8238.54 8237.95 8239.65 8241.54 8240.72 8249.31 8253.78 8254.93 8254.46 8253.02 8251.57 8249.02 8248.39 8245 8239.81 8226.71 8206.85
8440.48 8413.34 8420.58 8420.98 8414.78 8406.32 8396.26 8389.31 8381.26 8372.81 8365.64 8357.11 8350.59 8354.51 8362.11 8372.5 8383.63 8392.85 8399.09 8396.21 8404.89 8408.97 8412.43 8414.48 8416.42 8416.6 8415.42 8408.91 8400.02 8392.23 8379.22 8371.57 8363.9 8358.73 8354.36 8350.34 8350.03 8347.35 8344.91 8341.54 8327.54 8314.01 8299.21 8284.55 8270.7 8258.57 8248.72 8244.22 8244.37 8244.67 8240.18 8234.2 8239.66 8248.11 8260.64 8266.99 8271.42 8272.02 8269.71 8266.28 8262.66 8257.15 8251.89 8243.85 8237.02 8232.19 8229.28
8468.02 8453.59 8451.41 8443.96 8433.29 8410.47 8411.64 8403.85 8391.03 8379.52 8368.67 8361.3 8362.36 8369.48 8365.73 8375.01 8389.75 8403.08 8413.46 8419.54 8417.7 8419.26 8419.86 8421.02 8422.16 8422.48 8420.33 8415.16 8406.54 8394.05 8374.25 8367.52 8359.58 8353.45 8348.67 8345.07 8346.06 8344.74 8344.84 8343.64 8327.82 8313.17 8297.65 8282.9 8269.91 8258.79 8249.46 8243.04 8246.54 8253.68 8256.95 8251.17 8245.54 8249.86 8273.36 8280.4 8280.22 8276.52 8271.49 8265.97 8260.84 8258.74 8254.53 8245.47 8234.96 8233.8 8231.97
8504.84 8506.88 8488.44 8473.66 8465.35 8466.31 8446.13 8419.48 8399.7 8384.13 8370.9 8359.77 8353.82 8354.12 8356.18 8371.65 8389.9 8404.29 8417.28 8421.03 8427.66 8428.69 8428.85 8427.78 8427.34 8425.97 8424.75 8423.77 8419.45 8402.54 8378.93 8363.04 8352.85 8345.62 8340.74 8337.45 8335.4 8337.75 8336.89 8335.25 8321.36 8309.09 8294.79 8281.44 8269.46 8260.61 8255.55 8246.46 8255.97 8269.66 8279.88 8277.46 8257.44 8241.12 8288.86 8299.83 8296.57 8289.94 8283.69 8275.63 8268.88 8262.13 8255.42 8248.71 8244.32 8240.06 8237.3
8529.58 8525.08 8511.22 8496.72 8484.89 8480.39 8456.49 8425.58 8403.81 8386.53 8371.12 8357.24 8341.99 8325.4 8346.17 8370.51 8393.44 8408.89 8428.85 8437.24 8440.27 8439.68 8437.55 8433.89 8430.29 8428.17 8424.88 8422.38 8414.83 8408.96 8398.73 8359.41 8345.66 8338.09 8333.24 8330.02 8329.33 8327.21 8323.94 8317.24 8312.56 8302.5 8291.12 8279.08 8267.75 8258.87 8258.62 8274.18 8285.33 8286.11 8288.1 8285.71 8280.96 8300.93 8332.15 8319.04 8310.35 8302.31 8294.9 8286.13 8277.25 8269.66 8262.09 8255.36 8246.29 8238.79 8241.29
8549.34 8540.65 8525.99 8505.87 8485.76 8460.37 8436.86 8420.05 8402.78 8388.55 8375.08 8361.98 8350.66 8344.42 8359.11 8381.89 8405.61 8427.21 8450.46 8457.9 8455.67 8449.47 8443.31 8437.47 8430.82 8425.07 8421.48 8417.58 8411.89 8413.14 8397.21 8351.57 8336.09 8327.77 8322.74 8319.65 8320.41 8317.66 8313.88 8308.98 8301.56 8295.14 8285.2 8274.97 8265.38 8257.84 8259.89 8286.72 8298.79 8293.63 8289.89 8288.6 8290.6 8307.35 8319.38 8319.98 8314.43 8307.42 8299.95 8292.28 8283.86 8273.15 8268.51 8272 8278.61 8274.89 8258.82
8567.02 8556.73 8538.88 8512.82 8483.74 8449.4 8423.35 8413.74 8403.77 8393.87 8382.96 8372.9 8367.34 8372.03 8381.01 8399.21 8422.55 8443.67 8471.76 8476.93 8468.65 8459.07 8447.69 8436.7 8427.21 8419.82 8414.9 8413.39 8418.4 8409.93 8391.05 8345.8 8327.79 8319.01 8313.6 8310.93 8311.71 8309.85 8304.66 8299.91 8294.85 8287.96 8280.7 8271.37 8264.05 8260.38 8264.45 8278.31 8287.95 8289.14 8293.71 8292.19 8290.41 8293.12 8309.24 8315.44 8313.92 8308.89 8302.15 8295.27 8287.6 8279.3 8270.05 8264.77 8276.47 8281.57 8275.71
8580.72 8571.77 8552.18 8519.88 8487.88 8453.03 8425.97 8419.6 8411.07 8401.64 8392.5 8386.46 8382.5 8383.59 8394.3 8416.12 8441.54 8465.19 8483.32 8487.59 8476.63 8462.28 8449.17 8435.97 8424.73 8413.9 8404.1 8396.51 8388.75 8383.33 8365.21 8333.55 8318.55 8310.81 8306.28 8306.07 8304.73 8305.67 8305.55 8299.6 8290.2 8283.33 8275.39 8268.44 8262.58 8259.44 8259.82 8262.91 8266.36 8278.69 8286.48 8292.69 8294.92 8293.9 8305.83 8316.32 8316.5 8312.51 8305.12 8299.17 8291.99 8283.55 8272.5 8257.4 8271.53 8274.76 8280.57
8588.9 8570.27 8545.35 8524.33 8497.84 8471.95 8451.26 8436.71 8423.49 8413.21 8404.17 8399.37 8397.38 8401.83 8412.08 8431.12 8458.52 8487.6 8500.9 8494.32 8480.18 8464.53 8448.58 8432.79 8418.57 8404.5 8390.26 8376.11 8360.21 8350.3 8338.81 8318.27 8305.97 8297.85 8294.47 8292.98 8296.63 8299.88 8304.34 8296.56 8285.93 8277.23 8269.2 8263.21 8260.29 8258.94 8257.27 8255.37 8258.02 8277.31 8294.95 8296.61 8295.45 8297.52 8312.39 8317.72 8316.82 8314.99 8309.92 8307.18 8302.41 8295.96 8292.85 8293.88 8299.55 8307.07 8297.49
8593.62 8575.17 8556.85 8528.8 8504.74 8488.85 8477.27 8452.8 8435.33 8424.53 8418.09 8415.02 8414.54 8417.26 8423.78 8443.04 8465.52 8489.71 8508.99 8494.69 8478.2 8460.58 8444.76 8428.89 8411.64 8395.83 8378.42 8360.75 8342.77 8323.41 8308.08 8300.24 8292.09 8287.21 8284.65 8283.56 8285.4 8288.82 8287.47 8285.4 8276.95 8270.42 8265.21 8260.25 8258.84 8260.49 8258.87 8259.09 8264.17 8284.42 8299.92 8301.1 8296.26 8297.87 8308.22 8316.5 8319.77 8319.11 8316.88 8314.9 8312.33 8312.74 8316.99 8318.76 8327.72 8323.96 8313.65
8595.85 8574.58 8551.77 8527.66 8505.07 8489.76 8476.48 8454.64 8441.41 8433.95 8429.99 8429.43 8431.58 8438.71 8449.63 8453.55 8461.39 8473.3 8486.14 8480.39 8468.25 8454.35 8439.99 8425.28 8407.62 8390.27 8371.27 8350.42 8328.33 8301.59 8291.96 8284.45 8279.35 8275.6 8273.34 8273.43 8272.76 8273.52 8278.46 8272.19 8266.87 8263.08 8257.39 8255.14 8255.76 8256.82 8260.36 8266.35 8278.35 8298.3 8311.82 8308.25 8298.59 8300.22 8312.83 8321.18 8322.99 8322.4 8319.06 8317.79 8317.07 8319.38 8329.01 8349.89 8347.41 8343.29 8321.47
8595.31 8570.2 8544.41 8522.25 8501.85 8480.87 8458.03 8448.67 8446.18 8444.02 8443.76 8444.87 8447.32 8455.76 8460.1 8458.39 8455.67 8451.77 8459.9 8462.56 8457.19 8446.75 8433.26 8419.56 8401.57 8384.19 8365.11 8344.88 8325.31 8305.64 8289.54 8275.76 8268.84 8268.42 8266.36 8264.56 8260.04 8253.99 8248.84 8254.09 8256.09 8255.72 8253.68 8251.06 8252.82 8255.93 8261.95 8272.33 8286.28 8314.14 8326.87 8318.14 8305.92 8309.24 8319.67 8327.7 8328.83 8328.37 8325.3 8322.53 8320.43 8319.11 8318.74 8323.92 8331.75 8328.12 8319.57
8593.46 8566.4 8538.32 8518.39 8499.82 8478.83 8459.49 8451.21 8452.39 8453.46 8454.21 8455.89 8458.6 8463.16 8464.1 8459.09 8451 8442.28 8447.34 8450.15 8446.66 8437.96 8425.81 8411.48 8395.29 8378.64 8360.55 8342.77 8323.97 8303.82 8289.29 8271.95 8264.61 8265.33 8263.14 8259.92 8252.59 8242.94 8237.56 8243.41 8247.91 8249.45 8248.95 8248.31 8248.03 8252.05 8260.78 8274.46 8294.66 8310.89 8318.74 8319.76 8323.01 8320.22 8326.45 8332.24 8337.79 8334.92 8331.23 8326.77 8322.87 8319.83 8315 8319.32 8334.69 8321.67 8311.4
8593.66 8567.37 8542.71 8521.74 8502.94 8485.97 8471.42 8463.34 8462.97 8463.47 8464.49 8465.06 8466.16 8467.61 8467.71 8460.5 8451.94 8446.19 8445.15 8443.74 8437.48 8426.5 8413.65 8401.08 8386.27 8371.91 8356.57 8340.67 8327.98 8317.63 8298.61 8284.06 8276.15 8271.53 8266.22 8261.35 8252.45 8242.23 8238.05 8242.59 8246.58 8248.53 8247.63 8246.19 8244.77 8245.32 8257.65 8269.14 8280.09 8290.7 8300.28 8306.64 8311.32 8321.97 8337.66 8356.25 8345.88 8339.65 8334.43 8330.25 8326.56 8323.76 8323.02 8332.47 8344.24 8334.93 8323.67
8596.5 8570.35 8544 8523.93 8509.49 8499.35 8489.35 8482.18 8475.72 8473.41 8473.01 8473.3 8472.48 8469.96 8465.17 8459.06 8454.6 8449.77 8451.2 8446.21 8435.14 8421.92 8408.06 8396.09 8382.11 8368.58 8354.77 8340.81 8328.4 8318.68 8309.23 8301.49 8293.77 8283.4 8275.14 8269.49 8261.61 8253.38 8248.06 8249.78 8251.08 8251.72 8250.93 8250.27 8249.31 8251.22 8257.24 8263.51 8270.67 8279.75 8281.61 8287.26 8300.99 8315.71 8332.36 8345.05 8342.99 8338.45 8333.46 8330 8328.23 8327.94 8331.04 8337.26 8346.07 8349.21 8348.52
8599.68 8574.51 8548.64 8528.52 8516.83 8506.85 8501.31 8494.89 8485.97 8483.15 8481.7 8480.36 8478.43 8474.66 8466.42 8463.43 8462 8456.17 8458.17 8447.19 8433.04 8419.62 8407.18 8394.1 8381.15 8367.81 8355.62 8342.28 8327.7 8315.24 8318.45 8309.31 8301.76 8292.64 8285.69 8280.66 8274.87 8271.06 8266.84 8262.36 8259.56 8258.02 8257.09 8256.51 8253.18 8255.95 8260.29 8261.65 8257.57 8255.59 8263.63 8269.15 8284.88 8307.84 8324.01 8332.91 8337.18 8334.67 8330.67 8328.31 8326.03 8326.72 8330.65 8330.75 8336.4 8335.49 8330.95
8606.79 8582.27 8556 8535.28 8526.69 8518.68 8506.22 8491.69 8492.28 8491.38 8490.54 8489.17 8487.81 8485.58 8485.91 8481.25 8470.73 8470.26 8454.56 8441.95 8429.49 8417.37 8405.08 8392.55 8380.38 8368.14 8356.81 8346.17 8338.04 8330.65 8318.31 8310.54 8304.67 8299.14 8296.14 8294.98 8292.55 8281.45 8281.33 8274.84 8268.39 8262.36 8259.52 8259.81 8266.12 8266.32 8265.65 8265.87 8259.94 8244.73 8261 8276.82 8292.18 8305.11 8317.7 8327.56 8329.22 8327.15 8325.17 8322.68 8320.41 8317.63 8314.74 8310.28 8302.75 8318.02 8329.5
8615.96 8592.68 8571.03 8554.98 8540.27 8531.67 8518.25 8502.96 8504.31 8502.78 8500.64 8498.64 8497.08 8494.58 8489.84 8479.41 8469.13 8456.21 8446.98 8435.18 8426.46 8416.32 8405.1 8394.43 8383.12 8369.67 8358.32 8349 8340.61 8328.09 8312.35 8308.21 8306.34 8301.81 8301.84 8306.85 8314.31 8325.86 8304.12 8288.6 8276.39 8266.83 8259.15 8256.12 8264.89 8267.68 8270.73 8276.67 8284.97 8277.74 8279.42 8296.33 8299.13 8302.8 8307.86 8311.29 8315.74 8318.48 8318.73 8318.06 8315.43 8310.53 8307.49 8304.08 8300.96 8311.41 8315.17
8627.6 8605.21 8585.4 8568.08 8554.16 8546.13 8536.18 8534.11 8521.63 8514.19 8510.87 8508.44 8506.6 8503.69 8496.66 8484.04 8472.86 8457.78 8447.47 8436.7 8426.08 8415.5 8407.11 8394.76 8383.18 8373.77 8360.65 8349.08 8339.43 8328.96 8314.09 8305.23 8290.28 8296.91 8305.76 8315.13 8321.74 8318.61 8314.9 8296.49 8280.3 8266.2 8256.38 8245.65 8231.5 8252.58 8271.27 8290.15 8302.14 8291.88 8287.73 8301.68 8297.08 8296.77 8300.91 8303.11 8310.93 8316.84 8318.09 8314.74 8311.68 8308.5 8308.11 8312.11 8319.95 8324.84 8326.67
8639.05 8616.92 8598.7 8585.07 8566.66 8556.97 8545.85 8534.65 8528.27 8524.13 8521.43 8519.02 8517.29 8515.76 8514.11 8509.9 8489.85 8469.08 8454.85 8439.53 8426.61 8416.5 8406.22 8397.9 8388.06 8377.94 8364.79 8350.42 8335.14 8332.74 8322.95 8311.02 8300.37 8299.76 8310.59 8322.02 8331.06 8331.29 8315.23 8297.13 8279.68 8265.9 8253.72 8247.2 8245.12 8254.07 8272.02 8294.64 8310.36 8304.91 8277.74 8267.65 8275.32 8285.21 8298.11 8312.52 8323.78 8321.58 8320.09 8317.76 8314.53 8310.48 8312.21 8316.55 8332.68 8354.54 8362.72
8647.16 8625.35 8605.23 8588.99 8572.18 8563.78 8551.69 8538.37 8533.72 8533.24 8531.3 8529 8527.08 8525.78 8527.4 8530.47 8514.36 8490.31 8464.2 8440.84 8429.13 8419.35 8409.72 8400.31 8391.47 8381.77 8371.99 8360.48 8351.41 8350.18 8338.36 8327.82 8310.35 8306.38 8315.54 8326.4 8334.82 8335.2 8315.33 8295.38 8276.77 8259.02 8245.93 8242.9 8255.43 8253 8266.42 8284.3 8304.08 8287.79 8252.36 8224.92 8250.21 8274.2 8295.79 8314.97 8326.19 8328.89 8325.1 8320.69 8317.21 8321.6 8328.27 8336.63 8364.04 8400.45 8419.95
8652.47 8627.93 8606.66 8588.71 8574.31 8569.18 8559.85 8551.63 8546.57 8544.83 8542.51 8538.69 8533.87 8529.76 8526.7 8523.79 8522.48 8502.35 8472.94 8447.83 8433.68 8421.76 8410.51 8401.35 8392.28 8385.63 8382.23 8380.34 8373.46 8375.48 8380.31 8351.18 8329.19 8321.11 8323.24 8327.27 8329.6 8324.16 8307.44 8288.53 8267.56 8249.04 8232.05 8216.1 8212.27 8235.2 8253.26 8267.58 8263.32 8249.48 8231.43 8228.19 8242.72 8267.81 8292.4 8317.82 8341.73 8337.22 8334.88 8326.91 8320.25 8325.44 8341.53 8366.01 8404.06 8450.11 8490.51
8657.63 8631.49 8608.05 8588.61 8574.8 8574.28 8570.94 8566.32 8562.09 8559.27 8553.16 8545.01 8537.1 8528.59 8520.04 8508.97 8503.79 8493.59 8474.96 8459.92 8440.53 8423.51 8409.01 8398.19 8391.37 8387.62 8389.39 8396.85 8398.51 8382.48 8371.42 8354.43 8342.86 8335.73 8325.89 8323.33 8326.9 8317.64 8295.82 8276.99 8256.64 8238.53 8221.6 8206.19 8205.2 8224.34 8242.82 8256 8249.36 8226.51 8209.35 8224.53 8246.36 8267.09 8289.61 8311.34 8320.33 8339.35 8346.69 8344.55 8329.46 8297.22 8334.34 8386.43 8429.48 8472.47 8520.39
8660.88 8634.56 8609.38 8585.47 8572.65 8580.29 8584.3 8585.83 8584.11 8576.93 8564.67 8551.31 8538.45 8525.55 8513.07 8500.73 8491.41 8480.93 8469.67 8459.52 8440.25 8420.81 8407.79 8395.89 8387.32 8382.45 8382.78 8388.73 8379.1 8365.76 8349.84 8340.52 8333.89 8326.24 8313.69 8306.04 8300.67 8292.95 8277.07 8261.39 8245.58 8230.94 8216.15 8205.46 8207.88 8221.74 8239.93 8255.67 8257.78 8234.24 8226.48 8243.37 8253.1 8266.52 8284.75 8303.32 8326.41 8347.51 8371.76 8388.84 8388.07 8357.3 8396.85 8416.09 8440.21 8442.1 8446.42
8667.35 8640.53 8615.05 8593.63 8582.49 8589.47 8598.18 8607.36 8611.8 8594.27 8574.62 8556.9 8539.59 8522.09 8506.44 8495.21 8486.16 8471.12 8456.9 8436.73 8420.86 8414.09 8404.73 8394.16 8383.2 8372.41 8365.41 8362.56 8349.74 8339.81 8334.21 8325.4 8312.53 8298.59 8293.49 8283.32 8268.21 8265 8257.03 8245.64 8235 8223.78 8213.9 8204.41 8207.17 8219.88 8235.63 8253.74 8262.23 8236.04 8223.45 8244.44 8252.84 8265.43 8282.46 8298.68 8315.85 8351.96 8401.59 8448.28 8488.2 8536.71 8540.46 8537.15 8452.09 8366.91 8270.04
8671.81 8647.24 8624.14 8603.84 8592.18 8597.94 8607.25 8616.68 8624.86 8600.08 8577.79 8556.5 8536.04 8516.92 8498.49 8480.8 8465.34 8459.98 8448.28 8425.24 8413.52 8410.65 8400.83 8388.3 8373.57 8358.47 8340.25 8315.83 8306.95 8306.16 8304.23 8299.16 8289.45 8282.9 8278.1 8266.84 8257.27 8247.15 8238.96 8231.69 8224.57 8218.27 8213.96 8213.57 8212.44 8217.91 8227.1 8238.26 8242.82 8229.13 8223.89 8243.2 8250.97 8262.83 8279.81 8297.82 8321.32 8367.65 8430.57 8501.53 8572.57 8606.37 8603.64 8568.34 8411.41 8270.12 8120.84
