real_craters/C125-1000m.grd
DSAA
44 44
-21.73 21.73
-21.73 21.73
7992.7868490897 9661.598497187
8920.45 8933.32 8955.43 8999.29 9049.71 9055.67 9086.29 9086.55 9084.71 9084.75 9080.46 9082.6 9091.07 9098.09 9106.64 9106.03 9107.69 9110.9 9117.5 9125.41 9136.76 9149.1 9138.8 9161.73 9145.14 9149.11 9150.6 9149.14 9148.24 9146.12 9144.2 9145.06 9143.97 9133.39 9125.62 9123.26 9120.56 9113.32 9115.67 9102.51 9104.52 9107.25 9104.14 9098.34 
8923.14 8939.5 8967.89 9023.68 9072.59 9097.33 9102.67 9082.88 9080.61 9082.65 9085.36 9085.86 9092.75 9099.99 9100.67 9109.75 9109.35 9113.67 9121.81 9128.45 9134.76 9134.78 9148.11 9149.7 9167.04 9159.01 9154.9 9151.92 9148.65 9144.02 9141.68 9145.45 9146.93 9135.67 9128.88 9123.18 9119.22 9114.59 9115.57 9104 9104.31 9106.01 9104.84 9107.24 
8915.49 8951.18 8983.83 9032.52 9091.11 9105.99 9119.95 9125.16 9085.62 9078.25 9098.75 9081.86 9104.9 9118.32 9123.47 9127.06 9123.65 9122.29 9143.99 9137.24 9153.15 9148.11 9151.75 9145.26 9156.78 9171.47 9167.81 9159.6 9150.09 9141.99 9135.23 9140.31 9141.94 9137.62 9131.73 9123.44 9118.46 9115.84 9114.64 9110.32 9109.6 9105.7 9106.46 9103.94 
8910.12 8957.16 9028.58 9083.65 9111.89 9124.31 9117.37 9088.05 9110.38 9075.58 9119.06 9122.98 9128.35 9146.86 9158.93 9151.05 9157.45 9179.92 9185.7 9208.26 9193.59 9203.49 9196.1 9179.65 9193.29 9182.6 9175.04 9166.04 9154.71 9143.55 9135.61 9140.98 9144.13 9134.36 9133.17 9125.91 9121.25 9116.77 9115.99 9112.38 9106.72 9106.26 9114.42 9119.11 
8885.34 8945.08 9008.93 9101.78 9147.36 9162.99 9133.07 9061.77 9074.6 9083.19 9127.14 9140.32 9143.93 9153.12 9160.9 9162.88 9169 9176.25 9178.77 9187.84 9206.25 9218.52 9219.3 9218.81 9204.73 9191.04 9179.66 9171.5 9163.2 9150.23 9140.25 9144.3 9150.07 9140.37 9139.44 9128.33 9123.47 9119.82 9118.01 9110.19 9112.67 9113.98 9127.18 9134.84 
8864.05 8943.75 9011.11 9101.14 9152.44 9186.61 9165.39 9149.78 9117.13 9147.52 9153.95 9143.2 9145.67 9148 9157.77 9168.47 9174.85 9174.2 9183.45 9193.25 9207.16 9218.71 9220.6 9217.03 9202.62 9195.06 9191.37 9187.3 9183.67 9173.55 9150.84 9153.85 9144.46 9145.42 9149.57 9132.32 9124.99 9126.9 9125.71 9123.32 9134.27 9135.14 9132.59 9132.24 
8864.14 8961.62 9050.68 9124.63 9157.43 9174.83 9178.31 9177.18 9195.03 9213.24 9197.13 9143.37 9153.29 9153.96 9154.61 9169.66 9185.98 9202.71 9196.77 9200.3 9212.69 9217.24 9224.32 9226.91 9205.88 9200.8 9198.04 9198.56 9202.33 9215.67 9215.03 9173.36 9150.48 9144.49 9142.5 9136.32 9136.97 9135.73 9134.82 9132.87 9137.16 9132.66 9132.55 9130.65 
8891.96 8980.86 9078.18 9115.95 9131.05 9154.4 9169.29 9183.26 9164.3 9220.37 9177.12 9188.47 9178.55 9153.71 9156.89 9169.25 9188.09 9208.3 9209.04 9216.65 9228.62 9239.39 9232.81 9237.63 9225.6 9215.31 9211.07 9210.51 9207.86 9204.25 9196.52 9175.46 9153.59 9147.93 9150.47 9149.17 9143.2 9142.53 9144.58 9139.5 9132.01 9128.2 9130.47 9129.66 
8903.03 8983.03 9040.76 9094.32 9116.68 9140.58 9160.91 9168.48 9149.92 9200.02 9185.66 9215.27 9187.94 9161.57 9153.2 9164.07 9184.46 9209.57 9230.25 9234.36 9240.51 9230.8 9233.01 9231.5 9235.58 9231.14 9226.65 9218.87 9211.31 9192.28 9181.32 9171.79 9156.5 9148.73 9142.06 9148.58 9139.52 9153.96 9153.22 9143.61 9126.84 9126.51 9126.17 9125.95 
8884.44 8983.65 9051.77 9074.13 9113.76 9138.42 9159.97 9169.15 9175.56 9219.94 9248.72 9231.31 9179.82 9153.77 9140.42 9156.62 9178.69 9198.98 9227.55 9238.74 9243.91 9236.11 9239.71 9240.06 9241.29 9246.73 9240.63 9231.35 9223.46 9206.8 9198.27 9187.96 9170.13 9158.86 9136.49 9151.83 9143.91 9168.64 9156.23 9140.67 9126.28 9128.12 9127.15 9125.85 
8858.21 8918.89 9012.05 9083 9130.38 9157.5 9180.61 9195.85 9212.46 9235.06 9235.9 9193.53 9143.17 9097.92 9127.2 9145.13 9167.19 9190.79 9210.78 9244.57 9256.15 9260.19 9266.13 9263.26 9269.27 9266.29 9253.3 9243.47 9236.47 9232.72 9219.46 9210.46 9204.75 9172.48 9149.4 9142.45 9145.04 9175.18 9160.45 9138.52 9143.15 9134.94 9130.39 9128.13 
8862.81 8880.36 8969.01 9098.64 9155.5 9183 9204.42 9239.31 9293.59 9242.14 9186.45 9121.47 9101.15 9108.69 9128.69 9148.18 9167.11 9198.82 9230.92 9288.12 9298.69 9318.93 9313.49 9297.02 9277.53 9272.38 9265.49 9256.1 9244.64 9235.6 9229.78 9225.6 9230.4 9220.65 9162.97 9140.44 9157.76 9169.23 9165.43 9155.61 9141.75 9137.98 9135.55 9131.7 
8908.18 8976.17 9056.67 9119.72 9207.17 9194.79 9209.46 9233.99 9268.34 9179.47 9185.19 9090.95 9085.37 9130.35 9161.54 9198.03 9227.89 9242.31 9319.7 9387.97 9344.51 9354.82 9402.46 9395.98 9321.01 9300.74 9301.12 9283.93 9252.5 9232.75 9232.47 9235.47 9221.48 9242.51 9203.54 9179.16 9176.28 9175.78 9162.44 9152.13 9140.78 9138.82 9135.95 9135.93 
8948.1 8989.66 9063.66 9090.48 9101.83 9154.69 9194.98 9235.18 9266.27 9125.7 9089.67 9086.97 9120.52 9168.52 9200 9241.8 9287.52 9369.22 9540.03 9361.58 9387.21 9271.53 9299.44 9385.83 9446.79 9381.62 9336.48 9296.19 9268.15 9250.28 9236.53 9243.94 9229.12 9239.26 9246.95 9252.4 9212.28 9177.54 9165.36 9157.75 9150.76 9148.91 9146.21 9142.21 
8984.28 9011.81 9116.71 9082.88 9054.63 9117.68 9170.04 9210.65 9207.09 9056.06 9043.02 9184.9 9212 9219.9 9232.89 9242.55 9269.06 9299.54 9105.36 9002.99 8896.63 8916.66 8842.59 8980.6 9139.53 9324.66 9261.06 9251.88 9268.92 9271.98 9270.86 9252.56 9238.09 9242.3 9233 9248.76 9258.66 9202.49 9186.95 9184.66 9168.43 9158.21 9155.49 9148.05 
9017.53 9064.54 9075.81 9069.51 9077.3 9123.51 9162.94 9188.97 9187.14 9133.89 9141.12 9236.1 9246.26 9327.32 9302.83 9234.53 9166.26 9075.02 8923.89 8799.66 8766.9 8663.81 8599.23 8703.34 8869.59 8919.44 9048.16 9154.31 9260.97 9297.42 9281.05 9256.02 9234.25 9236.73 9222.22 9229.46 9240.97 9229.42 9196.21 9182.66 9171.58 9161.92 9159.01 9152.9 
9016.32 9030.79 9065.64 9064.87 9106.19 9161.23 9177.18 9177.39 9192.28 9170.71 9204.62 9312.32 9347.12 9483.08 9332.3 9163.92 9006.81 8887.75 8686.06 8539.18 8497.49 8476.66 8427.81 8533.78 8648.76 8713.81 8862.48 9005.63 9175.4 9246.68 9234.33 9237.52 9233.38 9231.36 9226.38 9219.56 9213.02 9224.51 9233.3 9203.46 9176.43 9160.93 9165.72 9160.76 
9012.54 9014.43 9048.39 9068.69 9173.58 9219.83 9214.5 9208.06 9232.67 9165.62 9209.7 9336.5 9498.35 9489.93 9229.89 8989.27 8771.03 8563.24 8441.89 8327.66 8294.68 8301.7 8286.82 8371.43 8485 8601.36 8703.26 8790.6 8884.03 9029.35 9141.8 9209.38 9234.69 9236.09 9229.96 9215.86 9229.74 9220.47 9222.08 9263.69 9222.18 9205.14 9191.87 9173.16 
9037.81 9042.2 9067.6 9082.9 9154.56 9219.4 9245.38 9247.95 9266.38 9171.76 9278.84 9403.92 9515.86 9225.95 9044.79 8811.3 8565.33 8384.53 8290.38 8223.25 8186.77 8168.79 8162.5 8215.33 8254.31 8354.79 8495 8584.3 8673.62 8876.6 9069.64 9206.62 9251.91 9241.6 9233.48 9233.36 9235.68 9239.14 9229.16 9229.66 9235.53 9250.17 9216.1 9178.88 
9073.5 9063.92 9076.19 9080.01 9133.47 9188.94 9242.64 9265.95 9249.5 9251.61 9299.37 9473.66 9241.95 9099.98 8875.79 8630.5 8382.79 8210.47 8160.48 8128.27 8086.19 8095.98 8112.08 8127.19 8141.02 8177.88 8284.64 8429.64 8591.65 8817.6 9052.09 9226.24 9271.19 9256.92 9234.89 9247.26 9264.52 9263.21 9249.47 9230.75 9212.45 9208.35 9203.51 9194.24 
9117.93 9087.83 9082.54 9083.56 9114.05 9159.21 9206.39 9223 9218.71 9283.65 9332.09 9419.24 9116.02 8946.87 8769.97 8523.71 8271.26 8115.89 8077.32 8031.04 8026.78 8050.51 8066.47 8089.24 8111.75 8145.08 8211.83 8331.76 8483.04 8804.43 9084.14 9293.79 9330.64 9299.72 9284.41 9290.55 9271.7 9251.32 9254.02 9222.21 9185.39 9162.2 9180 9188.43 
9126.82 9130.47 9132.05 9113.13 9126.73 9157.64 9202.24 9206.98 9218.81 9254.58 9456.42 9374.21 9242.24 9025.45 8757.3 8485.8 8231.26 8092.8 8055.36 8042.34 8024.4 8024.68 8040.69 8071.26 8102.12 8136.3 8185.64 8341.59 8556.26 8857.54 9157.38 9400.68 9418.41 9347.7 9301.77 9310.63 9274.92 9239.25 9235.26 9214.8 9179.56 9157.86 9171.31 9195.91 
9136.79 9142.06 9145.46 9137.42 9145.11 9168.56 9221.61 9240.77 9244.79 9173.8 9362.21 9349.68 9196.53 9086.44 8766.66 8464.69 8210.99 8095.2 8071.96 8062.76 8027.97 7992.79 8018.49 8065.78 8105.86 8145.18 8210.05 8411.6 8668.77 8949.4 9235.86 9464.06 9475.5 9373.09 9285.46 9262.22 9250.39 9227.13 9231.45 9225.62 9203.93 9176.89 9172.02 9185.27 
9146.6 9151.12 9147.25 9145.51 9170.19 9195.75 9220.39 9234.92 9240.16 9167.02 9281.05 9481.39 9121.59 8933.66 8706.1 8446.4 8227.3 8131.64 8114.05 8097.02 8042.6 7997.34 8024.01 8089.11 8136.28 8179.38 8266.99 8486.54 8748.4 9026.77 9302.42 9514.78 9471.62 9380.37 9311.41 9297.15 9289.53 9287.8 9278.52 9266.94 9238.74 9204.36 9189.31 9192.68 
9151.7 9168.28 9164.73 9165.27 9195.32 9238.98 9249.94 9259.59 9271.82 9281.46 9376.71 9494.97 9235.61 8887.19 8675.34 8459.98 8255.13 8184.48 8177.45 8161.92 8082.16 8034.09 8069.77 8140 8197.81 8270.72 8351.34 8551.74 8802.21 9071.09 9336.09 9487.95 9438.21 9378.51 9329.44 9324.2 9332.05 9321.66 9303.17 9288.45 9288.94 9281.16 9258.11 9209.78 
9145.48 9179.79 9161.1 9165.69 9200.33 9246.21 9284.46 9293.55 9296.58 9317.09 9380.6 9496.22 9499.2 9071.76 8807.89 8541.82 8327.31 8245.16 8223 8179.3 8109.45 8104.56 8136.24 8206.67 8277.45 8359.2 8449.75 8560.52 8812.28 9099.27 9345.32 9458.07 9414.1 9386.22 9363.2 9339.11 9322.51 9314.53 9323.51 9294.02 9288.55 9308.29 9296.35 9252.26 
9147 9167.34 9147.75 9159.81 9190.16 9218.29 9233.86 9249.56 9266.38 9290.09 9322.5 9428.62 9590.93 9225.33 8974.5 8683.35 8443.3 8324.01 8249.6 8193.33 8129.42 8138.62 8208.31 8287.58 8364.26 8441.47 8560.07 8687.2 8893.67 9138.33 9351.82 9433.6 9405.31 9390.74 9372.08 9343.85 9324.98 9323.23 9311.71 9299.01 9290.05 9302.61 9299.57 9277.11 
9120.47 9121.71 9136.84 9156.83 9181.99 9208.83 9215.14 9226.65 9246.88 9267.73 9290.21 9389.85 9593.95 9360.81 9157.24 8875.04 8626.51 8456.24 8303.56 8242.8 8199.38 8218.44 8306.31 8398.69 8485.72 8570.89 8694.52 8843.67 9018.18 9204.14 9371.34 9402.33 9396.48 9395.44 9371.5 9340.67 9342.73 9347.29 9340.16 9321.5 9321.13 9314.23 9307.41 9299.91 
9104.45 9095.68 9125.16 9150.49 9173.27 9191.22 9200.96 9209.64 9231.59 9255.37 9281.33 9348.38 9540.05 9545.51 9291.45 9091.37 8873.52 8663.79 8481.8 8388.7 8312.56 8354.29 8457.23 8558.25 8651.8 8732.43 8822 8973.49 9160.36 9294.04 9398.39 9414.47 9388.04 9369.9 9341.73 9340.3 9364.01 9367.36 9350.51 9346.21 9342.94 9334.59 9339.18 9315.82 
9071.91 9083.8 9116.42 9142.54 9164.42 9179.96 9188.92 9204.17 9221.59 9245.55 9290.47 9366.18 9418.55 9593.51 9551.35 9347.31 9121.48 8929.29 8751.28 8627.67 8545.25 8567.14 8666.53 8771.69 8878.05 8985.72 9092.62 9224.65 9311.87 9364.8 9410.19 9393.91 9375.01 9349.65 9335.87 9344.37 9363.08 9367.7 9361.43 9365.34 9355.85 9339.92 9322.28 9325.84 
9085.57 9093.44 9116 9140.51 9160.97 9177.45 9183.59 9197.08 9211.97 9232.35 9264.63 9373.76 9442.35 9502.48 9644 9447.47 9321.59 9215.6 9059.1 8934.92 8799.66 8839.26 8928.95 9035.08 9127.8 9254.49 9410.91 9477.24 9428.03 9409.59 9400.02 9391.19 9375.81 9358.1 9346.06 9354.88 9372.19 9378.87 9369.54 9359.31 9355.72 9335.63 9326.48 9339.57 
9094.4 9110.6 9129.1 9141.65 9156.27 9172.52 9179.82 9190.02 9206.43 9222.47 9242.99 9285.19 9336.15 9368.02 9386.93 9454.5 9452.15 9482.81 9462.28 9300.12 9176.74 9196.64 9205.69 9235.98 9308.08 9407.41 9512.43 9459.52 9436.43 9424.38 9418.35 9399.47 9383.68 9361.27 9355.44 9361.36 9375.57 9367.23 9359.58 9366.56 9353.26 9324.94 9304.17 9314.91 
9101.88 9110.81 9127.19 9139.87 9150.61 9158.86 9175.77 9189.56 9200.76 9213.45 9227.62 9260.01 9304.24 9328.09 9349.39 9351.28 9438.17 9549.78 9661.6 9529.54 9582.65 9486.42 9389.57 9374.19 9404.96 9440.69 9435.17 9404.14 9408.09 9410.93 9419.91 9412.91 9400.84 9393.85 9370.8 9364.63 9365.11 9355.37 9348.41 9358.54 9339.94 9316.03 9301.97 9301.84 
9096.76 9114.68 9129.78 9140.35 9149.6 9162.24 9179.82 9191.28 9199.72 9208.05 9218.58 9243.19 9294.75 9324.2 9348.41 9338.39 9378.7 9405.97 9458.43 9484.1 9488.71 9468.94 9451.03 9442.03 9435.2 9435.25 9450.65 9410.53 9401.92 9401.21 9409.72 9414.52 9404.68 9394.67 9383.61 9358.67 9348.46 9357.29 9346.84 9342.02 9340.49 9304.8 9287.1 9290.43 
9111.06 9119.8 9134.38 9145.77 9153.97 9164.19 9172.96 9197.55 9204.26 9206.04 9212.15 9228.04 9286.73 9317.11 9337.38 9343.48 9350.24 9377.89 9401.46 9399.94 9383.7 9413.63 9422.69 9425.87 9421.76 9412.56 9401.49 9400.35 9391.48 9404.19 9416.24 9412.92 9404.26 9392.57 9369.99 9355.4 9351.45 9356.83 9360.94 9345.49 9308.59 9291.64 9284.91 9282.62 
9149.66 9138.01 9145.18 9156.75 9167.98 9167.82 9173.79 9213.54 9206.84 9200.57 9205.97 9223.31 9254.92 9308.87 9311.95 9314.56 9333.47 9344.6 9371.64 9375.31 9378.61 9386.78 9390.53 9392.97 9397.52 9395.11 9393.58 9406.64 9404.16 9409.44 9420.33 9411.19 9398.63 9384.65 9365.58 9354.73 9340.08 9349.43 9345.84 9291.08 9278.8 9283.11 9285.34 9280.36 
9168.68 9152.1 9158.82 9172.06 9181 9166.18 9168.35 9202.14 9200.14 9196.72 9206.58 9228.39 9258.83 9287.87 9307.34 9315.5 9324.31 9334.89 9343.38 9353.44 9356.33 9356.98 9363.95 9371.32 9376.64 9379.08 9389.01 9403.55 9404.91 9403.16 9416.52 9400.96 9382.71 9371.94 9370.16 9361.63 9342.36 9348.33 9346.38 9291.39 9274.18 9276.99 9278.95 9278.14 
9150.4 9146.08 9166.73 9187.87 9203.27 9184.65 9184.63 9190.49 9192.24 9189.7 9206.55 9232.51 9259.13 9290.93 9312.86 9318.94 9319.97 9324.37 9332.63 9333.6 9334.53 9340.54 9352.33 9362.32 9368.62 9370.46 9373.13 9375.54 9354.61 9381.26 9407.27 9391.35 9370.03 9368.78 9370.98 9375.27 9372.9 9373.9 9352.02 9285.66 9278.43 9270.63 9270.05 9296.93 
9165.87 9158.1 9189.58 9207.11 9221.72 9206.91 9183.48 9199.88 9198.05 9196.05 9213.02 9239.81 9266.03 9283.48 9305.5 9326.65 9321.56 9324.78 9331.18 9324.3 9328.77 9334.2 9345.59 9357.9 9368.32 9374.58 9374.65 9360.26 9365.09 9362.13 9385.89 9384.62 9379.78 9387.39 9383.47 9377.34 9395.31 9357.07 9290.19 9286.6 9277.83 9267.6 9278.2 9306.81 
9031.16 9203.42 9206.66 9201.57 9201.8 9208 9191.03 9214.15 9208.98 9201.63 9221.62 9243.76 9264.87 9287.41 9308.98 9326.45 9317.51 9320.58 9330.49 9335.22 9334.98 9341.66 9351.16 9357.07 9366.48 9377.9 9376.04 9366.41 9349.08 9358.03 9376.41 9377.82 9379.62 9386.74 9387.56 9385.41 9366.07 9313.49 9287.56 9287.92 9280.35 9274.12 9275.86 9302.76 
9016.53 9182.05 9220.25 9193.3 9161.53 9161.54 9180.16 9209.3 9211.11 9220.15 9232.75 9254.33 9276.33 9283.95 9307.66 9324.03 9324.56 9320.06 9328.75 9321.81 9339.96 9353.36 9356.88 9352.53 9345.51 9380.83 9373.01 9360.48 9351.55 9359.95 9368.13 9364.93 9364.29 9371.02 9369.87 9359.77 9320.9 9325.9 9287.39 9281.26 9278.83 9275.29 9273.8 9296.71 
8985.87 9235.81 9229.34 9192.26 9164.52 9141.22 9144.3 9153.46 9177.71 9212.09 9228.6 9254.55 9280.7 9310.03 9325.32 9324.45 9338.5 9343.7 9339.87 9342.36 9348.4 9362.84 9361.7 9350.59 9322.6 9228 9292.38 9344.55 9359.64 9359.83 9360.93 9355.62 9352.27 9355.83 9347.48 9320.04 9294.36 9291.7 9284.15 9280.96 9276.93 9276.59 9276.74 9295.03 
9031.88 9214.76 9219.73 9195.4 9160.37 9139.29 9135.5 9144.26 9153.91 9173.84 9212.47 9250.85 9293.58 9327.46 9338.77 9323.89 9336.18 9337.71 9346.83 9354.18 9354.62 9363.01 9371.65 9357.15 9354 9391.24 9344.86 9345.37 9351.95 9351.34 9358.66 9358.96 9351.86 9354.46 9339.43 9302.41 9292.11 9284.76 9281.04 9278.17 9276.52 9276.47 9275.44 9302.65 
9187.18 9156.61 9188.8 9196.92 9180.68 9137.8 9136.05 9142.64 9148.4 9165.8 9198.76 9232 9252.92 9318.95 9340.18 9330.15 9334.19 9339.75 9341.93 9348.36 9353.92 9355.91 9357.21 9357.51 9362.08 9368.07 9357.98 9347.61 9339.1 9348.19 9356.72 9356.46 9320.28 9325.64 9322.15 9304.89 9296.26 9288.64 9285.89 9278.33 9280.41 9292.35 9303.17 9320.77 
