real_craters/C126-300m.grd
DSAA
256 256
-38.29 38.29
-38.29 38.29
7842.1163777255 9707.4205091055
[rows 120 to 149 of 256, columns 0 to 66 of 256]
9134.08 9129.46 9123.18 9116.03 9108.34 9100.72 9095.4 9089.96 9084.93 9081.43 9077.26 9073.41 9070.08 9067.1 9064.99 9065.06 9067.54 9072.38 9078.24 9084.24 9087.07 9084.36 9079.78 9074.68 9070.47 9072.47 9075.44 9078.57 9081.74 9085.05 9088.78 9094.73 9100.81 9105.2 9108.21 9108.86 9108.14 9106.48 9104.57 9101.82 9098.79 9095.29 9091.72 9087.64 9083.57 9078.62 9074.47 9070.53 9067.17 9064.23 9061.69 9059.57 9055.02 9043.77 9041.27 9041.21 9035.37 9029.33 9027.03 9025.43 9024.19 9022.82 9021.53 9019.92 9017.65 9015.23 9012
9140.33 9134.85 9128.04 9120.54 9112.29 9103.83 9097.59 9092.29 9087.31 9083.6 9079.27 9075.35 9071.92 9068.98 9066.54 9064.76 9066.94 9070.57 9075.01 9080.88 9083.51 9080.75 9078.42 9076.61 9075.07 9075.32 9076.93 9079.14 9081.73 9084.71 9089.42 9094.79 9101.04 9106.35 9108.64 9107.22 9107.45 9106.57 9104.62 9101.87 9098.68 9095.66 9091.95 9088.21 9083.99 9080.05 9075.64 9071.09 9066.25 9064.02 9061.75 9058.45 9053.11 9044.71 9037.51 9031.96 9027.15 9026.27 9026.68 9026.32 9024.75 9023.82 9022.77 9021.24 9019 9015.69 9012.01
9145.87 9140.17 9133.06 9125.46 9117.58 9109.55 9101.25 9095.55 9091.13 9086.14 9081.7 9077.76 9074.38 9071.63 9069.51 9067.1 9068.48 9069.08 9069.79 9071.21 9074.04 9075 9076.14 9078 9078.92 9078.07 9078.68 9080.27 9082.27 9084.21 9085.94 9090.32 9101.54 9110.3 9111.84 9111.89 9110.06 9108.31 9105.8 9102.92 9099.68 9096.24 9092.63 9089.67 9085.8 9081.52 9077.4 9072.71 9068.29 9065.53 9062.64 9058.22 9048.66 9041.64 9035.09 9024.6 9020.7 9024.8 9026.69 9027.13 9027.46 9026.8 9025.59 9023.82 9021.59 9018.87 9016.72
9150.19 9144.79 9137.69 9130 9122.16 9114.51 9106.62 9099.75 9094.34 9089.04 9084.55 9080.5 9077.2 9074.65 9073.49 9074.79 9072.12 9068.43 9065.47 9061.89 9064.04 9069.26 9073 9076.27 9078.21 9078.68 9079.87 9081.56 9083.8 9085.8 9087.59 9091.93 9102.22 9110.33 9114.17 9115.5 9112.84 9109.85 9106.95 9104.04 9100.79 9096.85 9093.31 9089.63 9086.04 9082.35 9078.71 9075.36 9071.49 9068.07 9064.92 9061.76 9057.56 9046.87 9038.76 9033.29 9031.02 9027.32 9027.83 9028.01 9027.76 9027.31 9027.62 9026.36 9024.07 9022.29 9018.39
9154.25 9148.8 9141.84 9134.02 9125.41 9118.57 9112.73 9103.15 9096.97 9091.8 9087.32 9083.3 9079.95 9077.23 9075.29 9073.77 9071.6 9068.62 9065.19 9062.32 9063.61 9067.35 9070.52 9074.02 9076.38 9078.46 9080.92 9083.93 9087.07 9090.17 9093.27 9097.36 9108.66 9114.06 9115.37 9114.68 9112.96 9110.33 9107.19 9103.94 9100.44 9096.72 9093.43 9089.9 9086.49 9083.47 9080.48 9077.75 9074.33 9070.1 9066.5 9064.4 9062.31 9053.47 9043.2 9035.88 9030.54 9031.21 9032.18 9032.21 9031.85 9031.27 9030.4 9029.58 9028.51 9027.21 9026.53
9156.83 9151.73 9145.3 9138.01 9129.6 9120.15 9110.81 9104.59 9099.11 9094.28 9090.17 9086.17 9082.66 9079.49 9076.48 9073.82 9072.11 9071.33 9069.16 9065.51 9067.62 9069.6 9069.82 9068.86 9073.47 9078.55 9082.77 9086.39 9090.47 9095.32 9102.25 9112.29 9119.46 9119.79 9116.42 9113.72 9112.83 9110.59 9107.4 9103.73 9100.11 9096.41 9092.82 9089.41 9086.09 9083.56 9081.31 9079.3 9075.91 9070.48 9065.81 9062.86 9060.55 9051.18 9045.45 9040.76 9034.75 9037.16 9036.65 9035.52 9034.4 9033.65 9032.87 9032.37 9031.99 9031.89 9032.07
9157.48 9153.34 9148.17 9142.07 9134.67 9123.81 9112.94 9105.82 9101.33 9097.45 9093.55 9089.82 9086.14 9082.54 9078.84 9075.84 9075.09 9077.74 9080.32 9079.01 9078.54 9076.83 9074.1 9071.3 9075.16 9080.79 9085.56 9089.92 9094.28 9099.2 9105.89 9114.94 9117.74 9118.2 9117.66 9115.74 9112.89 9109.91 9106.87 9103.2 9099.54 9095.96 9092.83 9089.03 9086.17 9082.87 9080.09 9078 9074.3 9068.59 9062.81 9057.2 9049.28 9043.36 9049.5 9051.09 9052.76 9047.66 9041.83 9038.68 9036.7 9035.8 9035.34 9035.36 9035.62 9035.68 9035.18
9155.62 9153.17 9149.91 9145.55 9139.17 9127.44 9113.54 9108.5 9104.95 9101.64 9097.82 9094.19 9090.43 9086.49 9082.71 9079.47 9079.68 9085.54 9095.34 9100.84 9093.16 9086.87 9082.73 9081.67 9082.77 9086.43 9090.48 9094.28 9097.85 9101.24 9104.71 9106.04 9108.06 9113.19 9115 9115.06 9112.89 9109.76 9106.22 9102.57 9098.87 9095.27 9091.57 9088.21 9084.56 9080.8 9077.1 9073.36 9070.06 9065.74 9060.46 9054.64 9051.26 9058.52 9058.47 9057.65 9061.54 9051.37 9043.9 9040.21 9038.03 9037.32 9037.59 9038.14 9038.83 9039.55 9039.57
9150.61 9151.31 9150.79 9148.45 9142.71 9132.16 9120.78 9113.43 9109.79 9106.81 9103.52 9099.95 9096.07 9091.73 9088.03 9084.42 9081.88 9091.43 9102.62 9108.8 9101.92 9095.82 9090.49 9087.79 9090.57 9093.66 9096.44 9099.19 9101.67 9103.47 9104.06 9104.14 9106.72 9110.84 9116.99 9115.5 9112.16 9108.75 9105.18 9101.68 9098.24 9094.26 9090.54 9086.65 9082.86 9078.94 9074.59 9069.55 9067.19 9064.4 9060.07 9055.34 9057.39 9074.06 9061.41 9054.54 9047.7 9044.13 9041.18 9039.13 9038.51 9038.4 9038.93 9040.01 9041.84 9043.73 9045.77
9143.53 9148.47 9151.28 9151.76 9148.2 9137.85 9125.37 9118.99 9116.5 9113.64 9110.1 9106.18 9102.08 9097.97 9094.76 9093.19 9094.11 9096.42 9100.35 9104.37 9104.8 9103.85 9101.48 9099.19 9101.29 9103 9104.32 9105.45 9106.22 9106.4 9105.42 9101.81 9099.35 9106.77 9112.79 9112.89 9109.72 9106.06 9102.76 9100.09 9095.88 9092.87 9089.46 9085.29 9081.89 9077.65 9074.03 9070.06 9067.76 9065.58 9062.58 9059.69 9056.12 9053.16 9052.97 9048.01 9041.94 9038.77 9038.04 9037.86 9038.35 9038.62 9040.15 9042.18 9043.69 9046.51 9050.78
9137.48 9146.31 9152.04 9154.94 9153.46 9145.16 9134.51 9128.5 9125.83 9122.23 9118.09 9113.58 9108.96 9104.62 9101 9099.96 9103.76 9097.97 9093.53 9098.54 9106.83 9112.25 9116.74 9117.04 9113.78 9112.48 9111.93 9111.72 9111.42 9110.91 9109.98 9109.69 9106.48 9104.25 9104.7 9105.92 9105.74 9104.16 9102 9099.17 9095.69 9092.22 9088.52 9084.59 9080.93 9077.2 9074.22 9072.27 9069.7 9068 9066.41 9065.24 9061.22 9052.9 9047.63 9042.65 9037.86 9035.37 9035.42 9036.59 9037.91 9039.3 9041.01 9042.68 9044.88 9047.08 9049.31
9135.8 9146.72 9153.88 9157.82 9157.88 9153.38 9147.84 9142.57 9137.26 9132.13 9126.97 9121.6 9116.24 9110.97 9106.22 9102.27 9097.77 9097.39 9096.67 9103.03 9112.63 9119.7 9126.87 9127.99 9123.87 9121.23 9119.25 9118.11 9117.09 9116.15 9114.64 9112.55 9107.5 9102.34 9100.4 9102.45 9103.76 9103.54 9101.9 9099.41 9096.27 9092.75 9088.82 9084.97 9080.92 9076.95 9073.45 9071.79 9070.81 9070.37 9069.46 9067.37 9060.6 9052.17 9044.12 9039.03 9035.11 9033.07 9033.48 9035.44 9037.4 9039.42 9041.22 9042.85 9044.39 9045.94 9046.64
9139.98 9150.39 9157.48 9160.67 9162.14 9161.63 9158.97 9154.7 9148.74 9142.61 9135.91 9129.62 9123.52 9117.45 9111.79 9105.76 9100.83 9103.73 9114.81 9118.51 9121.72 9125.36 9127.84 9130.05 9129.53 9127.82 9126.42 9124.74 9123.21 9120.83 9119.28 9114.91 9106.25 9104.62 9101.22 9102.72 9103.65 9103.22 9101.7 9099.25 9096.51 9092.97 9088.79 9084.73 9080.6 9076.51 9072.76 9070.08 9072.02 9073.02 9072.74 9070.32 9062.02 9048.68 9041.27 9037.81 9033.81 9031.45 9033.06 9035.63 9037.72 9039.65 9041.54 9042.9 9043.83 9044.44 9044.77
9148.23 9156.45 9163.33 9167.99 9169.7 9170.16 9169.16 9165.72 9159.77 9152.82 9145.31 9138.44 9131.87 9124.81 9118.94 9113.11 9106.55 9111.77 9128.63 9130.02 9130.31 9131.79 9131.91 9133.64 9134.48 9133.47 9131.91 9130.09 9128.19 9126.18 9125.07 9126.81 9122.56 9115.7 9109.84 9107.54 9106.49 9105.22 9103.43 9100.82 9097.68 9093.15 9089.04 9085.15 9081.19 9077.19 9074.76 9074.39 9074.58 9076.09 9076.64 9073.85 9065.42 9054.42 9046.14 9040.88 9036 9031.34 9035.91 9038.67 9040.15 9041.41 9042.22 9042.92 9043.03 9042.92 9042.16
9156.08 9162.75 9169.69 9175.08 9177.9 9178.64 9178.24 9177.18 9169.16 9161.6 9154.36 9147.33 9140.62 9133.64 9127.99 9124.41 9125.61 9131.14 9133.45 9134.56 9136.64 9139.12 9141.4 9141.34 9140.87 9140.06 9138.35 9136.25 9133.28 9131.04 9128.56 9125.71 9132.07 9124.94 9117.69 9112.94 9110.11 9107.56 9104.9 9101.73 9098.6 9094.67 9090.8 9086.98 9082.59 9078.19 9074.29 9074.3 9077.13 9079.41 9080.85 9079.81 9070.8 9060.84 9052.75 9046.43 9043.16 9043.55 9042.74 9043.58 9044.33 9044.71 9044.68 9044.35 9043.31 9042.14 9040.37
9159.05 9166.71 9174.91 9181.62 9184.38 9185.24 9183.72 9178.69 9175.94 9170.06 9163.59 9157.04 9149.26 9142.7 9137.43 9134.17 9133.04 9130.94 9127.36 9135.56 9141.5 9145.59 9147.47 9148.44 9147.6 9146.12 9144.23 9141.9 9139.31 9136.36 9132.89 9129.81 9128.86 9125.51 9121.35 9116.99 9113.24 9110.42 9107.83 9103.83 9100.79 9097.15 9093.18 9088.75 9084.49 9080.86 9079.06 9078.63 9080.34 9082.8 9084.18 9081.52 9073.85 9064.18 9055.83 9051.65 9049.83 9049.78 9049.57 9049.46 9049.26 9048.69 9047.36 9046.05 9044.23 9042.12 9039.67
9156.15 9167.54 9177.94 9185.57 9189.54 9190.35 9189.03 9187.77 9182.63 9177.33 9171.8 9165.97 9159.47 9153.33 9147.17 9142.01 9137.7 9134.83 9134.03 9140.48 9147.3 9153.56 9156.54 9156.02 9154.06 9152.31 9149.43 9146.98 9144.07 9140.82 9137.75 9134.17 9130.62 9127.72 9124.97 9121.43 9117.7 9114.23 9110.73 9107.15 9103.61 9100.56 9096.45 9092.22 9087.6 9083.68 9080.53 9081.19 9083.25 9085.87 9088.1 9085.88 9076.62 9066.68 9059.4 9055.82 9055.82 9056.32 9056.93 9056.37 9055.28 9053.67 9051.87 9049.32 9046.26 9043.12 9039.89
9148.69 9165.52 9180.37 9189.11 9193.39 9193.44 9192.15 9189.9 9186.54 9182.96 9178.7 9173.19 9167.54 9161.79 9155.28 9149.23 9142.96 9139.18 9141.86 9147.43 9153.7 9159.6 9163.33 9161.78 9159.24 9156.56 9153.78 9150.78 9147.95 9145.34 9143.38 9141.45 9138.15 9134.69 9130.42 9125.96 9121.76 9117.55 9113.86 9110.36 9107.15 9103.5 9099.73 9096.01 9091.6 9087.05 9083.79 9084.23 9086.05 9088.08 9089.31 9087.01 9078.31 9068.3 9058.75 9059.75 9062.36 9065.04 9065.06 9063.57 9061.34 9058.83 9055.89 9052.87 9049.8 9045.9 9041.63
9137.96 9160.2 9183.33 9196.89 9195.82 9194.39 9192.88 9190.61 9189.27 9188.19 9185.55 9180.93 9175.56 9169.49 9163.04 9156.67 9150.17 9145.62 9148.9 9155.1 9160.31 9164.57 9166.55 9166.38 9164.5 9161.66 9158.57 9155.27 9152.13 9149.39 9146.97 9145.5 9144.7 9142.32 9135.59 9130.23 9125.77 9121.61 9117.68 9114.43 9111.33 9108.04 9104.33 9100.52 9096.31 9091.63 9088.18 9088.25 9089.2 9090.23 9090.04 9086.39 9080.33 9072.6 9065.38 9066.9 9070.05 9071.66 9072.12 9071.07 9067.71 9064.28 9060.63 9056.81 9053.27 9048.77 9044.03
9123.89 9147.64 9174.25 9190.56 9190.06 9190.79 9192.01 9192.62 9193.4 9194.24 9192.55 9189.25 9183.58 9178.02 9171.75 9165.24 9159.64 9157.95 9160.34 9163.9 9167.29 9170.42 9172.16 9171.46 9169.77 9166.78 9163.28 9159.58 9156.09 9152.6 9148.93 9147.07 9146.67 9144.41 9138.42 9133.19 9129.21 9125.82 9122.14 9118.97 9115.81 9112.54 9109.22 9106 9102.52 9098.45 9094.46 9093.57 9092.76 9092.19 9092.38 9089.14 9083.65 9079.21 9076.75 9077.02 9078.96 9082.58 9084.18 9078.81 9074.17 9069.75 9065.69 9061.69 9057.76 9053.4 9048.81
9107.36 9126.84 9146.35 9163.57 9173.91 9182.24 9189.33 9195.62 9199.63 9200.72 9199.55 9196.67 9191.53 9186.25 9180.67 9175.04 9169.07 9169.48 9171.22 9172.56 9175.04 9175.63 9177.21 9177.04 9174.77 9171.22 9167.2 9163.12 9158.92 9155.61 9152.38 9149.58 9146.33 9143.6 9137.7 9134.61 9131.89 9129.18 9126.68 9123.98 9121.46 9118.64 9115.48 9112.7 9109.86 9107.19 9104.26 9100.26 9097.02 9093.64 9089.95 9088.3 9086.51 9084.96 9085.59 9085.18 9085.37 9087.82 9088.88 9083.75 9079.23 9074.96 9071.01 9067.35 9063.8 9060.17 9056.74
9091.52 9104.92 9115.84 9135.09 9155.24 9171.07 9184.37 9195.87 9202.66 9206.39 9205.75 9202.51 9199.68 9195.58 9190.77 9184.82 9177.31 9171.1 9174.59 9180.19 9184.86 9187.66 9186.55 9183.69 9179.76 9175.34 9170.77 9166.27 9161.9 9157.94 9155.56 9152.4 9148.09 9136.21 9136.55 9135.93 9134.4 9132.82 9130.97 9129.16 9127.1 9124.87 9122.73 9120.39 9117.81 9114.95 9111.49 9107.21 9102.71 9097.42 9091.49 9090.48 9089.91 9088.84 9088.09 9087.8 9088.13 9088.99 9087.9 9086.41 9083.19 9079.62 9076.22 9073.06 9070.11 9067.74 9065.82
9078.4 9088.62 9101 9117.98 9139.38 9159.51 9178.23 9195.71 9209.37 9211.07 9210.15 9207.99 9205.42 9202.69 9199.95 9196.4 9191.08 9184.18 9185.68 9187.49 9194.38 9200.1 9195.93 9189.93 9184.23 9178.77 9173.21 9168.45 9164.1 9159.38 9154.79 9154.34 9153.58 9146.12 9140.7 9139.13 9137.83 9136.62 9135.3 9134.13 9132.36 9130.88 9129.36 9127.65 9125.84 9123.27 9119.66 9114.95 9109.75 9104.49 9100.32 9097.25 9095.16 9092.61 9090.05 9088.79 9088.95 9090.83 9092.54 9089.24 9086.49 9083.73 9081.03 9078.81 9076.61 9074.95 9073.8
9067.98 9074.08 9085.51 9103.42 9125.34 9147.97 9170.14 9190.69 9206.47 9211.49 9211.53 9210.24 9208.9 9208.46 9208.32 9207.65 9207.27 9200.69 9184.16 9192.59 9200.61 9204.34 9200.5 9193.64 9186.71 9180.59 9175.13 9170.42 9166.31 9162.19 9157.64 9156.75 9154.75 9149.59 9145.2 9142.99 9141.76 9140.88 9139.69 9139.03 9137.96 9136.92 9135.75 9134.5 9133.55 9133.4 9128.88 9123.18 9117.78 9112.27 9108.19 9105.4 9102.73 9098.79 9091.45 9084.19 9091.94 9093.99 9092.43 9091.55 9089.77 9087.9 9086.13 9084.41 9082.9 9081.75 9080.97
9060.88 9061.79 9067.32 9088.03 9111.85 9135.74 9159.4 9182.38 9200.86 9208.29 9209.02 9208.73 9209.94 9212.34 9215.07 9216.58 9215.22 9206.91 9194.25 9200.82 9207.73 9209.43 9202.63 9195.09 9188.08 9181.84 9176.76 9171.99 9168.52 9166.47 9164.17 9159.77 9155.9 9151.98 9148.51 9146.87 9146.54 9146.23 9145.79 9145.36 9144.38 9143.28 9141.92 9140.29 9138.41 9139.94 9135.06 9130.91 9126.74 9121.38 9116.78 9115.3 9113 9110.03 9106.63 9104.64 9103.64 9100.88 9097.93 9095.18 9093.44 9092.12 9091.12 9090.03 9089.12 9088.46 9088.11
9058.08 9055.78 9060.74 9078.17 9099.73 9122.26 9145.64 9170.07 9194.37 9200.85 9199.95 9201.85 9206.82 9213.2 9219.87 9224.97 9225.41 9220.93 9217.54 9210.26 9208.3 9207.63 9201.15 9194.46 9188.35 9182.2 9176.73 9172.16 9168.62 9167 9165.53 9160.9 9157.71 9153.19 9150.69 9150.41 9150.7 9150.73 9150.69 9150.75 9150.43 9149.72 9148.41 9146.22 9141.89 9133.52 9138.57 9138.76 9137.27 9134.54 9130.8 9127.48 9124.73 9123 9123.67 9128.99 9117.26 9108.85 9102.15 9098.9 9097.68 9096.79 9096.2 9095.4 9094.99 9094.53 9094.52
9058.81 9054.66 9057.8 9071.79 9089.2 9108.1 9127.93 9149.11 9174.49 9180.02 9181.2 9188.82 9199.38 9210.76 9222.56 9233.06 9239.72 9234.44 9224.39 9214.06 9205.13 9199.49 9196.89 9192.27 9186.26 9180.82 9175.64 9170.88 9166.57 9161.92 9159.3 9158.55 9157.78 9155.66 9154.52 9154.52 9154.68 9155.13 9155.29 9155.88 9156.45 9156.64 9156.09 9154.78 9151.97 9148.21 9148.29 9148.41 9148.02 9147.93 9144.73 9139.22 9135.5 9133.37 9132.6 9131.34 9123.89 9115.71 9108.72 9104.64 9103.03 9102.26 9101.71 9101.05 9100.68 9100.29 9100.18
9062.1 9056.57 9058.76 9068.12 9081 9094.88 9107.8 9118.94 9125.56 9135.68 9153.65 9171.44 9188.98 9205.52 9221.3 9235.83 9247.77 9239.75 9225 9213.93 9205.94 9199.32 9194 9189.58 9184.97 9180.05 9175.03 9169.94 9164.83 9159.85 9157.16 9156.15 9155.63 9157.68 9158.47 9159.18 9158.65 9158.72 9159.26 9160.75 9162.06 9163.53 9164.5 9165.1 9165.16 9164.34 9160.71 9158.51 9156.99 9156.14 9152.74 9147.99 9144.13 9141.12 9138.03 9132.19 9127.93 9121.96 9114.97 9110.21 9109.47 9108.71 9107.96 9107.38 9106.98 9106.58 9106.3
9066.58 9059.4 9060.38 9067.5 9076.28 9084.53 9090.74 9093.49 9090.62 9099.93 9128.72 9154.67 9177.67 9198.37 9216.61 9231.69 9239.63 9236.72 9226.08 9213.21 9200.53 9194.87 9191.51 9188.07 9184.16 9179.74 9174.89 9169.55 9164.37 9159.84 9156.99 9156.58 9157.59 9160.77 9166.44 9162.57 9161.74 9162.4 9163.89 9165.99 9168.18 9170.32 9172.64 9175.03 9176.68 9175.49 9171.68 9167.44 9163.26 9160.63 9157.58 9154.28 9151.05 9147.87 9144.55 9140.83 9135.9 9129.57 9124.23 9120.96 9117.45 9115.71 9114.49 9113.47 9112.87 9112.39 9112.22
9072.67 9066.52 9066.23 9069.83 9074.64 9078.59 9080.97 9080.76 9078.87 9087.76 9115.38 9143.32 9168.67 9191.44 9211.02 9226.21 9233.82 9233.22 9225.64 9213.59 9200.15 9193.71 9190.16 9186.77 9183.47 9179.64 9175.1 9170.15 9164.31 9161.05 9156.06 9154.19 9155.59 9157.89 9159.54 9161.58 9163.08 9165.27 9168 9171.02 9174.11 9177.33 9180.4 9183.41 9187.19 9186.26 9180.8 9175.31 9168.8 9162.35 9161.36 9159.84 9157.21 9154.15 9151.06 9148.2 9143.47 9137.01 9131.95 9128.47 9124.87 9122.68 9121.1 9119.71 9118.49 9117.88 9117.55
