real_craters/C126-500m.grd
DSAA
154 154
-38.29 38.29
-38.29 38.29
7843.1994254183 9678.6763605665
[rows 0 to 29 of 154, columns 0 to 66 of 154]
9084.09 9086.01 9079.25 9074.44 9072.56 9067.61 9067.17 9069.47 9075.18 9083.9 9078.58 9072.33 9064.16 9055.24 9052.19 9044.19 9034.89 9025.35 9018.05 9009.15 9000.66 8996.92 8995.61 8997.7 8991.67 8985.62 8995.86 9002.96 9000.62 8991.1 8982.81 8977.47 8982.14 8977.12 8972.74 8966.78 8961.24 8957.04 8958.36 8957.64 8958.67 8961.72 8956.82 8952.31 8947.13 8941.11 8933.38 8926.95 8919.97 8912.93 8905.93 8899.93 8895.38 8892.46 8888.95 8881.79 8873.3 8869.73 8873.31 8878.69 8884.02 8890.87 8892.23 8892.27 8890.69 8892.14 8896.35
9091.11 9086.1 9083.64 9082.23 9081.37 9076.66 9075.69 9077.61 9081.36 9089.76 9089.71 9089.16 9088.26 9082.63 9070.81 9060.31 9051.22 9042.81 9033.73 9023.45 9013.33 9003.67 9012.07 9021.87 9014.31 9007.41 9024.17 9035.8 9032.11 9004.5 8992.36 8987.31 8981.76 8988.39 8987.46 8981.52 8975.14 8969.74 8969.02 8972.67 8980.63 8984.1 8980.15 8971.36 8961.94 8953.26 8943.98 8935.84 8926.96 8917.72 8910.23 8903.8 8897.93 8893.01 8888.53 8882.35 8877.17 8875.83 8879.59 8885.69 8888.75 8893.03 8896.1 8897.01 8896 8895.9 8898.19
9091.08 9088.3 9084.63 9083.13 9081.87 9081 9080.91 9082.1 9083.49 9085.63 9092.91 9098.16 9101.33 9097.23 9084.27 9073.71 9065.48 9058.65 9052 9042.76 9030.78 9019.77 9030.8 9045.28 9044.09 9040.46 9065.11 9082.75 9093.12 9083.26 9062.9 9044.37 9038.04 9025.29 9008.94 8997.13 8988.81 8982.02 8978.85 8987.94 9002.6 9008.44 9000.23 8988.16 8975.38 8964.14 8952.54 8941.66 8931.86 8922.92 8914.02 8905.56 8897.74 8890.88 8887.53 8882.23 8879.38 8883.3 8884.22 8885.98 8889.93 8892.73 8899.13 8905.43 8909.21 8907.39 8903.81
9087.98 9084.23 9082.41 9082.44 9081.69 9080.93 9081.98 9083.53 9085.64 9089.33 9097.86 9100.81 9099.5 9096.94 9089.92 9082.7 9077.29 9073.57 9070.74 9067.14 9060.13 9045.17 9052.94 9059.79 9082.86 9104.11 9113.25 9127.11 9157.99 9197.49 9157.35 9109.8 9082.04 9048.94 9024.75 9010.05 9001.26 8997.69 8995.02 9005.16 9019.33 9027.32 9014.37 8999.63 8985.96 8973.93 8961.26 8949.32 8938.88 8928.09 8916.71 8906.75 8897.51 8887.79 8880.21 8881.91 8882.85 8881.04 8885.88 8888.48 8890.18 8894.6 8903.89 8915.74 8928.7 8926.76 8912.86
9082.82 9079.39 9078.87 9077.07 9077.12 9078.59 9080.88 9083.48 9086.45 9090.1 9093.72 9098.97 9098.07 9096.77 9093.04 9090.48 9089.73 9091.95 9095.09 9102.23 9107.76 9106.73 9108.26 9115.14 9139.65 9169.4 9141.47 9141.03 9164.13 9209.71 9160.97 9114.87 9066.8 9042.21 9028.87 9015.15 9007.4 9009.3 9019.18 9017.63 9023.64 9024.49 9019.47 9006.8 8993.85 8980.81 8968.58 8956.32 8944.43 8934.1 8922.69 8910.97 8898.25 8887.14 8878.95 8874.49 8881.84 8886.5 8890.85 8890.38 8891.54 8894.56 8908.81 8925.43 8939.29 8942.52 8924.71
9085.95 9082.17 9079.39 9072.89 9072.84 9075.29 9078.39 9082.67 9087.42 9088.2 9088.32 9090.02 9101.62 9093.05 9090.18 9091.42 9095.24 9102.54 9112.9 9129.35 9153.66 9171.89 9160.34 9171.97 9160.17 9145.95 9130.44 9120.37 9104.94 9083.51 9100.5 9090.72 9074.87 9054.71 9030.35 9014.43 9004.3 9002.19 9007.75 9015.81 9028.55 9030.42 9022.21 9011.67 9000.54 8988.53 8975.25 8963.15 8951.08 8938.49 8926.63 8914.86 8902.88 8891.59 8883.08 8888.48 8890.74 8896.62 8896.69 8902.55 8902.87 8900.3 8916.63 8931.16 8943.41 8947.45 8934.63
9079.05 9089.67 9083.67 9073.32 9070.84 9072.26 9074.81 9078.39 9085.48 9083.62 9071.88 9069.3 9071.03 9079.07 9085.09 9092.76 9100.85 9110.18 9122.71 9141.1 9165.15 9179.2 9165.35 9144.14 9137.83 9096.33 9103.88 9096.43 9080.42 9068.78 9070.59 9073.63 9063.3 9045.4 9024.42 9007.57 8994.75 8985.89 8989.5 9005.65 9019.69 9025.26 9021.19 9013.48 9003.32 8992.18 8979.08 8968.24 8955.35 8943.2 8931.16 8919.22 8908.54 8900.91 8894.14 8886.95 8887.78 8891.14 8896.54 8901.14 8913.42 8926.7 8926.44 8933.63 8942.31 8953.73 8940.99
9078.23 9096.18 9086.07 9072.13 9070.4 9070.44 9070.51 9069.72 9067.19 9064.87 9059.32 9053.54 9052.84 9065.93 9078.17 9088.46 9098.17 9108.5 9120.01 9131.98 9141.71 9146.01 9138.69 9126.71 9111.08 9105.2 9092.32 9081.48 9074.84 9078.82 9094.42 9068.74 9049.63 9030.67 9015.91 8999.8 8985.19 8975.86 8979.85 8997.33 9014.41 9019.41 9017.5 9011.37 9002.56 8992.41 8982.06 8971.35 8960.68 8949.01 8936.46 8925.46 8913.2 8904.85 8893.66 8884.39 8887.51 8891.4 8896.02 8900.93 8910.21 8922.94 8927.89 8931.88 8933.4 8935.33 8933.46
9078.01 9087.68 9085.1 9074.23 9071.27 9069.53 9066.78 9062.54 9056.23 9053.17 9049.95 9046.81 9049.52 9062.37 9075.42 9086.85 9096.54 9103.73 9111.94 9119.43 9120.4 9118.54 9109.42 9087.37 9089.5 9089.55 9081.65 9069.09 9058.44 9061.13 9065.09 9057.77 9042 9027.58 9010.89 8994.73 8978.9 8964.14 8972.38 8991.82 9005.5 9013.98 9013.4 9009 9001.34 8992.27 8983.6 8974.11 8963.85 8952.92 8941.92 8930.79 8918.27 8901.37 8890.77 8883.99 8887.55 8893.4 8896.97 8899.98 8904.66 8916.65 8926.17 8931.61 8933.07 8927.82 8923.98
9085.74 9092.92 9089.61 9080.6 9074.44 9070.02 9065.53 9060.33 9054.47 9050.45 9046.96 9044.48 9051.21 9065.03 9076.21 9085.24 9093.09 9099.21 9104.54 9108.57 9112.17 9108.01 9099.28 9085.77 9078.21 9078.34 9071.22 9060.64 9050.28 9049.55 9050.51 9044.98 9034.47 9022.64 9008.18 8994.05 8980.78 8970.03 8977.09 8994.14 9006.3 9011.09 9010.98 9006.48 9000.66 8993.04 8984.65 8974.5 8965.78 8955.65 8945.95 8937.02 8926.5 8919.06 8898.97 8887.03 8896.9 8898.36 8899.72 8901.66 8901.74 8914.33 8927.32 8935.26 8936.98 8933.52 8926.14
9089.43 9086.19 9086.01 9083.46 9076.67 9071.36 9066.33 9061.62 9058.03 9054.93 9050.37 9047.28 9062.53 9074.44 9080.98 9085.74 9089.04 9092.42 9094.14 9095.01 9095.82 9095.67 9092.96 9086.65 9076.6 9067.29 9060.71 9056.4 9052.89 9050.26 9045.78 9035.9 9025.98 9016.92 9005.15 8996.06 8988.88 8985.63 8991.39 9003.86 9013.24 9013.02 9009.62 9004.75 8998.58 8991.31 8983.41 8975.68 8966.5 8958.86 8951.08 8943.49 8934.02 8918.13 8918.8 8910.44 8906.64 8903.2 8905.02 8908.95 8910.34 8920.41 8933.08 8945.15 8953.92 8950.69 8939.08
9083.23 9074.79 9076.98 9082.49 9077.35 9072.95 9070.13 9067.23 9065.39 9067.19 9070.92 9083.86 9094.14 9089.22 9086.86 9086.31 9086.58 9085.94 9084.37 9080.14 9074.3 9081.82 9084.09 9079.77 9068.85 9060.53 9055.79 9048.67 9050.18 9040.42 9033.64 9026.98 9016.97 9006.38 9001.96 8999.77 8998.69 8997.59 9002.94 9012.5 9019.12 9012.6 9006.83 9001.17 8994.2 8987.81 8981.59 8974.62 8968.21 8961.92 8955.8 8951.19 8947.59 8943.02 8940.62 8924.54 8903.24 8905.88 8910.46 8916.94 8924.82 8929.89 8939.12 8951.71 8963.85 8963.63 8953.29
9078.79 9074.22 9070.58 9074.53 9076.83 9076.65 9074.86 9073 9073.22 9080.69 9094.84 9122.91 9111.2 9095.93 9087.92 9084.18 9082.42 9079.89 9076.06 9071.81 9070.54 9072.1 9076.01 9073.52 9063.44 9040.68 9014.44 9035.88 9041.09 9035.07 9027.72 9020.58 9012.02 9002.52 9001.44 9003.25 9008.07 9014.65 9009.09 9010.47 9010.75 9005.9 9000.37 8994.48 8988.11 8981.17 8975.57 8969.46 8965.56 8961.4 8958.58 8956.86 8958.42 8959.92 8954.1 8934.81 8916.06 8913.81 8915.47 8918.81 8925.55 8932.87 8941.67 8951.53 8958.69 8961.48 8957.35
9078.16 9074.53 9072.69 9073.78 9078.45 9081.1 9080.62 9079.83 9081.22 9086.52 9095.16 9100.95 9098.17 9091.14 9084.88 9081.19 9078.31 9075.38 9071.91 9066.66 9061.63 9063.78 9067.55 9064.46 9058.77 9041.12 9036.25 9032.64 9034.06 9036.02 9025.32 9016.85 9010.2 9007.43 9003.99 9003.2 9004.68 9005.14 9003.93 9003.78 9001.64 8996.26 8991.05 8985.85 8980.3 8975.66 8970.72 8966.67 8963.55 8960.12 8959.11 8958.29 8962.28 8968.48 8962.91 8945.88 8929.08 8925.27 8922.78 8920.19 8923.5 8933.46 8942.41 8950.82 8957.94 8959.7 8962.95
9081.24 9073.44 9067.38 9078.6 9082.61 9085.79 9086.96 9087.38 9087.04 9087.08 9086.11 9080.01 9080.43 9081.01 9079.09 9076.86 9074.71 9072.63 9070.11 9067.29 9061.54 9056.44 9052.72 9049.23 9041.31 9036.13 9030.28 9030.93 9029.03 9021.36 9017.66 9011.52 9006.24 9002.4 8999.93 8999.54 8999.41 8996.97 8992.26 8987.45 8986.28 8983.85 8980.76 8977.06 8973.6 8969.28 8966.66 8962.82 8960.83 8959.95 8958.23 8956.52 8953.86 8961.75 8976.99 8969.07 8952.59 8939.41 8932.48 8930.83 8934.55 8938.57 8944.9 8947.53 8950.8 8958.17 8963.23
9089.5 9082.32 9085.8 9087.28 9091.33 9093.43 9094.62 9095.59 9092.76 9087.33 9078.33 9070.95 9070.78 9071.13 9071.38 9070.9 9070.1 9069.11 9068.32 9068.09 9061.64 9048.73 9039.26 9037.36 9034.45 9031.18 9027.7 9026.97 9023.11 9016.53 9010.45 9005.39 9000.3 8996.52 8994.39 8993.9 8994.22 8989.54 8980.68 8973.35 8972.15 8972.51 8971.17 8969.84 8967.78 8965.39 8964.08 8961.22 8959.65 8959.02 8958.28 8958.38 8958.42 8966.86 8978.43 8979.66 8965.22 8949.05 8940.61 8938.66 8942.1 8948.59 8953.05 8952.35 8953.01 8960.57 8967.86
9096.66 9086.96 9089.25 9095.08 9097.64 9098.23 9098.45 9098.23 9094.36 9088.83 9083.18 9068.82 9059.21 9063.13 9064.8 9063.81 9063.76 9063.9 9063.42 9062.47 9055.15 9042.88 9031.96 9031.49 9032.66 9028.48 9022.3 9019.65 9015.33 9008.34 9004.59 9000.01 8994.76 8988.54 8985.26 8987.37 8986.31 8980.96 8971.38 8959.63 8962.36 8964.12 8964.85 8965.48 8964.26 8962.56 8961.16 8960.4 8960.72 8959.58 8958.92 8959.67 8963.83 8969.48 8973.05 8956.63 8955.55 8951.64 8944.61 8942.41 8950.76 8962.95 8965.37 8970.92 8969.7 8965.41 8963.94
9095.77 9084.8 9091.03 9101.09 9102.11 9100.49 9098.98 9098.71 9093.29 9088.24 9083.4 9072.58 9061.97 9060.04 9059.9 9059.91 9059.52 9059.13 9058.32 9055.74 9050.77 9042.05 9033.02 9029.89 9026.16 9023.77 9022.7 9016.01 9008.94 9004.04 8999.94 8995.72 8991.13 8986.15 8983.47 8983.01 8982.37 8975.17 8966.6 8958.76 8959.16 8959.67 8960.64 8961.26 8960.93 8960.19 8960.17 8958.63 8958.03 8957.53 8958.07 8958.31 8959.87 8961.96 8968.13 8976.38 8965.71 8956.13 8947.3 8942.8 8951.94 8960.87 8973.06 8985.93 8981.45 8969.58 8960.25
9090.9 9087.18 9094.49 9104.27 9105.14 9101.69 9095.66 9089.91 9087.91 9084.55 9078.46 9071.06 9064 9059.87 9057.61 9056.2 9055.21 9054.35 9052.88 9052.33 9048.88 9045.71 9039.86 9030.71 9025.37 9021.98 9019.57 9012.9 9006.56 9001.16 8996.13 8992.12 8988.6 8986.26 8983.65 8978.47 8974.6 8968.46 8964.09 8961.78 8957.94 8957.45 8957.7 8958.49 8958.63 8959.07 8958.56 8956.67 8956.07 8955.45 8955.74 8956.47 8955.16 8953.62 8961.73 8976.94 8970.61 8960.53 8951.64 8948.58 8953.9 8960.4 8974.18 8988.34 8985.23 8971.61 8957.4
9086.91 9089.78 9100.95 9110.46 9108.17 9102.16 9094.03 9086.88 9084.19 9080.9 9076.33 9070.29 9065.29 9058.89 9055.21 9052.86 9051.29 9050.01 9048.81 9048.08 9047.06 9046.23 9040.16 9030.15 9018.77 9010.85 9013.22 9010.22 9003.34 8996.75 8991.95 8987.94 8985.05 8983.31 8980.4 8971.32 8962.75 8960.62 8957.61 8954.77 8955.73 8955.56 8956.2 8956.29 8956.71 8956.47 8956.16 8954.49 8953.52 8953.42 8953.71 8954.97 8955.59 8953.15 8961.05 8972.43 8971.48 8965.33 8958.84 8956.02 8957.86 8961 8978.15 8982.09 8989.78 8976.53 8956.74
9085.08 9083.76 9100.47 9113.08 9108.31 9102.17 9094.8 9086.74 9081.9 9077.01 9075 9066.48 9059.43 9055.43 9051.68 9048.87 9046.92 9045.78 9045.38 9045.5 9045.59 9045.98 9039.89 9029.32 9019.95 9016.24 9013.88 9012.92 9001 8992.51 8987.38 8982.83 8979.47 8976.63 8972.26 8963.48 8957.26 8955.05 8955.29 8955.12 8954.75 8954.92 8954.99 8954.71 8954.59 8955.17 8954.83 8954.61 8954.17 8953.65 8953.29 8953.5 8952.95 8949.34 8960.91 8972.93 8975.8 8972.76 8966.4 8964.74 8962.91 8963.72 8992.19 9027.82 9007.98 8986.44 8971.89
9087.62 9085.47 9095.61 9102.94 9102.35 9100.35 9097.46 9089.55 9078.61 9069.04 9061.91 9058.31 9056.75 9050.41 9046.13 9043.42 9041.44 9039.96 9039.36 9040.7 9040.81 9041.23 9035.41 9027.17 9019.47 9013.25 9014.97 9005.34 8994.55 8987.91 8981.67 8976.39 8971.99 8968.22 8964.13 8955.21 8949.74 8951.45 8953.63 8954.29 8954 8954.57 8954.63 8955.54 8956.73 8956.99 8956.49 8955.33 8954.33 8953.11 8951.71 8951.65 8952.15 8949.2 8964.25 8977.29 8982.96 8985.21 8979.67 8975.57 8972.99 8967.4 8993.38 9027.07 9011.38 8989.86 8973.22
9090.9 9096.24 9091.65 9090.03 9093.88 9096.15 9094.4 9086.15 9073.22 9059.45 9049.43 9047.27 9045.6 9042.22 9039.7 9037.94 9036.36 9034.87 9030.95 9030.55 9034.67 9033.84 9029.46 9022.38 9016.26 9014.03 9005.82 8997.31 8990.97 8981.74 8974.73 8969.05 8963.42 8958.12 8953.29 8948.07 8946.58 8948.88 8954.29 8954.67 8954.41 8954.89 8955.44 8956.49 8955.45 8955.45 8955.51 8954.84 8953.88 8952.23 8949.69 8948.68 8954.69 8964.48 8971.11 8980.14 8990.76 9001.32 9012.94 9007.84 8992.21 8984.14 8993.38 9008.18 9002.01 8988.6 8976.69
9085.78 9088.61 9086.8 9082.56 9086.98 9091.27 9093.26 9082.8 9067.36 9052.22 9041.93 9038.07 9034.62 9033.56 9033.42 9032.52 9031.96 9031.64 9031.62 9030.57 9030.58 9029.79 9022.8 9014.89 9007.13 8998.32 8991.32 8981.39 8977.29 8971.82 8966.29 8960.98 8955.1 8948.38 8941.77 8940.25 8943.12 8946.17 8948.35 8951.69 8953.82 8954.91 8955.72 8956.8 8957.1 8957.32 8957.05 8956.44 8954.67 8954.31 8952.23 8951.37 8960.32 8978.37 8977.67 8984.94 8996.58 9010.39 9025.66 9022.43 9005.82 8997.44 8992.42 8990.69 8994.65 8990.51 8986.16
9081.58 9081.99 9079.74 9077.27 9080.18 9085.05 9086.51 9077.08 9061.91 9045.52 9035.93 9033.2 9031.2 9029.51 9028.55 9027.46 9026.37 9026.69 9029.42 9027.15 9024.73 9021.33 9014.64 9006.04 8996.54 8986.82 8980.82 8967.98 8963.31 8962.37 8959.81 8955.86 8950.18 8943.01 8935.68 8937.42 8942.64 8945.8 8948.83 8951.27 8954.11 8956.04 8957.53 8958.15 8957.7 8957.72 8957.04 8956.73 8956.2 8956.26 8956.98 8959.99 8962.11 8967.22 8975.22 8985.35 8996.43 9008.44 9020.12 9014.08 9006.5 9000.93 8996.59 8991.57 8995.09 8997.79 9000.95
9078.16 9075.7 9071.84 9069.05 9072.64 9078.38 9079.85 9072.18 9058.97 9043.6 9034.97 9032.1 9029.93 9027.15 9024.38 9022.2 9020.32 9018.25 9016.65 9015.77 9015.96 9014.2 9005.47 8996.97 8987.96 8978.57 8973.79 8962.1 8956.46 8956.82 8955.35 8952.51 8948.29 8943.41 8939.87 8943.74 8946.66 8948.66 8951.93 8952.93 8954.93 8955.82 8956.74 8957.62 8956.88 8957.85 8958.12 8958.17 8958.33 8958.91 8960.52 8964.48 8966.92 8970.46 8978.2 8985.08 8992.82 8999.82 9001.44 9003.43 9001.59 8996.69 8993.16 8993.27 8997.33 9003.65 9007.39
9066.56 9064.98 9064.3 9063.59 9066.77 9072.96 9075.65 9069.68 9059.93 9048.02 9039.67 9033.88 9029.11 9024.51 9020.44 9017.57 9014.81 9010.42 9004.31 9003.23 9000.52 8998.58 8995.87 8990.36 8982.34 8973.44 8969.79 8957.33 8954.43 8956.01 8954.36 8952.6 8949.83 8946.96 8944.7 8946.28 8951.1 8952.49 8952.15 8955.19 8955.99 8956.58 8956.84 8957.04 8956.87 8957.62 8958.08 8958.93 8959.87 8961.31 8962.02 8961.92 8965.31 8971.11 8977.37 8982.85 8987.53 8991.64 8993.55 8997.84 8999.03 8994.2 8986.25 8990.23 8996.5 9004.14 9001
9057.11 9058.26 9061.04 9062.26 9065.59 9069.74 9071.2 9069.35 9064.01 9055.95 9046.53 9037.51 9028.72 9021.01 9017.49 9014.24 9011.2 9007.8 9001.76 8998.31 8987.1 8986.14 8989.89 8986.93 8980.83 8972.55 8965.41 8962.54 8963.14 8958.01 8956.3 8955.03 8954.18 8953.24 8952.49 8954.89 8959.58 8961.25 8962.24 8959.05 8958.68 8958.04 8958.39 8959.32 8958.96 8959.36 8960.34 8961.26 8962.42 8963.95 8966.02 8969.51 8968.91 8972.91 8978.09 8980.42 8982.13 8984.33 8989.24 8996.86 9002.35 9002.14 8989.96 8991.76 8993.75 8993.18 8985.87
9055.3 9058.2 9061.94 9066.91 9071.18 9070.71 9070.54 9071.35 9069.95 9061.85 9053.33 9041.31 9030.09 9021.61 9015.52 9011.65 9008.97 9009.9 9010.4 9002.89 9004.11 8996.11 8991.67 8988.2 8982.96 8975.11 8963.67 8964.65 8961.71 8959.02 8958.5 8958.25 8958.82 8960.27 8965.57 8972.18 8967.38 8965.02 8963.35 8961.39 8960.5 8960.02 8959.43 8959.49 8958.91 8959.41 8960.28 8962.38 8963.89 8966.13 8967.42 8969.26 8973.16 8976.73 8979.3 8977.49 8977.38 8977.04 8986.33 8997.61 9009.3 9020.58 9021.67 9001.15 8993.56 8985.76 8979.56
9063 9061.71 9063.12 9066.41 9069.22 9069.35 9070.95 9072.78 9074.54 9071.96 9057.52 9043.1 9030.6 9019.11 9014.24 9009.2 9004.78 9001.31 9001.57 9002.43 9002.25 9000.28 8995.87 8991.88 8988.18 8983.99 8970.25 8962.76 8957.76 8959.8 8961.11 8961.96 8963 8964.89 8967.6 8969.08 8969.59 8966.75 8964.41 8962.44 8961.17 8960.34 8959.39 8959.37 8958.24 8958.55 8959.66 8960.31 8963.21 8965.58 8968.91 8971.24 8974.28 8971.08 8971.13 8972.44 8973.6 8975.41 8984.97 8997.14 9012.08 9029.23 9031.09 9006.54 8993.9 8985.37 8976.36
