real_craters/C126-500m.grd
DSAA
154 154
-38.29 38.29
-38.29 38.29
7843.1994254183 9678.6763605665
[rows 0 to 29 of 154, columns 67 to 133 of 154]
8899.54 8900 8895.52 8886.38 8883.97 8882.53 8876.08 8865.99 8857.41 8850.09 8853.61 8838.16 8841.78 8839.51 8834.56 8822.87 8808.09 8797.52 8790.13 8784.48 8782.28 8779.34 8774.03 8767.24 8759.47 8753.76 8747.6 8744.01 8740.76 8739.45 8739.11 8739.85 8735.87 8732.49 8729.11 8721.61 8717.47 8728.92 8782.46 8780.54 8759.77 8736.17 8719.49 8712.52 8698.51 8693.71 8693.95 8696.11 8701.02 8705.11 8708.57 8712.63 8717.86 8725.01 8734.92 8747.68 8760.85 8774.21 8784.21 8777.74 8768.34 8756.37 8746.28 8735.78 8722.4 8707.52 8689.63
8898.55 8897.95 8895.53 8885.17 8881.54 8877.3 8873.88 8869.13 8854.77 8849.9 8847.57 8856.98 8844.34 8839.14 8838.42 8828.55 8814.69 8803.33 8795.13 8788.24 8786.54 8784.03 8780.69 8771.35 8761.72 8753.53 8748.17 8744.67 8744.46 8743.57 8742.66 8741.17 8735.83 8731.1 8723.02 8717.48 8714.79 8726.3 8769.77 8771.86 8758.87 8742.52 8719.14 8700.29 8696 8694.2 8697.32 8703.99 8704.6 8706.78 8709.7 8712.24 8714.33 8719.07 8731.34 8743.98 8755.83 8766.98 8775.87 8772.43 8767.4 8761.66 8755.03 8745.51 8733.56 8718.7 8697.64
8900.21 8896.02 8893.51 8893.44 8882.18 8872.16 8867.53 8862.02 8854.38 8853.39 8848.63 8845.19 8838.59 8837.18 8830.61 8829.95 8818.02 8806.73 8799.11 8794.28 8792.13 8788.98 8779.24 8772.01 8762.55 8753.23 8751.76 8751.37 8748.86 8747.09 8745.66 8743.79 8736.35 8730.43 8723.61 8716.68 8716.39 8728.92 8745.07 8756.44 8752.9 8741.56 8715.95 8697.01 8695.71 8697.11 8700.44 8704.37 8707.29 8709.82 8712.63 8714.84 8716.55 8720.26 8731.03 8741.05 8749.22 8755.71 8759.68 8761.96 8763.04 8764.23 8762.36 8755.11 8744.82 8732.84 8719.71
8904.26 8898.02 8895.56 8894.18 8887.68 8876.03 8863.8 8854.56 8854.76 8857.38 8855.12 8844.91 8844.35 8841.61 8842.61 8840.06 8823.16 8810.6 8803.1 8796.52 8798.13 8796.74 8781.78 8772.01 8764.14 8758.46 8757.69 8756.37 8752.81 8750.25 8747.81 8745.52 8738.18 8732.27 8725.09 8717.54 8714.98 8730.52 8740.86 8747.37 8745.72 8736.8 8715.2 8700.36 8697.96 8699.16 8702.36 8706.12 8709.18 8713.25 8717.36 8721.19 8725 8729.25 8735.98 8740.51 8742.89 8743.78 8745.11 8747.92 8756.54 8765.22 8769.78 8764.32 8754.67 8743.39 8731.14
8909.8 8898.71 8901.27 8900.23 8887.82 8873.76 8862.07 8855.14 8854.87 8856.73 8852.25 8855.22 8853.33 8853.68 8852.06 8840.67 8826.27 8814.09 8805.59 8800.41 8799.84 8798.18 8781.73 8772.44 8765.6 8760.72 8758.05 8757.55 8755.07 8751.91 8748.66 8745.28 8743.68 8735.64 8727.53 8720.69 8715.27 8734.86 8742.6 8744.1 8740.77 8732.65 8714.47 8704.15 8700.61 8701.71 8704.32 8706.2 8711.83 8716.84 8722.44 8728.34 8735.21 8742.86 8743.83 8742.14 8738.85 8733.57 8726.29 8731.07 8749.65 8765.75 8772.96 8771.71 8762.75 8749.25 8730.73
8916.47 8901.86 8906.34 8903.02 8885.89 8870.63 8861.51 8857.25 8854.66 8856.57 8854.18 8861.97 8857.96 8852.8 8844.7 8834.9 8824.59 8817.15 8813.31 8804.61 8799.35 8795.5 8780.48 8773.16 8766.73 8761.64 8759.08 8757.38 8755.39 8753.19 8750.42 8747.04 8746.81 8739.01 8731.18 8727.22 8732.8 8733.4 8744.04 8744.59 8739.73 8730.71 8717.54 8709.01 8706.43 8705.2 8707.48 8711.88 8714.39 8721.15 8728.83 8735.78 8743.33 8750.12 8749.63 8743.97 8737.68 8730.5 8723.09 8728.2 8748.79 8767.7 8782.15 8780.07 8770.6 8756.19 8737.66
8923.91 8912.54 8909.55 8898.9 8879.21 8867.87 8861.06 8856.1 8852.37 8860.61 8858.26 8866.4 8859.73 8848.8 8839.14 8837.21 8823.71 8827.57 8829.19 8814.4 8802.75 8791.86 8781.85 8774.61 8767.91 8761.75 8756.84 8756.41 8755.9 8755.45 8754.01 8753.48 8748.31 8740.99 8733.13 8727.49 8728.5 8742.87 8749.2 8747.44 8741.37 8732.88 8721.06 8712.35 8705.83 8707.86 8710.04 8711.86 8715.59 8726.93 8734.69 8741.82 8748.56 8755.44 8753.57 8745.84 8738.93 8732.97 8730.46 8737.32 8753.18 8772.36 8787.08 8787.96 8778.88 8764.92 8747.21
8927.02 8924.93 8918.36 8896.17 8878.96 8868.49 8861.84 8858.98 8859.87 8862.77 8861.14 8865.61 8861.69 8851.86 8843.08 8833.8 8826.47 8833.15 8834.98 8819.12 8805.56 8794.92 8785.91 8777.71 8770.07 8763.97 8757.25 8755.9 8756.99 8758.08 8758.73 8756.48 8748.98 8743.03 8735.78 8726.67 8724.78 8743.51 8752.63 8751 8743.96 8736.23 8727.71 8717.36 8711.99 8712.79 8716.48 8721.13 8732.71 8735.65 8741.15 8745.96 8749.79 8752.92 8751.41 8745.95 8741.19 8737.24 8735.34 8739.08 8757.48 8777.76 8793.48 8795.38 8786.56 8773.4 8758.8
8922.83 8926.02 8921.51 8899.05 8877.89 8871.32 8863.32 8862.36 8865.42 8866.3 8861.9 8873.03 8863.78 8854.76 8847.24 8838.42 8842.19 8838.87 8829.18 8816.17 8803.45 8794.84 8789.25 8779.51 8771.29 8764.57 8757.98 8757.38 8758.6 8760.87 8764.25 8765.29 8761.05 8754.08 8741.93 8731.72 8732.26 8749.85 8760.95 8757.13 8746.77 8736.48 8729.3 8720.98 8716.69 8718.9 8725.66 8734.51 8738.52 8743.93 8747.04 8749.37 8750.15 8747.53 8744.22 8745.76 8744.08 8742.71 8741.75 8744.7 8762.73 8783 8798.61 8800.76 8791.61 8778.68 8764.04
8916.68 8918.16 8921.03 8907.63 8889.33 8876.55 8873.17 8871.06 8874.94 8873.35 8868.99 8867.4 8861.53 8856.78 8853.75 8851.77 8860.59 8840.3 8822.41 8811.8 8804.9 8800.01 8790.45 8779.26 8771.7 8765.92 8762.32 8759.43 8760.63 8762.71 8764.76 8768.6 8772.9 8766.07 8748.37 8735.91 8737.62 8756.79 8773.62 8765.63 8751.94 8738.59 8731.47 8722.13 8718.54 8723.24 8730.52 8739.74 8747.07 8752.42 8753.44 8753.33 8751.74 8750.66 8752.56 8747.88 8748.12 8749.72 8752.34 8756.21 8772.72 8788.27 8800.08 8802.26 8793.47 8781.22 8765.56
8919.76 8922.02 8924.54 8914.44 8885.2 8880.3 8881.6 8878.86 8878.38 8881.2 8875.34 8865.78 8857.01 8847.48 8852.59 8854.02 8850.53 8835.47 8818.04 8809.86 8804.69 8801.18 8780.91 8775.4 8770.07 8766.49 8762.36 8759.96 8763.76 8765.86 8763.4 8765.34 8770.4 8765.56 8752.58 8738.68 8743.61 8766.45 8778.15 8773.28 8764.34 8753.53 8741.24 8729.65 8725.04 8728.39 8736.31 8746.32 8756.17 8760.35 8760.29 8758.43 8754.97 8750 8742.86 8749.1 8753.65 8758.03 8764.73 8775.37 8784.3 8792.71 8799.41 8799.82 8793.24 8781.92 8766.16
8930.31 8917.49 8922.71 8917.26 8892.82 8885.23 8885.16 8883.36 8883 8882.37 8874.99 8874.91 8859.78 8853.03 8852.3 8849.59 8839.51 8831.37 8819.33 8812.73 8809.02 8802.23 8783.54 8776.25 8770.03 8765.58 8760.55 8763.14 8769.67 8773.62 8775.32 8774 8772.75 8768.13 8757.57 8749.91 8752.24 8767.67 8772.82 8777.43 8779.68 8764.92 8747.84 8739.83 8735.1 8734.95 8737.32 8749.85 8762.69 8767.38 8767.01 8763.78 8759.94 8755.23 8752.63 8755.48 8759.51 8764.49 8771.74 8782.12 8788.89 8794.39 8797.9 8797.3 8792.63 8782.72 8769.12
8943.83 8933.18 8935.27 8932.89 8909.75 8896.9 8892.21 8886.93 8884.93 8885.01 8879.08 8867.54 8860.31 8855.27 8853.89 8847.09 8840.38 8832.17 8824.03 8818.36 8813.62 8805.06 8793.81 8782.75 8773.12 8765.72 8768.7 8776.73 8780.51 8783.04 8785.25 8781.95 8775.39 8767.82 8761.18 8753.94 8754.35 8761.78 8768.7 8777.15 8781.41 8766.81 8752.41 8742.08 8741.05 8744.36 8749.19 8760.07 8771.09 8776.09 8774.48 8770.2 8765.66 8762.6 8764.19 8762.44 8764.51 8769.02 8774.77 8779.68 8785.67 8794.43 8799.34 8801.18 8794.63 8784.31 8770.13
8974.8 8969.62 8956.77 8950.8 8930.61 8909.26 8893.33 8884.83 8883 8882.65 8877.63 8871.88 8870.28 8866.13 8857.46 8849.64 8840.55 8833.11 8827.5 8821.48 8815.54 8808.32 8798.77 8791.29 8785.23 8770.45 8786.35 8796.19 8790.9 8788.41 8789.43 8783.5 8778.14 8773.77 8764.54 8755.78 8758.48 8764.04 8773.24 8775.65 8776.8 8773.86 8761.53 8749.32 8750.72 8757.05 8765.24 8773.53 8784.43 8787.85 8781.64 8776.07 8771.4 8767.39 8763.73 8764.64 8768.66 8772.7 8777.21 8782.35 8786.97 8794.76 8800.46 8802.2 8797.07 8786.61 8771.52
8976 8984.86 8966.53 8943.07 8937.61 8924.34 8904.67 8886.81 8883.69 8877.78 8877.43 8874.44 8884.23 8868.66 8857.02 8849.54 8840.86 8832.91 8825.86 8820.17 8816.22 8810.81 8799.58 8801.93 8808.94 8824.03 8813.17 8802.94 8796.13 8788.56 8779.56 8779.58 8777.87 8777.48 8772.47 8769 8771.99 8774.56 8776.92 8777.81 8774.77 8782.73 8772.22 8764.49 8762.88 8768.6 8777.45 8781.7 8787.86 8789.33 8784.84 8780.49 8776.74 8773.16 8769.12 8770.84 8773.47 8775.51 8778.71 8783.97 8790.23 8794.21 8799.38 8801.28 8799.16 8791.51 8779.16
8974.23 8984.53 8971.39 8953.7 8948.89 8937.96 8919.97 8903.82 8895.77 8885.1 8879.59 8879.81 8881.74 8863.84 8852 8843.63 8837.34 8830.08 8823.52 8817.15 8811.77 8811.59 8813.34 8813.28 8817.67 8823.06 8816.6 8809.09 8798.15 8787.95 8779.6 8778.85 8776.5 8772.19 8775.77 8782.09 8780.09 8782.75 8788.39 8788.36 8786.66 8791.49 8780.66 8769.89 8772.55 8776.45 8781.19 8784.16 8785.4 8783.9 8785.37 8783.23 8780.61 8779.17 8779.88 8780.27 8777.53 8776.59 8778.18 8781.72 8783.57 8792.05 8798.55 8802.2 8802.17 8798.35 8790.54
8972.14 8977.19 8973.93 8967.91 8953.09 8937.04 8931.23 8925.31 8900.95 8895.65 8886.16 8881.5 8864.5 8851.56 8843.17 8837.75 8831.55 8825.4 8817.83 8811.15 8804.43 8806.04 8809.12 8810.13 8810.51 8806.84 8807.58 8803.76 8796.93 8788.36 8782.56 8781.76 8780.55 8776.49 8781.09 8785.65 8778.45 8784.77 8795.15 8800.17 8802.92 8803.51 8796.83 8786.55 8785.55 8784.39 8784.78 8786.03 8787.6 8786.82 8787.53 8785.44 8782.77 8781.28 8782.34 8782.85 8777.21 8775.79 8776.63 8779.16 8781.4 8790.33 8799.46 8804.44 8807.04 8806.64 8801.12
8960.13 8960.85 8963.11 8961.75 8951.74 8946.73 8932.9 8917.35 8896.79 8884.57 8881.24 8874.87 8853.69 8841.54 8832.16 8826.37 8824.35 8819.68 8814.14 8805.95 8804.21 8807.23 8807.13 8806.69 8803.85 8798.43 8801.24 8799.87 8795.12 8789.97 8787.81 8789.46 8792.44 8794.75 8798.01 8796.52 8784.56 8790.13 8798.44 8804.99 8807.44 8811.41 8820.5 8818.56 8800.97 8789.55 8786.43 8788.35 8791.12 8793.75 8791.17 8787.07 8783.38 8779.77 8776.13 8771.69 8772.17 8773.27 8774.7 8777.29 8780.93 8789.9 8802.45 8812.31 8817.35 8816.94 8809.83
8948.97 8946.82 8944.8 8941.47 8939.19 8931.48 8921.33 8905.33 8891.43 8878.79 8872.79 8864.37 8846.14 8835.82 8829.25 8824.93 8824.91 8822.43 8817.95 8810.59 8811 8810.55 8816.81 8820.49 8811.25 8804.9 8800.45 8797.02 8793.73 8792.41 8794.12 8799.07 8807.06 8816.22 8815.67 8807.88 8796.52 8799.36 8803.36 8809.21 8812.01 8816.7 8826.78 8825.2 8810.3 8794.06 8788.81 8791.58 8794.49 8799.95 8793.13 8787.18 8782.59 8777.55 8771.74 8769.1 8769.45 8771.85 8773.99 8775.76 8777.83 8789.45 8806.83 8824.33 8835.45 8827.77 8817.35
8951.89 8945.26 8936.57 8931.11 8928.29 8921.77 8907.31 8894.23 8884.79 8872.08 8868.69 8857.48 8842.08 8833.67 8832.61 8834.18 8834.55 8831.79 8830.12 8825.43 8829.64 8823.34 8828.63 8833.8 8821.89 8810.75 8802.59 8797.04 8794.01 8793.84 8798.98 8807.15 8818.56 8832.25 8844.44 8829.48 8816.19 8810.36 8810.6 8812.87 8813.77 8821.65 8830.63 8829.19 8817.85 8804.47 8797.62 8796.47 8795.95 8794.64 8791.22 8786.16 8781.72 8777.52 8773.18 8769.33 8770.51 8772.92 8775.18 8777.72 8782.52 8793 8808.62 8826.12 8838.99 8830.38 8820.7
8967.08 8951.79 8935.2 8926.65 8923.66 8912.83 8902.61 8886.07 8864.33 8867.77 8873.08 8853.05 8833.01 8831.02 8836.57 8842.03 8850.11 8853.87 8848.74 8837.88 8835.76 8832.75 8836.07 8840.8 8826.94 8813.44 8805.92 8798.67 8794.24 8798.46 8805.14 8813.65 8824.33 8836.08 8844.38 8836.62 8821.48 8818.42 8818.36 8820.36 8818.1 8826.33 8837.01 8836.25 8826.54 8813.19 8806.6 8801.64 8796.96 8792.66 8788 8784.3 8781.29 8778.53 8776.05 8774.7 8775.42 8776.57 8777.91 8780.54 8785.87 8794.32 8805.97 8817.72 8821.46 8824.62 8820.98
8976.47 8959.79 8941.21 8927.41 8918.61 8917.21 8907.65 8889.75 8867.52 8868.26 8872.56 8855.3 8822.32 8837.43 8854.4 8851.03 8849.04 8862.97 8840.16 8844.21 8848.36 8847.2 8846.48 8840.44 8826.01 8818.4 8811.73 8806.31 8805.22 8812.31 8814.49 8818.52 8823.99 8828.23 8832.92 8834.15 8827.31 8823.28 8822.48 8822.74 8820.86 8830.77 8841 8841.29 8836.08 8830.28 8816.9 8806.85 8798.14 8790.27 8784.82 8783.16 8781.62 8780.61 8780.12 8780.46 8780.9 8780.68 8781.13 8782.79 8785.55 8791.37 8801.5 8810.88 8816.4 8820.18 8821.03
8976.04 8964.87 8945.02 8929.87 8912.85 8897.46 8893.47 8885.77 8880.71 8885.92 8892.32 8878.41 8860.42 8855.19 8861.19 8850.93 8823.52 8765.73 8799.43 8844.13 8856.26 8852.48 8845.75 8838.47 8826.7 8822.13 8819 8817.24 8816.68 8820.09 8820.24 8821.53 8823.81 8826.45 8831 8830.08 8827.66 8825.56 8824.39 8820.17 8821.45 8835.97 8845.85 8846.82 8841.01 8832.91 8821.97 8810.67 8800.4 8790.32 8782.8 8783.22 8782.41 8782.84 8783.93 8785.38 8786.35 8785.88 8784.77 8784.84 8785.96 8790.59 8799.06 8808.01 8812.72 8818.97 8823.13
8986.39 8977.43 8965.15 8938.26 8912.71 8892.92 8877.26 8872.31 8884.57 8892.71 8898.53 8906.79 8893.85 8858.29 8868.19 8856.65 8839.88 8830.69 8842.95 8853.83 8858.5 8850.71 8841.34 8836.73 8833.14 8828.46 8826.6 8826.01 8824.43 8819.45 8823.38 8822.98 8823.3 8825.06 8829.03 8825.69 8826.71 8827.12 8826.75 8826.22 8828.36 8842.81 8853.24 8851.45 8843.85 8833.51 8824.02 8813.47 8803.1 8795.78 8792.54 8785.38 8783.54 8784.33 8786.89 8793.18 8796.2 8790.78 8788.81 8788.39 8788.78 8790.72 8799.91 8809 8817.24 8823.56 8826.84
9000.19 8989.57 8973.8 8942.76 8916.34 8894.22 8882.48 8889.74 8897.18 8897.39 8902.47 8908.41 8908.61 8863.49 8861.85 8864.88 8866.09 8881.86 8876.79 8859.71 8852.32 8845.58 8838.37 8834.25 8832.47 8832.56 8831.25 8832.42 8836.61 8833.28 8826.47 8823.46 8821.96 8822.08 8823.33 8827.95 8827.91 8827.98 8828.64 8830.69 8834.47 8849.81 8859.16 8854.41 8845.91 8836.18 8826.47 8815.2 8804.53 8795.52 8788.21 8784.2 8783.24 8784.85 8788.06 8790.54 8787.03 8791.67 8792.06 8791.91 8792.97 8795.24 8801.87 8810.38 8819.56 8825.99 8828.16
9002.04 8985.55 8962.87 8939.59 8913.24 8898.25 8895.33 8913.19 8907.97 8903.81 8901.65 8915.81 8916.19 8898.85 8885.12 8875.94 8875.83 8876.96 8871.12 8854.74 8842.8 8842.25 8847.12 8840.5 8837.18 8837.06 8836.26 8836.28 8836.91 8831.86 8827.19 8823.02 8819.75 8818.73 8820.62 8824.08 8826.89 8828.54 8829.5 8829.59 8840.2 8852.98 8859.51 8854.08 8847.88 8839.05 8828.34 8816.28 8804.15 8792.42 8782.64 8780.42 8782.28 8785.61 8788.67 8791.17 8793.49 8794.61 8794.92 8795.23 8796.85 8801.05 8804.92 8808.85 8814.02 8819.06 8825.12
8990.43 8976.48 8958.61 8936.99 8928.24 8909.2 8907.45 8906.64 8904.86 8908.5 8910.97 8916.01 8922.97 8899.85 8894.87 8887.06 8879.49 8871.71 8863.2 8858.6 8848.44 8844.22 8837.78 8842.04 8845.78 8841.21 8839.25 8835.9 8831.55 8827.78 8825.55 8821.4 8817.13 8814.55 8818.21 8823.05 8826.51 8829.18 8832.9 8831.2 8846.9 8845.59 8847.78 8850.73 8847.54 8840.73 8830.49 8818.12 8804.93 8791.82 8779.82 8778.7 8782.37 8786.93 8791.44 8795.62 8799.46 8798.96 8798.18 8797.49 8797.92 8801.63 8802.44 8803.17 8806.69 8809.85 8819.4
8980.14 8974.95 8960.23 8928.35 8884.76 8914.13 8918.43 8904.13 8905.86 8911.68 8918.11 8916.78 8925.56 8928.64 8906.49 8893.44 8880.81 8866.96 8855.64 8857.34 8854.41 8853.44 8857.6 8859.51 8849.8 8844.83 8841.12 8837.36 8833.21 8829.23 8826.19 8821.4 8816.23 8812.54 8818.23 8823.38 8826.45 8828.92 8830.52 8833.38 8847.83 8846.54 8846.86 8850.76 8849.28 8843.57 8833.36 8820.56 8806.97 8793.83 8784.28 8780.65 8783.92 8788.85 8794.76 8800.9 8802.86 8802.96 8800.72 8797.52 8794.1 8790.88 8790.54 8795.22 8799.79 8804.74 8815.49
8976.46 8975.1 8962.43 8942.47 8932.77 8929.73 8928.63 8906.15 8908.59 8913.52 8919.76 8923 8925.03 8921.37 8908.56 8897.58 8886.44 8873.24 8856.44 8858.83 8863.88 8863.12 8857.76 8853.27 8850.64 8848.79 8845.3 8841.58 8838.3 8835.16 8830.33 8824.74 8819.31 8816.93 8822.67 8823.62 8826.86 8829.96 8831.77 8837.8 8852.83 8846.72 8849.36 8855.69 8861.36 8850.51 8837.27 8823.87 8810.34 8797.69 8786.46 8783.9 8787.99 8793.01 8798.38 8805.83 8809.1 8808.39 8803.42 8797.6 8790.83 8783.54 8782.41 8790.32 8797.59 8805.86 8814.92
8972.42 8970.88 8963.86 8956.8 8954.58 8955.18 8937.22 8919.08 8910.76 8914.6 8917.99 8917.41 8924.56 8925.72 8911.48 8902.89 8895.1 8890.39 8888.73 8864.48 8866.07 8865.28 8863.35 8855.94 8859.89 8855.77 8850.49 8845.85 8843.07 8841.09 8835.5 8829.43 8824.45 8822.6 8824.19 8824.53 8828.28 8833.26 8836.39 8833.29 8842.98 8846.82 8851.13 8856.69 8860.52 8852.81 8840.04 8827.14 8814.76 8803.73 8794.92 8791.29 8793.67 8797.45 8802.74 8810.01 8814.35 8812.32 8805.53 8797.99 8790.42 8784.7 8784.94 8790.38 8799.31 8807.78 8819.27
