real_craters/C126-500m.grd
DSAA
154 154
-38.29 38.29
-38.29 38.29
7843.1994254183 9678.6763605665
[rows 120 to 149 of 154, columns 0 to 66 of 154]
9165.77 9169.13 9179.39 9189.5 9199.75 9209.14 9196.53 9169.39 9145.04 9151.84 9160.25 9166.51 9171.01 9176.15 9176.89 9179.63 9187.98 9194.15 9199.41 9203.8 9206.78 9208.29 9205.55 9186.27 9134.98 9180.9 9199.4 9195.11 9189.31 9183.77 9177.18 9170.04 9162.44 9155.41 9149.41 9143.78 9140.67 9137.9 9129.17 9124.58 9146.6 9154.33 9164.82 9175.66 9182.91 9191.89 9195.69 9192.54 9192.48 9192.99 9191.28 9192.54 9194.39 9204.46 9218.88 9214.9 9204.64 9201.76 9207.36 9213.72 9215.06 9218.84 9221.62 9228.74 9244.7 9264.54 9273.83
9166.4 9175.48 9182.85 9194.17 9206.01 9210.41 9203.18 9184.72 9170.62 9180.73 9179.3 9179.56 9181.36 9183.79 9191.21 9200.76 9205.06 9207.17 9210.47 9213.68 9216.31 9217.82 9214.67 9199.55 9191.4 9200.55 9207.26 9202.52 9196.52 9188.82 9183.17 9175.85 9168.41 9161.01 9153.94 9147.41 9141.99 9135.17 9133.7 9130.86 9137.25 9139.68 9151.52 9169.73 9184.78 9194.93 9198.17 9198.57 9198.84 9198.8 9196.89 9191.95 9189.54 9195.78 9229.72 9223.12 9210.9 9207.31 9210.59 9217.18 9225.12 9221.92 9223.96 9241.87 9263.66 9284.38 9296.42
9163.17 9166.54 9179.96 9194.51 9209.44 9222.39 9210.92 9201 9197.47 9192.71 9192.26 9190.83 9191.23 9193.09 9202.78 9215.11 9216.62 9217.69 9220.13 9222.85 9225.53 9228.41 9232.51 9224.87 9215.57 9210.95 9211.77 9206.37 9199.26 9193.59 9186.31 9179.42 9171.89 9165.12 9158.65 9152.61 9145.46 9136.41 9138.27 9139.71 9137.62 9135.95 9148.68 9168.84 9187.75 9202.4 9202.02 9204.82 9204.15 9202.74 9199.73 9192.85 9184.14 9173.02 9217.36 9220.06 9214.64 9211.92 9213.21 9218.11 9229.58 9229.99 9244.01 9282.03 9285.1 9290.7 9298.54
9156.86 9165.45 9174.53 9187.8 9205.94 9219.86 9209.77 9193.37 9189.05 9200.76 9201.3 9199.06 9198.31 9200.38 9210.54 9218.77 9222.54 9226.04 9229.23 9232.22 9234.76 9236.44 9233.02 9235.9 9235.55 9229.3 9219.33 9210.79 9199.3 9193.69 9188.17 9184.17 9177.88 9172.11 9168.45 9160.85 9152.59 9144.12 9146.97 9149.11 9149.42 9145.97 9155.56 9171.55 9189.95 9212.65 9216.22 9210.61 9208.71 9207.68 9202.84 9196.14 9194.42 9216.85 9208.71 9216.57 9214.95 9215.81 9216.99 9220.3 9224.29 9241.7 9267.19 9294.18 9297.79 9289.84 9294.57
9147.57 9148.07 9155.25 9173.4 9190.48 9204.3 9197.8 9196.89 9196.7 9200.98 9205.41 9205.07 9203.95 9207.2 9216.52 9220.25 9227.83 9232.36 9235.91 9238.51 9240.65 9244.1 9251.26 9245.98 9246.14 9237.76 9221.1 9213.13 9208.54 9201.88 9195.5 9189.64 9176.42 9171.76 9168.45 9164.18 9160.9 9159.69 9161.55 9161.15 9158.42 9156.32 9164.11 9175.87 9187.81 9195.37 9206.28 9210.73 9211.21 9210.44 9206.83 9199.48 9193.3 9198.32 9217.8 9220.23 9218.43 9221.44 9222.24 9226.65 9233.28 9236.78 9261.05 9287.23 9314.54 9329.87 9326.93
9143.07 9142.06 9146.51 9162.97 9170.17 9172.9 9176.98 9174.36 9186.85 9202.98 9210.89 9210.22 9209.76 9213.95 9222.6 9229.12 9233.95 9239.39 9242.35 9244.22 9245.59 9246.46 9245.31 9246.39 9242.4 9231.16 9215.2 9205.05 9199.42 9194.48 9189.27 9183.71 9180.22 9174.92 9172.55 9171.62 9171.5 9173.39 9173.74 9171.15 9168.32 9169.29 9174.51 9181.88 9188.54 9192.66 9199.32 9208.99 9212.14 9212.73 9209.39 9204.21 9199.37 9207.61 9223.39 9226.72 9228.97 9229.55 9232.27 9238.14 9239.2 9229.81 9237.91 9273.53 9335.3 9377.87 9375.33
9146.21 9156.1 9169.18 9165.01 9163.33 9163.02 9164.34 9165.48 9179.98 9199.74 9211.53 9213.85 9214.81 9218.78 9227.47 9233.37 9240.13 9246.93 9247.71 9247.47 9247.67 9247.55 9244.84 9240.56 9233.26 9213.1 9204.3 9199.6 9196.02 9192.22 9188.65 9186.04 9183.19 9181.81 9181.06 9180.27 9180.43 9183.36 9184.99 9179.05 9178.41 9180.86 9184.5 9190.01 9194.59 9196.91 9205.11 9210.61 9213.97 9215.86 9214.15 9212.08 9212.49 9218.05 9224.91 9228.23 9230.74 9234.73 9239.35 9239.08 9232.4 9221.69 9215.96 9270.5 9355.67 9429.95 9426.39
9150.2 9161.66 9168.22 9167.04 9163.91 9162.2 9161.96 9164.74 9180.21 9198.2 9210.93 9217.45 9218.32 9223.55 9234.35 9249.73 9261.51 9256.52 9251.78 9248.15 9245.73 9244.3 9241.58 9232.64 9221.3 9200.33 9196.7 9195.97 9194.43 9192.36 9191.42 9189.06 9187.66 9186.54 9185.66 9186.47 9188.53 9189.99 9195.05 9187.68 9179.41 9189.12 9194.19 9199.68 9204.03 9204.65 9206.25 9210.11 9216.38 9220.38 9219.62 9218.7 9220.99 9224.72 9227.41 9227.28 9228.67 9233.59 9238.18 9232.88 9222.37 9212.12 9210.36 9268.02 9349.87 9416.08 9432.43
9153.31 9162.38 9168.6 9169.04 9167.13 9165.6 9165.89 9169.04 9184.03 9200.97 9213.48 9223.08 9226.55 9224.98 9232.02 9250.25 9261.77 9257.51 9250.78 9245.02 9240.09 9234.36 9228.16 9220.88 9211.69 9208.81 9198.88 9195.17 9194.09 9193.94 9192.89 9192.48 9192.7 9192.69 9192.1 9191.78 9193.02 9192.29 9197.01 9186.7 9177.18 9194.42 9203.04 9209.85 9215.62 9219.09 9210.67 9208.69 9214.63 9225.54 9219.59 9219.12 9225.28 9233.46 9227.9 9228.67 9227.47 9227.27 9230.12 9214.15 9207.37 9196.48 9196.91 9250.87 9318.07 9366.78 9368.78
9157.78 9167.79 9174.37 9176.41 9176.05 9171 9170.23 9177.75 9187.4 9205.15 9224.59 9225.13 9228.04 9216.34 9217.42 9236.6 9249.91 9248 9243.82 9238.85 9233.01 9225.84 9218.47 9210.31 9199.96 9198.42 9197.25 9196.45 9195.54 9195.07 9195.85 9195.04 9194.11 9193.86 9193.5 9195.43 9195.89 9196.1 9203.39 9199.51 9200.68 9205.93 9212.09 9218.3 9222.15 9218.79 9211.37 9205 9204 9207.25 9210.65 9212.71 9212.36 9221.58 9223.33 9220.13 9218.13 9214.14 9207.15 9213.33 9205.03 9193.7 9189.22 9229.19 9273.12 9292 9277.83
9163.46 9174.94 9183.6 9184.76 9178.99 9172.98 9167 9169.49 9184.06 9200.23 9211.98 9211.52 9205.37 9204.98 9209.47 9222.11 9229.95 9233.95 9233.84 9231.57 9226.94 9218.6 9212.12 9205.02 9198.55 9194.62 9194.34 9195.09 9195.77 9195.82 9195.54 9194.3 9192.65 9191.67 9194.1 9195.89 9198.31 9205.26 9209.11 9210.15 9217.12 9215.92 9220.88 9226.21 9230.12 9225.34 9216.35 9209.2 9197.82 9194.28 9204.93 9211.26 9214.7 9218.53 9217.79 9214.14 9210.68 9205.66 9203.84 9212.89 9205.75 9190.25 9187.95 9211.08 9242.32 9247.39 9217.14
9167.3 9179.59 9191.4 9191.65 9183.9 9172.88 9164.22 9166.56 9178.5 9191.07 9196.24 9198 9196.9 9204.68 9209.74 9214.25 9216.48 9221.54 9225.09 9225.79 9224.21 9219.81 9211.55 9202.37 9194.12 9191.41 9192.45 9197.11 9199.39 9198.7 9197.61 9196.89 9195.48 9194.3 9194.21 9195.76 9197.93 9197.66 9208.86 9218.87 9231.02 9226.73 9227.65 9231.98 9234.88 9228.22 9219.04 9208.46 9203.31 9202.21 9207.19 9214.31 9220.04 9217.87 9214.24 9212.67 9209.91 9207.51 9208.89 9215 9206.33 9188.82 9187.41 9194.52 9198.08 9200.95 9190.8
9166.92 9179.33 9189.68 9189.72 9180.48 9169.62 9161.39 9163.15 9174.1 9187.45 9199.58 9197.65 9194.48 9205.05 9209.99 9210.65 9209.88 9214.62 9219.55 9221.53 9222.26 9223.17 9212.41 9201.85 9195.93 9195.98 9198.66 9204.08 9203.85 9201.71 9199.22 9196.61 9193.94 9192.45 9192.02 9192.79 9196.67 9203.75 9208.29 9224.38 9223.5 9223.5 9230.76 9234.47 9230.86 9229.02 9223.29 9211.25 9209.05 9208.07 9211.28 9216.08 9217.88 9215.05 9211.58 9208.52 9212.45 9215.96 9218.99 9217.11 9204.06 9192.18 9190.01 9187.92 9183.09 9182.61 9182.02
9162.43 9174.29 9185.45 9185.86 9174.92 9163.03 9155.09 9158.67 9168.97 9183.35 9198.29 9196.69 9195.34 9206.48 9209.9 9210.8 9211.6 9214.49 9217.8 9218.4 9216.69 9215.73 9209.16 9202.68 9202.71 9212.4 9220.63 9215.88 9209.34 9203.66 9199.9 9195.75 9192.22 9189.56 9188.21 9187.48 9187.37 9189.48 9179.39 9199.13 9209.05 9223.39 9231.96 9239.35 9244.2 9237.5 9230.68 9226.21 9216.63 9213.11 9214.71 9217.33 9215.36 9212.44 9211.98 9212.8 9218.32 9223.71 9225.83 9219.07 9203.74 9195.61 9192.05 9189.18 9190.3 9182.67 9179.29
9154.35 9165.64 9174.55 9178.19 9168.75 9155.26 9147.11 9150.48 9161.44 9175.13 9186.93 9196 9200.07 9207.17 9208.77 9211.99 9214.95 9218.12 9219.35 9217.72 9213.68 9207.23 9207.19 9206.13 9210.17 9223.68 9240.5 9220.17 9209.09 9201.73 9197.69 9194.71 9190.61 9186.12 9182.63 9179.32 9173.93 9166.09 9165.52 9181.94 9193.65 9215.5 9226.45 9236.56 9246.63 9237 9233.63 9235.05 9222.21 9217.34 9216.56 9217.76 9213.61 9212.52 9216.68 9220.11 9224.04 9227.69 9224 9215.42 9203.8 9196.77 9193.73 9188.63 9184.21 9179.88 9176.71
9146.67 9155.88 9161.41 9161.02 9155.27 9145.01 9139.95 9143.89 9154.27 9166.74 9179.28 9194.29 9197.59 9197.18 9204.81 9212.26 9220.74 9225.1 9222.16 9219.99 9217.55 9214.82 9210.1 9207.04 9208.89 9213.36 9207.75 9209.72 9204.89 9199.15 9194.15 9189.81 9184.97 9181.72 9178.3 9174.49 9170.66 9167.34 9166.13 9175.87 9183.95 9203.48 9216.43 9223.07 9219.46 9224.94 9227.56 9226.87 9229.69 9220.13 9216.04 9214.25 9214.52 9217.03 9221.64 9224.55 9225.96 9228.15 9218.79 9210.7 9204.81 9199.62 9192.85 9185.17 9178.8 9174.88 9173.28
9140.89 9147.98 9150.18 9149.36 9142.19 9132.7 9128.46 9136.1 9147.21 9159.06 9170.58 9179.67 9186.58 9190.62 9201.13 9210.75 9218.13 9221.26 9223.44 9222.13 9220.5 9218.47 9215.22 9208.59 9208.56 9207.23 9203.86 9200.18 9198.04 9194.64 9190.48 9186.9 9182.86 9178.67 9174.41 9170.31 9167.82 9167.76 9169.26 9170.51 9178.97 9196.66 9205.54 9213.09 9214.03 9218.31 9221.78 9223.57 9216.57 9214.33 9213.48 9214.34 9217.1 9221.42 9224.92 9224.75 9221.86 9218.71 9213.98 9203.85 9198.11 9195.55 9188.52 9180.04 9173.39 9169.61 9166.92
9139.45 9143.42 9142.77 9136.78 9132.17 9123.58 9120.96 9130.35 9142.13 9153.85 9163.55 9173.56 9183.54 9191.27 9200.35 9209.85 9218.79 9226.45 9225.45 9223.98 9222.01 9221.63 9222.2 9225.88 9215.27 9206.77 9196.68 9195.06 9192.7 9189.95 9187 9183 9178.76 9173.97 9169.79 9165.41 9162.76 9164.76 9170.44 9170.16 9175.07 9182.73 9197.47 9208.37 9213.83 9216.8 9217.43 9214.61 9207.44 9209.06 9211.3 9214.15 9223.49 9224.99 9223.16 9220.72 9215.69 9207.59 9197.74 9192.91 9185.92 9189.07 9182.81 9174.99 9168.93 9166.9 9166.77
9142.29 9143.47 9142.41 9138.26 9131.75 9123.82 9121.37 9130.71 9140.5 9150.79 9162.67 9179.28 9187.5 9193.6 9201.16 9209.31 9217.02 9223.17 9225.04 9226.73 9225.15 9226.25 9225.46 9221.26 9216.82 9208.84 9204.27 9195.01 9188.01 9183.66 9180.46 9177.19 9172.61 9169.6 9165.99 9162.37 9159.63 9159.82 9160.67 9162.52 9171.86 9183.73 9195.98 9208.98 9216.38 9217.79 9214.75 9210.14 9207.12 9208.23 9211.43 9221.26 9233.22 9228.67 9221.68 9218.85 9212.86 9204.37 9197.55 9190.39 9186.72 9181.23 9177.09 9172.98 9168.26 9165.45 9166.33
9145.11 9146.53 9146.89 9143.41 9136.57 9135.12 9133.88 9135.18 9141.58 9149.87 9160.66 9174.07 9185.61 9193.22 9201.46 9209.47 9215.58 9215.76 9227.42 9233.12 9236.6 9236.26 9233.44 9225 9220.02 9209.97 9196.58 9187.25 9182.8 9178.81 9175.51 9172.02 9168.89 9166.56 9164.3 9161.17 9158.41 9159.55 9160.62 9161.16 9168.39 9171.84 9186.02 9213.84 9220.42 9218.94 9215.47 9210.11 9210.97 9208.97 9209.33 9214.26 9226.16 9229.79 9226.54 9222.26 9214.86 9206.83 9199.36 9190.48 9182.6 9176.2 9171.3 9165.03 9162.03 9160.15 9158.1
9147.88 9149.99 9150.28 9146.81 9142.79 9140.46 9138.63 9138.62 9142 9147.76 9155.97 9169.15 9180.84 9191.15 9201.33 9211.25 9221.06 9232.21 9239.26 9243.78 9245.65 9250.1 9250.43 9244.16 9229.42 9213.8 9198.77 9186.94 9178.88 9173.48 9169.26 9167.22 9165.99 9164.26 9162.94 9161.42 9159.91 9159.5 9161.96 9165.8 9168.39 9167.77 9178.01 9202.05 9215.4 9217.88 9218.37 9217.32 9211.13 9209.38 9208.31 9208.62 9216.36 9231.43 9240.59 9227.5 9217.65 9208.79 9198.78 9190.61 9182.93 9173.84 9167.38 9161.39 9156.1 9152.12 9148.39
9150.44 9152.44 9154.94 9150.19 9140.36 9139.18 9138.29 9138.61 9141.06 9145.6 9151.76 9165.68 9179.32 9189.97 9201.23 9213.32 9225.22 9238.08 9247.33 9255.62 9262.16 9266.21 9267.12 9257.88 9238.7 9217.85 9199.57 9185.37 9174.41 9168.58 9165.61 9163.96 9163.11 9162.72 9162.78 9162.39 9161.62 9161.14 9166.45 9172.43 9170.72 9170.06 9174.33 9180 9205.09 9214.54 9219.98 9220.89 9214.17 9211.86 9211.7 9216.49 9222.45 9227.71 9229.77 9224.63 9214.73 9210.47 9202.15 9186.04 9180.18 9171.83 9164.51 9158.06 9151.28 9147.03 9145.78
9151.47 9151.08 9150.59 9144.28 9136.29 9134.59 9135.55 9137.34 9139.99 9143.92 9151.65 9161.33 9174.17 9188 9201.83 9214.86 9227.36 9238.11 9250.52 9265.21 9276.58 9277.26 9280.28 9268.89 9244.45 9219.23 9194.77 9172.1 9167.63 9164.4 9162.63 9161.95 9161.44 9162.49 9162.3 9162.97 9163.23 9162.71 9166.96 9170.51 9169.94 9171.93 9176.21 9182.02 9196.82 9210.56 9221.04 9227.48 9223.97 9217.53 9213.46 9217.97 9223.36 9224.75 9222.75 9219.28 9212.5 9197.8 9191.55 9186.41 9174.26 9169.89 9162.27 9153.55 9146.63 9140.08 9138.84
9148.45 9145.84 9142.78 9136.72 9130.1 9130.8 9132.97 9135.43 9138.19 9141.67 9147.26 9157.38 9172.29 9187.75 9202.75 9216.67 9229.72 9241.7 9251.74 9260.6 9270.63 9276.95 9279.18 9268.21 9245.4 9218.97 9192.28 9169.65 9163.75 9161.63 9161.05 9161.2 9161.41 9161.59 9162.66 9163.41 9163.73 9166.28 9166.94 9168.38 9169.08 9173.18 9175.96 9181.62 9194.22 9208.37 9220.62 9228.34 9225.86 9218.95 9214.52 9219.25 9222.83 9223.16 9221.28 9215.12 9206.12 9195.7 9187.9 9183.17 9174.08 9168.64 9162.68 9154.57 9145.84 9137.23 9136.86
9143.13 9139.37 9134.86 9131.23 9129.38 9130.05 9131.64 9134.07 9136.7 9140.24 9144.91 9151.82 9170.95 9188.89 9205.37 9219.81 9232.34 9242.8 9249.39 9249.14 9257.37 9271.79 9276.32 9266.02 9245.29 9219.83 9194.64 9173.99 9164.82 9162.25 9161.42 9161.15 9160.96 9161.76 9163.21 9166.44 9168.12 9168.97 9171.01 9171.68 9173.75 9176.09 9181 9184.58 9195.27 9206.78 9217.65 9224.41 9221.37 9215.35 9213.4 9222.52 9221.92 9218.43 9215.92 9212.54 9205.29 9196.3 9184.49 9173.67 9171.81 9167.34 9163.88 9158.98 9147.65 9139.67 9135.11
9139.29 9134.5 9129.62 9127.92 9127.08 9129.74 9131.98 9134.52 9137.26 9140.26 9144.91 9149.96 9168.61 9193.65 9210.38 9223.5 9234.51 9244.92 9253.35 9248.54 9257.48 9271.19 9277.31 9266.3 9246.14 9222.27 9198.94 9178.92 9167.92 9164.84 9163.12 9162.13 9161.58 9162.59 9164.86 9165.95 9168.66 9171.81 9170.94 9173.39 9176.15 9178.52 9179.18 9186.94 9195.6 9204.12 9212.21 9217.15 9216.89 9211.75 9204.49 9213.3 9219.33 9219.09 9216.79 9212.82 9206.92 9197.02 9185.88 9175.86 9167.47 9163.64 9158.88 9153.96 9148.19 9141.39 9137.24
9137.55 9132.27 9127.77 9127.89 9129.12 9130.78 9134.03 9136.92 9139.28 9141.87 9146.67 9157.77 9187.29 9205.31 9217.3 9227.11 9235.76 9242.35 9245.24 9255.44 9264.1 9274.44 9277.82 9268.66 9250.71 9228.76 9204.82 9182.5 9172.27 9169.11 9166.26 9165.65 9166.94 9166.37 9165.84 9167.23 9167.09 9168.26 9169.91 9175.13 9180.42 9183.52 9186.15 9192.14 9195.16 9200.74 9206.38 9211.1 9213.62 9212.99 9206.85 9211.6 9219.04 9222.92 9218.9 9212.85 9204.71 9195.94 9188.37 9177.16 9168.7 9162.2 9156.12 9151.52 9148.88 9148.23 9143.1
9136.08 9132.24 9129.75 9129.58 9131.26 9134.59 9138.67 9141.77 9144.49 9147.46 9153.71 9168.87 9199.68 9215.43 9224.37 9231.68 9238.24 9243.21 9248.75 9255.96 9267.07 9279.66 9284.53 9274.15 9257.51 9236.06 9214.43 9195.1 9184.47 9177.26 9174.84 9173.24 9172.81 9170.68 9168.51 9169.21 9167.91 9168.9 9171.71 9177.68 9184.81 9186.24 9185.15 9185.44 9190.58 9197.01 9201.41 9205.74 9208.92 9207.47 9209.27 9217.31 9220.27 9223.59 9219.06 9212.92 9205.45 9197.08 9187.88 9180.13 9170.79 9163.76 9153.62 9150.8 9149.38 9148.06 9145.22
9136.05 9132.19 9130.69 9132.03 9134.66 9141.8 9145.14 9148.24 9151.68 9155.58 9162.96 9176.03 9203.65 9220.21 9228.59 9235.29 9240.99 9245.46 9250.64 9253.73 9269.35 9283.93 9287.84 9279.92 9264.52 9245.98 9224.88 9207.99 9195.48 9186.98 9182.36 9179.74 9177.89 9174.38 9170.67 9165.05 9169.43 9171.73 9175.14 9178.17 9183.03 9183.14 9175.38 9177.32 9185.2 9194.05 9202.93 9206.21 9207.75 9209.34 9211.45 9216.58 9217.74 9218.54 9217.37 9213.93 9207.98 9199.16 9189.06 9180.96 9174.96 9169.05 9165.01 9157.18 9151.88 9149.28 9147.73
9134.95 9131.77 9131.45 9135.04 9144.23 9148.73 9151.77 9155.31 9159.81 9166.3 9175.86 9191.88 9209.59 9222.74 9230.46 9236.78 9241.5 9247.03 9252.8 9257.78 9273.6 9290.38 9294.73 9284.94 9270.89 9252.01 9233.25 9215.94 9202.43 9195.44 9190.95 9186.89 9183.11 9178.12 9174.31 9172.6 9173.47 9172.79 9173.35 9176.84 9177.51 9175.31 9173.11 9172.9 9181.81 9191.45 9200.35 9203.52 9205.47 9207.55 9208.28 9210.89 9210.96 9211.28 9214.44 9213.59 9208.38 9198.88 9188.77 9183.16 9176.84 9171.11 9169.33 9160.98 9155.29 9154.35 9151.3
