real_craters/C126-750m.grd
DSAA
103 103
-38.29 38.29
-38.29 38.29
7843.3630998857 9701.3884004927
[rows 0 to 37 of 103, columns 0 to 83 of 103]
9084 9082 9074 9069 9067 9071 9084 9075 9064 9055 9044 9030 9018 9005 8997 8996 8992 8991 9003 8996 8983 8980 8977 8970 8961 8957 8958 8960 8957 8950 8941 8930 8920 8909 8900 8894 8889 8877 8870 8876 8884 8893 8892 8890 8896 8900 8896 8885 8883 8872 8857 8855 8838 8841 8835 8816 8798 8787 8782 8777 8767 8756 8748 8742 8739 8739 8736 8731 8722 8716 8782 8771 8736 8720 8699 8693 8696 8703 8709 8715 8725 8741 8761 8781
9091 9086 9084 9081 9079 9081 9083 9094 9097 9086 9067 9054 9043 9027 9011 9035 9027 9032 9057 9050 9020 9009 9004 8993 8982 8973 8980 8994 8990 8975 8959 8944 8929 8916 8904 8895 8889 8880 8880 8885 8890 8895 8901 8896 8901 8898 8895 8885 8873 8868 8854 8853 8847 8838 8833 8823 8803 8793 8789 8784 8772 8757 8749 8747 8745 8743 8736 8727 8716 8716 8754 8761 8743 8701 8696 8697 8704 8707 8711 8714 8718 8737 8753 8765
9088 9083 9082 9081 9082 9084 9089 9100 9099 9094 9083 9075 9071 9066 9045 9054 9083 9109 9127 9180 9157 9092 9049 9016 9001 8996 9005 9026 9014 8993 8974 8955 8939 8923 8907 8892 8880 8885 8881 8887 8890 8899 8916 8933 8913 8901 8896 8891 8876 8859 8855 8858 8845 8843 8843 8831 8811 8800 8798 8789 8772 8761 8758 8755 8750 8747 8738 8729 8718 8722 8741 8748 8737 8705 8698 8701 8706 8711 8717 8723 8729 8738 8743 8744
9084 9079 9075 9076 9080 9085 9089 9095 9099 9094 9092 9095 9104 9125 9145 9139 9156 9147 9133 9141 9130 9087 9049 9023 9007 9012 9018 9028 9022 9004 8985 8966 8948 8930 8912 8894 8879 8881 8896 8895 8895 8904 8928 8947 8930 8906 8902 8898 8872 8857 8855 8856 8854 8857 8859 8832 8814 8805 8799 8790 8773 8764 8758 8756 8752 8748 8745 8733 8724 8727 8742 8743 8731 8711 8703 8704 8709 8716 8726 8736 8748 8745 8738 8727
9079 9088 9073 9071 9075 9081 9084 9070 9071 9082 9093 9105 9123 9152 9179 9159 9138 9102 9096 9073 9071 9070 9045 9016 8995 8985 9006 9024 9021 9009 8992 8974 8955 8937 8919 8904 8894 8887 8891 8899 8913 8925 8934 8948 8941 8917 8910 8890 8868 8858 8852 8862 8866 8854 8839 8831 8828 8822 8803 8787 8775 8765 8757 8756 8755 8753 8748 8737 8727 8735 8749 8745 8733 8717 8706 8709 8712 8722 8735 8745 8755 8750 8739 8731
9077 9091 9072 9070 9068 9063 9058 9051 9049 9070 9087 9102 9116 9128 9129 9113 9098 9093 9075 9068 9084 9055 9027 9005 8981 8973 8994 9017 9016 9005 8993 8979 8963 8946 8928 8910 8893 8885 8893 8898 8910 8924 8931 8930 8928 8926 8921 8885 8870 8861 8861 8862 8869 8858 8844 8831 8837 8826 8805 8792 8779 8768 8761 8757 8760 8762 8752 8743 8729 8737 8756 8750 8736 8724 8716 8718 8730 8738 8744 8749 8750 8747 8742 8739
9086 9095 9081 9072 9066 9057 9050 9046 9051 9071 9085 9096 9105 9111 9108 9094 9078 9077 9061 9048 9051 9040 9023 9001 8981 8971 8994 9010 9011 9004 8993 8979 8966 8951 8937 8922 8899 8892 8898 8901 8902 8921 8935 8936 8926 8914 8921 8899 8877 8872 8875 8874 8867 8858 8854 8852 8840 8816 8805 8797 8779 8769 8762 8760 8763 8766 8773 8757 8736 8746 8774 8759 8739 8727 8719 8727 8740 8751 8753 8753 8751 8749 8748 8751
9088 9077 9084 9074 9068 9062 9060 9058 9077 9082 9085 9088 9089 9087 9089 9088 9073 9061 9054 9050 9040 9026 9008 9000 8994 8994 9009 9015 9009 9001 8990 8978 8968 8957 8947 8934 8930 8909 8904 8910 8919 8930 8950 8965 8951 8920 8924 8909 8882 8883 8881 8878 8868 8851 8852 8849 8833 8814 8805 8789 8775 8767 8758 8764 8769 8765 8771 8761 8743 8759 8774 8775 8759 8739 8731 8734 8748 8763 8764 8759 8752 8748 8756 8765
9079 9073 9075 9077 9075 9071 9081 9108 9111 9091 9084 9081 9076 9071 9072 9076 9063 9021 9036 9039 9028 9016 9003 9002 9008 9011 9010 9009 9000 8991 8981 8972 8966 8960 8957 8959 8954 8923 8914 8917 8926 8937 8952 8961 8957 8937 8935 8925 8897 8889 8885 8881 8868 8854 8854 8843 8832 8820 8814 8799 8783 8768 8769 8779 8783 8784 8775 8765 8754 8756 8769 8780 8767 8747 8741 8747 8760 8775 8774 8768 8763 8763 8765 8772
9079 9070 9075 9082 9084 9082 9087 9089 9088 9084 9079 9075 9071 9063 9060 9059 9051 9036 9032 9030 9022 9011 9007 9002 9002 9000 8997 8992 8986 8979 8972 8966 8963 8959 8957 8962 8970 8945 8932 8926 8931 8939 8949 8957 8959 8984 8963 8943 8916 8890 8883 8879 8874 8879 8858 8846 8833 8823 8816 8804 8796 8798 8801 8797 8789 8783 8778 8772 8756 8765 8770 8776 8777 8762 8757 8768 8779 8792 8784 8776 8770 8762 8771 8776
9089 9083 9087 9093 9095 9095 9087 9071 9071 9071 9071 9070 9068 9068 9049 9038 9034 9029 9027 9020 9010 9003 8997 8994 8994 8985 8973 8972 8971 8969 8965 8963 8960 8958 8958 8961 8978 8981 8949 8939 8942 8951 8952 8957 8968 8983 8971 8950 8938 8913 8896 8881 8880 8873 8852 8840 8830 8820 8812 8811 8813 8822 8817 8804 8788 8779 8777 8772 8782 8781 8788 8787 8791 8774 8773 8779 8784 8783 8785 8782 8779 8781 8778 8777
9097 9087 9099 9100 9099 9098 9089 9083 9060 9061 9062 9062 9061 9056 9042 9031 9030 9024 9017 9010 9002 8995 8986 8984 8985 8973 8963 8961 8963 8962 8961 8961 8960 8959 8959 8964 8971 8963 8954 8943 8952 8966 8978 8972 8962 8969 8971 8961 8941 8929 8899 8889 8879 8850 8838 8830 8823 8812 8806 8806 8807 8803 8804 8800 8789 8785 8786 8788 8792 8783 8797 8806 8809 8809 8794 8787 8787 8790 8789 8785 8781 8782 8775 8775
9091 9088 9104 9104 9096 9089 9085 9075 9064 9059 9056 9055 9053 9051 9046 9035 9025 9020 9013 9005 8996 8990 8986 8981 8975 8966 8962 8957 8958 8959 8959 8958 8956 8956 8956 8955 8962 8975 8961 8949 8954 8967 8988 8979 8957 8945 8945 8941 8931 8913 8891 8874 8864 8839 8829 8825 8822 8814 8811 8813 8820 8808 8800 8795 8792 8796 8807 8820 8808 8798 8803 8812 8817 8829 8810 8788 8792 8796 8793 8785 8778 8769 8769 8773
9085 9092 9114 9106 9094 9085 9079 9072 9063 9055 9051 9049 9047 9047 9047 9035 9018 9013 9010 8996 8990 8984 8980 8972 8960 8957 8954 8955 8956 8956 8954 8954 8954 8953 8954 8952 8961 8974 8969 8964 8960 8971 9013 8991 8964 8951 8935 8927 8914 8897 8872 8869 8853 8832 8833 8840 8837 8835 8834 8828 8837 8815 8804 8797 8794 8806 8822 8846 8835 8816 8815 8816 8824 8838 8822 8805 8799 8795 8790 8783 8778 8772 8772 8775
9088 9090 9103 9102 9097 9084 9069 9060 9057 9048 9043 9040 9039 9040 9041 9031 9019 9014 9005 8991 8982 8974 8968 8960 8950 8953 8954 8954 8955 8956 8957 8956 8954 8953 8952 8951 8964 8981 8985 8973 8973 8972 9027 9000 8973 8969 8941 8923 8917 8900 8868 8874 8855 8825 8854 8849 8863 8840 8848 8848 8840 8823 8812 8805 8812 8816 8824 8829 8834 8825 8822 8821 8831 8842 8836 8823 8807 8794 8785 8782 8781 8780 8781 8781
9089 9092 9086 9092 9094 9078 9055 9043 9039 9037 9035 9034 9031 9031 9032 9023 9012 9004 8991 8981 8970 8962 8953 8945 8945 8949 8953 8955 8956 8956 8956 8956 8955 8952 8949 8966 8976 8988 9007 9025 9001 8992 8996 8994 8981 8973 8953 8923 8895 8879 8882 8891 8899 8854 8864 8841 8774 8832 8857 8849 8839 8829 8823 8822 8824 8822 8824 8829 8826 8827 8826 8824 8839 8851 8842 8828 8812 8797 8787 8784 8783 8787 8791 8788
9082 9081 9077 9083 9087 9070 9046 9034 9031 9029 9027 9026 9029 9026 9021 9010 8997 8983 8968 8963 8960 8953 8943 8935 8943 8947 8951 8955 8958 8958 8958 8957 8956 8956 8960 8963 8975 8991 9008 9017 9006 9000 8992 8997 9001 8996 8974 8929 8894 8886 8897 8900 8908 8887 8862 8864 8882 8867 8852 8842 8834 8833 8831 8834 8833 8825 8822 8821 8828 8828 8829 8831 8850 8857 8846 8832 8815 8800 8788 8783 8785 8789 8787 8792
9074 9070 9066 9073 9077 9065 9045 9035 9030 9024 9020 9016 9010 9009 9007 8997 8984 8972 8959 8955 8955 8951 8945 8942 8949 8952 8954 8956 8956 8957 8958 8958 8959 8961 8963 8973 8978 8987 8995 8999 9000 8991 8991 9001 9007 8990 8958 8928 8903 8906 8906 8906 8918 8904 8893 8880 8875 8861 8841 8843 8841 8841 8838 8835 8831 8824 8818 8816 8823 8828 8831 8835 8850 8854 8848 8835 8818 8798 8780 8780 8786 8792 8797 8797
9057 9060 9062 9068 9071 9067 9056 9042 9029 9019 9014 9010 9002 8994 8986 8989 8981 8968 8963 8960 8956 8954 8953 8949 8960 8964 8959 8959 8958 8959 8959 8961 8962 8965 8970 8970 8978 8981 8984 8993 9002 8998 8992 8994 8986 8977 8960 8908 8914 8912 8906 8915 8917 8931 8906 8887 8867 8856 8854 8854 8860 8846 8841 8835 8829 8824 8816 8816 8823 8828 8831 8840 8847 8849 8849 8839 8821 8800 8784 8782 8789 8798 8803 8802
9057 9061 9067 9071 9072 9073 9072 9049 9030 9017 9011 9006 9009 9004 9000 8992 8985 8972 8959 8959 8960 8961 8963 8969 8969 8965 8962 8960 8960 8960 8960 8959 8962 8968 8971 8973 8975 8975 8976 8991 9012 9035 9005 8990 8977 8974 8963 8951 8941 8919 8911 8917 8921 8925 8910 8895 8881 8864 8865 8862 8854 8854 8848 8843 8838 8830 8822 8822 8825 8829 8835 8844 8851 8854 8865 8846 8825 8806 8791 8789 8795 8804 8813 8808
9065 9062 9063 9067 9070 9071 9070 9048 9029 9016 9007 8999 8994 9002 9002 8997 8993 8990 8972 8965 8966 8966 8968 8970 8970 8965 8962 8959 8958 8958 8959 8960 8962 8967 8971 8967 8966 8970 8974 8988 9005 9022 9004 8984 8970 8966 8966 8967 8975 8940 8922 8919 8922 8926 8912 8906 8904 8891 8878 8874 8871 8862 8856 8847 8845 8837 8830 8826 8826 8833 8843 8843 8847 8852 8856 8846 8830 8813 8802 8798 8801 8808 8815 8811
9053 9058 9059 9061 9062 9057 9048 9036 9021 9009 9002 9005 9008 9008 9006 9000 8996 8994 8991 8980 8972 8970 8970 8971 8968 8963 8963 8960 8958 8957 8956 8957 8957 8956 8958 8958 8961 8970 8976 8985 8988 8990 8989 8973 8961 8964 8973 8985 8993 8976 8939 8922 8915 8923 8920 8916 8916 8913 8889 8874 8869 8870 8863 8857 8846 8842 8838 8834 8828 8835 8840 8841 8847 8850 8849 8844 8832 8817 8805 8799 8802 8809 8813 8809
9055 9057 9059 9063 9060 9045 9032 9023 9011 8996 8989 8986 8994 9008 9003 8997 8993 8991 8989 8976 8973 8972 8971 8970 8967 8966 8962 8960 8960 8958 8957 8955 8952 8948 8956 8964 8967 8973 8984 8981 8974 8970 8971 8961 8959 8965 8978 9000 9005 8995 8958 8925 8926 8932 8935 8927 8918 8913 8892 8875 8879 8871 8867 8861 8854 8853 8849 8843 8839 8839 8843 8843 8847 8856 8857 8847 8834 8820 8808 8801 8800 8804 8805 8800
9057 9057 9058 9055 9053 9033 9021 9012 9001 8987 8974 8961 8973 8986 8994 8993 8988 8988 8988 8977 8973 8972 8971 8966 8961 8962 8960 8960 8959 8959 8958 8955 8953 8954 8953 8965 8966 8971 8978 8971 8964 8958 8959 8965 8963 8976 9000 9023 9032 9021 8977 8944 8923 8943 8943 8931 8917 8910 8896 8880 8880 8881 8874 8864 8870 8872 8870 8863 8846 8838 8836 8842 8843 8858 8862 8850 8836 8822 8811 8800 8798 8797 8792 8786
9062 9060 9055 9051 9045 9035 9020 9006 8995 8983 8970 8962 8967 8979 8991 8994 8992 8992 8995 8976 8971 8971 8970 8960 8952 8956 8958 8959 8960 8959 8958 8957 8953 8948 8949 8950 8960 8959 8949 8958 8957 8955 8958 8964 8966 8979 9022 9038 9045 9039 8994 8951 8932 8929 8938 8936 8926 8912 8899 8889 8887 8881 8879 8877 8888 8889 8878 8870 8853 8838 8824 8839 8848 8850 8853 8846 8835 8823 8813 8808 8798 8792 8785 8780
9070 9063 9056 9047 9036 9026 9014 9003 8993 8983 8971 8965 8975 8985 8997 9001 8999 8988 8984 8973 8969 8968 8969 8962 8955 8954 8956 8958 8959 8961 8961 8961 8959 8956 8962 8968 8963 8959 8951 8953 8956 8953 8950 8950 8965 8987 9017 9037 9044 9039 9006 8954 8937 8926 8929 8937 8953 8932 8908 8900 8892 8891 8895 8894 8893 8889 8886 8890 8860 8847 8845 8849 8833 8844 8846 8840 8831 8820 8809 8800 8791 8789 8786 8784
9076 9065 9056 9044 9025 9006 9004 9000 8994 8986 8976 8976 9001 9014 9013 9011 9006 8983 8974 8971 8967 8964 8959 8958 8964 8957 8959 8961 8963 8964 8966 8967 8968 8970 8964 8966 8962 8959 8958 8953 8949 8945 8943 8955 8968 8985 9007 9024 9040 9031 9022 8985 8943 8929 8935 8933 8934 8939 8925 8905 8903 8900 8912 8906 8887 8870 8865 8864 8864 8869 8863 8864 8843 8844 8840 8834 8827 8818 8804 8786 8786 8793 8794 8794
9078 9063 9042 9026 9021 9008 9003 9001 8997 8992 8985 8987 9018 9029 9023 9018 9015 9008 8986 8976 8967 8965 8966 8961 8961 8960 8961 8963 8965 8967 8968 8969 8971 8969 8963 8958 8959 8956 8953 8952 8950 8936 8927 8953 8961 8979 9003 9018 9030 9034 9029 9008 8967 8932 8929 8932 8939 8965 8967 8920 8926 8920 8897 8886 8877 8867 8856 8860 8859 8856 8868 8857 8838 8829 8831 8830 8827 8821 8812 8798 8802 8807 8809 8810
9083 9062 9043 9034 9026 9015 9008 9005 9003 9001 8997 8998 9014 9024 9024 9021 9014 9005 9001 8981 8965 8968 8972 8965 8954 8962 8966 8967 8968 8969 8970 8970 8971 8964 8954 8953 8962 8966 8960 8955 8945 8936 8927 8944 8944 8968 8999 9010 9020 9035 9037 9022 8968 8934 8944 8960 8964 8979 8985 8923 8913 8898 8885 8877 8872 8866 8859 8856 8860 8859 8858 8855 8837 8823 8826 8830 8829 8829 8828 8836 8837 8827 8825 8828
9083 9057 9036 9031 9027 9015 9012 9009 9007 9008 9008 9005 9002 9015 9023 9024 9014 9006 8996 8982 8975 8971 8970 8970 8972 8970 8971 8972 8973 8973 8972 8970 8967 8956 8950 8957 8969 8979 8972 8962 8954 8944 8940 8951 8955 8979 9004 9014 9019 9034 9033 9009 8960 8941 8941 8941 8923 8954 8969 8949 8894 8890 8892 8884 8878 8872 8859 8856 8865 8873 8862 8852 8837 8830 8830 8835 8836 8838 8839 8843 8843 8840 8838 8840
9073 9054 9040 9028 9023 9024 9016 9010 9009 9009 9017 9016 9003 9015 9027 9034 9027 9007 8992 8983 8982 8976 8972 8972 8974 8974 8974 8975 8975 8975 8974 8970 8961 8953 8948 8959 8973 8985 8974 8969 8965 8953 8952 8958 8998 8998 9006 8999 9013 9030 9011 8992 8953 8941 8922 8911 8921 8939 8948 8950 8915 8892 8890 8892 8887 8880 8872 8865 8865 8862 8855 8848 8837 8836 8837 8838 8843 8844 8848 8850 8849 8849 8845 8838
9067 9055 9042 9030 9022 9027 9020 9013 9009 9007 9018 9021 9020 9019 9032 9045 9036 9014 8999 8990 8989 8981 8975 8972 8974 8976 8976 8976 8978 8978 8977 8975 8970 8967 8958 8966 8976 8976 8974 8974 8967 8959 8964 8980 8984 9001 8993 8982 9001 9015 9012 9011 8972 8936 8907 8901 8923 8935 8940 8934 8911 8888 8897 8902 8894 8880 8863 8862 8865 8860 8853 8847 8842 8844 8844 8844 8847 8852 8856 8860 8866 8860 8854 8849
9071 9059 9049 9041 9042 9032 9023 9012 9005 8995 8989 9017 9004 9015 9029 9048 9043 9023 9005 8991 8988 8987 8985 8982 8978 8976 8978 8978 8979 8980 8982 8982 8982 8978 8981 8981 8989 8989 8979 8973 8968 8961 8975 8999 9015 9030 9025 9005 8999 9008 9018 9020 8994 8946 8913 8907 8924 8937 8953 8935 8893 8885 8893 8906 8900 8892 8872 8863 8863 8858 8858 8860 8858 8850 8847 8849 8853 8858 8863 8869 8875 8870 8866 8862
9071 9062 9054 9047 9042 9032 9025 9017 9009 9002 9014 9009 9004 9012 9020 9029 9041 9032 9014 9001 8996 8996 8998 8997 8990 8984 8980 8980 8981 8982 8984 8988 8989 8982 8989 8990 8991 8990 8984 8984 8975 8974 8991 9016 9033 9062 9051 9076 9013 9034 9043 9042 9014 8980 8937 8920 8931 8939 8937 8920 8884 8890 8913 8917 8901 8882 8877 8869 8865 8868 8876 8877 8870 8850 8848 8853 8858 8862 8867 8873 8879 8877 8875 8877
9076 9067 9057 9049 9040 9032 9026 9020 9015 9012 9018 9026 9020 9018 9013 9001 9048 9041 9024 9004 8996 9009 9013 9011 8993 8979 8981 8982 8981 8983 8984 8988 8987 8991 8993 8992 8987 8983 8985 8988 8981 8976 9000 9037 9055 9054 9049 9114 9199 9137 9091 9081 9095 9069 9006 8973 8974 8968 8934 8922 8908 8900 8903 8897 8893 8893 8884 8884 8890 8893 8887 8880 8867 8851 8852 8859 8864 8868 8871 8875 8879 8880 8880 8885
9080 9071 9060 9050 9041 9034 9028 9024 9023 9024 9032 9043 9037 9030 9027 9033 9061 9046 9034 9027 9016 9015 9014 9009 8997 8989 8986 8985 8985 8984 8985 8988 8990 8985 8995 8996 8997 8991 8981 8980 8975 8976 9020 9057 9073 9077 9203 9444 9452 9294 9218 9250 9292 9277 9169 9089 9059 9045 9025 8963 8943 8912 8889 8904 8894 8879 8888 8898 8905 8906 8918 8896 8870 8863 8866 8869 8872 8876 8877 8877 8878 8879 8881 8887
9078 9068 9060 9051 9042 9036 9032 9031 9031 9038 9041 9040 9041 9040 9041 9042 9035 9040 9037 9035 9026 9017 9009 9000 9001 9001 8994 8991 8989 8988 8985 8981 8987 8989 8989 9000 9005 8989 8972 8959 8969 8992 9049 9081 9136 9176 9386 9504 9533 9460 9476 9572 9543 9529 9479 9303 9200 9184 9153 9080 9011 8952 8917 8947 8913 8896 8908 8919 8928 8937 8964 8920 8895 8895 8893 8884 8880 8881 8884 8884 8879 8879 8884 8889
9078 9069 9062 9054 9045 9036 9034 9031 9030 9031 9035 9035 9043 9048 9050 9047 9036 9036 9036 9032 9028 9018 9014 9010 9005 9001 8998 8997 8995 8992 8987 8978 8983 8990 8995 9003 9006 8988 8973 8965 8975 9017 9096 9214 9283 9329 9460 9460 9430 9422 9467 9555 9530 9565 9701 9628 9436 9370 9297 9170 9158 9085 8931 8939 8925 8922 8940 8944 8951 8970 8966 8913 8928 8916 8898 8891 8887 8887 8892 8891 8889 8890 8893 8895
