real_craters/C126-300m.grd
DSAA
256 256
-38.29 38.29
-38.29 38.29
7842.1163777255 9707.4205091055
[rows 30 to 59 of 256, columns 134 to 200 of 256]
8833 8829.25 8824.45 8825.2 8825.19 8823.92 8822.43 8820.22 8816.49 8812.03 8809.95 8811 8810.89 8810.97 8815.21 8819.7 8820.49 8815.41 8809.42 8806.13 8802.75 8800.45 8798.37 8796.31 8794.4 8792.81 8792.41 8792.99 8794.83 8797.84 8801.72 8807.06 8812.52 8817.86 8818.32 8811.97 8807.88 8799.97 8797.15 8798.72 8800.85 8803.36 8806.33 8810.67 8812.41 8812.03 8816.7 8823.19 8827.99 8827.07 8819.92 8810.3 8800.37 8791.2 8788.48 8789.82 8791.58 8793.24 8795.2 8798.07 8798.21 8793.13 8789.42 8786.15 8783.25 8780.64 8777.55
8832.85 8832.26 8833.7 8831.02 8830.6 8830.38 8829.76 8826.36 8823.48 8820.43 8820.38 8821.48 8819.33 8818.46 8822.66 8829.18 8830.76 8822.84 8813.54 8808.32 8805.18 8801.64 8798.52 8795.48 8793.79 8793.07 8793.86 8796.16 8798.44 8802.45 8807.78 8814.26 8821.37 8828.58 8831.32 8827.04 8821.33 8816.28 8809.19 8806.36 8806.36 8807.53 8809.33 8812.95 8814.46 8815.49 8820.07 8825.67 8828.54 8828.04 8822.91 8814.7 8805.61 8797.27 8793.93 8793.75 8794.22 8794.98 8795.72 8795.51 8793.48 8792.03 8788.81 8785.8 8783.32 8780.26 8777.58
8832.34 8832.63 8834 8835.86 8837.01 8835.62 8832.12 8834.35 8832.36 8828.73 8827.55 8831.7 8827.24 8825.16 8828.36 8833.74 8834.87 8828.58 8821.65 8814.06 8807.65 8803.21 8799.43 8796.81 8795.22 8793.68 8793.63 8796.21 8801.41 8806.63 8812.5 8820.2 8828.3 8838.11 8848.16 8846.51 8832.45 8821.03 8815.57 8812.65 8811.85 8812.25 8812.99 8814.72 8814.6 8815.79 8822.53 8829.43 8834.03 8832.3 8826.97 8819.47 8811.29 8804.79 8800.08 8798.32 8797.5 8796.89 8795.97 8794.93 8794.18 8790.87 8787.61 8784.94 8782.58 8780.35 8777.85
8833.14 8834.67 8836.68 8841.25 8845.14 8847.64 8844.4 8848.73 8842.67 8836.93 8835.17 8835.5 8832.57 8830 8832.68 8837.77 8838.88 8832.19 8822.69 8813.55 8809.57 8805.09 8800.92 8797.31 8795.11 8795.17 8796.51 8799.68 8805.25 8810.6 8816.29 8823.4 8831.12 8839.9 8848.72 8850.49 8836.36 8821.97 8819.12 8817.33 8816.65 8817 8818.12 8818.35 8817.09 8819.01 8825.41 8832.71 8838.79 8836.93 8831.42 8824.74 8816.7 8808.6 8805.47 8803.06 8800.62 8798.29 8796.27 8794.01 8792.25 8788.89 8786.24 8784.03 8781.88 8780.2 8778.37
8837.03 8842.53 8844.94 8847.39 8852.2 8864.85 8890.94 8866.36 8848.53 8841.98 8838.67 8838.5 8838.83 8836.82 8838.34 8841.91 8842.58 8833.51 8822.97 8817.74 8812.46 8807.9 8803.55 8798.79 8794.83 8799.21 8803.54 8806.69 8810.35 8814.43 8818.96 8824.56 8830.12 8835.29 8840.54 8842.46 8836.55 8829.76 8823.58 8821.15 8820.34 8820.59 8821.51 8821.37 8819.31 8821.74 8828.08 8834.56 8838.4 8838.84 8835.54 8830.4 8823.76 8816.04 8812.18 8808 8803.78 8799.87 8796.26 8792.43 8788.11 8786.32 8784.6 8783.09 8781.78 8780.5 8779.35
8844.92 8854.4 8853.98 8849.83 8848.41 8853.13 8862.97 8847.29 8839.37 8842.3 8848.09 8848.36 8847.33 8847.39 8847.26 8844.52 8840.44 8831.93 8824.91 8820.11 8815.49 8811.73 8808.33 8805.47 8804.45 8807.57 8812.31 8813.64 8815.13 8817.48 8820.53 8823.99 8826.89 8828.64 8829.98 8836.65 8834.15 8829.1 8826.11 8823.77 8822.65 8822.48 8822.69 8822.33 8820.53 8823.84 8830.77 8837.64 8841.9 8841.92 8839.51 8836.08 8832.66 8827.36 8819.28 8812.69 8806.85 8801.48 8796.49 8791.77 8787.74 8784.82 8783.44 8782.72 8781.88 8781.14 8780.61
8853.94 8860.51 8856.99 8847.89 8836.21 8819.6 8794.76 8796.77 8819.13 8838.7 8853.25 8855.18 8853.17 8852.66 8850.18 8844.5 8838.09 8831.05 8823.88 8820.97 8818.47 8816.04 8814.02 8813.12 8814.64 8815.27 8816.59 8817.95 8818.5 8819.59 8821.41 8823.81 8825.37 8825.7 8824.01 8831.74 8832.42 8830.51 8827.08 8825.19 8824.47 8823.76 8822.52 8820.05 8820.03 8825.69 8833.66 8840.93 8845.38 8845.35 8843.06 8839.9 8837.56 8832.71 8823.4 8815.96 8809.45 8803.25 8797.36 8791.66 8786.2 8783.34 8782.98 8782.52 8782.06 8782.18 8781.95
8857.95 8862 8857.93 8846.93 8830.18 8803.43 8761.23 8768.41 8811.74 8838.66 8854.1 8856.66 8854.65 8851.07 8846.45 8843.08 8838.87 8834.76 8827.28 8824.18 8822.13 8820.46 8819.36 8819.1 8819.06 8820.48 8822.85 8821.32 8820.99 8821.66 8822.73 8823.8 8825.41 8827.62 8830.79 8829.83 8828.49 8827.89 8827.21 8826.47 8825.83 8825.18 8824.11 8821.42 8821.35 8828.27 8837.3 8845.32 8849.08 8848.63 8845.73 8841.34 8835.32 8830.11 8824.48 8818.04 8811.27 8805.01 8798.94 8793 8786.26 8783.52 8784.09 8783.66 8782.91 8782.62 8783.18
8860.93 8866.72 8861.02 8851.2 8838.42 8822.45 8807.26 8815.25 8833.62 8847.56 8857.33 8858.08 8854.54 8849.68 8845.27 8840.73 8838.12 8836.12 8833.01 8828.29 8826.05 8825 8824.42 8824.25 8824.48 8822.62 8820.76 8822.64 8822.81 8822.76 8823.01 8823.47 8824.5 8826.58 8830.87 8827.47 8825.16 8825.65 8826.72 8826.8 8826.58 8826.44 8826.18 8826.21 8825.8 8832.31 8841.43 8849.74 8853.3 8851.61 8848.08 8843.03 8836.16 8830.66 8825.47 8819.47 8813.01 8806.86 8800.89 8796.02 8793.29 8791.38 8786.87 8784.71 8783.81 8783.4 8783.98
8862.37 8869.16 8863.87 8858.5 8853.93 8853.71 8868.53 8884 8864.16 8858.3 8858.42 8859.05 8852.83 8846.55 8839.95 8837.21 8833.97 8830.78 8830.79 8830.5 8829.81 8829.14 8829.44 8829.39 8828.44 8826.88 8825.25 8824.95 8824.28 8823.63 8823.08 8823.01 8823.29 8823.95 8827.78 8828.02 8829.22 8827.97 8827.57 8827.45 8827.46 8827.44 8826.94 8827.55 8828.48 8836.22 8845.68 8853.29 8855.74 8853.98 8850.05 8845.23 8841.46 8833.8 8826.94 8820.98 8814.43 8807.99 8802.32 8797.57 8794.98 8792.31 8787.47 8784.67 8783.77 8783.95 8784.89
8860.8 8861.85 8864.69 8864.78 8865.04 8870.27 8881.86 8882.93 8872.76 8862.24 8856.05 8852.32 8848.46 8844.07 8839.49 8836.97 8834.25 8832.51 8832.49 8832.59 8831.31 8831.25 8831.54 8833.01 8835.51 8837.2 8833.28 8828.48 8825.67 8823.88 8822.65 8821.96 8822.12 8821.95 8821.37 8826.49 8827.95 8828.17 8827.88 8827.9 8828.16 8828.64 8829.67 8831.22 8832.3 8840.26 8849.81 8857.6 8858.73 8855.76 8851.33 8845.91 8838.96 8834.51 8828.67 8822.14 8815.2 8808.79 8802.5 8797.06 8792.64 8788.21 8785.33 8783.68 8783.11 8783.52 8784.85
8875.3 8867.89 8870.8 8871.33 8871.8 8874.72 8877.76 8875.84 8869.77 8860.26 8851.79 8846.07 8843.65 8842.66 8841.83 8840.86 8838.88 8839.16 8836.09 8835.32 8834.74 8834.52 8835.13 8836.21 8838.31 8838.56 8833.35 8829.72 8826.64 8824.27 8822.33 8820.99 8820.37 8821.12 8821.76 8821.66 8824.79 8826.66 8827.53 8828.17 8828.75 8829.33 8830.32 8831.82 8835.66 8843.73 8852.71 8859.91 8859.54 8856.1 8851.86 8846.95 8841 8835.65 8829.64 8822.86 8815.96 8808.86 8802.27 8795.74 8789.82 8784.89 8782.38 8781.73 8782.28 8783.61 8785.22
8897.76 8890.38 8880.95 8877.25 8876.69 8876.36 8876.5 8874.81 8867.17 8857.42 8848.66 8841.13 8841.09 8842.66 8845.33 8844.39 8840.79 8838.29 8839.1 8838.47 8837.77 8837.19 8836.3 8836.17 8836.08 8834.87 8831.66 8828.81 8826.06 8823.54 8821.03 8819.07 8817.75 8817.46 8819.15 8821.84 8823.66 8825.75 8827.28 8828.19 8829.35 8829.75 8828.96 8830.08 8838.5 8845.86 8852.24 8858.3 8857.02 8854.46 8851.47 8848.19 8844.28 8837.58 8831.18 8824.26 8816.97 8809.07 8801.74 8794.38 8787.56 8781.49 8779.51 8780.23 8781.72 8783.58 8785.71
8895.42 8893.81 8888.34 8883.19 8880.15 8876.94 8873.01 8868.22 8863.63 8858.27 8851.41 8845.81 8843.65 8843.02 8841.27 8839.27 8841.25 8845.06 8844.19 8841.07 8839.63 8838.86 8837.82 8835.48 8833.28 8830.35 8828.81 8827.15 8824.86 8822.36 8819.79 8817.47 8815.58 8814.84 8817.31 8820.4 8823.22 8825.28 8826.81 8828.58 8830.24 8832.2 8833 8831.18 8843.08 8847.07 8847.29 8848.03 8850.89 8851.6 8850.37 8847.77 8843.98 8838.71 8832.32 8825.39 8817.95 8810.19 8802.27 8794.08 8786.48 8779.59 8777.77 8779.39 8781.48 8784.1 8786.59
8906.65 8899.29 8893.85 8888.07 8882.5 8876.47 8868.98 8862.28 8859.68 8860.95 8855.98 8850.38 8847.64 8846.54 8843.57 8841.74 8848.72 8847.45 8845.66 8843.11 8841.85 8839.27 8837.4 8835.31 8832.18 8828.5 8827.2 8826.63 8824.75 8822.27 8819.4 8816.45 8814.17 8814.17 8816.93 8819.98 8822.97 8825.15 8826.87 8828.51 8830.28 8832.74 8834.1 8831.87 8845.95 8847.81 8844.71 8842.29 8847.2 8849.76 8849.7 8847.48 8844.03 8839.72 8833.76 8826.74 8818.88 8810.96 8802.94 8795.05 8787.3 8781.32 8778.99 8779.57 8781.8 8784.33 8787.81
8921.04 8906.49 8898.14 8891.69 8883.2 8875.81 8866.96 8858.92 8855.63 8857.1 8856.89 8854.41 8853.28 8853.54 8855.54 8861.43 8859.51 8878.2 8847.52 8845.37 8843.77 8841.12 8839.16 8836.5 8833.83 8831.19 8829.23 8827.77 8825.35 8822.62 8819.47 8816.23 8813.38 8813.55 8817.2 8819.99 8823.38 8825.44 8826.95 8828.48 8829.7 8830.52 8831.57 8835.21 8845.85 8848.5 8846.54 8845.87 8847.72 8850.23 8850.98 8849.28 8846.19 8841.93 8835.65 8828.46 8820.56 8812.41 8804.26 8796.44 8789.39 8784.28 8781.49 8780.76 8783.1 8785.74 8788.85
8914 8908.14 8901.05 8893.43 8885.21 8877.29 8868.63 8858.29 8853.23 8858.21 8859.25 8860.94 8861.91 8859.54 8858.5 8857.15 8852.19 8851.41 8850.81 8847.34 8845.27 8843.44 8841.46 8839.2 8836.83 8834.72 8833.1 8830.41 8827.52 8824.34 8820.94 8817.62 8814.74 8815.34 8819.21 8821.57 8824.66 8825.62 8827.27 8828.87 8829.95 8830.32 8832.52 8838.99 8848.59 8850.06 8846.47 8846.14 8849.33 8852.66 8854.89 8853.41 8850.58 8845.37 8838.23 8830.52 8822.42 8814.31 8806.22 8798.4 8791.03 8783.66 8778.58 8782.16 8785.09 8787.96 8791.1
8916.13 8909.18 8902.51 8896.31 8890.02 8883.47 8876 8866.88 8859.94 8859.05 8861.14 8864.52 8866.02 8862.81 8859.49 8854.58 8853.8 8854.02 8851.32 8850.71 8848.82 8846.53 8844.11 8842.01 8840.56 8838.8 8836.25 8833.42 8830.15 8826.7 8823.19 8820.23 8818.41 8819.99 8822.61 8826.56 8824.02 8825.49 8827.82 8829.83 8831.5 8832.97 8835.76 8841.47 8849.26 8850.42 8848.25 8848.19 8851.26 8855.16 8859.68 8865.61 8857.7 8849.09 8840.75 8832.52 8824.52 8816.55 8808.56 8801.12 8794.32 8788.54 8786.87 8786.01 8788.08 8790.85 8793.82
8919.01 8911.08 8905.43 8899.19 8894.48 8890.66 8886.8 8883.51 8877.76 8863.86 8863.84 8865.23 8864.6 8864.59 8862.67 8859.06 8854.41 8856.31 8857.5 8855.21 8852.4 8849.4 8846.67 8844.33 8843.17 8842.18 8839.72 8836.71 8833.11 8829.64 8826.34 8823.41 8821.68 8822.47 8823.88 8824.39 8824.2 8826.03 8828.78 8831.63 8834.11 8835.61 8835.51 8838.91 8843.69 8846.72 8849.32 8850.16 8852.18 8855.74 8859.82 8862.45 8857.97 8850.35 8842.22 8834.38 8826.34 8818.68 8811.4 8804.4 8798.39 8793.29 8788.43 8790.29 8791.79 8793.83 8796.56
8921.6 8912.76 8907.3 8902.66 8899.55 8897.48 8896.48 8896.54 8890.49 8870.59 8869.97 8869.73 8868.49 8868.85 8867.87 8867.12 8864.94 8862.76 8863.83 8859.57 8855.51 8852.26 8849.16 8845.94 8842.89 8842.6 8843.24 8839.92 8836.22 8832.65 8829.43 8826.6 8824.59 8824.52 8824.79 8824.95 8825.5 8827.38 8830.13 8833.6 8837.25 8839.5 8835.38 8835.35 8841.76 8845.31 8845.64 8848.22 8851.45 8854.66 8857.04 8856.82 8854.98 8849.7 8842.81 8835.51 8827.98 8820.97 8814.08 8807.93 8802.42 8798.41 8797.4 8795.38 8795.37 8796.81 8799.07
8919.54 8911.89 8908.64 8906.83 8905.4 8904.46 8903.54 8902.13 8897.12 8884.84 8879.32 8878.13 8878.7 8875.6 8872.19 8870.69 8871.03 8866.47 8862.81 8861.19 8858.74 8855.77 8852.51 8848.95 8845.17 8844.34 8844.95 8842.12 8838.5 8835.18 8832.32 8829.89 8827.8 8827.19 8826.21 8826.35 8826.47 8828.2 8831.15 8834.99 8839.29 8842.78 8840.51 8840.99 8846.62 8850.45 8847.21 8847.41 8850.23 8853.08 8855.22 8855.5 8852.67 8848.45 8842.62 8836.3 8829.65 8822.78 8816.28 8810.21 8805.3 8801.93 8800.55 8798.25 8797.69 8798.43 8800.57
8920.24 8912.55 8911.29 8910.85 8910.29 8909.82 8908.79 8905.76 8896.67 8890.63 8887.42 8884.64 8883.22 8878.54 8873.74 8870.31 8867.39 8866.86 8865.31 8863.71 8861.43 8858.59 8855.68 8852.75 8849.97 8847.91 8846.76 8843.53 8840.34 8837.73 8835.54 8833.9 8831.86 8829.57 8826.25 8823.82 8825.81 8827.94 8831.41 8835.4 8838.86 8840.14 8838.04 8840.53 8846.67 8849.78 8843.44 8845.61 8848.95 8851.21 8853.19 8853.81 8850.76 8847.12 8842.49 8836.92 8830.89 8823.86 8817.58 8811.88 8807.06 8803.12 8799.36 8797.98 8798.52 8799.66 8801.37
8925.45 8917.09 8915.34 8915.14 8914.77 8914.51 8914.09 8912.69 8909.62 8902.06 8894.24 8887.77 8882.17 8877.16 8873.31 8870.16 8866.95 8868.11 8868.42 8867.14 8864.29 8861.4 8858.68 8856.52 8854.39 8850.52 8846.54 8843.7 8841.96 8840.1 8838.29 8837.28 8838.43 8834.46 8830.61 8827.84 8826.55 8827.67 8831.79 8835.98 8838.77 8838.43 8835.53 8838.74 8842.63 8843.32 8845.34 8846.24 8848.72 8849.9 8849.44 8849.14 8848.89 8846.37 8842.2 8837.14 8830.88 8825.14 8819.23 8814.01 8808.49 8804.14 8800.61 8798.87 8798.9 8800.12 8801.85
8927.95 8922.64 8920.37 8919.38 8918.58 8918.03 8917.73 8918.16 8918.09 8908.5 8898.48 8889.24 8880.74 8874.91 8872.23 8870.89 8869.42 8870.58 8871.42 8869.95 8866.38 8863.56 8861.17 8859.15 8856.91 8852.58 8847.22 8845.3 8844.41 8842.86 8840.73 8838.07 8836.07 8835.14 8833.85 8831.86 8829.37 8829.06 8833.34 8837.57 8841.25 8842.05 8840.03 8840.5 8842.33 8845.39 8846.59 8847.2 8849.44 8850.43 8850.8 8850.26 8848.81 8846.35 8842.35 8837.51 8831.5 8826.13 8820.49 8815.07 8810.1 8805.05 8801.04 8798.69 8799.12 8800.3 8801.42
8931.76 8927.6 8925.99 8924.22 8922.28 8920.59 8919.27 8918.65 8917.77 8909.76 8900.54 8890.11 8879.25 8872.26 8872.34 8871.95 8873.22 8873.45 8871.84 8869.76 8867.64 8865.46 8863.23 8860.91 8858.37 8855.05 8852.48 8850.15 8848.13 8846.82 8844.61 8840.52 8835.45 8836.73 8836.1 8835.04 8833.98 8833.73 8836.27 8839.24 8842.77 8844.35 8843.52 8842.27 8842.06 8841.53 8844.44 8847.89 8851.26 8852.71 8851.1 8851.83 8850.64 8847.45 8843.57 8838.54 8833 8827.26 8822.13 8816.31 8811.11 8806.49 8802.19 8799.54 8799.51 8800.1 8801.01
8936.3 8934.97 8932.93 8929.33 8925.46 8921.72 8918.32 8915.38 8914.06 8910.89 8902.33 8891.74 8881.06 8874.67 8876.21 8878.38 8879.01 8875.56 8872.4 8869.56 8868.9 8867.32 8865.07 8862.55 8860 8857.56 8854.24 8851.92 8852.88 8852.63 8851.39 8848.72 8845.06 8843.84 8841.91 8840.04 8839.1 8840.28 8838.54 8839.14 8841.59 8842.64 8842.59 8842.69 8843.25 8843.53 8846.96 8850.15 8853.7 8857.33 8860.04 8857.44 8853.81 8849.72 8844.95 8840 8833.99 8828.7 8823.2 8817.98 8812.28 8807.68 8803.8 8801.77 8800.18 8799.74 8799.97
8943.22 8945.34 8939.44 8933.16 8927.56 8921.9 8916.62 8911.04 8909.13 8911.96 8903.93 8894.13 8885.85 8881.88 8881.82 8885.23 8881.79 8877.07 8875.05 8872.97 8872.07 8869.71 8867.07 8865.1 8863.25 8861.43 8859.93 8859.16 8859.79 8859.86 8859.72 8859.71 8858.77 8853.6 8849.3 8845.53 8842.12 8839.61 8837.56 8837.04 8835.92 8836.87 8839.04 8841.9 8845.54 8848.61 8848.72 8850.42 8855.38 8861.3 8865.5 8862.03 8856.5 8851.22 8845.85 8840.29 8833.99 8828.73 8823.38 8818.25 8813.45 8808.97 8804.51 8801.16 8799.95 8799.27 8799.2
8946.58 8946.3 8940.15 8934.03 8928.59 8922.55 8916.55 8910.83 8909.14 8910.11 8904.14 8895.65 8887.83 8882.75 8882.18 8887.15 8882.28 8878.42 8878.79 8880.21 8876.35 8872.45 8868.92 8865.72 8865.27 8866 8866.77 8868.36 8867.51 8867.72 8867.64 8867.63 8866.08 8861.73 8856.93 8850.67 8844.59 8837.58 8836.58 8837.09 8836.05 8834.15 8835.42 8840.46 8845.81 8850.09 8842.79 8848.37 8855.16 8862.31 8868 8863.11 8857.55 8852.28 8847.16 8841.62 8836.69 8830.87 8824.85 8819.58 8814.7 8809.97 8805.16 8801.12 8799.75 8799.36 8798.36
8944.67 8941.04 8936.71 8934.13 8929.66 8923.75 8917.1 8912.36 8910.29 8908.77 8904.23 8896.43 8887.98 8880.28 8877.69 8874.17 8878.42 8879.63 8880.68 8882 8878.68 8874.69 8871.39 8868.98 8869.01 8871.5 8873.47 8871.87 8875.86 8875.43 8873.99 8872.86 8871.15 8866.94 8861.91 8854.89 8848.5 8843.85 8840.29 8837.62 8837.86 8835.87 8835.88 8838.49 8842.49 8844.87 8841.49 8846.61 8853.2 8859.03 8861.73 8860.39 8856.49 8851.44 8846.6 8840.98 8835.07 8829.97 8824.84 8819.19 8814.9 8810.88 8806.74 8801.58 8801.02 8800.33 8798.28
8941.11 8940.77 8938.19 8935.4 8931.66 8926.27 8918.49 8909.86 8909 8911.19 8906.07 8897.76 8890.11 8883.4 8881.43 8881.36 8880.62 8880.17 8881.16 8880.96 8878.74 8876.43 8874.13 8873.1 8874.58 8877.86 8882.36 8889.59 8885.79 8882.06 8879.03 8876.65 8874.28 8869.6 8863.93 8857.55 8851.3 8846.62 8841.72 8835.53 8830.24 8829.55 8831.92 8836.11 8839.52 8839.55 8840.49 8846.47 8851.26 8855.47 8857.81 8856.49 8853.78 8849.7 8845.19 8839.88 8834.97 8829.92 8825.07 8820.57 8816.3 8812.27 8809.84 8809.57 8806.88 8802.14 8798.22
