real_craters/C126-1000m.grd
DSAA
45 45
-21.88 21.88
-21.88 21.88
5533.2512521309 7034.0440050126
6528.51 6508.62 6495.41 6489.2 6489.47 6504.11 6514.54 6521.76 6517.18 6489.73 6491.74 6489.3 6485.27 6510.39 6554.21 6540.21 6544.62 6545.61 6504.31 6472.97 6464.45 6446.84 6440.5 6468.15 6490.13 6502.29 6481.55 6464.65 6456.29 6455.42 6478.86 6489.72 6488.86 6484.41 6476.1 6467.73 6475.23 6489.17 6523.19 6592.76 6580.17 6562.58 6575.89 6587.76 6604.38 
6536.97 6565.99 6549.95 6529.96 6520.93 6523.04 6533.23 6537.46 6541.56 6536.66 6530.91 6542.32 6558.48 6557.79 6587.77 6546.97 6534.53 6553.35 6520.34 6476.75 6446.94 6446.2 6446.39 6476.52 6488.45 6487.58 6461.95 6464.83 6462.81 6460.98 6491.26 6501.42 6497.82 6490.16 6481.83 6481.43 6489.74 6503.95 6509.52 6557.87 6556.31 6538.77 6548.5 6580.25 6599.97 
6547.3 6568.67 6549.44 6513.3 6532.16 6544.3 6551.97 6556.35 6551.11 6551.18 6543.45 6537.55 6528.33 6537.73 6551.24 6551.49 6533.96 6547.14 6541.14 6498.4 6453.11 6463.47 6467.47 6488.53 6485.57 6481.61 6478.86 6486.57 6485.62 6483.58 6512.44 6510.68 6505.56 6500.47 6494.22 6482.85 6505.95 6531.85 6508.64 6524.67 6532.58 6523.97 6561.04 6587.15 6598.93 
6558.73 6558.62 6549.03 6532.05 6541.26 6556.81 6569.55 6581.86 6595.24 6572.02 6556.65 6545.58 6545.55 6549.5 6544.6 6545.89 6566.01 6564.09 6546.22 6513.68 6500.37 6516.29 6525 6503.72 6492.18 6503.28 6527.76 6528.52 6520.58 6513.63 6519.57 6508.19 6511.39 6516.84 6520.98 6525.4 6515.42 6505.83 6507.85 6538.79 6540.06 6551.12 6584.79 6586.39 6595.81 
6556.74 6555.55 6561.86 6601.72 6564.64 6568.37 6581.78 6602.4 6624.61 6612.62 6590.6 6573.83 6580.71 6580.2 6581.58 6566.25 6575.56 6561.52 6557.07 6572.51 6566.08 6553.26 6565.32 6500.93 6507.49 6545.87 6566.08 6562.27 6543.69 6539.62 6509.38 6503.24 6520.42 6533.71 6543.79 6545.67 6521.62 6504.87 6527.75 6545.89 6560 6568.88 6587.69 6589.31 6618.57 
6542.83 6550.11 6575.06 6611.71 6582.48 6577.63 6589.33 6605.83 6622.87 6618.23 6606.86 6590.95 6585.64 6583.86 6586.3 6578.89 6570.39 6563.59 6578.63 6616.2 6607.96 6601.16 6612.36 6525.29 6521.21 6551.22 6562.19 6552.61 6544.9 6522.48 6499.12 6527.2 6538.44 6546.17 6549.11 6540.08 6505.31 6494.65 6527.11 6554.5 6576.29 6598.95 6599.79 6618.79 6629.91 
6521.38 6532.01 6563.34 6568.76 6587.11 6592.23 6593.97 6594.65 6589.55 6579.87 6580.07 6604.87 6583.57 6567.92 6564.85 6574.41 6562.95 6568.8 6584.25 6616.9 6613.22 6601.72 6599.95 6570.21 6552.36 6568.12 6549.49 6543.87 6554.58 6559.03 6539.22 6557.42 6559.71 6555.12 6545.95 6531.75 6505.19 6497.75 6527.34 6562.49 6604.94 6619.11 6616.22 6625.8 6633.64 
6532.23 6535.33 6533.04 6549.28 6589.81 6595.69 6593.22 6584.41 6566.46 6546.25 6530.16 6543.04 6543.7 6546.04 6537.47 6533.51 6572.69 6586.06 6581.26 6592.84 6599.89 6597.75 6588.39 6585.39 6571.63 6558.25 6562.48 6564.3 6556.49 6559.28 6564.4 6580.47 6575.93 6564.26 6553.42 6550.48 6553.75 6566.61 6565.33 6594.03 6649.87 6685.84 6647.39 6656.78 6698.71 
6577.49 6563.83 6571.88 6583.36 6599.74 6605.53 6598.43 6583.21 6569.91 6567.13 6574.87 6549.03 6539.19 6546.77 6541.32 6524.65 6552.12 6564.16 6571.31 6598.92 6595.82 6596.49 6631.72 6636.05 6561.52 6562.44 6554.88 6540.69 6554.52 6565.51 6582.64 6603.41 6590.23 6578.55 6563.12 6584.21 6657.13 6665.84 6667.8 6690.01 6747.99 6753.11 6708.62 6697.19 6731.8 
6646.16 6636.33 6619.17 6613.19 6630.43 6621.15 6600.74 6580.29 6555.89 6535.03 6564.19 6570.31 6579.06 6576.9 6580.99 6591.83 6568.09 6583.52 6616.49 6605.13 6631.31 6706.47 6742.78 6720.37 6670.37 6591.84 6593.02 6593.29 6578.37 6576.04 6593.07 6598.5 6593.76 6600.31 6624.63 6616.27 6653.16 6694.73 6703.99 6713.03 6716.49 6696.82 6685.47 6689.5 6720.08 
6667 6664 6646.45 6661.65 6679.11 6641.68 6609.08 6582.74 6562.42 6572.29 6566.96 6572.71 6587.72 6606.41 6623.86 6619 6634.42 6657.89 6674 6696.23 6755.77 6816.03 6784.02 6698.89 6678.88 6667.35 6670.41 6676.69 6651.25 6627.24 6607.93 6583.23 6598.08 6614.41 6633.22 6640.48 6661.13 6685.04 6686.7 6673.53 6661.74 6665.07 6656.67 6674.24 6713.02 
6643.69 6639.6 6630.44 6636.16 6653.56 6629.21 6602.01 6581.71 6568.78 6556.38 6564.64 6569.75 6596.65 6621.81 6649.93 6690.44 6722.44 6828.47 6794.49 6791.84 6776.7 6786.89 6719.34 6723.61 6775.68 6787.39 6769.87 6757.96 6714.23 6687.52 6652.24 6619.91 6616.25 6615.14 6621.34 6634.87 6650.23 6686.93 6645.7 6590.5 6618.69 6697.43 6679.75 6690.38 6689.64 
6606.98 6604.96 6613.57 6608.1 6602.7 6588.15 6579.71 6573.23 6571.17 6571.23 6575.99 6594.85 6633.69 6662.17 6673.32 6718.27 6835.64 6738.34 6667.54 6604.55 6550.35 6462.28 6513.19 6584.19 6715.97 6875.69 6849.68 6833.82 6865.49 6772.45 6714.98 6672.56 6656.25 6635.84 6627.71 6649.31 6664.08 6643.93 6608.88 6540.16 6542.61 6707.21 6693.94 6696.21 6690.18 
6585.5 6603.77 6601.2 6614.24 6553.8 6551.03 6563.23 6573.02 6575.89 6577.74 6589.56 6660.36 6704.05 6726.95 6744.48 6765.6 6666.56 6474.98 6317.51 6272.11 6223.33 6253.27 6298.91 6324.99 6326.86 6508.59 6687.68 6793.46 6833.46 6807.71 6756 6720.58 6693.24 6670.72 6664.69 6678.43 6670.92 6629.65 6621.65 6625.68 6696.07 6713.2 6669.72 6661.26 6687.98 
6594.76 6607.89 6596.81 6578.89 6532.04 6532.62 6556.43 6574.37 6584.25 6605.24 6644.9 6750.06 6769.82 6762.69 6757.14 6642.19 6396.85 6265.77 6213.5 6209.5 6218.44 6152.88 6144.79 6168.03 6215.47 6357.55 6537.75 6674.78 6808.05 6788.78 6771.83 6741.16 6708.65 6702.96 6701.82 6702.81 6689.1 6654.73 6651.58 6664.19 6686.29 6682.64 6673.7 6663.94 6668.84 
6587.75 6599.47 6616.82 6629.36 6579.79 6565.22 6573.72 6587.3 6602.28 6627.31 6663.84 6733.15 6776.41 6754.92 6728.06 6573.57 6392.51 6254.88 6196.85 6115.67 5987.56 5955.48 5993.99 6030.1 6066.73 6144.34 6330.15 6502.84 6629.93 6715.39 6777.02 6826.47 6766.93 6756.54 6745.27 6734.64 6706.78 6688.31 6677.35 6668.32 6674.14 6704.38 6713.33 6724.17 6670.22 
6556.54 6602.22 6628.33 6658.64 6641.03 6612.14 6603.42 6607.14 6615.29 6644.53 6717.24 6801.15 6770.18 6695.35 6587.3 6437.33 6245.7 6088.5 6001.93 5930.19 5844.38 5842.21 5859.42 5887.41 5940.87 5950.28 6105.19 6360.06 6533.83 6638.17 6771 6899.9 6863.5 6815.47 6781.44 6769.55 6734.07 6708.64 6700.38 6696.11 6696.65 6710.73 6732.45 6708.4 6669.28 
6632.54 6609.68 6609.12 6625.37 6626.14 6624.61 6624.1 6629.16 6635.99 6655.52 6749.93 6822.16 6748.15 6636.47 6475.97 6266.96 6045.39 5909.45 5883.93 5811.34 5755.8 5755.31 5748.86 5733.54 5773.74 5821.6 5911.72 6223.41 6383.58 6526.95 6725.95 6933.24 7034.04 6884.72 6802.48 6758.77 6742.62 6724.15 6716.05 6728.12 6724.41 6711.48 6718.43 6664.4 6650.66 
6645.61 6638.17 6631.79 6612.46 6624.84 6640.29 6646.67 6662.73 6678.29 6691.69 6805.17 6826.38 6725.32 6607.54 6430.5 6167.88 5892.53 5781.05 5759.58 5701.61 5664.93 5700.78 5690.7 5623.07 5621.48 5686.54 5804.87 6014.46 6217.32 6418.86 6636.31 6832.06 6981.93 6897.98 6834.69 6760.62 6727.22 6715.59 6715.02 6736.12 6760.23 6727.41 6697.8 6650.21 6659.43 
6667.06 6658.32 6623.07 6623.76 6631.24 6631.88 6666.35 6704.24 6745.64 6798.11 6840.36 6787.58 6717.7 6580.7 6401.84 6118.65 5860.31 5767.83 5728.83 5643.44 5689.3 5788.29 5719.87 5612.39 5592.26 5596.34 5636.74 5831.52 6091.47 6328.59 6518.75 6684.1 6828.63 6910.19 6878.82 6810.26 6758.85 6719.31 6702.59 6709.54 6755.2 6747.65 6646.39 6630.64 6659.1 
6666.04 6662.7 6646.43 6639.63 6646.58 6642.55 6687.46 6739.08 6796.2 6850.5 6799.54 6799.14 6742.72 6544.32 6306.64 6078.87 5859.78 5733.93 5651.22 5618.77 5713.65 5877.86 5793.46 5659.18 5586.09 5537.98 5569.86 5713.23 5969.96 6230.55 6416.91 6580.89 6739.52 6920.78 6877.92 6807.06 6738.62 6703.18 6687.49 6687.03 6741.82 6671.47 6611.82 6621.35 6663.05 
6653.9 6668.08 6650.21 6645.86 6663.81 6673.29 6702.65 6751.03 6801.52 6825.2 6766.72 6776.18 6726.83 6528.59 6304.34 6057.4 5833.04 5733.96 5665.94 5616.81 5683.53 5869.72 5886.82 5774.87 5635.48 5533.25 5558.64 5626.49 5869.77 6110.07 6353.23 6527.93 6670.98 6822.83 6855.61 6779.23 6677.23 6670.18 6677.29 6680.79 6709.3 6658.29 6593.72 6594.76 6627.99 
6646.12 6652.73 6643.84 6660.6 6683.76 6679.34 6701.71 6745.44 6791.52 6821.17 6834.84 6800.48 6642 6500.28 6297.01 6045.12 5804.25 5658.93 5622.3 5625.68 5734.72 5953.55 6008.25 5926.89 5699.15 5539.78 5551.27 5638.33 5876.66 6140.91 6357.35 6529.02 6664.2 6783.92 6854.15 6781.24 6659.35 6655.23 6667.04 6658.23 6700.67 6628.89 6584.6 6589.51 6610.07 
6665.78 6664.98 6689.76 6716.13 6714.43 6691.55 6706.1 6740.4 6781.82 6831.69 6864.54 6775.6 6587.8 6493.5 6300.72 6045.25 5798.35 5625.69 5617.09 5671.55 5763.25 5964.61 5985.79 5888.92 5702.13 5565.92 5618.65 5729.94 5945.72 6191.93 6399.91 6579.38 6714.22 6812.58 6859.64 6777.21 6686.44 6665.78 6655.27 6661.37 6661.17 6608.74 6579.29 6581.29 6599.02 
6685.02 6665.82 6714.85 6739.67 6735.23 6721.92 6729.28 6742.55 6759.15 6829.74 6921.58 6880.06 6685.56 6530.94 6308.15 6063.77 5821.69 5652.19 5608.35 5643.34 5736.9 5808.78 5781.21 5712.42 5660.03 5626.35 5732.43 5892.15 6062.87 6258.32 6461.43 6669.08 6834.05 6764.08 6755.43 6763 6714.72 6669.01 6666.38 6623.81 6596.49 6590.58 6582.33 6578.78 6597.51 
6711.69 6726.64 6722.39 6715.49 6724.88 6753.4 6771.57 6747.5 6744.7 6797.55 6886.02 6935.5 6842.16 6522.41 6333.67 6120.64 5875.65 5677.53 5650.98 5702.99 5611.49 5650.02 5647.39 5643.33 5651.62 5667.54 5792.76 6028.6 6171.36 6327.02 6525.12 6753.12 6869.91 6723.64 6746.58 6734.49 6696.48 6640.34 6580.54 6605.76 6600.63 6585.34 6580.43 6590.08 6602.01 
6757.96 6759.04 6748.87 6745.48 6754.63 6780.76 6779.13 6750.86 6738.77 6801.01 6876.04 6935.06 6912.59 6695.45 6440.58 6227.23 6014.05 5761.54 5713.37 5709.43 5621 5591.48 5584.25 5655.48 5703.29 5768.56 5967.72 6062.24 6266.16 6510.6 6715.56 6834.39 6849.7 6708.84 6724.32 6726.34 6680.3 6623.03 6580.5 6592.52 6599.44 6581.02 6576.57 6584.42 6605.05 
6802.1 6776.41 6780.02 6798.33 6786.1 6771.52 6764.14 6758.88 6760.22 6849.3 6902.23 6879.88 6915.12 6778.24 6566.32 6349.26 6180.91 5927.29 5825.42 5830.71 5718.53 5667.65 5712.46 5755.89 5794.94 5867.66 6030.64 6128.92 6419.79 6719.88 6929.92 6888.22 6775.82 6704.97 6692.87 6664.45 6651.76 6616.58 6587.47 6582.24 6586.27 6575.73 6595.19 6592.82 6604.29 
6813.22 6832.93 6835.46 6837.63 6812.4 6797.81 6782.62 6776.67 6797.04 6833.45 6858.33 6846.05 6869.92 6840.94 6692.73 6480.74 6183.29 6008.83 5936.03 5841.34 5809.3 5792.67 5792.6 5853.89 5906.94 5940.13 5995.19 6304.47 6637.22 6865.35 7004.49 6870.57 6733.37 6673.55 6664.95 6639.44 6636.21 6623.48 6600.48 6586.51 6586.99 6590.88 6596.35 6594.59 6605.44 
6849.59 6864.58 6856.96 6828.33 6812.64 6807.18 6800.24 6787.86 6782.59 6770.91 6793.94 6809.85 6871.59 6911.72 6813.98 6692.8 6510.38 6257.08 6031.39 5947.32 5900.97 5863.27 5863.89 5947.77 6041.04 6106.84 6250.28 6637.05 6898.88 6905.37 6869.61 6780.41 6696.9 6660.92 6660.39 6654.44 6634.44 6634.6 6622.53 6585.82 6582.61 6585.88 6588.6 6601.89 6603.49 
6917.31 6904.27 6875.1 6828.96 6802.63 6790 6770.99 6794.51 6814.59 6799.64 6790.38 6783.76 6818.22 6875.9 6881.67 6895.02 6913.28 6639.47 6409.64 6204.23 6122.49 6032.91 5994.56 6123.88 6277.2 6401.44 6575.57 6987.41 6973.97 6868.8 6767.05 6700.18 6659.74 6640.49 6656.54 6628.9 6592.43 6594.81 6630.46 6596.67 6590.69 6568.63 6583.01 6605.21 6599.49 
6915.82 6886.13 6843.14 6809.72 6793.49 6793.42 6773.35 6800.72 6815.45 6808.13 6795.74 6793.01 6807.78 6789.94 6868.06 6958.5 7014.18 6900.47 6760.73 6662.24 6580.04 6492.12 6401.89 6461.4 6568.56 6722.17 6885.37 6857.79 6818.01 6774.76 6713.5 6669.8 6640.5 6634.12 6658.08 6613.54 6540.58 6448.74 6563.13 6653.48 6625.12 6581.24 6573.98 6579.88 6599.9 
6900.55 6867.94 6836.24 6805 6791.6 6806.5 6809.1 6802.09 6797.79 6793.07 6791.5 6795.15 6805.5 6784.38 6824.89 6913.89 6984.31 6973.93 6959.92 6937.19 6908.08 6869.87 6865.58 6860.77 6760.03 6783.58 6773.9 6739.95 6716.42 6701.41 6675.96 6661.69 6637.72 6625.08 6629.12 6611.65 6569.26 6518.62 6639.68 6667.3 6642.91 6615.84 6565.73 6573.69 6594.92 
6903.34 6868.35 6846.67 6818.3 6811.48 6821.81 6806.78 6780.81 6778.72 6781.83 6788.01 6794.83 6806.75 6750.79 6779.01 6826.14 6861.58 6889.77 6872.53 6852.48 6829.47 6841.41 6860.8 6785.23 6769.12 6745.04 6713.68 6686.59 6669.84 6665.71 6651.86 6641.26 6631.03 6619.53 6621.8 6612.88 6626.54 6685.01 6680.16 6654.91 6640.13 6623.31 6606.27 6570.98 6591.65 
6915.27 6876.19 6846.72 6839.67 6834.66 6826.99 6800.43 6786.1 6787.38 6783.91 6793.74 6792.99 6789.12 6773.65 6774 6783.07 6802.01 6810.8 6795.4 6786.09 6768.27 6762.81 6756.18 6724.28 6724.9 6723.61 6688.51 6668.33 6669.13 6646.15 6634.68 6627.91 6592.74 6579.75 6577.36 6596.25 6620.67 6654.4 6681.58 6637.48 6567.4 6577.19 6585.41 6599.07 6613.45 
6921.89 6890.11 6877.93 6870.56 6863.32 6841.46 6817.17 6801.94 6819.18 6826.86 6817.1 6807.74 6794.43 6781.87 6774.44 6776.73 6787.21 6802.54 6768.32 6754.92 6741.11 6740.43 6717.14 6701.13 6694.5 6688.71 6663.9 6638.35 6652.77 6617.18 6576.23 6625.49 6598.2 6560 6547.3 6575.52 6612.89 6653.39 6677.38 6640.98 6558.68 6561.81 6584.12 6601.48 6625.6 
6904.68 6852.47 6875.64 6891.99 6863.35 6850.6 6841.3 6826.43 6839.08 6844.21 6837.92 6826.32 6797.86 6762.56 6754.44 6775.7 6780.35 6774.55 6742.87 6706.79 6716.42 6709.24 6694.06 6691.8 6676.14 6640.23 6637.54 6642.69 6651.09 6603.61 6489.1 6552.97 6624.15 6580.27 6564.19 6575.9 6626.38 6647.82 6659.19 6651.61 6609.73 6572.49 6580.59 6598.7 6614.44 
6795.51 6686.85 6851.84 6904.16 6859.62 6841.04 6839.65 6827.45 6843.03 6849.69 6844.7 6842.51 6802.64 6751 6745.8 6776.02 6768.82 6737.65 6719.75 6689.96 6702.85 6696.56 6658.73 6659.1 6651.9 6652.93 6638.21 6642.35 6655.77 6634.31 6588.81 6618.47 6614.45 6591.25 6572.19 6585.03 6643.26 6648.19 6657.56 6634.09 6648.22 6590.81 6582.01 6596.26 6600.88 
6809.75 6770.88 6862.14 6902.67 6854.45 6828.05 6820.25 6815.42 6833.41 6840.04 6835.76 6823.11 6806.49 6787.15 6769.1 6768.9 6759.23 6746.41 6701.93 6692.81 6674.26 6667.5 6658.81 6640.59 6630.57 6640.81 6642.04 6643.18 6649.73 6633.46 6624.94 6631.75 6618.71 6614.73 6614.14 6615.66 6623.24 6639.11 6634.59 6586.41 6596.66 6598.66 6591.87 6591.29 6590.73 
6712.95 6806.15 6860.03 6919.08 6872.89 6828.7 6810.06 6798.76 6811.68 6822.33 6822.84 6819.18 6817.1 6816.3 6814.55 6764.77 6739.87 6716.63 6700.35 6693.97 6677.35 6674.43 6654.14 6640.53 6637.66 6644.89 6641.35 6629.35 6605.11 6605.7 6604.16 6624.67 6638.49 6662.89 6677.26 6647.12 6656.04 6667.49 6650.59 6575.09 6574.8 6614.59 6596.79 6585.21 6599.39 
6508.44 6574.8 6753.73 6904.25 6884.5 6837.64 6763.24 6763.15 6801.73 6808.24 6806.31 6813.36 6820.48 6838.65 6807.04 6751.34 6728.38 6709.01 6695.01 6673.7 6683.88 6688.5 6656.67 6659.81 6664.85 6660.9 6635.28 6607.86 6593.74 6598.32 6607.1 6611.69 6639.59 6689.35 6699.24 6633.62 6655.3 6654.12 6632.05 6559.76 6560.47 6573.49 6582.17 6586.59 6604.22 
6383.52 6423.37 6599.39 6792.27 6850.49 6855.27 6769.58 6787.44 6805.03 6796.67 6782.63 6771.46 6778.71 6776.8 6805.88 6784.52 6743.44 6710.94 6698.13 6687.63 6687 6693.76 6702.95 6682.07 6666.83 6651.86 6623.57 6597.98 6589.42 6592.86 6594.92 6605.42 6641.13 6689.12 6677.92 6624.91 6584.1 6638.11 6599.77 6541.18 6541.02 6547.37 6563.99 6581.87 6615.51 
6339.62 6363.76 6474.91 6605.62 6722.81 6798.55 6795.82 6796.7 6790.3 6791.21 6775.59 6751.2 6756.37 6760.36 6787.36 6792.37 6768.62 6731.15 6723.05 6717.24 6707.36 6719.85 6694.1 6684.96 6673.38 6644.05 6610.29 6572.7 6563.14 6577.72 6588.47 6617.12 6668.11 6705.75 6644.65 6554.89 6555.93 6551.92 6561.2 6548.41 6540.05 6545.84 6553.26 6570.96 6611.61 
6342.61 6357.95 6409.79 6461.92 6588.46 6732.81 6827.52 6810.3 6816.82 6806.34 6790.8 6777.57 6757.42 6751.44 6771.52 6777.32 6799.35 6796.04 6761.87 6733.57 6713.29 6688.93 6685.65 6682.54 6674.97 6648.82 6612.33 6573.63 6567.93 6564.64 6588.1 6629.31 6681.72 6682.43 6621.04 6540.73 6544.11 6556.66 6552.93 6552.63 6533.5 6535.76 6545.67 6557.75 6592.04 
6359.09 6387.48 6421.21 6446.49 6531.98 6642.22 6771.27 6836.57 6865.16 6824.69 6792.91 6772.24 6752.18 6741.47 6752.82 6767.1 6795.78 6822.49 6777.2 6733.31 6724.1 6699.48 6692.98 6690.51 6694.54 6659.64 6630.3 6594.7 6588.99 6590.03 6591.18 6588.9 6631.51 6675.86 6616.05 6563.15 6577.25 6588.33 6559.66 6550.32 6546.51 6542.99 6545.5 6552.84 6557.72 
