real_craters/C126-500m.grd
DSAA
154 154
-38.29 38.29
-38.29 38.29
7843.1994254183 9678.6763605665
[rows 120 to 149 of 154, columns 67 to 133 of 154]
9281.71 9281.74 9275.44 9261.79 9247.82 9233.89 9220.28 9208.25 9202.37 9194.89 9186.15 9176.22 9171.79 9167.1 9155.62 9144.45 9135.09 9133.21 9134.98 9134.67 9129.6 9120.81 9115.46 9120.98 9114.72 9104.17 9098.1 9094.96 9093.45 9097.72 9093.28 9092.36 9092.79 9088.88 9085.61 9079.38 9096.29 9096.9 9095.2 9093.02 9090.92 9089.12 9087.9 9085.07 9082.46 9081.32 9081.84 9086.35 9095.84 9111.34 9127.69 9142.9 9153.94 9147.99 9139.11 9131.33 9124.3 9121.69 9118.29 9097.76 9083.89 9073.7 9066.21 9058.7 9033.16 8991.85 8967.91
9293.71 9285.07 9278.84 9265.13 9250.1 9236.68 9226.11 9217.35 9211.64 9203.51 9193.82 9184.64 9179.17 9172.45 9163.5 9153.33 9141.57 9139.83 9147.93 9143.9 9138.62 9132.01 9120.18 9116.6 9116.77 9104.22 9104.8 9104.7 9101.93 9105.27 9095.15 9095.01 9093.83 9084.68 9075.73 9073.53 9092.38 9096.58 9095.77 9095.59 9096.62 9097.95 9095.03 9092.86 9090.46 9088.36 9087.22 9085.49 9099.11 9115.04 9129.53 9142.38 9150.62 9143.89 9135.16 9124.18 9113.64 9101.64 9092.37 9085.45 9077.29 9072.2 9071.47 9070.46 9041.67 8987.73 8967.05
9301.26 9303.91 9282.1 9265.11 9251.54 9239.94 9231.56 9227.61 9222.11 9214.26 9204.14 9191.85 9185.88 9178.21 9174.18 9166.75 9159.04 9154.39 9153.53 9150.99 9148.16 9143.53 9131.02 9118.17 9119.16 9118.75 9118.31 9109.58 9106.81 9106.61 9105.85 9091.71 9085.07 9071.61 9066.42 9070.35 9082.25 9090.56 9094.63 9097.64 9100.9 9102.9 9101.24 9099.61 9098.48 9097.79 9097.29 9098.29 9108.6 9120.47 9130.62 9138.12 9137.8 9136.07 9127.99 9117.39 9103.94 9086.96 9075.57 9072.76 9067.15 9061.52 9058.76 9056.45 9021.41 8989.87 8972.4
9301.04 9287.66 9277.14 9264.04 9251.13 9240.02 9233.42 9235.08 9233.13 9224.65 9215.47 9206.78 9200.73 9196.94 9188.64 9181.59 9177.35 9168.37 9159.16 9156.09 9154 9153.34 9142.35 9130.03 9129.81 9126.85 9122.31 9123 9107.2 9100.15 9083.43 9069.73 9058.4 9044.99 9055.35 9067.2 9076.54 9085.65 9094.56 9099.71 9102.58 9106.29 9105.81 9106.19 9107.33 9108.58 9110.77 9116.32 9120.49 9127.6 9132.82 9135.88 9138.47 9130.71 9120.84 9110.76 9098.95 9088.61 9076.07 9065.71 9055.99 9044.63 9032.03 9008.83 8996.13 8992.88 8977.83
9312.36 9288.37 9276.15 9265.1 9248.58 9236.72 9230.36 9234.69 9237.74 9232.77 9225.43 9220.25 9216.01 9206.76 9203.79 9193.01 9182.95 9175.22 9169.71 9163.31 9157.17 9150.19 9148.21 9150.64 9140.47 9140.61 9134.57 9120.68 9098.3 9074.55 9063.81 9056.67 9043.38 9040.27 9050.99 9065.71 9080.18 9089.9 9097.15 9100.11 9102.36 9103.1 9105.23 9110.7 9115.71 9120.16 9124.26 9125.9 9130.92 9135.69 9135.55 9131.53 9123.37 9116.28 9112.93 9105.24 9095.47 9075.83 9071 9060.74 9047.14 9030.58 9011.4 8999.03 8991.9 8992.77 8980.76
9334.81 9295.73 9288.97 9268.28 9248.28 9231.77 9218.64 9229.59 9242.58 9237.87 9231.71 9226.98 9231.45 9233.37 9220.04 9203.78 9187.86 9181.04 9174.11 9165.43 9157.19 9155.02 9147.1 9159.43 9139.09 9133.23 9130.77 9114.32 9089.82 9071.47 9072.07 9065.71 9048.21 9044.29 9055.83 9069.26 9082.46 9095.69 9102.03 9104.37 9104.14 9101.57 9107.49 9116.21 9123.75 9131.12 9138.94 9148.22 9153 9145.69 9137.99 9129.4 9120.73 9113.59 9105.92 9102.24 9097.72 9092.34 9075.52 9059.19 9042.25 9023.62 9003.53 8990.11 8990.59 8989.09 8982.13
9410.31 9371.4 9315.6 9273.7 9244 9224.09 9217.31 9224.1 9237.27 9237.02 9237.54 9242.12 9242.52 9241.57 9231.53 9216.63 9199.38 9190.42 9180.16 9168.2 9155.06 9145.27 9149.14 9131.89 9133.68 9131.28 9117.82 9087.19 9078.96 9079.43 9079.51 9081.11 9070.7 9062.37 9072.29 9078.16 9086.96 9104.74 9108.63 9110.26 9109.42 9110.66 9113.5 9121.64 9131.54 9140.49 9149.59 9157.63 9159.89 9152.09 9141.61 9127.67 9111.67 9099.14 9100.42 9100.46 9099.57 9095.36 9078.6 9059.19 9039.88 9021.4 9004.6 8993.36 8992.07 8990.3 8983.89
9447.56 9395.84 9318.24 9269.05 9236.88 9212.23 9197.87 9204 9216.54 9227.53 9243.16 9249.46 9248.82 9245.67 9239.3 9230.19 9219.56 9200.22 9188.31 9179.89 9164.55 9158.7 9156.65 9150.83 9135.42 9111.72 9077.21 9069.81 9068.32 9067.14 9080.09 9095.02 9102.37 9102.88 9095.51 9089.02 9089.33 9106.6 9115.63 9116.82 9115.46 9112.87 9114.9 9127.06 9137.88 9147.32 9156.23 9162.11 9160.88 9156.24 9143.23 9128.52 9112.03 9100.75 9099.74 9100.26 9099.19 9094.67 9078.65 9059.86 9040.48 9021.81 9006.58 8995.4 8989.75 8988.96 8987.35
9360.93 9315.89 9279.8 9249.45 9222.8 9200.75 9181.22 9183.06 9185.96 9210.34 9237.75 9245.54 9246.45 9246.52 9241.64 9229.83 9215.44 9201.63 9187.24 9174.29 9168.16 9166.02 9159.34 9134.27 9114.86 9096.18 9087.18 9075.71 9071.36 9070.82 9073.28 9078.08 9098.61 9107.35 9105.25 9099.09 9093.32 9115.33 9125.11 9126.21 9125.14 9122.97 9124.8 9136.07 9145.31 9152.99 9160 9166.49 9171.21 9159.94 9144.64 9129.93 9116.14 9104.81 9104.19 9103.58 9099.59 9090.89 9078.31 9061.4 9042.57 9023.7 9007.33 8999.45 8994.38 8991.9 8989.3
9226.82 9222.6 9228.06 9221.47 9209.04 9196.52 9186.27 9180.31 9184.04 9195.26 9207.51 9222.11 9234.79 9244.74 9243.45 9230.49 9213.67 9197.3 9183.93 9173.79 9171.83 9161.46 9142.43 9104.41 9093.78 9091.35 9088.16 9080.3 9076.78 9075.7 9075.88 9080.24 9096.71 9107.08 9111.59 9111.28 9114.1 9132.95 9134.53 9134.14 9136.43 9140.65 9148.1 9148.41 9151.61 9155.13 9159.69 9165.17 9172.16 9157.77 9142.54 9130.7 9121.24 9114.08 9111.39 9109.52 9104.89 9095.37 9080.68 9062.78 9043.99 9025.97 9012.37 9005.78 9002.89 8996.7 8992.12
9174.44 9180.04 9194.12 9198.86 9196.89 9193.26 9189.38 9184.04 9185.98 9187.09 9190.19 9202.37 9217.64 9231.27 9236.14 9218.56 9202.99 9186.83 9174.21 9169.8 9164.19 9140.23 9113.87 9091.6 9087.17 9092.5 9078.96 9080.21 9078.31 9078.21 9080.91 9088.51 9096.41 9111.17 9119.79 9120.45 9125.07 9129.99 9133.6 9138.82 9144.62 9151.48 9157.65 9157.87 9156.1 9154.79 9153.37 9152.15 9145.28 9139.21 9134.43 9129.27 9124.32 9119.57 9117.06 9116.12 9114.27 9103.94 9083.97 9063.75 9044.79 9026.63 9010.89 9005.04 9004.29 8999.62 8995.16
9177.99 9174.06 9179.91 9186.9 9190 9189.07 9187.01 9185.53 9183.72 9180.02 9175.12 9185.61 9198.44 9209.61 9214.97 9210.83 9189.09 9169.1 9154.08 9141.91 9131.26 9113.19 9099.33 9092.99 9091.32 9093.72 9082.4 9080.81 9077.91 9078.2 9081.84 9089.22 9097.68 9109.17 9117.79 9121.55 9126.04 9130.36 9135.9 9141.27 9147.34 9155.17 9163.16 9161.01 9156.41 9152.59 9147.86 9140.08 9127.33 9124.34 9127.66 9127.71 9127.07 9125.5 9123.54 9120.01 9114.37 9102.44 9082.81 9063.3 9044.15 9028.25 9015.78 9010.08 9009.96 9003.64 9001.09
9175.63 9174.15 9177.74 9180.99 9185.66 9190.76 9189.7 9184.68 9179.45 9176.24 9175.3 9175.57 9178.69 9181.14 9181.29 9169.6 9159.18 9145.76 9130.18 9108.61 9098.61 9100.25 9098.66 9097.9 9093.06 9088.63 9087.18 9084.7 9080.75 9080.25 9081.06 9082.04 9094.07 9104.97 9114.95 9116.34 9120.17 9123.4 9131.86 9138.15 9145.71 9152.64 9159.14 9156.95 9154.59 9150.88 9144.8 9135.99 9126.74 9123.03 9125.15 9127.65 9129.95 9132.42 9130.56 9121.57 9110.07 9096.72 9080.29 9061.81 9042.97 9028.09 9018.13 9013.23 9010.8 9009.35 9011.6
9177.17 9177.02 9179.34 9181.47 9184.32 9188.08 9187.01 9182.31 9177.82 9175.01 9171.18 9165.63 9160.13 9151.27 9134.34 9125.79 9127.23 9123.34 9114.11 9105.57 9103.84 9110.44 9108.56 9104.31 9099.9 9091.37 9089.24 9086.62 9085.47 9083.76 9084.27 9088.39 9095.28 9099.58 9102.35 9108.03 9111.44 9113.49 9122 9133.22 9141.6 9146.74 9144.73 9149.83 9154.5 9151.38 9144.9 9137.08 9129.37 9124.89 9124.94 9126.89 9130.17 9132.84 9130.33 9120.67 9110.09 9095.59 9079.47 9061.99 9044.32 9027.54 9020.92 9022.8 9021.25 9020.48 9020.58
9177.62 9178.15 9179.38 9181.42 9184.13 9185.38 9182.08 9177.78 9174.39 9172.49 9166.73 9155.03 9144.83 9134.6 9124.57 9113.6 9112.68 9109.73 9105.57 9102.76 9107.88 9112.22 9111.69 9108.63 9109.09 9099.95 9092.71 9088.16 9084.53 9086.22 9088.35 9089.1 9092.98 9095.41 9098.69 9101.03 9104.95 9110.26 9123.09 9129.32 9138.07 9146.62 9152.16 9158.03 9160.74 9157.47 9150.35 9141.11 9132.25 9125.24 9125.23 9125.83 9126.57 9126.88 9123.72 9115.79 9107.79 9093.25 9078.76 9064.87 9051.26 9037.1 9047.18 9068.18 9059.77 9045.57 9031.04
9172.64 9176 9178.59 9180.96 9181.81 9181.86 9175.5 9169.46 9164.7 9161.69 9151.85 9140.04 9130.75 9123.28 9116.26 9110.78 9107.39 9104 9100.34 9097.49 9105.81 9104.81 9104.87 9104.92 9104.91 9099.26 9094.37 9094.38 9088.57 9089.25 9092.25 9094.74 9091.89 9094.28 9092.68 9095.2 9100.62 9104.43 9110.85 9119.04 9134.05 9149.75 9165.51 9175.56 9172.31 9165.48 9156.08 9146.81 9137.56 9130.55 9126.4 9124.17 9122.01 9120.31 9118.07 9106.17 9096.53 9087.29 9077.77 9069.7 9064.72 9066.97 9092.73 9111.2 9104.57 9087.8 9069.37
9170.65 9173.59 9176 9178.04 9178.48 9174.01 9167.4 9157.44 9146.39 9134.53 9126.15 9122.07 9117.55 9112.94 9111.39 9109.8 9105.62 9101.75 9097.85 9093.84 9090.24 9093.78 9095.94 9095.28 9091.37 9087.75 9089.07 9088.79 9092.17 9091.99 9093.9 9098.24 9104.19 9098.78 9093.11 9095.32 9100.18 9101.78 9094.54 9106.28 9128.11 9150.54 9173.49 9187.51 9183.62 9174.71 9163.43 9152.85 9142.48 9132.67 9127.97 9122.94 9117.13 9110.69 9100.44 9092.64 9084.39 9080.15 9075.55 9072.59 9073.67 9083.1 9088.21 9100.15 9107.77 9108.8 9103.47
9169.74 9170.15 9172.16 9174.64 9176.41 9172.08 9159.98 9144.8 9127.92 9107.64 9105.57 9107.03 9106.63 9104.84 9103.95 9107.69 9105.63 9102.32 9098.11 9093.67 9092.9 9093.2 9090.9 9087.14 9082.28 9077.91 9082.1 9089.3 9092.57 9093.12 9093.85 9097.28 9100.87 9105.99 9107.95 9108.36 9105.1 9096.68 9091.53 9097.96 9119.81 9145.74 9173.33 9191.76 9189.11 9180.11 9169.83 9159.31 9148.57 9138.5 9130.75 9122.95 9113.86 9103.19 9089.19 9081.77 9078.52 9074.85 9073.62 9074.07 9075.65 9078.15 9080.8 9083.14 9101.51 9114.28 9110.55
9165.17 9164.58 9165.13 9167.92 9172.05 9168.61 9151.03 9133.8 9117.39 9105.84 9099.1 9098.78 9098.82 9097.78 9098.78 9104.83 9105.01 9103.1 9100.93 9097.77 9097.25 9093.7 9089.8 9084.33 9078.33 9075.43 9080.92 9086.4 9089.23 9092.89 9099.31 9101.9 9105.65 9116.58 9132.86 9139.61 9114.16 9087.04 9065.89 9083.75 9108.94 9138.27 9165.45 9184.7 9186.71 9181.67 9173.88 9164.17 9153.72 9142.42 9134.44 9124.73 9113.31 9100.69 9087.24 9074.46 9067.95 9070.41 9073.11 9076.23 9079.39 9080.65 9086.27 9095.08 9098.58 9101.88 9100.2
9156.51 9155.28 9154.43 9153.51 9154.34 9151.05 9136.49 9122.24 9107.74 9093.75 9094.37 9094.64 9094.64 9094.02 9094.09 9100.36 9103.68 9104.13 9104.29 9106.14 9101.43 9095.17 9091.36 9086.66 9079.95 9081.89 9083.3 9083.62 9086.55 9092.56 9096.13 9102.3 9109.66 9124.39 9143.35 9146.82 9121.91 9088.01 9060.16 9070.62 9099.32 9128.46 9155.2 9174.88 9180.5 9180.18 9174.94 9167.31 9158.23 9147.93 9138.5 9127.9 9115.88 9103.14 9090.94 9076.48 9067.66 9070.59 9075.59 9080.28 9085.24 9091.58 9090.23 9097.23 9093.6 9090.1 9089.21
9147.79 9146.03 9142.41 9136.48 9125.74 9121.92 9119.59 9111.64 9101.85 9094.16 9092.04 9092.42 9093.49 9094.14 9093.29 9100.01 9104.29 9106.01 9106.08 9106.89 9110.12 9099.13 9096.61 9093.59 9091.31 9087.51 9090.54 9093.43 9094.69 9095.94 9097.9 9104.55 9111.42 9126.75 9147.02 9150.97 9131.24 9098.18 9067.7 9063.52 9089.51 9121.28 9147.65 9167.08 9176.05 9177.92 9174.55 9169.09 9161.52 9151.21 9143.52 9132.01 9119.2 9106.14 9094.12 9079.72 9071.31 9074.77 9080.15 9084.8 9088.49 9089.65 9093.4 9090.78 9084.84 9077.42 9077.65
9141.96 9138.62 9133.82 9125.79 9115.23 9110.95 9109.44 9105.13 9099.4 9095.75 9090.93 9091.84 9094.8 9099.35 9106.44 9104.96 9107.4 9109.39 9109.71 9111.15 9115.43 9110.19 9104.67 9101.33 9099.31 9099.41 9098.79 9100.35 9103.31 9104.25 9107.69 9113.72 9118.22 9132.15 9157.91 9173.31 9144.5 9109.17 9078.52 9068.18 9090.32 9119.95 9144.3 9164.02 9172.73 9175.14 9173.39 9169.15 9163.54 9156.4 9147.92 9136.7 9122.99 9109.23 9094.92 9081.7 9079.44 9082.78 9087.32 9091.21 9093.89 9098.41 9095.63 9086.7 9080.34 9075.47 9075.44
9137.29 9134.03 9128.94 9122.1 9113.86 9109.43 9106.32 9102.02 9096.89 9093.23 9090.29 9092.04 9096.1 9102.02 9107.82 9108.75 9112.65 9116.03 9116.97 9119.52 9125.56 9116.26 9113.06 9109.86 9105.31 9104.54 9106.11 9109.66 9110.68 9114.63 9120.46 9128.91 9141.77 9158.77 9169.09 9170.59 9148.31 9116.15 9087.65 9080.43 9096.01 9122.71 9143.62 9159.23 9167.53 9171.7 9170.72 9167.49 9163.17 9158.57 9152.67 9139.71 9126.36 9113.74 9101.28 9092.62 9091.88 9093.67 9096.92 9099.78 9100.69 9099.89 9092.42 9082.44 9080.02 9079.96 9080.93
9134.49 9131.8 9128.22 9123.51 9118.37 9112.33 9107.41 9102.28 9097.16 9093.39 9090.05 9093.48 9096.54 9101.13 9108.67 9114.7 9121.02 9124.96 9128.57 9132.7 9135.82 9123.69 9121.91 9121.14 9116.27 9109.99 9112.93 9119.55 9124.33 9121.76 9127.57 9140.74 9158.42 9173.61 9174.59 9167.58 9148.58 9120.34 9092.8 9087.14 9106.42 9130.34 9147.06 9159.51 9165.62 9168.86 9166.88 9163.39 9159.05 9153.76 9152.08 9138.04 9128.85 9120.49 9111.2 9103.63 9103.37 9105.9 9108.48 9110.51 9111.78 9104.94 9097.33 9090.86 9084.25 9079.38 9087.39
9133.83 9131.9 9130.28 9127.62 9123.58 9117.07 9110.64 9104.79 9099.56 9097.03 9098.26 9098.09 9098.27 9097.51 9104.02 9120.65 9129.87 9132.54 9135.5 9136.66 9135.74 9133.39 9130.87 9129.07 9123.05 9119.78 9122.65 9126.52 9131.11 9127.11 9131.88 9146.93 9162.85 9173.91 9175.39 9170.16 9152.54 9125.2 9102.67 9101.37 9123.39 9141.55 9152.64 9161.86 9166.82 9166.4 9163.72 9159.56 9153.39 9145.2 9134.35 9132.35 9132.53 9130.55 9125.67 9120.35 9118.95 9120.92 9122.08 9122.15 9122.14 9116.95 9112.12 9105.23 9098.8 9093.21 9096.09
9135.72 9134.07 9132.18 9130.34 9128.63 9120.64 9113.92 9108.54 9105.31 9102.88 9104.1 9104.52 9104.1 9102.82 9108.36 9122.5 9131.97 9135.46 9140.04 9139.81 9138.21 9138.71 9136.66 9133.03 9128.93 9124 9127.94 9135.44 9134.97 9133.15 9138.87 9150.69 9163.88 9174.1 9171.25 9163.84 9148.18 9128.05 9114.93 9127.01 9146.08 9153.08 9158.03 9162.67 9166.38 9163.71 9160.77 9157.06 9151.19 9142.47 9128.83 9133.25 9141.16 9144.32 9145.54 9143.45 9138.81 9139.31 9138.5 9134.81 9126.65 9123.09 9120.97 9118.29 9118.86 9119.08 9111.19
9139.53 9136.9 9133.87 9129.55 9125.5 9122.81 9117.8 9112.69 9109.03 9110.62 9112.66 9114.61 9113.9 9113.58 9114.16 9116.9 9121.97 9132.99 9144.87 9142.68 9140.32 9140.06 9140.99 9141 9128.65 9130.52 9133.26 9137.79 9139.24 9134.8 9143.14 9152.5 9161.25 9167.42 9160.51 9145.71 9131.23 9130.56 9129.14 9139.04 9154.43 9159.44 9160.9 9161.74 9161.71 9159.99 9158.62 9157.54 9155.11 9151.02 9148.5 9152.2 9156.53 9159.88 9163.99 9166.85 9161.26 9158.81 9157.15 9153.02 9144.31 9135.43 9129.82 9128.6 9126.12 9124.32 9123.45
9142.11 9139.01 9136.15 9132.57 9129.84 9127.23 9123.84 9118.77 9116.06 9120.67 9126.5 9126.86 9124.44 9123.81 9119.48 9113.89 9113.25 9127.2 9146.58 9147.27 9147.6 9147.99 9149.5 9149.51 9140.43 9139.36 9140.22 9142.88 9146 9146.81 9150.62 9153.86 9156.01 9153.83 9149.77 9143.74 9138.98 9140.34 9143.55 9149.96 9158.86 9161.79 9161.7 9159.76 9156.27 9156.35 9158.54 9159.68 9161.3 9164.56 9172.22 9175.17 9171.73 9172.71 9176.21 9178.08 9177.33 9175.89 9176.06 9175.7 9169.94 9159.2 9149.57 9146.06 9142.11 9140.12 9138.81
9144.08 9140.08 9137.42 9137.57 9135.85 9133.72 9133.26 9130.19 9125.02 9131.56 9133.93 9133.65 9131.99 9131.95 9127.11 9119.99 9112.03 9119.49 9126.43 9142.39 9154.37 9162.05 9160.07 9149.68 9154.15 9150.65 9149.86 9149.26 9149.08 9152.27 9155.24 9155.03 9153.88 9150.45 9149.21 9151.06 9153.84 9153.59 9155.58 9159.61 9160.86 9161.45 9162.09 9158.94 9154.06 9155.74 9159.87 9162.6 9165.85 9171.51 9178.95 9181.94 9178.72 9178.82 9183.86 9187.03 9185.82 9189.24 9192.25 9197.58 9202.21 9182.67 9172.71 9169.64 9167.87 9165.84 9164.65
9147.11 9142.45 9136.99 9132.29 9135.22 9139.9 9144.83 9150.47 9154.04 9146.54 9143.68 9142.2 9140.27 9133.72 9137.96 9138.79 9140.96 9132 9121.76 9140.6 9162.38 9179.6 9183.34 9164.48 9163.54 9166.33 9160.57 9156.61 9152.15 9157.23 9158.11 9157.76 9156.51 9154.41 9154.31 9158.4 9162.06 9162.94 9164.32 9167.4 9161.48 9164.04 9164.91 9163.15 9160.12 9161.27 9164.01 9165.42 9167.67 9171.89 9177.48 9180.63 9176.92 9175.94 9180.78 9188.36 9194.85 9198.9 9202.64 9206.59 9208.94 9200.97 9192.53 9192.61 9196.18 9192.65 9189.11
